01/01/2000,TVC,MI,AGL,CE,Towers with Display (VFR),4,28,11,0,43,2,1,22,2,27,6,29,33,2,70,68,0,68,138
01/02/2000,TVC,MI,AGL,CE,Towers with Display (VFR),4,29,15,0,48,0,0,12,0,12,4,29,27,0,60,0,0,0,60
01/03/2000,TVC,MI,AGL,CE,Towers with Display (VFR),5,39,15,0,59,0,10,13,4,27,5,49,28,4,86,48,0,48,134
01/04/2000,TVC,MI,AGL,CE,Towers with Display (VFR),4,42,17,0,63,0,12,7,19,38,4,54,24,19,101,24,50,74,175
01/05/2000,TVC,MI,AGL,CE,Towers with Display (VFR),5,66,25,1,97,0,19,80,9,108,5,85,105,10,205,172,28,200,405
01/06/2000,TVC,MI,AGL,CE,Towers with Display (VFR),5,48,19,0,72,0,14,5,4,23,5,62,24,4,95,14,6,20,115
01/07/2000,TVC,MI,AGL,CE,Towers with Display (VFR),4,46,15,0,65,0,10,0,4,14,4,56,15,4,79,44,0,44,123
01/08/2000,TVC,MI,AGL,CE,Towers with Display (VFR),4,34,13,0,51,0,7,69,4,80,4,41,82,4,131,9,8,17,148
01/09/2000,TVC,MI,AGL,CE,Towers with Display (VFR),2,28,11,1,42,2,0,23,2,27,4,28,34,3,69,24,58,82,151
01/10/2000,TVC,MI,AGL,CE,Towers with Display (VFR),4,45,17,1,67,1,11,0,3,15,5,56,17,4,82,26,0,26,108
01/11/2000,TVC,MI,AGL,CE,Towers with Display (VFR),5,48,19,1,73,0,12,5,1,18,5,60,24,2,91,48,0,48,139
01/12/2000,TVC,MI,AGL,CE,Towers with Display (VFR),4,47,18,1,70,0,12,21,6,39,4,59,39,7,109,68,14,82,191
01/13/2000,TVC,MI,AGL,CE,Towers with Display (VFR),5,52,20,1,78,0,17,50,11,78,5,69,70,12,156,100,50,150,306
01/14/2000,TVC,MI,AGL,CE,Towers with Display (VFR),5,72,27,2,106,0,0,62,8,70,5,72,89,10,176,112,12,124,300
01/15/2000,TVC,MI,AGL,CE,Towers with Display (VFR),4,40,14,1,59,0,13,30,1,44,4,53,44,2,103,132,0,132,235
01/16/2000,TVC,MI,AGL,CE,Towers with Display (VFR),3,35,12,1,51,1,8,19,8,36,4,43,31,9,87,22,8,30,117
01/17/2000,TVC,MI,AGL,CE,Towers with Display (VFR),5,52,19,1,77,0,15,63,5,83,5,67,82,6,160,234,30,264,424
01/18/2000,TVC,MI,AGL,CE,Towers with Display (VFR),4,44,11,0,59,1,5,0,0,6,5,49,11,0,65,0,0,0,65
01/19/2000,TVC,MI,AGL,CE,Towers with Display (VFR),5,56,5,0,66,0,41,0,0,41,5,97,5,0,107,168,30,198,305
01/20/2000,TVC,MI,AGL,CE,Towers with Display (VFR),2,25,9,0,36,1,35,17,0,53,3,60,26,0,89,18,0,18,107
01/21/2000,TVC,MI,AGL,CE,Towers with Display (VFR),5,55,23,2,85,0,0,21,6,27,5,55,44,8,112,18,8,26,138
01/22/2000,TVC,MI,AGL,CE,Towers with Display (VFR),3,35,13,1,52,2,6,27,2,37,5,41,40,3,89,64,0,64,153
01/23/2000,TVC,MI,AGL,CE,Towers with Display (VFR),3,29,8,0,40,3,0,0,0,3,6,29,8,0,43,0,0,0,43
01/24/2000,TVC,MI,AGL,CE,Towers with Display (VFR),4,43,16,1,64,1,7,75,7,90,5,50,91,8,154,248,44,292,446
01/25/2000,TVC,MI,AGL,CE,Towers with Display (VFR),5,63,22,2,92,0,2,34,4,40,5,65,56,6,132,90,40,130,262
01/26/2000,TVC,MI,AGL,CE,Towers with Display (VFR),5,54,21,1,81,0,0,6,5,11,5,54,27,6,92,0,30,30,122
01/27/2000,TVC,MI,AGL,CE,Towers with Display (VFR),5,55,20,1,81,0,8,112,8,128,5,63,132,9,209,170,48,218,427
01/28/2000,TVC,MI,AGL,CE,Towers with Display (VFR),5,49,18,1,73,0,24,165,14,203,5,73,183,15,276,232,28,260,536
01/29/2000,TVC,MI,AGL,CE,Towers with Display (VFR),4,37,14,0,55,1,8,135,1,145,5,45,149,1,200,332,0,332,532
01/30/2000,TVC,MI,AGL,CE,Towers with Display (VFR),2,26,10,0,38,2,6,10,2,20,4,32,20,2,58,20,36,56,114
01/31/2000,TVC,MI,AGL,CE,Towers with Display (VFR),5,56,25,1,87,0,0,47,8,55,5,56,72,9,142,38,88,126,268
02/01/2000,TVC,MI,AGL,CE,Towers with Display (VFR),6,57,22,0,85,0,29,12,16,57,6,86,34,16,142,66,52,118,260
02/02/2000,TVC,MI,AGL,CE,Towers with Display (VFR),5,60,23,0,88,0,2,160,8,170,5,62,183,8,258,236,22,258,516
02/03/2000,TVC,MI,AGL,CE,Towers with Display (VFR),5,58,23,0,86,0,0,2,2,4,5,58,25,2,90,0,0,0,90
02/04/2000,TVC,MI,AGL,CE,Towers with Display (VFR),5,62,24,0,91,0,5,108,7,120,5,67,132,7,211,286,0,286,497
02/05/2000,TVC,MI,AGL,CE,Towers with Display (VFR),4,39,15,0,58,1,13,49,4,67,5,52,64,4,125,136,54,190,315
02/06/2000,TVC,MI,AGL,CE,Towers with Display (VFR),4,36,14,0,54,1,4,51,2,58,5,40,65,2,112,36,8,44,156
02/07/2000,TVC,MI,AGL,CE,Towers with Display (VFR),5,46,18,0,69,0,13,72,14,99,5,59,90,14,168,196,90,286,454
02/08/2000,TVC,MI,AGL,CE,Towers with Display (VFR),4,52,20,0,76,0,13,110,0,123,4,65,130,0,199,216,82,298,497
02/09/2000,TVC,MI,AGL,CE,Towers with Display (VFR),5,52,20,1,78,0,20,45,5,70,5,72,65,6,148,208,82,290,438
02/10/2000,TVC,MI,AGL,CE,Towers with Display (VFR),3,42,8,0,53,0,10,0,0,10,3,52,8,0,63,0,0,0,63
02/11/2000,TVC,MI,AGL,CE,Towers with Display (VFR),5,62,24,1,92,0,0,80,15,95,5,62,104,16,187,204,24,228,415
02/12/2000,TVC,MI,AGL,CE,Towers with Display (VFR),3,38,15,1,57,2,11,71,1,85,5,49,86,2,142,118,0,118,260
02/13/2000,TVC,MI,AGL,CE,Towers with Display (VFR),2,28,10,0,40,3,3,0,0,6,5,31,10,0,46,14,0,14,60
02/14/2000,TVC,MI,AGL,CE,Towers with Display (VFR),4,43,16,1,64,1,8,67,13,89,5,51,83,14,153,216,86,302,455
02/15/2000,TVC,MI,AGL,CE,Towers with Display (VFR),4,47,19,1,71,1,10,46,5,62,5,57,65,6,133,216,22,238,371
02/16/2000,TVC,MI,AGL,CE,Towers with Display (VFR),5,55,19,1,80,0,4,98,13,115,5,59,117,14,195,204,12,216,411
02/17/2000,TVC,MI,AGL,CE,Towers with Display (VFR),5,58,21,1,85,0,7,99,10,116,5,65,120,11,201,220,0,220,421
02/18/2000,TVC,MI,AGL,CE,Towers with Display (VFR),1,49,18,1,69,0,21,76,4,101,1,70,94,5,170,182,62,244,414
02/19/2000,TVC,MI,AGL,CE,Towers with Display (VFR),3,38,13,1,55,0,9,42,1,52,3,47,55,2,107,134,8,142,249
02/20/2000,TVC,MI,AGL,CE,Towers with Display (VFR),3,32,11,1,47,2,2,36,1,41,5,34,47,2,88,110,28,138,226
02/21/2000,TVC,MI,AGL,CE,Towers with Display (VFR),5,55,20,1,81,1,0,155,1,157,6,55,175,2,238,332,12,344,582
02/22/2000,TVC,MI,AGL,CE,Towers with Display (VFR),5,55,19,1,80,0,30,156,10,196,5,85,175,11,276,304,44,348,624
02/23/2000,TVC,MI,AGL,CE,Towers with Display (VFR),6,71,27,0,104,0,1,122,8,131,6,72,149,8,235,256,18,274,509
02/24/2000,TVC,MI,AGL,CE,Towers with Display (VFR),5,54,20,0,79,0,6,49,2,57,5,60,69,2,136,174,62,236,372
02/25/2000,TVC,MI,AGL,CE,Towers with Display (VFR),2,49,24,0,75,0,0,56,3,59,2,49,80,3,134,154,4,158,292
02/26/2000,TVC,MI,AGL,CE,Towers with Display (VFR),4,45,17,0,66,1,13,28,4,46,5,58,45,4,112,78,0,78,190
02/27/2000,TVC,MI,AGL,CE,Towers with Display (VFR),3,32,12,0,47,2,1,1,0,4,5,33,13,0,51,34,0,34,85
02/28/2000,TVC,MI,AGL,CE,Towers with Display (VFR),4,48,19,0,71,1,12,100,9,122,5,60,119,9,193,256,20,276,469
02/29/2000,TVC,MI,AGL,CE,Towers with Display (VFR),5,59,23,0,87,0,0,93,13,106,5,59,116,13,193,94,34,128,321
03/01/2000,TVC,MI,AGL,CE,Towers with Display (VFR),5,58,25,0,88,0,35,134,8,177,5,93,159,8,265,254,10,264,529
03/02/2000,TVC,MI,AGL,CE,Towers with Display (VFR),5,52,22,0,79,0,6,107,13,126,5,58,129,13,205,242,14,256,461
03/03/2000,TVC,MI,AGL,CE,Towers with Display (VFR),5,53,23,0,81,0,12,126,6,144,5,65,149,6,225,189,0,189,414
03/04/2000,TVC,MI,AGL,CE,Towers with Display (VFR),5,42,18,0,65,0,5,151,6,162,5,47,169,6,227,174,40,214,441
03/05/2000,TVC,MI,AGL,CE,Towers with Display (VFR),3,29,13,0,45,2,24,100,5,131,5,53,113,5,176,150,46,196,372
03/06/2000,TVC,MI,AGL,CE,Towers with Display (VFR),5,46,19,0,70,0,3,156,10,169,5,49,175,10,239,258,22,280,519
03/07/2000,TVC,MI,AGL,CE,Towers with Display (VFR),4,59,25,0,88,0,9,160,10,179,4,68,185,10,267,356,36,392,659
03/08/2000,TVC,MI,AGL,CE,Towers with Display (VFR),6,48,20,0,74,0,15,93,10,118,6,63,113,10,192,246,44,290,482
03/09/2000,TVC,MI,AGL,CE,Towers with Display (VFR),5,49,12,0,66,0,10,0,4,14,5,59,12,4,80,0,4,4,84
03/10/2000,TVC,MI,AGL,CE,Towers with Display (VFR),5,49,21,0,75,0,19,56,4,79,5,68,77,4,154,148,4,152,306
03/11/2000,TVC,MI,AGL,CE,Towers with Display (VFR),4,36,16,0,56,1,5,70,3,79,5,41,86,3,135,164,0,164,299
03/12/2000,TVC,MI,AGL,CE,Towers with Display (VFR),4,32,13,0,49,1,15,71,4,91,5,47,84,4,140,118,10,128,268
03/13/2000,TVC,MI,AGL,CE,Towers with Display (VFR),5,42,17,0,64,0,10,15,16,41,5,52,32,16,105,74,70,144,249
03/14/2000,TVC,MI,AGL,CE,Towers with Display (VFR),5,52,22,1,80,0,8,83,8,99,5,60,105,9,179,344,2,346,525
03/15/2000,TVC,MI,AGL,CE,Towers with Display (VFR),5,58,23,1,87,0,7,6,1,14,5,65,29,2,101,0,0,0,101
03/16/2000,TVC,MI,AGL,CE,Towers with Display (VFR),5,53,21,1,80,0,11,110,6,127,5,64,131,7,207,254,0,254,461
03/17/2000,TVC,MI,AGL,CE,Towers with Display (VFR),5,56,22,1,84,0,13,170,7,190,5,69,192,8,274,330,14,344,618
03/18/2000,TVC,MI,AGL,CE,Towers with Display (VFR),4,37,15,1,57,1,0,114,23,138,5,37,129,24,195,264,44,308,503
03/19/2000,TVC,MI,AGL,CE,Towers with Display (VFR),3,30,13,1,47,2,0,19,1,22,5,30,32,2,69,10,18,28,97
03/20/2000,TVC,MI,AGL,CE,Towers with Display (VFR),4,46,12,1,63,3,5,0,15,23,7,51,12,16,86,12,0,12,98
03/21/2000,TVC,MI,AGL,CE,Towers with Display (VFR),5,58,26,1,90,0,0,62,7,69,5,58,88,8,159,138,56,194,353
03/22/2000,TVC,MI,AGL,CE,Towers with Display (VFR),5,61,28,1,95,0,0,76,1,77,5,61,104,2,172,172,24,196,368
03/23/2000,TVC,MI,AGL,CE,Towers with Display (VFR),5,64,26,1,96,0,5,134,17,156,5,69,160,18,252,368,10,378,630
03/24/2000,TVC,MI,AGL,CE,Towers with Display (VFR),5,60,24,1,90,0,8,122,9,139,5,68,146,10,229,160,38,198,427
03/25/2000,TVC,MI,AGL,CE,Towers with Display (VFR),3,39,15,1,58,2,3,25,1,31,5,42,40,2,89,10,0,10,99
03/26/2000,TVC,MI,AGL,CE,Towers with Display (VFR),2,29,11,0,42,3,5,54,0,62,5,34,65,0,104,52,0,52,156
03/27/2000,TVC,MI,AGL,CE,Towers with Display (VFR),4,45,18,1,68,1,7,22,12,42,5,52,40,13,110,24,24,48,158
03/28/2000,TVC,MI,AGL,CE,Towers with Display (VFR),4,46,19,0,69,1,13,28,7,49,5,59,47,7,118,56,56,112,230
03/29/2000,TVC,MI,AGL,CE,Towers with Display (VFR),5,51,21,0,77,0,11,45,10,66,5,62,66,10,143,70,40,110,253
03/30/2000,TVC,MI,AGL,CE,Towers with Display (VFR),5,56,23,0,84,0,16,89,6,111,5,72,112,6,195,132,0,132,327
03/31/2000,TVC,MI,AGL,CE,Towers with Display (VFR),5,57,24,0,86,0,2,8,2,12,5,59,32,2,98,42,36,78,176
04/01/2000,TVC,MI,AGL,CE,Towers with Display (VFR),5,37,17,0,59,0,7,73,2,82,5,44,90,2,141,96,0,96,237
04/02/2000,TVC,MI,AGL,CE,Towers with Display (VFR),4,35,17,0,56,0,0,43,6,49,4,35,60,6,105,20,12,32,137
04/03/2000,TVC,MI,AGL,CE,Towers with Display (VFR),7,45,21,0,73,2,17,38,2,59,9,62,59,2,132,182,30,212,344
04/04/2000,TVC,MI,AGL,CE,Towers with Display (VFR),7,45,21,0,73,0,17,18,7,42,7,62,39,7,115,20,2,22,137
04/05/2000,TVC,MI,AGL,CE,Towers with Display (VFR),6,48,22,0,76,0,16,168,6,190,6,64,190,6,266,370,24,394,660
04/06/2000,TVC,MI,AGL,CE,Towers with Display (VFR),7,49,22,0,78,0,8,31,6,45,7,57,53,6,123,66,16,82,205
04/07/2000,TVC,MI,AGL,CE,Towers with Display (VFR),5,46,21,0,72,0,12,73,1,86,5,58,94,1,158,296,0,296,454
04/08/2000,TVC,MI,AGL,CE,Towers with Display (VFR),6,38,17,0,61,1,1,40,3,45,7,39,57,3,106,100,0,100,206
04/09/2000,TVC,MI,AGL,CE,Towers with Display (VFR),4,29,13,1,47,3,2,1,3,9,7,31,14,4,56,0,0,0,56
04/10/2000,TVC,MI,AGL,CE,Towers with Display (VFR),6,47,22,1,76,0,11,115,11,137,6,58,137,12,213,200,68,268,481
04/11/2000,TVC,MI,AGL,CE,Towers with Display (VFR),7,60,27,1,95,0,4,101,7,112,7,64,128,8,207,282,44,326,533
04/12/2000,TVC,MI,AGL,CE,Towers with Display (VFR),6,48,22,1,77,0,13,107,22,142,6,61,129,23,219,190,40,230,449
04/13/2000,TVC,MI,AGL,CE,Towers with Display (VFR),6,47,22,1,76,1,12,105,8,126,7,59,127,9,202,232,0,232,434
04/14/2000,TVC,MI,AGL,CE,Towers with Display (VFR),5,54,25,1,85,0,16,121,42,179,5,70,146,43,264,188,8,196,460
04/15/2000,TVC,MI,AGL,CE,Towers with Display (VFR),6,44,20,1,71,0,0,8,3,11,6,44,28,4,82,0,0,0,82
04/16/2000,TVC,MI,AGL,CE,Towers with Display (VFR),4,27,14,1,46,1,0,6,0,7,5,27,20,1,53,0,0,0,53
04/17/2000,TVC,MI,AGL,CE,Towers with Display (VFR),6,46,19,1,72,1,13,92,8,114,7,59,111,9,186,270,30,300,486
04/18/2000,TVC,MI,AGL,CE,Towers with Display (VFR),7,64,28,1,100,0,4,163,5,172,7,68,191,6,272,310,0,310,582
04/19/2000,TVC,MI,AGL,CE,Towers with Display (VFR),7,59,25,1,92,0,0,124,3,127,7,59,149,4,219,304,44,348,567
04/20/2000,TVC,MI,AGL,CE,Towers with Display (VFR),3,45,19,0,67,0,2,21,0,23,3,47,40,0,90,0,0,0,90
04/21/2000,TVC,MI,AGL,CE,Towers with Display (VFR),7,52,22,1,82,0,11,67,5,83,7,63,89,6,165,214,40,254,419
04/22/2000,TVC,MI,AGL,CE,Towers with Display (VFR),5,38,16,1,60,1,11,191,4,207,6,49,207,5,267,166,36,202,469
04/23/2000,TVC,MI,AGL,CE,Towers with Display (VFR),4,27,11,1,43,3,5,68,7,83,7,32,79,8,126,86,30,116,242
04/24/2000,TVC,MI,AGL,CE,Towers with Display (VFR),6,51,22,1,80,1,10,142,11,164,7,61,164,12,244,246,68,314,558
04/25/2000,TVC,MI,AGL,CE,Towers with Display (VFR),0,7,22,1,30,0,0,42,162,204,0,7,64,163,234,8,260,268,502
04/26/2000,TVC,MI,AGL,CE,Towers with Display (VFR),7,54,23,1,85,0,7,162,0,169,7,61,185,1,254,294,0,294,548
04/27/2000,TVC,MI,AGL,CE,Towers with Display (VFR),6,48,21,0,75,0,9,136,9,154,6,57,157,9,229,192,4,196,425
04/28/2000,TVC,MI,AGL,CE,Towers with Display (VFR),0,5,22,0,27,0,0,35,134,169,0,5,57,134,196,5,248,253,449
04/29/2000,TVC,MI,AGL,CE,Towers with Display (VFR),0,8,21,0,29,0,0,19,121,140,0,8,40,121,169,11,132,143,312
04/30/2000,TVC,MI,AGL,CE,Towers with Display (VFR),4,28,15,0,47,3,0,94,3,100,7,28,109,3,147,54,0,54,201
05/01/2000,TVC,MI,AGL,CE,Towers with Display (VFR),7,51,31,0,89,0,1,40,2,43,7,52,71,2,132,68,0,68,200
05/02/2000,TVC,MI,AGL,CE,Towers with Display (VFR),6,48,29,0,83,0,13,124,10,147,6,61,153,10,230,244,2,246,476
05/03/2000,TVC,MI,AGL,CE,Towers with Display (VFR),7,44,27,0,78,0,14,113,14,141,7,58,140,14,219,196,40,236,455
05/04/2000,TVC,MI,AGL,CE,Towers with Display (VFR),8,48,29,0,85,2,20,85,1,108,10,68,114,1,193,90,0,90,283
05/05/2000,TVC,MI,AGL,CE,Towers with Display (VFR),8,61,37,0,106,0,2,110,8,120,8,63,147,8,226,296,0,296,522
05/06/2000,TVC,MI,AGL,CE,Towers with Display (VFR),6,39,24,0,69,2,15,82,3,102,8,54,106,3,171,96,0,96,267
05/07/2000,TVC,MI,AGL,CE,Towers with Display (VFR),5,29,17,0,51,2,4,56,1,63,7,33,73,1,114,6,0,6,120
05/08/2000,TVC,MI,AGL,CE,Towers with Display (VFR),6,44,27,1,78,1,9,60,14,84,7,53,87,15,162,138,66,204,366
05/09/2000,TVC,MI,AGL,CE,Towers with Display (VFR),6,44,27,1,78,1,28,60,5,94,7,72,87,6,172,176,6,182,354
05/10/2000,TVC,MI,AGL,CE,Towers with Display (VFR),7,53,32,1,93,0,12,146,9,167,7,65,178,10,260,256,0,256,516
05/11/2000,TVC,MI,AGL,CE,Towers with Display (VFR),7,58,35,1,101,0,21,78,4,103,7,79,113,5,204,232,0,232,436
05/12/2000,TVC,MI,AGL,CE,Towers with Display (VFR),7,45,27,1,80,0,1,37,11,49,7,46,64,12,129,52,0,52,181
05/13/2000,TVC,MI,AGL,CE,Towers with Display (VFR),7,44,27,1,79,0,7,44,1,52,7,51,71,2,131,8,0,8,139
05/14/2000,TVC,MI,AGL,CE,Towers with Display (VFR),5,31,19,1,56,3,1,6,5,15,8,32,25,6,71,54,0,54,125
05/15/2000,TVC,MI,AGL,CE,Towers with Display (VFR),7,50,30,1,88,0,23,102,5,130,7,73,132,6,218,202,0,202,420
05/16/2000,TVC,MI,AGL,CE,Towers with Display (VFR),9,63,36,1,109,0,8,33,3,44,9,71,69,4,153,76,0,76,229
05/17/2000,TVC,MI,AGL,CE,Towers with Display (VFR),8,60,35,1,104,0,11,70,1,82,8,71,105,2,186,160,0,160,346
05/18/2000,TVC,MI,AGL,CE,Towers with Display (VFR),8,61,35,1,105,0,0,15,1,16,8,61,50,2,121,36,0,36,157
05/19/2000,TVC,MI,AGL,CE,Towers with Display (VFR),8,59,34,1,102,1,2,147,5,155,9,61,181,6,257,210,0,210,467
05/20/2000,TVC,MI,AGL,CE,Towers with Display (VFR),6,41,23,1,71,1,16,150,4,171,7,57,173,5,242,200,0,200,442
05/21/2000,TVC,MI,AGL,CE,Towers with Display (VFR),5,35,20,1,61,3,0,162,1,166,8,35,182,2,227,70,2,72,299
05/22/2000,TVC,MI,AGL,CE,Towers with Display (VFR),7,46,26,1,80,2,18,48,7,75,9,64,74,8,155,150,4,154,309
05/23/2000,TVC,MI,AGL,CE,Towers with Display (VFR),5,66,38,1,110,0,7,47,3,57,5,73,85,4,167,126,0,126,293
05/24/2000,TVC,MI,AGL,CE,Towers with Display (VFR),8,55,31,1,95,0,17,90,13,120,8,72,121,14,215,152,58,210,425
05/25/2000,TVC,MI,AGL,CE,Towers with Display (VFR),7,58,33,1,99,0,8,103,7,118,7,66,136,8,217,186,6,192,409
05/26/2000,TVC,MI,AGL,CE,Towers with Display (VFR),7,61,36,1,105,0,0,214,6,220,7,61,250,7,325,290,0,290,615
05/27/2000,TVC,MI,AGL,CE,Towers with Display (VFR),6,40,23,1,70,4,12,63,4,83,10,52,86,5,153,146,0,146,299
05/28/2000,TVC,MI,AGL,CE,Towers with Display (VFR),3,25,15,1,44,2,0,58,1,61,5,25,73,2,105,12,10,22,127
05/29/2000,TVC,MI,AGL,CE,Towers with Display (VFR),5,40,23,1,69,3,7,133,2,145,8,47,156,3,214,200,0,200,414
05/30/2000,TVC,MI,AGL,CE,Towers with Display (VFR),7,58,34,0,99,0,10,101,1,112,7,68,135,1,211,236,0,236,447
05/31/2000,TVC,MI,AGL,CE,Towers with Display (VFR),6,57,34,0,97,0,6,112,2,120,6,63,146,2,217,218,0,218,435
06/01/2000,TVC,MI,AGL,CE,Towers with Display (VFR),9,43,27,0,79,0,46,128,35,209,9,89,155,35,288,118,40,158,446
06/02/2000,TVC,MI,AGL,CE,Towers with Display (VFR),9,54,34,1,98,0,30,90,6,126,9,84,124,7,224,252,0,252,476
06/03/2000,TVC,MI,AGL,CE,Towers with Display (VFR),8,38,24,0,70,2,40,193,20,255,10,78,217,20,325,268,2,270,595
06/04/2000,TVC,MI,AGL,CE,Towers with Display (VFR),6,34,22,0,62,2,29,87,8,126,8,63,109,8,188,172,0,172,360
06/05/2000,TVC,MI,AGL,CE,Towers with Display (VFR),7,41,26,0,74,1,5,91,7,104,8,46,117,7,178,52,0,52,230
06/06/2000,TVC,MI,AGL,CE,Towers with Display (VFR),8,43,27,0,78,1,37,66,27,131,9,80,93,27,209,172,52,224,433
06/07/2000,TVC,MI,AGL,CE,Towers with Display (VFR),8,51,32,2,93,1,26,145,6,178,9,77,177,8,271,224,0,224,495
06/08/2000,TVC,MI,AGL,CE,Towers with Display (VFR),8,51,31,2,92,1,17,135,15,168,9,68,166,17,260,268,10,278,538
06/09/2000,TVC,MI,AGL,CE,Towers with Display (VFR),8,55,34,2,99,0,25,169,36,230,8,80,203,38,329,84,2,86,415
06/10/2000,TVC,MI,AGL,CE,Towers with Display (VFR),6,35,22,1,64,5,16,40,0,61,11,51,62,1,125,66,2,68,193
06/11/2000,TVC,MI,AGL,CE,Towers with Display (VFR),7,34,27,1,69,2,0,22,1,25,9,34,49,2,94,18,0,18,112
06/12/2000,TVC,MI,AGL,CE,Towers with Display (VFR),9,56,34,2,101,0,9,148,35,192,9,65,182,37,293,152,40,192,485
06/13/2000,TVC,MI,AGL,CE,Towers with Display (VFR),9,68,42,2,121,0,0,17,4,21,9,68,59,6,142,2,0,2,144
06/14/2000,TVC,MI,AGL,CE,Towers with Display (VFR),8,51,32,2,93,1,14,87,30,132,9,65,119,32,225,140,70,210,435
06/15/2000,TVC,MI,AGL,CE,Towers with Display (VFR),9,55,33,2,99,0,10,35,8,53,9,65,68,10,152,104,0,104,256
06/16/2000,TVC,MI,AGL,CE,Towers with Display (VFR),10,63,38,2,113,0,19,49,3,71,10,82,87,5,184,78,0,78,262
06/17/2000,TVC,MI,AGL,CE,Towers with Display (VFR),8,49,28,2,87,1,9,140,4,154,9,58,168,6,241,180,0,180,421
06/18/2000,TVC,MI,AGL,CE,Towers with Display (VFR),7,47,28,2,84,4,3,135,2,144,11,50,163,4,228,226,0,226,454
06/19/2000,TVC,MI,AGL,CE,Towers with Display (VFR),10,62,37,2,111,0,15,166,7,188,10,77,203,9,299,208,4,212,511
06/20/2000,TVC,MI,AGL,CE,Towers with Display (VFR),10,61,39,2,112,0,0,64,3,67,10,61,103,5,179,106,0,106,285
06/21/2000,TVC,MI,AGL,CE,Towers with Display (VFR),10,68,40,2,120,0,2,109,3,114,10,70,149,5,234,134,46,180,414
06/22/2000,TVC,MI,AGL,CE,Towers with Display (VFR),9,72,46,1,128,0,0,97,9,106,9,72,143,10,234,142,44,186,420
06/23/2000,TVC,MI,AGL,CE,Towers with Display (VFR),8,66,41,1,116,0,11,121,4,136,8,77,162,5,252,314,0,314,566
06/24/2000,TVC,MI,AGL,CE,Towers with Display (VFR),8,44,27,0,79,1,24,137,11,173,9,68,164,11,252,282,62,344,596
06/25/2000,TVC,MI,AGL,CE,Towers with Display (VFR),8,50,30,1,89,0,10,71,7,88,8,60,101,8,177,236,22,258,435
06/26/2000,TVC,MI,AGL,CE,Towers with Display (VFR),8,50,34,1,93,0,0,49,3,52,8,50,83,4,145,144,0,144,289
06/27/2000,TVC,MI,AGL,CE,Towers with Display (VFR),10,48,41,1,100,0,0,115,9,124,10,48,156,10,224,122,0,122,346
06/28/2000,TVC,MI,AGL,CE,Towers with Display (VFR),9,63,38,1,111,0,1,69,6,76,9,64,107,7,187,102,2,104,291
06/29/2000,TVC,MI,AGL,CE,Towers with Display (VFR),8,56,41,1,106,0,0,9,1,10,8,56,50,2,116,96,0,96,212
06/30/2000,TVC,MI,AGL,CE,Towers with Display (VFR),8,76,49,1,134,0,0,233,56,289,8,76,282,57,423,154,102,256,679
07/01/2000,TVC,MI,AGL,CE,Towers with Display (VFR),10,57,38,0,105,1,11,190,57,259,11,68,228,57,364,154,102,256,620
07/02/2000,TVC,MI,AGL,CE,Towers with Display (VFR),10,60,40,0,110,1,1,89,35,126,11,61,129,35,236,12,24,36,272
07/03/2000,TVC,MI,AGL,CE,Towers with Display (VFR),9,64,14,0,87,0,0,0,7,7,9,64,14,7,94,114,0,114,208
07/04/2000,TVC,MI,AGL,CE,Towers with Display (VFR),7,43,29,0,79,3,11,122,4,140,10,54,151,4,219,104,14,118,337
07/05/2000,TVC,MI,AGL,CE,Towers with Display (VFR),9,66,44,0,119,0,1,147,7,155,9,67,191,7,274,194,0,194,468
07/06/2000,TVC,MI,AGL,CE,Towers with Display (VFR),10,70,46,2,128,0,10,125,9,144,10,80,171,11,272,198,0,198,470
07/07/2000,TVC,MI,AGL,CE,Towers with Display (VFR),10,70,45,2,127,0,12,182,8,202,10,82,227,10,329,262,32,294,623
07/08/2000,TVC,MI,AGL,CE,Towers with Display (VFR),8,52,34,1,95,1,23,35,4,63,9,75,69,5,158,12,0,12,170
07/09/2000,TVC,MI,AGL,CE,Towers with Display (VFR),9,60,41,1,111,0,0,62,3,65,9,60,103,4,176,54,0,54,230
07/10/2000,TVC,MI,AGL,CE,Towers with Display (VFR),7,47,32,1,87,2,19,101,1,123,9,66,133,2,210,207,0,207,417
07/11/2000,TVC,MI,AGL,CE,Towers with Display (VFR),9,53,35,1,98,1,46,163,5,215,10,99,198,6,313,275,0,275,588
07/12/2000,TVC,MI,AGL,CE,Towers with Display (VFR),10,61,40,1,112,0,23,172,9,204,10,84,212,10,316,302,0,302,618
07/13/2000,TVC,MI,AGL,CE,Towers with Display (VFR),9,58,39,1,107,3,33,128,9,173,12,91,167,10,280,160,0,160,440
07/14/2000,TVC,MI,AGL,CE,Towers with Display (VFR),9,57,38,1,105,3,10,173,6,192,12,67,211,7,297,318,34,352,649
07/15/2000,TVC,MI,AGL,CE,Towers with Display (VFR),10,62,40,1,113,0,8,114,21,143,10,70,154,22,256,136,30,166,422
07/16/2000,TVC,MI,AGL,CE,Towers with Display (VFR),9,56,36,1,102,0,3,84,1,88,9,59,120,2,190,42,0,42,232
07/17/2000,TVC,MI,AGL,CE,Towers with Display (VFR),9,62,40,1,112,0,39,102,6,147,9,101,142,7,259,124,38,162,421
07/18/2000,TVC,MI,AGL,CE,Towers with Display (VFR),10,79,51,2,142,0,6,118,10,134,10,85,169,12,276,268,8,276,552
07/19/2000,TVC,MI,AGL,CE,Towers with Display (VFR),9,58,36,1,104,3,38,212,9,262,12,96,248,10,366,438,14,452,818
07/20/2000,TVC,MI,AGL,CE,Towers with Display (VFR),11,84,53,2,150,0,8,146,8,162,11,92,199,10,312,228,0,228,540
07/21/2000,TVC,MI,AGL,CE,Towers with Display (VFR),9,73,47,2,131,0,11,101,2,114,9,84,148,4,245,164,66,230,475
07/22/2000,TVC,MI,AGL,CE,Towers with Display (VFR),7,44,28,1,80,2,8,127,5,142,9,52,155,6,222,184,12,196,418
07/23/2000,TVC,MI,AGL,CE,Towers with Display (VFR),10,60,38,1,109,1,2,115,12,130,11,62,153,13,239,68,18,86,325
07/24/2000,TVC,MI,AGL,CE,Towers with Display (VFR),8,56,36,1,101,1,29,104,5,139,9,85,140,6,240,218,0,218,458
07/25/2000,TVC,MI,AGL,CE,Towers with Display (VFR),9,63,40,1,113,0,21,155,4,180,9,84,195,5,293,342,0,342,635
07/26/2000,TVC,MI,AGL,CE,Towers with Display (VFR),9,70,45,1,125,0,35,106,247,388,9,105,151,248,513,0,0,0,513
07/27/2000,TVC,MI,AGL,CE,Towers with Display (VFR),9,71,46,1,127,0,8,27,7,42,9,79,73,8,169,90,0,90,259
07/28/2000,TVC,MI,AGL,CE,Towers with Display (VFR),9,72,59,1,141,0,0,44,5,49,9,72,103,6,190,4,0,4,194
07/29/2000,TVC,MI,AGL,CE,Towers with Display (VFR),9,61,40,0,110,0,4,70,5,79,9,65,110,5,189,48,0,48,237
07/30/2000,TVC,MI,AGL,CE,Towers with Display (VFR),10,50,40,0,100,5,0,99,8,112,15,50,139,8,212,26,0,26,238
07/31/2000,TVC,MI,AGL,CE,Towers with Display (VFR),10,67,44,0,121,0,15,48,2,65,10,82,92,2,186,112,0,112,298
08/01/2000,TVC,MI,AGL,CE,Towers with Display (VFR),8,60,44,0,112,0,26,113,8,147,8,86,157,8,259,218,0,218,477
08/02/2000,TVC,MI,AGL,CE,Towers with Display (VFR),10,74,54,0,138,0,17,86,7,110,10,91,140,7,248,154,0,154,402
08/03/2000,TVC,MI,AGL,CE,Towers with Display (VFR),9,71,52,0,132,0,13,174,5,192,9,84,226,5,324,216,0,216,540
08/04/2000,TVC,MI,AGL,CE,Towers with Display (VFR),9,73,53,0,135,0,10,199,3,212,9,83,252,3,347,192,0,192,539
08/05/2000,TVC,MI,AGL,CE,Towers with Display (VFR),9,58,42,0,109,0,12,115,3,130,9,70,157,3,239,212,0,212,451
08/06/2000,TVC,MI,AGL,CE,Towers with Display (VFR),9,62,56,0,127,0,0,46,3,49,9,62,102,3,176,0,0,0,176
08/07/2000,TVC,MI,AGL,CE,Towers with Display (VFR),9,69,50,0,128,0,2,112,4,118,9,71,162,4,246,190,0,190,436
08/08/2000,TVC,MI,AGL,CE,Towers with Display (VFR),10,69,50,1,130,0,4,36,11,51,10,73,86,12,181,52,0,52,233
08/09/2000,TVC,MI,AGL,CE,Towers with Display (VFR),10,70,51,1,132,0,27,105,3,135,10,97,156,4,267,134,0,134,401
08/10/2000,TVC,MI,AGL,CE,Towers with Display (VFR),9,62,45,1,117,1,21,116,6,144,10,83,161,7,261,202,0,202,463
08/11/2000,TVC,MI,AGL,CE,Towers with Display (VFR),9,78,56,1,144,0,14,172,4,190,9,92,228,5,334,254,2,256,590
08/12/2000,TVC,MI,AGL,CE,Towers with Display (VFR),8,52,38,1,99,8,11,129,3,151,16,63,167,4,250,42,0,42,292
08/13/2000,TVC,MI,AGL,CE,Towers with Display (VFR),10,62,45,1,118,5,2,75,5,87,15,64,120,6,205,34,82,116,321
08/14/2000,TVC,MI,AGL,CE,Towers with Display (VFR),9,64,47,1,121,0,10,140,2,152,9,74,187,3,273,168,0,168,441
08/15/2000,TVC,MI,AGL,CE,Towers with Display (VFR),9,58,42,1,110,0,20,93,14,127,9,78,135,15,237,134,42,176,413
08/16/2000,TVC,MI,AGL,CE,Towers with Display (VFR),9,62,45,1,117,0,31,174,5,210,9,93,219,6,327,166,8,174,501
08/17/2000,TVC,MI,AGL,CE,Towers with Display (VFR),10,73,53,1,137,0,4,73,4,81,10,77,126,5,218,30,0,30,248
08/18/2000,TVC,MI,AGL,CE,Towers with Display (VFR),12,74,52,1,139,0,13,128,9,150,12,87,180,10,289,120,0,120,409
08/19/2000,TVC,MI,AGL,CE,Towers with Display (VFR),6,42,29,1,78,3,31,129,11,174,9,73,158,12,252,50,2,52,304
08/20/2000,TVC,MI,AGL,CE,Towers with Display (VFR),8,55,38,1,102,1,11,148,9,169,9,66,186,10,271,138,0,138,409
08/21/2000,TVC,MI,AGL,CE,Towers with Display (VFR),8,54,37,1,100,1,20,115,4,140,9,74,152,5,240,178,26,204,444
08/22/2000,TVC,MI,AGL,CE,Towers with Display (VFR),7,64,45,1,117,0,14,48,11,73,7,78,93,12,190,138,0,138,328
08/23/2000,TVC,MI,AGL,CE,Towers with Display (VFR),10,72,51,1,134,0,9,71,11,91,10,81,122,12,225,94,0,94,319
08/24/2000,TVC,MI,AGL,CE,Towers with Display (VFR),9,74,52,1,136,0,20,105,5,130,9,94,157,6,266,148,0,148,414
08/25/2000,TVC,MI,AGL,CE,Towers with Display (VFR),10,67,48,1,126,1,29,126,9,165,11,96,174,10,291,194,68,262,553
08/26/2000,TVC,MI,AGL,CE,Towers with Display (VFR),7,47,33,0,87,2,11,1,0,14,9,58,34,0,101,2,0,2,103
08/27/2000,TVC,MI,AGL,CE,Towers with Display (VFR),8,46,35,1,90,1,0,73,0,74,9,46,108,1,164,44,0,44,208
08/28/2000,TVC,MI,AGL,CE,Towers with Display (VFR),9,65,47,1,122,0,0,78,5,83,9,65,125,6,205,124,0,124,329
08/29/2000,TVC,MI,AGL,CE,Towers with Display (VFR),10,65,47,0,122,1,11,19,8,39,11,76,66,8,161,42,0,42,203
08/30/2000,TVC,MI,AGL,CE,Towers with Display (VFR),8,58,42,0,108,1,28,176,2,207,9,86,218,2,315,198,0,198,513
08/31/2000,TVC,MI,AGL,CE,Towers with Display (VFR),11,73,52,0,136,4,16,99,13,132,15,89,151,13,268,158,0,158,426
09/01/2000,TVC,MI,AGL,CE,Towers with Display (VFR),5,54,34,1,94,0,0,61,6,67,5,54,95,7,161,78,0,78,239
09/02/2000,TVC,MI,AGL,CE,Towers with Display (VFR),7,63,36,1,107,0,1,12,6,19,7,64,48,7,126,8,0,8,134
09/03/2000,TVC,MI,AGL,CE,Towers with Display (VFR),6,37,21,0,64,0,6,17,3,26,6,43,38,3,90,30,0,30,120
09/04/2000,TVC,MI,AGL,CE,Towers with Display (VFR),8,57,32,1,98,0,14,88,3,105,8,71,120,4,203,32,0,32,235
09/05/2000,TVC,MI,AGL,CE,Towers with Display (VFR),9,62,34,1,106,2,30,188,4,224,11,92,222,5,330,188,0,188,518
09/06/2000,TVC,MI,AGL,CE,Towers with Display (VFR),8,55,31,1,95,0,21,179,4,204,8,76,210,5,299,290,10,300,599
09/07/2000,TVC,MI,AGL,CE,Towers with Display (VFR),7,76,42,1,126,0,6,134,41,181,7,82,176,42,307,130,44,174,481
09/08/2000,TVC,MI,AGL,CE,Towers with Display (VFR),9,63,36,1,109,0,12,154,21,187,9,75,190,22,296,162,38,200,496
09/09/2000,TVC,MI,AGL,CE,Towers with Display (VFR),7,59,39,1,106,0,0,78,4,82,7,59,117,5,188,80,0,80,268
09/10/2000,TVC,MI,AGL,CE,Towers with Display (VFR),5,39,26,1,71,3,0,43,6,52,8,39,69,7,123,18,30,48,171
09/11/2000,TVC,MI,AGL,CE,Towers with Display (VFR),5,35,20,1,61,0,4,37,4,45,5,39,57,5,106,52,10,62,168
09/12/2000,TVC,MI,AGL,CE,Towers with Display (VFR),7,58,32,2,99,3,12,112,5,132,10,70,144,7,231,228,16,244,475
09/13/2000,TVC,MI,AGL,CE,Towers with Display (VFR),6,58,32,2,98,0,25,135,9,169,6,83,167,11,267,240,24,264,531
09/14/2000,TVC,MI,AGL,CE,Towers with Display (VFR),4,52,29,1,86,0,22,122,8,152,4,74,151,9,238,16,90,106,344
09/15/2000,TVC,MI,AGL,CE,Towers with Display (VFR),5,61,34,2,102,0,6,81,8,95,5,67,115,10,197,54,28,82,279
09/16/2000,TVC,MI,AGL,CE,Towers with Display (VFR),6,43,23,1,73,0,14,140,7,161,6,57,163,8,234,214,20,234,468
09/17/2000,TVC,MI,AGL,CE,Towers with Display (VFR),5,43,23,1,72,2,18,205,22,247,7,61,228,23,319,198,18,216,535
09/18/2000,TVC,MI,AGL,CE,Towers with Display (VFR),5,46,25,1,77,4,23,102,4,133,9,69,127,5,210,40,0,40,250
09/19/2000,TVC,MI,AGL,CE,Towers with Display (VFR),6,48,26,1,81,1,25,46,10,82,7,73,72,11,163,54,16,70,233
09/20/2000,TVC,MI,AGL,CE,Towers with Display (VFR),5,67,37,2,111,0,12,80,4,96,5,79,117,6,207,250,0,250,457
09/21/2000,TVC,MI,AGL,CE,Towers with Display (VFR),6,53,29,1,89,0,17,88,39,144,6,70,117,40,233,244,6,250,483
09/22/2000,TVC,MI,AGL,CE,Towers with Display (VFR),5,61,33,2,101,0,3,110,1,114,5,64,143,3,215,180,0,180,395
09/23/2000,TVC,MI,AGL,CE,Towers with Display (VFR),7,49,30,2,88,1,0,48,9,58,8,49,78,11,146,22,0,22,168
09/24/2000,TVC,MI,AGL,CE,Towers with Display (VFR),5,40,23,0,68,5,8,74,7,94,10,48,97,7,162,58,54,112,274
09/25/2000,TVC,MI,AGL,CE,Towers with Display (VFR),7,51,28,0,86,1,30,138,4,173,8,81,166,4,259,248,24,272,531
09/26/2000,TVC,MI,AGL,CE,Towers with Display (VFR),6,49,27,0,82,0,32,159,7,198,6,81,186,7,280,232,76,308,588
09/27/2000,TVC,MI,AGL,CE,Towers with Display (VFR),7,56,31,1,95,1,16,98,1,116,8,72,129,2,211,214,6,220,431
09/28/2000,TVC,MI,AGL,CE,Towers with Display (VFR),7,58,32,1,98,2,13,188,10,213,9,71,220,11,311,214,10,224,535
09/29/2000,TVC,MI,AGL,CE,Towers with Display (VFR),8,58,36,1,103,1,0,157,11,169,9,58,193,12,272,146,0,146,418
09/30/2000,TVC,MI,AGL,CE,Towers with Display (VFR),7,53,5,0,65,67,87,0,88,242,74,140,5,88,307,12,0,12,319
10/01/2000,TVC,MI,AGL,CE,Towers with Display (VFR),5,40,21,0,66,0,8,49,0,57,5,48,70,0,123,44,0,44,167
10/02/2000,TVC,MI,AGL,CE,Towers with Display (VFR),5,65,32,1,103,0,15,91,7,113,5,80,123,8,216,130,0,130,346
10/03/2000,TVC,MI,AGL,CE,Towers with Display (VFR),3,55,28,0,86,0,37,158,9,204,3,92,186,9,290,264,0,264,554
10/04/2000,TVC,MI,AGL,CE,Towers with Display (VFR),5,61,30,1,97,0,18,144,7,169,5,79,174,8,266,386,2,388,654
10/05/2000,TVC,MI,AGL,CE,Towers with Display (VFR),6,60,30,0,96,0,18,76,12,106,6,78,106,12,202,202,36,238,440
10/06/2000,TVC,MI,AGL,CE,Towers with Display (VFR),7,55,30,1,93,2,0,100,3,105,9,55,130,4,198,222,24,246,444
10/07/2000,TVC,MI,AGL,CE,Towers with Display (VFR),5,43,22,0,70,0,13,6,2,21,5,56,28,2,91,8,0,8,99
10/08/2000,TVC,MI,AGL,CE,Towers with Display (VFR),5,37,19,0,61,3,31,6,34,74,8,68,25,34,135,0,0,0,135
10/09/2000,TVC,MI,AGL,CE,Towers with Display (VFR),5,45,23,0,73,0,23,129,4,156,5,68,152,4,229,194,4,198,427
10/10/2000,TVC,MI,AGL,CE,Towers with Display (VFR),5,54,28,0,87,0,13,166,18,197,5,67,194,18,284,204,96,300,584
10/11/2000,TVC,MI,AGL,CE,Towers with Display (VFR),4,55,28,1,88,0,23,188,16,227,4,78,216,17,315,320,78,398,713
10/12/2000,TVC,MI,AGL,CE,Towers with Display (VFR),6,61,31,2,100,1,15,247,12,275,7,76,278,14,375,210,74,284,659
10/13/2000,TVC,MI,AGL,CE,Towers with Display (VFR),7,66,32,2,107,0,14,166,18,198,7,80,198,20,305,168,88,256,561
10/14/2000,TVC,MI,AGL,CE,Towers with Display (VFR),5,50,25,0,80,0,13,27,0,40,5,63,52,0,120,20,38,58,178
10/15/2000,TVC,MI,AGL,CE,Towers with Display (VFR),5,55,28,0,88,0,24,13,0,37,5,79,41,0,125,0,0,0,125
10/16/2000,TVC,MI,AGL,CE,Towers with Display (VFR),5,56,28,1,90,0,2,103,11,116,5,58,131,12,206,234,100,334,540
10/17/2000,TVC,MI,AGL,CE,Towers with Display (VFR),5,65,32,2,104,0,15,129,22,166,5,80,161,24,270,196,44,240,510
10/18/2000,TVC,MI,AGL,CE,Towers with Display (VFR),7,69,33,2,111,0,2,228,14,244,7,71,261,16,355,430,76,506,861
10/19/2000,TVC,MI,AGL,CE,Towers with Display (VFR),6,58,28,1,93,3,7,220,75,305,9,65,248,76,398,330,46,376,774
10/20/2000,TVC,MI,AGL,CE,Towers with Display (VFR),5,48,23,1,77,3,32,92,1,128,8,80,115,2,205,138,6,144,349
10/21/2000,TVC,MI,AGL,CE,Towers with Display (VFR),5,49,23,1,78,0,6,108,6,120,5,55,131,7,198,230,0,230,428
10/22/2000,TVC,MI,AGL,CE,Towers with Display (VFR),4,40,19,1,64,1,7,164,28,200,5,47,183,29,264,138,40,178,442
10/23/2000,TVC,MI,AGL,CE,Towers with Display (VFR),7,62,30,2,101,1,0,50,9,60,8,62,80,11,161,164,0,164,325
10/24/2000,TVC,MI,AGL,CE,Towers with Display (VFR),7,68,32,2,109,1,3,27,0,31,8,71,59,2,140,70,0,70,210
10/25/2000,TVC,MI,AGL,CE,Towers with Display (VFR),4,55,26,1,86,0,11,19,4,34,4,66,45,5,120,120,72,192,312
10/26/2000,TVC,MI,AGL,CE,Towers with Display (VFR),6,60,29,1,96,1,13,107,0,121,7,73,136,1,217,98,0,98,315
10/27/2000,TVC,MI,AGL,CE,Towers with Display (VFR),5,62,36,2,105,0,0,28,2,30,5,62,64,4,135,14,0,14,149
10/28/2000,TVC,MI,AGL,CE,Towers with Display (VFR),4,41,19,1,65,2,10,117,3,132,6,51,136,4,197,238,40,278,475
10/29/2000,TVC,MI,AGL,CE,Towers with Display (VFR),4,38,18,0,60,2,0,185,2,189,6,38,203,2,249,262,40,302,551
10/30/2000,TVC,MI,AGL,CE,Towers with Display (VFR),4,39,20,0,63,2,23,171,4,200,6,62,191,4,263,266,14,280,543
10/31/2000,TVC,MI,AGL,CE,Towers with Display (VFR),6,54,27,0,87,2,14,166,11,193,8,68,193,11,280,370,30,400,680
11/01/2000,TVC,MI,AGL,CE,Towers with Display (VFR),5,63,24,0,92,0,16,177,3,196,5,79,201,3,288,234,0,234,522
11/02/2000,TVC,MI,AGL,CE,Towers with Display (VFR),3,70,27,0,100,0,8,122,6,136,3,78,149,6,236,186,10,196,432
11/03/2000,TVC,MI,AGL,CE,Towers with Display (VFR),3,36,14,0,53,0,35,67,7,109,3,71,81,7,162,68,50,118,280
11/04/2000,TVC,MI,AGL,CE,Towers with Display (VFR),3,52,21,0,76,0,0,142,16,158,3,52,163,16,234,226,8,234,468
11/05/2000,TVC,MI,AGL,CE,Towers with Display (VFR),4,41,16,0,61,2,5,144,3,154,6,46,160,3,215,200,54,254,469
11/06/2000,TVC,MI,AGL,CE,Towers with Display (VFR),3,49,19,1,72,3,23,124,13,163,6,72,143,14,235,226,4,230,465
11/07/2000,TVC,MI,AGL,CE,Towers with Display (VFR),3,67,26,1,97,0,1,7,8,16,3,68,33,9,113,28,22,50,163
11/08/2000,TVC,MI,AGL,CE,Towers with Display (VFR),3,65,25,1,94,0,10,106,8,124,3,75,131,9,218,250,26,276,494
11/09/2000,TVC,MI,AGL,CE,Towers with Display (VFR),4,51,13,0,68,4,4,0,0,8,8,55,13,0,76,0,0,0,76
11/10/2000,TVC,MI,AGL,CE,Towers with Display (VFR),5,69,27,1,102,2,6,116,1,125,7,75,143,2,227,212,0,212,439
11/11/2000,TVC,MI,AGL,CE,Towers with Display (VFR),3,45,17,1,66,3,10,128,1,142,6,55,145,2,208,248,0,248,456
11/12/2000,TVC,MI,AGL,CE,Towers with Display (VFR),2,33,13,1,49,4,8,16,3,31,6,41,29,4,80,66,0,66,146
11/13/2000,TVC,MI,AGL,CE,Towers with Display (VFR),4,47,12,1,64,0,18,0,4,22,4,65,12,5,86,22,0,22,108
11/14/2000,TVC,MI,AGL,CE,Towers with Display (VFR),1,60,17,1,79,0,7,0,4,11,1,67,17,5,90,0,0,0,90
11/15/2000,TVC,MI,AGL,CE,Towers with Display (VFR),3,62,24,1,90,0,12,109,3,124,3,74,133,4,214,248,0,248,462
11/16/2000,TVC,MI,AGL,CE,Towers with Display (VFR),3,69,19,1,92,0,6,0,3,9,3,75,19,4,101,0,0,0,101
11/17/2000,TVC,MI,AGL,CE,Towers with Display (VFR),3,68,25,1,97,0,2,10,1,13,3,70,35,2,110,22,0,22,132
11/18/2000,TVC,MI,AGL,CE,Towers with Display (VFR),3,43,15,1,62,0,2,1,1,4,3,45,16,2,66,16,0,16,82
11/19/2000,TVC,MI,AGL,CE,Towers with Display (VFR),2,36,15,1,54,1,0,6,1,8,3,36,21,2,62,0,0,0,62
11/20/2000,TVC,MI,AGL,CE,Towers with Display (VFR),3,46,15,1,65,0,1,0,1,2,3,47,15,2,67,0,0,0,67
11/21/2000,TVC,MI,AGL,CE,Towers with Display (VFR),3,66,25,1,95,0,0,94,9,103,3,66,119,10,198,232,40,272,470
11/22/2000,TVC,MI,AGL,CE,Towers with Display (VFR),3,64,25,1,93,0,0,11,1,12,3,64,36,2,105,6,0,6,111
11/23/2000,TVC,MI,AGL,CE,Towers with Display (VFR),2,33,12,0,47,2,0,21,0,23,4,33,33,0,70,0,0,0,70
11/24/2000,TVC,MI,AGL,CE,Towers with Display (VFR),3,46,17,1,67,1,25,51,2,79,4,71,68,3,146,60,18,78,224
11/25/2000,TVC,MI,AGL,CE,Towers with Display (VFR),4,48,17,1,70,4,9,109,9,131,8,57,126,10,201,226,48,274,475
11/26/2000,TVC,MI,AGL,CE,Towers with Display (VFR),3,38,16,0,57,0,0,6,0,6,3,38,22,0,63,0,0,0,63
11/27/2000,TVC,MI,AGL,CE,Towers with Display (VFR),3,59,21,1,84,0,1,48,14,63,3,60,69,15,147,174,36,210,357
11/28/2000,TVC,MI,AGL,CE,Towers with Display (VFR),3,70,26,1,100,0,24,20,20,64,3,94,46,21,164,72,24,96,260
11/29/2000,TVC,MI,AGL,CE,Towers with Display (VFR),3,55,21,0,79,0,13,74,6,93,3,68,95,6,172,308,24,332,504
11/30/2000,TVC,MI,AGL,CE,Towers with Display (VFR),3,61,23,0,87,0,5,8,15,28,3,66,31,15,115,40,60,100,215
12/01/2000,TVC,MI,AGL,CE,Towers with Display (VFR),4,60,20,1,85,0,6,118,27,151,4,66,138,28,236,216,30,246,482
12/02/2000,TVC,MI,AGL,CE,Towers with Display (VFR),4,35,12,0,51,0,17,114,5,136,4,52,126,5,187,266,48,314,501
12/03/2000,TVC,MI,AGL,CE,Towers with Display (VFR),3,37,13,0,53,0,0,179,3,182,3,37,192,3,235,166,46,212,447
12/04/2000,TVC,MI,AGL,CE,Towers with Display (VFR),4,57,19,1,81,0,9,119,17,145,4,66,138,18,226,246,30,276,502
12/05/2000,TVC,MI,AGL,CE,Towers with Display (VFR),3,55,18,1,77,0,1,5,4,10,3,56,23,5,87,6,32,38,125
12/06/2000,TVC,MI,AGL,CE,Towers with Display (VFR),4,59,22,1,86,0,0,6,6,12,4,59,28,7,98,6,0,6,104
12/07/2000,TVC,MI,AGL,CE,Towers with Display (VFR),2,45,15,1,63,0,5,34,8,47,2,50,49,9,110,62,68,130,240
12/08/2000,TVC,MI,AGL,CE,Towers with Display (VFR),3,65,22,1,91,0,0,5,14,19,3,65,27,15,110,0,6,6,116
12/09/2000,TVC,MI,AGL,CE,Towers with Display (VFR),3,39,13,0,55,0,9,47,7,63,3,48,60,7,118,70,0,70,188
12/10/2000,TVC,MI,AGL,CE,Towers with Display (VFR),3,30,10,0,43,0,2,0,2,4,3,32,10,2,47,8,0,8,55
12/11/2000,TVC,MI,AGL,CE,Towers with Display (VFR),1,20,3,1,25,0,9,0,3,12,1,29,3,4,37,14,10,24,61
12/12/2000,TVC,MI,AGL,CE,Towers with Display (VFR),2,57,19,2,80,0,13,120,18,151,2,70,139,20,231,80,174,254,485
12/13/2000,TVC,MI,AGL,CE,Towers with Display (VFR),5,62,21,2,90,0,3,88,9,100,5,65,109,11,190,340,0,340,530
12/14/2000,TVC,MI,AGL,CE,Towers with Display (VFR),5,66,22,2,95,0,21,158,6,185,5,87,180,8,280,134,0,134,414
12/15/2000,TVC,MI,AGL,CE,Towers with Display (VFR),3,55,19,2,79,0,8,33,96,137,3,63,52,98,216,0,0,0,216
12/16/2000,TVC,MI,AGL,CE,Towers with Display (VFR),3,35,5,1,44,2,3,0,1,6,5,38,5,2,50,0,0,0,50
12/17/2000,TVC,MI,AGL,CE,Towers with Display (VFR),2,29,10,0,41,5,0,0,0,5,7,29,10,0,46,0,0,0,46
12/18/2000,TVC,MI,AGL,CE,Towers with Display (VFR),3,53,16,2,74,0,0,7,4,11,3,53,23,6,85,2,48,50,135
12/19/2000,TVC,MI,AGL,CE,Towers with Display (VFR),0,7,23,2,32,0,0,39,29,68,0,7,62,31,100,3,10,13,113
12/20/2000,TVC,MI,AGL,CE,Towers with Display (VFR),4,68,21,2,95,0,3,52,1,56,4,71,73,3,151,132,0,132,283
12/21/2000,TVC,MI,AGL,CE,Towers with Display (VFR),3,57,19,2,81,0,0,6,1,7,3,57,25,3,88,2,0,2,90
12/22/2000,TVC,MI,AGL,CE,Towers with Display (VFR),3,53,11,2,69,0,3,0,5,8,3,56,11,7,77,0,2,2,79
12/23/2000,TVC,MI,AGL,CE,Towers with Display (VFR),3,42,9,0,54,3,6,0,0,9,6,48,9,0,63,0,0,0,63
12/24/2000,TVC,MI,AGL,CE,Towers with Display (VFR),2,26,5,0,33,4,4,0,0,8,6,30,5,0,41,0,0,0,41
12/25/2000,TVC,MI,AGL,CE,Towers with Display (VFR),2,24,6,1,33,4,1,0,2,7,6,25,6,3,40,10,0,10,50
12/26/2000,TVC,MI,AGL,CE,Towers with Display (VFR),4,52,15,1,72,1,0,2,0,3,5,52,17,1,75,0,0,0,75
12/27/2000,TVC,MI,AGL,CE,Towers with Display (VFR),4,59,19,2,84,0,0,5,3,8,4,59,24,5,92,0,0,0,92
12/28/2000,TVC,MI,AGL,CE,Towers with Display (VFR),3,58,20,2,83,0,0,14,2,16,3,58,34,4,99,0,0,0,99
12/29/2000,TVC,MI,AGL,CE,Towers with Display (VFR),3,57,19,1,80,0,14,9,3,26,3,71,28,4,106,46,6,52,158
12/30/2000,TVC,MI,AGL,CE,Towers with Display (VFR),3,36,12,0,51,2,0,22,2,26,5,36,34,2,77,68,46,114,191
12/31/2000,TVC,MI,AGL,CE,Towers with Display (VFR),2,32,11,0,45,2,0,10,0,12,4,32,21,0,57,16,0,16,73
01/01/2001,TVC,MI,AGL,CE,Towers with Display (VFR),3,33,10,0,46,1,8,23,2,34,4,41,33,2,80,68,0,68,148
01/02/2001,TVC,MI,AGL,CE,Towers with Display (VFR),4,59,18,0,81,0,6,11,3,20,4,65,29,3,101,92,0,92,193
01/03/2001,TVC,MI,AGL,CE,Towers with Display (VFR),3,56,15,0,74,0,1,0,8,9,3,57,15,8,83,0,0,0,83
01/04/2001,TVC,MI,AGL,CE,Towers with Display (VFR),3,53,16,0,72,0,9,12,9,30,3,62,28,9,102,2,14,16,118
01/05/2001,TVC,MI,AGL,CE,Towers with Display (VFR),3,43,5,0,51,0,15,0,5,20,3,58,5,5,71,0,34,34,105
01/06/2001,TVC,MI,AGL,CE,Towers with Display (VFR),2,34,7,1,44,1,13,0,6,20,3,47,7,7,64,0,48,48,112
01/07/2001,TVC,MI,AGL,CE,Towers with Display (VFR),2,32,8,1,43,0,3,0,1,4,2,35,8,2,47,0,0,0,47
01/08/2001,TVC,MI,AGL,CE,Towers with Display (VFR),3,56,19,2,80,0,0,8,5,13,3,56,27,7,93,0,0,0,93
01/09/2001,TVC,MI,AGL,CE,Towers with Display (VFR),3,52,16,1,72,0,16,31,14,61,3,68,47,15,133,95,22,117,250
01/10/2001,TVC,MI,AGL,CE,Towers with Display (VFR),2,52,16,1,71,0,15,51,3,69,2,67,67,4,140,12,0,12,152
01/11/2001,TVC,MI,AGL,CE,Towers with Display (VFR),4,70,21,2,97,0,1,40,11,52,4,71,61,13,149,106,16,122,271
01/12/2001,TVC,MI,AGL,CE,Towers with Display (VFR),4,71,21,2,98,2,95,7,10,114,6,166,28,12,212,8,4,12,224
01/13/2001,TVC,MI,AGL,CE,Towers with Display (VFR),3,39,9,1,52,1,8,0,3,12,4,47,9,4,64,0,20,20,84
01/14/2001,TVC,MI,AGL,CE,Towers with Display (VFR),1,31,8,1,41,3,1,0,2,6,4,32,8,3,47,0,20,20,67
01/15/2001,TVC,MI,AGL,CE,Towers with Display (VFR),3,49,12,1,65,0,1,0,1,2,3,50,12,2,67,0,0,0,67
01/16/2001,TVC,MI,AGL,CE,Towers with Display (VFR),3,64,18,2,87,0,0,10,9,19,3,64,28,11,106,14,30,44,150
01/17/2001,TVC,MI,AGL,CE,Towers with Display (VFR),4,66,20,2,92,2,0,49,1,52,6,66,69,3,144,98,0,98,242
01/18/2001,TVC,MI,AGL,CE,Towers with Display (VFR),4,59,17,1,81,0,2,15,9,26,4,61,32,10,107,10,58,68,175
01/19/2001,TVC,MI,AGL,CE,Towers with Display (VFR),3,75,22,2,102,0,0,36,7,43,3,75,58,9,145,24,14,38,183
01/20/2001,TVC,MI,AGL,CE,Towers with Display (VFR),1,43,12,1,57,0,11,100,2,113,1,54,112,3,170,132,10,142,312
01/21/2001,TVC,MI,AGL,CE,Towers with Display (VFR),2,38,11,0,51,1,0,6,0,7,3,38,17,0,58,0,0,0,58
01/22/2001,TVC,MI,AGL,CE,Towers with Display (VFR),2,52,16,0,70,0,9,67,14,90,2,61,83,14,160,112,56,168,328
01/23/2001,TVC,MI,AGL,CE,Towers with Display (VFR),4,67,19,1,91,0,0,16,6,22,4,67,35,7,113,22,0,22,135
01/24/2001,TVC,MI,AGL,CE,Towers with Display (VFR),3,70,21,1,95,0,1,126,20,147,3,71,147,21,242,88,92,180,422
01/25/2001,TVC,MI,AGL,CE,Towers with Display (VFR),4,72,22,1,99,2,1,124,20,147,6,73,146,21,246,236,12,248,494
01/26/2001,TVC,MI,AGL,CE,Towers with Display (VFR),0,45,14,0,59,0,19,58,11,88,0,64,72,11,147,118,50,168,315
01/27/2001,TVC,MI,AGL,CE,Towers with Display (VFR),3,47,18,0,68,0,0,6,8,14,3,47,24,8,82,32,0,32,114
01/28/2001,TVC,MI,AGL,CE,Towers with Display (VFR),2,30,9,0,41,0,11,35,4,50,2,41,44,4,91,86,26,112,203
01/29/2001,TVC,MI,AGL,CE,Towers with Display (VFR),3,48,15,0,66,4,2,29,0,35,7,50,44,0,101,84,98,182,283
01/30/2001,TVC,MI,AGL,CE,Towers with Display (VFR),2,53,16,0,71,0,19,108,8,135,2,72,124,8,206,64,64,128,334
01/31/2001,TVC,MI,AGL,CE,Towers with Display (VFR),3,65,19,1,88,0,9,8,3,20,3,74,27,4,108,38,2,40,148
02/01/2001,TVC,MI,AGL,CE,Towers with Display (VFR),3,65,23,1,92,0,10,72,6,88,3,75,95,7,180,188,26,214,394
02/02/2001,TVC,MI,AGL,CE,Towers with Display (VFR),3,59,21,0,83,0,0,1,4,5,3,59,22,4,88,0,0,0,88
02/03/2001,TVC,MI,AGL,CE,Towers with Display (VFR),4,41,15,0,60,1,2,6,7,16,5,43,21,7,76,26,0,26,102
02/04/2001,TVC,MI,AGL,CE,Towers with Display (VFR),3,34,12,0,49,0,1,2,4,7,3,35,14,4,56,30,0,30,86
02/05/2001,TVC,MI,AGL,CE,Towers with Display (VFR),4,47,17,0,68,3,11,31,11,56,7,58,48,11,124,16,52,68,192
02/06/2001,TVC,MI,AGL,CE,Towers with Display (VFR),3,65,23,1,92,0,1,21,10,32,3,66,44,11,124,28,34,62,186
02/07/2001,TVC,MI,AGL,CE,Towers with Display (VFR),4,60,21,1,86,0,12,107,3,122,4,72,128,4,208,342,70,412,620
02/08/2001,TVC,MI,AGL,CE,Towers with Display (VFR),3,59,21,1,84,0,10,13,5,28,3,69,34,6,112,86,74,160,272
02/09/2001,TVC,MI,AGL,CE,Towers with Display (VFR),3,51,7,1,62,0,5,0,7,12,3,56,7,8,74,0,0,0,74
02/10/2001,TVC,MI,AGL,CE,Towers with Display (VFR),2,41,15,1,59,4,8,8,0,20,6,49,23,1,79,72,0,72,151
02/11/2001,TVC,MI,AGL,CE,Towers with Display (VFR),2,34,12,1,49,1,0,89,31,121,3,34,101,32,170,130,44,174,344
02/12/2001,TVC,MI,AGL,CE,Towers with Display (VFR),4,51,18,1,74,1,6,76,7,90,5,57,94,8,164,170,86,256,420
02/13/2001,TVC,MI,AGL,CE,Towers with Display (VFR),3,64,22,2,91,0,7,70,16,93,3,71,92,18,184,202,30,232,416
02/14/2001,TVC,MI,AGL,CE,Towers with Display (VFR),3,56,13,1,73,0,7,0,14,21,3,63,13,15,94,0,36,36,130
02/15/2001,TVC,MI,AGL,CE,Towers with Display (VFR),3,66,24,2,95,0,0,125,9,134,3,66,149,11,229,168,14,182,411
02/16/2001,TVC,MI,AGL,CE,Towers with Display (VFR),4,60,18,1,83,0,7,0,12,19,4,67,18,13,102,28,18,46,148
02/17/2001,TVC,MI,AGL,CE,Towers with Display (VFR),3,45,14,1,63,2,19,14,7,42,5,64,28,8,105,124,28,152,257
02/18/2001,TVC,MI,AGL,CE,Towers with Display (VFR),3,39,14,1,57,1,0,92,3,96,4,39,106,4,153,140,50,190,343
02/19/2001,TVC,MI,AGL,CE,Towers with Display (VFR),3,47,12,0,62,0,13,0,0,13,3,60,12,0,75,0,0,0,75
02/20/2001,TVC,MI,AGL,CE,Towers with Display (VFR),3,69,24,2,98,0,0,98,10,108,3,69,122,12,206,204,68,272,478
02/21/2001,TVC,MI,AGL,CE,Towers with Display (VFR),3,57,20,1,81,0,0,57,9,66,3,57,77,10,147,142,84,226,373
02/22/2001,TVC,MI,AGL,CE,Towers with Display (VFR),4,66,22,2,94,3,8,8,3,22,7,74,30,5,116,26,6,32,148
02/23/2001,TVC,MI,AGL,CE,Towers with Display (VFR),4,63,21,1,89,3,13,85,3,104,7,76,106,4,193,194,10,204,397
02/24/2001,TVC,MI,AGL,CE,Towers with Display (VFR),1,23,4,0,28,0,7,0,2,9,1,30,4,2,37,12,0,12,49
02/25/2001,TVC,MI,AGL,CE,Towers with Display (VFR),0,23,6,0,29,0,3,0,0,3,0,26,6,0,32,0,0,0,32
02/26/2001,TVC,MI,AGL,CE,Towers with Display (VFR),3,54,19,0,76,0,8,6,7,21,3,62,25,7,97,78,38,116,213
02/27/2001,TVC,MI,AGL,CE,Towers with Display (VFR),3,55,19,0,77,0,2,69,10,81,3,57,88,10,158,142,12,154,312
02/28/2001,TVC,MI,AGL,CE,Towers with Display (VFR),4,66,22,1,93,0,8,63,0,71,4,74,85,1,164,142,2,144,308
03/01/2001,TVC,MI,AGL,CE,Towers with Display (VFR),4,66,20,0,90,0,16,84,11,111,4,82,104,11,201,130,66,196,397
03/02/2001,TVC,MI,AGL,CE,Towers with Display (VFR),4,63,20,0,87,0,5,104,2,111,4,68,124,2,198,228,0,228,426
03/03/2001,TVC,MI,AGL,CE,Towers with Display (VFR),3,48,15,0,66,0,11,118,0,129,3,59,133,0,195,180,0,180,375
03/04/2001,TVC,MI,AGL,CE,Towers with Display (VFR),3,38,12,0,53,0,8,17,0,25,3,46,29,0,78,44,0,44,122
03/05/2001,TVC,MI,AGL,CE,Towers with Display (VFR),3,45,14,0,62,0,0,6,0,6,3,45,20,0,68,0,0,0,68
03/06/2001,TVC,MI,AGL,CE,Towers with Display (VFR),3,54,17,0,74,0,14,11,6,31,3,68,28,6,105,0,8,8,113
03/07/2001,TVC,MI,AGL,CE,Towers with Display (VFR),5,69,22,0,96,0,6,70,33,109,5,75,92,33,205,128,82,210,415
03/08/2001,TVC,MI,AGL,CE,Towers with Display (VFR),5,63,20,0,88,0,11,20,3,34,5,74,40,3,122,60,0,60,182
03/09/2001,TVC,MI,AGL,CE,Towers with Display (VFR),4,60,20,0,84,0,0,33,0,33,4,60,53,0,117,54,0,54,171
03/10/2001,TVC,MI,AGL,CE,Towers with Display (VFR),3,53,16,0,72,0,0,102,3,105,3,53,118,3,177,110,0,110,287
03/11/2001,TVC,MI,AGL,CE,Towers with Display (VFR),3,39,12,0,54,0,2,40,4,46,3,41,52,4,100,62,2,64,164
03/12/2001,TVC,MI,AGL,CE,Towers with Display (VFR),4,55,17,0,76,1,3,33,0,37,5,58,50,0,113,68,2,70,183
03/13/2001,TVC,MI,AGL,CE,Towers with Display (VFR),5,59,18,0,82,1,14,0,2,17,6,73,18,2,99,22,0,22,121
03/14/2001,TVC,MI,AGL,CE,Towers with Display (VFR),4,63,20,0,87,0,6,66,16,88,4,69,86,16,175,148,102,250,425
03/15/2001,TVC,MI,AGL,CE,Towers with Display (VFR),3,53,17,1,74,3,10,103,8,124,6,63,120,9,198,126,24,150,348
03/16/2001,TVC,MI,AGL,CE,Towers with Display (VFR),3,51,16,1,71,4,5,56,2,67,7,56,72,3,138,54,4,58,196
03/17/2001,TVC,MI,AGL,CE,Towers with Display (VFR),3,49,14,0,66,0,9,56,0,65,3,58,70,0,131,110,0,110,241
03/18/2001,TVC,MI,AGL,CE,Towers with Display (VFR),2,37,10,0,49,1,3,92,0,96,3,40,102,0,145,96,0,96,241
03/19/2001,TVC,MI,AGL,CE,Towers with Display (VFR),3,46,12,1,62,1,9,93,1,104,4,55,105,2,166,214,0,214,380
03/20/2001,TVC,MI,AGL,CE,Towers with Display (VFR),4,60,17,1,82,0,5,151,6,162,4,65,168,7,244,230,2,232,476
03/21/2001,TVC,MI,AGL,CE,Towers with Display (VFR),3,58,17,0,78,0,14,112,0,126,3,72,129,0,204,210,0,210,414
03/22/2001,TVC,MI,AGL,CE,Towers with Display (VFR),3,64,19,1,87,0,17,91,4,112,3,81,110,5,199,222,80,302,501
03/23/2001,TVC,MI,AGL,CE,Towers with Display (VFR),3,51,15,1,70,0,22,46,0,68,3,73,61,1,138,112,0,112,250
03/24/2001,TVC,MI,AGL,CE,Towers with Display (VFR),3,47,13,0,63,0,1,0,0,1,3,48,13,0,64,0,0,0,64
03/25/2001,TVC,MI,AGL,CE,Towers with Display (VFR),1,29,6,0,36,2,1,0,0,3,3,30,6,0,39,0,0,0,39
03/26/2001,TVC,MI,AGL,CE,Towers with Display (VFR),3,48,13,0,64,0,14,8,0,22,3,62,21,0,86,18,0,18,104
03/27/2001,TVC,MI,AGL,CE,Towers with Display (VFR),3,59,18,0,80,0,12,39,0,51,3,71,57,0,131,84,0,84,215
03/28/2001,TVC,MI,AGL,CE,Towers with Display (VFR),3,57,18,0,78,0,17,107,4,128,3,74,125,4,206,248,0,248,454
03/29/2001,TVC,MI,AGL,CE,Towers with Display (VFR),3,61,19,0,83,0,4,8,0,12,3,65,27,0,95,26,0,26,121
03/30/2001,TVC,MI,AGL,CE,Towers with Display (VFR),3,61,18,0,82,0,5,71,14,90,3,66,89,14,172,134,100,234,406
03/31/2001,TVC,MI,AGL,CE,Towers with Display (VFR),2,44,14,0,60,1,12,25,5,43,3,56,39,5,103,80,2,82,185
04/01/2001,TVC,MI,AGL,CE,Towers with Display (VFR),3,46,11,0,60,0,0,5,0,5,3,46,16,0,65,6,0,6,71
04/02/2001,TVC,MI,AGL,CE,Towers with Display (VFR),3,58,18,0,79,0,6,27,0,33,3,64,45,0,112,48,0,48,160
04/03/2001,TVC,MI,AGL,CE,Towers with Display (VFR),3,68,19,0,90,0,1,9,0,10,3,69,28,0,100,14,0,14,114
04/04/2001,TVC,MI,AGL,CE,Towers with Display (VFR),3,58,20,3,84,0,10,133,4,147,3,68,153,7,231,208,2,210,441
04/05/2001,TVC,MI,AGL,CE,Towers with Display (VFR),3,60,11,0,74,0,12,95,1,108,3,72,106,1,182,188,0,188,370
04/06/2001,TVC,MI,AGL,CE,Towers with Display (VFR),5,66,32,2,105,0,0,0,1,1,5,66,32,3,106,0,0,0,106
04/07/2001,TVC,MI,AGL,CE,Towers with Display (VFR),2,36,9,4,51,0,4,4,0,8,2,40,13,4,59,0,0,0,59
04/08/2001,TVC,MI,AGL,CE,Towers with Display (VFR),5,38,12,0,55,0,2,34,4,40,5,40,46,4,95,58,0,58,153
04/09/2001,TVC,MI,AGL,CE,Towers with Display (VFR),7,53,16,0,76,0,6,71,5,82,7,59,87,5,158,204,0,204,362
04/10/2001,TVC,MI,AGL,CE,Towers with Display (VFR),3,64,21,3,91,0,8,112,1,121,3,72,133,4,212,376,0,376,588
04/11/2001,TVC,MI,AGL,CE,Towers with Display (VFR),2,74,24,7,107,0,1,3,6,10,2,75,27,13,117,8,2,10,127
04/12/2001,TVC,MI,AGL,CE,Towers with Display (VFR),4,65,18,0,87,0,9,3,10,22,4,74,21,10,109,6,0,6,115
04/13/2001,TVC,MI,AGL,CE,Towers with Display (VFR),4,55,24,2,85,0,12,91,2,105,4,67,115,4,190,174,0,174,364
04/14/2001,TVC,MI,AGL,CE,Towers with Display (VFR),7,46,13,0,66,0,8,105,2,115,7,54,118,2,181,174,0,174,355
04/15/2001,TVC,MI,AGL,CE,Towers with Display (VFR),5,33,17,0,55,0,6,65,1,72,5,39,82,1,127,114,0,114,241
04/16/2001,TVC,MI,AGL,CE,Towers with Display (VFR),3,59,15,0,77,0,9,36,1,46,3,68,51,1,123,58,12,70,193
04/17/2001,TVC,MI,AGL,CE,Towers with Display (VFR),3,68,17,0,88,0,11,57,14,82,3,79,74,14,170,84,62,146,316
04/18/2001,TVC,MI,AGL,CE,Towers with Display (VFR),6,55,18,0,79,1,7,165,2,175,7,62,183,2,254,240,0,240,494
04/19/2001,TVC,MI,AGL,CE,Towers with Display (VFR),11,58,24,0,93,0,25,139,5,169,11,83,163,5,262,268,42,310,572
04/20/2001,TVC,MI,AGL,CE,Towers with Display (VFR),9,65,9,0,83,0,14,54,15,83,9,79,63,15,166,170,68,238,404
04/21/2001,TVC,MI,AGL,CE,Towers with Display (VFR),6,46,29,7,88,0,0,0,0,0,6,46,29,7,88,56,0,56,144
04/22/2001,TVC,MI,AGL,CE,Towers with Display (VFR),3,36,16,0,55,0,11,52,2,65,3,47,68,2,120,124,0,124,244
04/23/2001,TVC,MI,AGL,CE,Towers with Display (VFR),4,50,13,0,67,0,5,18,15,38,4,55,31,15,105,26,16,42,147
04/24/2001,TVC,MI,AGL,CE,Towers with Display (VFR),10,68,16,0,94,0,15,60,14,89,10,83,76,14,183,114,0,114,297
04/25/2001,TVC,MI,AGL,CE,Towers with Display (VFR),11,56,18,0,85,0,18,145,4,167,11,74,163,4,252,260,0,260,512
04/26/2001,TVC,MI,AGL,CE,Towers with Display (VFR),6,56,19,0,81,0,15,55,2,72,6,71,74,2,153,64,0,64,217
04/27/2001,TVC,MI,AGL,CE,Towers with Display (VFR),7,57,29,0,93,0,19,156,12,187,7,76,185,12,280,288,46,334,614
04/28/2001,TVC,MI,AGL,CE,Towers with Display (VFR),6,50,13,0,69,0,13,142,3,158,6,63,155,3,227,272,8,280,507
04/29/2001,TVC,MI,AGL,CE,Towers with Display (VFR),4,40,12,0,56,0,9,111,2,122,4,49,123,2,178,144,20,164,342
04/30/2001,TVC,MI,AGL,CE,Towers with Display (VFR),12,51,13,0,76,0,14,109,4,127,12,65,122,4,203,170,0,170,373
05/01/2001,TVC,MI,AGL,CE,Towers with Display (VFR),19,62,23,0,104,4,28,99,10,141,23,90,122,10,245,148,22,170,415
05/02/2001,TVC,MI,AGL,CE,Towers with Display (VFR),12,55,12,1,80,1,15,58,2,76,13,70,70,3,156,32,188,220,376
05/03/2001,TVC,MI,AGL,CE,Towers with Display (VFR),8,63,32,2,105,1,1,16,1,19,9,64,48,3,124,46,0,46,170
05/04/2001,TVC,MI,AGL,CE,Towers with Display (VFR),7,67,25,2,101,1,7,78,5,91,8,74,103,7,192,248,20,268,460
05/05/2001,TVC,MI,AGL,CE,Towers with Display (VFR),5,45,8,0,58,0,10,87,0,97,5,55,95,0,155,122,0,122,277
05/06/2001,TVC,MI,AGL,CE,Towers with Display (VFR),12,30,17,0,59,0,4,37,0,41,12,34,54,0,100,28,0,28,128
05/07/2001,TVC,MI,AGL,CE,Towers with Display (VFR),6,46,22,4,78,0,8,53,1,62,6,54,75,5,140,78,44,122,262
05/08/2001,TVC,MI,AGL,CE,Towers with Display (VFR),9,58,25,0,92,1,12,62,8,83,10,70,87,8,175,120,20,140,315
05/09/2001,TVC,MI,AGL,CE,Towers with Display (VFR),5,46,20,0,71,0,34,141,4,179,5,80,161,4,250,254,14,268,518
05/10/2001,TVC,MI,AGL,CE,Towers with Display (VFR),5,61,21,0,87,0,8,47,6,61,5,69,68,6,148,94,16,110,258
05/11/2001,TVC,MI,AGL,CE,Towers with Display (VFR),11,60,35,0,106,0,8,31,5,44,11,68,66,5,150,42,0,42,192
05/12/2001,TVC,MI,AGL,CE,Towers with Display (VFR),6,43,20,0,69,0,6,92,2,100,6,49,112,2,169,74,0,74,243
05/13/2001,TVC,MI,AGL,CE,Towers with Display (VFR),6,35,9,0,50,0,4,56,7,67,6,39,65,7,117,86,30,116,233
05/14/2001,TVC,MI,AGL,CE,Towers with Display (VFR),5,44,34,0,83,0,19,135,6,160,5,63,169,6,243,244,0,244,487
05/15/2001,TVC,MI,AGL,CE,Towers with Display (VFR),4,58,25,0,87,0,10,2,1,13,4,68,27,1,100,22,0,22,122
05/16/2001,TVC,MI,AGL,CE,Towers with Display (VFR),10,64,20,0,94,0,4,55,2,61,10,68,75,2,155,156,0,156,311
05/17/2001,TVC,MI,AGL,CE,Towers with Display (VFR),8,56,27,1,92,0,8,123,9,140,8,64,150,10,232,208,0,208,440
05/18/2001,TVC,MI,AGL,CE,Towers with Display (VFR),5,52,21,1,79,0,26,102,5,133,5,78,123,6,212,154,78,232,444
05/19/2001,TVC,MI,AGL,CE,Towers with Display (VFR),5,42,16,0,63,0,13,89,3,105,5,55,105,3,168,66,2,68,236
05/20/2001,TVC,MI,AGL,CE,Towers with Display (VFR),6,36,17,0,59,0,6,112,8,126,6,42,129,8,185,38,0,38,223
05/21/2001,TVC,MI,AGL,CE,Towers with Display (VFR),10,57,18,2,87,0,12,27,8,47,10,69,45,10,134,56,0,56,190
05/22/2001,TVC,MI,AGL,CE,Towers with Display (VFR),5,59,36,0,100,0,8,90,9,107,5,67,126,9,207,238,4,242,449
05/23/2001,TVC,MI,AGL,CE,Towers with Display (VFR),9,62,19,0,90,0,13,87,12,112,9,75,106,12,202,108,94,202,404
05/24/2001,TVC,MI,AGL,CE,Towers with Display (VFR),6,69,25,0,100,0,10,68,1,79,6,79,93,1,179,134,0,134,313
05/25/2001,TVC,MI,AGL,CE,Towers with Display (VFR),5,67,51,0,123,0,11,27,1,39,5,78,78,1,162,50,0,50,212
05/26/2001,TVC,MI,AGL,CE,Towers with Display (VFR),15,38,10,0,63,0,8,24,4,36,15,46,34,4,99,52,0,52,151
05/27/2001,TVC,MI,AGL,CE,Towers with Display (VFR),12,32,17,0,61,0,0,6,5,11,12,32,23,5,72,0,36,36,108
05/28/2001,TVC,MI,AGL,CE,Towers with Display (VFR),7,39,20,0,66,2,0,78,3,83,9,39,98,3,149,44,8,52,201
05/29/2001,TVC,MI,AGL,CE,Towers with Display (VFR),5,56,28,0,89,0,14,135,5,154,5,70,163,5,243,182,0,182,425
05/30/2001,TVC,MI,AGL,CE,Towers with Display (VFR),6,63,27,8,104,0,17,144,5,166,6,80,171,13,270,182,4,186,456
05/31/2001,TVC,MI,AGL,CE,Towers with Display (VFR),5,64,24,0,93,1,9,115,2,127,6,73,139,2,220,242,0,242,462
06/01/2001,TVC,MI,AGL,CE,Towers with Display (VFR),8,67,38,1,114,0,0,11,4,15,8,67,49,5,129,28,0,28,157
06/02/2001,TVC,MI,AGL,CE,Towers with Display (VFR),10,43,23,0,76,1,0,0,4,5,11,43,23,4,81,0,0,0,81
06/03/2001,TVC,MI,AGL,CE,Towers with Display (VFR),9,37,22,0,68,2,4,5,2,13,11,41,27,2,81,14,0,14,95
06/04/2001,TVC,MI,AGL,CE,Towers with Display (VFR),9,51,29,1,90,0,11,48,7,66,9,62,77,8,156,112,0,112,268
06/05/2001,TVC,MI,AGL,CE,Towers with Display (VFR),8,41,24,0,73,0,22,104,12,138,8,63,128,12,211,268,4,272,483
06/06/2001,TVC,MI,AGL,CE,Towers with Display (VFR),9,48,28,0,85,0,17,88,12,117,9,65,116,12,202,160,60,220,422
06/07/2001,TVC,MI,AGL,CE,Towers with Display (VFR),9,60,35,1,105,0,30,109,13,152,9,90,144,14,257,180,26,206,463
06/08/2001,TVC,MI,AGL,CE,Towers with Display (VFR),8,54,31,2,95,0,23,148,8,179,8,77,179,10,274,176,106,282,556
06/09/2001,TVC,MI,AGL,CE,Towers with Display (VFR),6,39,23,1,69,0,8,101,10,119,6,47,124,11,188,80,78,158,346
06/10/2001,TVC,MI,AGL,CE,Towers with Display (VFR),9,37,26,1,73,0,0,57,3,60,9,37,83,4,133,66,6,72,205
06/11/2001,TVC,MI,AGL,CE,Towers with Display (VFR),5,50,29,1,85,0,7,96,4,107,5,57,125,5,192,232,0,232,424
06/12/2001,TVC,MI,AGL,CE,Towers with Display (VFR),9,49,29,1,88,0,20,96,10,126,9,69,125,11,214,114,0,114,328
06/13/2001,TVC,MI,AGL,CE,Towers with Display (VFR),9,55,31,2,97,0,16,111,5,132,9,71,142,7,229,132,0,132,361
06/14/2001,TVC,MI,AGL,CE,Towers with Display (VFR),8,46,27,1,82,0,34,111,6,151,8,80,138,7,233,230,0,230,463
06/15/2001,TVC,MI,AGL,CE,Towers with Display (VFR),6,57,32,2,97,0,14,35,4,53,6,71,67,6,150,40,0,40,190
06/16/2001,TVC,MI,AGL,CE,Towers with Display (VFR),10,52,28,2,92,6,11,121,3,141,16,63,149,5,233,152,22,174,407
06/17/2001,TVC,MI,AGL,CE,Towers with Display (VFR),8,50,28,1,87,0,6,121,3,130,8,56,149,4,217,42,0,42,259
06/18/2001,TVC,MI,AGL,CE,Towers with Display (VFR),10,49,27,1,87,0,24,43,5,72,10,73,70,6,159,54,14,68,227
06/19/2001,TVC,MI,AGL,CE,Towers with Display (VFR),8,55,30,2,95,0,33,65,18,116,8,88,95,20,211,138,6,144,355
06/20/2001,TVC,MI,AGL,CE,Towers with Display (VFR),8,56,30,2,96,0,23,127,7,157,8,79,157,9,253,264,6,270,523
06/21/2001,TVC,MI,AGL,CE,Towers with Display (VFR),8,62,34,2,106,0,11,90,5,106,8,73,124,7,212,204,0,204,416
06/22/2001,TVC,MI,AGL,CE,Towers with Display (VFR),9,74,46,2,131,0,0,62,3,65,9,74,108,5,196,72,0,72,268
06/23/2001,TVC,MI,AGL,CE,Towers with Display (VFR),8,44,24,1,77,0,24,143,2,169,8,68,167,3,246,186,0,186,432
06/24/2001,TVC,MI,AGL,CE,Towers with Display (VFR),8,50,28,0,86,0,9,163,0,172,8,59,191,0,258,82,4,86,344
06/25/2001,TVC,MI,AGL,CE,Towers with Display (VFR),8,47,27,0,82,0,24,120,10,154,8,71,147,10,236,156,34,190,426
06/26/2001,TVC,MI,AGL,CE,Towers with Display (VFR),9,55,31,1,96,0,21,126,7,154,9,76,157,8,250,216,0,216,466
06/27/2001,TVC,MI,AGL,CE,Towers with Display (VFR),10,65,37,1,113,0,10,104,4,118,10,75,141,5,231,162,0,162,393
06/28/2001,TVC,MI,AGL,CE,Towers with Display (VFR),8,74,42,1,125,0,12,154,22,188,8,86,196,23,313,266,4,270,583
06/29/2001,TVC,MI,AGL,CE,Towers with Display (VFR),8,74,42,1,125,0,17,149,14,180,8,91,191,15,305,222,0,222,527
06/30/2001,TVC,MI,AGL,CE,Towers with Display (VFR),9,51,29,1,90,0,13,47,9,69,9,64,76,10,159,36,0,36,195
07/01/2001,TVC,MI,AGL,CE,Towers with Display (VFR),7,40,26,0,73,0,9,42,2,53,7,49,68,2,126,16,4,20,146
07/02/2001,TVC,MI,AGL,CE,Towers with Display (VFR),8,46,30,0,84,1,28,148,4,181,9,74,178,4,265,240,4,244,509
07/03/2001,TVC,MI,AGL,CE,Towers with Display (VFR),8,56,36,0,100,0,17,105,3,125,8,73,141,3,225,170,18,188,413
07/04/2001,TVC,MI,AGL,CE,Towers with Display (VFR),7,40,25,0,72,1,16,51,3,71,8,56,76,3,143,32,0,32,175
07/05/2001,TVC,MI,AGL,CE,Towers with Display (VFR),9,60,38,0,107,0,23,135,10,168,9,83,173,10,275,210,32,242,517
07/06/2001,TVC,MI,AGL,CE,Towers with Display (VFR),7,57,37,0,101,0,23,136,13,172,7,80,173,13,273,146,20,166,439
07/07/2001,TVC,MI,AGL,CE,Towers with Display (VFR),8,46,30,0,84,2,22,91,17,132,10,68,121,17,216,20,14,34,250
07/08/2001,TVC,MI,AGL,CE,Towers with Display (VFR),9,58,37,0,104,0,14,176,17,207,9,72,213,17,311,124,0,124,435
07/09/2001,TVC,MI,AGL,CE,Towers with Display (VFR),8,63,41,1,113,0,4,121,10,135,8,67,162,11,248,230,0,230,478
07/10/2001,TVC,MI,AGL,CE,Towers with Display (VFR),8,60,39,1,108,0,37,113,14,164,8,97,152,15,272,268,0,268,540
07/11/2001,TVC,MI,AGL,CE,Towers with Display (VFR),8,61,40,1,110,0,28,154,14,196,8,89,194,15,306,160,0,160,466
07/12/2001,TVC,MI,AGL,CE,Towers with Display (VFR),8,62,40,1,111,0,30,160,9,199,8,92,200,10,310,226,40,266,576
07/13/2001,TVC,MI,AGL,CE,Towers with Display (VFR),10,70,45,1,126,1,12,164,12,189,11,82,209,13,315,146,6,152,467
07/14/2001,TVC,MI,AGL,CE,Towers with Display (VFR),7,48,31,1,87,4,3,148,4,159,11,51,179,5,246,220,0,220,466
07/15/2001,TVC,MI,AGL,CE,Towers with Display (VFR),10,66,43,1,120,0,0,110,6,116,10,66,153,7,236,104,22,126,362
07/16/2001,TVC,MI,AGL,CE,Towers with Display (VFR),7,50,31,1,89,1,21,114,1,137,8,71,145,2,226,188,2,190,416
07/17/2001,TVC,MI,AGL,CE,Towers with Display (VFR),10,71,44,1,126,0,6,110,6,122,10,77,154,7,248,266,0,266,514
07/18/2001,TVC,MI,AGL,CE,Towers with Display (VFR),9,69,43,1,122,0,0,133,3,136,9,69,176,4,258,214,0,214,472
07/19/2001,TVC,MI,AGL,CE,Towers with Display (VFR),9,75,47,1,132,0,4,95,7,106,9,79,142,8,238,86,18,104,342
07/20/2001,TVC,MI,AGL,CE,Towers with Display (VFR),9,64,40,1,114,1,18,64,2,85,10,82,104,3,199,82,0,82,281
07/21/2001,TVC,MI,AGL,CE,Towers with Display (VFR),7,52,32,1,92,2,4,46,7,59,9,56,78,8,151,70,34,104,255
07/22/2001,TVC,MI,AGL,CE,Towers with Display (VFR),7,51,31,1,90,1,0,64,1,66,8,51,95,2,156,76,0,76,232
07/23/2001,TVC,MI,AGL,CE,Towers with Display (VFR),9,62,38,1,110,1,9,123,5,138,10,71,161,6,248,198,2,200,448
07/24/2001,TVC,MI,AGL,CE,Towers with Display (VFR),9,58,36,1,104,1,16,146,4,167,10,74,182,5,271,198,0,198,469
07/25/2001,TVC,MI,AGL,CE,Towers with Display (VFR),9,75,47,1,132,0,3,134,12,149,9,78,181,13,281,250,34,284,565
07/26/2001,TVC,MI,AGL,CE,Towers with Display (VFR),9,78,49,2,138,0,27,199,1,227,9,105,248,3,365,206,0,206,571
07/27/2001,TVC,MI,AGL,CE,Towers with Display (VFR),8,66,41,1,116,0,6,146,2,154,8,72,187,3,270,88,8,96,366
07/28/2001,TVC,MI,AGL,CE,Towers with Display (VFR),7,46,28,1,82,2,8,126,0,136,9,54,154,1,218,52,2,54,272
07/29/2001,TVC,MI,AGL,CE,Towers with Display (VFR),8,50,33,0,91,3,0,99,0,102,11,50,132,0,193,76,0,76,269
07/30/2001,TVC,MI,AGL,CE,Towers with Display (VFR),8,62,38,1,109,0,8,92,10,110,8,70,130,11,219,98,56,154,373
07/31/2001,TVC,MI,AGL,CE,Towers with Display (VFR),10,73,46,1,130,0,18,142,10,170,10,91,188,11,300,162,0,162,462
08/01/2001,TVC,MI,AGL,CE,Towers with Display (VFR),9,66,44,1,120,0,17,84,1,102,9,83,128,2,222,110,26,136,358
08/02/2001,TVC,MI,AGL,CE,Towers with Display (VFR),9,71,47,1,128,0,4,70,3,77,9,75,117,4,205,146,58,204,409
08/03/2001,TVC,MI,AGL,CE,Towers with Display (VFR),9,73,49,1,132,0,13,155,1,169,9,86,204,2,301,242,4,246,547
08/04/2001,TVC,MI,AGL,CE,Towers with Display (VFR),9,58,38,1,106,0,4,256,6,266,9,62,294,7,372,258,2,260,632
08/05/2001,TVC,MI,AGL,CE,Towers with Display (VFR),8,54,36,1,99,2,5,137,5,149,10,59,173,6,248,198,36,234,482
08/06/2001,TVC,MI,AGL,CE,Towers with Display (VFR),8,54,36,1,99,1,8,118,5,132,9,62,154,6,231,120,8,128,359
08/07/2001,TVC,MI,AGL,CE,Towers with Display (VFR),9,61,40,1,111,0,16,139,8,163,9,77,179,9,274,226,2,228,502
08/08/2001,TVC,MI,AGL,CE,Towers with Display (VFR),10,73,48,1,132,0,14,119,2,135,10,87,167,3,267,160,0,160,427
08/09/2001,TVC,MI,AGL,CE,Towers with Display (VFR),8,65,43,1,117,0,11,96,12,119,8,76,139,13,236,114,40,154,390
08/10/2001,TVC,MI,AGL,CE,Towers with Display (VFR),8,74,49,1,132,0,14,172,8,194,8,88,221,9,326,194,4,198,524
08/11/2001,TVC,MI,AGL,CE,Towers with Display (VFR),8,55,37,1,101,0,21,110,4,135,8,76,147,5,236,88,0,88,324
08/12/2001,TVC,MI,AGL,CE,Towers with Display (VFR),8,55,37,1,101,2,0,123,1,126,10,55,160,2,227,174,0,174,401
08/13/2001,TVC,MI,AGL,CE,Towers with Display (VFR),8,56,37,1,102,1,22,100,6,129,9,78,137,7,231,180,0,180,411
08/14/2001,TVC,MI,AGL,CE,Towers with Display (VFR),8,52,35,1,96,1,24,164,10,199,9,76,199,11,295,224,2,226,521
08/15/2001,TVC,MI,AGL,CE,Towers with Display (VFR),8,60,40,2,110,3,25,80,2,110,11,85,120,4,220,208,50,258,478
08/16/2001,TVC,MI,AGL,CE,Towers with Display (VFR),9,73,48,2,132,0,9,19,3,31,9,82,67,5,163,40,0,40,203
08/17/2001,TVC,MI,AGL,CE,Towers with Display (VFR),8,78,50,2,138,0,8,66,10,84,8,86,116,12,222,86,44,130,352
08/18/2001,TVC,MI,AGL,CE,Towers with Display (VFR),6,47,30,1,84,3,24,59,4,90,9,71,89,5,174,140,50,190,364
08/19/2001,TVC,MI,AGL,CE,Towers with Display (VFR),7,50,32,0,89,2,10,33,0,45,9,60,65,0,134,4,0,4,138
08/20/2001,TVC,MI,AGL,CE,Towers with Display (VFR),7,54,34,2,97,1,27,130,10,168,8,81,164,12,265,132,146,278,543
08/21/2001,TVC,MI,AGL,CE,Towers with Display (VFR),6,57,36,2,101,0,29,142,4,175,6,86,178,6,276,214,52,266,542
08/22/2001,TVC,MI,AGL,CE,Towers with Display (VFR),8,60,39,2,109,0,17,85,2,104,8,77,124,4,213,250,60,310,523
08/23/2001,TVC,MI,AGL,CE,Towers with Display (VFR),7,76,49,2,134,0,11,58,8,77,7,87,107,10,211,180,16,196,407
08/24/2001,TVC,MI,AGL,CE,Towers with Display (VFR),8,74,47,2,131,0,0,107,15,122,8,74,154,17,253,148,12,160,413
08/25/2001,TVC,MI,AGL,CE,Towers with Display (VFR),6,43,29,0,78,2,0,27,6,35,8,43,56,6,113,8,0,8,121
08/26/2001,TVC,MI,AGL,CE,Towers with Display (VFR),7,49,36,1,93,2,0,56,6,64,9,49,92,7,157,76,64,140,297
08/27/2001,TVC,MI,AGL,CE,Towers with Display (VFR),6,48,32,0,86,3,15,86,4,108,9,63,118,4,194,160,0,160,354
08/28/2001,TVC,MI,AGL,CE,Towers with Display (VFR),8,64,41,1,114,0,18,118,10,146,8,82,159,11,260,188,68,256,516
08/29/2001,TVC,MI,AGL,CE,Towers with Display (VFR),7,54,35,1,97,1,16,171,3,191,8,70,206,4,288,224,7,231,519
08/30/2001,TVC,MI,AGL,CE,Towers with Display (VFR),8,59,39,1,107,0,29,55,3,87,8,88,94,4,194,72,2,74,268
08/31/2001,TVC,MI,AGL,CE,Towers with Display (VFR),7,57,37,1,102,0,13,96,2,111,7,70,133,3,213,168,6,174,387
09/01/2001,TVC,MI,AGL,CE,Towers with Display (VFR),4,44,22,0,70,0,4,122,4,130,4,48,144,4,200,130,48,178,378
09/02/2001,TVC,MI,AGL,CE,Towers with Display (VFR),4,34,18,0,56,1,9,105,5,120,5,43,123,5,176,118,72,190,366
09/03/2001,TVC,MI,AGL,CE,Towers with Display (VFR),4,55,28,0,87,0,1,120,0,121,4,56,148,0,208,36,3,39,247
09/04/2001,TVC,MI,AGL,CE,Towers with Display (VFR),7,70,36,1,114,4,8,133,9,154,11,78,169,10,268,222,4,226,494
09/05/2001,TVC,MI,AGL,CE,Towers with Display (VFR),4,53,27,0,84,0,18,128,7,153,4,71,155,7,237,160,2,162,399
09/06/2001,TVC,MI,AGL,CE,Towers with Display (VFR),4,64,33,1,102,0,27,126,11,164,4,91,159,12,266,236,64,300,566
09/07/2001,TVC,MI,AGL,CE,Towers with Display (VFR),4,58,29,1,92,0,7,52,1,60,4,65,81,2,152,88,0,88,240
09/08/2001,TVC,MI,AGL,CE,Towers with Display (VFR),4,42,22,1,69,1,2,21,1,25,5,44,43,2,94,40,48,88,182
09/09/2001,TVC,MI,AGL,CE,Towers with Display (VFR),4,34,21,1,60,3,0,18,1,22,7,34,39,2,82,18,66,84,166
09/10/2001,TVC,MI,AGL,CE,Towers with Display (VFR),5,47,24,1,77,0,14,106,9,129,5,61,130,10,206,96,10,106,312
09/11/2001,TVC,MI,AGL,CE,Towers with Display (VFR),0,0,0,0,0,2,32,36,2,72,2,32,36,2,72,54,0,54,126
09/12/2001,TVC,MI,AGL,CE,Towers with Display (VFR),0,0,0,0,0,0,15,0,3,18,0,15,0,3,18,0,0,0,18
09/13/2001,TVC,MI,AGL,CE,Towers with Display (VFR),2,19,0,1,22,1,15,0,12,28,3,34,0,13,50,0,178,178,228
09/14/2001,TVC,MI,AGL,CE,Towers with Display (VFR),3,39,4,1,47,1,25,0,13,39,4,64,4,14,86,0,44,44,130
09/15/2001,TVC,MI,AGL,CE,Towers with Display (VFR),4,47,24,1,76,0,2,8,6,16,4,49,32,7,92,0,0,0,92
09/16/2001,TVC,MI,AGL,CE,Towers with Display (VFR),4,37,23,1,65,0,0,12,1,13,4,37,35,2,78,0,78,78,156
09/17/2001,TVC,MI,AGL,CE,Towers with Display (VFR),4,43,14,1,62,0,15,0,17,32,4,58,14,18,94,2,86,88,182
09/18/2001,TVC,MI,AGL,CE,Towers with Display (VFR),4,62,30,2,98,0,9,0,16,25,4,71,30,18,123,0,154,154,277
09/19/2001,TVC,MI,AGL,CE,Towers with Display (VFR),4,51,9,1,65,0,9,0,13,22,4,60,9,14,87,0,0,0,87
09/20/2001,TVC,MI,AGL,CE,Towers with Display (VFR),4,75,39,2,120,0,0,12,4,16,4,75,51,6,136,0,0,0,136
09/21/2001,TVC,MI,AGL,CE,Towers with Display (VFR),4,65,33,2,104,0,0,27,18,45,4,65,60,20,149,0,0,0,149
09/22/2001,TVC,MI,AGL,CE,Towers with Display (VFR),4,46,24,1,75,1,0,78,6,85,5,46,102,7,160,106,4,110,270
09/23/2001,TVC,MI,AGL,CE,Towers with Display (VFR),3,32,14,1,50,1,0,0,3,4,4,32,14,4,54,0,0,0,54
09/24/2001,TVC,MI,AGL,CE,Towers with Display (VFR),4,49,24,1,78,3,9,7,10,29,7,58,31,11,107,22,8,30,137
09/25/2001,TVC,MI,AGL,CE,Towers with Display (VFR),4,50,21,1,76,1,12,0,10,23,5,62,21,11,99,24,192,216,315
09/26/2001,TVC,MI,AGL,CE,Towers with Display (VFR),4,64,32,1,101,0,9,5,11,25,4,73,37,12,126,42,70,112,238
09/27/2001,TVC,MI,AGL,CE,Towers with Display (VFR),4,58,29,1,92,0,50,60,10,120,4,108,89,11,212,224,80,304,516
09/28/2001,TVC,MI,AGL,CE,Towers with Display (VFR),4,53,27,0,84,0,15,131,8,154,4,68,158,8,238,266,188,454,692
09/29/2001,TVC,MI,AGL,CE,Towers with Display (VFR),3,34,17,0,54,1,10,122,0,133,4,44,139,0,187,102,0,102,289
09/30/2001,TVC,MI,AGL,CE,Towers with Display (VFR),3,37,19,0,59,2,20,102,0,124,5,57,121,0,183,50,0,50,233
10/01/2001,TVC,MI,AGL,CE,Towers with Display (VFR),4,41,18,0,63,0,18,106,4,128,4,59,124,4,191,116,0,116,307
10/02/2001,TVC,MI,AGL,CE,Towers with Display (VFR),4,52,23,0,79,0,35,134,2,171,4,87,157,2,250,208,8,216,466
10/03/2001,TVC,MI,AGL,CE,Towers with Display (VFR),6,58,26,0,90,0,11,99,7,117,6,69,125,7,207,114,0,114,321
10/04/2001,TVC,MI,AGL,CE,Towers with Display (VFR),4,56,25,0,85,0,13,133,16,162,4,69,158,16,247,306,6,312,559
10/05/2001,TVC,MI,AGL,CE,Towers with Display (VFR),5,50,22,0,77,0,20,108,6,134,5,70,130,6,211,246,0,246,457
10/06/2001,TVC,MI,AGL,CE,Towers with Display (VFR),3,30,14,0,47,1,8,0,2,11,4,38,14,2,58,0,0,0,58
10/07/2001,TVC,MI,AGL,CE,Towers with Display (VFR),3,28,13,0,44,1,1,44,9,55,4,29,57,9,99,56,12,68,167
10/08/2001,TVC,MI,AGL,CE,Towers with Display (VFR),5,44,19,0,68,0,13,126,3,142,5,57,145,3,210,176,4,180,390
10/09/2001,TVC,MI,AGL,CE,Towers with Display (VFR),4,54,24,1,83,0,17,46,5,68,4,71,70,6,151,136,0,136,287
10/10/2001,TVC,MI,AGL,CE,Towers with Display (VFR),5,53,23,1,82,0,14,40,3,57,5,67,63,4,139,50,0,50,189
10/11/2001,TVC,MI,AGL,CE,Towers with Display (VFR),4,58,25,1,88,0,7,148,6,161,4,65,173,7,249,240,60,300,549
10/12/2001,TVC,MI,AGL,CE,Towers with Display (VFR),6,59,26,1,92,0,0,2,8,10,6,59,28,9,102,10,28,38,140
10/13/2001,TVC,MI,AGL,CE,Towers with Display (VFR),4,41,22,1,68,0,0,18,1,19,4,41,40,2,87,0,14,14,101
10/14/2001,TVC,MI,AGL,CE,Towers with Display (VFR),4,40,19,1,64,0,0,31,5,36,4,40,50,6,100,2,22,24,124
10/15/2001,TVC,MI,AGL,CE,Towers with Display (VFR),5,50,22,1,78,0,0,72,6,78,5,50,94,7,156,256,0,256,412
10/16/2001,TVC,MI,AGL,CE,Towers with Display (VFR),4,51,21,1,77,0,14,84,9,107,4,65,105,10,184,166,46,212,396
10/17/2001,TVC,MI,AGL,CE,Towers with Display (VFR),4,58,24,1,87,0,14,135,21,170,4,72,159,22,257,256,76,332,589
10/18/2001,TVC,MI,AGL,CE,Towers with Display (VFR),4,51,21,1,77,2,12,110,10,134,6,63,131,11,211,184,0,184,395
10/19/2001,TVC,MI,AGL,CE,Towers with Display (VFR),4,52,22,1,79,1,6,136,5,148,5,58,158,6,227,244,14,258,485
10/20/2001,TVC,MI,AGL,CE,Towers with Display (VFR),3,33,13,1,50,2,23,92,1,118,5,56,105,2,168,166,50,216,384
10/21/2001,TVC,MI,AGL,CE,Towers with Display (VFR),4,42,17,1,64,1,8,65,2,76,5,50,82,3,140,20,36,56,196
10/22/2001,TVC,MI,AGL,CE,Towers with Display (VFR),4,52,22,1,79,0,20,150,11,181,4,72,172,12,260,280,58,338,598
10/23/2001,TVC,MI,AGL,CE,Towers with Display (VFR),5,64,25,1,95,0,30,0,5,35,5,94,25,6,130,130,0,130,260
10/24/2001,TVC,MI,AGL,CE,Towers with Display (VFR),4,58,24,1,87,0,28,17,2,47,4,86,41,3,134,48,0,48,182
10/25/2001,TVC,MI,AGL,CE,Towers with Display (VFR),4,46,13,1,64,1,6,0,1,8,5,52,13,2,72,0,12,12,84
10/26/2001,TVC,MI,AGL,CE,Towers with Display (VFR),4,47,20,1,72,1,4,3,5,13,5,51,23,6,85,0,30,30,115
10/27/2001,TVC,MI,AGL,CE,Towers with Display (VFR),3,34,13,1,51,3,5,6,1,15,6,39,19,2,66,38,68,106,172
10/28/2001,TVC,MI,AGL,CE,Towers with Display (VFR),2,29,12,1,44,0,0,29,3,32,2,29,41,4,76,18,64,82,158
10/29/2001,TVC,MI,AGL,CE,Towers with Display (VFR),3,49,21,0,73,0,9,125,9,143,3,58,146,9,216,306,48,354,570
10/30/2001,TVC,MI,AGL,CE,Towers with Display (VFR),2,51,22,0,75,0,20,114,7,141,2,71,136,7,216,244,18,262,478
10/31/2001,TVC,MI,AGL,CE,Towers with Display (VFR),3,43,19,0,65,0,17,67,10,94,3,60,86,10,159,244,36,280,439
11/01/2001,TVC,MI,AGL,CE,Towers with Display (VFR),3,44,24,0,71,0,9,8,5,22,3,53,32,5,93,22,0,22,115
11/02/2001,TVC,MI,AGL,CE,Towers with Display (VFR),2,40,21,0,63,0,13,87,7,107,2,53,108,7,170,188,40,228,398
11/03/2001,TVC,MI,AGL,CE,Towers with Display (VFR),2,31,17,0,50,0,15,119,3,137,2,46,136,3,187,318,0,318,505
11/04/2001,TVC,MI,AGL,CE,Towers with Display (VFR),2,23,12,0,37,0,45,100,5,150,2,68,112,5,187,162,52,214,401
11/05/2001,TVC,MI,AGL,CE,Towers with Display (VFR),2,36,19,0,57,0,13,114,7,134,2,49,133,7,191,292,12,304,495
11/06/2001,TVC,MI,AGL,CE,Towers with Display (VFR),3,42,23,0,68,0,8,146,8,162,3,50,169,8,230,265,72,337,567
11/07/2001,TVC,MI,AGL,CE,Towers with Display (VFR),3,56,30,0,89,0,5,65,3,73,3,61,95,3,162,258,2,260,422
11/08/2001,TVC,MI,AGL,CE,Towers with Display (VFR),2,48,23,0,73,0,18,0,3,21,2,66,23,3,94,0,0,0,94
11/09/2001,TVC,MI,AGL,CE,Towers with Display (VFR),2,48,26,0,76,0,7,110,11,128,2,55,136,11,204,158,36,194,398
11/10/2001,TVC,MI,AGL,CE,Towers with Display (VFR),1,30,16,1,48,1,4,88,13,106,2,34,104,14,154,134,20,154,308
11/11/2001,TVC,MI,AGL,CE,Towers with Display (VFR),1,23,13,1,38,1,3,86,11,101,2,26,99,12,139,160,20,180,319
11/12/2001,TVC,MI,AGL,CE,Towers with Display (VFR),2,41,22,1,66,0,3,140,6,149,2,44,162,7,215,262,34,296,511
11/13/2001,TVC,MI,AGL,CE,Towers with Display (VFR),2,52,28,1,83,0,4,68,10,82,2,56,96,11,165,178,0,178,343
11/14/2001,TVC,MI,AGL,CE,Towers with Display (VFR),2,55,30,1,88,0,0,88,3,91,2,55,118,4,179,178,0,178,357
11/15/2001,TVC,MI,AGL,CE,Towers with Display (VFR),2,52,27,1,82,0,0,37,11,48,2,52,64,12,130,108,38,146,276
11/16/2001,TVC,MI,AGL,CE,Towers with Display (VFR),2,51,26,1,80,0,1,128,7,136,2,52,154,8,216,286,12,298,514
11/17/2001,TVC,MI,AGL,CE,Towers with Display (VFR),1,30,15,1,47,2,7,107,6,122,3,37,122,7,169,220,16,236,405
11/18/2001,TVC,MI,AGL,CE,Towers with Display (VFR),1,23,16,1,41,3,0,36,1,40,4,23,52,2,81,46,0,46,127
11/19/2001,TVC,MI,AGL,CE,Towers with Display (VFR),2,39,20,1,62,0,0,10,3,13,2,39,30,4,75,22,0,22,97
11/20/2001,TVC,MI,AGL,CE,Towers with Display (VFR),2,48,24,1,75,0,24,102,21,147,2,72,126,22,222,226,22,248,470
11/21/2001,TVC,MI,AGL,CE,Towers with Display (VFR),2,47,24,1,74,0,12,132,6,150,2,59,156,7,224,288,24,312,536
11/22/2001,TVC,MI,AGL,CE,Towers with Display (VFR),0,18,8,1,27,2,2,28,53,85,2,20,36,54,112,0,0,0,112
11/23/2001,TVC,MI,AGL,CE,Towers with Display (VFR),2,34,17,1,54,0,12,72,1,85,2,46,89,2,139,160,0,160,299
11/24/2001,TVC,MI,AGL,CE,Towers with Display (VFR),1,26,15,1,43,1,0,3,1,5,2,26,18,2,48,26,16,42,90
11/25/2001,TVC,MI,AGL,CE,Towers with Display (VFR),3,26,24,1,54,0,0,0,1,1,3,26,24,2,55,4,0,4,59
11/26/2001,TVC,MI,AGL,CE,Towers with Display (VFR),0,0,0,0,0,3,53,28,9,93,3,53,28,9,93,22,18,40,133
11/27/2001,TVC,MI,AGL,CE,Towers with Display (VFR),0,0,0,0,0,4,51,7,3,65,4,51,7,3,65,0,0,0,65
11/28/2001,TVC,MI,AGL,CE,Towers with Display (VFR),2,44,20,1,67,0,16,0,18,34,2,60,20,19,101,0,18,18,119
11/29/2001,TVC,MI,AGL,CE,Towers with Display (VFR),3,63,32,1,99,0,1,1,6,8,3,64,33,7,107,10,12,22,129
11/30/2001,TVC,MI,AGL,CE,Towers with Display (VFR),3,49,27,0,79,0,0,3,7,10,3,49,30,7,89,80,0,80,169
12/01/2001,TVC,MI,AGL,CE,Towers with Display (VFR),2,28,12,0,42,0,6,9,1,16,2,34,21,1,58,52,32,84,142
12/02/2001,TVC,MI,AGL,CE,Towers with Display (VFR),1,26,11,0,38,0,7,3,2,12,1,33,14,2,50,180,26,206,256
12/03/2001,TVC,MI,AGL,CE,Towers with Display (VFR),3,39,16,0,58,3,16,116,6,141,6,55,132,6,199,376,0,376,575
12/04/2001,TVC,MI,AGL,CE,Towers with Display (VFR),2,60,24,0,86,0,3,81,4,88,2,63,105,4,174,228,2,230,404
12/05/2001,TVC,MI,AGL,CE,Towers with Display (VFR),2,42,20,0,64,0,0,49,4,53,2,42,69,4,117,82,0,82,199
12/06/2001,TVC,MI,AGL,CE,Towers with Display (VFR),3,43,17,0,63,0,20,108,8,136,3,63,125,8,199,232,0,232,431
12/07/2001,TVC,MI,AGL,CE,Towers with Display (VFR),2,43,17,0,62,0,13,119,5,137,2,56,136,5,199,292,0,292,491
12/08/2001,TVC,MI,AGL,CE,Towers with Display (VFR),2,26,10,0,38,0,3,16,2,21,2,29,26,2,59,64,0,64,123
12/09/2001,TVC,MI,AGL,CE,Towers with Display (VFR),2,30,12,0,44,0,0,80,2,82,2,30,92,2,126,104,0,104,230
12/10/2001,TVC,MI,AGL,CE,Towers with Display (VFR),3,37,15,0,55,0,11,80,13,104,3,48,95,13,159,226,34,260,419
12/11/2001,TVC,MI,AGL,CE,Towers with Display (VFR),2,46,19,0,67,0,9,136,11,156,2,55,155,11,223,392,10,402,625
12/12/2001,TVC,MI,AGL,CE,Towers with Display (VFR),3,43,17,0,63,0,13,88,158,259,3,56,105,158,322,50,0,50,372
12/13/2001,TVC,MI,AGL,CE,Towers with Display (VFR),2,41,9,0,52,0,11,0,14,25,2,52,9,14,77,4,0,4,81
12/14/2001,TVC,MI,AGL,CE,Towers with Display (VFR),3,43,18,0,64,0,7,81,5,93,3,50,99,5,157,290,34,324,481
12/15/2001,TVC,MI,AGL,CE,Towers with Display (VFR),2,34,14,0,50,0,6,72,4,82,2,40,86,4,132,102,28,130,262
12/16/2001,TVC,MI,AGL,CE,Towers with Display (VFR),2,30,11,0,43,0,0,17,6,23,2,30,28,6,66,42,30,72,138
12/17/2001,TVC,MI,AGL,CE,Towers with Display (VFR),2,47,18,1,68,0,8,10,11,29,2,55,28,12,97,6,32,38,135
12/18/2001,TVC,MI,AGL,CE,Towers with Display (VFR),2,54,20,1,77,0,14,87,2,103,2,68,107,3,180,344,6,350,530
12/19/2001,TVC,MI,AGL,CE,Towers with Display (VFR),2,57,22,1,82,0,8,7,8,23,2,65,29,9,105,44,4,48,153
12/20/2001,TVC,MI,AGL,CE,Towers with Display (VFR),3,62,24,1,90,0,0,6,6,12,3,62,30,7,102,6,14,20,122
12/21/2001,TVC,MI,AGL,CE,Towers with Display (VFR),2,57,21,1,81,0,4,171,2,177,2,61,192,3,258,152,102,254,512
12/22/2001,TVC,MI,AGL,CE,Towers with Display (VFR),1,30,11,1,43,1,7,42,3,53,2,37,53,4,96,28,20,48,144
12/23/2001,TVC,MI,AGL,CE,Towers with Display (VFR),1,25,9,1,36,2,0,3,2,7,3,25,12,3,43,4,0,4,47
12/24/2001,TVC,MI,AGL,CE,Towers with Display (VFR),1,32,2,1,36,2,8,0,1,11,3,40,2,2,47,0,14,14,61
12/25/2001,TVC,MI,AGL,CE,Towers with Display (VFR),1,22,6,0,29,2,3,0,0,5,3,25,6,0,34,0,0,0,34
12/26/2001,TVC,MI,AGL,CE,Towers with Display (VFR),2,46,20,0,68,1,0,4,7,12,3,46,24,7,80,28,20,48,128
12/27/2001,TVC,MI,AGL,CE,Towers with Display (VFR),3,46,22,0,71,0,0,0,2,2,3,46,22,2,73,14,48,62,135
12/28/2001,TVC,MI,AGL,CE,Towers with Display (VFR),2,29,5,0,36,1,0,0,2,3,3,29,5,2,39,0,2,2,41
12/29/2001,TVC,MI,AGL,CE,Towers with Display (VFR),1,26,9,0,36,2,3,0,1,6,3,29,9,1,42,0,2,2,44
12/30/2001,TVC,MI,AGL,CE,Towers with Display (VFR),1,21,8,0,30,2,0,1,1,4,3,21,9,1,34,0,0,0,34
12/31/2001,TVC,MI,AGL,CE,Towers with Display (VFR),2,40,14,0,56,1,6,0,8,15,3,46,14,8,71,0,0,0,71
01/01/2002,TVC,MI,AGL,CE,Towers with Display (VFR),2,19,8,0,29,1,2,2,5,10,3,21,10,5,39,18,0,18,57
01/02/2002,TVC,MI,AGL,CE,Towers with Display (VFR),3,56,22,0,81,0,36,78,6,120,3,92,100,6,201,226,22,248,449
01/03/2002,TVC,MI,AGL,CE,Towers with Display (VFR),3,40,16,0,59,0,12,70,10,92,3,52,86,10,151,172,98,270,421
01/04/2002,TVC,MI,AGL,CE,Towers with Display (VFR),3,57,22,0,82,0,1,61,6,68,3,58,83,6,150,126,144,270,420
01/05/2002,TVC,MI,AGL,CE,Towers with Display (VFR),3,35,16,0,54,0,0,24,6,30,3,35,40,6,84,64,38,102,186
01/06/2002,TVC,MI,AGL,CE,Towers with Display (VFR),2,21,11,0,34,0,0,6,4,10,2,21,17,4,44,2,38,40,84
01/07/2002,TVC,MI,AGL,CE,Towers with Display (VFR),3,38,15,0,56,0,11,23,7,41,3,49,38,7,97,38,48,86,183
01/08/2002,TVC,MI,AGL,CE,Towers with Display (VFR),2,46,18,0,66,0,2,37,12,51,2,48,55,12,117,76,54,130,247
01/09/2002,TVC,MI,AGL,CE,Towers with Display (VFR),3,42,17,0,62,0,44,62,1,107,3,86,79,1,169,156,60,216,385
01/10/2002,TVC,MI,AGL,CE,Towers with Display (VFR),2,52,20,0,74,0,13,44,20,77,2,65,64,20,151,94,126,220,371
01/11/2002,TVC,MI,AGL,CE,Towers with Display (VFR),2,39,16,0,57,0,12,36,14,62,2,51,52,14,119,76,8,84,203
01/12/2002,TVC,MI,AGL,CE,Towers with Display (VFR),2,30,13,0,45,0,0,12,6,18,2,30,25,6,63,48,0,48,111
01/13/2002,TVC,MI,AGL,CE,Towers with Display (VFR),2,24,11,0,37,1,0,41,2,44,3,24,52,2,81,60,74,134,215
01/14/2002,TVC,MI,AGL,CE,Towers with Display (VFR),3,43,17,0,63,0,4,0,6,10,3,47,17,6,73,0,14,14,87
01/15/2002,TVC,MI,AGL,CE,Towers with Display (VFR),3,41,16,0,60,0,8,6,12,26,3,49,22,12,86,8,78,86,172
01/16/2002,TVC,MI,AGL,CE,Towers with Display (VFR),3,47,20,0,70,0,0,4,8,12,3,47,24,8,82,0,0,0,82
01/17/2002,TVC,MI,AGL,CE,Towers with Display (VFR),3,46,18,1,68,0,15,10,6,31,3,61,28,7,99,44,40,84,183
01/18/2002,TVC,MI,AGL,CE,Towers with Display (VFR),3,49,19,1,72,0,0,24,4,28,3,49,43,5,100,74,88,162,262
01/19/2002,TVC,MI,AGL,CE,Towers with Display (VFR),1,26,9,1,37,2,6,36,3,47,3,32,45,4,84,62,22,84,168
01/20/2002,TVC,MI,AGL,CE,Towers with Display (VFR),1,25,9,1,36,1,1,10,3,15,2,26,19,4,51,68,40,108,159
01/21/2002,TVC,MI,AGL,CE,Towers with Display (VFR),2,32,11,1,46,1,3,15,3,22,3,35,26,4,68,62,50,112,180
01/22/2002,TVC,MI,AGL,CE,Towers with Display (VFR),2,43,16,1,62,1,9,135,5,150,3,52,151,6,212,258,62,320,532
01/23/2002,TVC,MI,AGL,CE,Towers with Display (VFR),3,57,21,1,82,0,12,47,18,77,3,69,68,19,159,132,40,172,331
01/24/2002,TVC,MI,AGL,CE,Towers with Display (VFR),3,50,18,1,72,0,4,35,14,53,3,54,53,15,125,76,54,130,255
01/25/2002,TVC,MI,AGL,CE,Towers with Display (VFR),3,50,19,1,73,0,11,69,6,86,3,61,88,7,159,110,48,158,317
01/26/2002,TVC,MI,AGL,CE,Towers with Display (VFR),1,28,10,1,40,1,14,96,7,118,2,42,106,8,158,158,36,194,352
01/27/2002,TVC,MI,AGL,CE,Towers with Display (VFR),1,22,8,1,32,1,0,78,5,84,2,22,86,6,116,80,24,104,220
01/28/2002,TVC,MI,AGL,CE,Towers with Display (VFR),2,41,15,1,59,0,6,19,14,39,2,47,34,15,98,66,106,172,270
01/29/2002,TVC,MI,AGL,CE,Towers with Display (VFR),3,48,17,1,69,0,3,3,6,12,3,51,20,7,81,4,26,30,111
01/30/2002,TVC,MI,AGL,CE,Towers with Display (VFR),2,41,15,1,59,1,9,12,10,32,3,50,27,11,91,72,124,196,287
01/31/2002,TVC,MI,AGL,CE,Towers with Display (VFR),2,32,13,0,47,3,0,0,4,7,5,32,13,4,54,0,34,34,88
02/01/2002,TVC,MI,AGL,CE,Towers with Display (VFR),3,43,13,0,59,0,2,0,4,6,3,45,13,4,65,0,0,0,65
02/02/2002,TVC,MI,AGL,CE,Towers with Display (VFR),2,26,10,1,39,0,6,53,4,63,2,32,63,5,102,112,30,142,244
02/03/2002,TVC,MI,AGL,CE,Towers with Display (VFR),3,24,12,2,41,0,3,8,1,12,3,27,20,3,53,60,2,62,115
02/04/2002,TVC,MI,AGL,CE,Towers with Display (VFR),3,43,15,1,62,0,9,36,1,46,3,52,51,2,108,106,0,106,214
02/05/2002,TVC,MI,AGL,CE,Towers with Display (VFR),2,49,19,1,71,0,12,77,8,97,2,61,96,9,168,212,44,256,424
02/06/2002,TVC,MI,AGL,CE,Towers with Display (VFR),3,47,25,0,75,0,21,127,6,154,3,68,152,6,229,196,18,214,443
02/07/2002,TVC,MI,AGL,CE,Towers with Display (VFR),3,42,20,0,65,0,8,85,14,107,3,50,105,14,172,184,56,240,412
02/08/2002,TVC,MI,AGL,CE,Towers with Display (VFR),2,53,18,0,73,0,23,109,5,137,2,76,127,5,210,270,38,308,518
02/09/2002,TVC,MI,AGL,CE,Towers with Display (VFR),2,32,9,0,43,0,5,77,11,93,2,37,86,11,136,170,28,198,334
02/10/2002,TVC,MI,AGL,CE,Towers with Display (VFR),4,20,1,1,26,0,1,0,0,1,4,21,1,1,27,0,0,0,27
02/11/2002,TVC,MI,AGL,CE,Towers with Display (VFR),3,42,23,0,68,0,6,70,8,84,3,48,93,8,152,80,42,122,274
02/12/2002,TVC,MI,AGL,CE,Towers with Display (VFR),2,48,14,0,64,0,2,17,7,26,2,50,31,7,90,40,34,74,164
02/13/2002,TVC,MI,AGL,CE,Towers with Display (VFR),3,46,18,0,67,0,14,12,13,39,3,60,30,13,106,200,12,212,318
02/14/2002,TVC,MI,AGL,CE,Towers with Display (VFR),2,43,22,0,67,0,21,74,13,108,2,64,96,13,175,74,0,74,249
02/15/2002,TVC,MI,AGL,CE,Towers with Display (VFR),4,42,23,5,74,0,4,23,4,31,4,46,46,9,105,52,26,78,183
02/16/2002,TVC,MI,AGL,CE,Towers with Display (VFR),2,39,9,1,51,0,0,4,4,8,2,39,13,5,59,24,20,44,103
02/17/2002,TVC,MI,AGL,CE,Towers with Display (VFR),3,24,16,2,45,0,13,34,2,49,3,37,50,4,94,92,2,94,188
02/18/2002,TVC,MI,AGL,CE,Towers with Display (VFR),2,35,13,0,50,1,0,99,3,103,3,35,112,3,153,100,38,138,291
02/19/2002,TVC,MI,AGL,CE,Towers with Display (VFR),3,51,22,0,76,0,14,42,3,59,3,65,64,3,135,196,38,234,369
02/20/2002,TVC,MI,AGL,CE,Towers with Display (VFR),3,52,16,0,71,0,0,0,0,0,3,52,16,0,71,4,0,4,75
02/21/2002,TVC,MI,AGL,CE,Towers with Display (VFR),3,47,14,1,65,0,2,3,2,7,3,49,17,3,72,2,20,22,94
02/22/2002,TVC,MI,AGL,CE,Towers with Display (VFR),2,44,14,0,60,0,17,147,2,166,2,61,161,2,226,228,4,232,458
02/23/2002,TVC,MI,AGL,CE,Towers with Display (VFR),3,33,10,0,46,0,14,75,8,97,3,47,85,8,143,160,0,160,303
02/24/2002,TVC,MI,AGL,CE,Towers with Display (VFR),2,19,9,1,31,0,3,45,3,51,2,22,54,4,82,50,0,50,132
02/25/2002,TVC,MI,AGL,CE,Towers with Display (VFR),3,44,3,0,50,0,4,1,0,5,3,48,4,0,55,0,54,54,109
02/26/2002,TVC,MI,AGL,CE,Towers with Display (VFR),1,45,14,0,60,0,0,0,0,0,1,45,14,0,60,0,0,0,60
02/27/2002,TVC,MI,AGL,CE,Towers with Display (VFR),4,46,11,0,61,0,6,25,4,35,4,52,36,4,96,20,28,48,144
02/28/2002,TVC,MI,AGL,CE,Towers with Display (VFR),3,52,33,0,88,0,6,73,5,84,3,58,106,5,172,106,84,190,362
03/01/2002,TVC,MI,AGL,CE,Towers with Display (VFR),5,48,24,0,77,0,13,53,10,76,5,61,77,10,153,82,16,98,251
03/02/2002,TVC,MI,AGL,CE,Towers with Display (VFR),1,16,3,0,20,0,0,0,0,0,1,16,3,0,20,0,0,0,20
03/03/2002,TVC,MI,AGL,CE,Towers with Display (VFR),2,17,6,0,25,0,0,0,0,0,2,17,6,0,25,0,0,0,25
03/04/2002,TVC,MI,AGL,CE,Towers with Display (VFR),2,47,21,2,72,0,7,5,6,18,2,54,26,8,90,0,0,0,90
03/05/2002,TVC,MI,AGL,CE,Towers with Display (VFR),2,53,22,0,77,0,7,18,9,34,2,60,40,9,111,40,0,40,151
03/06/2002,TVC,MI,AGL,CE,Towers with Display (VFR),4,55,16,0,75,0,4,6,2,12,4,59,22,2,87,22,0,22,109
03/07/2002,TVC,MI,AGL,CE,Towers with Display (VFR),4,52,19,0,75,0,6,93,10,109,4,58,112,10,184,186,0,186,370
03/08/2002,TVC,MI,AGL,CE,Towers with Display (VFR),2,46,16,0,64,0,0,2,0,2,2,46,18,0,66,0,0,0,66
03/09/2002,TVC,MI,AGL,CE,Towers with Display (VFR),5,21,1,4,31,0,0,0,6,6,5,21,1,10,37,18,0,18,55
03/10/2002,TVC,MI,AGL,CE,Towers with Display (VFR),2,24,13,0,39,0,5,3,3,11,2,29,16,3,50,20,0,20,70
03/11/2002,TVC,MI,AGL,CE,Towers with Display (VFR),4,43,22,1,70,0,5,39,7,51,4,48,61,8,121,110,44,154,275
03/12/2002,TVC,MI,AGL,CE,Towers with Display (VFR),3,43,30,3,79,0,4,184,10,198,3,47,214,13,277,302,40,342,619
03/13/2002,TVC,MI,AGL,CE,Towers with Display (VFR),2,52,30,1,85,0,7,85,9,101,2,59,115,10,186,168,16,184,370
03/14/2002,TVC,MI,AGL,CE,Towers with Display (VFR),4,50,22,0,76,0,7,68,9,84,4,57,90,9,160,202,0,202,362
03/15/2002,TVC,MI,AGL,CE,Towers with Display (VFR),2,55,20,5,82,0,0,4,16,20,2,55,24,21,102,16,32,48,150
03/16/2002,TVC,MI,AGL,CE,Towers with Display (VFR),4,29,24,0,57,0,0,120,8,128,4,29,144,8,185,232,10,242,427
03/17/2002,TVC,MI,AGL,CE,Towers with Display (VFR),3,25,16,0,44,0,3,97,2,102,3,28,113,2,146,184,4,188,334
03/18/2002,TVC,MI,AGL,CE,Towers with Display (VFR),4,54,10,2,70,0,8,17,9,34,4,62,27,11,104,62,36,98,202
03/19/2002,TVC,MI,AGL,CE,Towers with Display (VFR),5,55,17,0,77,0,10,104,10,124,5,65,121,10,201,324,22,346,547
03/20/2002,TVC,MI,AGL,CE,Towers with Display (VFR),2,55,21,0,78,0,8,19,14,41,2,63,40,14,119,52,40,92,211
03/21/2002,TVC,MI,AGL,CE,Towers with Display (VFR),3,58,11,2,74,0,0,0,1,1,3,58,11,3,75,0,4,4,79
03/22/2002,TVC,MI,AGL,CE,Towers with Display (VFR),4,58,24,3,89,0,1,0,8,9,4,59,24,11,98,2,12,14,112
03/23/2002,TVC,MI,AGL,CE,Towers with Display (VFR),3,31,12,0,46,0,18,5,5,28,3,49,17,5,74,30,4,34,108
03/24/2002,TVC,MI,AGL,CE,Towers with Display (VFR),3,23,7,2,35,0,6,13,2,21,3,29,20,4,56,12,0,12,68
03/25/2002,TVC,MI,AGL,CE,Towers with Display (VFR),2,39,13,0,54,0,15,71,12,98,2,54,84,12,152,198,42,240,392
03/26/2002,TVC,MI,AGL,CE,Towers with Display (VFR),3,41,16,0,60,0,11,75,15,101,3,52,91,15,161,94,76,170,331
03/27/2002,TVC,MI,AGL,CE,Towers with Display (VFR),3,49,17,0,69,0,12,107,7,126,3,61,124,7,195,178,4,182,377
03/28/2002,TVC,MI,AGL,CE,Towers with Display (VFR),3,48,29,0,80,0,6,24,15,45,3,54,53,15,125,30,28,58,183
03/29/2002,TVC,MI,AGL,CE,Towers with Display (VFR),3,48,14,0,65,0,7,26,4,37,3,55,40,4,102,100,14,114,216
03/30/2002,TVC,MI,AGL,CE,Towers with Display (VFR),3,32,12,0,47,0,6,43,3,52,3,38,55,3,99,60,24,84,183
03/31/2002,TVC,MI,AGL,CE,Towers with Display (VFR),2,26,8,1,37,0,4,28,6,38,2,30,36,7,75,24,0,24,99
04/01/2002,TVC,MI,AGL,CE,Towers with Display (VFR),3,37,11,0,51,0,13,75,3,91,3,50,86,3,142,150,0,150,292
04/02/2002,TVC,MI,AGL,CE,Towers with Display (VFR),2,38,14,0,54,0,8,0,0,8,2,46,14,0,62,0,0,0,62
04/03/2002,TVC,MI,AGL,CE,Towers with Display (VFR),4,45,19,0,68,0,15,25,3,43,4,60,44,3,111,96,38,134,245
04/04/2002,TVC,MI,AGL,CE,Towers with Display (VFR),3,44,19,0,66,0,4,53,8,65,3,48,72,8,131,146,18,164,295
04/05/2002,TVC,MI,AGL,CE,Towers with Display (VFR),3,46,14,2,65,0,1,8,6,15,3,47,22,8,80,0,24,24,104
04/06/2002,TVC,MI,AGL,CE,Towers with Display (VFR),3,31,4,0,38,0,1,128,6,135,3,32,132,6,173,252,66,318,491
04/07/2002,TVC,MI,AGL,CE,Towers with Display (VFR),3,24,6,2,35,0,1,3,2,6,3,25,9,4,41,0,0,0,41
04/08/2002,TVC,MI,AGL,CE,Towers with Display (VFR),3,42,31,0,76,0,0,1,2,3,3,42,32,2,79,2,34,36,115
04/09/2002,TVC,MI,AGL,CE,Towers with Display (VFR),3,49,21,0,73,0,9,48,8,65,3,58,69,8,138,98,44,142,280
04/10/2002,TVC,MI,AGL,CE,Towers with Display (VFR),3,43,18,0,64,0,13,103,9,125,3,56,121,9,189,162,9,171,360
04/11/2002,TVC,MI,AGL,CE,Towers with Display (VFR),4,52,22,0,78,0,10,68,8,86,4,62,90,8,164,154,130,284,448
04/12/2002,TVC,MI,AGL,CE,Towers with Display (VFR),3,43,16,1,63,0,2,36,12,50,3,45,52,13,113,50,30,80,193
04/13/2002,TVC,MI,AGL,CE,Towers with Display (VFR),2,29,12,0,43,1,8,101,4,114,3,37,113,4,157,92,24,116,273
04/14/2002,TVC,MI,AGL,CE,Towers with Display (VFR),2,26,10,0,38,2,12,44,2,60,4,38,54,2,98,78,22,100,198
04/15/2002,TVC,MI,AGL,CE,Towers with Display (VFR),3,49,21,0,73,0,4,88,9,101,3,53,109,9,174,188,0,188,362
04/16/2002,TVC,MI,AGL,CE,Towers with Display (VFR),4,46,18,0,68,0,11,72,6,89,4,57,90,6,157,136,12,148,305
04/17/2002,TVC,MI,AGL,CE,Towers with Display (VFR),4,46,40,0,90,0,4,59,21,84,4,50,99,21,174,94,0,94,268
04/18/2002,TVC,MI,AGL,CE,Towers with Display (VFR),3,42,33,0,78,0,7,54,9,70,3,49,87,9,148,52,0,52,200
04/19/2002,TVC,MI,AGL,CE,Towers with Display (VFR),4,64,21,0,89,0,13,95,21,129,4,77,116,21,218,108,64,172,390
04/20/2002,TVC,MI,AGL,CE,Towers with Display (VFR),3,29,15,2,49,0,2,117,0,119,3,31,132,2,168,174,8,182,350
04/21/2002,TVC,MI,AGL,CE,Towers with Display (VFR),3,22,10,0,35,0,0,37,3,40,3,22,47,3,75,72,8,80,155
04/22/2002,TVC,MI,AGL,CE,Towers with Display (VFR),4,42,10,0,56,0,9,69,5,83,4,51,79,5,139,244,72,316,455
04/23/2002,TVC,MI,AGL,CE,Towers with Display (VFR),4,47,18,1,70,0,13,169,6,188,4,60,187,7,258,394,96,490,748
04/24/2002,TVC,MI,AGL,CE,Towers with Display (VFR),3,47,20,0,70,0,19,71,10,100,3,66,91,10,170,146,46,192,362
04/25/2002,TVC,MI,AGL,CE,Towers with Display (VFR),4,58,25,1,88,0,14,51,3,68,4,72,76,4,156,142,10,152,308
04/26/2002,TVC,MI,AGL,CE,Towers with Display (VFR),5,51,25,0,81,0,12,147,6,165,5,63,172,6,246,188,88,276,522
04/27/2002,TVC,MI,AGL,CE,Towers with Display (VFR),4,31,16,0,51,0,5,42,2,49,4,36,58,2,100,182,0,182,282
04/28/2002,TVC,MI,AGL,CE,Towers with Display (VFR),2,24,10,1,37,2,7,2,1,12,4,31,12,2,49,0,0,0,49
04/29/2002,TVC,MI,AGL,CE,Towers with Display (VFR),3,46,36,12,97,0,0,1,0,1,3,46,37,12,98,20,8,28,126
04/30/2002,TVC,MI,AGL,CE,Towers with Display (VFR),3,52,19,1,75,0,7,126,1,134,3,59,145,2,209,316,32,348,557
05/01/2002,TVC,MI,AGL,CE,Towers with Display (VFR),7,55,13,0,75,0,8,117,5,130,7,63,130,5,205,298,4,302,507
05/02/2002,TVC,MI,AGL,CE,Towers with Display (VFR),5,50,21,0,76,0,8,9,2,19,5,58,30,2,95,0,4,4,99
05/03/2002,TVC,MI,AGL,CE,Towers with Display (VFR),6,50,26,1,83,0,14,131,4,149,6,64,157,5,232,156,0,156,388
05/04/2002,TVC,MI,AGL,CE,Towers with Display (VFR),6,33,13,2,54,0,10,120,6,136,6,43,133,8,190,140,16,156,346
05/05/2002,TVC,MI,AGL,CE,Towers with Display (VFR),5,23,11,0,39,0,5,94,14,113,5,28,105,14,152,72,14,86,238
05/06/2002,TVC,MI,AGL,CE,Towers with Display (VFR),6,42,10,0,58,0,3,63,12,78,6,45,73,12,136,262,0,262,398
05/07/2002,TVC,MI,AGL,CE,Towers with Display (VFR),6,53,17,3,79,0,20,65,5,90,6,73,82,8,169,170,8,178,347
05/08/2002,TVC,MI,AGL,CE,Towers with Display (VFR),6,51,26,0,83,0,16,69,7,92,6,67,95,7,175,88,6,94,269
05/09/2002,TVC,MI,AGL,CE,Towers with Display (VFR),5,51,25,0,81,0,6,2,6,14,5,57,27,6,95,0,2,2,97
05/10/2002,TVC,MI,AGL,CE,Towers with Display (VFR),5,49,24,0,78,0,3,49,9,61,5,52,73,9,139,72,80,152,291
05/11/2002,TVC,MI,AGL,CE,Towers with Display (VFR),3,34,18,0,55,2,12,68,19,101,5,46,86,19,156,174,0,174,330
05/12/2002,TVC,MI,AGL,CE,Towers with Display (VFR),3,25,7,0,35,0,3,1,3,7,3,28,8,3,42,2,40,42,84
05/13/2002,TVC,MI,AGL,CE,Towers with Display (VFR),5,47,26,0,78,0,11,105,4,120,5,58,131,4,198,202,4,206,404
05/14/2002,TVC,MI,AGL,CE,Towers with Display (VFR),4,50,16,0,70,0,9,130,7,146,4,59,146,7,216,316,14,330,546
05/15/2002,TVC,MI,AGL,CE,Towers with Display (VFR),5,51,19,0,75,0,13,118,5,136,5,64,137,5,211,278,2,280,491
05/16/2002,TVC,MI,AGL,CE,Towers with Display (VFR),5,54,25,0,84,0,0,26,10,36,5,54,51,10,120,76,20,96,216
05/17/2002,TVC,MI,AGL,CE,Towers with Display (VFR),5,54,27,0,86,0,0,65,6,71,5,54,92,6,157,148,24,172,329
05/18/2002,TVC,MI,AGL,CE,Towers with Display (VFR),6,37,14,0,57,0,15,68,1,84,6,52,82,1,141,182,0,182,323
05/19/2002,TVC,MI,AGL,CE,Towers with Display (VFR),5,29,18,0,52,0,5,54,4,63,5,34,72,4,115,90,6,96,211
05/20/2002,TVC,MI,AGL,CE,Towers with Display (VFR),5,53,16,0,74,0,13,84,9,106,5,66,100,9,180,210,0,210,390
05/21/2002,TVC,MI,AGL,CE,Towers with Display (VFR),5,51,15,0,71,0,21,162,12,195,5,72,177,12,266,296,10,306,572
05/22/2002,TVC,MI,AGL,CE,Towers with Display (VFR),5,49,14,0,68,0,23,92,5,120,5,72,106,5,188,116,0,116,304
05/23/2002,TVC,MI,AGL,CE,Towers with Display (VFR),5,58,47,0,110,0,9,50,8,67,5,67,97,8,177,64,2,66,243
05/24/2002,TVC,MI,AGL,CE,Towers with Display (VFR),5,59,43,2,109,0,13,109,6,128,5,72,152,8,237,174,2,176,413
05/25/2002,TVC,MI,AGL,CE,Towers with Display (VFR),6,33,20,0,59,0,5,38,1,44,6,38,58,1,103,38,0,38,141
05/26/2002,TVC,MI,AGL,CE,Towers with Display (VFR),7,28,18,0,53,0,4,65,3,72,7,32,83,3,125,8,0,8,133
05/27/2002,TVC,MI,AGL,CE,Towers with Display (VFR),6,38,35,1,80,0,8,64,2,74,6,46,99,3,154,106,36,142,296
05/28/2002,TVC,MI,AGL,CE,Towers with Display (VFR),3,48,38,0,89,0,22,156,3,181,3,70,194,3,270,372,8,380,650
05/29/2002,TVC,MI,AGL,CE,Towers with Display (VFR),6,62,34,0,102,0,3,12,4,19,6,65,46,4,121,60,8,68,189
05/30/2002,TVC,MI,AGL,CE,Towers with Display (VFR),5,58,13,2,78,0,5,69,4,78,5,63,82,6,156,162,14,176,332
05/31/2002,TVC,MI,AGL,CE,Towers with Display (VFR),3,53,22,1,79,0,10,130,11,151,3,63,152,12,230,284,2,286,516
06/01/2002,TVC,MI,AGL,CE,Towers with Display (VFR),5,34,15,0,54,0,5,124,4,133,5,39,139,4,187,126,0,126,313
06/02/2002,TVC,MI,AGL,CE,Towers with Display (VFR),5,30,21,0,56,0,5,95,3,103,5,35,116,3,159,104,8,112,271
06/03/2002,TVC,MI,AGL,CE,Towers with Display (VFR),5,41,24,0,70,0,7,80,4,91,5,48,104,4,161,218,54,272,433
06/04/2002,TVC,MI,AGL,CE,Towers with Display (VFR),5,48,39,6,98,0,4,15,2,21,5,52,54,8,119,54,2,56,175
06/05/2002,TVC,MI,AGL,CE,Towers with Display (VFR),5,54,48,5,112,0,7,20,6,33,5,61,68,11,145,44,8,52,197
06/06/2002,TVC,MI,AGL,CE,Towers with Display (VFR),5,57,38,1,101,0,6,161,10,177,5,63,199,11,278,296,28,324,602
06/07/2002,TVC,MI,AGL,CE,Towers with Display (VFR),14,53,25,0,92,0,8,136,1,145,14,61,161,1,237,282,0,282,519
06/08/2002,TVC,MI,AGL,CE,Towers with Display (VFR),14,37,28,0,79,0,12,97,7,116,14,49,125,7,195,44,6,50,245
06/09/2002,TVC,MI,AGL,CE,Towers with Display (VFR),14,31,42,0,87,0,12,74,4,90,14,43,116,4,177,34,18,52,229
06/10/2002,TVC,MI,AGL,CE,Towers with Display (VFR),10,40,24,0,74,0,10,73,6,89,10,50,97,6,163,164,22,186,349
06/11/2002,TVC,MI,AGL,CE,Towers with Display (VFR),14,53,25,3,95,0,5,13,7,25,14,58,38,10,120,36,0,36,156
06/12/2002,TVC,MI,AGL,CE,Towers with Display (VFR),13,57,50,5,125,0,0,6,1,7,13,57,56,6,132,2,0,2,134
06/13/2002,TVC,MI,AGL,CE,Towers with Display (VFR),14,53,30,0,97,0,16,100,6,122,14,69,130,6,219,266,0,266,485
06/14/2002,TVC,MI,AGL,CE,Towers with Display (VFR),13,61,37,3,114,0,0,0,0,0,13,61,37,3,114,0,0,0,114
06/15/2002,TVC,MI,AGL,CE,Towers with Display (VFR),15,41,23,1,80,0,2,20,4,26,15,43,43,5,106,54,4,58,164
06/16/2002,TVC,MI,AGL,CE,Towers with Display (VFR),13,36,16,0,65,0,0,31,20,51,13,36,47,20,116,2,0,2,118
06/17/2002,TVC,MI,AGL,CE,Towers with Display (VFR),13,46,22,0,81,0,7,131,7,145,13,53,153,7,226,260,0,260,486
06/18/2002,TVC,MI,AGL,CE,Towers with Display (VFR),11,48,23,2,84,0,10,163,9,182,11,58,186,11,266,286,0,286,552
06/19/2002,TVC,MI,AGL,CE,Towers with Display (VFR),13,58,31,0,102,0,21,138,9,168,13,79,169,9,270,244,10,254,524
06/20/2002,TVC,MI,AGL,CE,Towers with Display (VFR),14,53,30,0,97,0,15,90,8,113,14,68,120,8,210,178,2,180,390
06/21/2002,TVC,MI,AGL,CE,Towers with Display (VFR),12,44,34,0,90,0,1,63,1,65,12,45,97,1,155,74,0,74,229
06/22/2002,TVC,MI,AGL,CE,Towers with Display (VFR),14,37,30,0,81,0,10,38,4,52,14,47,68,4,133,80,22,102,235
06/23/2002,TVC,MI,AGL,CE,Towers with Display (VFR),14,42,49,0,105,0,8,85,3,96,14,50,134,3,201,36,0,36,237
06/24/2002,TVC,MI,AGL,CE,Towers with Display (VFR),12,52,26,0,90,0,3,85,5,93,12,55,111,5,183,196,48,244,427
06/25/2002,TVC,MI,AGL,CE,Towers with Display (VFR),11,56,32,0,99,0,4,139,12,155,11,60,171,12,254,192,8,200,454
06/26/2002,TVC,MI,AGL,CE,Towers with Display (VFR),14,55,42,2,113,0,7,87,7,101,14,62,129,9,214,192,16,208,422
06/27/2002,TVC,MI,AGL,CE,Towers with Display (VFR),14,52,68,4,138,0,10,60,13,83,14,62,128,17,221,94,14,108,329
06/28/2002,TVC,MI,AGL,CE,Towers with Display (VFR),13,47,37,0,97,0,12,187,5,204,13,59,224,5,301,270,2,272,573
06/29/2002,TVC,MI,AGL,CE,Towers with Display (VFR),15,38,27,0,80,0,8,122,3,133,15,46,149,3,213,248,0,248,461
06/30/2002,TVC,MI,AGL,CE,Towers with Display (VFR),14,33,32,1,80,0,10,104,3,117,14,43,136,4,197,110,80,190,387
07/01/2002,TVC,MI,AGL,CE,Towers with Display (VFR),14,56,33,2,105,1,10,145,12,168,15,66,178,14,273,308,0,308,581
07/02/2002,TVC,MI,AGL,CE,Towers with Display (VFR),14,60,40,3,117,1,12,143,13,169,15,72,183,16,286,280,0,280,566
07/03/2002,TVC,MI,AGL,CE,Towers with Display (VFR),14,64,60,3,141,1,5,141,15,162,15,69,201,18,303,238,22,260,563
07/04/2002,TVC,MI,AGL,CE,Towers with Display (VFR),15,28,23,3,69,1,7,105,25,138,16,35,128,28,207,98,0,98,305
07/05/2002,TVC,MI,AGL,CE,Towers with Display (VFR),14,49,37,1,101,0,14,147,25,186,14,63,184,26,287,194,46,240,527
07/06/2002,TVC,MI,AGL,CE,Towers with Display (VFR),15,49,33,0,97,0,11,191,32,234,15,60,224,32,331,158,42,200,531
07/07/2002,TVC,MI,AGL,CE,Towers with Display (VFR),17,61,51,1,130,0,2,220,41,263,17,63,271,42,393,76,58,134,527
07/08/2002,TVC,MI,AGL,CE,Towers with Display (VFR),18,57,33,3,111,0,4,86,11,101,18,61,119,14,212,110,6,116,328
07/09/2002,TVC,MI,AGL,CE,Towers with Display (VFR),17,52,68,1,138,0,6,26,5,37,17,58,94,6,175,16,0,16,191
07/10/2002,TVC,MI,AGL,CE,Towers with Display (VFR),15,52,47,3,117,0,32,206,23,261,15,84,253,26,378,384,2,386,764
07/11/2002,TVC,MI,AGL,CE,Towers with Display (VFR),15,53,37,2,107,0,16,153,8,177,15,69,190,10,284,204,18,222,506
07/12/2002,TVC,MI,AGL,CE,Towers with Display (VFR),15,57,35,0,107,0,8,157,18,183,15,65,192,18,290,236,40,276,566
07/13/2002,TVC,MI,AGL,CE,Towers with Display (VFR),15,44,24,0,83,0,9,144,10,163,15,53,168,10,246,124,0,124,370
07/14/2002,TVC,MI,AGL,CE,Towers with Display (VFR),17,51,47,0,115,0,6,136,4,146,17,57,183,4,261,56,0,56,317
07/15/2002,TVC,MI,AGL,CE,Towers with Display (VFR),16,45,35,0,96,0,8,139,8,155,16,53,174,8,251,256,0,256,507
07/16/2002,TVC,MI,AGL,CE,Towers with Display (VFR),16,49,40,5,110,0,24,150,10,184,16,73,190,15,294,180,0,180,474
07/17/2002,TVC,MI,AGL,CE,Towers with Display (VFR),15,46,40,0,101,0,10,119,8,137,15,56,159,8,238,202,4,206,444
07/18/2002,TVC,MI,AGL,CE,Towers with Display (VFR),17,51,41,0,109,0,9,78,8,95,17,60,119,8,204,152,22,174,378
07/19/2002,TVC,MI,AGL,CE,Towers with Display (VFR),16,59,46,2,123,0,6,165,6,177,16,65,211,8,300,272,4,276,576
07/20/2002,TVC,MI,AGL,CE,Towers with Display (VFR),15,40,34,0,89,0,8,155,16,179,15,48,189,16,268,106,0,106,374
07/21/2002,TVC,MI,AGL,CE,Towers with Display (VFR),15,41,38,1,95,0,0,30,3,33,15,41,68,4,128,44,0,44,172
07/22/2002,TVC,MI,AGL,CE,Towers with Display (VFR),14,43,52,1,110,0,14,83,4,101,14,57,135,5,211,98,0,98,309
07/23/2002,TVC,MI,AGL,CE,Towers with Display (VFR),16,54,44,2,116,0,13,155,9,177,16,67,199,11,293,232,2,234,527
07/24/2002,TVC,MI,AGL,CE,Towers with Display (VFR),17,49,37,0,103,0,17,152,4,173,17,66,189,4,276,256,0,256,532
07/25/2002,TVC,MI,AGL,CE,Towers with Display (VFR),15,51,54,0,120,0,11,135,9,155,15,62,189,9,275,304,68,372,647
07/26/2002,TVC,MI,AGL,CE,Towers with Display (VFR),15,47,65,0,127,0,18,113,5,136,15,65,178,5,263,206,0,206,469
07/27/2002,TVC,MI,AGL,CE,Towers with Display (VFR),15,46,36,0,97,0,15,72,2,89,15,61,108,2,186,140,0,140,326
07/28/2002,TVC,MI,AGL,CE,Towers with Display (VFR),14,46,40,2,102,0,3,47,6,56,14,49,87,8,158,8,2,10,168
07/29/2002,TVC,MI,AGL,CE,Towers with Display (VFR),16,52,40,0,108,0,6,58,5,69,16,58,98,5,177,70,0,70,247
07/30/2002,TVC,MI,AGL,CE,Towers with Display (VFR),16,53,44,1,114,1,13,133,5,152,17,66,177,6,266,254,0,254,520
07/31/2002,TVC,MI,AGL,CE,Towers with Display (VFR),16,54,45,1,116,0,19,120,6,145,16,73,165,7,261,218,0,218,479
08/01/2002,TVC,MI,AGL,CE,Towers with Display (VFR),15,56,47,0,118,1,9,58,6,74,16,65,105,6,192,48,0,48,240
08/02/2002,TVC,MI,AGL,CE,Towers with Display (VFR),16,46,49,0,111,0,21,190,10,221,16,67,239,10,332,258,0,258,590
08/03/2002,TVC,MI,AGL,CE,Towers with Display (VFR),16,41,38,0,95,0,25,159,6,190,16,66,197,6,285,166,0,166,451
08/04/2002,TVC,MI,AGL,CE,Towers with Display (VFR),16,32,38,0,86,0,3,32,3,38,16,35,70,3,124,28,0,28,152
08/05/2002,TVC,MI,AGL,CE,Towers with Display (VFR),16,40,44,3,103,0,13,127,6,146,16,53,171,9,249,272,64,336,585
08/06/2002,TVC,MI,AGL,CE,Towers with Display (VFR),17,49,50,1,117,0,17,167,8,192,17,66,217,9,309,220,0,220,529
08/07/2002,TVC,MI,AGL,CE,Towers with Display (VFR),16,46,52,1,115,0,14,150,5,169,16,60,202,6,284,246,8,254,538
08/08/2002,TVC,MI,AGL,CE,Towers with Display (VFR),16,55,52,1,124,0,11,179,3,193,16,66,231,4,317,252,3,255,572
08/09/2002,TVC,MI,AGL,CE,Towers with Display (VFR),18,48,44,1,111,0,11,169,6,186,18,59,213,7,297,132,0,132,429
08/10/2002,TVC,MI,AGL,CE,Towers with Display (VFR),17,40,22,1,80,0,10,87,5,102,17,50,109,6,182,38,0,38,220
08/11/2002,TVC,MI,AGL,CE,Towers with Display (VFR),16,54,45,1,116,0,9,87,3,99,16,63,132,4,215,10,0,10,225
08/12/2002,TVC,MI,AGL,CE,Towers with Display (VFR),22,28,53,3,106,0,7,92,5,104,22,35,145,8,210,184,4,188,398
08/13/2002,TVC,MI,AGL,CE,Towers with Display (VFR),17,51,41,0,109,0,6,49,5,60,17,57,90,5,169,32,0,32,201
08/14/2002,TVC,MI,AGL,CE,Towers with Display (VFR),17,50,50,0,117,0,0,104,12,116,17,50,154,12,233,172,16,188,421
08/15/2002,TVC,MI,AGL,CE,Towers with Display (VFR),16,54,49,0,119,0,23,132,9,164,16,77,181,9,283,184,2,186,469
08/16/2002,TVC,MI,AGL,CE,Towers with Display (VFR),15,49,35,0,99,0,10,110,8,128,15,59,145,8,227,160,4,164,391
08/17/2002,TVC,MI,AGL,CE,Towers with Display (VFR),16,42,23,0,81,0,9,19,2,30,16,51,42,2,111,0,0,0,111
08/18/2002,TVC,MI,AGL,CE,Towers with Display (VFR),16,36,48,0,100,0,16,91,6,113,16,52,139,6,213,60,2,62,275
08/19/2002,TVC,MI,AGL,CE,Towers with Display (VFR),17,39,31,0,87,0,5,96,7,108,17,44,127,7,195,216,60,276,471
08/20/2002,TVC,MI,AGL,CE,Towers with Display (VFR),16,59,33,0,108,0,14,169,5,188,16,73,202,5,296,172,0,172,468
08/21/2002,TVC,MI,AGL,CE,Towers with Display (VFR),15,47,44,0,106,0,11,85,4,100,15,58,129,4,206,162,0,162,368
08/22/2002,TVC,MI,AGL,CE,Towers with Display (VFR),16,49,43,6,114,0,6,16,4,26,16,55,59,10,140,4,0,4,144
08/23/2002,TVC,MI,AGL,CE,Towers with Display (VFR),16,57,62,1,136,0,13,54,7,74,16,70,116,8,210,40,0,40,250
08/24/2002,TVC,MI,AGL,CE,Towers with Display (VFR),13,38,33,0,84,2,9,80,8,99,15,47,113,8,183,126,12,138,321
08/25/2002,TVC,MI,AGL,CE,Towers with Display (VFR),16,38,40,0,94,0,3,99,6,108,16,41,139,6,202,86,36,122,324
08/26/2002,TVC,MI,AGL,CE,Towers with Display (VFR),16,38,23,0,77,0,13,108,9,130,16,51,131,9,207,208,98,306,513
08/27/2002,TVC,MI,AGL,CE,Towers with Display (VFR),16,47,25,0,88,0,11,129,13,153,16,58,154,13,241,234,58,292,533
08/28/2002,TVC,MI,AGL,CE,Towers with Display (VFR),13,42,28,0,83,0,20,112,7,139,13,62,140,7,222,168,0,168,390
08/29/2002,TVC,MI,AGL,CE,Towers with Display (VFR),16,54,37,0,107,0,3,155,8,166,16,57,192,8,273,194,0,194,467
08/30/2002,TVC,MI,AGL,CE,Towers with Display (VFR),14,54,43,0,111,0,9,134,9,152,14,63,177,9,263,238,12,250,513
08/31/2002,TVC,MI,AGL,CE,Towers with Display (VFR),16,35,26,0,77,0,1,123,3,127,16,36,149,3,204,118,28,146,350
09/01/2002,TVC,MI,AGL,CE,Towers with Display (VFR),11,26,17,0,54,1,4,84,3,92,12,30,101,3,146,58,64,122,268
09/02/2002,TVC,MI,AGL,CE,Towers with Display (VFR),11,32,39,0,82,0,5,62,7,74,11,37,101,7,156,20,22,42,198
09/03/2002,TVC,MI,AGL,CE,Towers with Display (VFR),15,36,20,0,71,0,4,93,9,106,15,40,113,9,177,68,4,72,249
09/04/2002,TVC,MI,AGL,CE,Towers with Display (VFR),13,41,17,0,71,0,12,122,9,143,13,53,139,9,214,202,56,258,472
09/05/2002,TVC,MI,AGL,CE,Towers with Display (VFR),7,56,33,1,97,0,5,132,5,142,7,61,165,6,239,166,0,166,405
09/06/2002,TVC,MI,AGL,CE,Towers with Display (VFR),6,57,41,2,106,0,7,122,2,131,6,64,163,4,237,202,14,216,453
09/07/2002,TVC,MI,AGL,CE,Towers with Display (VFR),6,31,18,0,55,0,3,122,3,128,6,34,140,3,183,268,0,268,451
09/08/2002,TVC,MI,AGL,CE,Towers with Display (VFR),7,39,31,0,77,0,5,117,5,127,7,44,148,5,204,110,36,146,350
09/09/2002,TVC,MI,AGL,CE,Towers with Display (VFR),8,50,14,0,72,0,5,79,12,96,8,55,93,12,168,208,48,256,424
09/10/2002,TVC,MI,AGL,CE,Towers with Display (VFR),8,47,28,3,86,0,2,47,15,64,8,49,75,18,150,78,46,124,274
09/11/2002,TVC,MI,AGL,CE,Towers with Display (VFR),6,40,19,0,65,0,11,149,19,179,6,51,168,19,244,292,46,338,582
09/12/2002,TVC,MI,AGL,CE,Towers with Display (VFR),6,50,44,0,100,0,10,112,7,129,6,60,156,7,229,278,44,322,551
09/13/2002,TVC,MI,AGL,CE,Towers with Display (VFR),6,47,41,1,95,0,8,116,11,135,6,55,157,12,230,210,2,212,442
09/14/2002,TVC,MI,AGL,CE,Towers with Display (VFR),6,31,12,0,49,0,1,64,7,72,6,32,76,7,121,104,0,104,225
09/15/2002,TVC,MI,AGL,CE,Towers with Display (VFR),6,29,26,0,61,0,1,60,3,64,6,30,86,3,125,76,0,76,201
09/16/2002,TVC,MI,AGL,CE,Towers with Display (VFR),6,39,21,0,66,0,20,123,8,151,6,59,144,8,217,220,16,236,453
09/17/2002,TVC,MI,AGL,CE,Towers with Display (VFR),5,49,32,0,86,0,11,136,6,153,5,60,168,6,239,272,66,338,577
09/18/2002,TVC,MI,AGL,CE,Towers with Display (VFR),6,56,18,0,80,0,9,97,1,107,6,65,115,1,187,196,0,196,383
09/19/2002,TVC,MI,AGL,CE,Towers with Display (VFR),5,53,34,0,92,0,5,25,9,39,5,58,59,9,131,28,40,68,199
09/20/2002,TVC,MI,AGL,CE,Towers with Display (VFR),6,54,34,0,94,0,10,36,10,56,6,64,70,10,150,160,40,200,350
09/21/2002,TVC,MI,AGL,CE,Towers with Display (VFR),7,35,25,0,67,0,4,91,14,109,7,39,116,14,176,264,38,302,478
09/22/2002,TVC,MI,AGL,CE,Towers with Display (VFR),6,31,19,0,56,0,5,50,3,58,6,36,69,3,114,114,36,150,264
09/23/2002,TVC,MI,AGL,CE,Towers with Display (VFR),6,39,26,0,71,0,9,89,7,105,6,48,115,7,176,140,98,238,414
09/24/2002,TVC,MI,AGL,CE,Towers with Display (VFR),6,47,20,0,73,0,16,99,8,123,6,63,119,8,196,286,122,408,604
09/25/2002,TVC,MI,AGL,CE,Towers with Display (VFR),5,49,21,0,75,0,22,140,3,165,5,71,161,3,240,328,100,428,668
09/26/2002,TVC,MI,AGL,CE,Towers with Display (VFR),8,55,34,0,97,0,9,113,16,138,8,64,147,16,235,270,34,304,539
09/27/2002,TVC,MI,AGL,CE,Towers with Display (VFR),5,54,58,2,119,0,9,24,6,39,5,63,82,8,158,32,8,40,198
09/28/2002,TVC,MI,AGL,CE,Towers with Display (VFR),6,31,26,0,63,0,6,104,6,116,6,37,130,6,179,138,30,168,347
09/29/2002,TVC,MI,AGL,CE,Towers with Display (VFR),9,34,24,0,67,0,7,46,2,55,9,41,70,2,122,38,12,50,172
09/30/2002,TVC,MI,AGL,CE,Towers with Display (VFR),6,46,10,0,62,0,14,77,15,106,6,60,87,15,168,178,272,450,618
10/01/2002,TVC,MI,AGL,CE,Towers with Display (VFR),6,44,23,0,73,0,11,94,8,113,6,55,117,8,186,226,90,316,502
10/02/2002,TVC,MI,AGL,CE,Towers with Display (VFR),6,46,29,0,81,0,8,117,14,139,6,54,146,14,220,326,122,448,668
10/03/2002,TVC,MI,AGL,CE,Towers with Display (VFR),6,49,43,0,98,0,4,73,18,95,6,53,116,18,193,166,124,290,483
10/04/2002,TVC,MI,AGL,CE,Towers with Display (VFR),6,42,26,8,82,0,0,4,9,13,6,42,30,17,95,0,12,12,107
10/05/2002,TVC,MI,AGL,CE,Towers with Display (VFR),6,32,30,7,75,0,16,72,5,93,6,48,102,12,168,124,96,220,388
10/06/2002,TVC,MI,AGL,CE,Towers with Display (VFR),6,32,17,0,55,0,8,17,4,29,6,40,34,4,84,12,28,40,124
10/07/2002,TVC,MI,AGL,CE,Towers with Display (VFR),6,44,15,0,65,0,14,93,12,119,6,58,108,12,184,232,46,278,462
10/08/2002,TVC,MI,AGL,CE,Towers with Display (VFR),4,46,17,0,67,0,11,81,8,100,4,57,98,8,167,256,140,396,563
10/09/2002,TVC,MI,AGL,CE,Towers with Display (VFR),6,51,23,0,80,0,19,150,24,193,6,70,173,24,273,528,156,684,957
10/10/2002,TVC,MI,AGL,CE,Towers with Display (VFR),6,51,33,2,92,0,7,148,10,165,6,58,181,12,257,304,100,404,661
10/11/2002,TVC,MI,AGL,CE,Towers with Display (VFR),6,57,47,0,110,0,7,146,9,162,6,64,193,9,272,264,54,318,590
10/12/2002,TVC,MI,AGL,CE,Towers with Display (VFR),6,32,26,7,71,0,4,23,7,34,6,36,49,14,105,8,0,8,113
10/13/2002,TVC,MI,AGL,CE,Towers with Display (VFR),5,29,20,0,54,0,2,28,2,32,5,31,48,2,86,20,0,20,106
10/14/2002,TVC,MI,AGL,CE,Towers with Display (VFR),8,36,25,0,69,0,5,171,2,178,8,41,196,2,247,326,18,344,591
10/15/2002,TVC,MI,AGL,CE,Towers with Display (VFR),8,52,36,0,96,0,9,63,13,85,8,61,99,13,181,150,184,334,515
10/16/2002,TVC,MI,AGL,CE,Towers with Display (VFR),7,47,31,0,85,0,18,130,204,352,7,65,161,204,437,0,0,0,437
10/17/2002,TVC,MI,AGL,CE,Towers with Display (VFR),5,56,33,0,94,0,8,69,12,89,5,64,102,12,183,178,48,226,409
10/18/2002,TVC,MI,AGL,CE,Towers with Display (VFR),5,53,37,1,96,0,6,10,10,26,5,59,47,11,122,8,72,80,202
10/19/2002,TVC,MI,AGL,CE,Towers with Display (VFR),6,38,9,0,53,0,9,29,2,40,6,47,38,2,93,22,0,22,115
10/20/2002,TVC,MI,AGL,CE,Towers with Display (VFR),6,22,22,0,50,0,1,48,2,51,6,23,70,2,101,142,0,142,243
10/21/2002,TVC,MI,AGL,CE,Towers with Display (VFR),6,43,6,2,57,0,1,55,7,63,6,44,61,9,120,180,0,180,300
10/22/2002,TVC,MI,AGL,CE,Towers with Display (VFR),9,60,39,0,108,0,12,29,18,59,9,72,68,18,167,2,56,58,225
10/23/2002,TVC,MI,AGL,CE,Towers with Display (VFR),6,46,27,0,79,0,11,143,7,161,6,57,170,7,240,238,0,238,478
10/24/2002,TVC,MI,AGL,CE,Towers with Display (VFR),5,51,24,0,80,0,15,116,8,139,5,66,140,8,219,230,48,278,497
10/25/2002,TVC,MI,AGL,CE,Towers with Display (VFR),6,52,29,0,87,0,2,86,8,96,6,54,115,8,183,184,66,250,433
10/26/2002,TVC,MI,AGL,CE,Towers with Display (VFR),6,37,16,0,59,0,2,1,0,3,6,39,17,0,62,0,0,0,62
10/27/2002,TVC,MI,AGL,CE,Towers with Display (VFR),3,27,13,0,43,0,5,55,5,65,3,32,68,5,108,92,2,94,202
10/28/2002,TVC,MI,AGL,CE,Towers with Display (VFR),3,44,20,2,69,0,3,125,16,144,3,47,145,18,213,222,22,244,457
10/29/2002,TVC,MI,AGL,CE,Towers with Display (VFR),3,43,19,2,67,0,8,125,8,141,3,51,144,10,208,256,76,332,540
10/30/2002,TVC,MI,AGL,CE,Towers with Display (VFR),3,50,15,0,68,0,6,108,4,118,3,56,123,4,186,272,42,314,500
10/31/2002,TVC,MI,AGL,CE,Towers with Display (VFR),3,49,8,0,60,0,4,10,10,24,3,53,18,10,84,8,0,8,92
11/01/2002,TVC,MI,AGL,CE,Towers with Display (VFR),5,51,32,1,89,0,9,23,7,39,5,60,55,8,128,14,0,14,142
11/02/2002,TVC,MI,AGL,CE,Towers with Display (VFR),4,30,13,0,47,0,6,53,0,59,4,36,66,0,106,96,0,96,202
11/03/2002,TVC,MI,AGL,CE,Towers with Display (VFR),4,31,24,0,59,0,2,63,2,67,4,33,87,2,126,128,34,162,288
11/04/2002,TVC,MI,AGL,CE,Towers with Display (VFR),4,40,13,0,57,0,10,88,11,109,4,50,101,11,166,268,0,268,434
11/05/2002,TVC,MI,AGL,CE,Towers with Display (VFR),4,42,15,0,61,0,0,33,10,43,4,42,48,10,104,42,32,74,178
11/06/2002,TVC,MI,AGL,CE,Towers with Display (VFR),4,48,19,0,71,0,2,18,8,28,4,50,37,8,99,60,12,72,171
11/07/2002,TVC,MI,AGL,CE,Towers with Display (VFR),4,46,32,3,85,0,12,128,15,155,4,58,160,18,240,176,22,198,438
11/08/2002,TVC,MI,AGL,CE,Towers with Display (VFR),4,44,19,0,67,0,12,143,7,162,4,56,162,7,229,194,0,194,423
11/09/2002,TVC,MI,AGL,CE,Towers with Display (VFR),4,29,15,0,48,0,2,91,2,95,4,31,106,2,143,228,0,228,371
11/10/2002,TVC,MI,AGL,CE,Towers with Display (VFR),4,20,30,3,57,0,0,0,2,2,4,20,30,5,59,0,0,0,59
11/11/2002,TVC,MI,AGL,CE,Towers with Display (VFR),4,37,4,0,45,0,4,17,6,27,4,41,21,6,72,96,0,96,168
11/12/2002,TVC,MI,AGL,CE,Towers with Display (VFR),4,48,30,3,85,0,9,117,7,133,4,57,147,10,218,236,20,256,474
11/13/2002,TVC,MI,AGL,CE,Towers with Display (VFR),4,49,30,0,83,0,6,125,10,141,4,55,155,10,224,340,0,340,564
11/14/2002,TVC,MI,AGL,CE,Towers with Display (VFR),4,47,12,1,64,0,1,18,22,41,4,48,30,23,105,74,58,132,237
11/15/2002,TVC,MI,AGL,CE,Towers with Display (VFR),4,41,28,0,73,0,7,49,6,62,4,48,77,6,135,158,2,160,295
11/16/2002,TVC,MI,AGL,CE,Towers with Display (VFR),6,27,13,0,46,0,10,86,5,101,6,37,99,5,147,224,0,224,371
11/17/2002,TVC,MI,AGL,CE,Towers with Display (VFR),4,22,16,0,42,0,3,51,4,58,4,25,67,4,100,52,0,52,152
11/18/2002,TVC,MI,AGL,CE,Towers with Display (VFR),4,40,7,0,51,0,6,95,4,105,4,46,102,4,156,322,66,388,544
11/19/2002,TVC,MI,AGL,CE,Towers with Display (VFR),4,52,28,2,86,0,13,61,16,90,4,65,89,18,176,96,58,154,330
11/20/2002,TVC,MI,AGL,CE,Towers with Display (VFR),4,45,19,0,68,0,7,112,8,127,4,52,131,8,195,340,4,344,539
11/21/2002,TVC,MI,AGL,CE,Towers with Display (VFR),4,46,14,2,66,0,11,46,11,68,4,57,60,13,134,130,6,136,270
11/22/2002,TVC,MI,AGL,CE,Towers with Display (VFR),4,48,19,0,71,0,4,41,23,68,4,52,60,23,139,118,22,140,279
11/23/2002,TVC,MI,AGL,CE,Towers with Display (VFR),4,31,19,0,54,0,3,30,10,43,4,34,49,10,97,100,0,100,197
11/24/2002,TVC,MI,AGL,CE,Towers with Display (VFR),6,22,11,0,39,0,0,42,5,47,6,22,53,5,86,76,0,76,162
11/25/2002,TVC,MI,AGL,CE,Towers with Display (VFR),4,44,15,0,63,0,2,17,20,39,4,46,32,20,102,58,0,58,160
11/26/2002,TVC,MI,AGL,CE,Towers with Display (VFR),4,57,25,0,86,0,10,39,14,63,4,67,64,14,149,56,66,122,271
11/27/2002,TVC,MI,AGL,CE,Towers with Display (VFR),4,58,31,0,93,0,7,73,14,94,4,65,104,14,187,136,20,156,343
11/28/2002,TVC,MI,AGL,CE,Towers with Display (VFR),4,21,2,0,27,0,17,7,16,40,4,38,9,16,67,0,0,0,67
11/29/2002,TVC,MI,AGL,CE,Towers with Display (VFR),4,46,11,0,61,0,10,20,2,32,4,56,31,2,93,26,4,30,123
11/30/2002,TVC,MI,AGL,CE,Towers with Display (VFR),4,26,1,1,32,0,0,0,0,0,4,26,1,1,32,0,0,0,32
12/01/2002,TVC,MI,AGL,CE,Towers with Display (VFR),4,29,22,0,55,0,0,0,0,0,4,29,22,0,55,0,0,0,55
12/02/2002,TVC,MI,AGL,CE,Towers with Display (VFR),3,42,29,0,74,0,14,83,12,109,3,56,112,12,183,192,40,232,415
12/03/2002,TVC,MI,AGL,CE,Towers with Display (VFR),6,48,30,1,85,0,5,1,13,19,6,53,31,14,104,3,16,19,123
12/04/2002,TVC,MI,AGL,CE,Towers with Display (VFR),4,48,25,0,77,0,3,84,14,101,4,51,109,14,178,216,16,232,410
12/05/2002,TVC,MI,AGL,CE,Towers with Display (VFR),4,50,16,8,78,0,0,0,3,3,4,50,16,11,81,0,4,4,85
12/06/2002,TVC,MI,AGL,CE,Towers with Display (VFR),4,49,22,0,75,0,9,33,12,54,4,58,55,12,129,115,8,123,252
12/07/2002,TVC,MI,AGL,CE,Towers with Display (VFR),4,30,6,2,42,0,6,35,2,43,4,36,41,4,85,60,0,60,145
12/08/2002,TVC,MI,AGL,CE,Towers with Display (VFR),4,21,13,2,40,0,18,1,4,23,4,39,14,6,63,2,0,2,65
12/09/2002,TVC,MI,AGL,CE,Towers with Display (VFR),4,41,24,0,69,0,18,69,14,101,4,59,93,14,170,102,12,114,284
12/10/2002,TVC,MI,AGL,CE,Towers with Display (VFR),4,46,21,2,73,0,15,117,18,150,4,61,138,20,223,152,58,210,433
12/11/2002,TVC,MI,AGL,CE,Towers with Display (VFR),4,46,42,0,92,0,3,103,4,110,4,49,145,4,202,210,18,228,430
12/12/2002,TVC,MI,AGL,CE,Towers with Display (VFR),4,50,22,0,76,0,8,55,13,76,4,58,77,13,152,54,74,128,280
12/13/2002,TVC,MI,AGL,CE,Towers with Display (VFR),4,55,14,2,75,0,0,1,0,1,4,55,15,2,76,0,0,0,76
12/14/2002,TVC,MI,AGL,CE,Towers with Display (VFR),4,30,10,0,44,0,5,40,5,50,4,35,50,5,94,132,6,138,232
12/15/2002,TVC,MI,AGL,CE,Towers with Display (VFR),4,23,12,0,39,0,0,0,3,3,4,23,12,3,42,0,0,0,42
12/16/2002,TVC,MI,AGL,CE,Towers with Display (VFR),4,45,6,1,56,0,16,100,8,124,4,61,106,9,180,186,102,288,468
12/17/2002,TVC,MI,AGL,CE,Towers with Display (VFR),4,46,16,0,66,0,7,79,2,88,4,53,95,2,154,130,0,130,284
12/18/2002,TVC,MI,AGL,CE,Towers with Display (VFR),4,44,12,1,61,0,0,0,2,2,4,44,12,3,63,0,0,0,63
12/19/2002,TVC,MI,AGL,CE,Towers with Display (VFR),4,56,33,1,94,0,7,4,3,14,4,63,37,4,108,0,0,0,108
12/20/2002,TVC,MI,AGL,CE,Towers with Display (VFR),4,54,16,1,75,0,0,0,2,2,4,54,16,3,77,0,0,0,77
12/21/2002,TVC,MI,AGL,CE,Towers with Display (VFR),4,34,14,0,52,0,3,2,2,7,4,37,16,2,59,0,0,0,59
12/22/2002,TVC,MI,AGL,CE,Towers with Display (VFR),3,27,8,0,38,0,2,0,1,3,3,29,8,1,41,0,0,0,41
12/23/2002,TVC,MI,AGL,CE,Towers with Display (VFR),4,41,10,0,55,0,2,16,2,20,4,43,26,2,75,0,0,0,75
12/24/2002,TVC,MI,AGL,CE,Towers with Display (VFR),4,42,9,0,55,0,14,19,2,35,4,56,28,2,90,34,0,34,124
12/25/2002,TVC,MI,AGL,CE,Towers with Display (VFR),4,27,2,0,33,0,8,2,2,12,4,35,4,2,45,0,0,0,45
12/26/2002,TVC,MI,AGL,CE,Towers with Display (VFR),3,50,30,0,83,0,24,66,2,92,3,74,96,2,175,128,0,128,303
12/27/2002,TVC,MI,AGL,CE,Towers with Display (VFR),4,43,28,0,75,0,12,103,3,118,4,55,131,3,193,130,0,130,323
12/28/2002,TVC,MI,AGL,CE,Towers with Display (VFR),5,33,28,0,66,0,6,35,1,42,5,39,63,1,108,80,28,108,216
12/29/2002,TVC,MI,AGL,CE,Towers with Display (VFR),4,27,10,0,41,0,4,17,1,22,4,31,27,1,63,30,6,36,99
12/30/2002,TVC,MI,AGL,CE,Towers with Display (VFR),6,39,22,1,68,0,0,1,1,2,6,39,23,2,70,0,0,0,70
12/31/2002,TVC,MI,AGL,CE,Towers with Display (VFR),4,46,12,4,66,0,9,55,3,67,4,55,67,7,133,76,2,78,211
01/01/2003,TVC,MI,AGL,CE,Towers with Display (VFR),3,29,5,0,37,1,17,28,0,46,4,46,33,0,83,44,0,44,127
01/02/2003,TVC,MI,AGL,CE,Towers with Display (VFR),4,42,19,0,65,0,14,55,0,69,4,56,74,0,134,110,26,136,270
01/03/2003,TVC,MI,AGL,CE,Towers with Display (VFR),4,45,18,0,67,0,11,52,3,66,4,56,70,3,133,178,18,196,329
01/04/2003,TVC,MI,AGL,CE,Towers with Display (VFR),4,37,18,0,59,0,7,42,5,54,4,44,60,5,113,78,32,110,223
01/05/2003,TVC,MI,AGL,CE,Towers with Display (VFR),4,27,11,0,42,0,23,19,2,44,4,50,30,2,86,40,24,64,150
01/06/2003,TVC,MI,AGL,CE,Towers with Display (VFR),4,45,12,0,61,0,7,11,6,24,4,52,23,6,85,38,50,88,173
01/07/2003,TVC,MI,AGL,CE,Towers with Display (VFR),4,48,16,0,68,0,3,4,7,14,4,51,20,7,82,0,42,42,124
01/08/2003,TVC,MI,AGL,CE,Towers with Display (VFR),4,44,7,1,56,0,18,57,9,84,4,62,64,10,140,110,46,156,296
01/09/2003,TVC,MI,AGL,CE,Towers with Display (VFR),4,51,18,4,77,0,4,6,8,18,4,55,24,12,95,0,36,36,131
01/10/2003,TVC,MI,AGL,CE,Towers with Display (VFR),4,48,17,0,69,0,4,2,0,6,4,52,19,0,75,0,20,20,95
01/11/2003,TVC,MI,AGL,CE,Towers with Display (VFR),4,30,3,0,37,0,0,2,5,7,4,30,5,5,44,0,20,20,64
01/12/2003,TVC,MI,AGL,CE,Towers with Display (VFR),3,29,16,0,48,0,4,7,2,13,3,33,23,2,61,10,0,10,71
01/13/2003,TVC,MI,AGL,CE,Towers with Display (VFR),4,41,5,1,51,0,2,0,8,10,4,43,5,9,61,0,0,0,61
01/14/2003,TVC,MI,AGL,CE,Towers with Display (VFR),4,51,17,2,74,0,6,12,11,29,4,57,29,13,103,0,26,26,129
01/15/2003,TVC,MI,AGL,CE,Towers with Display (VFR),4,58,28,1,91,0,5,2,2,9,4,63,30,3,100,0,4,4,104
01/16/2003,TVC,MI,AGL,CE,Towers with Display (VFR),4,49,20,0,73,0,9,66,11,86,4,58,86,11,159,116,2,118,277
01/17/2003,TVC,MI,AGL,CE,Towers with Display (VFR),4,51,24,0,79,0,2,7,6,15,4,53,31,6,94,4,32,36,130
01/18/2003,TVC,MI,AGL,CE,Towers with Display (VFR),4,31,7,0,42,0,0,0,2,2,4,31,7,2,44,0,0,0,44
01/19/2003,TVC,MI,AGL,CE,Towers with Display (VFR),4,30,6,2,42,0,0,4,2,6,4,30,10,4,48,0,0,0,48
01/20/2003,TVC,MI,AGL,CE,Towers with Display (VFR),4,44,18,0,66,0,0,16,0,16,4,44,34,0,82,16,0,16,98
01/21/2003,TVC,MI,AGL,CE,Towers with Display (VFR),4,58,37,4,103,0,1,4,9,14,4,59,41,13,117,20,30,50,167
01/22/2003,TVC,MI,AGL,CE,Towers with Display (VFR),4,53,14,0,71,0,0,0,1,1,4,53,14,1,72,0,0,0,72
01/23/2003,TVC,MI,AGL,CE,Towers with Display (VFR),4,51,10,0,65,0,0,0,8,8,4,51,10,8,73,0,0,0,73
01/24/2003,TVC,MI,AGL,CE,Towers with Display (VFR),4,47,24,2,77,0,1,4,5,10,4,48,28,7,87,8,52,60,147
01/25/2003,TVC,MI,AGL,CE,Towers with Display (VFR),4,30,12,2,48,0,0,0,0,0,4,30,12,2,48,0,0,0,48
01/26/2003,TVC,MI,AGL,CE,Towers with Display (VFR),4,28,6,1,39,0,0,0,1,1,4,28,6,2,40,0,0,0,40
01/27/2003,TVC,MI,AGL,CE,Towers with Display (VFR),4,44,7,0,55,0,3,34,6,43,4,47,41,6,98,100,52,152,250
01/28/2003,TVC,MI,AGL,CE,Towers with Display (VFR),4,51,18,1,74,0,9,8,3,20,4,60,26,4,94,20,4,24,118
01/29/2003,TVC,MI,AGL,CE,Towers with Display (VFR),4,45,23,2,74,0,13,78,10,101,4,58,101,12,175,160,148,308,483
01/30/2003,TVC,MI,AGL,CE,Towers with Display (VFR),4,53,25,0,82,0,7,50,10,67,4,60,75,10,149,174,60,234,383
01/31/2003,TVC,MI,AGL,CE,Towers with Display (VFR),5,60,17,4,86,0,0,3,3,6,5,60,20,7,92,8,30,38,130
02/01/2003,TVC,MI,AGL,CE,Towers with Display (VFR),4,29,3,0,36,0,6,15,5,26,4,35,18,5,62,44,8,52,114
02/02/2003,TVC,MI,AGL,CE,Towers with Display (VFR),4,29,16,0,49,0,9,4,6,19,4,38,20,6,68,0,26,26,94
02/03/2003,TVC,MI,AGL,CE,Towers with Display (VFR),5,39,10,2,56,0,0,1,0,1,5,39,11,2,57,0,0,0,57
02/04/2003,TVC,MI,AGL,CE,Towers with Display (VFR),4,52,9,0,65,0,0,1,0,1,4,52,10,0,66,0,0,0,66
02/05/2003,TVC,MI,AGL,CE,Towers with Display (VFR),4,52,18,0,74,0,7,57,14,78,4,59,75,14,152,124,76,200,352
02/06/2003,TVC,MI,AGL,CE,Towers with Display (VFR),4,57,15,4,80,0,0,3,15,18,4,57,18,19,98,0,94,94,192
02/07/2003,TVC,MI,AGL,CE,Towers with Display (VFR),4,52,28,0,84,0,4,50,10,64,4,56,78,10,148,106,26,132,280
02/08/2003,TVC,MI,AGL,CE,Towers with Display (VFR),4,35,14,0,53,0,0,2,0,2,4,35,16,0,55,0,0,0,55
02/09/2003,TVC,MI,AGL,CE,Towers with Display (VFR),6,27,13,0,46,0,7,17,1,25,6,34,30,1,71,8,4,12,83
02/10/2003,TVC,MI,AGL,CE,Towers with Display (VFR),4,43,7,1,55,0,0,1,2,3,4,43,8,3,58,0,42,42,100
02/11/2003,TVC,MI,AGL,CE,Towers with Display (VFR),3,54,11,0,68,0,0,4,4,8,3,54,15,4,76,24,32,56,132
02/12/2003,TVC,MI,AGL,CE,Towers with Display (VFR),4,50,20,1,75,0,0,2,10,12,4,50,22,11,87,0,48,48,135
02/13/2003,TVC,MI,AGL,CE,Towers with Display (VFR),4,50,20,7,81,0,4,5,14,23,4,54,25,21,104,68,98,166,270
02/14/2003,TVC,MI,AGL,CE,Towers with Display (VFR),4,50,17,0,71,0,8,109,11,128,4,58,126,11,199,212,24,236,435
02/15/2003,TVC,MI,AGL,CE,Towers with Display (VFR),4,33,17,0,54,0,7,68,2,77,4,40,85,2,131,98,0,98,229
02/16/2003,TVC,MI,AGL,CE,Towers with Display (VFR),2,25,9,0,36,2,17,72,3,94,4,42,81,3,130,128,10,138,268
02/17/2003,TVC,MI,AGL,CE,Towers with Display (VFR),4,39,17,0,60,0,3,95,5,103,4,42,112,5,163,228,22,250,413
02/18/2003,TVC,MI,AGL,CE,Towers with Display (VFR),4,48,22,0,74,0,3,9,9,21,4,51,31,9,95,10,104,114,209
02/19/2003,TVC,MI,AGL,CE,Towers with Display (VFR),4,52,17,0,73,0,8,63,10,81,4,60,80,10,154,210,58,268,422
02/20/2003,TVC,MI,AGL,CE,Towers with Display (VFR),4,50,16,0,70,0,30,97,14,141,4,80,113,14,211,170,48,218,429
02/21/2003,TVC,MI,AGL,CE,Towers with Display (VFR),4,46,26,0,76,0,4,95,9,108,4,50,121,9,184,206,32,238,422
02/22/2003,TVC,MI,AGL,CE,Towers with Display (VFR),3,29,1,0,33,0,10,6,4,20,3,39,7,4,53,24,24,48,101
02/23/2003,TVC,MI,AGL,CE,Towers with Display (VFR),4,22,15,0,41,0,7,39,6,52,4,29,54,6,93,94,6,100,193
02/24/2003,TVC,MI,AGL,CE,Towers with Display (VFR),4,46,10,2,62,0,4,19,10,33,4,50,29,12,95,78,70,148,243
02/25/2003,TVC,MI,AGL,CE,Towers with Display (VFR),4,49,23,0,76,36,6,84,12,138,40,55,107,12,214,192,72,264,478
02/26/2003,TVC,MI,AGL,CE,Towers with Display (VFR),4,49,19,0,72,0,6,117,15,138,4,55,136,15,210,298,40,338,548
02/27/2003,TVC,MI,AGL,CE,Towers with Display (VFR),4,50,28,0,82,0,18,110,17,145,4,68,138,17,227,324,28,352,579
02/28/2003,TVC,MI,AGL,CE,Towers with Display (VFR),4,46,32,0,82,0,10,95,9,114,4,56,127,9,196,248,4,252,448
03/01/2003,TVC,MI,AGL,CE,Towers with Display (VFR),3,32,14,0,49,0,3,87,4,94,3,35,101,4,143,62,66,128,271
03/02/2003,TVC,MI,AGL,CE,Towers with Display (VFR),4,28,9,1,42,0,0,1,1,2,4,28,10,2,44,0,0,0,44
03/03/2003,TVC,MI,AGL,CE,Towers with Display (VFR),4,46,12,1,63,0,2,47,6,55,4,48,59,7,118,94,26,120,238
03/04/2003,TVC,MI,AGL,CE,Towers with Display (VFR),4,50,9,2,65,0,1,0,2,3,4,51,9,4,68,0,30,30,98
03/05/2003,TVC,MI,AGL,CE,Towers with Display (VFR),4,44,10,0,58,0,14,158,2,174,4,58,168,2,232,364,22,386,618
03/06/2003,TVC,MI,AGL,CE,Towers with Display (VFR),4,47,4,0,55,0,19,125,8,152,4,66,129,8,207,284,28,312,519
03/07/2003,TVC,MI,AGL,CE,Towers with Display (VFR),4,50,12,2,68,0,7,10,7,24,4,57,22,9,92,42,0,42,134
03/08/2003,TVC,MI,AGL,CE,Towers with Display (VFR),4,29,6,0,39,0,3,1,0,4,4,32,7,0,43,0,0,0,43
03/09/2003,TVC,MI,AGL,CE,Towers with Display (VFR),4,25,17,0,46,0,8,31,5,44,4,33,48,5,90,110,16,126,216
03/10/2003,TVC,MI,AGL,CE,Towers with Display (VFR),5,41,20,0,66,0,14,98,9,121,5,55,118,9,187,206,20,226,413
03/11/2003,TVC,MI,AGL,CE,Towers with Display (VFR),2,51,8,1,62,0,0,15,5,20,2,51,23,6,82,44,24,68,150
03/12/2003,TVC,MI,AGL,CE,Towers with Display (VFR),4,44,22,0,70,0,14,98,4,116,4,58,120,4,186,284,0,284,470
03/13/2003,TVC,MI,AGL,CE,Towers with Display (VFR),3,49,14,0,66,0,12,116,7,135,3,61,130,7,201,236,18,254,455
03/14/2003,TVC,MI,AGL,CE,Towers with Display (VFR),4,46,24,0,74,0,11,128,0,139,4,57,152,0,213,252,0,252,465
03/15/2003,TVC,MI,AGL,CE,Towers with Display (VFR),4,28,20,0,52,0,4,114,2,120,4,32,134,2,172,200,0,200,372
03/16/2003,TVC,MI,AGL,CE,Towers with Display (VFR),4,25,32,0,61,0,7,70,4,81,4,32,102,4,142,204,0,204,346
03/17/2003,TVC,MI,AGL,CE,Towers with Display (VFR),3,36,67,4,110,0,0,0,0,0,3,36,67,4,110,0,0,0,110
03/18/2003,TVC,MI,AGL,CE,Towers with Display (VFR),4,50,45,1,100,0,20,81,6,107,4,70,126,7,207,260,14,274,481
03/19/2003,TVC,MI,AGL,CE,Towers with Display (VFR),4,44,28,0,76,0,12,101,7,120,4,56,129,7,196,254,20,274,470
03/20/2003,TVC,MI,AGL,CE,Towers with Display (VFR),4,56,12,0,72,0,8,15,4,27,4,64,27,4,99,60,30,90,189
03/21/2003,TVC,MI,AGL,CE,Towers with Display (VFR),4,61,16,4,85,0,0,0,4,4,4,61,16,8,89,0,38,38,127
03/22/2003,TVC,MI,AGL,CE,Towers with Display (VFR),3,35,10,0,48,0,14,31,1,46,3,49,41,1,94,102,0,102,196
03/23/2003,TVC,MI,AGL,CE,Towers with Display (VFR),4,26,17,0,47,0,15,88,1,104,4,41,105,1,151,112,0,112,263
03/24/2003,TVC,MI,AGL,CE,Towers with Display (VFR),4,43,14,0,61,0,20,41,10,71,4,63,55,10,132,94,18,112,244
03/25/2003,TVC,MI,AGL,CE,Towers with Display (VFR),4,48,25,0,77,0,15,139,4,158,4,63,164,4,235,298,28,326,561
03/26/2003,TVC,MI,AGL,CE,Towers with Display (VFR),4,36,13,0,53,0,18,127,7,152,4,54,140,7,205,262,6,268,473
03/27/2003,TVC,MI,AGL,CE,Towers with Display (VFR),4,51,23,1,79,0,8,26,8,42,4,59,49,9,121,94,0,94,215
03/28/2003,TVC,MI,AGL,CE,Towers with Display (VFR),5,53,17,0,75,0,9,9,5,23,5,62,26,5,98,18,0,18,116
03/29/2003,TVC,MI,AGL,CE,Towers with Display (VFR),4,32,8,0,44,0,0,2,3,5,4,32,10,3,49,0,0,0,49
03/30/2003,TVC,MI,AGL,CE,Towers with Display (VFR),4,27,19,0,50,0,5,34,7,46,4,32,53,7,96,66,0,66,162
03/31/2003,TVC,MI,AGL,CE,Towers with Display (VFR),4,38,6,2,50,0,13,72,9,94,4,51,78,11,144,132,2,134,278
04/01/2003,TVC,MI,AGL,CE,Towers with Display (VFR),3,55,29,0,87,1,7,18,4,30,4,62,47,4,117,14,48,62,179
04/02/2003,TVC,MI,AGL,CE,Towers with Display (VFR),4,52,19,1,76,0,4,59,1,64,4,56,78,2,140,146,36,182,322
04/03/2003,TVC,MI,AGL,CE,Towers with Display (VFR),3,34,1,0,38,0,2,1,0,3,3,36,2,0,41,0,0,0,41
04/04/2003,TVC,MI,AGL,CE,Towers with Display (VFR),3,31,10,0,44,0,0,1,0,1,3,31,11,0,45,0,0,0,45
04/05/2003,TVC,MI,AGL,CE,Towers with Display (VFR),3,32,10,3,48,0,2,0,0,2,3,34,10,3,50,0,0,0,50
04/06/2003,TVC,MI,AGL,CE,Towers with Display (VFR),4,28,15,0,47,0,1,48,2,51,4,29,63,2,98,60,0,60,158
04/07/2003,TVC,MI,AGL,CE,Towers with Display (VFR),4,33,10,0,47,0,15,40,6,61,4,48,50,6,108,72,50,122,230
04/08/2003,TVC,MI,AGL,CE,Towers with Display (VFR),4,51,18,0,73,0,9,138,6,153,4,60,156,6,226,284,28,312,538
04/09/2003,TVC,MI,AGL,CE,Towers with Display (VFR),4,46,20,1,71,0,23,166,8,197,4,69,186,9,268,406,20,426,694
04/10/2003,TVC,MI,AGL,CE,Towers with Display (VFR),4,49,28,0,81,0,20,141,6,167,4,69,169,6,248,302,0,302,550
04/11/2003,TVC,MI,AGL,CE,Towers with Display (VFR),4,47,19,0,70,0,9,148,10,167,4,56,167,10,237,376,0,376,613
04/12/2003,TVC,MI,AGL,CE,Towers with Display (VFR),6,32,21,1,60,0,6,92,4,102,6,38,113,5,162,162,4,166,328
04/13/2003,TVC,MI,AGL,CE,Towers with Display (VFR),4,27,13,1,45,0,11,101,3,115,4,38,114,4,160,208,0,208,368
04/14/2003,TVC,MI,AGL,CE,Towers with Display (VFR),4,37,17,0,58,0,16,36,17,69,4,53,53,17,127,62,30,92,219
04/15/2003,TVC,MI,AGL,CE,Towers with Display (VFR),4,51,20,0,75,0,6,51,16,73,4,57,71,16,148,132,0,132,280
04/16/2003,TVC,MI,AGL,CE,Towers with Display (VFR),4,48,18,0,70,0,3,2,4,9,4,51,20,4,79,0,4,4,83
04/17/2003,TVC,MI,AGL,CE,Towers with Display (VFR),4,50,8,0,62,0,13,33,6,52,4,63,41,6,114,82,0,82,196
04/18/2003,TVC,MI,AGL,CE,Towers with Display (VFR),4,53,14,0,71,0,3,8,11,22,4,56,22,11,93,32,0,32,125
04/19/2003,TVC,MI,AGL,CE,Towers with Display (VFR),4,31,19,0,54,0,5,16,2,23,4,36,35,2,77,16,0,16,93
04/20/2003,TVC,MI,AGL,CE,Towers with Display (VFR),4,28,4,0,36,0,5,3,4,12,4,33,7,4,48,6,0,6,54
04/21/2003,TVC,MI,AGL,CE,Towers with Display (VFR),4,49,20,0,73,0,4,0,3,7,4,53,20,3,80,0,0,0,80
04/22/2003,TVC,MI,AGL,CE,Towers with Display (VFR),4,53,17,0,74,0,6,58,7,71,4,59,75,7,145,142,0,142,287
04/23/2003,TVC,MI,AGL,CE,Towers with Display (VFR),4,46,20,0,70,0,15,192,7,214,4,61,212,7,284,368,4,372,656
04/24/2003,TVC,MI,AGL,CE,Towers with Display (VFR),4,41,16,5,66,0,16,136,24,176,4,57,152,29,242,254,10,264,506
04/25/2003,TVC,MI,AGL,CE,Towers with Display (VFR),4,48,18,0,70,0,20,132,7,159,4,68,150,7,229,224,2,226,455
04/26/2003,TVC,MI,AGL,CE,Towers with Display (VFR),4,33,7,0,44,0,10,96,4,110,4,43,103,4,154,122,0,122,276
04/27/2003,TVC,MI,AGL,CE,Towers with Display (VFR),4,26,18,0,48,0,13,64,2,79,4,39,82,2,127,62,0,62,189
04/28/2003,TVC,MI,AGL,CE,Towers with Display (VFR),4,46,17,4,71,0,2,117,6,125,4,48,134,10,196,258,0,258,454
04/29/2003,TVC,MI,AGL,CE,Towers with Display (VFR),4,50,12,0,66,0,13,100,12,125,4,63,112,12,191,220,0,220,411
04/30/2003,TVC,MI,AGL,CE,Towers with Display (VFR),3,46,24,0,73,0,21,58,2,81,3,67,82,2,154,254,0,254,408
05/01/2003,TVC,MI,AGL,CE,Towers with Display (VFR),4,58,26,0,88,0,3,63,10,76,4,61,89,10,164,106,0,106,270
05/02/2003,TVC,MI,AGL,CE,Towers with Display (VFR),4,47,19,1,71,0,6,75,14,95,4,53,94,15,166,156,8,164,330
05/03/2003,TVC,MI,AGL,CE,Towers with Display (VFR),4,32,5,0,41,0,7,150,4,161,4,39,155,4,202,240,2,242,444
05/04/2003,TVC,MI,AGL,CE,Towers with Display (VFR),4,27,15,0,46,0,5,97,4,106,4,32,112,4,152,118,0,118,270
05/05/2003,TVC,MI,AGL,CE,Towers with Display (VFR),4,42,24,0,70,0,5,9,2,16,4,47,33,2,86,0,0,0,86
05/06/2003,TVC,MI,AGL,CE,Towers with Display (VFR),4,50,33,0,87,0,0,2,2,4,4,50,35,2,91,2,0,2,93
05/07/2003,TVC,MI,AGL,CE,Towers with Display (VFR),4,45,22,1,72,0,4,62,2,68,4,49,84,3,140,162,0,162,302
05/08/2003,TVC,MI,AGL,CE,Towers with Display (VFR),4,52,29,0,85,0,9,122,9,140,4,61,151,9,225,174,6,180,405
05/09/2003,TVC,MI,AGL,CE,Towers with Display (VFR),4,53,25,0,82,0,5,69,19,93,4,58,94,19,175,192,0,192,367
05/10/2003,TVC,MI,AGL,CE,Towers with Display (VFR),4,38,9,1,52,0,5,102,7,114,4,43,111,8,166,198,8,206,372
05/11/2003,TVC,MI,AGL,CE,Towers with Display (VFR),4,22,15,0,41,0,4,0,9,13,4,26,15,9,54,2,24,26,80
05/12/2003,TVC,MI,AGL,CE,Towers with Display (VFR),4,41,18,0,63,0,0,2,3,5,4,41,20,3,68,10,0,10,78
05/13/2003,TVC,MI,AGL,CE,Towers with Display (VFR),4,44,23,0,71,0,14,165,7,186,4,58,188,7,257,230,2,232,489
05/14/2003,TVC,MI,AGL,CE,Towers with Display (VFR),4,46,17,0,67,0,15,159,5,179,4,61,176,5,246,262,0,262,508
05/15/2003,TVC,MI,AGL,CE,Towers with Display (VFR),4,46,14,0,64,0,6,91,11,108,4,52,105,11,172,212,2,214,386
05/16/2003,TVC,MI,AGL,CE,Towers with Display (VFR),4,53,27,0,84,0,9,83,8,100,4,62,110,8,184,234,6,240,424
05/17/2003,TVC,MI,AGL,CE,Towers with Display (VFR),4,31,26,0,61,0,2,55,9,66,4,33,81,9,127,32,4,36,163
05/18/2003,TVC,MI,AGL,CE,Towers with Display (VFR),4,28,16,0,48,0,1,93,3,97,4,29,109,3,145,88,8,96,241
05/19/2003,TVC,MI,AGL,CE,Towers with Display (VFR),4,38,18,0,60,0,12,87,5,104,4,50,105,5,164,218,0,218,382
05/20/2003,TVC,MI,AGL,CE,Towers with Display (VFR),4,46,25,0,75,0,2,15,2,19,4,48,40,2,94,36,0,36,130
05/21/2003,TVC,MI,AGL,CE,Towers with Display (VFR),4,48,11,0,63,0,11,158,9,178,4,59,169,9,241,266,30,296,537
05/22/2003,TVC,MI,AGL,CE,Towers with Display (VFR),4,52,32,0,88,0,19,173,7,199,4,71,205,7,287,374,18,392,679
05/23/2003,TVC,MI,AGL,CE,Towers with Display (VFR),4,49,52,0,105,0,21,131,1,153,4,70,183,1,258,186,0,186,444
05/24/2003,TVC,MI,AGL,CE,Towers with Display (VFR),4,39,23,0,66,0,4,52,3,59,4,43,75,3,125,104,0,104,229
05/25/2003,TVC,MI,AGL,CE,Towers with Display (VFR),4,28,15,2,49,0,13,88,2,103,4,41,103,4,152,80,34,114,266
05/26/2003,TVC,MI,AGL,CE,Towers with Display (VFR),4,35,24,0,63,0,7,114,5,126,4,42,138,5,189,236,4,240,429
05/27/2003,TVC,MI,AGL,CE,Towers with Display (VFR),4,42,31,0,77,0,16,123,4,143,4,58,154,4,220,240,0,240,460
05/28/2003,TVC,MI,AGL,CE,Towers with Display (VFR),4,52,30,0,86,0,13,73,9,95,4,65,103,9,181,176,0,176,357
05/29/2003,TVC,MI,AGL,CE,Towers with Display (VFR),4,46,27,1,78,0,19,92,3,114,4,65,119,4,192,148,2,150,342
05/30/2003,TVC,MI,AGL,CE,Towers with Display (VFR),4,48,35,0,87,0,10,46,3,59,4,58,81,3,146,94,0,94,240
05/31/2003,TVC,MI,AGL,CE,Towers with Display (VFR),2,38,18,1,59,0,5,24,5,34,2,43,42,6,93,10,0,10,103
06/01/2003,TVC,MI,AGL,CE,Towers with Display (VFR),3,27,26,0,56,0,11,156,2,169,3,38,182,2,225,110,0,110,335
06/02/2003,TVC,MI,AGL,CE,Towers with Display (VFR),5,41,24,0,70,0,15,112,17,144,5,56,136,17,214,118,14,132,346
06/03/2003,TVC,MI,AGL,CE,Towers with Display (VFR),4,55,26,0,85,0,17,83,10,110,4,72,109,10,195,142,36,178,373
06/04/2003,TVC,MI,AGL,CE,Towers with Display (VFR),4,58,24,0,86,0,9,78,4,91,4,67,102,4,177,182,0,182,359
06/05/2003,TVC,MI,AGL,CE,Towers with Display (VFR),4,50,29,0,83,0,16,128,11,155,4,66,157,11,238,174,0,174,412
06/06/2003,TVC,MI,AGL,CE,Towers with Display (VFR),8,58,32,0,98,0,22,94,5,121,8,80,126,5,219,134,0,134,353
06/07/2003,TVC,MI,AGL,CE,Towers with Display (VFR),7,34,11,0,52,0,19,25,3,47,7,53,36,3,99,40,8,48,147
06/08/2003,TVC,MI,AGL,CE,Towers with Display (VFR),12,22,25,0,59,0,2,9,3,14,12,24,34,3,73,10,30,40,113
06/09/2003,TVC,MI,AGL,CE,Towers with Display (VFR),10,48,33,0,91,0,9,62,6,77,10,57,95,6,168,94,0,94,262
06/10/2003,TVC,MI,AGL,CE,Towers with Display (VFR),8,48,22,2,80,0,5,13,0,18,8,53,35,2,98,32,0,32,130
06/11/2003,TVC,MI,AGL,CE,Towers with Display (VFR),10,54,38,2,104,0,7,75,1,83,10,61,113,3,187,152,2,154,341
06/12/2003,TVC,MI,AGL,CE,Towers with Display (VFR),9,61,35,0,105,0,5,87,11,103,9,66,122,11,208,140,0,140,348
06/13/2003,TVC,MI,AGL,CE,Towers with Display (VFR),10,54,48,2,114,0,11,123,5,139,10,65,171,7,253,274,0,274,527
06/14/2003,TVC,MI,AGL,CE,Towers with Display (VFR),10,39,22,0,71,0,17,307,4,328,10,56,329,4,399,186,0,186,585
06/15/2003,TVC,MI,AGL,CE,Towers with Display (VFR),10,32,27,0,69,0,3,119,2,124,10,35,146,2,193,72,0,72,265
06/16/2003,TVC,MI,AGL,CE,Towers with Display (VFR),10,46,15,0,71,0,8,144,12,164,10,54,159,12,235,240,2,242,477
06/17/2003,TVC,MI,AGL,CE,Towers with Display (VFR),11,54,21,0,86,0,18,178,13,209,11,72,199,13,295,274,2,276,571
06/18/2003,TVC,MI,AGL,CE,Towers with Display (VFR),10,47,22,2,81,0,15,137,12,164,10,62,159,14,245,216,0,216,461
06/19/2003,TVC,MI,AGL,CE,Towers with Display (VFR),10,58,31,0,99,0,14,136,11,161,10,72,167,11,260,196,0,196,456
06/20/2003,TVC,MI,AGL,CE,Towers with Display (VFR),8,50,26,0,84,0,14,163,11,188,8,64,189,11,272,218,0,218,490
06/21/2003,TVC,MI,AGL,CE,Towers with Display (VFR),9,37,13,0,59,0,3,112,2,117,9,40,125,2,176,118,0,118,294
06/22/2003,TVC,MI,AGL,CE,Towers with Display (VFR),10,36,28,0,74,0,4,134,8,146,10,40,162,8,220,178,44,222,442
06/23/2003,TVC,MI,AGL,CE,Towers with Display (VFR),10,46,28,0,84,0,8,93,7,108,10,54,121,7,192,114,24,138,330
06/24/2003,TVC,MI,AGL,CE,Towers with Display (VFR),10,58,19,0,87,0,18,114,7,139,10,76,133,7,226,158,6,164,390
06/25/2003,TVC,MI,AGL,CE,Towers with Display (VFR),9,48,30,0,87,1,22,95,9,127,10,70,125,9,214,168,0,168,382
06/26/2003,TVC,MI,AGL,CE,Towers with Display (VFR),10,47,40,2,99,0,6,54,9,69,10,53,94,11,168,184,0,184,352
06/27/2003,TVC,MI,AGL,CE,Towers with Display (VFR),9,57,42,0,108,0,16,130,15,161,9,73,172,15,269,198,94,292,561
06/28/2003,TVC,MI,AGL,CE,Towers with Display (VFR),11,41,31,5,88,0,8,27,3,38,11,49,58,8,126,64,0,64,190
06/29/2003,TVC,MI,AGL,CE,Towers with Display (VFR),9,43,39,0,91,0,3,43,3,49,9,46,82,3,140,2,12,14,154
06/30/2003,TVC,MI,AGL,CE,Towers with Display (VFR),7,43,26,0,76,2,11,99,10,122,9,54,125,10,198,160,18,178,376
07/01/2003,TVC,MI,AGL,CE,Towers with Display (VFR),8,52,29,0,89,0,16,151,9,176,8,68,180,9,265,232,10,242,507
07/02/2003,TVC,MI,AGL,CE,Towers with Display (VFR),11,63,42,1,117,0,11,188,10,209,11,74,230,11,326,272,30,302,628
07/03/2003,TVC,MI,AGL,CE,Towers with Display (VFR),8,59,46,1,114,0,12,147,12,171,8,71,193,13,285,124,82,206,491
07/04/2003,TVC,MI,AGL,CE,Towers with Display (VFR),10,39,14,0,63,0,10,96,7,113,10,49,110,7,176,132,40,172,348
07/05/2003,TVC,MI,AGL,CE,Towers with Display (VFR),10,40,26,0,76,0,9,131,6,146,10,49,157,6,222,88,4,92,314
07/06/2003,TVC,MI,AGL,CE,Towers with Display (VFR),10,44,46,2,102,0,5,153,6,164,10,49,199,8,266,130,0,130,396
07/07/2003,TVC,MI,AGL,CE,Towers with Display (VFR),9,53,58,1,121,0,6,107,12,125,9,59,165,13,246,182,118,300,546
07/08/2003,TVC,MI,AGL,CE,Towers with Display (VFR),9,49,20,1,79,0,14,125,13,152,9,63,145,14,231,218,0,218,449
07/09/2003,TVC,MI,AGL,CE,Towers with Display (VFR),10,54,40,0,104,0,16,108,8,132,10,70,148,8,236,132,12,144,380
07/10/2003,TVC,MI,AGL,CE,Towers with Display (VFR),10,62,37,3,112,0,0,0,0,0,10,62,37,3,112,0,0,0,112
07/11/2003,TVC,MI,AGL,CE,Towers with Display (VFR),8,66,59,2,135,0,2,7,4,13,8,68,66,6,148,0,0,0,148
07/12/2003,TVC,MI,AGL,CE,Towers with Display (VFR),10,46,16,0,72,0,7,127,16,150,10,53,143,16,222,62,34,96,318
07/13/2003,TVC,MI,AGL,CE,Towers with Display (VFR),9,49,21,0,79,0,7,142,4,153,9,56,163,4,232,56,50,106,338
07/14/2003,TVC,MI,AGL,CE,Towers with Display (VFR),10,52,45,0,107,0,19,116,15,150,10,71,161,15,257,144,18,162,419
07/15/2003,TVC,MI,AGL,CE,Towers with Display (VFR),9,48,34,0,91,0,8,37,5,50,9,56,71,5,141,52,0,52,193
07/16/2003,TVC,MI,AGL,CE,Towers with Display (VFR),10,57,42,0,109,0,25,131,13,169,10,82,173,13,278,220,36,256,534
07/17/2003,TVC,MI,AGL,CE,Towers with Display (VFR),14,67,28,0,109,0,10,153,22,185,14,77,181,22,294,272,2,274,568
07/18/2003,TVC,MI,AGL,CE,Towers with Display (VFR),10,68,48,0,126,0,23,195,10,228,10,91,243,10,354,190,110,300,654
07/19/2003,TVC,MI,AGL,CE,Towers with Display (VFR),10,56,23,0,89,0,14,164,2,180,10,70,187,2,269,192,2,194,463
07/20/2003,TVC,MI,AGL,CE,Towers with Display (VFR),9,39,29,2,79,0,4,90,1,95,9,43,119,3,174,80,56,136,310
07/21/2003,TVC,MI,AGL,CE,Towers with Display (VFR),10,47,34,0,91,0,9,80,8,97,10,56,114,8,188,144,44,188,376
07/22/2003,TVC,MI,AGL,CE,Towers with Display (VFR),10,55,48,0,113,0,2,114,14,130,10,57,162,14,243,160,104,264,507
07/23/2003,TVC,MI,AGL,CE,Towers with Display (VFR),9,56,52,0,117,0,20,184,8,212,9,76,236,8,329,304,0,304,633
07/24/2003,TVC,MI,AGL,CE,Towers with Display (VFR),10,70,42,0,122,0,22,147,8,177,10,92,189,8,299,126,28,154,453
07/25/2003,TVC,MI,AGL,CE,Towers with Display (VFR),10,65,50,0,125,0,21,151,10,182,10,86,201,10,307,148,6,154,461
07/26/2003,TVC,MI,AGL,CE,Towers with Display (VFR),10,55,29,0,94,0,5,18,4,27,10,60,47,4,121,2,0,2,123
07/27/2003,TVC,MI,AGL,CE,Towers with Display (VFR),9,42,55,1,107,0,11,93,19,123,9,53,148,20,230,116,2,118,348
07/28/2003,TVC,MI,AGL,CE,Towers with Display (VFR),10,46,40,0,96,0,14,110,8,132,10,60,150,8,228,210,0,210,438
07/29/2003,TVC,MI,AGL,CE,Towers with Display (VFR),8,65,35,0,108,0,24,142,9,175,8,89,177,9,283,264,0,264,547
07/30/2003,TVC,MI,AGL,CE,Towers with Display (VFR),10,62,36,0,108,0,4,105,20,129,10,66,141,20,237,154,100,254,491
07/31/2003,TVC,MI,AGL,CE,Towers with Display (VFR),9,58,36,2,105,0,17,111,13,141,9,75,147,15,246,246,16,262,508
08/01/2003,TVC,MI,AGL,CE,Towers with Display (VFR),9,60,36,3,108,0,8,59,12,79,9,68,95,15,187,44,70,114,301
08/02/2003,TVC,MI,AGL,CE,Towers with Display (VFR),9,54,29,0,92,0,2,12,8,22,9,56,41,8,114,0,0,0,114
08/03/2003,TVC,MI,AGL,CE,Towers with Display (VFR),10,46,39,1,96,0,6,28,4,38,10,52,67,5,134,36,0,36,170
08/04/2003,TVC,MI,AGL,CE,Towers with Display (VFR),10,65,57,2,134,0,17,45,4,66,10,82,102,6,200,110,0,110,310
08/05/2003,TVC,MI,AGL,CE,Towers with Display (VFR),10,57,60,0,127,0,10,78,11,99,10,67,138,11,226,178,0,178,404
08/06/2003,TVC,MI,AGL,CE,Towers with Display (VFR),10,54,66,0,130,0,8,109,9,126,10,62,175,9,256,242,0,242,498
08/07/2003,TVC,MI,AGL,CE,Towers with Display (VFR),11,74,65,2,152,0,11,79,13,103,11,85,144,15,255,90,56,146,401
08/08/2003,TVC,MI,AGL,CE,Towers with Display (VFR),10,61,76,0,147,0,16,187,17,220,10,77,263,17,367,258,52,310,677
08/09/2003,TVC,MI,AGL,CE,Towers with Display (VFR),10,49,34,0,93,0,4,97,2,103,10,53,131,2,196,66,0,66,262
08/10/2003,TVC,MI,AGL,CE,Towers with Display (VFR),10,44,69,0,123,0,5,119,3,127,10,49,188,3,250,58,0,58,308
08/11/2003,TVC,MI,AGL,CE,Towers with Display (VFR),9,54,56,0,119,0,7,23,8,38,9,61,79,8,157,26,38,64,221
08/12/2003,TVC,MI,AGL,CE,Towers with Display (VFR),10,56,48,0,114,0,23,81,10,114,10,79,129,10,228,174,24,198,426
08/13/2003,TVC,MI,AGL,CE,Towers with Display (VFR),10,59,34,0,103,0,16,117,9,142,10,75,151,9,245,202,12,214,459
08/14/2003,TVC,MI,AGL,CE,Towers with Display (VFR),7,61,38,0,106,0,29,102,9,140,7,90,140,9,246,156,4,160,406
08/15/2003,TVC,MI,AGL,CE,Towers with Display (VFR),7,59,49,1,116,0,17,92,9,118,7,76,141,10,234,94,2,96,330
08/16/2003,TVC,MI,AGL,CE,Towers with Display (VFR),11,49,24,0,84,0,4,68,5,77,11,53,92,5,161,40,0,40,201
08/17/2003,TVC,MI,AGL,CE,Towers with Display (VFR),10,43,31,0,84,0,5,141,5,151,10,48,172,5,235,138,0,138,373
08/18/2003,TVC,MI,AGL,CE,Towers with Display (VFR),10,63,23,0,96,0,25,178,13,216,10,88,201,13,312,212,0,212,524
08/19/2003,TVC,MI,AGL,CE,Towers with Display (VFR),10,64,23,0,97,0,13,115,4,132,10,77,138,4,229,224,2,226,455
08/20/2003,TVC,MI,AGL,CE,Towers with Display (VFR),10,51,38,1,100,0,10,139,13,162,10,61,177,14,262,234,2,236,498
08/21/2003,TVC,MI,AGL,CE,Towers with Display (VFR),9,51,30,0,90,0,15,42,3,60,9,66,72,3,150,78,6,84,234
08/22/2003,TVC,MI,AGL,CE,Towers with Display (VFR),9,59,42,0,110,0,32,142,7,181,9,91,184,7,291,146,0,146,437
08/23/2003,TVC,MI,AGL,CE,Towers with Display (VFR),10,44,23,0,77,0,17,151,1,169,10,61,174,1,246,108,0,108,354
08/24/2003,TVC,MI,AGL,CE,Towers with Display (VFR),10,37,38,0,85,0,9,51,9,69,10,46,89,9,154,36,42,78,232
08/25/2003,TVC,MI,AGL,CE,Towers with Display (VFR),10,46,22,0,78,0,12,84,7,103,10,58,106,7,181,116,0,116,297
08/26/2003,TVC,MI,AGL,CE,Towers with Display (VFR),10,62,18,0,90,0,18,91,6,115,10,80,109,6,205,200,4,204,409
08/27/2003,TVC,MI,AGL,CE,Towers with Display (VFR),10,59,26,1,96,0,9,146,7,162,10,68,172,8,258,200,0,200,458
08/28/2003,TVC,MI,AGL,CE,Towers with Display (VFR),10,61,31,1,103,0,11,150,14,175,10,72,181,15,278,212,0,212,490
08/29/2003,TVC,MI,AGL,CE,Towers with Display (VFR),9,58,41,0,108,0,14,60,11,85,9,72,101,11,193,58,0,58,251
08/30/2003,TVC,MI,AGL,CE,Towers with Display (VFR),10,40,24,2,76,0,12,118,0,130,10,52,142,2,206,98,0,98,304
08/31/2003,TVC,MI,AGL,CE,Towers with Display (VFR),8,35,17,0,60,0,15,78,4,97,8,50,95,4,157,52,32,84,241
09/01/2003,TVC,MI,AGL,CE,Towers with Display (VFR),4,39,41,0,84,0,8,121,3,132,4,47,162,3,216,174,0,174,390
09/02/2003,TVC,MI,AGL,CE,Towers with Display (VFR),6,50,47,0,103,0,16,108,2,126,6,66,155,2,229,120,0,120,349
09/03/2003,TVC,MI,AGL,CE,Towers with Display (VFR),6,60,22,2,90,0,8,86,8,102,6,68,108,10,192,184,48,232,424
09/04/2003,TVC,MI,AGL,CE,Towers with Display (VFR),7,45,34,0,86,0,9,52,18,79,7,54,86,18,165,78,2,80,245
09/05/2003,TVC,MI,AGL,CE,Towers with Display (VFR),7,49,27,0,83,0,11,219,5,235,7,60,246,5,318,282,32,314,632
09/06/2003,TVC,MI,AGL,CE,Towers with Display (VFR),7,40,29,2,78,0,11,150,8,169,7,51,179,10,247,240,32,272,519
09/07/2003,TVC,MI,AGL,CE,Towers with Display (VFR),6,25,31,2,64,0,14,123,4,141,6,39,154,6,205,174,42,216,421
09/08/2003,TVC,MI,AGL,CE,Towers with Display (VFR),6,38,11,0,55,0,17,137,7,161,6,55,148,7,216,280,0,280,496
09/09/2003,TVC,MI,AGL,CE,Towers with Display (VFR),9,56,23,0,88,0,8,107,6,121,9,64,130,6,209,230,0,230,439
09/10/2003,TVC,MI,AGL,CE,Towers with Display (VFR),6,50,17,0,73,0,12,185,21,218,6,62,202,21,291,444,52,496,787
09/11/2003,TVC,MI,AGL,CE,Towers with Display (VFR),6,62,24,2,94,0,17,103,12,132,6,79,127,14,226,292,0,292,518
09/12/2003,TVC,MI,AGL,CE,Towers with Display (VFR),6,58,32,0,96,0,12,123,15,150,6,70,155,15,246,232,62,294,540
09/13/2003,TVC,MI,AGL,CE,Towers with Display (VFR),6,43,16,0,65,10,10,85,2,107,16,53,101,2,172,174,0,174,346
09/14/2003,TVC,MI,AGL,CE,Towers with Display (VFR),6,41,23,0,70,0,15,18,18,51,6,56,41,18,121,30,2,32,153
09/15/2003,TVC,MI,AGL,CE,Towers with Display (VFR),8,48,16,0,72,0,12,92,4,108,8,60,108,4,180,220,46,266,446
09/16/2003,TVC,MI,AGL,CE,Towers with Display (VFR),8,51,16,0,75,0,12,157,14,183,8,63,173,14,258,388,16,404,662
09/17/2003,TVC,MI,AGL,CE,Towers with Display (VFR),6,51,23,0,80,0,18,161,3,182,6,69,184,3,262,434,2,436,698
09/18/2003,TVC,MI,AGL,CE,Towers with Display (VFR),6,46,14,0,66,0,23,129,20,172,6,69,143,20,238,180,46,226,464
09/19/2003,TVC,MI,AGL,CE,Towers with Display (VFR),6,59,25,0,90,0,14,78,23,115,6,73,103,23,205,230,170,400,605
09/20/2003,TVC,MI,AGL,CE,Towers with Display (VFR),6,32,20,0,58,0,6,131,5,142,6,38,151,5,200,184,40,224,424
09/21/2003,TVC,MI,AGL,CE,Towers with Display (VFR),6,29,22,0,57,0,8,112,2,122,6,37,134,2,179,120,54,174,353
09/22/2003,TVC,MI,AGL,CE,Towers with Display (VFR),6,53,27,2,88,0,4,28,10,42,6,57,55,12,130,84,80,164,294
09/23/2003,TVC,MI,AGL,CE,Towers with Display (VFR),6,56,21,0,83,0,2,109,11,122,6,58,130,11,205,258,52,310,515
09/24/2003,TVC,MI,AGL,CE,Towers with Display (VFR),6,55,11,4,76,0,9,53,23,85,6,64,64,27,161,152,122,274,435
09/25/2003,TVC,MI,AGL,CE,Towers with Display (VFR),6,65,24,2,97,0,11,96,19,126,6,76,120,21,223,272,104,376,599
09/26/2003,TVC,MI,AGL,CE,Towers with Display (VFR),6,52,20,0,78,0,11,96,8,115,6,63,116,8,193,336,34,370,563
09/27/2003,TVC,MI,AGL,CE,Towers with Display (VFR),5,37,14,0,56,1,5,30,2,38,6,42,44,2,94,114,0,114,208
09/28/2003,TVC,MI,AGL,CE,Towers with Display (VFR),6,23,31,0,60,0,2,5,6,13,6,25,36,6,73,0,0,0,73
09/29/2003,TVC,MI,AGL,CE,Towers with Display (VFR),5,45,14,0,64,0,16,102,15,133,5,61,116,15,197,454,106,560,757
09/30/2003,TVC,MI,AGL,CE,Towers with Display (VFR),6,50,15,0,71,0,9,64,12,85,6,59,79,12,156,196,116,312,468
10/01/2003,TVC,MI,AGL,CE,Towers with Display (VFR),6,48,20,1,75,0,37,9,6,52,6,85,29,7,127,86,112,198,325
10/02/2003,TVC,MI,AGL,CE,Towers with Display (VFR),6,45,19,0,70,0,29,60,13,102,6,74,79,13,172,250,88,338,510
10/03/2003,TVC,MI,AGL,CE,Towers with Display (VFR),6,54,23,1,84,0,1,20,11,32,6,55,43,12,116,82,100,182,298
10/04/2003,TVC,MI,AGL,CE,Towers with Display (VFR),5,36,15,0,56,3,12,15,4,34,8,48,30,4,90,50,0,50,140
10/05/2003,TVC,MI,AGL,CE,Towers with Display (VFR),4,26,13,0,43,1,0,35,4,40,5,26,48,4,83,16,0,16,99
10/06/2003,TVC,MI,AGL,CE,Towers with Display (VFR),6,43,18,0,67,2,18,176,14,210,8,61,194,14,277,518,74,592,869
10/07/2003,TVC,MI,AGL,CE,Towers with Display (VFR),6,45,19,0,70,0,26,134,10,170,6,71,153,10,240,258,20,278,518
10/08/2003,TVC,MI,AGL,CE,Towers with Display (VFR),6,43,18,0,67,0,20,126,14,160,6,63,144,14,227,290,100,390,617
10/09/2003,TVC,MI,AGL,CE,Towers with Display (VFR),6,54,22,1,83,0,24,114,20,158,6,78,136,21,241,336,138,474,715
10/10/2003,TVC,MI,AGL,CE,Towers with Display (VFR),6,55,25,1,87,0,0,170,11,181,6,55,195,12,268,366,10,376,644
10/11/2003,TVC,MI,AGL,CE,Towers with Display (VFR),6,49,20,1,76,0,8,112,3,123,6,57,132,4,199,192,34,226,425
10/12/2003,TVC,MI,AGL,CE,Towers with Display (VFR),5,30,15,0,50,1,0,68,2,71,6,30,83,2,121,26,4,30,151
10/13/2003,TVC,MI,AGL,CE,Towers with Display (VFR),4,38,16,1,59,2,25,111,4,142,6,63,127,5,201,234,2,236,437
10/14/2003,TVC,MI,AGL,CE,Towers with Display (VFR),6,65,26,2,99,0,3,0,2,5,6,68,26,4,104,0,34,34,138
10/15/2003,TVC,MI,AGL,CE,Towers with Display (VFR),6,52,22,2,82,0,16,73,5,94,6,68,95,7,176,200,12,212,388
10/16/2003,TVC,MI,AGL,CE,Towers with Display (VFR),6,51,21,2,80,0,11,119,11,141,6,62,140,13,221,188,32,220,441
10/17/2003,TVC,MI,AGL,CE,Towers with Display (VFR),6,59,25,2,92,0,8,171,12,191,6,67,196,14,283,324,68,392,675
10/18/2003,TVC,MI,AGL,CE,Towers with Display (VFR),4,35,14,1,54,2,5,125,4,136,6,40,139,5,190,204,2,206,396
10/19/2003,TVC,MI,AGL,CE,Towers with Display (VFR),5,37,17,1,60,1,0,90,2,93,6,37,107,3,153,174,24,198,351
10/20/2003,TVC,MI,AGL,CE,Towers with Display (VFR),5,42,16,1,64,1,8,69,5,83,6,50,85,6,147,100,0,100,247
10/21/2003,TVC,MI,AGL,CE,Towers with Display (VFR),6,52,20,2,80,0,4,36,12,52,6,56,56,14,132,98,114,212,344
10/22/2003,TVC,MI,AGL,CE,Towers with Display (VFR),5,49,19,2,75,1,11,103,4,119,6,60,122,6,194,292,0,292,486
10/23/2003,TVC,MI,AGL,CE,Towers with Display (VFR),5,46,18,1,70,1,9,46,8,64,6,55,64,9,134,220,0,220,354
10/24/2003,TVC,MI,AGL,CE,Towers with Display (VFR),6,59,25,2,92,0,0,57,18,75,6,59,82,20,167,116,8,124,291
10/25/2003,TVC,MI,AGL,CE,Towers with Display (VFR),4,40,16,1,61,2,11,82,6,101,6,51,98,7,162,222,44,266,428
10/26/2003,TVC,MI,AGL,CE,Towers with Display (VFR),3,30,12,1,46,0,4,12,2,18,3,34,24,3,64,20,0,20,84
10/27/2003,TVC,MI,AGL,CE,Towers with Display (VFR),5,48,19,2,74,0,2,81,9,92,5,50,100,11,166,242,0,242,408
10/28/2003,TVC,MI,AGL,CE,Towers with Display (VFR),5,46,19,0,70,0,8,1,18,27,5,54,20,18,97,28,44,72,169
10/29/2003,TVC,MI,AGL,CE,Towers with Display (VFR),5,59,24,1,89,0,1,87,12,100,5,60,111,13,189,332,108,440,629
10/30/2003,TVC,MI,AGL,CE,Towers with Display (VFR),5,49,20,1,75,0,14,94,17,125,5,63,114,18,200,288,4,292,492
10/31/2003,TVC,MI,AGL,CE,Towers with Display (VFR),3,54,27,1,85,0,0,17,10,27,3,54,44,11,112,50,28,78,190
11/01/2003,TVC,MI,AGL,CE,Towers with Display (VFR),5,29,14,1,49,0,0,89,4,93,5,29,103,5,142,134,54,188,330
11/02/2003,TVC,MI,AGL,CE,Towers with Display (VFR),3,23,10,0,36,0,0,16,2,18,3,23,26,2,54,16,0,16,70
11/03/2003,TVC,MI,AGL,CE,Towers with Display (VFR),3,41,16,1,61,0,1,31,14,46,3,42,47,15,107,92,0,92,199
11/04/2003,TVC,MI,AGL,CE,Towers with Display (VFR),4,48,18,1,71,0,2,5,12,19,4,50,23,13,90,0,0,0,90
11/05/2003,TVC,MI,AGL,CE,Towers with Display (VFR),5,47,17,1,70,0,18,56,9,83,5,65,73,10,153,210,0,210,363
11/06/2003,TVC,MI,AGL,CE,Towers with Display (VFR),5,53,20,1,79,0,12,138,10,160,5,65,158,11,239,336,4,340,579
11/07/2003,TVC,MI,AGL,CE,Towers with Display (VFR),3,45,17,1,66,0,11,25,9,45,3,56,42,10,111,58,6,64,175
11/08/2003,TVC,MI,AGL,CE,Towers with Display (VFR),3,29,11,1,44,2,20,42,1,65,5,49,53,2,109,210,0,210,319
11/09/2003,TVC,MI,AGL,CE,Towers with Display (VFR),1,35,14,2,52,0,11,83,6,100,1,46,97,8,152,160,4,164,316
11/10/2003,TVC,MI,AGL,CE,Towers with Display (VFR),4,51,20,2,77,0,7,129,8,144,4,58,149,10,221,326,44,370,591
11/11/2003,TVC,MI,AGL,CE,Towers with Display (VFR),5,43,17,2,67,0,0,14,0,14,5,43,31,2,81,10,0,10,91
11/12/2003,TVC,MI,AGL,CE,Towers with Display (VFR),4,46,16,2,68,1,7,20,0,28,5,53,36,2,96,154,22,176,272
11/13/2003,TVC,MI,AGL,CE,Towers with Display (VFR),3,37,13,2,55,0,12,6,6,24,3,49,19,8,79,18,12,30,109
11/14/2003,TVC,MI,AGL,CE,Towers with Display (VFR),4,50,17,2,73,0,14,157,7,178,4,64,174,9,251,242,54,296,547
11/15/2003,TVC,MI,AGL,CE,Towers with Display (VFR),4,35,12,1,52,1,4,51,3,59,5,39,63,4,111,194,52,246,357
11/16/2003,TVC,MI,AGL,CE,Towers with Display (VFR),1,30,10,1,42,0,5,0,3,8,1,35,10,4,50,0,0,0,50
11/17/2003,TVC,MI,AGL,CE,Towers with Display (VFR),4,44,15,2,65,1,9,107,8,125,5,53,122,10,190,196,62,258,448
11/18/2003,TVC,MI,AGL,CE,Towers with Display (VFR),5,48,12,2,67,0,1,0,6,7,5,49,12,8,74,0,0,0,74
11/19/2003,TVC,MI,AGL,CE,Towers with Display (VFR),4,47,17,2,70,1,4,114,16,135,5,51,131,18,205,268,80,348,553
11/20/2003,TVC,MI,AGL,CE,Towers with Display (VFR),5,46,16,2,69,0,9,92,13,114,5,55,108,15,183,216,62,278,461
11/21/2003,TVC,MI,AGL,CE,Towers with Display (VFR),5,51,19,2,77,0,0,166,12,178,5,51,185,14,255,314,28,342,597
11/22/2003,TVC,MI,AGL,CE,Towers with Display (VFR),3,30,11,0,44,2,4,56,2,64,5,34,67,2,108,136,2,138,246
11/23/2003,TVC,MI,AGL,CE,Towers with Display (VFR),2,20,9,0,31,1,0,4,0,5,3,20,13,0,36,2,0,2,38
11/24/2003,TVC,MI,AGL,CE,Towers with Display (VFR),3,31,7,0,41,2,5,0,6,13,5,36,7,6,54,26,42,68,122
11/25/2003,TVC,MI,AGL,CE,Towers with Display (VFR),5,46,17,1,69,0,8,71,13,92,5,54,88,14,161,106,36,142,303
11/26/2003,TVC,MI,AGL,CE,Towers with Display (VFR),4,45,17,1,67,1,16,117,1,135,5,61,134,2,202,266,0,266,468
11/27/2003,TVC,MI,AGL,CE,Towers with Display (VFR),2,22,5,0,29,3,8,0,0,11,5,30,5,0,40,0,0,0,40
11/28/2003,TVC,MI,AGL,CE,Towers with Display (VFR),4,41,10,0,55,0,6,0,0,6,4,47,10,0,61,0,0,0,61
11/29/2003,TVC,MI,AGL,CE,Towers with Display (VFR),2,28,11,0,41,3,12,17,3,35,5,40,28,3,76,44,0,44,120
11/30/2003,TVC,MI,AGL,CE,Towers with Display (VFR),4,30,11,0,45,0,2,59,2,63,4,32,70,2,108,98,4,102,210
12/01/2003,TVC,MI,AGL,CE,Towers with Display (VFR),5,42,13,0,60,0,7,22,8,37,5,49,35,8,97,66,46,112,209
12/02/2003,TVC,MI,AGL,CE,Towers with Display (VFR),5,47,14,0,66,0,13,61,8,82,5,60,75,8,148,218,24,242,390
12/03/2003,TVC,MI,AGL,CE,Towers with Display (VFR),5,45,14,0,64,0,10,108,8,126,5,55,122,8,190,242,24,266,456
12/04/2003,TVC,MI,AGL,CE,Towers with Display (VFR),6,57,17,1,81,11,6,142,10,169,17,63,159,11,250,258,0,258,508
12/05/2003,TVC,MI,AGL,CE,Towers with Display (VFR),5,48,14,0,67,0,9,128,16,153,5,57,142,16,220,268,32,300,520
12/06/2003,TVC,MI,AGL,CE,Towers with Display (VFR),4,34,10,0,48,1,5,43,0,49,5,39,53,0,97,204,8,212,309
12/07/2003,TVC,MI,AGL,CE,Towers with Display (VFR),3,28,9,0,40,0,1,60,4,65,3,29,69,4,105,102,42,144,249
12/08/2003,TVC,MI,AGL,CE,Towers with Display (VFR),5,42,13,0,60,0,21,60,10,91,5,63,73,10,151,116,52,168,319
12/09/2003,TVC,MI,AGL,CE,Towers with Display (VFR),4,44,13,1,62,2,6,43,22,73,6,50,56,23,135,132,68,200,335
12/10/2003,TVC,MI,AGL,CE,Towers with Display (VFR),5,49,16,2,72,0,0,0,6,6,5,49,16,8,78,0,0,0,78
12/11/2003,TVC,MI,AGL,CE,Towers with Display (VFR),4,49,9,1,63,1,4,0,7,12,5,53,9,8,75,0,0,0,75
12/12/2003,TVC,MI,AGL,CE,Towers with Display (VFR),5,50,15,1,71,0,4,43,9,56,5,54,58,10,127,36,0,36,163
12/13/2003,TVC,MI,AGL,CE,Towers with Display (VFR),3,35,12,1,51,2,0,121,9,132,5,35,133,10,183,216,38,254,437
12/14/2003,TVC,MI,AGL,CE,Towers with Display (VFR),2,27,8,1,38,3,4,38,2,47,5,31,46,3,85,96,2,98,183
12/15/2003,TVC,MI,AGL,CE,Towers with Display (VFR),4,40,13,1,58,1,0,39,13,53,5,40,52,14,111,154,72,226,337
12/16/2003,TVC,MI,AGL,CE,Towers with Display (VFR),4,43,12,1,60,1,10,0,9,20,5,53,12,10,80,14,64,78,158
12/17/2003,TVC,MI,AGL,CE,Towers with Display (VFR),3,50,11,1,65,0,3,0,2,5,3,53,11,3,70,0,36,36,106
12/18/2003,TVC,MI,AGL,CE,Towers with Display (VFR),3,46,13,1,63,0,6,45,2,53,3,52,58,3,116,114,0,114,230
12/19/2003,TVC,MI,AGL,CE,Towers with Display (VFR),3,55,11,2,71,0,5,0,5,10,3,60,11,7,81,0,0,0,81
12/20/2003,TVC,MI,AGL,CE,Towers with Display (VFR),3,40,11,1,55,0,2,67,5,74,3,42,78,6,129,204,0,204,333
12/21/2003,TVC,MI,AGL,CE,Towers with Display (VFR),3,31,9,1,44,0,0,57,0,57,3,31,66,1,101,82,0,82,183
12/22/2003,TVC,MI,AGL,CE,Towers with Display (VFR),3,50,14,1,68,0,4,118,6,128,3,54,132,7,196,174,12,186,382
12/23/2003,TVC,MI,AGL,CE,Towers with Display (VFR),4,48,11,1,64,0,9,0,0,9,4,57,11,1,73,0,0,0,73
12/24/2003,TVC,MI,AGL,CE,Towers with Display (VFR),3,42,7,1,53,0,10,0,11,21,3,52,7,12,74,0,0,0,74
12/25/2003,TVC,MI,AGL,CE,Towers with Display (VFR),2,21,2,0,25,1,3,0,0,4,3,24,2,0,29,0,0,0,29
12/26/2003,TVC,MI,AGL,CE,Towers with Display (VFR),3,50,14,1,68,0,12,98,1,111,3,62,112,2,179,162,0,162,341
12/27/2003,TVC,MI,AGL,CE,Towers with Display (VFR),3,38,10,1,52,0,0,75,3,78,3,38,85,4,130,118,6,124,254
12/28/2003,TVC,MI,AGL,CE,Towers with Display (VFR),2,25,8,1,36,1,0,15,3,19,3,25,23,4,55,12,4,16,71
12/29/2003,TVC,MI,AGL,CE,Towers with Display (VFR),3,33,9,1,46,0,20,54,2,76,3,53,63,3,122,104,0,104,226
12/30/2003,TVC,MI,AGL,CE,Towers with Display (VFR),3,42,11,1,57,0,9,18,0,27,3,51,29,1,84,86,2,88,172
12/31/2003,TVC,MI,AGL,CE,Towers with Display (VFR),3,42,12,0,57,0,9,7,6,22,3,51,19,6,79,0,2,2,81
01/01/2004,TVC,MI,AGL,CE,Towers with Display (VFR),2,24,7,0,33,1,2,33,0,36,3,26,40,0,69,28,0,28,97
01/02/2004,TVC,MI,AGL,CE,Towers with Display (VFR),2,42,12,0,56,0,4,13,6,23,2,46,25,6,79,70,0,70,149
01/03/2004,TVC,MI,AGL,CE,Towers with Display (VFR),3,40,12,0,55,0,0,42,4,46,3,40,54,4,101,30,0,30,131
01/04/2004,TVC,MI,AGL,CE,Towers with Display (VFR),1,19,5,0,25,0,1,24,3,28,1,20,29,3,53,8,0,8,61
01/05/2004,TVC,MI,AGL,CE,Towers with Display (VFR),2,31,9,0,42,0,3,4,0,7,2,34,13,0,49,4,0,4,53
01/06/2004,TVC,MI,AGL,CE,Towers with Display (VFR),3,57,15,1,76,0,0,0,4,4,3,57,15,5,80,0,0,0,80
01/07/2004,TVC,MI,AGL,CE,Towers with Display (VFR),3,48,10,0,61,0,8,0,9,17,3,56,10,9,78,20,0,20,98
01/08/2004,TVC,MI,AGL,CE,Towers with Display (VFR),3,51,14,0,68,0,8,13,7,28,3,59,27,7,96,18,52,70,166
01/09/2004,TVC,MI,AGL,CE,Towers with Display (VFR),3,40,11,0,54,0,15,49,14,78,3,55,60,14,132,82,56,138,270
01/10/2004,TVC,MI,AGL,CE,Towers with Display (VFR),2,21,6,0,29,0,0,4,4,8,2,21,10,4,37,0,0,0,37
01/11/2004,TVC,MI,AGL,CE,Towers with Display (VFR),2,22,4,0,28,1,2,0,4,7,3,24,4,4,35,0,28,28,63
01/12/2004,TVC,MI,AGL,CE,Towers with Display (VFR),2,37,10,0,49,0,10,5,7,22,2,47,15,7,71,12,16,28,99
01/13/2004,TVC,MI,AGL,CE,Towers with Display (VFR),2,54,15,2,73,0,0,8,10,18,2,54,23,12,91,0,38,38,129
01/14/2004,TVC,MI,AGL,CE,Towers with Display (VFR),2,32,3,1,38,1,7,0,3,11,3,39,3,4,49,0,32,32,81
01/15/2004,TVC,MI,AGL,CE,Towers with Display (VFR),3,52,14,2,71,0,5,6,14,25,3,57,20,16,96,26,28,54,150
01/16/2004,TVC,MI,AGL,CE,Towers with Display (VFR),3,50,12,1,66,0,0,73,7,80,3,50,85,8,146,122,94,216,362
01/17/2004,TVC,MI,AGL,CE,Towers with Display (VFR),1,25,2,1,29,2,3,0,1,6,3,28,2,2,35,0,0,0,35
01/18/2004,TVC,MI,AGL,CE,Towers with Display (VFR),1,22,4,0,27,2,0,0,0,2,3,22,4,0,29,0,0,0,29
01/19/2004,TVC,MI,AGL,CE,Towers with Display (VFR),2,32,8,1,43,1,3,8,0,12,3,35,16,1,55,0,56,56,111
01/20/2004,TVC,MI,AGL,CE,Towers with Display (VFR),2,59,15,2,78,0,10,32,8,50,2,69,47,10,128,66,136,202,330
01/21/2004,TVC,MI,AGL,CE,Towers with Display (VFR),2,40,10,1,53,0,1,0,1,2,2,41,10,2,55,0,46,46,101
01/22/2004,TVC,MI,AGL,CE,Towers with Display (VFR),3,51,14,0,68,0,0,6,0,6,3,51,20,0,74,0,0,0,74
01/23/2004,TVC,MI,AGL,CE,Towers with Display (VFR),3,45,11,1,60,0,8,33,14,55,3,53,44,15,115,82,4,86,201
01/24/2004,TVC,MI,AGL,CE,Towers with Display (VFR),2,32,8,1,43,1,6,8,2,17,3,38,16,3,60,14,20,34,94
01/25/2004,TVC,MI,AGL,CE,Towers with Display (VFR),1,24,6,1,32,2,1,79,3,85,3,25,85,4,117,148,4,152,269
01/26/2004,TVC,MI,AGL,CE,Towers with Display (VFR),2,38,9,1,50,1,0,2,10,13,3,38,11,11,63,2,12,14,77
01/27/2004,TVC,MI,AGL,CE,Towers with Display (VFR),2,39,5,0,46,1,5,0,0,6,3,44,5,0,52,0,0,0,52
01/28/2004,TVC,MI,AGL,CE,Towers with Display (VFR),3,54,10,2,69,0,3,0,4,7,3,57,10,6,76,0,8,8,84
01/29/2004,TVC,MI,AGL,CE,Towers with Display (VFR),3,53,14,1,71,0,16,11,10,37,3,69,25,11,108,64,52,116,224
01/30/2004,TVC,MI,AGL,CE,Towers with Display (VFR),3,56,16,1,76,0,0,11,3,14,3,56,27,4,90,0,48,48,138
01/31/2004,TVC,MI,AGL,CE,Towers with Display (VFR),2,33,11,0,46,1,0,38,2,41,3,33,49,2,87,70,18,88,175
02/01/2004,TVC,MI,AGL,CE,Towers with Display (VFR),2,23,8,0,33,0,0,36,6,42,2,23,44,6,75,86,0,86,161
02/02/2004,TVC,MI,AGL,CE,Towers with Display (VFR),3,32,10,0,45,0,8,61,11,80,3,40,71,11,125,196,80,276,401
02/03/2004,TVC,MI,AGL,CE,Towers with Display (VFR),3,46,13,0,62,0,0,0,12,12,3,46,13,12,74,2,56,58,132
02/04/2004,TVC,MI,AGL,CE,Towers with Display (VFR),3,60,18,0,81,0,5,118,0,123,3,65,136,0,204,362,0,362,566
02/05/2004,TVC,MI,AGL,CE,Towers with Display (VFR),3,45,13,0,61,0,14,81,9,104,3,59,94,9,165,182,50,232,397
02/06/2004,TVC,MI,AGL,CE,Towers with Display (VFR),3,43,6,0,52,0,9,0,6,15,3,52,6,6,67,2,22,24,91
02/07/2004,TVC,MI,AGL,CE,Towers with Display (VFR),2,26,5,0,33,1,11,0,2,14,3,37,5,2,47,0,36,36,83
02/08/2004,TVC,MI,AGL,CE,Towers with Display (VFR),3,30,9,0,42,0,5,23,7,35,3,35,32,7,77,14,10,24,101
02/09/2004,TVC,MI,AGL,CE,Towers with Display (VFR),3,38,12,0,53,0,4,3,10,17,3,42,15,10,70,8,52,60,130
02/10/2004,TVC,MI,AGL,CE,Towers with Display (VFR),3,45,9,0,57,0,6,0,8,14,3,51,9,8,71,46,0,46,117
02/11/2004,TVC,MI,AGL,CE,Towers with Display (VFR),3,52,15,0,70,0,15,15,8,38,3,67,30,8,108,20,36,56,164
02/12/2004,TVC,MI,AGL,CE,Towers with Display (VFR),3,46,14,0,63,0,8,62,8,78,3,54,76,8,141,116,2,118,259
02/13/2004,TVC,MI,AGL,CE,Towers with Display (VFR),3,43,12,0,58,0,10,44,6,60,3,53,56,6,118,124,48,172,290
02/14/2004,TVC,MI,AGL,CE,Towers with Display (VFR),2,35,10,1,48,1,0,15,1,17,3,35,25,2,65,12,26,38,103
02/15/2004,TVC,MI,AGL,CE,Towers with Display (VFR),2,32,11,1,46,1,0,36,4,41,3,32,47,5,87,90,34,124,211
02/16/2004,TVC,MI,AGL,CE,Towers with Display (VFR),2,31,8,1,42,1,18,110,1,130,3,49,118,2,172,306,26,332,504
02/17/2004,TVC,MI,AGL,CE,Towers with Display (VFR),3,48,13,1,65,0,7,69,10,86,3,55,82,11,151,206,56,262,413
02/18/2004,TVC,MI,AGL,CE,Towers with Display (VFR),3,63,17,1,84,0,6,47,3,56,3,69,64,4,140,216,30,246,386
02/19/2004,TVC,MI,AGL,CE,Towers with Display (VFR),3,54,15,1,73,0,16,94,15,125,3,70,109,16,198,292,82,374,572
02/20/2004,TVC,MI,AGL,CE,Towers with Display (VFR),2,33,4,0,39,1,4,0,1,6,3,37,4,1,45,0,22,22,67
02/21/2004,TVC,MI,AGL,CE,Towers with Display (VFR),2,30,8,0,40,1,5,10,4,20,3,35,18,4,60,46,0,46,106
02/22/2004,TVC,MI,AGL,CE,Towers with Display (VFR),2,30,10,0,42,1,0,117,18,136,3,30,127,18,178,306,8,314,492
02/23/2004,TVC,MI,AGL,CE,Towers with Display (VFR),2,35,0,0,37,1,9,0,0,10,3,44,0,0,47,0,0,0,47
02/24/2004,TVC,MI,AGL,CE,Towers with Display (VFR),3,58,17,0,78,0,6,105,18,129,3,64,122,18,207,216,60,276,483
02/25/2004,TVC,MI,AGL,CE,Towers with Display (VFR),3,58,17,0,78,0,9,48,0,57,3,67,65,0,135,204,0,204,339
02/26/2004,TVC,MI,AGL,CE,Towers with Display (VFR),3,54,16,0,73,0,6,115,7,128,3,60,131,7,201,316,46,362,563
02/27/2004,TVC,MI,AGL,CE,Towers with Display (VFR),3,48,15,0,66,0,0,107,10,117,3,48,122,10,183,232,62,294,477
02/28/2004,TVC,MI,AGL,CE,Towers with Display (VFR),2,30,8,0,40,1,7,87,22,117,3,37,95,22,157,140,48,188,345
02/29/2004,TVC,MI,AGL,CE,Towers with Display (VFR),2,25,8,0,35,3,0,106,3,112,5,25,114,3,147,180,62,242,389
03/01/2004,TVC,MI,AGL,CE,Towers with Display (VFR),3,34,11,1,49,0,11,28,15,54,3,45,39,16,103,82,46,128,231
03/02/2004,TVC,MI,AGL,CE,Towers with Display (VFR),3,54,19,1,77,0,8,15,19,42,3,62,34,20,119,58,104,162,281
03/03/2004,TVC,MI,AGL,CE,Towers with Display (VFR),3,54,19,1,77,0,0,16,8,24,3,54,35,9,101,10,48,58,159
03/04/2004,TVC,MI,AGL,CE,Towers with Display (VFR),3,47,16,1,67,0,0,52,6,58,3,47,68,7,125,176,62,238,363
03/05/2004,TVC,MI,AGL,CE,Towers with Display (VFR),3,49,16,1,69,0,6,1,12,19,3,55,17,13,88,6,0,6,94
03/06/2004,TVC,MI,AGL,CE,Towers with Display (VFR),3,30,10,0,43,0,8,16,2,26,3,38,26,2,69,80,0,80,149
03/07/2004,TVC,MI,AGL,CE,Towers with Display (VFR),2,22,6,0,30,1,3,0,4,8,3,25,6,4,38,26,66,92,130
03/08/2004,TVC,MI,AGL,CE,Towers with Display (VFR),3,42,14,1,60,0,9,12,14,35,3,51,26,15,95,56,56,112,207
03/09/2004,TVC,MI,AGL,CE,Towers with Display (VFR),3,55,19,1,78,0,2,119,20,141,3,57,138,21,219,262,100,362,581
03/10/2004,TVC,MI,AGL,CE,Towers with Display (VFR),3,52,18,1,74,0,7,99,11,117,3,59,117,12,191,152,98,250,441
03/11/2004,TVC,MI,AGL,CE,Towers with Display (VFR),3,42,15,1,61,0,8,6,8,22,3,50,21,9,83,18,8,26,109
03/12/2004,TVC,MI,AGL,CE,Towers with Display (VFR),3,43,5,1,52,0,3,0,8,11,3,46,5,9,63,0,24,24,87
03/13/2004,TVC,MI,AGL,CE,Towers with Display (VFR),3,34,12,0,49,0,2,101,6,109,3,36,113,6,158,290,14,304,462
03/14/2004,TVC,MI,AGL,CE,Towers with Display (VFR),2,21,4,0,27,1,2,0,2,5,3,23,4,2,32,0,0,0,32
03/15/2004,TVC,MI,AGL,CE,Towers with Display (VFR),3,37,13,1,54,0,17,70,4,91,3,54,83,5,145,256,0,256,401
03/16/2004,TVC,MI,AGL,CE,Towers with Display (VFR),3,41,14,1,59,0,9,120,7,136,3,50,134,8,195,236,152,388,583
03/17/2004,TVC,MI,AGL,CE,Towers with Display (VFR),3,49,16,2,70,0,10,61,4,75,3,59,77,6,145,248,84,332,477
03/18/2004,TVC,MI,AGL,CE,Towers with Display (VFR),2,44,14,2,62,1,6,71,11,89,3,50,85,13,151,182,74,256,407
03/19/2004,TVC,MI,AGL,CE,Towers with Display (VFR),3,54,17,2,76,0,13,74,8,95,3,67,91,10,171,188,8,196,367
03/20/2004,TVC,MI,AGL,CE,Towers with Display (VFR),2,32,10,1,45,1,7,21,3,32,3,39,31,4,77,42,22,64,141
03/21/2004,TVC,MI,AGL,CE,Towers with Display (VFR),2,27,8,1,38,1,0,13,1,15,3,27,21,2,53,20,2,22,75
03/22/2004,TVC,MI,AGL,CE,Towers with Display (VFR),2,40,13,2,57,1,7,119,6,133,3,47,132,8,190,224,80,304,494
03/23/2004,TVC,MI,AGL,CE,Towers with Display (VFR),3,54,17,2,76,0,0,48,3,51,3,54,65,5,127,116,114,230,357
03/24/2004,TVC,MI,AGL,CE,Towers with Display (VFR),3,53,17,2,75,0,0,18,6,24,3,53,35,8,99,36,24,60,159
03/25/2004,TVC,MI,AGL,CE,Towers with Display (VFR),3,56,20,2,81,0,0,32,10,42,3,56,52,12,123,60,14,74,197
03/26/2004,TVC,MI,AGL,CE,Towers with Display (VFR),3,59,19,0,81,0,3,0,0,3,3,62,19,0,84,0,0,0,84
03/27/2004,TVC,MI,AGL,CE,Towers with Display (VFR),2,38,12,2,54,1,0,35,2,38,3,38,47,4,92,112,14,126,218
03/28/2004,TVC,MI,AGL,CE,Towers with Display (VFR),2,30,9,1,42,1,1,0,11,13,3,31,9,12,55,0,38,38,93
03/29/2004,TVC,MI,AGL,CE,Towers with Display (VFR),2,44,14,2,62,1,10,77,9,97,3,54,91,11,159,202,34,236,395
03/30/2004,TVC,MI,AGL,CE,Towers with Display (VFR),3,53,17,2,75,0,4,89,11,104,3,57,106,13,179,194,0,194,373
03/31/2004,TVC,MI,AGL,CE,Towers with Display (VFR),2,44,14,2,62,1,4,61,10,76,3,48,75,12,138,110,68,178,316
04/01/2004,TVC,MI,AGL,CE,Towers with Display (VFR),3,40,15,0,58,0,19,88,10,117,3,59,103,10,175,204,84,288,463
04/02/2004,TVC,MI,AGL,CE,Towers with Display (VFR),3,40,15,0,58,0,18,113,7,138,3,58,128,7,196,188,2,190,386
04/03/2004,TVC,MI,AGL,CE,Towers with Display (VFR),3,33,12,0,48,0,2,32,5,39,3,35,44,5,87,44,0,44,131
04/04/2004,TVC,MI,AGL,CE,Towers with Display (VFR),3,30,11,0,44,1,1,22,4,28,4,31,33,4,72,92,26,118,190
04/05/2004,TVC,MI,AGL,CE,Towers with Display (VFR),4,34,12,0,50,0,15,108,11,134,4,49,120,11,184,364,24,388,572
04/06/2004,TVC,MI,AGL,CE,Towers with Display (VFR),4,48,17,0,69,0,8,63,7,78,4,56,80,7,147,138,60,198,345
04/07/2004,TVC,MI,AGL,CE,Towers with Display (VFR),4,42,16,0,62,0,10,74,8,92,4,52,90,8,154,206,28,234,388
04/08/2004,TVC,MI,AGL,CE,Towers with Display (VFR),5,46,17,0,68,0,6,19,16,41,5,52,36,16,109,74,80,154,263
04/09/2004,TVC,MI,AGL,CE,Towers with Display (VFR),4,41,15,0,60,0,15,80,10,105,4,56,95,10,165,226,4,230,395
04/10/2004,TVC,MI,AGL,CE,Towers with Display (VFR),3,32,12,0,47,1,5,69,2,77,4,37,81,2,124,102,0,102,226
04/11/2004,TVC,MI,AGL,CE,Towers with Display (VFR),4,24,12,0,40,0,0,39,0,39,4,24,51,0,79,4,0,4,83
04/12/2004,TVC,MI,AGL,CE,Towers with Display (VFR),3,37,14,1,55,1,14,73,17,105,4,51,87,18,160,208,40,248,408
04/13/2004,TVC,MI,AGL,CE,Towers with Display (VFR),4,47,17,1,69,0,0,128,9,137,4,47,145,10,206,284,54,338,544
04/14/2004,TVC,MI,AGL,CE,Towers with Display (VFR),4,43,16,1,64,0,9,169,9,187,4,52,185,10,251,304,100,404,655
04/15/2004,TVC,MI,AGL,CE,Towers with Display (VFR),4,41,15,1,61,0,21,104,9,134,4,62,119,10,195,206,64,270,465
04/16/2004,TVC,MI,AGL,CE,Towers with Display (VFR),3,43,16,1,63,1,18,99,12,130,4,61,115,13,193,222,174,396,589
04/17/2004,TVC,MI,AGL,CE,Towers with Display (VFR),2,32,11,1,46,2,1,54,2,59,4,33,65,3,105,66,0,66,171
04/18/2004,TVC,MI,AGL,CE,Towers with Display (VFR),3,38,12,1,54,1,3,12,4,20,4,41,24,5,74,12,0,12,86
04/19/2004,TVC,MI,AGL,CE,Towers with Display (VFR),4,42,14,1,61,0,7,14,3,24,4,49,28,4,85,46,20,66,151
04/20/2004,TVC,MI,AGL,CE,Towers with Display (VFR),2,59,20,1,82,0,7,104,10,121,2,66,124,11,203,208,60,268,471
04/21/2004,TVC,MI,AGL,CE,Towers with Display (VFR),4,57,20,1,82,0,0,3,1,4,4,57,23,2,86,0,0,0,86
04/22/2004,TVC,MI,AGL,CE,Towers with Display (VFR),4,55,19,1,79,0,7,79,5,91,4,62,98,6,170,132,48,180,350
04/23/2004,TVC,MI,AGL,CE,Towers with Display (VFR),4,49,17,1,71,0,11,121,9,141,4,60,138,10,212,282,0,282,494
04/24/2004,TVC,MI,AGL,CE,Towers with Display (VFR),3,32,11,1,47,1,0,124,311,436,4,32,135,312,483,0,0,0,483
04/25/2004,TVC,MI,AGL,CE,Towers with Display (VFR),3,31,11,1,46,0,0,4,0,4,3,31,15,1,50,0,0,0,50
04/26/2004,TVC,MI,AGL,CE,Towers with Display (VFR),3,42,14,1,60,1,2,51,8,62,4,44,65,9,122,140,14,154,276
04/27/2004,TVC,MI,AGL,CE,Towers with Display (VFR),4,45,15,1,65,0,8,73,7,88,4,53,88,8,153,136,8,144,297
04/28/2004,TVC,MI,AGL,CE,Towers with Display (VFR),4,45,15,1,65,0,4,38,11,53,4,49,53,12,118,78,22,100,218
04/29/2004,TVC,MI,AGL,CE,Towers with Display (VFR),4,48,17,0,69,0,4,25,12,41,4,52,42,12,110,10,32,42,152
04/30/2004,TVC,MI,AGL,CE,Towers with Display (VFR),4,61,22,0,87,0,1,69,13,83,4,62,91,13,170,86,66,152,322
05/01/2004,TVC,MI,AGL,CE,Towers with Display (VFR),3,41,21,0,65,0,14,23,2,39,3,55,44,2,104,80,4,84,188
05/02/2004,TVC,MI,AGL,CE,Towers with Display (VFR),2,22,11,0,35,1,12,40,3,56,3,34,51,3,91,148,18,166,257
05/03/2004,TVC,MI,AGL,CE,Towers with Display (VFR),2,42,21,0,65,0,7,110,13,130,2,49,131,13,195,224,52,276,471
05/04/2004,TVC,MI,AGL,CE,Towers with Display (VFR),2,50,26,1,79,0,12,50,2,64,2,62,76,3,143,88,0,88,231
05/05/2004,TVC,MI,AGL,CE,Towers with Display (VFR),2,51,26,1,80,0,19,130,8,157,2,70,156,9,237,212,2,214,451
05/06/2004,TVC,MI,AGL,CE,Towers with Display (VFR),2,47,24,1,74,0,11,45,9,65,2,58,69,10,139,184,8,192,331
05/07/2004,TVC,MI,AGL,CE,Towers with Display (VFR),1,38,20,1,60,2,25,82,9,118,3,63,102,10,178,176,2,178,356
05/08/2004,TVC,MI,AGL,CE,Towers with Display (VFR),1,35,19,1,56,3,0,9,3,15,4,35,28,4,71,46,0,46,117
05/09/2004,TVC,MI,AGL,CE,Towers with Display (VFR),1,30,16,0,47,1,0,13,0,14,2,30,29,0,61,36,0,36,97
05/10/2004,TVC,MI,AGL,CE,Towers with Display (VFR),1,33,17,1,52,1,20,80,11,112,2,53,97,12,164,210,8,218,382
05/11/2004,TVC,MI,AGL,CE,Towers with Display (VFR),2,46,24,1,73,0,9,153,10,172,2,55,177,11,245,216,4,220,465
05/12/2004,TVC,MI,AGL,CE,Towers with Display (VFR),2,50,26,1,79,0,2,61,8,71,2,52,87,9,150,96,0,96,246
05/13/2004,TVC,MI,AGL,CE,Towers with Display (VFR),2,45,23,0,70,0,0,3,0,3,2,45,26,0,73,0,0,0,73
05/14/2004,TVC,MI,AGL,CE,Towers with Display (VFR),2,45,12,1,60,0,6,0,5,11,2,51,12,6,71,0,0,0,71
05/15/2004,TVC,MI,AGL,CE,Towers with Display (VFR),0,34,16,1,51,0,17,76,3,96,0,51,92,4,147,130,0,130,277
05/16/2004,TVC,MI,AGL,CE,Towers with Display (VFR),2,30,14,1,47,0,4,90,3,97,2,34,104,4,144,98,20,118,262
05/17/2004,TVC,MI,AGL,CE,Towers with Display (VFR),2,44,21,1,68,0,7,36,7,50,2,51,57,8,118,68,0,68,186
05/18/2004,TVC,MI,AGL,CE,Towers with Display (VFR),2,60,29,2,93,0,8,51,4,63,2,68,80,6,156,126,4,130,286
05/19/2004,TVC,MI,AGL,CE,Towers with Display (VFR),2,53,26,1,82,0,17,152,13,182,2,70,178,14,264,280,4,284,548
05/20/2004,TVC,MI,AGL,CE,Towers with Display (VFR),2,57,28,2,89,0,5,19,2,26,2,62,47,4,115,24,0,24,139
05/21/2004,TVC,MI,AGL,CE,Towers with Display (VFR),2,42,20,1,65,0,9,42,6,57,2,51,62,7,122,90,4,94,216
05/22/2004,TVC,MI,AGL,CE,Towers with Display (VFR),0,21,9,1,31,0,4,1,2,7,0,25,10,3,38,0,0,0,38
05/23/2004,TVC,MI,AGL,CE,Towers with Display (VFR),1,26,7,1,35,5,0,0,1,6,6,26,7,2,41,0,0,0,41
05/24/2004,TVC,MI,AGL,CE,Towers with Display (VFR),2,48,24,0,74,2,2,4,2,10,4,50,28,2,84,2,0,2,86
05/25/2004,TVC,MI,AGL,CE,Towers with Display (VFR),2,63,31,1,97,0,2,70,10,82,2,65,101,11,179,142,54,196,375
05/26/2004,TVC,MI,AGL,CE,Towers with Display (VFR),2,54,27,1,84,0,9,132,13,154,2,63,159,14,238,258,74,332,570
05/27/2004,TVC,MI,AGL,CE,Towers with Display (VFR),2,71,39,1,113,0,0,72,7,79,2,71,111,8,192,108,6,114,306
05/28/2004,TVC,MI,AGL,CE,Towers with Display (VFR),2,59,33,1,95,0,0,96,22,118,2,59,129,23,213,156,0,156,369
05/29/2004,TVC,MI,AGL,CE,Towers with Display (VFR),2,38,19,0,59,0,18,84,1,103,2,56,103,1,162,90,0,90,252
05/30/2004,TVC,MI,AGL,CE,Towers with Display (VFR),2,30,15,0,47,0,9,32,4,45,2,39,47,4,92,48,72,120,212
05/31/2004,TVC,MI,AGL,CE,Towers with Display (VFR),2,36,23,0,61,0,0,12,6,18,2,36,35,6,79,16,0,16,95
06/01/2004,TVC,MI,AGL,CE,Towers with Display (VFR),2,43,27,1,73,0,14,44,4,62,2,57,71,5,135,138,0,138,273
06/02/2004,TVC,MI,AGL,CE,Towers with Display (VFR),2,41,26,0,69,0,28,68,8,104,2,69,94,8,173,180,0,180,353
06/03/2004,TVC,MI,AGL,CE,Towers with Display (VFR),2,50,32,0,84,0,18,81,5,104,2,68,113,5,188,162,4,166,354
06/04/2004,TVC,MI,AGL,CE,Towers with Display (VFR),2,51,32,0,85,0,12,119,18,149,2,63,151,18,234,186,14,200,434
06/05/2004,TVC,MI,AGL,CE,Towers with Display (VFR),2,37,23,0,62,0,5,121,9,135,2,42,144,9,197,72,0,72,269
06/06/2004,TVC,MI,AGL,CE,Towers with Display (VFR),2,33,21,0,56,0,10,66,4,80,2,43,87,4,136,20,0,20,156
06/07/2004,TVC,MI,AGL,CE,Towers with Display (VFR),2,43,28,0,73,0,12,67,1,80,2,55,95,1,153,116,18,134,287
06/08/2004,TVC,MI,AGL,CE,Towers with Display (VFR),2,47,30,0,79,0,10,46,0,56,2,57,76,0,135,40,2,42,177
06/09/2004,TVC,MI,AGL,CE,Towers with Display (VFR),2,50,32,0,84,0,5,31,14,50,2,55,63,14,134,50,0,50,184
06/10/2004,TVC,MI,AGL,CE,Towers with Display (VFR),6,48,31,1,86,0,7,89,8,104,6,55,120,9,190,144,18,162,352
06/11/2004,TVC,MI,AGL,CE,Towers with Display (VFR),8,52,33,1,94,0,6,78,1,85,8,58,111,2,179,166,0,166,345
06/12/2004,TVC,MI,AGL,CE,Towers with Display (VFR),5,40,26,1,72,4,17,55,0,76,9,57,81,1,148,74,4,78,226
06/13/2004,TVC,MI,AGL,CE,Towers with Display (VFR),7,38,34,0,79,3,0,47,0,50,10,38,81,0,129,2,0,2,131
06/14/2004,TVC,MI,AGL,CE,Towers with Display (VFR),5,38,24,1,68,3,17,94,16,130,8,55,118,17,198,104,36,140,338
06/15/2004,TVC,MI,AGL,CE,Towers with Display (VFR),5,40,26,1,72,3,17,127,7,154,8,57,153,8,226,140,0,140,366
06/16/2004,TVC,MI,AGL,CE,Towers with Display (VFR),6,46,30,1,83,2,14,106,4,126,8,60,136,5,209,132,0,132,341
06/17/2004,TVC,MI,AGL,CE,Towers with Display (VFR),8,54,33,1,96,2,0,0,4,6,10,54,33,5,102,0,0,0,102
06/18/2004,TVC,MI,AGL,CE,Towers with Display (VFR),9,66,41,2,118,0,0,116,9,125,9,66,157,11,243,164,74,238,481
06/19/2004,TVC,MI,AGL,CE,Towers with Display (VFR),6,44,27,1,78,3,21,117,7,148,9,65,144,8,226,86,0,86,312
06/20/2004,TVC,MI,AGL,CE,Towers with Display (VFR),6,46,28,1,81,3,9,88,1,101,9,55,116,2,182,76,0,76,258
06/21/2004,TVC,MI,AGL,CE,Towers with Display (VFR),6,49,30,1,86,2,14,98,5,119,8,63,128,6,205,154,66,220,425
06/22/2004,TVC,MI,AGL,CE,Towers with Display (VFR),7,48,29,1,85,2,6,104,8,120,9,54,133,9,205,188,0,188,393
06/23/2004,TVC,MI,AGL,CE,Towers with Display (VFR),6,47,28,1,82,2,5,104,12,123,8,52,132,13,205,262,10,272,477
06/24/2004,TVC,MI,AGL,CE,Towers with Display (VFR),7,53,34,1,95,1,0,67,8,76,8,53,101,9,171,106,4,110,281
06/25/2004,TVC,MI,AGL,CE,Towers with Display (VFR),8,60,36,1,105,1,11,95,4,111,9,71,131,5,216,144,0,144,360
06/26/2004,TVC,MI,AGL,CE,Towers with Display (VFR),6,45,27,1,79,3,10,114,4,131,9,55,141,5,210,120,0,120,330
06/27/2004,TVC,MI,AGL,CE,Towers with Display (VFR),6,37,29,1,73,3,0,106,5,114,9,37,135,6,187,48,0,48,235
06/28/2004,TVC,MI,AGL,CE,Towers with Display (VFR),7,55,34,1,97,2,7,70,6,85,9,62,104,7,182,114,2,116,298
06/29/2004,TVC,MI,AGL,CE,Towers with Display (VFR),6,44,27,1,78,3,19,96,11,129,9,63,123,12,207,186,84,270,477
06/30/2004,TVC,MI,AGL,CE,Towers with Display (VFR),8,58,40,2,108,0,0,69,9,78,8,58,109,11,186,109,36,145,331
07/01/2004,TVC,MI,AGL,CE,Towers with Display (VFR),9,65,50,1,125,0,4,118,38,160,9,69,168,39,285,136,124,260,545
07/02/2004,TVC,MI,AGL,CE,Towers with Display (VFR),8,68,51,1,128,0,20,125,42,187,8,88,176,43,315,176,46,222,537
07/03/2004,TVC,MI,AGL,CE,Towers with Display (VFR),9,52,40,1,102,1,12,178,31,222,10,64,218,32,324,28,62,90,414
07/04/2004,TVC,MI,AGL,CE,Towers with Display (VFR),8,46,35,1,90,1,2,4,32,39,9,48,39,33,129,0,32,32,161
07/05/2004,TVC,MI,AGL,CE,Towers with Display (VFR),8,52,46,1,107,0,0,103,8,111,8,52,149,9,218,40,32,72,290
07/06/2004,TVC,MI,AGL,CE,Towers with Display (VFR),10,55,42,1,108,0,3,20,19,42,10,58,62,20,150,34,60,94,244
07/07/2004,TVC,MI,AGL,CE,Towers with Display (VFR),9,67,51,1,128,0,0,24,1,25,9,67,75,2,153,38,2,40,193
07/08/2004,TVC,MI,AGL,CE,Towers with Display (VFR),9,64,49,1,123,0,3,27,14,44,9,67,76,15,167,18,10,28,195
07/09/2004,TVC,MI,AGL,CE,Towers with Display (VFR),9,56,42,1,108,0,6,127,6,139,9,62,169,7,247,154,20,174,421
07/10/2004,TVC,MI,AGL,CE,Towers with Display (VFR),7,37,27,1,72,2,19,100,6,127,9,56,127,7,199,76,2,78,277
07/11/2004,TVC,MI,AGL,CE,Towers with Display (VFR),9,51,38,1,99,1,10,105,4,120,10,61,143,5,219,46,16,62,281
07/12/2004,TVC,MI,AGL,CE,Towers with Display (VFR),8,48,37,1,94,0,3,87,5,95,8,51,124,6,189,184,10,194,383
07/13/2004,TVC,MI,AGL,CE,Towers with Display (VFR),9,50,38,1,98,0,27,84,3,114,9,77,122,4,212,196,0,196,408
07/14/2004,TVC,MI,AGL,CE,Towers with Display (VFR),9,60,46,1,116,0,3,37,4,44,9,63,83,5,160,36,0,36,196
07/15/2004,TVC,MI,AGL,CE,Towers with Display (VFR),9,57,43,2,111,0,9,178,9,196,9,66,221,11,307,210,42,252,559
07/16/2004,TVC,MI,AGL,CE,Towers with Display (VFR),9,56,42,2,109,1,10,117,11,139,10,66,159,13,248,276,4,280,528
07/17/2004,TVC,MI,AGL,CE,Towers with Display (VFR),6,41,31,2,80,3,11,59,2,75,9,52,90,4,155,86,34,120,275
07/18/2004,TVC,MI,AGL,CE,Towers with Display (VFR),8,50,38,2,98,4,27,123,0,154,12,77,161,2,252,164,16,180,432
07/19/2004,TVC,MI,AGL,CE,Towers with Display (VFR),8,51,39,2,100,1,11,119,15,146,9,62,158,17,246,240,26,266,512
07/20/2004,TVC,MI,AGL,CE,Towers with Display (VFR),8,54,40,2,104,1,7,107,10,125,9,61,147,12,229,194,2,196,425
07/21/2004,TVC,MI,AGL,CE,Towers with Display (VFR),8,53,38,2,101,1,4,48,5,58,9,57,86,7,159,118,16,134,293
07/22/2004,TVC,MI,AGL,CE,Towers with Display (VFR),7,53,39,2,101,0,21,103,8,132,7,74,142,10,233,220,4,224,457
07/23/2004,TVC,MI,AGL,CE,Towers with Display (VFR),7,71,52,2,132,0,4,175,13,192,7,75,227,15,324,286,34,320,644
07/24/2004,TVC,MI,AGL,CE,Towers with Display (VFR),6,43,31,2,82,4,15,118,2,139,10,58,149,4,221,112,0,112,333
07/25/2004,TVC,MI,AGL,CE,Towers with Display (VFR),7,45,33,2,87,4,5,105,0,114,11,50,138,2,201,186,0,186,387
07/26/2004,TVC,MI,AGL,CE,Towers with Display (VFR),8,54,39,2,103,2,6,164,8,180,10,60,203,10,283,164,12,176,459
07/27/2004,TVC,MI,AGL,CE,Towers with Display (VFR),9,57,42,2,110,0,10,130,9,149,9,67,172,11,259,220,72,292,551
07/28/2004,TVC,MI,AGL,CE,Towers with Display (VFR),8,60,44,2,114,0,15,115,2,132,8,75,159,4,246,186,0,186,432
07/29/2004,TVC,MI,AGL,CE,Towers with Display (VFR),9,59,44,1,113,0,19,113,10,142,9,78,157,11,255,154,0,154,409
07/30/2004,TVC,MI,AGL,CE,Towers with Display (VFR),8,66,56,1,131,0,0,69,0,69,8,66,125,1,200,106,0,106,306
07/31/2004,TVC,MI,AGL,CE,Towers with Display (VFR),7,45,33,1,86,2,11,46,5,64,9,56,79,6,150,54,16,70,220
08/01/2004,TVC,MI,AGL,CE,Towers with Display (VFR),11,60,44,0,115,0,7,81,4,92,11,67,125,4,207,106,14,120,327
08/02/2004,TVC,MI,AGL,CE,Towers with Display (VFR),8,52,38,0,98,0,22,91,7,120,8,74,129,7,218,156,14,170,388
08/03/2004,TVC,MI,AGL,CE,Towers with Display (VFR),8,53,39,0,100,0,15,119,8,142,8,68,158,8,242,262,0,262,504
08/04/2004,TVC,MI,AGL,CE,Towers with Display (VFR),10,61,45,0,116,0,16,129,2,147,10,77,174,2,263,218,0,218,481
08/05/2004,TVC,MI,AGL,CE,Towers with Display (VFR),13,63,46,0,122,0,3,187,10,200,13,66,233,10,322,296,8,304,626
08/06/2004,TVC,MI,AGL,CE,Towers with Display (VFR),10,64,46,0,120,0,6,208,11,225,10,70,254,11,345,260,50,310,655
08/07/2004,TVC,MI,AGL,CE,Towers with Display (VFR),10,47,34,0,91,1,20,129,3,153,11,67,163,3,244,100,2,102,346
08/08/2004,TVC,MI,AGL,CE,Towers with Display (VFR),9,52,38,0,99,0,8,135,7,150,9,60,173,7,249,42,2,44,293
08/09/2004,TVC,MI,AGL,CE,Towers with Display (VFR),10,44,32,0,86,0,12,52,3,67,10,56,84,3,153,52,0,52,205
08/10/2004,TVC,MI,AGL,CE,Towers with Display (VFR),11,55,40,0,106,0,5,1,8,14,11,60,41,8,120,0,0,0,120
08/11/2004,TVC,MI,AGL,CE,Towers with Display (VFR),10,48,44,1,103,0,0,78,2,80,10,48,122,3,183,132,4,136,319
08/12/2004,TVC,MI,AGL,CE,Towers with Display (VFR),11,61,44,1,117,0,4,64,6,74,11,65,108,7,191,60,0,60,251
08/13/2004,TVC,MI,AGL,CE,Towers with Display (VFR),10,53,39,1,103,0,12,127,17,156,10,65,166,18,259,282,12,294,553
08/14/2004,TVC,MI,AGL,CE,Towers with Display (VFR),9,42,31,1,83,2,22,129,11,164,11,64,160,12,247,224,0,224,471
08/15/2004,TVC,MI,AGL,CE,Towers with Display (VFR),11,52,38,1,102,1,10,109,5,125,12,62,147,6,227,84,4,88,315
08/16/2004,TVC,MI,AGL,CE,Towers with Display (VFR),9,48,35,1,93,5,6,32,9,52,14,54,67,10,145,32,30,62,207
08/17/2004,TVC,MI,AGL,CE,Towers with Display (VFR),11,60,42,1,114,0,10,61,12,83,11,70,103,13,197,126,4,130,327
08/18/2004,TVC,MI,AGL,CE,Towers with Display (VFR),10,54,37,1,102,0,5,40,5,50,10,59,77,6,152,94,8,102,254
08/19/2004,TVC,MI,AGL,CE,Towers with Display (VFR),10,53,37,1,101,0,10,151,7,168,10,63,188,8,269,352,0,352,621
08/20/2004,TVC,MI,AGL,CE,Towers with Display (VFR),10,60,42,1,113,0,9,110,5,124,10,69,152,6,237,136,10,146,383
08/21/2004,TVC,MI,AGL,CE,Towers with Display (VFR),9,44,31,1,85,4,14,129,3,150,13,58,160,4,235,78,0,78,313
08/22/2004,TVC,MI,AGL,CE,Towers with Display (VFR),10,44,36,1,91,2,0,109,9,120,12,44,145,10,211,2,40,42,253
08/23/2004,TVC,MI,AGL,CE,Towers with Display (VFR),9,45,31,1,86,2,1,82,12,97,11,46,113,13,183,242,8,250,433
08/24/2004,TVC,MI,AGL,CE,Towers with Display (VFR),9,45,31,1,86,2,2,81,9,94,11,47,112,10,180,230,10,240,420
08/25/2004,TVC,MI,AGL,CE,Towers with Display (VFR),10,51,35,1,97,1,0,100,0,101,11,51,135,1,198,252,46,298,496
08/26/2004,TVC,MI,AGL,CE,Towers with Display (VFR),9,54,37,1,101,0,5,61,8,74,9,59,98,9,175,100,68,168,343
08/27/2004,TVC,MI,AGL,CE,Towers with Display (VFR),9,45,32,1,87,2,12,69,4,87,11,57,101,5,174,140,0,140,314
08/28/2004,TVC,MI,AGL,CE,Towers with Display (VFR),7,38,26,1,72,3,9,42,1,55,10,47,68,2,127,102,4,106,233
08/29/2004,TVC,MI,AGL,CE,Towers with Display (VFR),9,44,35,0,88,4,0,54,7,65,13,44,89,7,153,48,20,68,221
08/30/2004,TVC,MI,AGL,CE,Towers with Display (VFR),7,37,27,0,71,4,15,81,9,109,11,52,108,9,180,196,0,196,376
08/31/2004,TVC,MI,AGL,CE,Towers with Display (VFR),9,46,33,0,88,1,17,121,7,146,10,63,154,7,234,254,0,254,488
09/01/2004,TVC,MI,AGL,CE,Towers with Display (VFR),6,55,28,0,89,2,7,110,2,121,8,62,138,2,210,232,2,234,444
09/02/2004,TVC,MI,AGL,CE,Towers with Display (VFR),7,65,33,0,105,0,6,109,2,117,7,71,142,2,222,186,22,208,430
09/03/2004,TVC,MI,AGL,CE,Towers with Display (VFR),7,67,34,0,108,0,8,138,7,153,7,75,172,7,261,156,36,192,453
09/04/2004,TVC,MI,AGL,CE,Towers with Display (VFR),5,44,22,0,71,3,4,89,12,108,8,48,111,12,179,90,84,174,353
09/05/2004,TVC,MI,AGL,CE,Towers with Display (VFR),6,46,29,0,81,0,0,83,4,87,6,46,112,4,168,40,4,44,212
09/06/2004,TVC,MI,AGL,CE,Towers with Display (VFR),6,59,32,0,97,0,0,77,6,83,6,59,109,6,180,50,4,54,234
09/07/2004,TVC,MI,AGL,CE,Towers with Display (VFR),5,49,25,0,79,0,15,91,13,119,5,64,116,13,198,206,0,206,404
09/08/2004,TVC,MI,AGL,CE,Towers with Display (VFR),3,52,27,0,82,0,15,124,10,149,3,67,151,10,231,230,0,230,461
09/09/2004,TVC,MI,AGL,CE,Towers with Display (VFR),3,54,28,0,85,0,16,109,9,134,3,70,137,9,219,186,44,230,449
09/10/2004,TVC,MI,AGL,CE,Towers with Display (VFR),3,56,28,0,87,0,13,177,9,199,3,69,205,9,286,196,38,234,520
09/11/2004,TVC,MI,AGL,CE,Towers with Display (VFR),3,39,20,0,62,0,16,91,8,115,3,55,111,8,177,134,28,162,339
09/12/2004,TVC,MI,AGL,CE,Towers with Display (VFR),4,38,20,0,62,1,10,87,6,104,5,48,107,6,166,146,36,182,348
09/13/2004,TVC,MI,AGL,CE,Towers with Display (VFR),5,48,25,0,78,0,5,110,3,118,5,53,135,3,196,240,4,244,440
09/14/2004,TVC,MI,AGL,CE,Towers with Display (VFR),5,72,36,0,113,0,9,88,9,106,5,81,124,9,219,150,44,194,413
09/15/2004,TVC,MI,AGL,CE,Towers with Display (VFR),6,57,29,0,92,0,21,72,4,97,6,78,101,4,189,128,12,140,329
09/16/2004,TVC,MI,AGL,CE,Towers with Display (VFR),5,48,25,0,78,0,13,73,14,100,5,61,98,14,178,178,26,204,382
09/17/2004,TVC,MI,AGL,CE,Towers with Display (VFR),5,58,30,1,94,0,11,181,17,209,5,69,211,18,303,376,74,450,753
09/18/2004,TVC,MI,AGL,CE,Towers with Display (VFR),4,45,21,1,71,1,4,134,5,144,5,49,155,6,215,308,0,308,523
09/19/2004,TVC,MI,AGL,CE,Towers with Display (VFR),4,35,19,1,59,1,0,122,2,125,5,35,141,3,184,104,34,138,322
09/20/2004,TVC,MI,AGL,CE,Towers with Display (VFR),4,45,21,1,71,1,12,98,6,117,5,57,119,7,188,252,114,366,554
09/21/2004,TVC,MI,AGL,CE,Towers with Display (VFR),4,48,23,1,76,1,11,109,10,131,5,59,132,11,207,180,26,206,413
09/22/2004,TVC,MI,AGL,CE,Towers with Display (VFR),4,42,20,1,67,1,23,132,8,164,5,65,152,9,231,350,92,442,673
09/23/2004,TVC,MI,AGL,CE,Towers with Display (VFR),5,52,24,1,82,0,14,117,30,161,5,66,141,31,243,276,106,382,625
09/24/2004,TVC,MI,AGL,CE,Towers with Display (VFR),5,54,26,1,86,0,12,103,5,120,5,66,129,6,206,204,14,218,424
09/25/2004,TVC,MI,AGL,CE,Towers with Display (VFR),4,42,20,1,67,1,2,66,9,78,5,44,86,10,145,122,0,122,267
09/26/2004,TVC,MI,AGL,CE,Towers with Display (VFR),4,37,19,1,61,0,0,130,1,131,4,37,149,2,192,140,0,140,332
09/27/2004,TVC,MI,AGL,CE,Towers with Display (VFR),3,37,18,1,59,1,15,87,11,114,4,52,105,12,173,338,0,338,511
09/28/2004,TVC,MI,AGL,CE,Towers with Display (VFR),5,50,24,1,80,0,4,86,7,97,5,54,110,8,177,206,0,206,383
09/29/2004,TVC,MI,AGL,CE,Towers with Display (VFR),4,50,24,1,79,0,3,121,0,124,4,53,145,1,203,256,24,280,483
09/30/2004,TVC,MI,AGL,CE,Towers with Display (VFR),4,48,24,0,76,2,0,117,1,120,6,48,141,1,196,300,132,432,628
10/01/2004,TVC,MI,AGL,CE,Towers with Radar,8,48,17,0,73,0,5,116,15,136,8,53,133,15,209,294,80,374,583
10/02/2004,TVC,MI,AGL,CE,Towers with Radar,5,37,14,0,56,0,6,62,2,70,5,43,76,2,126,144,38,182,308
10/03/2004,TVC,MI,AGL,CE,Towers with Radar,5,33,20,0,58,0,6,37,6,49,5,39,57,6,107,28,48,76,183
10/04/2004,TVC,MI,AGL,CE,Towers with Radar,5,38,15,0,58,0,11,50,17,78,5,49,65,17,136,116,16,132,268
10/05/2004,TVC,MI,AGL,CE,Towers with Radar,5,48,20,0,73,0,10,75,13,98,5,58,95,13,171,154,76,230,401
10/06/2004,TVC,MI,AGL,CE,Towers with Radar,4,48,14,0,66,0,3,102,21,126,4,51,116,21,192,204,92,296,488
10/07/2004,TVC,MI,AGL,CE,Towers with Radar,5,43,34,0,82,0,9,142,32,183,5,52,176,32,265,366,74,440,705
10/08/2004,TVC,MI,AGL,CE,Towers with Radar,5,62,44,0,111,0,8,23,22,53,5,70,67,22,164,34,62,96,260
10/09/2004,TVC,MI,AGL,CE,Towers with Radar,5,39,21,0,65,0,3,65,4,72,5,42,86,4,137,102,64,166,303
10/10/2004,TVC,MI,AGL,CE,Towers with Radar,5,29,13,0,47,0,5,115,6,126,5,34,128,6,173,172,30,202,375
10/11/2004,TVC,MI,AGL,CE,Towers with Radar,5,41,21,0,67,0,4,120,5,129,5,45,141,5,196,340,74,414,610
10/12/2004,TVC,MI,AGL,CE,Towers with Radar,5,57,24,1,87,0,10,118,20,148,5,67,142,21,235,224,64,288,523
10/13/2004,TVC,MI,AGL,CE,Towers with Radar,4,56,20,0,80,0,15,136,6,157,4,71,156,6,237,368,82,450,687
10/14/2004,TVC,MI,AGL,CE,Towers with Radar,5,60,25,0,90,0,2,14,11,27,5,62,39,11,117,38,90,128,245
10/15/2004,TVC,MI,AGL,CE,Towers with Radar,5,52,38,5,100,0,2,1,5,8,5,54,39,10,108,0,0,0,108
10/16/2004,TVC,MI,AGL,CE,Towers with Radar,6,39,18,0,63,0,0,11,5,16,6,39,29,5,79,86,6,92,171
10/17/2004,TVC,MI,AGL,CE,Towers with Radar,5,32,21,0,58,0,4,10,5,19,5,36,31,5,77,24,28,52,129
10/18/2004,TVC,MI,AGL,CE,Towers with Radar,5,47,22,1,75,0,9,94,10,113,5,56,116,11,188,266,68,334,522
10/19/2004,TVC,MI,AGL,CE,Towers with Radar,5,53,18,3,79,0,7,55,9,71,5,60,73,12,150,88,84,172,322
10/20/2004,TVC,MI,AGL,CE,Towers with Radar,8,53,16,2,79,0,4,40,10,54,8,57,56,12,133,152,12,164,297
10/21/2004,TVC,MI,AGL,CE,Towers with Radar,3,49,36,0,88,0,5,101,2,108,3,54,137,2,196,214,4,218,414
10/22/2004,TVC,MI,AGL,CE,Towers with Radar,5,56,38,0,99,0,5,60,17,82,5,61,98,17,181,212,82,294,475
10/23/2004,TVC,MI,AGL,CE,Towers with Radar,5,35,11,6,57,0,0,0,1,1,5,35,11,7,58,0,8,8,66
10/24/2004,TVC,MI,AGL,CE,Towers with Radar,3,34,33,0,70,0,0,10,33,43,3,34,43,33,113,46,66,112,225
10/25/2004,TVC,MI,AGL,CE,Towers with Radar,5,47,25,0,77,0,13,149,12,174,5,60,174,12,251,342,2,344,595
10/26/2004,TVC,MI,AGL,CE,Towers with Radar,5,57,29,2,93,0,8,87,5,100,5,65,116,7,193,326,0,326,519
10/27/2004,TVC,MI,AGL,CE,Towers with Radar,5,59,30,0,94,0,2,28,5,35,5,61,58,5,129,50,0,50,179
10/28/2004,TVC,MI,AGL,CE,Towers with Radar,5,53,21,2,81,0,4,31,4,39,5,57,52,6,120,80,0,80,200
10/29/2004,TVC,MI,AGL,CE,Towers with Radar,4,51,21,1,77,0,0,4,4,8,4,51,25,5,85,0,40,40,125
10/30/2004,TVC,MI,AGL,CE,Towers with Radar,6,36,20,1,63,0,4,26,10,40,6,40,46,11,103,58,0,58,161
10/31/2004,TVC,MI,AGL,CE,Towers with Radar,3,28,17,0,48,0,7,45,2,54,3,35,62,2,102,36,16,52,154
11/01/2004,TVC,MI,AGL,CE,Towers with Radar,3,35,28,1,67,0,2,17,12,31,3,37,45,13,98,92,0,92,190
11/02/2004,TVC,MI,AGL,CE,Towers with Radar,3,52,9,0,64,0,5,18,9,32,3,57,27,9,96,37,20,57,153
11/03/2004,TVC,MI,AGL,CE,Towers with Radar,3,47,28,0,78,0,8,138,5,151,3,55,166,5,229,428,10,438,667
11/04/2004,TVC,MI,AGL,CE,Towers with Radar,3,50,13,0,66,0,1,16,2,19,3,51,29,2,85,44,0,44,129
11/05/2004,TVC,MI,AGL,CE,Towers with Radar,5,46,16,2,69,0,2,85,6,93,5,48,101,8,162,206,102,308,470
11/06/2004,TVC,MI,AGL,CE,Towers with Radar,3,38,11,0,52,0,1,123,12,136,3,39,134,12,188,192,18,210,398
11/07/2004,TVC,MI,AGL,CE,Towers with Radar,3,29,12,0,44,0,1,22,3,26,3,30,34,3,70,10,28,38,108
11/08/2004,TVC,MI,AGL,CE,Towers with Radar,3,43,20,12,78,0,10,56,20,86,3,53,76,32,164,200,90,290,454
11/09/2004,TVC,MI,AGL,CE,Towers with Radar,3,49,19,1,72,0,17,99,15,131,3,66,118,16,203,172,16,188,391
11/10/2004,TVC,MI,AGL,CE,Towers with Radar,3,50,29,0,82,0,7,30,11,48,3,57,59,11,130,74,26,100,230
11/11/2004,TVC,MI,AGL,CE,Towers with Radar,3,51,24,0,78,0,4,131,0,135,3,55,155,0,213,305,0,305,518
11/12/2004,TVC,MI,AGL,CE,Towers with Radar,3,55,17,2,77,0,2,132,0,134,3,57,149,2,211,328,70,398,609
11/13/2004,TVC,MI,AGL,CE,Towers with Radar,3,38,19,0,60,0,5,137,2,144,3,43,156,2,204,290,46,336,540
11/14/2004,TVC,MI,AGL,CE,Towers with Radar,3,26,9,0,38,0,1,88,3,92,3,27,97,3,130,84,36,120,250
11/15/2004,TVC,MI,AGL,CE,Towers with Radar,3,42,22,0,67,0,13,82,4,99,3,55,104,4,166,224,20,244,410
11/16/2004,TVC,MI,AGL,CE,Towers with Radar,3,53,29,3,88,0,2,2,3,7,3,55,31,6,95,0,0,0,95
11/17/2004,TVC,MI,AGL,CE,Towers with Radar,3,40,16,0,59,0,0,0,0,0,3,40,16,0,59,0,0,0,59
11/18/2004,TVC,MI,AGL,CE,Towers with Radar,3,51,24,1,79,0,1,23,8,32,3,52,47,9,111,78,80,158,269
11/19/2004,TVC,MI,AGL,CE,Towers with Radar,0,3,0,0,3,3,51,117,10,181,3,54,117,10,184,190,22,212,396
11/20/2004,TVC,MI,AGL,CE,Towers with Radar,3,42,16,3,64,0,0,1,0,1,3,42,17,3,65,0,14,14,79
11/21/2004,TVC,MI,AGL,CE,Towers with Radar,3,28,10,0,41,0,1,47,7,55,3,29,57,7,96,110,8,118,214
11/22/2004,TVC,MI,AGL,CE,Towers with Radar,3,48,27,2,80,0,5,105,8,118,3,53,132,10,198,264,12,276,474
11/23/2004,TVC,MI,AGL,CE,Towers with Radar,3,51,14,0,68,0,7,60,5,72,3,58,74,5,140,226,58,284,424
11/24/2004,TVC,MI,AGL,CE,Towers with Radar,3,43,15,0,61,0,0,91,6,97,3,43,106,6,158,242,10,252,410
11/25/2004,TVC,MI,AGL,CE,Towers with Radar,4,26,12,0,42,0,7,5,2,14,4,33,17,2,56,0,0,0,56
11/26/2004,TVC,MI,AGL,CE,Towers with Radar,0,1,0,1,2,3,67,31,5,106,3,68,31,6,108,100,40,140,248
11/27/2004,TVC,MI,AGL,CE,Towers with Radar,3,31,12,0,46,0,0,0,2,2,3,31,12,2,48,0,18,18,66
11/28/2004,TVC,MI,AGL,CE,Towers with Radar,3,27,23,0,53,0,2,7,2,11,3,29,30,2,64,0,20,20,84
11/29/2004,TVC,MI,AGL,CE,Towers with Radar,3,45,23,0,71,0,10,84,12,106,3,55,107,12,177,246,72,318,495
11/30/2004,TVC,MI,AGL,CE,Towers with Radar,9,48,27,2,86,0,2,72,5,79,9,50,99,7,165,162,26,188,353
12/01/2004,TVC,MI,AGL,CE,Towers with Radar,12,40,18,5,75,0,9,86,7,102,12,49,104,12,177,216,10,226,403
12/02/2004,TVC,MI,AGL,CE,Towers with Radar,9,48,18,2,77,0,3,59,8,70,9,51,77,10,147,118,0,118,265
12/03/2004,TVC,MI,AGL,CE,Towers with Radar,9,46,31,0,86,0,3,57,11,71,9,49,88,11,157,58,58,116,273
12/04/2004,TVC,MI,AGL,CE,Towers with Radar,11,30,22,0,63,0,4,14,6,24,11,34,36,6,87,24,26,50,137
12/05/2004,TVC,MI,AGL,CE,Towers with Radar,9,24,12,0,45,0,4,54,4,62,9,28,66,4,107,128,32,160,267
12/06/2004,TVC,MI,AGL,CE,Towers with Radar,7,40,12,0,59,0,0,2,13,15,7,40,14,13,74,0,70,70,144
12/07/2004,TVC,MI,AGL,CE,Towers with Radar,8,45,16,33,102,0,0,0,0,0,8,45,16,33,102,0,36,36,138
12/08/2004,TVC,MI,AGL,CE,Towers with Radar,9,52,27,0,88,0,4,97,12,113,9,56,124,12,201,208,0,208,409
12/09/2004,TVC,MI,AGL,CE,Towers with Radar,9,45,29,1,84,0,0,40,10,50,9,45,69,11,134,72,4,76,210
12/10/2004,TVC,MI,AGL,CE,Towers with Radar,11,46,16,0,73,0,5,0,4,9,11,51,16,4,82,0,0,0,82
12/11/2004,TVC,MI,AGL,CE,Towers with Radar,10,32,11,0,53,0,2,30,2,34,10,34,41,2,87,84,0,84,171
12/12/2004,TVC,MI,AGL,CE,Towers with Radar,8,21,9,0,38,0,0,0,0,0,8,21,9,0,38,0,0,0,38
12/13/2004,TVC,MI,AGL,CE,Towers with Radar,7,31,10,0,48,0,0,0,0,0,7,31,10,0,48,0,0,0,48
12/14/2004,TVC,MI,AGL,CE,Towers with Radar,9,48,25,0,82,0,2,4,3,9,9,50,29,3,91,5,16,21,112
12/15/2004,TVC,MI,AGL,CE,Towers with Radar,12,43,17,0,72,0,21,111,5,137,12,64,128,5,209,212,26,238,447
12/16/2004,TVC,MI,AGL,CE,Towers with Radar,10,40,7,0,57,0,11,7,0,18,10,51,14,0,75,28,12,40,115
12/17/2004,TVC,MI,AGL,CE,Towers with Radar,10,54,28,0,92,0,8,28,8,44,10,62,56,8,136,30,0,30,166
12/18/2004,TVC,MI,AGL,CE,Towers with Radar,14,27,10,1,52,0,1,1,3,5,14,28,11,4,57,0,16,16,73
12/19/2004,TVC,MI,AGL,CE,Towers with Radar,8,21,10,0,39,0,0,1,0,1,8,21,11,0,40,0,0,0,40
12/20/2004,TVC,MI,AGL,CE,Towers with Radar,14,33,11,0,58,0,4,0,1,5,14,37,11,1,63,0,0,0,63
12/21/2004,TVC,MI,AGL,CE,Towers with Radar,8,46,8,0,62,0,4,2,5,11,8,50,10,5,73,20,0,20,93
12/22/2004,TVC,MI,AGL,CE,Towers with Radar,11,47,21,0,79,0,0,0,0,0,11,47,21,0,79,2,6,8,87
12/23/2004,TVC,MI,AGL,CE,Towers with Radar,9,39,15,2,65,0,0,0,0,0,9,39,15,2,65,0,0,0,65
12/24/2004,TVC,MI,AGL,CE,Towers with Radar,9,43,10,0,62,0,0,0,0,0,9,43,10,0,62,4,0,4,66
12/25/2004,TVC,MI,AGL,CE,Towers with Radar,12,20,3,0,35,0,0,0,0,0,12,20,3,0,35,0,0,0,35
12/26/2004,TVC,MI,AGL,CE,Towers with Radar,12,21,10,0,43,0,3,7,0,10,12,24,17,0,53,20,8,28,81
12/27/2004,TVC,MI,AGL,CE,Towers with Radar,10,45,20,0,75,0,5,21,6,32,10,50,41,6,107,40,0,40,147
12/28/2004,TVC,MI,AGL,CE,Towers with Radar,12,41,15,0,68,0,6,17,4,27,12,47,32,4,95,52,0,52,147
12/29/2004,TVC,MI,AGL,CE,Towers with Radar,9,42,10,0,61,0,2,39,0,41,9,44,49,0,102,100,0,100,202
12/30/2004,TVC,MI,AGL,CE,Towers with Radar,11,40,19,6,76,0,0,0,0,0,11,40,19,6,76,0,10,10,86
12/31/2004,TVC,MI,AGL,CE,Towers with Radar,10,40,23,0,73,0,0,13,0,13,10,40,36,0,86,22,0,22,108
01/01/2005,TVC,MI,AGL,CE,Towers with Radar,13,21,3,0,37,0,8,36,4,48,13,29,39,4,85,38,0,38,123
01/02/2005,TVC,MI,AGL,CE,Towers with Radar,11,25,18,0,54,0,0,0,2,2,11,25,18,2,56,0,0,0,56
01/03/2005,TVC,MI,AGL,CE,Towers with Radar,11,37,22,0,70,0,3,39,12,54,11,40,61,12,124,166,36,202,326
01/04/2005,TVC,MI,AGL,CE,Towers with Radar,12,41,19,0,72,0,5,30,15,50,12,46,49,15,122,42,76,118,240
01/05/2005,TVC,MI,AGL,CE,Towers with Radar,12,36,16,0,64,0,8,40,28,76,12,44,56,28,140,72,66,138,278
01/06/2005,TVC,MI,AGL,CE,Towers with Radar,9,30,6,0,45,0,1,0,10,11,9,31,6,10,56,0,8,8,64
01/07/2005,TVC,MI,AGL,CE,Towers with Radar,12,42,15,0,69,0,8,13,14,35,12,50,28,14,104,4,50,54,158
01/08/2005,TVC,MI,AGL,CE,Towers with Radar,14,25,8,0,47,0,6,2,2,10,14,31,10,2,57,0,0,0,57
01/09/2005,TVC,MI,AGL,CE,Towers with Radar,12,17,14,0,43,0,2,0,4,6,12,19,14,4,49,0,28,28,77
01/10/2005,TVC,MI,AGL,CE,Towers with Radar,12,36,23,9,80,0,5,27,22,54,12,41,50,31,134,54,34,88,222
01/11/2005,TVC,MI,AGL,CE,Towers with Radar,14,40,17,0,71,0,0,20,19,39,14,40,37,19,110,40,56,96,206
01/12/2005,TVC,MI,AGL,CE,Towers with Radar,11,29,17,0,57,0,0,0,2,2,11,29,17,2,59,0,0,0,59
01/13/2005,TVC,MI,AGL,CE,Towers with Radar,9,46,12,1,68,0,2,5,5,12,9,48,17,6,80,0,26,26,106
01/14/2005,TVC,MI,AGL,CE,Towers with Radar,10,37,38,1,86,0,2,4,5,11,10,39,42,6,97,8,52,60,157
01/15/2005,TVC,MI,AGL,CE,Towers with Radar,11,24,17,0,52,0,0,9,3,12,11,24,26,3,64,16,8,24,88
01/16/2005,TVC,MI,AGL,CE,Towers with Radar,10,16,30,1,57,0,0,1,1,2,10,16,31,2,59,0,0,0,59
01/17/2005,TVC,MI,AGL,CE,Towers with Radar,13,33,16,0,62,0,0,0,0,0,13,33,16,0,62,0,0,0,62
01/18/2005,TVC,MI,AGL,CE,Towers with Radar,12,43,3,0,58,0,3,30,12,45,12,46,33,12,103,70,84,154,257
01/19/2005,TVC,MI,AGL,CE,Towers with Radar,10,43,5,0,58,0,1,0,0,1,10,44,5,0,59,0,0,0,59
01/20/2005,TVC,MI,AGL,CE,Towers with Radar,9,46,19,0,74,0,16,66,11,93,9,62,85,11,167,184,64,248,415
01/21/2005,TVC,MI,AGL,CE,Towers with Radar,14,42,10,0,66,0,9,86,8,103,14,51,96,8,169,148,86,234,403
01/22/2005,TVC,MI,AGL,CE,Towers with Radar,5,12,6,0,23,0,0,0,0,0,5,12,6,0,23,2,10,12,35
01/23/2005,TVC,MI,AGL,CE,Towers with Radar,12,23,22,0,57,0,2,44,7,53,12,25,66,7,110,140,6,146,256
01/24/2005,TVC,MI,AGL,CE,Towers with Radar,11,43,14,0,68,0,1,27,9,37,11,44,41,9,105,62,78,140,245
01/25/2005,TVC,MI,AGL,CE,Towers with Radar,10,39,13,2,64,0,0,7,3,10,10,39,20,5,74,32,16,48,122
01/26/2005,TVC,MI,AGL,CE,Towers with Radar,12,48,25,0,85,0,5,67,4,76,12,53,92,4,161,118,0,118,279
01/27/2005,TVC,MI,AGL,CE,Towers with Radar,12,38,21,0,71,0,14,133,7,154,12,52,154,7,225,292,22,314,539
01/28/2005,TVC,MI,AGL,CE,Towers with Radar,12,45,23,0,80,0,11,142,0,153,12,56,165,0,233,318,0,318,551
01/29/2005,TVC,MI,AGL,CE,Towers with Radar,13,24,6,0,43,0,13,56,4,73,13,37,62,4,116,172,56,228,344
01/30/2005,TVC,MI,AGL,CE,Towers with Radar,12,16,15,0,43,0,4,34,2,40,12,20,49,2,83,72,0,72,155
01/31/2005,TVC,MI,AGL,CE,Towers with Radar,3,37,14,0,54,8,1,26,16,51,11,38,40,16,105,38,8,46,151
02/01/2005,TVC,MI,AGL,CE,Towers with Radar,10,43,9,0,62,0,0,2,9,11,10,43,11,9,73,10,20,30,103
02/02/2005,TVC,MI,AGL,CE,Towers with Radar,27,23,24,2,76,0,6,81,8,95,27,29,105,10,171,174,34,208,379
02/03/2005,TVC,MI,AGL,CE,Towers with Radar,23,33,14,1,71,0,15,60,3,78,23,48,74,4,149,146,8,154,303
02/04/2005,TVC,MI,AGL,CE,Towers with Radar,20,25,22,3,70,0,2,139,12,153,20,27,161,15,223,268,32,300,523
02/05/2005,TVC,MI,AGL,CE,Towers with Radar,29,14,18,6,67,0,1,95,3,99,29,15,113,9,166,180,0,180,346
02/06/2005,TVC,MI,AGL,CE,Towers with Radar,24,7,8,1,40,0,1,21,1,23,24,8,29,2,63,60,8,68,131
02/07/2005,TVC,MI,AGL,CE,Towers with Radar,24,36,8,0,68,0,0,0,0,0,24,36,8,0,68,0,0,0,68
02/08/2005,TVC,MI,AGL,CE,Towers with Radar,24,32,12,0,68,0,31,10,0,41,24,63,22,0,109,0,20,20,129
02/09/2005,TVC,MI,AGL,CE,Towers with Radar,26,28,16,0,70,0,3,15,6,24,26,31,31,6,94,84,24,108,202
02/10/2005,TVC,MI,AGL,CE,Towers with Radar,23,32,35,10,100,0,8,138,3,149,23,40,173,13,249,326,96,422,671
02/11/2005,TVC,MI,AGL,CE,Towers with Radar,23,45,12,1,81,0,2,39,12,53,23,47,51,13,134,146,80,226,360
02/12/2005,TVC,MI,AGL,CE,Towers with Radar,25,17,33,0,75,0,1,134,8,143,25,18,167,8,218,222,0,222,440
02/13/2005,TVC,MI,AGL,CE,Towers with Radar,21,11,19,2,53,0,0,87,9,96,21,11,106,11,149,148,88,236,385
02/14/2005,TVC,MI,AGL,CE,Towers with Radar,19,32,7,0,58,0,0,0,4,4,19,32,7,4,62,0,82,82,144
02/15/2005,TVC,MI,AGL,CE,Towers with Radar,23,27,33,0,83,0,7,70,11,88,23,34,103,11,171,210,42,252,423
02/16/2005,TVC,MI,AGL,CE,Towers with Radar,23,26,26,13,88,0,2,94,26,122,23,28,120,39,210,232,94,326,536
02/17/2005,TVC,MI,AGL,CE,Towers with Radar,21,42,6,0,69,0,1,4,3,8,21,43,10,3,77,10,24,34,111
02/18/2005,TVC,MI,AGL,CE,Towers with Radar,25,30,20,7,82,0,8,52,10,70,25,38,72,17,152,280,74,354,506
02/19/2005,TVC,MI,AGL,CE,Towers with Radar,24,16,23,0,63,0,8,26,4,38,24,24,49,4,101,84,2,86,187
02/20/2005,TVC,MI,AGL,CE,Towers with Radar,15,4,7,0,26,0,0,0,0,0,15,4,7,0,26,0,0,0,26
02/21/2005,TVC,MI,AGL,CE,Towers with Radar,26,29,20,0,75,0,4,29,3,36,26,33,49,3,111,92,52,144,255
02/22/2005,TVC,MI,AGL,CE,Towers with Radar,23,28,14,6,71,0,5,10,14,29,23,33,24,20,100,12,42,54,154
02/23/2005,TVC,MI,AGL,CE,Towers with Radar,21,38,23,2,84,0,12,85,16,113,21,50,108,18,197,204,102,306,503
02/24/2005,TVC,MI,AGL,CE,Towers with Radar,21,40,21,7,89,0,4,28,6,38,21,44,49,13,127,28,40,68,195
02/25/2005,TVC,MI,AGL,CE,Towers with Radar,25,30,33,8,96,0,5,30,11,46,25,35,63,19,142,132,124,256,398
02/26/2005,TVC,MI,AGL,CE,Towers with Radar,26,20,37,0,83,0,7,81,9,97,26,27,118,9,180,192,64,256,436
02/27/2005,TVC,MI,AGL,CE,Towers with Radar,23,10,15,1,49,0,13,35,9,57,23,23,50,10,106,82,66,148,254
02/28/2005,TVC,MI,AGL,CE,Towers with Radar,23,35,11,0,69,0,5,11,5,21,23,40,22,5,90,18,52,70,160
03/01/2005,TVC,MI,AGL,CE,Towers with Radar,21,36,7,5,69,0,1,0,0,1,21,37,7,5,70,0,0,0,70
03/02/2005,TVC,MI,AGL,CE,Towers with Radar,23,36,14,11,84,0,3,22,8,33,23,39,36,19,117,44,22,66,183
03/03/2005,TVC,MI,AGL,CE,Towers with Radar,23,35,77,10,145,0,6,102,20,128,23,41,179,30,273,236,150,386,659
03/04/2005,TVC,MI,AGL,CE,Towers with Radar,22,36,63,8,129,0,4,125,6,135,22,40,188,14,264,264,8,272,536
03/05/2005,TVC,MI,AGL,CE,Towers with Radar,25,18,13,2,58,0,3,77,3,83,25,21,90,5,141,206,14,220,361
03/06/2005,TVC,MI,AGL,CE,Towers with Radar,24,18,13,2,57,0,3,63,12,78,24,21,76,14,135,152,14,166,301
03/07/2005,TVC,MI,AGL,CE,Towers with Radar,22,24,14,4,64,0,0,15,0,15,22,24,29,4,79,38,0,38,117
03/08/2005,TVC,MI,AGL,CE,Towers with Radar,25,28,46,28,127,0,16,33,14,63,25,44,79,42,190,34,100,134,324
03/09/2005,TVC,MI,AGL,CE,Towers with Radar,23,36,14,33,106,0,4,24,13,41,23,40,38,46,147,68,38,106,253
03/10/2005,TVC,MI,AGL,CE,Towers with Radar,22,38,31,12,103,0,5,60,13,78,22,43,91,25,181,152,44,196,377
03/11/2005,TVC,MI,AGL,CE,Towers with Radar,22,35,18,5,80,0,11,45,13,69,22,46,63,18,149,166,58,224,373
03/12/2005,TVC,MI,AGL,CE,Towers with Radar,24,15,18,0,57,0,0,24,2,26,24,15,42,2,83,76,0,76,159
03/13/2005,TVC,MI,AGL,CE,Towers with Radar,23,8,25,10,66,0,0,39,6,45,23,8,64,16,111,50,18,68,179
03/14/2005,TVC,MI,AGL,CE,Towers with Radar,22,21,25,3,71,0,2,106,14,122,22,23,131,17,193,258,54,312,505
03/15/2005,TVC,MI,AGL,CE,Towers with Radar,25,40,32,3,100,0,2,71,22,95,25,42,103,25,195,204,12,216,411
03/16/2005,TVC,MI,AGL,CE,Towers with Radar,23,35,28,2,88,0,2,36,3,41,23,37,64,5,129,104,0,104,233
03/17/2005,TVC,MI,AGL,CE,Towers with Radar,25,30,38,15,108,0,7,60,29,96,25,37,98,44,204,222,28,250,454
03/18/2005,TVC,MI,AGL,CE,Towers with Radar,21,29,53,22,125,0,5,98,12,115,21,34,151,34,240,248,86,334,574
03/19/2005,TVC,MI,AGL,CE,Towers with Radar,18,11,2,0,31,0,0,0,0,0,18,11,2,0,31,0,0,0,31
03/20/2005,TVC,MI,AGL,CE,Towers with Radar,23,10,10,3,46,0,0,1,1,2,23,10,11,4,48,0,0,0,48
03/21/2005,TVC,MI,AGL,CE,Towers with Radar,24,28,35,10,97,0,2,69,15,86,24,30,104,25,183,204,110,314,497
03/22/2005,TVC,MI,AGL,CE,Towers with Radar,23,30,29,19,101,0,7,134,13,154,23,37,163,32,255,264,86,350,605
03/23/2005,TVC,MI,AGL,CE,Towers with Radar,24,30,23,16,93,0,12,106,14,132,24,42,129,30,225,334,166,500,725
03/24/2005,TVC,MI,AGL,CE,Towers with Radar,25,28,70,14,137,0,8,120,16,144,25,36,190,30,281,228,78,306,587
03/25/2005,TVC,MI,AGL,CE,Towers with Radar,24,26,30,12,92,0,6,84,25,115,24,32,114,37,207,232,56,288,495
03/26/2005,TVC,MI,AGL,CE,Towers with Radar,25,16,37,4,82,0,1,104,5,110,25,17,141,9,192,104,64,168,360
03/27/2005,TVC,MI,AGL,CE,Towers with Radar,27,6,8,4,45,0,5,56,2,63,27,11,64,6,108,56,4,60,168
03/28/2005,TVC,MI,AGL,CE,Towers with Radar,26,34,32,7,99,0,7,71,12,90,26,41,103,19,189,118,48,166,355
03/29/2005,TVC,MI,AGL,CE,Towers with Radar,23,25,80,8,136,0,9,76,10,95,23,34,156,18,231,150,28,178,409
03/30/2005,TVC,MI,AGL,CE,Towers with Radar,21,33,22,0,76,1,12,54,3,70,22,45,76,3,146,102,10,112,258
03/31/2005,TVC,MI,AGL,CE,Towers with Radar,24,33,13,0,70,0,0,5,7,12,24,33,18,7,82,10,66,76,158
04/01/2005,TVC,MI,AGL,CE,Towers with Radar,26,38,14,11,89,0,7,81,20,108,26,45,95,31,197,226,34,260,457
04/02/2005,TVC,MI,AGL,CE,Towers with Radar,26,17,19,4,66,0,7,56,5,68,26,24,75,9,134,88,4,92,226
04/03/2005,TVC,MI,AGL,CE,Towers with Radar,26,16,24,0,66,0,3,72,4,79,26,19,96,4,145,48,0,48,193
04/04/2005,TVC,MI,AGL,CE,Towers with Radar,29,14,35,11,89,0,11,83,11,105,29,25,118,22,194,214,64,278,472
04/05/2005,TVC,MI,AGL,CE,Towers with Radar,26,28,40,7,101,0,3,104,7,114,26,31,144,14,215,228,24,252,467
04/06/2005,TVC,MI,AGL,CE,Towers with Radar,25,37,23,3,88,0,10,12,8,30,25,47,35,11,118,196,8,204,322
04/07/2005,TVC,MI,AGL,CE,Towers with Radar,26,30,34,3,93,0,6,51,9,66,26,36,85,12,159,176,62,238,397
04/08/2005,TVC,MI,AGL,CE,Towers with Radar,24,36,59,0,119,0,9,107,9,125,24,45,166,9,244,254,38,292,536
04/09/2005,TVC,MI,AGL,CE,Towers with Radar,27,14,19,0,60,0,9,130,3,142,27,23,149,3,202,184,0,184,386
04/10/2005,TVC,MI,AGL,CE,Towers with Radar,25,7,32,0,64,0,8,101,3,112,25,15,133,3,176,202,0,202,378
04/11/2005,TVC,MI,AGL,CE,Towers with Radar,25,25,42,0,92,0,12,92,10,114,25,37,134,10,206,160,2,162,368
04/12/2005,TVC,MI,AGL,CE,Towers with Radar,25,26,43,12,106,0,16,105,5,126,25,42,148,17,232,170,30,200,432
04/13/2005,TVC,MI,AGL,CE,Towers with Radar,24,24,47,7,102,0,24,125,14,163,24,48,172,21,265,256,130,386,651
04/14/2005,TVC,MI,AGL,CE,Towers with Radar,26,34,33,0,93,0,8,93,12,113,26,42,126,12,206,270,0,270,476
04/15/2005,TVC,MI,AGL,CE,Towers with Radar,23,29,28,0,80,0,13,85,8,106,23,42,113,8,186,136,0,136,322
04/16/2005,TVC,MI,AGL,CE,Towers with Radar,30,11,16,0,57,0,4,89,6,99,30,15,105,6,156,50,18,68,224
04/17/2005,TVC,MI,AGL,CE,Towers with Radar,27,5,31,0,63,0,2,64,4,70,27,7,95,4,133,142,38,180,313
04/18/2005,TVC,MI,AGL,CE,Towers with Radar,27,19,92,1,139,0,4,129,8,141,27,23,221,9,280,330,12,342,622
04/19/2005,TVC,MI,AGL,CE,Towers with Radar,29,31,57,4,121,0,13,95,9,117,29,44,152,13,238,154,62,216,454
04/20/2005,TVC,MI,AGL,CE,Towers with Radar,24,40,22,10,96,0,2,8,4,14,24,42,30,14,110,12,4,16,126
04/21/2005,TVC,MI,AGL,CE,Towers with Radar,23,30,23,6,82,0,10,118,10,138,23,40,141,16,220,198,20,218,438
04/22/2005,TVC,MI,AGL,CE,Towers with Radar,23,30,29,5,87,0,7,79,15,101,23,37,108,20,188,158,0,158,346
04/23/2005,TVC,MI,AGL,CE,Towers with Radar,22,12,2,0,36,0,0,0,0,0,22,12,2,0,36,0,0,0,36
04/24/2005,TVC,MI,AGL,CE,Towers with Radar,29,7,8,0,44,0,2,4,0,6,29,9,12,0,50,4,82,86,136
04/25/2005,TVC,MI,AGL,CE,Towers with Radar,26,23,42,0,91,0,7,64,12,83,26,30,106,12,174,146,90,236,410
04/26/2005,TVC,MI,AGL,CE,Towers with Radar,26,37,18,1,82,0,4,20,7,31,26,41,38,8,113,30,2,32,145
04/27/2005,TVC,MI,AGL,CE,Towers with Radar,31,31,25,1,88,0,1,16,11,28,31,32,41,12,116,36,14,50,166
04/28/2005,TVC,MI,AGL,CE,Towers with Radar,27,38,81,3,149,0,12,118,11,141,27,50,199,14,290,290,10,300,590
04/29/2005,TVC,MI,AGL,CE,Towers with Radar,26,31,73,5,135,0,7,120,4,131,26,38,193,9,266,244,34,278,544
04/30/2005,TVC,MI,AGL,CE,Towers with Radar,30,13,16,0,59,0,5,168,6,179,30,18,184,6,238,148,62,210,448
05/01/2005,TVC,MI,AGL,CE,Towers with Radar,28,11,12,4,55,0,4,23,2,29,28,15,35,6,84,16,30,46,130
05/02/2005,TVC,MI,AGL,CE,Towers with Radar,23,27,18,0,68,0,5,48,7,60,23,32,66,7,128,218,2,220,348
05/03/2005,TVC,MI,AGL,CE,Towers with Radar,22,28,38,0,88,0,7,78,6,91,22,35,116,6,179,154,14,168,347
05/04/2005,TVC,MI,AGL,CE,Towers with Radar,26,27,68,10,131,0,13,131,18,162,26,40,199,28,293,256,64,320,613
05/05/2005,TVC,MI,AGL,CE,Towers with Radar,22,29,60,10,121,0,5,117,22,144,22,34,177,32,265,226,50,276,541
05/06/2005,TVC,MI,AGL,CE,Towers with Radar,23,36,58,4,121,0,16,71,9,96,23,52,129,13,217,128,46,174,391
05/07/2005,TVC,MI,AGL,CE,Towers with Radar,26,16,10,0,52,0,4,32,3,39,26,20,42,3,91,26,28,54,145
05/08/2005,TVC,MI,AGL,CE,Towers with Radar,21,11,21,0,53,0,0,48,3,51,21,11,69,3,104,14,60,74,178
05/09/2005,TVC,MI,AGL,CE,Towers with Radar,23,34,37,1,95,0,10,64,8,82,23,44,101,9,177,116,34,150,327
05/10/2005,TVC,MI,AGL,CE,Towers with Radar,28,34,30,4,96,0,8,89,13,110,28,42,119,17,206,126,64,190,396
05/11/2005,TVC,MI,AGL,CE,Towers with Radar,17,46,30,0,93,0,16,46,2,64,17,62,76,2,157,144,36,180,337
05/12/2005,TVC,MI,AGL,CE,Towers with Radar,23,43,69,2,137,0,12,180,10,202,23,55,249,12,339,380,76,456,795
05/13/2005,TVC,MI,AGL,CE,Towers with Radar,18,43,17,4,82,0,8,22,9,39,18,51,39,13,121,12,106,118,239
05/14/2005,TVC,MI,AGL,CE,Towers with Radar,25,19,9,1,54,0,0,22,5,27,25,19,31,6,81,58,38,96,177
05/15/2005,TVC,MI,AGL,CE,Towers with Radar,24,19,21,0,64,0,4,20,1,25,24,23,41,1,89,22,0,22,111
05/16/2005,TVC,MI,AGL,CE,Towers with Radar,24,28,60,0,112,2,9,139,11,161,26,37,199,11,273,224,22,246,519
05/17/2005,TVC,MI,AGL,CE,Towers with Radar,24,28,79,0,131,2,16,136,14,168,26,44,215,14,299,286,34,320,619
05/18/2005,TVC,MI,AGL,CE,Towers with Radar,23,34,108,6,171,0,8,136,0,144,23,42,244,6,315,334,20,354,669
05/19/2005,TVC,MI,AGL,CE,Towers with Radar,22,45,67,1,135,0,0,69,10,79,22,45,136,11,214,244,96,340,554
05/20/2005,TVC,MI,AGL,CE,Towers with Radar,21,41,93,13,168,0,17,240,16,273,21,58,333,29,441,456,8,464,905
05/21/2005,TVC,MI,AGL,CE,Towers with Radar,26,19,21,0,66,0,2,111,4,117,26,21,132,4,183,70,2,72,255
05/22/2005,TVC,MI,AGL,CE,Towers with Radar,25,20,11,1,57,0,1,18,5,24,25,21,29,6,81,6,2,8,89
05/23/2005,TVC,MI,AGL,CE,Towers with Radar,25,37,38,1,101,0,5,52,0,57,25,42,90,1,158,160,94,254,412
05/24/2005,TVC,MI,AGL,CE,Towers with Radar,24,34,106,4,168,0,11,187,14,212,24,45,293,18,380,516,20,536,916
05/25/2005,TVC,MI,AGL,CE,Towers with Radar,24,34,78,8,144,0,12,228,26,266,24,46,306,34,410,504,132,636,1046
05/26/2005,TVC,MI,AGL,CE,Towers with Radar,21,50,24,15,110,0,12,71,5,88,21,62,95,20,198,86,30,116,314
05/27/2005,TVC,MI,AGL,CE,Towers with Radar,25,52,60,0,137,0,22,94,6,122,25,74,154,6,259,212,8,220,479
05/28/2005,TVC,MI,AGL,CE,Towers with Radar,26,20,19,0,65,0,3,67,3,73,26,23,86,3,138,94,6,100,238
05/29/2005,TVC,MI,AGL,CE,Towers with Radar,24,17,19,0,60,0,11,71,5,87,24,28,90,5,147,72,0,72,219
05/30/2005,TVC,MI,AGL,CE,Towers with Radar,23,22,27,0,72,0,6,103,3,112,23,28,130,3,184,66,0,66,250
05/31/2005,TVC,MI,AGL,CE,Towers with Radar,24,31,55,0,110,0,20,120,9,149,24,51,175,9,259,268,42,310,569
06/01/2005,TVC,MI,AGL,CE,Towers with Radar,24,37,72,0,133,0,23,142,6,171,24,60,214,6,304,382,6,388,692
06/02/2005,TVC,MI,AGL,CE,Towers with Radar,24,40,66,4,134,0,7,138,10,155,24,47,204,14,289,186,18,204,493
06/03/2005,TVC,MI,AGL,CE,Towers with Radar,24,37,63,0,124,0,7,99,4,110,24,44,162,4,234,94,30,124,358
06/04/2005,TVC,MI,AGL,CE,Towers with Radar,24,21,22,0,67,0,4,155,4,163,24,25,177,4,230,108,2,110,340
06/05/2005,TVC,MI,AGL,CE,Towers with Radar,24,11,30,0,65,0,6,35,3,44,24,17,65,3,109,138,0,138,247
06/06/2005,TVC,MI,AGL,CE,Towers with Radar,26,27,36,0,89,0,18,54,12,84,26,45,90,12,173,68,34,102,275
06/07/2005,TVC,MI,AGL,CE,Towers with Radar,26,39,76,2,143,0,11,140,10,161,26,50,216,12,304,282,74,356,660
06/08/2005,TVC,MI,AGL,CE,Towers with Radar,21,35,44,0,100,0,12,109,10,131,21,47,153,10,231,234,0,234,465
06/09/2005,TVC,MI,AGL,CE,Towers with Radar,33,26,50,0,109,0,15,72,4,91,33,41,122,4,200,96,0,96,296
06/10/2005,TVC,MI,AGL,CE,Towers with Radar,31,25,41,13,110,0,8,99,7,114,31,33,140,20,224,188,54,242,466
06/11/2005,TVC,MI,AGL,CE,Towers with Radar,37,16,27,0,80,0,5,85,21,111,37,21,112,21,191,144,114,258,449
06/12/2005,TVC,MI,AGL,CE,Towers with Radar,35,13,28,0,76,0,5,67,13,85,35,18,95,13,161,54,110,164,325
06/13/2005,TVC,MI,AGL,CE,Towers with Radar,35,26,40,1,102,0,9,83,2,94,35,35,123,3,196,184,0,184,380
06/14/2005,TVC,MI,AGL,CE,Towers with Radar,35,40,69,0,144,0,12,95,6,113,35,52,164,6,257,186,0,186,443
06/15/2005,TVC,MI,AGL,CE,Towers with Radar,38,33,40,6,117,0,1,8,15,24,38,34,48,21,141,22,40,62,203
06/16/2005,TVC,MI,AGL,CE,Towers with Radar,36,51,71,1,159,0,18,93,8,119,36,69,164,9,278,132,0,132,410
06/17/2005,TVC,MI,AGL,CE,Towers with Radar,34,32,61,6,133,0,11,31,5,47,34,43,92,11,180,172,4,176,356
06/18/2005,TVC,MI,AGL,CE,Towers with Radar,35,16,57,0,108,0,8,92,4,104,35,24,149,4,212,134,0,134,346
06/19/2005,TVC,MI,AGL,CE,Towers with Radar,37,13,32,0,82,0,3,106,6,115,37,16,138,6,197,50,0,50,247
06/20/2005,TVC,MI,AGL,CE,Towers with Radar,35,35,79,0,149,0,8,153,13,174,35,43,232,13,323,244,56,300,623
06/21/2005,TVC,MI,AGL,CE,Towers with Radar,34,29,50,0,113,0,8,107,10,125,34,37,157,10,238,208,30,238,476
06/22/2005,TVC,MI,AGL,CE,Towers with Radar,36,27,68,0,131,0,5,153,7,165,36,32,221,7,296,226,56,282,578
06/23/2005,TVC,MI,AGL,CE,Towers with Radar,39,35,75,0,149,0,18,88,8,114,39,53,163,8,263,228,0,228,491
06/24/2005,TVC,MI,AGL,CE,Towers with Radar,37,51,43,0,131,0,11,59,3,73,37,62,102,3,204,32,2,34,238
06/25/2005,TVC,MI,AGL,CE,Towers with Radar,33,20,60,0,113,0,11,112,8,131,33,31,172,8,244,184,2,186,430
06/26/2005,TVC,MI,AGL,CE,Towers with Radar,38,17,50,0,105,0,11,90,6,107,38,28,140,6,212,120,26,146,358
06/27/2005,TVC,MI,AGL,CE,Towers with Radar,32,35,63,0,130,0,10,116,12,138,32,45,179,12,268,182,40,222,490
06/28/2005,TVC,MI,AGL,CE,Towers with Radar,35,37,39,2,113,0,19,122,6,147,35,56,161,8,260,302,26,328,588
06/29/2005,TVC,MI,AGL,CE,Towers with Radar,36,35,70,5,146,0,14,160,12,186,36,49,230,17,332,284,8,292,624
06/30/2005,TVC,MI,AGL,CE,Towers with Radar,36,41,83,10,170,0,8,142,28,178,36,49,225,38,348,190,132,322,670
07/01/2005,TVC,MI,AGL,CE,Towers with Radar,35,43,74,1,153,0,5,123,11,139,35,48,197,12,292,46,0,46,338
07/02/2005,TVC,MI,AGL,CE,Towers with Radar,40,12,39,0,91,0,3,199,9,211,40,15,238,9,302,64,4,68,370
07/03/2005,TVC,MI,AGL,CE,Towers with Radar,39,16,21,1,77,0,14,207,15,236,39,30,228,16,313,90,26,116,429
07/04/2005,TVC,MI,AGL,CE,Towers with Radar,34,9,24,0,67,0,24,73,3,100,34,33,97,3,167,30,0,30,197
07/05/2005,TVC,MI,AGL,CE,Towers with Radar,40,46,78,2,166,0,14,81,11,106,40,60,159,13,272,104,0,104,376
07/06/2005,TVC,MI,AGL,CE,Towers with Radar,38,31,62,12,143,0,7,164,9,180,38,38,226,21,323,270,32,302,625
07/07/2005,TVC,MI,AGL,CE,Towers with Radar,36,33,60,7,136,0,18,199,12,229,36,51,259,19,365,320,16,336,701
07/08/2005,TVC,MI,AGL,CE,Towers with Radar,39,31,60,4,134,0,16,180,8,204,39,47,240,12,338,314,14,328,666
07/09/2005,TVC,MI,AGL,CE,Towers with Radar,39,25,68,0,132,0,4,168,12,184,39,29,236,12,316,208,48,256,572
07/10/2005,TVC,MI,AGL,CE,Towers with Radar,39,16,39,4,98,0,8,125,10,143,39,24,164,14,241,94,28,122,363
07/11/2005,TVC,MI,AGL,CE,Towers with Radar,37,28,58,17,140,0,3,152,13,168,37,31,210,30,308,248,24,272,580
07/12/2005,TVC,MI,AGL,CE,Towers with Radar,38,40,92,7,177,0,7,172,11,190,38,47,264,18,367,280,20,300,667
07/13/2005,TVC,MI,AGL,CE,Towers with Radar,36,33,52,7,128,0,7,139,4,150,36,40,191,11,278,170,6,176,454
07/14/2005,TVC,MI,AGL,CE,Towers with Radar,35,41,61,14,151,0,10,82,8,100,35,51,143,22,251,114,8,122,373
07/15/2005,TVC,MI,AGL,CE,Towers with Radar,37,37,54,9,137,0,8,131,7,146,37,45,185,16,283,178,20,198,481
07/16/2005,TVC,MI,AGL,CE,Towers with Radar,37,16,27,1,81,0,4,76,0,80,37,20,103,1,161,44,0,44,205
07/17/2005,TVC,MI,AGL,CE,Towers with Radar,40,15,46,2,103,0,3,50,5,58,40,18,96,7,161,30,12,42,203
07/18/2005,TVC,MI,AGL,CE,Towers with Radar,30,39,54,2,125,0,15,89,10,114,30,54,143,12,239,124,46,170,409
07/19/2005,TVC,MI,AGL,CE,Towers with Radar,35,41,63,0,139,0,14,128,7,149,35,55,191,7,288,260,78,338,626
07/20/2005,TVC,MI,AGL,CE,Towers with Radar,31,55,44,0,130,0,11,126,5,142,31,66,170,5,272,138,2,140,412
07/21/2005,TVC,MI,AGL,CE,Towers with Radar,31,59,63,0,153,0,5,66,3,74,31,64,129,3,227,142,0,142,369
07/22/2005,TVC,MI,AGL,CE,Towers with Radar,33,68,67,0,168,0,10,145,4,159,33,78,212,4,327,212,0,212,539
07/23/2005,TVC,MI,AGL,CE,Towers with Radar,40,21,46,0,107,0,14,111,7,132,40,35,157,7,239,166,0,166,405
07/24/2005,TVC,MI,AGL,CE,Towers with Radar,41,35,51,5,132,0,0,44,0,44,41,35,95,5,176,64,52,116,292
07/25/2005,TVC,MI,AGL,CE,Towers with Radar,34,35,66,0,135,0,15,116,2,133,34,50,182,2,268,164,2,166,434
07/26/2005,TVC,MI,AGL,CE,Towers with Radar,29,32,42,12,115,0,5,17,16,38,29,37,59,28,153,8,0,8,161
07/27/2005,TVC,MI,AGL,CE,Towers with Radar,34,46,60,0,140,0,10,135,11,156,34,56,195,11,296,212,4,216,512
07/28/2005,TVC,MI,AGL,CE,Towers with Radar,38,40,50,10,138,0,15,111,12,138,38,55,161,22,276,104,12,116,392
07/29/2005,TVC,MI,AGL,CE,Towers with Radar,34,50,43,0,127,0,5,119,11,135,34,55,162,11,262,138,18,156,418
07/30/2005,TVC,MI,AGL,CE,Towers with Radar,39,9,42,2,92,0,11,108,4,123,39,20,150,6,215,96,8,104,319
07/31/2005,TVC,MI,AGL,CE,Towers with Radar,40,13,40,20,113,0,4,72,6,82,40,17,112,26,195,12,26,38,233
08/01/2005,TVC,MI,AGL,CE,Towers with Radar,35,43,46,5,129,0,14,142,7,163,35,57,188,12,292,142,46,188,480
08/02/2005,TVC,MI,AGL,CE,Towers with Radar,35,65,114,3,217,0,14,151,2,167,35,79,265,5,384,148,0,148,532
08/03/2005,TVC,MI,AGL,CE,Towers with Radar,33,55,62,0,150,0,6,64,4,74,33,61,126,4,224,128,0,128,352
08/04/2005,TVC,MI,AGL,CE,Towers with Radar,36,38,44,6,124,0,13,26,4,43,36,51,70,10,167,62,12,74,241
08/05/2005,TVC,MI,AGL,CE,Towers with Radar,35,37,55,4,131,0,5,157,0,162,35,42,212,4,293,148,10,158,451
08/06/2005,TVC,MI,AGL,CE,Towers with Radar,41,28,39,12,120,0,9,146,12,167,41,37,185,24,287,88,12,100,387
08/07/2005,TVC,MI,AGL,CE,Towers with Radar,40,31,38,1,110,0,10,96,4,110,40,41,134,5,220,20,0,20,240
08/08/2005,TVC,MI,AGL,CE,Towers with Radar,36,44,54,4,138,0,24,98,21,143,36,68,152,25,281,196,8,204,485
08/09/2005,TVC,MI,AGL,CE,Towers with Radar,35,53,58,22,168,0,11,91,0,102,35,64,149,22,270,140,84,224,494
08/10/2005,TVC,MI,AGL,CE,Towers with Radar,36,48,58,2,144,0,49,121,8,178,36,97,179,10,322,132,0,132,454
08/11/2005,TVC,MI,AGL,CE,Towers with Radar,35,39,72,0,146,0,5,101,10,116,35,44,173,10,262,184,0,184,446
08/12/2005,TVC,MI,AGL,CE,Towers with Radar,40,39,50,2,131,0,4,50,6,60,40,43,100,8,191,46,0,46,237
08/13/2005,TVC,MI,AGL,CE,Towers with Radar,39,26,54,5,124,0,8,94,12,114,39,34,148,17,238,84,32,116,354
08/14/2005,TVC,MI,AGL,CE,Towers with Radar,43,22,50,0,115,0,5,138,2,145,43,27,188,2,260,102,0,102,362
08/15/2005,TVC,MI,AGL,CE,Towers with Radar,36,25,25,0,86,0,9,99,7,115,36,34,124,7,201,154,0,154,355
08/16/2005,TVC,MI,AGL,CE,Towers with Radar,39,38,38,0,115,0,5,125,7,137,39,43,163,7,252,138,6,144,396
08/17/2005,TVC,MI,AGL,CE,Towers with Radar,33,43,49,2,127,0,4,118,15,137,33,47,167,17,264,218,22,240,504
08/18/2005,TVC,MI,AGL,CE,Towers with Radar,32,41,49,6,128,0,1,60,8,69,32,42,109,14,197,76,8,84,281
08/19/2005,TVC,MI,AGL,CE,Towers with Radar,37,52,45,4,138,0,4,5,1,10,37,56,50,5,148,0,0,0,148
08/20/2005,TVC,MI,AGL,CE,Towers with Radar,35,23,29,0,87,0,10,39,0,49,35,33,68,0,136,38,0,38,174
08/21/2005,TVC,MI,AGL,CE,Towers with Radar,32,24,28,0,84,0,4,85,6,95,32,28,113,6,179,84,0,84,263
08/22/2005,TVC,MI,AGL,CE,Towers with Radar,30,31,45,0,106,0,4,79,8,91,30,35,124,8,197,124,0,124,321
08/23/2005,TVC,MI,AGL,CE,Towers with Radar,30,38,85,8,161,0,17,100,2,119,30,55,185,10,280,218,34,252,532
08/24/2005,TVC,MI,AGL,CE,Towers with Radar,28,41,20,8,97,0,10,146,8,164,28,51,166,16,261,178,6,184,445
08/25/2005,TVC,MI,AGL,CE,Towers with Radar,28,44,54,6,132,0,15,131,8,154,28,59,185,14,286,192,0,192,478
08/26/2005,TVC,MI,AGL,CE,Towers with Radar,27,50,42,1,120,0,11,109,5,125,27,61,151,6,245,112,0,112,357
08/27/2005,TVC,MI,AGL,CE,Towers with Radar,30,12,45,3,90,0,0,26,5,31,30,12,71,8,121,30,12,42,163
08/28/2005,TVC,MI,AGL,CE,Towers with Radar,32,20,25,2,79,0,3,59,2,64,32,23,84,4,143,46,0,46,189
08/29/2005,TVC,MI,AGL,CE,Towers with Radar,27,28,23,8,86,0,7,74,14,95,27,35,97,22,181,102,46,148,329
08/30/2005,TVC,MI,AGL,CE,Towers with Radar,30,36,29,0,95,0,13,92,12,117,30,49,121,12,212,282,58,340,552
08/31/2005,TVC,MI,AGL,CE,Towers with Radar,31,36,48,0,115,0,15,125,7,147,31,51,173,7,262,280,34,314,576
09/01/2005,TVC,MI,AGL,CE,Towers with Radar,28,46,37,22,133,0,12,117,11,140,28,58,154,33,273,152,84,236,509
09/02/2005,TVC,MI,AGL,CE,Towers with Radar,29,43,46,0,118,0,6,93,2,101,29,49,139,2,219,148,24,172,391
09/03/2005,TVC,MI,AGL,CE,Towers with Radar,29,22,28,0,79,0,10,98,1,109,29,32,126,1,188,48,0,48,236
09/04/2005,TVC,MI,AGL,CE,Towers with Radar,29,14,22,1,66,0,2,93,2,97,29,16,115,3,163,56,0,56,219
09/05/2005,TVC,MI,AGL,CE,Towers with Radar,30,20,35,0,85,0,3,98,2,103,30,23,133,2,188,22,0,22,210
09/06/2005,TVC,MI,AGL,CE,Towers with Radar,29,37,52,0,118,0,14,95,3,112,29,51,147,3,230,308,0,308,538
09/07/2005,TVC,MI,AGL,CE,Towers with Radar,26,43,21,1,91,0,0,43,2,45,26,43,64,3,136,128,8,136,272
09/08/2005,TVC,MI,AGL,CE,Towers with Radar,26,41,42,0,109,0,0,105,4,109,26,41,147,4,218,272,16,288,506
09/09/2005,TVC,MI,AGL,CE,Towers with Radar,28,34,43,0,105,0,14,121,8,143,28,48,164,8,248,234,0,234,482
09/10/2005,TVC,MI,AGL,CE,Towers with Radar,26,22,18,0,66,0,15,91,7,113,26,37,109,7,179,96,40,136,315
09/11/2005,TVC,MI,AGL,CE,Towers with Radar,25,13,53,1,92,0,8,59,2,69,25,21,112,3,161,22,0,22,183
09/12/2005,TVC,MI,AGL,CE,Towers with Radar,26,23,57,5,111,0,2,96,5,103,26,25,153,10,214,226,0,226,440
09/13/2005,TVC,MI,AGL,CE,Towers with Radar,24,29,25,13,91,0,4,30,12,46,24,33,55,25,137,66,66,132,269
09/14/2005,TVC,MI,AGL,CE,Towers with Radar,26,44,63,1,134,0,5,94,14,113,26,49,157,15,247,234,0,234,481
09/15/2005,TVC,MI,AGL,CE,Towers with Radar,30,40,74,2,146,0,16,160,8,184,30,56,234,10,330,260,98,358,688
09/16/2005,TVC,MI,AGL,CE,Towers with Radar,26,27,59,0,112,0,6,110,3,119,26,33,169,3,231,250,0,250,481
09/17/2005,TVC,MI,AGL,CE,Towers with Radar,20,13,53,0,86,0,7,124,3,134,20,20,177,3,220,94,0,94,314
09/18/2005,TVC,MI,AGL,CE,Towers with Radar,25,13,51,4,93,0,6,64,8,78,25,19,115,12,171,48,30,78,249
09/19/2005,TVC,MI,AGL,CE,Towers with Radar,23,24,26,0,73,0,3,55,7,65,23,27,81,7,138,176,132,308,446
09/20/2005,TVC,MI,AGL,CE,Towers with Radar,27,32,30,8,97,0,11,117,17,145,27,43,147,25,242,254,54,308,550
09/21/2005,TVC,MI,AGL,CE,Towers with Radar,29,35,22,2,88,0,9,90,10,109,29,44,112,12,197,162,96,258,455
09/22/2005,TVC,MI,AGL,CE,Towers with Radar,19,31,12,0,62,0,7,25,11,43,19,38,37,11,105,96,14,110,215
09/23/2005,TVC,MI,AGL,CE,Towers with Radar,24,34,30,5,93,0,4,155,16,175,24,38,185,21,268,198,14,212,480
09/24/2005,TVC,MI,AGL,CE,Towers with Radar,20,15,39,4,78,0,2,73,5,80,20,17,112,9,158,96,10,106,264
09/25/2005,TVC,MI,AGL,CE,Towers with Radar,26,14,19,0,59,0,1,1,2,4,26,15,20,2,63,0,0,0,63
09/26/2005,TVC,MI,AGL,CE,Towers with Radar,29,24,24,0,77,0,12,27,5,44,29,36,51,5,121,44,0,44,165
09/27/2005,TVC,MI,AGL,CE,Towers with Radar,27,30,33,12,102,0,12,113,11,136,27,42,146,23,238,198,18,216,454
09/28/2005,TVC,MI,AGL,CE,Towers with Radar,27,41,22,8,98,0,0,48,6,54,27,41,70,14,152,72,24,96,248
09/29/2005,TVC,MI,AGL,CE,Towers with Radar,28,41,23,6,98,0,4,34,8,46,28,45,57,14,144,90,12,102,246
09/30/2005,TVC,MI,AGL,CE,Towers with Radar,27,39,27,10,103,0,3,47,11,61,27,42,74,21,164,54,50,104,268
10/01/2005,TVC,MI,AGL,CE,Towers with Radar,19,15,22,0,56,0,3,75,2,80,19,18,97,2,136,102,0,102,238
10/02/2005,TVC,MI,AGL,CE,Towers with Radar,18,16,40,0,74,0,4,80,2,86,18,20,120,2,160,102,0,102,262
10/03/2005,TVC,MI,AGL,CE,Towers with Radar,23,28,13,0,64,0,7,57,19,83,23,35,70,19,147,92,30,122,269
10/04/2005,TVC,MI,AGL,CE,Towers with Radar,20,42,17,6,85,0,9,75,8,92,20,51,92,14,177,156,80,236,413
10/05/2005,TVC,MI,AGL,CE,Towers with Radar,21,36,21,8,86,0,8,43,27,78,21,44,64,35,164,76,104,180,344
10/06/2005,TVC,MI,AGL,CE,Towers with Radar,21,40,58,12,131,0,6,46,14,66,21,46,104,26,197,148,98,246,443
10/07/2005,TVC,MI,AGL,CE,Towers with Radar,22,47,30,10,109,0,5,56,16,77,22,52,86,26,186,110,100,210,396
10/08/2005,TVC,MI,AGL,CE,Towers with Radar,17,20,38,0,75,0,1,54,2,57,17,21,92,2,132,116,0,116,248
10/09/2005,TVC,MI,AGL,CE,Towers with Radar,20,11,36,0,67,0,3,72,2,77,20,14,108,2,144,96,16,112,256
10/10/2005,TVC,MI,AGL,CE,Towers with Radar,22,20,57,0,99,0,9,118,6,133,22,29,175,6,232,226,106,332,564
10/11/2005,TVC,MI,AGL,CE,Towers with Radar,23,46,23,4,96,0,6,40,17,63,23,52,63,21,159,122,146,268,427
10/12/2005,TVC,MI,AGL,CE,Towers with Radar,25,37,24,0,86,0,2,43,7,52,25,39,67,7,138,110,2,112,250
10/13/2005,TVC,MI,AGL,CE,Towers with Radar,22,43,22,0,87,0,4,53,14,71,22,47,75,14,158,136,62,198,356
10/14/2005,TVC,MI,AGL,CE,Towers with Radar,22,31,48,6,107,0,4,55,4,63,22,35,103,10,170,110,34,144,314
10/15/2005,TVC,MI,AGL,CE,Towers with Radar,17,12,31,10,70,0,4,39,4,47,17,16,70,14,117,58,2,60,177
10/16/2005,TVC,MI,AGL,CE,Towers with Radar,22,11,31,0,64,0,2,41,4,47,22,13,72,4,111,4,0,4,115
10/17/2005,TVC,MI,AGL,CE,Towers with Radar,23,26,26,6,81,0,1,42,8,51,23,27,68,14,132,46,46,92,224
10/18/2005,TVC,MI,AGL,CE,Towers with Radar,23,37,31,6,97,0,7,128,13,148,23,44,159,19,245,208,38,246,491
10/19/2005,TVC,MI,AGL,CE,Towers with Radar,21,30,17,0,68,0,9,17,8,34,21,39,34,8,102,36,58,94,196
10/20/2005,TVC,MI,AGL,CE,Towers with Radar,38,34,40,0,112,14,12,90,6,122,52,46,130,6,234,158,8,166,400
10/21/2005,TVC,MI,AGL,CE,Towers with Radar,24,33,19,4,80,0,2,122,6,130,24,35,141,10,210,172,14,186,396
10/22/2005,TVC,MI,AGL,CE,Towers with Radar,17,15,9,0,41,0,1,39,2,42,17,16,48,2,83,60,16,76,159
10/23/2005,TVC,MI,AGL,CE,Towers with Radar,19,15,16,5,55,0,1,9,3,13,19,16,25,8,68,0,2,2,70
10/24/2005,TVC,MI,AGL,CE,Towers with Radar,23,30,12,2,67,0,2,44,5,51,23,32,56,7,118,62,2,64,182
10/25/2005,TVC,MI,AGL,CE,Towers with Radar,25,32,15,24,96,0,5,42,13,60,25,37,57,37,156,88,20,108,264
10/26/2005,TVC,MI,AGL,CE,Towers with Radar,23,38,20,14,95,0,4,14,8,26,23,42,34,22,121,44,2,46,167
10/27/2005,TVC,MI,AGL,CE,Towers with Radar,18,35,12,0,65,0,3,45,5,53,18,38,57,5,118,128,0,128,246
10/28/2005,TVC,MI,AGL,CE,Towers with Radar,21,27,41,2,91,0,7,97,9,113,21,34,138,11,204,116,18,134,338
10/29/2005,TVC,MI,AGL,CE,Towers with Radar,17,13,21,4,55,0,14,79,4,97,17,27,100,8,152,96,0,96,248
10/30/2005,TVC,MI,AGL,CE,Towers with Radar,22,11,37,0,70,0,4,43,0,47,22,15,80,0,117,12,0,12,129
10/31/2005,TVC,MI,AGL,CE,Towers with Radar,19,25,8,2,54,0,0,8,5,13,19,25,16,7,67,16,0,16,83
11/01/2005,TVC,MI,AGL,CE,Towers with Radar,17,29,48,1,95,0,6,57,5,68,17,35,105,6,163,202,0,202,365
11/02/2005,TVC,MI,AGL,CE,Towers with Radar,15,29,45,0,89,0,5,94,11,110,15,34,139,11,199,110,0,110,309
11/03/2005,TVC,MI,AGL,CE,Towers with Radar,17,35,27,2,81,0,5,86,4,95,17,40,113,6,176,172,4,176,352
11/04/2005,TVC,MI,AGL,CE,Towers with Radar,18,27,24,3,72,0,2,61,6,69,18,29,85,9,141,100,48,148,289
11/05/2005,TVC,MI,AGL,CE,Towers with Radar,12,18,17,0,47,0,3,35,2,40,12,21,52,2,87,42,0,42,129
11/06/2005,TVC,MI,AGL,CE,Towers with Radar,14,5,11,4,34,0,0,1,2,3,14,5,12,6,37,0,32,32,69
11/07/2005,TVC,MI,AGL,CE,Towers with Radar,18,24,27,12,81,0,2,51,15,68,18,26,78,27,149,88,68,156,305
11/08/2005,TVC,MI,AGL,CE,Towers with Radar,19,30,32,12,93,0,2,39,14,55,19,32,71,26,148,50,2,52,200
11/09/2005,TVC,MI,AGL,CE,Towers with Radar,17,31,13,0,61,0,7,2,3,12,17,38,15,3,73,8,0,8,81
11/10/2005,TVC,MI,AGL,CE,Towers with Radar,18,32,32,4,86,0,1,39,10,50,18,33,71,14,136,62,22,84,220
11/11/2005,TVC,MI,AGL,CE,Towers with Radar,19,22,44,2,87,0,3,105,4,112,19,25,149,6,199,94,0,94,293
11/12/2005,TVC,MI,AGL,CE,Towers with Radar,13,14,41,0,68,0,4,61,2,67,13,18,102,2,135,80,14,94,229
11/13/2005,TVC,MI,AGL,CE,Towers with Radar,21,6,5,0,32,0,2,1,6,9,21,8,6,6,41,0,0,0,41
11/14/2005,TVC,MI,AGL,CE,Towers with Radar,19,26,52,1,98,0,1,101,10,112,19,27,153,11,210,136,8,144,354
11/15/2005,TVC,MI,AGL,CE,Towers with Radar,14,32,7,0,53,0,0,4,14,18,14,32,11,14,71,22,8,30,101
11/16/2005,TVC,MI,AGL,CE,Towers with Radar,13,34,13,0,60,0,0,0,0,0,13,34,13,0,60,0,2,2,62
11/17/2005,TVC,MI,AGL,CE,Towers with Radar,18,29,22,0,69,0,1,3,0,4,18,30,25,0,73,0,0,0,73
11/18/2005,TVC,MI,AGL,CE,Towers with Radar,18,29,18,2,67,0,1,2,3,6,18,30,20,5,73,2,24,26,99
11/19/2005,TVC,MI,AGL,CE,Towers with Radar,10,22,10,0,42,0,2,25,8,35,10,24,35,8,77,80,0,80,157
11/20/2005,TVC,MI,AGL,CE,Towers with Radar,17,9,13,0,39,0,0,4,2,6,17,9,17,2,45,0,22,22,67
11/21/2005,TVC,MI,AGL,CE,Towers with Radar,17,25,9,0,51,0,2,5,5,12,17,27,14,5,63,22,52,74,137
11/22/2005,TVC,MI,AGL,CE,Towers with Radar,19,28,25,15,87,0,10,12,14,36,19,38,37,29,123,24,8,32,155
11/23/2005,TVC,MI,AGL,CE,Towers with Radar,19,26,25,0,70,0,0,4,3,7,19,26,29,3,77,18,2,20,97
11/24/2005,TVC,MI,AGL,CE,Towers with Radar,15,7,5,0,27,0,0,0,0,0,15,7,5,0,27,0,0,0,27
11/25/2005,TVC,MI,AGL,CE,Towers with Radar,15,34,21,9,79,0,0,2,8,10,15,34,23,17,89,0,12,12,101
11/26/2005,TVC,MI,AGL,CE,Towers with Radar,11,20,4,0,35,0,4,10,3,17,11,24,14,3,52,8,36,44,96
11/27/2005,TVC,MI,AGL,CE,Towers with Radar,13,13,19,0,45,0,0,0,0,0,13,13,19,0,45,0,0,0,45
11/28/2005,TVC,MI,AGL,CE,Towers with Radar,17,24,3,2,46,0,2,6,4,12,17,26,9,6,58,8,0,8,66
11/29/2005,TVC,MI,AGL,CE,Towers with Radar,17,34,9,1,61,0,3,1,6,10,17,37,10,7,71,0,0,0,71
11/30/2005,TVC,MI,AGL,CE,Towers with Radar,17,32,12,2,63,0,0,4,10,14,17,32,16,12,77,22,38,60,137
12/01/2005,TVC,MI,AGL,CE,Towers with Radar,18,41,5,6,70,0,0,2,2,4,18,41,7,8,74,12,0,12,86
12/02/2005,TVC,MI,AGL,CE,Towers with Radar,15,30,13,0,58,0,0,0,3,3,15,30,13,3,61,0,0,0,61
12/03/2005,TVC,MI,AGL,CE,Towers with Radar,13,16,7,0,36,0,3,17,4,24,13,19,24,4,60,26,0,26,86
12/04/2005,TVC,MI,AGL,CE,Towers with Radar,16,9,3,0,28,0,0,3,2,5,16,9,6,2,33,14,18,32,65
12/05/2005,TVC,MI,AGL,CE,Towers with Radar,14,25,14,1,54,0,0,5,13,18,14,25,19,14,72,12,24,36,108
12/06/2005,TVC,MI,AGL,CE,Towers with Radar,17,35,17,9,78,0,0,15,13,28,17,35,32,22,106,32,56,88,194
12/07/2005,TVC,MI,AGL,CE,Towers with Radar,18,34,38,2,92,0,0,44,2,46,18,34,82,4,138,102,20,122,260
12/08/2005,TVC,MI,AGL,CE,Towers with Radar,14,32,28,1,75,0,4,59,16,79,14,36,87,17,154,204,64,268,422
12/09/2005,TVC,MI,AGL,CE,Towers with Radar,14,33,37,0,84,0,1,35,11,47,14,34,72,11,131,68,34,102,233
12/10/2005,TVC,MI,AGL,CE,Towers with Radar,14,14,11,0,39,0,0,22,4,26,14,14,33,4,65,26,24,50,115
12/11/2005,TVC,MI,AGL,CE,Towers with Radar,16,12,12,3,43,0,0,0,4,4,16,12,12,7,47,0,0,0,47
12/12/2005,TVC,MI,AGL,CE,Towers with Radar,18,27,37,6,88,0,2,35,15,52,18,29,72,21,140,96,46,142,282
12/13/2005,TVC,MI,AGL,CE,Towers with Radar,18,36,49,0,103,0,4,32,12,48,18,40,81,12,151,98,38,136,287
12/14/2005,TVC,MI,AGL,CE,Towers with Radar,13,37,37,1,88,0,2,20,1,23,13,39,57,2,111,34,36,70,181
12/15/2005,TVC,MI,AGL,CE,Towers with Radar,11,28,5,2,46,0,0,44,3,47,11,28,49,5,93,68,16,84,177
12/16/2005,TVC,MI,AGL,CE,Towers with Radar,16,39,18,0,73,0,1,16,3,20,16,40,34,3,93,68,0,68,161
12/17/2005,TVC,MI,AGL,CE,Towers with Radar,11,17,16,1,45,0,0,2,8,10,11,17,18,9,55,22,0,22,77
12/18/2005,TVC,MI,AGL,CE,Towers with Radar,17,6,7,0,30,0,0,0,6,6,17,6,7,6,36,0,12,12,48
12/19/2005,TVC,MI,AGL,CE,Towers with Radar,18,30,18,0,66,0,5,34,8,47,18,35,52,8,113,58,4,62,175
12/20/2005,TVC,MI,AGL,CE,Towers with Radar,17,44,11,0,72,0,1,8,7,16,17,45,19,7,88,38,0,38,126
12/21/2005,TVC,MI,AGL,CE,Towers with Radar,11,56,26,10,103,0,1,9,11,21,11,57,35,21,124,20,56,76,200
12/22/2005,TVC,MI,AGL,CE,Towers with Radar,17,36,30,0,83,0,2,15,7,24,17,38,45,7,107,24,12,36,143
12/23/2005,TVC,MI,AGL,CE,Towers with Radar,16,42,14,2,74,0,0,0,0,0,16,42,14,2,74,0,2,2,76
12/24/2005,TVC,MI,AGL,CE,Towers with Radar,14,24,4,0,42,0,0,0,0,0,14,24,4,0,42,0,0,0,42
12/25/2005,TVC,MI,AGL,CE,Towers with Radar,17,11,2,0,30,0,0,0,0,0,17,11,2,0,30,0,0,0,30
12/26/2005,TVC,MI,AGL,CE,Towers with Radar,15,15,13,0,43,0,0,2,4,6,15,15,15,4,49,2,2,4,53
12/27/2005,TVC,MI,AGL,CE,Towers with Radar,17,28,27,2,74,0,0,0,0,0,17,28,27,2,74,2,0,2,76
12/28/2005,TVC,MI,AGL,CE,Towers with Radar,14,37,13,0,64,0,0,1,12,13,14,37,14,12,77,10,22,32,109
12/29/2005,TVC,MI,AGL,CE,Towers with Radar,17,42,9,0,68,0,0,10,3,13,17,42,19,3,81,6,8,14,95
12/30/2005,TVC,MI,AGL,CE,Towers with Radar,16,36,7,0,59,0,0,10,6,16,16,36,17,6,75,26,86,112,187
12/31/2005,TVC,MI,AGL,CE,Towers with Radar,12,23,1,0,36,0,0,10,5,15,12,23,11,5,51,32,18,50,101
01/01/2006,TVC,MI,AGL,CE,Towers with Radar,17,15,6,8,46,0,6,5,4,15,17,21,11,12,61,10,8,18,79
01/02/2006,TVC,MI,AGL,CE,Towers with Radar,17,24,11,0,52,0,0,0,0,0,17,24,11,0,52,0,0,0,52
01/03/2006,TVC,MI,AGL,CE,Towers with Radar,17,30,16,17,80,0,0,0,5,5,17,30,16,22,85,0,8,8,93
01/04/2006,TVC,MI,AGL,CE,Towers with Radar,15,45,7,32,99,0,0,0,0,0,15,45,7,32,99,0,0,0,99
01/05/2006,TVC,MI,AGL,CE,Towers with Radar,17,42,1,2,62,0,0,3,18,21,17,42,4,20,83,4,30,34,117
01/06/2006,TVC,MI,AGL,CE,Towers with Radar,19,37,12,1,69,0,0,21,3,24,19,37,33,4,93,48,50,98,191
01/07/2006,TVC,MI,AGL,CE,Towers with Radar,15,10,1,1,27,0,0,0,0,0,15,10,1,1,27,0,0,0,27
01/08/2006,TVC,MI,AGL,CE,Towers with Radar,15,11,7,4,37,0,0,13,3,16,15,11,20,7,53,6,18,24,77
01/09/2006,TVC,MI,AGL,CE,Towers with Radar,16,29,15,10,70,0,3,10,8,21,16,32,25,18,91,18,34,52,143
01/10/2006,TVC,MI,AGL,CE,Towers with Radar,17,33,22,21,93,0,1,83,11,95,17,34,105,32,188,74,98,172,360
01/11/2006,TVC,MI,AGL,CE,Towers with Radar,15,29,11,0,55,0,0,0,0,0,15,29,11,0,55,0,0,0,55
01/12/2006,TVC,MI,AGL,CE,Towers with Radar,18,36,25,0,79,0,8,26,10,44,18,44,51,10,123,22,12,34,157
01/13/2006,TVC,MI,AGL,CE,Towers with Radar,14,29,6,14,63,0,0,0,0,0,14,29,6,14,63,0,26,26,89
01/14/2006,TVC,MI,AGL,CE,Towers with Radar,13,15,5,10,43,0,5,3,4,12,13,20,8,14,55,0,38,38,93
01/15/2006,TVC,MI,AGL,CE,Towers with Radar,18,5,13,7,43,0,1,7,5,13,18,6,20,12,56,4,20,24,80
01/16/2006,TVC,MI,AGL,CE,Towers with Radar,17,11,23,12,63,0,7,63,4,74,17,18,86,16,137,158,16,174,311
01/17/2006,TVC,MI,AGL,CE,Towers with Radar,14,26,5,0,45,0,0,0,0,0,14,26,5,0,45,0,0,0,45
01/18/2006,TVC,MI,AGL,CE,Towers with Radar,16,34,15,10,75,0,5,3,20,28,16,39,18,30,103,0,62,62,165
01/19/2006,TVC,MI,AGL,CE,Towers with Radar,19,31,19,2,71,0,0,25,8,33,19,31,44,10,104,86,46,132,236
01/20/2006,TVC,MI,AGL,CE,Towers with Radar,15,37,15,0,67,0,1,18,5,24,15,38,33,5,91,38,4,42,133
01/21/2006,TVC,MI,AGL,CE,Towers with Radar,13,12,12,3,40,0,0,29,6,35,13,12,41,9,75,64,0,64,139
01/22/2006,TVC,MI,AGL,CE,Towers with Radar,15,10,4,12,41,0,2,22,5,29,15,12,26,17,70,26,22,48,118
01/23/2006,TVC,MI,AGL,CE,Towers with Radar,17,22,17,12,68,0,7,52,16,75,17,29,69,28,143,140,28,168,311
01/24/2006,TVC,MI,AGL,CE,Towers with Radar,15,30,1,14,60,0,0,1,6,7,15,30,2,20,67,0,34,34,101
01/25/2006,TVC,MI,AGL,CE,Towers with Radar,18,30,17,10,75,0,1,10,19,30,18,31,27,29,105,24,86,110,215
01/26/2006,TVC,MI,AGL,CE,Towers with Radar,17,27,46,2,92,0,9,80,11,100,17,36,126,13,192,108,42,150,342
01/27/2006,TVC,MI,AGL,CE,Towers with Radar,17,33,21,22,93,0,3,52,16,71,17,36,73,38,164,36,50,86,250
01/28/2006,TVC,MI,AGL,CE,Towers with Radar,13,16,22,0,51,0,3,40,4,47,13,19,62,4,98,96,0,96,194
01/29/2006,TVC,MI,AGL,CE,Towers with Radar,17,9,6,10,42,0,0,0,0,0,17,9,6,10,42,0,0,0,42
01/30/2006,TVC,MI,AGL,CE,Towers with Radar,17,26,8,6,57,0,0,0,11,11,17,26,8,17,68,0,44,44,112
01/31/2006,TVC,MI,AGL,CE,Towers with Radar,15,30,36,16,97,0,7,64,32,103,15,37,100,48,200,96,20,116,316
02/01/2006,TVC,MI,AGL,CE,Towers with Radar,17,29,16,8,70,0,0,10,4,14,17,29,26,12,84,18,92,110,194
02/02/2006,TVC,MI,AGL,CE,Towers with Radar,16,31,26,16,89,0,3,51,10,64,16,34,77,26,153,106,20,126,279
02/03/2006,TVC,MI,AGL,CE,Towers with Radar,17,34,33,0,84,0,1,55,6,62,17,35,88,6,146,190,0,190,336
02/04/2006,TVC,MI,AGL,CE,Towers with Radar,13,16,4,0,33,0,0,1,2,3,13,16,5,2,36,4,0,4,40
02/05/2006,TVC,MI,AGL,CE,Towers with Radar,10,2,5,0,17,0,0,0,0,0,10,2,5,0,17,0,0,0,17
02/06/2006,TVC,MI,AGL,CE,Towers with Radar,17,28,14,4,63,0,2,0,2,4,17,30,14,6,67,0,44,44,111
02/07/2006,TVC,MI,AGL,CE,Towers with Radar,16,37,25,26,104,0,2,50,10,62,16,39,75,36,166,150,18,168,334
02/08/2006,TVC,MI,AGL,CE,Towers with Radar,17,32,39,20,108,0,7,66,6,79,17,39,105,26,187,80,22,102,289
02/09/2006,TVC,MI,AGL,CE,Towers with Radar,18,33,14,4,69,0,2,15,32,49,18,35,29,36,118,40,24,64,182
02/10/2006,TVC,MI,AGL,CE,Towers with Radar,15,32,4,11,62,0,0,50,14,64,15,32,54,25,126,96,80,176,302
02/11/2006,TVC,MI,AGL,CE,Towers with Radar,12,11,24,2,49,0,10,52,5,67,12,21,76,7,116,96,40,136,252
02/12/2006,TVC,MI,AGL,CE,Towers with Radar,17,6,10,24,57,0,0,0,4,4,17,6,10,28,61,0,44,44,105
02/13/2006,TVC,MI,AGL,CE,Towers with Radar,17,27,18,0,62,0,3,13,4,20,17,30,31,4,82,0,60,60,142
02/14/2006,TVC,MI,AGL,CE,Towers with Radar,20,32,29,5,86,0,0,22,1,23,20,32,51,6,109,44,0,44,153
02/15/2006,TVC,MI,AGL,CE,Towers with Radar,15,32,33,8,88,0,2,47,5,54,15,34,80,13,142,108,26,134,276
02/16/2006,TVC,MI,AGL,CE,Towers with Radar,8,17,3,0,28,0,0,0,2,2,8,17,3,2,30,0,0,0,30
02/17/2006,TVC,MI,AGL,CE,Towers with Radar,13,27,13,7,60,0,0,0,1,1,13,27,13,8,61,0,18,18,79
02/18/2006,TVC,MI,AGL,CE,Towers with Radar,14,13,0,2,29,0,0,2,4,6,14,13,2,6,35,18,30,48,83
02/19/2006,TVC,MI,AGL,CE,Towers with Radar,20,9,18,0,47,0,0,3,3,6,20,9,21,3,53,2,0,2,55
02/20/2006,TVC,MI,AGL,CE,Towers with Radar,17,19,28,0,64,0,6,38,4,48,17,25,66,4,112,78,0,78,190
02/21/2006,TVC,MI,AGL,CE,Towers with Radar,17,36,31,24,108,0,8,36,7,51,17,44,67,31,159,76,64,140,299
02/22/2006,TVC,MI,AGL,CE,Towers with Radar,18,33,40,8,99,0,3,77,17,97,18,36,117,25,196,136,46,182,378
02/23/2006,TVC,MI,AGL,CE,Towers with Radar,15,35,15,6,71,0,1,17,20,38,15,36,32,26,109,38,170,208,317
02/24/2006,TVC,MI,AGL,CE,Towers with Radar,18,41,68,4,131,0,6,86,13,105,18,47,154,17,236,128,38,166,402
02/25/2006,TVC,MI,AGL,CE,Towers with Radar,13,12,5,0,30,0,0,0,5,5,13,12,5,5,35,0,4,4,39
02/26/2006,TVC,MI,AGL,CE,Towers with Radar,16,7,19,0,42,0,0,31,8,39,16,7,50,8,81,44,0,44,125
02/27/2006,TVC,MI,AGL,CE,Towers with Radar,17,23,10,19,69,0,2,27,11,40,17,25,37,30,109,44,46,90,199
02/28/2006,TVC,MI,AGL,CE,Towers with Radar,17,32,36,4,89,0,0,67,5,72,17,32,103,9,161,108,18,126,287
03/01/2006,TVC,MI,AGL,CE,Towers with Radar,17,32,16,16,81,0,3,86,13,102,17,35,102,29,183,194,82,276,459
03/02/2006,TVC,MI,AGL,CE,Towers with Radar,16,28,6,14,64,0,0,42,12,54,16,28,48,26,118,88,88,176,294
03/03/2006,TVC,MI,AGL,CE,Towers with Radar,20,37,45,10,112,0,2,67,21,90,20,39,112,31,202,98,42,140,342
03/04/2006,TVC,MI,AGL,CE,Towers with Radar,13,10,40,0,63,0,1,78,4,83,13,11,118,4,146,88,30,118,264
03/05/2006,TVC,MI,AGL,CE,Towers with Radar,15,7,20,0,42,0,10,66,5,81,15,17,86,5,123,52,8,60,183
03/06/2006,TVC,MI,AGL,CE,Towers with Radar,16,26,22,16,80,0,4,67,9,80,16,30,89,25,160,130,42,172,332
03/07/2006,TVC,MI,AGL,CE,Towers with Radar,15,26,85,4,130,0,9,121,14,144,15,35,206,18,274,180,52,232,506
03/08/2006,TVC,MI,AGL,CE,Towers with Radar,16,42,18,0,76,0,9,40,6,55,16,51,58,6,131,124,40,164,295
03/09/2006,TVC,MI,AGL,CE,Towers with Radar,15,29,6,0,50,0,0,0,0,0,15,29,6,0,50,0,0,0,50
03/10/2006,TVC,MI,AGL,CE,Towers with Radar,16,35,38,0,89,0,8,47,10,65,16,43,85,10,154,76,34,110,264
03/11/2006,TVC,MI,AGL,CE,Towers with Radar,13,11,12,2,38,0,4,27,3,34,13,15,39,5,72,24,26,50,122
03/12/2006,TVC,MI,AGL,CE,Towers with Radar,15,6,8,1,30,0,0,28,2,30,15,6,36,3,60,70,0,70,130
03/13/2006,TVC,MI,AGL,CE,Towers with Radar,12,25,18,0,55,0,0,3,7,10,12,25,21,7,65,26,36,62,127
03/14/2006,TVC,MI,AGL,CE,Towers with Radar,15,33,12,4,64,0,0,0,5,5,15,33,12,9,69,0,6,6,75
03/15/2006,TVC,MI,AGL,CE,Towers with Radar,17,30,32,10,89,0,6,44,6,56,17,36,76,16,145,34,12,46,191
03/16/2006,TVC,MI,AGL,CE,Towers with Radar,15,32,27,2,76,0,2,60,15,77,15,34,87,17,153,96,84,180,333
03/17/2006,TVC,MI,AGL,CE,Towers with Radar,18,32,37,0,87,0,6,87,11,104,18,38,124,11,191,124,36,160,351
03/18/2006,TVC,MI,AGL,CE,Towers with Radar,14,15,27,2,58,0,0,65,5,70,14,15,92,7,128,74,0,74,202
03/19/2006,TVC,MI,AGL,CE,Towers with Radar,17,15,37,0,69,0,2,60,1,63,17,17,97,1,132,52,0,52,184
03/20/2006,TVC,MI,AGL,CE,Towers with Radar,18,24,39,2,83,0,9,66,11,86,18,33,105,13,169,174,10,184,353
03/21/2006,TVC,MI,AGL,CE,Towers with Radar,16,46,26,7,95,0,10,54,13,77,16,56,80,20,172,112,44,156,328
03/22/2006,TVC,MI,AGL,CE,Towers with Radar,15,34,8,2,59,0,3,1,2,6,15,37,9,4,65,0,0,0,65
03/23/2006,TVC,MI,AGL,CE,Towers with Radar,17,32,16,3,68,0,4,31,9,44,17,36,47,12,112,78,0,78,190
03/24/2006,TVC,MI,AGL,CE,Towers with Radar,16,31,10,1,58,0,3,25,14,42,16,34,35,15,100,126,18,144,244
03/25/2006,TVC,MI,AGL,CE,Towers with Radar,13,15,11,0,39,0,4,19,2,25,13,19,30,2,64,8,0,8,72
03/26/2006,TVC,MI,AGL,CE,Towers with Radar,17,4,7,0,28,0,4,83,5,92,17,8,90,5,120,44,16,60,180
03/27/2006,TVC,MI,AGL,CE,Towers with Radar,17,19,25,0,61,0,2,48,5,55,17,21,73,5,116,52,2,54,170
03/28/2006,TVC,MI,AGL,CE,Towers with Radar,18,24,28,0,70,0,5,55,4,64,18,29,83,4,134,102,0,102,236
03/29/2006,TVC,MI,AGL,CE,Towers with Radar,18,32,9,0,59,0,6,40,9,55,18,38,49,9,114,88,24,112,226
03/30/2006,TVC,MI,AGL,CE,Towers with Radar,18,24,52,1,95,0,13,50,6,69,18,37,102,7,164,64,0,64,228
03/31/2006,TVC,MI,AGL,CE,Towers with Radar,14,32,6,1,53,0,2,2,12,16,14,34,8,13,69,0,0,0,69
04/01/2006,TVC,MI,AGL,CE,Towers with Radar,13,14,16,1,44,0,0,9,2,11,13,14,25,3,55,22,0,22,77
04/02/2006,TVC,MI,AGL,CE,Towers with Radar,14,10,20,0,44,0,6,32,4,42,14,16,52,4,86,28,0,28,114
04/03/2006,TVC,MI,AGL,CE,Towers with Radar,5,7,0,0,12,13,17,6,0,36,18,24,6,0,48,0,0,0,48
04/04/2006,TVC,MI,AGL,CE,Towers with Radar,16,32,20,0,68,0,0,13,8,21,16,32,33,8,89,18,38,56,145
04/05/2006,TVC,MI,AGL,CE,Towers with Radar,18,27,54,4,103,0,8,80,5,93,18,35,134,9,196,146,20,166,362
04/06/2006,TVC,MI,AGL,CE,Towers with Radar,16,31,32,3,82,0,5,72,11,88,16,36,104,14,170,126,14,140,310
04/07/2006,TVC,MI,AGL,CE,Towers with Radar,17,29,31,0,77,0,2,39,7,48,17,31,70,7,125,76,40,116,241
04/08/2006,TVC,MI,AGL,CE,Towers with Radar,14,7,42,2,65,0,5,81,6,92,14,12,123,8,157,142,0,142,299
04/09/2006,TVC,MI,AGL,CE,Towers with Radar,18,6,20,0,44,0,9,62,4,75,18,15,82,4,119,124,8,132,251
04/10/2006,TVC,MI,AGL,CE,Towers with Radar,17,19,61,1,98,0,7,83,9,99,17,26,144,10,197,208,54,262,459
04/11/2006,TVC,MI,AGL,CE,Towers with Radar,17,33,46,4,100,0,1,78,4,83,17,34,124,8,183,126,22,148,331
04/12/2006,TVC,MI,AGL,CE,Towers with Radar,18,33,40,2,93,0,3,3,7,13,18,36,43,9,106,58,48,106,212
04/13/2006,TVC,MI,AGL,CE,Towers with Radar,19,31,41,2,93,0,9,85,9,103,19,40,126,11,196,188,46,234,430
04/14/2006,TVC,MI,AGL,CE,Towers with Radar,20,30,41,0,91,0,9,95,3,107,20,39,136,3,198,122,4,126,324
04/15/2006,TVC,MI,AGL,CE,Towers with Radar,14,8,28,0,50,0,3,90,4,97,14,11,118,4,147,114,32,146,293
04/16/2006,TVC,MI,AGL,CE,Towers with Radar,18,2,13,0,33,0,6,12,2,20,18,8,25,2,53,0,0,0,53
04/17/2006,TVC,MI,AGL,CE,Towers with Radar,18,21,66,1,106,0,6,77,12,95,18,27,143,13,201,100,12,112,313
04/18/2006,TVC,MI,AGL,CE,Towers with Radar,18,27,82,2,129,0,4,80,17,101,18,31,162,19,230,258,24,282,512
04/19/2006,TVC,MI,AGL,CE,Towers with Radar,18,28,54,1,101,0,3,66,7,76,18,31,120,8,177,170,52,222,399
04/20/2006,TVC,MI,AGL,CE,Towers with Radar,17,23,57,0,97,0,8,78,6,92,17,31,135,6,189,170,0,170,359
04/21/2006,TVC,MI,AGL,CE,Towers with Radar,20,30,75,7,132,0,10,105,4,119,20,40,180,11,251,224,12,236,487
04/22/2006,TVC,MI,AGL,CE,Towers with Radar,15,12,12,6,45,0,3,28,2,33,15,15,40,8,78,84,34,118,196
04/23/2006,TVC,MI,AGL,CE,Towers with Radar,18,2,8,0,28,0,0,4,3,7,18,2,12,3,35,0,8,8,43
04/24/2006,TVC,MI,AGL,CE,Towers with Radar,19,17,32,2,70,0,7,56,13,76,19,24,88,15,146,130,12,142,288
04/25/2006,TVC,MI,AGL,CE,Towers with Radar,19,28,59,2,108,0,7,57,9,73,19,35,116,11,181,126,6,132,313
04/26/2006,TVC,MI,AGL,CE,Towers with Radar,18,34,75,2,129,0,3,84,3,90,18,37,159,5,219,106,0,106,325
04/27/2006,TVC,MI,AGL,CE,Towers with Radar,18,33,82,0,133,0,13,92,9,114,18,46,174,9,247,210,3,213,460
04/28/2006,TVC,MI,AGL,CE,Towers with Radar,19,35,45,6,105,0,10,89,4,103,19,45,134,10,208,136,20,156,364
04/29/2006,TVC,MI,AGL,CE,Towers with Radar,14,17,12,0,43,0,7,140,4,151,14,24,152,4,194,76,32,108,302
04/30/2006,TVC,MI,AGL,CE,Towers with Radar,18,8,12,0,38,0,0,21,2,23,18,8,33,2,61,0,0,0,61
05/01/2006,TVC,MI,AGL,CE,Towers with Radar,18,18,34,0,70,0,14,28,6,48,18,32,62,6,118,38,0,38,156
05/02/2006,TVC,MI,AGL,CE,Towers with Radar,19,26,42,0,87,0,3,47,9,59,19,29,89,9,146,118,26,144,290
05/03/2006,TVC,MI,AGL,CE,Towers with Radar,20,29,49,5,103,0,8,53,10,71,20,37,102,15,174,104,6,110,284
05/04/2006,TVC,MI,AGL,CE,Towers with Radar,20,35,76,0,131,0,5,67,4,76,20,40,143,4,207,108,0,108,315
05/05/2006,TVC,MI,AGL,CE,Towers with Radar,20,30,39,1,90,0,6,79,2,87,20,36,118,3,177,146,32,178,355
05/06/2006,TVC,MI,AGL,CE,Towers with Radar,16,12,30,0,58,0,10,96,2,108,16,22,126,2,166,130,42,172,338
05/07/2006,TVC,MI,AGL,CE,Towers with Radar,20,5,33,2,60,0,4,36,9,49,20,9,69,11,109,26,12,38,147
05/08/2006,TVC,MI,AGL,CE,Towers with Radar,20,21,39,0,80,0,7,76,8,91,20,28,115,8,171,60,10,70,241
05/09/2006,TVC,MI,AGL,CE,Towers with Radar,20,31,35,1,87,0,2,63,13,78,20,33,98,14,165,84,36,120,285
05/10/2006,TVC,MI,AGL,CE,Towers with Radar,20,49,46,0,115,0,6,21,4,31,20,55,67,4,146,94,0,94,240
05/11/2006,TVC,MI,AGL,CE,Towers with Radar,17,29,7,0,53,0,1,2,2,5,17,30,9,2,58,0,4,4,62
05/12/2006,TVC,MI,AGL,CE,Towers with Radar,18,40,39,8,105,0,0,0,0,0,18,40,39,8,105,104,20,124,229
05/13/2006,TVC,MI,AGL,CE,Towers with Radar,17,14,12,0,43,0,2,45,4,51,17,16,57,4,94,120,0,120,214
05/14/2006,TVC,MI,AGL,CE,Towers with Radar,20,6,24,0,50,0,2,18,6,26,20,8,42,6,76,20,36,56,132
05/15/2006,TVC,MI,AGL,CE,Towers with Radar,19,23,35,7,84,0,4,85,6,95,19,27,120,13,179,118,6,124,303
05/16/2006,TVC,MI,AGL,CE,Towers with Radar,20,37,46,24,127,0,6,66,4,76,20,43,112,28,203,152,0,152,355
05/17/2006,TVC,MI,AGL,CE,Towers with Radar,18,32,40,4,94,0,2,59,7,68,18,34,99,11,162,152,12,164,326
05/18/2006,TVC,MI,AGL,CE,Towers with Radar,19,36,22,0,77,0,0,0,3,3,19,36,22,3,80,0,0,0,80
05/19/2006,TVC,MI,AGL,CE,Towers with Radar,20,36,68,0,124,0,3,48,13,64,20,39,116,13,188,114,26,140,328
05/20/2006,TVC,MI,AGL,CE,Towers with Radar,17,18,23,0,58,0,2,67,4,73,17,20,90,4,131,90,2,92,223
05/21/2006,TVC,MI,AGL,CE,Towers with Radar,22,13,28,0,63,0,3,16,3,22,22,16,44,3,85,0,20,20,105
05/22/2006,TVC,MI,AGL,CE,Towers with Radar,21,23,92,0,136,0,6,86,12,104,21,29,178,12,240,172,0,172,412
05/23/2006,TVC,MI,AGL,CE,Towers with Radar,18,25,54,1,98,0,10,92,20,122,18,35,146,21,220,222,34,256,476
05/24/2006,TVC,MI,AGL,CE,Towers with Radar,19,34,82,5,140,0,6,90,7,103,19,40,172,12,243,150,10,160,403
05/25/2006,TVC,MI,AGL,CE,Towers with Radar,21,35,34,10,100,0,10,58,6,74,21,45,92,16,174,122,0,122,296
05/26/2006,TVC,MI,AGL,CE,Towers with Radar,21,36,61,5,123,0,6,52,6,64,21,42,113,11,187,128,8,136,323
05/27/2006,TVC,MI,AGL,CE,Towers with Radar,15,15,58,0,88,0,7,104,5,116,15,22,162,5,204,62,20,82,286
05/28/2006,TVC,MI,AGL,CE,Towers with Radar,19,9,25,0,53,0,2,40,2,44,19,11,65,2,97,12,0,12,109
05/29/2006,TVC,MI,AGL,CE,Towers with Radar,16,10,27,0,53,0,4,84,2,90,16,14,111,2,143,76,0,76,219
05/30/2006,TVC,MI,AGL,CE,Towers with Radar,18,28,59,2,107,0,7,58,12,77,18,35,117,14,184,78,36,114,298
05/31/2006,TVC,MI,AGL,CE,Towers with Radar,19,38,49,2,108,0,0,52,11,63,19,38,101,13,171,138,16,154,325
06/01/2006,TVC,MI,AGL,CE,Towers with Radar,21,37,54,0,112,0,8,93,10,111,21,45,147,10,223,140,2,142,365
06/02/2006,TVC,MI,AGL,CE,Towers with Radar,21,29,30,0,80,0,6,93,12,111,21,35,123,12,191,102,18,120,311
06/03/2006,TVC,MI,AGL,CE,Towers with Radar,17,17,42,1,77,0,9,58,5,72,17,26,100,6,149,80,0,80,229
06/04/2006,TVC,MI,AGL,CE,Towers with Radar,21,9,28,0,58,0,7,94,0,101,21,16,122,0,159,32,0,32,191
06/05/2006,TVC,MI,AGL,CE,Towers with Radar,21,20,73,0,114,0,11,88,7,106,21,31,161,7,220,144,4,148,368
06/06/2006,TVC,MI,AGL,CE,Towers with Radar,20,28,64,2,114,0,15,74,5,94,20,43,138,7,208,84,14,98,306
06/07/2006,TVC,MI,AGL,CE,Towers with Radar,20,30,32,3,85,0,5,20,10,35,20,35,52,13,120,66,34,100,220
06/08/2006,TVC,MI,AGL,CE,Towers with Radar,22,29,68,2,121,0,7,107,6,120,22,36,175,8,241,186,18,204,445
06/09/2006,TVC,MI,AGL,CE,Towers with Radar,22,41,59,0,122,0,4,75,10,89,22,45,134,10,211,100,34,134,345
06/10/2006,TVC,MI,AGL,CE,Towers with Radar,20,13,14,1,48,0,1,95,4,100,20,14,109,5,148,122,0,122,270
06/11/2006,TVC,MI,AGL,CE,Towers with Radar,17,12,18,0,47,0,2,82,2,86,17,14,100,2,133,22,0,22,155
06/12/2006,TVC,MI,AGL,CE,Towers with Radar,26,22,57,5,110,0,13,93,15,121,26,35,150,20,231,198,10,208,439
06/13/2006,TVC,MI,AGL,CE,Towers with Radar,30,27,33,4,94,0,8,79,17,104,30,35,112,21,198,104,8,112,310
06/14/2006,TVC,MI,AGL,CE,Towers with Radar,26,31,72,6,135,0,13,80,13,106,26,44,152,19,241,118,52,170,411
06/15/2006,TVC,MI,AGL,CE,Towers with Radar,28,41,51,0,120,0,13,92,5,110,28,54,143,5,230,104,0,104,334
06/16/2006,TVC,MI,AGL,CE,Towers with Radar,28,42,32,0,102,0,10,62,11,83,28,52,94,11,185,44,8,52,237
06/17/2006,TVC,MI,AGL,CE,Towers with Radar,31,13,36,1,81,0,9,40,4,53,31,22,76,5,134,12,0,12,146
06/18/2006,TVC,MI,AGL,CE,Towers with Radar,32,9,29,0,70,0,0,7,5,12,32,9,36,5,82,4,18,22,104
06/19/2006,TVC,MI,AGL,CE,Towers with Radar,29,21,72,0,122,0,8,89,9,106,29,29,161,9,228,112,0,112,340
06/20/2006,TVC,MI,AGL,CE,Towers with Radar,29,30,50,3,112,0,10,118,8,136,29,40,168,11,248,184,12,196,444
06/21/2006,TVC,MI,AGL,CE,Towers with Radar,25,39,40,0,104,0,6,41,8,55,25,45,81,8,159,74,0,74,233
06/22/2006,TVC,MI,AGL,CE,Towers with Radar,28,38,29,2,97,0,9,69,10,88,28,47,98,12,185,122,2,124,309
06/23/2006,TVC,MI,AGL,CE,Towers with Radar,31,38,77,0,146,0,11,121,16,148,31,49,198,16,294,64,52,116,410
06/24/2006,TVC,MI,AGL,CE,Towers with Radar,32,18,30,0,80,0,8,73,7,88,32,26,103,7,168,32,12,44,212
06/25/2006,TVC,MI,AGL,CE,Towers with Radar,32,18,30,0,80,0,2,28,6,36,32,20,58,6,116,0,4,4,120
06/26/2006,TVC,MI,AGL,CE,Towers with Radar,31,22,40,0,93,0,7,73,14,94,31,29,113,14,187,78,0,78,265
06/27/2006,TVC,MI,AGL,CE,Towers with Radar,30,31,59,0,120,0,6,74,8,88,30,37,133,8,208,178,12,190,398
06/28/2006,TVC,MI,AGL,CE,Towers with Radar,33,31,60,1,125,0,4,50,15,69,33,35,110,16,194,162,20,182,376
06/29/2006,TVC,MI,AGL,CE,Towers with Radar,29,30,56,7,122,0,7,73,30,110,29,37,129,37,232,46,56,102,334
06/30/2006,TVC,MI,AGL,CE,Towers with Radar,31,28,42,8,109,0,13,98,24,135,31,41,140,32,244,82,0,82,326
07/01/2006,TVC,MI,AGL,CE,Towers with Radar,30,17,32,0,79,0,8,67,39,114,30,25,99,39,193,14,24,38,231
07/02/2006,TVC,MI,AGL,CE,Towers with Radar,33,6,38,4,81,0,5,95,38,138,33,11,133,42,219,2,0,2,221
07/03/2006,TVC,MI,AGL,CE,Towers with Radar,30,21,37,2,90,0,9,90,3,102,30,30,127,5,192,202,0,202,394
07/04/2006,TVC,MI,AGL,CE,Towers with Radar,29,7,26,0,62,0,10,90,14,114,29,17,116,14,176,38,0,38,214
07/05/2006,TVC,MI,AGL,CE,Towers with Radar,33,46,59,2,140,0,17,78,6,101,33,63,137,8,241,88,44,132,373
07/06/2006,TVC,MI,AGL,CE,Towers with Radar,30,30,70,0,130,0,16,120,10,146,30,46,190,10,276,138,30,168,444
07/07/2006,TVC,MI,AGL,CE,Towers with Radar,31,36,46,0,113,0,12,97,12,121,31,48,143,12,234,92,30,122,356
07/08/2006,TVC,MI,AGL,CE,Towers with Radar,33,22,33,2,90,0,12,86,9,107,33,34,119,11,197,8,0,8,205
07/09/2006,TVC,MI,AGL,CE,Towers with Radar,33,13,25,1,72,0,3,44,5,52,33,16,69,6,124,14,0,14,138
07/10/2006,TVC,MI,AGL,CE,Towers with Radar,30,36,57,1,124,0,11,53,9,73,30,47,110,10,197,134,38,172,369
07/11/2006,TVC,MI,AGL,CE,Towers with Radar,30,40,51,4,125,0,13,70,11,94,30,53,121,15,219,106,0,106,325
07/12/2006,TVC,MI,AGL,CE,Towers with Radar,29,37,63,6,135,0,10,94,11,115,29,47,157,17,250,152,0,152,402
07/13/2006,TVC,MI,AGL,CE,Towers with Radar,30,44,59,10,143,0,3,100,14,117,30,47,159,24,260,76,8,84,344
07/14/2006,TVC,MI,AGL,CE,Towers with Radar,28,52,59,11,150,0,5,78,14,97,28,57,137,25,247,112,16,128,375
07/15/2006,TVC,MI,AGL,CE,Towers with Radar,32,27,37,0,96,0,4,83,8,95,32,31,120,8,191,102,0,102,293
07/16/2006,TVC,MI,AGL,CE,Towers with Radar,30,27,47,3,107,0,3,70,15,88,30,30,117,18,195,66,0,66,261
07/17/2006,TVC,MI,AGL,CE,Towers with Radar,26,24,55,1,106,0,3,44,7,54,26,27,99,8,160,60,0,60,220
07/18/2006,TVC,MI,AGL,CE,Towers with Radar,31,28,74,0,133,0,17,118,9,144,31,45,192,9,277,136,0,136,413
07/19/2006,TVC,MI,AGL,CE,Towers with Radar,28,42,62,5,137,0,10,110,19,139,28,52,172,24,276,124,50,174,450
07/20/2006,TVC,MI,AGL,CE,Towers with Radar,20,45,36,0,101,0,6,33,15,54,20,51,69,15,155,38,0,38,193
07/21/2006,TVC,MI,AGL,CE,Towers with Radar,30,57,44,5,136,0,16,52,10,78,30,73,96,15,214,64,14,78,292
07/22/2006,TVC,MI,AGL,CE,Towers with Radar,35,24,63,0,122,0,10,75,2,87,35,34,138,2,209,68,0,68,277
07/23/2006,TVC,MI,AGL,CE,Towers with Radar,34,28,64,0,126,0,17,75,2,94,34,45,139,2,220,40,0,40,260
07/24/2006,TVC,MI,AGL,CE,Towers with Radar,29,29,40,1,99,0,5,40,8,53,29,34,80,9,152,28,0,28,180
07/25/2006,TVC,MI,AGL,CE,Towers with Radar,31,33,43,2,109,0,10,65,16,91,31,43,108,18,200,134,42,176,376
07/26/2006,TVC,MI,AGL,CE,Towers with Radar,33,35,27,8,103,0,11,22,6,39,33,46,49,14,142,12,8,20,162
07/27/2006,TVC,MI,AGL,CE,Towers with Radar,24,48,112,4,188,0,4,90,3,97,24,52,202,7,285,112,4,116,401
07/28/2006,TVC,MI,AGL,CE,Towers with Radar,26,50,34,0,110,0,15,93,4,112,26,65,127,4,222,166,0,166,388
07/29/2006,TVC,MI,AGL,CE,Towers with Radar,34,15,49,0,98,0,13,57,0,70,34,28,106,0,168,48,0,48,216
07/30/2006,TVC,MI,AGL,CE,Towers with Radar,26,30,47,0,103,0,1,26,6,33,26,31,73,6,136,50,0,50,186
07/31/2006,TVC,MI,AGL,CE,Towers with Radar,32,31,53,2,118,0,12,88,7,107,32,43,141,9,225,98,6,104,329
08/01/2006,TVC,MI,AGL,CE,Towers with Radar,30,42,38,2,112,0,10,83,4,97,30,52,121,6,209,84,2,86,295
08/02/2006,TVC,MI,AGL,CE,Towers with Radar,28,52,41,6,127,0,5,52,17,74,28,57,93,23,201,78,56,134,335
08/03/2006,TVC,MI,AGL,CE,Towers with Radar,29,42,48,16,135,0,9,87,10,106,29,51,135,26,241,76,22,98,339
08/04/2006,TVC,MI,AGL,CE,Towers with Radar,28,50,51,0,129,0,6,92,9,107,28,56,143,9,236,126,30,156,392
08/05/2006,TVC,MI,AGL,CE,Towers with Radar,36,16,39,6,97,0,5,95,5,105,36,21,134,11,202,96,8,104,306
08/06/2006,TVC,MI,AGL,CE,Towers with Radar,32,14,47,0,93,0,9,47,5,61,32,23,94,5,154,36,0,36,190
08/07/2006,TVC,MI,AGL,CE,Towers with Radar,30,29,67,0,126,0,6,60,9,75,30,35,127,9,201,100,0,100,301
08/08/2006,TVC,MI,AGL,CE,Towers with Radar,30,53,54,0,137,0,13,129,9,151,30,66,183,9,288,148,0,148,436
08/09/2006,TVC,MI,AGL,CE,Towers with Radar,31,37,64,1,133,0,10,131,11,152,31,47,195,12,285,204,0,204,489
08/10/2006,TVC,MI,AGL,CE,Towers with Radar,28,40,64,0,132,0,6,73,10,89,28,46,137,10,221,100,8,108,329
08/11/2006,TVC,MI,AGL,CE,Towers with Radar,30,48,46,5,129,0,11,105,19,135,30,59,151,24,264,92,80,172,436
08/12/2006,TVC,MI,AGL,CE,Towers with Radar,34,26,37,2,99,0,8,90,6,104,34,34,127,8,203,58,18,76,279
08/13/2006,TVC,MI,AGL,CE,Towers with Radar,35,20,57,1,113,0,8,118,4,130,35,28,175,5,243,40,0,40,283
08/14/2006,TVC,MI,AGL,CE,Towers with Radar,28,26,48,2,104,0,6,53,6,65,28,32,101,8,169,112,0,112,281
08/15/2006,TVC,MI,AGL,CE,Towers with Radar,30,34,36,8,108,0,10,73,9,92,30,44,109,17,200,176,28,204,404
08/16/2006,TVC,MI,AGL,CE,Towers with Radar,30,44,58,0,132,0,10,135,10,155,30,54,193,10,287,194,2,196,483
08/17/2006,TVC,MI,AGL,CE,Towers with Radar,30,49,31,0,110,0,6,93,6,105,30,55,124,6,215,128,0,128,343
08/18/2006,TVC,MI,AGL,CE,Towers with Radar,31,52,48,4,135,0,7,64,17,88,31,59,112,21,223,92,4,96,319
08/19/2006,TVC,MI,AGL,CE,Towers with Radar,35,18,42,2,97,0,2,72,4,78,35,20,114,6,175,110,4,114,289
08/20/2006,TVC,MI,AGL,CE,Towers with Radar,35,11,46,24,116,0,7,50,6,63,35,18,96,30,179,54,26,80,259
08/21/2006,TVC,MI,AGL,CE,Towers with Radar,30,33,48,2,113,0,3,73,11,87,30,36,121,13,200,86,2,88,288
08/22/2006,TVC,MI,AGL,CE,Towers with Radar,31,41,16,0,88,0,12,109,11,132,31,53,125,11,220,108,0,108,328
08/23/2006,TVC,MI,AGL,CE,Towers with Radar,27,50,37,6,120,0,5,100,8,113,27,55,137,14,233,126,28,154,387
08/24/2006,TVC,MI,AGL,CE,Towers with Radar,20,44,43,10,117,0,6,96,11,113,20,50,139,21,230,200,0,200,430
08/25/2006,TVC,MI,AGL,CE,Towers with Radar,26,46,39,0,111,0,4,3,8,15,26,50,42,8,126,18,42,60,186
08/26/2006,TVC,MI,AGL,CE,Towers with Radar,32,26,22,1,81,0,1,4,4,9,32,27,26,5,90,0,0,0,90
08/27/2006,TVC,MI,AGL,CE,Towers with Radar,30,22,59,0,111,0,0,78,0,78,30,22,137,0,189,84,0,84,273
08/28/2006,TVC,MI,AGL,CE,Towers with Radar,28,33,25,3,89,0,7,89,2,98,28,40,114,5,187,204,58,262,449
08/29/2006,TVC,MI,AGL,CE,Towers with Radar,29,39,36,0,104,0,12,101,9,122,29,51,137,9,226,186,0,186,412
08/30/2006,TVC,MI,AGL,CE,Towers with Radar,30,35,43,15,123,0,5,112,14,131,30,40,155,29,254,320,56,376,630
08/31/2006,TVC,MI,AGL,CE,Towers with Radar,29,40,32,6,107,0,9,128,16,153,29,49,160,22,260,264,14,278,538
09/01/2006,TVC,MI,AGL,CE,Towers with Radar,28,43,34,8,113,0,14,69,10,93,28,57,103,18,206,90,12,102,308
09/02/2006,TVC,MI,AGL,CE,Towers with Radar,33,16,18,13,80,0,10,66,4,80,33,26,84,17,160,108,40,148,308
09/03/2006,TVC,MI,AGL,CE,Towers with Radar,31,6,24,7,68,0,8,58,2,68,31,14,82,9,136,70,8,78,214
09/04/2006,TVC,MI,AGL,CE,Towers with Radar,32,32,43,0,107,0,1,70,3,74,32,33,113,3,181,44,0,44,225
09/05/2006,TVC,MI,AGL,CE,Towers with Radar,29,27,33,2,91,0,5,69,13,87,29,32,102,15,178,206,2,208,386
09/06/2006,TVC,MI,AGL,CE,Towers with Radar,23,35,27,1,86,0,7,77,13,97,23,42,104,14,183,176,0,176,359
09/07/2006,TVC,MI,AGL,CE,Towers with Radar,27,34,46,0,107,0,9,92,5,106,27,43,138,5,213,198,0,198,411
09/08/2006,TVC,MI,AGL,CE,Towers with Radar,26,36,26,3,91,0,17,74,30,121,26,53,100,33,212,138,18,156,368
09/09/2006,TVC,MI,AGL,CE,Towers with Radar,23,20,34,10,87,1,2,42,3,48,24,22,76,13,135,62,44,106,241
09/10/2006,TVC,MI,AGL,CE,Towers with Radar,25,11,28,8,72,0,8,47,2,57,25,19,75,10,129,80,38,118,247
09/11/2006,TVC,MI,AGL,CE,Towers with Radar,24,24,31,0,79,0,4,55,11,70,24,28,86,11,149,284,80,364,513
09/12/2006,TVC,MI,AGL,CE,Towers with Radar,23,39,24,1,87,0,0,7,22,29,23,39,31,23,116,30,76,106,222
09/13/2006,TVC,MI,AGL,CE,Towers with Radar,21,35,30,6,92,0,0,0,6,6,21,35,30,12,98,0,2,2,100
09/14/2006,TVC,MI,AGL,CE,Towers with Radar,25,35,39,2,101,0,7,128,13,148,25,42,167,15,249,250,64,314,563
09/15/2006,TVC,MI,AGL,CE,Towers with Radar,24,34,34,1,93,0,12,105,12,129,24,46,139,13,222,150,0,150,372
09/16/2006,TVC,MI,AGL,CE,Towers with Radar,25,19,63,0,107,0,5,64,6,75,25,24,127,6,182,94,12,106,288
09/17/2006,TVC,MI,AGL,CE,Towers with Radar,20,10,22,0,52,0,4,45,5,54,20,14,67,5,106,12,0,12,118
09/18/2006,TVC,MI,AGL,CE,Towers with Radar,22,26,15,0,63,0,3,69,7,79,22,29,84,7,142,192,46,238,380
09/19/2006,TVC,MI,AGL,CE,Towers with Radar,21,40,24,2,87,0,4,76,15,95,21,44,100,17,182,290,106,396,578
09/20/2006,TVC,MI,AGL,CE,Towers with Radar,25,37,26,3,91,0,6,102,10,118,25,43,128,13,209,278,30,308,517
09/21/2006,TVC,MI,AGL,CE,Towers with Radar,24,34,49,1,108,0,7,111,12,130,24,41,160,13,238,232,22,254,492
09/22/2006,TVC,MI,AGL,CE,Towers with Radar,19,38,31,0,88,0,0,43,9,52,19,38,74,9,140,70,32,102,242
09/23/2006,TVC,MI,AGL,CE,Towers with Radar,23,19,19,0,61,0,2,17,7,26,23,21,36,7,87,36,22,58,145
09/24/2006,TVC,MI,AGL,CE,Towers with Radar,24,15,29,0,68,0,5,7,6,18,24,20,36,6,86,0,54,54,140
09/25/2006,TVC,MI,AGL,CE,Towers with Radar,23,27,20,0,70,0,6,65,12,83,23,33,85,12,153,164,68,232,385
09/26/2006,TVC,MI,AGL,CE,Towers with Radar,26,33,50,6,115,0,17,101,19,137,26,50,151,25,252,156,112,268,520
09/27/2006,TVC,MI,AGL,CE,Towers with Radar,24,46,25,0,95,0,2,21,14,37,24,48,46,14,132,64,138,202,334
09/28/2006,TVC,MI,AGL,CE,Towers with Radar,20,36,42,0,98,0,7,70,16,93,20,43,112,16,191,132,68,200,391
09/29/2006,TVC,MI,AGL,CE,Towers with Radar,21,43,49,0,113,0,7,64,6,77,21,50,113,6,190,76,132,208,398
09/30/2006,TVC,MI,AGL,CE,Towers with Radar,24,10,29,0,63,0,1,15,7,23,24,11,44,7,86,10,18,28,114
10/01/2006,TVC,MI,AGL,CE,Towers with Radar,23,17,31,2,73,0,11,93,5,109,23,28,124,7,182,86,26,112,294
10/02/2006,TVC,MI,AGL,CE,Towers with Radar,22,22,29,20,93,0,4,66,25,95,22,26,95,45,188,124,94,218,406
10/03/2006,TVC,MI,AGL,CE,Towers with Radar,21,42,43,6,112,0,7,39,12,58,21,49,82,18,170,52,78,130,300
10/04/2006,TVC,MI,AGL,CE,Towers with Radar,20,26,33,0,79,0,12,22,15,49,20,38,55,15,128,116,0,116,244
10/05/2006,TVC,MI,AGL,CE,Towers with Radar,23,35,51,0,109,0,3,103,4,110,23,38,154,4,219,160,0,160,379
10/06/2006,TVC,MI,AGL,CE,Towers with Radar,25,36,41,1,103,0,1,109,0,110,25,37,150,1,213,132,0,132,345
10/07/2006,TVC,MI,AGL,CE,Towers with Radar,24,11,37,0,72,0,0,100,4,104,24,11,137,4,176,44,0,44,220
10/08/2006,TVC,MI,AGL,CE,Towers with Radar,24,10,20,8,62,0,5,67,3,75,24,15,87,11,137,22,8,30,167
10/09/2006,TVC,MI,AGL,CE,Towers with Radar,25,21,39,0,85,0,9,90,5,104,25,30,129,5,189,118,0,118,307
10/10/2006,TVC,MI,AGL,CE,Towers with Radar,22,33,39,3,97,0,4,142,13,159,22,37,181,16,256,172,20,192,448
10/11/2006,TVC,MI,AGL,CE,Towers with Radar,23,33,16,5,77,0,1,10,5,16,23,34,26,10,93,36,16,52,145
10/12/2006,TVC,MI,AGL,CE,Towers with Radar,22,32,24,2,80,0,0,8,7,15,22,32,32,9,95,40,26,66,161
10/13/2006,TVC,MI,AGL,CE,Towers with Radar,20,37,19,0,76,0,0,0,4,4,20,37,19,4,80,0,18,18,98
10/14/2006,TVC,MI,AGL,CE,Towers with Radar,27,12,16,10,65,0,8,22,3,33,27,20,38,13,98,18,34,52,150
10/15/2006,TVC,MI,AGL,CE,Towers with Radar,24,15,22,4,65,0,4,78,6,88,24,19,100,10,153,70,12,82,235
10/16/2006,TVC,MI,AGL,CE,Towers with Radar,23,28,26,2,79,0,5,44,4,53,23,33,70,6,132,72,12,84,216
10/17/2006,TVC,MI,AGL,CE,Towers with Radar,23,37,27,7,94,0,0,5,37,42,23,37,32,44,136,0,114,114,250
10/18/2006,TVC,MI,AGL,CE,Towers with Radar,21,41,20,0,82,0,2,12,30,44,21,43,32,30,126,60,150,210,336
10/19/2006,TVC,MI,AGL,CE,Towers with Radar,0,0,0,0,0,21,51,50,42,164,21,51,50,42,164,122,190,312,476
10/20/2006,TVC,MI,AGL,CE,Towers with Radar,23,35,22,6,86,0,4,42,33,79,23,39,64,39,165,80,166,246,411
10/21/2006,TVC,MI,AGL,CE,Towers with Radar,26,12,19,0,57,0,4,58,2,64,26,16,77,2,121,102,0,102,223
10/22/2006,TVC,MI,AGL,CE,Towers with Radar,22,14,7,0,43,0,0,2,2,4,22,14,9,2,47,0,0,0,47
10/23/2006,TVC,MI,AGL,CE,Towers with Radar,25,33,20,4,82,0,1,16,25,42,25,34,36,29,124,78,42,120,244
10/24/2006,TVC,MI,AGL,CE,Towers with Radar,24,30,37,4,95,0,1,52,16,69,24,31,89,20,164,120,140,260,424
10/25/2006,TVC,MI,AGL,CE,Towers with Radar,23,30,51,0,104,0,5,110,16,131,23,35,161,16,235,210,62,272,507
10/26/2006,TVC,MI,AGL,CE,Towers with Radar,21,32,27,0,80,0,8,85,16,109,21,40,112,16,189,32,134,166,355
10/27/2006,TVC,MI,AGL,CE,Towers with Radar,21,31,33,9,94,0,9,64,8,81,21,40,97,17,175,54,88,142,317
10/28/2006,TVC,MI,AGL,CE,Towers with Radar,18,14,10,0,42,0,4,3,2,9,18,18,13,2,51,0,10,10,61
10/29/2006,TVC,MI,AGL,CE,Towers with Radar,17,10,15,4,46,0,6,10,4,20,17,16,25,8,66,0,16,16,82
10/30/2006,TVC,MI,AGL,CE,Towers with Radar,17,22,49,16,104,0,7,77,8,92,17,29,126,24,196,128,42,170,366
10/31/2006,TVC,MI,AGL,CE,Towers with Radar,14,26,13,11,64,0,5,26,0,31,14,31,39,11,95,88,62,150,245
11/01/2006,TVC,MI,AGL,CE,Towers with Radar,11,30,29,0,70,0,8,63,5,76,11,38,92,5,146,182,0,182,328
11/02/2006,TVC,MI,AGL,CE,Towers with Radar,13,34,12,3,62,0,0,22,4,26,13,34,34,7,88,74,0,74,162
11/03/2006,TVC,MI,AGL,CE,Towers with Radar,15,34,28,7,84,0,6,35,7,48,15,40,63,14,132,78,50,128,260
11/04/2006,TVC,MI,AGL,CE,Towers with Radar,15,18,16,8,57,0,2,30,8,40,15,20,46,16,97,54,30,84,181
11/05/2006,TVC,MI,AGL,CE,Towers with Radar,19,9,19,8,55,0,8,37,7,52,19,17,56,15,107,56,10,66,173
11/06/2006,TVC,MI,AGL,CE,Towers with Radar,0,0,0,0,0,12,35,90,19,156,12,35,90,19,156,88,92,180,336
11/07/2006,TVC,MI,AGL,CE,Towers with Radar,12,31,28,12,83,0,4,45,18,67,12,35,73,30,150,152,116,268,418
11/08/2006,TVC,MI,AGL,CE,Towers with Radar,14,41,23,2,80,0,3,34,10,47,14,44,57,12,127,52,4,56,183
11/09/2006,TVC,MI,AGL,CE,Towers with Radar,13,33,43,10,99,0,3,63,15,81,13,36,106,25,180,152,50,202,382
11/10/2006,TVC,MI,AGL,CE,Towers with Radar,12,32,24,0,68,0,2,27,2,31,12,34,51,2,99,44,0,44,143
11/11/2006,TVC,MI,AGL,CE,Towers with Radar,17,10,4,6,37,0,4,7,4,15,17,14,11,10,52,24,40,64,116
11/12/2006,TVC,MI,AGL,CE,Towers with Radar,4,2,7,0,13,9,13,44,20,86,13,15,51,20,99,42,6,48,147
11/13/2006,TVC,MI,AGL,CE,Towers with Radar,11,33,15,4,63,0,0,3,9,12,11,33,18,13,75,24,32,56,131
11/14/2006,TVC,MI,AGL,CE,Towers with Radar,12,37,19,14,82,0,0,9,9,18,12,37,28,23,100,22,30,52,152
11/15/2006,TVC,MI,AGL,CE,Towers with Radar,12,35,24,1,72,0,1,22,10,33,12,36,46,11,105,98,4,102,207
11/16/2006,TVC,MI,AGL,CE,Towers with Radar,15,30,5,10,60,0,7,7,11,25,15,37,12,21,85,36,0,36,121
11/17/2006,TVC,MI,AGL,CE,Towers with Radar,16,31,7,0,54,0,1,14,6,21,16,32,21,6,75,20,0,20,95
11/18/2006,TVC,MI,AGL,CE,Towers with Radar,16,21,5,0,42,0,1,6,5,12,16,22,11,5,54,18,0,18,72
11/19/2006,TVC,MI,AGL,CE,Towers with Radar,2,3,0,0,5,12,12,16,6,46,14,15,16,6,51,14,4,18,69
11/20/2006,TVC,MI,AGL,CE,Towers with Radar,14,23,52,12,101,0,2,70,10,82,14,25,122,22,183,112,78,190,373
11/21/2006,TVC,MI,AGL,CE,Towers with Radar,14,39,41,0,94,0,6,66,12,84,14,45,107,12,178,94,44,138,316
11/22/2006,TVC,MI,AGL,CE,Towers with Radar,16,49,34,0,99,0,6,106,9,121,16,55,140,9,220,154,0,154,374
11/23/2006,TVC,MI,AGL,CE,Towers with Radar,13,6,7,0,26,0,3,25,0,28,13,9,32,0,54,30,0,30,84
11/24/2006,TVC,MI,AGL,CE,Towers with Radar,13,25,45,2,85,0,8,55,2,65,13,33,100,4,150,68,0,68,218
11/25/2006,TVC,MI,AGL,CE,Towers with Radar,15,20,30,0,65,0,4,47,3,54,15,24,77,3,119,58,0,58,177
11/26/2006,TVC,MI,AGL,CE,Towers with Radar,12,16,30,0,58,0,0,29,1,30,12,16,59,1,88,36,0,36,124
11/27/2006,TVC,MI,AGL,CE,Towers with Radar,12,28,5,0,45,0,0,0,0,0,12,28,5,0,45,0,0,0,45
11/28/2006,TVC,MI,AGL,CE,Towers with Radar,15,34,34,2,85,0,3,19,10,32,15,37,53,12,117,92,24,116,233
11/29/2006,TVC,MI,AGL,CE,Towers with Radar,13,37,12,4,66,0,0,5,7,12,13,37,17,11,78,22,28,50,128
11/30/2006,TVC,MI,AGL,CE,Towers with Radar,12,42,5,9,68,0,1,5,12,18,12,43,10,21,86,8,34,42,128
12/01/2006,TVC,MI,AGL,CE,Towers with Radar,3,8,4,0,15,0,0,0,0,0,3,8,4,0,15,0,0,0,15
12/02/2006,TVC,MI,AGL,CE,Towers with Radar,15,15,25,6,61,0,8,23,3,34,15,23,48,9,95,58,0,58,153
12/03/2006,TVC,MI,AGL,CE,Towers with Radar,13,11,3,2,29,0,0,0,0,0,13,11,3,2,29,0,0,0,29
12/04/2006,TVC,MI,AGL,CE,Towers with Radar,13,31,5,3,52,0,0,0,0,0,13,31,5,3,52,0,0,0,52
12/05/2006,TVC,MI,AGL,CE,Towers with Radar,15,29,21,0,65,0,1,32,3,36,15,30,53,3,101,92,0,92,193
12/06/2006,TVC,MI,AGL,CE,Towers with Radar,5,12,4,0,21,8,25,25,2,60,13,37,29,2,81,70,0,70,151
12/07/2006,TVC,MI,AGL,CE,Towers with Radar,9,34,7,2,52,0,1,1,0,2,9,35,8,2,54,24,0,24,78
12/08/2006,TVC,MI,AGL,CE,Towers with Radar,15,38,41,0,94,0,3,70,9,82,15,41,111,9,176,100,0,100,276
12/09/2006,TVC,MI,AGL,CE,Towers with Radar,14,12,18,0,44,0,7,52,4,63,14,19,70,4,107,24,2,26,133
12/10/2006,TVC,MI,AGL,CE,Towers with Radar,14,11,20,0,45,0,0,41,6,47,14,11,61,6,92,90,6,96,188
12/11/2006,TVC,MI,AGL,CE,Towers with Radar,14,34,32,0,80,0,7,76,10,93,14,41,108,10,173,106,68,174,347
12/12/2006,TVC,MI,AGL,CE,Towers with Radar,14,33,37,5,89,0,0,7,10,17,14,33,44,15,106,2,2,4,110
12/13/2006,TVC,MI,AGL,CE,Towers with Radar,18,30,8,2,58,0,0,0,0,0,18,30,8,2,58,0,0,0,58
12/14/2006,TVC,MI,AGL,CE,Towers with Radar,13,35,20,0,68,0,7,49,8,64,13,42,69,8,132,66,0,66,198
12/15/2006,TVC,MI,AGL,CE,Towers with Radar,12,40,16,1,69,0,2,9,6,17,12,42,25,7,86,14,2,16,102
12/16/2006,TVC,MI,AGL,CE,Towers with Radar,15,27,20,0,62,0,9,35,2,46,15,36,55,2,108,16,0,16,124
12/17/2006,TVC,MI,AGL,CE,Towers with Radar,14,10,10,0,34,0,0,52,4,56,14,10,62,4,90,104,0,104,194
12/18/2006,TVC,MI,AGL,CE,Towers with Radar,14,30,26,0,70,0,2,48,4,54,14,32,74,4,124,94,36,130,254
12/19/2006,TVC,MI,AGL,CE,Towers with Radar,14,31,45,0,90,0,12,89,4,105,14,43,134,4,195,168,0,168,363
12/20/2006,TVC,MI,AGL,CE,Towers with Radar,16,30,55,0,101,0,16,79,2,97,16,46,134,2,198,158,0,158,356
12/21/2006,TVC,MI,AGL,CE,Towers with Radar,14,39,30,0,83,0,7,57,2,66,14,46,87,2,149,84,4,88,237
12/22/2006,TVC,MI,AGL,CE,Towers with Radar,5,38,7,3,53,0,0,0,0,0,5,38,7,3,53,0,10,10,63
12/23/2006,TVC,MI,AGL,CE,Towers with Radar,13,26,5,0,44,0,0,0,0,0,13,26,5,0,44,0,0,0,44
12/24/2006,TVC,MI,AGL,CE,Towers with Radar,14,8,6,0,28,0,3,25,3,31,14,11,31,3,59,20,16,36,95
12/25/2006,TVC,MI,AGL,CE,Towers with Radar,14,7,3,0,24,0,6,11,3,20,14,13,14,3,44,12,0,12,56
12/26/2006,TVC,MI,AGL,CE,Towers with Radar,11,27,6,2,46,0,2,4,16,22,11,29,10,18,68,0,44,44,112
12/27/2006,TVC,MI,AGL,CE,Towers with Radar,15,33,52,1,101,0,10,71,6,87,15,43,123,7,188,100,28,128,316
12/28/2006,TVC,MI,AGL,CE,Towers with Radar,15,35,4,2,56,0,0,2,4,6,15,35,6,6,62,0,34,34,96
12/29/2006,TVC,MI,AGL,CE,Towers with Radar,15,30,5,1,51,0,0,3,3,6,15,30,8,4,57,14,22,36,93
12/30/2006,TVC,MI,AGL,CE,Towers with Radar,15,22,9,0,46,0,4,1,0,5,15,26,10,0,51,22,14,36,87
12/31/2006,TVC,MI,AGL,CE,Towers with Radar,16,7,4,0,27,0,0,0,0,0,16,7,4,0,27,0,0,0,27
01/01/2007,TVC,MI,AGL,CE,Towers with Radar,12,8,12,0,32,0,8,1,2,11,12,16,13,2,43,0,0,0,43
01/02/2007,TVC,MI,AGL,CE,Towers with Radar,16,22,41,2,81,0,6,33,5,44,16,28,74,7,125,56,8,64,189
01/03/2007,TVC,MI,AGL,CE,Towers with Radar,14,19,21,0,54,0,5,32,1,38,14,24,53,1,92,16,0,16,108
01/04/2007,TVC,MI,AGL,CE,Towers with Radar,13,26,15,1,55,0,10,26,4,40,13,36,41,5,95,56,4,60,155
01/05/2007,TVC,MI,AGL,CE,Towers with Radar,13,30,24,2,69,0,8,20,14,42,13,38,44,16,111,88,18,106,217
01/06/2007,TVC,MI,AGL,CE,Towers with Radar,15,10,10,2,37,0,0,9,3,12,15,10,19,5,49,36,38,74,123
01/07/2007,TVC,MI,AGL,CE,Towers with Radar,15,9,13,6,43,0,0,30,2,32,15,9,43,8,75,22,28,50,125
01/08/2007,TVC,MI,AGL,CE,Towers with Radar,15,18,11,0,44,0,2,4,4,10,15,20,15,4,54,18,38,56,110
01/09/2007,TVC,MI,AGL,CE,Towers with Radar,11,28,9,0,48,0,0,1,0,1,11,28,10,0,49,0,0,0,49
01/10/2007,TVC,MI,AGL,CE,Towers with Radar,13,40,18,0,71,0,0,13,0,13,13,40,31,0,84,40,0,40,124
01/11/2007,TVC,MI,AGL,CE,Towers with Radar,14,29,6,20,69,0,8,18,13,39,14,37,24,33,108,12,64,76,184
01/12/2007,TVC,MI,AGL,CE,Towers with Radar,15,25,7,2,49,0,0,2,0,2,15,25,9,2,51,4,8,12,63
01/13/2007,TVC,MI,AGL,CE,Towers with Radar,15,10,32,0,57,0,2,27,1,30,15,12,59,1,87,24,0,24,111
01/14/2007,TVC,MI,AGL,CE,Towers with Radar,14,3,1,22,40,0,2,5,2,9,14,5,6,24,49,0,22,22,71
01/15/2007,TVC,MI,AGL,CE,Towers with Radar,13,10,10,0,33,0,0,0,0,0,13,10,10,0,33,0,0,0,33
01/16/2007,TVC,MI,AGL,CE,Towers with Radar,14,24,10,9,57,0,4,6,7,17,14,28,16,16,74,22,34,56,130
01/17/2007,TVC,MI,AGL,CE,Towers with Radar,14,28,58,1,101,0,11,66,7,84,14,39,124,8,185,72,8,80,265
01/18/2007,TVC,MI,AGL,CE,Towers with Radar,0,4,2,0,6,12,29,18,26,85,12,33,20,26,91,1,90,91,182
01/19/2007,TVC,MI,AGL,CE,Towers with Radar,2,7,2,0,11,13,24,14,12,63,15,31,16,12,74,10,28,38,112
01/20/2007,TVC,MI,AGL,CE,Towers with Radar,15,14,3,16,48,0,0,7,2,9,15,14,10,18,57,20,36,56,113
01/21/2007,TVC,MI,AGL,CE,Towers with Radar,12,11,4,10,37,0,5,10,2,17,12,16,14,12,54,58,6,64,118
01/22/2007,TVC,MI,AGL,CE,Towers with Radar,15,28,9,0,52,0,9,37,12,58,15,37,46,12,110,234,0,234,344
01/23/2007,TVC,MI,AGL,CE,Towers with Radar,14,33,7,0,54,0,5,4,7,16,14,38,11,7,70,70,0,70,140
01/24/2007,TVC,MI,AGL,CE,Towers with Radar,16,28,7,1,52,0,2,11,2,15,16,30,18,3,67,74,0,74,141
01/25/2007,TVC,MI,AGL,CE,Towers with Radar,14,26,19,2,61,0,1,7,1,9,14,27,26,3,70,0,0,0,70
01/26/2007,TVC,MI,AGL,CE,Towers with Radar,14,28,5,0,47,0,0,0,2,2,14,28,5,2,49,0,0,0,49
01/27/2007,TVC,MI,AGL,CE,Towers with Radar,16,20,3,1,40,0,0,0,0,0,16,20,3,1,40,0,0,0,40
01/28/2007,TVC,MI,AGL,CE,Towers with Radar,12,6,12,1,31,0,0,1,2,3,12,6,13,3,34,0,0,0,34
01/29/2007,TVC,MI,AGL,CE,Towers with Radar,14,18,30,2,64,0,10,42,9,61,14,28,72,11,125,78,40,118,243
01/30/2007,TVC,MI,AGL,CE,Towers with Radar,14,24,10,12,60,0,0,2,8,10,14,24,12,20,70,6,60,66,136
01/31/2007,TVC,MI,AGL,CE,Towers with Radar,18,22,30,16,86,0,9,41,11,61,18,31,71,27,147,96,8,104,251
02/01/2007,TVC,MI,AGL,CE,Towers with Radar,12,24,9,7,52,0,2,16,4,22,12,26,25,11,74,34,62,96,170
02/02/2007,TVC,MI,AGL,CE,Towers with Radar,14,33,14,0,61,0,0,0,11,11,14,33,14,11,72,0,20,20,92
02/03/2007,TVC,MI,AGL,CE,Towers with Radar,13,13,3,1,30,0,0,0,0,0,13,13,3,1,30,0,18,18,48
02/04/2007,TVC,MI,AGL,CE,Towers with Radar,15,4,9,0,28,0,0,0,0,0,15,4,9,0,28,0,0,0,28
02/05/2007,TVC,MI,AGL,CE,Towers with Radar,13,17,20,0,50,0,0,1,0,1,13,17,21,0,51,4,0,4,55
02/06/2007,TVC,MI,AGL,CE,Towers with Radar,12,27,16,0,55,0,2,39,7,48,12,29,55,7,103,140,74,214,317
02/07/2007,TVC,MI,AGL,CE,Towers with Radar,15,25,41,0,81,0,2,24,12,38,15,27,65,12,119,78,12,90,209
02/08/2007,TVC,MI,AGL,CE,Towers with Radar,13,23,24,4,64,0,5,25,10,40,13,28,49,14,104,48,50,98,202
02/09/2007,TVC,MI,AGL,CE,Towers with Radar,17,22,30,2,71,0,0,23,3,26,17,22,53,5,97,100,26,126,223
02/10/2007,TVC,MI,AGL,CE,Towers with Radar,17,15,11,2,45,0,3,12,7,22,17,18,23,9,67,58,8,66,133
02/11/2007,TVC,MI,AGL,CE,Towers with Radar,17,8,26,18,69,0,3,34,4,41,17,11,60,22,110,14,0,14,124
02/12/2007,TVC,MI,AGL,CE,Towers with Radar,12,16,36,2,66,0,11,52,13,76,12,27,88,15,142,88,28,116,258
02/13/2007,TVC,MI,AGL,CE,Towers with Radar,9,26,49,0,84,0,3,57,2,62,9,29,106,2,146,80,0,80,226
02/14/2007,TVC,MI,AGL,CE,Towers with Radar,13,28,28,1,70,0,3,96,4,103,13,31,124,5,173,40,0,40,213
02/15/2007,TVC,MI,AGL,CE,Towers with Radar,14,33,28,8,83,0,3,8,11,22,14,36,36,19,105,8,8,16,121
02/16/2007,TVC,MI,AGL,CE,Towers with Radar,14,37,33,0,84,0,3,63,10,76,14,40,96,10,160,40,0,40,200
02/17/2007,TVC,MI,AGL,CE,Towers with Radar,10,12,3,0,25,0,1,2,4,7,10,13,5,4,32,6,0,6,38
02/18/2007,TVC,MI,AGL,CE,Towers with Radar,15,10,11,0,36,0,0,5,11,16,15,10,16,11,52,0,2,2,54
02/19/2007,TVC,MI,AGL,CE,Towers with Radar,15,11,47,0,73,0,2,42,14,58,15,13,89,14,131,74,0,74,205
02/20/2007,TVC,MI,AGL,CE,Towers with Radar,15,24,42,12,93,0,2,81,9,92,15,26,123,21,185,208,44,252,437
02/21/2007,TVC,MI,AGL,CE,Towers with Radar,26,31,46,5,108,0,12,81,4,97,26,43,127,9,205,134,2,136,341
02/22/2007,TVC,MI,AGL,CE,Towers with Radar,11,34,11,0,56,0,0,3,7,10,11,34,14,7,66,6,56,62,128
02/23/2007,TVC,MI,AGL,CE,Towers with Radar,15,25,37,2,79,0,3,103,6,112,15,28,140,8,191,188,11,199,390
02/24/2007,TVC,MI,AGL,CE,Towers with Radar,0,0,0,0,0,14,14,51,11,90,14,14,51,11,90,56,22,78,168
02/25/2007,TVC,MI,AGL,CE,Towers with Radar,4,4,0,0,8,0,0,0,0,0,4,4,0,0,8,0,0,0,8
02/26/2007,TVC,MI,AGL,CE,Towers with Radar,9,17,10,0,36,0,2,0,0,2,9,19,10,0,38,0,0,0,38
02/27/2007,TVC,MI,AGL,CE,Towers with Radar,12,39,18,24,93,0,0,0,0,0,12,39,18,24,93,0,0,0,93
02/28/2007,TVC,MI,AGL,CE,Towers with Radar,0,0,0,0,0,14,43,28,18,103,14,43,28,18,103,42,52,94,197
03/01/2007,TVC,MI,AGL,CE,Towers with Radar,8,21,2,16,47,0,0,0,3,3,8,21,2,19,50,0,26,26,76
03/02/2007,TVC,MI,AGL,CE,Towers with Radar,2,7,3,0,12,5,22,22,7,56,7,29,25,7,68,6,20,26,94
03/03/2007,TVC,MI,AGL,CE,Towers with Radar,13,13,2,1,29,0,0,0,0,0,13,13,2,1,29,0,0,0,29
03/04/2007,TVC,MI,AGL,CE,Towers with Radar,14,6,31,0,51,0,0,33,6,39,14,6,64,6,90,14,12,26,116
03/05/2007,TVC,MI,AGL,CE,Towers with Radar,14,22,11,7,54,0,1,8,8,17,14,23,19,15,71,0,10,10,81
03/06/2007,TVC,MI,AGL,CE,Towers with Radar,16,36,37,3,92,0,2,50,3,55,16,38,87,6,147,80,0,80,227
03/07/2007,TVC,MI,AGL,CE,Towers with Radar,15,34,45,0,94,0,5,49,3,57,15,39,94,3,151,188,0,188,339
03/08/2007,TVC,MI,AGL,CE,Towers with Radar,0,0,0,0,0,13,33,136,48,230,13,33,136,48,230,114,18,132,362
03/09/2007,TVC,MI,AGL,CE,Towers with Radar,15,27,45,10,97,0,7,65,10,82,15,34,110,20,179,82,20,102,281
03/10/2007,TVC,MI,AGL,CE,Towers with Radar,15,8,17,8,48,0,0,48,4,52,15,8,65,12,100,80,28,108,208
03/11/2007,TVC,MI,AGL,CE,Towers with Radar,17,10,24,16,67,0,0,76,10,86,17,10,100,26,153,70,0,70,223
03/12/2007,TVC,MI,AGL,CE,Towers with Radar,15,15,28,4,62,0,12,55,7,74,15,27,83,11,136,132,8,140,276
03/13/2007,TVC,MI,AGL,CE,Towers with Radar,14,29,28,2,73,0,4,61,7,72,14,33,89,9,145,108,2,110,255
03/14/2007,TVC,MI,AGL,CE,Towers with Radar,13,27,15,8,63,0,4,48,11,63,13,31,63,19,126,114,34,148,274
03/15/2007,TVC,MI,AGL,CE,Towers with Radar,15,24,20,54,113,0,12,36,8,56,15,36,56,62,169,98,76,174,343
03/16/2007,TVC,MI,AGL,CE,Towers with Radar,13,34,32,25,104,0,12,76,16,104,13,46,108,41,208,146,44,190,398
03/17/2007,TVC,MI,AGL,CE,Towers with Radar,15,16,21,5,57,0,7,47,7,61,15,23,68,12,118,54,12,66,184
03/18/2007,TVC,MI,AGL,CE,Towers with Radar,15,7,15,4,41,0,9,46,3,58,15,16,61,7,99,26,12,38,137
03/19/2007,TVC,MI,AGL,CE,Towers with Radar,16,16,3,0,35,0,7,14,5,26,16,23,17,5,61,22,30,52,113
03/20/2007,TVC,MI,AGL,CE,Towers with Radar,15,19,34,3,71,0,9,85,15,109,15,28,119,18,180,90,54,144,324
03/21/2007,TVC,MI,AGL,CE,Towers with Radar,11,35,42,13,101,0,1,13,5,19,11,36,55,18,120,34,24,58,178
03/22/2007,TVC,MI,AGL,CE,Towers with Radar,16,37,22,0,75,0,13,47,4,64,16,50,69,4,139,70,12,82,221
03/23/2007,TVC,MI,AGL,CE,Towers with Radar,14,26,30,11,81,0,10,103,13,126,14,36,133,24,207,140,22,162,369
03/24/2007,TVC,MI,AGL,CE,Towers with Radar,13,10,23,0,46,0,2,18,2,22,13,12,41,2,68,40,2,42,110
03/25/2007,TVC,MI,AGL,CE,Towers with Radar,14,6,20,0,40,0,15,40,4,59,14,21,60,4,99,14,60,74,173
03/26/2007,TVC,MI,AGL,CE,Towers with Radar,15,17,30,2,64,0,8,60,13,81,15,25,90,15,145,78,38,116,261
03/27/2007,TVC,MI,AGL,CE,Towers with Radar,15,40,34,8,97,0,4,16,10,30,15,44,50,18,127,18,48,66,193
03/28/2007,TVC,MI,AGL,CE,Towers with Radar,15,28,30,14,87,0,3,79,14,96,15,31,109,28,183,112,38,150,333
03/29/2007,TVC,MI,AGL,CE,Towers with Radar,15,32,28,4,79,0,8,87,9,104,15,40,115,13,183,148,10,158,341
03/30/2007,TVC,MI,AGL,CE,Towers with Radar,15,31,45,1,92,0,5,74,11,90,15,36,119,12,182,136,24,160,342
03/31/2007,TVC,MI,AGL,CE,Towers with Radar,13,7,8,1,29,0,3,16,1,20,13,10,24,2,49,60,32,92,141
04/01/2007,TVC,MI,AGL,CE,Towers with Radar,13,5,8,10,36,0,0,11,2,13,13,5,19,12,49,6,6,12,61
04/02/2007,TVC,MI,AGL,CE,Towers with Radar,15,15,12,0,42,0,6,15,15,36,15,21,27,15,78,4,22,26,104
04/03/2007,TVC,MI,AGL,CE,Towers with Radar,13,25,9,0,47,0,0,11,7,18,13,25,20,7,65,54,60,114,179
04/04/2007,TVC,MI,AGL,CE,Towers with Radar,13,28,4,0,45,0,0,0,0,0,13,28,4,0,45,0,0,0,45
04/05/2007,TVC,MI,AGL,CE,Towers with Radar,10,26,4,0,40,0,0,0,0,0,10,26,4,0,40,0,0,0,40
04/06/2007,TVC,MI,AGL,CE,Towers with Radar,13,26,7,0,46,0,0,0,0,0,13,26,7,0,46,0,0,0,46
04/07/2007,TVC,MI,AGL,CE,Towers with Radar,15,11,3,0,29,0,0,0,0,0,15,11,3,0,29,0,0,0,29
04/08/2007,TVC,MI,AGL,CE,Towers with Radar,15,3,8,0,26,0,2,0,4,6,15,5,8,4,32,0,0,0,32
04/09/2007,TVC,MI,AGL,CE,Towers with Radar,16,18,21,10,65,0,8,57,9,74,16,26,78,19,139,96,18,114,253
04/10/2007,TVC,MI,AGL,CE,Towers with Radar,15,25,39,20,99,0,8,101,14,123,15,33,140,34,222,118,30,148,370
04/11/2007,TVC,MI,AGL,CE,Towers with Radar,14,21,33,2,70,0,4,24,8,36,14,25,57,10,106,50,136,186,292
04/12/2007,TVC,MI,AGL,CE,Towers with Radar,3,32,8,0,43,0,0,0,2,2,3,32,8,2,45,0,2,2,47
04/13/2007,TVC,MI,AGL,CE,Towers with Radar,16,23,40,8,87,0,9,61,5,75,16,32,101,13,162,78,28,106,268
04/14/2007,TVC,MI,AGL,CE,Towers with Radar,15,11,26,5,57,0,3,85,3,91,15,14,111,8,148,50,0,50,198
04/15/2007,TVC,MI,AGL,CE,Towers with Radar,15,9,16,8,48,0,2,29,3,34,15,11,45,11,82,10,2,12,94
04/16/2007,TVC,MI,AGL,CE,Towers with Radar,15,14,48,2,79,0,7,52,0,59,15,21,100,2,138,140,22,162,300
04/17/2007,TVC,MI,AGL,CE,Towers with Radar,16,22,49,6,93,0,8,71,21,100,16,30,120,27,193,198,60,258,451
04/18/2007,TVC,MI,AGL,CE,Towers with Radar,15,29,19,1,64,0,0,2,2,4,15,29,21,3,68,4,10,14,82
04/19/2007,TVC,MI,AGL,CE,Towers with Radar,15,25,32,0,72,0,9,68,14,91,15,34,100,14,163,206,4,210,373
04/20/2007,TVC,MI,AGL,CE,Towers with Radar,15,23,35,4,77,0,9,106,2,117,15,32,141,6,194,94,2,96,290
04/21/2007,TVC,MI,AGL,CE,Towers with Radar,15,5,23,2,45,0,5,103,2,110,15,10,126,4,155,4,58,62,217
04/22/2007,TVC,MI,AGL,CE,Towers with Radar,14,5,7,0,26,0,0,49,2,51,14,5,56,2,77,38,4,42,119
04/23/2007,TVC,MI,AGL,CE,Towers with Radar,15,17,16,10,58,0,5,5,8,18,15,22,21,18,76,4,16,20,96
04/24/2007,TVC,MI,AGL,CE,Towers with Radar,14,27,34,2,77,0,13,92,17,122,14,40,126,19,199,64,0,64,263
04/25/2007,TVC,MI,AGL,CE,Towers with Radar,10,33,14,1,58,0,7,67,5,79,10,40,81,6,137,156,2,158,295
04/26/2007,TVC,MI,AGL,CE,Towers with Radar,13,34,24,1,72,0,2,24,6,32,13,36,48,7,104,50,2,52,156
04/27/2007,TVC,MI,AGL,CE,Towers with Radar,16,27,46,4,93,0,2,6,2,10,16,29,52,6,103,12,2,14,117
04/28/2007,TVC,MI,AGL,CE,Towers with Radar,14,14,30,4,62,0,5,73,2,80,14,19,103,6,142,104,18,122,264
04/29/2007,TVC,MI,AGL,CE,Towers with Radar,16,6,24,0,46,0,2,44,5,51,16,8,68,5,97,92,0,92,189
04/30/2007,TVC,MI,AGL,CE,Towers with Radar,17,22,64,5,108,0,5,74,15,94,17,27,138,20,202,160,48,208,410
05/01/2007,TVC,MI,AGL,CE,Towers with Radar,13,30,24,4,71,0,2,2,3,7,13,32,26,7,78,6,12,18,96
05/02/2007,TVC,MI,AGL,CE,Towers with Radar,17,28,30,6,81,0,8,76,10,94,17,36,106,16,175,196,22,218,393
05/03/2007,TVC,MI,AGL,CE,Towers with Radar,18,33,36,0,87,0,9,99,22,130,18,42,135,22,217,198,2,200,417
05/04/2007,TVC,MI,AGL,CE,Towers with Radar,17,31,23,0,71,0,6,81,10,97,17,37,104,10,168,126,0,126,294
05/05/2007,TVC,MI,AGL,CE,Towers with Radar,16,12,25,0,53,0,6,46,3,55,16,18,71,3,108,76,0,76,184
05/06/2007,TVC,MI,AGL,CE,Towers with Radar,16,8,19,8,51,0,0,53,5,58,16,8,72,13,109,22,4,26,135
05/07/2007,TVC,MI,AGL,CE,Towers with Radar,17,26,23,2,68,0,3,50,4,57,17,29,73,6,125,58,0,58,183
05/08/2007,TVC,MI,AGL,CE,Towers with Radar,16,28,36,0,80,0,7,64,11,82,16,35,100,11,162,88,10,98,260
05/09/2007,TVC,MI,AGL,CE,Towers with Radar,19,26,12,4,61,0,5,30,8,43,19,31,42,12,104,46,18,64,168
05/10/2007,TVC,MI,AGL,CE,Towers with Radar,17,25,47,3,92,1,7,122,11,141,18,32,169,14,233,152,18,170,403
05/11/2007,TVC,MI,AGL,CE,Towers with Radar,16,27,41,0,84,0,6,82,2,90,16,33,123,2,174,124,0,124,298
05/12/2007,TVC,MI,AGL,CE,Towers with Radar,15,14,64,4,97,0,1,65,6,72,15,15,129,10,169,76,0,76,245
05/13/2007,TVC,MI,AGL,CE,Towers with Radar,17,6,30,0,53,0,3,68,3,74,17,9,98,3,127,68,0,68,195
05/14/2007,TVC,MI,AGL,CE,Towers with Radar,17,21,24,3,65,0,10,53,7,70,17,31,77,10,135,84,34,118,253
05/15/2007,TVC,MI,AGL,CE,Towers with Radar,17,29,25,2,73,0,0,17,8,25,17,29,42,10,98,46,8,54,152
05/16/2007,TVC,MI,AGL,CE,Towers with Radar,16,32,40,1,89,0,0,13,5,18,16,32,53,6,107,16,12,28,135
05/17/2007,TVC,MI,AGL,CE,Towers with Radar,17,32,85,1,135,0,8,102,10,120,17,40,187,11,255,112,8,120,375
05/18/2007,TVC,MI,AGL,CE,Towers with Radar,17,40,76,4,137,0,12,127,15,154,17,52,203,19,291,96,8,104,395
05/19/2007,TVC,MI,AGL,CE,Towers with Radar,17,14,44,0,75,0,13,122,0,135,17,27,166,0,210,34,0,34,244
05/20/2007,TVC,MI,AGL,CE,Towers with Radar,15,15,17,0,47,0,2,30,5,37,15,17,47,5,84,44,0,44,128
05/21/2007,TVC,MI,AGL,CE,Towers with Radar,18,23,68,0,109,0,10,72,13,95,18,33,140,13,204,92,0,92,296
05/22/2007,TVC,MI,AGL,CE,Towers with Radar,17,32,39,0,88,0,9,92,2,103,17,41,131,2,191,124,0,124,315
05/23/2007,TVC,MI,AGL,CE,Towers with Radar,15,36,55,6,112,0,11,74,13,98,15,47,129,19,210,80,60,140,350
05/24/2007,TVC,MI,AGL,CE,Towers with Radar,13,46,49,3,111,0,8,37,10,55,13,54,86,13,166,36,8,44,210
05/25/2007,TVC,MI,AGL,CE,Towers with Radar,17,35,50,5,107,0,10,108,7,125,17,45,158,12,232,86,18,104,336
05/26/2007,TVC,MI,AGL,CE,Towers with Radar,13,12,42,0,67,0,2,42,5,49,13,14,84,5,116,36,0,36,152
05/27/2007,TVC,MI,AGL,CE,Towers with Radar,15,18,10,0,43,0,7,25,5,37,15,25,35,5,80,12,0,12,92
05/28/2007,TVC,MI,AGL,CE,Towers with Radar,17,15,46,4,82,0,4,77,7,88,17,19,123,11,170,46,10,56,226
05/29/2007,TVC,MI,AGL,CE,Towers with Radar,16,36,66,0,118,0,7,94,5,106,16,43,160,5,224,114,24,138,362
05/30/2007,TVC,MI,AGL,CE,Towers with Radar,16,30,48,2,96,0,9,64,14,87,16,39,112,16,183,96,22,118,301
05/31/2007,TVC,MI,AGL,CE,Towers with Radar,15,29,32,0,76,0,1,64,7,72,15,30,96,7,148,80,0,80,228
06/01/2007,TVC,MI,AGL,CE,Towers with Radar,18,36,25,1,80,0,3,41,9,53,18,39,66,10,133,112,10,122,255
06/02/2007,TVC,MI,AGL,CE,Towers with Radar,18,8,30,0,56,0,0,38,2,40,18,8,68,2,96,10,0,10,106
06/03/2007,TVC,MI,AGL,CE,Towers with Radar,19,8,21,0,48,0,0,10,0,10,19,8,31,0,58,22,0,22,80
06/04/2007,TVC,MI,AGL,CE,Towers with Radar,16,29,34,0,79,0,1,1,0,2,16,30,35,0,81,0,0,0,81
06/05/2007,TVC,MI,AGL,CE,Towers with Radar,20,24,79,0,123,0,4,89,10,103,20,28,168,10,226,162,0,162,388
06/06/2007,TVC,MI,AGL,CE,Towers with Radar,20,32,62,0,114,0,9,118,13,140,20,41,180,13,254,132,2,134,388
06/07/2007,TVC,MI,AGL,CE,Towers with Radar,20,38,11,0,69,0,6,37,0,43,20,44,48,0,112,2,0,2,114
06/08/2007,TVC,MI,AGL,CE,Towers with Radar,29,25,41,0,95,0,3,38,6,47,29,28,79,6,142,70,2,72,214
06/09/2007,TVC,MI,AGL,CE,Towers with Radar,30,16,18,0,64,0,6,90,6,102,30,22,108,6,166,50,0,50,216
06/10/2007,TVC,MI,AGL,CE,Towers with Radar,28,5,39,0,72,0,9,77,1,87,28,14,116,1,159,54,0,54,213
06/11/2007,TVC,MI,AGL,CE,Towers with Radar,27,21,63,0,111,0,5,100,10,115,27,26,163,10,226,92,6,98,324
06/12/2007,TVC,MI,AGL,CE,Towers with Radar,25,30,47,4,106,0,11,80,15,106,25,41,127,19,212,140,20,160,372
06/13/2007,TVC,MI,AGL,CE,Towers with Radar,26,28,75,0,129,0,6,90,8,104,26,34,165,8,233,68,2,70,303
06/14/2007,TVC,MI,AGL,CE,Towers with Radar,26,37,38,4,105,0,4,62,11,77,26,41,100,15,182,38,10,48,230
06/15/2007,TVC,MI,AGL,CE,Towers with Radar,23,38,69,8,138,0,3,85,10,98,23,41,154,18,236,60,0,60,296
06/16/2007,TVC,MI,AGL,CE,Towers with Radar,41,15,26,8,90,0,2,78,6,86,41,17,104,14,176,46,6,52,228
06/17/2007,TVC,MI,AGL,CE,Towers with Radar,35,8,48,0,91,0,3,65,11,79,35,11,113,11,170,42,0,42,212
06/18/2007,TVC,MI,AGL,CE,Towers with Radar,22,27,40,1,90,0,7,75,10,92,22,34,115,11,182,50,0,50,232
06/19/2007,TVC,MI,AGL,CE,Towers with Radar,26,24,35,2,87,0,3,45,6,54,26,27,80,8,141,82,0,82,223
06/20/2007,TVC,MI,AGL,CE,Towers with Radar,25,40,71,0,136,0,1,120,7,128,25,41,191,7,264,96,6,102,366
06/21/2007,TVC,MI,AGL,CE,Towers with Radar,26,37,59,2,124,0,22,76,9,107,26,59,135,11,231,68,0,68,299
06/22/2007,TVC,MI,AGL,CE,Towers with Radar,26,43,52,4,125,0,7,135,11,153,26,50,187,15,278,132,28,160,438
06/23/2007,TVC,MI,AGL,CE,Towers with Radar,42,30,20,0,92,0,5,85,3,93,42,35,105,3,185,66,0,66,251
06/24/2007,TVC,MI,AGL,CE,Towers with Radar,36,18,44,0,98,0,4,63,6,73,36,22,107,6,171,24,12,36,207
06/25/2007,TVC,MI,AGL,CE,Towers with Radar,24,26,58,4,112,0,9,81,11,101,24,35,139,15,213,124,10,134,347
06/26/2007,TVC,MI,AGL,CE,Towers with Radar,19,34,54,0,107,0,8,59,5,72,19,42,113,5,179,120,0,120,299
06/27/2007,TVC,MI,AGL,CE,Towers with Radar,24,34,48,4,110,0,6,44,8,58,24,40,92,12,168,158,0,158,326
06/28/2007,TVC,MI,AGL,CE,Towers with Radar,26,36,60,2,124,0,5,71,8,84,26,41,131,10,208,112,0,112,320
06/29/2007,TVC,MI,AGL,CE,Towers with Radar,27,63,65,3,158,0,3,129,8,140,27,66,194,11,298,126,0,126,424
06/30/2007,TVC,MI,AGL,CE,Towers with Radar,43,22,32,2,99,0,11,136,7,154,43,33,168,9,253,130,0,130,383
07/01/2007,TVC,MI,AGL,CE,Towers with Radar,41,18,21,0,80,0,10,84,0,94,41,28,105,0,174,54,0,54,228
07/02/2007,TVC,MI,AGL,CE,Towers with Radar,26,21,47,2,96,0,7,100,8,115,26,28,147,10,211,126,0,126,337
07/03/2007,TVC,MI,AGL,CE,Towers with Radar,24,37,72,2,135,0,14,97,3,114,24,51,169,5,249,136,0,136,385
07/04/2007,TVC,MI,AGL,CE,Towers with Radar,22,12,24,2,60,0,3,21,6,30,22,15,45,8,90,26,6,32,122
07/05/2007,TVC,MI,AGL,CE,Towers with Radar,23,35,66,2,126,0,7,84,11,102,23,42,150,13,228,140,28,168,396
07/06/2007,TVC,MI,AGL,CE,Towers with Radar,23,33,33,10,99,0,2,149,16,167,23,35,182,26,266,68,20,88,354
07/07/2007,TVC,MI,AGL,CE,Towers with Radar,41,27,15,2,85,0,10,138,26,174,41,37,153,28,259,242,2,244,503
07/08/2007,TVC,MI,AGL,CE,Towers with Radar,39,34,22,0,95,0,1,89,23,113,39,35,111,23,208,16,24,40,248
07/09/2007,TVC,MI,AGL,CE,Towers with Radar,23,21,46,6,96,0,11,48,8,67,23,32,94,14,163,56,2,58,221
07/10/2007,TVC,MI,AGL,CE,Towers with Radar,25,36,37,0,98,0,7,55,10,72,25,43,92,10,170,90,2,92,262
07/11/2007,TVC,MI,AGL,CE,Towers with Radar,28,41,61,7,137,0,17,77,11,105,28,58,138,18,242,174,20,194,436
07/12/2007,TVC,MI,AGL,CE,Towers with Radar,29,44,59,7,139,0,6,76,13,95,29,50,135,20,234,114,46,160,394
07/13/2007,TVC,MI,AGL,CE,Towers with Radar,30,44,74,8,156,0,10,102,5,117,30,54,176,13,273,198,4,202,475
07/14/2007,TVC,MI,AGL,CE,Towers with Radar,41,24,22,1,88,0,5,24,8,37,41,29,46,9,125,24,2,26,151
07/15/2007,TVC,MI,AGL,CE,Towers with Radar,37,31,47,0,115,0,6,74,3,83,37,37,121,3,198,26,44,70,268
07/16/2007,TVC,MI,AGL,CE,Towers with Radar,30,32,79,0,141,0,7,126,4,137,30,39,205,4,278,184,0,184,462
07/17/2007,TVC,MI,AGL,CE,Towers with Radar,27,33,75,10,145,0,4,103,12,119,27,37,178,22,264,98,12,110,374
07/18/2007,TVC,MI,AGL,CE,Towers with Radar,26,37,69,5,137,0,6,100,5,111,26,43,169,10,248,94,0,94,342
07/19/2007,TVC,MI,AGL,CE,Towers with Radar,23,46,62,0,131,8,3,38,10,59,31,49,100,10,190,46,0,46,236
07/20/2007,TVC,MI,AGL,CE,Towers with Radar,32,63,76,7,178,0,9,116,11,136,32,72,192,18,314,100,26,126,440
07/21/2007,TVC,MI,AGL,CE,Towers with Radar,44,41,38,9,132,0,6,96,6,108,44,47,134,15,240,50,0,50,290
07/22/2007,TVC,MI,AGL,CE,Towers with Radar,38,37,56,9,140,0,12,116,6,134,38,49,172,15,274,38,10,48,322
07/23/2007,TVC,MI,AGL,CE,Towers with Radar,33,48,97,4,182,0,13,129,11,153,33,61,226,15,335,120,4,124,459
07/24/2007,TVC,MI,AGL,CE,Towers with Radar,30,26,93,0,149,0,6,96,7,109,30,32,189,7,258,94,6,100,358
07/25/2007,TVC,MI,AGL,CE,Towers with Radar,30,46,55,2,133,0,9,116,10,135,30,55,171,12,268,122,0,122,390
07/26/2007,TVC,MI,AGL,CE,Towers with Radar,30,51,66,2,149,0,5,100,1,106,30,56,166,3,255,200,0,200,455
07/27/2007,TVC,MI,AGL,CE,Towers with Radar,33,61,47,3,144,0,1,30,7,38,33,62,77,10,182,56,20,76,258
07/28/2007,TVC,MI,AGL,CE,Towers with Radar,40,33,42,0,115,0,8,80,7,95,40,41,122,7,210,30,38,68,278
07/29/2007,TVC,MI,AGL,CE,Towers with Radar,38,41,35,13,127,0,12,87,3,102,38,53,122,16,229,54,12,66,295
07/30/2007,TVC,MI,AGL,CE,Towers with Radar,29,38,49,24,140,0,21,104,12,137,29,59,153,36,277,230,48,278,555
07/31/2007,TVC,MI,AGL,CE,Towers with Radar,32,41,42,4,119,0,9,105,15,129,32,50,147,19,248,130,6,136,384
08/01/2007,TVC,MI,AGL,CE,Towers with Radar,29,53,67,2,151,0,10,113,10,133,29,63,180,12,284,220,10,230,514
08/02/2007,TVC,MI,AGL,CE,Towers with Radar,30,54,58,2,144,0,6,67,6,79,30,60,125,8,223,102,0,102,325
08/03/2007,TVC,MI,AGL,CE,Towers with Radar,28,58,68,3,157,0,9,101,11,121,28,67,169,14,278,56,28,84,362
08/04/2007,TVC,MI,AGL,CE,Towers with Radar,40,28,35,0,103,0,15,105,11,131,40,43,140,11,234,28,0,28,262
08/05/2007,TVC,MI,AGL,CE,Towers with Radar,37,38,34,13,122,0,8,71,2,81,37,46,105,15,203,62,6,68,271
08/06/2007,TVC,MI,AGL,CE,Towers with Radar,29,47,47,6,129,0,4,78,0,82,29,51,125,6,211,212,2,214,425
08/07/2007,TVC,MI,AGL,CE,Towers with Radar,28,44,45,5,122,0,4,75,6,85,28,48,120,11,207,142,4,146,353
08/08/2007,TVC,MI,AGL,CE,Towers with Radar,27,55,53,0,135,0,9,81,11,101,27,64,134,11,236,194,2,196,432
08/09/2007,TVC,MI,AGL,CE,Towers with Radar,28,57,60,14,159,0,5,73,27,105,28,62,133,41,264,164,18,182,446
08/10/2007,TVC,MI,AGL,CE,Towers with Radar,27,46,58,0,131,0,8,76,3,87,27,54,134,3,218,66,0,66,284
08/11/2007,TVC,MI,AGL,CE,Towers with Radar,43,23,28,2,96,0,4,95,6,105,43,27,123,8,201,60,32,92,293
08/12/2007,TVC,MI,AGL,CE,Towers with Radar,37,25,43,2,107,0,5,50,3,58,37,30,93,5,165,18,18,36,201
08/13/2007,TVC,MI,AGL,CE,Towers with Radar,24,36,82,0,142,0,13,119,8,140,24,49,201,8,282,202,0,202,484
08/14/2007,TVC,MI,AGL,CE,Towers with Radar,25,31,52,0,108,0,7,40,10,57,25,38,92,10,165,104,26,130,295
08/15/2007,TVC,MI,AGL,CE,Towers with Radar,25,47,80,7,159,0,9,102,8,119,25,56,182,15,278,128,10,138,416
08/16/2007,TVC,MI,AGL,CE,Towers with Radar,29,33,51,0,113,0,5,97,7,109,29,38,148,7,222,164,0,164,386
08/17/2007,TVC,MI,AGL,CE,Towers with Radar,25,36,37,2,100,0,6,69,11,86,25,42,106,13,186,76,0,76,262
08/18/2007,TVC,MI,AGL,CE,Towers with Radar,41,17,38,2,98,0,9,89,2,100,41,26,127,4,198,88,0,88,286
08/19/2007,TVC,MI,AGL,CE,Towers with Radar,31,22,49,0,102,0,6,27,2,35,31,28,76,2,137,76,0,76,213
08/20/2007,TVC,MI,AGL,CE,Towers with Radar,23,30,31,15,99,0,11,30,4,45,23,41,61,19,144,70,26,96,240
08/21/2007,TVC,MI,AGL,CE,Towers with Radar,25,25,40,4,94,0,6,41,9,56,25,31,81,13,150,70,26,96,246
08/22/2007,TVC,MI,AGL,CE,Towers with Radar,28,35,62,7,132,0,6,60,13,79,28,41,122,20,211,112,28,140,351
08/23/2007,TVC,MI,AGL,CE,Towers with Radar,27,40,57,6,130,0,6,38,4,48,27,46,95,10,178,162,22,184,362
08/24/2007,TVC,MI,AGL,CE,Towers with Radar,26,38,39,1,104,0,2,17,8,27,26,40,56,9,131,30,0,30,161
08/25/2007,TVC,MI,AGL,CE,Towers with Radar,36,15,35,0,86,0,6,66,9,81,36,21,101,9,167,80,0,80,247
08/26/2007,TVC,MI,AGL,CE,Towers with Radar,31,26,36,0,93,0,7,97,1,105,31,33,133,1,198,46,0,46,244
08/27/2007,TVC,MI,AGL,CE,Towers with Radar,24,33,33,2,92,0,2,74,6,82,24,35,107,8,174,134,0,134,308
08/28/2007,TVC,MI,AGL,CE,Towers with Radar,23,37,78,4,142,0,5,84,5,94,23,42,162,9,236,152,4,156,392
08/29/2007,TVC,MI,AGL,CE,Towers with Radar,27,40,41,0,108,0,7,18,7,32,27,47,59,7,140,36,20,56,196
08/30/2007,TVC,MI,AGL,CE,Towers with Radar,26,39,49,5,119,0,4,101,6,111,26,43,150,11,230,202,12,214,444
08/31/2007,TVC,MI,AGL,CE,Towers with Radar,23,50,48,0,121,0,5,128,0,133,23,55,176,0,254,136,0,136,390
09/01/2007,TVC,MI,AGL,CE,Towers with Radar,32,21,63,0,116,0,8,111,7,126,32,29,174,7,242,70,2,72,314
09/02/2007,TVC,MI,AGL,CE,Towers with Radar,30,10,20,0,60,0,7,47,11,65,30,17,67,11,125,34,0,34,159
09/03/2007,TVC,MI,AGL,CE,Towers with Radar,27,29,54,2,112,0,1,98,5,104,27,30,152,7,216,84,2,86,302
09/04/2007,TVC,MI,AGL,CE,Towers with Radar,26,30,53,20,129,0,2,59,8,69,26,32,112,28,198,158,28,186,384
09/05/2007,TVC,MI,AGL,CE,Towers with Radar,18,40,46,0,104,0,3,104,10,117,18,43,150,10,221,138,20,158,379
09/06/2007,TVC,MI,AGL,CE,Towers with Radar,22,35,41,0,98,0,1,63,5,69,22,36,104,5,167,86,8,94,261
09/07/2007,TVC,MI,AGL,CE,Towers with Radar,17,46,18,2,83,0,0,1,5,6,17,46,19,7,89,0,0,0,89
09/08/2007,TVC,MI,AGL,CE,Towers with Radar,16,11,46,2,75,0,4,209,5,218,16,15,255,7,293,48,0,48,341
09/09/2007,TVC,MI,AGL,CE,Towers with Radar,18,17,54,2,91,0,7,42,3,52,18,24,96,5,143,94,0,94,237
09/10/2007,TVC,MI,AGL,CE,Towers with Radar,18,26,70,0,114,0,3,72,2,77,18,29,142,2,191,156,0,156,347
09/11/2007,TVC,MI,AGL,CE,Towers with Radar,26,29,30,2,87,0,1,40,5,46,26,30,70,7,133,80,0,80,213
09/12/2007,TVC,MI,AGL,CE,Towers with Radar,18,40,61,1,120,0,3,42,15,60,18,43,103,16,180,168,60,228,408
09/13/2007,TVC,MI,AGL,CE,Towers with Radar,19,38,44,1,102,0,5,79,6,90,19,43,123,7,192,152,4,156,348
09/14/2007,TVC,MI,AGL,CE,Towers with Radar,18,29,37,11,95,0,5,52,9,66,18,34,89,20,161,86,92,178,339
09/15/2007,TVC,MI,AGL,CE,Towers with Radar,16,12,18,9,55,0,4,32,7,43,16,16,50,16,98,48,48,96,194
09/16/2007,TVC,MI,AGL,CE,Towers with Radar,17,12,23,10,62,0,10,84,9,103,17,22,107,19,165,74,28,102,267
09/17/2007,TVC,MI,AGL,CE,Towers with Radar,21,25,66,17,129,0,7,88,13,108,21,32,154,30,237,200,70,270,507
09/18/2007,TVC,MI,AGL,CE,Towers with Radar,20,31,15,3,69,0,6,49,124,179,20,37,64,127,248,86,2,88,336
09/19/2007,TVC,MI,AGL,CE,Towers with Radar,21,30,38,0,89,0,4,60,6,70,21,34,98,6,159,128,0,128,287
09/20/2007,TVC,MI,AGL,CE,Towers with Radar,19,36,29,0,84,0,16,112,9,137,19,52,141,9,221,266,0,266,487
09/21/2007,TVC,MI,AGL,CE,Towers with Radar,17,24,37,7,85,0,2,63,7,72,17,26,100,14,157,150,46,196,353
09/22/2007,TVC,MI,AGL,CE,Towers with Radar,18,14,37,9,78,0,5,53,3,61,18,19,90,12,139,88,8,96,235
09/23/2007,TVC,MI,AGL,CE,Towers with Radar,20,11,30,2,63,0,2,88,3,93,20,13,118,5,156,60,10,70,226
09/24/2007,TVC,MI,AGL,CE,Towers with Radar,19,14,28,11,72,0,10,74,7,91,19,24,102,18,163,206,26,232,395
09/25/2007,TVC,MI,AGL,CE,Towers with Radar,19,23,25,2,69,0,3,38,13,54,19,26,63,15,123,162,2,164,287
09/26/2007,TVC,MI,AGL,CE,Towers with Radar,24,25,47,6,102,0,1,91,13,105,24,26,138,19,207,270,78,348,555
09/27/2007,TVC,MI,AGL,CE,Towers with Radar,19,31,32,9,91,0,4,80,9,93,19,35,112,18,184,236,54,290,474
09/28/2007,TVC,MI,AGL,CE,Towers with Radar,19,37,75,8,139,0,6,84,11,101,19,43,159,19,240,242,34,276,516
09/29/2007,TVC,MI,AGL,CE,Towers with Radar,16,12,45,6,79,0,6,83,7,96,16,18,128,13,175,180,24,204,379
09/30/2007,TVC,MI,AGL,CE,Towers with Radar,17,19,45,0,81,0,4,49,3,56,17,23,94,3,137,54,0,54,191
10/01/2007,TVC,MI,AGL,CE,Towers with Radar,21,18,4,1,44,0,0,20,10,30,21,18,24,11,74,128,130,258,332
10/02/2007,TVC,MI,AGL,CE,Towers with Radar,20,30,35,2,87,0,3,27,13,43,20,33,62,15,130,110,34,144,274
10/03/2007,TVC,MI,AGL,CE,Towers with Radar,19,22,38,4,83,0,1,98,16,115,19,23,136,20,198,144,50,194,392
10/04/2007,TVC,MI,AGL,CE,Towers with Radar,19,42,40,1,102,0,10,119,12,141,19,52,159,13,243,318,76,394,637
10/05/2007,TVC,MI,AGL,CE,Towers with Radar,0,0,0,0,0,20,50,147,19,236,20,50,147,19,236,288,98,386,622
10/06/2007,TVC,MI,AGL,CE,Towers with Radar,17,12,32,0,61,0,10,75,5,90,17,22,107,5,151,112,0,112,263
10/07/2007,TVC,MI,AGL,CE,Towers with Radar,18,23,50,0,91,0,2,53,7,62,18,25,103,7,153,124,12,136,289
10/08/2007,TVC,MI,AGL,CE,Towers with Radar,18,22,39,4,83,0,8,84,11,103,18,30,123,15,186,236,24,260,446
10/09/2007,TVC,MI,AGL,CE,Towers with Radar,19,25,35,0,79,0,11,60,10,81,19,36,95,10,160,156,114,270,430
10/10/2007,TVC,MI,AGL,CE,Towers with Radar,20,32,35,0,87,0,6,11,13,30,20,38,46,13,117,88,84,172,289
10/11/2007,TVC,MI,AGL,CE,Towers with Radar,19,32,35,1,87,0,4,10,10,24,19,36,45,11,111,48,50,98,209
10/12/2007,TVC,MI,AGL,CE,Towers with Radar,20,32,63,4,119,0,3,43,10,56,20,35,106,14,175,238,0,238,413
10/13/2007,TVC,MI,AGL,CE,Towers with Radar,17,14,40,0,71,0,10,77,5,92,17,24,117,5,163,102,0,102,265
10/14/2007,TVC,MI,AGL,CE,Towers with Radar,18,7,57,0,82,0,3,59,10,72,18,10,116,10,154,116,0,116,270
10/15/2007,TVC,MI,AGL,CE,Towers with Radar,20,24,38,1,83,0,0,16,0,16,20,24,54,1,99,26,0,26,125
10/16/2007,TVC,MI,AGL,CE,Towers with Radar,18,30,20,1,69,0,0,8,6,14,18,30,28,7,83,20,36,56,139
10/17/2007,TVC,MI,AGL,CE,Towers with Radar,19,33,47,2,101,0,8,113,0,121,19,41,160,2,222,178,0,178,400
10/18/2007,TVC,MI,AGL,CE,Towers with Radar,14,26,13,0,53,0,0,9,0,9,14,26,22,0,62,8,0,8,70
10/19/2007,TVC,MI,AGL,CE,Towers with Radar,17,40,14,3,74,0,0,0,8,8,17,40,14,11,82,0,2,2,84
10/20/2007,TVC,MI,AGL,CE,Towers with Radar,16,15,30,0,61,0,1,35,3,39,16,16,65,3,100,26,20,46,146
10/21/2007,TVC,MI,AGL,CE,Towers with Radar,16,14,16,2,48,0,1,62,3,66,16,15,78,5,114,44,0,44,158
10/22/2007,TVC,MI,AGL,CE,Towers with Radar,20,20,44,4,88,0,4,52,5,61,20,24,96,9,149,286,6,292,441
10/23/2007,TVC,MI,AGL,CE,Towers with Radar,19,27,34,4,84,0,10,98,6,114,19,37,132,10,198,304,0,304,502
10/24/2007,TVC,MI,AGL,CE,Towers with Radar,18,34,33,0,85,0,2,34,3,39,18,36,67,3,124,48,0,48,172
10/25/2007,TVC,MI,AGL,CE,Towers with Radar,19,41,66,0,126,0,2,129,12,143,19,43,195,12,269,212,0,212,481
10/26/2007,TVC,MI,AGL,CE,Towers with Radar,19,41,32,3,95,0,0,63,0,63,19,41,95,3,158,134,0,134,292
10/27/2007,TVC,MI,AGL,CE,Towers with Radar,16,11,7,2,36,0,0,2,6,8,16,11,9,8,44,0,0,0,44
10/28/2007,TVC,MI,AGL,CE,Towers with Radar,17,8,25,0,50,0,7,40,2,49,17,15,65,2,99,54,0,54,153
10/29/2007,TVC,MI,AGL,CE,Towers with Radar,17,17,40,23,97,0,12,84,16,112,17,29,124,39,209,160,60,220,429
10/30/2007,TVC,MI,AGL,CE,Towers with Radar,17,41,21,14,93,0,4,87,13,104,17,45,108,27,197,152,16,168,365
10/31/2007,TVC,MI,AGL,CE,Towers with Radar,17,31,28,0,76,0,0,26,0,26,17,31,54,0,102,46,0,46,148
11/01/2007,TVC,MI,AGL,CE,Towers with Radar,18,32,37,0,87,0,4,62,8,74,18,36,99,8,161,172,28,200,361
11/02/2007,TVC,MI,AGL,CE,Towers with Radar,16,23,46,6,91,0,3,65,8,76,16,26,111,14,167,50,24,74,241
11/03/2007,TVC,MI,AGL,CE,Towers with Radar,17,14,33,0,64,0,7,65,5,77,17,21,98,5,141,76,32,108,249
11/04/2007,TVC,MI,AGL,CE,Towers with Radar,13,11,24,2,50,0,7,59,3,69,13,18,83,5,119,100,24,124,243
11/05/2007,TVC,MI,AGL,CE,Towers with Radar,1,0,0,0,1,12,29,28,1,70,13,29,28,1,71,92,0,92,163
11/06/2007,TVC,MI,AGL,CE,Towers with Radar,15,28,3,4,50,0,5,2,6,13,15,33,5,10,63,20,40,60,123
11/07/2007,TVC,MI,AGL,CE,Towers with Radar,13,31,45,4,93,0,0,53,18,71,13,31,98,22,164,144,72,216,380
11/08/2007,TVC,MI,AGL,CE,Towers with Radar,13,27,14,1,55,0,0,2,3,5,13,27,16,4,60,32,0,32,92
11/09/2007,TVC,MI,AGL,CE,Towers with Radar,15,35,32,14,96,0,5,44,8,57,15,40,76,22,153,124,36,160,313
11/10/2007,TVC,MI,AGL,CE,Towers with Radar,16,19,17,0,52,0,1,68,3,72,16,20,85,3,124,66,14,80,204
11/11/2007,TVC,MI,AGL,CE,Towers with Radar,13,11,20,1,45,0,4,13,0,17,13,15,33,1,62,32,2,34,96
11/12/2007,TVC,MI,AGL,CE,Towers with Radar,15,21,40,2,78,0,2,25,2,29,15,23,65,4,107,84,5,89,196
11/13/2007,TVC,MI,AGL,CE,Towers with Radar,14,35,53,8,110,0,4,90,10,104,14,39,143,18,214,146,0,146,360
11/14/2007,TVC,MI,AGL,CE,Towers with Radar,13,28,39,4,84,0,6,38,20,64,13,34,77,24,148,34,26,60,208
11/15/2007,TVC,MI,AGL,CE,Towers with Radar,13,38,15,0,66,0,0,7,0,7,13,38,22,0,73,28,0,28,101
11/16/2007,TVC,MI,AGL,CE,Towers with Radar,12,33,36,0,81,0,3,61,9,73,12,36,97,9,154,162,0,162,316
11/17/2007,TVC,MI,AGL,CE,Towers with Radar,1,0,0,0,1,14,22,37,16,89,15,22,37,16,90,34,10,44,134
11/18/2007,TVC,MI,AGL,CE,Towers with Radar,14,15,30,0,59,0,3,56,3,62,14,18,86,3,121,36,4,40,161
11/19/2007,TVC,MI,AGL,CE,Towers with Radar,12,29,26,3,70,0,0,12,12,24,12,29,38,15,94,58,38,96,190
11/20/2007,TVC,MI,AGL,CE,Towers with Radar,12,31,49,6,98,0,5,29,6,40,12,36,78,12,138,70,32,102,240
11/21/2007,TVC,MI,AGL,CE,Towers with Radar,14,28,10,0,52,0,0,8,3,11,14,28,18,3,63,34,28,62,125
11/22/2007,TVC,MI,AGL,CE,Towers with Radar,13,9,8,0,30,0,0,2,0,2,13,9,10,0,32,18,0,18,50
11/23/2007,TVC,MI,AGL,CE,Towers with Radar,13,28,12,4,57,0,5,9,4,18,13,33,21,8,75,20,44,64,139
11/24/2007,TVC,MI,AGL,CE,Towers with Radar,16,21,3,4,44,0,2,1,5,8,16,23,4,9,52,0,18,18,70
11/25/2007,TVC,MI,AGL,CE,Towers with Radar,13,29,10,4,56,0,2,20,0,22,13,31,30,4,78,0,11,11,89
11/26/2007,TVC,MI,AGL,CE,Towers with Radar,12,25,21,2,60,0,5,24,7,36,12,30,45,9,96,52,46,98,194
11/27/2007,TVC,MI,AGL,CE,Towers with Radar,14,35,11,10,70,0,1,0,6,7,14,36,11,16,77,0,22,22,99
11/28/2007,TVC,MI,AGL,CE,Towers with Radar,16,32,11,0,59,0,0,32,9,41,16,32,43,9,100,36,16,52,152
11/29/2007,TVC,MI,AGL,CE,Towers with Radar,13,34,4,3,54,0,0,0,10,10,13,34,4,13,64,0,10,10,74
11/30/2007,TVC,MI,AGL,CE,Towers with Radar,13,36,7,2,58,0,1,3,19,23,13,37,10,21,81,0,18,18,99
12/01/2007,TVC,MI,AGL,CE,Towers with Radar,9,16,8,0,33,0,1,12,8,21,9,17,20,8,54,14,0,14,68
12/02/2007,TVC,MI,AGL,CE,Towers with Radar,8,8,9,0,25,0,0,0,0,0,8,8,9,0,25,0,0,0,25
12/03/2007,TVC,MI,AGL,CE,Towers with Radar,14,25,14,1,54,0,0,0,0,0,14,25,14,1,54,0,0,0,54
12/04/2007,TVC,MI,AGL,CE,Towers with Radar,12,30,19,4,65,0,0,6,17,23,12,30,25,21,88,30,50,80,168
12/05/2007,TVC,MI,AGL,CE,Towers with Radar,12,30,8,2,52,0,0,0,5,5,12,30,8,7,57,0,74,74,131
12/06/2007,TVC,MI,AGL,CE,Towers with Radar,0,0,0,0,0,12,46,122,37,217,12,46,122,37,217,72,34,106,323
12/07/2007,TVC,MI,AGL,CE,Towers with Radar,13,33,7,2,55,0,1,9,5,15,13,34,16,7,70,28,20,48,118
12/08/2007,TVC,MI,AGL,CE,Towers with Radar,14,17,25,0,56,0,1,21,2,24,14,18,46,2,80,34,0,34,114
12/09/2007,TVC,MI,AGL,CE,Towers with Radar,14,7,18,0,39,0,0,17,3,20,14,7,35,3,59,56,6,62,121
12/10/2007,TVC,MI,AGL,CE,Towers with Radar,15,29,41,1,86,0,1,63,10,74,15,30,104,11,160,134,80,214,374
12/11/2007,TVC,MI,AGL,CE,Towers with Radar,9,16,8,1,34,0,0,0,0,0,9,16,8,1,34,0,0,0,34
12/12/2007,TVC,MI,AGL,CE,Towers with Radar,13,28,76,6,123,0,0,74,8,82,13,28,150,14,205,128,24,152,357
12/13/2007,TVC,MI,AGL,CE,Towers with Radar,13,32,16,0,61,0,0,21,6,27,13,32,37,6,88,22,18,40,128
12/14/2007,TVC,MI,AGL,CE,Towers with Radar,17,41,21,0,79,0,0,10,9,19,17,41,31,9,98,6,4,10,108
12/15/2007,TVC,MI,AGL,CE,Towers with Radar,9,17,39,0,65,0,4,32,18,54,9,21,71,18,119,56,12,68,187
12/16/2007,TVC,MI,AGL,CE,Towers with Radar,11,4,17,2,34,0,4,0,2,6,11,8,17,4,40,12,0,12,52
12/17/2007,TVC,MI,AGL,CE,Towers with Radar,13,30,22,0,65,0,6,30,5,41,13,36,52,5,106,102,0,102,208
12/18/2007,TVC,MI,AGL,CE,Towers with Radar,14,34,40,0,88,0,4,46,2,52,14,38,86,2,140,154,0,154,294
12/19/2007,TVC,MI,AGL,CE,Towers with Radar,14,43,3,0,60,0,0,1,12,13,14,43,4,12,73,0,34,34,107
12/20/2007,TVC,MI,AGL,CE,Towers with Radar,17,32,35,0,84,0,5,54,7,66,17,37,89,7,150,80,0,80,230
12/21/2007,TVC,MI,AGL,CE,Towers with Radar,14,28,19,0,61,0,1,33,11,45,14,29,52,11,106,86,0,86,192
12/22/2007,TVC,MI,AGL,CE,Towers with Radar,17,24,14,2,57,0,0,0,2,2,17,24,14,4,59,0,34,34,93
12/23/2007,TVC,MI,AGL,CE,Towers with Radar,14,5,4,0,23,0,0,0,3,3,14,5,4,3,26,0,50,50,76
12/24/2007,TVC,MI,AGL,CE,Towers with Radar,14,27,1,0,42,0,0,0,0,0,14,27,1,0,42,0,0,0,42
12/25/2007,TVC,MI,AGL,CE,Towers with Radar,14,7,4,0,25,0,6,0,0,6,14,13,4,0,31,2,0,2,33
12/26/2007,TVC,MI,AGL,CE,Towers with Radar,14,30,24,1,69,0,5,35,0,40,14,35,59,1,109,26,4,30,139
12/27/2007,TVC,MI,AGL,CE,Towers with Radar,14,34,11,2,61,0,0,0,3,3,14,34,11,5,64,0,26,26,90
12/28/2007,TVC,MI,AGL,CE,Towers with Radar,6,16,8,2,32,0,0,1,3,4,6,16,9,5,36,0,22,22,58
12/29/2007,TVC,MI,AGL,CE,Towers with Radar,17,21,13,0,51,0,0,1,4,5,17,21,14,4,56,0,20,20,76
12/30/2007,TVC,MI,AGL,CE,Towers with Radar,17,9,31,0,57,0,4,25,0,29,17,13,56,0,86,80,0,80,166
12/31/2007,TVC,MI,AGL,CE,Towers with Radar,17,25,18,0,60,0,3,0,2,5,17,28,18,2,65,36,0,36,101
01/01/2008,TVC,MI,AGL,CE,Towers with Radar,13,9,8,0,30,0,0,0,0,0,13,9,8,0,30,0,0,0,30
01/02/2008,TVC,MI,AGL,CE,Towers with Radar,14,33,15,0,62,0,0,20,2,22,14,33,35,2,84,16,0,16,100
01/03/2008,TVC,MI,AGL,CE,Towers with Radar,15,30,13,0,58,0,8,7,11,26,15,38,20,11,84,0,0,0,84
01/04/2008,TVC,MI,AGL,CE,Towers with Radar,12,35,10,3,60,0,4,19,5,28,12,39,29,8,88,38,16,54,142
01/05/2008,TVC,MI,AGL,CE,Towers with Radar,15,13,4,8,40,0,0,0,2,2,15,13,4,10,42,4,4,8,50
01/06/2008,TVC,MI,AGL,CE,Towers with Radar,15,7,2,1,25,0,0,0,0,0,15,7,2,1,25,0,0,0,25
01/07/2008,TVC,MI,AGL,CE,Towers with Radar,16,18,2,2,38,0,0,0,0,0,16,18,2,2,38,0,0,0,38
01/08/2008,TVC,MI,AGL,CE,Towers with Radar,15,24,9,0,48,0,0,0,0,0,15,24,9,0,48,0,0,0,48
01/09/2008,TVC,MI,AGL,CE,Towers with Radar,14,18,20,4,56,0,0,0,0,0,14,18,20,4,56,12,0,12,68
01/10/2008,TVC,MI,AGL,CE,Towers with Radar,16,22,10,0,48,0,7,24,2,33,16,29,34,2,81,28,0,28,109
01/11/2008,TVC,MI,AGL,CE,Towers with Radar,15,20,16,0,51,0,1,0,12,13,15,21,16,12,64,0,52,52,116
01/12/2008,TVC,MI,AGL,CE,Towers with Radar,17,10,9,2,38,0,0,8,7,15,17,10,17,9,53,18,0,18,71
01/13/2008,TVC,MI,AGL,CE,Towers with Radar,16,4,5,3,28,0,0,0,1,1,16,4,5,4,29,0,0,0,29
01/14/2008,TVC,MI,AGL,CE,Towers with Radar,14,19,8,0,41,0,0,0,0,0,14,19,8,0,41,0,0,0,41
01/15/2008,TVC,MI,AGL,CE,Towers with Radar,18,31,18,0,67,0,1,3,3,7,18,32,21,3,74,0,0,0,74
01/16/2008,TVC,MI,AGL,CE,Towers with Radar,15,22,13,3,53,0,4,79,14,97,15,26,92,17,150,96,0,96,246
01/17/2008,TVC,MI,AGL,CE,Towers with Radar,13,27,16,4,60,0,3,22,16,41,13,30,38,20,101,52,56,108,209
01/18/2008,TVC,MI,AGL,CE,Towers with Radar,12,28,12,3,55,0,0,9,4,13,12,28,21,7,68,10,6,16,84
01/19/2008,TVC,MI,AGL,CE,Towers with Radar,16,11,4,0,31,0,1,2,0,3,16,12,6,0,34,0,0,0,34
01/20/2008,TVC,MI,AGL,CE,Towers with Radar,16,0,7,1,24,0,0,0,0,0,16,0,7,1,24,0,0,0,24
01/21/2008,TVC,MI,AGL,CE,Towers with Radar,15,8,7,0,30,0,0,16,2,18,15,8,23,2,48,62,10,72,120
01/22/2008,TVC,MI,AGL,CE,Towers with Radar,15,23,9,0,47,0,0,0,1,1,15,23,9,1,48,0,0,0,48
01/23/2008,TVC,MI,AGL,CE,Towers with Radar,17,33,25,24,99,0,2,40,17,59,17,35,65,41,158,124,68,192,350
01/24/2008,TVC,MI,AGL,CE,Towers with Radar,15,24,9,0,48,0,2,7,2,11,15,26,16,2,59,38,0,38,97
01/25/2008,TVC,MI,AGL,CE,Towers with Radar,16,24,28,25,93,0,12,56,6,74,16,36,84,31,167,40,42,82,249
01/26/2008,TVC,MI,AGL,CE,Towers with Radar,15,8,3,14,40,0,0,0,5,5,15,8,3,19,45,0,14,14,59
01/27/2008,TVC,MI,AGL,CE,Towers with Radar,14,4,11,1,30,0,0,10,3,13,14,4,21,4,43,6,0,6,49
01/28/2008,TVC,MI,AGL,CE,Towers with Radar,15,18,14,10,57,0,8,52,12,72,15,26,66,22,129,90,28,118,247
01/29/2008,TVC,MI,AGL,CE,Towers with Radar,7,5,8,0,20,9,15,9,4,37,16,20,17,4,57,0,0,0,57
01/30/2008,TVC,MI,AGL,CE,Towers with Radar,15,23,3,0,41,0,0,0,0,0,15,23,3,0,41,0,0,0,41
01/31/2008,TVC,MI,AGL,CE,Towers with Radar,15,36,37,6,94,0,2,76,12,90,15,38,113,18,184,146,32,178,362
02/01/2008,TVC,MI,AGL,CE,Towers with Radar,11,27,9,0,47,0,0,0,4,4,11,27,9,4,51,0,32,32,83
02/02/2008,TVC,MI,AGL,CE,Towers with Radar,15,10,2,1,28,0,0,0,0,0,15,10,2,1,28,0,0,0,28
02/03/2008,TVC,MI,AGL,CE,Towers with Radar,14,2,19,8,43,0,0,9,3,12,14,2,28,11,55,46,18,64,119
02/04/2008,TVC,MI,AGL,CE,Towers with Radar,12,15,8,1,36,0,0,3,5,8,12,15,11,6,44,20,26,46,90
02/05/2008,TVC,MI,AGL,CE,Towers with Radar,17,36,6,19,78,0,0,2,10,12,17,36,8,29,90,12,72,84,174
02/06/2008,TVC,MI,AGL,CE,Towers with Radar,12,20,6,15,53,0,1,6,7,14,12,21,12,22,67,28,42,70,137
02/07/2008,TVC,MI,AGL,CE,Towers with Radar,12,35,47,31,125,0,10,97,15,122,12,45,144,46,247,108,52,160,407
02/08/2008,TVC,MI,AGL,CE,Towers with Radar,13,29,32,0,74,0,2,26,12,40,13,31,58,12,114,80,10,90,204
02/09/2008,TVC,MI,AGL,CE,Towers with Radar,14,12,4,3,33,0,0,2,1,3,14,12,6,4,36,0,0,0,36
02/10/2008,TVC,MI,AGL,CE,Towers with Radar,7,1,2,1,11,0,0,0,0,0,7,1,2,1,11,0,0,0,11
02/11/2008,TVC,MI,AGL,CE,Towers with Radar,16,19,38,17,90,0,3,14,7,24,16,22,52,24,114,54,110,164,278
02/12/2008,TVC,MI,AGL,CE,Towers with Radar,14,28,48,16,106,0,0,58,14,72,14,28,106,30,178,74,78,152,330
02/13/2008,TVC,MI,AGL,CE,Towers with Radar,15,30,22,0,67,0,2,61,8,71,15,32,83,8,138,132,8,140,278
02/14/2008,TVC,MI,AGL,CE,Towers with Radar,11,34,15,0,60,0,0,0,0,0,11,34,15,0,60,0,0,0,60
02/15/2008,TVC,MI,AGL,CE,Towers with Radar,15,24,10,25,74,0,1,25,13,39,15,25,35,38,113,112,106,218,331
02/16/2008,TVC,MI,AGL,CE,Towers with Radar,14,14,13,1,42,0,8,53,4,65,14,22,66,5,107,76,6,82,189
02/17/2008,TVC,MI,AGL,CE,Towers with Radar,4,1,1,0,6,0,0,0,0,0,4,1,1,0,6,0,0,0,6
02/18/2008,TVC,MI,AGL,CE,Towers with Radar,12,35,8,0,55,0,0,3,2,5,12,35,11,2,60,6,0,6,66
02/19/2008,TVC,MI,AGL,CE,Towers with Radar,13,38,7,1,59,0,0,0,1,1,13,38,7,2,60,0,0,0,60
02/20/2008,TVC,MI,AGL,CE,Towers with Radar,12,49,14,9,84,0,2,17,4,23,12,51,31,13,107,20,0,20,127
02/21/2008,TVC,MI,AGL,CE,Towers with Radar,12,27,18,0,57,0,8,58,17,83,12,35,76,17,140,76,0,76,216
02/22/2008,TVC,MI,AGL,CE,Towers with Radar,15,23,33,25,96,0,3,87,10,100,15,26,120,35,196,158,14,172,368
02/23/2008,TVC,MI,AGL,CE,Towers with Radar,12,15,22,2,51,0,3,73,1,77,12,18,95,3,128,118,0,118,246
02/24/2008,TVC,MI,AGL,CE,Towers with Radar,13,8,13,0,34,0,4,51,2,57,13,12,64,2,91,38,20,58,149
02/25/2008,TVC,MI,AGL,CE,Towers with Radar,11,22,1,8,42,0,0,1,6,7,11,22,2,14,49,18,0,18,67
02/26/2008,TVC,MI,AGL,CE,Towers with Radar,12,38,11,12,73,0,5,9,9,23,12,43,20,21,96,26,48,74,170
02/27/2008,TVC,MI,AGL,CE,Towers with Radar,12,24,11,2,49,0,5,52,2,59,12,29,63,4,108,130,0,130,238
02/28/2008,TVC,MI,AGL,CE,Towers with Radar,14,26,48,24,112,0,5,67,15,87,14,31,115,39,199,150,60,210,409
02/29/2008,TVC,MI,AGL,CE,Towers with Radar,12,33,16,0,61,0,0,0,2,2,12,33,16,2,63,0,0,0,63
03/01/2008,TVC,MI,AGL,CE,Towers with Radar,12,13,26,2,53,0,3,34,3,40,12,16,60,5,93,118,0,118,211
03/02/2008,TVC,MI,AGL,CE,Towers with Radar,11,10,8,4,33,0,2,23,8,33,11,12,31,12,66,26,18,44,110
03/03/2008,TVC,MI,AGL,CE,Towers with Radar,14,17,9,12,52,0,3,0,8,11,14,20,9,20,63,8,18,26,89
03/04/2008,TVC,MI,AGL,CE,Towers with Radar,12,25,30,10,77,0,2,87,12,101,12,27,117,22,178,106,50,156,334
03/05/2008,TVC,MI,AGL,CE,Towers with Radar,12,26,59,19,116,0,12,71,7,90,12,38,130,26,206,166,12,178,384
03/06/2008,TVC,MI,AGL,CE,Towers with Radar,12,30,10,11,63,0,2,27,15,44,12,32,37,26,107,60,30,90,197
03/07/2008,TVC,MI,AGL,CE,Towers with Radar,11,25,41,0,77,0,4,39,7,50,11,29,80,7,127,92,4,96,223
03/08/2008,TVC,MI,AGL,CE,Towers with Radar,11,12,29,0,52,0,4,44,7,55,11,16,73,7,107,42,0,42,149
03/09/2008,TVC,MI,AGL,CE,Towers with Radar,11,14,23,14,62,0,9,47,6,62,11,23,70,20,124,56,24,80,204
03/10/2008,TVC,MI,AGL,CE,Towers with Radar,13,22,34,5,74,0,6,54,6,66,13,28,88,11,140,132,32,164,304
03/11/2008,TVC,MI,AGL,CE,Towers with Radar,13,33,14,4,64,0,4,38,11,53,13,37,52,15,117,26,32,58,175
03/12/2008,TVC,MI,AGL,CE,Towers with Radar,13,31,25,14,83,0,8,52,7,67,13,39,77,21,150,162,28,190,340
03/13/2008,TVC,MI,AGL,CE,Towers with Radar,13,36,6,12,67,0,4,4,10,18,13,40,10,22,85,6,30,36,121
03/14/2008,TVC,MI,AGL,CE,Towers with Radar,12,33,47,10,102,0,4,49,13,66,12,37,96,23,168,102,24,126,294
03/15/2008,TVC,MI,AGL,CE,Towers with Radar,12,16,33,0,61,0,2,32,1,35,12,18,65,1,96,38,0,38,134
03/16/2008,TVC,MI,AGL,CE,Towers with Radar,13,6,27,0,46,0,1,67,3,71,13,7,94,3,117,68,0,68,185
03/17/2008,TVC,MI,AGL,CE,Towers with Radar,13,15,26,2,56,0,5,47,13,65,13,20,73,15,121,134,12,146,267
03/18/2008,TVC,MI,AGL,CE,Towers with Radar,11,33,4,4,52,0,4,0,6,10,11,37,4,10,62,0,22,22,84
03/19/2008,TVC,MI,AGL,CE,Towers with Radar,10,29,10,0,49,0,2,24,7,33,10,31,34,7,82,70,8,78,160
03/20/2008,TVC,MI,AGL,CE,Towers with Radar,13,32,57,2,104,0,6,53,3,62,13,38,110,5,166,150,0,150,316
03/21/2008,TVC,MI,AGL,CE,Towers with Radar,8,28,69,2,107,0,4,75,2,81,8,32,144,4,188,118,4,122,310
03/22/2008,TVC,MI,AGL,CE,Towers with Radar,11,18,36,4,69,0,1,76,10,87,11,19,112,14,156,84,0,84,240
03/23/2008,TVC,MI,AGL,CE,Towers with Radar,11,6,7,0,24,0,0,9,3,12,11,6,16,3,36,26,0,26,62
03/24/2008,TVC,MI,AGL,CE,Towers with Radar,13,28,30,0,71,0,10,74,14,98,13,38,104,14,169,96,34,130,299
03/25/2008,TVC,MI,AGL,CE,Towers with Radar,12,27,8,0,47,0,1,3,2,6,12,28,11,2,53,2,0,2,55
03/26/2008,TVC,MI,AGL,CE,Towers with Radar,14,28,43,5,90,0,6,68,14,88,14,34,111,19,178,120,56,176,354
03/27/2008,TVC,MI,AGL,CE,Towers with Radar,12,28,33,2,75,0,7,51,15,73,12,35,84,17,148,108,6,114,262
03/28/2008,TVC,MI,AGL,CE,Towers with Radar,12,32,42,4,90,0,10,42,6,58,12,42,84,10,148,90,4,94,242
03/29/2008,TVC,MI,AGL,CE,Towers with Radar,14,11,19,1,45,0,1,68,3,72,14,12,87,4,117,72,0,72,189
03/30/2008,TVC,MI,AGL,CE,Towers with Radar,12,10,2,10,34,0,3,16,2,21,12,13,18,12,55,20,44,64,119
03/31/2008,TVC,MI,AGL,CE,Towers with Radar,18,22,26,4,70,0,0,0,1,1,18,22,26,5,71,4,2,6,77
04/01/2008,TVC,MI,AGL,CE,Towers with Radar,12,32,2,2,48,0,3,0,0,3,12,35,2,2,51,0,34,34,85
04/02/2008,TVC,MI,AGL,CE,Towers with Radar,14,26,34,0,74,0,5,65,13,83,14,31,99,13,157,88,24,112,269
04/03/2008,TVC,MI,AGL,CE,Towers with Radar,13,28,44,6,91,0,7,62,6,75,13,35,106,12,166,94,48,142,308
04/04/2008,TVC,MI,AGL,CE,Towers with Radar,15,21,15,7,58,0,6,49,7,62,15,27,64,14,120,110,22,132,252
04/05/2008,TVC,MI,AGL,CE,Towers with Radar,13,14,14,0,41,0,10,60,2,72,13,24,74,2,113,12,0,12,125
04/06/2008,TVC,MI,AGL,CE,Towers with Radar,13,9,39,0,61,0,1,58,3,62,13,10,97,3,123,42,0,42,165
04/07/2008,TVC,MI,AGL,CE,Towers with Radar,17,25,27,4,73,0,3,41,10,54,17,28,68,14,127,52,16,68,195
04/08/2008,TVC,MI,AGL,CE,Towers with Radar,13,22,47,2,84,0,1,31,5,37,13,23,78,7,121,152,0,152,273
04/09/2008,TVC,MI,AGL,CE,Towers with Radar,15,34,12,3,64,0,0,2,20,22,15,34,14,23,86,6,6,12,98
04/10/2008,TVC,MI,AGL,CE,Towers with Radar,11,32,35,4,82,0,1,59,13,73,11,33,94,17,155,198,10,208,363
04/11/2008,TVC,MI,AGL,CE,Towers with Radar,5,14,3,0,22,8,24,7,14,53,13,38,10,14,75,0,46,46,121
04/12/2008,TVC,MI,AGL,CE,Towers with Radar,11,15,5,0,31,0,0,0,0,0,11,15,5,0,31,0,0,0,31
04/13/2008,TVC,MI,AGL,CE,Towers with Radar,15,10,13,4,42,0,2,41,5,48,15,12,54,9,90,54,50,104,194
04/14/2008,TVC,MI,AGL,CE,Towers with Radar,16,19,56,0,91,0,9,37,9,55,16,28,93,9,146,250,0,250,396
04/15/2008,TVC,MI,AGL,CE,Towers with Radar,14,24,70,7,115,0,7,67,13,87,14,31,137,20,202,166,16,182,384
04/16/2008,TVC,MI,AGL,CE,Towers with Radar,12,26,23,3,64,0,7,36,3,46,12,33,59,6,110,46,18,64,174
04/17/2008,TVC,MI,AGL,CE,Towers with Radar,16,28,51,2,97,0,10,79,18,107,16,38,130,20,204,202,30,232,436
04/18/2008,TVC,MI,AGL,CE,Towers with Radar,15,34,13,0,62,0,11,62,9,82,15,45,75,9,144,128,6,134,278
04/19/2008,TVC,MI,AGL,CE,Towers with Radar,17,12,39,1,69,0,14,67,3,84,17,26,106,4,153,136,6,142,295
04/20/2008,TVC,MI,AGL,CE,Towers with Radar,15,7,24,0,46,0,2,31,4,37,15,9,55,4,83,60,0,60,143
04/21/2008,TVC,MI,AGL,CE,Towers with Radar,14,23,30,0,67,0,10,57,8,75,14,33,87,8,142,166,2,168,310
04/22/2008,TVC,MI,AGL,CE,Towers with Radar,16,26,24,1,67,0,7,65,11,83,16,33,89,12,150,156,0,156,306
04/23/2008,TVC,MI,AGL,CE,Towers with Radar,15,36,24,5,80,0,8,73,9,90,15,44,97,14,170,78,16,94,264
04/24/2008,TVC,MI,AGL,CE,Towers with Radar,15,23,28,0,66,0,8,49,6,63,15,31,77,6,129,44,20,64,193
04/25/2008,TVC,MI,AGL,CE,Towers with Radar,8,38,24,0,70,0,0,9,6,15,8,38,33,6,85,0,60,60,145
04/26/2008,TVC,MI,AGL,CE,Towers with Radar,11,11,7,0,29,0,1,5,3,9,11,12,12,3,38,0,0,0,38
04/27/2008,TVC,MI,AGL,CE,Towers with Radar,13,9,24,6,52,0,7,56,13,76,13,16,80,19,128,80,68,148,276
04/28/2008,TVC,MI,AGL,CE,Towers with Radar,12,23,20,0,55,0,10,26,9,45,12,33,46,9,100,22,0,22,122
04/29/2008,TVC,MI,AGL,CE,Towers with Radar,15,26,46,14,101,0,9,50,13,72,15,35,96,27,173,114,40,154,327
04/30/2008,TVC,MI,AGL,CE,Towers with Radar,16,31,53,3,103,0,9,83,7,99,16,40,136,10,202,132,88,220,422
05/01/2008,TVC,MI,AGL,CE,Towers with Radar,15,30,55,0,100,0,10,71,4,85,15,40,126,4,185,140,2,142,327
05/02/2008,TVC,MI,AGL,CE,Towers with Radar,15,31,27,4,77,0,0,1,6,7,15,31,28,10,84,0,22,22,106
05/03/2008,TVC,MI,AGL,CE,Towers with Radar,16,16,33,6,71,0,7,24,3,34,16,23,57,9,105,26,2,28,133
05/04/2008,TVC,MI,AGL,CE,Towers with Radar,17,5,33,1,56,0,9,66,5,80,17,14,99,6,136,50,40,90,226
05/05/2008,TVC,MI,AGL,CE,Towers with Radar,17,26,42,4,89,0,6,78,7,91,17,32,120,11,180,210,20,230,410
05/06/2008,TVC,MI,AGL,CE,Towers with Radar,17,32,70,0,119,0,6,80,7,93,17,38,150,7,212,234,18,252,464
05/07/2008,TVC,MI,AGL,CE,Towers with Radar,15,40,29,2,86,0,5,7,8,20,15,45,36,10,106,8,0,8,114
05/08/2008,TVC,MI,AGL,CE,Towers with Radar,18,27,82,1,128,0,13,123,5,141,18,40,205,6,269,292,0,292,561
05/09/2008,TVC,MI,AGL,CE,Towers with Radar,17,26,46,4,93,0,5,86,8,99,17,31,132,12,192,226,0,226,418
05/10/2008,TVC,MI,AGL,CE,Towers with Radar,15,14,30,2,61,0,0,47,7,54,15,14,77,9,115,34,2,36,151
05/11/2008,TVC,MI,AGL,CE,Towers with Radar,17,6,12,0,35,0,0,11,2,13,17,6,23,2,48,0,0,0,48
05/12/2008,TVC,MI,AGL,CE,Towers with Radar,17,22,28,1,68,0,7,49,8,64,17,29,77,9,132,68,0,68,200
05/13/2008,TVC,MI,AGL,CE,Towers with Radar,17,23,47,2,89,0,4,84,15,103,17,27,131,17,192,176,2,178,370
05/14/2008,TVC,MI,AGL,CE,Towers with Radar,17,36,27,0,80,0,3,8,4,15,17,39,35,4,95,36,0,36,131
05/15/2008,TVC,MI,AGL,CE,Towers with Radar,17,32,99,2,150,0,6,169,9,184,17,38,268,11,334,206,20,226,560
05/16/2008,TVC,MI,AGL,CE,Towers with Radar,18,26,42,6,92,0,9,57,9,75,18,35,99,15,167,92,10,102,269
05/17/2008,TVC,MI,AGL,CE,Towers with Radar,14,10,8,2,34,0,1,19,2,22,14,11,27,4,56,24,0,24,80
05/18/2008,TVC,MI,AGL,CE,Towers with Radar,17,13,20,0,50,0,4,22,5,31,17,17,42,5,81,42,0,42,123
05/19/2008,TVC,MI,AGL,CE,Towers with Radar,17,28,37,0,82,0,7,58,11,76,17,35,95,11,158,194,6,200,358
05/20/2008,TVC,MI,AGL,CE,Towers with Radar,18,31,37,8,94,0,8,88,10,106,18,39,125,18,200,162,10,172,372
05/21/2008,TVC,MI,AGL,CE,Towers with Radar,17,40,37,2,96,0,3,9,6,18,17,43,46,8,114,62,64,126,240
05/22/2008,TVC,MI,AGL,CE,Towers with Radar,16,38,57,0,111,1,4,76,15,96,17,42,133,15,207,168,0,168,375
05/23/2008,TVC,MI,AGL,CE,Towers with Radar,18,34,55,0,107,0,5,99,4,108,18,39,154,4,215,186,8,194,409
05/24/2008,TVC,MI,AGL,CE,Towers with Radar,14,12,26,2,54,0,5,84,7,96,14,17,110,9,150,38,0,38,188
05/25/2008,TVC,MI,AGL,CE,Towers with Radar,14,11,31,6,62,0,8,70,0,78,14,19,101,6,140,64,0,64,204
05/26/2008,TVC,MI,AGL,CE,Towers with Radar,17,16,47,0,80,0,8,49,1,58,17,24,96,1,138,62,0,62,200
05/27/2008,TVC,MI,AGL,CE,Towers with Radar,19,28,48,0,95,0,4,53,6,63,19,32,101,6,158,124,24,148,306
05/28/2008,TVC,MI,AGL,CE,Towers with Radar,18,29,62,0,109,0,7,105,7,119,18,36,167,7,228,210,0,210,438
05/29/2008,TVC,MI,AGL,CE,Towers with Radar,18,30,65,1,114,0,12,100,2,114,18,42,165,3,228,140,0,140,368
05/30/2008,TVC,MI,AGL,CE,Towers with Radar,12,30,49,0,91,0,4,28,7,39,12,34,77,7,130,60,12,72,202
05/31/2008,TVC,MI,AGL,CE,Towers with Radar,17,15,24,0,56,0,8,30,4,42,17,23,54,4,98,30,16,46,144
06/01/2008,TVC,MI,AGL,CE,Towers with Radar,20,13,37,0,70,0,6,74,2,82,20,19,111,2,152,84,0,84,236
06/02/2008,TVC,MI,AGL,CE,Towers with Radar,18,22,35,0,75,0,7,75,14,96,18,29,110,14,171,98,0,98,269
06/03/2008,TVC,MI,AGL,CE,Towers with Radar,17,27,29,0,73,0,6,73,9,88,17,33,102,9,161,108,0,108,269
06/04/2008,TVC,MI,AGL,CE,Towers with Radar,18,31,49,3,101,0,0,45,9,54,18,31,94,12,155,174,18,192,347
06/05/2008,TVC,MI,AGL,CE,Towers with Radar,25,32,22,0,79,0,0,10,5,15,25,32,32,5,94,28,0,28,122
06/06/2008,TVC,MI,AGL,CE,Towers with Radar,25,33,16,0,74,0,4,34,8,46,25,37,50,8,120,30,0,30,150
06/07/2008,TVC,MI,AGL,CE,Towers with Radar,31,12,28,1,72,0,8,50,7,65,31,20,78,8,137,8,0,8,145
06/08/2008,TVC,MI,AGL,CE,Towers with Radar,23,9,14,0,46,0,4,4,0,8,23,13,18,0,54,8,0,8,62
06/09/2008,TVC,MI,AGL,CE,Towers with Radar,29,21,23,0,73,0,3,14,8,25,29,24,37,8,98,48,12,60,158
06/10/2008,TVC,MI,AGL,CE,Towers with Radar,27,26,37,0,90,0,2,67,3,72,27,28,104,3,162,150,6,156,318
06/11/2008,TVC,MI,AGL,CE,Towers with Radar,29,27,33,0,89,0,4,75,4,83,29,31,108,4,172,120,0,120,292
06/12/2008,TVC,MI,AGL,CE,Towers with Radar,26,25,58,2,111,0,1,60,3,64,26,26,118,5,175,106,22,128,303
06/13/2008,TVC,MI,AGL,CE,Towers with Radar,29,23,31,10,93,0,3,51,5,59,29,26,82,15,152,50,82,132,284
06/14/2008,TVC,MI,AGL,CE,Towers with Radar,42,13,17,0,72,0,11,85,3,99,42,24,102,3,171,64,6,70,241
06/15/2008,TVC,MI,AGL,CE,Towers with Radar,32,10,21,1,64,0,1,38,1,40,32,11,59,2,104,40,0,40,144
06/16/2008,TVC,MI,AGL,CE,Towers with Radar,28,29,80,8,145,0,0,0,0,0,28,29,80,8,145,134,12,146,291
06/17/2008,TVC,MI,AGL,CE,Towers with Radar,29,22,40,0,91,0,3,33,3,39,29,25,73,3,130,150,0,150,280
06/18/2008,TVC,MI,AGL,CE,Towers with Radar,30,29,43,1,103,0,8,48,8,64,30,37,91,9,167,210,16,226,393
06/19/2008,TVC,MI,AGL,CE,Towers with Radar,30,33,47,1,111,0,5,106,10,121,30,38,153,11,232,256,0,256,488
06/20/2008,TVC,MI,AGL,CE,Towers with Radar,31,26,57,0,114,0,2,107,3,112,31,28,164,3,226,196,0,196,422
06/21/2008,TVC,MI,AGL,CE,Towers with Radar,45,17,27,0,89,0,6,50,0,56,45,23,77,0,145,28,0,28,173
06/22/2008,TVC,MI,AGL,CE,Towers with Radar,33,14,31,0,78,0,11,80,0,91,33,25,111,0,169,56,0,56,225
06/23/2008,TVC,MI,AGL,CE,Towers with Radar,32,28,54,0,114,0,3,55,8,66,32,31,109,8,180,130,0,130,310
06/24/2008,TVC,MI,AGL,CE,Towers with Radar,30,26,62,0,118,0,7,108,6,121,30,33,170,6,239,218,0,218,457
06/25/2008,TVC,MI,AGL,CE,Towers with Radar,30,37,39,6,112,0,2,68,11,81,30,39,107,17,193,126,8,134,327
06/26/2008,TVC,MI,AGL,CE,Towers with Radar,32,38,47,0,117,0,7,91,6,104,32,45,138,6,221,258,0,258,479
06/27/2008,TVC,MI,AGL,CE,Towers with Radar,32,34,55,2,123,0,0,73,8,81,32,34,128,10,204,154,2,156,360
06/28/2008,TVC,MI,AGL,CE,Towers with Radar,47,23,27,0,97,0,8,20,3,31,47,31,47,3,128,26,0,26,154
06/29/2008,TVC,MI,AGL,CE,Towers with Radar,38,16,32,0,86,0,0,39,7,46,38,16,71,7,132,48,32,80,212
06/30/2008,TVC,MI,AGL,CE,Towers with Radar,31,24,52,1,108,0,8,88,7,103,31,32,140,8,211,124,0,124,335
07/01/2008,TVC,MI,AGL,CE,Towers with Radar,33,34,36,13,116,33,41,126,21,221,66,75,162,34,337,112,18,130,467
07/02/2008,TVC,MI,AGL,CE,Towers with Radar,26,41,16,8,91,0,2,16,6,24,26,43,32,14,115,24,6,30,145
07/03/2008,TVC,MI,AGL,CE,Towers with Radar,32,35,30,4,101,0,7,90,46,143,32,42,120,50,244,58,78,136,380
07/04/2008,TVC,MI,AGL,CE,Towers with Radar,29,15,18,8,70,0,15,138,80,233,29,30,156,88,303,10,38,48,351
07/05/2008,TVC,MI,AGL,CE,Towers with Radar,43,11,28,0,82,0,27,120,37,184,43,38,148,37,266,30,18,48,314
07/06/2008,TVC,MI,AGL,CE,Towers with Radar,43,19,41,5,108,0,35,113,44,192,43,54,154,49,300,4,100,104,404
07/07/2008,TVC,MI,AGL,CE,Towers with Radar,36,32,21,7,96,0,3,48,10,61,36,35,69,17,157,206,14,220,377
07/08/2008,TVC,MI,AGL,CE,Towers with Radar,33,34,40,3,110,0,7,27,2,36,33,41,67,5,146,68,26,94,240
07/09/2008,TVC,MI,AGL,CE,Towers with Radar,39,43,49,3,134,0,17,118,5,140,39,60,167,8,274,112,4,116,390
07/10/2008,TVC,MI,AGL,CE,Towers with Radar,32,32,48,3,115,0,13,114,3,130,32,45,162,6,245,156,0,156,401
07/11/2008,TVC,MI,AGL,CE,Towers with Radar,34,35,51,1,121,0,9,75,4,88,34,44,126,5,209,96,36,132,341
07/12/2008,TVC,MI,AGL,CE,Towers with Radar,43,35,26,0,104,0,13,43,3,59,43,48,69,3,163,52,0,52,215
07/13/2008,TVC,MI,AGL,CE,Towers with Radar,44,28,30,0,102,0,9,31,2,42,44,37,61,2,144,24,0,24,168
07/14/2008,TVC,MI,AGL,CE,Towers with Radar,33,32,46,2,113,0,7,106,9,122,33,39,152,11,235,178,0,178,413
07/15/2008,TVC,MI,AGL,CE,Towers with Radar,34,61,125,5,225,0,10,65,5,80,34,71,190,10,305,138,0,138,443
07/16/2008,TVC,MI,AGL,CE,Towers with Radar,34,42,39,0,115,0,8,94,9,111,34,50,133,9,226,208,14,222,448
07/17/2008,TVC,MI,AGL,CE,Towers with Radar,34,40,48,0,122,0,8,72,16,96,34,48,120,16,218,106,22,128,346
07/18/2008,TVC,MI,AGL,CE,Towers with Radar,34,54,43,2,133,34,62,68,8,172,68,116,111,10,305,80,0,80,385
07/19/2008,TVC,MI,AGL,CE,Towers with Radar,43,31,31,0,105,0,2,37,5,44,43,33,68,5,149,72,0,72,221
07/20/2008,TVC,MI,AGL,CE,Towers with Radar,43,37,61,10,151,0,3,33,3,39,43,40,94,13,190,102,16,118,308
07/21/2008,TVC,MI,AGL,CE,Towers with Radar,34,42,28,1,105,0,5,49,10,64,34,47,77,11,169,194,0,194,363
07/22/2008,TVC,MI,AGL,CE,Towers with Radar,37,48,38,0,123,0,8,51,4,63,37,56,89,4,186,122,0,122,308
07/23/2008,TVC,MI,AGL,CE,Towers with Radar,34,49,48,0,131,34,57,197,11,299,68,106,245,11,430,192,8,200,630
07/24/2008,TVC,MI,AGL,CE,Towers with Radar,34,45,47,6,132,0,13,114,10,137,34,58,161,16,269,180,6,186,455
07/25/2008,TVC,MI,AGL,CE,Towers with Radar,34,45,35,0,114,1,10,74,7,92,35,55,109,7,206,48,0,48,254
07/26/2008,TVC,MI,AGL,CE,Towers with Radar,45,24,37,0,106,0,18,67,7,92,45,42,104,7,198,60,0,60,258
07/27/2008,TVC,MI,AGL,CE,Towers with Radar,44,34,52,0,130,0,8,76,2,86,44,42,128,2,216,60,0,60,276
07/28/2008,TVC,MI,AGL,CE,Towers with Radar,34,28,31,6,99,0,14,92,8,114,34,42,123,14,213,104,0,104,317
07/29/2008,TVC,MI,AGL,CE,Towers with Radar,35,47,36,3,121,0,6,98,11,115,35,53,134,14,236,162,2,164,400
07/30/2008,TVC,MI,AGL,CE,Towers with Radar,32,32,33,5,102,0,6,69,15,90,32,38,102,20,192,80,46,126,318
07/31/2008,TVC,MI,AGL,CE,Towers with Radar,29,38,22,0,89,0,10,98,9,117,29,48,120,9,206,90,0,90,296
08/01/2008,TVC,MI,AGL,CE,Towers with Radar,41,42,30,0,113,0,2,62,9,73,41,44,92,9,186,42,3,45,231
08/02/2008,TVC,MI,AGL,CE,Towers with Radar,49,41,23,0,113,0,8,45,0,53,49,49,68,0,166,24,0,24,190
08/03/2008,TVC,MI,AGL,CE,Towers with Radar,44,36,30,0,110,0,9,71,3,83,44,45,101,3,193,60,0,60,253
08/04/2008,TVC,MI,AGL,CE,Towers with Radar,25,29,35,5,94,0,12,48,6,66,25,41,83,11,160,126,26,152,312
08/05/2008,TVC,MI,AGL,CE,Towers with Radar,34,42,41,1,118,0,7,56,8,71,34,49,97,9,189,116,0,116,305
08/06/2008,TVC,MI,AGL,CE,Towers with Radar,34,44,58,8,144,0,9,68,16,93,34,53,126,24,237,106,6,112,349
08/07/2008,TVC,MI,AGL,CE,Towers with Radar,34,35,33,0,102,0,15,66,9,90,34,50,99,9,192,106,22,128,320
08/08/2008,TVC,MI,AGL,CE,Towers with Radar,38,46,42,4,130,0,18,99,15,132,38,64,141,19,262,144,40,184,446
08/09/2008,TVC,MI,AGL,CE,Towers with Radar,44,23,29,2,98,0,10,38,4,52,44,33,67,6,150,50,0,50,200
08/10/2008,TVC,MI,AGL,CE,Towers with Radar,41,23,53,1,118,0,5,38,8,51,41,28,91,9,169,68,0,68,237
08/11/2008,TVC,MI,AGL,CE,Towers with Radar,35,36,102,0,173,0,5,105,6,116,35,41,207,6,289,188,0,188,477
08/12/2008,TVC,MI,AGL,CE,Towers with Radar,34,40,55,8,137,0,9,100,9,118,34,49,155,17,255,188,2,190,445
08/13/2008,TVC,MI,AGL,CE,Towers with Radar,36,54,59,3,152,0,14,73,12,99,36,68,132,15,251,164,8,172,423
08/14/2008,TVC,MI,AGL,CE,Towers with Radar,38,34,48,0,120,0,11,83,18,112,38,45,131,18,232,158,12,170,402
08/15/2008,TVC,MI,AGL,CE,Towers with Radar,34,43,36,14,127,0,6,96,12,114,34,49,132,26,241,136,44,180,421
08/16/2008,TVC,MI,AGL,CE,Towers with Radar,44,16,32,0,92,0,11,76,3,90,44,27,108,3,182,46,0,46,228
08/17/2008,TVC,MI,AGL,CE,Towers with Radar,43,25,19,0,87,0,6,77,4,87,43,31,96,4,174,16,0,16,190
08/18/2008,TVC,MI,AGL,CE,Towers with Radar,31,50,21,0,102,0,7,73,3,83,31,57,94,3,185,98,0,98,283
08/19/2008,TVC,MI,AGL,CE,Towers with Radar,30,45,119,15,209,0,12,71,8,91,30,57,190,23,300,168,22,190,490
08/20/2008,TVC,MI,AGL,CE,Towers with Radar,32,36,46,1,115,0,13,82,7,102,32,49,128,8,217,166,0,166,383
08/21/2008,TVC,MI,AGL,CE,Towers with Radar,31,34,63,0,128,0,13,85,5,103,31,47,148,5,231,146,0,146,377
08/22/2008,TVC,MI,AGL,CE,Towers with Radar,34,46,36,8,124,0,13,67,2,82,34,59,103,10,206,82,16,98,304
08/23/2008,TVC,MI,AGL,CE,Towers with Radar,38,16,72,4,130,0,0,0,0,0,38,16,72,4,130,52,4,56,186
08/24/2008,TVC,MI,AGL,CE,Towers with Radar,40,14,64,2,120,0,5,74,2,81,40,19,138,4,201,86,0,86,287
08/25/2008,TVC,MI,AGL,CE,Towers with Radar,31,38,39,2,110,0,13,83,8,104,31,51,122,10,214,228,56,284,498
08/26/2008,TVC,MI,AGL,CE,Towers with Radar,29,34,56,16,135,0,21,112,13,146,29,55,168,29,281,122,80,202,483
08/27/2008,TVC,MI,AGL,CE,Towers with Radar,32,40,44,0,116,0,20,119,10,149,32,60,163,10,265,170,0,170,435
08/28/2008,TVC,MI,AGL,CE,Towers with Radar,34,33,46,5,118,0,11,82,4,97,34,44,128,9,215,142,52,194,409
08/29/2008,TVC,MI,AGL,CE,Towers with Radar,33,48,65,2,148,0,4,105,9,118,33,52,170,11,266,192,0,192,458
08/30/2008,TVC,MI,AGL,CE,Towers with Radar,38,19,25,0,82,0,12,110,4,126,38,31,135,4,208,132,0,132,340
08/31/2008,TVC,MI,AGL,CE,Towers with Radar,29,12,10,0,51,0,6,53,3,62,29,18,63,3,113,40,0,40,153
09/01/2008,TVC,MI,AGL,CE,Towers with Radar,34,22,26,0,82,0,10,77,4,91,34,32,103,4,173,76,0,76,249
09/02/2008,TVC,MI,AGL,CE,Towers with Radar,26,43,61,11,141,0,13,95,5,113,26,56,156,16,254,148,6,154,408
09/03/2008,TVC,MI,AGL,CE,Towers with Radar,23,40,75,3,141,0,13,73,10,96,23,53,148,13,237,114,0,114,351
09/04/2008,TVC,MI,AGL,CE,Towers with Radar,18,40,31,6,95,0,4,42,8,54,18,44,73,14,149,150,32,182,331
09/05/2008,TVC,MI,AGL,CE,Towers with Radar,23,50,77,0,150,0,3,74,0,77,23,53,151,0,227,98,0,98,325
09/06/2008,TVC,MI,AGL,CE,Towers with Radar,20,17,133,14,184,0,6,175,16,197,20,23,308,30,381,134,40,174,555
09/07/2008,TVC,MI,AGL,CE,Towers with Radar,22,22,109,0,153,0,4,49,7,60,22,26,158,7,213,37,2,39,252
09/08/2008,TVC,MI,AGL,CE,Towers with Radar,21,25,49,3,98,0,14,89,14,117,21,39,138,17,215,202,30,232,447
09/09/2008,TVC,MI,AGL,CE,Towers with Radar,24,25,24,3,76,0,6,108,6,120,24,31,132,9,196,156,32,188,384
09/10/2008,TVC,MI,AGL,CE,Towers with Radar,22,50,162,10,244,0,0,0,0,0,22,50,162,10,244,236,0,236,480
09/11/2008,TVC,MI,AGL,CE,Towers with Radar,23,37,127,21,208,0,0,0,0,0,23,37,127,21,208,136,30,166,374
09/12/2008,TVC,MI,AGL,CE,Towers with Radar,32,32,37,3,104,0,2,22,22,46,32,34,59,25,150,24,102,126,276
09/13/2008,TVC,MI,AGL,CE,Towers with Radar,16,24,5,3,48,0,0,3,3,6,16,24,8,6,54,0,10,10,64
09/14/2008,TVC,MI,AGL,CE,Towers with Radar,22,25,7,0,54,0,0,0,2,2,22,25,7,2,56,0,0,0,56
09/15/2008,TVC,MI,AGL,CE,Towers with Radar,21,24,36,0,81,0,7,83,11,101,21,31,119,11,182,230,12,242,424
09/16/2008,TVC,MI,AGL,CE,Towers with Radar,22,26,37,0,85,0,12,98,20,130,22,38,135,20,215,206,20,226,441
09/17/2008,TVC,MI,AGL,CE,Towers with Radar,28,37,40,0,105,0,15,122,21,158,28,52,162,21,263,282,92,374,637
09/18/2008,TVC,MI,AGL,CE,Towers with Radar,22,26,24,2,74,0,10,132,17,159,22,36,156,19,233,248,38,286,519
09/19/2008,TVC,MI,AGL,CE,Towers with Radar,22,28,52,2,104,0,18,105,15,138,22,46,157,17,242,232,42,274,516
09/20/2008,TVC,MI,AGL,CE,Towers with Radar,19,24,23,0,66,0,8,50,8,66,19,32,73,8,132,132,32,164,296
09/21/2008,TVC,MI,AGL,CE,Towers with Radar,22,22,36,2,82,0,2,45,4,51,22,24,81,6,133,42,2,44,177
09/22/2008,TVC,MI,AGL,CE,Towers with Radar,24,16,48,8,96,0,7,94,19,120,24,23,142,27,216,198,68,266,482
09/23/2008,TVC,MI,AGL,CE,Towers with Radar,22,30,22,0,74,0,11,119,11,141,22,41,141,11,215,200,44,244,459
09/24/2008,TVC,MI,AGL,CE,Towers with Radar,22,29,20,1,72,0,15,71,8,94,22,44,91,9,166,134,52,186,352
09/25/2008,TVC,MI,AGL,CE,Towers with Radar,22,32,26,12,92,0,8,66,15,89,22,40,92,27,181,164,28,192,373
09/26/2008,TVC,MI,AGL,CE,Towers with Radar,21,32,38,2,93,0,7,83,27,117,21,39,121,29,210,248,86,334,544
09/27/2008,TVC,MI,AGL,CE,Towers with Radar,20,14,27,0,61,0,2,69,0,71,20,16,96,0,132,104,0,104,236
09/28/2008,TVC,MI,AGL,CE,Towers with Radar,23,9,29,2,63,0,3,6,4,13,23,12,35,6,76,0,18,18,94
09/29/2008,TVC,MI,AGL,CE,Towers with Radar,21,25,27,4,77,0,6,49,11,66,21,31,76,15,143,212,36,248,391
09/30/2008,TVC,MI,AGL,CE,Towers with Radar,21,27,34,0,82,0,2,42,14,58,21,29,76,14,140,150,4,154,294
10/01/2008,TVC,MI,AGL,CE,Towers with Radar,21,38,23,4,86,0,4,30,14,48,21,42,53,18,134,70,52,122,256
10/02/2008,TVC,MI,AGL,CE,Towers with Radar,22,34,21,0,77,0,11,60,10,81,22,45,81,10,158,190,62,252,410
10/03/2008,TVC,MI,AGL,CE,Towers with Radar,24,25,36,0,85,0,5,93,14,112,24,30,129,14,197,246,22,268,465
10/04/2008,TVC,MI,AGL,CE,Towers with Radar,20,10,20,1,51,0,2,91,3,96,20,12,111,4,147,100,2,102,249
10/05/2008,TVC,MI,AGL,CE,Towers with Radar,22,16,27,0,65,0,9,48,2,59,22,25,75,2,124,34,0,34,158
10/06/2008,TVC,MI,AGL,CE,Towers with Radar,21,18,30,4,73,0,9,77,8,94,21,27,107,12,167,132,2,134,301
10/07/2008,TVC,MI,AGL,CE,Towers with Radar,19,27,25,0,71,0,8,80,8,96,19,35,105,8,167,90,0,90,257
10/08/2008,TVC,MI,AGL,CE,Towers with Radar,21,25,29,2,77,0,2,5,2,9,21,27,34,4,86,4,0,4,90
10/09/2008,TVC,MI,AGL,CE,Towers with Radar,22,24,43,3,92,0,6,66,8,80,22,30,109,11,172,88,6,94,266
10/10/2008,TVC,MI,AGL,CE,Towers with Radar,20,36,158,11,225,0,8,111,4,123,20,44,269,15,348,192,0,192,540
10/11/2008,TVC,MI,AGL,CE,Towers with Radar,21,14,21,0,56,0,5,98,6,109,21,19,119,6,165,122,0,122,287
10/12/2008,TVC,MI,AGL,CE,Towers with Radar,23,14,16,0,53,0,4,59,4,67,23,18,75,4,120,40,0,40,160
10/13/2008,TVC,MI,AGL,CE,Towers with Radar,22,12,33,2,69,0,9,88,3,100,22,21,121,5,169,190,0,190,359
10/14/2008,TVC,MI,AGL,CE,Towers with Radar,22,32,62,6,122,0,5,86,10,101,22,37,148,16,223,152,38,190,413
10/15/2008,TVC,MI,AGL,CE,Towers with Radar,21,36,34,3,94,0,1,64,5,70,21,37,98,8,164,154,0,154,318
10/16/2008,TVC,MI,AGL,CE,Towers with Radar,22,17,44,7,90,0,12,84,9,105,22,29,128,16,195,218,10,228,423
10/17/2008,TVC,MI,AGL,CE,Towers with Radar,22,18,60,0,100,0,1,119,4,124,22,19,179,4,224,170,4,174,398
10/18/2008,TVC,MI,AGL,CE,Towers with Radar,21,6,42,0,69,0,1,96,5,102,21,7,138,5,171,82,2,84,255
10/19/2008,TVC,MI,AGL,CE,Towers with Radar,22,3,29,0,54,0,1,38,5,44,22,4,67,5,98,50,14,64,162
10/20/2008,TVC,MI,AGL,CE,Towers with Radar,22,26,48,14,110,0,0,0,0,0,22,26,48,14,110,68,30,98,208
10/21/2008,TVC,MI,AGL,CE,Towers with Radar,23,24,38,0,85,0,11,67,12,90,23,35,105,12,175,180,18,198,373
10/22/2008,TVC,MI,AGL,CE,Towers with Radar,23,30,45,1,99,0,8,97,7,112,23,38,142,8,211,182,16,198,409
10/23/2008,TVC,MI,AGL,CE,Towers with Radar,23,15,49,0,87,0,12,99,11,122,23,27,148,11,209,194,16,210,419
10/24/2008,TVC,MI,AGL,CE,Towers with Radar,22,31,43,2,98,0,1,64,9,74,22,32,107,11,172,154,22,176,348
10/25/2008,TVC,MI,AGL,CE,Towers with Radar,19,13,21,0,53,0,0,22,3,25,19,13,43,3,78,46,16,62,140
10/26/2008,TVC,MI,AGL,CE,Towers with Radar,22,17,9,2,50,0,0,8,2,10,22,17,17,4,60,0,0,0,60
10/27/2008,TVC,MI,AGL,CE,Towers with Radar,21,23,7,0,51,0,1,3,6,10,21,24,10,6,61,0,0,0,61
10/28/2008,TVC,MI,AGL,CE,Towers with Radar,21,30,22,10,83,0,2,35,10,47,21,32,57,20,130,60,14,74,204
10/29/2008,TVC,MI,AGL,CE,Towers with Radar,22,19,43,0,84,0,5,68,6,79,22,24,111,6,163,154,0,154,317
10/30/2008,TVC,MI,AGL,CE,Towers with Radar,23,27,47,12,109,0,12,102,17,131,23,39,149,29,240,88,34,122,362
10/31/2008,TVC,MI,AGL,CE,Towers with Radar,20,15,50,1,86,0,7,127,8,142,20,22,177,9,228,222,16,238,466
11/01/2008,TVC,MI,AGL,CE,Towers with Radar,25,8,21,0,54,0,6,111,2,119,25,14,132,2,173,82,0,82,255
11/02/2008,TVC,MI,AGL,CE,Towers with Radar,18,2,4,0,24,0,2,25,2,29,18,4,29,2,53,14,0,14,67
11/03/2008,TVC,MI,AGL,CE,Towers with Radar,14,27,34,3,78,0,2,26,9,37,14,29,60,12,115,82,36,118,233
11/04/2008,TVC,MI,AGL,CE,Towers with Radar,15,24,47,8,94,0,7,96,11,114,15,31,143,19,208,188,20,208,416
11/05/2008,TVC,MI,AGL,CE,Towers with Radar,18,26,45,0,89,0,4,79,9,92,18,30,124,9,181,154,0,154,335
11/06/2008,TVC,MI,AGL,CE,Towers with Radar,17,30,37,1,85,0,10,89,7,106,17,40,126,8,191,148,0,148,339
11/07/2008,TVC,MI,AGL,CE,Towers with Radar,16,25,27,2,70,0,5,53,8,66,16,30,80,10,136,120,22,142,278
11/08/2008,TVC,MI,AGL,CE,Towers with Radar,15,13,1,0,29,0,0,5,0,5,15,13,6,0,34,44,0,44,78
11/09/2008,TVC,MI,AGL,CE,Towers with Radar,15,12,2,0,29,0,0,0,3,3,15,12,2,3,32,0,2,2,34
11/10/2008,TVC,MI,AGL,CE,Towers with Radar,18,22,8,0,48,0,2,25,2,29,18,24,33,2,77,76,0,76,153
11/11/2008,TVC,MI,AGL,CE,Towers with Radar,15,22,39,3,79,0,5,85,12,102,15,27,124,15,181,256,0,256,437
11/12/2008,TVC,MI,AGL,CE,Towers with Radar,16,30,25,0,71,0,5,60,11,76,16,35,85,11,147,156,40,196,343
11/13/2008,TVC,MI,AGL,CE,Towers with Radar,15,37,14,6,72,0,2,14,7,23,15,39,28,13,95,82,0,82,177
11/14/2008,TVC,MI,AGL,CE,Towers with Radar,15,30,10,7,62,0,3,24,8,35,15,33,34,15,97,84,12,96,193
11/15/2008,TVC,MI,AGL,CE,Towers with Radar,15,12,4,2,33,0,3,6,2,11,15,15,10,4,44,20,0,20,64
11/16/2008,TVC,MI,AGL,CE,Towers with Radar,16,10,1,0,27,0,0,1,2,3,16,10,2,2,30,0,0,0,30
11/17/2008,TVC,MI,AGL,CE,Towers with Radar,16,23,7,1,47,0,0,0,3,3,16,23,7,4,50,0,60,60,110
11/18/2008,TVC,MI,AGL,CE,Towers with Radar,17,29,21,0,67,0,2,22,6,30,17,31,43,6,97,50,32,82,179
11/19/2008,TVC,MI,AGL,CE,Towers with Radar,18,14,11,0,43,0,1,14,2,17,18,15,25,2,60,26,16,42,102
11/20/2008,TVC,MI,AGL,CE,Towers with Radar,9,28,8,1,46,0,0,0,0,0,9,28,8,1,46,0,0,0,46
11/21/2008,TVC,MI,AGL,CE,Towers with Radar,17,23,14,2,56,0,1,10,4,15,17,24,24,6,71,24,6,30,101
11/22/2008,TVC,MI,AGL,CE,Towers with Radar,15,11,26,0,52,0,1,88,4,93,15,12,114,4,145,146,0,146,291
11/23/2008,TVC,MI,AGL,CE,Towers with Radar,16,6,29,0,51,0,3,25,3,31,16,9,54,3,82,34,10,44,126
11/24/2008,TVC,MI,AGL,CE,Towers with Radar,15,16,1,0,32,0,0,0,0,0,15,16,1,0,32,0,0,0,32
11/25/2008,TVC,MI,AGL,CE,Towers with Radar,16,32,3,5,56,0,1,4,14,19,16,33,7,19,75,6,44,50,125
11/26/2008,TVC,MI,AGL,CE,Towers with Radar,16,32,38,0,86,0,9,56,6,71,16,41,94,6,157,112,0,112,269
11/27/2008,TVC,MI,AGL,CE,Towers with Radar,14,5,3,0,22,0,2,13,0,15,14,7,16,0,37,6,0,6,43
11/28/2008,TVC,MI,AGL,CE,Towers with Radar,15,24,8,0,47,0,0,3,6,9,15,24,11,6,56,28,32,60,116
11/29/2008,TVC,MI,AGL,CE,Towers with Radar,15,14,10,0,39,0,11,72,4,87,15,25,82,4,126,38,14,52,178
11/30/2008,TVC,MI,AGL,CE,Towers with Radar,13,18,18,0,49,0,3,9,7,19,13,21,27,7,68,12,10,22,90
12/01/2008,TVC,MI,AGL,CE,Towers with Radar,10,28,1,0,39,0,0,0,0,0,10,28,1,0,39,0,0,0,39
12/02/2008,TVC,MI,AGL,CE,Towers with Radar,16,30,15,0,61,0,0,33,14,47,16,30,48,14,108,36,54,90,198
12/03/2008,TVC,MI,AGL,CE,Towers with Radar,17,23,3,0,43,0,0,0,0,0,17,23,3,0,43,0,0,0,43
12/04/2008,TVC,MI,AGL,CE,Towers with Radar,14,34,3,2,53,0,0,22,6,28,14,34,25,8,81,86,20,106,187
12/05/2008,TVC,MI,AGL,CE,Towers with Radar,18,23,11,3,55,0,0,11,3,14,18,23,22,6,69,32,0,32,101
12/06/2008,TVC,MI,AGL,CE,Towers with Radar,14,7,6,3,30,0,0,0,0,0,14,7,6,3,30,0,0,0,30
12/07/2008,TVC,MI,AGL,CE,Towers with Radar,14,18,20,2,54,0,0,26,2,28,14,18,46,4,82,44,0,44,126
12/08/2008,TVC,MI,AGL,CE,Towers with Radar,13,16,13,8,50,0,1,14,9,24,13,17,27,17,74,17,15,32,106
12/09/2008,TVC,MI,AGL,CE,Towers with Radar,14,24,2,0,40,0,0,0,0,0,14,24,2,0,40,0,0,0,40
12/10/2008,TVC,MI,AGL,CE,Towers with Radar,15,25,17,7,64,0,5,11,6,22,15,30,28,13,86,24,2,26,112
12/11/2008,TVC,MI,AGL,CE,Towers with Radar,15,26,13,0,54,0,7,21,10,38,15,33,34,10,92,50,58,108,200
12/12/2008,TVC,MI,AGL,CE,Towers with Radar,15,27,21,2,65,0,2,12,3,17,15,29,33,5,82,4,26,30,112
12/13/2008,TVC,MI,AGL,CE,Towers with Radar,16,17,5,0,38,0,0,4,5,9,16,17,9,5,47,26,0,26,73
12/14/2008,TVC,MI,AGL,CE,Towers with Radar,14,11,3,2,30,0,0,0,0,0,14,11,3,2,30,0,4,4,34
12/15/2008,TVC,MI,AGL,CE,Towers with Radar,14,28,1,0,43,0,0,0,0,0,14,28,1,0,43,0,0,0,43
12/16/2008,TVC,MI,AGL,CE,Towers with Radar,14,30,21,0,65,0,0,37,14,51,14,30,58,14,116,82,50,132,248
12/17/2008,TVC,MI,AGL,CE,Towers with Radar,16,28,5,1,50,0,2,1,9,12,16,30,6,10,62,2,24,26,88
12/18/2008,TVC,MI,AGL,CE,Towers with Radar,17,35,47,0,99,0,0,58,8,66,17,35,105,8,165,126,8,134,299
12/19/2008,TVC,MI,AGL,CE,Towers with Radar,13,27,5,0,45,0,2,10,0,12,13,29,15,0,57,0,0,0,57
12/20/2008,TVC,MI,AGL,CE,Towers with Radar,14,21,50,0,85,0,2,79,4,85,14,23,129,4,170,116,0,116,286
12/21/2008,TVC,MI,AGL,CE,Towers with Radar,9,8,0,1,18,0,0,0,1,1,9,8,0,2,19,0,0,0,19
12/22/2008,TVC,MI,AGL,CE,Towers with Radar,14,23,28,0,65,0,2,7,9,18,14,25,35,9,83,16,32,48,131
12/23/2008,TVC,MI,AGL,CE,Towers with Radar,13,30,6,17,66,0,0,0,3,3,13,30,6,20,69,0,24,24,93
12/24/2008,TVC,MI,AGL,CE,Towers with Radar,17,24,0,0,41,0,0,0,0,0,17,24,0,0,41,0,0,0,41
12/25/2008,TVC,MI,AGL,CE,Towers with Radar,18,10,3,0,31,0,0,4,0,4,18,10,7,0,35,10,0,10,45
12/26/2008,TVC,MI,AGL,CE,Towers with Radar,13,28,5,0,46,0,0,1,2,3,13,28,6,2,49,0,0,0,49
12/27/2008,TVC,MI,AGL,CE,Towers with Radar,13,22,6,0,41,0,0,0,0,0,13,22,6,0,41,0,30,30,71
12/28/2008,TVC,MI,AGL,CE,Towers with Radar,17,16,2,0,35,0,0,0,1,1,17,16,2,1,36,0,0,0,36
12/29/2008,TVC,MI,AGL,CE,Towers with Radar,16,24,16,0,56,0,0,21,5,26,16,24,37,5,82,42,14,56,138
12/30/2008,TVC,MI,AGL,CE,Towers with Radar,16,21,26,0,63,0,2,27,8,37,16,23,53,8,100,64,4,68,168
12/31/2008,TVC,MI,AGL,CE,Towers with Radar,16,28,12,0,56,0,0,4,4,8,16,28,16,4,64,8,0,8,72
01/01/2009,TVC,MI,AGL,CE,Towers with Radar,15,10,22,2,49,0,0,17,2,19,15,10,39,4,68,38,0,38,106
01/02/2009,TVC,MI,AGL,CE,Towers with Radar,17,33,5,0,55,0,3,5,3,11,17,36,10,3,66,6,2,8,74
01/03/2009,TVC,MI,AGL,CE,Towers with Radar,16,20,10,0,46,0,1,30,1,32,16,21,40,1,78,42,0,42,120
01/04/2009,TVC,MI,AGL,CE,Towers with Radar,15,11,7,0,33,0,0,0,4,4,15,11,7,4,37,0,16,16,53
01/05/2009,TVC,MI,AGL,CE,Towers with Radar,17,18,18,0,53,0,3,15,0,18,17,21,33,0,71,32,0,32,103
01/06/2009,TVC,MI,AGL,CE,Towers with Radar,16,28,30,12,86,0,9,54,15,78,16,37,84,27,164,100,26,126,290
01/07/2009,TVC,MI,AGL,CE,Towers with Radar,16,19,11,6,52,0,0,0,4,4,16,19,11,10,56,0,0,0,56
01/08/2009,TVC,MI,AGL,CE,Towers with Radar,17,29,7,0,53,0,0,4,11,15,17,29,11,11,68,6,30,36,104
01/09/2009,TVC,MI,AGL,CE,Towers with Radar,17,25,18,30,90,0,1,28,17,46,17,26,46,47,136,34,54,88,224
01/10/2009,TVC,MI,AGL,CE,Towers with Radar,12,14,26,2,54,0,1,20,2,23,12,15,46,4,77,68,0,68,145
01/11/2009,TVC,MI,AGL,CE,Towers with Radar,15,5,9,0,29,0,0,2,4,6,15,5,11,4,35,2,6,8,43
01/12/2009,TVC,MI,AGL,CE,Towers with Radar,14,17,15,14,60,0,2,33,8,43,14,19,48,22,103,100,0,100,203
01/13/2009,TVC,MI,AGL,CE,Towers with Radar,17,21,4,4,46,0,0,0,4,4,17,21,4,8,50,0,42,42,92
01/14/2009,TVC,MI,AGL,CE,Towers with Radar,14,21,9,8,52,0,0,5,8,13,14,21,14,16,65,8,6,14,79
01/15/2009,TVC,MI,AGL,CE,Towers with Radar,17,25,17,11,70,0,0,18,6,24,17,25,35,17,94,46,54,100,194
01/16/2009,TVC,MI,AGL,CE,Towers with Radar,17,26,18,26,87,0,0,15,13,28,17,26,33,39,115,38,112,150,265
01/17/2009,TVC,MI,AGL,CE,Towers with Radar,19,11,0,0,30,0,0,0,0,0,19,11,0,0,30,0,0,0,30
01/18/2009,TVC,MI,AGL,CE,Towers with Radar,15,3,7,3,28,0,0,0,2,2,15,3,7,5,30,0,0,0,30
01/19/2009,TVC,MI,AGL,CE,Towers with Radar,17,21,24,0,62,0,0,21,4,25,17,21,45,4,87,44,12,56,143
01/20/2009,TVC,MI,AGL,CE,Towers with Radar,18,30,45,19,112,0,10,80,15,105,18,40,125,34,217,160,8,168,385
01/21/2009,TVC,MI,AGL,CE,Towers with Radar,17,30,11,0,58,0,1,15,2,18,17,31,26,2,76,38,0,38,114
01/22/2009,TVC,MI,AGL,CE,Towers with Radar,17,27,3,2,49,0,1,1,10,12,17,28,4,12,61,2,28,30,91
01/23/2009,TVC,MI,AGL,CE,Towers with Radar,14,18,10,0,42,0,0,0,0,0,14,18,10,0,42,0,0,0,42
01/24/2009,TVC,MI,AGL,CE,Towers with Radar,19,7,25,2,53,0,2,25,7,34,19,9,50,9,87,50,12,62,149
01/25/2009,TVC,MI,AGL,CE,Towers with Radar,16,6,7,0,29,0,0,16,3,19,16,6,23,3,48,38,0,38,86
01/26/2009,TVC,MI,AGL,CE,Towers with Radar,16,23,52,15,106,0,5,60,7,72,16,28,112,22,178,150,30,180,358
01/27/2009,TVC,MI,AGL,CE,Towers with Radar,17,22,46,21,106,0,3,74,16,93,17,25,120,37,199,124,46,170,369
01/28/2009,TVC,MI,AGL,CE,Towers with Radar,16,27,47,8,98,0,4,66,12,82,16,31,113,20,180,152,26,178,358
01/29/2009,TVC,MI,AGL,CE,Towers with Radar,16,30,12,0,58,0,3,0,4,7,16,33,12,4,65,0,0,0,65
01/30/2009,TVC,MI,AGL,CE,Towers with Radar,17,20,16,1,54,0,1,2,3,6,17,21,18,4,60,0,36,36,96
01/31/2009,TVC,MI,AGL,CE,Towers with Radar,17,7,1,0,25,0,5,0,1,6,17,12,1,1,31,0,0,0,31
02/01/2009,TVC,MI,AGL,CE,Towers with Radar,15,16,24,6,61,0,2,19,2,23,15,18,43,8,84,12,24,36,120
02/02/2009,TVC,MI,AGL,CE,Towers with Radar,16,16,21,18,71,0,0,41,9,50,16,16,62,27,121,166,38,204,325
02/03/2009,TVC,MI,AGL,CE,Towers with Radar,16,24,3,5,48,0,2,2,5,9,16,26,5,10,57,4,20,24,81
02/04/2009,TVC,MI,AGL,CE,Towers with Radar,16,23,33,18,90,0,11,33,8,52,16,34,66,26,142,110,30,140,282
02/05/2009,TVC,MI,AGL,CE,Towers with Radar,15,20,41,4,80,0,5,65,14,84,15,25,106,18,164,106,2,108,272
02/06/2009,TVC,MI,AGL,CE,Towers with Radar,17,18,66,24,125,0,5,81,10,96,17,23,147,34,221,180,28,208,429
02/07/2009,TVC,MI,AGL,CE,Towers with Radar,18,9,6,10,43,0,2,5,5,12,18,11,11,15,55,34,8,42,97
02/08/2009,TVC,MI,AGL,CE,Towers with Radar,16,14,16,8,54,0,5,54,6,65,16,19,70,14,119,74,6,80,199
02/09/2009,TVC,MI,AGL,CE,Towers with Radar,19,17,40,6,82,0,7,55,11,73,19,24,95,17,155,84,52,136,291
02/10/2009,TVC,MI,AGL,CE,Towers with Radar,17,34,54,2,107,0,2,37,12,51,17,36,91,14,158,52,82,134,292
02/11/2009,TVC,MI,AGL,CE,Towers with Radar,16,22,24,5,67,0,1,36,10,47,16,23,60,15,114,100,36,136,250
02/12/2009,TVC,MI,AGL,CE,Towers with Radar,17,30,2,7,56,0,0,0,32,32,17,30,2,39,88,0,112,112,200
02/13/2009,TVC,MI,AGL,CE,Towers with Radar,16,28,6,8,58,0,6,10,13,29,16,34,16,21,87,70,60,130,217
02/14/2009,TVC,MI,AGL,CE,Towers with Radar,16,12,10,2,40,0,3,15,1,19,16,15,25,3,59,24,0,24,83
02/15/2009,TVC,MI,AGL,CE,Towers with Radar,16,10,12,0,38,0,3,6,2,11,16,13,18,2,49,18,14,32,81
02/16/2009,TVC,MI,AGL,CE,Towers with Radar,15,16,66,6,103,0,0,68,10,78,15,16,134,16,181,158,14,172,353
02/17/2009,TVC,MI,AGL,CE,Towers with Radar,17,21,62,32,132,0,0,48,10,58,17,21,110,42,190,92,70,162,352
02/18/2009,TVC,MI,AGL,CE,Towers with Radar,13,19,4,0,36,0,0,0,0,0,13,19,4,0,36,0,0,0,36
02/19/2009,TVC,MI,AGL,CE,Towers with Radar,13,18,2,0,33,0,0,0,0,0,13,18,2,0,33,0,0,0,33
02/20/2009,TVC,MI,AGL,CE,Towers with Radar,17,17,17,7,58,0,1,7,6,14,17,18,24,13,72,8,36,44,116
02/21/2009,TVC,MI,AGL,CE,Towers with Radar,6,9,1,1,17,0,4,1,2,7,6,13,2,3,24,8,4,12,36
02/22/2009,TVC,MI,AGL,CE,Towers with Radar,15,2,11,0,28,0,0,0,8,8,15,2,11,8,36,0,14,14,50
02/23/2009,TVC,MI,AGL,CE,Towers with Radar,16,19,62,6,103,0,0,84,13,97,16,19,146,19,200,180,40,220,420
02/24/2009,TVC,MI,AGL,CE,Towers with Radar,18,21,72,12,123,0,0,74,18,92,18,21,146,30,215,120,22,142,357
02/25/2009,TVC,MI,AGL,CE,Towers with Radar,16,17,10,2,45,0,0,15,5,20,16,17,25,7,65,40,0,40,105
02/26/2009,TVC,MI,AGL,CE,Towers with Radar,12,26,9,1,48,0,1,18,4,23,12,27,27,5,71,36,0,36,107
02/27/2009,TVC,MI,AGL,CE,Towers with Radar,15,28,10,9,62,0,1,5,4,10,15,29,15,13,72,6,30,36,108
02/28/2009,TVC,MI,AGL,CE,Towers with Radar,15,10,32,1,58,0,7,39,2,48,15,17,71,3,106,76,0,76,182
03/01/2009,TVC,MI,AGL,CE,Towers with Radar,16,8,15,0,39,0,0,10,2,12,16,8,25,2,51,44,0,44,95
03/02/2009,TVC,MI,AGL,CE,Towers with Radar,18,20,56,4,98,0,4,60,4,68,18,24,116,8,166,182,16,198,364
03/03/2009,TVC,MI,AGL,CE,Towers with Radar,17,15,38,13,83,0,3,62,5,70,17,18,100,18,153,152,2,154,307
03/04/2009,TVC,MI,AGL,CE,Towers with Radar,16,16,37,17,86,0,0,45,7,52,16,16,82,24,138,98,30,128,266
03/05/2009,TVC,MI,AGL,CE,Towers with Radar,17,28,15,12,72,0,5,27,11,43,17,33,42,23,115,64,48,112,227
03/06/2009,TVC,MI,AGL,CE,Towers with Radar,18,28,40,2,88,0,0,8,9,17,18,28,48,11,105,12,0,12,117
03/07/2009,TVC,MI,AGL,CE,Towers with Radar,14,14,4,2,34,0,0,8,3,11,14,14,12,5,45,4,28,32,77
03/08/2009,TVC,MI,AGL,CE,Towers with Radar,12,1,20,0,33,0,0,12,3,15,12,1,32,3,48,42,32,74,122
03/09/2009,TVC,MI,AGL,CE,Towers with Radar,18,19,45,6,88,0,2,39,5,46,18,21,84,11,134,100,0,100,234
03/10/2009,TVC,MI,AGL,CE,Towers with Radar,16,24,22,6,68,0,1,2,3,6,16,25,24,9,74,34,24,58,132
03/11/2009,TVC,MI,AGL,CE,Towers with Radar,15,22,3,2,42,0,0,2,3,5,15,22,5,5,47,6,2,8,55
03/12/2009,TVC,MI,AGL,CE,Towers with Radar,17,25,37,2,81,0,8,41,9,58,17,33,78,11,139,170,6,176,315
03/13/2009,TVC,MI,AGL,CE,Towers with Radar,17,18,35,2,72,0,6,67,9,82,17,24,102,11,154,76,6,82,236
03/14/2009,TVC,MI,AGL,CE,Towers with Radar,18,7,21,2,48,0,0,60,6,66,18,7,81,8,114,40,0,40,154
03/15/2009,TVC,MI,AGL,CE,Towers with Radar,16,4,32,2,54,0,0,73,3,76,16,4,105,5,130,76,10,86,216
03/16/2009,TVC,MI,AGL,CE,Towers with Radar,16,12,32,3,63,0,6,76,9,91,16,18,108,12,154,128,0,128,282
03/17/2009,TVC,MI,AGL,CE,Towers with Radar,17,19,34,2,72,0,3,34,12,49,17,22,68,14,121,48,34,82,203
03/18/2009,TVC,MI,AGL,CE,Towers with Radar,16,16,46,0,78,0,3,59,4,66,16,19,105,4,144,104,1,105,249
03/19/2009,TVC,MI,AGL,CE,Towers with Radar,17,28,23,1,69,0,0,27,2,29,17,28,50,3,98,90,0,90,188
03/20/2009,TVC,MI,AGL,CE,Towers with Radar,18,20,35,11,84,0,4,80,6,90,18,24,115,17,174,184,0,184,358
03/21/2009,TVC,MI,AGL,CE,Towers with Radar,17,6,2,0,25,0,3,25,1,29,17,9,27,1,54,42,2,44,98
03/22/2009,TVC,MI,AGL,CE,Towers with Radar,17,5,9,0,31,0,5,41,11,57,17,10,50,11,88,26,0,26,114
03/23/2009,TVC,MI,AGL,CE,Towers with Radar,18,11,33,12,74,0,4,38,11,53,18,15,71,23,127,152,40,192,319
03/24/2009,TVC,MI,AGL,CE,Towers with Radar,17,9,27,5,58,0,5,19,4,28,17,14,46,9,86,26,14,40,126
03/25/2009,TVC,MI,AGL,CE,Towers with Radar,17,16,37,8,78,0,3,47,6,56,17,19,84,14,134,62,34,96,230
03/26/2009,TVC,MI,AGL,CE,Towers with Radar,14,27,60,1,102,0,10,76,6,92,14,37,136,7,194,110,18,128,322
03/27/2009,TVC,MI,AGL,CE,Towers with Radar,18,20,17,0,55,0,3,25,4,32,18,23,42,4,87,52,0,52,139
03/28/2009,TVC,MI,AGL,CE,Towers with Radar,17,7,19,0,43,0,1,35,7,43,17,8,54,7,86,42,8,50,136
03/29/2009,TVC,MI,AGL,CE,Towers with Radar,16,3,0,1,20,0,0,0,0,0,16,3,0,1,20,0,6,6,26
03/30/2009,TVC,MI,AGL,CE,Towers with Radar,17,21,16,0,54,0,1,30,7,38,17,22,46,7,92,66,20,86,178
03/31/2009,TVC,MI,AGL,CE,Towers with Radar,16,15,20,0,51,0,1,22,4,27,16,16,42,4,78,24,4,28,106
04/01/2009,TVC,MI,AGL,CE,Towers with Radar,17,21,5,0,43,0,0,6,7,13,17,21,11,7,56,2,0,2,58
04/02/2009,TVC,MI,AGL,CE,Towers with Radar,16,14,27,0,57,0,3,56,3,62,16,17,83,3,119,84,0,84,203
04/03/2009,TVC,MI,AGL,CE,Towers with Radar,15,18,3,0,36,0,0,0,2,2,15,18,3,2,38,0,0,0,38
04/04/2009,TVC,MI,AGL,CE,Towers with Radar,16,14,20,1,51,0,0,30,0,30,16,14,50,1,81,30,0,30,111
04/05/2009,TVC,MI,AGL,CE,Towers with Radar,17,8,5,0,30,0,0,11,2,13,17,8,16,2,43,8,0,8,51
04/06/2009,TVC,MI,AGL,CE,Towers with Radar,17,12,19,8,56,0,2,22,6,30,17,14,41,14,86,40,10,50,136
04/07/2009,TVC,MI,AGL,CE,Towers with Radar,17,14,5,0,36,0,0,3,5,8,17,14,8,5,44,0,20,20,64
04/08/2009,TVC,MI,AGL,CE,Towers with Radar,17,16,46,12,91,0,2,72,23,97,17,18,118,35,188,88,40,128,316
04/09/2009,TVC,MI,AGL,CE,Towers with Radar,17,15,36,2,70,0,0,91,6,97,17,15,127,8,167,59,2,61,228
04/10/2009,TVC,MI,AGL,CE,Towers with Radar,17,20,64,0,101,0,0,81,7,88,17,20,145,7,189,130,0,130,319
04/11/2009,TVC,MI,AGL,CE,Towers with Radar,15,5,28,1,49,0,1,58,4,63,15,6,86,5,112,64,0,64,176
04/12/2009,TVC,MI,AGL,CE,Towers with Radar,17,3,27,2,49,0,2,36,3,41,17,5,63,5,90,44,0,44,134
04/13/2009,TVC,MI,AGL,CE,Towers with Radar,15,16,33,1,65,0,3,59,15,77,15,19,92,16,142,94,36,130,272
04/14/2009,TVC,MI,AGL,CE,Towers with Radar,17,19,33,0,69,0,2,36,10,48,17,21,69,10,117,60,8,68,185
04/15/2009,TVC,MI,AGL,CE,Towers with Radar,17,19,38,1,75,0,0,66,1,67,17,19,104,2,142,152,0,152,294
04/16/2009,TVC,MI,AGL,CE,Towers with Radar,17,24,40,9,90,0,1,70,11,82,17,25,110,20,172,120,10,130,302
04/17/2009,TVC,MI,AGL,CE,Towers with Radar,16,13,47,0,76,0,0,67,10,77,16,13,114,10,153,102,30,132,285
04/18/2009,TVC,MI,AGL,CE,Towers with Radar,19,6,22,0,47,0,2,59,4,65,19,8,81,4,112,50,8,58,170
04/19/2009,TVC,MI,AGL,CE,Towers with Radar,13,2,12,1,28,0,3,10,1,14,13,5,22,2,42,8,0,8,50
04/20/2009,TVC,MI,AGL,CE,Towers with Radar,18,5,20,1,44,0,0,3,2,5,18,5,23,3,49,12,2,14,63
04/21/2009,TVC,MI,AGL,CE,Towers with Radar,20,20,3,0,43,0,0,14,5,19,20,20,17,5,62,82,42,124,186
04/22/2009,TVC,MI,AGL,CE,Towers with Radar,15,20,25,8,68,0,0,39,6,45,15,20,64,14,113,144,8,152,265
04/23/2009,TVC,MI,AGL,CE,Towers with Radar,17,21,41,0,79,0,4,78,6,88,17,25,119,6,167,130,8,138,305
04/24/2009,TVC,MI,AGL,CE,Towers with Radar,18,29,38,0,85,0,2,66,5,73,18,31,104,5,158,114,0,114,272
04/25/2009,TVC,MI,AGL,CE,Towers with Radar,16,7,12,0,35,0,0,0,2,2,16,7,12,2,37,0,2,2,39
04/26/2009,TVC,MI,AGL,CE,Towers with Radar,13,19,11,1,44,0,2,0,5,7,13,21,11,6,51,0,0,0,51
04/27/2009,TVC,MI,AGL,CE,Towers with Radar,18,18,4,2,42,0,0,8,10,18,18,18,12,12,60,6,2,8,68
04/28/2009,TVC,MI,AGL,CE,Towers with Radar,17,16,27,0,60,0,0,61,5,66,17,16,88,5,126,132,0,132,258
04/29/2009,TVC,MI,AGL,CE,Towers with Radar,16,22,29,4,71,0,4,48,8,60,16,26,77,12,131,90,8,98,229
04/30/2009,TVC,MI,AGL,CE,Towers with Radar,15,20,24,0,59,0,2,10,8,20,15,22,34,8,79,44,18,62,141
05/01/2009,TVC,MI,AGL,CE,Towers with Radar,16,27,21,4,68,0,0,38,12,50,16,27,59,16,118,102,58,160,278
05/02/2009,TVC,MI,AGL,CE,Towers with Radar,17,8,8,0,33,0,5,31,5,41,17,13,39,5,74,31,0,31,105
05/03/2009,TVC,MI,AGL,CE,Towers with Radar,14,9,17,0,40,0,3,58,3,64,14,12,75,3,104,44,0,44,148
05/04/2009,TVC,MI,AGL,CE,Towers with Radar,16,13,33,4,66,0,3,74,2,79,16,16,107,6,145,140,10,150,295
05/05/2009,TVC,MI,AGL,CE,Towers with Radar,16,22,30,4,72,2,5,88,8,103,18,27,118,12,175,190,0,190,365
05/06/2009,TVC,MI,AGL,CE,Towers with Radar,16,21,43,0,80,0,11,57,9,77,16,32,100,9,157,104,14,118,275
05/07/2009,TVC,MI,AGL,CE,Towers with Radar,16,20,34,3,73,0,0,21,3,24,16,20,55,6,97,40,0,40,137
05/08/2009,TVC,MI,AGL,CE,Towers with Radar,17,23,31,6,77,0,2,72,23,97,17,25,103,29,174,128,4,132,306
05/09/2009,TVC,MI,AGL,CE,Towers with Radar,17,9,8,2,36,0,2,5,3,10,17,11,13,5,46,8,0,8,54
05/10/2009,TVC,MI,AGL,CE,Towers with Radar,16,5,21,2,44,0,2,40,3,45,16,7,61,5,89,36,0,36,125
05/11/2009,TVC,MI,AGL,CE,Towers with Radar,17,18,39,0,74,0,4,65,9,78,17,22,104,9,152,136,0,136,288
05/12/2009,TVC,MI,AGL,CE,Towers with Radar,18,14,49,2,83,0,2,82,12,96,18,16,131,14,179,110,0,110,289
05/13/2009,TVC,MI,AGL,CE,Towers with Radar,14,18,14,0,46,0,4,22,0,26,14,22,36,0,72,82,0,82,154
05/14/2009,TVC,MI,AGL,CE,Towers with Radar,16,14,19,6,55,0,3,35,15,53,16,17,54,21,108,54,0,54,162
05/15/2009,TVC,MI,AGL,CE,Towers with Radar,16,14,47,0,77,0,3,70,4,77,16,17,117,4,154,96,0,96,250
05/16/2009,TVC,MI,AGL,CE,Towers with Radar,17,7,10,2,36,0,4,2,4,10,17,11,12,6,46,2,0,2,48
05/17/2009,TVC,MI,AGL,CE,Towers with Radar,17,5,21,4,47,0,1,27,2,30,17,6,48,6,77,32,11,43,120
05/18/2009,TVC,MI,AGL,CE,Towers with Radar,17,13,15,0,45,0,2,45,6,53,17,15,60,6,98,80,36,116,214
05/19/2009,TVC,MI,AGL,CE,Towers with Radar,17,13,27,0,57,0,3,76,9,88,17,16,103,9,145,144,2,146,291
05/20/2009,TVC,MI,AGL,CE,Towers with Radar,17,19,22,1,59,0,1,38,3,42,17,20,60,4,101,36,2,38,139
05/21/2009,TVC,MI,AGL,CE,Towers with Radar,17,21,54,0,92,0,0,54,11,65,17,21,108,11,157,98,32,130,287
05/22/2009,TVC,MI,AGL,CE,Towers with Radar,18,22,41,9,90,0,9,86,7,102,18,31,127,16,192,130,6,136,328
05/23/2009,TVC,MI,AGL,CE,Towers with Radar,21,11,11,0,43,0,5,46,3,54,21,16,57,3,97,32,0,32,129
05/24/2009,TVC,MI,AGL,CE,Towers with Radar,20,4,6,0,30,0,1,70,2,73,20,5,76,2,103,32,0,32,135
05/25/2009,TVC,MI,AGL,CE,Towers with Radar,18,11,29,0,58,0,2,68,5,75,18,13,97,5,133,52,10,62,195
05/26/2009,TVC,MI,AGL,CE,Towers with Radar,19,10,15,2,46,0,1,30,5,36,19,11,45,7,82,90,0,90,172
05/27/2009,TVC,MI,AGL,CE,Towers with Radar,20,12,28,0,60,0,0,0,0,0,20,12,28,0,60,0,0,0,60
05/28/2009,TVC,MI,AGL,CE,Towers with Radar,18,18,29,2,67,0,0,1,3,4,18,18,30,5,71,0,2,2,73
05/29/2009,TVC,MI,AGL,CE,Towers with Radar,18,25,37,0,80,0,1,95,6,102,18,26,132,6,182,156,10,166,348
05/30/2009,TVC,MI,AGL,CE,Towers with Radar,17,9,22,0,48,0,1,38,4,43,17,10,60,4,91,70,2,72,163
05/31/2009,TVC,MI,AGL,CE,Towers with Radar,20,4,43,0,67,0,4,51,2,57,20,8,94,2,124,88,0,88,212
06/01/2009,TVC,MI,AGL,CE,Towers with Radar,18,11,26,0,55,0,5,40,6,51,18,16,66,6,106,78,0,78,184
06/02/2009,TVC,MI,AGL,CE,Towers with Radar,17,16,28,1,62,0,0,73,7,80,17,16,101,8,142,106,0,106,248
06/03/2009,TVC,MI,AGL,CE,Towers with Radar,19,17,18,1,55,0,0,84,7,91,19,17,102,8,146,100,0,100,246
06/04/2009,TVC,MI,AGL,CE,Towers with Radar,25,18,30,2,75,0,7,95,8,110,25,25,125,10,185,124,2,126,311
06/05/2009,TVC,MI,AGL,CE,Towers with Radar,25,21,11,0,57,0,4,47,6,57,25,25,58,6,114,48,4,52,166
06/06/2009,TVC,MI,AGL,CE,Towers with Radar,24,14,18,0,56,0,3,36,3,42,24,17,54,3,98,20,2,22,120
06/07/2009,TVC,MI,AGL,CE,Towers with Radar,27,5,26,0,58,0,0,5,3,8,27,5,31,3,66,16,0,16,82
06/08/2009,TVC,MI,AGL,CE,Towers with Radar,30,16,9,2,57,0,0,1,6,7,30,16,10,8,64,0,38,38,102
06/09/2009,TVC,MI,AGL,CE,Towers with Radar,25,28,37,0,90,0,2,31,8,41,25,30,68,8,131,88,26,114,245
06/10/2009,TVC,MI,AGL,CE,Towers with Radar,25,23,101,12,161,0,7,64,10,81,25,30,165,22,242,130,14,144,386
06/11/2009,TVC,MI,AGL,CE,Towers with Radar,28,21,16,2,67,0,7,40,9,56,28,28,56,11,123,118,0,118,241
06/12/2009,TVC,MI,AGL,CE,Towers with Radar,30,29,32,4,95,0,6,68,9,83,30,35,100,13,178,66,14,80,258
06/13/2009,TVC,MI,AGL,CE,Towers with Radar,39,11,15,2,67,0,1,65,4,70,39,12,80,6,137,40,4,44,181
06/14/2009,TVC,MI,AGL,CE,Towers with Radar,38,7,12,0,57,0,3,46,2,51,38,10,58,2,108,30,0,30,138
06/15/2009,TVC,MI,AGL,CE,Towers with Radar,28,31,37,4,100,0,3,91,10,104,28,34,128,14,204,152,14,166,370
06/16/2009,TVC,MI,AGL,CE,Towers with Radar,29,32,21,0,82,0,9,67,14,90,29,41,88,14,172,82,0,82,254
06/17/2009,TVC,MI,AGL,CE,Towers with Radar,30,30,22,4,86,0,1,42,4,47,30,31,64,8,133,64,4,68,201
06/18/2009,TVC,MI,AGL,CE,Towers with Radar,31,37,38,0,106,0,2,54,11,67,31,39,92,11,173,112,4,116,289
06/19/2009,TVC,MI,AGL,CE,Towers with Radar,19,29,10,0,58,0,1,11,10,22,19,30,21,10,80,20,14,34,114
06/20/2009,TVC,MI,AGL,CE,Towers with Radar,39,26,25,1,91,0,0,45,4,49,39,26,70,5,140,42,0,42,182
06/21/2009,TVC,MI,AGL,CE,Towers with Radar,37,20,28,0,85,0,5,51,6,62,37,25,79,6,147,12,10,22,169
06/22/2009,TVC,MI,AGL,CE,Towers with Radar,29,27,43,0,99,0,4,86,8,98,29,31,129,8,197,122,14,136,333
06/23/2009,TVC,MI,AGL,CE,Towers with Radar,31,22,30,4,87,0,9,73,7,89,31,31,103,11,176,68,0,68,244
06/24/2009,TVC,MI,AGL,CE,Towers with Radar,29,17,26,1,73,0,10,73,15,98,29,27,99,16,171,54,0,54,225
06/25/2009,TVC,MI,AGL,CE,Towers with Radar,29,26,30,0,85,0,12,66,8,86,29,38,96,8,171,110,4,114,285
06/26/2009,TVC,MI,AGL,CE,Towers with Radar,33,38,20,0,91,0,6,83,8,97,33,44,103,8,188,112,4,116,304
06/27/2009,TVC,MI,AGL,CE,Towers with Radar,39,17,17,0,73,0,2,75,21,98,39,19,92,21,171,22,0,22,193
06/28/2009,TVC,MI,AGL,CE,Towers with Radar,38,23,20,0,81,0,9,28,3,40,38,32,48,3,121,24,0,24,145
06/29/2009,TVC,MI,AGL,CE,Towers with Radar,31,24,20,0,75,0,0,21,14,35,31,24,41,14,110,76,42,118,228
06/30/2009,TVC,MI,AGL,CE,Towers with Radar,34,22,32,2,90,0,1,7,3,11,34,23,39,5,101,36,0,36,137
07/01/2009,TVC,MI,AGL,CE,Towers with Radar,35,32,45,1,113,0,2,6,3,11,35,34,51,4,124,12,14,26,150
07/02/2009,TVC,MI,AGL,CE,Towers with Radar,34,34,45,10,123,0,2,11,11,24,34,36,56,21,147,6,74,80,227
07/03/2009,TVC,MI,AGL,CE,Towers with Radar,37,32,28,0,97,0,1,101,22,124,37,33,129,22,221,20,10,30,251
07/04/2009,TVC,MI,AGL,CE,Towers with Radar,51,5,26,0,82,0,5,112,13,130,51,10,138,13,212,40,8,48,260
07/05/2009,TVC,MI,AGL,CE,Towers with Radar,45,24,23,1,93,0,4,76,21,101,45,28,99,22,194,28,10,38,232
07/06/2009,TVC,MI,AGL,CE,Towers with Radar,33,28,26,7,94,0,3,67,9,79,33,31,93,16,173,62,8,70,243
07/07/2009,TVC,MI,AGL,CE,Towers with Radar,34,26,20,4,84,0,7,36,6,49,34,33,56,10,133,144,8,152,285
07/08/2009,TVC,MI,AGL,CE,Towers with Radar,35,39,30,5,109,0,5,107,8,120,35,44,137,13,229,142,2,144,373
07/09/2009,TVC,MI,AGL,CE,Towers with Radar,34,26,39,4,103,0,3,96,6,105,34,29,135,10,208,66,0,66,274
07/10/2009,TVC,MI,AGL,CE,Towers with Radar,38,40,20,0,98,0,6,91,5,102,38,46,111,5,200,98,0,98,298
07/11/2009,TVC,MI,AGL,CE,Towers with Radar,46,17,6,0,69,0,2,76,4,82,46,19,82,4,151,48,10,58,209
07/12/2009,TVC,MI,AGL,CE,Towers with Radar,48,29,22,16,115,0,4,52,4,60,48,33,74,20,175,20,12,32,207
07/13/2009,TVC,MI,AGL,CE,Towers with Radar,35,26,39,6,106,0,2,98,5,105,35,28,137,11,211,126,2,128,339
07/14/2009,TVC,MI,AGL,CE,Towers with Radar,35,33,21,3,92,0,1,127,5,133,35,34,148,8,225,248,0,248,473
07/15/2009,TVC,MI,AGL,CE,Towers with Radar,37,33,16,3,89,0,3,33,9,45,37,36,49,12,134,38,24,62,196
07/16/2009,TVC,MI,AGL,CE,Towers with Radar,33,31,33,4,101,0,8,73,12,93,33,39,106,16,194,114,22,136,330
07/17/2009,TVC,MI,AGL,CE,Towers with Radar,41,37,49,3,130,0,4,36,13,53,41,41,85,16,183,34,28,62,245
07/18/2009,TVC,MI,AGL,CE,Towers with Radar,44,21,21,0,86,0,7,20,5,32,44,28,41,5,118,16,0,16,134
07/19/2009,TVC,MI,AGL,CE,Towers with Radar,41,35,42,5,123,0,4,86,7,97,41,39,128,12,220,114,0,114,334
07/20/2009,TVC,MI,AGL,CE,Towers with Radar,32,31,26,0,89,0,0,89,11,100,32,31,115,11,189,154,6,160,349
07/21/2009,TVC,MI,AGL,CE,Towers with Radar,35,22,28,2,87,0,4,99,10,113,35,26,127,12,200,122,6,128,328
07/22/2009,TVC,MI,AGL,CE,Towers with Radar,34,30,7,0,71,0,1,12,8,21,34,31,19,8,92,8,0,8,100
07/23/2009,TVC,MI,AGL,CE,Towers with Radar,32,43,18,1,94,0,2,22,8,32,32,45,40,9,126,78,0,78,204
07/24/2009,TVC,MI,AGL,CE,Towers with Radar,39,40,37,22,138,0,4,47,10,61,39,44,84,32,199,38,4,42,241
07/25/2009,TVC,MI,AGL,CE,Towers with Radar,44,11,13,0,68,0,3,33,2,38,44,14,46,2,106,42,0,42,148
07/26/2009,TVC,MI,AGL,CE,Towers with Radar,44,20,29,0,93,0,0,6,6,12,44,20,35,6,105,1,0,1,106
07/27/2009,TVC,MI,AGL,CE,Towers with Radar,33,25,50,9,117,0,5,73,13,91,33,30,123,22,208,102,14,116,324
07/28/2009,TVC,MI,AGL,CE,Towers with Radar,33,30,19,1,83,0,5,58,8,71,33,35,77,9,154,58,0,58,212
07/29/2009,TVC,MI,AGL,CE,Towers with Radar,33,29,27,9,98,0,5,87,7,99,33,34,114,16,197,102,8,110,307
07/30/2009,TVC,MI,AGL,CE,Towers with Radar,36,29,38,8,111,0,4,69,5,78,36,33,107,13,189,118,18,136,325
07/31/2009,TVC,MI,AGL,CE,Towers with Radar,34,58,31,4,127,0,2,79,7,88,34,60,110,11,215,40,0,40,255
08/01/2009,TVC,MI,AGL,CE,Towers with Radar,41,24,44,0,109,0,1,32,7,40,41,25,76,7,149,30,0,30,179
08/02/2009,TVC,MI,AGL,CE,Towers with Radar,38,20,44,1,103,0,2,64,3,69,38,22,108,4,172,64,2,66,238
08/03/2009,TVC,MI,AGL,CE,Towers with Radar,35,34,51,10,130,0,3,44,12,59,35,37,95,22,189,56,12,68,257
08/04/2009,TVC,MI,AGL,CE,Towers with Radar,32,38,33,0,103,0,3,68,8,79,32,41,101,8,182,162,0,162,344
08/05/2009,TVC,MI,AGL,CE,Towers with Radar,33,44,28,2,107,0,4,74,9,87,33,48,102,11,194,74,0,74,268
08/06/2009,TVC,MI,AGL,CE,Towers with Radar,33,31,40,0,104,0,3,96,10,109,33,34,136,10,213,108,0,108,321
08/07/2009,TVC,MI,AGL,CE,Towers with Radar,37,36,23,5,101,0,9,89,13,111,37,45,112,18,212,88,4,92,304
08/08/2009,TVC,MI,AGL,CE,Towers with Radar,44,11,13,0,68,0,0,3,2,5,44,11,16,2,73,0,0,0,73
08/09/2009,TVC,MI,AGL,CE,Towers with Radar,41,29,20,0,90,0,2,14,6,22,41,31,34,6,112,0,1,1,113
08/10/2009,TVC,MI,AGL,CE,Towers with Radar,35,32,31,3,101,0,3,35,6,44,35,35,66,9,145,72,20,92,237
08/11/2009,TVC,MI,AGL,CE,Towers with Radar,34,27,30,2,93,0,2,48,11,61,34,29,78,13,154,116,0,116,270
08/12/2009,TVC,MI,AGL,CE,Towers with Radar,34,30,49,11,124,0,6,99,5,110,34,36,148,16,234,98,10,108,342
08/13/2009,TVC,MI,AGL,CE,Towers with Radar,33,25,52,3,113,0,2,90,13,105,33,27,142,16,218,108,12,120,338
08/14/2009,TVC,MI,AGL,CE,Towers with Radar,36,34,44,5,119,0,1,62,13,76,36,35,106,18,195,68,2,70,265
08/15/2009,TVC,MI,AGL,CE,Towers with Radar,43,21,26,0,90,0,3,81,2,86,43,24,107,2,176,68,0,68,244
08/16/2009,TVC,MI,AGL,CE,Towers with Radar,33,23,25,0,81,0,3,44,4,51,33,26,69,4,132,22,2,24,156
08/17/2009,TVC,MI,AGL,CE,Towers with Radar,35,30,20,8,93,0,6,24,12,42,35,36,44,20,135,50,54,104,239
08/18/2009,TVC,MI,AGL,CE,Towers with Radar,28,27,18,4,77,0,1,58,8,67,28,28,76,12,144,84,0,84,228
08/19/2009,TVC,MI,AGL,CE,Towers with Radar,27,28,38,4,97,0,1,88,17,106,27,29,126,21,203,128,28,156,359
08/20/2009,TVC,MI,AGL,CE,Towers with Radar,28,26,20,2,76,0,3,14,10,27,28,29,34,12,103,44,56,100,203
08/21/2009,TVC,MI,AGL,CE,Towers with Radar,33,28,29,1,91,0,2,8,4,14,33,30,37,5,105,2,26,28,133
08/22/2009,TVC,MI,AGL,CE,Towers with Radar,38,15,21,1,75,0,2,10,3,15,38,17,31,4,90,10,0,10,100
08/23/2009,TVC,MI,AGL,CE,Towers with Radar,35,18,41,0,94,0,5,51,11,67,35,23,92,11,161,42,10,52,213
08/24/2009,TVC,MI,AGL,CE,Towers with Radar,30,15,49,2,96,0,2,97,12,111,30,17,146,14,207,86,42,128,335
08/25/2009,TVC,MI,AGL,CE,Towers with Radar,28,24,19,2,73,0,3,39,1,43,28,27,58,3,116,30,0,30,146
08/26/2009,TVC,MI,AGL,CE,Towers with Radar,30,25,28,4,87,0,2,71,4,77,30,27,99,8,164,70,8,78,242
08/27/2009,TVC,MI,AGL,CE,Towers with Radar,29,22,31,3,85,0,0,96,15,111,29,22,127,18,196,100,24,124,320
08/28/2009,TVC,MI,AGL,CE,Towers with Radar,30,26,42,11,109,0,1,51,8,60,30,27,93,19,169,86,8,94,263
08/29/2009,TVC,MI,AGL,CE,Towers with Radar,36,17,10,1,64,0,2,1,1,4,36,19,11,2,68,0,0,0,68
08/30/2009,TVC,MI,AGL,CE,Towers with Radar,35,11,28,12,86,0,2,52,2,56,35,13,80,14,142,50,30,80,222
08/31/2009,TVC,MI,AGL,CE,Towers with Radar,29,30,38,8,105,0,1,78,8,87,29,31,116,16,192,134,22,156,348
09/01/2009,TVC,MI,AGL,CE,Towers with Radar,26,27,41,6,100,0,7,91,13,111,26,34,132,19,211,130,36,166,377
09/02/2009,TVC,MI,AGL,CE,Towers with Radar,24,22,50,3,99,0,3,97,7,107,24,25,147,10,206,170,0,170,376
09/03/2009,TVC,MI,AGL,CE,Towers with Radar,24,28,47,4,103,0,3,99,7,109,24,31,146,11,212,136,36,172,384
09/04/2009,TVC,MI,AGL,CE,Towers with Radar,26,40,38,10,114,0,1,109,5,115,26,41,147,15,229,108,30,138,367
09/05/2009,TVC,MI,AGL,CE,Towers with Radar,27,24,28,0,79,0,2,136,2,140,27,26,164,2,219,44,32,76,295
09/06/2009,TVC,MI,AGL,CE,Towers with Radar,19,8,8,0,35,0,2,48,5,55,19,10,56,5,90,2,20,22,112
09/07/2009,TVC,MI,AGL,CE,Towers with Radar,32,16,33,0,81,0,2,53,3,58,32,18,86,3,139,44,0,44,183
09/08/2009,TVC,MI,AGL,CE,Towers with Radar,26,22,36,3,87,0,0,102,4,106,26,22,138,7,193,180,2,182,375
09/09/2009,TVC,MI,AGL,CE,Towers with Radar,26,24,50,4,104,0,1,72,8,81,26,25,122,12,185,134,32,166,351
09/10/2009,TVC,MI,AGL,CE,Towers with Radar,29,28,25,0,82,0,2,73,7,82,29,30,98,7,164,130,26,156,320
09/11/2009,TVC,MI,AGL,CE,Towers with Radar,27,36,29,5,97,0,1,92,0,93,27,37,121,5,190,182,0,182,372
09/12/2009,TVC,MI,AGL,CE,Towers with Radar,20,17,7,2,46,0,2,56,5,63,20,19,63,7,109,48,0,48,157
09/13/2009,TVC,MI,AGL,CE,Towers with Radar,30,16,23,4,73,0,0,47,1,48,30,16,70,5,121,44,0,44,165
09/14/2009,TVC,MI,AGL,CE,Towers with Radar,29,15,21,2,67,0,0,69,8,77,29,15,90,10,144,72,37,109,253
09/15/2009,TVC,MI,AGL,CE,Towers with Radar,24,25,49,3,101,0,15,86,6,107,24,40,135,9,208,106,18,124,332
09/16/2009,TVC,MI,AGL,CE,Towers with Radar,24,21,42,18,105,0,4,90,13,107,24,25,132,31,212,166,86,252,464
09/17/2009,TVC,MI,AGL,CE,Towers with Radar,25,29,45,10,109,0,7,108,13,128,25,36,153,23,237,236,50,286,523
09/18/2009,TVC,MI,AGL,CE,Towers with Radar,25,23,33,3,84,0,4,59,9,72,25,27,92,12,156,100,18,118,274
09/19/2009,TVC,MI,AGL,CE,Towers with Radar,24,19,19,1,63,0,5,67,3,75,24,24,86,4,138,34,0,34,172
09/20/2009,TVC,MI,AGL,CE,Towers with Radar,27,7,22,4,60,0,6,67,5,78,27,13,89,9,138,36,4,40,178
09/21/2009,TVC,MI,AGL,CE,Towers with Radar,26,22,25,2,75,0,0,5,9,14,26,22,30,11,89,20,41,61,150
09/22/2009,TVC,MI,AGL,CE,Towers with Radar,26,20,16,8,70,0,0,56,23,79,26,20,72,31,149,158,72,230,379
09/23/2009,TVC,MI,AGL,CE,Towers with Radar,24,20,41,0,85,52,15,0,0,67,76,35,41,0,152,94,56,150,302
09/24/2009,TVC,MI,AGL,CE,Towers with Radar,26,25,35,8,94,0,1,105,31,137,26,26,140,39,231,154,104,258,489
09/25/2009,TVC,MI,AGL,CE,Towers with Radar,24,20,35,6,85,0,5,99,24,128,24,25,134,30,213,204,70,274,487
09/26/2009,TVC,MI,AGL,CE,Towers with Radar,23,13,20,1,57,0,1,34,4,39,23,14,54,5,96,66,4,70,166
09/27/2009,TVC,MI,AGL,CE,Towers with Radar,28,11,20,1,60,0,0,17,7,24,28,11,37,8,84,6,4,10,94
09/28/2009,TVC,MI,AGL,CE,Towers with Radar,25,9,5,3,42,0,2,1,6,9,25,11,6,9,51,0,23,23,74
09/29/2009,TVC,MI,AGL,CE,Towers with Radar,26,20,11,0,57,0,0,0,5,5,26,20,11,5,62,0,44,44,106
09/30/2009,TVC,MI,AGL,CE,Towers with Radar,26,14,34,2,76,0,5,105,15,125,26,19,139,17,201,190,42,232,433
10/01/2009,TVC,MI,AGL,CE,Towers with Radar,19,27,73,3,122,0,3,121,23,147,19,30,194,26,269,192,32,224,493
10/02/2009,TVC,MI,AGL,CE,Towers with Radar,25,23,25,0,73,0,0,1,9,10,25,23,26,9,83,0,16,16,99
10/03/2009,TVC,MI,AGL,CE,Towers with Radar,20,11,22,11,64,0,0,4,2,6,20,11,26,13,70,6,8,14,84
10/04/2009,TVC,MI,AGL,CE,Towers with Radar,20,13,21,0,54,0,1,6,4,11,20,14,27,4,65,16,0,16,81
10/05/2009,TVC,MI,AGL,CE,Towers with Radar,18,16,40,8,82,0,2,83,2,87,18,18,123,10,169,312,4,316,485
10/06/2009,TVC,MI,AGL,CE,Towers with Radar,28,20,23,2,73,0,0,24,7,31,28,20,47,9,104,64,20,84,188
10/07/2009,TVC,MI,AGL,CE,Towers with Radar,20,30,17,0,67,0,2,29,2,33,20,32,46,2,100,40,0,40,140
10/08/2009,TVC,MI,AGL,CE,Towers with Radar,21,22,42,5,90,0,2,70,10,82,21,24,112,15,172,160,0,160,332
10/09/2009,TVC,MI,AGL,CE,Towers with Radar,21,29,42,14,106,0,1,59,8,68,21,30,101,22,174,102,0,102,276
10/10/2009,TVC,MI,AGL,CE,Towers with Radar,19,15,15,1,50,0,0,39,3,42,19,15,54,4,92,4,0,4,96
10/11/2009,TVC,MI,AGL,CE,Towers with Radar,21,16,34,4,75,0,4,57,5,66,21,20,91,9,141,74,0,74,215
10/12/2009,TVC,MI,AGL,CE,Towers with Radar,27,16,16,0,59,0,6,68,4,78,27,22,84,4,137,160,0,160,297
10/13/2009,TVC,MI,AGL,CE,Towers with Radar,22,14,45,22,103,0,1,60,14,75,22,15,105,36,178,142,42,184,362
10/14/2009,TVC,MI,AGL,CE,Towers with Radar,21,20,29,14,84,0,1,68,13,82,21,21,97,27,166,174,18,192,358
10/15/2009,TVC,MI,AGL,CE,Towers with Radar,21,30,40,4,95,0,4,83,9,96,21,34,123,13,191,206,20,226,417
10/16/2009,TVC,MI,AGL,CE,Towers with Radar,22,25,56,20,123,0,3,73,11,87,22,28,129,31,210,144,12,156,366
10/17/2009,TVC,MI,AGL,CE,Towers with Radar,19,27,12,0,58,0,6,67,5,78,19,33,79,5,136,46,8,54,190
10/18/2009,TVC,MI,AGL,CE,Towers with Radar,22,10,31,7,70,0,0,97,5,102,22,10,128,12,172,34,30,64,236
10/19/2009,TVC,MI,AGL,CE,Towers with Radar,21,10,21,4,56,0,0,1,1,2,21,10,22,5,58,38,4,42,100
10/20/2009,TVC,MI,AGL,CE,Towers with Radar,21,15,49,8,93,0,2,57,11,70,21,17,106,19,163,184,12,196,359
10/21/2009,TVC,MI,AGL,CE,Towers with Radar,21,24,37,4,86,0,0,2,0,2,21,24,39,4,88,6,0,6,94
10/22/2009,TVC,MI,AGL,CE,Towers with Radar,15,24,24,0,63,0,1,3,11,15,15,25,27,11,78,18,12,30,108
10/23/2009,TVC,MI,AGL,CE,Towers with Radar,23,25,3,0,51,0,0,0,2,2,23,25,3,2,53,0,30,30,83
10/24/2009,TVC,MI,AGL,CE,Towers with Radar,20,12,5,0,37,0,0,1,4,5,20,12,6,4,42,0,12,12,54
10/25/2009,TVC,MI,AGL,CE,Towers with Radar,18,11,15,3,47,0,1,27,2,30,18,12,42,5,77,4,2,6,83
10/26/2009,TVC,MI,AGL,CE,Towers with Radar,18,10,7,0,35,0,0,0,3,3,18,10,7,3,38,0,2,2,40
10/27/2009,TVC,MI,AGL,CE,Towers with Radar,20,20,25,4,69,0,8,77,13,98,20,28,102,17,167,140,2,142,309
10/28/2009,TVC,MI,AGL,CE,Towers with Radar,20,28,47,11,106,0,1,94,7,102,20,29,141,18,208,96,2,98,306
10/29/2009,TVC,MI,AGL,CE,Towers with Radar,18,17,51,10,96,0,3,53,11,67,18,20,104,21,163,118,4,122,285
10/30/2009,TVC,MI,AGL,CE,Towers with Radar,20,24,20,1,65,0,0,0,5,5,20,24,20,6,70,4,2,6,76
10/31/2009,TVC,MI,AGL,CE,Towers with Radar,17,12,0,12,41,0,0,0,0,0,17,12,0,12,41,0,0,0,41
11/01/2009,TVC,MI,AGL,CE,Towers with Radar,15,2,10,2,29,0,0,41,2,43,15,2,51,4,72,22,0,22,94
11/02/2009,TVC,MI,AGL,CE,Towers with Radar,19,12,24,0,55,0,3,48,8,59,19,15,72,8,114,134,2,136,250
11/03/2009,TVC,MI,AGL,CE,Towers with Radar,20,19,43,6,88,0,2,49,13,64,20,21,92,19,152,76,30,106,258
11/04/2009,TVC,MI,AGL,CE,Towers with Radar,19,16,30,1,66,0,0,58,8,66,19,16,88,9,132,166,2,168,300
11/05/2009,TVC,MI,AGL,CE,Towers with Radar,22,16,29,12,79,0,4,58,7,69,22,20,87,19,148,90,6,96,244
11/06/2009,TVC,MI,AGL,CE,Towers with Radar,20,19,49,10,98,0,3,60,10,73,20,22,109,20,171,76,4,80,251
11/07/2009,TVC,MI,AGL,CE,Towers with Radar,17,7,28,2,54,0,3,29,3,35,17,10,57,5,89,36,0,36,125
11/08/2009,TVC,MI,AGL,CE,Towers with Radar,19,5,39,0,63,0,3,83,6,92,19,8,122,6,155,82,0,82,237
11/09/2009,TVC,MI,AGL,CE,Towers with Radar,19,9,39,1,68,0,8,34,13,55,19,17,73,14,123,64,12,76,199
11/10/2009,TVC,MI,AGL,CE,Towers with Radar,18,15,56,0,89,0,5,84,7,96,18,20,140,7,185,182,0,182,367
11/11/2009,TVC,MI,AGL,CE,Towers with Radar,18,14,49,0,81,0,2,84,2,88,18,16,133,2,169,132,0,132,301
11/12/2009,TVC,MI,AGL,CE,Towers with Radar,19,15,56,0,90,0,3,103,13,119,19,18,159,13,209,190,8,198,407
11/13/2009,TVC,MI,AGL,CE,Towers with Radar,19,16,39,2,76,0,0,59,12,71,19,16,98,14,147,130,0,130,277
11/14/2009,TVC,MI,AGL,CE,Towers with Radar,16,8,28,0,52,0,2,32,2,36,16,10,60,2,88,82,0,82,170
11/15/2009,TVC,MI,AGL,CE,Towers with Radar,18,2,37,0,57,0,0,27,2,29,18,2,64,2,86,50,0,50,136
11/16/2009,TVC,MI,AGL,CE,Towers with Radar,20,17,21,12,70,0,1,52,7,60,20,18,73,19,130,128,30,158,288
11/17/2009,TVC,MI,AGL,CE,Towers with Radar,18,20,47,13,98,0,0,89,12,101,18,20,136,25,199,202,10,212,411
11/18/2009,TVC,MI,AGL,CE,Towers with Radar,17,22,26,13,78,0,2,85,17,104,17,24,111,30,182,178,22,200,382
11/19/2009,TVC,MI,AGL,CE,Towers with Radar,19,11,16,4,50,0,2,6,10,18,19,13,22,14,68,20,0,20,88
11/20/2009,TVC,MI,AGL,CE,Towers with Radar,17,22,35,1,75,0,0,5,10,15,17,22,40,11,90,8,0,8,98
11/21/2009,TVC,MI,AGL,CE,Towers with Radar,14,9,23,1,47,0,0,39,5,44,14,9,62,6,91,70,0,70,161
11/22/2009,TVC,MI,AGL,CE,Towers with Radar,19,7,8,1,35,0,0,28,2,30,19,7,36,3,65,4,0,4,69
11/23/2009,TVC,MI,AGL,CE,Towers with Radar,20,18,20,0,58,0,1,6,13,20,20,19,26,13,78,18,76,94,172
11/24/2009,TVC,MI,AGL,CE,Towers with Radar,17,15,28,14,74,0,0,7,12,19,17,15,35,26,93,22,34,56,149
11/25/2009,TVC,MI,AGL,CE,Towers with Radar,17,14,10,1,42,0,0,6,5,11,17,14,16,6,53,10,26,36,89
11/26/2009,TVC,MI,AGL,CE,Towers with Radar,14,10,2,0,26,0,2,1,2,5,14,12,3,2,31,0,0,0,31
11/27/2009,TVC,MI,AGL,CE,Towers with Radar,13,13,6,0,32,0,0,1,4,5,13,13,7,4,37,0,0,0,37
11/28/2009,TVC,MI,AGL,CE,Towers with Radar,19,10,17,0,46,0,3,40,2,45,19,13,57,2,91,34,0,34,125
11/29/2009,TVC,MI,AGL,CE,Towers with Radar,16,14,6,0,36,0,0,2,2,4,16,14,8,2,40,0,0,0,40
11/30/2009,TVC,MI,AGL,CE,Towers with Radar,19,9,37,6,71,0,2,56,8,66,19,11,93,14,137,136,36,172,309
12/01/2009,TVC,MI,AGL,CE,Towers with Radar,18,12,68,11,109,0,3,97,8,108,18,15,165,19,217,186,18,204,421
12/02/2009,TVC,MI,AGL,CE,Towers with Radar,15,21,14,2,52,0,1,40,18,59,15,22,54,20,111,136,46,182,293
12/03/2009,TVC,MI,AGL,CE,Towers with Radar,18,19,5,0,42,0,0,1,2,3,18,19,6,2,45,0,10,10,55
12/04/2009,TVC,MI,AGL,CE,Towers with Radar,18,17,5,5,45,0,0,0,2,2,18,17,5,7,47,0,2,2,49
12/05/2009,TVC,MI,AGL,CE,Towers with Radar,16,18,3,2,39,0,0,0,2,2,16,18,3,4,41,0,4,4,45
12/06/2009,TVC,MI,AGL,CE,Towers with Radar,19,5,5,1,30,0,1,4,1,6,19,6,9,2,36,0,0,0,36
12/07/2009,TVC,MI,AGL,CE,Towers with Radar,17,12,6,2,37,0,0,20,16,36,17,12,26,18,73,44,14,58,131
12/08/2009,TVC,MI,AGL,CE,Towers with Radar,13,17,9,0,39,0,2,26,15,43,13,19,35,15,82,44,16,60,142
12/09/2009,TVC,MI,AGL,CE,Towers with Radar,3,11,0,0,14,0,0,0,0,0,3,11,0,0,14,0,0,0,14
12/10/2009,TVC,MI,AGL,CE,Towers with Radar,16,23,3,2,44,0,0,0,0,0,16,23,3,2,44,0,8,8,52
12/11/2009,TVC,MI,AGL,CE,Towers with Radar,19,16,8,0,43,0,0,0,4,4,19,16,8,4,47,2,0,2,49
12/12/2009,TVC,MI,AGL,CE,Towers with Radar,16,13,29,4,62,0,4,52,7,63,16,17,81,11,125,52,2,54,179
12/13/2009,TVC,MI,AGL,CE,Towers with Radar,17,10,4,0,31,0,1,15,2,18,17,11,19,2,49,32,12,44,93
12/14/2009,TVC,MI,AGL,CE,Towers with Radar,15,5,3,0,23,0,0,0,0,0,15,5,3,0,23,0,0,0,23
12/15/2009,TVC,MI,AGL,CE,Towers with Radar,15,24,6,5,50,0,0,0,2,2,15,24,6,7,52,0,6,6,58
12/16/2009,TVC,MI,AGL,CE,Towers with Radar,18,17,22,0,57,0,0,4,10,14,18,17,26,10,71,4,24,28,99
12/17/2009,TVC,MI,AGL,CE,Towers with Radar,17,17,50,2,86,0,5,72,11,88,17,22,122,13,174,128,24,152,326
12/18/2009,TVC,MI,AGL,CE,Towers with Radar,14,33,54,12,113,0,0,48,7,55,14,33,102,19,168,80,16,96,264
12/19/2009,TVC,MI,AGL,CE,Towers with Radar,16,14,3,0,33,0,4,8,6,18,16,18,11,6,51,24,0,24,75
12/20/2009,TVC,MI,AGL,CE,Towers with Radar,18,6,7,0,31,0,0,0,5,5,18,6,7,5,36,0,0,0,36
12/21/2009,TVC,MI,AGL,CE,Towers with Radar,17,19,6,3,45,0,0,9,4,13,17,19,15,7,58,0,12,12,70
12/22/2009,TVC,MI,AGL,CE,Towers with Radar,17,27,5,0,49,0,8,52,4,64,17,35,57,4,113,98,0,98,211
12/23/2009,TVC,MI,AGL,CE,Towers with Radar,14,21,16,0,51,0,1,34,14,49,14,22,50,14,100,156,0,156,256
12/24/2009,TVC,MI,AGL,CE,Towers with Radar,14,15,1,0,30,0,0,3,7,10,14,15,4,7,40,6,0,6,46
12/25/2009,TVC,MI,AGL,CE,Towers with Radar,14,7,0,0,21,0,0,0,0,0,14,7,0,0,21,0,0,0,21
12/26/2009,TVC,MI,AGL,CE,Towers with Radar,11,17,2,2,32,0,0,5,3,8,11,17,7,5,40,10,6,16,56
12/27/2009,TVC,MI,AGL,CE,Towers with Radar,16,11,8,0,35,0,2,10,3,15,16,13,18,3,50,10,0,10,60
12/28/2009,TVC,MI,AGL,CE,Towers with Radar,17,15,1,0,33,0,0,0,0,0,17,15,1,0,33,0,0,0,33
12/29/2009,TVC,MI,AGL,CE,Towers with Radar,19,25,13,2,59,0,1,27,5,33,19,26,40,7,92,26,2,28,120
12/30/2009,TVC,MI,AGL,CE,Towers with Radar,13,24,10,0,47,0,3,16,5,24,13,27,26,5,71,26,0,26,97
12/31/2009,TVC,MI,AGL,CE,Towers with Radar,16,21,4,2,43,0,0,0,0,0,16,21,4,2,43,0,10,10,53
01/01/2010,TVC,MI,AGL,CE,Towers with Radar,14,3,0,0,17,0,0,0,0,0,14,3,0,0,17,0,0,0,17
01/02/2010,TVC,MI,AGL,CE,Towers with Radar,15,12,9,0,36,0,0,0,0,0,15,12,9,0,36,0,0,0,36
01/03/2010,TVC,MI,AGL,CE,Towers with Radar,19,15,9,0,43,0,0,0,0,0,19,15,9,0,43,0,0,0,43
01/04/2010,TVC,MI,AGL,CE,Towers with Radar,18,19,2,0,39,0,0,2,0,2,18,19,4,0,41,0,0,0,41
01/05/2010,TVC,MI,AGL,CE,Towers with Radar,14,10,3,0,27,0,0,2,6,8,14,10,5,6,35,0,10,10,45
01/06/2010,TVC,MI,AGL,CE,Towers with Radar,15,16,3,0,34,0,0,2,8,10,15,16,5,8,44,12,20,32,76
01/07/2010,TVC,MI,AGL,CE,Towers with Radar,7,12,5,6,30,0,0,0,1,1,7,12,5,7,31,0,0,0,31
01/08/2010,TVC,MI,AGL,CE,Towers with Radar,13,21,7,13,54,0,0,1,8,9,13,21,8,21,63,0,52,52,115
01/09/2010,TVC,MI,AGL,CE,Towers with Radar,16,8,29,16,69,0,2,54,7,63,16,10,83,23,132,48,20,68,200
01/10/2010,TVC,MI,AGL,CE,Towers with Radar,15,5,15,4,39,0,0,25,1,26,15,5,40,5,65,10,0,10,75
01/11/2010,TVC,MI,AGL,CE,Towers with Radar,20,12,1,7,40,0,0,1,11,12,20,12,2,18,52,0,50,50,102
01/12/2010,TVC,MI,AGL,CE,Towers with Radar,17,15,9,3,44,0,0,7,12,19,17,15,16,15,63,22,62,84,147
01/13/2010,TVC,MI,AGL,CE,Towers with Radar,17,15,19,0,51,0,0,9,10,19,17,15,28,10,70,58,56,114,184
01/14/2010,TVC,MI,AGL,CE,Towers with Radar,16,14,33,0,63,0,0,0,0,0,16,14,33,0,63,0,14,14,77
01/15/2010,TVC,MI,AGL,CE,Towers with Radar,17,24,20,0,61,0,2,23,8,33,17,26,43,8,94,58,38,96,190
01/16/2010,TVC,MI,AGL,CE,Towers with Radar,14,11,23,0,48,0,0,32,2,34,14,11,55,2,82,37,0,37,119
01/17/2010,TVC,MI,AGL,CE,Towers with Radar,16,1,3,3,23,0,0,3,5,8,16,1,6,8,31,0,10,10,41
01/18/2010,TVC,MI,AGL,CE,Towers with Radar,16,11,31,0,58,0,0,38,4,42,16,11,69,4,100,90,10,100,200
01/19/2010,TVC,MI,AGL,CE,Towers with Radar,17,23,2,17,59,0,0,11,10,21,17,23,13,27,80,24,70,94,174
01/20/2010,TVC,MI,AGL,CE,Towers with Radar,16,15,58,30,119,0,0,94,12,106,16,15,152,42,225,134,34,168,393
01/21/2010,TVC,MI,AGL,CE,Towers with Radar,16,29,71,5,121,0,8,58,11,77,16,37,129,16,198,154,26,180,378
01/22/2010,TVC,MI,AGL,CE,Towers with Radar,14,14,74,5,107,0,1,85,9,95,14,15,159,14,202,148,12,160,362
01/23/2010,TVC,MI,AGL,CE,Towers with Radar,15,13,25,0,53,0,0,14,2,16,15,13,39,2,69,58,4,62,131
01/24/2010,TVC,MI,AGL,CE,Towers with Radar,14,1,2,0,17,0,0,0,3,3,14,1,2,3,20,0,0,0,20
01/25/2010,TVC,MI,AGL,CE,Towers with Radar,16,10,4,1,31,0,0,3,8,11,16,10,7,9,42,0,50,50,92
01/26/2010,TVC,MI,AGL,CE,Towers with Radar,16,14,1,17,48,0,0,4,10,14,16,14,5,27,62,8,18,26,88
01/27/2010,TVC,MI,AGL,CE,Towers with Radar,16,14,8,14,52,0,0,3,5,8,16,14,11,19,60,4,0,4,64
01/28/2010,TVC,MI,AGL,CE,Towers with Radar,16,18,6,0,40,0,0,0,7,7,16,18,6,7,47,0,11,11,58
01/29/2010,TVC,MI,AGL,CE,Towers with Radar,16,17,48,8,89,0,1,35,11,47,16,18,83,19,136,38,22,60,196
01/30/2010,TVC,MI,AGL,CE,Towers with Radar,16,12,6,0,34,0,0,8,4,12,16,12,14,4,46,16,0,16,62
01/31/2010,TVC,MI,AGL,CE,Towers with Radar,15,0,19,1,35,0,0,0,0,0,15,0,19,1,35,6,0,6,41
02/01/2010,TVC,MI,AGL,CE,Towers with Radar,17,9,46,27,99,0,0,84,16,100,17,9,130,43,199,100,42,142,341
02/02/2010,TVC,MI,AGL,CE,Towers with Radar,17,13,31,0,61,0,0,31,4,35,17,13,62,4,96,76,10,86,182
02/03/2010,TVC,MI,AGL,CE,Towers with Radar,17,16,8,4,45,0,0,15,13,28,17,16,23,17,73,26,0,26,99
02/04/2010,TVC,MI,AGL,CE,Towers with Radar,16,17,56,4,93,0,4,64,8,76,16,21,120,12,169,166,12,178,347
02/05/2010,TVC,MI,AGL,CE,Towers with Radar,16,18,2,0,36,0,0,20,8,28,16,18,22,8,64,82,10,92,156
02/06/2010,TVC,MI,AGL,CE,Towers with Radar,17,8,13,4,42,0,3,40,5,48,17,11,53,9,90,32,26,58,148
02/07/2010,TVC,MI,AGL,CE,Towers with Radar,15,3,12,4,34,0,3,23,2,28,15,6,35,6,62,8,14,22,84
02/08/2010,TVC,MI,AGL,CE,Towers with Radar,17,22,81,22,142,0,8,96,11,115,17,30,177,33,257,150,40,190,447
02/09/2010,TVC,MI,AGL,CE,Towers with Radar,12,14,3,4,33,0,0,5,4,9,12,14,8,8,42,8,38,46,88
02/10/2010,TVC,MI,AGL,CE,Towers with Radar,14,24,4,5,47,0,0,0,0,0,14,24,4,5,47,0,4,4,51
02/11/2010,TVC,MI,AGL,CE,Towers with Radar,15,28,27,16,86,0,4,33,10,47,15,32,60,26,133,74,20,94,227
02/12/2010,TVC,MI,AGL,CE,Towers with Radar,18,27,42,3,90,0,8,66,12,86,18,35,108,15,176,112,10,122,298
02/13/2010,TVC,MI,AGL,CE,Towers with Radar,15,6,6,0,27,0,0,13,8,21,15,6,19,8,48,14,0,14,62
02/14/2010,TVC,MI,AGL,CE,Towers with Radar,15,3,3,0,21,0,0,2,2,4,15,3,5,2,25,0,0,0,25
02/15/2010,TVC,MI,AGL,CE,Towers with Radar,18,14,3,0,35,0,0,4,3,7,18,14,7,3,42,4,0,4,46
02/16/2010,TVC,MI,AGL,CE,Towers with Radar,17,24,5,0,46,0,5,6,9,20,17,29,11,9,66,20,38,58,124
02/17/2010,TVC,MI,AGL,CE,Towers with Radar,16,19,4,1,40,0,0,0,2,2,16,19,4,3,42,0,0,0,42
02/18/2010,TVC,MI,AGL,CE,Towers with Radar,17,22,21,10,70,0,1,29,5,35,17,23,50,15,105,44,14,58,163
02/19/2010,TVC,MI,AGL,CE,Towers with Radar,18,16,51,4,89,0,2,72,7,81,18,18,123,11,170,54,9,63,233
02/20/2010,TVC,MI,AGL,CE,Towers with Radar,17,7,12,7,43,0,6,45,4,55,17,13,57,11,98,28,4,32,130
02/21/2010,TVC,MI,AGL,CE,Towers with Radar,17,2,7,12,38,0,2,13,2,17,17,4,20,14,55,6,12,18,73
02/22/2010,TVC,MI,AGL,CE,Towers with Radar,11,14,5,7,37,0,0,4,13,17,11,14,9,20,54,24,18,42,96
02/23/2010,TVC,MI,AGL,CE,Towers with Radar,17,18,26,2,63,0,1,15,4,20,17,19,41,6,83,15,4,19,102
02/24/2010,TVC,MI,AGL,CE,Towers with Radar,16,17,48,11,92,0,0,39,9,48,16,17,87,20,140,108,20,128,268
02/25/2010,TVC,MI,AGL,CE,Towers with Radar,18,14,3,6,41,0,0,5,14,19,18,14,8,20,60,0,17,17,77
02/26/2010,TVC,MI,AGL,CE,Towers with Radar,16,12,5,1,34,0,0,3,7,10,16,12,8,8,44,0,6,6,50
02/27/2010,TVC,MI,AGL,CE,Towers with Radar,15,10,0,0,25,0,0,1,2,3,15,10,1,2,28,0,0,0,28
02/28/2010,TVC,MI,AGL,CE,Towers with Radar,18,2,1,0,21,0,0,2,5,7,18,2,3,5,28,0,0,0,28
03/01/2010,TVC,MI,AGL,CE,Towers with Radar,17,11,51,11,90,0,1,70,9,80,17,12,121,20,170,172,38,210,380
03/02/2010,TVC,MI,AGL,CE,Towers with Radar,17,17,33,20,87,0,4,55,12,71,17,21,88,32,158,110,42,152,310
03/03/2010,TVC,MI,AGL,CE,Towers with Radar,17,16,55,8,96,0,4,72,10,86,17,20,127,18,182,184,54,238,420
03/04/2010,TVC,MI,AGL,CE,Towers with Radar,16,13,51,8,88,0,7,57,10,74,16,20,108,18,162,92,28,120,282
03/05/2010,TVC,MI,AGL,CE,Towers with Radar,17,13,28,0,58,0,4,76,9,89,17,17,104,9,147,142,6,148,295
03/06/2010,TVC,MI,AGL,CE,Towers with Radar,17,10,44,8,79,0,0,66,6,72,17,10,110,14,151,44,38,82,233
03/07/2010,TVC,MI,AGL,CE,Towers with Radar,17,8,3,1,29,0,11,32,1,44,17,19,35,2,73,16,2,18,91
03/08/2010,TVC,MI,AGL,CE,Towers with Radar,16,13,41,2,72,0,0,57,9,66,16,13,98,11,138,142,6,148,286
03/09/2010,TVC,MI,AGL,CE,Towers with Radar,16,21,51,20,108,0,0,68,9,77,16,21,119,29,185,114,54,168,353
03/10/2010,TVC,MI,AGL,CE,Towers with Radar,17,15,68,1,101,0,0,46,12,58,17,15,114,13,159,76,14,90,249
03/11/2010,TVC,MI,AGL,CE,Towers with Radar,18,22,20,10,70,0,0,30,14,44,18,22,50,24,114,50,60,110,224
03/12/2010,TVC,MI,AGL,CE,Towers with Radar,17,23,22,8,70,0,1,0,1,2,17,24,22,9,72,0,16,16,88
03/13/2010,TVC,MI,AGL,CE,Towers with Radar,18,11,9,3,41,0,1,5,2,8,18,12,14,5,49,0,0,0,49
03/14/2010,TVC,MI,AGL,CE,Towers with Radar,19,2,13,4,38,0,7,8,6,21,19,9,21,10,59,0,42,42,101
03/15/2010,TVC,MI,AGL,CE,Towers with Radar,19,14,33,19,85,0,6,53,17,76,19,20,86,36,161,94,32,126,287
03/16/2010,TVC,MI,AGL,CE,Towers with Radar,19,12,63,0,94,0,1,79,15,95,19,13,142,15,189,168,78,246,435
03/17/2010,TVC,MI,AGL,CE,Towers with Radar,20,13,40,0,73,0,2,79,7,88,20,15,119,7,161,134,0,134,295
03/18/2010,TVC,MI,AGL,CE,Towers with Radar,20,16,25,11,72,0,0,55,8,63,20,16,80,19,135,58,28,86,221
03/19/2010,TVC,MI,AGL,CE,Towers with Radar,21,25,52,6,104,0,0,68,3,71,21,25,120,9,175,98,32,130,305
03/20/2010,TVC,MI,AGL,CE,Towers with Radar,16,10,17,2,45,0,1,29,3,33,16,11,46,5,78,66,18,84,162
03/21/2010,TVC,MI,AGL,CE,Towers with Radar,19,4,17,0,40,0,6,37,2,45,19,10,54,2,85,22,0,22,107
03/22/2010,TVC,MI,AGL,CE,Towers with Radar,19,9,0,5,33,0,0,49,9,58,19,9,49,14,91,142,16,158,249
03/23/2010,TVC,MI,AGL,CE,Towers with Radar,19,19,23,5,66,0,0,71,11,82,19,19,94,16,148,202,14,216,364
03/24/2010,TVC,MI,AGL,CE,Towers with Radar,17,13,46,4,80,0,0,69,9,78,17,13,115,13,158,166,20,186,344
03/25/2010,TVC,MI,AGL,CE,Towers with Radar,23,24,23,9,79,0,5,21,13,39,23,29,44,22,118,18,58,76,194
03/26/2010,TVC,MI,AGL,CE,Towers with Radar,19,29,44,4,96,0,7,57,12,76,19,36,101,16,172,88,14,102,274
03/27/2010,TVC,MI,AGL,CE,Towers with Radar,20,13,11,0,44,0,0,30,2,32,20,13,41,2,76,20,0,20,96
03/28/2010,TVC,MI,AGL,CE,Towers with Radar,19,7,10,4,40,0,0,13,2,15,19,7,23,6,55,6,2,8,63
03/29/2010,TVC,MI,AGL,CE,Towers with Radar,19,12,8,3,42,0,2,35,8,45,19,14,43,11,87,64,38,102,189
03/30/2010,TVC,MI,AGL,CE,Towers with Radar,17,17,12,5,51,0,2,48,19,69,17,19,60,24,120,80,50,130,250
03/31/2010,TVC,MI,AGL,CE,Towers with Radar,19,18,10,4,51,0,2,31,10,43,19,20,41,14,94,22,10,32,126
04/01/2010,TVC,MI,AGL,CE,Towers with Radar,19,13,27,16,75,0,3,37,13,53,19,16,64,29,128,74,38,112,240
04/02/2010,TVC,MI,AGL,CE,Towers with Radar,17,17,21,2,57,0,0,32,8,40,17,17,53,10,97,34,10,44,141
04/03/2010,TVC,MI,AGL,CE,Towers with Radar,19,6,5,0,30,0,1,10,7,18,19,7,15,7,48,10,0,10,58
04/04/2010,TVC,MI,AGL,CE,Towers with Radar,18,3,8,2,31,0,6,10,2,18,18,9,18,4,49,0,12,12,61
04/05/2010,TVC,MI,AGL,CE,Towers with Radar,18,11,34,4,67,0,1,56,12,69,18,12,90,16,136,86,22,108,244
04/06/2010,TVC,MI,AGL,CE,Towers with Radar,21,23,13,2,59,0,0,9,8,17,21,23,22,10,76,84,86,170,246
04/07/2010,TVC,MI,AGL,CE,Towers with Radar,18,17,14,1,50,0,0,31,11,42,18,17,45,12,92,84,38,122,214
04/08/2010,TVC,MI,AGL,CE,Towers with Radar,22,16,2,2,42,0,0,0,3,3,22,16,2,5,45,20,22,42,87
04/09/2010,TVC,MI,AGL,CE,Towers with Radar,21,20,8,4,53,0,4,28,8,40,21,24,36,12,93,14,4,18,111
04/10/2010,TVC,MI,AGL,CE,Towers with Radar,13,10,6,1,30,0,0,22,3,25,13,10,28,4,55,12,0,12,67
04/11/2010,TVC,MI,AGL,CE,Towers with Radar,23,6,8,0,37,0,3,49,2,54,23,9,57,2,91,24,16,40,131
04/12/2010,TVC,MI,AGL,CE,Towers with Radar,22,12,38,5,77,0,5,69,13,87,22,17,107,18,164,158,12,170,334
04/13/2010,TVC,MI,AGL,CE,Towers with Radar,21,22,21,3,67,0,2,62,13,77,21,24,83,16,144,128,0,128,272
04/14/2010,TVC,MI,AGL,CE,Towers with Radar,22,20,38,2,82,0,2,76,9,87,22,22,114,11,169,64,12,76,245
04/15/2010,TVC,MI,AGL,CE,Towers with Radar,22,14,23,6,65,1,0,36,9,46,23,14,59,15,111,62,22,84,195
04/16/2010,TVC,MI,AGL,CE,Towers with Radar,23,27,27,6,83,0,2,42,19,63,23,29,69,25,146,44,18,62,208
04/17/2010,TVC,MI,AGL,CE,Towers with Radar,13,13,4,0,30,0,3,4,4,11,13,16,8,4,41,0,0,0,41
04/18/2010,TVC,MI,AGL,CE,Towers with Radar,23,5,3,0,31,0,2,37,3,42,23,7,40,3,73,84,0,84,157
04/19/2010,TVC,MI,AGL,CE,Towers with Radar,30,12,42,0,84,0,5,76,9,90,30,17,118,9,174,162,0,162,336
04/20/2010,TVC,MI,AGL,CE,Towers with Radar,22,15,26,14,77,0,3,70,15,88,22,18,96,29,165,240,26,266,431
04/21/2010,TVC,MI,AGL,CE,Towers with Radar,22,19,29,3,73,0,0,33,8,41,22,19,62,11,114,110,0,110,224
04/22/2010,TVC,MI,AGL,CE,Towers with Radar,22,11,56,2,91,0,4,96,6,106,22,15,152,8,197,226,4,230,427
04/23/2010,TVC,MI,AGL,CE,Towers with Radar,21,24,39,0,84,0,5,80,4,89,21,29,119,4,173,162,0,162,335
04/24/2010,TVC,MI,AGL,CE,Towers with Radar,13,14,4,0,31,0,3,27,5,35,13,17,31,5,66,60,0,60,126
04/25/2010,TVC,MI,AGL,CE,Towers with Radar,20,7,20,0,47,0,0,5,3,8,20,7,25,3,55,12,0,12,67
04/26/2010,TVC,MI,AGL,CE,Towers with Radar,22,17,20,0,59,0,2,58,7,67,22,19,78,7,126,92,2,94,220
04/27/2010,TVC,MI,AGL,CE,Towers with Radar,22,18,44,3,87,0,0,79,13,92,22,18,123,16,179,240,0,240,419
04/28/2010,TVC,MI,AGL,CE,Towers with Radar,22,23,58,6,109,0,2,104,10,116,22,25,162,16,225,246,40,286,511
04/29/2010,TVC,MI,AGL,CE,Towers with Radar,22,15,33,6,76,0,2,47,7,56,22,17,80,13,132,106,6,112,244
04/30/2010,TVC,MI,AGL,CE,Towers with Radar,21,19,39,9,88,0,4,28,11,43,21,23,67,20,131,30,8,38,169
05/01/2010,TVC,MI,AGL,CE,Towers with Radar,16,10,6,0,32,0,0,12,20,32,16,10,18,20,64,4,8,12,76
05/02/2010,TVC,MI,AGL,CE,Towers with Radar,19,6,7,8,40,0,2,14,3,19,19,8,21,11,59,6,0,6,65
05/03/2010,TVC,MI,AGL,CE,Towers with Radar,21,11,28,0,60,0,0,49,6,55,21,11,77,6,115,92,0,92,207
05/04/2010,TVC,MI,AGL,CE,Towers with Radar,21,11,25,1,58,0,7,65,1,73,21,18,90,2,131,172,0,172,303
05/05/2010,TVC,MI,AGL,CE,Towers with Radar,22,21,35,0,78,0,3,37,3,43,22,24,72,3,121,40,0,40,161
05/06/2010,TVC,MI,AGL,CE,Towers with Radar,23,19,37,1,80,0,1,57,4,62,23,20,94,5,142,158,0,158,300
05/07/2010,TVC,MI,AGL,CE,Towers with Radar,18,27,18,0,63,0,5,23,2,30,18,32,41,2,93,76,0,76,169
05/08/2010,TVC,MI,AGL,CE,Towers with Radar,17,12,4,0,33,0,0,0,0,0,17,12,4,0,33,0,0,0,33
05/09/2010,TVC,MI,AGL,CE,Towers with Radar,21,2,19,2,44,0,4,30,5,39,21,6,49,7,83,16,0,16,99
05/10/2010,TVC,MI,AGL,CE,Towers with Radar,22,16,46,4,88,0,1,91,7,99,22,17,137,11,187,140,4,144,331
05/11/2010,TVC,MI,AGL,CE,Towers with Radar,22,18,6,2,48,0,0,20,6,26,22,18,26,8,74,28,2,30,104
05/12/2010,TVC,MI,AGL,CE,Towers with Radar,16,15,41,2,74,0,0,52,11,63,16,15,93,13,137,102,2,104,241
05/13/2010,TVC,MI,AGL,CE,Towers with Radar,25,12,11,3,51,0,0,2,8,10,25,12,13,11,61,16,0,16,77
05/14/2010,TVC,MI,AGL,CE,Towers with Radar,22,21,26,0,69,0,0,16,8,24,22,21,42,8,93,36,2,38,131
05/15/2010,TVC,MI,AGL,CE,Towers with Radar,14,8,19,0,41,0,5,87,8,100,14,13,106,8,141,122,2,124,265
05/16/2010,TVC,MI,AGL,CE,Towers with Radar,23,6,13,0,42,0,2,43,4,49,23,8,56,4,91,52,0,52,143
05/17/2010,TVC,MI,AGL,CE,Towers with Radar,22,17,34,8,81,0,2,45,4,51,22,19,79,12,132,156,8,164,296
05/18/2010,TVC,MI,AGL,CE,Towers with Radar,22,20,35,5,82,0,1,63,8,72,22,21,98,13,154,164,26,190,344
05/19/2010,TVC,MI,AGL,CE,Towers with Radar,22,12,47,6,87,0,1,95,9,105,22,13,142,15,192,170,8,178,370
05/20/2010,TVC,MI,AGL,CE,Towers with Radar,22,20,47,0,89,0,5,95,6,106,22,25,142,6,195,246,0,246,441
05/21/2010,TVC,MI,AGL,CE,Towers with Radar,16,20,33,4,73,0,1,38,5,44,16,21,71,9,117,74,42,116,233
05/22/2010,TVC,MI,AGL,CE,Towers with Radar,15,8,28,2,53,0,2,13,8,23,15,10,41,10,76,36,2,38,114
05/23/2010,TVC,MI,AGL,CE,Towers with Radar,22,9,21,1,53,0,4,32,2,38,22,13,53,3,91,50,0,50,141
05/24/2010,TVC,MI,AGL,CE,Towers with Radar,21,15,17,2,55,0,4,49,9,62,21,19,66,11,117,140,0,140,257
05/25/2010,TVC,MI,AGL,CE,Towers with Radar,23,19,26,0,68,0,4,60,6,70,23,23,86,6,138,138,0,138,276
05/26/2010,TVC,MI,AGL,CE,Towers with Radar,20,30,56,3,109,0,6,64,9,79,20,36,120,12,188,94,0,94,282
05/27/2010,TVC,MI,AGL,CE,Towers with Radar,21,26,30,0,77,0,4,54,13,71,21,30,84,13,148,68,14,82,230
05/28/2010,TVC,MI,AGL,CE,Towers with Radar,21,32,35,2,90,0,3,82,8,93,21,35,117,10,183,144,2,146,329
05/29/2010,TVC,MI,AGL,CE,Towers with Radar,14,10,37,0,61,0,8,95,7,110,14,18,132,7,171,114,40,154,325
05/30/2010,TVC,MI,AGL,CE,Towers with Radar,18,6,29,0,53,0,2,55,1,58,18,8,84,1,111,26,0,26,137
05/31/2010,TVC,MI,AGL,CE,Towers with Radar,14,25,6,0,45,0,3,34,2,39,14,28,40,2,84,44,0,44,128
06/01/2010,TVC,MI,AGL,CE,Towers with Radar,22,20,36,4,82,0,0,60,5,65,22,20,96,9,147,80,4,84,231
06/02/2010,TVC,MI,AGL,CE,Towers with Radar,24,23,28,4,79,0,2,28,6,36,24,25,56,10,115,88,2,90,205
06/03/2010,TVC,MI,AGL,CE,Towers with Radar,22,18,54,21,115,0,0,79,9,88,22,18,133,30,203,146,26,172,375
06/04/2010,TVC,MI,AGL,CE,Towers with Radar,22,19,33,5,79,0,1,20,5,26,22,20,53,10,105,32,6,38,143
06/05/2010,TVC,MI,AGL,CE,Towers with Radar,14,15,27,0,56,0,0,42,4,46,14,15,69,4,102,18,0,18,120
06/06/2010,TVC,MI,AGL,CE,Towers with Radar,22,7,12,2,43,0,0,6,3,9,22,7,18,5,52,0,0,0,52
06/07/2010,TVC,MI,AGL,CE,Towers with Radar,22,7,25,5,59,0,8,68,10,86,22,15,93,15,145,94,36,130,275
06/08/2010,TVC,MI,AGL,CE,Towers with Radar,23,21,34,4,82,0,5,85,10,100,23,26,119,14,182,164,2,166,348
06/09/2010,TVC,MI,AGL,CE,Towers with Radar,27,16,38,6,87,0,2,32,4,38,27,18,70,10,125,62,0,62,187
06/10/2010,TVC,MI,AGL,CE,Towers with Radar,38,24,39,0,101,0,0,77,2,79,38,24,116,2,180,104,18,122,302
06/11/2010,TVC,MI,AGL,CE,Towers with Radar,32,17,26,0,75,0,7,46,1,54,32,24,72,1,129,112,0,112,241
06/12/2010,TVC,MI,AGL,CE,Towers with Radar,41,15,8,2,66,0,0,1,0,1,41,15,9,2,67,0,0,0,67
06/13/2010,TVC,MI,AGL,CE,Towers with Radar,42,9,24,0,75,0,9,26,2,37,42,18,50,2,112,54,0,54,166
06/14/2010,TVC,MI,AGL,CE,Towers with Radar,33,17,20,0,70,0,0,15,13,28,33,17,35,13,98,24,10,34,132
06/15/2010,TVC,MI,AGL,CE,Towers with Radar,35,26,41,2,104,0,3,27,4,34,35,29,68,6,138,88,0,88,226
06/16/2010,TVC,MI,AGL,CE,Towers with Radar,39,17,23,3,82,0,0,8,3,11,39,17,31,6,93,0,0,0,93
06/17/2010,TVC,MI,AGL,CE,Towers with Radar,36,30,57,0,123,0,2,111,14,127,36,32,168,14,250,128,0,128,378
06/18/2010,TVC,MI,AGL,CE,Towers with Radar,35,27,42,2,106,0,3,43,6,52,35,30,85,8,158,72,32,104,262
06/19/2010,TVC,MI,AGL,CE,Towers with Radar,39,22,21,4,86,0,3,53,8,64,39,25,74,12,150,40,2,42,192
06/20/2010,TVC,MI,AGL,CE,Towers with Radar,47,8,16,1,72,0,0,101,2,103,47,8,117,3,175,24,0,24,199
06/21/2010,TVC,MI,AGL,CE,Towers with Radar,29,22,32,2,85,0,0,60,5,65,29,22,92,7,150,82,0,82,232
06/22/2010,TVC,MI,AGL,CE,Towers with Radar,41,28,63,1,133,0,4,48,6,58,41,32,111,7,191,62,2,64,255
06/23/2010,TVC,MI,AGL,CE,Towers with Radar,33,20,38,1,92,0,0,27,6,33,33,20,65,7,125,56,0,56,181
06/24/2010,TVC,MI,AGL,CE,Towers with Radar,39,40,56,2,137,0,0,42,6,48,39,40,98,8,185,84,0,84,269
06/25/2010,TVC,MI,AGL,CE,Towers with Radar,41,43,57,2,143,0,11,87,2,100,41,54,144,4,243,88,0,88,331
06/26/2010,TVC,MI,AGL,CE,Towers with Radar,46,36,50,2,134,0,1,52,1,54,46,37,102,3,188,22,0,22,210
06/27/2010,TVC,MI,AGL,CE,Towers with Radar,42,45,25,5,117,0,0,11,0,11,42,45,36,5,128,16,2,18,146
06/28/2010,TVC,MI,AGL,CE,Towers with Radar,36,23,27,0,86,0,3,43,3,49,36,26,70,3,135,72,0,72,207
06/29/2010,TVC,MI,AGL,CE,Towers with Radar,39,15,42,0,96,0,6,70,11,87,39,21,112,11,183,116,6,122,305
06/30/2010,TVC,MI,AGL,CE,Towers with Radar,37,26,43,0,106,0,3,66,22,91,37,29,109,22,197,36,0,36,233
07/01/2010,TVC,MI,AGL,CE,Towers with Radar,36,35,37,4,112,0,14,71,22,107,36,49,108,26,219,110,46,156,375
07/02/2010,TVC,MI,AGL,CE,Towers with Radar,39,44,36,0,119,0,9,126,26,161,39,53,162,26,280,122,12,134,414
07/03/2010,TVC,MI,AGL,CE,Towers with Radar,40,16,29,0,85,0,11,160,27,198,40,27,189,27,283,44,2,46,329
07/04/2010,TVC,MI,AGL,CE,Towers with Radar,42,8,22,3,75,0,7,95,25,127,42,15,117,28,202,10,0,10,212
07/05/2010,TVC,MI,AGL,CE,Towers with Radar,37,22,40,3,102,0,2,27,6,35,37,24,67,9,137,74,6,80,217
07/06/2010,TVC,MI,AGL,CE,Towers with Radar,36,28,58,2,124,0,1,66,2,69,36,29,124,4,193,64,4,68,261
07/07/2010,TVC,MI,AGL,CE,Towers with Radar,39,27,39,1,106,0,8,65,6,79,39,35,104,7,185,130,2,132,317
07/08/2010,TVC,MI,AGL,CE,Towers with Radar,35,22,39,0,96,0,2,35,2,39,35,24,74,2,135,64,4,68,203
07/09/2010,TVC,MI,AGL,CE,Towers with Radar,40,35,49,7,131,0,3,72,3,78,40,38,121,10,209,112,6,118,327
07/10/2010,TVC,MI,AGL,CE,Towers with Radar,43,10,26,9,88,0,2,87,2,91,43,12,113,11,179,90,0,90,269
07/11/2010,TVC,MI,AGL,CE,Towers with Radar,46,22,25,0,93,0,2,74,1,77,46,24,99,1,170,30,0,30,200
07/12/2010,TVC,MI,AGL,CE,Towers with Radar,34,33,33,0,100,0,5,63,3,71,34,38,96,3,171,194,0,194,365
07/13/2010,TVC,MI,AGL,CE,Towers with Radar,38,28,37,2,105,0,9,78,8,95,38,37,115,10,200,112,14,126,326
07/14/2010,TVC,MI,AGL,CE,Towers with Radar,39,45,29,0,113,12,126,9,0,147,51,171,38,0,260,160,40,200,460
07/15/2010,TVC,MI,AGL,CE,Towers with Radar,35,34,20,2,91,0,5,70,10,85,35,39,90,12,176,116,0,116,292
07/16/2010,TVC,MI,AGL,CE,Towers with Radar,41,46,33,3,123,0,2,108,8,118,41,48,141,11,241,96,4,100,341
07/17/2010,TVC,MI,AGL,CE,Towers with Radar,42,20,22,1,85,0,2,70,2,74,42,22,92,3,159,40,2,42,201
07/18/2010,TVC,MI,AGL,CE,Towers with Radar,44,29,24,4,101,0,0,25,3,28,44,29,49,7,129,30,0,30,159
07/19/2010,TVC,MI,AGL,CE,Towers with Radar,38,37,30,4,109,0,7,71,3,81,38,44,101,7,190,116,2,118,308
07/20/2010,TVC,MI,AGL,CE,Towers with Radar,38,43,12,4,97,0,5,72,6,83,38,48,84,10,180,200,26,226,406
07/21/2010,TVC,MI,AGL,CE,Towers with Radar,39,23,28,0,90,0,4,77,9,90,39,27,105,9,180,146,22,168,348
07/22/2010,TVC,MI,AGL,CE,Towers with Radar,39,32,35,0,106,0,2,59,4,65,39,34,94,4,171,108,42,150,321
07/23/2010,TVC,MI,AGL,CE,Towers with Radar,39,57,38,0,134,0,0,16,4,20,39,57,54,4,154,26,0,26,180
07/24/2010,TVC,MI,AGL,CE,Towers with Radar,41,30,24,2,97,0,4,26,16,46,41,34,50,18,143,44,0,44,187
07/25/2010,TVC,MI,AGL,CE,Towers with Radar,46,45,27,1,119,0,7,83,22,112,46,52,110,23,231,30,8,38,269
07/26/2010,TVC,MI,AGL,CE,Towers with Radar,31,34,25,0,90,0,10,78,2,90,31,44,103,2,180,36,4,40,220
07/27/2010,TVC,MI,AGL,CE,Towers with Radar,35,44,32,6,117,0,6,100,12,118,35,50,132,18,235,160,20,180,415
07/28/2010,TVC,MI,AGL,CE,Towers with Radar,35,38,21,1,95,0,3,80,0,83,35,41,101,1,178,96,0,96,274
07/29/2010,TVC,MI,AGL,CE,Towers with Radar,36,26,51,14,127,0,12,103,15,130,36,38,154,29,257,92,6,98,355
07/30/2010,TVC,MI,AGL,CE,Towers with Radar,40,42,39,13,134,0,6,103,4,113,40,48,142,17,247,102,4,106,353
07/31/2010,TVC,MI,AGL,CE,Towers with Radar,45,26,28,15,114,0,0,17,6,23,45,26,45,21,137,28,0,28,165
08/01/2010,TVC,MI,AGL,CE,Towers with Radar,49,30,26,1,106,0,0,46,2,48,49,30,72,3,154,46,0,46,200
08/02/2010,TVC,MI,AGL,CE,Towers with Radar,39,32,28,2,101,0,1,50,1,52,39,33,78,3,153,58,0,58,211
08/03/2010,TVC,MI,AGL,CE,Towers with Radar,37,31,50,4,122,0,5,80,8,93,37,36,130,12,215,178,70,248,463
08/04/2010,TVC,MI,AGL,CE,Towers with Radar,32,36,44,0,112,0,3,123,10,136,32,39,167,10,248,182,12,194,442
08/05/2010,TVC,MI,AGL,CE,Towers with Radar,38,43,28,0,109,0,1,90,17,108,38,44,118,17,217,96,0,96,313
08/06/2010,TVC,MI,AGL,CE,Towers with Radar,39,43,55,0,137,0,3,95,15,113,39,46,150,15,250,54,0,54,304
08/07/2010,TVC,MI,AGL,CE,Towers with Radar,42,38,34,1,115,0,5,64,5,74,42,43,98,6,189,38,12,50,239
08/08/2010,TVC,MI,AGL,CE,Towers with Radar,49,22,18,2,91,0,11,40,4,55,49,33,58,6,146,34,0,34,180
08/09/2010,TVC,MI,AGL,CE,Towers with Radar,35,47,35,2,119,0,3,54,8,65,35,50,89,10,184,220,18,238,422
08/10/2010,TVC,MI,AGL,CE,Towers with Radar,33,30,17,4,84,0,4,73,2,79,33,34,90,6,163,144,0,144,307
08/11/2010,TVC,MI,AGL,CE,Towers with Radar,37,40,21,0,98,0,5,58,5,68,37,45,79,5,166,178,2,180,346
08/12/2010,TVC,MI,AGL,CE,Towers with Radar,36,36,26,8,106,0,2,79,7,88,36,38,105,15,194,136,8,144,338
08/13/2010,TVC,MI,AGL,CE,Towers with Radar,37,29,35,0,101,0,3,64,4,71,37,32,99,4,172,148,0,148,320
08/14/2010,TVC,MI,AGL,CE,Towers with Radar,43,25,16,10,94,0,3,35,6,44,43,28,51,16,138,74,4,78,216
08/15/2010,TVC,MI,AGL,CE,Towers with Radar,47,18,11,1,77,0,4,45,6,55,47,22,56,7,132,42,0,42,174
08/16/2010,TVC,MI,AGL,CE,Towers with Radar,37,27,18,11,93,0,2,29,7,38,37,29,47,18,131,70,54,124,255
08/17/2010,TVC,MI,AGL,CE,Towers with Radar,36,24,21,2,83,0,5,42,6,53,36,29,63,8,136,56,0,56,192
08/18/2010,TVC,MI,AGL,CE,Towers with Radar,38,21,23,1,83,0,3,75,9,87,38,24,98,10,170,86,4,90,260
08/19/2010,TVC,MI,AGL,CE,Towers with Radar,33,21,31,0,85,0,23,79,3,105,33,44,110,3,190,166,0,166,356
08/20/2010,TVC,MI,AGL,CE,Towers with Radar,35,38,15,7,95,0,4,46,10,60,35,42,61,17,155,92,6,98,253
08/21/2010,TVC,MI,AGL,CE,Towers with Radar,39,20,23,1,83,0,1,23,5,29,39,21,46,6,112,54,6,60,172
08/22/2010,TVC,MI,AGL,CE,Towers with Radar,46,18,23,1,88,0,9,72,3,84,46,27,95,4,172,84,6,90,262
08/23/2010,TVC,MI,AGL,CE,Towers with Radar,34,14,32,4,84,0,4,91,8,103,34,18,123,12,187,156,0,156,343
08/24/2010,TVC,MI,AGL,CE,Towers with Radar,35,35,38,10,118,0,17,85,7,109,35,52,123,17,227,178,2,180,407
08/25/2010,TVC,MI,AGL,CE,Towers with Radar,36,32,22,0,90,0,6,72,6,84,36,38,94,6,174,110,0,110,284
08/26/2010,TVC,MI,AGL,CE,Towers with Radar,34,31,32,2,99,0,11,105,9,125,34,42,137,11,224,106,6,112,336
08/27/2010,TVC,MI,AGL,CE,Towers with Radar,34,44,35,8,121,0,11,77,11,99,34,55,112,19,220,86,50,136,356
08/28/2010,TVC,MI,AGL,CE,Towers with Radar,30,14,40,7,91,0,2,59,3,64,30,16,99,10,155,32,4,36,191
08/29/2010,TVC,MI,AGL,CE,Towers with Radar,39,19,29,8,95,0,3,60,5,68,39,22,89,13,163,50,8,58,221
08/30/2010,TVC,MI,AGL,CE,Towers with Radar,35,22,16,2,75,0,0,64,22,86,35,22,80,24,161,62,34,96,257
08/31/2010,TVC,MI,AGL,CE,Towers with Radar,35,32,15,1,83,0,6,39,13,58,35,38,54,14,141,68,14,82,223
09/01/2010,TVC,MI,AGL,CE,Towers with Radar,30,34,36,0,100,0,0,15,9,24,30,34,51,9,124,68,28,96,220
09/02/2010,TVC,MI,AGL,CE,Towers with Radar,35,33,36,0,104,0,6,68,12,86,35,39,104,12,190,162,34,196,386
09/03/2010,TVC,MI,AGL,CE,Towers with Radar,36,34,37,0,107,0,2,14,12,28,36,36,51,12,135,16,14,30,165
09/04/2010,TVC,MI,AGL,CE,Towers with Radar,30,16,19,0,65,0,1,9,7,17,30,17,28,7,82,4,0,4,86
09/05/2010,TVC,MI,AGL,CE,Towers with Radar,30,4,28,0,62,0,0,61,6,67,30,4,89,6,129,100,0,100,229
09/06/2010,TVC,MI,AGL,CE,Towers with Radar,33,28,47,2,110,0,1,62,5,68,33,29,109,7,178,100,0,100,278
09/07/2010,TVC,MI,AGL,CE,Towers with Radar,32,18,22,0,72,0,0,13,5,18,32,18,35,5,90,2,0,2,92
09/08/2010,TVC,MI,AGL,CE,Towers with Radar,31,29,35,3,98,0,0,42,22,64,31,29,77,25,162,140,48,188,350
09/09/2010,TVC,MI,AGL,CE,Towers with Radar,28,37,52,9,126,0,0,136,10,146,28,37,188,19,272,180,38,218,490
09/10/2010,TVC,MI,AGL,CE,Towers with Radar,34,18,38,2,92,0,5,134,8,147,34,23,172,10,239,202,76,278,517
09/11/2010,TVC,MI,AGL,CE,Towers with Radar,23,23,6,1,53,0,0,67,3,70,23,23,73,4,123,136,0,136,259
09/12/2010,TVC,MI,AGL,CE,Towers with Radar,28,16,40,11,95,0,5,81,8,94,28,21,121,19,189,112,8,120,309
09/13/2010,TVC,MI,AGL,CE,Towers with Radar,30,21,36,6,93,0,7,100,18,125,30,28,136,24,218,196,140,336,554
09/14/2010,TVC,MI,AGL,CE,Towers with Radar,30,27,31,4,92,0,8,125,13,146,30,35,156,17,238,306,66,372,610
09/15/2010,TVC,MI,AGL,CE,Towers with Radar,29,21,31,4,85,0,3,138,4,145,29,24,169,8,230,256,0,256,486
09/16/2010,TVC,MI,AGL,CE,Towers with Radar,30,18,17,14,79,0,0,10,7,17,30,18,27,21,96,34,42,76,172
09/17/2010,TVC,MI,AGL,CE,Towers with Radar,30,24,52,7,113,0,0,88,15,103,30,24,140,22,216,140,44,184,400
09/18/2010,TVC,MI,AGL,CE,Towers with Radar,24,17,25,2,68,0,8,22,3,33,24,25,47,5,101,32,40,72,173
09/19/2010,TVC,MI,AGL,CE,Towers with Radar,31,13,19,4,67,0,2,53,3,58,31,15,72,7,125,64,56,120,245
09/20/2010,TVC,MI,AGL,CE,Towers with Radar,28,34,42,0,104,0,10,124,17,151,28,44,166,17,255,174,48,222,477
09/21/2010,TVC,MI,AGL,CE,Towers with Radar,29,23,28,0,80,0,5,26,18,49,29,28,54,18,129,78,58,136,265
09/22/2010,TVC,MI,AGL,CE,Towers with Radar,30,21,55,0,106,0,1,119,16,136,30,22,174,16,242,126,64,190,432
09/23/2010,TVC,MI,AGL,CE,Towers with Radar,34,17,18,0,69,0,1,22,9,32,34,18,40,9,101,58,0,58,159
09/24/2010,TVC,MI,AGL,CE,Towers with Radar,30,22,17,0,69,0,2,2,5,9,30,24,19,5,78,0,8,8,86
09/25/2010,TVC,MI,AGL,CE,Towers with Radar,24,25,47,0,96,0,3,45,5,53,24,28,92,5,149,54,14,68,217
09/26/2010,TVC,MI,AGL,CE,Towers with Radar,29,21,22,4,76,0,5,82,4,91,29,26,104,8,167,156,10,166,333
09/27/2010,TVC,MI,AGL,CE,Towers with Radar,30,19,40,10,99,0,4,67,12,83,30,23,107,22,182,108,42,150,332
09/28/2010,TVC,MI,AGL,CE,Towers with Radar,31,22,33,0,86,0,1,87,14,102,31,23,120,14,188,190,54,244,432
09/29/2010,TVC,MI,AGL,CE,Towers with Radar,30,18,27,3,78,0,2,78,14,94,30,20,105,17,172,144,6,150,322
09/30/2010,TVC,MI,AGL,CE,Towers with Radar,31,19,34,2,86,0,7,113,13,133,31,26,147,15,219,198,46,244,463
10/01/2010,TVC,MI,AGL,CE,Towers with Radar,27,31,63,6,127,0,3,157,8,168,27,34,220,14,295,250,0,250,545
10/02/2010,TVC,MI,AGL,CE,Towers with Radar,22,24,24,0,70,0,3,76,3,82,22,27,100,3,152,61,0,61,213
10/03/2010,TVC,MI,AGL,CE,Towers with Radar,27,13,27,0,67,0,2,98,5,105,27,15,125,5,172,84,0,84,256
10/04/2010,TVC,MI,AGL,CE,Towers with Radar,29,12,16,5,62,0,4,73,10,87,29,16,89,15,149,110,18,128,277
10/05/2010,TVC,MI,AGL,CE,Towers with Radar,27,17,27,4,75,0,3,95,7,105,27,20,122,11,180,248,24,272,452
10/06/2010,TVC,MI,AGL,CE,Towers with Radar,26,24,26,0,76,0,7,86,14,107,26,31,112,14,183,124,0,124,307
10/07/2010,TVC,MI,AGL,CE,Towers with Radar,29,30,26,7,92,0,2,102,20,124,29,32,128,27,216,228,2,230,446
10/08/2010,TVC,MI,AGL,CE,Towers with Radar,28,20,22,2,72,0,2,110,12,124,28,22,132,14,196,188,4,192,388
10/09/2010,TVC,MI,AGL,CE,Towers with Radar,21,13,13,0,47,0,9,117,8,134,21,22,130,8,181,124,0,124,305
10/10/2010,TVC,MI,AGL,CE,Towers with Radar,27,1,20,4,52,0,4,58,4,66,27,5,78,8,118,76,10,86,204
10/11/2010,TVC,MI,AGL,CE,Towers with Radar,30,6,26,0,62,0,4,59,3,66,30,10,85,3,128,132,6,138,266
10/12/2010,TVC,MI,AGL,CE,Towers with Radar,26,28,40,8,102,0,7,96,7,110,26,35,136,15,212,178,8,186,398
10/13/2010,TVC,MI,AGL,CE,Towers with Radar,27,30,23,0,80,0,1,77,13,91,27,31,100,13,171,228,0,228,399
10/14/2010,TVC,MI,AGL,CE,Towers with Radar,28,33,36,6,103,0,1,103,13,117,28,34,139,19,220,222,2,224,444
10/15/2010,TVC,MI,AGL,CE,Towers with Radar,28,36,26,13,103,0,9,92,13,114,28,45,118,26,217,176,8,184,401
10/16/2010,TVC,MI,AGL,CE,Towers with Radar,23,13,13,4,53,0,2,91,5,98,23,15,104,9,151,52,0,52,203
10/17/2010,TVC,MI,AGL,CE,Towers with Radar,27,6,14,0,47,0,4,85,3,92,27,10,99,3,139,82,0,82,221
10/18/2010,TVC,MI,AGL,CE,Towers with Radar,28,20,32,4,84,0,5,67,18,90,28,25,99,22,174,150,2,152,326
10/19/2010,TVC,MI,AGL,CE,Towers with Radar,29,36,40,0,105,0,2,63,6,71,29,38,103,6,176,138,0,138,314
10/20/2010,TVC,MI,AGL,CE,Towers with Radar,28,23,24,2,77,0,0,49,13,62,28,23,73,15,139,84,12,96,235
10/21/2010,TVC,MI,AGL,CE,Towers with Radar,28,23,33,12,96,0,0,52,11,63,28,23,85,23,159,144,20,164,323
10/22/2010,TVC,MI,AGL,CE,Towers with Radar,30,27,49,23,129,0,2,106,6,114,30,29,155,29,243,146,38,184,427
10/23/2010,TVC,MI,AGL,CE,Towers with Radar,21,16,18,1,56,0,4,22,7,33,21,20,40,8,89,32,2,34,123
10/24/2010,TVC,MI,AGL,CE,Towers with Radar,26,7,16,0,49,0,0,16,1,17,26,7,32,1,66,72,0,72,138
10/25/2010,TVC,MI,AGL,CE,Towers with Radar,28,12,12,0,52,0,2,27,16,45,28,14,39,16,97,64,12,76,173
10/26/2010,TVC,MI,AGL,CE,Towers with Radar,28,17,3,0,48,0,0,1,4,5,28,17,4,4,53,0,0,0,53
10/27/2010,TVC,MI,AGL,CE,Towers with Radar,17,16,2,0,35,0,0,0,0,0,17,16,2,0,35,0,0,0,35
10/28/2010,TVC,MI,AGL,CE,Towers with Radar,28,12,42,0,82,0,4,26,13,43,28,16,68,13,125,64,12,76,201
10/29/2010,TVC,MI,AGL,CE,Towers with Radar,28,19,55,0,102,0,1,83,8,92,28,20,138,8,194,166,14,180,374
10/30/2010,TVC,MI,AGL,CE,Towers with Radar,23,10,28,0,61,0,0,44,7,51,23,10,72,7,112,52,0,52,164
10/31/2010,TVC,MI,AGL,CE,Towers with Radar,23,9,12,0,44,0,0,25,5,30,23,9,37,5,74,34,0,34,108
11/01/2010,TVC,MI,AGL,CE,Towers with Radar,30,19,37,8,94,0,5,88,14,107,30,24,125,22,201,174,6,180,381
11/02/2010,TVC,MI,AGL,CE,Towers with Radar,29,22,31,8,90,0,2,93,9,104,29,24,124,17,194,206,12,218,412
11/03/2010,TVC,MI,AGL,CE,Towers with Radar,27,21,21,3,72,0,1,40,12,53,27,22,61,15,125,100,0,100,225
11/04/2010,TVC,MI,AGL,CE,Towers with Radar,27,13,10,2,52,0,5,5,9,19,27,18,15,11,71,6,36,42,113
11/05/2010,TVC,MI,AGL,CE,Towers with Radar,25,24,12,0,61,0,0,7,8,15,25,24,19,8,76,12,4,16,92
11/06/2010,TVC,MI,AGL,CE,Towers with Radar,20,11,16,4,51,0,0,44,4,48,20,11,60,8,99,40,0,40,139
11/07/2010,TVC,MI,AGL,CE,Towers with Radar,23,4,19,2,48,0,2,63,0,65,23,6,82,2,113,82,48,130,243
11/08/2010,TVC,MI,AGL,CE,Towers with Radar,26,16,34,4,80,0,1,77,8,86,26,17,111,12,166,212,16,228,394
11/09/2010,TVC,MI,AGL,CE,Towers with Radar,26,17,35,5,83,0,19,95,10,124,26,36,130,15,207,154,4,158,365
11/10/2010,TVC,MI,AGL,CE,Towers with Radar,25,17,42,5,89,0,1,85,10,96,25,18,127,15,185,98,0,98,283
11/11/2010,TVC,MI,AGL,CE,Towers with Radar,26,18,30,0,74,0,1,56,1,58,26,19,86,1,132,120,0,120,252
11/12/2010,TVC,MI,AGL,CE,Towers with Radar,25,20,16,0,61,0,2,65,3,70,25,22,81,3,131,176,2,178,309
11/13/2010,TVC,MI,AGL,CE,Towers with Radar,20,9,21,4,54,0,0,36,7,43,20,9,57,11,97,52,14,66,163
11/14/2010,TVC,MI,AGL,CE,Towers with Radar,23,5,3,0,31,0,0,3,3,6,23,5,6,3,37,4,10,14,51
11/15/2010,TVC,MI,AGL,CE,Towers with Radar,25,10,38,0,73,0,4,43,10,57,25,14,81,10,130,126,0,126,256
11/16/2010,TVC,MI,AGL,CE,Towers with Radar,25,24,32,2,83,0,4,60,7,71,25,28,92,9,154,62,0,62,216
11/17/2010,TVC,MI,AGL,CE,Towers with Radar,22,25,7,1,55,0,2,36,2,40,22,27,43,3,95,102,0,102,197
11/18/2010,TVC,MI,AGL,CE,Towers with Radar,21,19,14,0,54,0,0,26,11,37,21,19,40,11,91,114,46,160,251
11/19/2010,TVC,MI,AGL,CE,Towers with Radar,22,26,26,11,85,0,0,34,9,43,22,26,60,20,128,66,94,160,288
11/20/2010,TVC,MI,AGL,CE,Towers with Radar,16,17,44,2,79,0,3,39,10,52,16,20,83,12,131,62,2,64,195
11/21/2010,TVC,MI,AGL,CE,Towers with Radar,18,7,6,1,32,0,0,8,2,10,18,7,14,3,42,0,8,8,50
11/22/2010,TVC,MI,AGL,CE,Towers with Radar,19,14,14,3,50,0,3,0,12,15,19,17,14,15,65,6,34,40,105
11/23/2010,TVC,MI,AGL,CE,Towers with Radar,19,17,4,6,46,0,0,8,11,19,19,17,12,17,65,34,88,122,187
11/24/2010,TVC,MI,AGL,CE,Towers with Radar,19,21,44,2,86,0,6,55,7,68,19,27,99,9,154,156,0,156,310
11/25/2010,TVC,MI,AGL,CE,Towers with Radar,16,3,1,0,20,0,0,0,2,2,16,3,1,2,22,0,0,0,22
11/26/2010,TVC,MI,AGL,CE,Towers with Radar,18,11,4,0,33,0,0,0,4,4,18,11,4,4,37,0,0,0,37
11/27/2010,TVC,MI,AGL,CE,Towers with Radar,16,14,5,0,35,0,0,3,7,10,16,14,8,7,45,10,0,10,55
11/28/2010,TVC,MI,AGL,CE,Towers with Radar,21,11,22,0,54,0,1,57,3,61,21,12,79,3,115,48,0,48,163
11/29/2010,TVC,MI,AGL,CE,Towers with Radar,22,13,15,1,51,0,1,50,12,63,22,14,65,13,114,138,2,140,254
11/30/2010,TVC,MI,AGL,CE,Towers with Radar,19,18,13,0,50,0,0,4,16,20,19,18,17,16,70,0,4,4,74
12/01/2010,TVC,MI,AGL,CE,Towers with Radar,18,26,11,3,58,0,0,0,9,9,18,26,11,12,67,0,56,56,123
12/02/2010,TVC,MI,AGL,CE,Towers with Radar,19,23,17,5,64,0,0,18,9,27,19,23,35,14,91,88,30,118,209
12/03/2010,TVC,MI,AGL,CE,Towers with Radar,19,25,27,10,81,0,0,14,9,23,19,25,41,19,104,44,24,68,172
12/04/2010,TVC,MI,AGL,CE,Towers with Radar,11,9,21,3,44,0,0,14,6,20,11,9,35,9,64,34,0,34,98
12/05/2010,TVC,MI,AGL,CE,Towers with Radar,14,3,5,0,22,0,0,0,0,0,14,3,5,0,22,0,0,0,22
12/06/2010,TVC,MI,AGL,CE,Towers with Radar,21,13,1,0,35,0,0,0,0,0,21,13,1,0,35,0,0,0,35
12/07/2010,TVC,MI,AGL,CE,Towers with Radar,19,12,6,0,37,0,0,0,3,3,19,12,6,3,40,0,12,12,52
12/08/2010,TVC,MI,AGL,CE,Towers with Radar,21,17,4,1,43,0,0,0,3,3,21,17,4,4,46,0,0,0,46
12/09/2010,TVC,MI,AGL,CE,Towers with Radar,19,19,30,11,79,0,4,71,22,97,19,23,101,33,176,206,26,232,408
12/10/2010,TVC,MI,AGL,CE,Towers with Radar,18,18,0,1,37,0,0,2,11,13,18,18,2,12,50,4,6,10,60
12/11/2010,TVC,MI,AGL,CE,Towers with Radar,10,12,13,4,39,0,0,7,3,10,10,12,20,7,49,22,2,24,73
12/12/2010,TVC,MI,AGL,CE,Towers with Radar,0,0,0,0,0,0,0,0,0,0,0,0,0,0,0,0,0,0,0
12/13/2010,TVC,MI,AGL,CE,Towers with Radar,14,19,2,0,35,0,0,0,0,0,14,19,2,0,35,0,0,0,35
12/14/2010,TVC,MI,AGL,CE,Towers with Radar,18,18,3,8,47,0,0,9,15,24,18,18,12,23,71,74,40,114,185
12/15/2010,TVC,MI,AGL,CE,Towers with Radar,17,31,33,4,85,0,2,75,33,110,17,33,108,37,195,182,66,248,443
12/16/2010,TVC,MI,AGL,CE,Towers with Radar,16,18,22,0,56,0,7,28,8,43,16,25,50,8,99,52,16,68,167
12/17/2010,TVC,MI,AGL,CE,Towers with Radar,18,15,17,0,50,0,6,21,0,27,18,21,38,0,77,74,0,74,151
12/18/2010,TVC,MI,AGL,CE,Towers with Radar,15,15,4,4,38,0,4,2,15,21,15,19,6,19,59,32,18,50,109
12/19/2010,TVC,MI,AGL,CE,Towers with Radar,19,7,3,2,31,0,2,3,8,13,19,9,6,10,44,12,14,26,70
12/20/2010,TVC,MI,AGL,CE,Towers with Radar,16,20,42,2,80,0,2,86,7,95,16,22,128,9,175,120,16,136,311
12/21/2010,TVC,MI,AGL,CE,Towers with Radar,15,21,15,0,51,0,1,29,7,37,15,22,44,7,88,70,14,84,172
12/22/2010,TVC,MI,AGL,CE,Towers with Radar,18,25,21,0,64,0,4,37,5,46,18,29,58,5,110,96,6,102,212
12/23/2010,TVC,MI,AGL,CE,Towers with Radar,17,24,5,0,46,0,0,4,4,8,17,24,9,4,54,0,42,42,96
12/24/2010,TVC,MI,AGL,CE,Towers with Radar,17,16,5,0,38,0,0,11,4,15,17,16,16,4,53,2,8,10,63
12/25/2010,TVC,MI,AGL,CE,Towers with Radar,14,2,5,0,21,0,0,0,0,0,14,2,5,0,21,0,0,0,21
12/26/2010,TVC,MI,AGL,CE,Towers with Radar,20,10,8,0,38,0,6,5,4,15,20,16,13,4,53,2,12,14,67
12/27/2010,TVC,MI,AGL,CE,Towers with Radar,20,27,22,6,75,0,4,38,13,55,20,31,60,19,130,144,14,158,288
12/28/2010,TVC,MI,AGL,CE,Towers with Radar,16,18,12,6,52,0,0,1,0,1,16,18,13,6,53,4,0,4,57
12/29/2010,TVC,MI,AGL,CE,Towers with Radar,17,28,51,6,102,0,4,71,4,79,17,32,122,10,181,152,0,152,333
12/30/2010,TVC,MI,AGL,CE,Towers with Radar,17,18,1,2,38,0,0,0,0,0,17,18,1,2,38,0,0,0,38
12/31/2010,TVC,MI,AGL,CE,Towers with Radar,17,8,4,2,31,0,0,0,0,0,17,8,4,2,31,0,16,16,47
01/01/2011,TVC,MI,AGL,CE,Towers with Radar,12,8,11,4,35,0,0,6,2,8,12,8,17,6,43,10,8,18,61
01/02/2011,TVC,MI,AGL,CE,Towers with Radar,18,16,7,1,42,0,0,0,2,2,18,16,7,3,44,0,0,0,44
01/03/2011,TVC,MI,AGL,CE,Towers with Radar,16,9,9,0,34,0,0,3,0,3,16,9,12,0,37,4,0,4,41
01/04/2011,TVC,MI,AGL,CE,Towers with Radar,22,16,10,2,50,0,0,0,7,7,22,16,10,9,57,0,32,32,89
01/05/2011,TVC,MI,AGL,CE,Towers with Radar,18,19,3,11,51,0,0,22,12,34,18,19,25,23,85,38,62,100,185
01/06/2011,TVC,MI,AGL,CE,Towers with Radar,19,16,5,4,44,0,0,0,1,1,19,16,5,5,45,0,20,20,65
01/07/2011,TVC,MI,AGL,CE,Towers with Radar,15,17,6,0,38,0,0,2,0,2,15,17,8,0,40,78,30,108,148
01/08/2011,TVC,MI,AGL,CE,Towers with Radar,16,9,7,1,33,0,2,0,0,2,16,11,7,1,35,0,0,0,35
01/09/2011,TVC,MI,AGL,CE,Towers with Radar,17,7,8,2,34,0,3,20,12,35,17,10,28,14,69,68,40,108,177
01/10/2011,TVC,MI,AGL,CE,Towers with Radar,16,12,16,7,51,0,21,22,17,60,16,33,38,24,111,58,54,112,223
01/11/2011,TVC,MI,AGL,CE,Towers with Radar,17,19,27,9,72,0,0,32,5,37,17,19,59,14,109,50,2,52,161
01/12/2011,TVC,MI,AGL,CE,Towers with Radar,21,15,17,0,53,0,0,12,9,21,21,15,29,9,74,10,14,24,98
01/13/2011,TVC,MI,AGL,CE,Towers with Radar,18,15,11,18,62,0,1,9,14,24,18,16,20,32,86,20,32,52,138
01/14/2011,TVC,MI,AGL,CE,Towers with Radar,19,21,27,14,81,0,1,34,26,61,19,22,61,40,142,94,48,142,284
01/15/2011,TVC,MI,AGL,CE,Towers with Radar,13,7,4,2,26,0,0,0,2,2,13,7,4,4,28,0,4,4,32
01/16/2011,TVC,MI,AGL,CE,Towers with Radar,16,2,11,6,35,0,0,9,3,12,16,2,20,9,47,24,0,24,71
01/17/2011,TVC,MI,AGL,CE,Towers with Radar,16,12,7,0,35,0,0,12,1,13,16,12,19,1,48,18,0,18,66
01/18/2011,TVC,MI,AGL,CE,Towers with Radar,13,14,2,4,33,0,0,3,11,14,13,14,5,15,47,14,88,102,149
01/19/2011,TVC,MI,AGL,CE,Towers with Radar,17,20,15,0,52,0,8,25,6,39,17,28,40,6,91,74,2,76,167
01/20/2011,TVC,MI,AGL,CE,Towers with Radar,18,25,14,0,57,0,0,21,12,33,18,25,35,12,90,106,14,120,210
01/21/2011,TVC,MI,AGL,CE,Towers with Radar,19,23,5,0,47,0,0,0,0,0,19,23,5,0,47,0,0,0,47
01/22/2011,TVC,MI,AGL,CE,Towers with Radar,13,17,2,0,32,0,0,0,0,0,13,17,2,0,32,0,0,0,32
01/23/2011,TVC,MI,AGL,CE,Towers with Radar,17,8,28,8,61,0,4,40,5,49,17,12,68,13,110,26,20,46,156
01/24/2011,TVC,MI,AGL,CE,Towers with Radar,19,10,3,1,33,0,0,13,8,21,19,10,16,9,54,68,62,130,184
01/25/2011,TVC,MI,AGL,CE,Towers with Radar,19,12,13,0,44,0,0,46,10,56,19,12,59,10,100,156,18,174,274
01/26/2011,TVC,MI,AGL,CE,Towers with Radar,17,23,9,1,50,0,3,19,15,37,17,26,28,16,87,50,34,84,171
01/27/2011,TVC,MI,AGL,CE,Towers with Radar,16,16,8,1,41,0,0,12,5,17,16,16,20,6,58,40,10,50,108
01/28/2011,TVC,MI,AGL,CE,Towers with Radar,16,21,14,0,51,0,0,44,7,51,16,21,58,7,102,92,2,94,196
01/29/2011,TVC,MI,AGL,CE,Towers with Radar,15,7,4,4,30,0,2,20,5,27,15,9,24,9,57,40,2,42,99
01/30/2011,TVC,MI,AGL,CE,Towers with Radar,17,7,4,0,28,0,4,20,6,30,17,11,24,6,58,56,16,72,130
01/31/2011,TVC,MI,AGL,CE,Towers with Radar,16,11,15,8,50,0,0,63,14,77,16,11,78,22,127,60,64,124,251
02/01/2011,TVC,MI,AGL,CE,Towers with Radar,14,22,20,34,90,0,1,51,9,61,14,23,71,43,151,126,62,188,339
02/02/2011,TVC,MI,AGL,CE,Towers with Radar,2,16,0,6,24,0,0,1,5,6,2,16,1,11,30,0,28,28,58
02/03/2011,TVC,MI,AGL,CE,Towers with Radar,13,17,42,8,80,0,4,45,10,59,13,21,87,18,139,68,8,76,215
02/04/2011,TVC,MI,AGL,CE,Towers with Radar,16,23,19,2,60,0,0,26,6,32,16,23,45,8,92,70,0,70,162
02/05/2011,TVC,MI,AGL,CE,Towers with Radar,11,16,16,2,45,0,0,25,3,28,11,16,41,5,73,100,8,108,181
02/06/2011,TVC,MI,AGL,CE,Towers with Radar,18,4,0,0,22,0,0,1,1,2,18,4,1,1,24,12,0,12,36
02/07/2011,TVC,MI,AGL,CE,Towers with Radar,17,17,14,8,56,0,2,23,10,35,17,19,37,18,91,88,26,114,205
02/08/2011,TVC,MI,AGL,CE,Towers with Radar,18,18,27,8,71,0,0,21,4,25,18,18,48,12,96,40,58,98,194
02/09/2011,TVC,MI,AGL,CE,Towers with Radar,17,20,18,5,60,0,0,2,10,12,17,20,20,15,72,8,50,58,130
02/10/2011,TVC,MI,AGL,CE,Towers with Radar,19,24,44,13,100,0,0,92,13,105,19,24,136,26,205,142,48,190,395
02/11/2011,TVC,MI,AGL,CE,Towers with Radar,17,24,34,0,75,0,2,64,6,72,17,26,98,6,147,112,0,112,259
02/12/2011,TVC,MI,AGL,CE,Towers with Radar,15,11,19,8,53,0,2,33,2,37,15,13,52,10,90,46,22,68,158
02/13/2011,TVC,MI,AGL,CE,Towers with Radar,16,6,4,8,34,0,0,5,7,12,16,6,9,15,46,2,0,2,48
02/14/2011,TVC,MI,AGL,CE,Towers with Radar,19,8,0,12,39,0,2,2,9,13,19,10,2,21,52,52,48,100,152
02/15/2011,TVC,MI,AGL,CE,Towers with Radar,18,10,33,8,69,0,0,58,15,73,18,10,91,23,142,106,40,146,288
02/16/2011,TVC,MI,AGL,CE,Towers with Radar,19,15,41,2,77,0,0,49,4,53,19,15,90,6,130,104,4,108,238
02/17/2011,TVC,MI,AGL,CE,Towers with Radar,19,18,15,14,66,0,0,1,0,1,19,18,16,14,67,6,0,6,73
02/18/2011,TVC,MI,AGL,CE,Towers with Radar,16,18,21,12,67,0,0,0,8,8,16,18,21,20,75,6,2,8,83
02/19/2011,TVC,MI,AGL,CE,Towers with Radar,16,11,18,0,45,0,2,9,6,17,16,13,27,6,62,34,4,38,100
02/20/2011,TVC,MI,AGL,CE,Towers with Radar,12,6,3,0,21,0,0,21,3,24,12,6,24,3,45,44,0,44,89
02/21/2011,TVC,MI,AGL,CE,Towers with Radar,8,14,34,4,60,0,7,74,9,90,8,21,108,13,150,132,0,132,282
02/22/2011,TVC,MI,AGL,CE,Towers with Radar,18,22,67,8,115,0,0,92,15,107,18,22,159,23,222,148,24,172,394
02/23/2011,TVC,MI,AGL,CE,Towers with Radar,20,16,52,1,89,0,1,75,8,84,20,17,127,9,173,154,0,154,327
02/24/2011,TVC,MI,AGL,CE,Towers with Radar,18,17,31,2,68,0,0,22,9,31,18,17,53,11,99,66,60,126,225
02/25/2011,TVC,MI,AGL,CE,Towers with Radar,20,18,17,4,59,0,1,18,6,25,20,19,35,10,84,28,22,50,134
02/26/2011,TVC,MI,AGL,CE,Towers with Radar,13,15,7,0,35,0,1,6,2,9,13,16,13,2,44,4,0,4,48
02/27/2011,TVC,MI,AGL,CE,Towers with Radar,17,6,27,14,64,0,3,54,7,64,17,9,81,21,128,190,24,214,342
02/28/2011,TVC,MI,AGL,CE,Towers with Radar,20,14,18,6,58,0,1,34,18,53,20,15,52,24,111,146,50,196,307
03/01/2011,TVC,MI,AGL,CE,Towers with Radar,18,14,20,32,84,0,3,41,11,55,18,17,61,43,139,44,62,106,245
03/02/2011,TVC,MI,AGL,CE,Towers with Radar,21,18,16,18,73,0,3,39,6,48,21,21,55,24,121,170,8,178,299
03/03/2011,TVC,MI,AGL,CE,Towers with Radar,19,13,20,8,60,0,0,44,11,55,19,13,64,19,115,92,10,102,217
03/04/2011,TVC,MI,AGL,CE,Towers with Radar,20,10,4,1,35,0,0,0,0,0,20,10,4,1,35,0,0,0,35
03/05/2011,TVC,MI,AGL,CE,Towers with Radar,15,7,3,0,25,0,0,3,3,6,15,7,6,3,31,18,2,20,51
03/06/2011,TVC,MI,AGL,CE,Towers with Radar,22,5,36,16,79,0,2,68,16,86,22,7,104,32,165,100,30,130,295
03/07/2011,TVC,MI,AGL,CE,Towers with Radar,22,12,27,22,83,0,5,121,18,144,22,17,148,40,227,254,128,382,609
03/08/2011,TVC,MI,AGL,CE,Towers with Radar,22,17,36,10,85,0,0,104,24,128,22,17,140,34,213,176,44,220,433
03/09/2011,TVC,MI,AGL,CE,Towers with Radar,12,22,0,0,34,0,0,0,0,0,12,22,0,0,34,0,0,0,34
03/10/2011,TVC,MI,AGL,CE,Towers with Radar,23,18,8,0,49,0,0,7,12,19,23,18,15,12,68,46,100,146,214
03/11/2011,TVC,MI,AGL,CE,Towers with Radar,21,11,43,0,75,0,1,51,12,64,21,12,94,12,139,124,14,138,277
03/12/2011,TVC,MI,AGL,CE,Towers with Radar,17,7,4,0,28,0,0,1,0,1,17,7,5,0,29,0,0,0,29
03/13/2011,TVC,MI,AGL,CE,Towers with Radar,20,4,17,0,41,0,0,20,5,25,20,4,37,5,66,76,0,76,142
03/14/2011,TVC,MI,AGL,CE,Towers with Radar,21,11,37,7,76,0,10,95,13,118,21,21,132,20,194,258,12,270,464
03/15/2011,TVC,MI,AGL,CE,Towers with Radar,21,22,53,4,100,0,28,90,7,125,21,50,143,11,225,88,14,102,327
03/16/2011,TVC,MI,AGL,CE,Towers with Radar,22,21,10,8,61,0,2,74,6,82,22,23,84,14,143,148,16,164,307
03/17/2011,TVC,MI,AGL,CE,Towers with Radar,20,21,16,0,57,0,5,37,11,53,20,26,53,11,110,98,48,146,256
03/18/2011,TVC,MI,AGL,CE,Towers with Radar,20,15,34,0,69,0,0,38,7,45,20,15,72,7,114,116,66,182,296
03/19/2011,TVC,MI,AGL,CE,Towers with Radar,16,7,25,1,49,0,5,47,4,56,16,12,72,5,105,88,0,88,193
03/20/2011,TVC,MI,AGL,CE,Towers with Radar,19,1,8,0,28,0,0,12,2,14,19,1,20,2,42,6,0,6,48
03/21/2011,TVC,MI,AGL,CE,Towers with Radar,27,16,18,2,63,0,2,12,6,20,27,18,30,8,83,64,4,68,151
03/22/2011,TVC,MI,AGL,CE,Towers with Radar,20,14,15,6,55,0,2,39,8,49,20,16,54,14,104,120,38,158,262
03/23/2011,TVC,MI,AGL,CE,Towers with Radar,13,21,0,0,34,0,0,0,0,0,13,21,0,0,34,0,0,0,34
03/24/2011,TVC,MI,AGL,CE,Towers with Radar,20,17,37,7,81,0,2,50,12,64,20,19,87,19,145,106,52,158,303
03/25/2011,TVC,MI,AGL,CE,Towers with Radar,23,20,38,6,87,0,6,34,13,53,23,26,72,19,140,62,18,80,220
03/26/2011,TVC,MI,AGL,CE,Towers with Radar,16,11,8,0,35,0,1,35,5,41,16,12,43,5,76,48,0,48,124
03/27/2011,TVC,MI,AGL,CE,Towers with Radar,21,3,11,2,37,0,0,48,9,57,21,3,59,11,94,26,4,30,124
03/28/2011,TVC,MI,AGL,CE,Towers with Radar,24,17,52,19,112,0,7,35,12,54,24,24,87,31,166,178,24,202,368
03/29/2011,TVC,MI,AGL,CE,Towers with Radar,22,15,11,12,60,0,8,57,12,77,22,23,68,24,137,72,24,96,233
03/30/2011,TVC,MI,AGL,CE,Towers with Radar,23,14,28,11,76,0,0,45,20,65,23,14,73,31,141,60,22,82,223
03/31/2011,TVC,MI,AGL,CE,Towers with Radar,23,14,32,6,75,0,4,56,9,69,23,18,88,15,144,80,18,98,242
04/01/2011,TVC,MI,AGL,CE,Towers with Radar,22,16,21,2,61,0,6,30,7,43,22,22,51,9,104,70,62,132,236
04/02/2011,TVC,MI,AGL,CE,Towers with Radar,13,10,6,0,29,0,0,10,3,13,13,10,16,3,42,40,28,68,110
04/03/2011,TVC,MI,AGL,CE,Towers with Radar,20,11,3,1,35,0,0,3,0,3,20,11,6,1,38,0,0,0,38
04/04/2011,TVC,MI,AGL,CE,Towers with Radar,22,12,7,7,48,0,0,0,12,12,22,12,7,19,60,6,66,72,132
04/05/2011,TVC,MI,AGL,CE,Towers with Radar,25,17,39,0,81,0,1,44,11,56,25,18,83,11,137,76,44,120,257
04/06/2011,TVC,MI,AGL,CE,Towers with Radar,22,19,39,4,84,0,1,52,14,67,22,20,91,18,151,114,62,176,327
04/07/2011,TVC,MI,AGL,CE,Towers with Radar,22,14,39,8,83,0,1,42,8,51,22,15,81,16,134,90,2,92,226
04/08/2011,TVC,MI,AGL,CE,Towers with Radar,15,8,42,2,67,0,5,45,4,54,15,13,87,6,121,142,0,142,263
04/09/2011,TVC,MI,AGL,CE,Towers with Radar,18,8,24,2,52,0,3,35,4,42,18,11,59,6,94,86,18,104,198
04/10/2011,TVC,MI,AGL,CE,Towers with Radar,21,0,12,0,33,0,0,8,2,10,21,0,20,2,43,40,0,40,83
04/11/2011,TVC,MI,AGL,CE,Towers with Radar,21,12,4,0,37,0,1,2,6,9,21,13,6,6,46,0,34,34,80
04/12/2011,TVC,MI,AGL,CE,Towers with Radar,23,15,45,4,87,0,3,105,12,120,23,18,150,16,207,214,0,214,421
04/13/2011,TVC,MI,AGL,CE,Towers with Radar,21,19,35,1,76,0,3,73,6,82,21,22,108,7,158,108,8,116,274
04/14/2011,TVC,MI,AGL,CE,Towers with Radar,23,15,12,5,55,0,4,32,10,46,23,19,44,15,101,92,30,122,223
04/15/2011,TVC,MI,AGL,CE,Towers with Radar,17,13,16,4,50,0,3,22,5,30,17,16,38,9,80,10,6,16,96
04/16/2011,TVC,MI,AGL,CE,Towers with Radar,15,13,8,0,36,0,0,0,2,2,15,13,8,2,38,2,34,36,74
04/17/2011,TVC,MI,AGL,CE,Towers with Radar,20,4,8,0,32,0,0,2,0,2,20,4,10,0,34,0,0,0,34
04/18/2011,TVC,MI,AGL,CE,Towers with Radar,22,10,16,0,48,0,1,53,13,67,22,11,69,13,115,192,8,200,315
04/19/2011,TVC,MI,AGL,CE,Towers with Radar,14,17,24,8,63,0,5,43,9,57,14,22,67,17,120,124,6,130,250
04/20/2011,TVC,MI,AGL,CE,Towers with Radar,20,11,4,0,35,0,0,0,0,0,20,11,4,0,35,0,0,0,35
04/21/2011,TVC,MI,AGL,CE,Towers with Radar,22,20,41,2,85,0,2,84,7,93,22,22,125,9,178,202,10,212,390
04/22/2011,TVC,MI,AGL,CE,Towers with Radar,14,15,51,4,84,0,0,36,6,42,14,15,87,10,126,78,20,98,224
04/23/2011,TVC,MI,AGL,CE,Towers with Radar,16,10,14,0,40,0,0,0,3,3,16,10,14,3,43,12,0,12,55
04/24/2011,TVC,MI,AGL,CE,Towers with Radar,22,1,11,0,34,0,0,23,2,25,22,1,34,2,59,60,40,100,159
04/25/2011,TVC,MI,AGL,CE,Towers with Radar,22,12,64,0,98,0,3,71,4,78,22,15,135,4,176,190,0,190,366
04/26/2011,TVC,MI,AGL,CE,Towers with Radar,23,10,8,0,41,0,0,2,2,4,23,10,10,2,45,8,0,8,53
04/27/2011,TVC,MI,AGL,CE,Towers with Radar,21,13,25,0,59,0,0,4,3,7,21,13,29,3,66,8,4,12,78
04/28/2011,TVC,MI,AGL,CE,Towers with Radar,22,21,8,0,51,0,0,0,2,2,22,21,8,2,53,2,0,2,55
04/29/2011,TVC,MI,AGL,CE,Towers with Radar,22,13,53,1,89,0,0,103,5,108,22,13,156,6,197,178,8,186,383
04/30/2011,TVC,MI,AGL,CE,Towers with Radar,17,8,25,0,50,0,5,26,2,33,17,13,51,2,83,22,0,22,105
05/01/2011,TVC,MI,AGL,CE,Towers with Radar,23,4,6,2,35,0,5,13,2,20,23,9,19,4,55,12,2,14,69
05/02/2011,TVC,MI,AGL,CE,Towers with Radar,19,9,30,12,70,0,1,54,13,68,19,10,84,25,138,180,10,190,328
05/03/2011,TVC,MI,AGL,CE,Towers with Radar,28,11,33,0,72,0,7,101,11,119,28,18,134,11,191,238,0,238,429
05/04/2011,TVC,MI,AGL,CE,Towers with Radar,23,23,52,3,101,0,8,105,6,119,23,31,157,9,220,214,6,220,440
05/05/2011,TVC,MI,AGL,CE,Towers with Radar,22,18,79,6,125,0,4,75,9,88,22,22,154,15,213,200,10,210,423
05/06/2011,TVC,MI,AGL,CE,Towers with Radar,22,23,32,0,77,0,0,45,1,46,22,23,77,1,123,164,0,164,287
05/07/2011,TVC,MI,AGL,CE,Towers with Radar,18,7,12,1,38,0,0,35,3,38,18,7,47,4,76,82,0,82,158
05/08/2011,TVC,MI,AGL,CE,Towers with Radar,21,8,22,4,55,0,2,39,4,45,21,10,61,8,100,112,8,120,220
05/09/2011,TVC,MI,AGL,CE,Towers with Radar,23,16,33,6,78,0,6,57,6,69,23,22,90,12,147,188,38,226,373
05/10/2011,TVC,MI,AGL,CE,Towers with Radar,23,17,51,0,91,0,1,44,13,58,23,18,95,13,149,70,68,138,287
05/11/2011,TVC,MI,AGL,CE,Towers with Radar,19,17,14,0,50,0,0,8,13,21,19,17,22,13,71,12,22,34,105
05/12/2011,TVC,MI,AGL,CE,Towers with Radar,23,26,32,2,83,0,1,77,3,81,23,27,109,5,164,132,0,132,296
05/13/2011,TVC,MI,AGL,CE,Towers with Radar,20,27,19,9,75,0,1,3,1,5,20,28,22,10,80,0,0,0,80
05/14/2011,TVC,MI,AGL,CE,Towers with Radar,14,10,13,1,38,0,0,1,2,3,14,10,14,3,41,6,0,6,47
05/15/2011,TVC,MI,AGL,CE,Towers with Radar,21,5,19,2,47,0,7,34,0,41,21,12,53,2,88,10,24,34,122
05/16/2011,TVC,MI,AGL,CE,Towers with Radar,21,16,20,6,63,0,4,69,14,87,21,20,89,20,150,164,4,168,318
05/17/2011,TVC,MI,AGL,CE,Towers with Radar,24,18,46,1,89,0,4,118,9,131,24,22,164,10,220,188,24,212,432
05/18/2011,TVC,MI,AGL,CE,Towers with Radar,20,13,38,2,73,0,0,38,10,48,20,13,76,12,121,190,0,190,311
05/19/2011,TVC,MI,AGL,CE,Towers with Radar,22,27,8,0,57,0,0,18,6,24,22,27,26,6,81,140,0,140,221
05/20/2011,TVC,MI,AGL,CE,Towers with Radar,23,20,47,5,95,0,0,72,4,76,23,20,119,9,171,200,2,202,373
05/21/2011,TVC,MI,AGL,CE,Towers with Radar,16,8,27,0,51,0,3,57,8,68,16,11,84,8,119,80,14,94,213
05/22/2011,TVC,MI,AGL,CE,Towers with Radar,19,6,22,7,54,0,5,33,6,44,19,11,55,13,98,44,18,62,160
05/23/2011,TVC,MI,AGL,CE,Towers with Radar,22,16,44,6,88,0,0,34,7,41,22,16,78,13,129,56,22,78,207
05/24/2011,TVC,MI,AGL,CE,Towers with Radar,23,20,40,1,84,0,3,48,2,53,23,23,88,3,137,120,18,138,275
05/25/2011,TVC,MI,AGL,CE,Towers with Radar,11,18,27,1,57,0,1,53,7,61,11,19,80,8,118,116,0,116,234
05/26/2011,TVC,MI,AGL,CE,Towers with Radar,17,23,41,7,88,0,4,40,13,57,17,27,81,20,145,76,26,102,247
05/27/2011,TVC,MI,AGL,CE,Towers with Radar,22,18,65,0,105,0,8,119,6,133,22,26,184,6,238,186,4,190,428
05/28/2011,TVC,MI,AGL,CE,Towers with Radar,18,12,21,0,51,0,1,4,2,7,18,13,25,2,58,0,8,8,66
05/29/2011,TVC,MI,AGL,CE,Towers with Radar,13,4,10,0,27,0,3,27,2,32,13,7,37,2,59,24,0,24,83
05/30/2011,TVC,MI,AGL,CE,Towers with Radar,21,8,30,0,59,0,5,40,3,48,21,13,70,3,107,96,0,96,203
05/31/2011,TVC,MI,AGL,CE,Towers with Radar,21,18,21,0,60,0,0,29,15,44,21,18,50,15,104,28,6,34,138
06/01/2011,TVC,MI,AGL,CE,Towers with Radar,24,20,16,0,60,0,1,16,8,25,24,21,32,8,85,10,46,56,141
06/02/2011,TVC,MI,AGL,CE,Towers with Radar,21,29,39,2,91,0,5,115,9,129,21,34,154,11,220,142,14,156,376
06/03/2011,TVC,MI,AGL,CE,Towers with Radar,20,16,24,4,64,0,0,77,7,84,20,16,101,11,148,90,6,96,244
06/04/2011,TVC,MI,AGL,CE,Towers with Radar,19,19,27,2,67,0,4,79,18,101,19,23,106,20,168,240,0,240,408
06/05/2011,TVC,MI,AGL,CE,Towers with Radar,21,8,19,1,49,0,2,78,4,84,21,10,97,5,133,122,0,122,255
06/06/2011,TVC,MI,AGL,CE,Towers with Radar,23,13,26,0,62,0,1,70,12,83,23,14,96,12,145,224,4,228,373
06/07/2011,TVC,MI,AGL,CE,Towers with Radar,23,15,29,1,68,0,3,76,8,87,23,18,105,9,155,154,0,154,309
06/08/2011,TVC,MI,AGL,CE,Towers with Radar,23,27,32,2,84,0,2,29,4,35,23,29,61,6,119,28,0,28,147
06/09/2011,TVC,MI,AGL,CE,Towers with Radar,26,25,58,5,114,0,0,55,13,68,26,25,113,18,182,186,10,196,378
06/10/2011,TVC,MI,AGL,CE,Towers with Radar,33,18,22,3,76,0,5,68,3,76,33,23,90,6,152,160,0,160,312
06/11/2011,TVC,MI,AGL,CE,Towers with Radar,31,14,7,1,53,0,3,22,2,27,31,17,29,3,80,74,0,74,154
06/12/2011,TVC,MI,AGL,CE,Towers with Radar,32,8,31,1,72,0,3,93,1,97,32,11,124,2,169,156,0,156,325
06/13/2011,TVC,MI,AGL,CE,Towers with Radar,37,18,39,1,95,0,2,100,6,108,37,20,139,7,203,152,0,152,355
06/14/2011,TVC,MI,AGL,CE,Towers with Radar,34,22,59,1,116,0,5,80,2,87,34,27,139,3,203,120,0,120,323
06/15/2011,TVC,MI,AGL,CE,Towers with Radar,30,23,21,0,74,0,5,43,4,52,30,28,64,4,126,168,18,186,312
06/16/2011,TVC,MI,AGL,CE,Towers with Radar,38,19,36,2,95,0,0,19,14,33,38,19,55,16,128,78,6,84,212
06/17/2011,TVC,MI,AGL,CE,Towers with Radar,36,29,56,3,124,0,0,75,4,79,36,29,131,7,203,94,0,94,297
06/18/2011,TVC,MI,AGL,CE,Towers with Radar,33,20,21,4,78,0,2,82,2,86,33,22,103,6,164,186,0,186,350
06/19/2011,TVC,MI,AGL,CE,Towers with Radar,32,13,51,0,96,0,5,62,2,69,32,18,113,2,165,92,0,92,257
06/20/2011,TVC,MI,AGL,CE,Towers with Radar,29,26,27,0,82,0,4,55,7,66,29,30,82,7,148,116,2,118,266
06/21/2011,TVC,MI,AGL,CE,Towers with Radar,31,17,8,7,63,0,6,36,11,53,31,23,44,18,116,142,22,164,280
06/22/2011,TVC,MI,AGL,CE,Towers with Radar,26,21,7,2,56,0,2,3,2,7,26,23,10,4,63,0,0,0,63
06/23/2011,TVC,MI,AGL,CE,Towers with Radar,36,23,22,6,87,0,1,4,6,11,36,24,26,12,98,0,6,6,104
06/24/2011,TVC,MI,AGL,CE,Towers with Radar,30,26,41,0,97,0,0,32,4,36,30,26,73,4,133,70,30,100,233
06/25/2011,TVC,MI,AGL,CE,Towers with Radar,36,19,45,0,100,0,2,81,13,96,36,21,126,13,196,102,2,104,300
06/26/2011,TVC,MI,AGL,CE,Towers with Radar,36,16,35,0,87,0,4,86,2,92,36,20,121,2,179,166,0,166,345
06/27/2011,TVC,MI,AGL,CE,Towers with Radar,33,31,25,0,89,0,2,49,5,56,33,33,74,5,145,104,32,136,281
06/28/2011,TVC,MI,AGL,CE,Towers with Radar,32,24,26,1,83,0,0,25,8,33,32,24,51,9,116,44,0,44,160
06/29/2011,TVC,MI,AGL,CE,Towers with Radar,35,18,32,2,87,0,3,120,13,136,35,21,152,15,223,222,48,270,493
06/30/2011,TVC,MI,AGL,CE,Towers with Radar,28,29,48,2,107,0,13,138,12,163,28,42,186,14,270,260,0,260,530
07/01/2011,TVC,MI,AGL,CE,Towers with Radar,33,42,45,0,120,0,20,169,28,217,33,62,214,28,337,162,0,162,499
07/02/2011,TVC,MI,AGL,CE,Towers with Radar,40,22,25,0,87,0,29,128,13,170,40,51,153,13,257,34,0,34,291
07/03/2011,TVC,MI,AGL,CE,Towers with Radar,35,8,16,2,61,0,25,110,30,165,35,33,126,32,226,16,2,18,244
07/04/2011,TVC,MI,AGL,CE,Towers with Radar,36,17,27,0,80,0,34,81,12,127,36,51,108,12,207,98,2,100,307
07/05/2011,TVC,MI,AGL,CE,Towers with Radar,38,30,46,0,114,0,21,79,6,106,38,51,125,6,220,104,24,128,348
07/06/2011,TVC,MI,AGL,CE,Towers with Radar,34,26,61,1,122,0,25,109,8,142,34,51,170,9,264,200,0,200,464
07/07/2011,TVC,MI,AGL,CE,Towers with Radar,34,35,63,2,134,0,39,135,8,182,34,74,198,10,316,240,0,240,556
07/08/2011,TVC,MI,AGL,CE,Towers with Radar,38,51,48,1,138,0,38,128,7,173,38,89,176,8,311,190,8,198,509
07/09/2011,TVC,MI,AGL,CE,Towers with Radar,41,30,67,0,138,0,33,84,3,120,41,63,151,3,258,70,2,72,330
07/10/2011,TVC,MI,AGL,CE,Towers with Radar,38,30,35,6,109,0,10,39,6,55,38,40,74,12,164,56,6,62,226
07/11/2011,TVC,MI,AGL,CE,Towers with Radar,31,29,16,5,81,1,2,31,7,41,32,31,47,12,122,76,4,80,202
07/12/2011,TVC,MI,AGL,CE,Towers with Radar,36,25,27,3,91,0,6,56,10,72,36,31,83,13,163,58,16,74,237
07/13/2011,TVC,MI,AGL,CE,Towers with Radar,33,31,71,0,135,0,3,58,6,67,33,34,129,6,202,84,2,86,288
07/14/2011,TVC,MI,AGL,CE,Towers with Radar,32,40,20,4,96,0,7,79,8,94,32,47,99,12,190,140,2,142,332
07/15/2011,TVC,MI,AGL,CE,Towers with Radar,34,49,37,0,120,0,1,74,6,81,34,50,111,6,201,108,0,108,309
07/16/2011,TVC,MI,AGL,CE,Towers with Radar,47,22,31,0,100,0,4,54,5,63,47,26,85,5,163,66,0,66,229
07/17/2011,TVC,MI,AGL,CE,Towers with Radar,38,29,29,0,96,0,8,109,4,121,38,37,138,4,217,18,0,18,235
07/18/2011,TVC,MI,AGL,CE,Towers with Radar,34,25,21,0,80,0,1,37,7,45,34,26,58,7,125,74,0,74,199
07/19/2011,TVC,MI,AGL,CE,Towers with Radar,34,22,24,5,85,0,7,64,10,81,34,29,88,15,166,122,12,134,300
07/20/2011,TVC,MI,AGL,CE,Towers with Radar,34,26,31,5,96,0,12,55,14,81,34,38,86,19,177,84,0,84,261
07/21/2011,TVC,MI,AGL,CE,Towers with Radar,36,25,40,0,101,0,1,101,9,111,36,26,141,9,212,90,0,90,302
07/22/2011,TVC,MI,AGL,CE,Towers with Radar,33,33,65,8,139,0,10,79,13,102,33,43,144,21,241,98,2,100,341
07/23/2011,TVC,MI,AGL,CE,Towers with Radar,44,29,28,0,101,0,3,48,2,53,44,32,76,2,154,54,0,54,208
07/24/2011,TVC,MI,AGL,CE,Towers with Radar,33,31,45,0,109,0,9,39,2,50,33,40,84,2,159,42,0,42,201
07/25/2011,TVC,MI,AGL,CE,Towers with Radar,34,26,38,6,104,0,4,60,9,73,34,30,98,15,177,58,0,58,235
07/26/2011,TVC,MI,AGL,CE,Towers with Radar,35,41,44,7,127,0,5,97,4,106,35,46,141,11,233,154,0,154,387
07/27/2011,TVC,MI,AGL,CE,Towers with Radar,28,34,41,0,103,0,2,66,1,69,28,36,107,1,172,82,0,82,254
07/28/2011,TVC,MI,AGL,CE,Towers with Radar,35,36,33,2,106,0,3,21,8,32,35,39,54,10,138,46,4,50,188
07/29/2011,TVC,MI,AGL,CE,Towers with Radar,34,37,36,8,115,0,0,89,6,95,34,37,125,14,210,52,0,52,262
07/30/2011,TVC,MI,AGL,CE,Towers with Radar,42,20,53,5,120,0,6,82,6,94,42,26,135,11,214,70,2,72,286
07/31/2011,TVC,MI,AGL,CE,Towers with Radar,40,19,28,2,89,0,6,70,6,82,40,25,98,8,171,82,0,82,253
08/01/2011,TVC,MI,AGL,CE,Towers with Radar,33,50,24,5,112,0,2,63,14,79,33,52,87,19,191,84,52,136,327
08/02/2011,TVC,MI,AGL,CE,Towers with Radar,34,26,14,4,78,0,0,51,5,56,34,26,65,9,134,36,22,58,192
08/03/2011,TVC,MI,AGL,CE,Towers with Radar,35,34,39,0,108,0,1,31,10,42,35,35,70,10,150,48,4,52,202
08/04/2011,TVC,MI,AGL,CE,Towers with Radar,34,50,47,0,131,0,4,142,18,164,34,54,189,18,295,190,0,190,485
08/05/2011,TVC,MI,AGL,CE,Towers with Radar,35,31,47,0,113,0,7,87,16,110,35,38,134,16,223,110,0,110,333
08/06/2011,TVC,MI,AGL,CE,Towers with Radar,44,31,17,6,98,0,0,88,5,93,44,31,105,11,191,100,0,100,291
08/07/2011,TVC,MI,AGL,CE,Towers with Radar,36,33,27,10,106,0,3,29,4,36,36,36,56,14,142,34,6,40,182
08/08/2011,TVC,MI,AGL,CE,Towers with Radar,32,35,32,14,113,0,3,58,19,80,32,38,90,33,193,72,22,94,287
08/09/2011,TVC,MI,AGL,CE,Towers with Radar,34,24,20,6,84,0,0,19,6,25,34,24,39,12,109,18,2,20,129
08/10/2011,TVC,MI,AGL,CE,Towers with Radar,34,34,20,0,88,0,0,45,17,62,34,34,65,17,150,66,32,98,248
08/11/2011,TVC,MI,AGL,CE,Towers with Radar,35,39,56,1,131,0,6,99,8,113,35,45,155,9,244,84,14,98,342
08/12/2011,TVC,MI,AGL,CE,Towers with Radar,37,29,44,1,111,0,3,83,10,96,37,32,127,11,207,128,2,130,337
08/13/2011,TVC,MI,AGL,CE,Towers with Radar,41,20,22,0,83,0,1,5,2,8,41,21,27,2,91,26,24,50,141
08/14/2011,TVC,MI,AGL,CE,Towers with Radar,37,12,47,1,97,0,3,41,0,44,37,15,88,1,141,54,0,54,195
08/15/2011,TVC,MI,AGL,CE,Towers with Radar,33,34,49,4,120,0,7,69,7,83,33,41,118,11,203,72,0,72,275
08/16/2011,TVC,MI,AGL,CE,Towers with Radar,30,31,65,6,132,0,4,83,6,93,30,35,148,12,225,58,24,82,307
08/17/2011,TVC,MI,AGL,CE,Towers with Radar,32,22,37,0,91,0,3,59,11,73,32,25,96,11,164,104,0,104,268
08/18/2011,TVC,MI,AGL,CE,Towers with Radar,37,27,33,0,97,0,6,86,9,101,37,33,119,9,198,86,14,100,298
08/19/2011,TVC,MI,AGL,CE,Towers with Radar,35,25,36,10,106,0,14,57,9,80,35,39,93,19,186,88,10,98,284
08/20/2011,TVC,MI,AGL,CE,Towers with Radar,40,19,18,2,79,0,4,131,2,137,40,23,149,4,216,20,0,20,236
08/21/2011,TVC,MI,AGL,CE,Towers with Radar,38,23,32,0,93,0,2,48,2,52,38,25,80,2,145,16,0,16,161
08/22/2011,TVC,MI,AGL,CE,Towers with Radar,34,35,40,7,116,0,6,61,15,82,34,41,101,22,198,96,8,104,302
08/23/2011,TVC,MI,AGL,CE,Towers with Radar,30,21,16,11,78,0,3,35,23,61,30,24,51,34,139,68,24,92,231
08/24/2011,TVC,MI,AGL,CE,Towers with Radar,29,37,35,5,106,0,0,25,3,28,29,37,60,8,134,24,6,30,164
08/25/2011,TVC,MI,AGL,CE,Towers with Radar,30,29,71,1,131,0,3,69,8,80,30,32,140,9,211,120,0,120,331
08/26/2011,TVC,MI,AGL,CE,Towers with Radar,28,23,53,4,108,0,0,135,17,152,28,23,188,21,260,82,58,140,400
08/27/2011,TVC,MI,AGL,CE,Towers with Radar,30,13,24,10,77,0,9,55,11,75,30,22,79,21,152,50,6,56,208
08/28/2011,TVC,MI,AGL,CE,Towers with Radar,30,18,30,3,81,0,3,87,1,91,30,21,117,4,172,106,0,106,278
08/29/2011,TVC,MI,AGL,CE,Towers with Radar,30,24,30,2,86,0,0,68,7,75,30,24,98,9,161,68,18,86,247
08/30/2011,TVC,MI,AGL,CE,Towers with Radar,26,29,18,10,83,0,0,56,7,63,26,29,74,17,146,62,50,112,258
08/31/2011,TVC,MI,AGL,CE,Towers with Radar,28,20,22,17,87,0,1,57,15,73,28,21,79,32,160,86,136,222,382
09/01/2011,TVC,MI,AGL,CE,Towers with Radar,30,32,36,18,116,0,3,77,8,88,30,35,113,26,204,150,22,172,376
09/02/2011,TVC,MI,AGL,CE,Towers with Radar,30,36,18,0,84,0,1,20,5,26,30,37,38,5,110,18,2,20,130
09/03/2011,TVC,MI,AGL,CE,Towers with Radar,26,15,14,2,57,0,2,6,2,10,26,17,20,4,67,8,0,8,75
09/04/2011,TVC,MI,AGL,CE,Towers with Radar,26,11,21,6,64,0,0,46,11,57,26,11,67,17,121,62,8,70,191
09/05/2011,TVC,MI,AGL,CE,Towers with Radar,27,22,32,2,83,0,5,28,5,38,27,27,60,7,121,38,28,66,187
09/06/2011,TVC,MI,AGL,CE,Towers with Radar,28,18,21,12,79,0,2,95,4,101,28,20,116,16,180,248,28,276,456
09/07/2011,TVC,MI,AGL,CE,Towers with Radar,23,34,40,4,101,0,6,137,10,153,23,40,177,14,254,146,12,158,412
09/08/2011,TVC,MI,AGL,CE,Towers with Radar,22,22,27,2,73,0,0,123,12,135,22,22,150,14,208,162,4,166,374
09/09/2011,TVC,MI,AGL,CE,Towers with Radar,26,27,31,18,102,0,3,116,13,132,26,30,147,31,234,130,82,212,446
09/10/2011,TVC,MI,AGL,CE,Towers with Radar,13,19,177,3,212,0,0,88,12,100,13,19,265,15,312,0,0,0,312
09/11/2011,TVC,MI,AGL,CE,Towers with Radar,20,14,38,8,80,0,3,46,3,52,20,17,84,11,132,30,16,46,178
09/12/2011,TVC,MI,AGL,CE,Towers with Radar,24,15,29,10,78,0,0,79,8,87,24,15,108,18,165,138,104,242,407
09/13/2011,TVC,MI,AGL,CE,Towers with Radar,21,25,46,6,98,0,3,54,18,75,21,28,100,24,173,112,80,192,365
09/14/2011,TVC,MI,AGL,CE,Towers with Radar,25,23,35,11,94,0,3,57,12,72,25,26,92,23,166,106,32,138,304
09/15/2011,TVC,MI,AGL,CE,Towers with Radar,25,28,26,6,85,0,16,72,19,107,25,44,98,25,192,88,68,156,348
09/16/2011,TVC,MI,AGL,CE,Towers with Radar,26,32,26,11,95,0,2,109,7,118,26,34,135,18,213,170,20,190,403
09/17/2011,TVC,MI,AGL,CE,Towers with Radar,14,15,27,4,60,0,1,60,4,65,14,16,87,8,125,66,40,106,231
09/18/2011,TVC,MI,AGL,CE,Towers with Radar,18,11,29,8,66,0,8,50,9,67,18,19,79,17,133,4,20,24,157
09/19/2011,TVC,MI,AGL,CE,Towers with Radar,23,19,25,0,67,0,0,10,0,10,23,19,35,0,77,38,0,38,115
09/20/2011,TVC,MI,AGL,CE,Towers with Radar,21,31,50,4,106,0,2,74,7,83,21,33,124,11,189,180,0,180,369
09/21/2011,TVC,MI,AGL,CE,Towers with Radar,24,22,40,4,90,0,4,53,18,75,24,26,93,22,165,86,58,144,309
09/22/2011,TVC,MI,AGL,CE,Towers with Radar,28,25,36,0,89,0,1,71,23,95,28,26,107,23,184,176,64,240,424
09/23/2011,TVC,MI,AGL,CE,Towers with Radar,24,24,56,4,108,0,8,97,15,120,24,32,153,19,228,174,50,224,452
09/24/2011,TVC,MI,AGL,CE,Towers with Radar,14,13,21,0,48,0,3,29,2,34,14,16,50,2,82,22,38,60,142
09/25/2011,TVC,MI,AGL,CE,Towers with Radar,22,9,29,0,60,0,0,22,1,23,22,9,51,1,83,38,12,50,133
09/26/2011,TVC,MI,AGL,CE,Towers with Radar,24,12,11,0,47,0,1,23,11,35,24,13,34,11,82,80,54,134,216
09/27/2011,TVC,MI,AGL,CE,Towers with Radar,21,20,24,10,75,0,2,74,18,94,21,22,98,28,169,158,34,192,361
09/28/2011,TVC,MI,AGL,CE,Towers with Radar,23,20,43,0,86,0,4,57,13,74,23,24,100,13,160,160,36,196,356
09/29/2011,TVC,MI,AGL,CE,Towers with Radar,27,15,19,0,61,0,0,22,5,27,27,15,41,5,88,106,78,184,272
09/30/2011,TVC,MI,AGL,CE,Towers with Radar,22,20,14,0,56,0,0,3,3,6,22,20,17,3,62,0,0,0,62
10/01/2011,TVC,MI,AGL,CE,Towers with Radar,14,11,8,4,37,0,0,75,2,77,14,11,83,6,114,108,0,108,222
10/02/2011,TVC,MI,AGL,CE,Towers with Radar,19,16,12,0,47,0,3,70,7,80,19,19,82,7,127,96,2,98,225
10/03/2011,TVC,MI,AGL,CE,Towers with Radar,22,16,28,10,76,0,10,96,7,113,22,26,124,17,189,280,30,310,499
10/04/2011,TVC,MI,AGL,CE,Towers with Radar,19,21,50,8,98,0,8,115,12,135,19,29,165,20,233,242,20,262,495
10/05/2011,TVC,MI,AGL,CE,Towers with Radar,21,20,34,0,75,1,6,104,2,113,22,26,138,2,188,168,2,170,358
10/06/2011,TVC,MI,AGL,CE,Towers with Radar,22,30,39,6,97,0,4,118,10,132,22,34,157,16,229,264,28,292,521
10/07/2011,TVC,MI,AGL,CE,Towers with Radar,23,29,37,7,96,0,3,124,4,131,23,32,161,11,227,170,26,196,423
10/08/2011,TVC,MI,AGL,CE,Towers with Radar,17,15,22,2,56,0,2,59,1,62,17,17,81,3,118,32,0,32,150
10/09/2011,TVC,MI,AGL,CE,Towers with Radar,18,12,18,0,48,0,6,75,2,83,18,18,93,2,131,62,0,62,193
10/10/2011,TVC,MI,AGL,CE,Towers with Radar,21,22,34,0,77,0,4,88,6,98,21,26,122,6,175,190,0,190,365
10/11/2011,TVC,MI,AGL,CE,Towers with Radar,18,18,22,10,68,0,2,87,6,95,18,20,109,16,163,122,18,140,303
10/12/2011,TVC,MI,AGL,CE,Towers with Radar,21,20,31,4,76,0,3,90,19,112,21,23,121,23,188,272,44,316,504
10/13/2011,TVC,MI,AGL,CE,Towers with Radar,23,34,16,10,83,0,8,71,12,91,23,42,87,22,174,316,30,346,520
10/14/2011,TVC,MI,AGL,CE,Towers with Radar,22,24,17,0,63,0,0,2,13,15,22,24,19,13,78,0,66,66,144
10/15/2011,TVC,MI,AGL,CE,Towers with Radar,16,18,8,0,42,0,4,2,9,15,16,22,10,9,57,12,0,12,69
10/16/2011,TVC,MI,AGL,CE,Towers with Radar,20,11,16,1,48,0,3,15,11,29,20,14,31,12,77,0,0,0,77
10/17/2011,TVC,MI,AGL,CE,Towers with Radar,20,22,24,1,67,0,6,34,3,43,20,28,58,4,110,108,0,108,218
10/18/2011,TVC,MI,AGL,CE,Towers with Radar,19,18,27,5,69,0,3,80,10,93,19,21,107,15,162,196,20,216,378
10/19/2011,TVC,MI,AGL,CE,Towers with Radar,18,19,20,1,58,0,3,9,5,17,18,22,29,6,75,32,34,66,141
10/20/2011,TVC,MI,AGL,CE,Towers with Radar,27,16,6,2,51,0,0,0,4,4,27,16,6,6,55,2,0,2,57
10/21/2011,TVC,MI,AGL,CE,Towers with Radar,21,36,21,6,84,0,11,59,12,82,21,47,80,18,166,232,26,258,424
10/22/2011,TVC,MI,AGL,CE,Towers with Radar,15,18,20,0,53,0,1,106,32,139,15,19,126,32,192,112,10,122,314
10/23/2011,TVC,MI,AGL,CE,Towers with Radar,21,11,27,2,61,0,3,55,3,61,21,14,82,5,122,40,4,44,166
10/24/2011,TVC,MI,AGL,CE,Towers with Radar,21,8,15,10,54,0,0,43,8,51,21,8,58,18,105,102,18,120,225
10/25/2011,TVC,MI,AGL,CE,Towers with Radar,19,20,15,1,55,0,0,15,6,21,19,20,30,7,76,52,6,58,134
10/26/2011,TVC,MI,AGL,CE,Towers with Radar,21,18,42,4,85,0,4,84,16,104,21,22,126,20,189,218,0,218,407
10/27/2011,TVC,MI,AGL,CE,Towers with Radar,21,16,20,0,57,0,0,57,18,75,21,16,77,18,132,166,18,184,316
10/28/2011,TVC,MI,AGL,CE,Towers with Radar,20,21,46,0,87,0,0,101,17,118,20,21,147,17,205,278,4,282,487
10/29/2011,TVC,MI,AGL,CE,Towers with Radar,16,12,13,0,41,0,0,28,5,33,16,12,41,5,74,80,34,114,188
10/30/2011,TVC,MI,AGL,CE,Towers with Radar,19,4,14,0,37,0,1,20,1,22,19,5,34,1,59,28,0,28,87
10/31/2011,TVC,MI,AGL,CE,Towers with Radar,19,11,32,0,62,0,0,39,11,50,19,11,71,11,112,146,40,186,298
11/01/2011,TVC,MI,AGL,CE,Towers with Radar,18,13,17,4,52,0,3,58,11,72,18,16,75,15,124,156,6,162,286
11/02/2011,TVC,MI,AGL,CE,Towers with Radar,26,17,17,0,60,0,0,24,0,24,26,17,41,0,84,52,0,52,136
11/03/2011,TVC,MI,AGL,CE,Towers with Radar,18,22,29,2,71,0,4,63,12,79,18,26,92,14,150,180,8,188,338
11/04/2011,TVC,MI,AGL,CE,Towers with Radar,22,24,50,3,99,0,1,119,11,131,22,25,169,14,230,252,0,252,482
11/05/2011,TVC,MI,AGL,CE,Towers with Radar,13,15,15,0,43,0,2,64,6,72,13,17,79,6,115,132,0,132,247
11/06/2011,TVC,MI,AGL,CE,Towers with Radar,18,6,8,3,35,0,2,17,4,23,18,8,25,7,58,20,2,22,80
11/07/2011,TVC,MI,AGL,CE,Towers with Radar,20,13,46,0,79,0,7,58,4,69,20,20,104,4,148,148,22,170,318
11/08/2011,TVC,MI,AGL,CE,Towers with Radar,20,18,10,4,52,0,0,9,2,11,20,18,19,6,63,40,4,44,107
11/09/2011,TVC,MI,AGL,CE,Towers with Radar,16,18,4,6,44,0,0,0,4,4,16,18,4,10,48,0,54,54,102
11/10/2011,TVC,MI,AGL,CE,Towers with Radar,20,17,9,2,48,0,9,23,18,50,20,26,32,20,98,76,42,118,216
11/11/2011,TVC,MI,AGL,CE,Towers with Radar,21,18,30,6,75,0,2,53,3,58,21,20,83,9,133,192,2,194,327
11/12/2011,TVC,MI,AGL,CE,Towers with Radar,13,8,37,2,60,0,0,70,2,72,13,8,107,4,132,80,0,80,212
11/13/2011,TVC,MI,AGL,CE,Towers with Radar,18,3,3,2,26,0,0,3,3,6,18,3,6,5,32,26,0,26,58
11/14/2011,TVC,MI,AGL,CE,Towers with Radar,19,22,23,2,66,0,2,50,9,61,19,24,73,11,127,100,10,110,237
11/15/2011,TVC,MI,AGL,CE,Towers with Radar,18,16,14,6,54,0,4,36,13,53,18,20,50,19,107,106,30,136,243
11/16/2011,TVC,MI,AGL,CE,Towers with Radar,19,16,22,18,75,0,3,31,13,47,19,19,53,31,122,132,14,146,268
11/17/2011,TVC,MI,AGL,CE,Towers with Radar,17,15,6,14,52,0,0,3,8,11,17,15,9,22,63,0,42,42,105
11/18/2011,TVC,MI,AGL,CE,Towers with Radar,16,18,7,3,44,0,0,8,7,15,16,18,15,10,59,40,2,42,101
11/19/2011,TVC,MI,AGL,CE,Towers with Radar,11,17,13,0,41,0,0,53,4,57,11,17,66,4,98,106,0,106,204
11/20/2011,TVC,MI,AGL,CE,Towers with Radar,16,5,5,6,32,0,0,15,4,19,16,5,20,10,51,46,0,46,97
11/21/2011,TVC,MI,AGL,CE,Towers with Radar,16,15,29,13,73,0,1,42,15,58,16,16,71,28,131,86,34,120,251
11/22/2011,TVC,MI,AGL,CE,Towers with Radar,12,19,11,6,48,0,17,31,8,56,12,36,42,14,104,106,38,144,248
11/23/2011,TVC,MI,AGL,CE,Towers with Radar,18,18,26,3,65,0,0,56,19,75,18,18,82,22,140,156,18,174,314
11/24/2011,TVC,MI,AGL,CE,Towers with Radar,9,3,3,1,16,0,0,1,2,3,9,3,4,3,19,0,22,22,41
11/25/2011,TVC,MI,AGL,CE,Towers with Radar,13,13,17,0,43,0,4,67,2,73,13,17,84,2,116,88,10,98,214
11/26/2011,TVC,MI,AGL,CE,Towers with Radar,15,10,10,0,35,0,0,12,2,14,15,10,22,2,49,44,0,44,93
11/27/2011,TVC,MI,AGL,CE,Towers with Radar,19,12,4,0,35,0,0,1,0,1,19,12,5,0,36,0,0,0,36
11/28/2011,TVC,MI,AGL,CE,Towers with Radar,20,18,18,0,56,0,1,14,10,25,20,19,32,10,81,160,8,168,249
11/29/2011,TVC,MI,AGL,CE,Towers with Radar,13,18,2,12,45,0,3,2,12,17,13,21,4,24,62,2,16,18,80
11/30/2011,TVC,MI,AGL,CE,Towers with Radar,17,17,18,0,52,0,2,59,14,75,17,19,77,14,127,154,6,160,287
12/01/2011,TVC,MI,AGL,CE,Towers with Radar,15,19,9,0,43,0,0,21,5,26,15,19,30,5,69,60,0,60,129
12/02/2011,TVC,MI,AGL,CE,Towers with Radar,15,10,40,0,65,0,0,70,12,82,15,10,110,12,147,158,56,214,361
12/03/2011,TVC,MI,AGL,CE,Towers with Radar,10,25,8,0,43,0,0,8,2,10,10,25,16,2,53,0,0,0,53
12/04/2011,TVC,MI,AGL,CE,Towers with Radar,15,3,2,2,22,0,0,2,1,3,15,3,4,3,25,10,0,10,35
12/05/2011,TVC,MI,AGL,CE,Towers with Radar,15,13,5,0,33,0,3,33,15,51,15,16,38,15,84,92,0,92,176
12/06/2011,TVC,MI,AGL,CE,Towers with Radar,15,21,11,0,47,0,0,30,12,42,15,21,41,12,89,144,8,152,241
12/07/2011,TVC,MI,AGL,CE,Towers with Radar,14,13,26,8,61,0,0,36,15,51,14,13,62,23,112,140,56,196,308
12/08/2011,TVC,MI,AGL,CE,Towers with Radar,16,19,5,4,44,0,2,15,9,26,16,21,20,13,70,16,32,48,118
12/09/2011,TVC,MI,AGL,CE,Towers with Radar,15,18,19,10,62,0,9,42,19,70,15,27,61,29,132,104,34,138,270
12/10/2011,TVC,MI,AGL,CE,Towers with Radar,10,14,27,0,51,0,1,50,5,56,10,15,77,5,107,92,6,98,205
12/11/2011,TVC,MI,AGL,CE,Towers with Radar,15,4,6,0,25,0,6,16,6,28,15,10,22,6,53,38,0,38,91
12/12/2011,TVC,MI,AGL,CE,Towers with Radar,15,9,19,10,53,0,2,41,6,49,15,11,60,16,102,118,20,138,240
12/13/2011,TVC,MI,AGL,CE,Towers with Radar,14,17,27,9,67,0,0,40,14,54,14,17,67,23,121,70,16,86,207
12/14/2011,TVC,MI,AGL,CE,Towers with Radar,16,15,5,2,38,0,0,0,4,4,16,15,5,6,42,0,12,12,54
12/15/2011,TVC,MI,AGL,CE,Towers with Radar,15,22,3,1,41,0,0,4,1,5,15,22,7,2,46,0,42,42,88
12/16/2011,TVC,MI,AGL,CE,Towers with Radar,16,21,14,0,51,0,0,3,0,3,16,21,17,0,54,10,0,10,64
12/17/2011,TVC,MI,AGL,CE,Towers with Radar,15,8,11,3,37,0,0,17,5,22,15,8,28,8,59,90,16,106,165
12/18/2011,TVC,MI,AGL,CE,Towers with Radar,17,6,13,0,36,0,5,35,6,46,17,11,48,6,82,98,2,100,182
12/19/2011,TVC,MI,AGL,CE,Towers with Radar,16,13,10,0,39,0,0,9,7,16,16,13,19,7,55,28,28,56,111
12/20/2011,TVC,MI,AGL,CE,Towers with Radar,16,16,26,9,67,0,0,66,5,71,16,16,92,14,138,122,6,128,266
12/21/2011,TVC,MI,AGL,CE,Towers with Radar,15,23,15,6,59,0,6,26,4,36,15,29,41,10,95,80,4,84,179
12/22/2011,TVC,MI,AGL,CE,Towers with Radar,15,9,2,0,26,0,0,5,6,11,15,9,7,6,37,20,0,20,57
12/23/2011,TVC,MI,AGL,CE,Towers with Radar,16,23,7,0,46,0,0,38,15,53,16,23,45,15,99,46,0,46,145
12/24/2011,TVC,MI,AGL,CE,Towers with Radar,10,8,6,0,24,0,0,5,0,5,10,8,11,0,29,0,0,0,29
12/25/2011,TVC,MI,AGL,CE,Towers with Radar,12,5,2,0,19,0,0,1,0,1,12,5,3,0,20,0,0,0,20
12/26/2011,TVC,MI,AGL,CE,Towers with Radar,15,24,13,2,54,0,8,19,2,29,15,32,32,4,83,32,0,32,115
12/27/2011,TVC,MI,AGL,CE,Towers with Radar,16,5,3,0,24,0,1,3,2,6,16,6,6,2,30,10,0,10,40
12/28/2011,TVC,MI,AGL,CE,Towers with Radar,16,19,17,2,54,0,3,21,9,33,16,22,38,11,87,32,12,44,131
12/29/2011,TVC,MI,AGL,CE,Towers with Radar,16,15,5,0,36,0,0,0,0,0,16,15,5,0,36,0,0,0,36
12/30/2011,TVC,MI,AGL,CE,Towers with Radar,15,22,4,1,42,0,0,0,6,6,15,22,4,7,48,0,4,4,52
12/31/2011,TVC,MI,AGL,CE,Towers with Radar,10,16,9,0,35,0,0,18,8,26,10,16,27,8,61,82,0,82,143
01/01/2012,TVC,MI,AGL,CE,Towers with Radar,10,4,3,0,17,0,0,0,0,0,10,4,3,0,17,0,0,0,17
01/02/2012,TVC,MI,AGL,CE,Towers with Radar,12,4,1,4,21,0,0,0,2,2,12,4,1,6,23,0,0,0,23
01/03/2012,TVC,MI,AGL,CE,Towers with Radar,14,8,10,0,32,0,0,6,0,6,14,8,16,0,38,0,0,0,38
01/04/2012,TVC,MI,AGL,CE,Towers with Radar,16,19,17,6,58,0,4,12,2,18,16,23,29,8,76,68,4,72,148
01/05/2012,TVC,MI,AGL,CE,Towers with Radar,17,16,17,10,60,0,2,45,12,59,17,18,62,22,119,40,10,50,169
01/06/2012,TVC,MI,AGL,CE,Towers with Radar,16,16,22,10,64,0,1,41,8,50,16,17,63,18,114,116,36,152,266
01/07/2012,TVC,MI,AGL,CE,Towers with Radar,13,8,2,2,25,0,0,4,1,5,13,8,6,3,30,6,2,8,38
01/08/2012,TVC,MI,AGL,CE,Towers with Radar,17,5,11,0,33,0,0,18,2,20,17,5,29,2,53,24,24,48,101
01/09/2012,TVC,MI,AGL,CE,Towers with Radar,15,7,13,24,59,0,0,10,12,22,15,7,23,36,81,8,42,50,131
01/10/2012,TVC,MI,AGL,CE,Towers with Radar,14,11,16,14,55,0,0,44,9,53,14,11,60,23,108,80,20,100,208
01/11/2012,TVC,MI,AGL,CE,Towers with Radar,15,16,27,18,76,0,0,39,7,46,15,16,66,25,122,56,18,74,196
01/12/2012,TVC,MI,AGL,CE,Towers with Radar,14,11,6,0,31,0,0,0,0,0,14,11,6,0,31,0,0,0,31
01/13/2012,TVC,MI,AGL,CE,Towers with Radar,13,18,2,1,34,0,0,4,0,4,13,18,6,1,38,0,0,0,38
01/14/2012,TVC,MI,AGL,CE,Towers with Radar,13,8,19,1,41,0,2,27,3,32,13,10,46,4,73,38,0,38,111
01/15/2012,TVC,MI,AGL,CE,Towers with Radar,11,5,8,0,24,0,2,13,4,19,11,7,21,4,43,54,0,54,97
01/16/2012,TVC,MI,AGL,CE,Towers with Radar,16,6,2,0,24,0,0,2,0,2,16,6,4,0,26,2,0,2,28
01/17/2012,TVC,MI,AGL,CE,Towers with Radar,8,13,0,0,21,0,0,1,0,1,8,13,1,0,22,2,0,2,24
01/18/2012,TVC,MI,AGL,CE,Towers with Radar,14,34,13,9,70,0,1,8,8,17,14,35,21,17,87,22,34,56,143
01/19/2012,TVC,MI,AGL,CE,Towers with Radar,18,16,8,0,42,0,0,0,0,0,18,16,8,0,42,0,0,0,42
01/20/2012,TVC,MI,AGL,CE,Towers with Radar,15,10,19,13,57,0,3,43,5,51,15,13,62,18,108,104,4,108,216
01/21/2012,TVC,MI,AGL,CE,Towers with Radar,13,9,29,0,51,0,2,64,0,66,13,11,93,0,117,112,0,112,229
01/22/2012,TVC,MI,AGL,CE,Towers with Radar,16,2,16,4,38,0,0,8,2,10,16,2,24,6,48,18,2,20,68
01/23/2012,TVC,MI,AGL,CE,Towers with Radar,13,10,11,0,34,0,0,2,2,4,13,10,13,2,38,12,2,14,52
01/24/2012,TVC,MI,AGL,CE,Towers with Radar,14,12,8,8,42,0,0,10,7,17,14,12,18,15,59,24,20,44,103
01/25/2012,TVC,MI,AGL,CE,Towers with Radar,16,15,31,4,66,0,3,74,13,90,16,18,105,17,156,174,8,182,338
01/26/2012,TVC,MI,AGL,CE,Towers with Radar,15,18,7,4,44,0,0,0,17,17,15,18,7,21,61,0,0,0,61
01/27/2012,TVC,MI,AGL,CE,Towers with Radar,16,16,25,8,65,0,0,51,9,60,16,16,76,17,125,134,34,168,293
01/28/2012,TVC,MI,AGL,CE,Towers with Radar,14,15,2,0,31,0,2,0,2,4,14,17,2,2,35,0,0,0,35
01/29/2012,TVC,MI,AGL,CE,Towers with Radar,14,2,2,4,22,0,1,10,3,14,14,3,12,7,36,24,2,26,62
01/30/2012,TVC,MI,AGL,CE,Towers with Radar,16,11,14,2,43,0,0,16,9,25,16,11,30,11,68,60,0,60,128
01/31/2012,TVC,MI,AGL,CE,Towers with Radar,15,13,18,6,52,0,4,37,14,55,15,17,55,20,107,106,26,132,239
02/01/2012,TVC,MI,AGL,CE,Towers with Radar,15,13,14,0,42,0,0,42,8,50,15,13,56,8,92,134,44,178,270
02/02/2012,TVC,MI,AGL,CE,Towers with Radar,16,15,24,0,55,0,2,40,10,52,16,17,64,10,107,114,16,130,237
02/03/2012,TVC,MI,AGL,CE,Towers with Radar,16,17,27,6,66,0,0,36,4,40,16,17,63,10,106,88,30,118,224
02/04/2012,TVC,MI,AGL,CE,Towers with Radar,13,10,23,4,50,0,2,70,4,76,13,12,93,8,126,78,4,82,208
02/05/2012,TVC,MI,AGL,CE,Towers with Radar,16,6,8,0,30,0,2,13,7,22,16,8,21,7,52,0,0,0,52
02/06/2012,TVC,MI,AGL,CE,Towers with Radar,15,8,1,2,26,0,1,14,15,30,15,9,15,17,56,48,12,60,116
02/07/2012,TVC,MI,AGL,CE,Towers with Radar,14,15,28,5,62,0,0,40,7,47,14,15,68,12,109,112,22,134,243
02/08/2012,TVC,MI,AGL,CE,Towers with Radar,15,11,25,8,59,0,0,58,9,67,15,11,83,17,126,80,34,114,240
02/09/2012,TVC,MI,AGL,CE,Towers with Radar,18,18,16,14,66,0,2,43,13,58,18,20,59,27,124,118,52,170,294
02/10/2012,TVC,MI,AGL,CE,Towers with Radar,6,20,5,0,31,0,0,0,0,0,6,20,5,0,31,0,0,0,31
02/11/2012,TVC,MI,AGL,CE,Towers with Radar,13,15,2,0,30,0,0,0,0,0,13,15,2,0,30,0,0,0,30
02/12/2012,TVC,MI,AGL,CE,Towers with Radar,17,6,9,0,32,0,3,13,3,19,17,9,22,3,51,26,0,26,77
02/13/2012,TVC,MI,AGL,CE,Towers with Radar,16,17,22,21,76,0,5,50,9,64,16,22,72,30,140,134,20,154,294
02/14/2012,TVC,MI,AGL,CE,Towers with Radar,14,13,1,2,30,0,0,3,9,12,14,13,4,11,42,30,56,86,128
02/15/2012,TVC,MI,AGL,CE,Towers with Radar,13,13,16,0,42,0,1,17,14,32,13,14,33,14,74,184,2,186,260
02/16/2012,TVC,MI,AGL,CE,Towers with Radar,16,13,3,14,46,0,1,0,9,10,16,14,3,23,56,0,18,18,74
02/17/2012,TVC,MI,AGL,CE,Towers with Radar,16,25,31,2,74,0,3,72,9,84,16,28,103,11,158,170,2,172,330
02/18/2012,TVC,MI,AGL,CE,Towers with Radar,11,12,10,0,33,0,0,8,4,12,11,12,18,4,45,14,0,14,59
02/19/2012,TVC,MI,AGL,CE,Towers with Radar,14,8,15,0,37,0,0,73,1,74,14,8,88,1,111,118,0,118,229
02/20/2012,TVC,MI,AGL,CE,Towers with Radar,15,10,9,5,39,0,1,14,8,23,15,11,23,13,62,40,15,55,117
02/21/2012,TVC,MI,AGL,CE,Towers with Radar,15,21,7,6,49,0,0,28,7,35,15,21,35,13,84,90,26,116,200
02/22/2012,TVC,MI,AGL,CE,Towers with Radar,12,19,25,0,56,0,0,30,11,41,12,19,55,11,97,62,48,110,207
02/23/2012,TVC,MI,AGL,CE,Towers with Radar,15,9,16,6,46,0,9,74,8,91,15,18,90,14,137,242,14,256,393
02/24/2012,TVC,MI,AGL,CE,Towers with Radar,13,28,0,1,42,0,0,0,0,0,13,28,0,1,42,0,0,0,42
02/25/2012,TVC,MI,AGL,CE,Towers with Radar,12,12,7,2,33,0,0,30,5,35,12,12,37,7,68,76,0,76,144
02/26/2012,TVC,MI,AGL,CE,Towers with Radar,16,10,8,0,34,0,3,8,2,13,16,13,16,2,47,22,0,22,69
02/27/2012,TVC,MI,AGL,CE,Towers with Radar,15,13,8,12,48,0,0,14,12,26,15,13,22,24,74,34,56,90,164
02/28/2012,TVC,MI,AGL,CE,Towers with Radar,12,14,28,22,76,0,1,81,8,90,12,15,109,30,166,144,38,182,348
02/29/2012,TVC,MI,AGL,CE,Towers with Radar,15,16,1,0,32,0,0,0,0,0,15,16,1,0,32,0,0,0,32
03/01/2012,TVC,MI,AGL,CE,Towers with Radar,15,13,0,1,29,0,0,14,20,34,15,13,14,21,63,78,36,114,177
03/02/2012,TVC,MI,AGL,CE,Towers with Radar,12,13,5,0,30,0,0,3,1,4,12,13,8,1,34,32,10,42,76
03/03/2012,TVC,MI,AGL,CE,Towers with Radar,2,16,0,0,18,0,0,0,0,0,2,16,0,0,18,0,0,0,18
03/04/2012,TVC,MI,AGL,CE,Towers with Radar,18,10,3,0,31,0,12,4,3,19,18,22,7,3,50,5,0,5,55
03/05/2012,TVC,MI,AGL,CE,Towers with Radar,16,11,4,0,31,0,2,2,5,9,16,13,6,5,40,0,4,4,44
03/06/2012,TVC,MI,AGL,CE,Towers with Radar,13,21,42,12,88,0,15,70,11,96,13,36,112,23,184,178,46,224,408
03/07/2012,TVC,MI,AGL,CE,Towers with Radar,17,14,15,6,52,0,3,17,8,28,17,17,32,14,80,22,12,34,114
03/08/2012,TVC,MI,AGL,CE,Towers with Radar,18,12,7,16,53,0,0,14,9,23,18,12,21,25,76,42,20,62,138
03/09/2012,TVC,MI,AGL,CE,Towers with Radar,18,12,19,6,55,0,0,15,8,23,18,12,34,14,78,16,0,16,94
03/10/2012,TVC,MI,AGL,CE,Towers with Radar,14,11,5,0,30,0,3,6,3,12,14,14,11,3,42,2,0,2,44
03/11/2012,TVC,MI,AGL,CE,Towers with Radar,19,0,29,4,52,0,6,41,2,49,19,6,70,6,101,50,12,62,163
03/12/2012,TVC,MI,AGL,CE,Towers with Radar,16,7,6,2,31,0,2,8,15,25,16,9,14,17,56,30,26,56,112
03/13/2012,TVC,MI,AGL,CE,Towers with Radar,15,21,45,1,82,0,5,77,14,96,15,26,122,15,178,112,8,120,298
03/14/2012,TVC,MI,AGL,CE,Towers with Radar,19,14,32,0,65,0,0,113,12,125,19,14,145,12,190,136,26,162,352
03/15/2012,TVC,MI,AGL,CE,Towers with Radar,18,18,33,3,72,0,0,40,9,49,18,18,73,12,121,126,4,130,251
03/16/2012,TVC,MI,AGL,CE,Towers with Radar,19,19,34,2,74,0,0,66,12,78,19,19,100,14,152,252,0,252,404
03/17/2012,TVC,MI,AGL,CE,Towers with Radar,12,8,11,0,31,0,0,44,4,48,12,8,55,4,79,94,0,94,173
03/18/2012,TVC,MI,AGL,CE,Towers with Radar,18,2,7,0,27,0,4,29,2,35,18,6,36,2,62,72,32,104,166
03/19/2012,TVC,MI,AGL,CE,Towers with Radar,19,7,17,9,52,0,1,48,14,63,19,8,65,23,115,100,48,148,263
03/20/2012,TVC,MI,AGL,CE,Towers with Radar,15,16,38,6,75,0,3,40,6,49,15,19,78,12,124,86,12,98,222
03/21/2012,TVC,MI,AGL,CE,Towers with Radar,18,14,14,2,48,0,0,47,15,62,18,14,61,17,110,36,0,36,146
03/22/2012,TVC,MI,AGL,CE,Towers with Radar,18,13,60,0,91,0,2,47,10,59,18,15,107,10,150,114,10,124,274
03/23/2012,TVC,MI,AGL,CE,Towers with Radar,22,14,6,0,42,0,1,5,2,8,22,15,11,2,50,16,20,36,86
03/24/2012,TVC,MI,AGL,CE,Towers with Radar,11,10,14,0,35,0,1,10,1,12,11,11,24,1,47,66,8,74,121
03/25/2012,TVC,MI,AGL,CE,Towers with Radar,19,0,18,0,37,0,2,36,2,40,19,2,54,2,77,78,10,88,165
03/26/2012,TVC,MI,AGL,CE,Towers with Radar,19,15,38,1,73,0,0,64,6,70,19,15,102,7,143,92,0,92,235
03/27/2012,TVC,MI,AGL,CE,Towers with Radar,15,8,20,3,46,0,0,18,2,20,15,8,38,5,66,16,2,18,84
03/28/2012,TVC,MI,AGL,CE,Towers with Radar,22,11,18,1,52,0,0,25,1,26,22,11,43,2,78,42,0,42,120
03/29/2012,TVC,MI,AGL,CE,Towers with Radar,19,9,54,0,82,0,0,56,5,61,19,9,110,5,143,102,4,106,249
03/30/2012,TVC,MI,AGL,CE,Towers with Radar,16,14,1,0,31,0,0,0,0,0,16,14,1,0,31,0,0,0,31
03/31/2012,TVC,MI,AGL,CE,Towers with Radar,12,12,26,0,50,0,0,3,18,21,12,12,29,18,71,20,8,28,99
04/01/2012,TVC,MI,AGL,CE,Towers with Radar,19,7,20,0,46,0,0,13,4,17,19,7,33,4,63,36,20,56,119
04/02/2012,TVC,MI,AGL,CE,Towers with Radar,19,8,39,8,74,0,1,58,12,71,19,9,97,20,145,78,70,148,293
04/03/2012,TVC,MI,AGL,CE,Towers with Radar,14,11,30,16,71,0,4,34,16,54,14,15,64,32,125,90,76,166,291
04/04/2012,TVC,MI,AGL,CE,Towers with Radar,20,13,39,6,78,0,7,84,15,106,20,20,123,21,184,64,54,118,302
04/05/2012,TVC,MI,AGL,CE,Towers with Radar,20,17,38,0,75,0,12,62,9,83,20,29,100,9,158,120,0,120,278
04/06/2012,TVC,MI,AGL,CE,Towers with Radar,19,12,41,10,82,0,4,99,2,105,19,16,140,12,187,150,12,162,349
04/07/2012,TVC,MI,AGL,CE,Towers with Radar,13,10,12,6,41,0,0,68,7,75,13,10,80,13,116,44,2,46,162
04/08/2012,TVC,MI,AGL,CE,Towers with Radar,17,1,9,0,27,0,2,18,2,22,17,3,27,2,49,0,8,8,57
04/09/2012,TVC,MI,AGL,CE,Towers with Radar,20,9,20,10,59,0,3,38,7,48,20,12,58,17,107,90,24,114,221
04/10/2012,TVC,MI,AGL,CE,Towers with Radar,17,18,25,3,63,0,0,18,10,28,17,18,43,13,91,16,26,42,133
04/11/2012,TVC,MI,AGL,CE,Towers with Radar,19,13,37,3,72,0,2,56,9,67,19,15,93,12,139,118,0,118,257
04/12/2012,TVC,MI,AGL,CE,Towers with Radar,21,14,28,5,68,0,7,77,11,95,21,21,105,16,163,154,8,162,325
04/13/2012,TVC,MI,AGL,CE,Towers with Radar,20,18,36,11,85,0,3,76,6,85,20,21,112,17,170,86,12,98,268
04/14/2012,TVC,MI,AGL,CE,Towers with Radar,13,8,10,0,31,0,0,24,7,31,13,8,34,7,62,44,16,60,122
04/15/2012,TVC,MI,AGL,CE,Towers with Radar,16,4,15,0,35,0,2,8,0,10,16,6,23,0,45,0,0,0,45
04/16/2012,TVC,MI,AGL,CE,Towers with Radar,25,7,5,2,39,0,3,0,3,6,25,10,5,5,45,4,0,4,49
04/17/2012,TVC,MI,AGL,CE,Towers with Radar,18,22,13,0,53,0,2,48,16,66,18,24,61,16,119,88,44,132,251
04/18/2012,TVC,MI,AGL,CE,Towers with Radar,21,13,34,0,68,0,1,42,10,53,21,14,76,10,121,82,22,104,225
04/19/2012,TVC,MI,AGL,CE,Towers with Radar,19,18,40,2,79,0,7,43,13,63,19,25,83,15,142,66,4,70,212
04/20/2012,TVC,MI,AGL,CE,Towers with Radar,22,9,21,10,62,0,4,2,9,15,22,13,23,19,77,0,0,0,77
04/21/2012,TVC,MI,AGL,CE,Towers with Radar,13,15,15,8,51,0,1,70,9,80,13,16,85,17,131,64,0,64,195
04/22/2012,TVC,MI,AGL,CE,Towers with Radar,20,10,16,2,48,0,3,44,3,50,20,13,60,5,98,72,0,72,170
04/23/2012,TVC,MI,AGL,CE,Towers with Radar,21,16,14,2,53,0,0,31,3,34,21,16,45,5,87,40,10,50,137
04/24/2012,TVC,MI,AGL,CE,Towers with Radar,16,17,20,8,61,0,1,24,9,34,16,18,44,17,95,28,0,28,123
04/25/2012,TVC,MI,AGL,CE,Towers with Radar,21,14,54,2,91,0,0,73,14,87,21,14,127,16,178,216,8,224,402
04/26/2012,TVC,MI,AGL,CE,Towers with Radar,18,14,11,1,44,0,2,1,11,14,18,16,12,12,58,0,22,22,80
04/27/2012,TVC,MI,AGL,CE,Towers with Radar,20,12,33,10,75,0,1,69,9,79,20,13,102,19,154,184,18,202,356
04/28/2012,TVC,MI,AGL,CE,Towers with Radar,12,14,23,0,49,0,4,40,3,47,12,18,63,3,96,50,0,50,146
04/29/2012,TVC,MI,AGL,CE,Towers with Radar,17,9,27,14,67,0,7,55,3,65,17,16,82,17,132,64,12,76,208
04/30/2012,TVC,MI,AGL,CE,Towers with Radar,20,10,20,0,50,0,2,32,4,38,20,12,52,4,88,104,10,114,202
05/01/2012,TVC,MI,AGL,CE,Towers with Radar,16,18,60,1,95,0,1,54,10,65,16,19,114,11,160,96,0,96,256
05/02/2012,TVC,MI,AGL,CE,Towers with Radar,20,16,40,1,77,0,0,12,1,13,20,16,52,2,90,58,4,62,152
05/03/2012,TVC,MI,AGL,CE,Towers with Radar,19,19,14,0,52,0,0,13,2,15,19,19,27,2,67,86,0,86,153
05/04/2012,TVC,MI,AGL,CE,Towers with Radar,17,20,42,3,82,0,3,35,3,41,17,23,77,6,123,76,0,76,199
05/05/2012,TVC,MI,AGL,CE,Towers with Radar,15,8,35,6,64,0,1,53,12,66,15,9,88,18,130,104,0,104,234
05/06/2012,TVC,MI,AGL,CE,Towers with Radar,15,4,24,0,43,0,2,43,6,51,15,6,67,6,94,108,0,108,202
05/07/2012,TVC,MI,AGL,CE,Towers with Radar,21,16,75,6,118,0,2,62,3,67,21,18,137,9,185,116,10,126,311
05/08/2012,TVC,MI,AGL,CE,Towers with Radar,19,18,71,5,113,0,2,58,11,71,19,20,129,16,184,94,8,102,286
05/09/2012,TVC,MI,AGL,CE,Towers with Radar,22,19,47,0,88,0,1,41,16,58,22,20,88,16,146,66,26,92,238
05/10/2012,TVC,MI,AGL,CE,Towers with Radar,23,17,35,4,79,0,2,80,10,92,23,19,115,14,171,160,20,180,351
05/11/2012,TVC,MI,AGL,CE,Towers with Radar,22,18,43,0,83,0,2,92,4,98,22,20,135,4,181,208,0,208,389
05/12/2012,TVC,MI,AGL,CE,Towers with Radar,15,17,14,0,46,0,2,32,2,36,15,19,46,2,82,42,8,50,132
05/13/2012,TVC,MI,AGL,CE,Towers with Radar,19,5,14,6,44,0,5,53,2,60,19,10,67,8,104,26,10,36,140
05/14/2012,TVC,MI,AGL,CE,Towers with Radar,22,10,63,4,99,0,4,53,17,74,22,14,116,21,173,80,0,80,253
05/15/2012,TVC,MI,AGL,CE,Towers with Radar,17,15,28,8,68,0,0,36,4,40,17,15,64,12,108,68,8,76,184
05/16/2012,TVC,MI,AGL,CE,Towers with Radar,22,17,32,7,78,0,2,78,17,97,22,19,110,24,175,132,0,132,307
05/17/2012,TVC,MI,AGL,CE,Towers with Radar,21,16,57,2,96,0,1,83,9,93,21,17,140,11,189,178,0,178,367
05/18/2012,TVC,MI,AGL,CE,Towers with Radar,22,19,79,0,120,0,3,78,0,81,22,22,157,0,201,108,0,108,309
05/19/2012,TVC,MI,AGL,CE,Towers with Radar,14,11,27,4,56,0,2,57,2,61,14,13,84,6,117,42,0,42,159
05/20/2012,TVC,MI,AGL,CE,Towers with Radar,20,16,8,1,45,0,0,29,7,36,20,16,37,8,81,26,0,26,107
05/21/2012,TVC,MI,AGL,CE,Towers with Radar,22,10,18,2,52,0,0,32,11,43,22,10,50,13,95,80,26,106,201
05/22/2012,TVC,MI,AGL,CE,Towers with Radar,18,16,45,2,81,0,2,73,7,82,18,18,118,9,163,46,13,59,222
05/23/2012,TVC,MI,AGL,CE,Towers with Radar,22,19,47,3,91,0,5,71,4,80,22,24,118,7,171,130,2,132,303
05/24/2012,TVC,MI,AGL,CE,Towers with Radar,21,15,37,6,79,0,2,45,12,59,21,17,82,18,138,62,2,64,202
05/25/2012,TVC,MI,AGL,CE,Towers with Radar,22,32,56,5,115,0,2,70,7,79,22,34,126,12,194,84,8,92,286
05/26/2012,TVC,MI,AGL,CE,Towers with Radar,15,13,18,0,46,0,0,30,19,49,15,13,48,19,95,74,0,74,169
05/27/2012,TVC,MI,AGL,CE,Towers with Radar,16,1,14,0,31,0,0,19,2,21,16,1,33,2,52,0,0,0,52
05/28/2012,TVC,MI,AGL,CE,Towers with Radar,19,10,17,2,48,0,2,37,7,46,19,12,54,9,94,12,0,12,106
05/29/2012,TVC,MI,AGL,CE,Towers with Radar,23,19,20,4,66,0,0,37,10,47,23,19,57,14,113,56,0,56,169
05/30/2012,TVC,MI,AGL,CE,Towers with Radar,22,24,33,0,79,0,2,45,10,57,22,26,78,10,136,120,0,120,256
05/31/2012,TVC,MI,AGL,CE,Towers with Radar,21,15,25,6,67,0,6,89,11,106,21,21,114,17,173,146,4,150,323
06/01/2012,TVC,MI,AGL,CE,Towers with Radar,23,22,48,2,95,0,2,21,12,35,23,24,69,14,130,66,8,74,204
06/02/2012,TVC,MI,AGL,CE,Towers with Radar,15,12,16,2,45,0,3,37,10,50,15,15,53,12,95,88,0,88,183
06/03/2012,TVC,MI,AGL,CE,Towers with Radar,21,4,14,0,39,0,7,56,5,68,21,11,70,5,107,86,16,102,209
06/04/2012,TVC,MI,AGL,CE,Towers with Radar,21,16,38,2,77,0,2,86,8,96,21,18,124,10,173,150,0,150,323
06/05/2012,TVC,MI,AGL,CE,Towers with Radar,18,24,19,2,63,0,0,72,6,78,18,24,91,8,141,144,2,146,287
06/06/2012,TVC,MI,AGL,CE,Towers with Radar,20,26,33,1,80,0,10,123,12,145,20,36,156,13,225,288,4,292,517
06/07/2012,TVC,MI,AGL,CE,Towers with Radar,29,16,35,0,80,0,3,133,9,145,29,19,168,9,225,182,14,196,421
06/08/2012,TVC,MI,AGL,CE,Towers with Radar,33,27,28,2,90,0,0,88,5,93,33,27,116,7,183,202,60,262,445
06/09/2012,TVC,MI,AGL,CE,Towers with Radar,27,11,21,0,59,0,0,48,4,52,27,11,69,4,111,142,0,142,253
06/10/2012,TVC,MI,AGL,CE,Towers with Radar,29,6,21,0,56,0,2,85,4,91,29,8,106,4,147,56,0,56,203
06/11/2012,TVC,MI,AGL,CE,Towers with Radar,33,13,18,4,68,0,2,54,12,68,33,15,72,16,136,94,0,94,230
06/12/2012,TVC,MI,AGL,CE,Towers with Radar,29,15,28,10,82,0,2,79,6,87,29,17,107,16,169,178,2,180,349
06/13/2012,TVC,MI,AGL,CE,Towers with Radar,31,18,32,0,81,0,2,108,13,123,31,20,140,13,204,306,4,310,514
06/14/2012,TVC,MI,AGL,CE,Towers with Radar,35,19,19,3,76,0,0,115,17,132,35,19,134,20,208,310,2,312,520
06/15/2012,TVC,MI,AGL,CE,Towers with Radar,37,21,23,0,81,0,6,111,7,124,37,27,134,7,205,322,0,322,527
06/16/2012,TVC,MI,AGL,CE,Towers with Radar,36,22,33,0,91,0,4,64,7,75,36,26,97,7,166,92,4,96,262
06/17/2012,TVC,MI,AGL,CE,Towers with Radar,34,10,39,2,85,0,0,33,2,35,34,10,72,4,120,66,0,66,186
06/18/2012,TVC,MI,AGL,CE,Towers with Radar,31,17,15,1,64,0,2,9,3,14,31,19,24,4,78,26,0,26,104
06/19/2012,TVC,MI,AGL,CE,Towers with Radar,32,26,22,5,85,0,6,61,8,75,32,32,83,13,160,108,14,122,282
06/20/2012,TVC,MI,AGL,CE,Towers with Radar,31,27,37,8,103,0,9,61,23,93,31,36,98,31,196,132,10,142,338
06/21/2012,TVC,MI,AGL,CE,Towers with Radar,36,32,24,4,96,0,4,41,1,46,36,36,65,5,142,96,14,110,252
06/22/2012,TVC,MI,AGL,CE,Towers with Radar,31,26,42,0,99,0,7,130,9,146,31,33,172,9,245,320,4,324,569
06/23/2012,TVC,MI,AGL,CE,Towers with Radar,35,22,14,0,71,0,0,118,14,132,35,22,132,14,203,238,0,238,441
06/24/2012,TVC,MI,AGL,CE,Towers with Radar,36,25,17,0,78,0,3,43,4,50,36,28,60,4,128,88,0,88,216
06/25/2012,TVC,MI,AGL,CE,Towers with Radar,33,21,26,0,80,0,0,96,8,104,33,21,122,8,184,146,18,164,348
06/26/2012,TVC,MI,AGL,CE,Towers with Radar,34,26,25,2,87,0,4,81,7,92,34,30,106,9,179,176,20,196,375
06/27/2012,TVC,MI,AGL,CE,Towers with Radar,35,29,26,1,91,0,0,78,6,84,35,29,104,7,175,164,0,164,339
06/28/2012,TVC,MI,AGL,CE,Towers with Radar,34,23,29,4,90,0,1,57,16,74,34,24,86,20,164,62,13,75,239
06/29/2012,TVC,MI,AGL,CE,Towers with Radar,35,35,47,0,117,0,8,125,10,143,35,43,172,10,260,164,0,164,424
06/30/2012,TVC,MI,AGL,CE,Towers with Radar,43,20,11,2,76,0,5,85,3,93,43,25,96,5,169,170,0,170,339
07/01/2012,TVC,MI,AGL,CE,Towers with Radar,36,20,25,0,81,0,5,62,2,69,36,25,87,2,150,32,0,32,182
07/02/2012,TVC,MI,AGL,CE,Towers with Radar,29,29,26,17,101,0,1,84,6,91,29,30,110,23,192,146,0,146,338
07/03/2012,TVC,MI,AGL,CE,Towers with Radar,28,41,33,0,102,0,1,62,6,69,28,42,95,6,171,86,0,86,257
07/04/2012,TVC,MI,AGL,CE,Towers with Radar,27,12,9,0,48,0,2,47,8,57,27,14,56,8,105,48,0,48,153
07/05/2012,TVC,MI,AGL,CE,Towers with Radar,34,37,19,8,98,0,5,97,9,111,34,42,116,17,209,114,0,114,323
07/06/2012,TVC,MI,AGL,CE,Towers with Radar,35,36,27,1,99,0,13,162,14,189,35,49,189,15,288,82,2,84,372
07/07/2012,TVC,MI,AGL,CE,Towers with Radar,44,31,20,0,95,0,9,100,21,130,44,40,120,21,225,68,0,68,293
07/08/2012,TVC,MI,AGL,CE,Towers with Radar,36,60,55,2,153,0,7,104,13,124,36,67,159,15,277,72,0,72,349
07/09/2012,TVC,MI,AGL,CE,Towers with Radar,34,24,29,0,87,0,2,80,8,90,34,26,109,8,177,200,0,200,377
07/10/2012,TVC,MI,AGL,CE,Towers with Radar,32,29,29,1,91,0,3,82,7,92,32,32,111,8,183,156,0,156,339
07/11/2012,TVC,MI,AGL,CE,Towers with Radar,34,33,28,0,95,0,4,105,2,111,34,37,133,2,206,152,0,152,358
07/12/2012,TVC,MI,AGL,CE,Towers with Radar,36,30,25,0,91,0,5,111,6,122,36,35,136,6,213,142,16,158,371
07/13/2012,TVC,MI,AGL,CE,Towers with Radar,35,32,28,0,95,0,1,111,1,113,35,33,139,1,208,188,0,188,396
07/14/2012,TVC,MI,AGL,CE,Towers with Radar,46,21,14,0,81,0,5,41,2,48,46,26,55,2,129,62,0,62,191
07/15/2012,TVC,MI,AGL,CE,Towers with Radar,34,45,34,0,113,0,1,59,0,60,34,46,93,0,173,108,0,108,281
07/16/2012,TVC,MI,AGL,CE,Towers with Radar,34,44,28,4,110,0,4,59,9,72,34,48,87,13,182,116,0,116,298
07/17/2012,TVC,MI,AGL,CE,Towers with Radar,36,25,13,10,84,0,8,66,6,80,36,33,79,16,164,138,12,150,314
07/18/2012,TVC,MI,AGL,CE,Towers with Radar,31,41,48,4,124,0,8,86,12,106,31,49,134,16,230,146,24,170,400
07/19/2012,TVC,MI,AGL,CE,Towers with Radar,34,40,38,5,117,0,4,68,8,80,34,44,106,13,197,178,36,214,411
07/20/2012,TVC,MI,AGL,CE,Towers with Radar,34,39,40,1,114,0,8,136,5,149,34,47,176,6,263,146,0,146,409
07/21/2012,TVC,MI,AGL,CE,Towers with Radar,46,24,23,4,97,0,5,43,5,53,46,29,66,9,150,18,4,22,172
07/22/2012,TVC,MI,AGL,CE,Towers with Radar,40,40,19,10,109,0,3,56,3,62,40,43,75,13,171,58,0,58,229
07/23/2012,TVC,MI,AGL,CE,Towers with Radar,33,28,20,2,83,0,3,51,11,65,33,31,71,13,148,38,2,40,188
07/24/2012,TVC,MI,AGL,CE,Towers with Radar,33,30,29,4,96,0,5,97,5,107,33,35,126,9,203,102,20,122,325
07/25/2012,TVC,MI,AGL,CE,Towers with Radar,39,36,22,4,101,0,5,52,13,70,39,41,74,17,171,100,2,102,273
07/26/2012,TVC,MI,AGL,CE,Towers with Radar,37,38,43,1,119,0,4,67,6,77,37,42,110,7,196,138,0,138,334
07/27/2012,TVC,MI,AGL,CE,Towers with Radar,32,46,36,2,116,0,2,21,6,29,32,48,57,8,145,52,0,52,197
07/28/2012,TVC,MI,AGL,CE,Towers with Radar,45,29,43,6,123,0,6,75,5,86,45,35,118,11,209,170,10,180,389
07/29/2012,TVC,MI,AGL,CE,Towers with Radar,40,56,36,8,140,0,6,76,3,85,40,62,112,11,225,46,4,50,275
07/30/2012,TVC,MI,AGL,CE,Towers with Radar,34,36,23,3,96,0,5,84,15,104,34,41,107,18,200,146,28,174,374
07/31/2012,TVC,MI,AGL,CE,Towers with Radar,34,33,36,2,105,0,1,61,11,73,34,34,97,13,178,192,2,194,372
08/01/2012,TVC,MI,AGL,CE,Towers with Radar,29,38,35,1,103,0,2,93,11,106,29,40,128,12,209,184,0,184,393
08/02/2012,TVC,MI,AGL,CE,Towers with Radar,35,30,41,0,106,0,3,90,12,105,35,33,131,12,211,218,0,218,429
08/03/2012,TVC,MI,AGL,CE,Towers with Radar,35,38,31,9,113,0,10,83,13,106,35,48,114,22,219,192,24,216,435
08/04/2012,TVC,MI,AGL,CE,Towers with Radar,44,23,14,0,81,0,5,51,3,59,44,28,65,3,140,80,0,80,220
08/05/2012,TVC,MI,AGL,CE,Towers with Radar,41,45,46,2,134,0,4,41,0,45,41,49,87,2,179,74,0,74,253
08/06/2012,TVC,MI,AGL,CE,Towers with Radar,34,36,43,16,129,0,0,100,8,108,34,36,143,24,237,150,42,192,429
08/07/2012,TVC,MI,AGL,CE,Towers with Radar,34,34,16,12,96,0,4,85,8,97,34,38,101,20,193,150,36,186,379
08/08/2012,TVC,MI,AGL,CE,Towers with Radar,35,27,21,1,84,0,3,94,10,107,35,30,115,11,191,204,0,204,395
08/09/2012,TVC,MI,AGL,CE,Towers with Radar,30,35,27,4,96,0,1,85,12,98,30,36,112,16,194,168,0,168,362
08/10/2012,TVC,MI,AGL,CE,Towers with Radar,35,23,26,1,85,0,2,34,11,47,35,25,60,12,132,40,28,68,200
08/11/2012,TVC,MI,AGL,CE,Towers with Radar,48,33,19,0,100,0,13,41,3,57,48,46,60,3,157,34,0,34,191
08/12/2012,TVC,MI,AGL,CE,Towers with Radar,40,20,36,0,96,0,3,57,6,66,40,23,93,6,162,52,0,52,214
08/13/2012,TVC,MI,AGL,CE,Towers with Radar,36,34,43,0,113,0,4,83,4,91,36,38,126,4,204,228,26,254,458
08/14/2012,TVC,MI,AGL,CE,Towers with Radar,34,35,30,6,105,0,9,51,10,70,34,44,81,16,175,198,2,200,375
08/15/2012,TVC,MI,AGL,CE,Towers with Radar,34,25,19,2,80,0,3,86,20,109,34,28,105,22,189,218,10,228,417
08/16/2012,TVC,MI,AGL,CE,Towers with Radar,25,33,15,4,77,0,0,23,6,29,25,33,38,10,106,60,0,60,166
08/17/2012,TVC,MI,AGL,CE,Towers with Radar,36,44,24,1,105,0,6,65,8,79,36,50,89,9,184,128,0,128,312
08/18/2012,TVC,MI,AGL,CE,Towers with Radar,37,21,17,0,75,0,5,74,2,81,37,26,91,2,156,122,0,122,278
08/19/2012,TVC,MI,AGL,CE,Towers with Radar,34,22,18,3,77,0,0,49,0,49,34,22,67,3,126,96,0,96,222
08/20/2012,TVC,MI,AGL,CE,Towers with Radar,33,33,35,0,101,0,2,67,6,75,33,35,102,6,176,186,2,188,364
08/21/2012,TVC,MI,AGL,CE,Towers with Radar,32,22,38,1,93,0,6,89,14,109,32,28,127,15,202,148,0,148,350
08/22/2012,TVC,MI,AGL,CE,Towers with Radar,34,43,21,12,110,0,4,48,12,64,34,47,69,24,174,36,12,48,222
08/23/2012,TVC,MI,AGL,CE,Towers with Radar,36,29,25,11,101,0,5,82,18,105,36,34,107,29,206,114,48,162,368
08/24/2012,TVC,MI,AGL,CE,Towers with Radar,34,30,39,2,105,0,2,68,14,84,34,32,107,16,189,144,38,182,371
08/25/2012,TVC,MI,AGL,CE,Towers with Radar,35,25,27,1,88,0,9,70,3,82,35,34,97,4,170,62,0,62,232
08/26/2012,TVC,MI,AGL,CE,Towers with Radar,29,15,40,16,100,0,1,43,2,46,29,16,83,18,146,70,28,98,244
08/27/2012,TVC,MI,AGL,CE,Towers with Radar,32,22,22,20,96,0,5,57,7,69,32,27,79,27,165,144,58,202,367
08/28/2012,TVC,MI,AGL,CE,Towers with Radar,34,22,47,0,103,0,1,81,9,91,34,23,128,9,194,144,0,144,338
08/29/2012,TVC,MI,AGL,CE,Towers with Radar,32,22,28,0,82,0,2,78,2,82,32,24,106,2,164,230,0,230,394
08/30/2012,TVC,MI,AGL,CE,Towers with Radar,31,34,30,4,99,0,5,48,19,72,31,39,78,23,171,52,0,52,223
08/31/2012,TVC,MI,AGL,CE,Towers with Radar,30,45,50,0,125,0,4,124,24,152,30,49,174,24,277,184,10,194,471
09/01/2012,TVC,MI,AGL,CE,Towers with Radar,28,13,40,2,83,0,6,61,8,75,28,19,101,10,158,100,0,100,258
09/02/2012,TVC,MI,AGL,CE,Towers with Radar,23,15,30,0,68,0,2,49,2,53,23,17,79,2,121,34,20,54,175
09/03/2012,TVC,MI,AGL,CE,Towers with Radar,33,25,39,0,97,0,6,55,2,63,33,31,94,2,160,60,20,80,240
09/04/2012,TVC,MI,AGL,CE,Towers with Radar,33,14,34,6,87,0,5,93,12,110,33,19,127,18,197,178,30,208,405
09/05/2012,TVC,MI,AGL,CE,Towers with Radar,26,24,26,11,87,0,0,80,12,92,26,24,106,23,179,196,86,282,461
09/06/2012,TVC,MI,AGL,CE,Towers with Radar,27,22,40,6,95,0,0,108,11,119,27,22,148,17,214,232,118,350,564
09/07/2012,TVC,MI,AGL,CE,Towers with Radar,24,23,22,1,70,0,0,37,9,46,24,23,59,10,116,102,100,202,318
09/08/2012,TVC,MI,AGL,CE,Towers with Radar,23,16,5,0,44,0,0,55,2,57,23,16,60,2,101,84,0,84,185
09/09/2012,TVC,MI,AGL,CE,Towers with Radar,28,13,28,4,73,0,3,41,2,46,28,16,69,6,119,32,12,44,163
09/10/2012,TVC,MI,AGL,CE,Towers with Radar,27,19,16,0,62,0,0,97,0,97,27,19,113,0,159,146,0,146,305
09/11/2012,TVC,MI,AGL,CE,Towers with Radar,24,19,55,6,104,0,6,60,6,72,24,25,115,12,176,90,30,120,296
09/12/2012,TVC,MI,AGL,CE,Towers with Radar,27,32,34,9,102,0,11,67,15,93,27,43,101,24,195,58,68,126,321
09/13/2012,TVC,MI,AGL,CE,Towers with Radar,22,36,48,4,110,0,5,96,12,113,22,41,144,16,223,260,52,312,535
09/14/2012,TVC,MI,AGL,CE,Towers with Radar,29,22,41,0,92,0,0,132,11,143,29,22,173,11,235,226,54,280,515
09/15/2012,TVC,MI,AGL,CE,Towers with Radar,25,20,34,0,79,0,2,102,7,111,25,22,136,7,190,128,0,128,318
09/16/2012,TVC,MI,AGL,CE,Towers with Radar,22,17,44,0,83,0,3,54,4,61,22,20,98,4,144,58,34,92,236
09/17/2012,TVC,MI,AGL,CE,Towers with Radar,28,11,15,0,54,0,2,78,10,90,28,13,93,10,144,204,44,248,392
09/18/2012,TVC,MI,AGL,CE,Towers with Radar,23,15,12,4,54,0,0,34,10,44,23,15,46,14,98,92,20,112,210
09/19/2012,TVC,MI,AGL,CE,Towers with Radar,28,26,32,3,89,0,1,72,15,88,28,27,104,18,177,232,148,380,557
09/20/2012,TVC,MI,AGL,CE,Towers with Radar,28,30,31,5,94,0,3,78,11,92,28,33,109,16,186,157,32,189,375
09/21/2012,TVC,MI,AGL,CE,Towers with Radar,24,32,28,14,98,0,1,62,6,69,24,33,90,20,167,140,34,174,341
09/22/2012,TVC,MI,AGL,CE,Towers with Radar,23,9,3,0,35,0,0,31,4,35,23,9,34,4,70,22,0,22,92
09/23/2012,TVC,MI,AGL,CE,Towers with Radar,24,13,13,6,56,0,0,18,5,23,24,13,31,11,79,0,4,4,83
09/24/2012,TVC,MI,AGL,CE,Towers with Radar,28,13,9,0,50,0,0,32,2,34,28,13,41,2,84,12,0,12,96
09/25/2012,TVC,MI,AGL,CE,Towers with Radar,25,20,21,2,68,0,4,123,6,133,25,24,144,8,201,236,0,236,437
09/26/2012,TVC,MI,AGL,CE,Towers with Radar,0,0,0,0,0,0,0,10,0,10,0,0,10,0,10,14,0,14,24
09/27/2012,TVC,MI,AGL,CE,Towers with Radar,27,24,43,0,94,0,4,146,7,157,27,28,189,7,251,272,30,302,553
09/28/2012,TVC,MI,AGL,CE,Towers with Radar,26,28,38,4,96,0,0,130,9,139,26,28,168,13,235,210,12,222,457
09/29/2012,TVC,MI,AGL,CE,Towers with Radar,23,17,23,6,69,0,4,65,3,72,23,21,88,9,141,90,2,92,233
09/30/2012,TVC,MI,AGL,CE,Towers with Radar,22,17,28,0,67,0,2,69,3,74,22,19,97,3,141,44,40,84,225
10/01/2012,TVC,MI,AGL,CE,Towers with Radar,26,20,38,11,95,0,3,64,9,76,26,23,102,20,171,156,12,168,339
10/02/2012,TVC,MI,AGL,CE,Towers with Radar,23,15,41,2,81,0,2,70,6,78,23,17,111,8,159,173,24,197,356
10/03/2012,TVC,MI,AGL,CE,Towers with Radar,25,24,63,1,113,0,2,92,5,99,25,26,155,6,212,238,12,250,462
10/04/2012,TVC,MI,AGL,CE,Towers with Radar,24,27,19,3,73,0,2,39,4,45,24,29,58,7,118,96,10,106,224
10/05/2012,TVC,MI,AGL,CE,Towers with Radar,24,20,24,0,68,0,6,29,1,36,24,26,53,1,104,18,0,18,122
10/06/2012,TVC,MI,AGL,CE,Towers with Radar,21,13,12,0,46,0,2,21,6,29,21,15,33,6,75,32,4,36,111
10/07/2012,TVC,MI,AGL,CE,Towers with Radar,22,15,22,4,63,0,1,32,6,39,22,16,54,10,102,60,8,68,170
10/08/2012,TVC,MI,AGL,CE,Towers with Radar,28,13,29,2,72,0,0,79,2,81,28,13,108,4,153,102,0,102,255
10/09/2012,TVC,MI,AGL,CE,Towers with Radar,24,20,26,0,70,0,0,26,13,39,24,20,52,13,109,102,18,120,229
10/10/2012,TVC,MI,AGL,CE,Towers with Radar,26,17,18,0,61,0,0,68,9,77,26,17,86,9,138,224,0,224,362
10/11/2012,TVC,MI,AGL,CE,Towers with Radar,24,25,15,0,64,0,0,52,14,66,24,25,67,14,130,144,42,186,316
10/12/2012,TVC,MI,AGL,CE,Towers with Radar,24,25,22,8,79,0,8,129,12,149,24,33,151,20,228,156,84,240,468
10/13/2012,TVC,MI,AGL,CE,Towers with Radar,21,29,5,0,55,0,0,7,2,9,21,29,12,2,64,8,0,8,72
10/14/2012,TVC,MI,AGL,CE,Towers with Radar,20,13,4,0,37,0,0,0,0,0,20,13,4,0,37,0,0,0,37
10/15/2012,TVC,MI,AGL,CE,Towers with Radar,24,10,13,0,47,0,0,34,4,38,24,10,47,4,85,156,0,156,241
10/16/2012,TVC,MI,AGL,CE,Towers with Radar,25,21,30,0,76,0,0,87,9,96,25,21,117,9,172,258,30,288,460
10/17/2012,TVC,MI,AGL,CE,Towers with Radar,23,23,21,12,79,0,3,70,7,80,23,26,91,19,159,158,8,166,325
10/18/2012,TVC,MI,AGL,CE,Towers with Radar,23,25,11,6,65,0,1,17,8,26,23,26,28,14,91,92,28,120,211
10/19/2012,TVC,MI,AGL,CE,Towers with Radar,26,26,24,2,78,0,1,70,6,77,26,27,94,8,155,306,40,346,501
10/20/2012,TVC,MI,AGL,CE,Towers with Radar,21,19,17,0,57,0,3,95,3,101,21,22,112,3,158,66,28,94,252
10/21/2012,TVC,MI,AGL,CE,Towers with Radar,22,9,5,0,36,0,15,75,5,95,22,24,80,5,131,68,16,84,215
10/22/2012,TVC,MI,AGL,CE,Towers with Radar,19,15,29,9,72,0,3,79,10,92,19,18,108,19,164,148,6,154,318
10/23/2012,TVC,MI,AGL,CE,Towers with Radar,23,21,18,2,64,0,1,9,4,14,23,22,27,6,78,38,24,62,140
10/24/2012,TVC,MI,AGL,CE,Towers with Radar,24,29,22,5,80,0,1,43,8,52,24,30,65,13,132,114,50,164,296
10/25/2012,TVC,MI,AGL,CE,Towers with Radar,25,22,21,2,70,0,3,66,13,82,25,25,87,15,152,48,8,56,208
10/26/2012,TVC,MI,AGL,CE,Towers with Radar,26,17,42,6,91,0,5,101,31,137,26,22,143,37,228,194,0,194,422
10/27/2012,TVC,MI,AGL,CE,Towers with Radar,21,11,21,0,53,0,0,43,6,49,21,11,64,6,102,118,16,134,236
10/28/2012,TVC,MI,AGL,CE,Towers with Radar,22,10,7,2,41,0,0,44,4,48,22,10,51,6,89,68,2,70,159
10/29/2012,TVC,MI,AGL,CE,Towers with Radar,24,13,14,4,55,0,0,56,4,60,24,13,70,8,115,116,4,120,235
10/30/2012,TVC,MI,AGL,CE,Towers with Radar,9,15,1,0,25,0,0,0,0,0,9,15,1,0,25,0,0,0,25
10/31/2012,TVC,MI,AGL,CE,Towers with Radar,21,29,0,0,50,0,0,0,2,2,21,29,0,2,52,0,0,0,52
11/01/2012,TVC,MI,AGL,CE,Towers with Radar,24,17,23,4,68,0,0,37,7,44,24,17,60,11,112,104,12,116,228
11/02/2012,TVC,MI,AGL,CE,Towers with Radar,24,29,5,2,60,0,0,9,13,22,24,29,14,15,82,0,58,58,140
11/03/2012,TVC,MI,AGL,CE,Towers with Radar,21,12,6,3,42,0,4,15,6,25,21,16,21,9,67,74,12,86,153
11/04/2012,TVC,MI,AGL,CE,Towers with Radar,18,8,7,8,41,0,0,36,2,38,18,8,43,10,79,60,10,70,149
11/05/2012,TVC,MI,AGL,CE,Towers with Radar,22,13,13,0,48,0,6,96,4,106,22,19,109,4,154,312,0,312,466
11/06/2012,TVC,MI,AGL,CE,Towers with Radar,14,20,23,1,58,0,0,63,8,71,14,20,86,9,129,222,0,222,351
11/07/2012,TVC,MI,AGL,CE,Towers with Radar,20,25,21,3,69,0,6,114,12,132,20,31,135,15,201,282,0,282,483
11/08/2012,TVC,MI,AGL,CE,Towers with Radar,20,20,12,4,56,0,1,48,13,62,20,21,60,17,118,232,0,232,350
11/09/2012,TVC,MI,AGL,CE,Towers with Radar,20,21,35,1,77,0,0,24,7,31,20,21,59,8,108,46,0,46,154
11/10/2012,TVC,MI,AGL,CE,Towers with Radar,19,10,5,0,34,0,0,8,0,8,19,10,13,0,42,10,0,10,52
11/11/2012,TVC,MI,AGL,CE,Towers with Radar,19,1,8,2,30,0,0,13,2,15,19,1,21,4,45,0,0,0,45
11/12/2012,TVC,MI,AGL,CE,Towers with Radar,20,13,6,0,39,0,2,2,1,5,20,15,8,1,44,9,0,9,53
11/13/2012,TVC,MI,AGL,CE,Towers with Radar,20,19,8,2,49,0,5,78,13,96,20,24,86,15,145,234,2,236,381
11/14/2012,TVC,MI,AGL,CE,Towers with Radar,20,15,25,0,60,0,0,66,9,75,20,15,91,9,135,166,34,200,335
11/15/2012,TVC,MI,AGL,CE,Towers with Radar,18,12,24,8,62,0,3,61,9,73,18,15,85,17,135,170,14,184,319
11/16/2012,TVC,MI,AGL,CE,Towers with Radar,18,20,16,8,62,0,0,75,13,88,18,20,91,21,150,212,34,246,396
11/17/2012,TVC,MI,AGL,CE,Towers with Radar,18,9,20,6,53,0,0,25,4,29,18,9,45,10,82,74,2,76,158
11/18/2012,TVC,MI,AGL,CE,Towers with Radar,16,6,4,0,26,0,3,36,0,39,16,9,40,0,65,58,0,58,123
11/19/2012,TVC,MI,AGL,CE,Towers with Radar,16,9,44,4,73,0,5,75,9,89,16,14,119,13,162,192,12,204,366
11/20/2012,TVC,MI,AGL,CE,Towers with Radar,16,20,16,37,89,0,1,3,7,11,16,21,19,44,100,20,15,35,135
11/21/2012,TVC,MI,AGL,CE,Towers with Radar,17,18,39,0,74,0,1,59,15,75,17,19,98,15,149,183,48,231,380
11/22/2012,TVC,MI,AGL,CE,Towers with Radar,10,0,4,0,14,0,0,8,3,11,10,0,12,3,25,0,0,0,25
11/23/2012,TVC,MI,AGL,CE,Towers with Radar,12,7,2,0,21,0,0,2,0,2,12,7,4,0,23,0,0,0,23
11/24/2012,TVC,MI,AGL,CE,Towers with Radar,19,12,2,0,33,0,2,6,2,10,19,14,8,2,43,4,40,44,87
11/25/2012,TVC,MI,AGL,CE,Towers with Radar,20,14,6,2,42,0,0,6,2,8,20,14,12,4,50,0,2,2,52
11/26/2012,TVC,MI,AGL,CE,Towers with Radar,19,9,8,0,36,0,0,4,8,12,19,9,12,8,48,42,20,62,110
11/27/2012,TVC,MI,AGL,CE,Towers with Radar,13,14,43,6,76,0,2,58,6,66,13,16,101,12,142,140,0,140,282
11/28/2012,TVC,MI,AGL,CE,Towers with Radar,15,11,38,16,80,0,5,64,11,80,15,16,102,27,160,160,44,204,364
11/29/2012,TVC,MI,AGL,CE,Towers with Radar,13,14,37,6,70,0,1,76,15,92,13,15,113,21,162,188,20,208,370
11/30/2012,TVC,MI,AGL,CE,Towers with Radar,16,21,8,0,45,0,0,12,3,15,16,21,20,3,60,152,25,177,237
12/01/2012,TVC,MI,AGL,CE,Towers with Radar,14,15,3,4,36,0,0,1,8,9,14,15,4,12,45,0,0,0,45
12/02/2012,TVC,MI,AGL,CE,Towers with Radar,13,2,10,0,25,0,2,2,2,6,13,4,12,2,31,16,24,40,71
12/03/2012,TVC,MI,AGL,CE,Towers with Radar,14,10,11,2,37,0,0,6,8,14,14,10,17,10,51,17,13,30,81
12/04/2012,TVC,MI,AGL,CE,Towers with Radar,15,9,50,10,84,0,0,82,12,94,15,9,132,22,178,180,50,230,408
12/05/2012,TVC,MI,AGL,CE,Towers with Radar,16,10,32,0,58,0,0,70,10,80,16,10,102,10,138,186,4,190,328
12/06/2012,TVC,MI,AGL,CE,Towers with Radar,15,18,37,2,72,0,0,61,6,67,15,18,98,8,139,126,0,126,265
12/07/2012,TVC,MI,AGL,CE,Towers with Radar,16,15,19,0,50,0,4,57,15,76,16,19,76,15,126,196,12,208,334
12/08/2012,TVC,MI,AGL,CE,Towers with Radar,15,8,3,0,26,0,0,2,2,4,15,8,5,2,30,30,40,70,100
12/09/2012,TVC,MI,AGL,CE,Towers with Radar,9,0,4,0,13,0,0,3,0,3,9,0,7,0,16,28,0,28,44
12/10/2012,TVC,MI,AGL,CE,Towers with Radar,12,18,2,2,34,0,1,12,13,26,12,19,14,15,60,58,72,130,190
12/11/2012,TVC,MI,AGL,CE,Towers with Radar,14,12,16,5,47,0,1,43,17,61,14,13,59,22,108,104,32,136,244
12/12/2012,TVC,MI,AGL,CE,Towers with Radar,14,16,35,12,77,0,0,70,10,80,14,16,105,22,157,136,36,172,329
12/13/2012,TVC,MI,AGL,CE,Towers with Radar,14,13,22,0,49,0,4,47,11,62,14,17,69,11,111,54,10,64,175
12/14/2012,TVC,MI,AGL,CE,Towers with Radar,15,19,6,0,40,0,1,36,7,44,15,20,42,7,84,188,12,200,284
12/15/2012,TVC,MI,AGL,CE,Towers with Radar,15,8,0,0,23,0,0,6,0,6,15,8,6,0,29,22,2,24,53
12/16/2012,TVC,MI,AGL,CE,Towers with Radar,13,8,3,0,24,0,0,0,0,0,13,8,3,0,24,0,0,0,24
12/17/2012,TVC,MI,AGL,CE,Towers with Radar,15,18,10,0,43,0,0,4,14,18,15,18,14,14,61,8,0,8,69
12/18/2012,TVC,MI,AGL,CE,Towers with Radar,15,27,23,0,65,0,4,47,10,61,15,31,70,10,126,118,22,140,266
12/19/2012,TVC,MI,AGL,CE,Towers with Radar,16,26,47,8,97,0,5,38,14,57,16,31,85,22,154,146,22,168,322
12/20/2012,TVC,MI,AGL,CE,Towers with Radar,3,5,3,0,11,0,0,0,0,0,3,5,3,0,11,0,0,0,11
12/21/2012,TVC,MI,AGL,CE,Towers with Radar,7,20,1,0,28,0,0,0,0,0,7,20,1,0,28,0,0,0,28
12/22/2012,TVC,MI,AGL,CE,Towers with Radar,20,10,10,0,40,0,2,8,2,12,20,12,18,2,52,2,0,2,54
12/23/2012,TVC,MI,AGL,CE,Towers with Radar,15,12,8,0,35,0,0,6,4,10,15,12,14,4,45,12,4,16,61
12/24/2012,TVC,MI,AGL,CE,Towers with Radar,14,8,5,0,27,0,0,5,0,5,14,8,10,0,32,20,0,20,52
12/25/2012,TVC,MI,AGL,CE,Towers with Radar,14,3,1,0,18,0,2,3,0,5,14,5,4,0,23,2,0,2,25
12/26/2012,TVC,MI,AGL,CE,Towers with Radar,13,21,0,0,34,0,0,1,7,8,13,21,1,7,42,0,0,0,42
12/27/2012,TVC,MI,AGL,CE,Towers with Radar,18,21,12,0,51,0,0,15,3,18,18,21,27,3,69,28,38,66,135
12/28/2012,TVC,MI,AGL,CE,Towers with Radar,17,15,22,0,54,0,4,25,5,34,17,19,47,5,88,60,0,60,148
12/29/2012,TVC,MI,AGL,CE,Towers with Radar,14,19,7,0,40,0,0,8,2,10,14,19,15,2,50,30,6,36,86
12/30/2012,TVC,MI,AGL,CE,Towers with Radar,13,12,7,0,32,0,0,5,2,7,13,12,12,2,39,19,6,25,64
12/31/2012,TVC,MI,AGL,CE,Towers with Radar,15,13,0,0,28,0,0,4,3,7,15,13,4,3,35,0,0,0,35
01/01/2013,TVC,MI,AGL,CE,Towers with Radar,14,7,8,0,29,0,0,9,0,9,14,7,17,0,38,0,0,0,38
01/02/2013,TVC,MI,AGL,CE,Towers with Radar,16,17,10,2,45,0,0,9,2,11,16,17,19,4,56,78,0,78,134
01/03/2013,TVC,MI,AGL,CE,Towers with Radar,16,18,6,0,40,0,0,16,5,21,16,18,22,5,61,8,0,8,69
01/04/2013,TVC,MI,AGL,CE,Towers with Radar,13,15,17,0,45,0,0,10,8,18,13,15,27,8,63,12,0,12,75
01/05/2013,TVC,MI,AGL,CE,Towers with Radar,13,14,21,2,50,0,2,36,14,52,13,16,57,16,102,62,32,94,196
01/06/2013,TVC,MI,AGL,CE,Towers with Radar,13,4,3,0,20,0,0,5,8,13,13,4,8,8,33,18,16,34,67
01/07/2013,TVC,MI,AGL,CE,Towers with Radar,14,9,14,4,41,0,4,14,6,24,14,13,28,10,65,8,10,18,83
01/08/2013,TVC,MI,AGL,CE,Towers with Radar,13,10,28,18,69,0,2,57,9,68,13,12,85,27,137,102,30,132,269
01/09/2013,TVC,MI,AGL,CE,Towers with Radar,14,17,4,14,49,0,0,6,19,25,14,17,10,33,74,2,34,36,110
01/10/2013,TVC,MI,AGL,CE,Towers with Radar,14,13,32,12,71,0,8,100,14,122,14,21,132,26,193,191,9,200,393
01/11/2013,TVC,MI,AGL,CE,Towers with Radar,11,18,3,5,37,0,0,0,0,0,11,18,3,5,37,0,0,0,37
01/12/2013,TVC,MI,AGL,CE,Towers with Radar,20,10,5,0,35,0,0,9,2,11,20,10,14,2,46,4,0,4,50
01/13/2013,TVC,MI,AGL,CE,Towers with Radar,0,0,0,0,0,0,0,0,0,0,0,0,0,0,0,0,0,0,0
01/14/2013,TVC,MI,AGL,CE,Towers with Radar,14,20,10,20,64,0,0,28,13,41,14,20,38,33,105,116,50,166,271
01/15/2013,TVC,MI,AGL,CE,Towers with Radar,14,12,42,2,70,0,2,73,8,83,14,14,115,10,153,190,12,202,355
01/16/2013,TVC,MI,AGL,CE,Towers with Radar,12,15,19,1,47,0,0,15,12,27,12,15,34,13,74,40,16,56,130
01/17/2013,TVC,MI,AGL,CE,Towers with Radar,13,13,6,2,34,0,0,3,5,8,13,13,9,7,42,28,32,60,102
01/18/2013,TVC,MI,AGL,CE,Towers with Radar,15,12,4,2,33,0,1,8,1,10,15,13,12,3,43,20,0,20,63
01/19/2013,TVC,MI,AGL,CE,Towers with Radar,13,16,9,12,50,0,0,9,2,11,13,16,18,14,61,15,17,32,93
01/20/2013,TVC,MI,AGL,CE,Towers with Radar,10,3,7,0,20,0,0,2,0,2,10,3,9,0,22,0,0,0,22
01/21/2013,TVC,MI,AGL,CE,Towers with Radar,13,7,3,0,23,0,0,0,0,0,13,7,3,0,23,0,0,0,23
01/22/2013,TVC,MI,AGL,CE,Towers with Radar,13,11,4,2,30,0,0,4,0,4,13,11,8,2,34,8,4,12,46
01/23/2013,TVC,MI,AGL,CE,Towers with Radar,13,15,17,1,46,0,0,2,5,7,13,15,19,6,53,8,32,40,93
01/24/2013,TVC,MI,AGL,CE,Towers with Radar,15,16,50,3,84,0,1,85,5,91,15,17,135,8,175,208,2,210,385
01/25/2013,TVC,MI,AGL,CE,Towers with Radar,9,16,6,0,31,1,2,0,2,5,10,18,6,2,36,0,2,2,38
01/26/2013,TVC,MI,AGL,CE,Towers with Radar,13,11,17,0,41,0,3,32,3,38,13,14,49,3,79,124,16,140,219
01/27/2013,TVC,MI,AGL,CE,Towers with Radar,12,4,15,0,31,0,1,39,1,41,12,5,54,1,72,96,12,108,180
01/28/2013,TVC,MI,AGL,CE,Towers with Radar,13,11,3,0,27,0,0,0,0,0,13,11,3,0,27,0,0,0,27
01/29/2013,TVC,MI,AGL,CE,Towers with Radar,13,9,10,14,46,0,0,0,0,0,13,9,10,14,46,0,16,16,62
01/30/2013,TVC,MI,AGL,CE,Towers with Radar,13,15,0,0,28,0,0,0,0,0,13,15,0,0,28,0,0,0,28
01/31/2013,TVC,MI,AGL,CE,Towers with Radar,13,25,2,0,40,0,0,1,0,1,13,25,3,0,41,2,0,2,43
02/01/2013,TVC,MI,AGL,CE,Towers with Radar,13,28,4,1,46,0,0,0,0,0,13,28,4,1,46,0,0,0,46
02/02/2013,TVC,MI,AGL,CE,Towers with Radar,12,11,3,0,26,0,0,3,2,5,12,11,6,2,31,8,16,24,55
02/03/2013,TVC,MI,AGL,CE,Towers with Radar,13,5,2,0,20,0,0,1,0,1,13,5,3,0,21,0,0,0,21
02/04/2013,TVC,MI,AGL,CE,Towers with Radar,14,13,39,6,72,0,0,67,11,78,14,13,106,17,150,196,26,222,372
02/05/2013,TVC,MI,AGL,CE,Towers with Radar,13,15,10,1,39,0,0,18,7,25,13,15,28,8,64,38,88,126,190
02/06/2013,TVC,MI,AGL,CE,Towers with Radar,13,20,30,2,65,0,2,91,17,110,13,22,121,19,175,244,0,244,419
02/07/2013,TVC,MI,AGL,CE,Towers with Radar,11,4,2,0,17,0,0,3,0,3,11,4,5,0,20,2,0,2,22
02/08/2013,TVC,MI,AGL,CE,Towers with Radar,13,24,12,4,53,0,1,11,11,23,13,25,23,15,76,58,18,76,152
02/09/2013,TVC,MI,AGL,CE,Towers with Radar,13,7,35,2,57,0,0,63,3,66,13,7,98,5,123,106,0,106,229
02/10/2013,TVC,MI,AGL,CE,Towers with Radar,13,6,20,12,51,0,3,37,4,44,13,9,57,16,95,88,10,98,193
02/11/2013,TVC,MI,AGL,CE,Towers with Radar,14,15,3,0,32,0,0,0,0,0,14,15,3,0,32,0,0,0,32
02/12/2013,TVC,MI,AGL,CE,Towers with Radar,13,16,27,6,62,0,0,33,9,42,13,16,60,15,104,118,28,146,250
02/13/2013,TVC,MI,AGL,CE,Towers with Radar,13,22,48,14,97,0,0,76,18,94,13,22,124,32,191,204,52,256,447
02/14/2013,TVC,MI,AGL,CE,Towers with Radar,16,16,1,0,33,0,0,0,0,0,16,16,1,0,33,0,0,0,33
02/15/2013,TVC,MI,AGL,CE,Towers with Radar,14,14,24,0,52,0,0,5,6,11,14,14,29,6,63,12,38,50,113
02/16/2013,TVC,MI,AGL,CE,Towers with Radar,12,13,15,6,46,0,0,22,6,28,12,13,37,12,74,20,0,20,94
02/17/2013,TVC,MI,AGL,CE,Towers with Radar,12,5,17,0,34,0,0,28,2,30,12,5,45,2,64,60,32,92,156
02/18/2013,TVC,MI,AGL,CE,Towers with Radar,11,8,34,4,57,0,0,61,3,64,11,8,95,7,121,88,2,90,211
02/19/2013,TVC,MI,AGL,CE,Towers with Radar,11,20,3,0,34,0,0,0,0,0,11,20,3,0,34,0,0,0,34
02/20/2013,TVC,MI,AGL,CE,Towers with Radar,13,20,9,0,42,0,0,0,0,0,13,20,9,0,42,0,0,0,42
02/21/2013,TVC,MI,AGL,CE,Towers with Radar,14,14,11,0,39,0,1,46,16,63,14,15,57,16,102,88,14,102,204
02/22/2013,TVC,MI,AGL,CE,Towers with Radar,12,8,1,0,21,0,0,1,2,3,12,8,2,2,24,24,4,28,52
02/23/2013,TVC,MI,AGL,CE,Towers with Radar,16,14,7,0,37,0,0,3,0,3,16,14,10,0,40,10,0,10,50
02/24/2013,TVC,MI,AGL,CE,Towers with Radar,14,3,2,6,25,0,4,22,6,32,14,7,24,12,57,26,26,52,109
02/25/2013,TVC,MI,AGL,CE,Towers with Radar,14,14,53,21,102,0,2,88,5,95,14,16,141,26,197,228,34,262,459
02/26/2013,TVC,MI,AGL,CE,Towers with Radar,13,9,24,10,56,0,0,49,9,58,13,9,73,19,114,114,30,144,258
02/27/2013,TVC,MI,AGL,CE,Towers with Radar,16,15,6,0,37,0,0,12,2,14,16,15,18,2,51,70,10,80,131
02/28/2013,TVC,MI,AGL,CE,Towers with Radar,13,13,7,0,33,0,0,9,3,12,13,13,16,3,45,46,0,46,91
03/01/2013,TVC,MI,AGL,CE,Towers with Radar,16,15,26,2,59,0,0,39,1,40,16,15,65,3,99,146,0,146,245
03/02/2013,TVC,MI,AGL,CE,Towers with Radar,12,8,4,0,24,0,1,21,0,22,12,9,25,0,46,92,0,92,138
03/03/2013,TVC,MI,AGL,CE,Towers with Radar,13,7,7,12,39,0,0,19,2,21,13,7,26,14,60,72,14,86,146
03/04/2013,TVC,MI,AGL,CE,Towers with Radar,14,10,54,12,90,0,6,106,5,117,14,16,160,17,207,182,32,214,421
03/05/2013,TVC,MI,AGL,CE,Towers with Radar,14,18,43,19,94,0,0,66,12,78,14,18,109,31,172,130,66,196,368
03/06/2013,TVC,MI,AGL,CE,Towers with Radar,11,21,38,0,70,0,2,65,13,80,11,23,103,13,150,200,34,234,384
03/07/2013,TVC,MI,AGL,CE,Towers with Radar,14,12,21,2,49,0,0,52,14,66,14,12,73,16,115,190,4,194,309
03/08/2013,TVC,MI,AGL,CE,Towers with Radar,12,13,37,10,72,0,5,94,15,114,12,18,131,25,186,210,14,224,410
03/09/2013,TVC,MI,AGL,CE,Towers with Radar,13,11,26,0,50,0,1,26,2,29,13,12,52,2,79,52,0,52,131
03/10/2013,TVC,MI,AGL,CE,Towers with Radar,16,7,6,0,29,0,0,2,2,4,16,7,8,2,33,0,0,0,33
03/11/2013,TVC,MI,AGL,CE,Towers with Radar,18,6,10,0,34,0,0,1,0,1,18,6,11,0,35,0,0,0,35
03/12/2013,TVC,MI,AGL,CE,Towers with Radar,14,17,16,8,55,0,0,10,4,14,14,17,26,12,69,52,6,58,127
03/13/2013,TVC,MI,AGL,CE,Towers with Radar,15,28,14,10,67,0,4,26,10,40,15,32,40,20,107,60,4,64,171
03/14/2013,TVC,MI,AGL,CE,Towers with Radar,14,14,87,0,115,0,9,117,11,137,14,23,204,11,252,234,0,234,486
03/15/2013,TVC,MI,AGL,CE,Towers with Radar,15,21,34,2,72,0,1,28,3,32,15,22,62,5,104,82,6,88,192
03/16/2013,TVC,MI,AGL,CE,Towers with Radar,14,8,13,0,35,0,0,8,1,9,14,8,21,1,44,44,0,44,88
03/17/2013,TVC,MI,AGL,CE,Towers with Radar,17,12,19,8,56,0,3,36,6,45,17,15,55,14,101,52,10,62,163
03/18/2013,TVC,MI,AGL,CE,Towers with Radar,14,11,21,6,52,0,0,27,6,33,14,11,48,12,85,104,16,120,205
03/19/2013,TVC,MI,AGL,CE,Towers with Radar,16,17,5,0,38,0,0,0,0,0,16,17,5,0,38,0,0,0,38
03/20/2013,TVC,MI,AGL,CE,Towers with Radar,14,16,14,2,46,0,0,19,2,21,14,16,33,4,67,94,0,94,161
03/21/2013,TVC,MI,AGL,CE,Towers with Radar,15,20,12,2,49,0,0,5,0,5,15,20,17,2,54,18,0,18,72
03/22/2013,TVC,MI,AGL,CE,Towers with Radar,14,12,10,0,36,0,0,17,7,24,14,12,27,7,60,158,2,160,220
03/23/2013,TVC,MI,AGL,CE,Towers with Radar,14,7,19,0,40,0,1,18,7,26,14,8,37,7,66,31,0,31,97
03/24/2013,TVC,MI,AGL,CE,Towers with Radar,16,6,13,0,35,0,2,29,3,34,16,8,42,3,69,26,26,52,121
03/25/2013,TVC,MI,AGL,CE,Towers with Radar,14,8,18,1,41,0,0,26,9,35,14,8,44,10,76,128,0,128,204
03/26/2013,TVC,MI,AGL,CE,Towers with Radar,14,9,16,5,44,0,4,14,9,27,14,13,30,14,71,74,6,80,151
03/27/2013,TVC,MI,AGL,CE,Towers with Radar,14,33,38,15,100,0,6,77,4,87,14,39,115,19,187,140,26,166,353
03/28/2013,TVC,MI,AGL,CE,Towers with Radar,14,12,40,10,76,0,2,77,8,87,14,14,117,18,163,218,28,246,409
03/29/2013,TVC,MI,AGL,CE,Towers with Radar,13,14,45,6,78,0,4,50,24,78,13,18,95,30,156,92,0,92,248
03/30/2013,TVC,MI,AGL,CE,Towers with Radar,16,7,3,0,26,0,0,48,8,56,16,7,51,8,82,100,0,100,182
03/31/2013,TVC,MI,AGL,CE,Towers with Radar,13,4,4,0,21,0,0,0,0,0,13,4,4,0,21,0,0,0,21
04/01/2013,TVC,MI,AGL,CE,Towers with Radar,15,9,14,0,38,0,0,6,16,22,15,9,20,16,60,4,12,16,76
04/02/2013,TVC,MI,AGL,CE,Towers with Radar,16,18,16,8,58,0,0,43,16,59,16,18,59,24,117,78,40,118,235
04/03/2013,TVC,MI,AGL,CE,Towers with Radar,16,12,76,14,118,0,0,93,18,111,16,12,169,32,229,116,50,166,395
04/04/2013,TVC,MI,AGL,CE,Towers with Radar,18,15,41,3,77,0,1,36,14,51,18,16,77,17,128,36,0,36,164
04/05/2013,TVC,MI,AGL,CE,Towers with Radar,15,16,36,6,73,0,2,123,14,139,15,18,159,20,212,194,64,258,470
04/06/2013,TVC,MI,AGL,CE,Towers with Radar,13,11,3,0,27,0,1,3,4,8,13,12,6,4,35,2,0,2,37
04/07/2013,TVC,MI,AGL,CE,Towers with Radar,15,0,4,0,19,0,0,5,2,7,15,0,9,2,26,0,0,0,26
04/08/2013,TVC,MI,AGL,CE,Towers with Radar,16,15,50,4,85,0,1,37,6,44,16,16,87,10,129,214,42,256,385
04/09/2013,TVC,MI,AGL,CE,Towers with Radar,11,17,9,1,38,0,0,0,5,5,11,17,9,6,43,0,0,0,43
04/10/2013,TVC,MI,AGL,CE,Towers with Radar,12,20,10,0,42,0,0,5,0,5,12,20,15,0,47,60,0,60,107
04/11/2013,TVC,MI,AGL,CE,Towers with Radar,9,16,8,3,36,0,4,37,11,52,9,20,45,14,88,66,0,66,154
04/12/2013,TVC,MI,AGL,CE,Towers with Radar,5,7,0,0,12,0,0,0,0,0,5,7,0,0,12,0,0,0,12
04/13/2013,TVC,MI,AGL,CE,Towers with Radar,11,12,11,0,34,0,0,8,0,8,11,12,19,0,42,12,0,12,54
04/14/2013,TVC,MI,AGL,CE,Towers with Radar,18,3,19,2,42,0,0,39,4,43,18,3,58,6,85,46,8,54,139
04/15/2013,TVC,MI,AGL,CE,Towers with Radar,16,10,30,3,59,0,0,14,13,27,16,10,44,16,86,42,40,82,168
04/16/2013,TVC,MI,AGL,CE,Towers with Radar,14,11,53,8,86,0,2,112,12,126,14,13,165,20,212,286,6,292,504
04/17/2013,TVC,MI,AGL,CE,Towers with Radar,11,17,54,9,91,0,3,96,13,112,11,20,150,22,203,134,28,162,365
04/18/2013,TVC,MI,AGL,CE,Towers with Radar,7,11,7,0,25,0,0,0,0,0,7,11,7,0,25,0,0,0,25
04/19/2013,TVC,MI,AGL,CE,Towers with Radar,12,17,9,0,38,0,3,1,3,7,12,20,10,3,45,2,0,2,47
04/20/2013,TVC,MI,AGL,CE,Towers with Radar,12,11,7,0,30,0,3,2,1,6,12,14,9,1,36,0,2,2,38
04/21/2013,TVC,MI,AGL,CE,Towers with Radar,16,6,15,8,45,0,0,71,2,73,16,6,86,10,118,126,16,142,260
04/22/2013,TVC,MI,AGL,CE,Towers with Radar,15,5,34,8,62,0,4,68,12,84,15,9,102,20,146,256,56,312,458
04/23/2013,TVC,MI,AGL,CE,Towers with Radar,16,15,20,4,55,0,0,22,7,29,16,15,42,11,84,86,22,108,192
04/24/2013,TVC,MI,AGL,CE,Towers with Radar,14,33,52,4,103,0,1,94,8,103,14,34,146,12,206,292,44,336,542
04/25/2013,TVC,MI,AGL,CE,Towers with Radar,17,24,17,14,72,0,1,46,24,71,17,25,63,38,143,152,54,206,349
04/26/2013,TVC,MI,AGL,CE,Towers with Radar,16,17,35,4,72,0,1,49,5,55,16,18,84,9,127,106,20,126,253
04/27/2013,TVC,MI,AGL,CE,Towers with Radar,13,13,22,4,52,0,0,51,3,54,13,13,73,7,106,44,22,66,172
04/28/2013,TVC,MI,AGL,CE,Towers with Radar,17,10,21,13,61,0,4,52,3,59,17,14,73,16,120,14,8,22,142
04/29/2013,TVC,MI,AGL,CE,Towers with Radar,16,7,36,6,65,0,3,55,4,62,16,10,91,10,127,114,16,130,257
04/30/2013,TVC,MI,AGL,CE,Towers with Radar,16,16,26,5,63,0,5,50,8,63,16,21,76,13,126,54,10,64,190
05/01/2013,TVC,MI,AGL,CE,Towers with Radar,19,24,79,4,126,0,0,113,6,119,19,24,192,10,245,188,12,200,445
05/02/2013,TVC,MI,AGL,CE,Towers with Radar,18,14,59,5,96,0,2,87,9,98,18,16,146,14,194,196,0,196,390
05/03/2013,TVC,MI,AGL,CE,Towers with Radar,15,23,47,2,87,0,1,86,2,89,15,24,133,4,176,166,0,166,342
05/04/2013,TVC,MI,AGL,CE,Towers with Radar,15,9,14,0,38,0,2,42,2,46,15,11,56,2,84,40,0,40,124
05/05/2013,TVC,MI,AGL,CE,Towers with Radar,21,6,24,0,51,0,4,49,3,56,21,10,73,3,107,42,20,62,169
05/06/2013,TVC,MI,AGL,CE,Towers with Radar,20,20,48,10,98,0,5,63,5,73,20,25,111,15,171,78,14,92,263
05/07/2013,TVC,MI,AGL,CE,Towers with Radar,20,15,11,11,57,0,5,89,5,99,20,20,100,16,156,120,12,132,288
05/08/2013,TVC,MI,AGL,CE,Towers with Radar,19,15,56,1,91,0,3,104,12,119,19,18,160,13,210,120,0,120,330
05/09/2013,TVC,MI,AGL,CE,Towers with Radar,19,12,24,14,69,0,8,43,10,61,19,20,67,24,130,86,30,116,246
05/10/2013,TVC,MI,AGL,CE,Towers with Radar,18,17,10,3,48,0,0,0,8,8,18,17,10,11,56,0,46,46,102
05/11/2013,TVC,MI,AGL,CE,Towers with Radar,13,13,7,0,33,0,0,1,0,1,13,13,8,0,34,0,0,0,34
05/12/2013,TVC,MI,AGL,CE,Towers with Radar,19,8,9,0,36,0,0,5,0,5,19,8,14,0,41,6,0,6,47
05/13/2013,TVC,MI,AGL,CE,Towers with Radar,19,10,22,2,53,0,0,74,8,82,19,10,96,10,135,118,50,168,303
05/14/2013,TVC,MI,AGL,CE,Towers with Radar,19,31,39,4,93,0,7,68,13,88,19,38,107,17,181,202,22,224,405
05/15/2013,TVC,MI,AGL,CE,Towers with Radar,19,27,35,9,90,0,4,67,12,83,19,31,102,21,173,188,42,230,403
05/16/2013,TVC,MI,AGL,CE,Towers with Radar,19,15,52,1,87,0,3,113,11,127,19,18,165,12,214,230,0,230,444
05/17/2013,TVC,MI,AGL,CE,Towers with Radar,17,15,30,4,66,0,0,56,7,63,17,15,86,11,129,80,6,86,215
05/18/2013,TVC,MI,AGL,CE,Towers with Radar,16,6,22,8,52,0,4,83,6,93,16,10,105,14,145,32,16,48,193
05/19/2013,TVC,MI,AGL,CE,Towers with Radar,20,8,22,0,50,0,5,49,4,58,20,13,71,4,108,60,26,86,194
05/20/2013,TVC,MI,AGL,CE,Towers with Radar,14,14,37,8,73,0,4,45,8,57,14,18,82,16,130,178,26,204,334
05/21/2013,TVC,MI,AGL,CE,Towers with Radar,18,13,19,10,60,0,2,32,11,45,18,15,51,21,105,108,50,158,263
05/22/2013,TVC,MI,AGL,CE,Towers with Radar,15,22,12,1,50,0,0,0,0,0,15,22,12,1,50,0,0,0,50
05/23/2013,TVC,MI,AGL,CE,Towers with Radar,15,17,17,4,53,0,3,21,5,29,15,20,38,9,82,70,20,90,172
05/24/2013,TVC,MI,AGL,CE,Towers with Radar,18,26,29,7,80,0,3,138,33,174,18,29,167,40,254,154,6,160,414
05/25/2013,TVC,MI,AGL,CE,Towers with Radar,16,24,15,0,55,0,5,59,4,68,16,29,74,4,123,90,6,96,219
05/26/2013,TVC,MI,AGL,CE,Towers with Radar,20,8,19,1,48,0,1,57,6,64,20,9,76,7,112,46,24,70,182
05/27/2013,TVC,MI,AGL,CE,Towers with Radar,18,9,37,0,64,0,2,44,3,49,18,11,81,3,113,42,0,42,155
05/28/2013,TVC,MI,AGL,CE,Towers with Radar,19,10,28,0,57,0,0,0,1,1,19,10,28,1,58,0,0,0,58
05/29/2013,TVC,MI,AGL,CE,Towers with Radar,17,21,49,8,95,0,0,28,4,32,17,21,77,12,127,52,2,54,181
05/30/2013,TVC,MI,AGL,CE,Towers with Radar,19,16,36,4,75,0,1,65,9,75,19,17,101,13,150,130,28,158,308
05/31/2013,TVC,MI,AGL,CE,Towers with Radar,19,22,28,2,71,0,3,74,7,84,19,25,102,9,155,138,2,140,295
06/01/2013,TVC,MI,AGL,CE,Towers with Radar,14,10,14,0,38,0,4,24,3,31,14,14,38,3,69,128,0,128,197
06/02/2013,TVC,MI,AGL,CE,Towers with Radar,21,10,11,0,42,0,1,27,4,32,21,11,38,4,74,68,0,68,142
06/03/2013,TVC,MI,AGL,CE,Towers with Radar,19,18,32,1,70,0,2,101,9,112,19,20,133,10,182,178,12,190,372
06/04/2013,TVC,MI,AGL,CE,Towers with Radar,19,22,33,11,85,0,6,123,9,138,19,28,156,20,223,256,0,256,479
06/05/2013,TVC,MI,AGL,CE,Towers with Radar,18,27,37,1,83,0,2,81,10,93,18,29,118,11,176,178,0,178,354
06/06/2013,TVC,MI,AGL,CE,Towers with Radar,19,27,45,1,92,0,14,104,11,129,19,41,149,12,221,192,12,204,425
06/07/2013,TVC,MI,AGL,CE,Towers with Radar,19,29,25,0,73,0,2,105,3,110,19,31,130,3,183,200,0,200,383
06/08/2013,TVC,MI,AGL,CE,Towers with Radar,16,15,24,0,55,0,8,54,2,64,16,23,78,2,119,40,16,56,175
06/09/2013,TVC,MI,AGL,CE,Towers with Radar,20,12,13,2,47,0,0,39,2,41,20,12,52,4,88,36,20,56,144
06/10/2013,TVC,MI,AGL,CE,Towers with Radar,26,27,24,0,77,0,0,72,5,77,26,27,96,5,154,194,0,194,348
06/11/2013,TVC,MI,AGL,CE,Towers with Radar,27,24,42,5,98,0,6,100,12,118,27,30,142,17,216,258,26,284,500
06/12/2013,TVC,MI,AGL,CE,Towers with Radar,34,29,46,1,110,0,3,107,11,121,34,32,153,12,231,254,0,254,485
06/13/2013,TVC,MI,AGL,CE,Towers with Radar,23,24,32,4,83,0,12,99,2,113,23,36,131,6,196,252,2,254,450
06/14/2013,TVC,MI,AGL,CE,Towers with Radar,34,20,36,0,90,0,3,109,1,113,34,23,145,1,203,228,0,228,431
06/15/2013,TVC,MI,AGL,CE,Towers with Radar,36,16,17,4,73,0,4,58,6,68,36,20,75,10,141,45,0,45,186
06/16/2013,TVC,MI,AGL,CE,Towers with Radar,34,15,28,0,77,0,5,26,2,33,34,20,54,2,110,10,0,10,120
06/17/2013,TVC,MI,AGL,CE,Towers with Radar,30,13,43,2,88,0,1,80,4,85,30,14,123,6,173,192,0,192,365
06/18/2013,TVC,MI,AGL,CE,Towers with Radar,31,22,48,0,101,0,5,113,8,126,31,27,161,8,227,282,0,282,509
06/19/2013,TVC,MI,AGL,CE,Towers with Radar,27,32,32,4,95,0,8,108,10,126,27,40,140,14,221,262,0,262,483
06/20/2013,TVC,MI,AGL,CE,Towers with Radar,29,33,40,3,105,0,0,85,11,96,29,33,125,14,201,92,22,114,315
06/21/2013,TVC,MI,AGL,CE,Towers with Radar,25,24,21,7,77,0,3,84,5,92,25,27,105,12,169,94,2,96,265
06/22/2013,TVC,MI,AGL,CE,Towers with Radar,44,27,20,0,91,0,4,18,0,22,44,31,38,0,113,30,0,30,143
06/23/2013,TVC,MI,AGL,CE,Towers with Radar,37,35,23,2,97,0,3,32,6,41,37,38,55,8,138,0,0,0,138
06/24/2013,TVC,MI,AGL,CE,Towers with Radar,26,12,27,2,67,0,2,60,6,68,26,14,87,8,135,164,0,164,299
06/25/2013,TVC,MI,AGL,CE,Towers with Radar,31,35,45,0,111,0,0,64,8,72,31,35,109,8,183,210,12,222,405
06/26/2013,TVC,MI,AGL,CE,Towers with Radar,24,25,50,2,101,0,2,100,8,110,24,27,150,10,211,242,28,270,481
06/27/2013,TVC,MI,AGL,CE,Towers with Radar,28,46,37,0,111,0,4,89,12,105,28,50,126,12,216,204,14,218,434
06/28/2013,TVC,MI,AGL,CE,Towers with Radar,30,42,44,3,119,0,41,149,4,194,30,83,193,7,313,202,16,218,531
06/29/2013,TVC,MI,AGL,CE,Towers with Radar,49,24,37,1,111,0,1,109,1,111,49,25,146,2,222,56,2,58,280
06/30/2013,TVC,MI,AGL,CE,Towers with Radar,34,12,21,1,68,0,2,55,4,61,34,14,76,5,129,24,0,24,153
07/01/2013,TVC,MI,AGL,CE,Towers with Radar,29,36,14,5,84,0,2,97,5,104,29,38,111,10,188,218,2,220,408
07/02/2013,TVC,MI,AGL,CE,Towers with Radar,35,28,58,6,127,0,6,77,6,89,35,34,135,12,216,204,4,208,424
07/03/2013,TVC,MI,AGL,CE,Towers with Radar,38,51,33,8,130,0,2,93,11,106,38,53,126,19,236,154,4,158,394
07/04/2013,TVC,MI,AGL,CE,Towers with Radar,29,7,16,3,55,0,9,26,6,41,29,16,42,9,96,8,6,14,110
07/05/2013,TVC,MI,AGL,CE,Towers with Radar,35,27,25,2,89,0,4,92,3,99,35,31,117,5,188,190,4,194,382
07/06/2013,TVC,MI,AGL,CE,Towers with Radar,58,15,30,1,104,0,4,43,2,49,58,19,73,3,153,104,0,104,257
07/07/2013,TVC,MI,AGL,CE,Towers with Radar,43,57,32,2,134,0,3,48,5,56,43,60,80,7,190,16,4,20,210
07/08/2013,TVC,MI,AGL,CE,Towers with Radar,36,49,16,0,101,0,1,36,8,45,36,50,52,8,146,172,58,230,376
07/09/2013,TVC,MI,AGL,CE,Towers with Radar,36,36,22,1,95,0,0,62,5,67,36,36,84,6,162,186,6,192,354
07/10/2013,TVC,MI,AGL,CE,Towers with Radar,36,40,36,0,112,0,2,63,10,75,36,42,99,10,187,124,6,130,317
07/11/2013,TVC,MI,AGL,CE,Towers with Radar,36,35,12,4,87,0,8,71,13,92,36,43,83,17,179,104,0,104,283
07/12/2013,TVC,MI,AGL,CE,Towers with Radar,37,50,32,4,123,0,4,101,11,116,37,54,133,15,239,238,35,273,512
07/13/2013,TVC,MI,AGL,CE,Towers with Radar,49,31,17,4,101,0,4,73,4,81,49,35,90,8,182,84,6,90,272
07/14/2013,TVC,MI,AGL,CE,Towers with Radar,91,33,29,4,157,0,6,88,2,96,91,39,117,6,253,90,2,92,345
07/15/2013,TVC,MI,AGL,CE,Towers with Radar,35,25,52,0,112,0,3,109,8,120,35,28,161,8,232,212,0,212,444
07/16/2013,TVC,MI,AGL,CE,Towers with Radar,37,24,30,0,91,0,1,131,14,146,37,25,161,14,237,226,0,226,463
07/17/2013,TVC,MI,AGL,CE,Towers with Radar,33,31,44,1,109,0,7,99,11,117,33,38,143,12,226,134,0,134,360
07/18/2013,TVC,MI,AGL,CE,Towers with Radar,41,23,69,0,133,0,0,75,10,85,41,23,144,10,218,162,32,194,412
07/19/2013,TVC,MI,AGL,CE,Towers with Radar,40,63,20,3,126,0,1,42,18,61,40,64,62,21,187,16,2,18,205
07/20/2013,TVC,MI,AGL,CE,Towers with Radar,54,26,25,0,105,0,5,85,2,92,54,31,110,2,197,58,0,58,255
07/21/2013,TVC,MI,AGL,CE,Towers with Radar,48,19,41,7,115,0,2,117,6,125,48,21,158,13,240,126,6,132,372
07/22/2013,TVC,MI,AGL,CE,Towers with Radar,34,27,36,8,105,0,1,76,6,83,34,28,112,14,188,162,8,170,358
07/23/2013,TVC,MI,AGL,CE,Towers with Radar,35,28,31,9,103,0,1,56,4,61,35,29,87,13,164,116,44,160,324
07/24/2013,TVC,MI,AGL,CE,Towers with Radar,35,23,75,4,137,0,6,171,8,185,35,29,246,12,322,330,0,330,652
07/25/2013,TVC,MI,AGL,CE,Towers with Radar,36,35,48,3,122,0,5,93,7,105,36,40,141,10,227,254,2,256,483
07/26/2013,TVC,MI,AGL,CE,Towers with Radar,40,41,49,8,138,0,4,68,8,80,40,45,117,16,218,154,4,158,376
07/27/2013,TVC,MI,AGL,CE,Towers with Radar,59,36,30,0,125,0,5,17,1,23,59,41,47,1,148,66,0,66,214
07/28/2013,TVC,MI,AGL,CE,Towers with Radar,51,36,32,0,119,0,0,33,10,43,51,36,65,10,162,54,42,96,258
07/29/2013,TVC,MI,AGL,CE,Towers with Radar,35,14,42,0,91,0,0,70,11,81,35,14,112,11,172,132,14,146,318
07/30/2013,TVC,MI,AGL,CE,Towers with Radar,36,32,44,4,116,0,1,102,18,121,36,33,146,22,237,244,0,244,481
07/31/2013,TVC,MI,AGL,CE,Towers with Radar,39,24,52,2,117,0,2,90,17,109,39,26,142,19,226,198,0,198,424
08/01/2013,TVC,MI,AGL,CE,Towers with Radar,36,23,49,10,118,0,14,117,16,147,36,37,166,26,265,184,2,186,451
08/02/2013,TVC,MI,AGL,CE,Towers with Radar,39,39,23,8,109,0,3,59,10,72,39,42,82,18,181,88,8,96,277
08/03/2013,TVC,MI,AGL,CE,Towers with Radar,55,32,20,4,111,0,3,116,3,122,55,35,136,7,233,121,4,125,358
08/04/2013,TVC,MI,AGL,CE,Towers with Radar,45,27,38,0,110,0,1,80,2,83,45,28,118,2,193,74,0,74,267
08/05/2013,TVC,MI,AGL,CE,Towers with Radar,38,35,43,2,118,0,3,82,8,93,38,38,125,10,211,118,0,118,329
08/06/2013,TVC,MI,AGL,CE,Towers with Radar,35,38,40,2,115,0,5,65,6,76,35,43,105,8,191,198,0,198,389
08/07/2013,TVC,MI,AGL,CE,Towers with Radar,38,34,46,9,127,0,5,123,18,146,38,39,169,27,273,278,28,306,579
08/08/2013,TVC,MI,AGL,CE,Towers with Radar,35,30,26,0,91,0,3,151,3,157,35,33,177,3,248,300,0,300,548
08/09/2013,TVC,MI,AGL,CE,Towers with Radar,38,46,24,0,108,0,8,115,2,125,38,54,139,2,233,124,0,124,357
08/10/2013,TVC,MI,AGL,CE,Towers with Radar,55,28,18,2,103,0,6,148,6,160,55,34,166,8,263,94,0,94,357
08/11/2013,TVC,MI,AGL,CE,Towers with Radar,47,23,23,3,96,0,2,47,2,51,47,25,70,5,147,20,2,22,169
08/12/2013,TVC,MI,AGL,CE,Towers with Radar,37,24,23,10,94,0,6,74,5,85,37,30,97,15,179,171,20,191,370
08/13/2013,TVC,MI,AGL,CE,Towers with Radar,38,31,28,5,102,0,4,74,8,86,38,35,102,13,188,130,38,168,356
08/14/2013,TVC,MI,AGL,CE,Towers with Radar,36,28,53,9,126,0,2,134,7,143,36,30,187,16,269,252,4,256,525
08/15/2013,TVC,MI,AGL,CE,Towers with Radar,38,24,24,0,86,0,2,101,4,107,38,26,125,4,193,186,2,188,381
08/16/2013,TVC,MI,AGL,CE,Towers with Radar,38,21,46,0,105,0,0,96,5,101,38,21,142,5,206,180,46,226,432
08/17/2013,TVC,MI,AGL,CE,Towers with Radar,56,22,15,0,93,0,0,67,2,69,56,22,82,2,162,64,8,72,234
08/18/2013,TVC,MI,AGL,CE,Towers with Radar,46,20,27,0,93,0,6,61,1,68,46,26,88,1,161,44,0,44,205
08/19/2013,TVC,MI,AGL,CE,Towers with Radar,36,25,33,4,98,0,2,90,6,98,36,27,123,10,196,160,18,178,374
08/20/2013,TVC,MI,AGL,CE,Towers with Radar,36,35,55,0,126,0,1,84,11,96,36,36,139,11,222,142,32,174,396
08/21/2013,TVC,MI,AGL,CE,Towers with Radar,37,31,26,0,94,0,6,78,13,97,37,37,104,13,191,64,6,70,261
08/22/2013,TVC,MI,AGL,CE,Towers with Radar,32,29,24,1,86,0,0,68,9,77,32,29,92,10,163,144,34,178,341
08/23/2013,TVC,MI,AGL,CE,Towers with Radar,40,24,37,0,101,0,1,134,12,147,40,25,171,12,248,132,56,188,436
08/24/2013,TVC,MI,AGL,CE,Towers with Radar,54,18,15,0,87,0,5,68,2,75,54,23,83,2,162,88,28,116,278
08/25/2013,TVC,MI,AGL,CE,Towers with Radar,43,23,16,0,82,0,2,38,4,44,43,25,54,4,126,14,12,26,152
08/26/2013,TVC,MI,AGL,CE,Towers with Radar,36,15,17,3,71,0,4,51,16,71,36,19,68,19,142,108,6,114,256
08/27/2013,TVC,MI,AGL,CE,Towers with Radar,29,27,14,0,70,0,1,26,8,35,29,28,40,8,105,38,0,38,143
08/28/2013,TVC,MI,AGL,CE,Towers with Radar,32,34,32,0,98,0,2,78,8,88,32,36,110,8,186,132,0,132,318
08/29/2013,TVC,MI,AGL,CE,Towers with Radar,32,30,29,1,92,0,0,80,8,88,32,30,109,9,180,160,0,160,340
08/30/2013,TVC,MI,AGL,CE,Towers with Radar,30,33,32,0,95,0,1,37,7,45,30,34,69,7,140,92,10,102,242
08/31/2013,TVC,MI,AGL,CE,Towers with Radar,18,18,14,0,50,0,6,55,1,62,18,24,69,1,112,10,22,32,144
09/01/2013,TVC,MI,AGL,CE,Towers with Radar,27,6,5,0,38,0,0,34,5,39,27,6,39,5,77,10,2,12,89
09/02/2013,TVC,MI,AGL,CE,Towers with Radar,32,20,30,1,83,0,1,12,2,15,32,21,42,3,98,0,0,0,98
09/03/2013,TVC,MI,AGL,CE,Towers with Radar,24,35,51,0,110,0,7,99,17,123,24,42,150,17,233,190,38,228,461
09/04/2013,TVC,MI,AGL,CE,Towers with Radar,29,30,20,4,83,0,4,56,9,69,29,34,76,13,152,123,2,125,277
09/05/2013,TVC,MI,AGL,CE,Towers with Radar,24,20,23,0,67,0,3,133,20,156,24,23,156,20,223,146,0,146,369
09/06/2013,TVC,MI,AGL,CE,Towers with Radar,24,28,27,2,81,0,2,90,8,100,24,30,117,10,181,156,18,174,355
09/07/2013,TVC,MI,AGL,CE,Towers with Radar,19,14,15,0,48,0,7,45,3,55,19,21,60,3,103,80,32,112,215
09/08/2013,TVC,MI,AGL,CE,Towers with Radar,26,27,32,4,89,0,0,66,4,70,26,27,98,8,159,58,38,96,255
09/09/2013,TVC,MI,AGL,CE,Towers with Radar,28,22,29,6,85,0,3,61,6,70,28,25,90,12,155,194,42,236,391
09/10/2013,TVC,MI,AGL,CE,Towers with Radar,25,22,45,10,102,0,0,50,11,61,25,22,95,21,163,66,14,80,243
09/11/2013,TVC,MI,AGL,CE,Towers with Radar,24,31,19,1,75,0,0,83,10,93,24,31,102,11,168,132,2,134,302
09/12/2013,TVC,MI,AGL,CE,Towers with Radar,25,39,27,1,92,0,3,65,11,79,25,42,92,12,171,148,4,152,323
09/13/2013,TVC,MI,AGL,CE,Towers with Radar,24,20,67,13,124,0,6,85,8,99,24,26,152,21,223,101,36,137,360
09/14/2013,TVC,MI,AGL,CE,Towers with Radar,20,15,11,9,55,0,4,127,22,153,20,19,138,31,208,68,20,88,296
09/15/2013,TVC,MI,AGL,CE,Towers with Radar,25,14,23,6,68,0,0,24,2,26,25,14,47,8,94,20,26,46,140
09/16/2013,TVC,MI,AGL,CE,Towers with Radar,27,13,15,2,57,0,2,88,9,99,27,15,103,11,156,240,6,246,402
09/17/2013,TVC,MI,AGL,CE,Towers with Radar,26,20,27,10,83,0,6,109,7,122,26,26,136,17,205,208,2,210,415
09/18/2013,TVC,MI,AGL,CE,Towers with Radar,20,35,25,1,81,0,4,117,8,129,20,39,142,9,210,238,20,258,468
09/19/2013,TVC,MI,AGL,CE,Towers with Radar,16,42,21,0,79,0,2,70,12,84,16,44,91,12,163,96,0,96,259
09/20/2013,TVC,MI,AGL,CE,Towers with Radar,26,25,19,2,72,0,3,13,4,20,26,28,32,6,92,48,40,88,180
09/21/2013,TVC,MI,AGL,CE,Towers with Radar,20,24,23,0,67,0,2,34,6,42,20,26,57,6,109,68,0,68,177
09/22/2013,TVC,MI,AGL,CE,Towers with Radar,23,24,33,4,84,0,4,47,6,57,23,28,80,10,141,74,36,110,251
09/23/2013,TVC,MI,AGL,CE,Towers with Radar,25,16,29,0,70,0,2,93,2,97,25,18,122,2,167,208,0,208,375
09/24/2013,TVC,MI,AGL,CE,Towers with Radar,25,17,32,4,78,0,3,118,13,134,25,20,150,17,212,168,12,180,392
09/25/2013,TVC,MI,AGL,CE,Towers with Radar,24,21,31,0,76,0,3,104,10,117,24,24,135,10,193,202,111,313,506
09/26/2013,TVC,MI,AGL,CE,Towers with Radar,26,16,11,1,54,0,0,108,8,116,26,16,119,9,170,162,0,162,332
09/27/2013,TVC,MI,AGL,CE,Towers with Radar,24,20,37,2,83,0,3,130,9,142,24,23,167,11,225,202,18,220,445
09/28/2013,TVC,MI,AGL,CE,Towers with Radar,18,14,12,0,44,0,10,52,4,66,18,24,64,4,110,24,0,24,134
09/29/2013,TVC,MI,AGL,CE,Towers with Radar,27,11,21,0,59,0,7,46,3,56,27,18,67,3,115,38,32,70,185
09/30/2013,TVC,MI,AGL,CE,Towers with Radar,26,21,19,2,68,0,6,58,7,71,26,27,77,9,139,94,44,138,277
10/01/2013,TVC,MI,AGL,CE,Towers with Radar,23,20,14,0,57,0,0,44,2,46,23,20,58,2,103,30,0,30,133
10/02/2013,TVC,MI,AGL,CE,Towers with Radar,23,24,37,2,86,0,8,91,14,113,23,32,128,16,199,146,44,190,389
10/03/2013,TVC,MI,AGL,CE,Towers with Radar,15,20,29,0,64,0,0,59,5,64,15,20,88,5,128,90,0,90,218
10/04/2013,TVC,MI,AGL,CE,Towers with Radar,10,25,24,0,59,0,0,0,0,0,10,25,24,0,59,0,0,0,59
10/05/2013,TVC,MI,AGL,CE,Towers with Radar,14,11,15,0,40,0,0,2,1,3,14,11,17,1,43,14,0,14,57
10/06/2013,TVC,MI,AGL,CE,Towers with Radar,18,15,21,0,54,0,0,1,0,1,18,15,22,0,55,0,0,0,55
10/07/2013,TVC,MI,AGL,CE,Towers with Radar,23,20,35,7,85,0,2,45,12,59,23,22,80,19,144,60,58,118,262
10/08/2013,TVC,MI,AGL,CE,Towers with Radar,23,26,39,5,93,0,10,151,14,175,23,36,190,19,268,278,32,310,578
10/09/2013,TVC,MI,AGL,CE,Towers with Radar,22,23,36,0,81,0,1,140,23,164,22,24,176,23,245,198,62,260,505
10/10/2013,TVC,MI,AGL,CE,Towers with Radar,23,22,33,4,82,0,2,110,14,126,23,24,143,18,208,242,16,258,466
10/11/2013,TVC,MI,AGL,CE,Towers with Radar,24,23,45,2,94,0,6,139,18,163,24,29,184,20,257,184,70,254,511
10/12/2013,TVC,MI,AGL,CE,Towers with Radar,16,14,13,2,45,0,0,59,6,65,16,14,72,8,110,54,4,58,168
10/13/2013,TVC,MI,AGL,CE,Towers with Radar,22,7,19,0,48,0,0,39,3,42,22,7,58,3,90,18,0,18,108
10/14/2013,TVC,MI,AGL,CE,Towers with Radar,21,29,33,0,83,0,2,97,2,101,21,31,130,2,184,150,0,150,334
10/15/2013,TVC,MI,AGL,CE,Towers with Radar,21,28,33,2,84,0,2,70,10,82,21,30,103,12,166,204,30,234,400
10/16/2013,TVC,MI,AGL,CE,Towers with Radar,23,16,26,0,65,0,0,11,5,16,23,16,37,5,81,70,0,70,151
10/17/2013,TVC,MI,AGL,CE,Towers with Radar,23,15,22,0,60,0,0,83,16,99,23,15,105,16,159,179,48,227,386
10/18/2013,TVC,MI,AGL,CE,Towers with Radar,23,14,39,0,76,0,1,57,6,64,23,15,96,6,140,98,8,106,246
10/19/2013,TVC,MI,AGL,CE,Towers with Radar,18,15,25,1,59,0,2,31,1,34,18,17,56,2,93,42,0,42,135
10/20/2013,TVC,MI,AGL,CE,Towers with Radar,23,13,15,13,64,0,10,29,1,40,23,23,44,14,104,21,12,33,137
10/21/2013,TVC,MI,AGL,CE,Towers with Radar,20,7,23,0,50,0,1,18,13,32,20,8,41,13,82,58,38,96,178
10/22/2013,TVC,MI,AGL,CE,Towers with Radar,25,21,7,0,53,0,0,23,14,37,25,21,30,14,90,100,0,100,190
10/23/2013,TVC,MI,AGL,CE,Towers with Radar,23,40,13,0,76,0,1,44,13,58,23,41,57,13,134,190,4,194,328
10/24/2013,TVC,MI,AGL,CE,Towers with Radar,23,18,14,4,59,0,8,45,10,63,23,26,59,14,122,156,6,162,284
10/25/2013,TVC,MI,AGL,CE,Towers with Radar,23,25,56,0,104,0,1,49,11,61,23,26,105,11,165,130,14,144,309
10/26/2013,TVC,MI,AGL,CE,Towers with Radar,20,11,25,2,58,0,0,5,2,7,20,11,30,4,65,6,2,8,73
10/27/2013,TVC,MI,AGL,CE,Towers with Radar,22,8,34,0,64,0,7,41,0,48,22,15,75,0,112,42,0,42,154
10/28/2013,TVC,MI,AGL,CE,Towers with Radar,25,10,35,0,70,0,1,112,8,121,25,11,147,8,191,174,0,174,365
10/29/2013,TVC,MI,AGL,CE,Towers with Radar,24,20,30,2,76,0,6,96,15,117,24,26,126,17,193,222,4,226,419
10/30/2013,TVC,MI,AGL,CE,Towers with Radar,23,25,40,2,90,0,1,84,8,93,23,26,124,10,183,148,12,160,343
10/31/2013,TVC,MI,AGL,CE,Towers with Radar,20,13,9,4,46,0,0,0,9,9,20,13,9,13,55,10,88,98,153
11/01/2013,TVC,MI,AGL,CE,Towers with Radar,18,21,17,0,56,0,0,14,9,23,18,21,31,9,79,12,68,80,159
11/02/2013,TVC,MI,AGL,CE,Towers with Radar,20,11,9,0,40,0,6,23,1,30,20,17,32,1,70,170,0,170,240
11/03/2013,TVC,MI,AGL,CE,Towers with Radar,16,6,31,0,53,0,0,62,1,63,16,6,93,1,116,72,12,84,200
11/04/2013,TVC,MI,AGL,CE,Towers with Radar,21,7,14,2,44,0,10,44,0,54,21,17,58,2,98,94,0,94,192
11/05/2013,TVC,MI,AGL,CE,Towers with Radar,20,18,44,0,82,0,10,83,9,102,20,28,127,9,184,170,6,176,360
11/06/2013,TVC,MI,AGL,CE,Towers with Radar,20,27,8,0,55,0,0,7,11,18,20,27,15,11,73,36,92,128,201
11/07/2013,TVC,MI,AGL,CE,Towers with Radar,20,12,32,0,64,0,0,64,9,73,20,12,96,9,137,162,10,172,309
11/08/2013,TVC,MI,AGL,CE,Towers with Radar,19,15,42,16,92,0,6,96,15,117,19,21,138,31,209,156,46,202,411
11/09/2013,TVC,MI,AGL,CE,Towers with Radar,17,19,15,0,51,0,0,4,2,6,17,19,19,2,57,10,38,48,105
11/10/2013,TVC,MI,AGL,CE,Towers with Radar,19,11,8,0,38,0,0,13,0,13,19,11,21,0,51,6,0,6,57
11/11/2013,TVC,MI,AGL,CE,Towers with Radar,15,12,3,0,30,0,0,1,2,3,15,12,4,2,33,0,0,0,33
11/12/2013,TVC,MI,AGL,CE,Towers with Radar,18,14,17,6,55,0,0,37,9,46,18,14,54,15,101,162,22,184,285
11/13/2013,TVC,MI,AGL,CE,Towers with Radar,21,24,58,6,109,0,0,86,11,97,21,24,144,17,206,102,6,108,314
11/14/2013,TVC,MI,AGL,CE,Towers with Radar,20,16,43,15,94,0,0,119,18,137,20,16,162,33,231,156,28,184,415
11/15/2013,TVC,MI,AGL,CE,Towers with Radar,20,8,52,18,98,0,3,90,14,107,20,11,142,32,205,94,32,126,331
11/16/2013,TVC,MI,AGL,CE,Towers with Radar,20,12,12,6,50,0,0,5,3,8,20,12,17,9,58,16,2,18,76
11/17/2013,TVC,MI,AGL,CE,Towers with Radar,12,2,6,0,20,0,2,1,3,6,12,4,7,3,26,0,8,8,34
11/18/2013,TVC,MI,AGL,CE,Towers with Radar,21,23,8,0,52,0,0,3,2,5,21,23,11,2,57,0,0,0,57
11/19/2013,TVC,MI,AGL,CE,Towers with Radar,20,11,54,0,85,0,4,94,13,111,20,15,148,13,196,210,10,220,416
11/20/2013,TVC,MI,AGL,CE,Towers with Radar,20,18,56,16,110,0,2,72,10,84,20,20,128,26,194,162,58,220,414
11/21/2013,TVC,MI,AGL,CE,Towers with Radar,18,13,43,0,74,0,0,32,7,39,18,13,75,7,113,146,0,146,259
11/22/2013,TVC,MI,AGL,CE,Towers with Radar,18,19,13,5,55,0,2,7,2,11,18,21,20,7,66,10,38,48,114
11/23/2013,TVC,MI,AGL,CE,Towers with Radar,13,9,4,0,26,0,1,0,0,1,13,10,4,0,27,0,0,0,27
11/24/2013,TVC,MI,AGL,CE,Towers with Radar,14,9,27,0,50,0,2,20,1,23,14,11,47,1,73,38,0,38,111
11/25/2013,TVC,MI,AGL,CE,Towers with Radar,14,11,6,0,31,0,0,0,3,3,14,11,6,3,34,0,2,2,36
11/26/2013,TVC,MI,AGL,CE,Towers with Radar,19,23,14,0,56,0,0,4,8,12,19,23,18,8,68,10,20,30,98
11/27/2013,TVC,MI,AGL,CE,Towers with Radar,20,25,13,0,58,0,0,0,2,2,20,25,13,2,60,0,4,4,64
11/28/2013,TVC,MI,AGL,CE,Towers with Radar,11,2,2,0,15,0,0,0,0,0,11,2,2,0,15,0,0,0,15
11/29/2013,TVC,MI,AGL,CE,Towers with Radar,13,9,24,0,46,0,0,20,2,22,13,9,44,2,68,14,6,20,88
11/30/2013,TVC,MI,AGL,CE,Towers with Radar,17,9,23,8,57,0,0,20,2,22,17,9,43,10,79,8,0,8,87
12/01/2013,TVC,MI,AGL,CE,Towers with Radar,18,15,14,0,47,0,0,13,2,15,18,15,27,2,62,46,0,46,108
12/02/2013,TVC,MI,AGL,CE,Towers with Radar,19,18,73,6,116,0,0,62,9,71,19,18,135,15,187,138,0,138,325
12/03/2013,TVC,MI,AGL,CE,Towers with Radar,16,17,4,0,37,0,0,7,7,14,16,17,11,7,51,14,0,14,65
12/04/2013,TVC,MI,AGL,CE,Towers with Radar,13,36,4,0,53,0,0,0,0,0,13,36,4,0,53,0,0,0,53
12/05/2013,TVC,MI,AGL,CE,Towers with Radar,15,17,8,18,58,0,0,8,7,15,15,17,16,25,73,12,6,18,91
12/06/2013,TVC,MI,AGL,CE,Towers with Radar,11,18,10,0,39,0,1,37,7,45,11,19,47,7,84,153,46,199,283
12/07/2013,TVC,MI,AGL,CE,Towers with Radar,13,15,8,0,36,0,0,17,12,29,13,15,25,12,65,64,4,68,133
12/08/2013,TVC,MI,AGL,CE,Towers with Radar,16,4,7,0,27,0,0,9,3,12,16,4,16,3,39,26,32,58,97
12/09/2013,TVC,MI,AGL,CE,Towers with Radar,20,19,9,0,48,0,0,0,2,2,20,19,9,2,50,0,12,12,62
12/10/2013,TVC,MI,AGL,CE,Towers with Radar,13,17,5,0,35,0,0,0,10,10,13,17,5,10,45,0,2,2,47
12/11/2013,TVC,MI,AGL,CE,Towers with Radar,14,23,12,2,51,0,0,0,7,7,14,23,12,9,58,0,24,24,82
12/12/2013,TVC,MI,AGL,CE,Towers with Radar,14,14,10,6,44,0,0,7,15,22,14,14,17,21,66,80,25,105,171
12/13/2013,TVC,MI,AGL,CE,Towers with Radar,14,16,20,0,50,0,2,16,7,25,14,18,36,7,75,96,4,100,175
12/14/2013,TVC,MI,AGL,CE,Towers with Radar,12,11,4,0,27,0,0,0,0,0,12,11,4,0,27,0,0,0,27
12/15/2013,TVC,MI,AGL,CE,Towers with Radar,15,3,5,0,23,0,0,0,0,0,15,3,5,0,23,0,0,0,23
12/16/2013,TVC,MI,AGL,CE,Towers with Radar,14,16,90,4,124,0,2,44,5,51,14,18,134,9,175,124,0,124,299
12/17/2013,TVC,MI,AGL,CE,Towers with Radar,13,21,12,18,64,0,0,12,5,17,13,21,24,23,81,70,30,100,181
12/18/2013,TVC,MI,AGL,CE,Towers with Radar,15,25,34,16,90,0,0,40,17,57,15,25,74,33,147,128,10,138,285
12/19/2013,TVC,MI,AGL,CE,Towers with Radar,18,18,26,0,62,0,0,45,0,45,18,18,71,0,107,134,0,134,241
12/20/2013,TVC,MI,AGL,CE,Towers with Radar,14,12,3,1,30,0,0,0,0,0,14,12,3,1,30,0,0,0,30
12/21/2013,TVC,MI,AGL,CE,Towers with Radar,18,23,17,0,58,0,0,13,2,15,18,23,30,2,73,102,0,102,175
12/22/2013,TVC,MI,AGL,CE,Towers with Radar,16,2,9,0,27,0,0,0,0,0,16,2,9,0,27,0,0,0,27
12/23/2013,TVC,MI,AGL,CE,Towers with Radar,15,10,12,0,37,0,0,0,0,0,15,10,12,0,37,0,0,0,37
12/24/2013,TVC,MI,AGL,CE,Towers with Radar,13,18,7,0,38,0,0,17,2,19,13,18,24,2,57,18,4,22,79
12/25/2013,TVC,MI,AGL,CE,Towers with Radar,14,12,4,0,30,0,0,0,0,0,14,12,4,0,30,0,0,0,30
12/26/2013,TVC,MI,AGL,CE,Towers with Radar,18,17,4,0,39,0,2,0,7,9,18,19,4,7,48,0,0,0,48
12/27/2013,TVC,MI,AGL,CE,Towers with Radar,18,22,8,0,48,0,2,9,3,14,18,24,17,3,62,14,0,14,76
12/28/2013,TVC,MI,AGL,CE,Towers with Radar,16,16,29,2,63,0,4,18,1,23,16,20,47,3,86,44,0,44,130
12/29/2013,TVC,MI,AGL,CE,Towers with Radar,12,13,0,0,25,0,0,0,0,0,12,13,0,0,25,0,0,0,25
12/30/2013,TVC,MI,AGL,CE,Towers with Radar,14,11,5,0,30,0,0,5,2,7,14,11,10,2,37,10,0,10,47
12/31/2013,TVC,MI,AGL,CE,Towers with Radar,13,18,5,0,36,0,0,0,4,4,13,18,5,4,40,0,30,30,70
01/01/2014,TVC,MI,AGL,CE,Towers with Radar,13,15,6,0,34,0,0,5,0,5,13,15,11,0,39,0,0,0,39
01/02/2014,TVC,MI,AGL,CE,Towers with Radar,11,18,10,10,49,0,0,21,8,29,11,18,31,18,78,50,0,50,128
01/03/2014,TVC,MI,AGL,CE,Towers with Radar,17,18,16,0,51,0,0,28,7,35,17,18,44,7,86,70,8,78,164
01/04/2014,TVC,MI,AGL,CE,Towers with Radar,13,22,4,0,39,0,2,0,0,2,13,24,4,0,41,0,0,0,41
01/05/2014,TVC,MI,AGL,CE,Towers with Radar,6,8,6,0,20,0,0,10,2,12,6,8,16,2,32,28,0,28,60
01/06/2014,TVC,MI,AGL,CE,Towers with Radar,4,8,11,0,23,0,0,0,0,0,4,8,11,0,23,0,0,0,23
01/07/2014,TVC,MI,AGL,CE,Towers with Radar,1,15,4,0,20,0,0,0,2,2,1,15,4,2,22,0,24,24,46
01/08/2014,TVC,MI,AGL,CE,Towers with Radar,11,21,12,0,44,0,0,8,4,12,11,21,20,4,56,36,6,42,98
01/09/2014,TVC,MI,AGL,CE,Towers with Radar,13,20,18,20,71,0,3,30,16,49,13,23,48,36,120,154,0,154,274
01/10/2014,TVC,MI,AGL,CE,Towers with Radar,12,22,3,0,37,0,0,0,0,0,12,22,3,0,37,2,0,2,39
01/11/2014,TVC,MI,AGL,CE,Towers with Radar,11,20,1,0,32,0,0,0,0,0,11,20,1,0,32,0,0,0,32
01/12/2014,TVC,MI,AGL,CE,Towers with Radar,14,7,28,14,63,0,0,28,3,31,14,7,56,17,94,30,16,46,140
01/13/2014,TVC,MI,AGL,CE,Towers with Radar,13,13,18,8,52,0,2,37,4,43,13,15,55,12,95,160,18,178,273
01/14/2014,TVC,MI,AGL,CE,Towers with Radar,11,13,6,3,33,0,2,19,2,23,11,15,25,5,56,84,2,86,142
01/15/2014,TVC,MI,AGL,CE,Towers with Radar,12,23,9,1,45,0,4,9,9,22,12,27,18,10,67,50,32,82,149
01/16/2014,TVC,MI,AGL,CE,Towers with Radar,11,18,4,1,34,0,0,24,10,34,11,18,28,11,68,78,92,170,238
01/17/2014,TVC,MI,AGL,CE,Towers with Radar,14,19,6,2,41,0,0,0,2,2,14,19,6,4,43,0,0,0,43
01/18/2014,TVC,MI,AGL,CE,Towers with Radar,12,16,17,0,45,0,0,21,3,24,12,16,38,3,69,90,0,90,159
01/19/2014,TVC,MI,AGL,CE,Towers with Radar,11,7,5,4,27,0,2,1,2,5,11,9,6,6,32,40,0,40,72
01/20/2014,TVC,MI,AGL,CE,Towers with Radar,14,27,4,3,48,0,0,22,5,27,14,27,26,8,75,38,0,38,113
01/21/2014,TVC,MI,AGL,CE,Towers with Radar,12,15,36,5,68,0,2,51,8,61,12,17,87,13,129,158,16,174,303
01/22/2014,TVC,MI,AGL,CE,Towers with Radar,11,22,10,1,44,0,0,3,1,4,11,22,13,2,48,26,0,26,74
01/23/2014,TVC,MI,AGL,CE,Towers with Radar,18,11,28,0,57,0,1,30,10,41,18,12,58,10,98,110,20,130,228
01/24/2014,TVC,MI,AGL,CE,Towers with Radar,7,8,4,0,19,0,0,0,0,0,7,8,4,0,19,0,0,0,19
01/25/2014,TVC,MI,AGL,CE,Towers with Radar,10,9,2,0,21,0,0,0,0,0,10,9,2,0,21,0,0,0,21
01/26/2014,TVC,MI,AGL,CE,Towers with Radar,15,9,15,0,39,0,0,0,0,0,15,9,15,0,39,0,0,0,39
01/27/2014,TVC,MI,AGL,CE,Towers with Radar,12,14,0,0,26,0,0,0,0,0,12,14,0,0,26,0,0,0,26
01/28/2014,TVC,MI,AGL,CE,Towers with Radar,12,27,29,0,68,0,0,27,0,27,12,27,56,0,95,44,0,44,139
01/29/2014,TVC,MI,AGL,CE,Towers with Radar,12,23,14,5,54,0,0,30,8,38,12,23,44,13,92,58,12,70,162
01/30/2014,TVC,MI,AGL,CE,Towers with Radar,11,6,9,4,30,0,0,7,5,12,11,6,16,9,42,44,10,54,96
01/31/2014,TVC,MI,AGL,CE,Towers with Radar,14,24,58,8,104,0,0,64,7,71,14,24,122,15,175,178,40,218,393
02/01/2014,TVC,MI,AGL,CE,Towers with Radar,7,6,0,0,13,0,0,0,0,0,7,6,0,0,13,0,0,0,13
02/02/2014,TVC,MI,AGL,CE,Towers with Radar,12,8,8,4,32,0,0,8,6,14,12,8,16,10,46,4,0,4,50
02/03/2014,TVC,MI,AGL,CE,Towers with Radar,12,19,41,20,92,0,1,87,17,105,12,20,128,37,197,120,18,138,335
02/04/2014,TVC,MI,AGL,CE,Towers with Radar,12,16,33,8,69,0,1,46,11,58,12,17,79,19,127,180,24,204,331
02/05/2014,TVC,MI,AGL,CE,Towers with Radar,8,27,20,0,55,0,0,44,9,53,8,27,64,9,108,150,0,150,258
02/06/2014,TVC,MI,AGL,CE,Towers with Radar,12,17,7,0,36,0,0,4,8,12,12,17,11,8,48,12,2,14,62
02/07/2014,TVC,MI,AGL,CE,Towers with Radar,12,19,10,8,49,0,1,0,5,6,12,20,10,13,55,6,0,6,61
02/08/2014,TVC,MI,AGL,CE,Towers with Radar,10,10,23,4,47,0,3,45,2,50,10,13,68,6,97,80,0,80,177
02/09/2014,TVC,MI,AGL,CE,Towers with Radar,15,9,7,0,31,0,0,15,3,18,15,9,22,3,49,60,6,66,115
02/10/2014,TVC,MI,AGL,CE,Towers with Radar,12,15,35,2,64,0,0,23,7,30,12,15,58,9,94,66,0,66,160
02/11/2014,TVC,MI,AGL,CE,Towers with Radar,12,10,72,24,118,0,0,107,15,122,12,10,179,39,240,165,16,181,421
02/12/2014,TVC,MI,AGL,CE,Towers with Radar,12,27,33,12,84,0,1,31,8,40,12,28,64,20,124,72,58,130,254
02/13/2014,TVC,MI,AGL,CE,Towers with Radar,14,39,30,4,87,0,2,41,19,62,14,41,71,23,149,108,36,144,293
02/14/2014,TVC,MI,AGL,CE,Towers with Radar,14,22,6,0,42,0,0,7,5,12,14,22,13,5,54,28,24,52,106
02/15/2014,TVC,MI,AGL,CE,Towers with Radar,11,11,11,4,37,0,2,38,5,45,11,13,49,9,82,86,2,88,170
02/16/2014,TVC,MI,AGL,CE,Towers with Radar,14,8,9,0,31,0,0,24,2,26,14,8,33,2,57,40,0,40,97
02/17/2014,TVC,MI,AGL,CE,Towers with Radar,9,17,30,0,56,0,0,38,2,40,9,17,68,2,96,28,0,28,124
02/18/2014,TVC,MI,AGL,CE,Towers with Radar,14,15,45,20,94,0,0,68,12,80,14,15,113,32,174,148,36,184,358
02/19/2014,TVC,MI,AGL,CE,Towers with Radar,14,22,48,12,96,0,3,86,3,92,14,25,134,15,188,122,36,158,346
02/20/2014,TVC,MI,AGL,CE,Towers with Radar,10,26,10,16,62,0,1,19,6,26,10,27,29,22,88,84,26,110,198
02/21/2014,TVC,MI,AGL,CE,Towers with Radar,8,15,2,1,26,0,0,0,1,1,8,15,2,2,27,0,0,0,27
02/22/2014,TVC,MI,AGL,CE,Towers with Radar,10,13,4,0,27,0,0,0,5,5,10,13,4,5,32,0,10,10,42
02/23/2014,TVC,MI,AGL,CE,Towers with Radar,14,3,4,0,21,0,2,4,4,10,14,5,8,4,31,0,0,0,31
02/24/2014,TVC,MI,AGL,CE,Towers with Radar,14,10,7,2,33,0,0,0,0,0,14,10,7,2,33,0,0,0,33
02/25/2014,TVC,MI,AGL,CE,Towers with Radar,13,11,5,0,29,0,0,10,2,12,13,11,15,2,41,24,10,34,75
02/26/2014,TVC,MI,AGL,CE,Towers with Radar,16,24,18,11,69,0,2,35,25,62,16,26,53,36,131,38,28,66,197
02/27/2014,TVC,MI,AGL,CE,Towers with Radar,11,17,5,4,37,0,0,2,11,13,11,17,7,15,50,14,54,68,118
02/28/2014,TVC,MI,AGL,CE,Towers with Radar,14,11,8,6,39,0,0,56,4,60,14,11,64,10,99,100,32,132,231
03/01/2014,TVC,MI,AGL,CE,Towers with Radar,11,6,1,0,18,0,0,10,6,16,11,6,11,6,34,50,0,50,84
03/02/2014,TVC,MI,AGL,CE,Towers with Radar,12,6,7,5,30,0,0,21,8,29,12,6,28,13,59,8,20,28,87
03/03/2014,TVC,MI,AGL,CE,Towers with Radar,15,16,20,24,75,0,3,41,12,56,15,19,61,36,131,76,62,138,269
03/04/2014,TVC,MI,AGL,CE,Towers with Radar,15,20,0,2,37,0,0,24,10,34,15,20,24,12,71,76,13,89,160
03/05/2014,TVC,MI,AGL,CE,Towers with Radar,12,37,40,19,108,0,8,81,3,92,12,45,121,22,200,204,18,222,422
03/06/2014,TVC,MI,AGL,CE,Towers with Radar,15,11,12,10,48,0,7,57,3,67,15,18,69,13,115,82,14,96,211
03/07/2014,TVC,MI,AGL,CE,Towers with Radar,14,24,7,3,48,0,2,57,8,67,14,26,64,11,115,132,6,138,253
03/08/2014,TVC,MI,AGL,CE,Towers with Radar,11,15,19,0,45,0,1,27,2,30,11,16,46,2,75,52,0,52,127
03/09/2014,TVC,MI,AGL,CE,Towers with Radar,15,13,13,8,49,0,3,26,3,32,15,16,39,11,81,30,4,34,115
03/10/2014,TVC,MI,AGL,CE,Towers with Radar,16,9,19,10,54,0,1,76,13,90,16,10,95,23,144,122,34,156,300
03/11/2014,TVC,MI,AGL,CE,Towers with Radar,15,13,25,2,55,0,4,66,14,84,15,17,91,16,139,128,24,152,291
03/12/2014,TVC,MI,AGL,CE,Towers with Radar,7,22,20,0,49,0,1,29,9,39,7,23,49,9,88,54,2,56,144
03/13/2014,TVC,MI,AGL,CE,Towers with Radar,15,14,25,0,54,0,2,45,5,52,15,16,70,5,106,54,0,54,160
03/14/2014,TVC,MI,AGL,CE,Towers with Radar,15,9,17,0,41,0,0,32,2,34,15,9,49,2,75,36,12,48,123
03/15/2014,TVC,MI,AGL,CE,Towers with Radar,15,11,13,0,39,0,5,13,3,21,15,16,26,3,60,52,2,54,114
03/16/2014,TVC,MI,AGL,CE,Towers with Radar,15,7,15,4,41,0,2,53,5,60,15,9,68,9,101,44,24,68,169
03/17/2014,TVC,MI,AGL,CE,Towers with Radar,15,10,42,22,89,0,1,78,19,98,15,11,120,41,187,202,70,272,459
03/18/2014,TVC,MI,AGL,CE,Towers with Radar,16,13,33,6,68,0,0,62,7,69,16,13,95,13,137,196,8,204,341
03/19/2014,TVC,MI,AGL,CE,Towers with Radar,17,24,1,0,42,0,0,0,0,0,17,24,1,0,42,0,0,0,42
03/20/2014,TVC,MI,AGL,CE,Towers with Radar,16,19,13,3,51,0,0,61,15,76,16,19,74,18,127,148,16,164,291
03/21/2014,TVC,MI,AGL,CE,Towers with Radar,15,17,31,0,63,0,5,74,10,89,15,22,105,10,152,180,6,186,338
03/22/2014,TVC,MI,AGL,CE,Towers with Radar,12,20,3,0,35,0,0,0,2,2,12,20,3,2,37,0,22,22,59
03/23/2014,TVC,MI,AGL,CE,Towers with Radar,16,2,9,0,27,0,1,32,2,35,16,3,41,2,62,68,0,68,130
03/24/2014,TVC,MI,AGL,CE,Towers with Radar,14,13,6,4,37,0,0,59,4,63,14,13,65,8,100,134,62,196,296
03/25/2014,TVC,MI,AGL,CE,Towers with Radar,15,14,4,12,45,0,1,8,8,17,15,15,12,20,62,62,30,92,154
03/26/2014,TVC,MI,AGL,CE,Towers with Radar,17,20,36,6,79,0,6,71,14,91,17,26,107,20,170,68,46,114,284
03/27/2014,TVC,MI,AGL,CE,Towers with Radar,15,16,8,0,39,0,1,4,2,7,15,17,12,2,46,53,0,53,99
03/28/2014,TVC,MI,AGL,CE,Towers with Radar,15,17,6,0,38,0,0,3,1,4,15,17,9,1,42,28,0,28,70
03/29/2014,TVC,MI,AGL,CE,Towers with Radar,15,8,16,4,43,0,0,45,5,50,15,8,61,9,93,32,6,38,131
03/30/2014,TVC,MI,AGL,CE,Towers with Radar,15,9,14,0,38,0,0,53,3,56,15,9,67,3,94,30,14,44,138
03/31/2014,TVC,MI,AGL,CE,Towers with Radar,14,14,29,1,58,0,0,56,11,67,14,14,85,12,125,76,22,98,223
04/01/2014,TVC,MI,AGL,CE,Towers with Radar,16,10,8,0,34,0,0,4,9,13,16,10,12,9,47,28,24,52,99
04/02/2014,TVC,MI,AGL,CE,Towers with Radar,16,24,17,2,59,0,5,55,11,71,16,29,72,13,130,146,22,168,298
04/03/2014,TVC,MI,AGL,CE,Towers with Radar,14,10,13,12,49,0,1,31,7,39,14,11,44,19,88,93,10,103,191
04/04/2014,TVC,MI,AGL,CE,Towers with Radar,16,21,1,0,38,0,0,0,3,3,16,21,1,3,41,0,0,0,41
04/05/2014,TVC,MI,AGL,CE,Towers with Radar,14,10,3,1,28,0,0,42,6,48,14,10,45,7,76,90,10,100,176
04/06/2014,TVC,MI,AGL,CE,Towers with Radar,15,8,21,0,44,0,0,49,1,50,15,8,70,1,94,46,0,46,140
04/07/2014,TVC,MI,AGL,CE,Towers with Radar,13,11,14,6,44,0,4,75,15,94,13,15,89,21,138,184,16,200,338
04/08/2014,TVC,MI,AGL,CE,Towers with Radar,15,16,24,6,61,0,0,67,9,76,15,16,91,15,137,166,44,210,347
04/09/2014,TVC,MI,AGL,CE,Towers with Radar,14,15,29,2,60,0,2,54,13,69,14,17,83,15,129,156,64,220,349
04/10/2014,TVC,MI,AGL,CE,Towers with Radar,15,27,16,2,60,0,0,49,20,69,15,27,65,22,129,102,0,102,231
04/11/2014,TVC,MI,AGL,CE,Towers with Radar,15,13,12,3,43,0,0,66,15,81,15,13,78,18,124,150,8,158,282
04/12/2014,TVC,MI,AGL,CE,Towers with Radar,13,8,13,9,43,0,0,18,5,23,13,8,31,14,66,68,0,68,134
04/13/2014,TVC,MI,AGL,CE,Towers with Radar,15,5,3,1,24,0,0,0,0,0,15,5,3,1,24,0,0,0,24
04/14/2014,TVC,MI,AGL,CE,Towers with Radar,12,15,6,0,33,0,0,0,7,7,12,15,6,7,40,0,28,28,68
04/15/2014,TVC,MI,AGL,CE,Towers with Radar,15,18,18,2,53,0,2,24,7,33,15,20,42,9,86,104,0,104,190
04/16/2014,TVC,MI,AGL,CE,Towers with Radar,15,26,27,11,79,0,0,77,9,86,15,26,104,20,165,172,0,172,337
04/17/2014,TVC,MI,AGL,CE,Towers with Radar,16,18,35,0,69,0,5,58,13,76,16,23,93,13,145,139,2,141,286
04/18/2014,TVC,MI,AGL,CE,Towers with Radar,18,22,19,0,59,0,0,42,6,48,18,22,61,6,107,196,0,196,303
04/19/2014,TVC,MI,AGL,CE,Towers with Radar,17,11,10,0,38,0,2,62,4,68,17,13,72,4,106,100,0,100,206
04/20/2014,TVC,MI,AGL,CE,Towers with Radar,11,6,11,1,29,0,6,10,0,16,11,12,21,1,45,0,12,12,57
04/21/2014,TVC,MI,AGL,CE,Towers with Radar,15,13,27,2,57,0,4,76,6,86,15,17,103,8,143,180,4,184,327
04/22/2014,TVC,MI,AGL,CE,Towers with Radar,15,23,3,1,42,0,0,14,2,16,15,23,17,3,58,16,0,16,74
04/23/2014,TVC,MI,AGL,CE,Towers with Radar,14,20,39,0,73,0,2,102,8,112,14,22,141,8,185,193,0,193,378
04/24/2014,TVC,MI,AGL,CE,Towers with Radar,15,17,32,4,68,0,2,35,11,48,15,19,67,15,116,62,4,66,182
04/25/2014,TVC,MI,AGL,CE,Towers with Radar,16,18,24,0,58,0,0,14,6,20,16,18,38,6,78,68,1,69,147
04/26/2014,TVC,MI,AGL,CE,Towers with Radar,12,12,7,0,31,0,1,14,5,20,12,13,21,5,51,36,0,36,87
04/27/2014,TVC,MI,AGL,CE,Towers with Radar,14,4,24,1,43,0,0,37,1,38,14,4,61,2,81,44,14,58,139
04/28/2014,TVC,MI,AGL,CE,Towers with Radar,13,15,14,1,43,0,0,7,9,16,13,15,21,10,59,8,6,14,73
04/29/2014,TVC,MI,AGL,CE,Towers with Radar,16,16,4,0,36,0,0,9,6,15,16,16,13,6,51,32,24,56,107
04/30/2014,TVC,MI,AGL,CE,Towers with Radar,15,27,38,3,83,0,0,51,12,63,15,27,89,15,146,150,10,160,306
05/01/2014,TVC,MI,AGL,CE,Towers with Radar,16,22,39,0,77,0,0,69,10,79,16,22,108,10,156,186,0,186,342
05/02/2014,TVC,MI,AGL,CE,Towers with Radar,20,21,15,2,58,0,0,13,2,15,20,21,28,4,73,104,28,132,205
05/03/2014,TVC,MI,AGL,CE,Towers with Radar,17,8,5,1,31,0,1,7,1,9,17,9,12,2,40,4,14,18,58
05/04/2014,TVC,MI,AGL,CE,Towers with Radar,18,8,10,0,36,0,4,22,4,30,18,12,32,4,66,34,16,50,116
05/05/2014,TVC,MI,AGL,CE,Towers with Radar,18,12,35,0,65,0,7,52,7,66,18,19,87,7,131,132,34,166,297
05/06/2014,TVC,MI,AGL,CE,Towers with Radar,22,16,47,0,85,0,3,169,13,185,22,19,216,13,270,210,0,210,480
05/07/2014,TVC,MI,AGL,CE,Towers with Radar,21,26,30,0,77,0,1,49,8,58,21,27,79,8,135,55,4,59,194
05/08/2014,TVC,MI,AGL,CE,Towers with Radar,24,14,40,0,78,0,1,89,5,95,24,15,129,5,173,204,0,204,377
05/09/2014,TVC,MI,AGL,CE,Towers with Radar,18,13,10,2,43,0,0,24,12,36,18,13,34,14,79,72,10,82,161
05/10/2014,TVC,MI,AGL,CE,Towers with Radar,17,13,18,1,49,0,0,58,6,64,17,13,76,7,113,50,1,51,164
05/11/2014,TVC,MI,AGL,CE,Towers with Radar,24,5,20,0,49,0,6,61,6,73,24,11,81,6,122,108,0,108,230
05/12/2014,TVC,MI,AGL,CE,Towers with Radar,22,11,17,0,50,0,1,20,5,26,22,12,37,5,76,48,16,64,140
05/13/2014,TVC,MI,AGL,CE,Towers with Radar,14,23,34,0,71,0,0,30,8,38,14,23,64,8,109,68,2,70,179
05/14/2014,TVC,MI,AGL,CE,Towers with Radar,22,30,26,2,80,0,1,116,13,130,22,31,142,15,210,195,4,199,409
05/15/2014,TVC,MI,AGL,CE,Towers with Radar,23,31,5,2,61,0,0,1,5,6,23,31,6,7,67,20,0,20,87
05/16/2014,TVC,MI,AGL,CE,Towers with Radar,23,24,24,0,71,0,0,60,6,66,23,24,84,6,137,176,42,218,355
05/17/2014,TVC,MI,AGL,CE,Towers with Radar,19,13,27,2,61,0,3,83,6,92,19,16,110,8,153,110,24,134,287
05/18/2014,TVC,MI,AGL,CE,Towers with Radar,22,5,36,0,63,0,0,63,6,69,22,5,99,6,132,57,0,57,189
05/19/2014,TVC,MI,AGL,CE,Towers with Radar,20,14,28,0,62,0,3,105,7,115,20,17,133,7,177,156,14,170,347
05/20/2014,TVC,MI,AGL,CE,Towers with Radar,20,20,24,3,67,0,0,37,12,49,20,20,61,15,116,135,18,153,269
05/21/2014,TVC,MI,AGL,CE,Towers with Radar,21,37,23,3,84,0,2,92,10,104,21,39,115,13,188,151,0,151,339
05/22/2014,TVC,MI,AGL,CE,Towers with Radar,27,24,36,9,96,0,3,73,29,105,27,27,109,38,201,202,2,204,405
05/23/2014,TVC,MI,AGL,CE,Towers with Radar,22,28,72,1,123,0,4,154,14,172,22,32,226,15,295,209,0,209,504
05/24/2014,TVC,MI,AGL,CE,Towers with Radar,19,22,9,0,50,0,7,99,4,110,19,29,108,4,160,140,0,140,300
05/25/2014,TVC,MI,AGL,CE,Towers with Radar,23,12,19,2,56,0,4,74,10,88,23,16,93,12,144,52,0,52,196
05/26/2014,TVC,MI,AGL,CE,Towers with Radar,28,23,43,1,95,0,2,55,11,68,28,25,98,12,163,97,6,103,266
05/27/2014,TVC,MI,AGL,CE,Towers with Radar,24,16,24,1,65,0,3,47,8,58,24,19,71,9,123,121,3,124,247
05/28/2014,TVC,MI,AGL,CE,Towers with Radar,22,29,73,2,126,0,6,169,6,181,22,35,242,8,307,223,0,223,530
05/29/2014,TVC,MI,AGL,CE,Towers with Radar,20,16,49,2,87,0,5,136,11,152,20,21,185,13,239,213,8,221,460
05/30/2014,TVC,MI,AGL,CE,Towers with Radar,22,25,40,3,90,0,1,128,9,138,22,26,168,12,228,178,0,178,406
05/31/2014,TVC,MI,AGL,CE,Towers with Radar,19,9,30,2,60,0,0,122,3,125,19,9,152,5,185,86,0,86,271
06/01/2014,TVC,MI,AGL,CE,Towers with Radar,20,9,28,0,57,0,0,64,5,69,20,9,92,5,126,62,0,62,188
06/02/2014,TVC,MI,AGL,CE,Towers with Radar,20,21,24,0,65,0,0,23,5,28,20,21,47,5,93,90,0,90,183
06/03/2014,TVC,MI,AGL,CE,Towers with Radar,25,22,52,5,104,0,1,93,10,104,25,23,145,15,208,71,14,85,293
06/04/2014,TVC,MI,AGL,CE,Towers with Radar,25,29,54,3,111,0,0,133,10,143,25,29,187,13,254,210,0,210,464
06/05/2014,TVC,MI,AGL,CE,Towers with Radar,24,44,66,0,134,0,7,111,11,129,24,51,177,11,263,162,0,162,425
06/06/2014,TVC,MI,AGL,CE,Towers with Radar,19,32,33,10,94,0,7,137,17,161,19,39,170,27,255,208,28,236,491
06/07/2014,TVC,MI,AGL,CE,Towers with Radar,27,21,16,3,67,0,3,51,4,58,27,24,67,7,125,26,0,26,151
06/08/2014,TVC,MI,AGL,CE,Towers with Radar,26,6,28,4,64,0,0,36,1,37,26,6,64,5,101,52,0,52,153
06/09/2014,TVC,MI,AGL,CE,Towers with Radar,23,21,32,0,76,0,0,104,6,110,23,21,136,6,186,204,0,204,390
06/10/2014,TVC,MI,AGL,CE,Towers with Radar,20,19,29,0,68,0,2,111,8,121,20,21,140,8,189,186,20,206,395
06/11/2014,TVC,MI,AGL,CE,Towers with Radar,22,36,31,6,95,0,7,53,3,63,22,43,84,9,158,92,0,92,250
06/12/2014,TVC,MI,AGL,CE,Towers with Radar,29,30,35,1,95,0,0,40,7,47,29,30,75,8,142,82,0,82,224
06/13/2014,TVC,MI,AGL,CE,Towers with Radar,21,24,52,0,97,0,0,77,5,82,21,24,129,5,179,118,26,144,323
06/14/2014,TVC,MI,AGL,CE,Towers with Radar,32,19,18,1,70,0,2,80,9,91,32,21,98,10,161,42,0,42,203
06/15/2014,TVC,MI,AGL,CE,Towers with Radar,24,16,20,0,60,0,0,18,2,20,24,16,38,2,80,0,21,21,101
06/16/2014,TVC,MI,AGL,CE,Towers with Radar,24,13,34,0,71,0,4,131,13,148,24,17,165,13,219,138,6,144,363
06/17/2014,TVC,MI,AGL,CE,Towers with Radar,23,20,9,4,56,0,1,29,8,38,23,21,38,12,94,118,4,122,216
06/18/2014,TVC,MI,AGL,CE,Towers with Radar,22,32,28,3,85,0,7,67,4,78,22,39,95,7,163,153,0,153,316
06/19/2014,TVC,MI,AGL,CE,Towers with Radar,19,25,27,2,73,0,4,129,8,141,19,29,156,10,214,234,0,234,448
06/20/2014,TVC,MI,AGL,CE,Towers with Radar,23,24,18,1,66,0,1,73,8,82,23,25,91,9,148,153,0,153,301
06/21/2014,TVC,MI,AGL,CE,Towers with Radar,30,24,25,0,79,0,2,98,1,101,30,26,123,1,180,168,0,168,348
06/22/2014,TVC,MI,AGL,CE,Towers with Radar,31,20,18,0,69,0,3,55,2,60,31,23,73,2,129,74,0,74,203
06/23/2014,TVC,MI,AGL,CE,Towers with Radar,22,17,23,5,67,0,2,96,9,107,22,19,119,14,174,196,24,220,394
06/24/2014,TVC,MI,AGL,CE,Towers with Radar,24,26,37,2,89,0,1,59,15,75,24,27,96,17,164,158,2,160,324
06/25/2014,TVC,MI,AGL,CE,Towers with Radar,21,37,27,6,91,0,3,45,12,60,21,40,72,18,151,210,0,210,361
06/26/2014,TVC,MI,AGL,CE,Towers with Radar,25,27,27,3,82,0,3,153,13,169,25,30,180,16,251,295,0,295,546
06/27/2014,TVC,MI,AGL,CE,Towers with Radar,22,31,24,3,80,0,0,118,9,127,22,31,142,12,207,210,0,210,417
06/28/2014,TVC,MI,AGL,CE,Towers with Radar,33,13,20,0,66,0,5,69,3,77,33,18,89,3,143,102,0,102,245
06/29/2014,TVC,MI,AGL,CE,Towers with Radar,30,30,18,0,78,0,1,36,5,42,30,31,54,5,120,50,0,50,170
06/30/2014,TVC,MI,AGL,CE,Towers with Radar,23,24,18,0,65,0,3,87,12,102,23,27,105,12,167,82,1,83,250
07/01/2014,TVC,MI,AGL,CE,Towers with Radar,24,32,20,3,79,0,7,59,18,84,24,39,79,21,163,56,42,98,261
07/02/2014,TVC,MI,AGL,CE,Towers with Radar,31,40,45,10,126,0,0,76,9,85,31,40,121,19,211,196,8,204,415
07/03/2014,TVC,MI,AGL,CE,Towers with Radar,30,32,52,14,128,0,4,129,37,170,30,36,181,51,298,165,4,169,467
07/04/2014,TVC,MI,AGL,CE,Towers with Radar,27,7,8,0,42,0,10,78,37,125,27,17,86,37,167,57,2,59,226
07/05/2014,TVC,MI,AGL,CE,Towers with Radar,42,20,15,0,77,0,15,85,20,120,42,35,100,20,197,16,0,16,213
07/06/2014,TVC,MI,AGL,CE,Towers with Radar,33,46,36,2,117,0,15,55,33,103,33,61,91,35,220,36,0,36,256
07/07/2014,TVC,MI,AGL,CE,Towers with Radar,27,30,29,1,87,0,12,94,5,111,27,42,123,6,198,149,0,149,347
07/08/2014,TVC,MI,AGL,CE,Towers with Radar,23,48,18,0,89,0,1,25,2,28,23,49,43,2,117,93,0,93,210
07/09/2014,TVC,MI,AGL,CE,Towers with Radar,35,42,30,3,110,0,9,151,3,163,35,51,181,6,273,173,8,181,454
07/10/2014,TVC,MI,AGL,CE,Towers with Radar,29,22,32,1,84,0,3,158,7,168,29,25,190,8,252,248,2,250,502
07/11/2014,TVC,MI,AGL,CE,Towers with Radar,41,41,42,7,131,0,9,158,10,177,41,50,200,17,308,182,8,190,498
07/12/2014,TVC,MI,AGL,CE,Towers with Radar,50,24,13,23,110,0,13,68,5,86,50,37,81,28,196,212,24,236,432
07/13/2014,TVC,MI,AGL,CE,Towers with Radar,38,32,24,3,97,0,6,60,6,72,38,38,84,9,169,96,6,102,271
07/14/2014,TVC,MI,AGL,CE,Towers with Radar,28,29,18,23,98,0,5,129,4,138,28,34,147,27,236,295,2,297,533
07/15/2014,TVC,MI,AGL,CE,Towers with Radar,24,28,15,0,67,0,0,17,10,27,24,28,32,10,94,96,4,100,194
07/16/2014,TVC,MI,AGL,CE,Towers with Radar,25,36,26,0,87,0,6,140,8,154,25,42,166,8,241,281,0,281,522
07/17/2014,TVC,MI,AGL,CE,Towers with Radar,30,35,34,5,104,0,11,180,20,211,30,46,214,25,315,232,8,240,555
07/18/2014,TVC,MI,AGL,CE,Towers with Radar,29,33,41,6,109,0,19,147,15,181,29,52,188,21,290,288,2,290,580
07/19/2014,TVC,MI,AGL,CE,Towers with Radar,48,26,27,0,101,0,16,132,9,157,48,42,159,9,258,66,0,66,324
07/20/2014,TVC,MI,AGL,CE,Towers with Radar,38,52,19,1,110,0,12,76,17,105,38,64,95,18,215,63,4,67,282
07/21/2014,TVC,MI,AGL,CE,Towers with Radar,29,20,52,4,105,0,5,164,11,180,29,25,216,15,285,211,8,219,504
07/22/2014,TVC,MI,AGL,CE,Towers with Radar,24,28,30,0,82,0,4,71,14,89,24,32,101,14,171,82,4,86,257
07/23/2014,TVC,MI,AGL,CE,Towers with Radar,24,43,33,0,100,0,13,81,17,111,24,56,114,17,211,369,0,369,580
07/24/2014,TVC,MI,AGL,CE,Towers with Radar,28,37,60,0,125,0,12,173,11,196,28,49,233,11,321,193,8,201,522
07/25/2014,TVC,MI,AGL,CE,Towers with Radar,40,42,62,4,148,2,11,145,11,169,42,53,207,15,317,158,4,162,479
07/26/2014,TVC,MI,AGL,CE,Towers with Radar,49,39,29,2,119,0,17,65,5,87,49,56,94,7,206,110,0,110,316
07/27/2014,TVC,MI,AGL,CE,Towers with Radar,37,58,25,0,120,0,4,20,0,24,37,62,45,0,144,12,0,12,156
07/28/2014,TVC,MI,AGL,CE,Towers with Radar,29,22,59,3,113,0,4,103,9,116,29,26,162,12,229,252,2,254,483
07/29/2014,TVC,MI,AGL,CE,Towers with Radar,24,36,49,0,109,0,13,159,13,185,24,49,208,13,294,278,0,278,572
07/30/2014,TVC,MI,AGL,CE,Towers with Radar,25,43,23,17,108,0,5,118,16,139,25,48,141,33,247,172,4,176,423
07/31/2014,TVC,MI,AGL,CE,Towers with Radar,30,31,37,0,98,0,6,101,10,117,30,37,138,10,215,108,2,110,325
08/01/2014,TVC,MI,AGL,CE,Towers with Radar,26,40,28,1,95,0,7,127,12,146,26,47,155,13,241,162,0,162,403
08/02/2014,TVC,MI,AGL,CE,Towers with Radar,44,28,14,0,86,0,3,65,3,71,44,31,79,3,157,25,0,25,182
08/03/2014,TVC,MI,AGL,CE,Towers with Radar,40,44,26,0,110,0,9,68,4,81,40,53,94,4,191,6,0,6,197
08/04/2014,TVC,MI,AGL,CE,Towers with Radar,30,39,39,0,108,0,5,122,5,132,30,44,161,5,240,190,0,190,430
08/05/2014,TVC,MI,AGL,CE,Towers with Radar,25,40,34,2,101,0,11,159,11,181,25,51,193,13,282,286,2,288,570
08/06/2014,TVC,MI,AGL,CE,Towers with Radar,27,42,44,15,128,0,10,147,21,178,27,52,191,36,306,258,0,258,564
08/07/2014,TVC,MI,AGL,CE,Towers with Radar,30,33,35,0,98,0,10,156,5,171,30,43,191,5,269,119,0,119,388
08/08/2014,TVC,MI,AGL,CE,Towers with Radar,31,42,26,0,99,0,11,139,15,165,31,53,165,15,264,123,0,123,387
08/09/2014,TVC,MI,AGL,CE,Towers with Radar,43,19,26,3,91,0,19,105,8,132,43,38,131,11,223,110,6,116,339
08/10/2014,TVC,MI,AGL,CE,Towers with Radar,39,26,18,7,90,0,16,58,3,77,39,42,76,10,167,22,2,24,191
08/11/2014,TVC,MI,AGL,CE,Towers with Radar,25,27,30,3,85,0,8,59,4,71,25,35,89,7,156,138,0,138,294
08/12/2014,TVC,MI,AGL,CE,Towers with Radar,23,30,35,6,94,0,0,0,2,2,23,30,35,8,96,4,0,4,100
08/13/2014,TVC,MI,AGL,CE,Towers with Radar,27,30,26,0,83,0,6,158,12,176,27,36,184,12,259,165,0,165,424
08/14/2014,TVC,MI,AGL,CE,Towers with Radar,29,44,34,0,107,0,16,112,5,133,29,60,146,5,240,118,2,120,360
08/15/2014,TVC,MI,AGL,CE,Towers with Radar,33,28,49,10,120,0,11,136,13,160,33,39,185,23,280,162,0,162,442
08/16/2014,TVC,MI,AGL,CE,Towers with Radar,44,22,21,2,89,0,1,8,4,13,44,23,29,6,102,4,0,4,106
08/17/2014,TVC,MI,AGL,CE,Towers with Radar,38,26,24,3,91,0,4,46,5,55,38,30,70,8,146,98,0,98,244
08/18/2014,TVC,MI,AGL,CE,Towers with Radar,28,16,28,6,78,0,10,94,14,118,28,26,122,20,196,180,0,180,376
08/19/2014,TVC,MI,AGL,CE,Towers with Radar,20,26,36,7,89,0,4,76,6,86,20,30,112,13,175,216,0,216,391
08/20/2014,TVC,MI,AGL,CE,Towers with Radar,21,55,29,8,113,0,3,40,7,50,21,58,69,15,163,186,0,186,349
08/21/2014,TVC,MI,AGL,CE,Towers with Radar,26,30,35,2,93,0,6,91,4,101,26,36,126,6,194,154,0,154,348
08/22/2014,TVC,MI,AGL,CE,Towers with Radar,23,22,20,7,72,0,7,51,13,71,23,29,71,20,143,92,9,101,244
08/23/2014,TVC,MI,AGL,CE,Towers with Radar,30,21,22,4,77,0,14,48,6,68,30,35,70,10,145,38,0,38,183
08/24/2014,TVC,MI,AGL,CE,Towers with Radar,25,15,20,8,68,0,8,32,6,46,25,23,52,14,114,4,20,24,138
08/25/2014,TVC,MI,AGL,CE,Towers with Radar,21,7,8,10,46,0,1,51,12,64,21,8,59,22,110,77,72,149,259
08/26/2014,TVC,MI,AGL,CE,Towers with Radar,19,22,36,5,82,0,3,72,5,80,19,25,108,10,162,82,10,92,254
08/27/2014,TVC,MI,AGL,CE,Towers with Radar,22,28,42,1,93,0,12,118,13,143,22,40,160,14,236,162,0,162,398
08/28/2014,TVC,MI,AGL,CE,Towers with Radar,24,23,23,4,74,0,8,109,6,123,24,31,132,10,197,83,0,83,280
08/29/2014,TVC,MI,AGL,CE,Towers with Radar,23,31,29,2,85,0,4,64,3,71,23,35,93,5,156,72,0,72,228
08/30/2014,TVC,MI,AGL,CE,Towers with Radar,27,17,17,0,61,0,0,28,1,29,27,17,45,1,90,46,0,46,136
08/31/2014,TVC,MI,AGL,CE,Towers with Radar,26,5,25,0,56,0,13,51,4,68,26,18,76,4,124,46,24,70,194
09/01/2014,TVC,MI,AGL,CE,Towers with Radar,24,19,19,2,64,0,2,28,10,40,24,21,47,12,104,37,0,37,141
09/02/2014,TVC,MI,AGL,CE,Towers with Radar,19,32,52,9,112,0,13,130,18,161,19,45,182,27,273,130,18,148,421
09/03/2014,TVC,MI,AGL,CE,Towers with Radar,20,36,34,7,97,0,6,132,13,151,20,42,166,20,248,142,22,164,412
09/04/2014,TVC,MI,AGL,CE,Towers with Radar,20,34,25,0,79,0,0,45,7,52,20,34,70,7,131,62,48,110,241
09/05/2014,TVC,MI,AGL,CE,Towers with Radar,18,35,36,6,95,0,12,45,15,72,18,47,81,21,167,96,3,99,266
09/06/2014,TVC,MI,AGL,CE,Towers with Radar,19,15,21,1,56,0,19,184,9,212,19,34,205,10,268,90,0,90,358
09/07/2014,TVC,MI,AGL,CE,Towers with Radar,20,28,21,1,70,0,4,69,2,75,20,32,90,3,145,48,0,48,193
09/08/2014,TVC,MI,AGL,CE,Towers with Radar,20,20,32,3,75,0,4,109,14,127,20,24,141,17,202,106,28,134,336
09/09/2014,TVC,MI,AGL,CE,Towers with Radar,16,27,25,7,75,0,20,160,24,204,16,47,185,31,279,206,42,248,527
09/10/2014,TVC,MI,AGL,CE,Towers with Radar,28,31,20,2,81,0,0,6,10,16,28,31,26,12,97,9,61,70,167
09/11/2014,TVC,MI,AGL,CE,Towers with Radar,31,14,42,0,87,0,0,26,18,44,31,14,68,18,131,154,26,180,311
09/12/2014,TVC,MI,AGL,CE,Towers with Radar,22,18,53,4,97,0,7,99,7,113,22,25,152,11,210,174,2,176,386
09/13/2014,TVC,MI,AGL,CE,Towers with Radar,20,17,27,2,66,0,14,43,8,65,20,31,70,10,131,80,50,130,261
09/14/2014,TVC,MI,AGL,CE,Towers with Radar,19,16,11,4,50,0,7,56,1,64,19,23,67,5,114,22,10,32,146
09/15/2014,TVC,MI,AGL,CE,Towers with Radar,22,12,31,0,65,0,2,96,10,108,22,14,127,10,173,218,24,242,415
09/16/2014,TVC,MI,AGL,CE,Towers with Radar,24,15,20,2,61,0,7,134,30,171,24,22,154,32,232,176,16,192,424
09/17/2014,TVC,MI,AGL,CE,Towers with Radar,25,21,21,2,69,0,12,169,8,189,25,33,190,10,258,192,6,198,456
09/18/2014,TVC,MI,AGL,CE,Towers with Radar,22,18,22,1,63,0,12,120,26,158,22,30,142,27,221,204,20,224,445
09/19/2014,TVC,MI,AGL,CE,Towers with Radar,22,14,18,3,57,0,8,108,4,120,22,22,126,7,177,108,0,108,285
09/20/2014,TVC,MI,AGL,CE,Towers with Radar,18,15,2,0,35,0,2,10,3,15,18,17,12,3,50,16,0,16,66
09/21/2014,TVC,MI,AGL,CE,Towers with Radar,17,17,8,0,42,0,18,13,0,31,17,35,21,0,73,0,0,0,73
09/22/2014,TVC,MI,AGL,CE,Towers with Radar,25,10,24,0,59,0,5,121,3,129,25,15,145,3,188,157,0,157,345
09/23/2014,TVC,MI,AGL,CE,Towers with Radar,17,20,18,0,55,0,7,136,12,155,17,27,154,12,210,192,20,212,422
09/24/2014,TVC,MI,AGL,CE,Towers with Radar,23,26,16,13,78,0,7,158,9,174,23,33,174,22,252,198,12,210,462
09/25/2014,TVC,MI,AGL,CE,Towers with Radar,20,16,25,2,63,0,4,137,11,152,20,20,162,13,215,130,8,138,353
09/26/2014,TVC,MI,AGL,CE,Towers with Radar,11,17,26,3,57,0,13,135,14,162,11,30,161,17,219,162,4,166,385
09/27/2014,TVC,MI,AGL,CE,Towers with Radar,12,14,27,0,53,0,22,87,2,111,12,36,114,2,164,129,52,181,345
09/28/2014,TVC,MI,AGL,CE,Towers with Radar,9,4,40,2,55,0,13,78,8,99,9,17,118,10,154,86,0,86,240
09/29/2014,TVC,MI,AGL,CE,Towers with Radar,19,14,29,0,62,0,3,44,2,49,19,17,73,2,111,32,6,38,149
09/30/2014,TVC,MI,AGL,CE,Towers with Radar,15,32,37,1,85,0,8,22,13,43,15,40,59,14,128,212,24,236,364
10/01/2014,TVC,MI,AGL,CE,Towers with Radar,15,16,47,14,92,0,7,59,10,76,15,23,106,24,168,222,6,228,396
10/02/2014,TVC,MI,AGL,CE,Towers with Radar,12,18,32,2,64,0,0,19,0,19,12,18,51,2,83,42,0,42,125
10/03/2014,TVC,MI,AGL,CE,Towers with Radar,16,17,29,0,62,0,0,4,0,4,16,17,33,0,66,8,0,8,74
10/04/2014,TVC,MI,AGL,CE,Towers with Radar,17,10,6,6,39,0,9,39,2,50,17,19,45,8,89,184,4,188,277
10/05/2014,TVC,MI,AGL,CE,Towers with Radar,18,9,18,2,47,0,13,25,2,40,18,22,43,4,87,28,0,28,115
10/06/2014,TVC,MI,AGL,CE,Towers with Radar,16,9,32,16,73,0,15,104,7,126,16,24,136,23,199,140,26,166,365
10/07/2014,TVC,MI,AGL,CE,Towers with Radar,18,23,50,8,99,0,0,101,13,114,18,23,151,21,213,203,8,211,424
10/08/2014,TVC,MI,AGL,CE,Towers with Radar,18,18,36,2,74,0,2,95,17,114,18,20,131,19,188,114,2,116,304
10/09/2014,TVC,MI,AGL,CE,Towers with Radar,19,25,54,10,108,0,22,124,10,156,19,47,178,20,264,251,18,269,533
10/10/2014,TVC,MI,AGL,CE,Towers with Radar,16,23,44,7,90,0,18,123,5,146,16,41,167,12,236,167,0,167,403
10/11/2014,TVC,MI,AGL,CE,Towers with Radar,18,13,34,5,70,0,23,110,5,138,18,36,144,10,208,126,1,127,335
10/12/2014,TVC,MI,AGL,CE,Towers with Radar,16,10,24,0,50,0,22,85,1,108,16,32,109,1,158,56,14,70,228
10/13/2014,TVC,MI,AGL,CE,Towers with Radar,17,14,49,1,81,0,0,7,0,7,17,14,56,1,88,80,0,80,168
10/14/2014,TVC,MI,AGL,CE,Towers with Radar,21,24,25,6,76,0,0,7,4,11,21,24,32,10,87,20,20,40,127
10/15/2014,TVC,MI,AGL,CE,Towers with Radar,21,26,46,7,100,0,8,34,6,48,21,34,80,13,148,150,4,154,302
10/16/2014,TVC,MI,AGL,CE,Towers with Radar,21,26,54,10,111,0,9,11,6,26,21,35,65,16,137,120,30,150,287
10/17/2014,TVC,MI,AGL,CE,Towers with Radar,18,21,47,7,93,0,6,7,4,17,18,27,54,11,110,48,20,68,178
10/18/2014,TVC,MI,AGL,CE,Towers with Radar,18,21,11,0,50,0,12,17,2,31,18,33,28,2,81,20,0,20,101
10/19/2014,TVC,MI,AGL,CE,Towers with Radar,19,9,9,0,37,0,4,50,5,59,19,13,59,5,96,64,0,64,160
10/20/2014,TVC,MI,AGL,CE,Towers with Radar,18,15,33,4,70,0,7,47,14,68,18,22,80,18,138,180,18,198,336
10/21/2014,TVC,MI,AGL,CE,Towers with Radar,18,14,60,16,108,0,4,98,10,112,18,18,158,26,220,244,14,258,478
10/22/2014,TVC,MI,AGL,CE,Towers with Radar,20,17,39,5,81,0,2,138,7,147,20,19,177,12,228,155,6,161,389
10/23/2014,TVC,MI,AGL,CE,Towers with Radar,19,17,50,1,87,0,10,125,14,149,19,27,175,15,236,230,16,246,482
10/24/2014,TVC,MI,AGL,CE,Towers with Radar,20,16,50,11,97,0,0,17,6,23,20,16,67,17,120,58,0,58,178
10/25/2014,TVC,MI,AGL,CE,Towers with Radar,18,15,17,0,50,0,20,31,4,55,18,35,48,4,105,34,0,34,139
10/26/2014,TVC,MI,AGL,CE,Towers with Radar,17,4,27,4,52,0,10,81,5,96,17,14,108,9,148,82,2,84,232
10/27/2014,TVC,MI,AGL,CE,Towers with Radar,20,8,18,3,49,0,1,47,6,54,20,9,65,9,103,101,0,101,204
10/28/2014,TVC,MI,AGL,CE,Towers with Radar,18,16,47,0,81,0,7,27,5,39,18,23,74,5,120,190,0,190,310
10/29/2014,TVC,MI,AGL,CE,Towers with Radar,19,21,18,12,70,0,4,33,18,55,19,25,51,30,125,205,26,231,356
10/30/2014,TVC,MI,AGL,CE,Towers with Radar,17,16,43,5,81,0,5,96,20,121,17,21,139,25,202,302,12,314,516
10/31/2014,TVC,MI,AGL,CE,Towers with Radar,10,10,4,4,28,0,1,0,2,3,10,11,4,6,31,0,0,0,31
11/01/2014,TVC,MI,AGL,CE,Towers with Radar,17,12,24,12,65,0,5,67,15,87,17,17,91,27,152,172,2,174,326
11/02/2014,TVC,MI,AGL,CE,Towers with Radar,19,3,21,0,43,0,6,67,2,75,19,9,88,2,118,137,0,137,255
11/03/2014,TVC,MI,AGL,CE,Towers with Radar,16,12,60,1,89,0,4,97,14,115,16,16,157,15,204,170,50,220,424
11/04/2014,TVC,MI,AGL,CE,Towers with Radar,17,13,26,6,62,0,0,2,8,10,17,13,28,14,72,2,14,16,88
11/05/2014,TVC,MI,AGL,CE,Towers with Radar,16,15,46,13,90,0,7,91,4,102,16,22,137,17,192,196,2,198,390
11/06/2014,TVC,MI,AGL,CE,Towers with Radar,17,15,14,0,46,0,0,11,2,13,17,15,25,2,59,26,0,26,85
11/07/2014,TVC,MI,AGL,CE,Towers with Radar,17,15,37,4,73,0,4,125,6,135,17,19,162,10,208,236,8,244,452
11/08/2014,TVC,MI,AGL,CE,Towers with Radar,16,15,5,0,36,0,0,6,2,8,16,15,11,2,44,36,39,75,119
11/09/2014,TVC,MI,AGL,CE,Towers with Radar,17,6,2,0,25,0,0,0,0,0,17,6,2,0,25,0,0,0,25
11/10/2014,TVC,MI,AGL,CE,Towers with Radar,18,8,1,0,27,0,1,1,5,7,18,9,2,5,34,10,0,10,44
11/11/2014,TVC,MI,AGL,CE,Towers with Radar,16,21,14,6,57,0,0,20,4,24,16,21,34,10,81,78,8,86,167
11/12/2014,TVC,MI,AGL,CE,Towers with Radar,18,29,16,6,69,0,0,19,13,32,18,29,35,19,101,162,10,172,273
11/13/2014,TVC,MI,AGL,CE,Towers with Radar,17,21,24,0,62,0,0,36,7,43,17,21,60,7,105,116,33,149,254
11/14/2014,TVC,MI,AGL,CE,Towers with Radar,17,23,22,0,62,0,1,46,11,58,17,24,68,11,120,150,32,182,302
11/15/2014,TVC,MI,AGL,CE,Towers with Radar,15,6,11,0,32,0,1,35,2,38,15,7,46,2,70,110,0,110,180
11/16/2014,TVC,MI,AGL,CE,Towers with Radar,18,5,4,0,27,0,0,1,0,1,18,5,5,0,28,0,0,0,28
11/17/2014,TVC,MI,AGL,CE,Towers with Radar,17,12,8,6,43,0,0,1,2,3,17,12,9,8,46,0,0,0,46
11/18/2014,TVC,MI,AGL,CE,Towers with Radar,17,16,1,0,34,0,0,0,8,8,17,16,1,8,42,2,40,42,84
11/19/2014,TVC,MI,AGL,CE,Towers with Radar,17,20,9,5,51,0,0,2,2,4,17,20,11,7,55,14,2,16,71
11/20/2014,TVC,MI,AGL,CE,Towers with Radar,17,22,7,2,48,0,0,0,6,6,17,22,7,8,54,0,5,5,59
11/21/2014,TVC,MI,AGL,CE,Towers with Radar,16,19,60,0,95,0,2,95,7,104,16,21,155,7,199,210,13,223,422
11/22/2014,TVC,MI,AGL,CE,Towers with Radar,18,11,2,30,61,0,0,0,0,0,18,11,2,30,61,0,0,0,61
11/23/2014,TVC,MI,AGL,CE,Towers with Radar,15,6,12,12,45,0,0,12,4,16,15,6,24,16,61,34,4,38,99
11/24/2014,TVC,MI,AGL,CE,Towers with Radar,14,11,10,1,36,0,0,0,5,5,14,11,10,6,41,0,42,42,83
11/25/2014,TVC,MI,AGL,CE,Towers with Radar,18,16,12,3,49,0,0,10,5,15,18,16,22,8,64,116,42,158,222
11/26/2014,TVC,MI,AGL,CE,Towers with Radar,17,20,53,0,90,0,1,62,10,73,17,21,115,10,163,185,0,185,348
11/27/2014,TVC,MI,AGL,CE,Towers with Radar,13,3,3,0,19,0,0,0,0,0,13,3,3,0,19,0,0,0,19
11/28/2014,TVC,MI,AGL,CE,Towers with Radar,15,9,4,0,28,0,0,2,4,6,15,9,6,4,34,58,5,63,97
11/29/2014,TVC,MI,AGL,CE,Towers with Radar,18,9,5,0,32,0,0,7,2,9,18,9,12,2,41,10,0,10,51
11/30/2014,TVC,MI,AGL,CE,Towers with Radar,16,15,8,1,40,0,0,0,1,1,16,15,8,2,41,0,0,0,41
12/01/2014,TVC,MI,AGL,CE,Towers with Radar,17,16,52,8,93,0,4,44,10,58,17,20,96,18,151,186,32,218,369
12/02/2014,TVC,MI,AGL,CE,Towers with Radar,16,15,47,1,79,0,0,112,15,127,16,15,159,16,206,153,22,175,381
12/03/2014,TVC,MI,AGL,CE,Towers with Radar,16,16,47,1,80,0,0,57,14,71,16,16,104,15,151,170,2,172,323
12/04/2014,TVC,MI,AGL,CE,Towers with Radar,15,18,53,8,94,0,1,106,21,128,15,19,159,29,222,272,36,308,530
12/05/2014,TVC,MI,AGL,CE,Towers with Radar,16,19,22,1,58,0,2,72,12,86,16,21,94,13,144,224,8,232,376
12/06/2014,TVC,MI,AGL,CE,Towers with Radar,16,7,32,0,55,0,1,74,2,77,16,8,106,2,132,172,0,172,304
12/07/2014,TVC,MI,AGL,CE,Towers with Radar,16,7,20,0,43,0,3,53,2,58,16,10,73,2,101,46,0,46,147
12/08/2014,TVC,MI,AGL,CE,Towers with Radar,15,13,3,2,33,0,0,10,3,13,15,13,13,5,46,66,0,66,112
12/09/2014,TVC,MI,AGL,CE,Towers with Radar,15,18,1,2,36,0,0,4,13,17,15,18,5,15,53,22,16,38,91
12/10/2014,TVC,MI,AGL,CE,Towers with Radar,16,23,14,6,59,0,0,40,16,56,16,23,54,22,115,108,46,154,269
12/11/2014,TVC,MI,AGL,CE,Towers with Radar,15,22,50,3,90,0,1,99,12,112,15,23,149,15,202,140,14,154,356
12/12/2014,TVC,MI,AGL,CE,Towers with Radar,17,32,12,5,66,0,0,3,6,9,17,32,15,11,75,8,0,8,83
12/13/2014,TVC,MI,AGL,CE,Towers with Radar,15,11,0,0,26,0,0,0,0,0,15,11,0,0,26,0,0,0,26
12/14/2014,TVC,MI,AGL,CE,Towers with Radar,14,12,7,0,33,0,0,0,0,0,14,12,7,0,33,0,0,0,33
12/15/2014,TVC,MI,AGL,CE,Towers with Radar,16,29,2,21,68,0,0,0,15,15,16,29,2,36,83,0,2,2,85
12/16/2014,TVC,MI,AGL,CE,Towers with Radar,15,16,3,8,42,0,0,0,0,0,15,16,3,8,42,0,0,0,42
12/17/2014,TVC,MI,AGL,CE,Towers with Radar,16,15,4,3,38,0,0,1,4,5,16,15,5,7,43,0,12,12,55
12/18/2014,TVC,MI,AGL,CE,Towers with Radar,18,14,16,3,51,0,0,49,15,64,18,14,65,18,115,115,16,131,246
12/19/2014,TVC,MI,AGL,CE,Towers with Radar,19,18,52,0,89,0,6,97,2,105,19,24,149,2,194,184,0,184,378
12/20/2014,TVC,MI,AGL,CE,Towers with Radar,18,17,6,0,41,0,1,12,2,15,18,18,18,2,56,58,0,58,114
12/21/2014,TVC,MI,AGL,CE,Towers with Radar,23,19,11,0,53,0,0,7,3,10,23,19,18,3,63,19,0,19,82
12/22/2014,TVC,MI,AGL,CE,Towers with Radar,18,21,45,1,85,0,12,55,4,71,18,33,100,5,156,97,12,109,265
12/23/2014,TVC,MI,AGL,CE,Towers with Radar,20,17,1,0,38,0,0,0,4,4,20,17,1,4,42,0,0,0,42
12/24/2014,TVC,MI,AGL,CE,Towers with Radar,14,17,0,0,31,0,0,0,7,7,14,17,0,7,38,0,28,28,66
12/25/2014,TVC,MI,AGL,CE,Towers with Radar,14,3,0,0,17,0,0,0,0,0,14,3,0,0,17,0,0,0,17
12/26/2014,TVC,MI,AGL,CE,Towers with Radar,19,20,3,0,42,0,0,6,4,10,19,20,9,4,52,0,0,0,52
12/27/2014,TVC,MI,AGL,CE,Towers with Radar,17,15,3,0,35,0,0,0,2,2,17,15,3,2,37,0,14,14,51
12/28/2014,TVC,MI,AGL,CE,Towers with Radar,19,10,6,0,35,0,4,16,2,22,19,14,22,2,57,32,0,32,89
12/29/2014,TVC,MI,AGL,CE,Towers with Radar,17,22,9,0,48,0,2,11,3,16,17,24,20,3,64,38,14,52,116
12/30/2014,TVC,MI,AGL,CE,Towers with Radar,17,22,9,0,48,0,1,5,9,15,17,23,14,9,63,4,36,40,103
12/31/2014,TVC,MI,AGL,CE,Towers with Radar,19,21,5,0,45,0,0,0,4,4,19,21,5,4,49,0,0,0,49
01/01/2015,TVC,MI,AGL,CE,Towers with Radar,17,11,1,0,29,0,0,0,0,0,17,11,1,0,29,0,0,0,29
01/02/2015,TVC,MI,AGL,CE,Towers with Radar,18,9,16,0,43,0,3,27,8,38,18,12,43,8,81,61,0,61,142
01/03/2015,TVC,MI,AGL,CE,Towers with Radar,13,16,2,0,31,0,0,1,2,3,13,16,3,2,34,0,18,18,52
01/04/2015,TVC,MI,AGL,CE,Towers with Radar,14,11,1,0,26,0,0,0,0,0,14,11,1,0,26,0,0,0,26
01/05/2015,TVC,MI,AGL,CE,Towers with Radar,17,18,5,0,40,0,0,0,0,0,17,18,5,0,40,0,0,0,40
01/06/2015,TVC,MI,AGL,CE,Towers with Radar,14,13,7,1,35,0,0,16,4,20,14,13,23,5,55,60,4,64,119
01/07/2015,TVC,MI,AGL,CE,Towers with Radar,10,19,1,0,30,0,0,0,0,0,10,19,1,0,30,0,0,0,30
01/08/2015,TVC,MI,AGL,CE,Towers with Radar,11,7,2,0,20,0,0,0,7,7,11,7,2,7,27,10,0,10,37
01/09/2015,TVC,MI,AGL,CE,Towers with Radar,12,10,15,1,38,0,0,0,0,0,12,10,15,1,38,0,0,0,38
01/10/2015,TVC,MI,AGL,CE,Towers with Radar,12,10,14,0,36,0,0,14,2,16,12,10,28,2,52,12,0,12,64
01/11/2015,TVC,MI,AGL,CE,Towers with Radar,16,10,5,0,31,0,0,16,2,18,16,10,21,2,49,39,0,39,88
01/12/2015,TVC,MI,AGL,CE,Towers with Radar,16,9,5,0,30,0,0,9,10,19,16,9,14,10,49,20,54,74,123
01/13/2015,TVC,MI,AGL,CE,Towers with Radar,15,20,36,26,97,0,3,88,16,107,15,23,124,42,204,88,44,132,336
01/14/2015,TVC,MI,AGL,CE,Towers with Radar,15,30,9,13,67,0,3,60,14,77,15,33,69,27,144,160,60,220,364
01/15/2015,TVC,MI,AGL,CE,Towers with Radar,15,11,16,1,43,0,0,6,8,14,15,11,22,9,57,24,70,94,151
01/16/2015,TVC,MI,AGL,CE,Towers with Radar,16,20,29,1,66,0,2,58,7,67,16,22,87,8,133,98,8,106,239
01/17/2015,TVC,MI,AGL,CE,Towers with Radar,14,12,6,2,34,0,0,11,3,14,14,12,17,5,48,8,6,14,62
01/18/2015,TVC,MI,AGL,CE,Towers with Radar,15,2,3,0,20,0,0,7,0,7,15,2,10,0,27,28,0,28,55
01/19/2015,TVC,MI,AGL,CE,Towers with Radar,17,8,7,7,39,0,4,36,4,44,17,12,43,11,83,72,0,72,155
01/20/2015,TVC,MI,AGL,CE,Towers with Radar,15,12,32,4,63,0,0,69,13,82,15,12,101,17,145,140,20,160,305
01/21/2015,TVC,MI,AGL,CE,Towers with Radar,14,14,5,12,45,0,0,85,14,99,14,14,90,26,144,181,59,240,384
01/22/2015,TVC,MI,AGL,CE,Towers with Radar,15,18,12,15,60,1,5,89,23,118,16,23,101,38,178,201,20,221,399
01/23/2015,TVC,MI,AGL,CE,Towers with Radar,17,20,0,24,61,0,2,8,12,22,17,22,8,36,83,17,25,42,125
01/24/2015,TVC,MI,AGL,CE,Towers with Radar,14,10,5,3,32,0,0,19,2,21,14,10,24,5,53,93,32,125,178
01/25/2015,TVC,MI,AGL,CE,Towers with Radar,14,6,14,2,36,0,3,56,2,61,14,9,70,4,97,82,22,104,201
01/26/2015,TVC,MI,AGL,CE,Towers with Radar,17,12,18,16,63,0,1,80,9,90,17,13,98,25,153,132,14,146,299
01/27/2015,TVC,MI,AGL,CE,Towers with Radar,15,19,37,2,73,0,0,99,11,110,15,19,136,13,183,206,24,230,413
01/28/2015,TVC,MI,AGL,CE,Towers with Radar,15,13,22,6,56,0,2,104,18,124,15,15,126,24,180,177,28,205,385
01/29/2015,TVC,MI,AGL,CE,Towers with Radar,16,15,1,0,32,0,0,0,8,8,16,15,1,8,40,0,38,38,78
01/30/2015,TVC,MI,AGL,CE,Towers with Radar,17,19,14,2,52,0,2,38,8,48,17,21,52,10,100,139,12,151,251
01/31/2015,TVC,MI,AGL,CE,Towers with Radar,17,10,11,0,38,0,3,39,1,43,17,13,50,1,81,60,0,60,141
02/01/2015,TVC,MI,AGL,CE,Towers with Radar,2,3,6,0,11,0,0,12,3,15,2,3,18,3,26,22,16,38,64
02/02/2015,TVC,MI,AGL,CE,Towers with Radar,6,18,28,6,58,0,0,52,16,68,6,18,80,22,126,110,32,142,268
02/03/2015,TVC,MI,AGL,CE,Towers with Radar,12,13,21,2,48,0,4,70,13,87,12,17,91,15,135,207,44,251,386
02/04/2015,TVC,MI,AGL,CE,Towers with Radar,15,18,7,1,41,0,0,7,5,12,15,18,14,6,53,26,2,28,81
02/05/2015,TVC,MI,AGL,CE,Towers with Radar,17,12,33,2,64,0,3,69,11,83,17,15,102,13,147,149,14,163,310
02/06/2015,TVC,MI,AGL,CE,Towers with Radar,18,20,25,5,68,0,0,57,13,70,18,20,82,18,138,199,28,227,365
02/07/2015,TVC,MI,AGL,CE,Towers with Radar,14,9,0,0,23,0,1,9,5,15,14,10,9,5,38,194,0,194,232
02/08/2015,TVC,MI,AGL,CE,Towers with Radar,15,7,0,2,24,0,0,1,4,5,15,7,1,6,29,20,18,38,67
02/09/2015,TVC,MI,AGL,CE,Towers with Radar,16,9,14,0,39,0,0,90,16,106,16,9,104,16,145,134,16,150,295
02/10/2015,TVC,MI,AGL,CE,Towers with Radar,17,22,16,5,60,0,4,94,17,115,17,26,110,22,175,167,8,175,350
02/11/2015,TVC,MI,AGL,CE,Towers with Radar,16,18,3,0,37,0,0,4,4,8,16,18,7,4,45,26,37,63,108
02/12/2015,TVC,MI,AGL,CE,Towers with Radar,18,34,3,0,55,0,1,3,0,4,18,35,6,0,59,8,0,8,67
02/13/2015,TVC,MI,AGL,CE,Towers with Radar,17,28,12,0,57,0,3,26,2,31,17,31,38,2,88,53,0,53,141
02/14/2015,TVC,MI,AGL,CE,Towers with Radar,7,15,2,0,24,0,0,0,0,0,7,15,2,0,24,0,0,0,24
02/15/2015,TVC,MI,AGL,CE,Towers with Radar,17,5,5,1,28,0,2,10,3,15,17,7,15,4,43,0,0,0,43
02/16/2015,TVC,MI,AGL,CE,Towers with Radar,17,18,20,0,55,0,2,89,2,93,17,20,109,2,148,154,0,154,302
02/17/2015,TVC,MI,AGL,CE,Towers with Radar,17,15,5,6,43,0,0,3,4,7,17,15,8,10,50,20,0,20,70
02/18/2015,TVC,MI,AGL,CE,Towers with Radar,17,21,3,0,41,0,0,5,4,9,17,21,8,4,50,26,13,39,89
02/19/2015,TVC,MI,AGL,CE,Towers with Radar,13,20,7,4,44,0,0,6,4,10,13,20,13,8,54,0,22,22,76
02/20/2015,TVC,MI,AGL,CE,Towers with Radar,19,16,9,1,45,0,0,50,15,65,19,16,59,16,110,88,44,132,242
02/21/2015,TVC,MI,AGL,CE,Towers with Radar,13,13,4,7,37,0,0,12,2,14,13,13,16,9,51,48,0,48,99
02/22/2015,TVC,MI,AGL,CE,Towers with Radar,17,4,7,1,29,0,0,0,1,1,17,4,7,2,30,0,0,0,30
02/23/2015,TVC,MI,AGL,CE,Towers with Radar,19,16,16,4,55,0,9,42,11,62,19,25,58,15,117,72,2,74,191
02/24/2015,TVC,MI,AGL,CE,Towers with Radar,17,13,8,0,38,0,0,0,0,0,17,13,8,0,38,0,0,0,38
02/25/2015,TVC,MI,AGL,CE,Towers with Radar,17,11,16,5,49,0,0,20,11,31,17,11,36,16,80,92,28,120,200
02/26/2015,TVC,MI,AGL,CE,Towers with Radar,13,13,3,5,34,0,1,52,17,70,13,14,55,22,104,116,6,122,226
02/27/2015,TVC,MI,AGL,CE,Towers with Radar,18,16,19,12,65,0,0,71,12,83,18,16,90,24,148,150,20,170,318
02/28/2015,TVC,MI,AGL,CE,Towers with Radar,15,11,23,2,51,0,0,43,2,45,15,11,66,4,96,96,0,96,192
03/01/2015,TVC,MI,AGL,CE,Towers with Radar,17,5,6,0,28,0,0,3,3,6,17,5,9,3,34,29,0,29,63
03/02/2015,TVC,MI,AGL,CE,Towers with Radar,17,14,42,2,75,0,4,81,7,92,17,18,123,9,167,156,0,156,323
03/03/2015,TVC,MI,AGL,CE,Towers with Radar,9,12,1,11,33,0,0,0,2,2,9,12,1,13,35,8,42,50,85
03/04/2015,TVC,MI,AGL,CE,Towers with Radar,21,14,18,1,54,0,3,49,11,63,21,17,67,12,117,114,6,120,237
03/05/2015,TVC,MI,AGL,CE,Towers with Radar,16,8,12,10,46,0,2,65,10,77,16,10,77,20,123,168,10,178,301
03/06/2015,TVC,MI,AGL,CE,Towers with Radar,17,13,22,16,68,0,0,38,10,48,17,13,60,26,116,76,0,76,192
03/07/2015,TVC,MI,AGL,CE,Towers with Radar,13,15,13,0,41,0,2,24,1,27,13,17,37,1,68,116,0,116,184
03/08/2015,TVC,MI,AGL,CE,Towers with Radar,16,5,14,1,36,0,0,23,2,25,16,5,37,3,61,69,0,69,130
03/09/2015,TVC,MI,AGL,CE,Towers with Radar,18,9,21,13,61,0,11,93,5,109,18,20,114,18,170,174,2,176,346
03/10/2015,TVC,MI,AGL,CE,Towers with Radar,18,14,35,2,69,0,6,50,9,65,18,20,85,11,134,88,4,92,226
03/11/2015,TVC,MI,AGL,CE,Towers with Radar,19,17,31,8,75,0,0,101,17,118,19,17,132,25,193,206,22,228,421
03/12/2015,TVC,MI,AGL,CE,Towers with Radar,17,20,21,2,60,0,5,94,12,111,17,25,115,14,171,191,14,205,376
03/13/2015,TVC,MI,AGL,CE,Towers with Radar,17,17,32,2,68,0,2,97,8,107,17,19,129,10,175,166,10,176,351
03/14/2015,TVC,MI,AGL,CE,Towers with Radar,15,10,2,1,28,0,0,12,3,15,15,10,14,4,43,60,20,80,123
03/15/2015,TVC,MI,AGL,CE,Towers with Radar,16,3,7,0,26,0,0,45,8,53,16,3,52,8,79,70,12,82,161
03/16/2015,TVC,MI,AGL,CE,Towers with Radar,18,9,30,8,65,0,2,64,13,79,18,11,94,21,144,214,2,216,360
03/17/2015,TVC,MI,AGL,CE,Towers with Radar,17,15,16,4,52,0,0,58,10,68,17,15,74,14,120,66,34,100,220
03/18/2015,TVC,MI,AGL,CE,Towers with Radar,17,23,26,0,66,0,3,90,12,105,17,26,116,12,171,132,0,132,303
03/19/2015,TVC,MI,AGL,CE,Towers with Radar,17,12,30,5,64,0,0,70,15,85,17,12,100,20,149,144,2,146,295
03/20/2015,TVC,MI,AGL,CE,Towers with Radar,16,14,30,11,71,0,0,57,9,66,16,14,87,20,137,118,4,122,259
03/21/2015,TVC,MI,AGL,CE,Towers with Radar,12,12,5,0,29,0,4,17,5,26,12,16,22,5,55,4,0,4,59
03/22/2015,TVC,MI,AGL,CE,Towers with Radar,16,3,12,0,31,0,0,31,3,34,16,3,43,3,65,10,0,10,75
03/23/2015,TVC,MI,AGL,CE,Towers with Radar,13,12,11,3,39,0,2,63,8,73,13,14,74,11,112,242,6,248,360
03/24/2015,TVC,MI,AGL,CE,Towers with Radar,16,10,23,12,61,0,1,96,13,110,16,11,119,25,171,218,9,227,398
03/25/2015,TVC,MI,AGL,CE,Towers with Radar,17,19,2,0,38,0,0,0,6,6,17,19,2,6,44,0,54,54,98
03/26/2015,TVC,MI,AGL,CE,Towers with Radar,19,9,15,4,47,0,0,31,13,44,19,9,46,17,91,68,2,70,161
03/27/2015,TVC,MI,AGL,CE,Towers with Radar,17,16,10,0,43,0,2,37,9,48,17,18,47,9,91,95,10,105,196
03/28/2015,TVC,MI,AGL,CE,Towers with Radar,14,6,12,0,32,0,2,55,2,59,14,8,67,2,91,30,7,37,128
03/29/2015,TVC,MI,AGL,CE,Towers with Radar,15,5,1,0,21,0,0,2,2,4,15,5,3,2,25,0,32,32,57
03/30/2015,TVC,MI,AGL,CE,Towers with Radar,16,11,19,2,48,0,4,43,13,60,16,15,62,15,108,88,4,92,200
03/31/2015,TVC,MI,AGL,CE,Towers with Radar,15,15,14,11,55,0,3,65,17,85,15,18,79,28,140,193,12,205,345
04/01/2015,TVC,MI,AGL,CE,Towers with Radar,17,13,23,4,57,0,2,67,17,86,17,15,90,21,143,144,0,144,287
04/02/2015,TVC,MI,AGL,CE,Towers with Radar,16,7,7,6,36,0,2,12,9,23,16,9,19,15,59,12,0,12,71
04/03/2015,TVC,MI,AGL,CE,Towers with Radar,16,17,13,0,46,0,5,5,3,13,16,22,18,3,59,16,10,26,85
04/04/2015,TVC,MI,AGL,CE,Towers with Radar,13,14,15,2,44,0,1,34,3,38,13,15,49,5,82,60,2,62,144
04/05/2015,TVC,MI,AGL,CE,Towers with Radar,15,3,5,0,23,0,5,9,2,16,15,8,14,2,39,30,0,30,69
04/06/2015,TVC,MI,AGL,CE,Towers with Radar,15,17,14,5,51,0,0,22,15,37,15,17,36,20,88,65,82,147,235
04/07/2015,TVC,MI,AGL,CE,Towers with Radar,14,17,36,8,75,0,2,61,18,81,14,19,97,26,156,158,30,188,344
04/08/2015,TVC,MI,AGL,CE,Towers with Radar,16,23,11,2,52,0,0,6,7,13,16,23,17,9,65,24,55,79,144
04/09/2015,TVC,MI,AGL,CE,Towers with Radar,11,13,3,0,27,0,0,0,11,11,11,13,3,11,38,0,76,76,114
04/10/2015,TVC,MI,AGL,CE,Towers with Radar,14,25,5,0,44,0,3,0,4,7,14,28,5,4,51,6,0,6,57
04/11/2015,TVC,MI,AGL,CE,Towers with Radar,13,9,37,0,59,0,3,75,4,82,13,12,112,4,141,126,0,126,267
04/12/2015,TVC,MI,AGL,CE,Towers with Radar,14,4,32,0,50,0,0,55,5,60,14,4,87,5,110,40,0,40,150
04/13/2015,TVC,MI,AGL,CE,Towers with Radar,14,11,36,0,61,0,3,27,10,40,14,14,63,10,101,16,32,48,149
04/14/2015,TVC,MI,AGL,CE,Towers with Radar,14,17,53,7,91,0,4,88,11,103,14,21,141,18,194,156,20,176,370
04/15/2015,TVC,MI,AGL,CE,Towers with Radar,14,20,49,3,86,0,3,109,13,125,14,23,158,16,211,206,6,212,423
04/16/2015,TVC,MI,AGL,CE,Towers with Radar,14,13,36,2,65,0,6,55,10,71,14,19,91,12,136,172,2,174,310
04/17/2015,TVC,MI,AGL,CE,Towers with Radar,15,15,44,0,74,0,9,85,12,106,15,24,129,12,180,104,0,104,284
04/18/2015,TVC,MI,AGL,CE,Towers with Radar,13,18,11,0,42,0,2,79,4,85,13,20,90,4,127,62,0,62,189
04/19/2015,TVC,MI,AGL,CE,Towers with Radar,15,7,13,0,35,0,3,25,4,32,15,10,38,4,67,10,0,10,77
04/20/2015,TVC,MI,AGL,CE,Towers with Radar,14,13,16,1,44,0,0,1,4,5,14,13,17,5,49,2,0,2,51
04/21/2015,TVC,MI,AGL,CE,Towers with Radar,14,17,5,2,38,0,0,9,11,20,14,17,14,13,58,53,0,53,111
04/22/2015,TVC,MI,AGL,CE,Towers with Radar,14,15,15,1,45,0,0,23,14,37,14,15,38,15,82,52,58,110,192
04/23/2015,TVC,MI,AGL,CE,Towers with Radar,14,22,35,10,81,0,0,53,14,67,14,22,88,24,148,130,52,182,330
04/24/2015,TVC,MI,AGL,CE,Towers with Radar,16,14,18,0,48,0,2,105,7,114,16,16,123,7,162,134,0,134,296
04/25/2015,TVC,MI,AGL,CE,Towers with Radar,13,10,18,6,47,0,5,83,9,97,13,15,101,15,144,112,4,116,260
04/26/2015,TVC,MI,AGL,CE,Towers with Radar,16,7,38,9,70,0,0,81,4,85,16,7,119,13,155,90,0,90,245
04/27/2015,TVC,MI,AGL,CE,Towers with Radar,14,8,25,3,50,0,4,61,11,76,14,12,86,14,126,200,0,200,326
04/28/2015,TVC,MI,AGL,CE,Towers with Radar,14,12,42,13,81,0,1,75,12,88,14,13,117,25,169,104,8,112,281
04/29/2015,TVC,MI,AGL,CE,Towers with Radar,14,18,44,6,82,0,2,52,13,67,14,20,96,19,149,114,46,160,309
04/30/2015,TVC,MI,AGL,CE,Towers with Radar,15,10,43,0,68,0,0,38,8,46,15,10,81,8,114,68,2,70,184
05/01/2015,TVC,MI,AGL,CE,Towers with Radar,15,12,46,0,73,0,0,77,7,84,15,12,123,7,157,122,10,132,289
05/02/2015,TVC,MI,AGL,CE,Towers with Radar,12,10,18,0,40,0,2,45,2,49,12,12,63,2,89,38,0,38,127
05/03/2015,TVC,MI,AGL,CE,Towers with Radar,15,10,5,1,31,0,3,26,2,31,15,13,31,3,62,8,0,8,70
05/04/2015,TVC,MI,AGL,CE,Towers with Radar,14,18,57,2,91,0,3,51,7,61,14,21,108,9,152,126,0,126,278
05/05/2015,TVC,MI,AGL,CE,Towers with Radar,12,9,50,10,81,0,2,83,6,91,12,11,133,16,172,146,0,146,318
05/06/2015,TVC,MI,AGL,CE,Towers with Radar,18,14,31,0,63,0,2,73,8,83,18,16,104,8,146,123,8,131,277
05/07/2015,TVC,MI,AGL,CE,Towers with Radar,17,22,23,1,63,0,4,51,8,63,17,26,74,9,126,58,0,58,184
05/08/2015,TVC,MI,AGL,CE,Towers with Radar,14,21,23,2,60,0,4,43,5,52,14,25,66,7,112,59,0,59,171
05/09/2015,TVC,MI,AGL,CE,Towers with Radar,13,8,12,0,33,0,3,7,1,11,13,11,19,1,44,4,0,4,48
05/10/2015,TVC,MI,AGL,CE,Towers with Radar,13,5,9,0,27,0,1,7,1,9,13,6,16,1,36,0,0,0,36
05/11/2015,TVC,MI,AGL,CE,Towers with Radar,15,12,16,2,45,0,0,3,7,10,15,12,19,9,55,4,44,48,103
05/12/2015,TVC,MI,AGL,CE,Towers with Radar,14,15,8,2,39,0,2,1,3,6,14,17,9,5,45,4,14,18,63
05/13/2015,TVC,MI,AGL,CE,Towers with Radar,16,18,42,3,79,0,3,104,7,114,16,21,146,10,193,190,10,200,393
05/14/2015,TVC,MI,AGL,CE,Towers with Radar,18,15,37,6,76,0,1,83,12,96,18,16,120,18,172,146,28,174,346
05/15/2015,TVC,MI,AGL,CE,Towers with Radar,18,18,28,17,81,0,1,0,7,8,18,19,28,24,89,8,22,30,119
05/16/2015,TVC,MI,AGL,CE,Towers with Radar,14,10,10,0,34,0,6,38,5,49,14,16,48,5,83,78,0,78,161
05/17/2015,TVC,MI,AGL,CE,Towers with Radar,20,10,22,0,52,0,1,7,0,8,20,11,29,0,60,4,0,4,64
05/18/2015,TVC,MI,AGL,CE,Towers with Radar,20,8,11,2,41,0,5,42,12,59,20,13,53,14,100,78,6,84,184
05/19/2015,TVC,MI,AGL,CE,Towers with Radar,16,17,17,16,66,0,6,40,14,60,16,23,57,30,126,136,5,141,267
05/20/2015,TVC,MI,AGL,CE,Towers with Radar,16,21,33,10,80,0,10,91,15,116,16,31,124,25,196,155,2,157,353
05/21/2015,TVC,MI,AGL,CE,Towers with Radar,18,31,29,14,92,0,2,85,8,95,18,33,114,22,187,184,8,192,379
05/22/2015,TVC,MI,AGL,CE,Towers with Radar,16,19,57,3,95,0,3,98,12,113,16,22,155,15,208,193,2,195,403
05/23/2015,TVC,MI,AGL,CE,Towers with Radar,12,19,12,0,43,0,20,71,4,95,12,39,83,4,138,64,0,64,202
05/24/2015,TVC,MI,AGL,CE,Towers with Radar,16,9,14,1,40,0,2,54,2,58,16,11,68,3,98,98,8,106,204
05/25/2015,TVC,MI,AGL,CE,Towers with Radar,23,27,28,0,78,0,0,11,2,13,23,27,39,2,91,10,0,10,101
05/26/2015,TVC,MI,AGL,CE,Towers with Radar,13,19,36,0,68,0,8,66,4,78,13,27,102,4,146,139,6,145,291
05/27/2015,TVC,MI,AGL,CE,Towers with Radar,17,25,31,3,76,0,4,20,7,31,17,29,51,10,107,82,44,126,233
05/28/2015,TVC,MI,AGL,CE,Towers with Radar,18,22,31,2,73,0,1,109,11,121,18,23,140,13,194,147,5,152,346
05/29/2015,TVC,MI,AGL,CE,Towers with Radar,18,19,13,0,50,0,0,48,36,84,18,19,61,36,134,110,0,110,244
05/30/2015,TVC,MI,AGL,CE,Towers with Radar,10,12,3,0,25,0,0,9,0,9,10,12,12,0,34,37,0,37,71
05/31/2015,TVC,MI,AGL,CE,Towers with Radar,19,17,14,2,52,0,6,42,7,55,19,23,56,9,107,38,14,52,159
06/01/2015,TVC,MI,AGL,CE,Towers with Radar,18,15,29,0,62,0,0,86,20,106,18,15,115,20,168,112,0,112,280
06/02/2015,TVC,MI,AGL,CE,Towers with Radar,15,21,38,8,82,0,3,96,9,108,15,24,134,17,190,182,2,184,374
06/03/2015,TVC,MI,AGL,CE,Towers with Radar,17,11,39,10,77,0,1,122,54,177,17,12,161,64,254,155,4,159,413
06/04/2015,TVC,MI,AGL,CE,Towers with Radar,26,17,47,0,90,0,13,88,11,112,26,30,135,11,202,204,1,205,407
06/05/2015,TVC,MI,AGL,CE,Towers with Radar,28,12,24,0,64,0,2,7,1,10,28,14,31,1,74,0,14,14,88
06/06/2015,TVC,MI,AGL,CE,Towers with Radar,25,17,21,0,63,0,7,94,8,109,25,24,115,8,172,32,0,32,204
06/07/2015,TVC,MI,AGL,CE,Towers with Radar,20,10,4,1,35,0,0,4,2,6,20,10,8,3,41,0,0,0,41
06/08/2015,TVC,MI,AGL,CE,Towers with Radar,18,13,13,2,46,0,0,78,17,95,18,13,91,19,141,169,0,169,310
06/09/2015,TVC,MI,AGL,CE,Towers with Radar,24,25,37,9,95,0,4,101,12,117,24,29,138,21,212,119,2,121,333
06/10/2015,TVC,MI,AGL,CE,Towers with Radar,22,27,32,1,82,0,1,100,13,114,22,28,132,14,196,174,12,186,382
06/11/2015,TVC,MI,AGL,CE,Towers with Radar,21,15,52,7,95,0,1,81,6,88,21,16,133,13,183,140,4,144,327
06/12/2015,TVC,MI,AGL,CE,Towers with Radar,23,21,20,2,66,0,0,28,2,30,23,21,48,4,96,86,14,100,196
06/13/2015,TVC,MI,AGL,CE,Towers with Radar,34,12,27,0,73,0,5,49,5,59,34,17,76,5,132,52,4,56,188
06/14/2015,TVC,MI,AGL,CE,Towers with Radar,24,18,16,0,58,0,0,1,0,1,24,18,17,0,59,0,0,0,59
06/15/2015,TVC,MI,AGL,CE,Towers with Radar,15,21,33,5,74,0,2,72,8,82,15,23,105,13,156,178,30,208,364
06/16/2015,TVC,MI,AGL,CE,Towers with Radar,17,19,40,3,79,0,4,111,6,121,17,23,151,9,200,200,0,200,400
06/17/2015,TVC,MI,AGL,CE,Towers with Radar,20,24,34,1,79,0,5,114,6,125,20,29,148,7,204,246,10,256,460
06/18/2015,TVC,MI,AGL,CE,Towers with Radar,24,24,37,1,86,0,4,66,8,78,24,28,103,9,164,190,22,212,376
06/19/2015,TVC,MI,AGL,CE,Towers with Radar,22,24,14,2,62,0,3,166,11,180,22,27,180,13,242,123,0,123,365
06/20/2015,TVC,MI,AGL,CE,Towers with Radar,35,19,25,0,79,0,9,78,4,91,35,28,103,4,170,154,0,154,324
06/21/2015,TVC,MI,AGL,CE,Towers with Radar,25,18,20,1,64,1,13,47,5,66,26,31,67,6,130,84,14,98,228
06/22/2015,TVC,MI,AGL,CE,Towers with Radar,15,27,19,0,61,0,4,60,5,69,15,31,79,5,130,78,0,78,208
06/23/2015,TVC,MI,AGL,CE,Towers with Radar,24,18,20,0,62,0,5,79,9,93,24,23,99,9,155,138,0,138,293
06/24/2015,TVC,MI,AGL,CE,Towers with Radar,22,24,42,4,92,0,5,124,9,138,22,29,166,13,230,238,0,238,468
06/25/2015,TVC,MI,AGL,CE,Towers with Radar,23,26,41,1,91,0,2,123,7,132,23,28,164,8,223,186,0,186,409
06/26/2015,TVC,MI,AGL,CE,Towers with Radar,22,33,59,0,114,0,11,124,5,140,22,44,183,5,254,192,0,192,446
06/27/2015,TVC,MI,AGL,CE,Towers with Radar,35,34,14,0,83,0,7,87,10,104,35,41,101,10,187,97,18,115,302
06/28/2015,TVC,MI,AGL,CE,Towers with Radar,32,24,29,0,85,0,1,95,5,101,32,25,124,5,186,76,0,76,262
06/29/2015,TVC,MI,AGL,CE,Towers with Radar,20,19,29,0,68,0,3,110,7,120,20,22,139,7,188,264,26,290,478
06/30/2015,TVC,MI,AGL,CE,Towers with Radar,26,33,23,2,84,0,0,46,9,55,26,33,69,11,139,197,2,199,338
07/01/2015,TVC,MI,AGL,CE,Towers with Radar,28,43,25,8,104,0,12,29,2,43,28,55,54,10,147,77,26,103,250
07/02/2015,TVC,MI,AGL,CE,Towers with Radar,29,41,73,4,147,0,10,167,20,197,29,51,240,24,344,145,2,147,491
07/03/2015,TVC,MI,AGL,CE,Towers with Radar,21,23,21,6,71,0,11,125,30,166,21,34,146,36,237,38,0,38,275
07/04/2015,TVC,MI,AGL,CE,Towers with Radar,36,13,13,2,64,0,11,84,21,116,36,24,97,23,180,20,0,20,200
07/05/2015,TVC,MI,AGL,CE,Towers with Radar,39,22,30,3,94,0,5,105,18,128,39,27,135,21,222,24,5,29,251
07/06/2015,TVC,MI,AGL,CE,Towers with Radar,28,30,28,9,95,0,7,78,3,88,28,37,106,12,183,108,0,108,291
07/07/2015,TVC,MI,AGL,CE,Towers with Radar,29,30,29,2,90,0,6,85,2,93,29,36,114,4,183,99,0,99,282
07/08/2015,TVC,MI,AGL,CE,Towers with Radar,31,34,21,15,101,0,7,134,6,147,31,41,155,21,248,199,12,211,459
07/09/2015,TVC,MI,AGL,CE,Towers with Radar,29,37,21,2,89,0,2,153,5,160,29,39,174,7,249,306,0,306,555
07/10/2015,TVC,MI,AGL,CE,Towers with Radar,32,31,26,2,91,0,10,170,11,191,32,41,196,13,282,303,1,304,586
07/11/2015,TVC,MI,AGL,CE,Towers with Radar,48,16,42,1,107,0,9,98,7,114,48,25,140,8,221,103,0,103,324
07/12/2015,TVC,MI,AGL,CE,Towers with Radar,39,23,28,4,94,0,0,58,6,64,39,23,86,10,158,124,14,138,296
07/13/2015,TVC,MI,AGL,CE,Towers with Radar,23,18,31,1,73,0,4,77,8,89,23,22,108,9,162,205,17,222,384
07/14/2015,TVC,MI,AGL,CE,Towers with Radar,29,20,23,1,73,0,4,14,6,24,29,24,37,7,97,8,0,8,105
07/15/2015,TVC,MI,AGL,CE,Towers with Radar,29,31,38,0,98,0,5,120,4,129,29,36,158,4,227,189,0,189,416
07/16/2015,TVC,MI,AGL,CE,Towers with Radar,28,24,66,0,118,0,10,127,4,141,28,34,193,4,259,172,20,192,451
07/17/2015,TVC,MI,AGL,CE,Towers with Radar,30,39,49,4,122,0,6,15,4,25,30,45,64,8,147,16,2,18,165
07/18/2015,TVC,MI,AGL,CE,Towers with Radar,45,20,29,0,94,0,3,61,9,73,45,23,90,9,167,116,6,122,289
07/19/2015,TVC,MI,AGL,CE,Towers with Radar,36,32,40,3,111,0,13,95,8,116,36,45,135,11,227,116,9,125,352
07/20/2015,TVC,MI,AGL,CE,Towers with Radar,29,21,12,6,68,0,11,28,8,47,29,32,40,14,115,71,2,73,188
07/21/2015,TVC,MI,AGL,CE,Towers with Radar,28,32,39,5,104,0,18,133,34,185,28,50,172,39,289,239,2,241,530
07/22/2015,TVC,MI,AGL,CE,Towers with Radar,30,34,43,3,110,0,4,162,6,172,30,38,205,9,282,216,0,216,498
07/23/2015,TVC,MI,AGL,CE,Towers with Radar,31,26,66,1,124,0,3,133,13,149,31,29,199,14,273,230,0,230,503
07/24/2015,TVC,MI,AGL,CE,Towers with Radar,29,52,53,3,137,0,16,128,7,151,29,68,181,10,288,178,4,182,470
07/25/2015,TVC,MI,AGL,CE,Towers with Radar,50,21,28,0,99,0,14,69,5,88,50,35,97,5,187,171,0,171,358
07/26/2015,TVC,MI,AGL,CE,Towers with Radar,40,27,38,0,105,0,13,83,9,105,40,40,121,9,210,139,0,139,349
07/27/2015,TVC,MI,AGL,CE,Towers with Radar,31,24,51,8,114,0,8,119,6,133,31,32,170,14,247,243,14,257,504
07/28/2015,TVC,MI,AGL,CE,Towers with Radar,30,34,27,4,95,0,13,124,10,147,30,47,151,14,242,244,10,254,496
07/29/2015,TVC,MI,AGL,CE,Towers with Radar,31,32,38,0,101,0,6,75,14,95,31,38,113,14,196,176,4,180,376
07/30/2015,TVC,MI,AGL,CE,Towers with Radar,29,34,32,0,95,0,8,72,10,90,29,42,104,10,185,90,2,92,277
07/31/2015,TVC,MI,AGL,CE,Towers with Radar,30,36,63,0,129,0,14,134,15,163,30,50,197,15,292,204,0,204,496
08/01/2015,TVC,MI,AGL,CE,Towers with Radar,49,30,30,1,110,0,29,88,9,126,49,59,118,10,236,142,0,142,378
08/02/2015,TVC,MI,AGL,CE,Towers with Radar,35,34,22,1,92,0,2,24,3,29,35,36,46,4,121,6,0,6,127
08/03/2015,TVC,MI,AGL,CE,Towers with Radar,32,27,32,0,91,0,4,91,8,103,32,31,123,8,194,160,0,160,354
08/04/2015,TVC,MI,AGL,CE,Towers with Radar,30,28,30,1,89,0,10,69,15,94,30,38,99,16,183,224,0,224,407
08/05/2015,TVC,MI,AGL,CE,Towers with Radar,30,49,71,0,150,0,9,101,7,117,30,58,172,7,267,224,0,224,491
08/06/2015,TVC,MI,AGL,CE,Towers with Radar,29,25,41,1,96,0,9,145,7,161,29,34,186,8,257,197,0,197,454
08/07/2015,TVC,MI,AGL,CE,Towers with Radar,30,41,66,0,137,0,6,111,4,121,30,47,177,4,258,180,0,180,438
08/08/2015,TVC,MI,AGL,CE,Towers with Radar,49,34,42,1,126,0,3,49,10,62,49,37,91,11,188,70,2,72,260
08/09/2015,TVC,MI,AGL,CE,Towers with Radar,40,23,42,0,105,0,1,67,0,68,40,24,109,0,173,124,0,124,297
08/10/2015,TVC,MI,AGL,CE,Towers with Radar,34,31,22,0,87,0,10,56,12,78,34,41,78,12,165,183,0,183,348
08/11/2015,TVC,MI,AGL,CE,Towers with Radar,32,16,54,1,103,0,9,70,8,87,32,25,124,9,190,154,0,154,344
08/12/2015,TVC,MI,AGL,CE,Towers with Radar,29,23,36,2,90,0,22,115,14,151,29,45,151,16,241,193,0,193,434
08/13/2015,TVC,MI,AGL,CE,Towers with Radar,29,29,36,8,102,0,5,76,4,85,29,34,112,12,187,120,6,126,313
08/14/2015,TVC,MI,AGL,CE,Towers with Radar,30,21,47,1,99,0,1,81,15,97,30,22,128,16,196,154,0,154,350
08/15/2015,TVC,MI,AGL,CE,Towers with Radar,48,25,16,1,90,0,9,86,2,97,48,34,102,3,187,96,0,96,283
08/16/2015,TVC,MI,AGL,CE,Towers with Radar,40,24,34,1,99,0,15,67,6,88,40,39,101,7,187,16,26,42,229
08/17/2015,TVC,MI,AGL,CE,Towers with Radar,28,22,34,0,84,0,12,56,5,73,28,34,90,5,157,85,0,85,242
08/18/2015,TVC,MI,AGL,CE,Towers with Radar,23,22,34,0,79,0,1,18,5,24,23,23,52,5,103,78,0,78,181
08/19/2015,TVC,MI,AGL,CE,Towers with Radar,21,26,11,1,59,0,3,21,5,29,21,29,32,6,88,35,0,35,123
08/20/2015,TVC,MI,AGL,CE,Towers with Radar,22,30,28,6,86,0,0,21,15,36,22,30,49,21,122,0,16,16,138
08/21/2015,TVC,MI,AGL,CE,Towers with Radar,23,33,42,0,98,0,12,134,5,151,23,45,176,5,249,120,0,120,369
08/22/2015,TVC,MI,AGL,CE,Towers with Radar,29,23,32,2,86,0,19,100,0,119,29,42,132,2,205,83,0,83,288
08/23/2015,TVC,MI,AGL,CE,Towers with Radar,32,30,28,0,90,0,11,12,1,24,32,41,40,1,114,0,0,0,114
08/24/2015,TVC,MI,AGL,CE,Towers with Radar,25,21,22,3,71,0,2,40,11,53,25,23,62,14,124,38,16,54,178
08/25/2015,TVC,MI,AGL,CE,Towers with Radar,23,18,29,6,76,0,11,14,6,31,23,29,43,12,107,42,28,70,177
08/26/2015,TVC,MI,AGL,CE,Towers with Radar,24,23,16,2,65,0,0,13,7,20,24,23,29,9,85,42,1,43,128
08/27/2015,TVC,MI,AGL,CE,Towers with Radar,24,23,34,0,81,0,10,111,12,133,24,33,145,12,214,162,14,176,390
08/28/2015,TVC,MI,AGL,CE,Towers with Radar,22,32,32,0,86,0,12,89,6,107,22,44,121,6,193,99,0,99,292
08/29/2015,TVC,MI,AGL,CE,Towers with Radar,29,15,18,0,62,0,4,23,0,27,29,19,41,0,89,46,0,46,135
08/30/2015,TVC,MI,AGL,CE,Towers with Radar,32,20,19,0,71,0,7,49,3,59,32,27,68,3,130,81,2,83,213
08/31/2015,TVC,MI,AGL,CE,Towers with Radar,24,17,22,2,65,0,2,42,8,52,24,19,64,10,117,46,12,58,175
09/01/2015,TVC,MI,AGL,CE,Towers with Radar,23,30,26,6,85,0,6,86,7,99,23,36,112,13,184,108,24,132,316
09/02/2015,TVC,MI,AGL,CE,Towers with Radar,23,29,39,4,95,0,14,65,8,87,23,43,104,12,182,84,8,92,274
09/03/2015,TVC,MI,AGL,CE,Towers with Radar,22,23,13,12,70,0,1,1,5,7,22,24,14,17,77,0,20,20,97
09/04/2015,TVC,MI,AGL,CE,Towers with Radar,24,30,61,2,117,0,8,40,8,56,24,38,101,10,173,110,4,114,287
09/05/2015,TVC,MI,AGL,CE,Towers with Radar,20,16,18,2,56,0,1,36,3,40,20,17,54,5,96,41,0,41,137
09/06/2015,TVC,MI,AGL,CE,Towers with Radar,21,17,17,0,55,0,10,42,4,56,21,27,59,4,111,12,24,36,147
09/07/2015,TVC,MI,AGL,CE,Towers with Radar,23,23,57,0,103,0,1,36,4,41,23,24,93,4,144,70,0,70,214
09/08/2015,TVC,MI,AGL,CE,Towers with Radar,20,26,16,0,62,0,0,1,3,4,20,26,17,3,66,10,0,10,76
09/09/2015,TVC,MI,AGL,CE,Towers with Radar,25,24,35,0,84,0,2,115,8,125,25,26,150,8,209,210,0,210,419
09/10/2015,TVC,MI,AGL,CE,Towers with Radar,31,32,53,0,116,0,5,116,10,131,31,37,169,10,247,216,2,218,465
09/11/2015,TVC,MI,AGL,CE,Towers with Radar,24,34,19,1,78,0,5,55,8,68,24,39,74,9,146,72,0,72,218
09/12/2015,TVC,MI,AGL,CE,Towers with Radar,18,16,24,7,65,0,11,70,8,89,18,27,94,15,154,96,22,118,272
09/13/2015,TVC,MI,AGL,CE,Towers with Radar,25,11,31,0,67,0,14,67,1,82,25,25,98,1,149,82,0,82,231
09/14/2015,TVC,MI,AGL,CE,Towers with Radar,23,10,23,0,56,0,0,82,12,94,23,10,105,12,150,88,20,108,258
09/15/2015,TVC,MI,AGL,CE,Towers with Radar,27,12,49,0,88,0,21,111,10,142,27,33,160,10,230,106,11,117,347
09/16/2015,TVC,MI,AGL,CE,Towers with Radar,23,19,15,0,57,0,7,37,11,55,23,26,52,11,112,98,18,116,228
09/17/2015,TVC,MI,AGL,CE,Towers with Radar,22,16,23,2,63,0,6,50,7,63,22,22,73,9,126,32,44,76,202
09/18/2015,TVC,MI,AGL,CE,Towers with Radar,21,33,34,0,88,0,0,16,2,18,21,33,50,2,106,42,16,58,164
09/19/2015,TVC,MI,AGL,CE,Towers with Radar,21,9,13,0,43,0,2,23,2,27,21,11,36,2,70,4,36,40,110
09/20/2015,TVC,MI,AGL,CE,Towers with Radar,25,17,29,0,71,0,1,100,4,105,25,18,129,4,176,88,0,88,264
09/21/2015,TVC,MI,AGL,CE,Towers with Radar,22,16,37,1,76,0,4,129,17,150,22,20,166,18,226,203,0,203,429
09/22/2015,TVC,MI,AGL,CE,Towers with Radar,21,19,21,0,61,0,2,121,12,135,21,21,142,12,196,245,8,253,449
09/23/2015,TVC,MI,AGL,CE,Towers with Radar,18,12,28,5,63,0,7,114,12,133,18,19,142,17,196,200,22,222,418
09/24/2015,TVC,MI,AGL,CE,Towers with Radar,22,15,28,2,67,0,8,120,14,142,22,23,148,16,209,169,4,173,382
09/25/2015,TVC,MI,AGL,CE,Towers with Radar,22,27,43,0,92,0,6,126,9,141,22,33,169,9,233,148,10,158,391
09/26/2015,TVC,MI,AGL,CE,Towers with Radar,22,9,22,0,53,0,15,68,1,84,22,24,90,1,137,46,0,46,183
09/27/2015,TVC,MI,AGL,CE,Towers with Radar,22,12,29,0,63,0,5,36,2,43,22,17,65,2,106,28,22,50,156
09/28/2015,TVC,MI,AGL,CE,Towers with Radar,19,18,24,0,61,0,3,60,9,72,19,21,84,9,133,104,10,114,247
09/29/2015,TVC,MI,AGL,CE,Towers with Radar,22,14,25,0,61,0,6,84,5,95,22,20,109,5,156,184,22,206,362
09/30/2015,TVC,MI,AGL,CE,Towers with Radar,23,17,25,1,66,0,2,90,10,102,23,19,115,11,168,101,12,113,281
10/01/2015,TVC,MI,AGL,CE,Towers with Radar,18,20,28,1,67,0,5,95,18,118,18,25,123,19,185,104,26,130,315
10/02/2015,TVC,MI,AGL,CE,Towers with Radar,18,21,32,0,71,0,4,81,6,91,18,25,113,6,162,106,0,106,268
10/03/2015,TVC,MI,AGL,CE,Towers with Radar,19,12,14,2,47,0,4,26,5,35,19,16,40,7,82,50,6,56,138
10/04/2015,TVC,MI,AGL,CE,Towers with Radar,18,10,51,0,79,0,5,16,2,23,18,15,67,2,102,90,0,90,192
10/05/2015,TVC,MI,AGL,CE,Towers with Radar,16,11,24,0,51,0,0,10,9,19,16,11,34,9,70,20,4,24,94
10/06/2015,TVC,MI,AGL,CE,Towers with Radar,16,18,34,3,71,0,2,101,10,113,16,20,135,13,184,224,0,224,408
10/07/2015,TVC,MI,AGL,CE,Towers with Radar,18,15,30,0,63,0,3,100,6,109,18,18,130,6,172,168,0,168,340
10/08/2015,TVC,MI,AGL,CE,Towers with Radar,19,13,39,4,75,0,1,31,8,40,19,14,70,12,115,90,32,122,237
10/09/2015,TVC,MI,AGL,CE,Towers with Radar,16,34,24,4,78,0,5,58,4,67,16,39,82,8,145,82,10,92,237
10/10/2015,TVC,MI,AGL,CE,Towers with Radar,16,18,14,0,48,0,7,67,0,74,16,25,81,0,122,46,0,46,168
10/11/2015,TVC,MI,AGL,CE,Towers with Radar,15,15,23,4,57,0,29,56,11,96,15,44,79,15,153,20,2,22,175
10/12/2015,TVC,MI,AGL,CE,Towers with Radar,16,15,31,6,68,0,3,44,3,50,16,18,75,9,118,78,2,80,198
10/13/2015,TVC,MI,AGL,CE,Towers with Radar,20,17,34,14,85,0,2,8,12,22,20,19,42,26,107,30,12,42,149
10/14/2015,TVC,MI,AGL,CE,Towers with Radar,16,13,34,11,74,0,0,114,25,139,16,13,148,36,213,174,12,186,399
10/15/2015,TVC,MI,AGL,CE,Towers with Radar,16,10,37,10,73,0,1,87,16,104,16,11,124,26,177,90,2,92,269
10/16/2015,TVC,MI,AGL,CE,Towers with Radar,16,32,31,9,88,0,6,41,11,58,16,38,72,20,146,66,16,82,228
10/17/2015,TVC,MI,AGL,CE,Towers with Radar,17,16,16,10,59,0,5,26,8,39,17,21,42,18,98,30,4,34,132
10/18/2015,TVC,MI,AGL,CE,Towers with Radar,16,8,29,2,55,0,11,97,14,122,16,19,126,16,177,100,2,102,279
10/19/2015,TVC,MI,AGL,CE,Towers with Radar,17,14,16,3,50,0,2,18,15,35,17,16,34,18,85,0,18,18,103
10/20/2015,TVC,MI,AGL,CE,Towers with Radar,18,20,40,7,85,0,3,116,19,138,18,23,156,26,223,276,22,298,521
10/21/2015,TVC,MI,AGL,CE,Towers with Radar,14,17,49,4,84,0,2,58,8,68,14,19,107,12,152,84,0,84,236
10/22/2015,TVC,MI,AGL,CE,Towers with Radar,16,14,36,10,76,0,9,115,15,139,16,23,151,25,215,200,16,216,431
10/23/2015,TVC,MI,AGL,CE,Towers with Radar,16,11,30,8,65,0,9,121,12,142,16,20,151,20,207,162,0,162,369
10/24/2015,TVC,MI,AGL,CE,Towers with Radar,16,9,6,0,31,0,3,1,2,6,16,12,7,2,37,0,2,2,39
10/25/2015,TVC,MI,AGL,CE,Towers with Radar,15,8,15,0,38,0,25,110,2,137,15,33,125,2,175,130,0,130,305
10/26/2015,TVC,MI,AGL,CE,Towers with Radar,16,15,40,0,71,0,11,80,9,100,16,26,120,9,171,153,0,153,324
10/27/2015,TVC,MI,AGL,CE,Towers with Radar,16,14,26,8,64,0,5,113,10,128,16,19,139,18,192,174,0,174,366
10/28/2015,TVC,MI,AGL,CE,Towers with Radar,18,15,15,0,48,0,0,1,15,16,18,15,16,15,64,0,0,0,64
10/29/2015,TVC,MI,AGL,CE,Towers with Radar,17,17,11,6,51,0,0,0,8,8,17,17,11,14,59,12,60,72,131
10/30/2015,TVC,MI,AGL,CE,Towers with Radar,14,22,27,0,63,0,3,107,1,111,14,25,134,1,174,236,0,236,410
10/31/2015,TVC,MI,AGL,CE,Towers with Radar,15,12,5,10,42,0,0,0,0,0,15,12,5,10,42,14,0,14,56
11/01/2015,TVC,MI,AGL,CE,Towers with Radar,14,5,10,14,43,0,3,31,3,37,14,8,41,17,80,96,10,106,186
11/02/2015,TVC,MI,AGL,CE,Towers with Radar,13,5,35,15,68,0,10,84,19,113,13,15,119,34,181,125,0,125,306
11/03/2015,TVC,MI,AGL,CE,Towers with Radar,15,9,55,0,79,0,9,129,15,153,15,18,184,15,232,192,0,192,424
11/04/2015,TVC,MI,AGL,CE,Towers with Radar,15,9,48,6,78,0,4,80,9,93,15,13,128,15,171,139,0,139,310
11/05/2015,TVC,MI,AGL,CE,Towers with Radar,15,20,32,3,70,0,3,49,17,69,15,23,81,20,139,52,0,52,191
11/06/2015,TVC,MI,AGL,CE,Towers with Radar,15,17,10,13,55,0,4,15,12,31,15,21,25,25,86,90,36,126,212
11/07/2015,TVC,MI,AGL,CE,Towers with Radar,16,9,5,5,35,0,5,34,3,42,16,14,39,8,77,24,0,24,101
11/08/2015,TVC,MI,AGL,CE,Towers with Radar,15,6,20,0,41,0,8,48,2,58,15,14,68,2,99,44,2,46,145
11/09/2015,TVC,MI,AGL,CE,Towers with Radar,15,8,17,1,41,0,0,88,12,100,15,8,105,13,141,168,4,172,313
11/10/2015,TVC,MI,AGL,CE,Towers with Radar,15,13,53,1,82,0,2,104,10,116,15,15,157,11,198,156,0,156,354
11/11/2015,TVC,MI,AGL,CE,Towers with Radar,14,14,57,4,89,0,0,64,15,79,14,14,121,19,168,159,11,170,338
11/12/2015,TVC,MI,AGL,CE,Towers with Radar,15,9,1,3,28,0,0,0,12,12,15,9,1,15,40,0,2,2,42
11/13/2015,TVC,MI,AGL,CE,Towers with Radar,15,14,3,0,32,0,0,1,2,3,15,14,4,2,35,0,0,0,35
11/14/2015,TVC,MI,AGL,CE,Towers with Radar,16,11,30,10,67,0,3,52,6,61,16,14,82,16,128,80,0,80,208
11/15/2015,TVC,MI,AGL,CE,Towers with Radar,15,7,16,0,38,0,1,88,3,92,15,8,104,3,130,121,0,121,251
11/16/2015,TVC,MI,AGL,CE,Towers with Radar,17,6,34,16,73,0,3,69,13,85,17,9,103,29,158,125,18,143,301
11/17/2015,TVC,MI,AGL,CE,Towers with Radar,15,14,35,5,69,0,0,43,10,53,15,14,78,15,122,76,28,104,226
11/18/2015,TVC,MI,AGL,CE,Towers with Radar,10,11,4,4,29,0,0,4,4,8,10,11,8,8,37,0,0,0,37
11/19/2015,TVC,MI,AGL,CE,Towers with Radar,15,16,7,2,40,0,0,4,5,9,15,16,11,7,49,8,4,12,61
11/20/2015,TVC,MI,AGL,CE,Towers with Radar,15,20,25,15,75,0,2,65,8,75,15,22,90,23,150,90,16,106,256
11/21/2015,TVC,MI,AGL,CE,Towers with Radar,4,7,1,1,13,0,0,7,0,7,4,7,8,1,20,46,0,46,66
11/22/2015,TVC,MI,AGL,CE,Towers with Radar,12,11,7,1,31,0,1,20,1,22,12,12,27,2,53,26,4,30,83
11/23/2015,TVC,MI,AGL,CE,Towers with Radar,13,8,2,5,28,0,5,6,19,30,13,13,8,24,58,68,16,84,142
11/24/2015,TVC,MI,AGL,CE,Towers with Radar,14,15,46,11,86,0,0,77,8,85,14,15,123,19,171,144,20,164,335
11/25/2015,TVC,MI,AGL,CE,Towers with Radar,15,16,37,0,68,0,5,62,0,67,15,21,99,0,135,92,0,92,227
11/26/2015,TVC,MI,AGL,CE,Towers with Radar,9,3,0,0,12,0,0,0,0,0,9,3,0,0,12,0,0,0,12
11/27/2015,TVC,MI,AGL,CE,Towers with Radar,12,13,2,0,27,0,0,0,1,1,12,13,2,1,28,0,0,0,28
11/28/2015,TVC,MI,AGL,CE,Towers with Radar,16,12,14,6,48,0,1,21,3,25,16,13,35,9,73,54,1,55,128
11/29/2015,TVC,MI,AGL,CE,Towers with Radar,20,8,19,1,48,0,2,51,2,55,20,10,70,3,103,56,0,56,159
11/30/2015,TVC,MI,AGL,CE,Towers with Radar,13,14,26,6,59,0,1,77,15,93,13,15,103,21,152,229,8,237,389
12/01/2015,TVC,MI,AGL,CE,Towers with Radar,15,13,6,2,36,0,0,2,7,9,15,13,8,9,45,18,2,20,65
12/02/2015,TVC,MI,AGL,CE,Towers with Radar,15,22,38,17,92,0,3,53,10,66,15,25,91,27,158,258,56,314,472
12/03/2015,TVC,MI,AGL,CE,Towers with Radar,11,16,10,11,48,0,1,42,10,53,11,17,52,21,101,140,10,150,251
12/04/2015,TVC,MI,AGL,CE,Towers with Radar,14,20,31,4,69,0,3,89,18,110,14,23,120,22,179,294,0,294,473
12/05/2015,TVC,MI,AGL,CE,Towers with Radar,14,8,23,1,46,0,9,53,5,67,14,17,76,6,113,146,0,146,259
12/06/2015,TVC,MI,AGL,CE,Towers with Radar,14,9,13,0,36,0,0,41,2,43,14,9,54,2,79,64,6,70,149
12/07/2015,TVC,MI,AGL,CE,Towers with Radar,13,7,10,2,32,0,0,2,3,5,13,7,12,5,37,2,0,2,39
12/08/2015,TVC,MI,AGL,CE,Towers with Radar,13,15,8,0,36,0,0,5,8,13,13,15,13,8,49,48,20,68,117
12/09/2015,TVC,MI,AGL,CE,Towers with Radar,14,9,7,0,30,0,0,7,7,14,14,9,14,7,44,24,4,28,72
12/10/2015,TVC,MI,AGL,CE,Towers with Radar,14,9,30,0,53,0,4,75,8,87,14,13,105,8,140,90,0,90,230
12/11/2015,TVC,MI,AGL,CE,Towers with Radar,14,11,31,0,56,0,0,74,5,79,14,11,105,5,135,260,0,260,395
12/12/2015,TVC,MI,AGL,CE,Towers with Radar,14,10,5,0,29,0,0,11,2,13,14,10,16,2,42,46,2,48,90
12/13/2015,TVC,MI,AGL,CE,Towers with Radar,14,10,7,9,40,0,1,0,0,1,14,11,7,9,41,0,4,4,45
12/14/2015,TVC,MI,AGL,CE,Towers with Radar,13,10,13,1,37,0,0,22,10,32,13,10,35,11,69,116,12,128,197
12/15/2015,TVC,MI,AGL,CE,Towers with Radar,13,15,4,0,32,0,0,12,8,20,13,15,16,8,52,94,8,102,154
12/16/2015,TVC,MI,AGL,CE,Towers with Radar,18,20,4,2,44,0,0,2,8,10,18,20,6,10,54,6,10,16,70
12/17/2015,TVC,MI,AGL,CE,Towers with Radar,16,20,22,0,58,0,1,40,0,41,16,21,62,0,99,132,0,132,231
12/18/2015,TVC,MI,AGL,CE,Towers with Radar,15,12,6,0,33,0,0,13,2,15,15,12,19,2,48,58,8,66,114
12/19/2015,TVC,MI,AGL,CE,Towers with Radar,14,16,10,0,40,1,0,0,2,3,15,16,10,2,43,0,0,0,43
12/20/2015,TVC,MI,AGL,CE,Towers with Radar,18,11,17,0,46,0,1,40,2,43,18,12,57,2,89,109,0,109,198
12/21/2015,TVC,MI,AGL,CE,Towers with Radar,15,11,6,2,34,0,0,0,0,0,15,11,6,2,34,0,0,0,34
12/22/2015,TVC,MI,AGL,CE,Towers with Radar,15,15,0,0,30,0,0,0,1,1,15,15,0,1,31,0,0,0,31
12/23/2015,TVC,MI,AGL,CE,Towers with Radar,18,18,1,4,41,0,0,0,0,0,18,18,1,4,41,0,0,0,41
12/24/2015,TVC,MI,AGL,CE,Towers with Radar,14,9,2,0,25,0,0,2,0,2,14,9,4,0,27,0,0,0,27
12/25/2015,TVC,MI,AGL,CE,Towers with Radar,11,2,1,0,14,0,0,13,0,13,11,2,14,0,27,12,0,12,39
12/26/2015,TVC,MI,AGL,CE,Towers with Radar,13,15,2,1,31,0,0,12,1,13,13,15,14,2,44,18,10,28,72
12/27/2015,TVC,MI,AGL,CE,Towers with Radar,18,13,0,0,31,0,0,0,1,1,18,13,0,1,32,0,4,4,36
12/28/2015,TVC,MI,AGL,CE,Towers with Radar,8,9,8,0,25,0,0,18,2,20,8,9,26,2,45,60,14,74,119
12/29/2015,TVC,MI,AGL,CE,Towers with Radar,16,10,0,0,26,0,2,0,2,4,16,12,0,2,30,0,0,0,30
12/30/2015,TVC,MI,AGL,CE,Towers with Radar,16,18,0,0,34,0,0,0,1,1,16,18,0,1,35,0,24,24,59
12/31/2015,TVC,MI,AGL,CE,Towers with Radar,13,15,5,0,33,0,0,2,3,5,13,15,7,3,38,18,0,18,56
01/01/2016,TVC,MI,AGL,CE,Towers with Radar,15,5,0,0,20,0,0,0,0,0,15,5,0,0,20,0,0,0,20
01/02/2016,TVC,MI,AGL,CE,Towers with Radar,11,15,24,0,50,0,0,23,3,26,11,15,47,3,76,30,14,44,120
01/03/2016,TVC,MI,AGL,CE,Towers with Radar,17,9,6,0,32,0,0,0,2,2,17,9,6,2,34,0,0,0,34
01/04/2016,TVC,MI,AGL,CE,Towers with Radar,15,12,27,0,54,0,0,38,3,41,15,12,65,3,95,74,0,74,169
01/05/2016,TVC,MI,AGL,CE,Towers with Radar,14,12,10,0,36,0,5,37,0,42,14,17,47,0,78,48,0,48,126
01/06/2016,TVC,MI,AGL,CE,Towers with Radar,14,6,17,1,38,0,0,58,11,69,14,6,75,12,107,98,20,118,225
01/07/2016,TVC,MI,AGL,CE,Towers with Radar,14,6,11,1,32,0,0,22,6,28,14,6,33,7,60,42,0,42,102
01/08/2016,TVC,MI,AGL,CE,Towers with Radar,16,10,15,0,41,0,0,38,9,47,16,10,53,9,88,78,12,90,178
01/09/2016,TVC,MI,AGL,CE,Towers with Radar,12,4,6,0,22,0,0,0,0,0,12,4,6,0,22,0,0,0,22
01/10/2016,TVC,MI,AGL,CE,Towers with Radar,12,3,2,0,17,0,0,0,0,0,12,3,2,0,17,0,0,0,17
01/11/2016,TVC,MI,AGL,CE,Towers with Radar,13,10,7,2,32,0,0,15,4,19,13,10,22,6,51,80,6,86,137
01/12/2016,TVC,MI,AGL,CE,Towers with Radar,14,9,2,0,25,0,0,1,0,1,14,9,3,0,26,6,0,6,32
01/13/2016,TVC,MI,AGL,CE,Towers with Radar,14,12,12,0,38,0,0,4,1,5,14,12,16,1,43,26,0,26,69
01/14/2016,TVC,MI,AGL,CE,Towers with Radar,13,9,14,0,36,0,0,44,6,50,13,9,58,6,86,242,20,262,348
01/15/2016,TVC,MI,AGL,CE,Towers with Radar,14,17,10,0,41,0,0,3,0,3,14,17,13,0,44,20,0,20,64
01/16/2016,TVC,MI,AGL,CE,Towers with Radar,15,15,1,1,32,0,1,4,1,6,15,16,5,2,38,0,0,0,38
01/17/2016,TVC,MI,AGL,CE,Towers with Radar,13,3,2,0,18,0,0,0,0,0,13,3,2,0,18,0,0,0,18
01/18/2016,TVC,MI,AGL,CE,Towers with Radar,16,15,2,0,33,0,0,1,0,1,16,15,3,0,34,0,0,0,34
01/19/2016,TVC,MI,AGL,CE,Towers with Radar,15,14,19,0,48,0,0,42,4,46,15,14,61,4,94,170,0,170,264
01/20/2016,TVC,MI,AGL,CE,Towers with Radar,14,9,11,0,34,0,0,39,5,44,14,9,50,5,78,192,0,192,270
01/21/2016,TVC,MI,AGL,CE,Towers with Radar,14,9,9,0,32,0,4,56,9,69,14,13,65,9,101,148,52,200,301
01/22/2016,TVC,MI,AGL,CE,Towers with Radar,12,15,18,0,45,0,0,61,5,66,12,15,79,5,111,216,0,216,327
01/23/2016,TVC,MI,AGL,CE,Towers with Radar,15,11,32,0,58,0,0,67,2,69,15,11,99,2,127,168,2,170,297
01/24/2016,TVC,MI,AGL,CE,Towers with Radar,14,8,4,3,29,0,0,6,4,10,14,8,10,7,39,20,0,20,59
01/25/2016,TVC,MI,AGL,CE,Towers with Radar,14,6,3,0,23,0,0,18,12,30,14,6,21,12,53,102,30,132,185
01/26/2016,TVC,MI,AGL,CE,Towers with Radar,16,13,1,0,30,0,0,0,0,0,16,13,1,0,30,0,0,0,30
01/27/2016,TVC,MI,AGL,CE,Towers with Radar,17,17,30,0,64,0,0,44,9,53,17,17,74,9,117,56,0,56,173
01/28/2016,TVC,MI,AGL,CE,Towers with Radar,14,19,9,2,44,0,0,11,7,18,14,19,20,9,62,54,0,54,116
01/29/2016,TVC,MI,AGL,CE,Towers with Radar,19,16,25,1,61,0,2,75,6,83,19,18,100,7,144,170,0,170,314
01/30/2016,TVC,MI,AGL,CE,Towers with Radar,13,11,9,0,33,0,2,22,2,26,13,13,31,2,59,74,0,74,133
01/31/2016,TVC,MI,AGL,CE,Towers with Radar,14,10,3,0,27,0,0,19,1,20,14,10,22,1,47,28,0,28,75
02/01/2016,TVC,MI,AGL,CE,Towers with Radar,13,8,14,6,41,0,0,34,6,40,13,8,48,12,81,264,16,280,361
02/02/2016,TVC,MI,AGL,CE,Towers with Radar,10,10,18,0,38,0,3,40,6,49,10,13,58,6,87,58,12,70,157
02/03/2016,TVC,MI,AGL,CE,Towers with Radar,12,13,5,0,30,0,0,0,0,0,12,13,5,0,30,0,0,0,30
02/04/2016,TVC,MI,AGL,CE,Towers with Radar,14,11,15,0,40,0,2,54,9,65,14,13,69,9,105,208,0,208,313
02/05/2016,TVC,MI,AGL,CE,Towers with Radar,13,16,13,1,43,0,0,33,1,34,13,16,46,2,77,120,0,120,197
02/06/2016,TVC,MI,AGL,CE,Towers with Radar,14,8,6,0,28,0,0,5,3,8,14,8,11,3,36,13,32,45,81
02/07/2016,TVC,MI,AGL,CE,Towers with Radar,12,6,7,7,32,0,2,13,2,17,12,8,20,9,49,16,4,20,69
02/08/2016,TVC,MI,AGL,CE,Towers with Radar,14,9,35,5,63,0,2,67,6,75,14,11,102,11,138,170,50,220,358
02/09/2016,TVC,MI,AGL,CE,Towers with Radar,14,13,2,0,29,0,0,0,12,12,14,13,2,12,41,0,18,18,59
02/10/2016,TVC,MI,AGL,CE,Towers with Radar,13,10,3,0,26,0,0,2,0,2,13,10,5,0,28,4,0,4,32
02/11/2016,TVC,MI,AGL,CE,Towers with Radar,14,11,21,0,46,0,0,20,3,23,14,11,41,3,69,42,0,42,111
02/12/2016,TVC,MI,AGL,CE,Towers with Radar,14,13,12,0,39,0,0,4,2,6,14,13,16,2,45,12,10,22,67
02/13/2016,TVC,MI,AGL,CE,Towers with Radar,16,8,1,0,25,0,0,1,0,1,16,8,2,0,26,0,0,0,26
02/14/2016,TVC,MI,AGL,CE,Towers with Radar,13,8,8,0,29,0,1,32,1,34,13,9,40,1,63,20,0,20,83
02/15/2016,TVC,MI,AGL,CE,Towers with Radar,13,7,15,0,35,0,2,9,2,13,13,9,24,2,48,52,12,64,112
02/16/2016,TVC,MI,AGL,CE,Towers with Radar,10,11,12,0,33,0,0,11,12,23,10,11,23,12,56,66,40,106,162
02/17/2016,TVC,MI,AGL,CE,Towers with Radar,14,11,28,1,54,0,2,44,6,52,14,13,72,7,106,48,4,52,158
02/18/2016,TVC,MI,AGL,CE,Towers with Radar,15,13,46,4,78,0,2,80,10,92,15,15,126,14,170,84,6,90,260
02/19/2016,TVC,MI,AGL,CE,Towers with Radar,12,10,5,0,27,0,0,7,6,13,12,10,12,6,40,12,0,12,52
02/20/2016,TVC,MI,AGL,CE,Towers with Radar,16,13,11,0,40,0,0,36,2,38,16,13,47,2,78,70,0,70,148
02/21/2016,TVC,MI,AGL,CE,Towers with Radar,15,10,22,0,47,0,0,42,2,44,15,10,64,2,91,80,0,80,171
02/22/2016,TVC,MI,AGL,CE,Towers with Radar,14,9,25,9,57,0,0,50,5,55,14,9,75,14,112,68,16,84,196
02/23/2016,TVC,MI,AGL,CE,Towers with Radar,14,12,20,3,49,0,3,66,12,81,14,15,86,15,130,130,10,140,270
02/24/2016,TVC,MI,AGL,CE,Towers with Radar,7,14,11,10,42,0,1,21,7,29,7,15,32,17,71,18,30,48,119
02/25/2016,TVC,MI,AGL,CE,Towers with Radar,16,14,2,3,35,0,0,0,5,5,16,14,2,8,40,0,6,6,46
02/26/2016,TVC,MI,AGL,CE,Towers with Radar,14,9,31,0,54,0,0,52,4,56,14,9,83,4,110,136,2,138,248
02/27/2016,TVC,MI,AGL,CE,Towers with Radar,13,11,10,0,34,0,0,21,2,23,13,11,31,2,57,4,0,4,61
02/28/2016,TVC,MI,AGL,CE,Towers with Radar,15,13,5,0,33,0,0,31,4,35,15,13,36,4,68,56,4,60,128
02/29/2016,TVC,MI,AGL,CE,Towers with Radar,14,6,4,1,25,0,0,5,4,9,14,6,9,5,34,18,9,27,61
03/01/2016,TVC,MI,AGL,CE,Towers with Radar,11,11,4,1,27,0,0,1,1,2,11,11,5,2,29,2,0,2,31
03/02/2016,TVC,MI,AGL,CE,Towers with Radar,15,12,19,5,51,0,0,65,11,76,15,12,84,16,127,118,38,156,283
03/03/2016,TVC,MI,AGL,CE,Towers with Radar,12,13,26,0,51,0,1,83,4,88,12,14,109,4,139,136,0,136,275
03/04/2016,TVC,MI,AGL,CE,Towers with Radar,16,20,20,1,57,0,3,67,5,75,16,23,87,6,132,114,0,114,246
03/05/2016,TVC,MI,AGL,CE,Towers with Radar,14,12,1,0,27,0,0,11,4,15,14,12,12,4,42,22,2,24,66
03/06/2016,TVC,MI,AGL,CE,Towers with Radar,14,4,9,1,28,0,2,14,2,18,14,6,23,3,46,22,0,22,68
03/07/2016,TVC,MI,AGL,CE,Towers with Radar,16,6,29,0,51,0,0,101,4,105,16,6,130,4,156,138,0,138,294
03/08/2016,TVC,MI,AGL,CE,Towers with Radar,16,8,23,4,51,0,0,54,10,64,16,8,77,14,115,88,16,104,219
03/09/2016,TVC,MI,AGL,CE,Towers with Radar,14,9,28,2,53,0,0,5,0,5,14,9,33,2,58,24,0,24,82
03/10/2016,TVC,MI,AGL,CE,Towers with Radar,13,13,21,2,49,0,0,16,13,29,13,13,37,15,78,84,4,88,166
03/11/2016,TVC,MI,AGL,CE,Towers with Radar,15,9,27,2,53,0,1,91,8,100,15,10,118,10,153,164,0,164,317
03/12/2016,TVC,MI,AGL,CE,Towers with Radar,16,12,19,1,48,0,6,73,2,81,16,18,92,3,129,76,12,88,217
03/13/2016,TVC,MI,AGL,CE,Towers with Radar,13,2,13,10,38,0,3,31,3,37,13,5,44,13,75,30,2,32,107
03/14/2016,TVC,MI,AGL,CE,Towers with Radar,16,6,3,0,25,0,0,0,4,4,16,6,3,4,29,0,42,42,71
03/15/2016,TVC,MI,AGL,CE,Towers with Radar,16,8,26,1,51,0,6,53,8,67,16,14,79,9,118,180,0,180,298
03/16/2016,TVC,MI,AGL,CE,Towers with Radar,18,16,5,0,39,0,0,0,6,6,18,16,5,6,45,0,0,0,45
03/17/2016,TVC,MI,AGL,CE,Towers with Radar,15,18,9,1,43,0,2,20,11,33,15,20,29,12,76,22,0,22,98
03/18/2016,TVC,MI,AGL,CE,Towers with Radar,16,12,27,2,57,0,0,45,1,46,16,12,72,3,103,74,10,84,187
03/19/2016,TVC,MI,AGL,CE,Towers with Radar,15,14,49,5,83,0,8,86,2,96,15,22,135,7,179,124,6,130,309
03/20/2016,TVC,MI,AGL,CE,Towers with Radar,14,6,10,2,32,0,0,53,4,57,14,6,63,6,89,16,0,16,105
03/21/2016,TVC,MI,AGL,CE,Towers with Radar,15,12,24,13,64,0,1,50,10,61,15,13,74,23,125,105,10,115,240
03/22/2016,TVC,MI,AGL,CE,Towers with Radar,14,16,31,4,65,0,0,44,15,59,14,16,75,19,124,92,14,106,230
03/23/2016,TVC,MI,AGL,CE,Towers with Radar,15,10,21,0,46,0,0,35,4,39,15,10,56,4,85,124,20,144,229
03/24/2016,TVC,MI,AGL,CE,Towers with Radar,5,5,0,0,10,0,0,0,0,0,5,5,0,0,10,0,0,0,10
03/25/2016,TVC,MI,AGL,CE,Towers with Radar,17,17,16,9,59,0,8,52,7,67,17,25,68,16,126,60,0,60,186
03/26/2016,TVC,MI,AGL,CE,Towers with Radar,14,9,9,4,36,0,1,58,1,60,14,10,67,5,96,70,0,70,166
03/27/2016,TVC,MI,AGL,CE,Towers with Radar,14,3,7,0,24,0,2,4,2,8,14,5,11,2,32,0,0,0,32
03/28/2016,TVC,MI,AGL,CE,Towers with Radar,16,5,11,5,37,0,1,22,3,26,16,6,33,8,63,52,0,52,115
03/29/2016,TVC,MI,AGL,CE,Towers with Radar,16,9,39,8,72,0,0,106,18,124,16,9,145,26,196,234,14,248,444
03/30/2016,TVC,MI,AGL,CE,Towers with Radar,16,11,50,2,79,0,0,68,10,78,16,11,118,12,157,110,4,114,271
03/31/2016,TVC,MI,AGL,CE,Towers with Radar,9,7,2,0,18,0,0,0,0,0,9,7,2,0,18,0,0,0,18
04/01/2016,TVC,MI,AGL,CE,Towers with Radar,16,9,13,1,39,0,8,34,6,48,16,17,47,7,87,82,0,82,169
04/02/2016,TVC,MI,AGL,CE,Towers with Radar,13,9,4,0,26,0,0,0,0,0,13,9,4,0,26,0,0,0,26
04/03/2016,TVC,MI,AGL,CE,Towers with Radar,14,4,5,0,23,0,0,1,0,1,14,4,6,0,24,0,0,0,24
04/04/2016,TVC,MI,AGL,CE,Towers with Radar,14,11,29,0,54,0,1,33,17,51,14,12,62,17,105,68,12,80,185
04/05/2016,TVC,MI,AGL,CE,Towers with Radar,16,16,19,1,52,0,4,72,16,92,16,20,91,17,144,102,0,102,246
04/06/2016,TVC,MI,AGL,CE,Towers with Radar,16,8,4,0,28,0,0,1,3,4,16,8,5,3,32,32,26,58,90
04/07/2016,TVC,MI,AGL,CE,Towers with Radar,15,12,6,2,35,0,0,2,6,8,15,12,8,8,43,10,10,20,63
04/08/2016,TVC,MI,AGL,CE,Towers with Radar,15,13,42,2,72,0,2,65,8,75,15,15,107,10,147,106,0,106,253
04/09/2016,TVC,MI,AGL,CE,Towers with Radar,14,6,21,0,41,0,0,38,6,44,14,6,59,6,85,108,16,124,209
04/10/2016,TVC,MI,AGL,CE,Towers with Radar,14,3,4,3,24,0,0,0,9,9,14,3,4,12,33,0,12,12,45
04/11/2016,TVC,MI,AGL,CE,Towers with Radar,16,14,36,2,68,0,1,36,8,45,16,15,72,10,113,72,0,72,185
04/12/2016,TVC,MI,AGL,CE,Towers with Radar,16,20,27,8,71,0,2,63,15,80,16,22,90,23,151,144,32,176,327
04/13/2016,TVC,MI,AGL,CE,Towers with Radar,16,14,33,2,65,0,0,76,12,88,16,14,109,14,153,130,0,130,283
04/14/2016,TVC,MI,AGL,CE,Towers with Radar,15,14,30,1,60,0,2,79,10,91,15,16,109,11,151,112,4,116,267
04/15/2016,TVC,MI,AGL,CE,Towers with Radar,14,17,47,1,79,0,1,112,5,118,14,18,159,6,197,162,22,184,381
04/16/2016,TVC,MI,AGL,CE,Towers with Radar,13,8,31,0,52,0,3,87,5,95,13,11,118,5,147,94,24,118,265
04/17/2016,TVC,MI,AGL,CE,Towers with Radar,14,8,16,0,38,0,2,72,2,76,14,10,88,2,114,124,0,124,238
04/18/2016,TVC,MI,AGL,CE,Towers with Radar,13,10,33,2,58,0,3,85,9,97,13,13,118,11,155,98,0,98,253
04/19/2016,TVC,MI,AGL,CE,Towers with Radar,15,16,32,5,68,0,0,55,15,70,15,16,87,20,138,100,4,104,242
04/20/2016,TVC,MI,AGL,CE,Towers with Radar,14,17,18,1,50,0,2,74,7,83,14,19,92,8,133,136,14,150,283
04/21/2016,TVC,MI,AGL,CE,Towers with Radar,15,18,39,0,72,0,0,5,14,19,15,18,44,14,91,0,36,36,127
04/22/2016,TVC,MI,AGL,CE,Towers with Radar,15,17,27,4,63,0,0,29,7,36,15,17,56,11,99,78,0,78,177
04/23/2016,TVC,MI,AGL,CE,Towers with Radar,16,6,53,3,78,0,2,112,6,120,16,8,165,9,198,90,2,92,290
04/24/2016,TVC,MI,AGL,CE,Towers with Radar,14,9,29,0,52,0,0,23,2,25,14,9,52,2,77,36,0,36,113
04/25/2016,TVC,MI,AGL,CE,Towers with Radar,17,14,31,0,62,0,0,27,9,36,17,14,58,9,98,44,0,44,142
04/26/2016,TVC,MI,AGL,CE,Towers with Radar,15,12,14,3,44,0,0,13,9,22,15,12,27,12,66,46,26,72,138
04/27/2016,TVC,MI,AGL,CE,Towers with Radar,15,13,30,1,59,0,3,92,8,103,15,16,122,9,162,138,30,168,330
04/28/2016,TVC,MI,AGL,CE,Towers with Radar,15,13,32,0,60,0,2,47,9,58,15,15,79,9,118,96,2,98,216
04/29/2016,TVC,MI,AGL,CE,Towers with Radar,15,15,43,2,75,0,0,62,3,65,15,15,105,5,140,58,4,62,202
04/30/2016,TVC,MI,AGL,CE,Towers with Radar,14,12,19,2,47,0,0,65,3,68,14,12,84,5,115,99,22,121,236
05/01/2016,TVC,MI,AGL,CE,Towers with Radar,18,7,13,2,40,0,2,25,1,28,18,9,38,3,68,74,0,74,142
05/02/2016,TVC,MI,AGL,CE,Towers with Radar,17,7,27,1,52,0,4,57,14,75,17,11,84,15,127,130,0,130,257
05/03/2016,TVC,MI,AGL,CE,Towers with Radar,18,16,28,1,63,0,4,53,7,64,18,20,81,8,127,102,0,102,229
05/04/2016,TVC,MI,AGL,CE,Towers with Radar,17,20,10,3,50,0,0,1,2,3,17,20,11,5,53,2,2,4,57
05/05/2016,TVC,MI,AGL,CE,Towers with Radar,17,17,60,1,95,0,2,67,6,75,17,19,127,7,170,118,0,118,288
05/06/2016,TVC,MI,AGL,CE,Towers with Radar,20,14,41,2,77,0,3,98,2,103,20,17,139,4,180,158,2,160,340
05/07/2016,TVC,MI,AGL,CE,Towers with Radar,16,8,8,0,32,0,2,25,4,31,16,10,33,4,63,144,30,174,237
05/08/2016,TVC,MI,AGL,CE,Towers with Radar,17,11,10,0,38,0,6,35,8,49,17,17,45,8,87,58,6,64,151
05/09/2016,TVC,MI,AGL,CE,Towers with Radar,17,12,27,2,58,0,1,68,8,77,17,13,95,10,135,78,10,88,223
05/10/2016,TVC,MI,AGL,CE,Towers with Radar,19,22,18,0,59,0,0,28,4,32,19,22,46,4,91,34,0,34,125
05/11/2016,TVC,MI,AGL,CE,Towers with Radar,16,15,27,0,58,0,1,80,10,91,16,16,107,10,149,120,8,128,277
05/12/2016,TVC,MI,AGL,CE,Towers with Radar,19,19,25,0,63,0,0,28,9,37,19,19,53,9,100,56,8,64,164
05/13/2016,TVC,MI,AGL,CE,Towers with Radar,18,25,28,0,71,0,2,47,8,57,18,27,75,8,128,50,0,50,178
05/14/2016,TVC,MI,AGL,CE,Towers with Radar,16,15,5,0,36,0,1,16,3,20,16,16,21,3,56,36,0,36,92
05/15/2016,TVC,MI,AGL,CE,Towers with Radar,17,10,16,1,44,0,1,25,2,28,17,11,41,3,72,26,0,26,98
05/16/2016,TVC,MI,AGL,CE,Towers with Radar,19,12,43,9,83,0,2,67,24,93,19,14,110,33,176,98,2,100,276
05/17/2016,TVC,MI,AGL,CE,Towers with Radar,18,24,41,6,89,0,7,83,7,97,18,31,124,13,186,90,26,116,302
05/18/2016,TVC,MI,AGL,CE,Towers with Radar,17,17,34,0,68,0,4,76,8,88,17,21,110,8,156,108,0,108,264
05/19/2016,TVC,MI,AGL,CE,Towers with Radar,17,19,40,5,81,0,4,79,10,93,17,23,119,15,174,98,0,98,272
05/20/2016,TVC,MI,AGL,CE,Towers with Radar,17,21,41,6,85,0,2,110,3,115,17,23,151,9,200,86,0,86,286
05/21/2016,TVC,MI,AGL,CE,Towers with Radar,16,5,16,0,37,0,8,98,5,111,16,13,114,5,148,58,0,58,206
05/22/2016,TVC,MI,AGL,CE,Towers with Radar,17,11,18,0,46,0,2,41,5,48,17,13,59,5,94,18,4,22,116
05/23/2016,TVC,MI,AGL,CE,Towers with Radar,17,14,48,3,82,0,2,108,14,124,17,16,156,17,206,116,8,124,330
05/24/2016,TVC,MI,AGL,CE,Towers with Radar,19,18,35,2,74,0,1,46,11,58,19,19,81,13,132,56,0,56,188
05/25/2016,TVC,MI,AGL,CE,Towers with Radar,13,22,50,0,85,0,7,63,7,77,13,29,113,7,162,154,4,158,320
05/26/2016,TVC,MI,AGL,CE,Towers with Radar,17,28,45,7,97,0,4,29,7,40,17,32,74,14,137,28,10,38,175
05/27/2016,TVC,MI,AGL,CE,Towers with Radar,14,23,41,0,78,0,1,67,6,74,14,24,108,6,152,72,0,72,224
05/28/2016,TVC,MI,AGL,CE,Towers with Radar,15,10,17,0,42,0,2,41,4,47,15,12,58,4,89,34,0,34,123
05/29/2016,TVC,MI,AGL,CE,Towers with Radar,17,15,17,0,49,0,1,47,5,53,17,16,64,5,102,32,0,32,134
05/30/2016,TVC,MI,AGL,CE,Towers with Radar,18,11,55,0,84,0,3,79,6,88,18,14,134,6,172,94,8,102,274
05/31/2016,TVC,MI,AGL,CE,Towers with Radar,16,22,39,4,81,0,12,79,8,99,16,34,118,12,180,85,2,87,267
06/01/2016,TVC,MI,AGL,CE,Towers with Radar,16,25,31,5,77,0,0,56,12,68,16,25,87,17,145,144,14,158,303
06/02/2016,TVC,MI,AGL,CE,Towers with Radar,18,16,38,0,72,0,3,91,7,101,18,19,129,7,173,114,0,114,287
06/03/2016,TVC,MI,AGL,CE,Towers with Radar,19,16,38,3,76,0,0,90,8,98,19,16,128,11,174,132,0,132,306
06/04/2016,TVC,MI,AGL,CE,Towers with Radar,18,14,19,0,51,0,6,50,6,62,18,20,69,6,113,41,0,41,154
06/05/2016,TVC,MI,AGL,CE,Towers with Radar,19,15,23,9,66,0,1,4,1,6,19,16,27,10,72,6,0,6,78
06/06/2016,TVC,MI,AGL,CE,Towers with Radar,20,11,44,0,75,0,2,79,4,85,20,13,123,4,160,118,0,118,278
06/07/2016,TVC,MI,AGL,CE,Towers with Radar,21,23,21,1,66,0,2,21,13,36,21,25,42,14,102,58,12,70,172
06/08/2016,TVC,MI,AGL,CE,Towers with Radar,20,17,37,2,76,0,3,114,6,123,20,20,151,8,199,196,0,196,395
06/09/2016,TVC,MI,AGL,CE,Towers with Radar,24,20,32,3,79,0,5,111,12,128,24,25,143,15,207,154,4,158,365
06/10/2016,TVC,MI,AGL,CE,Towers with Radar,21,17,24,4,66,0,1,99,9,109,21,18,123,13,175,100,0,100,275
06/11/2016,TVC,MI,AGL,CE,Towers with Radar,28,19,6,0,53,0,5,37,9,51,28,24,43,9,104,38,0,38,142
06/12/2016,TVC,MI,AGL,CE,Towers with Radar,26,19,29,3,77,0,5,69,3,77,26,24,98,6,154,36,0,36,190
06/13/2016,TVC,MI,AGL,CE,Towers with Radar,22,21,47,1,91,0,3,88,5,96,22,24,135,6,187,158,6,164,351
06/14/2016,TVC,MI,AGL,CE,Towers with Radar,23,15,22,1,61,0,2,106,6,114,23,17,128,7,175,176,2,178,353
06/15/2016,TVC,MI,AGL,CE,Towers with Radar,21,21,14,0,56,0,0,14,3,17,21,21,28,3,73,104,26,130,203
06/16/2016,TVC,MI,AGL,CE,Towers with Radar,22,24,26,0,72,0,0,49,4,53,22,24,75,4,125,46,0,46,171
06/17/2016,TVC,MI,AGL,CE,Towers with Radar,23,20,40,0,83,0,7,134,4,145,23,27,174,4,228,174,22,196,424
06/18/2016,TVC,MI,AGL,CE,Towers with Radar,29,10,35,0,74,0,19,107,5,131,29,29,142,5,205,142,2,144,349
06/19/2016,TVC,MI,AGL,CE,Towers with Radar,29,14,26,1,70,0,11,62,2,75,29,25,88,3,145,58,0,58,203
06/20/2016,TVC,MI,AGL,CE,Towers with Radar,22,13,17,0,52,0,2,49,7,58,22,15,66,7,110,60,0,60,170
06/21/2016,TVC,MI,AGL,CE,Towers with Radar,24,29,46,2,101,0,0,111,14,125,24,29,157,16,226,114,4,118,344
06/22/2016,TVC,MI,AGL,CE,Towers with Radar,20,28,26,0,74,0,5,120,10,135,20,33,146,10,209,135,0,135,344
06/23/2016,TVC,MI,AGL,CE,Towers with Radar,21,42,44,3,110,0,9,130,8,147,21,51,174,11,257,154,6,160,417
06/24/2016,TVC,MI,AGL,CE,Towers with Radar,22,27,43,3,95,0,11,146,11,168,22,38,189,14,263,150,0,150,413
06/25/2016,TVC,MI,AGL,CE,Towers with Radar,31,27,9,0,67,0,2,89,3,94,31,29,98,3,161,52,0,52,213
06/26/2016,TVC,MI,AGL,CE,Towers with Radar,29,30,15,2,76,0,2,27,6,35,29,32,42,8,111,82,0,82,193
06/27/2016,TVC,MI,AGL,CE,Towers with Radar,22,19,51,0,92,0,4,105,6,115,22,23,156,6,207,168,0,168,375
06/28/2016,TVC,MI,AGL,CE,Towers with Radar,22,24,20,1,67,0,3,50,11,64,22,27,70,12,131,2,0,2,133
06/29/2016,TVC,MI,AGL,CE,Towers with Radar,23,25,36,6,90,0,0,142,14,156,23,25,178,20,246,172,2,174,420
06/30/2016,TVC,MI,AGL,CE,Towers with Radar,20,27,37,6,90,0,2,77,15,94,20,29,114,21,184,98,0,98,282
07/01/2016,TVC,MI,AGL,CE,Towers with Radar,32,33,34,1,100,0,5,51,20,76,32,38,85,21,176,28,4,32,208
07/02/2016,TVC,MI,AGL,CE,Towers with Radar,41,29,32,0,102,0,17,131,29,177,41,46,163,29,279,130,0,130,409
07/03/2016,TVC,MI,AGL,CE,Towers with Radar,28,6,34,0,68,0,4,113,22,139,28,10,147,22,207,32,0,32,239
07/04/2016,TVC,MI,AGL,CE,Towers with Radar,27,15,20,0,62,0,6,47,18,71,27,21,67,18,133,46,4,50,183
07/05/2016,TVC,MI,AGL,CE,Towers with Radar,36,22,48,4,110,0,2,136,11,149,36,24,184,15,259,216,0,216,475
07/06/2016,TVC,MI,AGL,CE,Towers with Radar,30,32,44,6,112,0,1,113,8,122,30,33,157,14,234,264,2,266,500
07/07/2016,TVC,MI,AGL,CE,Towers with Radar,34,34,53,8,129,0,18,100,1,119,34,52,153,9,248,154,12,166,414
07/08/2016,TVC,MI,AGL,CE,Towers with Radar,33,28,22,1,84,0,8,60,6,74,33,36,82,7,158,138,2,140,298
07/09/2016,TVC,MI,AGL,CE,Towers with Radar,47,19,19,4,89,0,6,63,5,74,47,25,82,9,163,120,0,120,283
07/10/2016,TVC,MI,AGL,CE,Towers with Radar,48,32,30,0,110,0,10,88,1,99,48,42,118,1,209,154,0,154,363
07/11/2016,TVC,MI,AGL,CE,Towers with Radar,33,21,50,0,104,0,10,109,6,125,33,31,159,6,229,200,0,200,429
07/12/2016,TVC,MI,AGL,CE,Towers with Radar,33,19,15,4,71,0,8,60,7,75,33,27,75,11,146,116,0,116,262
07/13/2016,TVC,MI,AGL,CE,Towers with Radar,31,27,24,0,82,0,6,94,15,115,31,33,118,15,197,128,4,132,329
07/14/2016,TVC,MI,AGL,CE,Towers with Radar,33,42,30,0,105,0,3,84,9,96,33,45,114,9,201,184,0,184,385
07/15/2016,TVC,MI,AGL,CE,Towers with Radar,32,37,45,1,115,0,7,45,8,60,32,44,90,9,175,240,0,240,415
07/16/2016,TVC,MI,AGL,CE,Towers with Radar,48,25,30,0,103,0,10,137,2,149,48,35,167,2,252,258,0,258,510
07/17/2016,TVC,MI,AGL,CE,Towers with Radar,48,38,42,0,128,0,5,34,3,42,48,43,76,3,170,34,12,46,216
07/18/2016,TVC,MI,AGL,CE,Towers with Radar,32,24,37,22,115,0,2,125,13,140,32,26,162,35,255,298,2,300,555
07/19/2016,TVC,MI,AGL,CE,Towers with Radar,30,34,26,8,98,0,5,118,9,132,30,39,144,17,230,244,4,248,478
07/20/2016,TVC,MI,AGL,CE,Towers with Radar,33,33,24,3,93,0,5,119,16,140,33,38,143,19,233,176,4,180,413
07/21/2016,TVC,MI,AGL,CE,Towers with Radar,30,27,39,0,96,0,1,86,6,93,30,28,125,6,189,140,16,156,345
07/22/2016,TVC,MI,AGL,CE,Towers with Radar,31,35,47,1,114,0,2,140,7,149,31,37,187,8,263,288,2,290,553
07/23/2016,TVC,MI,AGL,CE,Towers with Radar,46,14,33,0,93,0,9,108,6,123,46,23,141,6,216,232,0,232,448
07/24/2016,TVC,MI,AGL,CE,Towers with Radar,40,20,50,0,110,0,2,25,5,32,40,22,75,5,142,104,10,114,256
07/25/2016,TVC,MI,AGL,CE,Towers with Radar,29,25,18,0,72,0,8,117,9,134,29,33,135,9,206,216,0,216,422
07/26/2016,TVC,MI,AGL,CE,Towers with Radar,32,30,31,1,94,0,6,124,8,138,32,36,155,9,232,188,0,188,420
07/27/2016,TVC,MI,AGL,CE,Towers with Radar,31,25,33,3,92,0,9,120,15,144,31,34,153,18,236,178,0,178,414
07/28/2016,TVC,MI,AGL,CE,Towers with Radar,25,31,40,0,96,0,11,108,6,125,25,42,148,6,221,340,14,354,575
07/29/2016,TVC,MI,AGL,CE,Towers with Radar,22,35,43,3,103,0,4,126,9,139,22,39,169,12,242,198,4,202,444
07/30/2016,TVC,MI,AGL,CE,Towers with Radar,46,24,24,0,94,0,2,98,6,106,46,26,122,6,200,186,0,186,386
07/31/2016,TVC,MI,AGL,CE,Towers with Radar,46,36,37,3,122,0,3,69,3,75,46,39,106,6,197,98,16,114,311
08/01/2016,TVC,MI,AGL,CE,Towers with Radar,32,18,35,0,85,0,7,117,4,128,32,25,152,4,213,260,16,276,489
08/02/2016,TVC,MI,AGL,CE,Towers with Radar,30,25,18,1,74,0,8,99,12,119,30,33,117,13,193,112,0,112,305
08/03/2016,TVC,MI,AGL,CE,Towers with Radar,32,36,42,4,114,0,1,109,4,114,32,37,151,8,228,136,0,136,364
08/04/2016,TVC,MI,AGL,CE,Towers with Radar,31,32,40,0,103,0,3,135,4,142,31,35,175,4,245,180,0,180,425
08/05/2016,TVC,MI,AGL,CE,Towers with Radar,31,44,42,1,118,0,5,110,4,119,31,49,152,5,237,204,0,204,441
08/06/2016,TVC,MI,AGL,CE,Towers with Radar,50,27,23,1,101,0,12,104,5,121,50,39,127,6,222,36,0,36,258
08/07/2016,TVC,MI,AGL,CE,Towers with Radar,48,50,33,0,131,0,5,99,2,106,48,55,132,2,237,142,0,142,379
08/08/2016,TVC,MI,AGL,CE,Towers with Radar,28,19,39,0,86,0,3,103,7,113,28,22,142,7,199,144,0,144,343
08/09/2016,TVC,MI,AGL,CE,Towers with Radar,30,29,35,2,96,0,5,109,11,125,30,34,144,13,221,190,16,206,427
08/10/2016,TVC,MI,AGL,CE,Towers with Radar,34,22,28,0,84,0,1,93,10,104,34,23,121,10,188,160,14,174,362
08/11/2016,TVC,MI,AGL,CE,Towers with Radar,32,20,38,2,92,0,7,85,6,98,32,27,123,8,190,122,2,124,314
08/12/2016,TVC,MI,AGL,CE,Towers with Radar,30,25,30,0,85,0,3,7,2,12,30,28,37,2,97,14,0,14,111
08/13/2016,TVC,MI,AGL,CE,Towers with Radar,43,21,28,5,97,0,7,8,4,19,43,28,36,9,116,50,4,54,170
08/14/2016,TVC,MI,AGL,CE,Towers with Radar,47,37,33,0,117,0,10,91,3,104,47,47,124,3,221,194,0,194,415
08/15/2016,TVC,MI,AGL,CE,Towers with Radar,28,12,21,3,64,0,7,88,13,108,28,19,109,16,172,234,2,236,408
08/16/2016,TVC,MI,AGL,CE,Towers with Radar,25,24,38,1,88,0,3,96,15,114,25,27,134,16,202,176,6,182,384
08/17/2016,TVC,MI,AGL,CE,Towers with Radar,25,22,23,3,73,0,2,64,10,76,25,24,87,13,149,110,8,118,267
08/18/2016,TVC,MI,AGL,CE,Towers with Radar,21,39,40,2,102,0,8,100,10,118,21,47,140,12,220,144,2,146,366
08/19/2016,TVC,MI,AGL,CE,Towers with Radar,22,25,23,0,70,0,4,27,3,34,22,29,50,3,104,76,0,76,180
08/20/2016,TVC,MI,AGL,CE,Towers with Radar,26,23,9,0,58,0,5,3,7,15,26,28,12,7,73,20,0,20,93
08/21/2016,TVC,MI,AGL,CE,Towers with Radar,39,14,18,0,71,0,6,16,3,25,39,20,34,3,96,24,0,24,120
08/22/2016,TVC,MI,AGL,CE,Towers with Radar,23,18,35,1,77,0,0,108,11,119,23,18,143,12,196,214,0,214,410
08/23/2016,TVC,MI,AGL,CE,Towers with Radar,23,26,34,0,83,0,5,58,10,73,23,31,92,10,156,84,0,84,240
08/24/2016,TVC,MI,AGL,CE,Towers with Radar,22,23,15,0,60,0,2,14,2,18,22,25,29,2,78,68,4,72,150
08/25/2016,TVC,MI,AGL,CE,Towers with Radar,23,27,32,2,84,0,2,103,9,114,23,29,135,11,198,276,12,288,486
08/26/2016,TVC,MI,AGL,CE,Towers with Radar,24,29,35,14,102,0,5,110,7,122,24,34,145,21,224,160,32,192,416
08/27/2016,TVC,MI,AGL,CE,Towers with Radar,25,11,20,0,56,0,1,6,0,7,25,12,26,0,63,18,0,18,81
08/28/2016,TVC,MI,AGL,CE,Towers with Radar,25,13,33,0,71,0,1,44,3,48,25,14,77,3,119,78,0,78,197
08/29/2016,TVC,MI,AGL,CE,Towers with Radar,20,16,21,0,57,0,3,101,6,110,20,19,122,6,167,210,10,220,387
08/30/2016,TVC,MI,AGL,CE,Towers with Radar,23,23,18,1,65,0,4,77,5,86,23,27,95,6,151,164,0,164,315
08/31/2016,TVC,MI,AGL,CE,Towers with Radar,23,20,50,8,101,0,2,99,7,108,23,22,149,15,209,136,0,136,345
09/01/2016,TVC,MI,AGL,CE,Towers with Radar,23,30,13,1,67,0,7,78,7,92,23,37,91,8,159,152,2,154,313
09/02/2016,TVC,MI,AGL,CE,Towers with Radar,25,18,46,0,89,0,5,113,2,120,25,23,159,2,209,226,0,226,435
09/03/2016,TVC,MI,AGL,CE,Towers with Radar,19,21,19,0,59,0,7,108,13,128,19,28,127,13,187,92,0,92,279
09/04/2016,TVC,MI,AGL,CE,Towers with Radar,23,10,21,0,54,0,15,45,5,65,23,25,66,5,119,20,0,20,139
09/05/2016,TVC,MI,AGL,CE,Towers with Radar,23,20,34,1,78,0,15,62,3,80,23,35,96,4,158,44,0,44,202
09/06/2016,TVC,MI,AGL,CE,Towers with Radar,23,23,18,1,65,0,4,58,15,77,23,27,76,16,142,134,0,134,276
09/07/2016,TVC,MI,AGL,CE,Towers with Radar,20,32,11,1,64,0,6,28,8,42,20,38,39,9,106,40,22,62,168
09/08/2016,TVC,MI,AGL,CE,Towers with Radar,22,36,30,2,90,0,0,34,2,36,22,36,64,4,126,94,0,94,220
09/09/2016,TVC,MI,AGL,CE,Towers with Radar,22,31,25,4,82,0,6,110,7,123,22,37,135,11,205,200,2,202,407
09/10/2016,TVC,MI,AGL,CE,Towers with Radar,19,22,16,0,57,0,2,7,2,11,19,24,23,2,68,32,2,34,102
09/11/2016,TVC,MI,AGL,CE,Towers with Radar,22,18,28,5,73,0,4,81,11,96,22,22,109,16,169,84,0,84,253
09/12/2016,TVC,MI,AGL,CE,Towers with Radar,22,22,25,1,70,0,5,93,11,109,22,27,118,12,179,96,16,112,291
09/13/2016,TVC,MI,AGL,CE,Towers with Radar,21,19,14,2,56,0,0,1,6,7,21,19,15,8,63,4,26,30,93
09/14/2016,TVC,MI,AGL,CE,Towers with Radar,22,21,25,2,70,0,4,109,16,129,22,25,134,18,199,234,16,250,449
09/15/2016,TVC,MI,AGL,CE,Towers with Radar,26,29,38,2,95,0,5,116,16,137,26,34,154,18,232,208,2,210,442
09/16/2016,TVC,MI,AGL,CE,Towers with Radar,25,32,22,1,80,0,2,94,8,104,25,34,116,9,184,174,8,182,366
09/17/2016,TVC,MI,AGL,CE,Towers with Radar,19,14,23,1,57,0,8,31,4,43,19,22,54,5,100,56,0,56,156
09/18/2016,TVC,MI,AGL,CE,Towers with Radar,22,16,29,1,68,0,3,55,6,64,22,19,84,7,132,98,0,98,230
09/19/2016,TVC,MI,AGL,CE,Towers with Radar,22,26,20,0,68,0,0,49,3,52,22,26,69,3,120,48,14,62,182
09/20/2016,TVC,MI,AGL,CE,Towers with Radar,27,21,31,2,81,0,0,115,20,135,27,21,146,22,216,196,14,210,426
09/21/2016,TVC,MI,AGL,CE,Towers with Radar,19,16,22,0,57,0,3,67,11,81,19,19,89,11,138,142,28,170,308
09/22/2016,TVC,MI,AGL,CE,Towers with Radar,23,24,25,0,72,0,2,80,12,94,23,26,105,12,166,140,38,178,344
09/23/2016,TVC,MI,AGL,CE,Towers with Radar,28,20,23,0,71,0,5,35,8,48,28,25,58,8,119,190,12,202,321
09/24/2016,TVC,MI,AGL,CE,Towers with Radar,20,11,11,2,44,0,5,55,3,63,20,16,66,5,107,88,0,88,195
09/25/2016,TVC,MI,AGL,CE,Towers with Radar,21,14,17,0,52,0,5,42,0,47,21,19,59,0,99,50,0,50,149
09/26/2016,TVC,MI,AGL,CE,Towers with Radar,24,20,12,0,56,0,3,30,5,38,24,23,42,5,94,54,4,58,152
09/27/2016,TVC,MI,AGL,CE,Towers with Radar,22,14,8,0,44,0,0,29,9,38,22,14,37,9,82,100,8,108,190
09/28/2016,TVC,MI,AGL,CE,Towers with Radar,22,10,28,2,62,0,4,89,15,108,22,14,117,17,170,230,10,240,410
09/29/2016,TVC,MI,AGL,CE,Towers with Radar,23,18,29,0,70,0,4,87,9,100,23,22,116,9,170,162,10,172,342
09/30/2016,TVC,MI,AGL,CE,Towers with Radar,22,17,35,1,75,0,8,52,9,69,22,25,87,10,144,188,14,202,346
10/01/2016,TVC,MI,AGL,CE,Towers with Radar,21,33,18,0,72,0,3,5,0,8,21,36,23,0,80,34,0,34,114
10/02/2016,TVC,MI,AGL,CE,Towers with Radar,18,12,24,1,55,0,0,2,0,2,18,12,26,1,57,2,0,2,59
10/03/2016,TVC,MI,AGL,CE,Towers with Radar,18,9,37,0,64,0,2,56,6,64,18,11,93,6,128,200,12,212,340
10/04/2016,TVC,MI,AGL,CE,Towers with Radar,19,16,34,1,70,0,6,83,9,98,19,22,117,10,168,136,34,170,338
10/05/2016,TVC,MI,AGL,CE,Towers with Radar,17,16,19,0,52,0,2,51,2,55,17,18,70,2,107,90,0,90,197
10/06/2016,TVC,MI,AGL,CE,Towers with Radar,16,24,29,2,71,0,3,43,8,54,16,27,72,10,125,152,36,188,313
10/07/2016,TVC,MI,AGL,CE,Towers with Radar,16,32,23,0,71,0,1,37,2,40,16,33,60,2,111,60,0,60,171
10/08/2016,TVC,MI,AGL,CE,Towers with Radar,16,14,18,5,53,0,0,78,2,80,16,14,96,7,133,64,0,64,197
10/09/2016,TVC,MI,AGL,CE,Towers with Radar,16,20,19,10,65,0,7,51,5,63,16,27,70,15,128,38,22,60,188
10/10/2016,TVC,MI,AGL,CE,Towers with Radar,16,4,23,0,43,0,7,81,2,90,16,11,104,2,133,80,0,80,213
10/11/2016,TVC,MI,AGL,CE,Towers with Radar,16,19,34,1,70,0,1,96,8,105,16,20,130,9,175,198,0,198,373
10/12/2016,TVC,MI,AGL,CE,Towers with Radar,17,22,18,0,57,0,2,37,7,46,17,24,55,7,103,58,0,58,161
10/13/2016,TVC,MI,AGL,CE,Towers with Radar,20,22,44,0,86,0,10,62,6,78,20,32,106,6,164,198,0,198,362
10/14/2016,TVC,MI,AGL,CE,Towers with Radar,17,26,51,8,102,0,7,80,8,95,17,33,131,16,197,146,8,154,351
10/15/2016,TVC,MI,AGL,CE,Towers with Radar,16,14,26,0,56,0,0,3,2,5,16,14,29,2,61,0,0,0,61
10/16/2016,TVC,MI,AGL,CE,Towers with Radar,16,18,12,0,46,0,4,43,2,49,16,22,55,2,95,54,6,60,155
10/17/2016,TVC,MI,AGL,CE,Towers with Radar,17,6,13,2,38,0,0,0,5,5,17,6,13,7,43,0,36,36,79
10/18/2016,TVC,MI,AGL,CE,Towers with Radar,17,20,32,1,70,0,2,44,7,53,17,22,76,8,123,90,6,96,219
10/19/2016,TVC,MI,AGL,CE,Towers with Radar,16,23,34,2,75,0,5,116,5,126,16,28,150,7,201,236,4,240,441
10/20/2016,TVC,MI,AGL,CE,Towers with Radar,16,13,20,0,49,0,8,69,10,87,16,21,89,10,136,174,6,180,316
10/21/2016,TVC,MI,AGL,CE,Towers with Radar,16,19,19,0,54,0,7,48,8,63,16,26,67,8,117,136,12,148,265
10/22/2016,TVC,MI,AGL,CE,Towers with Radar,16,9,27,3,55,0,19,91,4,114,16,28,118,7,169,114,0,114,283
10/23/2016,TVC,MI,AGL,CE,Towers with Radar,16,9,16,0,41,0,0,80,1,81,16,9,96,1,122,116,0,116,238
10/24/2016,TVC,MI,AGL,CE,Towers with Radar,16,5,25,12,58,0,2,35,4,41,16,7,60,16,99,172,4,176,275
10/25/2016,TVC,MI,AGL,CE,Towers with Radar,17,16,32,3,68,0,5,53,12,70,17,21,85,15,138,162,10,172,310
10/26/2016,TVC,MI,AGL,CE,Towers with Radar,18,23,19,0,60,0,0,37,4,41,18,23,56,4,101,68,0,68,169
10/27/2016,TVC,MI,AGL,CE,Towers with Radar,16,15,13,2,46,0,0,36,7,43,16,15,49,9,89,102,12,114,203
10/28/2016,TVC,MI,AGL,CE,Towers with Radar,16,22,35,0,73,0,6,27,5,38,16,28,62,5,111,82,0,82,193
10/29/2016,TVC,MI,AGL,CE,Towers with Radar,16,11,28,8,63,0,6,13,2,21,16,17,41,10,84,18,0,18,102
10/30/2016,TVC,MI,AGL,CE,Towers with Radar,12,7,24,6,49,0,6,24,6,36,12,13,48,12,85,22,0,22,107
10/31/2016,TVC,MI,AGL,CE,Towers with Radar,11,10,36,2,59,0,6,80,2,88,11,16,116,4,147,112,0,112,259
11/01/2016,TVC,MI,AGL,CE,Towers with Radar,12,9,26,7,54,0,5,51,6,62,12,14,77,13,116,170,0,170,286
11/02/2016,TVC,MI,AGL,CE,Towers with Radar,11,13,36,13,73,0,2,83,11,96,11,15,119,24,169,160,30,190,359
11/03/2016,TVC,MI,AGL,CE,Towers with Radar,14,7,15,15,51,0,1,45,5,51,14,8,60,20,102,152,2,154,256
11/04/2016,TVC,MI,AGL,CE,Towers with Radar,12,11,27,15,65,0,6,78,16,100,12,17,105,31,165,170,8,178,343
11/05/2016,TVC,MI,AGL,CE,Towers with Radar,15,8,28,1,52,0,8,92,3,103,15,16,120,4,155,130,6,136,291
11/06/2016,TVC,MI,AGL,CE,Towers with Radar,12,3,25,10,50,0,0,80,1,81,12,3,105,11,131,112,6,118,249
11/07/2016,TVC,MI,AGL,CE,Towers with Radar,14,7,36,0,57,0,5,100,11,116,14,12,136,11,173,118,2,120,293
11/08/2016,TVC,MI,AGL,CE,Towers with Radar,10,6,9,3,28,0,1,14,7,22,10,7,23,10,50,44,2,46,96
11/09/2016,TVC,MI,AGL,CE,Towers with Radar,12,14,23,6,55,0,2,89,11,102,12,16,112,17,157,248,0,248,405
11/10/2016,TVC,MI,AGL,CE,Towers with Radar,12,11,10,2,35,0,2,21,1,24,12,13,31,3,59,18,0,18,77
11/11/2016,TVC,MI,AGL,CE,Towers with Radar,12,16,42,0,70,0,2,56,4,62,12,18,98,4,132,146,2,148,280
11/12/2016,TVC,MI,AGL,CE,Towers with Radar,16,10,9,6,41,0,7,59,3,69,16,17,68,9,110,122,8,130,240
11/13/2016,TVC,MI,AGL,CE,Towers with Radar,12,7,14,13,46,0,0,40,2,42,12,7,54,15,88,12,2,14,102
11/14/2016,TVC,MI,AGL,CE,Towers with Radar,12,11,42,1,66,0,0,59,4,63,12,11,101,5,129,144,6,150,279
11/15/2016,TVC,MI,AGL,CE,Towers with Radar,11,8,16,0,35,0,2,3,5,10,11,10,19,5,45,8,14,22,67
11/16/2016,TVC,MI,AGL,CE,Towers with Radar,12,9,35,1,57,0,0,73,8,81,12,9,108,9,138,206,0,206,344
11/17/2016,TVC,MI,AGL,CE,Towers with Radar,13,14,35,1,63,0,0,57,10,67,13,14,92,11,130,88,0,88,218
11/18/2016,TVC,MI,AGL,CE,Towers with Radar,10,14,28,6,58,0,0,52,7,59,10,14,80,13,117,142,14,156,273
11/19/2016,TVC,MI,AGL,CE,Towers with Radar,11,4,0,0,15,0,0,0,0,0,11,4,0,0,15,0,0,0,15
11/20/2016,TVC,MI,AGL,CE,Towers with Radar,17,7,16,1,41,0,2,6,3,11,17,9,22,4,52,18,2,20,72
11/21/2016,TVC,MI,AGL,CE,Towers with Radar,13,13,36,19,81,0,1,55,9,65,13,14,91,28,146,172,14,186,332
11/22/2016,TVC,MI,AGL,CE,Towers with Radar,12,15,60,5,92,0,2,79,11,92,12,17,139,16,184,224,0,224,408
11/23/2016,TVC,MI,AGL,CE,Towers with Radar,11,22,3,3,39,0,2,1,1,4,11,24,4,4,43,0,8,8,51
11/24/2016,TVC,MI,AGL,CE,Towers with Radar,8,2,0,0,10,0,0,0,2,2,8,2,0,2,12,0,0,0,12
11/25/2016,TVC,MI,AGL,CE,Towers with Radar,8,12,2,0,22,0,1,4,3,8,8,13,6,3,30,8,0,8,38
11/26/2016,TVC,MI,AGL,CE,Towers with Radar,12,16,7,0,35,0,2,8,2,12,12,18,15,2,47,12,0,12,59
11/27/2016,TVC,MI,AGL,CE,Towers with Radar,14,10,39,3,66,0,0,26,2,28,14,10,65,5,94,66,6,72,166
11/28/2016,TVC,MI,AGL,CE,Towers with Radar,14,5,0,0,19,0,0,4,5,9,14,5,4,5,28,40,80,120,148
11/29/2016,TVC,MI,AGL,CE,Towers with Radar,14,10,23,9,56,0,5,54,11,70,14,15,77,20,126,50,2,52,178
11/30/2016,TVC,MI,AGL,CE,Towers with Radar,12,18,37,3,70,0,3,51,10,64,12,21,88,13,134,126,8,134,268
12/01/2016,TVC,MI,AGL,CE,Towers with Radar,13,19,6,0,38,0,1,6,5,12,13,20,12,5,50,28,20,48,98
12/02/2016,TVC,MI,AGL,CE,Towers with Radar,15,13,10,0,38,0,2,14,8,24,15,15,24,8,62,28,6,34,96
12/03/2016,TVC,MI,AGL,CE,Towers with Radar,10,8,18,0,36,0,0,5,2,7,10,8,23,2,43,0,18,18,61
12/04/2016,TVC,MI,AGL,CE,Towers with Radar,7,2,8,0,17,0,0,14,2,16,7,2,22,2,33,26,0,26,59
12/05/2016,TVC,MI,AGL,CE,Towers with Radar,12,9,40,2,63,0,0,61,5,66,12,9,101,7,129,130,0,130,259
12/06/2016,TVC,MI,AGL,CE,Towers with Radar,12,10,32,7,61,0,0,69,14,83,12,10,101,21,144,196,6,202,346
12/07/2016,TVC,MI,AGL,CE,Towers with Radar,12,18,12,3,45,0,1,4,8,13,12,19,16,11,58,20,0,20,78
12/08/2016,TVC,MI,AGL,CE,Towers with Radar,12,15,0,0,27,0,0,0,0,0,12,15,0,0,27,0,0,0,27
12/09/2016,TVC,MI,AGL,CE,Towers with Radar,14,14,13,0,41,0,2,2,3,7,14,16,15,3,48,2,0,2,50
12/10/2016,TVC,MI,AGL,CE,Towers with Radar,9,6,1,0,16,0,0,0,0,0,9,6,1,0,16,0,0,0,16
12/11/2016,TVC,MI,AGL,CE,Towers with Radar,5,5,9,0,19,0,0,0,0,0,5,5,9,0,19,0,0,0,19
12/12/2016,TVC,MI,AGL,CE,Towers with Radar,12,12,11,2,37,0,0,19,8,27,12,12,30,10,64,64,22,86,150
12/13/2016,TVC,MI,AGL,CE,Towers with Radar,14,21,17,4,56,0,0,19,4,23,14,21,36,8,79,56,0,56,135
12/14/2016,TVC,MI,AGL,CE,Towers with Radar,12,20,2,0,34,0,0,0,0,0,12,20,2,0,34,0,0,0,34
12/15/2016,TVC,MI,AGL,CE,Towers with Radar,15,10,5,0,30,0,0,0,0,0,15,10,5,0,30,0,0,0,30
12/16/2016,TVC,MI,AGL,CE,Towers with Radar,12,14,3,0,29,0,3,6,0,9,12,17,9,0,38,12,0,12,50
12/17/2016,TVC,MI,AGL,CE,Towers with Radar,12,8,3,0,23,0,0,1,2,3,12,8,4,2,26,0,0,0,26
12/18/2016,TVC,MI,AGL,CE,Towers with Radar,18,2,3,0,23,0,0,2,0,2,18,2,5,0,25,0,0,0,25
12/19/2016,TVC,MI,AGL,CE,Towers with Radar,16,10,24,0,50,0,1,40,3,44,16,11,64,3,94,64,0,64,158
12/20/2016,TVC,MI,AGL,CE,Towers with Radar,16,23,3,2,44,0,3,7,4,14,16,26,10,6,58,8,14,22,80
12/21/2016,TVC,MI,AGL,CE,Towers with Radar,16,17,28,0,61,0,0,61,3,64,16,17,89,3,125,140,0,140,265
12/22/2016,TVC,MI,AGL,CE,Towers with Radar,17,24,29,0,70,0,0,59,6,65,17,24,88,6,135,72,6,78,213
12/23/2016,TVC,MI,AGL,CE,Towers with Radar,16,13,21,0,50,0,0,23,5,28,16,13,44,5,78,30,0,30,108
12/24/2016,TVC,MI,AGL,CE,Towers with Radar,19,10,2,0,31,0,1,9,1,11,19,11,11,1,42,26,0,26,68
12/25/2016,TVC,MI,AGL,CE,Towers with Radar,13,1,2,0,16,0,2,2,0,4,13,3,4,0,20,0,0,0,20
12/26/2016,TVC,MI,AGL,CE,Towers with Radar,16,8,5,3,32,0,2,6,1,9,16,10,11,4,41,4,0,4,45
12/27/2016,TVC,MI,AGL,CE,Towers with Radar,18,18,3,0,39,0,0,1,2,3,18,18,4,2,42,4,0,4,46
12/28/2016,TVC,MI,AGL,CE,Towers with Radar,16,15,20,0,51,0,5,34,2,41,16,20,54,2,92,52,0,52,144
12/29/2016,TVC,MI,AGL,CE,Towers with Radar,17,13,3,0,33,0,0,12,1,13,17,13,15,1,46,18,6,24,70
12/30/2016,TVC,MI,AGL,CE,Towers with Radar,17,12,16,0,45,0,1,15,1,17,17,13,31,1,62,44,8,52,114
12/31/2016,TVC,MI,AGL,CE,Towers with Radar,15,5,3,0,23,0,1,1,4,6,15,6,4,4,29,0,0,0,29
01/01/2017,TVC,MI,AGL,CE,Towers with Radar,17,8,14,0,39,0,1,32,0,33,17,9,46,0,72,26,0,26,98
01/02/2017,TVC,MI,AGL,CE,Towers with Radar,16,9,38,0,63,0,0,34,0,34,16,9,72,0,97,52,12,64,161
01/03/2017,TVC,MI,AGL,CE,Towers with Radar,17,9,9,1,36,0,0,0,0,0,17,9,9,1,36,0,0,0,36
01/04/2017,TVC,MI,AGL,CE,Towers with Radar,16,11,2,0,29,0,0,0,0,0,16,11,2,0,29,0,0,0,29
01/05/2017,TVC,MI,AGL,CE,Towers with Radar,17,18,7,9,51,0,0,2,7,9,17,18,9,16,60,0,16,16,76
01/06/2017,TVC,MI,AGL,CE,Towers with Radar,18,21,12,1,52,0,0,24,4,28,18,21,36,5,80,40,0,40,120
01/07/2017,TVC,MI,AGL,CE,Towers with Radar,11,9,5,1,26,0,0,0,0,0,11,9,5,1,26,0,14,14,40
01/08/2017,TVC,MI,AGL,CE,Towers with Radar,14,3,14,0,31,0,2,14,4,20,14,5,28,4,51,34,10,44,95
01/09/2017,TVC,MI,AGL,CE,Towers with Radar,14,7,2,0,23,0,0,6,8,14,14,7,8,8,37,4,28,32,69
01/10/2017,TVC,MI,AGL,CE,Towers with Radar,12,8,1,0,21,0,0,0,0,0,12,8,1,0,21,0,0,0,21
01/11/2017,TVC,MI,AGL,CE,Towers with Radar,13,16,11,0,40,0,3,12,2,17,13,19,23,2,57,38,0,38,95
01/12/2017,TVC,MI,AGL,CE,Towers with Radar,14,11,3,5,33,0,0,3,8,11,14,11,6,13,44,6,18,24,68
01/13/2017,TVC,MI,AGL,CE,Towers with Radar,12,15,14,0,41,0,2,29,1,32,12,17,43,1,73,74,28,102,175
01/14/2017,TVC,MI,AGL,CE,Towers with Radar,7,10,12,0,29,0,4,37,1,42,7,14,49,1,71,54,12,66,137
01/15/2017,TVC,MI,AGL,CE,Towers with Radar,13,0,31,1,45,0,1,49,3,53,13,1,80,4,98,46,10,56,154
01/16/2017,TVC,MI,AGL,CE,Towers with Radar,14,6,21,6,47,0,0,40,2,42,14,6,61,8,89,28,0,28,117
01/17/2017,TVC,MI,AGL,CE,Towers with Radar,15,8,0,1,24,0,0,0,1,1,15,8,0,2,25,0,2,2,27
01/18/2017,TVC,MI,AGL,CE,Towers with Radar,15,17,6,2,40,0,0,0,3,3,15,17,6,5,43,0,12,12,55
01/19/2017,TVC,MI,AGL,CE,Towers with Radar,16,11,15,0,42,0,0,0,0,0,16,11,15,0,42,0,0,0,42
01/20/2017,TVC,MI,AGL,CE,Towers with Radar,16,16,17,0,49,0,2,43,4,49,16,18,60,4,98,142,0,142,240
01/21/2017,TVC,MI,AGL,CE,Towers with Radar,12,9,11,1,33,0,0,0,0,0,12,9,11,1,33,0,0,0,33
01/22/2017,TVC,MI,AGL,CE,Towers with Radar,13,6,13,0,32,0,0,2,0,2,13,6,15,0,34,14,0,14,48
01/23/2017,TVC,MI,AGL,CE,Towers with Radar,13,7,8,0,28,0,0,0,0,0,13,7,8,0,28,0,0,0,28
01/24/2017,TVC,MI,AGL,CE,Towers with Radar,13,11,6,0,30,0,0,0,0,0,13,11,6,0,30,0,0,0,30
01/25/2017,TVC,MI,AGL,CE,Towers with Radar,14,10,3,0,27,0,0,0,0,0,14,10,3,0,27,0,0,0,27
01/26/2017,TVC,MI,AGL,CE,Towers with Radar,16,17,14,2,49,0,1,34,5,40,16,18,48,7,89,60,10,70,159
01/27/2017,TVC,MI,AGL,CE,Towers with Radar,13,17,26,1,57,0,0,32,3,35,13,17,58,4,92,86,0,86,178
01/28/2017,TVC,MI,AGL,CE,Towers with Radar,9,11,5,0,25,0,6,26,2,34,9,17,31,2,59,36,4,40,99
01/29/2017,TVC,MI,AGL,CE,Towers with Radar,15,2,8,0,25,0,0,4,2,6,15,2,12,2,31,10,0,10,41
01/30/2017,TVC,MI,AGL,CE,Towers with Radar,14,5,28,1,48,0,1,64,4,69,14,6,92,5,117,96,0,96,213
01/31/2017,TVC,MI,AGL,CE,Towers with Radar,13,8,7,0,28,0,0,0,0,0,13,8,7,0,28,0,0,0,28
02/01/2017,TVC,MI,AGL,CE,Towers with Radar,14,9,9,0,32,0,0,38,15,53,14,9,47,15,85,88,0,88,173
02/02/2017,TVC,MI,AGL,CE,Towers with Radar,14,13,5,5,37,0,2,15,8,25,14,15,20,13,62,16,18,34,96
02/03/2017,TVC,MI,AGL,CE,Towers with Radar,12,26,13,3,54,0,0,10,4,14,12,26,23,7,68,32,14,46,114
02/04/2017,TVC,MI,AGL,CE,Towers with Radar,10,11,21,2,44,0,0,62,5,67,10,11,83,7,111,100,0,100,211
02/05/2017,TVC,MI,AGL,CE,Towers with Radar,13,7,11,0,31,0,2,19,2,23,13,9,30,2,54,48,0,48,102
02/06/2017,TVC,MI,AGL,CE,Towers with Radar,14,10,30,4,58,0,0,67,9,76,14,10,97,13,134,136,8,144,278
02/07/2017,TVC,MI,AGL,CE,Towers with Radar,14,17,7,0,38,0,0,0,2,2,14,17,7,2,40,0,18,18,58
02/08/2017,TVC,MI,AGL,CE,Towers with Radar,14,13,21,0,48,0,0,42,12,54,14,13,63,12,102,98,26,124,226
02/09/2017,TVC,MI,AGL,CE,Towers with Radar,14,18,20,3,55,0,2,13,10,25,14,20,33,13,80,22,16,38,118
02/10/2017,TVC,MI,AGL,CE,Towers with Radar,12,17,48,0,77,0,0,45,2,47,12,17,93,2,124,84,0,84,208
02/11/2017,TVC,MI,AGL,CE,Towers with Radar,10,7,10,7,34,0,2,52,7,61,10,9,62,14,95,178,0,178,273
02/12/2017,TVC,MI,AGL,CE,Towers with Radar,13,0,4,0,17,0,0,0,0,0,13,0,4,0,17,0,0,0,17
02/13/2017,TVC,MI,AGL,CE,Towers with Radar,14,17,27,9,67,0,1,93,7,101,14,18,120,16,168,116,18,134,302
02/14/2017,TVC,MI,AGL,CE,Towers with Radar,12,23,10,2,47,0,2,62,11,75,12,25,72,13,122,136,8,144,266
02/15/2017,TVC,MI,AGL,CE,Towers with Radar,14,14,5,1,34,0,1,2,6,9,14,15,7,7,43,44,0,44,87
02/16/2017,TVC,MI,AGL,CE,Towers with Radar,14,12,27,6,59,0,4,53,9,66,14,16,80,15,125,174,18,192,317
02/17/2017,TVC,MI,AGL,CE,Towers with Radar,14,10,20,0,44,0,3,90,8,101,14,13,110,8,145,120,0,120,265
02/18/2017,TVC,MI,AGL,CE,Towers with Radar,9,10,44,3,66,0,3,108,13,124,9,13,152,16,190,116,0,116,306
02/19/2017,TVC,MI,AGL,CE,Towers with Radar,12,2,31,0,45,0,1,54,1,56,12,3,85,1,101,64,0,64,165
02/20/2017,TVC,MI,AGL,CE,Towers with Radar,15,10,31,9,65,0,2,63,1,66,15,12,94,10,131,100,8,108,239
02/21/2017,TVC,MI,AGL,CE,Towers with Radar,14,17,21,14,66,0,2,40,13,55,14,19,61,27,121,76,6,82,203
02/22/2017,TVC,MI,AGL,CE,Towers with Radar,14,10,27,1,52,0,1,58,7,66,14,11,85,8,118,104,0,104,222
02/23/2017,TVC,MI,AGL,CE,Towers with Radar,14,12,13,2,41,0,1,24,6,31,14,13,37,8,72,92,0,92,164
02/24/2017,TVC,MI,AGL,CE,Towers with Radar,18,10,3,0,31,0,0,0,0,0,18,10,3,0,31,0,0,0,31
02/25/2017,TVC,MI,AGL,CE,Towers with Radar,12,5,0,3,20,0,0,0,1,1,12,5,0,4,21,0,0,0,21
02/26/2017,TVC,MI,AGL,CE,Towers with Radar,15,5,7,0,27,0,0,13,2,15,15,5,20,2,42,40,0,40,82
02/27/2017,TVC,MI,AGL,CE,Towers with Radar,14,6,28,6,54,0,2,100,5,107,14,8,128,11,161,126,0,126,287
02/28/2017,TVC,MI,AGL,CE,Towers with Radar,16,11,10,0,37,0,0,9,3,12,16,11,19,3,49,16,44,60,109
03/01/2017,TVC,MI,AGL,CE,Towers with Radar,14,7,4,0,25,0,0,0,0,0,14,7,4,0,25,0,0,0,25
03/02/2017,TVC,MI,AGL,CE,Towers with Radar,14,16,15,4,49,0,0,22,11,33,14,16,37,15,82,50,0,50,132
03/03/2017,TVC,MI,AGL,CE,Towers with Radar,14,14,12,0,40,0,2,52,2,56,14,16,64,2,96,156,0,156,252
03/04/2017,TVC,MI,AGL,CE,Towers with Radar,9,9,17,8,43,0,0,70,8,78,9,9,87,16,121,104,2,106,227
03/05/2017,TVC,MI,AGL,CE,Towers with Radar,14,6,9,5,34,0,4,32,2,38,14,10,41,7,72,56,0,56,128
03/06/2017,TVC,MI,AGL,CE,Towers with Radar,14,5,10,6,35,0,0,10,6,16,14,5,20,12,51,56,22,78,129
03/07/2017,TVC,MI,AGL,CE,Towers with Radar,21,14,1,0,36,0,2,0,2,4,21,16,1,2,40,0,0,0,40
03/08/2017,TVC,MI,AGL,CE,Towers with Radar,16,5,2,0,23,0,0,0,2,2,16,5,2,2,25,0,0,0,25
03/09/2017,TVC,MI,AGL,CE,Towers with Radar,10,19,24,0,53,0,2,71,7,80,10,21,95,7,133,105,18,123,256
03/10/2017,TVC,MI,AGL,CE,Towers with Radar,14,13,11,0,38,0,2,5,3,10,14,15,16,3,48,16,0,16,64
03/11/2017,TVC,MI,AGL,CE,Towers with Radar,9,4,11,0,24,0,3,24,0,27,9,7,35,0,51,52,0,52,103
03/12/2017,TVC,MI,AGL,CE,Towers with Radar,13,7,16,0,36,0,1,26,1,28,13,8,42,1,64,88,0,88,152
03/13/2017,TVC,MI,AGL,CE,Towers with Radar,10,5,8,20,43,0,0,0,1,1,10,5,8,21,44,0,6,6,50
03/14/2017,TVC,MI,AGL,CE,Towers with Radar,10,10,55,12,87,0,4,70,5,79,10,14,125,17,166,107,0,107,273
03/15/2017,TVC,MI,AGL,CE,Towers with Radar,16,9,31,13,69,0,2,62,9,73,16,11,93,22,142,155,24,179,321
03/16/2017,TVC,MI,AGL,CE,Towers with Radar,16,12,39,0,67,0,0,80,12,92,16,12,119,12,159,228,8,236,395
03/17/2017,TVC,MI,AGL,CE,Towers with Radar,18,17,5,0,40,0,2,16,2,20,18,19,21,2,60,82,0,82,142
03/18/2017,TVC,MI,AGL,CE,Towers with Radar,12,6,1,2,21,0,0,0,0,0,12,6,1,2,21,0,0,0,21
03/19/2017,TVC,MI,AGL,CE,Towers with Radar,13,11,13,0,37,0,2,34,0,36,13,13,47,0,73,64,0,64,137
03/20/2017,TVC,MI,AGL,CE,Towers with Radar,16,2,12,4,34,0,1,56,5,62,16,3,68,9,96,92,6,98,194
03/21/2017,TVC,MI,AGL,CE,Towers with Radar,13,13,9,3,38,0,2,37,9,48,13,15,46,12,86,40,14,54,140
03/22/2017,TVC,MI,AGL,CE,Towers with Radar,16,14,36,2,68,0,3,76,8,87,16,17,112,10,155,200,6,206,361
03/23/2017,TVC,MI,AGL,CE,Towers with Radar,17,10,29,23,79,0,4,60,6,70,17,14,89,29,149,106,70,176,325
03/24/2017,TVC,MI,AGL,CE,Towers with Radar,17,16,6,5,44,0,0,2,6,8,17,16,8,11,52,20,14,34,86
03/25/2017,TVC,MI,AGL,CE,Towers with Radar,12,7,0,0,19,0,0,0,6,6,12,7,0,6,25,0,4,4,29
03/26/2017,TVC,MI,AGL,CE,Towers with Radar,18,4,5,0,27,0,0,4,2,6,18,4,9,2,33,6,0,6,39
03/27/2017,TVC,MI,AGL,CE,Towers with Radar,15,6,6,3,30,0,0,0,1,1,15,6,6,4,31,0,34,34,65
03/28/2017,TVC,MI,AGL,CE,Towers with Radar,14,18,26,10,68,0,1,34,5,40,14,19,60,15,108,112,6,118,226
03/29/2017,TVC,MI,AGL,CE,Towers with Radar,17,10,15,1,43,0,3,53,8,64,17,13,68,9,107,98,22,120,227
03/30/2017,TVC,MI,AGL,CE,Towers with Radar,16,4,1,0,21,0,0,15,0,15,16,4,16,0,36,86,0,86,122
03/31/2017,TVC,MI,AGL,CE,Towers with Radar,18,18,6,0,42,0,2,4,10,16,18,20,10,10,58,50,0,50,108
04/01/2017,TVC,MI,AGL,CE,Towers with Radar,12,7,22,4,45,0,0,67,4,71,12,7,89,8,116,108,16,124,240
04/02/2017,TVC,MI,AGL,CE,Towers with Radar,14,4,12,4,34,0,1,56,4,61,14,5,68,8,95,72,0,72,167
04/03/2017,TVC,MI,AGL,CE,Towers with Radar,15,7,16,1,39,0,1,58,5,64,15,8,74,6,103,164,60,224,327
04/04/2017,TVC,MI,AGL,CE,Towers with Radar,17,15,16,1,49,0,0,13,5,18,17,15,29,6,67,48,4,52,119
04/05/2017,TVC,MI,AGL,CE,Towers with Radar,14,11,30,8,63,0,1,72,6,79,14,12,102,14,142,139,4,143,285
04/06/2017,TVC,MI,AGL,CE,Towers with Radar,18,9,3,10,40,0,0,4,9,13,18,9,7,19,53,10,46,56,109
04/07/2017,TVC,MI,AGL,CE,Towers with Radar,15,9,14,6,44,0,8,49,4,61,15,17,63,10,105,110,8,118,223
04/08/2017,TVC,MI,AGL,CE,Towers with Radar,13,8,24,3,48,0,3,95,4,102,13,11,119,7,150,164,8,172,322
04/09/2017,TVC,MI,AGL,CE,Towers with Radar,15,1,19,0,35,0,2,36,6,44,15,3,55,6,79,70,0,70,149
04/10/2017,TVC,MI,AGL,CE,Towers with Radar,15,12,10,0,37,0,0,2,0,2,15,12,12,0,39,2,0,2,41
04/11/2017,TVC,MI,AGL,CE,Towers with Radar,14,16,3,5,38,0,4,3,6,13,14,20,6,11,51,32,26,58,109
04/12/2017,TVC,MI,AGL,CE,Towers with Radar,15,14,33,0,62,0,5,88,7,100,15,19,121,7,162,206,0,206,368
04/13/2017,TVC,MI,AGL,CE,Towers with Radar,14,17,37,3,71,0,3,70,6,79,14,20,107,9,150,124,12,136,286
04/14/2017,TVC,MI,AGL,CE,Towers with Radar,15,12,40,2,69,0,4,89,2,95,15,16,129,4,164,162,0,162,326
04/15/2017,TVC,MI,AGL,CE,Towers with Radar,11,10,5,0,26,0,3,11,0,14,11,13,16,0,40,24,10,34,74
04/16/2017,TVC,MI,AGL,CE,Towers with Radar,15,5,13,8,41,0,1,20,3,24,15,6,33,11,65,28,2,30,95
04/17/2017,TVC,MI,AGL,CE,Towers with Radar,14,2,23,3,42,0,0,35,2,37,14,2,58,5,79,40,8,48,127
04/18/2017,TVC,MI,AGL,CE,Towers with Radar,15,10,40,0,65,0,7,72,8,87,15,17,112,8,152,132,0,132,284
04/19/2017,TVC,MI,AGL,CE,Towers with Radar,14,11,37,1,63,0,0,18,6,24,14,11,55,7,87,116,0,116,203
04/20/2017,TVC,MI,AGL,CE,Towers with Radar,22,24,13,0,59,0,0,2,1,3,22,24,15,1,62,4,2,6,68
04/21/2017,TVC,MI,AGL,CE,Towers with Radar,16,14,22,0,52,0,0,58,4,62,16,14,80,4,114,100,0,100,214
04/22/2017,TVC,MI,AGL,CE,Towers with Radar,12,15,38,3,68,0,11,114,2,127,12,26,152,5,195,264,0,264,459
04/23/2017,TVC,MI,AGL,CE,Towers with Radar,15,2,26,0,43,0,2,84,2,88,15,4,110,2,131,142,10,152,283
04/24/2017,TVC,MI,AGL,CE,Towers with Radar,15,8,35,13,71,0,4,100,10,114,15,12,135,23,185,126,24,150,335
04/25/2017,TVC,MI,AGL,CE,Towers with Radar,15,10,23,5,53,0,2,68,7,77,15,12,91,12,130,173,2,175,305
04/26/2017,TVC,MI,AGL,CE,Towers with Radar,15,18,21,7,61,0,2,27,12,41,15,20,48,19,102,90,6,96,198
04/27/2017,TVC,MI,AGL,CE,Towers with Radar,20,17,13,0,50,0,2,6,9,17,20,19,19,9,67,8,0,8,75
04/28/2017,TVC,MI,AGL,CE,Towers with Radar,15,17,51,1,84,0,1,42,3,46,15,18,93,4,130,114,0,114,244
04/29/2017,TVC,MI,AGL,CE,Towers with Radar,12,12,39,3,66,0,3,72,6,81,12,15,111,9,147,152,0,152,299
04/30/2017,TVC,MI,AGL,CE,Towers with Radar,17,9,12,0,38,0,0,1,1,2,17,9,13,1,40,0,0,0,40
05/01/2017,TVC,MI,AGL,CE,Towers with Radar,17,10,22,12,61,0,0,7,6,13,17,10,29,18,74,24,28,52,126
05/02/2017,TVC,MI,AGL,CE,Towers with Radar,19,10,9,1,39,0,0,3,2,5,19,10,12,3,44,0,0,0,44
05/03/2017,TVC,MI,AGL,CE,Towers with Radar,17,12,30,12,71,0,8,95,10,113,17,20,125,22,184,116,14,130,314
05/04/2017,TVC,MI,AGL,CE,Towers with Radar,17,23,48,15,103,0,3,96,5,104,17,26,144,20,207,174,8,182,389
05/05/2017,TVC,MI,AGL,CE,Towers with Radar,18,17,34,5,74,0,1,47,4,52,18,18,81,9,126,88,12,100,226
05/06/2017,TVC,MI,AGL,CE,Towers with Radar,12,6,14,0,32,0,5,35,3,43,12,11,49,3,75,34,14,48,123
05/07/2017,TVC,MI,AGL,CE,Towers with Radar,17,7,22,1,47,0,0,48,3,51,17,7,70,4,98,26,0,26,124
05/08/2017,TVC,MI,AGL,CE,Towers with Radar,17,9,29,6,61,0,6,100,12,118,17,15,129,18,179,96,2,98,277
05/09/2017,TVC,MI,AGL,CE,Towers with Radar,17,9,30,0,56,0,5,78,8,91,17,14,108,8,147,192,0,192,339
05/10/2017,TVC,MI,AGL,CE,Towers with Radar,16,8,28,1,53,0,0,92,14,106,16,8,120,15,159,165,0,165,324
05/11/2017,TVC,MI,AGL,CE,Towers with Radar,17,12,37,0,66,0,5,90,5,100,17,17,127,5,166,108,0,108,274
05/12/2017,TVC,MI,AGL,CE,Towers with Radar,17,22,46,0,85,0,2,76,7,85,17,24,122,7,170,162,16,178,348
05/13/2017,TVC,MI,AGL,CE,Towers with Radar,12,15,25,0,52,0,6,44,4,54,12,21,69,4,106,46,4,50,156
05/14/2017,TVC,MI,AGL,CE,Towers with Radar,14,1,12,0,27,0,6,38,2,46,14,7,50,2,73,40,0,40,113
05/15/2017,TVC,MI,AGL,CE,Towers with Radar,17,13,14,4,48,0,6,86,9,101,17,19,100,13,149,204,6,210,359
05/16/2017,TVC,MI,AGL,CE,Towers with Radar,19,19,43,2,83,0,5,76,16,97,19,24,119,18,180,161,0,161,341
05/17/2017,TVC,MI,AGL,CE,Towers with Radar,17,19,28,1,65,0,4,49,10,63,17,23,77,11,128,76,0,76,204
05/18/2017,TVC,MI,AGL,CE,Towers with Radar,18,21,12,0,51,0,4,4,5,13,18,25,16,5,64,26,0,26,90
05/19/2017,TVC,MI,AGL,CE,Towers with Radar,17,13,43,0,73,0,7,79,2,88,17,20,122,2,161,138,0,138,299
05/20/2017,TVC,MI,AGL,CE,Towers with Radar,12,8,15,0,35,0,2,35,2,39,12,10,50,2,74,68,2,70,144
05/21/2017,TVC,MI,AGL,CE,Towers with Radar,19,6,15,0,40,0,2,12,4,18,19,8,27,4,58,16,0,16,74
05/22/2017,TVC,MI,AGL,CE,Towers with Radar,17,6,20,1,44,0,4,41,13,58,17,10,61,14,102,96,0,96,198
05/23/2017,TVC,MI,AGL,CE,Towers with Radar,17,18,38,1,74,0,1,60,8,69,17,19,98,9,143,144,0,144,287
05/24/2017,TVC,MI,AGL,CE,Towers with Radar,19,20,10,0,49,0,2,21,4,27,19,22,31,4,76,78,0,78,154
05/25/2017,TVC,MI,AGL,CE,Towers with Radar,20,27,32,4,83,0,4,19,14,37,20,31,51,18,120,70,34,104,224
05/26/2017,TVC,MI,AGL,CE,Towers with Radar,17,33,44,1,95,0,6,120,16,142,17,39,164,17,237,188,50,238,475
05/27/2017,TVC,MI,AGL,CE,Towers with Radar,14,9,22,0,45,0,11,113,7,131,14,20,135,7,176,76,4,80,256
05/28/2017,TVC,MI,AGL,CE,Towers with Radar,21,4,11,0,36,0,3,14,1,18,21,7,25,1,54,24,0,24,78
05/29/2017,TVC,MI,AGL,CE,Towers with Radar,17,8,26,0,51,0,2,68,0,70,17,10,94,0,121,92,0,92,213
05/30/2017,TVC,MI,AGL,CE,Towers with Radar,19,20,27,1,67,0,1,66,8,75,19,21,93,9,142,88,2,90,232
05/31/2017,TVC,MI,AGL,CE,Towers with Radar,17,19,28,4,68,0,7,48,7,62,17,26,76,11,130,112,4,116,246
06/01/2017,TVC,MI,AGL,CE,Towers with Radar,16,20,32,2,70,0,6,67,7,80,16,26,99,9,150,88,2,90,240
06/02/2017,TVC,MI,AGL,CE,Towers with Radar,21,16,27,2,66,0,8,99,2,109,21,24,126,4,175,126,4,130,305
06/03/2017,TVC,MI,AGL,CE,Towers with Radar,19,12,13,2,46,0,3,74,5,82,19,15,87,7,128,72,20,92,220
06/04/2017,TVC,MI,AGL,CE,Towers with Radar,21,15,25,0,61,0,5,48,2,55,21,20,73,2,116,80,0,80,196
06/05/2017,TVC,MI,AGL,CE,Towers with Radar,21,10,31,8,70,0,3,74,10,87,21,13,105,18,157,172,4,176,333
06/06/2017,TVC,MI,AGL,CE,Towers with Radar,23,15,35,0,73,0,10,97,10,117,23,25,132,10,190,110,2,112,302
06/07/2017,TVC,MI,AGL,CE,Towers with Radar,21,15,24,3,63,0,11,100,8,119,21,26,124,11,182,124,10,134,316
06/08/2017,TVC,MI,AGL,CE,Towers with Radar,22,17,39,1,79,0,11,60,13,84,22,28,99,14,163,152,6,158,321
06/09/2017,TVC,MI,AGL,CE,Towers with Radar,23,15,25,2,65,0,7,88,8,103,23,22,113,10,168,124,6,130,298
06/10/2017,TVC,MI,AGL,CE,Towers with Radar,30,15,6,3,54,0,7,42,19,68,30,22,48,22,122,16,22,38,160
06/11/2017,TVC,MI,AGL,CE,Towers with Radar,25,13,24,0,62,0,3,53,8,64,25,16,77,8,126,48,0,48,174
06/12/2017,TVC,MI,AGL,CE,Towers with Radar,25,18,19,0,62,0,5,61,15,81,25,23,80,15,143,128,32,160,303
06/13/2017,TVC,MI,AGL,CE,Towers with Radar,22,15,23,1,61,0,7,95,14,116,22,22,118,15,177,178,0,178,355
06/14/2017,TVC,MI,AGL,CE,Towers with Radar,21,19,20,0,60,0,6,50,4,60,21,25,70,4,120,98,18,116,236
06/15/2017,TVC,MI,AGL,CE,Towers with Radar,25,17,32,1,75,0,4,51,7,62,25,21,83,8,137,90,0,90,227
06/16/2017,TVC,MI,AGL,CE,Towers with Radar,23,21,36,0,80,0,3,79,5,87,23,24,115,5,167,82,0,82,249
06/17/2017,TVC,MI,AGL,CE,Towers with Radar,35,15,15,0,65,0,5,39,2,46,35,20,54,2,111,32,0,32,143
06/18/2017,TVC,MI,AGL,CE,Towers with Radar,32,21,16,0,69,0,5,9,2,16,32,26,25,2,85,4,0,4,89
06/19/2017,TVC,MI,AGL,CE,Towers with Radar,22,7,35,0,64,0,5,87,6,98,22,12,122,6,162,200,0,200,362
06/20/2017,TVC,MI,AGL,CE,Towers with Radar,25,22,36,1,84,0,3,105,5,113,25,25,141,6,197,90,0,90,287
06/21/2017,TVC,MI,AGL,CE,Towers with Radar,24,27,18,0,69,0,3,145,9,157,24,30,163,9,226,134,8,142,368
06/22/2017,TVC,MI,AGL,CE,Towers with Radar,23,26,32,0,81,0,0,48,1,49,23,26,80,1,130,72,8,80,210
06/23/2017,TVC,MI,AGL,CE,Towers with Radar,26,30,51,3,110,0,8,109,6,123,26,38,160,9,233,98,6,104,337
06/24/2017,TVC,MI,AGL,CE,Towers with Radar,36,29,21,0,86,0,10,84,6,100,36,39,105,6,186,72,0,72,258
06/25/2017,TVC,MI,AGL,CE,Towers with Radar,33,16,30,1,80,0,1,28,1,30,33,17,58,2,110,44,0,44,154
06/26/2017,TVC,MI,AGL,CE,Towers with Radar,22,16,42,1,81,0,0,48,4,52,22,16,90,5,133,112,0,112,245
06/27/2017,TVC,MI,AGL,CE,Towers with Radar,23,28,25,1,77,0,13,87,12,112,23,41,112,13,189,98,16,114,303
06/28/2017,TVC,MI,AGL,CE,Towers with Radar,25,33,11,0,69,0,4,51,12,67,25,37,62,12,136,28,2,30,166
06/29/2017,TVC,MI,AGL,CE,Towers with Radar,27,27,37,4,95,0,5,75,15,95,27,32,112,19,190,140,6,146,336
06/30/2017,TVC,MI,AGL,CE,Towers with Radar,22,39,27,2,90,0,3,92,34,129,22,42,119,36,219,106,0,106,325
07/01/2017,TVC,MI,AGL,CE,Towers with Radar,53,44,34,0,131,0,5,76,32,113,53,49,110,32,244,114,0,114,358
07/02/2017,TVC,MI,AGL,CE,Towers with Radar,43,19,24,1,87,0,3,61,30,94,43,22,85,31,181,30,0,30,211
07/03/2017,TVC,MI,AGL,CE,Towers with Radar,33,19,21,3,76,0,3,142,2,147,33,22,163,5,223,138,14,152,375
07/04/2017,TVC,MI,AGL,CE,Towers with Radar,31,17,16,1,65,0,3,74,5,82,31,20,90,6,147,26,2,28,175
07/05/2017,TVC,MI,AGL,CE,Towers with Radar,40,29,29,0,98,0,13,117,6,136,40,42,146,6,234,80,12,92,326
07/06/2017,TVC,MI,AGL,CE,Towers with Radar,40,27,43,0,110,0,8,81,18,107,40,35,124,18,217,80,0,80,297
07/07/2017,TVC,MI,AGL,CE,Towers with Radar,40,31,40,4,115,0,9,76,7,92,40,40,116,11,207,112,2,114,321
07/08/2017,TVC,MI,AGL,CE,Towers with Radar,53,19,44,0,116,0,8,106,6,120,53,27,150,6,236,86,0,86,322
07/09/2017,TVC,MI,AGL,CE,Towers with Radar,49,32,39,1,121,0,0,49,1,50,49,32,88,2,171,68,0,68,239
07/10/2017,TVC,MI,AGL,CE,Towers with Radar,35,12,25,5,77,0,3,76,0,79,35,15,101,5,156,114,0,114,270
07/11/2017,TVC,MI,AGL,CE,Towers with Radar,32,19,57,2,110,0,19,95,14,128,32,38,152,16,238,108,0,108,346
07/12/2017,TVC,MI,AGL,CE,Towers with Radar,29,22,21,0,72,0,5,28,5,38,29,27,49,5,110,106,8,114,224
07/13/2017,TVC,MI,AGL,CE,Towers with Radar,35,46,51,5,137,0,0,0,0,0,35,46,51,5,137,0,0,0,137
07/14/2017,TVC,MI,AGL,CE,Towers with Radar,35,50,57,2,144,0,2,27,5,34,35,52,84,7,178,66,0,66,244
07/15/2017,TVC,MI,AGL,CE,Towers with Radar,48,37,45,0,130,0,7,74,3,84,48,44,119,3,214,72,0,72,286
07/16/2017,TVC,MI,AGL,CE,Towers with Radar,46,21,45,3,115,0,1,20,2,23,46,22,65,5,138,32,0,32,170
07/17/2017,TVC,MI,AGL,CE,Towers with Radar,36,13,24,11,84,0,4,126,9,139,36,17,150,20,223,206,16,222,445
07/18/2017,TVC,MI,AGL,CE,Towers with Radar,34,22,40,0,96,0,10,102,2,114,34,32,142,2,210,98,0,98,308
07/19/2017,TVC,MI,AGL,CE,Towers with Radar,33,28,36,5,102,0,3,104,7,114,33,31,140,12,216,194,0,194,410
07/20/2017,TVC,MI,AGL,CE,Towers with Radar,34,28,29,1,92,0,8,75,6,89,34,36,104,7,181,80,0,80,261
07/21/2017,TVC,MI,AGL,CE,Towers with Radar,27,23,34,1,85,0,11,135,4,150,27,34,169,5,235,150,0,150,385
07/22/2017,TVC,MI,AGL,CE,Towers with Radar,48,15,33,0,96,0,3,65,3,71,48,18,98,3,167,100,18,118,285
07/23/2017,TVC,MI,AGL,CE,Towers with Radar,45,24,47,0,116,0,2,38,2,42,45,26,85,2,158,60,48,108,266
07/24/2017,TVC,MI,AGL,CE,Towers with Radar,35,19,38,3,95,0,2,112,5,119,35,21,150,8,214,202,16,218,432
07/25/2017,TVC,MI,AGL,CE,Towers with Radar,34,30,33,1,98,0,5,108,8,121,34,35,141,9,219,154,0,154,373
07/26/2017,TVC,MI,AGL,CE,Towers with Radar,34,22,32,0,88,0,0,55,4,59,34,22,87,4,147,80,0,80,227
07/27/2017,TVC,MI,AGL,CE,Towers with Radar,37,25,62,0,124,0,1,99,9,109,37,26,161,9,233,114,0,114,347
07/28/2017,TVC,MI,AGL,CE,Towers with Radar,34,43,52,0,129,0,17,125,5,147,34,60,177,5,276,210,0,210,486
07/29/2017,TVC,MI,AGL,CE,Towers with Radar,56,27,32,1,116,0,8,78,2,88,56,35,110,3,204,78,0,78,282
07/30/2017,TVC,MI,AGL,CE,Towers with Radar,46,20,37,1,104,0,4,95,1,100,46,24,132,2,204,94,0,94,298
07/31/2017,TVC,MI,AGL,CE,Towers with Radar,35,27,33,2,97,0,3,97,12,112,35,30,130,14,209,84,12,96,305
08/01/2017,TVC,MI,AGL,CE,Towers with Radar,34,31,30,0,95,0,6,105,7,118,34,37,135,7,213,90,4,94,307
08/02/2017,TVC,MI,AGL,CE,Towers with Radar,33,32,34,4,103,0,9,89,14,112,33,41,123,18,215,142,14,156,371
08/03/2017,TVC,MI,AGL,CE,Towers with Radar,29,26,32,0,87,0,0,16,5,21,29,26,48,5,108,8,0,8,116
08/04/2017,TVC,MI,AGL,CE,Towers with Radar,34,29,22,6,91,0,1,16,3,20,34,30,38,9,111,52,0,52,163
08/05/2017,TVC,MI,AGL,CE,Towers with Radar,48,26,27,1,102,0,15,109,9,133,48,41,136,10,235,98,6,104,339
08/06/2017,TVC,MI,AGL,CE,Towers with Radar,43,34,45,0,122,0,3,52,9,64,43,37,97,9,186,76,16,92,278
08/07/2017,TVC,MI,AGL,CE,Towers with Radar,34,22,35,1,92,0,5,98,4,107,34,27,133,5,199,68,6,74,273
08/08/2017,TVC,MI,AGL,CE,Towers with Radar,32,21,53,4,110,0,4,148,6,158,32,25,201,10,268,120,0,120,388
08/09/2017,TVC,MI,AGL,CE,Towers with Radar,33,28,37,2,100,0,6,105,6,117,33,34,142,8,217,136,0,136,353
08/10/2017,TVC,MI,AGL,CE,Towers with Radar,32,33,39,0,104,0,3,64,8,75,32,36,103,8,179,134,0,134,313
08/11/2017,TVC,MI,AGL,CE,Towers with Radar,34,43,43,4,124,0,3,37,6,46,34,46,80,10,170,130,14,144,314
08/12/2017,TVC,MI,AGL,CE,Towers with Radar,58,23,40,3,124,0,12,80,4,96,58,35,120,7,220,116,4,120,340
08/13/2017,TVC,MI,AGL,CE,Towers with Radar,46,35,51,1,133,0,1,65,7,73,46,36,116,8,206,94,0,94,300
08/14/2017,TVC,MI,AGL,CE,Towers with Radar,36,24,29,0,89,0,3,81,5,89,36,27,110,5,178,150,0,150,328
08/15/2017,TVC,MI,AGL,CE,Towers with Radar,28,27,39,2,96,0,14,77,19,110,28,41,116,21,206,164,0,164,370
08/16/2017,TVC,MI,AGL,CE,Towers with Radar,32,34,24,2,92,0,5,87,1,93,32,39,111,3,185,148,0,148,333
08/17/2017,TVC,MI,AGL,CE,Towers with Radar,29,33,7,0,69,0,2,9,5,16,29,35,16,5,85,24,8,32,117
08/18/2017,TVC,MI,AGL,CE,Towers with Radar,30,23,42,2,97,0,1,21,1,23,30,24,63,3,120,36,0,36,156
08/19/2017,TVC,MI,AGL,CE,Towers with Radar,45,28,24,2,99,0,10,75,1,86,45,38,99,3,185,74,0,74,259
08/20/2017,TVC,MI,AGL,CE,Towers with Radar,44,19,29,0,92,0,16,50,2,68,44,35,79,2,160,10,0,10,170
08/21/2017,TVC,MI,AGL,CE,Towers with Radar,29,16,41,1,87,0,2,73,1,76,29,18,114,2,163,54,0,54,217
08/22/2017,TVC,MI,AGL,CE,Towers with Radar,25,17,34,0,76,0,3,27,3,33,25,20,61,3,109,50,0,50,159
08/23/2017,TVC,MI,AGL,CE,Towers with Radar,28,25,53,0,106,0,9,58,4,71,28,34,111,4,177,100,0,100,277
08/24/2017,TVC,MI,AGL,CE,Towers with Radar,25,22,32,3,82,0,8,74,7,89,25,30,106,10,171,88,10,98,269
08/25/2017,TVC,MI,AGL,CE,Towers with Radar,29,26,35,0,90,0,12,105,9,126,29,38,140,9,216,98,28,126,342
08/26/2017,TVC,MI,AGL,CE,Towers with Radar,43,25,22,0,90,0,11,82,4,97,43,36,104,4,187,60,16,76,263
08/27/2017,TVC,MI,AGL,CE,Towers with Radar,40,17,33,0,90,0,5,18,3,26,40,22,51,3,116,42,40,82,198
08/28/2017,TVC,MI,AGL,CE,Towers with Radar,28,11,27,0,66,0,1,47,5,53,28,12,74,5,119,104,0,104,223
08/29/2017,TVC,MI,AGL,CE,Towers with Radar,28,24,26,0,78,0,4,37,7,48,28,28,63,7,126,56,0,56,182
08/30/2017,TVC,MI,AGL,CE,Towers with Radar,27,22,33,3,85,0,7,43,9,59,27,29,76,12,144,78,0,78,222
08/31/2017,TVC,MI,AGL,CE,Towers with Radar,28,32,26,0,86,0,7,73,5,85,28,39,99,5,171,96,6,102,273
09/01/2017,TVC,MI,AGL,CE,Towers with Radar,28,37,40,0,105,0,6,133,2,141,28,43,173,2,246,106,0,106,352
09/02/2017,TVC,MI,AGL,CE,Towers with Radar,35,18,18,0,71,0,14,80,0,94,35,32,98,0,165,52,0,52,217
09/03/2017,TVC,MI,AGL,CE,Towers with Radar,33,18,29,0,80,0,16,58,8,82,33,34,87,8,162,34,4,38,200
09/04/2017,TVC,MI,AGL,CE,Towers with Radar,32,29,30,0,91,0,0,16,0,16,32,29,46,0,107,64,0,64,171
09/05/2017,TVC,MI,AGL,CE,Towers with Radar,29,21,21,2,73,0,4,33,4,41,29,25,54,6,114,12,26,38,152
09/06/2017,TVC,MI,AGL,CE,Towers with Radar,25,23,32,0,80,0,3,69,1,73,25,26,101,1,153,148,0,148,301
09/07/2017,TVC,MI,AGL,CE,Towers with Radar,34,29,41,0,104,0,5,67,2,74,34,34,108,2,178,144,0,144,322
09/08/2017,TVC,MI,AGL,CE,Towers with Radar,24,29,32,3,88,0,2,103,4,109,24,31,135,7,197,120,4,124,321
09/09/2017,TVC,MI,AGL,CE,Towers with Radar,24,22,22,0,68,0,12,110,2,124,24,34,132,2,192,104,0,104,296
09/10/2017,TVC,MI,AGL,CE,Towers with Radar,23,12,16,0,51,0,4,77,3,84,23,16,93,3,135,64,0,64,199
09/11/2017,TVC,MI,AGL,CE,Towers with Radar,26,9,20,0,55,0,2,83,2,87,26,11,103,2,142,64,0,64,206
09/12/2017,TVC,MI,AGL,CE,Towers with Radar,31,26,25,3,85,0,9,122,3,134,31,35,147,6,219,178,0,178,397
09/13/2017,TVC,MI,AGL,CE,Towers with Radar,27,27,21,0,75,0,10,91,3,104,27,37,112,3,179,87,0,87,266
09/14/2017,TVC,MI,AGL,CE,Towers with Radar,28,12,35,0,75,0,4,70,6,80,28,16,105,6,155,68,0,68,223
09/15/2017,TVC,MI,AGL,CE,Towers with Radar,21,19,21,4,65,0,7,90,5,102,21,26,111,9,167,74,0,74,241
09/16/2017,TVC,MI,AGL,CE,Towers with Radar,25,16,19,0,60,0,10,99,12,121,25,26,118,12,181,54,26,80,261
09/17/2017,TVC,MI,AGL,CE,Towers with Radar,31,10,28,0,69,0,7,21,4,32,31,17,49,4,101,52,0,52,153
09/18/2017,TVC,MI,AGL,CE,Towers with Radar,22,12,29,0,63,0,4,71,5,80,22,16,100,5,143,122,2,124,267
09/19/2017,TVC,MI,AGL,CE,Towers with Radar,23,16,21,2,62,0,8,70,3,81,23,24,91,5,143,76,12,88,231
09/20/2017,TVC,MI,AGL,CE,Towers with Radar,19,16,17,0,52,0,2,67,1,70,19,18,84,1,122,74,0,74,196
09/21/2017,TVC,MI,AGL,CE,Towers with Radar,22,17,28,0,67,0,4,100,7,111,22,21,128,7,178,124,0,124,302
09/22/2017,TVC,MI,AGL,CE,Towers with Radar,22,26,17,4,69,0,2,99,5,106,22,28,116,9,175,92,2,94,269
09/23/2017,TVC,MI,AGL,CE,Towers with Radar,24,20,15,0,59,0,14,82,3,99,24,34,97,3,158,76,0,76,234
09/24/2017,TVC,MI,AGL,CE,Towers with Radar,24,18,18,0,60,0,1,57,1,59,24,19,75,1,119,46,0,46,165
09/25/2017,TVC,MI,AGL,CE,Towers with Radar,23,8,14,0,45,0,4,84,3,91,23,12,98,3,136,72,0,72,208
09/26/2017,TVC,MI,AGL,CE,Towers with Radar,21,20,22,4,67,0,7,71,8,86,21,27,93,12,153,72,0,72,225
09/27/2017,TVC,MI,AGL,CE,Towers with Radar,26,31,26,2,85,0,2,78,9,89,26,33,104,11,174,74,0,74,248
09/28/2017,TVC,MI,AGL,CE,Towers with Radar,24,28,16,7,75,0,7,57,7,71,24,35,73,14,146,46,36,82,228
09/29/2017,TVC,MI,AGL,CE,Towers with Radar,24,32,35,2,93,0,11,50,1,62,24,43,85,3,155,76,0,76,231
09/30/2017,TVC,MI,AGL,CE,Towers with Radar,25,15,17,0,57,0,8,121,2,131,25,23,138,2,188,154,10,164,352
10/01/2017,TVC,MI,AGL,CE,Towers with Radar,20,7,24,4,55,0,6,47,3,56,20,13,71,7,111,64,0,64,175
10/02/2017,TVC,MI,AGL,CE,Towers with Radar,19,5,10,5,39,0,4,71,9,84,19,9,81,14,123,146,14,160,283
10/03/2017,TVC,MI,AGL,CE,Towers with Radar,17,18,20,1,56,0,7,80,13,100,17,25,100,14,156,94,10,104,260
10/04/2017,TVC,MI,AGL,CE,Towers with Radar,19,20,42,3,84,0,2,51,3,56,19,22,93,6,140,88,0,88,228
10/05/2017,TVC,MI,AGL,CE,Towers with Radar,18,32,34,0,84,0,2,93,10,105,18,34,127,10,189,162,12,174,363
10/06/2017,TVC,MI,AGL,CE,Towers with Radar,19,26,23,0,68,0,6,99,6,111,19,32,122,6,179,178,14,192,371
10/07/2017,TVC,MI,AGL,CE,Towers with Radar,18,13,11,0,42,0,3,9,6,18,18,16,20,6,60,2,26,28,88
10/08/2017,TVC,MI,AGL,CE,Towers with Radar,18,7,32,0,57,0,15,60,3,78,18,22,92,3,135,58,0,58,193
10/09/2017,TVC,MI,AGL,CE,Towers with Radar,18,9,44,3,74,0,6,109,2,117,18,15,153,5,191,164,2,166,357
10/10/2017,TVC,MI,AGL,CE,Towers with Radar,18,13,24,1,56,0,1,90,8,99,18,14,114,9,155,110,0,110,265
10/11/2017,TVC,MI,AGL,CE,Towers with Radar,18,27,33,4,82,0,1,62,8,71,18,28,95,12,153,148,0,148,301
10/12/2017,TVC,MI,AGL,CE,Towers with Radar,20,25,22,2,69,0,1,73,6,80,20,26,95,8,149,134,26,160,309
10/13/2017,TVC,MI,AGL,CE,Towers with Radar,18,24,35,2,79,0,12,18,1,31,18,36,53,3,110,106,0,106,216
10/14/2017,TVC,MI,AGL,CE,Towers with Radar,14,16,18,4,52,0,15,27,5,47,14,31,45,9,99,64,0,64,163
10/15/2017,TVC,MI,AGL,CE,Towers with Radar,17,10,15,3,45,0,3,0,2,5,17,13,15,5,50,8,0,8,58
10/16/2017,TVC,MI,AGL,CE,Towers with Radar,20,13,31,0,64,0,3,70,6,79,20,16,101,6,143,70,24,94,237
10/17/2017,TVC,MI,AGL,CE,Towers with Radar,18,17,32,10,77,0,7,96,10,113,18,24,128,20,190,108,20,128,318
10/18/2017,TVC,MI,AGL,CE,Towers with Radar,18,20,19,7,64,0,10,44,9,63,18,30,63,16,127,14,26,40,167
10/19/2017,TVC,MI,AGL,CE,Towers with Radar,20,23,41,9,93,0,12,133,9,154,20,35,174,18,247,226,30,256,503
10/20/2017,TVC,MI,AGL,CE,Towers with Radar,18,24,47,0,89,0,14,122,4,140,18,38,169,4,229,156,0,156,385
10/21/2017,TVC,MI,AGL,CE,Towers with Radar,19,17,16,0,52,0,13,114,3,130,19,30,130,3,182,46,0,46,228
10/22/2017,TVC,MI,AGL,CE,Towers with Radar,18,11,15,0,44,0,0,23,4,27,18,11,38,4,71,28,0,28,99
10/23/2017,TVC,MI,AGL,CE,Towers with Radar,22,5,11,3,41,0,0,0,1,1,22,5,11,4,42,0,0,0,42
10/24/2017,TVC,MI,AGL,CE,Towers with Radar,18,14,8,0,40,0,3,3,0,6,18,17,11,0,46,0,0,0,46
10/25/2017,TVC,MI,AGL,CE,Towers with Radar,21,31,26,1,79,0,4,54,10,68,21,35,80,11,147,186,0,186,333
10/26/2017,TVC,MI,AGL,CE,Towers with Radar,21,23,58,0,102,0,10,130,1,141,21,33,188,1,243,178,0,178,421
10/27/2017,TVC,MI,AGL,CE,Towers with Radar,19,19,9,4,51,0,2,13,5,20,19,21,22,9,71,36,64,100,171
10/28/2017,TVC,MI,AGL,CE,Towers with Radar,18,8,3,0,29,0,2,2,2,6,18,10,5,2,35,4,0,4,39
10/29/2017,TVC,MI,AGL,CE,Towers with Radar,15,4,25,0,44,0,0,34,2,36,15,4,59,2,80,60,0,60,140
10/30/2017,TVC,MI,AGL,CE,Towers with Radar,17,18,14,0,49,0,2,9,6,17,17,20,23,6,66,32,16,48,114
10/31/2017,TVC,MI,AGL,CE,Towers with Radar,17,12,12,5,46,0,0,4,7,11,17,12,16,12,57,16,0,16,73
11/01/2017,TVC,MI,AGL,CE,Towers with Radar,17,20,18,0,55,0,4,21,2,27,17,24,39,2,82,44,0,44,126
11/02/2017,TVC,MI,AGL,CE,Towers with Radar,18,16,11,5,50,0,0,0,6,6,18,16,11,11,56,0,14,14,70
11/03/2017,TVC,MI,AGL,CE,Towers with Radar,16,19,52,0,87,0,5,100,2,107,16,24,152,2,194,232,4,236,430
11/04/2017,TVC,MI,AGL,CE,Towers with Radar,17,14,13,0,44,0,0,1,1,2,17,14,14,1,46,0,0,0,46
11/05/2017,TVC,MI,AGL,CE,Towers with Radar,15,2,9,2,28,0,0,0,0,0,15,2,9,2,28,0,0,0,28
11/06/2017,TVC,MI,AGL,CE,Towers with Radar,14,6,42,10,72,0,1,91,12,104,14,7,133,22,176,176,22,198,374
11/07/2017,TVC,MI,AGL,CE,Towers with Radar,15,15,44,0,74,0,1,126,8,135,15,16,170,8,209,306,0,306,515
11/08/2017,TVC,MI,AGL,CE,Towers with Radar,14,12,32,4,62,0,11,107,5,123,14,23,139,9,185,176,0,176,361
11/09/2017,TVC,MI,AGL,CE,Towers with Radar,11,19,12,3,45,0,0,0,1,1,11,19,12,4,46,0,0,0,46
11/10/2017,TVC,MI,AGL,CE,Towers with Radar,14,23,57,0,94,0,4,72,2,78,14,27,129,2,172,110,0,110,282
11/11/2017,TVC,MI,AGL,CE,Towers with Radar,17,10,11,1,39,0,1,4,2,7,17,11,15,3,46,0,0,0,46
11/12/2017,TVC,MI,AGL,CE,Towers with Radar,13,14,9,4,40,0,0,13,3,16,13,14,22,7,56,32,32,64,120
11/13/2017,TVC,MI,AGL,CE,Towers with Radar,14,4,35,4,57,0,4,51,6,61,14,8,86,10,118,160,26,186,304
11/14/2017,TVC,MI,AGL,CE,Towers with Radar,13,15,38,0,66,0,7,55,6,68,13,22,93,6,134,142,36,178,312
11/15/2017,TVC,MI,AGL,CE,Towers with Radar,14,17,15,0,46,0,0,0,2,2,14,17,15,2,48,0,36,36,84
11/16/2017,TVC,MI,AGL,CE,Towers with Radar,15,14,4,3,36,0,4,0,9,13,15,18,4,12,49,4,50,54,103
11/17/2017,TVC,MI,AGL,CE,Towers with Radar,10,19,34,6,69,0,0,46,6,52,10,19,80,12,121,120,6,126,247
11/18/2017,TVC,MI,AGL,CE,Towers with Radar,19,17,4,1,41,0,0,0,3,3,19,17,4,4,44,0,0,0,44
11/19/2017,TVC,MI,AGL,CE,Towers with Radar,16,1,4,0,21,0,3,7,3,13,16,4,11,3,34,12,18,30,64
11/20/2017,TVC,MI,AGL,CE,Towers with Radar,13,8,61,7,89,0,2,97,5,104,13,10,158,12,193,136,2,138,331
11/21/2017,TVC,MI,AGL,CE,Towers with Radar,12,11,13,3,39,0,3,24,3,30,12,14,37,6,69,28,28,56,125
11/22/2017,TVC,MI,AGL,CE,Towers with Radar,14,20,20,0,54,0,6,50,2,58,14,26,70,2,112,64,0,64,176
11/23/2017,TVC,MI,AGL,CE,Towers with Radar,6,1,0,0,7,0,2,1,0,3,6,3,1,0,10,6,0,6,16
11/24/2017,TVC,MI,AGL,CE,Towers with Radar,6,13,7,1,27,0,3,9,5,17,6,16,16,6,44,4,0,4,48
11/25/2017,TVC,MI,AGL,CE,Towers with Radar,16,12,6,0,34,0,0,10,3,13,16,12,16,3,47,4,14,18,65
11/26/2017,TVC,MI,AGL,CE,Towers with Radar,16,9,10,2,37,0,3,34,6,43,16,12,44,8,80,36,58,94,174
11/27/2017,TVC,MI,AGL,CE,Towers with Radar,14,10,42,1,67,0,5,86,6,97,14,15,128,7,164,94,8,102,266
11/28/2017,TVC,MI,AGL,CE,Towers with Radar,14,20,20,0,54,0,2,28,4,34,14,22,48,4,88,56,4,60,148
11/29/2017,TVC,MI,AGL,CE,Towers with Radar,14,11,35,0,60,0,4,87,6,97,14,15,122,6,157,102,0,102,259
11/30/2017,TVC,MI,AGL,CE,Towers with Radar,14,16,23,2,55,0,1,38,7,46,14,17,61,9,101,110,2,112,213
12/01/2017,TVC,MI,AGL,CE,Towers with Radar,13,8,32,0,53,0,7,113,14,134,13,15,145,14,187,102,0,102,289
12/02/2017,TVC,MI,AGL,CE,Towers with Radar,13,17,35,0,65,0,4,58,3,65,13,21,93,3,130,72,0,72,202
12/03/2017,TVC,MI,AGL,CE,Towers with Radar,10,5,20,0,35,0,3,15,0,18,10,8,35,0,53,16,0,16,69
12/04/2017,TVC,MI,AGL,CE,Towers with Radar,16,10,0,0,26,0,5,0,8,13,16,15,0,8,39,0,26,26,65
12/05/2017,TVC,MI,AGL,CE,Towers with Radar,12,11,3,2,28,0,1,0,3,4,12,12,3,5,32,0,2,2,34
12/06/2017,TVC,MI,AGL,CE,Towers with Radar,16,14,7,2,39,0,0,0,0,0,16,14,7,2,39,0,14,14,53
12/07/2017,TVC,MI,AGL,CE,Towers with Radar,14,15,5,1,35,0,2,6,6,14,14,17,11,7,49,8,27,35,84
12/08/2017,TVC,MI,AGL,CE,Towers with Radar,15,18,9,1,43,0,1,4,1,6,15,19,13,2,49,10,0,10,59
12/09/2017,TVC,MI,AGL,CE,Towers with Radar,14,10,10,0,34,0,0,9,3,12,14,10,19,3,46,40,4,44,90
12/10/2017,TVC,MI,AGL,CE,Towers with Radar,10,3,8,0,21,0,0,9,5,14,10,3,17,5,35,36,24,60,95
12/11/2017,TVC,MI,AGL,CE,Towers with Radar,16,16,3,3,38,0,2,5,2,9,16,18,8,5,47,16,0,16,63
12/12/2017,TVC,MI,AGL,CE,Towers with Radar,15,17,2,1,35,0,0,0,1,1,15,17,2,2,36,0,0,0,36
12/13/2017,TVC,MI,AGL,CE,Towers with Radar,9,11,2,1,23,0,0,0,0,0,9,11,2,1,23,0,0,0,23
12/14/2017,TVC,MI,AGL,CE,Towers with Radar,14,10,23,2,49,0,2,6,11,19,14,12,29,13,68,20,16,36,104
12/15/2017,TVC,MI,AGL,CE,Towers with Radar,17,12,3,2,34,0,0,0,2,2,17,12,3,4,36,0,0,0,36
12/16/2017,TVC,MI,AGL,CE,Towers with Radar,17,14,34,0,65,0,0,56,4,60,17,14,90,4,125,100,20,120,245
12/17/2017,TVC,MI,AGL,CE,Towers with Radar,13,3,14,1,31,0,0,2,1,3,13,3,16,2,34,0,0,0,34
12/18/2017,TVC,MI,AGL,CE,Towers with Radar,16,6,1,4,27,0,0,0,0,0,16,6,1,4,27,0,0,0,27
12/19/2017,TVC,MI,AGL,CE,Towers with Radar,20,12,30,0,62,0,4,60,7,71,20,16,90,7,133,94,2,96,229
12/20/2017,TVC,MI,AGL,CE,Towers with Radar,15,17,15,0,47,0,1,34,4,39,15,18,49,4,86,112,12,124,210
12/21/2017,TVC,MI,AGL,CE,Towers with Radar,17,18,8,0,43,0,6,27,4,37,17,24,35,4,80,72,0,72,152
12/22/2017,TVC,MI,AGL,CE,Towers with Radar,19,16,3,0,38,0,0,1,5,6,19,16,4,5,44,16,0,16,60
12/23/2017,TVC,MI,AGL,CE,Towers with Radar,17,21,1,0,39,0,0,7,2,9,17,21,8,2,48,8,0,8,56
12/24/2017,TVC,MI,AGL,CE,Towers with Radar,16,10,2,0,28,0,0,6,7,13,16,10,8,7,41,6,0,6,47
12/25/2017,TVC,MI,AGL,CE,Towers with Radar,19,2,3,0,24,0,0,0,0,0,19,2,3,0,24,0,0,0,24
12/26/2017,TVC,MI,AGL,CE,Towers with Radar,17,20,3,0,40,0,0,0,0,0,17,20,3,0,40,0,0,0,40
12/27/2017,TVC,MI,AGL,CE,Towers with Radar,17,19,9,0,45,0,2,20,3,25,17,21,29,3,70,92,26,118,188
12/28/2017,TVC,MI,AGL,CE,Towers with Radar,16,19,10,2,47,0,1,17,4,22,16,20,27,6,69,50,0,50,119
12/29/2017,TVC,MI,AGL,CE,Towers with Radar,16,19,3,0,38,0,1,10,3,14,16,20,13,3,52,96,0,96,148
12/30/2017,TVC,MI,AGL,CE,Towers with Radar,9,13,2,0,24,0,0,0,0,0,9,13,2,0,24,0,0,0,24
12/31/2017,TVC,MI,AGL,CE,Towers with Radar,19,7,6,0,32,0,7,4,0,11,19,14,10,0,43,12,0,12,55
01/01/2018,TVC,MI,AGL,CE,Towers with Radar,17,7,11,0,35,0,1,0,0,1,17,8,11,0,36,0,0,0,36
01/02/2018,TVC,MI,AGL,CE,Towers with Radar,14,18,11,0,43,0,5,10,1,16,14,23,21,1,59,10,0,10,69
01/03/2018,TVC,MI,AGL,CE,Towers with Radar,14,18,3,3,38,0,0,0,0,0,14,18,3,3,38,0,0,0,38
01/04/2018,TVC,MI,AGL,CE,Towers with Radar,18,18,2,1,39,0,0,0,0,0,18,18,2,1,39,0,0,0,39
01/05/2018,TVC,MI,AGL,CE,Towers with Radar,18,21,5,2,46,0,0,0,0,0,18,21,5,2,46,0,0,0,46
01/06/2018,TVC,MI,AGL,CE,Towers with Radar,15,12,5,0,32,0,8,2,1,11,15,20,7,1,43,0,38,38,81
01/07/2018,TVC,MI,AGL,CE,Towers with Radar,17,2,9,2,30,0,3,1,1,5,17,5,10,3,35,0,0,0,35
01/08/2018,TVC,MI,AGL,CE,Towers with Radar,14,11,10,0,35,0,0,8,17,25,14,11,18,17,60,16,56,72,132
01/09/2018,TVC,MI,AGL,CE,Towers with Radar,14,15,7,11,47,0,2,65,2,69,14,17,72,13,116,141,52,193,309
01/10/2018,TVC,MI,AGL,CE,Towers with Radar,20,16,9,14,59,0,0,1,1,2,20,16,10,15,61,4,0,4,65
01/11/2018,TVC,MI,AGL,CE,Towers with Radar,14,15,11,0,40,0,0,6,3,9,14,15,17,3,49,38,24,62,111
01/12/2018,TVC,MI,AGL,CE,Towers with Radar,15,12,9,0,36,0,4,0,5,9,15,16,9,5,45,0,32,32,77
01/13/2018,TVC,MI,AGL,CE,Towers with Radar,12,11,2,0,25,0,0,0,0,0,12,11,2,0,25,0,0,0,25
01/14/2018,TVC,MI,AGL,CE,Towers with Radar,12,2,11,3,28,0,4,24,3,31,12,6,35,6,59,34,8,42,101
01/15/2018,TVC,MI,AGL,CE,Towers with Radar,15,6,21,0,42,0,0,9,4,13,15,6,30,4,55,24,8,32,87
01/16/2018,TVC,MI,AGL,CE,Towers with Radar,16,12,5,6,39,0,0,20,0,20,16,12,25,6,59,134,42,176,235
01/17/2018,TVC,MI,AGL,CE,Towers with Radar,15,14,27,1,57,0,4,51,5,60,15,18,78,6,117,50,8,58,175
01/18/2018,TVC,MI,AGL,CE,Towers with Radar,14,11,27,4,56,0,0,76,21,97,14,11,103,25,153,134,52,186,339
01/19/2018,TVC,MI,AGL,CE,Towers with Radar,14,18,33,0,65,0,2,89,1,92,14,20,122,1,157,114,0,114,271
01/20/2018,TVC,MI,AGL,CE,Towers with Radar,13,12,35,8,68,0,11,95,2,108,13,23,130,10,176,98,4,102,278
01/21/2018,TVC,MI,AGL,CE,Towers with Radar,16,7,6,0,29,0,0,36,0,36,16,7,42,0,65,82,0,82,147
01/22/2018,TVC,MI,AGL,CE,Towers with Radar,12,2,5,0,19,0,0,1,4,5,12,2,6,4,24,24,60,84,108
01/23/2018,TVC,MI,AGL,CE,Towers with Radar,10,9,5,0,24,0,0,0,3,3,10,9,5,3,27,0,10,10,37
01/24/2018,TVC,MI,AGL,CE,Towers with Radar,14,11,8,9,42,0,3,11,11,25,14,14,19,20,67,42,70,112,179
01/25/2018,TVC,MI,AGL,CE,Towers with Radar,16,13,17,0,46,0,2,39,8,49,16,15,56,8,95,164,18,182,277
01/26/2018,TVC,MI,AGL,CE,Towers with Radar,15,9,58,0,82,0,3,82,6,91,15,12,140,6,173,80,42,122,295
01/27/2018,TVC,MI,AGL,CE,Towers with Radar,12,7,16,0,35,0,3,20,2,25,12,10,36,2,60,12,0,12,72
01/28/2018,TVC,MI,AGL,CE,Towers with Radar,16,5,19,0,40,0,5,24,3,32,16,10,43,3,72,30,22,52,124
01/29/2018,TVC,MI,AGL,CE,Towers with Radar,17,2,15,2,36,0,0,14,10,24,17,2,29,12,60,12,34,46,106
01/30/2018,TVC,MI,AGL,CE,Towers with Radar,14,11,19,0,44,0,1,75,3,79,14,12,94,3,123,164,0,164,287
01/31/2018,TVC,MI,AGL,CE,Towers with Radar,14,22,7,2,45,0,0,0,3,3,14,22,7,5,48,0,14,14,62
02/01/2018,TVC,MI,AGL,CE,Towers with Radar,16,21,4,7,48,0,0,0,1,1,16,21,4,8,49,0,0,0,49
02/02/2018,TVC,MI,AGL,CE,Towers with Radar,15,16,23,0,54,0,1,26,2,29,15,17,49,2,83,112,34,146,229
02/03/2018,TVC,MI,AGL,CE,Towers with Radar,12,4,0,3,19,0,0,0,0,0,12,4,0,3,19,0,0,0,19
02/04/2018,TVC,MI,AGL,CE,Towers with Radar,10,8,8,2,28,0,0,2,0,2,10,8,10,2,30,12,0,12,42
02/05/2018,TVC,MI,AGL,CE,Towers with Radar,14,4,36,1,55,0,0,33,4,37,14,4,69,5,92,48,0,48,140
02/06/2018,TVC,MI,AGL,CE,Towers with Radar,18,19,35,5,77,0,2,70,8,80,18,21,105,13,157,144,30,174,331
02/07/2018,TVC,MI,AGL,CE,Towers with Radar,14,15,15,11,55,0,3,38,4,45,14,18,53,15,100,99,22,121,221
02/08/2018,TVC,MI,AGL,CE,Towers with Radar,15,21,43,3,82,0,1,39,4,44,15,22,82,7,126,112,22,134,260
02/09/2018,TVC,MI,AGL,CE,Towers with Radar,9,25,28,2,64,0,2,41,4,47,9,27,69,6,111,86,10,96,207
02/10/2018,TVC,MI,AGL,CE,Towers with Radar,12,15,28,0,55,0,0,55,3,58,12,15,83,3,113,56,0,56,169
02/11/2018,TVC,MI,AGL,CE,Towers with Radar,11,3,8,0,22,0,3,5,3,11,11,6,13,3,33,26,0,26,59
02/12/2018,TVC,MI,AGL,CE,Towers with Radar,14,8,26,5,53,0,11,53,2,66,14,19,79,7,119,154,14,168,287
02/13/2018,TVC,MI,AGL,CE,Towers with Radar,14,15,17,1,47,0,1,65,5,71,14,16,82,6,118,80,42,122,240
02/14/2018,TVC,MI,AGL,CE,Towers with Radar,17,19,19,3,58,0,2,63,3,68,17,21,82,6,126,81,8,89,215
02/15/2018,TVC,MI,AGL,CE,Towers with Radar,13,20,15,1,49,0,2,28,2,32,13,22,43,3,81,70,0,70,151
02/16/2018,TVC,MI,AGL,CE,Towers with Radar,14,19,31,0,64,0,1,45,5,51,14,20,76,5,115,108,0,108,223
02/17/2018,TVC,MI,AGL,CE,Towers with Radar,15,12,11,0,38,0,0,24,3,27,15,12,35,3,65,16,32,48,113
02/18/2018,TVC,MI,AGL,CE,Towers with Radar,14,5,10,1,30,0,3,30,0,33,14,8,40,1,63,48,0,48,111
02/19/2018,TVC,MI,AGL,CE,Towers with Radar,16,15,10,2,43,0,0,41,3,44,16,15,51,5,87,80,0,80,167
02/20/2018,TVC,MI,AGL,CE,Towers with Radar,16,20,9,3,48,0,0,10,22,32,16,20,19,25,80,50,16,66,146
02/21/2018,TVC,MI,AGL,CE,Towers with Radar,14,28,18,0,60,0,3,44,5,52,14,31,62,5,112,152,4,156,268
02/22/2018,TVC,MI,AGL,CE,Towers with Radar,15,21,29,4,69,0,3,73,7,83,15,24,102,11,152,192,0,192,344
02/23/2018,TVC,MI,AGL,CE,Towers with Radar,15,18,5,1,39,0,0,0,1,1,15,18,5,2,40,0,0,0,40
02/24/2018,TVC,MI,AGL,CE,Towers with Radar,14,10,28,3,55,0,4,71,1,76,14,14,99,4,131,104,22,126,257
02/25/2018,TVC,MI,AGL,CE,Towers with Radar,16,5,2,0,23,0,2,1,2,5,16,7,3,2,28,0,32,32,60
02/26/2018,TVC,MI,AGL,CE,Towers with Radar,13,8,36,3,60,0,2,80,3,85,13,10,116,6,145,152,4,156,301
02/27/2018,TVC,MI,AGL,CE,Towers with Radar,14,14,24,0,52,0,0,49,2,51,14,14,73,2,103,68,0,68,171
02/28/2018,TVC,MI,AGL,CE,Towers with Radar,19,12,13,1,45,0,2,34,6,42,19,14,47,7,87,54,0,54,141
03/01/2018,TVC,MI,AGL,CE,Towers with Radar,13,13,12,0,38,0,0,46,1,47,13,13,58,1,85,90,0,90,175
03/02/2018,TVC,MI,AGL,CE,Towers with Radar,14,16,28,0,58,0,1,82,6,89,14,17,110,6,147,190,0,190,337
03/03/2018,TVC,MI,AGL,CE,Towers with Radar,12,14,25,11,62,0,4,85,5,94,12,18,110,16,156,56,20,76,232
03/04/2018,TVC,MI,AGL,CE,Towers with Radar,14,3,19,0,36,0,2,49,0,51,14,5,68,0,87,64,0,64,151
03/05/2018,TVC,MI,AGL,CE,Towers with Radar,13,3,26,1,43,0,1,62,4,67,13,4,88,5,110,116,14,130,240
03/06/2018,TVC,MI,AGL,CE,Towers with Radar,13,17,4,1,35,0,0,0,0,0,13,17,4,1,35,0,0,0,35
03/07/2018,TVC,MI,AGL,CE,Towers with Radar,15,17,11,0,43,0,1,15,4,20,15,18,26,4,63,108,0,108,171
03/08/2018,TVC,MI,AGL,CE,Towers with Radar,14,17,9,1,41,0,1,5,4,10,14,18,14,5,51,60,0,60,111
03/09/2018,TVC,MI,AGL,CE,Towers with Radar,14,16,27,0,57,0,1,24,3,28,14,17,51,3,85,92,0,92,177
03/10/2018,TVC,MI,AGL,CE,Towers with Radar,9,11,20,3,43,0,6,50,4,60,9,17,70,7,103,114,0,114,217
03/11/2018,TVC,MI,AGL,CE,Towers with Radar,15,9,21,1,46,0,5,57,3,65,15,14,78,4,111,34,0,34,145
03/12/2018,TVC,MI,AGL,CE,Towers with Radar,15,8,18,4,45,0,1,29,7,37,15,9,47,11,82,90,38,128,210
03/13/2018,TVC,MI,AGL,CE,Towers with Radar,15,16,13,7,51,0,0,8,4,12,15,16,21,11,63,18,12,30,93
03/14/2018,TVC,MI,AGL,CE,Towers with Radar,14,17,50,7,88,0,2,118,6,126,14,19,168,13,214,196,40,236,450
03/15/2018,TVC,MI,AGL,CE,Towers with Radar,14,12,20,2,48,0,0,23,4,27,14,12,43,6,75,60,20,80,155
03/16/2018,TVC,MI,AGL,CE,Towers with Radar,14,11,60,0,85,0,3,122,5,130,14,14,182,5,215,160,0,160,375
03/17/2018,TVC,MI,AGL,CE,Towers with Radar,15,9,48,0,72,0,7,103,1,111,15,16,151,1,183,120,0,120,303
03/18/2018,TVC,MI,AGL,CE,Towers with Radar,14,8,42,8,72,0,1,85,5,91,14,9,127,13,163,110,26,136,299
03/19/2018,TVC,MI,AGL,CE,Towers with Radar,14,2,41,1,58,0,2,87,6,95,14,4,128,7,153,116,18,134,287
03/20/2018,TVC,MI,AGL,CE,Towers with Radar,15,9,63,3,90,0,7,94,9,110,15,16,157,12,200,138,14,152,352
03/21/2018,TVC,MI,AGL,CE,Towers with Radar,14,17,28,3,62,0,0,65,5,70,14,17,93,8,132,146,0,146,278
03/22/2018,TVC,MI,AGL,CE,Towers with Radar,15,20,31,1,67,0,2,74,4,80,15,22,105,5,147,138,2,140,287
03/23/2018,TVC,MI,AGL,CE,Towers with Radar,14,10,39,0,63,0,3,86,2,91,14,13,125,2,154,156,0,156,310
03/24/2018,TVC,MI,AGL,CE,Towers with Radar,15,17,22,0,54,0,2,41,1,44,15,19,63,1,98,36,2,38,136
03/25/2018,TVC,MI,AGL,CE,Towers with Radar,15,0,28,0,43,0,5,50,2,57,15,5,78,2,100,60,0,60,160
03/26/2018,TVC,MI,AGL,CE,Towers with Radar,16,5,16,7,44,0,3,58,15,76,16,8,74,22,120,92,14,106,226
03/27/2018,TVC,MI,AGL,CE,Towers with Radar,23,12,24,4,63,0,0,0,8,8,23,12,24,12,71,0,0,0,71
03/28/2018,TVC,MI,AGL,CE,Towers with Radar,16,15,11,7,49,0,2,36,5,43,16,17,47,12,92,64,2,66,158
03/29/2018,TVC,MI,AGL,CE,Towers with Radar,27,14,19,0,60,0,3,25,5,33,27,17,44,5,93,54,8,62,155
03/30/2018,TVC,MI,AGL,CE,Towers with Radar,14,15,28,0,57,0,7,66,3,76,14,22,94,3,133,54,0,54,187
03/31/2018,TVC,MI,AGL,CE,Towers with Radar,15,9,5,1,30,0,2,2,2,6,15,11,7,3,36,2,28,30,66
04/01/2018,TVC,MI,AGL,CE,Towers with Radar,13,1,3,0,17,0,3,4,0,7,13,4,7,0,24,0,0,0,24
04/02/2018,TVC,MI,AGL,CE,Towers with Radar,14,12,46,2,74,0,2,57,11,70,14,14,103,13,144,88,4,92,236
04/03/2018,TVC,MI,AGL,CE,Towers with Radar,18,15,1,0,34,0,0,0,0,0,18,15,1,0,34,0,0,0,34
04/04/2018,TVC,MI,AGL,CE,Towers with Radar,14,16,4,0,34,0,0,2,1,3,14,16,6,1,37,0,0,0,37
04/05/2018,TVC,MI,AGL,CE,Towers with Radar,17,14,42,3,76,0,2,62,7,71,17,16,104,10,147,94,6,100,247
04/06/2018,TVC,MI,AGL,CE,Towers with Radar,17,14,5,0,36,0,1,2,0,3,17,15,7,0,39,8,0,8,47
04/07/2018,TVC,MI,AGL,CE,Towers with Radar,18,9,28,0,55,0,3,40,13,56,18,12,68,13,111,74,20,94,205
04/08/2018,TVC,MI,AGL,CE,Towers with Radar,16,4,32,0,52,0,1,32,2,35,16,5,64,2,87,64,0,64,151
04/09/2018,TVC,MI,AGL,CE,Towers with Radar,18,7,50,0,75,0,4,65,6,75,18,11,115,6,150,152,0,152,302
04/10/2018,TVC,MI,AGL,CE,Towers with Radar,18,12,37,1,68,0,6,117,10,133,18,18,154,11,201,134,18,152,353
04/11/2018,TVC,MI,AGL,CE,Towers with Radar,17,18,28,0,63,0,1,39,8,48,17,19,67,8,111,100,14,114,225
04/12/2018,TVC,MI,AGL,CE,Towers with Radar,18,17,30,2,67,0,2,0,3,5,18,19,30,5,72,2,0,2,74
04/13/2018,TVC,MI,AGL,CE,Towers with Radar,16,13,15,0,44,0,0,12,3,15,16,13,27,3,59,34,0,34,93
04/14/2018,TVC,MI,AGL,CE,Towers with Radar,7,5,0,0,12,0,0,0,0,0,7,5,0,0,12,0,0,0,12
04/15/2018,TVC,MI,AGL,CE,Towers with Radar,1,2,2,0,5,0,0,0,0,0,1,2,2,0,5,0,0,0,5
04/16/2018,TVC,MI,AGL,CE,Towers with Radar,15,7,10,0,32,0,0,0,0,0,15,7,10,0,32,0,0,0,32
04/17/2018,TVC,MI,AGL,CE,Towers with Radar,18,10,10,0,38,0,1,2,5,8,18,11,12,5,46,0,30,30,76
04/18/2018,TVC,MI,AGL,CE,Towers with Radar,20,16,17,5,58,0,1,11,4,16,20,17,28,9,74,78,0,78,152
04/19/2018,TVC,MI,AGL,CE,Towers with Radar,17,19,66,1,103,0,2,96,5,103,17,21,162,6,206,78,0,78,284
04/20/2018,TVC,MI,AGL,CE,Towers with Radar,19,17,54,2,92,0,1,110,7,118,19,18,164,9,210,150,14,164,374
04/21/2018,TVC,MI,AGL,CE,Towers with Radar,18,11,38,0,67,0,2,91,4,97,18,13,129,4,164,92,10,102,266
04/22/2018,TVC,MI,AGL,CE,Towers with Radar,21,11,25,0,57,0,3,104,3,110,21,14,129,3,167,70,0,70,237
04/23/2018,TVC,MI,AGL,CE,Towers with Radar,18,3,61,0,82,0,3,113,9,125,18,6,174,9,207,130,0,130,337
04/24/2018,TVC,MI,AGL,CE,Towers with Radar,18,14,57,0,89,0,3,88,15,106,18,17,145,15,195,150,0,150,345
04/25/2018,TVC,MI,AGL,CE,Towers with Radar,17,25,33,0,75,0,0,33,4,37,17,25,66,4,112,38,0,38,150
04/26/2018,TVC,MI,AGL,CE,Towers with Radar,18,14,44,0,76,0,6,116,13,135,18,20,160,13,211,168,0,168,379
04/27/2018,TVC,MI,AGL,CE,Towers with Radar,17,23,26,2,68,0,5,21,1,27,17,28,47,3,95,28,0,28,123
04/28/2018,TVC,MI,AGL,CE,Towers with Radar,20,10,15,0,45,0,1,45,5,51,20,11,60,5,96,44,26,70,166
04/29/2018,TVC,MI,AGL,CE,Towers with Radar,18,8,26,0,52,0,4,78,3,85,18,12,104,3,137,110,18,128,265
04/30/2018,TVC,MI,AGL,CE,Towers with Radar,18,8,39,0,65,0,2,100,4,106,18,10,139,4,171,116,0,116,287
05/01/2018,TVC,MI,AGL,CE,Towers with Radar,17,8,19,0,44,0,4,46,8,58,17,12,65,8,102,16,0,16,118
05/02/2018,TVC,MI,AGL,CE,Towers with Radar,16,17,48,3,84,0,0,35,11,46,16,17,83,14,130,70,0,70,200
05/03/2018,TVC,MI,AGL,CE,Towers with Radar,16,13,59,0,88,0,0,70,8,78,16,13,129,8,166,86,0,86,252
05/04/2018,TVC,MI,AGL,CE,Towers with Radar,16,13,21,0,50,0,0,15,4,19,16,13,36,4,69,18,0,18,87
05/05/2018,TVC,MI,AGL,CE,Towers with Radar,19,12,20,0,51,0,8,81,2,91,19,20,101,2,142,60,0,60,202
05/06/2018,TVC,MI,AGL,CE,Towers with Radar,17,2,21,0,40,0,6,44,3,53,17,8,65,3,93,54,0,54,147
05/07/2018,TVC,MI,AGL,CE,Towers with Radar,18,6,53,2,79,0,6,124,16,146,18,12,177,18,225,102,40,142,367
05/08/2018,TVC,MI,AGL,CE,Towers with Radar,17,15,22,1,55,0,0,110,7,117,17,15,132,8,172,116,0,116,288
05/09/2018,TVC,MI,AGL,CE,Towers with Radar,16,8,17,0,41,0,0,39,4,43,16,8,56,4,84,80,6,86,170
05/10/2018,TVC,MI,AGL,CE,Towers with Radar,17,15,33,0,65,0,4,42,5,51,17,19,75,5,116,134,0,134,250
05/11/2018,TVC,MI,AGL,CE,Towers with Radar,18,13,48,0,79,0,2,79,5,86,18,15,127,5,165,96,0,96,261
05/12/2018,TVC,MI,AGL,CE,Towers with Radar,20,11,11,1,43,0,5,67,2,74,20,16,78,3,117,54,0,54,171
05/13/2018,TVC,MI,AGL,CE,Towers with Radar,20,7,31,0,58,0,7,35,3,45,20,14,66,3,103,22,0,22,125
05/14/2018,TVC,MI,AGL,CE,Towers with Radar,13,7,39,0,59,0,5,99,7,111,13,12,138,7,170,212,0,212,382
05/15/2018,TVC,MI,AGL,CE,Towers with Radar,14,18,37,2,71,0,0,94,3,97,14,18,131,5,168,130,0,130,298
05/16/2018,TVC,MI,AGL,CE,Towers with Radar,17,14,30,0,61,0,2,96,5,103,17,16,126,5,164,110,0,110,274
05/17/2018,TVC,MI,AGL,CE,Towers with Radar,17,11,42,1,71,0,4,91,4,99,17,15,133,5,170,146,0,146,316
05/18/2018,TVC,MI,AGL,CE,Towers with Radar,18,9,37,0,64,0,1,92,4,97,18,10,129,4,161,142,14,156,317
05/19/2018,TVC,MI,AGL,CE,Towers with Radar,21,12,22,1,56,0,0,0,0,0,21,12,22,1,56,0,0,0,56
05/20/2018,TVC,MI,AGL,CE,Towers with Radar,22,4,48,0,74,0,4,54,7,65,22,8,102,7,139,32,24,56,195
05/21/2018,TVC,MI,AGL,CE,Towers with Radar,21,5,36,0,62,0,8,75,4,87,21,13,111,4,149,126,0,126,275
05/22/2018,TVC,MI,AGL,CE,Towers with Radar,19,12,38,3,72,0,3,100,5,108,19,15,138,8,180,138,0,138,318
05/23/2018,TVC,MI,AGL,CE,Towers with Radar,17,24,54,3,98,0,1,106,6,113,17,25,160,9,211,202,0,202,413
05/24/2018,TVC,MI,AGL,CE,Towers with Radar,17,28,40,1,86,0,3,106,10,119,17,31,146,11,205,92,0,92,297
05/25/2018,TVC,MI,AGL,CE,Towers with Radar,19,22,53,0,94,0,6,82,2,90,19,28,135,2,184,72,0,72,256
05/26/2018,TVC,MI,AGL,CE,Towers with Radar,22,20,15,1,58,0,11,61,1,73,22,31,76,2,131,44,0,44,175
05/27/2018,TVC,MI,AGL,CE,Towers with Radar,23,7,17,0,47,0,1,45,2,48,23,8,62,2,95,2,0,2,97
05/28/2018,TVC,MI,AGL,CE,Towers with Radar,19,15,35,0,69,0,6,57,2,65,19,21,92,2,134,122,0,122,256
05/29/2018,TVC,MI,AGL,CE,Towers with Radar,19,15,54,0,88,0,8,115,9,132,19,23,169,9,220,98,0,98,318
05/30/2018,TVC,MI,AGL,CE,Towers with Radar,16,13,28,1,58,0,2,65,8,75,16,15,93,9,133,152,0,152,285
05/31/2018,TVC,MI,AGL,CE,Towers with Radar,18,15,32,1,66,0,0,25,6,31,18,15,57,7,97,52,8,60,157
06/01/2018,TVC,MI,AGL,CE,Towers with Radar,18,25,41,0,84,0,11,76,8,95,18,36,117,8,179,88,0,88,267
06/02/2018,TVC,MI,AGL,CE,Towers with Radar,21,15,42,2,80,0,1,114,1,116,21,16,156,3,196,156,0,156,352
06/03/2018,TVC,MI,AGL,CE,Towers with Radar,20,6,33,1,60,0,0,12,1,13,20,6,45,2,73,16,0,16,89
06/04/2018,TVC,MI,AGL,CE,Towers with Radar,18,10,29,2,59,0,4,67,5,76,18,14,96,7,135,106,10,116,251
06/05/2018,TVC,MI,AGL,CE,Towers with Radar,18,14,44,0,76,0,1,66,12,79,18,15,110,12,155,96,2,98,253
06/06/2018,TVC,MI,AGL,CE,Towers with Radar,16,14,46,0,76,0,7,107,7,121,16,21,153,7,197,168,0,168,365
06/07/2018,TVC,MI,AGL,CE,Towers with Radar,24,26,39,0,89,0,0,103,11,114,24,26,142,11,203,180,38,218,421
06/08/2018,TVC,MI,AGL,CE,Towers with Radar,26,19,39,0,84,0,2,103,4,109,26,21,142,4,193,170,0,170,363
06/09/2018,TVC,MI,AGL,CE,Towers with Radar,35,17,47,3,102,0,1,58,5,64,35,18,105,8,166,30,0,30,196
06/10/2018,TVC,MI,AGL,CE,Towers with Radar,29,12,49,0,90,0,2,43,2,47,29,14,92,2,137,22,0,22,159
06/11/2018,TVC,MI,AGL,CE,Towers with Radar,26,9,50,1,86,0,2,87,4,93,26,11,137,5,179,134,0,134,313
06/12/2018,TVC,MI,AGL,CE,Towers with Radar,26,17,37,0,80,0,3,111,4,118,26,20,148,4,198,188,0,188,386
06/13/2018,TVC,MI,AGL,CE,Towers with Radar,28,26,27,0,81,0,3,68,5,76,28,29,95,5,157,96,0,96,253
06/14/2018,TVC,MI,AGL,CE,Towers with Radar,28,15,39,0,82,0,2,147,11,160,28,17,186,11,242,170,8,178,420
06/15/2018,TVC,MI,AGL,CE,Towers with Radar,29,22,31,0,82,0,5,112,3,120,29,27,143,3,202,170,24,194,396
06/16/2018,TVC,MI,AGL,CE,Towers with Radar,47,20,21,0,88,0,5,27,4,36,47,25,48,4,124,40,0,40,164
06/17/2018,TVC,MI,AGL,CE,Towers with Radar,40,13,24,0,77,0,6,57,2,65,40,19,81,2,142,42,0,42,184
06/18/2018,TVC,MI,AGL,CE,Towers with Radar,32,14,16,9,71,0,1,6,3,10,32,15,22,12,81,0,0,0,81
06/19/2018,TVC,MI,AGL,CE,Towers with Radar,27,27,52,0,106,0,6,142,18,166,27,33,194,18,272,164,14,178,450
06/20/2018,TVC,MI,AGL,CE,Towers with Radar,29,25,41,2,97,0,3,135,13,151,29,28,176,15,248,256,48,304,552
06/21/2018,TVC,MI,AGL,CE,Towers with Radar,30,16,38,0,84,0,3,197,10,210,30,19,235,10,294,252,0,252,546
06/22/2018,TVC,MI,AGL,CE,Towers with Radar,28,24,40,0,92,0,5,150,6,161,28,29,190,6,253,228,0,228,481
06/23/2018,TVC,MI,AGL,CE,Towers with Radar,53,34,29,0,116,0,1,13,5,19,53,35,42,5,135,16,22,38,173
06/24/2018,TVC,MI,AGL,CE,Towers with Radar,40,19,48,5,112,0,3,52,10,65,40,22,100,15,177,56,14,70,247
06/25/2018,TVC,MI,AGL,CE,Towers with Radar,29,17,34,0,80,0,3,138,12,153,29,20,172,12,233,226,2,228,461
06/26/2018,TVC,MI,AGL,CE,Towers with Radar,21,15,20,3,59,0,4,131,9,144,21,19,151,12,203,200,0,200,403
06/27/2018,TVC,MI,AGL,CE,Towers with Radar,30,29,31,2,92,0,1,86,3,90,30,30,117,5,182,178,0,178,360
06/28/2018,TVC,MI,AGL,CE,Towers with Radar,28,16,39,11,94,0,7,68,24,99,28,23,107,35,193,70,0,70,263
06/29/2018,TVC,MI,AGL,CE,Towers with Radar,30,32,36,7,105,0,6,73,36,115,30,38,109,43,220,72,4,76,296
06/30/2018,TVC,MI,AGL,CE,Towers with Radar,57,27,33,2,119,0,11,51,26,88,57,38,84,28,207,30,0,30,237
07/01/2018,TVC,MI,AGL,CE,Towers with Radar,37,9,22,4,72,0,1,49,24,74,37,10,71,28,146,16,0,16,162
07/02/2018,TVC,MI,AGL,CE,Towers with Radar,29,12,53,3,97,0,8,121,5,134,29,20,174,8,231,190,4,194,425
07/03/2018,TVC,MI,AGL,CE,Towers with Radar,28,33,58,2,121,0,7,130,3,140,28,40,188,5,261,204,0,204,465
07/04/2018,TVC,MI,AGL,CE,Towers with Radar,27,17,4,0,48,0,4,65,9,78,27,21,69,9,126,124,12,136,262
07/05/2018,TVC,MI,AGL,CE,Towers with Radar,34,26,26,0,86,0,4,98,11,113,34,30,124,11,199,116,0,116,315
07/06/2018,TVC,MI,AGL,CE,Towers with Radar,42,23,25,0,90,0,8,128,2,138,42,31,153,2,228,104,46,150,378
07/07/2018,TVC,MI,AGL,CE,Towers with Radar,49,18,29,0,96,0,11,94,3,108,49,29,123,3,204,90,12,102,306
07/08/2018,TVC,MI,AGL,CE,Towers with Radar,47,29,28,0,104,0,8,55,5,68,47,37,83,5,172,40,38,78,250
07/09/2018,TVC,MI,AGL,CE,Towers with Radar,38,20,57,1,116,0,12,132,5,149,38,32,189,6,265,133,32,165,430
07/10/2018,TVC,MI,AGL,CE,Towers with Radar,36,34,36,0,106,0,4,140,7,151,36,38,176,7,257,246,0,246,503
07/11/2018,TVC,MI,AGL,CE,Towers with Radar,52,17,44,2,115,0,8,132,7,147,52,25,176,9,262,250,8,258,520
07/12/2018,TVC,MI,AGL,CE,Towers with Radar,36,29,39,3,107,0,4,126,4,134,36,33,165,7,241,212,2,214,455
07/13/2018,TVC,MI,AGL,CE,Towers with Radar,36,30,50,0,116,0,5,85,5,95,36,35,135,5,211,182,0,182,393
07/14/2018,TVC,MI,AGL,CE,Towers with Radar,51,34,57,0,142,0,4,55,6,65,51,38,112,6,207,96,12,108,315
07/15/2018,TVC,MI,AGL,CE,Towers with Radar,44,33,63,0,140,0,4,45,4,53,44,37,108,4,193,58,12,70,263
07/16/2018,TVC,MI,AGL,CE,Towers with Radar,32,15,38,4,89,0,3,85,5,93,32,18,123,9,182,202,0,202,384
07/17/2018,TVC,MI,AGL,CE,Towers with Radar,37,29,51,0,117,0,8,116,10,134,37,37,167,10,251,226,12,238,489
07/18/2018,TVC,MI,AGL,CE,Towers with Radar,36,15,52,0,103,0,2,137,6,145,36,17,189,6,248,240,0,240,488
07/19/2018,TVC,MI,AGL,CE,Towers with Radar,34,45,54,2,135,0,7,123,5,135,34,52,177,7,270,230,0,230,500
07/20/2018,TVC,MI,AGL,CE,Towers with Radar,34,29,35,0,98,0,4,39,7,50,34,33,74,7,148,24,0,24,172
07/21/2018,TVC,MI,AGL,CE,Towers with Radar,55,34,14,3,106,0,2,2,0,4,55,36,16,3,110,28,0,28,138
07/22/2018,TVC,MI,AGL,CE,Towers with Radar,46,25,53,1,125,0,12,42,2,56,46,37,95,3,181,50,16,66,247
07/23/2018,TVC,MI,AGL,CE,Towers with Radar,33,12,43,1,89,0,0,33,14,47,33,12,76,15,136,66,10,76,212
07/24/2018,TVC,MI,AGL,CE,Towers with Radar,32,25,43,1,101,0,12,70,3,85,32,37,113,4,186,76,0,76,262
07/25/2018,TVC,MI,AGL,CE,Towers with Radar,36,23,42,0,101,0,5,132,6,143,36,28,174,6,244,222,0,222,466
07/26/2018,TVC,MI,AGL,CE,Towers with Radar,35,34,44,0,113,0,2,82,10,94,35,36,126,10,207,148,2,150,357
07/27/2018,TVC,MI,AGL,CE,Towers with Radar,35,38,67,0,140,0,0,32,6,38,35,38,99,6,178,48,0,48,226
07/28/2018,TVC,MI,AGL,CE,Towers with Radar,47,29,29,1,106,0,4,111,1,116,47,33,140,2,222,68,0,68,290
07/29/2018,TVC,MI,AGL,CE,Towers with Radar,41,22,29,2,94,0,6,64,5,75,41,28,93,7,169,32,0,32,201
07/30/2018,TVC,MI,AGL,CE,Towers with Radar,36,14,44,0,94,0,6,151,5,162,36,20,195,5,256,286,0,286,542
07/31/2018,TVC,MI,AGL,CE,Towers with Radar,36,32,41,0,109,0,4,126,8,138,36,36,167,8,247,180,0,180,427
08/01/2018,TVC,MI,AGL,CE,Towers with Radar,46,37,35,2,120,0,8,77,3,88,46,45,112,5,208,112,16,128,336
08/02/2018,TVC,MI,AGL,CE,Towers with Radar,32,36,49,0,117,0,4,84,7,95,32,40,133,7,212,220,12,232,444
08/03/2018,TVC,MI,AGL,CE,Towers with Radar,37,33,58,2,130,0,4,120,8,132,37,37,178,10,262,214,4,218,480
08/04/2018,TVC,MI,AGL,CE,Towers with Radar,51,38,44,0,133,0,7,107,0,114,51,45,151,0,247,104,0,104,351
08/05/2018,TVC,MI,AGL,CE,Towers with Radar,49,29,37,1,116,0,3,42,0,45,49,32,79,1,161,12,0,12,173
08/06/2018,TVC,MI,AGL,CE,Towers with Radar,40,19,45,0,104,0,0,63,7,70,40,19,108,7,174,122,8,130,304
08/07/2018,TVC,MI,AGL,CE,Towers with Radar,31,27,42,2,102,0,1,119,5,125,31,28,161,7,227,232,12,244,471
08/08/2018,TVC,MI,AGL,CE,Towers with Radar,35,37,52,4,128,0,11,129,7,147,35,48,181,11,275,150,0,150,425
08/09/2018,TVC,MI,AGL,CE,Towers with Radar,33,29,75,0,137,0,3,100,3,106,33,32,175,3,243,112,0,112,355
08/10/2018,TVC,MI,AGL,CE,Towers with Radar,35,33,62,0,130,0,11,146,7,164,35,44,208,7,294,204,38,242,536
08/11/2018,TVC,MI,AGL,CE,Towers with Radar,43,34,46,2,125,0,6,97,1,104,43,40,143,3,229,100,10,110,339
08/12/2018,TVC,MI,AGL,CE,Towers with Radar,46,31,55,0,132,0,1,70,3,74,46,32,125,3,206,56,24,80,286
08/13/2018,TVC,MI,AGL,CE,Towers with Radar,31,13,66,8,118,0,4,117,4,125,31,17,183,12,243,140,18,158,401
08/14/2018,TVC,MI,AGL,CE,Towers with Radar,33,25,46,3,107,0,8,121,4,133,33,33,167,7,240,148,0,148,388
08/15/2018,TVC,MI,AGL,CE,Towers with Radar,38,29,49,7,123,0,5,113,13,131,38,34,162,20,254,230,0,230,484
08/16/2018,TVC,MI,AGL,CE,Towers with Radar,31,27,40,2,100,0,3,66,7,76,31,30,106,9,176,136,0,136,312
08/17/2018,TVC,MI,AGL,CE,Towers with Radar,33,22,49,3,107,0,5,87,4,96,33,27,136,7,203,146,2,148,351
08/18/2018,TVC,MI,AGL,CE,Towers with Radar,46,43,25,2,116,0,13,60,9,82,46,56,85,11,198,76,2,78,276
08/19/2018,TVC,MI,AGL,CE,Towers with Radar,41,25,27,7,100,0,9,35,0,44,41,34,62,7,144,36,0,36,180
08/20/2018,TVC,MI,AGL,CE,Towers with Radar,30,23,38,1,92,0,3,87,6,96,30,26,125,7,188,214,0,214,402
08/21/2018,TVC,MI,AGL,CE,Towers with Radar,40,26,19,2,87,0,3,32,9,44,40,29,51,11,131,76,0,76,207
08/22/2018,TVC,MI,AGL,CE,Towers with Radar,28,35,50,5,118,0,2,82,15,99,28,37,132,20,217,120,2,122,339
08/23/2018,TVC,MI,AGL,CE,Towers with Radar,30,34,45,0,109,0,8,116,10,134,30,42,161,10,243,138,0,138,381
08/24/2018,TVC,MI,AGL,CE,Towers with Radar,32,28,44,1,105,0,4,83,22,109,32,32,127,23,214,88,0,88,302
08/25/2018,TVC,MI,AGL,CE,Towers with Radar,37,24,15,0,76,0,0,9,4,13,37,24,24,4,89,32,0,32,121
08/26/2018,TVC,MI,AGL,CE,Towers with Radar,34,17,54,1,106,0,9,57,4,70,34,26,111,5,176,32,0,32,208
08/27/2018,TVC,MI,AGL,CE,Towers with Radar,27,16,15,0,58,0,1,13,1,15,27,17,28,1,73,14,4,18,91
08/28/2018,TVC,MI,AGL,CE,Towers with Radar,24,20,36,0,80,0,1,35,5,41,24,21,71,5,121,112,0,112,233
08/29/2018,TVC,MI,AGL,CE,Towers with Radar,27,19,32,1,79,0,1,3,2,6,27,20,35,3,85,6,0,6,91
08/30/2018,TVC,MI,AGL,CE,Towers with Radar,30,30,49,0,109,0,13,144,12,169,30,43,193,12,278,210,1,211,489
08/31/2018,TVC,MI,AGL,CE,Towers with Radar,30,23,37,1,91,0,10,161,4,175,30,33,198,5,266,232,0,232,498
09/01/2018,TVC,MI,AGL,CE,Towers with Radar,26,28,18,0,72,0,2,21,2,25,26,30,39,2,97,40,0,40,137
09/02/2018,TVC,MI,AGL,CE,Towers with Radar,27,13,21,3,64,0,9,26,1,36,27,22,47,4,100,26,2,28,128
09/03/2018,TVC,MI,AGL,CE,Towers with Radar,21,25,29,1,76,0,2,33,3,38,21,27,62,4,114,58,12,70,184
09/04/2018,TVC,MI,AGL,CE,Towers with Radar,29,20,34,2,85,0,0,73,8,81,29,20,107,10,166,94,8,102,268
09/05/2018,TVC,MI,AGL,CE,Towers with Radar,28,27,23,1,79,0,0,12,4,16,28,27,35,5,95,24,58,82,177
09/06/2018,TVC,MI,AGL,CE,Towers with Radar,37,29,49,1,116,0,4,135,12,151,37,33,184,13,267,218,12,230,497
09/07/2018,TVC,MI,AGL,CE,Towers with Radar,31,21,40,4,96,0,6,152,4,162,31,27,192,8,258,222,0,222,480
09/08/2018,TVC,MI,AGL,CE,Towers with Radar,30,18,30,0,78,0,8,66,2,76,30,26,96,2,154,122,0,122,276
09/09/2018,TVC,MI,AGL,CE,Towers with Radar,29,6,34,5,74,0,4,45,2,51,29,10,79,7,125,48,0,48,173
09/10/2018,TVC,MI,AGL,CE,Towers with Radar,28,13,46,1,88,0,1,102,5,108,28,14,148,6,196,204,8,212,408
09/11/2018,TVC,MI,AGL,CE,Towers with Radar,33,25,13,2,73,0,8,102,8,118,33,33,115,10,191,102,22,124,315
09/12/2018,TVC,MI,AGL,CE,Towers with Radar,28,21,34,1,84,0,4,91,4,99,28,25,125,5,183,104,0,104,287
09/13/2018,TVC,MI,AGL,CE,Towers with Radar,28,15,56,10,109,0,6,93,6,105,28,21,149,16,214,126,10,136,350
09/14/2018,TVC,MI,AGL,CE,Towers with Radar,28,15,46,1,90,0,0,75,4,79,28,15,121,5,169,102,0,102,271
09/15/2018,TVC,MI,AGL,CE,Towers with Radar,26,12,28,1,67,0,19,72,2,93,26,31,100,3,160,52,2,54,214
09/16/2018,TVC,MI,AGL,CE,Towers with Radar,27,11,45,2,85,0,2,98,2,102,27,13,143,4,187,42,21,63,250
09/17/2018,TVC,MI,AGL,CE,Towers with Radar,31,10,27,0,68,0,3,77,4,84,31,13,104,4,152,74,2,76,228
09/18/2018,TVC,MI,AGL,CE,Towers with Radar,28,23,39,0,90,0,4,50,6,60,28,27,89,6,150,158,0,158,308
09/19/2018,TVC,MI,AGL,CE,Towers with Radar,31,19,27,4,81,0,3,25,8,36,31,22,52,12,117,102,24,126,243
09/20/2018,TVC,MI,AGL,CE,Towers with Radar,28,20,22,5,75,0,0,2,3,5,28,20,24,8,80,18,48,66,146
09/21/2018,TVC,MI,AGL,CE,Towers with Radar,27,24,15,0,66,0,4,3,6,13,27,28,18,6,79,10,0,10,89
09/22/2018,TVC,MI,AGL,CE,Towers with Radar,26,12,40,0,78,0,11,93,3,107,26,23,133,3,185,176,6,182,367
09/23/2018,TVC,MI,AGL,CE,Towers with Radar,27,6,36,4,73,0,6,70,2,78,27,12,106,6,151,52,6,58,209
09/24/2018,TVC,MI,AGL,CE,Towers with Radar,27,17,27,1,72,0,5,83,7,95,27,22,110,8,167,150,4,154,321
09/25/2018,TVC,MI,AGL,CE,Towers with Radar,27,23,31,0,81,0,3,67,13,83,27,26,98,13,164,98,24,122,286
09/26/2018,TVC,MI,AGL,CE,Towers with Radar,31,16,33,2,82,0,6,60,6,72,31,22,93,8,154,150,2,152,306
09/27/2018,TVC,MI,AGL,CE,Towers with Radar,29,17,37,3,86,0,1,111,10,122,29,18,148,13,208,102,12,114,322
09/28/2018,TVC,MI,AGL,CE,Towers with Radar,28,23,35,5,91,0,7,85,5,97,28,30,120,10,188,208,0,208,396
09/29/2018,TVC,MI,AGL,CE,Towers with Radar,26,21,24,0,71,0,9,84,2,95,26,30,108,2,166,134,0,134,300
09/30/2018,TVC,MI,AGL,CE,Towers with Radar,28,11,21,3,63,0,3,30,5,38,28,14,51,8,101,38,0,38,139
10/01/2018,TVC,MI,AGL,CE,Towers with Radar,26,10,31,1,68,0,3,85,4,92,26,13,116,5,160,142,0,142,302
10/02/2018,TVC,MI,AGL,CE,Towers with Radar,22,14,19,1,56,0,2,6,4,12,22,16,25,5,68,32,26,58,126
10/03/2018,TVC,MI,AGL,CE,Towers with Radar,22,15,11,3,51,0,3,7,13,23,22,18,18,16,74,8,36,44,118
10/04/2018,TVC,MI,AGL,CE,Towers with Radar,21,20,39,1,81,0,6,94,10,110,21,26,133,11,191,118,20,138,329
10/05/2018,TVC,MI,AGL,CE,Towers with Radar,20,21,40,3,84,0,5,66,2,73,20,26,106,5,157,90,0,90,247
10/06/2018,TVC,MI,AGL,CE,Towers with Radar,19,15,15,1,50,0,0,3,2,5,19,15,18,3,55,0,0,0,55
10/07/2018,TVC,MI,AGL,CE,Towers with Radar,22,5,24,1,52,0,9,7,1,17,22,14,31,2,69,0,0,0,69
10/08/2018,TVC,MI,AGL,CE,Towers with Radar,19,13,23,3,58,0,4,55,2,61,19,17,78,5,119,40,0,40,159
10/09/2018,TVC,MI,AGL,CE,Towers with Radar,20,7,32,0,59,0,1,100,0,101,20,8,132,0,160,180,0,180,340
10/10/2018,TVC,MI,AGL,CE,Towers with Radar,25,10,14,5,54,0,0,30,9,39,25,10,44,14,93,84,0,84,177
10/11/2018,TVC,MI,AGL,CE,Towers with Radar,20,17,15,1,53,0,7,8,9,24,20,24,23,10,77,2,0,2,79
10/12/2018,TVC,MI,AGL,CE,Towers with Radar,21,25,41,1,88,0,7,107,3,117,21,32,148,4,205,307,0,307,512
10/13/2018,TVC,MI,AGL,CE,Towers with Radar,20,6,31,3,60,0,21,111,2,134,20,27,142,5,194,88,0,88,282
10/14/2018,TVC,MI,AGL,CE,Towers with Radar,23,11,49,0,83,0,5,24,1,30,23,16,73,1,113,60,0,60,173
10/15/2018,TVC,MI,AGL,CE,Towers with Radar,20,8,25,0,53,0,6,20,6,32,20,14,45,6,85,12,0,12,97
10/16/2018,TVC,MI,AGL,CE,Towers with Radar,20,15,25,7,67,0,11,53,8,72,20,26,78,15,139,52,10,62,201
10/17/2018,TVC,MI,AGL,CE,Towers with Radar,20,21,11,2,54,0,0,9,10,19,20,21,20,12,73,10,22,32,105
10/18/2018,TVC,MI,AGL,CE,Towers with Radar,20,22,47,4,93,0,2,151,13,166,20,24,198,17,259,192,0,192,451
10/19/2018,TVC,MI,AGL,CE,Towers with Radar,21,25,29,0,75,0,4,28,8,40,21,29,57,8,115,20,0,20,135
10/20/2018,TVC,MI,AGL,CE,Towers with Radar,22,16,5,2,45,0,6,8,1,15,22,22,13,3,60,2,0,2,62
10/21/2018,TVC,MI,AGL,CE,Towers with Radar,20,16,29,1,66,0,8,63,3,74,20,24,92,4,140,114,0,114,254
10/22/2018,TVC,MI,AGL,CE,Towers with Radar,20,8,40,4,72,0,5,131,9,145,20,13,171,13,217,154,12,166,383
10/23/2018,TVC,MI,AGL,CE,Towers with Radar,20,19,22,2,63,0,2,57,7,66,20,21,79,9,129,155,0,155,284
10/24/2018,TVC,MI,AGL,CE,Towers with Radar,20,13,34,1,68,0,3,104,6,113,20,16,138,7,181,186,0,186,367
10/25/2018,TVC,MI,AGL,CE,Towers with Radar,20,21,35,10,86,0,2,104,7,113,20,23,139,17,199,180,0,180,379
10/26/2018,TVC,MI,AGL,CE,Towers with Radar,20,15,35,0,70,0,5,89,8,102,20,20,124,8,172,170,20,190,362
10/27/2018,TVC,MI,AGL,CE,Towers with Radar,19,11,15,0,45,0,11,10,4,25,19,22,25,4,70,48,12,60,130
10/28/2018,TVC,MI,AGL,CE,Towers with Radar,19,4,10,0,33,0,0,4,0,4,19,4,14,0,37,4,0,4,41
10/29/2018,TVC,MI,AGL,CE,Towers with Radar,16,7,44,7,74,0,5,86,10,101,16,12,130,17,175,142,6,148,323
10/30/2018,TVC,MI,AGL,CE,Towers with Radar,20,11,29,5,65,0,0,88,4,92,20,11,117,9,157,68,12,80,237
10/31/2018,TVC,MI,AGL,CE,Towers with Radar,17,11,35,5,68,0,4,87,7,98,17,15,122,12,166,66,32,98,264
11/01/2018,TVC,MI,AGL,CE,Towers with Radar,17,21,66,2,106,0,2,94,7,103,17,23,160,9,209,154,2,156,365
11/02/2018,TVC,MI,AGL,CE,Towers with Radar,18,16,48,1,83,0,12,102,8,122,18,28,150,9,205,152,18,170,375
11/03/2018,TVC,MI,AGL,CE,Towers with Radar,17,12,45,0,74,0,7,56,7,70,17,19,101,7,144,82,0,82,226
11/04/2018,TVC,MI,AGL,CE,Towers with Radar,18,3,11,0,32,0,3,17,3,23,18,6,28,3,55,2,0,2,57
11/05/2018,TVC,MI,AGL,CE,Towers with Radar,15,8,45,1,69,0,0,21,1,22,15,8,66,2,91,48,20,68,159
11/06/2018,TVC,MI,AGL,CE,Towers with Radar,15,22,10,5,52,0,0,0,6,6,15,22,10,11,58,2,48,50,108
11/07/2018,TVC,MI,AGL,CE,Towers with Radar,16,13,9,0,38,0,0,7,2,9,16,13,16,2,47,0,24,24,71
11/08/2018,TVC,MI,AGL,CE,Towers with Radar,16,9,44,3,72,0,1,73,6,80,16,10,117,9,152,192,0,192,344
11/09/2018,TVC,MI,AGL,CE,Towers with Radar,16,23,3,0,42,0,0,0,5,5,16,23,3,5,47,0,0,0,47
11/10/2018,TVC,MI,AGL,CE,Towers with Radar,18,15,11,0,44,0,0,7,1,8,18,15,18,1,52,10,0,10,62
11/11/2018,TVC,MI,AGL,CE,Towers with Radar,18,12,8,1,39,0,0,4,0,4,18,12,12,1,43,2,0,2,45
11/12/2018,TVC,MI,AGL,CE,Towers with Radar,17,11,49,1,78,0,0,55,1,56,17,11,104,2,134,130,0,130,264
11/13/2018,TVC,MI,AGL,CE,Towers with Radar,16,13,29,6,64,0,1,45,7,53,16,14,74,13,117,86,8,94,211
11/14/2018,TVC,MI,AGL,CE,Towers with Radar,16,16,45,1,78,0,2,87,6,95,16,18,132,7,173,204,0,204,377
11/15/2018,TVC,MI,AGL,CE,Towers with Radar,18,15,39,3,75,0,2,109,5,116,18,17,148,8,191,236,8,244,435
11/16/2018,TVC,MI,AGL,CE,Towers with Radar,17,20,13,0,50,0,0,5,2,7,17,20,18,2,57,42,20,62,119
11/17/2018,TVC,MI,AGL,CE,Towers with Radar,15,13,6,0,34,0,0,0,2,2,15,13,6,2,36,0,0,0,36
11/18/2018,TVC,MI,AGL,CE,Towers with Radar,18,6,33,0,57,0,6,47,2,55,18,12,80,2,112,136,0,136,248
11/19/2018,TVC,MI,AGL,CE,Towers with Radar,16,15,17,1,49,0,0,32,5,37,16,15,49,6,86,70,0,70,156
11/20/2018,TVC,MI,AGL,CE,Towers with Radar,17,16,40,3,76,0,1,51,2,54,17,17,91,5,130,126,0,126,256
11/21/2018,TVC,MI,AGL,CE,Towers with Radar,16,15,13,0,44,0,0,6,3,9,16,15,19,3,53,14,0,14,67
11/22/2018,TVC,MI,AGL,CE,Towers with Radar,11,1,5,0,17,0,1,0,0,1,11,2,5,0,18,0,0,0,18
11/23/2018,TVC,MI,AGL,CE,Towers with Radar,13,13,26,0,52,0,3,30,6,39,13,16,56,6,91,30,10,40,131
11/24/2018,TVC,MI,AGL,CE,Towers with Radar,16,16,2,0,34,0,2,0,1,3,16,18,2,1,37,0,12,12,49
11/25/2018,TVC,MI,AGL,CE,Towers with Radar,16,15,17,1,49,0,0,11,2,13,16,15,28,3,62,58,20,78,140
11/26/2018,TVC,MI,AGL,CE,Towers with Radar,8,9,4,0,21,0,2,2,7,11,8,11,6,7,32,0,28,28,60
11/27/2018,TVC,MI,AGL,CE,Towers with Radar,17,21,15,2,55,0,0,12,12,24,17,21,27,14,79,8,34,42,121
11/28/2018,TVC,MI,AGL,CE,Towers with Radar,16,16,18,4,54,0,0,34,8,42,16,16,52,12,96,206,34,240,336
11/29/2018,TVC,MI,AGL,CE,Towers with Radar,18,16,11,0,45,0,0,10,4,14,18,16,21,4,59,82,6,88,147
11/30/2018,TVC,MI,AGL,CE,Towers with Radar,16,14,13,0,43,0,0,7,7,14,16,14,20,7,57,96,14,110,167
12/01/2018,TVC,MI,AGL,CE,Towers with Radar,15,16,3,4,38,0,0,6,0,6,15,16,9,4,44,46,0,46,90
12/02/2018,TVC,MI,AGL,CE,Towers with Radar,19,5,4,2,30,0,0,0,0,0,19,5,4,2,30,0,0,0,30
12/03/2018,TVC,MI,AGL,CE,Towers with Radar,16,6,11,0,33,0,0,9,11,20,16,6,20,11,53,50,42,92,145
12/04/2018,TVC,MI,AGL,CE,Towers with Radar,17,18,38,1,74,0,1,94,4,99,17,19,132,5,173,252,0,252,425
12/05/2018,TVC,MI,AGL,CE,Towers with Radar,19,12,8,0,39,0,0,7,3,10,19,12,15,3,49,44,0,44,93
12/06/2018,TVC,MI,AGL,CE,Towers with Radar,16,15,3,0,34,0,0,0,0,0,16,15,3,0,34,0,0,0,34
12/07/2018,TVC,MI,AGL,CE,Towers with Radar,15,21,28,1,65,0,0,32,3,35,15,21,60,4,100,86,0,86,186
12/08/2018,TVC,MI,AGL,CE,Towers with Radar,20,17,56,2,95,0,2,99,8,109,20,19,155,10,204,166,0,166,370
12/09/2018,TVC,MI,AGL,CE,Towers with Radar,16,7,20,0,43,0,4,9,2,15,16,11,29,2,58,28,0,28,86
12/10/2018,TVC,MI,AGL,CE,Towers with Radar,16,9,44,0,69,0,2,60,8,70,16,11,104,8,139,154,0,154,293
12/11/2018,TVC,MI,AGL,CE,Towers with Radar,17,17,17,0,51,0,0,17,5,22,17,17,34,5,73,104,18,122,195
12/12/2018,TVC,MI,AGL,CE,Towers with Radar,18,23,25,1,67,0,3,51,4,58,18,26,76,5,125,44,0,44,169
12/13/2018,TVC,MI,AGL,CE,Towers with Radar,16,19,16,0,51,0,0,19,5,24,16,19,35,5,75,72,0,72,147
12/14/2018,TVC,MI,AGL,CE,Towers with Radar,16,20,44,0,80,0,0,36,2,38,16,20,80,2,118,62,0,62,180
12/15/2018,TVC,MI,AGL,CE,Towers with Radar,17,14,41,0,72,0,0,61,4,65,17,14,102,4,137,132,0,132,269
12/16/2018,TVC,MI,AGL,CE,Towers with Radar,18,7,27,1,53,0,2,63,0,65,18,9,90,1,118,116,0,116,234
12/17/2018,TVC,MI,AGL,CE,Towers with Radar,16,5,2,0,23,0,2,25,8,35,16,7,27,8,58,76,0,76,134
12/18/2018,TVC,MI,AGL,CE,Towers with Radar,16,16,40,2,74,0,1,91,8,100,16,17,131,10,174,178,0,178,352
12/19/2018,TVC,MI,AGL,CE,Towers with Radar,18,25,39,0,82,0,4,100,4,108,18,29,139,4,190,160,0,160,350
12/20/2018,TVC,MI,AGL,CE,Towers with Radar,16,20,15,0,51,0,1,18,2,21,16,21,33,2,72,70,0,70,142
12/21/2018,TVC,MI,AGL,CE,Towers with Radar,17,15,6,1,39,0,0,0,0,0,17,15,6,1,39,0,0,0,39
12/22/2018,TVC,MI,AGL,CE,Towers with Radar,19,19,12,0,50,0,1,9,1,11,19,20,21,1,61,20,0,20,81
12/23/2018,TVC,MI,AGL,CE,Towers with Radar,17,10,5,0,32,0,0,0,0,0,17,10,5,0,32,0,0,0,32
12/24/2018,TVC,MI,AGL,CE,Towers with Radar,17,6,11,0,34,0,0,0,0,0,17,6,11,0,34,0,0,0,34
12/25/2018,TVC,MI,AGL,CE,Towers with Radar,11,3,6,0,20,0,1,4,0,5,11,4,10,0,25,6,0,6,31
12/26/2018,TVC,MI,AGL,CE,Towers with Radar,18,22,6,0,46,0,2,11,4,17,18,24,17,4,63,56,0,56,119
12/27/2018,TVC,MI,AGL,CE,Towers with Radar,19,20,8,0,47,0,0,0,5,5,19,20,8,5,52,0,52,52,104
12/28/2018,TVC,MI,AGL,CE,Towers with Radar,16,11,1,2,30,0,0,0,1,1,16,11,1,3,31,0,16,16,47
12/29/2018,TVC,MI,AGL,CE,Towers with Radar,16,10,6,0,32,0,1,11,2,14,16,11,17,2,46,22,0,22,68
12/30/2018,TVC,MI,AGL,CE,Towers with Radar,16,6,20,0,42,0,4,23,3,30,16,10,43,3,72,76,8,84,156
12/31/2018,TVC,MI,AGL,CE,Towers with Radar,15,6,5,0,26,0,0,10,0,10,15,6,15,0,36,30,0,30,66
01/01/2019,TVC,MI,AGL,CE,Towers with Radar,15,3,6,0,24,0,3,1,1,5,15,6,7,1,29,8,8,16,45
01/02/2019,TVC,MI,AGL,CE,Towers with Radar,21,15,4,0,40,0,0,15,0,15,21,15,19,0,55,4,0,4,59
01/03/2019,TVC,MI,AGL,CE,Towers with Radar,17,20,8,0,45,0,5,18,7,30,17,25,26,7,75,64,34,98,173
01/04/2019,TVC,MI,AGL,CE,Towers with Radar,15,13,19,5,52,0,4,75,5,84,15,17,94,10,136,90,8,98,234
01/05/2019,TVC,MI,AGL,CE,Towers with Radar,15,12,12,0,39,0,3,33,3,39,15,15,45,3,78,42,16,58,136
01/06/2019,TVC,MI,AGL,CE,Towers with Radar,16,5,19,0,40,0,7,37,4,48,16,12,56,4,88,72,52,124,212
01/07/2019,TVC,MI,AGL,CE,Towers with Radar,15,6,1,0,22,0,0,0,0,0,15,6,1,0,22,0,0,0,22
01/08/2019,TVC,MI,AGL,CE,Towers with Radar,15,10,6,4,35,0,4,0,4,8,15,14,6,8,43,20,50,70,113
01/09/2019,TVC,MI,AGL,CE,Towers with Radar,16,14,9,2,41,0,0,0,11,11,16,14,9,13,52,0,114,114,166
01/10/2019,TVC,MI,AGL,CE,Towers with Radar,18,11,7,1,37,0,4,8,12,24,18,15,15,13,61,62,60,122,183
01/11/2019,TVC,MI,AGL,CE,Towers with Radar,17,10,12,0,39,0,2,53,1,56,17,12,65,1,95,112,14,126,221
01/12/2019,TVC,MI,AGL,CE,Towers with Radar,13,13,19,0,45,0,3,17,3,23,13,16,36,3,68,44,20,64,132
01/13/2019,TVC,MI,AGL,CE,Towers with Radar,18,3,40,0,61,0,3,66,3,72,18,6,106,3,133,76,4,80,213
01/14/2019,TVC,MI,AGL,CE,Towers with Radar,19,11,5,0,35,0,4,16,14,34,19,15,21,14,69,122,86,208,277
01/15/2019,TVC,MI,AGL,CE,Towers with Radar,16,10,13,1,40,0,0,4,1,5,16,10,17,2,45,40,0,40,85
01/16/2019,TVC,MI,AGL,CE,Towers with Radar,17,10,34,9,70,0,7,57,10,74,17,17,91,19,144,134,48,182,326
01/17/2019,TVC,MI,AGL,CE,Towers with Radar,15,8,30,0,53,0,2,69,4,75,15,10,99,4,128,186,0,186,314
01/18/2019,TVC,MI,AGL,CE,Towers with Radar,17,13,22,3,55,0,0,48,10,58,17,13,70,13,113,218,42,260,373
01/19/2019,TVC,MI,AGL,CE,Towers with Radar,9,9,47,0,65,0,0,58,1,59,9,9,105,1,124,110,0,110,234
01/20/2019,TVC,MI,AGL,CE,Towers with Radar,18,4,6,0,28,0,0,0,0,0,18,4,6,0,28,0,0,0,28
01/21/2019,TVC,MI,AGL,CE,Towers with Radar,18,5,43,0,66,0,0,71,0,71,18,5,114,0,137,118,0,118,255
01/22/2019,TVC,MI,AGL,CE,Towers with Radar,14,11,35,3,63,0,7,41,10,58,14,18,76,13,121,48,0,48,169
01/23/2019,TVC,MI,AGL,CE,Towers with Radar,11,10,5,0,26,0,2,1,0,3,11,12,6,0,29,18,0,18,47
01/24/2019,TVC,MI,AGL,CE,Towers with Radar,18,15,20,2,55,0,1,15,2,18,18,16,35,4,73,60,0,60,133
01/25/2019,TVC,MI,AGL,CE,Towers with Radar,15,11,8,2,36,0,0,0,0,0,15,11,8,2,36,0,0,0,36
01/26/2019,TVC,MI,AGL,CE,Towers with Radar,14,14,12,0,40,0,5,38,2,45,14,19,50,2,85,92,2,94,179
01/27/2019,TVC,MI,AGL,CE,Towers with Radar,18,6,5,0,29,0,0,3,2,5,18,6,8,2,34,12,0,12,46
01/28/2019,TVC,MI,AGL,CE,Towers with Radar,1,2,3,0,6,0,0,0,0,0,1,2,3,0,6,0,0,0,6
01/29/2019,TVC,MI,AGL,CE,Towers with Radar,17,9,3,2,31,0,0,0,0,0,17,9,3,2,31,0,0,0,31
01/30/2019,TVC,MI,AGL,CE,Towers with Radar,10,12,4,1,27,0,0,0,0,0,10,12,4,1,27,0,0,0,27
01/31/2019,TVC,MI,AGL,CE,Towers with Radar,9,13,0,5,27,0,0,0,4,4,9,13,0,9,31,0,0,0,31
02/01/2019,TVC,MI,AGL,CE,Towers with Radar,16,14,67,4,101,0,2,49,9,60,16,16,116,13,161,152,0,152,313
02/02/2019,TVC,MI,AGL,CE,Towers with Radar,13,15,1,0,29,0,0,3,2,5,13,15,4,2,34,60,28,88,122
02/03/2019,TVC,MI,AGL,CE,Towers with Radar,17,7,3,0,27,0,0,0,0,0,17,7,3,0,27,0,0,0,27
02/04/2019,TVC,MI,AGL,CE,Towers with Radar,16,17,4,1,38,0,0,0,1,1,16,17,4,2,39,12,20,32,71
02/05/2019,TVC,MI,AGL,CE,Towers with Radar,15,20,34,16,85,0,4,75,7,86,15,24,109,23,171,276,22,298,469
02/06/2019,TVC,MI,AGL,CE,Towers with Radar,20,17,3,3,43,0,0,3,11,14,20,17,6,14,57,6,44,50,107
02/07/2019,TVC,MI,AGL,CE,Towers with Radar,13,7,10,0,30,0,0,0,0,0,13,7,10,0,30,0,0,0,30
02/08/2019,TVC,MI,AGL,CE,Towers with Radar,19,12,1,0,32,0,0,0,0,0,19,12,1,0,32,0,0,0,32
02/09/2019,TVC,MI,AGL,CE,Towers with Radar,14,13,4,0,31,0,4,26,4,34,14,17,30,4,65,122,0,122,187
02/10/2019,TVC,MI,AGL,CE,Towers with Radar,17,8,25,0,50,0,1,31,0,32,17,9,56,0,82,102,0,102,184
02/11/2019,TVC,MI,AGL,CE,Towers with Radar,16,11,16,1,44,0,0,43,4,47,16,11,59,5,91,166,6,172,263
02/12/2019,TVC,MI,AGL,CE,Towers with Radar,4,7,3,0,14,0,0,0,0,0,4,7,3,0,14,0,0,0,14
02/13/2019,TVC,MI,AGL,CE,Towers with Radar,18,16,20,3,57,0,0,15,4,19,18,16,35,7,76,18,2,20,96
02/14/2019,TVC,MI,AGL,CE,Towers with Radar,14,15,51,2,82,0,0,73,7,80,14,15,124,9,162,192,4,196,358
02/15/2019,TVC,MI,AGL,CE,Towers with Radar,15,20,7,0,42,0,1,0,4,5,15,21,7,4,47,0,0,0,47
02/16/2019,TVC,MI,AGL,CE,Towers with Radar,11,15,13,0,39,0,4,60,3,67,11,19,73,3,106,96,4,100,206
02/17/2019,TVC,MI,AGL,CE,Towers with Radar,12,11,56,0,79,0,1,44,2,47,12,12,100,2,126,94,0,94,220
02/18/2019,TVC,MI,AGL,CE,Towers with Radar,10,10,44,0,64,0,1,92,2,95,10,11,136,2,159,218,0,218,377
02/19/2019,TVC,MI,AGL,CE,Towers with Radar,16,19,40,5,80,0,1,107,5,113,16,20,147,10,193,312,12,324,517
02/20/2019,TVC,MI,AGL,CE,Towers with Radar,14,8,21,1,44,0,0,15,6,21,14,8,36,7,65,50,0,50,115
02/21/2019,TVC,MI,AGL,CE,Towers with Radar,14,17,31,0,62,0,1,59,8,68,14,18,90,8,130,190,22,212,342
02/22/2019,TVC,MI,AGL,CE,Towers with Radar,14,23,41,5,83,0,0,137,4,141,14,23,178,9,224,236,2,238,462
02/23/2019,TVC,MI,AGL,CE,Towers with Radar,12,12,14,1,39,0,0,41,1,42,12,12,55,2,81,116,2,118,199
02/24/2019,TVC,MI,AGL,CE,Towers with Radar,5,0,0,0,5,0,0,0,0,0,5,0,0,0,5,0,0,0,5
02/25/2019,TVC,MI,AGL,CE,Towers with Radar,14,3,5,1,23,0,0,0,2,2,14,3,5,3,25,0,0,0,25
02/26/2019,TVC,MI,AGL,CE,Towers with Radar,16,12,46,0,74,0,0,78,14,92,16,12,124,14,166,172,24,196,362
02/27/2019,TVC,MI,AGL,CE,Towers with Radar,18,13,2,2,35,0,0,4,9,13,18,13,6,11,48,12,48,60,108
02/28/2019,TVC,MI,AGL,CE,Towers with Radar,14,13,45,0,72,0,1,72,5,78,14,14,117,5,150,96,52,148,298
03/01/2019,TVC,MI,AGL,CE,Towers with Radar,15,21,34,8,78,0,2,110,7,119,15,23,144,15,197,170,2,172,369
03/02/2019,TVC,MI,AGL,CE,Towers with Radar,11,9,10,0,30,0,1,9,2,12,11,10,19,2,42,22,0,22,64
03/03/2019,TVC,MI,AGL,CE,Towers with Radar,15,4,12,3,34,0,2,33,2,37,15,6,45,5,71,114,18,132,203
03/04/2019,TVC,MI,AGL,CE,Towers with Radar,13,9,11,4,37,0,1,3,6,10,13,10,14,10,47,14,18,32,79
03/05/2019,TVC,MI,AGL,CE,Towers with Radar,17,12,6,3,38,0,0,0,0,0,17,12,6,3,38,8,22,30,68
03/06/2019,TVC,MI,AGL,CE,Towers with Radar,14,11,15,1,41,0,0,34,6,40,14,11,49,7,81,156,0,156,237
03/07/2019,TVC,MI,AGL,CE,Towers with Radar,14,25,38,1,78,0,2,69,13,84,14,27,107,14,162,176,14,190,352
03/08/2019,TVC,MI,AGL,CE,Towers with Radar,14,12,60,2,88,0,4,100,2,106,14,16,160,4,194,128,16,144,338
03/09/2019,TVC,MI,AGL,CE,Towers with Radar,11,13,20,0,44,0,2,63,2,67,11,15,83,2,111,102,0,102,213
03/10/2019,TVC,MI,AGL,CE,Towers with Radar,16,3,0,0,19,0,0,0,2,2,16,3,0,2,21,0,0,0,21
03/11/2019,TVC,MI,AGL,CE,Towers with Radar,15,17,26,1,59,0,1,61,2,64,15,18,87,3,123,224,0,224,347
03/12/2019,TVC,MI,AGL,CE,Towers with Radar,15,19,38,7,79,0,4,94,12,110,15,23,132,19,189,186,18,204,393
03/13/2019,TVC,MI,AGL,CE,Towers with Radar,18,8,10,0,36,0,0,3,10,13,18,8,13,10,49,26,32,58,107
03/14/2019,TVC,MI,AGL,CE,Towers with Radar,13,21,29,1,64,0,0,8,4,12,13,21,37,5,76,22,0,22,98
03/15/2019,TVC,MI,AGL,CE,Towers with Radar,16,27,3,1,47,0,0,0,1,1,16,27,3,2,48,0,0,0,48
03/16/2019,TVC,MI,AGL,CE,Towers with Radar,19,12,43,0,74,0,0,34,4,38,19,12,77,4,112,58,10,68,180
03/17/2019,TVC,MI,AGL,CE,Towers with Radar,16,3,28,0,47,0,0,48,1,49,16,3,76,1,96,104,10,114,210
03/18/2019,TVC,MI,AGL,CE,Towers with Radar,15,11,41,1,68,0,6,102,7,115,15,17,143,8,183,188,4,192,375
03/19/2019,TVC,MI,AGL,CE,Towers with Radar,16,20,45,1,82,0,0,123,23,146,16,20,168,24,228,244,54,298,526
03/20/2019,TVC,MI,AGL,CE,Towers with Radar,15,12,27,2,56,0,3,65,6,74,15,15,92,8,130,194,8,202,332
03/21/2019,TVC,MI,AGL,CE,Towers with Radar,15,13,15,4,47,0,1,21,8,30,15,14,36,12,77,82,20,102,179
03/22/2019,TVC,MI,AGL,CE,Towers with Radar,16,14,3,0,33,0,6,14,2,22,16,20,17,2,55,26,0,26,81
03/23/2019,TVC,MI,AGL,CE,Towers with Radar,16,16,26,0,58,0,4,103,1,108,16,20,129,1,166,114,0,114,280
03/24/2019,TVC,MI,AGL,CE,Towers with Radar,16,7,16,1,40,0,5,37,1,43,16,12,53,2,83,64,0,64,147
03/25/2019,TVC,MI,AGL,CE,Towers with Radar,15,7,32,2,56,0,1,93,8,102,15,8,125,10,158,208,22,230,388
03/26/2019,TVC,MI,AGL,CE,Towers with Radar,16,12,38,2,68,0,1,81,12,94,16,13,119,14,162,144,4,148,310
03/27/2019,TVC,MI,AGL,CE,Towers with Radar,15,19,21,3,58,0,2,41,12,55,15,21,62,15,113,82,27,109,222
03/28/2019,TVC,MI,AGL,CE,Towers with Radar,15,12,30,0,57,0,3,46,11,60,15,15,76,11,117,120,0,120,237
03/29/2019,TVC,MI,AGL,CE,Towers with Radar,15,7,27,0,49,0,4,74,3,81,15,11,101,3,130,110,2,112,242
03/30/2019,TVC,MI,AGL,CE,Towers with Radar,15,10,11,0,36,0,2,26,5,33,15,12,37,5,69,56,6,62,131
03/31/2019,TVC,MI,AGL,CE,Towers with Radar,16,9,24,4,53,0,1,29,3,33,16,10,53,7,86,72,0,72,158
04/01/2019,TVC,MI,AGL,CE,Towers with Radar,41,7,18,0,66,0,1,56,0,57,41,8,74,0,123,92,0,92,215
04/02/2019,TVC,MI,AGL,CE,Towers with Radar,17,14,1,3,35,0,0,0,2,2,17,14,1,5,37,0,12,12,49
04/03/2019,TVC,MI,AGL,CE,Towers with Radar,17,13,36,4,70,0,4,55,6,65,17,17,91,10,135,144,0,144,279
04/04/2019,TVC,MI,AGL,CE,Towers with Radar,16,14,36,2,68,0,5,116,8,129,16,19,152,10,197,238,0,238,435
04/05/2019,TVC,MI,AGL,CE,Towers with Radar,17,12,18,0,47,0,0,5,3,8,17,12,23,3,55,16,0,16,71
04/06/2019,TVC,MI,AGL,CE,Towers with Radar,18,17,39,2,76,0,0,44,2,46,18,17,83,4,122,64,0,64,186
04/07/2019,TVC,MI,AGL,CE,Towers with Radar,18,8,14,0,40,0,4,54,3,61,18,12,68,3,101,94,8,102,203
04/08/2019,TVC,MI,AGL,CE,Towers with Radar,16,12,41,0,69,0,4,49,1,54,16,16,90,1,123,110,4,114,237
04/09/2019,TVC,MI,AGL,CE,Towers with Radar,15,12,15,0,42,0,4,37,4,45,15,16,52,4,87,174,0,174,261
04/10/2019,TVC,MI,AGL,CE,Towers with Radar,16,14,38,3,71,0,0,89,10,99,16,14,127,13,170,244,14,258,428
04/11/2019,TVC,MI,AGL,CE,Towers with Radar,12,9,4,2,27,0,2,1,6,9,12,11,5,8,36,0,0,0,36
04/12/2019,TVC,MI,AGL,CE,Towers with Radar,19,14,11,0,44,0,1,8,1,10,19,15,19,1,54,8,0,8,62
04/13/2019,TVC,MI,AGL,CE,Towers with Radar,17,9,7,1,34,0,1,17,3,21,17,10,24,4,55,22,0,22,77
04/14/2019,TVC,MI,AGL,CE,Towers with Radar,12,2,6,0,20,0,0,29,2,31,12,2,35,2,51,52,0,52,103
04/15/2019,TVC,MI,AGL,CE,Towers with Radar,19,16,51,2,88,0,2,137,2,141,19,18,188,4,229,200,6,206,435
04/16/2019,TVC,MI,AGL,CE,Towers with Radar,16,11,46,2,75,0,1,35,4,40,16,12,81,6,115,262,0,262,377
04/17/2019,TVC,MI,AGL,CE,Towers with Radar,20,15,6,5,46,0,0,20,4,24,20,15,26,9,70,80,0,80,150
04/18/2019,TVC,MI,AGL,CE,Towers with Radar,17,16,22,5,60,0,0,0,0,0,17,16,22,5,60,2,0,2,62
04/19/2019,TVC,MI,AGL,CE,Towers with Radar,16,11,15,0,42,0,0,65,2,67,16,11,80,2,109,128,0,128,237
04/20/2019,TVC,MI,AGL,CE,Towers with Radar,16,13,13,0,42,0,5,72,1,78,16,18,85,1,120,68,0,68,188
04/21/2019,TVC,MI,AGL,CE,Towers with Radar,15,0,16,0,31,0,2,55,1,58,15,2,71,1,89,72,0,72,161
04/22/2019,TVC,MI,AGL,CE,Towers with Radar,16,11,63,0,90,0,2,122,6,130,16,13,185,6,220,204,4,208,428
04/23/2019,TVC,MI,AGL,CE,Towers with Radar,17,14,29,0,60,0,2,42,10,54,17,16,71,10,114,118,4,122,236
04/24/2019,TVC,MI,AGL,CE,Towers with Radar,16,11,43,0,70,0,2,133,12,147,16,13,176,12,217,244,0,244,461
04/25/2019,TVC,MI,AGL,CE,Towers with Radar,16,15,45,0,76,0,3,81,1,85,16,18,126,1,161,273,0,273,434
04/26/2019,TVC,MI,AGL,CE,Towers with Radar,16,18,36,4,74,0,4,49,5,58,16,22,85,9,132,132,24,156,288
04/27/2019,TVC,MI,AGL,CE,Towers with Radar,16,18,11,2,47,0,3,48,4,55,16,21,59,6,102,78,2,80,182
04/28/2019,TVC,MI,AGL,CE,Towers with Radar,15,6,25,1,47,0,2,72,1,75,15,8,97,2,122,58,0,58,180
04/29/2019,TVC,MI,AGL,CE,Towers with Radar,20,9,4,0,33,0,0,23,5,28,20,9,27,5,61,78,26,104,165
04/30/2019,TVC,MI,AGL,CE,Towers with Radar,18,13,21,0,52,0,0,29,10,39,18,13,50,10,91,180,38,218,309
05/01/2019,TVC,MI,AGL,CE,Towers with Radar,17,19,15,2,53,0,0,4,1,5,17,19,19,3,58,0,0,0,58
05/02/2019,TVC,MI,AGL,CE,Towers with Radar,21,12,34,6,73,0,5,5,4,14,21,17,39,10,87,26,0,26,113
05/03/2019,TVC,MI,AGL,CE,Towers with Radar,24,15,41,0,80,0,5,65,2,72,24,20,106,2,152,198,0,198,350
05/04/2019,TVC,MI,AGL,CE,Towers with Radar,24,13,33,3,73,0,3,94,2,99,24,16,127,5,172,110,4,114,286
05/05/2019,TVC,MI,AGL,CE,Towers with Radar,21,8,51,1,81,0,5,61,1,67,21,13,112,2,148,88,2,90,238
05/06/2019,TVC,MI,AGL,CE,Towers with Radar,26,12,32,2,72,0,4,52,2,58,26,16,84,4,130,110,0,110,240
05/07/2019,TVC,MI,AGL,CE,Towers with Radar,22,10,43,1,76,0,2,92,12,106,22,12,135,13,182,216,14,230,412
05/08/2019,TVC,MI,AGL,CE,Towers with Radar,23,7,27,0,57,0,3,65,9,77,23,10,92,9,134,144,0,144,278
05/09/2019,TVC,MI,AGL,CE,Towers with Radar,27,14,16,8,65,0,0,2,2,4,27,14,18,10,69,0,10,10,79
05/10/2019,TVC,MI,AGL,CE,Towers with Radar,26,19,33,0,78,0,6,42,3,51,26,25,75,3,129,98,0,98,227
05/11/2019,TVC,MI,AGL,CE,Towers with Radar,26,16,36,0,78,0,7,59,1,67,26,23,95,1,145,82,0,82,227
05/12/2019,TVC,MI,AGL,CE,Towers with Radar,23,9,20,2,54,0,8,61,2,71,23,17,81,4,125,90,0,90,215
05/13/2019,TVC,MI,AGL,CE,Towers with Radar,27,10,22,0,59,0,0,74,4,78,27,10,96,4,137,130,0,130,267
05/14/2019,TVC,MI,AGL,CE,Towers with Radar,23,18,27,1,69,0,8,109,11,128,23,26,136,12,197,158,10,168,365
05/15/2019,TVC,MI,AGL,CE,Towers with Radar,24,16,47,0,87,0,2,85,7,94,24,18,132,7,181,190,14,204,385
05/16/2019,TVC,MI,AGL,CE,Towers with Radar,28,16,21,1,66,0,7,48,4,59,28,23,69,5,125,84,0,84,209
05/17/2019,TVC,MI,AGL,CE,Towers with Radar,25,13,37,0,75,0,5,74,2,81,25,18,111,2,156,138,0,138,294
05/18/2019,TVC,MI,AGL,CE,Towers with Radar,29,15,6,2,52,0,4,8,4,16,29,19,14,6,68,38,0,38,106
05/19/2019,TVC,MI,AGL,CE,Towers with Radar,25,10,7,0,42,0,0,4,0,4,25,10,11,0,46,2,0,2,48
05/20/2019,TVC,MI,AGL,CE,Towers with Radar,28,15,17,1,61,0,2,29,0,31,28,17,46,1,92,80,0,80,172
05/21/2019,TVC,MI,AGL,CE,Towers with Radar,25,21,39,0,85,0,1,126,8,135,25,22,165,8,220,206,21,227,447
05/22/2019,TVC,MI,AGL,CE,Towers with Radar,25,22,19,0,66,0,1,32,10,43,25,23,51,10,109,54,0,54,163
05/23/2019,TVC,MI,AGL,CE,Towers with Radar,29,32,30,0,91,0,3,47,11,61,29,35,77,11,152,84,0,84,236
05/24/2019,TVC,MI,AGL,CE,Towers with Radar,28,31,45,3,107,0,2,55,2,59,28,33,100,5,166,152,0,152,318
05/25/2019,TVC,MI,AGL,CE,Towers with Radar,26,23,28,1,78,0,2,14,1,17,26,25,42,2,95,20,0,20,115
05/26/2019,TVC,MI,AGL,CE,Towers with Radar,22,14,9,1,46,0,10,68,0,78,22,24,77,1,124,66,0,66,190
05/27/2019,TVC,MI,AGL,CE,Towers with Radar,24,26,30,0,80,0,2,55,2,59,24,28,85,2,139,79,0,79,218
05/28/2019,TVC,MI,AGL,CE,Towers with Radar,27,22,40,1,90,0,4,41,7,52,27,26,81,8,142,142,6,148,290
05/29/2019,TVC,MI,AGL,CE,Towers with Radar,25,24,30,2,81,0,10,108,8,126,25,34,138,10,207,186,0,186,393
05/30/2019,TVC,MI,AGL,CE,Towers with Radar,29,26,50,2,107,0,6,87,6,99,29,32,137,8,206,108,8,116,322
05/31/2019,TVC,MI,AGL,CE,Towers with Radar,26,14,32,0,72,0,0,74,0,74,26,14,106,0,146,120,0,120,266
06/01/2019,TVC,MI,AGL,CE,Towers with Radar,27,17,15,1,60,0,3,33,0,36,27,20,48,1,96,78,0,78,174
06/02/2019,TVC,MI,AGL,CE,Towers with Radar,23,17,18,0,58,0,2,74,5,81,23,19,92,5,139,110,0,110,249
06/03/2019,TVC,MI,AGL,CE,Towers with Radar,28,11,26,3,68,0,5,118,5,128,28,16,144,8,196,156,4,160,356
06/04/2019,TVC,MI,AGL,CE,Towers with Radar,29,20,12,1,62,0,1,57,10,68,29,21,69,11,130,88,38,126,256
06/05/2019,TVC,MI,AGL,CE,Towers with Radar,27,13,23,4,67,0,0,30,3,33,27,13,53,7,100,112,0,112,212
06/06/2019,TVC,MI,AGL,CE,Towers with Radar,36,15,52,2,105,0,7,122,5,134,36,22,174,7,239,164,0,164,403
06/07/2019,TVC,MI,AGL,CE,Towers with Radar,33,25,29,0,87,0,8,118,10,136,33,33,147,10,223,163,0,163,386
06/08/2019,TVC,MI,AGL,CE,Towers with Radar,46,13,10,1,70,0,13,74,4,91,46,26,84,5,161,30,0,30,191
06/09/2019,TVC,MI,AGL,CE,Towers with Radar,35,21,18,0,74,0,13,49,2,64,35,34,67,2,138,160,16,176,314
06/10/2019,TVC,MI,AGL,CE,Towers with Radar,39,19,19,1,78,0,0,41,4,45,39,19,60,5,123,94,28,122,245
06/11/2019,TVC,MI,AGL,CE,Towers with Radar,36,22,50,0,108,0,3,116,6,125,36,25,166,6,233,144,10,154,387
06/12/2019,TVC,MI,AGL,CE,Towers with Radar,34,18,31,0,83,0,2,71,9,82,34,20,102,9,165,128,0,128,293
06/13/2019,TVC,MI,AGL,CE,Towers with Radar,35,28,36,4,103,0,5,19,6,30,35,33,55,10,133,16,6,22,155
06/14/2019,TVC,MI,AGL,CE,Towers with Radar,39,30,30,0,99,0,2,54,12,68,39,32,84,12,167,66,4,70,237
06/15/2019,TVC,MI,AGL,CE,Towers with Radar,49,26,33,1,109,0,0,37,3,40,49,26,70,4,149,32,0,32,181
06/16/2019,TVC,MI,AGL,CE,Towers with Radar,40,9,26,0,75,0,4,47,2,53,40,13,73,2,128,132,0,132,260
06/17/2019,TVC,MI,AGL,CE,Towers with Radar,35,28,38,0,101,0,7,116,6,129,35,35,154,6,230,168,0,168,398
06/18/2019,TVC,MI,AGL,CE,Towers with Radar,37,24,25,1,87,0,3,123,8,134,37,27,148,9,221,135,6,141,362
06/19/2019,TVC,MI,AGL,CE,Towers with Radar,36,26,27,6,95,0,5,40,2,47,36,31,67,8,142,92,4,96,238
06/20/2019,TVC,MI,AGL,CE,Towers with Radar,40,31,40,0,111,0,1,103,12,116,40,32,143,12,227,58,6,64,291
06/21/2019,TVC,MI,AGL,CE,Towers with Radar,38,32,38,0,108,0,11,137,1,149,38,43,175,1,257,134,2,136,393
06/22/2019,TVC,MI,AGL,CE,Towers with Radar,57,19,25,0,101,0,8,78,2,88,57,27,103,2,189,70,2,72,261
06/23/2019,TVC,MI,AGL,CE,Towers with Radar,42,19,28,1,90,0,2,50,3,55,42,21,78,4,145,68,0,68,213
06/24/2019,TVC,MI,AGL,CE,Towers with Radar,36,28,4,12,80,0,1,2,5,8,36,29,6,17,88,10,0,10,98
06/25/2019,TVC,MI,AGL,CE,Towers with Radar,38,20,26,1,85,0,2,69,8,79,38,22,95,9,164,68,0,68,232
06/26/2019,TVC,MI,AGL,CE,Towers with Radar,42,18,47,0,107,0,2,128,1,131,42,20,175,1,238,150,0,150,388
06/27/2019,TVC,MI,AGL,CE,Towers with Radar,35,34,53,0,122,0,6,126,27,159,35,40,179,27,281,154,26,180,461
06/28/2019,TVC,MI,AGL,CE,Towers with Radar,35,32,21,3,91,0,7,45,5,57,35,39,66,8,148,40,8,48,196
06/29/2019,TVC,MI,AGL,CE,Towers with Radar,60,31,13,0,104,0,5,94,15,114,60,36,107,15,218,90,0,90,308
06/30/2019,TVC,MI,AGL,CE,Towers with Radar,52,21,32,4,109,0,2,71,17,90,52,23,103,21,199,44,0,44,243
07/01/2019,TVC,MI,AGL,CE,Towers with Radar,43,30,36,6,115,0,11,95,1,107,43,41,131,7,222,68,0,68,290
07/02/2019,TVC,MI,AGL,CE,Towers with Radar,47,38,27,0,112,0,2,18,0,20,47,40,45,0,132,22,0,22,154
07/03/2019,TVC,MI,AGL,CE,Towers with Radar,44,33,43,2,122,0,9,115,1,125,44,42,158,3,247,154,0,154,401
07/04/2019,TVC,MI,AGL,CE,Towers with Radar,36,5,17,0,58,0,1,51,5,57,36,6,68,5,115,88,0,88,203
07/05/2019,TVC,MI,AGL,CE,Towers with Radar,37,18,21,0,76,0,13,70,7,90,37,31,91,7,166,138,0,138,304
07/06/2019,TVC,MI,AGL,CE,Towers with Radar,64,26,24,0,114,0,3,92,5,100,64,29,116,5,214,176,0,176,390
07/07/2019,TVC,MI,AGL,CE,Towers with Radar,58,45,52,0,155,0,7,89,4,100,58,52,141,4,255,36,0,36,291
07/08/2019,TVC,MI,AGL,CE,Towers with Radar,41,20,28,1,90,0,5,127,3,135,41,25,155,4,225,98,0,98,323
07/09/2019,TVC,MI,AGL,CE,Towers with Radar,47,23,48,2,120,0,1,125,9,135,47,24,173,11,255,134,4,138,393
07/10/2019,TVC,MI,AGL,CE,Towers with Radar,42,29,30,2,103,0,4,95,5,104,42,33,125,7,207,118,16,134,341
07/11/2019,TVC,MI,AGL,CE,Towers with Radar,41,29,43,7,120,0,3,67,9,79,41,32,110,16,199,192,10,202,401
07/12/2019,TVC,MI,AGL,CE,Towers with Radar,42,43,48,0,133,0,3,120,3,126,42,46,168,3,259,144,0,144,403
07/13/2019,TVC,MI,AGL,CE,Towers with Radar,64,32,24,0,120,0,4,74,13,91,64,36,98,13,211,126,8,134,345
07/14/2019,TVC,MI,AGL,CE,Towers with Radar,55,66,52,3,176,0,20,70,3,93,55,86,122,6,269,54,0,54,323
07/15/2019,TVC,MI,AGL,CE,Towers with Radar,48,25,15,7,95,0,1,33,4,38,48,26,48,11,133,60,8,68,201
07/16/2019,TVC,MI,AGL,CE,Towers with Radar,45,24,25,9,103,0,10,120,9,139,45,34,145,18,242,150,24,174,416
07/17/2019,TVC,MI,AGL,CE,Towers with Radar,38,26,40,3,107,0,4,107,16,127,38,30,147,19,234,198,2,200,434
07/18/2019,TVC,MI,AGL,CE,Towers with Radar,36,47,37,1,121,0,2,68,6,76,36,49,105,7,197,128,0,128,325
07/19/2019,TVC,MI,AGL,CE,Towers with Radar,38,38,60,0,136,0,9,86,5,100,38,47,146,5,236,140,0,140,376
07/20/2019,TVC,MI,AGL,CE,Towers with Radar,59,37,20,0,116,0,1,29,5,35,59,38,49,5,151,62,0,62,213
07/21/2019,TVC,MI,AGL,CE,Towers with Radar,56,41,36,0,133,0,12,80,3,95,56,53,116,3,228,102,0,102,330
07/22/2019,TVC,MI,AGL,CE,Towers with Radar,41,38,36,2,117,0,7,124,13,144,41,45,160,15,261,128,6,134,395
07/23/2019,TVC,MI,AGL,CE,Towers with Radar,38,45,33,0,116,0,6,106,6,118,38,51,139,6,234,150,0,150,384
07/24/2019,TVC,MI,AGL,CE,Towers with Radar,41,32,27,2,102,0,14,110,12,136,41,46,137,14,238,112,0,112,350
07/25/2019,TVC,MI,AGL,CE,Towers with Radar,46,41,48,3,138,0,5,109,13,127,46,46,157,16,265,156,22,178,443
07/26/2019,TVC,MI,AGL,CE,Towers with Radar,40,30,48,0,118,0,5,94,7,106,40,35,142,7,224,96,0,96,320
07/27/2019,TVC,MI,AGL,CE,Towers with Radar,61,24,14,18,117,0,4,28,10,42,61,28,42,28,159,30,26,56,215
07/28/2019,TVC,MI,AGL,CE,Towers with Radar,56,31,27,0,114,0,7,71,5,83,56,38,98,5,197,64,0,64,261
07/29/2019,TVC,MI,AGL,CE,Towers with Radar,37,26,27,1,91,0,9,48,5,62,37,35,75,6,153,170,28,198,351
07/30/2019,TVC,MI,AGL,CE,Towers with Radar,39,21,35,1,96,0,7,112,17,136,39,28,147,18,232,236,0,236,468
07/31/2019,TVC,MI,AGL,CE,Towers with Radar,41,34,38,9,122,0,3,165,11,179,41,37,203,20,301,262,4,266,567
08/01/2019,TVC,MI,AGL,CE,Towers with Radar,43,39,33,1,116,0,3,156,8,167,43,42,189,9,283,224,0,224,507
08/02/2019,TVC,MI,AGL,CE,Towers with Radar,49,37,36,2,124,0,9,126,4,139,49,46,162,6,263,156,0,156,419
08/03/2019,TVC,MI,AGL,CE,Towers with Radar,65,33,37,0,135,0,17,83,5,105,65,50,120,5,240,110,16,126,366
08/04/2019,TVC,MI,AGL,CE,Towers with Radar,54,61,27,1,143,0,14,65,2,81,54,75,92,3,224,48,0,48,272
08/05/2019,TVC,MI,AGL,CE,Towers with Radar,43,28,26,0,97,0,4,88,2,94,43,32,114,2,191,166,0,166,357
08/06/2019,TVC,MI,AGL,CE,Towers with Radar,45,35,26,1,107,0,7,68,5,80,45,42,94,6,187,190,0,190,377
08/07/2019,TVC,MI,AGL,CE,Towers with Radar,40,37,43,4,124,0,7,114,10,131,40,44,157,14,255,218,38,256,511
08/08/2019,TVC,MI,AGL,CE,Towers with Radar,44,43,53,0,140,0,3,85,10,98,44,46,138,10,238,190,0,190,428
08/09/2019,TVC,MI,AGL,CE,Towers with Radar,40,23,45,0,108,0,5,138,6,149,40,28,183,6,257,102,0,102,359
08/10/2019,TVC,MI,AGL,CE,Towers with Radar,62,46,16,10,134,0,8,121,3,132,62,54,137,13,266,52,0,52,318
08/11/2019,TVC,MI,AGL,CE,Towers with Radar,55,55,40,2,152,0,6,63,5,74,55,61,103,7,226,86,12,98,324
08/12/2019,TVC,MI,AGL,CE,Towers with Radar,42,29,48,1,120,0,9,102,3,114,42,38,150,4,234,214,0,214,448
08/13/2019,TVC,MI,AGL,CE,Towers with Radar,43,16,38,0,97,0,5,119,12,136,43,21,157,12,233,174,0,174,407
08/14/2019,TVC,MI,AGL,CE,Towers with Radar,41,28,57,0,126,0,8,100,8,116,41,36,157,8,242,180,0,180,422
08/15/2019,TVC,MI,AGL,CE,Towers with Radar,44,31,47,2,124,0,3,106,5,114,44,34,153,7,238,186,0,186,424
08/16/2019,TVC,MI,AGL,CE,Towers with Radar,41,36,42,1,120,0,11,96,6,113,41,47,138,7,233,180,8,188,421
08/17/2019,TVC,MI,AGL,CE,Towers with Radar,58,25,13,1,97,0,20,38,2,60,58,45,51,3,157,42,10,52,209
08/18/2019,TVC,MI,AGL,CE,Towers with Radar,44,27,25,3,99,0,6,47,3,56,44,33,72,6,155,53,16,69,224
08/19/2019,TVC,MI,AGL,CE,Towers with Radar,40,19,18,1,78,0,4,65,7,76,40,23,83,8,154,122,26,148,302
08/20/2019,TVC,MI,AGL,CE,Towers with Radar,35,15,51,1,102,0,3,91,7,101,35,18,142,8,203,140,18,158,361
08/21/2019,TVC,MI,AGL,CE,Towers with Radar,37,31,30,13,111,0,8,53,6,67,37,39,83,19,178,84,4,88,266
08/22/2019,TVC,MI,AGL,CE,Towers with Radar,42,31,61,2,136,0,6,147,9,162,42,37,208,11,298,88,10,98,396
08/23/2019,TVC,MI,AGL,CE,Towers with Radar,39,26,36,2,103,0,13,118,11,142,39,39,154,13,245,94,14,108,353
08/24/2019,TVC,MI,AGL,CE,Towers with Radar,50,17,29,3,99,0,13,96,2,111,50,30,125,5,210,72,0,72,282
08/25/2019,TVC,MI,AGL,CE,Towers with Radar,44,22,44,3,113,0,5,81,9,95,44,27,125,12,208,72,12,84,292
08/26/2019,TVC,MI,AGL,CE,Towers with Radar,35,21,22,0,78,0,4,50,8,62,35,25,72,8,140,110,42,152,292
08/27/2019,TVC,MI,AGL,CE,Towers with Radar,41,14,37,0,92,0,1,23,5,29,41,15,60,5,121,26,0,26,147
08/28/2019,TVC,MI,AGL,CE,Towers with Radar,39,20,44,8,111,0,1,35,7,43,39,21,79,15,154,34,24,58,212
08/29/2019,TVC,MI,AGL,CE,Towers with Radar,40,30,27,2,99,0,1,52,8,61,40,31,79,10,160,58,6,64,224
08/30/2019,TVC,MI,AGL,CE,Towers with Radar,38,40,43,5,126,0,10,112,3,125,38,50,155,8,251,78,2,80,331
08/31/2019,TVC,MI,AGL,CE,Towers with Radar,37,17,43,1,98,0,11,91,2,104,37,28,134,3,202,60,2,62,264
09/01/2019,TVC,MI,AGL,CE,Towers with Radar,31,16,29,0,76,0,10,49,3,62,31,26,78,3,138,56,20,76,214
09/02/2019,TVC,MI,AGL,CE,Towers with Radar,31,39,40,1,111,0,3,58,1,62,31,42,98,2,173,96,12,108,281
09/03/2019,TVC,MI,AGL,CE,Towers with Radar,27,28,5,3,63,0,0,18,3,21,27,28,23,6,84,20,0,20,104
09/04/2019,TVC,MI,AGL,CE,Towers with Radar,33,24,37,0,94,0,7,113,8,128,33,31,150,8,222,182,2,184,406
09/05/2019,TVC,MI,AGL,CE,Towers with Radar,41,32,47,11,131,0,4,126,9,139,41,36,173,20,270,104,20,124,394
09/06/2019,TVC,MI,AGL,CE,Towers with Radar,35,28,43,1,107,0,0,7,2,9,35,28,50,3,116,22,0,22,138
09/07/2019,TVC,MI,AGL,CE,Towers with Radar,27,18,36,0,81,0,14,50,2,66,27,32,86,2,147,88,0,88,235
09/08/2019,TVC,MI,AGL,CE,Towers with Radar,33,16,31,2,82,0,5,65,3,73,33,21,96,5,155,106,0,106,261
09/09/2019,TVC,MI,AGL,CE,Towers with Radar,33,21,28,2,84,0,5,121,11,137,33,26,149,13,221,182,24,206,427
09/10/2019,TVC,MI,AGL,CE,Towers with Radar,43,11,13,0,67,0,8,19,6,33,43,19,32,6,100,46,2,48,148
09/11/2019,TVC,MI,AGL,CE,Towers with Radar,31,19,32,4,86,0,0,0,6,6,31,19,32,10,92,0,26,26,118
09/12/2019,TVC,MI,AGL,CE,Towers with Radar,33,24,49,0,106,0,0,37,7,44,33,24,86,7,150,82,26,108,258
09/13/2019,TVC,MI,AGL,CE,Towers with Radar,35,23,19,1,78,0,5,8,4,17,35,28,27,5,95,4,8,12,107
09/14/2019,TVC,MI,AGL,CE,Towers with Radar,28,13,44,1,86,0,14,67,1,82,28,27,111,2,168,50,11,61,229
09/15/2019,TVC,MI,AGL,CE,Towers with Radar,31,9,29,0,69,0,5,7,2,14,31,14,36,2,83,64,10,74,157
09/16/2019,TVC,MI,AGL,CE,Towers with Radar,32,28,49,3,112,0,3,34,2,39,32,31,83,5,151,106,30,136,287
09/17/2019,TVC,MI,AGL,CE,Towers with Radar,34,22,20,0,76,0,6,116,11,133,34,28,136,11,209,154,26,180,389
09/18/2019,TVC,MI,AGL,CE,Towers with Radar,32,14,42,13,101,0,9,147,8,164,32,23,189,21,265,220,28,248,513
09/19/2019,TVC,MI,AGL,CE,Towers with Radar,34,20,39,0,93,0,3,123,5,131,34,23,162,5,224,158,14,172,396
09/20/2019,TVC,MI,AGL,CE,Towers with Radar,32,22,38,3,95,0,1,132,2,135,32,23,170,5,230,130,0,130,360
09/21/2019,TVC,MI,AGL,CE,Towers with Radar,31,12,17,0,60,0,14,49,3,66,31,26,66,3,126,54,10,64,190
09/22/2019,TVC,MI,AGL,CE,Towers with Radar,33,14,18,2,67,0,0,0,2,2,33,14,18,4,69,0,0,0,69
09/23/2019,TVC,MI,AGL,CE,Towers with Radar,31,7,41,4,83,0,2,43,4,49,31,9,84,8,132,178,20,198,330
09/24/2019,TVC,MI,AGL,CE,Towers with Radar,35,31,29,1,96,0,1,116,9,126,35,32,145,10,222,220,34,254,476
09/25/2019,TVC,MI,AGL,CE,Towers with Radar,31,15,16,3,65,0,6,20,9,35,31,21,36,12,100,22,0,22,122
09/26/2019,TVC,MI,AGL,CE,Towers with Radar,32,25,37,0,94,0,1,113,3,117,32,26,150,3,211,184,0,184,395
09/27/2019,TVC,MI,AGL,CE,Towers with Radar,27,20,18,5,70,0,1,35,3,39,27,21,53,8,109,50,26,76,185
09/28/2019,TVC,MI,AGL,CE,Towers with Radar,28,21,27,2,78,0,19,42,5,66,28,40,69,7,144,86,0,86,230
09/29/2019,TVC,MI,AGL,CE,Towers with Radar,32,7,39,0,78,0,0,24,1,25,32,7,63,1,103,42,16,58,161
09/30/2019,TVC,MI,AGL,CE,Towers with Radar,37,12,16,3,68,0,4,46,7,57,37,16,62,10,125,106,42,148,273
10/01/2019,TVC,MI,AGL,CE,Towers with Radar,27,13,18,2,60,0,1,11,1,13,27,14,29,3,73,72,0,72,145
10/02/2019,TVC,MI,AGL,CE,Towers with Radar,27,19,35,4,85,0,0,21,2,23,27,19,56,6,108,102,0,102,210
10/03/2019,TVC,MI,AGL,CE,Towers with Radar,24,30,34,0,88,0,0,6,6,12,24,30,40,6,100,56,42,98,198
10/04/2019,TVC,MI,AGL,CE,Towers with Radar,23,27,53,0,103,0,12,106,2,120,23,39,159,2,223,134,0,134,357
10/05/2019,TVC,MI,AGL,CE,Towers with Radar,23,15,25,0,63,0,6,77,2,85,23,21,102,2,148,70,0,70,218
10/06/2019,TVC,MI,AGL,CE,Towers with Radar,22,19,10,1,52,0,13,35,3,51,22,32,45,4,103,34,0,34,137
10/07/2019,TVC,MI,AGL,CE,Towers with Radar,24,19,27,0,70,0,4,117,7,128,24,23,144,7,198,170,0,170,368
10/08/2019,TVC,MI,AGL,CE,Towers with Radar,23,16,54,7,100,0,8,137,6,151,23,24,191,13,251,168,0,168,419
10/09/2019,TVC,MI,AGL,CE,Towers with Radar,22,18,42,2,84,0,6,143,10,159,22,24,185,12,243,160,22,182,425
10/10/2019,TVC,MI,AGL,CE,Towers with Radar,24,16,41,8,89,0,8,91,7,106,24,24,132,15,195,122,28,150,345
10/11/2019,TVC,MI,AGL,CE,Towers with Radar,31,22,8,2,63,0,0,5,2,7,31,22,13,4,70,6,18,24,94
10/12/2019,TVC,MI,AGL,CE,Towers with Radar,21,15,18,0,54,0,3,16,5,24,21,18,34,5,78,6,30,36,114
10/13/2019,TVC,MI,AGL,CE,Towers with Radar,23,6,9,0,38,0,0,10,3,13,23,6,19,3,51,0,0,0,51
10/14/2019,TVC,MI,AGL,CE,Towers with Radar,24,8,17,1,50,0,6,55,2,63,24,14,72,3,113,162,12,174,287
10/15/2019,TVC,MI,AGL,CE,Towers with Radar,23,18,17,3,61,0,4,58,4,66,23,22,75,7,127,124,20,144,271
10/16/2019,TVC,MI,AGL,CE,Towers with Radar,26,24,9,0,59,0,0,0,4,4,26,24,9,4,63,0,0,0,63
10/17/2019,TVC,MI,AGL,CE,Towers with Radar,27,16,39,2,84,0,3,58,8,69,27,19,97,10,153,172,40,212,365
10/18/2019,TVC,MI,AGL,CE,Towers with Radar,22,21,45,0,88,0,5,137,9,151,22,26,182,9,239,132,16,148,387
10/19/2019,TVC,MI,AGL,CE,Towers with Radar,25,19,35,1,80,0,16,85,1,102,25,35,120,2,182,66,0,66,248
10/20/2019,TVC,MI,AGL,CE,Towers with Radar,26,9,43,0,78,0,9,103,3,115,26,18,146,3,193,86,0,86,279
10/21/2019,TVC,MI,AGL,CE,Towers with Radar,25,16,7,5,53,0,7,12,5,24,25,23,19,10,77,16,20,36,113
10/22/2019,TVC,MI,AGL,CE,Towers with Radar,25,13,17,0,55,0,3,3,5,11,25,16,20,5,66,0,0,0,66
10/23/2019,TVC,MI,AGL,CE,Towers with Radar,25,13,4,0,42,0,2,19,13,34,25,15,23,13,76,30,0,30,106
10/24/2019,TVC,MI,AGL,CE,Towers with Radar,24,16,35,1,76,0,6,90,9,105,24,22,125,10,181,204,20,224,405
10/25/2019,TVC,MI,AGL,CE,Towers with Radar,22,26,47,2,97,0,20,110,11,141,22,46,157,13,238,176,10,186,424
10/26/2019,TVC,MI,AGL,CE,Towers with Radar,22,7,20,0,49,0,15,80,2,97,22,22,100,2,146,82,0,82,228
10/27/2019,TVC,MI,AGL,CE,Towers with Radar,26,11,21,2,60,0,0,19,2,21,26,11,40,4,81,36,0,36,117
10/28/2019,TVC,MI,AGL,CE,Towers with Radar,20,15,27,1,63,0,11,25,12,48,20,26,52,13,111,68,4,72,183
10/29/2019,TVC,MI,AGL,CE,Towers with Radar,22,22,6,0,50,0,0,4,10,14,22,22,10,10,64,0,0,0,64
10/30/2019,TVC,MI,AGL,CE,Towers with Radar,23,15,31,5,74,0,0,86,4,90,23,15,117,9,164,236,0,236,400
10/31/2019,TVC,MI,AGL,CE,Towers with Radar,21,12,8,0,41,0,0,1,0,1,21,12,9,0,42,0,0,0,42
11/01/2019,TVC,MI,AGL,CE,Towers with Radar,21,17,24,0,62,0,4,71,1,76,21,21,95,1,138,226,0,226,364
11/02/2019,TVC,MI,AGL,CE,Towers with Radar,21,12,2,0,35,0,0,5,4,9,21,12,7,4,44,0,0,0,44
11/03/2019,TVC,MI,AGL,CE,Towers with Radar,25,7,5,0,37,0,2,23,1,26,25,9,28,1,63,42,0,42,105
11/04/2019,TVC,MI,AGL,CE,Towers with Radar,20,5,9,0,34,0,0,1,11,12,20,5,10,11,46,6,2,8,54
11/05/2019,TVC,MI,AGL,CE,Towers with Radar,20,11,26,1,58,0,3,35,8,46,20,14,61,9,104,70,0,70,174
11/06/2019,TVC,MI,AGL,CE,Towers with Radar,26,13,14,1,54,0,1,12,4,17,26,14,26,5,71,8,0,8,79
11/07/2019,TVC,MI,AGL,CE,Towers with Radar,20,10,8,0,38,0,0,9,1,10,20,10,17,1,48,24,10,34,82
11/08/2019,TVC,MI,AGL,CE,Towers with Radar,20,23,34,1,78,0,7,66,4,77,20,30,100,5,155,154,14,168,323
11/09/2019,TVC,MI,AGL,CE,Towers with Radar,20,7,2,0,29,0,0,10,3,13,20,7,12,3,42,26,0,26,68
11/10/2019,TVC,MI,AGL,CE,Towers with Radar,24,17,7,2,50,0,1,18,2,21,24,18,25,4,71,16,0,16,87
11/11/2019,TVC,MI,AGL,CE,Towers with Radar,8,10,12,2,32,0,0,21,3,24,8,10,33,5,56,88,0,88,144
11/12/2019,TVC,MI,AGL,CE,Towers with Radar,18,12,0,0,30,0,0,0,4,4,18,12,0,4,34,0,0,0,34
11/13/2019,TVC,MI,AGL,CE,Towers with Radar,20,11,6,1,38,0,1,4,1,6,20,12,10,2,44,6,0,6,50
11/14/2019,TVC,MI,AGL,CE,Towers with Radar,22,13,40,0,75,0,1,47,8,56,22,14,87,8,131,150,8,158,289
11/15/2019,TVC,MI,AGL,CE,Towers with Radar,22,15,47,6,90,0,5,68,7,80,22,20,115,13,170,104,2,106,276
11/16/2019,TVC,MI,AGL,CE,Towers with Radar,20,11,51,0,82,0,7,91,3,101,20,18,142,3,183,90,10,100,283
11/17/2019,TVC,MI,AGL,CE,Towers with Radar,23,7,14,0,44,0,0,41,2,43,23,7,55,2,87,30,8,38,125
11/18/2019,TVC,MI,AGL,CE,Towers with Radar,22,13,7,1,43,0,0,1,18,19,22,13,8,19,62,6,0,6,68
11/19/2019,TVC,MI,AGL,CE,Towers with Radar,24,14,26,4,68,0,0,51,12,63,24,14,77,16,131,200,28,228,359
11/20/2019,TVC,MI,AGL,CE,Towers with Radar,23,15,17,4,59,0,0,35,4,39,23,15,52,8,98,114,18,132,230
11/21/2019,TVC,MI,AGL,CE,Towers with Radar,23,13,13,1,50,0,0,4,3,7,23,13,17,4,57,2,16,18,75
11/22/2019,TVC,MI,AGL,CE,Towers with Radar,22,21,27,0,70,0,4,88,3,95,22,25,115,3,165,128,0,128,293
11/23/2019,TVC,MI,AGL,CE,Towers with Radar,21,12,37,3,73,0,5,92,4,101,21,17,129,7,174,122,16,138,312
11/24/2019,TVC,MI,AGL,CE,Towers with Radar,20,9,26,1,56,0,0,67,3,70,20,9,93,4,126,52,0,52,178
11/25/2019,TVC,MI,AGL,CE,Towers with Radar,21,16,36,3,76,0,1,89,6,96,21,17,125,9,172,148,30,178,350
11/26/2019,TVC,MI,AGL,CE,Towers with Radar,24,11,32,7,74,0,0,76,12,88,24,11,108,19,162,186,40,226,388
11/27/2019,TVC,MI,AGL,CE,Towers with Radar,18,22,9,0,49,0,0,0,1,1,18,22,9,1,50,0,6,6,56
11/28/2019,TVC,MI,AGL,CE,Towers with Radar,12,3,0,0,15,0,0,5,0,5,12,3,5,0,20,0,0,0,20
11/29/2019,TVC,MI,AGL,CE,Towers with Radar,15,11,4,0,30,0,0,22,2,24,15,11,26,2,54,36,12,48,102
11/30/2019,TVC,MI,AGL,CE,Towers with Radar,24,24,12,0,60,0,0,9,1,10,24,24,21,1,70,0,0,0,70
12/01/2019,TVC,MI,AGL,CE,Towers with Radar,16,15,2,0,33,0,0,0,0,0,16,15,2,0,33,0,0,0,33
12/02/2019,TVC,MI,AGL,CE,Towers with Radar,20,17,48,1,86,0,2,61,6,69,20,19,109,7,155,172,24,196,351
12/03/2019,TVC,MI,AGL,CE,Towers with Radar,19,15,10,4,48,0,4,16,8,28,19,19,26,12,76,74,4,78,154
12/04/2019,TVC,MI,AGL,CE,Towers with Radar,22,17,8,3,50,0,2,2,2,6,22,19,10,5,56,0,0,0,56
12/05/2019,TVC,MI,AGL,CE,Towers with Radar,20,15,35,0,70,0,0,78,9,87,20,15,113,9,157,188,18,206,363
12/06/2019,TVC,MI,AGL,CE,Towers with Radar,22,11,9,0,42,0,3,19,9,31,22,14,28,9,73,40,32,72,145
12/07/2019,TVC,MI,AGL,CE,Towers with Radar,20,10,43,1,74,0,4,69,2,75,20,14,112,3,149,52,0,52,201
12/08/2019,TVC,MI,AGL,CE,Towers with Radar,20,15,8,4,47,0,0,4,3,7,20,15,12,7,54,10,2,12,66
12/09/2019,TVC,MI,AGL,CE,Towers with Radar,16,5,4,0,25,0,0,0,0,0,16,5,4,0,25,0,0,0,25
12/10/2019,TVC,MI,AGL,CE,Towers with Radar,21,23,6,0,50,0,4,19,13,36,21,27,25,13,86,58,14,72,158
12/11/2019,TVC,MI,AGL,CE,Towers with Radar,22,14,9,0,45,0,0,0,2,2,22,14,9,2,47,0,30,30,77
12/12/2019,TVC,MI,AGL,CE,Towers with Radar,19,14,20,0,53,0,0,17,9,26,19,14,37,9,79,66,12,78,157
12/13/2019,TVC,MI,AGL,CE,Towers with Radar,21,21,10,0,52,0,0,3,4,7,21,21,13,4,59,20,0,20,79
12/14/2019,TVC,MI,AGL,CE,Towers with Radar,20,7,0,0,27,0,0,0,2,2,20,7,0,2,29,0,0,0,29
12/15/2019,TVC,MI,AGL,CE,Towers with Radar,21,7,6,0,34,0,0,10,1,11,21,7,16,1,45,20,0,20,65
12/16/2019,TVC,MI,AGL,CE,Towers with Radar,20,6,31,0,57,0,5,80,5,90,20,11,111,5,147,188,0,188,335
12/17/2019,TVC,MI,AGL,CE,Towers with Radar,19,14,13,2,48,0,1,24,3,28,19,15,37,5,76,35,0,35,111
12/18/2019,TVC,MI,AGL,CE,Towers with Radar,22,21,11,2,56,0,0,8,0,8,22,21,19,2,64,12,0,12,76
12/19/2019,TVC,MI,AGL,CE,Towers with Radar,19,19,12,4,54,0,9,43,5,57,19,28,55,9,111,74,0,74,185
12/20/2019,TVC,MI,AGL,CE,Towers with Radar,19,22,19,2,62,0,7,36,2,45,19,29,55,4,107,114,0,114,221
12/21/2019,TVC,MI,AGL,CE,Towers with Radar,19,25,15,0,59,0,2,30,2,34,19,27,45,2,93,10,0,10,103
12/22/2019,TVC,MI,AGL,CE,Towers with Radar,18,5,8,2,33,0,3,41,3,47,18,8,49,5,80,48,2,50,130
12/23/2019,TVC,MI,AGL,CE,Towers with Radar,18,9,24,0,51,0,2,60,7,69,18,11,84,7,120,70,26,96,216
12/24/2019,TVC,MI,AGL,CE,Towers with Radar,22,13,7,0,42,0,0,0,2,2,22,13,7,2,44,0,0,0,44
12/25/2019,TVC,MI,AGL,CE,Towers with Radar,14,7,1,0,22,0,0,2,0,2,14,7,3,0,24,0,0,0,24
12/26/2019,TVC,MI,AGL,CE,Towers with Radar,22,10,20,1,53,0,1,10,1,12,22,11,30,2,65,8,0,8,73
12/27/2019,TVC,MI,AGL,CE,Towers with Radar,17,12,6,1,36,0,5,5,2,12,17,17,11,3,48,14,0,14,62
12/28/2019,TVC,MI,AGL,CE,Towers with Radar,24,16,10,0,50,0,2,23,2,27,24,18,33,2,77,8,0,8,85
12/29/2019,TVC,MI,AGL,CE,Towers with Radar,23,9,3,0,35,0,0,0,2,2,23,9,3,2,37,0,0,0,37
12/30/2019,TVC,MI,AGL,CE,Towers with Radar,12,17,5,0,34,0,0,0,0,0,12,17,5,0,34,0,0,0,34
12/31/2019,TVC,MI,AGL,CE,Towers with Radar,21,19,6,1,47,0,0,0,1,1,21,19,6,2,48,0,0,0,48
01/01/2020,TVC,MI,AGL,CE,Towers with Radar,16,5,3,6,30,0,3,11,3,17,16,8,14,9,47,0,8,8,55
01/02/2020,TVC,MI,AGL,CE,Towers with Radar,22,13,2,3,40,0,3,16,3,22,22,16,18,6,62,8,18,26,88
01/03/2020,TVC,MI,AGL,CE,Towers with Radar,18,13,5,0,36,0,2,12,6,20,18,15,17,6,56,52,0,52,108
01/04/2020,TVC,MI,AGL,CE,Towers with Radar,21,14,3,0,38,0,0,2,0,2,21,14,5,0,40,0,0,0,40
01/05/2020,TVC,MI,AGL,CE,Towers with Radar,10,6,2,1,19,0,0,2,1,3,10,6,4,2,22,0,0,0,22
01/06/2020,TVC,MI,AGL,CE,Towers with Radar,20,8,8,11,47,0,2,29,10,41,20,10,37,21,88,34,72,106,194
01/07/2020,TVC,MI,AGL,CE,Towers with Radar,14,10,10,12,46,0,0,10,8,18,14,10,20,20,64,10,84,94,158
01/08/2020,TVC,MI,AGL,CE,Towers with Radar,21,11,5,6,43,0,0,10,19,29,21,11,15,25,72,24,44,68,140
01/09/2020,TVC,MI,AGL,CE,Towers with Radar,18,9,5,7,39,0,2,6,8,16,18,11,11,15,55,0,62,62,117
01/10/2020,TVC,MI,AGL,CE,Towers with Radar,18,19,13,0,50,0,0,4,6,10,18,19,17,6,60,0,82,82,142
01/11/2020,TVC,MI,AGL,CE,Towers with Radar,14,7,3,0,24,0,0,2,3,5,14,7,5,3,29,0,0,0,29
01/12/2020,TVC,MI,AGL,CE,Towers with Radar,22,7,2,0,31,0,4,6,3,13,22,11,8,3,44,14,0,14,58
01/13/2020,TVC,MI,AGL,CE,Towers with Radar,20,9,7,7,43,0,0,10,6,16,20,9,17,13,59,0,26,26,85
01/14/2020,TVC,MI,AGL,CE,Towers with Radar,14,16,2,4,36,0,0,0,7,7,14,16,2,11,43,0,56,56,99
01/15/2020,TVC,MI,AGL,CE,Towers with Radar,17,13,9,1,40,0,1,16,8,25,17,14,25,9,65,94,22,116,181
01/16/2020,TVC,MI,AGL,CE,Towers with Radar,21,16,7,5,49,0,0,0,2,2,21,16,7,7,51,1,12,13,64
01/17/2020,TVC,MI,AGL,CE,Towers with Radar,18,17,10,0,45,0,2,82,3,87,18,19,92,3,132,192,20,212,344
01/18/2020,TVC,MI,AGL,CE,Towers with Radar,15,4,0,0,19,0,0,0,0,0,15,4,0,0,19,0,0,0,19
01/19/2020,TVC,MI,AGL,CE,Towers with Radar,16,8,0,0,24,0,0,0,2,2,16,8,0,2,26,0,0,0,26
01/20/2020,TVC,MI,AGL,CE,Towers with Radar,18,15,24,1,58,0,2,52,1,55,18,17,76,2,113,234,12,246,359
01/21/2020,TVC,MI,AGL,CE,Towers with Radar,14,19,17,13,63,0,2,69,12,83,14,21,86,25,146,107,38,145,291
01/22/2020,TVC,MI,AGL,CE,Towers with Radar,18,11,8,1,38,0,3,25,10,38,18,14,33,11,76,106,20,126,202
01/23/2020,TVC,MI,AGL,CE,Towers with Radar,18,12,15,1,46,0,0,0,0,0,18,12,15,1,46,0,0,0,46
01/24/2020,TVC,MI,AGL,CE,Towers with Radar,19,14,7,2,42,0,0,6,5,11,19,14,13,7,53,22,16,38,91
01/25/2020,TVC,MI,AGL,CE,Towers with Radar,18,34,0,0,52,0,0,0,0,0,18,34,0,0,52,0,0,0,52
01/26/2020,TVC,MI,AGL,CE,Towers with Radar,18,10,1,0,29,0,0,0,2,2,18,10,1,2,31,0,6,6,37
01/27/2020,TVC,MI,AGL,CE,Towers with Radar,20,8,5,1,34,0,0,4,11,15,20,8,9,12,49,14,34,48,97
01/28/2020,TVC,MI,AGL,CE,Towers with Radar,15,18,4,2,39,0,0,15,10,25,15,18,19,12,64,74,36,110,174
01/29/2020,TVC,MI,AGL,CE,Towers with Radar,17,12,14,1,44,0,1,47,4,52,17,13,61,5,96,138,0,138,234
01/30/2020,TVC,MI,AGL,CE,Towers with Radar,18,14,6,0,38,0,0,34,3,37,18,14,40,3,75,106,0,106,181
01/31/2020,TVC,MI,AGL,CE,Towers with Radar,18,22,4,0,44,0,0,0,4,4,18,22,4,4,48,0,4,4,52
02/01/2020,TVC,MI,AGL,CE,Towers with Radar,14,18,3,1,36,0,0,2,2,4,14,18,5,3,40,24,18,42,82
02/02/2020,TVC,MI,AGL,CE,Towers with Radar,20,5,10,0,35,0,1,19,3,23,20,6,29,3,58,46,24,70,128
02/03/2020,TVC,MI,AGL,CE,Towers with Radar,16,10,27,11,64,0,5,121,5,131,16,15,148,16,195,196,8,204,399
02/04/2020,TVC,MI,AGL,CE,Towers with Radar,14,12,18,3,47,0,2,59,8,69,14,14,77,11,116,180,10,190,306
02/05/2020,TVC,MI,AGL,CE,Towers with Radar,18,9,29,4,60,0,4,100,12,116,18,13,129,16,176,190,14,204,380
02/06/2020,TVC,MI,AGL,CE,Towers with Radar,14,19,17,6,56,0,2,56,8,66,14,21,73,14,122,144,36,180,302
02/07/2020,TVC,MI,AGL,CE,Towers with Radar,18,11,23,0,52,0,2,25,5,32,18,13,48,5,84,48,32,80,164
02/08/2020,TVC,MI,AGL,CE,Towers with Radar,19,11,21,7,58,0,5,73,3,81,19,16,94,10,139,142,0,142,281
02/09/2020,TVC,MI,AGL,CE,Towers with Radar,10,8,8,0,26,0,2,11,2,15,10,10,19,2,41,34,4,38,79
02/10/2020,TVC,MI,AGL,CE,Towers with Radar,18,5,19,4,46,0,2,51,11,64,18,7,70,15,110,130,10,140,250
02/11/2020,TVC,MI,AGL,CE,Towers with Radar,15,12,14,1,42,0,5,24,9,38,15,17,38,10,80,226,32,258,338
02/12/2020,TVC,MI,AGL,CE,Towers with Radar,17,23,23,3,66,0,2,61,4,67,17,25,84,7,133,106,16,122,255
02/13/2020,TVC,MI,AGL,CE,Towers with Radar,18,22,1,0,41,0,0,0,6,6,18,22,1,6,47,0,32,32,79
02/14/2020,TVC,MI,AGL,CE,Towers with Radar,20,14,21,3,58,0,4,57,4,65,20,18,78,7,123,104,10,114,237
02/15/2020,TVC,MI,AGL,CE,Towers with Radar,17,16,7,1,41,0,0,5,2,7,17,16,12,3,48,0,0,0,48
02/16/2020,TVC,MI,AGL,CE,Towers with Radar,18,10,9,1,38,0,3,42,8,53,18,13,51,9,91,38,0,38,129
02/17/2020,TVC,MI,AGL,CE,Towers with Radar,20,7,33,1,61,0,0,62,5,67,20,7,95,6,128,110,16,126,254
02/18/2020,TVC,MI,AGL,CE,Towers with Radar,18,17,1,8,44,0,0,5,1,6,18,17,6,9,50,10,18,28,78
02/19/2020,TVC,MI,AGL,CE,Towers with Radar,17,16,24,2,59,0,2,49,7,58,17,18,73,9,117,136,20,156,273
02/20/2020,TVC,MI,AGL,CE,Towers with Radar,19,21,31,6,77,0,0,56,5,61,19,21,87,11,138,140,76,216,354
02/21/2020,TVC,MI,AGL,CE,Towers with Radar,25,21,9,1,56,0,0,14,3,17,25,21,23,4,73,2,6,8,81
02/22/2020,TVC,MI,AGL,CE,Towers with Radar,17,8,34,1,60,0,0,71,3,74,17,8,105,4,134,98,0,98,232
02/23/2020,TVC,MI,AGL,CE,Towers with Radar,18,5,21,0,44,0,3,19,2,24,18,8,40,2,68,4,0,4,72
02/24/2020,TVC,MI,AGL,CE,Towers with Radar,20,5,27,5,57,0,3,89,6,98,20,8,116,11,155,184,26,210,365
02/25/2020,TVC,MI,AGL,CE,Towers with Radar,16,13,18,5,52,0,3,70,16,89,16,16,88,21,141,112,14,126,267
02/26/2020,TVC,MI,AGL,CE,Towers with Radar,18,9,17,0,44,0,1,39,5,45,18,10,56,5,89,64,14,78,167
02/27/2020,TVC,MI,AGL,CE,Towers with Radar,21,11,5,0,37,0,0,0,0,0,21,11,5,0,37,0,0,0,37
02/28/2020,TVC,MI,AGL,CE,Towers with Radar,21,20,9,0,50,0,0,1,0,1,21,20,10,0,51,0,0,0,51
02/29/2020,TVC,MI,AGL,CE,Towers with Radar,17,8,18,0,43,0,3,53,0,56,17,11,71,0,99,52,0,52,151
03/01/2020,TVC,MI,AGL,CE,Towers with Radar,19,6,13,0,38,0,7,52,3,62,19,13,65,3,100,86,0,86,186
03/02/2020,TVC,MI,AGL,CE,Towers with Radar,27,7,18,6,58,0,3,73,5,81,27,10,91,11,139,222,12,234,373
03/03/2020,TVC,MI,AGL,CE,Towers with Radar,17,10,23,2,52,0,0,37,5,42,17,10,60,7,94,184,40,224,318
03/04/2020,TVC,MI,AGL,CE,Towers with Radar,19,17,33,1,70,0,0,78,2,80,19,17,111,3,150,128,0,128,278
03/05/2020,TVC,MI,AGL,CE,Towers with Radar,18,9,14,2,43,0,0,36,2,38,18,9,50,4,81,84,2,86,167
03/06/2020,TVC,MI,AGL,CE,Towers with Radar,21,9,10,2,42,0,0,11,3,14,21,9,21,5,56,38,0,38,94
03/07/2020,TVC,MI,AGL,CE,Towers with Radar,17,9,25,0,51,0,5,65,5,75,17,14,90,5,126,98,0,98,224
03/08/2020,TVC,MI,AGL,CE,Towers with Radar,20,4,23,1,48,0,0,35,3,38,20,4,58,4,86,42,0,42,128
03/09/2020,TVC,MI,AGL,CE,Towers with Radar,20,5,4,0,29,0,0,7,4,11,20,5,11,4,40,10,52,62,102
03/10/2020,TVC,MI,AGL,CE,Towers with Radar,17,15,15,1,48,0,0,81,6,87,17,15,96,7,135,176,0,176,311
03/11/2020,TVC,MI,AGL,CE,Towers with Radar,21,14,8,0,43,0,0,10,2,12,21,14,18,2,55,104,0,104,159
03/12/2020,TVC,MI,AGL,CE,Towers with Radar,19,16,2,0,37,0,4,27,14,45,19,20,29,14,82,114,0,114,196
03/13/2020,TVC,MI,AGL,CE,Towers with Radar,19,13,12,0,44,0,0,7,2,9,19,13,19,2,53,0,0,0,53
03/14/2020,TVC,MI,AGL,CE,Towers with Radar,20,11,32,4,67,0,2,38,2,42,20,13,70,6,109,48,8,56,165
03/15/2020,TVC,MI,AGL,CE,Towers with Radar,19,3,34,0,56,0,4,116,4,124,19,7,150,4,180,118,26,144,324
03/16/2020,TVC,MI,AGL,CE,Towers with Radar,20,11,10,0,41,0,0,70,2,72,20,11,80,2,113,132,0,132,245
03/17/2020,TVC,MI,AGL,CE,Towers with Radar,17,6,12,0,35,0,1,36,4,41,17,7,48,4,76,74,12,86,162
03/18/2020,TVC,MI,AGL,CE,Towers with Radar,18,20,12,5,55,0,0,14,2,16,18,20,26,7,71,56,30,86,157
03/19/2020,TVC,MI,AGL,CE,Towers with Radar,18,14,3,3,38,0,0,23,5,28,18,14,26,8,66,28,24,52,118
03/20/2020,TVC,MI,AGL,CE,Towers with Radar,25,17,4,0,46,0,0,0,5,5,25,17,4,5,51,0,0,0,51
03/21/2020,TVC,MI,AGL,CE,Towers with Radar,13,11,7,0,31,0,1,25,4,30,13,12,32,4,61,32,16,48,109
03/22/2020,TVC,MI,AGL,CE,Towers with Radar,16,3,9,0,28,0,4,23,2,29,16,7,32,2,57,46,0,46,103
03/23/2020,TVC,MI,AGL,CE,Towers with Radar,21,5,9,1,36,0,3,15,6,24,21,8,24,7,60,0,0,0,60
03/24/2020,TVC,MI,AGL,CE,Towers with Radar,11,9,2,0,22,0,0,3,6,9,11,9,5,6,31,0,10,10,41
03/25/2020,TVC,MI,AGL,CE,Towers with Radar,10,10,2,0,22,0,0,6,5,11,10,10,8,5,33,0,12,12,45
03/26/2020,TVC,MI,AGL,CE,Towers with Radar,13,12,12,1,38,0,0,0,2,2,13,12,12,3,40,0,0,0,40
03/27/2020,TVC,MI,AGL,CE,Towers with Radar,16,7,12,0,35,0,1,8,6,15,16,8,20,6,50,4,20,24,74
03/28/2020,TVC,MI,AGL,CE,Towers with Radar,12,8,9,0,29,0,5,2,6,13,12,13,11,6,42,14,10,24,66
03/29/2020,TVC,MI,AGL,CE,Towers with Radar,14,2,0,0,16,0,0,0,4,4,14,2,0,4,20,0,0,0,20
03/30/2020,TVC,MI,AGL,CE,Towers with Radar,15,7,0,3,25,0,0,0,3,3,15,7,0,6,28,0,0,0,28
03/31/2020,TVC,MI,AGL,CE,Towers with Radar,14,6,0,0,20,0,2,1,5,8,14,8,1,5,28,6,6,12,40
04/01/2020,TVC,MI,AGL,CE,Towers with Radar,10,11,9,0,30,0,2,9,6,17,10,13,18,6,47,12,0,12,59
04/02/2020,TVC,MI,AGL,CE,Towers with Radar,6,13,1,1,21,0,5,30,6,41,6,18,31,7,62,6,0,6,68
04/03/2020,TVC,MI,AGL,CE,Towers with Radar,13,8,1,0,22,0,5,33,4,42,13,13,34,4,64,40,10,50,114
04/04/2020,TVC,MI,AGL,CE,Towers with Radar,10,8,2,1,21,0,0,0,1,1,10,8,2,2,22,0,0,0,22
04/05/2020,TVC,MI,AGL,CE,Towers with Radar,10,1,2,0,13,0,2,13,6,21,10,3,15,6,34,14,26,40,74
04/06/2020,TVC,MI,AGL,CE,Towers with Radar,12,5,2,0,19,0,4,9,4,17,12,9,11,4,36,4,0,4,40
04/07/2020,TVC,MI,AGL,CE,Towers with Radar,8,7,3,0,18,0,2,2,4,8,8,9,5,4,26,0,16,16,42
04/08/2020,TVC,MI,AGL,CE,Towers with Radar,8,17,0,0,25,0,0,24,5,29,8,17,24,5,54,12,10,22,76
04/09/2020,TVC,MI,AGL,CE,Towers with Radar,6,13,4,1,24,0,0,3,3,6,6,13,7,4,30,4,12,16,46
04/10/2020,TVC,MI,AGL,CE,Towers with Radar,6,6,7,2,21,0,4,7,4,15,6,10,14,6,36,6,0,6,42
04/11/2020,TVC,MI,AGL,CE,Towers with Radar,6,8,4,0,18,0,0,29,3,32,6,8,33,3,50,34,0,34,84
04/12/2020,TVC,MI,AGL,CE,Towers with Radar,6,0,0,0,6,0,0,0,5,5,6,0,0,5,11,0,8,8,19
04/13/2020,TVC,MI,AGL,CE,Towers with Radar,6,3,0,0,9,0,2,0,13,15,6,5,0,13,24,24,40,64,88
04/14/2020,TVC,MI,AGL,CE,Towers with Radar,7,10,2,4,23,0,0,2,7,9,7,10,4,11,32,0,22,22,54
04/15/2020,TVC,MI,AGL,CE,Towers with Radar,5,6,21,1,33,0,1,10,4,15,5,7,31,5,48,6,24,30,78
04/16/2020,TVC,MI,AGL,CE,Towers with Radar,8,7,10,4,29,0,2,11,3,16,8,9,21,7,45,12,8,20,65
04/17/2020,TVC,MI,AGL,CE,Towers with Radar,8,10,15,1,34,0,0,20,7,27,8,10,35,8,61,24,2,26,87
04/18/2020,TVC,MI,AGL,CE,Towers with Radar,8,6,3,0,17,0,1,17,6,24,8,7,20,6,41,4,0,4,45
04/19/2020,TVC,MI,AGL,CE,Towers with Radar,6,0,5,0,11,0,0,20,2,22,6,0,25,2,33,20,0,20,53
04/20/2020,TVC,MI,AGL,CE,Towers with Radar,6,3,3,0,12,0,1,8,7,16,6,4,11,7,28,10,30,40,68
04/21/2020,TVC,MI,AGL,CE,Towers with Radar,4,8,1,0,13,0,3,1,6,10,4,11,2,6,23,0,0,0,23
04/22/2020,TVC,MI,AGL,CE,Towers with Radar,6,13,4,2,25,0,0,19,8,27,6,13,23,10,52,38,24,62,114
04/23/2020,TVC,MI,AGL,CE,Towers with Radar,8,16,4,1,29,0,1,7,5,13,8,17,11,6,42,14,0,14,56
04/24/2020,TVC,MI,AGL,CE,Towers with Radar,8,7,12,1,28,0,0,36,5,41,8,7,48,6,69,54,4,58,127
04/25/2020,TVC,MI,AGL,CE,Towers with Radar,9,7,10,1,27,0,0,28,3,31,9,7,38,4,58,12,0,12,70
04/26/2020,TVC,MI,AGL,CE,Towers with Radar,6,1,7,1,15,0,3,19,6,28,6,4,26,7,43,22,2,24,67
04/27/2020,TVC,MI,AGL,CE,Towers with Radar,7,3,6,0,16,0,3,12,2,17,7,6,18,2,33,0,0,0,33
04/28/2020,TVC,MI,AGL,CE,Towers with Radar,7,6,5,0,18,0,0,8,10,18,7,6,13,10,36,22,6,28,64
04/29/2020,TVC,MI,AGL,CE,Towers with Radar,7,11,2,4,24,0,0,0,0,0,7,11,2,4,24,0,0,0,24
04/30/2020,TVC,MI,AGL,CE,Towers with Radar,8,10,0,1,19,0,0,0,9,9,8,10,0,10,28,0,0,0,28
05/01/2020,TVC,MI,AGL,CE,Towers with Radar,8,5,9,0,22,0,0,27,5,32,8,5,36,5,54,14,16,30,84
05/02/2020,TVC,MI,AGL,CE,Towers with Radar,2,7,7,1,17,0,0,3,1,4,2,7,10,2,21,0,0,0,21
05/03/2020,TVC,MI,AGL,CE,Towers with Radar,4,5,5,0,14,0,3,11,2,16,4,8,16,2,30,6,0,6,36
05/04/2020,TVC,MI,AGL,CE,Towers with Radar,9,0,8,1,18,0,0,14,1,15,9,0,22,2,33,24,0,24,57
05/05/2020,TVC,MI,AGL,CE,Towers with Radar,4,2,5,0,11,0,1,19,2,22,4,3,24,2,33,28,0,28,61
05/06/2020,TVC,MI,AGL,CE,Towers with Radar,4,3,4,0,11,0,4,21,1,26,4,7,25,1,37,26,0,26,63
05/07/2020,TVC,MI,AGL,CE,Towers with Radar,3,3,4,2,12,0,0,12,4,16,3,3,16,6,28,6,0,6,34
05/08/2020,TVC,MI,AGL,CE,Towers with Radar,6,6,4,2,18,0,0,9,5,14,6,6,13,7,32,12,6,18,50
05/09/2020,TVC,MI,AGL,CE,Towers with Radar,5,8,8,1,22,0,0,10,1,11,5,8,18,2,33,6,0,6,39
05/10/2020,TVC,MI,AGL,CE,Towers with Radar,3,4,5,1,13,0,0,0,1,1,3,4,5,2,14,0,4,4,18
05/11/2020,TVC,MI,AGL,CE,Towers with Radar,6,1,3,0,10,0,3,11,3,17,6,4,14,3,27,30,0,30,57
05/12/2020,TVC,MI,AGL,CE,Towers with Radar,2,6,8,2,18,0,0,24,2,26,2,6,32,4,44,16,28,44,88
05/13/2020,TVC,MI,AGL,CE,Towers with Radar,4,7,8,0,19,0,0,36,1,37,4,7,44,1,56,30,0,30,86
05/14/2020,TVC,MI,AGL,CE,Towers with Radar,7,12,8,2,29,0,0,0,0,0,7,12,8,2,29,0,0,0,29
05/15/2020,TVC,MI,AGL,CE,Towers with Radar,3,14,6,0,23,0,2,12,7,21,3,16,18,7,44,0,0,0,44
05/16/2020,TVC,MI,AGL,CE,Towers with Radar,1,7,9,8,25,0,3,52,2,57,1,10,61,10,82,46,2,48,130
05/17/2020,TVC,MI,AGL,CE,Towers with Radar,2,1,9,0,12,0,0,0,2,2,2,1,9,2,14,4,0,4,18
05/18/2020,TVC,MI,AGL,CE,Towers with Radar,5,4,3,0,12,0,0,0,2,2,5,4,3,2,14,0,0,0,14
05/19/2020,TVC,MI,AGL,CE,Towers with Radar,3,6,2,10,21,0,0,4,2,6,3,6,6,12,27,0,29,29,56
05/20/2020,TVC,MI,AGL,CE,Towers with Radar,3,8,7,0,18,0,3,35,3,41,3,11,42,3,59,28,0,28,87
05/21/2020,TVC,MI,AGL,CE,Towers with Radar,6,7,16,1,30,0,2,43,2,47,6,9,59,3,77,36,16,52,129
05/22/2020,TVC,MI,AGL,CE,Towers with Radar,3,13,14,2,32,0,2,31,6,39,3,15,45,8,71,54,26,80,151
05/23/2020,TVC,MI,AGL,CE,Towers with Radar,7,8,7,0,22,0,2,33,1,36,7,10,40,1,58,50,32,82,140
05/24/2020,TVC,MI,AGL,CE,Towers with Radar,5,6,4,0,15,0,2,9,4,15,5,8,13,4,30,0,22,22,52
05/25/2020,TVC,MI,AGL,CE,Towers with Radar,3,2,8,0,13,0,1,12,2,15,3,3,20,2,28,0,0,0,28
05/26/2020,TVC,MI,AGL,CE,Towers with Radar,3,1,13,0,17,0,4,20,3,27,3,5,33,3,44,66,2,68,112
05/27/2020,TVC,MI,AGL,CE,Towers with Radar,3,7,11,0,21,0,0,34,7,41,3,7,45,7,62,36,21,57,119
05/28/2020,TVC,MI,AGL,CE,Towers with Radar,4,4,14,0,22,0,2,4,4,10,4,6,18,4,32,10,8,18,50
05/29/2020,TVC,MI,AGL,CE,Towers with Radar,4,2,19,2,27,0,0,29,7,36,4,2,48,9,63,48,12,60,123
05/30/2020,TVC,MI,AGL,CE,Towers with Radar,5,10,9,0,24,0,4,21,5,30,5,14,30,5,54,22,0,22,76
05/31/2020,TVC,MI,AGL,CE,Towers with Radar,5,8,5,1,19,0,5,42,0,47,5,13,47,1,66,34,0,34,100
06/01/2020,TVC,MI,AGL,CE,Towers with Radar,3,9,14,0,26,0,0,34,2,36,3,9,48,2,62,76,0,76,138
06/02/2020,TVC,MI,AGL,CE,Towers with Radar,3,10,4,0,17,0,1,23,2,26,3,11,27,2,43,56,0,56,99
06/03/2020,TVC,MI,AGL,CE,Towers with Radar,6,8,15,0,29,0,4,32,2,38,6,12,47,2,67,86,0,86,153
06/04/2020,TVC,MI,AGL,CE,Towers with Radar,5,2,9,2,18,0,0,34,5,39,5,2,43,7,57,50,16,66,123
06/05/2020,TVC,MI,AGL,CE,Towers with Radar,3,6,16,2,27,0,1,21,4,26,3,7,37,6,53,74,18,92,145
06/06/2020,TVC,MI,AGL,CE,Towers with Radar,5,10,11,1,27,0,4,37,4,45,5,14,48,5,72,20,0,20,92
06/07/2020,TVC,MI,AGL,CE,Towers with Radar,5,10,19,0,34,0,10,35,0,45,5,20,54,0,79,12,0,12,91
06/08/2020,TVC,MI,AGL,CE,Towers with Radar,2,11,14,0,27,0,5,20,2,27,2,16,34,2,54,66,0,66,120
06/09/2020,TVC,MI,AGL,CE,Towers with Radar,2,11,11,0,24,0,3,42,4,49,2,14,53,4,73,40,0,40,113
06/10/2020,TVC,MI,AGL,CE,Towers with Radar,4,14,5,0,23,0,5,0,5,10,4,19,5,5,33,6,0,6,39
06/11/2020,TVC,MI,AGL,CE,Towers with Radar,5,9,26,2,42,0,1,28,6,35,5,10,54,8,77,60,4,64,141
06/12/2020,TVC,MI,AGL,CE,Towers with Radar,3,9,25,0,37,0,1,36,1,38,3,10,61,1,75,150,6,156,231
06/13/2020,TVC,MI,AGL,CE,Towers with Radar,7,11,6,0,24,0,6,35,3,44,7,17,41,3,68,20,0,20,88
06/14/2020,TVC,MI,AGL,CE,Towers with Radar,6,16,20,0,42,0,0,32,1,33,6,16,52,1,75,12,0,12,87
06/15/2020,TVC,MI,AGL,CE,Towers with Radar,3,8,17,0,28,0,2,73,2,77,3,10,90,2,105,126,0,126,231
06/16/2020,TVC,MI,AGL,CE,Towers with Radar,3,19,22,1,45,0,0,62,2,64,3,19,84,3,109,96,20,116,225
06/17/2020,TVC,MI,AGL,CE,Towers with Radar,6,7,15,3,31,0,3,51,5,59,6,10,66,8,90,198,0,198,288
06/18/2020,TVC,MI,AGL,CE,Towers with Radar,5,13,13,0,31,0,2,61,4,67,5,15,74,4,98,114,0,114,212
06/19/2020,TVC,MI,AGL,CE,Towers with Radar,4,16,18,1,39,0,5,86,3,94,4,21,104,4,133,142,2,144,277
06/20/2020,TVC,MI,AGL,CE,Towers with Radar,5,9,6,0,20,0,3,28,2,33,5,12,34,2,53,26,32,58,111
06/21/2020,TVC,MI,AGL,CE,Towers with Radar,5,9,20,0,34,0,3,7,0,10,5,12,27,0,44,4,0,4,48
06/22/2020,TVC,MI,AGL,CE,Towers with Radar,3,8,18,0,29,0,4,41,1,46,3,12,59,1,75,110,0,110,185
06/23/2020,TVC,MI,AGL,CE,Towers with Radar,3,15,9,1,28,0,0,0,0,0,3,15,9,1,28,0,0,0,28
06/24/2020,TVC,MI,AGL,CE,Towers with Radar,7,14,26,1,48,0,1,90,3,94,7,15,116,4,142,158,0,158,300
06/25/2020,TVC,MI,AGL,CE,Towers with Radar,5,3,44,1,53,0,0,92,3,95,5,3,136,4,148,108,0,108,256
06/26/2020,TVC,MI,AGL,CE,Towers with Radar,4,8,41,0,53,0,2,52,3,57,4,10,93,3,110,99,20,119,229
06/27/2020,TVC,MI,AGL,CE,Towers with Radar,3,16,18,1,38,0,8,22,2,32,3,24,40,3,70,16,0,16,86
06/28/2020,TVC,MI,AGL,CE,Towers with Radar,6,8,27,0,41,0,2,61,0,63,6,10,88,0,104,52,0,52,156
06/29/2020,TVC,MI,AGL,CE,Towers with Radar,2,7,20,0,29,0,0,99,1,100,2,7,119,1,129,190,0,190,319
06/30/2020,TVC,MI,AGL,CE,Towers with Radar,5,12,17,3,37,0,1,83,7,91,5,13,100,10,128,104,0,104,232
07/01/2020,TVC,MI,AGL,CE,Towers with Radar,12,11,17,1,41,0,0,59,7,66,12,11,76,8,107,138,0,138,245
07/02/2020,TVC,MI,AGL,CE,Towers with Radar,8,15,19,2,44,0,5,72,2,79,8,20,91,4,123,76,30,106,229
07/03/2020,TVC,MI,AGL,CE,Towers with Radar,7,20,22,0,49,0,0,75,3,78,7,20,97,3,127,108,30,138,265
07/04/2020,TVC,MI,AGL,CE,Towers with Radar,7,9,11,0,27,0,14,32,3,49,7,23,43,3,76,6,0,6,82
07/05/2020,TVC,MI,AGL,CE,Towers with Radar,9,32,21,0,62,0,4,30,0,34,9,36,51,0,96,14,0,14,110
07/06/2020,TVC,MI,AGL,CE,Towers with Radar,11,9,34,2,56,0,4,55,0,59,11,13,89,2,115,70,4,74,189
07/07/2020,TVC,MI,AGL,CE,Towers with Radar,12,14,46,1,73,0,0,60,3,63,12,14,106,4,136,100,8,108,244
07/08/2020,TVC,MI,AGL,CE,Towers with Radar,19,11,20,1,51,0,2,53,3,58,19,13,73,4,109,128,0,128,237
07/09/2020,TVC,MI,AGL,CE,Towers with Radar,16,23,18,0,57,0,2,74,5,81,16,25,92,5,138,108,0,108,246
07/10/2020,TVC,MI,AGL,CE,Towers with Radar,17,14,15,0,46,0,3,21,8,32,17,17,36,8,78,52,34,86,164
07/11/2020,TVC,MI,AGL,CE,Towers with Radar,23,16,16,3,58,0,7,51,9,67,23,23,67,12,125,74,0,74,199
07/12/2020,TVC,MI,AGL,CE,Towers with Radar,19,20,26,1,66,0,9,32,7,48,19,29,58,8,114,42,0,42,156
07/13/2020,TVC,MI,AGL,CE,Towers with Radar,16,8,33,1,58,0,4,93,4,101,16,12,126,5,159,142,0,142,301
07/14/2020,TVC,MI,AGL,CE,Towers with Radar,17,19,31,0,67,0,6,83,4,93,17,25,114,4,160,86,16,102,262
07/15/2020,TVC,MI,AGL,CE,Towers with Radar,20,15,28,2,65,0,0,26,6,32,20,15,54,8,97,80,26,106,203
07/16/2020,TVC,MI,AGL,CE,Towers with Radar,13,18,20,0,51,0,6,59,3,68,13,24,79,3,119,164,6,170,289
07/17/2020,TVC,MI,AGL,CE,Towers with Radar,17,13,48,1,79,0,1,90,4,95,17,14,138,5,174,88,0,88,262
07/18/2020,TVC,MI,AGL,CE,Towers with Radar,27,17,22,0,66,0,4,13,2,19,27,21,35,2,85,36,6,42,127
07/19/2020,TVC,MI,AGL,CE,Towers with Radar,19,18,22,1,60,0,1,32,6,39,19,19,54,7,99,56,8,64,163
07/20/2020,TVC,MI,AGL,CE,Towers with Radar,14,24,25,0,63,0,0,57,3,60,14,24,82,3,123,155,18,173,296
07/21/2020,TVC,MI,AGL,CE,Towers with Radar,16,19,29,1,65,0,0,84,1,85,16,19,113,2,150,170,0,170,320
07/22/2020,TVC,MI,AGL,CE,Towers with Radar,21,22,18,0,61,0,1,18,4,23,21,23,36,4,84,150,2,152,236
07/23/2020,TVC,MI,AGL,CE,Towers with Radar,17,15,35,1,68,0,0,59,3,62,17,15,94,4,130,114,0,114,244
07/24/2020,TVC,MI,AGL,CE,Towers with Radar,16,10,38,2,66,0,9,108,2,119,16,19,146,4,185,100,0,100,285
07/25/2020,TVC,MI,AGL,CE,Towers with Radar,26,26,25,0,77,0,4,49,4,57,26,30,74,4,134,66,2,68,202
07/26/2020,TVC,MI,AGL,CE,Towers with Radar,17,20,29,0,66,0,8,12,2,22,17,28,41,2,88,4,0,4,92
07/27/2020,TVC,MI,AGL,CE,Towers with Radar,15,18,33,0,66,0,7,66,3,76,15,25,99,3,142,142,0,142,284
07/28/2020,TVC,MI,AGL,CE,Towers with Radar,17,15,24,0,56,0,0,77,2,79,17,15,101,2,135,110,0,110,245
07/29/2020,TVC,MI,AGL,CE,Towers with Radar,21,15,31,0,67,0,3,64,3,70,21,18,95,3,137,172,20,192,329
07/30/2020,TVC,MI,AGL,CE,Towers with Radar,16,20,31,0,67,0,3,75,8,86,16,23,106,8,153,104,46,150,303
07/31/2020,TVC,MI,AGL,CE,Towers with Radar,18,17,41,1,77,0,3,75,5,83,18,20,116,6,160,112,24,136,296
08/01/2020,TVC,MI,AGL,CE,Towers with Radar,27,22,24,1,74,0,0,52,5,57,27,22,76,6,131,58,8,66,197
08/02/2020,TVC,MI,AGL,CE,Towers with Radar,19,21,23,0,63,0,0,36,0,36,19,21,59,0,99,10,0,10,109
08/03/2020,TVC,MI,AGL,CE,Towers with Radar,24,26,14,0,64,0,1,4,1,6,24,27,18,1,70,22,0,22,92
08/04/2020,TVC,MI,AGL,CE,Towers with Radar,23,14,19,0,56,0,2,59,2,63,23,16,78,2,119,142,0,142,261
08/05/2020,TVC,MI,AGL,CE,Towers with Radar,25,17,23,8,73,0,1,77,2,80,25,18,100,10,153,134,10,144,297
08/06/2020,TVC,MI,AGL,CE,Towers with Radar,24,17,30,0,71,0,19,93,2,114,24,36,123,2,185,124,0,124,309
08/07/2020,TVC,MI,AGL,CE,Towers with Radar,25,14,27,0,66,0,11,68,2,81,25,25,95,2,147,116,0,116,263
08/08/2020,TVC,MI,AGL,CE,Towers with Radar,27,24,13,0,64,0,0,17,2,19,27,24,30,2,83,28,0,28,111
08/09/2020,TVC,MI,AGL,CE,Towers with Radar,25,26,29,0,80,0,0,35,2,37,25,26,64,2,117,28,0,28,145
08/10/2020,TVC,MI,AGL,CE,Towers with Radar,22,29,20,2,73,0,1,20,0,21,22,30,40,2,94,62,0,62,156
08/11/2020,TVC,MI,AGL,CE,Towers with Radar,22,18,22,0,62,0,1,107,5,113,22,19,129,5,175,176,0,176,351
08/12/2020,TVC,MI,AGL,CE,Towers with Radar,27,13,19,0,59,0,1,72,4,77,27,14,91,4,136,168,6,174,310
08/13/2020,TVC,MI,AGL,CE,Towers with Radar,30,16,24,2,72,0,6,91,5,102,30,22,115,7,174,128,0,128,302
08/14/2020,TVC,MI,AGL,CE,Towers with Radar,23,23,50,1,97,0,6,78,5,89,23,29,128,6,186,80,14,94,280
08/15/2020,TVC,MI,AGL,CE,Towers with Radar,27,12,23,0,62,0,11,38,1,50,27,23,61,1,112,46,0,46,158
08/16/2020,TVC,MI,AGL,CE,Towers with Radar,29,22,28,1,80,0,12,13,2,27,29,34,41,3,107,0,0,0,107
08/17/2020,TVC,MI,AGL,CE,Towers with Radar,23,8,23,0,54,0,2,62,2,66,23,10,85,2,120,101,0,101,221
08/18/2020,TVC,MI,AGL,CE,Towers with Radar,20,15,24,2,61,0,3,62,0,65,20,18,86,2,126,92,0,92,218
08/19/2020,TVC,MI,AGL,CE,Towers with Radar,21,27,19,0,67,0,2,92,2,96,21,29,111,2,163,164,0,164,327
08/20/2020,TVC,MI,AGL,CE,Towers with Radar,20,25,11,0,56,0,2,33,4,39,20,27,44,4,95,29,34,63,158
08/21/2020,TVC,MI,AGL,CE,Towers with Radar,22,13,31,1,67,0,5,80,3,88,22,18,111,4,155,109,0,109,264
08/22/2020,TVC,MI,AGL,CE,Towers with Radar,23,19,18,0,60,0,0,53,3,56,23,19,71,3,116,84,12,96,212
08/23/2020,TVC,MI,AGL,CE,Towers with Radar,24,27,16,10,77,0,3,35,3,41,24,30,51,13,118,42,0,42,160
08/24/2020,TVC,MI,AGL,CE,Towers with Radar,20,12,21,7,60,0,3,48,2,53,20,15,69,9,113,96,6,102,215
08/25/2020,TVC,MI,AGL,CE,Towers with Radar,22,24,25,6,77,0,5,69,3,77,22,29,94,9,154,126,6,132,286
08/26/2020,TVC,MI,AGL,CE,Towers with Radar,24,13,34,0,71,0,4,21,2,27,24,17,55,2,98,30,0,30,128
08/27/2020,TVC,MI,AGL,CE,Towers with Radar,23,18,30,4,75,0,0,43,4,47,23,18,73,8,122,108,32,140,262
08/28/2020,TVC,MI,AGL,CE,Towers with Radar,29,27,11,3,70,0,1,24,6,31,29,28,35,9,101,97,8,105,206
08/29/2020,TVC,MI,AGL,CE,Towers with Radar,24,18,27,5,74,0,1,13,4,18,24,19,40,9,92,44,8,52,144
08/30/2020,TVC,MI,AGL,CE,Towers with Radar,26,18,33,0,77,0,1,49,2,52,26,19,82,2,129,45,0,45,174
08/31/2020,TVC,MI,AGL,CE,Towers with Radar,21,15,25,0,61,0,2,85,3,90,21,17,110,3,151,150,0,150,301
09/01/2020,TVC,MI,AGL,CE,Towers with Radar,18,19,19,4,60,0,1,66,5,72,18,20,85,9,132,92,0,92,224
09/02/2020,TVC,MI,AGL,CE,Towers with Radar,21,10,14,2,47,0,0,45,3,48,21,10,59,5,95,74,6,80,175
09/03/2020,TVC,MI,AGL,CE,Towers with Radar,23,19,38,0,80,0,1,14,1,16,23,20,52,1,96,4,0,4,100
09/04/2020,TVC,MI,AGL,CE,Towers with Radar,25,16,37,4,82,0,2,31,2,35,25,18,68,6,117,76,0,76,193
09/05/2020,TVC,MI,AGL,CE,Towers with Radar,19,20,24,0,63,0,1,50,2,53,19,21,74,2,116,96,0,96,212
09/06/2020,TVC,MI,AGL,CE,Towers with Radar,20,8,27,0,55,0,8,38,5,51,20,16,65,5,106,36,0,36,142
09/07/2020,TVC,MI,AGL,CE,Towers with Radar,20,28,30,1,79,0,6,41,1,48,20,34,71,2,127,42,0,42,169
09/08/2020,TVC,MI,AGL,CE,Towers with Radar,16,16,13,2,47,0,2,63,2,67,16,18,76,4,114,171,0,171,285
09/09/2020,TVC,MI,AGL,CE,Towers with Radar,12,16,24,0,52,0,0,34,3,37,12,16,58,3,89,117,18,135,224
09/10/2020,TVC,MI,AGL,CE,Towers with Radar,18,17,35,0,70,0,0,25,3,28,18,17,60,3,98,76,0,76,174
09/11/2020,TVC,MI,AGL,CE,Towers with Radar,14,26,19,0,59,0,4,136,8,148,14,30,155,8,207,148,18,166,373
09/12/2020,TVC,MI,AGL,CE,Towers with Radar,16,22,16,1,55,0,0,11,3,14,16,22,27,4,69,56,22,78,147
09/13/2020,TVC,MI,AGL,CE,Towers with Radar,18,14,38,1,71,0,3,14,5,22,18,17,52,6,93,2,14,16,109
09/14/2020,TVC,MI,AGL,CE,Towers with Radar,15,7,29,0,51,0,2,78,1,81,15,9,107,1,132,112,0,112,244
09/15/2020,TVC,MI,AGL,CE,Towers with Radar,12,16,17,5,50,0,4,21,5,30,12,20,38,10,80,30,12,42,122
09/16/2020,TVC,MI,AGL,CE,Towers with Radar,11,9,23,0,43,0,3,34,4,41,11,12,57,4,84,72,0,72,156
09/17/2020,TVC,MI,AGL,CE,Towers with Radar,14,8,14,2,38,0,0,107,2,109,14,8,121,4,147,132,0,132,279
09/18/2020,TVC,MI,AGL,CE,Towers with Radar,14,15,14,6,49,0,7,101,3,111,14,22,115,9,160,126,14,140,300
09/19/2020,TVC,MI,AGL,CE,Towers with Radar,15,21,19,1,56,0,8,74,3,85,15,29,93,4,141,96,26,122,263
09/20/2020,TVC,MI,AGL,CE,Towers with Radar,17,10,25,0,52,0,3,57,4,64,17,13,82,4,116,110,18,128,244
09/21/2020,TVC,MI,AGL,CE,Towers with Radar,14,7,21,0,42,0,0,97,2,99,14,7,118,2,141,138,0,138,279
09/22/2020,TVC,MI,AGL,CE,Towers with Radar,11,7,15,1,34,0,7,80,1,88,11,14,95,2,122,152,0,152,274
09/23/2020,TVC,MI,AGL,CE,Towers with Radar,13,4,25,0,42,0,0,71,3,74,13,4,96,3,116,120,14,134,250
09/24/2020,TVC,MI,AGL,CE,Towers with Radar,12,9,25,0,46,0,1,66,3,70,12,10,91,3,116,156,18,174,290
09/25/2020,TVC,MI,AGL,CE,Towers with Radar,15,10,37,0,62,0,4,92,4,100,15,14,129,4,162,98,2,100,262
09/26/2020,TVC,MI,AGL,CE,Towers with Radar,15,16,20,2,53,0,3,8,2,13,15,19,28,4,66,22,0,22,88
09/27/2020,TVC,MI,AGL,CE,Towers with Radar,16,12,17,0,45,0,4,11,1,16,16,16,28,1,61,6,0,6,67
09/28/2020,TVC,MI,AGL,CE,Towers with Radar,14,2,35,2,53,0,0,14,1,15,14,2,49,3,68,82,26,108,176
09/29/2020,TVC,MI,AGL,CE,Towers with Radar,11,15,19,0,45,0,2,68,4,74,11,17,87,4,119,128,18,146,265
09/30/2020,TVC,MI,AGL,CE,Towers with Radar,14,10,8,0,32,0,4,28,6,38,14,14,36,6,70,88,48,136,206
10/01/2020,TVC,MI,AGL,CE,Towers with Radar,13,4,14,0,31,0,0,10,5,15,13,4,24,5,46,14,20,34,80
10/02/2020,TVC,MI,AGL,CE,Towers with Radar,12,4,31,0,47,0,4,31,0,35,12,8,62,0,82,22,0,22,104
10/03/2020,TVC,MI,AGL,CE,Towers with Radar,10,9,12,5,36,0,10,50,1,61,10,19,62,6,97,76,10,86,183
10/04/2020,TVC,MI,AGL,CE,Towers with Radar,15,4,18,5,42,0,0,4,1,5,15,4,22,6,47,0,6,6,53
10/05/2020,TVC,MI,AGL,CE,Towers with Radar,13,7,21,1,42,0,13,75,9,97,13,20,96,10,139,56,12,68,207
10/06/2020,TVC,MI,AGL,CE,Towers with Radar,11,11,20,2,44,0,3,103,5,111,11,14,123,7,155,180,0,180,335
10/07/2020,TVC,MI,AGL,CE,Towers with Radar,7,5,21,0,33,0,9,47,0,56,7,14,68,0,89,144,0,144,233
10/08/2020,TVC,MI,AGL,CE,Towers with Radar,13,4,18,1,36,0,2,84,6,92,13,6,102,7,128,188,2,190,318
10/09/2020,TVC,MI,AGL,CE,Towers with Radar,15,8,18,4,45,0,4,40,2,46,15,12,58,6,91,64,0,64,155
10/10/2020,TVC,MI,AGL,CE,Towers with Radar,10,11,21,0,42,0,0,53,2,55,10,11,74,2,97,96,0,96,193
10/11/2020,TVC,MI,AGL,CE,Towers with Radar,13,10,18,0,41,0,9,60,2,71,13,19,78,2,112,56,0,56,168
10/12/2020,TVC,MI,AGL,CE,Towers with Radar,20,15,10,1,46,0,0,7,1,8,20,15,17,2,54,0,30,30,84
10/13/2020,TVC,MI,AGL,CE,Towers with Radar,14,19,20,0,53,0,4,89,4,97,14,23,109,4,150,104,8,112,262
10/14/2020,TVC,MI,AGL,CE,Towers with Radar,14,18,11,0,43,0,0,96,4,100,14,18,107,4,143,144,0,144,287
10/15/2020,TVC,MI,AGL,CE,Towers with Radar,20,20,11,0,51,0,0,9,6,15,20,20,20,6,66,10,4,14,80
10/16/2020,TVC,MI,AGL,CE,Towers with Radar,24,21,50,2,97,0,21,63,5,89,24,42,113,7,186,92,40,132,318
10/17/2020,TVC,MI,AGL,CE,Towers with Radar,22,15,25,0,62,0,7,35,2,44,22,22,60,2,106,26,0,26,132
10/18/2020,TVC,MI,AGL,CE,Towers with Radar,24,4,26,1,55,0,1,12,1,14,24,5,38,2,69,2,12,14,83
10/19/2020,TVC,MI,AGL,CE,Towers with Radar,17,11,36,10,74,2,3,107,5,117,19,14,143,15,191,163,32,195,386
10/20/2020,TVC,MI,AGL,CE,Towers with Radar,15,26,24,6,71,0,1,116,5,122,15,27,140,11,193,248,4,252,445
10/21/2020,TVC,MI,AGL,CE,Towers with Radar,13,16,31,0,60,0,7,23,2,32,13,23,54,2,92,68,0,68,160
10/22/2020,TVC,MI,AGL,CE,Towers with Radar,21,11,17,1,50,0,1,30,3,34,21,12,47,4,84,86,18,104,188
10/23/2020,TVC,MI,AGL,CE,Towers with Radar,25,13,6,0,44,0,0,0,0,0,25,13,6,0,44,0,0,0,44
10/24/2020,TVC,MI,AGL,CE,Towers with Radar,17,11,34,0,62,0,11,53,3,67,17,22,87,3,129,76,0,76,205
10/25/2020,TVC,MI,AGL,CE,Towers with Radar,20,7,19,0,46,0,0,26,0,26,20,7,45,0,72,30,10,40,112
10/26/2020,TVC,MI,AGL,CE,Towers with Radar,16,10,2,2,30,0,1,1,2,4,16,11,3,4,34,0,0,0,34
10/27/2020,TVC,MI,AGL,CE,Towers with Radar,12,10,25,1,48,0,0,53,14,67,12,10,78,15,115,73,24,97,212
10/28/2020,TVC,MI,AGL,CE,Towers with Radar,11,12,19,1,43,0,1,103,4,108,11,13,122,5,151,136,22,158,309
10/29/2020,TVC,MI,AGL,CE,Towers with Radar,18,9,21,0,48,0,4,28,6,38,18,13,49,6,86,164,0,164,250
10/30/2020,TVC,MI,AGL,CE,Towers with Radar,20,17,20,0,57,0,2,39,2,43,20,19,59,2,100,158,0,158,258
10/31/2020,TVC,MI,AGL,CE,Towers with Radar,12,17,22,2,53,0,3,43,4,50,12,20,65,6,103,78,14,92,195
11/01/2020,TVC,MI,AGL,CE,Towers with Radar,23,7,3,7,40,0,0,0,3,3,23,7,3,10,43,0,0,0,43
11/02/2020,TVC,MI,AGL,CE,Towers with Radar,18,9,20,9,56,0,3,10,1,14,18,12,30,10,70,6,0,6,76
11/03/2020,TVC,MI,AGL,CE,Towers with Radar,7,6,8,2,23,0,3,40,4,47,7,9,48,6,70,48,0,48,118
11/04/2020,TVC,MI,AGL,CE,Towers with Radar,15,9,27,0,51,0,0,79,2,81,15,9,106,2,132,92,0,92,224
11/05/2020,TVC,MI,AGL,CE,Towers with Radar,20,9,40,5,74,0,1,111,5,117,20,10,151,10,191,220,4,224,415
11/06/2020,TVC,MI,AGL,CE,Towers with Radar,16,8,46,0,70,0,9,89,6,104,16,17,135,6,174,110,0,110,284
11/07/2020,TVC,MI,AGL,CE,Towers with Radar,14,12,23,1,50,0,11,41,2,54,14,23,64,3,104,30,0,30,134
11/08/2020,TVC,MI,AGL,CE,Towers with Radar,22,2,27,0,51,0,6,54,1,61,22,8,81,1,112,64,0,64,176
11/09/2020,TVC,MI,AGL,CE,Towers with Radar,18,7,20,8,53,0,1,54,9,64,18,8,74,17,117,46,54,100,217
11/10/2020,TVC,MI,AGL,CE,Towers with Radar,9,12,8,2,31,0,0,2,3,5,9,12,10,5,36,18,12,30,66
11/11/2020,TVC,MI,AGL,CE,Towers with Radar,17,10,22,0,49,0,2,32,4,38,17,12,54,4,87,91,4,95,182
11/12/2020,TVC,MI,AGL,CE,Towers with Radar,22,8,52,3,85,0,1,97,9,107,22,9,149,12,192,140,0,140,332
11/13/2020,TVC,MI,AGL,CE,Towers with Radar,18,17,5,0,40,0,1,19,3,23,18,18,24,3,63,116,8,124,187
11/14/2020,TVC,MI,AGL,CE,Towers with Radar,18,9,24,3,54,0,4,47,2,53,18,13,71,5,107,56,10,66,173
11/15/2020,TVC,MI,AGL,CE,Towers with Radar,22,3,5,0,30,0,0,0,2,2,22,3,5,2,32,0,0,0,32
11/16/2020,TVC,MI,AGL,CE,Towers with Radar,21,9,17,4,51,0,1,45,8,54,21,10,62,12,105,162,6,168,273
11/17/2020,TVC,MI,AGL,CE,Towers with Radar,9,11,14,3,37,0,1,12,9,22,9,12,26,12,59,38,26,64,123
11/18/2020,TVC,MI,AGL,CE,Towers with Radar,18,9,11,0,38,0,2,25,3,30,18,11,36,3,68,46,30,76,144
11/19/2020,TVC,MI,AGL,CE,Towers with Radar,18,7,10,8,43,0,5,3,4,12,18,12,13,12,55,10,8,18,73
11/20/2020,TVC,MI,AGL,CE,Towers with Radar,18,11,15,0,44,0,3,32,4,39,18,14,47,4,83,96,0,96,179
11/21/2020,TVC,MI,AGL,CE,Towers with Radar,15,12,16,0,43,0,0,35,3,38,15,12,51,3,81,40,0,40,121
11/22/2020,TVC,MI,AGL,CE,Towers with Radar,20,9,11,0,40,0,2,24,1,27,20,11,35,1,67,43,0,43,110
11/23/2020,TVC,MI,AGL,CE,Towers with Radar,8,7,4,0,19,0,1,9,5,15,8,8,13,5,34,14,0,14,48
11/24/2020,TVC,MI,AGL,CE,Towers with Radar,18,9,8,0,35,0,0,23,2,25,18,9,31,2,60,30,0,30,90
11/25/2020,TVC,MI,AGL,CE,Towers with Radar,13,8,3,3,27,0,0,0,1,1,13,8,3,4,28,0,0,0,28
11/26/2020,TVC,MI,AGL,CE,Towers with Radar,7,2,4,0,13,0,0,0,0,0,7,2,4,0,13,0,0,0,13
11/27/2020,TVC,MI,AGL,CE,Towers with Radar,10,14,3,0,27,0,2,8,11,21,10,16,11,11,48,50,0,50,98
11/28/2020,TVC,MI,AGL,CE,Towers with Radar,24,9,10,0,43,0,4,23,2,29,24,13,33,2,72,8,0,8,80
11/29/2020,TVC,MI,AGL,CE,Towers with Radar,17,0,13,0,30,0,2,15,6,23,17,2,28,6,53,14,16,30,83
11/30/2020,TVC,MI,AGL,CE,Towers with Radar,17,6,8,0,31,0,0,0,7,7,17,6,8,7,38,0,56,56,94
12/01/2020,TVC,MI,AGL,CE,Towers with Radar,7,12,15,2,36,0,1,12,11,24,7,13,27,13,60,14,24,38,98
12/02/2020,TVC,MI,AGL,CE,Towers with Radar,14,15,6,0,35,0,6,64,9,79,14,21,70,9,114,113,40,153,267
12/03/2020,TVC,MI,AGL,CE,Towers with Radar,13,11,11,3,38,0,3,15,8,26,13,14,26,11,64,28,0,28,92
12/04/2020,TVC,MI,AGL,CE,Towers with Radar,16,10,8,0,34,0,6,20,7,33,16,16,28,7,67,122,16,138,205
12/05/2020,TVC,MI,AGL,CE,Towers with Radar,15,8,2,0,25,0,0,2,1,3,15,8,4,1,28,8,0,8,36
12/06/2020,TVC,MI,AGL,CE,Towers with Radar,13,3,11,0,27,0,2,10,1,13,13,5,21,1,40,26,0,26,66
12/07/2020,TVC,MI,AGL,CE,Towers with Radar,20,5,8,4,37,0,1,26,9,36,20,6,34,13,73,60,72,132,205
12/08/2020,TVC,MI,AGL,CE,Towers with Radar,8,10,4,0,22,0,0,5,9,14,8,10,9,9,36,38,26,64,100
12/09/2020,TVC,MI,AGL,CE,Towers with Radar,15,12,11,3,41,0,2,50,7,59,15,14,61,10,100,272,0,272,372
12/10/2020,TVC,MI,AGL,CE,Towers with Radar,15,14,42,0,71,0,2,98,7,107,15,16,140,7,178,108,2,110,288
12/11/2020,TVC,MI,AGL,CE,Towers with Radar,15,10,5,3,33,0,2,18,8,28,15,12,23,11,61,76,32,108,169
12/12/2020,TVC,MI,AGL,CE,Towers with Radar,4,9,2,0,15,0,0,0,0,0,4,9,2,0,15,0,0,0,15
12/13/2020,TVC,MI,AGL,CE,Towers with Radar,16,7,5,0,28,0,0,0,2,2,16,7,5,2,30,0,0,0,30
12/14/2020,TVC,MI,AGL,CE,Towers with Radar,15,9,13,0,37,0,2,16,4,22,15,11,29,4,59,74,0,74,133
12/15/2020,TVC,MI,AGL,CE,Towers with Radar,8,8,26,0,42,0,2,41,6,49,8,10,67,6,91,158,8,166,257
12/16/2020,TVC,MI,AGL,CE,Towers with Radar,14,12,14,0,40,0,3,98,1,102,14,15,112,1,142,152,0,152,294
12/17/2020,TVC,MI,AGL,CE,Towers with Radar,17,9,16,0,42,0,0,57,3,60,17,9,73,3,102,186,16,202,304
12/18/2020,TVC,MI,AGL,CE,Towers with Radar,21,13,25,0,59,0,0,56,2,58,21,13,81,2,117,124,16,140,257
12/19/2020,TVC,MI,AGL,CE,Towers with Radar,20,19,2,0,41,0,0,0,0,0,20,19,2,0,41,0,0,0,41
12/20/2020,TVC,MI,AGL,CE,Towers with Radar,17,7,12,0,36,0,1,18,2,21,17,8,30,2,57,10,0,10,67
12/21/2020,TVC,MI,AGL,CE,Towers with Radar,25,11,0,0,36,0,0,4,0,4,25,11,4,0,40,12,0,12,52
12/22/2020,TVC,MI,AGL,CE,Towers with Radar,17,14,15,3,49,0,1,19,6,26,17,15,34,9,75,30,22,52,127
12/23/2020,TVC,MI,AGL,CE,Towers with Radar,19,9,16,0,44,0,6,13,2,21,19,15,29,2,65,38,8,46,111
12/24/2020,TVC,MI,AGL,CE,Towers with Radar,16,11,3,0,30,0,0,0,0,0,16,11,3,0,30,0,0,0,30
12/25/2020,TVC,MI,AGL,CE,Towers with Radar,9,3,0,0,12,0,0,0,0,0,9,3,0,0,12,0,0,0,12
12/26/2020,TVC,MI,AGL,CE,Towers with Radar,18,13,8,0,39,0,0,0,2,2,18,13,8,2,41,0,0,0,41
12/27/2020,TVC,MI,AGL,CE,Towers with Radar,21,11,11,0,43,0,1,13,3,17,21,12,24,3,60,8,12,20,80
12/28/2020,TVC,MI,AGL,CE,Towers with Radar,18,10,10,0,38,0,4,10,6,20,18,14,20,6,58,6,0,6,64
12/29/2020,TVC,MI,AGL,CE,Towers with Radar,18,10,19,0,47,0,2,51,4,57,18,12,70,4,104,124,0,124,228
12/30/2020,TVC,MI,AGL,CE,Towers with Radar,21,10,2,0,33,0,0,0,0,0,21,10,2,0,33,0,0,0,33
12/31/2020,TVC,MI,AGL,CE,Towers with Radar,17,11,8,0,36,0,2,4,2,8,17,13,12,2,44,80,12,92,136
01/01/2021,TVC,MI,AGL,CE,Towers with Radar,15,4,1,0,20,0,0,2,0,2,15,4,3,0,22,0,0,0,22
01/02/2021,TVC,MI,AGL,CE,Towers with Radar,18,16,11,0,45,0,0,6,2,8,18,16,17,2,53,20,0,20,73
01/03/2021,TVC,MI,AGL,CE,Towers with Radar,21,7,7,0,35,0,0,1,2,3,21,7,8,2,38,15,21,36,74
01/04/2021,TVC,MI,AGL,CE,Towers with Radar,16,7,16,0,39,0,1,31,7,39,16,8,47,7,78,102,90,192,270
01/05/2021,TVC,MI,AGL,CE,Towers with Radar,9,11,6,1,27,0,0,1,6,7,9,11,7,7,34,4,38,42,76
01/06/2021,TVC,MI,AGL,CE,Towers with Radar,10,12,19,2,43,0,1,51,0,52,10,13,70,2,95,156,2,158,253
01/07/2021,TVC,MI,AGL,CE,Towers with Radar,12,15,8,3,38,0,1,52,8,61,12,16,60,11,99,46,30,76,175
01/08/2021,TVC,MI,AGL,CE,Towers with Radar,14,12,20,0,46,0,0,51,4,55,14,12,71,4,101,120,28,148,249
01/09/2021,TVC,MI,AGL,CE,Towers with Radar,12,8,8,0,28,0,0,8,4,12,12,8,16,4,40,62,0,62,102
01/10/2021,TVC,MI,AGL,CE,Towers with Radar,11,1,7,0,19,0,0,5,1,6,11,1,12,1,25,52,0,52,77
01/11/2021,TVC,MI,AGL,CE,Towers with Radar,14,6,3,0,23,0,0,1,2,3,14,6,4,2,26,0,0,0,26
01/12/2021,TVC,MI,AGL,CE,Towers with Radar,8,11,13,0,32,0,1,7,8,16,8,12,20,8,48,28,72,100,148
01/13/2021,TVC,MI,AGL,CE,Towers with Radar,13,10,22,0,45,0,1,55,5,61,13,11,77,5,106,104,42,146,252
01/14/2021,TVC,MI,AGL,CE,Towers with Radar,14,7,8,0,29,0,0,2,3,5,14,7,10,3,34,0,34,34,68
01/15/2021,TVC,MI,AGL,CE,Towers with Radar,16,6,13,0,35,0,0,0,1,1,16,6,13,1,36,0,42,42,78
01/16/2021,TVC,MI,AGL,CE,Towers with Radar,12,10,7,0,29,0,0,0,0,0,12,10,7,0,29,0,0,0,29
01/17/2021,TVC,MI,AGL,CE,Towers with Radar,13,4,1,0,18,0,0,2,4,6,13,4,3,4,24,10,0,10,34
01/18/2021,TVC,MI,AGL,CE,Towers with Radar,13,3,4,1,21,0,2,7,1,10,13,5,11,2,31,22,8,30,61
01/19/2021,TVC,MI,AGL,CE,Towers with Radar,8,6,16,10,40,0,2,39,7,48,8,8,55,17,88,135,36,171,259
01/20/2021,TVC,MI,AGL,CE,Towers with Radar,10,13,13,3,39,0,0,22,6,28,10,13,35,9,67,76,54,130,197
01/21/2021,TVC,MI,AGL,CE,Towers with Radar,11,10,9,5,35,0,0,42,6,48,11,10,51,11,83,82,8,90,173
01/22/2021,TVC,MI,AGL,CE,Towers with Radar,16,12,9,4,41,0,0,0,2,2,16,12,9,6,43,0,74,74,117
01/23/2021,TVC,MI,AGL,CE,Towers with Radar,12,10,25,1,48,0,3,76,5,84,12,13,101,6,132,106,0,106,238
01/24/2021,TVC,MI,AGL,CE,Towers with Radar,12,6,2,2,22,0,0,1,0,1,12,6,3,2,23,14,0,14,37
01/25/2021,TVC,MI,AGL,CE,Towers with Radar,11,2,14,9,36,0,9,68,5,82,11,11,82,14,118,172,0,172,290
01/26/2021,TVC,MI,AGL,CE,Towers with Radar,8,8,3,0,19,0,0,2,5,7,8,8,5,5,26,0,10,10,36
01/27/2021,TVC,MI,AGL,CE,Towers with Radar,10,13,2,3,28,0,0,20,1,21,10,13,22,4,49,58,0,58,107
01/28/2021,TVC,MI,AGL,CE,Towers with Radar,12,15,11,3,41,0,0,15,8,23,12,15,26,11,64,48,42,90,154
01/29/2021,TVC,MI,AGL,CE,Towers with Radar,15,8,55,0,78,0,5,110,3,118,15,13,165,3,196,220,18,238,434
01/30/2021,TVC,MI,AGL,CE,Towers with Radar,12,16,31,0,59,0,2,60,2,64,12,18,91,2,123,156,0,156,279
01/31/2021,TVC,MI,AGL,CE,Towers with Radar,7,1,14,0,22,0,0,6,0,6,7,1,20,0,28,18,0,18,46
02/01/2021,TVC,MI,AGL,CE,Towers with Radar,12,5,31,1,49,0,1,70,6,77,12,6,101,7,126,174,8,182,308
02/02/2021,TVC,MI,AGL,CE,Towers with Radar,7,9,23,4,43,0,0,67,4,71,7,9,90,8,114,140,48,188,302
02/03/2021,TVC,MI,AGL,CE,Towers with Radar,8,11,30,5,54,0,1,103,5,109,8,12,133,10,163,154,12,166,329
02/04/2021,TVC,MI,AGL,CE,Towers with Radar,10,9,9,0,28,0,0,54,4,58,10,9,63,4,86,112,0,112,198
02/05/2021,TVC,MI,AGL,CE,Towers with Radar,13,13,7,0,33,0,0,0,0,0,13,13,7,0,33,0,0,0,33
02/06/2021,TVC,MI,AGL,CE,Towers with Radar,11,9,6,0,26,0,0,0,2,2,11,9,6,2,28,0,0,0,28
02/07/2021,TVC,MI,AGL,CE,Towers with Radar,13,2,2,1,18,0,0,0,0,0,13,2,2,1,18,0,0,0,18
02/08/2021,TVC,MI,AGL,CE,Towers with Radar,12,13,6,0,31,0,2,22,2,26,12,15,28,2,57,82,24,106,163
02/09/2021,TVC,MI,AGL,CE,Towers with Radar,8,10,30,5,53,0,2,64,10,76,8,12,94,15,129,242,10,252,381
02/10/2021,TVC,MI,AGL,CE,Towers with Radar,8,10,15,7,40,0,0,41,15,56,8,10,56,22,96,84,22,106,202
02/11/2021,TVC,MI,AGL,CE,Towers with Radar,12,8,17,1,38,0,0,97,11,108,12,8,114,12,146,176,20,196,342
02/12/2021,TVC,MI,AGL,CE,Towers with Radar,17,9,16,0,42,0,0,21,4,25,17,9,37,4,67,60,0,60,127
02/13/2021,TVC,MI,AGL,CE,Towers with Radar,10,15,6,0,31,0,0,0,2,2,10,15,6,2,33,2,0,2,35
02/14/2021,TVC,MI,AGL,CE,Towers with Radar,12,9,8,1,30,0,2,1,2,5,12,11,9,3,35,0,6,6,41
02/15/2021,TVC,MI,AGL,CE,Towers with Radar,13,8,14,0,35,0,0,9,0,9,13,8,23,0,44,20,0,20,64
02/16/2021,TVC,MI,AGL,CE,Towers with Radar,7,6,17,3,33,0,2,56,13,71,7,8,73,16,104,64,38,102,206
02/17/2021,TVC,MI,AGL,CE,Towers with Radar,8,17,33,4,62,0,2,125,10,137,8,19,158,14,199,156,2,158,357
02/18/2021,TVC,MI,AGL,CE,Towers with Radar,16,6,20,0,42,0,0,90,7,97,16,6,110,7,139,164,2,166,305
02/19/2021,TVC,MI,AGL,CE,Towers with Radar,16,9,12,1,38,0,3,26,4,33,16,12,38,5,71,138,28,166,237
02/20/2021,TVC,MI,AGL,CE,Towers with Radar,10,8,9,1,28,0,0,4,1,5,10,8,13,2,33,2,0,2,35
02/21/2021,TVC,MI,AGL,CE,Towers with Radar,14,5,20,0,39,0,3,25,2,30,14,8,45,2,69,18,6,24,93
02/22/2021,TVC,MI,AGL,CE,Towers with Radar,18,9,13,0,40,0,3,5,5,13,18,12,18,5,53,34,22,56,109
02/23/2021,TVC,MI,AGL,CE,Towers with Radar,8,7,22,2,39,0,1,76,8,85,8,8,98,10,124,118,26,144,268
02/24/2021,TVC,MI,AGL,CE,Towers with Radar,8,8,4,0,20,0,0,7,2,9,8,8,11,2,29,70,48,118,147
02/25/2021,TVC,MI,AGL,CE,Towers with Radar,16,6,18,1,41,0,0,66,16,82,16,6,84,17,123,150,26,176,299
02/26/2021,TVC,MI,AGL,CE,Towers with Radar,18,15,33,0,66,0,1,44,6,51,18,16,77,6,117,72,0,72,189
02/27/2021,TVC,MI,AGL,CE,Towers with Radar,11,12,21,0,44,0,2,38,2,42,11,14,59,2,86,122,14,136,222
02/28/2021,TVC,MI,AGL,CE,Towers with Radar,18,1,4,0,23,0,0,14,1,15,18,1,18,1,38,24,8,32,70
03/01/2021,TVC,MI,AGL,CE,Towers with Radar,18,3,6,0,27,0,2,1,8,11,18,5,7,8,38,0,12,12,50
03/02/2021,TVC,MI,AGL,CE,Towers with Radar,8,8,6,6,28,0,1,24,10,35,8,9,30,16,63,30,2,32,95
03/03/2021,TVC,MI,AGL,CE,Towers with Radar,7,11,26,0,44,0,3,91,8,102,7,14,117,8,146,168,20,188,334
03/04/2021,TVC,MI,AGL,CE,Towers with Radar,14,13,33,7,67,0,1,87,16,104,14,14,120,23,171,172,46,218,389
03/05/2021,TVC,MI,AGL,CE,Towers with Radar,17,12,25,0,54,0,0,70,3,73,17,12,95,3,127,142,22,164,291
03/06/2021,TVC,MI,AGL,CE,Towers with Radar,14,8,19,0,41,0,9,43,0,52,14,17,62,0,93,94,0,94,187
03/07/2021,TVC,MI,AGL,CE,Towers with Radar,15,5,14,0,34,0,2,50,2,54,15,7,64,2,88,8,0,8,96
03/08/2021,TVC,MI,AGL,CE,Towers with Radar,17,7,34,0,58,0,1,73,3,77,17,8,107,3,135,120,0,120,255
03/09/2021,TVC,MI,AGL,CE,Towers with Radar,11,11,22,2,46,0,4,93,9,106,11,15,115,11,152,140,34,174,326
03/10/2021,TVC,MI,AGL,CE,Towers with Radar,14,11,8,0,33,0,0,12,9,21,14,11,20,9,54,58,20,78,132
03/11/2021,TVC,MI,AGL,CE,Towers with Radar,18,17,7,1,43,0,0,0,6,6,18,17,7,7,49,0,24,24,73
03/12/2021,TVC,MI,AGL,CE,Towers with Radar,17,10,51,3,81,0,1,53,3,57,17,11,104,6,138,130,4,134,272
03/13/2021,TVC,MI,AGL,CE,Towers with Radar,16,6,18,1,41,0,4,48,6,58,16,10,66,7,99,70,0,70,169
03/14/2021,TVC,MI,AGL,CE,Towers with Radar,17,1,12,1,31,0,1,40,4,45,17,2,52,5,76,40,0,40,116
03/15/2021,TVC,MI,AGL,CE,Towers with Radar,18,5,36,1,60,0,0,114,7,121,18,5,150,8,181,216,2,218,399
03/16/2021,TVC,MI,AGL,CE,Towers with Radar,14,9,13,2,38,0,0,20,5,25,14,9,33,7,63,112,8,120,183
03/17/2021,TVC,MI,AGL,CE,Towers with Radar,13,11,8,1,33,0,0,44,4,48,13,11,52,5,81,222,12,234,315
03/18/2021,TVC,MI,AGL,CE,Towers with Radar,16,10,18,0,44,0,2,50,6,58,16,12,68,6,102,30,2,32,134
03/19/2021,TVC,MI,AGL,CE,Towers with Radar,20,7,53,2,82,0,4,129,13,146,20,11,182,15,228,184,6,190,418
03/20/2021,TVC,MI,AGL,CE,Towers with Radar,15,11,22,0,48,0,11,87,3,101,15,22,109,3,149,60,0,60,209
03/21/2021,TVC,MI,AGL,CE,Towers with Radar,17,2,24,0,43,0,11,32,3,46,17,13,56,3,89,18,0,18,107
03/22/2021,TVC,MI,AGL,CE,Towers with Radar,19,4,14,2,39,0,0,21,7,28,19,4,35,9,67,30,56,86,153
03/23/2021,TVC,MI,AGL,CE,Towers with Radar,13,9,47,0,69,0,1,92,5,98,13,10,139,5,167,292,4,296,463
03/24/2021,TVC,MI,AGL,CE,Towers with Radar,11,13,2,0,26,0,2,22,6,30,11,15,24,6,56,98,2,100,156
03/25/2021,TVC,MI,AGL,CE,Towers with Radar,17,14,13,2,46,0,1,36,4,41,17,15,49,6,87,228,0,228,315
03/26/2021,TVC,MI,AGL,CE,Towers with Radar,21,12,7,0,40,0,3,6,1,10,21,15,13,1,50,42,20,62,112
03/27/2021,TVC,MI,AGL,CE,Towers with Radar,15,8,16,0,39,0,9,47,4,60,15,17,63,4,99,104,0,104,203
03/28/2021,TVC,MI,AGL,CE,Towers with Radar,15,7,4,0,26,0,0,0,2,2,15,7,4,2,28,0,0,0,28
03/29/2021,TVC,MI,AGL,CE,Towers with Radar,19,3,25,0,47,0,1,83,2,86,19,4,108,2,133,134,0,134,267
03/30/2021,TVC,MI,AGL,CE,Towers with Radar,17,8,2,4,31,0,0,7,14,21,17,8,9,18,52,0,20,20,72
03/31/2021,TVC,MI,AGL,CE,Towers with Radar,15,7,12,3,37,0,1,54,10,65,15,8,66,13,102,200,56,256,358
04/01/2021,TVC,MI,AGL,CE,Towers with Radar,21,10,20,3,54,0,1,70,6,77,21,11,90,9,131,96,20,116,247
04/02/2021,TVC,MI,AGL,CE,Towers with Radar,22,10,43,5,80,0,2,127,2,131,22,12,170,7,211,158,0,158,369
04/03/2021,TVC,MI,AGL,CE,Towers with Radar,16,13,14,0,43,0,3,52,2,57,16,16,66,2,100,34,0,34,134
04/04/2021,TVC,MI,AGL,CE,Towers with Radar,19,4,12,0,35,0,5,63,2,70,19,9,75,2,105,86,0,86,191
04/05/2021,TVC,MI,AGL,CE,Towers with Radar,18,6,22,0,46,0,2,73,5,80,18,8,95,5,126,128,2,130,256
04/06/2021,TVC,MI,AGL,CE,Towers with Radar,13,12,19,0,44,0,2,95,7,104,13,14,114,7,148,152,18,170,318
04/07/2021,TVC,MI,AGL,CE,Towers with Radar,11,14,40,0,65,0,5,97,3,105,11,19,137,3,170,192,2,194,364
04/08/2021,TVC,MI,AGL,CE,Towers with Radar,19,11,9,1,40,0,3,32,8,43,19,14,41,9,83,57,42,99,182
04/09/2021,TVC,MI,AGL,CE,Towers with Radar,19,13,23,2,57,0,2,26,3,31,19,15,49,5,88,98,0,98,186
04/10/2021,TVC,MI,AGL,CE,Towers with Radar,15,17,22,0,54,0,2,17,2,21,15,19,39,2,75,18,0,18,93
04/11/2021,TVC,MI,AGL,CE,Towers with Radar,17,9,17,0,43,0,3,1,2,6,17,12,18,2,49,0,8,8,57
04/12/2021,TVC,MI,AGL,CE,Towers with Radar,18,7,10,1,36,0,1,14,1,16,18,8,24,2,52,38,0,38,90
04/13/2021,TVC,MI,AGL,CE,Towers with Radar,10,9,32,1,52,0,4,76,7,87,10,13,108,8,139,148,0,148,287
04/14/2021,TVC,MI,AGL,CE,Towers with Radar,8,11,9,0,28,0,0,5,3,8,8,11,14,3,36,44,14,58,94
04/15/2021,TVC,MI,AGL,CE,Towers with Radar,17,13,11,2,43,0,0,0,4,4,17,13,11,6,47,0,0,0,47
04/16/2021,TVC,MI,AGL,CE,Towers with Radar,20,11,27,1,59,0,1,14,6,21,20,12,41,7,80,78,0,78,158
04/17/2021,TVC,MI,AGL,CE,Towers with Radar,14,9,30,0,53,0,4,112,1,117,14,13,142,1,170,146,14,160,330
04/18/2021,TVC,MI,AGL,CE,Towers with Radar,16,6,17,0,39,0,2,54,2,58,16,8,71,2,97,40,0,40,137
04/19/2021,TVC,MI,AGL,CE,Towers with Radar,19,7,10,0,36,0,4,32,4,40,19,11,42,4,76,40,0,40,116
04/20/2021,TVC,MI,AGL,CE,Towers with Radar,9,7,12,2,30,0,7,73,5,85,9,14,85,7,115,131,0,131,246
04/21/2021,TVC,MI,AGL,CE,Towers with Radar,8,12,31,0,51,0,1,92,8,101,8,13,123,8,152,234,0,234,386
04/22/2021,TVC,MI,AGL,CE,Towers with Radar,17,19,38,2,76,0,1,108,9,118,17,20,146,11,194,115,0,115,309
04/23/2021,TVC,MI,AGL,CE,Towers with Radar,23,19,34,2,78,0,0,98,16,114,23,19,132,18,192,118,0,118,310
04/24/2021,TVC,MI,AGL,CE,Towers with Radar,13,12,18,1,44,0,7,37,4,48,13,19,55,5,92,92,0,92,184
04/25/2021,TVC,MI,AGL,CE,Towers with Radar,18,0,13,0,31,0,3,32,2,37,18,3,45,2,68,80,0,80,148
04/26/2021,TVC,MI,AGL,CE,Towers with Radar,19,8,16,2,45,0,0,17,2,19,19,8,33,4,64,44,0,44,108
04/27/2021,TVC,MI,AGL,CE,Towers with Radar,9,10,38,0,57,0,4,84,7,95,9,14,122,7,152,144,0,144,296
04/28/2021,TVC,MI,AGL,CE,Towers with Radar,8,12,12,0,32,0,1,1,3,5,8,13,13,3,37,0,0,0,37
04/29/2021,TVC,MI,AGL,CE,Towers with Radar,17,12,34,4,67,0,0,12,7,19,17,12,46,11,86,52,0,52,138
04/30/2021,TVC,MI,AGL,CE,Towers with Radar,18,12,23,4,57,0,1,45,5,51,18,13,68,9,108,54,0,54,162
05/01/2021,TVC,MI,AGL,CE,Towers with Radar,17,7,15,0,39,0,2,9,3,14,17,9,24,3,53,2,0,2,55
05/02/2021,TVC,MI,AGL,CE,Towers with Radar,17,7,25,0,49,0,9,47,0,56,17,16,72,0,105,94,0,94,199
05/03/2021,TVC,MI,AGL,CE,Towers with Radar,21,7,27,3,58,0,0,0,0,0,21,7,27,3,58,0,0,0,58
05/04/2021,TVC,MI,AGL,CE,Towers with Radar,12,15,15,1,43,0,0,2,0,2,12,15,17,1,45,2,0,2,47
05/05/2021,TVC,MI,AGL,CE,Towers with Radar,14,12,29,0,55,0,0,56,8,64,14,12,85,8,119,214,0,214,333
05/06/2021,TVC,MI,AGL,CE,Towers with Radar,34,10,27,0,71,0,0,95,15,110,34,10,122,15,181,208,0,208,389
05/07/2021,TVC,MI,AGL,CE,Towers with Radar,35,9,21,4,69,0,0,11,1,12,35,9,32,5,81,18,0,18,99
05/08/2021,TVC,MI,AGL,CE,Towers with Radar,36,12,32,2,82,0,6,93,2,101,36,18,125,4,183,98,14,112,295
05/09/2021,TVC,MI,AGL,CE,Towers with Radar,33,3,17,0,53,0,10,32,3,45,33,13,49,3,98,26,12,38,136
05/10/2021,TVC,MI,AGL,CE,Towers with Radar,36,4,46,2,88,0,6,65,10,81,36,10,111,12,169,130,14,144,313
05/11/2021,TVC,MI,AGL,CE,Towers with Radar,23,13,26,0,62,0,3,77,9,89,23,16,103,9,151,196,16,212,363
05/12/2021,TVC,MI,AGL,CE,Towers with Radar,26,23,41,4,94,0,8,144,1,153,26,31,185,5,247,242,0,242,489
05/13/2021,TVC,MI,AGL,CE,Towers with Radar,32,12,34,0,78,0,5,132,3,140,32,17,166,3,218,238,0,238,456
05/14/2021,TVC,MI,AGL,CE,Towers with Radar,33,7,41,1,82,0,8,129,3,140,33,15,170,4,222,224,0,224,446
05/15/2021,TVC,MI,AGL,CE,Towers with Radar,35,8,21,0,64,0,11,94,6,111,35,19,115,6,175,80,0,80,255
05/16/2021,TVC,MI,AGL,CE,Towers with Radar,33,3,22,1,59,0,2,57,1,60,33,5,79,2,119,46,0,46,165
05/17/2021,TVC,MI,AGL,CE,Towers with Radar,32,9,28,0,69,0,1,99,4,104,32,10,127,4,173,242,0,242,415
05/18/2021,TVC,MI,AGL,CE,Towers with Radar,30,9,20,2,61,0,2,143,6,151,30,11,163,8,212,182,0,182,394
05/19/2021,TVC,MI,AGL,CE,Towers with Radar,30,14,38,2,84,0,4,71,6,81,30,18,109,8,165,162,10,172,337
05/20/2021,TVC,MI,AGL,CE,Towers with Radar,31,18,53,0,102,0,3,102,7,112,31,21,155,7,214,228,14,242,456
05/21/2021,TVC,MI,AGL,CE,Towers with Radar,35,15,36,1,87,0,15,60,0,75,35,30,96,1,162,102,0,102,264
05/22/2021,TVC,MI,AGL,CE,Towers with Radar,36,10,27,2,75,0,4,16,4,24,36,14,43,6,99,38,0,38,137
05/23/2021,TVC,MI,AGL,CE,Towers with Radar,37,3,20,1,61,0,1,2,1,4,37,4,22,2,65,0,0,0,65
05/24/2021,TVC,MI,AGL,CE,Towers with Radar,33,5,30,2,70,0,5,66,5,76,33,10,96,7,146,156,0,156,302
05/25/2021,TVC,MI,AGL,CE,Towers with Radar,33,11,29,1,74,0,6,34,5,45,33,17,63,6,119,56,2,58,177
05/26/2021,TVC,MI,AGL,CE,Towers with Radar,34,9,33,0,76,0,1,94,11,106,34,10,127,11,182,162,0,162,344
05/27/2021,TVC,MI,AGL,CE,Towers with Radar,29,16,46,1,92,0,8,124,9,141,29,24,170,10,233,230,6,236,469
05/28/2021,TVC,MI,AGL,CE,Towers with Radar,32,23,43,0,98,0,7,46,2,55,32,30,89,2,153,81,0,81,234
05/29/2021,TVC,MI,AGL,CE,Towers with Radar,40,21,27,0,88,0,8,86,3,97,40,29,113,3,185,110,0,110,295
05/30/2021,TVC,MI,AGL,CE,Towers with Radar,38,5,24,0,67,0,8,59,2,69,38,13,83,2,136,38,0,38,174
05/31/2021,TVC,MI,AGL,CE,Towers with Radar,39,11,38,0,88,0,3,41,3,47,39,14,79,3,135,12,0,12,147
06/01/2021,TVC,MI,AGL,CE,Towers with Radar,37,12,42,1,92,0,0,120,6,126,37,12,162,7,218,258,0,258,476
06/02/2021,TVC,MI,AGL,CE,Towers with Radar,40,17,27,0,84,0,6,92,7,105,40,23,119,7,189,242,0,242,431
06/03/2021,TVC,MI,AGL,CE,Towers with Radar,51,14,36,0,101,0,4,79,11,94,51,18,115,11,195,62,6,68,263
06/04/2021,TVC,MI,AGL,CE,Towers with Radar,49,14,30,5,98,0,3,86,5,94,49,17,116,10,192,122,4,126,318
06/05/2021,TVC,MI,AGL,CE,Towers with Radar,67,15,20,1,103,0,5,21,1,27,67,20,41,2,130,2,0,2,132
06/06/2021,TVC,MI,AGL,CE,Towers with Radar,45,17,29,2,93,0,2,46,6,54,45,19,75,8,147,36,2,38,185
06/07/2021,TVC,MI,AGL,CE,Towers with Radar,45,14,48,1,108,0,3,85,8,96,45,17,133,9,204,202,0,202,406
06/08/2021,TVC,MI,AGL,CE,Towers with Radar,38,17,42,0,97,0,4,82,5,91,38,21,124,5,188,228,0,228,416
06/09/2021,TVC,MI,AGL,CE,Towers with Radar,46,23,37,0,106,0,5,92,3,100,46,28,129,3,206,174,0,174,380
06/10/2021,TVC,MI,AGL,CE,Towers with Radar,43,22,46,1,112,0,2,124,9,135,43,24,170,10,247,240,0,240,487
06/11/2021,TVC,MI,AGL,CE,Towers with Radar,47,10,36,4,97,0,10,102,6,118,47,20,138,10,215,206,10,216,431
06/12/2021,TVC,MI,AGL,CE,Towers with Radar,58,22,16,0,96,0,19,46,4,69,58,41,62,4,165,38,0,38,203
06/13/2021,TVC,MI,AGL,CE,Towers with Radar,46,15,23,3,87,0,4,64,8,76,46,19,87,11,163,26,0,26,189
06/14/2021,TVC,MI,AGL,CE,Towers with Radar,46,21,45,2,114,0,3,90,3,96,46,24,135,5,210,120,0,120,330
06/15/2021,TVC,MI,AGL,CE,Towers with Radar,42,18,46,0,106,0,6,101,14,121,42,24,147,14,227,120,0,120,347
06/16/2021,TVC,MI,AGL,CE,Towers with Radar,46,26,47,0,119,0,5,135,10,150,46,31,182,10,269,198,8,206,475
06/17/2021,TVC,MI,AGL,CE,Towers with Radar,43,21,66,2,132,0,9,119,11,139,43,30,185,13,271,122,0,122,393
06/18/2021,TVC,MI,AGL,CE,Towers with Radar,49,20,40,2,111,0,6,51,3,60,49,26,91,5,171,78,0,78,249
06/19/2021,TVC,MI,AGL,CE,Towers with Radar,59,24,28,0,111,0,17,128,0,145,59,41,156,0,256,60,0,60,316
06/20/2021,TVC,MI,AGL,CE,Towers with Radar,46,12,33,1,92,0,3,50,0,53,46,15,83,1,145,80,8,88,233
06/21/2021,TVC,MI,AGL,CE,Towers with Radar,45,21,43,1,110,0,2,6,8,16,45,23,49,9,126,4,18,22,148
06/22/2021,TVC,MI,AGL,CE,Towers with Radar,40,19,33,0,92,0,3,112,9,124,40,22,145,9,216,172,34,206,422
06/23/2021,TVC,MI,AGL,CE,Towers with Radar,45,20,43,0,108,0,6,114,9,129,45,26,157,9,237,156,32,188,425
06/24/2021,TVC,MI,AGL,CE,Towers with Radar,38,18,36,1,93,0,3,11,3,17,38,21,47,4,110,32,20,52,162
06/25/2021,TVC,MI,AGL,CE,Towers with Radar,48,23,48,0,119,0,0,11,5,16,48,23,59,5,135,44,10,54,189
06/26/2021,TVC,MI,AGL,CE,Towers with Radar,63,34,18,0,115,0,0,0,0,0,63,34,18,0,115,0,0,0,115
06/27/2021,TVC,MI,AGL,CE,Towers with Radar,46,31,36,2,115,0,4,2,0,6,46,35,38,2,121,0,0,0,121
06/28/2021,TVC,MI,AGL,CE,Towers with Radar,45,14,55,0,114,0,2,134,3,139,45,16,189,3,253,258,0,258,511
06/29/2021,TVC,MI,AGL,CE,Towers with Radar,44,33,60,1,138,0,4,6,3,13,44,37,66,4,151,6,4,10,161
06/30/2021,TVC,MI,AGL,CE,Towers with Radar,42,27,23,4,96,0,4,96,7,107,42,31,119,11,203,290,32,322,525
07/01/2021,TVC,MI,AGL,CE,Towers with Radar,46,44,80,0,170,0,6,87,0,93,46,50,167,0,263,142,0,142,405
07/02/2021,TVC,MI,AGL,CE,Towers with Radar,48,36,51,4,139,0,7,143,8,158,48,43,194,12,297,176,0,176,473
07/03/2021,TVC,MI,AGL,CE,Towers with Radar,56,17,28,6,107,0,14,29,12,55,56,31,57,18,162,34,0,34,196
07/04/2021,TVC,MI,AGL,CE,Towers with Radar,46,21,24,2,93,0,9,31,5,45,46,30,55,7,138,8,0,8,146
07/05/2021,TVC,MI,AGL,CE,Towers with Radar,51,35,53,0,139,0,5,45,6,56,51,40,98,6,195,14,0,14,209
07/06/2021,TVC,MI,AGL,CE,Towers with Radar,42,24,41,8,115,0,1,112,6,119,42,25,153,14,234,258,26,284,518
07/07/2021,TVC,MI,AGL,CE,Towers with Radar,53,25,26,3,107,0,9,1,4,14,53,34,27,7,121,0,8,8,129
07/08/2021,TVC,MI,AGL,CE,Towers with Radar,44,19,75,3,141,0,1,13,6,20,44,20,88,9,161,6,8,14,175
07/09/2021,TVC,MI,AGL,CE,Towers with Radar,46,22,54,4,126,0,14,147,6,167,46,36,201,10,293,232,0,232,525
07/10/2021,TVC,MI,AGL,CE,Towers with Radar,60,30,43,1,134,0,13,88,7,108,60,43,131,8,242,38,0,38,280
07/11/2021,TVC,MI,AGL,CE,Towers with Radar,49,30,60,1,140,0,4,68,2,74,49,34,128,3,214,84,0,84,298
07/12/2021,TVC,MI,AGL,CE,Towers with Radar,46,23,50,1,120,0,4,100,4,108,46,27,150,5,228,182,12,194,422
07/13/2021,TVC,MI,AGL,CE,Towers with Radar,43,21,25,0,89,0,2,1,0,3,43,23,26,0,92,0,0,0,92
07/14/2021,TVC,MI,AGL,CE,Towers with Radar,85,32,59,0,176,0,2,111,3,116,85,34,170,3,292,226,0,226,518
07/15/2021,TVC,MI,AGL,CE,Towers with Radar,43,34,57,1,135,0,11,37,8,56,43,45,94,9,191,136,0,136,327
07/16/2021,TVC,MI,AGL,CE,Towers with Radar,44,23,47,3,117,0,4,96,1,101,44,27,143,4,218,104,0,104,322
07/17/2021,TVC,MI,AGL,CE,Towers with Radar,60,33,42,1,136,0,16,96,3,115,60,49,138,4,251,92,1,93,344
07/18/2021,TVC,MI,AGL,CE,Towers with Radar,45,39,53,0,137,0,11,84,0,95,45,50,137,0,232,78,0,78,310
07/19/2021,TVC,MI,AGL,CE,Towers with Radar,40,42,66,1,149,0,4,107,8,119,40,46,173,9,268,106,0,106,374
07/20/2021,TVC,MI,AGL,CE,Towers with Radar,38,22,51,8,119,0,3,41,4,48,38,25,92,12,167,58,0,58,225
07/21/2021,TVC,MI,AGL,CE,Towers with Radar,45,31,47,0,123,0,15,166,9,190,45,46,213,9,313,231,22,253,566
07/22/2021,TVC,MI,AGL,CE,Towers with Radar,48,34,68,0,150,0,9,112,11,132,48,43,180,11,282,218,0,218,500
07/23/2021,TVC,MI,AGL,CE,Towers with Radar,47,30,61,4,142,0,5,98,4,107,47,35,159,8,249,188,2,190,439
07/24/2021,TVC,MI,AGL,CE,Towers with Radar,60,23,36,0,119,0,3,32,0,35,60,26,68,0,154,4,0,4,158
07/25/2021,TVC,MI,AGL,CE,Towers with Radar,51,36,65,1,153,0,8,71,2,81,51,44,136,3,234,42,0,42,276
07/26/2021,TVC,MI,AGL,CE,Towers with Radar,43,30,51,0,124,0,5,131,3,139,43,35,182,3,263,82,0,82,345
07/27/2021,TVC,MI,AGL,CE,Towers with Radar,45,17,45,5,112,0,0,97,7,104,45,17,142,12,216,170,24,194,410
07/28/2021,TVC,MI,AGL,CE,Towers with Radar,47,36,55,1,139,0,5,110,6,121,47,41,165,7,260,200,0,200,460
07/29/2021,TVC,MI,AGL,CE,Towers with Radar,43,36,40,4,123,0,6,32,10,48,43,42,72,14,171,68,22,90,261
07/30/2021,TVC,MI,AGL,CE,Towers with Radar,47,28,51,1,127,0,6,132,7,145,47,34,183,8,272,172,0,172,444
07/31/2021,TVC,MI,AGL,CE,Towers with Radar,60,25,26,1,112,0,13,45,8,66,60,38,71,9,178,62,0,62,240
08/01/2021,TVC,MI,AGL,CE,Towers with Radar,48,44,63,0,155,0,3,53,1,57,48,47,116,1,212,70,4,74,286
08/02/2021,TVC,MI,AGL,CE,Towers with Radar,45,17,66,0,128,0,5,125,4,134,45,22,191,4,262,194,14,208,470
08/03/2021,TVC,MI,AGL,CE,Towers with Radar,34,30,42,0,106,0,16,119,14,149,34,46,161,14,255,200,0,200,455
08/04/2021,TVC,MI,AGL,CE,Towers with Radar,40,25,46,1,112,0,12,115,5,132,40,37,161,6,244,144,0,144,388
08/05/2021,TVC,MI,AGL,CE,Towers with Radar,41,25,58,0,124,0,6,105,8,119,41,31,163,8,243,189,0,189,432
08/06/2021,TVC,MI,AGL,CE,Towers with Radar,45,23,54,1,123,0,8,33,7,48,45,31,87,8,171,124,10,134,305
08/07/2021,TVC,MI,AGL,CE,Towers with Radar,62,23,70,0,155,0,11,17,0,28,62,34,87,0,183,0,0,0,183
08/08/2021,TVC,MI,AGL,CE,Towers with Radar,50,39,65,0,154,0,2,14,2,18,50,41,79,2,172,12,6,18,190
08/09/2021,TVC,MI,AGL,CE,Towers with Radar,35,25,32,1,93,0,0,46,9,55,35,25,78,10,148,60,0,60,208
08/10/2021,TVC,MI,AGL,CE,Towers with Radar,31,30,44,1,106,0,0,38,1,39,31,30,82,2,145,60,8,68,213
08/11/2021,TVC,MI,AGL,CE,Towers with Radar,38,28,30,0,96,0,4,57,9,70,38,32,87,9,166,76,38,114,280
08/12/2021,TVC,MI,AGL,CE,Towers with Radar,45,38,45,1,129,0,11,90,5,106,45,49,135,6,235,140,0,140,375
08/13/2021,TVC,MI,AGL,CE,Towers with Radar,42,37,36,0,115,0,20,116,8,144,42,57,152,8,259,204,8,212,471
08/14/2021,TVC,MI,AGL,CE,Towers with Radar,63,39,43,0,145,0,18,80,5,103,63,57,123,5,248,52,0,52,300
08/15/2021,TVC,MI,AGL,CE,Towers with Radar,43,42,54,0,139,0,11,69,2,82,43,53,123,2,221,12,0,12,233
08/16/2021,TVC,MI,AGL,CE,Towers with Radar,44,33,63,1,141,0,2,108,4,114,44,35,171,5,255,142,8,150,405
08/17/2021,TVC,MI,AGL,CE,Towers with Radar,38,17,28,0,83,0,5,92,2,99,38,22,120,2,182,220,0,220,402
08/18/2021,TVC,MI,AGL,CE,Towers with Radar,35,21,45,5,106,0,3,100,6,109,35,24,145,11,215,262,0,262,477
08/19/2021,TVC,MI,AGL,CE,Towers with Radar,39,39,42,0,120,0,7,128,13,148,39,46,170,13,268,176,42,218,486
08/20/2021,TVC,MI,AGL,CE,Towers with Radar,44,26,50,2,122,0,12,114,3,129,44,38,164,5,251,236,0,236,487
08/21/2021,TVC,MI,AGL,CE,Towers with Radar,51,25,29,2,107,0,13,67,2,82,51,38,96,4,189,36,6,42,231
08/22/2021,TVC,MI,AGL,CE,Towers with Radar,52,24,41,0,117,0,15,53,1,69,52,39,94,1,186,68,2,70,256
08/23/2021,TVC,MI,AGL,CE,Towers with Radar,40,22,53,0,115,0,3,92,3,98,40,25,145,3,213,86,0,86,299
08/24/2021,TVC,MI,AGL,CE,Towers with Radar,32,14,28,0,74,0,3,87,9,99,32,17,115,9,173,116,44,160,333
08/25/2021,TVC,MI,AGL,CE,Towers with Radar,34,28,38,2,102,0,5,39,7,51,34,33,77,9,153,48,0,48,201
08/26/2021,TVC,MI,AGL,CE,Towers with Radar,42,23,42,1,108,0,3,66,4,73,42,26,108,5,181,122,30,152,333
08/27/2021,TVC,MI,AGL,CE,Towers with Radar,44,25,36,0,105,0,5,14,2,21,44,30,50,2,126,22,12,34,160
08/28/2021,TVC,MI,AGL,CE,Towers with Radar,54,22,36,3,115,0,6,38,1,45,54,28,74,4,160,56,0,56,216
08/29/2021,TVC,MI,AGL,CE,Towers with Radar,49,23,25,0,97,0,2,35,1,38,49,25,60,1,135,22,0,22,157
08/30/2021,TVC,MI,AGL,CE,Towers with Radar,40,12,29,0,81,0,6,88,4,98,40,18,117,4,179,110,34,144,323
08/31/2021,TVC,MI,AGL,CE,Towers with Radar,35,30,43,0,108,0,9,106,2,117,35,39,149,2,225,180,12,192,417
09/01/2021,TVC,MI,AGL,CE,Towers with Radar,33,35,31,1,100,0,10,103,2,115,33,45,134,3,215,196,0,196,411
09/02/2021,TVC,MI,AGL,CE,Towers with Radar,41,27,42,3,113,0,17,118,6,141,41,44,160,9,254,258,26,284,538
09/03/2021,TVC,MI,AGL,CE,Towers with Radar,41,30,47,0,118,0,11,139,13,163,41,41,186,13,281,202,0,202,483
09/04/2021,TVC,MI,AGL,CE,Towers with Radar,52,19,28,2,101,0,2,18,4,24,52,21,46,6,125,34,8,42,167
09/05/2021,TVC,MI,AGL,CE,Towers with Radar,45,14,27,0,86,0,9,32,7,48,45,23,59,7,134,16,0,16,150
09/06/2021,TVC,MI,AGL,CE,Towers with Radar,43,34,43,0,120,0,2,80,6,88,43,36,123,6,208,114,2,116,324
09/07/2021,TVC,MI,AGL,CE,Towers with Radar,34,20,17,0,71,0,0,17,0,17,34,20,34,0,88,44,0,44,132
09/08/2021,TVC,MI,AGL,CE,Towers with Radar,32,25,39,3,99,0,4,62,8,74,32,29,101,11,173,146,20,166,339
09/09/2021,TVC,MI,AGL,CE,Towers with Radar,36,27,32,0,95,0,14,142,3,159,36,41,174,3,254,232,0,232,486
09/10/2021,TVC,MI,AGL,CE,Towers with Radar,34,27,52,1,114,0,6,119,3,128,34,33,171,4,242,180,10,190,432
09/11/2021,TVC,MI,AGL,CE,Towers with Radar,33,26,32,0,91,0,8,35,7,50,33,34,67,7,141,30,16,46,187
09/12/2021,TVC,MI,AGL,CE,Towers with Radar,36,36,34,0,106,0,1,49,0,50,36,37,83,0,156,30,0,30,186
09/13/2021,TVC,MI,AGL,CE,Towers with Radar,35,27,41,2,105,0,2,125,3,130,35,29,166,5,235,194,22,216,451
09/14/2021,TVC,MI,AGL,CE,Towers with Radar,32,18,20,0,70,0,3,2,12,17,32,21,22,12,87,0,46,46,133
09/15/2021,TVC,MI,AGL,CE,Towers with Radar,31,32,63,0,126,0,4,141,7,152,31,36,204,7,278,206,32,238,516
09/16/2021,TVC,MI,AGL,CE,Towers with Radar,42,29,33,1,105,0,8,135,16,159,42,37,168,17,264,272,49,321,585
09/17/2021,TVC,MI,AGL,CE,Towers with Radar,34,25,54,0,113,0,1,76,4,81,34,26,130,4,194,58,0,58,252
09/18/2021,TVC,MI,AGL,CE,Towers with Radar,33,11,21,0,65,0,12,76,1,89,33,23,97,1,154,98,0,98,252
09/19/2021,TVC,MI,AGL,CE,Towers with Radar,34,41,55,0,130,0,8,69,0,77,34,49,124,0,207,52,0,52,259
09/20/2021,TVC,MI,AGL,CE,Towers with Radar,36,24,26,0,86,0,2,68,0,70,36,26,94,0,156,142,0,142,298
09/21/2021,TVC,MI,AGL,CE,Towers with Radar,30,18,35,0,83,0,1,22,10,33,30,19,57,10,116,120,58,178,294
09/22/2021,TVC,MI,AGL,CE,Towers with Radar,31,18,20,0,69,0,0,38,9,47,31,18,58,9,116,22,38,60,176
09/23/2021,TVC,MI,AGL,CE,Towers with Radar,38,17,33,5,93,0,3,0,3,6,38,20,33,8,99,14,26,40,139
09/24/2021,TVC,MI,AGL,CE,Towers with Radar,35,16,44,0,95,0,7,120,4,131,35,23,164,4,226,210,19,229,455
09/25/2021,TVC,MI,AGL,CE,Towers with Radar,32,10,21,0,63,0,11,24,2,37,32,21,45,2,100,6,0,6,106
09/26/2021,TVC,MI,AGL,CE,Towers with Radar,33,16,21,0,70,0,7,31,3,41,33,23,52,3,111,30,0,30,141
09/27/2021,TVC,MI,AGL,CE,Towers with Radar,38,12,41,4,95,0,2,111,8,121,38,14,152,12,216,254,8,262,478
09/28/2021,TVC,MI,AGL,CE,Towers with Radar,28,22,35,3,88,0,1,146,7,154,28,23,181,10,242,156,36,192,434
09/29/2021,TVC,MI,AGL,CE,Towers with Radar,29,16,33,0,78,0,6,146,3,155,29,22,179,3,233,192,0,192,425
09/30/2021,TVC,MI,AGL,CE,Towers with Radar,34,26,33,0,93,0,8,144,6,158,34,34,177,6,251,199,20,219,470
10/01/2021,TVC,MI,AGL,CE,Towers with Radar,32,15,27,0,74,0,9,126,4,139,32,24,153,4,213,204,0,204,417
10/02/2021,TVC,MI,AGL,CE,Towers with Radar,31,12,13,0,56,0,12,44,1,57,31,24,57,1,113,14,0,14,127
10/03/2021,TVC,MI,AGL,CE,Towers with Radar,31,9,34,0,74,0,0,0,0,0,31,9,34,0,74,0,0,0,74
10/04/2021,TVC,MI,AGL,CE,Towers with Radar,38,8,50,2,98,0,1,5,0,6,38,9,55,2,104,0,0,0,104
10/05/2021,TVC,MI,AGL,CE,Towers with Radar,27,28,40,3,98,0,2,42,2,46,27,30,82,5,144,96,34,130,274
10/06/2021,TVC,MI,AGL,CE,Towers with Radar,27,20,29,0,76,0,5,102,2,109,27,25,131,2,185,268,0,268,453
10/07/2021,TVC,MI,AGL,CE,Towers with Radar,33,26,50,7,116,0,0,53,4,57,33,26,103,11,173,84,0,84,257
10/08/2021,TVC,MI,AGL,CE,Towers with Radar,24,20,51,3,98,0,0,5,1,6,24,20,56,4,104,4,46,50,154
10/09/2021,TVC,MI,AGL,CE,Towers with Radar,27,13,23,1,64,0,19,20,1,40,27,32,43,2,104,32,0,32,136
10/10/2021,TVC,MI,AGL,CE,Towers with Radar,25,11,29,1,66,0,13,21,3,37,25,24,50,4,103,24,6,30,133
10/11/2021,TVC,MI,AGL,CE,Towers with Radar,19,10,30,0,59,0,2,71,2,75,19,12,101,2,134,148,0,148,282
10/12/2021,TVC,MI,AGL,CE,Towers with Radar,22,26,38,1,87,0,2,14,4,20,22,28,52,5,107,28,12,40,147
10/13/2021,TVC,MI,AGL,CE,Towers with Radar,21,22,52,2,97,0,2,80,5,87,21,24,132,7,184,256,22,278,462
10/14/2021,TVC,MI,AGL,CE,Towers with Radar,26,22,31,1,80,0,13,93,1,107,26,35,124,2,187,200,0,200,387
10/15/2021,TVC,MI,AGL,CE,Towers with Radar,22,19,47,0,88,0,16,123,2,141,22,35,170,2,229,215,0,215,444
10/16/2021,TVC,MI,AGL,CE,Towers with Radar,26,7,23,0,56,0,11,78,2,91,26,18,101,2,147,76,0,76,223
10/17/2021,TVC,MI,AGL,CE,Towers with Radar,27,13,30,1,71,0,12,62,3,77,27,25,92,4,148,38,0,38,186
10/18/2021,TVC,MI,AGL,CE,Towers with Radar,24,12,47,2,85,0,5,150,6,161,24,17,197,8,246,227,10,237,483
10/19/2021,TVC,MI,AGL,CE,Towers with Radar,21,32,31,3,87,0,9,132,7,148,21,41,163,10,235,178,0,178,413
10/20/2021,TVC,MI,AGL,CE,Towers with Radar,22,10,25,0,57,0,3,77,9,89,22,13,102,9,146,86,0,86,232
10/21/2021,TVC,MI,AGL,CE,Towers with Radar,26,15,28,5,74,0,0,0,7,7,26,15,28,12,81,0,30,30,111
10/22/2021,TVC,MI,AGL,CE,Towers with Radar,18,16,24,4,62,0,11,38,8,57,18,27,62,12,119,182,0,182,301
10/23/2021,TVC,MI,AGL,CE,Towers with Radar,25,17,14,0,56,0,20,38,2,60,25,37,52,2,116,94,0,94,210
10/24/2021,TVC,MI,AGL,CE,Towers with Radar,23,18,23,0,64,0,23,53,1,77,23,41,76,1,141,34,0,34,175
10/25/2021,TVC,MI,AGL,CE,Towers with Radar,14,19,16,1,50,0,2,14,4,20,14,21,30,5,70,18,0,18,88
10/26/2021,TVC,MI,AGL,CE,Towers with Radar,21,17,23,4,65,0,3,124,12,139,21,20,147,16,204,284,22,306,510
10/27/2021,TVC,MI,AGL,CE,Towers with Radar,23,20,37,0,80,0,3,95,5,103,23,23,132,5,183,268,0,268,451
10/28/2021,TVC,MI,AGL,CE,Towers with Radar,27,15,31,1,74,0,6,85,5,96,27,21,116,6,170,190,0,190,360
10/29/2021,TVC,MI,AGL,CE,Towers with Radar,33,16,17,0,66,0,0,0,6,6,33,16,17,6,72,0,8,8,80
10/30/2021,TVC,MI,AGL,CE,Towers with Radar,28,14,30,0,72,0,13,63,2,78,28,27,93,2,150,162,0,162,312
10/31/2021,TVC,MI,AGL,CE,Towers with Radar,22,4,18,1,45,0,5,3,2,10,22,9,21,3,55,0,0,0,55
11/01/2021,TVC,MI,AGL,CE,Towers with Radar,21,7,39,1,68,0,6,80,9,95,21,13,119,10,163,174,20,194,357
11/02/2021,TVC,MI,AGL,CE,Towers with Radar,11,15,19,1,46,0,0,35,4,39,11,15,54,5,85,108,8,116,201
11/03/2021,TVC,MI,AGL,CE,Towers with Radar,14,19,36,0,69,0,3,78,0,81,14,22,114,0,150,240,0,240,390
11/04/2021,TVC,MI,AGL,CE,Towers with Radar,17,6,32,3,58,0,1,122,6,129,17,7,154,9,187,186,20,206,393
11/05/2021,TVC,MI,AGL,CE,Towers with Radar,14,8,28,0,50,0,3,104,3,110,14,11,132,3,160,112,0,112,272
11/06/2021,TVC,MI,AGL,CE,Towers with Radar,16,11,22,0,49,0,4,29,2,35,16,15,51,2,84,6,2,8,92
11/07/2021,TVC,MI,AGL,CE,Towers with Radar,17,3,26,0,46,0,6,62,2,70,17,9,88,2,116,40,0,40,156
11/08/2021,TVC,MI,AGL,CE,Towers with Radar,13,7,40,2,62,0,4,125,7,136,13,11,165,9,198,144,42,186,384
11/09/2021,TVC,MI,AGL,CE,Towers with Radar,11,13,32,1,57,0,2,114,6,122,11,15,146,7,179,186,36,222,401
11/10/2021,TVC,MI,AGL,CE,Towers with Radar,14,14,31,1,60,0,3,130,5,138,14,17,161,6,198,196,0,196,394
11/11/2021,TVC,MI,AGL,CE,Towers with Radar,16,6,25,0,47,0,0,2,2,4,16,6,27,2,51,4,0,4,55
11/12/2021,TVC,MI,AGL,CE,Towers with Radar,11,14,19,0,44,0,0,3,2,5,11,14,22,2,49,24,6,30,79
11/13/2021,TVC,MI,AGL,CE,Towers with Radar,14,8,5,0,27,0,0,0,2,2,14,8,5,2,29,0,0,0,29
11/14/2021,TVC,MI,AGL,CE,Towers with Radar,20,3,7,0,30,0,0,0,0,0,20,3,7,0,30,0,0,0,30
11/15/2021,TVC,MI,AGL,CE,Towers with Radar,15,11,26,3,55,0,1,41,7,49,15,12,67,10,104,150,0,150,254
11/16/2021,TVC,MI,AGL,CE,Towers with Radar,13,9,41,1,64,0,9,123,4,136,13,18,164,5,200,238,18,256,456
11/17/2021,TVC,MI,AGL,CE,Towers with Radar,11,18,28,0,57,0,2,14,2,18,11,20,42,2,75,26,0,26,101
11/18/2021,TVC,MI,AGL,CE,Towers with Radar,17,18,13,1,49,0,0,7,5,12,17,18,20,6,61,24,0,24,85
11/19/2021,TVC,MI,AGL,CE,Towers with Radar,16,13,38,1,68,0,4,109,4,117,16,17,147,5,185,222,30,252,437
11/20/2021,TVC,MI,AGL,CE,Towers with Radar,12,16,15,0,43,0,7,30,2,39,12,23,45,2,82,72,24,96,178
11/21/2021,TVC,MI,AGL,CE,Towers with Radar,17,7,14,0,38,0,0,8,2,10,17,7,22,2,48,14,8,22,70
11/22/2021,TVC,MI,AGL,CE,Towers with Radar,11,12,8,0,31,0,0,16,5,21,11,12,24,5,52,82,18,100,152
11/23/2021,TVC,MI,AGL,CE,Towers with Radar,16,16,33,0,65,0,1,126,5,132,16,17,159,5,197,158,16,174,371
11/24/2021,TVC,MI,AGL,CE,Towers with Radar,15,10,16,3,44,0,3,19,6,28,15,13,35,9,72,30,0,30,102
11/25/2021,TVC,MI,AGL,CE,Towers with Radar,8,3,0,0,11,0,0,0,0,0,8,3,0,0,11,0,0,0,11
11/26/2021,TVC,MI,AGL,CE,Towers with Radar,9,16,7,0,32,0,0,3,2,5,9,16,10,2,37,0,0,0,37
11/27/2021,TVC,MI,AGL,CE,Towers with Radar,20,23,17,1,61,0,0,6,0,6,20,23,23,1,67,6,0,6,73
11/28/2021,TVC,MI,AGL,CE,Towers with Radar,19,5,11,2,37,0,0,0,0,0,19,5,11,2,37,0,0,0,37
11/29/2021,TVC,MI,AGL,CE,Towers with Radar,14,11,27,1,53,0,2,89,2,93,14,13,116,3,146,200,0,200,346
11/30/2021,TVC,MI,AGL,CE,Towers with Radar,11,16,7,3,37,0,1,9,13,23,11,17,16,16,60,40,32,72,132
12/01/2021,TVC,MI,AGL,CE,Towers with Radar,11,10,18,0,39,0,0,33,4,37,11,10,51,4,76,156,48,204,280
12/02/2021,TVC,MI,AGL,CE,Towers with Radar,16,11,16,3,46,0,2,17,7,26,16,13,33,10,72,26,0,26,98
12/03/2021,TVC,MI,AGL,CE,Towers with Radar,15,19,15,1,50,0,0,59,3,62,15,19,74,4,112,116,38,154,266
12/04/2021,TVC,MI,AGL,CE,Towers with Radar,14,13,25,0,52,0,3,17,1,21,14,16,42,1,73,20,18,38,111
12/05/2021,TVC,MI,AGL,CE,Towers with Radar,7,0,6,0,13,0,0,0,0,0,7,0,6,0,13,0,0,0,13
12/06/2021,TVC,MI,AGL,CE,Towers with Radar,19,7,6,0,32,0,0,0,0,0,19,7,6,0,32,0,0,0,32
12/07/2021,TVC,MI,AGL,CE,Towers with Radar,13,11,33,0,57,0,0,112,5,117,13,11,145,5,174,200,0,200,374
12/08/2021,TVC,MI,AGL,CE,Towers with Radar,12,14,15,0,41,0,1,45,5,51,12,15,60,5,92,184,62,246,338
12/09/2021,TVC,MI,AGL,CE,Towers with Radar,17,11,14,0,42,0,0,9,0,9,17,11,23,0,51,8,0,8,59
12/10/2021,TVC,MI,AGL,CE,Towers with Radar,14,16,13,0,43,0,0,44,6,50,14,16,57,6,93,125,8,133,226
12/11/2021,TVC,MI,AGL,CE,Towers with Radar,9,4,1,0,14,0,0,0,0,0,9,4,1,0,14,0,0,0,14
12/12/2021,TVC,MI,AGL,CE,Towers with Radar,17,9,17,0,43,0,4,36,7,47,17,13,53,7,90,36,0,36,126
12/13/2021,TVC,MI,AGL,CE,Towers with Radar,15,7,29,1,52,0,2,138,10,150,15,9,167,11,202,152,44,196,398
12/14/2021,TVC,MI,AGL,CE,Towers with Radar,13,17,21,2,53,0,1,99,4,104,13,18,120,6,157,184,12,196,353
12/15/2021,TVC,MI,AGL,CE,Towers with Radar,13,23,17,0,53,0,0,0,0,0,13,23,17,0,53,0,0,0,53
12/16/2021,TVC,MI,AGL,CE,Towers with Radar,21,3,3,0,27,0,3,2,0,5,21,6,5,0,32,2,0,2,34
12/17/2021,TVC,MI,AGL,CE,Towers with Radar,18,18,26,0,62,0,2,42,1,45,18,20,68,1,107,114,12,126,233
12/18/2021,TVC,MI,AGL,CE,Towers with Radar,15,17,14,3,49,0,0,4,0,4,15,17,18,3,53,0,0,0,53
12/19/2021,TVC,MI,AGL,CE,Towers with Radar,19,10,12,0,41,0,1,26,1,28,19,11,38,1,69,56,0,56,125
12/20/2021,TVC,MI,AGL,CE,Towers with Radar,17,7,27,0,51,0,0,17,9,26,17,7,44,9,77,36,18,54,131
12/21/2021,TVC,MI,AGL,CE,Towers with Radar,13,9,21,0,43,0,0,38,5,43,13,9,59,5,86,154,32,186,272
12/22/2021,TVC,MI,AGL,CE,Towers with Radar,19,11,11,0,41,0,0,5,5,10,19,11,16,5,51,18,28,46,97
12/23/2021,TVC,MI,AGL,CE,Towers with Radar,16,11,7,0,34,0,0,22,3,25,16,11,29,3,59,56,2,58,117
12/24/2021,TVC,MI,AGL,CE,Towers with Radar,15,13,4,0,32,0,0,0,2,2,15,13,4,2,34,8,0,8,42
12/25/2021,TVC,MI,AGL,CE,Towers with Radar,14,0,1,0,15,0,2,2,2,6,14,2,3,2,21,0,0,0,21
12/26/2021,TVC,MI,AGL,CE,Towers with Radar,19,5,15,0,39,0,2,23,3,28,19,7,38,3,67,14,0,14,81
12/27/2021,TVC,MI,AGL,CE,Towers with Radar,14,7,7,0,28,0,0,0,0,0,14,7,7,0,28,0,0,0,28
12/28/2021,TVC,MI,AGL,CE,Towers with Radar,15,16,7,0,38,0,0,22,2,24,15,16,29,2,62,104,20,124,186
12/29/2021,TVC,MI,AGL,CE,Towers with Radar,38,19,14,1,72,0,1,11,1,13,38,20,25,2,85,16,12,28,113
12/30/2021,TVC,MI,AGL,CE,Towers with Radar,18,14,20,0,52,0,5,74,2,81,18,19,94,2,133,148,2,150,283
12/31/2021,TVC,MI,AGL,CE,Towers with Radar,11,8,6,0,25,0,0,9,4,13,11,8,15,4,38,16,18,34,72
01/01/2022,TVC,MI,AGL,CE,Towers with Radar,6,5,4,0,15,0,0,3,0,3,6,5,7,0,18,6,0,6,24
01/02/2022,TVC,MI,AGL,CE,Towers with Radar,13,5,10,0,28,0,0,4,2,6,13,5,14,2,34,0,6,6,40
01/03/2022,TVC,MI,AGL,CE,Towers with Radar,13,10,15,0,38,0,4,32,1,37,13,14,47,1,75,52,12,64,139
01/04/2022,TVC,MI,AGL,CE,Towers with Radar,14,6,18,6,44,0,2,21,2,25,14,8,39,8,69,44,24,68,137
01/05/2022,TVC,MI,AGL,CE,Towers with Radar,15,7,0,0,22,0,0,0,0,0,15,7,0,0,22,0,0,0,22
01/06/2022,TVC,MI,AGL,CE,Towers with Radar,18,15,8,0,41,0,0,0,0,0,18,15,8,0,41,0,0,0,41
01/07/2022,TVC,MI,AGL,CE,Towers with Radar,19,9,17,2,47,0,2,6,2,10,19,11,23,4,57,8,30,38,95
01/08/2022,TVC,MI,AGL,CE,Towers with Radar,14,12,7,0,33,0,3,10,2,15,14,15,17,2,48,8,18,26,74
01/09/2022,TVC,MI,AGL,CE,Towers with Radar,19,6,8,0,33,0,0,0,0,0,19,6,8,0,33,0,0,0,33
01/10/2022,TVC,MI,AGL,CE,Towers with Radar,14,4,11,0,29,0,0,0,0,0,14,4,11,0,29,0,0,0,29
01/11/2022,TVC,MI,AGL,CE,Towers with Radar,12,11,8,3,34,0,0,5,3,8,12,11,13,6,42,10,4,14,56
01/12/2022,TVC,MI,AGL,CE,Towers with Radar,14,8,6,1,29,0,0,12,4,16,14,8,18,5,45,58,28,86,131
01/13/2022,TVC,MI,AGL,CE,Towers with Radar,20,7,17,0,44,0,0,28,3,31,20,7,45,3,75,112,0,112,187
01/14/2022,TVC,MI,AGL,CE,Towers with Radar,16,11,11,1,39,0,2,44,4,50,16,13,55,5,89,104,30,134,223
01/15/2022,TVC,MI,AGL,CE,Towers with Radar,14,15,15,4,48,0,2,63,5,70,14,17,78,9,118,74,36,110,228
01/16/2022,TVC,MI,AGL,CE,Towers with Radar,18,4,10,2,34,0,0,35,5,40,18,4,45,7,74,82,50,132,206
01/17/2022,TVC,MI,AGL,CE,Towers with Radar,15,5,4,0,24,0,0,0,7,7,15,5,4,7,31,0,8,8,39
01/18/2022,TVC,MI,AGL,CE,Towers with Radar,10,10,11,2,33,0,0,28,3,31,10,10,39,5,64,84,42,126,190
01/19/2022,TVC,MI,AGL,CE,Towers with Radar,12,12,14,0,38,0,0,3,0,3,12,12,17,0,41,0,0,0,41
01/20/2022,TVC,MI,AGL,CE,Towers with Radar,21,7,10,3,41,0,0,5,4,9,21,7,15,7,50,34,34,68,118
01/21/2022,TVC,MI,AGL,CE,Towers with Radar,18,13,24,12,67,0,3,107,4,114,18,16,131,16,181,212,4,216,397
01/22/2022,TVC,MI,AGL,CE,Towers with Radar,13,5,4,0,22,0,0,0,0,0,13,5,4,0,22,0,0,0,22
01/23/2022,TVC,MI,AGL,CE,Towers with Radar,22,4,4,0,30,0,0,5,2,7,22,4,9,2,37,14,0,14,51
01/24/2022,TVC,MI,AGL,CE,Towers with Radar,14,2,5,2,23,0,0,4,1,5,14,2,9,3,28,28,14,42,70
01/25/2022,TVC,MI,AGL,CE,Towers with Radar,10,9,31,1,51,0,0,39,3,42,10,9,70,4,93,222,20,242,335
01/26/2022,TVC,MI,AGL,CE,Towers with Radar,15,10,30,2,57,0,0,28,5,33,15,10,58,7,90,58,26,84,174
01/27/2022,TVC,MI,AGL,CE,Towers with Radar,20,8,8,2,38,0,0,0,0,0,20,8,8,2,38,0,0,0,38
01/28/2022,TVC,MI,AGL,CE,Towers with Radar,13,12,28,1,54,0,2,123,3,128,13,14,151,4,182,224,12,236,418
01/29/2022,TVC,MI,AGL,CE,Towers with Radar,13,7,23,0,43,0,3,66,2,71,13,10,89,2,114,90,0,90,204
01/30/2022,TVC,MI,AGL,CE,Towers with Radar,23,3,6,0,32,0,0,3,0,3,23,3,9,0,35,0,0,0,35
01/31/2022,TVC,MI,AGL,CE,Towers with Radar,18,9,35,2,64,0,3,115,3,121,18,12,150,5,185,138,0,138,323
02/01/2022,TVC,MI,AGL,CE,Towers with Radar,10,13,11,3,37,0,0,6,5,11,10,13,17,8,48,8,60,68,116
02/02/2022,TVC,MI,AGL,CE,Towers with Radar,8,14,8,0,30,0,3,41,5,49,8,17,49,5,79,106,66,172,251
02/03/2022,TVC,MI,AGL,CE,Towers with Radar,19,9,13,5,46,0,3,62,5,70,19,12,75,10,116,96,29,125,241
02/04/2022,TVC,MI,AGL,CE,Towers with Radar,20,16,15,4,55,0,3,91,3,97,20,19,106,7,152,136,0,136,288
02/05/2022,TVC,MI,AGL,CE,Towers with Radar,15,6,14,0,35,0,2,51,3,56,15,8,65,3,91,94,0,94,185
02/06/2022,TVC,MI,AGL,CE,Towers with Radar,18,3,6,0,27,0,1,5,2,8,18,4,11,2,35,20,0,20,55
02/07/2022,TVC,MI,AGL,CE,Towers with Radar,19,7,9,1,36,0,0,8,1,9,19,7,17,2,45,20,22,42,87
02/08/2022,TVC,MI,AGL,CE,Towers with Radar,12,10,27,1,50,0,4,91,9,104,12,14,118,10,154,122,0,122,276
02/09/2022,TVC,MI,AGL,CE,Towers with Radar,17,11,10,1,39,0,1,3,11,15,17,12,13,12,54,24,36,60,114
02/10/2022,TVC,MI,AGL,CE,Towers with Radar,20,15,11,0,46,0,0,20,11,31,20,15,31,11,77,84,0,84,161
02/11/2022,TVC,MI,AGL,CE,Towers with Radar,19,5,16,1,41,0,0,4,2,6,19,5,20,3,47,22,0,22,69
02/12/2022,TVC,MI,AGL,CE,Towers with Radar,13,8,9,0,30,0,1,4,0,5,13,9,13,0,35,0,0,0,35
02/13/2022,TVC,MI,AGL,CE,Towers with Radar,16,0,25,0,41,0,0,60,1,61,16,0,85,1,102,106,0,106,208
02/14/2022,TVC,MI,AGL,CE,Towers with Radar,21,12,26,0,59,0,1,55,7,63,21,13,81,7,122,110,20,130,252
02/15/2022,TVC,MI,AGL,CE,Towers with Radar,12,10,28,0,50,0,1,105,9,115,12,11,133,9,165,268,22,290,455
02/16/2022,TVC,MI,AGL,CE,Towers with Radar,13,17,5,6,41,0,0,8,3,11,13,17,13,9,52,22,38,60,112
02/17/2022,TVC,MI,AGL,CE,Towers with Radar,11,17,17,1,46,0,0,13,1,14,11,17,30,2,60,42,30,72,132
02/18/2022,TVC,MI,AGL,CE,Towers with Radar,20,17,31,0,68,0,3,52,5,60,20,20,83,5,128,58,0,58,186
02/19/2022,TVC,MI,AGL,CE,Towers with Radar,13,13,8,0,34,0,1,13,3,17,13,14,21,3,51,12,0,12,63
02/20/2022,TVC,MI,AGL,CE,Towers with Radar,16,6,7,0,29,0,1,10,0,11,16,7,17,0,40,0,0,0,40
02/21/2022,TVC,MI,AGL,CE,Towers with Radar,14,8,10,0,32,0,1,30,0,31,14,9,40,0,63,132,0,132,195
02/22/2022,TVC,MI,AGL,CE,Towers with Radar,15,4,0,0,19,0,0,0,0,0,15,4,0,0,19,0,0,0,19
02/23/2022,TVC,MI,AGL,CE,Towers with Radar,12,15,19,8,54,0,0,26,2,28,12,15,45,10,82,42,48,90,172
02/24/2022,TVC,MI,AGL,CE,Towers with Radar,20,11,36,6,73,0,1,167,9,177,20,12,203,15,250,214,6,220,470
02/25/2022,TVC,MI,AGL,CE,Towers with Radar,17,11,37,0,65,0,2,93,4,99,17,13,130,4,164,106,12,118,282
02/26/2022,TVC,MI,AGL,CE,Towers with Radar,12,8,12,0,32,0,3,26,4,33,12,11,38,4,65,42,0,42,107
02/27/2022,TVC,MI,AGL,CE,Towers with Radar,16,3,15,0,34,0,7,19,2,28,16,10,34,2,62,40,0,40,102
02/28/2022,TVC,MI,AGL,CE,Towers with Radar,20,7,40,2,69,0,6,100,3,109,20,13,140,5,178,190,32,222,400
03/01/2022,TVC,MI,AGL,CE,Towers with Radar,11,12,12,5,40,0,3,37,8,48,11,15,49,13,88,158,62,220,308
03/02/2022,TVC,MI,AGL,CE,Towers with Radar,15,8,12,0,35,0,0,25,2,27,15,8,37,2,62,58,0,58,120
03/03/2022,TVC,MI,AGL,CE,Towers with Radar,20,8,23,3,54,0,1,102,9,112,20,9,125,12,166,216,38,254,420
03/04/2022,TVC,MI,AGL,CE,Towers with Radar,19,12,33,0,64,0,2,118,2,122,19,14,151,2,186,172,2,174,360
03/05/2022,TVC,MI,AGL,CE,Towers with Radar,14,7,8,0,29,0,2,19,0,21,14,9,27,0,50,10,6,16,66
03/06/2022,TVC,MI,AGL,CE,Towers with Radar,17,1,5,0,23,0,0,0,0,0,17,1,5,0,23,0,0,0,23
03/07/2022,TVC,MI,AGL,CE,Towers with Radar,16,3,7,0,26,0,0,0,0,0,16,3,7,0,26,0,0,0,26
03/08/2022,TVC,MI,AGL,CE,Towers with Radar,14,12,29,4,59,0,2,92,9,103,14,14,121,13,162,118,18,136,298
03/09/2022,TVC,MI,AGL,CE,Towers with Radar,17,6,16,0,39,0,2,45,5,52,17,8,61,5,91,89,4,93,184
03/10/2022,TVC,MI,AGL,CE,Towers with Radar,19,9,29,3,60,0,2,119,7,128,19,11,148,10,188,152,42,194,382
03/11/2022,TVC,MI,AGL,CE,Towers with Radar,16,5,18,2,41,0,2,42,6,50,16,7,60,8,91,46,0,46,137
03/12/2022,TVC,MI,AGL,CE,Towers with Radar,15,6,6,1,28,0,0,2,2,4,15,6,8,3,32,12,0,12,44
03/13/2022,TVC,MI,AGL,CE,Towers with Radar,18,2,6,0,26,0,5,8,0,13,18,7,14,0,39,16,0,16,55
03/14/2022,TVC,MI,AGL,CE,Towers with Radar,16,10,21,0,47,0,0,45,4,49,16,10,66,4,96,120,0,120,216
03/15/2022,TVC,MI,AGL,CE,Towers with Radar,14,7,40,7,68,0,0,95,5,100,14,7,135,12,168,114,8,122,290
03/16/2022,TVC,MI,AGL,CE,Towers with Radar,18,21,46,2,87,0,1,120,2,123,18,22,166,4,210,170,16,186,396
03/17/2022,TVC,MI,AGL,CE,Towers with Radar,20,12,33,0,65,0,2,116,6,124,20,14,149,6,189,178,0,178,367
03/18/2022,TVC,MI,AGL,CE,Towers with Radar,17,9,6,0,32,0,0,2,2,4,17,9,8,2,36,0,8,8,44
03/19/2022,TVC,MI,AGL,CE,Towers with Radar,20,9,3,0,32,0,0,0,0,0,20,9,3,0,32,0,0,0,32
03/20/2022,TVC,MI,AGL,CE,Towers with Radar,19,11,21,0,51,0,3,97,3,103,19,14,118,3,154,94,0,94,248
03/21/2022,TVC,MI,AGL,CE,Towers with Radar,17,5,19,1,42,0,0,50,5,55,17,5,69,6,97,54,38,92,189
03/22/2022,TVC,MI,AGL,CE,Towers with Radar,17,5,11,1,34,0,0,10,6,16,17,5,21,7,50,12,12,24,74
03/23/2022,TVC,MI,AGL,CE,Towers with Radar,17,17,6,0,40,0,1,2,4,7,17,18,8,4,47,18,44,62,109
03/24/2022,TVC,MI,AGL,CE,Towers with Radar,19,9,8,0,36,0,0,0,1,1,19,9,8,1,37,0,0,0,37
03/25/2022,TVC,MI,AGL,CE,Towers with Radar,18,11,16,0,45,0,0,41,2,43,18,11,57,2,88,108,22,130,218
03/26/2022,TVC,MI,AGL,CE,Towers with Radar,19,9,7,0,35,0,0,0,1,1,19,9,7,1,36,0,6,6,42
03/27/2022,TVC,MI,AGL,CE,Towers with Radar,20,1,8,1,30,0,0,3,3,6,20,1,11,4,36,28,0,28,64
03/28/2022,TVC,MI,AGL,CE,Towers with Radar,18,2,20,1,41,0,2,43,3,48,18,4,63,4,89,48,0,48,137
03/29/2022,TVC,MI,AGL,CE,Towers with Radar,18,12,28,2,60,0,1,126,7,134,18,13,154,9,194,200,10,210,404
03/30/2022,TVC,MI,AGL,CE,Towers with Radar,24,9,7,0,40,0,0,0,0,0,24,9,7,0,40,0,0,0,40
03/31/2022,TVC,MI,AGL,CE,Towers with Radar,20,7,2,0,29,0,0,0,0,0,20,7,2,0,29,0,0,0,29
04/01/2022,TVC,MI,AGL,CE,Towers with Radar,19,12,17,1,49,0,3,33,5,41,19,15,50,6,90,92,0,92,182
04/02/2022,TVC,MI,AGL,CE,Towers with Radar,21,9,9,0,39,0,2,27,0,29,21,11,36,0,68,66,0,66,134
04/03/2022,TVC,MI,AGL,CE,Towers with Radar,20,3,13,0,36,0,2,12,0,14,20,5,25,0,50,30,0,30,80
04/04/2022,TVC,MI,AGL,CE,Towers with Radar,21,3,9,0,33,0,0,1,2,3,21,3,10,2,36,0,22,22,58
04/05/2022,TVC,MI,AGL,CE,Towers with Radar,19,9,14,1,43,0,2,57,6,65,19,11,71,7,108,158,24,182,290
04/06/2022,TVC,MI,AGL,CE,Towers with Radar,19,10,16,0,45,0,1,32,2,35,19,11,48,2,80,88,0,88,168
04/07/2022,TVC,MI,AGL,CE,Towers with Radar,20,7,27,0,54,0,1,21,9,31,20,8,48,9,85,52,66,118,203
04/08/2022,TVC,MI,AGL,CE,Towers with Radar,18,7,12,0,37,0,0,0,0,0,18,7,12,0,37,0,0,0,37
04/09/2022,TVC,MI,AGL,CE,Towers with Radar,16,7,6,0,29,0,0,0,2,2,16,7,6,2,31,0,0,0,31
04/10/2022,TVC,MI,AGL,CE,Towers with Radar,20,10,42,0,72,0,2,122,2,126,20,12,164,2,198,210,0,210,408
04/11/2022,TVC,MI,AGL,CE,Towers with Radar,17,5,25,2,49,0,4,64,6,74,17,9,89,8,123,30,2,32,155
04/12/2022,TVC,MI,AGL,CE,Towers with Radar,20,15,35,0,70,0,3,178,9,190,20,18,213,9,260,242,30,272,532
04/13/2022,TVC,MI,AGL,CE,Towers with Radar,17,7,5,1,30,0,0,7,10,17,17,7,12,11,47,60,0,60,107
04/14/2022,TVC,MI,AGL,CE,Towers with Radar,23,10,8,0,41,0,4,7,4,15,23,14,15,4,56,4,18,22,78
04/15/2022,TVC,MI,AGL,CE,Towers with Radar,21,17,12,0,50,0,3,3,4,10,21,20,15,4,60,2,0,2,62
04/16/2022,TVC,MI,AGL,CE,Towers with Radar,15,11,16,0,42,0,0,10,0,10,15,11,26,0,52,12,0,12,64
04/17/2022,TVC,MI,AGL,CE,Towers with Radar,20,2,9,0,31,0,4,66,2,72,20,6,75,2,103,58,0,58,161
04/18/2022,TVC,MI,AGL,CE,Towers with Radar,18,4,9,0,31,0,0,0,0,0,18,4,9,0,31,0,0,0,31
04/19/2022,TVC,MI,AGL,CE,Towers with Radar,18,11,20,0,49,0,0,26,16,42,18,11,46,16,91,52,22,74,165
04/20/2022,TVC,MI,AGL,CE,Towers with Radar,22,8,29,2,61,0,2,121,7,130,22,10,150,9,191,192,10,202,393
04/21/2022,TVC,MI,AGL,CE,Towers with Radar,22,16,15,2,55,0,3,19,5,27,22,19,34,7,82,20,4,24,106
04/22/2022,TVC,MI,AGL,CE,Towers with Radar,17,10,36,0,63,0,3,143,3,149,17,13,179,3,212,236,0,236,448
04/23/2022,TVC,MI,AGL,CE,Towers with Radar,16,12,14,0,42,0,7,51,3,61,16,19,65,3,103,47,0,47,150
04/24/2022,TVC,MI,AGL,CE,Towers with Radar,17,6,23,0,46,0,3,9,0,12,17,9,32,0,58,6,0,6,64
04/25/2022,TVC,MI,AGL,CE,Towers with Radar,17,9,37,0,63,0,2,109,2,113,17,11,146,2,176,112,12,124,300
04/26/2022,TVC,MI,AGL,CE,Towers with Radar,17,11,13,1,42,0,0,7,5,12,17,11,20,6,54,0,0,0,54
04/27/2022,TVC,MI,AGL,CE,Towers with Radar,19,10,59,4,92,0,2,80,8,90,19,12,139,12,182,150,8,158,340
04/28/2022,TVC,MI,AGL,CE,Towers with Radar,20,7,43,2,72,0,0,178,11,189,20,7,221,13,261,262,2,264,525
04/29/2022,TVC,MI,AGL,CE,Towers with Radar,15,14,41,0,70,0,3,137,9,149,15,17,178,9,219,244,8,252,471
04/30/2022,TVC,MI,AGL,CE,Towers with Radar,18,10,12,1,41,0,2,15,1,18,18,12,27,2,59,20,0,20,79
05/01/2022,TVC,MI,AGL,CE,Towers with Radar,24,10,21,0,55,0,1,14,5,20,24,11,35,5,75,78,36,114,189
05/02/2022,TVC,MI,AGL,CE,Towers with Radar,16,5,39,0,60,0,2,11,3,16,16,7,50,3,76,88,30,118,194
05/03/2022,TVC,MI,AGL,CE,Towers with Radar,16,18,12,0,46,0,3,20,3,26,16,21,32,3,72,86,0,86,158
05/04/2022,TVC,MI,AGL,CE,Towers with Radar,17,11,42,0,70,0,1,151,5,157,17,12,193,5,227,273,0,273,500
05/05/2022,TVC,MI,AGL,CE,Towers with Radar,18,14,13,2,47,0,1,156,6,163,18,15,169,8,210,260,0,260,470
05/06/2022,TVC,MI,AGL,CE,Towers with Radar,14,16,27,0,57,0,3,105,1,109,14,19,132,1,166,224,0,224,390
05/07/2022,TVC,MI,AGL,CE,Towers with Radar,18,17,20,0,55,0,4,117,5,126,18,21,137,5,181,74,0,74,255
05/08/2022,TVC,MI,AGL,CE,Towers with Radar,16,7,13,0,36,0,0,44,2,46,16,7,57,2,82,16,0,16,98
05/09/2022,TVC,MI,AGL,CE,Towers with Radar,14,9,12,0,35,0,9,43,6,58,14,18,55,6,93,24,0,24,117
05/10/2022,TVC,MI,AGL,CE,Towers with Radar,14,24,22,1,61,0,4,85,3,92,14,28,107,4,153,136,0,136,289
05/11/2022,TVC,MI,AGL,CE,Towers with Radar,17,16,8,1,42,0,2,54,2,58,17,18,62,3,100,210,0,210,310
05/12/2022,TVC,MI,AGL,CE,Towers with Radar,20,17,26,1,64,0,5,49,8,62,20,22,75,9,126,53,4,57,183
05/13/2022,TVC,MI,AGL,CE,Towers with Radar,13,14,28,0,55,0,3,149,14,166,13,17,177,14,221,134,10,144,365
05/14/2022,TVC,MI,AGL,CE,Towers with Radar,18,9,14,0,41,0,7,38,3,48,18,16,52,3,89,56,0,56,145
05/15/2022,TVC,MI,AGL,CE,Towers with Radar,16,5,24,0,45,0,5,56,3,64,16,10,80,3,109,24,0,24,133
05/16/2022,TVC,MI,AGL,CE,Towers with Radar,14,9,23,0,46,0,2,104,3,109,14,11,127,3,155,146,0,146,301
05/17/2022,TVC,MI,AGL,CE,Towers with Radar,14,11,49,0,74,0,4,120,5,129,14,15,169,5,203,150,0,150,353
05/18/2022,TVC,MI,AGL,CE,Towers with Radar,14,9,32,2,57,0,2,100,3,105,14,11,132,5,162,304,2,306,468
05/19/2022,TVC,MI,AGL,CE,Towers with Radar,15,20,53,1,89,0,4,90,6,100,15,24,143,7,189,156,0,156,345
05/20/2022,TVC,MI,AGL,CE,Towers with Radar,14,17,14,0,45,0,2,13,6,21,14,19,27,6,66,10,10,20,86
05/21/2022,TVC,MI,AGL,CE,Towers with Radar,13,11,21,2,47,0,12,54,8,74,13,23,75,10,121,64,0,64,185
05/22/2022,TVC,MI,AGL,CE,Towers with Radar,14,9,36,1,60,0,4,61,2,67,14,13,97,3,127,91,0,91,218
05/23/2022,TVC,MI,AGL,CE,Towers with Radar,14,6,46,0,66,0,0,141,2,143,14,6,187,2,209,220,2,222,431
05/24/2022,TVC,MI,AGL,CE,Towers with Radar,14,17,27,0,58,0,1,121,12,134,14,18,148,12,192,230,32,262,454
05/25/2022,TVC,MI,AGL,CE,Towers with Radar,14,17,40,0,71,0,1,35,3,39,14,18,75,3,110,40,0,40,150
05/26/2022,TVC,MI,AGL,CE,Towers with Radar,15,12,40,8,75,0,0,18,6,24,15,12,58,14,99,74,10,84,183
05/27/2022,TVC,MI,AGL,CE,Towers with Radar,14,27,38,3,82,0,0,20,2,22,14,27,58,5,104,82,0,82,186
05/28/2022,TVC,MI,AGL,CE,Towers with Radar,14,15,25,1,55,0,5,97,2,104,14,20,122,3,159,78,0,78,237
05/29/2022,TVC,MI,AGL,CE,Towers with Radar,14,13,24,0,51,0,7,57,2,66,14,20,81,2,117,22,0,22,139
05/30/2022,TVC,MI,AGL,CE,Towers with Radar,14,8,29,0,51,0,4,23,2,29,14,12,52,2,80,0,0,0,80
05/31/2022,TVC,MI,AGL,CE,Towers with Radar,14,10,32,2,58,0,3,76,3,82,14,13,108,5,140,46,8,54,194
06/01/2022,TVC,MI,AGL,CE,Towers with Radar,16,13,37,2,68,0,0,172,4,176,16,13,209,6,244,230,0,230,474
06/02/2022,TVC,MI,AGL,CE,Towers with Radar,14,13,40,0,67,0,4,195,10,209,14,17,235,10,276,294,28,322,598
06/03/2022,TVC,MI,AGL,CE,Towers with Radar,32,21,32,0,85,0,3,73,9,85,32,24,105,9,170,86,0,86,256
06/04/2022,TVC,MI,AGL,CE,Towers with Radar,38,9,22,0,69,0,12,83,2,97,38,21,105,2,166,68,0,68,234
06/05/2022,TVC,MI,AGL,CE,Towers with Radar,33,11,39,0,83,0,4,52,6,62,33,15,91,6,145,66,0,66,211
06/06/2022,TVC,MI,AGL,CE,Towers with Radar,35,16,32,2,85,0,0,2,1,3,35,16,34,3,88,0,0,0,88
06/07/2022,TVC,MI,AGL,CE,Towers with Radar,33,23,60,0,116,0,0,67,2,69,33,23,127,2,185,161,0,161,346
06/08/2022,TVC,MI,AGL,CE,Towers with Radar,37,22,44,4,107,0,3,137,7,147,37,25,181,11,254,288,0,288,542
06/09/2022,TVC,MI,AGL,CE,Towers with Radar,37,25,46,2,110,0,7,172,4,183,37,32,218,6,293,238,0,238,531
06/10/2022,TVC,MI,AGL,CE,Towers with Radar,33,29,49,2,113,0,9,137,6,152,33,38,186,8,265,162,6,168,433
06/11/2022,TVC,MI,AGL,CE,Towers with Radar,39,16,16,0,71,0,3,62,2,67,39,19,78,2,138,88,0,88,226
06/12/2022,TVC,MI,AGL,CE,Towers with Radar,33,8,33,0,74,0,2,44,2,48,33,10,77,2,122,66,0,66,188
06/13/2022,TVC,MI,AGL,CE,Towers with Radar,33,14,26,2,75,0,5,129,2,136,33,19,155,4,211,182,0,182,393
06/14/2022,TVC,MI,AGL,CE,Towers with Radar,34,18,31,2,85,0,5,97,13,115,34,23,128,15,200,102,4,106,306
06/15/2022,TVC,MI,AGL,CE,Towers with Radar,37,12,30,1,80,0,1,110,7,118,37,13,140,8,198,110,0,110,308
06/16/2022,TVC,MI,AGL,CE,Towers with Radar,41,18,22,0,81,0,9,29,7,45,41,27,51,7,126,68,0,68,194
06/17/2022,TVC,MI,AGL,CE,Towers with Radar,35,22,37,0,94,0,8,73,2,83,35,30,110,2,177,54,0,54,231
06/18/2022,TVC,MI,AGL,CE,Towers with Radar,42,11,28,0,81,0,12,116,3,131,42,23,144,3,212,136,0,136,348
06/19/2022,TVC,MI,AGL,CE,Towers with Radar,38,16,43,0,97,0,9,78,5,92,38,25,121,5,189,106,0,106,295
06/20/2022,TVC,MI,AGL,CE,Towers with Radar,36,29,36,0,101,0,4,123,2,129,36,33,159,2,230,196,0,196,426
06/21/2022,TVC,MI,AGL,CE,Towers with Radar,36,20,29,0,85,0,4,86,3,93,36,24,115,3,178,94,0,94,272
06/22/2022,TVC,MI,AGL,CE,Towers with Radar,38,20,47,1,106,0,7,143,5,155,38,27,190,6,261,178,10,188,449
06/23/2022,TVC,MI,AGL,CE,Towers with Radar,39,32,44,2,117,0,5,158,8,171,39,37,202,10,288,252,0,252,540
06/24/2022,TVC,MI,AGL,CE,Towers with Radar,36,17,41,6,100,0,10,116,6,132,36,27,157,12,232,162,20,182,414
06/25/2022,TVC,MI,AGL,CE,Towers with Radar,44,26,34,0,104,0,9,32,2,43,44,35,66,2,147,48,18,66,213
06/26/2022,TVC,MI,AGL,CE,Towers with Radar,38,28,29,0,95,0,10,16,2,28,38,38,45,2,123,16,0,16,139
06/27/2022,TVC,MI,AGL,CE,Towers with Radar,65,20,31,0,116,0,7,77,11,95,65,27,108,11,211,142,0,142,353
06/28/2022,TVC,MI,AGL,CE,Towers with Radar,35,40,33,2,110,0,8,47,6,61,35,48,80,8,171,50,16,66,237
06/29/2022,TVC,MI,AGL,CE,Towers with Radar,37,22,39,8,106,0,5,158,24,187,37,27,197,32,293,178,0,178,471
06/30/2022,TVC,MI,AGL,CE,Towers with Radar,39,36,28,3,106,0,5,12,12,29,39,41,40,15,135,0,0,0,135
07/01/2022,TVC,MI,AGL,CE,Towers with Radar,42,34,39,4,119,0,5,88,11,104,42,39,127,15,223,104,0,104,327
07/02/2022,TVC,MI,AGL,CE,Towers with Radar,52,31,49,0,132,0,8,95,16,119,52,39,144,16,251,14,0,14,265
07/03/2022,TVC,MI,AGL,CE,Towers with Radar,45,15,33,6,99,0,12,56,10,78,45,27,89,16,177,12,0,12,189
07/04/2022,TVC,MI,AGL,CE,Towers with Radar,34,13,27,0,74,0,4,45,4,53,34,17,72,4,127,24,0,24,151
07/05/2022,TVC,MI,AGL,CE,Towers with Radar,42,30,48,1,121,0,2,59,4,65,42,32,107,5,186,136,0,136,322
07/06/2022,TVC,MI,AGL,CE,Towers with Radar,37,34,69,0,140,0,3,88,0,91,37,37,157,0,231,100,0,100,331
07/07/2022,TVC,MI,AGL,CE,Towers with Radar,37,29,48,1,115,0,19,166,1,186,37,48,214,2,301,210,0,210,511
07/08/2022,TVC,MI,AGL,CE,Towers with Radar,36,31,51,1,119,0,10,144,3,157,36,41,195,4,276,194,16,210,486
07/09/2022,TVC,MI,AGL,CE,Towers with Radar,51,28,28,0,107,0,12,119,11,142,51,40,147,11,249,68,0,68,317
07/10/2022,TVC,MI,AGL,CE,Towers with Radar,44,27,69,0,140,0,8,91,2,101,44,35,160,2,241,24,0,24,265
07/11/2022,TVC,MI,AGL,CE,Towers with Radar,36,12,26,5,79,0,0,8,2,10,36,12,34,7,89,8,0,8,97
07/12/2022,TVC,MI,AGL,CE,Towers with Radar,36,23,49,0,108,0,4,118,3,125,36,27,167,3,233,297,0,297,530
07/13/2022,TVC,MI,AGL,CE,Towers with Radar,37,20,49,0,106,0,2,146,8,156,37,22,195,8,262,200,20,220,482
07/14/2022,TVC,MI,AGL,CE,Towers with Radar,41,30,46,2,119,0,8,193,3,204,41,38,239,5,323,196,8,204,527
07/15/2022,TVC,MI,AGL,CE,Towers with Radar,39,24,52,0,115,0,9,120,6,135,39,33,172,6,250,196,0,196,446
07/16/2022,TVC,MI,AGL,CE,Towers with Radar,50,28,41,0,119,0,10,118,7,135,50,38,159,7,254,50,0,50,304
07/17/2022,TVC,MI,AGL,CE,Towers with Radar,40,46,53,0,139,0,2,43,0,45,40,48,96,0,184,72,0,72,256
07/18/2022,TVC,MI,AGL,CE,Towers with Radar,37,24,58,1,120,0,4,155,6,165,37,28,213,7,285,186,8,194,479
07/19/2022,TVC,MI,AGL,CE,Towers with Radar,35,26,31,2,94,0,8,131,10,149,35,34,162,12,243,146,0,146,389
07/20/2022,TVC,MI,AGL,CE,Towers with Radar,42,30,38,0,110,0,3,23,8,34,42,33,61,8,144,26,30,56,200
07/21/2022,TVC,MI,AGL,CE,Towers with Radar,41,25,40,1,107,0,8,96,7,111,41,33,136,8,218,76,8,84,302
07/22/2022,TVC,MI,AGL,CE,Towers with Radar,42,28,57,0,127,0,0,95,9,104,42,28,152,9,231,112,0,112,343
07/23/2022,TVC,MI,AGL,CE,Towers with Radar,46,20,26,1,93,0,5,90,5,100,46,25,116,6,193,88,0,88,281
07/24/2022,TVC,MI,AGL,CE,Towers with Radar,45,28,52,0,125,0,3,22,4,29,45,31,74,4,154,20,2,22,176
07/25/2022,TVC,MI,AGL,CE,Towers with Radar,39,13,76,0,128,0,3,151,4,158,39,16,227,4,286,220,0,220,506
07/26/2022,TVC,MI,AGL,CE,Towers with Radar,37,23,43,2,105,0,3,155,10,168,37,26,198,12,273,189,20,209,482
07/27/2022,TVC,MI,AGL,CE,Towers with Radar,37,18,33,0,88,0,0,40,6,46,37,18,73,6,134,62,64,126,260
07/28/2022,TVC,MI,AGL,CE,Towers with Radar,41,25,52,1,119,0,1,79,5,85,41,26,131,6,204,102,0,102,306
07/29/2022,TVC,MI,AGL,CE,Towers with Radar,37,33,58,7,135,0,3,106,3,112,37,36,164,10,247,120,8,128,375
07/30/2022,TVC,MI,AGL,CE,Towers with Radar,48,24,32,0,104,0,11,116,2,129,48,35,148,2,233,102,0,102,335
07/31/2022,TVC,MI,AGL,CE,Towers with Radar,41,41,51,0,133,0,11,48,4,63,41,52,99,4,196,66,2,68,264
08/01/2022,TVC,MI,AGL,CE,Towers with Radar,42,30,34,0,106,0,0,12,5,17,42,30,46,5,123,16,18,34,157
08/02/2022,TVC,MI,AGL,CE,Towers with Radar,40,26,55,5,126,0,4,192,4,200,40,30,247,9,326,174,0,174,500
08/03/2022,TVC,MI,AGL,CE,Towers with Radar,38,19,36,1,94,0,0,11,8,19,38,19,47,9,113,32,0,32,145
08/04/2022,TVC,MI,AGL,CE,Towers with Radar,39,35,66,3,143,0,1,169,5,175,39,36,235,8,318,160,0,160,478
08/05/2022,TVC,MI,AGL,CE,Towers with Radar,41,25,45,1,112,0,8,140,6,154,41,33,185,7,266,186,0,186,452
08/06/2022,TVC,MI,AGL,CE,Towers with Radar,50,32,48,1,131,0,1,68,15,84,50,33,116,16,215,28,0,28,243
08/07/2022,TVC,MI,AGL,CE,Towers with Radar,43,26,62,1,132,0,0,0,2,2,43,26,62,3,134,0,0,0,134
08/08/2022,TVC,MI,AGL,CE,Towers with Radar,42,29,46,9,126,0,2,6,1,9,42,31,52,10,135,12,0,12,147
08/09/2022,TVC,MI,AGL,CE,Towers with Radar,40,26,39,1,106,0,2,162,8,172,40,28,201,9,278,274,0,274,552
08/10/2022,TVC,MI,AGL,CE,Towers with Radar,39,36,48,0,123,0,3,164,11,178,39,39,212,11,301,180,10,190,491
08/11/2022,TVC,MI,AGL,CE,Towers with Radar,43,27,44,4,118,0,4,145,12,161,43,31,189,16,279,184,0,184,463
08/12/2022,TVC,MI,AGL,CE,Towers with Radar,39,31,36,1,107,0,9,141,4,154,39,40,177,5,261,236,0,236,497
08/13/2022,TVC,MI,AGL,CE,Towers with Radar,56,34,24,0,114,0,3,15,0,18,56,37,39,0,132,22,0,22,154
08/14/2022,TVC,MI,AGL,CE,Towers with Radar,41,30,56,6,133,0,8,36,5,49,41,38,92,11,182,92,10,102,284
08/15/2022,TVC,MI,AGL,CE,Towers with Radar,37,14,27,0,78,0,0,123,6,129,37,14,150,6,207,286,0,286,493
08/16/2022,TVC,MI,AGL,CE,Towers with Radar,37,17,43,4,101,0,1,149,6,156,37,18,192,10,257,204,32,236,493
08/17/2022,TVC,MI,AGL,CE,Towers with Radar,42,19,58,3,122,0,8,148,1,157,42,27,206,4,279,178,0,178,457
08/18/2022,TVC,MI,AGL,CE,Towers with Radar,41,33,30,0,104,0,4,105,5,114,41,37,135,5,218,149,0,149,367
08/19/2022,TVC,MI,AGL,CE,Towers with Radar,41,33,28,0,102,0,0,116,4,120,41,33,144,4,222,86,0,86,308
08/20/2022,TVC,MI,AGL,CE,Towers with Radar,44,13,20,0,77,0,7,30,1,38,44,20,50,1,115,22,0,22,137
08/21/2022,TVC,MI,AGL,CE,Towers with Radar,35,16,31,0,82,0,4,18,3,25,35,20,49,3,107,42,18,60,167
08/22/2022,TVC,MI,AGL,CE,Towers with Radar,38,20,43,0,101,0,2,114,3,119,38,22,157,3,220,264,2,266,486
08/23/2022,TVC,MI,AGL,CE,Towers with Radar,38,32,41,0,111,0,7,123,6,136,38,39,164,6,247,188,0,188,435
08/24/2022,TVC,MI,AGL,CE,Towers with Radar,40,30,42,3,115,0,4,127,11,142,40,34,169,14,257,168,0,168,425
08/25/2022,TVC,MI,AGL,CE,Towers with Radar,37,32,36,0,105,0,0,18,8,26,37,32,54,8,131,50,10,60,191
08/26/2022,TVC,MI,AGL,CE,Towers with Radar,39,37,42,3,121,0,7,98,2,107,39,44,140,5,228,144,0,144,372
08/27/2022,TVC,MI,AGL,CE,Towers with Radar,10,8,14,0,32,0,2,41,2,45,10,10,55,2,77,42,0,42,119
08/28/2022,TVC,MI,AGL,CE,Towers with Radar,36,28,40,0,104,0,4,51,2,57,36,32,91,2,161,44,0,44,205
08/29/2022,TVC,MI,AGL,CE,Towers with Radar,34,31,25,1,91,0,5,6,1,12,34,36,31,2,103,0,0,0,103
08/30/2022,TVC,MI,AGL,CE,Towers with Radar,33,26,52,0,111,0,4,75,7,86,33,30,127,7,197,172,10,182,379
08/31/2022,TVC,MI,AGL,CE,Towers with Radar,37,26,24,1,88,0,4,71,7,82,37,30,95,8,170,72,14,86,256
09/01/2022,TVC,MI,AGL,CE,Towers with Radar,37,33,44,3,117,0,8,165,5,178,37,41,209,8,295,212,16,228,523
09/02/2022,TVC,MI,AGL,CE,Towers with Radar,37,29,26,2,94,0,3,73,0,76,37,32,99,2,170,40,0,40,210
09/03/2022,TVC,MI,AGL,CE,Towers with Radar,43,16,22,0,81,0,9,18,5,32,43,25,40,5,113,22,0,22,135
09/04/2022,TVC,MI,AGL,CE,Towers with Radar,36,21,35,0,92,0,2,65,3,70,36,23,100,3,162,76,0,76,238
09/05/2022,TVC,MI,AGL,CE,Towers with Radar,37,20,48,0,105,0,8,123,6,137,37,28,171,6,242,166,0,166,408
09/06/2022,TVC,MI,AGL,CE,Towers with Radar,29,25,46,0,100,0,1,163,4,168,29,26,209,4,268,98,0,98,366
09/07/2022,TVC,MI,AGL,CE,Towers with Radar,27,17,19,0,63,0,1,143,2,146,27,18,162,2,209,206,0,206,415
09/08/2022,TVC,MI,AGL,CE,Towers with Radar,25,19,32,0,76,0,4,139,5,148,25,23,171,5,224,198,56,254,478
09/09/2022,TVC,MI,AGL,CE,Towers with Radar,26,19,47,0,92,0,6,118,1,125,26,25,165,1,217,62,0,62,279
09/10/2022,TVC,MI,AGL,CE,Towers with Radar,33,21,20,0,74,0,6,63,3,72,33,27,83,3,146,60,0,60,206
09/11/2022,TVC,MI,AGL,CE,Towers with Radar,28,19,29,0,76,0,1,14,2,17,28,20,43,2,93,62,0,62,155
09/12/2022,TVC,MI,AGL,CE,Towers with Radar,19,20,28,0,67,0,2,4,1,7,19,22,32,1,74,30,8,38,112
09/13/2022,TVC,MI,AGL,CE,Towers with Radar,22,22,47,5,96,0,0,59,1,60,22,22,106,6,156,134,0,134,290
09/14/2022,TVC,MI,AGL,CE,Towers with Radar,23,20,52,0,95,0,3,126,9,138,23,23,178,9,233,178,8,186,419
09/15/2022,TVC,MI,AGL,CE,Towers with Radar,24,19,23,1,67,0,3,153,4,160,24,22,176,5,227,144,0,144,371
09/16/2022,TVC,MI,AGL,CE,Towers with Radar,22,15,50,2,89,0,2,113,1,116,22,17,163,3,205,168,14,182,387
09/17/2022,TVC,MI,AGL,CE,Towers with Radar,32,26,19,0,77,0,5,39,3,47,32,31,58,3,124,16,14,30,154
09/18/2022,TVC,MI,AGL,CE,Towers with Radar,26,24,36,1,87,0,2,23,1,26,26,26,59,2,113,26,0,26,139
09/19/2022,TVC,MI,AGL,CE,Towers with Radar,23,11,23,0,57,0,5,132,3,140,23,16,155,3,197,128,0,128,325
09/20/2022,TVC,MI,AGL,CE,Towers with Radar,21,19,36,0,76,0,4,110,6,120,21,23,146,6,196,214,92,306,502
09/21/2022,TVC,MI,AGL,CE,Towers with Radar,22,14,18,3,57,0,6,56,5,67,22,20,74,8,124,71,0,71,195
09/22/2022,TVC,MI,AGL,CE,Towers with Radar,22,27,22,5,76,0,3,20,8,31,22,30,42,13,107,16,22,38,145
09/23/2022,TVC,MI,AGL,CE,Towers with Radar,23,20,32,0,75,0,6,144,3,153,23,26,176,3,228,174,0,174,402
09/24/2022,TVC,MI,AGL,CE,Towers with Radar,30,16,25,0,71,0,1,23,2,26,30,17,48,2,97,40,0,40,137
09/25/2022,TVC,MI,AGL,CE,Towers with Radar,26,17,29,0,72,0,0,9,2,11,26,17,38,2,83,38,0,38,121
09/26/2022,TVC,MI,AGL,CE,Towers with Radar,21,14,16,0,51,0,0,2,3,5,21,14,18,3,56,0,8,8,64
09/27/2022,TVC,MI,AGL,CE,Towers with Radar,22,15,28,2,67,0,0,3,2,5,22,15,31,4,72,0,0,0,72
09/28/2022,TVC,MI,AGL,CE,Towers with Radar,21,11,45,2,79,0,2,80,9,91,21,13,125,11,170,236,8,244,414
09/29/2022,TVC,MI,AGL,CE,Towers with Radar,23,27,40,3,93,0,7,186,10,203,23,34,226,13,296,243,32,275,571
09/30/2022,TVC,MI,AGL,CE,Towers with Radar,17,20,28,0,65,0,5,139,2,146,17,25,167,2,211,182,0,182,393
10/01/2022,TVC,MI,AGL,CE,Towers with Radar,26,21,18,1,66,0,11,69,4,84,26,32,87,5,150,76,2,78,228
10/02/2022,TVC,MI,AGL,CE,Towers with Radar,21,10,36,1,68,0,5,101,4,110,21,15,137,5,178,68,18,86,264
10/03/2022,TVC,MI,AGL,CE,Towers with Radar,19,7,18,0,44,0,3,163,8,174,19,10,181,8,218,201,10,211,429
10/04/2022,TVC,MI,AGL,CE,Towers with Radar,18,19,29,1,67,0,3,138,3,144,18,22,167,4,211,230,40,270,481
10/05/2022,TVC,MI,AGL,CE,Towers with Radar,21,16,35,0,72,0,2,138,3,143,21,18,173,3,215,164,12,176,391
10/06/2022,TVC,MI,AGL,CE,Towers with Radar,20,26,16,18,80,0,0,7,10,17,20,26,23,28,97,30,39,69,166
10/07/2022,TVC,MI,AGL,CE,Towers with Radar,17,23,32,0,72,0,4,29,4,37,17,27,61,4,109,68,0,68,177
10/08/2022,TVC,MI,AGL,CE,Towers with Radar,17,15,21,0,53,0,4,32,2,38,17,19,53,2,91,48,6,54,145
10/09/2022,TVC,MI,AGL,CE,Towers with Radar,19,13,34,0,66,0,7,95,3,105,19,20,129,3,171,80,0,80,251
10/10/2022,TVC,MI,AGL,CE,Towers with Radar,19,17,42,0,78,0,9,145,2,156,19,26,187,2,234,170,0,170,404
10/11/2022,TVC,MI,AGL,CE,Towers with Radar,18,20,18,0,56,0,4,113,2,119,18,24,131,2,175,164,0,164,339
10/12/2022,TVC,MI,AGL,CE,Towers with Radar,19,14,17,2,52,0,0,4,10,14,19,14,21,12,66,16,4,20,86
10/13/2022,TVC,MI,AGL,CE,Towers with Radar,21,13,18,0,52,0,0,29,8,37,21,13,47,8,89,74,16,90,179
10/14/2022,TVC,MI,AGL,CE,Towers with Radar,16,12,24,0,52,0,5,32,3,40,16,17,56,3,92,80,16,96,188
10/15/2022,TVC,MI,AGL,CE,Towers with Radar,17,14,17,0,48,0,9,24,2,35,17,23,41,2,83,26,0,26,109
10/16/2022,TVC,MI,AGL,CE,Towers with Radar,17,5,28,0,50,0,4,25,2,31,17,9,53,2,81,32,0,32,113
10/17/2022,TVC,MI,AGL,CE,Towers with Radar,18,9,21,0,48,0,0,3,5,8,18,9,24,5,56,0,0,0,56
10/18/2022,TVC,MI,AGL,CE,Towers with Radar,21,17,6,0,44,0,0,1,8,9,21,17,7,8,53,0,40,40,93
10/19/2022,TVC,MI,AGL,CE,Towers with Radar,16,10,25,0,51,0,1,6,8,15,16,11,31,8,66,0,24,24,90
10/20/2022,TVC,MI,AGL,CE,Towers with Radar,21,15,27,2,65,0,2,75,6,83,21,17,102,8,148,205,0,205,353
10/21/2022,TVC,MI,AGL,CE,Towers with Radar,18,15,24,0,57,0,3,108,5,116,18,18,132,5,173,54,0,54,227
10/22/2022,TVC,MI,AGL,CE,Towers with Radar,18,11,29,0,58,0,2,145,2,149,18,13,174,2,207,128,0,128,335
10/23/2022,TVC,MI,AGL,CE,Towers with Radar,22,11,28,0,61,0,3,64,4,71,22,14,92,4,132,72,0,72,204
10/24/2022,TVC,MI,AGL,CE,Towers with Radar,15,23,12,1,51,0,1,89,8,98,15,24,101,9,149,100,0,100,249
10/25/2022,TVC,MI,AGL,CE,Towers with Radar,15,13,45,4,77,0,0,66,1,67,15,13,111,5,144,136,0,136,280
10/26/2022,TVC,MI,AGL,CE,Towers with Radar,17,12,36,0,65,0,0,6,8,14,17,12,42,8,79,2,12,14,93
10/27/2022,TVC,MI,AGL,CE,Towers with Radar,20,13,47,0,80,0,2,162,7,171,20,15,209,7,251,230,2,232,483
10/28/2022,TVC,MI,AGL,CE,Towers with Radar,18,10,52,1,81,0,3,162,1,166,18,13,214,2,247,192,0,192,439
10/29/2022,TVC,MI,AGL,CE,Towers with Radar,17,7,33,0,57,0,1,111,0,112,17,8,144,0,169,161,0,161,330
10/30/2022,TVC,MI,AGL,CE,Towers with Radar,19,5,30,0,54,0,2,83,2,87,19,7,113,2,141,172,0,172,313
10/31/2022,TVC,MI,AGL,CE,Towers with Radar,17,8,20,0,45,0,5,99,7,111,17,13,119,7,156,158,0,158,314
11/01/2022,TVC,MI,AGL,CE,Towers with Radar,16,10,30,3,59,0,3,144,14,161,16,13,174,17,220,238,0,238,458
11/02/2022,TVC,MI,AGL,CE,Towers with Radar,15,11,42,0,68,0,6,166,0,172,15,17,208,0,240,202,0,202,442
11/03/2022,TVC,MI,AGL,CE,Towers with Radar,21,14,24,0,59,0,7,80,10,97,21,21,104,10,156,132,32,164,320
11/04/2022,TVC,MI,AGL,CE,Towers with Radar,15,11,25,0,51,0,1,38,4,43,15,12,63,4,94,92,0,92,186
11/05/2022,TVC,MI,AGL,CE,Towers with Radar,6,12,3,0,21,0,3,1,2,6,6,15,4,2,27,12,2,14,41
11/06/2022,TVC,MI,AGL,CE,Towers with Radar,15,10,21,0,46,0,2,13,3,18,15,12,34,3,64,4,0,4,68
11/07/2022,TVC,MI,AGL,CE,Towers with Radar,14,4,28,0,46,0,1,76,7,84,14,5,104,7,130,230,14,244,374
11/08/2022,TVC,MI,AGL,CE,Towers with Radar,15,15,35,0,65,0,0,105,8,113,15,15,140,8,178,199,0,199,377
11/09/2022,TVC,MI,AGL,CE,Towers with Radar,16,8,27,0,51,0,1,56,5,62,16,9,83,5,113,112,0,112,225
11/10/2022,TVC,MI,AGL,CE,Towers with Radar,15,12,18,2,47,0,3,54,4,61,15,15,72,6,108,68,18,86,194
11/11/2022,TVC,MI,AGL,CE,Towers with Radar,15,19,58,1,93,0,3,13,1,17,15,22,71,2,110,129,0,129,239
11/12/2022,TVC,MI,AGL,CE,Towers with Radar,17,9,5,0,31,0,0,0,4,4,17,9,5,4,35,0,0,0,35
11/13/2022,TVC,MI,AGL,CE,Towers with Radar,15,10,13,0,38,0,0,7,2,9,15,10,20,2,47,0,0,0,47
11/14/2022,TVC,MI,AGL,CE,Towers with Radar,15,13,43,0,71,0,1,97,3,101,15,14,140,3,172,232,0,232,404
11/15/2022,TVC,MI,AGL,CE,Towers with Radar,14,15,7,0,36,0,0,6,2,8,14,15,13,2,44,2,24,26,70
11/16/2022,TVC,MI,AGL,CE,Towers with Radar,16,8,3,0,27,0,1,2,10,13,16,9,5,10,40,20,54,74,114
11/17/2022,TVC,MI,AGL,CE,Towers with Radar,16,17,13,0,46,0,0,0,5,5,16,17,13,5,51,0,0,0,51
11/18/2022,TVC,MI,AGL,CE,Towers with Radar,13,19,22,0,54,0,0,2,2,4,13,19,24,2,58,28,26,54,112
11/19/2022,TVC,MI,AGL,CE,Towers with Radar,14,10,2,0,26,0,0,0,0,0,14,10,2,0,26,0,0,0,26
11/20/2022,TVC,MI,AGL,CE,Towers with Radar,18,4,9,1,32,0,5,7,2,14,18,9,16,3,46,6,4,10,56
11/21/2022,TVC,MI,AGL,CE,Towers with Radar,14,8,21,0,43,0,0,32,7,39,14,8,53,7,82,118,16,134,216
11/22/2022,TVC,MI,AGL,CE,Towers with Radar,19,21,24,5,69,0,2,98,6,106,19,23,122,11,175,260,28,288,463
11/23/2022,TVC,MI,AGL,CE,Towers with Radar,18,19,39,0,76,0,4,103,9,116,18,23,142,9,192,159,22,181,373
11/24/2022,TVC,MI,AGL,CE,Towers with Radar,9,2,3,0,14,0,3,9,0,12,9,5,12,0,26,8,0,8,34
11/25/2022,TVC,MI,AGL,CE,Towers with Radar,10,16,15,0,41,0,1,33,2,36,10,17,48,2,77,71,0,71,148
11/26/2022,TVC,MI,AGL,CE,Towers with Radar,17,14,20,0,51,0,1,11,3,15,17,15,31,3,66,0,0,0,66
11/27/2022,TVC,MI,AGL,CE,Towers with Radar,17,5,20,0,42,0,0,7,0,7,17,5,27,0,49,20,0,20,69
11/28/2022,TVC,MI,AGL,CE,Towers with Radar,14,11,45,0,70,0,3,109,5,117,14,14,154,5,187,194,10,204,391
11/29/2022,TVC,MI,AGL,CE,Towers with Radar,14,14,15,2,45,0,2,33,7,42,14,16,48,9,87,92,0,92,179
11/30/2022,TVC,MI,AGL,CE,Towers with Radar,15,12,11,0,38,0,0,0,2,2,15,12,11,2,40,0,40,40,80
12/01/2022,TVC,MI,AGL,CE,Towers with Radar,16,13,16,0,45,0,4,67,8,79,16,17,83,8,124,182,54,236,360
12/02/2022,TVC,MI,AGL,CE,Towers with Radar,17,8,34,0,59,0,1,54,3,58,17,9,88,3,117,119,2,121,238
12/03/2022,TVC,MI,AGL,CE,Towers with Radar,14,13,16,3,46,0,0,0,3,3,14,13,16,6,49,0,14,14,63
12/04/2022,TVC,MI,AGL,CE,Towers with Radar,16,5,11,0,32,0,0,34,2,36,16,5,45,2,68,42,0,42,110
12/05/2022,TVC,MI,AGL,CE,Towers with Radar,15,9,30,0,54,0,0,109,5,114,15,9,139,5,168,253,18,271,439
12/06/2022,TVC,MI,AGL,CE,Towers with Radar,15,13,16,5,49,0,0,32,1,33,15,13,48,6,82,122,10,132,214
12/07/2022,TVC,MI,AGL,CE,Towers with Radar,13,14,19,0,46,0,0,5,7,12,13,14,24,7,58,28,22,50,108
12/08/2022,TVC,MI,AGL,CE,Towers with Radar,15,5,23,0,43,0,1,66,6,73,15,6,89,6,116,416,0,416,532
12/09/2022,TVC,MI,AGL,CE,Towers with Radar,16,11,6,0,33,0,0,42,6,48,16,11,48,6,81,244,0,244,325
12/10/2022,TVC,MI,AGL,CE,Towers with Radar,15,7,17,0,39,0,3,20,5,28,15,10,37,5,67,75,0,75,142
12/11/2022,TVC,MI,AGL,CE,Towers with Radar,17,2,7,0,26,0,0,2,2,4,17,2,9,2,30,10,2,12,42
12/12/2022,TVC,MI,AGL,CE,Towers with Radar,15,3,17,0,35,0,5,39,8,52,15,8,56,8,87,290,6,296,383
12/13/2022,TVC,MI,AGL,CE,Towers with Radar,13,14,28,0,55,0,2,108,3,113,13,16,136,3,168,179,0,179,347
12/14/2022,TVC,MI,AGL,CE,Towers with Radar,13,14,15,0,42,0,5,20,0,25,13,19,35,0,67,40,0,40,107
12/15/2022,TVC,MI,AGL,CE,Towers with Radar,17,13,14,0,44,0,2,1,2,5,17,15,15,2,49,2,0,2,51
12/16/2022,TVC,MI,AGL,CE,Towers with Radar,18,14,5,0,37,0,0,1,2,3,18,14,6,2,40,0,0,0,40
12/17/2022,TVC,MI,AGL,CE,Towers with Radar,17,15,7,0,39,0,0,0,0,0,17,15,7,0,39,0,0,0,39
12/18/2022,TVC,MI,AGL,CE,Towers with Radar,14,7,3,0,24,0,0,4,2,6,14,7,7,2,30,26,0,26,56
12/19/2022,TVC,MI,AGL,CE,Towers with Radar,17,13,17,2,49,0,2,25,10,37,17,15,42,12,86,196,12,208,294
12/20/2022,TVC,MI,AGL,CE,Towers with Radar,16,17,20,0,53,0,0,24,3,27,16,17,44,3,80,69,8,77,157
12/21/2022,TVC,MI,AGL,CE,Towers with Radar,14,18,31,2,65,0,3,64,2,69,14,21,95,4,134,180,0,180,314
12/22/2022,TVC,MI,AGL,CE,Towers with Radar,12,15,13,0,40,0,0,22,2,24,12,15,35,2,64,58,0,58,122
12/23/2022,TVC,MI,AGL,CE,Towers with Radar,4,5,1,0,10,0,0,0,0,0,4,5,1,0,10,0,0,0,10
12/24/2022,TVC,MI,AGL,CE,Towers with Radar,4,4,4,0,12,0,0,0,0,0,4,4,4,0,12,0,0,0,12
12/25/2022,TVC,MI,AGL,CE,Towers with Radar,14,6,0,0,20,0,0,0,0,0,14,6,0,0,20,0,0,0,20
12/26/2022,TVC,MI,AGL,CE,Towers with Radar,17,17,6,0,40,0,1,1,4,6,17,18,7,4,46,0,12,12,58
12/27/2022,TVC,MI,AGL,CE,Towers with Radar,16,19,19,0,54,0,0,13,5,18,16,19,32,5,72,4,34,38,110
12/28/2022,TVC,MI,AGL,CE,Towers with Radar,15,19,12,0,46,0,2,22,5,29,15,21,34,5,75,40,12,52,127
12/29/2022,TVC,MI,AGL,CE,Towers with Radar,21,10,9,0,40,0,0,3,2,5,21,10,12,2,45,12,0,12,57
12/30/2022,TVC,MI,AGL,CE,Towers with Radar,15,12,9,0,36,0,0,0,6,6,15,12,9,6,42,0,18,18,60
12/31/2022,TVC,MI,AGL,CE,Towers with Radar,14,14,5,0,33,0,0,4,2,6,14,14,9,2,39,4,0,4,43
01/01/2023,TVC,MI,AGL,CE,Towers with Radar,16,16,0,1,33,0,0,0,1,1,16,16,0,2,34,0,0,0,34
01/02/2023,TVC,MI,AGL,CE,Towers with Radar,16,9,11,0,36,0,0,11,2,13,16,9,22,2,49,50,0,50,99
01/03/2023,TVC,MI,AGL,CE,Towers with Radar,20,8,9,0,37,0,0,7,0,7,20,8,16,0,44,22,0,22,66
01/04/2023,TVC,MI,AGL,CE,Towers with Radar,15,15,24,0,54,0,0,0,0,0,15,15,24,0,54,0,0,0,54
01/05/2023,TVC,MI,AGL,CE,Towers with Radar,16,13,5,0,34,0,0,0,0,0,16,13,5,0,34,0,0,0,34
01/06/2023,TVC,MI,AGL,CE,Towers with Radar,15,20,6,0,41,0,0,5,4,9,15,20,11,4,50,58,20,78,128
01/07/2023,TVC,MI,AGL,CE,Towers with Radar,14,8,7,0,29,0,1,17,1,19,14,9,24,1,48,56,0,56,104
01/08/2023,TVC,MI,AGL,CE,Towers with Radar,18,4,9,0,31,0,2,26,4,32,18,6,35,4,63,168,12,180,243
01/09/2023,TVC,MI,AGL,CE,Towers with Radar,16,6,7,3,32,0,0,1,1,2,16,6,8,4,34,0,0,0,34
01/10/2023,TVC,MI,AGL,CE,Towers with Radar,15,13,4,2,34,0,0,6,8,14,15,13,10,10,48,40,122,162,210
01/11/2023,TVC,MI,AGL,CE,Towers with Radar,13,12,7,0,32,0,0,0,5,5,13,12,7,5,37,0,12,12,49
01/12/2023,TVC,MI,AGL,CE,Towers with Radar,17,9,10,0,36,0,0,0,2,2,17,9,10,2,38,0,0,0,38
01/13/2023,TVC,MI,AGL,CE,Towers with Radar,16,7,12,0,35,0,0,2,0,2,16,7,14,0,37,0,0,0,37
01/14/2023,TVC,MI,AGL,CE,Towers with Radar,13,9,15,0,37,0,1,70,3,74,13,10,85,3,111,60,0,60,171
01/15/2023,TVC,MI,AGL,CE,Towers with Radar,16,3,20,0,39,0,2,54,2,58,16,5,74,2,97,44,0,44,141
01/16/2023,TVC,MI,AGL,CE,Towers with Radar,16,5,11,1,33,0,1,26,2,29,16,6,37,3,62,92,44,136,198
01/17/2023,TVC,MI,AGL,CE,Towers with Radar,16,7,6,0,29,0,0,0,0,0,16,7,6,0,29,0,0,0,29
01/18/2023,TVC,MI,AGL,CE,Towers with Radar,17,6,11,1,35,0,0,11,8,19,17,6,22,9,54,54,56,110,164
01/19/2023,TVC,MI,AGL,CE,Towers with Radar,15,9,4,0,28,0,0,0,0,0,15,9,4,0,28,0,0,0,28
01/20/2023,TVC,MI,AGL,CE,Towers with Radar,17,13,9,0,39,0,0,4,4,8,17,13,13,4,47,2,24,26,73
01/21/2023,TVC,MI,AGL,CE,Towers with Radar,16,6,3,0,25,0,0,2,0,2,16,6,5,0,27,26,0,26,53
01/22/2023,TVC,MI,AGL,CE,Towers with Radar,15,10,5,0,30,0,0,2,1,3,15,10,7,1,33,0,24,24,57
01/23/2023,TVC,MI,AGL,CE,Towers with Radar,19,10,6,1,36,0,0,6,11,17,19,10,12,12,53,74,62,136,189
01/24/2023,TVC,MI,AGL,CE,Towers with Radar,14,9,8,3,34,0,0,12,7,19,14,9,20,10,53,82,48,130,183
01/25/2023,TVC,MI,AGL,CE,Towers with Radar,7,8,18,3,36,0,1,53,2,56,7,9,71,5,92,118,18,136,228
01/26/2023,TVC,MI,AGL,CE,Towers with Radar,18,9,18,1,46,0,0,3,3,6,18,9,21,4,52,10,0,10,62
01/27/2023,TVC,MI,AGL,CE,Towers with Radar,13,18,10,0,41,0,0,1,0,1,13,18,11,0,42,0,0,0,42
01/28/2023,TVC,MI,AGL,CE,Towers with Radar,15,5,16,2,38,0,0,37,1,38,15,5,53,3,76,182,0,182,258
01/29/2023,TVC,MI,AGL,CE,Towers with Radar,19,5,10,1,35,0,0,7,3,10,19,5,17,4,45,4,0,4,49
01/30/2023,TVC,MI,AGL,CE,Towers with Radar,17,5,10,2,34,0,0,1,0,1,17,5,11,2,35,10,6,16,51
01/31/2023,TVC,MI,AGL,CE,Towers with Radar,13,14,20,2,49,0,1,37,6,44,13,15,57,8,93,146,2,148,241
02/01/2023,TVC,MI,AGL,CE,Towers with Radar,18,13,27,0,58,0,0,117,2,119,18,13,144,2,177,235,0,235,412
02/02/2023,TVC,MI,AGL,CE,Towers with Radar,18,7,21,1,47,0,0,16,1,17,18,7,37,2,64,16,4,20,84
02/03/2023,TVC,MI,AGL,CE,Towers with Radar,15,9,8,5,37,0,0,8,8,16,15,9,16,13,53,56,20,76,129
02/04/2023,TVC,MI,AGL,CE,Towers with Radar,15,8,13,0,36,0,2,11,2,15,15,10,24,2,51,44,0,44,95
02/05/2023,TVC,MI,AGL,CE,Towers with Radar,17,7,5,0,29,0,3,15,2,20,17,10,20,2,49,108,0,108,157
02/06/2023,TVC,MI,AGL,CE,Towers with Radar,15,5,34,0,54,0,0,76,6,82,15,5,110,6,136,120,18,138,274
02/07/2023,TVC,MI,AGL,CE,Towers with Radar,13,15,3,0,31,0,0,21,4,25,13,15,24,4,56,138,0,138,194
02/08/2023,TVC,MI,AGL,CE,Towers with Radar,12,11,44,2,69,0,2,150,3,155,12,13,194,5,224,226,4,230,454
02/09/2023,TVC,MI,AGL,CE,Towers with Radar,17,14,12,0,43,0,0,15,4,19,17,14,27,4,62,8,30,38,100
02/10/2023,TVC,MI,AGL,CE,Towers with Radar,18,24,13,0,55,0,3,9,4,16,18,27,22,4,71,14,0,14,85
02/11/2023,TVC,MI,AGL,CE,Towers with Radar,17,6,14,0,37,0,3,36,5,44,17,9,50,5,81,36,0,36,117
02/12/2023,TVC,MI,AGL,CE,Towers with Radar,20,4,26,2,52,0,1,101,1,103,20,5,127,3,155,158,0,158,313
02/13/2023,TVC,MI,AGL,CE,Towers with Radar,17,7,47,1,72,0,3,125,2,130,17,10,172,3,202,192,0,192,394
02/14/2023,TVC,MI,AGL,CE,Towers with Radar,15,16,32,1,64,0,3,117,4,124,15,19,149,5,188,193,0,193,381
02/15/2023,TVC,MI,AGL,CE,Towers with Radar,16,12,7,0,35,0,0,1,0,1,16,12,8,0,36,6,0,6,42
02/16/2023,TVC,MI,AGL,CE,Towers with Radar,15,9,9,0,33,0,0,7,2,9,15,9,16,2,42,44,0,44,86
02/17/2023,TVC,MI,AGL,CE,Towers with Radar,23,17,18,0,58,0,1,24,1,26,23,18,42,1,84,54,0,54,138
02/18/2023,TVC,MI,AGL,CE,Towers with Radar,17,18,20,0,55,0,0,36,1,37,17,18,56,1,92,65,0,65,157
02/19/2023,TVC,MI,AGL,CE,Towers with Radar,18,3,13,0,34,0,0,20,2,22,18,3,33,2,56,16,0,16,72
02/20/2023,TVC,MI,AGL,CE,Towers with Radar,18,9,23,1,51,0,1,137,2,140,18,10,160,3,191,352,4,356,547
02/21/2023,TVC,MI,AGL,CE,Towers with Radar,16,15,12,0,43,0,0,7,4,11,16,15,19,4,54,22,0,22,76
02/22/2023,TVC,MI,AGL,CE,Towers with Radar,7,9,7,0,23,0,0,0,0,0,7,9,7,0,23,0,0,0,23
02/23/2023,TVC,MI,AGL,CE,Towers with Radar,15,9,2,0,26,2,0,0,0,2,17,9,2,0,28,0,0,0,28
02/24/2023,TVC,MI,AGL,CE,Towers with Radar,18,23,8,0,49,0,0,14,0,14,18,23,22,0,63,42,0,42,105
02/25/2023,TVC,MI,AGL,CE,Towers with Radar,17,7,5,0,29,0,2,18,1,21,17,9,23,1,50,94,0,94,144
02/26/2023,TVC,MI,AGL,CE,Towers with Radar,20,9,39,0,68,0,0,80,5,85,20,9,119,5,153,122,0,122,275
02/27/2023,TVC,MI,AGL,CE,Towers with Radar,9,1,6,0,16,0,0,13,2,15,9,1,19,2,31,22,6,28,59
02/28/2023,TVC,MI,AGL,CE,Towers with Radar,21,15,22,0,58,0,2,69,3,74,21,17,91,3,132,144,4,148,280
03/01/2023,TVC,MI,AGL,CE,Towers with Radar,16,17,16,0,49,0,1,66,6,73,16,18,82,6,122,242,0,242,364
03/02/2023,TVC,MI,AGL,CE,Towers with Radar,18,10,9,3,40,0,2,4,3,9,18,12,13,6,49,11,0,11,60
03/03/2023,TVC,MI,AGL,CE,Towers with Radar,14,16,18,1,49,0,1,94,7,102,14,17,112,8,151,188,24,212,363
03/04/2023,TVC,MI,AGL,CE,Towers with Radar,12,15,20,0,47,0,3,75,2,80,12,18,95,2,127,187,0,187,314
03/05/2023,TVC,MI,AGL,CE,Towers with Radar,15,4,19,0,38,0,0,87,1,88,15,4,106,1,126,146,0,146,272
03/06/2023,TVC,MI,AGL,CE,Towers with Radar,17,7,6,0,30,0,0,0,3,3,17,7,6,3,33,10,32,42,75
03/07/2023,TVC,MI,AGL,CE,Towers with Radar,11,7,33,2,53,0,1,132,5,138,11,8,165,7,191,203,0,203,394
03/08/2023,TVC,MI,AGL,CE,Towers with Radar,11,12,30,0,53,0,2,112,1,115,11,14,142,1,168,264,0,264,432
03/09/2023,TVC,MI,AGL,CE,Towers with Radar,17,10,34,2,63,0,0,99,5,104,17,10,133,7,167,214,10,224,391
03/10/2023,TVC,MI,AGL,CE,Towers with Radar,16,14,12,0,42,0,0,1,2,3,16,14,13,2,45,4,0,4,49
03/11/2023,TVC,MI,AGL,CE,Towers with Radar,11,7,20,0,38,0,2,111,3,116,11,9,131,3,154,151,0,151,305
03/12/2023,TVC,MI,AGL,CE,Towers with Radar,17,6,6,0,29,0,0,2,2,4,17,6,8,2,33,16,2,18,51
03/13/2023,TVC,MI,AGL,CE,Towers with Radar,19,6,11,1,37,0,0,1,0,1,19,6,12,1,38,0,0,0,38
03/14/2023,TVC,MI,AGL,CE,Towers with Radar,11,11,30,0,52,0,2,97,6,105,11,13,127,6,157,230,24,254,411
03/15/2023,TVC,MI,AGL,CE,Towers with Radar,13,9,21,3,46,0,4,116,11,131,13,13,137,14,177,133,37,170,347
03/16/2023,TVC,MI,AGL,CE,Towers with Radar,17,7,34,0,58,0,6,79,4,89,17,13,113,4,147,186,18,204,351
03/17/2023,TVC,MI,AGL,CE,Towers with Radar,19,9,4,0,32,0,1,1,3,5,19,10,5,3,37,0,0,0,37
03/18/2023,TVC,MI,AGL,CE,Towers with Radar,14,6,3,0,23,0,0,0,0,0,14,6,3,0,23,0,0,0,23
03/19/2023,TVC,MI,AGL,CE,Towers with Radar,16,1,17,0,34,0,4,39,3,46,16,5,56,3,80,66,0,66,146
03/20/2023,TVC,MI,AGL,CE,Towers with Radar,17,9,32,0,58,0,3,109,7,119,17,12,141,7,177,138,30,168,345
03/21/2023,TVC,MI,AGL,CE,Towers with Radar,13,9,19,2,43,0,1,110,9,120,13,10,129,11,163,158,14,172,335
03/22/2023,TVC,MI,AGL,CE,Towers with Radar,13,10,4,0,27,0,0,8,6,14,13,10,12,6,41,28,58,86,127
03/23/2023,TVC,MI,AGL,CE,Towers with Radar,19,10,16,0,45,0,2,74,4,80,19,12,90,4,125,214,2,216,341
03/24/2023,TVC,MI,AGL,CE,Towers with Radar,17,11,23,0,51,0,5,129,4,138,17,16,152,4,189,249,0,249,438
03/25/2023,TVC,MI,AGL,CE,Towers with Radar,9,2,2,0,13,0,0,0,0,0,9,2,2,0,13,0,0,0,13
03/26/2023,TVC,MI,AGL,CE,Towers with Radar,17,7,19,0,43,0,0,46,2,48,17,7,65,2,91,74,0,74,165
03/27/2023,TVC,MI,AGL,CE,Towers with Radar,16,8,15,0,39,0,2,94,6,102,16,10,109,6,141,232,2,234,375
03/28/2023,TVC,MI,AGL,CE,Towers with Radar,14,9,31,1,55,0,4,117,5,126,14,13,148,6,181,288,16,304,485
03/29/2023,TVC,MI,AGL,CE,Towers with Radar,15,10,5,0,30,0,0,10,3,13,15,10,15,3,43,0,0,0,43
03/30/2023,TVC,MI,AGL,CE,Towers with Radar,19,8,27,0,54,0,0,95,11,106,19,8,122,11,160,174,10,184,344
03/31/2023,TVC,MI,AGL,CE,Towers with Radar,17,5,25,0,47,0,0,0,2,2,17,5,25,2,49,0,0,0,49
04/01/2023,TVC,MI,AGL,CE,Towers with Radar,18,5,4,0,27,0,1,2,0,3,18,6,6,0,30,16,0,16,46
04/02/2023,TVC,MI,AGL,CE,Towers with Radar,17,2,20,0,39,0,1,34,3,38,17,3,54,3,77,32,0,32,109
04/03/2023,TVC,MI,AGL,CE,Towers with Radar,14,12,15,0,41,0,2,88,6,96,14,14,103,6,137,213,26,239,376
04/04/2023,TVC,MI,AGL,CE,Towers with Radar,12,10,16,0,38,0,3,83,2,88,12,13,99,2,126,176,0,176,302
04/05/2023,TVC,MI,AGL,CE,Towers with Radar,16,9,4,1,30,0,0,2,4,6,16,9,6,5,36,2,0,2,38
04/06/2023,TVC,MI,AGL,CE,Towers with Radar,18,19,13,2,52,0,3,0,6,9,18,22,13,8,61,0,2,2,63
04/07/2023,TVC,MI,AGL,CE,Towers with Radar,17,11,31,0,59,0,1,141,2,144,17,12,172,2,203,278,0,278,481
04/08/2023,TVC,MI,AGL,CE,Towers with Radar,14,7,19,0,40,0,0,6,4,10,14,7,25,4,50,0,2,2,52
04/09/2023,TVC,MI,AGL,CE,Towers with Radar,14,2,5,0,21,0,4,35,4,43,14,6,40,4,64,32,10,42,106
04/10/2023,TVC,MI,AGL,CE,Towers with Radar,16,10,21,0,47,0,5,25,9,39,16,15,46,9,86,7,0,7,93
04/11/2023,TVC,MI,AGL,CE,Towers with Radar,14,14,25,0,53,0,7,47,6,60,14,21,72,6,113,99,30,129,242
04/12/2023,TVC,MI,AGL,CE,Towers with Radar,9,7,8,1,25,0,0,32,4,36,9,7,40,5,61,39,36,75,136
04/13/2023,TVC,MI,AGL,CE,Towers with Radar,18,12,28,1,59,0,2,112,3,117,18,14,140,4,176,190,12,202,378
04/14/2023,TVC,MI,AGL,CE,Towers with Radar,19,8,47,1,75,0,0,153,2,155,19,8,200,3,230,214,0,214,444
04/15/2023,TVC,MI,AGL,CE,Towers with Radar,14,7,34,0,55,0,1,74,1,76,14,8,108,1,131,164,0,164,295
04/16/2023,TVC,MI,AGL,CE,Towers with Radar,19,2,13,0,34,0,0,11,1,12,19,2,24,1,46,14,0,14,60
04/17/2023,TVC,MI,AGL,CE,Towers with Radar,19,7,10,0,36,0,1,0,2,3,19,8,10,2,39,0,10,10,49
04/18/2023,TVC,MI,AGL,CE,Towers with Radar,15,12,19,0,46,0,3,35,5,43,15,15,54,5,89,78,10,88,177
04/19/2023,TVC,MI,AGL,CE,Towers with Radar,13,10,19,0,42,0,3,81,1,85,13,13,100,1,127,174,0,174,301
04/20/2023,TVC,MI,AGL,CE,Towers with Radar,19,15,6,1,41,0,2,2,4,8,19,17,8,5,49,0,0,0,49
04/21/2023,TVC,MI,AGL,CE,Towers with Radar,19,20,42,0,81,0,4,81,8,93,19,24,123,8,174,170,27,197,371
04/22/2023,TVC,MI,AGL,CE,Towers with Radar,14,7,21,0,42,0,0,39,3,42,14,7,60,3,84,78,2,80,164
04/23/2023,TVC,MI,AGL,CE,Towers with Radar,18,5,12,0,35,0,2,14,3,19,18,7,26,3,54,20,0,20,74
04/24/2023,TVC,MI,AGL,CE,Towers with Radar,18,12,43,0,73,0,0,96,2,98,18,12,139,2,171,196,4,200,371
04/25/2023,TVC,MI,AGL,CE,Towers with Radar,15,13,17,1,46,0,0,52,4,56,15,13,69,5,102,218,18,236,338
04/26/2023,TVC,MI,AGL,CE,Towers with Radar,14,14,22,0,50,0,3,83,4,90,14,17,105,4,140,268,2,270,410
04/27/2023,TVC,MI,AGL,CE,Towers with Radar,17,15,44,0,76,0,1,117,8,126,17,16,161,8,202,218,10,228,430
04/28/2023,TVC,MI,AGL,CE,Towers with Radar,18,8,41,4,71,0,1,120,4,125,18,9,161,8,196,233,4,237,433
04/29/2023,TVC,MI,AGL,CE,Towers with Radar,12,11,28,0,51,0,0,8,4,12,12,11,36,4,63,40,0,40,103
04/30/2023,TVC,MI,AGL,CE,Towers with Radar,17,1,2,0,20,0,2,7,1,10,17,3,9,1,30,50,12,62,92
05/01/2023,TVC,MI,AGL,CE,Towers with Radar,18,6,5,0,29,0,0,0,0,0,18,6,5,0,29,0,0,0,29
05/02/2023,TVC,MI,AGL,CE,Towers with Radar,14,14,15,0,43,0,0,0,1,1,14,14,15,1,44,0,0,0,44
05/03/2023,TVC,MI,AGL,CE,Towers with Radar,14,14,34,0,62,0,2,26,6,34,14,16,60,6,96,112,4,116,212
05/04/2023,TVC,MI,AGL,CE,Towers with Radar,16,10,37,3,66,0,1,151,14,166,16,11,188,17,232,310,18,328,560
05/05/2023,TVC,MI,AGL,CE,Towers with Radar,21,16,15,0,52,0,1,38,1,40,21,17,53,1,92,76,0,76,168
05/06/2023,TVC,MI,AGL,CE,Towers with Radar,14,14,10,0,38,0,3,43,2,48,14,17,53,2,86,50,0,50,136
05/07/2023,TVC,MI,AGL,CE,Towers with Radar,20,8,29,2,59,0,0,2,0,2,20,8,31,2,61,0,0,0,61
05/08/2023,TVC,MI,AGL,CE,Towers with Radar,20,7,37,4,68,0,1,91,3,95,20,8,128,7,163,130,0,130,293
05/09/2023,TVC,MI,AGL,CE,Towers with Radar,14,16,28,0,58,0,4,128,7,139,14,20,156,7,197,168,54,222,419
05/10/2023,TVC,MI,AGL,CE,Towers with Radar,14,20,41,0,75,0,11,129,0,140,14,31,170,0,215,152,0,152,367
05/11/2023,TVC,MI,AGL,CE,Towers with Radar,16,9,41,0,66,0,2,140,4,146,16,11,181,4,212,182,0,182,394
05/12/2023,TVC,MI,AGL,CE,Towers with Radar,19,16,26,0,61,0,3,118,6,127,19,19,144,6,188,202,14,216,404
05/13/2023,TVC,MI,AGL,CE,Towers with Radar,14,14,21,0,49,0,1,109,2,112,14,15,130,2,161,42,0,42,203
05/14/2023,TVC,MI,AGL,CE,Towers with Radar,13,6,11,0,30,0,2,22,2,26,13,8,33,2,56,22,0,22,78
05/15/2023,TVC,MI,AGL,CE,Towers with Radar,19,14,47,0,80,0,3,114,3,120,19,17,161,3,200,194,0,194,394
05/16/2023,TVC,MI,AGL,CE,Towers with Radar,14,14,41,0,69,0,8,103,6,117,14,22,144,6,186,196,0,196,382
05/17/2023,TVC,MI,AGL,CE,Towers with Radar,13,15,47,0,75,0,8,131,5,144,13,23,178,5,219,242,14,256,475
05/18/2023,TVC,MI,AGL,CE,Towers with Radar,19,9,40,0,68,0,1,125,2,128,19,10,165,2,196,232,0,232,428
05/19/2023,TVC,MI,AGL,CE,Towers with Radar,19,19,23,1,62,0,4,26,2,32,19,23,49,3,94,52,0,52,146
05/20/2023,TVC,MI,AGL,CE,Towers with Radar,16,8,26,0,50,0,0,36,4,40,16,8,62,4,90,22,2,24,114
05/21/2023,TVC,MI,AGL,CE,Towers with Radar,18,4,23,1,46,0,2,76,1,79,18,6,99,2,125,106,20,126,251
05/22/2023,TVC,MI,AGL,CE,Towers with Radar,16,7,47,0,70,0,4,110,3,117,16,11,157,3,187,242,0,242,429
05/23/2023,TVC,MI,AGL,CE,Towers with Radar,15,14,30,0,59,0,0,132,3,135,15,14,162,3,194,229,0,229,423
05/24/2023,TVC,MI,AGL,CE,Towers with Radar,13,14,49,1,77,0,4,102,13,119,13,18,151,14,196,170,2,172,368
05/25/2023,TVC,MI,AGL,CE,Towers with Radar,19,17,42,0,78,0,2,170,2,174,19,19,212,2,252,263,0,263,515
05/26/2023,TVC,MI,AGL,CE,Towers with Radar,18,28,57,1,104,0,6,183,2,191,18,34,240,3,295,197,2,199,494
05/27/2023,TVC,MI,AGL,CE,Towers with Radar,19,19,27,0,65,0,2,78,1,81,19,21,105,1,146,44,0,44,190
05/28/2023,TVC,MI,AGL,CE,Towers with Radar,20,12,17,0,49,0,4,82,2,88,20,16,99,2,137,76,0,76,213
05/29/2023,TVC,MI,AGL,CE,Towers with Radar,14,12,22,0,48,0,3,84,2,89,14,15,106,2,137,132,0,132,269
05/30/2023,TVC,MI,AGL,CE,Towers with Radar,18,11,29,0,58,0,8,134,3,145,18,19,163,3,203,237,0,237,440
05/31/2023,TVC,MI,AGL,CE,Towers with Radar,16,19,26,1,62,0,3,87,5,95,16,22,113,6,157,134,0,134,291
06/01/2023,TVC,MI,AGL,CE,Towers with Radar,20,16,30,1,67,0,4,151,7,162,20,20,181,8,229,240,0,240,469
06/02/2023,TVC,MI,AGL,CE,Towers with Radar,24,22,46,0,92,0,5,133,4,142,24,27,179,4,234,190,0,190,424
06/03/2023,TVC,MI,AGL,CE,Towers with Radar,31,20,26,0,77,0,8,66,4,78,31,28,92,4,155,64,0,64,219
06/04/2023,TVC,MI,AGL,CE,Towers with Radar,32,14,31,2,79,0,1,79,2,82,32,15,110,4,161,96,0,96,257
06/05/2023,TVC,MI,AGL,CE,Towers with Radar,30,14,30,0,74,0,1,119,4,124,30,15,149,4,198,202,0,202,400
06/06/2023,TVC,MI,AGL,CE,Towers with Radar,33,14,27,0,74,0,3,139,9,151,33,17,166,9,225,189,0,189,414
06/07/2023,TVC,MI,AGL,CE,Towers with Radar,31,29,37,0,97,0,0,125,3,128,31,29,162,3,225,190,0,190,415
06/08/2023,TVC,MI,AGL,CE,Towers with Radar,33,20,40,2,95,0,4,132,3,139,33,24,172,5,234,194,0,194,428
06/09/2023,TVC,MI,AGL,CE,Towers with Radar,33,14,42,0,89,0,5,141,7,153,33,19,183,7,242,204,0,204,446
06/10/2023,TVC,MI,AGL,CE,Towers with Radar,38,13,36,0,87,0,0,50,5,55,38,13,86,5,142,26,0,26,168
06/11/2023,TVC,MI,AGL,CE,Towers with Radar,37,19,27,1,84,0,0,11,0,11,37,19,38,1,95,16,0,16,111
06/12/2023,TVC,MI,AGL,CE,Towers with Radar,34,24,41,0,99,0,5,75,4,84,34,29,116,4,183,140,0,140,323
06/13/2023,TVC,MI,AGL,CE,Towers with Radar,32,23,52,0,107,0,2,13,10,25,32,25,65,10,132,59,0,59,191
06/14/2023,TVC,MI,AGL,CE,Towers with Radar,32,19,63,4,118,0,2,84,3,89,32,21,147,7,207,145,0,145,352
06/15/2023,TVC,MI,AGL,CE,Towers with Radar,37,22,36,2,97,0,0,0,0,0,37,22,36,2,97,0,0,0,97
06/16/2023,TVC,MI,AGL,CE,Towers with Radar,35,27,53,0,115,0,9,82,4,95,35,36,135,4,210,206,0,206,416
06/17/2023,TVC,MI,AGL,CE,Towers with Radar,42,16,30,0,88,0,2,107,4,113,42,18,137,4,201,104,0,104,305
06/18/2023,TVC,MI,AGL,CE,Towers with Radar,37,18,15,0,70,0,4,75,2,81,37,22,90,2,151,8,0,8,159
06/19/2023,TVC,MI,AGL,CE,Towers with Radar,33,12,38,1,84,0,2,133,2,137,33,14,171,3,221,240,0,240,461
06/20/2023,TVC,MI,AGL,CE,Towers with Radar,32,18,41,2,93,0,1,125,2,128,32,19,166,4,221,142,8,150,371
06/21/2023,TVC,MI,AGL,CE,Towers with Radar,31,29,40,2,102,0,1,177,4,182,31,30,217,6,284,225,0,225,509
06/22/2023,TVC,MI,AGL,CE,Towers with Radar,36,28,49,1,114,0,8,107,1,116,36,36,156,2,230,104,0,104,334
06/23/2023,TVC,MI,AGL,CE,Towers with Radar,35,34,57,0,126,0,1,107,4,112,35,35,164,4,238,144,0,144,382
06/24/2023,TVC,MI,AGL,CE,Towers with Radar,49,32,23,0,104,1,5,81,0,87,50,37,104,0,191,32,0,32,223
06/25/2023,TVC,MI,AGL,CE,Towers with Radar,36,33,36,0,105,0,0,22,2,24,36,33,58,2,129,26,0,26,155
06/26/2023,TVC,MI,AGL,CE,Towers with Radar,31,17,44,6,98,0,0,5,2,7,31,17,49,8,105,0,0,0,105
06/27/2023,TVC,MI,AGL,CE,Towers with Radar,29,30,60,5,124,0,0,0,0,0,29,30,60,5,124,0,0,0,124
06/28/2023,TVC,MI,AGL,CE,Towers with Radar,32,23,56,0,111,0,2,167,6,175,32,25,223,6,286,164,0,164,450
06/29/2023,TVC,MI,AGL,CE,Towers with Radar,36,32,37,10,115,0,0,5,1,6,36,32,42,11,121,4,0,4,125
06/30/2023,TVC,MI,AGL,CE,Towers with Radar,33,30,55,0,118,0,9,66,9,84,33,39,121,9,202,110,0,110,312
07/01/2023,TVC,MI,AGL,CE,Towers with Radar,46,26,33,0,105,0,5,52,19,76,46,31,85,19,181,42,2,44,225
07/02/2023,TVC,MI,AGL,CE,Towers with Radar,40,10,28,0,78,0,16,36,10,62,40,26,64,10,140,12,0,12,152
07/03/2023,TVC,MI,AGL,CE,Towers with Radar,35,17,40,3,95,0,9,142,2,153,35,26,182,5,248,104,0,104,352
07/04/2023,TVC,MI,AGL,CE,Towers with Radar,31,11,11,0,53,0,1,70,1,72,31,12,81,1,125,18,0,18,143
07/05/2023,TVC,MI,AGL,CE,Towers with Radar,38,20,34,1,93,0,0,105,2,107,38,20,139,3,200,84,0,84,284
07/06/2023,TVC,MI,AGL,CE,Towers with Radar,46,17,48,4,115,0,4,87,4,95,46,21,135,8,210,108,14,122,332
07/07/2023,TVC,MI,AGL,CE,Towers with Radar,40,36,39,0,115,0,5,163,2,170,40,41,202,2,285,136,0,136,421
07/08/2023,TVC,MI,AGL,CE,Towers with Radar,51,26,46,0,123,0,0,103,7,110,51,26,149,7,233,178,0,178,411
07/09/2023,TVC,MI,AGL,CE,Towers with Radar,42,41,54,0,137,0,2,95,3,100,42,43,149,3,237,46,0,46,283
07/10/2023,TVC,MI,AGL,CE,Towers with Radar,39,14,34,0,87,0,4,59,8,71,39,18,93,8,158,47,12,59,217
07/11/2023,TVC,MI,AGL,CE,Towers with Radar,30,16,37,0,83,0,0,128,10,138,30,16,165,10,221,176,26,202,423
07/12/2023,TVC,MI,AGL,CE,Towers with Radar,33,23,48,0,104,0,3,140,6,149,33,26,188,6,253,180,0,180,433
07/13/2023,TVC,MI,AGL,CE,Towers with Radar,39,29,64,0,132,0,0,155,8,163,39,29,219,8,295,274,16,290,585
07/14/2023,TVC,MI,AGL,CE,Towers with Radar,32,26,53,1,112,0,7,77,4,88,32,33,130,5,200,77,0,77,277
07/15/2023,TVC,MI,AGL,CE,Towers with Radar,49,20,26,0,95,0,27,69,0,96,49,47,95,0,191,120,0,120,311
07/16/2023,TVC,MI,AGL,CE,Towers with Radar,39,32,57,0,128,0,5,52,4,61,39,37,109,4,189,62,0,62,251
07/17/2023,TVC,MI,AGL,CE,Towers with Radar,36,34,44,0,114,0,2,107,2,111,36,36,151,2,225,140,0,140,365
07/18/2023,TVC,MI,AGL,CE,Towers with Radar,36,20,33,1,90,0,2,135,5,142,36,22,168,6,232,191,8,199,431
07/19/2023,TVC,MI,AGL,CE,Towers with Radar,37,16,36,1,90,0,2,139,5,146,37,18,175,6,236,183,4,187,423
07/20/2023,TVC,MI,AGL,CE,Towers with Radar,40,29,43,1,113,1,3,43,0,47,41,32,86,1,160,138,0,138,298
07/21/2023,TVC,MI,AGL,CE,Towers with Radar,38,30,51,0,119,0,5,154,3,162,38,35,205,3,281,140,0,140,421
07/22/2023,TVC,MI,AGL,CE,Towers with Radar,51,26,25,1,103,0,21,119,2,142,51,47,144,3,245,62,0,62,307
07/23/2023,TVC,MI,AGL,CE,Towers with Radar,43,33,43,1,120,0,8,54,2,64,43,41,97,3,184,58,0,58,242
07/24/2023,TVC,MI,AGL,CE,Towers with Radar,39,26,54,9,128,0,3,117,4,124,39,29,171,13,252,156,2,158,410
07/25/2023,TVC,MI,AGL,CE,Towers with Radar,35,30,41,0,106,0,5,122,9,136,35,35,163,9,242,231,0,231,473
07/26/2023,TVC,MI,AGL,CE,Towers with Radar,35,25,41,3,104,0,3,23,3,29,35,28,64,6,133,108,0,108,241
07/27/2023,TVC,MI,AGL,CE,Towers with Radar,38,39,64,1,142,0,5,60,4,69,38,44,124,5,211,86,0,86,297
07/28/2023,TVC,MI,AGL,CE,Towers with Radar,41,27,51,5,124,0,2,110,9,121,41,29,161,14,245,164,0,164,409
07/29/2023,TVC,MI,AGL,CE,Towers with Radar,50,41,26,6,123,0,2,78,3,83,50,43,104,9,206,78,3,81,287
07/30/2023,TVC,MI,AGL,CE,Towers with Radar,44,28,46,3,121,0,6,100,11,117,44,34,146,14,238,54,10,64,302
07/31/2023,TVC,MI,AGL,CE,Towers with Radar,40,22,36,3,101,0,2,132,1,135,40,24,168,4,236,110,0,110,346
08/01/2023,TVC,MI,AGL,CE,Towers with Radar,37,34,50,4,125,0,2,127,7,136,37,36,177,11,261,241,0,241,502
08/02/2023,TVC,MI,AGL,CE,Towers with Radar,37,30,23,5,95,0,1,50,3,54,37,31,73,8,149,60,0,60,209
08/03/2023,TVC,MI,AGL,CE,Towers with Radar,39,18,39,7,103,0,3,126,0,129,39,21,165,7,232,163,0,163,395
08/04/2023,TVC,MI,AGL,CE,Towers with Radar,39,39,60,4,142,0,3,101,7,111,39,42,161,11,253,158,0,158,411
08/05/2023,TVC,MI,AGL,CE,Towers with Radar,53,34,34,1,122,0,3,106,1,110,53,37,140,2,232,40,0,40,272
08/06/2023,TVC,MI,AGL,CE,Towers with Radar,44,39,52,4,139,0,6,51,4,61,44,45,103,8,200,12,0,12,212
08/07/2023,TVC,MI,AGL,CE,Towers with Radar,41,44,45,1,131,0,12,82,7,101,41,56,127,8,232,94,36,130,362
08/08/2023,TVC,MI,AGL,CE,Towers with Radar,35,23,33,1,92,0,5,132,10,147,35,28,165,11,239,174,6,180,419
08/09/2023,TVC,MI,AGL,CE,Towers with Radar,37,22,41,3,103,0,3,129,2,134,37,25,170,5,237,94,0,94,331
08/10/2023,TVC,MI,AGL,CE,Towers with Radar,38,24,41,3,106,0,0,85,8,93,38,24,126,11,199,110,8,118,317
08/11/2023,TVC,MI,AGL,CE,Towers with Radar,38,34,40,0,112,0,2,47,4,53,38,36,87,4,165,82,0,82,247
08/12/2023,TVC,MI,AGL,CE,Towers with Radar,51,32,16,0,99,0,4,56,6,66,51,36,72,6,165,16,6,22,187
08/13/2023,TVC,MI,AGL,CE,Towers with Radar,45,53,67,0,165,0,10,36,4,50,45,63,103,4,215,52,18,70,285
08/14/2023,TVC,MI,AGL,CE,Towers with Radar,35,22,32,3,92,0,10,72,8,90,35,32,104,11,182,172,20,192,374
08/15/2023,TVC,MI,AGL,CE,Towers with Radar,36,21,47,0,104,0,2,135,9,146,36,23,182,9,250,166,4,170,420
08/16/2023,TVC,MI,AGL,CE,Towers with Radar,39,24,35,2,100,0,3,82,5,90,39,27,117,7,190,128,0,128,318
08/17/2023,TVC,MI,AGL,CE,Towers with Radar,37,22,20,0,79,0,6,12,7,25,37,28,32,7,104,0,0,0,104
08/18/2023,TVC,MI,AGL,CE,Towers with Radar,48,36,30,0,114,0,10,85,3,98,48,46,115,3,212,120,0,120,332
08/19/2023,TVC,MI,AGL,CE,Towers with Radar,48,23,38,0,109,0,6,80,10,96,48,29,118,10,205,46,0,46,251
08/20/2023,TVC,MI,AGL,CE,Towers with Radar,40,27,34,0,101,0,3,50,0,53,40,30,84,0,154,46,8,54,208
08/21/2023,TVC,MI,AGL,CE,Towers with Radar,43,17,58,0,118,0,7,140,3,150,43,24,198,3,268,146,0,146,414
08/22/2023,TVC,MI,AGL,CE,Towers with Radar,38,30,38,0,106,0,0,27,7,34,38,30,65,7,140,66,0,66,206
08/23/2023,TVC,MI,AGL,CE,Towers with Radar,40,23,43,0,106,0,1,3,0,4,40,24,46,0,110,0,0,0,110
08/24/2023,TVC,MI,AGL,CE,Towers with Radar,36,17,41,0,94,0,0,0,0,0,36,17,41,0,94,0,0,0,94
08/25/2023,TVC,MI,AGL,CE,Towers with Radar,38,33,58,0,129,0,1,37,2,40,38,34,95,2,169,101,12,113,282
08/26/2023,TVC,MI,AGL,CE,Towers with Radar,48,16,25,0,89,0,0,67,4,71,48,16,92,4,160,40,0,40,200
08/27/2023,TVC,MI,AGL,CE,Towers with Radar,43,22,36,1,102,0,2,80,4,86,43,24,116,5,188,80,0,80,268
08/28/2023,TVC,MI,AGL,CE,Towers with Radar,39,10,39,0,88,0,5,170,2,177,39,15,209,2,265,198,6,204,469
08/29/2023,TVC,MI,AGL,CE,Towers with Radar,37,13,31,0,81,0,2,9,6,17,37,15,40,6,98,16,20,36,134
08/30/2023,TVC,MI,AGL,CE,Towers with Radar,39,15,47,1,102,0,3,149,6,158,39,18,196,7,260,198,18,216,476
08/31/2023,TVC,MI,AGL,CE,Towers with Radar,38,28,33,0,99,0,1,178,3,182,38,29,211,3,281,224,0,224,505
