01/01/2000,TWF,ID,ANM,WE,Combination Non-Radar Approach Control & Tower w/o Radar,4,26,7,0,37,0,4,38,0,42,4,30,45,0,79,24,0,24,103
01/02/2000,TWF,ID,ANM,WE,Combination Non-Radar Approach Control & Tower w/o Radar,0,23,20,0,43,0,0,0,0,0,0,23,20,0,43,0,0,0,43
01/03/2000,TWF,ID,ANM,WE,Combination Non-Radar Approach Control & Tower w/o Radar,0,27,0,4,31,0,5,24,2,31,0,32,24,6,62,32,0,32,94
01/04/2000,TWF,ID,ANM,WE,Combination Non-Radar Approach Control & Tower w/o Radar,0,50,24,3,77,0,8,4,11,23,0,58,28,14,100,10,0,10,110
01/05/2000,TWF,ID,ANM,WE,Combination Non-Radar Approach Control & Tower w/o Radar,0,24,6,6,36,0,5,20,38,63,0,29,26,44,99,6,0,6,105
01/06/2000,TWF,ID,ANM,WE,Combination Non-Radar Approach Control & Tower w/o Radar,2,21,8,3,34,0,9,43,12,64,2,30,51,15,98,50,0,50,148
01/07/2000,TWF,ID,ANM,WE,Combination Non-Radar Approach Control & Tower w/o Radar,0,32,13,0,45,0,0,7,0,7,0,32,20,0,52,6,0,6,58
01/08/2000,TWF,ID,ANM,WE,Combination Non-Radar Approach Control & Tower w/o Radar,1,34,14,0,49,3,4,6,0,13,4,38,20,0,62,0,0,0,62
01/09/2000,TWF,ID,ANM,WE,Combination Non-Radar Approach Control & Tower w/o Radar,0,29,14,0,43,0,5,9,0,14,0,34,23,0,57,22,0,22,79
01/10/2000,TWF,ID,ANM,WE,Combination Non-Radar Approach Control & Tower w/o Radar,0,41,10,0,51,0,0,3,0,3,0,41,13,0,54,0,0,0,54
01/11/2000,TWF,ID,ANM,WE,Combination Non-Radar Approach Control & Tower w/o Radar,0,42,15,0,57,0,3,6,0,9,0,45,21,0,66,2,0,2,68
01/12/2000,TWF,ID,ANM,WE,Combination Non-Radar Approach Control & Tower w/o Radar,0,37,16,3,56,0,0,16,33,49,0,37,32,36,105,8,0,8,113
01/13/2000,TWF,ID,ANM,WE,Combination Non-Radar Approach Control & Tower w/o Radar,2,43,16,0,61,0,3,10,0,13,2,46,26,0,74,0,0,0,74
01/14/2000,TWF,ID,ANM,WE,Combination Non-Radar Approach Control & Tower w/o Radar,0,20,10,0,30,0,6,24,0,30,0,26,34,0,60,26,0,26,86
01/15/2000,TWF,ID,ANM,WE,Combination Non-Radar Approach Control & Tower w/o Radar,4,34,22,0,60,0,3,36,0,39,4,37,58,0,99,56,0,56,155
01/16/2000,TWF,ID,ANM,WE,Combination Non-Radar Approach Control & Tower w/o Radar,0,23,2,0,25,0,1,6,0,7,0,24,8,0,32,2,0,2,34
01/17/2000,TWF,ID,ANM,WE,Combination Non-Radar Approach Control & Tower w/o Radar,0,21,13,0,34,0,7,36,0,43,0,28,49,0,77,54,0,54,131
01/18/2000,TWF,ID,ANM,WE,Combination Non-Radar Approach Control & Tower w/o Radar,0,36,12,2,50,0,2,13,0,15,0,38,25,2,65,36,0,36,101
01/19/2000,TWF,ID,ANM,WE,Combination Non-Radar Approach Control & Tower w/o Radar,0,32,19,6,57,0,5,38,38,81,0,37,57,44,138,54,0,54,192
01/20/2000,TWF,ID,ANM,WE,Combination Non-Radar Approach Control & Tower w/o Radar,2,33,10,6,51,0,7,20,12,39,2,40,30,18,90,24,0,24,114
01/21/2000,TWF,ID,ANM,WE,Combination Non-Radar Approach Control & Tower w/o Radar,0,26,17,3,46,0,3,17,9,29,0,29,34,12,75,22,0,22,97
01/22/2000,TWF,ID,ANM,WE,Combination Non-Radar Approach Control & Tower w/o Radar,4,22,8,0,34,0,0,11,0,11,4,22,19,0,45,22,0,22,67
01/23/2000,TWF,ID,ANM,WE,Combination Non-Radar Approach Control & Tower w/o Radar,0,14,11,0,25,0,0,36,0,36,0,14,47,0,61,30,0,30,91
01/24/2000,TWF,ID,ANM,WE,Combination Non-Radar Approach Control & Tower w/o Radar,0,29,5,0,34,0,4,4,0,8,0,33,9,0,42,0,0,0,42
01/25/2000,TWF,ID,ANM,WE,Combination Non-Radar Approach Control & Tower w/o Radar,0,40,16,7,63,0,2,17,7,26,0,42,33,14,89,4,12,16,105
01/26/2000,TWF,ID,ANM,WE,Combination Non-Radar Approach Control & Tower w/o Radar,0,33,11,0,44,0,3,5,0,8,0,36,16,0,52,0,0,0,52
01/27/2000,TWF,ID,ANM,WE,Combination Non-Radar Approach Control & Tower w/o Radar,2,30,7,0,39,0,5,24,0,29,2,35,31,0,68,10,0,10,78
01/28/2000,TWF,ID,ANM,WE,Combination Non-Radar Approach Control & Tower w/o Radar,0,27,18,5,50,0,6,40,9,55,0,33,58,14,105,44,0,44,149
01/29/2000,TWF,ID,ANM,WE,Combination Non-Radar Approach Control & Tower w/o Radar,4,22,9,0,35,0,1,64,0,65,4,23,73,0,100,28,0,28,128
01/30/2000,TWF,ID,ANM,WE,Combination Non-Radar Approach Control & Tower w/o Radar,0,12,6,0,18,0,3,30,0,33,0,15,36,0,51,6,0,6,57
01/31/2000,TWF,ID,ANM,WE,Combination Non-Radar Approach Control & Tower w/o Radar,0,44,25,6,75,0,8,5,6,19,0,52,30,12,94,12,0,12,106
02/01/2000,TWF,ID,ANM,WE,Combination Non-Radar Approach Control & Tower w/o Radar,0,35,8,7,50,0,7,26,27,60,0,42,34,34,110,16,16,32,142
02/02/2000,TWF,ID,ANM,WE,Combination Non-Radar Approach Control & Tower w/o Radar,0,23,10,5,38,0,0,35,11,46,0,23,45,16,84,22,0,22,106
02/03/2000,TWF,ID,ANM,WE,Combination Non-Radar Approach Control & Tower w/o Radar,2,23,18,0,43,0,10,30,0,40,2,33,48,0,83,20,0,20,103
02/04/2000,TWF,ID,ANM,WE,Combination Non-Radar Approach Control & Tower w/o Radar,0,19,13,0,32,0,8,40,0,48,0,27,53,0,80,44,0,44,124
02/05/2000,TWF,ID,ANM,WE,Combination Non-Radar Approach Control & Tower w/o Radar,4,23,11,0,38,0,4,39,0,43,4,27,50,0,81,46,0,46,127
02/06/2000,TWF,ID,ANM,WE,Combination Non-Radar Approach Control & Tower w/o Radar,0,12,9,0,21,0,4,29,0,33,0,16,38,0,54,38,0,38,92
02/07/2000,TWF,ID,ANM,WE,Combination Non-Radar Approach Control & Tower w/o Radar,0,20,6,0,26,0,5,31,0,36,0,25,37,0,62,20,0,20,82
02/08/2000,TWF,ID,ANM,WE,Combination Non-Radar Approach Control & Tower w/o Radar,0,24,11,0,35,0,7,17,0,24,0,31,28,0,59,24,0,24,83
02/09/2000,TWF,ID,ANM,WE,Combination Non-Radar Approach Control & Tower w/o Radar,0,26,5,0,31,0,9,8,0,17,0,35,13,0,48,40,0,40,88
02/10/2000,TWF,ID,ANM,WE,Combination Non-Radar Approach Control & Tower w/o Radar,2,29,18,8,57,0,6,24,4,34,2,35,42,12,91,22,4,26,117
02/11/2000,TWF,ID,ANM,WE,Combination Non-Radar Approach Control & Tower w/o Radar,0,51,20,4,75,0,3,7,14,24,0,54,27,18,99,34,0,34,133
02/12/2000,TWF,ID,ANM,WE,Combination Non-Radar Approach Control & Tower w/o Radar,6,47,23,0,76,0,2,2,0,4,6,49,25,0,80,0,0,0,80
02/13/2000,TWF,ID,ANM,WE,Combination Non-Radar Approach Control & Tower w/o Radar,0,38,26,0,64,0,4,8,0,12,0,42,34,0,76,0,0,0,76
02/14/2000,TWF,ID,ANM,WE,Combination Non-Radar Approach Control & Tower w/o Radar,0,51,14,0,65,0,3,5,0,8,0,54,19,0,73,0,0,0,73
02/15/2000,TWF,ID,ANM,WE,Combination Non-Radar Approach Control & Tower w/o Radar,0,39,10,0,49,0,12,5,0,17,0,51,15,0,66,34,0,34,100
02/16/2000,TWF,ID,ANM,WE,Combination Non-Radar Approach Control & Tower w/o Radar,0,32,10,0,42,0,9,25,0,34,0,41,35,0,76,26,0,26,102
02/17/2000,TWF,ID,ANM,WE,Combination Non-Radar Approach Control & Tower w/o Radar,2,38,4,5,49,0,0,8,1,9,2,38,12,6,58,22,0,22,80
02/18/2000,TWF,ID,ANM,WE,Combination Non-Radar Approach Control & Tower w/o Radar,0,20,7,5,32,0,14,39,9,62,0,34,46,14,94,26,8,34,128
02/19/2000,TWF,ID,ANM,WE,Combination Non-Radar Approach Control & Tower w/o Radar,4,18,13,0,35,0,0,35,0,35,4,18,48,0,70,18,0,18,88
02/20/2000,TWF,ID,ANM,WE,Combination Non-Radar Approach Control & Tower w/o Radar,0,10,2,0,12,0,3,16,0,19,0,13,18,0,31,0,0,0,31
02/21/2000,TWF,ID,ANM,WE,Combination Non-Radar Approach Control & Tower w/o Radar,0,20,7,0,27,0,5,29,0,34,0,25,36,0,61,8,0,8,69
02/22/2000,TWF,ID,ANM,WE,Combination Non-Radar Approach Control & Tower w/o Radar,0,38,23,0,61,0,6,40,0,46,0,44,63,0,107,28,0,28,135
02/23/2000,TWF,ID,ANM,WE,Combination Non-Radar Approach Control & Tower w/o Radar,0,49,16,0,65,0,0,6,0,6,0,49,22,0,71,4,0,4,75
02/24/2000,TWF,ID,ANM,WE,Combination Non-Radar Approach Control & Tower w/o Radar,2,67,30,0,99,0,0,14,0,14,2,67,44,0,113,4,0,4,117
02/25/2000,TWF,ID,ANM,WE,Combination Non-Radar Approach Control & Tower w/o Radar,0,35,17,0,52,0,2,14,0,16,0,37,31,0,68,20,0,20,88
02/26/2000,TWF,ID,ANM,WE,Combination Non-Radar Approach Control & Tower w/o Radar,2,46,39,0,87,0,15,1,0,16,2,61,40,0,103,0,10,10,113
02/27/2000,TWF,ID,ANM,WE,Combination Non-Radar Approach Control & Tower w/o Radar,0,21,9,0,30,0,1,8,6,15,0,22,17,6,45,10,42,52,97
02/28/2000,TWF,ID,ANM,WE,Combination Non-Radar Approach Control & Tower w/o Radar,0,26,7,0,33,0,7,15,0,22,0,33,22,0,55,4,0,4,59
02/29/2000,TWF,ID,ANM,WE,Combination Non-Radar Approach Control & Tower w/o Radar,0,30,13,0,43,0,0,9,0,9,0,30,22,0,52,18,0,18,70
03/01/2000,TWF,ID,ANM,WE,Combination Non-Radar Approach Control & Tower w/o Radar,0,36,18,0,54,0,1,30,0,31,0,37,48,0,85,44,0,44,129
03/02/2000,TWF,ID,ANM,WE,Combination Non-Radar Approach Control & Tower w/o Radar,2,19,25,0,46,0,9,48,0,57,2,28,73,0,103,48,0,48,151
03/03/2000,TWF,ID,ANM,WE,Combination Non-Radar Approach Control & Tower w/o Radar,0,28,7,1,36,0,5,31,0,36,0,33,38,1,72,12,0,12,84
03/04/2000,TWF,ID,ANM,WE,Combination Non-Radar Approach Control & Tower w/o Radar,2,14,11,0,27,0,3,45,0,48,2,17,56,0,75,8,0,8,83
03/05/2000,TWF,ID,ANM,WE,Combination Non-Radar Approach Control & Tower w/o Radar,0,16,9,0,25,0,2,26,0,28,0,18,35,0,53,10,0,10,63
03/06/2000,TWF,ID,ANM,WE,Combination Non-Radar Approach Control & Tower w/o Radar,0,27,9,0,36,0,8,7,0,15,0,35,16,0,51,12,0,12,63
03/07/2000,TWF,ID,ANM,WE,Combination Non-Radar Approach Control & Tower w/o Radar,0,22,15,0,37,0,9,27,0,36,0,31,42,0,73,68,0,68,141
03/08/2000,TWF,ID,ANM,WE,Combination Non-Radar Approach Control & Tower w/o Radar,0,29,18,0,47,0,2,7,0,9,0,31,25,0,56,42,0,42,98
03/09/2000,TWF,ID,ANM,WE,Combination Non-Radar Approach Control & Tower w/o Radar,2,47,16,0,65,0,1,2,0,3,2,48,18,0,68,10,0,10,78
03/10/2000,TWF,ID,ANM,WE,Combination Non-Radar Approach Control & Tower w/o Radar,0,22,23,7,52,0,7,41,7,55,0,29,64,14,107,24,0,24,131
03/11/2000,TWF,ID,ANM,WE,Combination Non-Radar Approach Control & Tower w/o Radar,0,25,10,3,38,0,5,35,1,41,0,30,45,4,79,4,14,18,97
03/12/2000,TWF,ID,ANM,WE,Combination Non-Radar Approach Control & Tower w/o Radar,0,9,15,5,29,0,5,54,11,70,0,14,69,16,99,80,0,80,179
03/13/2000,TWF,ID,ANM,WE,Combination Non-Radar Approach Control & Tower w/o Radar,0,23,10,0,33,0,5,38,0,43,0,28,48,0,76,64,0,64,140
03/14/2000,TWF,ID,ANM,WE,Combination Non-Radar Approach Control & Tower w/o Radar,0,25,5,2,32,0,12,16,0,28,0,37,21,2,60,30,0,30,90
03/15/2000,TWF,ID,ANM,WE,Combination Non-Radar Approach Control & Tower w/o Radar,0,18,11,4,33,0,8,39,4,51,0,26,50,8,84,30,0,30,114
03/16/2000,TWF,ID,ANM,WE,Combination Non-Radar Approach Control & Tower w/o Radar,2,31,24,0,57,0,1,13,0,14,2,32,37,0,71,12,0,12,83
03/17/2000,TWF,ID,ANM,WE,Combination Non-Radar Approach Control & Tower w/o Radar,0,25,12,3,40,0,6,36,17,59,0,31,48,20,99,4,0,4,103
03/18/2000,TWF,ID,ANM,WE,Combination Non-Radar Approach Control & Tower w/o Radar,0,17,21,0,38,0,3,73,0,76,0,20,94,0,114,50,0,50,164
03/19/2000,TWF,ID,ANM,WE,Combination Non-Radar Approach Control & Tower w/o Radar,1,26,6,0,33,0,1,3,0,4,1,27,9,0,37,0,0,0,37
03/20/2000,TWF,ID,ANM,WE,Combination Non-Radar Approach Control & Tower w/o Radar,0,19,10,0,29,2,9,10,0,21,2,28,20,0,50,2,0,2,52
03/21/2000,TWF,ID,ANM,WE,Combination Non-Radar Approach Control & Tower w/o Radar,0,20,9,0,29,0,11,37,0,48,0,31,46,0,77,66,0,66,143
03/22/2000,TWF,ID,ANM,WE,Combination Non-Radar Approach Control & Tower w/o Radar,0,19,7,4,30,0,11,49,24,84,0,30,56,28,114,62,0,62,176
03/23/2000,TWF,ID,ANM,WE,Combination Non-Radar Approach Control & Tower w/o Radar,2,30,3,0,35,0,6,9,0,15,2,36,12,0,50,0,0,0,50
03/24/2000,TWF,ID,ANM,WE,Combination Non-Radar Approach Control & Tower w/o Radar,0,20,15,0,35,0,13,42,0,55,0,33,57,0,90,72,0,72,162
03/25/2000,TWF,ID,ANM,WE,Combination Non-Radar Approach Control & Tower w/o Radar,0,18,12,0,30,0,5,38,0,43,0,23,50,0,73,18,0,18,91
03/26/2000,TWF,ID,ANM,WE,Combination Non-Radar Approach Control & Tower w/o Radar,0,9,8,0,17,0,4,36,0,40,0,13,44,0,57,0,0,0,57
03/27/2000,TWF,ID,ANM,WE,Combination Non-Radar Approach Control & Tower w/o Radar,0,22,8,0,30,0,6,27,0,33,0,28,35,0,63,64,0,64,127
03/28/2000,TWF,ID,ANM,WE,Combination Non-Radar Approach Control & Tower w/o Radar,0,26,2,3,31,0,6,6,3,15,0,32,8,6,46,0,0,0,46
03/29/2000,TWF,ID,ANM,WE,Combination Non-Radar Approach Control & Tower w/o Radar,0,26,4,0,30,0,3,26,0,29,0,29,30,0,59,46,0,46,105
03/30/2000,TWF,ID,ANM,WE,Combination Non-Radar Approach Control & Tower w/o Radar,0,24,4,8,36,0,8,32,3,43,0,32,36,11,79,4,14,18,97
03/31/2000,TWF,ID,ANM,WE,Combination Non-Radar Approach Control & Tower w/o Radar,0,19,8,2,29,0,11,42,2,55,0,30,50,4,84,30,0,30,114
04/01/2000,TWF,ID,ANM,WE,Combination Non-Radar Approach Control & Tower w/o Radar,0,16,2,0,18,0,7,38,0,45,0,23,40,0,63,4,0,4,67
04/02/2000,TWF,ID,ANM,WE,Combination Non-Radar Approach Control & Tower w/o Radar,0,12,3,0,15,0,4,14,0,18,0,16,17,0,33,2,0,2,35
04/03/2000,TWF,ID,ANM,WE,Combination Non-Radar Approach Control & Tower w/o Radar,0,19,6,0,25,0,11,31,0,42,0,30,37,0,67,30,0,30,97
04/04/2000,TWF,ID,ANM,WE,Combination Non-Radar Approach Control & Tower w/o Radar,0,22,5,0,27,0,6,32,0,38,0,28,37,0,65,52,0,52,117
04/05/2000,TWF,ID,ANM,WE,Combination Non-Radar Approach Control & Tower w/o Radar,0,21,2,7,30,0,13,24,29,66,0,34,26,36,96,28,19,47,143
04/06/2000,TWF,ID,ANM,WE,Combination Non-Radar Approach Control & Tower w/o Radar,2,24,6,6,38,0,5,12,6,23,2,29,18,12,61,0,0,0,61
04/07/2000,TWF,ID,ANM,WE,Combination Non-Radar Approach Control & Tower w/o Radar,0,18,4,1,23,0,15,54,1,70,0,33,58,2,93,70,0,70,163
04/08/2000,TWF,ID,ANM,WE,Combination Non-Radar Approach Control & Tower w/o Radar,0,16,3,0,19,0,2,46,0,48,0,18,49,0,67,48,0,48,115
04/09/2000,TWF,ID,ANM,WE,Combination Non-Radar Approach Control & Tower w/o Radar,0,27,6,0,33,0,4,4,0,8,0,31,10,0,41,2,0,2,43
04/10/2000,TWF,ID,ANM,WE,Combination Non-Radar Approach Control & Tower w/o Radar,0,19,7,0,26,0,9,15,0,24,0,28,22,0,50,28,0,28,78
04/11/2000,TWF,ID,ANM,WE,Combination Non-Radar Approach Control & Tower w/o Radar,0,24,4,1,29,0,12,23,1,36,0,36,27,2,65,18,0,18,83
04/12/2000,TWF,ID,ANM,WE,Combination Non-Radar Approach Control & Tower w/o Radar,0,22,8,2,32,0,12,48,0,60,0,34,56,2,92,36,0,36,128
04/13/2000,TWF,ID,ANM,WE,Combination Non-Radar Approach Control & Tower w/o Radar,2,24,8,0,34,0,6,27,0,33,2,30,35,0,67,76,0,76,143
04/14/2000,TWF,ID,ANM,WE,Combination Non-Radar Approach Control & Tower w/o Radar,0,21,7,0,28,0,7,9,0,16,0,28,16,0,44,12,0,12,56
04/15/2000,TWF,ID,ANM,WE,Combination Non-Radar Approach Control & Tower w/o Radar,0,16,7,0,23,0,6,45,0,51,0,22,52,0,74,94,0,94,168
04/16/2000,TWF,ID,ANM,WE,Combination Non-Radar Approach Control & Tower w/o Radar,0,15,1,0,16,0,3,14,33,50,0,18,15,33,66,22,0,22,88
04/17/2000,TWF,ID,ANM,WE,Combination Non-Radar Approach Control & Tower w/o Radar,2,25,2,0,29,0,9,42,0,51,2,34,44,0,80,90,0,90,170
04/18/2000,TWF,ID,ANM,WE,Combination Non-Radar Approach Control & Tower w/o Radar,0,35,13,0,48,0,3,22,0,25,0,38,35,0,73,6,0,6,79
04/19/2000,TWF,ID,ANM,WE,Combination Non-Radar Approach Control & Tower w/o Radar,0,28,16,0,44,0,10,22,0,32,0,38,38,0,76,72,0,72,148
04/20/2000,TWF,ID,ANM,WE,Combination Non-Radar Approach Control & Tower w/o Radar,2,21,5,0,28,0,4,36,0,40,2,25,41,0,68,42,0,42,110
04/21/2000,TWF,ID,ANM,WE,Combination Non-Radar Approach Control & Tower w/o Radar,0,23,8,1,32,0,10,45,1,56,0,33,53,2,88,78,0,78,166
04/22/2000,TWF,ID,ANM,WE,Combination Non-Radar Approach Control & Tower w/o Radar,0,13,2,0,15,0,4,45,0,49,0,17,47,0,64,42,0,42,106
04/23/2000,TWF,ID,ANM,WE,Combination Non-Radar Approach Control & Tower w/o Radar,0,12,2,0,14,0,1,15,0,16,0,13,17,0,30,0,0,0,30
04/24/2000,TWF,ID,ANM,WE,Combination Non-Radar Approach Control & Tower w/o Radar,0,27,2,0,29,0,17,39,2,58,0,44,41,2,87,36,0,36,123
04/25/2000,TWF,ID,ANM,WE,Combination Non-Radar Approach Control & Tower w/o Radar,10,27,4,0,41,0,6,34,0,40,10,33,38,0,81,102,0,102,183
04/26/2000,TWF,ID,ANM,WE,Combination Non-Radar Approach Control & Tower w/o Radar,0,23,12,1,36,0,12,48,3,63,0,35,60,4,99,106,0,106,205
04/27/2000,TWF,ID,ANM,WE,Combination Non-Radar Approach Control & Tower w/o Radar,2,25,13,0,40,0,11,48,0,59,2,36,61,0,99,44,0,44,143
04/28/2000,TWF,ID,ANM,WE,Combination Non-Radar Approach Control & Tower w/o Radar,0,19,6,0,25,0,8,9,0,17,0,27,15,0,42,0,0,0,42
04/29/2000,TWF,ID,ANM,WE,Combination Non-Radar Approach Control & Tower w/o Radar,0,20,6,0,26,0,4,30,0,34,0,24,36,0,60,14,0,14,74
04/30/2000,TWF,ID,ANM,WE,Combination Non-Radar Approach Control & Tower w/o Radar,0,10,11,0,21,0,4,39,0,43,0,14,50,0,64,44,0,44,108
05/01/2000,TWF,ID,ANM,WE,Combination Non-Radar Approach Control & Tower w/o Radar,0,27,11,0,38,0,10,42,0,52,0,37,53,0,90,82,0,82,172
05/02/2000,TWF,ID,ANM,WE,Combination Non-Radar Approach Control & Tower w/o Radar,0,24,7,0,31,0,10,28,0,38,0,34,35,0,69,26,0,26,95
05/03/2000,TWF,ID,ANM,WE,Combination Non-Radar Approach Control & Tower w/o Radar,0,21,4,0,25,0,9,36,0,45,0,30,40,0,70,70,0,70,140
05/04/2000,TWF,ID,ANM,WE,Combination Non-Radar Approach Control & Tower w/o Radar,2,23,9,5,39,0,8,31,1,40,2,31,40,6,79,22,0,22,101
05/05/2000,TWF,ID,ANM,WE,Combination Non-Radar Approach Control & Tower w/o Radar,0,24,8,0,32,0,7,21,4,32,0,31,29,4,64,28,0,28,92
05/06/2000,TWF,ID,ANM,WE,Combination Non-Radar Approach Control & Tower w/o Radar,0,18,6,0,24,0,7,44,0,51,0,25,50,0,75,60,0,60,135
05/07/2000,TWF,ID,ANM,WE,Combination Non-Radar Approach Control & Tower w/o Radar,0,17,4,0,21,0,1,6,2,9,0,18,10,2,30,0,0,0,30
05/08/2000,TWF,ID,ANM,WE,Combination Non-Radar Approach Control & Tower w/o Radar,0,23,6,0,29,0,11,40,0,51,0,34,46,0,80,54,0,54,134
05/09/2000,TWF,ID,ANM,WE,Combination Non-Radar Approach Control & Tower w/o Radar,0,26,7,0,33,0,7,18,0,25,0,33,25,0,58,54,0,54,112
05/10/2000,TWF,ID,ANM,WE,Combination Non-Radar Approach Control & Tower w/o Radar,0,28,16,0,44,0,8,20,0,28,0,36,36,0,72,36,0,36,108
05/11/2000,TWF,ID,ANM,WE,Combination Non-Radar Approach Control & Tower w/o Radar,2,25,5,0,32,0,5,11,0,16,2,30,16,0,48,6,0,6,54
05/12/2000,TWF,ID,ANM,WE,Combination Non-Radar Approach Control & Tower w/o Radar,0,23,14,3,40,0,7,64,0,71,0,30,78,3,111,86,0,86,197
05/13/2000,TWF,ID,ANM,WE,Combination Non-Radar Approach Control & Tower w/o Radar,0,15,7,0,22,0,5,63,0,68,0,20,70,0,90,70,0,70,160
05/14/2000,TWF,ID,ANM,WE,Combination Non-Radar Approach Control & Tower w/o Radar,0,12,2,0,14,0,3,43,0,46,0,15,45,0,60,6,0,6,66
05/15/2000,TWF,ID,ANM,WE,Combination Non-Radar Approach Control & Tower w/o Radar,5,18,11,0,34,11,13,41,0,65,16,31,52,0,99,84,0,84,183
05/16/2000,TWF,ID,ANM,WE,Combination Non-Radar Approach Control & Tower w/o Radar,0,25,8,0,33,0,11,35,0,46,0,36,43,0,79,10,0,10,89
05/17/2000,TWF,ID,ANM,WE,Combination Non-Radar Approach Control & Tower w/o Radar,0,26,13,3,42,0,8,38,5,51,0,34,51,8,93,78,0,78,171
05/18/2000,TWF,ID,ANM,WE,Combination Non-Radar Approach Control & Tower w/o Radar,2,30,20,2,54,0,5,49,0,54,2,35,69,2,108,30,0,30,138
05/19/2000,TWF,ID,ANM,WE,Combination Non-Radar Approach Control & Tower w/o Radar,0,20,9,0,29,0,9,56,0,65,0,29,65,0,94,50,0,50,144
05/20/2000,TWF,ID,ANM,WE,Combination Non-Radar Approach Control & Tower w/o Radar,0,15,10,0,25,0,7,112,0,119,0,22,122,0,144,88,0,88,232
05/21/2000,TWF,ID,ANM,WE,Combination Non-Radar Approach Control & Tower w/o Radar,0,14,9,0,23,0,4,83,0,87,0,18,92,0,110,40,0,40,150
05/22/2000,TWF,ID,ANM,WE,Combination Non-Radar Approach Control & Tower w/o Radar,0,17,16,0,33,0,12,37,0,49,0,29,53,0,82,50,0,50,132
05/23/2000,TWF,ID,ANM,WE,Combination Non-Radar Approach Control & Tower w/o Radar,2,22,10,2,36,0,10,34,0,44,2,32,44,2,80,12,0,12,92
05/24/2000,TWF,ID,ANM,WE,Combination Non-Radar Approach Control & Tower w/o Radar,0,19,11,3,33,0,15,67,9,91,0,34,78,12,124,82,30,112,236
05/25/2000,TWF,ID,ANM,WE,Combination Non-Radar Approach Control & Tower w/o Radar,2,26,7,4,39,0,8,36,6,50,2,34,43,10,89,10,0,10,99
05/26/2000,TWF,ID,ANM,WE,Combination Non-Radar Approach Control & Tower w/o Radar,0,21,10,4,35,0,11,43,8,62,0,32,53,12,97,10,0,10,107
05/27/2000,TWF,ID,ANM,WE,Combination Non-Radar Approach Control & Tower w/o Radar,0,15,2,0,17,0,6,97,0,103,0,21,99,0,120,60,0,60,180
05/28/2000,TWF,ID,ANM,WE,Combination Non-Radar Approach Control & Tower w/o Radar,0,11,4,0,15,0,1,59,0,60,0,12,63,0,75,22,0,22,97
05/29/2000,TWF,ID,ANM,WE,Combination Non-Radar Approach Control & Tower w/o Radar,0,12,8,0,20,0,1,72,0,73,0,13,80,0,93,54,0,54,147
05/30/2000,TWF,ID,ANM,WE,Combination Non-Radar Approach Control & Tower w/o Radar,0,20,7,0,27,0,12,61,0,73,0,32,68,0,100,30,0,30,130
05/31/2000,TWF,ID,ANM,WE,Combination Non-Radar Approach Control & Tower w/o Radar,2,24,26,1,53,0,8,26,23,57,2,32,52,24,110,30,0,30,140
06/01/2000,TWF,ID,ANM,WE,Combination Non-Radar Approach Control & Tower w/o Radar,2,18,10,2,32,0,11,62,0,73,2,29,72,2,105,2,0,2,107
06/02/2000,TWF,ID,ANM,WE,Combination Non-Radar Approach Control & Tower w/o Radar,0,21,4,0,25,0,9,109,0,118,0,30,113,0,143,68,0,68,211
06/03/2000,TWF,ID,ANM,WE,Combination Non-Radar Approach Control & Tower w/o Radar,0,16,5,0,21,0,7,53,0,60,0,23,58,0,81,52,0,52,133
06/04/2000,TWF,ID,ANM,WE,Combination Non-Radar Approach Control & Tower w/o Radar,0,13,6,0,19,0,3,39,0,42,0,16,45,0,61,4,0,4,65
06/05/2000,TWF,ID,ANM,WE,Combination Non-Radar Approach Control & Tower w/o Radar,0,19,3,1,23,0,13,34,1,48,0,32,37,2,71,52,0,52,123
06/06/2000,TWF,ID,ANM,WE,Combination Non-Radar Approach Control & Tower w/o Radar,1,18,7,0,26,1,18,69,0,88,2,36,76,0,114,44,0,44,158
06/07/2000,TWF,ID,ANM,WE,Combination Non-Radar Approach Control & Tower w/o Radar,0,23,9,1,33,0,11,74,1,86,0,34,83,2,119,48,0,48,167
06/08/2000,TWF,ID,ANM,WE,Combination Non-Radar Approach Control & Tower w/o Radar,1,24,9,1,35,1,7,25,3,36,2,31,34,4,71,18,0,18,89
06/09/2000,TWF,ID,ANM,WE,Combination Non-Radar Approach Control & Tower w/o Radar,0,25,10,1,36,0,9,20,5,34,0,34,30,6,70,6,0,6,76
06/10/2000,TWF,ID,ANM,WE,Combination Non-Radar Approach Control & Tower w/o Radar,0,19,7,0,26,0,6,113,0,119,0,25,120,0,145,52,0,52,197
06/11/2000,TWF,ID,ANM,WE,Combination Non-Radar Approach Control & Tower w/o Radar,0,11,5,0,16,0,4,52,0,56,0,15,57,0,72,18,0,18,90
06/12/2000,TWF,ID,ANM,WE,Combination Non-Radar Approach Control & Tower w/o Radar,0,27,10,0,37,0,5,38,0,43,0,32,48,0,80,28,0,28,108
06/13/2000,TWF,ID,ANM,WE,Combination Non-Radar Approach Control & Tower w/o Radar,1,32,15,0,48,19,0,25,0,44,20,32,40,0,92,8,0,8,100
06/14/2000,TWF,ID,ANM,WE,Combination Non-Radar Approach Control & Tower w/o Radar,0,31,13,1,45,0,0,55,1,56,0,31,68,2,101,18,0,18,119
06/15/2000,TWF,ID,ANM,WE,Combination Non-Radar Approach Control & Tower w/o Radar,1,33,13,1,48,1,8,33,4,46,2,41,46,5,94,16,4,20,114
06/16/2000,TWF,ID,ANM,WE,Combination Non-Radar Approach Control & Tower w/o Radar,0,23,10,1,34,0,5,124,5,134,0,28,134,6,168,76,0,76,244
06/17/2000,TWF,ID,ANM,WE,Combination Non-Radar Approach Control & Tower w/o Radar,0,15,7,0,22,0,11,114,0,125,0,26,121,0,147,44,0,44,191
06/18/2000,TWF,ID,ANM,WE,Combination Non-Radar Approach Control & Tower w/o Radar,0,8,4,0,12,0,4,66,0,70,0,12,70,0,82,12,0,12,94
06/19/2000,TWF,ID,ANM,WE,Combination Non-Radar Approach Control & Tower w/o Radar,0,22,12,2,36,0,15,19,0,34,0,37,31,2,70,10,0,10,80
06/20/2000,TWF,ID,ANM,WE,Combination Non-Radar Approach Control & Tower w/o Radar,0,22,3,0,25,0,16,66,0,82,0,38,69,0,107,44,0,44,151
06/21/2000,TWF,ID,ANM,WE,Combination Non-Radar Approach Control & Tower w/o Radar,0,19,6,4,29,0,14,103,7,124,0,33,109,11,153,80,4,84,237
06/22/2000,TWF,ID,ANM,WE,Combination Non-Radar Approach Control & Tower w/o Radar,2,26,6,0,34,0,5,81,0,86,2,31,87,0,120,58,0,58,178
06/23/2000,TWF,ID,ANM,WE,Combination Non-Radar Approach Control & Tower w/o Radar,0,21,4,4,29,0,8,97,2,107,0,29,101,6,136,56,0,56,192
06/24/2000,TWF,ID,ANM,WE,Combination Non-Radar Approach Control & Tower w/o Radar,0,14,1,0,15,0,5,45,0,50,0,19,46,0,65,60,0,60,125
06/25/2000,TWF,ID,ANM,WE,Combination Non-Radar Approach Control & Tower w/o Radar,0,16,6,0,22,0,6,39,0,45,0,22,45,0,67,38,0,38,105
06/26/2000,TWF,ID,ANM,WE,Combination Non-Radar Approach Control & Tower w/o Radar,0,26,16,0,42,0,8,69,0,77,0,34,85,0,119,112,0,112,231
06/27/2000,TWF,ID,ANM,WE,Combination Non-Radar Approach Control & Tower w/o Radar,0,28,8,0,36,0,8,90,0,98,0,36,98,0,134,16,0,16,150
06/28/2000,TWF,ID,ANM,WE,Combination Non-Radar Approach Control & Tower w/o Radar,0,23,9,3,35,0,8,81,0,89,0,31,90,3,124,38,0,38,162
06/29/2000,TWF,ID,ANM,WE,Combination Non-Radar Approach Control & Tower w/o Radar,2,28,6,0,36,0,7,85,0,92,2,35,91,0,128,34,0,34,162
06/30/2000,TWF,ID,ANM,WE,Combination Non-Radar Approach Control & Tower w/o Radar,0,22,6,4,32,0,13,48,0,61,0,35,54,4,93,34,0,34,127
07/01/2000,TWF,ID,ANM,WE,Combination Non-Radar Approach Control & Tower w/o Radar,0,17,7,2,26,0,5,105,0,110,0,22,112,2,136,134,0,134,270
07/02/2000,TWF,ID,ANM,WE,Combination Non-Radar Approach Control & Tower w/o Radar,0,10,9,0,19,0,5,42,0,47,0,15,51,0,66,2,0,2,68
07/03/2000,TWF,ID,ANM,WE,Combination Non-Radar Approach Control & Tower w/o Radar,0,22,9,0,31,0,10,34,1,45,0,32,43,1,76,34,0,34,110
07/04/2000,TWF,ID,ANM,WE,Combination Non-Radar Approach Control & Tower w/o Radar,0,11,4,0,15,0,2,48,11,61,0,13,52,11,76,14,0,14,90
07/05/2000,TWF,ID,ANM,WE,Combination Non-Radar Approach Control & Tower w/o Radar,0,27,7,1,35,0,11,74,1,86,0,38,81,2,121,4,0,4,125
07/06/2000,TWF,ID,ANM,WE,Combination Non-Radar Approach Control & Tower w/o Radar,0,20,11,2,33,0,17,104,0,121,0,37,115,2,154,88,0,88,242
07/07/2000,TWF,ID,ANM,WE,Combination Non-Radar Approach Control & Tower w/o Radar,0,29,5,3,37,0,10,100,1,111,0,39,105,4,148,74,0,74,222
07/08/2000,TWF,ID,ANM,WE,Combination Non-Radar Approach Control & Tower w/o Radar,0,17,14,0,31,0,2,79,0,81,0,19,93,0,112,86,0,86,198
07/09/2000,TWF,ID,ANM,WE,Combination Non-Radar Approach Control & Tower w/o Radar,0,11,3,0,14,0,5,61,0,66,0,16,64,0,80,8,0,8,88
07/10/2000,TWF,ID,ANM,WE,Combination Non-Radar Approach Control & Tower w/o Radar,0,27,6,2,35,0,9,40,0,49,0,36,46,2,84,42,0,42,126
07/11/2000,TWF,ID,ANM,WE,Combination Non-Radar Approach Control & Tower w/o Radar,0,32,12,3,47,0,9,93,3,105,0,41,105,6,152,42,0,42,194
07/12/2000,TWF,ID,ANM,WE,Combination Non-Radar Approach Control & Tower w/o Radar,0,35,13,2,50,0,5,66,0,71,0,40,79,2,121,62,0,62,183
07/13/2000,TWF,ID,ANM,WE,Combination Non-Radar Approach Control & Tower w/o Radar,2,26,4,0,32,0,8,54,0,62,2,34,58,0,94,46,0,46,140
07/14/2000,TWF,ID,ANM,WE,Combination Non-Radar Approach Control & Tower w/o Radar,0,22,12,0,34,0,10,59,0,69,0,32,71,0,103,60,0,60,163
07/15/2000,TWF,ID,ANM,WE,Combination Non-Radar Approach Control & Tower w/o Radar,2,22,4,0,28,0,7,49,0,56,2,29,53,0,84,12,2,14,98
07/16/2000,TWF,ID,ANM,WE,Combination Non-Radar Approach Control & Tower w/o Radar,0,19,7,0,26,0,9,82,0,91,0,28,89,0,117,0,0,0,117
07/17/2000,TWF,ID,ANM,WE,Combination Non-Radar Approach Control & Tower w/o Radar,0,22,6,3,31,0,8,62,1,71,0,30,68,4,102,80,0,80,182
07/18/2000,TWF,ID,ANM,WE,Combination Non-Radar Approach Control & Tower w/o Radar,0,32,10,0,42,0,14,76,0,90,0,46,86,0,132,68,0,68,200
07/19/2000,TWF,ID,ANM,WE,Combination Non-Radar Approach Control & Tower w/o Radar,0,29,6,0,35,0,4,77,0,81,0,33,83,0,116,42,0,42,158
07/20/2000,TWF,ID,ANM,WE,Combination Non-Radar Approach Control & Tower w/o Radar,2,24,3,0,29,0,8,107,8,123,2,32,110,8,152,96,0,96,248
07/21/2000,TWF,ID,ANM,WE,Combination Non-Radar Approach Control & Tower w/o Radar,0,23,15,8,46,0,7,127,24,158,0,30,142,32,204,54,0,54,258
07/22/2000,TWF,ID,ANM,WE,Combination Non-Radar Approach Control & Tower w/o Radar,0,11,5,1,17,0,3,210,17,230,0,14,215,18,247,40,0,40,287
07/23/2000,TWF,ID,ANM,WE,Combination Non-Radar Approach Control & Tower w/o Radar,0,13,15,5,33,0,3,39,8,50,0,16,54,13,83,58,0,58,141
07/24/2000,TWF,ID,ANM,WE,Combination Non-Radar Approach Control & Tower w/o Radar,0,28,4,2,34,0,7,86,5,98,0,35,90,7,132,50,0,50,182
07/25/2000,TWF,ID,ANM,WE,Combination Non-Radar Approach Control & Tower w/o Radar,0,27,12,7,46,0,8,82,2,92,0,35,94,9,138,42,32,74,212
07/26/2000,TWF,ID,ANM,WE,Combination Non-Radar Approach Control & Tower w/o Radar,0,26,8,0,34,0,6,66,0,72,0,32,74,0,106,66,0,66,172
07/27/2000,TWF,ID,ANM,WE,Combination Non-Radar Approach Control & Tower w/o Radar,2,28,7,3,40,0,7,82,5,94,2,35,89,8,134,86,18,104,238
07/28/2000,TWF,ID,ANM,WE,Combination Non-Radar Approach Control & Tower w/o Radar,0,23,13,6,42,0,4,89,0,93,0,27,102,6,135,32,0,32,167
07/29/2000,TWF,ID,ANM,WE,Combination Non-Radar Approach Control & Tower w/o Radar,0,20,2,0,22,0,4,78,0,82,0,24,80,0,104,30,0,30,134
07/30/2000,TWF,ID,ANM,WE,Combination Non-Radar Approach Control & Tower w/o Radar,0,18,5,0,23,0,4,35,0,39,0,22,40,0,62,0,0,0,62
07/31/2000,TWF,ID,ANM,WE,Combination Non-Radar Approach Control & Tower w/o Radar,0,30,6,6,42,0,12,53,2,67,0,42,59,8,109,14,0,14,123
08/01/2000,TWF,ID,ANM,WE,Combination Non-Radar Approach Control & Tower w/o Radar,0,29,7,10,46,0,13,77,6,96,0,42,84,16,142,48,0,48,190
08/02/2000,TWF,ID,ANM,WE,Combination Non-Radar Approach Control & Tower w/o Radar,0,32,11,0,43,0,8,62,0,70,0,40,73,0,113,56,0,56,169
08/03/2000,TWF,ID,ANM,WE,Combination Non-Radar Approach Control & Tower w/o Radar,4,29,18,0,51,0,14,101,0,115,4,43,119,0,166,54,0,54,220
08/04/2000,TWF,ID,ANM,WE,Combination Non-Radar Approach Control & Tower w/o Radar,0,32,8,10,50,0,10,75,17,102,0,42,83,27,152,104,0,104,256
08/05/2000,TWF,ID,ANM,WE,Combination Non-Radar Approach Control & Tower w/o Radar,0,20,5,0,25,0,4,69,98,171,0,24,74,98,196,54,0,54,250
08/06/2000,TWF,ID,ANM,WE,Combination Non-Radar Approach Control & Tower w/o Radar,0,15,6,0,21,0,3,49,0,52,0,18,55,0,73,8,0,8,81
08/07/2000,TWF,ID,ANM,WE,Combination Non-Radar Approach Control & Tower w/o Radar,0,20,7,1,28,0,14,86,3,103,0,34,93,4,131,48,0,48,179
08/08/2000,TWF,ID,ANM,WE,Combination Non-Radar Approach Control & Tower w/o Radar,0,24,8,3,35,0,10,88,0,98,0,34,96,3,133,88,0,88,221
08/09/2000,TWF,ID,ANM,WE,Combination Non-Radar Approach Control & Tower w/o Radar,0,24,8,5,37,0,12,86,2,100,0,36,94,7,137,48,0,48,185
08/10/2000,TWF,ID,ANM,WE,Combination Non-Radar Approach Control & Tower w/o Radar,0,25,19,14,58,0,13,99,23,135,0,38,118,37,193,48,0,48,241
08/11/2000,TWF,ID,ANM,WE,Combination Non-Radar Approach Control & Tower w/o Radar,0,24,8,0,32,0,11,84,2,97,0,35,92,2,129,86,0,86,215
08/12/2000,TWF,ID,ANM,WE,Combination Non-Radar Approach Control & Tower w/o Radar,0,18,3,0,21,0,2,101,0,103,0,20,104,0,124,50,0,50,174
08/13/2000,TWF,ID,ANM,WE,Combination Non-Radar Approach Control & Tower w/o Radar,0,15,1,0,16,0,6,51,2,59,0,21,52,2,75,52,0,52,127
08/14/2000,TWF,ID,ANM,WE,Combination Non-Radar Approach Control & Tower w/o Radar,0,21,5,0,26,0,13,70,0,83,0,34,75,0,109,14,0,14,123
08/15/2000,TWF,ID,ANM,WE,Combination Non-Radar Approach Control & Tower w/o Radar,0,30,4,4,38,0,0,65,17,82,0,30,69,21,120,44,0,44,164
08/16/2000,TWF,ID,ANM,WE,Combination Non-Radar Approach Control & Tower w/o Radar,2,26,10,6,44,0,16,97,0,113,2,42,107,6,157,54,0,54,211
08/17/2000,TWF,ID,ANM,WE,Combination Non-Radar Approach Control & Tower w/o Radar,2,22,14,5,43,0,11,91,3,105,2,33,105,8,148,30,0,30,178
08/18/2000,TWF,ID,ANM,WE,Combination Non-Radar Approach Control & Tower w/o Radar,0,25,6,0,31,0,5,85,0,90,0,30,91,0,121,56,0,56,177
08/19/2000,TWF,ID,ANM,WE,Combination Non-Radar Approach Control & Tower w/o Radar,0,17,2,0,19,0,5,128,0,133,0,22,130,0,152,14,0,14,166
08/20/2000,TWF,ID,ANM,WE,Combination Non-Radar Approach Control & Tower w/o Radar,0,14,12,0,26,0,4,131,0,135,0,18,143,0,161,18,0,18,179
08/21/2000,TWF,ID,ANM,WE,Combination Non-Radar Approach Control & Tower w/o Radar,0,23,9,0,32,4,9,92,0,105,4,32,101,0,137,18,0,18,155
08/22/2000,TWF,ID,ANM,WE,Combination Non-Radar Approach Control & Tower w/o Radar,0,23,13,12,48,0,17,95,24,136,0,40,108,36,184,68,0,68,252
08/23/2000,TWF,ID,ANM,WE,Combination Non-Radar Approach Control & Tower w/o Radar,0,29,2,6,37,0,3,48,4,55,0,32,50,10,92,18,0,18,110
08/24/2000,TWF,ID,ANM,WE,Combination Non-Radar Approach Control & Tower w/o Radar,2,24,14,5,45,0,11,62,9,82,2,35,76,14,127,22,0,22,149
08/25/2000,TWF,ID,ANM,WE,Combination Non-Radar Approach Control & Tower w/o Radar,0,25,10,0,35,0,8,69,0,77,0,33,79,0,112,18,0,18,130
08/26/2000,TWF,ID,ANM,WE,Combination Non-Radar Approach Control & Tower w/o Radar,0,23,10,0,33,0,0,36,4,40,0,23,46,4,73,6,0,6,79
08/27/2000,TWF,ID,ANM,WE,Combination Non-Radar Approach Control & Tower w/o Radar,0,13,10,0,23,0,3,51,0,54,0,16,61,0,77,42,0,42,119
08/28/2000,TWF,ID,ANM,WE,Combination Non-Radar Approach Control & Tower w/o Radar,0,26,3,0,29,0,11,32,0,43,0,37,35,0,72,16,0,16,88
08/29/2000,TWF,ID,ANM,WE,Combination Non-Radar Approach Control & Tower w/o Radar,0,28,20,4,52,0,10,73,0,83,0,38,93,4,135,12,46,58,193
08/30/2000,TWF,ID,ANM,WE,Combination Non-Radar Approach Control & Tower w/o Radar,3,30,13,0,46,7,14,39,0,60,10,44,52,0,106,18,0,18,124
08/31/2000,TWF,ID,ANM,WE,Combination Non-Radar Approach Control & Tower w/o Radar,2,27,6,6,41,0,9,28,0,37,2,36,34,6,78,10,16,26,104
09/01/2000,TWF,ID,ANM,WE,Combination Non-Radar Approach Control & Tower w/o Radar,0,27,3,0,30,0,10,26,0,36,0,37,29,0,66,16,0,16,82
09/02/2000,TWF,ID,ANM,WE,Combination Non-Radar Approach Control & Tower w/o Radar,0,25,6,0,31,0,6,22,0,28,0,31,28,0,59,6,0,6,65
09/03/2000,TWF,ID,ANM,WE,Combination Non-Radar Approach Control & Tower w/o Radar,0,10,10,0,20,0,4,37,0,41,0,14,47,0,61,20,0,20,81
09/04/2000,TWF,ID,ANM,WE,Combination Non-Radar Approach Control & Tower w/o Radar,0,11,4,0,15,0,2,59,0,61,0,13,63,0,76,20,0,20,96
09/05/2000,TWF,ID,ANM,WE,Combination Non-Radar Approach Control & Tower w/o Radar,0,20,7,0,27,0,16,34,0,50,0,36,41,0,77,70,0,70,147
09/06/2000,TWF,ID,ANM,WE,Combination Non-Radar Approach Control & Tower w/o Radar,0,27,7,2,36,0,11,44,6,61,0,38,51,8,97,56,0,56,153
09/07/2000,TWF,ID,ANM,WE,Combination Non-Radar Approach Control & Tower w/o Radar,0,29,12,0,41,0,6,50,0,56,0,35,62,0,97,10,0,10,107
09/08/2000,TWF,ID,ANM,WE,Combination Non-Radar Approach Control & Tower w/o Radar,0,24,13,1,38,0,8,61,2,71,0,32,74,3,109,16,0,16,125
09/09/2000,TWF,ID,ANM,WE,Combination Non-Radar Approach Control & Tower w/o Radar,0,16,4,2,22,0,0,46,4,50,0,16,50,6,72,36,0,36,108
09/10/2000,TWF,ID,ANM,WE,Combination Non-Radar Approach Control & Tower w/o Radar,0,10,1,0,11,0,1,59,0,60,0,11,60,0,71,2,0,2,73
09/11/2000,TWF,ID,ANM,WE,Combination Non-Radar Approach Control & Tower w/o Radar,0,19,6,1,26,0,18,68,1,87,0,37,74,2,113,52,0,52,165
09/12/2000,TWF,ID,ANM,WE,Combination Non-Radar Approach Control & Tower w/o Radar,0,25,9,8,42,0,13,56,2,71,0,38,65,10,113,76,40,116,229
09/13/2000,TWF,ID,ANM,WE,Combination Non-Radar Approach Control & Tower w/o Radar,0,28,9,0,37,0,15,49,0,64,0,43,58,0,101,8,0,8,109
09/14/2000,TWF,ID,ANM,WE,Combination Non-Radar Approach Control & Tower w/o Radar,2,25,11,5,43,0,9,54,2,65,2,34,65,7,108,22,0,22,130
09/15/2000,TWF,ID,ANM,WE,Combination Non-Radar Approach Control & Tower w/o Radar,0,27,8,2,37,0,6,54,5,65,0,33,62,7,102,8,0,8,110
09/16/2000,TWF,ID,ANM,WE,Combination Non-Radar Approach Control & Tower w/o Radar,0,4,0,0,4,0,1,35,3,39,0,5,35,3,43,12,0,12,55
09/17/2000,TWF,ID,ANM,WE,Combination Non-Radar Approach Control & Tower w/o Radar,0,0,4,0,4,0,0,26,0,26,0,0,30,0,30,0,0,0,30
09/18/2000,TWF,ID,ANM,WE,Combination Non-Radar Approach Control & Tower w/o Radar,0,4,1,0,5,0,4,28,0,32,0,8,29,0,37,10,0,10,47
09/19/2000,TWF,ID,ANM,WE,Combination Non-Radar Approach Control & Tower w/o Radar,0,10,4,0,14,0,4,11,0,15,0,14,15,0,29,4,0,4,33
09/20/2000,TWF,ID,ANM,WE,Combination Non-Radar Approach Control & Tower w/o Radar,0,10,0,0,10,0,2,36,0,38,0,12,36,0,48,0,0,0,48
09/21/2000,TWF,ID,ANM,WE,Combination Non-Radar Approach Control & Tower w/o Radar,0,9,4,0,13,0,3,26,0,29,0,12,30,0,42,8,0,8,50
09/22/2000,TWF,ID,ANM,WE,Combination Non-Radar Approach Control & Tower w/o Radar,0,13,13,0,26,0,0,20,0,20,0,13,33,0,46,2,0,2,48
09/23/2000,TWF,ID,ANM,WE,Combination Non-Radar Approach Control & Tower w/o Radar,0,5,3,0,8,0,0,39,1,40,0,5,42,1,48,4,0,4,52
09/24/2000,TWF,ID,ANM,WE,Combination Non-Radar Approach Control & Tower w/o Radar,0,0,2,0,2,0,0,30,1,31,0,0,32,1,33,0,0,0,33
09/25/2000,TWF,ID,ANM,WE,Combination Non-Radar Approach Control & Tower w/o Radar,0,3,4,0,7,0,4,34,0,38,0,7,38,0,45,6,0,6,51
09/26/2000,TWF,ID,ANM,WE,Combination Non-Radar Approach Control & Tower w/o Radar,0,8,10,0,18,0,6,44,0,50,0,14,54,0,68,38,0,38,106
09/27/2000,TWF,ID,ANM,WE,Combination Non-Radar Approach Control & Tower w/o Radar,0,8,5,0,13,0,2,57,0,59,0,10,62,0,72,10,0,10,82
09/28/2000,TWF,ID,ANM,WE,Combination Non-Radar Approach Control & Tower w/o Radar,0,23,7,2,32,0,13,45,8,66,0,36,52,10,98,34,0,34,132
09/29/2000,TWF,ID,ANM,WE,Combination Non-Radar Approach Control & Tower w/o Radar,0,17,15,0,32,0,11,57,0,68,0,28,72,0,100,76,0,76,176
09/30/2000,TWF,ID,ANM,WE,Combination Non-Radar Approach Control & Tower w/o Radar,0,15,1,0,16,0,3,47,0,50,0,18,48,0,66,44,0,44,110
10/01/2000,TWF,ID,ANM,WE,Combination Non-Radar Approach Control & Tower w/o Radar,0,22,2,0,24,0,8,30,0,38,0,30,32,0,62,0,0,0,62
10/02/2000,TWF,ID,ANM,WE,Combination Non-Radar Approach Control & Tower w/o Radar,0,19,8,1,28,0,11,34,1,46,0,30,42,2,74,6,0,6,80
10/03/2000,TWF,ID,ANM,WE,Combination Non-Radar Approach Control & Tower w/o Radar,0,21,3,1,25,0,9,40,23,72,0,30,43,24,97,36,0,36,133
10/04/2000,TWF,ID,ANM,WE,Combination Non-Radar Approach Control & Tower w/o Radar,0,18,18,0,36,0,10,50,10,70,0,28,68,10,106,108,0,108,214
10/05/2000,TWF,ID,ANM,WE,Combination Non-Radar Approach Control & Tower w/o Radar,2,20,9,5,36,0,4,52,17,73,2,24,61,22,109,174,0,174,283
10/06/2000,TWF,ID,ANM,WE,Combination Non-Radar Approach Control & Tower w/o Radar,0,22,3,0,25,0,5,46,0,51,0,27,49,0,76,106,0,106,182
10/07/2000,TWF,ID,ANM,WE,Combination Non-Radar Approach Control & Tower w/o Radar,0,13,9,0,22,0,1,36,0,37,0,14,45,0,59,36,0,36,95
10/08/2000,TWF,ID,ANM,WE,Combination Non-Radar Approach Control & Tower w/o Radar,0,9,3,0,12,0,4,35,0,39,0,13,38,0,51,0,0,0,51
10/09/2000,TWF,ID,ANM,WE,Combination Non-Radar Approach Control & Tower w/o Radar,0,14,0,2,16,0,9,51,0,60,0,23,51,2,76,16,0,16,92
10/10/2000,TWF,ID,ANM,WE,Combination Non-Radar Approach Control & Tower w/o Radar,0,33,9,0,42,0,1,9,0,10,0,34,18,0,52,8,0,8,60
10/11/2000,TWF,ID,ANM,WE,Combination Non-Radar Approach Control & Tower w/o Radar,0,43,24,10,77,0,5,2,24,31,0,48,26,34,108,8,0,8,116
10/12/2000,TWF,ID,ANM,WE,Combination Non-Radar Approach Control & Tower w/o Radar,0,46,14,1,61,0,10,13,7,30,0,56,27,8,91,2,4,6,97
10/13/2000,TWF,ID,ANM,WE,Combination Non-Radar Approach Control & Tower w/o Radar,0,30,5,0,35,0,3,5,0,8,0,33,10,0,43,2,0,2,45
10/14/2000,TWF,ID,ANM,WE,Combination Non-Radar Approach Control & Tower w/o Radar,0,15,15,1,31,0,5,38,7,50,0,20,53,8,81,48,0,48,129
10/15/2000,TWF,ID,ANM,WE,Combination Non-Radar Approach Control & Tower w/o Radar,0,10,15,0,25,0,6,31,0,37,0,16,46,0,62,70,0,70,132
10/16/2000,TWF,ID,ANM,WE,Combination Non-Radar Approach Control & Tower w/o Radar,0,20,7,0,27,0,16,30,0,46,0,36,37,0,73,0,0,0,73
10/17/2000,TWF,ID,ANM,WE,Combination Non-Radar Approach Control & Tower w/o Radar,0,23,4,6,33,0,11,34,26,71,0,34,38,32,104,28,0,28,132
10/18/2000,TWF,ID,ANM,WE,Combination Non-Radar Approach Control & Tower w/o Radar,0,22,6,1,29,0,10,22,7,39,0,32,28,8,68,40,22,62,130
10/19/2000,TWF,ID,ANM,WE,Combination Non-Radar Approach Control & Tower w/o Radar,2,25,9,0,36,2,5,47,0,54,4,30,56,0,90,38,0,38,128
10/20/2000,TWF,ID,ANM,WE,Combination Non-Radar Approach Control & Tower w/o Radar,0,20,9,1,30,0,8,39,1,48,0,28,48,2,78,42,24,66,144
10/21/2000,TWF,ID,ANM,WE,Combination Non-Radar Approach Control & Tower w/o Radar,0,19,7,0,26,0,0,20,0,20,0,19,27,0,46,4,0,4,50
10/22/2000,TWF,ID,ANM,WE,Combination Non-Radar Approach Control & Tower w/o Radar,0,9,9,0,18,0,6,25,0,31,0,15,34,0,49,2,0,2,51
10/23/2000,TWF,ID,ANM,WE,Combination Non-Radar Approach Control & Tower w/o Radar,0,17,18,0,35,0,10,41,0,51,0,27,59,0,86,62,0,62,148
10/24/2000,TWF,ID,ANM,WE,Combination Non-Radar Approach Control & Tower w/o Radar,0,22,6,1,29,0,8,25,2,35,0,30,31,3,64,16,32,48,112
10/25/2000,TWF,ID,ANM,WE,Combination Non-Radar Approach Control & Tower w/o Radar,0,22,7,0,29,0,12,47,2,61,0,34,54,2,90,20,0,20,110
10/26/2000,TWF,ID,ANM,WE,Combination Non-Radar Approach Control & Tower w/o Radar,2,28,7,4,41,0,4,20,0,24,2,32,27,4,65,0,6,6,71
10/27/2000,TWF,ID,ANM,WE,Combination Non-Radar Approach Control & Tower w/o Radar,0,26,3,0,29,0,1,19,0,20,0,27,22,0,49,12,0,12,61
10/28/2000,TWF,ID,ANM,WE,Combination Non-Radar Approach Control & Tower w/o Radar,0,18,6,0,24,0,1,22,0,23,0,19,28,0,47,0,0,0,47
10/29/2000,TWF,ID,ANM,WE,Combination Non-Radar Approach Control & Tower w/o Radar,0,28,10,0,38,0,7,17,0,24,0,35,27,0,62,0,0,0,62
10/30/2000,TWF,ID,ANM,WE,Combination Non-Radar Approach Control & Tower w/o Radar,0,43,8,0,51,0,9,5,0,14,0,52,13,0,65,0,0,0,65
10/31/2000,TWF,ID,ANM,WE,Combination Non-Radar Approach Control & Tower w/o Radar,0,39,5,0,44,0,5,15,0,20,0,44,20,0,64,0,0,0,64
11/01/2000,TWF,ID,ANM,WE,Combination Non-Radar Approach Control & Tower w/o Radar,0,34,8,6,48,0,12,28,0,40,0,46,36,6,88,18,20,38,126
11/02/2000,TWF,ID,ANM,WE,Combination Non-Radar Approach Control & Tower w/o Radar,2,25,15,7,49,0,15,62,3,80,2,40,77,10,129,88,27,115,244
11/03/2000,TWF,ID,ANM,WE,Combination Non-Radar Approach Control & Tower w/o Radar,0,27,14,0,41,0,5,54,0,59,0,32,68,0,100,60,0,60,160
11/04/2000,TWF,ID,ANM,WE,Combination Non-Radar Approach Control & Tower w/o Radar,0,21,4,2,27,0,1,31,2,34,0,22,35,4,61,26,18,44,105
11/05/2000,TWF,ID,ANM,WE,Combination Non-Radar Approach Control & Tower w/o Radar,0,12,1,0,13,0,4,11,0,15,0,16,12,0,28,0,0,0,28
11/06/2000,TWF,ID,ANM,WE,Combination Non-Radar Approach Control & Tower w/o Radar,0,30,3,0,33,0,8,29,0,37,0,38,32,0,70,108,0,108,178
11/07/2000,TWF,ID,ANM,WE,Combination Non-Radar Approach Control & Tower w/o Radar,2,27,3,5,37,0,11,40,3,54,2,38,43,8,91,40,8,48,139
11/08/2000,TWF,ID,ANM,WE,Combination Non-Radar Approach Control & Tower w/o Radar,0,38,12,0,50,0,4,28,0,32,0,42,40,0,82,0,0,0,82
11/09/2000,TWF,ID,ANM,WE,Combination Non-Radar Approach Control & Tower w/o Radar,1,25,10,1,37,0,7,12,0,19,1,32,22,1,56,78,4,82,138
11/10/2000,TWF,ID,ANM,WE,Combination Non-Radar Approach Control & Tower w/o Radar,0,26,7,0,33,0,4,18,0,22,0,30,25,0,55,68,0,68,123
11/11/2000,TWF,ID,ANM,WE,Combination Non-Radar Approach Control & Tower w/o Radar,0,13,8,0,21,0,4,34,0,38,0,17,42,0,59,52,0,52,111
11/12/2000,TWF,ID,ANM,WE,Combination Non-Radar Approach Control & Tower w/o Radar,0,14,4,0,18,0,2,1,0,3,0,16,5,0,21,0,0,0,21
11/13/2000,TWF,ID,ANM,WE,Combination Non-Radar Approach Control & Tower w/o Radar,0,34,8,5,47,0,4,15,5,24,0,38,23,10,71,70,26,96,167
11/14/2000,TWF,ID,ANM,WE,Combination Non-Radar Approach Control & Tower w/o Radar,0,51,4,0,55,0,0,3,0,3,0,51,7,0,58,0,0,0,58
11/15/2000,TWF,ID,ANM,WE,Combination Non-Radar Approach Control & Tower w/o Radar,0,46,3,0,49,0,2,2,2,6,0,48,5,2,55,0,0,0,55
11/16/2000,TWF,ID,ANM,WE,Combination Non-Radar Approach Control & Tower w/o Radar,2,40,23,2,67,0,0,33,0,33,2,40,56,2,100,34,0,34,134
11/17/2000,TWF,ID,ANM,WE,Combination Non-Radar Approach Control & Tower w/o Radar,0,45,12,0,57,0,1,26,0,27,0,46,38,0,84,72,0,72,156
11/18/2000,TWF,ID,ANM,WE,Combination Non-Radar Approach Control & Tower w/o Radar,0,26,21,0,47,0,3,41,0,44,0,29,62,0,91,20,0,20,111
11/19/2000,TWF,ID,ANM,WE,Combination Non-Radar Approach Control & Tower w/o Radar,0,21,6,2,29,0,0,19,1,20,0,21,25,3,49,0,0,0,49
11/20/2000,TWF,ID,ANM,WE,Combination Non-Radar Approach Control & Tower w/o Radar,0,29,0,4,33,0,1,18,0,19,0,30,18,4,52,34,10,44,96
11/21/2000,TWF,ID,ANM,WE,Combination Non-Radar Approach Control & Tower w/o Radar,0,28,16,6,50,0,6,17,0,23,0,34,33,6,73,34,40,74,147
11/22/2000,TWF,ID,ANM,WE,Combination Non-Radar Approach Control & Tower w/o Radar,0,29,9,2,40,0,11,29,0,40,0,40,38,2,80,16,10,26,106
11/23/2000,TWF,ID,ANM,WE,Combination Non-Radar Approach Control & Tower w/o Radar,0,10,0,0,10,0,0,13,0,13,0,10,13,0,23,6,0,6,29
11/24/2000,TWF,ID,ANM,WE,Combination Non-Radar Approach Control & Tower w/o Radar,2,26,4,0,32,0,1,12,0,13,2,27,16,0,45,8,0,8,53
11/25/2000,TWF,ID,ANM,WE,Combination Non-Radar Approach Control & Tower w/o Radar,0,18,8,0,26,0,0,36,0,36,0,18,44,0,62,32,0,32,94
11/26/2000,TWF,ID,ANM,WE,Combination Non-Radar Approach Control & Tower w/o Radar,0,13,6,0,19,0,0,11,0,11,0,13,17,0,30,0,0,0,30
11/27/2000,TWF,ID,ANM,WE,Combination Non-Radar Approach Control & Tower w/o Radar,0,44,16,2,62,0,0,4,2,6,0,44,20,4,68,40,4,44,112
11/28/2000,TWF,ID,ANM,WE,Combination Non-Radar Approach Control & Tower w/o Radar,0,28,7,1,36,0,7,23,3,33,0,35,30,4,69,84,2,86,155
11/29/2000,TWF,ID,ANM,WE,Combination Non-Radar Approach Control & Tower w/o Radar,0,33,11,3,47,0,1,13,5,19,0,34,24,8,66,86,24,110,176
11/30/2000,TWF,ID,ANM,WE,Combination Non-Radar Approach Control & Tower w/o Radar,2,21,12,3,38,1,1,23,27,52,3,22,35,30,90,48,28,76,166
12/01/2000,TWF,ID,ANM,WE,Combination Non-Radar Approach Control & Tower w/o Radar,0,21,10,4,35,0,7,20,0,27,0,28,30,4,62,18,0,18,80
12/02/2000,TWF,ID,ANM,WE,Combination Non-Radar Approach Control & Tower w/o Radar,0,15,10,2,27,0,7,49,2,58,0,22,59,4,85,104,0,104,189
12/03/2000,TWF,ID,ANM,WE,Combination Non-Radar Approach Control & Tower w/o Radar,0,11,23,0,34,0,7,19,0,26,0,18,42,0,60,22,0,22,82
12/04/2000,TWF,ID,ANM,WE,Combination Non-Radar Approach Control & Tower w/o Radar,0,30,13,4,47,0,3,31,0,34,0,33,44,4,81,30,28,58,139
12/05/2000,TWF,ID,ANM,WE,Combination Non-Radar Approach Control & Tower w/o Radar,0,45,27,0,72,0,3,25,0,28,0,48,52,0,100,38,0,38,138
12/06/2000,TWF,ID,ANM,WE,Combination Non-Radar Approach Control & Tower w/o Radar,0,29,16,0,45,0,1,16,0,17,0,30,32,0,62,0,0,0,62
12/07/2000,TWF,ID,ANM,WE,Combination Non-Radar Approach Control & Tower w/o Radar,0,4,0,0,4,0,0,0,0,0,0,4,0,0,4,0,0,0,4
12/08/2000,TWF,ID,ANM,WE,Combination Non-Radar Approach Control & Tower w/o Radar,0,12,20,0,32,0,1,0,0,1,0,13,20,0,33,0,0,0,33
12/09/2000,TWF,ID,ANM,WE,Combination Non-Radar Approach Control & Tower w/o Radar,0,31,8,0,39,0,5,1,0,6,0,36,9,0,45,0,0,0,45
12/10/2000,TWF,ID,ANM,WE,Combination Non-Radar Approach Control & Tower w/o Radar,0,14,7,0,21,0,0,14,0,14,0,14,21,0,35,0,0,0,35
12/11/2000,TWF,ID,ANM,WE,Combination Non-Radar Approach Control & Tower w/o Radar,0,30,8,0,38,0,1,8,0,9,0,31,16,0,47,30,0,30,77
12/12/2000,TWF,ID,ANM,WE,Combination Non-Radar Approach Control & Tower w/o Radar,0,36,5,0,41,0,4,0,0,4,0,40,5,0,45,0,0,0,45
12/13/2000,TWF,ID,ANM,WE,Combination Non-Radar Approach Control & Tower w/o Radar,0,42,14,2,58,0,0,7,0,7,0,42,21,2,65,8,2,10,75
12/14/2000,TWF,ID,ANM,WE,Combination Non-Radar Approach Control & Tower w/o Radar,2,50,7,0,59,0,1,23,0,24,2,51,30,0,83,14,0,14,97
12/15/2000,TWF,ID,ANM,WE,Combination Non-Radar Approach Control & Tower w/o Radar,0,41,15,0,56,0,0,2,0,2,0,41,17,0,58,0,0,0,58
12/16/2000,TWF,ID,ANM,WE,Combination Non-Radar Approach Control & Tower w/o Radar,0,25,10,0,35,0,0,23,0,23,0,25,33,0,58,64,0,64,122
12/17/2000,TWF,ID,ANM,WE,Combination Non-Radar Approach Control & Tower w/o Radar,0,15,0,0,15,0,2,4,0,6,0,17,4,0,21,0,0,0,21
12/18/2000,TWF,ID,ANM,WE,Combination Non-Radar Approach Control & Tower w/o Radar,0,22,9,1,32,0,2,36,1,39,0,24,45,2,71,36,0,36,107
12/19/2000,TWF,ID,ANM,WE,Combination Non-Radar Approach Control & Tower w/o Radar,0,32,7,3,42,0,8,15,1,24,0,40,22,4,66,38,4,42,108
12/20/2000,TWF,ID,ANM,WE,Combination Non-Radar Approach Control & Tower w/o Radar,0,32,6,9,47,0,5,40,5,50,0,37,46,14,97,86,6,92,189
12/21/2000,TWF,ID,ANM,WE,Combination Non-Radar Approach Control & Tower w/o Radar,2,27,11,5,45,0,6,9,3,18,2,33,20,8,63,36,20,56,119
12/22/2000,TWF,ID,ANM,WE,Combination Non-Radar Approach Control & Tower w/o Radar,0,44,45,0,89,0,0,26,0,26,0,44,71,0,115,80,0,80,195
12/23/2000,TWF,ID,ANM,WE,Combination Non-Radar Approach Control & Tower w/o Radar,0,18,19,0,37,0,6,51,0,57,0,24,70,0,94,40,0,40,134
12/24/2000,TWF,ID,ANM,WE,Combination Non-Radar Approach Control & Tower w/o Radar,0,27,7,0,34,0,0,0,0,0,0,27,7,0,34,0,0,0,34
12/25/2000,TWF,ID,ANM,WE,Combination Non-Radar Approach Control & Tower w/o Radar,0,8,1,0,9,0,0,9,0,9,0,8,10,0,18,4,0,4,22
12/26/2000,TWF,ID,ANM,WE,Combination Non-Radar Approach Control & Tower w/o Radar,0,29,23,2,54,0,0,10,0,10,0,29,33,2,64,4,4,8,72
12/27/2000,TWF,ID,ANM,WE,Combination Non-Radar Approach Control & Tower w/o Radar,0,24,7,2,33,0,1,9,0,10,0,25,16,2,43,6,0,6,49
12/28/2000,TWF,ID,ANM,WE,Combination Non-Radar Approach Control & Tower w/o Radar,0,26,18,0,44,0,0,0,0,0,0,26,18,0,44,0,0,0,44
12/29/2000,TWF,ID,ANM,WE,Combination Non-Radar Approach Control & Tower w/o Radar,0,19,9,0,28,0,2,4,0,6,0,21,13,0,34,0,0,0,34
12/30/2000,TWF,ID,ANM,WE,Combination Non-Radar Approach Control & Tower w/o Radar,0,16,13,0,29,0,0,0,0,0,0,16,13,0,29,0,0,0,29
12/31/2000,TWF,ID,ANM,WE,Combination Non-Radar Approach Control & Tower w/o Radar,0,6,1,0,7,0,0,1,0,1,0,6,2,0,8,0,0,0,8
01/01/2001,TWF,ID,ANM,WE,Combination Non-Radar Approach Control & Tower w/o Radar,0,26,5,0,31,0,0,1,0,1,0,26,6,0,32,0,0,0,32
01/02/2001,TWF,ID,ANM,WE,Combination Non-Radar Approach Control & Tower w/o Radar,0,28,17,0,45,0,8,5,0,13,0,36,22,0,58,4,0,4,62
01/03/2001,TWF,ID,ANM,WE,Combination Non-Radar Approach Control & Tower w/o Radar,0,25,0,0,25,0,7,23,0,30,0,32,23,0,55,38,0,38,93
01/04/2001,TWF,ID,ANM,WE,Combination Non-Radar Approach Control & Tower w/o Radar,2,23,1,1,27,0,7,38,0,45,2,30,39,1,72,60,0,60,132
01/05/2001,TWF,ID,ANM,WE,Combination Non-Radar Approach Control & Tower w/o Radar,0,28,3,1,32,0,9,49,1,59,0,37,52,2,91,50,0,50,141
01/06/2001,TWF,ID,ANM,WE,Combination Non-Radar Approach Control & Tower w/o Radar,0,20,9,0,29,0,3,69,0,72,0,23,78,0,101,148,0,148,249
01/07/2001,TWF,ID,ANM,WE,Combination Non-Radar Approach Control & Tower w/o Radar,0,16,9,0,25,0,1,26,0,27,0,17,35,0,52,0,0,0,52
01/08/2001,TWF,ID,ANM,WE,Combination Non-Radar Approach Control & Tower w/o Radar,0,21,1,0,22,0,4,18,0,22,0,25,19,0,44,86,0,86,130
01/09/2001,TWF,ID,ANM,WE,Combination Non-Radar Approach Control & Tower w/o Radar,0,32,7,1,40,1,4,0,9,14,1,36,7,10,54,0,0,0,54
01/10/2001,TWF,ID,ANM,WE,Combination Non-Radar Approach Control & Tower w/o Radar,11,45,9,1,66,0,12,31,1,44,11,57,40,2,110,38,0,38,148
01/11/2001,TWF,ID,ANM,WE,Combination Non-Radar Approach Control & Tower w/o Radar,3,45,22,7,77,0,2,7,5,14,3,47,29,12,91,0,2,2,93
01/12/2001,TWF,ID,ANM,WE,Combination Non-Radar Approach Control & Tower w/o Radar,2,62,46,0,110,0,10,11,0,21,2,72,57,0,131,2,0,2,133
01/13/2001,TWF,ID,ANM,WE,Combination Non-Radar Approach Control & Tower w/o Radar,0,20,11,2,33,0,3,7,0,10,0,23,18,2,43,0,0,0,43
01/14/2001,TWF,ID,ANM,WE,Combination Non-Radar Approach Control & Tower w/o Radar,0,24,3,0,27,0,0,6,0,6,0,24,9,0,33,16,0,16,49
01/15/2001,TWF,ID,ANM,WE,Combination Non-Radar Approach Control & Tower w/o Radar,0,29,14,0,43,0,0,9,0,9,0,29,23,0,52,16,0,16,68
01/16/2001,TWF,ID,ANM,WE,Combination Non-Radar Approach Control & Tower w/o Radar,0,26,10,0,36,0,5,0,0,5,0,31,10,0,41,0,0,0,41
01/17/2001,TWF,ID,ANM,WE,Combination Non-Radar Approach Control & Tower w/o Radar,0,40,16,0,56,0,4,21,0,25,0,44,37,0,81,24,0,24,105
01/18/2001,TWF,ID,ANM,WE,Combination Non-Radar Approach Control & Tower w/o Radar,2,50,21,5,78,0,4,23,7,34,2,54,44,12,112,52,8,60,172
01/19/2001,TWF,ID,ANM,WE,Combination Non-Radar Approach Control & Tower w/o Radar,0,48,23,0,71,0,0,1,0,1,0,48,24,0,72,6,0,6,78
01/20/2001,TWF,ID,ANM,WE,Combination Non-Radar Approach Control & Tower w/o Radar,0,19,8,0,27,0,0,10,0,10,0,19,18,0,37,0,0,0,37
01/21/2001,TWF,ID,ANM,WE,Combination Non-Radar Approach Control & Tower w/o Radar,0,10,4,6,20,0,10,24,11,45,0,20,28,17,65,24,18,42,107
01/22/2001,TWF,ID,ANM,WE,Combination Non-Radar Approach Control & Tower w/o Radar,0,18,7,0,25,0,11,27,0,38,0,29,34,0,63,72,0,72,135
01/23/2001,TWF,ID,ANM,WE,Combination Non-Radar Approach Control & Tower w/o Radar,1,28,10,0,39,0,5,25,0,30,1,33,35,0,69,16,0,16,85
01/24/2001,TWF,ID,ANM,WE,Combination Non-Radar Approach Control & Tower w/o Radar,0,46,19,2,67,0,3,17,10,30,0,49,36,12,97,22,0,22,119
01/25/2001,TWF,ID,ANM,WE,Combination Non-Radar Approach Control & Tower w/o Radar,2,47,25,1,75,0,5,8,2,15,2,52,33,3,90,10,8,18,108
01/26/2001,TWF,ID,ANM,WE,Combination Non-Radar Approach Control & Tower w/o Radar,0,25,17,2,44,0,2,8,2,12,0,27,25,4,56,28,0,28,84
01/27/2001,TWF,ID,ANM,WE,Combination Non-Radar Approach Control & Tower w/o Radar,0,24,15,0,39,0,4,25,0,29,0,28,40,0,68,4,0,4,72
01/28/2001,TWF,ID,ANM,WE,Combination Non-Radar Approach Control & Tower w/o Radar,0,14,2,0,16,0,0,16,0,16,0,14,18,0,32,20,0,20,52
01/29/2001,TWF,ID,ANM,WE,Combination Non-Radar Approach Control & Tower w/o Radar,2,40,6,0,48,0,0,2,0,2,2,40,8,0,50,0,0,0,50
01/30/2001,TWF,ID,ANM,WE,Combination Non-Radar Approach Control & Tower w/o Radar,0,29,14,12,55,0,1,9,3,13,0,30,23,15,68,14,58,72,140
01/31/2001,TWF,ID,ANM,WE,Combination Non-Radar Approach Control & Tower w/o Radar,0,38,11,2,51,0,2,29,2,33,0,40,40,4,84,52,30,82,166
02/01/2001,TWF,ID,ANM,WE,Combination Non-Radar Approach Control & Tower w/o Radar,2,27,10,0,39,0,3,31,0,34,2,30,41,0,73,42,0,42,115
02/02/2001,TWF,ID,ANM,WE,Combination Non-Radar Approach Control & Tower w/o Radar,0,41,23,5,69,0,1,5,3,9,0,42,28,8,78,20,12,32,110
02/03/2001,TWF,ID,ANM,WE,Combination Non-Radar Approach Control & Tower w/o Radar,0,20,12,4,36,0,3,12,0,15,0,23,24,4,51,26,12,38,89
02/04/2001,TWF,ID,ANM,WE,Combination Non-Radar Approach Control & Tower w/o Radar,0,27,9,0,36,0,0,34,0,34,0,27,43,0,70,6,0,6,76
02/05/2001,TWF,ID,ANM,WE,Combination Non-Radar Approach Control & Tower w/o Radar,0,20,15,0,35,0,6,47,0,53,0,26,62,0,88,74,0,74,162
02/06/2001,TWF,ID,ANM,WE,Combination Non-Radar Approach Control & Tower w/o Radar,0,29,4,2,35,0,0,9,0,9,0,29,13,2,44,2,0,2,46
02/07/2001,TWF,ID,ANM,WE,Combination Non-Radar Approach Control & Tower w/o Radar,0,43,7,0,50,0,4,10,0,14,0,47,17,0,64,0,0,0,64
02/08/2001,TWF,ID,ANM,WE,Combination Non-Radar Approach Control & Tower w/o Radar,2,23,12,5,42,0,4,29,3,36,2,27,41,8,78,50,0,50,128
02/09/2001,TWF,ID,ANM,WE,Combination Non-Radar Approach Control & Tower w/o Radar,0,52,12,0,64,0,3,0,0,3,0,55,12,0,67,0,0,0,67
02/10/2001,TWF,ID,ANM,WE,Combination Non-Radar Approach Control & Tower w/o Radar,0,53,14,0,67,0,8,6,0,14,0,61,20,0,81,0,0,0,81
02/11/2001,TWF,ID,ANM,WE,Combination Non-Radar Approach Control & Tower w/o Radar,0,24,7,0,31,0,0,23,0,23,0,24,30,0,54,28,0,28,82
02/12/2001,TWF,ID,ANM,WE,Combination Non-Radar Approach Control & Tower w/o Radar,0,50,6,0,56,0,0,7,0,7,0,50,13,0,63,2,0,2,65
02/13/2001,TWF,ID,ANM,WE,Combination Non-Radar Approach Control & Tower w/o Radar,0,38,14,0,52,0,0,3,0,3,0,38,17,0,55,0,0,0,55
02/14/2001,TWF,ID,ANM,WE,Combination Non-Radar Approach Control & Tower w/o Radar,0,52,7,4,63,0,5,5,0,10,0,57,12,4,73,0,10,10,83
02/15/2001,TWF,ID,ANM,WE,Combination Non-Radar Approach Control & Tower w/o Radar,2,21,4,0,27,0,9,39,2,50,2,30,43,2,77,54,0,54,131
02/16/2001,TWF,ID,ANM,WE,Combination Non-Radar Approach Control & Tower w/o Radar,0,19,10,0,29,0,3,44,0,47,0,22,54,0,76,72,0,72,148
02/17/2001,TWF,ID,ANM,WE,Combination Non-Radar Approach Control & Tower w/o Radar,0,18,14,0,32,0,2,52,0,54,0,20,66,0,86,36,0,36,122
02/18/2001,TWF,ID,ANM,WE,Combination Non-Radar Approach Control & Tower w/o Radar,0,11,9,0,20,0,4,21,0,25,0,15,30,0,45,54,0,54,99
02/19/2001,TWF,ID,ANM,WE,Combination Non-Radar Approach Control & Tower w/o Radar,0,23,5,0,28,0,5,22,0,27,0,28,27,0,55,62,0,62,117
02/20/2001,TWF,ID,ANM,WE,Combination Non-Radar Approach Control & Tower w/o Radar,0,60,24,2,86,0,6,17,0,23,0,66,41,2,109,40,0,40,149
02/21/2001,TWF,ID,ANM,WE,Combination Non-Radar Approach Control & Tower w/o Radar,0,39,16,6,61,0,1,18,4,23,0,40,34,10,84,2,8,10,94
02/22/2001,TWF,ID,ANM,WE,Combination Non-Radar Approach Control & Tower w/o Radar,0,29,10,5,44,0,7,14,3,24,0,36,24,8,68,4,0,4,72
02/23/2001,TWF,ID,ANM,WE,Combination Non-Radar Approach Control & Tower w/o Radar,0,58,28,0,86,0,0,5,0,5,0,58,33,0,91,0,0,0,91
02/24/2001,TWF,ID,ANM,WE,Combination Non-Radar Approach Control & Tower w/o Radar,0,26,24,0,50,0,6,36,0,42,0,32,60,0,92,78,2,80,172
02/25/2001,TWF,ID,ANM,WE,Combination Non-Radar Approach Control & Tower w/o Radar,0,16,5,0,21,0,1,22,0,23,0,17,27,0,44,36,0,36,80
02/26/2001,TWF,ID,ANM,WE,Combination Non-Radar Approach Control & Tower w/o Radar,0,27,5,0,32,0,0,20,0,20,0,27,25,0,52,20,0,20,72
02/27/2001,TWF,ID,ANM,WE,Combination Non-Radar Approach Control & Tower w/o Radar,0,30,6,2,38,0,9,25,0,34,0,39,31,2,72,16,0,16,88
02/28/2001,TWF,ID,ANM,WE,Combination Non-Radar Approach Control & Tower w/o Radar,0,26,8,0,34,0,7,38,0,45,0,33,46,0,79,66,0,66,145
03/01/2001,TWF,ID,ANM,WE,Combination Non-Radar Approach Control & Tower w/o Radar,2,23,12,2,39,0,5,27,0,32,2,28,39,2,71,4,0,4,75
03/02/2001,TWF,ID,ANM,WE,Combination Non-Radar Approach Control & Tower w/o Radar,0,47,9,0,56,0,0,1,0,1,0,47,10,0,57,0,0,0,57
03/03/2001,TWF,ID,ANM,WE,Combination Non-Radar Approach Control & Tower w/o Radar,0,30,10,0,40,0,6,30,1,37,0,36,40,1,77,54,2,56,133
03/04/2001,TWF,ID,ANM,WE,Combination Non-Radar Approach Control & Tower w/o Radar,0,14,2,0,16,0,3,13,0,16,0,17,15,0,32,14,0,14,46
03/05/2001,TWF,ID,ANM,WE,Combination Non-Radar Approach Control & Tower w/o Radar,0,20,10,0,30,0,6,29,0,35,0,26,39,0,65,56,0,56,121
03/06/2001,TWF,ID,ANM,WE,Combination Non-Radar Approach Control & Tower w/o Radar,0,23,4,14,41,0,7,32,0,39,0,30,36,14,80,20,20,40,120
03/07/2001,TWF,ID,ANM,WE,Combination Non-Radar Approach Control & Tower w/o Radar,0,23,7,3,33,0,7,39,3,49,0,30,46,6,82,32,20,52,134
03/08/2001,TWF,ID,ANM,WE,Combination Non-Radar Approach Control & Tower w/o Radar,0,23,9,0,32,0,2,44,0,46,0,25,53,0,78,66,0,66,144
03/09/2001,TWF,ID,ANM,WE,Combination Non-Radar Approach Control & Tower w/o Radar,0,64,39,2,105,0,0,4,0,4,0,64,43,2,109,0,0,0,109
03/10/2001,TWF,ID,ANM,WE,Combination Non-Radar Approach Control & Tower w/o Radar,0,32,21,0,53,0,6,19,0,25,0,38,40,0,78,8,0,8,86
03/11/2001,TWF,ID,ANM,WE,Combination Non-Radar Approach Control & Tower w/o Radar,0,13,8,0,21,0,3,15,2,20,0,16,23,2,41,2,0,2,43
03/12/2001,TWF,ID,ANM,WE,Combination Non-Radar Approach Control & Tower w/o Radar,0,16,9,0,25,0,6,34,2,42,0,22,43,2,67,6,20,26,93
03/13/2001,TWF,ID,ANM,WE,Combination Non-Radar Approach Control & Tower w/o Radar,0,24,2,0,26,0,7,25,0,32,0,31,27,0,58,76,0,76,134
03/14/2001,TWF,ID,ANM,WE,Combination Non-Radar Approach Control & Tower w/o Radar,0,21,11,0,32,0,6,18,0,24,0,27,29,0,56,18,0,18,74
03/15/2001,TWF,ID,ANM,WE,Combination Non-Radar Approach Control & Tower w/o Radar,2,27,2,2,33,0,3,34,0,37,2,30,36,2,70,48,0,48,118
03/16/2001,TWF,ID,ANM,WE,Combination Non-Radar Approach Control & Tower w/o Radar,0,27,5,0,32,0,2,11,0,13,0,29,16,0,45,22,0,22,67
03/17/2001,TWF,ID,ANM,WE,Combination Non-Radar Approach Control & Tower w/o Radar,0,15,2,0,17,0,6,28,0,34,0,21,30,0,51,24,0,24,75
03/18/2001,TWF,ID,ANM,WE,Combination Non-Radar Approach Control & Tower w/o Radar,0,13,8,0,21,0,1,28,0,29,0,14,36,0,50,38,0,38,88
03/19/2001,TWF,ID,ANM,WE,Combination Non-Radar Approach Control & Tower w/o Radar,0,24,7,0,31,0,8,28,0,36,0,32,35,0,67,62,0,62,129
03/20/2001,TWF,ID,ANM,WE,Combination Non-Radar Approach Control & Tower w/o Radar,0,28,9,0,37,0,6,23,0,29,0,34,32,0,66,22,0,22,88
03/21/2001,TWF,ID,ANM,WE,Combination Non-Radar Approach Control & Tower w/o Radar,0,27,4,1,32,0,7,24,1,32,0,34,28,2,64,10,0,10,74
03/22/2001,TWF,ID,ANM,WE,Combination Non-Radar Approach Control & Tower w/o Radar,0,27,8,2,37,0,7,45,6,58,0,34,53,8,95,30,0,30,125
03/23/2001,TWF,ID,ANM,WE,Combination Non-Radar Approach Control & Tower w/o Radar,0,23,12,2,37,0,3,45,6,54,0,26,57,8,91,14,0,14,105
03/24/2001,TWF,ID,ANM,WE,Combination Non-Radar Approach Control & Tower w/o Radar,0,20,11,0,31,0,3,34,0,37,0,23,45,0,68,30,0,30,98
03/25/2001,TWF,ID,ANM,WE,Combination Non-Radar Approach Control & Tower w/o Radar,0,13,0,0,13,0,4,4,0,8,0,17,4,0,21,10,0,10,31
03/26/2001,TWF,ID,ANM,WE,Combination Non-Radar Approach Control & Tower w/o Radar,0,24,5,4,33,0,8,15,4,27,0,32,20,8,60,0,12,12,72
03/27/2001,TWF,ID,ANM,WE,Combination Non-Radar Approach Control & Tower w/o Radar,0,28,14,2,44,0,7,36,0,43,0,35,50,2,87,40,0,40,127
03/28/2001,TWF,ID,ANM,WE,Combination Non-Radar Approach Control & Tower w/o Radar,0,32,11,0,43,0,15,9,2,26,0,47,20,2,69,0,0,0,69
03/29/2001,TWF,ID,ANM,WE,Combination Non-Radar Approach Control & Tower w/o Radar,0,27,11,0,38,0,5,25,0,30,0,32,36,0,68,12,0,12,80
03/30/2001,TWF,ID,ANM,WE,Combination Non-Radar Approach Control & Tower w/o Radar,2,27,10,3,42,0,4,13,3,20,2,31,23,6,62,4,0,4,66
03/31/2001,TWF,ID,ANM,WE,Combination Non-Radar Approach Control & Tower w/o Radar,0,16,2,0,18,0,6,29,0,35,0,22,31,0,53,22,0,22,75
04/01/2001,TWF,ID,ANM,WE,Combination Non-Radar Approach Control & Tower w/o Radar,0,12,1,0,13,0,4,23,0,27,0,16,24,0,40,32,0,32,72
04/02/2001,TWF,ID,ANM,WE,Combination Non-Radar Approach Control & Tower w/o Radar,0,28,8,1,37,0,0,15,3,18,0,28,23,4,55,6,0,6,61
04/03/2001,TWF,ID,ANM,WE,Combination Non-Radar Approach Control & Tower w/o Radar,0,31,5,2,38,0,5,23,0,28,0,36,28,2,66,6,0,6,72
04/04/2001,TWF,ID,ANM,WE,Combination Non-Radar Approach Control & Tower w/o Radar,0,30,6,0,36,0,5,34,0,39,0,35,40,0,75,26,0,26,101
04/05/2001,TWF,ID,ANM,WE,Combination Non-Radar Approach Control & Tower w/o Radar,0,27,8,0,35,0,7,42,0,49,0,34,50,0,84,32,0,32,116
04/06/2001,TWF,ID,ANM,WE,Combination Non-Radar Approach Control & Tower w/o Radar,0,25,10,7,42,0,1,25,0,26,0,26,35,7,68,32,34,66,134
04/07/2001,TWF,ID,ANM,WE,Combination Non-Radar Approach Control & Tower w/o Radar,0,37,4,0,41,0,4,6,0,10,0,41,10,0,51,0,0,0,51
04/08/2001,TWF,ID,ANM,WE,Combination Non-Radar Approach Control & Tower w/o Radar,0,16,0,0,16,0,3,6,0,9,0,19,6,0,25,16,0,16,41
04/09/2001,TWF,ID,ANM,WE,Combination Non-Radar Approach Control & Tower w/o Radar,0,19,13,0,32,0,10,40,0,50,0,29,53,0,82,30,0,30,112
04/10/2001,TWF,ID,ANM,WE,Combination Non-Radar Approach Control & Tower w/o Radar,0,26,5,0,31,0,13,13,0,26,0,39,18,0,57,8,0,8,65
04/11/2001,TWF,ID,ANM,WE,Combination Non-Radar Approach Control & Tower w/o Radar,0,46,15,0,61,0,4,16,0,20,0,50,31,0,81,0,0,0,81
04/12/2001,TWF,ID,ANM,WE,Combination Non-Radar Approach Control & Tower w/o Radar,2,31,4,0,37,0,3,12,0,15,2,34,16,0,52,0,0,0,52
04/13/2001,TWF,ID,ANM,WE,Combination Non-Radar Approach Control & Tower w/o Radar,0,39,8,0,47,0,0,13,1,14,0,39,21,1,61,16,0,16,77
04/14/2001,TWF,ID,ANM,WE,Combination Non-Radar Approach Control & Tower w/o Radar,0,18,8,0,26,0,5,40,1,46,0,23,48,1,72,12,0,12,84
04/15/2001,TWF,ID,ANM,WE,Combination Non-Radar Approach Control & Tower w/o Radar,0,10,0,0,10,0,0,42,0,42,0,10,42,0,52,24,0,24,76
04/16/2001,TWF,ID,ANM,WE,Combination Non-Radar Approach Control & Tower w/o Radar,0,27,8,0,35,0,2,48,0,50,0,29,56,0,85,12,0,12,97
04/17/2001,TWF,ID,ANM,WE,Combination Non-Radar Approach Control & Tower w/o Radar,0,24,6,0,30,0,14,35,2,51,0,38,41,2,81,108,0,108,189
04/18/2001,TWF,ID,ANM,WE,Combination Non-Radar Approach Control & Tower w/o Radar,0,33,13,0,46,0,10,61,0,71,0,43,74,0,117,90,0,90,207
04/19/2001,TWF,ID,ANM,WE,Combination Non-Radar Approach Control & Tower w/o Radar,0,33,6,0,39,0,5,12,0,17,0,38,18,0,56,18,0,18,74
04/20/2001,TWF,ID,ANM,WE,Combination Non-Radar Approach Control & Tower w/o Radar,0,32,8,0,40,0,4,13,0,17,0,36,21,0,57,0,0,0,57
04/21/2001,TWF,ID,ANM,WE,Combination Non-Radar Approach Control & Tower w/o Radar,0,22,4,1,27,0,7,28,0,35,0,29,32,1,62,42,0,42,104
04/22/2001,TWF,ID,ANM,WE,Combination Non-Radar Approach Control & Tower w/o Radar,0,10,2,1,13,0,3,26,0,29,0,13,28,1,42,0,0,0,42
04/23/2001,TWF,ID,ANM,WE,Combination Non-Radar Approach Control & Tower w/o Radar,0,26,5,0,31,0,1,15,0,16,0,27,20,0,47,18,0,18,65
04/24/2001,TWF,ID,ANM,WE,Combination Non-Radar Approach Control & Tower w/o Radar,0,29,11,3,43,0,8,34,7,49,0,37,45,10,92,58,22,80,172
04/25/2001,TWF,ID,ANM,WE,Combination Non-Radar Approach Control & Tower w/o Radar,0,33,5,2,40,0,1,29,2,32,0,34,34,4,72,14,0,14,86
04/26/2001,TWF,ID,ANM,WE,Combination Non-Radar Approach Control & Tower w/o Radar,7,30,7,2,46,5,8,48,0,61,12,38,55,2,107,54,0,54,161
04/27/2001,TWF,ID,ANM,WE,Combination Non-Radar Approach Control & Tower w/o Radar,0,26,5,2,33,0,9,36,2,47,0,35,41,4,80,72,0,72,152
04/28/2001,TWF,ID,ANM,WE,Combination Non-Radar Approach Control & Tower w/o Radar,0,17,3,0,20,0,3,81,0,84,0,20,84,0,104,16,0,16,120
04/29/2001,TWF,ID,ANM,WE,Combination Non-Radar Approach Control & Tower w/o Radar,0,9,5,0,14,0,4,58,0,62,0,13,63,0,76,10,0,10,86
04/30/2001,TWF,ID,ANM,WE,Combination Non-Radar Approach Control & Tower w/o Radar,0,20,6,0,26,0,10,17,0,27,0,30,23,0,53,2,0,2,55
05/01/2001,TWF,ID,ANM,WE,Combination Non-Radar Approach Control & Tower w/o Radar,0,30,7,10,47,0,6,10,10,26,0,36,17,20,73,0,16,16,89
05/02/2001,TWF,ID,ANM,WE,Combination Non-Radar Approach Control & Tower w/o Radar,0,31,4,0,35,0,1,24,0,25,0,32,28,0,60,10,0,10,70
05/03/2001,TWF,ID,ANM,WE,Combination Non-Radar Approach Control & Tower w/o Radar,0,28,3,0,31,0,5,24,0,29,0,33,27,0,60,24,0,24,84
05/04/2001,TWF,ID,ANM,WE,Combination Non-Radar Approach Control & Tower w/o Radar,0,25,12,5,42,0,9,34,3,46,0,34,46,8,88,4,6,10,98
05/05/2001,TWF,ID,ANM,WE,Combination Non-Radar Approach Control & Tower w/o Radar,0,16,1,2,19,0,4,10,0,14,0,20,11,2,33,8,0,8,41
05/06/2001,TWF,ID,ANM,WE,Combination Non-Radar Approach Control & Tower w/o Radar,0,11,7,2,20,0,3,34,6,43,0,14,41,8,63,10,0,10,73
05/07/2001,TWF,ID,ANM,WE,Combination Non-Radar Approach Control & Tower w/o Radar,0,20,9,0,29,0,6,21,0,27,0,26,30,0,56,24,0,24,80
05/08/2001,TWF,ID,ANM,WE,Combination Non-Radar Approach Control & Tower w/o Radar,0,30,7,0,37,0,6,43,0,49,0,36,50,0,86,16,0,16,102
05/09/2001,TWF,ID,ANM,WE,Combination Non-Radar Approach Control & Tower w/o Radar,0,34,15,4,53,0,1,28,0,29,0,35,43,4,82,58,14,72,154
05/10/2001,TWF,ID,ANM,WE,Combination Non-Radar Approach Control & Tower w/o Radar,2,31,6,0,39,0,11,36,0,47,2,42,42,0,86,38,0,38,124
05/11/2001,TWF,ID,ANM,WE,Combination Non-Radar Approach Control & Tower w/o Radar,0,29,19,3,51,0,9,61,3,73,0,38,80,6,124,58,4,62,186
05/12/2001,TWF,ID,ANM,WE,Combination Non-Radar Approach Control & Tower w/o Radar,0,14,2,0,16,0,9,32,0,41,0,23,34,0,57,16,0,16,73
05/13/2001,TWF,ID,ANM,WE,Combination Non-Radar Approach Control & Tower w/o Radar,0,10,2,0,12,0,5,17,0,22,0,15,19,0,34,6,0,6,40
05/14/2001,TWF,ID,ANM,WE,Combination Non-Radar Approach Control & Tower w/o Radar,0,23,4,0,27,0,6,33,0,39,0,29,37,0,66,30,0,30,96
05/15/2001,TWF,ID,ANM,WE,Combination Non-Radar Approach Control & Tower w/o Radar,0,30,9,0,39,0,2,9,0,11,0,32,18,0,50,24,0,24,74
05/16/2001,TWF,ID,ANM,WE,Combination Non-Radar Approach Control & Tower w/o Radar,0,34,10,0,44,0,1,18,0,19,0,35,28,0,63,6,0,6,69
05/17/2001,TWF,ID,ANM,WE,Combination Non-Radar Approach Control & Tower w/o Radar,3,34,6,0,43,1,9,56,0,66,4,43,62,0,109,40,0,40,149
05/18/2001,TWF,ID,ANM,WE,Combination Non-Radar Approach Control & Tower w/o Radar,0,23,16,2,41,0,3,35,10,48,0,26,51,12,89,18,0,18,107
05/19/2001,TWF,ID,ANM,WE,Combination Non-Radar Approach Control & Tower w/o Radar,0,17,5,0,22,0,5,60,0,65,0,22,65,0,87,42,0,42,129
05/20/2001,TWF,ID,ANM,WE,Combination Non-Radar Approach Control & Tower w/o Radar,0,11,6,0,17,0,2,13,0,15,0,13,19,0,32,0,0,0,32
05/21/2001,TWF,ID,ANM,WE,Combination Non-Radar Approach Control & Tower w/o Radar,0,25,8,0,33,0,2,59,0,61,0,27,67,0,94,48,0,48,142
05/22/2001,TWF,ID,ANM,WE,Combination Non-Radar Approach Control & Tower w/o Radar,0,30,13,0,43,0,5,77,0,82,0,35,90,0,125,22,0,22,147
05/23/2001,TWF,ID,ANM,WE,Combination Non-Radar Approach Control & Tower w/o Radar,0,26,2,0,28,0,5,52,0,57,0,31,54,0,85,40,0,40,125
05/24/2001,TWF,ID,ANM,WE,Combination Non-Radar Approach Control & Tower w/o Radar,2,30,12,0,44,0,2,69,0,71,2,32,81,0,115,62,0,62,177
05/25/2001,TWF,ID,ANM,WE,Combination Non-Radar Approach Control & Tower w/o Radar,0,23,4,2,29,0,0,64,3,67,0,23,68,5,96,64,0,64,160
05/26/2001,TWF,ID,ANM,WE,Combination Non-Radar Approach Control & Tower w/o Radar,0,16,0,0,16,0,2,77,0,79,0,18,77,0,95,4,0,4,99
05/27/2001,TWF,ID,ANM,WE,Combination Non-Radar Approach Control & Tower w/o Radar,0,11,3,0,14,0,5,41,0,46,0,16,44,0,60,0,0,0,60
05/28/2001,TWF,ID,ANM,WE,Combination Non-Radar Approach Control & Tower w/o Radar,0,11,7,2,20,0,0,72,0,72,0,11,79,2,92,12,0,12,104
05/29/2001,TWF,ID,ANM,WE,Combination Non-Radar Approach Control & Tower w/o Radar,0,25,8,3,36,0,2,17,5,24,0,27,25,8,60,4,6,10,70
05/30/2001,TWF,ID,ANM,WE,Combination Non-Radar Approach Control & Tower w/o Radar,0,30,15,0,45,0,8,30,0,38,0,38,45,0,83,8,0,8,91
05/31/2001,TWF,ID,ANM,WE,Combination Non-Radar Approach Control & Tower w/o Radar,2,32,11,0,45,0,8,64,0,72,2,40,75,0,117,4,0,4,121
06/01/2001,TWF,ID,ANM,WE,Combination Non-Radar Approach Control & Tower w/o Radar,0,30,3,0,33,0,4,82,0,86,0,34,85,0,119,88,0,88,207
06/02/2001,TWF,ID,ANM,WE,Combination Non-Radar Approach Control & Tower w/o Radar,0,17,5,0,22,0,3,25,2,30,0,20,30,2,52,30,0,30,82
06/03/2001,TWF,ID,ANM,WE,Combination Non-Radar Approach Control & Tower w/o Radar,0,13,5,0,18,0,3,13,0,16,0,16,18,0,34,0,0,0,34
06/04/2001,TWF,ID,ANM,WE,Combination Non-Radar Approach Control & Tower w/o Radar,0,26,11,0,37,0,6,35,0,41,0,32,46,0,78,54,0,54,132
06/05/2001,TWF,ID,ANM,WE,Combination Non-Radar Approach Control & Tower w/o Radar,0,30,11,0,41,0,8,71,0,79,0,38,82,0,120,6,0,6,126
06/06/2001,TWF,ID,ANM,WE,Combination Non-Radar Approach Control & Tower w/o Radar,0,32,11,6,49,0,6,109,4,119,0,38,120,10,168,66,10,76,244
06/07/2001,TWF,ID,ANM,WE,Combination Non-Radar Approach Control & Tower w/o Radar,2,30,11,2,45,0,7,81,0,88,2,37,92,2,133,30,8,38,171
06/08/2001,TWF,ID,ANM,WE,Combination Non-Radar Approach Control & Tower w/o Radar,0,26,10,0,36,0,6,75,0,81,0,32,85,0,117,22,0,22,139
06/09/2001,TWF,ID,ANM,WE,Combination Non-Radar Approach Control & Tower w/o Radar,0,18,8,0,26,0,4,69,0,73,0,22,77,0,99,20,0,20,119
06/10/2001,TWF,ID,ANM,WE,Combination Non-Radar Approach Control & Tower w/o Radar,0,14,1,0,15,0,0,58,0,58,0,14,59,0,73,0,0,0,73
06/11/2001,TWF,ID,ANM,WE,Combination Non-Radar Approach Control & Tower w/o Radar,0,22,5,0,27,0,7,31,0,38,0,29,36,0,65,30,0,30,95
06/12/2001,TWF,ID,ANM,WE,Combination Non-Radar Approach Control & Tower w/o Radar,0,31,9,0,40,0,4,9,0,13,0,35,18,0,53,2,0,2,55
06/13/2001,TWF,ID,ANM,WE,Combination Non-Radar Approach Control & Tower w/o Radar,0,29,8,1,38,0,0,14,1,15,0,29,22,2,53,8,0,8,61
06/14/2001,TWF,ID,ANM,WE,Combination Non-Radar Approach Control & Tower w/o Radar,0,21,6,0,27,2,6,92,0,100,2,27,98,0,127,48,0,48,175
06/15/2001,TWF,ID,ANM,WE,Combination Non-Radar Approach Control & Tower w/o Radar,0,22,5,0,27,0,2,30,0,32,0,24,35,0,59,48,0,48,107
06/16/2001,TWF,ID,ANM,WE,Combination Non-Radar Approach Control & Tower w/o Radar,0,15,5,0,20,0,2,87,0,89,0,17,92,0,109,22,0,22,131
06/17/2001,TWF,ID,ANM,WE,Combination Non-Radar Approach Control & Tower w/o Radar,0,11,1,0,12,0,4,59,0,63,0,15,60,0,75,10,0,10,85
06/18/2001,TWF,ID,ANM,WE,Combination Non-Radar Approach Control & Tower w/o Radar,0,26,3,0,29,0,3,33,0,36,0,29,36,0,65,38,0,38,103
06/19/2001,TWF,ID,ANM,WE,Combination Non-Radar Approach Control & Tower w/o Radar,0,34,13,0,47,0,0,90,0,90,0,34,103,0,137,42,0,42,179
06/20/2001,TWF,ID,ANM,WE,Combination Non-Radar Approach Control & Tower w/o Radar,0,32,12,0,44,0,0,102,8,110,0,32,114,8,154,26,8,34,188
06/21/2001,TWF,ID,ANM,WE,Combination Non-Radar Approach Control & Tower w/o Radar,2,32,5,0,39,0,3,67,0,70,2,35,72,0,109,32,0,32,141
06/22/2001,TWF,ID,ANM,WE,Combination Non-Radar Approach Control & Tower w/o Radar,0,27,5,0,32,0,4,98,0,102,0,31,103,0,134,72,0,72,206
06/23/2001,TWF,ID,ANM,WE,Combination Non-Radar Approach Control & Tower w/o Radar,0,17,4,0,21,0,2,55,0,57,0,19,59,0,78,22,0,22,100
06/24/2001,TWF,ID,ANM,WE,Combination Non-Radar Approach Control & Tower w/o Radar,0,20,8,0,28,0,0,70,0,70,0,20,78,0,98,6,0,6,104
06/25/2001,TWF,ID,ANM,WE,Combination Non-Radar Approach Control & Tower w/o Radar,0,26,11,0,37,0,2,53,0,55,0,28,64,0,92,72,0,72,164
06/26/2001,TWF,ID,ANM,WE,Combination Non-Radar Approach Control & Tower w/o Radar,0,32,12,2,46,0,0,54,0,54,0,32,66,2,100,0,15,15,115
06/27/2001,TWF,ID,ANM,WE,Combination Non-Radar Approach Control & Tower w/o Radar,0,31,6,4,41,0,1,41,4,46,0,32,47,8,87,34,8,42,129
06/28/2001,TWF,ID,ANM,WE,Combination Non-Radar Approach Control & Tower w/o Radar,0,33,5,0,38,0,0,62,0,62,0,33,67,0,100,4,0,4,104
06/29/2001,TWF,ID,ANM,WE,Combination Non-Radar Approach Control & Tower w/o Radar,0,37,6,0,43,0,1,96,0,97,0,38,102,0,140,48,0,48,188
06/30/2001,TWF,ID,ANM,WE,Combination Non-Radar Approach Control & Tower w/o Radar,0,17,17,0,34,0,1,80,0,81,0,18,97,0,115,60,0,60,175
07/01/2001,TWF,ID,ANM,WE,Combination Non-Radar Approach Control & Tower w/o Radar,0,6,3,0,9,0,7,50,0,57,0,13,53,0,66,10,0,10,76
07/02/2001,TWF,ID,ANM,WE,Combination Non-Radar Approach Control & Tower w/o Radar,0,22,5,2,29,0,7,70,2,79,0,29,75,4,108,36,0,36,144
07/03/2001,TWF,ID,ANM,WE,Combination Non-Radar Approach Control & Tower w/o Radar,0,26,4,4,34,0,12,58,0,70,0,38,62,4,104,36,6,42,146
07/04/2001,TWF,ID,ANM,WE,Combination Non-Radar Approach Control & Tower w/o Radar,0,10,6,1,17,0,0,91,0,91,0,10,97,1,108,2,0,2,110
07/05/2001,TWF,ID,ANM,WE,Combination Non-Radar Approach Control & Tower w/o Radar,2,27,4,0,33,0,4,83,0,87,2,31,87,0,120,18,0,18,138
07/06/2001,TWF,ID,ANM,WE,Combination Non-Radar Approach Control & Tower w/o Radar,0,26,5,0,31,0,3,87,0,90,0,29,92,0,121,8,0,8,129
07/07/2001,TWF,ID,ANM,WE,Combination Non-Radar Approach Control & Tower w/o Radar,0,16,5,0,21,0,7,67,0,74,0,23,72,0,95,8,0,8,103
07/08/2001,TWF,ID,ANM,WE,Combination Non-Radar Approach Control & Tower w/o Radar,0,13,2,0,15,0,1,50,0,51,0,14,52,0,66,20,0,20,86
07/09/2001,TWF,ID,ANM,WE,Combination Non-Radar Approach Control & Tower w/o Radar,0,27,8,3,38,0,7,52,1,60,0,34,60,4,98,60,4,64,162
07/10/2001,TWF,ID,ANM,WE,Combination Non-Radar Approach Control & Tower w/o Radar,0,37,18,0,55,0,12,78,1,91,0,49,96,1,146,34,0,34,180
07/11/2001,TWF,ID,ANM,WE,Combination Non-Radar Approach Control & Tower w/o Radar,0,34,11,0,45,0,8,107,0,115,0,42,118,0,160,32,0,32,192
07/12/2001,TWF,ID,ANM,WE,Combination Non-Radar Approach Control & Tower w/o Radar,2,32,5,6,45,0,5,86,8,99,2,37,91,14,144,12,6,18,162
07/13/2001,TWF,ID,ANM,WE,Combination Non-Radar Approach Control & Tower w/o Radar,0,29,6,4,39,0,10,125,6,141,0,39,131,10,180,56,6,62,242
07/14/2001,TWF,ID,ANM,WE,Combination Non-Radar Approach Control & Tower w/o Radar,0,21,18,0,39,0,0,108,0,108,0,21,126,0,147,44,0,44,191
07/15/2001,TWF,ID,ANM,WE,Combination Non-Radar Approach Control & Tower w/o Radar,0,15,2,0,17,0,0,63,0,63,0,15,65,0,80,0,0,0,80
07/16/2001,TWF,ID,ANM,WE,Combination Non-Radar Approach Control & Tower w/o Radar,0,29,8,0,37,0,3,68,0,71,0,32,76,0,108,14,0,14,122
07/17/2001,TWF,ID,ANM,WE,Combination Non-Radar Approach Control & Tower w/o Radar,0,30,2,0,32,0,6,72,0,78,0,36,74,0,110,54,0,54,164
07/18/2001,TWF,ID,ANM,WE,Combination Non-Radar Approach Control & Tower w/o Radar,0,32,9,0,41,0,5,91,2,98,0,37,100,2,139,54,0,54,193
07/19/2001,TWF,ID,ANM,WE,Combination Non-Radar Approach Control & Tower w/o Radar,0,32,11,2,45,2,0,89,6,97,2,32,100,8,142,118,14,132,274
07/20/2001,TWF,ID,ANM,WE,Combination Non-Radar Approach Control & Tower w/o Radar,0,27,7,0,34,0,1,80,2,83,0,28,87,2,117,58,0,58,175
07/21/2001,TWF,ID,ANM,WE,Combination Non-Radar Approach Control & Tower w/o Radar,0,17,12,0,29,0,1,115,0,116,0,18,127,0,145,46,0,46,191
07/22/2001,TWF,ID,ANM,WE,Combination Non-Radar Approach Control & Tower w/o Radar,0,14,8,0,22,0,0,84,0,84,0,14,92,0,106,8,0,8,114
07/23/2001,TWF,ID,ANM,WE,Combination Non-Radar Approach Control & Tower w/o Radar,0,28,3,5,36,0,6,69,3,78,0,34,72,8,114,52,12,64,178
07/24/2001,TWF,ID,ANM,WE,Combination Non-Radar Approach Control & Tower w/o Radar,0,34,13,11,58,0,6,95,1,102,0,40,108,12,160,34,8,42,202
07/25/2001,TWF,ID,ANM,WE,Combination Non-Radar Approach Control & Tower w/o Radar,0,28,13,2,43,0,11,94,4,109,0,39,107,6,152,57,32,89,241
07/26/2001,TWF,ID,ANM,WE,Combination Non-Radar Approach Control & Tower w/o Radar,0,33,16,0,49,0,5,85,0,90,0,38,101,0,139,16,0,16,155
07/27/2001,TWF,ID,ANM,WE,Combination Non-Radar Approach Control & Tower w/o Radar,0,29,11,1,41,0,3,131,5,139,0,32,142,6,180,12,6,18,198
07/28/2001,TWF,ID,ANM,WE,Combination Non-Radar Approach Control & Tower w/o Radar,0,17,4,0,21,0,4,143,20,167,0,21,147,20,188,20,0,20,208
07/29/2001,TWF,ID,ANM,WE,Combination Non-Radar Approach Control & Tower w/o Radar,0,15,3,0,18,0,0,66,0,66,0,15,69,0,84,4,0,4,88
07/30/2001,TWF,ID,ANM,WE,Combination Non-Radar Approach Control & Tower w/o Radar,0,25,3,0,28,0,3,45,0,48,0,28,48,0,76,68,0,68,144
07/31/2001,TWF,ID,ANM,WE,Combination Non-Radar Approach Control & Tower w/o Radar,0,30,18,2,50,0,9,100,4,113,0,39,118,6,163,56,20,76,239
08/01/2001,TWF,ID,ANM,WE,Combination Non-Radar Approach Control & Tower w/o Radar,0,25,10,2,37,0,6,89,0,95,0,31,99,2,132,98,14,112,244
08/02/2001,TWF,ID,ANM,WE,Combination Non-Radar Approach Control & Tower w/o Radar,2,25,9,0,36,0,6,82,0,88,2,31,91,0,124,44,0,44,168
08/03/2001,TWF,ID,ANM,WE,Combination Non-Radar Approach Control & Tower w/o Radar,0,27,7,0,34,0,4,73,0,77,0,31,80,0,111,34,0,34,145
08/04/2001,TWF,ID,ANM,WE,Combination Non-Radar Approach Control & Tower w/o Radar,0,19,14,4,37,0,8,134,0,142,0,27,148,4,179,32,0,32,211
08/05/2001,TWF,ID,ANM,WE,Combination Non-Radar Approach Control & Tower w/o Radar,0,12,2,0,14,0,0,76,0,76,0,12,78,0,90,50,0,50,140
08/06/2001,TWF,ID,ANM,WE,Combination Non-Radar Approach Control & Tower w/o Radar,0,25,8,2,35,0,10,103,0,113,0,35,111,2,148,94,0,94,242
08/07/2001,TWF,ID,ANM,WE,Combination Non-Radar Approach Control & Tower w/o Radar,0,27,6,0,33,0,13,91,0,104,0,40,97,0,137,74,0,74,211
08/08/2001,TWF,ID,ANM,WE,Combination Non-Radar Approach Control & Tower w/o Radar,0,28,4,4,36,0,6,59,4,69,0,34,63,8,105,58,12,70,175
08/09/2001,TWF,ID,ANM,WE,Combination Non-Radar Approach Control & Tower w/o Radar,0,28,4,0,32,0,4,100,0,104,0,32,104,0,136,48,0,48,184
08/10/2001,TWF,ID,ANM,WE,Combination Non-Radar Approach Control & Tower w/o Radar,0,28,9,4,41,0,0,111,8,119,0,28,120,12,160,12,2,14,174
08/11/2001,TWF,ID,ANM,WE,Combination Non-Radar Approach Control & Tower w/o Radar,0,17,10,0,27,0,4,101,0,105,0,21,111,0,132,14,0,14,146
08/12/2001,TWF,ID,ANM,WE,Combination Non-Radar Approach Control & Tower w/o Radar,0,13,3,0,16,0,0,56,0,56,0,13,59,0,72,4,0,4,76
08/13/2001,TWF,ID,ANM,WE,Combination Non-Radar Approach Control & Tower w/o Radar,0,23,4,0,27,0,11,80,0,91,0,34,84,0,118,18,0,18,136
08/14/2001,TWF,ID,ANM,WE,Combination Non-Radar Approach Control & Tower w/o Radar,0,27,5,0,32,0,13,105,0,118,0,40,110,0,150,30,0,30,180
08/15/2001,TWF,ID,ANM,WE,Combination Non-Radar Approach Control & Tower w/o Radar,0,30,0,0,30,0,9,95,0,104,0,39,95,0,134,30,0,30,164
08/16/2001,TWF,ID,ANM,WE,Combination Non-Radar Approach Control & Tower w/o Radar,2,29,9,10,50,0,2,98,0,100,2,31,107,10,150,40,10,50,200
08/17/2001,TWF,ID,ANM,WE,Combination Non-Radar Approach Control & Tower w/o Radar,0,24,2,7,33,0,6,86,3,95,0,30,88,10,128,12,0,12,140
08/18/2001,TWF,ID,ANM,WE,Combination Non-Radar Approach Control & Tower w/o Radar,0,22,8,0,30,0,1,62,0,63,0,23,70,0,93,10,0,10,103
08/19/2001,TWF,ID,ANM,WE,Combination Non-Radar Approach Control & Tower w/o Radar,0,13,4,1,18,0,1,41,0,42,0,14,45,1,60,10,0,10,70
08/20/2001,TWF,ID,ANM,WE,Combination Non-Radar Approach Control & Tower w/o Radar,0,23,2,0,25,0,11,89,2,102,0,34,91,2,127,34,0,34,161
08/21/2001,TWF,ID,ANM,WE,Combination Non-Radar Approach Control & Tower w/o Radar,0,26,5,3,34,0,9,77,1,87,0,35,82,4,121,14,0,14,135
08/22/2001,TWF,ID,ANM,WE,Combination Non-Radar Approach Control & Tower w/o Radar,0,34,4,0,38,0,9,86,0,95,0,43,90,0,133,36,0,36,169
08/23/2001,TWF,ID,ANM,WE,Combination Non-Radar Approach Control & Tower w/o Radar,2,33,6,0,41,0,5,80,1,86,2,38,86,1,127,40,0,40,167
08/24/2001,TWF,ID,ANM,WE,Combination Non-Radar Approach Control & Tower w/o Radar,0,27,3,8,38,0,1,64,12,77,0,28,67,20,115,22,22,44,159
08/25/2001,TWF,ID,ANM,WE,Combination Non-Radar Approach Control & Tower w/o Radar,0,18,0,0,18,0,0,67,3,70,0,18,67,3,88,62,0,62,150
08/26/2001,TWF,ID,ANM,WE,Combination Non-Radar Approach Control & Tower w/o Radar,0,13,2,0,15,0,0,61,0,61,0,13,63,0,76,30,0,30,106
08/27/2001,TWF,ID,ANM,WE,Combination Non-Radar Approach Control & Tower w/o Radar,0,25,4,0,29,0,9,40,0,49,0,34,44,0,78,16,0,16,94
08/28/2001,TWF,ID,ANM,WE,Combination Non-Radar Approach Control & Tower w/o Radar,0,33,19,12,64,0,5,32,0,37,0,38,51,12,101,34,4,38,139
08/29/2001,TWF,ID,ANM,WE,Combination Non-Radar Approach Control & Tower w/o Radar,0,30,5,4,39,0,2,54,4,60,0,32,59,8,99,10,20,30,129
08/30/2001,TWF,ID,ANM,WE,Combination Non-Radar Approach Control & Tower w/o Radar,2,33,12,10,57,0,0,83,2,85,2,33,95,12,142,20,22,42,184
08/31/2001,TWF,ID,ANM,WE,Combination Non-Radar Approach Control & Tower w/o Radar,0,32,13,4,49,0,9,76,2,87,0,41,89,6,136,40,2,42,178
09/01/2001,TWF,ID,ANM,WE,Combination Non-Radar Approach Control & Tower w/o Radar,0,12,10,0,22,0,5,57,0,62,0,17,67,0,84,40,0,40,124
09/02/2001,TWF,ID,ANM,WE,Combination Non-Radar Approach Control & Tower w/o Radar,0,11,2,0,13,0,3,39,0,42,0,14,41,0,55,14,0,14,69
09/03/2001,TWF,ID,ANM,WE,Combination Non-Radar Approach Control & Tower w/o Radar,0,10,15,0,25,0,1,79,0,80,0,11,94,0,105,10,0,10,115
09/04/2001,TWF,ID,ANM,WE,Combination Non-Radar Approach Control & Tower w/o Radar,0,18,3,0,21,0,12,47,0,59,0,30,50,0,80,44,0,44,124
09/05/2001,TWF,ID,ANM,WE,Combination Non-Radar Approach Control & Tower w/o Radar,0,30,4,0,34,0,2,34,0,36,0,32,38,0,70,0,0,0,70
09/06/2001,TWF,ID,ANM,WE,Combination Non-Radar Approach Control & Tower w/o Radar,0,28,9,0,37,0,4,14,0,18,0,32,23,0,55,0,0,0,55
09/07/2001,TWF,ID,ANM,WE,Combination Non-Radar Approach Control & Tower w/o Radar,0,29,7,3,39,0,6,93,3,102,0,35,100,6,141,12,0,12,153
09/08/2001,TWF,ID,ANM,WE,Combination Non-Radar Approach Control & Tower w/o Radar,0,16,7,0,23,0,4,84,0,88,0,20,91,0,111,56,4,60,171
09/09/2001,TWF,ID,ANM,WE,Combination Non-Radar Approach Control & Tower w/o Radar,0,13,5,2,20,0,0,66,3,69,0,13,71,5,89,10,6,16,105
09/10/2001,TWF,ID,ANM,WE,Combination Non-Radar Approach Control & Tower w/o Radar,0,26,3,0,29,0,7,65,0,72,0,33,68,0,101,48,0,48,149
09/11/2001,TWF,ID,ANM,WE,Combination Non-Radar Approach Control & Tower w/o Radar,0,5,3,0,8,0,2,3,0,5,0,7,6,0,13,0,0,0,13
09/12/2001,TWF,ID,ANM,WE,Combination Non-Radar Approach Control & Tower w/o Radar,0,0,0,0,0,0,0,1,0,1,0,0,1,0,1,0,0,0,1
09/13/2001,TWF,ID,ANM,WE,Combination Non-Radar Approach Control & Tower w/o Radar,0,2,0,0,2,0,0,0,0,0,0,2,0,0,2,0,0,0,2
09/14/2001,TWF,ID,ANM,WE,Combination Non-Radar Approach Control & Tower w/o Radar,0,25,4,0,29,0,0,11,0,11,0,25,15,0,40,6,0,6,46
09/15/2001,TWF,ID,ANM,WE,Combination Non-Radar Approach Control & Tower w/o Radar,0,22,15,0,37,0,0,0,0,0,0,22,15,0,37,0,0,0,37
09/16/2001,TWF,ID,ANM,WE,Combination Non-Radar Approach Control & Tower w/o Radar,0,14,10,0,24,0,0,14,0,14,0,14,24,0,38,0,0,0,38
09/17/2001,TWF,ID,ANM,WE,Combination Non-Radar Approach Control & Tower w/o Radar,0,33,20,2,55,0,1,11,0,12,0,34,31,2,67,0,0,0,67
09/18/2001,TWF,ID,ANM,WE,Combination Non-Radar Approach Control & Tower w/o Radar,0,35,16,0,51,0,5,12,0,17,0,40,28,0,68,0,0,0,68
09/19/2001,TWF,ID,ANM,WE,Combination Non-Radar Approach Control & Tower w/o Radar,0,35,12,0,47,0,4,10,0,14,0,39,22,0,61,2,0,2,63
09/20/2001,TWF,ID,ANM,WE,Combination Non-Radar Approach Control & Tower w/o Radar,0,29,5,0,34,0,2,31,0,33,0,31,36,0,67,0,0,0,67
09/21/2001,TWF,ID,ANM,WE,Combination Non-Radar Approach Control & Tower w/o Radar,0,31,9,0,40,0,6,22,0,28,0,37,31,0,68,0,0,0,68
09/22/2001,TWF,ID,ANM,WE,Combination Non-Radar Approach Control & Tower w/o Radar,0,19,12,0,31,0,4,40,0,44,0,23,52,0,75,30,0,30,105
09/23/2001,TWF,ID,ANM,WE,Combination Non-Radar Approach Control & Tower w/o Radar,0,15,7,0,22,0,0,34,0,34,0,15,41,0,56,16,0,16,72
09/24/2001,TWF,ID,ANM,WE,Combination Non-Radar Approach Control & Tower w/o Radar,0,32,5,6,43,0,1,26,0,27,0,33,31,6,70,0,0,0,70
09/25/2001,TWF,ID,ANM,WE,Combination Non-Radar Approach Control & Tower w/o Radar,0,31,1,3,35,0,5,11,3,19,0,36,12,6,54,6,0,6,60
09/26/2001,TWF,ID,ANM,WE,Combination Non-Radar Approach Control & Tower w/o Radar,0,32,17,0,49,0,0,54,0,54,0,32,71,0,103,28,0,28,131
09/27/2001,TWF,ID,ANM,WE,Combination Non-Radar Approach Control & Tower w/o Radar,2,33,8,7,50,0,2,58,1,61,2,35,66,8,111,36,16,52,163
09/28/2001,TWF,ID,ANM,WE,Combination Non-Radar Approach Control & Tower w/o Radar,0,30,12,2,44,0,1,44,0,45,0,31,56,2,89,0,0,0,89
09/29/2001,TWF,ID,ANM,WE,Combination Non-Radar Approach Control & Tower w/o Radar,0,19,13,0,32,0,2,71,0,73,0,21,84,0,105,22,0,22,127
09/30/2001,TWF,ID,ANM,WE,Combination Non-Radar Approach Control & Tower w/o Radar,0,11,2,0,13,0,2,28,4,34,0,13,30,4,47,0,0,0,47
10/01/2001,TWF,ID,ANM,WE,Combination Non-Radar Approach Control & Tower w/o Radar,0,23,11,0,34,0,7,18,0,25,0,30,29,0,59,12,0,12,71
10/02/2001,TWF,ID,ANM,WE,Combination Non-Radar Approach Control & Tower w/o Radar,0,30,3,6,39,0,2,29,6,37,0,32,32,12,76,26,4,30,106
10/03/2001,TWF,ID,ANM,WE,Combination Non-Radar Approach Control & Tower w/o Radar,0,31,17,0,48,0,4,39,0,43,0,35,56,0,91,18,0,18,109
10/04/2001,TWF,ID,ANM,WE,Combination Non-Radar Approach Control & Tower w/o Radar,0,32,11,2,45,0,3,26,2,31,0,35,37,4,76,0,0,0,76
10/05/2001,TWF,ID,ANM,WE,Combination Non-Radar Approach Control & Tower w/o Radar,0,28,15,0,43,0,2,32,0,34,0,30,47,0,77,10,0,10,87
10/06/2001,TWF,ID,ANM,WE,Combination Non-Radar Approach Control & Tower w/o Radar,0,18,5,0,23,0,2,21,0,23,0,20,26,0,46,20,0,20,66
10/07/2001,TWF,ID,ANM,WE,Combination Non-Radar Approach Control & Tower w/o Radar,0,13,7,0,20,0,1,34,0,35,0,14,41,0,55,54,0,54,109
10/08/2001,TWF,ID,ANM,WE,Combination Non-Radar Approach Control & Tower w/o Radar,0,17,15,0,32,0,1,31,0,32,0,18,46,0,64,26,0,26,90
10/09/2001,TWF,ID,ANM,WE,Combination Non-Radar Approach Control & Tower w/o Radar,0,31,12,1,44,0,5,14,1,20,0,36,26,2,64,0,0,0,64
10/10/2001,TWF,ID,ANM,WE,Combination Non-Radar Approach Control & Tower w/o Radar,0,27,11,14,52,0,5,35,0,40,0,32,46,14,92,30,0,30,122
10/11/2001,TWF,ID,ANM,WE,Combination Non-Radar Approach Control & Tower w/o Radar,2,30,4,0,36,0,1,6,0,7,2,31,10,0,43,4,0,4,47
10/12/2001,TWF,ID,ANM,WE,Combination Non-Radar Approach Control & Tower w/o Radar,0,25,16,0,41,0,4,38,0,42,0,29,54,0,83,24,0,24,107
10/13/2001,TWF,ID,ANM,WE,Combination Non-Radar Approach Control & Tower w/o Radar,0,16,10,0,26,0,0,16,0,16,0,16,26,0,42,32,0,32,74
10/14/2001,TWF,ID,ANM,WE,Combination Non-Radar Approach Control & Tower w/o Radar,0,13,6,2,21,0,2,12,4,18,0,15,18,6,39,0,2,2,41
10/15/2001,TWF,ID,ANM,WE,Combination Non-Radar Approach Control & Tower w/o Radar,0,29,13,0,42,0,0,66,0,66,0,29,79,0,108,28,0,28,136
10/16/2001,TWF,ID,ANM,WE,Combination Non-Radar Approach Control & Tower w/o Radar,0,36,18,2,56,0,0,14,0,14,0,36,32,2,70,14,0,14,84
10/17/2001,TWF,ID,ANM,WE,Combination Non-Radar Approach Control & Tower w/o Radar,0,35,18,3,56,0,3,12,4,19,0,38,30,7,75,0,6,6,81
10/18/2001,TWF,ID,ANM,WE,Combination Non-Radar Approach Control & Tower w/o Radar,2,31,8,0,41,0,1,21,2,24,2,32,29,2,65,4,0,4,69
10/19/2001,TWF,ID,ANM,WE,Combination Non-Radar Approach Control & Tower w/o Radar,0,29,20,0,49,0,2,34,2,38,0,31,54,2,87,14,2,16,103
10/20/2001,TWF,ID,ANM,WE,Combination Non-Radar Approach Control & Tower w/o Radar,0,16,13,0,29,0,3,50,0,53,0,19,63,0,82,6,0,6,88
10/21/2001,TWF,ID,ANM,WE,Combination Non-Radar Approach Control & Tower w/o Radar,0,13,1,0,14,0,1,35,0,36,0,14,36,0,50,28,0,28,78
10/22/2001,TWF,ID,ANM,WE,Combination Non-Radar Approach Control & Tower w/o Radar,0,30,5,0,35,0,1,18,8,27,0,31,23,8,62,0,10,10,72
10/23/2001,TWF,ID,ANM,WE,Combination Non-Radar Approach Control & Tower w/o Radar,0,33,5,4,42,0,5,9,2,16,0,38,14,6,58,0,0,0,58
10/24/2001,TWF,ID,ANM,WE,Combination Non-Radar Approach Control & Tower w/o Radar,0,30,7,0,37,0,7,25,0,32,0,37,32,0,69,2,0,2,71
10/25/2001,TWF,ID,ANM,WE,Combination Non-Radar Approach Control & Tower w/o Radar,2,32,7,4,45,0,1,27,2,30,2,33,34,6,75,12,0,12,87
10/26/2001,TWF,ID,ANM,WE,Combination Non-Radar Approach Control & Tower w/o Radar,0,28,18,4,50,0,5,29,4,38,0,33,47,8,88,6,16,22,110
10/27/2001,TWF,ID,ANM,WE,Combination Non-Radar Approach Control & Tower w/o Radar,0,15,3,0,18,0,1,65,0,66,0,16,68,0,84,30,0,30,114
10/28/2001,TWF,ID,ANM,WE,Combination Non-Radar Approach Control & Tower w/o Radar,0,13,8,0,21,0,0,29,0,29,0,13,37,0,50,32,0,32,82
10/29/2001,TWF,ID,ANM,WE,Combination Non-Radar Approach Control & Tower w/o Radar,0,29,9,0,38,0,6,39,0,45,0,35,48,0,83,26,0,26,109
10/30/2001,TWF,ID,ANM,WE,Combination Non-Radar Approach Control & Tower w/o Radar,0,28,5,0,33,0,5,3,0,8,0,33,8,0,41,2,0,2,43
10/31/2001,TWF,ID,ANM,WE,Combination Non-Radar Approach Control & Tower w/o Radar,0,29,6,0,35,0,3,22,0,25,0,32,28,0,60,2,0,2,62
11/01/2001,TWF,ID,ANM,WE,Combination Non-Radar Approach Control & Tower w/o Radar,0,31,9,6,46,0,1,31,2,34,0,32,40,8,80,24,0,24,104
11/02/2001,TWF,ID,ANM,WE,Combination Non-Radar Approach Control & Tower w/o Radar,0,28,18,4,50,0,2,52,0,54,0,30,70,4,104,32,8,40,144
11/03/2001,TWF,ID,ANM,WE,Combination Non-Radar Approach Control & Tower w/o Radar,0,17,8,1,26,0,4,33,3,40,0,21,41,4,66,0,0,0,66
11/04/2001,TWF,ID,ANM,WE,Combination Non-Radar Approach Control & Tower w/o Radar,0,14,5,1,20,0,2,53,1,56,0,16,58,2,76,18,10,28,104
11/05/2001,TWF,ID,ANM,WE,Combination Non-Radar Approach Control & Tower w/o Radar,0,24,14,0,38,0,0,39,0,39,0,24,53,0,77,18,0,18,95
11/06/2001,TWF,ID,ANM,WE,Combination Non-Radar Approach Control & Tower w/o Radar,0,27,9,0,36,0,10,24,0,34,0,37,33,0,70,2,0,2,72
11/07/2001,TWF,ID,ANM,WE,Combination Non-Radar Approach Control & Tower w/o Radar,0,24,5,4,33,0,2,30,0,32,0,26,35,4,65,44,24,68,133
11/08/2001,TWF,ID,ANM,WE,Combination Non-Radar Approach Control & Tower w/o Radar,2,30,11,0,43,0,7,17,0,24,2,37,28,0,67,24,0,24,91
11/09/2001,TWF,ID,ANM,WE,Combination Non-Radar Approach Control & Tower w/o Radar,0,31,3,0,34,0,1,39,0,40,0,32,42,0,74,22,0,22,96
11/10/2001,TWF,ID,ANM,WE,Combination Non-Radar Approach Control & Tower w/o Radar,0,18,8,0,26,0,4,44,0,48,0,22,52,0,74,20,0,20,94
11/11/2001,TWF,ID,ANM,WE,Combination Non-Radar Approach Control & Tower w/o Radar,0,11,4,0,15,0,2,33,0,35,0,13,37,0,50,14,2,16,66
11/12/2001,TWF,ID,ANM,WE,Combination Non-Radar Approach Control & Tower w/o Radar,0,21,7,0,28,0,1,36,0,37,0,22,43,0,65,82,0,82,147
11/13/2001,TWF,ID,ANM,WE,Combination Non-Radar Approach Control & Tower w/o Radar,0,32,9,4,45,0,6,11,2,19,0,38,20,6,64,58,2,60,124
11/14/2001,TWF,ID,ANM,WE,Combination Non-Radar Approach Control & Tower w/o Radar,0,32,4,0,36,0,1,20,0,21,0,33,24,0,57,6,0,6,63
11/15/2001,TWF,ID,ANM,WE,Combination Non-Radar Approach Control & Tower w/o Radar,2,29,6,14,51,0,4,18,0,22,2,33,24,14,73,14,12,26,99
11/16/2001,TWF,ID,ANM,WE,Combination Non-Radar Approach Control & Tower w/o Radar,0,29,4,14,47,0,3,39,0,42,0,32,43,14,89,40,14,54,143
11/17/2001,TWF,ID,ANM,WE,Combination Non-Radar Approach Control & Tower w/o Radar,0,19,9,2,30,0,2,61,0,63,0,21,70,2,93,4,24,28,121
11/18/2001,TWF,ID,ANM,WE,Combination Non-Radar Approach Control & Tower w/o Radar,2,22,6,1,31,0,0,28,1,29,2,22,34,2,60,20,0,20,80
11/19/2001,TWF,ID,ANM,WE,Combination Non-Radar Approach Control & Tower w/o Radar,0,27,5,2,34,0,2,24,0,26,0,29,29,2,60,54,12,66,126
11/20/2001,TWF,ID,ANM,WE,Combination Non-Radar Approach Control & Tower w/o Radar,0,34,16,2,52,0,6,35,0,41,0,40,51,2,93,72,0,72,165
11/21/2001,TWF,ID,ANM,WE,Combination Non-Radar Approach Control & Tower w/o Radar,0,32,4,19,55,0,4,21,8,33,0,36,25,27,88,32,22,54,142
11/22/2001,TWF,ID,ANM,WE,Combination Non-Radar Approach Control & Tower w/o Radar,0,13,3,0,16,0,0,0,0,0,0,13,3,0,16,0,0,0,16
11/23/2001,TWF,ID,ANM,WE,Combination Non-Radar Approach Control & Tower w/o Radar,0,26,12,0,38,0,3,3,0,6,0,29,15,0,44,4,0,4,48
11/24/2001,TWF,ID,ANM,WE,Combination Non-Radar Approach Control & Tower w/o Radar,0,26,4,0,30,0,0,4,0,4,0,26,8,0,34,0,0,0,34
11/25/2001,TWF,ID,ANM,WE,Combination Non-Radar Approach Control & Tower w/o Radar,0,23,13,0,36,0,0,17,0,17,0,23,30,0,53,0,0,0,53
11/26/2001,TWF,ID,ANM,WE,Combination Non-Radar Approach Control & Tower w/o Radar,0,28,10,0,38,0,0,21,0,21,0,28,31,0,59,10,0,10,69
11/27/2001,TWF,ID,ANM,WE,Combination Non-Radar Approach Control & Tower w/o Radar,0,30,15,0,45,0,4,9,0,13,0,34,24,0,58,18,0,18,76
11/28/2001,TWF,ID,ANM,WE,Combination Non-Radar Approach Control & Tower w/o Radar,0,36,0,0,36,0,3,1,0,4,0,39,1,0,40,2,0,2,42
11/29/2001,TWF,ID,ANM,WE,Combination Non-Radar Approach Control & Tower w/o Radar,2,43,12,0,57,0,0,11,0,11,2,43,23,0,68,22,0,22,90
11/30/2001,TWF,ID,ANM,WE,Combination Non-Radar Approach Control & Tower w/o Radar,0,32,5,6,43,0,0,14,4,18,0,32,19,10,61,2,10,12,73
12/01/2001,TWF,ID,ANM,WE,Combination Non-Radar Approach Control & Tower w/o Radar,0,27,0,0,27,0,0,9,0,9,0,27,9,0,36,14,0,14,50
12/02/2001,TWF,ID,ANM,WE,Combination Non-Radar Approach Control & Tower w/o Radar,0,27,12,0,39,0,4,6,0,10,0,31,18,0,49,4,0,4,53
12/03/2001,TWF,ID,ANM,WE,Combination Non-Radar Approach Control & Tower w/o Radar,0,33,9,2,44,0,2,11,0,13,0,35,20,2,57,0,0,0,57
12/04/2001,TWF,ID,ANM,WE,Combination Non-Radar Approach Control & Tower w/o Radar,0,38,9,2,49,0,0,6,0,6,0,38,15,2,55,0,0,0,55
12/05/2001,TWF,ID,ANM,WE,Combination Non-Radar Approach Control & Tower w/o Radar,0,56,10,0,66,0,6,3,0,9,0,62,13,0,75,4,0,4,79
12/06/2001,TWF,ID,ANM,WE,Combination Non-Radar Approach Control & Tower w/o Radar,2,54,7,2,65,0,0,2,0,2,2,54,9,2,67,0,0,0,67
12/07/2001,TWF,ID,ANM,WE,Combination Non-Radar Approach Control & Tower w/o Radar,0,32,7,2,41,0,0,23,0,23,0,32,30,2,64,22,0,22,86
12/08/2001,TWF,ID,ANM,WE,Combination Non-Radar Approach Control & Tower w/o Radar,0,17,11,7,35,0,3,26,4,33,0,20,37,11,68,18,14,32,100
12/09/2001,TWF,ID,ANM,WE,Combination Non-Radar Approach Control & Tower w/o Radar,0,15,7,0,22,0,2,19,0,21,0,17,26,0,43,14,0,14,57
12/10/2001,TWF,ID,ANM,WE,Combination Non-Radar Approach Control & Tower w/o Radar,0,59,15,0,74,0,2,1,0,3,0,61,16,0,77,0,0,0,77
12/11/2001,TWF,ID,ANM,WE,Combination Non-Radar Approach Control & Tower w/o Radar,0,38,10,0,48,0,6,0,0,6,0,44,10,0,54,2,0,2,56
12/12/2001,TWF,ID,ANM,WE,Combination Non-Radar Approach Control & Tower w/o Radar,2,33,7,8,50,0,0,4,0,4,2,33,11,8,54,14,0,14,68
12/13/2001,TWF,ID,ANM,WE,Combination Non-Radar Approach Control & Tower w/o Radar,2,53,8,0,63,0,2,2,0,4,2,55,10,0,67,0,0,0,67
12/14/2001,TWF,ID,ANM,WE,Combination Non-Radar Approach Control & Tower w/o Radar,0,51,8,0,59,0,1,3,0,4,0,52,11,0,63,2,0,2,65
12/15/2001,TWF,ID,ANM,WE,Combination Non-Radar Approach Control & Tower w/o Radar,0,21,3,0,24,0,0,27,0,27,0,21,30,0,51,18,0,18,69
12/16/2001,TWF,ID,ANM,WE,Combination Non-Radar Approach Control & Tower w/o Radar,0,35,20,0,55,0,0,22,0,22,0,35,42,0,77,18,0,18,95
12/17/2001,TWF,ID,ANM,WE,Combination Non-Radar Approach Control & Tower w/o Radar,0,49,17,0,66,0,0,4,0,4,0,49,21,0,70,0,0,0,70
12/18/2001,TWF,ID,ANM,WE,Combination Non-Radar Approach Control & Tower w/o Radar,6,64,15,0,85,0,0,22,0,22,6,64,37,0,107,14,0,14,121
12/19/2001,TWF,ID,ANM,WE,Combination Non-Radar Approach Control & Tower w/o Radar,0,47,9,0,56,0,1,1,0,2,0,48,10,0,58,0,0,0,58
12/20/2001,TWF,ID,ANM,WE,Combination Non-Radar Approach Control & Tower w/o Radar,2,37,7,2,48,0,5,23,4,32,2,42,30,6,80,60,12,72,152
12/21/2001,TWF,ID,ANM,WE,Combination Non-Radar Approach Control & Tower w/o Radar,0,41,9,1,51,0,1,9,7,17,0,42,18,8,68,0,0,0,68
12/22/2001,TWF,ID,ANM,WE,Combination Non-Radar Approach Control & Tower w/o Radar,0,23,4,0,27,0,0,39,0,39,0,23,43,0,66,16,0,16,82
12/23/2001,TWF,ID,ANM,WE,Combination Non-Radar Approach Control & Tower w/o Radar,0,20,2,0,22,0,0,18,0,18,0,20,20,0,40,24,0,24,64
12/24/2001,TWF,ID,ANM,WE,Combination Non-Radar Approach Control & Tower w/o Radar,0,38,2,0,40,0,0,8,0,8,0,38,10,0,48,0,0,0,48
12/25/2001,TWF,ID,ANM,WE,Combination Non-Radar Approach Control & Tower w/o Radar,1,15,1,0,17,0,1,2,0,3,1,16,3,0,20,0,0,0,20
12/26/2001,TWF,ID,ANM,WE,Combination Non-Radar Approach Control & Tower w/o Radar,2,46,37,0,85,0,4,14,0,18,2,50,51,0,103,0,0,0,103
12/27/2001,TWF,ID,ANM,WE,Combination Non-Radar Approach Control & Tower w/o Radar,4,95,49,2,150,0,1,11,0,12,4,96,60,2,162,0,0,0,162
12/28/2001,TWF,ID,ANM,WE,Combination Non-Radar Approach Control & Tower w/o Radar,0,44,7,0,51,0,3,31,0,34,0,47,38,0,85,12,0,12,97
12/29/2001,TWF,ID,ANM,WE,Combination Non-Radar Approach Control & Tower w/o Radar,0,28,11,0,39,0,0,6,0,6,0,28,17,0,45,4,0,4,49
12/30/2001,TWF,ID,ANM,WE,Combination Non-Radar Approach Control & Tower w/o Radar,0,16,11,0,27,0,0,2,0,2,0,16,13,0,29,0,0,0,29
12/31/2001,TWF,ID,ANM,WE,Combination Non-Radar Approach Control & Tower w/o Radar,2,56,12,0,70,0,2,1,0,3,2,58,13,0,73,0,0,0,73
01/01/2002,TWF,ID,ANM,WE,Combination Non-Radar Approach Control & Tower w/o Radar,0,17,10,0,27,0,1,1,0,2,0,18,11,0,29,0,0,0,29
01/02/2002,TWF,ID,ANM,WE,Combination Non-Radar Approach Control & Tower w/o Radar,0,33,1,2,36,0,6,11,0,17,0,39,12,2,53,0,2,2,55
01/03/2002,TWF,ID,ANM,WE,Combination Non-Radar Approach Control & Tower w/o Radar,2,69,21,0,92,4,1,8,0,13,6,70,29,0,105,0,0,0,105
01/04/2002,TWF,ID,ANM,WE,Combination Non-Radar Approach Control & Tower w/o Radar,0,33,11,0,44,0,7,0,0,7,0,40,11,0,51,0,0,0,51
01/05/2002,TWF,ID,ANM,WE,Combination Non-Radar Approach Control & Tower w/o Radar,2,21,13,2,38,0,1,33,10,44,2,22,46,12,82,0,22,22,104
01/06/2002,TWF,ID,ANM,WE,Combination Non-Radar Approach Control & Tower w/o Radar,4,40,22,0,66,0,0,0,0,0,4,40,22,0,66,0,0,0,66
01/07/2002,TWF,ID,ANM,WE,Combination Non-Radar Approach Control & Tower w/o Radar,0,32,9,9,50,0,2,28,1,31,0,34,37,10,81,2,0,2,83
01/08/2002,TWF,ID,ANM,WE,Combination Non-Radar Approach Control & Tower w/o Radar,0,29,7,0,36,0,3,28,2,33,0,32,35,2,69,26,0,26,95
01/09/2002,TWF,ID,ANM,WE,Combination Non-Radar Approach Control & Tower w/o Radar,0,49,6,0,55,0,9,6,0,15,0,58,12,0,70,4,0,4,74
01/10/2002,TWF,ID,ANM,WE,Combination Non-Radar Approach Control & Tower w/o Radar,2,38,22,1,63,0,1,13,1,15,2,39,35,2,78,0,0,0,78
01/11/2002,TWF,ID,ANM,WE,Combination Non-Radar Approach Control & Tower w/o Radar,0,30,11,5,46,0,4,18,7,29,0,34,29,12,75,18,0,18,93
01/12/2002,TWF,ID,ANM,WE,Combination Non-Radar Approach Control & Tower w/o Radar,2,22,8,0,32,0,0,27,0,27,2,22,35,0,59,32,0,32,91
01/13/2002,TWF,ID,ANM,WE,Combination Non-Radar Approach Control & Tower w/o Radar,0,14,7,0,21,0,0,23,0,23,0,14,30,0,44,12,0,12,56
01/14/2002,TWF,ID,ANM,WE,Combination Non-Radar Approach Control & Tower w/o Radar,0,29,13,0,42,0,2,32,0,34,0,31,45,0,76,14,0,14,90
01/15/2002,TWF,ID,ANM,WE,Combination Non-Radar Approach Control & Tower w/o Radar,0,31,2,0,33,0,1,1,0,2,0,32,3,0,35,0,0,0,35
01/16/2002,TWF,ID,ANM,WE,Combination Non-Radar Approach Control & Tower w/o Radar,0,28,14,3,45,0,4,19,3,26,0,32,33,6,71,6,6,12,83
01/17/2002,TWF,ID,ANM,WE,Combination Non-Radar Approach Control & Tower w/o Radar,2,31,16,8,57,0,3,4,7,14,2,34,20,15,71,0,14,14,85
01/18/2002,TWF,ID,ANM,WE,Combination Non-Radar Approach Control & Tower w/o Radar,0,32,8,5,45,0,6,4,3,13,0,38,12,8,58,8,18,26,84
01/19/2002,TWF,ID,ANM,WE,Combination Non-Radar Approach Control & Tower w/o Radar,2,36,3,0,41,0,0,4,0,4,2,36,7,0,45,0,0,0,45
01/20/2002,TWF,ID,ANM,WE,Combination Non-Radar Approach Control & Tower w/o Radar,2,25,4,0,31,0,0,2,0,2,2,25,6,0,33,0,0,0,33
01/21/2002,TWF,ID,ANM,WE,Combination Non-Radar Approach Control & Tower w/o Radar,2,64,12,0,78,0,2,1,0,3,2,66,13,0,81,0,0,0,81
01/22/2002,TWF,ID,ANM,WE,Combination Non-Radar Approach Control & Tower w/o Radar,0,30,2,0,32,0,1,7,0,8,0,31,9,0,40,4,0,4,44
01/23/2002,TWF,ID,ANM,WE,Combination Non-Radar Approach Control & Tower w/o Radar,0,32,10,0,42,0,2,15,0,17,0,34,25,0,59,2,0,2,61
01/24/2002,TWF,ID,ANM,WE,Combination Non-Radar Approach Control & Tower w/o Radar,4,36,8,4,52,0,2,15,4,21,4,38,23,8,73,28,0,28,101
01/25/2002,TWF,ID,ANM,WE,Combination Non-Radar Approach Control & Tower w/o Radar,4,41,4,4,53,0,1,6,3,10,4,42,10,7,63,2,16,18,81
01/26/2002,TWF,ID,ANM,WE,Combination Non-Radar Approach Control & Tower w/o Radar,4,40,3,0,47,0,8,7,0,15,4,48,10,0,62,6,0,6,68
01/27/2002,TWF,ID,ANM,WE,Combination Non-Radar Approach Control & Tower w/o Radar,0,17,2,1,20,0,1,6,0,7,0,18,8,1,27,0,0,0,27
01/28/2002,TWF,ID,ANM,WE,Combination Non-Radar Approach Control & Tower w/o Radar,1,31,5,0,37,0,1,12,0,13,1,32,17,0,50,12,0,12,62
01/29/2002,TWF,ID,ANM,WE,Combination Non-Radar Approach Control & Tower w/o Radar,0,28,18,0,46,0,4,13,0,17,0,32,31,0,63,0,0,0,63
01/30/2002,TWF,ID,ANM,WE,Combination Non-Radar Approach Control & Tower w/o Radar,0,28,12,6,46,0,2,15,6,23,0,30,27,12,69,4,22,26,95
01/31/2002,TWF,ID,ANM,WE,Combination Non-Radar Approach Control & Tower w/o Radar,2,34,3,0,39,0,0,8,0,8,2,34,11,0,47,4,0,4,51
02/01/2002,TWF,ID,ANM,WE,Combination Non-Radar Approach Control & Tower w/o Radar,0,37,6,0,43,0,1,17,0,18,0,38,23,0,61,40,0,40,101
02/02/2002,TWF,ID,ANM,WE,Combination Non-Radar Approach Control & Tower w/o Radar,1,19,8,0,28,1,1,42,0,44,2,20,50,0,72,18,0,18,90
02/03/2002,TWF,ID,ANM,WE,Combination Non-Radar Approach Control & Tower w/o Radar,0,13,6,0,19,0,0,22,0,22,0,13,28,0,41,8,0,8,49
02/04/2002,TWF,ID,ANM,WE,Combination Non-Radar Approach Control & Tower w/o Radar,0,28,4,0,32,0,0,30,0,30,0,28,34,0,62,40,0,40,102
02/05/2002,TWF,ID,ANM,WE,Combination Non-Radar Approach Control & Tower w/o Radar,0,31,9,5,45,0,1,32,7,40,0,32,41,12,85,38,8,46,131
02/06/2002,TWF,ID,ANM,WE,Combination Non-Radar Approach Control & Tower w/o Radar,0,31,4,0,35,0,1,27,0,28,0,32,31,0,63,136,0,136,199
02/07/2002,TWF,ID,ANM,WE,Combination Non-Radar Approach Control & Tower w/o Radar,2,34,3,0,39,0,1,12,0,13,2,35,15,0,52,92,0,92,144
02/08/2002,TWF,ID,ANM,WE,Combination Non-Radar Approach Control & Tower w/o Radar,0,33,2,0,35,0,0,2,0,2,0,33,4,0,37,0,0,0,37
02/09/2002,TWF,ID,ANM,WE,Combination Non-Radar Approach Control & Tower w/o Radar,2,23,12,0,37,0,0,50,0,50,2,23,62,0,87,68,0,68,155
02/10/2002,TWF,ID,ANM,WE,Combination Non-Radar Approach Control & Tower w/o Radar,0,15,8,0,23,0,1,25,0,26,0,16,33,0,49,2,0,2,51
02/11/2002,TWF,ID,ANM,WE,Combination Non-Radar Approach Control & Tower w/o Radar,0,26,3,0,29,0,4,23,0,27,0,30,26,0,56,18,0,18,74
02/12/2002,TWF,ID,ANM,WE,Combination Non-Radar Approach Control & Tower w/o Radar,0,27,12,2,41,0,3,30,2,35,0,30,42,4,76,22,0,22,98
02/13/2002,TWF,ID,ANM,WE,Combination Non-Radar Approach Control & Tower w/o Radar,0,26,7,5,38,0,6,19,4,29,0,32,26,9,67,0,16,16,83
02/14/2002,TWF,ID,ANM,WE,Combination Non-Radar Approach Control & Tower w/o Radar,2,27,5,0,34,0,2,19,0,21,2,29,24,0,55,10,0,10,65
02/15/2002,TWF,ID,ANM,WE,Combination Non-Radar Approach Control & Tower w/o Radar,0,25,5,0,30,0,5,22,2,29,0,30,27,2,59,46,12,58,117
02/16/2002,TWF,ID,ANM,WE,Combination Non-Radar Approach Control & Tower w/o Radar,0,23,5,0,28,0,0,32,0,32,0,23,37,0,60,40,0,40,100
02/17/2002,TWF,ID,ANM,WE,Combination Non-Radar Approach Control & Tower w/o Radar,0,15,1,0,16,0,1,18,0,19,0,16,19,0,35,58,0,58,93
02/18/2002,TWF,ID,ANM,WE,Combination Non-Radar Approach Control & Tower w/o Radar,3,55,31,2,91,0,9,10,0,19,3,64,41,2,110,0,0,0,110
02/19/2002,TWF,ID,ANM,WE,Combination Non-Radar Approach Control & Tower w/o Radar,0,64,16,0,80,0,14,4,0,18,0,78,20,0,98,2,0,2,100
02/20/2002,TWF,ID,ANM,WE,Combination Non-Radar Approach Control & Tower w/o Radar,0,37,5,0,42,0,3,11,0,14,0,40,16,0,56,0,0,0,56
02/21/2002,TWF,ID,ANM,WE,Combination Non-Radar Approach Control & Tower w/o Radar,2,30,10,2,44,0,2,26,0,28,2,32,36,2,72,34,0,34,106
02/22/2002,TWF,ID,ANM,WE,Combination Non-Radar Approach Control & Tower w/o Radar,0,32,11,2,45,0,7,31,0,38,0,39,42,2,83,28,0,28,111
02/23/2002,TWF,ID,ANM,WE,Combination Non-Radar Approach Control & Tower w/o Radar,2,31,10,0,43,0,0,5,0,5,2,31,15,0,48,18,0,18,66
02/24/2002,TWF,ID,ANM,WE,Combination Non-Radar Approach Control & Tower w/o Radar,0,18,4,3,25,0,1,11,1,13,0,19,15,4,38,0,0,0,38
02/25/2002,TWF,ID,ANM,WE,Combination Non-Radar Approach Control & Tower w/o Radar,0,29,5,2,36,0,5,18,2,25,0,34,23,4,61,6,0,6,67
02/26/2002,TWF,ID,ANM,WE,Combination Non-Radar Approach Control & Tower w/o Radar,0,30,1,0,31,0,4,13,0,17,0,34,14,0,48,2,0,2,50
02/27/2002,TWF,ID,ANM,WE,Combination Non-Radar Approach Control & Tower w/o Radar,0,31,4,4,39,0,1,21,2,24,0,32,25,6,63,10,0,10,73
02/28/2002,TWF,ID,ANM,WE,Combination Non-Radar Approach Control & Tower w/o Radar,2,33,0,0,35,0,0,7,0,7,2,33,7,0,42,0,0,0,42
03/01/2002,TWF,ID,ANM,WE,Combination Non-Radar Approach Control & Tower w/o Radar,0,34,7,2,43,0,5,22,0,27,0,39,29,2,70,6,0,6,76
03/02/2002,TWF,ID,ANM,WE,Combination Non-Radar Approach Control & Tower w/o Radar,0,17,3,0,20,0,3,42,0,45,0,20,45,0,65,20,0,20,85
03/03/2002,TWF,ID,ANM,WE,Combination Non-Radar Approach Control & Tower w/o Radar,0,16,3,0,19,0,0,35,0,35,0,16,38,0,54,16,0,16,70
03/04/2002,TWF,ID,ANM,WE,Combination Non-Radar Approach Control & Tower w/o Radar,0,31,6,0,37,0,3,29,0,32,0,34,35,0,69,8,0,8,77
03/05/2002,TWF,ID,ANM,WE,Combination Non-Radar Approach Control & Tower w/o Radar,0,30,5,6,41,0,4,30,6,40,0,34,35,12,81,14,4,18,99
03/06/2002,TWF,ID,ANM,WE,Combination Non-Radar Approach Control & Tower w/o Radar,1,53,14,0,68,1,1,7,0,9,2,54,21,0,77,0,0,0,77
03/07/2002,TWF,ID,ANM,WE,Combination Non-Radar Approach Control & Tower w/o Radar,2,52,13,0,67,2,0,17,0,19,4,52,30,0,86,6,0,6,92
03/08/2002,TWF,ID,ANM,WE,Combination Non-Radar Approach Control & Tower w/o Radar,0,30,5,0,35,0,2,6,0,8,0,32,11,0,43,8,0,8,51
03/09/2002,TWF,ID,ANM,WE,Combination Non-Radar Approach Control & Tower w/o Radar,0,20,14,0,34,0,1,56,0,57,0,21,70,0,91,16,0,16,107
03/10/2002,TWF,ID,ANM,WE,Combination Non-Radar Approach Control & Tower w/o Radar,4,60,16,0,80,0,0,0,0,0,4,60,16,0,80,0,0,0,80
03/11/2002,TWF,ID,ANM,WE,Combination Non-Radar Approach Control & Tower w/o Radar,1,54,14,0,69,3,13,9,0,25,4,67,23,0,94,0,0,0,94
03/12/2002,TWF,ID,ANM,WE,Combination Non-Radar Approach Control & Tower w/o Radar,0,48,9,14,71,0,0,6,0,6,0,48,15,14,77,50,0,50,127
03/13/2002,TWF,ID,ANM,WE,Combination Non-Radar Approach Control & Tower w/o Radar,0,31,2,4,37,0,3,8,6,17,0,34,10,10,54,40,10,50,104
03/14/2002,TWF,ID,ANM,WE,Combination Non-Radar Approach Control & Tower w/o Radar,2,30,1,0,33,0,1,12,0,13,2,31,13,0,46,4,0,4,50
03/15/2002,TWF,ID,ANM,WE,Combination Non-Radar Approach Control & Tower w/o Radar,0,33,8,0,41,0,0,20,0,20,0,33,28,0,61,0,0,0,61
03/16/2002,TWF,ID,ANM,WE,Combination Non-Radar Approach Control & Tower w/o Radar,0,41,15,0,56,0,1,24,0,25,0,42,39,0,81,4,0,4,85
03/17/2002,TWF,ID,ANM,WE,Combination Non-Radar Approach Control & Tower w/o Radar,2,33,6,0,41,0,5,5,0,10,2,38,11,0,51,0,0,0,51
03/18/2002,TWF,ID,ANM,WE,Combination Non-Radar Approach Control & Tower w/o Radar,0,30,9,0,39,0,4,24,0,28,0,34,33,0,67,22,0,22,89
03/19/2002,TWF,ID,ANM,WE,Combination Non-Radar Approach Control & Tower w/o Radar,4,42,8,0,54,0,3,20,0,23,4,45,28,0,77,24,0,24,101
03/20/2002,TWF,ID,ANM,WE,Combination Non-Radar Approach Control & Tower w/o Radar,0,30,12,0,42,0,4,47,0,51,0,34,59,0,93,48,0,48,141
03/21/2002,TWF,ID,ANM,WE,Combination Non-Radar Approach Control & Tower w/o Radar,2,32,7,2,43,0,3,37,0,40,2,35,44,2,83,24,0,24,107
03/22/2002,TWF,ID,ANM,WE,Combination Non-Radar Approach Control & Tower w/o Radar,0,29,8,2,39,0,1,26,2,29,0,30,34,4,68,8,4,12,80
03/23/2002,TWF,ID,ANM,WE,Combination Non-Radar Approach Control & Tower w/o Radar,2,24,1,0,27,0,0,16,0,16,2,24,17,0,43,0,0,0,43
03/24/2002,TWF,ID,ANM,WE,Combination Non-Radar Approach Control & Tower w/o Radar,0,18,5,0,23,2,0,17,0,19,2,18,22,0,42,0,0,0,42
03/25/2002,TWF,ID,ANM,WE,Combination Non-Radar Approach Control & Tower w/o Radar,4,50,14,0,68,0,3,26,0,29,4,53,40,0,97,40,0,40,137
03/26/2002,TWF,ID,ANM,WE,Combination Non-Radar Approach Control & Tower w/o Radar,0,30,5,0,35,0,4,39,0,43,0,34,44,0,78,28,0,28,106
03/27/2002,TWF,ID,ANM,WE,Combination Non-Radar Approach Control & Tower w/o Radar,0,34,5,0,39,0,0,25,4,29,0,34,30,4,68,10,0,10,78
03/28/2002,TWF,ID,ANM,WE,Combination Non-Radar Approach Control & Tower w/o Radar,2,29,6,0,37,0,3,31,0,34,2,32,37,0,71,16,0,16,87
03/29/2002,TWF,ID,ANM,WE,Combination Non-Radar Approach Control & Tower w/o Radar,0,28,4,0,32,0,3,19,0,22,0,31,23,0,54,4,0,4,58
03/30/2002,TWF,ID,ANM,WE,Combination Non-Radar Approach Control & Tower w/o Radar,0,18,6,0,24,0,2,26,0,28,0,20,32,0,52,30,0,30,82
03/31/2002,TWF,ID,ANM,WE,Combination Non-Radar Approach Control & Tower w/o Radar,0,11,5,0,16,0,0,25,0,25,0,11,30,0,41,14,0,14,55
04/01/2002,TWF,ID,ANM,WE,Combination Non-Radar Approach Control & Tower w/o Radar,0,28,0,9,37,0,1,16,5,22,0,29,16,14,59,16,0,16,75
04/02/2002,TWF,ID,ANM,WE,Combination Non-Radar Approach Control & Tower w/o Radar,0,29,3,5,37,0,0,21,6,27,0,29,24,11,64,42,16,58,122
04/03/2002,TWF,ID,ANM,WE,Combination Non-Radar Approach Control & Tower w/o Radar,0,28,6,2,36,0,4,37,0,41,0,32,43,2,77,36,0,36,113
04/04/2002,TWF,ID,ANM,WE,Combination Non-Radar Approach Control & Tower w/o Radar,2,32,5,5,44,0,2,36,7,45,2,34,41,12,89,28,10,38,127
04/05/2002,TWF,ID,ANM,WE,Combination Non-Radar Approach Control & Tower w/o Radar,0,28,2,12,42,0,2,29,3,34,0,30,31,15,76,18,4,22,98
04/06/2002,TWF,ID,ANM,WE,Combination Non-Radar Approach Control & Tower w/o Radar,0,17,2,1,20,0,5,21,0,26,0,22,23,1,46,0,0,0,46
04/07/2002,TWF,ID,ANM,WE,Combination Non-Radar Approach Control & Tower w/o Radar,0,16,1,1,18,0,0,13,1,14,0,16,14,2,32,0,0,0,32
04/08/2002,TWF,ID,ANM,WE,Combination Non-Radar Approach Control & Tower w/o Radar,0,32,2,1,35,0,0,36,9,45,0,32,38,10,80,60,0,60,140
04/09/2002,TWF,ID,ANM,WE,Combination Non-Radar Approach Control & Tower w/o Radar,0,29,4,4,37,0,3,11,6,20,0,32,15,10,57,24,12,36,93
04/10/2002,TWF,ID,ANM,WE,Combination Non-Radar Approach Control & Tower w/o Radar,0,32,10,3,45,0,4,14,3,21,0,36,24,6,66,12,24,36,102
04/11/2002,TWF,ID,ANM,WE,Combination Non-Radar Approach Control & Tower w/o Radar,2,27,7,2,38,0,2,18,10,30,2,29,25,12,68,12,0,12,80
04/12/2002,TWF,ID,ANM,WE,Combination Non-Radar Approach Control & Tower w/o Radar,0,31,5,1,37,0,4,48,0,52,0,35,53,1,89,34,0,34,123
04/13/2002,TWF,ID,ANM,WE,Combination Non-Radar Approach Control & Tower w/o Radar,0,20,7,3,30,0,1,41,1,43,0,21,48,4,73,2,2,4,77
04/14/2002,TWF,ID,ANM,WE,Combination Non-Radar Approach Control & Tower w/o Radar,0,17,2,1,20,0,1,9,0,10,0,18,11,1,30,0,0,0,30
04/15/2002,TWF,ID,ANM,WE,Combination Non-Radar Approach Control & Tower w/o Radar,0,31,2,1,34,0,1,4,0,5,0,32,6,1,39,0,0,0,39
04/16/2002,TWF,ID,ANM,WE,Combination Non-Radar Approach Control & Tower w/o Radar,0,33,4,5,42,0,1,12,3,16,0,34,16,8,58,16,8,24,82
04/17/2002,TWF,ID,ANM,WE,Combination Non-Radar Approach Control & Tower w/o Radar,0,39,11,0,50,0,3,3,0,6,0,42,14,0,56,0,0,0,56
04/18/2002,TWF,ID,ANM,WE,Combination Non-Radar Approach Control & Tower w/o Radar,2,35,9,0,46,0,2,36,0,38,2,37,45,0,84,88,0,88,172
04/19/2002,TWF,ID,ANM,WE,Combination Non-Radar Approach Control & Tower w/o Radar,0,32,7,4,43,0,2,18,2,22,0,34,25,6,65,58,0,58,123
04/20/2002,TWF,ID,ANM,WE,Combination Non-Radar Approach Control & Tower w/o Radar,0,19,3,0,22,0,0,39,0,39,0,19,42,0,61,34,0,34,95
04/21/2002,TWF,ID,ANM,WE,Combination Non-Radar Approach Control & Tower w/o Radar,0,13,4,2,19,0,3,34,0,37,0,16,38,2,56,0,0,0,56
04/22/2002,TWF,ID,ANM,WE,Combination Non-Radar Approach Control & Tower w/o Radar,0,30,3,2,35,0,0,50,0,50,0,30,53,2,85,70,0,70,155
04/23/2002,TWF,ID,ANM,WE,Combination Non-Radar Approach Control & Tower w/o Radar,0,30,3,2,35,0,2,9,2,13,0,32,12,4,48,4,0,4,52
04/24/2002,TWF,ID,ANM,WE,Combination Non-Radar Approach Control & Tower w/o Radar,0,32,9,7,48,0,2,79,5,86,0,34,88,12,134,48,6,54,188
04/25/2002,TWF,ID,ANM,WE,Combination Non-Radar Approach Control & Tower w/o Radar,2,30,1,8,41,0,2,33,2,37,2,32,34,10,78,38,18,56,134
04/26/2002,TWF,ID,ANM,WE,Combination Non-Radar Approach Control & Tower w/o Radar,0,30,7,2,39,0,2,27,0,29,0,32,34,2,68,18,0,18,86
04/27/2002,TWF,ID,ANM,WE,Combination Non-Radar Approach Control & Tower w/o Radar,0,18,4,0,22,0,1,25,0,26,0,19,29,0,48,20,0,20,68
04/28/2002,TWF,ID,ANM,WE,Combination Non-Radar Approach Control & Tower w/o Radar,0,13,16,0,29,0,0,48,0,48,0,13,64,0,77,22,0,22,99
04/29/2002,TWF,ID,ANM,WE,Combination Non-Radar Approach Control & Tower w/o Radar,0,25,1,2,28,0,4,45,0,49,0,29,46,2,77,30,0,30,107
04/30/2002,TWF,ID,ANM,WE,Combination Non-Radar Approach Control & Tower w/o Radar,0,29,6,0,35,0,1,46,0,47,0,30,52,0,82,58,0,58,140
05/01/2002,TWF,ID,ANM,WE,Combination Non-Radar Approach Control & Tower w/o Radar,2,31,6,1,40,0,3,16,1,20,2,34,22,2,60,2,2,4,64
05/02/2002,TWF,ID,ANM,WE,Combination Non-Radar Approach Control & Tower w/o Radar,0,27,4,1,32,0,5,34,1,40,0,32,38,2,72,10,0,10,82
05/03/2002,TWF,ID,ANM,WE,Combination Non-Radar Approach Control & Tower w/o Radar,0,26,6,0,32,0,4,41,0,45,0,30,47,0,77,16,0,16,93
05/04/2002,TWF,ID,ANM,WE,Combination Non-Radar Approach Control & Tower w/o Radar,0,18,5,0,23,0,4,39,0,43,0,22,44,0,66,66,0,66,132
05/05/2002,TWF,ID,ANM,WE,Combination Non-Radar Approach Control & Tower w/o Radar,0,12,14,2,28,0,1,29,0,30,0,13,43,2,58,46,0,46,104
05/06/2002,TWF,ID,ANM,WE,Combination Non-Radar Approach Control & Tower w/o Radar,0,25,4,3,32,0,5,36,0,41,0,30,40,3,73,48,10,58,131
05/07/2002,TWF,ID,ANM,WE,Combination Non-Radar Approach Control & Tower w/o Radar,0,30,5,2,37,0,1,25,0,26,0,31,30,2,63,2,0,2,65
05/08/2002,TWF,ID,ANM,WE,Combination Non-Radar Approach Control & Tower w/o Radar,0,34,2,4,40,0,2,31,2,35,0,36,33,6,75,12,8,20,95
05/09/2002,TWF,ID,ANM,WE,Combination Non-Radar Approach Control & Tower w/o Radar,2,34,16,2,54,0,1,32,1,34,2,35,48,3,88,26,0,26,114
05/10/2002,TWF,ID,ANM,WE,Combination Non-Radar Approach Control & Tower w/o Radar,0,37,6,8,51,0,2,24,2,28,0,39,30,10,79,26,10,36,115
05/11/2002,TWF,ID,ANM,WE,Combination Non-Radar Approach Control & Tower w/o Radar,0,15,2,0,17,0,3,43,0,46,0,18,45,0,63,12,0,12,75
05/12/2002,TWF,ID,ANM,WE,Combination Non-Radar Approach Control & Tower w/o Radar,0,9,6,0,15,0,4,49,0,53,0,13,55,0,68,30,0,30,98
05/13/2002,TWF,ID,ANM,WE,Combination Non-Radar Approach Control & Tower w/o Radar,0,33,8,4,45,0,3,37,2,42,0,36,45,6,87,40,0,40,127
05/14/2002,TWF,ID,ANM,WE,Combination Non-Radar Approach Control & Tower w/o Radar,0,36,13,3,52,0,4,26,2,32,0,40,39,5,84,0,4,4,88
05/15/2002,TWF,ID,ANM,WE,Combination Non-Radar Approach Control & Tower w/o Radar,0,34,8,6,48,0,6,33,0,39,0,40,41,6,87,0,4,4,91
05/16/2002,TWF,ID,ANM,WE,Combination Non-Radar Approach Control & Tower w/o Radar,2,35,13,6,56,0,2,33,2,37,2,37,46,8,93,14,6,20,113
05/17/2002,TWF,ID,ANM,WE,Combination Non-Radar Approach Control & Tower w/o Radar,0,33,13,12,58,0,3,35,18,56,0,36,48,30,114,42,16,58,172
05/18/2002,TWF,ID,ANM,WE,Combination Non-Radar Approach Control & Tower w/o Radar,0,17,6,0,23,0,1,77,1,79,0,18,83,1,102,20,0,20,122
05/19/2002,TWF,ID,ANM,WE,Combination Non-Radar Approach Control & Tower w/o Radar,0,13,0,0,13,0,0,55,0,55,0,13,55,0,68,28,0,28,96
05/20/2002,TWF,ID,ANM,WE,Combination Non-Radar Approach Control & Tower w/o Radar,0,34,11,12,57,0,0,0,0,0,0,34,11,12,57,0,0,0,57
05/21/2002,TWF,ID,ANM,WE,Combination Non-Radar Approach Control & Tower w/o Radar,0,45,13,7,65,2,0,2,7,11,2,45,15,14,76,12,0,12,88
05/22/2002,TWF,ID,ANM,WE,Combination Non-Radar Approach Control & Tower w/o Radar,0,38,13,13,64,0,7,25,13,45,0,45,38,26,109,14,18,32,141
05/23/2002,TWF,ID,ANM,WE,Combination Non-Radar Approach Control & Tower w/o Radar,2,31,8,9,50,0,2,41,11,54,2,33,49,20,104,16,20,36,140
05/24/2002,TWF,ID,ANM,WE,Combination Non-Radar Approach Control & Tower w/o Radar,0,33,4,0,37,0,1,44,0,45,0,34,48,0,82,18,0,18,100
05/25/2002,TWF,ID,ANM,WE,Combination Non-Radar Approach Control & Tower w/o Radar,0,19,2,0,21,0,0,59,0,59,0,19,61,0,80,70,0,70,150
05/26/2002,TWF,ID,ANM,WE,Combination Non-Radar Approach Control & Tower w/o Radar,0,13,1,0,14,0,1,21,0,22,0,14,22,0,36,36,0,36,72
05/27/2002,TWF,ID,ANM,WE,Combination Non-Radar Approach Control & Tower w/o Radar,0,13,3,0,16,0,1,31,0,32,0,14,34,0,48,12,0,12,60
05/28/2002,TWF,ID,ANM,WE,Combination Non-Radar Approach Control & Tower w/o Radar,0,35,3,7,45,0,1,40,3,44,0,36,43,10,89,26,26,52,141
05/29/2002,TWF,ID,ANM,WE,Combination Non-Radar Approach Control & Tower w/o Radar,0,34,10,1,45,0,6,35,1,42,0,40,45,2,87,72,0,72,159
05/30/2002,TWF,ID,ANM,WE,Combination Non-Radar Approach Control & Tower w/o Radar,2,32,9,10,53,0,3,58,0,61,2,35,67,10,114,32,4,36,150
05/31/2002,TWF,ID,ANM,WE,Combination Non-Radar Approach Control & Tower w/o Radar,0,32,2,2,36,0,0,100,0,100,0,32,102,2,136,20,0,20,156
06/01/2002,TWF,ID,ANM,WE,Combination Non-Radar Approach Control & Tower w/o Radar,7,17,8,0,32,0,3,38,1,42,7,20,46,1,74,44,0,44,118
06/02/2002,TWF,ID,ANM,WE,Combination Non-Radar Approach Control & Tower w/o Radar,0,13,4,0,17,0,1,18,0,19,0,14,22,0,36,0,0,0,36
06/03/2002,TWF,ID,ANM,WE,Combination Non-Radar Approach Control & Tower w/o Radar,0,34,4,3,41,0,10,66,5,81,0,44,70,8,122,10,0,10,132
06/04/2002,TWF,ID,ANM,WE,Combination Non-Radar Approach Control & Tower w/o Radar,0,30,5,18,53,0,12,40,12,64,0,42,45,30,117,8,8,16,133
06/05/2002,TWF,ID,ANM,WE,Combination Non-Radar Approach Control & Tower w/o Radar,0,32,6,2,40,0,6,71,0,77,0,38,77,2,117,4,0,4,121
06/06/2002,TWF,ID,ANM,WE,Combination Non-Radar Approach Control & Tower w/o Radar,2,32,7,4,45,0,6,63,6,75,2,38,70,10,120,12,8,20,140
06/07/2002,TWF,ID,ANM,WE,Combination Non-Radar Approach Control & Tower w/o Radar,0,30,3,2,35,0,4,61,0,65,0,34,64,2,100,4,6,10,110
06/08/2002,TWF,ID,ANM,WE,Combination Non-Radar Approach Control & Tower w/o Radar,0,22,18,0,40,0,0,18,0,18,0,22,36,0,58,4,0,4,62
06/09/2002,TWF,ID,ANM,WE,Combination Non-Radar Approach Control & Tower w/o Radar,0,13,3,0,16,0,0,16,0,16,0,13,19,0,32,0,0,0,32
06/10/2002,TWF,ID,ANM,WE,Combination Non-Radar Approach Control & Tower w/o Radar,0,32,5,3,40,0,5,31,19,55,0,37,36,22,95,0,14,14,109
06/11/2002,TWF,ID,ANM,WE,Combination Non-Radar Approach Control & Tower w/o Radar,0,34,7,0,41,0,8,91,0,99,0,42,98,0,140,60,0,60,200
06/12/2002,TWF,ID,ANM,WE,Combination Non-Radar Approach Control & Tower w/o Radar,0,33,6,0,39,0,10,57,0,67,0,43,63,0,106,28,0,28,134
06/13/2002,TWF,ID,ANM,WE,Combination Non-Radar Approach Control & Tower w/o Radar,2,31,6,0,39,0,4,66,0,70,2,35,72,0,109,42,0,42,151
06/14/2002,TWF,ID,ANM,WE,Combination Non-Radar Approach Control & Tower w/o Radar,0,30,11,0,41,0,5,43,1,49,0,35,54,1,90,4,0,4,94
06/15/2002,TWF,ID,ANM,WE,Combination Non-Radar Approach Control & Tower w/o Radar,0,15,6,0,21,0,5,70,0,75,0,20,76,0,96,44,0,44,140
06/16/2002,TWF,ID,ANM,WE,Combination Non-Radar Approach Control & Tower w/o Radar,0,15,5,0,20,0,0,58,0,58,0,15,63,0,78,6,0,6,84
06/17/2002,TWF,ID,ANM,WE,Combination Non-Radar Approach Control & Tower w/o Radar,0,31,17,3,51,0,7,48,3,58,0,38,65,6,109,18,0,18,127
06/18/2002,TWF,ID,ANM,WE,Combination Non-Radar Approach Control & Tower w/o Radar,0,36,2,0,38,0,5,15,0,20,0,41,17,0,58,8,0,8,66
06/19/2002,TWF,ID,ANM,WE,Combination Non-Radar Approach Control & Tower w/o Radar,0,39,11,0,50,0,4,105,0,109,0,43,116,0,159,96,0,96,255
06/20/2002,TWF,ID,ANM,WE,Combination Non-Radar Approach Control & Tower w/o Radar,2,36,13,1,52,0,3,71,7,81,2,39,84,8,133,10,8,18,151
06/21/2002,TWF,ID,ANM,WE,Combination Non-Radar Approach Control & Tower w/o Radar,0,37,7,0,44,0,2,65,0,67,0,39,72,0,111,84,0,84,195
06/22/2002,TWF,ID,ANM,WE,Combination Non-Radar Approach Control & Tower w/o Radar,0,18,5,0,23,0,5,33,0,38,0,23,38,0,61,54,0,54,115
06/23/2002,TWF,ID,ANM,WE,Combination Non-Radar Approach Control & Tower w/o Radar,0,10,15,0,25,0,3,61,0,64,0,13,76,0,89,4,0,4,93
06/24/2002,TWF,ID,ANM,WE,Combination Non-Radar Approach Control & Tower w/o Radar,0,30,10,0,40,0,5,54,0,59,0,35,64,0,99,2,0,2,101
06/25/2002,TWF,ID,ANM,WE,Combination Non-Radar Approach Control & Tower w/o Radar,0,32,3,1,36,0,3,55,1,59,0,35,58,2,95,6,0,6,101
06/26/2002,TWF,ID,ANM,WE,Combination Non-Radar Approach Control & Tower w/o Radar,0,32,15,2,49,0,8,59,2,69,0,40,74,4,118,30,4,34,152
06/27/2002,TWF,ID,ANM,WE,Combination Non-Radar Approach Control & Tower w/o Radar,2,33,2,0,37,0,2,66,0,68,2,35,68,0,105,24,0,24,129
06/28/2002,TWF,ID,ANM,WE,Combination Non-Radar Approach Control & Tower w/o Radar,0,31,4,9,44,0,3,68,8,79,0,34,72,17,123,86,38,124,247
06/29/2002,TWF,ID,ANM,WE,Combination Non-Radar Approach Control & Tower w/o Radar,0,14,5,1,20,0,0,62,4,66,0,14,67,5,86,10,8,18,104
06/30/2002,TWF,ID,ANM,WE,Combination Non-Radar Approach Control & Tower w/o Radar,0,12,14,2,28,0,0,58,2,60,0,12,72,4,88,40,0,40,128
07/01/2002,TWF,ID,ANM,WE,Combination Non-Radar Approach Control & Tower w/o Radar,0,33,5,7,45,0,2,38,0,40,0,35,43,7,85,4,16,20,105
07/02/2002,TWF,ID,ANM,WE,Combination Non-Radar Approach Control & Tower w/o Radar,0,28,4,6,38,0,11,45,2,58,0,39,49,8,96,2,12,14,110
07/03/2002,TWF,ID,ANM,WE,Combination Non-Radar Approach Control & Tower w/o Radar,0,32,7,0,39,0,9,65,0,74,0,41,72,0,113,36,0,36,149
07/04/2002,TWF,ID,ANM,WE,Combination Non-Radar Approach Control & Tower w/o Radar,0,12,4,0,16,0,0,35,2,37,0,12,39,2,53,26,0,26,79
07/05/2002,TWF,ID,ANM,WE,Combination Non-Radar Approach Control & Tower w/o Radar,0,28,11,0,39,0,3,67,0,70,0,31,78,0,109,66,0,66,175
07/06/2002,TWF,ID,ANM,WE,Combination Non-Radar Approach Control & Tower w/o Radar,0,22,2,0,24,0,3,51,0,54,0,25,53,0,78,40,0,40,118
07/07/2002,TWF,ID,ANM,WE,Combination Non-Radar Approach Control & Tower w/o Radar,0,17,2,0,19,0,1,41,0,42,0,18,43,0,61,0,0,0,61
07/08/2002,TWF,ID,ANM,WE,Combination Non-Radar Approach Control & Tower w/o Radar,0,36,7,0,43,0,4,37,0,41,0,40,44,0,84,20,0,20,104
07/09/2002,TWF,ID,ANM,WE,Combination Non-Radar Approach Control & Tower w/o Radar,0,37,11,1,49,0,7,55,1,63,0,44,66,2,112,30,0,30,142
07/10/2002,TWF,ID,ANM,WE,Combination Non-Radar Approach Control & Tower w/o Radar,0,37,3,0,40,0,6,47,0,53,0,43,50,0,93,16,0,16,109
07/11/2002,TWF,ID,ANM,WE,Combination Non-Radar Approach Control & Tower w/o Radar,2,34,6,4,46,0,3,41,1,45,2,37,47,5,91,18,4,22,113
07/12/2002,TWF,ID,ANM,WE,Combination Non-Radar Approach Control & Tower w/o Radar,0,36,8,6,50,0,4,84,4,92,0,40,92,10,142,12,6,18,160
07/13/2002,TWF,ID,ANM,WE,Combination Non-Radar Approach Control & Tower w/o Radar,0,21,0,2,23,0,2,66,0,68,0,23,66,2,91,0,0,0,91
07/14/2002,TWF,ID,ANM,WE,Combination Non-Radar Approach Control & Tower w/o Radar,2,15,10,2,29,0,5,38,0,43,2,20,48,2,72,52,2,54,126
07/15/2002,TWF,ID,ANM,WE,Combination Non-Radar Approach Control & Tower w/o Radar,0,37,11,0,48,0,2,43,0,45,0,39,54,0,93,12,2,14,107
07/16/2002,TWF,ID,ANM,WE,Combination Non-Radar Approach Control & Tower w/o Radar,1,39,5,1,46,0,9,36,1,46,1,48,41,2,92,14,0,14,106
07/17/2002,TWF,ID,ANM,WE,Combination Non-Radar Approach Control & Tower w/o Radar,1,29,12,5,47,0,13,86,2,101,1,42,98,7,148,14,4,18,166
07/18/2002,TWF,ID,ANM,WE,Combination Non-Radar Approach Control & Tower w/o Radar,2,33,9,3,47,0,5,70,3,78,2,38,79,6,125,16,0,16,141
07/19/2002,TWF,ID,ANM,WE,Combination Non-Radar Approach Control & Tower w/o Radar,0,44,9,3,56,0,3,58,3,64,0,47,67,6,120,16,2,18,138
07/20/2002,TWF,ID,ANM,WE,Combination Non-Radar Approach Control & Tower w/o Radar,0,18,4,0,22,0,2,70,0,72,0,20,74,0,94,16,0,16,110
07/21/2002,TWF,ID,ANM,WE,Combination Non-Radar Approach Control & Tower w/o Radar,0,13,5,0,18,0,1,63,0,64,0,14,68,0,82,28,0,28,110
07/22/2002,TWF,ID,ANM,WE,Combination Non-Radar Approach Control & Tower w/o Radar,0,38,6,7,51,0,0,63,5,68,0,38,69,12,119,10,12,22,141
07/23/2002,TWF,ID,ANM,WE,Combination Non-Radar Approach Control & Tower w/o Radar,0,32,5,4,41,0,8,77,4,89,0,40,82,8,130,52,8,60,190
07/24/2002,TWF,ID,ANM,WE,Combination Non-Radar Approach Control & Tower w/o Radar,0,32,9,3,44,0,6,66,1,73,0,38,75,4,117,8,0,8,125
07/25/2002,TWF,ID,ANM,WE,Combination Non-Radar Approach Control & Tower w/o Radar,2,34,6,5,47,0,5,23,1,29,2,39,29,6,76,10,16,26,102
07/26/2002,TWF,ID,ANM,WE,Combination Non-Radar Approach Control & Tower w/o Radar,0,33,14,0,47,0,6,89,0,95,0,39,103,0,142,42,0,42,184
07/27/2002,TWF,ID,ANM,WE,Combination Non-Radar Approach Control & Tower w/o Radar,0,14,10,0,24,0,2,85,0,87,0,16,95,0,111,32,0,32,143
07/28/2002,TWF,ID,ANM,WE,Combination Non-Radar Approach Control & Tower w/o Radar,0,14,8,0,22,0,0,41,0,41,0,14,49,0,63,14,0,14,77
07/29/2002,TWF,ID,ANM,WE,Combination Non-Radar Approach Control & Tower w/o Radar,0,30,2,10,42,0,3,53,9,65,0,33,55,19,107,2,14,16,123
07/30/2002,TWF,ID,ANM,WE,Combination Non-Radar Approach Control & Tower w/o Radar,0,34,7,2,43,0,2,76,6,84,0,36,83,8,127,8,0,8,135
07/31/2002,TWF,ID,ANM,WE,Combination Non-Radar Approach Control & Tower w/o Radar,0,31,7,0,38,0,11,61,0,72,0,42,68,0,110,22,0,22,132
08/01/2002,TWF,ID,ANM,WE,Combination Non-Radar Approach Control & Tower w/o Radar,2,27,17,7,53,0,6,91,5,102,2,33,108,12,155,52,8,60,215
08/02/2002,TWF,ID,ANM,WE,Combination Non-Radar Approach Control & Tower w/o Radar,0,34,4,0,38,0,7,70,0,77,0,41,74,0,115,18,2,20,135
08/03/2002,TWF,ID,ANM,WE,Combination Non-Radar Approach Control & Tower w/o Radar,0,16,8,1,25,0,4,117,3,124,0,20,125,4,149,32,0,32,181
08/04/2002,TWF,ID,ANM,WE,Combination Non-Radar Approach Control & Tower w/o Radar,0,9,7,0,16,0,5,87,0,92,0,14,94,0,108,10,2,12,120
08/05/2002,TWF,ID,ANM,WE,Combination Non-Radar Approach Control & Tower w/o Radar,0,33,14,0,47,0,15,82,0,97,0,48,96,0,144,4,0,4,148
08/06/2002,TWF,ID,ANM,WE,Combination Non-Radar Approach Control & Tower w/o Radar,0,34,6,2,42,0,8,70,4,82,0,42,76,6,124,12,4,16,140
08/07/2002,TWF,ID,ANM,WE,Combination Non-Radar Approach Control & Tower w/o Radar,0,32,12,4,48,0,8,68,5,81,0,40,80,9,129,12,2,14,143
08/08/2002,TWF,ID,ANM,WE,Combination Non-Radar Approach Control & Tower w/o Radar,2,33,7,1,43,0,5,62,5,72,2,38,69,6,115,30,0,30,145
08/09/2002,TWF,ID,ANM,WE,Combination Non-Radar Approach Control & Tower w/o Radar,0,37,3,0,40,0,7,80,2,89,0,44,83,2,129,30,0,30,159
08/10/2002,TWF,ID,ANM,WE,Combination Non-Radar Approach Control & Tower w/o Radar,0,21,7,0,28,0,6,69,0,75,0,27,76,0,103,16,0,16,119
08/11/2002,TWF,ID,ANM,WE,Combination Non-Radar Approach Control & Tower w/o Radar,0,14,5,0,19,0,1,35,0,36,0,15,40,0,55,6,0,6,61
08/12/2002,TWF,ID,ANM,WE,Combination Non-Radar Approach Control & Tower w/o Radar,0,35,10,0,45,0,1,41,0,42,0,36,51,0,87,14,0,14,101
08/13/2002,TWF,ID,ANM,WE,Combination Non-Radar Approach Control & Tower w/o Radar,0,34,10,0,44,0,8,84,0,92,0,42,94,0,136,28,0,28,164
08/14/2002,TWF,ID,ANM,WE,Combination Non-Radar Approach Control & Tower w/o Radar,0,32,10,0,42,0,13,49,0,62,0,45,59,0,104,6,0,6,110
08/15/2002,TWF,ID,ANM,WE,Combination Non-Radar Approach Control & Tower w/o Radar,2,39,7,8,56,0,2,65,10,77,2,41,72,18,133,0,20,20,153
08/16/2002,TWF,ID,ANM,WE,Combination Non-Radar Approach Control & Tower w/o Radar,0,32,9,4,45,0,10,64,2,76,0,42,73,6,121,30,4,34,155
08/17/2002,TWF,ID,ANM,WE,Combination Non-Radar Approach Control & Tower w/o Radar,0,18,8,0,26,0,3,76,0,79,0,21,84,0,105,24,0,24,129
08/18/2002,TWF,ID,ANM,WE,Combination Non-Radar Approach Control & Tower w/o Radar,0,14,4,0,18,0,0,34,0,34,0,14,38,0,52,22,0,22,74
08/19/2002,TWF,ID,ANM,WE,Combination Non-Radar Approach Control & Tower w/o Radar,0,31,4,0,35,0,7,89,0,96,0,38,93,0,131,4,0,4,135
08/20/2002,TWF,ID,ANM,WE,Combination Non-Radar Approach Control & Tower w/o Radar,0,33,7,4,44,0,5,34,8,47,0,38,41,12,91,22,6,28,119
08/21/2002,TWF,ID,ANM,WE,Combination Non-Radar Approach Control & Tower w/o Radar,0,34,6,6,46,0,6,61,4,71,0,40,67,10,117,6,4,10,127
08/22/2002,TWF,ID,ANM,WE,Combination Non-Radar Approach Control & Tower w/o Radar,2,30,7,3,42,0,6,91,2,99,2,36,98,5,141,54,0,54,195
08/23/2002,TWF,ID,ANM,WE,Combination Non-Radar Approach Control & Tower w/o Radar,0,33,6,4,43,0,6,61,9,76,0,39,67,13,119,14,24,38,157
08/24/2002,TWF,ID,ANM,WE,Combination Non-Radar Approach Control & Tower w/o Radar,0,17,9,0,26,0,4,41,0,45,0,21,50,0,71,36,0,36,107
08/25/2002,TWF,ID,ANM,WE,Combination Non-Radar Approach Control & Tower w/o Radar,0,13,10,0,23,0,0,114,0,114,0,13,124,0,137,30,0,30,167
08/26/2002,TWF,ID,ANM,WE,Combination Non-Radar Approach Control & Tower w/o Radar,0,30,13,0,43,0,7,45,0,52,0,37,58,0,95,0,0,0,95
08/27/2002,TWF,ID,ANM,WE,Combination Non-Radar Approach Control & Tower w/o Radar,0,32,7,1,40,0,6,37,1,44,0,38,44,2,84,12,10,22,106
08/28/2002,TWF,ID,ANM,WE,Combination Non-Radar Approach Control & Tower w/o Radar,0,33,12,4,49,0,9,72,2,83,0,42,84,6,132,12,14,26,158
08/29/2002,TWF,ID,ANM,WE,Combination Non-Radar Approach Control & Tower w/o Radar,2,33,11,0,46,0,3,78,0,81,2,36,89,0,127,32,0,32,159
08/30/2002,TWF,ID,ANM,WE,Combination Non-Radar Approach Control & Tower w/o Radar,0,38,15,2,55,0,3,44,10,57,0,41,59,12,112,50,22,72,184
08/31/2002,TWF,ID,ANM,WE,Combination Non-Radar Approach Control & Tower w/o Radar,0,24,9,0,33,0,0,45,0,45,0,24,54,0,78,74,0,74,152
09/01/2002,TWF,ID,ANM,WE,Combination Non-Radar Approach Control & Tower w/o Radar,0,13,3,0,16,0,3,49,0,52,0,16,52,0,68,12,0,12,80
09/02/2002,TWF,ID,ANM,WE,Combination Non-Radar Approach Control & Tower w/o Radar,0,9,3,0,12,0,1,60,0,61,0,10,63,0,73,22,0,22,95
09/03/2002,TWF,ID,ANM,WE,Combination Non-Radar Approach Control & Tower w/o Radar,0,29,8,0,37,0,9,66,0,75,0,38,74,0,112,14,0,14,126
09/04/2002,TWF,ID,ANM,WE,Combination Non-Radar Approach Control & Tower w/o Radar,0,34,6,0,40,0,6,46,0,52,0,40,52,0,92,2,0,2,94
09/05/2002,TWF,ID,ANM,WE,Combination Non-Radar Approach Control & Tower w/o Radar,2,33,4,2,41,0,4,28,0,32,2,37,32,2,73,0,0,0,73
09/06/2002,TWF,ID,ANM,WE,Combination Non-Radar Approach Control & Tower w/o Radar,0,32,5,0,37,0,4,25,0,29,0,36,30,0,66,36,0,36,102
09/07/2002,TWF,ID,ANM,WE,Combination Non-Radar Approach Control & Tower w/o Radar,0,18,6,0,24,0,2,32,0,34,0,20,38,0,58,18,0,18,76
09/08/2002,TWF,ID,ANM,WE,Combination Non-Radar Approach Control & Tower w/o Radar,0,12,11,0,23,0,3,58,0,61,0,15,69,0,84,38,0,38,122
09/09/2002,TWF,ID,ANM,WE,Combination Non-Radar Approach Control & Tower w/o Radar,0,30,12,0,42,0,2,46,0,48,0,32,58,0,90,20,0,20,110
09/10/2002,TWF,ID,ANM,WE,Combination Non-Radar Approach Control & Tower w/o Radar,0,30,2,2,34,0,7,55,2,64,0,37,57,4,98,36,20,56,154
09/11/2002,TWF,ID,ANM,WE,Combination Non-Radar Approach Control & Tower w/o Radar,0,25,7,5,37,0,2,42,7,51,0,27,49,12,88,10,18,28,116
09/12/2002,TWF,ID,ANM,WE,Combination Non-Radar Approach Control & Tower w/o Radar,2,30,7,0,39,0,6,33,0,39,2,36,40,0,78,22,0,22,100
09/13/2002,TWF,ID,ANM,WE,Combination Non-Radar Approach Control & Tower w/o Radar,0,32,0,2,34,0,3,23,0,26,0,35,23,2,60,4,16,20,80
09/14/2002,TWF,ID,ANM,WE,Combination Non-Radar Approach Control & Tower w/o Radar,0,16,7,0,23,0,4,41,0,45,0,20,48,0,68,0,0,0,68
09/15/2002,TWF,ID,ANM,WE,Combination Non-Radar Approach Control & Tower w/o Radar,0,15,6,0,21,0,2,34,0,36,0,17,40,0,57,2,0,2,59
09/16/2002,TWF,ID,ANM,WE,Combination Non-Radar Approach Control & Tower w/o Radar,0,30,6,2,38,0,1,25,0,26,0,31,31,2,64,0,4,4,68
09/17/2002,TWF,ID,ANM,WE,Combination Non-Radar Approach Control & Tower w/o Radar,0,35,14,0,49,0,3,12,0,15,0,38,26,0,64,8,0,8,72
09/18/2002,TWF,ID,ANM,WE,Combination Non-Radar Approach Control & Tower w/o Radar,0,36,9,0,45,0,5,35,0,40,0,41,44,0,85,30,0,30,115
09/19/2002,TWF,ID,ANM,WE,Combination Non-Radar Approach Control & Tower w/o Radar,0,35,9,1,45,2,2,27,3,34,2,37,36,4,79,12,8,20,99
09/20/2002,TWF,ID,ANM,WE,Combination Non-Radar Approach Control & Tower w/o Radar,0,34,7,2,43,0,4,44,4,52,0,38,51,6,95,48,2,50,145
09/21/2002,TWF,ID,ANM,WE,Combination Non-Radar Approach Control & Tower w/o Radar,0,15,11,0,26,0,4,60,0,64,0,19,71,0,90,78,0,78,168
09/22/2002,TWF,ID,ANM,WE,Combination Non-Radar Approach Control & Tower w/o Radar,0,14,6,0,20,0,2,70,0,72,0,16,76,0,92,76,0,76,168
09/23/2002,TWF,ID,ANM,WE,Combination Non-Radar Approach Control & Tower w/o Radar,0,31,3,5,39,0,2,46,5,53,0,33,49,10,92,40,10,50,142
09/24/2002,TWF,ID,ANM,WE,Combination Non-Radar Approach Control & Tower w/o Radar,0,34,4,9,47,0,7,34,13,54,0,41,38,22,101,8,6,14,115
09/25/2002,TWF,ID,ANM,WE,Combination Non-Radar Approach Control & Tower w/o Radar,0,33,6,6,45,0,7,54,8,69,0,40,60,14,114,34,10,44,158
09/26/2002,TWF,ID,ANM,WE,Combination Non-Radar Approach Control & Tower w/o Radar,2,35,5,0,42,0,4,27,0,31,2,39,32,0,73,32,0,32,105
09/27/2002,TWF,ID,ANM,WE,Combination Non-Radar Approach Control & Tower w/o Radar,0,33,5,2,40,0,4,19,0,23,0,37,24,2,63,18,0,18,81
09/28/2002,TWF,ID,ANM,WE,Combination Non-Radar Approach Control & Tower w/o Radar,0,18,5,0,23,0,4,85,0,89,0,22,90,0,112,88,0,88,200
09/29/2002,TWF,ID,ANM,WE,Combination Non-Radar Approach Control & Tower w/o Radar,0,13,12,0,25,0,1,27,0,28,0,14,39,0,53,0,0,0,53
09/30/2002,TWF,ID,ANM,WE,Combination Non-Radar Approach Control & Tower w/o Radar,0,30,11,0,41,0,7,21,0,28,0,37,32,0,69,16,0,16,85
10/01/2002,TWF,ID,ANM,WE,Combination Non-Radar Approach Control & Tower w/o Radar,0,38,5,8,51,0,2,15,4,21,0,40,20,12,72,4,0,4,76
10/02/2002,TWF,ID,ANM,WE,Combination Non-Radar Approach Control & Tower w/o Radar,0,35,8,0,43,0,3,25,0,28,0,38,33,0,71,20,0,20,91
10/03/2002,TWF,ID,ANM,WE,Combination Non-Radar Approach Control & Tower w/o Radar,2,29,8,3,42,0,5,14,3,22,2,34,22,6,64,12,14,26,90
10/04/2002,TWF,ID,ANM,WE,Combination Non-Radar Approach Control & Tower w/o Radar,0,32,5,0,37,0,4,16,0,20,0,36,21,0,57,28,0,28,85
10/05/2002,TWF,ID,ANM,WE,Combination Non-Radar Approach Control & Tower w/o Radar,0,19,5,3,27,0,0,13,11,24,0,19,18,14,51,0,14,14,65
10/06/2002,TWF,ID,ANM,WE,Combination Non-Radar Approach Control & Tower w/o Radar,0,12,1,0,13,0,1,45,0,46,0,13,46,0,59,26,0,26,85
10/07/2002,TWF,ID,ANM,WE,Combination Non-Radar Approach Control & Tower w/o Radar,0,30,4,3,37,0,11,30,1,42,0,41,34,4,79,40,0,40,119
10/08/2002,TWF,ID,ANM,WE,Combination Non-Radar Approach Control & Tower w/o Radar,0,28,6,0,34,0,7,60,0,67,0,35,66,0,101,32,0,32,133
10/09/2002,TWF,ID,ANM,WE,Combination Non-Radar Approach Control & Tower w/o Radar,0,31,7,3,41,0,7,47,17,71,0,38,54,20,112,48,20,68,180
10/10/2002,TWF,ID,ANM,WE,Combination Non-Radar Approach Control & Tower w/o Radar,2,30,10,0,42,0,9,22,0,31,2,39,32,0,73,14,0,14,87
10/11/2002,TWF,ID,ANM,WE,Combination Non-Radar Approach Control & Tower w/o Radar,0,27,10,0,37,0,7,14,0,21,0,34,24,0,58,0,0,0,58
10/12/2002,TWF,ID,ANM,WE,Combination Non-Radar Approach Control & Tower w/o Radar,0,15,6,0,21,0,4,57,2,63,0,19,63,2,84,38,0,38,122
10/13/2002,TWF,ID,ANM,WE,Combination Non-Radar Approach Control & Tower w/o Radar,0,14,6,0,20,0,1,57,0,58,0,15,63,0,78,44,0,44,122
10/14/2002,TWF,ID,ANM,WE,Combination Non-Radar Approach Control & Tower w/o Radar,0,17,4,2,23,0,5,42,0,47,0,22,46,2,70,20,0,20,90
10/15/2002,TWF,ID,ANM,WE,Combination Non-Radar Approach Control & Tower w/o Radar,0,25,5,0,30,0,19,26,0,45,0,44,31,0,75,24,0,24,99
10/16/2002,TWF,ID,ANM,WE,Combination Non-Radar Approach Control & Tower w/o Radar,0,25,8,1,34,0,9,42,2,53,0,34,50,3,87,56,16,72,159
10/17/2002,TWF,ID,ANM,WE,Combination Non-Radar Approach Control & Tower w/o Radar,11,30,1,0,42,5,5,24,0,34,16,35,25,0,76,14,0,14,90
10/18/2002,TWF,ID,ANM,WE,Combination Non-Radar Approach Control & Tower w/o Radar,0,32,5,0,37,0,5,30,0,35,0,37,35,0,72,4,0,4,76
10/19/2002,TWF,ID,ANM,WE,Combination Non-Radar Approach Control & Tower w/o Radar,0,19,1,0,20,0,2,43,0,45,0,21,44,0,65,32,0,32,97
10/20/2002,TWF,ID,ANM,WE,Combination Non-Radar Approach Control & Tower w/o Radar,0,13,0,0,13,0,0,23,0,23,0,13,23,0,36,2,0,2,38
10/21/2002,TWF,ID,ANM,WE,Combination Non-Radar Approach Control & Tower w/o Radar,0,25,11,0,36,0,8,27,0,35,0,33,38,0,71,0,0,0,71
10/22/2002,TWF,ID,ANM,WE,Combination Non-Radar Approach Control & Tower w/o Radar,0,34,15,7,56,0,6,19,3,28,0,40,34,10,84,16,6,22,106
10/23/2002,TWF,ID,ANM,WE,Combination Non-Radar Approach Control & Tower w/o Radar,0,39,6,0,45,0,3,18,4,25,0,42,24,4,70,20,0,20,90
10/24/2002,TWF,ID,ANM,WE,Combination Non-Radar Approach Control & Tower w/o Radar,2,31,5,2,40,0,3,34,2,39,2,34,39,4,79,38,2,40,119
10/25/2002,TWF,ID,ANM,WE,Combination Non-Radar Approach Control & Tower w/o Radar,0,31,8,0,39,0,6,37,0,43,0,37,45,0,82,48,0,48,130
10/26/2002,TWF,ID,ANM,WE,Combination Non-Radar Approach Control & Tower w/o Radar,0,18,2,0,20,0,2,64,0,66,0,20,66,0,86,44,0,44,130
10/27/2002,TWF,ID,ANM,WE,Combination Non-Radar Approach Control & Tower w/o Radar,0,12,3,0,15,0,1,32,0,33,0,13,35,0,48,2,0,2,50
10/28/2002,TWF,ID,ANM,WE,Combination Non-Radar Approach Control & Tower w/o Radar,0,33,9,0,42,0,3,14,0,17,0,36,23,0,59,16,0,16,75
10/29/2002,TWF,ID,ANM,WE,Combination Non-Radar Approach Control & Tower w/o Radar,2,43,6,0,51,0,4,6,0,10,2,47,12,0,61,6,0,6,67
10/30/2002,TWF,ID,ANM,WE,Combination Non-Radar Approach Control & Tower w/o Radar,0,44,7,0,51,0,0,8,0,8,0,44,15,0,59,26,0,26,85
10/31/2002,TWF,ID,ANM,WE,Combination Non-Radar Approach Control & Tower w/o Radar,2,35,6,10,53,0,1,12,2,15,2,36,18,12,68,12,2,14,82
11/01/2002,TWF,ID,ANM,WE,Combination Non-Radar Approach Control & Tower w/o Radar,0,37,6,0,43,0,6,30,0,36,0,43,36,0,79,50,0,50,129
11/02/2002,TWF,ID,ANM,WE,Combination Non-Radar Approach Control & Tower w/o Radar,0,17,4,2,23,0,6,34,7,47,0,23,38,9,70,32,24,56,126
11/03/2002,TWF,ID,ANM,WE,Combination Non-Radar Approach Control & Tower w/o Radar,0,10,4,0,14,0,4,25,0,29,0,14,29,0,43,20,0,20,63
11/04/2002,TWF,ID,ANM,WE,Combination Non-Radar Approach Control & Tower w/o Radar,0,32,6,0,38,0,5,26,0,31,0,37,32,0,69,16,0,16,85
11/05/2002,TWF,ID,ANM,WE,Combination Non-Radar Approach Control & Tower w/o Radar,0,40,6,0,46,0,4,34,0,38,0,44,40,0,84,30,0,30,114
11/06/2002,TWF,ID,ANM,WE,Combination Non-Radar Approach Control & Tower w/o Radar,0,32,5,0,37,0,7,42,0,49,0,39,47,0,86,36,0,36,122
11/07/2002,TWF,ID,ANM,WE,Combination Non-Radar Approach Control & Tower w/o Radar,1,35,6,0,42,1,3,8,0,12,2,38,14,0,54,0,0,0,54
11/08/2002,TWF,ID,ANM,WE,Combination Non-Radar Approach Control & Tower w/o Radar,2,50,5,0,57,0,0,2,0,2,2,50,7,0,59,0,0,0,59
11/09/2002,TWF,ID,ANM,WE,Combination Non-Radar Approach Control & Tower w/o Radar,0,25,3,0,28,0,0,5,0,5,0,25,8,0,33,4,0,4,37
11/10/2002,TWF,ID,ANM,WE,Combination Non-Radar Approach Control & Tower w/o Radar,0,16,3,0,19,0,0,13,0,13,0,16,16,0,32,10,0,10,42
11/11/2002,TWF,ID,ANM,WE,Combination Non-Radar Approach Control & Tower w/o Radar,0,18,2,0,20,0,1,14,0,15,0,19,16,0,35,4,0,4,39
11/12/2002,TWF,ID,ANM,WE,Combination Non-Radar Approach Control & Tower w/o Radar,0,35,11,3,49,0,7,40,1,48,0,42,51,4,97,36,0,36,133
11/13/2002,TWF,ID,ANM,WE,Combination Non-Radar Approach Control & Tower w/o Radar,0,34,9,10,53,0,5,12,4,21,0,39,21,14,74,0,20,20,94
11/14/2002,TWF,ID,ANM,WE,Combination Non-Radar Approach Control & Tower w/o Radar,2,34,8,5,49,0,2,20,1,23,2,36,28,6,72,66,0,66,138
11/15/2002,TWF,ID,ANM,WE,Combination Non-Radar Approach Control & Tower w/o Radar,0,36,8,3,47,0,2,38,4,44,0,38,46,7,91,42,4,46,137
11/16/2002,TWF,ID,ANM,WE,Combination Non-Radar Approach Control & Tower w/o Radar,0,18,19,0,37,0,1,84,0,85,0,19,103,0,122,14,0,14,136
11/17/2002,TWF,ID,ANM,WE,Combination Non-Radar Approach Control & Tower w/o Radar,0,13,5,0,18,0,0,27,2,29,0,13,32,2,47,10,0,10,57
11/18/2002,TWF,ID,ANM,WE,Combination Non-Radar Approach Control & Tower w/o Radar,0,33,8,0,41,0,1,28,0,29,0,34,36,0,70,8,0,8,78
11/19/2002,TWF,ID,ANM,WE,Combination Non-Radar Approach Control & Tower w/o Radar,0,36,16,0,52,0,1,24,0,25,0,37,40,0,77,16,0,16,93
11/20/2002,TWF,ID,ANM,WE,Combination Non-Radar Approach Control & Tower w/o Radar,0,33,7,6,46,0,10,27,0,37,0,43,34,6,83,4,2,6,89
11/21/2002,TWF,ID,ANM,WE,Combination Non-Radar Approach Control & Tower w/o Radar,2,36,8,0,46,0,3,40,0,43,2,39,48,0,89,14,0,14,103
11/22/2002,TWF,ID,ANM,WE,Combination Non-Radar Approach Control & Tower w/o Radar,0,35,22,1,58,0,3,41,1,45,0,38,63,2,103,24,0,24,127
11/23/2002,TWF,ID,ANM,WE,Combination Non-Radar Approach Control & Tower w/o Radar,19,18,1,0,38,0,2,30,0,32,19,20,31,0,70,68,0,68,138
11/24/2002,TWF,ID,ANM,WE,Combination Non-Radar Approach Control & Tower w/o Radar,0,15,0,0,15,0,2,0,0,2,0,17,0,0,17,0,0,0,17
11/25/2002,TWF,ID,ANM,WE,Combination Non-Radar Approach Control & Tower w/o Radar,0,30,9,3,42,0,3,21,4,28,0,33,30,7,70,10,10,20,90
11/26/2002,TWF,ID,ANM,WE,Combination Non-Radar Approach Control & Tower w/o Radar,8,43,2,0,53,4,3,44,0,51,12,46,46,0,104,6,0,6,110
11/27/2002,TWF,ID,ANM,WE,Combination Non-Radar Approach Control & Tower w/o Radar,0,32,5,3,40,0,7,46,3,56,0,39,51,6,96,70,0,70,166
11/28/2002,TWF,ID,ANM,WE,Combination Non-Radar Approach Control & Tower w/o Radar,0,8,0,0,8,0,0,26,0,26,0,8,26,0,34,16,0,16,50
11/29/2002,TWF,ID,ANM,WE,Combination Non-Radar Approach Control & Tower w/o Radar,0,29,2,0,31,0,3,25,0,28,0,32,27,0,59,12,0,12,71
11/30/2002,TWF,ID,ANM,WE,Combination Non-Radar Approach Control & Tower w/o Radar,0,17,1,0,18,0,0,29,0,29,0,17,30,0,47,6,0,6,53
12/01/2002,TWF,ID,ANM,WE,Combination Non-Radar Approach Control & Tower w/o Radar,0,14,2,0,16,0,0,26,0,26,0,14,28,0,42,14,0,14,56
12/02/2002,TWF,ID,ANM,WE,Combination Non-Radar Approach Control & Tower w/o Radar,0,32,7,0,39,0,4,16,0,20,0,36,23,0,59,0,0,0,59
12/03/2002,TWF,ID,ANM,WE,Combination Non-Radar Approach Control & Tower w/o Radar,0,41,7,5,53,0,3,20,1,24,0,44,27,6,77,12,0,12,89
12/04/2002,TWF,ID,ANM,WE,Combination Non-Radar Approach Control & Tower w/o Radar,0,35,10,0,45,0,5,34,0,39,0,40,44,0,84,46,0,46,130
12/05/2002,TWF,ID,ANM,WE,Combination Non-Radar Approach Control & Tower w/o Radar,2,36,6,9,53,0,2,20,3,25,2,38,26,12,78,34,16,50,128
12/06/2002,TWF,ID,ANM,WE,Combination Non-Radar Approach Control & Tower w/o Radar,1,40,5,3,49,0,3,28,1,32,1,43,33,4,81,80,22,102,183
12/07/2002,TWF,ID,ANM,WE,Combination Non-Radar Approach Control & Tower w/o Radar,6,21,5,0,32,0,0,28,0,28,6,21,33,0,60,30,0,30,90
12/08/2002,TWF,ID,ANM,WE,Combination Non-Radar Approach Control & Tower w/o Radar,2,17,6,0,25,0,0,17,0,17,2,17,23,0,42,2,0,2,44
12/09/2002,TWF,ID,ANM,WE,Combination Non-Radar Approach Control & Tower w/o Radar,0,29,6,1,36,0,2,22,1,25,0,31,28,2,61,44,2,46,107
12/10/2002,TWF,ID,ANM,WE,Combination Non-Radar Approach Control & Tower w/o Radar,2,42,5,0,49,0,1,7,0,8,2,43,12,0,57,4,0,4,61
12/11/2002,TWF,ID,ANM,WE,Combination Non-Radar Approach Control & Tower w/o Radar,0,36,11,1,48,0,0,17,1,18,0,36,28,2,66,34,0,34,100
12/12/2002,TWF,ID,ANM,WE,Combination Non-Radar Approach Control & Tower w/o Radar,4,32,10,2,48,0,4,6,2,12,4,36,16,4,60,2,6,8,68
12/13/2002,TWF,ID,ANM,WE,Combination Non-Radar Approach Control & Tower w/o Radar,2,53,6,3,64,0,4,9,3,16,2,57,15,6,80,0,0,0,80
12/14/2002,TWF,ID,ANM,WE,Combination Non-Radar Approach Control & Tower w/o Radar,2,23,1,0,26,0,3,12,0,15,2,26,13,0,41,12,0,12,53
12/15/2002,TWF,ID,ANM,WE,Combination Non-Radar Approach Control & Tower w/o Radar,0,17,5,0,22,0,0,10,0,10,0,17,15,0,32,20,0,20,52
12/16/2002,TWF,ID,ANM,WE,Combination Non-Radar Approach Control & Tower w/o Radar,8,50,6,5,69,0,2,11,3,16,8,52,17,8,85,12,8,20,105
12/17/2002,TWF,ID,ANM,WE,Combination Non-Radar Approach Control & Tower w/o Radar,4,68,13,0,85,0,0,8,0,8,4,68,21,0,93,0,0,0,93
12/18/2002,TWF,ID,ANM,WE,Combination Non-Radar Approach Control & Tower w/o Radar,0,39,6,8,53,0,5,17,6,28,0,44,23,14,81,26,2,28,109
12/19/2002,TWF,ID,ANM,WE,Combination Non-Radar Approach Control & Tower w/o Radar,2,42,5,2,51,0,3,30,2,35,2,45,35,4,86,32,2,34,120
12/20/2002,TWF,ID,ANM,WE,Combination Non-Radar Approach Control & Tower w/o Radar,2,60,14,0,76,0,5,27,0,32,2,65,41,0,108,48,0,48,156
12/21/2002,TWF,ID,ANM,WE,Combination Non-Radar Approach Control & Tower w/o Radar,4,64,24,0,92,0,0,5,0,5,4,64,29,0,97,4,0,4,101
12/22/2002,TWF,ID,ANM,WE,Combination Non-Radar Approach Control & Tower w/o Radar,4,30,6,0,40,0,0,0,0,0,4,30,6,0,40,0,0,0,40
12/23/2002,TWF,ID,ANM,WE,Combination Non-Radar Approach Control & Tower w/o Radar,0,37,10,0,47,0,0,30,0,30,0,37,40,0,77,10,0,10,87
12/24/2002,TWF,ID,ANM,WE,Combination Non-Radar Approach Control & Tower w/o Radar,0,32,1,0,33,0,2,20,0,22,0,34,21,0,55,34,0,34,89
12/25/2002,TWF,ID,ANM,WE,Combination Non-Radar Approach Control & Tower w/o Radar,0,6,1,0,7,0,0,6,0,6,0,6,7,0,13,8,0,8,21
12/26/2002,TWF,ID,ANM,WE,Combination Non-Radar Approach Control & Tower w/o Radar,2,77,19,0,98,0,2,18,0,20,2,79,37,0,118,2,0,2,120
12/27/2002,TWF,ID,ANM,WE,Combination Non-Radar Approach Control & Tower w/o Radar,7,83,69,0,159,0,0,13,0,13,7,83,82,0,172,0,2,2,174
12/28/2002,TWF,ID,ANM,WE,Combination Non-Radar Approach Control & Tower w/o Radar,2,39,17,0,58,0,1,8,0,9,2,40,25,0,67,14,0,14,81
12/29/2002,TWF,ID,ANM,WE,Combination Non-Radar Approach Control & Tower w/o Radar,2,34,4,0,40,0,3,5,0,8,2,37,9,0,48,4,0,4,52
12/30/2002,TWF,ID,ANM,WE,Combination Non-Radar Approach Control & Tower w/o Radar,2,57,8,2,69,0,2,11,0,13,2,59,19,2,82,28,0,28,110
12/31/2002,TWF,ID,ANM,WE,Combination Non-Radar Approach Control & Tower w/o Radar,2,77,6,0,85,0,1,5,0,6,2,78,11,0,91,0,0,0,91
01/01/2003,TWF,ID,ANM,WE,Combination Non-Radar Approach Control & Tower w/o Radar,0,15,16,0,31,0,0,44,0,44,0,15,60,0,75,30,0,30,105
01/02/2003,TWF,ID,ANM,WE,Combination Non-Radar Approach Control & Tower w/o Radar,0,42,13,0,55,0,3,27,0,30,0,45,40,0,85,44,0,44,129
01/03/2003,TWF,ID,ANM,WE,Combination Non-Radar Approach Control & Tower w/o Radar,0,42,11,0,53,0,2,16,2,20,0,44,27,2,73,46,0,46,119
01/04/2003,TWF,ID,ANM,WE,Combination Non-Radar Approach Control & Tower w/o Radar,2,17,10,0,29,0,0,27,0,27,2,17,37,0,56,44,0,44,100
01/05/2003,TWF,ID,ANM,WE,Combination Non-Radar Approach Control & Tower w/o Radar,0,14,3,0,17,0,0,10,0,10,0,14,13,0,27,8,0,8,35
01/06/2003,TWF,ID,ANM,WE,Combination Non-Radar Approach Control & Tower w/o Radar,0,28,7,0,35,0,2,41,0,43,0,30,48,0,78,72,0,72,150
01/07/2003,TWF,ID,ANM,WE,Combination Non-Radar Approach Control & Tower w/o Radar,0,34,5,0,39,0,1,24,2,27,0,35,29,2,66,18,0,18,84
01/08/2003,TWF,ID,ANM,WE,Combination Non-Radar Approach Control & Tower w/o Radar,0,39,7,0,46,0,3,32,0,35,0,42,39,0,81,12,0,12,93
01/09/2003,TWF,ID,ANM,WE,Combination Non-Radar Approach Control & Tower w/o Radar,2,26,3,0,31,0,2,29,0,31,2,28,32,0,62,14,0,14,76
01/10/2003,TWF,ID,ANM,WE,Combination Non-Radar Approach Control & Tower w/o Radar,2,37,7,0,46,0,3,12,0,15,2,40,19,0,61,46,0,46,107
01/11/2003,TWF,ID,ANM,WE,Combination Non-Radar Approach Control & Tower w/o Radar,2,25,4,0,31,0,0,18,0,18,2,25,22,0,49,10,0,10,59
01/12/2003,TWF,ID,ANM,WE,Combination Non-Radar Approach Control & Tower w/o Radar,4,28,12,0,44,0,0,10,0,10,4,28,22,0,54,0,0,0,54
01/13/2003,TWF,ID,ANM,WE,Combination Non-Radar Approach Control & Tower w/o Radar,0,33,13,0,46,0,1,20,2,23,0,34,33,2,69,22,0,22,91
01/14/2003,TWF,ID,ANM,WE,Combination Non-Radar Approach Control & Tower w/o Radar,0,48,11,0,59,0,4,17,0,21,0,52,28,0,80,10,0,10,90
01/15/2003,TWF,ID,ANM,WE,Combination Non-Radar Approach Control & Tower w/o Radar,0,41,13,0,54,0,5,3,2,10,0,46,16,2,64,0,0,0,64
01/16/2003,TWF,ID,ANM,WE,Combination Non-Radar Approach Control & Tower w/o Radar,0,29,8,1,38,2,7,27,7,43,2,36,35,8,81,30,10,40,121
01/17/2003,TWF,ID,ANM,WE,Combination Non-Radar Approach Control & Tower w/o Radar,0,32,15,0,47,0,0,46,2,48,0,32,61,2,95,68,4,72,167
01/18/2003,TWF,ID,ANM,WE,Combination Non-Radar Approach Control & Tower w/o Radar,0,2,1,0,3,0,0,0,0,0,0,2,1,0,3,0,0,0,3
01/19/2003,TWF,ID,ANM,WE,Combination Non-Radar Approach Control & Tower w/o Radar,0,7,7,0,14,0,1,8,0,9,0,8,15,0,23,16,0,16,39
01/20/2003,TWF,ID,ANM,WE,Combination Non-Radar Approach Control & Tower w/o Radar,0,1,8,0,9,0,0,0,0,0,0,1,8,0,9,0,0,0,9
01/21/2003,TWF,ID,ANM,WE,Combination Non-Radar Approach Control & Tower w/o Radar,0,38,7,11,56,0,0,19,7,26,0,38,26,18,82,22,16,38,120
01/22/2003,TWF,ID,ANM,WE,Combination Non-Radar Approach Control & Tower w/o Radar,0,44,10,2,56,0,10,11,3,24,0,54,21,5,80,2,16,18,98
01/23/2003,TWF,ID,ANM,WE,Combination Non-Radar Approach Control & Tower w/o Radar,2,44,13,3,62,0,2,15,3,20,2,46,28,6,82,24,4,28,110
01/24/2003,TWF,ID,ANM,WE,Combination Non-Radar Approach Control & Tower w/o Radar,0,45,7,0,52,0,3,23,0,26,0,48,30,0,78,24,0,24,102
01/25/2003,TWF,ID,ANM,WE,Combination Non-Radar Approach Control & Tower w/o Radar,6,26,7,4,43,0,0,19,2,21,6,26,26,6,64,12,6,18,82
01/26/2003,TWF,ID,ANM,WE,Combination Non-Radar Approach Control & Tower w/o Radar,0,17,2,3,22,0,1,12,35,48,0,18,14,38,70,12,0,12,82
01/27/2003,TWF,ID,ANM,WE,Combination Non-Radar Approach Control & Tower w/o Radar,4,51,2,2,59,0,6,31,0,37,4,57,33,2,96,16,0,16,112
01/28/2003,TWF,ID,ANM,WE,Combination Non-Radar Approach Control & Tower w/o Radar,0,39,1,0,40,0,1,25,0,26,0,40,26,0,66,54,0,54,120
01/29/2003,TWF,ID,ANM,WE,Combination Non-Radar Approach Control & Tower w/o Radar,0,44,4,3,51,0,4,16,2,22,0,48,20,5,73,6,0,6,79
01/30/2003,TWF,ID,ANM,WE,Combination Non-Radar Approach Control & Tower w/o Radar,4,43,12,3,62,0,2,6,1,9,4,45,18,4,71,8,2,10,81
01/31/2003,TWF,ID,ANM,WE,Combination Non-Radar Approach Control & Tower w/o Radar,0,37,2,0,39,0,2,10,0,12,0,39,12,0,51,12,0,12,63
02/01/2003,TWF,ID,ANM,WE,Combination Non-Radar Approach Control & Tower w/o Radar,1,18,7,0,26,1,0,13,0,14,2,18,20,0,40,62,0,62,102
02/02/2003,TWF,ID,ANM,WE,Combination Non-Radar Approach Control & Tower w/o Radar,1,18,5,5,29,7,0,15,4,26,8,18,20,9,55,14,6,20,75
02/03/2003,TWF,ID,ANM,WE,Combination Non-Radar Approach Control & Tower w/o Radar,0,38,7,0,45,0,0,11,0,11,0,38,18,0,56,14,0,14,70
02/04/2003,TWF,ID,ANM,WE,Combination Non-Radar Approach Control & Tower w/o Radar,0,47,4,0,51,0,1,4,0,5,0,48,8,0,56,14,0,14,70
02/05/2003,TWF,ID,ANM,WE,Combination Non-Radar Approach Control & Tower w/o Radar,0,38,12,0,50,0,0,27,0,27,0,38,39,0,77,18,0,18,95
02/06/2003,TWF,ID,ANM,WE,Combination Non-Radar Approach Control & Tower w/o Radar,4,36,11,7,58,0,2,32,5,39,4,38,43,12,97,20,6,26,123
02/07/2003,TWF,ID,ANM,WE,Combination Non-Radar Approach Control & Tower w/o Radar,0,38,10,0,48,0,3,25,0,28,0,41,35,0,76,18,0,18,94
02/08/2003,TWF,ID,ANM,WE,Combination Non-Radar Approach Control & Tower w/o Radar,2,20,5,0,27,0,6,71,0,77,2,26,76,0,104,74,0,74,178
02/09/2003,TWF,ID,ANM,WE,Combination Non-Radar Approach Control & Tower w/o Radar,2,12,7,0,21,0,0,41,0,41,2,12,48,0,62,20,0,20,82
02/10/2003,TWF,ID,ANM,WE,Combination Non-Radar Approach Control & Tower w/o Radar,0,36,9,0,45,0,6,39,0,45,0,42,48,0,90,34,0,34,124
02/11/2003,TWF,ID,ANM,WE,Combination Non-Radar Approach Control & Tower w/o Radar,0,38,11,4,53,0,2,49,4,55,0,40,60,8,108,76,8,84,192
02/12/2003,TWF,ID,ANM,WE,Combination Non-Radar Approach Control & Tower w/o Radar,0,37,5,4,46,0,5,19,4,28,0,42,24,8,74,22,2,24,98
02/13/2003,TWF,ID,ANM,WE,Combination Non-Radar Approach Control & Tower w/o Radar,6,70,28,0,104,0,3,3,0,6,6,73,31,0,110,2,0,2,112
02/14/2003,TWF,ID,ANM,WE,Combination Non-Radar Approach Control & Tower w/o Radar,4,70,20,0,94,0,3,14,0,17,4,73,34,0,111,0,0,0,111
02/15/2003,TWF,ID,ANM,WE,Combination Non-Radar Approach Control & Tower w/o Radar,0,21,16,0,37,0,4,40,0,44,0,25,56,0,81,34,0,34,115
02/16/2003,TWF,ID,ANM,WE,Combination Non-Radar Approach Control & Tower w/o Radar,6,23,1,0,30,0,0,7,0,7,6,23,8,0,37,0,0,0,37
02/17/2003,TWF,ID,ANM,WE,Combination Non-Radar Approach Control & Tower w/o Radar,0,18,12,0,30,0,4,28,0,32,0,22,40,0,62,22,0,22,84
02/18/2003,TWF,ID,ANM,WE,Combination Non-Radar Approach Control & Tower w/o Radar,0,47,4,0,51,0,2,11,0,13,0,49,15,0,64,2,0,2,66
02/19/2003,TWF,ID,ANM,WE,Combination Non-Radar Approach Control & Tower w/o Radar,0,37,8,0,45,0,2,31,0,33,0,39,39,0,78,80,0,80,158
02/20/2003,TWF,ID,ANM,WE,Combination Non-Radar Approach Control & Tower w/o Radar,2,36,12,2,52,0,2,9,0,11,2,38,21,2,63,18,0,18,81
02/21/2003,TWF,ID,ANM,WE,Combination Non-Radar Approach Control & Tower w/o Radar,0,33,8,0,41,0,7,7,0,14,0,40,15,0,55,16,0,16,71
02/22/2003,TWF,ID,ANM,WE,Combination Non-Radar Approach Control & Tower w/o Radar,0,24,3,0,27,0,0,7,0,7,0,24,10,0,34,0,0,0,34
02/23/2003,TWF,ID,ANM,WE,Combination Non-Radar Approach Control & Tower w/o Radar,0,14,7,0,21,0,1,20,0,21,0,15,27,0,42,72,0,72,114
02/24/2003,TWF,ID,ANM,WE,Combination Non-Radar Approach Control & Tower w/o Radar,0,31,3,0,34,0,2,17,0,19,0,33,20,0,53,46,0,46,99
02/25/2003,TWF,ID,ANM,WE,Combination Non-Radar Approach Control & Tower w/o Radar,0,37,4,0,41,0,8,29,0,37,0,45,33,0,78,4,0,4,82
02/26/2003,TWF,ID,ANM,WE,Combination Non-Radar Approach Control & Tower w/o Radar,0,37,6,0,43,0,2,32,0,34,0,39,38,0,77,34,0,34,111
02/27/2003,TWF,ID,ANM,WE,Combination Non-Radar Approach Control & Tower w/o Radar,2,37,3,1,43,0,2,25,1,28,2,39,28,2,71,0,0,0,71
02/28/2003,TWF,ID,ANM,WE,Combination Non-Radar Approach Control & Tower w/o Radar,0,37,3,6,46,0,3,35,4,42,0,40,38,10,88,46,6,52,140
03/01/2003,TWF,ID,ANM,WE,Combination Non-Radar Approach Control & Tower w/o Radar,0,19,2,4,25,0,0,2,0,2,0,19,4,4,27,0,4,4,31
03/02/2003,TWF,ID,ANM,WE,Combination Non-Radar Approach Control & Tower w/o Radar,0,14,2,0,16,0,1,41,0,42,0,15,43,0,58,48,0,48,106
03/03/2003,TWF,ID,ANM,WE,Combination Non-Radar Approach Control & Tower w/o Radar,0,33,3,0,36,0,2,11,0,13,0,35,14,0,49,2,0,2,51
03/04/2003,TWF,ID,ANM,WE,Combination Non-Radar Approach Control & Tower w/o Radar,0,38,7,0,45,0,2,9,0,11,0,40,16,0,56,38,0,38,94
03/05/2003,TWF,ID,ANM,WE,Combination Non-Radar Approach Control & Tower w/o Radar,0,34,2,0,36,0,5,28,0,33,0,39,30,0,69,32,0,32,101
03/06/2003,TWF,ID,ANM,WE,Combination Non-Radar Approach Control & Tower w/o Radar,2,43,8,5,58,0,0,6,0,6,2,43,14,5,64,30,2,32,96
03/07/2003,TWF,ID,ANM,WE,Combination Non-Radar Approach Control & Tower w/o Radar,2,50,19,0,71,0,2,10,0,12,2,52,29,0,83,32,0,32,115
03/08/2003,TWF,ID,ANM,WE,Combination Non-Radar Approach Control & Tower w/o Radar,0,20,3,0,23,0,1,33,0,34,0,21,36,0,57,32,0,32,89
03/09/2003,TWF,ID,ANM,WE,Combination Non-Radar Approach Control & Tower w/o Radar,0,12,10,0,22,0,2,16,0,18,0,14,26,0,40,12,0,12,52
03/10/2003,TWF,ID,ANM,WE,Combination Non-Radar Approach Control & Tower w/o Radar,0,31,5,0,36,0,4,26,0,30,0,35,31,0,66,18,0,18,84
03/11/2003,TWF,ID,ANM,WE,Combination Non-Radar Approach Control & Tower w/o Radar,0,37,5,4,46,0,4,33,2,39,0,41,38,6,85,8,0,8,93
03/12/2003,TWF,ID,ANM,WE,Combination Non-Radar Approach Control & Tower w/o Radar,0,37,2,0,39,0,5,16,0,21,0,42,18,0,60,8,0,8,68
03/13/2003,TWF,ID,ANM,WE,Combination Non-Radar Approach Control & Tower w/o Radar,2,35,8,0,45,0,3,16,0,19,2,38,24,0,64,0,0,0,64
03/14/2003,TWF,ID,ANM,WE,Combination Non-Radar Approach Control & Tower w/o Radar,1,35,8,4,48,0,2,18,0,20,1,37,26,4,68,32,8,40,108
03/15/2003,TWF,ID,ANM,WE,Combination Non-Radar Approach Control & Tower w/o Radar,3,25,8,0,36,0,2,12,0,14,3,27,20,0,50,10,0,10,60
03/16/2003,TWF,ID,ANM,WE,Combination Non-Radar Approach Control & Tower w/o Radar,2,16,2,0,20,0,2,48,0,50,2,18,50,0,70,22,0,22,92
03/17/2003,TWF,ID,ANM,WE,Combination Non-Radar Approach Control & Tower w/o Radar,0,30,7,0,37,0,5,27,0,32,0,35,34,0,69,178,0,178,247
03/18/2003,TWF,ID,ANM,WE,Combination Non-Radar Approach Control & Tower w/o Radar,0,31,3,1,35,0,8,7,9,24,0,39,10,10,59,128,12,140,199
03/19/2003,TWF,ID,ANM,WE,Combination Non-Radar Approach Control & Tower w/o Radar,0,33,9,4,46,0,5,51,10,66,0,38,60,14,112,184,12,196,308
03/20/2003,TWF,ID,ANM,WE,Combination Non-Radar Approach Control & Tower w/o Radar,2,33,10,2,47,0,4,18,0,22,2,37,28,2,69,132,0,132,201
03/21/2003,TWF,ID,ANM,WE,Combination Non-Radar Approach Control & Tower w/o Radar,0,31,8,0,39,0,3,36,0,39,0,34,44,0,78,168,0,168,246
03/22/2003,TWF,ID,ANM,WE,Combination Non-Radar Approach Control & Tower w/o Radar,0,23,9,0,32,0,2,45,0,47,0,25,54,0,79,8,0,8,87
03/23/2003,TWF,ID,ANM,WE,Combination Non-Radar Approach Control & Tower w/o Radar,0,15,0,0,15,0,0,18,0,18,0,15,18,0,33,0,0,0,33
03/24/2003,TWF,ID,ANM,WE,Combination Non-Radar Approach Control & Tower w/o Radar,0,29,8,0,37,0,5,34,0,39,0,34,42,0,76,152,0,152,228
03/25/2003,TWF,ID,ANM,WE,Combination Non-Radar Approach Control & Tower w/o Radar,0,45,4,0,49,0,4,27,0,31,0,49,31,0,80,170,0,170,250
03/26/2003,TWF,ID,ANM,WE,Combination Non-Radar Approach Control & Tower w/o Radar,2,57,7,0,66,0,2,9,0,11,2,59,16,0,77,72,0,72,149
03/27/2003,TWF,ID,ANM,WE,Combination Non-Radar Approach Control & Tower w/o Radar,2,33,3,0,38,0,2,22,0,24,2,35,25,0,62,140,0,140,202
03/28/2003,TWF,ID,ANM,WE,Combination Non-Radar Approach Control & Tower w/o Radar,0,32,4,4,40,0,5,28,4,37,0,37,32,8,77,56,10,66,143
03/29/2003,TWF,ID,ANM,WE,Combination Non-Radar Approach Control & Tower w/o Radar,0,17,4,0,21,0,1,81,0,82,0,18,85,0,103,42,0,42,145
03/30/2003,TWF,ID,ANM,WE,Combination Non-Radar Approach Control & Tower w/o Radar,0,13,9,0,22,0,0,46,0,46,0,13,55,0,68,46,0,46,114
03/31/2003,TWF,ID,ANM,WE,Combination Non-Radar Approach Control & Tower w/o Radar,0,32,7,0,39,0,4,20,0,24,0,36,27,0,63,8,0,8,71
04/01/2003,TWF,ID,ANM,WE,Combination Non-Radar Approach Control & Tower w/o Radar,0,40,5,2,47,0,1,17,3,21,0,41,22,5,68,8,4,12,80
04/02/2003,TWF,ID,ANM,WE,Combination Non-Radar Approach Control & Tower w/o Radar,5,56,7,4,72,1,2,10,2,15,6,58,17,6,87,10,8,18,105
04/03/2003,TWF,ID,ANM,WE,Combination Non-Radar Approach Control & Tower w/o Radar,2,38,9,0,49,0,0,1,0,1,2,38,10,0,50,0,0,0,50
04/04/2003,TWF,ID,ANM,WE,Combination Non-Radar Approach Control & Tower w/o Radar,0,41,7,0,48,0,2,21,0,23,0,43,28,0,71,14,0,14,85
04/05/2003,TWF,ID,ANM,WE,Combination Non-Radar Approach Control & Tower w/o Radar,0,20,2,0,22,0,0,4,0,4,0,20,6,0,26,0,0,0,26
04/06/2003,TWF,ID,ANM,WE,Combination Non-Radar Approach Control & Tower w/o Radar,0,14,3,0,17,0,2,1,0,3,0,16,4,0,20,0,0,0,20
04/07/2003,TWF,ID,ANM,WE,Combination Non-Radar Approach Control & Tower w/o Radar,0,32,6,0,38,0,2,51,0,53,0,34,57,0,91,52,0,52,143
04/08/2003,TWF,ID,ANM,WE,Combination Non-Radar Approach Control & Tower w/o Radar,0,33,9,0,42,0,5,39,0,44,0,38,48,0,86,26,0,26,112
04/09/2003,TWF,ID,ANM,WE,Combination Non-Radar Approach Control & Tower w/o Radar,0,32,14,0,46,0,3,32,0,35,0,35,46,0,81,12,0,12,93
04/10/2003,TWF,ID,ANM,WE,Combination Non-Radar Approach Control & Tower w/o Radar,2,28,10,1,41,0,1,47,1,49,2,29,57,2,90,34,4,38,128
04/11/2003,TWF,ID,ANM,WE,Combination Non-Radar Approach Control & Tower w/o Radar,0,31,6,0,37,0,2,51,0,53,0,33,57,0,90,58,0,58,148
04/12/2003,TWF,ID,ANM,WE,Combination Non-Radar Approach Control & Tower w/o Radar,0,18,11,0,29,0,2,45,0,47,0,20,56,0,76,8,0,8,84
04/13/2003,TWF,ID,ANM,WE,Combination Non-Radar Approach Control & Tower w/o Radar,0,16,4,0,20,0,0,46,0,46,0,16,50,0,66,40,0,40,106
04/14/2003,TWF,ID,ANM,WE,Combination Non-Radar Approach Control & Tower w/o Radar,4,50,12,0,66,0,2,10,0,12,4,52,22,0,78,0,0,0,78
04/15/2003,TWF,ID,ANM,WE,Combination Non-Radar Approach Control & Tower w/o Radar,0,36,2,0,38,0,1,6,0,7,0,37,8,0,45,4,0,4,49
04/16/2003,TWF,ID,ANM,WE,Combination Non-Radar Approach Control & Tower w/o Radar,0,39,4,0,43,0,2,27,0,29,0,41,31,0,72,22,0,22,94
04/17/2003,TWF,ID,ANM,WE,Combination Non-Radar Approach Control & Tower w/o Radar,4,43,9,0,56,0,2,12,0,14,4,45,21,0,70,8,0,8,78
04/18/2003,TWF,ID,ANM,WE,Combination Non-Radar Approach Control & Tower w/o Radar,0,36,1,0,37,0,3,26,0,29,0,39,27,0,66,22,0,22,88
04/19/2003,TWF,ID,ANM,WE,Combination Non-Radar Approach Control & Tower w/o Radar,0,13,14,0,27,0,5,49,0,54,0,18,63,0,81,50,0,50,131
04/20/2003,TWF,ID,ANM,WE,Combination Non-Radar Approach Control & Tower w/o Radar,0,9,1,0,10,0,0,38,0,38,0,9,39,0,48,50,0,50,98
04/21/2003,TWF,ID,ANM,WE,Combination Non-Radar Approach Control & Tower w/o Radar,0,33,4,0,37,0,2,7,0,9,0,35,11,0,46,2,0,2,48
04/22/2003,TWF,ID,ANM,WE,Combination Non-Radar Approach Control & Tower w/o Radar,0,36,5,0,41,0,2,12,0,14,0,38,17,0,55,28,0,28,83
04/23/2003,TWF,ID,ANM,WE,Combination Non-Radar Approach Control & Tower w/o Radar,0,37,3,0,40,0,2,1,0,3,0,39,4,0,43,4,0,4,47
04/24/2003,TWF,ID,ANM,WE,Combination Non-Radar Approach Control & Tower w/o Radar,2,33,7,0,42,0,4,15,2,21,2,37,22,2,63,38,0,38,101
04/25/2003,TWF,ID,ANM,WE,Combination Non-Radar Approach Control & Tower w/o Radar,0,40,15,8,63,0,0,5,0,5,0,40,20,8,68,50,8,58,126
04/26/2003,TWF,ID,ANM,WE,Combination Non-Radar Approach Control & Tower w/o Radar,0,21,8,0,29,0,3,17,0,20,0,24,25,0,49,22,0,22,71
04/27/2003,TWF,ID,ANM,WE,Combination Non-Radar Approach Control & Tower w/o Radar,0,12,4,0,16,0,1,22,0,23,0,13,26,0,39,44,0,44,83
04/28/2003,TWF,ID,ANM,WE,Combination Non-Radar Approach Control & Tower w/o Radar,0,35,11,0,46,0,5,17,0,22,0,40,28,0,68,46,0,46,114
04/29/2003,TWF,ID,ANM,WE,Combination Non-Radar Approach Control & Tower w/o Radar,0,39,4,2,45,0,3,16,0,19,0,42,20,2,64,50,18,68,132
04/30/2003,TWF,ID,ANM,WE,Combination Non-Radar Approach Control & Tower w/o Radar,0,33,5,5,43,0,2,22,3,27,0,35,27,8,70,106,14,120,190
05/01/2003,TWF,ID,ANM,WE,Combination Non-Radar Approach Control & Tower w/o Radar,2,33,18,0,53,0,2,43,0,45,2,35,61,0,98,30,0,30,128
05/02/2003,TWF,ID,ANM,WE,Combination Non-Radar Approach Control & Tower w/o Radar,0,29,14,0,43,0,5,21,0,26,0,34,35,0,69,10,0,10,79
05/03/2003,TWF,ID,ANM,WE,Combination Non-Radar Approach Control & Tower w/o Radar,2,17,4,0,23,0,3,6,0,9,2,20,10,0,32,24,0,24,56
05/04/2003,TWF,ID,ANM,WE,Combination Non-Radar Approach Control & Tower w/o Radar,0,11,8,0,19,0,2,1,0,3,0,13,9,0,22,0,0,0,22
05/05/2003,TWF,ID,ANM,WE,Combination Non-Radar Approach Control & Tower w/o Radar,0,25,7,0,32,0,6,16,0,22,0,31,23,0,54,0,0,0,54
05/06/2003,TWF,ID,ANM,WE,Combination Non-Radar Approach Control & Tower w/o Radar,0,32,15,0,47,0,4,67,0,71,0,36,82,0,118,90,0,90,208
05/07/2003,TWF,ID,ANM,WE,Combination Non-Radar Approach Control & Tower w/o Radar,0,35,14,1,50,0,3,73,1,77,0,38,87,2,127,38,4,42,169
05/08/2003,TWF,ID,ANM,WE,Combination Non-Radar Approach Control & Tower w/o Radar,2,36,12,0,50,0,3,32,0,35,2,39,44,0,85,74,0,74,159
05/09/2003,TWF,ID,ANM,WE,Combination Non-Radar Approach Control & Tower w/o Radar,0,35,18,7,60,0,4,8,3,15,0,39,26,10,75,76,0,76,151
05/10/2003,TWF,ID,ANM,WE,Combination Non-Radar Approach Control & Tower w/o Radar,0,16,4,0,20,0,3,37,0,40,0,19,41,0,60,32,0,32,92
05/11/2003,TWF,ID,ANM,WE,Combination Non-Radar Approach Control & Tower w/o Radar,0,9,23,0,32,0,2,18,0,20,0,11,41,0,52,12,0,12,64
05/12/2003,TWF,ID,ANM,WE,Combination Non-Radar Approach Control & Tower w/o Radar,0,31,5,0,36,0,4,43,0,47,0,35,48,0,83,28,0,28,111
05/13/2003,TWF,ID,ANM,WE,Combination Non-Radar Approach Control & Tower w/o Radar,0,31,16,0,47,0,3,56,0,59,0,34,72,0,106,44,0,44,150
05/14/2003,TWF,ID,ANM,WE,Combination Non-Radar Approach Control & Tower w/o Radar,0,29,10,0,39,0,10,52,0,62,0,39,62,0,101,46,0,46,147
05/15/2003,TWF,ID,ANM,WE,Combination Non-Radar Approach Control & Tower w/o Radar,2,30,11,0,43,0,8,35,0,43,2,38,46,0,86,38,0,38,124
05/16/2003,TWF,ID,ANM,WE,Combination Non-Radar Approach Control & Tower w/o Radar,0,28,13,0,41,0,5,34,0,39,0,33,47,0,80,8,0,8,88
05/17/2003,TWF,ID,ANM,WE,Combination Non-Radar Approach Control & Tower w/o Radar,0,14,12,0,26,0,4,75,0,79,0,18,87,0,105,86,0,86,191
05/18/2003,TWF,ID,ANM,WE,Combination Non-Radar Approach Control & Tower w/o Radar,0,11,11,0,22,0,0,23,0,23,0,11,34,0,45,17,0,17,62
05/19/2003,TWF,ID,ANM,WE,Combination Non-Radar Approach Control & Tower w/o Radar,0,23,2,2,27,0,12,31,2,45,0,35,33,4,72,32,0,32,104
05/20/2003,TWF,ID,ANM,WE,Combination Non-Radar Approach Control & Tower w/o Radar,0,30,12,4,46,0,13,57,6,76,0,43,69,10,122,28,10,38,160
05/21/2003,TWF,ID,ANM,WE,Combination Non-Radar Approach Control & Tower w/o Radar,0,28,9,0,37,0,16,37,0,53,0,44,46,0,90,8,0,8,98
05/22/2003,TWF,ID,ANM,WE,Combination Non-Radar Approach Control & Tower w/o Radar,2,32,13,3,50,0,3,55,1,59,2,35,68,4,109,36,16,52,161
05/23/2003,TWF,ID,ANM,WE,Combination Non-Radar Approach Control & Tower w/o Radar,0,29,0,0,29,0,3,84,0,87,0,32,84,0,116,46,0,46,162
05/24/2003,TWF,ID,ANM,WE,Combination Non-Radar Approach Control & Tower w/o Radar,0,13,5,0,18,0,6,38,0,44,0,19,43,0,62,40,0,40,102
05/25/2003,TWF,ID,ANM,WE,Combination Non-Radar Approach Control & Tower w/o Radar,0,7,0,0,7,0,4,21,0,25,0,11,21,0,32,10,0,10,42
05/26/2003,TWF,ID,ANM,WE,Combination Non-Radar Approach Control & Tower w/o Radar,0,9,14,0,23,0,3,51,0,54,0,12,65,0,77,24,0,24,101
05/27/2003,TWF,ID,ANM,WE,Combination Non-Radar Approach Control & Tower w/o Radar,0,25,16,0,41,0,12,92,0,104,0,37,108,0,145,16,0,16,161
05/28/2003,TWF,ID,ANM,WE,Combination Non-Radar Approach Control & Tower w/o Radar,0,31,5,0,36,0,6,49,0,55,0,37,54,0,91,36,0,36,127
05/29/2003,TWF,ID,ANM,WE,Combination Non-Radar Approach Control & Tower w/o Radar,2,28,6,1,37,0,8,61,1,70,2,36,67,2,107,26,0,26,133
05/30/2003,TWF,ID,ANM,WE,Combination Non-Radar Approach Control & Tower w/o Radar,2,29,6,0,37,0,8,31,0,39,2,37,37,0,76,28,4,32,108
05/31/2003,TWF,ID,ANM,WE,Combination Non-Radar Approach Control & Tower w/o Radar,0,15,4,0,19,0,2,93,2,97,0,17,97,2,116,94,0,94,210
06/01/2003,TWF,ID,ANM,WE,Combination Non-Radar Approach Control & Tower w/o Radar,0,14,4,0,18,0,1,46,0,47,0,15,50,0,65,26,0,26,91
06/02/2003,TWF,ID,ANM,WE,Combination Non-Radar Approach Control & Tower w/o Radar,0,22,5,0,27,0,4,36,0,40,0,26,41,0,67,18,0,18,85
06/03/2003,TWF,ID,ANM,WE,Combination Non-Radar Approach Control & Tower w/o Radar,0,26,3,4,33,0,9,31,4,44,0,35,34,8,77,2,10,12,89
06/04/2003,TWF,ID,ANM,WE,Combination Non-Radar Approach Control & Tower w/o Radar,0,28,7,3,38,0,9,47,1,57,0,37,54,4,95,8,14,22,117
06/05/2003,TWF,ID,ANM,WE,Combination Non-Radar Approach Control & Tower w/o Radar,0,29,7,0,36,2,7,62,0,71,2,36,69,0,107,52,0,52,159
06/06/2003,TWF,ID,ANM,WE,Combination Non-Radar Approach Control & Tower w/o Radar,0,30,12,0,42,0,6,55,0,61,0,36,67,0,103,32,0,32,135
06/07/2003,TWF,ID,ANM,WE,Combination Non-Radar Approach Control & Tower w/o Radar,0,13,5,0,18,0,6,51,0,57,0,19,56,0,75,10,0,10,85
06/08/2003,TWF,ID,ANM,WE,Combination Non-Radar Approach Control & Tower w/o Radar,0,10,6,0,16,0,5,25,0,30,0,15,31,0,46,8,0,8,54
06/09/2003,TWF,ID,ANM,WE,Combination Non-Radar Approach Control & Tower w/o Radar,0,26,9,0,35,0,6,50,0,56,0,32,59,0,91,36,0,36,127
06/10/2003,TWF,ID,ANM,WE,Combination Non-Radar Approach Control & Tower w/o Radar,0,27,8,0,35,0,11,54,2,67,0,38,62,2,102,42,0,42,144
06/11/2003,TWF,ID,ANM,WE,Combination Non-Radar Approach Control & Tower w/o Radar,0,29,3,0,32,0,9,23,1,33,0,38,26,1,65,46,0,46,111
06/12/2003,TWF,ID,ANM,WE,Combination Non-Radar Approach Control & Tower w/o Radar,2,25,4,2,33,0,14,47,0,61,2,39,51,2,94,24,4,28,122
06/13/2003,TWF,ID,ANM,WE,Combination Non-Radar Approach Control & Tower w/o Radar,0,29,5,0,34,0,8,59,0,67,0,37,64,0,101,16,0,16,117
06/14/2003,TWF,ID,ANM,WE,Combination Non-Radar Approach Control & Tower w/o Radar,0,13,5,0,18,0,9,105,5,119,0,22,110,5,137,20,0,20,157
06/15/2003,TWF,ID,ANM,WE,Combination Non-Radar Approach Control & Tower w/o Radar,0,9,2,0,11,0,4,48,0,52,0,13,50,0,63,4,0,4,67
06/16/2003,TWF,ID,ANM,WE,Combination Non-Radar Approach Control & Tower w/o Radar,0,25,7,7,39,0,7,49,3,59,0,32,56,10,98,6,10,16,114
06/17/2003,TWF,ID,ANM,WE,Combination Non-Radar Approach Control & Tower w/o Radar,0,29,8,1,38,0,5,87,1,93,0,34,95,2,131,32,0,32,163
06/18/2003,TWF,ID,ANM,WE,Combination Non-Radar Approach Control & Tower w/o Radar,0,24,11,0,35,0,8,70,0,78,0,32,81,0,113,46,0,46,159
06/19/2003,TWF,ID,ANM,WE,Combination Non-Radar Approach Control & Tower w/o Radar,2,30,8,5,45,0,7,66,5,78,2,37,74,10,123,80,2,82,205
06/20/2003,TWF,ID,ANM,WE,Combination Non-Radar Approach Control & Tower w/o Radar,0,35,10,0,45,0,5,47,0,52,0,40,57,0,97,42,0,42,139
06/21/2003,TWF,ID,ANM,WE,Combination Non-Radar Approach Control & Tower w/o Radar,0,16,4,1,21,0,8,57,3,68,0,24,61,4,89,54,8,62,151
06/22/2003,TWF,ID,ANM,WE,Combination Non-Radar Approach Control & Tower w/o Radar,0,9,1,0,10,0,4,40,4,48,0,13,41,4,58,0,0,0,58
06/23/2003,TWF,ID,ANM,WE,Combination Non-Radar Approach Control & Tower w/o Radar,0,26,2,0,28,0,6,63,0,69,0,32,65,0,97,22,0,22,119
06/24/2003,TWF,ID,ANM,WE,Combination Non-Radar Approach Control & Tower w/o Radar,0,33,8,0,41,0,8,39,0,47,0,41,47,0,88,18,0,18,106
06/25/2003,TWF,ID,ANM,WE,Combination Non-Radar Approach Control & Tower w/o Radar,0,32,10,2,44,0,9,89,1,99,0,41,99,3,143,6,2,8,151
06/26/2003,TWF,ID,ANM,WE,Combination Non-Radar Approach Control & Tower w/o Radar,2,29,9,10,50,0,11,74,10,95,2,40,83,20,145,12,12,24,169
06/27/2003,TWF,ID,ANM,WE,Combination Non-Radar Approach Control & Tower w/o Radar,0,30,6,0,36,0,15,79,0,94,0,45,85,0,130,20,0,20,150
06/28/2003,TWF,ID,ANM,WE,Combination Non-Radar Approach Control & Tower w/o Radar,0,16,4,0,20,0,4,65,0,69,0,20,69,0,89,4,0,4,93
06/29/2003,TWF,ID,ANM,WE,Combination Non-Radar Approach Control & Tower w/o Radar,2,12,9,0,23,0,7,61,0,68,2,19,70,0,91,4,0,4,95
06/30/2003,TWF,ID,ANM,WE,Combination Non-Radar Approach Control & Tower w/o Radar,0,26,7,2,35,0,8,39,5,52,0,34,46,7,87,16,18,34,121
07/01/2003,TWF,ID,ANM,WE,Combination Non-Radar Approach Control & Tower w/o Radar,0,36,5,0,41,0,2,71,0,73,0,38,76,0,114,62,0,62,176
07/02/2003,TWF,ID,ANM,WE,Combination Non-Radar Approach Control & Tower w/o Radar,0,30,7,2,39,0,16,43,0,59,0,46,50,2,98,0,0,0,98
07/03/2003,TWF,ID,ANM,WE,Combination Non-Radar Approach Control & Tower w/o Radar,2,32,3,0,37,0,10,70,0,80,2,42,73,0,117,30,0,30,147
07/04/2003,TWF,ID,ANM,WE,Combination Non-Radar Approach Control & Tower w/o Radar,0,6,4,0,10,0,0,53,0,53,0,6,57,0,63,30,0,30,93
07/05/2003,TWF,ID,ANM,WE,Combination Non-Radar Approach Control & Tower w/o Radar,0,13,0,0,13,0,2,28,0,30,0,15,28,0,43,28,0,28,71
07/06/2003,TWF,ID,ANM,WE,Combination Non-Radar Approach Control & Tower w/o Radar,0,12,5,0,17,0,1,40,0,41,0,13,45,0,58,48,0,48,106
07/07/2003,TWF,ID,ANM,WE,Combination Non-Radar Approach Control & Tower w/o Radar,0,31,16,0,47,0,5,86,0,91,0,36,102,0,138,20,0,20,158
07/08/2003,TWF,ID,ANM,WE,Combination Non-Radar Approach Control & Tower w/o Radar,0,44,10,0,54,0,14,34,0,48,0,58,44,0,102,4,0,4,106
07/09/2003,TWF,ID,ANM,WE,Combination Non-Radar Approach Control & Tower w/o Radar,0,28,15,0,43,0,16,57,0,73,0,44,72,0,116,8,0,8,124
07/10/2003,TWF,ID,ANM,WE,Combination Non-Radar Approach Control & Tower w/o Radar,2,27,17,0,46,0,7,57,0,64,2,34,74,0,110,38,0,38,148
07/11/2003,TWF,ID,ANM,WE,Combination Non-Radar Approach Control & Tower w/o Radar,0,34,8,0,42,0,7,76,0,83,0,41,84,0,125,14,0,14,139
07/12/2003,TWF,ID,ANM,WE,Combination Non-Radar Approach Control & Tower w/o Radar,0,17,4,0,21,0,2,82,0,84,0,19,86,0,105,22,0,22,127
07/13/2003,TWF,ID,ANM,WE,Combination Non-Radar Approach Control & Tower w/o Radar,0,15,10,0,25,0,0,38,0,38,0,15,48,0,63,2,0,2,65
07/14/2003,TWF,ID,ANM,WE,Combination Non-Radar Approach Control & Tower w/o Radar,0,25,8,0,33,0,8,52,0,60,0,33,60,0,93,0,0,0,93
07/15/2003,TWF,ID,ANM,WE,Combination Non-Radar Approach Control & Tower w/o Radar,0,32,9,3,44,0,6,67,1,74,0,38,76,4,118,26,0,26,144
07/16/2003,TWF,ID,ANM,WE,Combination Non-Radar Approach Control & Tower w/o Radar,0,35,7,0,42,0,2,68,0,70,0,37,75,0,112,30,0,30,142
07/17/2003,TWF,ID,ANM,WE,Combination Non-Radar Approach Control & Tower w/o Radar,3,31,4,0,38,0,12,69,0,81,3,43,73,0,119,24,0,24,143
07/18/2003,TWF,ID,ANM,WE,Combination Non-Radar Approach Control & Tower w/o Radar,0,35,6,0,41,0,4,49,0,53,0,39,55,0,94,46,0,46,140
07/19/2003,TWF,ID,ANM,WE,Combination Non-Radar Approach Control & Tower w/o Radar,0,29,8,0,37,0,4,57,0,61,0,33,65,0,98,28,0,28,126
07/20/2003,TWF,ID,ANM,WE,Combination Non-Radar Approach Control & Tower w/o Radar,0,15,2,0,17,0,1,52,0,53,0,16,54,0,70,6,0,6,76
07/21/2003,TWF,ID,ANM,WE,Combination Non-Radar Approach Control & Tower w/o Radar,0,26,1,1,28,0,2,56,3,61,0,28,57,4,89,4,0,4,93
07/22/2003,TWF,ID,ANM,WE,Combination Non-Radar Approach Control & Tower w/o Radar,0,28,8,5,41,0,8,54,5,67,0,36,62,10,108,16,6,22,130
07/23/2003,TWF,ID,ANM,WE,Combination Non-Radar Approach Control & Tower w/o Radar,0,30,7,0,37,0,15,68,0,83,0,45,75,0,120,4,0,4,124
07/24/2003,TWF,ID,ANM,WE,Combination Non-Radar Approach Control & Tower w/o Radar,2,33,6,0,41,0,5,35,0,40,2,38,41,0,81,16,0,16,97
07/25/2003,TWF,ID,ANM,WE,Combination Non-Radar Approach Control & Tower w/o Radar,1,30,9,3,43,0,5,76,0,81,1,35,85,3,124,26,2,28,152
07/26/2003,TWF,ID,ANM,WE,Combination Non-Radar Approach Control & Tower w/o Radar,2,16,5,1,24,0,9,98,0,107,2,25,103,1,131,26,0,26,157
07/27/2003,TWF,ID,ANM,WE,Combination Non-Radar Approach Control & Tower w/o Radar,0,9,9,0,18,0,3,71,0,74,0,12,80,0,92,16,0,16,108
07/28/2003,TWF,ID,ANM,WE,Combination Non-Radar Approach Control & Tower w/o Radar,0,25,0,3,28,0,7,73,1,81,0,32,73,4,109,20,0,20,129
07/29/2003,TWF,ID,ANM,WE,Combination Non-Radar Approach Control & Tower w/o Radar,0,33,5,11,49,0,5,96,15,116,0,38,101,26,165,8,0,8,173
07/30/2003,TWF,ID,ANM,WE,Combination Non-Radar Approach Control & Tower w/o Radar,0,31,7,8,46,0,11,60,10,81,0,42,67,18,127,10,8,18,145
07/31/2003,TWF,ID,ANM,WE,Combination Non-Radar Approach Control & Tower w/o Radar,2,41,10,15,68,0,6,68,15,89,2,47,78,30,157,28,20,48,205
08/01/2003,TWF,ID,ANM,WE,Combination Non-Radar Approach Control & Tower w/o Radar,0,38,8,2,48,0,5,71,0,76,0,43,79,2,124,18,0,18,142
08/02/2003,TWF,ID,ANM,WE,Combination Non-Radar Approach Control & Tower w/o Radar,0,18,9,0,27,0,0,59,0,59,0,18,68,0,86,50,0,50,136
08/03/2003,TWF,ID,ANM,WE,Combination Non-Radar Approach Control & Tower w/o Radar,0,12,5,1,18,0,0,28,0,28,0,12,33,1,46,10,0,10,56
08/04/2003,TWF,ID,ANM,WE,Combination Non-Radar Approach Control & Tower w/o Radar,0,27,8,0,35,0,5,70,1,76,0,32,78,1,111,14,0,14,125
08/05/2003,TWF,ID,ANM,WE,Combination Non-Radar Approach Control & Tower w/o Radar,0,32,5,5,42,0,6,32,3,41,0,38,37,8,83,10,12,22,105
08/06/2003,TWF,ID,ANM,WE,Combination Non-Radar Approach Control & Tower w/o Radar,0,34,3,6,43,0,6,81,4,91,0,40,84,10,134,40,6,46,180
08/07/2003,TWF,ID,ANM,WE,Combination Non-Radar Approach Control & Tower w/o Radar,2,30,11,12,55,0,5,56,10,71,2,35,67,22,126,8,8,16,142
08/08/2003,TWF,ID,ANM,WE,Combination Non-Radar Approach Control & Tower w/o Radar,0,32,7,4,43,0,6,60,4,70,0,38,67,8,113,20,6,26,139
08/09/2003,TWF,ID,ANM,WE,Combination Non-Radar Approach Control & Tower w/o Radar,0,22,10,0,32,0,2,61,0,63,0,24,71,0,95,22,0,22,117
08/10/2003,TWF,ID,ANM,WE,Combination Non-Radar Approach Control & Tower w/o Radar,0,14,4,0,18,0,3,68,1,72,0,17,72,1,90,20,0,20,110
08/11/2003,TWF,ID,ANM,WE,Combination Non-Radar Approach Control & Tower w/o Radar,0,29,12,0,41,0,4,81,2,87,0,33,93,2,128,2,0,2,130
08/12/2003,TWF,ID,ANM,WE,Combination Non-Radar Approach Control & Tower w/o Radar,0,30,8,4,42,0,8,54,4,66,0,38,62,8,108,20,8,28,136
08/13/2003,TWF,ID,ANM,WE,Combination Non-Radar Approach Control & Tower w/o Radar,0,32,5,0,37,0,4,49,2,55,0,36,54,2,92,44,0,44,136
08/14/2003,TWF,ID,ANM,WE,Combination Non-Radar Approach Control & Tower w/o Radar,2,33,6,6,47,0,7,100,2,109,2,40,106,8,156,30,20,50,206
08/15/2003,TWF,ID,ANM,WE,Combination Non-Radar Approach Control & Tower w/o Radar,0,30,10,0,40,0,6,91,0,97,0,36,101,0,137,20,0,20,157
08/16/2003,TWF,ID,ANM,WE,Combination Non-Radar Approach Control & Tower w/o Radar,0,17,9,0,26,0,2,60,0,62,0,19,69,0,88,48,0,48,136
08/17/2003,TWF,ID,ANM,WE,Combination Non-Radar Approach Control & Tower w/o Radar,0,18,4,0,22,0,3,32,0,35,0,21,36,0,57,32,0,32,89
08/18/2003,TWF,ID,ANM,WE,Combination Non-Radar Approach Control & Tower w/o Radar,0,28,12,1,41,0,4,37,1,42,0,32,49,2,83,42,0,42,125
08/19/2003,TWF,ID,ANM,WE,Combination Non-Radar Approach Control & Tower w/o Radar,0,30,11,18,59,0,10,52,11,73,0,40,63,29,132,24,10,34,166
08/20/2003,TWF,ID,ANM,WE,Combination Non-Radar Approach Control & Tower w/o Radar,0,37,3,0,40,0,3,45,0,48,0,40,48,0,88,0,0,0,88
08/21/2003,TWF,ID,ANM,WE,Combination Non-Radar Approach Control & Tower w/o Radar,2,40,9,0,51,0,4,50,0,54,2,44,59,0,105,4,0,4,109
08/22/2003,TWF,ID,ANM,WE,Combination Non-Radar Approach Control & Tower w/o Radar,12,37,12,0,61,0,4,25,2,31,12,41,37,2,92,10,0,10,102
08/23/2003,TWF,ID,ANM,WE,Combination Non-Radar Approach Control & Tower w/o Radar,0,15,4,0,19,0,3,63,2,68,0,18,67,2,87,14,2,16,103
08/24/2003,TWF,ID,ANM,WE,Combination Non-Radar Approach Control & Tower w/o Radar,0,13,2,0,15,0,1,76,0,77,0,14,78,0,92,42,0,42,134
08/25/2003,TWF,ID,ANM,WE,Combination Non-Radar Approach Control & Tower w/o Radar,0,28,3,0,31,0,7,31,0,38,0,35,34,0,69,0,0,0,69
08/26/2003,TWF,ID,ANM,WE,Combination Non-Radar Approach Control & Tower w/o Radar,0,39,9,2,50,0,8,38,10,56,0,47,47,12,106,8,4,12,118
08/27/2003,TWF,ID,ANM,WE,Combination Non-Radar Approach Control & Tower w/o Radar,0,33,3,1,37,0,4,27,1,32,0,37,30,2,69,14,0,14,83
08/28/2003,TWF,ID,ANM,WE,Combination Non-Radar Approach Control & Tower w/o Radar,2,34,2,7,45,0,7,49,13,69,2,41,51,20,114,26,2,28,142
08/29/2003,TWF,ID,ANM,WE,Combination Non-Radar Approach Control & Tower w/o Radar,0,37,2,0,39,0,4,22,0,26,0,41,24,0,65,18,0,18,83
08/30/2003,TWF,ID,ANM,WE,Combination Non-Radar Approach Control & Tower w/o Radar,0,20,6,0,26,0,2,87,0,89,0,22,93,0,115,14,0,14,129
08/31/2003,TWF,ID,ANM,WE,Combination Non-Radar Approach Control & Tower w/o Radar,0,18,5,0,23,0,0,44,0,44,0,18,49,0,67,22,0,22,89
09/01/2003,TWF,ID,ANM,WE,Combination Non-Radar Approach Control & Tower w/o Radar,0,11,9,0,20,0,0,49,0,49,0,11,58,0,69,0,0,0,69
09/02/2003,TWF,ID,ANM,WE,Combination Non-Radar Approach Control & Tower w/o Radar,0,31,6,0,37,0,8,36,0,44,0,39,42,0,81,18,0,18,99
09/03/2003,TWF,ID,ANM,WE,Combination Non-Radar Approach Control & Tower w/o Radar,0,28,11,0,39,0,10,46,0,56,0,38,57,0,95,14,0,14,109
09/04/2003,TWF,ID,ANM,WE,Combination Non-Radar Approach Control & Tower w/o Radar,0,32,5,1,38,0,2,46,1,49,0,34,51,2,87,20,0,20,107
09/05/2003,TWF,ID,ANM,WE,Combination Non-Radar Approach Control & Tower w/o Radar,0,33,4,2,39,0,4,76,2,82,0,37,80,4,121,14,0,14,135
09/06/2003,TWF,ID,ANM,WE,Combination Non-Radar Approach Control & Tower w/o Radar,0,20,20,0,40,0,0,50,5,55,0,20,70,5,95,56,0,56,151
09/07/2003,TWF,ID,ANM,WE,Combination Non-Radar Approach Control & Tower w/o Radar,0,14,8,0,22,0,0,24,2,26,0,14,32,2,48,0,0,0,48
09/08/2003,TWF,ID,ANM,WE,Combination Non-Radar Approach Control & Tower w/o Radar,0,32,6,0,38,0,2,20,0,22,0,34,26,0,60,0,0,0,60
09/09/2003,TWF,ID,ANM,WE,Combination Non-Radar Approach Control & Tower w/o Radar,0,37,12,0,49,0,3,38,0,41,0,40,50,0,90,4,0,4,94
09/10/2003,TWF,ID,ANM,WE,Combination Non-Radar Approach Control & Tower w/o Radar,0,40,6,1,47,0,2,12,1,15,0,42,18,2,62,2,0,2,64
09/11/2003,TWF,ID,ANM,WE,Combination Non-Radar Approach Control & Tower w/o Radar,2,31,16,2,51,0,5,35,0,40,2,36,51,2,91,16,22,38,129
09/12/2003,TWF,ID,ANM,WE,Combination Non-Radar Approach Control & Tower w/o Radar,0,36,0,0,36,0,6,30,0,36,0,42,30,0,72,2,0,2,74
09/13/2003,TWF,ID,ANM,WE,Combination Non-Radar Approach Control & Tower w/o Radar,0,15,7,5,27,0,9,71,5,85,0,24,78,10,112,40,0,40,152
09/14/2003,TWF,ID,ANM,WE,Combination Non-Radar Approach Control & Tower w/o Radar,0,11,4,6,21,0,3,42,0,45,0,14,46,6,66,6,0,6,72
09/15/2003,TWF,ID,ANM,WE,Combination Non-Radar Approach Control & Tower w/o Radar,0,30,4,0,34,0,3,48,0,51,0,33,52,0,85,14,0,14,99
09/16/2003,TWF,ID,ANM,WE,Combination Non-Radar Approach Control & Tower w/o Radar,0,37,10,4,51,0,0,19,6,25,0,37,29,10,76,12,24,36,112
09/17/2003,TWF,ID,ANM,WE,Combination Non-Radar Approach Control & Tower w/o Radar,0,37,7,2,46,0,1,20,3,24,0,38,27,5,70,2,0,2,72
09/18/2003,TWF,ID,ANM,WE,Combination Non-Radar Approach Control & Tower w/o Radar,2,38,14,2,56,0,2,76,1,79,2,40,90,3,135,30,0,30,165
09/19/2003,TWF,ID,ANM,WE,Combination Non-Radar Approach Control & Tower w/o Radar,0,33,19,0,52,0,3,38,0,41,0,36,57,0,93,16,0,16,109
09/20/2003,TWF,ID,ANM,WE,Combination Non-Radar Approach Control & Tower w/o Radar,0,17,4,0,21,0,3,36,0,39,0,20,40,0,60,18,0,18,78
09/21/2003,TWF,ID,ANM,WE,Combination Non-Radar Approach Control & Tower w/o Radar,0,10,10,0,20,0,4,63,0,67,0,14,73,0,87,0,0,0,87
09/22/2003,TWF,ID,ANM,WE,Combination Non-Radar Approach Control & Tower w/o Radar,0,28,6,0,34,0,6,26,0,32,0,34,32,0,66,22,0,22,88
09/23/2003,TWF,ID,ANM,WE,Combination Non-Radar Approach Control & Tower w/o Radar,0,31,12,0,43,0,4,46,0,50,0,35,58,0,93,22,0,22,115
09/24/2003,TWF,ID,ANM,WE,Combination Non-Radar Approach Control & Tower w/o Radar,0,35,8,0,43,0,7,28,4,39,0,42,36,4,82,14,0,14,96
09/25/2003,TWF,ID,ANM,WE,Combination Non-Radar Approach Control & Tower w/o Radar,2,36,6,6,50,0,2,80,2,84,2,38,86,8,134,6,14,20,154
09/26/2003,TWF,ID,ANM,WE,Combination Non-Radar Approach Control & Tower w/o Radar,0,33,16,0,49,0,5,52,0,57,0,38,68,0,106,14,0,14,120
09/27/2003,TWF,ID,ANM,WE,Combination Non-Radar Approach Control & Tower w/o Radar,0,12,3,1,16,0,6,41,0,47,0,18,44,1,63,64,0,64,127
09/28/2003,TWF,ID,ANM,WE,Combination Non-Radar Approach Control & Tower w/o Radar,0,10,8,1,19,0,4,49,0,53,0,14,57,1,72,36,2,38,110
09/29/2003,TWF,ID,ANM,WE,Combination Non-Radar Approach Control & Tower w/o Radar,0,30,8,0,38,0,0,29,0,29,0,30,37,0,67,4,0,4,71
09/30/2003,TWF,ID,ANM,WE,Combination Non-Radar Approach Control & Tower w/o Radar,0,34,11,0,45,0,4,44,0,48,0,38,55,0,93,46,0,46,139
10/01/2003,TWF,ID,ANM,WE,Combination Non-Radar Approach Control & Tower w/o Radar,0,24,5,0,29,0,14,27,0,41,0,38,32,0,70,10,0,10,80
10/02/2003,TWF,ID,ANM,WE,Combination Non-Radar Approach Control & Tower w/o Radar,1,33,7,1,42,1,0,41,0,42,2,33,48,1,84,38,0,38,122
10/03/2003,TWF,ID,ANM,WE,Combination Non-Radar Approach Control & Tower w/o Radar,0,25,5,0,30,0,7,41,0,48,0,32,46,0,78,24,0,24,102
10/04/2003,TWF,ID,ANM,WE,Combination Non-Radar Approach Control & Tower w/o Radar,0,17,4,0,21,0,7,49,0,56,0,24,53,0,77,8,0,8,85
10/05/2003,TWF,ID,ANM,WE,Combination Non-Radar Approach Control & Tower w/o Radar,0,13,3,0,16,0,0,28,0,28,0,13,31,0,44,32,0,32,76
10/06/2003,TWF,ID,ANM,WE,Combination Non-Radar Approach Control & Tower w/o Radar,0,27,6,0,33,0,6,35,0,41,0,33,41,0,74,28,0,28,102
10/07/2003,TWF,ID,ANM,WE,Combination Non-Radar Approach Control & Tower w/o Radar,0,37,9,2,48,0,3,47,6,56,0,40,56,8,104,28,2,30,134
10/08/2003,TWF,ID,ANM,WE,Combination Non-Radar Approach Control & Tower w/o Radar,0,37,9,2,48,0,6,29,10,45,0,43,38,12,93,36,4,40,133
10/09/2003,TWF,ID,ANM,WE,Combination Non-Radar Approach Control & Tower w/o Radar,1,36,8,2,47,1,2,26,0,29,2,38,34,2,76,30,14,44,120
10/10/2003,TWF,ID,ANM,WE,Combination Non-Radar Approach Control & Tower w/o Radar,0,30,7,1,38,0,3,22,3,28,0,33,29,4,66,8,20,28,94
10/11/2003,TWF,ID,ANM,WE,Combination Non-Radar Approach Control & Tower w/o Radar,0,16,4,0,20,0,4,50,0,54,0,20,54,0,74,56,0,56,130
10/12/2003,TWF,ID,ANM,WE,Combination Non-Radar Approach Control & Tower w/o Radar,0,14,3,0,17,0,1,21,0,22,0,15,24,0,39,14,0,14,53
10/13/2003,TWF,ID,ANM,WE,Combination Non-Radar Approach Control & Tower w/o Radar,0,19,5,0,24,0,0,33,0,33,0,19,38,0,57,28,0,28,85
10/14/2003,TWF,ID,ANM,WE,Combination Non-Radar Approach Control & Tower w/o Radar,0,27,6,2,35,0,11,26,2,39,0,38,32,4,74,66,12,78,152
10/15/2003,TWF,ID,ANM,WE,Combination Non-Radar Approach Control & Tower w/o Radar,0,36,9,3,48,0,0,45,5,50,0,36,54,8,98,14,20,34,132
10/16/2003,TWF,ID,ANM,WE,Combination Non-Radar Approach Control & Tower w/o Radar,0,32,7,2,41,0,6,34,4,44,0,38,41,6,85,78,4,82,167
10/17/2003,TWF,ID,ANM,WE,Combination Non-Radar Approach Control & Tower w/o Radar,0,39,11,3,53,0,0,50,5,55,0,39,61,8,108,64,28,92,200
10/18/2003,TWF,ID,ANM,WE,Combination Non-Radar Approach Control & Tower w/o Radar,0,20,5,0,25,0,1,58,0,59,0,21,63,0,84,38,0,38,122
10/19/2003,TWF,ID,ANM,WE,Combination Non-Radar Approach Control & Tower w/o Radar,0,17,4,1,22,0,0,54,0,54,0,17,58,1,76,58,16,74,150
10/20/2003,TWF,ID,ANM,WE,Combination Non-Radar Approach Control & Tower w/o Radar,0,27,5,0,32,0,6,47,0,53,0,33,52,0,85,38,0,38,123
10/21/2003,TWF,ID,ANM,WE,Combination Non-Radar Approach Control & Tower w/o Radar,0,33,6,2,41,0,1,40,5,46,0,34,46,7,87,50,6,56,143
10/22/2003,TWF,ID,ANM,WE,Combination Non-Radar Approach Control & Tower w/o Radar,0,34,7,0,41,0,9,62,0,71,0,43,69,0,112,6,0,6,118
10/23/2003,TWF,ID,ANM,WE,Combination Non-Radar Approach Control & Tower w/o Radar,0,32,6,0,38,2,9,11,0,22,2,41,17,0,60,0,0,0,60
10/24/2003,TWF,ID,ANM,WE,Combination Non-Radar Approach Control & Tower w/o Radar,0,31,6,0,37,0,11,34,0,45,0,42,40,0,82,66,0,66,148
10/25/2003,TWF,ID,ANM,WE,Combination Non-Radar Approach Control & Tower w/o Radar,0,21,4,0,25,0,2,57,0,59,0,23,61,0,84,104,0,104,188
10/26/2003,TWF,ID,ANM,WE,Combination Non-Radar Approach Control & Tower w/o Radar,0,13,2,0,15,0,0,44,0,44,0,13,46,0,59,52,0,52,111
10/27/2003,TWF,ID,ANM,WE,Combination Non-Radar Approach Control & Tower w/o Radar,0,31,6,0,37,0,4,20,0,24,0,35,26,0,61,12,0,12,73
10/28/2003,TWF,ID,ANM,WE,Combination Non-Radar Approach Control & Tower w/o Radar,0,36,7,1,44,0,2,6,4,12,0,38,13,5,56,0,0,0,56
10/29/2003,TWF,ID,ANM,WE,Combination Non-Radar Approach Control & Tower w/o Radar,0,32,6,0,38,0,8,8,0,16,0,40,14,0,54,22,0,22,76
10/30/2003,TWF,ID,ANM,WE,Combination Non-Radar Approach Control & Tower w/o Radar,0,36,8,0,44,5,0,24,0,29,5,36,32,0,73,22,0,22,95
10/31/2003,TWF,ID,ANM,WE,Combination Non-Radar Approach Control & Tower w/o Radar,0,34,7,0,41,0,3,16,0,19,0,37,23,0,60,0,0,0,60
11/01/2003,TWF,ID,ANM,WE,Combination Non-Radar Approach Control & Tower w/o Radar,0,20,6,1,27,0,2,36,7,45,0,22,42,8,72,52,0,52,124
11/02/2003,TWF,ID,ANM,WE,Combination Non-Radar Approach Control & Tower w/o Radar,0,14,5,0,19,0,0,30,2,32,0,14,35,2,51,68,8,76,127
11/03/2003,TWF,ID,ANM,WE,Combination Non-Radar Approach Control & Tower w/o Radar,1,42,13,0,56,0,2,26,0,28,1,44,39,0,84,28,0,28,112
11/04/2003,TWF,ID,ANM,WE,Combination Non-Radar Approach Control & Tower w/o Radar,0,38,12,0,50,0,5,26,0,31,0,43,38,0,81,30,0,30,111
11/05/2003,TWF,ID,ANM,WE,Combination Non-Radar Approach Control & Tower w/o Radar,0,40,13,2,55,0,3,40,0,43,0,43,53,2,98,12,0,12,110
11/06/2003,TWF,ID,ANM,WE,Combination Non-Radar Approach Control & Tower w/o Radar,2,42,18,4,66,0,0,58,4,62,2,42,76,8,128,36,0,36,164
11/07/2003,TWF,ID,ANM,WE,Combination Non-Radar Approach Control & Tower w/o Radar,0,36,11,3,50,0,4,42,5,51,0,40,53,8,101,112,4,116,217
11/08/2003,TWF,ID,ANM,WE,Combination Non-Radar Approach Control & Tower w/o Radar,0,18,6,0,24,0,0,48,0,48,0,18,54,0,72,40,0,40,112
11/09/2003,TWF,ID,ANM,WE,Combination Non-Radar Approach Control & Tower w/o Radar,0,14,6,1,21,0,0,15,3,18,0,14,21,4,39,4,0,4,43
11/10/2003,TWF,ID,ANM,WE,Combination Non-Radar Approach Control & Tower w/o Radar,0,31,10,2,43,0,0,17,4,21,0,31,27,6,64,8,0,8,72
11/11/2003,TWF,ID,ANM,WE,Combination Non-Radar Approach Control & Tower w/o Radar,0,22,8,0,30,0,11,3,0,14,0,33,11,0,44,4,0,4,48
11/12/2003,TWF,ID,ANM,WE,Combination Non-Radar Approach Control & Tower w/o Radar,0,36,12,0,48,0,6,48,0,54,0,42,60,0,102,44,0,44,146
11/13/2003,TWF,ID,ANM,WE,Combination Non-Radar Approach Control & Tower w/o Radar,2,38,12,0,52,2,7,0,0,9,4,45,12,0,61,0,0,0,61
11/14/2003,TWF,ID,ANM,WE,Combination Non-Radar Approach Control & Tower w/o Radar,1,28,10,0,39,1,14,25,0,40,2,42,35,0,79,66,0,66,145
11/15/2003,TWF,ID,ANM,WE,Combination Non-Radar Approach Control & Tower w/o Radar,1,18,7,0,26,1,6,15,0,22,2,24,22,0,48,48,0,48,96
11/16/2003,TWF,ID,ANM,WE,Combination Non-Radar Approach Control & Tower w/o Radar,0,20,7,0,27,4,2,9,0,15,4,22,16,0,42,16,0,16,58
11/17/2003,TWF,ID,ANM,WE,Combination Non-Radar Approach Control & Tower w/o Radar,0,30,10,1,41,0,6,6,5,17,0,36,16,6,58,18,6,24,82
11/18/2003,TWF,ID,ANM,WE,Combination Non-Radar Approach Control & Tower w/o Radar,0,38,15,2,55,0,0,38,4,42,0,38,53,6,97,30,0,30,127
11/19/2003,TWF,ID,ANM,WE,Combination Non-Radar Approach Control & Tower w/o Radar,0,36,12,0,48,0,6,35,0,41,0,42,47,0,89,16,0,16,105
11/20/2003,TWF,ID,ANM,WE,Combination Non-Radar Approach Control & Tower w/o Radar,1,45,16,3,65,1,0,15,11,27,2,45,31,14,92,36,4,40,132
11/21/2003,TWF,ID,ANM,WE,Combination Non-Radar Approach Control & Tower w/o Radar,0,31,11,2,44,0,7,6,4,17,0,38,17,6,61,0,38,38,99
11/22/2003,TWF,ID,ANM,WE,Combination Non-Radar Approach Control & Tower w/o Radar,0,20,8,0,28,0,0,17,0,17,0,20,25,0,45,0,0,0,45
11/23/2003,TWF,ID,ANM,WE,Combination Non-Radar Approach Control & Tower w/o Radar,0,16,6,0,22,0,1,36,0,37,0,17,42,0,59,46,0,46,105
11/24/2003,TWF,ID,ANM,WE,Combination Non-Radar Approach Control & Tower w/o Radar,0,28,10,0,38,2,8,14,0,24,2,36,24,0,62,18,0,18,80
11/25/2003,TWF,ID,ANM,WE,Combination Non-Radar Approach Control & Tower w/o Radar,1,39,12,0,52,1,2,14,0,17,2,41,26,0,69,24,0,24,93
11/26/2003,TWF,ID,ANM,WE,Combination Non-Radar Approach Control & Tower w/o Radar,0,44,15,3,62,0,0,4,7,11,0,44,19,10,73,18,4,22,95
11/27/2003,TWF,ID,ANM,WE,Combination Non-Radar Approach Control & Tower w/o Radar,0,9,2,0,11,0,0,21,0,21,0,9,23,0,32,32,0,32,64
11/28/2003,TWF,ID,ANM,WE,Combination Non-Radar Approach Control & Tower w/o Radar,0,24,7,0,31,0,10,37,0,47,0,34,44,0,78,76,0,76,154
11/29/2003,TWF,ID,ANM,WE,Combination Non-Radar Approach Control & Tower w/o Radar,1,33,10,0,44,3,0,10,0,13,4,33,20,0,57,16,0,16,73
11/30/2003,TWF,ID,ANM,WE,Combination Non-Radar Approach Control & Tower w/o Radar,1,44,15,0,60,3,0,15,0,18,4,44,30,0,78,50,0,50,128
12/01/2003,TWF,ID,ANM,WE,Combination Non-Radar Approach Control & Tower w/o Radar,0,25,9,1,35,0,0,32,5,37,0,25,41,6,72,24,8,32,104
12/02/2003,TWF,ID,ANM,WE,Combination Non-Radar Approach Control & Tower w/o Radar,3,38,13,1,55,7,0,36,1,44,10,38,49,2,99,62,0,62,161
12/03/2003,TWF,ID,ANM,WE,Combination Non-Radar Approach Control & Tower w/o Radar,0,28,10,2,40,0,9,20,5,34,0,37,30,7,74,2,4,6,80
12/04/2003,TWF,ID,ANM,WE,Combination Non-Radar Approach Control & Tower w/o Radar,1,32,11,0,44,1,5,9,0,15,2,37,20,0,59,28,0,28,87
12/05/2003,TWF,ID,ANM,WE,Combination Non-Radar Approach Control & Tower w/o Radar,0,38,13,0,51,0,8,23,0,31,0,46,36,0,82,18,0,18,100
12/06/2003,TWF,ID,ANM,WE,Combination Non-Radar Approach Control & Tower w/o Radar,1,28,10,2,41,1,0,10,4,15,2,28,20,6,56,64,0,64,120
12/07/2003,TWF,ID,ANM,WE,Combination Non-Radar Approach Control & Tower w/o Radar,2,27,9,0,38,2,0,3,0,5,4,27,12,0,43,0,0,0,43
12/08/2003,TWF,ID,ANM,WE,Combination Non-Radar Approach Control & Tower w/o Radar,0,24,8,0,32,0,8,8,0,16,0,32,16,0,48,40,0,40,88
12/09/2003,TWF,ID,ANM,WE,Combination Non-Radar Approach Control & Tower w/o Radar,0,38,14,2,54,0,0,39,8,47,0,38,53,10,101,8,12,20,121
12/10/2003,TWF,ID,ANM,WE,Combination Non-Radar Approach Control & Tower w/o Radar,0,33,7,0,40,0,13,0,0,13,0,46,7,0,53,0,0,0,53
12/11/2003,TWF,ID,ANM,WE,Combination Non-Radar Approach Control & Tower w/o Radar,2,31,11,0,44,0,7,0,0,7,2,38,11,0,51,20,0,20,71
12/12/2003,TWF,ID,ANM,WE,Combination Non-Radar Approach Control & Tower w/o Radar,0,38,13,0,51,0,8,28,0,36,0,46,41,0,87,50,0,50,137
12/13/2003,TWF,ID,ANM,WE,Combination Non-Radar Approach Control & Tower w/o Radar,2,29,10,0,41,1,5,14,0,20,3,34,24,0,61,0,0,0,61
12/14/2003,TWF,ID,ANM,WE,Combination Non-Radar Approach Control & Tower w/o Radar,2,24,8,0,34,1,4,6,0,11,3,28,14,0,45,0,0,0,45
12/15/2003,TWF,ID,ANM,WE,Combination Non-Radar Approach Control & Tower w/o Radar,0,28,8,1,37,0,5,20,7,32,0,33,28,8,69,26,12,38,107
12/16/2003,TWF,ID,ANM,WE,Combination Non-Radar Approach Control & Tower w/o Radar,0,39,13,1,53,0,0,65,3,68,0,39,78,4,121,38,16,54,175
12/17/2003,TWF,ID,ANM,WE,Combination Non-Radar Approach Control & Tower w/o Radar,1,35,10,0,46,1,6,42,0,49,2,41,52,0,95,36,0,36,131
12/18/2003,TWF,ID,ANM,WE,Combination Non-Radar Approach Control & Tower w/o Radar,1,36,11,1,49,1,3,32,3,39,2,39,43,4,88,18,16,34,122
12/19/2003,TWF,ID,ANM,WE,Combination Non-Radar Approach Control & Tower w/o Radar,0,32,10,0,42,0,5,35,0,40,0,37,45,0,82,46,0,46,128
12/20/2003,TWF,ID,ANM,WE,Combination Non-Radar Approach Control & Tower w/o Radar,2,60,21,0,83,0,0,59,0,59,2,60,80,0,142,36,0,36,178
12/21/2003,TWF,ID,ANM,WE,Combination Non-Radar Approach Control & Tower w/o Radar,0,16,6,0,22,0,0,13,0,13,0,16,19,0,35,36,0,36,71
12/22/2003,TWF,ID,ANM,WE,Combination Non-Radar Approach Control & Tower w/o Radar,0,34,10,1,45,0,0,23,5,28,0,34,33,6,73,10,18,28,101
12/23/2003,TWF,ID,ANM,WE,Combination Non-Radar Approach Control & Tower w/o Radar,0,44,14,1,59,0,0,31,5,36,0,44,45,6,95,74,6,80,175
12/24/2003,TWF,ID,ANM,WE,Combination Non-Radar Approach Control & Tower w/o Radar,4,63,19,0,86,0,1,3,0,4,4,64,22,0,90,0,0,0,90
12/25/2003,TWF,ID,ANM,WE,Combination Non-Radar Approach Control & Tower w/o Radar,1,21,5,0,27,4,2,0,0,6,5,23,5,0,33,0,0,0,33
12/26/2003,TWF,ID,ANM,WE,Combination Non-Radar Approach Control & Tower w/o Radar,0,36,11,0,47,0,6,20,0,26,0,42,31,0,73,12,0,12,85
12/27/2003,TWF,ID,ANM,WE,Combination Non-Radar Approach Control & Tower w/o Radar,0,33,13,0,46,0,0,12,0,12,0,33,25,0,58,14,0,14,72
12/28/2003,TWF,ID,ANM,WE,Combination Non-Radar Approach Control & Tower w/o Radar,3,41,17,0,61,1,0,26,0,27,4,41,43,0,88,18,0,18,106
12/29/2003,TWF,ID,ANM,WE,Combination Non-Radar Approach Control & Tower w/o Radar,3,48,15,0,66,3,0,3,0,6,6,48,18,0,72,0,0,0,72
12/30/2003,TWF,ID,ANM,WE,Combination Non-Radar Approach Control & Tower w/o Radar,4,64,20,2,90,3,2,5,6,16,7,66,25,8,106,20,0,20,126
12/31/2003,TWF,ID,ANM,WE,Combination Non-Radar Approach Control & Tower w/o Radar,3,70,19,0,92,2,4,0,0,6,5,74,19,0,98,0,0,0,98
01/01/2004,TWF,ID,ANM,WE,Combination Non-Radar Approach Control & Tower w/o Radar,2,32,11,0,45,3,0,5,0,8,5,32,16,0,53,0,0,0,53
01/02/2004,TWF,ID,ANM,WE,Combination Non-Radar Approach Control & Tower w/o Radar,4,94,36,0,134,0,0,51,0,51,4,94,87,0,185,4,0,4,189
01/03/2004,TWF,ID,ANM,WE,Combination Non-Radar Approach Control & Tower w/o Radar,1,62,21,0,84,0,0,29,0,29,1,62,50,0,113,4,0,4,117
01/04/2004,TWF,ID,ANM,WE,Combination Non-Radar Approach Control & Tower w/o Radar,4,68,27,0,99,2,0,28,0,30,6,68,55,0,129,0,0,0,129
01/05/2004,TWF,ID,ANM,WE,Combination Non-Radar Approach Control & Tower w/o Radar,0,31,9,1,41,0,4,18,7,29,0,35,27,8,70,24,0,24,94
01/06/2004,TWF,ID,ANM,WE,Combination Non-Radar Approach Control & Tower w/o Radar,0,41,12,1,54,0,10,8,2,20,0,51,20,3,74,22,0,22,96
01/07/2004,TWF,ID,ANM,WE,Combination Non-Radar Approach Control & Tower w/o Radar,2,48,14,0,64,0,12,0,0,12,2,60,14,0,76,0,0,0,76
01/08/2004,TWF,ID,ANM,WE,Combination Non-Radar Approach Control & Tower w/o Radar,2,40,12,0,54,4,5,9,0,18,6,45,21,0,72,18,0,18,90
01/09/2004,TWF,ID,ANM,WE,Combination Non-Radar Approach Control & Tower w/o Radar,0,41,13,0,54,0,10,14,0,24,0,51,27,0,78,40,0,40,118
01/10/2004,TWF,ID,ANM,WE,Combination Non-Radar Approach Control & Tower w/o Radar,0,17,6,1,24,0,0,33,14,47,0,17,39,15,71,32,14,46,117
01/11/2004,TWF,ID,ANM,WE,Combination Non-Radar Approach Control & Tower w/o Radar,1,13,6,0,20,4,0,21,0,25,5,13,27,0,45,4,0,4,49
01/12/2004,TWF,ID,ANM,WE,Combination Non-Radar Approach Control & Tower w/o Radar,0,29,9,0,38,1,2,10,0,13,1,31,19,0,51,22,0,22,73
01/13/2004,TWF,ID,ANM,WE,Combination Non-Radar Approach Control & Tower w/o Radar,0,27,8,0,35,0,14,14,0,28,0,41,22,0,63,22,0,22,85
01/14/2004,TWF,ID,ANM,WE,Combination Non-Radar Approach Control & Tower w/o Radar,0,30,9,1,40,0,8,23,5,36,0,38,32,6,76,36,12,48,124
01/15/2004,TWF,ID,ANM,WE,Combination Non-Radar Approach Control & Tower w/o Radar,0,36,14,0,50,0,0,0,0,0,0,36,14,0,50,0,0,0,50
01/16/2004,TWF,ID,ANM,WE,Combination Non-Radar Approach Control & Tower w/o Radar,1,28,7,0,36,1,2,0,0,3,2,30,7,0,39,0,0,0,39
01/17/2004,TWF,ID,ANM,WE,Combination Non-Radar Approach Control & Tower w/o Radar,0,20,7,0,27,0,0,3,0,3,0,20,10,0,30,0,0,0,30
01/18/2004,TWF,ID,ANM,WE,Combination Non-Radar Approach Control & Tower w/o Radar,0,9,4,0,13,0,0,15,0,15,0,9,19,0,28,16,0,16,44
01/19/2004,TWF,ID,ANM,WE,Combination Non-Radar Approach Control & Tower w/o Radar,0,21,8,0,29,0,0,1,0,1,0,21,9,0,30,0,0,0,30
01/20/2004,TWF,ID,ANM,WE,Combination Non-Radar Approach Control & Tower w/o Radar,0,29,3,0,32,0,11,0,0,11,0,40,3,0,43,0,0,0,43
01/21/2004,TWF,ID,ANM,WE,Combination Non-Radar Approach Control & Tower w/o Radar,3,52,17,0,72,3,8,3,0,14,6,60,20,0,86,6,0,6,92
01/22/2004,TWF,ID,ANM,WE,Combination Non-Radar Approach Control & Tower w/o Radar,4,62,24,0,90,3,0,18,0,21,7,62,42,0,111,26,0,26,137
01/23/2004,TWF,ID,ANM,WE,Combination Non-Radar Approach Control & Tower w/o Radar,1,40,15,0,56,0,0,22,10,32,1,40,37,10,88,10,16,26,114
01/24/2004,TWF,ID,ANM,WE,Combination Non-Radar Approach Control & Tower w/o Radar,2,31,7,0,40,2,6,0,0,8,4,37,7,0,48,0,0,0,48
01/25/2004,TWF,ID,ANM,WE,Combination Non-Radar Approach Control & Tower w/o Radar,0,14,6,0,20,1,0,13,0,14,1,14,19,0,34,2,0,2,36
01/26/2004,TWF,ID,ANM,WE,Combination Non-Radar Approach Control & Tower w/o Radar,0,27,9,0,36,0,5,0,5,10,0,32,9,5,46,0,0,0,46
01/27/2004,TWF,ID,ANM,WE,Combination Non-Radar Approach Control & Tower w/o Radar,2,36,9,0,47,2,7,0,0,9,4,43,9,0,56,0,0,0,56
01/28/2004,TWF,ID,ANM,WE,Combination Non-Radar Approach Control & Tower w/o Radar,3,38,13,0,54,2,5,6,0,13,5,43,19,0,67,42,0,42,109
01/29/2004,TWF,ID,ANM,WE,Combination Non-Radar Approach Control & Tower w/o Radar,2,32,9,0,43,1,3,0,0,4,3,35,9,0,47,10,0,10,57
01/30/2004,TWF,ID,ANM,WE,Combination Non-Radar Approach Control & Tower w/o Radar,2,43,5,0,50,0,15,0,0,15,2,58,5,0,65,0,0,0,65
01/31/2004,TWF,ID,ANM,WE,Combination Non-Radar Approach Control & Tower w/o Radar,0,17,6,0,23,0,0,19,0,19,0,17,25,0,42,0,0,0,42
02/01/2004,TWF,ID,ANM,WE,Combination Non-Radar Approach Control & Tower w/o Radar,2,24,8,0,34,0,0,6,0,6,2,24,14,0,40,2,0,2,42
02/02/2004,TWF,ID,ANM,WE,Combination Non-Radar Approach Control & Tower w/o Radar,2,35,11,0,48,0,7,0,0,7,2,42,11,0,55,0,0,0,55
02/03/2004,TWF,ID,ANM,WE,Combination Non-Radar Approach Control & Tower w/o Radar,3,51,14,0,68,1,5,0,0,6,4,56,14,0,74,0,0,0,74
02/04/2004,TWF,ID,ANM,WE,Combination Non-Radar Approach Control & Tower w/o Radar,1,30,9,0,40,0,8,6,0,14,1,38,15,0,54,0,0,0,54
02/05/2004,TWF,ID,ANM,WE,Combination Non-Radar Approach Control & Tower w/o Radar,2,40,17,0,59,0,0,27,0,27,2,40,44,0,86,2,0,2,88
02/06/2004,TWF,ID,ANM,WE,Combination Non-Radar Approach Control & Tower w/o Radar,1,34,11,0,46,0,0,37,0,37,1,34,48,0,83,24,0,24,107
02/07/2004,TWF,ID,ANM,WE,Combination Non-Radar Approach Control & Tower w/o Radar,0,23,7,0,30,0,6,4,0,10,0,29,11,0,40,0,0,0,40
02/08/2004,TWF,ID,ANM,WE,Combination Non-Radar Approach Control & Tower w/o Radar,0,13,4,0,17,0,0,4,0,4,0,13,8,0,21,0,0,0,21
02/09/2004,TWF,ID,ANM,WE,Combination Non-Radar Approach Control & Tower w/o Radar,0,33,11,0,44,0,0,22,0,22,0,33,33,0,66,24,0,24,90
02/10/2004,TWF,ID,ANM,WE,Combination Non-Radar Approach Control & Tower w/o Radar,2,42,13,1,58,0,1,12,1,14,2,43,25,2,72,26,0,26,98
02/11/2004,TWF,ID,ANM,WE,Combination Non-Radar Approach Control & Tower w/o Radar,0,35,11,0,46,0,5,3,0,8,0,40,14,0,54,6,0,6,60
02/12/2004,TWF,ID,ANM,WE,Combination Non-Radar Approach Control & Tower w/o Radar,2,38,13,1,54,0,0,4,1,5,2,38,17,2,59,0,0,0,59
02/13/2004,TWF,ID,ANM,WE,Combination Non-Radar Approach Control & Tower w/o Radar,0,36,12,1,49,0,0,22,9,31,0,36,34,10,80,50,16,66,146
02/14/2004,TWF,ID,ANM,WE,Combination Non-Radar Approach Control & Tower w/o Radar,0,22,8,0,30,0,4,32,0,36,0,26,40,0,66,0,0,0,66
02/15/2004,TWF,ID,ANM,WE,Combination Non-Radar Approach Control & Tower w/o Radar,2,42,16,0,60,2,0,16,0,18,4,42,32,0,78,16,0,16,94
02/16/2004,TWF,ID,ANM,WE,Combination Non-Radar Approach Control & Tower w/o Radar,1,30,12,0,43,0,0,15,0,15,1,30,27,0,58,10,0,10,68
02/17/2004,TWF,ID,ANM,WE,Combination Non-Radar Approach Control & Tower w/o Radar,3,59,17,0,79,4,15,0,0,19,7,74,17,0,98,32,0,32,130
02/18/2004,TWF,ID,ANM,WE,Combination Non-Radar Approach Control & Tower w/o Radar,3,62,21,0,86,2,0,7,0,9,5,62,28,0,95,32,0,32,127
02/19/2004,TWF,ID,ANM,WE,Combination Non-Radar Approach Control & Tower w/o Radar,3,48,18,1,70,1,0,17,9,27,4,48,35,10,97,10,2,12,109
02/20/2004,TWF,ID,ANM,WE,Combination Non-Radar Approach Control & Tower w/o Radar,1,37,13,1,52,0,0,42,3,45,1,37,55,4,97,26,16,42,139
02/21/2004,TWF,ID,ANM,WE,Combination Non-Radar Approach Control & Tower w/o Radar,0,22,8,0,30,0,2,43,0,45,0,24,51,0,75,10,0,10,85
02/22/2004,TWF,ID,ANM,WE,Combination Non-Radar Approach Control & Tower w/o Radar,0,17,5,0,22,0,0,32,0,32,0,17,37,0,54,10,0,10,64
02/23/2004,TWF,ID,ANM,WE,Combination Non-Radar Approach Control & Tower w/o Radar,0,26,8,0,34,0,8,5,0,13,0,34,13,0,47,0,0,0,47
02/24/2004,TWF,ID,ANM,WE,Combination Non-Radar Approach Control & Tower w/o Radar,2,51,18,0,71,6,0,10,0,16,8,51,28,0,87,48,0,48,135
02/25/2004,TWF,ID,ANM,WE,Combination Non-Radar Approach Control & Tower w/o Radar,1,35,11,0,47,0,7,2,0,9,1,42,13,0,56,0,0,0,56
02/26/2004,TWF,ID,ANM,WE,Combination Non-Radar Approach Control & Tower w/o Radar,3,63,18,0,84,5,2,0,0,7,8,65,18,0,91,4,0,4,95
02/27/2004,TWF,ID,ANM,WE,Combination Non-Radar Approach Control & Tower w/o Radar,0,23,7,0,30,0,12,7,0,19,0,35,14,0,49,56,0,56,105
02/28/2004,TWF,ID,ANM,WE,Combination Non-Radar Approach Control & Tower w/o Radar,0,19,6,0,25,0,1,2,0,3,0,20,8,0,28,2,0,2,30
02/29/2004,TWF,ID,ANM,WE,Combination Non-Radar Approach Control & Tower w/o Radar,0,15,4,0,19,0,1,22,0,23,0,16,26,0,42,6,0,6,48
03/01/2004,TWF,ID,ANM,WE,Combination Non-Radar Approach Control & Tower w/o Radar,0,23,7,0,30,0,5,31,0,36,0,28,38,0,66,10,0,10,76
03/02/2004,TWF,ID,ANM,WE,Combination Non-Radar Approach Control & Tower w/o Radar,0,31,9,0,40,0,5,37,0,42,0,36,46,0,82,82,0,82,164
03/03/2004,TWF,ID,ANM,WE,Combination Non-Radar Approach Control & Tower w/o Radar,0,31,9,0,40,0,3,53,0,56,0,34,62,0,96,4,0,4,100
03/04/2004,TWF,ID,ANM,WE,Combination Non-Radar Approach Control & Tower w/o Radar,1,37,11,0,49,2,0,7,0,9,3,37,18,0,58,16,0,16,74
03/05/2004,TWF,ID,ANM,WE,Combination Non-Radar Approach Control & Tower w/o Radar,0,34,10,0,44,0,0,17,4,21,0,34,27,4,65,16,0,16,81
03/06/2004,TWF,ID,ANM,WE,Combination Non-Radar Approach Control & Tower w/o Radar,1,25,8,0,34,0,1,23,0,24,1,26,31,0,58,4,0,4,62
03/07/2004,TWF,ID,ANM,WE,Combination Non-Radar Approach Control & Tower w/o Radar,0,13,5,0,18,0,0,34,0,34,0,13,39,0,52,58,0,58,110
03/08/2004,TWF,ID,ANM,WE,Combination Non-Radar Approach Control & Tower w/o Radar,1,30,12,0,43,0,0,51,6,57,1,30,63,6,100,48,6,54,154
03/09/2004,TWF,ID,ANM,WE,Combination Non-Radar Approach Control & Tower w/o Radar,0,28,9,0,37,0,4,27,6,37,0,32,36,6,74,174,4,178,252
03/10/2004,TWF,ID,ANM,WE,Combination Non-Radar Approach Control & Tower w/o Radar,0,32,10,0,42,0,0,33,0,33,0,32,43,0,75,88,0,88,163
03/11/2004,TWF,ID,ANM,WE,Combination Non-Radar Approach Control & Tower w/o Radar,1,31,12,0,44,2,0,51,0,53,3,31,63,0,97,24,0,24,121
03/12/2004,TWF,ID,ANM,WE,Combination Non-Radar Approach Control & Tower w/o Radar,0,27,9,0,36,0,4,24,0,28,0,31,33,0,64,4,0,4,68
03/13/2004,TWF,ID,ANM,WE,Combination Non-Radar Approach Control & Tower w/o Radar,0,20,7,0,27,0,5,55,0,60,0,25,62,0,87,16,0,16,103
03/14/2004,TWF,ID,ANM,WE,Combination Non-Radar Approach Control & Tower w/o Radar,0,13,5,0,18,0,0,31,0,31,0,13,36,0,49,4,0,4,53
03/15/2004,TWF,ID,ANM,WE,Combination Non-Radar Approach Control & Tower w/o Radar,0,28,9,0,37,0,3,24,0,27,0,31,33,0,64,8,0,8,72
03/16/2004,TWF,ID,ANM,WE,Combination Non-Radar Approach Control & Tower w/o Radar,0,31,10,0,41,0,5,21,0,26,0,36,31,0,67,34,0,34,101
03/17/2004,TWF,ID,ANM,WE,Combination Non-Radar Approach Control & Tower w/o Radar,0,27,9,0,36,0,9,21,0,30,0,36,30,0,66,8,0,8,74
03/18/2004,TWF,ID,ANM,WE,Combination Non-Radar Approach Control & Tower w/o Radar,0,31,10,0,41,2,0,27,0,29,2,31,37,0,70,40,0,40,110
03/19/2004,TWF,ID,ANM,WE,Combination Non-Radar Approach Control & Tower w/o Radar,0,26,8,0,34,0,2,27,0,29,0,28,35,0,63,16,0,16,79
03/20/2004,TWF,ID,ANM,WE,Combination Non-Radar Approach Control & Tower w/o Radar,0,17,4,0,21,0,2,38,0,40,0,19,42,0,61,32,0,32,93
03/21/2004,TWF,ID,ANM,WE,Combination Non-Radar Approach Control & Tower w/o Radar,0,14,4,0,18,0,0,48,0,48,0,14,52,0,66,26,0,26,92
03/22/2004,TWF,ID,ANM,WE,Combination Non-Radar Approach Control & Tower w/o Radar,0,22,6,0,28,0,16,28,0,44,0,38,34,0,72,48,0,48,120
03/23/2004,TWF,ID,ANM,WE,Combination Non-Radar Approach Control & Tower w/o Radar,0,33,9,0,42,0,8,26,0,34,0,41,35,0,76,4,0,4,80
03/24/2004,TWF,ID,ANM,WE,Combination Non-Radar Approach Control & Tower w/o Radar,0,26,7,1,34,2,8,23,1,34,2,34,30,2,68,12,0,12,80
03/25/2004,TWF,ID,ANM,WE,Combination Non-Radar Approach Control & Tower w/o Radar,0,28,8,0,36,2,7,32,0,41,2,35,40,0,77,20,0,20,97
03/26/2004,TWF,ID,ANM,WE,Combination Non-Radar Approach Control & Tower w/o Radar,0,27,7,0,34,0,3,10,0,13,0,30,17,0,47,4,0,4,51
03/27/2004,TWF,ID,ANM,WE,Combination Non-Radar Approach Control & Tower w/o Radar,0,16,3,0,19,0,6,0,0,6,0,22,3,0,25,0,0,0,25
03/28/2004,TWF,ID,ANM,WE,Combination Non-Radar Approach Control & Tower w/o Radar,0,13,5,0,18,0,0,50,0,50,0,13,55,0,68,38,0,38,106
03/29/2004,TWF,ID,ANM,WE,Combination Non-Radar Approach Control & Tower w/o Radar,0,23,6,1,30,0,3,21,2,26,0,26,27,3,56,36,4,40,96
03/30/2004,TWF,ID,ANM,WE,Combination Non-Radar Approach Control & Tower w/o Radar,0,25,7,0,32,0,7,35,0,42,0,32,42,0,74,22,0,22,96
03/31/2004,TWF,ID,ANM,WE,Combination Non-Radar Approach Control & Tower w/o Radar,0,32,9,1,42,0,2,15,5,22,0,34,24,6,64,4,0,4,68
04/01/2004,TWF,ID,ANM,WE,Combination Non-Radar Approach Control & Tower w/o Radar,1,33,8,0,42,3,3,6,0,12,4,36,14,0,54,6,0,6,60
04/02/2004,TWF,ID,ANM,WE,Combination Non-Radar Approach Control & Tower w/o Radar,0,26,6,0,32,0,3,31,0,34,0,29,37,0,66,50,0,50,116
04/03/2004,TWF,ID,ANM,WE,Combination Non-Radar Approach Control & Tower w/o Radar,0,16,3,0,19,0,5,35,0,40,0,21,38,0,59,70,0,70,129
04/04/2004,TWF,ID,ANM,WE,Combination Non-Radar Approach Control & Tower w/o Radar,0,16,3,0,19,0,2,28,0,30,0,18,31,0,49,0,0,0,49
04/05/2004,TWF,ID,ANM,WE,Combination Non-Radar Approach Control & Tower w/o Radar,0,26,6,0,32,0,3,29,0,32,0,29,35,0,64,28,0,28,92
04/06/2004,TWF,ID,ANM,WE,Combination Non-Radar Approach Control & Tower w/o Radar,0,26,6,1,33,0,6,12,1,19,0,32,18,2,52,18,0,18,70
04/07/2004,TWF,ID,ANM,WE,Combination Non-Radar Approach Control & Tower w/o Radar,0,26,6,0,32,0,6,24,0,30,0,32,30,0,62,84,0,84,146
04/08/2004,TWF,ID,ANM,WE,Combination Non-Radar Approach Control & Tower w/o Radar,1,30,7,0,38,1,1,14,0,16,2,31,21,0,54,16,0,16,70
04/09/2004,TWF,ID,ANM,WE,Combination Non-Radar Approach Control & Tower w/o Radar,0,32,7,0,39,0,0,28,0,28,0,32,35,0,67,20,0,20,87
04/10/2004,TWF,ID,ANM,WE,Combination Non-Radar Approach Control & Tower w/o Radar,0,17,5,0,22,0,4,35,0,39,0,21,40,0,61,66,0,66,127
04/11/2004,TWF,ID,ANM,WE,Combination Non-Radar Approach Control & Tower w/o Radar,0,10,3,0,13,0,1,44,0,45,0,11,47,0,58,4,0,4,62
04/12/2004,TWF,ID,ANM,WE,Combination Non-Radar Approach Control & Tower w/o Radar,0,25,7,0,32,0,1,34,0,35,0,26,41,0,67,66,0,66,133
04/13/2004,TWF,ID,ANM,WE,Combination Non-Radar Approach Control & Tower w/o Radar,0,25,7,0,32,0,12,36,0,48,0,37,43,0,80,10,0,10,90
04/14/2004,TWF,ID,ANM,WE,Combination Non-Radar Approach Control & Tower w/o Radar,0,30,8,1,39,0,0,27,14,41,0,30,35,15,80,26,24,50,130
04/15/2004,TWF,ID,ANM,WE,Combination Non-Radar Approach Control & Tower w/o Radar,1,30,8,1,40,1,3,30,3,37,2,33,38,4,77,12,0,12,89
04/16/2004,TWF,ID,ANM,WE,Combination Non-Radar Approach Control & Tower w/o Radar,0,27,7,2,36,0,2,36,12,50,0,29,43,14,86,16,38,54,140
04/17/2004,TWF,ID,ANM,WE,Combination Non-Radar Approach Control & Tower w/o Radar,0,20,5,1,26,0,1,21,11,33,0,21,26,12,59,20,12,32,91
04/18/2004,TWF,ID,ANM,WE,Combination Non-Radar Approach Control & Tower w/o Radar,0,14,4,0,18,0,0,23,0,23,0,14,27,0,41,6,0,6,47
04/19/2004,TWF,ID,ANM,WE,Combination Non-Radar Approach Control & Tower w/o Radar,0,29,8,2,39,2,5,6,0,13,2,34,14,2,52,28,0,28,80
04/20/2004,TWF,ID,ANM,WE,Combination Non-Radar Approach Control & Tower w/o Radar,0,37,9,1,47,2,2,11,0,15,2,39,20,1,62,0,0,0,62
04/21/2004,TWF,ID,ANM,WE,Combination Non-Radar Approach Control & Tower w/o Radar,0,31,9,3,43,0,0,2,3,5,0,31,11,6,48,30,16,46,94
04/22/2004,TWF,ID,ANM,WE,Combination Non-Radar Approach Control & Tower w/o Radar,0,25,7,2,34,2,4,7,0,13,2,29,14,2,47,4,8,12,59
04/23/2004,TWF,ID,ANM,WE,Combination Non-Radar Approach Control & Tower w/o Radar,0,31,8,0,39,0,4,70,0,74,0,35,78,0,113,62,0,62,175
04/24/2004,TWF,ID,ANM,WE,Combination Non-Radar Approach Control & Tower w/o Radar,0,16,3,0,19,0,2,31,0,33,0,18,34,0,52,26,0,26,78
04/25/2004,TWF,ID,ANM,WE,Combination Non-Radar Approach Control & Tower w/o Radar,0,13,3,0,16,0,0,47,0,47,0,13,50,0,63,46,0,46,109
04/26/2004,TWF,ID,ANM,WE,Combination Non-Radar Approach Control & Tower w/o Radar,0,28,7,0,35,0,0,71,0,71,0,28,78,0,106,40,0,40,146
04/27/2004,TWF,ID,ANM,WE,Combination Non-Radar Approach Control & Tower w/o Radar,0,28,6,0,34,0,5,14,0,19,0,33,20,0,53,2,0,2,55
04/28/2004,TWF,ID,ANM,WE,Combination Non-Radar Approach Control & Tower w/o Radar,0,32,7,0,39,0,6,9,0,15,0,38,16,0,54,0,0,0,54
04/29/2004,TWF,ID,ANM,WE,Combination Non-Radar Approach Control & Tower w/o Radar,0,32,7,1,40,2,0,41,9,52,2,32,48,10,92,32,10,42,134
04/30/2004,TWF,ID,ANM,WE,Combination Non-Radar Approach Control & Tower w/o Radar,0,23,5,0,28,0,9,63,0,72,0,32,68,0,100,92,0,92,192
05/01/2004,TWF,ID,ANM,WE,Combination Non-Radar Approach Control & Tower w/o Radar,0,20,10,0,30,0,0,43,2,45,0,20,53,2,75,6,0,6,81
05/02/2004,TWF,ID,ANM,WE,Combination Non-Radar Approach Control & Tower w/o Radar,0,13,6,0,19,0,0,49,0,49,0,13,55,0,68,10,0,10,78
05/03/2004,TWF,ID,ANM,WE,Combination Non-Radar Approach Control & Tower w/o Radar,0,26,11,2,39,0,0,51,10,61,0,26,62,12,100,72,0,72,172
05/04/2004,TWF,ID,ANM,WE,Combination Non-Radar Approach Control & Tower w/o Radar,0,22,9,0,31,0,10,21,8,39,0,32,30,8,70,18,8,26,96
05/05/2004,TWF,ID,ANM,WE,Combination Non-Radar Approach Control & Tower w/o Radar,0,25,11,0,36,0,5,34,6,45,0,30,45,6,81,110,6,116,197
05/06/2004,TWF,ID,ANM,WE,Combination Non-Radar Approach Control & Tower w/o Radar,1,29,15,0,45,1,0,70,0,71,2,29,85,0,116,70,0,70,186
05/07/2004,TWF,ID,ANM,WE,Combination Non-Radar Approach Control & Tower w/o Radar,0,32,17,0,49,0,0,69,0,69,0,32,86,0,118,32,0,32,150
05/08/2004,TWF,ID,ANM,WE,Combination Non-Radar Approach Control & Tower w/o Radar,0,18,11,0,29,0,0,78,0,78,0,18,89,0,107,40,0,40,147
05/09/2004,TWF,ID,ANM,WE,Combination Non-Radar Approach Control & Tower w/o Radar,0,10,4,0,14,0,4,44,0,48,0,14,48,0,62,4,0,4,66
05/10/2004,TWF,ID,ANM,WE,Combination Non-Radar Approach Control & Tower w/o Radar,1,25,11,0,37,3,4,52,0,59,4,29,63,0,96,38,6,44,140
05/11/2004,TWF,ID,ANM,WE,Combination Non-Radar Approach Control & Tower w/o Radar,0,24,11,0,35,0,5,6,2,13,0,29,17,2,48,0,0,0,48
05/12/2004,TWF,ID,ANM,WE,Combination Non-Radar Approach Control & Tower w/o Radar,1,25,11,0,37,1,4,15,0,20,2,29,26,0,57,0,0,0,57
05/13/2004,TWF,ID,ANM,WE,Combination Non-Radar Approach Control & Tower w/o Radar,1,29,13,0,43,1,1,48,0,50,2,30,61,0,93,78,0,78,171
05/14/2004,TWF,ID,ANM,WE,Combination Non-Radar Approach Control & Tower w/o Radar,0,28,14,1,43,0,4,56,1,61,0,32,70,2,104,20,4,24,128
05/15/2004,TWF,ID,ANM,WE,Combination Non-Radar Approach Control & Tower w/o Radar,0,21,10,0,31,0,0,105,2,107,0,21,115,2,138,146,0,146,284
05/16/2004,TWF,ID,ANM,WE,Combination Non-Radar Approach Control & Tower w/o Radar,0,10,5,0,15,0,3,22,0,25,0,13,27,0,40,16,0,16,56
05/17/2004,TWF,ID,ANM,WE,Combination Non-Radar Approach Control & Tower w/o Radar,0,24,11,1,36,0,1,68,1,70,0,25,79,2,106,76,0,76,182
05/18/2004,TWF,ID,ANM,WE,Combination Non-Radar Approach Control & Tower w/o Radar,0,30,14,2,46,2,2,22,0,26,2,32,36,2,72,42,0,42,114
05/19/2004,TWF,ID,ANM,WE,Combination Non-Radar Approach Control & Tower w/o Radar,0,20,10,0,30,0,10,32,0,42,0,30,42,0,72,28,0,28,100
05/20/2004,TWF,ID,ANM,WE,Combination Non-Radar Approach Control & Tower w/o Radar,0,36,19,0,55,2,0,75,0,77,2,36,94,0,132,32,0,32,164
05/21/2004,TWF,ID,ANM,WE,Combination Non-Radar Approach Control & Tower w/o Radar,0,26,12,0,38,0,0,49,0,49,0,26,61,0,87,42,0,42,129
05/22/2004,TWF,ID,ANM,WE,Combination Non-Radar Approach Control & Tower w/o Radar,0,15,8,0,23,0,5,13,0,18,0,20,21,0,41,32,0,32,73
05/23/2004,TWF,ID,ANM,WE,Combination Non-Radar Approach Control & Tower w/o Radar,0,11,6,0,17,0,2,16,0,18,0,13,22,0,35,14,0,14,49
05/24/2004,TWF,ID,ANM,WE,Combination Non-Radar Approach Control & Tower w/o Radar,0,25,12,0,37,0,10,86,0,96,0,35,98,0,133,158,0,158,291
05/25/2004,TWF,ID,ANM,WE,Combination Non-Radar Approach Control & Tower w/o Radar,0,34,16,0,50,0,0,72,0,72,0,34,88,0,122,84,0,84,206
05/26/2004,TWF,ID,ANM,WE,Combination Non-Radar Approach Control & Tower w/o Radar,0,31,15,2,48,0,0,19,0,19,0,31,34,2,67,16,16,32,99
05/27/2004,TWF,ID,ANM,WE,Combination Non-Radar Approach Control & Tower w/o Radar,0,28,14,0,42,2,1,72,0,75,2,29,86,0,117,56,0,56,173
05/28/2004,TWF,ID,ANM,WE,Combination Non-Radar Approach Control & Tower w/o Radar,0,21,9,0,30,0,8,25,0,33,0,29,34,0,63,30,0,30,93
05/29/2004,TWF,ID,ANM,WE,Combination Non-Radar Approach Control & Tower w/o Radar,0,12,4,0,16,0,5,13,0,18,0,17,17,0,34,6,0,6,40
05/30/2004,TWF,ID,ANM,WE,Combination Non-Radar Approach Control & Tower w/o Radar,0,10,3,0,13,0,3,35,0,38,0,13,38,0,51,10,0,10,61
05/31/2004,TWF,ID,ANM,WE,Combination Non-Radar Approach Control & Tower w/o Radar,0,9,4,0,13,0,0,65,0,65,0,9,69,0,78,22,0,22,100
06/01/2004,TWF,ID,ANM,WE,Combination Non-Radar Approach Control & Tower w/o Radar,0,21,7,0,28,0,5,55,0,60,0,26,62,0,88,84,0,84,172
06/02/2004,TWF,ID,ANM,WE,Combination Non-Radar Approach Control & Tower w/o Radar,0,27,8,2,37,0,8,51,1,60,0,35,59,3,97,68,8,76,173
06/03/2004,TWF,ID,ANM,WE,Combination Non-Radar Approach Control & Tower w/o Radar,1,31,10,2,44,1,6,48,1,56,2,37,58,3,100,62,0,62,162
06/04/2004,TWF,ID,ANM,WE,Combination Non-Radar Approach Control & Tower w/o Radar,0,29,9,1,39,0,5,69,0,74,0,34,78,1,113,44,0,44,157
06/05/2004,TWF,ID,ANM,WE,Combination Non-Radar Approach Control & Tower w/o Radar,0,17,5,1,23,0,2,48,1,51,0,19,53,2,74,22,0,22,96
06/06/2004,TWF,ID,ANM,WE,Combination Non-Radar Approach Control & Tower w/o Radar,0,11,4,0,15,0,1,38,2,41,0,12,42,2,56,10,4,14,70
06/07/2004,TWF,ID,ANM,WE,Combination Non-Radar Approach Control & Tower w/o Radar,0,21,7,1,29,0,5,23,1,29,0,26,30,2,58,8,0,8,66
06/08/2004,TWF,ID,ANM,WE,Combination Non-Radar Approach Control & Tower w/o Radar,0,23,7,0,30,0,9,19,0,28,0,32,26,0,58,4,0,4,62
06/09/2004,TWF,ID,ANM,WE,Combination Non-Radar Approach Control & Tower w/o Radar,0,33,10,3,46,0,0,34,7,41,0,33,44,10,87,8,2,10,97
06/10/2004,TWF,ID,ANM,WE,Combination Non-Radar Approach Control & Tower w/o Radar,1,28,9,2,40,3,0,9,2,14,4,28,18,4,54,12,0,12,66
06/11/2004,TWF,ID,ANM,WE,Combination Non-Radar Approach Control & Tower w/o Radar,0,23,7,0,30,0,7,56,0,63,0,30,63,0,93,0,0,0,93
06/12/2004,TWF,ID,ANM,WE,Combination Non-Radar Approach Control & Tower w/o Radar,0,12,4,0,16,0,8,86,0,94,0,20,90,0,110,74,0,74,184
06/13/2004,TWF,ID,ANM,WE,Combination Non-Radar Approach Control & Tower w/o Radar,0,13,3,0,16,0,1,63,0,64,0,14,66,0,80,32,0,32,112
06/14/2004,TWF,ID,ANM,WE,Combination Non-Radar Approach Control & Tower w/o Radar,0,19,5,2,26,0,6,30,0,36,0,25,35,2,62,36,4,40,102
06/15/2004,TWF,ID,ANM,WE,Combination Non-Radar Approach Control & Tower w/o Radar,0,24,6,0,30,0,8,46,0,54,0,32,52,0,84,2,0,2,86
06/16/2004,TWF,ID,ANM,WE,Combination Non-Radar Approach Control & Tower w/o Radar,0,31,8,0,39,0,0,80,0,80,0,31,88,0,119,72,0,72,191
06/17/2004,TWF,ID,ANM,WE,Combination Non-Radar Approach Control & Tower w/o Radar,0,28,7,0,35,2,10,51,0,63,2,38,58,0,98,6,0,6,104
06/18/2004,TWF,ID,ANM,WE,Combination Non-Radar Approach Control & Tower w/o Radar,0,33,9,0,42,0,1,48,0,49,0,34,57,0,91,34,0,34,125
06/19/2004,TWF,ID,ANM,WE,Combination Non-Radar Approach Control & Tower w/o Radar,0,17,4,0,21,0,3,76,0,79,0,20,80,0,100,18,0,18,118
06/20/2004,TWF,ID,ANM,WE,Combination Non-Radar Approach Control & Tower w/o Radar,0,12,3,0,15,0,1,69,0,70,0,13,72,0,85,8,0,8,93
06/21/2004,TWF,ID,ANM,WE,Combination Non-Radar Approach Control & Tower w/o Radar,0,22,6,0,28,0,4,60,0,64,0,26,66,0,92,20,0,20,112
06/22/2004,TWF,ID,ANM,WE,Combination Non-Radar Approach Control & Tower w/o Radar,0,33,9,0,42,0,4,95,0,99,0,37,104,0,141,58,0,58,199
06/23/2004,TWF,ID,ANM,WE,Combination Non-Radar Approach Control & Tower w/o Radar,0,28,7,0,35,0,5,55,0,60,0,33,62,0,95,14,0,14,109
06/24/2004,TWF,ID,ANM,WE,Combination Non-Radar Approach Control & Tower w/o Radar,0,21,5,1,27,2,11,40,3,56,2,32,45,4,83,28,0,28,111
06/25/2004,TWF,ID,ANM,WE,Combination Non-Radar Approach Control & Tower w/o Radar,0,28,8,2,38,0,1,123,15,139,0,29,131,17,177,80,8,88,265
06/26/2004,TWF,ID,ANM,WE,Combination Non-Radar Approach Control & Tower w/o Radar,0,14,5,0,19,0,0,115,2,117,0,14,120,2,136,20,0,20,156
06/27/2004,TWF,ID,ANM,WE,Combination Non-Radar Approach Control & Tower w/o Radar,0,11,5,1,17,2,0,93,5,100,2,11,98,6,117,58,2,60,177
06/28/2004,TWF,ID,ANM,WE,Combination Non-Radar Approach Control & Tower w/o Radar,0,26,8,1,35,0,0,78,2,80,0,26,86,3,115,82,0,82,197
06/29/2004,TWF,ID,ANM,WE,Combination Non-Radar Approach Control & Tower w/o Radar,0,26,8,2,36,0,7,58,9,74,0,33,66,11,110,32,24,56,166
06/30/2004,TWF,ID,ANM,WE,Combination Non-Radar Approach Control & Tower w/o Radar,0,30,9,2,41,0,4,102,4,110,0,34,111,6,151,54,6,60,211
07/01/2004,TWF,ID,ANM,WE,Combination Non-Radar Approach Control & Tower w/o Radar,2,29,11,0,42,2,5,49,0,56,4,34,60,0,98,78,0,78,176
07/02/2004,TWF,ID,ANM,WE,Combination Non-Radar Approach Control & Tower w/o Radar,0,25,10,0,35,0,2,74,0,76,0,27,84,0,111,48,0,48,159
07/03/2004,TWF,ID,ANM,WE,Combination Non-Radar Approach Control & Tower w/o Radar,0,15,6,0,21,0,9,57,0,66,0,24,63,0,87,0,0,0,87
07/04/2004,TWF,ID,ANM,WE,Combination Non-Radar Approach Control & Tower w/o Radar,0,6,3,0,9,0,3,26,0,29,0,9,29,0,38,32,0,32,70
07/05/2004,TWF,ID,ANM,WE,Combination Non-Radar Approach Control & Tower w/o Radar,0,12,5,0,17,0,6,85,2,93,0,18,90,2,110,48,0,48,158
07/06/2004,TWF,ID,ANM,WE,Combination Non-Radar Approach Control & Tower w/o Radar,0,38,15,2,55,0,10,54,0,64,0,48,69,2,119,14,0,14,133
07/07/2004,TWF,ID,ANM,WE,Combination Non-Radar Approach Control & Tower w/o Radar,0,28,11,1,40,0,4,49,4,57,0,32,60,5,97,16,12,28,125
07/08/2004,TWF,ID,ANM,WE,Combination Non-Radar Approach Control & Tower w/o Radar,2,31,13,0,46,0,0,55,0,55,2,31,68,0,101,84,0,84,185
07/09/2004,TWF,ID,ANM,WE,Combination Non-Radar Approach Control & Tower w/o Radar,0,23,9,0,32,0,8,76,0,84,0,31,85,0,116,50,0,50,166
07/10/2004,TWF,ID,ANM,WE,Combination Non-Radar Approach Control & Tower w/o Radar,0,14,6,0,20,0,6,45,0,51,0,20,51,0,71,12,0,12,83
07/11/2004,TWF,ID,ANM,WE,Combination Non-Radar Approach Control & Tower w/o Radar,0,13,6,0,19,0,0,48,0,48,0,13,54,0,67,66,0,66,133
07/12/2004,TWF,ID,ANM,WE,Combination Non-Radar Approach Control & Tower w/o Radar,0,19,8,0,27,0,9,38,0,47,0,28,46,0,74,32,0,32,106
07/13/2004,TWF,ID,ANM,WE,Combination Non-Radar Approach Control & Tower w/o Radar,0,26,11,2,39,0,4,50,0,54,0,30,61,2,93,24,0,24,117
07/14/2004,TWF,ID,ANM,WE,Combination Non-Radar Approach Control & Tower w/o Radar,0,22,9,1,32,0,10,48,5,63,0,32,57,6,95,16,8,24,119
07/15/2004,TWF,ID,ANM,WE,Combination Non-Radar Approach Control & Tower w/o Radar,1,22,9,1,33,1,7,42,1,51,2,29,51,2,84,36,0,36,120
07/16/2004,TWF,ID,ANM,WE,Combination Non-Radar Approach Control & Tower w/o Radar,0,25,10,1,36,0,3,51,3,57,0,28,61,4,93,50,8,58,151
07/17/2004,TWF,ID,ANM,WE,Combination Non-Radar Approach Control & Tower w/o Radar,1,21,9,0,31,7,0,76,0,83,8,21,85,0,114,20,0,20,134
07/18/2004,TWF,ID,ANM,WE,Combination Non-Radar Approach Control & Tower w/o Radar,0,8,3,0,11,0,4,22,0,26,0,12,25,0,37,16,0,16,53
07/19/2004,TWF,ID,ANM,WE,Combination Non-Radar Approach Control & Tower w/o Radar,0,21,7,0,28,0,6,82,0,88,0,27,89,0,116,56,0,56,172
07/20/2004,TWF,ID,ANM,WE,Combination Non-Radar Approach Control & Tower w/o Radar,0,29,11,2,42,0,0,83,4,87,0,29,94,6,129,0,6,6,135
07/21/2004,TWF,ID,ANM,WE,Combination Non-Radar Approach Control & Tower w/o Radar,0,22,8,2,32,0,9,83,2,94,0,31,91,4,126,52,8,60,186
07/22/2004,TWF,ID,ANM,WE,Combination Non-Radar Approach Control & Tower w/o Radar,0,26,9,2,37,2,10,42,0,54,2,36,51,2,91,48,2,50,141
07/23/2004,TWF,ID,ANM,WE,Combination Non-Radar Approach Control & Tower w/o Radar,0,21,7,0,28,0,9,72,0,81,0,30,79,0,109,44,0,44,153
07/24/2004,TWF,ID,ANM,WE,Combination Non-Radar Approach Control & Tower w/o Radar,0,19,6,0,25,0,3,61,0,64,0,22,67,0,89,20,0,20,109
07/25/2004,TWF,ID,ANM,WE,Combination Non-Radar Approach Control & Tower w/o Radar,0,15,6,0,21,1,0,55,0,56,1,15,61,0,77,38,0,38,115
07/26/2004,TWF,ID,ANM,WE,Combination Non-Radar Approach Control & Tower w/o Radar,0,21,7,0,28,3,4,54,0,61,3,25,61,0,89,20,0,20,109
07/27/2004,TWF,ID,ANM,WE,Combination Non-Radar Approach Control & Tower w/o Radar,1,29,10,3,43,0,0,81,11,92,1,29,91,14,135,38,0,38,173
07/28/2004,TWF,ID,ANM,WE,Combination Non-Radar Approach Control & Tower w/o Radar,0,27,9,3,39,0,3,43,5,51,0,30,52,8,90,54,8,62,152
07/29/2004,TWF,ID,ANM,WE,Combination Non-Radar Approach Control & Tower w/o Radar,1,28,10,1,40,1,6,77,4,88,2,34,87,5,128,34,12,46,174
07/30/2004,TWF,ID,ANM,WE,Combination Non-Radar Approach Control & Tower w/o Radar,0,24,8,0,32,0,5,63,0,68,0,29,71,0,100,40,0,40,140
07/31/2004,TWF,ID,ANM,WE,Combination Non-Radar Approach Control & Tower w/o Radar,0,12,4,0,16,0,7,49,0,56,0,19,53,0,72,46,0,46,118
08/01/2004,TWF,ID,ANM,WE,Combination Non-Radar Approach Control & Tower w/o Radar,0,11,3,0,14,0,7,39,0,46,0,18,42,0,60,18,0,18,78
08/02/2004,TWF,ID,ANM,WE,Combination Non-Radar Approach Control & Tower w/o Radar,1,27,7,1,36,3,3,60,1,67,4,30,67,2,103,2,0,2,105
08/03/2004,TWF,ID,ANM,WE,Combination Non-Radar Approach Control & Tower w/o Radar,0,25,8,0,33,0,2,62,8,72,0,27,70,8,105,24,12,36,141
08/04/2004,TWF,ID,ANM,WE,Combination Non-Radar Approach Control & Tower w/o Radar,0,21,6,0,27,0,13,111,6,130,0,34,117,6,157,38,2,40,197
08/05/2004,TWF,ID,ANM,WE,Combination Non-Radar Approach Control & Tower w/o Radar,1,30,11,2,44,1,0,68,12,81,2,30,79,14,125,64,12,76,201
08/06/2004,TWF,ID,ANM,WE,Combination Non-Radar Approach Control & Tower w/o Radar,0,18,6,0,24,0,15,98,0,113,0,33,104,0,137,34,0,34,171
08/07/2004,TWF,ID,ANM,WE,Combination Non-Radar Approach Control & Tower w/o Radar,0,14,5,0,19,0,7,45,0,52,0,21,50,0,71,10,0,10,81
08/08/2004,TWF,ID,ANM,WE,Combination Non-Radar Approach Control & Tower w/o Radar,0,15,5,0,20,0,2,65,0,67,0,17,70,0,87,54,0,54,141
08/09/2004,TWF,ID,ANM,WE,Combination Non-Radar Approach Control & Tower w/o Radar,0,21,6,0,27,0,5,66,0,71,0,26,72,0,98,58,0,58,156
08/10/2004,TWF,ID,ANM,WE,Combination Non-Radar Approach Control & Tower w/o Radar,0,27,8,0,35,0,3,41,0,44,0,30,49,0,79,0,0,0,79
08/11/2004,TWF,ID,ANM,WE,Combination Non-Radar Approach Control & Tower w/o Radar,0,20,6,0,26,0,12,54,0,66,0,32,60,0,92,0,0,0,92
08/12/2004,TWF,ID,ANM,WE,Combination Non-Radar Approach Control & Tower w/o Radar,1,27,8,0,36,1,1,45,0,47,2,28,53,0,83,32,0,32,115
08/13/2004,TWF,ID,ANM,WE,Combination Non-Radar Approach Control & Tower w/o Radar,0,22,7,0,29,0,10,49,2,61,0,32,56,2,90,52,0,52,142
08/14/2004,TWF,ID,ANM,WE,Combination Non-Radar Approach Control & Tower w/o Radar,1,16,5,0,22,0,6,51,0,57,1,22,56,0,79,36,0,36,115
08/15/2004,TWF,ID,ANM,WE,Combination Non-Radar Approach Control & Tower w/o Radar,0,9,3,0,12,0,7,31,0,38,0,16,34,0,50,18,0,18,68
08/16/2004,TWF,ID,ANM,WE,Combination Non-Radar Approach Control & Tower w/o Radar,0,24,7,0,31,0,2,53,0,55,0,26,60,0,86,8,0,8,94
08/17/2004,TWF,ID,ANM,WE,Combination Non-Radar Approach Control & Tower w/o Radar,1,22,7,0,30,0,12,33,0,45,1,34,40,0,75,0,0,0,75
08/18/2004,TWF,ID,ANM,WE,Combination Non-Radar Approach Control & Tower w/o Radar,0,28,9,0,37,0,8,66,0,74,0,36,75,0,111,58,0,58,169
08/19/2004,TWF,ID,ANM,WE,Combination Non-Radar Approach Control & Tower w/o Radar,0,28,9,2,39,2,1,68,0,71,2,29,77,2,110,28,0,28,138
08/20/2004,TWF,ID,ANM,WE,Combination Non-Radar Approach Control & Tower w/o Radar,0,18,4,1,23,0,6,61,1,68,0,24,65,2,91,26,0,26,117
08/21/2004,TWF,ID,ANM,WE,Combination Non-Radar Approach Control & Tower w/o Radar,0,13,3,0,16,0,5,37,0,42,0,18,40,0,58,42,0,42,100
08/22/2004,TWF,ID,ANM,WE,Combination Non-Radar Approach Control & Tower w/o Radar,0,13,4,0,17,2,0,17,0,19,2,13,21,0,36,22,0,22,58
08/23/2004,TWF,ID,ANM,WE,Combination Non-Radar Approach Control & Tower w/o Radar,0,18,5,0,23,0,7,34,0,41,0,25,39,0,64,4,0,4,68
08/24/2004,TWF,ID,ANM,WE,Combination Non-Radar Approach Control & Tower w/o Radar,0,20,5,1,26,0,10,61,2,73,0,30,66,3,99,4,0,4,103
08/25/2004,TWF,ID,ANM,WE,Combination Non-Radar Approach Control & Tower w/o Radar,0,29,8,0,37,0,8,26,0,34,0,37,34,0,71,14,0,14,85
08/26/2004,TWF,ID,ANM,WE,Combination Non-Radar Approach Control & Tower w/o Radar,0,27,7,0,34,2,3,19,0,24,2,30,26,0,58,10,0,10,68
08/27/2004,TWF,ID,ANM,WE,Combination Non-Radar Approach Control & Tower w/o Radar,0,26,7,2,35,0,0,75,14,89,0,26,82,16,124,56,14,70,194
08/28/2004,TWF,ID,ANM,WE,Combination Non-Radar Approach Control & Tower w/o Radar,0,12,3,0,15,0,6,81,0,87,0,18,84,0,102,34,0,34,136
08/29/2004,TWF,ID,ANM,WE,Combination Non-Radar Approach Control & Tower w/o Radar,0,13,3,0,16,0,0,45,0,45,0,13,48,0,61,52,0,52,113
08/30/2004,TWF,ID,ANM,WE,Combination Non-Radar Approach Control & Tower w/o Radar,0,25,6,0,31,0,2,75,0,77,0,27,81,0,108,18,0,18,126
08/31/2004,TWF,ID,ANM,WE,Combination Non-Radar Approach Control & Tower w/o Radar,0,23,6,0,29,1,7,54,0,62,1,30,60,0,91,32,0,32,123
09/01/2004,TWF,ID,ANM,WE,Combination Non-Radar Approach Control & Tower w/o Radar,0,25,9,1,35,0,5,35,1,41,0,30,44,2,76,12,0,12,88
09/02/2004,TWF,ID,ANM,WE,Combination Non-Radar Approach Control & Tower w/o Radar,1,25,9,0,35,1,5,35,0,41,2,30,44,0,76,24,0,24,100
09/03/2004,TWF,ID,ANM,WE,Combination Non-Radar Approach Control & Tower w/o Radar,0,21,8,0,29,0,9,33,6,48,0,30,41,6,77,14,0,14,91
09/04/2004,TWF,ID,ANM,WE,Combination Non-Radar Approach Control & Tower w/o Radar,0,10,4,0,14,0,4,75,0,79,0,14,79,0,93,52,0,52,145
09/05/2004,TWF,ID,ANM,WE,Combination Non-Radar Approach Control & Tower w/o Radar,0,12,5,0,17,0,1,52,0,53,0,13,57,0,70,66,0,66,136
09/06/2004,TWF,ID,ANM,WE,Combination Non-Radar Approach Control & Tower w/o Radar,0,11,6,0,17,0,0,56,0,56,0,11,62,0,73,50,0,50,123
09/07/2004,TWF,ID,ANM,WE,Combination Non-Radar Approach Control & Tower w/o Radar,0,16,6,0,22,0,10,19,0,29,0,26,25,0,51,0,0,0,51
09/08/2004,TWF,ID,ANM,WE,Combination Non-Radar Approach Control & Tower w/o Radar,0,24,10,0,34,0,6,43,0,49,0,30,53,0,83,22,0,22,105
09/09/2004,TWF,ID,ANM,WE,Combination Non-Radar Approach Control & Tower w/o Radar,1,23,9,1,34,1,6,51,1,59,2,29,60,2,93,48,6,54,147
09/10/2004,TWF,ID,ANM,WE,Combination Non-Radar Approach Control & Tower w/o Radar,0,25,10,0,35,0,10,77,0,87,0,35,87,0,122,14,0,14,136
09/11/2004,TWF,ID,ANM,WE,Combination Non-Radar Approach Control & Tower w/o Radar,0,14,8,0,22,0,0,32,0,32,0,14,40,0,54,24,0,24,78
09/12/2004,TWF,ID,ANM,WE,Combination Non-Radar Approach Control & Tower w/o Radar,0,12,5,0,17,0,4,35,0,39,0,16,40,0,56,30,0,30,86
09/13/2004,TWF,ID,ANM,WE,Combination Non-Radar Approach Control & Tower w/o Radar,0,22,9,0,31,0,4,22,0,26,0,26,31,0,57,48,0,48,105
09/14/2004,TWF,ID,ANM,WE,Combination Non-Radar Approach Control & Tower w/o Radar,0,20,8,1,29,0,11,28,3,42,0,31,36,4,71,0,0,0,71
09/15/2004,TWF,ID,ANM,WE,Combination Non-Radar Approach Control & Tower w/o Radar,0,23,9,0,32,2,7,26,0,35,2,30,35,0,67,0,0,0,67
09/16/2004,TWF,ID,ANM,WE,Combination Non-Radar Approach Control & Tower w/o Radar,0,21,9,0,30,0,4,38,0,42,0,25,47,0,72,74,0,74,146
09/17/2004,TWF,ID,ANM,WE,Combination Non-Radar Approach Control & Tower w/o Radar,0,20,8,0,28,0,5,40,0,45,0,25,48,0,73,58,0,58,131
09/18/2004,TWF,ID,ANM,WE,Combination Non-Radar Approach Control & Tower w/o Radar,0,15,6,0,21,0,0,20,0,20,0,15,26,0,41,30,0,30,71
09/19/2004,TWF,ID,ANM,WE,Combination Non-Radar Approach Control & Tower w/o Radar,0,22,10,0,32,0,0,21,0,21,0,22,31,0,53,16,0,16,69
09/20/2004,TWF,ID,ANM,WE,Combination Non-Radar Approach Control & Tower w/o Radar,0,28,10,0,38,2,5,17,0,24,2,33,27,0,62,4,0,4,66
09/21/2004,TWF,ID,ANM,WE,Combination Non-Radar Approach Control & Tower w/o Radar,0,26,9,0,35,0,4,25,0,29,0,30,34,0,64,14,4,18,82
09/22/2004,TWF,ID,ANM,WE,Combination Non-Radar Approach Control & Tower w/o Radar,0,26,9,2,37,0,4,29,0,33,0,30,38,2,70,8,0,8,78
09/23/2004,TWF,ID,ANM,WE,Combination Non-Radar Approach Control & Tower w/o Radar,0,28,13,2,43,2,0,36,18,56,2,28,49,20,99,60,8,68,167
09/24/2004,TWF,ID,ANM,WE,Combination Non-Radar Approach Control & Tower w/o Radar,0,29,11,2,42,0,0,44,4,48,0,29,55,6,90,44,0,44,134
09/25/2004,TWF,ID,ANM,WE,Combination Non-Radar Approach Control & Tower w/o Radar,0,9,3,0,12,0,7,61,0,68,0,16,64,0,80,54,0,54,134
09/26/2004,TWF,ID,ANM,WE,Combination Non-Radar Approach Control & Tower w/o Radar,0,16,7,0,23,0,0,47,0,47,0,16,54,0,70,32,0,32,102
09/27/2004,TWF,ID,ANM,WE,Combination Non-Radar Approach Control & Tower w/o Radar,0,16,5,0,21,0,10,17,2,29,0,26,22,2,50,8,0,8,58
09/28/2004,TWF,ID,ANM,WE,Combination Non-Radar Approach Control & Tower w/o Radar,0,19,6,0,25,0,11,52,0,63,0,30,58,0,88,20,0,20,108
09/29/2004,TWF,ID,ANM,WE,Combination Non-Radar Approach Control & Tower w/o Radar,0,22,8,0,30,0,8,16,0,24,0,30,24,0,54,4,0,4,58
09/30/2004,TWF,ID,ANM,WE,Combination Non-Radar Approach Control & Tower w/o Radar,0,27,9,0,36,2,7,31,0,40,2,34,40,0,76,14,0,14,90
10/01/2004,TWF,ID,ANM,WE,Combination Non-Radar Approach Control & Tower w/o Radar,0,21,6,0,27,0,9,28,0,37,0,30,34,0,64,32,0,32,96
10/02/2004,TWF,ID,ANM,WE,Combination Non-Radar Approach Control & Tower w/o Radar,0,10,5,0,15,0,4,24,0,28,0,14,29,0,43,12,0,12,55
10/03/2004,TWF,ID,ANM,WE,Combination Non-Radar Approach Control & Tower w/o Radar,0,11,2,0,13,0,2,36,0,38,0,13,38,0,51,26,0,26,77
10/04/2004,TWF,ID,ANM,WE,Combination Non-Radar Approach Control & Tower w/o Radar,0,24,5,0,29,0,1,24,0,25,0,25,29,0,54,30,0,30,84
10/05/2004,TWF,ID,ANM,WE,Combination Non-Radar Approach Control & Tower w/o Radar,0,28,4,4,36,0,2,35,10,47,0,30,39,14,83,38,0,38,121
10/06/2004,TWF,ID,ANM,WE,Combination Non-Radar Approach Control & Tower w/o Radar,0,23,16,0,39,0,2,21,0,23,0,25,37,0,62,46,0,46,108
10/07/2004,TWF,ID,ANM,WE,Combination Non-Radar Approach Control & Tower w/o Radar,2,21,3,5,31,0,5,28,5,38,2,26,31,10,69,22,6,28,97
10/08/2004,TWF,ID,ANM,WE,Combination Non-Radar Approach Control & Tower w/o Radar,0,21,6,5,32,0,5,42,5,52,0,26,48,10,84,26,12,38,122
10/09/2004,TWF,ID,ANM,WE,Combination Non-Radar Approach Control & Tower w/o Radar,0,14,2,0,16,0,1,18,0,19,0,15,20,0,35,28,0,28,63
10/10/2004,TWF,ID,ANM,WE,Combination Non-Radar Approach Control & Tower w/o Radar,0,15,4,0,19,0,1,18,0,19,0,16,22,0,38,14,0,14,52
10/11/2004,TWF,ID,ANM,WE,Combination Non-Radar Approach Control & Tower w/o Radar,0,17,5,0,22,0,0,42,0,42,0,17,47,0,64,58,0,58,122
10/12/2004,TWF,ID,ANM,WE,Combination Non-Radar Approach Control & Tower w/o Radar,0,27,1,0,28,0,4,40,2,46,0,31,41,2,74,38,20,58,132
10/13/2004,TWF,ID,ANM,WE,Combination Non-Radar Approach Control & Tower w/o Radar,0,26,17,0,43,0,5,48,0,53,0,31,65,0,96,38,0,38,134
10/14/2004,TWF,ID,ANM,WE,Combination Non-Radar Approach Control & Tower w/o Radar,2,23,14,0,39,0,3,20,0,23,2,26,34,0,62,2,0,2,64
10/15/2004,TWF,ID,ANM,WE,Combination Non-Radar Approach Control & Tower w/o Radar,0,26,6,2,34,0,8,41,0,49,0,34,47,2,83,60,4,64,147
10/16/2004,TWF,ID,ANM,WE,Combination Non-Radar Approach Control & Tower w/o Radar,0,14,14,0,28,0,1,52,0,53,0,15,66,0,81,100,0,100,181
10/17/2004,TWF,ID,ANM,WE,Combination Non-Radar Approach Control & Tower w/o Radar,0,15,7,0,22,0,1,32,0,33,0,16,39,0,55,18,0,18,73
10/18/2004,TWF,ID,ANM,WE,Combination Non-Radar Approach Control & Tower w/o Radar,0,24,9,0,33,0,4,23,0,27,0,28,32,0,60,0,0,0,60
10/19/2004,TWF,ID,ANM,WE,Combination Non-Radar Approach Control & Tower w/o Radar,0,33,3,2,38,0,5,15,4,24,0,38,18,6,62,4,8,12,74
10/20/2004,TWF,ID,ANM,WE,Combination Non-Radar Approach Control & Tower w/o Radar,0,35,12,0,47,0,3,18,8,29,0,38,30,8,76,20,24,44,120
10/21/2004,TWF,ID,ANM,WE,Combination Non-Radar Approach Control & Tower w/o Radar,3,31,11,4,49,0,6,34,1,41,3,37,45,5,90,36,24,60,150
10/22/2004,TWF,ID,ANM,WE,Combination Non-Radar Approach Control & Tower w/o Radar,0,25,3,4,32,0,3,34,2,39,0,28,37,6,71,10,18,28,99
10/23/2004,TWF,ID,ANM,WE,Combination Non-Radar Approach Control & Tower w/o Radar,0,26,3,0,29,0,0,5,0,5,0,26,8,0,34,6,0,6,40
10/24/2004,TWF,ID,ANM,WE,Combination Non-Radar Approach Control & Tower w/o Radar,0,15,4,0,19,0,1,36,0,37,0,16,40,0,56,36,0,36,92
10/25/2004,TWF,ID,ANM,WE,Combination Non-Radar Approach Control & Tower w/o Radar,0,32,7,0,39,0,1,12,0,13,0,33,19,0,52,10,0,10,62
10/26/2004,TWF,ID,ANM,WE,Combination Non-Radar Approach Control & Tower w/o Radar,0,35,5,7,47,0,2,15,5,22,0,37,20,12,69,6,10,16,85
10/27/2004,TWF,ID,ANM,WE,Combination Non-Radar Approach Control & Tower w/o Radar,0,33,14,1,48,0,2,9,3,14,0,35,23,4,62,8,12,20,82
10/28/2004,TWF,ID,ANM,WE,Combination Non-Radar Approach Control & Tower w/o Radar,4,38,17,0,59,0,1,13,0,14,4,39,30,0,73,4,0,4,77
10/29/2004,TWF,ID,ANM,WE,Combination Non-Radar Approach Control & Tower w/o Radar,0,29,7,0,36,0,0,15,0,15,0,29,22,0,51,2,0,2,53
10/30/2004,TWF,ID,ANM,WE,Combination Non-Radar Approach Control & Tower w/o Radar,0,17,7,0,24,0,1,23,0,24,0,18,30,0,48,52,0,52,100
10/31/2004,TWF,ID,ANM,WE,Combination Non-Radar Approach Control & Tower w/o Radar,0,13,10,0,23,0,0,20,0,20,0,13,30,0,43,18,0,18,61
11/01/2004,TWF,ID,ANM,WE,Combination Non-Radar Approach Control & Tower w/o Radar,0,25,14,0,39,0,0,39,0,39,0,25,53,0,78,56,0,56,134
11/02/2004,TWF,ID,ANM,WE,Combination Non-Radar Approach Control & Tower w/o Radar,0,28,13,0,41,0,5,43,0,48,0,33,56,0,89,36,0,36,125
11/03/2004,TWF,ID,ANM,WE,Combination Non-Radar Approach Control & Tower w/o Radar,2,37,13,5,57,0,1,10,1,12,2,38,23,6,69,0,12,12,81
11/04/2004,TWF,ID,ANM,WE,Combination Non-Radar Approach Control & Tower w/o Radar,2,22,5,0,29,0,1,26,0,27,2,23,31,0,56,26,0,26,82
11/05/2004,TWF,ID,ANM,WE,Combination Non-Radar Approach Control & Tower w/o Radar,0,29,11,0,40,0,2,36,0,38,0,31,47,0,78,18,0,18,96
11/06/2004,TWF,ID,ANM,WE,Combination Non-Radar Approach Control & Tower w/o Radar,2,14,9,0,25,0,0,51,0,51,2,14,60,0,76,72,0,72,148
11/07/2004,TWF,ID,ANM,WE,Combination Non-Radar Approach Control & Tower w/o Radar,6,15,4,0,25,0,0,28,0,28,6,15,32,0,53,22,0,22,75
11/08/2004,TWF,ID,ANM,WE,Combination Non-Radar Approach Control & Tower w/o Radar,5,31,3,0,39,0,0,10,0,10,5,31,13,0,49,0,0,0,49
11/09/2004,TWF,ID,ANM,WE,Combination Non-Radar Approach Control & Tower w/o Radar,2,29,4,0,35,0,0,18,0,18,2,29,22,0,53,0,0,0,53
11/10/2004,TWF,ID,ANM,WE,Combination Non-Radar Approach Control & Tower w/o Radar,0,30,24,2,56,0,0,0,0,0,0,30,24,2,56,0,10,10,66
11/11/2004,TWF,ID,ANM,WE,Combination Non-Radar Approach Control & Tower w/o Radar,0,28,5,0,33,0,0,1,0,1,0,28,6,0,34,0,0,0,34
11/12/2004,TWF,ID,ANM,WE,Combination Non-Radar Approach Control & Tower w/o Radar,2,36,15,0,53,0,0,10,0,10,2,36,25,0,63,8,0,8,71
11/13/2004,TWF,ID,ANM,WE,Combination Non-Radar Approach Control & Tower w/o Radar,0,27,5,0,32,0,0,3,0,3,0,27,8,0,35,0,0,0,35
11/14/2004,TWF,ID,ANM,WE,Combination Non-Radar Approach Control & Tower w/o Radar,2,36,22,0,60,1,1,16,0,18,3,37,38,0,78,20,0,20,98
11/15/2004,TWF,ID,ANM,WE,Combination Non-Radar Approach Control & Tower w/o Radar,0,27,2,0,29,0,0,33,0,33,0,27,35,0,62,20,0,20,82
11/16/2004,TWF,ID,ANM,WE,Combination Non-Radar Approach Control & Tower w/o Radar,0,28,1,2,31,0,1,44,0,45,0,29,45,2,76,72,12,84,160
11/17/2004,TWF,ID,ANM,WE,Combination Non-Radar Approach Control & Tower w/o Radar,0,26,13,7,46,0,5,41,3,49,0,31,54,10,95,20,18,38,133
11/18/2004,TWF,ID,ANM,WE,Combination Non-Radar Approach Control & Tower w/o Radar,2,26,15,0,43,0,1,20,0,21,2,27,35,0,64,46,0,46,110
11/19/2004,TWF,ID,ANM,WE,Combination Non-Radar Approach Control & Tower w/o Radar,2,34,6,0,42,0,1,26,0,27,2,35,32,0,69,70,0,70,139
11/20/2004,TWF,ID,ANM,WE,Combination Non-Radar Approach Control & Tower w/o Radar,0,23,12,0,35,0,0,11,0,11,0,23,23,0,46,16,0,16,62
11/21/2004,TWF,ID,ANM,WE,Combination Non-Radar Approach Control & Tower w/o Radar,0,16,13,0,29,0,2,41,0,43,0,18,54,0,72,52,0,52,124
11/22/2004,TWF,ID,ANM,WE,Combination Non-Radar Approach Control & Tower w/o Radar,0,26,4,0,30,0,0,27,0,27,0,26,31,0,57,44,0,44,101
11/23/2004,TWF,ID,ANM,WE,Combination Non-Radar Approach Control & Tower w/o Radar,0,31,3,0,34,0,1,22,0,23,0,32,25,0,57,30,0,30,87
11/24/2004,TWF,ID,ANM,WE,Combination Non-Radar Approach Control & Tower w/o Radar,0,29,6,0,35,0,2,17,0,19,0,31,23,0,54,0,0,0,54
11/25/2004,TWF,ID,ANM,WE,Combination Non-Radar Approach Control & Tower w/o Radar,0,10,2,0,12,0,0,4,0,4,0,10,6,0,16,4,0,4,20
11/26/2004,TWF,ID,ANM,WE,Combination Non-Radar Approach Control & Tower w/o Radar,0,25,5,0,30,0,2,17,0,19,0,27,22,0,49,0,0,0,49
11/27/2004,TWF,ID,ANM,WE,Combination Non-Radar Approach Control & Tower w/o Radar,2,30,5,0,37,0,0,0,0,0,2,30,5,0,37,0,0,0,37
11/28/2004,TWF,ID,ANM,WE,Combination Non-Radar Approach Control & Tower w/o Radar,0,14,6,0,20,0,0,14,0,14,0,14,20,0,34,16,0,16,50
11/29/2004,TWF,ID,ANM,WE,Combination Non-Radar Approach Control & Tower w/o Radar,0,27,7,0,34,0,0,26,0,26,0,27,33,0,60,56,0,56,116
11/30/2004,TWF,ID,ANM,WE,Combination Non-Radar Approach Control & Tower w/o Radar,0,43,19,0,62,0,1,24,0,25,0,44,43,0,87,4,0,4,91
12/01/2004,TWF,ID,ANM,WE,Combination Non-Radar Approach Control & Tower w/o Radar,0,29,12,0,41,0,0,0,0,0,0,29,12,0,41,0,0,0,41
12/02/2004,TWF,ID,ANM,WE,Combination Non-Radar Approach Control & Tower w/o Radar,0,39,8,3,50,0,0,2,3,5,0,39,10,6,55,10,0,10,65
12/03/2004,TWF,ID,ANM,WE,Combination Non-Radar Approach Control & Tower w/o Radar,2,55,16,0,73,0,0,6,0,6,2,55,22,0,79,40,0,40,119
12/04/2004,TWF,ID,ANM,WE,Combination Non-Radar Approach Control & Tower w/o Radar,2,18,4,0,24,0,4,52,2,58,2,22,56,2,82,52,6,58,140
12/05/2004,TWF,ID,ANM,WE,Combination Non-Radar Approach Control & Tower w/o Radar,0,13,10,0,23,0,0,30,0,30,0,13,40,0,53,46,0,46,99
12/06/2004,TWF,ID,ANM,WE,Combination Non-Radar Approach Control & Tower w/o Radar,2,46,10,0,58,0,2,0,0,2,2,48,10,0,60,0,0,0,60
12/07/2004,TWF,ID,ANM,WE,Combination Non-Radar Approach Control & Tower w/o Radar,2,45,16,4,67,0,8,3,4,15,2,53,19,8,82,0,0,0,82
12/08/2004,TWF,ID,ANM,WE,Combination Non-Radar Approach Control & Tower w/o Radar,2,44,15,2,63,0,3,1,2,6,2,47,16,4,69,0,4,4,73
12/09/2004,TWF,ID,ANM,WE,Combination Non-Radar Approach Control & Tower w/o Radar,2,45,6,6,59,0,0,0,0,0,2,45,6,6,59,0,0,0,59
12/10/2004,TWF,ID,ANM,WE,Combination Non-Radar Approach Control & Tower w/o Radar,0,31,14,1,46,0,7,32,3,42,0,38,46,4,88,26,0,26,114
12/11/2004,TWF,ID,ANM,WE,Combination Non-Radar Approach Control & Tower w/o Radar,0,15,7,0,22,0,0,32,0,32,0,15,39,0,54,6,0,6,60
12/12/2004,TWF,ID,ANM,WE,Combination Non-Radar Approach Control & Tower w/o Radar,0,10,4,0,14,0,0,14,0,14,0,10,18,0,28,2,0,2,30
12/13/2004,TWF,ID,ANM,WE,Combination Non-Radar Approach Control & Tower w/o Radar,0,25,10,3,38,0,0,42,2,44,0,25,52,5,82,22,18,40,122
12/14/2004,TWF,ID,ANM,WE,Combination Non-Radar Approach Control & Tower w/o Radar,0,25,6,9,40,0,3,37,7,47,0,28,43,16,87,52,14,66,153
12/15/2004,TWF,ID,ANM,WE,Combination Non-Radar Approach Control & Tower w/o Radar,0,31,9,2,42,0,1,17,2,20,0,32,26,4,62,0,0,0,62
12/16/2004,TWF,ID,ANM,WE,Combination Non-Radar Approach Control & Tower w/o Radar,4,36,11,0,51,0,1,7,0,8,4,37,18,0,59,0,0,0,59
12/17/2004,TWF,ID,ANM,WE,Combination Non-Radar Approach Control & Tower w/o Radar,0,32,13,4,49,0,3,16,2,21,0,35,29,6,70,14,4,18,88
12/18/2004,TWF,ID,ANM,WE,Combination Non-Radar Approach Control & Tower w/o Radar,2,21,8,0,31,0,0,14,0,14,2,21,22,0,45,22,0,22,67
12/19/2004,TWF,ID,ANM,WE,Combination Non-Radar Approach Control & Tower w/o Radar,2,14,3,0,19,0,2,24,0,26,2,16,27,0,45,6,0,6,51
12/20/2004,TWF,ID,ANM,WE,Combination Non-Radar Approach Control & Tower w/o Radar,0,26,4,0,30,0,4,11,0,15,0,30,15,0,45,0,0,0,45
12/21/2004,TWF,ID,ANM,WE,Combination Non-Radar Approach Control & Tower w/o Radar,0,31,19,0,50,0,1,19,0,20,0,32,38,0,70,0,0,0,70
12/22/2004,TWF,ID,ANM,WE,Combination Non-Radar Approach Control & Tower w/o Radar,2,32,8,0,42,0,4,19,0,23,2,36,27,0,65,26,0,26,91
12/23/2004,TWF,ID,ANM,WE,Combination Non-Radar Approach Control & Tower w/o Radar,0,32,7,0,39,0,3,37,0,40,0,35,44,0,79,22,0,22,101
12/24/2004,TWF,ID,ANM,WE,Combination Non-Radar Approach Control & Tower w/o Radar,0,29,1,0,30,0,4,29,0,33,0,33,30,0,63,32,0,32,95
12/25/2004,TWF,ID,ANM,WE,Combination Non-Radar Approach Control & Tower w/o Radar,0,9,2,0,11,0,1,7,0,8,0,10,9,0,19,2,0,2,21
12/26/2004,TWF,ID,ANM,WE,Combination Non-Radar Approach Control & Tower w/o Radar,0,35,13,0,48,0,0,15,0,15,0,35,28,0,63,10,0,10,73
12/27/2004,TWF,ID,ANM,WE,Combination Non-Radar Approach Control & Tower w/o Radar,0,33,8,3,44,0,0,11,5,16,0,33,19,8,60,8,8,16,76
12/28/2004,TWF,ID,ANM,WE,Combination Non-Radar Approach Control & Tower w/o Radar,0,36,13,5,54,0,2,38,3,43,0,38,51,8,97,22,8,30,127
12/29/2004,TWF,ID,ANM,WE,Combination Non-Radar Approach Control & Tower w/o Radar,4,80,2,0,86,0,0,0,0,0,4,80,2,0,86,2,0,2,88
12/30/2004,TWF,ID,ANM,WE,Combination Non-Radar Approach Control & Tower w/o Radar,5,72,38,3,118,0,2,4,0,6,5,74,42,3,124,2,0,2,126
12/31/2004,TWF,ID,ANM,WE,Combination Non-Radar Approach Control & Tower w/o Radar,6,62,30,0,98,0,2,4,0,6,6,64,34,0,104,0,0,0,104
01/01/2005,TWF,ID,ANM,WE,Combination Non-Radar Approach Control & Tower w/o Radar,7,81,46,0,134,0,0,0,0,0,7,81,46,0,134,0,0,0,134
01/02/2005,TWF,ID,ANM,WE,Combination Non-Radar Approach Control & Tower w/o Radar,4,99,36,0,139,0,5,30,0,35,4,104,66,0,174,6,0,6,180
01/03/2005,TWF,ID,ANM,WE,Combination Non-Radar Approach Control & Tower w/o Radar,2,106,10,0,118,0,0,3,0,3,2,106,13,0,121,0,0,0,121
01/04/2005,TWF,ID,ANM,WE,Combination Non-Radar Approach Control & Tower w/o Radar,0,37,9,0,46,0,2,0,0,2,0,39,9,0,48,0,0,0,48
01/05/2005,TWF,ID,ANM,WE,Combination Non-Radar Approach Control & Tower w/o Radar,4,83,4,0,91,0,0,6,0,6,4,83,10,0,97,0,0,0,97
01/06/2005,TWF,ID,ANM,WE,Combination Non-Radar Approach Control & Tower w/o Radar,3,40,14,4,61,0,2,13,2,17,3,42,27,6,78,16,0,16,94
01/07/2005,TWF,ID,ANM,WE,Combination Non-Radar Approach Control & Tower w/o Radar,1,48,11,11,71,0,2,5,13,20,1,50,16,24,91,0,22,22,113
01/08/2005,TWF,ID,ANM,WE,Combination Non-Radar Approach Control & Tower w/o Radar,5,35,7,0,47,0,0,1,0,1,5,35,8,0,48,0,0,0,48
01/09/2005,TWF,ID,ANM,WE,Combination Non-Radar Approach Control & Tower w/o Radar,3,34,13,0,50,0,0,16,0,16,3,34,29,0,66,14,0,14,80
01/10/2005,TWF,ID,ANM,WE,Combination Non-Radar Approach Control & Tower w/o Radar,0,28,6,0,34,0,1,2,0,3,0,29,8,0,37,0,0,0,37
01/11/2005,TWF,ID,ANM,WE,Combination Non-Radar Approach Control & Tower w/o Radar,2,33,2,0,37,0,0,1,0,1,2,33,3,0,38,0,0,0,38
01/12/2005,TWF,ID,ANM,WE,Combination Non-Radar Approach Control & Tower w/o Radar,0,35,3,3,41,0,1,13,3,17,0,36,16,6,58,0,12,12,70
01/13/2005,TWF,ID,ANM,WE,Combination Non-Radar Approach Control & Tower w/o Radar,0,26,10,1,37,0,1,21,3,25,0,27,31,4,62,0,30,30,92
01/14/2005,TWF,ID,ANM,WE,Combination Non-Radar Approach Control & Tower w/o Radar,0,23,10,0,33,0,3,24,0,27,0,26,34,0,60,32,0,32,92
01/15/2005,TWF,ID,ANM,WE,Combination Non-Radar Approach Control & Tower w/o Radar,0,19,7,0,26,0,3,23,0,26,0,22,30,0,52,44,0,44,96
01/16/2005,TWF,ID,ANM,WE,Combination Non-Radar Approach Control & Tower w/o Radar,1,26,1,0,28,0,0,3,0,3,1,26,4,0,31,0,0,0,31
01/17/2005,TWF,ID,ANM,WE,Combination Non-Radar Approach Control & Tower w/o Radar,4,25,5,0,34,0,0,6,0,6,4,25,11,0,40,18,0,18,58
01/18/2005,TWF,ID,ANM,WE,Combination Non-Radar Approach Control & Tower w/o Radar,3,25,9,4,41,0,2,8,0,10,3,27,17,4,51,30,0,30,81
01/19/2005,TWF,ID,ANM,WE,Combination Non-Radar Approach Control & Tower w/o Radar,0,34,4,5,43,0,0,27,0,27,0,34,31,5,70,14,32,46,116
01/20/2005,TWF,ID,ANM,WE,Combination Non-Radar Approach Control & Tower w/o Radar,25,32,19,0,76,0,0,16,0,16,25,32,35,0,92,16,0,16,108
01/21/2005,TWF,ID,ANM,WE,Combination Non-Radar Approach Control & Tower w/o Radar,0,23,7,0,30,0,0,2,0,2,0,23,9,0,32,0,0,0,32
01/22/2005,TWF,ID,ANM,WE,Combination Non-Radar Approach Control & Tower w/o Radar,0,11,6,0,17,0,0,12,0,12,0,11,18,0,29,12,0,12,41
01/23/2005,TWF,ID,ANM,WE,Combination Non-Radar Approach Control & Tower w/o Radar,0,14,2,0,16,0,0,29,0,29,0,14,31,0,45,14,0,14,59
01/24/2005,TWF,ID,ANM,WE,Combination Non-Radar Approach Control & Tower w/o Radar,0,25,7,0,32,0,0,33,0,33,0,25,40,0,65,22,0,22,87
01/25/2005,TWF,ID,ANM,WE,Combination Non-Radar Approach Control & Tower w/o Radar,0,23,5,0,28,0,2,16,0,18,0,25,21,0,46,30,0,30,76
01/26/2005,TWF,ID,ANM,WE,Combination Non-Radar Approach Control & Tower w/o Radar,0,30,12,6,48,0,1,15,4,20,0,31,27,10,68,14,12,26,94
01/27/2005,TWF,ID,ANM,WE,Combination Non-Radar Approach Control & Tower w/o Radar,2,33,7,0,42,0,0,17,0,17,2,33,24,0,59,46,0,46,105
01/28/2005,TWF,ID,ANM,WE,Combination Non-Radar Approach Control & Tower w/o Radar,1,46,11,7,65,0,0,8,0,8,1,46,19,7,73,0,16,16,89
01/29/2005,TWF,ID,ANM,WE,Combination Non-Radar Approach Control & Tower w/o Radar,2,26,2,0,30,0,0,0,0,0,2,26,2,0,30,0,0,0,30
01/30/2005,TWF,ID,ANM,WE,Combination Non-Radar Approach Control & Tower w/o Radar,2,26,6,0,34,0,1,12,0,13,2,27,18,0,47,16,0,16,63
01/31/2005,TWF,ID,ANM,WE,Combination Non-Radar Approach Control & Tower w/o Radar,0,25,4,0,29,0,0,16,0,16,0,25,20,0,45,22,0,22,67
02/01/2005,TWF,ID,ANM,WE,Combination Non-Radar Approach Control & Tower w/o Radar,2,42,9,1,54,0,5,9,3,17,2,47,18,4,71,26,26,52,123
02/02/2005,TWF,ID,ANM,WE,Combination Non-Radar Approach Control & Tower w/o Radar,0,30,13,4,47,0,2,36,2,40,0,32,49,6,87,0,8,8,95
02/03/2005,TWF,ID,ANM,WE,Combination Non-Radar Approach Control & Tower w/o Radar,2,27,11,2,42,0,2,22,0,24,2,29,33,2,66,64,0,64,130
02/04/2005,TWF,ID,ANM,WE,Combination Non-Radar Approach Control & Tower w/o Radar,0,25,2,0,27,0,0,50,0,50,0,25,52,0,77,32,0,32,109
02/05/2005,TWF,ID,ANM,WE,Combination Non-Radar Approach Control & Tower w/o Radar,0,14,3,0,17,0,0,29,0,29,0,14,32,0,46,4,0,4,50
02/06/2005,TWF,ID,ANM,WE,Combination Non-Radar Approach Control & Tower w/o Radar,0,14,9,0,23,0,0,38,0,38,0,14,47,0,61,30,0,30,91
02/07/2005,TWF,ID,ANM,WE,Combination Non-Radar Approach Control & Tower w/o Radar,0,30,10,0,40,0,0,18,0,18,0,30,28,0,58,10,0,10,68
02/08/2005,TWF,ID,ANM,WE,Combination Non-Radar Approach Control & Tower w/o Radar,0,29,6,7,42,0,3,29,11,43,0,32,35,18,85,34,18,52,137
02/09/2005,TWF,ID,ANM,WE,Combination Non-Radar Approach Control & Tower w/o Radar,0,28,6,3,37,0,3,39,3,45,0,31,45,6,82,20,56,76,158
02/10/2005,TWF,ID,ANM,WE,Combination Non-Radar Approach Control & Tower w/o Radar,2,28,5,10,45,0,5,16,8,29,2,33,21,18,74,20,24,44,118
02/11/2005,TWF,ID,ANM,WE,Combination Non-Radar Approach Control & Tower w/o Radar,0,26,1,0,27,0,2,17,0,19,0,28,18,0,46,10,0,10,56
02/12/2005,TWF,ID,ANM,WE,Combination Non-Radar Approach Control & Tower w/o Radar,4,34,13,0,51,0,2,5,0,7,4,36,18,0,58,8,0,8,66
02/13/2005,TWF,ID,ANM,WE,Combination Non-Radar Approach Control & Tower w/o Radar,4,50,27,0,81,0,3,9,2,14,4,53,36,2,95,0,0,0,95
02/14/2005,TWF,ID,ANM,WE,Combination Non-Radar Approach Control & Tower w/o Radar,1,35,2,0,38,0,0,4,4,8,1,35,6,4,46,0,0,0,46
02/15/2005,TWF,ID,ANM,WE,Combination Non-Radar Approach Control & Tower w/o Radar,0,31,3,2,36,0,3,19,0,22,0,34,22,2,58,480,0,480,538
02/16/2005,TWF,ID,ANM,WE,Combination Non-Radar Approach Control & Tower w/o Radar,0,28,5,2,35,0,3,39,0,42,0,31,44,2,77,44,6,50,127
02/17/2005,TWF,ID,ANM,WE,Combination Non-Radar Approach Control & Tower w/o Radar,2,27,4,5,38,0,0,24,17,41,2,27,28,22,79,30,6,36,115
02/18/2005,TWF,ID,ANM,WE,Combination Non-Radar Approach Control & Tower w/o Radar,0,23,12,2,37,0,5,30,0,35,0,28,42,2,72,16,12,28,100
02/19/2005,TWF,ID,ANM,WE,Combination Non-Radar Approach Control & Tower w/o Radar,4,56,26,0,86,0,0,5,0,5,4,56,31,0,91,0,0,0,91
02/20/2005,TWF,ID,ANM,WE,Combination Non-Radar Approach Control & Tower w/o Radar,5,40,14,0,59,0,0,5,0,5,5,40,19,0,64,4,0,4,68
02/21/2005,TWF,ID,ANM,WE,Combination Non-Radar Approach Control & Tower w/o Radar,2,28,17,0,47,0,1,46,0,47,2,29,63,0,94,64,0,64,158
02/22/2005,TWF,ID,ANM,WE,Combination Non-Radar Approach Control & Tower w/o Radar,0,31,11,1,43,0,2,31,1,34,0,33,42,2,77,48,0,48,125
02/23/2005,TWF,ID,ANM,WE,Combination Non-Radar Approach Control & Tower w/o Radar,0,26,25,2,53,0,2,52,0,54,0,28,77,2,107,84,2,86,193
02/24/2005,TWF,ID,ANM,WE,Combination Non-Radar Approach Control & Tower w/o Radar,2,28,6,2,38,0,1,28,6,35,2,29,34,8,73,40,2,42,115
02/25/2005,TWF,ID,ANM,WE,Combination Non-Radar Approach Control & Tower w/o Radar,0,2,14,7,23,0,0,37,7,44,0,2,51,14,67,62,24,86,153
02/26/2005,TWF,ID,ANM,WE,Combination Non-Radar Approach Control & Tower w/o Radar,0,15,14,0,29,0,0,70,0,70,0,15,84,0,99,32,0,32,131
02/27/2005,TWF,ID,ANM,WE,Combination Non-Radar Approach Control & Tower w/o Radar,0,15,7,0,22,0,0,35,0,35,0,15,42,0,57,60,0,60,117
02/28/2005,TWF,ID,ANM,WE,Combination Non-Radar Approach Control & Tower w/o Radar,0,25,3,0,28,0,0,14,0,14,0,25,17,0,42,0,0,0,42
03/01/2005,TWF,ID,ANM,WE,Combination Non-Radar Approach Control & Tower w/o Radar,0,27,5,1,33,0,1,53,6,60,0,28,58,7,93,82,8,90,183
03/02/2005,TWF,ID,ANM,WE,Combination Non-Radar Approach Control & Tower w/o Radar,0,31,8,2,41,0,1,23,2,26,0,32,31,4,67,12,0,12,79
03/03/2005,TWF,ID,ANM,WE,Combination Non-Radar Approach Control & Tower w/o Radar,2,30,6,2,40,0,1,14,0,15,2,31,20,2,55,18,14,32,87
03/04/2005,TWF,ID,ANM,WE,Combination Non-Radar Approach Control & Tower w/o Radar,0,25,8,0,33,0,0,20,0,20,0,25,28,0,53,22,0,22,75
03/05/2005,TWF,ID,ANM,WE,Combination Non-Radar Approach Control & Tower w/o Radar,0,12,1,2,15,0,3,42,4,49,0,15,43,6,64,56,6,62,126
03/06/2005,TWF,ID,ANM,WE,Combination Non-Radar Approach Control & Tower w/o Radar,0,15,4,0,19,0,0,24,0,24,0,15,28,0,43,22,0,22,65
03/07/2005,TWF,ID,ANM,WE,Combination Non-Radar Approach Control & Tower w/o Radar,0,28,9,0,37,0,3,16,0,19,0,31,25,0,56,10,0,10,66
03/08/2005,TWF,ID,ANM,WE,Combination Non-Radar Approach Control & Tower w/o Radar,0,28,8,1,37,0,5,40,1,46,0,33,48,2,83,218,0,218,301
03/09/2005,TWF,ID,ANM,WE,Combination Non-Radar Approach Control & Tower w/o Radar,0,27,18,13,58,0,1,38,11,50,0,28,56,24,108,228,20,248,356
03/10/2005,TWF,ID,ANM,WE,Combination Non-Radar Approach Control & Tower w/o Radar,2,27,11,0,40,0,0,42,0,42,2,27,53,0,82,142,0,142,224
03/11/2005,TWF,ID,ANM,WE,Combination Non-Radar Approach Control & Tower w/o Radar,0,28,10,10,48,0,5,67,8,80,0,33,77,18,128,56,6,62,190
03/12/2005,TWF,ID,ANM,WE,Combination Non-Radar Approach Control & Tower w/o Radar,0,13,3,2,18,0,2,8,0,10,0,15,11,2,28,4,4,8,36
03/13/2005,TWF,ID,ANM,WE,Combination Non-Radar Approach Control & Tower w/o Radar,0,13,0,0,13,0,1,30,0,31,0,14,30,0,44,6,0,6,50
03/14/2005,TWF,ID,ANM,WE,Combination Non-Radar Approach Control & Tower w/o Radar,0,28,3,4,35,0,0,18,2,20,0,28,21,6,55,8,0,8,63
03/15/2005,TWF,ID,ANM,WE,Combination Non-Radar Approach Control & Tower w/o Radar,0,34,9,2,45,0,3,37,2,42,0,37,46,4,87,66,6,72,159
03/16/2005,TWF,ID,ANM,WE,Combination Non-Radar Approach Control & Tower w/o Radar,0,30,5,15,50,0,0,14,13,27,0,30,19,28,77,30,14,44,121
03/17/2005,TWF,ID,ANM,WE,Combination Non-Radar Approach Control & Tower w/o Radar,4,27,6,0,37,0,4,2,0,6,4,31,8,0,43,0,0,0,43
03/18/2005,TWF,ID,ANM,WE,Combination Non-Radar Approach Control & Tower w/o Radar,0,26,5,0,31,0,2,29,0,31,0,28,34,0,62,0,0,0,62
03/19/2005,TWF,ID,ANM,WE,Combination Non-Radar Approach Control & Tower w/o Radar,0,14,6,0,20,0,2,8,0,10,0,16,14,0,30,0,0,0,30
03/20/2005,TWF,ID,ANM,WE,Combination Non-Radar Approach Control & Tower w/o Radar,0,12,0,0,12,0,1,6,0,7,0,13,6,0,19,0,0,0,19
03/21/2005,TWF,ID,ANM,WE,Combination Non-Radar Approach Control & Tower w/o Radar,0,34,8,0,42,0,2,8,0,10,0,36,16,0,52,0,0,0,52
03/22/2005,TWF,ID,ANM,WE,Combination Non-Radar Approach Control & Tower w/o Radar,4,52,7,4,67,0,2,2,2,6,4,54,9,6,73,0,2,2,75
03/23/2005,TWF,ID,ANM,WE,Combination Non-Radar Approach Control & Tower w/o Radar,4,65,19,0,88,0,1,3,0,4,4,66,22,0,92,0,0,0,92
03/24/2005,TWF,ID,ANM,WE,Combination Non-Radar Approach Control & Tower w/o Radar,7,57,14,0,78,0,1,6,0,7,7,58,20,0,85,0,0,0,85
03/25/2005,TWF,ID,ANM,WE,Combination Non-Radar Approach Control & Tower w/o Radar,0,30,7,0,37,0,2,18,0,20,0,32,25,0,57,10,0,10,67
03/26/2005,TWF,ID,ANM,WE,Combination Non-Radar Approach Control & Tower w/o Radar,0,14,7,0,21,0,2,43,0,45,0,16,50,0,66,40,0,40,106
03/27/2005,TWF,ID,ANM,WE,Combination Non-Radar Approach Control & Tower w/o Radar,2,24,5,0,31,0,0,2,0,2,2,24,7,0,33,0,0,0,33
03/28/2005,TWF,ID,ANM,WE,Combination Non-Radar Approach Control & Tower w/o Radar,0,38,4,0,42,0,4,18,0,22,0,42,22,0,64,0,0,0,64
03/29/2005,TWF,ID,ANM,WE,Combination Non-Radar Approach Control & Tower w/o Radar,4,57,11,0,72,0,0,12,0,12,4,57,23,0,84,0,0,0,84
03/30/2005,TWF,ID,ANM,WE,Combination Non-Radar Approach Control & Tower w/o Radar,0,30,7,0,37,0,0,16,4,20,0,30,23,4,57,2,0,2,59
03/31/2005,TWF,ID,ANM,WE,Combination Non-Radar Approach Control & Tower w/o Radar,2,28,11,0,41,0,5,56,0,61,2,33,67,0,102,0,78,78,180
04/01/2005,TWF,ID,ANM,WE,Combination Non-Radar Approach Control & Tower w/o Radar,0,28,5,0,33,0,4,35,0,39,0,32,40,0,72,4,0,4,76
04/02/2005,TWF,ID,ANM,WE,Combination Non-Radar Approach Control & Tower w/o Radar,0,12,12,0,24,0,1,70,0,71,0,13,82,0,95,70,0,70,165
04/03/2005,TWF,ID,ANM,WE,Combination Non-Radar Approach Control & Tower w/o Radar,0,13,14,2,29,0,0,28,0,28,0,13,42,2,57,100,20,120,177
04/04/2005,TWF,ID,ANM,WE,Combination Non-Radar Approach Control & Tower w/o Radar,1,33,10,0,44,0,3,2,0,5,1,36,12,0,49,18,0,18,67
04/05/2005,TWF,ID,ANM,WE,Combination Non-Radar Approach Control & Tower w/o Radar,0,32,12,2,46,0,4,28,0,32,0,36,40,2,78,60,20,80,158
04/06/2005,TWF,ID,ANM,WE,Combination Non-Radar Approach Control & Tower w/o Radar,0,32,13,26,71,0,4,19,16,39,0,36,32,42,110,14,64,78,188
04/07/2005,TWF,ID,ANM,WE,Combination Non-Radar Approach Control & Tower w/o Radar,2,29,2,6,39,0,1,18,6,25,2,30,20,12,64,0,36,36,100
04/08/2005,TWF,ID,ANM,WE,Combination Non-Radar Approach Control & Tower w/o Radar,0,29,8,2,39,0,2,14,0,16,0,31,22,2,55,6,4,10,65
04/09/2005,TWF,ID,ANM,WE,Combination Non-Radar Approach Control & Tower w/o Radar,0,13,2,0,15,0,2,14,0,16,0,15,16,0,31,8,0,8,39
04/10/2005,TWF,ID,ANM,WE,Combination Non-Radar Approach Control & Tower w/o Radar,0,11,0,0,11,12,24,0,0,36,12,35,0,0,47,22,0,22,69
04/11/2005,TWF,ID,ANM,WE,Combination Non-Radar Approach Control & Tower w/o Radar,0,25,9,0,34,0,1,19,0,20,0,26,28,0,54,10,0,10,64
04/12/2005,TWF,ID,ANM,WE,Combination Non-Radar Approach Control & Tower w/o Radar,0,29,15,2,46,0,4,28,0,32,0,33,43,2,78,2,22,24,102
04/13/2005,TWF,ID,ANM,WE,Combination Non-Radar Approach Control & Tower w/o Radar,0,26,7,2,35,0,0,18,0,18,0,26,25,2,53,8,8,16,69
04/14/2005,TWF,ID,ANM,WE,Combination Non-Radar Approach Control & Tower w/o Radar,2,27,6,9,44,0,3,25,1,29,2,30,31,10,73,28,24,52,125
04/15/2005,TWF,ID,ANM,WE,Combination Non-Radar Approach Control & Tower w/o Radar,0,23,4,0,27,0,3,22,0,25,0,26,26,0,52,56,0,56,108
04/16/2005,TWF,ID,ANM,WE,Combination Non-Radar Approach Control & Tower w/o Radar,0,12,12,0,24,0,4,52,0,56,0,16,64,0,80,84,0,84,164
04/17/2005,TWF,ID,ANM,WE,Combination Non-Radar Approach Control & Tower w/o Radar,0,11,1,0,12,0,0,24,0,24,0,11,25,0,36,14,0,14,50
04/18/2005,TWF,ID,ANM,WE,Combination Non-Radar Approach Control & Tower w/o Radar,0,33,10,4,47,0,0,24,2,26,0,33,34,6,73,0,0,0,73
04/19/2005,TWF,ID,ANM,WE,Combination Non-Radar Approach Control & Tower w/o Radar,0,30,7,4,41,0,0,10,8,18,0,30,17,12,59,12,12,24,83
04/20/2005,TWF,ID,ANM,WE,Combination Non-Radar Approach Control & Tower w/o Radar,0,37,10,0,47,0,0,0,0,0,0,37,10,0,47,0,0,0,47
04/21/2005,TWF,ID,ANM,WE,Combination Non-Radar Approach Control & Tower w/o Radar,2,39,6,9,56,0,0,19,7,26,2,39,25,16,82,34,20,54,136
04/22/2005,TWF,ID,ANM,WE,Combination Non-Radar Approach Control & Tower w/o Radar,0,26,20,4,50,0,2,38,2,42,0,28,58,6,92,16,2,18,110
04/23/2005,TWF,ID,ANM,WE,Combination Non-Radar Approach Control & Tower w/o Radar,0,13,4,0,17,0,0,28,0,28,0,13,32,0,45,32,0,32,77
04/24/2005,TWF,ID,ANM,WE,Combination Non-Radar Approach Control & Tower w/o Radar,0,15,0,0,15,0,0,3,0,3,0,15,3,0,18,10,0,10,28
04/25/2005,TWF,ID,ANM,WE,Combination Non-Radar Approach Control & Tower w/o Radar,0,27,8,0,35,0,2,22,0,24,0,29,30,0,59,2,0,2,61
04/26/2005,TWF,ID,ANM,WE,Combination Non-Radar Approach Control & Tower w/o Radar,0,31,6,13,50,0,4,39,7,50,0,35,45,20,100,60,30,90,190
04/27/2005,TWF,ID,ANM,WE,Combination Non-Radar Approach Control & Tower w/o Radar,0,30,1,8,39,0,2,30,2,34,0,32,31,10,73,50,28,78,151
04/28/2005,TWF,ID,ANM,WE,Combination Non-Radar Approach Control & Tower w/o Radar,2,40,11,1,54,0,0,14,1,15,2,40,25,2,69,8,0,8,77
04/29/2005,TWF,ID,ANM,WE,Combination Non-Radar Approach Control & Tower w/o Radar,0,26,22,0,48,0,3,41,0,44,0,29,63,0,92,8,0,8,100
04/30/2005,TWF,ID,ANM,WE,Combination Non-Radar Approach Control & Tower w/o Radar,0,12,9,0,21,0,0,32,0,32,0,12,41,0,53,76,0,76,129
05/01/2005,TWF,ID,ANM,WE,Combination Non-Radar Approach Control & Tower w/o Radar,0,13,21,0,34,0,1,49,0,50,0,14,70,0,84,56,0,56,140
05/02/2005,TWF,ID,ANM,WE,Combination Non-Radar Approach Control & Tower w/o Radar,0,26,6,0,32,0,6,29,0,35,0,32,35,0,67,22,0,22,89
05/03/2005,TWF,ID,ANM,WE,Combination Non-Radar Approach Control & Tower w/o Radar,0,29,10,2,41,0,3,38,8,49,0,32,48,10,90,52,8,60,150
05/04/2005,TWF,ID,ANM,WE,Combination Non-Radar Approach Control & Tower w/o Radar,0,28,28,0,56,0,5,52,4,61,0,33,80,4,117,52,0,52,169
05/05/2005,TWF,ID,ANM,WE,Combination Non-Radar Approach Control & Tower w/o Radar,2,32,22,3,59,0,8,42,5,55,2,40,64,8,114,12,16,28,142
05/06/2005,TWF,ID,ANM,WE,Combination Non-Radar Approach Control & Tower w/o Radar,6,30,8,7,51,0,0,16,0,16,6,30,24,7,67,64,16,80,147
05/07/2005,TWF,ID,ANM,WE,Combination Non-Radar Approach Control & Tower w/o Radar,0,21,9,0,30,0,0,35,0,35,0,21,44,0,65,4,0,4,69
05/08/2005,TWF,ID,ANM,WE,Combination Non-Radar Approach Control & Tower w/o Radar,0,13,6,0,19,0,0,35,0,35,0,13,41,0,54,62,0,62,116
05/09/2005,TWF,ID,ANM,WE,Combination Non-Radar Approach Control & Tower w/o Radar,0,32,6,0,38,0,4,12,0,16,0,36,18,0,54,22,0,22,76
05/10/2005,TWF,ID,ANM,WE,Combination Non-Radar Approach Control & Tower w/o Radar,0,32,16,0,48,0,2,26,0,28,0,34,42,0,76,22,0,22,98
05/11/2005,TWF,ID,ANM,WE,Combination Non-Radar Approach Control & Tower w/o Radar,0,43,5,0,48,0,6,5,0,11,0,49,10,0,59,6,0,6,65
05/12/2005,TWF,ID,ANM,WE,Combination Non-Radar Approach Control & Tower w/o Radar,2,30,9,0,41,0,2,18,0,20,2,32,27,0,61,34,0,34,95
05/13/2005,TWF,ID,ANM,WE,Combination Non-Radar Approach Control & Tower w/o Radar,0,23,12,4,39,0,7,71,0,78,0,30,83,4,117,82,6,88,205
05/14/2005,TWF,ID,ANM,WE,Combination Non-Radar Approach Control & Tower w/o Radar,0,12,9,0,21,0,2,57,0,59,0,14,66,0,80,84,0,84,164
05/15/2005,TWF,ID,ANM,WE,Combination Non-Radar Approach Control & Tower w/o Radar,0,13,14,1,28,0,0,27,1,28,0,13,41,2,56,28,0,28,84
05/16/2005,TWF,ID,ANM,WE,Combination Non-Radar Approach Control & Tower w/o Radar,0,36,5,0,41,0,1,1,0,2,0,37,6,0,43,8,0,8,51
05/17/2005,TWF,ID,ANM,WE,Combination Non-Radar Approach Control & Tower w/o Radar,0,35,9,7,51,0,2,55,7,64,0,37,64,14,115,22,14,36,151
05/18/2005,TWF,ID,ANM,WE,Combination Non-Radar Approach Control & Tower w/o Radar,0,32,12,0,44,2,2,21,0,25,2,34,33,0,69,54,0,54,123
05/19/2005,TWF,ID,ANM,WE,Combination Non-Radar Approach Control & Tower w/o Radar,0,30,6,0,36,0,0,54,0,54,0,30,60,0,90,50,0,50,140
05/20/2005,TWF,ID,ANM,WE,Combination Non-Radar Approach Control & Tower w/o Radar,0,24,16,0,40,0,6,44,0,50,0,30,60,0,90,50,0,50,140
05/21/2005,TWF,ID,ANM,WE,Combination Non-Radar Approach Control & Tower w/o Radar,0,12,9,0,21,0,1,50,0,51,0,13,59,0,72,52,0,52,124
05/22/2005,TWF,ID,ANM,WE,Combination Non-Radar Approach Control & Tower w/o Radar,0,13,1,4,18,0,0,40,6,46,0,13,41,10,64,30,0,30,94
05/23/2005,TWF,ID,ANM,WE,Combination Non-Radar Approach Control & Tower w/o Radar,0,22,6,0,28,0,3,23,0,26,0,25,29,0,54,10,0,10,64
05/24/2005,TWF,ID,ANM,WE,Combination Non-Radar Approach Control & Tower w/o Radar,0,32,14,2,48,0,4,50,0,54,0,36,64,2,102,10,0,10,112
05/25/2005,TWF,ID,ANM,WE,Combination Non-Radar Approach Control & Tower w/o Radar,0,30,10,2,42,0,4,43,0,47,0,34,53,2,89,42,0,42,131
05/26/2005,TWF,ID,ANM,WE,Combination Non-Radar Approach Control & Tower w/o Radar,2,29,9,8,48,0,5,51,3,59,2,34,60,11,107,42,8,50,157
05/27/2005,TWF,ID,ANM,WE,Combination Non-Radar Approach Control & Tower w/o Radar,0,27,6,1,34,0,2,55,0,57,0,29,61,1,91,34,0,34,125
05/28/2005,TWF,ID,ANM,WE,Combination Non-Radar Approach Control & Tower w/o Radar,1,12,9,0,22,5,3,103,0,111,6,15,112,0,133,58,0,58,191
05/29/2005,TWF,ID,ANM,WE,Combination Non-Radar Approach Control & Tower w/o Radar,0,11,3,0,14,0,0,46,0,46,0,11,49,0,60,6,0,6,66
05/30/2005,TWF,ID,ANM,WE,Combination Non-Radar Approach Control & Tower w/o Radar,0,9,7,0,16,0,0,43,0,43,0,9,50,0,59,36,0,36,95
05/31/2005,TWF,ID,ANM,WE,Combination Non-Radar Approach Control & Tower w/o Radar,0,27,15,0,42,0,6,104,1,111,0,33,119,1,153,44,0,44,197
06/01/2005,TWF,ID,ANM,WE,Combination Non-Radar Approach Control & Tower w/o Radar,0,32,13,13,58,0,2,15,14,31,0,34,28,27,89,6,14,20,109
06/02/2005,TWF,ID,ANM,WE,Combination Non-Radar Approach Control & Tower w/o Radar,2,27,6,6,41,0,2,76,1,79,2,29,82,7,120,48,20,68,188
06/03/2005,TWF,ID,ANM,WE,Combination Non-Radar Approach Control & Tower w/o Radar,0,26,7,0,33,0,3,60,0,63,0,29,67,0,96,12,0,12,108
06/04/2005,TWF,ID,ANM,WE,Combination Non-Radar Approach Control & Tower w/o Radar,0,12,6,0,18,0,8,84,1,93,0,20,90,1,111,78,0,78,189
06/05/2005,TWF,ID,ANM,WE,Combination Non-Radar Approach Control & Tower w/o Radar,0,12,5,0,17,0,0,25,0,25,0,12,30,0,42,20,0,20,62
06/06/2005,TWF,ID,ANM,WE,Combination Non-Radar Approach Control & Tower w/o Radar,0,24,7,0,31,0,2,23,0,25,0,26,30,0,56,6,0,6,62
06/07/2005,TWF,ID,ANM,WE,Combination Non-Radar Approach Control & Tower w/o Radar,8,35,7,0,50,0,8,9,0,17,8,43,16,0,67,0,0,0,67
06/08/2005,TWF,ID,ANM,WE,Combination Non-Radar Approach Control & Tower w/o Radar,0,37,2,8,47,0,3,19,0,22,0,40,21,8,69,14,22,36,105
06/09/2005,TWF,ID,ANM,WE,Combination Non-Radar Approach Control & Tower w/o Radar,2,21,9,5,37,0,3,79,3,85,2,24,88,8,122,48,6,54,176
06/10/2005,TWF,ID,ANM,WE,Combination Non-Radar Approach Control & Tower w/o Radar,0,25,11,5,41,0,3,27,1,31,0,28,38,6,72,30,18,48,120
06/11/2005,TWF,ID,ANM,WE,Combination Non-Radar Approach Control & Tower w/o Radar,0,17,6,0,23,0,3,46,0,49,0,20,52,0,72,54,0,54,126
06/12/2005,TWF,ID,ANM,WE,Combination Non-Radar Approach Control & Tower w/o Radar,0,17,11,0,28,0,0,17,0,17,0,17,28,0,45,12,0,12,57
06/13/2005,TWF,ID,ANM,WE,Combination Non-Radar Approach Control & Tower w/o Radar,0,24,7,0,31,0,4,44,2,50,0,28,51,2,81,26,0,26,107
06/14/2005,TWF,ID,ANM,WE,Combination Non-Radar Approach Control & Tower w/o Radar,0,28,10,0,38,0,8,41,0,49,0,36,51,0,87,6,0,6,93
06/15/2005,TWF,ID,ANM,WE,Combination Non-Radar Approach Control & Tower w/o Radar,0,28,3,7,38,0,7,63,5,75,0,35,66,12,113,10,38,48,161
06/16/2005,TWF,ID,ANM,WE,Combination Non-Radar Approach Control & Tower w/o Radar,2,24,5,4,35,0,6,49,4,59,2,30,54,8,94,12,12,24,118
06/17/2005,TWF,ID,ANM,WE,Combination Non-Radar Approach Control & Tower w/o Radar,0,26,8,10,44,0,3,45,0,48,0,29,53,10,92,40,18,58,150
06/18/2005,TWF,ID,ANM,WE,Combination Non-Radar Approach Control & Tower w/o Radar,0,16,4,0,20,0,4,44,0,48,0,20,48,0,68,90,0,90,158
06/19/2005,TWF,ID,ANM,WE,Combination Non-Radar Approach Control & Tower w/o Radar,0,17,4,0,21,0,1,60,0,61,0,18,64,0,82,18,0,18,100
06/20/2005,TWF,ID,ANM,WE,Combination Non-Radar Approach Control & Tower w/o Radar,0,26,11,4,41,0,10,39,4,53,0,36,50,8,94,30,4,34,128
06/21/2005,TWF,ID,ANM,WE,Combination Non-Radar Approach Control & Tower w/o Radar,0,33,6,3,42,0,15,74,1,90,0,48,80,4,132,22,10,32,164
06/22/2005,TWF,ID,ANM,WE,Combination Non-Radar Approach Control & Tower w/o Radar,0,34,11,0,45,0,12,120,0,132,0,46,131,0,177,56,0,56,233
06/23/2005,TWF,ID,ANM,WE,Combination Non-Radar Approach Control & Tower w/o Radar,2,26,20,4,52,0,14,67,0,81,2,40,87,4,133,102,6,108,241
06/24/2005,TWF,ID,ANM,WE,Combination Non-Radar Approach Control & Tower w/o Radar,0,27,8,2,37,0,6,143,3,152,0,33,151,5,189,50,26,76,265
06/25/2005,TWF,ID,ANM,WE,Combination Non-Radar Approach Control & Tower w/o Radar,0,15,4,0,19,0,5,57,0,62,0,20,61,0,81,40,0,40,121
06/26/2005,TWF,ID,ANM,WE,Combination Non-Radar Approach Control & Tower w/o Radar,0,13,11,0,24,0,2,97,0,99,0,15,108,0,123,12,0,12,135
06/27/2005,TWF,ID,ANM,WE,Combination Non-Radar Approach Control & Tower w/o Radar,0,20,17,0,37,0,6,65,0,71,0,26,82,0,108,20,0,20,128
06/28/2005,TWF,ID,ANM,WE,Combination Non-Radar Approach Control & Tower w/o Radar,0,29,4,5,38,0,8,74,1,83,0,37,78,6,121,32,6,38,159
06/29/2005,TWF,ID,ANM,WE,Combination Non-Radar Approach Control & Tower w/o Radar,0,29,21,8,58,0,5,85,0,90,0,34,106,8,148,56,16,72,220
06/30/2005,TWF,ID,ANM,WE,Combination Non-Radar Approach Control & Tower w/o Radar,2,29,9,0,40,0,4,105,0,109,2,33,114,0,149,38,0,38,187
07/01/2005,TWF,ID,ANM,WE,Combination Non-Radar Approach Control & Tower w/o Radar,0,36,11,3,50,0,11,98,5,114,0,47,109,8,164,54,26,80,244
07/02/2005,TWF,ID,ANM,WE,Combination Non-Radar Approach Control & Tower w/o Radar,0,17,4,0,21,0,0,54,0,54,0,17,58,0,75,34,0,34,109
07/03/2005,TWF,ID,ANM,WE,Combination Non-Radar Approach Control & Tower w/o Radar,0,14,7,0,21,0,1,35,0,36,0,15,42,0,57,18,0,18,75
07/04/2005,TWF,ID,ANM,WE,Combination Non-Radar Approach Control & Tower w/o Radar,0,12,4,2,18,0,0,54,0,54,0,12,58,2,72,60,0,60,132
07/05/2005,TWF,ID,ANM,WE,Combination Non-Radar Approach Control & Tower w/o Radar,1,33,11,1,46,0,4,60,1,65,1,37,71,2,111,16,0,16,127
07/06/2005,TWF,ID,ANM,WE,Combination Non-Radar Approach Control & Tower w/o Radar,0,32,13,3,48,0,5,75,5,85,0,37,88,8,133,38,20,58,191
07/07/2005,TWF,ID,ANM,WE,Combination Non-Radar Approach Control & Tower w/o Radar,3,28,12,10,53,0,1,51,8,60,3,29,63,18,113,36,10,46,159
07/08/2005,TWF,ID,ANM,WE,Combination Non-Radar Approach Control & Tower w/o Radar,0,24,13,0,37,0,12,54,0,66,0,36,67,0,103,24,0,24,127
07/09/2005,TWF,ID,ANM,WE,Combination Non-Radar Approach Control & Tower w/o Radar,0,23,10,0,33,0,2,31,0,33,0,25,41,0,66,24,0,24,90
07/10/2005,TWF,ID,ANM,WE,Combination Non-Radar Approach Control & Tower w/o Radar,0,20,5,4,29,0,4,52,2,58,0,24,57,6,87,4,10,14,101
07/11/2005,TWF,ID,ANM,WE,Combination Non-Radar Approach Control & Tower w/o Radar,0,25,5,0,30,0,3,61,2,66,0,28,66,2,96,20,0,20,116
07/12/2005,TWF,ID,ANM,WE,Combination Non-Radar Approach Control & Tower w/o Radar,0,29,5,0,34,0,6,69,0,75,0,35,74,0,109,16,0,16,125
07/13/2005,TWF,ID,ANM,WE,Combination Non-Radar Approach Control & Tower w/o Radar,0,26,10,4,40,0,8,61,2,71,0,34,71,6,111,26,10,36,147
07/14/2005,TWF,ID,ANM,WE,Combination Non-Radar Approach Control & Tower w/o Radar,2,23,16,0,41,0,8,75,0,83,2,31,91,0,124,54,0,54,178
07/15/2005,TWF,ID,ANM,WE,Combination Non-Radar Approach Control & Tower w/o Radar,0,28,8,0,36,0,4,81,0,85,0,32,89,0,121,42,0,42,163
07/16/2005,TWF,ID,ANM,WE,Combination Non-Radar Approach Control & Tower w/o Radar,0,16,13,4,33,0,3,168,0,171,0,19,181,4,204,52,0,52,256
07/17/2005,TWF,ID,ANM,WE,Combination Non-Radar Approach Control & Tower w/o Radar,0,17,4,0,21,0,2,156,0,158,0,19,160,0,179,0,0,0,179
07/18/2005,TWF,ID,ANM,WE,Combination Non-Radar Approach Control & Tower w/o Radar,0,21,6,0,27,0,6,46,0,52,0,27,52,0,79,0,0,0,79
07/19/2005,TWF,ID,ANM,WE,Combination Non-Radar Approach Control & Tower w/o Radar,0,29,7,0,36,0,6,101,0,107,0,35,108,0,143,38,0,38,181
07/20/2005,TWF,ID,ANM,WE,Combination Non-Radar Approach Control & Tower w/o Radar,0,29,16,5,50,0,4,129,7,140,0,33,145,12,190,32,10,42,232
07/21/2005,TWF,ID,ANM,WE,Combination Non-Radar Approach Control & Tower w/o Radar,2,23,13,10,48,0,12,71,4,87,2,35,84,14,135,18,18,36,171
07/22/2005,TWF,ID,ANM,WE,Combination Non-Radar Approach Control & Tower w/o Radar,0,23,14,6,43,0,5,80,6,91,0,28,94,12,134,44,10,54,188
07/23/2005,TWF,ID,ANM,WE,Combination Non-Radar Approach Control & Tower w/o Radar,0,19,4,0,23,0,1,85,0,86,0,20,89,0,109,34,0,34,143
07/24/2005,TWF,ID,ANM,WE,Combination Non-Radar Approach Control & Tower w/o Radar,0,13,9,0,22,0,1,71,0,72,0,14,80,0,94,20,0,20,114
07/25/2005,TWF,ID,ANM,WE,Combination Non-Radar Approach Control & Tower w/o Radar,0,22,21,0,43,0,2,44,0,46,0,24,65,0,89,0,0,0,89
07/26/2005,TWF,ID,ANM,WE,Combination Non-Radar Approach Control & Tower w/o Radar,0,28,13,0,41,0,5,53,0,58,0,33,66,0,99,0,0,0,99
07/27/2005,TWF,ID,ANM,WE,Combination Non-Radar Approach Control & Tower w/o Radar,0,28,6,0,34,0,3,78,2,83,0,31,84,2,117,26,0,26,143
07/28/2005,TWF,ID,ANM,WE,Combination Non-Radar Approach Control & Tower w/o Radar,2,28,16,3,49,0,9,72,4,85,2,37,88,7,134,0,0,0,134
07/29/2005,TWF,ID,ANM,WE,Combination Non-Radar Approach Control & Tower w/o Radar,0,26,3,4,33,0,2,59,0,61,0,28,62,4,94,4,12,16,110
07/30/2005,TWF,ID,ANM,WE,Combination Non-Radar Approach Control & Tower w/o Radar,0,18,9,0,27,0,0,60,0,60,0,18,69,0,87,16,0,16,103
07/31/2005,TWF,ID,ANM,WE,Combination Non-Radar Approach Control & Tower w/o Radar,0,18,7,0,25,0,0,58,0,58,0,18,65,0,83,8,0,8,91
08/01/2005,TWF,ID,ANM,WE,Combination Non-Radar Approach Control & Tower w/o Radar,0,21,1,0,22,0,5,79,0,84,0,26,80,0,106,12,0,12,118
08/02/2005,TWF,ID,ANM,WE,Combination Non-Radar Approach Control & Tower w/o Radar,0,23,20,2,45,0,11,135,2,148,0,34,155,4,193,4,2,6,199
08/03/2005,TWF,ID,ANM,WE,Combination Non-Radar Approach Control & Tower w/o Radar,0,24,12,2,38,0,5,75,0,80,0,29,87,2,118,6,16,22,140
08/04/2005,TWF,ID,ANM,WE,Combination Non-Radar Approach Control & Tower w/o Radar,2,21,15,0,38,0,9,67,0,76,2,30,82,0,114,8,0,8,122
08/05/2005,TWF,ID,ANM,WE,Combination Non-Radar Approach Control & Tower w/o Radar,0,21,0,0,21,0,8,59,0,67,0,29,59,0,88,6,0,6,94
08/06/2005,TWF,ID,ANM,WE,Combination Non-Radar Approach Control & Tower w/o Radar,0,19,1,0,20,0,0,89,0,89,0,19,90,0,109,14,0,14,123
08/07/2005,TWF,ID,ANM,WE,Combination Non-Radar Approach Control & Tower w/o Radar,0,15,1,5,21,0,0,39,13,52,0,15,40,18,73,0,12,12,85
08/08/2005,TWF,ID,ANM,WE,Combination Non-Radar Approach Control & Tower w/o Radar,0,27,5,0,32,0,4,45,0,49,0,31,50,0,81,6,0,6,87
08/09/2005,TWF,ID,ANM,WE,Combination Non-Radar Approach Control & Tower w/o Radar,0,29,11,10,50,0,8,74,6,88,0,37,85,16,138,0,18,18,156
08/10/2005,TWF,ID,ANM,WE,Combination Non-Radar Approach Control & Tower w/o Radar,0,29,5,12,46,0,8,94,6,108,0,37,99,18,154,14,30,44,198
08/11/2005,TWF,ID,ANM,WE,Combination Non-Radar Approach Control & Tower w/o Radar,2,24,27,15,68,0,10,105,21,136,2,34,132,36,204,28,60,88,292
08/12/2005,TWF,ID,ANM,WE,Combination Non-Radar Approach Control & Tower w/o Radar,0,24,12,2,38,0,7,49,0,56,0,31,61,2,94,10,0,10,104
08/13/2005,TWF,ID,ANM,WE,Combination Non-Radar Approach Control & Tower w/o Radar,0,17,2,0,19,0,1,57,0,58,0,18,59,0,77,38,0,38,115
08/14/2005,TWF,ID,ANM,WE,Combination Non-Radar Approach Control & Tower w/o Radar,0,10,0,4,14,0,4,68,0,72,0,14,68,4,86,0,0,0,86
08/15/2005,TWF,ID,ANM,WE,Combination Non-Radar Approach Control & Tower w/o Radar,0,24,3,2,29,0,1,42,0,43,0,25,45,2,72,10,0,10,82
08/16/2005,TWF,ID,ANM,WE,Combination Non-Radar Approach Control & Tower w/o Radar,0,30,7,0,37,0,5,22,0,27,0,35,29,0,64,4,0,4,68
08/17/2005,TWF,ID,ANM,WE,Combination Non-Radar Approach Control & Tower w/o Radar,0,30,14,0,44,0,12,67,4,83,0,42,81,4,127,0,0,0,127
08/18/2005,TWF,ID,ANM,WE,Combination Non-Radar Approach Control & Tower w/o Radar,2,25,15,2,44,0,4,75,0,79,2,29,90,2,123,6,6,12,135
08/19/2005,TWF,ID,ANM,WE,Combination Non-Radar Approach Control & Tower w/o Radar,0,23,13,0,36,0,7,55,0,62,0,30,68,0,98,52,0,52,150
08/20/2005,TWF,ID,ANM,WE,Combination Non-Radar Approach Control & Tower w/o Radar,0,14,7,0,21,0,4,80,0,84,0,18,87,0,105,44,0,44,149
08/21/2005,TWF,ID,ANM,WE,Combination Non-Radar Approach Control & Tower w/o Radar,0,15,9,0,24,0,0,45,0,45,0,15,54,0,69,2,0,2,71
08/22/2005,TWF,ID,ANM,WE,Combination Non-Radar Approach Control & Tower w/o Radar,0,30,11,0,41,0,6,74,0,80,0,36,85,0,121,8,0,8,129
08/23/2005,TWF,ID,ANM,WE,Combination Non-Radar Approach Control & Tower w/o Radar,0,23,10,0,33,0,13,105,0,118,0,36,115,0,151,30,0,30,181
08/24/2005,TWF,ID,ANM,WE,Combination Non-Radar Approach Control & Tower w/o Radar,0,23,3,0,26,0,4,88,6,98,0,27,91,6,124,0,0,0,124
08/25/2005,TWF,ID,ANM,WE,Combination Non-Radar Approach Control & Tower w/o Radar,2,22,11,11,46,0,9,82,11,102,2,31,93,22,148,32,34,66,214
08/26/2005,TWF,ID,ANM,WE,Combination Non-Radar Approach Control & Tower w/o Radar,0,20,5,0,25,0,1,103,0,104,0,21,108,0,129,62,0,62,191
08/27/2005,TWF,ID,ANM,WE,Combination Non-Radar Approach Control & Tower w/o Radar,0,17,5,0,22,0,3,58,0,61,0,20,63,0,83,66,0,66,149
08/28/2005,TWF,ID,ANM,WE,Combination Non-Radar Approach Control & Tower w/o Radar,0,12,7,0,19,0,2,38,0,40,0,14,45,0,59,10,0,10,69
08/29/2005,TWF,ID,ANM,WE,Combination Non-Radar Approach Control & Tower w/o Radar,0,22,5,0,27,0,4,71,0,75,0,26,76,0,102,8,0,8,110
08/30/2005,TWF,ID,ANM,WE,Combination Non-Radar Approach Control & Tower w/o Radar,0,24,9,9,42,0,9,44,13,66,0,33,53,22,108,50,36,86,194
08/31/2005,TWF,ID,ANM,WE,Combination Non-Radar Approach Control & Tower w/o Radar,0,24,9,4,37,0,9,45,4,58,0,33,54,8,95,8,26,34,129
09/01/2005,TWF,ID,ANM,WE,Combination Non-Radar Approach Control & Tower w/o Radar,2,21,11,2,36,0,3,98,0,101,2,24,109,2,137,24,0,24,161
09/02/2005,TWF,ID,ANM,WE,Combination Non-Radar Approach Control & Tower w/o Radar,4,21,13,0,38,0,7,46,0,53,4,28,59,0,91,0,0,0,91
09/03/2005,TWF,ID,ANM,WE,Combination Non-Radar Approach Control & Tower w/o Radar,0,16,2,0,18,0,2,68,0,70,0,18,70,0,88,0,0,0,88
09/04/2005,TWF,ID,ANM,WE,Combination Non-Radar Approach Control & Tower w/o Radar,0,18,1,0,19,0,2,65,0,67,0,20,66,0,86,4,0,4,90
09/05/2005,TWF,ID,ANM,WE,Combination Non-Radar Approach Control & Tower w/o Radar,0,13,2,0,15,0,3,75,0,78,0,16,77,0,93,26,0,26,119
09/06/2005,TWF,ID,ANM,WE,Combination Non-Radar Approach Control & Tower w/o Radar,0,23,8,0,31,0,4,67,0,71,0,27,75,0,102,108,0,108,210
09/07/2005,TWF,ID,ANM,WE,Combination Non-Radar Approach Control & Tower w/o Radar,0,25,6,1,32,0,9,78,1,88,0,34,84,2,120,8,2,10,130
09/08/2005,TWF,ID,ANM,WE,Combination Non-Radar Approach Control & Tower w/o Radar,2,25,6,9,42,0,10,62,11,83,2,35,68,20,125,14,22,36,161
09/09/2005,TWF,ID,ANM,WE,Combination Non-Radar Approach Control & Tower w/o Radar,0,26,9,6,41,0,4,42,8,54,0,30,51,14,95,20,6,26,121
09/10/2005,TWF,ID,ANM,WE,Combination Non-Radar Approach Control & Tower w/o Radar,4,19,1,0,24,0,0,31,0,31,4,19,32,0,55,4,0,4,59
09/11/2005,TWF,ID,ANM,WE,Combination Non-Radar Approach Control & Tower w/o Radar,0,17,12,4,33,0,3,44,0,47,0,20,56,4,80,12,22,34,114
09/12/2005,TWF,ID,ANM,WE,Combination Non-Radar Approach Control & Tower w/o Radar,0,32,8,0,40,0,6,49,0,55,0,38,57,0,95,8,0,8,103
09/13/2005,TWF,ID,ANM,WE,Combination Non-Radar Approach Control & Tower w/o Radar,0,26,6,4,36,0,10,45,2,57,0,36,51,6,93,36,10,46,139
09/14/2005,TWF,ID,ANM,WE,Combination Non-Radar Approach Control & Tower w/o Radar,0,26,3,0,29,0,8,131,0,139,0,34,134,0,168,32,0,32,200
09/15/2005,TWF,ID,ANM,WE,Combination Non-Radar Approach Control & Tower w/o Radar,2,29,10,0,41,0,5,55,0,60,2,34,65,0,101,16,0,16,117
09/16/2005,TWF,ID,ANM,WE,Combination Non-Radar Approach Control & Tower w/o Radar,0,24,10,0,34,0,6,24,2,32,0,30,34,2,66,0,30,30,96
09/17/2005,TWF,ID,ANM,WE,Combination Non-Radar Approach Control & Tower w/o Radar,0,13,2,0,15,0,0,56,0,56,0,13,58,0,71,10,0,10,81
09/18/2005,TWF,ID,ANM,WE,Combination Non-Radar Approach Control & Tower w/o Radar,0,12,2,0,14,0,2,44,0,46,0,14,46,0,60,24,0,24,84
09/19/2005,TWF,ID,ANM,WE,Combination Non-Radar Approach Control & Tower w/o Radar,0,25,4,0,29,0,5,42,0,47,0,30,46,0,76,42,0,42,118
09/20/2005,TWF,ID,ANM,WE,Combination Non-Radar Approach Control & Tower w/o Radar,0,27,4,0,31,0,2,41,0,43,0,29,45,0,74,8,0,8,82
09/21/2005,TWF,ID,ANM,WE,Combination Non-Radar Approach Control & Tower w/o Radar,2,38,4,0,44,0,10,15,0,25,2,48,19,0,69,6,0,6,75
09/22/2005,TWF,ID,ANM,WE,Combination Non-Radar Approach Control & Tower w/o Radar,2,22,5,0,29,0,9,29,0,38,2,31,34,0,67,30,0,30,97
09/23/2005,TWF,ID,ANM,WE,Combination Non-Radar Approach Control & Tower w/o Radar,0,24,9,0,33,0,6,29,0,35,0,30,38,0,68,12,0,12,80
09/24/2005,TWF,ID,ANM,WE,Combination Non-Radar Approach Control & Tower w/o Radar,0,22,15,0,37,0,0,25,0,25,0,22,40,0,62,6,0,6,68
09/25/2005,TWF,ID,ANM,WE,Combination Non-Radar Approach Control & Tower w/o Radar,0,13,7,0,20,0,0,59,0,59,0,13,66,0,79,30,0,30,109
09/26/2005,TWF,ID,ANM,WE,Combination Non-Radar Approach Control & Tower w/o Radar,0,25,5,0,30,0,8,23,0,31,0,33,28,0,61,22,0,22,83
09/27/2005,TWF,ID,ANM,WE,Combination Non-Radar Approach Control & Tower w/o Radar,0,31,2,0,33,0,5,15,0,20,0,36,17,0,53,32,0,32,85
09/28/2005,TWF,ID,ANM,WE,Combination Non-Radar Approach Control & Tower w/o Radar,0,32,4,2,38,0,1,42,4,47,0,33,46,6,85,14,6,20,105
09/29/2005,TWF,ID,ANM,WE,Combination Non-Radar Approach Control & Tower w/o Radar,2,26,13,0,41,0,5,36,0,41,2,31,49,0,82,12,0,12,94
09/30/2005,TWF,ID,ANM,WE,Combination Non-Radar Approach Control & Tower w/o Radar,0,26,11,0,37,0,6,68,0,74,0,32,79,0,111,32,0,32,143
10/01/2005,TWF,ID,ANM,WE,Combination Non-Radar Approach Control & Tower w/o Radar,0,14,9,0,23,0,0,34,0,34,0,14,43,0,57,12,0,12,69
10/02/2005,TWF,ID,ANM,WE,Combination Non-Radar Approach Control & Tower w/o Radar,0,14,6,0,20,0,0,19,0,19,0,14,25,0,39,8,0,8,47
10/03/2005,TWF,ID,ANM,WE,Combination Non-Radar Approach Control & Tower w/o Radar,0,32,6,0,38,0,4,4,0,8,0,36,10,0,46,28,0,28,74
10/04/2005,TWF,ID,ANM,WE,Combination Non-Radar Approach Control & Tower w/o Radar,0,31,4,2,37,0,5,10,0,15,0,36,14,2,52,16,0,16,68
10/05/2005,TWF,ID,ANM,WE,Combination Non-Radar Approach Control & Tower w/o Radar,0,25,7,1,33,0,3,49,1,53,0,28,56,2,86,36,0,36,122
10/06/2005,TWF,ID,ANM,WE,Combination Non-Radar Approach Control & Tower w/o Radar,0,22,13,6,41,0,7,32,16,55,0,29,45,22,96,20,24,44,140
10/07/2005,TWF,ID,ANM,WE,Combination Non-Radar Approach Control & Tower w/o Radar,0,27,9,0,36,0,3,51,0,54,0,30,60,0,90,46,0,46,136
10/08/2005,TWF,ID,ANM,WE,Combination Non-Radar Approach Control & Tower w/o Radar,0,20,5,0,25,0,0,15,0,15,0,20,20,0,40,4,0,4,44
10/09/2005,TWF,ID,ANM,WE,Combination Non-Radar Approach Control & Tower w/o Radar,0,11,6,0,17,0,0,22,0,22,0,11,28,0,39,6,0,6,45
10/10/2005,TWF,ID,ANM,WE,Combination Non-Radar Approach Control & Tower w/o Radar,0,17,6,2,25,0,0,43,0,43,0,17,49,2,68,62,0,62,130
10/11/2005,TWF,ID,ANM,WE,Combination Non-Radar Approach Control & Tower w/o Radar,0,28,8,0,36,0,5,35,0,40,0,33,43,0,76,28,0,28,104
10/12/2005,TWF,ID,ANM,WE,Combination Non-Radar Approach Control & Tower w/o Radar,0,28,11,4,43,0,2,28,4,34,0,30,39,8,77,12,10,22,99
10/13/2005,TWF,ID,ANM,WE,Combination Non-Radar Approach Control & Tower w/o Radar,2,38,4,7,51,0,4,37,3,44,2,42,41,10,95,8,26,34,129
10/14/2005,TWF,ID,ANM,WE,Combination Non-Radar Approach Control & Tower w/o Radar,0,27,13,3,43,0,7,37,11,55,0,34,50,14,98,4,4,8,106
10/15/2005,TWF,ID,ANM,WE,Combination Non-Radar Approach Control & Tower w/o Radar,0,15,5,0,20,0,0,21,1,22,0,15,26,1,42,22,0,22,64
10/16/2005,TWF,ID,ANM,WE,Combination Non-Radar Approach Control & Tower w/o Radar,0,13,11,0,24,0,0,39,1,40,0,13,50,1,64,22,0,22,86
10/17/2005,TWF,ID,ANM,WE,Combination Non-Radar Approach Control & Tower w/o Radar,0,25,0,0,25,0,11,13,2,26,0,36,13,2,51,2,0,2,53
10/18/2005,TWF,ID,ANM,WE,Combination Non-Radar Approach Control & Tower w/o Radar,0,32,11,0,43,0,4,18,0,22,0,36,29,0,65,2,0,2,67
10/19/2005,TWF,ID,ANM,WE,Combination Non-Radar Approach Control & Tower w/o Radar,0,29,4,0,33,0,2,31,0,33,0,31,35,0,66,2,0,2,68
10/20/2005,TWF,ID,ANM,WE,Combination Non-Radar Approach Control & Tower w/o Radar,2,33,4,2,41,0,3,30,0,33,2,36,34,2,74,0,14,14,88
10/21/2005,TWF,ID,ANM,WE,Combination Non-Radar Approach Control & Tower w/o Radar,0,30,8,0,38,0,0,55,0,55,0,30,63,0,93,16,0,16,109
10/22/2005,TWF,ID,ANM,WE,Combination Non-Radar Approach Control & Tower w/o Radar,0,13,12,0,25,0,1,43,0,44,0,14,55,0,69,10,0,10,79
10/23/2005,TWF,ID,ANM,WE,Combination Non-Radar Approach Control & Tower w/o Radar,0,11,5,3,19,0,0,35,1,36,0,11,40,4,55,0,0,0,55
10/24/2005,TWF,ID,ANM,WE,Combination Non-Radar Approach Control & Tower w/o Radar,0,27,10,0,37,0,5,31,0,36,0,32,41,0,73,0,0,0,73
10/25/2005,TWF,ID,ANM,WE,Combination Non-Radar Approach Control & Tower w/o Radar,0,29,9,0,38,0,6,18,0,24,0,35,27,0,62,18,0,18,80
10/26/2005,TWF,ID,ANM,WE,Combination Non-Radar Approach Control & Tower w/o Radar,0,30,3,5,38,0,5,26,3,34,0,35,29,8,72,30,14,44,116
10/27/2005,TWF,ID,ANM,WE,Combination Non-Radar Approach Control & Tower w/o Radar,0,28,9,0,37,0,0,4,0,4,0,28,13,0,41,0,0,0,41
10/28/2005,TWF,ID,ANM,WE,Combination Non-Radar Approach Control & Tower w/o Radar,0,35,13,0,48,0,0,9,0,9,0,35,22,0,57,2,0,2,59
10/29/2005,TWF,ID,ANM,WE,Combination Non-Radar Approach Control & Tower w/o Radar,0,16,4,0,20,0,2,28,0,30,0,18,32,0,50,30,0,30,80
10/30/2005,TWF,ID,ANM,WE,Combination Non-Radar Approach Control & Tower w/o Radar,0,11,8,0,19,0,3,34,0,37,0,14,42,0,56,36,0,36,92
10/31/2005,TWF,ID,ANM,WE,Combination Non-Radar Approach Control & Tower w/o Radar,0,27,10,0,37,0,2,9,0,11,0,29,19,0,48,34,0,34,82
11/01/2005,TWF,ID,ANM,WE,Combination Non-Radar Approach Control & Tower w/o Radar,0,29,7,0,36,0,0,35,0,35,0,29,42,0,71,10,0,10,81
11/02/2005,TWF,ID,ANM,WE,Combination Non-Radar Approach Control & Tower w/o Radar,0,29,8,2,39,0,3,12,2,17,0,32,20,4,56,20,16,36,92
11/03/2005,TWF,ID,ANM,WE,Combination Non-Radar Approach Control & Tower w/o Radar,0,40,11,5,56,0,0,33,0,33,0,40,44,5,89,32,10,42,131
11/04/2005,TWF,ID,ANM,WE,Combination Non-Radar Approach Control & Tower w/o Radar,0,37,5,2,44,0,0,15,0,15,0,37,20,2,59,20,0,20,79
11/05/2005,TWF,ID,ANM,WE,Combination Non-Radar Approach Control & Tower w/o Radar,2,14,14,2,32,0,0,33,0,33,2,14,47,2,65,30,8,38,103
11/06/2005,TWF,ID,ANM,WE,Combination Non-Radar Approach Control & Tower w/o Radar,2,24,2,3,31,0,0,17,3,20,2,24,19,6,51,20,14,34,85
11/07/2005,TWF,ID,ANM,WE,Combination Non-Radar Approach Control & Tower w/o Radar,0,27,10,0,37,0,5,11,0,16,0,32,21,0,53,0,0,0,53
11/08/2005,TWF,ID,ANM,WE,Combination Non-Radar Approach Control & Tower w/o Radar,2,45,8,4,59,0,0,5,0,5,2,45,13,4,64,8,4,12,76
11/09/2005,TWF,ID,ANM,WE,Combination Non-Radar Approach Control & Tower w/o Radar,0,34,3,13,50,0,2,35,15,52,0,36,38,28,102,14,56,70,172
11/10/2005,TWF,ID,ANM,WE,Combination Non-Radar Approach Control & Tower w/o Radar,2,34,5,2,43,0,1,32,2,35,2,35,37,4,78,32,2,34,112
11/11/2005,TWF,ID,ANM,WE,Combination Non-Radar Approach Control & Tower w/o Radar,0,28,12,0,40,0,0,25,0,25,0,28,37,0,65,44,0,44,109
11/12/2005,TWF,ID,ANM,WE,Combination Non-Radar Approach Control & Tower w/o Radar,0,15,5,0,20,0,0,14,0,14,0,15,19,0,34,10,0,10,44
11/13/2005,TWF,ID,ANM,WE,Combination Non-Radar Approach Control & Tower w/o Radar,2,37,9,0,48,0,3,6,0,9,2,40,15,0,57,0,0,0,57
11/14/2005,TWF,ID,ANM,WE,Combination Non-Radar Approach Control & Tower w/o Radar,0,33,6,0,39,0,4,7,0,11,0,37,13,0,50,0,0,0,50
11/15/2005,TWF,ID,ANM,WE,Combination Non-Radar Approach Control & Tower w/o Radar,0,32,10,4,46,0,4,25,4,33,0,36,35,8,79,0,6,6,85
11/16/2005,TWF,ID,ANM,WE,Combination Non-Radar Approach Control & Tower w/o Radar,0,28,5,6,39,0,3,34,8,45,0,31,39,14,84,10,42,52,136
11/17/2005,TWF,ID,ANM,WE,Combination Non-Radar Approach Control & Tower w/o Radar,2,34,6,2,44,0,1,36,6,43,2,35,42,8,87,4,8,12,99
11/18/2005,TWF,ID,ANM,WE,Combination Non-Radar Approach Control & Tower w/o Radar,0,34,16,0,50,0,1,63,0,64,0,35,79,0,114,24,0,24,138
11/19/2005,TWF,ID,ANM,WE,Combination Non-Radar Approach Control & Tower w/o Radar,0,17,8,0,25,0,0,36,0,36,0,17,44,0,61,12,0,12,73
11/20/2005,TWF,ID,ANM,WE,Combination Non-Radar Approach Control & Tower w/o Radar,0,15,12,0,27,0,1,50,0,51,0,16,62,0,78,22,0,22,100
11/21/2005,TWF,ID,ANM,WE,Combination Non-Radar Approach Control & Tower w/o Radar,0,30,2,0,32,0,3,38,0,41,0,33,40,0,73,4,0,4,77
11/22/2005,TWF,ID,ANM,WE,Combination Non-Radar Approach Control & Tower w/o Radar,4,37,3,2,46,0,4,38,18,60,4,41,41,20,106,38,12,50,156
11/23/2005,TWF,ID,ANM,WE,Combination Non-Radar Approach Control & Tower w/o Radar,9,41,12,0,62,0,11,43,0,54,9,52,55,0,116,20,0,20,136
11/24/2005,TWF,ID,ANM,WE,Combination Non-Radar Approach Control & Tower w/o Radar,2,9,0,0,11,0,0,0,0,0,2,9,0,0,11,0,0,0,11
11/25/2005,TWF,ID,ANM,WE,Combination Non-Radar Approach Control & Tower w/o Radar,0,45,11,0,56,0,3,10,0,13,0,48,21,0,69,8,0,8,77
11/26/2005,TWF,ID,ANM,WE,Combination Non-Radar Approach Control & Tower w/o Radar,0,26,2,0,28,0,2,1,0,3,0,28,3,0,31,0,0,0,31
11/27/2005,TWF,ID,ANM,WE,Combination Non-Radar Approach Control & Tower w/o Radar,0,14,6,0,20,0,0,18,0,18,0,14,24,0,38,0,0,0,38
11/28/2005,TWF,ID,ANM,WE,Combination Non-Radar Approach Control & Tower w/o Radar,0,30,7,0,37,0,6,17,0,23,0,36,24,0,60,8,0,8,68
11/29/2005,TWF,ID,ANM,WE,Combination Non-Radar Approach Control & Tower w/o Radar,3,58,2,0,63,0,0,2,0,2,3,58,4,0,65,0,0,0,65
11/30/2005,TWF,ID,ANM,WE,Combination Non-Radar Approach Control & Tower w/o Radar,0,41,1,0,42,0,1,15,0,16,0,42,16,0,58,18,0,18,76
12/01/2005,TWF,ID,ANM,WE,Combination Non-Radar Approach Control & Tower w/o Radar,1,56,8,0,65,0,0,1,0,1,1,56,9,0,66,0,0,0,66
12/02/2005,TWF,ID,ANM,WE,Combination Non-Radar Approach Control & Tower w/o Radar,0,51,7,0,58,0,0,12,0,12,0,51,19,0,70,8,0,8,78
12/03/2005,TWF,ID,ANM,WE,Combination Non-Radar Approach Control & Tower w/o Radar,0,19,7,0,26,0,0,17,0,17,0,19,24,0,43,6,0,6,49
12/04/2005,TWF,ID,ANM,WE,Combination Non-Radar Approach Control & Tower w/o Radar,0,15,6,0,21,0,0,9,0,9,0,15,15,0,30,0,0,0,30
12/05/2005,TWF,ID,ANM,WE,Combination Non-Radar Approach Control & Tower w/o Radar,2,25,15,0,42,0,0,18,0,18,2,25,33,0,60,4,0,4,64
12/06/2005,TWF,ID,ANM,WE,Combination Non-Radar Approach Control & Tower w/o Radar,2,39,14,5,60,0,0,12,3,15,2,39,26,8,75,8,10,18,93
12/07/2005,TWF,ID,ANM,WE,Combination Non-Radar Approach Control & Tower w/o Radar,0,32,7,2,41,0,0,33,0,33,0,32,40,2,74,72,2,74,148
12/08/2005,TWF,ID,ANM,WE,Combination Non-Radar Approach Control & Tower w/o Radar,2,24,9,0,35,0,2,41,4,47,2,26,50,4,82,52,0,52,134
12/09/2005,TWF,ID,ANM,WE,Combination Non-Radar Approach Control & Tower w/o Radar,0,28,12,3,43,0,0,34,4,38,0,28,46,7,81,32,0,32,113
12/10/2005,TWF,ID,ANM,WE,Combination Non-Radar Approach Control & Tower w/o Radar,0,14,10,0,24,0,0,0,0,0,0,14,10,0,24,0,0,0,24
12/11/2005,TWF,ID,ANM,WE,Combination Non-Radar Approach Control & Tower w/o Radar,0,13,13,2,28,0,1,20,0,21,0,14,33,2,49,8,0,8,57
12/12/2005,TWF,ID,ANM,WE,Combination Non-Radar Approach Control & Tower w/o Radar,4,27,6,2,39,0,5,25,0,30,4,32,31,2,69,16,0,16,85
12/13/2005,TWF,ID,ANM,WE,Combination Non-Radar Approach Control & Tower w/o Radar,0,37,17,6,60,0,2,7,6,15,0,39,24,12,75,6,8,14,89
12/14/2005,TWF,ID,ANM,WE,Combination Non-Radar Approach Control & Tower w/o Radar,0,35,12,0,47,0,3,17,0,20,0,38,29,0,67,2,0,2,69
12/15/2005,TWF,ID,ANM,WE,Combination Non-Radar Approach Control & Tower w/o Radar,2,35,18,0,55,0,1,32,18,51,2,36,50,18,106,0,0,0,106
12/16/2005,TWF,ID,ANM,WE,Combination Non-Radar Approach Control & Tower w/o Radar,0,29,16,5,50,0,5,20,1,26,0,34,36,6,76,12,10,22,98
12/17/2005,TWF,ID,ANM,WE,Combination Non-Radar Approach Control & Tower w/o Radar,0,17,8,0,25,0,1,17,14,32,0,18,25,14,57,0,0,0,57
12/18/2005,TWF,ID,ANM,WE,Combination Non-Radar Approach Control & Tower w/o Radar,0,15,4,0,19,0,0,5,0,5,0,15,9,0,24,0,0,0,24
12/19/2005,TWF,ID,ANM,WE,Combination Non-Radar Approach Control & Tower w/o Radar,1,35,10,0,46,0,2,0,0,2,1,37,10,0,48,0,0,0,48
12/20/2005,TWF,ID,ANM,WE,Combination Non-Radar Approach Control & Tower w/o Radar,11,57,9,0,77,0,5,15,0,20,11,62,24,0,97,10,0,10,107
12/21/2005,TWF,ID,ANM,WE,Combination Non-Radar Approach Control & Tower w/o Radar,0,42,7,12,61,0,5,9,10,24,0,47,16,22,85,0,12,12,97
12/22/2005,TWF,ID,ANM,WE,Combination Non-Radar Approach Control & Tower w/o Radar,5,81,16,8,110,0,0,3,9,12,5,81,19,17,122,0,10,10,132
12/23/2005,TWF,ID,ANM,WE,Combination Non-Radar Approach Control & Tower w/o Radar,0,34,10,0,44,0,3,30,0,33,0,37,40,0,77,40,0,40,117
12/24/2005,TWF,ID,ANM,WE,Combination Non-Radar Approach Control & Tower w/o Radar,0,13,1,0,14,0,2,28,0,30,0,15,29,0,44,32,0,32,76
12/25/2005,TWF,ID,ANM,WE,Combination Non-Radar Approach Control & Tower w/o Radar,0,13,1,0,14,0,0,3,0,3,0,13,4,0,17,0,0,0,17
12/26/2005,TWF,ID,ANM,WE,Combination Non-Radar Approach Control & Tower w/o Radar,6,65,65,0,136,0,0,3,0,3,6,65,68,0,139,0,0,0,139
12/27/2005,TWF,ID,ANM,WE,Combination Non-Radar Approach Control & Tower w/o Radar,7,73,36,0,116,0,13,10,0,23,7,86,46,0,139,0,0,0,139
12/28/2005,TWF,ID,ANM,WE,Combination Non-Radar Approach Control & Tower w/o Radar,6,65,24,1,96,0,0,13,1,14,6,65,37,2,110,18,0,18,128
12/29/2005,TWF,ID,ANM,WE,Combination Non-Radar Approach Control & Tower w/o Radar,0,34,10,6,50,0,2,11,4,17,0,36,21,10,67,12,4,16,83
12/30/2005,TWF,ID,ANM,WE,Combination Non-Radar Approach Control & Tower w/o Radar,8,72,29,0,109,0,0,4,0,4,8,72,33,0,113,10,0,10,123
12/31/2005,TWF,ID,ANM,WE,Combination Non-Radar Approach Control & Tower w/o Radar,7,55,21,0,83,0,2,0,0,2,7,57,21,0,85,4,0,4,89
01/01/2006,TWF,ID,ANM,WE,Combination Non-Radar Approach Control & Tower w/o Radar,3,60,29,0,92,0,4,40,0,44,3,64,69,0,136,2,0,2,138
01/02/2006,TWF,ID,ANM,WE,Combination Non-Radar Approach Control & Tower w/o Radar,6,84,70,0,160,0,4,9,0,13,6,88,79,0,173,0,0,0,173
01/03/2006,TWF,ID,ANM,WE,Combination Non-Radar Approach Control & Tower w/o Radar,2,89,23,0,114,0,7,10,0,17,2,96,33,0,131,12,0,12,143
01/04/2006,TWF,ID,ANM,WE,Combination Non-Radar Approach Control & Tower w/o Radar,0,38,14,8,60,0,0,31,10,41,0,38,45,18,101,40,6,46,147
01/05/2006,TWF,ID,ANM,WE,Combination Non-Radar Approach Control & Tower w/o Radar,0,33,7,0,40,0,2,36,0,38,0,35,43,0,78,28,0,28,106
01/06/2006,TWF,ID,ANM,WE,Combination Non-Radar Approach Control & Tower w/o Radar,0,34,7,1,42,0,1,25,3,29,0,35,32,4,71,16,4,20,91
01/07/2006,TWF,ID,ANM,WE,Combination Non-Radar Approach Control & Tower w/o Radar,4,18,7,2,31,0,0,10,0,10,4,18,17,2,41,20,0,20,61
01/08/2006,TWF,ID,ANM,WE,Combination Non-Radar Approach Control & Tower w/o Radar,0,18,4,0,22,0,0,13,0,13,0,18,17,0,35,4,0,4,39
01/09/2006,TWF,ID,ANM,WE,Combination Non-Radar Approach Control & Tower w/o Radar,0,25,5,0,30,0,12,25,0,37,0,37,30,0,67,16,0,16,83
01/10/2006,TWF,ID,ANM,WE,Combination Non-Radar Approach Control & Tower w/o Radar,4,55,12,3,74,0,5,6,0,11,4,60,18,3,85,0,0,0,85
01/11/2006,TWF,ID,ANM,WE,Combination Non-Radar Approach Control & Tower w/o Radar,2,50,9,0,61,0,0,0,0,0,2,50,9,0,61,0,0,0,61
01/12/2006,TWF,ID,ANM,WE,Combination Non-Radar Approach Control & Tower w/o Radar,2,26,9,6,43,0,2,20,8,30,2,28,29,14,73,18,20,38,111
01/13/2006,TWF,ID,ANM,WE,Combination Non-Radar Approach Control & Tower w/o Radar,0,35,8,2,45,0,1,21,0,22,0,36,29,2,67,88,0,88,155
01/14/2006,TWF,ID,ANM,WE,Combination Non-Radar Approach Control & Tower w/o Radar,2,22,0,0,24,0,0,18,4,22,2,22,18,4,46,10,0,10,56
01/15/2006,TWF,ID,ANM,WE,Combination Non-Radar Approach Control & Tower w/o Radar,1,24,1,0,26,0,1,3,0,4,1,25,4,0,30,4,0,4,34
01/16/2006,TWF,ID,ANM,WE,Combination Non-Radar Approach Control & Tower w/o Radar,2,22,2,0,26,0,0,31,0,31,2,22,33,0,57,78,0,78,135
01/17/2006,TWF,ID,ANM,WE,Combination Non-Radar Approach Control & Tower w/o Radar,4,63,14,2,83,0,0,3,0,3,4,63,17,2,86,6,0,6,92
01/18/2006,TWF,ID,ANM,WE,Combination Non-Radar Approach Control & Tower w/o Radar,0,41,19,9,69,0,5,0,3,8,0,46,19,12,77,30,16,46,123
01/19/2006,TWF,ID,ANM,WE,Combination Non-Radar Approach Control & Tower w/o Radar,2,34,6,10,52,0,0,2,2,4,2,34,8,12,56,10,4,14,70
01/20/2006,TWF,ID,ANM,WE,Combination Non-Radar Approach Control & Tower w/o Radar,4,39,3,8,54,0,1,21,4,26,4,40,24,12,80,32,8,40,120
01/21/2006,TWF,ID,ANM,WE,Combination Non-Radar Approach Control & Tower w/o Radar,2,26,5,0,33,0,1,13,0,14,2,27,18,0,47,12,0,12,59
01/22/2006,TWF,ID,ANM,WE,Combination Non-Radar Approach Control & Tower w/o Radar,0,14,3,0,17,0,0,11,0,11,0,14,14,0,28,6,0,6,34
01/23/2006,TWF,ID,ANM,WE,Combination Non-Radar Approach Control & Tower w/o Radar,0,30,3,0,33,0,0,13,0,13,0,30,16,0,46,0,0,0,46
01/24/2006,TWF,ID,ANM,WE,Combination Non-Radar Approach Control & Tower w/o Radar,0,30,5,0,35,0,2,23,0,25,0,32,28,0,60,44,0,44,104
01/25/2006,TWF,ID,ANM,WE,Combination Non-Radar Approach Control & Tower w/o Radar,0,32,8,6,46,0,7,37,8,52,0,39,45,14,98,28,4,32,130
01/26/2006,TWF,ID,ANM,WE,Combination Non-Radar Approach Control & Tower w/o Radar,2,34,10,0,46,0,0,16,0,16,2,34,26,0,62,34,0,34,96
01/27/2006,TWF,ID,ANM,WE,Combination Non-Radar Approach Control & Tower w/o Radar,2,51,11,0,64,0,0,8,0,8,2,51,19,0,72,72,0,72,144
01/28/2006,TWF,ID,ANM,WE,Combination Non-Radar Approach Control & Tower w/o Radar,6,54,9,0,69,0,2,0,0,2,6,56,9,0,71,0,0,0,71
01/29/2006,TWF,ID,ANM,WE,Combination Non-Radar Approach Control & Tower w/o Radar,7,49,7,0,63,1,1,14,0,16,8,50,21,0,79,6,0,6,85
01/30/2006,TWF,ID,ANM,WE,Combination Non-Radar Approach Control & Tower w/o Radar,4,58,12,2,76,0,9,17,9,35,4,67,29,11,111,18,24,42,153
01/31/2006,TWF,ID,ANM,WE,Combination Non-Radar Approach Control & Tower w/o Radar,0,2,39,0,41,20,63,0,0,83,20,65,39,0,124,6,0,6,130
02/01/2006,TWF,ID,ANM,WE,Combination Non-Radar Approach Control & Tower w/o Radar,6,43,4,3,56,54,1,8,1,64,60,44,12,4,120,2,2,4,124
02/02/2006,TWF,ID,ANM,WE,Combination Non-Radar Approach Control & Tower w/o Radar,2,29,4,3,38,0,0,16,0,16,2,29,20,3,54,8,22,30,84
02/03/2006,TWF,ID,ANM,WE,Combination Non-Radar Approach Control & Tower w/o Radar,0,25,12,0,37,0,4,21,0,25,0,29,33,0,62,28,0,28,90
02/04/2006,TWF,ID,ANM,WE,Combination Non-Radar Approach Control & Tower w/o Radar,0,31,5,0,36,0,1,0,0,1,0,32,5,0,37,0,0,0,37
02/05/2006,TWF,ID,ANM,WE,Combination Non-Radar Approach Control & Tower w/o Radar,0,17,10,0,27,0,0,34,0,34,0,17,44,0,61,4,0,4,65
02/06/2006,TWF,ID,ANM,WE,Combination Non-Radar Approach Control & Tower w/o Radar,0,27,3,0,30,0,1,31,0,32,0,28,34,0,62,26,0,26,88
02/07/2006,TWF,ID,ANM,WE,Combination Non-Radar Approach Control & Tower w/o Radar,0,25,5,0,30,0,7,34,0,41,0,32,39,0,71,36,2,38,109
02/08/2006,TWF,ID,ANM,WE,Combination Non-Radar Approach Control & Tower w/o Radar,0,28,4,4,36,0,5,46,7,58,0,33,50,11,94,66,4,70,164
02/09/2006,TWF,ID,ANM,WE,Combination Non-Radar Approach Control & Tower w/o Radar,2,26,4,7,39,0,4,30,2,36,2,30,34,9,75,42,30,72,147
02/10/2006,TWF,ID,ANM,WE,Combination Non-Radar Approach Control & Tower w/o Radar,0,27,13,6,46,0,3,31,6,40,0,30,44,12,86,6,4,10,96
02/11/2006,TWF,ID,ANM,WE,Combination Non-Radar Approach Control & Tower w/o Radar,0,14,5,7,26,0,2,41,1,44,0,16,46,8,70,48,16,64,134
02/12/2006,TWF,ID,ANM,WE,Combination Non-Radar Approach Control & Tower w/o Radar,0,13,9,1,23,0,4,27,0,31,0,17,36,1,54,0,0,0,54
02/13/2006,TWF,ID,ANM,WE,Combination Non-Radar Approach Control & Tower w/o Radar,0,25,6,0,31,0,3,27,0,30,0,28,33,0,61,36,0,36,97
02/14/2006,TWF,ID,ANM,WE,Combination Non-Radar Approach Control & Tower w/o Radar,0,27,4,0,31,0,5,10,0,15,0,32,14,0,46,2,0,2,48
02/15/2006,TWF,ID,ANM,WE,Combination Non-Radar Approach Control & Tower w/o Radar,0,35,13,0,48,0,1,0,0,1,0,36,13,0,49,2,0,2,51
02/16/2006,TWF,ID,ANM,WE,Combination Non-Radar Approach Control & Tower w/o Radar,2,28,4,0,34,0,1,17,0,18,2,29,21,0,52,2,0,2,54
02/17/2006,TWF,ID,ANM,WE,Combination Non-Radar Approach Control & Tower w/o Radar,0,30,14,8,52,0,2,18,8,28,0,32,32,16,80,2,12,14,94
02/18/2006,TWF,ID,ANM,WE,Combination Non-Radar Approach Control & Tower w/o Radar,0,29,6,0,35,0,2,0,0,2,0,31,6,0,37,0,0,0,37
02/19/2006,TWF,ID,ANM,WE,Combination Non-Radar Approach Control & Tower w/o Radar,2,30,3,0,35,0,3,17,0,20,2,33,20,0,55,18,0,18,73
02/20/2006,TWF,ID,ANM,WE,Combination Non-Radar Approach Control & Tower w/o Radar,0,23,10,0,33,0,10,32,0,42,0,33,42,0,75,28,0,28,103
02/21/2006,TWF,ID,ANM,WE,Combination Non-Radar Approach Control & Tower w/o Radar,0,31,8,0,39,0,4,8,0,12,0,35,16,0,51,6,0,6,57
02/22/2006,TWF,ID,ANM,WE,Combination Non-Radar Approach Control & Tower w/o Radar,0,30,4,2,36,0,2,10,0,12,0,32,14,2,48,12,6,18,66
02/23/2006,TWF,ID,ANM,WE,Combination Non-Radar Approach Control & Tower w/o Radar,2,30,9,0,41,0,0,27,0,27,2,30,36,0,68,58,0,58,126
02/24/2006,TWF,ID,ANM,WE,Combination Non-Radar Approach Control & Tower w/o Radar,0,21,11,6,38,0,3,31,2,36,0,24,42,8,74,18,8,26,100
02/25/2006,TWF,ID,ANM,WE,Combination Non-Radar Approach Control & Tower w/o Radar,0,16,5,0,21,0,0,62,0,62,0,16,67,0,83,122,0,122,205
02/26/2006,TWF,ID,ANM,WE,Combination Non-Radar Approach Control & Tower w/o Radar,0,15,3,0,18,0,6,21,0,27,0,21,24,0,45,10,0,10,55
02/27/2006,TWF,ID,ANM,WE,Combination Non-Radar Approach Control & Tower w/o Radar,4,30,8,0,42,0,7,13,0,20,4,37,21,0,62,2,0,2,64
02/28/2006,TWF,ID,ANM,WE,Combination Non-Radar Approach Control & Tower w/o Radar,2,42,6,0,50,0,3,2,0,5,2,45,8,0,55,0,0,0,55
03/01/2006,TWF,ID,ANM,WE,Combination Non-Radar Approach Control & Tower w/o Radar,0,32,15,7,54,0,2,11,5,18,0,34,26,12,72,14,32,46,118
03/02/2006,TWF,ID,ANM,WE,Combination Non-Radar Approach Control & Tower w/o Radar,2,30,9,0,41,0,1,18,0,19,2,31,27,0,60,22,0,22,82
03/03/2006,TWF,ID,ANM,WE,Combination Non-Radar Approach Control & Tower w/o Radar,0,26,14,6,46,0,0,8,5,13,0,26,22,11,59,8,22,30,89
03/04/2006,TWF,ID,ANM,WE,Combination Non-Radar Approach Control & Tower w/o Radar,2,28,8,2,40,0,0,11,0,11,2,28,19,2,51,2,0,2,53
03/05/2006,TWF,ID,ANM,WE,Combination Non-Radar Approach Control & Tower w/o Radar,0,15,2,0,17,0,2,25,0,27,0,17,27,0,44,18,0,18,62
03/06/2006,TWF,ID,ANM,WE,Combination Non-Radar Approach Control & Tower w/o Radar,6,43,12,0,61,0,3,12,0,15,6,46,24,0,76,24,0,24,100
03/07/2006,TWF,ID,ANM,WE,Combination Non-Radar Approach Control & Tower w/o Radar,2,39,6,0,47,0,5,28,0,33,2,44,34,0,80,148,0,148,228
03/08/2006,TWF,ID,ANM,WE,Combination Non-Radar Approach Control & Tower w/o Radar,0,37,6,5,48,0,2,17,0,19,0,39,23,5,67,16,16,32,99
03/09/2006,TWF,ID,ANM,WE,Combination Non-Radar Approach Control & Tower w/o Radar,2,60,2,0,64,0,1,5,0,6,2,61,7,0,70,0,0,0,70
03/10/2006,TWF,ID,ANM,WE,Combination Non-Radar Approach Control & Tower w/o Radar,0,28,12,2,42,0,1,12,0,13,0,29,24,2,55,18,0,18,73
03/11/2006,TWF,ID,ANM,WE,Combination Non-Radar Approach Control & Tower w/o Radar,2,19,3,0,24,0,0,23,0,23,2,19,26,0,47,42,0,42,89
03/12/2006,TWF,ID,ANM,WE,Combination Non-Radar Approach Control & Tower w/o Radar,1,16,8,0,25,0,3,19,0,22,1,19,27,0,47,24,0,24,71
03/13/2006,TWF,ID,ANM,WE,Combination Non-Radar Approach Control & Tower w/o Radar,0,25,6,0,31,0,4,21,0,25,0,29,27,0,56,6,0,6,62
03/14/2006,TWF,ID,ANM,WE,Combination Non-Radar Approach Control & Tower w/o Radar,8,55,10,0,73,0,4,4,0,8,8,59,14,0,81,2,0,2,83
03/15/2006,TWF,ID,ANM,WE,Combination Non-Radar Approach Control & Tower w/o Radar,0,40,25,0,65,0,5,11,0,16,0,45,36,0,81,26,0,26,107
03/16/2006,TWF,ID,ANM,WE,Combination Non-Radar Approach Control & Tower w/o Radar,2,48,8,2,60,0,0,28,5,33,2,48,36,7,93,16,26,42,135
03/17/2006,TWF,ID,ANM,WE,Combination Non-Radar Approach Control & Tower w/o Radar,0,28,14,2,44,0,3,15,0,18,0,31,29,2,62,6,0,6,68
03/18/2006,TWF,ID,ANM,WE,Combination Non-Radar Approach Control & Tower w/o Radar,2,30,1,0,33,0,0,1,0,1,2,30,2,0,34,0,0,0,34
03/19/2006,TWF,ID,ANM,WE,Combination Non-Radar Approach Control & Tower w/o Radar,2,32,2,0,36,0,0,15,0,15,2,32,17,0,51,26,0,26,77
03/20/2006,TWF,ID,ANM,WE,Combination Non-Radar Approach Control & Tower w/o Radar,8,52,13,0,73,0,0,29,0,29,8,52,42,0,102,30,0,30,132
03/21/2006,TWF,ID,ANM,WE,Combination Non-Radar Approach Control & Tower w/o Radar,2,40,7,5,54,0,0,9,1,10,2,40,16,6,64,18,12,30,94
03/22/2006,TWF,ID,ANM,WE,Combination Non-Radar Approach Control & Tower w/o Radar,0,29,11,4,44,0,4,47,0,51,0,33,58,4,95,20,4,24,119
03/23/2006,TWF,ID,ANM,WE,Combination Non-Radar Approach Control & Tower w/o Radar,2,29,10,0,41,0,3,38,0,41,2,32,48,0,82,28,0,28,110
03/24/2006,TWF,ID,ANM,WE,Combination Non-Radar Approach Control & Tower w/o Radar,0,23,9,0,32,0,3,36,0,39,0,26,45,0,71,30,0,30,101
03/25/2006,TWF,ID,ANM,WE,Combination Non-Radar Approach Control & Tower w/o Radar,0,19,2,0,21,0,0,4,0,4,0,19,6,0,25,6,0,6,31
03/26/2006,TWF,ID,ANM,WE,Combination Non-Radar Approach Control & Tower w/o Radar,0,15,12,0,27,0,2,8,0,10,0,17,20,0,37,2,0,2,39
03/27/2006,TWF,ID,ANM,WE,Combination Non-Radar Approach Control & Tower w/o Radar,0,22,5,0,27,0,5,23,0,28,0,27,28,0,55,8,0,8,63
03/28/2006,TWF,ID,ANM,WE,Combination Non-Radar Approach Control & Tower w/o Radar,2,39,3,7,51,0,4,5,5,14,2,43,8,12,65,6,4,10,75
03/29/2006,TWF,ID,ANM,WE,Combination Non-Radar Approach Control & Tower w/o Radar,4,57,9,6,76,0,1,0,6,7,4,58,9,12,83,0,12,12,95
03/30/2006,TWF,ID,ANM,WE,Combination Non-Radar Approach Control & Tower w/o Radar,2,28,7,6,43,0,0,19,3,22,2,28,26,9,65,28,28,56,121
03/31/2006,TWF,ID,ANM,WE,Combination Non-Radar Approach Control & Tower w/o Radar,8,52,18,0,78,0,5,10,0,15,8,57,28,0,93,2,0,2,95
04/01/2006,TWF,ID,ANM,WE,Combination Non-Radar Approach Control & Tower w/o Radar,2,29,8,0,39,0,2,0,0,2,2,31,8,0,41,0,0,0,41
04/02/2006,TWF,ID,ANM,WE,Combination Non-Radar Approach Control & Tower w/o Radar,0,9,10,2,21,0,0,36,2,38,0,9,46,4,59,14,6,20,79
04/03/2006,TWF,ID,ANM,WE,Combination Non-Radar Approach Control & Tower w/o Radar,0,32,7,0,39,0,4,10,0,14,0,36,17,0,53,10,0,10,63
04/04/2006,TWF,ID,ANM,WE,Combination Non-Radar Approach Control & Tower w/o Radar,0,38,9,2,49,0,0,4,0,4,0,38,13,2,53,2,2,4,57
04/05/2006,TWF,ID,ANM,WE,Combination Non-Radar Approach Control & Tower w/o Radar,0,45,6,0,51,0,5,9,0,14,0,50,15,0,65,16,0,16,81
04/06/2006,TWF,ID,ANM,WE,Combination Non-Radar Approach Control & Tower w/o Radar,2,30,4,0,36,0,7,5,0,12,2,37,9,0,48,0,0,0,48
04/07/2006,TWF,ID,ANM,WE,Combination Non-Radar Approach Control & Tower w/o Radar,0,20,10,0,30,0,7,63,0,70,0,27,73,0,100,56,0,56,156
04/08/2006,TWF,ID,ANM,WE,Combination Non-Radar Approach Control & Tower w/o Radar,0,17,17,0,34,0,2,32,0,34,0,19,49,0,68,14,0,14,82
04/09/2006,TWF,ID,ANM,WE,Combination Non-Radar Approach Control & Tower w/o Radar,0,16,2,0,18,0,0,21,0,21,0,16,23,0,39,6,0,6,45
04/10/2006,TWF,ID,ANM,WE,Combination Non-Radar Approach Control & Tower w/o Radar,0,25,3,0,28,0,3,15,0,18,0,28,18,0,46,12,0,12,58
04/11/2006,TWF,ID,ANM,WE,Combination Non-Radar Approach Control & Tower w/o Radar,0,35,5,0,40,0,2,37,2,41,0,37,42,2,81,14,0,14,95
04/12/2006,TWF,ID,ANM,WE,Combination Non-Radar Approach Control & Tower w/o Radar,0,34,13,5,52,0,7,25,8,40,0,41,38,13,92,10,44,54,146
04/13/2006,TWF,ID,ANM,WE,Combination Non-Radar Approach Control & Tower w/o Radar,2,30,11,0,43,0,2,42,0,44,2,32,53,0,87,28,0,28,115
04/14/2006,TWF,ID,ANM,WE,Combination Non-Radar Approach Control & Tower w/o Radar,0,27,7,6,40,0,1,22,2,25,0,28,29,8,65,18,18,36,101
04/15/2006,TWF,ID,ANM,WE,Combination Non-Radar Approach Control & Tower w/o Radar,0,17,6,0,23,0,0,14,0,14,0,17,20,0,37,12,0,12,49
04/16/2006,TWF,ID,ANM,WE,Combination Non-Radar Approach Control & Tower w/o Radar,0,17,6,0,23,0,0,10,0,10,0,17,16,0,33,0,0,0,33
04/17/2006,TWF,ID,ANM,WE,Combination Non-Radar Approach Control & Tower w/o Radar,2,38,12,2,54,0,0,7,0,7,2,38,19,2,61,0,0,0,61
04/18/2006,TWF,ID,ANM,WE,Combination Non-Radar Approach Control & Tower w/o Radar,0,28,13,5,46,0,5,48,17,70,0,33,61,22,116,18,12,30,146
04/19/2006,TWF,ID,ANM,WE,Combination Non-Radar Approach Control & Tower w/o Radar,0,29,10,3,42,0,3,79,3,85,0,32,89,6,127,12,26,38,165
04/20/2006,TWF,ID,ANM,WE,Combination Non-Radar Approach Control & Tower w/o Radar,2,25,7,4,38,0,4,59,2,65,2,29,66,6,103,20,30,50,153
04/21/2006,TWF,ID,ANM,WE,Combination Non-Radar Approach Control & Tower w/o Radar,0,28,11,0,39,0,2,70,0,72,0,30,81,0,111,70,0,70,181
04/22/2006,TWF,ID,ANM,WE,Combination Non-Radar Approach Control & Tower w/o Radar,0,14,11,0,25,0,1,35,0,36,0,15,46,0,61,2,0,2,63
04/23/2006,TWF,ID,ANM,WE,Combination Non-Radar Approach Control & Tower w/o Radar,0,11,7,0,18,0,2,17,0,19,0,13,24,0,37,4,0,4,41
04/24/2006,TWF,ID,ANM,WE,Combination Non-Radar Approach Control & Tower w/o Radar,0,36,4,0,40,0,4,8,0,12,0,40,12,0,52,0,0,0,52
04/25/2006,TWF,ID,ANM,WE,Combination Non-Radar Approach Control & Tower w/o Radar,0,38,15,1,54,0,4,26,3,33,0,42,41,4,87,0,2,2,89
04/26/2006,TWF,ID,ANM,WE,Combination Non-Radar Approach Control & Tower w/o Radar,0,35,31,4,70,0,5,64,14,83,0,40,95,18,153,74,30,104,257
04/27/2006,TWF,ID,ANM,WE,Combination Non-Radar Approach Control & Tower w/o Radar,2,35,16,2,55,0,2,34,0,36,2,37,50,2,91,16,24,40,131
04/28/2006,TWF,ID,ANM,WE,Combination Non-Radar Approach Control & Tower w/o Radar,0,28,11,9,48,0,4,49,3,56,0,32,60,12,104,18,24,42,146
04/29/2006,TWF,ID,ANM,WE,Combination Non-Radar Approach Control & Tower w/o Radar,2,14,11,0,27,0,0,60,0,60,2,14,71,0,87,48,0,48,135
04/30/2006,TWF,ID,ANM,WE,Combination Non-Radar Approach Control & Tower w/o Radar,0,9,20,0,29,0,1,18,0,19,0,10,38,0,48,6,0,6,54
05/01/2006,TWF,ID,ANM,WE,Combination Non-Radar Approach Control & Tower w/o Radar,0,26,17,2,45,0,5,45,2,52,0,31,62,4,97,56,2,58,155
05/02/2006,TWF,ID,ANM,WE,Combination Non-Radar Approach Control & Tower w/o Radar,0,33,12,4,49,0,2,20,10,32,0,35,32,14,81,6,0,6,87
05/03/2006,TWF,ID,ANM,WE,Combination Non-Radar Approach Control & Tower w/o Radar,0,29,20,2,51,0,4,75,6,85,0,33,95,8,136,38,12,50,186
05/04/2006,TWF,ID,ANM,WE,Combination Non-Radar Approach Control & Tower w/o Radar,2,35,18,5,60,0,2,61,7,70,2,37,79,12,130,42,16,58,188
05/05/2006,TWF,ID,ANM,WE,Combination Non-Radar Approach Control & Tower w/o Radar,0,26,15,2,43,0,6,52,0,58,0,32,67,2,101,14,0,14,115
05/06/2006,TWF,ID,ANM,WE,Combination Non-Radar Approach Control & Tower w/o Radar,0,13,4,6,23,0,0,14,2,16,0,13,18,8,39,8,6,14,53
05/07/2006,TWF,ID,ANM,WE,Combination Non-Radar Approach Control & Tower w/o Radar,0,19,12,2,33,0,0,24,0,24,0,19,36,2,57,8,0,8,65
05/08/2006,TWF,ID,ANM,WE,Combination Non-Radar Approach Control & Tower w/o Radar,0,30,17,0,47,0,2,14,0,16,0,32,31,0,63,0,0,0,63
05/09/2006,TWF,ID,ANM,WE,Combination Non-Radar Approach Control & Tower w/o Radar,0,34,14,0,48,0,4,32,0,36,0,38,46,0,84,68,0,68,152
05/10/2006,TWF,ID,ANM,WE,Combination Non-Radar Approach Control & Tower w/o Radar,0,39,7,3,49,0,7,37,3,47,0,46,44,6,96,18,2,20,116
05/11/2006,TWF,ID,ANM,WE,Combination Non-Radar Approach Control & Tower w/o Radar,2,29,5,6,42,0,12,72,12,96,2,41,77,18,138,56,20,76,214
05/12/2006,TWF,ID,ANM,WE,Combination Non-Radar Approach Control & Tower w/o Radar,0,27,9,0,36,0,4,47,0,51,0,31,56,0,87,16,0,16,103
05/13/2006,TWF,ID,ANM,WE,Combination Non-Radar Approach Control & Tower w/o Radar,0,14,5,0,19,0,0,56,2,58,0,14,61,2,77,18,0,18,95
05/14/2006,TWF,ID,ANM,WE,Combination Non-Radar Approach Control & Tower w/o Radar,0,10,6,4,20,0,0,37,6,43,0,10,43,10,63,10,4,14,77
05/15/2006,TWF,ID,ANM,WE,Combination Non-Radar Approach Control & Tower w/o Radar,0,25,5,0,30,0,2,41,0,43,0,27,46,0,73,26,0,26,99
05/16/2006,TWF,ID,ANM,WE,Combination Non-Radar Approach Control & Tower w/o Radar,0,24,21,0,45,0,10,57,0,67,0,34,78,0,112,30,0,30,142
05/17/2006,TWF,ID,ANM,WE,Combination Non-Radar Approach Control & Tower w/o Radar,0,21,23,0,44,0,11,47,0,58,0,32,70,0,102,18,0,18,120
05/18/2006,TWF,ID,ANM,WE,Combination Non-Radar Approach Control & Tower w/o Radar,2,34,10,0,46,0,3,44,0,47,2,37,54,0,93,0,0,0,93
05/19/2006,TWF,ID,ANM,WE,Combination Non-Radar Approach Control & Tower w/o Radar,0,19,8,0,27,0,7,34,0,41,0,26,42,0,68,12,0,12,80
05/20/2006,TWF,ID,ANM,WE,Combination Non-Radar Approach Control & Tower w/o Radar,0,12,10,1,23,0,3,63,3,69,0,15,73,4,92,92,16,108,200
05/21/2006,TWF,ID,ANM,WE,Combination Non-Radar Approach Control & Tower w/o Radar,0,10,18,8,36,0,2,32,0,34,0,12,50,8,70,6,0,6,76
05/22/2006,TWF,ID,ANM,WE,Combination Non-Radar Approach Control & Tower w/o Radar,0,23,9,0,32,0,0,32,0,32,0,23,41,0,64,6,0,6,70
05/23/2006,TWF,ID,ANM,WE,Combination Non-Radar Approach Control & Tower w/o Radar,0,26,25,0,51,0,8,40,22,70,0,34,65,22,121,0,0,0,121
05/24/2006,TWF,ID,ANM,WE,Combination Non-Radar Approach Control & Tower w/o Radar,0,29,14,1,44,0,9,55,1,65,0,38,69,2,109,40,4,44,153
05/25/2006,TWF,ID,ANM,WE,Combination Non-Radar Approach Control & Tower w/o Radar,2,29,16,6,53,0,5,42,1,48,2,34,58,7,101,0,28,28,129
05/26/2006,TWF,ID,ANM,WE,Combination Non-Radar Approach Control & Tower w/o Radar,0,26,6,6,38,0,2,29,6,37,0,28,35,12,75,0,36,36,111
05/27/2006,TWF,ID,ANM,WE,Combination Non-Radar Approach Control & Tower w/o Radar,0,19,7,0,26,0,0,12,0,12,0,19,19,0,38,0,0,0,38
05/28/2006,TWF,ID,ANM,WE,Combination Non-Radar Approach Control & Tower w/o Radar,0,13,2,0,15,0,0,11,0,11,0,13,13,0,26,20,0,20,46
05/29/2006,TWF,ID,ANM,WE,Combination Non-Radar Approach Control & Tower w/o Radar,0,9,25,0,34,0,2,56,0,58,0,11,81,0,92,24,0,24,116
05/30/2006,TWF,ID,ANM,WE,Combination Non-Radar Approach Control & Tower w/o Radar,0,22,12,0,34,0,2,55,0,57,0,24,67,0,91,14,0,14,105
05/31/2006,TWF,ID,ANM,WE,Combination Non-Radar Approach Control & Tower w/o Radar,0,26,13,4,43,0,2,48,7,57,0,28,61,11,100,0,22,22,122
06/01/2006,TWF,ID,ANM,WE,Combination Non-Radar Approach Control & Tower w/o Radar,2,26,9,0,37,0,5,31,0,36,2,31,40,0,73,4,0,4,77
06/02/2006,TWF,ID,ANM,WE,Combination Non-Radar Approach Control & Tower w/o Radar,0,30,7,0,37,0,3,60,1,64,0,33,67,1,101,30,0,30,131
06/03/2006,TWF,ID,ANM,WE,Combination Non-Radar Approach Control & Tower w/o Radar,0,15,6,0,21,0,0,52,2,54,0,15,58,2,75,22,0,22,97
06/04/2006,TWF,ID,ANM,WE,Combination Non-Radar Approach Control & Tower w/o Radar,0,11,2,0,13,0,0,22,0,22,0,11,24,0,35,8,0,8,43
06/05/2006,TWF,ID,ANM,WE,Combination Non-Radar Approach Control & Tower w/o Radar,0,22,8,0,30,0,8,60,0,68,0,30,68,0,98,36,0,36,134
06/06/2006,TWF,ID,ANM,WE,Combination Non-Radar Approach Control & Tower w/o Radar,0,26,10,0,36,0,3,58,0,61,0,29,68,0,97,62,0,62,159
06/07/2006,TWF,ID,ANM,WE,Combination Non-Radar Approach Control & Tower w/o Radar,0,26,10,2,38,0,2,58,6,66,0,28,68,8,104,18,22,40,144
06/08/2006,TWF,ID,ANM,WE,Combination Non-Radar Approach Control & Tower w/o Radar,2,25,9,0,36,0,3,20,0,23,2,28,29,0,59,36,0,36,95
06/09/2006,TWF,ID,ANM,WE,Combination Non-Radar Approach Control & Tower w/o Radar,0,33,6,2,41,0,3,48,5,56,0,36,54,7,97,8,6,14,111
06/10/2006,TWF,ID,ANM,WE,Combination Non-Radar Approach Control & Tower w/o Radar,0,15,10,0,25,0,2,63,0,65,0,17,73,0,90,56,0,56,146
06/11/2006,TWF,ID,ANM,WE,Combination Non-Radar Approach Control & Tower w/o Radar,0,10,6,0,16,0,0,34,0,34,0,10,40,0,50,22,0,22,72
06/12/2006,TWF,ID,ANM,WE,Combination Non-Radar Approach Control & Tower w/o Radar,0,23,5,0,28,0,7,59,0,66,0,30,64,0,94,14,0,14,108
06/13/2006,TWF,ID,ANM,WE,Combination Non-Radar Approach Control & Tower w/o Radar,0,31,12,6,49,0,5,44,3,52,0,36,56,9,101,4,4,8,109
06/14/2006,TWF,ID,ANM,WE,Combination Non-Radar Approach Control & Tower w/o Radar,0,30,10,0,40,0,1,31,0,32,0,31,41,0,72,24,0,24,96
06/15/2006,TWF,ID,ANM,WE,Combination Non-Radar Approach Control & Tower w/o Radar,2,30,11,0,43,0,2,82,0,84,2,32,93,0,127,20,0,20,147
06/16/2006,TWF,ID,ANM,WE,Combination Non-Radar Approach Control & Tower w/o Radar,0,34,4,0,38,0,3,47,2,52,0,37,51,2,90,16,14,30,120
06/17/2006,TWF,ID,ANM,WE,Combination Non-Radar Approach Control & Tower w/o Radar,0,14,4,0,18,0,0,113,0,113,0,14,117,0,131,28,0,28,159
06/18/2006,TWF,ID,ANM,WE,Combination Non-Radar Approach Control & Tower w/o Radar,0,11,6,0,17,0,3,55,0,58,0,14,61,0,75,14,0,14,89
06/19/2006,TWF,ID,ANM,WE,Combination Non-Radar Approach Control & Tower w/o Radar,0,22,10,4,36,0,2,40,8,50,0,24,50,12,86,0,6,6,92
06/20/2006,TWF,ID,ANM,WE,Combination Non-Radar Approach Control & Tower w/o Radar,0,20,6,6,32,0,6,122,6,134,0,26,128,12,166,0,22,22,188
06/21/2006,TWF,ID,ANM,WE,Combination Non-Radar Approach Control & Tower w/o Radar,0,25,12,4,41,0,5,73,0,78,0,30,85,4,119,6,20,26,145
06/22/2006,TWF,ID,ANM,WE,Combination Non-Radar Approach Control & Tower w/o Radar,2,27,13,1,43,0,3,65,4,72,2,30,78,5,115,22,4,26,141
06/23/2006,TWF,ID,ANM,WE,Combination Non-Radar Approach Control & Tower w/o Radar,0,24,15,4,43,0,4,48,0,52,0,28,63,4,95,18,4,22,117
06/24/2006,TWF,ID,ANM,WE,Combination Non-Radar Approach Control & Tower w/o Radar,0,13,7,0,20,0,2,77,0,79,0,15,84,0,99,64,0,64,163
06/25/2006,TWF,ID,ANM,WE,Combination Non-Radar Approach Control & Tower w/o Radar,0,9,4,0,13,0,0,49,0,49,0,9,53,0,62,20,0,20,82
06/26/2006,TWF,ID,ANM,WE,Combination Non-Radar Approach Control & Tower w/o Radar,0,22,5,0,27,0,3,59,0,62,0,25,64,0,89,16,0,16,105
06/27/2006,TWF,ID,ANM,WE,Combination Non-Radar Approach Control & Tower w/o Radar,0,26,11,2,39,0,4,59,0,63,0,30,70,2,102,0,6,6,108
06/28/2006,TWF,ID,ANM,WE,Combination Non-Radar Approach Control & Tower w/o Radar,0,31,5,8,44,0,2,72,8,82,0,33,77,16,126,2,8,10,136
06/29/2006,TWF,ID,ANM,WE,Combination Non-Radar Approach Control & Tower w/o Radar,2,31,4,3,40,0,4,49,3,56,2,35,53,6,96,0,10,10,106
06/30/2006,TWF,ID,ANM,WE,Combination Non-Radar Approach Control & Tower w/o Radar,0,25,10,6,41,0,1,61,6,68,0,26,71,12,109,42,8,50,159
07/01/2006,TWF,ID,ANM,WE,Combination Non-Radar Approach Control & Tower w/o Radar,0,15,1,0,16,0,3,55,0,58,0,18,56,0,74,52,0,52,126
07/02/2006,TWF,ID,ANM,WE,Combination Non-Radar Approach Control & Tower w/o Radar,0,9,12,0,21,0,2,51,0,53,0,11,63,0,74,8,0,8,82
07/03/2006,TWF,ID,ANM,WE,Combination Non-Radar Approach Control & Tower w/o Radar,0,22,8,0,30,0,3,60,0,63,0,25,68,0,93,10,0,10,103
07/04/2006,TWF,ID,ANM,WE,Combination Non-Radar Approach Control & Tower w/o Radar,0,9,5,0,14,0,2,56,0,58,0,11,61,0,72,30,0,30,102
07/05/2006,TWF,ID,ANM,WE,Combination Non-Radar Approach Control & Tower w/o Radar,0,27,4,0,31,0,0,52,6,58,0,27,56,6,89,2,8,10,99
07/06/2006,TWF,ID,ANM,WE,Combination Non-Radar Approach Control & Tower w/o Radar,2,24,10,0,36,0,5,51,0,56,2,29,61,0,92,42,0,42,134
07/07/2006,TWF,ID,ANM,WE,Combination Non-Radar Approach Control & Tower w/o Radar,0,24,0,0,24,0,4,70,0,74,0,28,70,0,98,22,0,22,120
07/08/2006,TWF,ID,ANM,WE,Combination Non-Radar Approach Control & Tower w/o Radar,0,15,3,0,18,0,0,51,0,51,0,15,54,0,69,38,0,38,107
07/09/2006,TWF,ID,ANM,WE,Combination Non-Radar Approach Control & Tower w/o Radar,0,10,19,0,29,0,1,38,0,39,0,11,57,0,68,8,0,8,76
07/10/2006,TWF,ID,ANM,WE,Combination Non-Radar Approach Control & Tower w/o Radar,0,24,10,0,34,0,1,40,0,41,0,25,50,0,75,0,0,0,75
07/11/2006,TWF,ID,ANM,WE,Combination Non-Radar Approach Control & Tower w/o Radar,0,27,20,1,48,0,3,84,1,88,0,30,104,2,136,8,0,8,144
07/12/2006,TWF,ID,ANM,WE,Combination Non-Radar Approach Control & Tower w/o Radar,0,27,18,7,52,0,4,56,3,63,0,31,74,10,115,0,26,26,141
07/13/2006,TWF,ID,ANM,WE,Combination Non-Radar Approach Control & Tower w/o Radar,2,28,12,0,42,0,4,60,2,66,2,32,72,2,108,12,0,12,120
07/14/2006,TWF,ID,ANM,WE,Combination Non-Radar Approach Control & Tower w/o Radar,0,28,35,0,63,0,5,76,0,81,0,33,111,0,144,8,0,8,152
07/15/2006,TWF,ID,ANM,WE,Combination Non-Radar Approach Control & Tower w/o Radar,0,15,18,0,33,0,2,48,0,50,0,17,66,0,83,24,0,24,107
07/16/2006,TWF,ID,ANM,WE,Combination Non-Radar Approach Control & Tower w/o Radar,0,9,18,0,27,0,0,50,0,50,0,9,68,0,77,10,0,10,87
07/17/2006,TWF,ID,ANM,WE,Combination Non-Radar Approach Control & Tower w/o Radar,0,25,5,5,35,0,11,24,5,40,0,36,29,10,75,0,10,10,85
07/18/2006,TWF,ID,ANM,WE,Combination Non-Radar Approach Control & Tower w/o Radar,2,33,12,0,47,0,7,80,4,91,2,40,92,4,138,12,4,16,154
07/19/2006,TWF,ID,ANM,WE,Combination Non-Radar Approach Control & Tower w/o Radar,0,28,3,3,34,0,6,78,0,84,0,34,81,3,118,8,6,14,132
07/20/2006,TWF,ID,ANM,WE,Combination Non-Radar Approach Control & Tower w/o Radar,2,26,15,5,48,0,2,87,1,90,2,28,102,6,138,8,16,24,162
07/21/2006,TWF,ID,ANM,WE,Combination Non-Radar Approach Control & Tower w/o Radar,0,22,5,2,29,0,7,43,2,52,0,29,48,4,81,0,20,20,101
07/22/2006,TWF,ID,ANM,WE,Combination Non-Radar Approach Control & Tower w/o Radar,0,18,1,0,19,0,1,74,0,75,0,19,75,0,94,20,0,20,114
07/23/2006,TWF,ID,ANM,WE,Combination Non-Radar Approach Control & Tower w/o Radar,0,13,3,0,16,0,2,40,0,42,0,15,43,0,58,0,0,0,58
07/24/2006,TWF,ID,ANM,WE,Combination Non-Radar Approach Control & Tower w/o Radar,0,24,8,4,36,0,0,72,0,72,0,24,80,4,108,10,0,10,118
07/25/2006,TWF,ID,ANM,WE,Combination Non-Radar Approach Control & Tower w/o Radar,0,28,4,1,33,0,0,72,1,73,0,28,76,2,106,2,0,2,108
07/26/2006,TWF,ID,ANM,WE,Combination Non-Radar Approach Control & Tower w/o Radar,0,29,8,0,37,0,3,60,0,63,0,32,68,0,100,32,0,32,132
07/27/2006,TWF,ID,ANM,WE,Combination Non-Radar Approach Control & Tower w/o Radar,2,26,2,0,30,0,5,70,0,75,2,31,72,0,105,4,0,4,109
07/28/2006,TWF,ID,ANM,WE,Combination Non-Radar Approach Control & Tower w/o Radar,0,28,10,0,38,0,2,56,2,60,0,30,66,2,98,10,16,26,124
07/29/2006,TWF,ID,ANM,WE,Combination Non-Radar Approach Control & Tower w/o Radar,0,16,9,0,25,0,4,191,0,195,0,20,200,0,220,68,0,68,288
07/30/2006,TWF,ID,ANM,WE,Combination Non-Radar Approach Control & Tower w/o Radar,0,9,12,0,21,0,0,41,0,41,0,9,53,0,62,8,0,8,70
07/31/2006,TWF,ID,ANM,WE,Combination Non-Radar Approach Control & Tower w/o Radar,0,23,9,1,33,0,2,62,1,65,0,25,71,2,98,14,0,14,112
08/01/2006,TWF,ID,ANM,WE,Combination Non-Radar Approach Control & Tower w/o Radar,0,22,4,4,30,0,4,36,5,45,0,26,40,9,75,4,16,20,95
08/02/2006,TWF,ID,ANM,WE,Combination Non-Radar Approach Control & Tower w/o Radar,0,30,11,8,49,0,4,71,4,79,0,34,82,12,128,48,40,88,216
08/03/2006,TWF,ID,ANM,WE,Combination Non-Radar Approach Control & Tower w/o Radar,2,29,6,1,38,0,3,76,1,80,2,32,82,2,118,0,2,2,120
08/04/2006,TWF,ID,ANM,WE,Combination Non-Radar Approach Control & Tower w/o Radar,0,24,11,2,37,0,6,49,0,55,0,30,60,2,92,72,10,82,174
08/05/2006,TWF,ID,ANM,WE,Combination Non-Radar Approach Control & Tower w/o Radar,0,14,8,0,22,0,2,82,0,84,0,16,90,0,106,10,0,10,116
08/06/2006,TWF,ID,ANM,WE,Combination Non-Radar Approach Control & Tower w/o Radar,0,9,7,2,18,0,0,51,2,53,0,9,58,4,71,22,4,26,97
08/07/2006,TWF,ID,ANM,WE,Combination Non-Radar Approach Control & Tower w/o Radar,2,18,3,0,23,0,8,192,0,200,2,26,195,0,223,28,0,28,251
08/08/2006,TWF,ID,ANM,WE,Combination Non-Radar Approach Control & Tower w/o Radar,0,32,9,12,53,0,0,131,5,136,0,32,140,17,189,26,32,58,247
08/09/2006,TWF,ID,ANM,WE,Combination Non-Radar Approach Control & Tower w/o Radar,0,25,11,11,47,0,5,62,0,67,0,30,73,11,114,32,56,88,202
08/10/2006,TWF,ID,ANM,WE,Combination Non-Radar Approach Control & Tower w/o Radar,1,27,10,2,40,0,3,57,2,62,1,30,67,4,102,40,4,44,146
08/11/2006,TWF,ID,ANM,WE,Combination Non-Radar Approach Control & Tower w/o Radar,0,30,3,1,34,0,1,88,1,90,0,31,91,2,124,36,0,36,160
08/12/2006,TWF,ID,ANM,WE,Combination Non-Radar Approach Control & Tower w/o Radar,0,15,7,0,22,0,1,68,0,69,0,16,75,0,91,48,0,48,139
08/13/2006,TWF,ID,ANM,WE,Combination Non-Radar Approach Control & Tower w/o Radar,0,10,4,0,14,0,0,60,0,60,0,10,64,0,74,72,0,72,146
08/14/2006,TWF,ID,ANM,WE,Combination Non-Radar Approach Control & Tower w/o Radar,0,23,9,0,32,0,0,59,0,59,0,23,68,0,91,12,0,12,103
08/15/2006,TWF,ID,ANM,WE,Combination Non-Radar Approach Control & Tower w/o Radar,0,27,7,5,39,0,11,121,5,137,0,38,128,10,176,38,30,68,244
08/16/2006,TWF,ID,ANM,WE,Combination Non-Radar Approach Control & Tower w/o Radar,0,27,14,5,46,0,4,126,5,135,0,31,140,10,181,8,28,36,217
08/17/2006,TWF,ID,ANM,WE,Combination Non-Radar Approach Control & Tower w/o Radar,2,23,5,12,42,0,3,81,10,94,2,26,86,22,136,12,30,42,178
08/18/2006,TWF,ID,ANM,WE,Combination Non-Radar Approach Control & Tower w/o Radar,0,26,6,0,32,0,2,71,0,73,0,28,77,0,105,46,14,60,165
08/19/2006,TWF,ID,ANM,WE,Combination Non-Radar Approach Control & Tower w/o Radar,0,18,7,0,25,0,2,58,0,60,0,20,65,0,85,82,0,82,167
08/20/2006,TWF,ID,ANM,WE,Combination Non-Radar Approach Control & Tower w/o Radar,0,10,6,0,16,0,0,56,0,56,0,10,62,0,72,20,0,20,92
08/21/2006,TWF,ID,ANM,WE,Combination Non-Radar Approach Control & Tower w/o Radar,0,22,9,0,31,0,4,118,0,122,0,26,127,0,153,8,0,8,161
08/22/2006,TWF,ID,ANM,WE,Combination Non-Radar Approach Control & Tower w/o Radar,0,20,4,3,27,0,6,90,3,99,0,26,94,6,126,6,6,12,138
08/23/2006,TWF,ID,ANM,WE,Combination Non-Radar Approach Control & Tower w/o Radar,0,24,16,2,42,0,6,114,0,120,0,30,130,2,162,0,18,18,180
08/24/2006,TWF,ID,ANM,WE,Combination Non-Radar Approach Control & Tower w/o Radar,2,25,4,0,31,0,3,155,0,158,2,28,159,0,189,0,0,0,189
08/25/2006,TWF,ID,ANM,WE,Combination Non-Radar Approach Control & Tower w/o Radar,0,20,3,0,23,0,5,35,8,48,0,25,38,8,71,4,20,24,95
08/26/2006,TWF,ID,ANM,WE,Combination Non-Radar Approach Control & Tower w/o Radar,0,16,8,0,24,0,0,66,0,66,0,16,74,0,90,42,0,42,132
08/27/2006,TWF,ID,ANM,WE,Combination Non-Radar Approach Control & Tower w/o Radar,0,9,2,0,11,0,3,40,0,43,0,12,42,0,54,28,0,28,82
08/28/2006,TWF,ID,ANM,WE,Combination Non-Radar Approach Control & Tower w/o Radar,0,23,4,0,27,0,4,62,0,66,0,27,66,0,93,36,0,36,129
08/29/2006,TWF,ID,ANM,WE,Combination Non-Radar Approach Control & Tower w/o Radar,0,26,3,5,34,0,2,74,5,81,0,28,77,10,115,16,18,34,149
08/30/2006,TWF,ID,ANM,WE,Combination Non-Radar Approach Control & Tower w/o Radar,0,27,2,3,32,0,1,35,2,38,0,28,37,5,70,0,8,8,78
08/31/2006,TWF,ID,ANM,WE,Combination Non-Radar Approach Control & Tower w/o Radar,0,25,12,0,37,0,8,70,0,78,0,33,82,0,115,24,0,24,139
09/01/2006,TWF,ID,ANM,WE,Combination Non-Radar Approach Control & Tower w/o Radar,2,21,5,0,28,0,8,78,0,86,2,29,83,0,114,10,0,10,124
09/02/2006,TWF,ID,ANM,WE,Combination Non-Radar Approach Control & Tower w/o Radar,0,14,13,0,27,0,0,35,0,35,0,14,48,0,62,28,0,28,90
09/03/2006,TWF,ID,ANM,WE,Combination Non-Radar Approach Control & Tower w/o Radar,2,13,2,0,17,0,0,42,0,42,2,13,44,0,59,0,0,0,59
09/04/2006,TWF,ID,ANM,WE,Combination Non-Radar Approach Control & Tower w/o Radar,0,15,8,0,23,0,0,117,0,117,0,15,125,0,140,2,0,2,142
09/05/2006,TWF,ID,ANM,WE,Combination Non-Radar Approach Control & Tower w/o Radar,0,24,0,0,24,0,6,83,0,89,0,30,83,0,113,0,0,0,113
09/06/2006,TWF,ID,ANM,WE,Combination Non-Radar Approach Control & Tower w/o Radar,0,25,3,0,28,0,6,60,0,66,0,31,63,0,94,2,0,2,96
09/07/2006,TWF,ID,ANM,WE,Combination Non-Radar Approach Control & Tower w/o Radar,2,26,8,3,39,0,5,47,3,55,2,31,55,6,94,2,6,8,102
09/08/2006,TWF,ID,ANM,WE,Combination Non-Radar Approach Control & Tower w/o Radar,0,27,5,0,32,0,3,18,0,21,0,30,23,0,53,0,0,0,53
09/09/2006,TWF,ID,ANM,WE,Combination Non-Radar Approach Control & Tower w/o Radar,0,16,5,0,21,0,2,23,0,25,0,18,28,0,46,0,0,0,46
09/10/2006,TWF,ID,ANM,WE,Combination Non-Radar Approach Control & Tower w/o Radar,0,9,7,0,16,0,0,25,0,25,0,9,32,0,41,6,0,6,47
09/11/2006,TWF,ID,ANM,WE,Combination Non-Radar Approach Control & Tower w/o Radar,0,24,11,0,35,0,3,33,0,36,0,27,44,0,71,2,0,2,73
09/12/2006,TWF,ID,ANM,WE,Combination Non-Radar Approach Control & Tower w/o Radar,0,31,8,3,42,0,6,35,7,48,0,37,43,10,90,10,14,24,114
09/13/2006,TWF,ID,ANM,WE,Combination Non-Radar Approach Control & Tower w/o Radar,0,30,7,1,38,0,11,31,7,49,0,41,38,8,87,30,34,64,151
09/14/2006,TWF,ID,ANM,WE,Combination Non-Radar Approach Control & Tower w/o Radar,0,33,4,3,40,0,5,8,1,14,0,38,12,4,54,2,0,2,56
09/15/2006,TWF,ID,ANM,WE,Combination Non-Radar Approach Control & Tower w/o Radar,2,29,10,0,41,0,2,19,0,21,2,31,29,0,62,0,0,0,62
09/16/2006,TWF,ID,ANM,WE,Combination Non-Radar Approach Control & Tower w/o Radar,0,14,6,0,20,0,0,22,0,22,0,14,28,0,42,2,0,2,44
09/17/2006,TWF,ID,ANM,WE,Combination Non-Radar Approach Control & Tower w/o Radar,0,9,3,0,12,0,1,52,0,53,0,10,55,0,65,12,0,12,77
09/18/2006,TWF,ID,ANM,WE,Combination Non-Radar Approach Control & Tower w/o Radar,0,25,9,0,34,0,2,21,0,23,0,27,30,0,57,0,0,0,57
09/19/2006,TWF,ID,ANM,WE,Combination Non-Radar Approach Control & Tower w/o Radar,0,36,3,7,46,0,3,24,6,33,0,39,27,13,79,0,4,4,83
09/20/2006,TWF,ID,ANM,WE,Combination Non-Radar Approach Control & Tower w/o Radar,0,55,15,6,76,0,9,9,0,18,0,64,24,6,94,32,2,34,128
09/21/2006,TWF,ID,ANM,WE,Combination Non-Radar Approach Control & Tower w/o Radar,2,34,11,0,47,0,2,8,0,10,2,36,19,0,57,4,0,4,61
09/22/2006,TWF,ID,ANM,WE,Combination Non-Radar Approach Control & Tower w/o Radar,0,24,5,3,32,0,9,25,3,37,0,33,30,6,69,2,6,8,77
09/23/2006,TWF,ID,ANM,WE,Combination Non-Radar Approach Control & Tower w/o Radar,0,17,7,0,24,0,3,50,0,53,0,20,57,0,77,32,0,32,109
09/24/2006,TWF,ID,ANM,WE,Combination Non-Radar Approach Control & Tower w/o Radar,0,12,4,0,16,0,0,54,0,54,0,12,58,0,70,12,0,12,82
09/25/2006,TWF,ID,ANM,WE,Combination Non-Radar Approach Control & Tower w/o Radar,0,20,5,0,25,0,6,30,0,36,0,26,35,0,61,20,0,20,81
09/26/2006,TWF,ID,ANM,WE,Combination Non-Radar Approach Control & Tower w/o Radar,0,3,2,3,8,0,0,437,1,438,0,3,439,4,446,8,0,8,454
09/27/2006,TWF,ID,ANM,WE,Combination Non-Radar Approach Control & Tower w/o Radar,0,25,14,0,39,0,13,42,0,55,0,38,56,0,94,16,0,16,110
09/28/2006,TWF,ID,ANM,WE,Combination Non-Radar Approach Control & Tower w/o Radar,2,26,0,0,28,0,3,36,0,39,2,29,36,0,67,6,0,6,73
09/29/2006,TWF,ID,ANM,WE,Combination Non-Radar Approach Control & Tower w/o Radar,0,25,7,2,34,0,5,30,2,37,0,30,37,4,71,26,6,32,103
09/30/2006,TWF,ID,ANM,WE,Combination Non-Radar Approach Control & Tower w/o Radar,0,16,9,0,25,0,2,99,0,101,0,18,108,0,126,34,0,34,160
10/01/2006,TWF,ID,ANM,WE,Combination Non-Radar Approach Control & Tower w/o Radar,0,9,3,0,12,0,1,59,0,60,0,10,62,0,72,4,0,4,76
10/02/2006,TWF,ID,ANM,WE,Combination Non-Radar Approach Control & Tower w/o Radar,0,30,10,3,43,0,1,26,1,28,0,31,36,4,71,16,14,30,101
10/03/2006,TWF,ID,ANM,WE,Combination Non-Radar Approach Control & Tower w/o Radar,0,32,10,0,42,0,5,26,0,31,0,37,36,0,73,10,0,10,83
10/04/2006,TWF,ID,ANM,WE,Combination Non-Radar Approach Control & Tower w/o Radar,0,32,4,4,40,0,2,17,2,21,0,34,21,6,61,6,8,14,75
10/05/2006,TWF,ID,ANM,WE,Combination Non-Radar Approach Control & Tower w/o Radar,2,29,9,0,40,0,3,11,0,14,2,32,20,0,54,0,0,0,54
10/06/2006,TWF,ID,ANM,WE,Combination Non-Radar Approach Control & Tower w/o Radar,0,29,9,5,43,0,3,12,1,16,0,32,21,6,59,2,12,14,73
10/07/2006,TWF,ID,ANM,WE,Combination Non-Radar Approach Control & Tower w/o Radar,0,16,1,0,17,0,0,2,2,4,0,16,3,2,21,0,0,0,21
10/08/2006,TWF,ID,ANM,WE,Combination Non-Radar Approach Control & Tower w/o Radar,0,10,9,0,19,0,1,27,0,28,0,11,36,0,47,6,0,6,53
10/09/2006,TWF,ID,ANM,WE,Combination Non-Radar Approach Control & Tower w/o Radar,0,20,1,0,21,0,0,21,0,21,0,20,22,0,42,34,0,34,76
10/10/2006,TWF,ID,ANM,WE,Combination Non-Radar Approach Control & Tower w/o Radar,0,29,1,1,31,0,0,31,1,32,0,29,32,2,63,44,4,48,111
10/11/2006,TWF,ID,ANM,WE,Combination Non-Radar Approach Control & Tower w/o Radar,0,33,10,7,50,0,10,28,11,49,0,43,38,18,99,42,0,42,141
10/12/2006,TWF,ID,ANM,WE,Combination Non-Radar Approach Control & Tower w/o Radar,2,31,8,7,48,0,1,30,11,42,2,32,38,18,90,18,18,36,126
10/13/2006,TWF,ID,ANM,WE,Combination Non-Radar Approach Control & Tower w/o Radar,0,23,6,0,29,0,3,37,0,40,0,26,43,0,69,6,0,6,75
10/14/2006,TWF,ID,ANM,WE,Combination Non-Radar Approach Control & Tower w/o Radar,0,16,11,0,27,0,4,62,0,66,0,20,73,0,93,20,0,20,113
10/15/2006,TWF,ID,ANM,WE,Combination Non-Radar Approach Control & Tower w/o Radar,0,18,1,1,20,0,0,11,1,12,0,18,12,2,32,8,2,10,42
10/16/2006,TWF,ID,ANM,WE,Combination Non-Radar Approach Control & Tower w/o Radar,0,27,6,0,33,0,8,20,0,28,0,35,26,0,61,8,0,8,69
10/17/2006,TWF,ID,ANM,WE,Combination Non-Radar Approach Control & Tower w/o Radar,0,33,4,0,37,0,2,4,0,6,0,35,8,0,43,8,0,8,51
10/18/2006,TWF,ID,ANM,WE,Combination Non-Radar Approach Control & Tower w/o Radar,0,28,14,0,42,0,5,28,0,33,0,33,42,0,75,10,0,10,85
10/19/2006,TWF,ID,ANM,WE,Combination Non-Radar Approach Control & Tower w/o Radar,2,31,5,4,42,0,3,9,0,12,2,34,14,4,54,6,18,24,78
10/20/2006,TWF,ID,ANM,WE,Combination Non-Radar Approach Control & Tower w/o Radar,0,23,10,7,40,0,5,10,3,18,0,28,20,10,58,6,24,30,88
10/21/2006,TWF,ID,ANM,WE,Combination Non-Radar Approach Control & Tower w/o Radar,0,13,11,0,24,0,2,48,0,50,0,15,59,0,74,44,0,44,118
10/22/2006,TWF,ID,ANM,WE,Combination Non-Radar Approach Control & Tower w/o Radar,0,9,8,0,17,0,2,39,0,41,0,11,47,0,58,16,0,16,74
10/23/2006,TWF,ID,ANM,WE,Combination Non-Radar Approach Control & Tower w/o Radar,0,26,0,5,31,0,3,17,23,43,0,29,17,28,74,26,24,50,124
10/24/2006,TWF,ID,ANM,WE,Combination Non-Radar Approach Control & Tower w/o Radar,0,29,5,5,39,0,3,24,7,34,0,32,29,12,73,32,12,44,117
10/25/2006,TWF,ID,ANM,WE,Combination Non-Radar Approach Control & Tower w/o Radar,0,39,4,2,45,0,1,2,0,3,0,40,6,2,48,0,12,12,60
10/26/2006,TWF,ID,ANM,WE,Combination Non-Radar Approach Control & Tower w/o Radar,2,27,5,4,38,0,3,24,0,27,2,30,29,4,65,10,12,22,87
10/27/2006,TWF,ID,ANM,WE,Combination Non-Radar Approach Control & Tower w/o Radar,0,33,10,0,43,0,2,32,4,38,0,35,42,4,81,8,0,8,89
10/28/2006,TWF,ID,ANM,WE,Combination Non-Radar Approach Control & Tower w/o Radar,0,15,6,4,25,0,5,49,0,54,0,20,55,4,79,16,0,16,95
10/29/2006,TWF,ID,ANM,WE,Combination Non-Radar Approach Control & Tower w/o Radar,0,10,3,0,13,0,0,30,0,30,0,10,33,0,43,24,0,24,67
10/30/2006,TWF,ID,ANM,WE,Combination Non-Radar Approach Control & Tower w/o Radar,0,30,0,0,30,0,0,18,0,18,0,30,18,0,48,0,0,0,48
10/31/2006,TWF,ID,ANM,WE,Combination Non-Radar Approach Control & Tower w/o Radar,0,34,4,0,38,0,0,23,6,29,0,34,27,6,67,0,0,0,67
11/01/2006,TWF,ID,ANM,WE,Combination Non-Radar Approach Control & Tower w/o Radar,0,28,14,0,42,0,8,26,0,34,0,36,40,0,76,18,0,18,94
11/02/2006,TWF,ID,ANM,WE,Combination Non-Radar Approach Control & Tower w/o Radar,2,29,7,0,38,0,3,12,0,15,2,32,19,0,53,12,0,12,65
11/03/2006,TWF,ID,ANM,WE,Combination Non-Radar Approach Control & Tower w/o Radar,0,27,4,0,31,0,1,18,2,21,0,28,22,2,52,34,0,34,86
11/04/2006,TWF,ID,ANM,WE,Combination Non-Radar Approach Control & Tower w/o Radar,0,16,6,0,22,0,0,24,0,24,0,16,30,0,46,0,0,0,46
11/05/2006,TWF,ID,ANM,WE,Combination Non-Radar Approach Control & Tower w/o Radar,0,10,2,0,12,0,1,10,0,11,0,11,12,0,23,12,0,12,35
11/06/2006,TWF,ID,ANM,WE,Combination Non-Radar Approach Control & Tower w/o Radar,0,27,0,0,27,0,3,15,0,18,0,30,15,0,45,24,0,24,69
11/07/2006,TWF,ID,ANM,WE,Combination Non-Radar Approach Control & Tower w/o Radar,0,33,1,2,36,0,0,18,0,18,0,33,19,2,54,0,0,0,54
11/08/2006,TWF,ID,ANM,WE,Combination Non-Radar Approach Control & Tower w/o Radar,0,35,3,0,38,0,3,3,0,6,0,38,6,0,44,0,0,0,44
11/09/2006,TWF,ID,ANM,WE,Combination Non-Radar Approach Control & Tower w/o Radar,2,32,7,3,44,0,7,5,3,15,2,39,12,6,59,28,6,34,93
11/10/2006,TWF,ID,ANM,WE,Combination Non-Radar Approach Control & Tower w/o Radar,0,24,7,0,31,0,5,44,0,49,0,29,51,0,80,6,0,6,86
11/11/2006,TWF,ID,ANM,WE,Combination Non-Radar Approach Control & Tower w/o Radar,0,22,1,0,23,0,0,2,0,2,0,22,3,0,25,0,0,0,25
11/12/2006,TWF,ID,ANM,WE,Combination Non-Radar Approach Control & Tower w/o Radar,0,9,14,0,23,0,0,34,0,34,0,9,48,0,57,66,0,66,123
11/13/2006,TWF,ID,ANM,WE,Combination Non-Radar Approach Control & Tower w/o Radar,0,43,8,4,55,0,2,0,2,4,0,45,8,6,59,0,0,0,59
11/14/2006,TWF,ID,ANM,WE,Combination Non-Radar Approach Control & Tower w/o Radar,0,35,2,2,39,0,0,9,0,9,0,35,11,2,48,0,0,0,48
11/15/2006,TWF,ID,ANM,WE,Combination Non-Radar Approach Control & Tower w/o Radar,0,28,17,1,46,0,7,19,1,27,0,35,36,2,73,8,0,8,81
11/16/2006,TWF,ID,ANM,WE,Combination Non-Radar Approach Control & Tower w/o Radar,2,41,19,3,65,0,2,6,1,9,2,43,25,4,74,12,2,14,88
11/17/2006,TWF,ID,ANM,WE,Combination Non-Radar Approach Control & Tower w/o Radar,0,27,19,0,46,0,1,28,0,29,0,28,47,0,75,18,0,18,93
11/18/2006,TWF,ID,ANM,WE,Combination Non-Radar Approach Control & Tower w/o Radar,0,15,4,0,19,0,1,18,0,19,0,16,22,0,38,40,0,40,78
11/19/2006,TWF,ID,ANM,WE,Combination Non-Radar Approach Control & Tower w/o Radar,0,9,7,0,16,0,1,36,0,37,0,10,43,0,53,24,0,24,77
11/20/2006,TWF,ID,ANM,WE,Combination Non-Radar Approach Control & Tower w/o Radar,0,26,5,2,33,0,1,28,0,29,0,27,33,2,62,6,14,20,82
11/21/2006,TWF,ID,ANM,WE,Combination Non-Radar Approach Control & Tower w/o Radar,0,37,1,0,38,0,6,10,2,18,0,43,11,2,56,0,2,2,58
11/22/2006,TWF,ID,ANM,WE,Combination Non-Radar Approach Control & Tower w/o Radar,0,29,7,7,43,0,10,37,7,54,0,39,44,14,97,30,24,54,151
11/23/2006,TWF,ID,ANM,WE,Combination Non-Radar Approach Control & Tower w/o Radar,0,8,0,2,10,0,0,2,0,2,0,8,2,2,12,0,0,0,12
11/24/2006,TWF,ID,ANM,WE,Combination Non-Radar Approach Control & Tower w/o Radar,0,29,3,0,32,0,1,38,0,39,0,30,41,0,71,44,0,44,115
11/25/2006,TWF,ID,ANM,WE,Combination Non-Radar Approach Control & Tower w/o Radar,0,20,3,0,23,0,0,20,0,20,0,20,23,0,43,26,0,26,69
11/26/2006,TWF,ID,ANM,WE,Combination Non-Radar Approach Control & Tower w/o Radar,0,10,1,0,11,0,2,15,0,17,0,12,16,0,28,4,0,4,32
11/27/2006,TWF,ID,ANM,WE,Combination Non-Radar Approach Control & Tower w/o Radar,0,57,2,2,61,0,4,1,0,5,0,61,3,2,66,0,0,0,66
11/28/2006,TWF,ID,ANM,WE,Combination Non-Radar Approach Control & Tower w/o Radar,0,50,0,3,53,0,13,4,4,21,0,63,4,7,74,4,6,10,84
11/29/2006,TWF,ID,ANM,WE,Combination Non-Radar Approach Control & Tower w/o Radar,0,39,9,3,51,0,3,21,7,31,0,42,30,10,82,18,2,20,102
11/30/2006,TWF,ID,ANM,WE,Combination Non-Radar Approach Control & Tower w/o Radar,2,34,11,3,50,0,3,22,5,30,2,37,33,8,80,8,2,10,90
12/01/2006,TWF,ID,ANM,WE,Combination Non-Radar Approach Control & Tower w/o Radar,0,32,10,0,42,0,2,19,0,21,0,34,29,0,63,42,0,42,105
12/02/2006,TWF,ID,ANM,WE,Combination Non-Radar Approach Control & Tower w/o Radar,0,17,5,0,22,0,0,21,0,21,0,17,26,0,43,2,0,2,45
12/03/2006,TWF,ID,ANM,WE,Combination Non-Radar Approach Control & Tower w/o Radar,0,11,2,2,15,0,0,22,0,22,0,11,24,2,37,0,8,8,45
12/04/2006,TWF,ID,ANM,WE,Combination Non-Radar Approach Control & Tower w/o Radar,2,20,3,0,25,0,7,14,0,21,2,27,17,0,46,26,0,26,72
12/05/2006,TWF,ID,ANM,WE,Combination Non-Radar Approach Control & Tower w/o Radar,0,28,12,0,40,0,6,23,0,29,0,34,35,0,69,52,0,52,121
12/06/2006,TWF,ID,ANM,WE,Combination Non-Radar Approach Control & Tower w/o Radar,0,30,3,0,33,0,5,31,0,36,0,35,34,0,69,14,0,14,83
12/07/2006,TWF,ID,ANM,WE,Combination Non-Radar Approach Control & Tower w/o Radar,2,27,4,0,33,0,4,17,0,21,2,31,21,0,54,10,0,10,64
12/08/2006,TWF,ID,ANM,WE,Combination Non-Radar Approach Control & Tower w/o Radar,0,20,12,5,37,0,3,14,2,19,0,23,26,7,56,14,8,22,78
12/09/2006,TWF,ID,ANM,WE,Combination Non-Radar Approach Control & Tower w/o Radar,0,14,12,6,32,0,0,12,0,12,0,14,24,6,44,32,6,38,82
12/10/2006,TWF,ID,ANM,WE,Combination Non-Radar Approach Control & Tower w/o Radar,0,31,1,0,32,0,0,3,0,3,0,31,4,0,35,0,0,0,35
12/11/2006,TWF,ID,ANM,WE,Combination Non-Radar Approach Control & Tower w/o Radar,0,29,5,0,34,0,5,22,0,27,0,34,27,0,61,28,0,28,89
12/12/2006,TWF,ID,ANM,WE,Combination Non-Radar Approach Control & Tower w/o Radar,0,59,5,0,64,0,3,17,0,20,0,62,22,0,84,14,0,14,98
12/13/2006,TWF,ID,ANM,WE,Combination Non-Radar Approach Control & Tower w/o Radar,0,65,0,0,65,0,8,1,0,9,0,73,1,0,74,0,0,0,74
12/14/2006,TWF,ID,ANM,WE,Combination Non-Radar Approach Control & Tower w/o Radar,2,64,19,0,85,0,5,7,2,14,2,69,26,2,99,0,0,0,99
12/15/2006,TWF,ID,ANM,WE,Combination Non-Radar Approach Control & Tower w/o Radar,0,38,3,0,41,0,2,0,0,2,0,40,3,0,43,0,0,0,43
12/16/2006,TWF,ID,ANM,WE,Combination Non-Radar Approach Control & Tower w/o Radar,0,22,10,0,32,0,5,33,0,38,0,27,43,0,70,8,0,8,78
12/17/2006,TWF,ID,ANM,WE,Combination Non-Radar Approach Control & Tower w/o Radar,0,17,9,0,26,0,4,24,0,28,0,21,33,0,54,16,0,16,70
12/18/2006,TWF,ID,ANM,WE,Combination Non-Radar Approach Control & Tower w/o Radar,0,31,9,0,40,0,5,31,0,36,0,36,40,0,76,36,0,36,112
12/19/2006,TWF,ID,ANM,WE,Combination Non-Radar Approach Control & Tower w/o Radar,0,34,9,0,43,0,10,31,0,41,0,44,40,0,84,0,0,0,84
12/20/2006,TWF,ID,ANM,WE,Combination Non-Radar Approach Control & Tower w/o Radar,0,33,8,0,41,0,3,24,4,31,0,36,32,4,72,0,18,18,90
12/21/2006,TWF,ID,ANM,WE,Combination Non-Radar Approach Control & Tower w/o Radar,2,45,16,0,63,0,2,18,0,20,2,47,34,0,83,22,0,22,105
12/22/2006,TWF,ID,ANM,WE,Combination Non-Radar Approach Control & Tower w/o Radar,0,90,38,0,128,0,0,17,0,17,0,90,55,0,145,0,0,0,145
12/23/2006,TWF,ID,ANM,WE,Combination Non-Radar Approach Control & Tower w/o Radar,0,55,18,0,73,0,0,8,0,8,0,55,26,0,81,0,0,0,81
12/24/2006,TWF,ID,ANM,WE,Combination Non-Radar Approach Control & Tower w/o Radar,0,18,2,0,20,0,0,6,0,6,0,18,8,0,26,2,0,2,28
12/25/2006,TWF,ID,ANM,WE,Combination Non-Radar Approach Control & Tower w/o Radar,0,25,3,0,28,0,0,0,0,0,0,25,3,0,28,0,0,0,28
12/26/2006,TWF,ID,ANM,WE,Combination Non-Radar Approach Control & Tower w/o Radar,0,113,9,0,122,0,1,11,0,12,0,114,20,0,134,0,0,0,134
12/27/2006,TWF,ID,ANM,WE,Combination Non-Radar Approach Control & Tower w/o Radar,0,110,21,4,135,0,12,0,4,16,0,122,21,8,151,6,10,16,167
12/28/2006,TWF,ID,ANM,WE,Combination Non-Radar Approach Control & Tower w/o Radar,2,57,7,0,66,0,1,16,0,17,2,58,23,0,83,2,0,2,85
12/29/2006,TWF,ID,ANM,WE,Combination Non-Radar Approach Control & Tower w/o Radar,0,34,12,0,46,0,2,37,0,39,0,36,49,0,85,52,0,52,137
12/30/2006,TWF,ID,ANM,WE,Combination Non-Radar Approach Control & Tower w/o Radar,0,22,9,0,31,0,2,26,0,28,0,24,35,0,59,40,0,40,99
12/31/2006,TWF,ID,ANM,WE,Combination Non-Radar Approach Control & Tower w/o Radar,0,19,3,0,22,0,4,15,0,19,0,23,18,0,41,12,0,12,53
01/01/2007,TWF,ID,ANM,WE,Combination Non-Radar Approach Control & Tower w/o Radar,0,39,5,0,44,0,1,7,0,8,0,40,12,0,52,30,0,30,82
01/02/2007,TWF,ID,ANM,WE,Combination Non-Radar Approach Control & Tower w/o Radar,0,59,2,0,61,0,2,14,0,16,0,61,16,0,77,0,0,0,77
01/03/2007,TWF,ID,ANM,WE,Combination Non-Radar Approach Control & Tower w/o Radar,0,63,0,8,71,0,4,5,6,15,0,67,5,14,86,0,14,14,100
01/04/2007,TWF,ID,ANM,WE,Combination Non-Radar Approach Control & Tower w/o Radar,2,59,16,0,77,0,4,4,0,8,2,63,20,0,85,0,0,0,85
01/05/2007,TWF,ID,ANM,WE,Combination Non-Radar Approach Control & Tower w/o Radar,0,29,7,4,40,0,2,2,4,8,0,31,9,8,48,0,8,8,56
01/06/2007,TWF,ID,ANM,WE,Combination Non-Radar Approach Control & Tower w/o Radar,0,45,12,2,59,0,2,0,0,2,0,47,12,2,61,2,0,2,63
01/07/2007,TWF,ID,ANM,WE,Combination Non-Radar Approach Control & Tower w/o Radar,0,15,6,2,23,0,1,21,2,24,0,16,27,4,47,10,0,10,57
01/08/2007,TWF,ID,ANM,WE,Combination Non-Radar Approach Control & Tower w/o Radar,0,14,0,0,14,30,0,0,0,30,30,14,0,0,44,0,0,0,44
01/09/2007,TWF,ID,ANM,WE,Combination Non-Radar Approach Control & Tower w/o Radar,0,37,7,4,48,0,9,37,4,50,0,46,44,8,98,50,6,56,154
01/10/2007,TWF,ID,ANM,WE,Combination Non-Radar Approach Control & Tower w/o Radar,0,38,16,0,54,0,1,10,0,11,0,39,26,0,65,4,0,4,69
01/11/2007,TWF,ID,ANM,WE,Combination Non-Radar Approach Control & Tower w/o Radar,6,51,19,0,76,0,1,3,0,4,6,52,22,0,80,0,0,0,80
01/12/2007,TWF,ID,ANM,WE,Combination Non-Radar Approach Control & Tower w/o Radar,0,26,10,0,36,0,6,22,0,28,0,32,32,0,64,6,0,6,70
01/13/2007,TWF,ID,ANM,WE,Combination Non-Radar Approach Control & Tower w/o Radar,0,15,6,0,21,0,0,22,0,22,0,15,28,0,43,44,0,44,87
01/14/2007,TWF,ID,ANM,WE,Combination Non-Radar Approach Control & Tower w/o Radar,0,16,6,0,22,0,3,9,0,12,0,19,15,0,34,6,0,6,40
01/15/2007,TWF,ID,ANM,WE,Combination Non-Radar Approach Control & Tower w/o Radar,0,24,4,0,28,0,0,31,0,31,0,24,35,0,59,20,0,20,79
01/16/2007,TWF,ID,ANM,WE,Combination Non-Radar Approach Control & Tower w/o Radar,0,29,6,0,35,0,1,21,0,22,0,30,27,0,57,24,0,24,81
01/17/2007,TWF,ID,ANM,WE,Combination Non-Radar Approach Control & Tower w/o Radar,0,25,2,0,27,0,255,9,0,264,0,280,11,0,291,0,0,0,291
01/18/2007,TWF,ID,ANM,WE,Combination Non-Radar Approach Control & Tower w/o Radar,2,27,4,9,42,0,3,15,17,35,2,30,19,26,77,10,24,34,111
01/19/2007,TWF,ID,ANM,WE,Combination Non-Radar Approach Control & Tower w/o Radar,0,25,9,4,38,0,5,17,6,28,0,30,26,10,66,6,10,16,82
01/20/2007,TWF,ID,ANM,WE,Combination Non-Radar Approach Control & Tower w/o Radar,0,21,4,0,25,0,0,1,0,1,0,21,5,0,26,0,0,0,26
01/21/2007,TWF,ID,ANM,WE,Combination Non-Radar Approach Control & Tower w/o Radar,0,18,6,0,24,0,1,21,0,22,0,19,27,0,46,0,0,0,46
01/22/2007,TWF,ID,ANM,WE,Combination Non-Radar Approach Control & Tower w/o Radar,0,24,6,2,32,0,4,29,12,45,0,28,35,14,77,0,0,0,77
01/23/2007,TWF,ID,ANM,WE,Combination Non-Radar Approach Control & Tower w/o Radar,0,31,8,2,41,0,2,29,0,31,0,33,37,2,72,16,14,30,102
01/24/2007,TWF,ID,ANM,WE,Combination Non-Radar Approach Control & Tower w/o Radar,0,27,7,3,37,0,2,34,9,45,0,29,41,12,82,12,30,42,124
01/25/2007,TWF,ID,ANM,WE,Combination Non-Radar Approach Control & Tower w/o Radar,2,24,11,0,37,0,7,28,0,35,2,31,39,0,72,54,0,54,126
01/26/2007,TWF,ID,ANM,WE,Combination Non-Radar Approach Control & Tower w/o Radar,6,31,11,0,48,0,3,22,0,25,6,34,33,0,73,52,0,52,125
01/27/2007,TWF,ID,ANM,WE,Combination Non-Radar Approach Control & Tower w/o Radar,2,19,3,0,24,0,0,15,0,15,2,19,18,0,39,0,0,0,39
01/28/2007,TWF,ID,ANM,WE,Combination Non-Radar Approach Control & Tower w/o Radar,0,15,17,0,32,0,5,39,0,44,0,20,56,0,76,70,0,70,146
01/29/2007,TWF,ID,ANM,WE,Combination Non-Radar Approach Control & Tower w/o Radar,0,28,4,0,32,0,0,23,0,23,0,28,27,0,55,6,0,6,61
01/30/2007,TWF,ID,ANM,WE,Combination Non-Radar Approach Control & Tower w/o Radar,0,26,2,0,28,0,3,12,0,15,0,29,14,0,43,0,0,0,43
01/31/2007,TWF,ID,ANM,WE,Combination Non-Radar Approach Control & Tower w/o Radar,0,29,10,0,39,0,1,25,0,26,0,30,35,0,65,20,0,20,85
02/01/2007,TWF,ID,ANM,WE,Combination Non-Radar Approach Control & Tower w/o Radar,2,38,16,0,56,0,1,14,0,15,2,39,30,0,71,32,0,32,103
02/02/2007,TWF,ID,ANM,WE,Combination Non-Radar Approach Control & Tower w/o Radar,0,28,9,1,38,0,0,26,3,29,0,28,35,4,67,2,0,2,69
02/03/2007,TWF,ID,ANM,WE,Combination Non-Radar Approach Control & Tower w/o Radar,0,15,2,2,19,0,1,34,2,37,0,16,36,4,56,36,6,42,98
02/04/2007,TWF,ID,ANM,WE,Combination Non-Radar Approach Control & Tower w/o Radar,0,9,3,3,15,0,0,12,5,17,0,9,15,8,32,6,10,16,48
02/05/2007,TWF,ID,ANM,WE,Combination Non-Radar Approach Control & Tower w/o Radar,0,23,14,0,37,0,1,20,0,21,0,24,34,0,58,40,0,40,98
02/06/2007,TWF,ID,ANM,WE,Combination Non-Radar Approach Control & Tower w/o Radar,0,28,8,0,36,0,2,36,2,40,0,30,44,2,76,12,18,30,106
02/07/2007,TWF,ID,ANM,WE,Combination Non-Radar Approach Control & Tower w/o Radar,0,23,6,3,32,0,2,23,3,28,0,25,29,6,60,16,24,40,100
02/08/2007,TWF,ID,ANM,WE,Combination Non-Radar Approach Control & Tower w/o Radar,2,25,13,0,40,0,1,9,0,10,2,26,22,0,50,0,0,0,50
02/09/2007,TWF,ID,ANM,WE,Combination Non-Radar Approach Control & Tower w/o Radar,0,40,6,1,47,0,2,5,0,7,0,42,11,1,54,0,0,0,54
02/10/2007,TWF,ID,ANM,WE,Combination Non-Radar Approach Control & Tower w/o Radar,0,18,7,3,28,0,1,35,3,39,0,19,42,6,67,42,0,42,109
02/11/2007,TWF,ID,ANM,WE,Combination Non-Radar Approach Control & Tower w/o Radar,0,57,10,0,67,0,11,2,0,13,0,68,12,0,80,0,0,0,80
02/12/2007,TWF,ID,ANM,WE,Combination Non-Radar Approach Control & Tower w/o Radar,0,31,8,0,39,0,2,11,0,13,0,33,19,0,52,14,0,14,66
02/13/2007,TWF,ID,ANM,WE,Combination Non-Radar Approach Control & Tower w/o Radar,0,30,4,10,44,0,3,12,4,19,0,33,16,14,63,6,12,18,81
02/14/2007,TWF,ID,ANM,WE,Combination Non-Radar Approach Control & Tower w/o Radar,0,29,10,0,39,0,1,19,0,20,0,30,29,0,59,14,0,14,73
02/15/2007,TWF,ID,ANM,WE,Combination Non-Radar Approach Control & Tower w/o Radar,2,40,5,4,51,0,2,1,2,5,2,42,6,6,56,0,14,14,70
02/16/2007,TWF,ID,ANM,WE,Combination Non-Radar Approach Control & Tower w/o Radar,0,45,2,0,47,0,8,4,0,12,0,53,6,0,59,0,0,0,59
02/17/2007,TWF,ID,ANM,WE,Combination Non-Radar Approach Control & Tower w/o Radar,0,24,6,0,30,0,2,57,0,59,0,26,63,0,89,40,0,40,129
02/18/2007,TWF,ID,ANM,WE,Combination Non-Radar Approach Control & Tower w/o Radar,0,34,11,0,45,0,0,3,0,3,0,34,14,0,48,0,0,0,48
02/19/2007,TWF,ID,ANM,WE,Combination Non-Radar Approach Control & Tower w/o Radar,0,23,8,0,31,0,3,14,0,17,0,26,22,0,48,0,0,0,48
02/20/2007,TWF,ID,ANM,WE,Combination Non-Radar Approach Control & Tower w/o Radar,0,30,6,1,37,0,6,1,1,8,0,36,7,2,45,22,0,22,67
02/21/2007,TWF,ID,ANM,WE,Combination Non-Radar Approach Control & Tower w/o Radar,0,53,13,0,66,0,5,15,0,20,0,58,28,0,86,20,0,20,106
02/22/2007,TWF,ID,ANM,WE,Combination Non-Radar Approach Control & Tower w/o Radar,2,34,6,0,42,0,4,7,0,11,2,38,13,0,53,0,0,0,53
02/23/2007,TWF,ID,ANM,WE,Combination Non-Radar Approach Control & Tower w/o Radar,0,33,0,4,37,0,1,3,0,4,0,34,3,4,41,0,14,14,55
02/24/2007,TWF,ID,ANM,WE,Combination Non-Radar Approach Control & Tower w/o Radar,0,17,8,0,25,0,0,27,0,27,0,17,35,0,52,22,0,22,74
02/25/2007,TWF,ID,ANM,WE,Combination Non-Radar Approach Control & Tower w/o Radar,0,54,19,0,73,0,0,8,0,8,0,54,27,0,81,0,0,0,81
02/26/2007,TWF,ID,ANM,WE,Combination Non-Radar Approach Control & Tower w/o Radar,0,31,5,0,36,0,2,7,0,9,0,33,12,0,45,18,0,18,63
02/27/2007,TWF,ID,ANM,WE,Combination Non-Radar Approach Control & Tower w/o Radar,2,49,7,1,59,0,8,4,1,13,2,57,11,2,72,12,4,16,88
02/28/2007,TWF,ID,ANM,WE,Combination Non-Radar Approach Control & Tower w/o Radar,0,50,7,0,57,0,0,9,0,9,0,50,16,0,66,0,0,0,66
03/01/2007,TWF,ID,ANM,WE,Combination Non-Radar Approach Control & Tower w/o Radar,2,34,6,0,42,0,0,5,0,5,2,34,11,0,47,0,0,0,47
03/02/2007,TWF,ID,ANM,WE,Combination Non-Radar Approach Control & Tower w/o Radar,0,32,20,0,52,0,4,10,0,14,0,36,30,0,66,44,0,44,110
03/03/2007,TWF,ID,ANM,WE,Combination Non-Radar Approach Control & Tower w/o Radar,0,14,6,0,20,0,0,27,0,27,0,14,33,0,47,32,0,32,79
03/04/2007,TWF,ID,ANM,WE,Combination Non-Radar Approach Control & Tower w/o Radar,0,18,10,0,28,0,1,32,0,33,0,19,42,0,61,16,0,16,77
03/05/2007,TWF,ID,ANM,WE,Combination Non-Radar Approach Control & Tower w/o Radar,0,24,2,0,26,0,6,20,0,26,0,30,22,0,52,24,0,24,76
03/06/2007,TWF,ID,ANM,WE,Combination Non-Radar Approach Control & Tower w/o Radar,0,29,7,0,36,0,4,23,0,27,0,33,30,0,63,24,0,24,87
03/07/2007,TWF,ID,ANM,WE,Combination Non-Radar Approach Control & Tower w/o Radar,0,22,15,0,37,0,5,10,0,15,0,27,25,0,52,8,0,8,60
03/08/2007,TWF,ID,ANM,WE,Combination Non-Radar Approach Control & Tower w/o Radar,0,28,12,6,46,0,3,20,2,25,0,31,32,8,71,8,20,28,99
03/09/2007,TWF,ID,ANM,WE,Combination Non-Radar Approach Control & Tower w/o Radar,2,32,16,4,54,0,0,44,2,46,2,32,60,6,100,0,8,8,108
03/10/2007,TWF,ID,ANM,WE,Combination Non-Radar Approach Control & Tower w/o Radar,0,18,10,0,28,0,2,20,0,22,0,20,30,0,50,32,0,32,82
03/11/2007,TWF,ID,ANM,WE,Combination Non-Radar Approach Control & Tower w/o Radar,0,11,11,0,22,0,0,50,0,50,0,11,61,0,72,22,0,22,94
03/12/2007,TWF,ID,ANM,WE,Combination Non-Radar Approach Control & Tower w/o Radar,0,18,7,6,31,0,5,18,114,137,0,23,25,120,168,16,16,32,200
03/13/2007,TWF,ID,ANM,WE,Combination Non-Radar Approach Control & Tower w/o Radar,0,30,6,0,36,0,4,47,0,51,0,34,53,0,87,28,0,28,115
03/14/2007,TWF,ID,ANM,WE,Combination Non-Radar Approach Control & Tower w/o Radar,0,21,12,0,33,0,5,36,0,41,0,26,48,0,74,10,0,10,84
03/15/2007,TWF,ID,ANM,WE,Combination Non-Radar Approach Control & Tower w/o Radar,2,28,5,1,36,0,1,29,1,31,2,29,34,2,67,26,2,28,95
03/16/2007,TWF,ID,ANM,WE,Combination Non-Radar Approach Control & Tower w/o Radar,0,21,7,0,28,0,6,49,0,55,0,27,56,0,83,40,0,40,123
03/17/2007,TWF,ID,ANM,WE,Combination Non-Radar Approach Control & Tower w/o Radar,0,11,3,0,14,0,2,49,0,51,0,13,52,0,65,10,0,10,75
03/18/2007,TWF,ID,ANM,WE,Combination Non-Radar Approach Control & Tower w/o Radar,0,9,8,0,17,0,3,29,0,32,0,12,37,0,49,2,0,2,51
03/19/2007,TWF,ID,ANM,WE,Combination Non-Radar Approach Control & Tower w/o Radar,0,23,10,0,33,0,5,19,0,24,0,28,29,0,57,26,0,26,83
03/20/2007,TWF,ID,ANM,WE,Combination Non-Radar Approach Control & Tower w/o Radar,0,33,0,0,33,0,0,9,0,9,0,33,9,0,42,70,0,70,112
03/21/2007,TWF,ID,ANM,WE,Combination Non-Radar Approach Control & Tower w/o Radar,0,27,2,0,29,0,2,24,0,26,0,29,26,0,55,100,0,100,155
03/22/2007,TWF,ID,ANM,WE,Combination Non-Radar Approach Control & Tower w/o Radar,2,31,1,0,34,0,4,29,0,33,2,35,30,0,67,98,0,98,165
03/23/2007,TWF,ID,ANM,WE,Combination Non-Radar Approach Control & Tower w/o Radar,0,26,8,0,34,0,3,35,0,38,0,29,43,0,72,118,0,118,190
03/24/2007,TWF,ID,ANM,WE,Combination Non-Radar Approach Control & Tower w/o Radar,0,16,9,0,25,0,1,53,0,54,0,17,62,0,79,38,0,38,117
03/25/2007,TWF,ID,ANM,WE,Combination Non-Radar Approach Control & Tower w/o Radar,0,9,11,0,20,0,0,12,0,12,0,9,23,0,32,2,0,2,34
03/26/2007,TWF,ID,ANM,WE,Combination Non-Radar Approach Control & Tower w/o Radar,0,23,8,0,31,0,2,17,0,19,0,25,25,0,50,16,0,16,66
03/27/2007,TWF,ID,ANM,WE,Combination Non-Radar Approach Control & Tower w/o Radar,0,49,11,0,60,0,4,0,0,4,0,53,11,0,64,2,0,2,66
03/28/2007,TWF,ID,ANM,WE,Combination Non-Radar Approach Control & Tower w/o Radar,0,35,5,0,40,0,3,3,0,6,0,38,8,0,46,0,0,0,46
03/29/2007,TWF,ID,ANM,WE,Combination Non-Radar Approach Control & Tower w/o Radar,2,26,5,0,33,0,4,23,0,27,2,30,28,0,60,32,0,32,92
03/30/2007,TWF,ID,ANM,WE,Combination Non-Radar Approach Control & Tower w/o Radar,0,19,7,0,26,0,7,40,0,47,0,26,47,0,73,30,0,30,103
03/31/2007,TWF,ID,ANM,WE,Combination Non-Radar Approach Control & Tower w/o Radar,0,19,6,0,25,0,0,20,0,20,0,19,26,0,45,34,0,34,79
04/01/2007,TWF,ID,ANM,WE,Combination Non-Radar Approach Control & Tower w/o Radar,0,14,3,0,17,0,1,11,0,12,0,15,14,0,29,16,0,16,45
04/02/2007,TWF,ID,ANM,WE,Combination Non-Radar Approach Control & Tower w/o Radar,0,25,1,0,26,0,1,9,0,10,0,26,10,0,36,28,0,28,64
04/03/2007,TWF,ID,ANM,WE,Combination Non-Radar Approach Control & Tower w/o Radar,0,33,0,0,33,0,2,40,0,42,0,35,40,0,75,24,0,24,99
04/04/2007,TWF,ID,ANM,WE,Combination Non-Radar Approach Control & Tower w/o Radar,0,24,2,0,26,0,3,23,0,26,0,27,25,0,52,46,0,46,98
04/05/2007,TWF,ID,ANM,WE,Combination Non-Radar Approach Control & Tower w/o Radar,0,25,4,2,31,0,4,34,4,42,0,29,38,6,73,28,4,32,105
04/06/2007,TWF,ID,ANM,WE,Combination Non-Radar Approach Control & Tower w/o Radar,2,22,6,0,30,0,5,40,0,45,2,27,46,0,75,38,0,38,113
04/07/2007,TWF,ID,ANM,WE,Combination Non-Radar Approach Control & Tower w/o Radar,0,15,8,0,23,0,0,32,0,32,0,15,40,0,55,36,0,36,91
04/08/2007,TWF,ID,ANM,WE,Combination Non-Radar Approach Control & Tower w/o Radar,0,17,7,0,24,0,1,7,0,8,0,18,14,0,32,0,0,0,32
04/09/2007,TWF,ID,ANM,WE,Combination Non-Radar Approach Control & Tower w/o Radar,0,26,3,1,30,0,2,6,1,9,0,28,9,2,39,0,0,0,39
04/10/2007,TWF,ID,ANM,WE,Combination Non-Radar Approach Control & Tower w/o Radar,0,29,2,0,31,0,1,3,0,4,0,30,5,0,35,0,4,4,39
04/11/2007,TWF,ID,ANM,WE,Combination Non-Radar Approach Control & Tower w/o Radar,0,26,6,0,32,0,5,46,0,51,0,31,52,0,83,68,0,68,151
04/12/2007,TWF,ID,ANM,WE,Combination Non-Radar Approach Control & Tower w/o Radar,2,28,5,0,35,0,1,17,0,18,2,29,22,0,53,16,0,16,69
04/13/2007,TWF,ID,ANM,WE,Combination Non-Radar Approach Control & Tower w/o Radar,0,19,4,0,23,0,9,45,0,54,0,28,49,0,77,52,0,52,129
04/14/2007,TWF,ID,ANM,WE,Combination Non-Radar Approach Control & Tower w/o Radar,0,16,4,0,20,0,0,26,0,26,0,16,30,0,46,2,0,2,48
04/15/2007,TWF,ID,ANM,WE,Combination Non-Radar Approach Control & Tower w/o Radar,0,9,12,0,21,0,0,16,0,16,0,9,28,0,37,0,0,0,37
04/16/2007,TWF,ID,ANM,WE,Combination Non-Radar Approach Control & Tower w/o Radar,0,23,7,5,35,0,3,38,0,41,0,26,45,5,76,20,6,26,102
04/17/2007,TWF,ID,ANM,WE,Combination Non-Radar Approach Control & Tower w/o Radar,0,28,6,4,38,0,1,18,0,19,0,29,24,4,57,52,12,64,121
04/18/2007,TWF,ID,ANM,WE,Combination Non-Radar Approach Control & Tower w/o Radar,0,47,3,0,50,0,1,3,0,4,0,48,6,0,54,0,0,0,54
04/19/2007,TWF,ID,ANM,WE,Combination Non-Radar Approach Control & Tower w/o Radar,2,28,14,1,45,0,2,26,1,29,2,30,40,2,74,84,0,84,158
04/20/2007,TWF,ID,ANM,WE,Combination Non-Radar Approach Control & Tower w/o Radar,0,28,14,0,42,0,0,34,0,34,0,28,48,0,76,64,0,64,140
04/21/2007,TWF,ID,ANM,WE,Combination Non-Radar Approach Control & Tower w/o Radar,0,14,12,0,26,0,0,45,0,45,0,14,57,0,71,0,0,0,71
04/22/2007,TWF,ID,ANM,WE,Combination Non-Radar Approach Control & Tower w/o Radar,0,15,3,0,18,0,0,1,0,1,0,15,4,0,19,0,0,0,19
04/23/2007,TWF,ID,ANM,WE,Combination Non-Radar Approach Control & Tower w/o Radar,0,25,9,0,34,0,3,5,0,8,0,28,14,0,42,14,0,14,56
04/24/2007,TWF,ID,ANM,WE,Combination Non-Radar Approach Control & Tower w/o Radar,0,32,21,3,56,0,6,63,4,73,0,38,84,7,129,84,10,94,223
04/25/2007,TWF,ID,ANM,WE,Combination Non-Radar Approach Control & Tower w/o Radar,0,38,10,2,50,0,2,23,2,27,0,40,33,4,77,33,18,51,128
04/26/2007,TWF,ID,ANM,WE,Combination Non-Radar Approach Control & Tower w/o Radar,2,38,11,5,56,0,4,27,7,38,2,42,38,12,94,94,56,150,244
04/27/2007,TWF,ID,ANM,WE,Combination Non-Radar Approach Control & Tower w/o Radar,0,30,18,0,48,0,6,70,0,76,0,36,88,0,124,80,0,80,204
04/28/2007,TWF,ID,ANM,WE,Combination Non-Radar Approach Control & Tower w/o Radar,0,21,6,1,28,0,5,49,4,58,0,26,55,5,86,28,0,28,114
04/29/2007,TWF,ID,ANM,WE,Combination Non-Radar Approach Control & Tower w/o Radar,0,24,17,0,41,0,0,42,0,42,0,24,59,0,83,80,0,80,163
04/30/2007,TWF,ID,ANM,WE,Combination Non-Radar Approach Control & Tower w/o Radar,0,36,6,2,44,0,5,32,0,37,0,41,38,2,81,30,8,38,119
05/01/2007,TWF,ID,ANM,WE,Combination Non-Radar Approach Control & Tower w/o Radar,0,41,9,1,51,0,2,23,1,26,0,43,32,2,77,8,0,8,85
05/02/2007,TWF,ID,ANM,WE,Combination Non-Radar Approach Control & Tower w/o Radar,0,45,25,5,75,0,1,41,1,43,0,46,66,6,118,34,30,64,182
05/03/2007,TWF,ID,ANM,WE,Combination Non-Radar Approach Control & Tower w/o Radar,2,40,3,0,45,0,0,19,0,19,2,40,22,0,64,24,0,24,88
05/04/2007,TWF,ID,ANM,WE,Combination Non-Radar Approach Control & Tower w/o Radar,0,41,12,2,55,0,2,29,0,31,0,43,41,2,86,50,0,50,136
05/05/2007,TWF,ID,ANM,WE,Combination Non-Radar Approach Control & Tower w/o Radar,0,23,5,0,28,0,0,26,0,26,0,23,31,0,54,0,0,0,54
05/06/2007,TWF,ID,ANM,WE,Combination Non-Radar Approach Control & Tower w/o Radar,0,17,10,0,27,0,1,23,0,24,0,18,33,0,51,0,0,0,51
05/07/2007,TWF,ID,ANM,WE,Combination Non-Radar Approach Control & Tower w/o Radar,0,34,15,0,49,0,2,43,0,45,0,36,58,0,94,24,0,24,118
05/08/2007,TWF,ID,ANM,WE,Combination Non-Radar Approach Control & Tower w/o Radar,0,40,11,0,51,0,0,53,0,53,0,40,64,0,104,58,0,58,162
05/09/2007,TWF,ID,ANM,WE,Combination Non-Radar Approach Control & Tower w/o Radar,0,33,2,8,43,0,4,28,0,32,0,37,30,8,75,2,22,24,99
05/10/2007,TWF,ID,ANM,WE,Combination Non-Radar Approach Control & Tower w/o Radar,2,36,13,0,51,0,3,46,0,49,2,39,59,0,100,4,0,4,104
05/11/2007,TWF,ID,ANM,WE,Combination Non-Radar Approach Control & Tower w/o Radar,0,32,13,0,45,0,7,27,4,38,0,39,40,4,83,6,22,28,111
05/12/2007,TWF,ID,ANM,WE,Combination Non-Radar Approach Control & Tower w/o Radar,0,21,12,0,33,0,0,39,0,39,0,21,51,0,72,6,0,6,78
05/13/2007,TWF,ID,ANM,WE,Combination Non-Radar Approach Control & Tower w/o Radar,0,17,7,0,24,0,4,19,0,23,0,21,26,0,47,20,0,20,67
05/14/2007,TWF,ID,ANM,WE,Combination Non-Radar Approach Control & Tower w/o Radar,0,27,14,2,43,0,5,26,0,31,0,32,40,2,74,46,10,56,130
05/15/2007,TWF,ID,ANM,WE,Combination Non-Radar Approach Control & Tower w/o Radar,0,35,9,0,44,0,6,39,2,47,0,41,48,2,91,2,0,2,93
05/16/2007,TWF,ID,ANM,WE,Combination Non-Radar Approach Control & Tower w/o Radar,0,34,7,0,41,0,0,39,0,39,0,34,46,0,80,18,0,18,98
05/17/2007,TWF,ID,ANM,WE,Combination Non-Radar Approach Control & Tower w/o Radar,2,29,17,7,55,0,4,41,7,52,2,33,58,14,107,10,8,18,125
05/18/2007,TWF,ID,ANM,WE,Combination Non-Radar Approach Control & Tower w/o Radar,0,28,10,3,41,0,4,48,9,61,0,32,58,12,102,110,18,128,230
05/19/2007,TWF,ID,ANM,WE,Combination Non-Radar Approach Control & Tower w/o Radar,0,17,6,2,25,0,2,62,0,64,0,19,68,2,89,44,0,44,133
05/20/2007,TWF,ID,ANM,WE,Combination Non-Radar Approach Control & Tower w/o Radar,0,14,6,0,20,0,3,16,0,19,0,17,22,0,39,4,0,4,43
05/21/2007,TWF,ID,ANM,WE,Combination Non-Radar Approach Control & Tower w/o Radar,0,25,8,0,33,0,2,9,0,11,0,27,17,0,44,0,0,0,44
05/22/2007,TWF,ID,ANM,WE,Combination Non-Radar Approach Control & Tower w/o Radar,0,33,7,6,46,0,7,21,2,30,0,40,28,8,76,0,8,8,84
05/23/2007,TWF,ID,ANM,WE,Combination Non-Radar Approach Control & Tower w/o Radar,2,26,20,3,51,0,4,47,1,52,2,30,67,4,103,34,14,48,151
05/24/2007,TWF,ID,ANM,WE,Combination Non-Radar Approach Control & Tower w/o Radar,2,27,13,0,42,0,3,43,0,46,2,30,56,0,88,14,0,14,102
05/25/2007,TWF,ID,ANM,WE,Combination Non-Radar Approach Control & Tower w/o Radar,0,28,17,0,45,0,2,31,0,33,0,30,48,0,78,58,0,58,136
05/26/2007,TWF,ID,ANM,WE,Combination Non-Radar Approach Control & Tower w/o Radar,0,14,9,0,23,0,4,57,0,61,0,18,66,0,84,32,0,32,116
05/27/2007,TWF,ID,ANM,WE,Combination Non-Radar Approach Control & Tower w/o Radar,0,9,8,0,17,0,0,24,0,24,0,9,32,0,41,0,0,0,41
05/28/2007,TWF,ID,ANM,WE,Combination Non-Radar Approach Control & Tower w/o Radar,0,16,7,0,23,0,0,20,0,20,0,16,27,0,43,2,0,2,45
05/29/2007,TWF,ID,ANM,WE,Combination Non-Radar Approach Control & Tower w/o Radar,0,18,4,0,22,0,6,14,0,20,0,24,18,0,42,0,0,0,42
05/30/2007,TWF,ID,ANM,WE,Combination Non-Radar Approach Control & Tower w/o Radar,0,30,8,1,39,0,7,51,4,62,0,37,59,5,101,8,20,28,129
05/31/2007,TWF,ID,ANM,WE,Combination Non-Radar Approach Control & Tower w/o Radar,2,23,11,1,37,0,4,51,1,56,2,27,62,2,93,6,0,6,99
06/01/2007,TWF,ID,ANM,WE,Combination Non-Radar Approach Control & Tower w/o Radar,0,23,16,0,39,0,4,56,4,64,0,27,72,4,103,32,4,36,139
06/02/2007,TWF,ID,ANM,WE,Combination Non-Radar Approach Control & Tower w/o Radar,0,13,2,4,19,0,2,29,0,31,0,15,31,4,50,50,0,50,100
06/03/2007,TWF,ID,ANM,WE,Combination Non-Radar Approach Control & Tower w/o Radar,0,11,7,0,18,0,0,35,0,35,0,11,42,0,53,2,0,2,55
06/04/2007,TWF,ID,ANM,WE,Combination Non-Radar Approach Control & Tower w/o Radar,0,21,6,0,27,0,3,22,0,25,0,24,28,0,52,0,0,0,52
06/05/2007,TWF,ID,ANM,WE,Combination Non-Radar Approach Control & Tower w/o Radar,0,31,10,3,44,0,1,21,1,23,0,32,31,4,67,2,2,4,71
06/06/2007,TWF,ID,ANM,WE,Combination Non-Radar Approach Control & Tower w/o Radar,0,35,3,0,38,0,7,4,0,11,0,42,7,0,49,2,0,2,51
06/07/2007,TWF,ID,ANM,WE,Combination Non-Radar Approach Control & Tower w/o Radar,2,32,8,0,42,0,0,18,0,18,2,32,26,0,60,22,0,22,82
06/08/2007,TWF,ID,ANM,WE,Combination Non-Radar Approach Control & Tower w/o Radar,0,26,29,0,55,0,7,73,0,80,0,33,102,0,135,22,0,22,157
06/09/2007,TWF,ID,ANM,WE,Combination Non-Radar Approach Control & Tower w/o Radar,0,16,6,0,22,0,2,88,0,90,0,18,94,0,112,22,0,22,134
06/10/2007,TWF,ID,ANM,WE,Combination Non-Radar Approach Control & Tower w/o Radar,0,10,8,0,18,0,0,9,0,9,0,10,17,0,27,0,0,0,27
06/11/2007,TWF,ID,ANM,WE,Combination Non-Radar Approach Control & Tower w/o Radar,2,30,5,0,37,0,3,27,0,30,2,33,32,0,67,14,0,14,81
06/12/2007,TWF,ID,ANM,WE,Combination Non-Radar Approach Control & Tower w/o Radar,0,29,12,4,45,0,6,60,2,68,0,35,72,6,113,14,28,42,155
06/13/2007,TWF,ID,ANM,WE,Combination Non-Radar Approach Control & Tower w/o Radar,0,34,10,1,45,0,9,48,1,58,0,43,58,2,103,24,0,24,127
06/14/2007,TWF,ID,ANM,WE,Combination Non-Radar Approach Control & Tower w/o Radar,2,25,19,2,48,0,4,46,0,50,2,29,65,2,98,8,0,8,106
06/15/2007,TWF,ID,ANM,WE,Combination Non-Radar Approach Control & Tower w/o Radar,0,28,11,0,39,0,4,69,0,73,0,32,80,0,112,50,0,50,162
06/16/2007,TWF,ID,ANM,WE,Combination Non-Radar Approach Control & Tower w/o Radar,0,17,3,0,20,0,1,90,0,91,0,18,93,0,111,0,0,0,111
06/17/2007,TWF,ID,ANM,WE,Combination Non-Radar Approach Control & Tower w/o Radar,0,13,3,1,17,0,4,33,0,37,0,17,36,1,54,0,0,0,54
06/18/2007,TWF,ID,ANM,WE,Combination Non-Radar Approach Control & Tower w/o Radar,0,30,9,0,39,0,5,76,0,81,0,35,85,0,120,16,0,16,136
06/19/2007,TWF,ID,ANM,WE,Combination Non-Radar Approach Control & Tower w/o Radar,0,30,7,0,37,0,1,57,0,58,0,31,64,0,95,14,0,14,109
06/20/2007,TWF,ID,ANM,WE,Combination Non-Radar Approach Control & Tower w/o Radar,2,22,3,4,31,0,7,47,10,64,2,29,50,14,95,0,20,20,115
06/21/2007,TWF,ID,ANM,WE,Combination Non-Radar Approach Control & Tower w/o Radar,2,28,13,0,43,0,3,45,2,50,2,31,58,2,93,0,2,2,95
06/22/2007,TWF,ID,ANM,WE,Combination Non-Radar Approach Control & Tower w/o Radar,0,30,11,0,41,0,5,75,0,80,0,35,86,0,121,4,0,4,125
06/23/2007,TWF,ID,ANM,WE,Combination Non-Radar Approach Control & Tower w/o Radar,0,20,4,0,24,0,2,59,0,61,0,22,63,0,85,22,0,22,107
06/24/2007,TWF,ID,ANM,WE,Combination Non-Radar Approach Control & Tower w/o Radar,5,10,7,0,22,7,0,41,0,48,12,10,48,0,70,20,0,20,90
06/25/2007,TWF,ID,ANM,WE,Combination Non-Radar Approach Control & Tower w/o Radar,0,20,2,0,22,0,5,20,0,25,0,25,22,0,47,30,0,30,77
06/26/2007,TWF,ID,ANM,WE,Combination Non-Radar Approach Control & Tower w/o Radar,1,23,18,0,42,0,20,76,0,96,1,43,94,0,138,4,0,4,142
06/27/2007,TWF,ID,ANM,WE,Combination Non-Radar Approach Control & Tower w/o Radar,0,29,8,1,38,0,11,57,5,73,0,40,65,6,111,12,6,18,129
06/28/2007,TWF,ID,ANM,WE,Combination Non-Radar Approach Control & Tower w/o Radar,2,23,7,0,32,0,4,76,0,80,2,27,83,0,112,54,0,54,166
06/29/2007,TWF,ID,ANM,WE,Combination Non-Radar Approach Control & Tower w/o Radar,0,25,2,0,27,0,3,48,0,51,0,28,50,0,78,28,0,28,106
06/30/2007,TWF,ID,ANM,WE,Combination Non-Radar Approach Control & Tower w/o Radar,0,18,6,0,24,0,0,52,0,52,0,18,58,0,76,2,0,2,78
07/01/2007,TWF,ID,ANM,WE,Combination Non-Radar Approach Control & Tower w/o Radar,0,11,11,0,22,0,2,35,0,37,0,13,46,0,59,6,0,6,65
07/02/2007,TWF,ID,ANM,WE,Combination Non-Radar Approach Control & Tower w/o Radar,0,22,6,0,28,0,5,58,0,63,0,27,64,0,91,8,0,8,99
07/03/2007,TWF,ID,ANM,WE,Combination Non-Radar Approach Control & Tower w/o Radar,0,29,10,0,39,0,0,83,0,83,0,29,93,0,122,22,0,22,144
07/04/2007,TWF,ID,ANM,WE,Combination Non-Radar Approach Control & Tower w/o Radar,0,18,2,0,20,0,0,24,0,24,0,18,26,0,44,2,0,2,46
07/05/2007,TWF,ID,ANM,WE,Combination Non-Radar Approach Control & Tower w/o Radar,2,26,8,0,36,0,1,36,0,37,2,27,44,0,73,14,0,14,87
07/06/2007,TWF,ID,ANM,WE,Combination Non-Radar Approach Control & Tower w/o Radar,0,34,3,0,37,0,1,78,0,79,0,35,81,0,116,16,0,16,132
07/07/2007,TWF,ID,ANM,WE,Combination Non-Radar Approach Control & Tower w/o Radar,0,16,9,0,25,0,1,164,0,165,0,17,173,0,190,8,0,8,198
07/08/2007,TWF,ID,ANM,WE,Combination Non-Radar Approach Control & Tower w/o Radar,0,13,5,0,18,0,1,62,0,63,0,14,67,0,81,4,0,4,85
07/09/2007,TWF,ID,ANM,WE,Combination Non-Radar Approach Control & Tower w/o Radar,0,24,11,2,37,0,2,76,0,78,0,26,87,2,115,2,16,18,133
07/10/2007,TWF,ID,ANM,WE,Combination Non-Radar Approach Control & Tower w/o Radar,0,37,9,8,54,0,8,100,13,121,0,45,109,21,175,28,20,48,223
07/11/2007,TWF,ID,ANM,WE,Combination Non-Radar Approach Control & Tower w/o Radar,2,33,9,2,46,0,2,51,7,60,2,35,60,9,106,6,40,46,152
07/12/2007,TWF,ID,ANM,WE,Combination Non-Radar Approach Control & Tower w/o Radar,0,31,18,2,51,0,5,60,5,70,0,36,78,7,121,2,10,12,133
07/13/2007,TWF,ID,ANM,WE,Combination Non-Radar Approach Control & Tower w/o Radar,0,25,4,0,29,0,8,41,0,49,0,33,45,0,78,26,0,26,104
07/14/2007,TWF,ID,ANM,WE,Combination Non-Radar Approach Control & Tower w/o Radar,0,23,8,0,31,0,1,58,0,59,0,24,66,0,90,26,0,26,116
07/15/2007,TWF,ID,ANM,WE,Combination Non-Radar Approach Control & Tower w/o Radar,0,15,3,2,20,0,0,32,2,34,0,15,35,4,54,18,0,18,72
07/16/2007,TWF,ID,ANM,WE,Combination Non-Radar Approach Control & Tower w/o Radar,0,23,4,3,30,0,3,57,1,61,0,26,61,4,91,6,10,16,107
07/17/2007,TWF,ID,ANM,WE,Combination Non-Radar Approach Control & Tower w/o Radar,0,31,8,0,39,0,11,146,0,157,0,42,154,0,196,0,0,0,196
07/18/2007,TWF,ID,ANM,WE,Combination Non-Radar Approach Control & Tower w/o Radar,2,43,8,7,60,0,9,216,9,234,2,52,224,16,294,12,12,24,318
07/19/2007,TWF,ID,ANM,WE,Combination Non-Radar Approach Control & Tower w/o Radar,2,28,10,3,43,0,4,178,1,183,2,32,188,4,226,16,34,50,276
07/20/2007,TWF,ID,ANM,WE,Combination Non-Radar Approach Control & Tower w/o Radar,0,22,14,1,37,0,10,145,1,156,0,32,159,2,193,18,0,18,211
07/21/2007,TWF,ID,ANM,WE,Combination Non-Radar Approach Control & Tower w/o Radar,0,17,3,0,20,0,1,194,0,195,0,18,197,0,215,4,0,4,219
07/22/2007,TWF,ID,ANM,WE,Combination Non-Radar Approach Control & Tower w/o Radar,0,11,5,0,16,0,0,115,0,115,0,11,120,0,131,6,0,6,137
07/23/2007,TWF,ID,ANM,WE,Combination Non-Radar Approach Control & Tower w/o Radar,0,26,13,2,41,0,0,131,6,137,0,26,144,8,178,0,16,16,194
07/24/2007,TWF,ID,ANM,WE,Combination Non-Radar Approach Control & Tower w/o Radar,0,27,8,0,35,0,10,84,0,94,0,37,92,0,129,12,0,12,141
07/25/2007,TWF,ID,ANM,WE,Combination Non-Radar Approach Control & Tower w/o Radar,4,31,17,0,52,0,10,68,0,78,4,41,85,0,130,2,0,2,132
07/26/2007,TWF,ID,ANM,WE,Combination Non-Radar Approach Control & Tower w/o Radar,2,26,18,11,57,0,1,86,9,96,2,27,104,20,153,14,22,36,189
07/27/2007,TWF,ID,ANM,WE,Combination Non-Radar Approach Control & Tower w/o Radar,0,23,13,0,36,0,8,88,0,96,0,31,101,0,132,0,0,0,132
07/28/2007,TWF,ID,ANM,WE,Combination Non-Radar Approach Control & Tower w/o Radar,0,18,11,0,29,0,0,77,0,77,0,18,88,0,106,14,0,14,120
07/29/2007,TWF,ID,ANM,WE,Combination Non-Radar Approach Control & Tower w/o Radar,0,9,5,0,14,0,0,46,0,46,0,9,51,0,60,4,0,4,64
07/30/2007,TWF,ID,ANM,WE,Combination Non-Radar Approach Control & Tower w/o Radar,0,29,5,0,34,0,9,129,2,140,0,38,134,2,174,10,0,10,184
07/31/2007,TWF,ID,ANM,WE,Combination Non-Radar Approach Control & Tower w/o Radar,0,27,16,2,45,0,0,69,2,71,0,27,85,4,116,4,0,4,120
08/01/2007,TWF,ID,ANM,WE,Combination Non-Radar Approach Control & Tower w/o Radar,2,29,7,0,38,0,6,44,0,50,2,35,51,0,88,0,0,0,88
08/02/2007,TWF,ID,ANM,WE,Combination Non-Radar Approach Control & Tower w/o Radar,2,35,12,0,49,0,3,36,0,39,2,38,48,0,88,0,0,0,88
08/03/2007,TWF,ID,ANM,WE,Combination Non-Radar Approach Control & Tower w/o Radar,0,26,8,2,36,0,8,70,1,79,0,34,78,3,115,6,0,6,121
08/04/2007,TWF,ID,ANM,WE,Combination Non-Radar Approach Control & Tower w/o Radar,0,18,9,0,27,0,0,103,0,103,0,18,112,0,130,20,0,20,150
08/05/2007,TWF,ID,ANM,WE,Combination Non-Radar Approach Control & Tower w/o Radar,0,12,1,0,13,13,94,0,0,107,13,106,1,0,120,0,0,0,120
08/06/2007,TWF,ID,ANM,WE,Combination Non-Radar Approach Control & Tower w/o Radar,0,26,5,0,31,0,4,46,0,50,0,30,51,0,81,0,0,0,81
08/07/2007,TWF,ID,ANM,WE,Combination Non-Radar Approach Control & Tower w/o Radar,0,32,5,2,39,0,2,85,0,87,0,34,90,2,126,14,2,16,142
08/08/2007,TWF,ID,ANM,WE,Combination Non-Radar Approach Control & Tower w/o Radar,0,29,5,0,34,0,6,64,2,72,0,35,69,2,106,4,0,4,110
08/09/2007,TWF,ID,ANM,WE,Combination Non-Radar Approach Control & Tower w/o Radar,0,26,13,0,39,0,4,58,2,64,0,30,71,2,103,0,0,0,103
08/10/2007,TWF,ID,ANM,WE,Combination Non-Radar Approach Control & Tower w/o Radar,0,24,7,0,31,0,7,109,0,116,0,31,116,0,147,0,0,0,147
08/11/2007,TWF,ID,ANM,WE,Combination Non-Radar Approach Control & Tower w/o Radar,2,18,5,0,25,0,2,51,0,53,2,20,56,0,78,6,0,6,84
08/12/2007,TWF,ID,ANM,WE,Combination Non-Radar Approach Control & Tower w/o Radar,0,17,1,0,18,0,0,48,0,48,0,17,49,0,66,6,0,6,72
08/13/2007,TWF,ID,ANM,WE,Combination Non-Radar Approach Control & Tower w/o Radar,0,32,10,0,42,0,11,104,0,115,0,43,114,0,157,0,0,0,157
08/14/2007,TWF,ID,ANM,WE,Combination Non-Radar Approach Control & Tower w/o Radar,0,26,9,0,35,0,0,123,0,123,0,26,132,0,158,8,0,8,166
08/15/2007,TWF,ID,ANM,WE,Combination Non-Radar Approach Control & Tower w/o Radar,2,23,6,0,31,0,0,131,0,131,2,23,137,0,162,0,0,0,162
08/16/2007,TWF,ID,ANM,WE,Combination Non-Radar Approach Control & Tower w/o Radar,0,26,9,1,36,0,3,166,1,170,0,29,175,2,206,10,6,16,222
08/17/2007,TWF,ID,ANM,WE,Combination Non-Radar Approach Control & Tower w/o Radar,0,30,4,1,35,0,0,91,4,95,0,30,95,5,130,0,14,14,144
08/18/2007,TWF,ID,ANM,WE,Combination Non-Radar Approach Control & Tower w/o Radar,0,17,4,0,21,0,0,61,0,61,0,17,65,0,82,36,0,36,118
08/19/2007,TWF,ID,ANM,WE,Combination Non-Radar Approach Control & Tower w/o Radar,0,11,3,0,14,0,0,79,0,79,0,11,82,0,93,24,0,24,117
08/20/2007,TWF,ID,ANM,WE,Combination Non-Radar Approach Control & Tower w/o Radar,0,26,6,0,32,0,1,187,0,188,0,27,193,0,220,4,0,4,224
08/21/2007,TWF,ID,ANM,WE,Combination Non-Radar Approach Control & Tower w/o Radar,0,26,5,0,31,0,11,120,7,138,0,37,125,7,169,0,0,0,169
08/22/2007,TWF,ID,ANM,WE,Combination Non-Radar Approach Control & Tower w/o Radar,0,35,7,5,47,0,10,114,15,139,0,45,121,20,186,16,34,50,236
08/23/2007,TWF,ID,ANM,WE,Combination Non-Radar Approach Control & Tower w/o Radar,2,27,10,5,44,0,2,51,1,54,2,29,61,6,98,30,8,38,136
08/24/2007,TWF,ID,ANM,WE,Combination Non-Radar Approach Control & Tower w/o Radar,0,25,6,1,32,0,5,84,1,90,0,30,90,2,122,20,0,20,142
08/25/2007,TWF,ID,ANM,WE,Combination Non-Radar Approach Control & Tower w/o Radar,0,18,4,0,22,0,2,57,0,59,0,20,61,0,81,2,0,2,83
08/26/2007,TWF,ID,ANM,WE,Combination Non-Radar Approach Control & Tower w/o Radar,0,27,14,0,41,0,0,102,0,102,0,27,116,0,143,6,0,6,149
08/27/2007,TWF,ID,ANM,WE,Combination Non-Radar Approach Control & Tower w/o Radar,0,41,13,0,54,0,20,111,0,131,0,61,124,0,185,20,0,20,205
08/28/2007,TWF,ID,ANM,WE,Combination Non-Radar Approach Control & Tower w/o Radar,0,46,7,2,55,0,25,64,3,92,0,71,71,5,147,12,6,18,165
08/29/2007,TWF,ID,ANM,WE,Combination Non-Radar Approach Control & Tower w/o Radar,0,37,17,0,54,0,3,62,0,65,0,40,79,0,119,38,0,38,157
08/30/2007,TWF,ID,ANM,WE,Combination Non-Radar Approach Control & Tower w/o Radar,2,30,17,0,49,0,6,36,6,48,2,36,53,6,97,22,20,42,139
08/31/2007,TWF,ID,ANM,WE,Combination Non-Radar Approach Control & Tower w/o Radar,0,32,6,0,38,0,1,41,0,42,0,33,47,0,80,10,0,10,90
09/01/2007,TWF,ID,ANM,WE,Combination Non-Radar Approach Control & Tower w/o Radar,0,18,11,0,29,0,0,58,0,58,0,18,69,0,87,26,0,26,113
09/02/2007,TWF,ID,ANM,WE,Combination Non-Radar Approach Control & Tower w/o Radar,0,9,10,0,19,0,0,83,0,83,0,9,93,0,102,0,0,0,102
09/03/2007,TWF,ID,ANM,WE,Combination Non-Radar Approach Control & Tower w/o Radar,0,14,10,0,24,0,0,110,0,110,0,14,120,0,134,46,0,46,180
09/04/2007,TWF,ID,ANM,WE,Combination Non-Radar Approach Control & Tower w/o Radar,0,36,7,1,44,0,3,50,1,54,0,39,57,2,98,12,0,12,110
09/05/2007,TWF,ID,ANM,WE,Combination Non-Radar Approach Control & Tower w/o Radar,1,32,10,0,43,0,1,16,1,18,1,33,26,1,61,14,0,14,75
09/06/2007,TWF,ID,ANM,WE,Combination Non-Radar Approach Control & Tower w/o Radar,2,24,11,9,46,0,6,41,7,54,2,30,52,16,100,2,18,20,120
09/07/2007,TWF,ID,ANM,WE,Combination Non-Radar Approach Control & Tower w/o Radar,1,28,11,7,47,0,3,81,3,87,1,31,92,10,134,24,6,30,164
09/08/2007,TWF,ID,ANM,WE,Combination Non-Radar Approach Control & Tower w/o Radar,0,20,4,0,24,0,0,48,0,48,0,20,52,0,72,18,0,18,90
09/09/2007,TWF,ID,ANM,WE,Combination Non-Radar Approach Control & Tower w/o Radar,0,9,6,0,15,0,0,44,0,44,0,9,50,0,59,22,0,22,81
09/10/2007,TWF,ID,ANM,WE,Combination Non-Radar Approach Control & Tower w/o Radar,0,24,5,0,29,0,4,42,0,46,0,28,47,0,75,8,0,8,83
09/11/2007,TWF,ID,ANM,WE,Combination Non-Radar Approach Control & Tower w/o Radar,0,26,2,1,29,0,5,44,2,51,0,31,46,3,80,34,20,54,134
09/12/2007,TWF,ID,ANM,WE,Combination Non-Radar Approach Control & Tower w/o Radar,0,28,4,0,32,0,8,55,0,63,0,36,59,0,95,20,0,20,115
09/13/2007,TWF,ID,ANM,WE,Combination Non-Radar Approach Control & Tower w/o Radar,2,29,13,0,44,0,9,48,0,57,2,38,61,0,101,6,0,6,107
09/14/2007,TWF,ID,ANM,WE,Combination Non-Radar Approach Control & Tower w/o Radar,0,25,15,0,40,0,4,58,0,62,0,29,73,0,102,12,0,12,114
09/15/2007,TWF,ID,ANM,WE,Combination Non-Radar Approach Control & Tower w/o Radar,0,18,6,0,24,0,2,41,0,43,0,20,47,0,67,8,0,8,75
09/16/2007,TWF,ID,ANM,WE,Combination Non-Radar Approach Control & Tower w/o Radar,0,13,6,0,19,0,0,92,0,92,0,13,98,0,111,36,0,36,147
09/17/2007,TWF,ID,ANM,WE,Combination Non-Radar Approach Control & Tower w/o Radar,0,23,8,0,31,0,3,26,0,29,0,26,34,0,60,0,0,0,60
09/18/2007,TWF,ID,ANM,WE,Combination Non-Radar Approach Control & Tower w/o Radar,2,29,6,1,38,0,2,25,1,28,2,31,31,2,66,0,0,0,66
09/19/2007,TWF,ID,ANM,WE,Combination Non-Radar Approach Control & Tower w/o Radar,0,37,6,0,43,0,18,20,2,40,0,55,26,2,83,12,4,16,99
09/20/2007,TWF,ID,ANM,WE,Combination Non-Radar Approach Control & Tower w/o Radar,2,25,16,1,44,0,4,42,3,49,2,29,58,4,93,18,8,26,119
09/21/2007,TWF,ID,ANM,WE,Combination Non-Radar Approach Control & Tower w/o Radar,0,25,7,0,32,0,6,36,0,42,0,31,43,0,74,8,0,8,82
09/22/2007,TWF,ID,ANM,WE,Combination Non-Radar Approach Control & Tower w/o Radar,0,16,8,0,24,0,2,15,0,17,0,18,23,0,41,64,0,64,105
09/23/2007,TWF,ID,ANM,WE,Combination Non-Radar Approach Control & Tower w/o Radar,0,17,3,0,20,0,0,6,0,6,0,17,9,0,26,0,0,0,26
09/24/2007,TWF,ID,ANM,WE,Combination Non-Radar Approach Control & Tower w/o Radar,0,27,8,0,35,0,5,35,0,40,0,32,43,0,75,0,0,0,75
09/25/2007,TWF,ID,ANM,WE,Combination Non-Radar Approach Control & Tower w/o Radar,0,35,5,0,40,0,14,38,0,52,0,49,43,0,92,36,0,36,128
09/26/2007,TWF,ID,ANM,WE,Combination Non-Radar Approach Control & Tower w/o Radar,0,33,5,2,40,0,16,38,3,57,0,49,43,5,97,40,0,40,137
09/27/2007,TWF,ID,ANM,WE,Combination Non-Radar Approach Control & Tower w/o Radar,2,26,7,0,35,0,10,40,0,50,2,36,47,0,85,24,0,24,109
09/28/2007,TWF,ID,ANM,WE,Combination Non-Radar Approach Control & Tower w/o Radar,0,24,11,0,35,0,6,25,6,37,0,30,36,6,72,0,0,0,72
09/29/2007,TWF,ID,ANM,WE,Combination Non-Radar Approach Control & Tower w/o Radar,0,27,6,0,33,0,0,2,0,2,0,27,8,0,35,0,0,0,35
09/30/2007,TWF,ID,ANM,WE,Combination Non-Radar Approach Control & Tower w/o Radar,0,11,3,0,14,0,6,20,0,26,0,17,23,0,40,0,0,0,40
10/01/2007,TWF,ID,ANM,WE,Combination Non-Radar Approach Control & Tower w/o Radar,0,32,23,0,55,0,0,13,0,13,0,32,36,0,68,16,0,16,84
10/02/2007,TWF,ID,ANM,WE,Combination Non-Radar Approach Control & Tower w/o Radar,2,31,4,0,37,0,4,44,0,48,2,35,48,0,85,38,0,38,123
10/03/2007,TWF,ID,ANM,WE,Combination Non-Radar Approach Control & Tower w/o Radar,0,26,12,2,40,0,6,26,8,40,0,32,38,10,80,14,38,52,132
10/04/2007,TWF,ID,ANM,WE,Combination Non-Radar Approach Control & Tower w/o Radar,2,28,7,2,39,0,3,17,2,22,2,31,24,4,61,10,0,10,71
10/05/2007,TWF,ID,ANM,WE,Combination Non-Radar Approach Control & Tower w/o Radar,0,36,10,2,48,0,1,3,0,4,0,37,13,2,52,0,0,0,52
10/06/2007,TWF,ID,ANM,WE,Combination Non-Radar Approach Control & Tower w/o Radar,0,15,3,0,18,0,0,2,0,2,0,15,5,0,20,0,0,0,20
10/07/2007,TWF,ID,ANM,WE,Combination Non-Radar Approach Control & Tower w/o Radar,0,9,4,0,13,0,0,28,0,28,0,9,32,0,41,2,0,2,43
10/08/2007,TWF,ID,ANM,WE,Combination Non-Radar Approach Control & Tower w/o Radar,0,27,4,0,31,0,28,20,0,48,0,55,24,0,79,12,0,12,91
10/09/2007,TWF,ID,ANM,WE,Combination Non-Radar Approach Control & Tower w/o Radar,0,28,4,0,32,0,8,22,0,30,0,36,26,0,62,0,0,0,62
10/10/2007,TWF,ID,ANM,WE,Combination Non-Radar Approach Control & Tower w/o Radar,0,27,8,0,35,0,9,24,0,33,0,36,32,0,68,12,0,12,80
10/11/2007,TWF,ID,ANM,WE,Combination Non-Radar Approach Control & Tower w/o Radar,2,30,13,0,45,0,10,34,0,44,2,40,47,0,89,14,0,14,103
10/12/2007,TWF,ID,ANM,WE,Combination Non-Radar Approach Control & Tower w/o Radar,0,22,5,0,27,0,5,35,0,40,0,27,40,0,67,18,0,18,85
10/13/2007,TWF,ID,ANM,WE,Combination Non-Radar Approach Control & Tower w/o Radar,0,14,5,0,19,0,3,29,0,32,0,17,34,0,51,12,0,12,63
10/14/2007,TWF,ID,ANM,WE,Combination Non-Radar Approach Control & Tower w/o Radar,0,12,8,0,20,0,0,39,0,39,0,12,47,0,59,50,0,50,109
10/15/2007,TWF,ID,ANM,WE,Combination Non-Radar Approach Control & Tower w/o Radar,0,23,7,9,39,0,12,28,15,55,0,35,35,24,94,42,4,46,140
10/16/2007,TWF,ID,ANM,WE,Combination Non-Radar Approach Control & Tower w/o Radar,2,34,7,4,47,0,4,21,1,26,2,38,28,5,73,0,0,0,73
10/17/2007,TWF,ID,ANM,WE,Combination Non-Radar Approach Control & Tower w/o Radar,0,26,3,2,31,0,5,3,0,8,0,31,6,2,39,0,0,0,39
10/18/2007,TWF,ID,ANM,WE,Combination Non-Radar Approach Control & Tower w/o Radar,2,32,6,2,42,0,1,8,0,9,2,33,14,2,51,0,6,6,57
10/19/2007,TWF,ID,ANM,WE,Combination Non-Radar Approach Control & Tower w/o Radar,0,34,5,0,39,0,2,1,1,4,0,36,6,1,43,0,1,1,44
10/20/2007,TWF,ID,ANM,WE,Combination Non-Radar Approach Control & Tower w/o Radar,0,20,6,0,26,0,0,8,0,8,0,20,14,0,34,0,0,0,34
10/21/2007,TWF,ID,ANM,WE,Combination Non-Radar Approach Control & Tower w/o Radar,0,12,5,0,17,0,1,17,0,18,0,13,22,0,35,0,0,0,35
10/22/2007,TWF,ID,ANM,WE,Combination Non-Radar Approach Control & Tower w/o Radar,0,24,2,0,26,0,1,39,0,40,0,25,41,0,66,32,0,32,98
10/23/2007,TWF,ID,ANM,WE,Combination Non-Radar Approach Control & Tower w/o Radar,2,25,10,4,41,0,4,35,2,41,2,29,45,6,82,28,12,40,122
10/24/2007,TWF,ID,ANM,WE,Combination Non-Radar Approach Control & Tower w/o Radar,0,28,7,5,40,0,4,30,3,37,0,32,37,8,77,4,10,14,91
10/25/2007,TWF,ID,ANM,WE,Combination Non-Radar Approach Control & Tower w/o Radar,2,22,7,7,38,0,8,21,3,32,2,30,28,10,70,36,20,56,126
10/26/2007,TWF,ID,ANM,WE,Combination Non-Radar Approach Control & Tower w/o Radar,0,18,9,3,30,0,14,32,2,48,0,32,41,5,78,14,12,26,104
10/27/2007,TWF,ID,ANM,WE,Combination Non-Radar Approach Control & Tower w/o Radar,0,16,9,0,25,0,4,61,0,65,0,20,70,0,90,8,0,8,98
10/28/2007,TWF,ID,ANM,WE,Combination Non-Radar Approach Control & Tower w/o Radar,0,11,5,0,16,0,1,33,0,34,0,12,38,0,50,18,0,18,68
10/29/2007,TWF,ID,ANM,WE,Combination Non-Radar Approach Control & Tower w/o Radar,0,24,12,3,39,0,8,17,0,25,0,32,29,3,64,24,0,24,88
10/30/2007,TWF,ID,ANM,WE,Combination Non-Radar Approach Control & Tower w/o Radar,2,35,6,3,46,0,2,11,1,14,2,37,17,4,60,0,0,0,60
10/31/2007,TWF,ID,ANM,WE,Combination Non-Radar Approach Control & Tower w/o Radar,0,25,7,0,32,0,2,43,0,45,0,27,50,0,77,20,0,20,97
11/01/2007,TWF,ID,ANM,WE,Combination Non-Radar Approach Control & Tower w/o Radar,2,26,8,0,36,0,1,27,0,28,2,27,35,0,64,24,0,24,88
11/02/2007,TWF,ID,ANM,WE,Combination Non-Radar Approach Control & Tower w/o Radar,0,24,8,0,32,0,5,51,0,56,0,29,59,0,88,44,0,44,132
11/03/2007,TWF,ID,ANM,WE,Combination Non-Radar Approach Control & Tower w/o Radar,0,14,2,0,16,0,8,45,0,53,0,22,47,0,69,38,0,38,107
11/04/2007,TWF,ID,ANM,WE,Combination Non-Radar Approach Control & Tower w/o Radar,0,9,1,0,10,0,0,22,0,22,0,9,23,0,32,0,0,0,32
11/05/2007,TWF,ID,ANM,WE,Combination Non-Radar Approach Control & Tower w/o Radar,0,18,6,0,24,0,11,14,0,25,0,29,20,0,49,0,0,0,49
11/06/2007,TWF,ID,ANM,WE,Combination Non-Radar Approach Control & Tower w/o Radar,2,26,5,4,37,0,4,44,4,52,2,30,49,8,89,44,14,58,147
11/07/2007,TWF,ID,ANM,WE,Combination Non-Radar Approach Control & Tower w/o Radar,0,23,11,0,34,0,5,41,0,46,0,28,52,0,80,18,0,18,98
11/08/2007,TWF,ID,ANM,WE,Combination Non-Radar Approach Control & Tower w/o Radar,2,21,15,2,40,0,9,44,3,56,2,30,59,5,96,24,2,26,122
11/09/2007,TWF,ID,ANM,WE,Combination Non-Radar Approach Control & Tower w/o Radar,0,28,15,0,43,0,2,29,0,31,0,30,44,0,74,30,0,30,104
11/10/2007,TWF,ID,ANM,WE,Combination Non-Radar Approach Control & Tower w/o Radar,2,15,19,0,36,0,0,22,0,22,2,15,41,0,58,0,0,0,58
11/11/2007,TWF,ID,ANM,WE,Combination Non-Radar Approach Control & Tower w/o Radar,0,12,12,0,24,0,4,0,0,4,0,16,12,0,28,0,0,0,28
11/12/2007,TWF,ID,ANM,WE,Combination Non-Radar Approach Control & Tower w/o Radar,0,18,6,0,24,0,1,17,0,18,0,19,23,0,42,16,0,16,58
11/13/2007,TWF,ID,ANM,WE,Combination Non-Radar Approach Control & Tower w/o Radar,2,29,7,2,40,0,2,12,1,15,2,31,19,3,55,16,8,24,79
11/14/2007,TWF,ID,ANM,WE,Combination Non-Radar Approach Control & Tower w/o Radar,0,29,17,0,46,0,5,13,0,18,0,34,30,0,64,8,0,8,72
11/15/2007,TWF,ID,ANM,WE,Combination Non-Radar Approach Control & Tower w/o Radar,2,22,7,3,34,0,7,24,8,39,2,29,31,11,73,0,4,4,77
11/16/2007,TWF,ID,ANM,WE,Combination Non-Radar Approach Control & Tower w/o Radar,5,30,4,3,42,0,0,21,3,24,5,30,25,6,66,6,0,6,72
11/17/2007,TWF,ID,ANM,WE,Combination Non-Radar Approach Control & Tower w/o Radar,0,28,8,0,36,0,1,18,0,19,0,29,26,0,55,30,0,30,85
11/18/2007,TWF,ID,ANM,WE,Combination Non-Radar Approach Control & Tower w/o Radar,0,11,4,0,15,0,1,20,0,21,0,12,24,0,36,28,0,28,64
11/19/2007,TWF,ID,ANM,WE,Combination Non-Radar Approach Control & Tower w/o Radar,0,24,4,7,35,0,2,4,1,7,0,26,8,8,42,0,30,30,72
11/20/2007,TWF,ID,ANM,WE,Combination Non-Radar Approach Control & Tower w/o Radar,2,28,1,2,33,0,0,10,0,10,2,28,11,2,43,12,4,16,59
11/21/2007,TWF,ID,ANM,WE,Combination Non-Radar Approach Control & Tower w/o Radar,0,28,5,10,43,0,2,35,0,37,0,30,40,10,80,32,30,62,142
11/22/2007,TWF,ID,ANM,WE,Combination Non-Radar Approach Control & Tower w/o Radar,0,8,1,0,9,0,0,12,0,12,0,8,13,0,21,4,0,4,25
11/23/2007,TWF,ID,ANM,WE,Combination Non-Radar Approach Control & Tower w/o Radar,0,28,0,0,28,0,2,25,0,27,0,30,25,0,55,14,0,14,69
11/24/2007,TWF,ID,ANM,WE,Combination Non-Radar Approach Control & Tower w/o Radar,0,20,13,0,33,0,0,48,0,48,0,20,61,0,81,38,0,38,119
11/25/2007,TWF,ID,ANM,WE,Combination Non-Radar Approach Control & Tower w/o Radar,0,10,3,0,13,0,0,13,0,13,0,10,16,0,26,14,0,14,40
11/26/2007,TWF,ID,ANM,WE,Combination Non-Radar Approach Control & Tower w/o Radar,0,21,6,2,29,0,6,14,2,22,0,27,20,4,51,4,4,8,59
11/27/2007,TWF,ID,ANM,WE,Combination Non-Radar Approach Control & Tower w/o Radar,2,34,7,1,44,0,0,12,1,13,2,34,19,2,57,8,4,12,69
11/28/2007,TWF,ID,ANM,WE,Combination Non-Radar Approach Control & Tower w/o Radar,0,32,14,0,46,0,0,37,2,39,0,32,51,2,85,4,2,6,91
11/29/2007,TWF,ID,ANM,WE,Combination Non-Radar Approach Control & Tower w/o Radar,2,30,13,2,47,0,1,14,0,15,2,31,27,2,62,24,0,24,86
11/30/2007,TWF,ID,ANM,WE,Combination Non-Radar Approach Control & Tower w/o Radar,0,31,8,0,39,0,2,23,0,25,0,33,31,0,64,30,0,30,94
12/01/2007,TWF,ID,ANM,WE,Combination Non-Radar Approach Control & Tower w/o Radar,0,19,5,0,24,0,0,10,0,10,0,19,15,0,34,0,0,0,34
12/02/2007,TWF,ID,ANM,WE,Combination Non-Radar Approach Control & Tower w/o Radar,0,13,9,0,22,0,0,14,0,14,0,13,23,0,36,2,0,2,38
12/03/2007,TWF,ID,ANM,WE,Combination Non-Radar Approach Control & Tower w/o Radar,0,38,8,0,46,0,11,7,0,18,0,49,15,0,64,12,0,12,76
12/04/2007,TWF,ID,ANM,WE,Combination Non-Radar Approach Control & Tower w/o Radar,2,26,4,0,32,0,3,10,0,13,2,29,14,0,45,4,0,4,49
12/05/2007,TWF,ID,ANM,WE,Combination Non-Radar Approach Control & Tower w/o Radar,0,19,5,2,26,0,4,14,0,18,0,23,19,2,44,14,15,29,73
12/06/2007,TWF,ID,ANM,WE,Combination Non-Radar Approach Control & Tower w/o Radar,2,23,1,1,27,0,0,17,3,20,2,23,18,4,47,2,30,32,79
12/07/2007,TWF,ID,ANM,WE,Combination Non-Radar Approach Control & Tower w/o Radar,0,34,4,0,38,0,0,4,0,4,0,34,8,0,42,0,0,0,42
12/08/2007,TWF,ID,ANM,WE,Combination Non-Radar Approach Control & Tower w/o Radar,0,28,3,0,31,0,2,1,0,3,0,30,4,0,34,0,0,0,34
12/09/2007,TWF,ID,ANM,WE,Combination Non-Radar Approach Control & Tower w/o Radar,0,31,9,0,40,0,3,34,0,37,0,34,43,0,77,54,0,54,131
12/10/2007,TWF,ID,ANM,WE,Combination Non-Radar Approach Control & Tower w/o Radar,0,40,5,0,45,0,0,3,0,3,0,40,8,0,48,0,0,0,48
12/11/2007,TWF,ID,ANM,WE,Combination Non-Radar Approach Control & Tower w/o Radar,2,41,10,2,55,0,1,19,4,24,2,42,29,6,79,6,0,6,85
12/12/2007,TWF,ID,ANM,WE,Combination Non-Radar Approach Control & Tower w/o Radar,0,31,10,6,47,0,4,11,4,19,0,35,21,10,66,0,2,2,68
12/13/2007,TWF,ID,ANM,WE,Combination Non-Radar Approach Control & Tower w/o Radar,2,37,9,0,48,0,5,13,2,20,2,42,22,2,68,0,0,0,68
12/14/2007,TWF,ID,ANM,WE,Combination Non-Radar Approach Control & Tower w/o Radar,0,32,9,3,44,0,0,9,1,10,0,32,18,4,54,0,0,0,54
12/15/2007,TWF,ID,ANM,WE,Combination Non-Radar Approach Control & Tower w/o Radar,0,16,17,0,33,0,1,24,0,25,0,17,41,0,58,42,0,42,100
12/16/2007,TWF,ID,ANM,WE,Combination Non-Radar Approach Control & Tower w/o Radar,0,9,12,0,21,0,0,23,0,23,0,9,35,0,44,22,0,22,66
12/17/2007,TWF,ID,ANM,WE,Combination Non-Radar Approach Control & Tower w/o Radar,0,41,11,0,52,0,3,8,0,11,0,44,19,0,63,0,0,0,63
12/18/2007,TWF,ID,ANM,WE,Combination Non-Radar Approach Control & Tower w/o Radar,2,43,13,7,65,0,2,14,5,21,2,45,27,12,86,0,34,34,120
12/19/2007,TWF,ID,ANM,WE,Combination Non-Radar Approach Control & Tower w/o Radar,0,87,7,4,98,0,0,13,4,17,0,87,20,8,115,0,12,12,127
12/20/2007,TWF,ID,ANM,WE,Combination Non-Radar Approach Control & Tower w/o Radar,0,72,35,0,107,0,0,7,0,7,0,72,42,0,114,4,0,4,118
12/21/2007,TWF,ID,ANM,WE,Combination Non-Radar Approach Control & Tower w/o Radar,2,46,12,0,60,0,2,16,0,18,2,48,28,0,78,14,0,14,92
12/22/2007,TWF,ID,ANM,WE,Combination Non-Radar Approach Control & Tower w/o Radar,0,21,5,0,26,0,0,34,0,34,0,21,39,0,60,54,0,54,114
12/23/2007,TWF,ID,ANM,WE,Combination Non-Radar Approach Control & Tower w/o Radar,0,40,17,0,57,0,4,14,0,18,0,44,31,0,75,18,0,18,93
12/24/2007,TWF,ID,ANM,WE,Combination Non-Radar Approach Control & Tower w/o Radar,0,50,5,0,55,0,5,3,0,8,0,55,8,0,63,0,0,0,63
12/25/2007,TWF,ID,ANM,WE,Combination Non-Radar Approach Control & Tower w/o Radar,0,11,1,0,12,0,0,16,0,16,0,11,17,0,28,0,0,0,28
12/26/2007,TWF,ID,ANM,WE,Combination Non-Radar Approach Control & Tower w/o Radar,0,74,8,0,82,0,0,12,0,12,0,74,20,0,94,12,0,12,106
12/27/2007,TWF,ID,ANM,WE,Combination Non-Radar Approach Control & Tower w/o Radar,2,44,21,6,73,0,0,24,2,26,2,44,45,8,99,12,30,42,141
12/28/2007,TWF,ID,ANM,WE,Combination Non-Radar Approach Control & Tower w/o Radar,0,38,3,0,41,0,5,5,0,10,0,43,8,0,51,0,0,0,51
12/29/2007,TWF,ID,ANM,WE,Combination Non-Radar Approach Control & Tower w/o Radar,0,45,17,0,62,0,0,2,0,2,0,45,19,0,64,0,0,0,64
12/30/2007,TWF,ID,ANM,WE,Combination Non-Radar Approach Control & Tower w/o Radar,0,21,3,0,24,0,1,0,0,1,0,22,3,0,25,0,0,0,25
12/31/2007,TWF,ID,ANM,WE,Combination Non-Radar Approach Control & Tower w/o Radar,0,27,3,0,30,0,4,21,0,25,0,31,24,0,55,42,0,42,97
01/01/2008,TWF,ID,ANM,WE,Combination Non-Radar Approach Control & Tower w/o Radar,0,15,11,0,26,0,2,30,0,32,0,17,41,0,58,20,0,20,78
01/02/2008,TWF,ID,ANM,WE,Combination Non-Radar Approach Control & Tower w/o Radar,0,24,3,0,27,0,1,38,0,39,0,25,41,0,66,14,0,14,80
01/03/2008,TWF,ID,ANM,WE,Combination Non-Radar Approach Control & Tower w/o Radar,2,30,3,4,39,0,0,24,1,25,2,30,27,5,64,10,8,18,82
01/04/2008,TWF,ID,ANM,WE,Combination Non-Radar Approach Control & Tower w/o Radar,0,30,9,0,39,0,0,2,0,2,0,30,11,0,41,8,0,8,49
01/05/2008,TWF,ID,ANM,WE,Combination Non-Radar Approach Control & Tower w/o Radar,10,78,39,0,127,0,0,0,0,0,10,78,39,0,127,0,0,0,127
01/06/2008,TWF,ID,ANM,WE,Combination Non-Radar Approach Control & Tower w/o Radar,0,66,13,0,79,0,0,17,2,19,0,66,30,2,98,2,0,2,100
01/07/2008,TWF,ID,ANM,WE,Combination Non-Radar Approach Control & Tower w/o Radar,0,51,24,3,78,0,1,5,3,9,0,52,29,6,87,0,10,10,97
01/08/2008,TWF,ID,ANM,WE,Combination Non-Radar Approach Control & Tower w/o Radar,0,62,4,1,67,0,0,0,0,0,0,62,4,1,67,0,0,0,67
01/09/2008,TWF,ID,ANM,WE,Combination Non-Radar Approach Control & Tower w/o Radar,0,39,14,7,60,0,2,12,3,17,0,41,26,10,77,6,4,10,87
01/10/2008,TWF,ID,ANM,WE,Combination Non-Radar Approach Control & Tower w/o Radar,2,43,28,4,77,0,0,7,2,9,2,43,35,6,86,4,12,16,102
01/11/2008,TWF,ID,ANM,WE,Combination Non-Radar Approach Control & Tower w/o Radar,0,36,14,0,50,0,2,7,2,11,0,38,21,2,61,2,2,4,65
01/12/2008,TWF,ID,ANM,WE,Combination Non-Radar Approach Control & Tower w/o Radar,0,18,11,0,29,0,4,33,0,37,0,22,44,0,66,42,0,42,108
01/13/2008,TWF,ID,ANM,WE,Combination Non-Radar Approach Control & Tower w/o Radar,0,9,5,1,15,0,1,0,0,1,0,10,5,1,16,0,0,0,16
01/14/2008,TWF,ID,ANM,WE,Combination Non-Radar Approach Control & Tower w/o Radar,0,24,16,9,49,0,8,2,0,10,0,32,18,9,59,6,0,6,65
01/15/2008,TWF,ID,ANM,WE,Combination Non-Radar Approach Control & Tower w/o Radar,0,36,6,1,43,0,3,6,1,10,0,39,12,2,53,0,26,26,79
01/16/2008,TWF,ID,ANM,WE,Combination Non-Radar Approach Control & Tower w/o Radar,0,21,3,0,24,0,2,13,0,15,0,23,16,0,39,2,0,2,41
01/17/2008,TWF,ID,ANM,WE,Combination Non-Radar Approach Control & Tower w/o Radar,2,28,20,8,58,0,0,24,4,28,2,28,44,12,86,2,14,16,102
01/18/2008,TWF,ID,ANM,WE,Combination Non-Radar Approach Control & Tower w/o Radar,0,23,6,0,29,0,3,42,0,45,0,26,48,0,74,98,0,98,172
01/19/2008,TWF,ID,ANM,WE,Combination Non-Radar Approach Control & Tower w/o Radar,0,16,4,0,20,0,0,35,0,35,0,16,39,0,55,20,0,20,75
01/20/2008,TWF,ID,ANM,WE,Combination Non-Radar Approach Control & Tower w/o Radar,0,48,3,0,51,0,2,7,0,9,0,50,10,0,60,12,0,12,72
01/21/2008,TWF,ID,ANM,WE,Combination Non-Radar Approach Control & Tower w/o Radar,0,46,6,0,52,0,5,1,0,6,0,51,7,0,58,0,0,0,58
01/22/2008,TWF,ID,ANM,WE,Combination Non-Radar Approach Control & Tower w/o Radar,0,22,2,3,27,0,3,31,1,35,0,25,33,4,62,26,0,26,88
01/23/2008,TWF,ID,ANM,WE,Combination Non-Radar Approach Control & Tower w/o Radar,0,27,7,0,34,0,8,15,0,23,0,35,22,0,57,6,0,6,63
01/24/2008,TWF,ID,ANM,WE,Combination Non-Radar Approach Control & Tower w/o Radar,2,47,18,0,67,0,0,6,0,6,2,47,24,0,73,0,0,0,73
01/25/2008,TWF,ID,ANM,WE,Combination Non-Radar Approach Control & Tower w/o Radar,0,38,12,0,50,0,4,18,0,22,0,42,30,0,72,0,0,0,72
01/26/2008,TWF,ID,ANM,WE,Combination Non-Radar Approach Control & Tower w/o Radar,0,25,7,0,32,0,0,33,0,33,0,25,40,0,65,34,0,34,99
01/27/2008,TWF,ID,ANM,WE,Combination Non-Radar Approach Control & Tower w/o Radar,0,34,19,0,53,0,3,0,0,3,0,37,19,0,56,2,0,2,58
01/28/2008,TWF,ID,ANM,WE,Combination Non-Radar Approach Control & Tower w/o Radar,2,51,15,0,68,0,1,1,0,2,2,52,16,0,70,0,0,0,70
01/29/2008,TWF,ID,ANM,WE,Combination Non-Radar Approach Control & Tower w/o Radar,2,52,14,0,68,0,3,2,0,5,2,55,16,0,73,10,0,10,83
01/30/2008,TWF,ID,ANM,WE,Combination Non-Radar Approach Control & Tower w/o Radar,0,30,11,0,41,0,3,10,1,14,0,33,21,1,55,36,0,36,91
01/31/2008,TWF,ID,ANM,WE,Combination Non-Radar Approach Control & Tower w/o Radar,0,46,9,0,55,0,0,0,0,0,0,46,9,0,55,0,0,0,55
02/01/2008,TWF,ID,ANM,WE,Combination Non-Radar Approach Control & Tower w/o Radar,0,37,10,0,47,0,2,13,0,15,0,39,23,0,62,34,0,34,96
02/02/2008,TWF,ID,ANM,WE,Combination Non-Radar Approach Control & Tower w/o Radar,0,38,13,0,51,0,0,18,0,18,0,38,31,0,69,28,0,28,97
02/03/2008,TWF,ID,ANM,WE,Combination Non-Radar Approach Control & Tower w/o Radar,0,32,9,0,41,0,1,6,0,7,0,33,15,0,48,0,0,0,48
02/04/2008,TWF,ID,ANM,WE,Combination Non-Radar Approach Control & Tower w/o Radar,0,26,7,0,33,0,1,6,0,7,0,27,13,0,40,0,0,0,40
02/05/2008,TWF,ID,ANM,WE,Combination Non-Radar Approach Control & Tower w/o Radar,2,28,1,0,31,0,4,20,0,24,2,32,21,0,55,10,0,10,65
02/06/2008,TWF,ID,ANM,WE,Combination Non-Radar Approach Control & Tower w/o Radar,2,34,8,0,44,0,1,7,0,8,2,35,15,0,52,0,0,0,52
02/07/2008,TWF,ID,ANM,WE,Combination Non-Radar Approach Control & Tower w/o Radar,0,40,10,0,50,0,1,3,0,4,0,41,13,0,54,0,0,0,54
02/08/2008,TWF,ID,ANM,WE,Combination Non-Radar Approach Control & Tower w/o Radar,0,30,9,0,39,0,5,4,2,11,0,35,13,2,50,0,6,6,56
02/09/2008,TWF,ID,ANM,WE,Combination Non-Radar Approach Control & Tower w/o Radar,0,18,12,0,30,0,2,38,0,40,0,20,50,0,70,24,0,24,94
02/10/2008,TWF,ID,ANM,WE,Combination Non-Radar Approach Control & Tower w/o Radar,0,10,7,0,17,0,5,39,0,44,0,15,46,0,61,12,0,12,73
02/11/2008,TWF,ID,ANM,WE,Combination Non-Radar Approach Control & Tower w/o Radar,0,20,5,6,31,0,4,11,8,23,0,24,16,14,54,0,8,8,62
02/12/2008,TWF,ID,ANM,WE,Combination Non-Radar Approach Control & Tower w/o Radar,2,22,1,0,25,0,7,26,0,33,2,29,27,0,58,14,0,14,72
02/13/2008,TWF,ID,ANM,WE,Combination Non-Radar Approach Control & Tower w/o Radar,0,36,7,2,45,0,2,2,0,4,0,38,9,2,49,0,2,2,51
02/14/2008,TWF,ID,ANM,WE,Combination Non-Radar Approach Control & Tower w/o Radar,2,22,5,4,33,0,2,13,0,15,2,24,18,4,48,0,14,14,62
02/15/2008,TWF,ID,ANM,WE,Combination Non-Radar Approach Control & Tower w/o Radar,0,28,7,2,37,0,4,35,0,39,0,32,42,2,76,24,0,24,100
02/16/2008,TWF,ID,ANM,WE,Combination Non-Radar Approach Control & Tower w/o Radar,0,15,2,0,17,0,0,18,0,18,0,15,20,0,35,6,0,6,41
02/17/2008,TWF,ID,ANM,WE,Combination Non-Radar Approach Control & Tower w/o Radar,0,12,4,0,16,0,3,19,0,22,0,15,23,0,38,54,0,54,92
02/18/2008,TWF,ID,ANM,WE,Combination Non-Radar Approach Control & Tower w/o Radar,0,19,7,0,26,0,0,32,0,32,0,19,39,0,58,26,0,26,84
02/19/2008,TWF,ID,ANM,WE,Combination Non-Radar Approach Control & Tower w/o Radar,0,24,2,0,26,0,5,17,0,22,0,29,19,0,48,10,0,10,58
02/20/2008,TWF,ID,ANM,WE,Combination Non-Radar Approach Control & Tower w/o Radar,0,25,7,2,34,0,3,17,2,22,0,28,24,4,56,16,0,16,72
02/21/2008,TWF,ID,ANM,WE,Combination Non-Radar Approach Control & Tower w/o Radar,2,24,5,2,33,0,1,13,6,20,2,25,18,8,53,26,2,28,81
02/22/2008,TWF,ID,ANM,WE,Combination Non-Radar Approach Control & Tower w/o Radar,0,57,18,0,75,0,0,3,0,3,0,57,21,0,78,10,0,10,88
02/23/2008,TWF,ID,ANM,WE,Combination Non-Radar Approach Control & Tower w/o Radar,0,51,3,0,54,0,0,13,2,15,0,51,16,2,69,2,0,2,71
02/24/2008,TWF,ID,ANM,WE,Combination Non-Radar Approach Control & Tower w/o Radar,0,54,33,0,87,0,0,9,0,9,0,54,42,0,96,0,0,0,96
02/25/2008,TWF,ID,ANM,WE,Combination Non-Radar Approach Control & Tower w/o Radar,0,43,9,0,52,0,0,15,0,15,0,43,24,0,67,8,0,8,75
02/26/2008,TWF,ID,ANM,WE,Combination Non-Radar Approach Control & Tower w/o Radar,2,37,13,0,52,0,1,60,0,61,2,38,73,0,113,26,0,26,139
02/27/2008,TWF,ID,ANM,WE,Combination Non-Radar Approach Control & Tower w/o Radar,0,23,2,6,31,0,2,31,14,47,0,25,33,20,78,36,20,56,134
02/28/2008,TWF,ID,ANM,WE,Combination Non-Radar Approach Control & Tower w/o Radar,2,20,4,3,29,0,2,22,17,41,2,22,26,20,70,30,4,34,104
02/29/2008,TWF,ID,ANM,WE,Combination Non-Radar Approach Control & Tower w/o Radar,0,19,6,0,25,0,5,20,0,25,0,24,26,0,50,0,0,0,50
03/01/2008,TWF,ID,ANM,WE,Combination Non-Radar Approach Control & Tower w/o Radar,0,20,1,4,25,0,3,2,1,6,0,23,3,5,31,0,6,6,37
03/02/2008,TWF,ID,ANM,WE,Combination Non-Radar Approach Control & Tower w/o Radar,0,9,3,0,12,0,0,15,0,15,0,9,18,0,27,2,0,2,29
03/03/2008,TWF,ID,ANM,WE,Combination Non-Radar Approach Control & Tower w/o Radar,0,25,5,0,30,0,5,19,0,24,0,30,24,0,54,44,0,44,98
03/04/2008,TWF,ID,ANM,WE,Combination Non-Radar Approach Control & Tower w/o Radar,2,27,5,3,37,0,6,3,3,12,2,33,8,6,49,22,6,28,77
03/05/2008,TWF,ID,ANM,WE,Combination Non-Radar Approach Control & Tower w/o Radar,0,24,8,2,34,0,2,28,0,30,0,26,36,2,64,8,40,48,112
03/06/2008,TWF,ID,ANM,WE,Combination Non-Radar Approach Control & Tower w/o Radar,2,25,8,1,36,0,2,40,5,47,2,27,48,6,83,10,12,22,105
03/07/2008,TWF,ID,ANM,WE,Combination Non-Radar Approach Control & Tower w/o Radar,0,25,6,0,31,0,2,31,0,33,0,27,37,0,64,40,0,40,104
03/08/2008,TWF,ID,ANM,WE,Combination Non-Radar Approach Control & Tower w/o Radar,0,22,9,0,31,0,3,21,0,24,0,25,30,0,55,54,0,54,109
03/09/2008,TWF,ID,ANM,WE,Combination Non-Radar Approach Control & Tower w/o Radar,0,10,7,0,17,0,3,32,0,35,0,13,39,0,52,24,0,24,76
03/10/2008,TWF,ID,ANM,WE,Combination Non-Radar Approach Control & Tower w/o Radar,0,22,6,0,28,0,6,21,0,27,0,28,27,0,55,42,0,42,97
03/11/2008,TWF,ID,ANM,WE,Combination Non-Radar Approach Control & Tower w/o Radar,2,25,2,5,34,0,3,21,8,32,2,28,23,13,66,118,43,161,227
03/12/2008,TWF,ID,ANM,WE,Combination Non-Radar Approach Control & Tower w/o Radar,0,23,9,0,32,0,2,34,0,36,0,25,43,0,68,88,0,88,156
03/13/2008,TWF,ID,ANM,WE,Combination Non-Radar Approach Control & Tower w/o Radar,2,64,19,0,85,0,0,16,0,16,2,64,35,0,101,68,0,68,169
03/14/2008,TWF,ID,ANM,WE,Combination Non-Radar Approach Control & Tower w/o Radar,0,31,7,0,38,0,2,20,0,22,0,33,27,0,60,32,0,32,92
03/15/2008,TWF,ID,ANM,WE,Combination Non-Radar Approach Control & Tower w/o Radar,0,33,15,0,48,0,1,0,0,1,0,34,15,0,49,0,0,0,49
03/16/2008,TWF,ID,ANM,WE,Combination Non-Radar Approach Control & Tower w/o Radar,0,10,1,0,11,0,1,9,0,10,0,11,10,0,21,14,0,14,35
03/17/2008,TWF,ID,ANM,WE,Combination Non-Radar Approach Control & Tower w/o Radar,0,27,4,0,31,0,2,18,0,20,0,29,22,0,51,8,0,8,59
03/18/2008,TWF,ID,ANM,WE,Combination Non-Radar Approach Control & Tower w/o Radar,2,39,5,4,50,0,4,19,0,23,2,43,24,4,73,22,0,22,95
03/19/2008,TWF,ID,ANM,WE,Combination Non-Radar Approach Control & Tower w/o Radar,0,32,5,0,37,0,1,32,0,33,0,33,37,0,70,92,0,92,162
03/20/2008,TWF,ID,ANM,WE,Combination Non-Radar Approach Control & Tower w/o Radar,2,32,10,9,53,0,3,20,6,29,2,35,30,15,82,12,18,30,112
03/21/2008,TWF,ID,ANM,WE,Combination Non-Radar Approach Control & Tower w/o Radar,0,31,6,0,37,0,3,26,0,29,0,34,32,0,66,10,0,10,76
03/22/2008,TWF,ID,ANM,WE,Combination Non-Radar Approach Control & Tower w/o Radar,0,15,6,0,21,0,1,50,0,51,0,16,56,0,72,18,0,18,90
03/23/2008,TWF,ID,ANM,WE,Combination Non-Radar Approach Control & Tower w/o Radar,0,9,9,0,18,0,4,15,3,22,0,13,24,3,40,24,0,24,64
03/24/2008,TWF,ID,ANM,WE,Combination Non-Radar Approach Control & Tower w/o Radar,0,28,8,0,36,0,0,27,0,27,0,28,35,0,63,2,0,2,65
03/25/2008,TWF,ID,ANM,WE,Combination Non-Radar Approach Control & Tower w/o Radar,2,40,3,0,45,0,0,22,3,25,2,40,25,3,70,0,0,0,70
03/26/2008,TWF,ID,ANM,WE,Combination Non-Radar Approach Control & Tower w/o Radar,0,41,6,0,47,0,0,2,0,2,0,41,8,0,49,0,0,0,49
03/27/2008,TWF,ID,ANM,WE,Combination Non-Radar Approach Control & Tower w/o Radar,2,30,7,0,39,0,0,16,0,16,2,30,23,0,55,10,0,10,65
03/28/2008,TWF,ID,ANM,WE,Combination Non-Radar Approach Control & Tower w/o Radar,0,31,11,0,42,0,2,23,0,25,0,33,34,0,67,26,0,26,93
03/29/2008,TWF,ID,ANM,WE,Combination Non-Radar Approach Control & Tower w/o Radar,0,23,2,0,25,0,2,15,0,17,0,25,17,0,42,0,0,0,42
03/30/2008,TWF,ID,ANM,WE,Combination Non-Radar Approach Control & Tower w/o Radar,0,12,1,2,15,0,0,5,0,5,0,12,6,2,20,4,0,4,24
03/31/2008,TWF,ID,ANM,WE,Combination Non-Radar Approach Control & Tower w/o Radar,0,23,0,0,23,0,2,7,0,9,0,25,7,0,32,6,0,6,38
04/01/2008,TWF,ID,ANM,WE,Combination Non-Radar Approach Control & Tower w/o Radar,2,31,5,0,38,0,5,30,0,35,2,36,35,0,73,54,0,54,127
04/02/2008,TWF,ID,ANM,WE,Combination Non-Radar Approach Control & Tower w/o Radar,0,26,9,0,35,0,7,24,2,33,0,33,33,2,68,10,2,12,80
04/03/2008,TWF,ID,ANM,WE,Combination Non-Radar Approach Control & Tower w/o Radar,2,28,8,7,45,0,1,26,8,35,2,29,34,15,80,30,30,60,140
04/04/2008,TWF,ID,ANM,WE,Combination Non-Radar Approach Control & Tower w/o Radar,0,26,1,0,27,0,6,21,0,27,0,32,22,0,54,16,0,16,70
04/05/2008,TWF,ID,ANM,WE,Combination Non-Radar Approach Control & Tower w/o Radar,0,15,7,0,22,0,6,13,0,19,0,21,20,0,41,4,0,4,45
04/06/2008,TWF,ID,ANM,WE,Combination Non-Radar Approach Control & Tower w/o Radar,0,9,0,0,9,0,0,14,0,14,0,9,14,0,23,8,0,8,31
04/07/2008,TWF,ID,ANM,WE,Combination Non-Radar Approach Control & Tower w/o Radar,0,24,2,0,26,0,2,12,2,16,0,26,14,2,42,0,0,0,42
04/08/2008,TWF,ID,ANM,WE,Combination Non-Radar Approach Control & Tower w/o Radar,2,23,2,0,27,0,1,20,0,21,2,24,22,0,48,8,0,8,56
04/09/2008,TWF,ID,ANM,WE,Combination Non-Radar Approach Control & Tower w/o Radar,0,30,0,0,30,0,3,4,0,7,0,33,4,0,37,0,0,0,37
04/10/2008,TWF,ID,ANM,WE,Combination Non-Radar Approach Control & Tower w/o Radar,0,25,8,0,33,0,1,20,0,21,0,26,28,0,54,30,0,30,84
04/11/2008,TWF,ID,ANM,WE,Combination Non-Radar Approach Control & Tower w/o Radar,2,25,14,0,41,0,5,67,2,74,2,30,81,2,115,30,0,30,145
04/12/2008,TWF,ID,ANM,WE,Combination Non-Radar Approach Control & Tower w/o Radar,0,14,7,0,21,0,5,32,0,37,0,19,39,0,58,72,0,72,130
04/13/2008,TWF,ID,ANM,WE,Combination Non-Radar Approach Control & Tower w/o Radar,0,9,3,0,12,0,1,40,2,43,0,10,43,2,55,60,0,60,115
04/14/2008,TWF,ID,ANM,WE,Combination Non-Radar Approach Control & Tower w/o Radar,0,22,4,2,28,0,4,20,0,24,0,26,24,2,52,10,0,10,62
04/15/2008,TWF,ID,ANM,WE,Combination Non-Radar Approach Control & Tower w/o Radar,2,24,3,0,29,0,5,8,0,13,2,29,11,0,42,36,0,36,78
04/16/2008,TWF,ID,ANM,WE,Combination Non-Radar Approach Control & Tower w/o Radar,0,35,5,6,46,0,16,23,3,42,0,51,28,9,88,6,26,32,120
04/17/2008,TWF,ID,ANM,WE,Combination Non-Radar Approach Control & Tower w/o Radar,2,27,8,7,44,0,14,43,1,58,2,41,51,8,102,60,16,76,178
04/18/2008,TWF,ID,ANM,WE,Combination Non-Radar Approach Control & Tower w/o Radar,0,20,3,10,33,0,8,29,0,37,0,28,32,10,70,20,0,20,90
04/19/2008,TWF,ID,ANM,WE,Combination Non-Radar Approach Control & Tower w/o Radar,0,17,4,0,21,0,4,33,0,37,0,21,37,0,58,30,0,30,88
04/20/2008,TWF,ID,ANM,WE,Combination Non-Radar Approach Control & Tower w/o Radar,0,9,3,0,12,0,0,0,0,0,0,9,3,0,12,0,0,0,12
04/21/2008,TWF,ID,ANM,WE,Combination Non-Radar Approach Control & Tower w/o Radar,0,22,10,0,32,0,4,18,0,22,0,26,28,0,54,24,0,24,78
04/22/2008,TWF,ID,ANM,WE,Combination Non-Radar Approach Control & Tower w/o Radar,2,22,8,0,32,0,7,36,4,47,2,29,44,4,79,80,0,80,159
04/23/2008,TWF,ID,ANM,WE,Combination Non-Radar Approach Control & Tower w/o Radar,0,32,3,3,38,0,5,5,5,15,0,37,8,8,53,6,8,14,67
04/24/2008,TWF,ID,ANM,WE,Combination Non-Radar Approach Control & Tower w/o Radar,0,23,5,3,31,0,4,4,1,9,0,27,9,4,40,18,16,34,74
04/25/2008,TWF,ID,ANM,WE,Combination Non-Radar Approach Control & Tower w/o Radar,2,25,4,0,31,0,2,15,0,17,2,27,19,0,48,18,0,18,66
04/26/2008,TWF,ID,ANM,WE,Combination Non-Radar Approach Control & Tower w/o Radar,0,14,8,0,22,0,2,66,0,68,0,16,74,0,90,100,0,100,190
04/27/2008,TWF,ID,ANM,WE,Combination Non-Radar Approach Control & Tower w/o Radar,0,9,7,0,16,0,0,33,0,33,0,9,40,0,49,26,0,26,75
04/28/2008,TWF,ID,ANM,WE,Combination Non-Radar Approach Control & Tower w/o Radar,0,19,4,3,26,0,8,24,1,33,0,27,28,4,59,30,12,42,101
04/29/2008,TWF,ID,ANM,WE,Combination Non-Radar Approach Control & Tower w/o Radar,2,30,1,0,33,0,0,11,0,11,2,30,12,0,44,0,0,0,44
04/30/2008,TWF,ID,ANM,WE,Combination Non-Radar Approach Control & Tower w/o Radar,0,33,6,2,41,0,8,5,0,13,0,41,11,2,54,0,2,2,56
05/01/2008,TWF,ID,ANM,WE,Combination Non-Radar Approach Control & Tower w/o Radar,2,30,30,2,64,0,0,67,2,69,2,30,97,4,133,44,8,52,185
05/02/2008,TWF,ID,ANM,WE,Combination Non-Radar Approach Control & Tower w/o Radar,0,21,10,0,31,0,3,69,0,72,0,24,79,0,103,48,0,48,151
05/03/2008,TWF,ID,ANM,WE,Combination Non-Radar Approach Control & Tower w/o Radar,0,15,2,0,17,0,3,34,0,37,0,18,36,0,54,50,0,50,104
05/04/2008,TWF,ID,ANM,WE,Combination Non-Radar Approach Control & Tower w/o Radar,0,9,2,0,11,0,1,28,3,32,0,10,30,3,43,20,0,20,63
05/05/2008,TWF,ID,ANM,WE,Combination Non-Radar Approach Control & Tower w/o Radar,0,23,3,2,28,0,3,43,0,46,0,26,46,2,74,42,0,42,116
05/06/2008,TWF,ID,ANM,WE,Combination Non-Radar Approach Control & Tower w/o Radar,2,24,5,2,33,0,6,47,0,53,2,30,52,2,86,46,14,60,146
05/07/2008,TWF,ID,ANM,WE,Combination Non-Radar Approach Control & Tower w/o Radar,0,25,7,3,35,0,22,28,5,55,0,47,35,8,90,22,10,32,122
05/08/2008,TWF,ID,ANM,WE,Combination Non-Radar Approach Control & Tower w/o Radar,2,27,13,3,45,0,7,19,2,28,2,34,32,5,73,6,36,42,115
05/09/2008,TWF,ID,ANM,WE,Combination Non-Radar Approach Control & Tower w/o Radar,0,24,3,1,28,0,6,20,3,29,0,30,23,4,57,18,4,22,79
05/10/2008,TWF,ID,ANM,WE,Combination Non-Radar Approach Control & Tower w/o Radar,0,15,4,0,19,0,0,49,0,49,0,15,53,0,68,76,0,76,144
05/11/2008,TWF,ID,ANM,WE,Combination Non-Radar Approach Control & Tower w/o Radar,0,11,2,0,13,0,1,7,0,8,0,12,9,0,21,0,0,0,21
05/12/2008,TWF,ID,ANM,WE,Combination Non-Radar Approach Control & Tower w/o Radar,0,23,4,2,29,0,6,31,2,39,0,29,35,4,68,26,0,26,94
05/13/2008,TWF,ID,ANM,WE,Combination Non-Radar Approach Control & Tower w/o Radar,2,23,5,2,32,0,8,33,2,43,2,31,38,4,75,60,22,82,157
05/14/2008,TWF,ID,ANM,WE,Combination Non-Radar Approach Control & Tower w/o Radar,0,25,8,2,35,0,3,6,40,49,0,28,14,42,84,3,0,3,87
05/15/2008,TWF,ID,ANM,WE,Combination Non-Radar Approach Control & Tower w/o Radar,2,26,10,10,48,0,12,48,10,70,2,38,58,20,118,38,30,68,186
05/16/2008,TWF,ID,ANM,WE,Combination Non-Radar Approach Control & Tower w/o Radar,0,20,7,2,29,0,12,56,2,70,0,32,63,4,99,52,6,58,157
05/17/2008,TWF,ID,ANM,WE,Combination Non-Radar Approach Control & Tower w/o Radar,0,15,2,0,17,0,4,41,0,45,0,19,43,0,62,60,0,60,122
05/18/2008,TWF,ID,ANM,WE,Combination Non-Radar Approach Control & Tower w/o Radar,0,8,7,0,15,0,0,30,0,30,0,8,37,0,45,28,0,28,73
05/19/2008,TWF,ID,ANM,WE,Combination Non-Radar Approach Control & Tower w/o Radar,0,17,1,0,18,0,6,34,0,40,0,23,35,0,58,2,0,2,60
05/20/2008,TWF,ID,ANM,WE,Combination Non-Radar Approach Control & Tower w/o Radar,2,23,10,1,36,0,7,25,0,32,2,30,35,1,68,10,0,10,78
05/21/2008,TWF,ID,ANM,WE,Combination Non-Radar Approach Control & Tower w/o Radar,0,26,8,5,39,0,0,12,3,15,0,26,20,8,54,4,2,6,60
05/22/2008,TWF,ID,ANM,WE,Combination Non-Radar Approach Control & Tower w/o Radar,2,26,14,4,46,0,2,16,2,20,2,28,30,6,66,20,6,26,92
05/23/2008,TWF,ID,ANM,WE,Combination Non-Radar Approach Control & Tower w/o Radar,0,25,6,4,35,0,4,45,5,54,0,29,51,9,89,46,12,58,147
05/24/2008,TWF,ID,ANM,WE,Combination Non-Radar Approach Control & Tower w/o Radar,0,14,2,0,16,0,2,36,0,38,0,16,38,0,54,4,0,4,58
05/25/2008,TWF,ID,ANM,WE,Combination Non-Radar Approach Control & Tower w/o Radar,0,9,3,0,12,0,1,14,0,15,0,10,17,0,27,0,0,0,27
05/26/2008,TWF,ID,ANM,WE,Combination Non-Radar Approach Control & Tower w/o Radar,0,10,4,0,14,0,0,25,0,25,0,10,29,0,39,0,0,0,39
05/27/2008,TWF,ID,ANM,WE,Combination Non-Radar Approach Control & Tower w/o Radar,0,26,0,3,29,0,0,36,3,39,0,26,36,6,68,8,16,24,92
05/28/2008,TWF,ID,ANM,WE,Combination Non-Radar Approach Control & Tower w/o Radar,0,28,5,2,35,0,1,26,2,29,0,29,31,4,64,6,10,16,80
05/29/2008,TWF,ID,ANM,WE,Combination Non-Radar Approach Control & Tower w/o Radar,2,25,7,0,34,0,5,35,2,42,2,30,42,2,76,22,0,22,98
05/30/2008,TWF,ID,ANM,WE,Combination Non-Radar Approach Control & Tower w/o Radar,0,27,11,0,38,0,5,43,2,50,0,32,54,2,88,16,0,16,104
05/31/2008,TWF,ID,ANM,WE,Combination Non-Radar Approach Control & Tower w/o Radar,0,14,3,0,17,0,2,57,0,59,0,16,60,0,76,8,0,8,84
06/01/2008,TWF,ID,ANM,WE,Combination Non-Radar Approach Control & Tower w/o Radar,0,9,1,0,10,0,0,17,0,17,0,9,18,0,27,0,0,0,27
06/02/2008,TWF,ID,ANM,WE,Combination Non-Radar Approach Control & Tower w/o Radar,0,20,3,1,24,0,7,29,1,37,0,27,32,2,61,30,0,30,91
06/03/2008,TWF,ID,ANM,WE,Combination Non-Radar Approach Control & Tower w/o Radar,2,26,3,0,31,0,0,25,0,25,2,26,28,0,56,0,0,0,56
06/04/2008,TWF,ID,ANM,WE,Combination Non-Radar Approach Control & Tower w/o Radar,0,31,4,4,39,0,7,7,2,16,0,38,11,6,55,12,8,20,75
06/05/2008,TWF,ID,ANM,WE,Combination Non-Radar Approach Control & Tower w/o Radar,2,20,4,1,27,0,6,64,1,71,2,26,68,2,98,34,0,34,132
06/06/2008,TWF,ID,ANM,WE,Combination Non-Radar Approach Control & Tower w/o Radar,0,24,8,2,34,0,5,22,2,29,0,29,30,4,63,32,0,32,95
06/07/2008,TWF,ID,ANM,WE,Combination Non-Radar Approach Control & Tower w/o Radar,0,12,4,2,18,0,5,27,14,46,0,17,31,16,64,14,22,36,100
06/08/2008,TWF,ID,ANM,WE,Combination Non-Radar Approach Control & Tower w/o Radar,0,7,2,2,11,0,3,43,0,46,0,10,45,2,57,0,8,8,65
06/09/2008,TWF,ID,ANM,WE,Combination Non-Radar Approach Control & Tower w/o Radar,0,17,5,0,22,0,10,50,0,60,0,27,55,0,82,10,0,10,92
06/10/2008,TWF,ID,ANM,WE,Combination Non-Radar Approach Control & Tower w/o Radar,2,26,2,0,30,0,3,18,0,21,2,29,20,0,51,10,0,10,61
06/11/2008,TWF,ID,ANM,WE,Combination Non-Radar Approach Control & Tower w/o Radar,0,28,11,0,39,0,4,15,0,19,0,32,26,0,58,48,0,48,106
06/12/2008,TWF,ID,ANM,WE,Combination Non-Radar Approach Control & Tower w/o Radar,2,21,3,5,31,0,8,28,15,51,2,29,31,20,82,8,18,26,108
06/13/2008,TWF,ID,ANM,WE,Combination Non-Radar Approach Control & Tower w/o Radar,0,18,2,2,22,0,7,92,2,101,0,25,94,4,123,106,6,112,235
06/14/2008,TWF,ID,ANM,WE,Combination Non-Radar Approach Control & Tower w/o Radar,0,15,4,0,19,0,4,68,0,72,0,19,72,0,91,62,0,62,153
06/15/2008,TWF,ID,ANM,WE,Combination Non-Radar Approach Control & Tower w/o Radar,0,9,4,0,13,0,0,66,0,66,0,9,70,0,79,10,0,10,89
06/16/2008,TWF,ID,ANM,WE,Combination Non-Radar Approach Control & Tower w/o Radar,0,15,8,1,24,0,13,51,2,66,0,28,59,3,90,30,0,30,120
06/17/2008,TWF,ID,ANM,WE,Combination Non-Radar Approach Control & Tower w/o Radar,2,21,4,1,28,0,4,60,1,65,2,25,64,2,93,36,12,48,141
06/18/2008,TWF,ID,ANM,WE,Combination Non-Radar Approach Control & Tower w/o Radar,0,22,6,5,33,0,6,55,6,67,0,28,61,11,100,46,24,70,170
06/19/2008,TWF,ID,ANM,WE,Combination Non-Radar Approach Control & Tower w/o Radar,2,21,4,2,29,0,10,59,58,127,2,31,63,60,156,14,4,18,174
06/20/2008,TWF,ID,ANM,WE,Combination Non-Radar Approach Control & Tower w/o Radar,0,22,4,0,26,0,6,46,0,52,0,28,50,0,78,76,0,76,154
06/21/2008,TWF,ID,ANM,WE,Combination Non-Radar Approach Control & Tower w/o Radar,0,12,1,0,13,0,1,58,0,59,0,13,59,0,72,18,0,18,90
06/22/2008,TWF,ID,ANM,WE,Combination Non-Radar Approach Control & Tower w/o Radar,0,7,5,0,12,0,0,38,2,40,0,7,43,2,52,0,0,0,52
06/23/2008,TWF,ID,ANM,WE,Combination Non-Radar Approach Control & Tower w/o Radar,0,17,5,5,27,0,12,73,5,90,0,29,78,10,117,42,20,62,179
06/24/2008,TWF,ID,ANM,WE,Combination Non-Radar Approach Control & Tower w/o Radar,2,26,11,7,46,0,8,48,0,56,2,34,59,7,102,54,10,64,166
06/25/2008,TWF,ID,ANM,WE,Combination Non-Radar Approach Control & Tower w/o Radar,0,26,3,4,33,0,12,76,4,92,0,38,79,8,125,62,20,82,207
06/26/2008,TWF,ID,ANM,WE,Combination Non-Radar Approach Control & Tower w/o Radar,2,23,11,6,42,0,12,71,6,89,2,35,82,12,131,48,48,96,227
06/27/2008,TWF,ID,ANM,WE,Combination Non-Radar Approach Control & Tower w/o Radar,0,21,2,0,23,0,7,70,0,77,0,28,72,0,100,12,0,12,112
06/28/2008,TWF,ID,ANM,WE,Combination Non-Radar Approach Control & Tower w/o Radar,0,14,9,0,23,0,0,77,0,77,0,14,86,0,100,52,0,52,152
06/29/2008,TWF,ID,ANM,WE,Combination Non-Radar Approach Control & Tower w/o Radar,0,7,5,0,12,0,1,31,0,32,0,8,36,0,44,16,0,16,60
06/30/2008,TWF,ID,ANM,WE,Combination Non-Radar Approach Control & Tower w/o Radar,0,17,7,1,25,0,3,49,1,53,0,20,56,2,78,4,0,4,82
07/01/2008,TWF,ID,ANM,WE,Combination Non-Radar Approach Control & Tower w/o Radar,2,20,6,0,28,0,6,71,0,77,2,26,77,0,105,16,0,16,121
07/02/2008,TWF,ID,ANM,WE,Combination Non-Radar Approach Control & Tower w/o Radar,0,21,2,0,23,0,9,88,2,99,0,30,90,2,122,50,0,50,172
07/03/2008,TWF,ID,ANM,WE,Combination Non-Radar Approach Control & Tower w/o Radar,2,19,3,0,24,0,3,70,0,73,2,22,73,0,97,0,0,0,97
07/04/2008,TWF,ID,ANM,WE,Combination Non-Radar Approach Control & Tower w/o Radar,0,9,0,0,9,0,0,48,6,54,0,9,48,6,63,12,0,12,75
07/05/2008,TWF,ID,ANM,WE,Combination Non-Radar Approach Control & Tower w/o Radar,0,10,1,0,11,0,9,20,0,29,0,19,21,0,40,0,0,0,40
07/06/2008,TWF,ID,ANM,WE,Combination Non-Radar Approach Control & Tower w/o Radar,0,12,11,0,23,0,2,38,0,40,0,14,49,0,63,4,0,4,67
07/07/2008,TWF,ID,ANM,WE,Combination Non-Radar Approach Control & Tower w/o Radar,0,14,9,3,26,0,10,32,4,46,0,24,41,7,72,0,6,6,78
07/08/2008,TWF,ID,ANM,WE,Combination Non-Radar Approach Control & Tower w/o Radar,0,26,15,1,42,0,38,69,2,109,0,64,84,3,151,46,0,46,197
07/09/2008,TWF,ID,ANM,WE,Combination Non-Radar Approach Control & Tower w/o Radar,0,29,3,4,36,0,2,91,2,95,0,31,94,6,131,18,8,26,157
07/10/2008,TWF,ID,ANM,WE,Combination Non-Radar Approach Control & Tower w/o Radar,3,29,5,1,38,0,2,64,1,67,3,31,69,2,105,64,12,76,181
07/11/2008,TWF,ID,ANM,WE,Combination Non-Radar Approach Control & Tower w/o Radar,0,26,12,0,38,0,0,33,0,33,0,26,45,0,71,22,0,22,93
07/12/2008,TWF,ID,ANM,WE,Combination Non-Radar Approach Control & Tower w/o Radar,1,11,2,0,14,0,6,59,0,65,1,17,61,0,79,22,0,22,101
07/13/2008,TWF,ID,ANM,WE,Combination Non-Radar Approach Control & Tower w/o Radar,0,9,4,0,13,0,1,28,0,29,0,10,32,0,42,2,0,2,44
07/14/2008,TWF,ID,ANM,WE,Combination Non-Radar Approach Control & Tower w/o Radar,0,16,3,7,26,0,5,79,0,84,0,21,82,7,110,30,18,48,158
07/15/2008,TWF,ID,ANM,WE,Combination Non-Radar Approach Control & Tower w/o Radar,2,21,4,1,28,2,28,99,4,133,4,49,103,5,161,20,14,34,195
07/16/2008,TWF,ID,ANM,WE,Combination Non-Radar Approach Control & Tower w/o Radar,0,0,5,0,5,0,7,45,14,66,0,7,50,14,71,32,0,32,103
07/17/2008,TWF,ID,ANM,WE,Combination Non-Radar Approach Control & Tower w/o Radar,0,20,5,0,25,0,7,45,14,66,0,27,50,14,91,32,14,46,137
07/18/2008,TWF,ID,ANM,WE,Combination Non-Radar Approach Control & Tower w/o Radar,2,18,5,2,27,0,9,50,7,66,2,27,55,9,93,8,2,10,103
07/19/2008,TWF,ID,ANM,WE,Combination Non-Radar Approach Control & Tower w/o Radar,0,9,5,0,14,0,13,70,0,83,0,22,75,0,97,100,0,100,197
07/20/2008,TWF,ID,ANM,WE,Combination Non-Radar Approach Control & Tower w/o Radar,0,7,7,0,14,0,2,25,0,27,0,9,32,0,41,2,0,2,43
07/21/2008,TWF,ID,ANM,WE,Combination Non-Radar Approach Control & Tower w/o Radar,0,17,4,5,26,0,4,63,15,82,0,21,67,20,108,8,4,12,120
07/22/2008,TWF,ID,ANM,WE,Combination Non-Radar Approach Control & Tower w/o Radar,2,17,5,2,26,0,3,41,1,45,2,20,46,3,71,2,0,2,73
07/23/2008,TWF,ID,ANM,WE,Combination Non-Radar Approach Control & Tower w/o Radar,0,23,2,5,30,0,0,74,19,93,0,23,76,24,123,14,32,46,169
07/24/2008,TWF,ID,ANM,WE,Combination Non-Radar Approach Control & Tower w/o Radar,2,17,5,1,25,0,3,70,3,76,2,20,75,4,101,4,4,8,109
07/25/2008,TWF,ID,ANM,WE,Combination Non-Radar Approach Control & Tower w/o Radar,0,12,5,6,23,0,8,97,9,114,0,20,102,15,137,72,42,114,251
07/26/2008,TWF,ID,ANM,WE,Combination Non-Radar Approach Control & Tower w/o Radar,0,7,5,0,12,0,2,116,1,119,0,9,121,1,131,0,0,0,131
07/27/2008,TWF,ID,ANM,WE,Combination Non-Radar Approach Control & Tower w/o Radar,0,6,3,2,11,0,1,54,4,59,0,7,57,6,70,2,0,2,72
07/28/2008,TWF,ID,ANM,WE,Combination Non-Radar Approach Control & Tower w/o Radar,0,12,2,6,20,0,6,112,1,119,0,18,114,7,139,40,0,40,179
07/29/2008,TWF,ID,ANM,WE,Combination Non-Radar Approach Control & Tower w/o Radar,2,21,5,7,35,0,2,103,2,107,2,23,108,9,142,22,16,38,180
07/30/2008,TWF,ID,ANM,WE,Combination Non-Radar Approach Control & Tower w/o Radar,0,20,8,0,28,0,4,54,0,58,0,24,62,0,86,20,0,20,106
07/31/2008,TWF,ID,ANM,WE,Combination Non-Radar Approach Control & Tower w/o Radar,2,16,4,0,22,0,7,82,0,89,2,23,86,0,111,94,0,94,205
08/01/2008,TWF,ID,ANM,WE,Combination Non-Radar Approach Control & Tower w/o Radar,0,15,8,1,24,0,5,118,1,124,0,20,126,2,148,28,4,32,180
08/02/2008,TWF,ID,ANM,WE,Combination Non-Radar Approach Control & Tower w/o Radar,0,12,5,2,19,0,3,73,0,76,0,15,78,2,95,14,22,36,131
08/03/2008,TWF,ID,ANM,WE,Combination Non-Radar Approach Control & Tower w/o Radar,0,8,1,2,11,0,2,76,0,78,0,10,77,2,89,28,0,28,117
08/04/2008,TWF,ID,ANM,WE,Combination Non-Radar Approach Control & Tower w/o Radar,0,15,5,2,22,0,7,88,6,101,0,22,93,8,123,0,8,8,131
08/05/2008,TWF,ID,ANM,WE,Combination Non-Radar Approach Control & Tower w/o Radar,2,19,6,2,29,0,3,75,2,80,2,22,81,4,109,34,10,44,153
08/06/2008,TWF,ID,ANM,WE,Combination Non-Radar Approach Control & Tower w/o Radar,0,22,3,0,25,0,2,70,0,72,0,24,73,0,97,26,0,26,123
08/07/2008,TWF,ID,ANM,WE,Combination Non-Radar Approach Control & Tower w/o Radar,2,18,4,2,26,0,1,60,0,61,2,19,64,2,87,0,8,8,95
08/08/2008,TWF,ID,ANM,WE,Combination Non-Radar Approach Control & Tower w/o Radar,0,16,2,0,18,0,8,45,0,53,0,24,47,0,71,34,0,34,105
08/09/2008,TWF,ID,ANM,WE,Combination Non-Radar Approach Control & Tower w/o Radar,0,11,7,0,18,0,3,97,0,100,0,14,104,0,118,28,0,28,146
08/10/2008,TWF,ID,ANM,WE,Combination Non-Radar Approach Control & Tower w/o Radar,0,7,6,0,13,0,3,62,0,65,0,10,68,0,78,6,0,6,84
08/11/2008,TWF,ID,ANM,WE,Combination Non-Radar Approach Control & Tower w/o Radar,0,11,5,2,18,0,4,81,0,85,0,15,86,2,103,26,0,26,129
08/12/2008,TWF,ID,ANM,WE,Combination Non-Radar Approach Control & Tower w/o Radar,2,18,2,0,22,0,2,73,3,78,2,20,75,3,100,60,0,60,160
08/13/2008,TWF,ID,ANM,WE,Combination Non-Radar Approach Control & Tower w/o Radar,0,20,7,0,27,0,7,56,0,63,0,27,63,0,90,58,0,58,148
08/14/2008,TWF,ID,ANM,WE,Combination Non-Radar Approach Control & Tower w/o Radar,2,18,11,4,35,0,6,60,0,66,2,24,71,4,101,36,10,46,147
08/15/2008,TWF,ID,ANM,WE,Combination Non-Radar Approach Control & Tower w/o Radar,0,18,3,0,21,0,11,33,0,44,0,29,36,0,65,30,0,30,95
08/16/2008,TWF,ID,ANM,WE,Combination Non-Radar Approach Control & Tower w/o Radar,0,10,7,0,17,0,3,81,0,84,0,13,88,0,101,26,0,26,127
08/17/2008,TWF,ID,ANM,WE,Combination Non-Radar Approach Control & Tower w/o Radar,0,10,3,0,13,0,2,54,0,56,0,12,57,0,69,0,0,0,69
08/18/2008,TWF,ID,ANM,WE,Combination Non-Radar Approach Control & Tower w/o Radar,0,13,2,3,18,0,9,82,0,91,0,22,84,3,109,38,6,44,153
08/19/2008,TWF,ID,ANM,WE,Combination Non-Radar Approach Control & Tower w/o Radar,2,18,5,7,32,0,7,64,9,80,2,25,69,16,112,32,4,36,148
08/20/2008,TWF,ID,ANM,WE,Combination Non-Radar Approach Control & Tower w/o Radar,0,19,12,0,31,0,7,75,0,82,0,26,87,0,113,40,0,40,153
08/21/2008,TWF,ID,ANM,WE,Combination Non-Radar Approach Control & Tower w/o Radar,2,20,10,0,32,0,7,86,4,97,2,27,96,4,129,32,4,36,165
08/22/2008,TWF,ID,ANM,WE,Combination Non-Radar Approach Control & Tower w/o Radar,0,14,7,0,21,0,10,73,0,83,0,24,80,0,104,26,0,26,130
08/23/2008,TWF,ID,ANM,WE,Combination Non-Radar Approach Control & Tower w/o Radar,0,10,6,0,16,0,10,101,0,111,0,20,107,0,127,56,0,56,183
08/24/2008,TWF,ID,ANM,WE,Combination Non-Radar Approach Control & Tower w/o Radar,0,8,6,0,14,0,4,48,0,52,0,12,54,0,66,0,0,0,66
08/25/2008,TWF,ID,ANM,WE,Combination Non-Radar Approach Control & Tower w/o Radar,0,14,10,0,24,0,10,58,0,68,0,24,68,0,92,22,0,22,114
08/26/2008,TWF,ID,ANM,WE,Combination Non-Radar Approach Control & Tower w/o Radar,2,17,7,0,26,0,11,97,0,108,2,28,104,0,134,18,0,18,152
08/27/2008,TWF,ID,ANM,WE,Combination Non-Radar Approach Control & Tower w/o Radar,0,16,4,1,21,0,0,95,1,96,0,16,99,2,117,0,0,0,117
08/28/2008,TWF,ID,ANM,WE,Combination Non-Radar Approach Control & Tower w/o Radar,2,22,15,2,41,0,7,107,0,114,2,29,122,2,155,32,2,34,189
08/29/2008,TWF,ID,ANM,WE,Combination Non-Radar Approach Control & Tower w/o Radar,0,19,6,0,25,0,11,107,0,118,0,30,113,0,143,126,0,126,269
08/30/2008,TWF,ID,ANM,WE,Combination Non-Radar Approach Control & Tower w/o Radar,0,7,1,0,8,0,10,38,0,48,0,17,39,0,56,14,0,14,70
08/31/2008,TWF,ID,ANM,WE,Combination Non-Radar Approach Control & Tower w/o Radar,0,9,8,0,17,0,3,19,0,22,0,12,27,0,39,4,0,4,43
09/01/2008,TWF,ID,ANM,WE,Combination Non-Radar Approach Control & Tower w/o Radar,0,17,8,0,25,0,8,39,0,47,0,25,47,0,72,0,0,0,72
09/02/2008,TWF,ID,ANM,WE,Combination Non-Radar Approach Control & Tower w/o Radar,0,14,7,2,23,0,8,47,6,61,0,22,54,8,84,38,4,42,126
09/03/2008,TWF,ID,ANM,WE,Combination Non-Radar Approach Control & Tower w/o Radar,0,18,8,4,30,0,7,34,1,42,0,25,42,5,72,38,16,54,126
09/04/2008,TWF,ID,ANM,WE,Combination Non-Radar Approach Control & Tower w/o Radar,2,17,4,0,23,0,5,49,0,54,2,22,53,0,77,16,0,16,93
09/05/2008,TWF,ID,ANM,WE,Combination Non-Radar Approach Control & Tower w/o Radar,0,17,3,0,20,0,7,40,0,47,0,24,43,0,67,22,0,22,89
09/06/2008,TWF,ID,ANM,WE,Combination Non-Radar Approach Control & Tower w/o Radar,0,6,14,0,20,0,6,102,0,108,0,12,116,0,128,16,0,16,144
09/07/2008,TWF,ID,ANM,WE,Combination Non-Radar Approach Control & Tower w/o Radar,0,7,1,0,8,0,0,49,0,49,0,7,50,0,57,0,0,0,57
09/08/2008,TWF,ID,ANM,WE,Combination Non-Radar Approach Control & Tower w/o Radar,0,15,13,0,28,0,20,42,0,62,0,35,55,0,90,46,0,46,136
09/09/2008,TWF,ID,ANM,WE,Combination Non-Radar Approach Control & Tower w/o Radar,2,27,76,0,105,0,10,69,0,79,2,37,145,0,184,70,0,70,254
09/10/2008,TWF,ID,ANM,WE,Combination Non-Radar Approach Control & Tower w/o Radar,0,25,4,4,33,0,2,35,4,41,0,27,39,8,74,6,0,6,80
09/11/2008,TWF,ID,ANM,WE,Combination Non-Radar Approach Control & Tower w/o Radar,2,18,4,0,24,0,6,40,0,46,2,24,44,0,70,26,0,26,96
09/12/2008,TWF,ID,ANM,WE,Combination Non-Radar Approach Control & Tower w/o Radar,0,21,11,1,33,0,5,43,1,49,0,26,54,2,82,66,2,68,150
09/13/2008,TWF,ID,ANM,WE,Combination Non-Radar Approach Control & Tower w/o Radar,0,7,0,3,10,0,7,40,0,47,0,14,40,3,57,40,22,62,119
09/14/2008,TWF,ID,ANM,WE,Combination Non-Radar Approach Control & Tower w/o Radar,0,7,5,0,12,0,3,46,0,49,0,10,51,0,61,6,0,6,67
09/15/2008,TWF,ID,ANM,WE,Combination Non-Radar Approach Control & Tower w/o Radar,0,14,4,0,18,0,21,45,0,66,0,35,49,0,84,16,0,16,100
09/16/2008,TWF,ID,ANM,WE,Combination Non-Radar Approach Control & Tower w/o Radar,2,16,3,3,24,0,15,52,5,72,2,31,55,8,96,24,22,46,142
09/17/2008,TWF,ID,ANM,WE,Combination Non-Radar Approach Control & Tower w/o Radar,0,20,4,2,26,0,3,59,4,66,0,23,63,6,92,94,32,126,218
09/18/2008,TWF,ID,ANM,WE,Combination Non-Radar Approach Control & Tower w/o Radar,2,23,7,0,32,0,3,69,0,72,2,26,76,0,104,44,0,44,148
09/19/2008,TWF,ID,ANM,WE,Combination Non-Radar Approach Control & Tower w/o Radar,0,27,5,0,32,0,15,33,0,48,0,42,38,0,80,18,0,18,98
09/20/2008,TWF,ID,ANM,WE,Combination Non-Radar Approach Control & Tower w/o Radar,0,6,3,0,9,0,3,31,0,34,0,9,34,0,43,0,0,0,43
09/21/2008,TWF,ID,ANM,WE,Combination Non-Radar Approach Control & Tower w/o Radar,0,7,5,0,12,0,1,35,2,38,0,8,40,2,50,8,0,8,58
09/22/2008,TWF,ID,ANM,WE,Combination Non-Radar Approach Control & Tower w/o Radar,0,12,7,0,19,0,11,24,0,35,0,23,31,0,54,58,0,58,112
09/23/2008,TWF,ID,ANM,WE,Combination Non-Radar Approach Control & Tower w/o Radar,2,20,1,0,23,0,3,30,0,33,2,23,31,0,56,48,0,48,104
09/24/2008,TWF,ID,ANM,WE,Combination Non-Radar Approach Control & Tower w/o Radar,0,22,5,2,29,0,1,28,2,31,0,23,33,4,60,44,30,74,134
09/25/2008,TWF,ID,ANM,WE,Combination Non-Radar Approach Control & Tower w/o Radar,2,26,0,0,28,0,26,38,0,64,2,52,38,0,92,38,0,38,130
09/26/2008,TWF,ID,ANM,WE,Combination Non-Radar Approach Control & Tower w/o Radar,0,20,13,0,33,0,6,31,0,37,0,26,44,0,70,14,0,14,84
09/27/2008,TWF,ID,ANM,WE,Combination Non-Radar Approach Control & Tower w/o Radar,0,6,1,0,7,0,6,37,0,43,0,12,38,0,50,8,0,8,58
09/28/2008,TWF,ID,ANM,WE,Combination Non-Radar Approach Control & Tower w/o Radar,0,7,3,0,10,0,1,27,0,28,0,8,30,0,38,4,0,4,42
09/29/2008,TWF,ID,ANM,WE,Combination Non-Radar Approach Control & Tower w/o Radar,0,15,5,4,24,0,5,44,0,49,0,20,49,4,73,12,0,12,85
09/30/2008,TWF,ID,ANM,WE,Combination Non-Radar Approach Control & Tower w/o Radar,2,20,4,2,28,0,4,93,0,97,2,24,97,2,125,90,0,90,215
10/01/2008,TWF,ID,ANM,WE,Combination Non-Radar Approach Control & Tower w/o Radar,0,25,2,0,27,0,8,26,0,34,0,33,28,0,61,10,0,10,71
10/02/2008,TWF,ID,ANM,WE,Combination Non-Radar Approach Control & Tower w/o Radar,2,21,2,0,25,0,1,55,0,56,2,22,57,0,81,22,0,22,103
10/03/2008,TWF,ID,ANM,WE,Combination Non-Radar Approach Control & Tower w/o Radar,0,20,21,1,42,0,4,28,1,33,0,24,49,2,75,8,10,18,93
10/04/2008,TWF,ID,ANM,WE,Combination Non-Radar Approach Control & Tower w/o Radar,0,10,6,0,16,0,2,5,0,7,0,12,11,0,23,12,0,12,35
10/05/2008,TWF,ID,ANM,WE,Combination Non-Radar Approach Control & Tower w/o Radar,0,7,5,0,12,0,0,9,0,9,0,7,14,0,21,0,0,0,21
10/06/2008,TWF,ID,ANM,WE,Combination Non-Radar Approach Control & Tower w/o Radar,0,15,9,0,24,0,8,19,0,27,0,23,28,0,51,10,0,10,61
10/07/2008,TWF,ID,ANM,WE,Combination Non-Radar Approach Control & Tower w/o Radar,2,20,9,0,31,0,9,30,0,39,2,29,39,0,70,32,0,32,102
10/08/2008,TWF,ID,ANM,WE,Combination Non-Radar Approach Control & Tower w/o Radar,0,25,8,2,35,0,2,15,0,17,0,27,23,2,52,0,0,0,52
10/09/2008,TWF,ID,ANM,WE,Combination Non-Radar Approach Control & Tower w/o Radar,2,22,3,0,27,0,3,12,0,15,2,25,15,0,42,4,0,4,46
10/10/2008,TWF,ID,ANM,WE,Combination Non-Radar Approach Control & Tower w/o Radar,0,30,9,0,39,0,0,7,0,7,0,30,16,0,46,14,0,14,60
10/11/2008,TWF,ID,ANM,WE,Combination Non-Radar Approach Control & Tower w/o Radar,0,15,3,0,18,0,0,0,0,0,0,15,3,0,18,0,0,0,18
10/12/2008,TWF,ID,ANM,WE,Combination Non-Radar Approach Control & Tower w/o Radar,0,23,15,0,38,0,1,1,0,2,0,24,16,0,40,0,0,0,40
10/13/2008,TWF,ID,ANM,WE,Combination Non-Radar Approach Control & Tower w/o Radar,0,13,4,0,17,0,21,36,0,57,0,34,40,0,74,42,0,42,116
10/14/2008,TWF,ID,ANM,WE,Combination Non-Radar Approach Control & Tower w/o Radar,0,21,5,0,26,0,7,30,0,37,0,28,35,0,63,52,0,52,115
10/15/2008,TWF,ID,ANM,WE,Combination Non-Radar Approach Control & Tower w/o Radar,0,25,0,4,29,0,5,23,9,37,0,30,23,13,66,22,14,36,102
10/16/2008,TWF,ID,ANM,WE,Combination Non-Radar Approach Control & Tower w/o Radar,2,18,0,3,23,0,10,23,10,43,2,28,23,13,66,15,6,21,87
10/17/2008,TWF,ID,ANM,WE,Combination Non-Radar Approach Control & Tower w/o Radar,0,15,2,0,17,0,8,16,0,24,0,23,18,0,41,18,0,18,59
10/18/2008,TWF,ID,ANM,WE,Combination Non-Radar Approach Control & Tower w/o Radar,0,9,8,0,17,0,4,62,0,66,0,13,70,0,83,14,0,14,97
10/19/2008,TWF,ID,ANM,WE,Combination Non-Radar Approach Control & Tower w/o Radar,0,9,8,0,17,0,4,40,0,44,0,13,48,0,61,22,0,22,83
10/20/2008,TWF,ID,ANM,WE,Combination Non-Radar Approach Control & Tower w/o Radar,0,20,2,0,22,0,2,19,0,21,0,22,21,0,43,4,0,4,47
10/21/2008,TWF,ID,ANM,WE,Combination Non-Radar Approach Control & Tower w/o Radar,2,31,3,0,36,0,1,10,0,11,2,32,13,0,47,0,0,0,47
10/22/2008,TWF,ID,ANM,WE,Combination Non-Radar Approach Control & Tower w/o Radar,0,22,2,4,28,0,10,30,2,42,0,32,32,6,70,64,0,64,134
10/23/2008,TWF,ID,ANM,WE,Combination Non-Radar Approach Control & Tower w/o Radar,2,24,4,4,34,0,5,26,8,39,2,29,30,12,73,24,10,34,107
10/24/2008,TWF,ID,ANM,WE,Combination Non-Radar Approach Control & Tower w/o Radar,0,18,6,0,24,0,6,26,0,32,0,24,32,0,56,6,0,6,62
10/25/2008,TWF,ID,ANM,WE,Combination Non-Radar Approach Control & Tower w/o Radar,0,8,0,0,8,0,5,22,0,27,0,13,22,0,35,8,0,8,43
10/26/2008,TWF,ID,ANM,WE,Combination Non-Radar Approach Control & Tower w/o Radar,0,8,2,0,10,0,0,21,0,21,0,8,23,0,31,0,0,0,31
10/27/2008,TWF,ID,ANM,WE,Combination Non-Radar Approach Control & Tower w/o Radar,0,18,2,0,20,0,4,13,0,17,0,22,15,0,37,10,0,10,47
10/28/2008,TWF,ID,ANM,WE,Combination Non-Radar Approach Control & Tower w/o Radar,2,21,2,3,28,0,5,19,1,25,2,26,21,4,53,0,0,0,53
10/29/2008,TWF,ID,ANM,WE,Combination Non-Radar Approach Control & Tower w/o Radar,0,20,1,3,24,0,1,9,3,13,0,21,10,6,37,0,0,0,37
10/30/2008,TWF,ID,ANM,WE,Combination Non-Radar Approach Control & Tower w/o Radar,2,24,12,3,41,0,5,31,1,37,2,29,43,4,78,8,10,18,96
10/31/2008,TWF,ID,ANM,WE,Combination Non-Radar Approach Control & Tower w/o Radar,0,20,1,0,21,0,5,14,0,19,0,25,15,0,40,22,0,22,62
11/01/2008,TWF,ID,ANM,WE,Combination Non-Radar Approach Control & Tower w/o Radar,0,16,6,0,22,0,0,17,0,17,0,16,23,0,39,12,0,12,51
11/02/2008,TWF,ID,ANM,WE,Combination Non-Radar Approach Control & Tower w/o Radar,0,11,2,0,13,0,3,4,0,7,0,14,6,0,20,0,0,0,20
11/03/2008,TWF,ID,ANM,WE,Combination Non-Radar Approach Control & Tower w/o Radar,0,20,4,2,26,0,4,8,0,12,0,24,12,2,38,0,0,0,38
11/04/2008,TWF,ID,ANM,WE,Combination Non-Radar Approach Control & Tower w/o Radar,2,28,0,0,30,0,1,2,0,3,2,29,2,0,33,1,0,1,34
11/05/2008,TWF,ID,ANM,WE,Combination Non-Radar Approach Control & Tower w/o Radar,0,21,2,0,23,0,3,11,0,14,0,24,13,0,37,2,0,2,39
11/06/2008,TWF,ID,ANM,WE,Combination Non-Radar Approach Control & Tower w/o Radar,2,24,5,1,32,0,2,20,3,25,2,26,25,4,57,22,4,26,83
11/07/2008,TWF,ID,ANM,WE,Combination Non-Radar Approach Control & Tower w/o Radar,0,24,5,1,30,0,1,29,2,32,0,25,34,3,62,36,0,36,98
11/08/2008,TWF,ID,ANM,WE,Combination Non-Radar Approach Control & Tower w/o Radar,0,14,1,0,15,0,6,31,0,37,0,20,32,0,52,24,0,24,76
11/09/2008,TWF,ID,ANM,WE,Combination Non-Radar Approach Control & Tower w/o Radar,0,11,6,0,17,0,0,1,0,1,0,11,7,0,18,0,0,0,18
11/10/2008,TWF,ID,ANM,WE,Combination Non-Radar Approach Control & Tower w/o Radar,0,28,5,0,33,0,2,9,0,11,0,30,14,0,44,0,0,0,44
11/11/2008,TWF,ID,ANM,WE,Combination Non-Radar Approach Control & Tower w/o Radar,0,21,11,0,32,0,13,20,0,33,0,34,31,0,65,30,0,30,95
11/12/2008,TWF,ID,ANM,WE,Combination Non-Radar Approach Control & Tower w/o Radar,0,31,9,0,40,0,11,3,0,14,0,42,12,0,54,0,0,0,54
11/13/2008,TWF,ID,ANM,WE,Combination Non-Radar Approach Control & Tower w/o Radar,2,27,10,1,40,0,2,9,0,11,2,29,19,1,51,10,16,26,77
11/14/2008,TWF,ID,ANM,WE,Combination Non-Radar Approach Control & Tower w/o Radar,0,21,10,0,31,0,7,18,0,25,0,28,28,0,56,14,0,14,70
11/15/2008,TWF,ID,ANM,WE,Combination Non-Radar Approach Control & Tower w/o Radar,0,11,10,0,21,0,3,30,0,33,0,14,40,0,54,50,0,50,104
11/16/2008,TWF,ID,ANM,WE,Combination Non-Radar Approach Control & Tower w/o Radar,0,8,15,0,23,0,10,48,0,58,0,18,63,0,81,54,0,54,135
11/17/2008,TWF,ID,ANM,WE,Combination Non-Radar Approach Control & Tower w/o Radar,0,16,11,0,27,0,8,11,0,19,0,24,22,0,46,0,0,0,46
11/18/2008,TWF,ID,ANM,WE,Combination Non-Radar Approach Control & Tower w/o Radar,2,35,24,0,61,0,11,19,0,30,2,46,43,0,91,8,0,8,99
11/19/2008,TWF,ID,ANM,WE,Combination Non-Radar Approach Control & Tower w/o Radar,0,29,37,2,68,0,11,31,1,43,0,40,68,3,111,8,2,10,121
11/20/2008,TWF,ID,ANM,WE,Combination Non-Radar Approach Control & Tower w/o Radar,2,17,2,2,23,0,8,15,0,23,2,25,17,2,46,0,18,18,64
11/21/2008,TWF,ID,ANM,WE,Combination Non-Radar Approach Control & Tower w/o Radar,0,14,5,0,19,0,10,26,0,36,0,24,31,0,55,50,0,50,105
11/22/2008,TWF,ID,ANM,WE,Combination Non-Radar Approach Control & Tower w/o Radar,0,10,4,0,14,0,4,34,0,38,0,14,38,0,52,40,0,40,92
11/23/2008,TWF,ID,ANM,WE,Combination Non-Radar Approach Control & Tower w/o Radar,0,9,4,0,13,0,5,26,0,31,0,14,30,0,44,18,0,18,62
11/24/2008,TWF,ID,ANM,WE,Combination Non-Radar Approach Control & Tower w/o Radar,0,17,6,0,23,0,6,20,0,26,0,23,26,0,49,4,0,4,53
11/25/2008,TWF,ID,ANM,WE,Combination Non-Radar Approach Control & Tower w/o Radar,2,21,2,2,27,0,11,28,8,47,2,32,30,10,74,4,10,14,88
11/26/2008,TWF,ID,ANM,WE,Combination Non-Radar Approach Control & Tower w/o Radar,0,19,5,0,24,0,2,41,0,43,0,21,46,0,67,4,0,4,71
11/27/2008,TWF,ID,ANM,WE,Combination Non-Radar Approach Control & Tower w/o Radar,0,4,0,0,4,0,0,14,0,14,0,4,14,0,18,4,0,4,22
11/28/2008,TWF,ID,ANM,WE,Combination Non-Radar Approach Control & Tower w/o Radar,0,17,4,0,21,0,11,0,0,11,0,28,4,0,32,0,0,0,32
11/29/2008,TWF,ID,ANM,WE,Combination Non-Radar Approach Control & Tower w/o Radar,0,15,3,0,18,0,2,7,0,9,0,17,10,0,27,4,0,4,31
11/30/2008,TWF,ID,ANM,WE,Combination Non-Radar Approach Control & Tower w/o Radar,0,11,4,0,15,0,0,18,0,18,0,11,22,0,33,0,0,0,33
12/01/2008,TWF,ID,ANM,WE,Combination Non-Radar Approach Control & Tower w/o Radar,0,16,2,0,18,0,3,26,0,29,0,19,28,0,47,24,0,24,71
12/02/2008,TWF,ID,ANM,WE,Combination Non-Radar Approach Control & Tower w/o Radar,2,23,7,1,33,0,3,0,5,8,2,26,7,6,41,0,6,6,47
12/03/2008,TWF,ID,ANM,WE,Combination Non-Radar Approach Control & Tower w/o Radar,0,21,9,2,32,0,0,11,0,11,0,21,20,2,43,0,0,0,43
12/04/2008,TWF,ID,ANM,WE,Combination Non-Radar Approach Control & Tower w/o Radar,2,22,5,0,29,0,0,6,0,6,2,22,11,0,35,10,0,10,45
12/05/2008,TWF,ID,ANM,WE,Combination Non-Radar Approach Control & Tower w/o Radar,0,17,6,3,26,0,4,26,5,35,0,21,32,8,61,22,20,42,103
12/06/2008,TWF,ID,ANM,WE,Combination Non-Radar Approach Control & Tower w/o Radar,0,10,4,0,14,0,3,53,0,56,0,13,57,0,70,44,0,44,114
12/07/2008,TWF,ID,ANM,WE,Combination Non-Radar Approach Control & Tower w/o Radar,0,7,2,3,12,0,5,27,1,33,0,12,29,4,45,8,8,16,61
12/08/2008,TWF,ID,ANM,WE,Combination Non-Radar Approach Control & Tower w/o Radar,0,18,1,0,19,0,0,0,0,0,0,18,1,0,19,0,0,0,19
12/09/2008,TWF,ID,ANM,WE,Combination Non-Radar Approach Control & Tower w/o Radar,0,27,2,2,31,0,0,20,4,24,0,27,22,6,55,22,18,40,95
12/10/2008,TWF,ID,ANM,WE,Combination Non-Radar Approach Control & Tower w/o Radar,0,23,7,3,33,0,0,35,1,36,0,23,42,4,69,56,16,72,141
12/11/2008,TWF,ID,ANM,WE,Combination Non-Radar Approach Control & Tower w/o Radar,2,23,3,3,31,0,0,22,1,23,2,23,25,4,54,8,10,18,72
12/12/2008,TWF,ID,ANM,WE,Combination Non-Radar Approach Control & Tower w/o Radar,0,22,7,0,29,0,1,23,0,24,0,23,30,0,53,34,0,34,87
12/13/2008,TWF,ID,ANM,WE,Combination Non-Radar Approach Control & Tower w/o Radar,0,14,5,0,19,0,0,7,0,7,0,14,12,0,26,0,0,0,26
12/14/2008,TWF,ID,ANM,WE,Combination Non-Radar Approach Control & Tower w/o Radar,0,15,3,0,18,0,0,6,0,6,0,15,9,0,24,2,0,2,26
12/15/2008,TWF,ID,ANM,WE,Combination Non-Radar Approach Control & Tower w/o Radar,0,35,4,0,39,0,0,0,0,0,0,35,4,0,39,0,0,0,39
12/16/2008,TWF,ID,ANM,WE,Combination Non-Radar Approach Control & Tower w/o Radar,0,29,3,0,32,0,6,3,0,9,0,35,6,0,41,0,0,0,41
12/17/2008,TWF,ID,ANM,WE,Combination Non-Radar Approach Control & Tower w/o Radar,0,25,9,0,34,0,3,24,0,27,0,28,33,0,61,22,0,22,83
12/18/2008,TWF,ID,ANM,WE,Combination Non-Radar Approach Control & Tower w/o Radar,2,24,8,5,39,0,0,12,4,16,2,24,20,9,55,14,6,20,75
12/19/2008,TWF,ID,ANM,WE,Combination Non-Radar Approach Control & Tower w/o Radar,0,46,10,1,57,0,2,3,1,6,0,48,13,2,63,0,22,22,85
12/20/2008,TWF,ID,ANM,WE,Combination Non-Radar Approach Control & Tower w/o Radar,0,16,4,0,20,0,0,0,0,0,0,16,4,0,20,0,0,0,20
12/21/2008,TWF,ID,ANM,WE,Combination Non-Radar Approach Control & Tower w/o Radar,0,34,11,0,45,0,0,0,0,0,0,34,11,0,45,0,0,0,45
12/22/2008,TWF,ID,ANM,WE,Combination Non-Radar Approach Control & Tower w/o Radar,0,48,15,0,63,0,3,7,0,10,0,51,22,0,73,0,0,0,73
12/23/2008,TWF,ID,ANM,WE,Combination Non-Radar Approach Control & Tower w/o Radar,0,34,2,0,36,0,3,4,0,7,0,37,6,0,43,0,0,0,43
12/24/2008,TWF,ID,ANM,WE,Combination Non-Radar Approach Control & Tower w/o Radar,0,29,4,0,33,0,0,2,0,2,0,29,6,0,35,0,0,0,35
12/25/2008,TWF,ID,ANM,WE,Combination Non-Radar Approach Control & Tower w/o Radar,0,19,6,0,25,0,0,0,0,0,0,19,6,0,25,0,0,0,25
12/26/2008,TWF,ID,ANM,WE,Combination Non-Radar Approach Control & Tower w/o Radar,0,38,3,0,41,0,2,8,0,10,0,40,11,0,51,6,0,6,57
12/27/2008,TWF,ID,ANM,WE,Combination Non-Radar Approach Control & Tower w/o Radar,0,38,32,0,70,0,0,1,0,1,0,38,33,0,71,0,0,0,71
12/28/2008,TWF,ID,ANM,WE,Combination Non-Radar Approach Control & Tower w/o Radar,0,34,38,0,72,0,6,3,0,9,0,40,41,0,81,0,0,0,81
12/29/2008,TWF,ID,ANM,WE,Combination Non-Radar Approach Control & Tower w/o Radar,0,43,4,0,47,0,0,21,0,21,0,43,25,0,68,4,0,4,72
12/30/2008,TWF,ID,ANM,WE,Combination Non-Radar Approach Control & Tower w/o Radar,2,29,7,0,38,0,6,30,0,36,2,35,37,0,74,4,0,4,78
12/31/2008,TWF,ID,ANM,WE,Combination Non-Radar Approach Control & Tower w/o Radar,0,24,3,0,27,0,25,22,0,47,0,49,25,0,74,28,0,28,102
01/01/2009,TWF,ID,ANM,WE,Combination Non-Radar Approach Control & Tower w/o Radar,0,43,24,0,67,0,0,7,0,7,0,43,31,0,74,0,0,0,74
01/02/2009,TWF,ID,ANM,WE,Combination Non-Radar Approach Control & Tower w/o Radar,0,73,25,0,98,0,2,1,0,3,0,75,26,0,101,0,0,0,101
01/03/2009,TWF,ID,ANM,WE,Combination Non-Radar Approach Control & Tower w/o Radar,0,20,13,0,33,0,13,14,0,27,0,33,27,0,60,6,0,6,66
01/04/2009,TWF,ID,ANM,WE,Combination Non-Radar Approach Control & Tower w/o Radar,0,13,5,0,18,0,2,12,0,14,0,15,17,0,32,6,0,6,38
01/05/2009,TWF,ID,ANM,WE,Combination Non-Radar Approach Control & Tower w/o Radar,0,50,6,0,56,0,0,0,0,0,0,50,6,0,56,0,0,0,56
01/06/2009,TWF,ID,ANM,WE,Combination Non-Radar Approach Control & Tower w/o Radar,0,47,16,5,68,0,0,0,3,3,0,47,16,8,71,10,4,14,85
01/07/2009,TWF,ID,ANM,WE,Combination Non-Radar Approach Control & Tower w/o Radar,0,27,7,3,37,0,7,19,0,26,0,34,26,3,63,20,8,28,91
01/08/2009,TWF,ID,ANM,WE,Combination Non-Radar Approach Control & Tower w/o Radar,2,26,8,3,39,0,7,2,4,13,2,33,10,7,52,0,16,16,68
01/09/2009,TWF,ID,ANM,WE,Combination Non-Radar Approach Control & Tower w/o Radar,0,26,2,2,30,0,1,9,4,14,0,27,11,6,44,8,19,27,71
01/10/2009,TWF,ID,ANM,WE,Combination Non-Radar Approach Control & Tower w/o Radar,0,12,6,0,18,0,14,18,0,32,0,26,24,0,50,42,0,42,92
01/11/2009,TWF,ID,ANM,WE,Combination Non-Radar Approach Control & Tower w/o Radar,0,7,3,1,11,0,0,10,1,11,0,7,13,2,22,2,4,6,28
01/12/2009,TWF,ID,ANM,WE,Combination Non-Radar Approach Control & Tower w/o Radar,0,16,5,0,21,0,2,10,0,12,0,18,15,0,33,2,0,2,35
01/13/2009,TWF,ID,ANM,WE,Combination Non-Radar Approach Control & Tower w/o Radar,6,26,15,2,49,0,0,0,0,0,6,26,15,2,49,32,0,32,81
01/14/2009,TWF,ID,ANM,WE,Combination Non-Radar Approach Control & Tower w/o Radar,0,25,4,0,29,0,7,29,0,36,0,32,33,0,65,24,0,24,89
01/15/2009,TWF,ID,ANM,WE,Combination Non-Radar Approach Control & Tower w/o Radar,0,16,3,1,20,0,2,0,0,2,0,18,3,1,22,0,0,0,22
01/16/2009,TWF,ID,ANM,WE,Combination Non-Radar Approach Control & Tower w/o Radar,0,2,6,0,8,0,0,0,0,0,0,2,6,0,8,0,0,0,8
01/17/2009,TWF,ID,ANM,WE,Combination Non-Radar Approach Control & Tower w/o Radar,0,9,10,0,19,0,0,0,0,0,0,9,10,0,19,0,0,0,19
01/18/2009,TWF,ID,ANM,WE,Combination Non-Radar Approach Control & Tower w/o Radar,0,7,4,0,11,0,0,1,0,1,0,7,5,0,12,0,0,0,12
01/19/2009,TWF,ID,ANM,WE,Combination Non-Radar Approach Control & Tower w/o Radar,0,12,3,0,15,0,2,4,0,6,0,14,7,0,21,0,0,0,21
01/20/2009,TWF,ID,ANM,WE,Combination Non-Radar Approach Control & Tower w/o Radar,0,13,19,0,32,0,0,0,0,0,0,13,19,0,32,0,0,0,32
01/21/2009,TWF,ID,ANM,WE,Combination Non-Radar Approach Control & Tower w/o Radar,0,10,8,0,18,0,2,3,0,5,0,12,11,0,23,0,0,0,23
01/22/2009,TWF,ID,ANM,WE,Combination Non-Radar Approach Control & Tower w/o Radar,4,19,6,0,29,0,2,0,0,2,4,21,6,0,31,0,0,0,31
01/23/2009,TWF,ID,ANM,WE,Combination Non-Radar Approach Control & Tower w/o Radar,0,30,5,0,35,0,0,0,0,0,0,30,5,0,35,0,0,0,35
01/24/2009,TWF,ID,ANM,WE,Combination Non-Radar Approach Control & Tower w/o Radar,0,29,14,0,43,0,0,20,0,20,0,29,34,0,63,4,0,4,67
01/25/2009,TWF,ID,ANM,WE,Combination Non-Radar Approach Control & Tower w/o Radar,0,38,14,4,56,0,0,0,0,0,0,38,14,4,56,0,0,0,56
01/26/2009,TWF,ID,ANM,WE,Combination Non-Radar Approach Control & Tower w/o Radar,0,25,4,0,29,0,0,0,0,0,0,25,4,0,29,0,0,0,29
01/27/2009,TWF,ID,ANM,WE,Combination Non-Radar Approach Control & Tower w/o Radar,2,35,10,0,47,0,0,24,0,24,2,35,34,0,71,94,0,94,165
01/28/2009,TWF,ID,ANM,WE,Combination Non-Radar Approach Control & Tower w/o Radar,0,30,17,8,55,0,1,13,5,19,0,31,30,13,74,104,10,114,188
01/29/2009,TWF,ID,ANM,WE,Combination Non-Radar Approach Control & Tower w/o Radar,2,18,4,2,26,0,9,37,2,48,2,27,41,4,74,134,14,148,222
01/30/2009,TWF,ID,ANM,WE,Combination Non-Radar Approach Control & Tower w/o Radar,0,16,9,0,25,0,26,34,0,60,0,42,43,0,85,150,0,150,235
01/31/2009,TWF,ID,ANM,WE,Combination Non-Radar Approach Control & Tower w/o Radar,0,15,5,0,20,0,2,3,0,5,0,17,8,0,25,46,0,46,71
02/01/2009,TWF,ID,ANM,WE,Combination Non-Radar Approach Control & Tower w/o Radar,0,9,0,0,9,0,0,14,0,14,0,9,14,0,23,0,0,0,23
02/02/2009,TWF,ID,ANM,WE,Combination Non-Radar Approach Control & Tower w/o Radar,0,16,7,0,23,0,10,23,0,33,0,26,30,0,56,14,6,20,76
02/03/2009,TWF,ID,ANM,WE,Combination Non-Radar Approach Control & Tower w/o Radar,2,23,7,0,32,0,6,19,1,26,2,29,26,1,58,26,14,40,98
02/04/2009,TWF,ID,ANM,WE,Combination Non-Radar Approach Control & Tower w/o Radar,0,25,8,2,35,0,3,28,4,35,0,28,36,6,70,68,2,70,140
02/05/2009,TWF,ID,ANM,WE,Combination Non-Radar Approach Control & Tower w/o Radar,2,25,6,2,35,0,0,26,0,26,2,25,32,2,61,26,16,42,103
02/06/2009,TWF,ID,ANM,WE,Combination Non-Radar Approach Control & Tower w/o Radar,0,35,2,6,43,0,9,11,9,29,0,44,13,15,72,0,18,18,90
02/07/2009,TWF,ID,ANM,WE,Combination Non-Radar Approach Control & Tower w/o Radar,0,16,6,0,22,0,15,7,0,22,0,31,13,0,44,0,0,0,44
02/08/2009,TWF,ID,ANM,WE,Combination Non-Radar Approach Control & Tower w/o Radar,0,7,1,0,8,0,1,13,0,14,0,8,14,0,22,22,0,22,44
02/09/2009,TWF,ID,ANM,WE,Combination Non-Radar Approach Control & Tower w/o Radar,4,19,4,1,28,0,1,0,1,2,4,20,4,2,30,4,0,4,34
02/10/2009,TWF,ID,ANM,WE,Combination Non-Radar Approach Control & Tower w/o Radar,2,28,8,0,38,0,12,5,0,17,2,40,13,0,55,14,0,14,69
02/11/2009,TWF,ID,ANM,WE,Combination Non-Radar Approach Control & Tower w/o Radar,0,25,2,0,27,0,2,22,0,24,0,27,24,0,51,54,0,54,105
02/12/2009,TWF,ID,ANM,WE,Combination Non-Radar Approach Control & Tower w/o Radar,2,21,7,0,30,0,1,7,0,8,2,22,14,0,38,24,0,24,62
02/13/2009,TWF,ID,ANM,WE,Combination Non-Radar Approach Control & Tower w/o Radar,0,38,4,0,42,0,1,22,0,23,0,39,26,0,65,44,0,44,109
02/14/2009,TWF,ID,ANM,WE,Combination Non-Radar Approach Control & Tower w/o Radar,0,33,3,0,36,0,0,8,0,8,0,33,11,0,44,0,0,0,44
02/15/2009,TWF,ID,ANM,WE,Combination Non-Radar Approach Control & Tower w/o Radar,0,9,5,0,14,0,1,4,0,5,0,10,9,0,19,0,0,0,19
02/16/2009,TWF,ID,ANM,WE,Combination Non-Radar Approach Control & Tower w/o Radar,0,28,5,0,33,0,6,48,0,54,0,34,53,0,87,74,0,74,161
02/17/2009,TWF,ID,ANM,WE,Combination Non-Radar Approach Control & Tower w/o Radar,0,29,5,2,36,0,0,6,0,6,0,29,11,2,42,0,14,14,56
02/18/2009,TWF,ID,ANM,WE,Combination Non-Radar Approach Control & Tower w/o Radar,0,20,5,3,28,0,11,35,1,47,0,31,40,4,75,54,0,54,129
02/19/2009,TWF,ID,ANM,WE,Combination Non-Radar Approach Control & Tower w/o Radar,2,20,1,0,23,0,5,33,0,38,2,25,34,0,61,30,0,30,91
02/20/2009,TWF,ID,ANM,WE,Combination Non-Radar Approach Control & Tower w/o Radar,0,21,8,2,31,0,5,26,0,31,0,26,34,2,62,68,2,70,132
02/21/2009,TWF,ID,ANM,WE,Combination Non-Radar Approach Control & Tower w/o Radar,0,13,5,2,20,0,7,56,0,63,0,20,61,2,83,54,0,54,137
02/22/2009,TWF,ID,ANM,WE,Combination Non-Radar Approach Control & Tower w/o Radar,0,13,6,0,19,0,13,10,0,23,0,26,16,0,42,14,0,14,56
02/23/2009,TWF,ID,ANM,WE,Combination Non-Radar Approach Control & Tower w/o Radar,0,32,3,0,35,0,1,4,0,5,0,33,7,0,40,24,0,24,64
02/24/2009,TWF,ID,ANM,WE,Combination Non-Radar Approach Control & Tower w/o Radar,2,28,2,2,34,0,1,17,0,18,2,29,19,2,52,6,0,6,58
02/25/2009,TWF,ID,ANM,WE,Combination Non-Radar Approach Control & Tower w/o Radar,0,23,2,0,25,0,9,10,3,22,0,32,12,3,47,32,3,35,82
02/26/2009,TWF,ID,ANM,WE,Combination Non-Radar Approach Control & Tower w/o Radar,2,38,6,0,46,0,0,7,0,7,2,38,13,0,53,0,0,0,53
02/27/2009,TWF,ID,ANM,WE,Combination Non-Radar Approach Control & Tower w/o Radar,0,26,23,0,49,0,3,13,0,16,0,29,36,0,65,50,0,50,115
02/28/2009,TWF,ID,ANM,WE,Combination Non-Radar Approach Control & Tower w/o Radar,0,13,13,0,26,0,3,12,0,15,0,16,25,0,41,34,0,34,75
03/01/2009,TWF,ID,ANM,WE,Combination Non-Radar Approach Control & Tower w/o Radar,0,9,30,0,39,0,0,29,0,29,0,9,59,0,68,12,0,12,80
03/02/2009,TWF,ID,ANM,WE,Combination Non-Radar Approach Control & Tower w/o Radar,0,22,20,1,43,0,1,20,1,22,0,23,40,2,65,18,0,18,83
03/03/2009,TWF,ID,ANM,WE,Combination Non-Radar Approach Control & Tower w/o Radar,2,28,6,0,36,0,1,16,0,17,2,29,22,0,53,68,0,68,121
03/04/2009,TWF,ID,ANM,WE,Combination Non-Radar Approach Control & Tower w/o Radar,0,36,3,0,39,0,2,12,0,14,0,38,15,0,53,2,0,2,55
03/05/2009,TWF,ID,ANM,WE,Combination Non-Radar Approach Control & Tower w/o Radar,2,31,0,2,35,0,0,3,0,3,2,31,3,2,38,0,22,22,60
03/06/2009,TWF,ID,ANM,WE,Combination Non-Radar Approach Control & Tower w/o Radar,0,32,6,0,38,0,2,0,0,2,0,34,6,0,40,0,0,0,40
03/07/2009,TWF,ID,ANM,WE,Combination Non-Radar Approach Control & Tower w/o Radar,0,10,3,0,13,0,0,0,0,0,0,10,3,0,13,12,0,12,25
03/08/2009,TWF,ID,ANM,WE,Combination Non-Radar Approach Control & Tower w/o Radar,0,8,4,4,16,0,0,0,1,1,0,8,4,5,17,0,0,0,17
03/09/2009,TWF,ID,ANM,WE,Combination Non-Radar Approach Control & Tower w/o Radar,0,18,4,0,22,0,4,7,0,11,0,22,11,0,33,14,0,14,47
03/10/2009,TWF,ID,ANM,WE,Combination Non-Radar Approach Control & Tower w/o Radar,2,22,6,0,30,0,3,7,0,10,2,25,13,0,40,32,0,32,72
03/11/2009,TWF,ID,ANM,WE,Combination Non-Radar Approach Control & Tower w/o Radar,0,24,8,2,34,0,6,38,2,46,0,30,46,4,80,18,6,24,104
03/12/2009,TWF,ID,ANM,WE,Combination Non-Radar Approach Control & Tower w/o Radar,2,20,4,5,31,0,6,28,1,35,2,26,32,6,66,18,14,32,98
03/13/2009,TWF,ID,ANM,WE,Combination Non-Radar Approach Control & Tower w/o Radar,0,15,6,0,21,0,25,60,0,85,0,40,66,0,106,100,0,100,206
03/14/2009,TWF,ID,ANM,WE,Combination Non-Radar Approach Control & Tower w/o Radar,0,11,24,0,35,0,6,18,0,24,0,17,42,0,59,8,0,8,67
03/15/2009,TWF,ID,ANM,WE,Combination Non-Radar Approach Control & Tower w/o Radar,0,26,18,0,44,0,1,23,0,24,0,27,41,0,68,0,0,0,68
03/16/2009,TWF,ID,ANM,WE,Combination Non-Radar Approach Control & Tower w/o Radar,0,26,1,0,27,0,0,7,0,7,0,26,8,0,34,6,0,6,40
03/17/2009,TWF,ID,ANM,WE,Combination Non-Radar Approach Control & Tower w/o Radar,2,20,4,3,29,0,6,8,3,17,2,26,12,6,46,2,18,20,66
03/18/2009,TWF,ID,ANM,WE,Combination Non-Radar Approach Control & Tower w/o Radar,0,16,0,6,22,0,14,34,6,54,0,30,34,12,76,82,12,94,170
03/19/2009,TWF,ID,ANM,WE,Combination Non-Radar Approach Control & Tower w/o Radar,2,19,10,7,38,0,7,25,3,35,2,26,35,10,73,90,26,116,189
03/20/2009,TWF,ID,ANM,WE,Combination Non-Radar Approach Control & Tower w/o Radar,0,16,5,1,22,0,8,41,0,49,0,24,46,1,71,50,0,50,121
03/21/2009,TWF,ID,ANM,WE,Combination Non-Radar Approach Control & Tower w/o Radar,0,15,25,0,40,0,28,30,0,58,0,43,55,0,98,10,0,10,108
03/22/2009,TWF,ID,ANM,WE,Combination Non-Radar Approach Control & Tower w/o Radar,0,25,2,0,27,0,0,0,0,0,0,25,2,0,27,0,0,0,27
03/23/2009,TWF,ID,ANM,WE,Combination Non-Radar Approach Control & Tower w/o Radar,0,16,4,0,20,0,8,5,0,13,0,24,9,0,33,0,0,0,33
03/24/2009,TWF,ID,ANM,WE,Combination Non-Radar Approach Control & Tower w/o Radar,2,24,14,4,44,0,4,31,6,41,2,28,45,10,85,18,16,34,119
03/25/2009,TWF,ID,ANM,WE,Combination Non-Radar Approach Control & Tower w/o Radar,0,27,2,0,29,0,0,15,0,15,0,27,17,0,44,6,0,6,50
03/26/2009,TWF,ID,ANM,WE,Combination Non-Radar Approach Control & Tower w/o Radar,2,19,10,4,35,0,6,26,2,34,2,25,36,6,69,6,8,14,83
03/27/2009,TWF,ID,ANM,WE,Combination Non-Radar Approach Control & Tower w/o Radar,0,18,5,0,23,0,4,20,0,24,0,22,25,0,47,20,0,20,67
03/28/2009,TWF,ID,ANM,WE,Combination Non-Radar Approach Control & Tower w/o Radar,0,10,2,0,12,0,15,22,0,37,0,25,24,0,49,32,0,32,81
03/29/2009,TWF,ID,ANM,WE,Combination Non-Radar Approach Control & Tower w/o Radar,0,14,2,0,16,0,1,1,0,2,0,15,3,0,18,0,0,0,18
03/30/2009,TWF,ID,ANM,WE,Combination Non-Radar Approach Control & Tower w/o Radar,0,12,4,0,16,0,9,16,0,25,0,21,20,0,41,22,0,22,63
03/31/2009,TWF,ID,ANM,WE,Combination Non-Radar Approach Control & Tower w/o Radar,2,22,11,5,40,0,6,1,0,7,2,28,12,5,47,16,10,26,73
04/01/2009,TWF,ID,ANM,WE,Combination Non-Radar Approach Control & Tower w/o Radar,0,21,1,2,24,0,1,5,0,6,0,22,6,2,30,20,2,22,52
04/02/2009,TWF,ID,ANM,WE,Combination Non-Radar Approach Control & Tower w/o Radar,2,29,3,0,34,0,1,6,0,7,2,30,9,0,41,30,0,30,71
04/03/2009,TWF,ID,ANM,WE,Combination Non-Radar Approach Control & Tower w/o Radar,0,30,6,0,36,0,2,6,0,8,0,32,12,0,44,0,0,0,44
04/04/2009,TWF,ID,ANM,WE,Combination Non-Radar Approach Control & Tower w/o Radar,0,13,27,0,40,0,2,23,0,25,0,15,50,0,65,0,0,0,65
04/05/2009,TWF,ID,ANM,WE,Combination Non-Radar Approach Control & Tower w/o Radar,0,6,3,0,9,0,2,39,0,41,0,8,42,0,50,0,0,0,50
04/06/2009,TWF,ID,ANM,WE,Combination Non-Radar Approach Control & Tower w/o Radar,0,14,4,0,18,0,11,32,0,43,0,25,36,0,61,64,0,64,125
04/07/2009,TWF,ID,ANM,WE,Combination Non-Radar Approach Control & Tower w/o Radar,2,24,7,0,33,0,10,36,0,46,2,34,43,0,79,78,0,78,157
04/08/2009,TWF,ID,ANM,WE,Combination Non-Radar Approach Control & Tower w/o Radar,0,25,4,0,29,0,1,10,0,11,0,26,14,0,40,22,0,22,62
04/09/2009,TWF,ID,ANM,WE,Combination Non-Radar Approach Control & Tower w/o Radar,2,24,3,0,29,0,0,10,0,10,2,24,13,0,39,8,0,8,47
04/10/2009,TWF,ID,ANM,WE,Combination Non-Radar Approach Control & Tower w/o Radar,0,30,3,0,33,0,0,13,0,13,0,30,16,0,46,18,0,18,64
04/11/2009,TWF,ID,ANM,WE,Combination Non-Radar Approach Control & Tower w/o Radar,0,15,7,0,22,0,1,9,0,10,0,16,16,0,32,0,0,0,32
04/12/2009,TWF,ID,ANM,WE,Combination Non-Radar Approach Control & Tower w/o Radar,0,9,2,0,11,0,0,32,0,32,0,9,34,0,43,2,0,2,45
04/13/2009,TWF,ID,ANM,WE,Combination Non-Radar Approach Control & Tower w/o Radar,0,17,0,0,17,0,8,19,0,27,0,25,19,0,44,54,0,54,98
04/14/2009,TWF,ID,ANM,WE,Combination Non-Radar Approach Control & Tower w/o Radar,2,27,2,0,31,0,1,10,0,11,2,28,12,0,42,2,0,2,44
04/15/2009,TWF,ID,ANM,WE,Combination Non-Radar Approach Control & Tower w/o Radar,0,35,5,2,42,0,0,0,0,0,0,35,5,2,42,0,0,0,42
04/16/2009,TWF,ID,ANM,WE,Combination Non-Radar Approach Control & Tower w/o Radar,2,40,0,1,43,0,13,29,1,43,2,53,29,2,86,50,0,50,136
04/17/2009,TWF,ID,ANM,WE,Combination Non-Radar Approach Control & Tower w/o Radar,0,16,3,0,19,0,12,57,0,69,0,28,60,0,88,52,0,52,140
04/18/2009,TWF,ID,ANM,WE,Combination Non-Radar Approach Control & Tower w/o Radar,0,15,75,0,90,0,0,0,0,0,0,15,75,0,90,0,0,0,90
04/19/2009,TWF,ID,ANM,WE,Combination Non-Radar Approach Control & Tower w/o Radar,0,9,7,0,16,0,0,58,0,58,0,9,65,0,74,44,0,44,118
04/20/2009,TWF,ID,ANM,WE,Combination Non-Radar Approach Control & Tower w/o Radar,0,11,2,3,16,0,13,67,0,80,0,24,69,3,96,74,0,74,170
04/21/2009,TWF,ID,ANM,WE,Combination Non-Radar Approach Control & Tower w/o Radar,0,18,13,2,33,0,10,42,2,54,0,28,55,4,87,42,26,68,155
04/22/2009,TWF,ID,ANM,WE,Combination Non-Radar Approach Control & Tower w/o Radar,0,18,6,0,24,0,9,41,0,50,0,27,47,0,74,28,0,28,102
04/23/2009,TWF,ID,ANM,WE,Combination Non-Radar Approach Control & Tower w/o Radar,2,13,5,3,23,0,9,16,3,28,2,22,21,6,51,2,18,20,71
04/24/2009,TWF,ID,ANM,WE,Combination Non-Radar Approach Control & Tower w/o Radar,0,17,2,2,21,0,25,15,0,40,0,42,17,2,61,20,4,24,85
04/25/2009,TWF,ID,ANM,WE,Combination Non-Radar Approach Control & Tower w/o Radar,0,11,3,0,14,0,3,20,0,23,0,14,23,0,37,22,4,26,63
04/26/2009,TWF,ID,ANM,WE,Combination Non-Radar Approach Control & Tower w/o Radar,0,7,1,0,8,0,0,0,0,0,0,7,1,0,8,0,0,0,8
04/27/2009,TWF,ID,ANM,WE,Combination Non-Radar Approach Control & Tower w/o Radar,0,12,0,0,12,0,10,14,0,24,0,22,14,0,36,10,0,10,46
04/28/2009,TWF,ID,ANM,WE,Combination Non-Radar Approach Control & Tower w/o Radar,2,23,0,0,25,0,1,3,0,4,2,24,3,0,29,0,0,0,29
04/29/2009,TWF,ID,ANM,WE,Combination Non-Radar Approach Control & Tower w/o Radar,0,23,6,0,29,0,2,27,0,29,0,25,33,0,58,68,0,68,126
04/30/2009,TWF,ID,ANM,WE,Combination Non-Radar Approach Control & Tower w/o Radar,2,26,1,8,37,0,1,28,6,35,2,27,29,14,72,10,14,24,96
05/01/2009,TWF,ID,ANM,WE,Combination Non-Radar Approach Control & Tower w/o Radar,0,18,0,0,18,0,5,18,0,23,0,23,18,0,41,40,0,40,81
05/02/2009,TWF,ID,ANM,WE,Combination Non-Radar Approach Control & Tower w/o Radar,0,16,3,0,19,0,0,10,0,10,0,16,13,0,29,0,0,0,29
05/03/2009,TWF,ID,ANM,WE,Combination Non-Radar Approach Control & Tower w/o Radar,0,9,2,0,11,0,0,10,0,10,0,9,12,0,21,30,0,30,51
05/04/2009,TWF,ID,ANM,WE,Combination Non-Radar Approach Control & Tower w/o Radar,0,17,4,0,21,0,6,26,0,32,0,23,30,0,53,46,0,46,99
05/05/2009,TWF,ID,ANM,WE,Combination Non-Radar Approach Control & Tower w/o Radar,2,16,4,4,26,0,9,15,0,24,2,25,19,4,50,6,0,6,56
05/06/2009,TWF,ID,ANM,WE,Combination Non-Radar Approach Control & Tower w/o Radar,0,20,1,4,25,0,5,10,0,15,0,25,11,4,40,34,0,34,74
05/07/2009,TWF,ID,ANM,WE,Combination Non-Radar Approach Control & Tower w/o Radar,2,16,5,2,25,0,9,10,2,21,2,25,15,4,46,30,0,30,76
05/08/2009,TWF,ID,ANM,WE,Combination Non-Radar Approach Control & Tower w/o Radar,0,13,2,0,15,0,8,42,0,50,0,21,44,0,65,78,0,78,143
05/09/2009,TWF,ID,ANM,WE,Combination Non-Radar Approach Control & Tower w/o Radar,0,11,1,1,13,0,3,41,0,44,0,14,42,1,57,12,0,12,69
05/10/2009,TWF,ID,ANM,WE,Combination Non-Radar Approach Control & Tower w/o Radar,0,9,2,0,11,0,1,25,0,26,0,10,27,0,37,44,0,44,81
05/11/2009,TWF,ID,ANM,WE,Combination Non-Radar Approach Control & Tower w/o Radar,0,18,5,0,23,0,5,25,0,30,0,23,30,0,53,28,0,28,81
05/12/2009,TWF,ID,ANM,WE,Combination Non-Radar Approach Control & Tower w/o Radar,2,18,9,9,38,0,7,20,1,28,2,25,29,10,66,16,14,30,96
05/13/2009,TWF,ID,ANM,WE,Combination Non-Radar Approach Control & Tower w/o Radar,0,14,8,2,24,0,9,59,0,68,0,23,67,2,92,128,10,138,230
05/14/2009,TWF,ID,ANM,WE,Combination Non-Radar Approach Control & Tower w/o Radar,2,19,22,0,43,0,3,62,0,65,2,22,84,0,108,22,0,22,130
05/15/2009,TWF,ID,ANM,WE,Combination Non-Radar Approach Control & Tower w/o Radar,0,15,4,0,19,0,5,46,0,51,0,20,50,0,70,90,0,90,160
05/16/2009,TWF,ID,ANM,WE,Combination Non-Radar Approach Control & Tower w/o Radar,0,9,4,0,13,0,0,53,0,53,0,9,57,0,66,28,0,28,94
05/17/2009,TWF,ID,ANM,WE,Combination Non-Radar Approach Control & Tower w/o Radar,0,7,0,0,7,0,0,2,0,2,0,7,2,0,9,0,0,0,9
05/18/2009,TWF,ID,ANM,WE,Combination Non-Radar Approach Control & Tower w/o Radar,0,11,1,0,12,0,15,33,0,48,0,26,34,0,60,60,0,60,120
05/19/2009,TWF,ID,ANM,WE,Combination Non-Radar Approach Control & Tower w/o Radar,2,17,3,0,22,0,17,16,0,33,2,34,19,0,55,0,0,0,55
05/20/2009,TWF,ID,ANM,WE,Combination Non-Radar Approach Control & Tower w/o Radar,0,15,3,0,18,0,7,16,0,23,0,22,19,0,41,20,0,20,61
05/21/2009,TWF,ID,ANM,WE,Combination Non-Radar Approach Control & Tower w/o Radar,2,18,0,4,24,0,6,77,2,85,2,24,77,6,109,102,6,108,217
05/22/2009,TWF,ID,ANM,WE,Combination Non-Radar Approach Control & Tower w/o Radar,0,19,3,0,22,0,0,29,0,29,0,19,32,0,51,0,104,104,155
05/23/2009,TWF,ID,ANM,WE,Combination Non-Radar Approach Control & Tower w/o Radar,0,11,21,0,32,0,0,0,0,0,0,11,21,0,32,14,0,14,46
05/24/2009,TWF,ID,ANM,WE,Combination Non-Radar Approach Control & Tower w/o Radar,0,5,2,0,7,0,0,9,0,9,0,5,11,0,16,4,0,4,20
05/25/2009,TWF,ID,ANM,WE,Combination Non-Radar Approach Control & Tower w/o Radar,0,7,2,0,9,0,3,36,0,39,0,10,38,0,48,36,0,36,84
05/26/2009,TWF,ID,ANM,WE,Combination Non-Radar Approach Control & Tower w/o Radar,0,14,8,5,27,0,12,52,1,65,0,26,60,6,92,52,18,70,162
05/27/2009,TWF,ID,ANM,WE,Combination Non-Radar Approach Control & Tower w/o Radar,0,22,5,0,27,0,8,53,6,67,0,30,58,6,94,28,0,28,122
05/28/2009,TWF,ID,ANM,WE,Combination Non-Radar Approach Control & Tower w/o Radar,2,19,9,4,34,0,11,43,4,58,2,30,52,8,92,60,10,70,162
05/29/2009,TWF,ID,ANM,WE,Combination Non-Radar Approach Control & Tower w/o Radar,0,15,10,0,25,0,13,35,0,48,0,28,45,0,73,30,0,30,103
05/30/2009,TWF,ID,ANM,WE,Combination Non-Radar Approach Control & Tower w/o Radar,0,10,1,0,11,0,5,49,0,54,0,15,50,0,65,40,0,40,105
05/31/2009,TWF,ID,ANM,WE,Combination Non-Radar Approach Control & Tower w/o Radar,0,9,2,0,11,0,0,0,0,0,0,9,2,0,11,4,0,4,15
06/01/2009,TWF,ID,ANM,WE,Combination Non-Radar Approach Control & Tower w/o Radar,0,15,4,2,21,0,5,62,0,67,0,20,66,2,88,36,12,48,136
06/02/2009,TWF,ID,ANM,WE,Combination Non-Radar Approach Control & Tower w/o Radar,2,20,10,0,32,0,7,7,0,14,2,27,17,0,46,2,0,2,48
06/03/2009,TWF,ID,ANM,WE,Combination Non-Radar Approach Control & Tower w/o Radar,0,20,12,0,32,0,7,61,0,68,0,27,73,0,100,68,0,68,168
06/04/2009,TWF,ID,ANM,WE,Combination Non-Radar Approach Control & Tower w/o Radar,2,17,7,0,26,0,8,60,0,68,2,25,67,0,94,12,0,12,106
06/05/2009,TWF,ID,ANM,WE,Combination Non-Radar Approach Control & Tower w/o Radar,0,20,15,0,35,0,0,15,0,15,0,20,30,0,50,8,0,8,58
06/06/2009,TWF,ID,ANM,WE,Combination Non-Radar Approach Control & Tower w/o Radar,0,22,5,0,27,0,0,0,0,0,0,22,5,0,27,12,0,12,39
06/07/2009,TWF,ID,ANM,WE,Combination Non-Radar Approach Control & Tower w/o Radar,0,8,5,0,13,0,0,10,0,10,0,8,15,0,23,0,0,0,23
06/08/2009,TWF,ID,ANM,WE,Combination Non-Radar Approach Control & Tower w/o Radar,0,13,3,0,16,0,7,50,0,57,0,20,53,0,73,2,0,2,75
06/09/2009,TWF,ID,ANM,WE,Combination Non-Radar Approach Control & Tower w/o Radar,2,19,2,0,23,0,4,46,0,50,2,23,48,0,73,6,0,6,79
06/10/2009,TWF,ID,ANM,WE,Combination Non-Radar Approach Control & Tower w/o Radar,0,20,7,3,30,0,11,51,0,62,0,31,58,3,92,86,20,106,198
06/11/2009,TWF,ID,ANM,WE,Combination Non-Radar Approach Control & Tower w/o Radar,2,19,6,6,33,0,10,29,4,43,2,29,35,10,76,18,26,44,120
06/12/2009,TWF,ID,ANM,WE,Combination Non-Radar Approach Control & Tower w/o Radar,0,25,4,3,32,0,6,51,0,57,0,31,55,3,89,58,0,58,147
06/13/2009,TWF,ID,ANM,WE,Combination Non-Radar Approach Control & Tower w/o Radar,0,12,3,6,21,0,3,7,0,10,0,15,10,6,31,0,0,0,31
06/14/2009,TWF,ID,ANM,WE,Combination Non-Radar Approach Control & Tower w/o Radar,0,9,3,1,13,0,0,15,0,15,0,9,18,1,28,0,0,0,28
06/15/2009,TWF,ID,ANM,WE,Combination Non-Radar Approach Control & Tower w/o Radar,0,15,11,0,26,0,2,41,0,43,0,17,52,0,69,32,0,32,101
06/16/2009,TWF,ID,ANM,WE,Combination Non-Radar Approach Control & Tower w/o Radar,0,18,5,10,33,0,10,68,5,83,0,28,73,15,116,50,16,66,182
06/17/2009,TWF,ID,ANM,WE,Combination Non-Radar Approach Control & Tower w/o Radar,0,16,7,5,28,0,7,33,0,40,0,23,40,5,68,26,22,48,116
06/18/2009,TWF,ID,ANM,WE,Combination Non-Radar Approach Control & Tower w/o Radar,2,17,5,0,24,0,11,39,0,50,2,28,44,0,74,38,0,38,112
06/19/2009,TWF,ID,ANM,WE,Combination Non-Radar Approach Control & Tower w/o Radar,0,16,2,0,18,0,10,75,0,85,0,26,77,0,103,68,0,68,171
06/20/2009,TWF,ID,ANM,WE,Combination Non-Radar Approach Control & Tower w/o Radar,0,14,4,0,18,0,0,0,0,0,0,14,4,0,18,0,0,0,18
06/21/2009,TWF,ID,ANM,WE,Combination Non-Radar Approach Control & Tower w/o Radar,0,15,22,0,37,0,0,0,0,0,0,15,22,0,37,6,0,6,43
06/22/2009,TWF,ID,ANM,WE,Combination Non-Radar Approach Control & Tower w/o Radar,0,15,9,0,24,0,19,97,0,116,0,34,106,0,140,56,0,56,196
06/23/2009,TWF,ID,ANM,WE,Combination Non-Radar Approach Control & Tower w/o Radar,0,20,13,3,36,0,7,72,1,80,0,27,85,4,116,24,36,60,176
06/24/2009,TWF,ID,ANM,WE,Combination Non-Radar Approach Control & Tower w/o Radar,0,22,19,0,41,0,16,98,0,114,0,38,117,0,155,24,0,24,179
06/25/2009,TWF,ID,ANM,WE,Combination Non-Radar Approach Control & Tower w/o Radar,2,24,3,3,32,0,19,52,1,72,2,43,55,4,104,34,14,48,152
06/26/2009,TWF,ID,ANM,WE,Combination Non-Radar Approach Control & Tower w/o Radar,2,18,6,0,26,0,10,60,0,70,2,28,66,0,96,24,0,24,120
06/27/2009,TWF,ID,ANM,WE,Combination Non-Radar Approach Control & Tower w/o Radar,0,11,7,0,18,0,20,76,0,96,0,31,83,0,114,60,0,60,174
06/28/2009,TWF,ID,ANM,WE,Combination Non-Radar Approach Control & Tower w/o Radar,0,9,4,0,13,0,0,44,0,44,0,9,48,0,57,20,0,20,77
06/29/2009,TWF,ID,ANM,WE,Combination Non-Radar Approach Control & Tower w/o Radar,0,14,6,0,20,0,9,56,0,65,0,23,62,0,85,20,0,20,105
06/30/2009,TWF,ID,ANM,WE,Combination Non-Radar Approach Control & Tower w/o Radar,2,18,2,0,22,0,6,44,0,50,2,24,46,0,72,12,14,26,98
07/01/2009,TWF,ID,ANM,WE,Combination Non-Radar Approach Control & Tower w/o Radar,0,19,2,6,27,0,10,63,8,81,0,29,65,14,108,32,36,68,176
07/02/2009,TWF,ID,ANM,WE,Combination Non-Radar Approach Control & Tower w/o Radar,2,19,5,0,26,0,7,85,0,92,2,26,90,0,118,44,0,44,162
07/03/2009,TWF,ID,ANM,WE,Combination Non-Radar Approach Control & Tower w/o Radar,0,16,4,0,20,0,22,78,0,100,0,38,82,0,120,20,0,20,140
07/04/2009,TWF,ID,ANM,WE,Combination Non-Radar Approach Control & Tower w/o Radar,0,12,6,0,18,0,0,55,0,55,0,12,61,0,73,8,0,8,81
07/05/2009,TWF,ID,ANM,WE,Combination Non-Radar Approach Control & Tower w/o Radar,0,7,1,0,8,0,0,33,0,33,0,7,34,0,41,0,0,0,41
07/06/2009,TWF,ID,ANM,WE,Combination Non-Radar Approach Control & Tower w/o Radar,0,12,8,0,20,0,7,40,0,47,0,19,48,0,67,10,0,10,77
07/07/2009,TWF,ID,ANM,WE,Combination Non-Radar Approach Control & Tower w/o Radar,0,25,12,3,40,0,10,59,0,69,0,35,71,3,109,20,0,20,129
07/08/2009,TWF,ID,ANM,WE,Combination Non-Radar Approach Control & Tower w/o Radar,0,18,13,1,32,0,11,23,3,37,0,29,36,4,69,0,0,0,69
07/09/2009,TWF,ID,ANM,WE,Combination Non-Radar Approach Control & Tower w/o Radar,2,14,7,0,23,0,12,85,0,97,2,26,92,0,120,38,0,38,158
07/10/2009,TWF,ID,ANM,WE,Combination Non-Radar Approach Control & Tower w/o Radar,0,13,5,0,18,0,22,46,4,72,0,35,51,4,90,42,0,42,132
07/11/2009,TWF,ID,ANM,WE,Combination Non-Radar Approach Control & Tower w/o Radar,0,16,8,0,24,0,18,65,0,83,0,34,73,0,107,38,0,38,145
07/12/2009,TWF,ID,ANM,WE,Combination Non-Radar Approach Control & Tower w/o Radar,0,7,2,0,9,0,0,26,0,26,0,7,28,0,35,0,0,0,35
07/13/2009,TWF,ID,ANM,WE,Combination Non-Radar Approach Control & Tower w/o Radar,0,11,6,0,17,0,10,23,0,33,0,21,29,0,50,4,0,4,54
07/14/2009,TWF,ID,ANM,WE,Combination Non-Radar Approach Control & Tower w/o Radar,2,15,19,0,36,0,6,72,0,78,2,21,91,0,114,28,0,28,142
07/15/2009,TWF,ID,ANM,WE,Combination Non-Radar Approach Control & Tower w/o Radar,0,16,8,5,29,0,7,40,5,52,0,23,48,10,81,40,2,42,123
07/16/2009,TWF,ID,ANM,WE,Combination Non-Radar Approach Control & Tower w/o Radar,2,18,4,2,26,0,12,59,4,75,2,30,63,6,101,44,4,48,149
07/17/2009,TWF,ID,ANM,WE,Combination Non-Radar Approach Control & Tower w/o Radar,0,16,5,4,25,0,7,85,4,96,0,23,90,8,121,16,0,16,137
07/18/2009,TWF,ID,ANM,WE,Combination Non-Radar Approach Control & Tower w/o Radar,0,10,1,0,11,0,2,58,0,60,0,12,59,0,71,44,0,44,115
07/19/2009,TWF,ID,ANM,WE,Combination Non-Radar Approach Control & Tower w/o Radar,0,9,24,0,33,0,0,0,0,0,0,9,24,0,33,0,0,0,33
07/20/2009,TWF,ID,ANM,WE,Combination Non-Radar Approach Control & Tower w/o Radar,0,16,2,0,18,0,13,43,0,56,0,29,45,0,74,0,0,0,74
07/21/2009,TWF,ID,ANM,WE,Combination Non-Radar Approach Control & Tower w/o Radar,2,15,2,0,19,0,15,38,0,53,2,30,40,0,72,18,0,18,90
07/22/2009,TWF,ID,ANM,WE,Combination Non-Radar Approach Control & Tower w/o Radar,0,18,5,7,30,0,10,101,0,111,0,28,106,7,141,50,20,70,211
07/23/2009,TWF,ID,ANM,WE,Combination Non-Radar Approach Control & Tower w/o Radar,2,15,5,2,24,0,8,64,0,72,2,23,69,2,96,26,2,28,124
07/24/2009,TWF,ID,ANM,WE,Combination Non-Radar Approach Control & Tower w/o Radar,0,15,7,2,24,0,22,80,0,102,0,37,87,2,126,26,0,26,152
07/25/2009,TWF,ID,ANM,WE,Combination Non-Radar Approach Control & Tower w/o Radar,0,11,6,0,17,0,15,94,0,109,0,26,100,0,126,42,0,42,168
07/26/2009,TWF,ID,ANM,WE,Combination Non-Radar Approach Control & Tower w/o Radar,0,6,37,0,43,0,0,0,0,0,0,6,37,0,43,10,0,10,53
07/27/2009,TWF,ID,ANM,WE,Combination Non-Radar Approach Control & Tower w/o Radar,0,12,6,0,18,0,7,31,0,38,0,19,37,0,56,0,0,0,56
07/28/2009,TWF,ID,ANM,WE,Combination Non-Radar Approach Control & Tower w/o Radar,2,19,3,1,25,0,7,47,2,56,2,26,50,3,81,20,2,22,103
07/29/2009,TWF,ID,ANM,WE,Combination Non-Radar Approach Control & Tower w/o Radar,0,14,5,0,19,0,9,52,0,61,0,23,57,0,80,8,0,8,88
07/30/2009,TWF,ID,ANM,WE,Combination Non-Radar Approach Control & Tower w/o Radar,2,34,68,4,108,0,0,0,0,0,2,34,68,4,108,32,0,32,140
07/31/2009,TWF,ID,ANM,WE,Combination Non-Radar Approach Control & Tower w/o Radar,0,15,2,0,17,0,12,65,0,77,0,27,67,0,94,10,0,10,104
08/01/2009,TWF,ID,ANM,WE,Combination Non-Radar Approach Control & Tower w/o Radar,0,13,68,10,91,0,0,0,0,0,0,13,68,10,91,30,20,50,141
08/02/2009,TWF,ID,ANM,WE,Combination Non-Radar Approach Control & Tower w/o Radar,0,6,2,0,8,0,1,43,0,44,0,7,45,0,52,0,0,0,52
08/03/2009,TWF,ID,ANM,WE,Combination Non-Radar Approach Control & Tower w/o Radar,1,13,6,5,25,0,7,54,0,61,1,20,60,5,86,30,6,36,122
08/04/2009,TWF,ID,ANM,WE,Combination Non-Radar Approach Control & Tower w/o Radar,2,19,6,2,29,0,7,83,1,91,2,26,89,3,120,36,4,40,160
08/05/2009,TWF,ID,ANM,WE,Combination Non-Radar Approach Control & Tower w/o Radar,0,19,7,3,29,0,10,82,3,95,0,29,89,6,124,54,10,64,188
08/06/2009,TWF,ID,ANM,WE,Combination Non-Radar Approach Control & Tower w/o Radar,2,24,9,0,35,0,11,64,0,75,2,35,73,0,110,110,22,132,242
08/07/2009,TWF,ID,ANM,WE,Combination Non-Radar Approach Control & Tower w/o Radar,1,19,6,0,26,30,44,0,0,74,31,63,6,0,100,64,0,64,164
08/08/2009,TWF,ID,ANM,WE,Combination Non-Radar Approach Control & Tower w/o Radar,0,12,5,0,17,0,14,18,0,32,0,26,23,0,49,32,0,32,81
08/09/2009,TWF,ID,ANM,WE,Combination Non-Radar Approach Control & Tower w/o Radar,0,8,4,0,12,0,2,44,2,48,0,10,48,2,60,16,0,16,76
08/10/2009,TWF,ID,ANM,WE,Combination Non-Radar Approach Control & Tower w/o Radar,0,12,3,2,17,0,15,67,2,84,0,27,70,4,101,32,0,32,133
08/11/2009,TWF,ID,ANM,WE,Combination Non-Radar Approach Control & Tower w/o Radar,2,14,4,0,20,0,8,44,4,56,2,22,48,4,76,20,0,20,96
08/12/2009,TWF,ID,ANM,WE,Combination Non-Radar Approach Control & Tower w/o Radar,2,22,9,3,36,0,9,57,8,74,2,31,66,11,110,64,10,74,184
08/13/2009,TWF,ID,ANM,WE,Combination Non-Radar Approach Control & Tower w/o Radar,2,20,6,0,28,0,7,76,6,89,2,27,82,6,117,92,0,92,209
08/14/2009,TWF,ID,ANM,WE,Combination Non-Radar Approach Control & Tower w/o Radar,0,15,5,3,23,0,28,37,5,70,0,43,42,8,93,14,8,22,115
08/15/2009,TWF,ID,ANM,WE,Combination Non-Radar Approach Control & Tower w/o Radar,0,12,0,0,12,0,16,16,0,32,0,28,16,0,44,16,0,16,60
08/16/2009,TWF,ID,ANM,WE,Combination Non-Radar Approach Control & Tower w/o Radar,0,9,3,0,12,0,0,29,0,29,0,9,32,0,41,22,0,22,63
08/17/2009,TWF,ID,ANM,WE,Combination Non-Radar Approach Control & Tower w/o Radar,0,14,2,2,18,0,6,57,2,65,0,20,59,4,83,34,24,58,141
08/18/2009,TWF,ID,ANM,WE,Combination Non-Radar Approach Control & Tower w/o Radar,2,18,10,2,32,0,10,45,2,57,2,28,55,4,89,42,2,44,133
08/19/2009,TWF,ID,ANM,WE,Combination Non-Radar Approach Control & Tower w/o Radar,0,19,6,1,26,0,5,60,3,68,0,24,66,4,94,0,8,8,102
08/20/2009,TWF,ID,ANM,WE,Combination Non-Radar Approach Control & Tower w/o Radar,2,16,9,3,30,0,12,33,1,46,2,28,42,4,76,32,16,48,124
08/21/2009,TWF,ID,ANM,WE,Combination Non-Radar Approach Control & Tower w/o Radar,0,20,3,0,23,0,6,31,0,37,0,26,34,0,60,4,0,4,64
08/22/2009,TWF,ID,ANM,WE,Combination Non-Radar Approach Control & Tower w/o Radar,0,11,3,0,14,0,15,35,0,50,0,26,38,0,64,6,0,6,70
08/23/2009,TWF,ID,ANM,WE,Combination Non-Radar Approach Control & Tower w/o Radar,0,7,0,0,7,0,0,12,0,12,0,7,12,0,19,8,0,8,27
08/24/2009,TWF,ID,ANM,WE,Combination Non-Radar Approach Control & Tower w/o Radar,0,16,3,3,22,0,10,25,0,35,0,26,28,3,57,0,0,0,57
08/25/2009,TWF,ID,ANM,WE,Combination Non-Radar Approach Control & Tower w/o Radar,2,21,9,4,36,0,10,54,0,64,2,31,63,4,100,54,10,64,164
08/26/2009,TWF,ID,ANM,WE,Combination Non-Radar Approach Control & Tower w/o Radar,0,20,6,0,26,0,12,44,0,56,0,32,50,0,82,40,0,40,122
08/27/2009,TWF,ID,ANM,WE,Combination Non-Radar Approach Control & Tower w/o Radar,2,26,6,4,38,0,6,28,8,42,2,32,34,12,80,28,16,44,124
08/28/2009,TWF,ID,ANM,WE,Combination Non-Radar Approach Control & Tower w/o Radar,0,16,3,0,19,0,26,59,0,85,0,42,62,0,104,20,0,20,124
08/29/2009,TWF,ID,ANM,WE,Combination Non-Radar Approach Control & Tower w/o Radar,0,10,6,0,16,0,15,49,0,64,0,25,55,0,80,26,0,26,106
08/30/2009,TWF,ID,ANM,WE,Combination Non-Radar Approach Control & Tower w/o Radar,0,7,0,0,7,0,0,28,0,28,0,7,28,0,35,16,0,16,51
08/31/2009,TWF,ID,ANM,WE,Combination Non-Radar Approach Control & Tower w/o Radar,0,14,2,5,21,0,10,44,2,56,0,24,46,7,77,10,2,12,89
09/01/2009,TWF,ID,ANM,WE,Combination Non-Radar Approach Control & Tower w/o Radar,2,21,6,5,34,0,8,69,3,80,2,29,75,8,114,46,8,54,168
09/02/2009,TWF,ID,ANM,WE,Combination Non-Radar Approach Control & Tower w/o Radar,0,22,5,5,32,0,9,23,0,32,0,31,28,5,64,2,20,22,86
09/03/2009,TWF,ID,ANM,WE,Combination Non-Radar Approach Control & Tower w/o Radar,2,24,7,5,38,0,5,46,0,51,2,29,53,5,89,22,20,42,131
09/04/2009,TWF,ID,ANM,WE,Combination Non-Radar Approach Control & Tower w/o Radar,0,19,9,0,28,0,33,59,0,92,0,52,68,0,120,32,0,32,152
09/05/2009,TWF,ID,ANM,WE,Combination Non-Radar Approach Control & Tower w/o Radar,0,11,1,0,12,0,16,33,0,49,0,27,34,0,61,42,0,42,103
09/06/2009,TWF,ID,ANM,WE,Combination Non-Radar Approach Control & Tower w/o Radar,0,10,0,0,10,0,0,26,0,26,0,10,26,0,36,6,0,6,42
09/07/2009,TWF,ID,ANM,WE,Combination Non-Radar Approach Control & Tower w/o Radar,0,11,7,0,18,0,0,45,0,45,0,11,52,0,63,4,0,4,67
09/08/2009,TWF,ID,ANM,WE,Combination Non-Radar Approach Control & Tower w/o Radar,0,15,0,2,17,0,5,28,0,33,0,20,28,2,50,36,2,38,88
09/09/2009,TWF,ID,ANM,WE,Combination Non-Radar Approach Control & Tower w/o Radar,0,22,6,0,28,0,6,51,0,57,0,28,57,0,85,18,0,18,103
09/10/2009,TWF,ID,ANM,WE,Combination Non-Radar Approach Control & Tower w/o Radar,2,23,1,4,30,0,1,34,0,35,2,24,35,4,65,10,20,30,95
09/11/2009,TWF,ID,ANM,WE,Combination Non-Radar Approach Control & Tower w/o Radar,0,21,4,3,28,0,7,28,1,36,0,28,32,4,64,22,0,22,86
09/12/2009,TWF,ID,ANM,WE,Combination Non-Radar Approach Control & Tower w/o Radar,2,13,4,0,19,0,6,131,0,137,2,19,135,0,156,10,0,10,166
09/13/2009,TWF,ID,ANM,WE,Combination Non-Radar Approach Control & Tower w/o Radar,0,13,9,2,24,0,0,39,0,39,0,13,48,2,63,24,0,24,87
09/14/2009,TWF,ID,ANM,WE,Combination Non-Radar Approach Control & Tower w/o Radar,0,20,6,0,26,0,5,14,0,19,0,25,20,0,45,10,0,10,55
09/15/2009,TWF,ID,ANM,WE,Combination Non-Radar Approach Control & Tower w/o Radar,2,21,4,0,27,0,5,49,0,54,2,26,53,0,81,54,0,54,135
09/16/2009,TWF,ID,ANM,WE,Combination Non-Radar Approach Control & Tower w/o Radar,0,22,3,0,25,0,5,39,0,44,0,27,42,0,69,44,0,44,113
09/17/2009,TWF,ID,ANM,WE,Combination Non-Radar Approach Control & Tower w/o Radar,2,22,2,0,26,0,3,52,0,55,2,25,54,0,81,16,0,16,97
09/18/2009,TWF,ID,ANM,WE,Combination Non-Radar Approach Control & Tower w/o Radar,0,19,4,0,23,0,2,45,0,47,0,21,49,0,70,38,0,38,108
09/19/2009,TWF,ID,ANM,WE,Combination Non-Radar Approach Control & Tower w/o Radar,0,11,11,0,22,0,16,83,0,99,0,27,94,0,121,52,0,52,173
09/20/2009,TWF,ID,ANM,WE,Combination Non-Radar Approach Control & Tower w/o Radar,0,12,7,0,19,0,0,20,0,20,0,12,27,0,39,8,0,8,47
09/21/2009,TWF,ID,ANM,WE,Combination Non-Radar Approach Control & Tower w/o Radar,0,18,5,3,26,0,5,44,1,50,0,23,49,4,76,28,22,50,126
09/22/2009,TWF,ID,ANM,WE,Combination Non-Radar Approach Control & Tower w/o Radar,0,19,9,4,32,0,13,40,0,53,0,32,49,4,85,42,0,42,127
09/23/2009,TWF,ID,ANM,WE,Combination Non-Radar Approach Control & Tower w/o Radar,0,20,7,2,29,0,6,35,2,43,0,26,42,4,72,10,14,24,96
09/24/2009,TWF,ID,ANM,WE,Combination Non-Radar Approach Control & Tower w/o Radar,2,19,11,3,35,0,8,24,4,36,2,27,35,7,71,20,24,44,115
09/25/2009,TWF,ID,ANM,WE,Combination Non-Radar Approach Control & Tower w/o Radar,0,20,3,0,23,0,1,35,0,36,0,21,38,0,59,8,0,8,67
09/26/2009,TWF,ID,ANM,WE,Combination Non-Radar Approach Control & Tower w/o Radar,0,9,6,0,15,0,12,40,0,52,0,21,46,0,67,46,0,46,113
09/27/2009,TWF,ID,ANM,WE,Combination Non-Radar Approach Control & Tower w/o Radar,0,8,3,0,11,0,0,57,0,57,0,8,60,0,68,0,0,0,68
09/28/2009,TWF,ID,ANM,WE,Combination Non-Radar Approach Control & Tower w/o Radar,0,18,3,2,23,0,5,41,0,46,0,23,44,2,69,0,8,8,77
09/29/2009,TWF,ID,ANM,WE,Combination Non-Radar Approach Control & Tower w/o Radar,0,29,5,2,36,0,9,29,0,38,0,38,34,2,74,0,8,8,82
09/30/2009,TWF,ID,ANM,WE,Combination Non-Radar Approach Control & Tower w/o Radar,0,24,2,0,26,0,1,9,0,10,0,25,11,0,36,6,0,6,42
10/01/2009,TWF,ID,ANM,WE,Combination Non-Radar Approach Control & Tower w/o Radar,2,29,8,0,39,0,8,38,0,46,2,37,46,0,85,30,0,30,115
10/02/2009,TWF,ID,ANM,WE,Combination Non-Radar Approach Control & Tower w/o Radar,0,18,12,0,30,0,11,49,0,60,0,29,61,0,90,26,0,26,116
10/03/2009,TWF,ID,ANM,WE,Combination Non-Radar Approach Control & Tower w/o Radar,0,16,1,0,17,0,24,16,0,40,0,40,17,0,57,6,0,6,63
10/04/2009,TWF,ID,ANM,WE,Combination Non-Radar Approach Control & Tower w/o Radar,0,14,5,0,19,0,10,6,0,16,0,24,11,0,35,0,0,0,35
10/05/2009,TWF,ID,ANM,WE,Combination Non-Radar Approach Control & Tower w/o Radar,0,39,14,2,55,0,1,6,0,7,0,40,20,2,62,0,0,0,62
10/06/2009,TWF,ID,ANM,WE,Combination Non-Radar Approach Control & Tower w/o Radar,0,22,10,1,33,0,4,25,0,29,0,26,35,1,62,8,0,8,70
10/07/2009,TWF,ID,ANM,WE,Combination Non-Radar Approach Control & Tower w/o Radar,0,23,4,3,30,0,8,29,4,41,0,31,33,7,71,12,18,30,101
10/08/2009,TWF,ID,ANM,WE,Combination Non-Radar Approach Control & Tower w/o Radar,2,20,9,6,37,0,7,26,0,33,2,27,35,6,70,28,18,46,116
10/09/2009,TWF,ID,ANM,WE,Combination Non-Radar Approach Control & Tower w/o Radar,0,22,3,0,25,0,1,11,0,12,0,23,14,0,37,0,0,0,37
10/10/2009,TWF,ID,ANM,WE,Combination Non-Radar Approach Control & Tower w/o Radar,0,12,1,0,13,0,16,30,0,46,0,28,31,0,59,16,0,16,75
10/11/2009,TWF,ID,ANM,WE,Combination Non-Radar Approach Control & Tower w/o Radar,0,8,5,0,13,0,8,18,0,26,0,16,23,0,39,22,0,22,61
10/12/2009,TWF,ID,ANM,WE,Combination Non-Radar Approach Control & Tower w/o Radar,0,11,7,0,18,0,3,27,0,30,0,14,34,0,48,18,0,18,66
10/13/2009,TWF,ID,ANM,WE,Combination Non-Radar Approach Control & Tower w/o Radar,0,22,8,0,30,0,7,3,0,10,0,29,11,0,40,0,0,0,40
10/14/2009,TWF,ID,ANM,WE,Combination Non-Radar Approach Control & Tower w/o Radar,0,26,4,0,30,0,7,0,0,7,0,33,4,0,37,0,0,0,37
10/15/2009,TWF,ID,ANM,WE,Combination Non-Radar Approach Control & Tower w/o Radar,2,22,10,0,34,0,10,28,0,38,2,32,38,0,72,68,0,68,140
10/16/2009,TWF,ID,ANM,WE,Combination Non-Radar Approach Control & Tower w/o Radar,0,22,35,0,57,0,0,4,0,4,0,22,39,0,61,28,0,28,89
10/17/2009,TWF,ID,ANM,WE,Combination Non-Radar Approach Control & Tower w/o Radar,0,11,4,0,15,0,2,22,0,24,0,13,26,0,39,54,0,54,93
10/18/2009,TWF,ID,ANM,WE,Combination Non-Radar Approach Control & Tower w/o Radar,0,8,0,0,8,0,8,18,0,26,0,16,18,0,34,2,0,2,36
10/19/2009,TWF,ID,ANM,WE,Combination Non-Radar Approach Control & Tower w/o Radar,0,17,2,0,19,0,11,1,0,12,0,28,3,0,31,0,0,0,31
10/20/2009,TWF,ID,ANM,WE,Combination Non-Radar Approach Control & Tower w/o Radar,0,22,3,0,25,0,2,12,0,14,0,24,15,0,39,16,0,16,55
10/21/2009,TWF,ID,ANM,WE,Combination Non-Radar Approach Control & Tower w/o Radar,0,21,5,8,34,0,2,24,10,36,0,23,29,18,70,74,24,98,168
10/22/2009,TWF,ID,ANM,WE,Combination Non-Radar Approach Control & Tower w/o Radar,2,21,9,0,32,0,2,29,0,31,2,23,38,0,63,26,0,26,89
10/23/2009,TWF,ID,ANM,WE,Combination Non-Radar Approach Control & Tower w/o Radar,0,21,3,3,27,0,4,19,1,24,0,25,22,4,51,116,4,120,171
10/24/2009,TWF,ID,ANM,WE,Combination Non-Radar Approach Control & Tower w/o Radar,0,13,0,0,13,0,2,9,0,11,0,15,9,0,24,0,0,0,24
10/25/2009,TWF,ID,ANM,WE,Combination Non-Radar Approach Control & Tower w/o Radar,0,8,3,0,11,0,8,32,0,40,0,16,35,0,51,28,0,28,79
10/26/2009,TWF,ID,ANM,WE,Combination Non-Radar Approach Control & Tower w/o Radar,0,18,6,0,24,0,3,10,2,15,0,21,16,2,39,20,0,20,59
10/27/2009,TWF,ID,ANM,WE,Combination Non-Radar Approach Control & Tower w/o Radar,0,25,1,0,26,0,5,2,0,7,0,30,3,0,33,0,0,0,33
10/28/2009,TWF,ID,ANM,WE,Combination Non-Radar Approach Control & Tower w/o Radar,2,22,4,0,28,0,4,10,0,14,2,26,14,0,42,0,0,0,42
10/29/2009,TWF,ID,ANM,WE,Combination Non-Radar Approach Control & Tower w/o Radar,2,24,3,9,38,0,6,15,5,26,2,30,18,14,64,18,0,18,82
10/30/2009,TWF,ID,ANM,WE,Combination Non-Radar Approach Control & Tower w/o Radar,0,23,6,4,33,0,3,3,0,6,0,26,9,4,39,2,0,2,41
10/31/2009,TWF,ID,ANM,WE,Combination Non-Radar Approach Control & Tower w/o Radar,0,8,3,0,11,0,16,34,0,50,0,24,37,0,61,54,0,54,115
11/01/2009,TWF,ID,ANM,WE,Combination Non-Radar Approach Control & Tower w/o Radar,0,8,1,0,9,0,0,15,0,15,0,8,16,0,24,14,0,14,38
11/02/2009,TWF,ID,ANM,WE,Combination Non-Radar Approach Control & Tower w/o Radar,0,12,8,0,20,0,8,46,0,54,0,20,54,0,74,32,0,32,106
11/03/2009,TWF,ID,ANM,WE,Combination Non-Radar Approach Control & Tower w/o Radar,2,19,2,1,24,0,6,46,1,53,2,25,48,2,77,96,0,96,173
11/04/2009,TWF,ID,ANM,WE,Combination Non-Radar Approach Control & Tower w/o Radar,0,18,9,4,31,0,9,14,4,27,0,27,23,8,58,16,14,30,88
11/05/2009,TWF,ID,ANM,WE,Combination Non-Radar Approach Control & Tower w/o Radar,2,20,7,2,31,0,4,37,0,41,2,24,44,2,72,66,48,114,186
11/06/2009,TWF,ID,ANM,WE,Combination Non-Radar Approach Control & Tower w/o Radar,0,19,7,0,26,0,2,26,0,28,0,21,33,0,54,18,0,18,72
11/07/2009,TWF,ID,ANM,WE,Combination Non-Radar Approach Control & Tower w/o Radar,0,14,6,0,20,0,15,17,2,34,0,29,23,2,54,34,0,34,88
11/08/2009,TWF,ID,ANM,WE,Combination Non-Radar Approach Control & Tower w/o Radar,0,13,7,0,20,0,13,28,0,41,0,26,35,0,61,88,0,88,149
11/09/2009,TWF,ID,ANM,WE,Combination Non-Radar Approach Control & Tower w/o Radar,0,18,1,0,19,0,4,18,0,22,0,22,19,0,41,66,0,66,107
11/10/2009,TWF,ID,ANM,WE,Combination Non-Radar Approach Control & Tower w/o Radar,0,22,6,0,28,0,0,31,2,33,0,22,37,2,61,100,0,100,161
11/11/2009,TWF,ID,ANM,WE,Combination Non-Radar Approach Control & Tower w/o Radar,0,14,11,0,25,0,2,34,0,36,0,16,45,0,61,54,0,54,115
11/12/2009,TWF,ID,ANM,WE,Combination Non-Radar Approach Control & Tower w/o Radar,2,28,6,4,40,0,1,3,0,4,2,29,9,4,44,0,12,12,56
11/13/2009,TWF,ID,ANM,WE,Combination Non-Radar Approach Control & Tower w/o Radar,0,24,4,0,28,0,3,18,0,21,0,27,22,0,49,20,0,20,69
11/14/2009,TWF,ID,ANM,WE,Combination Non-Radar Approach Control & Tower w/o Radar,0,23,2,0,25,0,0,7,0,7,0,23,9,0,32,0,0,0,32
11/15/2009,TWF,ID,ANM,WE,Combination Non-Radar Approach Control & Tower w/o Radar,0,11,1,0,12,0,1,30,0,31,0,12,31,0,43,86,0,86,129
11/16/2009,TWF,ID,ANM,WE,Combination Non-Radar Approach Control & Tower w/o Radar,0,16,4,0,20,0,6,25,2,33,0,22,29,2,53,0,0,0,53
11/17/2009,TWF,ID,ANM,WE,Combination Non-Radar Approach Control & Tower w/o Radar,2,21,3,2,28,0,3,29,2,34,2,24,32,4,62,40,0,40,102
11/18/2009,TWF,ID,ANM,WE,Combination Non-Radar Approach Control & Tower w/o Radar,0,18,2,0,20,0,5,15,0,20,0,23,17,0,40,14,0,14,54
11/19/2009,TWF,ID,ANM,WE,Combination Non-Radar Approach Control & Tower w/o Radar,2,24,5,0,31,0,1,27,0,28,2,25,32,0,59,66,0,66,125
11/20/2009,TWF,ID,ANM,WE,Combination Non-Radar Approach Control & Tower w/o Radar,0,28,7,5,40,0,1,16,4,21,0,29,23,9,61,2,0,2,63
11/21/2009,TWF,ID,ANM,WE,Combination Non-Radar Approach Control & Tower w/o Radar,0,15,3,0,18,0,0,19,0,19,0,15,22,0,37,0,0,0,37
11/22/2009,TWF,ID,ANM,WE,Combination Non-Radar Approach Control & Tower w/o Radar,0,16,4,0,20,0,21,11,0,32,0,37,15,0,52,0,0,0,52
11/23/2009,TWF,ID,ANM,WE,Combination Non-Radar Approach Control & Tower w/o Radar,0,19,10,7,36,0,4,38,9,51,0,23,48,16,87,96,22,118,205
11/24/2009,TWF,ID,ANM,WE,Combination Non-Radar Approach Control & Tower w/o Radar,2,23,3,2,30,0,5,28,2,35,2,28,31,4,65,74,0,74,139
11/25/2009,TWF,ID,ANM,WE,Combination Non-Radar Approach Control & Tower w/o Radar,0,23,11,2,36,0,25,38,2,65,0,48,49,4,101,66,0,66,167
11/26/2009,TWF,ID,ANM,WE,Combination Non-Radar Approach Control & Tower w/o Radar,0,6,0,0,6,0,0,25,0,25,0,6,25,0,31,20,0,20,51
11/27/2009,TWF,ID,ANM,WE,Combination Non-Radar Approach Control & Tower w/o Radar,0,18,3,0,21,0,3,10,0,13,0,21,13,0,34,32,0,32,66
11/28/2009,TWF,ID,ANM,WE,Combination Non-Radar Approach Control & Tower w/o Radar,0,29,11,0,40,0,33,14,0,47,0,62,25,0,87,0,0,0,87
11/29/2009,TWF,ID,ANM,WE,Combination Non-Radar Approach Control & Tower w/o Radar,0,12,3,0,15,0,1,13,0,14,0,13,16,0,29,4,0,4,33
11/30/2009,TWF,ID,ANM,WE,Combination Non-Radar Approach Control & Tower w/o Radar,0,18,10,2,30,0,4,20,0,24,0,22,30,2,54,76,6,82,136
12/01/2009,TWF,ID,ANM,WE,Combination Non-Radar Approach Control & Tower w/o Radar,0,24,5,2,31,0,2,17,0,19,0,26,22,2,50,46,0,46,96
12/02/2009,TWF,ID,ANM,WE,Combination Non-Radar Approach Control & Tower w/o Radar,0,22,12,7,41,0,11,39,0,50,0,33,51,7,91,80,16,96,187
12/03/2009,TWF,ID,ANM,WE,Combination Non-Radar Approach Control & Tower w/o Radar,2,26,1,1,30,0,2,19,3,24,2,28,20,4,54,22,10,32,86
12/04/2009,TWF,ID,ANM,WE,Combination Non-Radar Approach Control & Tower w/o Radar,0,19,7,0,26,0,3,31,0,34,0,22,38,0,60,46,0,46,106
12/05/2009,TWF,ID,ANM,WE,Combination Non-Radar Approach Control & Tower w/o Radar,0,12,7,0,19,0,3,0,0,3,0,15,7,0,22,0,0,0,22
12/06/2009,TWF,ID,ANM,WE,Combination Non-Radar Approach Control & Tower w/o Radar,0,9,8,0,17,0,0,9,0,9,0,9,17,0,26,0,0,0,26
12/07/2009,TWF,ID,ANM,WE,Combination Non-Radar Approach Control & Tower w/o Radar,0,24,3,0,27,0,1,0,0,1,0,25,3,0,28,0,0,0,28
12/08/2009,TWF,ID,ANM,WE,Combination Non-Radar Approach Control & Tower w/o Radar,2,18,6,2,28,0,6,12,0,18,2,24,18,2,46,90,0,90,136
12/09/2009,TWF,ID,ANM,WE,Combination Non-Radar Approach Control & Tower w/o Radar,0,19,18,7,44,0,0,0,0,0,0,19,18,7,44,36,0,36,80
12/10/2009,TWF,ID,ANM,WE,Combination Non-Radar Approach Control & Tower w/o Radar,2,27,3,2,34,0,4,24,0,28,2,31,27,2,62,28,0,28,90
12/11/2009,TWF,ID,ANM,WE,Combination Non-Radar Approach Control & Tower w/o Radar,2,20,12,4,38,0,5,21,2,28,2,25,33,6,66,34,4,38,104
12/12/2009,TWF,ID,ANM,WE,Combination Non-Radar Approach Control & Tower w/o Radar,0,23,8,0,31,0,2,4,0,6,0,25,12,0,37,0,0,0,37
12/13/2009,TWF,ID,ANM,WE,Combination Non-Radar Approach Control & Tower w/o Radar,0,14,2,0,16,0,0,0,0,0,0,14,2,0,16,0,0,0,16
12/14/2009,TWF,ID,ANM,WE,Combination Non-Radar Approach Control & Tower w/o Radar,0,25,7,0,32,0,2,11,0,13,0,27,18,0,45,8,0,8,53
12/15/2009,TWF,ID,ANM,WE,Combination Non-Radar Approach Control & Tower w/o Radar,2,34,18,0,54,0,3,6,0,9,2,37,24,0,63,0,0,0,63
12/16/2009,TWF,ID,ANM,WE,Combination Non-Radar Approach Control & Tower w/o Radar,0,35,4,0,39,0,0,9,0,9,0,35,13,0,48,56,0,56,104
12/17/2009,TWF,ID,ANM,WE,Combination Non-Radar Approach Control & Tower w/o Radar,0,28,9,0,37,0,3,26,0,29,0,31,35,0,66,78,0,78,144
12/18/2009,TWF,ID,ANM,WE,Combination Non-Radar Approach Control & Tower w/o Radar,0,31,12,0,43,0,2,12,0,14,0,33,24,0,57,50,0,50,107
12/19/2009,TWF,ID,ANM,WE,Combination Non-Radar Approach Control & Tower w/o Radar,0,16,5,0,21,0,17,16,0,33,0,33,21,0,54,48,0,48,102
12/20/2009,TWF,ID,ANM,WE,Combination Non-Radar Approach Control & Tower w/o Radar,0,16,4,0,20,0,0,5,0,5,0,16,9,0,25,82,0,82,107
12/21/2009,TWF,ID,ANM,WE,Combination Non-Radar Approach Control & Tower w/o Radar,0,28,1,1,30,0,3,8,1,12,0,31,9,2,42,6,0,6,48
12/22/2009,TWF,ID,ANM,WE,Combination Non-Radar Approach Control & Tower w/o Radar,2,68,9,0,79,0,0,0,0,0,2,68,9,0,79,0,0,0,79
12/23/2009,TWF,ID,ANM,WE,Combination Non-Radar Approach Control & Tower w/o Radar,0,80,36,0,116,0,2,2,0,4,0,82,38,0,120,0,0,0,120
12/24/2009,TWF,ID,ANM,WE,Combination Non-Radar Approach Control & Tower w/o Radar,0,28,4,0,32,0,1,19,0,20,0,29,23,0,52,24,0,24,76
12/25/2009,TWF,ID,ANM,WE,Combination Non-Radar Approach Control & Tower w/o Radar,0,12,9,0,21,0,2,0,0,2,0,14,9,0,23,0,0,0,23
12/26/2009,TWF,ID,ANM,WE,Combination Non-Radar Approach Control & Tower w/o Radar,0,13,4,0,17,0,17,22,0,39,0,30,26,0,56,0,0,0,56
12/27/2009,TWF,ID,ANM,WE,Combination Non-Radar Approach Control & Tower w/o Radar,0,10,15,0,25,0,0,0,0,0,0,10,15,0,25,8,0,8,33
12/28/2009,TWF,ID,ANM,WE,Combination Non-Radar Approach Control & Tower w/o Radar,0,18,8,0,26,0,10,30,0,40,0,28,38,0,66,54,0,54,120
12/29/2009,TWF,ID,ANM,WE,Combination Non-Radar Approach Control & Tower w/o Radar,2,23,5,0,30,0,4,18,0,22,2,27,23,0,52,56,0,56,108
12/30/2009,TWF,ID,ANM,WE,Combination Non-Radar Approach Control & Tower w/o Radar,0,38,3,0,41,0,8,7,0,15,0,46,10,0,56,2,0,2,58
12/31/2009,TWF,ID,ANM,WE,Combination Non-Radar Approach Control & Tower w/o Radar,2,30,11,0,43,0,0,0,0,0,2,30,11,0,43,0,0,0,43
01/01/2010,TWF,ID,ANM,WE,Combination Non-Radar Approach Control & Tower w/o Radar,0,63,10,0,73,0,0,0,0,0,0,63,10,0,73,0,0,0,73
01/02/2010,TWF,ID,ANM,WE,Combination Non-Radar Approach Control & Tower w/o Radar,0,38,19,0,57,0,4,6,0,10,0,42,25,0,67,22,0,22,89
01/03/2010,TWF,ID,ANM,WE,Combination Non-Radar Approach Control & Tower w/o Radar,0,17,10,0,27,0,0,13,0,13,0,17,23,0,40,36,0,36,76
01/04/2010,TWF,ID,ANM,WE,Combination Non-Radar Approach Control & Tower w/o Radar,0,29,3,0,32,0,0,18,0,18,0,29,21,0,50,0,0,0,50
01/05/2010,TWF,ID,ANM,WE,Combination Non-Radar Approach Control & Tower w/o Radar,0,42,22,0,64,0,0,12,0,12,0,42,34,0,76,18,0,18,94
01/06/2010,TWF,ID,ANM,WE,Combination Non-Radar Approach Control & Tower w/o Radar,0,35,5,2,42,0,0,3,2,5,0,35,8,4,47,0,4,4,51
01/07/2010,TWF,ID,ANM,WE,Combination Non-Radar Approach Control & Tower w/o Radar,2,25,5,0,32,0,2,26,1,29,2,27,31,1,61,14,0,14,75
01/08/2010,TWF,ID,ANM,WE,Combination Non-Radar Approach Control & Tower w/o Radar,0,24,4,2,30,0,3,27,0,30,0,27,31,2,60,36,2,38,98
01/09/2010,TWF,ID,ANM,WE,Combination Non-Radar Approach Control & Tower w/o Radar,0,12,10,2,24,0,10,14,3,27,0,22,24,5,51,54,2,56,107
01/10/2010,TWF,ID,ANM,WE,Combination Non-Radar Approach Control & Tower w/o Radar,0,9,5,0,14,0,0,7,0,7,0,9,12,0,21,2,0,2,23
01/11/2010,TWF,ID,ANM,WE,Combination Non-Radar Approach Control & Tower w/o Radar,0,20,0,0,20,0,20,15,2,37,0,40,15,2,57,30,0,30,87
01/12/2010,TWF,ID,ANM,WE,Combination Non-Radar Approach Control & Tower w/o Radar,0,26,4,2,32,0,3,13,0,16,0,29,17,2,48,46,0,46,94
01/13/2010,TWF,ID,ANM,WE,Combination Non-Radar Approach Control & Tower w/o Radar,0,37,4,0,41,0,2,8,0,10,0,39,12,0,51,20,0,20,71
01/14/2010,TWF,ID,ANM,WE,Combination Non-Radar Approach Control & Tower w/o Radar,4,29,2,5,40,0,1,15,0,16,4,30,17,5,56,12,16,28,84
01/15/2010,TWF,ID,ANM,WE,Combination Non-Radar Approach Control & Tower w/o Radar,0,30,6,0,36,0,5,44,0,49,0,35,50,0,85,122,0,122,207
01/16/2010,TWF,ID,ANM,WE,Combination Non-Radar Approach Control & Tower w/o Radar,0,15,10,0,25,0,2,31,0,33,0,17,41,0,58,34,0,34,92
01/17/2010,TWF,ID,ANM,WE,Combination Non-Radar Approach Control & Tower w/o Radar,0,9,12,0,21,0,1,23,0,24,0,10,35,0,45,48,0,48,93
01/18/2010,TWF,ID,ANM,WE,Combination Non-Radar Approach Control & Tower w/o Radar,0,42,0,0,42,0,0,18,0,18,0,42,18,0,60,66,0,66,126
01/19/2010,TWF,ID,ANM,WE,Combination Non-Radar Approach Control & Tower w/o Radar,0,36,9,0,45,0,6,10,0,16,0,42,19,0,61,2,0,2,63
01/20/2010,TWF,ID,ANM,WE,Combination Non-Radar Approach Control & Tower w/o Radar,0,31,16,0,47,0,0,16,0,16,0,31,32,0,63,12,0,12,75
01/21/2010,TWF,ID,ANM,WE,Combination Non-Radar Approach Control & Tower w/o Radar,2,34,7,2,45,0,1,15,0,16,2,35,22,2,61,18,2,20,81
01/22/2010,TWF,ID,ANM,WE,Combination Non-Radar Approach Control & Tower w/o Radar,0,36,13,0,49,0,0,3,0,3,0,36,16,0,52,6,0,6,58
01/23/2010,TWF,ID,ANM,WE,Combination Non-Radar Approach Control & Tower w/o Radar,0,15,3,0,18,0,15,9,0,24,0,30,12,0,42,2,0,2,44
01/24/2010,TWF,ID,ANM,WE,Combination Non-Radar Approach Control & Tower w/o Radar,0,7,7,0,14,0,3,19,0,22,0,10,26,0,36,16,0,16,52
01/25/2010,TWF,ID,ANM,WE,Combination Non-Radar Approach Control & Tower w/o Radar,0,17,17,1,35,0,3,10,0,13,0,20,27,1,48,48,4,52,100
01/26/2010,TWF,ID,ANM,WE,Combination Non-Radar Approach Control & Tower w/o Radar,2,37,13,0,52,0,10,10,0,20,2,47,23,0,72,52,0,52,124
01/27/2010,TWF,ID,ANM,WE,Combination Non-Radar Approach Control & Tower w/o Radar,0,24,2,0,26,0,0,0,0,0,0,24,2,0,26,0,0,0,26
01/28/2010,TWF,ID,ANM,WE,Combination Non-Radar Approach Control & Tower w/o Radar,0,23,7,0,30,0,0,9,0,9,0,23,16,0,39,22,0,22,61
01/29/2010,TWF,ID,ANM,WE,Combination Non-Radar Approach Control & Tower w/o Radar,2,20,5,0,27,0,7,15,0,22,2,27,20,0,49,40,0,40,89
01/30/2010,TWF,ID,ANM,WE,Combination Non-Radar Approach Control & Tower w/o Radar,0,13,6,0,19,0,4,0,0,4,0,17,6,0,23,0,0,0,23
01/31/2010,TWF,ID,ANM,WE,Combination Non-Radar Approach Control & Tower w/o Radar,0,28,0,0,28,0,0,2,0,2,0,28,2,0,30,0,0,0,30
02/01/2010,TWF,ID,ANM,WE,Combination Non-Radar Approach Control & Tower w/o Radar,0,19,9,0,28,0,7,11,0,18,0,26,20,0,46,16,0,16,62
02/02/2010,TWF,ID,ANM,WE,Combination Non-Radar Approach Control & Tower w/o Radar,0,27,8,4,39,0,2,17,0,19,0,29,25,4,58,96,18,114,172
02/03/2010,TWF,ID,ANM,WE,Combination Non-Radar Approach Control & Tower w/o Radar,0,34,17,7,58,0,29,27,0,56,0,63,44,7,114,22,28,50,164
02/04/2010,TWF,ID,ANM,WE,Combination Non-Radar Approach Control & Tower w/o Radar,2,27,3,0,32,0,6,16,0,22,2,33,19,0,54,26,0,26,80
02/05/2010,TWF,ID,ANM,WE,Combination Non-Radar Approach Control & Tower w/o Radar,0,45,9,0,54,0,7,9,0,16,0,52,18,0,70,0,0,0,70
02/06/2010,TWF,ID,ANM,WE,Combination Non-Radar Approach Control & Tower w/o Radar,0,17,4,0,21,0,22,19,0,41,0,39,23,0,62,0,0,0,62
02/07/2010,TWF,ID,ANM,WE,Combination Non-Radar Approach Control & Tower w/o Radar,0,9,1,0,10,0,0,29,0,29,0,9,30,0,39,48,0,48,87
02/08/2010,TWF,ID,ANM,WE,Combination Non-Radar Approach Control & Tower w/o Radar,0,21,0,0,21,0,0,17,0,17,0,21,17,0,38,44,10,54,92
02/09/2010,TWF,ID,ANM,WE,Combination Non-Radar Approach Control & Tower w/o Radar,0,21,8,3,32,0,4,31,4,39,0,25,39,7,71,58,14,72,143
02/10/2010,TWF,ID,ANM,WE,Combination Non-Radar Approach Control & Tower w/o Radar,2,31,10,2,45,0,2,43,0,45,2,33,53,2,90,104,10,114,204
02/11/2010,TWF,ID,ANM,WE,Combination Non-Radar Approach Control & Tower w/o Radar,4,21,15,4,44,0,8,17,1,26,4,29,32,5,70,12,12,24,94
02/12/2010,TWF,ID,ANM,WE,Combination Non-Radar Approach Control & Tower w/o Radar,2,36,9,0,47,0,9,30,0,39,2,45,39,0,86,130,0,130,216
02/13/2010,TWF,ID,ANM,WE,Combination Non-Radar Approach Control & Tower w/o Radar,0,17,1,0,18,0,1,21,0,22,0,18,22,0,40,22,0,22,62
02/14/2010,TWF,ID,ANM,WE,Combination Non-Radar Approach Control & Tower w/o Radar,0,7,0,0,7,0,0,11,0,11,0,7,11,0,18,10,0,10,28
02/15/2010,TWF,ID,ANM,WE,Combination Non-Radar Approach Control & Tower w/o Radar,0,71,0,0,71,0,0,31,0,31,0,71,31,0,102,0,0,0,102
02/16/2010,TWF,ID,ANM,WE,Combination Non-Radar Approach Control & Tower w/o Radar,0,45,21,0,66,0,0,20,0,20,0,45,41,0,86,32,0,32,118
02/17/2010,TWF,ID,ANM,WE,Combination Non-Radar Approach Control & Tower w/o Radar,0,45,8,0,53,0,1,7,0,8,0,46,15,0,61,0,0,0,61
02/18/2010,TWF,ID,ANM,WE,Combination Non-Radar Approach Control & Tower w/o Radar,2,31,13,3,49,0,0,26,0,26,2,31,39,3,75,62,0,62,137
02/19/2010,TWF,ID,ANM,WE,Combination Non-Radar Approach Control & Tower w/o Radar,0,26,11,0,37,0,4,23,0,27,0,30,34,0,64,86,0,86,150
02/20/2010,TWF,ID,ANM,WE,Combination Non-Radar Approach Control & Tower w/o Radar,0,17,5,0,22,1,1,12,0,14,1,18,17,0,36,34,0,34,70
02/21/2010,TWF,ID,ANM,WE,Combination Non-Radar Approach Control & Tower w/o Radar,0,10,0,0,10,0,0,40,0,40,0,10,40,0,50,6,0,6,56
02/22/2010,TWF,ID,ANM,WE,Combination Non-Radar Approach Control & Tower w/o Radar,0,12,2,0,14,0,9,35,0,44,0,21,37,0,58,38,0,38,96
02/23/2010,TWF,ID,ANM,WE,Combination Non-Radar Approach Control & Tower w/o Radar,0,27,0,0,27,0,0,38,0,38,0,27,38,0,65,52,0,52,117
02/24/2010,TWF,ID,ANM,WE,Combination Non-Radar Approach Control & Tower w/o Radar,0,40,15,0,55,0,0,0,0,0,0,40,15,0,55,0,0,0,55
02/25/2010,TWF,ID,ANM,WE,Combination Non-Radar Approach Control & Tower w/o Radar,2,30,2,2,36,0,5,21,1,27,2,35,23,3,63,22,2,24,87
02/26/2010,TWF,ID,ANM,WE,Combination Non-Radar Approach Control & Tower w/o Radar,0,19,8,0,27,0,6,20,0,26,0,25,28,0,53,2,0,2,55
02/27/2010,TWF,ID,ANM,WE,Combination Non-Radar Approach Control & Tower w/o Radar,0,12,2,0,14,0,6,4,0,10,0,18,6,0,24,0,0,0,24
02/28/2010,TWF,ID,ANM,WE,Combination Non-Radar Approach Control & Tower w/o Radar,0,15,0,0,15,0,0,5,0,5,0,15,5,0,20,0,0,0,20
03/01/2010,TWF,ID,ANM,WE,Combination Non-Radar Approach Control & Tower w/o Radar,0,10,0,0,10,0,16,33,0,49,0,26,33,0,59,28,0,28,87
03/02/2010,TWF,ID,ANM,WE,Combination Non-Radar Approach Control & Tower w/o Radar,0,18,9,0,27,0,9,20,0,29,0,27,29,0,56,56,0,56,112
03/03/2010,TWF,ID,ANM,WE,Combination Non-Radar Approach Control & Tower w/o Radar,0,31,7,0,38,0,10,30,0,40,0,41,37,0,78,34,0,34,112
03/04/2010,TWF,ID,ANM,WE,Combination Non-Radar Approach Control & Tower w/o Radar,2,33,6,0,41,0,2,7,0,9,2,35,13,0,50,26,0,26,76
03/05/2010,TWF,ID,ANM,WE,Combination Non-Radar Approach Control & Tower w/o Radar,0,20,6,0,26,0,2,20,0,22,0,22,26,0,48,164,0,164,212
03/06/2010,TWF,ID,ANM,WE,Combination Non-Radar Approach Control & Tower w/o Radar,0,10,0,0,10,0,3,29,0,32,0,13,29,0,42,20,0,20,62
03/07/2010,TWF,ID,ANM,WE,Combination Non-Radar Approach Control & Tower w/o Radar,0,8,0,5,13,0,0,29,5,34,0,8,29,10,47,64,14,78,125
03/08/2010,TWF,ID,ANM,WE,Combination Non-Radar Approach Control & Tower w/o Radar,0,28,16,0,44,0,0,17,0,17,0,28,33,0,61,48,0,48,109
03/09/2010,TWF,ID,ANM,WE,Combination Non-Radar Approach Control & Tower w/o Radar,2,55,10,0,67,0,2,3,0,5,2,57,13,0,72,0,0,0,72
03/10/2010,TWF,ID,ANM,WE,Combination Non-Radar Approach Control & Tower w/o Radar,0,16,5,0,21,0,9,24,0,33,0,25,29,0,54,28,0,28,82
03/11/2010,TWF,ID,ANM,WE,Combination Non-Radar Approach Control & Tower w/o Radar,2,17,8,3,30,0,9,24,5,38,2,26,32,8,68,108,8,116,184
03/12/2010,TWF,ID,ANM,WE,Combination Non-Radar Approach Control & Tower w/o Radar,0,17,7,2,26,0,7,23,0,30,0,24,30,2,56,38,0,38,94
03/13/2010,TWF,ID,ANM,WE,Combination Non-Radar Approach Control & Tower w/o Radar,0,21,5,0,26,0,0,0,0,0,0,21,5,0,26,2,0,2,28
03/14/2010,TWF,ID,ANM,WE,Combination Non-Radar Approach Control & Tower w/o Radar,0,10,0,0,10,0,0,21,0,21,0,10,21,0,31,24,0,24,55
03/15/2010,TWF,ID,ANM,WE,Combination Non-Radar Approach Control & Tower w/o Radar,0,13,9,0,22,0,6,21,0,27,0,19,30,0,49,34,2,36,85
03/16/2010,TWF,ID,ANM,WE,Combination Non-Radar Approach Control & Tower w/o Radar,0,18,9,0,27,0,9,43,0,52,0,27,52,0,79,78,0,78,157
03/17/2010,TWF,ID,ANM,WE,Combination Non-Radar Approach Control & Tower w/o Radar,0,20,4,0,24,0,2,30,0,32,0,22,34,0,56,86,0,86,142
03/18/2010,TWF,ID,ANM,WE,Combination Non-Radar Approach Control & Tower w/o Radar,2,19,6,5,32,0,5,12,3,20,2,24,18,8,52,12,24,36,88
03/19/2010,TWF,ID,ANM,WE,Combination Non-Radar Approach Control & Tower w/o Radar,0,17,6,0,23,0,12,37,0,49,0,29,43,0,72,92,0,92,164
03/20/2010,TWF,ID,ANM,WE,Combination Non-Radar Approach Control & Tower w/o Radar,0,11,8,2,21,0,3,48,2,53,0,14,56,4,74,18,0,18,92
03/21/2010,TWF,ID,ANM,WE,Combination Non-Radar Approach Control & Tower w/o Radar,0,8,0,0,8,0,0,28,0,28,0,8,28,0,36,4,0,4,40
03/22/2010,TWF,ID,ANM,WE,Combination Non-Radar Approach Control & Tower w/o Radar,0,23,0,1,24,0,0,12,1,13,0,23,12,2,37,12,2,14,51
03/23/2010,TWF,ID,ANM,WE,Combination Non-Radar Approach Control & Tower w/o Radar,0,21,8,1,30,0,3,12,1,16,0,24,20,2,46,34,0,34,80
03/24/2010,TWF,ID,ANM,WE,Combination Non-Radar Approach Control & Tower w/o Radar,0,22,0,5,27,0,3,37,5,45,0,25,37,10,72,104,0,104,176
03/25/2010,TWF,ID,ANM,WE,Combination Non-Radar Approach Control & Tower w/o Radar,2,26,7,6,41,0,6,11,0,17,2,32,18,6,58,2,38,40,98
03/26/2010,TWF,ID,ANM,WE,Combination Non-Radar Approach Control & Tower w/o Radar,0,23,5,0,28,0,6,13,0,19,0,29,18,0,47,8,0,8,55
03/27/2010,TWF,ID,ANM,WE,Combination Non-Radar Approach Control & Tower w/o Radar,0,9,12,0,21,0,17,75,0,92,0,26,87,0,113,78,0,78,191
03/28/2010,TWF,ID,ANM,WE,Combination Non-Radar Approach Control & Tower w/o Radar,0,9,0,0,9,0,0,30,0,30,0,9,30,0,39,16,0,16,55
03/29/2010,TWF,ID,ANM,WE,Combination Non-Radar Approach Control & Tower w/o Radar,0,24,0,0,24,0,0,17,0,17,0,24,17,0,41,38,0,38,79
03/30/2010,TWF,ID,ANM,WE,Combination Non-Radar Approach Control & Tower w/o Radar,0,37,9,0,46,0,0,8,0,8,0,37,17,0,54,26,0,26,80
03/31/2010,TWF,ID,ANM,WE,Combination Non-Radar Approach Control & Tower w/o Radar,0,23,4,0,27,0,3,26,0,29,0,26,30,0,56,84,0,84,140
04/01/2010,TWF,ID,ANM,WE,Combination Non-Radar Approach Control & Tower w/o Radar,2,26,7,0,35,0,4,8,0,12,2,30,15,0,47,0,0,0,47
04/02/2010,TWF,ID,ANM,WE,Combination Non-Radar Approach Control & Tower w/o Radar,0,25,8,0,33,0,3,24,2,29,0,28,32,2,62,4,0,4,66
04/03/2010,TWF,ID,ANM,WE,Combination Non-Radar Approach Control & Tower w/o Radar,0,21,0,0,21,0,3,16,0,19,0,24,16,0,40,0,0,0,40
04/04/2010,TWF,ID,ANM,WE,Combination Non-Radar Approach Control & Tower w/o Radar,0,8,0,0,8,0,0,13,0,13,0,8,13,0,21,6,0,6,27
04/05/2010,TWF,ID,ANM,WE,Combination Non-Radar Approach Control & Tower w/o Radar,0,26,0,0,26,0,0,11,0,11,0,26,11,0,37,16,0,16,53
04/06/2010,TWF,ID,ANM,WE,Combination Non-Radar Approach Control & Tower w/o Radar,0,22,9,0,31,0,5,9,0,14,0,27,18,0,45,72,0,72,117
04/07/2010,TWF,ID,ANM,WE,Combination Non-Radar Approach Control & Tower w/o Radar,0,15,5,6,26,0,12,49,14,75,0,27,54,20,101,54,20,74,175
04/08/2010,TWF,ID,ANM,WE,Combination Non-Radar Approach Control & Tower w/o Radar,2,19,2,0,23,0,10,20,0,30,2,29,22,0,53,6,0,6,59
04/09/2010,TWF,ID,ANM,WE,Combination Non-Radar Approach Control & Tower w/o Radar,0,16,8,0,24,0,22,46,0,68,0,38,54,0,92,30,0,30,122
04/10/2010,TWF,ID,ANM,WE,Combination Non-Radar Approach Control & Tower w/o Radar,0,11,16,0,27,0,2,39,8,49,0,13,55,8,76,48,0,48,124
04/11/2010,TWF,ID,ANM,WE,Combination Non-Radar Approach Control & Tower w/o Radar,0,8,0,0,8,0,0,33,0,33,0,8,33,0,41,16,0,16,57
04/12/2010,TWF,ID,ANM,WE,Combination Non-Radar Approach Control & Tower w/o Radar,0,20,11,0,31,0,0,7,0,7,0,20,18,0,38,30,0,30,68
04/13/2010,TWF,ID,ANM,WE,Combination Non-Radar Approach Control & Tower w/o Radar,0,19,4,4,27,0,10,12,2,24,0,29,16,6,51,10,10,20,71
04/14/2010,TWF,ID,ANM,WE,Combination Non-Radar Approach Control & Tower w/o Radar,0,23,9,4,36,0,8,28,0,36,0,31,37,4,72,24,20,44,116
04/15/2010,TWF,ID,ANM,WE,Combination Non-Radar Approach Control & Tower w/o Radar,2,15,2,4,23,0,20,28,6,54,2,35,30,10,77,104,16,120,197
04/16/2010,TWF,ID,ANM,WE,Combination Non-Radar Approach Control & Tower w/o Radar,0,15,6,0,21,0,7,24,0,31,0,22,30,0,52,76,0,76,128
04/17/2010,TWF,ID,ANM,WE,Combination Non-Radar Approach Control & Tower w/o Radar,0,16,0,0,16,0,0,33,0,33,0,16,33,0,49,26,0,26,75
04/18/2010,TWF,ID,ANM,WE,Combination Non-Radar Approach Control & Tower w/o Radar,0,7,0,0,7,0,0,34,0,34,0,7,34,0,41,40,0,40,81
04/19/2010,TWF,ID,ANM,WE,Combination Non-Radar Approach Control & Tower w/o Radar,0,15,0,10,25,0,0,30,0,30,0,15,30,10,55,30,10,40,95
04/20/2010,TWF,ID,ANM,WE,Combination Non-Radar Approach Control & Tower w/o Radar,0,18,8,2,28,0,6,21,2,29,0,24,29,4,57,0,16,16,73
04/21/2010,TWF,ID,ANM,WE,Combination Non-Radar Approach Control & Tower w/o Radar,0,25,10,9,44,0,2,10,1,13,0,27,20,10,57,18,0,18,75
04/22/2010,TWF,ID,ANM,WE,Combination Non-Radar Approach Control & Tower w/o Radar,4,27,10,0,41,0,0,0,0,0,4,27,10,0,41,0,0,0,41
04/23/2010,TWF,ID,ANM,WE,Combination Non-Radar Approach Control & Tower w/o Radar,0,16,8,0,24,0,6,10,0,16,0,22,18,0,40,26,0,26,66
04/24/2010,TWF,ID,ANM,WE,Combination Non-Radar Approach Control & Tower w/o Radar,0,13,0,0,13,0,3,23,0,26,0,16,23,0,39,44,0,44,83
04/25/2010,TWF,ID,ANM,WE,Combination Non-Radar Approach Control & Tower w/o Radar,0,8,7,0,15,0,4,20,0,24,0,12,27,0,39,2,0,2,41
04/26/2010,TWF,ID,ANM,WE,Combination Non-Radar Approach Control & Tower w/o Radar,0,11,4,0,15,0,15,26,0,41,0,26,30,0,56,54,0,54,110
04/27/2010,TWF,ID,ANM,WE,Combination Non-Radar Approach Control & Tower w/o Radar,2,21,5,3,31,0,7,11,5,23,2,28,16,8,54,10,30,40,94
04/28/2010,TWF,ID,ANM,WE,Combination Non-Radar Approach Control & Tower w/o Radar,0,22,2,2,26,0,2,7,2,11,0,24,9,4,37,18,16,34,71
04/29/2010,TWF,ID,ANM,WE,Combination Non-Radar Approach Control & Tower w/o Radar,2,28,8,4,42,0,0,0,0,0,2,28,8,4,42,0,0,0,42
04/30/2010,TWF,ID,ANM,WE,Combination Non-Radar Approach Control & Tower w/o Radar,0,18,21,0,39,0,0,0,0,0,0,18,21,0,39,0,0,0,39
05/01/2010,TWF,ID,ANM,WE,Combination Non-Radar Approach Control & Tower w/o Radar,0,9,8,1,18,0,4,16,3,23,0,13,24,4,41,4,4,8,49
05/02/2010,TWF,ID,ANM,WE,Combination Non-Radar Approach Control & Tower w/o Radar,0,9,3,0,12,0,3,16,2,21,0,12,19,2,33,4,0,4,37
05/03/2010,TWF,ID,ANM,WE,Combination Non-Radar Approach Control & Tower w/o Radar,0,17,2,0,19,0,4,24,0,28,0,21,26,0,47,28,0,28,75
05/04/2010,TWF,ID,ANM,WE,Combination Non-Radar Approach Control & Tower w/o Radar,0,12,11,4,27,0,10,68,2,80,0,22,79,6,107,96,10,106,213
05/05/2010,TWF,ID,ANM,WE,Combination Non-Radar Approach Control & Tower w/o Radar,0,17,1,0,18,0,1,20,0,21,0,18,21,0,39,32,0,32,71
05/06/2010,TWF,ID,ANM,WE,Combination Non-Radar Approach Control & Tower w/o Radar,2,22,1,0,25,0,0,12,0,12,2,22,13,0,37,0,0,0,37
05/07/2010,TWF,ID,ANM,WE,Combination Non-Radar Approach Control & Tower w/o Radar,0,16,9,0,25,0,30,85,0,115,0,46,94,0,140,92,0,92,232
05/08/2010,TWF,ID,ANM,WE,Combination Non-Radar Approach Control & Tower w/o Radar,0,9,8,0,17,0,4,76,0,80,0,13,84,0,97,78,0,78,175
05/09/2010,TWF,ID,ANM,WE,Combination Non-Radar Approach Control & Tower w/o Radar,0,8,12,0,20,0,6,52,0,58,0,14,64,0,78,24,0,24,102
05/10/2010,TWF,ID,ANM,WE,Combination Non-Radar Approach Control & Tower w/o Radar,0,23,0,0,23,0,0,26,0,26,0,23,26,0,49,32,0,32,81
05/11/2010,TWF,ID,ANM,WE,Combination Non-Radar Approach Control & Tower w/o Radar,0,23,26,3,52,0,0,19,0,19,0,23,45,3,71,32,0,32,103
05/12/2010,TWF,ID,ANM,WE,Combination Non-Radar Approach Control & Tower w/o Radar,0,23,21,0,44,0,2,81,0,83,0,25,102,0,127,126,0,126,253
05/13/2010,TWF,ID,ANM,WE,Combination Non-Radar Approach Control & Tower w/o Radar,2,15,26,0,43,0,4,77,0,81,2,19,103,0,124,98,0,98,222
05/14/2010,TWF,ID,ANM,WE,Combination Non-Radar Approach Control & Tower w/o Radar,0,13,10,0,23,0,12,81,0,93,0,25,91,0,116,178,0,178,294
05/15/2010,TWF,ID,ANM,WE,Combination Non-Radar Approach Control & Tower w/o Radar,0,11,4,0,15,0,4,48,0,52,0,15,52,0,67,78,0,78,145
05/16/2010,TWF,ID,ANM,WE,Combination Non-Radar Approach Control & Tower w/o Radar,0,9,1,0,10,0,1,14,0,15,0,10,15,0,25,2,0,2,27
05/17/2010,TWF,ID,ANM,WE,Combination Non-Radar Approach Control & Tower w/o Radar,0,18,0,0,18,0,0,54,0,54,0,18,54,0,72,18,0,18,90
05/18/2010,TWF,ID,ANM,WE,Combination Non-Radar Approach Control & Tower w/o Radar,0,23,5,0,28,0,1,8,0,9,0,24,13,0,37,14,0,14,51
05/19/2010,TWF,ID,ANM,WE,Combination Non-Radar Approach Control & Tower w/o Radar,0,15,6,2,23,0,7,35,0,42,0,22,41,2,65,90,0,90,155
05/20/2010,TWF,ID,ANM,WE,Combination Non-Radar Approach Control & Tower w/o Radar,2,19,3,4,28,0,3,14,4,21,2,22,17,8,49,6,4,10,59
05/21/2010,TWF,ID,ANM,WE,Combination Non-Radar Approach Control & Tower w/o Radar,0,17,7,2,26,0,0,54,0,54,0,17,61,2,80,208,0,208,288
05/22/2010,TWF,ID,ANM,WE,Combination Non-Radar Approach Control & Tower w/o Radar,0,13,2,0,15,0,2,2,0,4,0,15,4,0,19,0,0,0,19
05/23/2010,TWF,ID,ANM,WE,Combination Non-Radar Approach Control & Tower w/o Radar,0,9,13,0,22,0,0,0,0,0,0,9,13,0,22,0,0,0,22
05/24/2010,TWF,ID,ANM,WE,Combination Non-Radar Approach Control & Tower w/o Radar,0,23,0,0,23,0,0,24,2,26,0,23,24,2,49,0,16,16,65
05/25/2010,TWF,ID,ANM,WE,Combination Non-Radar Approach Control & Tower w/o Radar,0,14,5,2,21,0,12,93,10,115,0,26,98,12,136,212,12,224,360
05/26/2010,TWF,ID,ANM,WE,Combination Non-Radar Approach Control & Tower w/o Radar,0,17,2,1,20,0,10,13,1,24,0,27,15,2,44,22,18,40,84
05/27/2010,TWF,ID,ANM,WE,Combination Non-Radar Approach Control & Tower w/o Radar,2,24,2,6,34,0,1,18,0,19,2,25,20,6,53,12,18,30,83
05/28/2010,TWF,ID,ANM,WE,Combination Non-Radar Approach Control & Tower w/o Radar,0,23,7,0,30,0,9,4,0,13,0,32,11,0,43,0,0,0,43
05/29/2010,TWF,ID,ANM,WE,Combination Non-Radar Approach Control & Tower w/o Radar,0,14,2,0,16,0,1,3,0,4,0,15,5,0,20,0,0,0,20
05/30/2010,TWF,ID,ANM,WE,Combination Non-Radar Approach Control & Tower w/o Radar,0,8,5,0,13,0,1,26,0,27,0,9,31,0,40,24,0,24,64
05/31/2010,TWF,ID,ANM,WE,Combination Non-Radar Approach Control & Tower w/o Radar,0,9,4,0,13,0,0,54,0,54,0,9,58,0,67,30,0,30,97
06/01/2010,TWF,ID,ANM,WE,Combination Non-Radar Approach Control & Tower w/o Radar,0,17,2,0,19,0,7,13,0,20,0,24,15,0,39,38,0,38,77
06/02/2010,TWF,ID,ANM,WE,Combination Non-Radar Approach Control & Tower w/o Radar,0,17,1,6,24,0,2,46,8,56,0,19,47,14,80,38,6,44,124
06/03/2010,TWF,ID,ANM,WE,Combination Non-Radar Approach Control & Tower w/o Radar,2,15,2,3,22,0,9,11,4,24,2,24,13,7,46,26,16,42,88
06/04/2010,TWF,ID,ANM,WE,Combination Non-Radar Approach Control & Tower w/o Radar,0,30,7,0,37,0,11,27,0,38,0,41,34,0,75,60,0,60,135
06/05/2010,TWF,ID,ANM,WE,Combination Non-Radar Approach Control & Tower w/o Radar,0,13,2,0,15,0,3,34,0,37,0,16,36,0,52,38,0,38,90
06/06/2010,TWF,ID,ANM,WE,Combination Non-Radar Approach Control & Tower w/o Radar,0,8,0,0,8,0,0,21,0,21,0,8,21,0,29,0,0,0,29
06/07/2010,TWF,ID,ANM,WE,Combination Non-Radar Approach Control & Tower w/o Radar,0,16,3,0,19,0,7,12,0,19,0,23,15,0,38,24,0,24,62
06/08/2010,TWF,ID,ANM,WE,Combination Non-Radar Approach Control & Tower w/o Radar,0,15,9,0,24,0,8,96,0,104,0,23,105,0,128,92,0,92,220
06/09/2010,TWF,ID,ANM,WE,Combination Non-Radar Approach Control & Tower w/o Radar,0,12,3,0,15,0,12,57,0,69,0,24,60,0,84,6,0,6,90
06/10/2010,TWF,ID,ANM,WE,Combination Non-Radar Approach Control & Tower w/o Radar,2,15,10,3,30,0,4,14,6,24,2,19,24,9,54,6,10,16,70
06/11/2010,TWF,ID,ANM,WE,Combination Non-Radar Approach Control & Tower w/o Radar,0,17,9,0,26,0,3,82,0,85,0,20,91,0,111,94,0,94,205
06/12/2010,TWF,ID,ANM,WE,Combination Non-Radar Approach Control & Tower w/o Radar,0,9,4,0,13,0,5,57,0,62,0,14,61,0,75,14,0,14,89
06/13/2010,TWF,ID,ANM,WE,Combination Non-Radar Approach Control & Tower w/o Radar,0,8,0,0,8,0,0,54,0,54,0,8,54,0,62,6,0,6,68
06/14/2010,TWF,ID,ANM,WE,Combination Non-Radar Approach Control & Tower w/o Radar,0,10,8,0,18,0,14,82,0,96,0,24,90,0,114,78,0,78,192
06/15/2010,TWF,ID,ANM,WE,Combination Non-Radar Approach Control & Tower w/o Radar,0,16,11,6,33,0,4,33,2,39,0,20,44,8,72,48,10,58,130
06/16/2010,TWF,ID,ANM,WE,Combination Non-Radar Approach Control & Tower w/o Radar,0,19,8,2,29,0,2,9,2,13,0,21,17,4,42,10,0,10,52
06/17/2010,TWF,ID,ANM,WE,Combination Non-Radar Approach Control & Tower w/o Radar,4,13,8,0,25,0,23,63,0,86,4,36,71,0,111,68,0,68,179
06/18/2010,TWF,ID,ANM,WE,Combination Non-Radar Approach Control & Tower w/o Radar,0,15,16,0,31,0,4,67,0,71,0,19,83,0,102,86,0,86,188
06/19/2010,TWF,ID,ANM,WE,Combination Non-Radar Approach Control & Tower w/o Radar,0,10,4,0,14,0,5,61,0,66,0,15,65,0,80,0,0,0,80
06/20/2010,TWF,ID,ANM,WE,Combination Non-Radar Approach Control & Tower w/o Radar,0,7,4,0,11,0,1,33,0,34,0,8,37,0,45,0,0,0,45
06/21/2010,TWF,ID,ANM,WE,Combination Non-Radar Approach Control & Tower w/o Radar,2,14,4,0,20,0,11,60,1,72,2,25,64,1,92,102,0,102,194
06/22/2010,TWF,ID,ANM,WE,Combination Non-Radar Approach Control & Tower w/o Radar,0,20,6,0,26,0,10,59,0,69,0,30,65,0,95,36,0,36,131
06/23/2010,TWF,ID,ANM,WE,Combination Non-Radar Approach Control & Tower w/o Radar,0,15,6,2,23,0,7,102,0,109,0,22,108,2,132,66,6,72,204
06/24/2010,TWF,ID,ANM,WE,Combination Non-Radar Approach Control & Tower w/o Radar,2,14,5,0,21,0,8,78,0,86,2,22,83,0,107,50,0,50,157
06/25/2010,TWF,ID,ANM,WE,Combination Non-Radar Approach Control & Tower w/o Radar,2,12,14,0,28,0,14,52,0,66,2,26,66,0,94,28,0,28,122
06/26/2010,TWF,ID,ANM,WE,Combination Non-Radar Approach Control & Tower w/o Radar,0,24,0,0,24,0,0,50,0,50,0,24,50,0,74,14,0,14,88
06/27/2010,TWF,ID,ANM,WE,Combination Non-Radar Approach Control & Tower w/o Radar,0,6,0,0,6,0,0,43,0,43,0,6,43,0,49,16,0,16,65
06/28/2010,TWF,ID,ANM,WE,Combination Non-Radar Approach Control & Tower w/o Radar,2,9,4,0,15,0,10,46,0,56,2,19,50,0,71,48,0,48,119
06/29/2010,TWF,ID,ANM,WE,Combination Non-Radar Approach Control & Tower w/o Radar,0,14,8,4,26,0,11,48,3,62,0,25,56,7,88,0,20,20,108
06/30/2010,TWF,ID,ANM,WE,Combination Non-Radar Approach Control & Tower w/o Radar,0,13,4,2,19,0,6,94,0,100,0,19,98,2,119,26,20,46,165
07/01/2010,TWF,ID,ANM,WE,Combination Non-Radar Approach Control & Tower w/o Radar,2,15,7,5,29,0,5,77,1,83,2,20,84,6,112,84,40,124,236
07/02/2010,TWF,ID,ANM,WE,Combination Non-Radar Approach Control & Tower w/o Radar,2,16,8,0,26,0,8,32,0,40,2,24,40,0,66,6,0,6,72
07/03/2010,TWF,ID,ANM,WE,Combination Non-Radar Approach Control & Tower w/o Radar,0,9,4,0,13,0,5,83,0,88,0,14,87,0,101,0,0,0,101
07/04/2010,TWF,ID,ANM,WE,Combination Non-Radar Approach Control & Tower w/o Radar,0,7,0,0,7,0,0,16,0,16,0,7,16,0,23,0,0,0,23
07/05/2010,TWF,ID,ANM,WE,Combination Non-Radar Approach Control & Tower w/o Radar,1,7,8,0,16,0,5,21,0,26,1,12,29,0,42,22,0,22,64
07/06/2010,TWF,ID,ANM,WE,Combination Non-Radar Approach Control & Tower w/o Radar,1,24,17,0,42,0,15,126,0,141,1,39,143,0,183,44,0,44,227
07/07/2010,TWF,ID,ANM,WE,Combination Non-Radar Approach Control & Tower w/o Radar,0,16,16,2,34,0,7,94,0,101,0,23,110,2,135,56,2,58,193
07/08/2010,TWF,ID,ANM,WE,Combination Non-Radar Approach Control & Tower w/o Radar,2,16,18,0,36,0,9,122,0,131,2,25,140,0,167,126,0,126,293
07/09/2010,TWF,ID,ANM,WE,Combination Non-Radar Approach Control & Tower w/o Radar,1,16,12,0,29,0,8,45,0,53,1,24,57,0,82,32,0,32,114
07/10/2010,TWF,ID,ANM,WE,Combination Non-Radar Approach Control & Tower w/o Radar,0,10,3,0,13,0,3,117,0,120,0,13,120,0,133,2,0,2,135
07/11/2010,TWF,ID,ANM,WE,Combination Non-Radar Approach Control & Tower w/o Radar,0,9,0,0,9,0,0,38,0,38,0,9,38,0,47,2,0,2,49
07/12/2010,TWF,ID,ANM,WE,Combination Non-Radar Approach Control & Tower w/o Radar,0,29,0,0,29,0,0,46,2,48,0,29,46,2,77,52,0,52,129
07/13/2010,TWF,ID,ANM,WE,Combination Non-Radar Approach Control & Tower w/o Radar,0,16,7,0,23,0,7,30,5,42,0,23,37,5,65,76,0,76,141
07/14/2010,TWF,ID,ANM,WE,Combination Non-Radar Approach Control & Tower w/o Radar,0,14,5,5,24,0,8,57,6,71,0,22,62,11,95,88,14,102,197
07/15/2010,TWF,ID,ANM,WE,Combination Non-Radar Approach Control & Tower w/o Radar,2,16,10,0,28,0,4,65,2,71,2,20,75,2,99,0,0,0,99
07/16/2010,TWF,ID,ANM,WE,Combination Non-Radar Approach Control & Tower w/o Radar,2,16,10,0,28,0,7,63,2,72,2,23,73,2,100,82,0,82,182
07/17/2010,TWF,ID,ANM,WE,Combination Non-Radar Approach Control & Tower w/o Radar,0,12,0,0,12,0,0,24,0,24,0,12,24,0,36,50,0,50,86
07/18/2010,TWF,ID,ANM,WE,Combination Non-Radar Approach Control & Tower w/o Radar,0,9,15,0,24,0,0,75,0,75,0,9,90,0,99,0,0,0,99
07/19/2010,TWF,ID,ANM,WE,Combination Non-Radar Approach Control & Tower w/o Radar,0,23,3,0,26,0,12,45,0,57,0,35,48,0,83,30,0,30,113
07/20/2010,TWF,ID,ANM,WE,Combination Non-Radar Approach Control & Tower w/o Radar,1,16,3,4,24,0,5,48,4,57,1,21,51,8,81,14,6,20,101
07/21/2010,TWF,ID,ANM,WE,Combination Non-Radar Approach Control & Tower w/o Radar,0,16,9,3,28,0,7,48,1,56,0,23,57,4,84,28,2,30,114
07/22/2010,TWF,ID,ANM,WE,Combination Non-Radar Approach Control & Tower w/o Radar,2,16,9,0,27,0,10,136,0,146,2,26,145,0,173,94,0,94,267
07/23/2010,TWF,ID,ANM,WE,Combination Non-Radar Approach Control & Tower w/o Radar,2,19,12,2,35,0,4,77,2,83,2,23,89,4,118,4,0,4,122
07/24/2010,TWF,ID,ANM,WE,Combination Non-Radar Approach Control & Tower w/o Radar,0,18,0,0,18,0,0,120,0,120,0,18,120,0,138,2,2,4,142
07/25/2010,TWF,ID,ANM,WE,Combination Non-Radar Approach Control & Tower w/o Radar,0,10,4,0,14,0,0,32,0,32,0,10,36,0,46,4,0,4,50
07/26/2010,TWF,ID,ANM,WE,Combination Non-Radar Approach Control & Tower w/o Radar,1,10,1,0,12,0,14,54,0,68,1,24,55,0,80,26,0,26,106
07/27/2010,TWF,ID,ANM,WE,Combination Non-Radar Approach Control & Tower w/o Radar,1,17,7,0,25,0,4,62,0,66,1,21,69,0,91,62,0,62,153
07/28/2010,TWF,ID,ANM,WE,Combination Non-Radar Approach Control & Tower w/o Radar,0,15,8,4,27,0,3,104,0,107,0,18,112,4,134,10,8,18,152
07/29/2010,TWF,ID,ANM,WE,Combination Non-Radar Approach Control & Tower w/o Radar,2,14,7,0,23,0,9,77,0,86,2,23,84,0,109,30,0,30,139
07/30/2010,TWF,ID,ANM,WE,Combination Non-Radar Approach Control & Tower w/o Radar,2,18,11,0,31,0,10,104,0,114,2,28,115,0,145,28,0,28,173
07/31/2010,TWF,ID,ANM,WE,Combination Non-Radar Approach Control & Tower w/o Radar,0,14,4,0,18,0,11,123,0,134,0,25,127,0,152,28,0,28,180
08/01/2010,TWF,ID,ANM,WE,Combination Non-Radar Approach Control & Tower w/o Radar,0,10,0,0,10,0,0,57,0,57,0,10,57,0,67,2,0,2,69
08/02/2010,TWF,ID,ANM,WE,Combination Non-Radar Approach Control & Tower w/o Radar,1,9,5,0,15,0,10,67,0,77,1,19,72,0,92,38,0,38,130
08/03/2010,TWF,ID,ANM,WE,Combination Non-Radar Approach Control & Tower w/o Radar,1,12,3,4,20,0,5,51,6,62,1,17,54,10,82,38,20,58,140
08/04/2010,TWF,ID,ANM,WE,Combination Non-Radar Approach Control & Tower w/o Radar,4,20,1,8,33,0,8,113,6,127,4,28,114,14,160,30,46,76,236
08/05/2010,TWF,ID,ANM,WE,Combination Non-Radar Approach Control & Tower w/o Radar,2,15,1,0,18,0,6,73,0,79,2,21,74,0,97,46,0,46,143
08/06/2010,TWF,ID,ANM,WE,Combination Non-Radar Approach Control & Tower w/o Radar,2,14,6,0,22,0,4,182,0,186,2,18,188,0,208,33,0,33,241
08/07/2010,TWF,ID,ANM,WE,Combination Non-Radar Approach Control & Tower w/o Radar,0,16,0,0,16,0,0,133,0,133,0,16,133,0,149,24,0,24,173
08/08/2010,TWF,ID,ANM,WE,Combination Non-Radar Approach Control & Tower w/o Radar,0,7,0,0,7,0,0,58,0,58,0,7,58,0,65,0,0,0,65
08/09/2010,TWF,ID,ANM,WE,Combination Non-Radar Approach Control & Tower w/o Radar,0,18,0,0,18,0,0,67,0,67,0,18,67,0,85,14,0,14,99
08/10/2010,TWF,ID,ANM,WE,Combination Non-Radar Approach Control & Tower w/o Radar,0,0,0,6,6,0,0,35,0,35,0,0,35,6,41,20,10,30,71
08/11/2010,TWF,ID,ANM,WE,Combination Non-Radar Approach Control & Tower w/o Radar,0,14,9,5,28,0,21,49,6,76,0,35,58,11,104,106,14,120,224
08/12/2010,TWF,ID,ANM,WE,Combination Non-Radar Approach Control & Tower w/o Radar,2,14,1,0,17,0,8,57,0,65,2,22,58,0,82,14,0,14,96
08/13/2010,TWF,ID,ANM,WE,Combination Non-Radar Approach Control & Tower w/o Radar,2,13,6,0,21,0,10,75,0,85,2,23,81,0,106,14,0,14,120
08/14/2010,TWF,ID,ANM,WE,Combination Non-Radar Approach Control & Tower w/o Radar,0,20,0,0,20,0,0,53,0,53,0,20,53,0,73,22,0,22,95
08/15/2010,TWF,ID,ANM,WE,Combination Non-Radar Approach Control & Tower w/o Radar,0,7,8,0,15,0,0,47,0,47,0,7,55,0,62,0,0,0,62
08/16/2010,TWF,ID,ANM,WE,Combination Non-Radar Approach Control & Tower w/o Radar,1,14,2,0,17,0,19,86,0,105,1,33,88,0,122,68,0,68,190
08/17/2010,TWF,ID,ANM,WE,Combination Non-Radar Approach Control & Tower w/o Radar,0,14,5,0,19,0,10,46,0,56,0,24,51,0,75,2,0,2,77
08/18/2010,TWF,ID,ANM,WE,Combination Non-Radar Approach Control & Tower w/o Radar,0,13,8,2,23,0,6,42,0,48,0,19,50,2,71,36,0,36,107
08/19/2010,TWF,ID,ANM,WE,Combination Non-Radar Approach Control & Tower w/o Radar,2,18,12,4,36,0,3,76,4,83,2,21,88,8,119,72,4,76,195
08/20/2010,TWF,ID,ANM,WE,Combination Non-Radar Approach Control & Tower w/o Radar,2,14,11,1,28,0,13,188,3,204,2,27,199,4,232,20,0,20,252
08/21/2010,TWF,ID,ANM,WE,Combination Non-Radar Approach Control & Tower w/o Radar,0,12,9,0,21,0,9,156,0,165,0,21,165,0,186,16,0,16,202
08/22/2010,TWF,ID,ANM,WE,Combination Non-Radar Approach Control & Tower w/o Radar,0,21,0,0,21,0,0,129,0,129,0,21,129,0,150,0,0,0,150
08/23/2010,TWF,ID,ANM,WE,Combination Non-Radar Approach Control & Tower w/o Radar,1,10,10,0,21,0,13,165,0,178,1,23,175,0,199,18,0,18,217
08/24/2010,TWF,ID,ANM,WE,Combination Non-Radar Approach Control & Tower w/o Radar,1,12,10,1,24,0,10,76,6,92,1,22,86,7,116,38,0,38,154
08/25/2010,TWF,ID,ANM,WE,Combination Non-Radar Approach Control & Tower w/o Radar,0,12,9,0,21,0,11,79,8,98,0,23,88,8,119,22,0,22,141
08/26/2010,TWF,ID,ANM,WE,Combination Non-Radar Approach Control & Tower w/o Radar,2,14,3,0,19,0,6,119,0,125,2,20,122,0,144,6,0,6,150
08/27/2010,TWF,ID,ANM,WE,Combination Non-Radar Approach Control & Tower w/o Radar,2,20,2,0,24,0,4,167,1,172,2,24,169,1,196,14,0,14,210
08/28/2010,TWF,ID,ANM,WE,Combination Non-Radar Approach Control & Tower w/o Radar,0,14,13,0,27,0,7,148,0,155,0,21,161,0,182,14,0,14,196
08/29/2010,TWF,ID,ANM,WE,Combination Non-Radar Approach Control & Tower w/o Radar,0,8,2,0,10,0,0,33,0,33,0,8,35,0,43,2,0,2,45
08/30/2010,TWF,ID,ANM,WE,Combination Non-Radar Approach Control & Tower w/o Radar,1,20,0,0,21,0,0,34,0,34,1,20,34,0,55,24,0,24,79
08/31/2010,TWF,ID,ANM,WE,Combination Non-Radar Approach Control & Tower w/o Radar,1,19,7,0,27,0,3,43,0,46,1,22,50,0,73,28,0,28,101
09/01/2010,TWF,ID,ANM,WE,Combination Non-Radar Approach Control & Tower w/o Radar,0,15,11,0,26,0,7,62,0,69,0,22,73,0,95,22,0,22,117
09/02/2010,TWF,ID,ANM,WE,Combination Non-Radar Approach Control & Tower w/o Radar,2,16,4,0,22,0,6,42,0,48,2,22,46,0,70,20,0,20,90
09/03/2010,TWF,ID,ANM,WE,Combination Non-Radar Approach Control & Tower w/o Radar,1,16,11,0,28,1,6,35,0,42,2,22,46,0,70,20,0,20,90
09/04/2010,TWF,ID,ANM,WE,Combination Non-Radar Approach Control & Tower w/o Radar,1,8,5,0,14,0,8,60,0,68,1,16,65,0,82,12,0,12,94
09/05/2010,TWF,ID,ANM,WE,Combination Non-Radar Approach Control & Tower w/o Radar,0,7,2,0,9,0,0,10,0,10,0,7,12,0,19,0,0,0,19
09/06/2010,TWF,ID,ANM,WE,Combination Non-Radar Approach Control & Tower w/o Radar,1,7,5,0,13,0,0,33,0,33,1,7,38,0,46,0,0,0,46
09/07/2010,TWF,ID,ANM,WE,Combination Non-Radar Approach Control & Tower w/o Radar,1,12,12,0,25,0,11,81,0,92,1,23,93,0,117,80,0,80,197
09/08/2010,TWF,ID,ANM,WE,Combination Non-Radar Approach Control & Tower w/o Radar,0,22,45,0,67,0,6,42,0,48,0,28,87,0,115,21,0,21,136
09/09/2010,TWF,ID,ANM,WE,Combination Non-Radar Approach Control & Tower w/o Radar,2,24,10,0,36,0,2,6,0,8,2,26,16,0,44,0,0,0,44
09/10/2010,TWF,ID,ANM,WE,Combination Non-Radar Approach Control & Tower w/o Radar,2,19,8,1,30,0,8,26,1,35,2,27,34,2,65,34,0,34,99
09/11/2010,TWF,ID,ANM,WE,Combination Non-Radar Approach Control & Tower w/o Radar,0,11,0,0,11,0,0,40,0,40,0,11,40,0,51,20,0,20,71
09/12/2010,TWF,ID,ANM,WE,Combination Non-Radar Approach Control & Tower w/o Radar,0,8,1,0,9,0,1,64,0,65,0,9,65,0,74,26,0,26,100
09/13/2010,TWF,ID,ANM,WE,Combination Non-Radar Approach Control & Tower w/o Radar,2,19,0,0,21,0,0,45,0,45,2,19,45,0,66,40,0,40,106
09/14/2010,TWF,ID,ANM,WE,Combination Non-Radar Approach Control & Tower w/o Radar,0,21,30,16,67,0,3,25,10,38,0,24,55,26,105,18,6,24,129
09/15/2010,TWF,ID,ANM,WE,Combination Non-Radar Approach Control & Tower w/o Radar,0,21,53,0,74,0,5,48,0,53,0,26,101,0,127,92,0,92,219
09/16/2010,TWF,ID,ANM,WE,Combination Non-Radar Approach Control & Tower w/o Radar,2,16,6,0,24,0,8,8,0,16,2,24,14,0,40,22,0,22,62
09/17/2010,TWF,ID,ANM,WE,Combination Non-Radar Approach Control & Tower w/o Radar,2,16,10,2,30,0,10,60,0,70,2,26,70,2,100,40,0,40,140
09/18/2010,TWF,ID,ANM,WE,Combination Non-Radar Approach Control & Tower w/o Radar,0,10,2,0,12,0,4,71,0,75,0,14,73,0,87,68,0,68,155
09/19/2010,TWF,ID,ANM,WE,Combination Non-Radar Approach Control & Tower w/o Radar,0,7,0,0,7,0,0,28,0,28,0,7,28,0,35,0,0,0,35
09/20/2010,TWF,ID,ANM,WE,Combination Non-Radar Approach Control & Tower w/o Radar,1,18,0,0,19,0,0,25,0,25,1,18,25,0,44,58,0,58,102
09/21/2010,TWF,ID,ANM,WE,Combination Non-Radar Approach Control & Tower w/o Radar,2,22,44,4,72,0,8,42,2,52,2,30,86,6,124,32,0,32,156
09/22/2010,TWF,ID,ANM,WE,Combination Non-Radar Approach Control & Tower w/o Radar,0,15,8,2,25,0,5,21,2,28,0,20,29,4,53,6,0,6,59
09/23/2010,TWF,ID,ANM,WE,Combination Non-Radar Approach Control & Tower w/o Radar,2,13,8,0,23,0,7,23,0,30,2,20,31,0,53,60,0,60,113
09/24/2010,TWF,ID,ANM,WE,Combination Non-Radar Approach Control & Tower w/o Radar,2,15,2,0,19,0,18,27,0,45,2,33,29,0,64,20,0,20,84
09/25/2010,TWF,ID,ANM,WE,Combination Non-Radar Approach Control & Tower w/o Radar,0,11,7,0,18,0,12,44,0,56,0,23,51,0,74,32,0,32,106
09/26/2010,TWF,ID,ANM,WE,Combination Non-Radar Approach Control & Tower w/o Radar,0,9,2,0,11,0,0,29,0,29,0,9,31,0,40,0,0,0,40
09/27/2010,TWF,ID,ANM,WE,Combination Non-Radar Approach Control & Tower w/o Radar,1,15,9,0,25,0,8,33,0,41,1,23,42,0,66,14,0,14,80
09/28/2010,TWF,ID,ANM,WE,Combination Non-Radar Approach Control & Tower w/o Radar,1,16,2,2,21,0,2,43,0,45,1,18,45,2,66,86,2,88,154
09/29/2010,TWF,ID,ANM,WE,Combination Non-Radar Approach Control & Tower w/o Radar,0,15,3,1,19,0,6,54,0,60,0,21,57,1,79,150,0,150,229
09/30/2010,TWF,ID,ANM,WE,Combination Non-Radar Approach Control & Tower w/o Radar,2,15,11,3,31,0,6,51,1,58,2,21,62,4,89,6,4,10,99
10/01/2010,TWF,ID,ANM,WE,Combination Non-Radar Approach Control & Tower w/o Radar,2,21,5,0,28,0,1,47,0,48,2,22,52,0,76,12,0,12,88
10/02/2010,TWF,ID,ANM,WE,Combination Non-Radar Approach Control & Tower w/o Radar,0,11,5,4,20,0,5,23,0,28,0,16,28,4,48,4,0,4,52
10/03/2010,TWF,ID,ANM,WE,Combination Non-Radar Approach Control & Tower w/o Radar,0,8,3,1,12,0,0,43,1,44,0,8,46,2,56,4,0,4,60
10/04/2010,TWF,ID,ANM,WE,Combination Non-Radar Approach Control & Tower w/o Radar,2,21,6,0,29,0,3,6,0,9,2,24,12,0,38,2,0,2,40
10/05/2010,TWF,ID,ANM,WE,Combination Non-Radar Approach Control & Tower w/o Radar,0,22,4,0,26,0,3,15,0,18,0,25,19,0,44,18,0,18,62
10/06/2010,TWF,ID,ANM,WE,Combination Non-Radar Approach Control & Tower w/o Radar,0,17,7,2,26,0,2,26,0,28,0,19,33,2,54,30,0,30,84
10/07/2010,TWF,ID,ANM,WE,Combination Non-Radar Approach Control & Tower w/o Radar,4,21,0,3,28,0,6,17,1,24,4,27,17,4,52,2,16,18,70
10/08/2010,TWF,ID,ANM,WE,Combination Non-Radar Approach Control & Tower w/o Radar,0,13,5,0,18,0,1,22,0,23,0,14,27,0,41,16,0,16,57
10/09/2010,TWF,ID,ANM,WE,Combination Non-Radar Approach Control & Tower w/o Radar,0,11,0,0,11,0,7,84,0,91,0,18,84,0,102,90,0,90,192
10/10/2010,TWF,ID,ANM,WE,Combination Non-Radar Approach Control & Tower w/o Radar,2,9,2,0,13,0,0,50,0,50,2,9,52,0,63,12,0,12,75
10/11/2010,TWF,ID,ANM,WE,Combination Non-Radar Approach Control & Tower w/o Radar,0,14,3,0,17,0,0,6,0,6,0,14,9,0,23,0,0,0,23
10/12/2010,TWF,ID,ANM,WE,Combination Non-Radar Approach Control & Tower w/o Radar,0,14,4,0,18,0,3,34,0,37,0,17,38,0,55,58,0,58,113
10/13/2010,TWF,ID,ANM,WE,Combination Non-Radar Approach Control & Tower w/o Radar,0,19,8,2,29,0,3,44,2,49,0,22,52,4,78,38,0,38,116
10/14/2010,TWF,ID,ANM,WE,Combination Non-Radar Approach Control & Tower w/o Radar,4,16,7,0,27,0,9,38,0,47,4,25,45,0,74,10,0,10,84
10/15/2010,TWF,ID,ANM,WE,Combination Non-Radar Approach Control & Tower w/o Radar,0,17,4,0,21,0,3,22,0,25,0,20,26,0,46,36,0,36,82
10/16/2010,TWF,ID,ANM,WE,Combination Non-Radar Approach Control & Tower w/o Radar,0,11,0,0,11,0,5,84,0,89,0,16,84,0,100,22,0,22,122
10/17/2010,TWF,ID,ANM,WE,Combination Non-Radar Approach Control & Tower w/o Radar,0,8,1,0,9,0,0,37,0,37,0,8,38,0,46,10,0,10,56
10/18/2010,TWF,ID,ANM,WE,Combination Non-Radar Approach Control & Tower w/o Radar,0,14,11,0,25,0,8,22,0,30,0,22,33,0,55,20,0,20,75
10/19/2010,TWF,ID,ANM,WE,Combination Non-Radar Approach Control & Tower w/o Radar,0,16,3,0,19,0,3,35,0,38,0,19,38,0,57,34,0,34,91
10/20/2010,TWF,ID,ANM,WE,Combination Non-Radar Approach Control & Tower w/o Radar,0,15,10,0,25,0,7,29,0,36,0,22,39,0,61,20,0,20,81
10/21/2010,TWF,ID,ANM,WE,Combination Non-Radar Approach Control & Tower w/o Radar,4,19,10,6,39,0,3,34,6,43,4,22,44,12,82,22,8,30,112
10/22/2010,TWF,ID,ANM,WE,Combination Non-Radar Approach Control & Tower w/o Radar,0,16,2,2,20,0,5,42,0,47,0,21,44,2,67,14,0,14,81
10/23/2010,TWF,ID,ANM,WE,Combination Non-Radar Approach Control & Tower w/o Radar,0,14,8,0,22,0,3,8,0,11,0,17,16,0,33,0,0,0,33
10/24/2010,TWF,ID,ANM,WE,Combination Non-Radar Approach Control & Tower w/o Radar,2,21,3,0,26,0,0,1,0,1,2,21,4,0,27,0,0,0,27
10/25/2010,TWF,ID,ANM,WE,Combination Non-Radar Approach Control & Tower w/o Radar,0,20,2,1,23,0,7,1,1,9,0,27,3,2,32,0,0,0,32
10/26/2010,TWF,ID,ANM,WE,Combination Non-Radar Approach Control & Tower w/o Radar,0,22,0,2,24,0,0,0,2,2,0,22,0,4,26,0,22,22,48
10/27/2010,TWF,ID,ANM,WE,Combination Non-Radar Approach Control & Tower w/o Radar,0,21,8,0,29,0,0,23,0,23,0,21,31,0,52,34,0,34,86
10/28/2010,TWF,ID,ANM,WE,Combination Non-Radar Approach Control & Tower w/o Radar,2,18,2,0,22,0,4,30,0,34,2,22,32,0,56,76,0,76,132
10/29/2010,TWF,ID,ANM,WE,Combination Non-Radar Approach Control & Tower w/o Radar,2,13,1,0,16,0,0,6,0,6,2,13,7,0,22,20,0,20,42
10/30/2010,TWF,ID,ANM,WE,Combination Non-Radar Approach Control & Tower w/o Radar,0,13,8,0,21,0,1,29,0,30,0,14,37,0,51,14,0,14,65
10/31/2010,TWF,ID,ANM,WE,Combination Non-Radar Approach Control & Tower w/o Radar,0,8,0,0,8,0,1,11,0,12,0,9,11,0,20,0,0,0,20
11/01/2010,TWF,ID,ANM,WE,Combination Non-Radar Approach Control & Tower w/o Radar,0,13,6,0,19,0,10,17,0,27,0,23,23,0,46,16,0,16,62
11/02/2010,TWF,ID,ANM,WE,Combination Non-Radar Approach Control & Tower w/o Radar,0,15,6,0,21,0,9,41,0,50,0,24,47,0,71,82,0,82,153
11/03/2010,TWF,ID,ANM,WE,Combination Non-Radar Approach Control & Tower w/o Radar,0,17,4,1,22,0,6,26,1,33,0,23,30,2,55,58,0,58,113
11/04/2010,TWF,ID,ANM,WE,Combination Non-Radar Approach Control & Tower w/o Radar,4,20,3,0,27,0,7,43,0,50,4,27,46,0,77,14,0,14,91
11/05/2010,TWF,ID,ANM,WE,Combination Non-Radar Approach Control & Tower w/o Radar,0,16,5,4,25,0,3,29,0,32,0,19,34,4,57,8,0,8,65
11/06/2010,TWF,ID,ANM,WE,Combination Non-Radar Approach Control & Tower w/o Radar,0,11,9,3,23,0,8,19,3,30,0,19,28,6,53,4,0,4,57
11/07/2010,TWF,ID,ANM,WE,Combination Non-Radar Approach Control & Tower w/o Radar,0,7,3,0,10,0,0,5,0,5,0,7,8,0,15,2,0,2,17
11/08/2010,TWF,ID,ANM,WE,Combination Non-Radar Approach Control & Tower w/o Radar,0,28,4,0,32,0,2,4,0,6,0,30,8,0,38,0,0,0,38
11/09/2010,TWF,ID,ANM,WE,Combination Non-Radar Approach Control & Tower w/o Radar,0,20,9,0,29,0,3,15,0,18,0,23,24,0,47,22,0,22,69
11/10/2010,TWF,ID,ANM,WE,Combination Non-Radar Approach Control & Tower w/o Radar,0,22,4,2,28,0,3,0,0,3,0,25,4,2,31,0,0,0,31
11/11/2010,TWF,ID,ANM,WE,Combination Non-Radar Approach Control & Tower w/o Radar,2,18,4,2,26,0,0,20,2,22,2,18,24,4,48,32,0,32,80
11/12/2010,TWF,ID,ANM,WE,Combination Non-Radar Approach Control & Tower w/o Radar,0,19,7,2,28,0,5,19,0,24,0,24,26,2,52,68,0,68,120
11/13/2010,TWF,ID,ANM,WE,Combination Non-Radar Approach Control & Tower w/o Radar,0,11,0,0,11,0,2,17,0,19,0,13,17,0,30,48,0,48,78
11/14/2010,TWF,ID,ANM,WE,Combination Non-Radar Approach Control & Tower w/o Radar,1,8,6,0,15,0,0,6,0,6,1,8,12,0,21,0,0,0,21
11/15/2010,TWF,ID,ANM,WE,Combination Non-Radar Approach Control & Tower w/o Radar,1,18,4,0,23,0,2,3,0,5,1,20,7,0,28,2,0,2,30
11/16/2010,TWF,ID,ANM,WE,Combination Non-Radar Approach Control & Tower w/o Radar,0,24,9,0,33,0,1,11,0,12,0,25,20,0,45,12,0,12,57
11/17/2010,TWF,ID,ANM,WE,Combination Non-Radar Approach Control & Tower w/o Radar,0,16,10,4,30,0,4,40,6,50,0,20,50,10,80,116,0,116,196
11/18/2010,TWF,ID,ANM,WE,Combination Non-Radar Approach Control & Tower w/o Radar,4,16,6,2,28,0,5,8,0,13,4,21,14,2,41,0,0,0,41
11/19/2010,TWF,ID,ANM,WE,Combination Non-Radar Approach Control & Tower w/o Radar,0,35,4,0,39,0,0,8,0,8,0,35,12,0,47,66,0,66,113
11/20/2010,TWF,ID,ANM,WE,Combination Non-Radar Approach Control & Tower w/o Radar,0,23,8,2,33,0,0,7,0,7,0,23,15,2,40,0,0,0,40
11/21/2010,TWF,ID,ANM,WE,Combination Non-Radar Approach Control & Tower w/o Radar,0,14,7,0,21,0,2,0,0,2,0,16,7,0,23,0,0,0,23
11/22/2010,TWF,ID,ANM,WE,Combination Non-Radar Approach Control & Tower w/o Radar,2,41,8,0,51,0,0,5,0,5,2,41,13,0,56,0,0,0,56
11/23/2010,TWF,ID,ANM,WE,Combination Non-Radar Approach Control & Tower w/o Radar,0,22,2,0,24,0,0,0,0,0,0,22,2,0,24,0,0,0,24
11/24/2010,TWF,ID,ANM,WE,Combination Non-Radar Approach Control & Tower w/o Radar,2,24,6,1,33,0,1,8,2,11,2,25,14,3,44,0,0,0,44
11/25/2010,TWF,ID,ANM,WE,Combination Non-Radar Approach Control & Tower w/o Radar,0,7,2,0,9,0,0,1,0,1,0,7,3,0,10,0,0,0,10
11/26/2010,TWF,ID,ANM,WE,Combination Non-Radar Approach Control & Tower w/o Radar,0,25,4,0,29,0,3,10,0,13,0,28,14,0,42,6,0,6,48
11/27/2010,TWF,ID,ANM,WE,Combination Non-Radar Approach Control & Tower w/o Radar,2,26,9,0,37,0,3,4,0,7,2,29,13,0,44,0,0,0,44
11/28/2010,TWF,ID,ANM,WE,Combination Non-Radar Approach Control & Tower w/o Radar,0,11,3,0,14,0,0,1,0,1,0,11,4,0,15,0,0,0,15
11/29/2010,TWF,ID,ANM,WE,Combination Non-Radar Approach Control & Tower w/o Radar,0,18,9,0,27,0,3,21,2,26,0,21,30,2,53,14,0,14,67
11/30/2010,TWF,ID,ANM,WE,Combination Non-Radar Approach Control & Tower w/o Radar,0,19,5,2,26,0,0,22,0,22,0,19,27,2,48,42,14,56,104
12/01/2010,TWF,ID,ANM,WE,Combination Non-Radar Approach Control & Tower w/o Radar,0,34,3,0,37,0,0,0,0,0,0,34,3,0,37,0,0,0,37
12/02/2010,TWF,ID,ANM,WE,Combination Non-Radar Approach Control & Tower w/o Radar,2,42,6,5,55,0,3,1,8,12,2,45,7,13,67,0,20,20,87
12/03/2010,TWF,ID,ANM,WE,Combination Non-Radar Approach Control & Tower w/o Radar,0,27,2,2,31,0,1,4,2,7,0,28,6,4,38,0,0,0,38
12/04/2010,TWF,ID,ANM,WE,Combination Non-Radar Approach Control & Tower w/o Radar,0,16,4,0,20,0,0,0,0,0,0,16,4,0,20,0,0,0,20
12/05/2010,TWF,ID,ANM,WE,Combination Non-Radar Approach Control & Tower w/o Radar,11,15,9,0,35,0,0,16,0,16,11,15,25,0,51,54,0,54,105
12/06/2010,TWF,ID,ANM,WE,Combination Non-Radar Approach Control & Tower w/o Radar,0,25,12,0,37,0,2,0,0,2,0,27,12,0,39,0,0,0,39
12/07/2010,TWF,ID,ANM,WE,Combination Non-Radar Approach Control & Tower w/o Radar,1,20,17,3,41,0,0,18,0,18,1,20,35,3,59,16,18,34,93
12/08/2010,TWF,ID,ANM,WE,Combination Non-Radar Approach Control & Tower w/o Radar,0,21,3,3,27,0,2,10,4,16,0,23,13,7,43,28,12,40,83
12/09/2010,TWF,ID,ANM,WE,Combination Non-Radar Approach Control & Tower w/o Radar,4,19,7,4,34,0,2,11,2,15,4,21,18,6,49,32,12,44,93
12/10/2010,TWF,ID,ANM,WE,Combination Non-Radar Approach Control & Tower w/o Radar,0,26,1,0,27,0,1,7,0,8,0,27,8,0,35,8,0,8,43
12/11/2010,TWF,ID,ANM,WE,Combination Non-Radar Approach Control & Tower w/o Radar,0,20,6,0,26,0,2,12,0,14,0,22,18,0,40,28,0,28,68
12/12/2010,TWF,ID,ANM,WE,Combination Non-Radar Approach Control & Tower w/o Radar,2,7,5,0,14,0,0,31,0,31,2,7,36,0,45,28,0,28,73
12/13/2010,TWF,ID,ANM,WE,Combination Non-Radar Approach Control & Tower w/o Radar,0,17,8,0,25,0,3,18,0,21,0,20,26,0,46,14,0,14,60
12/14/2010,TWF,ID,ANM,WE,Combination Non-Radar Approach Control & Tower w/o Radar,0,32,3,0,35,0,5,3,0,8,0,37,6,0,43,0,0,0,43
12/15/2010,TWF,ID,ANM,WE,Combination Non-Radar Approach Control & Tower w/o Radar,0,25,6,0,31,0,2,27,0,29,0,27,33,0,60,38,0,38,98
12/16/2010,TWF,ID,ANM,WE,Combination Non-Radar Approach Control & Tower w/o Radar,4,18,17,4,43,0,7,50,4,61,4,25,67,8,104,104,2,106,210
12/17/2010,TWF,ID,ANM,WE,Combination Non-Radar Approach Control & Tower w/o Radar,0,18,9,0,27,0,2,21,0,23,0,20,30,0,50,28,0,28,78
12/18/2010,TWF,ID,ANM,WE,Combination Non-Radar Approach Control & Tower w/o Radar,0,34,20,0,54,0,4,0,0,4,0,38,20,0,58,0,0,0,58
12/19/2010,TWF,ID,ANM,WE,Combination Non-Radar Approach Control & Tower w/o Radar,1,41,24,0,66,0,1,0,0,1,1,42,24,0,67,2,0,2,69
12/20/2010,TWF,ID,ANM,WE,Combination Non-Radar Approach Control & Tower w/o Radar,2,26,9,1,38,0,3,13,1,17,2,29,22,2,55,46,0,46,101
12/21/2010,TWF,ID,ANM,WE,Combination Non-Radar Approach Control & Tower w/o Radar,0,23,6,6,35,0,0,18,2,20,0,23,24,8,55,36,16,52,107
12/22/2010,TWF,ID,ANM,WE,Combination Non-Radar Approach Control & Tower w/o Radar,0,34,12,0,46,0,0,7,0,7,0,34,19,0,53,0,0,0,53
12/23/2010,TWF,ID,ANM,WE,Combination Non-Radar Approach Control & Tower w/o Radar,4,24,6,0,34,0,3,18,0,21,4,27,24,0,55,36,0,36,91
12/24/2010,TWF,ID,ANM,WE,Combination Non-Radar Approach Control & Tower w/o Radar,0,21,7,0,28,0,9,23,0,32,0,30,30,0,60,2,0,2,62
12/25/2010,TWF,ID,ANM,WE,Combination Non-Radar Approach Control & Tower w/o Radar,0,8,0,0,8,0,0,2,0,2,0,8,2,0,10,4,0,4,14
12/26/2010,TWF,ID,ANM,WE,Combination Non-Radar Approach Control & Tower w/o Radar,2,37,47,0,86,0,0,11,0,11,2,37,58,0,97,0,0,0,97
12/27/2010,TWF,ID,ANM,WE,Combination Non-Radar Approach Control & Tower w/o Radar,0,19,10,0,29,0,2,20,0,22,0,21,30,0,51,4,0,4,55
12/28/2010,TWF,ID,ANM,WE,Combination Non-Radar Approach Control & Tower w/o Radar,0,50,20,0,70,0,1,5,0,6,0,51,25,0,76,12,0,12,88
12/29/2010,TWF,ID,ANM,WE,Combination Non-Radar Approach Control & Tower w/o Radar,0,39,10,0,49,0,0,2,0,2,0,39,12,0,51,0,0,0,51
12/30/2010,TWF,ID,ANM,WE,Combination Non-Radar Approach Control & Tower w/o Radar,2,18,5,2,27,0,4,4,2,10,2,22,9,4,37,0,4,4,41
12/31/2010,TWF,ID,ANM,WE,Combination Non-Radar Approach Control & Tower w/o Radar,0,16,3,0,19,0,2,0,0,2,0,18,3,0,21,0,0,0,21
01/01/2011,TWF,ID,ANM,WE,Combination Non-Radar Approach Control & Tower w/o Radar,0,8,0,0,8,0,0,16,0,16,0,8,16,0,24,8,0,8,32
01/02/2011,TWF,ID,ANM,WE,Combination Non-Radar Approach Control & Tower w/o Radar,1,18,26,0,45,0,0,0,0,0,1,18,26,0,45,4,0,4,49
01/03/2011,TWF,ID,ANM,WE,Combination Non-Radar Approach Control & Tower w/o Radar,0,16,5,0,21,0,5,17,0,22,0,21,22,0,43,2,0,2,45
01/04/2011,TWF,ID,ANM,WE,Combination Non-Radar Approach Control & Tower w/o Radar,0,20,8,1,29,0,0,24,1,25,0,20,32,2,54,72,0,72,126
01/05/2011,TWF,ID,ANM,WE,Combination Non-Radar Approach Control & Tower w/o Radar,0,23,25,2,50,0,3,35,0,38,0,26,60,2,88,28,0,28,116
01/06/2011,TWF,ID,ANM,WE,Combination Non-Radar Approach Control & Tower w/o Radar,12,29,10,0,51,0,0,16,0,16,12,29,26,0,67,20,0,20,87
01/07/2011,TWF,ID,ANM,WE,Combination Non-Radar Approach Control & Tower w/o Radar,0,29,4,1,34,0,2,24,6,32,0,31,28,7,66,12,0,12,78
01/08/2011,TWF,ID,ANM,WE,Combination Non-Radar Approach Control & Tower w/o Radar,0,15,7,0,22,0,12,3,2,17,0,27,10,2,39,4,2,6,45
01/09/2011,TWF,ID,ANM,WE,Combination Non-Radar Approach Control & Tower w/o Radar,5,7,8,0,20,0,0,19,0,19,5,7,27,0,39,34,0,34,73
01/10/2011,TWF,ID,ANM,WE,Combination Non-Radar Approach Control & Tower w/o Radar,1,16,4,0,21,0,4,8,2,14,1,20,12,2,35,16,0,16,51
01/11/2011,TWF,ID,ANM,WE,Combination Non-Radar Approach Control & Tower w/o Radar,0,22,5,0,27,0,1,6,0,7,0,23,11,0,34,12,0,12,46
01/12/2011,TWF,ID,ANM,WE,Combination Non-Radar Approach Control & Tower w/o Radar,0,33,7,6,46,0,0,5,1,6,0,33,12,7,52,18,18,36,88
01/13/2011,TWF,ID,ANM,WE,Combination Non-Radar Approach Control & Tower w/o Radar,3,38,17,5,63,0,0,3,3,6,3,38,20,8,69,0,10,10,79
01/14/2011,TWF,ID,ANM,WE,Combination Non-Radar Approach Control & Tower w/o Radar,0,40,13,0,53,0,5,6,0,11,0,45,19,0,64,6,0,6,70
01/15/2011,TWF,ID,ANM,WE,Combination Non-Radar Approach Control & Tower w/o Radar,0,13,6,0,19,0,2,16,0,18,0,15,22,0,37,46,0,46,83
01/16/2011,TWF,ID,ANM,WE,Combination Non-Radar Approach Control & Tower w/o Radar,1,12,0,0,13,0,0,0,0,0,1,12,0,0,13,0,0,0,13
01/17/2011,TWF,ID,ANM,WE,Combination Non-Radar Approach Control & Tower w/o Radar,2,18,3,0,23,0,2,4,0,6,2,20,7,0,29,6,0,6,35
01/18/2011,TWF,ID,ANM,WE,Combination Non-Radar Approach Control & Tower w/o Radar,0,19,0,0,19,0,0,0,0,0,0,19,0,0,19,32,0,32,51
01/19/2011,TWF,ID,ANM,WE,Combination Non-Radar Approach Control & Tower w/o Radar,0,23,10,4,37,0,2,17,0,19,0,25,27,4,56,0,0,0,56
01/20/2011,TWF,ID,ANM,WE,Combination Non-Radar Approach Control & Tower w/o Radar,2,21,5,4,32,0,5,36,6,47,2,26,41,10,79,32,6,38,117
01/21/2011,TWF,ID,ANM,WE,Combination Non-Radar Approach Control & Tower w/o Radar,0,28,8,0,36,0,3,21,0,24,0,31,29,0,60,52,0,52,112
01/22/2011,TWF,ID,ANM,WE,Combination Non-Radar Approach Control & Tower w/o Radar,0,20,13,2,35,0,0,0,0,0,0,20,13,2,35,14,0,14,49
01/23/2011,TWF,ID,ANM,WE,Combination Non-Radar Approach Control & Tower w/o Radar,2,8,8,0,18,0,0,5,0,5,2,8,13,0,23,8,0,8,31
01/24/2011,TWF,ID,ANM,WE,Combination Non-Radar Approach Control & Tower w/o Radar,0,19,9,0,28,0,2,27,0,29,0,21,36,0,57,50,0,50,107
01/25/2011,TWF,ID,ANM,WE,Combination Non-Radar Approach Control & Tower w/o Radar,0,40,10,0,50,0,0,2,0,2,0,40,12,0,52,0,0,0,52
01/26/2011,TWF,ID,ANM,WE,Combination Non-Radar Approach Control & Tower w/o Radar,0,25,13,0,38,0,1,7,0,8,0,26,20,0,46,2,0,2,48
01/27/2011,TWF,ID,ANM,WE,Combination Non-Radar Approach Control & Tower w/o Radar,4,42,23,1,70,0,1,12,1,14,4,43,35,2,84,0,0,0,84
01/28/2011,TWF,ID,ANM,WE,Combination Non-Radar Approach Control & Tower w/o Radar,0,28,16,0,44,0,0,0,0,0,0,28,16,0,44,0,0,0,44
01/29/2011,TWF,ID,ANM,WE,Combination Non-Radar Approach Control & Tower w/o Radar,0,20,4,0,24,0,6,22,0,28,0,26,26,0,52,16,0,16,68
01/30/2011,TWF,ID,ANM,WE,Combination Non-Radar Approach Control & Tower w/o Radar,2,15,5,0,22,0,0,1,0,1,2,15,6,0,23,0,0,0,23
01/31/2011,TWF,ID,ANM,WE,Combination Non-Radar Approach Control & Tower w/o Radar,0,20,23,0,43,0,5,13,0,18,0,25,36,0,61,10,0,10,71
02/01/2011,TWF,ID,ANM,WE,Combination Non-Radar Approach Control & Tower w/o Radar,0,18,5,0,23,0,2,18,0,20,0,20,23,0,43,24,0,24,67
02/02/2011,TWF,ID,ANM,WE,Combination Non-Radar Approach Control & Tower w/o Radar,0,24,6,0,30,0,1,32,0,33,0,25,38,0,63,76,0,76,139
02/03/2011,TWF,ID,ANM,WE,Combination Non-Radar Approach Control & Tower w/o Radar,4,18,7,0,29,0,8,23,0,31,4,26,30,0,60,6,0,6,66
02/04/2011,TWF,ID,ANM,WE,Combination Non-Radar Approach Control & Tower w/o Radar,0,19,5,0,24,0,2,9,0,11,0,21,14,0,35,10,0,10,45
02/05/2011,TWF,ID,ANM,WE,Combination Non-Radar Approach Control & Tower w/o Radar,0,15,1,1,17,0,4,7,1,12,0,19,8,2,29,0,4,4,33
02/06/2011,TWF,ID,ANM,WE,Combination Non-Radar Approach Control & Tower w/o Radar,1,11,1,0,13,0,0,9,0,9,1,11,10,0,22,0,0,0,22
02/07/2011,TWF,ID,ANM,WE,Combination Non-Radar Approach Control & Tower w/o Radar,1,19,4,0,24,0,3,1,0,4,1,22,5,0,28,0,0,0,28
02/08/2011,TWF,ID,ANM,WE,Combination Non-Radar Approach Control & Tower w/o Radar,0,25,9,0,34,0,0,8,0,8,0,25,17,0,42,6,0,6,48
02/09/2011,TWF,ID,ANM,WE,Combination Non-Radar Approach Control & Tower w/o Radar,0,30,3,0,33,0,1,14,0,15,0,31,17,0,48,26,0,26,74
02/10/2011,TWF,ID,ANM,WE,Combination Non-Radar Approach Control & Tower w/o Radar,2,20,9,1,32,0,4,48,1,53,2,24,57,2,85,66,6,72,157
02/11/2011,TWF,ID,ANM,WE,Combination Non-Radar Approach Control & Tower w/o Radar,0,21,5,1,27,0,6,36,1,43,0,27,41,2,70,36,0,36,106
02/12/2011,TWF,ID,ANM,WE,Combination Non-Radar Approach Control & Tower w/o Radar,0,12,11,0,23,0,0,56,0,56,0,12,67,0,79,24,0,24,103
02/13/2011,TWF,ID,ANM,WE,Combination Non-Radar Approach Control & Tower w/o Radar,2,9,0,0,11,0,1,25,0,26,2,10,25,0,37,82,0,82,119
02/14/2011,TWF,ID,ANM,WE,Combination Non-Radar Approach Control & Tower w/o Radar,0,17,11,0,28,0,10,27,0,37,0,27,38,0,65,14,0,14,79
02/15/2011,TWF,ID,ANM,WE,Combination Non-Radar Approach Control & Tower w/o Radar,0,21,10,1,32,0,2,17,1,20,0,23,27,2,52,18,0,18,70
02/16/2011,TWF,ID,ANM,WE,Combination Non-Radar Approach Control & Tower w/o Radar,0,39,6,0,45,0,7,8,0,15,0,46,14,0,60,10,0,10,70
02/17/2011,TWF,ID,ANM,WE,Combination Non-Radar Approach Control & Tower w/o Radar,2,37,8,5,52,0,10,14,1,25,2,47,22,6,77,24,8,32,109
02/18/2011,TWF,ID,ANM,WE,Combination Non-Radar Approach Control & Tower w/o Radar,0,89,16,0,105,0,4,5,0,9,0,93,21,0,114,0,0,0,114
02/19/2011,TWF,ID,ANM,WE,Combination Non-Radar Approach Control & Tower w/o Radar,0,46,25,0,71,0,3,9,0,12,0,49,34,0,83,8,0,8,91
02/20/2011,TWF,ID,ANM,WE,Combination Non-Radar Approach Control & Tower w/o Radar,1,29,20,0,50,0,2,7,0,9,1,31,27,0,59,2,0,2,61
02/21/2011,TWF,ID,ANM,WE,Combination Non-Radar Approach Control & Tower w/o Radar,1,18,15,0,34,0,0,25,0,25,1,18,40,0,59,14,0,14,73
02/22/2011,TWF,ID,ANM,WE,Combination Non-Radar Approach Control & Tower w/o Radar,0,46,10,0,56,0,1,17,0,18,0,47,27,0,74,0,0,0,74
02/23/2011,TWF,ID,ANM,WE,Combination Non-Radar Approach Control & Tower w/o Radar,0,25,37,0,62,0,4,26,0,30,0,29,63,0,92,34,0,34,126
02/24/2011,TWF,ID,ANM,WE,Combination Non-Radar Approach Control & Tower w/o Radar,2,46,6,6,60,0,0,15,0,15,2,46,21,6,75,0,4,4,79
02/25/2011,TWF,ID,ANM,WE,Combination Non-Radar Approach Control & Tower w/o Radar,0,25,3,0,28,0,0,0,0,0,0,25,3,0,28,0,0,0,28
02/26/2011,TWF,ID,ANM,WE,Combination Non-Radar Approach Control & Tower w/o Radar,0,19,6,0,25,0,2,12,0,14,0,21,18,0,39,0,0,0,39
02/27/2011,TWF,ID,ANM,WE,Combination Non-Radar Approach Control & Tower w/o Radar,1,9,4,0,14,0,0,5,0,5,1,9,9,0,19,0,0,0,19
02/28/2011,TWF,ID,ANM,WE,Combination Non-Radar Approach Control & Tower w/o Radar,1,17,8,2,28,0,6,15,0,21,1,23,23,2,49,6,0,6,55
03/01/2011,TWF,ID,ANM,WE,Combination Non-Radar Approach Control & Tower w/o Radar,0,17,9,5,31,0,7,27,0,34,0,24,36,5,65,6,12,18,83
03/02/2011,TWF,ID,ANM,WE,Combination Non-Radar Approach Control & Tower w/o Radar,0,35,6,1,42,0,1,17,1,19,0,36,23,2,61,0,6,6,67
03/03/2011,TWF,ID,ANM,WE,Combination Non-Radar Approach Control & Tower w/o Radar,2,35,5,1,43,0,3,14,0,17,2,38,19,1,60,6,12,18,78
03/04/2011,TWF,ID,ANM,WE,Combination Non-Radar Approach Control & Tower w/o Radar,0,19,3,0,22,0,6,40,0,46,0,25,43,0,68,16,6,22,90
03/05/2011,TWF,ID,ANM,WE,Combination Non-Radar Approach Control & Tower w/o Radar,0,26,13,0,39,0,2,15,0,17,0,28,28,0,56,6,0,6,62
03/06/2011,TWF,ID,ANM,WE,Combination Non-Radar Approach Control & Tower w/o Radar,0,23,12,0,35,0,0,1,0,1,0,23,13,0,36,0,0,0,36
03/07/2011,TWF,ID,ANM,WE,Combination Non-Radar Approach Control & Tower w/o Radar,0,34,5,0,39,0,0,4,0,4,0,34,9,0,43,0,0,0,43
03/08/2011,TWF,ID,ANM,WE,Combination Non-Radar Approach Control & Tower w/o Radar,2,28,14,2,46,0,2,10,0,12,2,30,24,2,58,12,0,12,70
03/09/2011,TWF,ID,ANM,WE,Combination Non-Radar Approach Control & Tower w/o Radar,0,27,11,0,38,0,3,35,0,38,0,30,46,0,76,36,0,36,112
03/10/2011,TWF,ID,ANM,WE,Combination Non-Radar Approach Control & Tower w/o Radar,1,25,6,0,32,0,0,4,0,4,1,25,10,0,36,0,0,0,36
03/11/2011,TWF,ID,ANM,WE,Combination Non-Radar Approach Control & Tower w/o Radar,1,18,4,0,23,0,6,37,0,43,1,24,41,0,66,108,0,108,174
03/12/2011,TWF,ID,ANM,WE,Combination Non-Radar Approach Control & Tower w/o Radar,0,11,5,0,16,0,7,36,0,43,0,18,41,0,59,60,0,60,119
03/13/2011,TWF,ID,ANM,WE,Combination Non-Radar Approach Control & Tower w/o Radar,2,7,4,0,13,0,0,17,0,17,2,7,21,0,30,0,0,0,30
03/14/2011,TWF,ID,ANM,WE,Combination Non-Radar Approach Control & Tower w/o Radar,0,24,3,0,27,0,3,13,0,16,0,27,16,0,43,0,26,26,69
03/15/2011,TWF,ID,ANM,WE,Combination Non-Radar Approach Control & Tower w/o Radar,0,29,5,2,36,0,3,21,2,26,0,32,26,4,62,66,8,74,136
03/16/2011,TWF,ID,ANM,WE,Combination Non-Radar Approach Control & Tower w/o Radar,0,33,11,6,50,0,0,4,0,4,0,33,15,6,54,0,0,0,54
03/17/2011,TWF,ID,ANM,WE,Combination Non-Radar Approach Control & Tower w/o Radar,2,19,6,2,29,0,7,49,0,56,2,26,55,2,85,80,12,92,177
03/18/2011,TWF,ID,ANM,WE,Combination Non-Radar Approach Control & Tower w/o Radar,0,18,4,0,22,0,3,18,0,21,0,21,22,0,43,2,0,2,45
03/19/2011,TWF,ID,ANM,WE,Combination Non-Radar Approach Control & Tower w/o Radar,0,16,3,0,19,0,3,19,0,22,0,19,22,0,41,14,0,14,55
03/20/2011,TWF,ID,ANM,WE,Combination Non-Radar Approach Control & Tower w/o Radar,1,16,6,0,23,0,1,6,0,7,1,17,12,0,30,0,0,0,30
03/21/2011,TWF,ID,ANM,WE,Combination Non-Radar Approach Control & Tower w/o Radar,1,43,8,0,52,0,0,6,0,6,1,43,14,0,58,18,0,18,76
03/22/2011,TWF,ID,ANM,WE,Combination Non-Radar Approach Control & Tower w/o Radar,0,24,5,1,30,0,3,13,1,17,0,27,18,2,47,4,18,22,69
03/23/2011,TWF,ID,ANM,WE,Combination Non-Radar Approach Control & Tower w/o Radar,0,15,6,0,21,0,9,20,4,33,0,24,26,4,54,10,0,10,64
03/24/2011,TWF,ID,ANM,WE,Combination Non-Radar Approach Control & Tower w/o Radar,2,40,8,0,50,0,3,3,0,6,2,43,11,0,56,22,0,22,78
03/25/2011,TWF,ID,ANM,WE,Combination Non-Radar Approach Control & Tower w/o Radar,0,25,6,0,31,0,2,7,0,9,0,27,13,0,40,4,0,4,44
03/26/2011,TWF,ID,ANM,WE,Combination Non-Radar Approach Control & Tower w/o Radar,0,30,6,0,36,0,2,9,0,11,0,32,15,0,47,12,0,12,59
03/27/2011,TWF,ID,ANM,WE,Combination Non-Radar Approach Control & Tower w/o Radar,2,13,2,0,17,0,0,3,0,3,2,13,5,0,20,0,0,0,20
03/28/2011,TWF,ID,ANM,WE,Combination Non-Radar Approach Control & Tower w/o Radar,0,18,0,0,18,0,4,4,0,8,0,22,4,0,26,6,0,6,32
03/29/2011,TWF,ID,ANM,WE,Combination Non-Radar Approach Control & Tower w/o Radar,0,20,5,1,26,0,8,33,1,42,0,28,38,2,68,48,4,52,120
03/30/2011,TWF,ID,ANM,WE,Combination Non-Radar Approach Control & Tower w/o Radar,0,27,0,0,27,0,0,24,0,24,0,27,24,0,51,10,0,10,61
03/31/2011,TWF,ID,ANM,WE,Combination Non-Radar Approach Control & Tower w/o Radar,2,19,0,1,22,0,5,30,1,36,2,24,30,2,58,30,0,30,88
04/01/2011,TWF,ID,ANM,WE,Combination Non-Radar Approach Control & Tower w/o Radar,0,17,9,0,26,0,0,65,2,67,0,17,74,2,93,68,0,68,161
04/02/2011,TWF,ID,ANM,WE,Combination Non-Radar Approach Control & Tower w/o Radar,0,10,0,0,10,0,3,10,0,13,0,13,10,0,23,0,0,0,23
04/03/2011,TWF,ID,ANM,WE,Combination Non-Radar Approach Control & Tower w/o Radar,2,7,3,0,12,0,0,6,0,6,2,7,9,0,18,0,0,0,18
04/04/2011,TWF,ID,ANM,WE,Combination Non-Radar Approach Control & Tower w/o Radar,0,10,2,0,12,0,9,34,0,43,0,19,36,0,55,22,0,22,77
04/05/2011,TWF,ID,ANM,WE,Combination Non-Radar Approach Control & Tower w/o Radar,0,17,3,1,21,0,7,0,2,9,0,24,3,3,30,0,2,2,32
04/06/2011,TWF,ID,ANM,WE,Combination Non-Radar Approach Control & Tower w/o Radar,0,20,7,0,27,0,1,33,0,34,0,21,40,0,61,14,0,14,75
04/07/2011,TWF,ID,ANM,WE,Combination Non-Radar Approach Control & Tower w/o Radar,2,30,5,2,39,0,3,2,0,5,2,33,7,2,44,2,22,24,68
04/08/2011,TWF,ID,ANM,WE,Combination Non-Radar Approach Control & Tower w/o Radar,0,33,8,0,41,0,2,0,4,6,0,35,8,4,47,0,0,0,47
04/09/2011,TWF,ID,ANM,WE,Combination Non-Radar Approach Control & Tower w/o Radar,0,19,4,0,23,0,1,3,0,4,0,20,7,0,27,0,0,0,27
04/10/2011,TWF,ID,ANM,WE,Combination Non-Radar Approach Control & Tower w/o Radar,2,8,9,0,19,0,0,15,4,19,2,8,24,4,38,8,0,8,46
04/11/2011,TWF,ID,ANM,WE,Combination Non-Radar Approach Control & Tower w/o Radar,0,18,6,3,27,0,4,18,1,23,0,22,24,4,50,0,2,2,52
04/12/2011,TWF,ID,ANM,WE,Combination Non-Radar Approach Control & Tower w/o Radar,0,14,6,3,23,0,9,42,1,52,0,23,48,4,75,50,12,62,137
04/13/2011,TWF,ID,ANM,WE,Combination Non-Radar Approach Control & Tower w/o Radar,0,24,4,0,28,0,0,12,0,12,0,24,16,0,40,0,0,0,40
04/14/2011,TWF,ID,ANM,WE,Combination Non-Radar Approach Control & Tower w/o Radar,2,17,14,0,33,0,8,29,0,37,2,25,43,0,70,56,0,56,126
04/15/2011,TWF,ID,ANM,WE,Combination Non-Radar Approach Control & Tower w/o Radar,0,24,16,1,41,0,8,38,1,47,0,32,54,2,88,60,0,60,148
04/16/2011,TWF,ID,ANM,WE,Combination Non-Radar Approach Control & Tower w/o Radar,0,9,4,0,13,0,4,30,0,34,0,13,34,0,47,14,0,14,61
04/17/2011,TWF,ID,ANM,WE,Combination Non-Radar Approach Control & Tower w/o Radar,2,11,3,0,16,0,0,8,0,8,2,11,11,0,24,14,0,14,38
04/18/2011,TWF,ID,ANM,WE,Combination Non-Radar Approach Control & Tower w/o Radar,0,22,0,0,22,0,0,11,2,13,0,22,11,2,35,22,0,22,57
04/19/2011,TWF,ID,ANM,WE,Combination Non-Radar Approach Control & Tower w/o Radar,0,21,4,2,27,0,7,32,0,39,0,28,36,2,66,40,10,50,116
04/20/2011,TWF,ID,ANM,WE,Combination Non-Radar Approach Control & Tower w/o Radar,0,33,8,3,44,0,4,17,2,23,0,37,25,5,67,70,0,70,137
04/21/2011,TWF,ID,ANM,WE,Combination Non-Radar Approach Control & Tower w/o Radar,4,22,5,5,36,0,2,4,1,7,4,24,9,6,43,0,26,26,69
04/22/2011,TWF,ID,ANM,WE,Combination Non-Radar Approach Control & Tower w/o Radar,0,23,11,1,35,0,6,57,1,64,0,29,68,2,99,14,0,14,113
04/23/2011,TWF,ID,ANM,WE,Combination Non-Radar Approach Control & Tower w/o Radar,0,9,8,0,17,0,12,64,0,76,0,21,72,0,93,26,0,26,119
04/24/2011,TWF,ID,ANM,WE,Combination Non-Radar Approach Control & Tower w/o Radar,2,9,2,0,13,0,3,16,0,19,2,12,18,0,32,12,0,12,44
04/25/2011,TWF,ID,ANM,WE,Combination Non-Radar Approach Control & Tower w/o Radar,0,24,0,0,24,0,1,7,0,8,0,25,7,0,32,0,0,0,32
04/26/2011,TWF,ID,ANM,WE,Combination Non-Radar Approach Control & Tower w/o Radar,0,23,3,3,29,0,3,10,1,14,0,26,13,4,43,0,20,20,63
04/27/2011,TWF,ID,ANM,WE,Combination Non-Radar Approach Control & Tower w/o Radar,0,19,11,0,30,0,3,38,0,41,0,22,49,0,71,20,0,20,91
04/28/2011,TWF,ID,ANM,WE,Combination Non-Radar Approach Control & Tower w/o Radar,2,20,2,3,27,0,2,15,0,17,2,22,17,3,44,16,18,34,78
04/29/2011,TWF,ID,ANM,WE,Combination Non-Radar Approach Control & Tower w/o Radar,0,21,0,0,21,0,0,0,0,0,0,21,0,0,21,0,0,0,21
04/30/2011,TWF,ID,ANM,WE,Combination Non-Radar Approach Control & Tower w/o Radar,0,12,9,0,21,0,3,26,0,29,0,15,35,0,50,6,0,6,56
05/01/2011,TWF,ID,ANM,WE,Combination Non-Radar Approach Control & Tower w/o Radar,1,7,1,0,9,0,0,14,0,14,1,7,15,0,23,0,0,0,23
05/02/2011,TWF,ID,ANM,WE,Combination Non-Radar Approach Control & Tower w/o Radar,1,11,8,4,24,0,6,7,2,15,1,17,15,6,39,28,10,38,77
05/03/2011,TWF,ID,ANM,WE,Combination Non-Radar Approach Control & Tower w/o Radar,0,19,4,0,23,0,3,21,2,26,0,22,25,2,49,0,0,0,49
05/04/2011,TWF,ID,ANM,WE,Combination Non-Radar Approach Control & Tower w/o Radar,0,14,5,0,19,0,5,28,6,39,0,19,33,6,58,22,0,22,80
05/05/2011,TWF,ID,ANM,WE,Combination Non-Radar Approach Control & Tower w/o Radar,2,14,2,0,18,0,7,52,4,63,2,21,54,4,81,28,0,28,109
05/06/2011,TWF,ID,ANM,WE,Combination Non-Radar Approach Control & Tower w/o Radar,0,23,1,0,24,0,6,25,0,31,0,29,26,0,55,12,0,12,67
05/07/2011,TWF,ID,ANM,WE,Combination Non-Radar Approach Control & Tower w/o Radar,0,16,7,0,23,0,1,18,0,19,0,17,25,0,42,4,0,4,46
05/08/2011,TWF,ID,ANM,WE,Combination Non-Radar Approach Control & Tower w/o Radar,2,8,6,0,16,0,0,3,0,3,2,8,9,0,19,0,0,0,19
05/09/2011,TWF,ID,ANM,WE,Combination Non-Radar Approach Control & Tower w/o Radar,0,19,0,0,19,0,3,2,0,5,0,22,2,0,24,0,0,0,24
05/10/2011,TWF,ID,ANM,WE,Combination Non-Radar Approach Control & Tower w/o Radar,0,20,8,0,28,0,4,0,0,4,0,24,8,0,32,16,0,16,48
05/11/2011,TWF,ID,ANM,WE,Combination Non-Radar Approach Control & Tower w/o Radar,0,13,22,0,35,0,0,2,2,4,0,13,24,2,39,82,0,82,121
05/12/2011,TWF,ID,ANM,WE,Combination Non-Radar Approach Control & Tower w/o Radar,2,16,17,0,35,0,7,69,0,76,2,23,86,0,111,112,0,112,223
05/13/2011,TWF,ID,ANM,WE,Combination Non-Radar Approach Control & Tower w/o Radar,0,19,3,0,22,0,7,47,4,58,0,26,50,4,80,60,0,60,140
05/14/2011,TWF,ID,ANM,WE,Combination Non-Radar Approach Control & Tower w/o Radar,0,11,0,2,13,0,4,54,0,58,0,15,54,2,71,16,0,16,87
05/15/2011,TWF,ID,ANM,WE,Combination Non-Radar Approach Control & Tower w/o Radar,2,12,1,0,15,0,0,3,0,3,2,12,4,0,18,6,0,6,24
05/16/2011,TWF,ID,ANM,WE,Combination Non-Radar Approach Control & Tower w/o Radar,0,14,3,0,17,0,4,18,0,22,0,18,21,0,39,12,0,12,51
05/17/2011,TWF,ID,ANM,WE,Combination Non-Radar Approach Control & Tower w/o Radar,0,18,12,0,30,0,6,28,0,34,0,24,40,0,64,42,0,42,106
05/18/2011,TWF,ID,ANM,WE,Combination Non-Radar Approach Control & Tower w/o Radar,0,18,7,4,29,0,5,5,0,10,0,23,12,4,39,0,0,0,39
05/19/2011,TWF,ID,ANM,WE,Combination Non-Radar Approach Control & Tower w/o Radar,0,15,12,1,28,0,10,12,1,23,0,25,24,2,51,0,0,0,51
05/20/2011,TWF,ID,ANM,WE,Combination Non-Radar Approach Control & Tower w/o Radar,2,16,7,1,26,0,4,35,1,40,2,20,42,2,66,4,0,4,70
05/21/2011,TWF,ID,ANM,WE,Combination Non-Radar Approach Control & Tower w/o Radar,0,12,5,2,19,0,2,83,4,89,0,14,88,6,108,60,6,66,174
05/22/2011,TWF,ID,ANM,WE,Combination Non-Radar Approach Control & Tower w/o Radar,1,7,2,0,10,0,0,15,0,15,1,7,17,0,25,18,0,18,43
05/23/2011,TWF,ID,ANM,WE,Combination Non-Radar Approach Control & Tower w/o Radar,0,17,3,0,20,0,4,23,0,27,0,21,26,0,47,6,0,6,53
05/24/2011,TWF,ID,ANM,WE,Combination Non-Radar Approach Control & Tower w/o Radar,0,14,6,3,23,0,8,12,1,21,0,22,18,4,44,4,16,20,64
05/25/2011,TWF,ID,ANM,WE,Combination Non-Radar Approach Control & Tower w/o Radar,0,15,9,0,24,0,8,57,0,65,0,23,66,0,89,14,0,14,103
05/26/2011,TWF,ID,ANM,WE,Combination Non-Radar Approach Control & Tower w/o Radar,0,21,16,3,40,0,2,11,0,13,0,23,27,3,53,20,8,28,81
05/27/2011,TWF,ID,ANM,WE,Combination Non-Radar Approach Control & Tower w/o Radar,0,26,7,0,33,0,2,56,0,58,0,28,63,0,91,54,0,54,145
05/28/2011,TWF,ID,ANM,WE,Combination Non-Radar Approach Control & Tower w/o Radar,0,11,6,0,17,0,2,22,0,24,0,13,28,0,41,10,0,10,51
05/29/2011,TWF,ID,ANM,WE,Combination Non-Radar Approach Control & Tower w/o Radar,0,8,1,0,9,0,0,0,0,0,0,8,1,0,9,0,0,0,9
05/30/2011,TWF,ID,ANM,WE,Combination Non-Radar Approach Control & Tower w/o Radar,0,10,2,0,12,0,0,6,0,6,0,10,8,0,18,0,0,0,18
05/31/2011,TWF,ID,ANM,WE,Combination Non-Radar Approach Control & Tower w/o Radar,0,12,4,2,18,0,9,55,2,66,0,21,59,4,84,0,8,8,92
06/01/2011,TWF,ID,ANM,WE,Combination Non-Radar Approach Control & Tower w/o Radar,0,17,2,4,23,0,8,74,4,86,0,25,76,8,109,56,0,56,165
06/02/2011,TWF,ID,ANM,WE,Combination Non-Radar Approach Control & Tower w/o Radar,0,26,2,2,30,0,0,24,4,28,0,26,26,6,58,6,0,6,64
06/03/2011,TWF,ID,ANM,WE,Combination Non-Radar Approach Control & Tower w/o Radar,0,15,10,0,25,0,0,113,0,113,0,15,123,0,138,44,0,44,182
06/04/2011,TWF,ID,ANM,WE,Combination Non-Radar Approach Control & Tower w/o Radar,0,10,3,0,13,0,3,90,0,93,0,13,93,0,106,8,0,8,114
06/05/2011,TWF,ID,ANM,WE,Combination Non-Radar Approach Control & Tower w/o Radar,1,8,5,0,14,0,0,43,0,43,1,8,48,0,57,0,0,0,57
06/06/2011,TWF,ID,ANM,WE,Combination Non-Radar Approach Control & Tower w/o Radar,0,12,3,0,15,0,5,42,0,47,0,17,45,0,62,6,0,6,68
06/07/2011,TWF,ID,ANM,WE,Combination Non-Radar Approach Control & Tower w/o Radar,0,19,1,0,20,0,3,6,0,9,0,22,7,0,29,0,0,0,29
06/08/2011,TWF,ID,ANM,WE,Combination Non-Radar Approach Control & Tower w/o Radar,0,13,3,5,21,0,10,54,5,69,0,23,57,10,90,44,10,54,144
06/09/2011,TWF,ID,ANM,WE,Combination Non-Radar Approach Control & Tower w/o Radar,0,20,4,0,24,0,1,22,0,23,0,21,26,0,47,0,0,0,47
06/10/2011,TWF,ID,ANM,WE,Combination Non-Radar Approach Control & Tower w/o Radar,0,12,3,0,15,0,9,67,0,76,0,21,70,0,91,4,0,4,95
06/11/2011,TWF,ID,ANM,WE,Combination Non-Radar Approach Control & Tower w/o Radar,0,10,6,14,30,0,9,174,14,197,0,19,180,28,227,50,48,98,325
06/12/2011,TWF,ID,ANM,WE,Combination Non-Radar Approach Control & Tower w/o Radar,1,8,5,0,14,0,0,57,0,57,1,8,62,0,71,14,0,14,85
06/13/2011,TWF,ID,ANM,WE,Combination Non-Radar Approach Control & Tower w/o Radar,0,14,6,3,23,0,3,56,2,61,0,17,62,5,84,26,0,26,110
06/14/2011,TWF,ID,ANM,WE,Combination Non-Radar Approach Control & Tower w/o Radar,0,18,3,0,21,0,8,132,0,140,0,26,135,0,161,42,0,42,203
06/15/2011,TWF,ID,ANM,WE,Combination Non-Radar Approach Control & Tower w/o Radar,0,17,2,0,19,0,9,39,0,48,0,26,41,0,67,8,0,8,75
06/16/2011,TWF,ID,ANM,WE,Combination Non-Radar Approach Control & Tower w/o Radar,2,11,19,3,35,0,11,15,0,26,2,22,34,3,61,38,6,44,105
06/17/2011,TWF,ID,ANM,WE,Combination Non-Radar Approach Control & Tower w/o Radar,0,12,7,0,19,0,6,104,0,110,0,18,111,0,129,42,0,42,171
06/18/2011,TWF,ID,ANM,WE,Combination Non-Radar Approach Control & Tower w/o Radar,0,14,6,4,24,0,1,81,0,82,0,15,87,4,106,70,4,74,180
06/19/2011,TWF,ID,ANM,WE,Combination Non-Radar Approach Control & Tower w/o Radar,0,9,4,0,13,0,0,11,0,11,0,9,15,0,24,0,0,0,24
06/20/2011,TWF,ID,ANM,WE,Combination Non-Radar Approach Control & Tower w/o Radar,0,10,2,0,12,0,7,32,5,44,0,17,34,5,56,16,10,26,82
06/21/2011,TWF,ID,ANM,WE,Combination Non-Radar Approach Control & Tower w/o Radar,0,18,5,2,25,0,0,98,2,100,0,18,103,4,125,44,10,54,179
06/22/2011,TWF,ID,ANM,WE,Combination Non-Radar Approach Control & Tower w/o Radar,0,18,6,3,27,0,0,64,7,71,0,18,70,10,98,72,14,86,184
06/23/2011,TWF,ID,ANM,WE,Combination Non-Radar Approach Control & Tower w/o Radar,2,15,6,0,23,0,13,58,0,71,2,28,64,0,94,38,0,38,132
06/24/2011,TWF,ID,ANM,WE,Combination Non-Radar Approach Control & Tower w/o Radar,0,16,13,0,29,0,5,29,0,34,0,21,42,0,63,4,0,4,67
06/25/2011,TWF,ID,ANM,WE,Combination Non-Radar Approach Control & Tower w/o Radar,0,10,10,0,20,0,4,115,0,119,0,14,125,0,139,20,0,20,159
06/26/2011,TWF,ID,ANM,WE,Combination Non-Radar Approach Control & Tower w/o Radar,1,9,8,0,18,0,2,36,0,38,1,11,44,0,56,8,0,8,64
06/27/2011,TWF,ID,ANM,WE,Combination Non-Radar Approach Control & Tower w/o Radar,0,12,8,0,20,0,8,68,4,80,0,20,76,4,100,4,14,18,118
06/28/2011,TWF,ID,ANM,WE,Combination Non-Radar Approach Control & Tower w/o Radar,0,13,5,6,24,0,8,59,0,67,0,21,64,6,91,0,18,18,109
06/29/2011,TWF,ID,ANM,WE,Combination Non-Radar Approach Control & Tower w/o Radar,2,13,8,0,23,0,8,33,2,43,2,21,41,2,66,18,20,38,104
06/30/2011,TWF,ID,ANM,WE,Combination Non-Radar Approach Control & Tower w/o Radar,0,18,18,0,36,0,8,104,0,112,0,26,122,0,148,94,0,94,242
07/01/2011,TWF,ID,ANM,WE,Combination Non-Radar Approach Control & Tower w/o Radar,0,13,13,1,27,0,8,103,0,111,0,21,116,1,138,86,0,86,224
07/02/2011,TWF,ID,ANM,WE,Combination Non-Radar Approach Control & Tower w/o Radar,0,10,6,0,16,0,7,175,0,182,0,17,181,0,198,60,0,60,258
07/03/2011,TWF,ID,ANM,WE,Combination Non-Radar Approach Control & Tower w/o Radar,0,8,3,0,11,0,0,35,0,35,0,8,38,0,46,0,0,0,46
07/04/2011,TWF,ID,ANM,WE,Combination Non-Radar Approach Control & Tower w/o Radar,0,7,4,0,11,0,0,43,0,43,0,7,47,0,54,10,0,10,64
07/05/2011,TWF,ID,ANM,WE,Combination Non-Radar Approach Control & Tower w/o Radar,0,36,20,0,56,0,4,59,0,63,0,40,79,0,119,30,0,30,149
07/06/2011,TWF,ID,ANM,WE,Combination Non-Radar Approach Control & Tower w/o Radar,0,21,5,3,29,0,6,37,3,46,0,27,42,6,75,64,14,78,153
07/07/2011,TWF,ID,ANM,WE,Combination Non-Radar Approach Control & Tower w/o Radar,0,16,6,8,30,0,10,55,4,69,0,26,61,12,99,6,14,20,119
07/08/2011,TWF,ID,ANM,WE,Combination Non-Radar Approach Control & Tower w/o Radar,0,14,2,3,19,0,11,77,2,90,0,25,79,5,109,14,0,14,123
07/09/2011,TWF,ID,ANM,WE,Combination Non-Radar Approach Control & Tower w/o Radar,0,12,10,1,23,0,1,90,2,93,0,13,100,3,116,6,0,6,122
07/10/2011,TWF,ID,ANM,WE,Combination Non-Radar Approach Control & Tower w/o Radar,0,12,3,0,15,0,0,30,0,30,0,12,33,0,45,4,0,4,49
07/11/2011,TWF,ID,ANM,WE,Combination Non-Radar Approach Control & Tower w/o Radar,0,16,6,1,23,0,8,83,34,125,0,24,89,35,148,38,2,40,188
07/12/2011,TWF,ID,ANM,WE,Combination Non-Radar Approach Control & Tower w/o Radar,0,17,2,0,19,0,4,70,1,75,0,21,72,1,94,20,0,20,114
07/13/2011,TWF,ID,ANM,WE,Combination Non-Radar Approach Control & Tower w/o Radar,0,19,10,1,30,0,8,88,0,96,0,27,98,1,126,56,0,56,182
07/14/2011,TWF,ID,ANM,WE,Combination Non-Radar Approach Control & Tower w/o Radar,0,16,7,5,28,0,7,40,1,48,0,23,47,6,76,74,10,84,160
07/15/2011,TWF,ID,ANM,WE,Combination Non-Radar Approach Control & Tower w/o Radar,0,15,5,2,22,0,4,68,0,72,0,19,73,2,94,10,2,12,106
07/16/2011,TWF,ID,ANM,WE,Combination Non-Radar Approach Control & Tower w/o Radar,0,9,5,0,14,0,6,53,0,59,0,15,58,0,73,2,0,2,75
07/17/2011,TWF,ID,ANM,WE,Combination Non-Radar Approach Control & Tower w/o Radar,0,7,2,0,9,0,0,55,0,55,0,7,57,0,64,2,0,2,66
07/18/2011,TWF,ID,ANM,WE,Combination Non-Radar Approach Control & Tower w/o Radar,0,11,6,2,19,0,12,39,9,60,0,23,45,11,79,6,10,16,95
07/19/2011,TWF,ID,ANM,WE,Combination Non-Radar Approach Control & Tower w/o Radar,0,18,4,0,22,0,6,32,0,38,0,24,36,0,60,60,0,60,120
07/20/2011,TWF,ID,ANM,WE,Combination Non-Radar Approach Control & Tower w/o Radar,0,16,0,0,16,0,8,92,2,102,0,24,92,2,118,48,0,48,166
07/21/2011,TWF,ID,ANM,WE,Combination Non-Radar Approach Control & Tower w/o Radar,0,15,10,2,27,0,6,77,0,83,0,21,87,2,110,30,0,30,140
07/22/2011,TWF,ID,ANM,WE,Combination Non-Radar Approach Control & Tower w/o Radar,0,12,12,0,24,0,7,22,0,29,0,19,34,0,53,6,0,6,59
07/23/2011,TWF,ID,ANM,WE,Combination Non-Radar Approach Control & Tower w/o Radar,0,14,5,0,19,0,4,82,0,86,0,18,87,0,105,24,0,24,129
07/24/2011,TWF,ID,ANM,WE,Combination Non-Radar Approach Control & Tower w/o Radar,0,7,6,0,13,0,1,21,0,22,0,8,27,0,35,0,0,0,35
07/25/2011,TWF,ID,ANM,WE,Combination Non-Radar Approach Control & Tower w/o Radar,0,9,4,0,13,0,9,64,0,73,0,18,68,0,86,8,0,8,94
07/26/2011,TWF,ID,ANM,WE,Combination Non-Radar Approach Control & Tower w/o Radar,0,16,6,3,25,0,9,59,5,73,0,25,65,8,98,16,12,28,126
07/27/2011,TWF,ID,ANM,WE,Combination Non-Radar Approach Control & Tower w/o Radar,0,13,7,4,24,0,8,67,0,75,0,21,74,4,99,10,14,24,123
07/28/2011,TWF,ID,ANM,WE,Combination Non-Radar Approach Control & Tower w/o Radar,0,15,5,0,20,0,2,110,0,112,0,17,115,0,132,34,0,34,166
07/29/2011,TWF,ID,ANM,WE,Combination Non-Radar Approach Control & Tower w/o Radar,0,12,1,0,13,0,10,55,0,65,0,22,56,0,78,36,0,36,114
07/30/2011,TWF,ID,ANM,WE,Combination Non-Radar Approach Control & Tower w/o Radar,0,12,4,0,16,0,4,102,0,106,0,16,106,0,122,16,0,16,138
07/31/2011,TWF,ID,ANM,WE,Combination Non-Radar Approach Control & Tower w/o Radar,1,9,2,0,12,0,1,19,0,20,1,10,21,0,32,0,0,0,32
08/01/2011,TWF,ID,ANM,WE,Combination Non-Radar Approach Control & Tower w/o Radar,0,13,9,1,23,0,6,61,0,67,0,19,70,1,90,18,0,18,108
08/02/2011,TWF,ID,ANM,WE,Combination Non-Radar Approach Control & Tower w/o Radar,0,18,6,0,24,0,8,28,3,39,0,26,34,3,63,52,2,54,117
08/03/2011,TWF,ID,ANM,WE,Combination Non-Radar Approach Control & Tower w/o Radar,0,15,5,0,20,0,6,157,1,164,0,21,162,1,184,4,0,4,188
08/04/2011,TWF,ID,ANM,WE,Combination Non-Radar Approach Control & Tower w/o Radar,0,15,6,0,21,0,6,102,0,108,0,21,108,0,129,10,0,10,139
08/05/2011,TWF,ID,ANM,WE,Combination Non-Radar Approach Control & Tower w/o Radar,0,18,11,0,29,0,1,243,2,246,0,19,254,2,275,28,0,28,303
08/06/2011,TWF,ID,ANM,WE,Combination Non-Radar Approach Control & Tower w/o Radar,0,10,3,0,13,0,5,195,0,200,0,15,198,0,213,14,0,14,227
08/07/2011,TWF,ID,ANM,WE,Combination Non-Radar Approach Control & Tower w/o Radar,0,8,2,0,10,0,1,67,0,68,0,9,69,0,78,12,0,12,90
08/08/2011,TWF,ID,ANM,WE,Combination Non-Radar Approach Control & Tower w/o Radar,0,14,2,0,16,0,4,77,0,81,0,18,79,0,97,12,0,12,109
08/09/2011,TWF,ID,ANM,WE,Combination Non-Radar Approach Control & Tower w/o Radar,0,15,11,3,29,0,9,72,1,82,0,24,83,4,111,8,12,20,131
08/10/2011,TWF,ID,ANM,WE,Combination Non-Radar Approach Control & Tower w/o Radar,0,14,7,2,23,0,9,67,1,77,0,23,74,3,100,2,0,2,102
08/11/2011,TWF,ID,ANM,WE,Combination Non-Radar Approach Control & Tower w/o Radar,0,14,7,7,28,0,8,49,4,61,0,22,56,11,89,12,10,22,111
08/12/2011,TWF,ID,ANM,WE,Combination Non-Radar Approach Control & Tower w/o Radar,0,12,4,0,16,0,5,81,0,86,0,17,85,0,102,8,0,8,110
08/13/2011,TWF,ID,ANM,WE,Combination Non-Radar Approach Control & Tower w/o Radar,0,10,2,0,12,0,6,89,0,95,0,16,91,0,107,26,0,26,133
08/14/2011,TWF,ID,ANM,WE,Combination Non-Radar Approach Control & Tower w/o Radar,0,10,7,0,17,0,0,39,0,39,0,10,46,0,56,10,0,10,66
08/15/2011,TWF,ID,ANM,WE,Combination Non-Radar Approach Control & Tower w/o Radar,0,15,11,1,27,0,2,126,0,128,0,17,137,1,155,0,0,0,155
08/16/2011,TWF,ID,ANM,WE,Combination Non-Radar Approach Control & Tower w/o Radar,0,15,1,2,18,0,5,117,0,122,0,20,118,2,140,2,12,14,154
08/17/2011,TWF,ID,ANM,WE,Combination Non-Radar Approach Control & Tower w/o Radar,0,15,2,0,17,0,9,38,0,47,0,24,40,0,64,8,0,8,72
08/18/2011,TWF,ID,ANM,WE,Combination Non-Radar Approach Control & Tower w/o Radar,0,16,9,2,27,0,6,38,2,46,0,22,47,4,73,40,4,44,117
08/19/2011,TWF,ID,ANM,WE,Combination Non-Radar Approach Control & Tower w/o Radar,0,22,3,0,25,0,5,48,0,53,0,27,51,0,78,18,0,18,96
08/20/2011,TWF,ID,ANM,WE,Combination Non-Radar Approach Control & Tower w/o Radar,0,11,7,0,18,0,5,95,0,100,0,16,102,0,118,12,0,12,130
08/21/2011,TWF,ID,ANM,WE,Combination Non-Radar Approach Control & Tower w/o Radar,0,9,7,3,19,0,0,70,0,70,0,9,77,3,89,2,2,4,93
08/22/2011,TWF,ID,ANM,WE,Combination Non-Radar Approach Control & Tower w/o Radar,0,12,7,0,19,0,10,50,0,60,0,22,57,0,79,6,0,6,85
08/23/2011,TWF,ID,ANM,WE,Combination Non-Radar Approach Control & Tower w/o Radar,0,14,7,4,25,0,8,85,0,93,0,22,92,4,118,36,0,36,154
08/24/2011,TWF,ID,ANM,WE,Combination Non-Radar Approach Control & Tower w/o Radar,0,16,4,2,22,0,5,51,0,56,0,21,55,2,78,32,2,34,112
08/25/2011,TWF,ID,ANM,WE,Combination Non-Radar Approach Control & Tower w/o Radar,0,16,13,2,31,0,8,51,2,61,0,24,64,4,92,50,0,50,142
08/26/2011,TWF,ID,ANM,WE,Combination Non-Radar Approach Control & Tower w/o Radar,0,14,5,0,19,0,5,59,0,64,0,19,64,0,83,6,0,6,89
08/27/2011,TWF,ID,ANM,WE,Combination Non-Radar Approach Control & Tower w/o Radar,0,9,6,0,15,0,5,77,0,82,0,14,83,0,97,42,0,42,139
08/28/2011,TWF,ID,ANM,WE,Combination Non-Radar Approach Control & Tower w/o Radar,0,10,14,0,24,0,0,36,0,36,0,10,50,0,60,4,0,4,64
08/29/2011,TWF,ID,ANM,WE,Combination Non-Radar Approach Control & Tower w/o Radar,0,15,6,3,24,0,3,40,2,45,0,18,46,5,69,34,4,38,107
08/30/2011,TWF,ID,ANM,WE,Combination Non-Radar Approach Control & Tower w/o Radar,0,17,6,3,26,0,6,94,0,100,0,23,100,3,126,54,8,62,188
08/31/2011,TWF,ID,ANM,WE,Combination Non-Radar Approach Control & Tower w/o Radar,0,22,41,2,65,0,0,0,0,0,0,22,41,2,65,8,4,12,77
09/01/2011,TWF,ID,ANM,WE,Combination Non-Radar Approach Control & Tower w/o Radar,0,22,6,2,30,0,9,133,0,142,0,31,139,2,172,8,10,18,190
09/02/2011,TWF,ID,ANM,WE,Combination Non-Radar Approach Control & Tower w/o Radar,0,20,0,0,20,0,0,71,0,71,0,20,71,0,91,6,0,6,97
09/03/2011,TWF,ID,ANM,WE,Combination Non-Radar Approach Control & Tower w/o Radar,0,10,2,0,12,0,2,56,0,58,0,12,58,0,70,62,0,62,132
09/04/2011,TWF,ID,ANM,WE,Combination Non-Radar Approach Control & Tower w/o Radar,0,11,2,0,13,0,0,34,0,34,0,11,36,0,47,24,0,24,71
09/05/2011,TWF,ID,ANM,WE,Combination Non-Radar Approach Control & Tower w/o Radar,0,8,2,0,10,0,1,27,0,28,0,9,29,0,38,0,0,0,38
09/06/2011,TWF,ID,ANM,WE,Combination Non-Radar Approach Control & Tower w/o Radar,0,14,3,3,20,0,2,34,0,36,0,16,37,3,56,56,2,58,114
09/07/2011,TWF,ID,ANM,WE,Combination Non-Radar Approach Control & Tower w/o Radar,0,17,6,0,23,0,1,37,0,38,0,18,43,0,61,6,0,6,67
09/08/2011,TWF,ID,ANM,WE,Combination Non-Radar Approach Control & Tower w/o Radar,0,16,5,6,27,0,2,68,2,72,0,18,73,8,99,36,12,48,147
09/09/2011,TWF,ID,ANM,WE,Combination Non-Radar Approach Control & Tower w/o Radar,0,15,3,1,19,0,2,44,3,49,0,17,47,4,68,32,0,32,100
09/10/2011,TWF,ID,ANM,WE,Combination Non-Radar Approach Control & Tower w/o Radar,0,8,6,1,15,0,6,57,0,63,0,14,63,1,78,8,0,8,86
09/11/2011,TWF,ID,ANM,WE,Combination Non-Radar Approach Control & Tower w/o Radar,0,5,0,0,5,0,0,35,0,35,0,5,35,0,40,0,0,0,40
09/12/2011,TWF,ID,ANM,WE,Combination Non-Radar Approach Control & Tower w/o Radar,2,16,4,0,22,0,4,40,0,44,2,20,44,0,66,6,0,6,72
09/13/2011,TWF,ID,ANM,WE,Combination Non-Radar Approach Control & Tower w/o Radar,2,19,3,0,24,0,1,62,0,63,2,20,65,0,87,114,0,114,201
09/14/2011,TWF,ID,ANM,WE,Combination Non-Radar Approach Control & Tower w/o Radar,2,18,3,0,23,0,2,46,0,48,2,20,49,0,71,24,0,24,95
09/15/2011,TWF,ID,ANM,WE,Combination Non-Radar Approach Control & Tower w/o Radar,0,16,0,2,18,0,3,31,2,36,0,19,31,4,54,28,0,28,82
09/16/2011,TWF,ID,ANM,WE,Combination Non-Radar Approach Control & Tower w/o Radar,2,14,8,0,24,0,3,41,0,44,2,17,49,0,68,18,0,18,86
09/17/2011,TWF,ID,ANM,WE,Combination Non-Radar Approach Control & Tower w/o Radar,2,10,3,0,15,0,5,34,0,39,2,15,37,0,54,10,0,10,64
09/18/2011,TWF,ID,ANM,WE,Combination Non-Radar Approach Control & Tower w/o Radar,0,5,1,0,6,0,0,29,0,29,0,5,30,0,35,16,0,16,51
09/19/2011,TWF,ID,ANM,WE,Combination Non-Radar Approach Control & Tower w/o Radar,0,13,10,0,23,0,3,37,0,40,0,16,47,0,63,8,0,8,71
09/20/2011,TWF,ID,ANM,WE,Combination Non-Radar Approach Control & Tower w/o Radar,0,15,6,0,21,0,5,40,0,45,0,20,46,0,66,64,0,64,130
09/21/2011,TWF,ID,ANM,WE,Combination Non-Radar Approach Control & Tower w/o Radar,0,15,10,0,25,0,4,34,0,38,0,19,44,0,63,50,0,50,113
09/22/2011,TWF,ID,ANM,WE,Combination Non-Radar Approach Control & Tower w/o Radar,0,14,11,2,27,0,3,64,0,67,0,17,75,2,94,38,4,42,136
09/23/2011,TWF,ID,ANM,WE,Combination Non-Radar Approach Control & Tower w/o Radar,0,20,4,0,24,0,1,44,0,45,0,21,48,0,69,30,0,30,99
09/24/2011,TWF,ID,ANM,WE,Combination Non-Radar Approach Control & Tower w/o Radar,0,8,5,0,13,0,4,60,0,64,0,12,65,0,77,52,0,52,129
09/25/2011,TWF,ID,ANM,WE,Combination Non-Radar Approach Control & Tower w/o Radar,0,5,7,0,12,0,0,31,0,31,0,5,38,0,43,26,0,26,69
09/26/2011,TWF,ID,ANM,WE,Combination Non-Radar Approach Control & Tower w/o Radar,0,13,5,0,18,0,5,29,0,34,0,18,34,0,52,34,0,34,86
09/27/2011,TWF,ID,ANM,WE,Combination Non-Radar Approach Control & Tower w/o Radar,2,16,2,2,22,0,2,40,2,44,2,18,42,4,66,36,0,36,102
09/28/2011,TWF,ID,ANM,WE,Combination Non-Radar Approach Control & Tower w/o Radar,0,15,5,2,22,0,1,36,0,37,0,16,41,2,59,16,0,16,75
09/29/2011,TWF,ID,ANM,WE,Combination Non-Radar Approach Control & Tower w/o Radar,0,19,2,0,21,0,0,36,0,36,0,19,38,0,57,14,0,14,71
09/30/2011,TWF,ID,ANM,WE,Combination Non-Radar Approach Control & Tower w/o Radar,0,16,5,0,21,0,2,46,0,48,0,18,51,0,69,38,0,38,107
10/01/2011,TWF,ID,ANM,WE,Combination Non-Radar Approach Control & Tower w/o Radar,0,7,6,0,13,0,6,22,0,28,0,13,28,0,41,4,0,4,45
10/02/2011,TWF,ID,ANM,WE,Combination Non-Radar Approach Control & Tower w/o Radar,0,7,6,0,13,0,0,22,0,22,0,7,28,0,35,2,0,2,37
10/03/2011,TWF,ID,ANM,WE,Combination Non-Radar Approach Control & Tower w/o Radar,0,13,11,3,27,0,4,19,0,23,0,17,30,3,50,24,0,24,74
10/04/2011,TWF,ID,ANM,WE,Combination Non-Radar Approach Control & Tower w/o Radar,0,17,8,0,25,0,1,19,1,21,0,18,27,1,46,16,0,16,62
10/05/2011,TWF,ID,ANM,WE,Combination Non-Radar Approach Control & Tower w/o Radar,0,22,3,11,36,0,2,7,2,11,0,24,10,13,47,0,0,0,47
10/06/2011,TWF,ID,ANM,WE,Combination Non-Radar Approach Control & Tower w/o Radar,0,31,11,2,44,0,0,8,0,8,0,31,19,2,52,0,2,2,54
10/07/2011,TWF,ID,ANM,WE,Combination Non-Radar Approach Control & Tower w/o Radar,0,23,8,2,33,0,0,0,0,0,0,23,8,2,33,0,0,0,33
10/08/2011,TWF,ID,ANM,WE,Combination Non-Radar Approach Control & Tower w/o Radar,0,11,2,0,13,0,3,24,0,27,0,14,26,0,40,26,0,26,66
10/09/2011,TWF,ID,ANM,WE,Combination Non-Radar Approach Control & Tower w/o Radar,0,5,3,0,8,0,6,30,0,36,0,11,33,0,44,24,0,24,68
10/10/2011,TWF,ID,ANM,WE,Combination Non-Radar Approach Control & Tower w/o Radar,0,10,0,0,10,0,2,16,0,18,0,12,16,0,28,10,0,10,38
10/11/2011,TWF,ID,ANM,WE,Combination Non-Radar Approach Control & Tower w/o Radar,0,14,3,2,19,0,2,9,0,11,0,16,12,2,30,0,0,0,30
10/12/2011,TWF,ID,ANM,WE,Combination Non-Radar Approach Control & Tower w/o Radar,0,17,4,4,25,0,5,30,2,37,0,22,34,6,62,22,0,22,84
10/13/2011,TWF,ID,ANM,WE,Combination Non-Radar Approach Control & Tower w/o Radar,0,21,6,0,27,0,3,51,0,54,0,24,57,0,81,36,0,36,117
10/14/2011,TWF,ID,ANM,WE,Combination Non-Radar Approach Control & Tower w/o Radar,0,16,10,0,26,0,1,24,0,25,0,17,34,0,51,22,0,22,73
10/15/2011,TWF,ID,ANM,WE,Combination Non-Radar Approach Control & Tower w/o Radar,0,7,2,0,9,0,10,32,0,42,0,17,34,0,51,22,0,22,73
10/16/2011,TWF,ID,ANM,WE,Combination Non-Radar Approach Control & Tower w/o Radar,0,9,2,0,11,0,1,13,0,14,0,10,15,0,25,8,0,8,33
10/17/2011,TWF,ID,ANM,WE,Combination Non-Radar Approach Control & Tower w/o Radar,0,13,1,0,14,0,4,17,0,21,0,17,18,0,35,16,0,16,51
10/18/2011,TWF,ID,ANM,WE,Combination Non-Radar Approach Control & Tower w/o Radar,0,14,7,1,22,0,2,34,1,37,0,16,41,2,59,56,0,56,115
10/19/2011,TWF,ID,ANM,WE,Combination Non-Radar Approach Control & Tower w/o Radar,0,15,4,0,19,0,5,21,1,27,0,20,25,1,46,76,0,76,122
10/20/2011,TWF,ID,ANM,WE,Combination Non-Radar Approach Control & Tower w/o Radar,0,17,2,2,21,0,3,33,9,45,0,20,35,11,66,14,0,14,80
10/21/2011,TWF,ID,ANM,WE,Combination Non-Radar Approach Control & Tower w/o Radar,0,16,2,2,20,0,1,29,2,32,0,17,31,4,52,38,0,38,90
10/22/2011,TWF,ID,ANM,WE,Combination Non-Radar Approach Control & Tower w/o Radar,0,7,8,0,15,0,6,39,0,45,0,13,47,0,60,2,0,2,62
10/23/2011,TWF,ID,ANM,WE,Combination Non-Radar Approach Control & Tower w/o Radar,0,7,3,0,10,0,0,46,0,46,0,7,49,0,56,18,0,18,74
10/24/2011,TWF,ID,ANM,WE,Combination Non-Radar Approach Control & Tower w/o Radar,0,13,2,5,20,0,1,16,3,20,0,14,18,8,40,38,22,60,100
10/25/2011,TWF,ID,ANM,WE,Combination Non-Radar Approach Control & Tower w/o Radar,0,14,3,3,20,0,2,28,0,30,0,16,31,3,50,56,10,66,116
10/26/2011,TWF,ID,ANM,WE,Combination Non-Radar Approach Control & Tower w/o Radar,0,18,4,1,23,0,3,27,1,31,0,21,31,2,54,16,0,16,70
10/27/2011,TWF,ID,ANM,WE,Combination Non-Radar Approach Control & Tower w/o Radar,0,16,1,0,17,0,1,29,0,30,0,17,30,0,47,16,0,16,63
10/28/2011,TWF,ID,ANM,WE,Combination Non-Radar Approach Control & Tower w/o Radar,0,19,11,0,30,0,1,15,0,16,0,20,26,0,46,0,0,0,46
10/29/2011,TWF,ID,ANM,WE,Combination Non-Radar Approach Control & Tower w/o Radar,0,8,5,0,13,0,4,21,0,25,0,12,26,0,38,4,0,4,42
10/30/2011,TWF,ID,ANM,WE,Combination Non-Radar Approach Control & Tower w/o Radar,0,5,3,0,8,0,0,32,0,32,0,5,35,0,40,46,0,46,86
10/31/2011,TWF,ID,ANM,WE,Combination Non-Radar Approach Control & Tower w/o Radar,0,14,1,0,15,0,2,12,0,14,0,16,13,0,29,0,0,0,29
11/01/2011,TWF,ID,ANM,WE,Combination Non-Radar Approach Control & Tower w/o Radar,0,15,5,1,21,0,1,9,3,13,0,16,14,4,34,16,0,16,50
11/02/2011,TWF,ID,ANM,WE,Combination Non-Radar Approach Control & Tower w/o Radar,0,21,3,1,25,0,0,43,1,44,0,21,46,2,69,42,0,42,111
11/03/2011,TWF,ID,ANM,WE,Combination Non-Radar Approach Control & Tower w/o Radar,2,18,5,0,25,0,4,17,0,21,2,22,22,0,46,8,0,8,54
11/04/2011,TWF,ID,ANM,WE,Combination Non-Radar Approach Control & Tower w/o Radar,0,20,2,0,22,0,0,5,0,5,0,20,7,0,27,10,0,10,37
11/05/2011,TWF,ID,ANM,WE,Combination Non-Radar Approach Control & Tower w/o Radar,0,14,1,1,16,0,3,4,1,8,0,17,5,2,24,4,0,4,28
11/06/2011,TWF,ID,ANM,WE,Combination Non-Radar Approach Control & Tower w/o Radar,2,6,4,0,12,0,1,4,0,5,2,7,8,0,17,0,0,0,17
11/07/2011,TWF,ID,ANM,WE,Combination Non-Radar Approach Control & Tower w/o Radar,0,19,1,0,20,0,0,9,0,9,0,19,10,0,29,2,0,2,31
11/08/2011,TWF,ID,ANM,WE,Combination Non-Radar Approach Control & Tower w/o Radar,0,19,2,3,24,0,2,33,2,37,0,21,35,5,61,60,20,80,141
11/09/2011,TWF,ID,ANM,WE,Combination Non-Radar Approach Control & Tower w/o Radar,0,16,3,3,22,0,4,25,1,30,0,20,28,4,52,66,18,84,136
11/10/2011,TWF,ID,ANM,WE,Combination Non-Radar Approach Control & Tower w/o Radar,2,16,10,0,28,0,1,26,0,27,2,17,36,0,55,6,0,6,61
11/11/2011,TWF,ID,ANM,WE,Combination Non-Radar Approach Control & Tower w/o Radar,0,12,5,0,17,0,5,49,0,54,0,17,54,0,71,72,0,72,143
11/12/2011,TWF,ID,ANM,WE,Combination Non-Radar Approach Control & Tower w/o Radar,0,11,3,0,14,0,3,3,0,6,0,14,6,0,20,0,0,0,20
11/13/2011,TWF,ID,ANM,WE,Combination Non-Radar Approach Control & Tower w/o Radar,2,9,3,0,14,0,0,6,0,6,2,9,9,0,20,0,0,0,20
11/14/2011,TWF,ID,ANM,WE,Combination Non-Radar Approach Control & Tower w/o Radar,0,14,1,0,15,0,4,24,0,28,0,18,25,0,43,52,0,52,95
11/15/2011,TWF,ID,ANM,WE,Combination Non-Radar Approach Control & Tower w/o Radar,0,17,9,1,27,0,4,18,0,22,0,21,27,1,49,30,0,30,79
11/16/2011,TWF,ID,ANM,WE,Combination Non-Radar Approach Control & Tower w/o Radar,0,20,4,2,26,0,6,37,2,45,0,26,41,4,71,22,0,22,93
11/17/2011,TWF,ID,ANM,WE,Combination Non-Radar Approach Control & Tower w/o Radar,2,35,11,2,50,0,6,13,0,19,2,41,24,2,69,2,0,2,71
11/18/2011,TWF,ID,ANM,WE,Combination Non-Radar Approach Control & Tower w/o Radar,0,38,7,2,47,0,0,2,0,2,0,38,9,2,49,0,0,0,49
11/19/2011,TWF,ID,ANM,WE,Combination Non-Radar Approach Control & Tower w/o Radar,0,10,5,0,15,0,2,24,0,26,0,12,29,0,41,8,0,8,49
11/20/2011,TWF,ID,ANM,WE,Combination Non-Radar Approach Control & Tower w/o Radar,2,6,10,0,18,0,2,24,0,26,2,8,34,0,44,30,0,30,74
11/21/2011,TWF,ID,ANM,WE,Combination Non-Radar Approach Control & Tower w/o Radar,0,14,8,0,22,0,0,55,0,55,0,14,63,0,77,16,0,16,93
11/22/2011,TWF,ID,ANM,WE,Combination Non-Radar Approach Control & Tower w/o Radar,0,34,8,0,42,0,0,13,0,13,0,34,21,0,55,22,0,22,77
11/23/2011,TWF,ID,ANM,WE,Combination Non-Radar Approach Control & Tower w/o Radar,2,17,6,0,25,0,2,32,0,34,2,19,38,0,59,30,0,30,89
11/24/2011,TWF,ID,ANM,WE,Combination Non-Radar Approach Control & Tower w/o Radar,0,4,1,0,5,0,0,5,0,5,0,4,6,0,10,2,0,2,12
11/25/2011,TWF,ID,ANM,WE,Combination Non-Radar Approach Control & Tower w/o Radar,0,14,0,0,14,0,2,5,0,7,0,16,5,0,21,0,0,0,21
11/26/2011,TWF,ID,ANM,WE,Combination Non-Radar Approach Control & Tower w/o Radar,0,9,6,0,15,0,3,45,0,48,0,12,51,0,63,36,0,36,99
11/27/2011,TWF,ID,ANM,WE,Combination Non-Radar Approach Control & Tower w/o Radar,2,6,4,0,12,0,0,20,0,20,2,6,24,0,32,26,0,26,58
11/28/2011,TWF,ID,ANM,WE,Combination Non-Radar Approach Control & Tower w/o Radar,0,13,6,2,21,0,7,13,2,22,0,20,19,4,43,32,0,32,75
11/29/2011,TWF,ID,ANM,WE,Combination Non-Radar Approach Control & Tower w/o Radar,0,15,18,0,33,0,6,19,0,25,0,21,37,0,58,16,0,16,74
11/30/2011,TWF,ID,ANM,WE,Combination Non-Radar Approach Control & Tower w/o Radar,0,25,1,0,26,0,0,2,0,2,0,25,3,0,28,0,0,0,28
12/01/2011,TWF,ID,ANM,WE,Combination Non-Radar Approach Control & Tower w/o Radar,2,21,3,1,27,0,3,30,1,34,2,24,33,2,61,14,0,14,75
12/02/2011,TWF,ID,ANM,WE,Combination Non-Radar Approach Control & Tower w/o Radar,0,16,3,0,19,0,0,10,0,10,0,16,13,0,29,12,0,12,41
12/03/2011,TWF,ID,ANM,WE,Combination Non-Radar Approach Control & Tower w/o Radar,0,13,2,4,19,0,2,15,4,21,0,15,17,8,40,10,4,14,54
12/04/2011,TWF,ID,ANM,WE,Combination Non-Radar Approach Control & Tower w/o Radar,2,13,5,1,21,0,1,8,9,18,2,14,13,10,39,6,2,8,47
12/05/2011,TWF,ID,ANM,WE,Combination Non-Radar Approach Control & Tower w/o Radar,0,13,5,0,18,0,6,20,0,26,0,19,25,0,44,6,0,6,50
12/06/2011,TWF,ID,ANM,WE,Combination Non-Radar Approach Control & Tower w/o Radar,0,15,6,4,25,0,0,29,0,29,0,15,35,4,54,50,0,50,104
12/07/2011,TWF,ID,ANM,WE,Combination Non-Radar Approach Control & Tower w/o Radar,0,18,5,0,23,0,0,21,0,21,0,18,26,0,44,50,0,50,94
12/08/2011,TWF,ID,ANM,WE,Combination Non-Radar Approach Control & Tower w/o Radar,2,15,7,0,24,0,3,38,0,41,2,18,45,0,65,60,0,60,125
12/09/2011,TWF,ID,ANM,WE,Combination Non-Radar Approach Control & Tower w/o Radar,0,17,2,0,19,0,0,21,0,21,0,17,23,0,40,28,0,28,68
12/10/2011,TWF,ID,ANM,WE,Combination Non-Radar Approach Control & Tower w/o Radar,0,8,5,0,13,0,4,29,0,33,0,12,34,0,46,18,0,18,64
12/11/2011,TWF,ID,ANM,WE,Combination Non-Radar Approach Control & Tower w/o Radar,2,9,0,0,11,0,1,31,0,32,2,10,31,0,43,30,0,30,73
12/12/2011,TWF,ID,ANM,WE,Combination Non-Radar Approach Control & Tower w/o Radar,0,19,4,0,23,0,1,17,0,18,0,20,21,0,41,38,0,38,79
12/13/2011,TWF,ID,ANM,WE,Combination Non-Radar Approach Control & Tower w/o Radar,0,20,8,0,28,0,3,23,0,26,0,23,31,0,54,4,0,4,58
12/14/2011,TWF,ID,ANM,WE,Combination Non-Radar Approach Control & Tower w/o Radar,0,19,8,3,30,0,2,23,1,26,0,21,31,4,56,40,12,52,108
12/15/2011,TWF,ID,ANM,WE,Combination Non-Radar Approach Control & Tower w/o Radar,2,18,5,0,25,0,0,28,0,28,2,18,33,0,53,18,0,18,71
12/16/2011,TWF,ID,ANM,WE,Combination Non-Radar Approach Control & Tower w/o Radar,0,18,3,0,21,0,1,18,0,19,0,19,21,0,40,66,0,66,106
12/17/2011,TWF,ID,ANM,WE,Combination Non-Radar Approach Control & Tower w/o Radar,0,8,3,0,11,0,9,29,0,38,0,17,32,0,49,50,0,50,99
12/18/2011,TWF,ID,ANM,WE,Combination Non-Radar Approach Control & Tower w/o Radar,2,7,6,0,15,0,0,28,0,28,2,7,34,0,43,20,0,20,63
12/19/2011,TWF,ID,ANM,WE,Combination Non-Radar Approach Control & Tower w/o Radar,0,20,11,0,31,0,3,12,0,15,0,23,23,0,46,48,0,48,94
12/20/2011,TWF,ID,ANM,WE,Combination Non-Radar Approach Control & Tower w/o Radar,0,24,2,0,26,0,1,21,0,22,0,25,23,0,48,16,0,16,64
12/21/2011,TWF,ID,ANM,WE,Combination Non-Radar Approach Control & Tower w/o Radar,0,20,5,0,25,0,1,12,0,13,0,21,17,0,38,0,0,0,38
12/22/2011,TWF,ID,ANM,WE,Combination Non-Radar Approach Control & Tower w/o Radar,2,21,4,8,35,0,1,31,2,34,2,22,35,10,69,18,12,30,99
12/23/2011,TWF,ID,ANM,WE,Combination Non-Radar Approach Control & Tower w/o Radar,0,19,3,0,22,0,1,24,0,25,0,20,27,0,47,0,0,0,47
12/24/2011,TWF,ID,ANM,WE,Combination Non-Radar Approach Control & Tower w/o Radar,0,6,0,0,6,0,3,18,0,21,0,9,18,0,27,6,0,6,33
12/25/2011,TWF,ID,ANM,WE,Combination Non-Radar Approach Control & Tower w/o Radar,2,5,0,0,7,0,0,6,0,6,2,5,6,0,13,0,0,0,13
12/26/2011,TWF,ID,ANM,WE,Combination Non-Radar Approach Control & Tower w/o Radar,0,5,10,0,15,0,0,21,0,21,0,5,31,0,36,56,0,56,92
12/27/2011,TWF,ID,ANM,WE,Combination Non-Radar Approach Control & Tower w/o Radar,0,18,3,2,23,0,4,34,5,43,0,22,37,7,66,62,0,62,128
12/28/2011,TWF,ID,ANM,WE,Combination Non-Radar Approach Control & Tower w/o Radar,0,49,20,0,69,0,13,2,0,15,0,62,22,0,84,0,0,0,84
12/29/2011,TWF,ID,ANM,WE,Combination Non-Radar Approach Control & Tower w/o Radar,2,21,5,1,29,0,0,9,3,12,2,21,14,4,41,8,0,8,49
12/30/2011,TWF,ID,ANM,WE,Combination Non-Radar Approach Control & Tower w/o Radar,0,37,8,0,45,0,0,8,0,8,0,37,16,0,53,0,0,0,53
12/31/2011,TWF,ID,ANM,WE,Combination Non-Radar Approach Control & Tower w/o Radar,0,7,5,0,12,0,3,17,0,20,0,10,22,0,32,10,0,10,42
01/01/2012,TWF,ID,ANM,WE,Combination Non-Radar Approach Control & Tower w/o Radar,2,7,4,0,13,0,1,9,0,10,2,8,13,0,23,0,0,0,23
01/02/2012,TWF,ID,ANM,WE,Combination Non-Radar Approach Control & Tower w/o Radar,0,12,6,0,18,0,0,25,0,25,0,12,31,0,43,0,0,0,43
01/03/2012,TWF,ID,ANM,WE,Combination Non-Radar Approach Control & Tower w/o Radar,0,15,7,0,22,0,5,25,0,30,0,20,32,0,52,50,0,50,102
01/04/2012,TWF,ID,ANM,WE,Combination Non-Radar Approach Control & Tower w/o Radar,0,18,3,2,23,0,3,0,0,3,0,21,3,2,26,20,0,20,46
01/05/2012,TWF,ID,ANM,WE,Combination Non-Radar Approach Control & Tower w/o Radar,0,14,6,0,20,0,6,15,0,21,0,20,21,0,41,4,0,4,45
01/06/2012,TWF,ID,ANM,WE,Combination Non-Radar Approach Control & Tower w/o Radar,0,19,2,0,21,0,5,21,0,26,0,24,23,0,47,8,0,8,55
01/07/2012,TWF,ID,ANM,WE,Combination Non-Radar Approach Control & Tower w/o Radar,0,16,9,0,25,0,4,12,0,16,0,20,21,0,41,8,0,8,49
01/08/2012,TWF,ID,ANM,WE,Combination Non-Radar Approach Control & Tower w/o Radar,0,7,6,0,13,0,0,21,0,21,0,7,27,0,34,12,0,12,46
01/09/2012,TWF,ID,ANM,WE,Combination Non-Radar Approach Control & Tower w/o Radar,0,12,7,0,19,0,4,21,0,25,0,16,28,0,44,16,0,16,60
01/10/2012,TWF,ID,ANM,WE,Combination Non-Radar Approach Control & Tower w/o Radar,0,16,11,2,29,0,4,10,0,14,0,20,21,2,43,0,10,10,53
01/11/2012,TWF,ID,ANM,WE,Combination Non-Radar Approach Control & Tower w/o Radar,0,19,14,0,33,0,3,28,0,31,0,22,42,0,64,0,0,0,64
01/12/2012,TWF,ID,ANM,WE,Combination Non-Radar Approach Control & Tower w/o Radar,0,16,6,4,26,0,7,38,0,45,0,23,44,4,71,50,0,50,121
01/13/2012,TWF,ID,ANM,WE,Combination Non-Radar Approach Control & Tower w/o Radar,0,14,1,0,15,0,2,29,0,31,0,16,30,0,46,10,0,10,56
01/14/2012,TWF,ID,ANM,WE,Combination Non-Radar Approach Control & Tower w/o Radar,0,9,4,2,15,0,3,25,4,32,0,12,29,6,47,24,6,30,77
01/15/2012,TWF,ID,ANM,WE,Combination Non-Radar Approach Control & Tower w/o Radar,0,7,2,0,9,0,0,3,0,3,0,7,5,0,12,0,0,0,12
01/16/2012,TWF,ID,ANM,WE,Combination Non-Radar Approach Control & Tower w/o Radar,0,10,4,0,14,0,3,10,0,13,0,13,14,0,27,4,0,4,31
01/17/2012,TWF,ID,ANM,WE,Combination Non-Radar Approach Control & Tower w/o Radar,0,16,4,0,20,0,5,8,0,13,0,21,12,0,33,0,0,0,33
01/18/2012,TWF,ID,ANM,WE,Combination Non-Radar Approach Control & Tower w/o Radar,0,23,5,0,28,0,0,1,0,1,0,23,6,0,29,0,0,0,29
01/19/2012,TWF,ID,ANM,WE,Combination Non-Radar Approach Control & Tower w/o Radar,0,27,21,0,48,0,26,21,0,47,0,53,42,0,95,2,0,2,97
01/20/2012,TWF,ID,ANM,WE,Combination Non-Radar Approach Control & Tower w/o Radar,0,29,13,0,42,0,0,12,0,12,0,29,25,0,54,30,0,30,84
01/21/2012,TWF,ID,ANM,WE,Combination Non-Radar Approach Control & Tower w/o Radar,0,24,7,0,31,0,0,2,0,2,0,24,9,0,33,0,0,0,33
01/22/2012,TWF,ID,ANM,WE,Combination Non-Radar Approach Control & Tower w/o Radar,0,9,9,0,18,0,0,0,0,0,0,9,9,0,18,12,0,12,30
01/23/2012,TWF,ID,ANM,WE,Combination Non-Radar Approach Control & Tower w/o Radar,0,19,14,0,33,0,0,3,0,3,0,19,17,0,36,0,0,0,36
01/24/2012,TWF,ID,ANM,WE,Combination Non-Radar Approach Control & Tower w/o Radar,0,14,2,1,17,0,2,19,1,22,0,16,21,2,39,18,12,30,69
01/25/2012,TWF,ID,ANM,WE,Combination Non-Radar Approach Control & Tower w/o Radar,0,21,10,1,32,0,2,11,4,17,0,23,21,5,49,72,4,76,125
01/26/2012,TWF,ID,ANM,WE,Combination Non-Radar Approach Control & Tower w/o Radar,0,30,25,2,57,0,0,3,0,3,0,30,28,2,60,2,0,2,62
01/27/2012,TWF,ID,ANM,WE,Combination Non-Radar Approach Control & Tower w/o Radar,0,16,8,3,27,0,1,34,0,35,0,17,42,3,62,20,0,20,82
01/28/2012,TWF,ID,ANM,WE,Combination Non-Radar Approach Control & Tower w/o Radar,0,9,6,0,15,0,0,33,0,33,0,9,39,0,48,52,0,52,100
01/29/2012,TWF,ID,ANM,WE,Combination Non-Radar Approach Control & Tower w/o Radar,0,7,9,0,16,0,1,23,0,24,0,8,32,0,40,12,0,12,52
01/30/2012,TWF,ID,ANM,WE,Combination Non-Radar Approach Control & Tower w/o Radar,0,15,9,2,26,0,2,20,0,22,0,17,29,2,48,28,10,38,86
01/31/2012,TWF,ID,ANM,WE,Combination Non-Radar Approach Control & Tower w/o Radar,0,16,5,3,24,0,2,30,0,32,0,18,35,3,56,44,12,56,112
02/01/2012,TWF,ID,ANM,WE,Combination Non-Radar Approach Control & Tower w/o Radar,0,27,7,2,36,0,0,12,0,12,0,27,19,2,48,50,2,52,100
02/02/2012,TWF,ID,ANM,WE,Combination Non-Radar Approach Control & Tower w/o Radar,0,22,4,0,26,0,1,6,0,7,0,23,10,0,33,22,0,22,55
02/03/2012,TWF,ID,ANM,WE,Combination Non-Radar Approach Control & Tower w/o Radar,0,15,3,0,18,0,3,25,0,28,0,18,28,0,46,26,0,26,72
02/04/2012,TWF,ID,ANM,WE,Combination Non-Radar Approach Control & Tower w/o Radar,0,9,4,0,13,0,4,26,0,30,0,13,30,0,43,50,0,50,93
02/05/2012,TWF,ID,ANM,WE,Combination Non-Radar Approach Control & Tower w/o Radar,0,6,5,0,11,0,0,11,0,11,0,6,16,0,22,8,0,8,30
02/06/2012,TWF,ID,ANM,WE,Combination Non-Radar Approach Control & Tower w/o Radar,0,13,2,1,16,0,6,20,1,27,0,19,22,2,43,14,2,16,59
02/07/2012,TWF,ID,ANM,WE,Combination Non-Radar Approach Control & Tower w/o Radar,0,18,2,0,20,0,2,20,0,22,0,20,22,0,42,40,0,40,82
02/08/2012,TWF,ID,ANM,WE,Combination Non-Radar Approach Control & Tower w/o Radar,0,30,11,2,43,0,0,12,0,12,0,30,23,2,55,12,4,16,71
02/09/2012,TWF,ID,ANM,WE,Combination Non-Radar Approach Control & Tower w/o Radar,0,23,12,2,37,0,0,0,0,0,0,23,12,2,37,10,10,20,57
02/10/2012,TWF,ID,ANM,WE,Combination Non-Radar Approach Control & Tower w/o Radar,0,35,4,3,42,0,5,36,0,41,0,40,40,3,83,76,2,78,161
02/11/2012,TWF,ID,ANM,WE,Combination Non-Radar Approach Control & Tower w/o Radar,0,13,5,0,18,0,0,2,0,2,0,13,7,0,20,0,0,0,20
02/12/2012,TWF,ID,ANM,WE,Combination Non-Radar Approach Control & Tower w/o Radar,0,24,19,0,43,0,0,6,0,6,0,24,25,0,49,18,0,18,67
02/13/2012,TWF,ID,ANM,WE,Combination Non-Radar Approach Control & Tower w/o Radar,0,17,5,1,23,0,3,16,1,20,0,20,21,2,43,18,24,42,85
02/14/2012,TWF,ID,ANM,WE,Combination Non-Radar Approach Control & Tower w/o Radar,0,16,5,1,22,0,3,18,3,24,0,19,23,4,46,34,0,34,80
02/15/2012,TWF,ID,ANM,WE,Combination Non-Radar Approach Control & Tower w/o Radar,0,19,12,0,31,0,1,6,0,7,0,20,18,0,38,34,0,34,72
02/16/2012,TWF,ID,ANM,WE,Combination Non-Radar Approach Control & Tower w/o Radar,0,19,10,0,29,0,2,48,0,50,0,21,58,0,79,50,0,50,129
02/17/2012,TWF,ID,ANM,WE,Combination Non-Radar Approach Control & Tower w/o Radar,0,17,14,0,31,0,18,37,0,55,0,35,51,0,86,70,0,70,156
02/18/2012,TWF,ID,ANM,WE,Combination Non-Radar Approach Control & Tower w/o Radar,0,39,8,0,47,0,0,16,0,16,0,39,24,0,63,50,0,50,113
02/19/2012,TWF,ID,ANM,WE,Combination Non-Radar Approach Control & Tower w/o Radar,0,7,2,3,12,0,0,2,0,2,0,7,4,3,14,0,0,0,14
02/20/2012,TWF,ID,ANM,WE,Combination Non-Radar Approach Control & Tower w/o Radar,0,23,9,0,32,0,5,12,0,17,0,28,21,0,49,38,0,38,87
02/21/2012,TWF,ID,ANM,WE,Combination Non-Radar Approach Control & Tower w/o Radar,0,24,1,0,25,0,0,5,0,5,0,24,6,0,30,0,0,0,30
02/22/2012,TWF,ID,ANM,WE,Combination Non-Radar Approach Control & Tower w/o Radar,0,21,2,0,23,0,2,3,0,5,0,23,5,0,28,0,0,0,28
02/23/2012,TWF,ID,ANM,WE,Combination Non-Radar Approach Control & Tower w/o Radar,0,15,12,4,31,0,2,7,4,13,0,17,19,8,44,8,20,28,72
02/24/2012,TWF,ID,ANM,WE,Combination Non-Radar Approach Control & Tower w/o Radar,0,13,10,0,23,0,3,56,0,59,0,16,66,0,82,82,0,82,164
02/25/2012,TWF,ID,ANM,WE,Combination Non-Radar Approach Control & Tower w/o Radar,0,28,5,0,33,0,0,0,0,0,0,28,5,0,33,0,0,0,33
02/26/2012,TWF,ID,ANM,WE,Combination Non-Radar Approach Control & Tower w/o Radar,0,7,10,0,17,0,0,18,0,18,0,7,28,0,35,38,0,38,73
02/27/2012,TWF,ID,ANM,WE,Combination Non-Radar Approach Control & Tower w/o Radar,0,17,0,0,17,0,3,16,0,19,0,20,16,0,36,26,0,26,62
02/28/2012,TWF,ID,ANM,WE,Combination Non-Radar Approach Control & Tower w/o Radar,0,15,8,0,23,0,4,10,0,14,0,19,18,0,37,58,0,58,95
02/29/2012,TWF,ID,ANM,WE,Combination Non-Radar Approach Control & Tower w/o Radar,0,31,12,2,45,0,2,2,0,4,0,33,14,2,49,0,0,0,49
03/01/2012,TWF,ID,ANM,WE,Combination Non-Radar Approach Control & Tower w/o Radar,0,31,5,0,36,0,1,2,0,3,0,32,7,0,39,32,0,32,71
03/02/2012,TWF,ID,ANM,WE,Combination Non-Radar Approach Control & Tower w/o Radar,0,17,0,0,17,0,0,3,0,3,0,17,3,0,20,0,0,0,20
03/03/2012,TWF,ID,ANM,WE,Combination Non-Radar Approach Control & Tower w/o Radar,0,8,2,0,10,0,1,9,4,14,0,9,11,4,24,36,0,36,60
03/04/2012,TWF,ID,ANM,WE,Combination Non-Radar Approach Control & Tower w/o Radar,0,6,4,0,10,0,1,53,0,54,0,7,57,0,64,8,0,8,72
03/05/2012,TWF,ID,ANM,WE,Combination Non-Radar Approach Control & Tower w/o Radar,0,13,3,1,17,0,5,23,3,31,0,18,26,4,48,16,16,32,80
03/06/2012,TWF,ID,ANM,WE,Combination Non-Radar Approach Control & Tower w/o Radar,0,22,5,0,27,0,2,2,0,4,0,24,7,0,31,0,0,0,31
03/07/2012,TWF,ID,ANM,WE,Combination Non-Radar Approach Control & Tower w/o Radar,0,14,2,4,20,0,2,15,0,17,0,16,17,4,37,20,16,36,73
03/08/2012,TWF,ID,ANM,WE,Combination Non-Radar Approach Control & Tower w/o Radar,0,12,4,5,21,0,4,36,3,43,0,16,40,8,64,84,22,106,170
03/09/2012,TWF,ID,ANM,WE,Combination Non-Radar Approach Control & Tower w/o Radar,0,11,6,2,19,0,3,51,2,56,0,14,57,4,75,66,0,66,141
03/10/2012,TWF,ID,ANM,WE,Combination Non-Radar Approach Control & Tower w/o Radar,0,11,6,0,17,0,3,60,0,63,0,14,66,0,80,86,0,86,166
03/11/2012,TWF,ID,ANM,WE,Combination Non-Radar Approach Control & Tower w/o Radar,0,13,5,0,18,0,0,11,0,11,0,13,16,0,29,2,0,2,31
03/12/2012,TWF,ID,ANM,WE,Combination Non-Radar Approach Control & Tower w/o Radar,0,9,2,0,11,0,14,31,0,45,0,23,33,0,56,68,0,68,124
03/13/2012,TWF,ID,ANM,WE,Combination Non-Radar Approach Control & Tower w/o Radar,0,26,9,0,35,0,2,13,0,15,0,28,22,0,50,12,0,12,62
03/14/2012,TWF,ID,ANM,WE,Combination Non-Radar Approach Control & Tower w/o Radar,0,29,20,0,49,0,1,16,0,17,0,30,36,0,66,10,0,10,76
03/15/2012,TWF,ID,ANM,WE,Combination Non-Radar Approach Control & Tower w/o Radar,0,26,10,0,36,0,5,13,0,18,0,31,23,0,54,24,0,24,78
03/16/2012,TWF,ID,ANM,WE,Combination Non-Radar Approach Control & Tower w/o Radar,0,38,13,0,51,0,0,6,0,6,0,38,19,0,57,10,0,10,67
03/17/2012,TWF,ID,ANM,WE,Combination Non-Radar Approach Control & Tower w/o Radar,0,28,5,0,33,0,0,2,0,2,0,28,7,0,35,0,0,0,35
03/18/2012,TWF,ID,ANM,WE,Combination Non-Radar Approach Control & Tower w/o Radar,0,20,9,0,29,0,0,2,0,2,0,20,11,0,31,0,0,0,31
03/19/2012,TWF,ID,ANM,WE,Combination Non-Radar Approach Control & Tower w/o Radar,0,17,3,1,21,0,4,9,1,14,0,21,12,2,35,0,0,0,35
03/20/2012,TWF,ID,ANM,WE,Combination Non-Radar Approach Control & Tower w/o Radar,0,26,16,0,42,0,0,0,0,0,0,26,16,0,42,0,0,0,42
03/21/2012,TWF,ID,ANM,WE,Combination Non-Radar Approach Control & Tower w/o Radar,0,17,11,4,32,0,5,37,0,42,0,22,48,4,74,5,0,5,79
03/22/2012,TWF,ID,ANM,WE,Combination Non-Radar Approach Control & Tower w/o Radar,0,17,12,4,33,0,2,21,1,24,0,19,33,5,57,6,0,6,63
03/23/2012,TWF,ID,ANM,WE,Combination Non-Radar Approach Control & Tower w/o Radar,0,16,7,0,23,0,2,36,0,38,0,18,43,0,61,98,0,98,159
03/24/2012,TWF,ID,ANM,WE,Combination Non-Radar Approach Control & Tower w/o Radar,0,7,9,0,16,0,4,48,0,52,0,11,57,0,68,34,0,34,102
03/25/2012,TWF,ID,ANM,WE,Combination Non-Radar Approach Control & Tower w/o Radar,0,9,4,0,13,0,0,12,0,12,0,9,16,0,25,24,0,24,49
03/26/2012,TWF,ID,ANM,WE,Combination Non-Radar Approach Control & Tower w/o Radar,0,23,8,0,31,0,0,6,0,6,0,23,14,0,37,0,0,0,37
03/27/2012,TWF,ID,ANM,WE,Combination Non-Radar Approach Control & Tower w/o Radar,0,15,0,0,15,0,2,22,0,24,0,17,22,0,39,72,0,72,111
03/28/2012,TWF,ID,ANM,WE,Combination Non-Radar Approach Control & Tower w/o Radar,0,19,4,2,25,0,0,9,0,9,0,19,13,2,34,56,0,56,90
03/29/2012,TWF,ID,ANM,WE,Combination Non-Radar Approach Control & Tower w/o Radar,0,28,7,2,37,0,5,19,1,25,0,33,26,3,62,30,24,54,116
03/30/2012,TWF,ID,ANM,WE,Combination Non-Radar Approach Control & Tower w/o Radar,0,31,11,0,42,0,1,8,0,9,0,32,19,0,51,0,0,0,51
03/31/2012,TWF,ID,ANM,WE,Combination Non-Radar Approach Control & Tower w/o Radar,0,14,7,0,21,0,2,29,0,31,0,16,36,0,52,10,0,10,62
04/01/2012,TWF,ID,ANM,WE,Combination Non-Radar Approach Control & Tower w/o Radar,0,8,2,0,10,0,0,5,0,5,0,8,7,0,15,0,0,0,15
04/02/2012,TWF,ID,ANM,WE,Combination Non-Radar Approach Control & Tower w/o Radar,0,8,3,0,11,0,4,34,0,38,0,12,37,0,49,80,0,80,129
04/03/2012,TWF,ID,ANM,WE,Combination Non-Radar Approach Control & Tower w/o Radar,0,12,3,2,17,0,0,38,0,38,0,12,41,2,55,12,4,16,71
04/04/2012,TWF,ID,ANM,WE,Combination Non-Radar Approach Control & Tower w/o Radar,0,13,3,1,17,0,0,18,3,21,0,13,21,4,38,2,0,2,40
04/05/2012,TWF,ID,ANM,WE,Combination Non-Radar Approach Control & Tower w/o Radar,0,12,1,0,13,0,3,24,0,27,0,15,25,0,40,38,0,38,78
04/06/2012,TWF,ID,ANM,WE,Combination Non-Radar Approach Control & Tower w/o Radar,0,16,1,0,17,0,1,4,0,5,0,17,5,0,22,0,0,0,22
04/07/2012,TWF,ID,ANM,WE,Combination Non-Radar Approach Control & Tower w/o Radar,0,8,10,0,18,0,9,53,16,78,0,17,63,16,96,20,0,20,116
04/08/2012,TWF,ID,ANM,WE,Combination Non-Radar Approach Control & Tower w/o Radar,0,7,1,0,8,0,7,14,0,21,0,14,15,0,29,8,0,8,37
04/09/2012,TWF,ID,ANM,WE,Combination Non-Radar Approach Control & Tower w/o Radar,0,9,2,0,11,0,6,22,0,28,0,15,24,0,39,44,0,44,83
04/10/2012,TWF,ID,ANM,WE,Combination Non-Radar Approach Control & Tower w/o Radar,0,11,3,3,17,0,4,27,1,32,0,15,30,4,49,26,0,26,75
04/11/2012,TWF,ID,ANM,WE,Combination Non-Radar Approach Control & Tower w/o Radar,0,13,4,3,20,0,0,20,1,21,0,13,24,4,41,10,0,10,51
04/12/2012,TWF,ID,ANM,WE,Combination Non-Radar Approach Control & Tower w/o Radar,0,11,3,5,19,0,2,12,0,14,0,13,15,5,33,22,14,36,69
04/13/2012,TWF,ID,ANM,WE,Combination Non-Radar Approach Control & Tower w/o Radar,0,12,5,0,17,0,4,19,0,23,0,16,24,0,40,44,0,44,84
04/14/2012,TWF,ID,ANM,WE,Combination Non-Radar Approach Control & Tower w/o Radar,0,8,0,0,8,0,2,7,0,9,0,10,7,0,17,0,0,0,17
04/15/2012,TWF,ID,ANM,WE,Combination Non-Radar Approach Control & Tower w/o Radar,0,6,5,0,11,0,1,13,0,14,0,7,18,0,25,0,0,0,25
04/16/2012,TWF,ID,ANM,WE,Combination Non-Radar Approach Control & Tower w/o Radar,0,10,7,0,17,0,2,32,0,34,0,12,39,0,51,130,0,130,181
04/17/2012,TWF,ID,ANM,WE,Combination Non-Radar Approach Control & Tower w/o Radar,0,14,6,0,20,0,7,31,0,38,0,21,37,0,58,120,0,120,178
04/18/2012,TWF,ID,ANM,WE,Combination Non-Radar Approach Control & Tower w/o Radar,0,15,5,3,23,0,1,17,0,18,0,16,22,3,41,14,10,24,65
04/19/2012,TWF,ID,ANM,WE,Combination Non-Radar Approach Control & Tower w/o Radar,0,15,5,2,22,0,3,18,0,21,0,18,23,2,43,6,26,32,75
04/20/2012,TWF,ID,ANM,WE,Combination Non-Radar Approach Control & Tower w/o Radar,0,13,2,0,15,0,2,28,0,30,0,15,30,0,45,36,0,36,81
04/21/2012,TWF,ID,ANM,WE,Combination Non-Radar Approach Control & Tower w/o Radar,0,9,2,0,11,0,2,44,0,46,0,11,46,0,57,56,0,56,113
04/22/2012,TWF,ID,ANM,WE,Combination Non-Radar Approach Control & Tower w/o Radar,0,5,4,0,9,0,0,20,0,20,0,5,24,0,29,4,0,4,33
04/23/2012,TWF,ID,ANM,WE,Combination Non-Radar Approach Control & Tower w/o Radar,0,7,2,0,9,0,6,22,0,28,0,13,24,0,37,28,0,28,65
04/24/2012,TWF,ID,ANM,WE,Combination Non-Radar Approach Control & Tower w/o Radar,0,15,6,0,21,0,5,48,0,53,0,20,54,0,74,28,0,28,102
04/25/2012,TWF,ID,ANM,WE,Combination Non-Radar Approach Control & Tower w/o Radar,2,16,9,0,27,0,4,37,0,41,2,20,46,0,68,24,0,24,92
04/26/2012,TWF,ID,ANM,WE,Combination Non-Radar Approach Control & Tower w/o Radar,0,14,4,5,23,0,2,12,3,17,0,16,16,8,40,2,24,26,66
04/27/2012,TWF,ID,ANM,WE,Combination Non-Radar Approach Control & Tower w/o Radar,0,12,9,0,21,0,5,26,5,36,0,17,35,5,57,26,0,26,83
04/28/2012,TWF,ID,ANM,WE,Combination Non-Radar Approach Control & Tower w/o Radar,0,7,3,0,10,0,2,20,4,26,0,9,23,4,36,36,0,36,72
04/29/2012,TWF,ID,ANM,WE,Combination Non-Radar Approach Control & Tower w/o Radar,0,5,6,2,13,0,0,20,9,29,0,5,26,11,42,8,8,16,58
04/30/2012,TWF,ID,ANM,WE,Combination Non-Radar Approach Control & Tower w/o Radar,0,8,3,3,14,0,5,24,16,45,0,13,27,19,59,8,14,22,81
05/01/2012,TWF,ID,ANM,WE,Combination Non-Radar Approach Control & Tower w/o Radar,0,12,7,1,20,0,1,24,1,26,0,13,31,2,46,2,8,10,56
05/02/2012,TWF,ID,ANM,WE,Combination Non-Radar Approach Control & Tower w/o Radar,0,14,5,0,19,0,5,43,0,48,0,19,48,0,67,188,0,188,255
05/03/2012,TWF,ID,ANM,WE,Combination Non-Radar Approach Control & Tower w/o Radar,0,20,9,5,34,0,0,25,0,25,0,20,34,5,59,76,16,92,151
05/04/2012,TWF,ID,ANM,WE,Combination Non-Radar Approach Control & Tower w/o Radar,0,14,1,2,17,0,4,21,0,25,0,18,22,2,42,28,0,28,70
05/05/2012,TWF,ID,ANM,WE,Combination Non-Radar Approach Control & Tower w/o Radar,0,8,2,4,14,0,3,8,0,11,0,11,10,4,25,0,0,0,25
05/06/2012,TWF,ID,ANM,WE,Combination Non-Radar Approach Control & Tower w/o Radar,0,9,6,0,15,0,0,34,0,34,0,9,40,0,49,6,0,6,55
05/07/2012,TWF,ID,ANM,WE,Combination Non-Radar Approach Control & Tower w/o Radar,0,11,7,0,18,0,7,76,0,83,0,18,83,0,101,26,0,26,127
05/08/2012,TWF,ID,ANM,WE,Combination Non-Radar Approach Control & Tower w/o Radar,0,16,7,0,23,0,2,36,0,38,0,18,43,0,61,66,0,66,127
05/09/2012,TWF,ID,ANM,WE,Combination Non-Radar Approach Control & Tower w/o Radar,0,17,12,0,29,0,1,32,0,33,0,18,44,0,62,8,0,8,70
05/10/2012,TWF,ID,ANM,WE,Combination Non-Radar Approach Control & Tower w/o Radar,0,17,7,4,28,0,3,15,0,18,0,20,22,4,46,0,4,4,50
05/11/2012,TWF,ID,ANM,WE,Combination Non-Radar Approach Control & Tower w/o Radar,0,13,4,0,17,0,3,31,0,34,0,16,35,0,51,68,0,68,119
05/12/2012,TWF,ID,ANM,WE,Combination Non-Radar Approach Control & Tower w/o Radar,0,8,4,0,12,0,4,20,0,24,0,12,24,0,36,46,0,46,82
05/13/2012,TWF,ID,ANM,WE,Combination Non-Radar Approach Control & Tower w/o Radar,0,9,8,0,17,0,0,32,0,32,0,9,40,0,49,0,0,0,49
05/14/2012,TWF,ID,ANM,WE,Combination Non-Radar Approach Control & Tower w/o Radar,0,13,1,2,16,0,5,56,2,63,0,18,57,4,79,52,24,76,155
05/15/2012,TWF,ID,ANM,WE,Combination Non-Radar Approach Control & Tower w/o Radar,0,15,5,0,20,0,1,28,0,29,0,16,33,0,49,56,0,56,105
05/16/2012,TWF,ID,ANM,WE,Combination Non-Radar Approach Control & Tower w/o Radar,0,19,5,0,24,0,3,17,0,20,0,22,22,0,44,10,0,10,54
05/17/2012,TWF,ID,ANM,WE,Combination Non-Radar Approach Control & Tower w/o Radar,0,19,8,0,27,0,2,29,0,31,0,21,37,0,58,0,0,0,58
05/18/2012,TWF,ID,ANM,WE,Combination Non-Radar Approach Control & Tower w/o Radar,0,15,0,0,15,0,3,16,0,19,0,18,16,0,34,2,0,2,36
05/19/2012,TWF,ID,ANM,WE,Combination Non-Radar Approach Control & Tower w/o Radar,0,8,4,0,12,0,1,52,0,53,0,9,56,0,65,22,0,22,87
05/20/2012,TWF,ID,ANM,WE,Combination Non-Radar Approach Control & Tower w/o Radar,0,7,2,0,9,0,1,26,0,27,0,8,28,0,36,14,0,14,50
05/21/2012,TWF,ID,ANM,WE,Combination Non-Radar Approach Control & Tower w/o Radar,0,13,6,0,19,0,7,39,0,46,0,20,45,0,65,56,0,56,121
05/22/2012,TWF,ID,ANM,WE,Combination Non-Radar Approach Control & Tower w/o Radar,0,19,14,3,36,0,1,37,0,38,0,20,51,3,74,18,16,34,108
05/23/2012,TWF,ID,ANM,WE,Combination Non-Radar Approach Control & Tower w/o Radar,0,17,14,0,31,0,4,37,0,41,0,21,51,0,72,58,0,58,130
05/24/2012,TWF,ID,ANM,WE,Combination Non-Radar Approach Control & Tower w/o Radar,0,20,15,7,42,0,2,39,5,46,0,22,54,12,88,0,34,34,122
05/25/2012,TWF,ID,ANM,WE,Combination Non-Radar Approach Control & Tower w/o Radar,0,21,13,0,34,0,4,51,0,55,0,25,64,0,89,8,0,8,97
05/26/2012,TWF,ID,ANM,WE,Combination Non-Radar Approach Control & Tower w/o Radar,0,19,6,0,25,0,0,3,0,3,0,19,9,0,28,0,0,0,28
05/27/2012,TWF,ID,ANM,WE,Combination Non-Radar Approach Control & Tower w/o Radar,0,10,3,0,13,0,0,6,0,6,0,10,9,0,19,0,0,0,19
05/28/2012,TWF,ID,ANM,WE,Combination Non-Radar Approach Control & Tower w/o Radar,0,7,6,0,13,0,0,92,0,92,0,7,98,0,105,38,0,38,143
05/29/2012,TWF,ID,ANM,WE,Combination Non-Radar Approach Control & Tower w/o Radar,0,15,9,2,26,0,6,56,0,62,0,21,65,2,88,36,0,36,124
05/30/2012,TWF,ID,ANM,WE,Combination Non-Radar Approach Control & Tower w/o Radar,0,17,7,0,24,0,9,28,0,37,0,26,35,0,61,32,0,32,93
05/31/2012,TWF,ID,ANM,WE,Combination Non-Radar Approach Control & Tower w/o Radar,0,21,7,3,31,0,12,41,2,55,0,33,48,5,86,38,12,50,136
06/01/2012,TWF,ID,ANM,WE,Combination Non-Radar Approach Control & Tower w/o Radar,0,11,7,0,18,0,3,105,0,108,0,14,112,0,126,26,0,26,152
06/02/2012,TWF,ID,ANM,WE,Combination Non-Radar Approach Control & Tower w/o Radar,0,7,7,0,14,0,4,56,0,60,0,11,63,0,74,40,0,40,114
06/03/2012,TWF,ID,ANM,WE,Combination Non-Radar Approach Control & Tower w/o Radar,0,6,0,0,6,0,0,29,0,29,0,6,29,0,35,18,0,18,53
06/04/2012,TWF,ID,ANM,WE,Combination Non-Radar Approach Control & Tower w/o Radar,0,11,2,0,13,0,10,51,0,61,0,21,53,0,74,38,0,38,112
06/05/2012,TWF,ID,ANM,WE,Combination Non-Radar Approach Control & Tower w/o Radar,2,21,3,0,26,0,8,3,0,11,2,29,6,0,37,0,0,0,37
06/06/2012,TWF,ID,ANM,WE,Combination Non-Radar Approach Control & Tower w/o Radar,0,13,5,0,18,0,9,350,0,359,0,22,355,0,377,50,0,50,427
06/07/2012,TWF,ID,ANM,WE,Combination Non-Radar Approach Control & Tower w/o Radar,0,12,4,0,16,0,5,38,0,43,0,17,42,0,59,6,0,6,65
06/08/2012,TWF,ID,ANM,WE,Combination Non-Radar Approach Control & Tower w/o Radar,0,15,7,2,24,0,5,68,0,73,0,20,75,2,97,0,0,0,97
06/09/2012,TWF,ID,ANM,WE,Combination Non-Radar Approach Control & Tower w/o Radar,0,14,3,0,17,0,3,6,0,9,0,17,9,0,26,34,0,34,60
06/10/2012,TWF,ID,ANM,WE,Combination Non-Radar Approach Control & Tower w/o Radar,0,5,3,0,8,0,0,21,0,21,0,5,24,0,29,6,0,6,35
06/11/2012,TWF,ID,ANM,WE,Combination Non-Radar Approach Control & Tower w/o Radar,0,12,10,0,22,0,4,101,0,105,0,16,111,0,127,50,0,50,177
06/12/2012,TWF,ID,ANM,WE,Combination Non-Radar Approach Control & Tower w/o Radar,0,14,7,4,25,0,4,48,0,52,0,18,55,4,77,34,20,54,131
06/13/2012,TWF,ID,ANM,WE,Combination Non-Radar Approach Control & Tower w/o Radar,0,12,5,3,20,0,7,28,2,37,0,19,33,5,57,6,4,10,67
06/14/2012,TWF,ID,ANM,WE,Combination Non-Radar Approach Control & Tower w/o Radar,0,11,10,0,21,0,13,135,0,148,0,24,145,0,169,56,0,56,225
06/15/2012,TWF,ID,ANM,WE,Combination Non-Radar Approach Control & Tower w/o Radar,0,11,7,0,18,0,6,30,0,36,0,17,37,0,54,4,0,4,58
06/16/2012,TWF,ID,ANM,WE,Combination Non-Radar Approach Control & Tower w/o Radar,0,7,0,0,7,0,5,87,0,92,0,12,87,0,99,40,0,40,139
06/17/2012,TWF,ID,ANM,WE,Combination Non-Radar Approach Control & Tower w/o Radar,0,7,3,0,10,0,0,34,0,34,0,7,37,0,44,0,0,0,44
06/18/2012,TWF,ID,ANM,WE,Combination Non-Radar Approach Control & Tower w/o Radar,0,11,2,1,14,0,11,44,2,57,0,22,46,3,71,98,0,98,169
06/19/2012,TWF,ID,ANM,WE,Combination Non-Radar Approach Control & Tower w/o Radar,0,14,4,0,18,0,6,38,0,44,0,20,42,0,62,46,0,46,108
06/20/2012,TWF,ID,ANM,WE,Combination Non-Radar Approach Control & Tower w/o Radar,0,13,2,0,15,0,7,119,0,126,0,20,121,0,141,62,0,62,203
06/21/2012,TWF,ID,ANM,WE,Combination Non-Radar Approach Control & Tower w/o Radar,0,14,5,0,19,0,6,116,0,122,0,20,121,0,141,14,0,14,155
06/22/2012,TWF,ID,ANM,WE,Combination Non-Radar Approach Control & Tower w/o Radar,0,11,6,0,17,0,0,0,0,0,0,11,6,0,17,66,0,66,83
06/23/2012,TWF,ID,ANM,WE,Combination Non-Radar Approach Control & Tower w/o Radar,0,8,5,0,13,0,1,113,0,114,0,9,118,0,127,76,0,76,203
06/24/2012,TWF,ID,ANM,WE,Combination Non-Radar Approach Control & Tower w/o Radar,0,5,3,0,8,0,0,37,0,37,0,5,40,0,45,18,0,18,63
06/25/2012,TWF,ID,ANM,WE,Combination Non-Radar Approach Control & Tower w/o Radar,0,10,2,4,16,0,8,94,0,102,0,18,96,4,118,10,6,16,134
06/26/2012,TWF,ID,ANM,WE,Combination Non-Radar Approach Control & Tower w/o Radar,0,13,4,3,20,0,5,32,3,40,0,18,36,6,60,38,0,38,98
06/27/2012,TWF,ID,ANM,WE,Combination Non-Radar Approach Control & Tower w/o Radar,0,13,6,4,23,0,8,96,2,106,0,21,102,6,129,94,16,110,239
06/28/2012,TWF,ID,ANM,WE,Combination Non-Radar Approach Control & Tower w/o Radar,0,14,13,0,27,0,5,140,0,145,0,19,153,0,172,2,0,2,174
06/29/2012,TWF,ID,ANM,WE,Combination Non-Radar Approach Control & Tower w/o Radar,0,12,11,0,23,0,7,87,0,94,0,19,98,0,117,100,0,100,217
06/30/2012,TWF,ID,ANM,WE,Combination Non-Radar Approach Control & Tower w/o Radar,0,9,5,0,14,0,3,105,0,108,0,12,110,0,122,24,0,24,146
07/01/2012,TWF,ID,ANM,WE,Combination Non-Radar Approach Control & Tower w/o Radar,0,7,4,0,11,0,0,3,0,3,0,7,7,0,14,6,0,6,20
07/02/2012,TWF,ID,ANM,WE,Combination Non-Radar Approach Control & Tower w/o Radar,0,11,1,0,12,0,6,77,0,83,0,17,78,0,95,26,0,26,121
07/03/2012,TWF,ID,ANM,WE,Combination Non-Radar Approach Control & Tower w/o Radar,0,13,5,2,20,0,5,35,0,40,0,18,40,2,60,6,2,8,68
07/04/2012,TWF,ID,ANM,WE,Combination Non-Radar Approach Control & Tower w/o Radar,0,11,2,0,13,0,0,52,0,52,0,11,54,0,65,66,0,66,131
07/05/2012,TWF,ID,ANM,WE,Combination Non-Radar Approach Control & Tower w/o Radar,0,17,6,1,24,0,1,26,3,30,0,18,32,4,54,6,0,6,60
07/06/2012,TWF,ID,ANM,WE,Combination Non-Radar Approach Control & Tower w/o Radar,0,15,6,0,21,0,7,96,0,103,0,22,102,0,124,12,0,12,136
07/07/2012,TWF,ID,ANM,WE,Combination Non-Radar Approach Control & Tower w/o Radar,0,7,4,0,11,0,2,152,0,154,0,9,156,0,165,64,0,64,229
07/08/2012,TWF,ID,ANM,WE,Combination Non-Radar Approach Control & Tower w/o Radar,0,8,5,0,13,0,1,176,0,177,0,9,181,0,190,16,0,16,206
07/09/2012,TWF,ID,ANM,WE,Combination Non-Radar Approach Control & Tower w/o Radar,0,11,2,3,16,0,6,156,1,163,0,17,158,4,179,2,16,18,197
07/10/2012,TWF,ID,ANM,WE,Combination Non-Radar Approach Control & Tower w/o Radar,0,27,9,2,38,0,3,112,14,129,0,30,121,16,167,2,0,2,169
07/11/2012,TWF,ID,ANM,WE,Combination Non-Radar Approach Control & Tower w/o Radar,0,23,6,1,30,0,10,166,9,185,0,33,172,10,215,18,2,20,235
07/12/2012,TWF,ID,ANM,WE,Combination Non-Radar Approach Control & Tower w/o Radar,0,18,7,8,33,0,8,98,0,106,0,26,105,8,139,38,4,42,181
07/13/2012,TWF,ID,ANM,WE,Combination Non-Radar Approach Control & Tower w/o Radar,0,13,9,0,22,0,7,66,0,73,0,20,75,0,95,72,0,72,167
07/14/2012,TWF,ID,ANM,WE,Combination Non-Radar Approach Control & Tower w/o Radar,0,24,11,0,35,0,2,67,0,69,0,26,78,0,104,60,0,60,164
07/15/2012,TWF,ID,ANM,WE,Combination Non-Radar Approach Control & Tower w/o Radar,0,8,7,0,15,0,1,44,0,45,0,9,51,0,60,34,0,34,94
07/16/2012,TWF,ID,ANM,WE,Combination Non-Radar Approach Control & Tower w/o Radar,0,12,7,0,19,0,4,34,0,38,0,16,41,0,57,40,0,40,97
07/17/2012,TWF,ID,ANM,WE,Combination Non-Radar Approach Control & Tower w/o Radar,0,13,5,4,22,0,4,70,1,75,0,17,75,5,97,14,18,32,129
07/18/2012,TWF,ID,ANM,WE,Combination Non-Radar Approach Control & Tower w/o Radar,0,16,4,0,20,0,1,84,0,85,0,17,88,0,105,0,0,0,105
07/19/2012,TWF,ID,ANM,WE,Combination Non-Radar Approach Control & Tower w/o Radar,0,13,3,2,18,0,4,85,0,89,0,17,88,2,107,66,8,74,181
07/20/2012,TWF,ID,ANM,WE,Combination Non-Radar Approach Control & Tower w/o Radar,0,10,4,0,14,0,6,86,0,92,0,16,90,0,106,20,0,20,126
07/21/2012,TWF,ID,ANM,WE,Combination Non-Radar Approach Control & Tower w/o Radar,0,7,11,0,18,0,5,109,0,114,0,12,120,0,132,44,0,44,176
07/22/2012,TWF,ID,ANM,WE,Combination Non-Radar Approach Control & Tower w/o Radar,0,6,4,0,10,0,0,83,4,87,0,6,87,4,97,0,0,0,97
07/23/2012,TWF,ID,ANM,WE,Combination Non-Radar Approach Control & Tower w/o Radar,1,17,2,5,25,0,9,73,6,88,1,26,75,11,113,32,26,58,171
07/24/2012,TWF,ID,ANM,WE,Combination Non-Radar Approach Control & Tower w/o Radar,0,15,10,5,30,0,4,62,10,76,0,19,72,15,106,38,0,38,144
07/25/2012,TWF,ID,ANM,WE,Combination Non-Radar Approach Control & Tower w/o Radar,0,20,6,0,26,0,6,82,0,88,0,26,88,0,114,80,0,80,194
07/26/2012,TWF,ID,ANM,WE,Combination Non-Radar Approach Control & Tower w/o Radar,0,11,7,1,19,0,1,55,1,57,0,12,62,2,76,4,0,4,80
07/27/2012,TWF,ID,ANM,WE,Combination Non-Radar Approach Control & Tower w/o Radar,0,9,5,2,16,0,0,73,0,73,0,9,78,2,89,52,10,62,151
07/28/2012,TWF,ID,ANM,WE,Combination Non-Radar Approach Control & Tower w/o Radar,0,6,2,0,8,0,0,18,1,19,0,6,20,1,27,4,2,6,33
07/29/2012,TWF,ID,ANM,WE,Combination Non-Radar Approach Control & Tower w/o Radar,0,4,3,0,7,0,0,37,0,37,0,4,40,0,44,0,0,0,44
07/30/2012,TWF,ID,ANM,WE,Combination Non-Radar Approach Control & Tower w/o Radar,0,13,5,4,22,0,5,92,4,101,0,18,97,8,123,6,4,10,133
07/31/2012,TWF,ID,ANM,WE,Combination Non-Radar Approach Control & Tower w/o Radar,0,17,5,2,24,0,7,75,0,82,0,24,80,2,106,6,0,6,112
08/01/2012,TWF,ID,ANM,WE,Combination Non-Radar Approach Control & Tower w/o Radar,0,17,6,0,23,0,5,86,1,92,0,22,92,1,115,4,0,4,119
08/02/2012,TWF,ID,ANM,WE,Combination Non-Radar Approach Control & Tower w/o Radar,0,10,3,0,13,0,8,118,1,127,0,18,121,1,140,16,0,16,156
08/03/2012,TWF,ID,ANM,WE,Combination Non-Radar Approach Control & Tower w/o Radar,0,12,4,0,16,0,7,59,0,66,0,19,63,0,82,6,0,6,88
08/04/2012,TWF,ID,ANM,WE,Combination Non-Radar Approach Control & Tower w/o Radar,0,11,2,0,13,0,3,82,0,85,0,14,84,0,98,12,0,12,110
08/05/2012,TWF,ID,ANM,WE,Combination Non-Radar Approach Control & Tower w/o Radar,0,6,6,0,12,0,1,29,0,30,0,7,35,0,42,14,0,14,56
08/06/2012,TWF,ID,ANM,WE,Combination Non-Radar Approach Control & Tower w/o Radar,0,12,8,0,20,0,1,138,21,160,0,13,146,21,180,10,0,10,190
08/07/2012,TWF,ID,ANM,WE,Combination Non-Radar Approach Control & Tower w/o Radar,0,13,5,0,18,0,1,156,34,191,0,14,161,34,209,8,34,42,251
08/08/2012,TWF,ID,ANM,WE,Combination Non-Radar Approach Control & Tower w/o Radar,0,15,6,0,21,0,2,157,0,159,0,17,163,0,180,16,0,16,196
08/09/2012,TWF,ID,ANM,WE,Combination Non-Radar Approach Control & Tower w/o Radar,0,12,5,0,17,0,6,163,0,169,0,18,168,0,186,28,0,28,214
08/10/2012,TWF,ID,ANM,WE,Combination Non-Radar Approach Control & Tower w/o Radar,0,13,3,0,16,0,1,180,5,186,0,14,183,5,202,22,2,24,226
08/11/2012,TWF,ID,ANM,WE,Combination Non-Radar Approach Control & Tower w/o Radar,0,10,5,0,15,0,6,94,0,100,0,16,99,0,115,12,0,12,127
08/12/2012,TWF,ID,ANM,WE,Combination Non-Radar Approach Control & Tower w/o Radar,0,14,5,0,19,0,2,61,4,67,0,16,66,4,86,0,0,0,86
08/13/2012,TWF,ID,ANM,WE,Combination Non-Radar Approach Control & Tower w/o Radar,0,12,4,2,18,0,3,65,0,68,0,15,69,2,86,14,4,18,104
08/14/2012,TWF,ID,ANM,WE,Combination Non-Radar Approach Control & Tower w/o Radar,0,22,4,0,26,0,4,39,0,43,0,26,43,0,69,90,0,90,159
08/15/2012,TWF,ID,ANM,WE,Combination Non-Radar Approach Control & Tower w/o Radar,0,37,12,0,49,0,2,43,0,45,0,39,55,0,94,44,0,44,138
08/16/2012,TWF,ID,ANM,WE,Combination Non-Radar Approach Control & Tower w/o Radar,0,25,12,0,37,0,1,95,0,96,0,26,107,0,133,8,0,8,141
08/17/2012,TWF,ID,ANM,WE,Combination Non-Radar Approach Control & Tower w/o Radar,0,29,19,0,48,0,0,50,0,50,0,29,69,0,98,26,0,26,124
08/18/2012,TWF,ID,ANM,WE,Combination Non-Radar Approach Control & Tower w/o Radar,0,14,26,3,43,0,0,43,2,45,0,14,69,5,88,72,0,72,160
08/19/2012,TWF,ID,ANM,WE,Combination Non-Radar Approach Control & Tower w/o Radar,0,22,12,0,34,0,0,47,0,47,0,22,59,0,81,0,0,0,81
08/20/2012,TWF,ID,ANM,WE,Combination Non-Radar Approach Control & Tower w/o Radar,0,12,15,0,27,0,2,23,0,25,0,14,38,0,52,44,0,44,96
08/21/2012,TWF,ID,ANM,WE,Combination Non-Radar Approach Control & Tower w/o Radar,0,13,6,0,19,0,2,20,0,22,0,15,26,0,41,26,0,26,67
08/22/2012,TWF,ID,ANM,WE,Combination Non-Radar Approach Control & Tower w/o Radar,0,14,10,0,24,0,9,63,0,72,0,23,73,0,96,24,0,24,120
08/23/2012,TWF,ID,ANM,WE,Combination Non-Radar Approach Control & Tower w/o Radar,0,13,10,3,26,0,2,104,3,109,0,15,114,6,135,58,14,72,207
08/24/2012,TWF,ID,ANM,WE,Combination Non-Radar Approach Control & Tower w/o Radar,0,13,7,0,20,0,5,41,0,46,0,18,48,0,66,8,0,8,74
08/25/2012,TWF,ID,ANM,WE,Combination Non-Radar Approach Control & Tower w/o Radar,0,8,6,0,14,0,4,53,0,57,0,12,59,0,71,8,0,8,79
08/26/2012,TWF,ID,ANM,WE,Combination Non-Radar Approach Control & Tower w/o Radar,0,15,3,0,18,0,1,46,0,47,0,16,49,0,65,0,0,0,65
08/27/2012,TWF,ID,ANM,WE,Combination Non-Radar Approach Control & Tower w/o Radar,0,10,4,0,14,0,4,128,20,152,0,14,132,20,166,32,0,32,198
08/28/2012,TWF,ID,ANM,WE,Combination Non-Radar Approach Control & Tower w/o Radar,0,18,5,4,27,0,1,64,1,66,0,19,69,5,93,58,2,60,153
08/29/2012,TWF,ID,ANM,WE,Combination Non-Radar Approach Control & Tower w/o Radar,0,14,6,2,22,0,8,71,0,79,0,22,77,2,101,14,12,26,127
08/30/2012,TWF,ID,ANM,WE,Combination Non-Radar Approach Control & Tower w/o Radar,0,14,12,4,30,0,8,62,6,76,0,22,74,10,106,36,20,56,162
08/31/2012,TWF,ID,ANM,WE,Combination Non-Radar Approach Control & Tower w/o Radar,0,18,9,0,27,0,6,79,0,85,0,24,88,0,112,14,0,14,126
09/01/2012,TWF,ID,ANM,WE,Combination Non-Radar Approach Control & Tower w/o Radar,0,13,2,0,15,0,2,21,0,23,0,15,23,0,38,24,0,24,62
09/02/2012,TWF,ID,ANM,WE,Combination Non-Radar Approach Control & Tower w/o Radar,0,9,3,0,12,0,3,28,0,31,0,12,31,0,43,2,0,2,45
09/03/2012,TWF,ID,ANM,WE,Combination Non-Radar Approach Control & Tower w/o Radar,0,12,9,0,21,0,0,33,0,33,0,12,42,0,54,0,0,0,54
09/04/2012,TWF,ID,ANM,WE,Combination Non-Radar Approach Control & Tower w/o Radar,0,14,2,2,18,0,1,20,6,27,0,15,22,8,45,0,6,6,51
09/05/2012,TWF,ID,ANM,WE,Combination Non-Radar Approach Control & Tower w/o Radar,0,16,8,9,33,0,2,42,3,47,0,18,50,12,80,0,26,26,106
09/06/2012,TWF,ID,ANM,WE,Combination Non-Radar Approach Control & Tower w/o Radar,0,14,5,2,21,0,4,44,0,48,0,18,49,2,69,22,0,22,91
09/07/2012,TWF,ID,ANM,WE,Combination Non-Radar Approach Control & Tower w/o Radar,0,16,8,1,25,0,5,40,3,48,0,21,48,4,73,48,4,52,125
09/08/2012,TWF,ID,ANM,WE,Combination Non-Radar Approach Control & Tower w/o Radar,0,8,0,0,8,0,1,34,2,37,0,9,34,2,45,64,0,64,109
09/09/2012,TWF,ID,ANM,WE,Combination Non-Radar Approach Control & Tower w/o Radar,0,5,10,2,17,0,0,29,0,29,0,5,39,2,46,0,0,0,46
09/10/2012,TWF,ID,ANM,WE,Combination Non-Radar Approach Control & Tower w/o Radar,0,13,4,3,20,0,0,29,1,30,0,13,33,4,50,24,12,36,86
09/11/2012,TWF,ID,ANM,WE,Combination Non-Radar Approach Control & Tower w/o Radar,0,15,3,1,19,0,4,17,1,22,0,19,20,2,41,50,0,50,91
09/12/2012,TWF,ID,ANM,WE,Combination Non-Radar Approach Control & Tower w/o Radar,0,13,8,4,25,0,2,67,1,70,0,15,75,5,95,44,14,58,153
09/13/2012,TWF,ID,ANM,WE,Combination Non-Radar Approach Control & Tower w/o Radar,0,14,2,0,16,0,1,25,0,26,0,15,27,0,42,6,0,6,48
09/14/2012,TWF,ID,ANM,WE,Combination Non-Radar Approach Control & Tower w/o Radar,0,14,0,0,14,0,3,29,0,32,0,17,29,0,46,24,0,24,70
09/15/2012,TWF,ID,ANM,WE,Combination Non-Radar Approach Control & Tower w/o Radar,0,6,2,0,8,0,3,60,0,63,0,9,62,0,71,92,2,94,165
09/16/2012,TWF,ID,ANM,WE,Combination Non-Radar Approach Control & Tower w/o Radar,0,5,2,0,7,0,0,38,0,38,0,5,40,0,45,2,0,2,47
09/17/2012,TWF,ID,ANM,WE,Combination Non-Radar Approach Control & Tower w/o Radar,0,11,0,5,16,0,7,39,0,46,0,18,39,5,62,10,0,10,72
09/18/2012,TWF,ID,ANM,WE,Combination Non-Radar Approach Control & Tower w/o Radar,0,13,14,2,29,0,2,37,0,39,0,15,51,2,68,38,0,38,106
09/19/2012,TWF,ID,ANM,WE,Combination Non-Radar Approach Control & Tower w/o Radar,0,16,3,0,19,0,0,1,0,1,0,16,4,0,20,28,0,28,48
09/20/2012,TWF,ID,ANM,WE,Combination Non-Radar Approach Control & Tower w/o Radar,0,16,5,2,23,0,4,24,0,28,0,20,29,2,51,34,0,34,85
09/21/2012,TWF,ID,ANM,WE,Combination Non-Radar Approach Control & Tower w/o Radar,0,22,15,0,37,0,0,15,0,15,0,22,30,0,52,22,0,22,74
09/22/2012,TWF,ID,ANM,WE,Combination Non-Radar Approach Control & Tower w/o Radar,0,8,3,0,11,0,1,49,0,50,0,9,52,0,61,26,0,26,87
09/23/2012,TWF,ID,ANM,WE,Combination Non-Radar Approach Control & Tower w/o Radar,0,5,8,0,13,0,0,24,0,24,0,5,32,0,37,26,0,26,63
09/24/2012,TWF,ID,ANM,WE,Combination Non-Radar Approach Control & Tower w/o Radar,0,15,1,2,18,0,1,20,0,21,0,16,21,2,39,22,0,22,61
09/25/2012,TWF,ID,ANM,WE,Combination Non-Radar Approach Control & Tower w/o Radar,0,17,8,2,27,0,4,31,4,39,0,21,39,6,66,42,0,42,108
09/26/2012,TWF,ID,ANM,WE,Combination Non-Radar Approach Control & Tower w/o Radar,0,17,3,0,20,0,3,29,0,32,0,20,32,0,52,36,0,36,88
09/27/2012,TWF,ID,ANM,WE,Combination Non-Radar Approach Control & Tower w/o Radar,0,15,3,0,18,0,10,33,0,43,0,25,36,0,61,42,0,42,103
09/28/2012,TWF,ID,ANM,WE,Combination Non-Radar Approach Control & Tower w/o Radar,0,14,10,0,24,0,4,48,0,52,0,18,58,0,76,76,0,76,152
09/29/2012,TWF,ID,ANM,WE,Combination Non-Radar Approach Control & Tower w/o Radar,0,7,6,0,13,0,6,28,0,34,0,13,34,0,47,94,0,94,141
09/30/2012,TWF,ID,ANM,WE,Combination Non-Radar Approach Control & Tower w/o Radar,0,7,10,0,17,0,0,31,0,31,0,7,41,0,48,6,0,6,54
10/01/2012,TWF,ID,ANM,WE,Combination Non-Radar Approach Control & Tower w/o Radar,0,10,1,0,11,0,9,34,0,43,0,19,35,0,54,26,0,26,80
10/02/2012,TWF,ID,ANM,WE,Combination Non-Radar Approach Control & Tower w/o Radar,1,13,11,2,27,0,3,27,1,31,1,16,38,3,58,34,0,34,92
10/03/2012,TWF,ID,ANM,WE,Combination Non-Radar Approach Control & Tower w/o Radar,0,16,9,5,30,0,7,11,5,23,0,23,20,10,53,0,14,14,67
10/04/2012,TWF,ID,ANM,WE,Combination Non-Radar Approach Control & Tower w/o Radar,0,16,7,5,28,0,5,39,2,46,0,21,46,7,74,38,16,54,128
10/05/2012,TWF,ID,ANM,WE,Combination Non-Radar Approach Control & Tower w/o Radar,0,14,6,0,20,0,7,35,2,44,0,21,41,2,64,80,0,80,144
10/06/2012,TWF,ID,ANM,WE,Combination Non-Radar Approach Control & Tower w/o Radar,0,10,4,0,14,0,2,21,0,23,0,12,25,0,37,8,0,8,45
10/07/2012,TWF,ID,ANM,WE,Combination Non-Radar Approach Control & Tower w/o Radar,0,5,4,0,9,0,0,18,0,18,0,5,22,0,27,0,0,0,27
10/08/2012,TWF,ID,ANM,WE,Combination Non-Radar Approach Control & Tower w/o Radar,0,9,11,0,20,0,10,48,0,58,0,19,59,0,78,94,0,94,172
10/09/2012,TWF,ID,ANM,WE,Combination Non-Radar Approach Control & Tower w/o Radar,0,18,5,0,23,0,5,55,0,60,0,23,60,0,83,104,0,104,187
10/10/2012,TWF,ID,ANM,WE,Combination Non-Radar Approach Control & Tower w/o Radar,0,14,11,3,28,0,4,51,4,59,0,18,62,7,87,46,4,50,137
10/11/2012,TWF,ID,ANM,WE,Combination Non-Radar Approach Control & Tower w/o Radar,0,13,6,6,25,0,4,115,5,124,0,17,121,11,149,64,8,72,221
10/12/2012,TWF,ID,ANM,WE,Combination Non-Radar Approach Control & Tower w/o Radar,0,17,2,0,19,0,6,62,0,68,0,23,64,0,87,46,0,46,133
10/13/2012,TWF,ID,ANM,WE,Combination Non-Radar Approach Control & Tower w/o Radar,0,7,4,0,11,0,2,37,0,39,0,9,41,0,50,18,0,18,68
10/14/2012,TWF,ID,ANM,WE,Combination Non-Radar Approach Control & Tower w/o Radar,0,6,5,1,12,0,0,28,0,28,0,6,33,1,40,22,0,22,62
10/15/2012,TWF,ID,ANM,WE,Combination Non-Radar Approach Control & Tower w/o Radar,0,8,1,1,10,0,6,25,0,31,0,14,26,1,41,22,0,22,63
10/16/2012,TWF,ID,ANM,WE,Combination Non-Radar Approach Control & Tower w/o Radar,1,18,1,0,20,0,3,3,0,6,1,21,4,0,26,0,0,0,26
10/17/2012,TWF,ID,ANM,WE,Combination Non-Radar Approach Control & Tower w/o Radar,0,12,5,1,18,0,7,25,1,33,0,19,30,2,51,44,0,44,95
10/18/2012,TWF,ID,ANM,WE,Combination Non-Radar Approach Control & Tower w/o Radar,0,16,3,4,23,0,7,38,0,45,0,23,41,4,68,60,0,60,128
10/19/2012,TWF,ID,ANM,WE,Combination Non-Radar Approach Control & Tower w/o Radar,0,18,3,1,22,0,4,27,2,33,0,22,30,3,55,24,0,24,79
10/20/2012,TWF,ID,ANM,WE,Combination Non-Radar Approach Control & Tower w/o Radar,0,6,3,0,9,0,4,15,0,19,0,10,18,0,28,40,0,40,68
10/21/2012,TWF,ID,ANM,WE,Combination Non-Radar Approach Control & Tower w/o Radar,0,7,0,0,7,0,0,31,0,31,0,7,31,0,38,28,0,28,66
10/22/2012,TWF,ID,ANM,WE,Combination Non-Radar Approach Control & Tower w/o Radar,1,15,19,2,37,0,1,15,0,16,1,16,34,2,53,0,0,0,53
10/23/2012,TWF,ID,ANM,WE,Combination Non-Radar Approach Control & Tower w/o Radar,0,17,17,5,39,0,4,14,2,20,0,21,31,7,59,60,2,62,121
10/24/2012,TWF,ID,ANM,WE,Combination Non-Radar Approach Control & Tower w/o Radar,0,17,2,12,31,0,3,21,3,27,0,20,23,15,58,92,6,98,156
10/25/2012,TWF,ID,ANM,WE,Combination Non-Radar Approach Control & Tower w/o Radar,0,19,2,1,22,0,1,8,2,11,0,20,10,3,33,12,0,12,45
10/26/2012,TWF,ID,ANM,WE,Combination Non-Radar Approach Control & Tower w/o Radar,1,16,3,0,20,0,5,29,0,34,1,21,32,0,54,72,0,72,126
10/27/2012,TWF,ID,ANM,WE,Combination Non-Radar Approach Control & Tower w/o Radar,0,9,9,0,18,0,2,19,0,21,0,11,28,0,39,22,0,22,61
10/28/2012,TWF,ID,ANM,WE,Combination Non-Radar Approach Control & Tower w/o Radar,0,5,9,0,14,0,4,36,0,40,0,9,45,0,54,28,0,28,82
10/29/2012,TWF,ID,ANM,WE,Combination Non-Radar Approach Control & Tower w/o Radar,0,16,7,4,27,0,7,28,7,42,0,23,35,11,69,28,4,32,101
10/30/2012,TWF,ID,ANM,WE,Combination Non-Radar Approach Control & Tower w/o Radar,0,21,4,4,29,0,6,30,7,43,0,27,34,11,72,46,16,62,134
10/31/2012,TWF,ID,ANM,WE,Combination Non-Radar Approach Control & Tower w/o Radar,0,19,13,5,37,0,8,35,5,48,0,27,48,10,85,28,0,28,113
11/01/2012,TWF,ID,ANM,WE,Combination Non-Radar Approach Control & Tower w/o Radar,0,22,8,0,30,0,8,10,0,18,0,30,18,0,48,30,0,30,78
11/02/2012,TWF,ID,ANM,WE,Combination Non-Radar Approach Control & Tower w/o Radar,0,23,3,4,30,0,10,30,8,48,0,33,33,12,78,58,2,60,138
11/03/2012,TWF,ID,ANM,WE,Combination Non-Radar Approach Control & Tower w/o Radar,0,8,2,0,10,0,5,48,0,53,0,13,50,0,63,102,0,102,165
11/04/2012,TWF,ID,ANM,WE,Combination Non-Radar Approach Control & Tower w/o Radar,0,5,9,0,14,0,1,37,0,38,0,6,46,0,52,32,0,32,84
11/05/2012,TWF,ID,ANM,WE,Combination Non-Radar Approach Control & Tower w/o Radar,0,13,3,2,18,0,8,16,2,26,0,21,19,4,44,30,14,44,88
11/06/2012,TWF,ID,ANM,WE,Combination Non-Radar Approach Control & Tower w/o Radar,0,19,10,6,35,0,3,28,5,36,0,22,38,11,71,60,8,68,139
11/07/2012,TWF,ID,ANM,WE,Combination Non-Radar Approach Control & Tower w/o Radar,0,16,6,6,28,0,4,24,5,33,0,20,30,11,61,74,28,102,163
11/08/2012,TWF,ID,ANM,WE,Combination Non-Radar Approach Control & Tower w/o Radar,0,21,7,5,33,0,1,18,5,24,0,22,25,10,57,10,14,24,81
11/09/2012,TWF,ID,ANM,WE,Combination Non-Radar Approach Control & Tower w/o Radar,0,20,8,0,28,0,2,1,0,3,0,22,9,0,31,0,0,0,31
11/10/2012,TWF,ID,ANM,WE,Combination Non-Radar Approach Control & Tower w/o Radar,0,5,4,0,9,0,4,3,0,7,0,9,7,0,16,0,0,0,16
11/11/2012,TWF,ID,ANM,WE,Combination Non-Radar Approach Control & Tower w/o Radar,0,5,3,0,8,0,0,13,0,13,0,5,16,0,21,16,0,16,37
11/12/2012,TWF,ID,ANM,WE,Combination Non-Radar Approach Control & Tower w/o Radar,0,9,5,0,14,0,1,7,0,8,0,10,12,0,22,34,0,34,56
11/13/2012,TWF,ID,ANM,WE,Combination Non-Radar Approach Control & Tower w/o Radar,0,20,5,4,29,0,2,18,2,22,0,22,23,6,51,50,0,50,101
11/14/2012,TWF,ID,ANM,WE,Combination Non-Radar Approach Control & Tower w/o Radar,0,28,1,4,33,0,0,2,1,3,0,28,3,5,36,20,10,30,66
11/15/2012,TWF,ID,ANM,WE,Combination Non-Radar Approach Control & Tower w/o Radar,0,15,21,3,39,0,2,39,8,49,0,17,60,11,88,64,24,88,176
11/16/2012,TWF,ID,ANM,WE,Combination Non-Radar Approach Control & Tower w/o Radar,0,18,7,0,25,0,6,22,0,28,0,24,29,0,53,112,0,112,165
11/17/2012,TWF,ID,ANM,WE,Combination Non-Radar Approach Control & Tower w/o Radar,0,12,3,0,15,0,0,13,0,13,0,12,16,0,28,22,0,22,50
11/18/2012,TWF,ID,ANM,WE,Combination Non-Radar Approach Control & Tower w/o Radar,0,6,1,0,7,0,0,3,0,3,0,6,4,0,10,20,0,20,30
11/19/2012,TWF,ID,ANM,WE,Combination Non-Radar Approach Control & Tower w/o Radar,0,17,11,1,29,0,6,17,2,25,0,23,28,3,54,50,0,50,104
11/20/2012,TWF,ID,ANM,WE,Combination Non-Radar Approach Control & Tower w/o Radar,0,21,3,0,24,0,1,9,0,10,0,22,12,0,34,14,0,14,48
11/21/2012,TWF,ID,ANM,WE,Combination Non-Radar Approach Control & Tower w/o Radar,0,19,5,3,27,0,2,3,3,8,0,21,8,6,35,2,0,2,37
11/22/2012,TWF,ID,ANM,WE,Combination Non-Radar Approach Control & Tower w/o Radar,0,5,1,0,6,0,0,20,0,20,0,5,21,0,26,4,0,4,30
11/23/2012,TWF,ID,ANM,WE,Combination Non-Radar Approach Control & Tower w/o Radar,0,19,4,0,23,0,6,24,0,30,0,25,28,0,53,58,0,58,111
11/24/2012,TWF,ID,ANM,WE,Combination Non-Radar Approach Control & Tower w/o Radar,0,6,2,0,8,0,3,24,0,27,0,9,26,0,35,56,0,56,91
11/25/2012,TWF,ID,ANM,WE,Combination Non-Radar Approach Control & Tower w/o Radar,0,6,8,0,14,0,1,2,0,3,0,7,10,0,17,0,0,0,17
11/26/2012,TWF,ID,ANM,WE,Combination Non-Radar Approach Control & Tower w/o Radar,0,13,3,2,18,0,8,15,0,23,0,21,18,2,41,42,0,42,83
11/27/2012,TWF,ID,ANM,WE,Combination Non-Radar Approach Control & Tower w/o Radar,0,16,12,4,32,0,3,21,4,28,0,19,33,8,60,8,4,12,72
11/28/2012,TWF,ID,ANM,WE,Combination Non-Radar Approach Control & Tower w/o Radar,0,17,8,9,34,0,7,20,8,35,0,24,28,17,69,18,26,44,113
11/29/2012,TWF,ID,ANM,WE,Combination Non-Radar Approach Control & Tower w/o Radar,0,18,6,0,24,0,2,8,0,10,0,20,14,0,34,0,0,0,34
11/30/2012,TWF,ID,ANM,WE,Combination Non-Radar Approach Control & Tower w/o Radar,0,24,11,0,35,0,1,0,0,1,0,25,11,0,36,0,0,0,36
12/01/2012,TWF,ID,ANM,WE,Combination Non-Radar Approach Control & Tower w/o Radar,0,10,5,0,15,0,1,3,0,4,0,11,8,0,19,0,0,0,19
12/02/2012,TWF,ID,ANM,WE,Combination Non-Radar Approach Control & Tower w/o Radar,0,24,3,0,27,0,2,2,0,4,0,26,5,0,31,0,0,0,31
12/03/2012,TWF,ID,ANM,WE,Combination Non-Radar Approach Control & Tower w/o Radar,0,16,9,2,27,0,4,17,4,25,0,20,26,6,52,50,4,54,106
12/04/2012,TWF,ID,ANM,WE,Combination Non-Radar Approach Control & Tower w/o Radar,0,28,2,2,32,0,0,2,2,4,0,28,4,4,36,0,30,30,66
12/05/2012,TWF,ID,ANM,WE,Combination Non-Radar Approach Control & Tower w/o Radar,0,27,11,0,38,0,0,8,0,8,0,27,19,0,46,8,0,8,54
12/06/2012,TWF,ID,ANM,WE,Combination Non-Radar Approach Control & Tower w/o Radar,0,14,5,1,20,0,0,18,1,19,0,14,23,2,39,0,0,0,39
12/07/2012,TWF,ID,ANM,WE,Combination Non-Radar Approach Control & Tower w/o Radar,0,19,13,1,33,0,2,28,2,32,0,21,41,3,65,30,0,30,95
12/08/2012,TWF,ID,ANM,WE,Combination Non-Radar Approach Control & Tower w/o Radar,0,12,6,0,18,0,1,2,0,3,0,13,8,0,21,0,0,0,21
12/09/2012,TWF,ID,ANM,WE,Combination Non-Radar Approach Control & Tower w/o Radar,0,6,6,0,12,0,0,9,0,9,0,6,15,0,21,6,0,6,27
12/10/2012,TWF,ID,ANM,WE,Combination Non-Radar Approach Control & Tower w/o Radar,0,15,5,1,21,0,1,3,1,5,0,16,8,2,26,0,10,10,36
12/11/2012,TWF,ID,ANM,WE,Combination Non-Radar Approach Control & Tower w/o Radar,0,18,6,1,25,0,0,12,2,14,0,18,18,3,39,38,12,50,89
12/12/2012,TWF,ID,ANM,WE,Combination Non-Radar Approach Control & Tower w/o Radar,0,25,5,2,32,0,0,26,2,28,0,25,31,4,60,42,8,50,110
12/13/2012,TWF,ID,ANM,WE,Combination Non-Radar Approach Control & Tower w/o Radar,0,17,4,2,23,0,0,7,0,7,0,17,11,2,30,2,0,2,32
12/14/2012,TWF,ID,ANM,WE,Combination Non-Radar Approach Control & Tower w/o Radar,0,42,14,0,56,0,3,6,0,9,0,45,20,0,65,2,0,2,67
12/15/2012,TWF,ID,ANM,WE,Combination Non-Radar Approach Control & Tower w/o Radar,0,18,5,0,23,0,2,13,0,15,0,20,18,0,38,28,0,28,66
12/16/2012,TWF,ID,ANM,WE,Combination Non-Radar Approach Control & Tower w/o Radar,0,13,3,0,16,0,0,0,0,0,0,13,3,0,16,0,0,0,16
12/17/2012,TWF,ID,ANM,WE,Combination Non-Radar Approach Control & Tower w/o Radar,0,34,15,5,54,0,1,0,6,7,0,35,15,11,61,0,18,18,79
12/18/2012,TWF,ID,ANM,WE,Combination Non-Radar Approach Control & Tower w/o Radar,0,18,2,6,26,0,2,15,2,19,0,20,17,8,45,22,14,36,81
12/19/2012,TWF,ID,ANM,WE,Combination Non-Radar Approach Control & Tower w/o Radar,0,18,3,1,22,0,2,23,2,27,0,20,26,3,49,54,0,54,103
12/20/2012,TWF,ID,ANM,WE,Combination Non-Radar Approach Control & Tower w/o Radar,0,20,0,4,24,0,1,15,1,17,0,21,15,5,41,12,0,12,53
12/21/2012,TWF,ID,ANM,WE,Combination Non-Radar Approach Control & Tower w/o Radar,0,17,8,0,25,0,2,25,0,27,0,19,33,0,52,40,0,40,92
12/22/2012,TWF,ID,ANM,WE,Combination Non-Radar Approach Control & Tower w/o Radar,0,24,6,0,30,0,4,12,0,16,0,28,18,0,46,6,0,6,52
12/23/2012,TWF,ID,ANM,WE,Combination Non-Radar Approach Control & Tower w/o Radar,0,19,6,0,25,0,1,2,0,3,0,20,8,0,28,0,0,0,28
12/24/2012,TWF,ID,ANM,WE,Combination Non-Radar Approach Control & Tower w/o Radar,0,19,2,0,21,0,3,0,0,3,0,22,2,0,24,0,0,0,24
12/25/2012,TWF,ID,ANM,WE,Combination Non-Radar Approach Control & Tower w/o Radar,0,9,1,0,10,0,0,2,0,2,0,9,3,0,12,0,0,0,12
12/26/2012,TWF,ID,ANM,WE,Combination Non-Radar Approach Control & Tower w/o Radar,0,41,26,0,67,0,2,0,0,2,0,43,26,0,69,0,0,0,69
12/27/2012,TWF,ID,ANM,WE,Combination Non-Radar Approach Control & Tower w/o Radar,0,30,15,0,45,0,0,2,0,2,0,30,17,0,47,0,0,0,47
12/28/2012,TWF,ID,ANM,WE,Combination Non-Radar Approach Control & Tower w/o Radar,0,23,5,0,28,0,6,30,0,36,0,29,35,0,64,28,0,28,92
12/29/2012,TWF,ID,ANM,WE,Combination Non-Radar Approach Control & Tower w/o Radar,0,8,1,0,9,0,2,24,0,26,0,10,25,0,35,26,0,26,61
12/30/2012,TWF,ID,ANM,WE,Combination Non-Radar Approach Control & Tower w/o Radar,0,6,5,2,13,0,0,0,0,0,0,6,5,2,13,0,0,0,13
12/31/2012,TWF,ID,ANM,WE,Combination Non-Radar Approach Control & Tower w/o Radar,0,44,19,0,63,0,0,0,0,0,0,44,19,0,63,0,0,0,63
01/01/2013,TWF,ID,ANM,WE,Combination Non-Radar Approach Control & Tower w/o Radar,0,13,7,0,20,0,0,16,0,16,0,13,23,0,36,8,0,8,44
01/02/2013,TWF,ID,ANM,WE,Combination Non-Radar Approach Control & Tower w/o Radar,0,20,7,2,29,0,2,7,0,9,0,22,14,2,38,0,0,0,38
01/03/2013,TWF,ID,ANM,WE,Combination Non-Radar Approach Control & Tower w/o Radar,0,17,6,0,23,0,4,15,0,19,0,21,21,0,42,26,0,26,68
01/04/2013,TWF,ID,ANM,WE,Combination Non-Radar Approach Control & Tower w/o Radar,0,16,7,0,23,0,5,12,0,17,0,21,19,0,40,26,0,26,66
01/05/2013,TWF,ID,ANM,WE,Combination Non-Radar Approach Control & Tower w/o Radar,0,13,7,0,20,0,4,22,0,26,0,17,29,0,46,12,0,12,58
01/06/2013,TWF,ID,ANM,WE,Combination Non-Radar Approach Control & Tower w/o Radar,0,5,6,0,11,0,0,20,8,28,0,5,26,8,39,22,0,22,61
01/07/2013,TWF,ID,ANM,WE,Combination Non-Radar Approach Control & Tower w/o Radar,0,20,9,0,29,0,1,2,0,3,0,21,11,0,32,10,0,10,42
01/08/2013,TWF,ID,ANM,WE,Combination Non-Radar Approach Control & Tower w/o Radar,0,24,7,1,32,0,2,12,1,15,0,26,19,2,47,34,20,54,101
01/09/2013,TWF,ID,ANM,WE,Combination Non-Radar Approach Control & Tower w/o Radar,0,19,15,0,34,0,4,18,0,22,0,23,33,0,56,22,0,22,78
01/10/2013,TWF,ID,ANM,WE,Combination Non-Radar Approach Control & Tower w/o Radar,0,30,14,0,44,0,0,1,0,1,0,30,15,0,45,0,0,0,45
01/11/2013,TWF,ID,ANM,WE,Combination Non-Radar Approach Control & Tower w/o Radar,0,28,3,0,31,0,0,0,0,0,0,28,3,0,31,0,0,0,31
01/12/2013,TWF,ID,ANM,WE,Combination Non-Radar Approach Control & Tower w/o Radar,0,14,4,0,18,0,2,11,8,21,0,16,15,8,39,6,0,6,45
01/13/2013,TWF,ID,ANM,WE,Combination Non-Radar Approach Control & Tower w/o Radar,0,10,7,0,17,0,0,7,0,7,0,10,14,0,24,8,0,8,32
01/14/2013,TWF,ID,ANM,WE,Combination Non-Radar Approach Control & Tower w/o Radar,0,23,1,0,24,0,0,2,0,2,0,23,3,0,26,0,0,0,26
01/15/2013,TWF,ID,ANM,WE,Combination Non-Radar Approach Control & Tower w/o Radar,0,19,0,0,19,0,1,2,0,3,0,20,2,0,22,16,0,16,38
01/16/2013,TWF,ID,ANM,WE,Combination Non-Radar Approach Control & Tower w/o Radar,0,19,3,2,24,0,4,16,2,22,0,23,19,4,46,32,16,48,94
01/17/2013,TWF,ID,ANM,WE,Combination Non-Radar Approach Control & Tower w/o Radar,0,7,6,0,13,0,1,12,0,13,0,8,18,0,26,18,0,18,44
01/18/2013,TWF,ID,ANM,WE,Combination Non-Radar Approach Control & Tower w/o Radar,2,18,6,0,26,0,2,16,0,18,2,20,22,0,44,16,0,16,60
01/19/2013,TWF,ID,ANM,WE,Combination Non-Radar Approach Control & Tower w/o Radar,0,10,0,0,10,0,2,18,0,20,0,12,18,0,30,76,0,76,106
01/20/2013,TWF,ID,ANM,WE,Combination Non-Radar Approach Control & Tower w/o Radar,0,7,3,4,14,0,0,6,4,10,0,7,9,8,24,20,0,20,44
01/21/2013,TWF,ID,ANM,WE,Combination Non-Radar Approach Control & Tower w/o Radar,0,10,9,2,21,0,2,22,0,24,0,12,31,2,45,12,0,12,57
01/22/2013,TWF,ID,ANM,WE,Combination Non-Radar Approach Control & Tower w/o Radar,0,22,2,1,25,0,2,14,1,17,0,24,16,2,42,58,0,58,100
01/23/2013,TWF,ID,ANM,WE,Combination Non-Radar Approach Control & Tower w/o Radar,0,22,3,0,25,0,1,9,0,10,0,23,12,0,35,6,0,6,41
01/24/2013,TWF,ID,ANM,WE,Combination Non-Radar Approach Control & Tower w/o Radar,10,30,15,0,55,0,0,3,0,3,10,30,18,0,58,0,0,0,58
01/25/2013,TWF,ID,ANM,WE,Combination Non-Radar Approach Control & Tower w/o Radar,0,22,4,4,30,0,3,13,0,16,0,25,17,4,46,12,0,12,58
01/26/2013,TWF,ID,ANM,WE,Combination Non-Radar Approach Control & Tower w/o Radar,4,29,6,0,39,0,1,18,0,19,4,30,24,0,58,16,0,16,74
01/27/2013,TWF,ID,ANM,WE,Combination Non-Radar Approach Control & Tower w/o Radar,2,36,17,0,55,0,0,3,0,3,2,36,20,0,58,0,0,0,58
01/28/2013,TWF,ID,ANM,WE,Combination Non-Radar Approach Control & Tower w/o Radar,0,16,7,0,23,0,1,10,0,11,0,17,17,0,34,6,0,6,40
01/29/2013,TWF,ID,ANM,WE,Combination Non-Radar Approach Control & Tower w/o Radar,0,19,6,0,25,0,5,5,0,10,0,24,11,0,35,2,0,2,37
01/30/2013,TWF,ID,ANM,WE,Combination Non-Radar Approach Control & Tower w/o Radar,0,18,7,0,25,0,2,11,0,13,0,20,18,0,38,0,0,0,38
01/31/2013,TWF,ID,ANM,WE,Combination Non-Radar Approach Control & Tower w/o Radar,0,15,5,2,22,0,1,29,1,31,0,16,34,3,53,30,22,52,105
02/01/2013,TWF,ID,ANM,WE,Combination Non-Radar Approach Control & Tower w/o Radar,0,16,2,1,19,0,3,21,1,25,0,19,23,2,44,30,0,30,74
02/02/2013,TWF,ID,ANM,WE,Combination Non-Radar Approach Control & Tower w/o Radar,1,8,7,0,16,0,5,32,0,37,1,13,39,0,53,64,0,64,117
02/03/2013,TWF,ID,ANM,WE,Combination Non-Radar Approach Control & Tower w/o Radar,1,7,4,1,13,0,0,0,0,0,1,7,4,1,13,0,0,0,13
02/04/2013,TWF,ID,ANM,WE,Combination Non-Radar Approach Control & Tower w/o Radar,0,17,5,0,22,0,5,11,0,16,0,22,16,0,38,10,0,10,48
02/05/2013,TWF,ID,ANM,WE,Combination Non-Radar Approach Control & Tower w/o Radar,0,18,8,0,26,0,4,24,1,29,0,22,32,1,55,0,0,0,55
02/06/2013,TWF,ID,ANM,WE,Combination Non-Radar Approach Control & Tower w/o Radar,0,24,3,9,36,0,2,25,28,55,0,26,28,37,91,56,2,58,149
02/07/2013,TWF,ID,ANM,WE,Combination Non-Radar Approach Control & Tower w/o Radar,0,24,4,1,29,0,2,25,1,28,0,26,29,2,57,24,14,38,95
02/08/2013,TWF,ID,ANM,WE,Combination Non-Radar Approach Control & Tower w/o Radar,0,16,8,0,24,0,0,0,0,0,0,16,8,0,24,0,0,0,24
02/09/2013,TWF,ID,ANM,WE,Combination Non-Radar Approach Control & Tower w/o Radar,0,9,2,0,11,0,2,12,0,14,0,11,14,0,25,14,0,14,39
02/10/2013,TWF,ID,ANM,WE,Combination Non-Radar Approach Control & Tower w/o Radar,0,5,10,2,17,0,0,6,0,6,0,5,16,2,23,14,6,20,43
02/11/2013,TWF,ID,ANM,WE,Combination Non-Radar Approach Control & Tower w/o Radar,0,17,9,2,28,0,4,24,2,30,0,21,33,4,58,14,10,24,82
02/12/2013,TWF,ID,ANM,WE,Combination Non-Radar Approach Control & Tower w/o Radar,0,19,1,4,24,0,1,13,4,18,0,20,14,8,42,0,14,14,56
02/13/2013,TWF,ID,ANM,WE,Combination Non-Radar Approach Control & Tower w/o Radar,1,33,1,0,35,0,14,9,0,23,1,47,10,0,58,38,0,38,96
02/14/2013,TWF,ID,ANM,WE,Combination Non-Radar Approach Control & Tower w/o Radar,0,15,2,2,19,0,3,6,2,11,0,18,8,4,30,0,22,22,52
02/15/2013,TWF,ID,ANM,WE,Combination Non-Radar Approach Control & Tower w/o Radar,0,14,4,2,20,0,3,41,1,45,0,17,45,3,65,26,2,28,93
02/16/2013,TWF,ID,ANM,WE,Combination Non-Radar Approach Control & Tower w/o Radar,0,8,9,0,17,0,3,34,0,37,0,11,43,0,54,0,0,0,54
02/17/2013,TWF,ID,ANM,WE,Combination Non-Radar Approach Control & Tower w/o Radar,0,9,1,0,10,0,0,4,0,4,0,9,5,0,14,0,0,0,14
02/18/2013,TWF,ID,ANM,WE,Combination Non-Radar Approach Control & Tower w/o Radar,0,10,6,0,16,0,2,28,0,30,0,12,34,0,46,8,0,8,54
02/19/2013,TWF,ID,ANM,WE,Combination Non-Radar Approach Control & Tower w/o Radar,0,28,14,1,43,0,7,9,1,17,0,35,23,2,60,0,0,0,60
02/20/2013,TWF,ID,ANM,WE,Combination Non-Radar Approach Control & Tower w/o Radar,0,24,6,0,30,0,4,3,0,7,0,28,9,0,37,0,0,0,37
02/21/2013,TWF,ID,ANM,WE,Combination Non-Radar Approach Control & Tower w/o Radar,0,22,6,4,32,0,9,13,4,26,0,31,19,8,58,24,14,38,96
02/22/2013,TWF,ID,ANM,WE,Combination Non-Radar Approach Control & Tower w/o Radar,0,13,3,0,16,0,2,8,0,10,0,15,11,0,26,12,0,12,38
02/23/2013,TWF,ID,ANM,WE,Combination Non-Radar Approach Control & Tower w/o Radar,2,19,1,0,22,0,4,0,0,4,2,23,1,0,26,0,0,0,26
02/24/2013,TWF,ID,ANM,WE,Combination Non-Radar Approach Control & Tower w/o Radar,0,13,3,0,16,0,0,6,0,6,0,13,9,0,22,0,0,0,22
02/25/2013,TWF,ID,ANM,WE,Combination Non-Radar Approach Control & Tower w/o Radar,0,25,2,1,28,0,5,5,1,11,0,30,7,2,39,12,0,12,51
02/26/2013,TWF,ID,ANM,WE,Combination Non-Radar Approach Control & Tower w/o Radar,0,8,2,0,10,0,4,4,4,12,0,12,6,4,22,32,0,32,54
02/27/2013,TWF,ID,ANM,WE,Combination Non-Radar Approach Control & Tower w/o Radar,0,16,3,0,19,0,3,46,0,49,0,19,49,0,68,78,0,78,146
02/28/2013,TWF,ID,ANM,WE,Combination Non-Radar Approach Control & Tower w/o Radar,0,16,6,0,22,0,2,42,0,44,0,18,48,0,66,20,0,20,86
03/01/2013,TWF,ID,ANM,WE,Combination Non-Radar Approach Control & Tower w/o Radar,0,18,11,0,29,0,3,16,0,19,0,21,27,0,48,16,0,16,64
03/02/2013,TWF,ID,ANM,WE,Combination Non-Radar Approach Control & Tower w/o Radar,0,9,2,0,11,0,8,43,2,53,0,17,45,2,64,28,0,28,92
03/03/2013,TWF,ID,ANM,WE,Combination Non-Radar Approach Control & Tower w/o Radar,0,6,1,0,7,0,0,4,0,4,0,6,5,0,11,30,0,30,41
03/04/2013,TWF,ID,ANM,WE,Combination Non-Radar Approach Control & Tower w/o Radar,1,14,6,0,21,0,8,30,2,40,1,22,36,2,61,2,0,2,63
03/05/2013,TWF,ID,ANM,WE,Combination Non-Radar Approach Control & Tower w/o Radar,0,20,1,0,21,0,4,22,0,26,0,24,23,0,47,0,0,0,47
03/06/2013,TWF,ID,ANM,WE,Combination Non-Radar Approach Control & Tower w/o Radar,0,25,7,0,32,0,4,5,0,9,0,29,12,0,41,0,0,0,41
03/07/2013,TWF,ID,ANM,WE,Combination Non-Radar Approach Control & Tower w/o Radar,0,19,5,5,29,0,3,19,5,27,0,22,24,10,56,14,16,30,86
03/08/2013,TWF,ID,ANM,WE,Combination Non-Radar Approach Control & Tower w/o Radar,0,22,7,0,29,0,1,7,0,8,0,23,14,0,37,0,0,0,37
03/09/2013,TWF,ID,ANM,WE,Combination Non-Radar Approach Control & Tower w/o Radar,0,10,9,0,19,0,5,13,0,18,0,15,22,0,37,10,0,10,47
03/10/2013,TWF,ID,ANM,WE,Combination Non-Radar Approach Control & Tower w/o Radar,0,5,4,0,9,0,0,27,0,27,0,5,31,0,36,16,0,16,52
03/11/2013,TWF,ID,ANM,WE,Combination Non-Radar Approach Control & Tower w/o Radar,0,17,2,4,23,0,5,12,2,19,0,22,14,6,42,0,0,0,42
03/12/2013,TWF,ID,ANM,WE,Combination Non-Radar Approach Control & Tower w/o Radar,0,16,7,4,27,0,3,44,0,47,0,19,51,4,74,40,0,40,114
03/13/2013,TWF,ID,ANM,WE,Combination Non-Radar Approach Control & Tower w/o Radar,0,16,7,7,30,0,3,43,8,54,0,19,50,15,84,30,24,54,138
03/14/2013,TWF,ID,ANM,WE,Combination Non-Radar Approach Control & Tower w/o Radar,0,15,8,2,25,0,5,23,0,28,0,20,31,2,53,22,0,22,75
03/15/2013,TWF,ID,ANM,WE,Combination Non-Radar Approach Control & Tower w/o Radar,0,12,5,0,17,0,6,34,0,40,0,18,39,0,57,0,0,0,57
03/16/2013,TWF,ID,ANM,WE,Combination Non-Radar Approach Control & Tower w/o Radar,0,6,12,0,18,0,3,16,0,19,0,9,28,0,37,18,0,18,55
03/17/2013,TWF,ID,ANM,WE,Combination Non-Radar Approach Control & Tower w/o Radar,0,10,6,0,16,0,0,5,0,5,0,10,11,0,21,0,0,0,21
03/18/2013,TWF,ID,ANM,WE,Combination Non-Radar Approach Control & Tower w/o Radar,0,10,6,1,17,0,4,23,1,28,0,14,29,2,45,6,0,6,51
03/19/2013,TWF,ID,ANM,WE,Combination Non-Radar Approach Control & Tower w/o Radar,0,17,5,0,22,0,3,25,0,28,0,20,30,0,50,18,0,18,68
03/20/2013,TWF,ID,ANM,WE,Combination Non-Radar Approach Control & Tower w/o Radar,0,30,2,0,32,0,0,6,0,6,0,30,8,0,38,86,0,86,124
03/21/2013,TWF,ID,ANM,WE,Combination Non-Radar Approach Control & Tower w/o Radar,0,25,3,0,28,0,3,11,0,14,0,28,14,0,42,2,0,2,44
03/22/2013,TWF,ID,ANM,WE,Combination Non-Radar Approach Control & Tower w/o Radar,0,22,10,1,33,0,2,1,2,5,0,24,11,3,38,4,0,4,42
03/23/2013,TWF,ID,ANM,WE,Combination Non-Radar Approach Control & Tower w/o Radar,0,12,4,0,16,0,3,12,0,15,0,15,16,0,31,0,0,0,31
03/24/2013,TWF,ID,ANM,WE,Combination Non-Radar Approach Control & Tower w/o Radar,0,5,8,0,13,0,0,33,0,33,0,5,41,0,46,10,0,10,56
03/25/2013,TWF,ID,ANM,WE,Combination Non-Radar Approach Control & Tower w/o Radar,0,19,3,2,24,0,3,30,0,33,0,22,33,2,57,94,0,94,151
03/26/2013,TWF,ID,ANM,WE,Combination Non-Radar Approach Control & Tower w/o Radar,0,23,3,0,26,0,2,30,0,32,0,25,33,0,58,74,0,74,132
03/27/2013,TWF,ID,ANM,WE,Combination Non-Radar Approach Control & Tower w/o Radar,0,8,1,0,9,0,3,33,1,37,0,11,34,1,46,58,0,58,104
03/28/2013,TWF,ID,ANM,WE,Combination Non-Radar Approach Control & Tower w/o Radar,0,15,7,0,22,0,0,22,0,22,0,15,29,0,44,0,0,0,44
03/29/2013,TWF,ID,ANM,WE,Combination Non-Radar Approach Control & Tower w/o Radar,0,18,7,0,25,0,3,41,0,44,0,21,48,0,69,0,0,0,69
03/30/2013,TWF,ID,ANM,WE,Combination Non-Radar Approach Control & Tower w/o Radar,0,6,3,0,9,0,2,50,1,53,0,8,53,1,62,28,0,28,90
03/31/2013,TWF,ID,ANM,WE,Combination Non-Radar Approach Control & Tower w/o Radar,0,7,4,2,13,0,0,11,0,11,0,7,15,2,24,0,0,0,24
04/01/2013,TWF,ID,ANM,WE,Combination Non-Radar Approach Control & Tower w/o Radar,0,17,7,1,25,0,2,7,0,9,0,19,14,1,34,0,0,0,34
04/02/2013,TWF,ID,ANM,WE,Combination Non-Radar Approach Control & Tower w/o Radar,0,16,1,0,17,0,3,24,0,27,0,19,25,0,44,18,0,18,62
04/03/2013,TWF,ID,ANM,WE,Combination Non-Radar Approach Control & Tower w/o Radar,0,16,4,2,22,0,3,28,3,34,0,19,32,5,56,72,2,74,130
04/04/2013,TWF,ID,ANM,WE,Combination Non-Radar Approach Control & Tower w/o Radar,0,17,5,6,28,0,3,16,1,20,0,20,21,7,48,82,10,92,140
04/05/2013,TWF,ID,ANM,WE,Combination Non-Radar Approach Control & Tower w/o Radar,0,21,3,0,24,0,2,20,2,24,0,23,23,2,48,76,0,76,124
04/06/2013,TWF,ID,ANM,WE,Combination Non-Radar Approach Control & Tower w/o Radar,0,7,5,0,12,0,2,9,0,11,0,9,14,0,23,8,0,8,31
04/07/2013,TWF,ID,ANM,WE,Combination Non-Radar Approach Control & Tower w/o Radar,0,15,4,0,19,0,0,4,0,4,0,15,8,0,23,0,0,0,23
04/08/2013,TWF,ID,ANM,WE,Combination Non-Radar Approach Control & Tower w/o Radar,0,24,0,0,24,0,3,2,0,5,0,27,2,0,29,6,0,6,35
04/09/2013,TWF,ID,ANM,WE,Combination Non-Radar Approach Control & Tower w/o Radar,0,17,3,0,20,0,4,25,0,29,0,21,28,0,49,44,0,44,93
04/10/2013,TWF,ID,ANM,WE,Combination Non-Radar Approach Control & Tower w/o Radar,0,16,4,0,20,0,4,21,0,25,0,20,25,0,45,28,0,28,73
04/11/2013,TWF,ID,ANM,WE,Combination Non-Radar Approach Control & Tower w/o Radar,0,17,3,1,21,0,3,9,1,13,0,20,12,2,34,20,22,42,76
04/12/2013,TWF,ID,ANM,WE,Combination Non-Radar Approach Control & Tower w/o Radar,0,16,6,0,22,0,6,37,0,43,0,22,43,0,65,24,0,24,89
04/13/2013,TWF,ID,ANM,WE,Combination Non-Radar Approach Control & Tower w/o Radar,0,10,1,0,11,0,2,9,0,11,0,12,10,0,22,16,0,16,38
04/14/2013,TWF,ID,ANM,WE,Combination Non-Radar Approach Control & Tower w/o Radar,0,5,4,0,9,0,0,5,0,5,0,5,9,0,14,2,0,2,16
04/15/2013,TWF,ID,ANM,WE,Combination Non-Radar Approach Control & Tower w/o Radar,0,20,3,3,26,0,3,42,0,45,0,23,45,3,71,8,0,8,79
04/16/2013,TWF,ID,ANM,WE,Combination Non-Radar Approach Control & Tower w/o Radar,0,10,3,0,13,0,3,6,0,9,0,13,9,0,22,0,0,0,22
04/17/2013,TWF,ID,ANM,WE,Combination Non-Radar Approach Control & Tower w/o Radar,0,18,15,3,36,0,3,63,3,69,0,21,78,6,105,6,16,22,127
04/18/2013,TWF,ID,ANM,WE,Combination Non-Radar Approach Control & Tower w/o Radar,0,11,19,6,36,0,5,49,6,60,0,16,68,12,96,20,36,56,152
04/19/2013,TWF,ID,ANM,WE,Combination Non-Radar Approach Control & Tower w/o Radar,0,16,8,2,26,0,2,24,0,26,0,18,32,2,52,6,0,6,58
04/20/2013,TWF,ID,ANM,WE,Combination Non-Radar Approach Control & Tower w/o Radar,0,9,6,0,15,0,7,22,0,29,0,16,28,0,44,14,0,14,58
04/21/2013,TWF,ID,ANM,WE,Combination Non-Radar Approach Control & Tower w/o Radar,0,5,1,0,6,0,0,13,0,13,0,5,14,0,19,0,0,0,19
04/22/2013,TWF,ID,ANM,WE,Combination Non-Radar Approach Control & Tower w/o Radar,0,16,6,0,22,0,3,8,0,11,0,19,14,0,33,0,0,0,33
04/23/2013,TWF,ID,ANM,WE,Combination Non-Radar Approach Control & Tower w/o Radar,0,15,6,0,21,0,2,29,0,31,0,17,35,0,52,35,0,35,87
04/24/2013,TWF,ID,ANM,WE,Combination Non-Radar Approach Control & Tower w/o Radar,0,17,1,0,18,0,3,24,0,27,0,20,25,0,45,30,0,30,75
04/25/2013,TWF,ID,ANM,WE,Combination Non-Radar Approach Control & Tower w/o Radar,0,15,8,2,25,0,3,30,2,35,0,18,38,4,60,22,12,34,94
04/26/2013,TWF,ID,ANM,WE,Combination Non-Radar Approach Control & Tower w/o Radar,0,14,1,0,15,0,4,27,0,31,0,18,28,0,46,38,0,38,84
04/27/2013,TWF,ID,ANM,WE,Combination Non-Radar Approach Control & Tower w/o Radar,0,8,4,0,12,0,4,36,0,40,0,12,40,0,52,16,0,16,68
04/28/2013,TWF,ID,ANM,WE,Combination Non-Radar Approach Control & Tower w/o Radar,0,6,4,0,10,0,0,18,0,18,0,6,22,0,28,8,0,8,36
04/29/2013,TWF,ID,ANM,WE,Combination Non-Radar Approach Control & Tower w/o Radar,0,12,5,0,17,0,6,14,0,20,0,18,19,0,37,0,0,0,37
04/30/2013,TWF,ID,ANM,WE,Combination Non-Radar Approach Control & Tower w/o Radar,0,21,4,0,25,0,24,11,0,35,0,45,15,0,60,0,0,0,60
05/01/2013,TWF,ID,ANM,WE,Combination Non-Radar Approach Control & Tower w/o Radar,0,16,10,5,31,0,4,27,5,36,0,20,37,10,67,41,11,52,119
05/02/2013,TWF,ID,ANM,WE,Combination Non-Radar Approach Control & Tower w/o Radar,0,17,13,6,36,0,8,42,6,56,0,25,55,12,92,44,40,84,176
05/03/2013,TWF,ID,ANM,WE,Combination Non-Radar Approach Control & Tower w/o Radar,0,15,8,5,28,0,8,59,5,72,0,23,67,10,100,14,0,14,114
05/04/2013,TWF,ID,ANM,WE,Combination Non-Radar Approach Control & Tower w/o Radar,0,7,4,0,11,0,3,12,2,17,0,10,16,2,28,26,0,26,54
05/05/2013,TWF,ID,ANM,WE,Combination Non-Radar Approach Control & Tower w/o Radar,0,5,1,0,6,0,0,16,0,16,0,5,17,0,22,0,0,0,22
05/06/2013,TWF,ID,ANM,WE,Combination Non-Radar Approach Control & Tower w/o Radar,0,17,2,4,23,0,7,17,4,28,0,24,19,8,51,13,6,19,70
05/07/2013,TWF,ID,ANM,WE,Combination Non-Radar Approach Control & Tower w/o Radar,0,16,7,0,23,0,3,19,0,22,0,19,26,0,45,24,0,24,69
05/08/2013,TWF,ID,ANM,WE,Combination Non-Radar Approach Control & Tower w/o Radar,0,11,4,0,15,0,4,20,0,24,0,15,24,0,39,14,0,14,53
05/09/2013,TWF,ID,ANM,WE,Combination Non-Radar Approach Control & Tower w/o Radar,0,16,5,5,26,0,6,45,5,56,0,22,50,10,82,16,28,44,126
05/10/2013,TWF,ID,ANM,WE,Combination Non-Radar Approach Control & Tower w/o Radar,0,14,0,0,14,0,5,23,0,28,0,19,23,0,42,4,0,4,46
05/11/2013,TWF,ID,ANM,WE,Combination Non-Radar Approach Control & Tower w/o Radar,0,6,1,0,7,0,1,27,0,28,0,7,28,0,35,24,0,24,59
05/12/2013,TWF,ID,ANM,WE,Combination Non-Radar Approach Control & Tower w/o Radar,0,6,1,0,7,0,0,22,0,22,0,6,23,0,29,0,0,0,29
05/13/2013,TWF,ID,ANM,WE,Combination Non-Radar Approach Control & Tower w/o Radar,0,16,6,1,23,0,3,34,1,38,0,19,40,2,61,6,14,20,81
05/14/2013,TWF,ID,ANM,WE,Combination Non-Radar Approach Control & Tower w/o Radar,0,19,10,2,31,0,3,23,2,28,0,22,33,4,59,22,10,32,91
05/15/2013,TWF,ID,ANM,WE,Combination Non-Radar Approach Control & Tower w/o Radar,0,14,8,2,24,0,3,60,4,67,0,17,68,6,91,10,4,14,105
05/16/2013,TWF,ID,ANM,WE,Combination Non-Radar Approach Control & Tower w/o Radar,0,17,6,4,27,0,7,10,8,25,0,24,16,12,52,2,26,28,80
05/17/2013,TWF,ID,ANM,WE,Combination Non-Radar Approach Control & Tower w/o Radar,0,16,6,0,22,0,2,10,0,12,0,18,16,0,34,10,0,10,44
05/18/2013,TWF,ID,ANM,WE,Combination Non-Radar Approach Control & Tower w/o Radar,0,8,5,0,13,0,3,8,0,11,0,11,13,0,24,0,0,0,24
05/19/2013,TWF,ID,ANM,WE,Combination Non-Radar Approach Control & Tower w/o Radar,0,8,4,0,12,0,0,10,0,10,0,8,14,0,22,0,0,0,22
05/20/2013,TWF,ID,ANM,WE,Combination Non-Radar Approach Control & Tower w/o Radar,0,14,1,4,19,0,3,38,0,41,0,17,39,4,60,4,16,20,80
05/21/2013,TWF,ID,ANM,WE,Combination Non-Radar Approach Control & Tower w/o Radar,0,20,7,2,29,0,3,34,2,39,0,23,41,4,68,0,1,1,69
05/22/2013,TWF,ID,ANM,WE,Combination Non-Radar Approach Control & Tower w/o Radar,0,13,4,3,20,0,2,17,1,20,0,15,21,4,40,0,2,2,42
05/23/2013,TWF,ID,ANM,WE,Combination Non-Radar Approach Control & Tower w/o Radar,0,19,3,11,33,0,2,51,14,67,0,21,54,25,100,3,74,77,177
05/24/2013,TWF,ID,ANM,WE,Combination Non-Radar Approach Control & Tower w/o Radar,0,17,3,0,20,0,4,56,0,60,0,21,59,0,80,30,0,30,110
05/25/2013,TWF,ID,ANM,WE,Combination Non-Radar Approach Control & Tower w/o Radar,0,7,1,0,8,0,1,65,0,66,0,8,66,0,74,10,0,10,84
05/26/2013,TWF,ID,ANM,WE,Combination Non-Radar Approach Control & Tower w/o Radar,0,6,6,0,12,0,0,17,0,17,0,6,23,0,29,0,0,0,29
05/27/2013,TWF,ID,ANM,WE,Combination Non-Radar Approach Control & Tower w/o Radar,0,16,2,0,18,0,0,25,0,25,0,16,27,0,43,0,0,0,43
05/28/2013,TWF,ID,ANM,WE,Combination Non-Radar Approach Control & Tower w/o Radar,0,15,6,1,22,0,0,9,6,15,0,15,15,7,37,2,0,2,39
05/29/2013,TWF,ID,ANM,WE,Combination Non-Radar Approach Control & Tower w/o Radar,0,21,4,2,27,0,7,9,2,18,0,28,13,4,45,18,26,44,89
05/30/2013,TWF,ID,ANM,WE,Combination Non-Radar Approach Control & Tower w/o Radar,0,15,7,0,22,0,2,27,0,29,0,17,34,0,51,36,0,36,87
05/31/2013,TWF,ID,ANM,WE,Combination Non-Radar Approach Control & Tower w/o Radar,0,17,3,1,21,0,3,23,0,26,0,20,26,1,47,10,0,10,57
06/01/2013,TWF,ID,ANM,WE,Combination Non-Radar Approach Control & Tower w/o Radar,0,7,2,0,9,0,3,89,0,92,0,10,91,0,101,60,0,60,161
06/02/2013,TWF,ID,ANM,WE,Combination Non-Radar Approach Control & Tower w/o Radar,0,7,6,0,13,0,0,50,0,50,0,7,56,0,63,10,0,10,73
06/03/2013,TWF,ID,ANM,WE,Combination Non-Radar Approach Control & Tower w/o Radar,0,17,6,4,27,0,4,27,3,34,0,21,33,7,61,24,14,38,99
06/04/2013,TWF,ID,ANM,WE,Combination Non-Radar Approach Control & Tower w/o Radar,0,21,4,0,25,0,6,93,0,99,0,27,97,0,124,86,0,86,210
06/05/2013,TWF,ID,ANM,WE,Combination Non-Radar Approach Control & Tower w/o Radar,0,19,3,2,24,0,5,48,2,55,0,24,51,4,79,21,8,29,108
06/06/2013,TWF,ID,ANM,WE,Combination Non-Radar Approach Control & Tower w/o Radar,0,17,7,0,24,0,4,46,0,50,0,21,53,0,74,48,0,48,122
06/07/2013,TWF,ID,ANM,WE,Combination Non-Radar Approach Control & Tower w/o Radar,0,16,0,0,16,0,6,39,0,45,0,22,39,0,61,22,0,22,83
06/08/2013,TWF,ID,ANM,WE,Combination Non-Radar Approach Control & Tower w/o Radar,0,5,3,0,8,0,1,19,0,20,0,6,22,0,28,0,0,0,28
06/09/2013,TWF,ID,ANM,WE,Combination Non-Radar Approach Control & Tower w/o Radar,0,6,4,0,10,0,2,26,0,28,0,8,30,0,38,6,0,6,44
06/10/2013,TWF,ID,ANM,WE,Combination Non-Radar Approach Control & Tower w/o Radar,0,15,3,4,22,0,3,66,4,73,0,18,69,8,95,48,20,68,163
06/11/2013,TWF,ID,ANM,WE,Combination Non-Radar Approach Control & Tower w/o Radar,0,14,17,2,33,0,3,38,2,43,0,17,55,4,76,36,0,36,112
06/12/2013,TWF,ID,ANM,WE,Combination Non-Radar Approach Control & Tower w/o Radar,0,21,13,5,39,0,14,48,5,67,0,35,61,10,106,20,14,34,140
06/13/2013,TWF,ID,ANM,WE,Combination Non-Radar Approach Control & Tower w/o Radar,0,16,11,0,27,0,5,34,0,39,0,21,45,0,66,31,0,31,97
06/14/2013,TWF,ID,ANM,WE,Combination Non-Radar Approach Control & Tower w/o Radar,0,15,2,0,17,0,8,50,0,58,0,23,52,0,75,56,0,56,131
06/15/2013,TWF,ID,ANM,WE,Combination Non-Radar Approach Control & Tower w/o Radar,0,8,3,0,11,0,3,97,0,100,0,11,100,0,111,2,0,2,113
06/16/2013,TWF,ID,ANM,WE,Combination Non-Radar Approach Control & Tower w/o Radar,0,6,4,0,10,0,0,34,0,34,0,6,38,0,44,0,0,0,44
06/17/2013,TWF,ID,ANM,WE,Combination Non-Radar Approach Control & Tower w/o Radar,0,9,10,0,19,0,6,71,0,77,0,15,81,0,96,8,0,8,104
06/18/2013,TWF,ID,ANM,WE,Combination Non-Radar Approach Control & Tower w/o Radar,0,17,8,0,25,0,6,40,0,46,0,23,48,0,71,0,0,0,71
06/19/2013,TWF,ID,ANM,WE,Combination Non-Radar Approach Control & Tower w/o Radar,0,18,6,2,26,0,9,11,2,22,0,27,17,4,48,4,12,16,64
06/20/2013,TWF,ID,ANM,WE,Combination Non-Radar Approach Control & Tower w/o Radar,0,20,4,0,24,0,3,118,0,121,0,23,122,0,145,40,0,40,185
06/21/2013,TWF,ID,ANM,WE,Combination Non-Radar Approach Control & Tower w/o Radar,0,17,3,0,20,0,5,44,0,49,0,22,47,0,69,0,0,0,69
06/22/2013,TWF,ID,ANM,WE,Combination Non-Radar Approach Control & Tower w/o Radar,0,9,12,0,21,0,1,49,0,50,0,10,61,0,71,38,0,38,109
06/23/2013,TWF,ID,ANM,WE,Combination Non-Radar Approach Control & Tower w/o Radar,0,8,2,0,10,0,1,32,0,33,0,9,34,0,43,0,0,0,43
06/24/2013,TWF,ID,ANM,WE,Combination Non-Radar Approach Control & Tower w/o Radar,0,12,3,0,15,0,3,32,0,35,0,15,35,0,50,10,0,10,60
06/25/2013,TWF,ID,ANM,WE,Combination Non-Radar Approach Control & Tower w/o Radar,0,21,4,0,25,0,5,50,0,55,0,26,54,0,80,14,0,14,94
06/26/2013,TWF,ID,ANM,WE,Combination Non-Radar Approach Control & Tower w/o Radar,0,17,5,5,27,0,6,68,5,79,0,23,73,10,106,48,24,72,178
06/27/2013,TWF,ID,ANM,WE,Combination Non-Radar Approach Control & Tower w/o Radar,0,19,7,2,28,0,3,77,2,82,0,22,84,4,110,34,24,58,168
06/28/2013,TWF,ID,ANM,WE,Combination Non-Radar Approach Control & Tower w/o Radar,0,17,2,0,19,0,4,84,0,88,0,21,86,0,107,34,0,34,141
06/29/2013,TWF,ID,ANM,WE,Combination Non-Radar Approach Control & Tower w/o Radar,0,8,1,0,9,0,2,81,0,83,0,10,82,0,92,0,0,0,92
06/30/2013,TWF,ID,ANM,WE,Combination Non-Radar Approach Control & Tower w/o Radar,0,10,3,0,13,0,1,28,0,29,0,11,31,0,42,10,0,10,52
07/01/2013,TWF,ID,ANM,WE,Combination Non-Radar Approach Control & Tower w/o Radar,0,21,0,0,21,0,4,38,0,42,0,25,38,0,63,4,0,4,67
07/02/2013,TWF,ID,ANM,WE,Combination Non-Radar Approach Control & Tower w/o Radar,1,18,6,1,26,0,3,185,1,189,1,21,191,2,215,6,14,20,235
07/03/2013,TWF,ID,ANM,WE,Combination Non-Radar Approach Control & Tower w/o Radar,0,19,5,4,28,0,1,146,4,151,0,20,151,8,179,6,20,26,205
07/04/2013,TWF,ID,ANM,WE,Combination Non-Radar Approach Control & Tower w/o Radar,0,6,1,0,7,0,0,32,0,32,0,6,33,0,39,0,0,0,39
07/05/2013,TWF,ID,ANM,WE,Combination Non-Radar Approach Control & Tower w/o Radar,0,10,2,0,12,0,5,56,0,61,0,15,58,0,73,8,0,8,81
07/06/2013,TWF,ID,ANM,WE,Combination Non-Radar Approach Control & Tower w/o Radar,0,10,2,0,12,0,3,96,0,99,0,13,98,0,111,12,0,12,123
07/07/2013,TWF,ID,ANM,WE,Combination Non-Radar Approach Control & Tower w/o Radar,0,8,5,0,13,0,0,62,0,62,0,8,67,0,75,0,0,0,75
07/08/2013,TWF,ID,ANM,WE,Combination Non-Radar Approach Control & Tower w/o Radar,0,20,8,0,28,0,6,83,0,89,0,26,91,0,117,12,0,12,129
07/09/2013,TWF,ID,ANM,WE,Combination Non-Radar Approach Control & Tower w/o Radar,0,36,21,1,58,0,6,52,1,59,0,42,73,2,117,26,14,40,157
07/10/2013,TWF,ID,ANM,WE,Combination Non-Radar Approach Control & Tower w/o Radar,0,25,10,1,36,0,3,50,1,54,0,28,60,2,90,34,18,52,142
07/11/2013,TWF,ID,ANM,WE,Combination Non-Radar Approach Control & Tower w/o Radar,0,20,2,0,22,0,0,33,0,33,0,20,35,0,55,34,0,34,89
07/12/2013,TWF,ID,ANM,WE,Combination Non-Radar Approach Control & Tower w/o Radar,0,17,8,0,25,0,4,113,0,117,0,21,121,0,142,22,0,22,164
07/13/2013,TWF,ID,ANM,WE,Combination Non-Radar Approach Control & Tower w/o Radar,0,12,1,3,16,0,3,38,3,44,0,15,39,6,60,30,0,30,90
07/14/2013,TWF,ID,ANM,WE,Combination Non-Radar Approach Control & Tower w/o Radar,0,6,10,0,16,0,0,46,0,46,0,6,56,0,62,0,0,0,62
07/15/2013,TWF,ID,ANM,WE,Combination Non-Radar Approach Control & Tower w/o Radar,0,19,4,0,23,0,5,88,0,93,0,24,92,0,116,38,0,38,154
07/16/2013,TWF,ID,ANM,WE,Combination Non-Radar Approach Control & Tower w/o Radar,0,19,8,2,29,0,4,74,2,80,0,23,82,4,109,7,6,13,122
07/17/2013,TWF,ID,ANM,WE,Combination Non-Radar Approach Control & Tower w/o Radar,0,16,8,1,25,0,0,115,1,116,0,16,123,2,141,74,0,74,215
07/18/2013,TWF,ID,ANM,WE,Combination Non-Radar Approach Control & Tower w/o Radar,0,18,5,0,23,0,2,86,4,92,0,20,91,4,115,38,0,38,153
07/19/2013,TWF,ID,ANM,WE,Combination Non-Radar Approach Control & Tower w/o Radar,0,16,0,0,16,0,1,66,0,67,0,17,66,0,83,18,0,18,101
07/20/2013,TWF,ID,ANM,WE,Combination Non-Radar Approach Control & Tower w/o Radar,0,10,6,0,16,0,5,133,0,138,0,15,139,0,154,18,0,18,172
07/21/2013,TWF,ID,ANM,WE,Combination Non-Radar Approach Control & Tower w/o Radar,0,9,10,0,19,0,0,160,0,160,0,9,170,0,179,0,0,0,179
07/22/2013,TWF,ID,ANM,WE,Combination Non-Radar Approach Control & Tower w/o Radar,0,15,4,3,22,0,3,98,2,103,0,18,102,5,125,88,0,88,213
07/23/2013,TWF,ID,ANM,WE,Combination Non-Radar Approach Control & Tower w/o Radar,0,18,8,2,28,0,12,74,2,88,0,30,82,4,116,6,0,6,122
07/24/2013,TWF,ID,ANM,WE,Combination Non-Radar Approach Control & Tower w/o Radar,0,18,7,2,27,0,0,94,2,96,0,18,101,4,123,42,0,42,165
07/25/2013,TWF,ID,ANM,WE,Combination Non-Radar Approach Control & Tower w/o Radar,0,15,5,4,24,0,1,76,4,81,0,16,81,8,105,28,8,36,141
07/26/2013,TWF,ID,ANM,WE,Combination Non-Radar Approach Control & Tower w/o Radar,0,17,8,1,26,0,2,75,1,78,0,19,83,2,104,34,0,34,138
07/27/2013,TWF,ID,ANM,WE,Combination Non-Radar Approach Control & Tower w/o Radar,0,7,3,0,10,0,3,106,2,111,0,10,109,2,121,44,0,44,165
07/28/2013,TWF,ID,ANM,WE,Combination Non-Radar Approach Control & Tower w/o Radar,0,10,5,0,15,0,0,99,0,99,0,10,104,0,114,0,0,0,114
07/29/2013,TWF,ID,ANM,WE,Combination Non-Radar Approach Control & Tower w/o Radar,0,12,9,0,21,0,6,182,0,188,0,18,191,0,209,42,0,42,251
07/30/2013,TWF,ID,ANM,WE,Combination Non-Radar Approach Control & Tower w/o Radar,0,19,10,1,30,0,3,62,3,68,0,22,72,4,98,28,0,28,126
07/31/2013,TWF,ID,ANM,WE,Combination Non-Radar Approach Control & Tower w/o Radar,0,16,7,0,23,0,1,115,0,116,0,17,122,0,139,14,0,14,153
08/01/2013,TWF,ID,ANM,WE,Combination Non-Radar Approach Control & Tower w/o Radar,0,20,5,4,29,0,2,213,4,219,0,22,218,8,248,2,4,6,254
08/02/2013,TWF,ID,ANM,WE,Combination Non-Radar Approach Control & Tower w/o Radar,0,19,6,0,25,0,5,97,1,103,0,24,103,1,128,20,0,20,148
08/03/2013,TWF,ID,ANM,WE,Combination Non-Radar Approach Control & Tower w/o Radar,0,7,5,0,12,0,3,88,0,91,0,10,93,0,103,26,0,26,129
08/04/2013,TWF,ID,ANM,WE,Combination Non-Radar Approach Control & Tower w/o Radar,0,11,7,0,18,0,0,31,0,31,0,11,38,0,49,4,0,4,53
08/05/2013,TWF,ID,ANM,WE,Combination Non-Radar Approach Control & Tower w/o Radar,0,14,8,3,25,0,4,84,3,91,0,18,92,6,116,20,16,36,152
08/06/2013,TWF,ID,ANM,WE,Combination Non-Radar Approach Control & Tower w/o Radar,0,17,3,0,20,0,4,56,0,60,0,21,59,0,80,48,0,48,128
08/07/2013,TWF,ID,ANM,WE,Combination Non-Radar Approach Control & Tower w/o Radar,0,12,4,2,18,0,3,122,2,127,0,15,126,4,145,48,0,48,193
08/08/2013,TWF,ID,ANM,WE,Combination Non-Radar Approach Control & Tower w/o Radar,0,15,9,10,34,0,5,150,16,171,0,20,159,26,205,22,4,26,231
08/09/2013,TWF,ID,ANM,WE,Combination Non-Radar Approach Control & Tower w/o Radar,0,30,4,0,34,0,7,132,0,139,0,37,136,0,173,36,0,36,209
08/10/2013,TWF,ID,ANM,WE,Combination Non-Radar Approach Control & Tower w/o Radar,0,13,1,0,14,0,4,137,0,141,0,17,138,0,155,32,0,32,187
08/11/2013,TWF,ID,ANM,WE,Combination Non-Radar Approach Control & Tower w/o Radar,0,7,9,0,16,0,0,90,0,90,0,7,99,0,106,0,0,0,106
08/12/2013,TWF,ID,ANM,WE,Combination Non-Radar Approach Control & Tower w/o Radar,0,14,10,3,27,0,2,116,9,127,0,16,126,12,154,12,16,28,182
08/13/2013,TWF,ID,ANM,WE,Combination Non-Radar Approach Control & Tower w/o Radar,0,17,9,2,28,0,2,68,3,73,0,19,77,5,101,44,26,70,171
08/14/2013,TWF,ID,ANM,WE,Combination Non-Radar Approach Control & Tower w/o Radar,0,30,16,0,46,0,6,57,0,63,0,36,73,0,109,4,0,4,113
08/15/2013,TWF,ID,ANM,WE,Combination Non-Radar Approach Control & Tower w/o Radar,0,30,21,3,54,0,4,104,5,113,0,34,125,8,167,14,12,26,193
08/16/2013,TWF,ID,ANM,WE,Combination Non-Radar Approach Control & Tower w/o Radar,0,57,13,0,70,0,1,115,1,117,0,58,128,1,187,10,0,10,197
08/17/2013,TWF,ID,ANM,WE,Combination Non-Radar Approach Control & Tower w/o Radar,0,41,21,0,62,0,0,116,2,118,0,41,137,2,180,0,0,0,180
08/18/2013,TWF,ID,ANM,WE,Combination Non-Radar Approach Control & Tower w/o Radar,0,30,8,0,38,0,0,71,0,71,0,30,79,0,109,0,0,0,109
08/19/2013,TWF,ID,ANM,WE,Combination Non-Radar Approach Control & Tower w/o Radar,0,22,9,1,32,0,1,123,1,125,0,23,132,2,157,34,14,48,205
08/20/2013,TWF,ID,ANM,WE,Combination Non-Radar Approach Control & Tower w/o Radar,0,28,6,3,37,0,5,71,0,76,0,33,77,3,113,20,0,20,133
08/21/2013,TWF,ID,ANM,WE,Combination Non-Radar Approach Control & Tower w/o Radar,0,21,7,3,31,0,7,69,5,81,0,28,76,8,112,4,10,14,126
08/22/2013,TWF,ID,ANM,WE,Combination Non-Radar Approach Control & Tower w/o Radar,0,24,6,6,36,0,2,74,6,82,0,26,80,12,118,30,16,46,164
08/23/2013,TWF,ID,ANM,WE,Combination Non-Radar Approach Control & Tower w/o Radar,0,11,3,0,14,0,1,51,2,54,0,12,54,2,68,0,0,0,68
08/24/2013,TWF,ID,ANM,WE,Combination Non-Radar Approach Control & Tower w/o Radar,0,10,2,0,12,0,5,79,0,84,0,15,81,0,96,18,0,18,114
08/25/2013,TWF,ID,ANM,WE,Combination Non-Radar Approach Control & Tower w/o Radar,0,11,2,0,13,0,0,47,1,48,0,11,49,1,61,10,0,10,71
08/26/2013,TWF,ID,ANM,WE,Combination Non-Radar Approach Control & Tower w/o Radar,0,19,6,2,27,0,2,101,2,105,0,21,107,4,132,36,0,36,168
08/27/2013,TWF,ID,ANM,WE,Combination Non-Radar Approach Control & Tower w/o Radar,0,17,4,2,23,0,3,48,2,53,0,20,52,4,76,39,0,39,115
08/28/2013,TWF,ID,ANM,WE,Combination Non-Radar Approach Control & Tower w/o Radar,0,6,0,0,6,0,2,12,0,14,0,8,12,0,20,0,0,0,20
08/29/2013,TWF,ID,ANM,WE,Combination Non-Radar Approach Control & Tower w/o Radar,0,17,1,4,22,0,3,62,4,69,0,20,63,8,91,23,6,29,120
08/30/2013,TWF,ID,ANM,WE,Combination Non-Radar Approach Control & Tower w/o Radar,0,17,18,0,35,0,2,54,1,57,0,19,72,1,92,26,0,26,118
08/31/2013,TWF,ID,ANM,WE,Combination Non-Radar Approach Control & Tower w/o Radar,0,12,4,0,16,0,2,83,1,86,0,14,87,1,102,15,0,15,117
09/01/2013,TWF,ID,ANM,WE,Combination Non-Radar Approach Control & Tower w/o Radar,0,7,7,0,14,0,0,28,0,28,0,7,35,0,42,38,0,38,80
09/02/2013,TWF,ID,ANM,WE,Combination Non-Radar Approach Control & Tower w/o Radar,0,9,5,0,14,0,0,35,0,35,0,9,40,0,49,0,0,0,49
09/03/2013,TWF,ID,ANM,WE,Combination Non-Radar Approach Control & Tower w/o Radar,0,12,3,1,16,0,2,16,3,21,0,14,19,4,37,0,0,0,37
09/04/2013,TWF,ID,ANM,WE,Combination Non-Radar Approach Control & Tower w/o Radar,0,13,11,0,24,0,4,50,0,54,0,17,61,0,78,24,0,24,102
09/05/2013,TWF,ID,ANM,WE,Combination Non-Radar Approach Control & Tower w/o Radar,0,15,2,0,17,0,1,12,0,13,0,16,14,0,30,0,0,0,30
09/06/2013,TWF,ID,ANM,WE,Combination Non-Radar Approach Control & Tower w/o Radar,0,14,6,0,20,0,4,59,0,63,0,18,65,0,83,36,0,36,119
09/07/2013,TWF,ID,ANM,WE,Combination Non-Radar Approach Control & Tower w/o Radar,0,6,5,0,11,0,3,53,2,58,0,9,58,2,69,58,0,58,127
09/08/2013,TWF,ID,ANM,WE,Combination Non-Radar Approach Control & Tower w/o Radar,0,7,0,0,7,0,0,26,0,26,0,7,26,0,33,12,0,12,45
09/09/2013,TWF,ID,ANM,WE,Combination Non-Radar Approach Control & Tower w/o Radar,0,13,4,0,17,0,4,28,0,32,0,17,32,0,49,8,0,8,57
09/10/2013,TWF,ID,ANM,WE,Combination Non-Radar Approach Control & Tower w/o Radar,0,15,5,1,21,0,3,54,2,59,0,18,59,3,80,6,20,26,106
09/11/2013,TWF,ID,ANM,WE,Combination Non-Radar Approach Control & Tower w/o Radar,0,17,5,4,26,0,3,65,4,72,0,20,70,8,98,20,10,30,128
09/12/2013,TWF,ID,ANM,WE,Combination Non-Radar Approach Control & Tower w/o Radar,0,15,7,6,28,0,12,33,7,52,0,27,40,13,80,0,16,16,96
09/13/2013,TWF,ID,ANM,WE,Combination Non-Radar Approach Control & Tower w/o Radar,0,14,6,0,20,0,2,39,0,41,0,16,45,0,61,10,0,10,71
09/14/2013,TWF,ID,ANM,WE,Combination Non-Radar Approach Control & Tower w/o Radar,0,10,3,0,13,0,4,26,0,30,0,14,29,0,43,24,0,24,67
09/15/2013,TWF,ID,ANM,WE,Combination Non-Radar Approach Control & Tower w/o Radar,0,8,2,0,10,0,0,24,2,26,0,8,26,2,36,12,0,12,48
09/16/2013,TWF,ID,ANM,WE,Combination Non-Radar Approach Control & Tower w/o Radar,0,14,5,0,19,0,2,33,0,35,0,16,38,0,54,16,0,16,70
09/17/2013,TWF,ID,ANM,WE,Combination Non-Radar Approach Control & Tower w/o Radar,0,13,6,0,19,0,2,22,0,24,0,15,28,0,43,48,0,48,91
09/18/2013,TWF,ID,ANM,WE,Combination Non-Radar Approach Control & Tower w/o Radar,0,24,13,0,37,0,14,12,0,26,0,38,25,0,63,4,0,4,67
09/19/2013,TWF,ID,ANM,WE,Combination Non-Radar Approach Control & Tower w/o Radar,0,16,22,1,39,0,2,32,3,37,0,18,54,4,76,20,0,20,96
09/20/2013,TWF,ID,ANM,WE,Combination Non-Radar Approach Control & Tower w/o Radar,0,12,2,0,14,0,2,24,0,26,0,14,26,0,40,40,0,40,80
09/21/2013,TWF,ID,ANM,WE,Combination Non-Radar Approach Control & Tower w/o Radar,0,0,0,0,0,0,0,4,0,4,0,0,4,0,4,0,0,0,4
09/22/2013,TWF,ID,ANM,WE,Combination Non-Radar Approach Control & Tower w/o Radar,0,2,0,0,2,0,0,1,0,1,0,2,1,0,3,0,0,0,3
09/23/2013,TWF,ID,ANM,WE,Combination Non-Radar Approach Control & Tower w/o Radar,0,12,11,0,23,0,5,37,0,42,0,17,48,0,65,24,0,24,89
09/24/2013,TWF,ID,ANM,WE,Combination Non-Radar Approach Control & Tower w/o Radar,0,14,5,0,19,0,2,9,0,11,0,16,14,0,30,4,0,4,34
09/25/2013,TWF,ID,ANM,WE,Combination Non-Radar Approach Control & Tower w/o Radar,0,22,9,0,31,0,2,4,0,6,0,24,13,0,37,0,0,0,37
09/26/2013,TWF,ID,ANM,WE,Combination Non-Radar Approach Control & Tower w/o Radar,0,23,12,2,37,0,0,11,0,11,0,23,23,2,48,10,0,10,58
09/27/2013,TWF,ID,ANM,WE,Combination Non-Radar Approach Control & Tower w/o Radar,0,15,3,0,18,0,3,20,0,23,0,18,23,0,41,4,0,4,45
09/28/2013,TWF,ID,ANM,WE,Combination Non-Radar Approach Control & Tower w/o Radar,0,10,11,0,21,0,4,37,0,41,0,14,48,0,62,10,0,10,72
09/29/2013,TWF,ID,ANM,WE,Combination Non-Radar Approach Control & Tower w/o Radar,0,8,7,0,15,0,0,13,0,13,0,8,20,0,28,0,0,0,28
09/30/2013,TWF,ID,ANM,WE,Combination Non-Radar Approach Control & Tower w/o Radar,0,12,5,0,17,0,1,7,0,8,0,13,12,0,25,2,0,2,27
10/01/2013,TWF,ID,ANM,WE,Combination Non-Radar Approach Control & Tower w/o Radar,0,16,3,0,19,0,2,20,0,22,0,18,23,0,41,10,0,10,51
10/02/2013,TWF,ID,ANM,WE,Combination Non-Radar Approach Control & Tower w/o Radar,0,19,6,0,25,0,5,23,0,28,0,24,29,0,53,12,0,12,65
10/03/2013,TWF,ID,ANM,WE,Combination Non-Radar Approach Control & Tower w/o Radar,2,14,6,0,22,4,1,3,0,8,6,15,9,0,30,0,0,0,30
10/04/2013,TWF,ID,ANM,WE,Combination Non-Radar Approach Control & Tower w/o Radar,0,13,5,0,18,0,4,29,2,35,0,17,34,2,53,0,10,10,63
10/05/2013,TWF,ID,ANM,WE,Combination Non-Radar Approach Control & Tower w/o Radar,0,9,12,0,21,0,2,36,0,38,0,11,48,0,59,14,0,14,73
10/06/2013,TWF,ID,ANM,WE,Combination Non-Radar Approach Control & Tower w/o Radar,0,7,4,0,11,0,0,22,0,22,0,7,26,0,33,4,0,4,37
10/07/2013,TWF,ID,ANM,WE,Combination Non-Radar Approach Control & Tower w/o Radar,0,10,1,0,11,0,3,21,0,24,0,13,22,0,35,18,0,18,53
10/08/2013,TWF,ID,ANM,WE,Combination Non-Radar Approach Control & Tower w/o Radar,0,13,5,0,18,0,5,28,0,33,0,18,33,0,51,2,0,2,53
10/09/2013,TWF,ID,ANM,WE,Combination Non-Radar Approach Control & Tower w/o Radar,0,19,7,0,26,0,2,30,0,32,0,21,37,0,58,18,0,18,76
10/10/2013,TWF,ID,ANM,WE,Combination Non-Radar Approach Control & Tower w/o Radar,0,18,0,0,18,0,2,6,0,8,0,20,6,0,26,2,0,2,28
10/11/2013,TWF,ID,ANM,WE,Combination Non-Radar Approach Control & Tower w/o Radar,0,12,1,0,13,0,5,33,0,38,0,17,34,0,51,0,0,0,51
10/12/2013,TWF,ID,ANM,WE,Combination Non-Radar Approach Control & Tower w/o Radar,0,7,1,0,8,0,3,30,0,33,0,10,31,0,41,0,0,0,41
10/13/2013,TWF,ID,ANM,WE,Combination Non-Radar Approach Control & Tower w/o Radar,0,11,5,0,16,0,0,9,0,9,0,11,14,0,25,4,0,4,29
10/14/2013,TWF,ID,ANM,WE,Combination Non-Radar Approach Control & Tower w/o Radar,0,13,8,0,21,0,3,24,0,27,0,16,32,0,48,0,0,0,48
10/15/2013,TWF,ID,ANM,WE,Combination Non-Radar Approach Control & Tower w/o Radar,0,13,4,0,17,0,3,27,0,30,0,16,31,0,47,18,0,18,65
10/16/2013,TWF,ID,ANM,WE,Combination Non-Radar Approach Control & Tower w/o Radar,0,13,7,0,20,0,4,24,0,28,0,17,31,0,48,36,0,36,84
10/17/2013,TWF,ID,ANM,WE,Combination Non-Radar Approach Control & Tower w/o Radar,0,16,4,0,20,0,5,43,0,48,0,21,47,0,68,66,0,66,134
10/18/2013,TWF,ID,ANM,WE,Combination Non-Radar Approach Control & Tower w/o Radar,0,14,6,0,20,0,4,25,0,29,0,18,31,0,49,14,0,14,63
10/19/2013,TWF,ID,ANM,WE,Combination Non-Radar Approach Control & Tower w/o Radar,0,7,4,0,11,0,4,49,0,53,0,11,53,0,64,18,0,18,82
10/20/2013,TWF,ID,ANM,WE,Combination Non-Radar Approach Control & Tower w/o Radar,0,6,6,0,12,0,0,19,0,19,0,6,25,0,31,19,0,19,50
10/21/2013,TWF,ID,ANM,WE,Combination Non-Radar Approach Control & Tower w/o Radar,0,10,7,3,20,0,3,32,5,40,0,13,39,8,60,32,8,40,100
10/22/2013,TWF,ID,ANM,WE,Combination Non-Radar Approach Control & Tower w/o Radar,0,14,4,2,20,0,3,34,4,41,0,17,38,6,61,8,0,8,69
10/23/2013,TWF,ID,ANM,WE,Combination Non-Radar Approach Control & Tower w/o Radar,0,16,11,0,27,0,6,25,0,31,0,22,36,0,58,14,0,14,72
10/24/2013,TWF,ID,ANM,WE,Combination Non-Radar Approach Control & Tower w/o Radar,0,13,5,1,19,0,5,22,6,33,0,18,27,7,52,17,0,17,69
10/25/2013,TWF,ID,ANM,WE,Combination Non-Radar Approach Control & Tower w/o Radar,0,13,8,0,21,0,3,34,0,37,0,16,42,0,58,26,0,26,84
10/26/2013,TWF,ID,ANM,WE,Combination Non-Radar Approach Control & Tower w/o Radar,0,10,3,0,13,0,2,47,0,49,0,12,50,0,62,60,0,60,122
10/27/2013,TWF,ID,ANM,WE,Combination Non-Radar Approach Control & Tower w/o Radar,0,6,6,0,12,0,0,29,0,29,0,6,35,0,41,2,0,2,43
10/28/2013,TWF,ID,ANM,WE,Combination Non-Radar Approach Control & Tower w/o Radar,0,16,5,0,21,0,3,4,0,7,0,19,9,0,28,0,0,0,28
10/29/2013,TWF,ID,ANM,WE,Combination Non-Radar Approach Control & Tower w/o Radar,0,20,11,3,34,0,4,16,6,26,0,24,27,9,60,14,12,26,86
10/30/2013,TWF,ID,ANM,WE,Combination Non-Radar Approach Control & Tower w/o Radar,0,20,12,1,33,0,4,23,0,27,0,24,35,1,60,10,0,10,70
10/31/2013,TWF,ID,ANM,WE,Combination Non-Radar Approach Control & Tower w/o Radar,0,16,7,4,27,0,3,15,2,20,0,19,22,6,47,10,10,20,67
11/01/2013,TWF,ID,ANM,WE,Combination Non-Radar Approach Control & Tower w/o Radar,0,12,5,0,17,0,3,45,0,48,0,15,50,0,65,78,0,78,143
11/02/2013,TWF,ID,ANM,WE,Combination Non-Radar Approach Control & Tower w/o Radar,0,5,1,0,6,0,3,17,0,20,0,8,18,0,26,4,0,4,30
11/03/2013,TWF,ID,ANM,WE,Combination Non-Radar Approach Control & Tower w/o Radar,0,8,5,1,14,0,0,6,0,6,0,8,11,1,20,0,0,0,20
11/04/2013,TWF,ID,ANM,WE,Combination Non-Radar Approach Control & Tower w/o Radar,0,13,7,0,20,0,2,14,0,16,0,15,21,0,36,28,0,28,64
11/05/2013,TWF,ID,ANM,WE,Combination Non-Radar Approach Control & Tower w/o Radar,0,14,3,0,17,0,2,9,0,11,0,16,12,0,28,20,0,20,48
11/06/2013,TWF,ID,ANM,WE,Combination Non-Radar Approach Control & Tower w/o Radar,0,14,2,0,16,0,4,8,0,12,0,18,10,0,28,24,0,24,52
11/07/2013,TWF,ID,ANM,WE,Combination Non-Radar Approach Control & Tower w/o Radar,0,13,3,1,17,0,2,10,1,13,0,15,13,2,30,0,0,0,30
11/08/2013,TWF,ID,ANM,WE,Combination Non-Radar Approach Control & Tower w/o Radar,0,20,5,1,26,0,6,15,3,24,0,26,20,4,50,42,0,42,92
11/09/2013,TWF,ID,ANM,WE,Combination Non-Radar Approach Control & Tower w/o Radar,0,7,6,0,13,0,3,41,0,44,0,10,47,0,57,38,0,38,95
11/10/2013,TWF,ID,ANM,WE,Combination Non-Radar Approach Control & Tower w/o Radar,0,6,5,0,11,0,0,32,0,32,0,6,37,0,43,6,0,6,49
11/11/2013,TWF,ID,ANM,WE,Combination Non-Radar Approach Control & Tower w/o Radar,0,11,9,0,20,0,4,34,0,38,0,15,43,0,58,50,0,50,108
11/12/2013,TWF,ID,ANM,WE,Combination Non-Radar Approach Control & Tower w/o Radar,0,18,7,0,25,0,1,25,0,26,0,19,32,0,51,22,0,22,73
11/13/2013,TWF,ID,ANM,WE,Combination Non-Radar Approach Control & Tower w/o Radar,0,16,1,0,17,0,2,16,0,18,0,18,17,0,35,20,0,20,55
11/14/2013,TWF,ID,ANM,WE,Combination Non-Radar Approach Control & Tower w/o Radar,0,12,2,3,17,0,5,10,4,19,0,17,12,7,36,30,22,52,88
11/15/2013,TWF,ID,ANM,WE,Combination Non-Radar Approach Control & Tower w/o Radar,0,18,12,0,30,0,3,6,0,9,0,21,18,0,39,0,0,0,39
11/16/2013,TWF,ID,ANM,WE,Combination Non-Radar Approach Control & Tower w/o Radar,0,16,3,0,19,0,1,2,0,3,0,17,5,0,22,0,0,0,22
11/17/2013,TWF,ID,ANM,WE,Combination Non-Radar Approach Control & Tower w/o Radar,0,7,3,0,10,0,0,19,0,19,0,7,22,0,29,2,0,2,31
11/18/2013,TWF,ID,ANM,WE,Combination Non-Radar Approach Control & Tower w/o Radar,0,11,4,5,20,0,2,22,3,27,0,13,26,8,47,30,10,40,87
11/19/2013,TWF,ID,ANM,WE,Combination Non-Radar Approach Control & Tower w/o Radar,0,21,11,2,34,0,0,2,2,4,0,21,13,4,38,0,12,12,50
11/20/2013,TWF,ID,ANM,WE,Combination Non-Radar Approach Control & Tower w/o Radar,0,25,6,0,31,0,2,0,3,5,0,27,6,3,36,0,0,0,36
11/21/2013,TWF,ID,ANM,WE,Combination Non-Radar Approach Control & Tower w/o Radar,0,22,6,2,30,0,15,25,2,42,0,37,31,4,72,8,4,12,84
11/22/2013,TWF,ID,ANM,WE,Combination Non-Radar Approach Control & Tower w/o Radar,0,12,4,0,16,0,3,22,0,25,0,15,26,0,41,38,0,38,79
11/23/2013,TWF,ID,ANM,WE,Combination Non-Radar Approach Control & Tower w/o Radar,0,8,8,0,16,0,2,29,0,31,0,10,37,0,47,10,0,10,57
11/24/2013,TWF,ID,ANM,WE,Combination Non-Radar Approach Control & Tower w/o Radar,0,7,2,0,9,0,1,25,0,26,0,8,27,0,35,12,0,12,47
11/25/2013,TWF,ID,ANM,WE,Combination Non-Radar Approach Control & Tower w/o Radar,0,13,5,0,18,0,3,28,0,31,0,16,33,0,49,46,0,46,95
11/26/2013,TWF,ID,ANM,WE,Combination Non-Radar Approach Control & Tower w/o Radar,0,21,6,0,27,0,1,24,0,25,0,22,30,0,52,46,0,46,98
11/27/2013,TWF,ID,ANM,WE,Combination Non-Radar Approach Control & Tower w/o Radar,0,17,4,0,21,0,2,14,0,16,0,19,18,0,37,2,0,2,39
11/28/2013,TWF,ID,ANM,WE,Combination Non-Radar Approach Control & Tower w/o Radar,0,5,0,0,5,0,0,9,0,9,0,5,9,0,14,8,0,8,22
11/29/2013,TWF,ID,ANM,WE,Combination Non-Radar Approach Control & Tower w/o Radar,0,16,3,0,19,0,4,18,0,22,0,20,21,0,41,4,0,4,45
11/30/2013,TWF,ID,ANM,WE,Combination Non-Radar Approach Control & Tower w/o Radar,0,8,0,0,8,0,2,11,0,13,0,10,11,0,21,14,0,14,35
12/01/2013,TWF,ID,ANM,WE,Combination Non-Radar Approach Control & Tower w/o Radar,0,21,17,0,38,0,0,5,0,5,0,21,22,0,43,0,0,0,43
12/02/2013,TWF,ID,ANM,WE,Combination Non-Radar Approach Control & Tower w/o Radar,0,25,3,0,28,0,0,0,0,0,0,25,3,0,28,0,0,0,28
12/03/2013,TWF,ID,ANM,WE,Combination Non-Radar Approach Control & Tower w/o Radar,0,29,8,2,39,0,4,5,1,10,0,33,13,3,49,38,0,38,87
12/04/2013,TWF,ID,ANM,WE,Combination Non-Radar Approach Control & Tower w/o Radar,0,18,2,0,20,0,1,10,0,11,0,19,12,0,31,108,0,108,139
12/05/2013,TWF,ID,ANM,WE,Combination Non-Radar Approach Control & Tower w/o Radar,0,13,0,0,13,0,0,12,0,12,0,13,12,0,25,68,0,68,93
12/06/2013,TWF,ID,ANM,WE,Combination Non-Radar Approach Control & Tower w/o Radar,0,10,3,2,15,0,1,4,0,5,0,11,7,2,20,90,0,90,110
12/07/2013,TWF,ID,ANM,WE,Combination Non-Radar Approach Control & Tower w/o Radar,0,14,9,2,25,0,0,0,0,0,0,14,9,2,25,0,0,0,25
12/08/2013,TWF,ID,ANM,WE,Combination Non-Radar Approach Control & Tower w/o Radar,0,15,15,2,32,0,0,7,0,7,0,15,22,2,39,0,0,0,39
12/09/2013,TWF,ID,ANM,WE,Combination Non-Radar Approach Control & Tower w/o Radar,0,14,12,0,26,0,3,12,0,15,0,17,24,0,41,38,0,38,79
12/10/2013,TWF,ID,ANM,WE,Combination Non-Radar Approach Control & Tower w/o Radar,0,23,7,0,30,0,3,10,0,13,0,26,17,0,43,40,0,40,83
12/11/2013,TWF,ID,ANM,WE,Combination Non-Radar Approach Control & Tower w/o Radar,0,13,6,1,20,0,3,15,2,20,0,16,21,3,40,48,0,48,88
12/12/2013,TWF,ID,ANM,WE,Combination Non-Radar Approach Control & Tower w/o Radar,0,14,5,0,19,0,1,11,0,12,0,15,16,0,31,0,0,0,31
12/13/2013,TWF,ID,ANM,WE,Combination Non-Radar Approach Control & Tower w/o Radar,0,9,21,0,30,0,2,13,0,15,0,11,34,0,45,24,0,24,69
12/14/2013,TWF,ID,ANM,WE,Combination Non-Radar Approach Control & Tower w/o Radar,0,14,2,0,16,0,3,13,0,16,0,17,15,0,32,14,0,14,46
12/15/2013,TWF,ID,ANM,WE,Combination Non-Radar Approach Control & Tower w/o Radar,2,5,2,0,9,0,0,17,0,17,2,5,19,0,26,6,0,6,32
12/16/2013,TWF,ID,ANM,WE,Combination Non-Radar Approach Control & Tower w/o Radar,3,11,1,0,15,0,0,16,0,16,3,11,17,0,31,14,0,14,45
12/17/2013,TWF,ID,ANM,WE,Combination Non-Radar Approach Control & Tower w/o Radar,0,17,14,0,31,0,0,35,0,35,0,17,49,0,66,16,0,16,82
12/18/2013,TWF,ID,ANM,WE,Combination Non-Radar Approach Control & Tower w/o Radar,0,17,12,4,33,0,0,14,2,16,0,17,26,6,49,25,4,29,78
12/19/2013,TWF,ID,ANM,WE,Combination Non-Radar Approach Control & Tower w/o Radar,1,16,5,0,22,0,1,1,0,2,1,17,6,0,24,0,0,0,24
12/20/2013,TWF,ID,ANM,WE,Combination Non-Radar Approach Control & Tower w/o Radar,0,40,41,2,83,0,2,11,0,13,0,42,52,2,96,2,0,2,98
12/21/2013,TWF,ID,ANM,WE,Combination Non-Radar Approach Control & Tower w/o Radar,2,35,36,0,73,0,0,7,0,7,2,35,43,0,80,0,0,0,80
12/22/2013,TWF,ID,ANM,WE,Combination Non-Radar Approach Control & Tower w/o Radar,0,13,10,0,23,0,0,4,0,4,0,13,14,0,27,4,0,4,31
12/23/2013,TWF,ID,ANM,WE,Combination Non-Radar Approach Control & Tower w/o Radar,0,19,7,0,26,0,1,13,0,14,0,20,20,0,40,68,0,68,108
12/24/2013,TWF,ID,ANM,WE,Combination Non-Radar Approach Control & Tower w/o Radar,0,16,1,0,17,0,1,6,0,7,0,17,7,0,24,0,0,0,24
12/25/2013,TWF,ID,ANM,WE,Combination Non-Radar Approach Control & Tower w/o Radar,0,9,0,0,9,0,0,5,0,5,0,9,5,0,14,0,0,0,14
12/26/2013,TWF,ID,ANM,WE,Combination Non-Radar Approach Control & Tower w/o Radar,0,13,3,0,16,0,5,27,0,32,0,18,30,0,48,32,0,32,80
12/27/2013,TWF,ID,ANM,WE,Combination Non-Radar Approach Control & Tower w/o Radar,1,16,3,0,20,0,3,22,0,25,1,19,25,0,45,42,0,42,87
12/28/2013,TWF,ID,ANM,WE,Combination Non-Radar Approach Control & Tower w/o Radar,0,11,4,0,15,0,3,10,0,13,0,14,14,0,28,2,0,2,30
12/29/2013,TWF,ID,ANM,WE,Combination Non-Radar Approach Control & Tower w/o Radar,0,13,4,0,17,0,0,36,0,36,0,13,40,0,53,34,0,34,87
12/30/2013,TWF,ID,ANM,WE,Combination Non-Radar Approach Control & Tower w/o Radar,0,16,12,0,28,0,2,31,0,33,0,18,43,0,61,28,0,28,89
12/31/2013,TWF,ID,ANM,WE,Combination Non-Radar Approach Control & Tower w/o Radar,0,19,2,0,21,0,2,9,0,11,0,21,11,0,32,8,0,8,40
01/01/2014,TWF,ID,ANM,WE,Combination Non-Radar Approach Control & Tower w/o Radar,0,10,2,0,12,0,0,34,0,34,0,10,36,0,46,8,0,8,54
01/02/2014,TWF,ID,ANM,WE,Combination Non-Radar Approach Control & Tower w/o Radar,0,16,6,0,22,0,6,13,0,19,0,22,19,0,41,18,0,18,59
01/03/2014,TWF,ID,ANM,WE,Combination Non-Radar Approach Control & Tower w/o Radar,0,32,7,0,39,0,5,8,0,13,0,37,15,0,52,0,0,0,52
01/04/2014,TWF,ID,ANM,WE,Combination Non-Radar Approach Control & Tower w/o Radar,0,9,7,0,16,0,3,14,0,17,0,12,21,0,33,0,0,0,33
01/05/2014,TWF,ID,ANM,WE,Combination Non-Radar Approach Control & Tower w/o Radar,0,8,7,0,15,0,0,16,0,16,0,8,23,0,31,0,0,0,31
01/06/2014,TWF,ID,ANM,WE,Combination Non-Radar Approach Control & Tower w/o Radar,0,10,2,3,15,0,2,16,3,21,0,12,18,6,36,22,12,34,70
01/07/2014,TWF,ID,ANM,WE,Combination Non-Radar Approach Control & Tower w/o Radar,0,19,1,0,20,0,2,12,0,14,0,21,13,0,34,18,0,18,52
01/08/2014,TWF,ID,ANM,WE,Combination Non-Radar Approach Control & Tower w/o Radar,1,38,8,0,47,0,1,2,0,3,1,39,10,0,50,0,0,0,50
01/09/2014,TWF,ID,ANM,WE,Combination Non-Radar Approach Control & Tower w/o Radar,0,18,6,0,24,0,1,4,1,6,0,19,10,1,30,0,0,0,30
01/10/2014,TWF,ID,ANM,WE,Combination Non-Radar Approach Control & Tower w/o Radar,0,16,2,2,20,0,3,1,4,8,0,19,3,6,28,0,0,0,28
01/11/2014,TWF,ID,ANM,WE,Combination Non-Radar Approach Control & Tower w/o Radar,4,13,4,0,21,0,0,1,0,1,4,13,5,0,22,0,0,0,22
01/12/2014,TWF,ID,ANM,WE,Combination Non-Radar Approach Control & Tower w/o Radar,0,9,2,0,11,0,1,1,0,2,0,10,3,0,13,0,0,0,13
01/13/2014,TWF,ID,ANM,WE,Combination Non-Radar Approach Control & Tower w/o Radar,4,22,7,1,34,0,7,12,2,21,4,29,19,3,55,16,0,16,71
01/14/2014,TWF,ID,ANM,WE,Combination Non-Radar Approach Control & Tower w/o Radar,0,16,4,0,20,0,3,25,2,30,0,19,29,2,50,28,0,28,78
01/15/2014,TWF,ID,ANM,WE,Combination Non-Radar Approach Control & Tower w/o Radar,0,14,1,3,18,0,3,16,4,23,0,17,17,7,41,8,0,8,49
01/16/2014,TWF,ID,ANM,WE,Combination Non-Radar Approach Control & Tower w/o Radar,0,13,4,0,17,0,2,30,0,32,0,15,34,0,49,56,0,56,105
01/17/2014,TWF,ID,ANM,WE,Combination Non-Radar Approach Control & Tower w/o Radar,0,18,6,0,24,0,3,28,0,31,0,21,34,0,55,4,0,4,59
01/18/2014,TWF,ID,ANM,WE,Combination Non-Radar Approach Control & Tower w/o Radar,0,13,3,2,18,0,3,21,1,25,0,16,24,3,43,6,4,10,53
01/19/2014,TWF,ID,ANM,WE,Combination Non-Radar Approach Control & Tower w/o Radar,1,6,5,0,12,0,0,30,1,31,1,6,35,1,43,9,0,9,52
01/20/2014,TWF,ID,ANM,WE,Combination Non-Radar Approach Control & Tower w/o Radar,0,15,7,0,22,0,2,6,0,8,0,17,13,0,30,16,0,16,46
01/21/2014,TWF,ID,ANM,WE,Combination Non-Radar Approach Control & Tower w/o Radar,0,24,5,3,32,0,0,5,3,8,0,24,10,6,40,12,6,18,58
01/22/2014,TWF,ID,ANM,WE,Combination Non-Radar Approach Control & Tower w/o Radar,0,11,5,0,16,0,0,0,0,0,0,11,5,0,16,0,0,0,16
01/23/2014,TWF,ID,ANM,WE,Combination Non-Radar Approach Control & Tower w/o Radar,0,16,2,0,18,0,3,6,0,9,0,19,8,0,27,0,0,0,27
01/24/2014,TWF,ID,ANM,WE,Combination Non-Radar Approach Control & Tower w/o Radar,0,2,1,0,3,0,0,0,0,0,0,2,1,0,3,0,0,0,3
01/25/2014,TWF,ID,ANM,WE,Combination Non-Radar Approach Control & Tower w/o Radar,0,3,0,0,3,0,0,0,0,0,0,3,0,0,3,0,0,0,3
01/26/2014,TWF,ID,ANM,WE,Combination Non-Radar Approach Control & Tower w/o Radar,0,13,9,0,22,0,0,2,0,2,0,13,11,0,24,0,0,0,24
01/27/2014,TWF,ID,ANM,WE,Combination Non-Radar Approach Control & Tower w/o Radar,0,7,7,0,14,0,0,0,0,0,0,7,7,0,14,0,0,0,14
01/28/2014,TWF,ID,ANM,WE,Combination Non-Radar Approach Control & Tower w/o Radar,0,14,4,0,18,0,2,17,0,19,0,16,21,0,37,2,0,2,39
01/29/2014,TWF,ID,ANM,WE,Combination Non-Radar Approach Control & Tower w/o Radar,6,19,8,0,33,0,0,0,0,0,6,19,8,0,33,0,0,0,33
01/30/2014,TWF,ID,ANM,WE,Combination Non-Radar Approach Control & Tower w/o Radar,0,17,9,8,34,0,2,12,6,20,0,19,21,14,54,6,10,16,70
01/31/2014,TWF,ID,ANM,WE,Combination Non-Radar Approach Control & Tower w/o Radar,0,14,1,0,15,0,2,13,0,15,0,16,14,0,30,10,0,10,40
02/01/2014,TWF,ID,ANM,WE,Combination Non-Radar Approach Control & Tower w/o Radar,0,9,2,0,11,0,3,5,0,8,0,12,7,0,19,0,0,0,19
02/02/2014,TWF,ID,ANM,WE,Combination Non-Radar Approach Control & Tower w/o Radar,0,8,4,0,12,0,0,13,0,13,0,8,17,0,25,0,0,0,25
02/03/2014,TWF,ID,ANM,WE,Combination Non-Radar Approach Control & Tower w/o Radar,2,16,7,2,27,0,1,5,0,6,2,17,12,2,33,0,0,0,33
02/04/2014,TWF,ID,ANM,WE,Combination Non-Radar Approach Control & Tower w/o Radar,1,16,5,6,28,0,1,11,14,26,1,17,16,20,54,1,0,1,55
02/05/2014,TWF,ID,ANM,WE,Combination Non-Radar Approach Control & Tower w/o Radar,0,14,5,2,21,0,1,20,6,27,0,15,25,8,48,2,0,2,50
02/06/2014,TWF,ID,ANM,WE,Combination Non-Radar Approach Control & Tower w/o Radar,2,23,4,0,29,0,1,0,0,1,2,24,4,0,30,0,0,0,30
02/07/2014,TWF,ID,ANM,WE,Combination Non-Radar Approach Control & Tower w/o Radar,0,20,5,0,25,0,0,2,0,2,0,20,7,0,27,0,0,0,27
02/08/2014,TWF,ID,ANM,WE,Combination Non-Radar Approach Control & Tower w/o Radar,6,14,8,0,28,0,0,0,0,0,6,14,8,0,28,0,0,0,28
02/09/2014,TWF,ID,ANM,WE,Combination Non-Radar Approach Control & Tower w/o Radar,1,10,5,0,16,0,0,3,2,5,1,10,8,2,21,6,0,6,27
02/10/2014,TWF,ID,ANM,WE,Combination Non-Radar Approach Control & Tower w/o Radar,0,16,6,1,23,0,3,23,4,30,0,19,29,5,53,4,0,4,57
02/11/2014,TWF,ID,ANM,WE,Combination Non-Radar Approach Control & Tower w/o Radar,1,14,8,2,25,0,2,17,0,19,1,16,25,2,44,8,0,8,52
02/12/2014,TWF,ID,ANM,WE,Combination Non-Radar Approach Control & Tower w/o Radar,4,34,19,0,57,0,1,1,0,2,4,35,20,0,59,0,0,0,59
02/13/2014,TWF,ID,ANM,WE,Combination Non-Radar Approach Control & Tower w/o Radar,1,14,6,2,23,0,2,2,0,4,1,16,8,2,27,0,0,0,27
02/14/2014,TWF,ID,ANM,WE,Combination Non-Radar Approach Control & Tower w/o Radar,5,51,25,0,81,0,0,0,0,0,5,51,25,0,81,0,0,0,81
02/15/2014,TWF,ID,ANM,WE,Combination Non-Radar Approach Control & Tower w/o Radar,1,18,10,0,29,0,0,11,0,11,1,18,21,0,40,26,0,26,66
02/16/2014,TWF,ID,ANM,WE,Combination Non-Radar Approach Control & Tower w/o Radar,1,13,7,0,21,0,0,2,0,2,1,13,9,0,23,0,0,0,23
02/17/2014,TWF,ID,ANM,WE,Combination Non-Radar Approach Control & Tower w/o Radar,0,11,8,0,19,0,4,23,1,28,0,15,31,1,47,12,0,12,59
02/18/2014,TWF,ID,ANM,WE,Combination Non-Radar Approach Control & Tower w/o Radar,0,16,6,4,26,0,4,22,2,28,0,20,28,6,54,4,0,4,58
02/19/2014,TWF,ID,ANM,WE,Combination Non-Radar Approach Control & Tower w/o Radar,0,23,6,0,29,0,3,5,0,8,0,26,11,0,37,0,0,0,37
02/20/2014,TWF,ID,ANM,WE,Combination Non-Radar Approach Control & Tower w/o Radar,0,19,12,0,31,0,1,24,0,25,0,20,36,0,56,8,0,8,64
02/21/2014,TWF,ID,ANM,WE,Combination Non-Radar Approach Control & Tower w/o Radar,0,17,3,0,20,0,3,23,0,26,0,20,26,0,46,8,0,8,54
02/22/2014,TWF,ID,ANM,WE,Combination Non-Radar Approach Control & Tower w/o Radar,0,11,1,0,12,0,1,5,0,6,0,12,6,0,18,10,0,10,28
02/23/2014,TWF,ID,ANM,WE,Combination Non-Radar Approach Control & Tower w/o Radar,0,6,9,0,15,0,0,22,0,22,0,6,31,0,37,20,0,20,57
02/24/2014,TWF,ID,ANM,WE,Combination Non-Radar Approach Control & Tower w/o Radar,0,12,7,1,20,0,5,9,1,15,0,17,16,2,35,6,0,6,41
02/25/2014,TWF,ID,ANM,WE,Combination Non-Radar Approach Control & Tower w/o Radar,0,16,8,2,26,0,3,9,0,12,0,19,17,2,38,0,2,2,40
02/26/2014,TWF,ID,ANM,WE,Combination Non-Radar Approach Control & Tower w/o Radar,0,13,8,0,21,0,2,38,0,40,0,15,46,0,61,32,0,32,93
02/27/2014,TWF,ID,ANM,WE,Combination Non-Radar Approach Control & Tower w/o Radar,4,25,5,2,36,0,0,3,4,7,4,25,8,6,43,0,0,0,43
02/28/2014,TWF,ID,ANM,WE,Combination Non-Radar Approach Control & Tower w/o Radar,0,18,3,2,23,0,1,9,2,12,0,19,12,4,35,18,0,18,53
03/01/2014,TWF,ID,ANM,WE,Combination Non-Radar Approach Control & Tower w/o Radar,1,21,0,0,22,0,0,2,0,2,1,21,2,0,24,0,0,0,24
03/02/2014,TWF,ID,ANM,WE,Combination Non-Radar Approach Control & Tower w/o Radar,2,14,17,0,33,0,0,0,0,0,2,14,17,0,33,0,0,0,33
03/03/2014,TWF,ID,ANM,WE,Combination Non-Radar Approach Control & Tower w/o Radar,5,14,8,0,27,0,3,16,0,19,5,17,24,0,46,6,0,6,52
03/04/2014,TWF,ID,ANM,WE,Combination Non-Radar Approach Control & Tower w/o Radar,0,17,3,5,25,0,2,10,8,20,0,19,13,13,45,0,14,14,59
03/05/2014,TWF,ID,ANM,WE,Combination Non-Radar Approach Control & Tower w/o Radar,0,13,8,0,21,0,3,14,0,17,0,16,22,0,38,5,0,5,43
03/06/2014,TWF,ID,ANM,WE,Combination Non-Radar Approach Control & Tower w/o Radar,0,19,5,0,24,0,2,0,0,2,0,21,5,0,26,0,0,0,26
03/07/2014,TWF,ID,ANM,WE,Combination Non-Radar Approach Control & Tower w/o Radar,0,15,9,0,24,0,2,15,0,17,0,17,24,0,41,26,0,26,67
03/08/2014,TWF,ID,ANM,WE,Combination Non-Radar Approach Control & Tower w/o Radar,0,11,1,0,12,0,3,50,0,53,0,14,51,0,65,28,0,28,93
03/09/2014,TWF,ID,ANM,WE,Combination Non-Radar Approach Control & Tower w/o Radar,2,8,6,0,16,0,1,4,0,5,2,9,10,0,21,0,0,0,21
03/10/2014,TWF,ID,ANM,WE,Combination Non-Radar Approach Control & Tower w/o Radar,5,25,6,1,37,0,0,2,1,3,5,25,8,2,40,0,0,0,40
03/11/2014,TWF,ID,ANM,WE,Combination Non-Radar Approach Control & Tower w/o Radar,0,14,2,2,18,0,1,18,2,21,0,15,20,4,39,6,14,20,59
03/12/2014,TWF,ID,ANM,WE,Combination Non-Radar Approach Control & Tower w/o Radar,0,12,11,10,33,0,3,35,4,42,0,15,46,14,75,20,14,34,109
03/13/2014,TWF,ID,ANM,WE,Combination Non-Radar Approach Control & Tower w/o Radar,0,15,6,8,29,0,4,22,4,30,0,19,28,12,59,46,12,58,117
03/14/2014,TWF,ID,ANM,WE,Combination Non-Radar Approach Control & Tower w/o Radar,0,17,3,0,20,0,1,16,0,17,0,18,19,0,37,32,0,32,69
03/15/2014,TWF,ID,ANM,WE,Combination Non-Radar Approach Control & Tower w/o Radar,0,7,1,0,8,0,2,22,5,29,0,9,23,5,37,4,0,4,41
03/16/2014,TWF,ID,ANM,WE,Combination Non-Radar Approach Control & Tower w/o Radar,0,7,7,0,14,0,0,39,0,39,0,7,46,0,53,6,0,6,59
03/17/2014,TWF,ID,ANM,WE,Combination Non-Radar Approach Control & Tower w/o Radar,0,14,0,0,14,0,3,1,0,4,0,17,1,0,18,0,0,0,18
03/18/2014,TWF,ID,ANM,WE,Combination Non-Radar Approach Control & Tower w/o Radar,0,14,7,0,21,0,3,16,0,19,0,17,23,0,40,10,0,10,50
03/19/2014,TWF,ID,ANM,WE,Combination Non-Radar Approach Control & Tower w/o Radar,0,11,0,0,11,0,5,21,0,26,0,16,21,0,37,34,0,34,71
03/20/2014,TWF,ID,ANM,WE,Combination Non-Radar Approach Control & Tower w/o Radar,0,14,4,0,18,0,4,20,0,24,0,18,24,0,42,24,0,24,66
03/21/2014,TWF,ID,ANM,WE,Combination Non-Radar Approach Control & Tower w/o Radar,0,14,7,3,24,0,4,28,1,33,0,18,35,4,57,23,0,23,80
03/22/2014,TWF,ID,ANM,WE,Combination Non-Radar Approach Control & Tower w/o Radar,0,7,0,0,7,0,3,17,0,20,0,10,17,0,27,4,0,4,31
03/23/2014,TWF,ID,ANM,WE,Combination Non-Radar Approach Control & Tower w/o Radar,0,6,1,0,7,0,0,27,2,29,0,6,28,2,36,0,0,0,36
03/24/2014,TWF,ID,ANM,WE,Combination Non-Radar Approach Control & Tower w/o Radar,0,14,6,2,22,0,3,34,0,37,0,17,40,2,59,36,16,52,111
03/25/2014,TWF,ID,ANM,WE,Combination Non-Radar Approach Control & Tower w/o Radar,2,13,7,3,25,0,3,19,3,25,2,16,26,6,50,2,0,2,52
03/26/2014,TWF,ID,ANM,WE,Combination Non-Radar Approach Control & Tower w/o Radar,0,18,5,0,23,0,3,3,0,6,0,21,8,0,29,0,0,0,29
03/27/2014,TWF,ID,ANM,WE,Combination Non-Radar Approach Control & Tower w/o Radar,0,17,3,0,20,0,3,8,0,11,0,20,11,0,31,10,0,10,41
03/28/2014,TWF,ID,ANM,WE,Combination Non-Radar Approach Control & Tower w/o Radar,0,18,5,0,23,0,2,19,0,21,0,20,24,0,44,22,0,22,66
03/29/2014,TWF,ID,ANM,WE,Combination Non-Radar Approach Control & Tower w/o Radar,0,20,1,0,21,0,0,5,0,5,0,20,6,0,26,20,0,20,46
03/30/2014,TWF,ID,ANM,WE,Combination Non-Radar Approach Control & Tower w/o Radar,3,8,2,0,13,0,0,1,0,1,3,8,3,0,14,0,0,0,14
03/31/2014,TWF,ID,ANM,WE,Combination Non-Radar Approach Control & Tower w/o Radar,0,15,3,0,18,0,1,25,0,26,0,16,28,0,44,16,0,16,60
04/01/2014,TWF,ID,ANM,WE,Combination Non-Radar Approach Control & Tower w/o Radar,2,21,6,0,29,0,1,0,0,1,2,22,6,0,30,0,0,0,30
04/02/2014,TWF,ID,ANM,WE,Combination Non-Radar Approach Control & Tower w/o Radar,3,17,4,4,28,0,1,8,4,13,3,18,12,8,41,66,0,66,107
04/03/2014,TWF,ID,ANM,WE,Combination Non-Radar Approach Control & Tower w/o Radar,0,15,3,8,26,0,2,49,6,57,0,17,52,14,83,68,0,68,151
04/04/2014,TWF,ID,ANM,WE,Combination Non-Radar Approach Control & Tower w/o Radar,0,13,2,0,15,0,0,23,0,23,0,13,25,0,38,32,0,32,70
04/05/2014,TWF,ID,ANM,WE,Combination Non-Radar Approach Control & Tower w/o Radar,0,11,3,0,14,0,1,18,0,19,0,12,21,0,33,18,0,18,51
04/06/2014,TWF,ID,ANM,WE,Combination Non-Radar Approach Control & Tower w/o Radar,0,9,1,0,10,0,0,7,0,7,0,9,8,0,17,0,0,0,17
04/07/2014,TWF,ID,ANM,WE,Combination Non-Radar Approach Control & Tower w/o Radar,1,11,4,2,18,0,6,40,1,47,1,17,44,3,65,15,14,29,94
04/08/2014,TWF,ID,ANM,WE,Combination Non-Radar Approach Control & Tower w/o Radar,0,15,2,2,19,0,8,36,2,46,0,23,38,4,65,40,14,54,119
04/09/2014,TWF,ID,ANM,WE,Combination Non-Radar Approach Control & Tower w/o Radar,0,16,3,0,19,0,3,17,0,20,0,19,20,0,39,0,0,0,39
04/10/2014,TWF,ID,ANM,WE,Combination Non-Radar Approach Control & Tower w/o Radar,1,11,0,3,15,0,3,12,3,18,1,14,12,6,33,18,12,30,63
04/11/2014,TWF,ID,ANM,WE,Combination Non-Radar Approach Control & Tower w/o Radar,0,13,9,0,22,0,4,29,0,33,0,17,38,0,55,54,0,54,109
04/12/2014,TWF,ID,ANM,WE,Combination Non-Radar Approach Control & Tower w/o Radar,0,8,12,0,20,0,2,13,0,15,0,10,25,0,35,0,0,0,35
04/13/2014,TWF,ID,ANM,WE,Combination Non-Radar Approach Control & Tower w/o Radar,0,5,2,0,7,0,0,10,0,10,0,5,12,0,17,0,0,0,17
04/14/2014,TWF,ID,ANM,WE,Combination Non-Radar Approach Control & Tower w/o Radar,0,9,4,0,13,0,4,30,0,34,0,13,34,0,47,22,0,22,69
04/15/2014,TWF,ID,ANM,WE,Combination Non-Radar Approach Control & Tower w/o Radar,2,18,5,2,27,0,3,10,0,13,2,21,15,2,40,0,0,0,40
04/16/2014,TWF,ID,ANM,WE,Combination Non-Radar Approach Control & Tower w/o Radar,0,14,7,1,22,0,3,15,1,19,0,17,22,2,41,28,0,28,69
04/17/2014,TWF,ID,ANM,WE,Combination Non-Radar Approach Control & Tower w/o Radar,0,14,5,4,23,0,4,40,2,46,0,18,45,6,69,56,0,56,125
04/18/2014,TWF,ID,ANM,WE,Combination Non-Radar Approach Control & Tower w/o Radar,0,15,1,1,17,0,3,7,1,11,0,18,8,2,28,4,0,4,32
04/19/2014,TWF,ID,ANM,WE,Combination Non-Radar Approach Control & Tower w/o Radar,0,7,1,0,8,0,2,34,0,36,0,9,35,0,44,20,0,20,64
04/20/2014,TWF,ID,ANM,WE,Combination Non-Radar Approach Control & Tower w/o Radar,0,5,0,0,5,0,0,10,0,10,0,5,10,0,15,0,0,0,15
04/21/2014,TWF,ID,ANM,WE,Combination Non-Radar Approach Control & Tower w/o Radar,0,11,14,2,27,0,2,49,0,51,0,13,63,2,78,76,0,76,154
04/22/2014,TWF,ID,ANM,WE,Combination Non-Radar Approach Control & Tower w/o Radar,0,22,5,0,27,0,15,3,0,18,0,37,8,0,45,2,0,2,47
04/23/2014,TWF,ID,ANM,WE,Combination Non-Radar Approach Control & Tower w/o Radar,0,21,18,6,45,0,11,49,5,65,0,32,67,11,110,12,0,12,122
04/24/2014,TWF,ID,ANM,WE,Combination Non-Radar Approach Control & Tower w/o Radar,0,17,18,0,35,0,6,47,3,56,0,23,65,3,91,8,0,8,99
04/25/2014,TWF,ID,ANM,WE,Combination Non-Radar Approach Control & Tower w/o Radar,0,16,7,0,23,0,2,15,2,19,0,18,22,2,42,8,0,8,50
04/26/2014,TWF,ID,ANM,WE,Combination Non-Radar Approach Control & Tower w/o Radar,0,10,4,0,14,0,1,1,0,2,0,11,5,0,16,0,0,0,16
04/27/2014,TWF,ID,ANM,WE,Combination Non-Radar Approach Control & Tower w/o Radar,0,9,7,0,16,0,0,5,0,5,0,9,12,0,21,0,0,0,21
04/28/2014,TWF,ID,ANM,WE,Combination Non-Radar Approach Control & Tower w/o Radar,0,17,4,0,21,0,1,11,0,12,0,18,15,0,33,2,0,2,35
04/29/2014,TWF,ID,ANM,WE,Combination Non-Radar Approach Control & Tower w/o Radar,0,22,1,5,28,0,1,47,4,52,0,23,48,9,80,96,16,112,192
04/30/2014,TWF,ID,ANM,WE,Combination Non-Radar Approach Control & Tower w/o Radar,0,22,6,0,28,0,1,25,5,31,0,23,31,5,59,16,0,16,75
05/01/2014,TWF,ID,ANM,WE,Combination Non-Radar Approach Control & Tower w/o Radar,0,21,4,0,25,0,2,29,0,31,0,23,33,0,56,20,0,20,76
05/02/2014,TWF,ID,ANM,WE,Combination Non-Radar Approach Control & Tower w/o Radar,0,23,2,0,25,0,1,48,1,50,0,24,50,1,75,12,0,12,87
05/03/2014,TWF,ID,ANM,WE,Combination Non-Radar Approach Control & Tower w/o Radar,0,13,3,1,17,0,1,26,5,32,0,14,29,6,49,8,0,8,57
05/04/2014,TWF,ID,ANM,WE,Combination Non-Radar Approach Control & Tower w/o Radar,0,11,5,0,16,0,0,18,0,18,0,11,23,0,34,0,0,0,34
05/05/2014,TWF,ID,ANM,WE,Combination Non-Radar Approach Control & Tower w/o Radar,0,14,8,0,22,0,0,25,0,25,0,14,33,0,47,12,0,12,59
05/06/2014,TWF,ID,ANM,WE,Combination Non-Radar Approach Control & Tower w/o Radar,0,17,10,0,27,0,1,14,0,15,0,18,24,0,42,4,0,4,46
05/07/2014,TWF,ID,ANM,WE,Combination Non-Radar Approach Control & Tower w/o Radar,1,22,9,0,32,0,0,10,0,10,1,22,19,0,42,2,0,2,44
05/08/2014,TWF,ID,ANM,WE,Combination Non-Radar Approach Control & Tower w/o Radar,0,17,2,0,19,0,2,51,0,53,0,19,53,0,72,50,0,50,122
05/09/2014,TWF,ID,ANM,WE,Combination Non-Radar Approach Control & Tower w/o Radar,0,23,12,0,35,0,8,18,0,26,0,31,30,0,61,28,0,28,89
05/10/2014,TWF,ID,ANM,WE,Combination Non-Radar Approach Control & Tower w/o Radar,0,10,7,0,17,0,0,9,0,9,0,10,16,0,26,0,0,0,26
05/11/2014,TWF,ID,ANM,WE,Combination Non-Radar Approach Control & Tower w/o Radar,0,8,9,0,17,0,0,14,0,14,0,8,23,0,31,10,0,10,41
05/12/2014,TWF,ID,ANM,WE,Combination Non-Radar Approach Control & Tower w/o Radar,0,19,6,3,28,0,1,26,7,34,0,20,32,10,62,28,10,38,100
05/13/2014,TWF,ID,ANM,WE,Combination Non-Radar Approach Control & Tower w/o Radar,0,22,8,2,32,0,1,43,2,46,0,23,51,4,78,16,0,16,94
05/14/2014,TWF,ID,ANM,WE,Combination Non-Radar Approach Control & Tower w/o Radar,0,21,10,4,35,0,2,30,9,41,0,23,40,13,76,18,14,32,108
05/15/2014,TWF,ID,ANM,WE,Combination Non-Radar Approach Control & Tower w/o Radar,0,22,8,5,35,0,1,33,10,44,0,23,41,15,79,0,22,22,101
05/16/2014,TWF,ID,ANM,WE,Combination Non-Radar Approach Control & Tower w/o Radar,0,20,5,8,33,0,2,62,8,72,0,22,67,16,105,28,0,28,133
05/17/2014,TWF,ID,ANM,WE,Combination Non-Radar Approach Control & Tower w/o Radar,0,11,4,0,15,0,1,37,0,38,0,12,41,0,53,20,0,20,73
05/18/2014,TWF,ID,ANM,WE,Combination Non-Radar Approach Control & Tower w/o Radar,0,11,3,0,14,0,0,11,0,11,0,11,14,0,25,0,0,0,25
05/19/2014,TWF,ID,ANM,WE,Combination Non-Radar Approach Control & Tower w/o Radar,0,18,11,2,31,0,2,18,0,20,0,20,29,2,51,0,12,12,63
05/20/2014,TWF,ID,ANM,WE,Combination Non-Radar Approach Control & Tower w/o Radar,0,21,2,3,26,0,0,19,10,29,0,21,21,13,55,48,0,48,103
05/21/2014,TWF,ID,ANM,WE,Combination Non-Radar Approach Control & Tower w/o Radar,0,24,3,2,29,0,3,43,2,48,0,27,46,4,77,24,4,28,105
05/22/2014,TWF,ID,ANM,WE,Combination Non-Radar Approach Control & Tower w/o Radar,0,24,11,0,35,0,5,76,2,83,0,29,87,2,118,40,0,40,158
05/23/2014,TWF,ID,ANM,WE,Combination Non-Radar Approach Control & Tower w/o Radar,0,15,8,0,23,0,5,88,0,93,0,20,96,0,116,30,0,30,146
05/24/2014,TWF,ID,ANM,WE,Combination Non-Radar Approach Control & Tower w/o Radar,0,8,5,0,13,0,3,22,0,25,0,11,27,0,38,10,0,10,48
05/25/2014,TWF,ID,ANM,WE,Combination Non-Radar Approach Control & Tower w/o Radar,0,9,4,0,13,0,0,25,0,25,0,9,29,0,38,0,0,0,38
05/26/2014,TWF,ID,ANM,WE,Combination Non-Radar Approach Control & Tower w/o Radar,0,8,3,0,11,0,2,35,0,37,0,10,38,0,48,0,0,0,48
05/27/2014,TWF,ID,ANM,WE,Combination Non-Radar Approach Control & Tower w/o Radar,0,9,9,0,18,0,5,67,0,72,0,14,76,0,90,36,0,36,126
05/28/2014,TWF,ID,ANM,WE,Combination Non-Radar Approach Control & Tower w/o Radar,0,14,3,0,17,0,3,63,0,66,0,17,66,0,83,30,0,30,113
05/29/2014,TWF,ID,ANM,WE,Combination Non-Radar Approach Control & Tower w/o Radar,0,14,5,0,19,0,4,29,0,33,0,18,34,0,52,22,0,22,74
05/30/2014,TWF,ID,ANM,WE,Combination Non-Radar Approach Control & Tower w/o Radar,0,13,5,0,18,0,3,56,0,59,0,16,61,0,77,52,0,52,129
05/31/2014,TWF,ID,ANM,WE,Combination Non-Radar Approach Control & Tower w/o Radar,0,8,4,0,12,0,4,63,0,67,0,12,67,0,79,54,0,54,133
06/01/2014,TWF,ID,ANM,WE,Combination Non-Radar Approach Control & Tower w/o Radar,0,8,7,0,15,0,0,25,0,25,0,8,32,0,40,12,0,12,52
06/02/2014,TWF,ID,ANM,WE,Combination Non-Radar Approach Control & Tower w/o Radar,0,9,3,0,12,0,3,67,0,70,0,12,70,0,82,56,0,56,138
06/03/2014,TWF,ID,ANM,WE,Combination Non-Radar Approach Control & Tower w/o Radar,0,15,6,0,21,0,2,29,0,31,0,17,35,0,52,0,0,0,52
06/04/2014,TWF,ID,ANM,WE,Combination Non-Radar Approach Control & Tower w/o Radar,0,16,11,0,27,0,3,83,0,86,0,19,94,0,113,48,0,48,161
06/05/2014,TWF,ID,ANM,WE,Combination Non-Radar Approach Control & Tower w/o Radar,1,10,5,0,16,0,4,37,0,41,1,14,42,0,57,12,0,12,69
06/06/2014,TWF,ID,ANM,WE,Combination Non-Radar Approach Control & Tower w/o Radar,0,12,8,0,20,0,2,45,0,47,0,14,53,0,67,48,0,48,115
06/07/2014,TWF,ID,ANM,WE,Combination Non-Radar Approach Control & Tower w/o Radar,0,5,4,0,9,0,2,67,0,69,0,7,71,0,78,34,0,34,112
06/08/2014,TWF,ID,ANM,WE,Combination Non-Radar Approach Control & Tower w/o Radar,0,6,6,2,14,0,0,25,0,25,0,6,31,2,39,8,0,8,47
06/09/2014,TWF,ID,ANM,WE,Combination Non-Radar Approach Control & Tower w/o Radar,0,6,3,0,9,0,10,40,0,50,0,16,43,0,59,70,0,70,129
06/10/2014,TWF,ID,ANM,WE,Combination Non-Radar Approach Control & Tower w/o Radar,0,10,4,4,18,0,3,29,3,35,0,13,33,7,53,20,10,30,83
06/11/2014,TWF,ID,ANM,WE,Combination Non-Radar Approach Control & Tower w/o Radar,0,8,8,0,16,0,3,77,0,80,0,11,85,0,96,92,0,92,188
06/12/2014,TWF,ID,ANM,WE,Combination Non-Radar Approach Control & Tower w/o Radar,0,11,3,0,14,0,3,37,0,40,0,14,40,0,54,30,0,30,84
06/13/2014,TWF,ID,ANM,WE,Combination Non-Radar Approach Control & Tower w/o Radar,0,9,5,0,14,0,3,16,0,19,0,12,21,0,33,10,0,10,43
06/14/2014,TWF,ID,ANM,WE,Combination Non-Radar Approach Control & Tower w/o Radar,0,8,1,0,9,0,2,20,0,22,0,10,21,0,31,2,0,2,33
06/15/2014,TWF,ID,ANM,WE,Combination Non-Radar Approach Control & Tower w/o Radar,0,3,3,0,6,0,0,62,0,62,0,3,65,0,68,0,0,0,68
06/16/2014,TWF,ID,ANM,WE,Combination Non-Radar Approach Control & Tower w/o Radar,0,10,6,0,16,0,0,18,0,18,0,10,24,0,34,2,0,2,36
06/17/2014,TWF,ID,ANM,WE,Combination Non-Radar Approach Control & Tower w/o Radar,0,10,4,0,14,0,2,15,0,17,0,12,19,0,31,10,0,10,41
06/18/2014,TWF,ID,ANM,WE,Combination Non-Radar Approach Control & Tower w/o Radar,0,12,10,0,22,0,0,10,0,10,0,12,20,0,32,8,0,8,40
06/19/2014,TWF,ID,ANM,WE,Combination Non-Radar Approach Control & Tower w/o Radar,0,11,19,0,30,0,8,135,0,143,0,19,154,0,173,68,0,68,241
06/20/2014,TWF,ID,ANM,WE,Combination Non-Radar Approach Control & Tower w/o Radar,0,7,4,0,11,0,5,93,0,98,0,12,97,0,109,38,0,38,147
06/21/2014,TWF,ID,ANM,WE,Combination Non-Radar Approach Control & Tower w/o Radar,0,2,1,0,3,0,4,51,0,55,0,6,52,0,58,8,0,8,66
06/22/2014,TWF,ID,ANM,WE,Combination Non-Radar Approach Control & Tower w/o Radar,0,3,1,0,4,0,0,32,0,32,0,3,33,0,36,0,0,0,36
06/23/2014,TWF,ID,ANM,WE,Combination Non-Radar Approach Control & Tower w/o Radar,0,8,2,0,10,0,1,82,0,83,0,9,84,0,93,20,0,20,113
06/24/2014,TWF,ID,ANM,WE,Combination Non-Radar Approach Control & Tower w/o Radar,0,7,5,0,12,0,3,38,0,41,0,10,43,0,53,24,0,24,77
06/25/2014,TWF,ID,ANM,WE,Combination Non-Radar Approach Control & Tower w/o Radar,0,9,8,3,20,0,2,104,2,108,0,11,112,5,128,26,6,32,160
06/26/2014,TWF,ID,ANM,WE,Combination Non-Radar Approach Control & Tower w/o Radar,0,12,8,0,20,0,2,32,0,34,0,14,40,0,54,2,0,2,56
06/27/2014,TWF,ID,ANM,WE,Combination Non-Radar Approach Control & Tower w/o Radar,0,8,9,0,17,0,2,37,0,39,0,10,46,0,56,6,0,6,62
06/28/2014,TWF,ID,ANM,WE,Combination Non-Radar Approach Control & Tower w/o Radar,0,7,6,0,13,0,8,61,0,69,0,15,67,0,82,12,0,12,94
06/29/2014,TWF,ID,ANM,WE,Combination Non-Radar Approach Control & Tower w/o Radar,1,3,4,0,8,0,1,73,0,74,1,4,77,0,82,36,0,36,118
06/30/2014,TWF,ID,ANM,WE,Combination Non-Radar Approach Control & Tower w/o Radar,0,8,8,2,18,0,3,63,1,67,0,11,71,3,85,16,8,24,109
07/01/2014,TWF,ID,ANM,WE,Combination Non-Radar Approach Control & Tower w/o Radar,0,7,5,4,16,0,4,70,2,76,0,11,75,6,92,0,12,12,104
07/02/2014,TWF,ID,ANM,WE,Combination Non-Radar Approach Control & Tower w/o Radar,0,12,5,0,17,0,4,100,0,104,0,16,105,0,121,148,0,148,269
07/03/2014,TWF,ID,ANM,WE,Combination Non-Radar Approach Control & Tower w/o Radar,0,9,6,0,15,0,2,60,0,62,0,11,66,0,77,86,0,86,163
07/04/2014,TWF,ID,ANM,WE,Combination Non-Radar Approach Control & Tower w/o Radar,0,4,10,0,14,0,0,68,0,68,0,4,78,0,82,2,0,2,84
07/05/2014,TWF,ID,ANM,WE,Combination Non-Radar Approach Control & Tower w/o Radar,0,8,6,0,14,0,3,66,0,69,0,11,72,0,83,0,0,0,83
07/06/2014,TWF,ID,ANM,WE,Combination Non-Radar Approach Control & Tower w/o Radar,0,3,7,0,10,0,0,46,0,46,0,3,53,0,56,48,0,48,104
07/07/2014,TWF,ID,ANM,WE,Combination Non-Radar Approach Control & Tower w/o Radar,0,3,3,0,6,0,4,50,0,54,0,7,53,0,60,2,0,2,62
07/08/2014,TWF,ID,ANM,WE,Combination Non-Radar Approach Control & Tower w/o Radar,0,20,17,0,37,0,1,63,0,64,0,21,80,0,101,24,0,24,125
07/09/2014,TWF,ID,ANM,WE,Combination Non-Radar Approach Control & Tower w/o Radar,0,15,13,4,32,0,1,104,4,109,0,16,117,8,141,14,0,14,155
07/10/2014,TWF,ID,ANM,WE,Combination Non-Radar Approach Control & Tower w/o Radar,0,13,5,0,18,0,1,56,0,57,0,14,61,0,75,44,0,44,119
07/11/2014,TWF,ID,ANM,WE,Combination Non-Radar Approach Control & Tower w/o Radar,0,15,6,0,21,0,8,64,0,72,0,23,70,0,93,40,0,40,133
07/12/2014,TWF,ID,ANM,WE,Combination Non-Radar Approach Control & Tower w/o Radar,0,13,4,0,17,0,5,72,0,77,0,18,76,0,94,26,0,26,120
07/13/2014,TWF,ID,ANM,WE,Combination Non-Radar Approach Control & Tower w/o Radar,0,8,2,0,10,0,0,31,0,31,0,8,33,0,41,36,0,36,77
07/14/2014,TWF,ID,ANM,WE,Combination Non-Radar Approach Control & Tower w/o Radar,0,11,6,0,17,0,2,76,0,78,0,13,82,0,95,16,0,16,111
07/15/2014,TWF,ID,ANM,WE,Combination Non-Radar Approach Control & Tower w/o Radar,0,10,9,0,19,0,3,106,0,109,0,13,115,0,128,0,0,0,128
07/16/2014,TWF,ID,ANM,WE,Combination Non-Radar Approach Control & Tower w/o Radar,0,8,6,4,18,0,1,95,4,100,0,9,101,8,118,18,4,22,140
07/17/2014,TWF,ID,ANM,WE,Combination Non-Radar Approach Control & Tower w/o Radar,0,15,9,0,24,0,4,54,0,58,0,19,63,0,82,38,0,38,120
07/18/2014,TWF,ID,ANM,WE,Combination Non-Radar Approach Control & Tower w/o Radar,0,8,7,0,15,0,2,58,0,60,0,10,65,0,75,14,0,14,89
07/19/2014,TWF,ID,ANM,WE,Combination Non-Radar Approach Control & Tower w/o Radar,0,8,6,0,14,0,4,46,0,50,0,12,52,0,64,0,0,0,64
07/20/2014,TWF,ID,ANM,WE,Combination Non-Radar Approach Control & Tower w/o Radar,0,5,5,0,10,0,0,67,0,67,0,5,72,0,77,24,0,24,101
07/21/2014,TWF,ID,ANM,WE,Combination Non-Radar Approach Control & Tower w/o Radar,0,8,2,4,14,0,2,64,2,68,0,10,66,6,82,12,18,30,112
07/22/2014,TWF,ID,ANM,WE,Combination Non-Radar Approach Control & Tower w/o Radar,0,10,8,3,21,0,5,88,3,96,0,15,96,6,117,50,8,58,175
07/23/2014,TWF,ID,ANM,WE,Combination Non-Radar Approach Control & Tower w/o Radar,0,8,2,0,10,0,3,105,0,108,0,11,107,0,118,20,0,20,138
07/24/2014,TWF,ID,ANM,WE,Combination Non-Radar Approach Control & Tower w/o Radar,0,8,4,0,12,0,3,38,0,41,0,11,42,0,53,22,0,22,75
07/25/2014,TWF,ID,ANM,WE,Combination Non-Radar Approach Control & Tower w/o Radar,1,14,2,0,17,0,2,70,0,72,1,16,72,0,89,26,0,26,115
07/26/2014,TWF,ID,ANM,WE,Combination Non-Radar Approach Control & Tower w/o Radar,0,5,3,0,8,0,4,75,0,79,0,9,78,0,87,14,0,14,101
07/27/2014,TWF,ID,ANM,WE,Combination Non-Radar Approach Control & Tower w/o Radar,0,5,1,1,7,0,0,40,3,43,0,5,41,4,50,32,0,32,82
07/28/2014,TWF,ID,ANM,WE,Combination Non-Radar Approach Control & Tower w/o Radar,0,12,7,3,22,0,2,73,0,75,0,14,80,3,97,2,0,2,99
07/29/2014,TWF,ID,ANM,WE,Combination Non-Radar Approach Control & Tower w/o Radar,0,14,3,2,19,0,3,77,0,80,0,17,80,2,99,16,12,28,127
07/30/2014,TWF,ID,ANM,WE,Combination Non-Radar Approach Control & Tower w/o Radar,0,12,7,0,19,0,2,76,0,78,0,14,83,0,97,54,0,54,151
07/31/2014,TWF,ID,ANM,WE,Combination Non-Radar Approach Control & Tower w/o Radar,0,8,6,0,14,0,4,100,4,108,0,12,106,4,122,56,22,78,200
08/01/2014,TWF,ID,ANM,WE,Combination Non-Radar Approach Control & Tower w/o Radar,0,13,3,0,16,0,8,87,0,95,0,21,90,0,111,78,0,78,189
08/02/2014,TWF,ID,ANM,WE,Combination Non-Radar Approach Control & Tower w/o Radar,0,4,0,0,4,0,4,67,0,71,0,8,67,0,75,8,0,8,83
08/03/2014,TWF,ID,ANM,WE,Combination Non-Radar Approach Control & Tower w/o Radar,0,3,2,0,5,0,0,22,0,22,0,3,24,0,27,0,0,0,27
08/04/2014,TWF,ID,ANM,WE,Combination Non-Radar Approach Control & Tower w/o Radar,1,10,0,0,11,0,4,18,0,22,1,14,18,0,33,12,0,12,45
08/05/2014,TWF,ID,ANM,WE,Combination Non-Radar Approach Control & Tower w/o Radar,0,18,3,2,23,0,0,5,0,5,0,18,8,2,28,0,0,0,28
08/06/2014,TWF,ID,ANM,WE,Combination Non-Radar Approach Control & Tower w/o Radar,0,7,6,0,13,0,0,1,0,1,0,7,7,0,14,0,0,0,14
08/07/2014,TWF,ID,ANM,WE,Combination Non-Radar Approach Control & Tower w/o Radar,0,12,2,0,14,0,2,44,0,46,0,14,46,0,60,12,0,12,72
08/08/2014,TWF,ID,ANM,WE,Combination Non-Radar Approach Control & Tower w/o Radar,0,7,4,0,11,0,3,76,1,80,0,10,80,1,91,48,0,48,139
08/09/2014,TWF,ID,ANM,WE,Combination Non-Radar Approach Control & Tower w/o Radar,0,9,4,0,13,0,4,67,0,71,0,13,71,0,84,18,0,18,102
08/10/2014,TWF,ID,ANM,WE,Combination Non-Radar Approach Control & Tower w/o Radar,0,4,0,0,4,0,1,33,0,34,0,5,33,0,38,34,0,34,72
08/11/2014,TWF,ID,ANM,WE,Combination Non-Radar Approach Control & Tower w/o Radar,0,7,3,5,15,0,3,46,7,56,0,10,49,12,71,16,12,28,99
08/12/2014,TWF,ID,ANM,WE,Combination Non-Radar Approach Control & Tower w/o Radar,0,12,1,2,15,0,2,25,1,28,0,14,26,3,43,0,24,24,67
08/13/2014,TWF,ID,ANM,WE,Combination Non-Radar Approach Control & Tower w/o Radar,0,14,9,2,25,0,2,45,3,50,0,16,54,5,75,12,0,12,87
08/14/2014,TWF,ID,ANM,WE,Combination Non-Radar Approach Control & Tower w/o Radar,0,11,8,6,25,0,8,67,7,82,0,19,75,13,107,16,8,24,131
08/15/2014,TWF,ID,ANM,WE,Combination Non-Radar Approach Control & Tower w/o Radar,0,8,2,0,10,0,4,70,0,74,0,12,72,0,84,26,0,26,110
08/16/2014,TWF,ID,ANM,WE,Combination Non-Radar Approach Control & Tower w/o Radar,0,5,1,2,8,0,4,24,0,28,0,9,25,2,36,10,0,10,46
08/17/2014,TWF,ID,ANM,WE,Combination Non-Radar Approach Control & Tower w/o Radar,0,5,6,0,11,0,0,25,0,25,0,5,31,0,36,12,0,12,48
08/18/2014,TWF,ID,ANM,WE,Combination Non-Radar Approach Control & Tower w/o Radar,0,6,6,4,16,0,6,27,3,36,0,12,33,7,52,0,4,4,56
08/19/2014,TWF,ID,ANM,WE,Combination Non-Radar Approach Control & Tower w/o Radar,0,14,6,3,23,0,6,36,3,45,0,20,42,6,68,12,2,14,82
08/20/2014,TWF,ID,ANM,WE,Combination Non-Radar Approach Control & Tower w/o Radar,0,10,13,0,23,0,3,40,0,43,0,13,53,0,66,26,0,26,92
08/21/2014,TWF,ID,ANM,WE,Combination Non-Radar Approach Control & Tower w/o Radar,0,10,16,3,29,0,2,25,4,31,0,12,41,7,60,0,24,24,84
08/22/2014,TWF,ID,ANM,WE,Combination Non-Radar Approach Control & Tower w/o Radar,0,10,4,0,14,0,1,16,0,17,0,11,20,0,31,0,0,0,31
08/23/2014,TWF,ID,ANM,WE,Combination Non-Radar Approach Control & Tower w/o Radar,0,5,6,0,11,0,3,29,0,32,0,8,35,0,43,8,0,8,51
08/24/2014,TWF,ID,ANM,WE,Combination Non-Radar Approach Control & Tower w/o Radar,0,3,6,0,9,0,0,38,0,38,0,3,44,0,47,48,0,48,95
08/25/2014,TWF,ID,ANM,WE,Combination Non-Radar Approach Control & Tower w/o Radar,0,9,1,0,10,0,2,14,0,16,0,11,15,0,26,0,0,0,26
08/26/2014,TWF,ID,ANM,WE,Combination Non-Radar Approach Control & Tower w/o Radar,0,15,13,1,29,0,4,73,1,78,0,19,86,2,107,8,0,8,115
08/27/2014,TWF,ID,ANM,WE,Combination Non-Radar Approach Control & Tower w/o Radar,0,11,5,0,16,0,5,36,0,41,0,16,41,0,57,6,0,6,63
08/28/2014,TWF,ID,ANM,WE,Combination Non-Radar Approach Control & Tower w/o Radar,0,10,5,0,15,0,2,62,0,64,0,12,67,0,79,14,0,14,93
08/29/2014,TWF,ID,ANM,WE,Combination Non-Radar Approach Control & Tower w/o Radar,0,10,7,2,19,0,6,28,0,34,0,16,35,2,53,6,0,6,59
08/30/2014,TWF,ID,ANM,WE,Combination Non-Radar Approach Control & Tower w/o Radar,0,10,5,0,15,0,5,10,0,15,0,15,15,0,30,4,0,4,34
08/31/2014,TWF,ID,ANM,WE,Combination Non-Radar Approach Control & Tower w/o Radar,0,1,0,0,1,0,1,12,0,13,0,2,12,0,14,0,0,0,14
09/01/2014,TWF,ID,ANM,WE,Combination Non-Radar Approach Control & Tower w/o Radar,0,3,16,0,19,0,0,46,0,46,0,3,62,0,65,26,0,26,91
09/02/2014,TWF,ID,ANM,WE,Combination Non-Radar Approach Control & Tower w/o Radar,0,8,5,0,13,0,6,34,0,40,0,14,39,0,53,16,0,16,69
09/03/2014,TWF,ID,ANM,WE,Combination Non-Radar Approach Control & Tower w/o Radar,0,11,5,0,16,0,3,16,0,19,0,14,21,0,35,8,0,8,43
09/04/2014,TWF,ID,ANM,WE,Combination Non-Radar Approach Control & Tower w/o Radar,0,8,2,0,10,0,3,40,0,43,0,11,42,0,53,90,0,90,143
09/05/2014,TWF,ID,ANM,WE,Combination Non-Radar Approach Control & Tower w/o Radar,0,14,2,1,17,0,2,37,0,39,0,16,39,1,56,20,0,20,76
09/06/2014,TWF,ID,ANM,WE,Combination Non-Radar Approach Control & Tower w/o Radar,0,6,2,0,8,0,1,38,3,42,0,7,40,3,50,8,0,8,58
09/07/2014,TWF,ID,ANM,WE,Combination Non-Radar Approach Control & Tower w/o Radar,0,2,0,0,2,0,0,31,0,31,0,2,31,0,33,14,0,14,47
09/08/2014,TWF,ID,ANM,WE,Combination Non-Radar Approach Control & Tower w/o Radar,0,9,7,0,16,0,7,49,0,56,0,16,56,0,72,36,0,36,108
09/09/2014,TWF,ID,ANM,WE,Combination Non-Radar Approach Control & Tower w/o Radar,0,10,5,2,17,0,3,17,3,23,0,13,22,5,40,0,20,20,60
09/10/2014,TWF,ID,ANM,WE,Combination Non-Radar Approach Control & Tower w/o Radar,0,8,6,1,15,0,4,19,1,24,0,12,25,2,39,2,0,2,41
09/11/2014,TWF,ID,ANM,WE,Combination Non-Radar Approach Control & Tower w/o Radar,0,10,10,9,29,0,5,28,8,41,0,15,38,17,70,28,18,46,116
09/12/2014,TWF,ID,ANM,WE,Combination Non-Radar Approach Control & Tower w/o Radar,0,11,8,0,19,0,2,33,0,35,0,13,41,0,54,4,0,4,58
09/13/2014,TWF,ID,ANM,WE,Combination Non-Radar Approach Control & Tower w/o Radar,0,7,2,2,11,0,4,54,0,58,0,11,56,2,69,60,0,60,129
09/14/2014,TWF,ID,ANM,WE,Combination Non-Radar Approach Control & Tower w/o Radar,0,4,2,0,6,0,0,28,0,28,0,4,30,0,34,14,0,14,48
09/15/2014,TWF,ID,ANM,WE,Combination Non-Radar Approach Control & Tower w/o Radar,0,5,2,0,7,0,3,18,0,21,0,8,20,0,28,18,0,18,46
09/16/2014,TWF,ID,ANM,WE,Combination Non-Radar Approach Control & Tower w/o Radar,0,10,2,3,15,0,3,15,3,21,0,13,17,6,36,30,0,30,66
09/17/2014,TWF,ID,ANM,WE,Combination Non-Radar Approach Control & Tower w/o Radar,0,11,5,0,16,0,4,13,0,17,0,15,18,0,33,0,0,0,33
09/18/2014,TWF,ID,ANM,WE,Combination Non-Radar Approach Control & Tower w/o Radar,0,10,5,1,16,0,3,42,1,46,0,13,47,2,62,16,8,24,86
09/19/2014,TWF,ID,ANM,WE,Combination Non-Radar Approach Control & Tower w/o Radar,0,10,11,0,21,0,3,50,0,53,0,13,61,0,74,48,0,48,122
09/20/2014,TWF,ID,ANM,WE,Combination Non-Radar Approach Control & Tower w/o Radar,0,4,0,0,4,0,1,47,0,48,0,5,47,0,52,20,0,20,72
09/21/2014,TWF,ID,ANM,WE,Combination Non-Radar Approach Control & Tower w/o Radar,0,3,0,0,3,0,0,18,0,18,0,3,18,0,21,22,0,22,43
09/22/2014,TWF,ID,ANM,WE,Combination Non-Radar Approach Control & Tower w/o Radar,0,7,2,0,9,0,5,27,0,32,0,12,29,0,41,16,0,16,57
09/23/2014,TWF,ID,ANM,WE,Combination Non-Radar Approach Control & Tower w/o Radar,0,9,5,0,14,0,9,42,0,51,0,18,47,0,65,12,0,12,77
09/24/2014,TWF,ID,ANM,WE,Combination Non-Radar Approach Control & Tower w/o Radar,0,8,13,1,22,0,3,44,0,47,0,11,57,1,69,18,0,18,87
09/25/2014,TWF,ID,ANM,WE,Combination Non-Radar Approach Control & Tower w/o Radar,0,10,3,0,13,0,3,37,0,40,0,13,40,0,53,14,0,14,67
09/26/2014,TWF,ID,ANM,WE,Combination Non-Radar Approach Control & Tower w/o Radar,0,8,3,0,11,0,3,24,0,27,0,11,27,0,38,14,0,14,52
09/27/2014,TWF,ID,ANM,WE,Combination Non-Radar Approach Control & Tower w/o Radar,0,7,8,0,15,0,2,14,0,16,0,9,22,0,31,0,0,0,31
09/28/2014,TWF,ID,ANM,WE,Combination Non-Radar Approach Control & Tower w/o Radar,0,9,3,0,12,0,0,12,3,15,0,9,15,3,27,16,8,24,51
09/29/2014,TWF,ID,ANM,WE,Combination Non-Radar Approach Control & Tower w/o Radar,2,21,4,0,27,0,0,2,0,2,2,21,6,0,29,0,0,0,29
09/30/2014,TWF,ID,ANM,WE,Combination Non-Radar Approach Control & Tower w/o Radar,0,14,0,0,14,0,1,15,0,16,0,15,15,0,30,6,0,6,36
10/01/2014,TWF,ID,ANM,WE,Combination Non-Radar Approach Control & Tower w/o Radar,0,9,12,0,21,0,4,20,0,24,0,13,32,0,45,14,0,14,59
10/02/2014,TWF,ID,ANM,WE,Combination Non-Radar Approach Control & Tower w/o Radar,0,10,7,0,17,0,4,20,0,24,0,14,27,0,41,14,0,14,55
10/03/2014,TWF,ID,ANM,WE,Combination Non-Radar Approach Control & Tower w/o Radar,0,8,6,0,14,0,3,26,0,29,0,11,32,0,43,36,0,36,79
10/04/2014,TWF,ID,ANM,WE,Combination Non-Radar Approach Control & Tower w/o Radar,0,7,0,0,7,0,2,21,0,23,0,9,21,0,30,16,0,16,46
10/05/2014,TWF,ID,ANM,WE,Combination Non-Radar Approach Control & Tower w/o Radar,0,3,6,0,9,0,0,29,0,29,0,3,35,0,38,0,0,0,38
10/06/2014,TWF,ID,ANM,WE,Combination Non-Radar Approach Control & Tower w/o Radar,0,7,3,0,10,0,3,16,0,19,0,10,19,0,29,16,0,16,45
10/07/2014,TWF,ID,ANM,WE,Combination Non-Radar Approach Control & Tower w/o Radar,0,12,9,0,21,0,10,32,0,42,0,22,41,0,63,6,0,6,69
10/08/2014,TWF,ID,ANM,WE,Combination Non-Radar Approach Control & Tower w/o Radar,0,10,2,0,12,0,4,34,0,38,0,14,36,0,50,68,0,68,118
10/09/2014,TWF,ID,ANM,WE,Combination Non-Radar Approach Control & Tower w/o Radar,0,10,1,3,14,0,3,46,6,55,0,13,47,9,69,66,0,66,135
10/10/2014,TWF,ID,ANM,WE,Combination Non-Radar Approach Control & Tower w/o Radar,0,12,6,0,18,0,5,37,0,42,0,17,43,0,60,24,0,24,84
10/11/2014,TWF,ID,ANM,WE,Combination Non-Radar Approach Control & Tower w/o Radar,2,8,3,0,13,0,3,19,0,22,2,11,22,0,35,2,0,2,37
10/12/2014,TWF,ID,ANM,WE,Combination Non-Radar Approach Control & Tower w/o Radar,0,3,1,0,4,0,0,6,0,6,0,3,7,0,10,0,0,0,10
10/13/2014,TWF,ID,ANM,WE,Combination Non-Radar Approach Control & Tower w/o Radar,0,10,0,0,10,0,2,8,0,10,0,12,8,0,20,16,0,16,36
10/14/2014,TWF,ID,ANM,WE,Combination Non-Radar Approach Control & Tower w/o Radar,2,8,10,0,20,0,3,14,0,17,2,11,24,0,37,36,0,36,73
10/15/2014,TWF,ID,ANM,WE,Combination Non-Radar Approach Control & Tower w/o Radar,0,15,1,4,20,0,3,6,0,9,0,18,7,4,29,4,0,4,33
10/16/2014,TWF,ID,ANM,WE,Combination Non-Radar Approach Control & Tower w/o Radar,0,11,3,4,18,0,3,32,4,39,0,14,35,8,57,18,14,32,89
10/17/2014,TWF,ID,ANM,WE,Combination Non-Radar Approach Control & Tower w/o Radar,0,9,8,0,17,0,3,24,0,27,0,12,32,0,44,32,0,32,76
10/18/2014,TWF,ID,ANM,WE,Combination Non-Radar Approach Control & Tower w/o Radar,0,6,3,0,9,0,3,30,0,33,0,9,33,0,42,18,0,18,60
10/19/2014,TWF,ID,ANM,WE,Combination Non-Radar Approach Control & Tower w/o Radar,0,4,3,0,7,0,0,37,0,37,0,4,40,0,44,16,0,16,60
10/20/2014,TWF,ID,ANM,WE,Combination Non-Radar Approach Control & Tower w/o Radar,0,5,3,1,9,0,4,18,3,25,0,9,21,4,34,2,2,4,38
10/21/2014,TWF,ID,ANM,WE,Combination Non-Radar Approach Control & Tower w/o Radar,0,9,1,0,10,0,2,4,0,6,0,11,5,0,16,0,0,0,16
10/22/2014,TWF,ID,ANM,WE,Combination Non-Radar Approach Control & Tower w/o Radar,0,9,9,0,18,0,2,26,0,28,0,11,35,0,46,10,0,10,56
10/23/2014,TWF,ID,ANM,WE,Combination Non-Radar Approach Control & Tower w/o Radar,0,9,2,0,11,0,3,22,0,25,0,12,24,0,36,30,0,30,66
10/24/2014,TWF,ID,ANM,WE,Combination Non-Radar Approach Control & Tower w/o Radar,0,9,4,0,13,0,3,32,0,35,0,12,36,0,48,30,0,30,78
10/25/2014,TWF,ID,ANM,WE,Combination Non-Radar Approach Control & Tower w/o Radar,0,8,4,0,12,0,2,13,0,15,0,10,17,0,27,10,0,10,37
10/26/2014,TWF,ID,ANM,WE,Combination Non-Radar Approach Control & Tower w/o Radar,0,7,0,0,7,0,0,1,0,1,0,7,1,0,8,0,0,0,8
10/27/2014,TWF,ID,ANM,WE,Combination Non-Radar Approach Control & Tower w/o Radar,0,8,6,0,14,0,4,2,2,8,0,12,8,2,22,2,0,2,24
10/28/2014,TWF,ID,ANM,WE,Combination Non-Radar Approach Control & Tower w/o Radar,0,15,4,3,22,0,7,36,2,45,0,22,40,5,67,40,0,40,107
10/29/2014,TWF,ID,ANM,WE,Combination Non-Radar Approach Control & Tower w/o Radar,0,11,4,0,15,0,2,19,0,21,0,13,23,0,36,26,0,26,62
10/30/2014,TWF,ID,ANM,WE,Combination Non-Radar Approach Control & Tower w/o Radar,0,8,2,2,12,0,3,26,2,31,0,11,28,4,43,30,18,48,91
10/31/2014,TWF,ID,ANM,WE,Combination Non-Radar Approach Control & Tower w/o Radar,0,8,1,0,9,0,3,22,0,25,0,11,23,0,34,16,0,16,50
11/01/2014,TWF,ID,ANM,WE,Combination Non-Radar Approach Control & Tower w/o Radar,0,7,4,0,11,0,3,3,0,6,0,10,7,0,17,0,0,0,17
11/02/2014,TWF,ID,ANM,WE,Combination Non-Radar Approach Control & Tower w/o Radar,2,6,3,0,11,0,0,1,0,1,2,6,4,0,12,0,0,0,12
11/03/2014,TWF,ID,ANM,WE,Combination Non-Radar Approach Control & Tower w/o Radar,0,9,5,0,14,0,2,15,1,18,0,11,20,1,32,14,0,14,46
11/04/2014,TWF,ID,ANM,WE,Combination Non-Radar Approach Control & Tower w/o Radar,0,10,5,0,15,0,1,15,0,16,0,11,20,0,31,6,0,6,37
11/05/2014,TWF,ID,ANM,WE,Combination Non-Radar Approach Control & Tower w/o Radar,0,11,3,0,14,0,2,22,0,24,0,13,25,0,38,78,0,78,116
11/06/2014,TWF,ID,ANM,WE,Combination Non-Radar Approach Control & Tower w/o Radar,0,11,5,0,16,0,9,13,0,22,0,20,18,0,38,40,0,40,78
11/07/2014,TWF,ID,ANM,WE,Combination Non-Radar Approach Control & Tower w/o Radar,0,13,3,0,16,0,3,41,0,44,0,16,44,0,60,54,0,54,114
11/08/2014,TWF,ID,ANM,WE,Combination Non-Radar Approach Control & Tower w/o Radar,0,10,1,0,11,0,4,25,0,29,0,14,26,0,40,26,0,26,66
11/09/2014,TWF,ID,ANM,WE,Combination Non-Radar Approach Control & Tower w/o Radar,0,4,1,0,5,0,0,21,0,21,0,4,22,0,26,2,0,2,28
11/10/2014,TWF,ID,ANM,WE,Combination Non-Radar Approach Control & Tower w/o Radar,0,7,8,0,15,0,2,7,0,9,0,9,15,0,24,14,0,14,38
11/11/2014,TWF,ID,ANM,WE,Combination Non-Radar Approach Control & Tower w/o Radar,0,12,5,0,17,0,2,15,0,17,0,14,20,0,34,28,0,28,62
11/12/2014,TWF,ID,ANM,WE,Combination Non-Radar Approach Control & Tower w/o Radar,0,11,3,0,14,0,4,20,6,30,0,15,23,6,44,62,0,62,106
11/13/2014,TWF,ID,ANM,WE,Combination Non-Radar Approach Control & Tower w/o Radar,2,13,6,0,21,0,1,0,0,1,2,14,6,0,22,0,0,0,22
11/14/2014,TWF,ID,ANM,WE,Combination Non-Radar Approach Control & Tower w/o Radar,3,10,4,0,17,0,0,0,0,0,3,10,4,0,17,0,0,0,17
11/15/2014,TWF,ID,ANM,WE,Combination Non-Radar Approach Control & Tower w/o Radar,2,8,7,0,17,0,2,6,0,8,2,10,13,0,25,0,0,0,25
11/16/2014,TWF,ID,ANM,WE,Combination Non-Radar Approach Control & Tower w/o Radar,0,10,10,0,20,0,0,33,0,33,0,10,43,0,53,0,0,0,53
11/17/2014,TWF,ID,ANM,WE,Combination Non-Radar Approach Control & Tower w/o Radar,0,7,5,0,12,0,3,22,0,25,0,10,27,0,37,142,0,142,179
11/18/2014,TWF,ID,ANM,WE,Combination Non-Radar Approach Control & Tower w/o Radar,0,14,8,0,22,0,5,26,1,32,0,19,34,1,54,80,0,80,134
11/19/2014,TWF,ID,ANM,WE,Combination Non-Radar Approach Control & Tower w/o Radar,0,14,12,0,26,0,8,20,0,28,0,22,32,0,54,34,0,34,88
11/20/2014,TWF,ID,ANM,WE,Combination Non-Radar Approach Control & Tower w/o Radar,0,13,1,0,14,0,1,23,0,24,0,14,24,0,38,80,0,80,118
11/21/2014,TWF,ID,ANM,WE,Combination Non-Radar Approach Control & Tower w/o Radar,0,15,6,1,22,0,12,25,0,37,0,27,31,1,59,10,0,10,69
11/22/2014,TWF,ID,ANM,WE,Combination Non-Radar Approach Control & Tower w/o Radar,3,15,1,1,20,0,0,1,0,1,3,15,2,1,21,0,0,0,21
11/23/2014,TWF,ID,ANM,WE,Combination Non-Radar Approach Control & Tower w/o Radar,0,2,3,0,5,0,0,4,0,4,0,2,7,0,9,0,0,0,9
11/24/2014,TWF,ID,ANM,WE,Combination Non-Radar Approach Control & Tower w/o Radar,0,14,4,3,21,0,0,14,2,16,0,14,18,5,37,30,12,42,79
11/25/2014,TWF,ID,ANM,WE,Combination Non-Radar Approach Control & Tower w/o Radar,0,18,6,0,24,0,1,0,0,1,0,19,6,0,25,0,0,0,25
11/26/2014,TWF,ID,ANM,WE,Combination Non-Radar Approach Control & Tower w/o Radar,0,15,4,0,19,0,6,37,2,45,0,21,41,2,64,42,0,42,106
11/27/2014,TWF,ID,ANM,WE,Combination Non-Radar Approach Control & Tower w/o Radar,0,3,3,0,6,0,0,9,0,9,0,3,12,0,15,0,0,0,15
11/28/2014,TWF,ID,ANM,WE,Combination Non-Radar Approach Control & Tower w/o Radar,0,12,3,0,15,0,3,19,0,22,0,15,22,0,37,40,0,40,77
11/29/2014,TWF,ID,ANM,WE,Combination Non-Radar Approach Control & Tower w/o Radar,2,9,3,0,14,0,0,2,2,4,2,9,5,2,18,0,0,0,18
11/30/2014,TWF,ID,ANM,WE,Combination Non-Radar Approach Control & Tower w/o Radar,0,6,6,0,12,0,0,25,0,25,0,6,31,0,37,10,0,10,47
12/01/2014,TWF,ID,ANM,WE,Combination Non-Radar Approach Control & Tower w/o Radar,1,16,14,0,31,0,0,12,0,12,1,16,26,0,43,40,0,40,83
12/02/2014,TWF,ID,ANM,WE,Combination Non-Radar Approach Control & Tower w/o Radar,1,12,11,2,26,0,1,18,0,19,1,13,29,2,45,0,0,0,45
12/03/2014,TWF,ID,ANM,WE,Combination Non-Radar Approach Control & Tower w/o Radar,1,19,4,3,27,0,0,17,6,23,1,19,21,9,50,52,0,52,102
12/04/2014,TWF,ID,ANM,WE,Combination Non-Radar Approach Control & Tower w/o Radar,1,13,1,1,16,0,0,15,2,17,1,13,16,3,33,6,0,6,39
12/05/2014,TWF,ID,ANM,WE,Combination Non-Radar Approach Control & Tower w/o Radar,0,11,5,4,20,0,1,32,3,36,0,12,37,7,56,58,0,58,114
12/06/2014,TWF,ID,ANM,WE,Combination Non-Radar Approach Control & Tower w/o Radar,0,7,6,1,14,0,3,12,5,20,0,10,18,6,34,2,2,4,38
12/07/2014,TWF,ID,ANM,WE,Combination Non-Radar Approach Control & Tower w/o Radar,0,6,5,0,11,0,0,25,0,25,0,6,30,0,36,4,0,4,40
12/08/2014,TWF,ID,ANM,WE,Combination Non-Radar Approach Control & Tower w/o Radar,2,9,6,1,18,2,0,24,1,27,4,9,30,2,45,9,0,9,54
12/09/2014,TWF,ID,ANM,WE,Combination Non-Radar Approach Control & Tower w/o Radar,0,15,4,0,19,0,6,18,0,24,0,21,22,0,43,40,0,40,83
12/10/2014,TWF,ID,ANM,WE,Combination Non-Radar Approach Control & Tower w/o Radar,0,9,5,3,17,0,3,18,1,22,0,12,23,4,39,14,0,14,53
12/11/2014,TWF,ID,ANM,WE,Combination Non-Radar Approach Control & Tower w/o Radar,0,8,2,4,14,0,0,4,2,6,0,8,6,6,20,10,4,14,34
12/12/2014,TWF,ID,ANM,WE,Combination Non-Radar Approach Control & Tower w/o Radar,0,11,4,0,15,0,0,13,0,13,0,11,17,0,28,16,0,16,44
12/13/2014,TWF,ID,ANM,WE,Combination Non-Radar Approach Control & Tower w/o Radar,0,8,6,0,14,0,2,8,0,10,0,10,14,0,24,1,0,1,25
12/14/2014,TWF,ID,ANM,WE,Combination Non-Radar Approach Control & Tower w/o Radar,0,6,8,2,16,0,1,14,2,17,0,7,22,4,33,30,0,30,63
12/15/2014,TWF,ID,ANM,WE,Combination Non-Radar Approach Control & Tower w/o Radar,0,8,4,0,12,0,1,25,0,26,0,9,29,0,38,18,0,18,56
12/16/2014,TWF,ID,ANM,WE,Combination Non-Radar Approach Control & Tower w/o Radar,1,35,6,0,42,0,3,5,0,8,1,38,11,0,50,8,0,8,58
12/17/2014,TWF,ID,ANM,WE,Combination Non-Radar Approach Control & Tower w/o Radar,0,9,6,0,15,0,0,16,0,16,0,9,22,0,31,52,0,52,83
12/18/2014,TWF,ID,ANM,WE,Combination Non-Radar Approach Control & Tower w/o Radar,0,13,3,0,16,0,1,26,0,27,0,14,29,0,43,26,0,26,69
12/19/2014,TWF,ID,ANM,WE,Combination Non-Radar Approach Control & Tower w/o Radar,4,35,30,0,69,0,0,3,0,3,4,35,33,0,72,0,0,0,72
12/20/2014,TWF,ID,ANM,WE,Combination Non-Radar Approach Control & Tower w/o Radar,9,52,56,2,119,0,0,4,0,4,9,52,60,2,123,0,0,0,123
12/21/2014,TWF,ID,ANM,WE,Combination Non-Radar Approach Control & Tower w/o Radar,7,23,13,0,43,0,1,3,0,4,7,24,16,0,47,0,0,0,47
12/22/2014,TWF,ID,ANM,WE,Combination Non-Radar Approach Control & Tower w/o Radar,0,7,5,0,12,0,1,4,0,5,0,8,9,0,17,2,0,2,19
12/23/2014,TWF,ID,ANM,WE,Combination Non-Radar Approach Control & Tower w/o Radar,0,7,3,2,12,0,0,41,2,43,0,7,44,4,55,42,2,44,99
12/24/2014,TWF,ID,ANM,WE,Combination Non-Radar Approach Control & Tower w/o Radar,6,15,13,0,34,0,0,6,0,6,6,15,19,0,40,26,0,26,66
12/25/2014,TWF,ID,ANM,WE,Combination Non-Radar Approach Control & Tower w/o Radar,0,4,0,0,4,0,0,1,0,1,0,4,1,0,5,0,0,0,5
12/26/2014,TWF,ID,ANM,WE,Combination Non-Radar Approach Control & Tower w/o Radar,3,11,3,0,17,0,0,16,0,16,3,11,19,0,33,0,0,0,33
12/27/2014,TWF,ID,ANM,WE,Combination Non-Radar Approach Control & Tower w/o Radar,0,9,9,0,18,0,1,10,0,11,0,10,19,0,29,8,0,8,37
12/28/2014,TWF,ID,ANM,WE,Combination Non-Radar Approach Control & Tower w/o Radar,0,4,3,0,7,0,0,3,0,3,0,4,6,0,10,24,0,24,34
12/29/2014,TWF,ID,ANM,WE,Combination Non-Radar Approach Control & Tower w/o Radar,0,10,5,4,19,0,0,4,0,4,0,10,9,4,23,4,0,4,27
12/30/2014,TWF,ID,ANM,WE,Combination Non-Radar Approach Control & Tower w/o Radar,0,15,0,0,15,0,0,15,0,15,0,15,15,0,30,64,0,64,94
12/31/2014,TWF,ID,ANM,WE,Combination Non-Radar Approach Control & Tower w/o Radar,0,11,3,0,14,0,2,14,0,16,0,13,17,0,30,18,0,18,48
01/01/2015,TWF,ID,ANM,WE,Combination Non-Radar Approach Control & Tower w/o Radar,2,8,2,0,12,0,0,10,0,10,2,8,12,0,22,20,0,20,42
01/02/2015,TWF,ID,ANM,WE,Combination Non-Radar Approach Control & Tower w/o Radar,0,7,8,0,15,0,5,19,0,24,0,12,27,0,39,24,0,24,63
01/03/2015,TWF,ID,ANM,WE,Combination Non-Radar Approach Control & Tower w/o Radar,0,11,7,0,18,0,3,13,0,16,0,14,20,0,34,0,0,0,34
01/04/2015,TWF,ID,ANM,WE,Combination Non-Radar Approach Control & Tower w/o Radar,0,7,1,2,10,0,0,3,0,3,0,7,4,2,13,16,0,16,29
01/05/2015,TWF,ID,ANM,WE,Combination Non-Radar Approach Control & Tower w/o Radar,0,12,4,0,16,0,0,9,1,10,0,12,13,1,26,18,0,18,44
01/06/2015,TWF,ID,ANM,WE,Combination Non-Radar Approach Control & Tower w/o Radar,0,11,7,0,18,0,4,18,1,23,0,15,25,1,41,8,0,8,49
01/07/2015,TWF,ID,ANM,WE,Combination Non-Radar Approach Control & Tower w/o Radar,0,13,6,2,21,0,6,23,0,29,0,19,29,2,50,2,0,2,52
01/08/2015,TWF,ID,ANM,WE,Combination Non-Radar Approach Control & Tower w/o Radar,0,1,1,0,2,0,0,0,0,0,0,1,1,0,2,0,0,0,2
01/09/2015,TWF,ID,ANM,WE,Combination Non-Radar Approach Control & Tower w/o Radar,0,14,3,0,17,0,1,2,0,3,0,15,5,0,20,0,0,0,20
01/10/2015,TWF,ID,ANM,WE,Combination Non-Radar Approach Control & Tower w/o Radar,0,6,3,0,9,0,0,2,0,2,0,6,5,0,11,0,0,0,11
01/11/2015,TWF,ID,ANM,WE,Combination Non-Radar Approach Control & Tower w/o Radar,0,6,9,0,15,0,0,0,0,0,0,6,9,0,15,0,0,0,15
01/12/2015,TWF,ID,ANM,WE,Combination Non-Radar Approach Control & Tower w/o Radar,1,7,7,0,15,0,0,0,0,0,1,7,7,0,15,0,0,0,15
01/13/2015,TWF,ID,ANM,WE,Combination Non-Radar Approach Control & Tower w/o Radar,0,16,5,0,21,0,1,13,0,14,0,17,18,0,35,4,0,4,39
01/14/2015,TWF,ID,ANM,WE,Combination Non-Radar Approach Control & Tower w/o Radar,0,18,3,0,21,0,0,9,0,9,0,18,12,0,30,4,0,4,34
01/15/2015,TWF,ID,ANM,WE,Combination Non-Radar Approach Control & Tower w/o Radar,0,16,2,0,18,0,4,27,0,31,0,20,29,0,49,52,0,52,101
01/16/2015,TWF,ID,ANM,WE,Combination Non-Radar Approach Control & Tower w/o Radar,4,33,23,0,60,0,0,0,0,0,4,33,23,0,60,26,0,26,86
01/17/2015,TWF,ID,ANM,WE,Combination Non-Radar Approach Control & Tower w/o Radar,1,14,7,0,22,0,2,16,0,18,1,16,23,0,40,14,0,14,54
01/18/2015,TWF,ID,ANM,WE,Combination Non-Radar Approach Control & Tower w/o Radar,0,6,5,0,11,0,0,7,0,7,0,6,12,0,18,14,0,14,32
01/19/2015,TWF,ID,ANM,WE,Combination Non-Radar Approach Control & Tower w/o Radar,0,8,5,0,13,0,5,26,1,32,0,13,31,1,45,55,0,55,100
01/20/2015,TWF,ID,ANM,WE,Combination Non-Radar Approach Control & Tower w/o Radar,0,12,6,0,18,0,3,18,0,21,0,15,24,0,39,10,0,10,49
01/21/2015,TWF,ID,ANM,WE,Combination Non-Radar Approach Control & Tower w/o Radar,0,11,4,2,17,0,2,9,0,11,0,13,13,2,28,12,0,12,40
01/22/2015,TWF,ID,ANM,WE,Combination Non-Radar Approach Control & Tower w/o Radar,0,10,4,2,16,0,4,20,1,25,0,14,24,3,41,22,0,22,63
01/23/2015,TWF,ID,ANM,WE,Combination Non-Radar Approach Control & Tower w/o Radar,0,8,4,0,12,0,0,2,0,2,0,8,6,0,14,0,0,0,14
01/24/2015,TWF,ID,ANM,WE,Combination Non-Radar Approach Control & Tower w/o Radar,0,7,0,0,7,0,0,5,1,6,0,7,5,1,13,6,0,6,19
01/25/2015,TWF,ID,ANM,WE,Combination Non-Radar Approach Control & Tower w/o Radar,0,5,2,0,7,0,0,24,0,24,0,5,26,0,31,36,0,36,67
01/26/2015,TWF,ID,ANM,WE,Combination Non-Radar Approach Control & Tower w/o Radar,0,6,0,0,6,0,2,5,0,7,0,8,5,0,13,8,0,8,21
01/27/2015,TWF,ID,ANM,WE,Combination Non-Radar Approach Control & Tower w/o Radar,0,11,4,0,15,0,0,11,0,11,0,11,15,0,26,4,0,4,30
01/28/2015,TWF,ID,ANM,WE,Combination Non-Radar Approach Control & Tower w/o Radar,1,29,11,0,41,0,1,19,0,20,1,30,30,0,61,58,0,58,119
01/29/2015,TWF,ID,ANM,WE,Combination Non-Radar Approach Control & Tower w/o Radar,1,13,7,0,21,0,1,17,0,18,1,14,24,0,39,48,0,48,87
01/30/2015,TWF,ID,ANM,WE,Combination Non-Radar Approach Control & Tower w/o Radar,0,14,7,0,21,0,4,8,0,12,0,18,15,0,33,0,0,0,33
01/31/2015,TWF,ID,ANM,WE,Combination Non-Radar Approach Control & Tower w/o Radar,0,12,1,0,13,0,2,32,0,34,0,14,33,0,47,38,0,38,85
02/01/2015,TWF,ID,ANM,WE,Combination Non-Radar Approach Control & Tower w/o Radar,0,4,10,0,14,0,0,27,0,27,0,4,37,0,41,38,0,38,79
02/02/2015,TWF,ID,ANM,WE,Combination Non-Radar Approach Control & Tower w/o Radar,0,16,7,0,23,0,2,7,0,9,0,18,14,0,32,12,0,12,44
02/03/2015,TWF,ID,ANM,WE,Combination Non-Radar Approach Control & Tower w/o Radar,3,19,9,0,31,0,0,2,0,2,3,19,11,0,33,10,0,10,43
02/04/2015,TWF,ID,ANM,WE,Combination Non-Radar Approach Control & Tower w/o Radar,0,14,10,2,26,0,2,20,0,22,0,16,30,2,48,6,0,6,54
02/05/2015,TWF,ID,ANM,WE,Combination Non-Radar Approach Control & Tower w/o Radar,0,12,0,0,12,0,3,8,0,11,0,15,8,0,23,4,0,4,27
02/06/2015,TWF,ID,ANM,WE,Combination Non-Radar Approach Control & Tower w/o Radar,0,11,1,0,12,0,2,10,0,12,0,13,11,0,24,16,0,16,40
02/07/2015,TWF,ID,ANM,WE,Combination Non-Radar Approach Control & Tower w/o Radar,0,9,7,0,16,0,8,1,0,9,0,17,8,0,25,2,0,2,27
02/08/2015,TWF,ID,ANM,WE,Combination Non-Radar Approach Control & Tower w/o Radar,0,4,4,0,8,0,0,29,0,29,0,4,33,0,37,18,0,18,55
02/09/2015,TWF,ID,ANM,WE,Combination Non-Radar Approach Control & Tower w/o Radar,0,7,7,1,15,0,2,2,1,5,0,9,9,2,20,0,0,0,20
02/10/2015,TWF,ID,ANM,WE,Combination Non-Radar Approach Control & Tower w/o Radar,0,10,10,1,21,0,2,25,0,27,0,12,35,1,48,54,0,54,102
02/11/2015,TWF,ID,ANM,WE,Combination Non-Radar Approach Control & Tower w/o Radar,0,11,3,0,14,0,3,35,0,38,0,14,38,0,52,68,0,68,120
02/12/2015,TWF,ID,ANM,WE,Combination Non-Radar Approach Control & Tower w/o Radar,0,8,7,0,15,0,2,29,0,31,0,10,36,0,46,0,0,0,46
02/13/2015,TWF,ID,ANM,WE,Combination Non-Radar Approach Control & Tower w/o Radar,0,7,2,0,9,0,4,24,0,28,0,11,26,0,37,6,0,6,43
02/14/2015,TWF,ID,ANM,WE,Combination Non-Radar Approach Control & Tower w/o Radar,0,6,1,2,9,0,3,21,0,24,0,9,22,2,33,52,0,52,85
02/15/2015,TWF,ID,ANM,WE,Combination Non-Radar Approach Control & Tower w/o Radar,1,14,2,0,17,0,0,12,0,12,1,14,14,0,29,2,0,2,31
02/16/2015,TWF,ID,ANM,WE,Combination Non-Radar Approach Control & Tower w/o Radar,0,6,11,2,19,0,3,46,0,49,0,9,57,2,68,22,0,22,90
02/17/2015,TWF,ID,ANM,WE,Combination Non-Radar Approach Control & Tower w/o Radar,0,6,4,2,12,0,3,30,0,33,0,9,34,2,45,27,0,27,72
02/18/2015,TWF,ID,ANM,WE,Combination Non-Radar Approach Control & Tower w/o Radar,0,11,6,3,20,0,2,47,3,52,0,13,53,6,72,80,0,80,152
02/19/2015,TWF,ID,ANM,WE,Combination Non-Radar Approach Control & Tower w/o Radar,0,9,10,0,19,0,3,38,0,41,0,12,48,0,60,24,0,24,84
02/20/2015,TWF,ID,ANM,WE,Combination Non-Radar Approach Control & Tower w/o Radar,0,10,8,0,18,0,3,22,2,27,0,13,30,2,45,0,0,0,45
02/21/2015,TWF,ID,ANM,WE,Combination Non-Radar Approach Control & Tower w/o Radar,1,8,4,0,13,0,0,9,0,9,1,8,13,0,22,12,0,12,34
02/22/2015,TWF,ID,ANM,WE,Combination Non-Radar Approach Control & Tower w/o Radar,1,7,4,0,12,0,0,8,0,8,1,7,12,0,20,4,0,4,24
02/23/2015,TWF,ID,ANM,WE,Combination Non-Radar Approach Control & Tower w/o Radar,0,5,5,1,11,0,3,23,8,34,0,8,28,9,45,6,0,6,51
02/24/2015,TWF,ID,ANM,WE,Combination Non-Radar Approach Control & Tower w/o Radar,0,10,9,2,21,0,3,38,1,42,0,13,47,3,63,14,10,24,87
02/25/2015,TWF,ID,ANM,WE,Combination Non-Radar Approach Control & Tower w/o Radar,0,25,7,0,32,0,7,6,0,13,0,32,13,0,45,0,0,0,45
02/26/2015,TWF,ID,ANM,WE,Combination Non-Radar Approach Control & Tower w/o Radar,4,16,8,0,28,0,1,9,2,12,4,17,17,2,40,12,0,12,52
02/27/2015,TWF,ID,ANM,WE,Combination Non-Radar Approach Control & Tower w/o Radar,0,18,3,0,21,0,3,24,0,27,0,21,27,0,48,52,0,52,100
02/28/2015,TWF,ID,ANM,WE,Combination Non-Radar Approach Control & Tower w/o Radar,0,7,3,0,10,0,2,12,0,14,0,9,15,0,24,40,0,40,64
03/01/2015,TWF,ID,ANM,WE,Combination Non-Radar Approach Control & Tower w/o Radar,0,3,6,0,9,0,1,24,0,25,0,4,30,0,34,0,0,0,34
03/02/2015,TWF,ID,ANM,WE,Combination Non-Radar Approach Control & Tower w/o Radar,0,11,1,0,12,0,2,12,0,14,0,13,13,0,26,32,0,32,58
03/03/2015,TWF,ID,ANM,WE,Combination Non-Radar Approach Control & Tower w/o Radar,2,21,7,1,31,0,2,3,1,6,2,23,10,2,37,0,0,0,37
03/04/2015,TWF,ID,ANM,WE,Combination Non-Radar Approach Control & Tower w/o Radar,0,9,5,0,14,0,2,20,0,22,0,11,25,0,36,36,0,36,72
03/05/2015,TWF,ID,ANM,WE,Combination Non-Radar Approach Control & Tower w/o Radar,0,10,5,0,15,0,4,41,0,45,0,14,46,0,60,78,0,78,138
03/06/2015,TWF,ID,ANM,WE,Combination Non-Radar Approach Control & Tower w/o Radar,4,12,8,1,25,0,2,47,1,50,4,14,55,2,75,66,2,68,143
03/07/2015,TWF,ID,ANM,WE,Combination Non-Radar Approach Control & Tower w/o Radar,0,6,3,0,9,0,1,50,0,51,0,7,53,0,60,92,0,92,152
03/08/2015,TWF,ID,ANM,WE,Combination Non-Radar Approach Control & Tower w/o Radar,0,8,7,0,15,0,0,40,0,40,0,8,47,0,55,60,0,60,115
03/09/2015,TWF,ID,ANM,WE,Combination Non-Radar Approach Control & Tower w/o Radar,1,12,9,0,22,0,3,30,0,33,1,15,39,0,55,16,0,16,71
03/10/2015,TWF,ID,ANM,WE,Combination Non-Radar Approach Control & Tower w/o Radar,0,12,3,1,16,0,5,39,2,46,0,17,42,3,62,88,0,88,150
03/11/2015,TWF,ID,ANM,WE,Combination Non-Radar Approach Control & Tower w/o Radar,0,10,12,0,22,0,2,14,0,16,0,12,26,0,38,32,0,32,70
03/12/2015,TWF,ID,ANM,WE,Combination Non-Radar Approach Control & Tower w/o Radar,0,18,7,2,27,0,4,6,4,14,0,22,13,6,41,0,0,0,41
03/13/2015,TWF,ID,ANM,WE,Combination Non-Radar Approach Control & Tower w/o Radar,0,12,8,0,20,0,2,33,3,38,0,14,41,3,58,4,0,4,62
03/14/2015,TWF,ID,ANM,WE,Combination Non-Radar Approach Control & Tower w/o Radar,0,6,2,0,8,0,1,15,0,16,0,7,17,0,24,12,0,12,36
03/15/2015,TWF,ID,ANM,WE,Combination Non-Radar Approach Control & Tower w/o Radar,0,3,1,0,4,0,0,8,0,8,0,3,9,0,12,0,0,0,12
03/16/2015,TWF,ID,ANM,WE,Combination Non-Radar Approach Control & Tower w/o Radar,0,7,4,1,12,0,2,18,2,22,0,9,22,3,34,46,0,46,80
03/17/2015,TWF,ID,ANM,WE,Combination Non-Radar Approach Control & Tower w/o Radar,0,12,6,5,23,0,4,17,5,26,0,16,23,10,49,36,0,36,85
03/18/2015,TWF,ID,ANM,WE,Combination Non-Radar Approach Control & Tower w/o Radar,0,12,6,2,20,0,3,18,1,22,0,15,24,3,42,24,24,48,90
03/19/2015,TWF,ID,ANM,WE,Combination Non-Radar Approach Control & Tower w/o Radar,0,12,3,8,23,0,3,34,7,44,0,15,37,15,67,54,16,70,137
03/20/2015,TWF,ID,ANM,WE,Combination Non-Radar Approach Control & Tower w/o Radar,0,7,2,2,11,0,4,36,4,44,0,11,38,6,55,24,0,24,79
03/21/2015,TWF,ID,ANM,WE,Combination Non-Radar Approach Control & Tower w/o Radar,0,4,8,0,12,0,3,10,0,13,0,7,18,0,25,0,0,0,25
03/22/2015,TWF,ID,ANM,WE,Combination Non-Radar Approach Control & Tower w/o Radar,0,3,4,0,7,0,1,14,0,15,0,4,18,0,22,3,0,3,25
03/23/2015,TWF,ID,ANM,WE,Combination Non-Radar Approach Control & Tower w/o Radar,1,9,4,0,14,0,0,11,0,11,1,9,15,0,25,0,0,0,25
03/24/2015,TWF,ID,ANM,WE,Combination Non-Radar Approach Control & Tower w/o Radar,3,13,3,2,21,0,2,3,3,8,3,15,6,5,29,3,4,7,36
03/25/2015,TWF,ID,ANM,WE,Combination Non-Radar Approach Control & Tower w/o Radar,0,8,5,4,17,0,3,13,3,19,0,11,18,7,36,48,0,48,84
03/26/2015,TWF,ID,ANM,WE,Combination Non-Radar Approach Control & Tower w/o Radar,0,11,7,0,18,0,2,38,0,40,0,13,45,0,58,62,0,62,120
03/27/2015,TWF,ID,ANM,WE,Combination Non-Radar Approach Control & Tower w/o Radar,0,9,14,3,26,0,4,40,1,45,0,13,54,4,71,14,0,14,85
03/28/2015,TWF,ID,ANM,WE,Combination Non-Radar Approach Control & Tower w/o Radar,0,4,0,0,4,0,3,5,0,8,0,7,5,0,12,0,0,0,12
03/29/2015,TWF,ID,ANM,WE,Combination Non-Radar Approach Control & Tower w/o Radar,0,2,4,9,15,0,1,30,4,35,0,3,34,13,50,52,0,52,102
03/30/2015,TWF,ID,ANM,WE,Combination Non-Radar Approach Control & Tower w/o Radar,0,8,4,3,15,0,3,30,3,36,0,11,34,6,51,50,10,60,111
03/31/2015,TWF,ID,ANM,WE,Combination Non-Radar Approach Control & Tower w/o Radar,0,10,2,2,14,0,3,5,0,8,0,13,7,2,22,0,0,0,22
04/01/2015,TWF,ID,ANM,WE,Combination Non-Radar Approach Control & Tower w/o Radar,0,12,4,9,25,0,4,8,2,14,0,16,12,11,39,0,0,0,39
04/02/2015,TWF,ID,ANM,WE,Combination Non-Radar Approach Control & Tower w/o Radar,0,12,0,3,15,0,1,15,3,19,0,13,15,6,34,18,4,22,56
04/03/2015,TWF,ID,ANM,WE,Combination Non-Radar Approach Control & Tower w/o Radar,0,10,3,0,13,0,5,32,2,39,0,15,35,2,52,20,0,20,72
04/04/2015,TWF,ID,ANM,WE,Combination Non-Radar Approach Control & Tower w/o Radar,0,8,5,0,13,0,2,30,0,32,0,10,35,0,45,42,0,42,87
04/05/2015,TWF,ID,ANM,WE,Combination Non-Radar Approach Control & Tower w/o Radar,0,5,4,0,9,0,0,11,0,11,0,5,15,0,20,2,0,2,22
04/06/2015,TWF,ID,ANM,WE,Combination Non-Radar Approach Control & Tower w/o Radar,0,8,0,13,21,0,1,17,0,18,0,9,17,13,39,0,6,6,45
04/07/2015,TWF,ID,ANM,WE,Combination Non-Radar Approach Control & Tower w/o Radar,0,11,10,8,29,0,2,25,2,29,0,13,35,10,58,25,12,37,95
04/08/2015,TWF,ID,ANM,WE,Combination Non-Radar Approach Control & Tower w/o Radar,0,16,14,3,33,0,2,15,0,17,0,18,29,3,50,6,0,6,56
04/09/2015,TWF,ID,ANM,WE,Combination Non-Radar Approach Control & Tower w/o Radar,0,14,18,2,34,0,11,69,0,80,0,25,87,2,114,70,0,70,184
04/10/2015,TWF,ID,ANM,WE,Combination Non-Radar Approach Control & Tower w/o Radar,0,11,25,4,40,0,3,109,1,113,0,14,134,5,153,66,2,68,221
04/11/2015,TWF,ID,ANM,WE,Combination Non-Radar Approach Control & Tower w/o Radar,0,6,4,0,10,0,1,37,0,38,0,7,41,0,48,60,0,60,108
04/12/2015,TWF,ID,ANM,WE,Combination Non-Radar Approach Control & Tower w/o Radar,0,3,7,0,10,0,0,9,0,9,0,3,16,0,19,0,0,0,19
04/13/2015,TWF,ID,ANM,WE,Combination Non-Radar Approach Control & Tower w/o Radar,0,5,4,4,13,0,4,25,0,29,0,9,29,4,42,42,0,42,84
04/14/2015,TWF,ID,ANM,WE,Combination Non-Radar Approach Control & Tower w/o Radar,2,21,5,0,28,0,4,2,0,6,2,25,7,0,34,30,0,30,64
04/15/2015,TWF,ID,ANM,WE,Combination Non-Radar Approach Control & Tower w/o Radar,0,10,6,10,26,0,3,17,1,21,0,13,23,11,47,120,8,128,175
04/16/2015,TWF,ID,ANM,WE,Combination Non-Radar Approach Control & Tower w/o Radar,0,9,4,20,33,0,2,47,23,72,0,11,51,43,105,98,18,116,221
04/17/2015,TWF,ID,ANM,WE,Combination Non-Radar Approach Control & Tower w/o Radar,0,6,9,2,17,0,3,40,0,43,0,9,49,2,60,82,0,82,142
04/18/2015,TWF,ID,ANM,WE,Combination Non-Radar Approach Control & Tower w/o Radar,0,6,2,0,8,0,3,25,0,28,0,9,27,0,36,60,0,60,96
04/19/2015,TWF,ID,ANM,WE,Combination Non-Radar Approach Control & Tower w/o Radar,0,5,5,0,10,0,2,40,0,42,0,7,45,0,52,16,0,16,68
04/20/2015,TWF,ID,ANM,WE,Combination Non-Radar Approach Control & Tower w/o Radar,0,7,6,8,21,0,4,24,7,35,0,11,30,15,56,30,14,44,100
04/21/2015,TWF,ID,ANM,WE,Combination Non-Radar Approach Control & Tower w/o Radar,0,11,7,0,18,0,3,57,2,62,0,14,64,2,80,126,4,130,210
04/22/2015,TWF,ID,ANM,WE,Combination Non-Radar Approach Control & Tower w/o Radar,0,11,2,8,21,0,3,9,6,18,0,14,11,14,39,18,0,18,57
04/23/2015,TWF,ID,ANM,WE,Combination Non-Radar Approach Control & Tower w/o Radar,2,9,4,5,20,0,9,42,3,54,2,18,46,8,74,56,10,66,140
04/24/2015,TWF,ID,ANM,WE,Combination Non-Radar Approach Control & Tower w/o Radar,0,13,3,2,18,0,1,15,0,16,0,14,18,2,34,22,0,22,56
04/25/2015,TWF,ID,ANM,WE,Combination Non-Radar Approach Control & Tower w/o Radar,0,8,3,0,11,0,0,30,0,30,0,8,33,0,41,54,0,54,95
04/26/2015,TWF,ID,ANM,WE,Combination Non-Radar Approach Control & Tower w/o Radar,0,9,7,0,16,0,0,9,1,10,0,9,16,1,26,2,0,2,28
04/27/2015,TWF,ID,ANM,WE,Combination Non-Radar Approach Control & Tower w/o Radar,0,8,4,12,24,0,0,35,9,44,0,8,39,21,68,12,18,30,98
04/28/2015,TWF,ID,ANM,WE,Combination Non-Radar Approach Control & Tower w/o Radar,0,14,2,2,18,0,2,46,0,48,0,16,48,2,66,74,0,74,140
04/29/2015,TWF,ID,ANM,WE,Combination Non-Radar Approach Control & Tower w/o Radar,0,11,10,6,27,0,1,38,4,43,0,12,48,10,70,16,0,16,86
04/30/2015,TWF,ID,ANM,WE,Combination Non-Radar Approach Control & Tower w/o Radar,0,12,4,0,16,0,1,11,0,12,0,13,15,0,28,0,0,0,28
05/01/2015,TWF,ID,ANM,WE,Combination Non-Radar Approach Control & Tower w/o Radar,0,19,10,0,29,0,1,48,0,49,0,20,58,0,78,46,0,46,124
05/02/2015,TWF,ID,ANM,WE,Combination Non-Radar Approach Control & Tower w/o Radar,0,7,3,0,10,0,1,21,0,22,0,8,24,0,32,24,0,24,56
05/03/2015,TWF,ID,ANM,WE,Combination Non-Radar Approach Control & Tower w/o Radar,0,9,5,0,14,0,1,39,0,40,0,10,44,0,54,24,0,24,78
05/04/2015,TWF,ID,ANM,WE,Combination Non-Radar Approach Control & Tower w/o Radar,0,10,7,2,19,0,1,19,0,20,0,11,26,2,39,38,1,39,78
05/05/2015,TWF,ID,ANM,WE,Combination Non-Radar Approach Control & Tower w/o Radar,0,18,4,1,23,0,1,28,1,30,0,19,32,2,53,2,0,2,55
05/06/2015,TWF,ID,ANM,WE,Combination Non-Radar Approach Control & Tower w/o Radar,0,21,7,2,30,0,0,26,3,29,0,21,33,5,59,14,0,14,73
05/07/2015,TWF,ID,ANM,WE,Combination Non-Radar Approach Control & Tower w/o Radar,0,16,23,0,39,0,1,33,1,35,0,17,56,1,74,10,0,10,84
05/08/2015,TWF,ID,ANM,WE,Combination Non-Radar Approach Control & Tower w/o Radar,0,21,10,0,31,0,5,21,0,26,0,26,31,0,57,10,0,10,67
05/09/2015,TWF,ID,ANM,WE,Combination Non-Radar Approach Control & Tower w/o Radar,0,9,3,0,12,0,1,21,0,22,0,10,24,0,34,10,0,10,44
05/10/2015,TWF,ID,ANM,WE,Combination Non-Radar Approach Control & Tower w/o Radar,0,5,10,0,15,0,0,33,0,33,0,5,43,0,48,20,0,20,68
05/11/2015,TWF,ID,ANM,WE,Combination Non-Radar Approach Control & Tower w/o Radar,0,13,8,1,22,0,1,15,1,17,0,14,23,2,39,34,12,46,85
05/12/2015,TWF,ID,ANM,WE,Combination Non-Radar Approach Control & Tower w/o Radar,0,18,4,2,24,0,1,25,1,27,0,19,29,3,51,54,0,54,105
05/13/2015,TWF,ID,ANM,WE,Combination Non-Radar Approach Control & Tower w/o Radar,0,17,8,1,26,0,3,40,0,43,0,20,48,1,69,26,4,30,99
05/14/2015,TWF,ID,ANM,WE,Combination Non-Radar Approach Control & Tower w/o Radar,0,14,3,3,20,0,3,51,5,59,0,17,54,8,79,62,0,62,141
05/15/2015,TWF,ID,ANM,WE,Combination Non-Radar Approach Control & Tower w/o Radar,0,18,18,0,36,0,1,28,1,30,0,19,46,1,66,36,0,36,102
05/16/2015,TWF,ID,ANM,WE,Combination Non-Radar Approach Control & Tower w/o Radar,0,10,5,0,15,0,1,3,0,4,0,11,8,0,19,0,0,0,19
05/17/2015,TWF,ID,ANM,WE,Combination Non-Radar Approach Control & Tower w/o Radar,0,5,4,0,9,0,0,10,0,10,0,5,14,0,19,16,0,16,35
05/18/2015,TWF,ID,ANM,WE,Combination Non-Radar Approach Control & Tower w/o Radar,0,13,9,3,25,0,3,13,6,22,0,16,22,9,47,18,0,18,65
05/19/2015,TWF,ID,ANM,WE,Combination Non-Radar Approach Control & Tower w/o Radar,0,13,12,2,27,0,1,25,1,27,0,14,37,3,54,22,0,22,76
05/20/2015,TWF,ID,ANM,WE,Combination Non-Radar Approach Control & Tower w/o Radar,0,16,7,2,25,0,0,7,2,9,0,16,14,4,34,4,0,4,38
05/21/2015,TWF,ID,ANM,WE,Combination Non-Radar Approach Control & Tower w/o Radar,0,17,18,0,35,0,0,70,0,70,0,17,88,0,105,78,0,78,183
05/22/2015,TWF,ID,ANM,WE,Combination Non-Radar Approach Control & Tower w/o Radar,0,14,8,0,22,0,0,57,0,57,0,14,65,0,79,32,0,32,111
05/23/2015,TWF,ID,ANM,WE,Combination Non-Radar Approach Control & Tower w/o Radar,0,9,1,0,10,0,0,54,0,54,0,9,55,0,64,14,0,14,78
05/24/2015,TWF,ID,ANM,WE,Combination Non-Radar Approach Control & Tower w/o Radar,0,6,1,0,7,0,0,8,0,8,0,6,9,0,15,6,0,6,21
05/25/2015,TWF,ID,ANM,WE,Combination Non-Radar Approach Control & Tower w/o Radar,0,6,10,0,16,0,0,71,0,71,0,6,81,0,87,26,0,26,113
05/26/2015,TWF,ID,ANM,WE,Combination Non-Radar Approach Control & Tower w/o Radar,0,10,6,0,16,0,4,70,0,74,0,14,76,0,90,58,0,58,148
05/27/2015,TWF,ID,ANM,WE,Combination Non-Radar Approach Control & Tower w/o Radar,0,16,2,6,24,0,2,45,7,54,0,18,47,13,78,13,19,32,110
05/28/2015,TWF,ID,ANM,WE,Combination Non-Radar Approach Control & Tower w/o Radar,0,13,6,0,19,0,4,58,0,62,0,17,64,0,81,76,0,76,157
05/29/2015,TWF,ID,ANM,WE,Combination Non-Radar Approach Control & Tower w/o Radar,0,9,14,2,25,0,4,69,0,73,0,13,83,2,98,32,0,32,130
05/30/2015,TWF,ID,ANM,WE,Combination Non-Radar Approach Control & Tower w/o Radar,0,8,4,0,12,0,4,43,7,54,0,12,47,7,66,16,0,16,82
05/31/2015,TWF,ID,ANM,WE,Combination Non-Radar Approach Control & Tower w/o Radar,0,3,1,4,8,0,2,25,2,29,0,5,26,6,37,18,6,24,61
06/01/2015,TWF,ID,ANM,WE,Combination Non-Radar Approach Control & Tower w/o Radar,0,9,0,1,10,0,4,50,0,54,0,13,50,1,64,24,16,40,104
06/02/2015,TWF,ID,ANM,WE,Combination Non-Radar Approach Control & Tower w/o Radar,0,21,9,0,30,0,10,42,0,52,0,31,51,0,82,56,0,56,138
06/03/2015,TWF,ID,ANM,WE,Combination Non-Radar Approach Control & Tower w/o Radar,0,13,1,3,17,0,2,58,3,63,0,15,59,6,80,46,4,50,130
06/04/2015,TWF,ID,ANM,WE,Combination Non-Radar Approach Control & Tower w/o Radar,0,14,8,1,23,0,2,45,2,49,0,16,53,3,72,4,0,4,76
06/05/2015,TWF,ID,ANM,WE,Combination Non-Radar Approach Control & Tower w/o Radar,0,10,7,0,17,0,3,30,0,33,0,13,37,0,50,82,0,82,132
06/06/2015,TWF,ID,ANM,WE,Combination Non-Radar Approach Control & Tower w/o Radar,0,7,4,2,13,0,2,50,0,52,0,9,54,2,65,24,14,38,103
06/07/2015,TWF,ID,ANM,WE,Combination Non-Radar Approach Control & Tower w/o Radar,0,6,8,0,14,0,0,35,0,35,0,6,43,0,49,36,0,36,85
06/08/2015,TWF,ID,ANM,WE,Combination Non-Radar Approach Control & Tower w/o Radar,0,13,7,3,23,0,4,71,1,76,0,17,78,4,99,18,10,28,127
06/09/2015,TWF,ID,ANM,WE,Combination Non-Radar Approach Control & Tower w/o Radar,0,15,5,0,20,0,3,51,0,54,0,18,56,0,74,20,0,20,94
06/10/2015,TWF,ID,ANM,WE,Combination Non-Radar Approach Control & Tower w/o Radar,0,12,8,8,28,0,2,54,5,61,0,14,62,13,89,28,0,28,117
06/11/2015,TWF,ID,ANM,WE,Combination Non-Radar Approach Control & Tower w/o Radar,0,9,5,4,18,0,5,71,0,76,0,14,76,4,94,40,0,40,134
06/12/2015,TWF,ID,ANM,WE,Combination Non-Radar Approach Control & Tower w/o Radar,1,14,12,0,27,0,5,74,0,79,1,19,86,0,106,14,0,14,120
06/13/2015,TWF,ID,ANM,WE,Combination Non-Radar Approach Control & Tower w/o Radar,0,6,0,6,12,0,2,90,0,92,0,8,90,6,104,4,0,4,108
06/14/2015,TWF,ID,ANM,WE,Combination Non-Radar Approach Control & Tower w/o Radar,0,6,4,0,10,0,0,46,0,46,0,6,50,0,56,4,0,4,60
06/15/2015,TWF,ID,ANM,WE,Combination Non-Radar Approach Control & Tower w/o Radar,0,12,9,0,21,0,1,59,0,60,0,13,68,0,81,106,0,106,187
06/16/2015,TWF,ID,ANM,WE,Combination Non-Radar Approach Control & Tower w/o Radar,0,10,14,2,26,0,4,99,0,103,0,14,113,2,129,88,0,88,217
06/17/2015,TWF,ID,ANM,WE,Combination Non-Radar Approach Control & Tower w/o Radar,0,13,0,1,14,0,3,63,0,66,0,16,63,1,80,72,0,72,152
06/18/2015,TWF,ID,ANM,WE,Combination Non-Radar Approach Control & Tower w/o Radar,0,13,6,0,19,0,7,59,0,66,0,20,65,0,85,52,6,58,143
06/19/2015,TWF,ID,ANM,WE,Combination Non-Radar Approach Control & Tower w/o Radar,0,12,7,2,21,0,6,37,1,44,0,18,44,3,65,40,0,40,105
06/20/2015,TWF,ID,ANM,WE,Combination Non-Radar Approach Control & Tower w/o Radar,0,7,7,0,14,0,4,105,0,109,0,11,112,0,123,68,0,68,191
06/21/2015,TWF,ID,ANM,WE,Combination Non-Radar Approach Control & Tower w/o Radar,0,5,2,0,7,0,0,48,0,48,0,5,50,0,55,12,0,12,67
06/22/2015,TWF,ID,ANM,WE,Combination Non-Radar Approach Control & Tower w/o Radar,0,7,18,4,29,0,7,66,3,76,0,14,84,7,105,84,6,90,195
06/23/2015,TWF,ID,ANM,WE,Combination Non-Radar Approach Control & Tower w/o Radar,0,14,13,2,29,0,8,66,0,74,0,22,79,2,103,28,0,28,131
06/24/2015,TWF,ID,ANM,WE,Combination Non-Radar Approach Control & Tower w/o Radar,0,9,4,7,20,0,3,121,4,128,0,12,125,11,148,72,0,72,220
06/25/2015,TWF,ID,ANM,WE,Combination Non-Radar Approach Control & Tower w/o Radar,0,10,6,3,19,0,4,67,6,77,0,14,73,9,96,66,16,82,178
06/26/2015,TWF,ID,ANM,WE,Combination Non-Radar Approach Control & Tower w/o Radar,0,16,10,3,29,0,10,64,3,77,0,26,74,6,106,54,0,54,160
06/27/2015,TWF,ID,ANM,WE,Combination Non-Radar Approach Control & Tower w/o Radar,0,8,2,0,10,0,2,45,0,47,0,10,47,0,57,88,0,88,145
06/28/2015,TWF,ID,ANM,WE,Combination Non-Radar Approach Control & Tower w/o Radar,0,6,10,0,16,0,2,31,0,33,0,8,41,0,49,6,0,6,55
06/29/2015,TWF,ID,ANM,WE,Combination Non-Radar Approach Control & Tower w/o Radar,0,15,15,3,33,0,4,59,5,68,0,19,74,8,101,10,6,16,117
06/30/2015,TWF,ID,ANM,WE,Combination Non-Radar Approach Control & Tower w/o Radar,0,10,9,2,21,0,3,59,1,63,0,13,68,3,84,4,8,12,96
07/01/2015,TWF,ID,ANM,WE,Combination Non-Radar Approach Control & Tower w/o Radar,0,11,14,0,25,0,2,117,2,121,0,13,131,2,146,28,0,28,174
07/02/2015,TWF,ID,ANM,WE,Combination Non-Radar Approach Control & Tower w/o Radar,0,11,3,0,14,0,5,37,0,42,0,16,40,0,56,18,0,18,74
07/03/2015,TWF,ID,ANM,WE,Combination Non-Radar Approach Control & Tower w/o Radar,0,13,6,0,19,0,4,53,0,57,0,17,59,0,76,10,0,10,86
07/04/2015,TWF,ID,ANM,WE,Combination Non-Radar Approach Control & Tower w/o Radar,0,5,5,0,10,0,0,16,0,16,0,5,21,0,26,0,0,0,26
07/05/2015,TWF,ID,ANM,WE,Combination Non-Radar Approach Control & Tower w/o Radar,0,6,4,0,10,0,0,18,0,18,0,6,22,0,28,0,0,0,28
07/06/2015,TWF,ID,ANM,WE,Combination Non-Radar Approach Control & Tower w/o Radar,1,12,7,2,22,0,2,56,2,60,1,14,63,4,82,18,6,24,106
07/07/2015,TWF,ID,ANM,WE,Combination Non-Radar Approach Control & Tower w/o Radar,0,29,36,2,67,0,8,72,2,82,0,37,108,4,149,64,0,64,213
07/08/2015,TWF,ID,ANM,WE,Combination Non-Radar Approach Control & Tower w/o Radar,0,25,9,1,35,0,3,39,0,42,0,28,48,1,77,0,0,0,77
07/09/2015,TWF,ID,ANM,WE,Combination Non-Radar Approach Control & Tower w/o Radar,2,15,9,3,29,0,4,73,4,81,2,19,82,7,110,46,26,72,182
07/10/2015,TWF,ID,ANM,WE,Combination Non-Radar Approach Control & Tower w/o Radar,0,8,11,0,19,0,2,47,0,49,0,10,58,0,68,28,0,28,96
07/11/2015,TWF,ID,ANM,WE,Combination Non-Radar Approach Control & Tower w/o Radar,0,13,10,0,23,0,2,102,0,104,0,15,112,0,127,44,0,44,171
07/12/2015,TWF,ID,ANM,WE,Combination Non-Radar Approach Control & Tower w/o Radar,0,6,6,0,12,0,1,36,0,37,0,7,42,0,49,0,0,0,49
07/13/2015,TWF,ID,ANM,WE,Combination Non-Radar Approach Control & Tower w/o Radar,0,12,1,1,14,0,4,73,10,87,0,16,74,11,101,52,6,58,159
07/14/2015,TWF,ID,ANM,WE,Combination Non-Radar Approach Control & Tower w/o Radar,0,15,3,0,18,0,5,51,0,56,0,20,54,0,74,10,0,10,84
07/15/2015,TWF,ID,ANM,WE,Combination Non-Radar Approach Control & Tower w/o Radar,0,12,6,3,21,0,3,68,2,73,0,15,74,5,94,55,4,59,153
07/16/2015,TWF,ID,ANM,WE,Combination Non-Radar Approach Control & Tower w/o Radar,0,10,9,11,30,0,2,64,10,76,0,12,73,21,106,32,6,38,144
07/17/2015,TWF,ID,ANM,WE,Combination Non-Radar Approach Control & Tower w/o Radar,0,13,3,0,16,0,3,12,1,16,0,16,15,1,32,20,0,20,52
07/18/2015,TWF,ID,ANM,WE,Combination Non-Radar Approach Control & Tower w/o Radar,0,14,2,0,16,0,3,72,0,75,0,17,74,0,91,22,0,22,113
07/19/2015,TWF,ID,ANM,WE,Combination Non-Radar Approach Control & Tower w/o Radar,0,6,3,2,11,0,0,35,2,37,0,6,38,4,48,18,8,26,74
07/20/2015,TWF,ID,ANM,WE,Combination Non-Radar Approach Control & Tower w/o Radar,0,10,4,4,18,0,3,59,2,64,0,13,63,6,82,16,10,26,108
07/21/2015,TWF,ID,ANM,WE,Combination Non-Radar Approach Control & Tower w/o Radar,0,13,8,0,21,0,6,74,0,80,0,19,82,0,101,0,0,0,101
07/22/2015,TWF,ID,ANM,WE,Combination Non-Radar Approach Control & Tower w/o Radar,0,16,6,1,23,0,7,67,1,75,0,23,73,2,98,2,4,6,104
07/23/2015,TWF,ID,ANM,WE,Combination Non-Radar Approach Control & Tower w/o Radar,0,11,4,1,16,0,3,72,3,78,0,14,76,4,94,2,0,2,96
07/24/2015,TWF,ID,ANM,WE,Combination Non-Radar Approach Control & Tower w/o Radar,0,11,5,0,16,0,3,67,0,70,0,14,72,0,86,56,0,56,142
07/25/2015,TWF,ID,ANM,WE,Combination Non-Radar Approach Control & Tower w/o Radar,0,5,5,0,10,0,1,84,1,86,0,6,89,1,96,56,0,56,152
07/26/2015,TWF,ID,ANM,WE,Combination Non-Radar Approach Control & Tower w/o Radar,0,7,11,0,18,0,0,28,0,28,0,7,39,0,46,26,0,26,72
07/27/2015,TWF,ID,ANM,WE,Combination Non-Radar Approach Control & Tower w/o Radar,0,9,9,0,18,0,3,19,0,22,0,12,28,0,40,4,0,4,44
07/28/2015,TWF,ID,ANM,WE,Combination Non-Radar Approach Control & Tower w/o Radar,0,11,8,0,19,0,5,85,0,90,0,16,93,0,109,22,0,22,131
07/29/2015,TWF,ID,ANM,WE,Combination Non-Radar Approach Control & Tower w/o Radar,0,6,10,2,18,0,3,102,0,105,0,9,112,2,123,34,4,38,161
07/30/2015,TWF,ID,ANM,WE,Combination Non-Radar Approach Control & Tower w/o Radar,0,13,11,0,24,0,4,61,0,65,0,17,72,0,89,35,0,35,124
07/31/2015,TWF,ID,ANM,WE,Combination Non-Radar Approach Control & Tower w/o Radar,0,14,5,0,19,0,4,66,0,70,0,18,71,0,89,0,0,0,89
08/01/2015,TWF,ID,ANM,WE,Combination Non-Radar Approach Control & Tower w/o Radar,0,13,1,0,14,0,4,70,1,75,0,17,71,1,89,16,0,16,105
08/02/2015,TWF,ID,ANM,WE,Combination Non-Radar Approach Control & Tower w/o Radar,0,6,7,0,13,0,0,33,0,33,0,6,40,0,46,0,0,0,46
08/03/2015,TWF,ID,ANM,WE,Combination Non-Radar Approach Control & Tower w/o Radar,0,8,7,0,15,0,3,15,0,18,0,11,22,0,33,4,0,4,37
08/04/2015,TWF,ID,ANM,WE,Combination Non-Radar Approach Control & Tower w/o Radar,0,11,13,0,24,0,4,51,0,55,0,15,64,0,79,8,0,8,87
08/05/2015,TWF,ID,ANM,WE,Combination Non-Radar Approach Control & Tower w/o Radar,0,14,10,0,24,0,2,68,0,70,0,16,78,0,94,14,0,14,108
08/06/2015,TWF,ID,ANM,WE,Combination Non-Radar Approach Control & Tower w/o Radar,0,9,5,9,23,0,5,43,9,57,0,14,48,18,80,18,10,28,108
08/07/2015,TWF,ID,ANM,WE,Combination Non-Radar Approach Control & Tower w/o Radar,0,11,6,0,17,0,4,95,0,99,0,15,101,0,116,0,0,0,116
08/08/2015,TWF,ID,ANM,WE,Combination Non-Radar Approach Control & Tower w/o Radar,0,6,6,0,12,0,4,26,0,30,0,10,32,0,42,12,0,12,54
08/09/2015,TWF,ID,ANM,WE,Combination Non-Radar Approach Control & Tower w/o Radar,0,5,8,0,13,0,0,28,0,28,0,5,36,0,41,12,0,12,53
08/10/2015,TWF,ID,ANM,WE,Combination Non-Radar Approach Control & Tower w/o Radar,2,10,9,0,21,0,1,45,0,46,2,11,54,0,67,0,0,0,67
08/11/2015,TWF,ID,ANM,WE,Combination Non-Radar Approach Control & Tower w/o Radar,0,12,10,0,22,0,8,77,2,87,0,20,87,2,109,6,4,10,119
08/12/2015,TWF,ID,ANM,WE,Combination Non-Radar Approach Control & Tower w/o Radar,0,11,3,4,18,0,3,50,4,57,0,14,53,8,75,0,4,4,79
08/13/2015,TWF,ID,ANM,WE,Combination Non-Radar Approach Control & Tower w/o Radar,0,10,9,2,21,0,4,56,5,65,0,14,65,7,86,41,0,41,127
08/14/2015,TWF,ID,ANM,WE,Combination Non-Radar Approach Control & Tower w/o Radar,2,8,9,0,19,0,2,86,2,90,2,10,95,2,109,6,2,8,117
08/15/2015,TWF,ID,ANM,WE,Combination Non-Radar Approach Control & Tower w/o Radar,1,8,5,0,14,0,5,36,4,45,1,13,41,4,59,2,2,4,63
08/16/2015,TWF,ID,ANM,WE,Combination Non-Radar Approach Control & Tower w/o Radar,0,4,2,2,8,0,1,20,1,22,0,5,22,3,30,0,2,2,32
08/17/2015,TWF,ID,ANM,WE,Combination Non-Radar Approach Control & Tower w/o Radar,0,6,3,2,11,0,2,48,4,54,0,8,51,6,65,18,0,18,83
08/18/2015,TWF,ID,ANM,WE,Combination Non-Radar Approach Control & Tower w/o Radar,0,11,4,3,18,0,4,48,8,60,0,15,52,11,78,46,2,48,126
08/19/2015,TWF,ID,ANM,WE,Combination Non-Radar Approach Control & Tower w/o Radar,0,10,2,0,12,0,4,39,0,43,0,14,41,0,55,12,0,12,67
08/20/2015,TWF,ID,ANM,WE,Combination Non-Radar Approach Control & Tower w/o Radar,0,10,3,11,24,0,2,26,1,29,0,12,29,12,53,14,2,16,69
08/21/2015,TWF,ID,ANM,WE,Combination Non-Radar Approach Control & Tower w/o Radar,0,10,3,3,16,0,3,32,5,40,0,13,35,8,56,10,0,10,66
08/22/2015,TWF,ID,ANM,WE,Combination Non-Radar Approach Control & Tower w/o Radar,2,12,6,0,20,0,1,53,0,54,2,13,59,0,74,22,0,22,96
08/23/2015,TWF,ID,ANM,WE,Combination Non-Radar Approach Control & Tower w/o Radar,0,13,7,0,20,0,0,17,7,24,0,13,24,7,44,2,0,2,46
08/24/2015,TWF,ID,ANM,WE,Combination Non-Radar Approach Control & Tower w/o Radar,0,14,4,0,18,0,3,27,1,31,0,17,31,1,49,26,0,26,75
08/25/2015,TWF,ID,ANM,WE,Combination Non-Radar Approach Control & Tower w/o Radar,0,12,11,7,30,0,5,51,5,61,0,17,62,12,91,22,0,22,113
08/26/2015,TWF,ID,ANM,WE,Combination Non-Radar Approach Control & Tower w/o Radar,0,14,5,5,24,0,5,59,5,69,0,19,64,10,93,6,0,6,99
08/27/2015,TWF,ID,ANM,WE,Combination Non-Radar Approach Control & Tower w/o Radar,0,10,2,1,13,0,4,45,1,50,0,14,47,2,63,26,0,26,89
08/28/2015,TWF,ID,ANM,WE,Combination Non-Radar Approach Control & Tower w/o Radar,0,8,12,0,20,0,3,59,0,62,0,11,71,0,82,34,0,34,116
08/29/2015,TWF,ID,ANM,WE,Combination Non-Radar Approach Control & Tower w/o Radar,0,6,1,1,8,0,4,32,0,36,0,10,33,1,44,8,14,22,66
08/30/2015,TWF,ID,ANM,WE,Combination Non-Radar Approach Control & Tower w/o Radar,0,5,3,0,8,0,0,31,2,33,0,5,34,2,41,10,0,10,51
08/31/2015,TWF,ID,ANM,WE,Combination Non-Radar Approach Control & Tower w/o Radar,0,9,3,2,14,0,4,50,4,58,0,13,53,6,72,2,2,4,76
09/01/2015,TWF,ID,ANM,WE,Combination Non-Radar Approach Control & Tower w/o Radar,0,15,5,0,20,0,4,40,2,46,0,19,45,2,66,50,0,50,116
09/02/2015,TWF,ID,ANM,WE,Combination Non-Radar Approach Control & Tower w/o Radar,0,12,8,1,21,0,3,26,5,34,0,15,34,6,55,14,16,30,85
09/03/2015,TWF,ID,ANM,WE,Combination Non-Radar Approach Control & Tower w/o Radar,0,13,3,0,16,0,6,38,0,44,0,19,41,0,60,23,0,23,83
09/04/2015,TWF,ID,ANM,WE,Combination Non-Radar Approach Control & Tower w/o Radar,0,13,0,0,13,0,2,64,0,66,0,15,64,0,79,4,0,4,83
09/05/2015,TWF,ID,ANM,WE,Combination Non-Radar Approach Control & Tower w/o Radar,0,5,3,0,8,0,0,8,3,11,0,5,11,3,19,0,0,0,19
09/06/2015,TWF,ID,ANM,WE,Combination Non-Radar Approach Control & Tower w/o Radar,0,2,5,0,7,0,0,43,0,43,0,2,48,0,50,0,0,0,50
09/07/2015,TWF,ID,ANM,WE,Combination Non-Radar Approach Control & Tower w/o Radar,0,6,6,0,12,0,0,45,0,45,0,6,51,0,57,0,0,0,57
09/08/2015,TWF,ID,ANM,WE,Combination Non-Radar Approach Control & Tower w/o Radar,0,9,4,0,13,0,2,24,0,26,0,11,28,0,39,4,0,4,43
09/09/2015,TWF,ID,ANM,WE,Combination Non-Radar Approach Control & Tower w/o Radar,0,12,7,10,29,0,6,36,2,44,0,18,43,12,73,2,14,16,89
09/10/2015,TWF,ID,ANM,WE,Combination Non-Radar Approach Control & Tower w/o Radar,0,14,3,1,18,0,2,47,4,53,0,16,50,5,71,30,4,34,105
09/11/2015,TWF,ID,ANM,WE,Combination Non-Radar Approach Control & Tower w/o Radar,0,13,4,1,18,0,4,35,5,44,0,17,39,6,62,48,0,48,110
09/12/2015,TWF,ID,ANM,WE,Combination Non-Radar Approach Control & Tower w/o Radar,0,4,3,0,7,0,2,68,0,70,0,6,71,0,77,22,0,22,99
09/13/2015,TWF,ID,ANM,WE,Combination Non-Radar Approach Control & Tower w/o Radar,0,10,4,0,14,0,0,17,0,17,0,10,21,0,31,2,0,2,33
09/14/2015,TWF,ID,ANM,WE,Combination Non-Radar Approach Control & Tower w/o Radar,0,11,6,0,17,0,2,20,0,22,0,13,26,0,39,0,0,0,39
09/15/2015,TWF,ID,ANM,WE,Combination Non-Radar Approach Control & Tower w/o Radar,0,16,7,2,25,0,4,9,3,16,0,20,16,5,41,8,0,8,49
09/16/2015,TWF,ID,ANM,WE,Combination Non-Radar Approach Control & Tower w/o Radar,0,17,8,4,29,0,2,7,4,13,0,19,15,8,42,0,0,0,42
09/17/2015,TWF,ID,ANM,WE,Combination Non-Radar Approach Control & Tower w/o Radar,0,17,12,3,32,0,7,10,3,20,0,24,22,6,52,20,0,20,72
09/18/2015,TWF,ID,ANM,WE,Combination Non-Radar Approach Control & Tower w/o Radar,0,13,5,0,18,0,6,47,0,53,0,19,52,0,71,30,0,30,101
09/19/2015,TWF,ID,ANM,WE,Combination Non-Radar Approach Control & Tower w/o Radar,0,9,4,0,13,0,3,30,0,33,0,12,34,0,46,14,0,14,60
09/20/2015,TWF,ID,ANM,WE,Combination Non-Radar Approach Control & Tower w/o Radar,0,9,8,0,17,0,0,39,0,39,0,9,47,0,56,16,0,16,72
09/21/2015,TWF,ID,ANM,WE,Combination Non-Radar Approach Control & Tower w/o Radar,2,8,4,0,14,0,3,26,0,29,2,11,30,0,43,32,0,32,75
09/22/2015,TWF,ID,ANM,WE,Combination Non-Radar Approach Control & Tower w/o Radar,0,11,3,0,14,0,4,40,0,44,0,15,43,0,58,42,0,42,100
09/23/2015,TWF,ID,ANM,WE,Combination Non-Radar Approach Control & Tower w/o Radar,0,8,2,2,12,0,3,43,5,51,0,11,45,7,63,18,18,36,99
09/24/2015,TWF,ID,ANM,WE,Combination Non-Radar Approach Control & Tower w/o Radar,0,13,7,2,22,0,5,26,2,33,0,18,33,4,55,0,14,14,69
09/25/2015,TWF,ID,ANM,WE,Combination Non-Radar Approach Control & Tower w/o Radar,0,12,3,0,15,0,3,25,0,28,0,15,28,0,43,22,0,22,65
09/26/2015,TWF,ID,ANM,WE,Combination Non-Radar Approach Control & Tower w/o Radar,0,6,1,0,7,0,3,26,0,29,0,9,27,0,36,12,0,12,48
09/27/2015,TWF,ID,ANM,WE,Combination Non-Radar Approach Control & Tower w/o Radar,0,5,5,0,10,0,0,19,0,19,0,5,24,0,29,18,0,18,47
09/28/2015,TWF,ID,ANM,WE,Combination Non-Radar Approach Control & Tower w/o Radar,0,13,3,0,16,0,3,28,0,31,0,16,31,0,47,31,0,31,78
09/29/2015,TWF,ID,ANM,WE,Combination Non-Radar Approach Control & Tower w/o Radar,0,12,7,0,19,0,3,36,0,39,0,15,43,0,58,28,0,28,86
09/30/2015,TWF,ID,ANM,WE,Combination Non-Radar Approach Control & Tower w/o Radar,0,11,2,0,13,0,2,24,0,26,0,13,26,0,39,8,0,8,47
10/01/2015,TWF,ID,ANM,WE,Combination Non-Radar Approach Control & Tower w/o Radar,0,12,3,2,17,0,4,10,3,17,0,16,13,5,34,4,0,4,38
10/02/2015,TWF,ID,ANM,WE,Combination Non-Radar Approach Control & Tower w/o Radar,1,23,17,2,43,0,0,4,0,4,1,23,21,2,47,10,0,10,57
10/03/2015,TWF,ID,ANM,WE,Combination Non-Radar Approach Control & Tower w/o Radar,0,8,14,0,22,0,3,21,0,24,0,11,35,0,46,3,0,3,49
10/04/2015,TWF,ID,ANM,WE,Combination Non-Radar Approach Control & Tower w/o Radar,0,4,6,2,12,0,0,16,5,21,0,4,22,7,33,6,0,6,39
10/05/2015,TWF,ID,ANM,WE,Combination Non-Radar Approach Control & Tower w/o Radar,0,8,3,0,11,0,8,27,0,35,0,16,30,0,46,8,0,8,54
10/06/2015,TWF,ID,ANM,WE,Combination Non-Radar Approach Control & Tower w/o Radar,0,15,6,0,21,0,4,27,0,31,0,19,33,0,52,62,0,62,114
10/07/2015,TWF,ID,ANM,WE,Combination Non-Radar Approach Control & Tower w/o Radar,0,11,7,2,20,0,3,17,6,26,0,14,24,8,46,20,0,20,66
10/08/2015,TWF,ID,ANM,WE,Combination Non-Radar Approach Control & Tower w/o Radar,0,9,2,2,13,0,5,29,2,36,0,14,31,4,49,16,10,26,75
10/09/2015,TWF,ID,ANM,WE,Combination Non-Radar Approach Control & Tower w/o Radar,0,9,6,0,15,0,3,44,0,47,0,12,50,0,62,36,0,36,98
10/10/2015,TWF,ID,ANM,WE,Combination Non-Radar Approach Control & Tower w/o Radar,0,6,7,0,13,0,3,16,0,19,0,9,23,0,32,0,14,14,46
10/11/2015,TWF,ID,ANM,WE,Combination Non-Radar Approach Control & Tower w/o Radar,0,7,5,0,12,0,0,12,0,12,0,7,17,0,24,2,0,2,26
10/12/2015,TWF,ID,ANM,WE,Combination Non-Radar Approach Control & Tower w/o Radar,0,9,6,0,15,0,3,38,0,41,0,12,44,0,56,20,0,20,76
10/13/2015,TWF,ID,ANM,WE,Combination Non-Radar Approach Control & Tower w/o Radar,0,15,1,0,16,0,3,33,0,36,0,18,34,0,52,6,0,6,58
10/14/2015,TWF,ID,ANM,WE,Combination Non-Radar Approach Control & Tower w/o Radar,0,13,4,0,17,0,2,35,0,37,0,15,39,0,54,18,0,18,72
10/15/2015,TWF,ID,ANM,WE,Combination Non-Radar Approach Control & Tower w/o Radar,0,15,1,0,16,0,3,35,0,38,0,18,36,0,54,46,0,46,100
10/16/2015,TWF,ID,ANM,WE,Combination Non-Radar Approach Control & Tower w/o Radar,0,9,5,0,14,0,5,41,0,46,0,14,46,0,60,12,0,12,72
10/17/2015,TWF,ID,ANM,WE,Combination Non-Radar Approach Control & Tower w/o Radar,0,6,2,2,10,0,3,8,0,11,0,9,10,2,21,40,0,40,61
10/18/2015,TWF,ID,ANM,WE,Combination Non-Radar Approach Control & Tower w/o Radar,0,5,2,0,7,0,0,14,0,14,0,5,16,0,21,14,0,14,35
10/19/2015,TWF,ID,ANM,WE,Combination Non-Radar Approach Control & Tower w/o Radar,0,9,3,1,13,0,2,9,1,12,0,11,12,2,25,20,4,24,49
10/20/2015,TWF,ID,ANM,WE,Combination Non-Radar Approach Control & Tower w/o Radar,0,14,11,0,25,0,2,12,0,14,0,16,23,0,39,30,0,30,69
10/21/2015,TWF,ID,ANM,WE,Combination Non-Radar Approach Control & Tower w/o Radar,0,11,18,0,29,0,7,48,0,55,0,18,66,0,84,26,0,26,110
10/22/2015,TWF,ID,ANM,WE,Combination Non-Radar Approach Control & Tower w/o Radar,0,10,6,0,16,0,5,29,0,34,0,15,35,0,50,26,0,26,76
10/23/2015,TWF,ID,ANM,WE,Combination Non-Radar Approach Control & Tower w/o Radar,0,8,3,3,14,0,5,35,6,46,0,13,38,9,60,42,2,44,104
10/24/2015,TWF,ID,ANM,WE,Combination Non-Radar Approach Control & Tower w/o Radar,0,10,7,0,17,0,3,25,0,28,0,13,32,0,45,36,0,36,81
10/25/2015,TWF,ID,ANM,WE,Combination Non-Radar Approach Control & Tower w/o Radar,0,4,4,0,8,0,0,10,0,10,0,4,14,0,18,22,0,22,40
10/26/2015,TWF,ID,ANM,WE,Combination Non-Radar Approach Control & Tower w/o Radar,0,11,1,0,12,0,7,14,0,21,0,18,15,0,33,20,0,20,53
10/27/2015,TWF,ID,ANM,WE,Combination Non-Radar Approach Control & Tower w/o Radar,0,12,13,1,26,0,4,25,1,30,0,16,38,2,56,12,0,12,68
10/28/2015,TWF,ID,ANM,WE,Combination Non-Radar Approach Control & Tower w/o Radar,0,16,9,0,25,0,6,19,0,25,0,22,28,0,50,16,0,16,66
10/29/2015,TWF,ID,ANM,WE,Combination Non-Radar Approach Control & Tower w/o Radar,0,20,4,5,29,0,2,8,5,15,0,22,12,10,44,0,0,0,44
10/30/2015,TWF,ID,ANM,WE,Combination Non-Radar Approach Control & Tower w/o Radar,0,13,5,0,18,0,6,23,0,29,0,19,28,0,47,14,0,14,61
10/31/2015,TWF,ID,ANM,WE,Combination Non-Radar Approach Control & Tower w/o Radar,0,4,0,0,4,0,3,14,0,17,0,7,14,0,21,28,0,28,49
11/01/2015,TWF,ID,ANM,WE,Combination Non-Radar Approach Control & Tower w/o Radar,0,6,3,0,9,0,0,4,0,4,0,6,7,0,13,0,0,0,13
11/02/2015,TWF,ID,ANM,WE,Combination Non-Radar Approach Control & Tower w/o Radar,1,10,12,3,26,0,0,3,1,4,1,10,15,4,30,0,0,0,30
11/03/2015,TWF,ID,ANM,WE,Combination Non-Radar Approach Control & Tower w/o Radar,1,20,13,0,34,0,0,1,0,1,1,20,14,0,35,0,0,0,35
11/04/2015,TWF,ID,ANM,WE,Combination Non-Radar Approach Control & Tower w/o Radar,1,21,6,0,28,0,1,6,1,8,1,22,12,1,36,0,0,0,36
11/05/2015,TWF,ID,ANM,WE,Combination Non-Radar Approach Control & Tower w/o Radar,0,14,8,2,24,0,4,28,2,34,0,18,36,4,58,28,10,38,96
11/06/2015,TWF,ID,ANM,WE,Combination Non-Radar Approach Control & Tower w/o Radar,0,12,5,0,17,0,3,15,0,18,0,15,20,0,35,2,0,2,37
11/07/2015,TWF,ID,ANM,WE,Combination Non-Radar Approach Control & Tower w/o Radar,0,6,13,4,23,0,3,40,7,50,0,9,53,11,73,26,16,42,115
11/08/2015,TWF,ID,ANM,WE,Combination Non-Radar Approach Control & Tower w/o Radar,0,5,4,9,18,0,0,15,7,22,0,5,19,16,40,27,26,53,93
11/09/2015,TWF,ID,ANM,WE,Combination Non-Radar Approach Control & Tower w/o Radar,2,14,4,0,20,0,1,6,0,7,2,15,10,0,27,24,0,24,51
11/10/2015,TWF,ID,ANM,WE,Combination Non-Radar Approach Control & Tower w/o Radar,2,13,10,2,27,0,1,7,0,8,2,14,17,2,35,0,0,0,35
11/11/2015,TWF,ID,ANM,WE,Combination Non-Radar Approach Control & Tower w/o Radar,0,11,7,0,18,0,3,29,0,32,0,14,36,0,50,22,0,22,72
11/12/2015,TWF,ID,ANM,WE,Combination Non-Radar Approach Control & Tower w/o Radar,0,10,11,2,23,0,3,21,1,25,0,13,32,3,48,63,18,81,129
11/13/2015,TWF,ID,ANM,WE,Combination Non-Radar Approach Control & Tower w/o Radar,0,10,5,0,15,0,3,44,0,47,0,13,49,0,62,20,0,20,82
11/14/2015,TWF,ID,ANM,WE,Combination Non-Radar Approach Control & Tower w/o Radar,0,8,10,3,21,0,5,40,6,51,0,13,50,9,72,72,4,76,148
11/15/2015,TWF,ID,ANM,WE,Combination Non-Radar Approach Control & Tower w/o Radar,0,7,5,0,12,0,0,14,0,14,0,7,19,0,26,2,0,2,28
11/16/2015,TWF,ID,ANM,WE,Combination Non-Radar Approach Control & Tower w/o Radar,2,9,0,2,13,0,2,3,4,9,2,11,3,6,22,0,6,6,28
11/17/2015,TWF,ID,ANM,WE,Combination Non-Radar Approach Control & Tower w/o Radar,0,16,4,0,20,0,2,8,0,10,0,18,12,0,30,4,0,4,34
11/18/2015,TWF,ID,ANM,WE,Combination Non-Radar Approach Control & Tower w/o Radar,1,14,0,0,15,0,3,2,1,6,1,17,2,1,21,0,4,4,25
11/19/2015,TWF,ID,ANM,WE,Combination Non-Radar Approach Control & Tower w/o Radar,1,24,12,0,37,0,2,8,4,14,1,26,20,4,51,20,8,28,79
11/20/2015,TWF,ID,ANM,WE,Combination Non-Radar Approach Control & Tower w/o Radar,2,15,6,0,23,0,3,10,0,13,2,18,16,0,36,0,0,0,36
11/21/2015,TWF,ID,ANM,WE,Combination Non-Radar Approach Control & Tower w/o Radar,0,11,11,0,22,0,3,41,0,44,0,14,52,0,66,54,0,54,120
11/22/2015,TWF,ID,ANM,WE,Combination Non-Radar Approach Control & Tower w/o Radar,0,5,4,0,9,0,0,24,0,24,0,5,28,0,33,26,0,26,59
11/23/2015,TWF,ID,ANM,WE,Combination Non-Radar Approach Control & Tower w/o Radar,0,9,2,4,15,0,2,21,1,24,0,11,23,5,39,38,2,40,79
11/24/2015,TWF,ID,ANM,WE,Combination Non-Radar Approach Control & Tower w/o Radar,0,15,5,0,20,0,1,11,0,12,0,16,16,0,32,10,0,10,42
11/25/2015,TWF,ID,ANM,WE,Combination Non-Radar Approach Control & Tower w/o Radar,1,22,12,0,35,0,0,0,0,0,1,22,12,0,35,0,0,0,35
11/26/2015,TWF,ID,ANM,WE,Combination Non-Radar Approach Control & Tower w/o Radar,0,2,1,0,3,0,0,0,0,0,0,2,1,0,3,0,0,0,3
11/27/2015,TWF,ID,ANM,WE,Combination Non-Radar Approach Control & Tower w/o Radar,0,7,6,0,13,0,3,11,0,14,0,10,17,0,27,18,0,18,45
11/28/2015,TWF,ID,ANM,WE,Combination Non-Radar Approach Control & Tower w/o Radar,0,9,5,0,14,0,2,7,0,9,0,11,12,0,23,0,0,0,23
11/29/2015,TWF,ID,ANM,WE,Combination Non-Radar Approach Control & Tower w/o Radar,0,10,1,1,12,0,0,11,0,11,0,10,12,1,23,0,0,0,23
11/30/2015,TWF,ID,ANM,WE,Combination Non-Radar Approach Control & Tower w/o Radar,0,18,0,0,18,0,1,4,0,5,0,19,4,0,23,10,0,10,33
12/01/2015,TWF,ID,ANM,WE,Combination Non-Radar Approach Control & Tower w/o Radar,0,15,7,0,22,0,3,11,0,14,0,18,18,0,36,6,0,6,42
12/02/2015,TWF,ID,ANM,WE,Combination Non-Radar Approach Control & Tower w/o Radar,0,17,12,0,29,0,0,14,0,14,0,17,26,0,43,0,0,0,43
12/03/2015,TWF,ID,ANM,WE,Combination Non-Radar Approach Control & Tower w/o Radar,0,9,1,1,11,0,1,8,1,10,0,10,9,2,21,12,10,22,43
12/04/2015,TWF,ID,ANM,WE,Combination Non-Radar Approach Control & Tower w/o Radar,0,17,7,1,25,0,1,10,1,12,0,18,17,2,37,0,0,0,37
12/05/2015,TWF,ID,ANM,WE,Combination Non-Radar Approach Control & Tower w/o Radar,0,8,1,0,9,0,2,42,0,44,0,10,43,0,53,34,0,34,87
12/06/2015,TWF,ID,ANM,WE,Combination Non-Radar Approach Control & Tower w/o Radar,1,10,4,0,15,0,0,5,0,5,1,10,9,0,20,0,0,0,20
12/07/2015,TWF,ID,ANM,WE,Combination Non-Radar Approach Control & Tower w/o Radar,1,11,8,0,20,0,1,1,0,2,1,12,9,0,22,0,0,0,22
12/08/2015,TWF,ID,ANM,WE,Combination Non-Radar Approach Control & Tower w/o Radar,0,17,8,0,25,0,1,26,0,27,0,18,34,0,52,44,0,44,96
12/09/2015,TWF,ID,ANM,WE,Combination Non-Radar Approach Control & Tower w/o Radar,0,15,7,0,22,0,2,3,2,7,0,17,10,2,29,0,0,0,29
12/10/2015,TWF,ID,ANM,WE,Combination Non-Radar Approach Control & Tower w/o Radar,1,18,6,0,25,0,1,1,0,2,1,19,7,0,27,0,0,0,27
12/11/2015,TWF,ID,ANM,WE,Combination Non-Radar Approach Control & Tower w/o Radar,1,20,15,0,36,0,0,12,0,12,1,20,27,0,48,40,0,40,88
12/12/2015,TWF,ID,ANM,WE,Combination Non-Radar Approach Control & Tower w/o Radar,2,10,12,0,24,0,2,11,6,19,2,12,23,6,43,44,0,44,87
12/13/2015,TWF,ID,ANM,WE,Combination Non-Radar Approach Control & Tower w/o Radar,3,14,8,0,25,0,0,2,0,2,3,14,10,0,27,0,0,0,27
12/14/2015,TWF,ID,ANM,WE,Combination Non-Radar Approach Control & Tower w/o Radar,2,5,3,0,10,0,0,3,0,3,2,5,6,0,13,0,0,0,13
12/15/2015,TWF,ID,ANM,WE,Combination Non-Radar Approach Control & Tower w/o Radar,0,14,8,2,24,0,1,18,3,22,0,15,26,5,46,40,4,44,90
12/16/2015,TWF,ID,ANM,WE,Combination Non-Radar Approach Control & Tower w/o Radar,1,20,8,0,29,0,0,4,0,4,1,20,12,0,33,10,0,10,43
12/17/2015,TWF,ID,ANM,WE,Combination Non-Radar Approach Control & Tower w/o Radar,4,19,14,0,37,0,1,7,0,8,4,20,21,0,45,30,0,30,75
12/18/2015,TWF,ID,ANM,WE,Combination Non-Radar Approach Control & Tower w/o Radar,3,36,33,0,72,0,6,13,0,19,3,42,46,0,91,34,0,34,125
12/19/2015,TWF,ID,ANM,WE,Combination Non-Radar Approach Control & Tower w/o Radar,8,46,24,0,78,0,0,16,0,16,8,46,40,0,94,10,0,10,104
12/20/2015,TWF,ID,ANM,WE,Combination Non-Radar Approach Control & Tower w/o Radar,1,12,8,1,22,0,0,13,0,13,1,12,21,1,35,14,0,14,49
12/21/2015,TWF,ID,ANM,WE,Combination Non-Radar Approach Control & Tower w/o Radar,1,26,27,0,54,0,1,11,0,12,1,27,38,0,66,0,0,0,66
12/22/2015,TWF,ID,ANM,WE,Combination Non-Radar Approach Control & Tower w/o Radar,1,20,15,0,36,0,0,4,0,4,1,20,19,0,40,0,0,0,40
12/23/2015,TWF,ID,ANM,WE,Combination Non-Radar Approach Control & Tower w/o Radar,0,18,5,0,23,0,0,6,0,6,0,18,11,0,29,0,0,0,29
12/24/2015,TWF,ID,ANM,WE,Combination Non-Radar Approach Control & Tower w/o Radar,6,24,6,0,36,0,3,0,0,3,6,27,6,0,39,0,0,0,39
12/25/2015,TWF,ID,ANM,WE,Combination Non-Radar Approach Control & Tower w/o Radar,1,7,2,0,10,0,0,0,0,0,1,7,2,0,10,0,0,0,10
12/26/2015,TWF,ID,ANM,WE,Combination Non-Radar Approach Control & Tower w/o Radar,0,8,6,0,14,0,1,6,0,7,0,9,12,0,21,0,0,0,21
12/27/2015,TWF,ID,ANM,WE,Combination Non-Radar Approach Control & Tower w/o Radar,0,4,13,0,17,0,0,3,0,3,0,4,16,0,20,0,0,0,20
12/28/2015,TWF,ID,ANM,WE,Combination Non-Radar Approach Control & Tower w/o Radar,0,14,6,0,20,0,0,2,0,2,0,14,8,0,22,0,0,0,22
12/29/2015,TWF,ID,ANM,WE,Combination Non-Radar Approach Control & Tower w/o Radar,4,40,18,0,62,0,0,1,0,1,4,40,19,0,63,10,0,10,73
12/30/2015,TWF,ID,ANM,WE,Combination Non-Radar Approach Control & Tower w/o Radar,1,12,4,0,17,0,0,3,0,3,1,12,7,0,20,8,0,8,28
12/31/2015,TWF,ID,ANM,WE,Combination Non-Radar Approach Control & Tower w/o Radar,0,10,4,0,14,0,1,14,0,15,0,11,18,0,29,0,0,0,29
01/01/2016,TWF,ID,ANM,WE,Combination Non-Radar Approach Control & Tower w/o Radar,0,7,2,0,9,0,1,13,0,14,0,8,15,0,23,2,0,2,25
01/02/2016,TWF,ID,ANM,WE,Combination Non-Radar Approach Control & Tower w/o Radar,0,8,12,0,20,0,2,11,0,13,0,10,23,0,33,2,0,2,35
01/03/2016,TWF,ID,ANM,WE,Combination Non-Radar Approach Control & Tower w/o Radar,0,7,14,0,21,0,0,15,0,15,0,7,29,0,36,10,0,10,46
01/04/2016,TWF,ID,ANM,WE,Combination Non-Radar Approach Control & Tower w/o Radar,0,10,4,0,14,0,1,15,0,16,0,11,19,0,30,30,0,30,60
01/05/2016,TWF,ID,ANM,WE,Combination Non-Radar Approach Control & Tower w/o Radar,4,36,23,0,63,0,13,15,0,28,4,49,38,0,91,54,0,54,145
01/06/2016,TWF,ID,ANM,WE,Combination Non-Radar Approach Control & Tower w/o Radar,9,29,20,0,58,0,6,11,0,17,9,35,31,0,75,16,0,16,91
01/07/2016,TWF,ID,ANM,WE,Combination Non-Radar Approach Control & Tower w/o Radar,1,9,2,0,12,0,0,0,0,0,1,9,2,0,12,0,0,0,12
01/08/2016,TWF,ID,ANM,WE,Combination Non-Radar Approach Control & Tower w/o Radar,4,16,19,0,39,0,1,4,0,5,4,17,23,0,44,4,0,4,48
01/09/2016,TWF,ID,ANM,WE,Combination Non-Radar Approach Control & Tower w/o Radar,1,11,3,2,17,0,3,31,2,36,1,14,34,4,53,48,4,52,105
01/10/2016,TWF,ID,ANM,WE,Combination Non-Radar Approach Control & Tower w/o Radar,0,6,6,0,12,0,0,7,0,7,0,6,13,0,19,0,0,0,19
01/11/2016,TWF,ID,ANM,WE,Combination Non-Radar Approach Control & Tower w/o Radar,1,9,6,0,16,0,6,25,0,31,1,15,31,0,47,70,0,70,117
01/12/2016,TWF,ID,ANM,WE,Combination Non-Radar Approach Control & Tower w/o Radar,4,13,2,0,19,0,1,23,0,24,4,14,25,0,43,10,0,10,53
01/13/2016,TWF,ID,ANM,WE,Combination Non-Radar Approach Control & Tower w/o Radar,0,15,8,1,24,0,0,7,2,9,0,15,15,3,33,14,0,14,47
01/14/2016,TWF,ID,ANM,WE,Combination Non-Radar Approach Control & Tower w/o Radar,1,12,10,2,25,0,4,14,0,18,1,16,24,2,43,26,0,26,69
01/15/2016,TWF,ID,ANM,WE,Combination Non-Radar Approach Control & Tower w/o Radar,0,12,5,0,17,0,3,2,0,5,0,15,7,0,22,36,0,36,58
01/16/2016,TWF,ID,ANM,WE,Combination Non-Radar Approach Control & Tower w/o Radar,8,11,10,0,29,0,0,0,0,0,8,11,10,0,29,0,0,0,29
01/17/2016,TWF,ID,ANM,WE,Combination Non-Radar Approach Control & Tower w/o Radar,0,4,3,0,7,0,0,3,0,3,0,4,6,0,10,0,0,0,10
01/18/2016,TWF,ID,ANM,WE,Combination Non-Radar Approach Control & Tower w/o Radar,5,29,23,0,57,0,1,12,0,13,5,30,35,0,70,36,0,36,106
01/19/2016,TWF,ID,ANM,WE,Combination Non-Radar Approach Control & Tower w/o Radar,2,19,10,2,33,0,0,1,0,1,2,19,11,2,34,2,0,2,36
01/20/2016,TWF,ID,ANM,WE,Combination Non-Radar Approach Control & Tower w/o Radar,0,16,3,2,21,0,5,8,0,13,0,21,11,2,34,0,0,0,34
01/21/2016,TWF,ID,ANM,WE,Combination Non-Radar Approach Control & Tower w/o Radar,0,10,5,0,15,0,1,7,0,8,0,11,12,0,23,24,0,24,47
01/22/2016,TWF,ID,ANM,WE,Combination Non-Radar Approach Control & Tower w/o Radar,0,11,5,0,16,0,4,26,0,30,0,15,31,0,46,22,0,22,68
01/23/2016,TWF,ID,ANM,WE,Combination Non-Radar Approach Control & Tower w/o Radar,10,10,8,0,28,0,1,3,0,4,10,11,11,0,32,22,0,22,54
01/24/2016,TWF,ID,ANM,WE,Combination Non-Radar Approach Control & Tower w/o Radar,1,6,5,0,12,0,1,6,0,7,1,7,11,0,19,2,0,2,21
01/25/2016,TWF,ID,ANM,WE,Combination Non-Radar Approach Control & Tower w/o Radar,0,8,2,0,10,0,1,15,0,16,0,9,17,0,26,40,0,40,66
01/26/2016,TWF,ID,ANM,WE,Combination Non-Radar Approach Control & Tower w/o Radar,2,15,5,0,22,0,2,21,0,23,2,17,26,0,45,6,0,6,51
01/27/2016,TWF,ID,ANM,WE,Combination Non-Radar Approach Control & Tower w/o Radar,3,13,8,2,26,0,1,14,0,15,3,14,22,2,41,42,0,42,83
01/28/2016,TWF,ID,ANM,WE,Combination Non-Radar Approach Control & Tower w/o Radar,0,15,12,0,27,0,2,29,0,31,0,17,41,0,58,32,0,32,90
01/29/2016,TWF,ID,ANM,WE,Combination Non-Radar Approach Control & Tower w/o Radar,4,21,17,0,42,0,1,5,0,6,4,22,22,0,48,6,0,6,54
01/30/2016,TWF,ID,ANM,WE,Combination Non-Radar Approach Control & Tower w/o Radar,1,10,7,0,18,0,0,3,0,3,1,10,10,0,21,24,0,24,45
01/31/2016,TWF,ID,ANM,WE,Combination Non-Radar Approach Control & Tower w/o Radar,0,9,7,2,18,0,0,4,2,6,0,9,11,4,24,8,0,8,32
02/01/2016,TWF,ID,ANM,WE,Combination Non-Radar Approach Control & Tower w/o Radar,0,9,1,4,14,0,2,15,0,17,0,11,16,4,31,10,2,12,43
02/02/2016,TWF,ID,ANM,WE,Combination Non-Radar Approach Control & Tower w/o Radar,0,13,0,0,13,0,0,15,2,17,0,13,15,2,30,32,0,32,62
02/03/2016,TWF,ID,ANM,WE,Combination Non-Radar Approach Control & Tower w/o Radar,0,13,0,3,16,0,7,21,3,31,0,20,21,6,47,24,16,40,87
02/04/2016,TWF,ID,ANM,WE,Combination Non-Radar Approach Control & Tower w/o Radar,4,21,7,0,32,0,0,0,0,0,4,21,7,0,32,0,0,0,32
02/05/2016,TWF,ID,ANM,WE,Combination Non-Radar Approach Control & Tower w/o Radar,0,16,8,0,24,0,1,21,0,22,0,17,29,0,46,54,0,54,100
02/06/2016,TWF,ID,ANM,WE,Combination Non-Radar Approach Control & Tower w/o Radar,0,9,6,0,15,0,4,28,0,32,0,13,34,0,47,14,0,14,61
02/07/2016,TWF,ID,ANM,WE,Combination Non-Radar Approach Control & Tower w/o Radar,0,3,4,0,7,0,0,22,0,22,0,3,26,0,29,20,0,20,49
02/08/2016,TWF,ID,ANM,WE,Combination Non-Radar Approach Control & Tower w/o Radar,0,8,8,0,16,0,0,4,0,4,0,8,12,0,20,0,0,0,20
02/09/2016,TWF,ID,ANM,WE,Combination Non-Radar Approach Control & Tower w/o Radar,0,8,1,0,9,0,0,2,0,2,0,8,3,0,11,0,0,0,11
02/10/2016,TWF,ID,ANM,WE,Combination Non-Radar Approach Control & Tower w/o Radar,0,17,7,4,28,0,1,17,0,18,0,18,24,4,46,94,28,122,168
02/11/2016,TWF,ID,ANM,WE,Combination Non-Radar Approach Control & Tower w/o Radar,0,13,9,3,25,0,1,22,1,24,0,14,31,4,49,32,10,42,91
02/12/2016,TWF,ID,ANM,WE,Combination Non-Radar Approach Control & Tower w/o Radar,0,10,5,0,15,0,1,22,0,23,0,11,27,0,38,8,0,8,46
02/13/2016,TWF,ID,ANM,WE,Combination Non-Radar Approach Control & Tower w/o Radar,6,13,4,0,23,0,2,21,0,23,6,15,25,0,46,2,0,2,48
02/14/2016,TWF,ID,ANM,WE,Combination Non-Radar Approach Control & Tower w/o Radar,6,6,1,0,13,0,0,3,2,5,6,6,4,2,18,12,0,12,30
02/15/2016,TWF,ID,ANM,WE,Combination Non-Radar Approach Control & Tower w/o Radar,0,12,8,0,20,0,1,7,0,8,0,13,15,0,28,4,0,4,32
02/16/2016,TWF,ID,ANM,WE,Combination Non-Radar Approach Control & Tower w/o Radar,0,11,4,0,15,0,0,37,0,37,0,11,41,0,52,71,0,71,123
02/17/2016,TWF,ID,ANM,WE,Combination Non-Radar Approach Control & Tower w/o Radar,0,11,4,2,17,0,0,18,1,19,0,11,22,3,36,6,10,16,52
02/18/2016,TWF,ID,ANM,WE,Combination Non-Radar Approach Control & Tower w/o Radar,6,14,3,0,23,0,3,2,0,5,6,17,5,0,28,0,0,0,28
02/19/2016,TWF,ID,ANM,WE,Combination Non-Radar Approach Control & Tower w/o Radar,1,11,4,0,16,0,1,29,0,30,1,12,33,0,46,0,0,0,46
02/20/2016,TWF,ID,ANM,WE,Combination Non-Radar Approach Control & Tower w/o Radar,0,7,1,0,8,0,5,21,0,26,0,12,22,0,34,78,0,78,112
02/21/2016,TWF,ID,ANM,WE,Combination Non-Radar Approach Control & Tower w/o Radar,0,8,5,0,13,0,0,34,0,34,0,8,39,0,47,7,0,7,54
02/22/2016,TWF,ID,ANM,WE,Combination Non-Radar Approach Control & Tower w/o Radar,0,9,5,0,14,0,1,5,0,6,0,10,10,0,20,10,0,10,30
02/23/2016,TWF,ID,ANM,WE,Combination Non-Radar Approach Control & Tower w/o Radar,0,11,19,0,30,0,0,28,0,28,0,11,47,0,58,31,0,31,89
02/24/2016,TWF,ID,ANM,WE,Combination Non-Radar Approach Control & Tower w/o Radar,0,10,9,2,21,0,1,28,2,31,0,11,37,4,52,46,12,58,110
02/25/2016,TWF,ID,ANM,WE,Combination Non-Radar Approach Control & Tower w/o Radar,0,11,7,0,18,0,1,24,0,25,0,12,31,0,43,22,0,22,65
02/26/2016,TWF,ID,ANM,WE,Combination Non-Radar Approach Control & Tower w/o Radar,0,10,4,0,14,0,1,43,0,44,0,11,47,0,58,90,0,90,148
02/27/2016,TWF,ID,ANM,WE,Combination Non-Radar Approach Control & Tower w/o Radar,4,7,4,0,15,0,3,5,0,8,4,10,9,0,23,19,0,19,42
02/28/2016,TWF,ID,ANM,WE,Combination Non-Radar Approach Control & Tower w/o Radar,0,5,8,0,13,0,0,37,0,37,0,5,45,0,50,2,0,2,52
02/29/2016,TWF,ID,ANM,WE,Combination Non-Radar Approach Control & Tower w/o Radar,0,10,6,0,16,0,0,25,0,25,0,10,31,0,41,16,0,16,57
03/01/2016,TWF,ID,ANM,WE,Combination Non-Radar Approach Control & Tower w/o Radar,0,15,3,0,18,0,1,23,0,24,0,16,26,0,42,28,0,28,70
03/02/2016,TWF,ID,ANM,WE,Combination Non-Radar Approach Control & Tower w/o Radar,0,12,2,5,19,0,1,18,3,22,0,13,20,8,41,0,38,38,79
03/03/2016,TWF,ID,ANM,WE,Combination Non-Radar Approach Control & Tower w/o Radar,0,14,6,0,20,0,2,10,0,12,0,16,16,0,32,35,0,35,67
03/04/2016,TWF,ID,ANM,WE,Combination Non-Radar Approach Control & Tower w/o Radar,0,12,0,0,12,0,2,38,0,40,0,14,38,0,52,74,0,74,126
03/05/2016,TWF,ID,ANM,WE,Combination Non-Radar Approach Control & Tower w/o Radar,0,13,2,0,15,0,7,16,3,26,0,20,18,3,41,0,0,0,41
03/06/2016,TWF,ID,ANM,WE,Combination Non-Radar Approach Control & Tower w/o Radar,10,9,5,0,24,0,0,4,0,4,10,9,9,0,28,0,0,0,28
03/07/2016,TWF,ID,ANM,WE,Combination Non-Radar Approach Control & Tower w/o Radar,1,5,4,0,10,0,1,13,0,14,1,6,17,0,24,54,0,54,78
03/08/2016,TWF,ID,ANM,WE,Combination Non-Radar Approach Control & Tower w/o Radar,4,21,2,0,27,0,1,16,0,17,4,22,18,0,44,28,0,28,72
03/09/2016,TWF,ID,ANM,WE,Combination Non-Radar Approach Control & Tower w/o Radar,0,10,6,3,19,0,0,14,3,17,0,10,20,6,36,20,6,26,62
03/10/2016,TWF,ID,ANM,WE,Combination Non-Radar Approach Control & Tower w/o Radar,0,14,9,0,23,0,1,8,2,11,0,15,17,2,34,0,0,0,34
03/11/2016,TWF,ID,ANM,WE,Combination Non-Radar Approach Control & Tower w/o Radar,5,13,6,0,24,0,1,19,0,20,5,14,25,0,44,26,0,26,70
03/12/2016,TWF,ID,ANM,WE,Combination Non-Radar Approach Control & Tower w/o Radar,4,13,6,0,23,0,0,13,0,13,4,13,19,0,36,30,0,30,66
03/13/2016,TWF,ID,ANM,WE,Combination Non-Radar Approach Control & Tower w/o Radar,3,20,26,0,49,0,0,2,0,2,3,20,28,0,51,2,0,2,53
03/14/2016,TWF,ID,ANM,WE,Combination Non-Radar Approach Control & Tower w/o Radar,9,17,4,3,33,0,0,0,1,1,9,17,4,4,34,0,0,0,34
03/15/2016,TWF,ID,ANM,WE,Combination Non-Radar Approach Control & Tower w/o Radar,0,12,7,0,19,0,0,10,0,10,0,12,17,0,29,24,0,24,53
03/16/2016,TWF,ID,ANM,WE,Combination Non-Radar Approach Control & Tower w/o Radar,0,13,5,2,20,0,1,15,4,20,0,14,20,6,40,26,0,26,66
03/17/2016,TWF,ID,ANM,WE,Combination Non-Radar Approach Control & Tower w/o Radar,0,13,16,0,29,0,0,23,0,23,0,13,39,0,52,68,0,68,120
03/18/2016,TWF,ID,ANM,WE,Combination Non-Radar Approach Control & Tower w/o Radar,0,11,9,0,20,0,3,45,0,48,0,14,54,0,68,46,0,46,114
03/19/2016,TWF,ID,ANM,WE,Combination Non-Radar Approach Control & Tower w/o Radar,0,7,9,0,16,0,3,26,0,29,0,10,35,0,45,32,0,32,77
03/20/2016,TWF,ID,ANM,WE,Combination Non-Radar Approach Control & Tower w/o Radar,0,9,13,0,22,0,0,35,0,35,0,9,48,0,57,48,0,48,105
03/21/2016,TWF,ID,ANM,WE,Combination Non-Radar Approach Control & Tower w/o Radar,0,8,2,0,10,0,0,8,0,8,0,8,10,0,18,10,0,10,28
03/22/2016,TWF,ID,ANM,WE,Combination Non-Radar Approach Control & Tower w/o Radar,0,20,1,0,21,0,1,20,0,21,0,21,21,0,42,4,0,4,46
03/23/2016,TWF,ID,ANM,WE,Combination Non-Radar Approach Control & Tower w/o Radar,0,11,2,0,13,0,1,14,0,15,0,12,16,0,28,20,0,20,48
03/24/2016,TWF,ID,ANM,WE,Combination Non-Radar Approach Control & Tower w/o Radar,0,13,2,0,15,0,1,21,0,22,0,14,23,0,37,40,0,40,77
03/25/2016,TWF,ID,ANM,WE,Combination Non-Radar Approach Control & Tower w/o Radar,0,12,5,0,17,0,0,9,0,9,0,12,14,0,26,6,0,6,32
03/26/2016,TWF,ID,ANM,WE,Combination Non-Radar Approach Control & Tower w/o Radar,0,13,9,0,22,0,2,35,2,39,0,15,44,2,61,80,0,80,141
03/27/2016,TWF,ID,ANM,WE,Combination Non-Radar Approach Control & Tower w/o Radar,1,6,6,0,13,0,0,9,0,9,1,6,15,0,22,22,0,22,44
03/28/2016,TWF,ID,ANM,WE,Combination Non-Radar Approach Control & Tower w/o Radar,0,10,8,0,18,0,1,14,0,15,0,11,22,0,33,41,0,41,74
03/29/2016,TWF,ID,ANM,WE,Combination Non-Radar Approach Control & Tower w/o Radar,0,20,6,0,26,0,0,0,0,0,0,20,6,0,26,0,0,0,26
03/30/2016,TWF,ID,ANM,WE,Combination Non-Radar Approach Control & Tower w/o Radar,0,11,6,0,17,0,2,32,0,34,0,13,38,0,51,32,0,32,83
03/31/2016,TWF,ID,ANM,WE,Combination Non-Radar Approach Control & Tower w/o Radar,1,13,4,0,18,0,1,46,0,47,1,14,50,0,65,160,0,160,225
04/01/2016,TWF,ID,ANM,WE,Combination Non-Radar Approach Control & Tower w/o Radar,0,12,4,0,16,0,4,45,2,51,0,16,49,2,67,150,0,150,217
04/02/2016,TWF,ID,ANM,WE,Combination Non-Radar Approach Control & Tower w/o Radar,0,10,6,0,16,0,1,31,3,35,0,11,37,3,51,70,0,70,121
04/03/2016,TWF,ID,ANM,WE,Combination Non-Radar Approach Control & Tower w/o Radar,0,6,1,0,7,0,0,27,4,31,0,6,28,4,38,32,0,32,70
04/04/2016,TWF,ID,ANM,WE,Combination Non-Radar Approach Control & Tower w/o Radar,0,8,6,0,14,0,2,5,0,7,0,10,11,0,21,19,0,19,40
04/05/2016,TWF,ID,ANM,WE,Combination Non-Radar Approach Control & Tower w/o Radar,0,10,16,0,26,0,1,24,0,25,0,11,40,0,51,33,0,33,84
04/06/2016,TWF,ID,ANM,WE,Combination Non-Radar Approach Control & Tower w/o Radar,0,12,9,0,21,0,1,53,0,54,0,13,62,0,75,18,0,18,93
04/07/2016,TWF,ID,ANM,WE,Combination Non-Radar Approach Control & Tower w/o Radar,0,10,12,0,22,0,4,64,0,68,0,14,76,0,90,60,0,60,150
04/08/2016,TWF,ID,ANM,WE,Combination Non-Radar Approach Control & Tower w/o Radar,0,9,11,1,21,0,1,65,5,71,0,10,76,6,92,132,0,132,224
04/09/2016,TWF,ID,ANM,WE,Combination Non-Radar Approach Control & Tower w/o Radar,0,5,3,2,10,0,5,56,1,62,0,10,59,3,72,14,0,14,86
04/10/2016,TWF,ID,ANM,WE,Combination Non-Radar Approach Control & Tower w/o Radar,0,5,5,2,12,0,0,38,0,38,0,5,43,2,50,33,1,34,84
04/11/2016,TWF,ID,ANM,WE,Combination Non-Radar Approach Control & Tower w/o Radar,0,9,10,0,19,0,1,36,0,37,0,10,46,0,56,128,0,128,184
04/12/2016,TWF,ID,ANM,WE,Combination Non-Radar Approach Control & Tower w/o Radar,0,18,6,0,24,0,2,36,0,38,0,20,42,0,62,40,0,40,102
04/13/2016,TWF,ID,ANM,WE,Combination Non-Radar Approach Control & Tower w/o Radar,0,14,2,0,16,0,0,32,0,32,0,14,34,0,48,66,0,66,114
04/14/2016,TWF,ID,ANM,WE,Combination Non-Radar Approach Control & Tower w/o Radar,0,12,3,0,15,0,0,8,0,8,0,12,11,0,23,0,0,0,23
04/15/2016,TWF,ID,ANM,WE,Combination Non-Radar Approach Control & Tower w/o Radar,0,10,4,0,14,0,0,10,2,12,0,10,14,2,26,4,0,4,30
04/16/2016,TWF,ID,ANM,WE,Combination Non-Radar Approach Control & Tower w/o Radar,0,6,2,0,8,0,3,31,0,34,0,9,33,0,42,38,0,38,80
04/17/2016,TWF,ID,ANM,WE,Combination Non-Radar Approach Control & Tower w/o Radar,0,5,1,0,6,0,0,13,0,13,0,5,14,0,19,12,0,12,31
04/18/2016,TWF,ID,ANM,WE,Combination Non-Radar Approach Control & Tower w/o Radar,0,9,7,0,16,0,3,41,0,44,0,12,48,0,60,85,0,85,145
04/19/2016,TWF,ID,ANM,WE,Combination Non-Radar Approach Control & Tower w/o Radar,0,11,1,0,12,0,1,25,0,26,0,12,26,0,38,28,0,28,66
04/20/2016,TWF,ID,ANM,WE,Combination Non-Radar Approach Control & Tower w/o Radar,0,11,0,0,11,0,1,50,0,51,0,12,50,0,62,17,0,17,79
04/21/2016,TWF,ID,ANM,WE,Combination Non-Radar Approach Control & Tower w/o Radar,0,8,4,0,12,0,3,40,1,44,0,11,44,1,56,16,0,16,72
04/22/2016,TWF,ID,ANM,WE,Combination Non-Radar Approach Control & Tower w/o Radar,0,14,1,0,15,0,2,16,0,18,0,16,17,0,33,20,0,20,53
04/23/2016,TWF,ID,ANM,WE,Combination Non-Radar Approach Control & Tower w/o Radar,0,8,2,0,10,0,0,1,0,1,0,8,3,0,11,0,0,0,11
04/24/2016,TWF,ID,ANM,WE,Combination Non-Radar Approach Control & Tower w/o Radar,0,9,2,0,11,0,2,9,2,13,0,11,11,2,24,6,0,6,30
04/25/2016,TWF,ID,ANM,WE,Combination Non-Radar Approach Control & Tower w/o Radar,0,8,3,0,11,0,0,0,0,0,0,8,3,0,11,0,0,0,11
04/26/2016,TWF,ID,ANM,WE,Combination Non-Radar Approach Control & Tower w/o Radar,0,11,1,0,12,0,1,12,0,13,0,12,13,0,25,8,0,8,33
04/27/2016,TWF,ID,ANM,WE,Combination Non-Radar Approach Control & Tower w/o Radar,1,14,8,0,23,0,1,33,1,35,1,15,41,1,58,30,0,30,88
04/28/2016,TWF,ID,ANM,WE,Combination Non-Radar Approach Control & Tower w/o Radar,0,10,9,0,19,0,1,25,0,26,0,11,34,0,45,4,0,4,49
04/29/2016,TWF,ID,ANM,WE,Combination Non-Radar Approach Control & Tower w/o Radar,0,13,8,0,21,0,1,24,2,27,0,14,32,2,48,52,0,52,100
04/30/2016,TWF,ID,ANM,WE,Combination Non-Radar Approach Control & Tower w/o Radar,0,7,4,0,11,0,2,17,0,19,0,9,21,0,30,20,0,20,50
05/01/2016,TWF,ID,ANM,WE,Combination Non-Radar Approach Control & Tower w/o Radar,0,5,3,0,8,0,0,16,0,16,0,5,19,0,24,2,0,2,26
05/02/2016,TWF,ID,ANM,WE,Combination Non-Radar Approach Control & Tower w/o Radar,0,7,4,0,11,0,1,40,0,41,0,8,44,0,52,30,0,30,82
05/03/2016,TWF,ID,ANM,WE,Combination Non-Radar Approach Control & Tower w/o Radar,0,10,4,0,14,0,4,48,2,54,0,14,52,2,68,48,0,48,116
05/04/2016,TWF,ID,ANM,WE,Combination Non-Radar Approach Control & Tower w/o Radar,0,13,6,0,19,0,2,44,0,46,0,15,50,0,65,72,0,72,137
05/05/2016,TWF,ID,ANM,WE,Combination Non-Radar Approach Control & Tower w/o Radar,0,12,4,1,17,0,1,46,1,48,0,13,50,2,65,36,0,36,101
05/06/2016,TWF,ID,ANM,WE,Combination Non-Radar Approach Control & Tower w/o Radar,0,12,5,2,19,0,0,16,0,16,0,12,21,2,35,0,0,0,35
05/07/2016,TWF,ID,ANM,WE,Combination Non-Radar Approach Control & Tower w/o Radar,0,7,4,0,11,0,1,12,0,13,0,8,16,0,24,22,0,22,46
05/08/2016,TWF,ID,ANM,WE,Combination Non-Radar Approach Control & Tower w/o Radar,0,6,5,0,11,0,0,2,0,2,0,6,7,0,13,0,0,0,13
05/09/2016,TWF,ID,ANM,WE,Combination Non-Radar Approach Control & Tower w/o Radar,0,8,2,0,10,0,0,5,0,5,0,8,7,0,15,0,0,0,15
05/10/2016,TWF,ID,ANM,WE,Combination Non-Radar Approach Control & Tower w/o Radar,2,16,5,0,23,0,1,15,0,16,2,17,20,0,39,0,0,0,39
05/11/2016,TWF,ID,ANM,WE,Combination Non-Radar Approach Control & Tower w/o Radar,0,12,13,1,26,0,1,45,4,50,0,13,58,5,76,34,14,48,124
05/12/2016,TWF,ID,ANM,WE,Combination Non-Radar Approach Control & Tower w/o Radar,0,15,4,0,19,0,2,27,0,29,0,17,31,0,48,20,0,20,68
05/13/2016,TWF,ID,ANM,WE,Combination Non-Radar Approach Control & Tower w/o Radar,0,9,5,2,16,0,1,41,2,44,0,10,46,4,60,40,8,48,108
05/14/2016,TWF,ID,ANM,WE,Combination Non-Radar Approach Control & Tower w/o Radar,1,9,1,0,11,0,3,22,0,25,1,12,23,0,36,56,0,56,92
05/15/2016,TWF,ID,ANM,WE,Combination Non-Radar Approach Control & Tower w/o Radar,2,5,3,0,10,0,0,20,0,20,2,5,23,0,30,16,0,16,46
05/16/2016,TWF,ID,ANM,WE,Combination Non-Radar Approach Control & Tower w/o Radar,0,12,4,0,16,0,0,9,0,9,0,12,13,0,25,56,0,56,81
05/17/2016,TWF,ID,ANM,WE,Combination Non-Radar Approach Control & Tower w/o Radar,0,12,11,1,24,0,0,83,5,88,0,12,94,6,112,12,18,30,142
05/18/2016,TWF,ID,ANM,WE,Combination Non-Radar Approach Control & Tower w/o Radar,0,15,3,0,18,0,3,75,0,78,0,18,78,0,96,36,0,36,132
05/19/2016,TWF,ID,ANM,WE,Combination Non-Radar Approach Control & Tower w/o Radar,0,11,9,0,20,0,0,7,0,7,0,11,16,0,27,36,0,36,63
05/20/2016,TWF,ID,ANM,WE,Combination Non-Radar Approach Control & Tower w/o Radar,0,14,1,0,15,0,0,6,0,6,0,14,7,0,21,24,0,24,45
05/21/2016,TWF,ID,ANM,WE,Combination Non-Radar Approach Control & Tower w/o Radar,0,14,3,0,17,0,1,10,0,11,0,15,13,0,28,14,0,14,42
05/22/2016,TWF,ID,ANM,WE,Combination Non-Radar Approach Control & Tower w/o Radar,0,9,1,0,10,0,0,14,0,14,0,9,15,0,24,20,0,20,44
05/23/2016,TWF,ID,ANM,WE,Combination Non-Radar Approach Control & Tower w/o Radar,0,8,7,1,16,0,0,95,0,95,0,8,102,1,111,22,8,30,141
05/24/2016,TWF,ID,ANM,WE,Combination Non-Radar Approach Control & Tower w/o Radar,0,13,4,0,17,0,0,98,2,100,0,13,102,2,117,30,0,30,147
05/25/2016,TWF,ID,ANM,WE,Combination Non-Radar Approach Control & Tower w/o Radar,0,12,2,0,14,0,0,25,3,28,0,12,27,3,42,90,0,90,132
05/26/2016,TWF,ID,ANM,WE,Combination Non-Radar Approach Control & Tower w/o Radar,0,15,3,0,18,0,3,88,0,91,0,18,91,0,109,43,0,43,152
05/27/2016,TWF,ID,ANM,WE,Combination Non-Radar Approach Control & Tower w/o Radar,0,12,5,0,17,0,0,37,0,37,0,12,42,0,54,24,0,24,78
05/28/2016,TWF,ID,ANM,WE,Combination Non-Radar Approach Control & Tower w/o Radar,0,6,6,0,12,0,13,58,4,75,0,19,64,4,87,16,0,16,103
05/29/2016,TWF,ID,ANM,WE,Combination Non-Radar Approach Control & Tower w/o Radar,0,4,4,0,8,0,0,61,0,61,0,4,65,0,69,8,0,8,77
05/30/2016,TWF,ID,ANM,WE,Combination Non-Radar Approach Control & Tower w/o Radar,0,7,4,0,11,0,0,22,0,22,0,7,26,0,33,14,0,14,47
05/31/2016,TWF,ID,ANM,WE,Combination Non-Radar Approach Control & Tower w/o Radar,0,8,4,1,13,0,2,38,6,46,0,10,42,7,59,44,16,60,119
06/01/2016,TWF,ID,ANM,WE,Combination Non-Radar Approach Control & Tower w/o Radar,0,11,6,0,17,0,1,33,0,34,0,12,39,0,51,14,0,14,65
06/02/2016,TWF,ID,ANM,WE,Combination Non-Radar Approach Control & Tower w/o Radar,0,9,1,0,10,0,3,28,0,31,0,12,29,0,41,48,0,48,89
06/03/2016,TWF,ID,ANM,WE,Combination Non-Radar Approach Control & Tower w/o Radar,0,15,2,0,17,0,5,47,2,54,0,20,49,2,71,34,0,34,105
06/04/2016,TWF,ID,ANM,WE,Combination Non-Radar Approach Control & Tower w/o Radar,0,7,5,2,14,0,3,42,0,45,0,10,47,2,59,24,0,24,83
06/05/2016,TWF,ID,ANM,WE,Combination Non-Radar Approach Control & Tower w/o Radar,0,5,1,0,6,0,0,9,0,9,0,5,10,0,15,0,0,0,15
06/06/2016,TWF,ID,ANM,WE,Combination Non-Radar Approach Control & Tower w/o Radar,0,9,7,2,18,0,0,25,4,29,0,9,32,6,47,8,35,43,90
06/07/2016,TWF,ID,ANM,WE,Combination Non-Radar Approach Control & Tower w/o Radar,0,13,9,0,22,0,0,48,0,48,0,13,57,0,70,8,0,8,78
06/08/2016,TWF,ID,ANM,WE,Combination Non-Radar Approach Control & Tower w/o Radar,0,10,4,2,16,0,1,37,3,41,0,11,41,5,57,38,0,38,95
06/09/2016,TWF,ID,ANM,WE,Combination Non-Radar Approach Control & Tower w/o Radar,0,10,6,0,16,0,1,69,0,70,0,11,75,0,86,48,0,48,134
06/10/2016,TWF,ID,ANM,WE,Combination Non-Radar Approach Control & Tower w/o Radar,0,11,6,0,17,0,1,63,0,64,0,12,69,0,81,52,0,52,133
06/11/2016,TWF,ID,ANM,WE,Combination Non-Radar Approach Control & Tower w/o Radar,4,7,4,0,15,0,2,26,0,28,4,9,30,0,43,34,0,34,77
06/12/2016,TWF,ID,ANM,WE,Combination Non-Radar Approach Control & Tower w/o Radar,0,6,3,0,9,0,0,28,1,29,0,6,31,1,38,38,0,38,76
06/13/2016,TWF,ID,ANM,WE,Combination Non-Radar Approach Control & Tower w/o Radar,0,10,0,6,16,0,0,64,4,68,0,10,64,10,84,28,6,34,118
06/14/2016,TWF,ID,ANM,WE,Combination Non-Radar Approach Control & Tower w/o Radar,0,13,3,0,16,0,0,35,0,35,0,13,38,0,51,39,0,39,90
06/15/2016,TWF,ID,ANM,WE,Combination Non-Radar Approach Control & Tower w/o Radar,0,16,6,8,30,0,1,45,0,46,0,17,51,8,76,47,28,75,151
06/16/2016,TWF,ID,ANM,WE,Combination Non-Radar Approach Control & Tower w/o Radar,0,11,2,2,15,0,1,37,1,39,0,12,39,3,54,50,0,50,104
06/17/2016,TWF,ID,ANM,WE,Combination Non-Radar Approach Control & Tower w/o Radar,0,12,11,0,23,0,2,59,0,61,0,14,70,0,84,37,0,37,121
06/18/2016,TWF,ID,ANM,WE,Combination Non-Radar Approach Control & Tower w/o Radar,0,10,3,0,13,0,2,60,0,62,0,12,63,0,75,14,0,14,89
06/19/2016,TWF,ID,ANM,WE,Combination Non-Radar Approach Control & Tower w/o Radar,0,7,3,0,10,0,0,43,0,43,0,7,46,0,53,16,0,16,69
06/20/2016,TWF,ID,ANM,WE,Combination Non-Radar Approach Control & Tower w/o Radar,0,7,6,4,17,0,0,98,2,100,0,7,104,6,117,10,0,10,127
06/21/2016,TWF,ID,ANM,WE,Combination Non-Radar Approach Control & Tower w/o Radar,0,10,1,4,15,0,0,49,0,49,0,10,50,4,64,38,0,38,102
06/22/2016,TWF,ID,ANM,WE,Combination Non-Radar Approach Control & Tower w/o Radar,0,11,12,4,27,0,0,53,0,53,0,11,65,4,80,12,12,24,104
06/23/2016,TWF,ID,ANM,WE,Combination Non-Radar Approach Control & Tower w/o Radar,0,8,7,0,15,0,0,65,2,67,0,8,72,2,82,36,0,36,118
06/24/2016,TWF,ID,ANM,WE,Combination Non-Radar Approach Control & Tower w/o Radar,0,13,1,2,16,0,3,51,0,54,0,16,52,2,70,4,0,4,74
06/25/2016,TWF,ID,ANM,WE,Combination Non-Radar Approach Control & Tower w/o Radar,0,8,3,0,11,0,3,69,0,72,0,11,72,0,83,46,0,46,129
06/26/2016,TWF,ID,ANM,WE,Combination Non-Radar Approach Control & Tower w/o Radar,0,5,3,0,8,0,2,29,0,31,0,7,32,0,39,20,0,20,59
06/27/2016,TWF,ID,ANM,WE,Combination Non-Radar Approach Control & Tower w/o Radar,0,7,3,2,12,0,1,37,1,39,0,8,40,3,51,86,0,86,137
06/28/2016,TWF,ID,ANM,WE,Combination Non-Radar Approach Control & Tower w/o Radar,0,10,2,3,15,0,1,99,0,100,0,11,101,3,115,16,5,21,136
06/29/2016,TWF,ID,ANM,WE,Combination Non-Radar Approach Control & Tower w/o Radar,0,13,1,7,21,0,1,74,5,80,0,14,75,12,101,6,14,20,121
06/30/2016,TWF,ID,ANM,WE,Combination Non-Radar Approach Control & Tower w/o Radar,0,14,3,0,17,0,0,78,0,78,0,14,81,0,95,58,0,58,153
07/01/2016,TWF,ID,ANM,WE,Combination Non-Radar Approach Control & Tower w/o Radar,0,9,8,4,21,0,3,120,0,123,0,12,128,4,144,24,0,24,168
07/02/2016,TWF,ID,ANM,WE,Combination Non-Radar Approach Control & Tower w/o Radar,0,8,2,0,10,0,1,73,0,74,0,9,75,0,84,14,0,14,98
07/03/2016,TWF,ID,ANM,WE,Combination Non-Radar Approach Control & Tower w/o Radar,0,2,4,0,6,0,0,29,0,29,0,2,33,0,35,6,0,6,41
07/04/2016,TWF,ID,ANM,WE,Combination Non-Radar Approach Control & Tower w/o Radar,0,6,3,0,9,0,0,24,0,24,0,6,27,0,33,4,0,4,37
07/05/2016,TWF,ID,ANM,WE,Combination Non-Radar Approach Control & Tower w/o Radar,0,26,39,1,66,0,0,43,0,43,0,26,82,1,109,28,0,28,137
07/06/2016,TWF,ID,ANM,WE,Combination Non-Radar Approach Control & Tower w/o Radar,0,28,16,2,46,0,1,24,3,28,0,29,40,5,74,26,0,26,100
07/07/2016,TWF,ID,ANM,WE,Combination Non-Radar Approach Control & Tower w/o Radar,0,17,13,2,32,0,1,108,2,111,0,18,121,4,143,67,0,67,210
07/08/2016,TWF,ID,ANM,WE,Combination Non-Radar Approach Control & Tower w/o Radar,0,25,7,0,32,0,1,51,2,54,0,26,58,2,86,4,0,4,90
07/09/2016,TWF,ID,ANM,WE,Combination Non-Radar Approach Control & Tower w/o Radar,0,15,11,0,26,0,0,52,4,56,0,15,63,4,82,4,2,6,88
07/10/2016,TWF,ID,ANM,WE,Combination Non-Radar Approach Control & Tower w/o Radar,0,9,6,0,15,0,0,3,0,3,0,9,9,0,18,0,0,0,18
07/11/2016,TWF,ID,ANM,WE,Combination Non-Radar Approach Control & Tower w/o Radar,0,15,9,0,24,0,0,111,0,111,0,15,120,0,135,17,0,17,152
07/12/2016,TWF,ID,ANM,WE,Combination Non-Radar Approach Control & Tower w/o Radar,0,12,3,0,15,0,0,85,0,85,0,12,88,0,100,48,0,48,148
07/13/2016,TWF,ID,ANM,WE,Combination Non-Radar Approach Control & Tower w/o Radar,0,10,4,2,16,0,0,84,0,84,0,10,88,2,100,4,0,4,104
07/14/2016,TWF,ID,ANM,WE,Combination Non-Radar Approach Control & Tower w/o Radar,0,12,5,0,17,0,6,82,0,88,0,18,87,0,105,18,0,18,123
07/15/2016,TWF,ID,ANM,WE,Combination Non-Radar Approach Control & Tower w/o Radar,0,11,6,0,17,0,1,94,0,95,0,12,100,0,112,32,0,32,144
07/16/2016,TWF,ID,ANM,WE,Combination Non-Radar Approach Control & Tower w/o Radar,0,7,4,0,11,0,3,51,0,54,0,10,55,0,65,26,0,26,91
07/17/2016,TWF,ID,ANM,WE,Combination Non-Radar Approach Control & Tower w/o Radar,0,5,3,0,8,0,0,27,0,27,0,5,30,0,35,0,0,0,35
07/18/2016,TWF,ID,ANM,WE,Combination Non-Radar Approach Control & Tower w/o Radar,0,8,4,2,14,0,1,81,1,83,0,9,85,3,97,2,0,2,99
07/19/2016,TWF,ID,ANM,WE,Combination Non-Radar Approach Control & Tower w/o Radar,0,12,6,0,18,0,2,88,0,90,0,14,94,0,108,32,0,32,140
07/20/2016,TWF,ID,ANM,WE,Combination Non-Radar Approach Control & Tower w/o Radar,0,13,5,0,18,0,1,98,0,99,0,14,103,0,117,2,0,2,119
07/21/2016,TWF,ID,ANM,WE,Combination Non-Radar Approach Control & Tower w/o Radar,0,10,4,0,14,0,1,143,4,148,0,11,147,4,162,10,0,10,172
07/22/2016,TWF,ID,ANM,WE,Combination Non-Radar Approach Control & Tower w/o Radar,0,8,7,0,15,0,1,51,0,52,0,9,58,0,67,49,0,49,116
07/23/2016,TWF,ID,ANM,WE,Combination Non-Radar Approach Control & Tower w/o Radar,0,7,12,0,19,0,2,57,0,59,0,9,69,0,78,16,0,16,94
07/24/2016,TWF,ID,ANM,WE,Combination Non-Radar Approach Control & Tower w/o Radar,0,6,7,0,13,0,2,24,0,26,0,8,31,0,39,0,0,0,39
07/25/2016,TWF,ID,ANM,WE,Combination Non-Radar Approach Control & Tower w/o Radar,0,8,3,2,13,0,2,85,3,90,0,10,88,5,103,16,12,28,131
07/26/2016,TWF,ID,ANM,WE,Combination Non-Radar Approach Control & Tower w/o Radar,0,15,6,0,21,0,0,67,0,67,0,15,73,0,88,14,0,14,102
07/27/2016,TWF,ID,ANM,WE,Combination Non-Radar Approach Control & Tower w/o Radar,0,11,4,0,15,0,2,88,0,90,0,13,92,0,105,12,0,12,117
07/28/2016,TWF,ID,ANM,WE,Combination Non-Radar Approach Control & Tower w/o Radar,0,12,9,0,21,0,1,80,0,81,0,13,89,0,102,12,0,12,114
07/29/2016,TWF,ID,ANM,WE,Combination Non-Radar Approach Control & Tower w/o Radar,0,9,4,0,13,0,1,81,0,82,0,10,85,0,95,0,0,0,95
07/30/2016,TWF,ID,ANM,WE,Combination Non-Radar Approach Control & Tower w/o Radar,0,7,4,0,11,0,3,50,0,53,0,10,54,0,64,64,0,64,128
07/31/2016,TWF,ID,ANM,WE,Combination Non-Radar Approach Control & Tower w/o Radar,0,5,5,0,10,0,0,19,0,19,0,5,24,0,29,4,0,4,33
08/01/2016,TWF,ID,ANM,WE,Combination Non-Radar Approach Control & Tower w/o Radar,0,4,10,0,14,0,2,58,0,60,0,6,68,0,74,8,0,8,82
08/02/2016,TWF,ID,ANM,WE,Combination Non-Radar Approach Control & Tower w/o Radar,0,9,2,0,11,0,1,40,0,41,0,10,42,0,52,6,0,6,58
08/03/2016,TWF,ID,ANM,WE,Combination Non-Radar Approach Control & Tower w/o Radar,0,7,6,0,13,0,4,23,3,30,0,11,29,3,43,14,0,14,57
08/04/2016,TWF,ID,ANM,WE,Combination Non-Radar Approach Control & Tower w/o Radar,0,9,5,0,14,0,0,93,1,94,0,9,98,1,108,26,0,26,134
08/05/2016,TWF,ID,ANM,WE,Combination Non-Radar Approach Control & Tower w/o Radar,0,13,2,0,15,0,0,103,1,104,0,13,105,1,119,14,0,14,133
08/06/2016,TWF,ID,ANM,WE,Combination Non-Radar Approach Control & Tower w/o Radar,0,5,3,0,8,0,2,100,0,102,0,7,103,0,110,24,0,24,134
08/07/2016,TWF,ID,ANM,WE,Combination Non-Radar Approach Control & Tower w/o Radar,0,6,3,0,9,0,0,72,0,72,0,6,75,0,81,0,0,0,81
08/08/2016,TWF,ID,ANM,WE,Combination Non-Radar Approach Control & Tower w/o Radar,0,8,5,0,13,0,1,49,0,50,0,9,54,0,63,18,0,18,81
08/09/2016,TWF,ID,ANM,WE,Combination Non-Radar Approach Control & Tower w/o Radar,0,18,5,1,24,0,0,44,1,45,0,18,49,2,69,30,0,30,99
08/10/2016,TWF,ID,ANM,WE,Combination Non-Radar Approach Control & Tower w/o Radar,0,11,6,2,19,0,0,59,1,60,0,11,65,3,79,35,0,35,114
08/11/2016,TWF,ID,ANM,WE,Combination Non-Radar Approach Control & Tower w/o Radar,0,8,13,3,24,0,1,54,1,56,0,9,67,4,80,30,5,35,115
08/12/2016,TWF,ID,ANM,WE,Combination Non-Radar Approach Control & Tower w/o Radar,0,13,9,0,22,0,1,72,1,74,0,14,81,1,96,30,0,30,126
08/13/2016,TWF,ID,ANM,WE,Combination Non-Radar Approach Control & Tower w/o Radar,0,6,0,0,6,0,3,29,0,32,0,9,29,0,38,40,0,40,78
08/14/2016,TWF,ID,ANM,WE,Combination Non-Radar Approach Control & Tower w/o Radar,0,7,7,2,16,0,0,15,0,15,0,7,22,2,31,0,0,0,31
08/15/2016,TWF,ID,ANM,WE,Combination Non-Radar Approach Control & Tower w/o Radar,0,4,8,0,12,0,1,48,0,49,0,5,56,0,61,16,0,16,77
08/16/2016,TWF,ID,ANM,WE,Combination Non-Radar Approach Control & Tower w/o Radar,0,11,5,2,18,0,1,64,5,70,0,12,69,7,88,56,6,62,150
08/17/2016,TWF,ID,ANM,WE,Combination Non-Radar Approach Control & Tower w/o Radar,0,12,9,1,22,0,1,73,1,75,0,13,82,2,97,70,0,70,167
08/18/2016,TWF,ID,ANM,WE,Combination Non-Radar Approach Control & Tower w/o Radar,0,10,13,1,24,0,2,41,2,45,0,12,54,3,69,84,28,112,181
08/19/2016,TWF,ID,ANM,WE,Combination Non-Radar Approach Control & Tower w/o Radar,0,14,9,0,23,0,1,47,1,49,0,15,56,1,72,38,0,38,110
08/20/2016,TWF,ID,ANM,WE,Combination Non-Radar Approach Control & Tower w/o Radar,0,4,9,0,13,0,2,37,0,39,0,6,46,0,52,8,0,8,60
08/21/2016,TWF,ID,ANM,WE,Combination Non-Radar Approach Control & Tower w/o Radar,0,4,2,0,6,0,0,29,0,29,0,4,31,0,35,0,0,0,35
08/22/2016,TWF,ID,ANM,WE,Combination Non-Radar Approach Control & Tower w/o Radar,0,5,7,1,13,0,1,35,1,37,0,6,42,2,50,16,0,16,66
08/23/2016,TWF,ID,ANM,WE,Combination Non-Radar Approach Control & Tower w/o Radar,1,9,10,0,20,0,0,43,0,43,1,9,53,0,63,4,0,4,67
08/24/2016,TWF,ID,ANM,WE,Combination Non-Radar Approach Control & Tower w/o Radar,0,10,5,3,18,0,3,75,0,78,0,13,80,3,96,4,8,12,108
08/25/2016,TWF,ID,ANM,WE,Combination Non-Radar Approach Control & Tower w/o Radar,0,8,7,0,15,0,3,87,0,90,0,11,94,0,105,32,0,32,137
08/26/2016,TWF,ID,ANM,WE,Combination Non-Radar Approach Control & Tower w/o Radar,0,10,5,0,15,0,2,34,0,36,0,12,39,0,51,26,0,26,77
08/27/2016,TWF,ID,ANM,WE,Combination Non-Radar Approach Control & Tower w/o Radar,0,6,4,0,10,0,3,50,0,53,0,9,54,0,63,0,0,0,63
08/28/2016,TWF,ID,ANM,WE,Combination Non-Radar Approach Control & Tower w/o Radar,0,3,5,0,8,0,0,28,0,28,0,3,33,0,36,0,0,0,36
08/29/2016,TWF,ID,ANM,WE,Combination Non-Radar Approach Control & Tower w/o Radar,0,7,4,0,11,0,1,30,0,31,0,8,34,0,42,0,0,0,42
08/30/2016,TWF,ID,ANM,WE,Combination Non-Radar Approach Control & Tower w/o Radar,0,12,11,0,23,0,0,42,1,43,0,12,53,1,66,18,0,18,84
08/31/2016,TWF,ID,ANM,WE,Combination Non-Radar Approach Control & Tower w/o Radar,0,11,7,0,18,0,1,41,2,44,0,12,48,2,62,4,0,4,66
09/01/2016,TWF,ID,ANM,WE,Combination Non-Radar Approach Control & Tower w/o Radar,2,12,8,1,23,0,0,39,5,44,2,12,47,6,67,0,0,0,67
09/02/2016,TWF,ID,ANM,WE,Combination Non-Radar Approach Control & Tower w/o Radar,0,10,11,0,21,0,1,104,20,125,0,11,115,20,146,28,0,28,174
09/03/2016,TWF,ID,ANM,WE,Combination Non-Radar Approach Control & Tower w/o Radar,0,7,5,0,12,0,3,85,0,88,0,10,90,0,100,10,0,10,110
09/04/2016,TWF,ID,ANM,WE,Combination Non-Radar Approach Control & Tower w/o Radar,0,2,4,0,6,0,0,9,0,9,0,2,13,0,15,0,0,0,15
09/05/2016,TWF,ID,ANM,WE,Combination Non-Radar Approach Control & Tower w/o Radar,0,6,9,0,15,0,0,40,0,40,0,6,49,0,55,2,0,2,57
09/06/2016,TWF,ID,ANM,WE,Combination Non-Radar Approach Control & Tower w/o Radar,0,9,7,1,17,0,1,37,0,38,0,10,44,1,55,13,0,13,68
09/07/2016,TWF,ID,ANM,WE,Combination Non-Radar Approach Control & Tower w/o Radar,0,15,6,5,26,0,1,27,4,32,0,16,33,9,58,14,0,14,72
09/08/2016,TWF,ID,ANM,WE,Combination Non-Radar Approach Control & Tower w/o Radar,0,11,3,4,18,0,1,38,2,41,0,12,41,6,59,10,0,10,69
09/09/2016,TWF,ID,ANM,WE,Combination Non-Radar Approach Control & Tower w/o Radar,0,17,7,1,25,0,0,40,1,41,0,17,47,2,66,54,0,54,120
09/10/2016,TWF,ID,ANM,WE,Combination Non-Radar Approach Control & Tower w/o Radar,0,6,2,0,8,0,3,53,1,57,0,9,55,1,65,12,0,12,77
09/11/2016,TWF,ID,ANM,WE,Combination Non-Radar Approach Control & Tower w/o Radar,0,4,5,2,11,0,0,37,0,37,0,4,42,2,48,0,0,0,48
09/12/2016,TWF,ID,ANM,WE,Combination Non-Radar Approach Control & Tower w/o Radar,0,10,4,6,20,0,0,16,3,19,0,10,20,9,39,2,0,2,41
09/13/2016,TWF,ID,ANM,WE,Combination Non-Radar Approach Control & Tower w/o Radar,4,11,6,1,22,0,0,26,0,26,4,11,32,1,48,2,0,2,50
09/14/2016,TWF,ID,ANM,WE,Combination Non-Radar Approach Control & Tower w/o Radar,0,12,6,1,19,0,0,15,0,15,0,12,21,1,34,2,4,6,40
09/15/2016,TWF,ID,ANM,WE,Combination Non-Radar Approach Control & Tower w/o Radar,2,14,4,3,23,0,2,44,2,48,2,16,48,5,71,16,0,16,87
09/16/2016,TWF,ID,ANM,WE,Combination Non-Radar Approach Control & Tower w/o Radar,0,12,4,0,16,0,2,61,0,63,0,14,65,0,79,56,0,56,135
09/17/2016,TWF,ID,ANM,WE,Combination Non-Radar Approach Control & Tower w/o Radar,0,6,5,1,12,0,3,35,1,39,0,9,40,2,51,10,16,26,77
09/18/2016,TWF,ID,ANM,WE,Combination Non-Radar Approach Control & Tower w/o Radar,0,5,1,0,6,0,0,20,0,20,0,5,21,0,26,8,0,8,34
09/19/2016,TWF,ID,ANM,WE,Combination Non-Radar Approach Control & Tower w/o Radar,0,9,1,0,10,0,2,39,0,41,0,11,40,0,51,6,0,6,57
09/20/2016,TWF,ID,ANM,WE,Combination Non-Radar Approach Control & Tower w/o Radar,0,12,4,1,17,0,1,22,0,23,0,13,26,1,40,13,0,13,53
09/21/2016,TWF,ID,ANM,WE,Combination Non-Radar Approach Control & Tower w/o Radar,0,12,5,4,21,0,0,25,0,25,0,12,30,4,46,0,14,14,60
09/22/2016,TWF,ID,ANM,WE,Combination Non-Radar Approach Control & Tower w/o Radar,6,11,5,0,22,0,0,9,0,9,6,11,14,0,31,0,0,0,31
09/23/2016,TWF,ID,ANM,WE,Combination Non-Radar Approach Control & Tower w/o Radar,0,10,5,0,15,0,0,5,0,5,0,10,10,0,20,0,0,0,20
09/24/2016,TWF,ID,ANM,WE,Combination Non-Radar Approach Control & Tower w/o Radar,0,7,3,0,10,0,4,9,0,13,0,11,12,0,23,0,0,0,23
09/25/2016,TWF,ID,ANM,WE,Combination Non-Radar Approach Control & Tower w/o Radar,0,4,3,0,7,0,0,21,0,21,0,4,24,0,28,0,0,0,28
09/26/2016,TWF,ID,ANM,WE,Combination Non-Radar Approach Control & Tower w/o Radar,0,8,4,2,14,0,3,20,1,24,0,11,24,3,38,10,0,10,48
09/27/2016,TWF,ID,ANM,WE,Combination Non-Radar Approach Control & Tower w/o Radar,0,10,10,2,22,0,1,43,0,44,0,11,53,2,66,30,0,30,96
09/28/2016,TWF,ID,ANM,WE,Combination Non-Radar Approach Control & Tower w/o Radar,2,13,5,5,25,0,2,30,5,37,2,15,35,10,62,2,48,50,112
09/29/2016,TWF,ID,ANM,WE,Combination Non-Radar Approach Control & Tower w/o Radar,0,10,6,0,16,0,1,23,0,24,0,11,29,0,40,16,0,16,56
09/30/2016,TWF,ID,ANM,WE,Combination Non-Radar Approach Control & Tower w/o Radar,0,14,4,0,18,0,1,20,0,21,0,15,24,0,39,31,0,31,70
10/01/2016,TWF,ID,ANM,WE,Combination Non-Radar Approach Control & Tower w/o Radar,0,9,3,2,14,0,3,30,0,33,0,12,33,2,47,8,0,8,55
10/02/2016,TWF,ID,ANM,WE,Combination Non-Radar Approach Control & Tower w/o Radar,0,11,1,0,12,0,1,6,0,7,0,12,7,0,19,0,0,0,19
10/03/2016,TWF,ID,ANM,WE,Combination Non-Radar Approach Control & Tower w/o Radar,0,16,10,0,26,0,3,7,1,11,0,19,17,1,37,0,0,0,37
10/04/2016,TWF,ID,ANM,WE,Combination Non-Radar Approach Control & Tower w/o Radar,0,21,11,2,34,0,1,14,0,15,0,22,25,2,49,0,0,0,49
10/05/2016,TWF,ID,ANM,WE,Combination Non-Radar Approach Control & Tower w/o Radar,0,17,7,1,25,0,2,19,1,22,0,19,26,2,47,0,22,22,69
10/06/2016,TWF,ID,ANM,WE,Combination Non-Radar Approach Control & Tower w/o Radar,0,12,6,1,19,0,1,15,3,19,0,13,21,4,38,16,0,16,54
10/07/2016,TWF,ID,ANM,WE,Combination Non-Radar Approach Control & Tower w/o Radar,0,11,6,0,17,0,1,30,0,31,0,12,36,0,48,26,0,26,74
10/08/2016,TWF,ID,ANM,WE,Combination Non-Radar Approach Control & Tower w/o Radar,0,6,3,0,9,0,3,38,3,44,0,9,41,3,53,12,0,12,65
10/09/2016,TWF,ID,ANM,WE,Combination Non-Radar Approach Control & Tower w/o Radar,0,7,1,0,8,0,0,22,0,22,0,7,23,0,30,16,0,16,46
10/10/2016,TWF,ID,ANM,WE,Combination Non-Radar Approach Control & Tower w/o Radar,0,9,3,0,12,0,1,23,0,24,0,10,26,0,36,16,0,16,52
10/11/2016,TWF,ID,ANM,WE,Combination Non-Radar Approach Control & Tower w/o Radar,0,8,5,4,17,0,1,17,1,19,0,9,22,5,36,60,0,60,96
10/12/2016,TWF,ID,ANM,WE,Combination Non-Radar Approach Control & Tower w/o Radar,0,15,4,2,21,0,1,33,1,35,0,16,37,3,56,18,18,36,92
10/13/2016,TWF,ID,ANM,WE,Combination Non-Radar Approach Control & Tower w/o Radar,0,12,3,2,17,0,0,3,3,6,0,12,6,5,23,0,22,22,45
10/14/2016,TWF,ID,ANM,WE,Combination Non-Radar Approach Control & Tower w/o Radar,0,12,5,0,17,0,0,2,0,2,0,12,7,0,19,0,0,0,19
10/15/2016,TWF,ID,ANM,WE,Combination Non-Radar Approach Control & Tower w/o Radar,0,8,2,0,10,0,3,5,0,8,0,11,7,0,18,0,0,0,18
10/16/2016,TWF,ID,ANM,WE,Combination Non-Radar Approach Control & Tower w/o Radar,0,7,2,0,9,0,0,2,0,2,0,7,4,0,11,0,0,0,11
10/17/2016,TWF,ID,ANM,WE,Combination Non-Radar Approach Control & Tower w/o Radar,0,9,3,0,12,0,1,7,0,8,0,10,10,0,20,2,0,2,22
10/18/2016,TWF,ID,ANM,WE,Combination Non-Radar Approach Control & Tower w/o Radar,0,17,4,2,23,0,0,3,2,5,0,17,7,4,28,0,0,0,28
10/19/2016,TWF,ID,ANM,WE,Combination Non-Radar Approach Control & Tower w/o Radar,0,10,6,0,16,0,0,21,0,21,0,10,27,0,37,4,0,4,41
10/20/2016,TWF,ID,ANM,WE,Combination Non-Radar Approach Control & Tower w/o Radar,0,10,3,7,20,0,2,21,1,24,0,12,24,8,44,20,0,20,64
10/21/2016,TWF,ID,ANM,WE,Combination Non-Radar Approach Control & Tower w/o Radar,0,10,3,0,13,0,1,19,0,20,0,11,22,0,33,25,0,25,58
10/22/2016,TWF,ID,ANM,WE,Combination Non-Radar Approach Control & Tower w/o Radar,0,8,8,0,16,0,3,16,0,19,0,11,24,0,35,0,0,0,35
10/23/2016,TWF,ID,ANM,WE,Combination Non-Radar Approach Control & Tower w/o Radar,0,5,7,0,12,0,0,30,0,30,0,5,37,0,42,0,0,0,42
10/24/2016,TWF,ID,ANM,WE,Combination Non-Radar Approach Control & Tower w/o Radar,0,8,3,1,12,0,0,6,1,7,0,8,9,2,19,0,0,0,19
10/25/2016,TWF,ID,ANM,WE,Combination Non-Radar Approach Control & Tower w/o Radar,0,11,3,0,14,0,1,24,2,27,0,12,27,2,41,28,6,34,75
10/26/2016,TWF,ID,ANM,WE,Combination Non-Radar Approach Control & Tower w/o Radar,0,13,3,0,16,0,7,16,0,23,0,20,19,0,39,0,0,0,39
10/27/2016,TWF,ID,ANM,WE,Combination Non-Radar Approach Control & Tower w/o Radar,0,10,0,4,14,0,7,22,0,29,0,17,22,4,43,20,0,20,63
10/28/2016,TWF,ID,ANM,WE,Combination Non-Radar Approach Control & Tower w/o Radar,0,17,5,0,22,0,0,0,0,0,0,17,5,0,22,0,0,0,22
10/29/2016,TWF,ID,ANM,WE,Combination Non-Radar Approach Control & Tower w/o Radar,0,10,1,0,11,0,1,29,0,30,0,11,30,0,41,14,0,14,55
10/30/2016,TWF,ID,ANM,WE,Combination Non-Radar Approach Control & Tower w/o Radar,0,8,8,0,16,0,0,14,0,14,0,8,22,0,30,8,0,8,38
10/31/2016,TWF,ID,ANM,WE,Combination Non-Radar Approach Control & Tower w/o Radar,0,9,5,0,14,0,1,21,4,26,0,10,26,4,40,14,0,14,54
11/01/2016,TWF,ID,ANM,WE,Combination Non-Radar Approach Control & Tower w/o Radar,2,12,3,0,17,0,1,16,2,19,2,13,19,2,36,6,0,6,42
11/02/2016,TWF,ID,ANM,WE,Combination Non-Radar Approach Control & Tower w/o Radar,0,8,5,4,17,0,2,30,0,32,0,10,35,4,49,26,0,26,75
11/03/2016,TWF,ID,ANM,WE,Combination Non-Radar Approach Control & Tower w/o Radar,0,11,10,0,21,0,1,26,0,27,0,12,36,0,48,2,0,2,50
11/04/2016,TWF,ID,ANM,WE,Combination Non-Radar Approach Control & Tower w/o Radar,0,17,1,0,18,0,4,22,2,28,0,21,23,2,46,0,4,4,50
11/05/2016,TWF,ID,ANM,WE,Combination Non-Radar Approach Control & Tower w/o Radar,0,7,3,1,11,0,3,23,1,27,0,10,26,2,38,22,0,22,60
11/06/2016,TWF,ID,ANM,WE,Combination Non-Radar Approach Control & Tower w/o Radar,0,6,4,0,10,0,0,15,0,15,0,6,19,0,25,6,0,6,31
11/07/2016,TWF,ID,ANM,WE,Combination Non-Radar Approach Control & Tower w/o Radar,0,8,6,2,16,0,0,13,2,15,0,8,19,4,31,4,0,4,35
11/08/2016,TWF,ID,ANM,WE,Combination Non-Radar Approach Control & Tower w/o Radar,0,14,1,0,15,0,1,17,0,18,0,15,18,0,33,0,0,0,33
11/09/2016,TWF,ID,ANM,WE,Combination Non-Radar Approach Control & Tower w/o Radar,0,11,10,1,22,0,1,23,1,25,0,12,33,2,47,0,0,0,47
11/10/2016,TWF,ID,ANM,WE,Combination Non-Radar Approach Control & Tower w/o Radar,0,14,6,0,20,0,1,21,0,22,0,15,27,0,42,0,0,0,42
11/11/2016,TWF,ID,ANM,WE,Combination Non-Radar Approach Control & Tower w/o Radar,0,10,2,0,12,0,0,28,0,28,0,10,30,0,40,6,0,6,46
11/12/2016,TWF,ID,ANM,WE,Combination Non-Radar Approach Control & Tower w/o Radar,0,8,8,0,16,0,2,24,0,26,0,10,32,0,42,4,0,4,46
11/13/2016,TWF,ID,ANM,WE,Combination Non-Radar Approach Control & Tower w/o Radar,0,7,0,0,7,0,0,16,0,16,0,7,16,0,23,0,0,0,23
11/14/2016,TWF,ID,ANM,WE,Combination Non-Radar Approach Control & Tower w/o Radar,0,11,16,2,29,0,0,15,0,15,0,11,31,2,44,2,0,2,46
11/15/2016,TWF,ID,ANM,WE,Combination Non-Radar Approach Control & Tower w/o Radar,0,11,9,0,20,0,0,24,0,24,0,11,33,0,44,22,0,22,66
11/16/2016,TWF,ID,ANM,WE,Combination Non-Radar Approach Control & Tower w/o Radar,0,13,4,6,23,0,0,1,3,4,0,13,5,9,27,0,12,12,39
11/17/2016,TWF,ID,ANM,WE,Combination Non-Radar Approach Control & Tower w/o Radar,0,10,17,1,28,0,1,8,1,10,0,11,25,2,38,20,0,20,58
11/18/2016,TWF,ID,ANM,WE,Combination Non-Radar Approach Control & Tower w/o Radar,0,11,9,0,20,0,0,29,0,29,0,11,38,0,49,21,0,21,70
11/19/2016,TWF,ID,ANM,WE,Combination Non-Radar Approach Control & Tower w/o Radar,0,7,2,2,11,0,1,23,0,24,0,8,25,2,35,10,0,10,45
11/20/2016,TWF,ID,ANM,WE,Combination Non-Radar Approach Control & Tower w/o Radar,0,5,5,0,10,0,0,13,0,13,0,5,18,0,23,0,0,0,23
11/21/2016,TWF,ID,ANM,WE,Combination Non-Radar Approach Control & Tower w/o Radar,2,8,2,2,14,0,0,4,1,5,2,8,6,3,19,0,4,4,23
11/22/2016,TWF,ID,ANM,WE,Combination Non-Radar Approach Control & Tower w/o Radar,0,12,9,0,21,0,0,34,0,34,0,12,43,0,55,28,0,28,83
11/23/2016,TWF,ID,ANM,WE,Combination Non-Radar Approach Control & Tower w/o Radar,0,22,11,0,33,0,0,1,0,1,0,22,12,0,34,6,0,6,40
11/24/2016,TWF,ID,ANM,WE,Combination Non-Radar Approach Control & Tower w/o Radar,0,2,2,0,4,0,0,12,0,12,0,2,14,0,16,8,0,8,24
11/25/2016,TWF,ID,ANM,WE,Combination Non-Radar Approach Control & Tower w/o Radar,0,11,5,0,16,0,0,16,0,16,0,11,21,0,32,0,0,0,32
11/26/2016,TWF,ID,ANM,WE,Combination Non-Radar Approach Control & Tower w/o Radar,0,7,5,0,12,0,1,17,0,18,0,8,22,0,30,2,0,2,32
11/27/2016,TWF,ID,ANM,WE,Combination Non-Radar Approach Control & Tower w/o Radar,0,7,6,0,13,0,0,11,0,11,0,7,17,0,24,0,0,0,24
11/28/2016,TWF,ID,ANM,WE,Combination Non-Radar Approach Control & Tower w/o Radar,0,8,3,2,13,0,0,3,0,3,0,8,6,2,16,0,0,0,16
11/29/2016,TWF,ID,ANM,WE,Combination Non-Radar Approach Control & Tower w/o Radar,0,11,5,6,22,0,0,19,3,22,0,11,24,9,44,8,0,8,52
11/30/2016,TWF,ID,ANM,WE,Combination Non-Radar Approach Control & Tower w/o Radar,0,16,6,0,22,0,0,8,0,8,0,16,14,0,30,0,0,0,30
12/01/2016,TWF,ID,ANM,WE,Combination Non-Radar Approach Control & Tower w/o Radar,0,9,11,0,20,0,1,19,0,20,0,10,30,0,40,0,0,0,40
12/02/2016,TWF,ID,ANM,WE,Combination Non-Radar Approach Control & Tower w/o Radar,0,11,9,0,20,0,1,29,0,30,0,12,38,0,50,20,0,20,70
12/03/2016,TWF,ID,ANM,WE,Combination Non-Radar Approach Control & Tower w/o Radar,0,7,9,0,16,0,1,26,0,27,0,8,35,0,43,0,0,0,43
12/04/2016,TWF,ID,ANM,WE,Combination Non-Radar Approach Control & Tower w/o Radar,1,11,6,0,18,0,0,3,0,3,1,11,9,0,21,0,0,0,21
12/05/2016,TWF,ID,ANM,WE,Combination Non-Radar Approach Control & Tower w/o Radar,0,10,4,0,14,0,1,22,0,23,0,11,26,0,37,24,0,24,61
12/06/2016,TWF,ID,ANM,WE,Combination Non-Radar Approach Control & Tower w/o Radar,0,16,9,0,25,0,3,6,0,9,0,19,15,0,34,0,0,0,34
12/07/2016,TWF,ID,ANM,WE,Combination Non-Radar Approach Control & Tower w/o Radar,1,14,7,0,22,0,0,13,0,13,1,14,20,0,35,0,0,0,35
12/08/2016,TWF,ID,ANM,WE,Combination Non-Radar Approach Control & Tower w/o Radar,0,11,5,0,16,0,0,2,0,2,0,11,7,0,18,0,0,0,18
12/09/2016,TWF,ID,ANM,WE,Combination Non-Radar Approach Control & Tower w/o Radar,1,18,8,0,27,0,0,0,0,0,1,18,8,0,27,0,0,0,27
12/10/2016,TWF,ID,ANM,WE,Combination Non-Radar Approach Control & Tower w/o Radar,2,18,6,0,26,0,0,1,0,1,2,18,7,0,27,8,0,8,35
12/11/2016,TWF,ID,ANM,WE,Combination Non-Radar Approach Control & Tower w/o Radar,0,5,4,1,10,0,0,33,0,33,0,5,37,1,43,28,0,28,71
12/12/2016,TWF,ID,ANM,WE,Combination Non-Radar Approach Control & Tower w/o Radar,0,10,9,0,19,0,0,2,0,2,0,10,11,0,21,0,0,0,21
12/13/2016,TWF,ID,ANM,WE,Combination Non-Radar Approach Control & Tower w/o Radar,0,15,5,2,22,0,0,21,0,21,0,15,26,2,43,14,0,14,57
12/14/2016,TWF,ID,ANM,WE,Combination Non-Radar Approach Control & Tower w/o Radar,1,23,14,0,38,0,0,0,0,0,1,23,14,0,38,0,0,0,38
12/15/2016,TWF,ID,ANM,WE,Combination Non-Radar Approach Control & Tower w/o Radar,4,21,17,0,42,0,0,4,2,6,4,21,21,2,48,0,0,0,48
12/16/2016,TWF,ID,ANM,WE,Combination Non-Radar Approach Control & Tower w/o Radar,4,28,12,0,44,0,0,0,0,0,4,28,12,0,44,0,0,0,44
12/17/2016,TWF,ID,ANM,WE,Combination Non-Radar Approach Control & Tower w/o Radar,0,24,13,2,39,0,0,8,0,8,0,24,21,2,47,8,0,8,55
12/18/2016,TWF,ID,ANM,WE,Combination Non-Radar Approach Control & Tower w/o Radar,0,9,5,0,14,0,0,12,0,12,0,9,17,0,26,6,0,6,32
12/19/2016,TWF,ID,ANM,WE,Combination Non-Radar Approach Control & Tower w/o Radar,0,15,6,0,21,0,0,25,0,25,0,15,31,0,46,22,0,22,68
12/20/2016,TWF,ID,ANM,WE,Combination Non-Radar Approach Control & Tower w/o Radar,0,38,10,0,48,0,0,7,0,7,0,38,17,0,55,11,0,11,66
12/21/2016,TWF,ID,ANM,WE,Combination Non-Radar Approach Control & Tower w/o Radar,0,17,4,1,22,0,0,17,1,18,0,17,21,2,40,0,12,12,52
12/22/2016,TWF,ID,ANM,WE,Combination Non-Radar Approach Control & Tower w/o Radar,0,17,0,0,17,0,0,7,0,7,0,17,7,0,24,0,0,0,24
12/23/2016,TWF,ID,ANM,WE,Combination Non-Radar Approach Control & Tower w/o Radar,8,45,14,0,67,0,0,0,0,0,8,45,14,0,67,0,0,0,67
12/24/2016,TWF,ID,ANM,WE,Combination Non-Radar Approach Control & Tower w/o Radar,11,21,4,0,36,0,0,0,0,0,11,21,4,0,36,0,0,0,36
12/25/2016,TWF,ID,ANM,WE,Combination Non-Radar Approach Control & Tower w/o Radar,12,29,9,0,50,0,0,1,0,1,12,29,10,0,51,0,0,0,51
12/26/2016,TWF,ID,ANM,WE,Combination Non-Radar Approach Control & Tower w/o Radar,4,11,12,0,27,0,0,14,0,14,4,11,26,0,41,2,0,2,43
12/27/2016,TWF,ID,ANM,WE,Combination Non-Radar Approach Control & Tower w/o Radar,4,43,35,2,84,0,0,2,0,2,4,43,37,2,86,0,0,0,86
12/28/2016,TWF,ID,ANM,WE,Combination Non-Radar Approach Control & Tower w/o Radar,0,17,2,1,20,0,1,27,2,30,0,18,29,3,50,8,6,14,64
12/29/2016,TWF,ID,ANM,WE,Combination Non-Radar Approach Control & Tower w/o Radar,6,10,8,0,24,0,0,22,0,22,6,10,30,0,46,8,0,8,54
12/30/2016,TWF,ID,ANM,WE,Combination Non-Radar Approach Control & Tower w/o Radar,4,11,8,0,23,0,0,13,0,13,4,11,21,0,36,12,0,12,48
12/31/2016,TWF,ID,ANM,WE,Combination Non-Radar Approach Control & Tower w/o Radar,1,15,1,1,18,0,0,6,0,6,1,15,7,1,24,0,0,0,24
01/01/2017,TWF,ID,ANM,WE,Combination Non-Radar Approach Control & Tower w/o Radar,0,9,3,1,13,0,0,1,0,1,0,9,4,1,14,0,0,0,14
01/02/2017,TWF,ID,ANM,WE,Combination Non-Radar Approach Control & Tower w/o Radar,10,37,80,0,127,0,0,0,0,0,10,37,80,0,127,8,0,8,135
01/03/2017,TWF,ID,ANM,WE,Combination Non-Radar Approach Control & Tower w/o Radar,5,14,8,0,27,0,0,0,0,0,5,14,8,0,27,0,0,0,27
01/04/2017,TWF,ID,ANM,WE,Combination Non-Radar Approach Control & Tower w/o Radar,2,6,5,0,13,0,0,0,0,0,2,6,5,0,13,0,0,0,13
01/05/2017,TWF,ID,ANM,WE,Combination Non-Radar Approach Control & Tower w/o Radar,2,20,6,0,28,0,0,11,0,11,2,20,17,0,39,0,0,0,39
01/06/2017,TWF,ID,ANM,WE,Combination Non-Radar Approach Control & Tower w/o Radar,0,12,6,0,18,0,0,14,0,14,0,12,20,0,32,0,0,0,32
01/07/2017,TWF,ID,ANM,WE,Combination Non-Radar Approach Control & Tower w/o Radar,8,12,4,0,24,0,1,0,0,1,8,13,4,0,25,0,0,0,25
01/08/2017,TWF,ID,ANM,WE,Combination Non-Radar Approach Control & Tower w/o Radar,7,14,4,0,25,0,0,0,0,0,7,14,4,0,25,0,0,0,25
01/09/2017,TWF,ID,ANM,WE,Combination Non-Radar Approach Control & Tower w/o Radar,4,17,11,0,32,0,0,0,0,0,4,17,11,0,32,0,0,0,32
01/10/2017,TWF,ID,ANM,WE,Combination Non-Radar Approach Control & Tower w/o Radar,2,21,2,4,29,0,1,0,0,1,2,22,2,4,30,4,0,4,34
01/11/2017,TWF,ID,ANM,WE,Combination Non-Radar Approach Control & Tower w/o Radar,2,21,2,0,25,0,2,3,2,7,2,23,5,2,32,0,0,0,32
01/12/2017,TWF,ID,ANM,WE,Combination Non-Radar Approach Control & Tower w/o Radar,0,12,9,0,21,0,1,23,1,25,0,13,32,1,46,42,0,42,88
01/13/2017,TWF,ID,ANM,WE,Combination Non-Radar Approach Control & Tower w/o Radar,0,13,7,0,20,0,2,35,0,37,0,15,42,0,57,46,0,46,103
01/14/2017,TWF,ID,ANM,WE,Combination Non-Radar Approach Control & Tower w/o Radar,0,6,2,0,8,0,3,23,0,26,0,9,25,0,34,18,0,18,52
01/15/2017,TWF,ID,ANM,WE,Combination Non-Radar Approach Control & Tower w/o Radar,0,7,4,0,11,0,0,5,0,5,0,7,9,0,16,0,0,0,16
01/16/2017,TWF,ID,ANM,WE,Combination Non-Radar Approach Control & Tower w/o Radar,0,14,9,0,23,0,1,4,0,5,0,15,13,0,28,0,0,0,28
01/17/2017,TWF,ID,ANM,WE,Combination Non-Radar Approach Control & Tower w/o Radar,0,11,1,0,12,0,0,9,0,9,0,11,10,0,21,16,0,16,37
01/18/2017,TWF,ID,ANM,WE,Combination Non-Radar Approach Control & Tower w/o Radar,4,15,4,0,23,0,0,3,0,3,4,15,7,0,26,0,0,0,26
01/19/2017,TWF,ID,ANM,WE,Combination Non-Radar Approach Control & Tower w/o Radar,7,13,9,4,33,0,0,2,0,2,7,13,11,4,35,0,2,2,37
01/20/2017,TWF,ID,ANM,WE,Combination Non-Radar Approach Control & Tower w/o Radar,5,18,5,0,28,0,0,6,0,6,5,18,11,0,34,6,0,6,40
01/21/2017,TWF,ID,ANM,WE,Combination Non-Radar Approach Control & Tower w/o Radar,9,25,7,0,41,0,0,3,2,5,9,25,10,2,46,0,0,0,46
01/22/2017,TWF,ID,ANM,WE,Combination Non-Radar Approach Control & Tower w/o Radar,7,10,8,0,25,0,0,1,0,1,7,10,9,0,26,0,0,0,26
01/23/2017,TWF,ID,ANM,WE,Combination Non-Radar Approach Control & Tower w/o Radar,1,12,4,0,17,0,0,0,0,0,1,12,4,0,17,0,0,0,17
01/24/2017,TWF,ID,ANM,WE,Combination Non-Radar Approach Control & Tower w/o Radar,6,18,5,9,38,0,0,2,0,2,6,18,7,9,40,0,0,0,40
01/25/2017,TWF,ID,ANM,WE,Combination Non-Radar Approach Control & Tower w/o Radar,1,14,6,0,21,0,1,12,4,17,1,15,18,4,38,0,0,0,38
01/26/2017,TWF,ID,ANM,WE,Combination Non-Radar Approach Control & Tower w/o Radar,0,18,1,1,20,0,1,10,5,16,0,19,11,6,36,18,0,18,54
01/27/2017,TWF,ID,ANM,WE,Combination Non-Radar Approach Control & Tower w/o Radar,0,19,5,0,24,0,1,6,0,7,0,20,11,0,31,0,0,0,31
01/28/2017,TWF,ID,ANM,WE,Combination Non-Radar Approach Control & Tower w/o Radar,10,13,1,0,24,0,1,9,1,11,10,14,10,1,35,0,0,0,35
01/29/2017,TWF,ID,ANM,WE,Combination Non-Radar Approach Control & Tower w/o Radar,0,5,2,0,7,0,1,11,1,13,0,6,13,1,20,0,0,0,20
01/30/2017,TWF,ID,ANM,WE,Combination Non-Radar Approach Control & Tower w/o Radar,0,11,5,2,18,0,1,11,2,14,0,12,16,4,32,42,0,42,74
01/31/2017,TWF,ID,ANM,WE,Combination Non-Radar Approach Control & Tower w/o Radar,0,20,3,2,25,0,2,9,0,11,0,22,12,2,36,18,10,28,64
02/01/2017,TWF,ID,ANM,WE,Combination Non-Radar Approach Control & Tower w/o Radar,0,15,15,6,36,0,0,1,0,1,0,15,16,6,37,0,0,0,37
02/02/2017,TWF,ID,ANM,WE,Combination Non-Radar Approach Control & Tower w/o Radar,0,19,4,3,26,0,1,6,0,7,0,20,10,3,33,2,0,2,35
02/03/2017,TWF,ID,ANM,WE,Combination Non-Radar Approach Control & Tower w/o Radar,5,25,18,0,48,0,0,3,0,3,5,25,21,0,51,2,0,2,53
02/04/2017,TWF,ID,ANM,WE,Combination Non-Radar Approach Control & Tower w/o Radar,3,12,2,0,17,0,0,11,1,12,3,12,13,1,29,0,0,0,29
02/05/2017,TWF,ID,ANM,WE,Combination Non-Radar Approach Control & Tower w/o Radar,0,7,14,0,21,0,0,9,0,9,0,7,23,0,30,10,0,10,40
02/06/2017,TWF,ID,ANM,WE,Combination Non-Radar Approach Control & Tower w/o Radar,6,13,8,0,27,0,6,2,0,8,6,19,10,0,35,0,0,0,35
02/07/2017,TWF,ID,ANM,WE,Combination Non-Radar Approach Control & Tower w/o Radar,1,21,9,0,31,0,0,1,0,1,1,21,10,0,32,0,0,0,32
02/08/2017,TWF,ID,ANM,WE,Combination Non-Radar Approach Control & Tower w/o Radar,0,16,6,4,26,0,2,10,0,12,0,18,16,4,38,0,0,0,38
02/09/2017,TWF,ID,ANM,WE,Combination Non-Radar Approach Control & Tower w/o Radar,5,22,18,6,51,0,0,15,4,19,5,22,33,10,70,0,0,0,70
02/10/2017,TWF,ID,ANM,WE,Combination Non-Radar Approach Control & Tower w/o Radar,2,13,6,0,21,0,1,10,0,11,2,14,16,0,32,0,0,0,32
02/11/2017,TWF,ID,ANM,WE,Combination Non-Radar Approach Control & Tower w/o Radar,0,11,5,0,16,0,3,27,2,32,0,14,32,2,48,0,0,0,48
02/12/2017,TWF,ID,ANM,WE,Combination Non-Radar Approach Control & Tower w/o Radar,0,5,7,0,12,0,0,16,0,16,0,5,23,0,28,0,0,0,28
02/13/2017,TWF,ID,ANM,WE,Combination Non-Radar Approach Control & Tower w/o Radar,0,10,7,2,19,0,1,31,1,33,0,11,38,3,52,6,0,6,58
02/14/2017,TWF,ID,ANM,WE,Combination Non-Radar Approach Control & Tower w/o Radar,0,15,4,0,19,0,4,29,0,33,0,19,33,0,52,26,0,26,78
02/15/2017,TWF,ID,ANM,WE,Combination Non-Radar Approach Control & Tower w/o Radar,0,15,6,1,22,0,2,29,1,32,0,17,35,2,54,20,16,36,90
02/16/2017,TWF,ID,ANM,WE,Combination Non-Radar Approach Control & Tower w/o Radar,1,17,10,0,28,0,0,4,0,4,1,17,14,0,32,0,0,0,32
02/17/2017,TWF,ID,ANM,WE,Combination Non-Radar Approach Control & Tower w/o Radar,0,27,19,0,46,0,1,8,6,15,0,28,27,6,61,9,0,9,70
02/18/2017,TWF,ID,ANM,WE,Combination Non-Radar Approach Control & Tower w/o Radar,11,25,18,0,54,0,0,5,0,5,11,25,23,0,59,3,0,3,62
02/19/2017,TWF,ID,ANM,WE,Combination Non-Radar Approach Control & Tower w/o Radar,8,19,13,0,40,0,0,4,0,4,8,19,17,0,44,0,0,0,44
02/20/2017,TWF,ID,ANM,WE,Combination Non-Radar Approach Control & Tower w/o Radar,8,22,24,0,54,0,5,1,0,6,8,27,25,0,60,0,0,0,60
02/21/2017,TWF,ID,ANM,WE,Combination Non-Radar Approach Control & Tower w/o Radar,8,18,14,2,42,0,1,4,2,7,8,19,18,4,49,0,0,0,49
02/22/2017,TWF,ID,ANM,WE,Combination Non-Radar Approach Control & Tower w/o Radar,0,18,5,0,23,0,1,4,0,5,0,19,9,0,28,0,0,0,28
02/23/2017,TWF,ID,ANM,WE,Combination Non-Radar Approach Control & Tower w/o Radar,3,3,7,0,13,0,0,0,0,0,3,3,7,0,13,0,0,0,13
02/24/2017,TWF,ID,ANM,WE,Combination Non-Radar Approach Control & Tower w/o Radar,8,26,14,1,49,0,0,9,0,9,8,26,23,1,58,0,0,0,58
02/25/2017,TWF,ID,ANM,WE,Combination Non-Radar Approach Control & Tower w/o Radar,0,7,12,0,19,0,3,25,0,28,0,10,37,0,47,24,0,24,71
02/26/2017,TWF,ID,ANM,WE,Combination Non-Radar Approach Control & Tower w/o Radar,2,7,5,0,14,0,0,6,0,6,2,7,11,0,20,0,0,0,20
02/27/2017,TWF,ID,ANM,WE,Combination Non-Radar Approach Control & Tower w/o Radar,2,18,12,0,32,0,1,1,0,2,2,19,13,0,34,0,0,0,34
02/28/2017,TWF,ID,ANM,WE,Combination Non-Radar Approach Control & Tower w/o Radar,8,13,8,0,29,0,0,8,0,8,8,13,16,0,37,0,10,10,47
03/01/2017,TWF,ID,ANM,WE,Combination Non-Radar Approach Control & Tower w/o Radar,0,11,15,0,26,0,2,11,0,13,0,13,26,0,39,10,0,10,49
03/02/2017,TWF,ID,ANM,WE,Combination Non-Radar Approach Control & Tower w/o Radar,0,14,4,1,19,0,2,25,1,28,0,16,29,2,47,13,0,13,60
03/03/2017,TWF,ID,ANM,WE,Combination Non-Radar Approach Control & Tower w/o Radar,0,12,4,2,18,0,2,9,0,11,0,14,13,2,29,16,0,16,45
03/04/2017,TWF,ID,ANM,WE,Combination Non-Radar Approach Control & Tower w/o Radar,6,14,3,0,23,0,0,20,2,22,6,14,23,2,45,50,0,50,95
03/05/2017,TWF,ID,ANM,WE,Combination Non-Radar Approach Control & Tower w/o Radar,8,17,13,0,38,0,0,5,0,5,8,17,18,0,43,0,0,0,43
03/06/2017,TWF,ID,ANM,WE,Combination Non-Radar Approach Control & Tower w/o Radar,0,13,5,3,21,0,0,0,0,0,0,13,5,3,21,0,6,6,27
03/07/2017,TWF,ID,ANM,WE,Combination Non-Radar Approach Control & Tower w/o Radar,2,17,4,0,23,0,0,9,0,9,2,17,13,0,32,20,0,20,52
03/08/2017,TWF,ID,ANM,WE,Combination Non-Radar Approach Control & Tower w/o Radar,8,15,9,1,33,0,2,9,1,12,8,17,18,2,45,0,0,0,45
03/09/2017,TWF,ID,ANM,WE,Combination Non-Radar Approach Control & Tower w/o Radar,0,11,6,0,17,0,2,21,0,23,0,13,27,0,40,30,0,30,70
03/10/2017,TWF,ID,ANM,WE,Combination Non-Radar Approach Control & Tower w/o Radar,0,13,8,2,23,0,1,20,0,21,0,14,28,2,44,12,0,12,56
03/11/2017,TWF,ID,ANM,WE,Combination Non-Radar Approach Control & Tower w/o Radar,0,7,2,1,10,0,3,30,6,39,0,10,32,7,49,0,0,0,49
03/12/2017,TWF,ID,ANM,WE,Combination Non-Radar Approach Control & Tower w/o Radar,0,7,5,0,12,0,0,17,0,17,0,7,22,0,29,42,0,42,71
03/13/2017,TWF,ID,ANM,WE,Combination Non-Radar Approach Control & Tower w/o Radar,0,10,5,0,15,0,3,27,0,30,0,13,32,0,45,34,0,34,79
03/14/2017,TWF,ID,ANM,WE,Combination Non-Radar Approach Control & Tower w/o Radar,0,11,9,2,22,0,2,38,2,42,0,13,47,4,64,44,30,74,138
03/15/2017,TWF,ID,ANM,WE,Combination Non-Radar Approach Control & Tower w/o Radar,0,15,13,0,28,0,3,25,0,28,0,18,38,0,56,38,0,38,94
03/16/2017,TWF,ID,ANM,WE,Combination Non-Radar Approach Control & Tower w/o Radar,0,14,4,0,18,0,3,22,0,25,0,17,26,0,43,2,0,2,45
03/17/2017,TWF,ID,ANM,WE,Combination Non-Radar Approach Control & Tower w/o Radar,0,11,11,2,24,0,3,36,1,40,0,14,47,3,64,34,8,42,106
03/18/2017,TWF,ID,ANM,WE,Combination Non-Radar Approach Control & Tower w/o Radar,0,6,2,0,8,0,3,9,0,12,0,9,11,0,20,0,0,0,20
03/19/2017,TWF,ID,ANM,WE,Combination Non-Radar Approach Control & Tower w/o Radar,0,5,5,0,10,0,0,16,0,16,0,5,21,0,26,2,0,2,28
03/20/2017,TWF,ID,ANM,WE,Combination Non-Radar Approach Control & Tower w/o Radar,0,9,0,0,9,0,3,18,2,23,0,12,18,2,32,6,10,16,48
03/21/2017,TWF,ID,ANM,WE,Combination Non-Radar Approach Control & Tower w/o Radar,0,14,4,0,18,0,1,11,0,12,0,15,15,0,30,0,0,0,30
03/22/2017,TWF,ID,ANM,WE,Combination Non-Radar Approach Control & Tower w/o Radar,0,16,3,0,19,0,1,15,0,16,0,17,18,0,35,12,0,12,47
03/23/2017,TWF,ID,ANM,WE,Combination Non-Radar Approach Control & Tower w/o Radar,0,13,6,4,23,0,1,10,0,11,0,14,16,4,34,4,12,16,50
03/24/2017,TWF,ID,ANM,WE,Combination Non-Radar Approach Control & Tower w/o Radar,0,11,3,0,14,0,1,14,2,17,0,12,17,2,31,0,0,0,31
03/25/2017,TWF,ID,ANM,WE,Combination Non-Radar Approach Control & Tower w/o Radar,0,9,2,3,14,0,1,25,0,26,0,10,27,3,40,14,6,20,60
03/26/2017,TWF,ID,ANM,WE,Combination Non-Radar Approach Control & Tower w/o Radar,0,5,4,0,9,0,0,29,1,30,0,5,33,1,39,0,0,0,39
03/27/2017,TWF,ID,ANM,WE,Combination Non-Radar Approach Control & Tower w/o Radar,4,10,6,3,23,0,3,12,0,15,4,13,18,3,38,0,26,26,64
03/28/2017,TWF,ID,ANM,WE,Combination Non-Radar Approach Control & Tower w/o Radar,0,12,7,2,21,0,2,23,2,27,0,14,30,4,48,4,0,4,52
03/29/2017,TWF,ID,ANM,WE,Combination Non-Radar Approach Control & Tower w/o Radar,0,12,10,0,22,0,6,42,0,48,0,18,52,0,70,50,16,66,136
03/30/2017,TWF,ID,ANM,WE,Combination Non-Radar Approach Control & Tower w/o Radar,4,14,5,0,23,0,0,4,0,4,4,14,9,0,27,14,0,14,41
03/31/2017,TWF,ID,ANM,WE,Combination Non-Radar Approach Control & Tower w/o Radar,1,13,5,0,19,0,2,6,0,8,1,15,11,0,27,48,0,48,75
04/01/2017,TWF,ID,ANM,WE,Combination Non-Radar Approach Control & Tower w/o Radar,0,6,2,0,8,0,4,32,0,36,0,10,34,0,44,16,0,16,60
04/02/2017,TWF,ID,ANM,WE,Combination Non-Radar Approach Control & Tower w/o Radar,0,7,2,0,9,0,0,3,0,3,0,7,5,0,12,0,0,0,12
04/03/2017,TWF,ID,ANM,WE,Combination Non-Radar Approach Control & Tower w/o Radar,0,9,2,0,11,0,1,16,0,17,0,10,18,0,28,4,0,4,32
04/04/2017,TWF,ID,ANM,WE,Combination Non-Radar Approach Control & Tower w/o Radar,0,10,12,0,22,0,3,41,0,44,0,13,53,0,66,16,0,16,82
04/05/2017,TWF,ID,ANM,WE,Combination Non-Radar Approach Control & Tower w/o Radar,0,13,1,0,14,0,2,51,0,53,0,15,52,0,67,36,0,36,103
04/06/2017,TWF,ID,ANM,WE,Combination Non-Radar Approach Control & Tower w/o Radar,0,16,18,1,35,0,1,41,1,43,0,17,59,2,78,35,0,35,113
04/07/2017,TWF,ID,ANM,WE,Combination Non-Radar Approach Control & Tower w/o Radar,0,14,11,2,27,0,2,11,0,13,0,16,22,2,40,4,0,4,44
04/08/2017,TWF,ID,ANM,WE,Combination Non-Radar Approach Control & Tower w/o Radar,0,12,12,1,25,0,0,5,1,6,0,12,17,2,31,12,0,12,43
04/09/2017,TWF,ID,ANM,WE,Combination Non-Radar Approach Control & Tower w/o Radar,0,8,14,1,23,0,0,24,0,24,0,8,38,1,47,19,0,19,66
04/10/2017,TWF,ID,ANM,WE,Combination Non-Radar Approach Control & Tower w/o Radar,0,9,5,2,16,0,5,18,0,23,0,14,23,2,39,6,0,6,45
04/11/2017,TWF,ID,ANM,WE,Combination Non-Radar Approach Control & Tower w/o Radar,0,12,6,2,20,0,2,26,0,28,0,14,32,2,48,40,0,40,88
04/12/2017,TWF,ID,ANM,WE,Combination Non-Radar Approach Control & Tower w/o Radar,2,12,1,2,17,0,3,27,0,30,2,15,28,2,47,24,12,36,83
04/13/2017,TWF,ID,ANM,WE,Combination Non-Radar Approach Control & Tower w/o Radar,4,21,2,6,33,0,1,8,3,12,4,22,10,9,45,16,0,16,61
04/14/2017,TWF,ID,ANM,WE,Combination Non-Radar Approach Control & Tower w/o Radar,1,20,8,0,29,0,6,10,0,16,1,26,18,0,45,14,0,14,59
04/15/2017,TWF,ID,ANM,WE,Combination Non-Radar Approach Control & Tower w/o Radar,0,8,2,0,10,0,3,43,0,46,0,11,45,0,56,20,0,20,76
04/16/2017,TWF,ID,ANM,WE,Combination Non-Radar Approach Control & Tower w/o Radar,0,6,2,0,8,0,0,13,0,13,0,6,15,0,21,1,0,1,22
04/17/2017,TWF,ID,ANM,WE,Combination Non-Radar Approach Control & Tower w/o Radar,0,8,2,6,16,0,1,7,3,11,0,9,9,9,27,20,2,22,49
04/18/2017,TWF,ID,ANM,WE,Combination Non-Radar Approach Control & Tower w/o Radar,0,19,7,2,28,0,3,9,0,12,0,22,16,2,40,16,0,16,56
04/19/2017,TWF,ID,ANM,WE,Combination Non-Radar Approach Control & Tower w/o Radar,0,14,6,6,26,0,5,33,3,41,0,19,39,9,67,14,2,16,83
04/20/2017,TWF,ID,ANM,WE,Combination Non-Radar Approach Control & Tower w/o Radar,0,13,5,3,21,0,3,4,0,7,0,16,9,3,28,12,0,12,40
04/21/2017,TWF,ID,ANM,WE,Combination Non-Radar Approach Control & Tower w/o Radar,0,12,9,2,23,0,3,20,3,26,0,15,29,5,49,5,0,5,54
04/22/2017,TWF,ID,ANM,WE,Combination Non-Radar Approach Control & Tower w/o Radar,0,7,5,1,13,0,2,29,0,31,0,9,34,1,44,14,0,14,58
04/23/2017,TWF,ID,ANM,WE,Combination Non-Radar Approach Control & Tower w/o Radar,0,5,2,0,7,0,0,16,2,18,0,5,18,2,25,12,0,12,37
04/24/2017,TWF,ID,ANM,WE,Combination Non-Radar Approach Control & Tower w/o Radar,0,9,3,0,12,0,2,16,0,18,0,11,19,0,30,0,0,0,30
04/25/2017,TWF,ID,ANM,WE,Combination Non-Radar Approach Control & Tower w/o Radar,0,10,2,0,12,0,1,17,0,18,0,11,19,0,30,32,0,32,62
04/26/2017,TWF,ID,ANM,WE,Combination Non-Radar Approach Control & Tower w/o Radar,0,18,2,1,21,0,0,11,1,12,0,18,13,2,33,50,0,50,83
04/27/2017,TWF,ID,ANM,WE,Combination Non-Radar Approach Control & Tower w/o Radar,0,16,5,2,23,0,1,8,1,10,0,17,13,3,33,0,10,10,43
04/28/2017,TWF,ID,ANM,WE,Combination Non-Radar Approach Control & Tower w/o Radar,0,11,4,0,15,0,2,16,0,18,0,13,20,0,33,10,0,10,43
04/29/2017,TWF,ID,ANM,WE,Combination Non-Radar Approach Control & Tower w/o Radar,0,8,2,0,10,0,3,56,0,59,0,11,58,0,69,74,0,74,143
04/30/2017,TWF,ID,ANM,WE,Combination Non-Radar Approach Control & Tower w/o Radar,0,5,4,0,9,0,0,28,0,28,0,5,32,0,37,0,0,0,37
05/01/2017,TWF,ID,ANM,WE,Combination Non-Radar Approach Control & Tower w/o Radar,0,7,7,0,14,0,4,7,0,11,0,11,14,0,25,2,0,2,27
05/02/2017,TWF,ID,ANM,WE,Combination Non-Radar Approach Control & Tower w/o Radar,0,11,2,0,13,0,2,20,0,22,0,13,22,0,35,6,0,6,41
05/03/2017,TWF,ID,ANM,WE,Combination Non-Radar Approach Control & Tower w/o Radar,2,7,6,1,16,0,3,40,2,45,2,10,46,3,61,0,0,0,61
05/04/2017,TWF,ID,ANM,WE,Combination Non-Radar Approach Control & Tower w/o Radar,0,11,11,0,22,0,1,56,0,57,0,12,67,0,79,18,0,18,97
05/05/2017,TWF,ID,ANM,WE,Combination Non-Radar Approach Control & Tower w/o Radar,0,11,3,0,14,0,2,31,0,33,0,13,34,0,47,20,0,20,67
05/06/2017,TWF,ID,ANM,WE,Combination Non-Radar Approach Control & Tower w/o Radar,0,13,8,0,21,0,0,8,0,8,0,13,16,0,29,0,0,0,29
05/07/2017,TWF,ID,ANM,WE,Combination Non-Radar Approach Control & Tower w/o Radar,0,7,4,0,11,0,0,5,0,5,0,7,9,0,16,0,0,0,16
05/08/2017,TWF,ID,ANM,WE,Combination Non-Radar Approach Control & Tower w/o Radar,0,8,7,0,15,0,2,44,2,48,0,10,51,2,63,20,0,20,83
05/09/2017,TWF,ID,ANM,WE,Combination Non-Radar Approach Control & Tower w/o Radar,0,11,16,5,32,0,3,58,3,64,0,14,74,8,96,26,24,50,146
05/10/2017,TWF,ID,ANM,WE,Combination Non-Radar Approach Control & Tower w/o Radar,0,16,15,0,31,0,6,47,0,53,0,22,62,0,84,44,0,44,128
05/11/2017,TWF,ID,ANM,WE,Combination Non-Radar Approach Control & Tower w/o Radar,0,15,4,6,25,0,1,56,0,57,0,16,60,6,82,18,0,18,100
05/12/2017,TWF,ID,ANM,WE,Combination Non-Radar Approach Control & Tower w/o Radar,0,21,4,2,27,0,1,22,0,23,0,22,26,2,50,22,0,22,72
05/13/2017,TWF,ID,ANM,WE,Combination Non-Radar Approach Control & Tower w/o Radar,0,6,0,1,7,0,1,5,1,7,0,7,5,2,14,12,0,12,26
05/14/2017,TWF,ID,ANM,WE,Combination Non-Radar Approach Control & Tower w/o Radar,0,6,6,0,12,0,0,10,0,10,0,6,16,0,22,0,0,0,22
05/15/2017,TWF,ID,ANM,WE,Combination Non-Radar Approach Control & Tower w/o Radar,0,7,8,0,15,0,4,25,0,29,0,11,33,0,44,122,0,122,166
05/16/2017,TWF,ID,ANM,WE,Combination Non-Radar Approach Control & Tower w/o Radar,0,15,4,0,19,0,0,12,0,12,0,15,16,0,31,86,0,86,117
05/17/2017,TWF,ID,ANM,WE,Combination Non-Radar Approach Control & Tower w/o Radar,0,13,6,9,28,0,0,1,0,1,0,13,7,9,29,0,0,0,29
05/18/2017,TWF,ID,ANM,WE,Combination Non-Radar Approach Control & Tower w/o Radar,0,12,11,6,29,0,1,25,4,30,0,13,36,10,59,34,8,42,101
05/19/2017,TWF,ID,ANM,WE,Combination Non-Radar Approach Control & Tower w/o Radar,0,14,1,0,15,0,5,38,0,43,0,19,39,0,58,40,0,40,98
05/20/2017,TWF,ID,ANM,WE,Combination Non-Radar Approach Control & Tower w/o Radar,0,8,2,0,10,0,1,59,2,62,0,9,61,2,72,38,0,38,110
05/21/2017,TWF,ID,ANM,WE,Combination Non-Radar Approach Control & Tower w/o Radar,0,5,4,0,9,0,2,23,0,25,0,7,27,0,34,10,0,10,44
05/22/2017,TWF,ID,ANM,WE,Combination Non-Radar Approach Control & Tower w/o Radar,0,5,14,0,19,0,2,46,0,48,0,7,60,0,67,24,0,24,91
05/23/2017,TWF,ID,ANM,WE,Combination Non-Radar Approach Control & Tower w/o Radar,0,11,2,2,15,0,5,84,1,90,0,16,86,3,105,62,8,70,175
05/24/2017,TWF,ID,ANM,WE,Combination Non-Radar Approach Control & Tower w/o Radar,13,11,9,5,38,0,1,36,4,41,13,12,45,9,79,9,10,19,98
05/25/2017,TWF,ID,ANM,WE,Combination Non-Radar Approach Control & Tower w/o Radar,0,12,6,0,18,0,1,37,0,38,0,13,43,0,56,40,0,40,96
05/26/2017,TWF,ID,ANM,WE,Combination Non-Radar Approach Control & Tower w/o Radar,0,20,7,0,27,0,1,16,0,17,0,21,23,0,44,24,0,24,68
05/27/2017,TWF,ID,ANM,WE,Combination Non-Radar Approach Control & Tower w/o Radar,0,5,2,0,7,0,2,58,0,60,0,7,60,0,67,43,0,43,110
05/28/2017,TWF,ID,ANM,WE,Combination Non-Radar Approach Control & Tower w/o Radar,0,2,0,0,2,0,0,29,0,29,0,2,29,0,31,2,0,2,33
05/29/2017,TWF,ID,ANM,WE,Combination Non-Radar Approach Control & Tower w/o Radar,0,5,8,0,13,0,2,28,2,32,0,7,36,2,45,16,0,16,61
05/30/2017,TWF,ID,ANM,WE,Combination Non-Radar Approach Control & Tower w/o Radar,2,11,6,0,19,0,2,32,1,35,2,13,38,1,54,38,0,38,92
05/31/2017,TWF,ID,ANM,WE,Combination Non-Radar Approach Control & Tower w/o Radar,0,17,7,2,26,0,3,68,6,77,0,20,75,8,103,42,0,42,145
06/01/2017,TWF,ID,ANM,WE,Combination Non-Radar Approach Control & Tower w/o Radar,0,15,6,0,21,0,0,22,0,22,0,15,28,0,43,16,0,16,59
06/02/2017,TWF,ID,ANM,WE,Combination Non-Radar Approach Control & Tower w/o Radar,0,15,5,0,20,0,4,41,0,45,0,19,46,0,65,16,0,16,81
06/03/2017,TWF,ID,ANM,WE,Combination Non-Radar Approach Control & Tower w/o Radar,0,6,10,0,16,0,4,55,0,59,0,10,65,0,75,33,0,33,108
06/04/2017,TWF,ID,ANM,WE,Combination Non-Radar Approach Control & Tower w/o Radar,0,4,9,1,14,0,0,38,0,38,0,4,47,1,52,42,0,42,94
06/05/2017,TWF,ID,ANM,WE,Combination Non-Radar Approach Control & Tower w/o Radar,0,10,12,3,25,0,3,79,0,82,0,13,91,3,107,46,0,46,153
06/06/2017,TWF,ID,ANM,WE,Combination Non-Radar Approach Control & Tower w/o Radar,0,18,11,0,29,0,2,74,0,76,0,20,85,0,105,20,0,20,125
06/07/2017,TWF,ID,ANM,WE,Combination Non-Radar Approach Control & Tower w/o Radar,0,17,6,1,24,0,6,61,1,68,0,23,67,2,92,10,6,16,108
06/08/2017,TWF,ID,ANM,WE,Combination Non-Radar Approach Control & Tower w/o Radar,1,15,12,0,28,0,2,40,0,42,1,17,52,0,70,28,0,28,98
06/09/2017,TWF,ID,ANM,WE,Combination Non-Radar Approach Control & Tower w/o Radar,0,17,6,0,23,0,0,34,0,34,0,17,40,0,57,9,0,9,66
06/10/2017,TWF,ID,ANM,WE,Combination Non-Radar Approach Control & Tower w/o Radar,0,9,11,0,20,0,3,23,0,26,0,12,34,0,46,0,0,0,46
06/11/2017,TWF,ID,ANM,WE,Combination Non-Radar Approach Control & Tower w/o Radar,0,5,4,0,9,0,0,20,0,20,0,5,24,0,29,2,0,2,31
06/12/2017,TWF,ID,ANM,WE,Combination Non-Radar Approach Control & Tower w/o Radar,0,15,4,0,19,0,0,10,0,10,0,15,14,0,29,0,0,0,29
06/13/2017,TWF,ID,ANM,WE,Combination Non-Radar Approach Control & Tower w/o Radar,0,14,4,0,18,0,2,14,0,16,0,16,18,0,34,12,0,12,46
06/14/2017,TWF,ID,ANM,WE,Combination Non-Radar Approach Control & Tower w/o Radar,0,11,6,0,17,0,2,56,0,58,0,13,62,0,75,2,0,2,77
06/15/2017,TWF,ID,ANM,WE,Combination Non-Radar Approach Control & Tower w/o Radar,0,10,15,0,25,0,1,81,0,82,0,11,96,0,107,50,0,50,157
06/16/2017,TWF,ID,ANM,WE,Combination Non-Radar Approach Control & Tower w/o Radar,0,9,8,1,18,0,3,28,1,32,0,12,36,2,50,12,0,12,62
06/17/2017,TWF,ID,ANM,WE,Combination Non-Radar Approach Control & Tower w/o Radar,0,6,4,0,10,0,5,29,0,34,0,11,33,0,44,0,0,0,44
06/18/2017,TWF,ID,ANM,WE,Combination Non-Radar Approach Control & Tower w/o Radar,0,5,3,0,8,0,0,34,0,34,0,5,37,0,42,0,0,0,42
06/19/2017,TWF,ID,ANM,WE,Combination Non-Radar Approach Control & Tower w/o Radar,0,8,5,0,13,0,2,42,0,44,0,10,47,0,57,40,0,40,97
06/20/2017,TWF,ID,ANM,WE,Combination Non-Radar Approach Control & Tower w/o Radar,2,11,6,1,20,0,3,46,4,53,2,14,52,5,73,8,24,32,105
06/21/2017,TWF,ID,ANM,WE,Combination Non-Radar Approach Control & Tower w/o Radar,0,13,3,2,18,0,3,37,0,40,0,16,40,2,58,10,0,10,68
06/22/2017,TWF,ID,ANM,WE,Combination Non-Radar Approach Control & Tower w/o Radar,0,13,11,0,24,0,3,19,0,22,0,16,30,0,46,24,0,24,70
06/23/2017,TWF,ID,ANM,WE,Combination Non-Radar Approach Control & Tower w/o Radar,0,13,2,2,17,0,2,122,2,126,0,15,124,4,143,0,0,0,143
06/24/2017,TWF,ID,ANM,WE,Combination Non-Radar Approach Control & Tower w/o Radar,0,5,1,1,7,0,4,45,0,49,0,9,46,1,56,0,0,0,56
06/25/2017,TWF,ID,ANM,WE,Combination Non-Radar Approach Control & Tower w/o Radar,0,7,6,1,14,0,0,35,0,35,0,7,41,1,49,0,0,0,49
06/26/2017,TWF,ID,ANM,WE,Combination Non-Radar Approach Control & Tower w/o Radar,0,7,5,0,12,0,5,34,0,39,0,12,39,0,51,14,0,14,65
06/27/2017,TWF,ID,ANM,WE,Combination Non-Radar Approach Control & Tower w/o Radar,0,10,7,0,17,0,3,88,0,91,0,13,95,0,108,10,0,10,118
06/28/2017,TWF,ID,ANM,WE,Combination Non-Radar Approach Control & Tower w/o Radar,0,13,9,0,22,0,3,73,0,76,0,16,82,0,98,22,0,22,120
06/29/2017,TWF,ID,ANM,WE,Combination Non-Radar Approach Control & Tower w/o Radar,0,16,1,6,23,0,3,37,0,40,0,19,38,6,63,0,0,0,63
06/30/2017,TWF,ID,ANM,WE,Combination Non-Radar Approach Control & Tower w/o Radar,0,16,7,1,24,0,3,82,0,85,0,19,89,1,109,32,0,32,141
07/01/2017,TWF,ID,ANM,WE,Combination Non-Radar Approach Control & Tower w/o Radar,0,10,4,0,14,0,7,33,0,40,0,17,37,0,54,36,0,36,90
07/02/2017,TWF,ID,ANM,WE,Combination Non-Radar Approach Control & Tower w/o Radar,0,3,6,0,9,0,0,20,0,20,0,3,26,0,29,0,0,0,29
07/03/2017,TWF,ID,ANM,WE,Combination Non-Radar Approach Control & Tower w/o Radar,0,7,4,0,11,0,1,101,0,102,0,8,105,0,113,0,0,0,113
07/04/2017,TWF,ID,ANM,WE,Combination Non-Radar Approach Control & Tower w/o Radar,0,6,6,0,12,0,2,58,0,60,0,8,64,0,72,0,0,0,72
07/05/2017,TWF,ID,ANM,WE,Combination Non-Radar Approach Control & Tower w/o Radar,0,13,9,0,22,0,4,145,0,149,0,17,154,0,171,18,0,18,189
07/06/2017,TWF,ID,ANM,WE,Combination Non-Radar Approach Control & Tower w/o Radar,0,14,9,0,23,0,8,185,0,193,0,22,194,0,216,4,0,4,220
07/07/2017,TWF,ID,ANM,WE,Combination Non-Radar Approach Control & Tower w/o Radar,0,15,5,2,22,0,3,184,0,187,0,18,189,2,209,0,14,14,223
07/08/2017,TWF,ID,ANM,WE,Combination Non-Radar Approach Control & Tower w/o Radar,0,6,6,0,12,0,2,115,0,117,0,8,121,0,129,10,0,10,139
07/09/2017,TWF,ID,ANM,WE,Combination Non-Radar Approach Control & Tower w/o Radar,0,5,1,0,6,0,0,39,0,39,0,5,40,0,45,6,0,6,51
07/10/2017,TWF,ID,ANM,WE,Combination Non-Radar Approach Control & Tower w/o Radar,0,8,13,0,21,0,3,188,3,194,0,11,201,3,215,22,0,22,237
07/11/2017,TWF,ID,ANM,WE,Combination Non-Radar Approach Control & Tower w/o Radar,0,32,42,3,77,0,2,92,0,94,0,34,134,3,171,26,10,36,207
07/12/2017,TWF,ID,ANM,WE,Combination Non-Radar Approach Control & Tower w/o Radar,0,18,11,1,30,0,3,96,1,100,0,21,107,2,130,40,4,44,174
07/13/2017,TWF,ID,ANM,WE,Combination Non-Radar Approach Control & Tower w/o Radar,0,21,18,0,39,0,4,79,0,83,0,25,97,0,122,26,0,26,148
07/14/2017,TWF,ID,ANM,WE,Combination Non-Radar Approach Control & Tower w/o Radar,0,19,24,0,43,0,3,93,4,100,0,22,117,4,143,0,6,6,149
07/15/2017,TWF,ID,ANM,WE,Combination Non-Radar Approach Control & Tower w/o Radar,0,19,4,2,25,0,1,118,1,120,0,20,122,3,145,32,0,32,177
07/16/2017,TWF,ID,ANM,WE,Combination Non-Radar Approach Control & Tower w/o Radar,1,11,10,1,23,0,0,57,1,58,1,11,67,2,81,9,0,9,90
07/17/2017,TWF,ID,ANM,WE,Combination Non-Radar Approach Control & Tower w/o Radar,0,8,4,0,12,0,2,72,0,74,0,10,76,0,86,20,0,20,106
07/18/2017,TWF,ID,ANM,WE,Combination Non-Radar Approach Control & Tower w/o Radar,0,14,13,3,30,0,1,121,1,123,0,15,134,4,153,20,0,20,173
07/19/2017,TWF,ID,ANM,WE,Combination Non-Radar Approach Control & Tower w/o Radar,2,12,11,2,27,0,2,117,0,119,2,14,128,2,146,12,0,12,158
07/20/2017,TWF,ID,ANM,WE,Combination Non-Radar Approach Control & Tower w/o Radar,0,14,5,1,20,0,2,65,3,70,0,16,70,4,90,24,0,24,114
07/21/2017,TWF,ID,ANM,WE,Combination Non-Radar Approach Control & Tower w/o Radar,0,13,10,0,23,0,2,85,1,88,0,15,95,1,111,52,0,52,163
07/22/2017,TWF,ID,ANM,WE,Combination Non-Radar Approach Control & Tower w/o Radar,0,6,7,0,13,0,3,128,0,131,0,9,135,0,144,0,0,0,144
07/23/2017,TWF,ID,ANM,WE,Combination Non-Radar Approach Control & Tower w/o Radar,1,6,1,0,8,0,0,73,0,73,1,6,74,0,81,1,0,1,82
07/24/2017,TWF,ID,ANM,WE,Combination Non-Radar Approach Control & Tower w/o Radar,0,9,4,0,13,0,2,115,0,117,0,11,119,0,130,14,0,14,144
07/25/2017,TWF,ID,ANM,WE,Combination Non-Radar Approach Control & Tower w/o Radar,0,13,10,0,23,0,2,78,0,80,0,15,88,0,103,0,0,0,103
07/26/2017,TWF,ID,ANM,WE,Combination Non-Radar Approach Control & Tower w/o Radar,0,14,10,3,27,0,2,106,2,110,0,16,116,5,137,0,0,0,137
07/27/2017,TWF,ID,ANM,WE,Combination Non-Radar Approach Control & Tower w/o Radar,0,15,9,2,26,0,1,108,1,110,0,16,117,3,136,6,0,6,142
07/28/2017,TWF,ID,ANM,WE,Combination Non-Radar Approach Control & Tower w/o Radar,0,12,8,0,20,0,3,97,0,100,0,15,105,0,120,12,0,12,132
07/29/2017,TWF,ID,ANM,WE,Combination Non-Radar Approach Control & Tower w/o Radar,0,8,5,0,13,0,2,51,0,53,0,10,56,0,66,4,0,4,70
07/30/2017,TWF,ID,ANM,WE,Combination Non-Radar Approach Control & Tower w/o Radar,0,13,5,4,22,0,0,113,1,114,0,13,118,5,136,6,0,6,142
07/31/2017,TWF,ID,ANM,WE,Combination Non-Radar Approach Control & Tower w/o Radar,0,9,5,0,14,0,2,68,0,70,0,11,73,0,84,2,0,2,86
08/01/2017,TWF,ID,ANM,WE,Combination Non-Radar Approach Control & Tower w/o Radar,0,12,5,0,17,0,3,87,0,90,0,15,92,0,107,38,0,38,145
08/02/2017,TWF,ID,ANM,WE,Combination Non-Radar Approach Control & Tower w/o Radar,0,10,3,8,21,0,2,168,1,171,0,12,171,9,192,0,0,0,192
08/03/2017,TWF,ID,ANM,WE,Combination Non-Radar Approach Control & Tower w/o Radar,0,10,8,0,18,0,3,55,2,60,0,13,63,2,78,18,0,18,96
08/04/2017,TWF,ID,ANM,WE,Combination Non-Radar Approach Control & Tower w/o Radar,0,14,0,0,14,0,4,160,0,164,0,18,160,0,178,2,0,2,180
08/05/2017,TWF,ID,ANM,WE,Combination Non-Radar Approach Control & Tower w/o Radar,0,10,3,0,13,0,0,212,0,212,0,10,215,0,225,2,0,2,227
08/06/2017,TWF,ID,ANM,WE,Combination Non-Radar Approach Control & Tower w/o Radar,2,13,12,1,28,0,1,21,1,23,2,14,33,2,51,18,0,18,69
08/07/2017,TWF,ID,ANM,WE,Combination Non-Radar Approach Control & Tower w/o Radar,0,14,6,2,22,0,3,80,0,83,0,17,86,2,105,28,0,28,133
08/08/2017,TWF,ID,ANM,WE,Combination Non-Radar Approach Control & Tower w/o Radar,2,15,3,0,20,0,3,79,0,82,2,18,82,0,102,46,0,46,148
08/09/2017,TWF,ID,ANM,WE,Combination Non-Radar Approach Control & Tower w/o Radar,0,16,9,2,27,0,0,58,0,58,0,16,67,2,85,12,10,22,107
08/10/2017,TWF,ID,ANM,WE,Combination Non-Radar Approach Control & Tower w/o Radar,0,14,7,0,21,0,5,91,1,97,0,19,98,1,118,2,0,2,120
08/11/2017,TWF,ID,ANM,WE,Combination Non-Radar Approach Control & Tower w/o Radar,0,9,2,5,16,0,3,56,2,61,0,12,58,7,77,58,10,68,145
08/12/2017,TWF,ID,ANM,WE,Combination Non-Radar Approach Control & Tower w/o Radar,0,8,4,0,12,0,3,94,3,100,0,11,98,3,112,58,0,58,170
08/13/2017,TWF,ID,ANM,WE,Combination Non-Radar Approach Control & Tower w/o Radar,0,7,11,0,18,0,0,23,0,23,0,7,34,0,41,0,0,0,41
08/14/2017,TWF,ID,ANM,WE,Combination Non-Radar Approach Control & Tower w/o Radar,0,8,7,2,17,0,3,27,0,30,0,11,34,2,47,36,16,52,99
08/15/2017,TWF,ID,ANM,WE,Combination Non-Radar Approach Control & Tower w/o Radar,0,13,11,2,26,0,4,77,2,83,0,17,88,4,109,8,0,8,117
08/16/2017,TWF,ID,ANM,WE,Combination Non-Radar Approach Control & Tower w/o Radar,0,18,3,0,21,0,3,65,1,69,0,21,68,1,90,0,0,0,90
08/17/2017,TWF,ID,ANM,WE,Combination Non-Radar Approach Control & Tower w/o Radar,0,8,2,3,13,0,3,45,6,54,0,11,47,9,67,0,0,0,67
08/18/2017,TWF,ID,ANM,WE,Combination Non-Radar Approach Control & Tower w/o Radar,0,15,3,0,18,0,2,33,1,36,0,17,36,1,54,6,0,6,60
08/19/2017,TWF,ID,ANM,WE,Combination Non-Radar Approach Control & Tower w/o Radar,0,10,1,0,11,0,3,46,2,51,0,13,47,2,62,28,0,28,90
08/20/2017,TWF,ID,ANM,WE,Combination Non-Radar Approach Control & Tower w/o Radar,0,15,3,0,18,0,0,58,0,58,0,15,61,0,76,18,0,18,94
08/21/2017,TWF,ID,ANM,WE,Combination Non-Radar Approach Control & Tower w/o Radar,0,11,4,5,20,0,2,69,0,71,0,13,73,5,91,8,0,8,99
08/22/2017,TWF,ID,ANM,WE,Combination Non-Radar Approach Control & Tower w/o Radar,0,18,6,0,24,0,1,76,0,77,0,19,82,0,101,4,0,4,105
08/23/2017,TWF,ID,ANM,WE,Combination Non-Radar Approach Control & Tower w/o Radar,0,15,3,0,18,0,2,82,0,84,0,17,85,0,102,12,0,12,114
08/24/2017,TWF,ID,ANM,WE,Combination Non-Radar Approach Control & Tower w/o Radar,0,9,3,0,12,0,5,138,0,143,0,14,141,0,155,8,0,8,163
08/25/2017,TWF,ID,ANM,WE,Combination Non-Radar Approach Control & Tower w/o Radar,0,12,2,1,15,0,2,71,3,76,0,14,73,4,91,28,0,28,119
08/26/2017,TWF,ID,ANM,WE,Combination Non-Radar Approach Control & Tower w/o Radar,0,12,11,8,31,0,2,49,2,53,0,14,60,10,84,0,0,0,84
08/27/2017,TWF,ID,ANM,WE,Combination Non-Radar Approach Control & Tower w/o Radar,0,8,1,0,9,0,0,41,0,41,0,8,42,0,50,0,0,0,50
08/28/2017,TWF,ID,ANM,WE,Combination Non-Radar Approach Control & Tower w/o Radar,0,8,6,4,18,0,2,34,0,36,0,10,40,4,54,28,16,44,98
08/29/2017,TWF,ID,ANM,WE,Combination Non-Radar Approach Control & Tower w/o Radar,0,13,7,1,21,0,0,106,0,106,0,13,113,1,127,16,4,20,147
08/30/2017,TWF,ID,ANM,WE,Combination Non-Radar Approach Control & Tower w/o Radar,0,14,5,1,20,0,1,60,3,64,0,15,65,4,84,26,10,36,120
08/31/2017,TWF,ID,ANM,WE,Combination Non-Radar Approach Control & Tower w/o Radar,0,16,7,2,25,0,2,34,3,39,0,18,41,5,64,16,6,22,86
09/01/2017,TWF,ID,ANM,WE,Combination Non-Radar Approach Control & Tower w/o Radar,2,20,6,0,28,0,0,59,0,59,2,20,65,0,87,20,0,20,107
09/02/2017,TWF,ID,ANM,WE,Combination Non-Radar Approach Control & Tower w/o Radar,0,6,5,0,11,0,1,41,0,42,0,7,46,0,53,12,0,12,65
09/03/2017,TWF,ID,ANM,WE,Combination Non-Radar Approach Control & Tower w/o Radar,0,2,8,0,10,0,0,25,0,25,0,2,33,0,35,12,0,12,47
09/04/2017,TWF,ID,ANM,WE,Combination Non-Radar Approach Control & Tower w/o Radar,2,10,2,0,14,0,3,49,0,52,2,13,51,0,66,0,0,0,66
09/05/2017,TWF,ID,ANM,WE,Combination Non-Radar Approach Control & Tower w/o Radar,0,15,11,0,26,0,0,25,0,25,0,15,36,0,51,0,0,0,51
09/06/2017,TWF,ID,ANM,WE,Combination Non-Radar Approach Control & Tower w/o Radar,0,21,6,4,31,0,1,12,2,15,0,22,18,6,46,20,0,20,66
09/07/2017,TWF,ID,ANM,WE,Combination Non-Radar Approach Control & Tower w/o Radar,0,21,8,4,33,0,3,40,0,43,0,24,48,4,76,26,0,26,102
09/08/2017,TWF,ID,ANM,WE,Combination Non-Radar Approach Control & Tower w/o Radar,0,16,7,1,24,0,1,24,1,26,0,17,31,2,50,16,0,16,66
09/09/2017,TWF,ID,ANM,WE,Combination Non-Radar Approach Control & Tower w/o Radar,0,7,3,0,10,0,2,12,2,16,0,9,15,2,26,0,0,0,26
09/10/2017,TWF,ID,ANM,WE,Combination Non-Radar Approach Control & Tower w/o Radar,0,5,7,0,12,0,0,13,0,13,0,5,20,0,25,0,0,0,25
09/11/2017,TWF,ID,ANM,WE,Combination Non-Radar Approach Control & Tower w/o Radar,0,10,9,5,24,0,2,45,4,51,0,12,54,9,75,28,6,34,109
09/12/2017,TWF,ID,ANM,WE,Combination Non-Radar Approach Control & Tower w/o Radar,1,15,16,2,34,0,0,34,0,34,1,15,50,2,68,32,0,32,100
09/13/2017,TWF,ID,ANM,WE,Combination Non-Radar Approach Control & Tower w/o Radar,0,14,6,2,22,0,1,26,2,29,0,15,32,4,51,0,0,0,51
09/14/2017,TWF,ID,ANM,WE,Combination Non-Radar Approach Control & Tower w/o Radar,0,15,1,2,18,0,0,16,1,17,0,15,17,3,35,26,14,40,75
09/15/2017,TWF,ID,ANM,WE,Combination Non-Radar Approach Control & Tower w/o Radar,0,22,2,3,27,0,1,9,1,11,0,23,11,4,38,0,0,0,38
09/16/2017,TWF,ID,ANM,WE,Combination Non-Radar Approach Control & Tower w/o Radar,0,6,1,0,7,0,1,39,0,40,0,7,40,0,47,28,0,28,75
09/17/2017,TWF,ID,ANM,WE,Combination Non-Radar Approach Control & Tower w/o Radar,0,5,4,0,9,0,0,25,0,25,0,5,29,0,34,16,0,16,50
09/18/2017,TWF,ID,ANM,WE,Combination Non-Radar Approach Control & Tower w/o Radar,0,8,5,3,16,0,2,22,4,28,0,10,27,7,44,40,22,62,106
09/19/2017,TWF,ID,ANM,WE,Combination Non-Radar Approach Control & Tower w/o Radar,0,16,8,0,24,0,2,22,2,26,0,18,30,2,50,0,0,0,50
09/20/2017,TWF,ID,ANM,WE,Combination Non-Radar Approach Control & Tower w/o Radar,0,16,7,3,26,0,0,15,1,16,0,16,22,4,42,10,0,10,52
09/21/2017,TWF,ID,ANM,WE,Combination Non-Radar Approach Control & Tower w/o Radar,0,16,17,2,35,0,0,9,0,9,0,16,26,2,44,0,0,0,44
09/22/2017,TWF,ID,ANM,WE,Combination Non-Radar Approach Control & Tower w/o Radar,0,16,6,0,22,0,2,23,2,27,0,18,29,2,49,32,0,32,81
09/23/2017,TWF,ID,ANM,WE,Combination Non-Radar Approach Control & Tower w/o Radar,0,7,9,0,16,0,2,18,2,22,0,9,27,2,38,4,0,4,42
09/24/2017,TWF,ID,ANM,WE,Combination Non-Radar Approach Control & Tower w/o Radar,0,7,5,2,14,0,0,16,0,16,0,7,21,2,30,4,0,4,34
09/25/2017,TWF,ID,ANM,WE,Combination Non-Radar Approach Control & Tower w/o Radar,0,8,1,0,9,0,2,22,0,24,0,10,23,0,33,12,0,12,45
09/26/2017,TWF,ID,ANM,WE,Combination Non-Radar Approach Control & Tower w/o Radar,0,15,7,0,22,0,1,41,2,44,0,16,48,2,66,30,0,30,96
09/27/2017,TWF,ID,ANM,WE,Combination Non-Radar Approach Control & Tower w/o Radar,0,13,2,0,15,0,2,31,1,34,0,15,33,1,49,22,0,22,71
09/28/2017,TWF,ID,ANM,WE,Combination Non-Radar Approach Control & Tower w/o Radar,0,14,19,3,36,0,1,46,3,50,0,15,65,6,86,32,0,32,118
09/29/2017,TWF,ID,ANM,WE,Combination Non-Radar Approach Control & Tower w/o Radar,0,17,10,0,27,0,3,43,3,49,0,20,53,3,76,18,0,18,94
09/30/2017,TWF,ID,ANM,WE,Combination Non-Radar Approach Control & Tower w/o Radar,0,12,3,0,15,0,0,14,0,14,0,12,17,0,29,0,0,0,29
10/01/2017,TWF,ID,ANM,WE,Combination Non-Radar Approach Control & Tower w/o Radar,0,5,3,0,8,0,0,6,0,6,0,5,9,0,14,0,0,0,14
10/02/2017,TWF,ID,ANM,WE,Combination Non-Radar Approach Control & Tower w/o Radar,0,14,4,0,18,0,1,12,0,13,0,15,16,0,31,0,0,0,31
10/03/2017,TWF,ID,ANM,WE,Combination Non-Radar Approach Control & Tower w/o Radar,0,20,4,3,27,0,4,33,0,37,0,24,37,3,64,4,0,4,68
10/04/2017,TWF,ID,ANM,WE,Combination Non-Radar Approach Control & Tower w/o Radar,0,24,9,4,37,0,1,1,2,4,0,25,10,6,41,0,8,8,49
10/05/2017,TWF,ID,ANM,WE,Combination Non-Radar Approach Control & Tower w/o Radar,0,18,7,0,25,0,6,25,0,31,0,24,32,0,56,42,0,42,98
10/06/2017,TWF,ID,ANM,WE,Combination Non-Radar Approach Control & Tower w/o Radar,0,13,7,0,20,0,1,41,0,42,0,14,48,0,62,2,0,2,64
10/07/2017,TWF,ID,ANM,WE,Combination Non-Radar Approach Control & Tower w/o Radar,0,9,10,2,21,0,3,27,0,30,0,12,37,2,51,11,0,11,62
10/08/2017,TWF,ID,ANM,WE,Combination Non-Radar Approach Control & Tower w/o Radar,0,6,7,0,13,0,0,10,0,10,0,6,17,0,23,0,0,0,23
10/09/2017,TWF,ID,ANM,WE,Combination Non-Radar Approach Control & Tower w/o Radar,0,7,7,0,14,0,3,28,0,31,0,10,35,0,45,66,0,66,111
10/10/2017,TWF,ID,ANM,WE,Combination Non-Radar Approach Control & Tower w/o Radar,0,13,9,0,22,0,3,25,0,28,0,16,34,0,50,20,0,20,70
10/11/2017,TWF,ID,ANM,WE,Combination Non-Radar Approach Control & Tower w/o Radar,0,15,12,0,27,0,2,5,0,7,0,17,17,0,34,0,0,0,34
10/12/2017,TWF,ID,ANM,WE,Combination Non-Radar Approach Control & Tower w/o Radar,0,13,8,0,21,0,1,23,0,24,0,14,31,0,45,8,0,8,53
10/13/2017,TWF,ID,ANM,WE,Combination Non-Radar Approach Control & Tower w/o Radar,1,14,9,0,24,0,6,6,0,12,1,20,15,0,36,0,0,0,36
10/14/2017,TWF,ID,ANM,WE,Combination Non-Radar Approach Control & Tower w/o Radar,0,6,2,2,10,0,3,14,0,17,0,9,16,2,27,28,0,28,55
10/15/2017,TWF,ID,ANM,WE,Combination Non-Radar Approach Control & Tower w/o Radar,0,5,6,0,11,0,0,24,0,24,0,5,30,0,35,6,0,6,41
10/16/2017,TWF,ID,ANM,WE,Combination Non-Radar Approach Control & Tower w/o Radar,0,7,4,0,11,0,3,32,0,35,0,10,36,0,46,29,0,29,75
10/17/2017,TWF,ID,ANM,WE,Combination Non-Radar Approach Control & Tower w/o Radar,0,12,9,2,23,0,3,32,0,35,0,15,41,2,58,10,0,10,68
10/18/2017,TWF,ID,ANM,WE,Combination Non-Radar Approach Control & Tower w/o Radar,0,9,4,0,13,0,1,11,2,14,0,10,15,2,27,12,4,16,43
10/19/2017,TWF,ID,ANM,WE,Combination Non-Radar Approach Control & Tower w/o Radar,0,13,1,0,14,0,2,36,0,38,0,15,37,0,52,30,0,30,82
10/20/2017,TWF,ID,ANM,WE,Combination Non-Radar Approach Control & Tower w/o Radar,0,14,2,0,16,0,1,6,0,7,0,15,8,0,23,0,0,0,23
10/21/2017,TWF,ID,ANM,WE,Combination Non-Radar Approach Control & Tower w/o Radar,0,9,3,0,12,0,2,16,0,18,0,11,19,0,30,20,0,20,50
10/22/2017,TWF,ID,ANM,WE,Combination Non-Radar Approach Control & Tower w/o Radar,0,4,0,0,4,0,0,12,0,12,0,4,12,0,16,6,0,6,22
10/23/2017,TWF,ID,ANM,WE,Combination Non-Radar Approach Control & Tower w/o Radar,0,9,7,1,17,0,0,32,1,33,0,9,39,2,50,22,0,22,72
10/24/2017,TWF,ID,ANM,WE,Combination Non-Radar Approach Control & Tower w/o Radar,0,12,9,2,23,0,3,39,0,42,0,15,48,2,65,8,0,8,73
10/25/2017,TWF,ID,ANM,WE,Combination Non-Radar Approach Control & Tower w/o Radar,0,14,6,2,22,0,2,38,0,40,0,16,44,2,62,10,16,26,88
10/26/2017,TWF,ID,ANM,WE,Combination Non-Radar Approach Control & Tower w/o Radar,0,11,10,2,23,0,4,34,0,38,0,15,44,2,61,0,0,0,61
10/27/2017,TWF,ID,ANM,WE,Combination Non-Radar Approach Control & Tower w/o Radar,0,10,5,2,17,0,4,35,0,39,0,14,40,2,56,18,0,18,74
10/28/2017,TWF,ID,ANM,WE,Combination Non-Radar Approach Control & Tower w/o Radar,0,6,1,0,7,0,4,44,0,48,0,10,45,0,55,14,0,14,69
10/29/2017,TWF,ID,ANM,WE,Combination Non-Radar Approach Control & Tower w/o Radar,0,5,4,0,9,0,0,27,0,27,0,5,31,0,36,2,0,2,38
10/30/2017,TWF,ID,ANM,WE,Combination Non-Radar Approach Control & Tower w/o Radar,0,10,2,3,15,0,1,14,4,19,0,11,16,7,34,0,0,0,34
10/31/2017,TWF,ID,ANM,WE,Combination Non-Radar Approach Control & Tower w/o Radar,0,9,6,0,15,0,2,29,0,31,0,11,35,0,46,12,0,12,58
11/01/2017,TWF,ID,ANM,WE,Combination Non-Radar Approach Control & Tower w/o Radar,0,12,13,1,26,0,2,14,0,16,0,14,27,1,42,0,0,0,42
11/02/2017,TWF,ID,ANM,WE,Combination Non-Radar Approach Control & Tower w/o Radar,0,11,14,1,26,0,1,22,0,23,0,12,36,1,49,20,0,20,69
11/03/2017,TWF,ID,ANM,WE,Combination Non-Radar Approach Control & Tower w/o Radar,0,14,17,0,31,0,1,7,0,8,0,15,24,0,39,0,0,0,39
11/04/2017,TWF,ID,ANM,WE,Combination Non-Radar Approach Control & Tower w/o Radar,0,11,0,0,11,0,0,0,0,0,0,11,0,0,11,0,0,0,11
11/05/2017,TWF,ID,ANM,WE,Combination Non-Radar Approach Control & Tower w/o Radar,0,7,1,0,8,0,0,13,0,13,0,7,14,0,21,0,0,0,21
11/06/2017,TWF,ID,ANM,WE,Combination Non-Radar Approach Control & Tower w/o Radar,1,13,6,0,20,0,0,0,0,0,1,13,6,0,20,0,0,0,20
11/07/2017,TWF,ID,ANM,WE,Combination Non-Radar Approach Control & Tower w/o Radar,0,13,9,0,22,0,0,31,2,33,0,13,40,2,55,0,0,0,55
11/08/2017,TWF,ID,ANM,WE,Combination Non-Radar Approach Control & Tower w/o Radar,0,13,6,0,19,0,0,21,0,21,0,13,27,0,40,8,0,8,48
11/09/2017,TWF,ID,ANM,WE,Combination Non-Radar Approach Control & Tower w/o Radar,0,14,10,0,24,0,1,12,0,13,0,15,22,0,37,24,0,24,61
11/10/2017,TWF,ID,ANM,WE,Combination Non-Radar Approach Control & Tower w/o Radar,0,15,10,0,25,0,5,11,0,16,0,20,21,0,41,32,0,32,73
11/11/2017,TWF,ID,ANM,WE,Combination Non-Radar Approach Control & Tower w/o Radar,1,8,9,0,18,0,3,21,0,24,1,11,30,0,42,28,0,28,70
11/12/2017,TWF,ID,ANM,WE,Combination Non-Radar Approach Control & Tower w/o Radar,0,5,8,0,13,0,0,12,0,12,0,5,20,0,25,0,0,0,25
11/13/2017,TWF,ID,ANM,WE,Combination Non-Radar Approach Control & Tower w/o Radar,0,12,5,0,17,0,0,8,0,8,0,12,13,0,25,12,0,12,37
11/14/2017,TWF,ID,ANM,WE,Combination Non-Radar Approach Control & Tower w/o Radar,0,13,4,0,17,0,1,20,7,28,0,14,24,7,45,0,20,20,65
11/15/2017,TWF,ID,ANM,WE,Combination Non-Radar Approach Control & Tower w/o Radar,0,20,5,0,25,0,0,9,0,9,0,20,14,0,34,6,0,6,40
11/16/2017,TWF,ID,ANM,WE,Combination Non-Radar Approach Control & Tower w/o Radar,2,17,7,1,27,0,1,1,1,3,2,18,8,2,30,0,0,0,30
11/17/2017,TWF,ID,ANM,WE,Combination Non-Radar Approach Control & Tower w/o Radar,3,7,13,0,23,0,1,6,0,7,3,8,19,0,30,0,0,0,30
11/18/2017,TWF,ID,ANM,WE,Combination Non-Radar Approach Control & Tower w/o Radar,0,9,4,0,13,0,3,32,0,35,0,12,36,0,48,10,0,10,58
11/19/2017,TWF,ID,ANM,WE,Combination Non-Radar Approach Control & Tower w/o Radar,0,4,3,0,7,0,0,22,0,22,0,4,25,0,29,12,0,12,41
11/20/2017,TWF,ID,ANM,WE,Combination Non-Radar Approach Control & Tower w/o Radar,2,20,5,1,28,0,0,3,1,4,2,20,8,2,32,0,0,0,32
11/21/2017,TWF,ID,ANM,WE,Combination Non-Radar Approach Control & Tower w/o Radar,1,22,1,2,26,0,1,18,0,19,1,23,19,2,45,0,0,0,45
11/22/2017,TWF,ID,ANM,WE,Combination Non-Radar Approach Control & Tower w/o Radar,0,15,12,2,29,0,2,43,2,47,0,17,55,4,76,14,0,14,90
11/23/2017,TWF,ID,ANM,WE,Combination Non-Radar Approach Control & Tower w/o Radar,0,2,0,0,2,0,0,14,0,14,0,2,14,0,16,3,0,3,19
11/24/2017,TWF,ID,ANM,WE,Combination Non-Radar Approach Control & Tower w/o Radar,0,9,5,0,14,0,1,9,0,10,0,10,14,0,24,0,0,0,24
11/25/2017,TWF,ID,ANM,WE,Combination Non-Radar Approach Control & Tower w/o Radar,0,12,6,0,18,0,2,33,0,35,0,14,39,0,53,38,0,38,91
11/26/2017,TWF,ID,ANM,WE,Combination Non-Radar Approach Control & Tower w/o Radar,0,8,1,0,9,0,0,8,0,8,0,8,9,0,17,6,0,6,23
11/27/2017,TWF,ID,ANM,WE,Combination Non-Radar Approach Control & Tower w/o Radar,0,10,8,6,24,0,1,2,1,4,0,11,10,7,28,8,12,20,48
11/28/2017,TWF,ID,ANM,WE,Combination Non-Radar Approach Control & Tower w/o Radar,0,15,10,5,30,0,3,27,2,32,0,18,37,7,62,14,0,14,76
11/29/2017,TWF,ID,ANM,WE,Combination Non-Radar Approach Control & Tower w/o Radar,0,17,4,0,21,0,2,24,3,29,0,19,28,3,50,52,0,52,102
11/30/2017,TWF,ID,ANM,WE,Combination Non-Radar Approach Control & Tower w/o Radar,0,16,3,21,40,0,4,17,0,21,0,20,20,21,61,8,22,30,91
12/01/2017,TWF,ID,ANM,WE,Combination Non-Radar Approach Control & Tower w/o Radar,0,14,8,0,22,0,1,19,0,20,0,15,27,0,42,30,0,30,72
12/02/2017,TWF,ID,ANM,WE,Combination Non-Radar Approach Control & Tower w/o Radar,0,8,7,0,15,0,2,24,1,27,0,10,31,1,42,2,0,2,44
12/03/2017,TWF,ID,ANM,WE,Combination Non-Radar Approach Control & Tower w/o Radar,1,7,5,0,13,0,0,0,0,0,1,7,5,0,13,0,0,0,13
12/04/2017,TWF,ID,ANM,WE,Combination Non-Radar Approach Control & Tower w/o Radar,0,14,2,0,16,0,2,8,0,10,0,16,10,0,26,0,0,0,26
12/05/2017,TWF,ID,ANM,WE,Combination Non-Radar Approach Control & Tower w/o Radar,0,19,2,0,21,0,2,25,0,27,0,21,27,0,48,10,0,10,58
12/06/2017,TWF,ID,ANM,WE,Combination Non-Radar Approach Control & Tower w/o Radar,0,16,4,0,20,0,1,14,0,15,0,17,18,0,35,8,0,8,43
12/07/2017,TWF,ID,ANM,WE,Combination Non-Radar Approach Control & Tower w/o Radar,0,12,5,1,18,0,4,19,1,24,0,16,24,2,42,30,14,44,86
12/08/2017,TWF,ID,ANM,WE,Combination Non-Radar Approach Control & Tower w/o Radar,3,31,20,0,54,0,0,3,0,3,3,31,23,0,57,4,0,4,61
12/09/2017,TWF,ID,ANM,WE,Combination Non-Radar Approach Control & Tower w/o Radar,1,8,10,0,19,0,0,2,0,2,1,8,12,0,21,0,0,0,21
12/10/2017,TWF,ID,ANM,WE,Combination Non-Radar Approach Control & Tower w/o Radar,0,6,7,0,13,0,0,3,0,3,0,6,10,0,16,0,0,0,16
12/11/2017,TWF,ID,ANM,WE,Combination Non-Radar Approach Control & Tower w/o Radar,0,9,9,0,18,0,0,0,0,0,0,9,9,0,18,0,0,0,18
12/12/2017,TWF,ID,ANM,WE,Combination Non-Radar Approach Control & Tower w/o Radar,0,1,2,0,3,0,0,0,0,0,0,1,2,0,3,0,0,0,3
12/13/2017,TWF,ID,ANM,WE,Combination Non-Radar Approach Control & Tower w/o Radar,0,12,3,0,15,0,0,0,0,0,0,12,3,0,15,0,0,0,15
12/14/2017,TWF,ID,ANM,WE,Combination Non-Radar Approach Control & Tower w/o Radar,0,10,4,0,14,0,0,0,0,0,0,10,4,0,14,0,0,0,14
12/15/2017,TWF,ID,ANM,WE,Combination Non-Radar Approach Control & Tower w/o Radar,0,15,6,0,21,0,0,3,0,3,0,15,9,0,24,0,0,0,24
12/16/2017,TWF,ID,ANM,WE,Combination Non-Radar Approach Control & Tower w/o Radar,1,22,13,0,36,0,1,2,0,3,1,23,15,0,39,0,0,0,39
12/17/2017,TWF,ID,ANM,WE,Combination Non-Radar Approach Control & Tower w/o Radar,3,21,23,0,47,0,0,21,2,23,3,21,44,2,70,10,0,10,80
12/18/2017,TWF,ID,ANM,WE,Combination Non-Radar Approach Control & Tower w/o Radar,1,22,9,0,32,0,2,32,0,34,1,24,41,0,66,0,0,0,66
12/19/2017,TWF,ID,ANM,WE,Combination Non-Radar Approach Control & Tower w/o Radar,0,19,5,4,28,0,7,33,4,44,0,26,38,8,72,9,0,9,81
12/20/2017,TWF,ID,ANM,WE,Combination Non-Radar Approach Control & Tower w/o Radar,0,23,6,0,29,0,0,6,4,10,0,23,12,4,39,15,0,15,54
12/21/2017,TWF,ID,ANM,WE,Combination Non-Radar Approach Control & Tower w/o Radar,0,13,6,2,21,0,2,24,0,26,0,15,30,2,47,4,0,4,51
12/22/2017,TWF,ID,ANM,WE,Combination Non-Radar Approach Control & Tower w/o Radar,0,19,7,2,28,0,2,23,0,25,0,21,30,2,53,2,0,2,55
12/23/2017,TWF,ID,ANM,WE,Combination Non-Radar Approach Control & Tower w/o Radar,0,12,1,0,13,0,1,0,0,1,0,13,1,0,14,0,0,0,14
12/24/2017,TWF,ID,ANM,WE,Combination Non-Radar Approach Control & Tower w/o Radar,0,6,2,0,8,0,0,3,0,3,0,6,5,0,11,0,0,0,11
12/25/2017,TWF,ID,ANM,WE,Combination Non-Radar Approach Control & Tower w/o Radar,0,7,0,0,7,0,0,0,0,0,0,7,0,0,7,0,0,0,7
12/26/2017,TWF,ID,ANM,WE,Combination Non-Radar Approach Control & Tower w/o Radar,2,10,2,0,14,0,0,10,0,10,2,10,12,0,24,20,0,20,44
12/27/2017,TWF,ID,ANM,WE,Combination Non-Radar Approach Control & Tower w/o Radar,0,23,8,0,31,0,0,10,0,10,0,23,18,0,41,9,0,9,50
12/28/2017,TWF,ID,ANM,WE,Combination Non-Radar Approach Control & Tower w/o Radar,0,13,3,0,16,0,0,15,0,15,0,13,18,0,31,68,0,68,99
12/29/2017,TWF,ID,ANM,WE,Combination Non-Radar Approach Control & Tower w/o Radar,0,12,7,0,19,0,0,23,0,23,0,12,30,0,42,46,0,46,88
12/30/2017,TWF,ID,ANM,WE,Combination Non-Radar Approach Control & Tower w/o Radar,0,15,2,0,17,0,2,8,0,10,0,17,10,0,27,23,0,23,50
12/31/2017,TWF,ID,ANM,WE,Combination Non-Radar Approach Control & Tower w/o Radar,0,6,4,0,10,0,0,18,0,18,0,6,22,0,28,22,0,22,50
01/01/2018,TWF,ID,ANM,WE,Combination Non-Radar Approach Control & Tower w/o Radar,0,6,9,0,15,0,0,16,0,16,0,6,25,0,31,0,0,0,31
01/02/2018,TWF,ID,ANM,WE,Combination Non-Radar Approach Control & Tower w/o Radar,0,10,7,2,19,0,1,19,2,22,0,11,26,4,41,6,6,12,53
01/03/2018,TWF,ID,ANM,WE,Combination Non-Radar Approach Control & Tower w/o Radar,0,8,17,1,26,0,1,28,2,31,0,9,45,3,57,32,4,36,93
01/04/2018,TWF,ID,ANM,WE,Combination Non-Radar Approach Control & Tower w/o Radar,0,16,7,2,25,0,1,29,2,32,0,17,36,4,57,14,0,14,71
01/05/2018,TWF,ID,ANM,WE,Combination Non-Radar Approach Control & Tower w/o Radar,0,12,11,0,23,0,2,21,0,23,0,14,32,0,46,48,0,48,94
01/06/2018,TWF,ID,ANM,WE,Combination Non-Radar Approach Control & Tower w/o Radar,8,24,18,0,50,0,0,0,0,0,8,24,18,0,50,0,0,0,50
01/07/2018,TWF,ID,ANM,WE,Combination Non-Radar Approach Control & Tower w/o Radar,5,9,3,0,17,0,0,20,0,20,5,9,23,0,37,2,0,2,39
01/08/2018,TWF,ID,ANM,WE,Combination Non-Radar Approach Control & Tower w/o Radar,2,10,3,0,15,0,0,9,0,9,2,10,12,0,24,38,0,38,62
01/09/2018,TWF,ID,ANM,WE,Combination Non-Radar Approach Control & Tower w/o Radar,5,18,0,1,24,0,0,4,0,4,5,18,4,1,28,1,0,1,29
01/10/2018,TWF,ID,ANM,WE,Combination Non-Radar Approach Control & Tower w/o Radar,1,14,1,2,18,0,1,12,3,16,1,15,13,5,34,0,14,14,48
01/11/2018,TWF,ID,ANM,WE,Combination Non-Radar Approach Control & Tower w/o Radar,5,19,19,0,43,0,0,10,0,10,5,19,29,0,53,12,0,12,65
01/12/2018,TWF,ID,ANM,WE,Combination Non-Radar Approach Control & Tower w/o Radar,0,23,14,2,39,0,0,15,0,15,0,23,29,2,54,20,0,20,74
01/13/2018,TWF,ID,ANM,WE,Combination Non-Radar Approach Control & Tower w/o Radar,0,7,7,0,14,0,3,22,0,25,0,10,29,0,39,14,0,14,53
01/14/2018,TWF,ID,ANM,WE,Combination Non-Radar Approach Control & Tower w/o Radar,0,8,2,0,10,0,0,28,0,28,0,8,30,0,38,0,0,0,38
01/15/2018,TWF,ID,ANM,WE,Combination Non-Radar Approach Control & Tower w/o Radar,0,9,3,0,12,0,1,26,0,27,0,10,29,0,39,8,0,8,47
01/16/2018,TWF,ID,ANM,WE,Combination Non-Radar Approach Control & Tower w/o Radar,0,17,6,0,23,0,5,22,1,28,0,22,28,1,51,13,0,13,64
01/17/2018,TWF,ID,ANM,WE,Combination Non-Radar Approach Control & Tower w/o Radar,2,14,9,1,26,0,1,24,3,28,2,15,33,4,54,24,0,24,78
01/18/2018,TWF,ID,ANM,WE,Combination Non-Radar Approach Control & Tower w/o Radar,0,17,8,2,27,0,3,27,0,30,0,20,35,2,57,11,0,11,68
01/19/2018,TWF,ID,ANM,WE,Combination Non-Radar Approach Control & Tower w/o Radar,6,20,15,0,41,0,2,2,0,4,6,22,17,0,45,2,0,2,47
01/20/2018,TWF,ID,ANM,WE,Combination Non-Radar Approach Control & Tower w/o Radar,0,7,9,0,16,0,3,17,0,20,0,10,26,0,36,38,0,38,74
01/21/2018,TWF,ID,ANM,WE,Combination Non-Radar Approach Control & Tower w/o Radar,0,5,8,0,13,0,0,16,2,18,0,5,24,2,31,0,0,0,31
01/22/2018,TWF,ID,ANM,WE,Combination Non-Radar Approach Control & Tower w/o Radar,6,14,3,0,23,0,1,6,0,7,6,15,9,0,30,0,0,0,30
01/23/2018,TWF,ID,ANM,WE,Combination Non-Radar Approach Control & Tower w/o Radar,0,17,9,0,26,0,1,30,1,32,0,18,39,1,58,12,12,24,82
01/24/2018,TWF,ID,ANM,WE,Combination Non-Radar Approach Control & Tower w/o Radar,0,14,10,3,27,0,2,11,2,15,0,16,21,5,42,16,16,32,74
01/25/2018,TWF,ID,ANM,WE,Combination Non-Radar Approach Control & Tower w/o Radar,4,23,9,6,42,0,2,8,1,11,4,25,17,7,53,4,6,10,63
01/26/2018,TWF,ID,ANM,WE,Combination Non-Radar Approach Control & Tower w/o Radar,1,15,3,0,19,0,1,7,1,9,1,16,10,1,28,0,0,0,28
01/27/2018,TWF,ID,ANM,WE,Combination Non-Radar Approach Control & Tower w/o Radar,6,11,8,0,25,0,0,2,0,2,6,11,10,0,27,0,0,0,27
01/28/2018,TWF,ID,ANM,WE,Combination Non-Radar Approach Control & Tower w/o Radar,0,7,11,0,18,0,0,27,0,27,0,7,38,0,45,24,0,24,69
01/29/2018,TWF,ID,ANM,WE,Combination Non-Radar Approach Control & Tower w/o Radar,0,12,7,3,22,0,0,29,1,30,0,12,36,4,52,18,14,32,84
01/30/2018,TWF,ID,ANM,WE,Combination Non-Radar Approach Control & Tower w/o Radar,0,17,15,3,35,0,0,15,2,17,0,17,30,5,52,30,0,30,82
01/31/2018,TWF,ID,ANM,WE,Combination Non-Radar Approach Control & Tower w/o Radar,0,17,5,2,24,0,1,21,2,24,0,18,26,4,48,28,10,38,86
02/01/2018,TWF,ID,ANM,WE,Combination Non-Radar Approach Control & Tower w/o Radar,0,13,4,2,19,0,1,23,0,24,0,14,27,2,43,10,0,10,53
02/02/2018,TWF,ID,ANM,WE,Combination Non-Radar Approach Control & Tower w/o Radar,0,12,4,0,16,0,1,8,0,9,0,13,12,0,25,0,0,0,25
02/03/2018,TWF,ID,ANM,WE,Combination Non-Radar Approach Control & Tower w/o Radar,0,14,3,0,17,0,2,3,0,5,0,16,6,0,22,4,0,4,26
02/04/2018,TWF,ID,ANM,WE,Combination Non-Radar Approach Control & Tower w/o Radar,0,5,2,0,7,0,0,13,0,13,0,5,15,0,20,18,0,18,38
02/05/2018,TWF,ID,ANM,WE,Combination Non-Radar Approach Control & Tower w/o Radar,0,10,4,0,14,0,0,9,0,9,0,10,13,0,23,14,0,14,37
02/06/2018,TWF,ID,ANM,WE,Combination Non-Radar Approach Control & Tower w/o Radar,0,14,1,0,15,0,0,22,0,22,0,14,23,0,37,28,0,28,65
02/07/2018,TWF,ID,ANM,WE,Combination Non-Radar Approach Control & Tower w/o Radar,0,13,12,0,25,0,2,27,0,29,0,15,39,0,54,14,0,14,68
02/08/2018,TWF,ID,ANM,WE,Combination Non-Radar Approach Control & Tower w/o Radar,0,14,6,0,20,0,2,17,0,19,0,16,23,0,39,24,0,24,63
02/09/2018,TWF,ID,ANM,WE,Combination Non-Radar Approach Control & Tower w/o Radar,0,13,7,0,20,0,3,26,2,31,0,16,33,2,51,12,0,12,63
02/10/2018,TWF,ID,ANM,WE,Combination Non-Radar Approach Control & Tower w/o Radar,0,10,2,2,14,0,2,8,0,10,0,12,10,2,24,0,6,6,30
02/11/2018,TWF,ID,ANM,WE,Combination Non-Radar Approach Control & Tower w/o Radar,0,9,4,0,13,0,1,12,0,13,0,10,16,0,26,16,0,16,42
02/12/2018,TWF,ID,ANM,WE,Combination Non-Radar Approach Control & Tower w/o Radar,1,12,9,2,24,0,0,3,0,3,1,12,12,2,27,0,0,0,27
02/13/2018,TWF,ID,ANM,WE,Combination Non-Radar Approach Control & Tower w/o Radar,0,19,8,0,27,0,1,56,0,57,0,20,64,0,84,40,0,40,124
02/14/2018,TWF,ID,ANM,WE,Combination Non-Radar Approach Control & Tower w/o Radar,0,17,11,6,34,0,0,11,1,12,0,17,22,7,46,34,0,34,80
02/15/2018,TWF,ID,ANM,WE,Combination Non-Radar Approach Control & Tower w/o Radar,0,14,10,1,25,0,0,18,0,18,0,14,28,1,43,8,0,8,51
02/16/2018,TWF,ID,ANM,WE,Combination Non-Radar Approach Control & Tower w/o Radar,4,18,12,0,34,0,0,34,0,34,4,18,46,0,68,32,0,32,100
02/17/2018,TWF,ID,ANM,WE,Combination Non-Radar Approach Control & Tower w/o Radar,2,12,4,0,18,0,1,29,0,30,2,13,33,0,48,16,0,16,64
02/18/2018,TWF,ID,ANM,WE,Combination Non-Radar Approach Control & Tower w/o Radar,1,6,3,0,10,0,0,0,0,0,1,6,3,0,10,0,0,0,10
02/19/2018,TWF,ID,ANM,WE,Combination Non-Radar Approach Control & Tower w/o Radar,0,9,10,0,19,0,0,9,0,9,0,9,19,0,28,4,0,4,32
02/20/2018,TWF,ID,ANM,WE,Combination Non-Radar Approach Control & Tower w/o Radar,0,20,11,0,31,0,2,17,0,19,0,22,28,0,50,26,0,26,76
02/21/2018,TWF,ID,ANM,WE,Combination Non-Radar Approach Control & Tower w/o Radar,0,16,11,0,27,0,0,23,0,23,0,16,34,0,50,20,0,20,70
02/22/2018,TWF,ID,ANM,WE,Combination Non-Radar Approach Control & Tower w/o Radar,2,27,28,0,57,0,0,15,0,15,2,27,43,0,72,16,0,16,88
02/23/2018,TWF,ID,ANM,WE,Combination Non-Radar Approach Control & Tower w/o Radar,2,14,10,0,26,0,0,7,0,7,2,14,17,0,33,0,0,0,33
02/24/2018,TWF,ID,ANM,WE,Combination Non-Radar Approach Control & Tower w/o Radar,8,19,10,0,37,0,1,0,0,1,8,20,10,0,38,0,0,0,38
02/25/2018,TWF,ID,ANM,WE,Combination Non-Radar Approach Control & Tower w/o Radar,3,14,6,0,23,0,1,5,0,6,3,15,11,0,29,0,0,0,29
02/26/2018,TWF,ID,ANM,WE,Combination Non-Radar Approach Control & Tower w/o Radar,5,30,30,0,65,0,0,3,0,3,5,30,33,0,68,0,0,0,68
02/27/2018,TWF,ID,ANM,WE,Combination Non-Radar Approach Control & Tower w/o Radar,2,22,21,1,46,0,0,13,0,13,2,22,34,1,59,26,3,29,88
02/28/2018,TWF,ID,ANM,WE,Combination Non-Radar Approach Control & Tower w/o Radar,0,12,7,8,27,0,1,31,0,32,0,13,38,8,59,0,0,0,59
03/01/2018,TWF,ID,ANM,WE,Combination Non-Radar Approach Control & Tower w/o Radar,5,20,18,1,44,0,0,8,0,8,5,20,26,1,52,12,0,12,64
03/02/2018,TWF,ID,ANM,WE,Combination Non-Radar Approach Control & Tower w/o Radar,8,23,13,0,44,0,0,6,0,6,8,23,19,0,50,14,0,14,64
03/03/2018,TWF,ID,ANM,WE,Combination Non-Radar Approach Control & Tower w/o Radar,11,16,2,0,29,0,0,15,0,15,11,16,17,0,44,14,0,14,58
03/04/2018,TWF,ID,ANM,WE,Combination Non-Radar Approach Control & Tower w/o Radar,2,9,4,0,15,0,1,5,0,6,2,10,9,0,21,0,0,0,21
03/05/2018,TWF,ID,ANM,WE,Combination Non-Radar Approach Control & Tower w/o Radar,0,10,3,0,13,0,0,13,0,13,0,10,16,0,26,0,0,0,26
03/06/2018,TWF,ID,ANM,WE,Combination Non-Radar Approach Control & Tower w/o Radar,0,17,5,2,24,0,3,31,0,34,0,20,36,2,58,24,0,24,82
03/07/2018,TWF,ID,ANM,WE,Combination Non-Radar Approach Control & Tower w/o Radar,0,18,2,0,20,0,1,34,0,35,0,19,36,0,55,6,0,6,61
03/08/2018,TWF,ID,ANM,WE,Combination Non-Radar Approach Control & Tower w/o Radar,0,13,5,0,18,0,0,29,0,29,0,13,34,0,47,10,0,10,57
03/09/2018,TWF,ID,ANM,WE,Combination Non-Radar Approach Control & Tower w/o Radar,0,12,5,0,17,0,0,24,0,24,0,12,29,0,41,6,0,6,47
03/10/2018,TWF,ID,ANM,WE,Combination Non-Radar Approach Control & Tower w/o Radar,0,13,3,0,16,0,0,56,1,57,0,13,59,1,73,36,0,36,109
03/11/2018,TWF,ID,ANM,WE,Combination Non-Radar Approach Control & Tower w/o Radar,4,9,5,0,18,0,0,29,0,29,4,9,34,0,47,26,0,26,73
03/12/2018,TWF,ID,ANM,WE,Combination Non-Radar Approach Control & Tower w/o Radar,0,12,4,0,16,0,0,27,0,27,0,12,31,0,43,16,0,16,59
03/13/2018,TWF,ID,ANM,WE,Combination Non-Radar Approach Control & Tower w/o Radar,0,14,7,0,21,0,1,18,2,21,0,15,25,2,42,36,0,36,78
03/14/2018,TWF,ID,ANM,WE,Combination Non-Radar Approach Control & Tower w/o Radar,0,19,10,0,29,0,0,7,0,7,0,19,17,0,36,10,0,10,46
03/15/2018,TWF,ID,ANM,WE,Combination Non-Radar Approach Control & Tower w/o Radar,6,17,3,0,26,0,0,10,0,10,6,17,13,0,36,42,0,42,78
03/16/2018,TWF,ID,ANM,WE,Combination Non-Radar Approach Control & Tower w/o Radar,1,23,12,0,36,0,2,9,0,11,1,25,21,0,47,4,0,4,51
03/17/2018,TWF,ID,ANM,WE,Combination Non-Radar Approach Control & Tower w/o Radar,6,35,16,0,57,0,0,4,2,6,6,35,20,2,63,22,0,22,85
03/18/2018,TWF,ID,ANM,WE,Combination Non-Radar Approach Control & Tower w/o Radar,0,11,5,0,16,0,0,16,0,16,0,11,21,0,32,6,0,6,38
03/19/2018,TWF,ID,ANM,WE,Combination Non-Radar Approach Control & Tower w/o Radar,0,11,1,4,16,0,0,27,1,28,0,11,28,5,44,50,0,50,94
03/20/2018,TWF,ID,ANM,WE,Combination Non-Radar Approach Control & Tower w/o Radar,6,17,7,0,30,0,0,30,0,30,6,17,37,0,60,30,0,30,90
03/21/2018,TWF,ID,ANM,WE,Combination Non-Radar Approach Control & Tower w/o Radar,0,17,10,0,27,0,0,22,0,22,0,17,32,0,49,32,0,32,81
03/22/2018,TWF,ID,ANM,WE,Combination Non-Radar Approach Control & Tower w/o Radar,3,28,8,2,41,0,0,6,0,6,3,28,14,2,47,6,0,6,53
03/23/2018,TWF,ID,ANM,WE,Combination Non-Radar Approach Control & Tower w/o Radar,0,13,10,0,23,0,2,31,2,35,0,15,41,2,58,36,0,36,94
03/24/2018,TWF,ID,ANM,WE,Combination Non-Radar Approach Control & Tower w/o Radar,0,15,3,0,18,0,1,23,0,24,0,16,26,0,42,36,0,36,78
03/25/2018,TWF,ID,ANM,WE,Combination Non-Radar Approach Control & Tower w/o Radar,1,16,7,0,24,0,0,3,0,3,1,16,10,0,27,0,0,0,27
03/26/2018,TWF,ID,ANM,WE,Combination Non-Radar Approach Control & Tower w/o Radar,0,15,5,0,20,0,0,11,0,11,0,15,16,0,31,0,0,0,31
03/27/2018,TWF,ID,ANM,WE,Combination Non-Radar Approach Control & Tower w/o Radar,0,14,0,0,14,0,0,12,2,14,0,14,12,2,28,0,0,0,28
03/28/2018,TWF,ID,ANM,WE,Combination Non-Radar Approach Control & Tower w/o Radar,0,14,4,1,19,0,0,9,2,11,0,14,13,3,30,0,0,0,30
03/29/2018,TWF,ID,ANM,WE,Combination Non-Radar Approach Control & Tower w/o Radar,0,13,2,0,15,0,0,16,0,16,0,13,18,0,31,4,0,4,35
03/30/2018,TWF,ID,ANM,WE,Combination Non-Radar Approach Control & Tower w/o Radar,0,12,7,0,19,0,0,8,0,8,0,12,15,0,27,24,0,24,51
03/31/2018,TWF,ID,ANM,WE,Combination Non-Radar Approach Control & Tower w/o Radar,2,13,10,0,25,0,3,23,1,27,2,16,33,1,52,31,0,31,83
04/01/2018,TWF,ID,ANM,WE,Combination Non-Radar Approach Control & Tower w/o Radar,0,11,8,0,19,0,0,18,0,18,0,11,26,0,37,26,0,26,63
04/02/2018,TWF,ID,ANM,WE,Combination Non-Radar Approach Control & Tower w/o Radar,3,18,2,1,24,0,0,1,3,4,3,18,3,4,28,0,6,6,34
04/03/2018,TWF,ID,ANM,WE,Combination Non-Radar Approach Control & Tower w/o Radar,0,20,3,2,25,0,0,25,0,25,0,20,28,2,50,30,6,36,86
04/04/2018,TWF,ID,ANM,WE,Combination Non-Radar Approach Control & Tower w/o Radar,0,15,7,4,26,0,0,11,0,11,0,15,18,4,37,41,0,41,78
04/05/2018,TWF,ID,ANM,WE,Combination Non-Radar Approach Control & Tower w/o Radar,0,15,7,0,22,0,1,31,0,32,0,16,38,0,54,72,0,72,126
04/06/2018,TWF,ID,ANM,WE,Combination Non-Radar Approach Control & Tower w/o Radar,0,18,3,0,21,0,0,17,0,17,0,18,20,0,38,22,0,22,60
04/07/2018,TWF,ID,ANM,WE,Combination Non-Radar Approach Control & Tower w/o Radar,2,23,2,0,27,0,0,6,0,6,2,23,8,0,33,36,0,36,69
04/08/2018,TWF,ID,ANM,WE,Combination Non-Radar Approach Control & Tower w/o Radar,1,7,5,0,13,0,0,4,0,4,1,7,9,0,17,0,0,0,17
04/09/2018,TWF,ID,ANM,WE,Combination Non-Radar Approach Control & Tower w/o Radar,0,10,9,0,19,0,0,49,0,49,0,10,58,0,68,0,0,0,68
04/10/2018,TWF,ID,ANM,WE,Combination Non-Radar Approach Control & Tower w/o Radar,0,19,7,0,26,0,0,24,0,24,0,19,31,0,50,36,0,36,86
04/11/2018,TWF,ID,ANM,WE,Combination Non-Radar Approach Control & Tower w/o Radar,0,4,9,0,13,0,1,30,0,31,0,5,39,0,44,42,0,42,86
04/12/2018,TWF,ID,ANM,WE,Combination Non-Radar Approach Control & Tower w/o Radar,2,17,5,0,24,0,0,3,0,3,2,17,8,0,27,0,0,0,27
04/13/2018,TWF,ID,ANM,WE,Combination Non-Radar Approach Control & Tower w/o Radar,0,14,3,0,17,0,0,16,0,16,0,14,19,0,33,20,0,20,53
04/14/2018,TWF,ID,ANM,WE,Combination Non-Radar Approach Control & Tower w/o Radar,0,14,4,0,18,0,1,41,0,42,0,15,45,0,60,48,0,48,108
04/15/2018,TWF,ID,ANM,WE,Combination Non-Radar Approach Control & Tower w/o Radar,0,9,5,0,14,0,0,30,0,30,0,9,35,0,44,24,0,24,68
04/16/2018,TWF,ID,ANM,WE,Combination Non-Radar Approach Control & Tower w/o Radar,2,11,6,0,19,0,0,7,0,7,2,11,13,0,26,0,0,0,26
04/17/2018,TWF,ID,ANM,WE,Combination Non-Radar Approach Control & Tower w/o Radar,0,14,2,0,16,0,2,7,0,9,0,16,9,0,25,72,0,72,97
04/18/2018,TWF,ID,ANM,WE,Combination Non-Radar Approach Control & Tower w/o Radar,0,13,3,0,16,0,0,36,0,36,0,13,39,0,52,120,0,120,172
04/19/2018,TWF,ID,ANM,WE,Combination Non-Radar Approach Control & Tower w/o Radar,0,13,5,0,18,0,3,25,0,28,0,16,30,0,46,34,0,34,80
04/20/2018,TWF,ID,ANM,WE,Combination Non-Radar Approach Control & Tower w/o Radar,0,13,4,0,17,0,1,42,0,43,0,14,46,0,60,55,0,55,115
04/21/2018,TWF,ID,ANM,WE,Combination Non-Radar Approach Control & Tower w/o Radar,0,10,7,0,17,0,0,47,0,47,0,10,54,0,64,16,0,16,80
04/22/2018,TWF,ID,ANM,WE,Combination Non-Radar Approach Control & Tower w/o Radar,0,7,4,0,11,0,0,39,0,39,0,7,43,0,50,12,0,12,62
04/23/2018,TWF,ID,ANM,WE,Combination Non-Radar Approach Control & Tower w/o Radar,0,15,8,0,23,0,0,14,0,14,0,15,22,0,37,30,0,30,67
04/24/2018,TWF,ID,ANM,WE,Combination Non-Radar Approach Control & Tower w/o Radar,0,15,9,1,25,0,0,19,0,19,0,15,28,1,44,6,0,6,50
04/25/2018,TWF,ID,ANM,WE,Combination Non-Radar Approach Control & Tower w/o Radar,0,20,12,8,40,0,0,32,1,33,0,20,44,9,73,24,0,24,97
04/26/2018,TWF,ID,ANM,WE,Combination Non-Radar Approach Control & Tower w/o Radar,0,13,10,2,25,0,0,49,0,49,0,13,59,2,74,24,28,52,126
04/27/2018,TWF,ID,ANM,WE,Combination Non-Radar Approach Control & Tower w/o Radar,0,12,10,0,22,0,1,30,0,31,0,13,40,0,53,76,0,76,129
04/28/2018,TWF,ID,ANM,WE,Combination Non-Radar Approach Control & Tower w/o Radar,0,11,7,0,18,0,3,24,0,27,0,14,31,0,45,14,0,14,59
04/29/2018,TWF,ID,ANM,WE,Combination Non-Radar Approach Control & Tower w/o Radar,0,8,4,0,12,0,0,13,0,13,0,8,17,0,25,0,0,0,25
04/30/2018,TWF,ID,ANM,WE,Combination Non-Radar Approach Control & Tower w/o Radar,0,12,4,0,16,0,1,11,0,12,0,13,15,0,28,40,0,40,68
05/01/2018,TWF,ID,ANM,WE,Combination Non-Radar Approach Control & Tower w/o Radar,0,8,2,0,10,0,1,6,0,7,0,9,8,0,17,8,0,8,25
05/02/2018,TWF,ID,ANM,WE,Combination Non-Radar Approach Control & Tower w/o Radar,0,22,13,0,35,0,1,48,0,49,0,23,61,0,84,16,0,16,100
05/03/2018,TWF,ID,ANM,WE,Combination Non-Radar Approach Control & Tower w/o Radar,0,14,11,0,25,0,1,41,4,46,0,15,52,4,71,72,0,72,143
05/04/2018,TWF,ID,ANM,WE,Combination Non-Radar Approach Control & Tower w/o Radar,0,14,15,0,29,0,1,39,0,40,0,15,54,0,69,56,0,56,125
05/05/2018,TWF,ID,ANM,WE,Combination Non-Radar Approach Control & Tower w/o Radar,0,12,7,0,19,0,1,38,0,39,0,13,45,0,58,14,0,14,72
05/06/2018,TWF,ID,ANM,WE,Combination Non-Radar Approach Control & Tower w/o Radar,0,9,4,0,13,0,0,18,0,18,0,9,22,0,31,16,0,16,47
05/07/2018,TWF,ID,ANM,WE,Combination Non-Radar Approach Control & Tower w/o Radar,0,11,13,0,24,0,1,26,0,27,0,12,39,0,51,29,0,29,80
05/08/2018,TWF,ID,ANM,WE,Combination Non-Radar Approach Control & Tower w/o Radar,0,15,7,0,22,0,1,60,0,61,0,16,67,0,83,72,0,72,155
05/09/2018,TWF,ID,ANM,WE,Combination Non-Radar Approach Control & Tower w/o Radar,0,15,13,0,28,0,3,27,0,30,0,18,40,0,58,54,0,54,112
05/10/2018,TWF,ID,ANM,WE,Combination Non-Radar Approach Control & Tower w/o Radar,0,14,8,0,22,0,1,33,0,34,0,15,41,0,56,30,0,30,86
05/11/2018,TWF,ID,ANM,WE,Combination Non-Radar Approach Control & Tower w/o Radar,0,20,8,1,29,0,0,13,0,13,0,20,21,1,42,56,0,56,98
05/12/2018,TWF,ID,ANM,WE,Combination Non-Radar Approach Control & Tower w/o Radar,0,17,5,1,23,0,0,0,0,0,0,17,5,1,23,0,0,0,23
05/13/2018,TWF,ID,ANM,WE,Combination Non-Radar Approach Control & Tower w/o Radar,1,9,2,0,12,0,0,7,0,7,1,9,9,0,19,24,0,24,43
05/14/2018,TWF,ID,ANM,WE,Combination Non-Radar Approach Control & Tower w/o Radar,0,12,7,2,21,0,0,31,2,33,0,12,38,4,54,42,0,42,96
05/15/2018,TWF,ID,ANM,WE,Combination Non-Radar Approach Control & Tower w/o Radar,0,18,7,0,25,0,1,40,4,45,0,19,47,4,70,64,0,64,134
05/16/2018,TWF,ID,ANM,WE,Combination Non-Radar Approach Control & Tower w/o Radar,0,16,8,0,24,0,0,25,0,25,0,16,33,0,49,72,10,82,131
05/17/2018,TWF,ID,ANM,WE,Combination Non-Radar Approach Control & Tower w/o Radar,0,8,1,0,9,0,2,28,1,31,0,10,29,1,40,46,0,46,86
05/18/2018,TWF,ID,ANM,WE,Combination Non-Radar Approach Control & Tower w/o Radar,0,12,5,0,17,0,1,19,2,22,0,13,24,2,39,24,0,24,63
05/19/2018,TWF,ID,ANM,WE,Combination Non-Radar Approach Control & Tower w/o Radar,0,10,1,0,11,0,1,34,0,35,0,11,35,0,46,42,0,42,88
05/20/2018,TWF,ID,ANM,WE,Combination Non-Radar Approach Control & Tower w/o Radar,0,11,11,0,22,0,1,32,0,33,0,12,43,0,55,48,0,48,103
05/21/2018,TWF,ID,ANM,WE,Combination Non-Radar Approach Control & Tower w/o Radar,0,12,3,0,15,0,0,27,0,27,0,12,30,0,42,22,0,22,64
05/22/2018,TWF,ID,ANM,WE,Combination Non-Radar Approach Control & Tower w/o Radar,0,13,3,0,16,0,0,47,0,47,0,13,50,0,63,26,0,26,89
05/23/2018,TWF,ID,ANM,WE,Combination Non-Radar Approach Control & Tower w/o Radar,0,11,7,0,18,0,2,37,0,39,0,13,44,0,57,18,0,18,75
05/24/2018,TWF,ID,ANM,WE,Combination Non-Radar Approach Control & Tower w/o Radar,0,9,7,0,16,0,2,28,0,30,0,11,35,0,46,16,0,16,62
05/25/2018,TWF,ID,ANM,WE,Combination Non-Radar Approach Control & Tower w/o Radar,0,14,0,0,14,0,0,50,0,50,0,14,50,0,64,79,0,79,143
05/26/2018,TWF,ID,ANM,WE,Combination Non-Radar Approach Control & Tower w/o Radar,0,16,3,0,19,0,2,19,0,21,0,18,22,0,40,16,0,16,56
05/27/2018,TWF,ID,ANM,WE,Combination Non-Radar Approach Control & Tower w/o Radar,0,5,3,0,8,0,0,5,0,5,0,5,8,0,13,14,0,14,27
05/28/2018,TWF,ID,ANM,WE,Combination Non-Radar Approach Control & Tower w/o Radar,0,7,5,0,12,0,0,42,0,42,0,7,47,0,54,26,0,26,80
05/29/2018,TWF,ID,ANM,WE,Combination Non-Radar Approach Control & Tower w/o Radar,0,9,6,0,15,0,1,47,0,48,0,10,53,0,63,3,0,3,66
05/30/2018,TWF,ID,ANM,WE,Combination Non-Radar Approach Control & Tower w/o Radar,0,13,3,0,16,0,0,44,0,44,0,13,47,0,60,22,0,22,82
05/31/2018,TWF,ID,ANM,WE,Combination Non-Radar Approach Control & Tower w/o Radar,0,11,1,1,13,0,0,12,1,13,0,11,13,2,26,0,0,0,26
06/01/2018,TWF,ID,ANM,WE,Combination Non-Radar Approach Control & Tower w/o Radar,0,11,3,2,16,0,3,39,0,42,0,14,42,2,58,8,0,8,66
06/02/2018,TWF,ID,ANM,WE,Combination Non-Radar Approach Control & Tower w/o Radar,0,10,10,0,20,0,1,74,0,75,0,11,84,0,95,6,0,6,101
06/03/2018,TWF,ID,ANM,WE,Combination Non-Radar Approach Control & Tower w/o Radar,0,6,9,0,15,0,2,48,0,50,0,8,57,0,65,2,0,2,67
06/04/2018,TWF,ID,ANM,WE,Combination Non-Radar Approach Control & Tower w/o Radar,0,11,3,0,14,0,0,36,0,36,0,11,39,0,50,44,0,44,94
06/05/2018,TWF,ID,ANM,WE,Combination Non-Radar Approach Control & Tower w/o Radar,0,16,5,0,21,0,0,43,0,43,0,16,48,0,64,54,0,54,118
06/06/2018,TWF,ID,ANM,WE,Combination Non-Radar Approach Control & Tower w/o Radar,0,21,10,0,31,0,0,38,0,38,0,21,48,0,69,54,0,54,123
06/07/2018,TWF,ID,ANM,WE,Combination Non-Radar Approach Control & Tower w/o Radar,0,13,2,2,17,0,1,20,1,22,0,14,22,3,39,36,0,36,75
06/08/2018,TWF,ID,ANM,WE,Combination Non-Radar Approach Control & Tower w/o Radar,0,13,3,0,16,0,1,42,2,45,0,14,45,2,61,32,16,48,109
06/09/2018,TWF,ID,ANM,WE,Combination Non-Radar Approach Control & Tower w/o Radar,0,14,6,0,20,0,4,28,2,34,0,18,34,2,54,24,0,24,78
06/10/2018,TWF,ID,ANM,WE,Combination Non-Radar Approach Control & Tower w/o Radar,0,4,4,0,8,0,0,26,1,27,0,4,30,1,35,8,0,8,43
06/11/2018,TWF,ID,ANM,WE,Combination Non-Radar Approach Control & Tower w/o Radar,0,12,4,0,16,0,2,27,0,29,0,14,31,0,45,21,0,21,66
06/12/2018,TWF,ID,ANM,WE,Combination Non-Radar Approach Control & Tower w/o Radar,0,13,6,0,19,0,2,72,0,74,0,15,78,0,93,37,0,37,130
06/13/2018,TWF,ID,ANM,WE,Combination Non-Radar Approach Control & Tower w/o Radar,0,15,6,2,23,0,0,56,2,58,0,15,62,4,81,0,0,0,81
06/14/2018,TWF,ID,ANM,WE,Combination Non-Radar Approach Control & Tower w/o Radar,0,17,3,0,20,0,1,49,0,50,0,18,52,0,70,4,0,4,74
06/15/2018,TWF,ID,ANM,WE,Combination Non-Radar Approach Control & Tower w/o Radar,0,13,5,0,18,0,0,73,0,73,0,13,78,0,91,64,0,64,155
06/16/2018,TWF,ID,ANM,WE,Combination Non-Radar Approach Control & Tower w/o Radar,0,9,8,0,17,0,1,27,0,28,0,10,35,0,45,38,0,38,83
06/17/2018,TWF,ID,ANM,WE,Combination Non-Radar Approach Control & Tower w/o Radar,0,9,9,0,18,0,0,12,0,12,0,9,21,0,30,2,0,2,32
06/18/2018,TWF,ID,ANM,WE,Combination Non-Radar Approach Control & Tower w/o Radar,0,14,3,0,17,0,0,21,0,21,0,14,24,0,38,10,0,10,48
06/19/2018,TWF,ID,ANM,WE,Combination Non-Radar Approach Control & Tower w/o Radar,0,9,5,0,14,0,0,21,0,21,0,9,26,0,35,18,0,18,53
06/20/2018,TWF,ID,ANM,WE,Combination Non-Radar Approach Control & Tower w/o Radar,0,0,0,0,0,0,0,0,0,0,0,0,0,0,0,0,0,0,0
06/21/2018,TWF,ID,ANM,WE,Combination Non-Radar Approach Control & Tower w/o Radar,0,15,5,1,21,0,0,53,2,55,0,15,58,3,76,0,0,0,76
06/22/2018,TWF,ID,ANM,WE,Combination Non-Radar Approach Control & Tower w/o Radar,0,19,2,0,21,0,0,33,1,34,0,19,35,1,55,6,0,6,61
06/23/2018,TWF,ID,ANM,WE,Combination Non-Radar Approach Control & Tower w/o Radar,0,14,5,0,19,0,1,13,0,14,0,15,18,0,33,0,0,0,33
06/24/2018,TWF,ID,ANM,WE,Combination Non-Radar Approach Control & Tower w/o Radar,0,6,9,0,15,0,0,35,0,35,0,6,44,0,50,2,0,2,52
06/25/2018,TWF,ID,ANM,WE,Combination Non-Radar Approach Control & Tower w/o Radar,0,18,6,0,24,0,0,46,0,46,0,18,52,0,70,12,0,12,82
06/26/2018,TWF,ID,ANM,WE,Combination Non-Radar Approach Control & Tower w/o Radar,0,14,8,1,23,0,1,51,2,54,0,15,59,3,77,16,0,16,93
06/27/2018,TWF,ID,ANM,WE,Combination Non-Radar Approach Control & Tower w/o Radar,0,14,7,0,21,0,0,54,0,54,0,14,61,0,75,0,0,0,75
06/28/2018,TWF,ID,ANM,WE,Combination Non-Radar Approach Control & Tower w/o Radar,0,24,4,5,33,0,0,76,0,76,0,24,80,5,109,6,8,14,123
06/29/2018,TWF,ID,ANM,WE,Combination Non-Radar Approach Control & Tower w/o Radar,0,13,6,1,20,0,1,58,0,59,0,14,64,1,79,0,0,0,79
06/30/2018,TWF,ID,ANM,WE,Combination Non-Radar Approach Control & Tower w/o Radar,0,12,3,0,15,0,2,48,5,55,0,14,51,5,70,32,0,32,102
07/01/2018,TWF,ID,ANM,WE,Combination Non-Radar Approach Control & Tower w/o Radar,0,5,0,0,5,0,0,72,0,72,0,5,72,0,77,4,0,4,81
07/02/2018,TWF,ID,ANM,WE,Combination Non-Radar Approach Control & Tower w/o Radar,0,10,5,0,15,0,1,93,0,94,0,11,98,0,109,62,0,62,171
07/03/2018,TWF,ID,ANM,WE,Combination Non-Radar Approach Control & Tower w/o Radar,0,14,6,0,20,0,2,35,0,37,0,16,41,0,57,8,0,8,65
07/04/2018,TWF,ID,ANM,WE,Combination Non-Radar Approach Control & Tower w/o Radar,0,5,5,0,10,0,1,35,0,36,0,6,40,0,46,12,0,12,58
07/05/2018,TWF,ID,ANM,WE,Combination Non-Radar Approach Control & Tower w/o Radar,2,12,5,0,19,0,2,29,0,31,2,14,34,0,50,16,0,16,66
07/06/2018,TWF,ID,ANM,WE,Combination Non-Radar Approach Control & Tower w/o Radar,0,10,4,0,14,0,3,51,0,54,0,13,55,0,68,54,0,54,122
07/07/2018,TWF,ID,ANM,WE,Combination Non-Radar Approach Control & Tower w/o Radar,0,8,2,0,10,0,5,35,3,43,0,13,37,3,53,0,0,0,53
07/08/2018,TWF,ID,ANM,WE,Combination Non-Radar Approach Control & Tower w/o Radar,0,7,4,0,11,0,1,29,0,30,0,8,33,0,41,12,0,12,53
07/09/2018,TWF,ID,ANM,WE,Combination Non-Radar Approach Control & Tower w/o Radar,0,13,11,0,24,0,1,45,0,46,0,14,56,0,70,14,0,14,84
07/10/2018,TWF,ID,ANM,WE,Combination Non-Radar Approach Control & Tower w/o Radar,0,37,32,1,70,0,0,28,1,29,0,37,60,2,99,44,0,44,143
07/11/2018,TWF,ID,ANM,WE,Combination Non-Radar Approach Control & Tower w/o Radar,0,18,7,1,26,0,2,47,3,52,0,20,54,4,78,26,7,33,111
07/12/2018,TWF,ID,ANM,WE,Combination Non-Radar Approach Control & Tower w/o Radar,0,16,15,0,31,0,3,39,1,43,0,19,54,1,74,16,0,16,90
07/13/2018,TWF,ID,ANM,WE,Combination Non-Radar Approach Control & Tower w/o Radar,0,19,13,0,32,0,3,65,0,68,0,22,78,0,100,16,0,16,116
07/14/2018,TWF,ID,ANM,WE,Combination Non-Radar Approach Control & Tower w/o Radar,0,17,11,0,28,0,0,29,2,31,0,17,40,2,59,22,0,22,81
07/15/2018,TWF,ID,ANM,WE,Combination Non-Radar Approach Control & Tower w/o Radar,0,8,9,0,17,0,0,23,0,23,0,8,32,0,40,14,0,14,54
07/16/2018,TWF,ID,ANM,WE,Combination Non-Radar Approach Control & Tower w/o Radar,0,12,9,0,21,0,1,137,2,140,0,13,146,2,161,30,2,32,193
07/17/2018,TWF,ID,ANM,WE,Combination Non-Radar Approach Control & Tower w/o Radar,0,15,14,1,30,0,2,176,1,179,0,17,190,2,209,0,0,0,209
07/18/2018,TWF,ID,ANM,WE,Combination Non-Radar Approach Control & Tower w/o Radar,0,13,10,0,23,0,0,176,0,176,0,13,186,0,199,3,0,3,202
07/19/2018,TWF,ID,ANM,WE,Combination Non-Radar Approach Control & Tower w/o Radar,0,15,5,1,21,0,1,127,0,128,0,16,132,1,149,16,0,16,165
07/20/2018,TWF,ID,ANM,WE,Combination Non-Radar Approach Control & Tower w/o Radar,0,17,6,0,23,0,1,73,0,74,0,18,79,0,97,16,0,16,113
07/21/2018,TWF,ID,ANM,WE,Combination Non-Radar Approach Control & Tower w/o Radar,0,9,8,0,17,0,1,101,0,102,0,10,109,0,119,10,0,10,129
07/22/2018,TWF,ID,ANM,WE,Combination Non-Radar Approach Control & Tower w/o Radar,0,7,6,0,13,0,0,93,0,93,0,7,99,0,106,0,0,0,106
07/23/2018,TWF,ID,ANM,WE,Combination Non-Radar Approach Control & Tower w/o Radar,0,8,8,1,17,0,2,63,1,66,0,10,71,2,83,24,0,24,107
07/24/2018,TWF,ID,ANM,WE,Combination Non-Radar Approach Control & Tower w/o Radar,0,17,7,2,26,0,2,91,2,95,0,19,98,4,121,6,0,6,127
07/25/2018,TWF,ID,ANM,WE,Combination Non-Radar Approach Control & Tower w/o Radar,0,15,2,2,19,0,0,81,4,85,0,15,83,6,104,30,0,30,134
07/26/2018,TWF,ID,ANM,WE,Combination Non-Radar Approach Control & Tower w/o Radar,0,17,9,4,30,0,0,198,0,198,0,17,207,4,228,0,10,10,238
07/27/2018,TWF,ID,ANM,WE,Combination Non-Radar Approach Control & Tower w/o Radar,0,17,6,1,24,0,1,219,2,222,0,18,225,3,246,18,4,22,268
07/28/2018,TWF,ID,ANM,WE,Combination Non-Radar Approach Control & Tower w/o Radar,0,8,7,0,15,0,1,218,1,220,0,9,225,1,235,10,0,10,245
07/29/2018,TWF,ID,ANM,WE,Combination Non-Radar Approach Control & Tower w/o Radar,0,8,8,0,16,0,0,156,1,157,0,8,164,1,173,0,0,0,173
07/30/2018,TWF,ID,ANM,WE,Combination Non-Radar Approach Control & Tower w/o Radar,0,13,4,2,19,0,1,153,2,156,0,14,157,4,175,18,0,18,193
07/31/2018,TWF,ID,ANM,WE,Combination Non-Radar Approach Control & Tower w/o Radar,0,14,7,4,25,0,2,58,0,60,0,16,65,4,85,10,0,10,95
08/01/2018,TWF,ID,ANM,WE,Combination Non-Radar Approach Control & Tower w/o Radar,0,17,19,3,39,0,0,101,5,106,0,17,120,8,145,0,10,10,155
08/02/2018,TWF,ID,ANM,WE,Combination Non-Radar Approach Control & Tower w/o Radar,0,13,8,0,21,0,1,192,1,194,0,14,200,1,215,12,12,24,239
08/03/2018,TWF,ID,ANM,WE,Combination Non-Radar Approach Control & Tower w/o Radar,0,13,12,2,27,0,3,48,0,51,0,16,60,2,78,10,0,10,88
08/04/2018,TWF,ID,ANM,WE,Combination Non-Radar Approach Control & Tower w/o Radar,0,10,7,4,21,0,1,95,2,98,0,11,102,6,119,0,0,0,119
08/05/2018,TWF,ID,ANM,WE,Combination Non-Radar Approach Control & Tower w/o Radar,0,5,4,0,9,0,0,29,0,29,0,5,33,0,38,0,0,0,38
08/06/2018,TWF,ID,ANM,WE,Combination Non-Radar Approach Control & Tower w/o Radar,0,10,11,2,23,0,1,49,4,54,0,11,60,6,77,20,0,20,97
08/07/2018,TWF,ID,ANM,WE,Combination Non-Radar Approach Control & Tower w/o Radar,0,12,3,1,16,0,2,80,1,83,0,14,83,2,99,6,0,6,105
08/08/2018,TWF,ID,ANM,WE,Combination Non-Radar Approach Control & Tower w/o Radar,0,13,8,3,24,0,0,45,0,45,0,13,53,3,69,32,0,32,101
08/09/2018,TWF,ID,ANM,WE,Combination Non-Radar Approach Control & Tower w/o Radar,0,15,4,0,19,0,2,32,0,34,0,17,36,0,53,15,0,15,68
08/10/2018,TWF,ID,ANM,WE,Combination Non-Radar Approach Control & Tower w/o Radar,0,16,2,1,19,0,0,32,0,32,0,16,34,1,51,20,0,20,71
08/11/2018,TWF,ID,ANM,WE,Combination Non-Radar Approach Control & Tower w/o Radar,0,7,11,1,19,0,0,34,0,34,0,7,45,1,53,14,0,14,67
08/12/2018,TWF,ID,ANM,WE,Combination Non-Radar Approach Control & Tower w/o Radar,0,8,7,1,16,0,0,23,0,23,0,8,30,1,39,8,0,8,47
08/13/2018,TWF,ID,ANM,WE,Combination Non-Radar Approach Control & Tower w/o Radar,0,14,7,0,21,0,1,40,3,44,0,15,47,3,65,6,0,6,71
08/14/2018,TWF,ID,ANM,WE,Combination Non-Radar Approach Control & Tower w/o Radar,0,17,8,0,25,0,2,52,0,54,0,19,60,0,79,6,2,8,87
08/15/2018,TWF,ID,ANM,WE,Combination Non-Radar Approach Control & Tower w/o Radar,0,14,3,3,20,0,1,33,1,35,0,15,36,4,55,6,10,16,71
08/16/2018,TWF,ID,ANM,WE,Combination Non-Radar Approach Control & Tower w/o Radar,0,10,5,0,15,0,0,46,0,46,0,10,51,0,61,12,0,12,73
08/17/2018,TWF,ID,ANM,WE,Combination Non-Radar Approach Control & Tower w/o Radar,0,17,9,1,27,0,0,93,0,93,0,17,102,1,120,20,0,20,140
08/18/2018,TWF,ID,ANM,WE,Combination Non-Radar Approach Control & Tower w/o Radar,0,6,3,0,9,0,1,73,0,74,0,7,76,0,83,0,0,0,83
08/19/2018,TWF,ID,ANM,WE,Combination Non-Radar Approach Control & Tower w/o Radar,0,5,8,0,13,0,0,38,0,38,0,5,46,0,51,0,0,0,51
08/20/2018,TWF,ID,ANM,WE,Combination Non-Radar Approach Control & Tower w/o Radar,0,18,0,0,18,0,1,55,0,56,0,19,55,0,74,48,10,58,132
08/21/2018,TWF,ID,ANM,WE,Combination Non-Radar Approach Control & Tower w/o Radar,2,14,7,2,25,0,0,46,0,46,2,14,53,2,71,69,0,69,140
08/22/2018,TWF,ID,ANM,WE,Combination Non-Radar Approach Control & Tower w/o Radar,2,15,4,1,22,0,0,43,0,43,2,15,47,1,65,24,8,32,97
08/23/2018,TWF,ID,ANM,WE,Combination Non-Radar Approach Control & Tower w/o Radar,0,14,3,0,17,0,0,39,0,39,0,14,42,0,56,66,0,66,122
08/24/2018,TWF,ID,ANM,WE,Combination Non-Radar Approach Control & Tower w/o Radar,0,18,11,2,31,0,0,71,0,71,0,18,82,2,102,30,0,30,132
08/25/2018,TWF,ID,ANM,WE,Combination Non-Radar Approach Control & Tower w/o Radar,0,10,10,0,20,0,2,66,0,68,0,12,76,0,88,38,0,38,126
08/26/2018,TWF,ID,ANM,WE,Combination Non-Radar Approach Control & Tower w/o Radar,0,10,2,0,12,0,0,42,0,42,0,10,44,0,54,0,0,0,54
08/27/2018,TWF,ID,ANM,WE,Combination Non-Radar Approach Control & Tower w/o Radar,0,14,14,0,28,0,1,30,2,33,0,15,44,2,61,14,0,14,75
08/28/2018,TWF,ID,ANM,WE,Combination Non-Radar Approach Control & Tower w/o Radar,0,19,6,0,25,0,3,60,0,63,0,22,66,0,88,16,0,16,104
08/29/2018,TWF,ID,ANM,WE,Combination Non-Radar Approach Control & Tower w/o Radar,0,14,9,2,25,0,1,47,1,49,0,15,56,3,74,40,22,62,136
08/30/2018,TWF,ID,ANM,WE,Combination Non-Radar Approach Control & Tower w/o Radar,0,16,3,2,21,0,0,49,0,49,0,16,52,2,70,28,6,34,104
08/31/2018,TWF,ID,ANM,WE,Combination Non-Radar Approach Control & Tower w/o Radar,0,19,11,0,30,0,2,65,0,67,0,21,76,0,97,5,0,5,102
09/01/2018,TWF,ID,ANM,WE,Combination Non-Radar Approach Control & Tower w/o Radar,0,10,2,0,12,0,0,42,0,42,0,10,44,0,54,24,0,24,78
09/02/2018,TWF,ID,ANM,WE,Combination Non-Radar Approach Control & Tower w/o Radar,0,5,4,0,9,0,0,46,0,46,0,5,50,0,55,2,0,2,57
09/03/2018,TWF,ID,ANM,WE,Combination Non-Radar Approach Control & Tower w/o Radar,0,8,10,0,18,0,0,52,0,52,0,8,62,0,70,2,2,4,74
09/04/2018,TWF,ID,ANM,WE,Combination Non-Radar Approach Control & Tower w/o Radar,0,9,2,0,11,0,3,69,0,72,0,12,71,0,83,31,0,31,114
09/05/2018,TWF,ID,ANM,WE,Combination Non-Radar Approach Control & Tower w/o Radar,0,15,6,0,21,0,1,44,0,45,0,16,50,0,66,48,0,48,114
09/06/2018,TWF,ID,ANM,WE,Combination Non-Radar Approach Control & Tower w/o Radar,0,15,11,0,26,0,1,40,0,41,0,16,51,0,67,28,0,28,95
09/07/2018,TWF,ID,ANM,WE,Combination Non-Radar Approach Control & Tower w/o Radar,0,17,2,4,23,0,1,49,0,50,0,18,51,4,73,12,0,12,85
09/08/2018,TWF,ID,ANM,WE,Combination Non-Radar Approach Control & Tower w/o Radar,0,14,2,1,17,0,0,26,0,26,0,14,28,1,43,0,0,0,43
09/09/2018,TWF,ID,ANM,WE,Combination Non-Radar Approach Control & Tower w/o Radar,0,3,5,0,8,0,0,18,0,18,0,3,23,0,26,0,0,0,26
09/10/2018,TWF,ID,ANM,WE,Combination Non-Radar Approach Control & Tower w/o Radar,0,11,6,0,17,0,0,40,0,40,0,11,46,0,57,26,0,26,83
09/11/2018,TWF,ID,ANM,WE,Combination Non-Radar Approach Control & Tower w/o Radar,0,13,5,0,18,0,0,34,0,34,0,13,39,0,52,16,0,16,68
09/12/2018,TWF,ID,ANM,WE,Combination Non-Radar Approach Control & Tower w/o Radar,0,15,9,0,24,0,0,47,1,48,0,15,56,1,72,44,0,44,116
09/13/2018,TWF,ID,ANM,WE,Combination Non-Radar Approach Control & Tower w/o Radar,0,17,9,0,26,0,2,43,2,47,0,19,52,2,73,38,0,38,111
09/14/2018,TWF,ID,ANM,WE,Combination Non-Radar Approach Control & Tower w/o Radar,0,13,5,0,18,0,0,47,0,47,0,13,52,0,65,46,0,46,111
09/15/2018,TWF,ID,ANM,WE,Combination Non-Radar Approach Control & Tower w/o Radar,0,11,2,0,13,0,1,54,0,55,0,12,56,0,68,30,0,30,98
09/16/2018,TWF,ID,ANM,WE,Combination Non-Radar Approach Control & Tower w/o Radar,0,5,4,0,9,0,0,39,0,39,0,5,43,0,48,2,0,2,50
09/17/2018,TWF,ID,ANM,WE,Combination Non-Radar Approach Control & Tower w/o Radar,0,7,5,0,12,0,1,40,0,41,0,8,45,0,53,11,0,11,64
09/18/2018,TWF,ID,ANM,WE,Combination Non-Radar Approach Control & Tower w/o Radar,0,14,5,0,19,0,1,47,0,48,0,15,52,0,67,63,0,63,130
09/19/2018,TWF,ID,ANM,WE,Combination Non-Radar Approach Control & Tower w/o Radar,0,13,5,0,18,0,1,32,0,33,0,14,37,0,51,60,0,60,111
09/20/2018,TWF,ID,ANM,WE,Combination Non-Radar Approach Control & Tower w/o Radar,0,13,4,0,17,0,1,22,0,23,0,14,26,0,40,30,0,30,70
09/21/2018,TWF,ID,ANM,WE,Combination Non-Radar Approach Control & Tower w/o Radar,0,15,6,0,21,0,0,38,0,38,0,15,44,0,59,50,0,50,109
09/22/2018,TWF,ID,ANM,WE,Combination Non-Radar Approach Control & Tower w/o Radar,0,9,4,0,13,0,1,81,0,82,0,10,85,0,95,26,0,26,121
09/23/2018,TWF,ID,ANM,WE,Combination Non-Radar Approach Control & Tower w/o Radar,0,5,3,0,8,0,0,108,0,108,0,5,111,0,116,4,0,4,120
09/24/2018,TWF,ID,ANM,WE,Combination Non-Radar Approach Control & Tower w/o Radar,0,14,5,0,19,0,1,35,0,36,0,15,40,0,55,70,0,70,125
09/25/2018,TWF,ID,ANM,WE,Combination Non-Radar Approach Control & Tower w/o Radar,0,13,6,0,19,0,1,49,0,50,0,14,55,0,69,51,0,51,120
09/26/2018,TWF,ID,ANM,WE,Combination Non-Radar Approach Control & Tower w/o Radar,0,8,5,0,13,0,0,33,0,33,0,8,38,0,46,54,0,54,100
09/27/2018,TWF,ID,ANM,WE,Combination Non-Radar Approach Control & Tower w/o Radar,0,14,6,0,20,0,1,36,6,43,0,15,42,6,63,56,0,56,119
09/28/2018,TWF,ID,ANM,WE,Combination Non-Radar Approach Control & Tower w/o Radar,0,15,6,0,21,0,1,43,0,44,0,16,49,0,65,30,0,30,95
09/29/2018,TWF,ID,ANM,WE,Combination Non-Radar Approach Control & Tower w/o Radar,0,13,2,0,15,0,0,37,0,37,0,13,39,0,52,24,0,24,76
09/30/2018,TWF,ID,ANM,WE,Combination Non-Radar Approach Control & Tower w/o Radar,0,7,13,0,20,0,0,39,0,39,0,7,52,0,59,0,0,0,59
10/01/2018,TWF,ID,ANM,WE,Combination Non-Radar Approach Control & Tower w/o Radar,0,8,3,0,11,0,1,31,4,36,0,9,34,4,47,52,4,56,103
10/02/2018,TWF,ID,ANM,WE,Combination Non-Radar Approach Control & Tower w/o Radar,0,16,4,0,20,0,1,21,0,22,0,17,25,0,42,92,0,92,134
10/03/2018,TWF,ID,ANM,WE,Combination Non-Radar Approach Control & Tower w/o Radar,0,16,16,0,32,0,1,28,0,29,0,17,44,0,61,18,0,18,79
10/04/2018,TWF,ID,ANM,WE,Combination Non-Radar Approach Control & Tower w/o Radar,1,15,6,2,24,0,0,24,0,24,1,15,30,2,48,10,0,10,58
10/05/2018,TWF,ID,ANM,WE,Combination Non-Radar Approach Control & Tower w/o Radar,0,17,11,0,28,0,0,60,0,60,0,17,71,0,88,56,0,56,144
10/06/2018,TWF,ID,ANM,WE,Combination Non-Radar Approach Control & Tower w/o Radar,0,11,2,0,13,0,0,11,0,11,0,11,13,0,24,4,0,4,28
10/07/2018,TWF,ID,ANM,WE,Combination Non-Radar Approach Control & Tower w/o Radar,0,6,2,2,10,0,0,13,0,13,0,6,15,2,23,10,0,10,33
10/08/2018,TWF,ID,ANM,WE,Combination Non-Radar Approach Control & Tower w/o Radar,0,14,5,0,19,0,1,34,0,35,0,15,39,0,54,27,0,27,81
10/09/2018,TWF,ID,ANM,WE,Combination Non-Radar Approach Control & Tower w/o Radar,0,28,3,0,31,0,0,4,0,4,0,28,7,0,35,0,0,0,35
10/10/2018,TWF,ID,ANM,WE,Combination Non-Radar Approach Control & Tower w/o Radar,0,13,13,0,26,0,0,9,0,9,0,13,22,0,35,40,0,40,75
10/11/2018,TWF,ID,ANM,WE,Combination Non-Radar Approach Control & Tower w/o Radar,0,12,0,0,12,0,1,23,0,24,0,13,23,0,36,46,0,46,82
10/12/2018,TWF,ID,ANM,WE,Combination Non-Radar Approach Control & Tower w/o Radar,0,15,5,1,21,0,1,27,0,28,0,16,32,1,49,32,0,32,81
10/13/2018,TWF,ID,ANM,WE,Combination Non-Radar Approach Control & Tower w/o Radar,0,11,1,6,18,0,1,3,0,4,0,12,4,6,22,0,0,0,22
10/14/2018,TWF,ID,ANM,WE,Combination Non-Radar Approach Control & Tower w/o Radar,0,6,7,2,15,0,0,23,0,23,0,6,30,2,38,6,0,6,44
10/15/2018,TWF,ID,ANM,WE,Combination Non-Radar Approach Control & Tower w/o Radar,0,9,0,2,11,0,1,15,2,18,0,10,15,4,29,52,0,52,81
10/16/2018,TWF,ID,ANM,WE,Combination Non-Radar Approach Control & Tower w/o Radar,0,13,2,0,15,0,1,27,0,28,0,14,29,0,43,50,0,50,93
10/17/2018,TWF,ID,ANM,WE,Combination Non-Radar Approach Control & Tower w/o Radar,0,16,1,3,20,0,0,28,3,31,0,16,29,6,51,48,10,58,109
10/18/2018,TWF,ID,ANM,WE,Combination Non-Radar Approach Control & Tower w/o Radar,0,8,3,0,11,0,1,4,0,5,0,9,7,0,16,0,0,0,16
10/19/2018,TWF,ID,ANM,WE,Combination Non-Radar Approach Control & Tower w/o Radar,0,16,10,2,28,0,1,56,0,57,0,17,66,2,85,116,0,116,201
10/20/2018,TWF,ID,ANM,WE,Combination Non-Radar Approach Control & Tower w/o Radar,0,12,4,0,16,0,2,34,0,36,0,14,38,0,52,3,0,3,55
10/21/2018,TWF,ID,ANM,WE,Combination Non-Radar Approach Control & Tower w/o Radar,0,6,3,1,10,0,0,19,2,21,0,6,22,3,31,0,0,0,31
10/22/2018,TWF,ID,ANM,WE,Combination Non-Radar Approach Control & Tower w/o Radar,0,12,1,4,17,0,0,18,1,19,0,12,19,5,36,56,12,68,104
10/23/2018,TWF,ID,ANM,WE,Combination Non-Radar Approach Control & Tower w/o Radar,0,19,4,0,23,0,1,36,0,37,0,20,40,0,60,50,0,50,110
10/24/2018,TWF,ID,ANM,WE,Combination Non-Radar Approach Control & Tower w/o Radar,0,16,5,0,21,0,3,40,0,43,0,19,45,0,64,76,0,76,140
10/25/2018,TWF,ID,ANM,WE,Combination Non-Radar Approach Control & Tower w/o Radar,0,18,6,4,28,0,3,34,1,38,0,21,40,5,66,44,0,44,110
10/26/2018,TWF,ID,ANM,WE,Combination Non-Radar Approach Control & Tower w/o Radar,0,17,5,0,22,0,6,41,2,49,0,23,46,2,71,40,0,40,111
10/27/2018,TWF,ID,ANM,WE,Combination Non-Radar Approach Control & Tower w/o Radar,0,10,8,0,18,0,1,28,0,29,0,11,36,0,47,32,0,32,79
10/28/2018,TWF,ID,ANM,WE,Combination Non-Radar Approach Control & Tower w/o Radar,0,7,1,0,8,0,1,19,0,20,0,8,20,0,28,14,0,14,42
10/29/2018,TWF,ID,ANM,WE,Combination Non-Radar Approach Control & Tower w/o Radar,0,9,5,0,14,0,0,11,2,13,0,9,16,2,27,48,0,48,75
10/30/2018,TWF,ID,ANM,WE,Combination Non-Radar Approach Control & Tower w/o Radar,0,16,3,0,19,0,1,35,2,38,0,17,38,2,57,56,0,56,113
10/31/2018,TWF,ID,ANM,WE,Combination Non-Radar Approach Control & Tower w/o Radar,0,15,7,2,24,0,0,22,2,24,0,15,29,4,48,68,0,68,116
11/01/2018,TWF,ID,ANM,WE,Combination Non-Radar Approach Control & Tower w/o Radar,0,13,2,0,15,0,0,16,0,16,0,13,18,0,31,18,0,18,49
11/02/2018,TWF,ID,ANM,WE,Combination Non-Radar Approach Control & Tower w/o Radar,0,16,1,0,17,0,0,8,2,10,0,16,9,2,27,10,0,10,37
11/03/2018,TWF,ID,ANM,WE,Combination Non-Radar Approach Control & Tower w/o Radar,0,9,3,6,18,0,1,23,0,24,0,10,26,6,42,10,0,10,52
11/04/2018,TWF,ID,ANM,WE,Combination Non-Radar Approach Control & Tower w/o Radar,0,10,2,6,18,0,0,9,0,9,0,10,11,6,27,0,0,0,27
11/05/2018,TWF,ID,ANM,WE,Combination Non-Radar Approach Control & Tower w/o Radar,0,9,9,0,18,0,0,11,2,13,0,9,20,2,31,0,10,10,41
11/06/2018,TWF,ID,ANM,WE,Combination Non-Radar Approach Control & Tower w/o Radar,0,15,11,0,26,0,0,27,0,27,0,15,38,0,53,20,0,20,73
11/07/2018,TWF,ID,ANM,WE,Combination Non-Radar Approach Control & Tower w/o Radar,0,13,9,2,24,0,0,27,0,27,0,13,36,2,51,56,0,56,107
11/08/2018,TWF,ID,ANM,WE,Combination Non-Radar Approach Control & Tower w/o Radar,0,15,4,0,19,0,0,30,0,30,0,15,34,0,49,2,0,2,51
11/09/2018,TWF,ID,ANM,WE,Combination Non-Radar Approach Control & Tower w/o Radar,0,13,0,0,13,0,0,23,0,23,0,13,23,0,36,48,0,48,84
11/10/2018,TWF,ID,ANM,WE,Combination Non-Radar Approach Control & Tower w/o Radar,1,9,3,0,13,0,2,34,7,43,1,11,37,7,56,54,0,54,110
11/11/2018,TWF,ID,ANM,WE,Combination Non-Radar Approach Control & Tower w/o Radar,0,9,2,0,11,0,0,26,9,35,0,9,28,9,46,54,0,54,100
11/12/2018,TWF,ID,ANM,WE,Combination Non-Radar Approach Control & Tower w/o Radar,0,15,9,0,24,0,0,44,0,44,0,15,53,0,68,82,0,82,150
11/13/2018,TWF,ID,ANM,WE,Combination Non-Radar Approach Control & Tower w/o Radar,1,18,8,2,29,0,4,27,4,35,1,22,35,6,64,66,0,66,130
11/14/2018,TWF,ID,ANM,WE,Combination Non-Radar Approach Control & Tower w/o Radar,0,13,3,0,16,0,0,27,0,27,0,13,30,0,43,73,0,73,116
11/15/2018,TWF,ID,ANM,WE,Combination Non-Radar Approach Control & Tower w/o Radar,0,12,5,5,22,0,0,35,0,35,0,12,40,5,57,22,0,22,79
11/16/2018,TWF,ID,ANM,WE,Combination Non-Radar Approach Control & Tower w/o Radar,0,14,10,0,24,0,1,50,2,53,0,15,60,2,77,38,0,38,115
11/17/2018,TWF,ID,ANM,WE,Combination Non-Radar Approach Control & Tower w/o Radar,0,12,4,2,18,0,0,32,1,33,0,12,36,3,51,30,0,30,81
11/18/2018,TWF,ID,ANM,WE,Combination Non-Radar Approach Control & Tower w/o Radar,0,7,8,0,15,0,5,34,0,39,0,12,42,0,54,72,0,72,126
11/19/2018,TWF,ID,ANM,WE,Combination Non-Radar Approach Control & Tower w/o Radar,0,10,6,1,17,0,0,16,2,18,0,10,22,3,35,66,0,66,101
11/20/2018,TWF,ID,ANM,WE,Combination Non-Radar Approach Control & Tower w/o Radar,0,16,6,0,22,0,1,34,0,35,0,17,40,0,57,60,0,60,117
11/21/2018,TWF,ID,ANM,WE,Combination Non-Radar Approach Control & Tower w/o Radar,0,16,4,2,22,0,2,28,0,30,0,18,32,2,52,69,10,79,131
11/22/2018,TWF,ID,ANM,WE,Combination Non-Radar Approach Control & Tower w/o Radar,3,7,1,0,11,0,0,0,0,0,3,7,1,0,11,0,0,0,11
11/23/2018,TWF,ID,ANM,WE,Combination Non-Radar Approach Control & Tower w/o Radar,5,13,0,0,18,0,0,5,0,5,5,13,5,0,23,18,0,18,41
11/24/2018,TWF,ID,ANM,WE,Combination Non-Radar Approach Control & Tower w/o Radar,1,13,8,0,22,0,1,3,0,4,1,14,11,0,26,0,0,0,26
11/25/2018,TWF,ID,ANM,WE,Combination Non-Radar Approach Control & Tower w/o Radar,0,13,3,0,16,0,0,34,0,34,0,13,37,0,50,122,0,122,172
11/26/2018,TWF,ID,ANM,WE,Combination Non-Radar Approach Control & Tower w/o Radar,0,15,4,0,19,0,0,23,3,26,0,15,27,3,45,91,0,91,136
11/27/2018,TWF,ID,ANM,WE,Combination Non-Radar Approach Control & Tower w/o Radar,0,15,10,0,25,0,2,11,0,13,0,17,21,0,38,21,0,21,59
11/28/2018,TWF,ID,ANM,WE,Combination Non-Radar Approach Control & Tower w/o Radar,3,12,14,3,32,0,2,17,1,20,3,14,31,4,52,32,0,32,84
11/29/2018,TWF,ID,ANM,WE,Combination Non-Radar Approach Control & Tower w/o Radar,0,19,15,0,34,0,2,15,0,17,0,21,30,0,51,28,0,28,79
11/30/2018,TWF,ID,ANM,WE,Combination Non-Radar Approach Control & Tower w/o Radar,5,22,6,2,35,0,0,0,0,0,5,22,6,2,35,0,0,0,35
12/01/2018,TWF,ID,ANM,WE,Combination Non-Radar Approach Control & Tower w/o Radar,2,11,10,0,23,0,0,0,0,0,2,11,10,0,23,0,0,0,23
12/02/2018,TWF,ID,ANM,WE,Combination Non-Radar Approach Control & Tower w/o Radar,2,6,4,0,12,0,0,3,0,3,2,6,7,0,15,14,0,14,29
12/03/2018,TWF,ID,ANM,WE,Combination Non-Radar Approach Control & Tower w/o Radar,1,9,6,0,16,0,0,16,0,16,1,9,22,0,32,61,0,61,93
12/04/2018,TWF,ID,ANM,WE,Combination Non-Radar Approach Control & Tower w/o Radar,0,12,6,0,18,0,0,13,0,13,0,12,19,0,31,52,0,52,83
12/05/2018,TWF,ID,ANM,WE,Combination Non-Radar Approach Control & Tower w/o Radar,0,13,3,0,16,0,0,24,0,24,0,13,27,0,40,28,0,28,68
12/06/2018,TWF,ID,ANM,WE,Combination Non-Radar Approach Control & Tower w/o Radar,0,15,9,0,24,0,0,25,0,25,0,15,34,0,49,20,0,20,69
12/07/2018,TWF,ID,ANM,WE,Combination Non-Radar Approach Control & Tower w/o Radar,0,15,6,1,22,0,0,28,0,28,0,15,34,1,50,28,0,28,78
12/08/2018,TWF,ID,ANM,WE,Combination Non-Radar Approach Control & Tower w/o Radar,0,10,8,0,18,0,0,8,0,8,0,10,16,0,26,4,0,4,30
12/09/2018,TWF,ID,ANM,WE,Combination Non-Radar Approach Control & Tower w/o Radar,1,4,6,0,11,0,0,18,0,18,1,4,24,0,29,4,0,4,33
12/10/2018,TWF,ID,ANM,WE,Combination Non-Radar Approach Control & Tower w/o Radar,0,11,6,0,17,0,1,17,0,18,0,12,23,0,35,58,2,60,95
12/11/2018,TWF,ID,ANM,WE,Combination Non-Radar Approach Control & Tower w/o Radar,1,14,2,0,17,0,0,30,0,30,1,14,32,0,47,29,0,29,76
12/12/2018,TWF,ID,ANM,WE,Combination Non-Radar Approach Control & Tower w/o Radar,0,17,3,0,20,0,0,3,0,3,0,17,6,0,23,0,0,0,23
12/13/2018,TWF,ID,ANM,WE,Combination Non-Radar Approach Control & Tower w/o Radar,0,12,10,0,22,0,1,30,0,31,0,13,40,0,53,16,0,16,69
12/14/2018,TWF,ID,ANM,WE,Combination Non-Radar Approach Control & Tower w/o Radar,0,13,12,1,26,0,0,23,0,23,0,13,35,1,49,44,0,44,93
12/15/2018,TWF,ID,ANM,WE,Combination Non-Radar Approach Control & Tower w/o Radar,0,10,6,1,17,0,0,17,1,18,0,10,23,2,35,26,0,26,61
12/16/2018,TWF,ID,ANM,WE,Combination Non-Radar Approach Control & Tower w/o Radar,0,8,6,0,14,0,2,15,0,17,0,10,21,0,31,4,0,4,35
12/17/2018,TWF,ID,ANM,WE,Combination Non-Radar Approach Control & Tower w/o Radar,1,19,16,1,37,0,0,5,0,5,1,19,21,1,42,30,0,30,72
12/18/2018,TWF,ID,ANM,WE,Combination Non-Radar Approach Control & Tower w/o Radar,2,28,17,1,48,0,0,18,3,21,2,28,35,4,69,38,0,38,107
12/19/2018,TWF,ID,ANM,WE,Combination Non-Radar Approach Control & Tower w/o Radar,0,18,9,0,27,0,0,19,0,19,0,18,28,0,46,60,0,60,106
12/20/2018,TWF,ID,ANM,WE,Combination Non-Radar Approach Control & Tower w/o Radar,0,15,9,1,25,0,0,34,0,34,0,15,43,1,59,56,0,56,115
12/21/2018,TWF,ID,ANM,WE,Combination Non-Radar Approach Control & Tower w/o Radar,3,18,7,0,28,0,0,24,0,24,3,18,31,0,52,14,0,14,66
12/22/2018,TWF,ID,ANM,WE,Combination Non-Radar Approach Control & Tower w/o Radar,0,13,1,0,14,0,3,25,0,28,0,16,26,0,42,32,0,32,74
12/23/2018,TWF,ID,ANM,WE,Combination Non-Radar Approach Control & Tower w/o Radar,0,7,4,0,11,0,0,2,0,2,0,7,6,0,13,14,0,14,27
12/24/2018,TWF,ID,ANM,WE,Combination Non-Radar Approach Control & Tower w/o Radar,6,18,3,0,27,0,0,6,0,6,6,18,9,0,33,6,0,6,39
12/25/2018,TWF,ID,ANM,WE,Combination Non-Radar Approach Control & Tower w/o Radar,0,4,0,0,4,0,0,0,0,0,0,4,0,0,4,0,0,0,4
12/26/2018,TWF,ID,ANM,WE,Combination Non-Radar Approach Control & Tower w/o Radar,0,17,11,0,28,0,0,20,0,20,0,17,31,0,48,26,0,26,74
12/27/2018,TWF,ID,ANM,WE,Combination Non-Radar Approach Control & Tower w/o Radar,0,0,0,0,0,0,0,0,0,0,0,0,0,0,0,0,0,0,0
12/28/2018,TWF,ID,ANM,WE,Combination Non-Radar Approach Control & Tower w/o Radar,0,12,2,0,14,0,0,15,0,15,0,12,17,0,29,49,0,49,78
12/29/2018,TWF,ID,ANM,WE,Combination Non-Radar Approach Control & Tower w/o Radar,14,29,9,0,52,0,0,7,0,7,14,29,16,0,59,26,0,26,85
12/30/2018,TWF,ID,ANM,WE,Combination Non-Radar Approach Control & Tower w/o Radar,14,17,5,0,36,0,1,1,0,2,14,18,6,0,38,0,0,0,38
12/31/2018,TWF,ID,ANM,WE,Combination Non-Radar Approach Control & Tower w/o Radar,0,15,5,0,20,0,0,10,0,10,0,15,15,0,30,28,0,28,58
01/01/2019,TWF,ID,ANM,WE,Combination Non-Radar Approach Control & Tower w/o Radar,2,17,8,0,27,0,0,20,0,20,2,17,28,0,47,40,0,40,87
01/02/2019,TWF,ID,ANM,WE,Combination Non-Radar Approach Control & Tower w/o Radar,0,13,5,0,18,0,1,24,0,25,0,14,29,0,43,80,0,80,123
01/03/2019,TWF,ID,ANM,WE,Combination Non-Radar Approach Control & Tower w/o Radar,0,16,5,0,21,0,2,22,0,24,0,18,27,0,45,22,0,22,67
01/04/2019,TWF,ID,ANM,WE,Combination Non-Radar Approach Control & Tower w/o Radar,0,16,12,0,28,0,1,27,0,28,0,17,39,0,56,72,0,72,128
01/05/2019,TWF,ID,ANM,WE,Combination Non-Radar Approach Control & Tower w/o Radar,0,11,7,0,18,0,1,22,0,23,0,12,29,0,41,0,0,0,41
01/06/2019,TWF,ID,ANM,WE,Combination Non-Radar Approach Control & Tower w/o Radar,10,7,5,0,22,0,0,10,0,10,10,7,15,0,32,10,0,10,42
01/07/2019,TWF,ID,ANM,WE,Combination Non-Radar Approach Control & Tower w/o Radar,1,18,4,3,26,0,1,10,5,16,1,19,14,8,42,51,0,51,93
01/08/2019,TWF,ID,ANM,WE,Combination Non-Radar Approach Control & Tower w/o Radar,0,16,5,2,23,0,0,19,0,19,0,16,24,2,42,10,0,10,52
01/09/2019,TWF,ID,ANM,WE,Combination Non-Radar Approach Control & Tower w/o Radar,2,13,9,0,24,0,0,16,0,16,2,13,25,0,40,32,0,32,72
01/10/2019,TWF,ID,ANM,WE,Combination Non-Radar Approach Control & Tower w/o Radar,9,21,11,0,41,0,0,22,0,22,9,21,33,0,63,99,0,99,162
01/11/2019,TWF,ID,ANM,WE,Combination Non-Radar Approach Control & Tower w/o Radar,0,11,5,1,17,0,1,26,1,28,0,12,31,2,45,30,0,30,75
01/12/2019,TWF,ID,ANM,WE,Combination Non-Radar Approach Control & Tower w/o Radar,0,17,12,0,29,0,0,15,0,15,0,17,27,0,44,0,0,0,44
01/13/2019,TWF,ID,ANM,WE,Combination Non-Radar Approach Control & Tower w/o Radar,0,7,12,2,21,0,0,0,0,0,0,7,12,2,21,0,0,0,21
01/14/2019,TWF,ID,ANM,WE,Combination Non-Radar Approach Control & Tower w/o Radar,0,10,10,0,20,0,0,28,0,28,0,10,38,0,48,74,0,74,122
01/15/2019,TWF,ID,ANM,WE,Combination Non-Radar Approach Control & Tower w/o Radar,7,17,12,3,39,0,0,5,0,5,7,17,17,3,44,0,6,6,50
01/16/2019,TWF,ID,ANM,WE,Combination Non-Radar Approach Control & Tower w/o Radar,1,24,4,4,33,0,0,8,0,8,1,24,12,4,41,16,0,16,57
01/17/2019,TWF,ID,ANM,WE,Combination Non-Radar Approach Control & Tower w/o Radar,11,29,11,2,53,0,0,12,0,12,11,29,23,2,65,4,0,4,69
01/18/2019,TWF,ID,ANM,WE,Combination Non-Radar Approach Control & Tower w/o Radar,1,14,6,0,21,0,0,23,0,23,1,14,29,0,44,10,0,10,54
01/19/2019,TWF,ID,ANM,WE,Combination Non-Radar Approach Control & Tower w/o Radar,13,15,8,0,36,0,0,12,0,12,13,15,20,0,48,22,0,22,70
01/20/2019,TWF,ID,ANM,WE,Combination Non-Radar Approach Control & Tower w/o Radar,11,8,3,0,22,0,0,6,0,6,11,8,9,0,28,0,0,0,28
01/21/2019,TWF,ID,ANM,WE,Combination Non-Radar Approach Control & Tower w/o Radar,3,33,8,0,44,0,0,2,0,2,3,33,10,0,46,0,0,0,46
01/22/2019,TWF,ID,ANM,WE,Combination Non-Radar Approach Control & Tower w/o Radar,0,7,0,0,7,0,0,7,0,7,0,7,7,0,14,2,0,2,16
01/23/2019,TWF,ID,ANM,WE,Combination Non-Radar Approach Control & Tower w/o Radar,3,15,10,0,28,0,0,21,0,21,3,15,31,0,49,17,0,17,66
01/24/2019,TWF,ID,ANM,WE,Combination Non-Radar Approach Control & Tower w/o Radar,0,16,5,2,23,0,0,24,0,24,0,16,29,2,47,4,0,4,51
01/25/2019,TWF,ID,ANM,WE,Combination Non-Radar Approach Control & Tower w/o Radar,0,15,6,0,21,0,0,24,0,24,0,15,30,0,45,76,0,76,121
01/26/2019,TWF,ID,ANM,WE,Combination Non-Radar Approach Control & Tower w/o Radar,0,9,3,4,16,0,1,34,0,35,0,10,37,4,51,38,0,38,89
01/27/2019,TWF,ID,ANM,WE,Combination Non-Radar Approach Control & Tower w/o Radar,0,7,1,0,8,0,0,18,0,18,0,7,19,0,26,10,0,10,36
01/28/2019,TWF,ID,ANM,WE,Combination Non-Radar Approach Control & Tower w/o Radar,0,13,3,0,16,0,0,19,0,19,0,13,22,0,35,72,0,72,107
01/29/2019,TWF,ID,ANM,WE,Combination Non-Radar Approach Control & Tower w/o Radar,0,15,10,6,31,0,0,26,2,28,0,15,36,8,59,21,16,37,96
01/30/2019,TWF,ID,ANM,WE,Combination Non-Radar Approach Control & Tower w/o Radar,0,9,6,0,15,0,0,29,2,31,0,9,35,2,46,50,0,50,96
01/31/2019,TWF,ID,ANM,WE,Combination Non-Radar Approach Control & Tower w/o Radar,0,11,5,0,16,0,0,32,0,32,0,11,37,0,48,154,6,160,208
02/01/2019,TWF,ID,ANM,WE,Combination Non-Radar Approach Control & Tower w/o Radar,0,14,3,1,18,0,0,28,1,29,0,14,31,2,47,66,8,74,121
02/02/2019,TWF,ID,ANM,WE,Combination Non-Radar Approach Control & Tower w/o Radar,8,13,10,0,31,0,1,2,0,3,8,14,12,0,34,6,0,6,40
02/03/2019,TWF,ID,ANM,WE,Combination Non-Radar Approach Control & Tower w/o Radar,12,13,4,0,29,0,0,2,0,2,12,13,6,0,31,2,0,2,33
02/04/2019,TWF,ID,ANM,WE,Combination Non-Radar Approach Control & Tower w/o Radar,11,21,19,1,52,0,0,4,0,4,11,21,23,1,56,40,0,40,96
02/05/2019,TWF,ID,ANM,WE,Combination Non-Radar Approach Control & Tower w/o Radar,9,18,7,0,34,0,0,14,0,14,9,18,21,0,48,28,0,28,76
02/06/2019,TWF,ID,ANM,WE,Combination Non-Radar Approach Control & Tower w/o Radar,1,13,3,2,19,0,0,10,0,10,1,13,13,2,29,34,0,34,63
02/07/2019,TWF,ID,ANM,WE,Combination Non-Radar Approach Control & Tower w/o Radar,1,22,6,0,29,0,4,23,0,27,1,26,29,0,56,46,0,46,102
02/08/2019,TWF,ID,ANM,WE,Combination Non-Radar Approach Control & Tower w/o Radar,0,13,13,1,27,0,0,14,0,14,0,13,27,1,41,94,0,94,135
02/09/2019,TWF,ID,ANM,WE,Combination Non-Radar Approach Control & Tower w/o Radar,14,15,3,0,32,0,0,15,0,15,14,15,18,0,47,44,0,44,91
02/10/2019,TWF,ID,ANM,WE,Combination Non-Radar Approach Control & Tower w/o Radar,11,13,7,0,31,0,0,1,0,1,11,13,8,0,32,0,0,0,32
02/11/2019,TWF,ID,ANM,WE,Combination Non-Radar Approach Control & Tower w/o Radar,9,20,7,0,36,0,0,1,0,1,9,20,8,0,37,0,0,0,37
02/12/2019,TWF,ID,ANM,WE,Combination Non-Radar Approach Control & Tower w/o Radar,0,18,11,0,29,0,0,12,0,12,0,18,23,0,41,47,0,47,88
02/13/2019,TWF,ID,ANM,WE,Combination Non-Radar Approach Control & Tower w/o Radar,10,18,9,2,39,0,0,0,0,0,10,18,9,2,39,0,0,0,39
02/14/2019,TWF,ID,ANM,WE,Combination Non-Radar Approach Control & Tower w/o Radar,7,37,22,0,66,0,0,3,0,3,7,37,25,0,69,2,0,2,71
02/15/2019,TWF,ID,ANM,WE,Combination Non-Radar Approach Control & Tower w/o Radar,9,37,24,0,70,0,0,7,0,7,9,37,31,0,77,0,0,0,77
02/16/2019,TWF,ID,ANM,WE,Combination Non-Radar Approach Control & Tower w/o Radar,2,14,13,0,29,0,1,9,0,10,2,15,22,0,39,6,0,6,45
02/17/2019,TWF,ID,ANM,WE,Combination Non-Radar Approach Control & Tower w/o Radar,7,9,1,0,17,0,0,1,0,1,7,9,2,0,18,0,0,0,18
02/18/2019,TWF,ID,ANM,WE,Combination Non-Radar Approach Control & Tower w/o Radar,8,26,25,0,59,0,0,8,0,8,8,26,33,0,67,10,0,10,77
02/19/2019,TWF,ID,ANM,WE,Combination Non-Radar Approach Control & Tower w/o Radar,0,16,10,0,26,0,1,9,2,12,0,17,19,2,38,24,0,24,62
02/20/2019,TWF,ID,ANM,WE,Combination Non-Radar Approach Control & Tower w/o Radar,9,10,5,0,24,0,0,6,0,6,9,10,11,0,30,36,0,36,66
02/21/2019,TWF,ID,ANM,WE,Combination Non-Radar Approach Control & Tower w/o Radar,0,14,6,0,20,0,0,15,0,15,0,14,21,0,35,30,0,30,65
02/22/2019,TWF,ID,ANM,WE,Combination Non-Radar Approach Control & Tower w/o Radar,0,11,4,12,27,0,0,27,3,30,0,11,31,15,57,78,0,78,135
02/23/2019,TWF,ID,ANM,WE,Combination Non-Radar Approach Control & Tower w/o Radar,15,17,4,0,36,0,0,12,0,12,15,17,16,0,48,10,0,10,58
02/24/2019,TWF,ID,ANM,WE,Combination Non-Radar Approach Control & Tower w/o Radar,11,31,27,2,71,0,0,2,0,2,11,31,29,2,73,5,0,5,78
02/25/2019,TWF,ID,ANM,WE,Combination Non-Radar Approach Control & Tower w/o Radar,9,21,9,2,41,0,0,5,1,6,9,21,14,3,47,0,0,0,47
02/26/2019,TWF,ID,ANM,WE,Combination Non-Radar Approach Control & Tower w/o Radar,11,28,14,0,53,0,0,4,0,4,11,28,18,0,57,0,0,0,57
02/27/2019,TWF,ID,ANM,WE,Combination Non-Radar Approach Control & Tower w/o Radar,8,26,17,0,51,0,0,6,0,6,8,26,23,0,57,6,0,6,63
02/28/2019,TWF,ID,ANM,WE,Combination Non-Radar Approach Control & Tower w/o Radar,9,25,5,2,41,0,0,10,0,10,9,25,15,2,51,16,12,28,79
03/01/2019,TWF,ID,ANM,WE,Combination Non-Radar Approach Control & Tower w/o Radar,0,14,12,2,28,0,0,43,3,46,0,14,55,5,74,60,0,60,134
03/02/2019,TWF,ID,ANM,WE,Combination Non-Radar Approach Control & Tower w/o Radar,0,7,1,0,8,0,0,39,2,41,0,7,40,2,49,106,0,106,155
03/03/2019,TWF,ID,ANM,WE,Combination Non-Radar Approach Control & Tower w/o Radar,0,6,7,0,13,0,0,26,0,26,0,6,33,0,39,18,0,18,57
03/04/2019,TWF,ID,ANM,WE,Combination Non-Radar Approach Control & Tower w/o Radar,0,12,1,0,13,0,0,34,0,34,0,12,35,0,47,78,0,78,125
03/05/2019,TWF,ID,ANM,WE,Combination Non-Radar Approach Control & Tower w/o Radar,0,14,0,3,17,0,0,14,4,18,0,14,14,7,35,58,4,62,97
03/06/2019,TWF,ID,ANM,WE,Combination Non-Radar Approach Control & Tower w/o Radar,10,14,8,1,33,0,0,6,3,9,10,14,14,4,42,42,0,42,84
03/07/2019,TWF,ID,ANM,WE,Combination Non-Radar Approach Control & Tower w/o Radar,3,12,7,3,25,0,0,3,3,6,3,12,10,6,31,4,0,4,35
03/08/2019,TWF,ID,ANM,WE,Combination Non-Radar Approach Control & Tower w/o Radar,0,14,4,1,19,0,0,8,1,9,0,14,12,2,28,26,0,26,54
03/09/2019,TWF,ID,ANM,WE,Combination Non-Radar Approach Control & Tower w/o Radar,0,12,2,8,22,0,1,14,12,27,0,13,16,20,49,57,6,63,112
03/10/2019,TWF,ID,ANM,WE,Combination Non-Radar Approach Control & Tower w/o Radar,0,5,7,0,12,0,0,24,0,24,0,5,31,0,36,14,0,14,50
03/11/2019,TWF,ID,ANM,WE,Combination Non-Radar Approach Control & Tower w/o Radar,2,7,8,3,20,0,1,64,2,67,2,8,72,5,87,50,0,50,137
03/12/2019,TWF,ID,ANM,WE,Combination Non-Radar Approach Control & Tower w/o Radar,0,13,2,2,17,0,0,34,1,35,0,13,36,3,52,78,18,96,148
03/13/2019,TWF,ID,ANM,WE,Combination Non-Radar Approach Control & Tower w/o Radar,0,8,1,0,9,0,0,3,0,3,0,8,4,0,12,0,0,0,12
03/14/2019,TWF,ID,ANM,WE,Combination Non-Radar Approach Control & Tower w/o Radar,0,12,6,2,20,0,2,62,4,68,0,14,68,6,88,78,0,78,166
03/15/2019,TWF,ID,ANM,WE,Combination Non-Radar Approach Control & Tower w/o Radar,0,10,3,0,13,0,2,51,0,53,0,12,54,0,66,138,0,138,204
03/16/2019,TWF,ID,ANM,WE,Combination Non-Radar Approach Control & Tower w/o Radar,0,8,6,1,15,0,2,46,0,48,0,10,52,1,63,54,0,54,117
03/17/2019,TWF,ID,ANM,WE,Combination Non-Radar Approach Control & Tower w/o Radar,0,5,0,0,5,0,0,36,0,36,0,5,36,0,41,22,0,22,63
03/18/2019,TWF,ID,ANM,WE,Combination Non-Radar Approach Control & Tower w/o Radar,0,9,2,0,11,0,1,37,0,38,0,10,39,0,49,84,0,84,133
03/19/2019,TWF,ID,ANM,WE,Combination Non-Radar Approach Control & Tower w/o Radar,0,12,16,2,30,0,0,41,0,41,0,12,57,2,71,106,39,145,216
03/20/2019,TWF,ID,ANM,WE,Combination Non-Radar Approach Control & Tower w/o Radar,0,13,21,2,36,0,2,36,0,38,0,15,57,2,74,24,16,40,114
03/21/2019,TWF,ID,ANM,WE,Combination Non-Radar Approach Control & Tower w/o Radar,0,14,14,0,28,0,1,25,0,26,0,15,39,0,54,127,0,127,181
03/22/2019,TWF,ID,ANM,WE,Combination Non-Radar Approach Control & Tower w/o Radar,0,15,4,0,19,0,0,19,0,19,0,15,23,0,38,185,0,185,223
03/23/2019,TWF,ID,ANM,WE,Combination Non-Radar Approach Control & Tower w/o Radar,0,0,0,0,0,0,0,0,0,0,0,0,0,0,0,0,0,0,0
03/24/2019,TWF,ID,ANM,WE,Combination Non-Radar Approach Control & Tower w/o Radar,8,8,18,0,34,0,0,4,0,4,8,8,22,0,38,0,0,0,38
03/25/2019,TWF,ID,ANM,WE,Combination Non-Radar Approach Control & Tower w/o Radar,3,9,9,0,21,0,1,27,4,32,3,10,36,4,53,96,0,96,149
03/26/2019,TWF,ID,ANM,WE,Combination Non-Radar Approach Control & Tower w/o Radar,0,13,1,3,17,0,2,28,0,30,0,15,29,3,47,91,0,91,138
03/27/2019,TWF,ID,ANM,WE,Combination Non-Radar Approach Control & Tower w/o Radar,0,13,1,0,14,0,1,14,0,15,0,14,15,0,29,44,0,44,73
03/28/2019,TWF,ID,ANM,WE,Combination Non-Radar Approach Control & Tower w/o Radar,1,17,7,0,25,0,0,21,0,21,1,17,28,0,46,72,0,72,118
03/29/2019,TWF,ID,ANM,WE,Combination Non-Radar Approach Control & Tower w/o Radar,0,15,8,0,23,0,0,11,0,11,0,15,19,0,34,26,0,26,60
03/30/2019,TWF,ID,ANM,WE,Combination Non-Radar Approach Control & Tower w/o Radar,0,8,3,0,11,0,2,30,0,32,0,10,33,0,43,34,0,34,77
03/31/2019,TWF,ID,ANM,WE,Combination Non-Radar Approach Control & Tower w/o Radar,0,7,1,0,8,0,0,28,0,28,0,7,29,0,36,0,0,0,36
04/01/2019,TWF,ID,ANM,WE,Combination Non-Radar Approach Control & Tower w/o Radar,0,10,1,5,16,0,0,30,0,30,0,10,31,5,46,36,16,52,98
04/02/2019,TWF,ID,ANM,WE,Combination Non-Radar Approach Control & Tower w/o Radar,0,21,2,2,25,0,1,9,0,10,0,22,11,2,35,28,0,28,63
04/03/2019,TWF,ID,ANM,WE,Combination Non-Radar Approach Control & Tower w/o Radar,0,22,7,0,29,0,0,18,0,18,0,22,25,0,47,22,0,22,69
04/04/2019,TWF,ID,ANM,WE,Combination Non-Radar Approach Control & Tower w/o Radar,0,11,9,0,20,0,0,50,2,52,0,11,59,2,72,136,0,136,208
04/05/2019,TWF,ID,ANM,WE,Combination Non-Radar Approach Control & Tower w/o Radar,0,13,4,0,17,0,0,34,0,34,0,13,38,0,51,120,0,120,171
04/06/2019,TWF,ID,ANM,WE,Combination Non-Radar Approach Control & Tower w/o Radar,0,11,0,2,13,0,0,12,0,12,0,11,12,2,25,50,6,56,81
04/07/2019,TWF,ID,ANM,WE,Combination Non-Radar Approach Control & Tower w/o Radar,1,8,0,0,9,0,1,7,0,8,1,9,7,0,17,0,0,0,17
04/08/2019,TWF,ID,ANM,WE,Combination Non-Radar Approach Control & Tower w/o Radar,0,4,3,0,7,0,0,9,0,9,0,4,12,0,16,34,0,34,50
04/09/2019,TWF,ID,ANM,WE,Combination Non-Radar Approach Control & Tower w/o Radar,0,17,1,0,18,0,1,8,0,9,0,18,9,0,27,0,0,0,27
04/10/2019,TWF,ID,ANM,WE,Combination Non-Radar Approach Control & Tower w/o Radar,1,15,0,3,19,0,0,2,0,2,1,15,2,3,21,0,0,0,21
04/11/2019,TWF,ID,ANM,WE,Combination Non-Radar Approach Control & Tower w/o Radar,0,16,13,0,29,0,1,20,0,21,0,17,33,0,50,16,0,16,66
04/12/2019,TWF,ID,ANM,WE,Combination Non-Radar Approach Control & Tower w/o Radar,0,14,6,0,20,0,2,35,0,37,0,16,41,0,57,76,0,76,133
04/13/2019,TWF,ID,ANM,WE,Combination Non-Radar Approach Control & Tower w/o Radar,0,9,8,0,17,0,2,47,0,49,0,11,55,0,66,94,0,94,160
04/14/2019,TWF,ID,ANM,WE,Combination Non-Radar Approach Control & Tower w/o Radar,2,6,3,0,11,0,0,7,0,7,2,6,10,0,18,2,0,2,20
04/15/2019,TWF,ID,ANM,WE,Combination Non-Radar Approach Control & Tower w/o Radar,1,12,7,0,20,0,1,19,0,20,1,13,26,0,40,90,0,90,130
04/16/2019,TWF,ID,ANM,WE,Combination Non-Radar Approach Control & Tower w/o Radar,0,15,10,0,25,0,0,31,0,31,0,15,41,0,56,118,0,118,174
04/17/2019,TWF,ID,ANM,WE,Combination Non-Radar Approach Control & Tower w/o Radar,0,17,2,1,20,0,0,36,1,37,0,17,38,2,57,68,0,68,125
04/18/2019,TWF,ID,ANM,WE,Combination Non-Radar Approach Control & Tower w/o Radar,0,12,5,1,18,0,0,88,1,89,0,12,93,2,107,156,0,156,263
04/19/2019,TWF,ID,ANM,WE,Combination Non-Radar Approach Control & Tower w/o Radar,0,14,4,0,18,0,1,62,0,63,0,15,66,0,81,28,0,28,109
04/20/2019,TWF,ID,ANM,WE,Combination Non-Radar Approach Control & Tower w/o Radar,0,11,4,0,15,0,1,5,0,6,0,12,9,0,21,0,0,0,21
04/21/2019,TWF,ID,ANM,WE,Combination Non-Radar Approach Control & Tower w/o Radar,2,7,2,0,11,0,0,6,0,6,2,7,8,0,17,0,0,0,17
04/22/2019,TWF,ID,ANM,WE,Combination Non-Radar Approach Control & Tower w/o Radar,0,4,2,0,6,0,0,8,0,8,0,4,10,0,14,34,0,34,48
04/23/2019,TWF,ID,ANM,WE,Combination Non-Radar Approach Control & Tower w/o Radar,0,13,4,8,25,0,4,46,2,52,0,17,50,10,77,106,24,130,207
04/24/2019,TWF,ID,ANM,WE,Combination Non-Radar Approach Control & Tower w/o Radar,0,16,4,3,23,0,1,23,1,25,0,17,27,4,48,64,18,82,130
04/25/2019,TWF,ID,ANM,WE,Combination Non-Radar Approach Control & Tower w/o Radar,0,10,9,0,19,0,1,53,0,54,0,11,62,0,73,137,0,137,210
04/26/2019,TWF,ID,ANM,WE,Combination Non-Radar Approach Control & Tower w/o Radar,0,12,5,0,17,0,0,14,0,14,0,12,19,0,31,76,0,76,107
04/27/2019,TWF,ID,ANM,WE,Combination Non-Radar Approach Control & Tower w/o Radar,0,7,0,0,7,0,1,34,0,35,0,8,34,0,42,20,0,20,62
04/28/2019,TWF,ID,ANM,WE,Combination Non-Radar Approach Control & Tower w/o Radar,0,4,4,0,8,0,0,13,0,13,0,4,17,0,21,6,0,6,27
04/29/2019,TWF,ID,ANM,WE,Combination Non-Radar Approach Control & Tower w/o Radar,0,14,5,0,19,0,1,22,0,23,0,15,27,0,42,43,0,43,85
04/30/2019,TWF,ID,ANM,WE,Combination Non-Radar Approach Control & Tower w/o Radar,0,8,7,0,15,0,0,11,0,11,0,8,18,0,26,9,0,9,35
05/01/2019,TWF,ID,ANM,WE,Combination Non-Radar Approach Control & Tower w/o Radar,0,11,1,4,16,0,0,41,1,42,0,11,42,5,58,78,8,86,144
05/02/2019,TWF,ID,ANM,WE,Combination Non-Radar Approach Control & Tower w/o Radar,0,14,8,0,22,0,1,33,1,35,0,15,41,1,57,36,0,36,93
05/03/2019,TWF,ID,ANM,WE,Combination Non-Radar Approach Control & Tower w/o Radar,0,12,1,0,13,0,5,65,1,71,0,17,66,1,84,114,0,114,198
05/04/2019,TWF,ID,ANM,WE,Combination Non-Radar Approach Control & Tower w/o Radar,0,13,4,0,17,0,1,45,0,46,0,14,49,0,63,38,0,38,101
05/05/2019,TWF,ID,ANM,WE,Combination Non-Radar Approach Control & Tower w/o Radar,0,5,6,0,11,0,0,25,0,25,0,5,31,0,36,2,0,2,38
05/06/2019,TWF,ID,ANM,WE,Combination Non-Radar Approach Control & Tower w/o Radar,6,9,8,0,23,0,1,26,0,27,6,10,34,0,50,48,0,48,98
05/07/2019,TWF,ID,ANM,WE,Combination Non-Radar Approach Control & Tower w/o Radar,0,13,6,2,21,0,1,47,3,51,0,14,53,5,72,14,14,28,100
05/08/2019,TWF,ID,ANM,WE,Combination Non-Radar Approach Control & Tower w/o Radar,0,10,6,0,16,0,1,27,0,28,0,11,33,0,44,88,0,88,132
05/09/2019,TWF,ID,ANM,WE,Combination Non-Radar Approach Control & Tower w/o Radar,0,14,2,0,16,0,1,29,0,30,0,15,31,0,46,76,0,76,122
05/10/2019,TWF,ID,ANM,WE,Combination Non-Radar Approach Control & Tower w/o Radar,0,15,5,2,22,0,1,58,0,59,0,16,63,2,81,72,0,72,153
05/11/2019,TWF,ID,ANM,WE,Combination Non-Radar Approach Control & Tower w/o Radar,0,13,9,0,22,0,3,41,6,50,0,16,50,6,72,30,0,30,102
05/12/2019,TWF,ID,ANM,WE,Combination Non-Radar Approach Control & Tower w/o Radar,0,5,5,0,10,0,0,27,0,27,0,5,32,0,37,4,0,4,41
05/13/2019,TWF,ID,ANM,WE,Combination Non-Radar Approach Control & Tower w/o Radar,0,13,3,2,18,0,0,19,2,21,0,13,22,4,39,26,26,52,91
05/14/2019,TWF,ID,ANM,WE,Combination Non-Radar Approach Control & Tower w/o Radar,0,19,0,1,20,0,2,32,3,37,0,21,32,4,57,0,4,4,61
05/15/2019,TWF,ID,ANM,WE,Combination Non-Radar Approach Control & Tower w/o Radar,0,13,4,3,20,0,0,42,0,42,0,13,46,3,62,112,0,112,174
05/16/2019,TWF,ID,ANM,WE,Combination Non-Radar Approach Control & Tower w/o Radar,0,11,7,0,18,0,0,40,0,40,0,11,47,0,58,80,0,80,138
05/17/2019,TWF,ID,ANM,WE,Combination Non-Radar Approach Control & Tower w/o Radar,0,17,2,0,19,0,0,2,0,2,0,17,4,0,21,0,0,0,21
05/18/2019,TWF,ID,ANM,WE,Combination Non-Radar Approach Control & Tower w/o Radar,0,6,1,0,7,0,0,5,0,5,0,6,6,0,12,0,0,0,12
05/19/2019,TWF,ID,ANM,WE,Combination Non-Radar Approach Control & Tower w/o Radar,0,7,0,1,8,0,0,4,0,4,0,7,4,1,12,0,0,0,12
05/20/2019,TWF,ID,ANM,WE,Combination Non-Radar Approach Control & Tower w/o Radar,0,0,0,0,0,0,0,0,0,0,0,0,0,0,0,0,0,0,0
05/21/2019,TWF,ID,ANM,WE,Combination Non-Radar Approach Control & Tower w/o Radar,0,16,10,3,29,0,1,15,0,16,0,17,25,3,45,74,0,74,119
05/22/2019,TWF,ID,ANM,WE,Combination Non-Radar Approach Control & Tower w/o Radar,0,11,9,3,23,0,0,9,0,9,0,11,18,3,32,42,0,42,74
05/23/2019,TWF,ID,ANM,WE,Combination Non-Radar Approach Control & Tower w/o Radar,0,16,7,0,23,0,0,44,0,44,0,16,51,0,67,69,0,69,136
05/24/2019,TWF,ID,ANM,WE,Combination Non-Radar Approach Control & Tower w/o Radar,0,16,1,2,19,0,0,45,0,45,0,16,46,2,64,86,0,86,150
05/25/2019,TWF,ID,ANM,WE,Combination Non-Radar Approach Control & Tower w/o Radar,1,10,1,0,12,0,0,6,1,7,1,10,7,1,19,20,0,20,39
05/26/2019,TWF,ID,ANM,WE,Combination Non-Radar Approach Control & Tower w/o Radar,2,5,2,0,9,0,0,14,0,14,2,5,16,0,23,20,0,20,43
05/27/2019,TWF,ID,ANM,WE,Combination Non-Radar Approach Control & Tower w/o Radar,0,9,4,0,13,0,0,7,0,7,0,9,11,0,20,30,0,30,50
05/28/2019,TWF,ID,ANM,WE,Combination Non-Radar Approach Control & Tower w/o Radar,0,12,5,0,17,0,0,20,0,20,0,12,25,0,37,2,0,2,39
05/29/2019,TWF,ID,ANM,WE,Combination Non-Radar Approach Control & Tower w/o Radar,0,12,6,2,20,0,1,50,3,54,0,13,56,5,74,53,0,53,127
05/30/2019,TWF,ID,ANM,WE,Combination Non-Radar Approach Control & Tower w/o Radar,0,9,4,3,16,0,0,23,6,29,0,9,27,9,45,28,0,28,73
05/31/2019,TWF,ID,ANM,WE,Combination Non-Radar Approach Control & Tower w/o Radar,0,15,5,1,21,0,1,57,1,59,0,16,62,2,80,44,0,44,124
06/01/2019,TWF,ID,ANM,WE,Combination Non-Radar Approach Control & Tower w/o Radar,0,12,3,0,15,0,0,62,1,63,0,12,65,1,78,34,0,34,112
06/02/2019,TWF,ID,ANM,WE,Combination Non-Radar Approach Control & Tower w/o Radar,0,5,5,5,15,0,0,35,1,36,0,5,40,6,51,18,0,18,69
06/03/2019,TWF,ID,ANM,WE,Combination Non-Radar Approach Control & Tower w/o Radar,0,10,8,2,20,0,0,49,2,51,0,10,57,4,71,82,10,92,163
06/04/2019,TWF,ID,ANM,WE,Combination Non-Radar Approach Control & Tower w/o Radar,0,13,7,5,25,0,1,61,2,64,0,14,68,7,89,92,0,92,181
06/05/2019,TWF,ID,ANM,WE,Combination Non-Radar Approach Control & Tower w/o Radar,0,17,8,10,35,0,0,59,5,64,0,17,67,15,99,62,10,72,171
06/06/2019,TWF,ID,ANM,WE,Combination Non-Radar Approach Control & Tower w/o Radar,2,18,5,4,29,0,0,30,0,30,2,18,35,4,59,18,0,18,77
06/07/2019,TWF,ID,ANM,WE,Combination Non-Radar Approach Control & Tower w/o Radar,0,17,5,0,22,0,2,17,0,19,0,19,22,0,41,9,0,9,50
06/08/2019,TWF,ID,ANM,WE,Combination Non-Radar Approach Control & Tower w/o Radar,0,10,0,0,10,0,1,37,0,38,0,11,37,0,48,14,0,14,62
06/09/2019,TWF,ID,ANM,WE,Combination Non-Radar Approach Control & Tower w/o Radar,0,6,2,0,8,0,0,30,0,30,0,6,32,0,38,8,0,8,46
06/10/2019,TWF,ID,ANM,WE,Combination Non-Radar Approach Control & Tower w/o Radar,0,10,5,0,15,0,1,39,1,41,0,11,44,1,56,106,0,106,162
06/11/2019,TWF,ID,ANM,WE,Combination Non-Radar Approach Control & Tower w/o Radar,0,12,2,2,16,0,1,51,3,55,0,13,53,5,71,43,18,61,132
06/12/2019,TWF,ID,ANM,WE,Combination Non-Radar Approach Control & Tower w/o Radar,0,12,10,0,22,0,0,89,0,89,0,12,99,0,111,119,0,119,230
06/13/2019,TWF,ID,ANM,WE,Combination Non-Radar Approach Control & Tower w/o Radar,4,13,7,5,29,0,0,63,0,63,4,13,70,5,92,52,12,64,156
06/14/2019,TWF,ID,ANM,WE,Combination Non-Radar Approach Control & Tower w/o Radar,4,11,6,0,21,0,1,42,0,43,4,12,48,0,64,56,0,56,120
06/15/2019,TWF,ID,ANM,WE,Combination Non-Radar Approach Control & Tower w/o Radar,0,8,2,0,10,0,0,45,0,45,0,8,47,0,55,34,0,34,89
06/16/2019,TWF,ID,ANM,WE,Combination Non-Radar Approach Control & Tower w/o Radar,0,6,6,0,12,0,0,31,0,31,0,6,37,0,43,4,0,4,47
06/17/2019,TWF,ID,ANM,WE,Combination Non-Radar Approach Control & Tower w/o Radar,0,9,2,0,11,0,1,33,0,34,0,10,35,0,45,90,0,90,135
06/18/2019,TWF,ID,ANM,WE,Combination Non-Radar Approach Control & Tower w/o Radar,1,11,12,2,26,0,2,41,0,43,1,13,53,2,69,72,0,72,141
06/19/2019,TWF,ID,ANM,WE,Combination Non-Radar Approach Control & Tower w/o Radar,2,14,6,0,22,0,1,23,0,24,2,15,29,0,46,66,0,66,112
06/20/2019,TWF,ID,ANM,WE,Combination Non-Radar Approach Control & Tower w/o Radar,0,14,8,0,22,0,0,30,0,30,0,14,38,0,52,50,0,50,102
06/21/2019,TWF,ID,ANM,WE,Combination Non-Radar Approach Control & Tower w/o Radar,0,14,6,0,20,0,2,56,1,59,0,16,62,1,79,52,0,52,131
06/22/2019,TWF,ID,ANM,WE,Combination Non-Radar Approach Control & Tower w/o Radar,0,10,5,0,15,0,0,30,0,30,0,10,35,0,45,26,0,26,71
06/23/2019,TWF,ID,ANM,WE,Combination Non-Radar Approach Control & Tower w/o Radar,0,9,7,0,16,0,0,38,0,38,0,9,45,0,54,16,0,16,70
06/24/2019,TWF,ID,ANM,WE,Combination Non-Radar Approach Control & Tower w/o Radar,0,10,5,0,15,0,1,30,0,31,0,11,35,0,46,64,0,64,110
06/25/2019,TWF,ID,ANM,WE,Combination Non-Radar Approach Control & Tower w/o Radar,0,14,12,1,27,0,2,59,1,62,0,16,71,2,89,108,10,118,207
06/26/2019,TWF,ID,ANM,WE,Combination Non-Radar Approach Control & Tower w/o Radar,0,11,9,6,26,0,1,65,0,66,0,12,74,6,92,48,18,66,158
06/27/2019,TWF,ID,ANM,WE,Combination Non-Radar Approach Control & Tower w/o Radar,0,14,9,1,24,0,10,54,0,64,0,24,63,1,88,94,0,94,182
06/28/2019,TWF,ID,ANM,WE,Combination Non-Radar Approach Control & Tower w/o Radar,0,14,4,0,18,0,0,51,2,53,0,14,55,2,71,84,0,84,155
06/29/2019,TWF,ID,ANM,WE,Combination Non-Radar Approach Control & Tower w/o Radar,0,11,6,0,17,0,0,52,0,52,0,11,58,0,69,16,0,16,85
06/30/2019,TWF,ID,ANM,WE,Combination Non-Radar Approach Control & Tower w/o Radar,0,4,4,0,8,0,0,27,0,27,0,4,31,0,35,18,0,18,53
07/01/2019,TWF,ID,ANM,WE,Combination Non-Radar Approach Control & Tower w/o Radar,0,10,4,2,16,0,1,38,0,39,0,11,42,2,55,40,0,40,95
07/02/2019,TWF,ID,ANM,WE,Combination Non-Radar Approach Control & Tower w/o Radar,0,12,7,0,19,0,1,44,0,45,0,13,51,0,64,42,0,42,106
07/03/2019,TWF,ID,ANM,WE,Combination Non-Radar Approach Control & Tower w/o Radar,0,15,12,0,27,0,1,41,0,42,0,16,53,0,69,20,0,20,89
07/04/2019,TWF,ID,ANM,WE,Combination Non-Radar Approach Control & Tower w/o Radar,0,8,4,0,12,0,2,69,0,71,0,10,73,0,83,10,0,10,93
07/05/2019,TWF,ID,ANM,WE,Combination Non-Radar Approach Control & Tower w/o Radar,0,12,4,0,16,0,0,47,0,47,0,12,51,0,63,46,0,46,109
07/06/2019,TWF,ID,ANM,WE,Combination Non-Radar Approach Control & Tower w/o Radar,2,14,3,0,19,0,0,65,0,65,2,14,68,0,84,2,0,2,86
07/07/2019,TWF,ID,ANM,WE,Combination Non-Radar Approach Control & Tower w/o Radar,0,6,3,0,9,0,1,34,0,35,0,7,37,0,44,4,0,4,48
07/08/2019,TWF,ID,ANM,WE,Combination Non-Radar Approach Control & Tower w/o Radar,0,11,4,4,19,0,1,32,2,35,0,12,36,6,54,26,0,26,80
07/09/2019,TWF,ID,ANM,WE,Combination Non-Radar Approach Control & Tower w/o Radar,0,23,23,0,46,0,0,55,0,55,0,23,78,0,101,62,0,62,163
07/10/2019,TWF,ID,ANM,WE,Combination Non-Radar Approach Control & Tower w/o Radar,0,18,14,1,33,0,0,55,0,55,0,18,69,1,88,1,0,1,89
07/11/2019,TWF,ID,ANM,WE,Combination Non-Radar Approach Control & Tower w/o Radar,0,23,8,0,31,0,1,53,0,54,0,24,61,0,85,42,0,42,127
07/12/2019,TWF,ID,ANM,WE,Combination Non-Radar Approach Control & Tower w/o Radar,0,19,11,2,32,0,1,58,1,60,0,20,69,3,92,52,0,52,144
07/13/2019,TWF,ID,ANM,WE,Combination Non-Radar Approach Control & Tower w/o Radar,0,13,9,0,22,0,2,85,0,87,0,15,94,0,109,32,0,32,141
07/14/2019,TWF,ID,ANM,WE,Combination Non-Radar Approach Control & Tower w/o Radar,0,6,2,0,8,0,0,42,0,42,0,6,44,0,50,8,0,8,58
07/15/2019,TWF,ID,ANM,WE,Combination Non-Radar Approach Control & Tower w/o Radar,0,10,6,1,17,0,1,54,0,55,0,11,60,1,72,60,0,60,132
07/16/2019,TWF,ID,ANM,WE,Combination Non-Radar Approach Control & Tower w/o Radar,0,12,5,3,20,0,7,89,4,100,0,19,94,7,120,64,4,68,188
07/17/2019,TWF,ID,ANM,WE,Combination Non-Radar Approach Control & Tower w/o Radar,0,21,10,0,31,0,5,73,0,78,0,26,83,0,109,64,0,64,173
07/18/2019,TWF,ID,ANM,WE,Combination Non-Radar Approach Control & Tower w/o Radar,0,20,9,4,33,0,6,36,2,44,0,26,45,6,77,40,2,42,119
07/19/2019,TWF,ID,ANM,WE,Combination Non-Radar Approach Control & Tower w/o Radar,0,17,10,0,27,0,0,46,1,47,0,17,56,1,74,40,0,40,114
07/20/2019,TWF,ID,ANM,WE,Combination Non-Radar Approach Control & Tower w/o Radar,0,16,5,0,21,0,0,86,0,86,0,16,91,0,107,6,0,6,113
07/21/2019,TWF,ID,ANM,WE,Combination Non-Radar Approach Control & Tower w/o Radar,0,9,12,0,21,0,0,43,2,45,0,9,55,2,66,14,0,14,80
07/22/2019,TWF,ID,ANM,WE,Combination Non-Radar Approach Control & Tower w/o Radar,0,11,10,1,22,0,1,55,1,57,0,12,65,2,79,25,6,31,110
07/23/2019,TWF,ID,ANM,WE,Combination Non-Radar Approach Control & Tower w/o Radar,0,13,6,1,20,0,6,153,1,160,0,19,159,2,180,56,0,56,236
07/24/2019,TWF,ID,ANM,WE,Combination Non-Radar Approach Control & Tower w/o Radar,0,14,5,1,20,0,3,89,1,93,0,17,94,2,113,54,0,54,167
07/25/2019,TWF,ID,ANM,WE,Combination Non-Radar Approach Control & Tower w/o Radar,0,13,7,2,22,0,0,55,0,55,0,13,62,2,77,38,0,38,115
07/26/2019,TWF,ID,ANM,WE,Combination Non-Radar Approach Control & Tower w/o Radar,0,13,2,0,15,0,0,72,0,72,0,13,74,0,87,106,0,106,193
07/27/2019,TWF,ID,ANM,WE,Combination Non-Radar Approach Control & Tower w/o Radar,0,18,10,0,28,0,1,97,1,99,0,19,107,1,127,18,0,18,145
07/28/2019,TWF,ID,ANM,WE,Combination Non-Radar Approach Control & Tower w/o Radar,0,5,4,1,10,0,0,67,0,67,0,5,71,1,77,14,0,14,91
07/29/2019,TWF,ID,ANM,WE,Combination Non-Radar Approach Control & Tower w/o Radar,1,11,9,0,21,0,0,67,0,67,1,11,76,0,88,30,0,30,118
07/30/2019,TWF,ID,ANM,WE,Combination Non-Radar Approach Control & Tower w/o Radar,0,12,0,3,15,0,1,83,7,91,0,13,83,10,106,35,10,45,151
07/31/2019,TWF,ID,ANM,WE,Combination Non-Radar Approach Control & Tower w/o Radar,0,9,5,0,14,0,1,62,0,63,0,10,67,0,77,64,0,64,141
08/01/2019,TWF,ID,ANM,WE,Combination Non-Radar Approach Control & Tower w/o Radar,0,16,3,0,19,0,5,47,0,52,0,21,50,0,71,74,0,74,145
08/02/2019,TWF,ID,ANM,WE,Combination Non-Radar Approach Control & Tower w/o Radar,0,13,7,0,20,0,1,77,0,78,0,14,84,0,98,78,0,78,176
08/03/2019,TWF,ID,ANM,WE,Combination Non-Radar Approach Control & Tower w/o Radar,0,10,1,0,11,0,0,75,7,82,0,10,76,7,93,70,0,70,163
08/04/2019,TWF,ID,ANM,WE,Combination Non-Radar Approach Control & Tower w/o Radar,2,4,3,0,9,0,4,34,1,39,2,8,37,1,48,22,0,22,70
08/05/2019,TWF,ID,ANM,WE,Combination Non-Radar Approach Control & Tower w/o Radar,0,12,2,2,16,0,2,239,5,246,0,14,241,7,262,46,0,46,308
08/06/2019,TWF,ID,ANM,WE,Combination Non-Radar Approach Control & Tower w/o Radar,0,13,13,0,26,0,0,139,0,139,0,13,152,0,165,100,0,100,265
08/07/2019,TWF,ID,ANM,WE,Combination Non-Radar Approach Control & Tower w/o Radar,0,16,15,0,31,0,3,59,0,62,0,19,74,0,93,70,0,70,163
08/08/2019,TWF,ID,ANM,WE,Combination Non-Radar Approach Control & Tower w/o Radar,0,15,4,0,19,0,6,29,0,35,0,21,33,0,54,22,0,22,76
08/09/2019,TWF,ID,ANM,WE,Combination Non-Radar Approach Control & Tower w/o Radar,0,9,11,0,20,0,0,87,0,87,0,9,98,0,107,58,0,58,165
08/10/2019,TWF,ID,ANM,WE,Combination Non-Radar Approach Control & Tower w/o Radar,0,11,1,0,12,0,0,52,0,52,0,11,53,0,64,32,0,32,96
08/11/2019,TWF,ID,ANM,WE,Combination Non-Radar Approach Control & Tower w/o Radar,0,5,5,0,10,0,0,32,0,32,0,5,37,0,42,10,0,10,52
08/12/2019,TWF,ID,ANM,WE,Combination Non-Radar Approach Control & Tower w/o Radar,0,10,12,2,24,0,1,45,0,46,0,11,57,2,70,54,0,54,124
08/13/2019,TWF,ID,ANM,WE,Combination Non-Radar Approach Control & Tower w/o Radar,0,12,8,3,23,0,1,52,0,53,0,13,60,3,76,94,0,94,170
08/14/2019,TWF,ID,ANM,WE,Combination Non-Radar Approach Control & Tower w/o Radar,0,11,5,0,16,0,1,42,0,43,0,12,47,0,59,67,0,67,126
08/15/2019,TWF,ID,ANM,WE,Combination Non-Radar Approach Control & Tower w/o Radar,0,15,8,0,23,0,9,63,0,72,0,24,71,0,95,76,0,76,171
08/16/2019,TWF,ID,ANM,WE,Combination Non-Radar Approach Control & Tower w/o Radar,0,12,1,0,13,0,1,63,0,64,0,13,64,0,77,50,0,50,127
08/17/2019,TWF,ID,ANM,WE,Combination Non-Radar Approach Control & Tower w/o Radar,0,12,8,0,20,0,0,48,0,48,0,12,56,0,68,24,0,24,92
08/18/2019,TWF,ID,ANM,WE,Combination Non-Radar Approach Control & Tower w/o Radar,0,8,3,0,11,0,0,29,2,31,0,8,32,2,42,0,0,0,42
08/19/2019,TWF,ID,ANM,WE,Combination Non-Radar Approach Control & Tower w/o Radar,0,8,1,0,9,0,1,53,0,54,0,9,54,0,63,37,0,37,100
08/20/2019,TWF,ID,ANM,WE,Combination Non-Radar Approach Control & Tower w/o Radar,0,14,13,0,27,0,1,64,0,65,0,15,77,0,92,32,0,32,124
08/21/2019,TWF,ID,ANM,WE,Combination Non-Radar Approach Control & Tower w/o Radar,0,23,4,2,29,0,0,62,2,64,0,23,66,4,93,23,0,23,116
08/22/2019,TWF,ID,ANM,WE,Combination Non-Radar Approach Control & Tower w/o Radar,0,12,6,1,19,0,2,17,1,20,0,14,23,2,39,12,0,12,51
08/23/2019,TWF,ID,ANM,WE,Combination Non-Radar Approach Control & Tower w/o Radar,0,16,3,0,19,0,1,38,0,39,0,17,41,0,58,48,0,48,106
08/24/2019,TWF,ID,ANM,WE,Combination Non-Radar Approach Control & Tower w/o Radar,0,13,1,0,14,0,0,50,0,50,0,13,51,0,64,30,0,30,94
08/25/2019,TWF,ID,ANM,WE,Combination Non-Radar Approach Control & Tower w/o Radar,0,7,8,0,15,0,1,19,4,24,0,8,27,4,39,8,0,8,47
08/26/2019,TWF,ID,ANM,WE,Combination Non-Radar Approach Control & Tower w/o Radar,0,12,8,1,21,0,1,23,1,25,0,13,31,2,46,26,6,32,78
08/27/2019,TWF,ID,ANM,WE,Combination Non-Radar Approach Control & Tower w/o Radar,0,12,4,0,16,0,1,54,0,55,0,13,58,0,71,18,0,18,89
08/28/2019,TWF,ID,ANM,WE,Combination Non-Radar Approach Control & Tower w/o Radar,0,9,7,2,18,0,1,51,0,52,0,10,58,2,70,0,2,2,72
08/29/2019,TWF,ID,ANM,WE,Combination Non-Radar Approach Control & Tower w/o Radar,0,11,14,0,25,0,1,52,0,53,0,12,66,0,78,52,0,52,130
08/30/2019,TWF,ID,ANM,WE,Combination Non-Radar Approach Control & Tower w/o Radar,0,15,11,0,26,0,2,51,0,53,0,17,62,0,79,52,0,52,131
08/31/2019,TWF,ID,ANM,WE,Combination Non-Radar Approach Control & Tower w/o Radar,0,10,5,0,15,0,1,53,0,54,0,11,58,0,69,18,0,18,87
09/01/2019,TWF,ID,ANM,WE,Combination Non-Radar Approach Control & Tower w/o Radar,0,7,0,0,7,0,0,35,1,36,0,7,35,1,43,2,0,2,45
09/02/2019,TWF,ID,ANM,WE,Combination Non-Radar Approach Control & Tower w/o Radar,0,7,6,0,13,0,2,27,0,29,0,9,33,0,42,10,0,10,52
09/03/2019,TWF,ID,ANM,WE,Combination Non-Radar Approach Control & Tower w/o Radar,0,11,5,0,16,0,0,55,0,55,0,11,60,0,71,64,0,64,135
09/04/2019,TWF,ID,ANM,WE,Combination Non-Radar Approach Control & Tower w/o Radar,0,16,5,0,21,0,0,46,2,48,0,16,51,2,69,50,0,50,119
09/05/2019,TWF,ID,ANM,WE,Combination Non-Radar Approach Control & Tower w/o Radar,0,12,6,2,20,0,2,51,0,53,0,14,57,2,73,80,0,80,153
09/06/2019,TWF,ID,ANM,WE,Combination Non-Radar Approach Control & Tower w/o Radar,0,19,4,0,23,0,0,38,0,38,0,19,42,0,61,58,0,58,119
09/07/2019,TWF,ID,ANM,WE,Combination Non-Radar Approach Control & Tower w/o Radar,0,7,5,0,12,0,0,19,0,19,0,7,24,0,31,30,0,30,61
09/08/2019,TWF,ID,ANM,WE,Combination Non-Radar Approach Control & Tower w/o Radar,0,7,4,0,11,0,0,2,0,2,0,7,6,0,13,0,0,0,13
09/09/2019,TWF,ID,ANM,WE,Combination Non-Radar Approach Control & Tower w/o Radar,0,10,11,3,24,0,1,53,2,56,0,11,64,5,80,84,4,88,168
09/10/2019,TWF,ID,ANM,WE,Combination Non-Radar Approach Control & Tower w/o Radar,0,14,7,2,23,0,1,23,0,24,0,15,30,2,47,22,0,22,69
09/11/2019,TWF,ID,ANM,WE,Combination Non-Radar Approach Control & Tower w/o Radar,0,13,10,1,24,0,1,26,0,27,0,14,36,1,51,100,0,100,151
09/12/2019,TWF,ID,ANM,WE,Combination Non-Radar Approach Control & Tower w/o Radar,0,12,4,3,19,0,2,60,0,62,0,14,64,3,81,76,8,84,165
09/13/2019,TWF,ID,ANM,WE,Combination Non-Radar Approach Control & Tower w/o Radar,0,12,7,0,19,0,1,58,2,61,0,13,65,2,80,115,0,115,195
09/14/2019,TWF,ID,ANM,WE,Combination Non-Radar Approach Control & Tower w/o Radar,0,10,1,2,13,0,0,26,1,27,0,10,27,3,40,48,0,48,88
09/15/2019,TWF,ID,ANM,WE,Combination Non-Radar Approach Control & Tower w/o Radar,0,5,1,0,6,0,0,18,1,19,0,5,19,1,25,20,0,20,45
09/16/2019,TWF,ID,ANM,WE,Combination Non-Radar Approach Control & Tower w/o Radar,0,5,2,0,7,0,0,23,1,24,0,5,25,1,31,22,0,22,53
09/17/2019,TWF,ID,ANM,WE,Combination Non-Radar Approach Control & Tower w/o Radar,0,14,4,1,19,0,0,25,1,26,0,14,29,2,45,100,0,100,145
09/18/2019,TWF,ID,ANM,WE,Combination Non-Radar Approach Control & Tower w/o Radar,0,15,10,0,25,0,0,41,5,46,0,15,51,5,71,4,0,4,75
09/19/2019,TWF,ID,ANM,WE,Combination Non-Radar Approach Control & Tower w/o Radar,0,13,5,2,20,0,0,16,0,16,0,13,21,2,36,0,10,10,46
09/20/2019,TWF,ID,ANM,WE,Combination Non-Radar Approach Control & Tower w/o Radar,2,28,6,0,36,0,0,21,0,21,2,28,27,0,57,6,0,6,63
09/21/2019,TWF,ID,ANM,WE,Combination Non-Radar Approach Control & Tower w/o Radar,0,12,2,1,15,0,0,32,9,41,0,12,34,10,56,48,0,48,104
09/22/2019,TWF,ID,ANM,WE,Combination Non-Radar Approach Control & Tower w/o Radar,0,6,4,0,10,0,0,18,1,19,0,6,22,1,29,24,0,24,53
09/23/2019,TWF,ID,ANM,WE,Combination Non-Radar Approach Control & Tower w/o Radar,0,3,1,0,4,0,0,18,0,18,0,3,19,0,22,24,0,24,46
09/24/2019,TWF,ID,ANM,WE,Combination Non-Radar Approach Control & Tower w/o Radar,0,55,8,4,67,0,1,18,3,22,0,56,26,7,89,4,10,14,103
09/25/2019,TWF,ID,ANM,WE,Combination Non-Radar Approach Control & Tower w/o Radar,0,16,2,3,21,0,1,17,7,25,0,17,19,10,46,6,12,18,64
09/26/2019,TWF,ID,ANM,WE,Combination Non-Radar Approach Control & Tower w/o Radar,0,17,8,0,25,0,1,39,1,41,0,18,47,1,66,30,2,32,98
09/27/2019,TWF,ID,ANM,WE,Combination Non-Radar Approach Control & Tower w/o Radar,0,17,5,0,22,0,1,29,3,33,0,18,34,3,55,38,0,38,93
09/28/2019,TWF,ID,ANM,WE,Combination Non-Radar Approach Control & Tower w/o Radar,0,18,2,0,20,0,0,21,0,21,0,18,23,0,41,52,0,52,93
09/29/2019,TWF,ID,ANM,WE,Combination Non-Radar Approach Control & Tower w/o Radar,0,11,3,0,14,0,0,3,0,3,0,11,6,0,17,0,0,0,17
09/30/2019,TWF,ID,ANM,WE,Combination Non-Radar Approach Control & Tower w/o Radar,0,9,2,2,13,0,0,17,2,19,0,9,19,4,32,38,4,42,74
10/01/2019,TWF,ID,ANM,WE,Combination Non-Radar Approach Control & Tower w/o Radar,2,11,0,0,13,0,1,23,0,24,2,12,23,0,37,91,0,91,128
10/02/2019,TWF,ID,ANM,WE,Combination Non-Radar Approach Control & Tower w/o Radar,0,13,2,1,16,0,3,46,3,52,0,16,48,4,68,47,6,53,121
10/03/2019,TWF,ID,ANM,WE,Combination Non-Radar Approach Control & Tower w/o Radar,0,15,9,1,25,0,0,42,2,44,0,15,51,3,69,92,10,102,171
10/04/2019,TWF,ID,ANM,WE,Combination Non-Radar Approach Control & Tower w/o Radar,0,17,2,0,19,0,0,12,0,12,0,17,14,0,31,0,0,0,31
10/05/2019,TWF,ID,ANM,WE,Combination Non-Radar Approach Control & Tower w/o Radar,1,12,6,2,21,0,0,14,0,14,1,12,20,2,35,9,0,9,44
10/06/2019,TWF,ID,ANM,WE,Combination Non-Radar Approach Control & Tower w/o Radar,0,6,2,0,8,0,3,40,1,44,0,9,42,1,52,25,10,35,87
10/07/2019,TWF,ID,ANM,WE,Combination Non-Radar Approach Control & Tower w/o Radar,1,12,8,0,21,0,0,34,0,34,1,12,42,0,55,43,0,43,98
10/08/2019,TWF,ID,ANM,WE,Combination Non-Radar Approach Control & Tower w/o Radar,0,11,3,0,14,0,0,35,0,35,0,11,38,0,49,29,0,29,78
10/09/2019,TWF,ID,ANM,WE,Combination Non-Radar Approach Control & Tower w/o Radar,0,17,3,0,20,0,0,7,0,7,0,17,10,0,27,0,0,0,27
10/10/2019,TWF,ID,ANM,WE,Combination Non-Radar Approach Control & Tower w/o Radar,0,17,4,2,23,0,1,34,0,35,0,18,38,2,58,52,6,58,116
10/11/2019,TWF,ID,ANM,WE,Combination Non-Radar Approach Control & Tower w/o Radar,0,14,5,0,19,0,1,62,0,63,0,15,67,0,82,147,0,147,229
10/12/2019,TWF,ID,ANM,WE,Combination Non-Radar Approach Control & Tower w/o Radar,0,12,2,0,14,0,0,43,0,43,0,12,45,0,57,34,0,34,91
10/13/2019,TWF,ID,ANM,WE,Combination Non-Radar Approach Control & Tower w/o Radar,0,5,3,0,8,0,0,36,0,36,0,5,39,0,44,6,0,6,50
10/14/2019,TWF,ID,ANM,WE,Combination Non-Radar Approach Control & Tower w/o Radar,0,14,1,0,15,0,0,29,1,30,0,14,30,1,45,34,0,34,79
10/15/2019,TWF,ID,ANM,WE,Combination Non-Radar Approach Control & Tower w/o Radar,0,12,0,0,12,0,0,41,0,41,0,12,41,0,53,82,0,82,135
10/16/2019,TWF,ID,ANM,WE,Combination Non-Radar Approach Control & Tower w/o Radar,0,19,5,0,24,0,6,40,0,46,0,25,45,0,70,74,0,74,144
10/17/2019,TWF,ID,ANM,WE,Combination Non-Radar Approach Control & Tower w/o Radar,0,14,0,0,14,0,0,12,0,12,0,14,12,0,26,18,0,18,44
10/18/2019,TWF,ID,ANM,WE,Combination Non-Radar Approach Control & Tower w/o Radar,0,14,5,0,19,0,0,24,0,24,0,14,29,0,43,6,0,6,49
10/19/2019,TWF,ID,ANM,WE,Combination Non-Radar Approach Control & Tower w/o Radar,0,12,10,0,22,0,0,5,0,5,0,12,15,0,27,10,0,10,37
10/20/2019,TWF,ID,ANM,WE,Combination Non-Radar Approach Control & Tower w/o Radar,0,4,5,2,11,0,0,7,1,8,0,4,12,3,19,0,0,0,19
10/21/2019,TWF,ID,ANM,WE,Combination Non-Radar Approach Control & Tower w/o Radar,0,12,3,0,15,0,1,17,0,18,0,13,20,0,33,0,0,0,33
10/22/2019,TWF,ID,ANM,WE,Combination Non-Radar Approach Control & Tower w/o Radar,0,12,1,0,13,0,0,15,0,15,0,12,16,0,28,48,0,48,76
10/23/2019,TWF,ID,ANM,WE,Combination Non-Radar Approach Control & Tower w/o Radar,0,17,6,4,27,0,0,20,4,24,0,17,26,8,51,60,0,60,111
10/24/2019,TWF,ID,ANM,WE,Combination Non-Radar Approach Control & Tower w/o Radar,0,13,4,0,17,0,2,44,0,46,0,15,48,0,63,70,0,70,133
10/25/2019,TWF,ID,ANM,WE,Combination Non-Radar Approach Control & Tower w/o Radar,0,11,8,0,19,0,0,47,0,47,0,11,55,0,66,87,0,87,153
10/26/2019,TWF,ID,ANM,WE,Combination Non-Radar Approach Control & Tower w/o Radar,0,13,5,0,18,0,0,5,0,5,0,13,10,0,23,0,0,0,23
10/27/2019,TWF,ID,ANM,WE,Combination Non-Radar Approach Control & Tower w/o Radar,0,3,0,0,3,0,0,5,0,5,0,3,5,0,8,0,0,0,8
10/28/2019,TWF,ID,ANM,WE,Combination Non-Radar Approach Control & Tower w/o Radar,2,9,0,0,11,0,0,10,0,10,2,9,10,0,21,24,0,24,45
10/29/2019,TWF,ID,ANM,WE,Combination Non-Radar Approach Control & Tower w/o Radar,0,15,3,0,18,0,0,11,0,11,0,15,14,0,29,44,0,44,73
10/30/2019,TWF,ID,ANM,WE,Combination Non-Radar Approach Control & Tower w/o Radar,0,15,1,0,16,0,0,21,0,21,0,15,22,0,37,77,0,77,114
10/31/2019,TWF,ID,ANM,WE,Combination Non-Radar Approach Control & Tower w/o Radar,0,14,4,0,18,0,1,38,0,39,0,15,42,0,57,54,0,54,111
11/01/2019,TWF,ID,ANM,WE,Combination Non-Radar Approach Control & Tower w/o Radar,0,13,0,0,13,0,0,44,0,44,0,13,44,0,57,50,0,50,107
11/02/2019,TWF,ID,ANM,WE,Combination Non-Radar Approach Control & Tower w/o Radar,0,11,3,1,15,0,0,31,6,37,0,11,34,7,52,0,0,0,52
11/03/2019,TWF,ID,ANM,WE,Combination Non-Radar Approach Control & Tower w/o Radar,0,7,1,0,8,0,0,24,0,24,0,7,25,0,32,26,0,26,58
11/04/2019,TWF,ID,ANM,WE,Combination Non-Radar Approach Control & Tower w/o Radar,0,10,4,0,14,0,0,24,0,24,0,10,28,0,38,50,0,50,88
11/05/2019,TWF,ID,ANM,WE,Combination Non-Radar Approach Control & Tower w/o Radar,0,18,6,0,24,0,0,44,2,46,0,18,50,2,70,78,0,78,148
11/06/2019,TWF,ID,ANM,WE,Combination Non-Radar Approach Control & Tower w/o Radar,0,16,3,0,19,0,0,48,2,50,0,16,51,2,69,52,0,52,121
11/07/2019,TWF,ID,ANM,WE,Combination Non-Radar Approach Control & Tower w/o Radar,0,14,4,0,18,0,0,57,0,57,0,14,61,0,75,122,0,122,197
11/08/2019,TWF,ID,ANM,WE,Combination Non-Radar Approach Control & Tower w/o Radar,0,15,3,0,18,0,0,27,0,27,0,15,30,0,45,70,0,70,115
11/09/2019,TWF,ID,ANM,WE,Combination Non-Radar Approach Control & Tower w/o Radar,0,11,3,0,14,0,0,37,2,39,0,11,40,2,53,32,0,32,85
11/10/2019,TWF,ID,ANM,WE,Combination Non-Radar Approach Control & Tower w/o Radar,0,5,3,0,8,0,0,7,0,7,0,5,10,0,15,0,0,0,15
11/11/2019,TWF,ID,ANM,WE,Combination Non-Radar Approach Control & Tower w/o Radar,0,13,2,0,15,0,0,27,0,27,0,13,29,0,42,60,0,60,102
11/12/2019,TWF,ID,ANM,WE,Combination Non-Radar Approach Control & Tower w/o Radar,0,18,3,1,22,0,0,37,0,37,0,18,40,1,59,58,0,58,117
11/13/2019,TWF,ID,ANM,WE,Combination Non-Radar Approach Control & Tower w/o Radar,0,15,3,2,20,0,0,32,11,43,0,15,35,13,63,30,6,36,99
11/14/2019,TWF,ID,ANM,WE,Combination Non-Radar Approach Control & Tower w/o Radar,0,14,3,0,17,0,0,45,0,45,0,14,48,0,62,72,0,72,134
11/15/2019,TWF,ID,ANM,WE,Combination Non-Radar Approach Control & Tower w/o Radar,0,14,2,0,16,0,0,25,0,25,0,14,27,0,41,110,0,110,151
11/16/2019,TWF,ID,ANM,WE,Combination Non-Radar Approach Control & Tower w/o Radar,0,11,1,0,12,0,0,18,3,21,0,11,19,3,33,0,0,0,33
11/17/2019,TWF,ID,ANM,WE,Combination Non-Radar Approach Control & Tower w/o Radar,0,8,0,0,8,0,0,16,0,16,0,8,16,0,24,14,0,14,38
11/18/2019,TWF,ID,ANM,WE,Combination Non-Radar Approach Control & Tower w/o Radar,0,12,4,0,16,0,0,33,0,33,0,12,37,0,49,57,0,57,106
11/19/2019,TWF,ID,ANM,WE,Combination Non-Radar Approach Control & Tower w/o Radar,0,14,1,1,16,0,0,14,1,15,0,14,15,2,31,37,10,47,78
11/20/2019,TWF,ID,ANM,WE,Combination Non-Radar Approach Control & Tower w/o Radar,0,13,4,2,19,0,1,14,0,15,0,14,18,2,34,0,20,20,54
11/21/2019,TWF,ID,ANM,WE,Combination Non-Radar Approach Control & Tower w/o Radar,0,14,5,0,19,0,0,30,0,30,0,14,35,0,49,110,0,110,159
11/22/2019,TWF,ID,ANM,WE,Combination Non-Radar Approach Control & Tower w/o Radar,0,18,4,0,22,0,0,51,0,51,0,18,55,0,73,62,0,62,135
11/23/2019,TWF,ID,ANM,WE,Combination Non-Radar Approach Control & Tower w/o Radar,0,9,4,0,13,0,0,48,1,49,0,9,52,1,62,98,0,98,160
11/24/2019,TWF,ID,ANM,WE,Combination Non-Radar Approach Control & Tower w/o Radar,0,5,3,0,8,0,0,6,0,6,0,5,9,0,14,14,0,14,28
11/25/2019,TWF,ID,ANM,WE,Combination Non-Radar Approach Control & Tower w/o Radar,0,9,5,7,21,0,0,12,0,12,0,9,17,7,33,44,4,48,81
11/26/2019,TWF,ID,ANM,WE,Combination Non-Radar Approach Control & Tower w/o Radar,1,18,12,0,31,0,0,12,0,12,1,18,24,0,43,0,0,0,43
11/27/2019,TWF,ID,ANM,WE,Combination Non-Radar Approach Control & Tower w/o Radar,4,35,11,0,50,0,1,1,0,2,4,36,12,0,52,0,0,0,52
11/28/2019,TWF,ID,ANM,WE,Combination Non-Radar Approach Control & Tower w/o Radar,2,10,0,0,12,0,0,7,0,7,2,10,7,0,19,0,0,0,19
11/29/2019,TWF,ID,ANM,WE,Combination Non-Radar Approach Control & Tower w/o Radar,3,23,1,0,27,0,0,0,0,0,3,23,1,0,27,0,0,0,27
11/30/2019,TWF,ID,ANM,WE,Combination Non-Radar Approach Control & Tower w/o Radar,1,17,1,0,19,0,1,35,5,41,1,18,36,5,60,22,6,28,88
12/01/2019,TWF,ID,ANM,WE,Combination Non-Radar Approach Control & Tower w/o Radar,2,8,13,0,23,0,0,1,0,1,2,8,14,0,24,0,0,0,24
12/02/2019,TWF,ID,ANM,WE,Combination Non-Radar Approach Control & Tower w/o Radar,5,20,8,0,33,0,0,0,0,0,5,20,8,0,33,0,0,0,33
12/03/2019,TWF,ID,ANM,WE,Combination Non-Radar Approach Control & Tower w/o Radar,0,13,2,0,15,0,0,0,0,0,0,13,2,0,15,0,0,0,15
12/04/2019,TWF,ID,ANM,WE,Combination Non-Radar Approach Control & Tower w/o Radar,0,13,3,4,20,0,0,2,2,4,0,13,5,6,24,0,0,0,24
12/05/2019,TWF,ID,ANM,WE,Combination Non-Radar Approach Control & Tower w/o Radar,0,15,8,0,23,0,0,3,0,3,0,15,11,0,26,2,0,2,28
12/06/2019,TWF,ID,ANM,WE,Combination Non-Radar Approach Control & Tower w/o Radar,1,12,3,0,16,0,0,31,0,31,1,12,34,0,47,80,0,80,127
12/07/2019,TWF,ID,ANM,WE,Combination Non-Radar Approach Control & Tower w/o Radar,0,6,4,0,10,0,0,0,0,0,0,6,4,0,10,0,0,0,10
12/08/2019,TWF,ID,ANM,WE,Combination Non-Radar Approach Control & Tower w/o Radar,3,10,6,0,19,0,0,1,0,1,3,10,7,0,20,0,0,0,20
12/09/2019,TWF,ID,ANM,WE,Combination Non-Radar Approach Control & Tower w/o Radar,0,11,6,1,18,0,0,22,1,23,0,11,28,2,41,42,0,42,83
12/10/2019,TWF,ID,ANM,WE,Combination Non-Radar Approach Control & Tower w/o Radar,1,16,2,0,19,0,0,49,2,51,1,16,51,2,70,42,2,44,114
12/11/2019,TWF,ID,ANM,WE,Combination Non-Radar Approach Control & Tower w/o Radar,2,21,20,3,46,0,0,18,1,19,2,21,38,4,65,64,18,82,147
12/12/2019,TWF,ID,ANM,WE,Combination Non-Radar Approach Control & Tower w/o Radar,3,26,10,0,39,0,0,9,0,9,3,26,19,0,48,44,0,44,92
12/13/2019,TWF,ID,ANM,WE,Combination Non-Radar Approach Control & Tower w/o Radar,1,10,3,0,14,0,0,15,3,18,1,10,18,3,32,56,0,56,88
12/14/2019,TWF,ID,ANM,WE,Combination Non-Radar Approach Control & Tower w/o Radar,4,13,4,0,21,0,0,2,0,2,4,13,6,0,23,0,0,0,23
12/15/2019,TWF,ID,ANM,WE,Combination Non-Radar Approach Control & Tower w/o Radar,0,6,5,0,11,0,0,3,0,3,0,6,8,0,14,18,0,18,32
12/16/2019,TWF,ID,ANM,WE,Combination Non-Radar Approach Control & Tower w/o Radar,0,10,7,0,17,0,0,30,0,30,0,10,37,0,47,59,0,59,106
12/17/2019,TWF,ID,ANM,WE,Combination Non-Radar Approach Control & Tower w/o Radar,1,14,7,0,22,0,0,33,1,34,1,14,40,1,56,70,0,70,126
12/18/2019,TWF,ID,ANM,WE,Combination Non-Radar Approach Control & Tower w/o Radar,0,16,7,2,25,0,1,31,0,32,0,17,38,2,57,26,14,40,97
12/19/2019,TWF,ID,ANM,WE,Combination Non-Radar Approach Control & Tower w/o Radar,0,16,6,3,25,0,0,29,5,34,0,16,35,8,59,52,0,52,111
12/20/2019,TWF,ID,ANM,WE,Combination Non-Radar Approach Control & Tower w/o Radar,2,19,9,0,30,0,1,39,0,40,2,20,48,0,70,40,0,40,110
12/21/2019,TWF,ID,ANM,WE,Combination Non-Radar Approach Control & Tower w/o Radar,1,7,8,0,16,0,1,24,0,25,1,8,32,0,41,44,0,44,85
12/22/2019,TWF,ID,ANM,WE,Combination Non-Radar Approach Control & Tower w/o Radar,2,5,3,0,10,0,0,17,0,17,2,5,20,0,27,10,0,10,37
12/23/2019,TWF,ID,ANM,WE,Combination Non-Radar Approach Control & Tower w/o Radar,0,0,0,0,0,0,0,0,0,0,0,0,0,0,0,0,0,0,0
12/24/2019,TWF,ID,ANM,WE,Combination Non-Radar Approach Control & Tower w/o Radar,12,24,6,0,42,0,0,0,0,0,12,24,6,0,42,0,0,0,42
12/25/2019,TWF,ID,ANM,WE,Combination Non-Radar Approach Control & Tower w/o Radar,11,5,1,0,17,0,0,0,0,0,11,5,1,0,17,0,0,0,17
12/26/2019,TWF,ID,ANM,WE,Combination Non-Radar Approach Control & Tower w/o Radar,0,20,7,0,27,0,0,0,0,0,0,20,7,0,27,0,0,0,27
12/27/2019,TWF,ID,ANM,WE,Combination Non-Radar Approach Control & Tower w/o Radar,1,22,7,0,30,0,0,9,0,9,1,22,16,0,39,124,0,124,163
12/28/2019,TWF,ID,ANM,WE,Combination Non-Radar Approach Control & Tower w/o Radar,1,16,3,0,20,0,0,4,0,4,1,16,7,0,24,40,0,40,64
12/29/2019,TWF,ID,ANM,WE,Combination Non-Radar Approach Control & Tower w/o Radar,6,11,6,0,23,0,0,0,0,0,6,11,6,0,23,0,0,0,23
12/30/2019,TWF,ID,ANM,WE,Combination Non-Radar Approach Control & Tower w/o Radar,2,16,1,0,19,0,0,13,0,13,2,16,14,0,32,6,0,6,38
12/31/2019,TWF,ID,ANM,WE,Combination Non-Radar Approach Control & Tower w/o Radar,8,43,11,1,63,0,0,11,0,11,8,43,22,1,74,42,2,44,118
01/01/2020,TWF,ID,ANM,WE,Combination Non-Radar Approach Control & Tower w/o Radar,8,14,12,0,34,0,0,0,0,0,8,14,12,0,34,0,0,0,34
01/02/2020,TWF,ID,ANM,WE,Combination Non-Radar Approach Control & Tower w/o Radar,1,10,2,1,14,0,0,6,0,6,1,10,8,1,20,2,6,8,28
01/03/2020,TWF,ID,ANM,WE,Combination Non-Radar Approach Control & Tower w/o Radar,0,11,5,0,16,0,0,32,1,33,0,11,37,1,49,104,0,104,153
01/04/2020,TWF,ID,ANM,WE,Combination Non-Radar Approach Control & Tower w/o Radar,4,15,16,0,35,0,1,9,10,20,4,16,25,10,55,2,0,2,57
01/05/2020,TWF,ID,ANM,WE,Combination Non-Radar Approach Control & Tower w/o Radar,0,4,0,0,4,0,0,0,0,0,0,4,0,0,4,0,0,0,4
01/06/2020,TWF,ID,ANM,WE,Combination Non-Radar Approach Control & Tower w/o Radar,4,11,6,2,23,0,0,22,0,22,4,11,28,2,45,86,0,86,131
01/07/2020,TWF,ID,ANM,WE,Combination Non-Radar Approach Control & Tower w/o Radar,0,15,10,0,25,0,0,15,0,15,0,15,25,0,40,46,0,46,86
01/08/2020,TWF,ID,ANM,WE,Combination Non-Radar Approach Control & Tower w/o Radar,0,15,4,2,21,0,0,3,0,3,0,15,7,2,24,0,0,0,24
01/09/2020,TWF,ID,ANM,WE,Combination Non-Radar Approach Control & Tower w/o Radar,0,13,2,2,17,0,0,12,7,19,0,13,14,9,36,32,0,32,68
01/10/2020,TWF,ID,ANM,WE,Combination Non-Radar Approach Control & Tower w/o Radar,0,10,12,4,26,0,0,36,0,36,0,10,48,4,62,53,2,55,117
01/11/2020,TWF,ID,ANM,WE,Combination Non-Radar Approach Control & Tower w/o Radar,8,19,1,0,28,0,0,0,0,0,8,19,1,0,28,0,0,0,28
01/12/2020,TWF,ID,ANM,WE,Combination Non-Radar Approach Control & Tower w/o Radar,12,12,10,0,34,0,0,4,0,4,12,12,14,0,38,0,0,0,38
01/13/2020,TWF,ID,ANM,WE,Combination Non-Radar Approach Control & Tower w/o Radar,11,9,2,2,24,0,0,13,2,15,11,9,15,4,39,58,0,58,97
01/14/2020,TWF,ID,ANM,WE,Combination Non-Radar Approach Control & Tower w/o Radar,4,14,7,2,27,0,1,2,0,3,4,15,9,2,30,0,0,0,30
01/15/2020,TWF,ID,ANM,WE,Combination Non-Radar Approach Control & Tower w/o Radar,2,12,7,1,22,0,0,23,1,24,2,12,30,2,46,126,0,126,172
01/16/2020,TWF,ID,ANM,WE,Combination Non-Radar Approach Control & Tower w/o Radar,0,14,6,4,24,0,0,15,2,17,0,14,21,6,41,46,0,46,87
01/17/2020,TWF,ID,ANM,WE,Combination Non-Radar Approach Control & Tower w/o Radar,0,14,3,0,17,0,0,25,0,25,0,14,28,0,42,114,0,114,156
01/18/2020,TWF,ID,ANM,WE,Combination Non-Radar Approach Control & Tower w/o Radar,0,11,12,0,23,0,2,40,0,42,0,13,52,0,65,98,0,98,163
01/19/2020,TWF,ID,ANM,WE,Combination Non-Radar Approach Control & Tower w/o Radar,0,2,0,0,2,0,0,11,0,11,0,2,11,0,13,20,0,20,33
01/20/2020,TWF,ID,ANM,WE,Combination Non-Radar Approach Control & Tower w/o Radar,0,25,17,0,42,0,0,15,0,15,0,25,32,0,57,70,0,70,127
01/21/2020,TWF,ID,ANM,WE,Combination Non-Radar Approach Control & Tower w/o Radar,0,13,5,0,18,0,0,13,0,13,0,13,18,0,31,14,0,14,45
01/22/2020,TWF,ID,ANM,WE,Combination Non-Radar Approach Control & Tower w/o Radar,1,17,9,2,29,0,0,29,0,29,1,17,38,2,58,112,0,112,170
01/23/2020,TWF,ID,ANM,WE,Combination Non-Radar Approach Control & Tower w/o Radar,0,14,7,1,22,0,0,24,0,24,0,14,31,1,46,130,0,130,176
01/24/2020,TWF,ID,ANM,WE,Combination Non-Radar Approach Control & Tower w/o Radar,8,27,12,0,47,0,1,8,0,9,8,28,20,0,56,86,0,86,142
01/25/2020,TWF,ID,ANM,WE,Combination Non-Radar Approach Control & Tower w/o Radar,1,12,6,0,19,0,0,23,0,23,1,12,29,0,42,66,0,66,108
01/26/2020,TWF,ID,ANM,WE,Combination Non-Radar Approach Control & Tower w/o Radar,11,15,13,0,39,0,0,2,0,2,11,15,15,0,41,10,0,10,51
01/27/2020,TWF,ID,ANM,WE,Combination Non-Radar Approach Control & Tower w/o Radar,1,12,4,0,17,0,0,16,0,16,1,12,20,0,33,76,0,76,109
01/28/2020,TWF,ID,ANM,WE,Combination Non-Radar Approach Control & Tower w/o Radar,9,25,3,0,37,0,2,1,0,3,9,27,4,0,40,0,0,0,40
01/29/2020,TWF,ID,ANM,WE,Combination Non-Radar Approach Control & Tower w/o Radar,1,12,8,2,23,0,0,11,0,11,1,12,19,2,34,36,0,36,70
01/30/2020,TWF,ID,ANM,WE,Combination Non-Radar Approach Control & Tower w/o Radar,2,25,15,0,42,0,0,6,0,6,2,25,21,0,48,40,0,40,88
01/31/2020,TWF,ID,ANM,WE,Combination Non-Radar Approach Control & Tower w/o Radar,6,17,5,2,30,0,0,29,0,29,6,17,34,2,59,52,0,52,111
02/01/2020,TWF,ID,ANM,WE,Combination Non-Radar Approach Control & Tower w/o Radar,0,12,7,0,19,0,0,39,4,43,0,12,46,4,62,110,0,110,172
02/02/2020,TWF,ID,ANM,WE,Combination Non-Radar Approach Control & Tower w/o Radar,9,10,5,0,24,0,0,0,0,0,9,10,5,0,24,6,0,6,30
02/03/2020,TWF,ID,ANM,WE,Combination Non-Radar Approach Control & Tower w/o Radar,8,19,9,0,36,0,1,1,0,2,8,20,10,0,38,0,0,0,38
02/04/2020,TWF,ID,ANM,WE,Combination Non-Radar Approach Control & Tower w/o Radar,0,15,4,0,19,0,0,12,0,12,0,15,16,0,31,102,0,102,133
02/05/2020,TWF,ID,ANM,WE,Combination Non-Radar Approach Control & Tower w/o Radar,7,16,5,0,28,0,0,2,0,2,7,16,7,0,30,0,0,0,30
02/06/2020,TWF,ID,ANM,WE,Combination Non-Radar Approach Control & Tower w/o Radar,0,11,6,0,17,0,0,7,0,7,0,11,13,0,24,4,0,4,28
02/07/2020,TWF,ID,ANM,WE,Combination Non-Radar Approach Control & Tower w/o Radar,0,15,4,0,19,0,0,7,0,7,0,15,11,0,26,0,0,0,26
02/08/2020,TWF,ID,ANM,WE,Combination Non-Radar Approach Control & Tower w/o Radar,0,12,3,1,16,0,1,2,1,4,0,13,5,2,20,0,0,0,20
02/09/2020,TWF,ID,ANM,WE,Combination Non-Radar Approach Control & Tower w/o Radar,0,3,2,0,5,0,0,12,0,12,0,3,14,0,17,36,0,36,53
02/10/2020,TWF,ID,ANM,WE,Combination Non-Radar Approach Control & Tower w/o Radar,0,11,2,0,13,0,0,22,1,23,0,11,24,1,36,22,0,22,58
02/11/2020,TWF,ID,ANM,WE,Combination Non-Radar Approach Control & Tower w/o Radar,0,17,5,0,22,0,0,31,0,31,0,17,36,0,53,42,0,42,95
02/12/2020,TWF,ID,ANM,WE,Combination Non-Radar Approach Control & Tower w/o Radar,0,13,10,2,25,0,0,32,0,32,0,13,42,2,57,30,0,30,87
02/13/2020,TWF,ID,ANM,WE,Combination Non-Radar Approach Control & Tower w/o Radar,2,14,5,2,23,0,0,49,3,52,2,14,54,5,75,88,4,92,167
02/14/2020,TWF,ID,ANM,WE,Combination Non-Radar Approach Control & Tower w/o Radar,0,12,2,0,14,0,0,18,0,18,0,12,20,0,32,108,0,108,140
02/15/2020,TWF,ID,ANM,WE,Combination Non-Radar Approach Control & Tower w/o Radar,0,16,4,0,20,0,0,23,2,25,0,16,27,2,45,100,0,100,145
02/16/2020,TWF,ID,ANM,WE,Combination Non-Radar Approach Control & Tower w/o Radar,6,9,5,0,20,0,0,0,0,0,6,9,5,0,20,0,0,0,20
02/17/2020,TWF,ID,ANM,WE,Combination Non-Radar Approach Control & Tower w/o Radar,0,11,3,0,14,0,0,17,0,17,0,11,20,0,31,16,0,16,47
02/18/2020,TWF,ID,ANM,WE,Combination Non-Radar Approach Control & Tower w/o Radar,0,1,5,1,7,0,0,17,1,18,0,1,22,2,25,76,0,76,101
02/19/2020,TWF,ID,ANM,WE,Combination Non-Radar Approach Control & Tower w/o Radar,0,12,14,1,27,0,0,51,1,52,0,12,65,2,79,48,10,58,137
02/20/2020,TWF,ID,ANM,WE,Combination Non-Radar Approach Control & Tower w/o Radar,0,11,6,1,18,0,1,30,2,33,0,12,36,3,51,32,4,36,87
02/21/2020,TWF,ID,ANM,WE,Combination Non-Radar Approach Control & Tower w/o Radar,0,14,3,0,17,0,0,37,0,37,0,14,40,0,54,138,0,138,192
02/22/2020,TWF,ID,ANM,WE,Combination Non-Radar Approach Control & Tower w/o Radar,1,10,2,0,13,0,0,43,0,43,1,10,45,0,56,52,0,52,108
02/23/2020,TWF,ID,ANM,WE,Combination Non-Radar Approach Control & Tower w/o Radar,0,8,5,0,13,0,0,38,0,38,0,8,43,0,51,22,12,34,85
02/24/2020,TWF,ID,ANM,WE,Combination Non-Radar Approach Control & Tower w/o Radar,0,8,0,0,8,0,0,21,0,21,0,8,21,0,29,48,0,48,77
02/25/2020,TWF,ID,ANM,WE,Combination Non-Radar Approach Control & Tower w/o Radar,0,13,4,1,18,0,1,47,1,49,0,14,51,2,67,86,0,86,153
02/26/2020,TWF,ID,ANM,WE,Combination Non-Radar Approach Control & Tower w/o Radar,0,13,4,0,17,0,0,45,1,46,0,13,49,1,63,68,8,76,139
02/27/2020,TWF,ID,ANM,WE,Combination Non-Radar Approach Control & Tower w/o Radar,0,14,9,0,23,0,0,54,2,56,0,14,63,2,79,116,0,116,195
02/28/2020,TWF,ID,ANM,WE,Combination Non-Radar Approach Control & Tower w/o Radar,0,18,6,1,25,0,0,31,0,31,0,18,37,1,56,51,0,51,107
02/29/2020,TWF,ID,ANM,WE,Combination Non-Radar Approach Control & Tower w/o Radar,0,11,4,0,15,0,0,26,0,26,0,11,30,0,41,82,0,82,123
03/01/2020,TWF,ID,ANM,WE,Combination Non-Radar Approach Control & Tower w/o Radar,0,6,0,0,6,0,0,25,0,25,0,6,25,0,31,78,0,78,109
03/02/2020,TWF,ID,ANM,WE,Combination Non-Radar Approach Control & Tower w/o Radar,0,12,11,1,24,0,0,23,0,23,0,12,34,1,47,80,0,80,127
03/03/2020,TWF,ID,ANM,WE,Combination Non-Radar Approach Control & Tower w/o Radar,0,13,3,0,16,0,0,18,0,18,0,13,21,0,34,60,0,60,94
03/04/2020,TWF,ID,ANM,WE,Combination Non-Radar Approach Control & Tower w/o Radar,0,14,4,0,18,0,0,33,0,33,0,14,37,0,51,50,0,50,101
03/05/2020,TWF,ID,ANM,WE,Combination Non-Radar Approach Control & Tower w/o Radar,0,14,13,0,27,0,1,50,0,51,0,15,63,0,78,26,0,26,104
03/06/2020,TWF,ID,ANM,WE,Combination Non-Radar Approach Control & Tower w/o Radar,0,12,0,0,12,0,0,13,0,13,0,12,13,0,25,16,0,16,41
03/07/2020,TWF,ID,ANM,WE,Combination Non-Radar Approach Control & Tower w/o Radar,0,10,3,0,13,0,0,3,0,3,0,10,6,0,16,14,2,16,32
03/08/2020,TWF,ID,ANM,WE,Combination Non-Radar Approach Control & Tower w/o Radar,0,4,1,0,5,0,0,24,0,24,0,4,25,0,29,2,0,2,31
03/09/2020,TWF,ID,ANM,WE,Combination Non-Radar Approach Control & Tower w/o Radar,0,4,0,0,4,0,0,10,0,10,0,4,10,0,14,31,0,31,45
03/10/2020,TWF,ID,ANM,WE,Combination Non-Radar Approach Control & Tower w/o Radar,0,12,1,0,13,0,1,36,0,37,0,13,37,0,50,134,0,134,184
03/11/2020,TWF,ID,ANM,WE,Combination Non-Radar Approach Control & Tower w/o Radar,0,16,5,0,21,0,0,52,0,52,0,16,57,0,73,103,0,103,176
03/12/2020,TWF,ID,ANM,WE,Combination Non-Radar Approach Control & Tower w/o Radar,0,12,8,0,20,0,1,35,0,36,0,13,43,0,56,120,0,120,176
03/13/2020,TWF,ID,ANM,WE,Combination Non-Radar Approach Control & Tower w/o Radar,0,13,6,0,19,0,1,40,0,41,0,14,46,0,60,90,0,90,150
03/14/2020,TWF,ID,ANM,WE,Combination Non-Radar Approach Control & Tower w/o Radar,7,25,2,0,34,0,0,1,0,1,7,25,3,0,35,0,0,0,35
03/15/2020,TWF,ID,ANM,WE,Combination Non-Radar Approach Control & Tower w/o Radar,7,10,4,0,21,0,0,6,0,6,7,10,10,0,27,0,6,6,33
03/16/2020,TWF,ID,ANM,WE,Combination Non-Radar Approach Control & Tower w/o Radar,0,9,6,0,15,0,1,22,0,23,0,10,28,0,38,76,0,76,114
03/17/2020,TWF,ID,ANM,WE,Combination Non-Radar Approach Control & Tower w/o Radar,0,13,1,0,14,0,0,13,0,13,0,13,14,0,27,16,0,16,43
03/18/2020,TWF,ID,ANM,WE,Combination Non-Radar Approach Control & Tower w/o Radar,7,8,14,1,30,0,0,47,0,47,7,8,61,1,77,162,0,162,239
03/19/2020,TWF,ID,ANM,WE,Combination Non-Radar Approach Control & Tower w/o Radar,0,16,2,1,19,0,1,35,1,37,0,17,37,2,56,156,0,156,212
03/20/2020,TWF,ID,ANM,WE,Combination Non-Radar Approach Control & Tower w/o Radar,0,11,6,0,17,0,1,50,0,51,0,12,56,0,68,186,0,186,254
03/21/2020,TWF,ID,ANM,WE,Combination Non-Radar Approach Control & Tower w/o Radar,0,10,2,0,12,0,1,50,0,51,0,11,52,0,63,69,0,69,132
03/22/2020,TWF,ID,ANM,WE,Combination Non-Radar Approach Control & Tower w/o Radar,0,7,4,0,11,0,0,38,0,38,0,7,42,0,49,54,0,54,103
03/23/2020,TWF,ID,ANM,WE,Combination Non-Radar Approach Control & Tower w/o Radar,0,10,0,2,12,0,0,26,0,26,0,10,26,2,38,30,14,44,82
03/24/2020,TWF,ID,ANM,WE,Combination Non-Radar Approach Control & Tower w/o Radar,0,13,1,4,18,0,0,26,2,28,0,13,27,6,46,88,0,88,134
03/25/2020,TWF,ID,ANM,WE,Combination Non-Radar Approach Control & Tower w/o Radar,0,13,1,0,14,0,1,11,0,12,0,14,12,0,26,74,0,74,100
03/26/2020,TWF,ID,ANM,WE,Combination Non-Radar Approach Control & Tower w/o Radar,0,10,4,0,14,0,0,18,0,18,0,10,22,0,32,70,0,70,102
03/27/2020,TWF,ID,ANM,WE,Combination Non-Radar Approach Control & Tower w/o Radar,0,9,2,0,11,0,0,29,0,29,0,9,31,0,40,56,0,56,96
03/28/2020,TWF,ID,ANM,WE,Combination Non-Radar Approach Control & Tower w/o Radar,0,7,0,0,7,0,0,17,0,17,0,7,17,0,24,28,0,28,52
03/29/2020,TWF,ID,ANM,WE,Combination Non-Radar Approach Control & Tower w/o Radar,0,5,0,0,5,0,0,0,0,0,0,5,0,0,5,0,0,0,5
03/30/2020,TWF,ID,ANM,WE,Combination Non-Radar Approach Control & Tower w/o Radar,0,9,1,0,10,0,0,18,0,18,0,9,19,0,28,110,0,110,138
03/31/2020,TWF,ID,ANM,WE,Combination Non-Radar Approach Control & Tower w/o Radar,3,14,0,1,18,0,1,4,0,5,3,15,4,1,23,110,24,134,157
04/01/2020,TWF,ID,ANM,WE,Combination Non-Radar Approach Control & Tower w/o Radar,0,9,0,0,9,0,0,7,3,10,0,9,7,3,19,36,0,36,55
04/02/2020,TWF,ID,ANM,WE,Combination Non-Radar Approach Control & Tower w/o Radar,0,6,3,0,9,0,0,27,0,27,0,6,30,0,36,62,0,62,98
04/03/2020,TWF,ID,ANM,WE,Combination Non-Radar Approach Control & Tower w/o Radar,0,7,0,0,7,0,0,36,0,36,0,7,36,0,43,86,0,86,129
04/04/2020,TWF,ID,ANM,WE,Combination Non-Radar Approach Control & Tower w/o Radar,0,5,3,0,8,0,0,26,0,26,0,5,29,0,34,52,0,52,86
04/05/2020,TWF,ID,ANM,WE,Combination Non-Radar Approach Control & Tower w/o Radar,0,2,1,0,3,0,0,8,0,8,0,2,9,0,11,6,0,6,17
04/06/2020,TWF,ID,ANM,WE,Combination Non-Radar Approach Control & Tower w/o Radar,0,6,0,0,6,0,0,15,0,15,0,6,15,0,21,72,0,72,93
04/07/2020,TWF,ID,ANM,WE,Combination Non-Radar Approach Control & Tower w/o Radar,0,8,4,0,12,0,0,46,0,46,0,8,50,0,58,176,0,176,234
04/08/2020,TWF,ID,ANM,WE,Combination Non-Radar Approach Control & Tower w/o Radar,0,10,4,4,18,0,0,41,2,43,0,10,45,6,61,86,12,98,159
04/09/2020,TWF,ID,ANM,WE,Combination Non-Radar Approach Control & Tower w/o Radar,0,9,4,0,13,0,0,46,0,46,0,9,50,0,59,118,0,118,177
04/10/2020,TWF,ID,ANM,WE,Combination Non-Radar Approach Control & Tower w/o Radar,0,8,1,0,9,0,0,36,0,36,0,8,37,0,45,42,0,42,87
04/11/2020,TWF,ID,ANM,WE,Combination Non-Radar Approach Control & Tower w/o Radar,0,7,0,0,7,0,0,0,0,0,0,7,0,0,7,0,0,0,7
04/12/2020,TWF,ID,ANM,WE,Combination Non-Radar Approach Control & Tower w/o Radar,0,2,0,0,2,0,0,19,0,19,0,2,19,0,21,4,0,4,25
04/13/2020,TWF,ID,ANM,WE,Combination Non-Radar Approach Control & Tower w/o Radar,0,6,1,0,7,0,1,20,0,21,0,7,21,0,28,48,0,48,76
04/14/2020,TWF,ID,ANM,WE,Combination Non-Radar Approach Control & Tower w/o Radar,0,8,3,1,12,0,0,24,3,27,0,8,27,4,39,48,0,48,87
04/15/2020,TWF,ID,ANM,WE,Combination Non-Radar Approach Control & Tower w/o Radar,0,8,0,0,8,0,0,3,0,3,0,8,3,0,11,0,0,0,11
04/16/2020,TWF,ID,ANM,WE,Combination Non-Radar Approach Control & Tower w/o Radar,0,8,0,1,9,0,0,21,2,23,0,8,21,3,32,94,4,98,130
04/17/2020,TWF,ID,ANM,WE,Combination Non-Radar Approach Control & Tower w/o Radar,0,7,1,0,8,0,1,62,0,63,0,8,63,0,71,124,0,124,195
04/18/2020,TWF,ID,ANM,WE,Combination Non-Radar Approach Control & Tower w/o Radar,0,6,2,0,8,0,2,31,0,33,0,8,33,0,41,76,0,76,117
04/19/2020,TWF,ID,ANM,WE,Combination Non-Radar Approach Control & Tower w/o Radar,0,2,4,0,6,0,0,12,0,12,0,2,16,0,18,10,0,10,28
04/20/2020,TWF,ID,ANM,WE,Combination Non-Radar Approach Control & Tower w/o Radar,0,5,5,3,13,0,0,42,0,42,0,5,47,3,55,76,24,100,155
04/21/2020,TWF,ID,ANM,WE,Combination Non-Radar Approach Control & Tower w/o Radar,0,9,3,0,12,0,0,29,0,29,0,9,32,0,41,22,0,22,63
04/22/2020,TWF,ID,ANM,WE,Combination Non-Radar Approach Control & Tower w/o Radar,0,12,0,0,12,0,0,17,0,17,0,12,17,0,29,32,0,32,61
04/23/2020,TWF,ID,ANM,WE,Combination Non-Radar Approach Control & Tower w/o Radar,0,8,1,0,9,0,0,3,0,3,0,8,4,0,12,2,0,2,14
04/24/2020,TWF,ID,ANM,WE,Combination Non-Radar Approach Control & Tower w/o Radar,0,8,3,0,11,0,0,33,0,33,0,8,36,0,44,33,0,33,77
04/25/2020,TWF,ID,ANM,WE,Combination Non-Radar Approach Control & Tower w/o Radar,0,8,2,0,10,0,9,23,0,32,0,17,25,0,42,84,0,84,126
04/26/2020,TWF,ID,ANM,WE,Combination Non-Radar Approach Control & Tower w/o Radar,0,4,6,0,10,0,0,24,0,24,0,4,30,0,34,28,0,28,62
04/27/2020,TWF,ID,ANM,WE,Combination Non-Radar Approach Control & Tower w/o Radar,0,7,1,0,8,0,0,24,0,24,0,7,25,0,32,22,0,22,54
04/28/2020,TWF,ID,ANM,WE,Combination Non-Radar Approach Control & Tower w/o Radar,0,10,5,0,15,0,0,43,0,43,0,10,48,0,58,74,14,88,146
04/29/2020,TWF,ID,ANM,WE,Combination Non-Radar Approach Control & Tower w/o Radar,0,10,0,0,10,0,0,48,0,48,0,10,48,0,58,40,0,40,98
04/30/2020,TWF,ID,ANM,WE,Combination Non-Radar Approach Control & Tower w/o Radar,0,9,6,0,15,0,0,19,0,19,0,9,25,0,34,24,0,24,58
05/01/2020,TWF,ID,ANM,WE,Combination Non-Radar Approach Control & Tower w/o Radar,0,9,10,0,19,0,1,46,0,47,0,10,56,0,66,98,0,98,164
05/02/2020,TWF,ID,ANM,WE,Combination Non-Radar Approach Control & Tower w/o Radar,0,5,0,0,5,0,2,15,0,17,0,7,15,0,22,16,0,16,38
05/03/2020,TWF,ID,ANM,WE,Combination Non-Radar Approach Control & Tower w/o Radar,0,1,0,0,1,0,0,3,0,3,0,1,3,0,4,0,0,0,4
05/04/2020,TWF,ID,ANM,WE,Combination Non-Radar Approach Control & Tower w/o Radar,0,7,4,0,11,0,0,20,0,20,0,7,24,0,31,44,0,44,75
05/05/2020,TWF,ID,ANM,WE,Combination Non-Radar Approach Control & Tower w/o Radar,0,17,1,0,18,0,0,72,0,72,0,17,73,0,90,134,0,134,224
05/06/2020,TWF,ID,ANM,WE,Combination Non-Radar Approach Control & Tower w/o Radar,0,11,5,0,16,0,3,5,0,8,0,14,10,0,24,0,0,0,24
05/07/2020,TWF,ID,ANM,WE,Combination Non-Radar Approach Control & Tower w/o Radar,0,10,2,0,12,0,1,42,0,43,0,11,44,0,55,56,0,56,111
05/08/2020,TWF,ID,ANM,WE,Combination Non-Radar Approach Control & Tower w/o Radar,0,7,3,0,10,0,2,45,0,47,0,9,48,0,57,132,0,132,189
05/09/2020,TWF,ID,ANM,WE,Combination Non-Radar Approach Control & Tower w/o Radar,0,6,2,0,8,0,1,32,0,33,0,7,34,0,41,14,0,14,55
05/10/2020,TWF,ID,ANM,WE,Combination Non-Radar Approach Control & Tower w/o Radar,0,4,0,0,4,0,0,23,0,23,0,4,23,0,27,12,0,12,39
05/11/2020,TWF,ID,ANM,WE,Combination Non-Radar Approach Control & Tower w/o Radar,0,2,5,0,7,0,0,29,0,29,0,2,34,0,36,32,0,32,68
05/12/2020,TWF,ID,ANM,WE,Combination Non-Radar Approach Control & Tower w/o Radar,0,8,1,4,13,0,2,15,0,17,0,10,16,4,30,72,16,88,118
05/13/2020,TWF,ID,ANM,WE,Combination Non-Radar Approach Control & Tower w/o Radar,0,9,4,0,13,0,0,20,0,20,0,9,24,0,33,86,0,86,119
05/14/2020,TWF,ID,ANM,WE,Combination Non-Radar Approach Control & Tower w/o Radar,0,10,4,0,14,0,0,28,0,28,0,10,32,0,42,66,0,66,108
05/15/2020,TWF,ID,ANM,WE,Combination Non-Radar Approach Control & Tower w/o Radar,0,10,6,0,16,0,2,32,0,34,0,12,38,0,50,76,0,76,126
05/16/2020,TWF,ID,ANM,WE,Combination Non-Radar Approach Control & Tower w/o Radar,0,7,3,0,10,0,0,56,0,56,0,7,59,0,66,10,0,10,76
05/17/2020,TWF,ID,ANM,WE,Combination Non-Radar Approach Control & Tower w/o Radar,0,2,7,0,9,0,2,42,0,44,0,4,49,0,53,36,0,36,89
05/18/2020,TWF,ID,ANM,WE,Combination Non-Radar Approach Control & Tower w/o Radar,0,4,3,0,7,0,6,39,0,45,0,10,42,0,52,54,18,72,124
05/19/2020,TWF,ID,ANM,WE,Combination Non-Radar Approach Control & Tower w/o Radar,0,9,3,2,14,0,1,13,0,14,0,10,16,2,28,148,12,160,188
05/20/2020,TWF,ID,ANM,WE,Combination Non-Radar Approach Control & Tower w/o Radar,0,20,2,0,22,0,0,8,0,8,0,20,10,0,30,60,0,60,90
05/21/2020,TWF,ID,ANM,WE,Combination Non-Radar Approach Control & Tower w/o Radar,0,11,13,0,24,0,0,24,0,24,0,11,37,0,48,104,0,104,152
05/22/2020,TWF,ID,ANM,WE,Combination Non-Radar Approach Control & Tower w/o Radar,0,12,4,0,16,0,0,5,0,5,0,12,9,0,21,0,0,0,21
05/23/2020,TWF,ID,ANM,WE,Combination Non-Radar Approach Control & Tower w/o Radar,0,12,7,0,19,0,0,13,0,13,0,12,20,0,32,26,0,26,58
05/24/2020,TWF,ID,ANM,WE,Combination Non-Radar Approach Control & Tower w/o Radar,0,1,6,0,7,0,0,35,0,35,0,1,41,0,42,14,0,14,56
05/25/2020,TWF,ID,ANM,WE,Combination Non-Radar Approach Control & Tower w/o Radar,0,1,8,0,9,0,1,73,0,74,0,2,81,0,83,24,0,24,107
05/26/2020,TWF,ID,ANM,WE,Combination Non-Radar Approach Control & Tower w/o Radar,0,7,13,0,20,0,2,46,0,48,0,9,59,0,68,78,4,82,150
05/27/2020,TWF,ID,ANM,WE,Combination Non-Radar Approach Control & Tower w/o Radar,0,9,4,6,19,0,5,67,0,72,0,14,71,6,91,74,6,80,171
05/28/2020,TWF,ID,ANM,WE,Combination Non-Radar Approach Control & Tower w/o Radar,0,12,7,0,19,0,0,66,0,66,0,12,73,0,85,142,0,142,227
05/29/2020,TWF,ID,ANM,WE,Combination Non-Radar Approach Control & Tower w/o Radar,0,13,9,0,22,0,0,60,0,60,0,13,69,0,82,80,0,80,162
05/30/2020,TWF,ID,ANM,WE,Combination Non-Radar Approach Control & Tower w/o Radar,0,12,3,0,15,0,0,13,0,13,0,12,16,0,28,6,0,6,34
05/31/2020,TWF,ID,ANM,WE,Combination Non-Radar Approach Control & Tower w/o Radar,0,3,17,1,21,0,0,56,0,56,0,3,73,1,77,14,0,14,91
06/01/2020,TWF,ID,ANM,WE,Combination Non-Radar Approach Control & Tower w/o Radar,0,17,9,0,26,0,0,40,0,40,0,17,49,0,66,56,0,56,122
06/02/2020,TWF,ID,ANM,WE,Combination Non-Radar Approach Control & Tower w/o Radar,0,9,6,0,15,0,3,63,0,66,0,12,69,0,81,62,0,62,143
06/03/2020,TWF,ID,ANM,WE,Combination Non-Radar Approach Control & Tower w/o Radar,0,15,8,2,25,0,1,58,0,59,0,16,66,2,84,73,0,73,157
06/04/2020,TWF,ID,ANM,WE,Combination Non-Radar Approach Control & Tower w/o Radar,0,13,0,0,13,0,2,32,0,34,0,15,32,0,47,56,0,56,103
06/05/2020,TWF,ID,ANM,WE,Combination Non-Radar Approach Control & Tower w/o Radar,0,10,5,0,15,0,1,54,0,55,0,11,59,0,70,60,0,60,130
06/06/2020,TWF,ID,ANM,WE,Combination Non-Radar Approach Control & Tower w/o Radar,0,8,0,0,8,0,0,9,0,9,0,8,9,0,17,20,12,32,49
06/07/2020,TWF,ID,ANM,WE,Combination Non-Radar Approach Control & Tower w/o Radar,0,0,4,0,4,0,0,1,0,1,0,0,5,0,5,4,0,4,9
06/08/2020,TWF,ID,ANM,WE,Combination Non-Radar Approach Control & Tower w/o Radar,1,3,5,4,13,0,1,8,0,9,1,4,13,4,22,0,26,26,48
06/09/2020,TWF,ID,ANM,WE,Combination Non-Radar Approach Control & Tower w/o Radar,0,8,9,0,17,0,6,22,0,28,0,14,31,0,45,116,0,116,161
06/10/2020,TWF,ID,ANM,WE,Combination Non-Radar Approach Control & Tower w/o Radar,0,13,8,0,21,0,3,58,0,61,0,16,66,0,82,98,0,98,180
06/11/2020,TWF,ID,ANM,WE,Combination Non-Radar Approach Control & Tower w/o Radar,0,12,4,0,16,0,1,37,2,40,0,13,41,2,56,76,2,78,134
06/12/2020,TWF,ID,ANM,WE,Combination Non-Radar Approach Control & Tower w/o Radar,0,12,2,0,14,0,2,38,2,42,0,14,40,2,56,32,0,32,88
06/13/2020,TWF,ID,ANM,WE,Combination Non-Radar Approach Control & Tower w/o Radar,0,8,1,0,9,0,0,16,0,16,0,8,17,0,25,0,0,0,25
06/14/2020,TWF,ID,ANM,WE,Combination Non-Radar Approach Control & Tower w/o Radar,0,4,4,0,8,0,0,28,0,28,0,4,32,0,36,12,0,12,48
06/15/2020,TWF,ID,ANM,WE,Combination Non-Radar Approach Control & Tower w/o Radar,0,5,5,1,11,0,1,36,1,38,0,6,41,2,49,64,0,64,113
06/16/2020,TWF,ID,ANM,WE,Combination Non-Radar Approach Control & Tower w/o Radar,0,11,5,0,16,0,0,9,0,9,0,11,14,0,25,40,0,40,65
06/17/2020,TWF,ID,ANM,WE,Combination Non-Radar Approach Control & Tower w/o Radar,1,9,5,0,15,0,0,10,0,10,1,9,15,0,25,0,0,0,25
06/18/2020,TWF,ID,ANM,WE,Combination Non-Radar Approach Control & Tower w/o Radar,0,7,9,4,20,0,0,128,0,128,0,7,137,4,148,88,26,114,262
06/19/2020,TWF,ID,ANM,WE,Combination Non-Radar Approach Control & Tower w/o Radar,0,10,8,0,18,0,0,85,0,85,0,10,93,0,103,66,0,66,169
06/20/2020,TWF,ID,ANM,WE,Combination Non-Radar Approach Control & Tower w/o Radar,1,6,7,1,15,0,1,52,1,54,1,7,59,2,69,34,0,34,103
06/21/2020,TWF,ID,ANM,WE,Combination Non-Radar Approach Control & Tower w/o Radar,1,1,1,0,3,0,2,18,0,20,1,3,19,0,23,0,0,0,23
06/22/2020,TWF,ID,ANM,WE,Combination Non-Radar Approach Control & Tower w/o Radar,1,4,17,0,22,0,1,60,0,61,1,5,77,0,83,32,0,32,115
06/23/2020,TWF,ID,ANM,WE,Combination Non-Radar Approach Control & Tower w/o Radar,1,12,6,0,19,0,0,73,0,73,1,12,79,0,92,48,0,48,140
06/24/2020,TWF,ID,ANM,WE,Combination Non-Radar Approach Control & Tower w/o Radar,1,11,11,0,23,0,1,80,0,81,1,12,91,0,104,51,18,69,173
06/25/2020,TWF,ID,ANM,WE,Combination Non-Radar Approach Control & Tower w/o Radar,1,14,10,0,25,0,6,40,0,46,1,20,50,0,71,82,4,86,157
06/26/2020,TWF,ID,ANM,WE,Combination Non-Radar Approach Control & Tower w/o Radar,1,10,13,0,24,0,1,45,0,46,1,11,58,0,70,124,0,124,194
06/27/2020,TWF,ID,ANM,WE,Combination Non-Radar Approach Control & Tower w/o Radar,0,10,3,0,13,0,1,40,0,41,0,11,43,0,54,84,0,84,138
06/28/2020,TWF,ID,ANM,WE,Combination Non-Radar Approach Control & Tower w/o Radar,1,5,9,0,15,0,1,16,0,17,1,6,25,0,32,0,0,0,32
06/29/2020,TWF,ID,ANM,WE,Combination Non-Radar Approach Control & Tower w/o Radar,0,12,10,2,24,0,0,5,0,5,0,12,15,2,29,90,0,90,119
06/30/2020,TWF,ID,ANM,WE,Combination Non-Radar Approach Control & Tower w/o Radar,2,10,7,2,21,0,0,29,0,29,2,10,36,2,50,92,0,92,142
07/01/2020,TWF,ID,ANM,WE,Combination Non-Radar Approach Control & Tower w/o Radar,1,9,22,0,32,0,1,87,0,88,1,10,109,0,120,58,0,58,178
07/02/2020,TWF,ID,ANM,WE,Combination Non-Radar Approach Control & Tower w/o Radar,0,11,10,0,21,0,8,45,0,53,0,19,55,0,74,44,0,44,118
07/03/2020,TWF,ID,ANM,WE,Combination Non-Radar Approach Control & Tower w/o Radar,0,8,3,0,11,0,1,86,0,87,0,9,89,0,98,42,0,42,140
07/04/2020,TWF,ID,ANM,WE,Combination Non-Radar Approach Control & Tower w/o Radar,0,3,0,0,3,0,6,11,0,17,0,9,11,0,20,4,0,4,24
07/05/2020,TWF,ID,ANM,WE,Combination Non-Radar Approach Control & Tower w/o Radar,0,3,3,0,6,0,0,30,0,30,0,3,33,0,36,10,0,10,46
07/06/2020,TWF,ID,ANM,WE,Combination Non-Radar Approach Control & Tower w/o Radar,1,7,8,0,16,0,1,59,0,60,1,8,67,0,76,36,0,36,112
07/07/2020,TWF,ID,ANM,WE,Combination Non-Radar Approach Control & Tower w/o Radar,0,17,6,0,23,0,1,27,0,28,0,18,33,0,51,22,0,22,73
07/08/2020,TWF,ID,ANM,WE,Combination Non-Radar Approach Control & Tower w/o Radar,0,12,11,0,23,0,0,58,2,60,0,12,69,2,83,68,0,68,151
07/09/2020,TWF,ID,ANM,WE,Combination Non-Radar Approach Control & Tower w/o Radar,0,14,6,0,20,0,0,61,0,61,0,14,67,0,81,90,0,90,171
07/10/2020,TWF,ID,ANM,WE,Combination Non-Radar Approach Control & Tower w/o Radar,0,11,6,0,17,0,1,37,1,39,0,12,43,1,56,10,0,10,66
07/11/2020,TWF,ID,ANM,WE,Combination Non-Radar Approach Control & Tower w/o Radar,0,9,3,0,12,0,7,58,0,65,0,16,61,0,77,158,0,158,235
07/12/2020,TWF,ID,ANM,WE,Combination Non-Radar Approach Control & Tower w/o Radar,1,5,1,0,7,0,0,19,0,19,1,5,20,0,26,20,0,20,46
07/13/2020,TWF,ID,ANM,WE,Combination Non-Radar Approach Control & Tower w/o Radar,2,8,8,1,19,0,1,49,1,51,2,9,57,2,70,60,0,60,130
07/14/2020,TWF,ID,ANM,WE,Combination Non-Radar Approach Control & Tower w/o Radar,1,9,13,0,23,0,2,53,0,55,1,11,66,0,78,67,12,79,157
07/15/2020,TWF,ID,ANM,WE,Combination Non-Radar Approach Control & Tower w/o Radar,0,11,20,0,31,0,1,54,0,55,0,12,74,0,86,122,0,122,208
07/16/2020,TWF,ID,ANM,WE,Combination Non-Radar Approach Control & Tower w/o Radar,0,15,10,0,25,0,0,127,2,129,0,15,137,2,154,44,0,44,198
07/17/2020,TWF,ID,ANM,WE,Combination Non-Radar Approach Control & Tower w/o Radar,0,9,8,2,19,0,0,69,2,71,0,9,77,4,90,66,0,66,156
07/18/2020,TWF,ID,ANM,WE,Combination Non-Radar Approach Control & Tower w/o Radar,1,12,4,0,17,0,1,56,2,59,1,13,60,2,76,48,0,48,124
07/19/2020,TWF,ID,ANM,WE,Combination Non-Radar Approach Control & Tower w/o Radar,0,7,6,0,13,0,0,47,0,47,0,7,53,0,60,2,0,2,62
07/20/2020,TWF,ID,ANM,WE,Combination Non-Radar Approach Control & Tower w/o Radar,0,9,1,2,12,2,34,63,2,101,2,43,64,4,113,96,0,96,209
07/21/2020,TWF,ID,ANM,WE,Combination Non-Radar Approach Control & Tower w/o Radar,1,12,0,0,13,0,19,72,0,91,1,31,72,0,104,74,0,74,178
07/22/2020,TWF,ID,ANM,WE,Combination Non-Radar Approach Control & Tower w/o Radar,1,10,9,0,20,0,1,27,0,28,1,11,36,0,48,68,0,68,116
07/23/2020,TWF,ID,ANM,WE,Combination Non-Radar Approach Control & Tower w/o Radar,0,11,19,0,30,0,2,37,0,39,0,13,56,0,69,39,0,39,108
07/24/2020,TWF,ID,ANM,WE,Combination Non-Radar Approach Control & Tower w/o Radar,1,14,6,0,21,0,5,55,0,60,1,19,61,0,81,72,0,72,153
07/25/2020,TWF,ID,ANM,WE,Combination Non-Radar Approach Control & Tower w/o Radar,1,8,8,0,17,0,0,68,0,68,1,8,76,0,85,76,0,76,161
07/26/2020,TWF,ID,ANM,WE,Combination Non-Radar Approach Control & Tower w/o Radar,0,5,2,0,7,0,0,56,0,56,0,5,58,0,63,4,0,4,67
07/27/2020,TWF,ID,ANM,WE,Combination Non-Radar Approach Control & Tower w/o Radar,0,5,2,2,9,0,0,60,0,60,0,5,62,2,69,70,0,70,139
07/28/2020,TWF,ID,ANM,WE,Combination Non-Radar Approach Control & Tower w/o Radar,0,14,1,2,17,0,2,26,0,28,0,16,27,2,45,84,0,84,129
07/29/2020,TWF,ID,ANM,WE,Combination Non-Radar Approach Control & Tower w/o Radar,1,14,9,2,26,2,0,67,0,69,3,14,76,2,95,72,0,72,167
07/30/2020,TWF,ID,ANM,WE,Combination Non-Radar Approach Control & Tower w/o Radar,0,9,5,2,16,0,5,67,0,72,0,14,72,2,88,38,10,48,136
07/31/2020,TWF,ID,ANM,WE,Combination Non-Radar Approach Control & Tower w/o Radar,1,9,4,0,14,0,67,112,0,179,1,76,116,0,193,90,0,90,283
08/01/2020,TWF,ID,ANM,WE,Combination Non-Radar Approach Control & Tower w/o Radar,1,9,5,0,15,0,0,51,0,51,1,9,56,0,66,42,0,42,108
08/02/2020,TWF,ID,ANM,WE,Combination Non-Radar Approach Control & Tower w/o Radar,2,5,6,0,13,0,12,39,0,51,2,17,45,0,64,0,0,0,64
08/03/2020,TWF,ID,ANM,WE,Combination Non-Radar Approach Control & Tower w/o Radar,3,19,3,1,26,0,2,52,1,55,3,21,55,2,81,32,0,32,113
08/04/2020,TWF,ID,ANM,WE,Combination Non-Radar Approach Control & Tower w/o Radar,0,17,8,2,27,0,1,77,0,78,0,18,85,2,105,90,14,104,209
08/05/2020,TWF,ID,ANM,WE,Combination Non-Radar Approach Control & Tower w/o Radar,0,24,13,2,39,0,1,61,10,72,0,25,74,12,111,90,8,98,209
08/06/2020,TWF,ID,ANM,WE,Combination Non-Radar Approach Control & Tower w/o Radar,0,16,3,1,20,1,19,65,0,85,1,35,68,1,105,90,0,90,195
08/07/2020,TWF,ID,ANM,WE,Combination Non-Radar Approach Control & Tower w/o Radar,0,16,6,0,22,1,41,47,0,89,1,57,53,0,111,52,2,54,165
08/08/2020,TWF,ID,ANM,WE,Combination Non-Radar Approach Control & Tower w/o Radar,0,9,5,0,14,0,44,76,2,122,0,53,81,2,136,98,0,98,234
08/09/2020,TWF,ID,ANM,WE,Combination Non-Radar Approach Control & Tower w/o Radar,0,7,3,0,10,0,3,30,0,33,0,10,33,0,43,12,0,12,55
08/10/2020,TWF,ID,ANM,WE,Combination Non-Radar Approach Control & Tower w/o Radar,1,12,7,0,20,0,1,40,0,41,1,13,47,0,61,144,0,144,205
08/11/2020,TWF,ID,ANM,WE,Combination Non-Radar Approach Control & Tower w/o Radar,0,10,5,2,17,0,1,41,0,42,0,11,46,2,59,112,22,134,193
08/12/2020,TWF,ID,ANM,WE,Combination Non-Radar Approach Control & Tower w/o Radar,0,26,7,2,35,0,4,49,3,56,0,30,56,5,91,106,4,110,201
08/13/2020,TWF,ID,ANM,WE,Combination Non-Radar Approach Control & Tower w/o Radar,0,16,5,0,21,0,6,57,0,63,0,22,62,0,84,124,0,124,208
08/14/2020,TWF,ID,ANM,WE,Combination Non-Radar Approach Control & Tower w/o Radar,0,15,6,1,22,0,27,60,0,87,0,42,66,1,109,80,0,80,189
08/15/2020,TWF,ID,ANM,WE,Combination Non-Radar Approach Control & Tower w/o Radar,0,14,4,0,18,4,2,62,0,68,4,16,66,0,86,48,0,48,134
08/16/2020,TWF,ID,ANM,WE,Combination Non-Radar Approach Control & Tower w/o Radar,1,8,3,0,12,1,7,34,0,42,2,15,37,0,54,6,0,6,60
08/17/2020,TWF,ID,ANM,WE,Combination Non-Radar Approach Control & Tower w/o Radar,0,12,4,6,22,7,7,45,0,59,7,19,49,6,81,50,0,50,131
08/18/2020,TWF,ID,ANM,WE,Combination Non-Radar Approach Control & Tower w/o Radar,0,15,3,1,19,2,8,43,0,53,2,23,46,1,72,75,0,75,147
08/19/2020,TWF,ID,ANM,WE,Combination Non-Radar Approach Control & Tower w/o Radar,1,15,19,0,35,5,13,86,0,104,6,28,105,0,139,104,0,104,243
08/20/2020,TWF,ID,ANM,WE,Combination Non-Radar Approach Control & Tower w/o Radar,3,23,19,0,45,0,2,27,0,29,3,25,46,0,74,12,0,12,86
08/21/2020,TWF,ID,ANM,WE,Combination Non-Radar Approach Control & Tower w/o Radar,4,22,16,0,42,1,0,4,0,5,5,22,20,0,47,0,0,0,47
08/22/2020,TWF,ID,ANM,WE,Combination Non-Radar Approach Control & Tower w/o Radar,2,12,5,0,19,0,1,27,0,28,2,13,32,0,47,34,0,34,81
08/23/2020,TWF,ID,ANM,WE,Combination Non-Radar Approach Control & Tower w/o Radar,3,3,4,0,10,0,0,7,0,7,3,3,11,0,17,0,0,0,17
08/24/2020,TWF,ID,ANM,WE,Combination Non-Radar Approach Control & Tower w/o Radar,3,13,7,0,23,0,1,11,0,12,3,14,18,0,35,0,0,0,35
08/25/2020,TWF,ID,ANM,WE,Combination Non-Radar Approach Control & Tower w/o Radar,0,13,3,1,17,6,10,25,0,41,6,23,28,1,58,46,0,46,104
08/26/2020,TWF,ID,ANM,WE,Combination Non-Radar Approach Control & Tower w/o Radar,2,12,14,1,29,1,31,47,3,82,3,43,61,4,111,64,0,64,175
08/27/2020,TWF,ID,ANM,WE,Combination Non-Radar Approach Control & Tower w/o Radar,2,16,6,0,24,1,0,29,0,30,3,16,35,0,54,74,0,74,128
08/28/2020,TWF,ID,ANM,WE,Combination Non-Radar Approach Control & Tower w/o Radar,3,14,10,1,28,0,4,55,0,59,3,18,65,1,87,116,4,120,207
08/29/2020,TWF,ID,ANM,WE,Combination Non-Radar Approach Control & Tower w/o Radar,1,17,8,0,26,1,0,48,0,49,2,17,56,0,75,34,0,34,109
08/30/2020,TWF,ID,ANM,WE,Combination Non-Radar Approach Control & Tower w/o Radar,0,5,2,0,7,1,0,13,0,14,1,5,15,0,21,10,0,10,31
08/31/2020,TWF,ID,ANM,WE,Combination Non-Radar Approach Control & Tower w/o Radar,0,13,9,0,22,2,1,29,0,32,2,14,38,0,54,92,0,92,146
09/01/2020,TWF,ID,ANM,WE,Combination Non-Radar Approach Control & Tower w/o Radar,0,17,6,0,23,4,2,43,0,49,4,19,49,0,72,98,0,98,170
09/02/2020,TWF,ID,ANM,WE,Combination Non-Radar Approach Control & Tower w/o Radar,0,12,7,0,19,0,2,39,0,41,0,14,46,0,60,59,0,59,119
09/03/2020,TWF,ID,ANM,WE,Combination Non-Radar Approach Control & Tower w/o Radar,1,14,3,1,19,4,1,44,1,50,5,15,47,2,69,52,6,58,127
09/04/2020,TWF,ID,ANM,WE,Combination Non-Radar Approach Control & Tower w/o Radar,1,14,9,0,24,3,0,68,0,71,4,14,77,0,95,42,0,42,137
09/05/2020,TWF,ID,ANM,WE,Combination Non-Radar Approach Control & Tower w/o Radar,3,10,7,0,20,1,0,46,0,47,4,10,53,0,67,58,0,58,125
09/06/2020,TWF,ID,ANM,WE,Combination Non-Radar Approach Control & Tower w/o Radar,4,6,6,0,16,2,3,15,0,20,6,9,21,0,36,0,0,0,36
09/07/2020,TWF,ID,ANM,WE,Combination Non-Radar Approach Control & Tower w/o Radar,1,14,3,0,18,5,1,17,0,23,6,15,20,0,41,2,0,2,43
09/08/2020,TWF,ID,ANM,WE,Combination Non-Radar Approach Control & Tower w/o Radar,17,13,7,0,37,0,4,37,0,41,17,17,44,0,78,40,0,40,118
09/09/2020,TWF,ID,ANM,WE,Combination Non-Radar Approach Control & Tower w/o Radar,2,14,7,0,23,0,5,45,0,50,2,19,52,0,73,46,0,46,119
09/10/2020,TWF,ID,ANM,WE,Combination Non-Radar Approach Control & Tower w/o Radar,1,14,8,0,23,0,3,43,0,46,1,17,51,0,69,78,0,78,147
09/11/2020,TWF,ID,ANM,WE,Combination Non-Radar Approach Control & Tower w/o Radar,0,17,4,2,23,0,4,45,0,49,0,21,49,2,72,52,0,52,124
09/12/2020,TWF,ID,ANM,WE,Combination Non-Radar Approach Control & Tower w/o Radar,0,13,5,0,18,0,9,53,0,62,0,22,58,0,80,26,0,26,106
09/13/2020,TWF,ID,ANM,WE,Combination Non-Radar Approach Control & Tower w/o Radar,1,14,23,1,39,16,12,17,2,47,17,26,40,3,86,2,0,2,88
09/14/2020,TWF,ID,ANM,WE,Combination Non-Radar Approach Control & Tower w/o Radar,1,11,12,0,24,27,26,31,0,84,28,37,43,0,108,114,0,114,222
09/15/2020,TWF,ID,ANM,WE,Combination Non-Radar Approach Control & Tower w/o Radar,1,18,7,2,28,25,17,116,0,158,26,35,123,2,186,72,0,72,258
09/16/2020,TWF,ID,ANM,WE,Combination Non-Radar Approach Control & Tower w/o Radar,2,15,13,0,30,0,26,35,0,61,2,41,48,0,91,84,0,84,175
09/17/2020,TWF,ID,ANM,WE,Combination Non-Radar Approach Control & Tower w/o Radar,2,23,5,2,32,40,31,38,0,109,42,54,43,2,141,53,0,53,194
09/18/2020,TWF,ID,ANM,WE,Combination Non-Radar Approach Control & Tower w/o Radar,0,13,9,0,22,0,36,51,0,87,0,49,60,0,109,0,0,0,109
09/19/2020,TWF,ID,ANM,WE,Combination Non-Radar Approach Control & Tower w/o Radar,3,10,1,0,14,4,16,25,0,45,7,26,26,0,59,44,0,44,103
09/20/2020,TWF,ID,ANM,WE,Combination Non-Radar Approach Control & Tower w/o Radar,5,2,5,0,12,2,22,69,0,93,7,24,74,0,105,0,0,0,105
09/21/2020,TWF,ID,ANM,WE,Combination Non-Radar Approach Control & Tower w/o Radar,2,11,6,0,19,2,2,56,0,60,4,13,62,0,79,64,0,64,143
09/22/2020,TWF,ID,ANM,WE,Combination Non-Radar Approach Control & Tower w/o Radar,1,15,12,0,28,2,5,59,0,66,3,20,71,0,94,98,0,98,192
09/23/2020,TWF,ID,ANM,WE,Combination Non-Radar Approach Control & Tower w/o Radar,0,17,12,2,31,0,27,77,0,104,0,44,89,2,135,22,16,38,173
09/24/2020,TWF,ID,ANM,WE,Combination Non-Radar Approach Control & Tower w/o Radar,3,12,5,1,21,0,33,52,1,86,3,45,57,2,107,76,0,76,183
09/25/2020,TWF,ID,ANM,WE,Combination Non-Radar Approach Control & Tower w/o Radar,2,18,3,0,23,6,33,59,1,99,8,51,62,1,122,102,0,102,224
09/26/2020,TWF,ID,ANM,WE,Combination Non-Radar Approach Control & Tower w/o Radar,0,13,10,0,23,0,0,13,0,13,0,13,23,0,36,26,0,26,62
09/27/2020,TWF,ID,ANM,WE,Combination Non-Radar Approach Control & Tower w/o Radar,3,4,6,0,13,0,0,19,0,19,3,4,25,0,32,0,0,0,32
09/28/2020,TWF,ID,ANM,WE,Combination Non-Radar Approach Control & Tower w/o Radar,0,5,1,2,8,0,0,20,0,20,0,5,21,2,28,4,8,12,40
09/29/2020,TWF,ID,ANM,WE,Combination Non-Radar Approach Control & Tower w/o Radar,1,12,2,0,15,0,4,52,0,56,1,16,54,0,71,30,0,30,101
09/30/2020,TWF,ID,ANM,WE,Combination Non-Radar Approach Control & Tower w/o Radar,0,27,6,1,34,0,0,41,1,42,0,27,47,2,76,68,6,74,150
10/01/2020,TWF,ID,ANM,WE,Combination Non-Radar Approach Control & Tower w/o Radar,2,14,10,0,26,0,3,56,0,59,2,17,66,0,85,71,0,71,156
10/02/2020,TWF,ID,ANM,WE,Combination Non-Radar Approach Control & Tower w/o Radar,1,11,1,0,13,0,4,28,0,32,1,15,29,0,45,50,0,50,95
10/03/2020,TWF,ID,ANM,WE,Combination Non-Radar Approach Control & Tower w/o Radar,2,7,6,0,15,4,4,22,0,30,6,11,28,0,45,44,0,44,89
10/04/2020,TWF,ID,ANM,WE,Combination Non-Radar Approach Control & Tower w/o Radar,1,6,2,0,9,0,3,43,0,46,1,9,45,0,55,0,0,0,55
10/05/2020,TWF,ID,ANM,WE,Combination Non-Radar Approach Control & Tower w/o Radar,3,6,5,0,14,1,1,26,0,28,4,7,31,0,42,2,0,2,44
10/06/2020,TWF,ID,ANM,WE,Combination Non-Radar Approach Control & Tower w/o Radar,0,17,12,0,29,1,2,39,0,42,1,19,51,0,71,16,0,16,87
10/07/2020,TWF,ID,ANM,WE,Combination Non-Radar Approach Control & Tower w/o Radar,0,15,5,0,20,0,1,40,5,46,0,16,45,5,66,88,0,88,154
10/08/2020,TWF,ID,ANM,WE,Combination Non-Radar Approach Control & Tower w/o Radar,0,17,10,5,32,0,0,44,2,46,0,17,54,7,78,49,24,73,151
10/09/2020,TWF,ID,ANM,WE,Combination Non-Radar Approach Control & Tower w/o Radar,0,18,12,0,30,0,7,43,0,50,0,25,55,0,80,132,0,132,212
10/10/2020,TWF,ID,ANM,WE,Combination Non-Radar Approach Control & Tower w/o Radar,1,11,1,0,13,0,15,14,0,29,1,26,15,0,42,64,0,64,106
10/11/2020,TWF,ID,ANM,WE,Combination Non-Radar Approach Control & Tower w/o Radar,0,8,5,0,13,0,2,5,0,7,0,10,10,0,20,0,0,0,20
10/12/2020,TWF,ID,ANM,WE,Combination Non-Radar Approach Control & Tower w/o Radar,0,9,6,0,15,0,0,12,0,12,0,9,18,0,27,6,0,6,33
10/13/2020,TWF,ID,ANM,WE,Combination Non-Radar Approach Control & Tower w/o Radar,0,14,11,0,25,0,1,30,0,31,0,15,41,0,56,57,0,57,113
10/14/2020,TWF,ID,ANM,WE,Combination Non-Radar Approach Control & Tower w/o Radar,0,16,7,0,23,0,0,13,0,13,0,16,20,0,36,18,0,18,54
10/15/2020,TWF,ID,ANM,WE,Combination Non-Radar Approach Control & Tower w/o Radar,0,17,7,2,26,0,0,45,5,50,0,17,52,7,76,42,4,46,122
10/16/2020,TWF,ID,ANM,WE,Combination Non-Radar Approach Control & Tower w/o Radar,1,15,3,0,19,0,2,63,0,65,1,17,66,0,84,94,0,94,178
10/17/2020,TWF,ID,ANM,WE,Combination Non-Radar Approach Control & Tower w/o Radar,2,6,1,0,9,0,6,18,0,24,2,12,19,0,33,4,0,4,37
10/18/2020,TWF,ID,ANM,WE,Combination Non-Radar Approach Control & Tower w/o Radar,0,5,4,0,9,0,9,20,0,29,0,14,24,0,38,0,0,0,38
10/19/2020,TWF,ID,ANM,WE,Combination Non-Radar Approach Control & Tower w/o Radar,0,10,2,0,12,0,1,26,0,27,0,11,28,0,39,58,0,58,97
10/20/2020,TWF,ID,ANM,WE,Combination Non-Radar Approach Control & Tower w/o Radar,0,15,9,0,24,0,3,35,0,38,0,18,44,0,62,76,0,76,138
10/21/2020,TWF,ID,ANM,WE,Combination Non-Radar Approach Control & Tower w/o Radar,0,16,15,0,31,0,0,29,0,29,0,16,44,0,60,55,0,55,115
10/22/2020,TWF,ID,ANM,WE,Combination Non-Radar Approach Control & Tower w/o Radar,0,14,6,3,23,0,1,30,2,33,0,15,36,5,56,113,16,129,185
10/23/2020,TWF,ID,ANM,WE,Combination Non-Radar Approach Control & Tower w/o Radar,1,13,11,1,26,0,5,46,0,51,1,18,57,1,77,184,0,184,261
10/24/2020,TWF,ID,ANM,WE,Combination Non-Radar Approach Control & Tower w/o Radar,1,7,0,0,8,0,1,3,0,4,1,8,3,0,12,0,0,0,12
10/25/2020,TWF,ID,ANM,WE,Combination Non-Radar Approach Control & Tower w/o Radar,2,6,4,0,12,0,0,8,0,8,2,6,12,0,20,12,0,12,32
10/26/2020,TWF,ID,ANM,WE,Combination Non-Radar Approach Control & Tower w/o Radar,0,5,7,0,12,0,0,16,0,16,0,5,23,0,28,6,0,6,34
10/27/2020,TWF,ID,ANM,WE,Combination Non-Radar Approach Control & Tower w/o Radar,1,12,4,0,17,0,1,36,0,37,1,13,40,0,54,98,0,98,152
10/28/2020,TWF,ID,ANM,WE,Combination Non-Radar Approach Control & Tower w/o Radar,0,19,3,0,22,0,2,51,0,53,0,21,54,0,75,22,0,22,97
10/29/2020,TWF,ID,ANM,WE,Combination Non-Radar Approach Control & Tower w/o Radar,0,17,8,6,31,0,0,73,3,76,0,17,81,9,107,132,14,146,253
10/30/2020,TWF,ID,ANM,WE,Combination Non-Radar Approach Control & Tower w/o Radar,0,13,5,0,18,0,0,51,0,51,0,13,56,0,69,49,0,49,118
10/31/2020,TWF,ID,ANM,WE,Combination Non-Radar Approach Control & Tower w/o Radar,0,9,0,1,10,0,0,31,1,32,0,9,31,2,42,28,0,28,70
11/01/2020,TWF,ID,ANM,WE,Combination Non-Radar Approach Control & Tower w/o Radar,0,6,0,0,6,0,0,26,0,26,0,6,26,0,32,2,0,2,34
11/02/2020,TWF,ID,ANM,WE,Combination Non-Radar Approach Control & Tower w/o Radar,0,12,9,2,23,0,0,37,0,37,0,12,46,2,60,38,0,38,98
11/03/2020,TWF,ID,ANM,WE,Combination Non-Radar Approach Control & Tower w/o Radar,0,13,8,0,21,0,0,35,0,35,0,13,43,0,56,64,0,64,120
11/04/2020,TWF,ID,ANM,WE,Combination Non-Radar Approach Control & Tower w/o Radar,0,10,5,5,20,0,2,44,0,46,0,12,49,5,66,38,4,42,108
11/05/2020,TWF,ID,ANM,WE,Combination Non-Radar Approach Control & Tower w/o Radar,1,14,5,1,21,0,2,53,1,56,1,16,58,2,77,124,0,124,201
11/06/2020,TWF,ID,ANM,WE,Combination Non-Radar Approach Control & Tower w/o Radar,0,17,6,0,23,0,2,15,0,17,0,19,21,0,40,30,0,30,70
11/07/2020,TWF,ID,ANM,WE,Combination Non-Radar Approach Control & Tower w/o Radar,0,5,13,0,18,0,1,11,0,12,0,6,24,0,30,34,0,34,64
11/08/2020,TWF,ID,ANM,WE,Combination Non-Radar Approach Control & Tower w/o Radar,4,6,6,0,16,0,0,0,0,0,4,6,6,0,16,0,0,0,16
11/09/2020,TWF,ID,ANM,WE,Combination Non-Radar Approach Control & Tower w/o Radar,1,13,3,0,17,0,0,16,0,16,1,13,19,0,33,48,0,48,81
11/10/2020,TWF,ID,ANM,WE,Combination Non-Radar Approach Control & Tower w/o Radar,0,12,8,0,20,0,0,10,0,10,0,12,18,0,30,104,0,104,134
11/11/2020,TWF,ID,ANM,WE,Combination Non-Radar Approach Control & Tower w/o Radar,1,14,8,0,23,0,0,13,0,13,1,14,21,0,36,13,0,13,49
11/12/2020,TWF,ID,ANM,WE,Combination Non-Radar Approach Control & Tower w/o Radar,0,20,8,0,28,0,1,59,0,60,0,21,67,0,88,66,0,66,154
11/13/2020,TWF,ID,ANM,WE,Combination Non-Radar Approach Control & Tower w/o Radar,3,14,13,0,30,0,0,6,0,6,3,14,19,0,36,2,0,2,38
11/14/2020,TWF,ID,ANM,WE,Combination Non-Radar Approach Control & Tower w/o Radar,1,10,2,0,13,0,2,11,0,13,1,12,13,0,26,16,0,16,42
11/15/2020,TWF,ID,ANM,WE,Combination Non-Radar Approach Control & Tower w/o Radar,0,9,2,0,11,0,0,0,0,0,0,9,2,0,11,0,0,0,11
11/16/2020,TWF,ID,ANM,WE,Combination Non-Radar Approach Control & Tower w/o Radar,2,13,6,0,21,0,2,23,0,25,2,15,29,0,46,36,0,36,82
11/17/2020,TWF,ID,ANM,WE,Combination Non-Radar Approach Control & Tower w/o Radar,1,11,2,0,14,0,0,24,0,24,1,11,26,0,38,18,0,18,56
11/18/2020,TWF,ID,ANM,WE,Combination Non-Radar Approach Control & Tower w/o Radar,0,19,4,0,23,0,0,8,0,8,0,19,12,0,31,34,0,34,65
11/19/2020,TWF,ID,ANM,WE,Combination Non-Radar Approach Control & Tower w/o Radar,1,12,8,0,21,0,0,20,0,20,1,12,28,0,41,30,0,30,71
11/20/2020,TWF,ID,ANM,WE,Combination Non-Radar Approach Control & Tower w/o Radar,0,17,3,0,20,0,3,57,0,60,0,20,60,0,80,135,0,135,215
11/21/2020,TWF,ID,ANM,WE,Combination Non-Radar Approach Control & Tower w/o Radar,1,9,0,0,10,0,4,55,2,61,1,13,55,2,71,108,0,108,179
11/22/2020,TWF,ID,ANM,WE,Combination Non-Radar Approach Control & Tower w/o Radar,3,5,3,0,11,0,0,26,0,26,3,5,29,0,37,19,0,19,56
11/23/2020,TWF,ID,ANM,WE,Combination Non-Radar Approach Control & Tower w/o Radar,2,12,6,0,20,0,0,35,0,35,2,12,41,0,55,60,0,60,115
11/24/2020,TWF,ID,ANM,WE,Combination Non-Radar Approach Control & Tower w/o Radar,2,14,2,2,20,0,0,48,1,49,2,14,50,3,69,214,0,214,283
11/25/2020,TWF,ID,ANM,WE,Combination Non-Radar Approach Control & Tower w/o Radar,8,11,7,0,26,0,0,8,0,8,8,11,15,0,34,16,0,16,50
11/26/2020,TWF,ID,ANM,WE,Combination Non-Radar Approach Control & Tower w/o Radar,0,7,0,0,7,0,0,1,0,1,0,7,1,0,8,0,0,0,8
11/27/2020,TWF,ID,ANM,WE,Combination Non-Radar Approach Control & Tower w/o Radar,0,12,0,0,12,0,0,48,2,50,0,12,48,2,62,52,0,52,114
11/28/2020,TWF,ID,ANM,WE,Combination Non-Radar Approach Control & Tower w/o Radar,0,12,2,0,14,0,4,15,0,19,0,16,17,0,33,14,0,14,47
11/29/2020,TWF,ID,ANM,WE,Combination Non-Radar Approach Control & Tower w/o Radar,0,7,4,0,11,0,1,25,0,26,0,8,29,0,37,12,0,12,49
11/30/2020,TWF,ID,ANM,WE,Combination Non-Radar Approach Control & Tower w/o Radar,2,10,7,0,19,0,0,34,1,35,2,10,41,1,54,34,0,34,88
12/01/2020,TWF,ID,ANM,WE,Combination Non-Radar Approach Control & Tower w/o Radar,0,20,7,1,28,0,0,40,5,45,0,20,47,6,73,67,2,69,142
12/02/2020,TWF,ID,ANM,WE,Combination Non-Radar Approach Control & Tower w/o Radar,0,18,6,1,25,0,0,39,1,40,0,18,45,2,65,99,0,99,164
12/03/2020,TWF,ID,ANM,WE,Combination Non-Radar Approach Control & Tower w/o Radar,0,16,7,0,23,0,0,57,0,57,0,16,64,0,80,74,0,74,154
12/04/2020,TWF,ID,ANM,WE,Combination Non-Radar Approach Control & Tower w/o Radar,0,12,3,0,15,0,0,48,0,48,0,12,51,0,63,91,0,91,154
12/05/2020,TWF,ID,ANM,WE,Combination Non-Radar Approach Control & Tower w/o Radar,0,9,3,0,12,0,2,43,0,45,0,11,46,0,57,62,0,62,119
12/06/2020,TWF,ID,ANM,WE,Combination Non-Radar Approach Control & Tower w/o Radar,1,4,1,0,6,0,0,22,0,22,1,4,23,0,28,18,0,18,46
12/07/2020,TWF,ID,ANM,WE,Combination Non-Radar Approach Control & Tower w/o Radar,0,5,7,0,12,0,0,20,0,20,0,5,27,0,32,26,0,26,58
12/08/2020,TWF,ID,ANM,WE,Combination Non-Radar Approach Control & Tower w/o Radar,0,18,14,0,32,0,0,58,1,59,0,18,72,1,91,64,0,64,155
12/09/2020,TWF,ID,ANM,WE,Combination Non-Radar Approach Control & Tower w/o Radar,0,13,3,2,18,0,1,45,0,46,0,14,48,2,64,28,0,28,92
12/10/2020,TWF,ID,ANM,WE,Combination Non-Radar Approach Control & Tower w/o Radar,0,16,6,6,28,0,0,43,1,44,0,16,49,7,72,121,14,135,207
12/11/2020,TWF,ID,ANM,WE,Combination Non-Radar Approach Control & Tower w/o Radar,0,14,6,0,20,0,1,18,1,20,0,15,24,1,40,44,0,44,84
12/12/2020,TWF,ID,ANM,WE,Combination Non-Radar Approach Control & Tower w/o Radar,0,7,3,0,10,0,0,27,1,28,0,7,30,1,38,28,0,28,66
12/13/2020,TWF,ID,ANM,WE,Combination Non-Radar Approach Control & Tower w/o Radar,1,5,3,0,9,0,0,4,0,4,1,5,7,0,13,0,0,0,13
12/14/2020,TWF,ID,ANM,WE,Combination Non-Radar Approach Control & Tower w/o Radar,0,17,5,2,24,0,0,0,0,0,0,17,5,2,24,0,0,0,24
12/15/2020,TWF,ID,ANM,WE,Combination Non-Radar Approach Control & Tower w/o Radar,0,10,4,0,14,0,1,10,0,11,0,11,14,0,25,14,0,14,39
12/16/2020,TWF,ID,ANM,WE,Combination Non-Radar Approach Control & Tower w/o Radar,0,17,7,0,24,0,0,41,0,41,0,17,48,0,65,42,0,42,107
12/17/2020,TWF,ID,ANM,WE,Combination Non-Radar Approach Control & Tower w/o Radar,1,27,11,0,39,0,0,0,0,0,1,27,11,0,39,0,0,0,39
12/18/2020,TWF,ID,ANM,WE,Combination Non-Radar Approach Control & Tower w/o Radar,1,17,14,2,34,0,0,44,0,44,1,17,58,2,78,47,0,47,125
12/19/2020,TWF,ID,ANM,WE,Combination Non-Radar Approach Control & Tower w/o Radar,0,13,3,1,17,0,1,35,1,37,0,14,38,2,54,40,0,40,94
12/20/2020,TWF,ID,ANM,WE,Combination Non-Radar Approach Control & Tower w/o Radar,0,13,14,0,27,0,0,19,0,19,0,13,33,0,46,0,0,0,46
12/21/2020,TWF,ID,ANM,WE,Combination Non-Radar Approach Control & Tower w/o Radar,0,14,8,0,22,0,0,44,0,44,0,14,52,0,66,34,0,34,100
12/22/2020,TWF,ID,ANM,WE,Combination Non-Radar Approach Control & Tower w/o Radar,0,21,3,1,25,0,0,6,1,7,0,21,9,2,32,0,0,0,32
12/23/2020,TWF,ID,ANM,WE,Combination Non-Radar Approach Control & Tower w/o Radar,0,19,7,2,28,0,0,25,3,28,0,19,32,5,56,42,0,42,98
12/24/2020,TWF,ID,ANM,WE,Combination Non-Radar Approach Control & Tower w/o Radar,1,11,0,0,12,0,0,14,0,14,1,11,14,0,26,50,0,50,76
12/25/2020,TWF,ID,ANM,WE,Combination Non-Radar Approach Control & Tower w/o Radar,0,5,0,0,5,0,0,4,0,4,0,5,4,0,9,0,0,0,9
12/26/2020,TWF,ID,ANM,WE,Combination Non-Radar Approach Control & Tower w/o Radar,0,26,19,0,45,0,0,4,0,4,0,26,23,0,49,12,0,12,61
12/27/2020,TWF,ID,ANM,WE,Combination Non-Radar Approach Control & Tower w/o Radar,0,9,14,0,23,0,0,13,0,13,0,9,27,0,36,0,0,0,36
12/28/2020,TWF,ID,ANM,WE,Combination Non-Radar Approach Control & Tower w/o Radar,0,8,1,1,10,0,0,9,1,10,0,8,10,2,20,0,0,0,20
12/29/2020,TWF,ID,ANM,WE,Combination Non-Radar Approach Control & Tower w/o Radar,1,16,12,3,32,0,0,26,0,26,1,16,38,3,58,24,0,24,82
12/30/2020,TWF,ID,ANM,WE,Combination Non-Radar Approach Control & Tower w/o Radar,4,13,4,1,22,0,2,21,0,23,4,15,25,1,45,40,0,40,85
12/31/2020,TWF,ID,ANM,WE,Combination Non-Radar Approach Control & Tower w/o Radar,2,15,0,0,17,0,0,10,0,10,2,15,10,0,27,68,0,68,95
01/01/2021,TWF,ID,ANM,WE,Combination Non-Radar Approach Control & Tower w/o Radar,1,20,5,0,26,0,1,20,0,21,1,21,25,0,47,0,0,0,47
01/02/2021,TWF,ID,ANM,WE,Combination Non-Radar Approach Control & Tower w/o Radar,0,27,2,0,29,0,2,24,0,26,0,29,26,0,55,14,0,14,69
01/03/2021,TWF,ID,ANM,WE,Combination Non-Radar Approach Control & Tower w/o Radar,0,37,12,0,49,0,0,0,0,0,0,37,12,0,49,0,0,0,49
01/04/2021,TWF,ID,ANM,WE,Combination Non-Radar Approach Control & Tower w/o Radar,3,14,4,0,21,0,0,6,0,6,3,14,10,0,27,18,0,18,45
01/05/2021,TWF,ID,ANM,WE,Combination Non-Radar Approach Control & Tower w/o Radar,0,13,9,0,22,0,0,22,0,22,0,13,31,0,44,20,0,20,64
01/06/2021,TWF,ID,ANM,WE,Combination Non-Radar Approach Control & Tower w/o Radar,0,15,13,4,32,0,0,37,0,37,0,15,50,4,69,24,0,24,93
01/07/2021,TWF,ID,ANM,WE,Combination Non-Radar Approach Control & Tower w/o Radar,0,14,11,3,28,0,0,14,1,15,0,14,25,4,43,44,0,44,87
01/08/2021,TWF,ID,ANM,WE,Combination Non-Radar Approach Control & Tower w/o Radar,0,13,2,0,15,0,0,20,0,20,0,13,22,0,35,54,0,54,89
01/09/2021,TWF,ID,ANM,WE,Combination Non-Radar Approach Control & Tower w/o Radar,0,11,7,0,18,0,0,5,0,5,0,11,12,0,23,34,0,34,57
01/10/2021,TWF,ID,ANM,WE,Combination Non-Radar Approach Control & Tower w/o Radar,1,12,6,0,19,0,0,24,0,24,1,12,30,0,43,0,0,0,43
01/11/2021,TWF,ID,ANM,WE,Combination Non-Radar Approach Control & Tower w/o Radar,0,8,4,0,12,0,0,42,0,42,0,8,46,0,54,40,0,40,94
01/12/2021,TWF,ID,ANM,WE,Combination Non-Radar Approach Control & Tower w/o Radar,2,19,12,0,33,0,0,23,0,23,2,19,35,0,56,60,0,60,116
01/13/2021,TWF,ID,ANM,WE,Combination Non-Radar Approach Control & Tower w/o Radar,0,21,6,0,27,0,0,1,0,1,0,21,7,0,28,0,0,0,28
01/14/2021,TWF,ID,ANM,WE,Combination Non-Radar Approach Control & Tower w/o Radar,0,12,7,0,19,0,0,35,1,36,0,12,42,1,55,16,0,16,71
01/15/2021,TWF,ID,ANM,WE,Combination Non-Radar Approach Control & Tower w/o Radar,0,14,9,0,23,0,2,38,0,40,0,16,47,0,63,0,0,0,63
01/16/2021,TWF,ID,ANM,WE,Combination Non-Radar Approach Control & Tower w/o Radar,0,8,9,0,17,0,2,31,0,33,0,10,40,0,50,60,0,60,110
01/17/2021,TWF,ID,ANM,WE,Combination Non-Radar Approach Control & Tower w/o Radar,1,4,6,0,11,0,6,14,0,20,1,10,20,0,31,2,22,24,55
01/18/2021,TWF,ID,ANM,WE,Combination Non-Radar Approach Control & Tower w/o Radar,0,11,4,0,15,0,0,15,0,15,0,11,19,0,30,0,0,0,30
01/19/2021,TWF,ID,ANM,WE,Combination Non-Radar Approach Control & Tower w/o Radar,0,15,7,4,26,0,0,57,0,57,0,15,64,4,83,42,0,42,125
01/20/2021,TWF,ID,ANM,WE,Combination Non-Radar Approach Control & Tower w/o Radar,0,18,9,0,27,0,0,32,0,32,0,18,41,0,59,32,0,32,91
01/21/2021,TWF,ID,ANM,WE,Combination Non-Radar Approach Control & Tower w/o Radar,0,18,10,0,28,0,0,26,0,26,0,18,36,0,54,40,0,40,94
01/22/2021,TWF,ID,ANM,WE,Combination Non-Radar Approach Control & Tower w/o Radar,1,13,7,2,23,0,4,15,0,19,1,17,22,2,42,62,0,62,104
01/23/2021,TWF,ID,ANM,WE,Combination Non-Radar Approach Control & Tower w/o Radar,2,14,5,1,22,0,0,5,0,5,2,14,10,1,27,0,0,0,27
01/24/2021,TWF,ID,ANM,WE,Combination Non-Radar Approach Control & Tower w/o Radar,0,11,6,1,18,0,0,23,0,23,0,11,29,1,41,12,0,12,53
01/25/2021,TWF,ID,ANM,WE,Combination Non-Radar Approach Control & Tower w/o Radar,0,9,7,0,16,0,0,28,0,28,0,9,35,0,44,14,0,14,58
01/26/2021,TWF,ID,ANM,WE,Combination Non-Radar Approach Control & Tower w/o Radar,0,14,5,0,19,0,0,26,1,27,0,14,31,1,46,80,0,80,126
01/27/2021,TWF,ID,ANM,WE,Combination Non-Radar Approach Control & Tower w/o Radar,3,19,7,0,29,0,2,1,5,8,3,21,8,5,37,0,4,4,41
01/28/2021,TWF,ID,ANM,WE,Combination Non-Radar Approach Control & Tower w/o Radar,13,22,2,1,38,0,0,5,0,5,13,22,7,1,43,0,0,0,43
01/29/2021,TWF,ID,ANM,WE,Combination Non-Radar Approach Control & Tower w/o Radar,1,28,13,0,42,0,0,9,0,9,1,28,22,0,51,9,0,9,60
01/30/2021,TWF,ID,ANM,WE,Combination Non-Radar Approach Control & Tower w/o Radar,0,8,8,1,17,0,2,33,3,38,0,10,41,4,55,38,0,38,93
01/31/2021,TWF,ID,ANM,WE,Combination Non-Radar Approach Control & Tower w/o Radar,0,8,5,0,13,0,1,31,0,32,0,9,36,0,45,0,0,0,45
02/01/2021,TWF,ID,ANM,WE,Combination Non-Radar Approach Control & Tower w/o Radar,0,8,1,0,9,0,0,30,0,30,0,8,31,0,39,72,0,72,111
02/02/2021,TWF,ID,ANM,WE,Combination Non-Radar Approach Control & Tower w/o Radar,0,14,7,0,21,0,0,29,0,29,0,14,36,0,50,16,0,16,66
02/03/2021,TWF,ID,ANM,WE,Combination Non-Radar Approach Control & Tower w/o Radar,1,15,8,0,24,0,0,10,0,10,1,15,18,0,34,4,0,4,38
02/04/2021,TWF,ID,ANM,WE,Combination Non-Radar Approach Control & Tower w/o Radar,0,14,5,0,19,0,0,28,6,34,0,14,33,6,53,70,0,70,123
02/05/2021,TWF,ID,ANM,WE,Combination Non-Radar Approach Control & Tower w/o Radar,1,15,6,0,22,0,0,5,0,5,1,15,11,0,27,0,0,0,27
02/06/2021,TWF,ID,ANM,WE,Combination Non-Radar Approach Control & Tower w/o Radar,0,7,3,0,10,0,6,18,0,24,0,13,21,0,34,76,0,76,110
02/07/2021,TWF,ID,ANM,WE,Combination Non-Radar Approach Control & Tower w/o Radar,0,3,5,0,8,0,0,4,0,4,0,3,9,0,12,2,0,2,14
02/08/2021,TWF,ID,ANM,WE,Combination Non-Radar Approach Control & Tower w/o Radar,0,9,11,0,20,0,0,27,0,27,0,9,38,0,47,40,0,40,87
02/09/2021,TWF,ID,ANM,WE,Combination Non-Radar Approach Control & Tower w/o Radar,0,14,6,4,24,0,0,51,8,59,0,14,57,12,83,38,16,54,137
02/10/2021,TWF,ID,ANM,WE,Combination Non-Radar Approach Control & Tower w/o Radar,1,14,4,0,19,0,2,45,0,47,1,16,49,0,66,66,0,66,132
02/11/2021,TWF,ID,ANM,WE,Combination Non-Radar Approach Control & Tower w/o Radar,1,13,3,1,18,0,0,20,0,20,1,13,23,1,38,44,5,49,87
02/12/2021,TWF,ID,ANM,WE,Combination Non-Radar Approach Control & Tower w/o Radar,0,30,14,0,44,0,0,2,0,2,0,30,16,0,46,0,0,0,46
02/13/2021,TWF,ID,ANM,WE,Combination Non-Radar Approach Control & Tower w/o Radar,0,27,8,0,35,0,0,0,0,0,0,27,8,0,35,0,0,0,35
02/14/2021,TWF,ID,ANM,WE,Combination Non-Radar Approach Control & Tower w/o Radar,1,13,6,0,20,0,1,8,0,9,1,14,14,0,29,4,0,4,33
02/15/2021,TWF,ID,ANM,WE,Combination Non-Radar Approach Control & Tower w/o Radar,0,30,8,0,38,0,0,0,0,0,0,30,8,0,38,0,0,0,38
02/16/2021,TWF,ID,ANM,WE,Combination Non-Radar Approach Control & Tower w/o Radar,1,9,5,0,15,0,2,3,0,5,1,11,8,0,20,4,0,4,24
02/17/2021,TWF,ID,ANM,WE,Combination Non-Radar Approach Control & Tower w/o Radar,0,13,3,1,17,0,0,12,0,12,0,13,15,1,29,12,0,12,41
02/18/2021,TWF,ID,ANM,WE,Combination Non-Radar Approach Control & Tower w/o Radar,0,10,9,2,21,0,1,32,0,33,0,11,41,2,54,94,10,104,158
02/19/2021,TWF,ID,ANM,WE,Combination Non-Radar Approach Control & Tower w/o Radar,0,16,2,0,18,0,1,11,0,12,0,17,13,0,30,46,0,46,76
02/20/2021,TWF,ID,ANM,WE,Combination Non-Radar Approach Control & Tower w/o Radar,1,12,2,0,15,0,0,13,0,13,1,12,15,0,28,44,0,44,72
02/21/2021,TWF,ID,ANM,WE,Combination Non-Radar Approach Control & Tower w/o Radar,0,8,2,0,10,0,0,9,0,9,0,8,11,0,19,1,0,1,20
02/22/2021,TWF,ID,ANM,WE,Combination Non-Radar Approach Control & Tower w/o Radar,0,9,6,0,15,0,0,24,0,24,0,9,30,0,39,45,0,45,84
02/23/2021,TWF,ID,ANM,WE,Combination Non-Radar Approach Control & Tower w/o Radar,0,18,7,0,25,0,0,21,0,21,0,18,28,0,46,32,0,32,78
02/24/2021,TWF,ID,ANM,WE,Combination Non-Radar Approach Control & Tower w/o Radar,0,17,3,0,20,0,0,25,0,25,0,17,28,0,45,38,0,38,83
02/25/2021,TWF,ID,ANM,WE,Combination Non-Radar Approach Control & Tower w/o Radar,0,17,10,0,27,0,1,45,0,46,0,18,55,0,73,110,0,110,183
02/26/2021,TWF,ID,ANM,WE,Combination Non-Radar Approach Control & Tower w/o Radar,0,20,4,0,24,0,0,16,0,16,0,20,20,0,40,20,0,20,60
02/27/2021,TWF,ID,ANM,WE,Combination Non-Radar Approach Control & Tower w/o Radar,0,7,1,0,8,0,2,19,0,21,0,9,20,0,29,66,0,66,95
02/28/2021,TWF,ID,ANM,WE,Combination Non-Radar Approach Control & Tower w/o Radar,0,13,7,0,20,0,1,34,0,35,0,14,41,0,55,6,0,6,61
03/01/2021,TWF,ID,ANM,WE,Combination Non-Radar Approach Control & Tower w/o Radar,0,11,11,0,22,0,0,50,0,50,0,11,61,0,72,78,0,78,150
03/02/2021,TWF,ID,ANM,WE,Combination Non-Radar Approach Control & Tower w/o Radar,0,20,3,2,25,0,0,53,6,59,0,20,56,8,84,78,16,94,178
03/03/2021,TWF,ID,ANM,WE,Combination Non-Radar Approach Control & Tower w/o Radar,0,17,7,1,25,0,0,63,0,63,0,17,70,1,88,48,0,48,136
03/04/2021,TWF,ID,ANM,WE,Combination Non-Radar Approach Control & Tower w/o Radar,0,13,4,0,17,0,0,89,0,89,0,13,93,0,106,126,0,126,232
03/05/2021,TWF,ID,ANM,WE,Combination Non-Radar Approach Control & Tower w/o Radar,0,10,10,0,20,0,0,52,0,52,0,10,62,0,72,30,0,30,102
03/06/2021,TWF,ID,ANM,WE,Combination Non-Radar Approach Control & Tower w/o Radar,0,9,0,0,9,0,0,15,2,17,0,9,15,2,26,18,2,20,46
03/07/2021,TWF,ID,ANM,WE,Combination Non-Radar Approach Control & Tower w/o Radar,0,6,1,0,7,0,0,36,0,36,0,6,37,0,43,14,0,14,57
03/08/2021,TWF,ID,ANM,WE,Combination Non-Radar Approach Control & Tower w/o Radar,0,12,12,0,24,0,0,40,0,40,0,12,52,0,64,72,0,72,136
03/09/2021,TWF,ID,ANM,WE,Combination Non-Radar Approach Control & Tower w/o Radar,1,15,8,2,26,0,0,48,0,48,1,15,56,2,74,156,0,156,230
03/10/2021,TWF,ID,ANM,WE,Combination Non-Radar Approach Control & Tower w/o Radar,0,20,10,2,32,0,0,58,1,59,0,20,68,3,91,102,0,102,193
03/11/2021,TWF,ID,ANM,WE,Combination Non-Radar Approach Control & Tower w/o Radar,0,19,6,1,26,0,0,40,0,40,0,19,46,1,66,88,16,104,170
03/12/2021,TWF,ID,ANM,WE,Combination Non-Radar Approach Control & Tower w/o Radar,0,14,5,0,19,0,0,70,0,70,0,14,75,0,89,66,2,68,157
03/13/2021,TWF,ID,ANM,WE,Combination Non-Radar Approach Control & Tower w/o Radar,0,10,4,0,14,0,0,55,0,55,0,10,59,0,69,52,0,52,121
03/14/2021,TWF,ID,ANM,WE,Combination Non-Radar Approach Control & Tower w/o Radar,0,5,6,0,11,0,0,33,0,33,0,5,39,0,44,4,0,4,48
03/15/2021,TWF,ID,ANM,WE,Combination Non-Radar Approach Control & Tower w/o Radar,0,9,6,0,15,0,0,20,0,20,0,9,26,0,35,38,0,38,73
03/16/2021,TWF,ID,ANM,WE,Combination Non-Radar Approach Control & Tower w/o Radar,0,11,10,3,24,0,4,56,3,63,0,15,66,6,87,38,29,67,154
03/17/2021,TWF,ID,ANM,WE,Combination Non-Radar Approach Control & Tower w/o Radar,0,18,13,2,33,0,0,87,0,87,0,18,100,2,120,74,10,84,204
03/18/2021,TWF,ID,ANM,WE,Combination Non-Radar Approach Control & Tower w/o Radar,0,20,16,3,39,0,0,58,3,61,0,20,74,6,100,182,24,206,306
03/19/2021,TWF,ID,ANM,WE,Combination Non-Radar Approach Control & Tower w/o Radar,0,12,4,2,18,0,0,23,0,23,0,12,27,2,41,178,0,178,219
03/20/2021,TWF,ID,ANM,WE,Combination Non-Radar Approach Control & Tower w/o Radar,0,17,7,0,24,0,0,16,0,16,0,17,23,0,40,77,0,77,117
03/21/2021,TWF,ID,ANM,WE,Combination Non-Radar Approach Control & Tower w/o Radar,0,5,3,0,8,0,0,8,0,8,0,5,11,0,16,14,0,14,30
03/22/2021,TWF,ID,ANM,WE,Combination Non-Radar Approach Control & Tower w/o Radar,0,12,5,0,17,0,0,8,0,8,0,12,13,0,25,38,0,38,63
03/23/2021,TWF,ID,ANM,WE,Combination Non-Radar Approach Control & Tower w/o Radar,0,16,3,1,20,0,2,17,1,20,0,18,20,2,40,72,0,72,112
03/24/2021,TWF,ID,ANM,WE,Combination Non-Radar Approach Control & Tower w/o Radar,2,9,10,2,23,0,4,47,1,52,2,13,57,3,75,124,18,142,217
03/25/2021,TWF,ID,ANM,WE,Combination Non-Radar Approach Control & Tower w/o Radar,5,26,6,0,37,0,0,6,0,6,5,26,12,0,43,20,0,20,63
03/26/2021,TWF,ID,ANM,WE,Combination Non-Radar Approach Control & Tower w/o Radar,1,14,4,0,19,0,5,28,0,33,1,19,32,0,52,56,0,56,108
03/27/2021,TWF,ID,ANM,WE,Combination Non-Radar Approach Control & Tower w/o Radar,1,5,7,0,13,0,3,37,0,40,1,8,44,0,53,82,0,82,135
03/28/2021,TWF,ID,ANM,WE,Combination Non-Radar Approach Control & Tower w/o Radar,0,3,4,0,7,0,0,5,0,5,0,3,9,0,12,2,0,2,14
03/29/2021,TWF,ID,ANM,WE,Combination Non-Radar Approach Control & Tower w/o Radar,0,14,5,0,19,0,0,6,0,6,0,14,11,0,25,0,0,0,25
03/30/2021,TWF,ID,ANM,WE,Combination Non-Radar Approach Control & Tower w/o Radar,0,5,1,0,6,0,0,14,1,15,0,5,15,1,21,110,0,110,131
03/31/2021,TWF,ID,ANM,WE,Combination Non-Radar Approach Control & Tower w/o Radar,0,4,4,0,8,0,0,27,0,27,0,4,31,0,35,58,12,70,105
04/01/2021,TWF,ID,ANM,WE,Combination Non-Radar Approach Control & Tower w/o Radar,0,6,8,1,15,0,0,24,0,24,0,6,32,1,39,162,0,162,201
04/02/2021,TWF,ID,ANM,WE,Combination Non-Radar Approach Control & Tower w/o Radar,0,15,2,0,17,0,0,39,0,39,0,15,41,0,56,106,0,106,162
04/03/2021,TWF,ID,ANM,WE,Combination Non-Radar Approach Control & Tower w/o Radar,1,7,3,1,12,0,0,54,3,57,1,7,57,4,69,74,0,74,143
04/04/2021,TWF,ID,ANM,WE,Combination Non-Radar Approach Control & Tower w/o Radar,2,4,2,0,8,0,0,20,0,20,2,4,22,0,28,6,0,6,34
04/05/2021,TWF,ID,ANM,WE,Combination Non-Radar Approach Control & Tower w/o Radar,1,9,6,0,16,0,0,11,0,11,1,9,17,0,27,20,0,20,47
04/06/2021,TWF,ID,ANM,WE,Combination Non-Radar Approach Control & Tower w/o Radar,0,12,2,0,14,0,0,18,0,18,0,12,20,0,32,14,0,14,46
04/07/2021,TWF,ID,ANM,WE,Combination Non-Radar Approach Control & Tower w/o Radar,0,16,3,2,21,0,0,70,0,70,0,16,73,2,91,100,0,100,191
04/08/2021,TWF,ID,ANM,WE,Combination Non-Radar Approach Control & Tower w/o Radar,0,15,4,0,19,0,0,17,0,17,0,15,21,0,36,62,0,62,98
04/09/2021,TWF,ID,ANM,WE,Combination Non-Radar Approach Control & Tower w/o Radar,0,15,11,1,27,0,0,63,0,63,0,15,74,1,90,126,12,138,228
04/10/2021,TWF,ID,ANM,WE,Combination Non-Radar Approach Control & Tower w/o Radar,0,0,0,0,0,0,0,0,0,0,0,0,0,0,0,48,0,48,48
04/11/2021,TWF,ID,ANM,WE,Combination Non-Radar Approach Control & Tower w/o Radar,1,10,5,0,16,0,1,29,0,30,1,11,34,0,46,0,0,0,46
04/12/2021,TWF,ID,ANM,WE,Combination Non-Radar Approach Control & Tower w/o Radar,0,13,2,3,18,0,0,46,2,48,0,13,48,5,66,60,14,74,140
04/13/2021,TWF,ID,ANM,WE,Combination Non-Radar Approach Control & Tower w/o Radar,0,17,7,0,24,0,0,13,0,13,0,17,20,0,37,19,0,19,56
04/14/2021,TWF,ID,ANM,WE,Combination Non-Radar Approach Control & Tower w/o Radar,0,15,9,0,24,0,0,7,0,7,0,15,16,0,31,22,0,22,53
04/15/2021,TWF,ID,ANM,WE,Combination Non-Radar Approach Control & Tower w/o Radar,0,17,4,2,23,0,0,46,0,46,0,17,50,2,69,118,18,136,205
04/16/2021,TWF,ID,ANM,WE,Combination Non-Radar Approach Control & Tower w/o Radar,0,12,5,2,19,0,7,62,4,73,0,19,67,6,92,78,14,92,184
04/17/2021,TWF,ID,ANM,WE,Combination Non-Radar Approach Control & Tower w/o Radar,0,7,8,0,15,0,1,63,9,73,0,8,71,9,88,30,0,30,118
04/18/2021,TWF,ID,ANM,WE,Combination Non-Radar Approach Control & Tower w/o Radar,0,5,12,0,17,0,2,37,4,43,0,7,49,4,60,6,0,6,66
04/19/2021,TWF,ID,ANM,WE,Combination Non-Radar Approach Control & Tower w/o Radar,1,3,3,0,7,0,0,18,0,18,1,3,21,0,25,10,0,10,35
04/20/2021,TWF,ID,ANM,WE,Combination Non-Radar Approach Control & Tower w/o Radar,0,15,10,0,25,0,1,66,0,67,0,16,76,0,92,66,0,66,158
04/21/2021,TWF,ID,ANM,WE,Combination Non-Radar Approach Control & Tower w/o Radar,1,13,15,1,30,0,2,54,1,57,1,15,69,2,87,0,0,0,87
04/22/2021,TWF,ID,ANM,WE,Combination Non-Radar Approach Control & Tower w/o Radar,0,13,9,0,22,0,2,36,0,38,0,15,45,0,60,30,0,30,90
04/23/2021,TWF,ID,ANM,WE,Combination Non-Radar Approach Control & Tower w/o Radar,0,13,7,0,20,0,0,44,0,44,0,13,51,0,64,32,0,32,96
04/24/2021,TWF,ID,ANM,WE,Combination Non-Radar Approach Control & Tower w/o Radar,0,4,7,0,11,0,0,20,0,20,0,4,27,0,31,64,0,64,95
04/25/2021,TWF,ID,ANM,WE,Combination Non-Radar Approach Control & Tower w/o Radar,0,5,5,0,10,0,0,10,0,10,0,5,15,0,20,14,0,14,34
04/26/2021,TWF,ID,ANM,WE,Combination Non-Radar Approach Control & Tower w/o Radar,0,9,6,2,17,0,0,18,0,18,0,9,24,2,35,38,8,46,81
04/27/2021,TWF,ID,ANM,WE,Combination Non-Radar Approach Control & Tower w/o Radar,0,16,5,3,24,0,0,49,2,51,0,16,54,5,75,94,4,98,173
04/28/2021,TWF,ID,ANM,WE,Combination Non-Radar Approach Control & Tower w/o Radar,0,18,12,0,30,0,1,48,2,51,0,19,60,2,81,54,0,54,135
04/29/2021,TWF,ID,ANM,WE,Combination Non-Radar Approach Control & Tower w/o Radar,0,16,7,0,23,0,1,60,0,61,0,17,67,0,84,88,0,88,172
04/30/2021,TWF,ID,ANM,WE,Combination Non-Radar Approach Control & Tower w/o Radar,0,12,10,2,24,0,0,41,2,43,0,12,51,4,67,60,0,60,127
05/01/2021,TWF,ID,ANM,WE,Combination Non-Radar Approach Control & Tower w/o Radar,0,0,0,0,0,0,0,0,0,0,0,0,0,0,0,26,0,26,26
05/02/2021,TWF,ID,ANM,WE,Combination Non-Radar Approach Control & Tower w/o Radar,0,8,3,0,11,0,0,4,1,5,0,8,7,1,16,0,0,0,16
05/03/2021,TWF,ID,ANM,WE,Combination Non-Radar Approach Control & Tower w/o Radar,0,11,4,2,17,0,1,46,3,50,0,12,50,5,67,66,0,66,133
05/04/2021,TWF,ID,ANM,WE,Combination Non-Radar Approach Control & Tower w/o Radar,0,14,4,1,19,0,0,26,1,27,0,14,30,2,46,56,0,56,102
05/05/2021,TWF,ID,ANM,WE,Combination Non-Radar Approach Control & Tower w/o Radar,0,20,15,0,35,0,1,59,0,60,0,21,74,0,95,82,0,82,177
05/06/2021,TWF,ID,ANM,WE,Combination Non-Radar Approach Control & Tower w/o Radar,0,14,8,0,22,0,2,89,0,91,0,16,97,0,113,70,0,70,183
05/07/2021,TWF,ID,ANM,WE,Combination Non-Radar Approach Control & Tower w/o Radar,0,14,2,0,16,0,0,17,2,19,0,14,19,2,35,44,0,44,79
05/08/2021,TWF,ID,ANM,WE,Combination Non-Radar Approach Control & Tower w/o Radar,0,9,5,0,14,0,0,21,1,22,0,9,26,1,36,8,0,8,44
05/09/2021,TWF,ID,ANM,WE,Combination Non-Radar Approach Control & Tower w/o Radar,0,7,5,0,12,0,0,17,1,18,0,7,22,1,30,20,0,20,50
05/10/2021,TWF,ID,ANM,WE,Combination Non-Radar Approach Control & Tower w/o Radar,0,8,2,0,10,0,0,9,0,9,0,8,11,0,19,14,0,14,33
05/11/2021,TWF,ID,ANM,WE,Combination Non-Radar Approach Control & Tower w/o Radar,0,11,8,0,19,0,0,66,0,66,0,11,74,0,85,47,0,47,132
05/12/2021,TWF,ID,ANM,WE,Combination Non-Radar Approach Control & Tower w/o Radar,0,16,9,0,25,0,1,77,0,78,0,17,86,0,103,78,0,78,181
05/13/2021,TWF,ID,ANM,WE,Combination Non-Radar Approach Control & Tower w/o Radar,0,12,6,0,18,0,0,61,4,65,0,12,67,4,83,66,4,70,153
05/14/2021,TWF,ID,ANM,WE,Combination Non-Radar Approach Control & Tower w/o Radar,0,16,6,0,22,0,0,40,0,40,0,16,46,0,62,53,0,53,115
05/15/2021,TWF,ID,ANM,WE,Combination Non-Radar Approach Control & Tower w/o Radar,0,12,6,0,18,0,0,31,2,33,0,12,37,2,51,56,0,56,107
05/16/2021,TWF,ID,ANM,WE,Combination Non-Radar Approach Control & Tower w/o Radar,0,8,7,0,15,0,3,37,0,40,0,11,44,0,55,0,0,0,55
05/17/2021,TWF,ID,ANM,WE,Combination Non-Radar Approach Control & Tower w/o Radar,0,11,2,0,13,0,0,43,0,43,0,11,45,0,56,42,0,42,98
05/18/2021,TWF,ID,ANM,WE,Combination Non-Radar Approach Control & Tower w/o Radar,0,14,3,3,20,0,0,32,3,35,0,14,35,6,55,48,0,48,103
05/19/2021,TWF,ID,ANM,WE,Combination Non-Radar Approach Control & Tower w/o Radar,0,21,14,2,37,0,0,49,2,51,0,21,63,4,88,44,0,44,132
05/20/2021,TWF,ID,ANM,WE,Combination Non-Radar Approach Control & Tower w/o Radar,0,14,10,2,26,0,0,31,4,35,0,14,41,6,61,92,6,98,159
05/21/2021,TWF,ID,ANM,WE,Combination Non-Radar Approach Control & Tower w/o Radar,0,19,9,0,28,0,1,22,2,25,0,20,31,2,53,49,0,49,102
05/22/2021,TWF,ID,ANM,WE,Combination Non-Radar Approach Control & Tower w/o Radar,0,18,1,0,19,0,1,18,0,19,0,19,19,0,38,44,0,44,82
05/23/2021,TWF,ID,ANM,WE,Combination Non-Radar Approach Control & Tower w/o Radar,0,8,0,0,8,0,0,6,0,6,0,8,6,0,14,0,0,0,14
05/24/2021,TWF,ID,ANM,WE,Combination Non-Radar Approach Control & Tower w/o Radar,2,13,7,0,22,0,0,19,0,19,2,13,26,0,41,56,0,56,97
05/25/2021,TWF,ID,ANM,WE,Combination Non-Radar Approach Control & Tower w/o Radar,1,14,5,2,22,0,0,50,2,52,1,14,55,4,74,104,0,104,178
05/26/2021,TWF,ID,ANM,WE,Combination Non-Radar Approach Control & Tower w/o Radar,0,21,16,1,38,0,1,30,1,32,0,22,46,2,70,16,0,16,86
05/27/2021,TWF,ID,ANM,WE,Combination Non-Radar Approach Control & Tower w/o Radar,0,22,11,1,34,0,0,104,5,109,0,22,115,6,143,72,0,72,215
05/28/2021,TWF,ID,ANM,WE,Combination Non-Radar Approach Control & Tower w/o Radar,0,15,7,0,22,0,0,44,0,44,0,15,51,0,66,24,0,24,90
05/29/2021,TWF,ID,ANM,WE,Combination Non-Radar Approach Control & Tower w/o Radar,0,12,6,0,18,0,0,57,0,57,0,12,63,0,75,60,0,60,135
05/30/2021,TWF,ID,ANM,WE,Combination Non-Radar Approach Control & Tower w/o Radar,0,9,1,1,11,0,0,37,5,42,0,9,38,6,53,10,6,16,69
05/31/2021,TWF,ID,ANM,WE,Combination Non-Radar Approach Control & Tower w/o Radar,1,5,3,0,9,0,0,26,0,26,1,5,29,0,35,26,0,26,61
06/01/2021,TWF,ID,ANM,WE,Combination Non-Radar Approach Control & Tower w/o Radar,0,9,9,3,21,0,1,57,6,64,0,10,66,9,85,56,6,62,147
06/02/2021,TWF,ID,ANM,WE,Combination Non-Radar Approach Control & Tower w/o Radar,1,16,6,0,23,0,1,73,0,74,1,17,79,0,97,20,0,20,117
06/03/2021,TWF,ID,ANM,WE,Combination Non-Radar Approach Control & Tower w/o Radar,0,13,8,2,23,0,1,37,0,38,0,14,45,2,61,20,0,20,81
06/04/2021,TWF,ID,ANM,WE,Combination Non-Radar Approach Control & Tower w/o Radar,0,19,5,0,24,0,0,46,0,46,0,19,51,0,70,28,0,28,98
06/05/2021,TWF,ID,ANM,WE,Combination Non-Radar Approach Control & Tower w/o Radar,0,6,1,0,7,0,2,10,0,12,0,8,11,0,19,12,0,12,31
06/06/2021,TWF,ID,ANM,WE,Combination Non-Radar Approach Control & Tower w/o Radar,0,9,7,0,16,0,0,44,0,44,0,9,51,0,60,6,0,6,66
06/07/2021,TWF,ID,ANM,WE,Combination Non-Radar Approach Control & Tower w/o Radar,0,12,7,0,19,0,0,48,2,50,0,12,55,2,69,50,0,50,119
06/08/2021,TWF,ID,ANM,WE,Combination Non-Radar Approach Control & Tower w/o Radar,0,14,3,2,19,0,13,56,0,69,0,27,59,2,88,96,6,102,190
06/09/2021,TWF,ID,ANM,WE,Combination Non-Radar Approach Control & Tower w/o Radar,0,14,12,1,27,0,0,67,0,67,0,14,79,1,94,46,0,46,140
06/10/2021,TWF,ID,ANM,WE,Combination Non-Radar Approach Control & Tower w/o Radar,1,20,8,0,29,0,1,16,1,18,1,21,24,1,47,26,0,26,73
06/11/2021,TWF,ID,ANM,WE,Combination Non-Radar Approach Control & Tower w/o Radar,0,15,8,0,23,0,0,71,0,71,0,15,79,0,94,52,0,52,146
06/12/2021,TWF,ID,ANM,WE,Combination Non-Radar Approach Control & Tower w/o Radar,0,12,6,4,22,0,2,61,0,63,0,14,67,4,85,52,0,52,137
06/13/2021,TWF,ID,ANM,WE,Combination Non-Radar Approach Control & Tower w/o Radar,0,11,4,0,15,1,0,19,0,20,1,11,23,0,35,4,0,4,39
06/14/2021,TWF,ID,ANM,WE,Combination Non-Radar Approach Control & Tower w/o Radar,0,15,5,0,20,13,1,40,1,55,13,16,45,1,75,40,0,40,115
06/15/2021,TWF,ID,ANM,WE,Combination Non-Radar Approach Control & Tower w/o Radar,1,14,9,0,24,0,5,50,0,55,1,19,59,0,79,76,0,76,155
06/16/2021,TWF,ID,ANM,WE,Combination Non-Radar Approach Control & Tower w/o Radar,0,13,5,0,18,0,1,46,0,47,0,14,51,0,65,38,0,38,103
06/17/2021,TWF,ID,ANM,WE,Combination Non-Radar Approach Control & Tower w/o Radar,0,19,12,7,38,0,1,55,1,57,0,20,67,8,95,64,14,78,173
06/18/2021,TWF,ID,ANM,WE,Combination Non-Radar Approach Control & Tower w/o Radar,0,18,3,0,21,0,0,80,0,80,0,18,83,0,101,76,0,76,177
06/19/2021,TWF,ID,ANM,WE,Combination Non-Radar Approach Control & Tower w/o Radar,0,11,5,0,16,0,3,58,0,61,0,14,63,0,77,40,0,40,117
06/20/2021,TWF,ID,ANM,WE,Combination Non-Radar Approach Control & Tower w/o Radar,0,10,9,0,19,0,0,23,0,23,0,10,32,0,42,0,0,0,42
06/21/2021,TWF,ID,ANM,WE,Combination Non-Radar Approach Control & Tower w/o Radar,0,15,8,2,25,0,4,52,0,56,0,19,60,2,81,86,0,86,167
06/22/2021,TWF,ID,ANM,WE,Combination Non-Radar Approach Control & Tower w/o Radar,0,16,4,2,22,8,4,56,0,68,8,20,60,2,90,36,6,42,132
06/23/2021,TWF,ID,ANM,WE,Combination Non-Radar Approach Control & Tower w/o Radar,0,20,5,0,25,0,4,60,4,68,0,24,65,4,93,65,0,65,158
06/24/2021,TWF,ID,ANM,WE,Combination Non-Radar Approach Control & Tower w/o Radar,0,16,10,3,29,0,1,53,1,55,0,17,63,4,84,94,0,94,178
06/25/2021,TWF,ID,ANM,WE,Combination Non-Radar Approach Control & Tower w/o Radar,0,13,2,0,15,0,2,26,0,28,0,15,28,0,43,20,0,20,63
06/26/2021,TWF,ID,ANM,WE,Combination Non-Radar Approach Control & Tower w/o Radar,0,13,4,0,17,0,0,51,2,53,0,13,55,2,70,30,0,30,100
06/27/2021,TWF,ID,ANM,WE,Combination Non-Radar Approach Control & Tower w/o Radar,0,11,4,0,15,0,0,25,0,25,0,11,29,0,40,0,0,0,40
06/28/2021,TWF,ID,ANM,WE,Combination Non-Radar Approach Control & Tower w/o Radar,2,14,1,0,17,0,2,40,0,42,2,16,41,0,59,34,0,34,93
06/29/2021,TWF,ID,ANM,WE,Combination Non-Radar Approach Control & Tower w/o Radar,0,15,3,2,20,1,2,26,1,30,1,17,29,3,50,50,12,62,112
06/30/2021,TWF,ID,ANM,WE,Combination Non-Radar Approach Control & Tower w/o Radar,1,18,6,3,28,1,2,72,1,76,2,20,78,4,104,16,0,16,120
07/01/2021,TWF,ID,ANM,WE,Combination Non-Radar Approach Control & Tower w/o Radar,1,18,2,1,22,8,9,46,1,64,9,27,48,2,86,64,0,64,150
07/02/2021,TWF,ID,ANM,WE,Combination Non-Radar Approach Control & Tower w/o Radar,0,21,4,0,25,1,9,88,0,98,1,30,92,0,123,22,0,22,145
07/03/2021,TWF,ID,ANM,WE,Combination Non-Radar Approach Control & Tower w/o Radar,0,15,2,0,17,0,47,40,0,87,0,62,42,0,104,8,0,8,112
07/04/2021,TWF,ID,ANM,WE,Combination Non-Radar Approach Control & Tower w/o Radar,0,10,4,0,14,0,1,26,0,27,0,11,30,0,41,0,0,0,41
07/05/2021,TWF,ID,ANM,WE,Combination Non-Radar Approach Control & Tower w/o Radar,0,6,7,0,13,0,0,18,0,18,0,6,25,0,31,8,0,8,39
07/06/2021,TWF,ID,ANM,WE,Combination Non-Radar Approach Control & Tower w/o Radar,0,26,15,0,41,0,0,44,0,44,0,26,59,0,85,64,0,64,149
07/07/2021,TWF,ID,ANM,WE,Combination Non-Radar Approach Control & Tower w/o Radar,0,21,6,2,29,0,5,57,2,64,0,26,63,4,93,30,28,58,151
07/08/2021,TWF,ID,ANM,WE,Combination Non-Radar Approach Control & Tower w/o Radar,0,24,15,2,41,0,1,45,0,46,0,25,60,2,87,36,8,44,131
07/09/2021,TWF,ID,ANM,WE,Combination Non-Radar Approach Control & Tower w/o Radar,0,22,11,0,33,2,6,61,0,69,2,28,72,0,102,18,0,18,120
07/10/2021,TWF,ID,ANM,WE,Combination Non-Radar Approach Control & Tower w/o Radar,0,57,35,0,92,0,0,60,2,62,0,57,95,2,154,74,0,74,228
07/11/2021,TWF,ID,ANM,WE,Combination Non-Radar Approach Control & Tower w/o Radar,0,8,12,0,20,0,2,30,0,32,0,10,42,0,52,6,0,6,58
07/12/2021,TWF,ID,ANM,WE,Combination Non-Radar Approach Control & Tower w/o Radar,3,8,0,6,17,0,0,58,1,59,3,8,58,7,76,66,18,84,160
07/13/2021,TWF,ID,ANM,WE,Combination Non-Radar Approach Control & Tower w/o Radar,1,19,7,5,32,0,0,22,2,24,1,19,29,7,56,64,8,72,128
07/14/2021,TWF,ID,ANM,WE,Combination Non-Radar Approach Control & Tower w/o Radar,1,13,4,2,20,0,46,45,6,97,1,59,49,8,117,44,28,72,189
07/15/2021,TWF,ID,ANM,WE,Combination Non-Radar Approach Control & Tower w/o Radar,2,19,6,0,27,0,0,46,0,46,2,19,52,0,73,58,0,58,131
07/16/2021,TWF,ID,ANM,WE,Combination Non-Radar Approach Control & Tower w/o Radar,0,15,5,0,20,0,1,62,0,63,0,16,67,0,83,33,0,33,116
07/17/2021,TWF,ID,ANM,WE,Combination Non-Radar Approach Control & Tower w/o Radar,0,17,3,0,20,0,2,64,0,66,0,19,67,0,86,38,0,38,124
07/18/2021,TWF,ID,ANM,WE,Combination Non-Radar Approach Control & Tower w/o Radar,0,7,7,0,14,0,2,62,3,67,0,9,69,3,81,18,0,18,99
07/19/2021,TWF,ID,ANM,WE,Combination Non-Radar Approach Control & Tower w/o Radar,2,11,4,0,17,0,0,29,0,29,2,11,33,0,46,0,0,0,46
07/20/2021,TWF,ID,ANM,WE,Combination Non-Radar Approach Control & Tower w/o Radar,0,16,5,2,23,2,11,54,0,67,2,27,59,2,90,40,8,48,138
07/21/2021,TWF,ID,ANM,WE,Combination Non-Radar Approach Control & Tower w/o Radar,1,15,20,2,38,0,12,67,0,79,1,27,87,2,117,80,8,88,205
07/22/2021,TWF,ID,ANM,WE,Combination Non-Radar Approach Control & Tower w/o Radar,0,19,5,1,25,0,1,44,3,48,0,20,49,4,73,46,4,50,123
07/23/2021,TWF,ID,ANM,WE,Combination Non-Radar Approach Control & Tower w/o Radar,0,17,8,0,25,0,1,32,0,33,0,18,40,0,58,0,0,0,58
07/24/2021,TWF,ID,ANM,WE,Combination Non-Radar Approach Control & Tower w/o Radar,0,15,1,0,16,0,6,41,8,55,0,21,42,8,71,46,0,46,117
07/25/2021,TWF,ID,ANM,WE,Combination Non-Radar Approach Control & Tower w/o Radar,2,12,2,0,16,0,0,43,2,45,2,12,45,2,61,1,0,1,62
07/26/2021,TWF,ID,ANM,WE,Combination Non-Radar Approach Control & Tower w/o Radar,1,14,8,1,24,0,1,46,1,48,1,15,54,2,72,52,0,52,124
07/27/2021,TWF,ID,ANM,WE,Combination Non-Radar Approach Control & Tower w/o Radar,0,15,9,0,24,0,1,33,0,34,0,16,42,0,58,58,0,58,116
07/28/2021,TWF,ID,ANM,WE,Combination Non-Radar Approach Control & Tower w/o Radar,0,21,3,0,24,0,1,25,0,26,0,22,28,0,50,13,0,13,63
07/29/2021,TWF,ID,ANM,WE,Combination Non-Radar Approach Control & Tower w/o Radar,0,18,7,0,25,0,0,48,3,51,0,18,55,3,76,78,0,78,154
07/30/2021,TWF,ID,ANM,WE,Combination Non-Radar Approach Control & Tower w/o Radar,0,23,3,0,26,0,0,33,2,35,0,23,36,2,61,36,0,36,97
07/31/2021,TWF,ID,ANM,WE,Combination Non-Radar Approach Control & Tower w/o Radar,0,9,3,0,12,0,3,26,0,29,0,12,29,0,41,18,0,18,59
08/01/2021,TWF,ID,ANM,WE,Combination Non-Radar Approach Control & Tower w/o Radar,1,13,5,0,19,0,0,3,0,3,1,13,8,0,22,2,0,2,24
08/02/2021,TWF,ID,ANM,WE,Combination Non-Radar Approach Control & Tower w/o Radar,0,10,5,0,15,0,1,24,0,25,0,11,29,0,40,86,0,86,126
08/03/2021,TWF,ID,ANM,WE,Combination Non-Radar Approach Control & Tower w/o Radar,0,13,8,1,22,0,0,56,1,57,0,13,64,2,79,74,10,84,163
08/04/2021,TWF,ID,ANM,WE,Combination Non-Radar Approach Control & Tower w/o Radar,0,18,5,0,23,0,18,57,2,77,0,36,62,2,100,36,0,36,136
08/05/2021,TWF,ID,ANM,WE,Combination Non-Radar Approach Control & Tower w/o Radar,3,14,2,0,19,0,0,37,0,37,3,14,39,0,56,30,0,30,86
08/06/2021,TWF,ID,ANM,WE,Combination Non-Radar Approach Control & Tower w/o Radar,0,15,15,0,30,0,0,28,0,28,0,15,43,0,58,4,0,4,62
08/07/2021,TWF,ID,ANM,WE,Combination Non-Radar Approach Control & Tower w/o Radar,2,13,3,0,18,0,2,52,0,54,2,15,55,0,72,36,0,36,108
08/08/2021,TWF,ID,ANM,WE,Combination Non-Radar Approach Control & Tower w/o Radar,0,15,5,1,21,0,0,21,1,22,0,15,26,2,43,0,24,24,67
08/09/2021,TWF,ID,ANM,WE,Combination Non-Radar Approach Control & Tower w/o Radar,0,15,7,0,22,0,0,34,2,36,0,15,41,2,58,68,6,74,132
08/10/2021,TWF,ID,ANM,WE,Combination Non-Radar Approach Control & Tower w/o Radar,1,19,7,2,29,0,1,42,3,46,1,20,49,5,75,24,16,40,115
08/11/2021,TWF,ID,ANM,WE,Combination Non-Radar Approach Control & Tower w/o Radar,1,15,7,2,25,0,0,37,2,39,1,15,44,4,64,28,0,28,92
08/12/2021,TWF,ID,ANM,WE,Combination Non-Radar Approach Control & Tower w/o Radar,1,18,7,4,30,0,1,37,0,38,1,19,44,4,68,28,18,46,114
08/13/2021,TWF,ID,ANM,WE,Combination Non-Radar Approach Control & Tower w/o Radar,0,12,7,1,20,0,5,15,1,21,0,17,22,2,41,12,0,12,53
08/14/2021,TWF,ID,ANM,WE,Combination Non-Radar Approach Control & Tower w/o Radar,0,15,3,0,18,9,0,14,0,23,9,15,17,0,41,30,0,30,71
08/15/2021,TWF,ID,ANM,WE,Combination Non-Radar Approach Control & Tower w/o Radar,0,17,6,0,23,4,1,10,0,15,4,18,16,0,38,0,0,0,38
08/16/2021,TWF,ID,ANM,WE,Combination Non-Radar Approach Control & Tower w/o Radar,1,18,8,2,29,1,0,10,1,12,2,18,18,3,41,0,6,6,47
08/17/2021,TWF,ID,ANM,WE,Combination Non-Radar Approach Control & Tower w/o Radar,0,16,13,2,31,4,28,49,7,88,4,44,62,9,119,70,6,76,195
08/18/2021,TWF,ID,ANM,WE,Combination Non-Radar Approach Control & Tower w/o Radar,0,23,17,2,42,0,4,37,2,43,0,27,54,4,85,16,12,28,113
08/19/2021,TWF,ID,ANM,WE,Combination Non-Radar Approach Control & Tower w/o Radar,0,16,9,1,26,0,0,30,1,31,0,16,39,2,57,92,4,96,153
08/20/2021,TWF,ID,ANM,WE,Combination Non-Radar Approach Control & Tower w/o Radar,0,15,4,0,19,0,0,49,0,49,0,15,53,0,68,86,0,86,154
08/21/2021,TWF,ID,ANM,WE,Combination Non-Radar Approach Control & Tower w/o Radar,0,18,2,0,20,0,2,20,0,22,0,20,22,0,42,6,0,6,48
08/22/2021,TWF,ID,ANM,WE,Combination Non-Radar Approach Control & Tower w/o Radar,2,9,0,0,11,0,0,29,0,29,2,9,29,0,40,18,0,18,58
08/23/2021,TWF,ID,ANM,WE,Combination Non-Radar Approach Control & Tower w/o Radar,0,17,2,0,19,0,2,21,2,25,0,19,23,2,44,82,0,82,126
08/24/2021,TWF,ID,ANM,WE,Combination Non-Radar Approach Control & Tower w/o Radar,0,20,12,1,33,0,1,38,0,39,0,21,50,1,72,92,0,92,164
08/25/2021,TWF,ID,ANM,WE,Combination Non-Radar Approach Control & Tower w/o Radar,0,30,3,0,33,0,0,38,0,38,0,30,41,0,71,64,0,64,135
08/26/2021,TWF,ID,ANM,WE,Combination Non-Radar Approach Control & Tower w/o Radar,0,22,1,0,23,0,12,38,2,52,0,34,39,2,75,86,0,86,161
08/27/2021,TWF,ID,ANM,WE,Combination Non-Radar Approach Control & Tower w/o Radar,0,21,8,0,29,0,0,37,2,39,0,21,45,2,68,14,0,14,82
08/28/2021,TWF,ID,ANM,WE,Combination Non-Radar Approach Control & Tower w/o Radar,1,13,12,0,26,0,2,63,0,65,1,15,75,0,91,8,0,8,99
08/29/2021,TWF,ID,ANM,WE,Combination Non-Radar Approach Control & Tower w/o Radar,2,9,1,0,12,0,0,40,2,42,2,9,41,2,54,8,0,8,62
08/30/2021,TWF,ID,ANM,WE,Combination Non-Radar Approach Control & Tower w/o Radar,2,15,7,1,25,0,0,36,3,39,2,15,43,4,64,112,20,132,196
08/31/2021,TWF,ID,ANM,WE,Combination Non-Radar Approach Control & Tower w/o Radar,0,25,3,2,30,0,0,33,0,33,0,25,36,2,63,104,0,104,167
09/01/2021,TWF,ID,ANM,WE,Combination Non-Radar Approach Control & Tower w/o Radar,0,16,2,0,18,0,1,47,0,48,0,17,49,0,66,38,0,38,104
09/02/2021,TWF,ID,ANM,WE,Combination Non-Radar Approach Control & Tower w/o Radar,2,19,4,0,25,0,0,50,2,52,2,19,54,2,77,100,0,100,177
09/03/2021,TWF,ID,ANM,WE,Combination Non-Radar Approach Control & Tower w/o Radar,1,14,5,0,20,0,1,37,0,38,1,15,42,0,58,8,0,8,66
09/04/2021,TWF,ID,ANM,WE,Combination Non-Radar Approach Control & Tower w/o Radar,0,15,8,0,23,2,4,50,0,56,2,19,58,0,79,10,0,10,89
09/05/2021,TWF,ID,ANM,WE,Combination Non-Radar Approach Control & Tower w/o Radar,0,8,3,0,11,0,3,21,0,24,0,11,24,0,35,0,0,0,35
09/06/2021,TWF,ID,ANM,WE,Combination Non-Radar Approach Control & Tower w/o Radar,0,9,7,0,16,0,3,21,0,24,0,12,28,0,40,0,0,0,40
09/07/2021,TWF,ID,ANM,WE,Combination Non-Radar Approach Control & Tower w/o Radar,1,14,10,1,26,0,1,27,2,30,1,15,37,3,56,26,0,26,82
09/08/2021,TWF,ID,ANM,WE,Combination Non-Radar Approach Control & Tower w/o Radar,0,17,8,0,25,0,1,34,1,36,0,18,42,1,61,16,0,16,77
09/09/2021,TWF,ID,ANM,WE,Combination Non-Radar Approach Control & Tower w/o Radar,0,17,23,1,41,0,0,34,1,35,0,17,57,2,76,86,0,86,162
09/10/2021,TWF,ID,ANM,WE,Combination Non-Radar Approach Control & Tower w/o Radar,0,19,4,0,23,2,0,25,1,28,2,19,29,1,51,12,0,12,63
09/11/2021,TWF,ID,ANM,WE,Combination Non-Radar Approach Control & Tower w/o Radar,1,11,8,0,20,0,1,32,0,33,1,12,40,0,53,10,0,10,63
09/12/2021,TWF,ID,ANM,WE,Combination Non-Radar Approach Control & Tower w/o Radar,0,11,3,5,19,0,2,27,1,30,0,13,30,6,49,12,0,12,61
09/13/2021,TWF,ID,ANM,WE,Combination Non-Radar Approach Control & Tower w/o Radar,0,13,8,0,21,0,0,60,0,60,0,13,68,0,81,19,0,19,100
09/14/2021,TWF,ID,ANM,WE,Combination Non-Radar Approach Control & Tower w/o Radar,0,17,6,1,24,0,1,42,1,44,0,18,48,2,68,36,0,36,104
09/15/2021,TWF,ID,ANM,WE,Combination Non-Radar Approach Control & Tower w/o Radar,0,26,11,6,43,0,4,47,2,53,0,30,58,8,96,28,10,38,134
09/16/2021,TWF,ID,ANM,WE,Combination Non-Radar Approach Control & Tower w/o Radar,0,20,11,1,32,0,0,38,1,39,0,20,49,2,71,48,0,48,119
09/17/2021,TWF,ID,ANM,WE,Combination Non-Radar Approach Control & Tower w/o Radar,0,17,9,0,26,0,0,64,0,64,0,17,73,0,90,100,2,102,192
09/18/2021,TWF,ID,ANM,WE,Combination Non-Radar Approach Control & Tower w/o Radar,0,15,7,0,22,0,1,10,1,12,0,16,17,1,34,6,0,6,40
09/19/2021,TWF,ID,ANM,WE,Combination Non-Radar Approach Control & Tower w/o Radar,0,9,5,1,15,0,0,11,0,11,0,9,16,1,26,6,0,6,32
09/20/2021,TWF,ID,ANM,WE,Combination Non-Radar Approach Control & Tower w/o Radar,0,8,7,0,15,0,1,32,0,33,0,9,39,0,48,30,0,30,78
09/21/2021,TWF,ID,ANM,WE,Combination Non-Radar Approach Control & Tower w/o Radar,0,15,1,3,19,0,0,36,1,37,0,15,37,4,56,24,0,24,80
09/22/2021,TWF,ID,ANM,WE,Combination Non-Radar Approach Control & Tower w/o Radar,0,15,9,0,24,0,1,65,0,66,0,16,74,0,90,30,0,30,120
09/23/2021,TWF,ID,ANM,WE,Combination Non-Radar Approach Control & Tower w/o Radar,0,15,6,0,21,0,0,39,0,39,0,15,45,0,60,44,0,44,104
09/24/2021,TWF,ID,ANM,WE,Combination Non-Radar Approach Control & Tower w/o Radar,0,21,1,0,22,0,1,61,0,62,0,22,62,0,84,60,0,60,144
09/25/2021,TWF,ID,ANM,WE,Combination Non-Radar Approach Control & Tower w/o Radar,0,16,8,0,24,1,1,51,0,53,1,17,59,0,77,28,0,28,105
09/26/2021,TWF,ID,ANM,WE,Combination Non-Radar Approach Control & Tower w/o Radar,0,7,4,0,11,0,0,26,0,26,0,7,30,0,37,6,0,6,43
09/27/2021,TWF,ID,ANM,WE,Combination Non-Radar Approach Control & Tower w/o Radar,0,7,4,0,11,0,2,21,0,23,0,9,25,0,34,14,0,14,48
09/28/2021,TWF,ID,ANM,WE,Combination Non-Radar Approach Control & Tower w/o Radar,0,17,5,3,25,0,2,6,1,9,0,19,11,4,34,8,0,8,42
09/29/2021,TWF,ID,ANM,WE,Combination Non-Radar Approach Control & Tower w/o Radar,0,15,9,3,27,0,0,40,0,40,0,15,49,3,67,72,0,72,139
09/30/2021,TWF,ID,ANM,WE,Combination Non-Radar Approach Control & Tower w/o Radar,0,18,5,0,23,0,1,45,0,46,0,19,50,0,69,72,0,72,141
10/01/2021,TWF,ID,ANM,WE,Combination Non-Radar Approach Control & Tower w/o Radar,0,17,7,0,24,0,0,52,2,54,0,17,59,2,78,48,0,48,126
10/02/2021,TWF,ID,ANM,WE,Combination Non-Radar Approach Control & Tower w/o Radar,0,14,2,0,16,0,2,36,0,38,0,16,38,0,54,42,0,42,96
10/03/2021,TWF,ID,ANM,WE,Combination Non-Radar Approach Control & Tower w/o Radar,0,11,1,0,12,0,0,35,0,35,0,11,36,0,47,0,0,0,47
10/04/2021,TWF,ID,ANM,WE,Combination Non-Radar Approach Control & Tower w/o Radar,0,12,9,1,22,0,0,35,1,36,0,12,44,2,58,50,0,50,108
10/05/2021,TWF,ID,ANM,WE,Combination Non-Radar Approach Control & Tower w/o Radar,0,18,6,1,25,0,4,51,6,61,0,22,57,7,86,42,4,46,132
10/06/2021,TWF,ID,ANM,WE,Combination Non-Radar Approach Control & Tower w/o Radar,0,16,3,2,21,0,0,28,0,28,0,16,31,2,49,52,0,52,101
10/07/2021,TWF,ID,ANM,WE,Combination Non-Radar Approach Control & Tower w/o Radar,0,19,11,4,34,0,0,18,0,18,0,19,29,4,52,30,0,30,82
10/08/2021,TWF,ID,ANM,WE,Combination Non-Radar Approach Control & Tower w/o Radar,0,24,9,0,33,0,0,16,0,16,0,24,25,0,49,0,0,0,49
10/09/2021,TWF,ID,ANM,WE,Combination Non-Radar Approach Control & Tower w/o Radar,0,10,3,0,13,0,0,7,0,7,0,10,10,0,20,0,0,0,20
10/10/2021,TWF,ID,ANM,WE,Combination Non-Radar Approach Control & Tower w/o Radar,0,17,7,0,24,0,0,36,0,36,0,17,43,0,60,16,0,16,76
10/11/2021,TWF,ID,ANM,WE,Combination Non-Radar Approach Control & Tower w/o Radar,0,24,10,0,34,0,0,3,0,3,0,24,13,0,37,0,0,0,37
10/12/2021,TWF,ID,ANM,WE,Combination Non-Radar Approach Control & Tower w/o Radar,0,23,8,0,31,0,1,37,0,38,0,24,45,0,69,50,0,50,119
10/13/2021,TWF,ID,ANM,WE,Combination Non-Radar Approach Control & Tower w/o Radar,0,22,13,0,35,0,8,20,0,28,0,30,33,0,63,30,0,30,93
10/14/2021,TWF,ID,ANM,WE,Combination Non-Radar Approach Control & Tower w/o Radar,0,24,14,4,42,0,5,28,6,39,0,29,42,10,81,36,2,38,119
10/15/2021,TWF,ID,ANM,WE,Combination Non-Radar Approach Control & Tower w/o Radar,0,19,8,0,27,0,2,50,0,52,0,21,58,0,79,76,0,76,155
10/16/2021,TWF,ID,ANM,WE,Combination Non-Radar Approach Control & Tower w/o Radar,0,12,1,1,14,0,2,43,0,45,0,14,44,1,59,48,0,48,107
10/17/2021,TWF,ID,ANM,WE,Combination Non-Radar Approach Control & Tower w/o Radar,0,8,7,0,15,0,1,23,2,26,0,9,30,2,41,2,0,2,43
10/18/2021,TWF,ID,ANM,WE,Combination Non-Radar Approach Control & Tower w/o Radar,0,11,2,2,15,0,3,22,3,28,0,14,24,5,43,14,0,14,57
10/19/2021,TWF,ID,ANM,WE,Combination Non-Radar Approach Control & Tower w/o Radar,0,18,9,3,30,0,1,59,1,61,0,19,68,4,91,52,0,52,143
10/20/2021,TWF,ID,ANM,WE,Combination Non-Radar Approach Control & Tower w/o Radar,0,22,5,2,29,0,1,19,0,20,0,23,24,2,49,4,8,12,61
10/21/2021,TWF,ID,ANM,WE,Combination Non-Radar Approach Control & Tower w/o Radar,0,13,9,1,23,0,0,46,1,47,0,13,55,2,70,56,0,56,126
10/22/2021,TWF,ID,ANM,WE,Combination Non-Radar Approach Control & Tower w/o Radar,0,14,9,0,23,0,0,17,0,17,0,14,26,0,40,18,0,18,58
10/23/2021,TWF,ID,ANM,WE,Combination Non-Radar Approach Control & Tower w/o Radar,0,15,4,0,19,0,2,57,0,59,0,17,61,0,78,20,0,20,98
10/24/2021,TWF,ID,ANM,WE,Combination Non-Radar Approach Control & Tower w/o Radar,0,10,7,0,17,0,0,2,0,2,0,10,9,0,19,0,0,0,19
10/25/2021,TWF,ID,ANM,WE,Combination Non-Radar Approach Control & Tower w/o Radar,0,18,8,0,26,0,0,2,0,2,0,18,10,0,28,0,0,0,28
10/26/2021,TWF,ID,ANM,WE,Combination Non-Radar Approach Control & Tower w/o Radar,0,22,13,0,35,0,0,21,0,21,0,22,34,0,56,36,0,36,92
10/27/2021,TWF,ID,ANM,WE,Combination Non-Radar Approach Control & Tower w/o Radar,0,19,14,0,33,0,0,24,0,24,0,19,38,0,57,54,0,54,111
10/28/2021,TWF,ID,ANM,WE,Combination Non-Radar Approach Control & Tower w/o Radar,0,16,10,1,27,0,0,77,1,78,0,16,87,2,105,60,0,60,165
10/29/2021,TWF,ID,ANM,WE,Combination Non-Radar Approach Control & Tower w/o Radar,0,13,11,0,24,0,0,67,0,67,0,13,78,0,91,42,0,42,133
10/30/2021,TWF,ID,ANM,WE,Combination Non-Radar Approach Control & Tower w/o Radar,0,13,5,0,18,0,0,63,0,63,0,13,68,0,81,130,0,130,211
10/31/2021,TWF,ID,ANM,WE,Combination Non-Radar Approach Control & Tower w/o Radar,0,9,7,0,16,0,0,25,0,25,0,9,32,0,41,24,0,24,65
11/01/2021,TWF,ID,ANM,WE,Combination Non-Radar Approach Control & Tower w/o Radar,0,10,0,0,10,0,0,34,0,34,0,10,34,0,44,0,0,0,44
11/02/2021,TWF,ID,ANM,WE,Combination Non-Radar Approach Control & Tower w/o Radar,0,15,6,0,21,0,1,45,2,48,0,16,51,2,69,22,8,30,99
11/03/2021,TWF,ID,ANM,WE,Combination Non-Radar Approach Control & Tower w/o Radar,0,19,1,2,22,0,1,44,0,45,0,20,45,2,67,66,0,66,133
11/04/2021,TWF,ID,ANM,WE,Combination Non-Radar Approach Control & Tower w/o Radar,0,18,3,0,21,0,0,29,0,29,0,18,32,0,50,32,0,32,82
11/05/2021,TWF,ID,ANM,WE,Combination Non-Radar Approach Control & Tower w/o Radar,0,19,5,2,26,0,1,44,3,48,0,20,49,5,74,82,12,94,168
11/06/2021,TWF,ID,ANM,WE,Combination Non-Radar Approach Control & Tower w/o Radar,0,10,3,0,13,0,0,41,0,41,0,10,44,0,54,52,0,52,106
11/07/2021,TWF,ID,ANM,WE,Combination Non-Radar Approach Control & Tower w/o Radar,0,4,1,0,5,0,0,24,0,24,0,4,25,0,29,4,0,4,33
11/08/2021,TWF,ID,ANM,WE,Combination Non-Radar Approach Control & Tower w/o Radar,0,11,6,6,23,0,1,24,6,31,0,12,30,12,54,28,28,56,110
11/09/2021,TWF,ID,ANM,WE,Combination Non-Radar Approach Control & Tower w/o Radar,0,22,10,0,32,0,0,4,0,4,0,22,14,0,36,8,0,8,44
11/10/2021,TWF,ID,ANM,WE,Combination Non-Radar Approach Control & Tower w/o Radar,0,8,6,2,16,0,1,37,0,38,0,9,43,2,54,32,0,32,86
11/11/2021,TWF,ID,ANM,WE,Combination Non-Radar Approach Control & Tower w/o Radar,0,14,6,0,20,0,0,30,0,30,0,14,36,0,50,46,0,46,96
11/12/2021,TWF,ID,ANM,WE,Combination Non-Radar Approach Control & Tower w/o Radar,0,12,7,1,20,0,0,47,0,47,0,12,54,1,67,60,2,62,129
11/13/2021,TWF,ID,ANM,WE,Combination Non-Radar Approach Control & Tower w/o Radar,0,8,3,0,11,0,1,34,0,35,0,9,37,0,46,84,0,84,130
11/14/2021,TWF,ID,ANM,WE,Combination Non-Radar Approach Control & Tower w/o Radar,0,4,2,0,6,0,0,41,0,41,0,4,43,0,47,20,0,20,67
11/15/2021,TWF,ID,ANM,WE,Combination Non-Radar Approach Control & Tower w/o Radar,0,10,1,0,11,0,1,30,2,33,0,11,31,2,44,48,0,48,92
11/16/2021,TWF,ID,ANM,WE,Combination Non-Radar Approach Control & Tower w/o Radar,0,19,8,1,28,0,4,18,1,23,0,23,26,2,51,48,0,48,99
11/17/2021,TWF,ID,ANM,WE,Combination Non-Radar Approach Control & Tower w/o Radar,0,14,5,0,19,0,1,43,0,44,0,15,48,0,63,108,0,108,171
11/18/2021,TWF,ID,ANM,WE,Combination Non-Radar Approach Control & Tower w/o Radar,1,15,1,4,21,1,0,22,1,24,2,15,23,5,45,66,0,66,111
11/19/2021,TWF,ID,ANM,WE,Combination Non-Radar Approach Control & Tower w/o Radar,0,27,10,2,39,0,0,17,0,17,0,27,27,2,56,52,4,56,112
11/20/2021,TWF,ID,ANM,WE,Combination Non-Radar Approach Control & Tower w/o Radar,0,15,9,0,24,0,1,32,0,33,0,16,41,0,57,34,0,34,91
11/21/2021,TWF,ID,ANM,WE,Combination Non-Radar Approach Control & Tower w/o Radar,0,5,6,0,11,0,0,17,0,17,0,5,23,0,28,20,0,20,48
11/22/2021,TWF,ID,ANM,WE,Combination Non-Radar Approach Control & Tower w/o Radar,0,9,3,3,15,0,0,20,1,21,0,9,23,4,36,28,6,34,70
11/23/2021,TWF,ID,ANM,WE,Combination Non-Radar Approach Control & Tower w/o Radar,0,15,5,0,20,0,4,7,0,11,0,19,12,0,31,0,0,0,31
11/24/2021,TWF,ID,ANM,WE,Combination Non-Radar Approach Control & Tower w/o Radar,2,16,1,2,21,0,0,13,0,13,2,16,14,2,34,18,16,34,68
11/25/2021,TWF,ID,ANM,WE,Combination Non-Radar Approach Control & Tower w/o Radar,0,3,1,0,4,0,0,17,0,17,0,3,18,0,21,12,0,12,33
11/26/2021,TWF,ID,ANM,WE,Combination Non-Radar Approach Control & Tower w/o Radar,0,12,2,0,14,0,0,10,0,10,0,12,12,0,24,14,0,14,38
11/27/2021,TWF,ID,ANM,WE,Combination Non-Radar Approach Control & Tower w/o Radar,0,13,2,0,15,0,2,29,0,31,0,15,31,0,46,22,0,22,68
11/28/2021,TWF,ID,ANM,WE,Combination Non-Radar Approach Control & Tower w/o Radar,0,8,10,0,18,0,0,38,0,38,0,8,48,0,56,18,0,18,74
11/29/2021,TWF,ID,ANM,WE,Combination Non-Radar Approach Control & Tower w/o Radar,0,12,5,5,22,0,0,43,1,44,0,12,48,6,66,12,0,12,78
11/30/2021,TWF,ID,ANM,WE,Combination Non-Radar Approach Control & Tower w/o Radar,0,20,5,1,26,0,1,32,1,34,0,21,37,2,60,48,0,48,108
12/01/2021,TWF,ID,ANM,WE,Combination Non-Radar Approach Control & Tower w/o Radar,0,5,4,0,9,0,0,6,0,6,0,5,10,0,15,4,0,4,19
12/02/2021,TWF,ID,ANM,WE,Combination Non-Radar Approach Control & Tower w/o Radar,0,12,7,0,19,0,0,46,0,46,0,12,53,0,65,44,0,44,109
12/03/2021,TWF,ID,ANM,WE,Combination Non-Radar Approach Control & Tower w/o Radar,0,10,5,7,22,0,0,46,8,54,0,10,51,15,76,30,8,38,114
12/04/2021,TWF,ID,ANM,WE,Combination Non-Radar Approach Control & Tower w/o Radar,0,3,7,0,10,0,4,47,0,51,0,7,54,0,61,18,0,18,79
12/05/2021,TWF,ID,ANM,WE,Combination Non-Radar Approach Control & Tower w/o Radar,0,5,2,0,7,0,0,2,0,2,0,5,4,0,9,0,0,0,9
12/06/2021,TWF,ID,ANM,WE,Combination Non-Radar Approach Control & Tower w/o Radar,0,7,5,0,12,0,0,8,0,8,0,7,13,0,20,34,0,34,54
12/07/2021,TWF,ID,ANM,WE,Combination Non-Radar Approach Control & Tower w/o Radar,0,13,5,0,18,0,0,26,1,27,0,13,31,1,45,54,0,54,99
12/08/2021,TWF,ID,ANM,WE,Combination Non-Radar Approach Control & Tower w/o Radar,2,10,7,2,21,0,0,20,3,23,2,10,27,5,44,32,0,32,76
12/09/2021,TWF,ID,ANM,WE,Combination Non-Radar Approach Control & Tower w/o Radar,2,11,13,4,30,0,0,16,0,16,2,11,29,4,46,14,0,14,60
12/10/2021,TWF,ID,ANM,WE,Combination Non-Radar Approach Control & Tower w/o Radar,1,13,7,0,21,0,0,14,0,14,1,13,21,0,35,16,0,16,51
12/11/2021,TWF,ID,ANM,WE,Combination Non-Radar Approach Control & Tower w/o Radar,0,12,4,0,16,0,4,7,1,12,0,16,11,1,28,0,0,0,28
12/12/2021,TWF,ID,ANM,WE,Combination Non-Radar Approach Control & Tower w/o Radar,0,13,5,0,18,0,0,9,0,9,0,13,14,0,27,12,0,12,39
12/13/2021,TWF,ID,ANM,WE,Combination Non-Radar Approach Control & Tower w/o Radar,0,10,3,0,13,0,2,6,2,10,0,12,9,2,23,0,0,0,23
12/14/2021,TWF,ID,ANM,WE,Combination Non-Radar Approach Control & Tower w/o Radar,0,22,6,0,28,0,0,0,0,0,0,22,6,0,28,0,0,0,28
12/15/2021,TWF,ID,ANM,WE,Combination Non-Radar Approach Control & Tower w/o Radar,0,9,15,0,24,0,0,12,0,12,0,9,27,0,36,24,0,24,60
12/16/2021,TWF,ID,ANM,WE,Combination Non-Radar Approach Control & Tower w/o Radar,0,20,8,0,28,0,0,3,0,3,0,20,11,0,31,4,0,4,35
12/17/2021,TWF,ID,ANM,WE,Combination Non-Radar Approach Control & Tower w/o Radar,0,11,9,2,22,0,0,30,0,30,0,11,39,2,52,20,0,20,72
12/18/2021,TWF,ID,ANM,WE,Combination Non-Radar Approach Control & Tower w/o Radar,0,15,6,0,21,0,1,40,0,41,0,16,46,0,62,60,0,60,122
12/19/2021,TWF,ID,ANM,WE,Combination Non-Radar Approach Control & Tower w/o Radar,2,21,13,0,36,0,1,21,0,22,2,22,34,0,58,16,0,16,74
12/20/2021,TWF,ID,ANM,WE,Combination Non-Radar Approach Control & Tower w/o Radar,0,15,6,0,21,0,0,33,0,33,0,15,39,0,54,38,0,38,92
12/21/2021,TWF,ID,ANM,WE,Combination Non-Radar Approach Control & Tower w/o Radar,0,10,3,3,16,0,0,58,0,58,0,10,61,3,74,46,0,46,120
12/22/2021,TWF,ID,ANM,WE,Combination Non-Radar Approach Control & Tower w/o Radar,0,42,15,0,57,0,9,19,0,28,0,51,34,0,85,2,0,2,87
12/23/2021,TWF,ID,ANM,WE,Combination Non-Radar Approach Control & Tower w/o Radar,6,28,27,0,61,0,1,2,0,3,6,29,29,0,64,0,0,0,64
12/24/2021,TWF,ID,ANM,WE,Combination Non-Radar Approach Control & Tower w/o Radar,0,12,1,0,13,0,0,0,0,0,0,12,1,0,13,0,0,0,13
12/25/2021,TWF,ID,ANM,WE,Combination Non-Radar Approach Control & Tower w/o Radar,6,20,5,0,31,0,0,1,0,1,6,20,6,0,32,0,0,0,32
12/26/2021,TWF,ID,ANM,WE,Combination Non-Radar Approach Control & Tower w/o Radar,9,19,21,0,49,0,2,1,0,3,9,21,22,0,52,0,0,0,52
12/27/2021,TWF,ID,ANM,WE,Combination Non-Radar Approach Control & Tower w/o Radar,2,27,23,0,52,0,0,1,0,1,2,27,24,0,53,0,0,0,53
12/28/2021,TWF,ID,ANM,WE,Combination Non-Radar Approach Control & Tower w/o Radar,0,10,6,0,16,0,0,4,0,4,0,10,10,0,20,0,0,0,20
12/29/2021,TWF,ID,ANM,WE,Combination Non-Radar Approach Control & Tower w/o Radar,0,31,11,0,42,0,0,1,0,1,0,31,12,0,43,0,0,0,43
12/30/2021,TWF,ID,ANM,WE,Combination Non-Radar Approach Control & Tower w/o Radar,0,27,9,0,36,0,0,3,0,3,0,27,12,0,39,0,0,0,39
12/31/2021,TWF,ID,ANM,WE,Combination Non-Radar Approach Control & Tower w/o Radar,0,13,3,0,16,0,2,2,0,4,0,15,5,0,20,6,0,6,26
01/01/2022,TWF,ID,ANM,WE,Combination Non-Radar Approach Control & Tower w/o Radar,0,7,2,0,9,0,1,21,0,22,0,8,23,0,31,7,0,7,38
01/02/2022,TWF,ID,ANM,WE,Combination Non-Radar Approach Control & Tower w/o Radar,0,17,13,0,30,0,1,8,0,9,0,18,21,0,39,2,0,2,41
01/03/2022,TWF,ID,ANM,WE,Combination Non-Radar Approach Control & Tower w/o Radar,0,16,11,0,27,0,0,1,0,1,0,16,12,0,28,2,0,2,30
01/04/2022,TWF,ID,ANM,WE,Combination Non-Radar Approach Control & Tower w/o Radar,0,18,4,0,22,0,0,0,0,0,0,18,4,0,22,0,0,0,22
01/05/2022,TWF,ID,ANM,WE,Combination Non-Radar Approach Control & Tower w/o Radar,0,16,10,0,26,0,0,2,0,2,0,16,12,0,28,2,0,2,30
01/06/2022,TWF,ID,ANM,WE,Combination Non-Radar Approach Control & Tower w/o Radar,0,10,12,0,22,0,0,3,0,3,0,10,15,0,25,0,0,0,25
01/07/2022,TWF,ID,ANM,WE,Combination Non-Radar Approach Control & Tower w/o Radar,0,18,3,0,21,0,0,9,0,9,0,18,12,0,30,6,0,6,36
01/08/2022,TWF,ID,ANM,WE,Combination Non-Radar Approach Control & Tower w/o Radar,0,14,5,0,19,0,1,37,0,38,0,15,42,0,57,4,0,4,61
01/09/2022,TWF,ID,ANM,WE,Combination Non-Radar Approach Control & Tower w/o Radar,0,6,13,0,19,0,0,33,2,35,0,6,46,2,54,18,0,18,72
01/10/2022,TWF,ID,ANM,WE,Combination Non-Radar Approach Control & Tower w/o Radar,0,8,6,1,15,0,0,27,0,27,0,8,33,1,42,48,0,48,90
01/11/2022,TWF,ID,ANM,WE,Combination Non-Radar Approach Control & Tower w/o Radar,0,13,4,0,17,0,1,38,0,39,0,14,42,0,56,90,2,92,148
01/12/2022,TWF,ID,ANM,WE,Combination Non-Radar Approach Control & Tower w/o Radar,0,17,4,4,25,0,0,50,0,50,0,17,54,4,75,32,0,32,107
01/13/2022,TWF,ID,ANM,WE,Combination Non-Radar Approach Control & Tower w/o Radar,0,11,4,5,20,0,2,38,5,45,0,13,42,10,65,50,10,60,125
01/14/2022,TWF,ID,ANM,WE,Combination Non-Radar Approach Control & Tower w/o Radar,0,12,6,0,18,0,1,23,0,24,0,13,29,0,42,26,0,26,68
01/15/2022,TWF,ID,ANM,WE,Combination Non-Radar Approach Control & Tower w/o Radar,0,7,1,0,8,0,0,0,0,0,0,7,1,0,8,0,0,0,8
01/16/2022,TWF,ID,ANM,WE,Combination Non-Radar Approach Control & Tower w/o Radar,0,7,5,0,12,0,0,0,0,0,0,7,5,0,12,0,0,0,12
01/17/2022,TWF,ID,ANM,WE,Combination Non-Radar Approach Control & Tower w/o Radar,0,10,1,0,11,0,0,18,0,18,0,10,19,0,29,12,0,12,41
01/18/2022,TWF,ID,ANM,WE,Combination Non-Radar Approach Control & Tower w/o Radar,0,6,5,0,11,0,0,0,0,0,0,6,5,0,11,0,0,0,11
01/19/2022,TWF,ID,ANM,WE,Combination Non-Radar Approach Control & Tower w/o Radar,0,18,9,0,27,0,0,0,0,0,0,18,9,0,27,0,0,0,27
01/20/2022,TWF,ID,ANM,WE,Combination Non-Radar Approach Control & Tower w/o Radar,0,17,12,0,29,0,0,4,0,4,0,17,16,0,33,26,0,26,59
01/21/2022,TWF,ID,ANM,WE,Combination Non-Radar Approach Control & Tower w/o Radar,0,16,14,0,30,0,0,0,0,0,0,16,14,0,30,0,0,0,30
01/22/2022,TWF,ID,ANM,WE,Combination Non-Radar Approach Control & Tower w/o Radar,0,11,4,0,15,0,0,3,0,3,0,11,7,0,18,10,0,10,28
01/23/2022,TWF,ID,ANM,WE,Combination Non-Radar Approach Control & Tower w/o Radar,0,4,17,0,21,0,0,3,0,3,0,4,20,0,24,0,0,0,24
01/24/2022,TWF,ID,ANM,WE,Combination Non-Radar Approach Control & Tower w/o Radar,0,8,14,0,22,0,0,0,0,0,0,8,14,0,22,0,0,0,22
01/25/2022,TWF,ID,ANM,WE,Combination Non-Radar Approach Control & Tower w/o Radar,0,10,9,0,19,0,0,2,0,2,0,10,11,0,21,0,0,0,21
01/26/2022,TWF,ID,ANM,WE,Combination Non-Radar Approach Control & Tower w/o Radar,0,12,5,0,17,0,0,28,0,28,0,12,33,0,45,64,0,64,109
01/27/2022,TWF,ID,ANM,WE,Combination Non-Radar Approach Control & Tower w/o Radar,0,16,14,0,30,0,0,14,0,14,0,16,28,0,44,56,0,56,100
01/28/2022,TWF,ID,ANM,WE,Combination Non-Radar Approach Control & Tower w/o Radar,0,15,4,0,19,0,1,43,0,44,0,16,47,0,63,80,0,80,143
01/29/2022,TWF,ID,ANM,WE,Combination Non-Radar Approach Control & Tower w/o Radar,0,7,8,0,15,0,2,39,0,41,0,9,47,0,56,46,0,46,102
01/30/2022,TWF,ID,ANM,WE,Combination Non-Radar Approach Control & Tower w/o Radar,0,1,5,0,6,0,0,12,0,12,0,1,17,0,18,14,0,14,32
01/31/2022,TWF,ID,ANM,WE,Combination Non-Radar Approach Control & Tower w/o Radar,0,14,3,0,17,0,0,16,0,16,0,14,19,0,33,16,0,16,49
02/01/2022,TWF,ID,ANM,WE,Combination Non-Radar Approach Control & Tower w/o Radar,0,4,2,0,6,0,0,11,0,11,0,4,13,0,17,4,0,4,21
02/02/2022,TWF,ID,ANM,WE,Combination Non-Radar Approach Control & Tower w/o Radar,0,11,5,0,16,0,0,6,0,6,0,11,11,0,22,0,0,0,22
02/03/2022,TWF,ID,ANM,WE,Combination Non-Radar Approach Control & Tower w/o Radar,0,14,4,3,21,0,0,18,5,23,0,14,22,8,44,50,0,50,94
02/04/2022,TWF,ID,ANM,WE,Combination Non-Radar Approach Control & Tower w/o Radar,0,15,4,0,19,0,0,45,0,45,0,15,49,0,64,102,0,102,166
02/05/2022,TWF,ID,ANM,WE,Combination Non-Radar Approach Control & Tower w/o Radar,0,9,6,0,15,0,3,26,0,29,0,12,32,0,44,30,0,30,74
02/06/2022,TWF,ID,ANM,WE,Combination Non-Radar Approach Control & Tower w/o Radar,0,4,4,0,8,0,0,30,0,30,0,4,34,0,38,10,0,10,48
02/07/2022,TWF,ID,ANM,WE,Combination Non-Radar Approach Control & Tower w/o Radar,1,7,6,1,15,0,0,20,1,21,1,7,26,2,36,10,0,10,46
02/08/2022,TWF,ID,ANM,WE,Combination Non-Radar Approach Control & Tower w/o Radar,0,6,4,0,10,0,0,43,0,43,0,6,47,0,53,58,0,58,111
02/09/2022,TWF,ID,ANM,WE,Combination Non-Radar Approach Control & Tower w/o Radar,0,10,9,2,21,0,0,48,0,48,0,10,57,2,69,58,0,58,127
02/10/2022,TWF,ID,ANM,WE,Combination Non-Radar Approach Control & Tower w/o Radar,0,14,7,0,21,0,0,57,1,58,0,14,64,1,79,58,0,58,137
02/11/2022,TWF,ID,ANM,WE,Combination Non-Radar Approach Control & Tower w/o Radar,0,12,7,0,19,0,2,48,2,52,0,14,55,2,71,24,0,24,95
02/12/2022,TWF,ID,ANM,WE,Combination Non-Radar Approach Control & Tower w/o Radar,0,9,5,0,14,0,0,30,0,30,0,9,35,0,44,10,0,10,54
02/13/2022,TWF,ID,ANM,WE,Combination Non-Radar Approach Control & Tower w/o Radar,0,4,1,0,5,0,0,45,0,45,0,4,46,0,50,6,0,6,56
02/14/2022,TWF,ID,ANM,WE,Combination Non-Radar Approach Control & Tower w/o Radar,0,11,4,0,15,0,0,31,0,31,0,11,35,0,46,42,6,48,94
02/15/2022,TWF,ID,ANM,WE,Combination Non-Radar Approach Control & Tower w/o Radar,0,14,6,0,20,0,0,9,0,9,0,14,15,0,29,32,0,32,61
02/16/2022,TWF,ID,ANM,WE,Combination Non-Radar Approach Control & Tower w/o Radar,0,12,4,2,18,0,0,10,0,10,0,12,14,2,28,0,2,2,30
02/17/2022,TWF,ID,ANM,WE,Combination Non-Radar Approach Control & Tower w/o Radar,0,17,6,0,23,0,0,35,0,35,0,17,41,0,58,72,0,72,130
02/18/2022,TWF,ID,ANM,WE,Combination Non-Radar Approach Control & Tower w/o Radar,0,11,6,0,17,0,0,68,4,72,0,11,74,4,89,50,2,52,141
02/19/2022,TWF,ID,ANM,WE,Combination Non-Radar Approach Control & Tower w/o Radar,0,18,6,0,24,0,0,41,0,41,0,18,47,0,65,38,0,38,103
02/20/2022,TWF,ID,ANM,WE,Combination Non-Radar Approach Control & Tower w/o Radar,2,16,3,0,21,0,0,11,0,11,2,16,14,0,32,0,0,0,32
02/21/2022,TWF,ID,ANM,WE,Combination Non-Radar Approach Control & Tower w/o Radar,0,14,3,0,17,0,0,22,0,22,0,14,25,0,39,43,0,43,82
02/22/2022,TWF,ID,ANM,WE,Combination Non-Radar Approach Control & Tower w/o Radar,2,11,2,1,16,0,0,8,1,9,2,11,10,2,25,0,4,4,29
02/23/2022,TWF,ID,ANM,WE,Combination Non-Radar Approach Control & Tower w/o Radar,0,15,2,0,17,0,0,4,0,4,0,15,6,0,21,8,0,8,29
02/24/2022,TWF,ID,ANM,WE,Combination Non-Radar Approach Control & Tower w/o Radar,0,24,12,0,36,0,0,11,0,11,0,24,23,0,47,36,0,36,83
02/25/2022,TWF,ID,ANM,WE,Combination Non-Radar Approach Control & Tower w/o Radar,0,19,10,0,29,0,0,27,2,29,0,19,37,2,58,67,0,67,125
02/26/2022,TWF,ID,ANM,WE,Combination Non-Radar Approach Control & Tower w/o Radar,0,13,2,1,16,0,1,31,2,34,0,14,33,3,50,26,0,26,76
02/27/2022,TWF,ID,ANM,WE,Combination Non-Radar Approach Control & Tower w/o Radar,0,6,4,0,10,0,0,32,1,33,0,6,36,1,43,22,0,22,65
02/28/2022,TWF,ID,ANM,WE,Combination Non-Radar Approach Control & Tower w/o Radar,0,10,11,0,21,0,0,41,1,42,0,10,52,1,63,52,0,52,115
03/01/2022,TWF,ID,ANM,WE,Combination Non-Radar Approach Control & Tower w/o Radar,0,10,6,0,16,0,0,49,0,49,0,10,55,0,65,46,0,46,111
03/02/2022,TWF,ID,ANM,WE,Combination Non-Radar Approach Control & Tower w/o Radar,0,16,8,0,24,0,0,52,0,52,0,16,60,0,76,50,0,50,126
03/03/2022,TWF,ID,ANM,WE,Combination Non-Radar Approach Control & Tower w/o Radar,0,13,3,0,16,0,0,63,0,63,0,13,66,0,79,112,0,112,191
03/04/2022,TWF,ID,ANM,WE,Combination Non-Radar Approach Control & Tower w/o Radar,4,38,23,0,65,0,0,32,0,32,4,38,55,0,97,42,0,42,139
03/05/2022,TWF,ID,ANM,WE,Combination Non-Radar Approach Control & Tower w/o Radar,1,24,6,0,31,0,0,3,0,3,1,24,9,0,34,0,0,0,34
03/06/2022,TWF,ID,ANM,WE,Combination Non-Radar Approach Control & Tower w/o Radar,0,1,3,0,4,0,1,1,0,2,0,2,4,0,6,0,0,0,6
03/07/2022,TWF,ID,ANM,WE,Combination Non-Radar Approach Control & Tower w/o Radar,0,6,8,8,22,0,0,46,0,46,0,6,54,8,68,82,0,82,150
03/08/2022,TWF,ID,ANM,WE,Combination Non-Radar Approach Control & Tower w/o Radar,2,15,7,1,25,0,0,13,0,13,2,15,20,1,38,34,0,34,72
03/09/2022,TWF,ID,ANM,WE,Combination Non-Radar Approach Control & Tower w/o Radar,0,19,9,0,28,0,0,2,0,2,0,19,11,0,30,0,0,0,30
03/10/2022,TWF,ID,ANM,WE,Combination Non-Radar Approach Control & Tower w/o Radar,0,10,3,3,16,0,0,49,0,49,0,10,52,3,65,92,6,98,163
03/11/2022,TWF,ID,ANM,WE,Combination Non-Radar Approach Control & Tower w/o Radar,0,14,7,0,21,0,2,55,0,57,0,16,62,0,78,38,0,38,116
03/12/2022,TWF,ID,ANM,WE,Combination Non-Radar Approach Control & Tower w/o Radar,0,9,10,0,19,0,2,34,1,37,0,11,44,1,56,46,0,46,102
03/13/2022,TWF,ID,ANM,WE,Combination Non-Radar Approach Control & Tower w/o Radar,0,4,0,0,4,0,0,5,0,5,0,4,5,0,9,6,0,6,15
03/14/2022,TWF,ID,ANM,WE,Combination Non-Radar Approach Control & Tower w/o Radar,0,12,4,0,16,0,0,33,0,33,0,12,37,0,49,58,0,58,107
03/15/2022,TWF,ID,ANM,WE,Combination Non-Radar Approach Control & Tower w/o Radar,0,28,10,0,38,0,0,22,0,22,0,28,32,0,60,50,0,50,110
03/16/2022,TWF,ID,ANM,WE,Combination Non-Radar Approach Control & Tower w/o Radar,0,9,15,0,24,0,0,64,0,64,0,9,79,0,88,16,0,16,104
03/17/2022,TWF,ID,ANM,WE,Combination Non-Radar Approach Control & Tower w/o Radar,0,15,16,3,34,0,0,89,0,89,0,15,105,3,123,34,10,44,167
03/18/2022,TWF,ID,ANM,WE,Combination Non-Radar Approach Control & Tower w/o Radar,0,13,6,0,19,0,0,63,1,64,0,13,69,1,83,48,0,48,131
03/19/2022,TWF,ID,ANM,WE,Combination Non-Radar Approach Control & Tower w/o Radar,0,8,3,0,11,0,0,9,0,9,0,8,12,0,20,0,0,0,20
03/20/2022,TWF,ID,ANM,WE,Combination Non-Radar Approach Control & Tower w/o Radar,0,9,1,0,10,0,0,6,0,6,0,9,7,0,16,2,0,2,18
03/21/2022,TWF,ID,ANM,WE,Combination Non-Radar Approach Control & Tower w/o Radar,0,6,4,0,10,0,0,34,0,34,0,6,38,0,44,48,0,48,92
03/22/2022,TWF,ID,ANM,WE,Combination Non-Radar Approach Control & Tower w/o Radar,0,4,2,0,6,0,0,43,0,43,0,4,45,0,49,34,0,34,83
03/23/2022,TWF,ID,ANM,WE,Combination Non-Radar Approach Control & Tower w/o Radar,0,12,3,0,15,0,1,50,4,55,0,13,53,4,70,32,0,32,102
03/24/2022,TWF,ID,ANM,WE,Combination Non-Radar Approach Control & Tower w/o Radar,0,13,4,0,17,0,0,50,0,50,0,13,54,0,67,38,0,38,105
03/25/2022,TWF,ID,ANM,WE,Combination Non-Radar Approach Control & Tower w/o Radar,0,9,1,0,10,0,1,82,0,83,0,10,83,0,93,66,0,66,159
03/26/2022,TWF,ID,ANM,WE,Combination Non-Radar Approach Control & Tower w/o Radar,0,10,1,0,11,0,0,61,0,61,0,10,62,0,72,16,0,16,88
03/27/2022,TWF,ID,ANM,WE,Combination Non-Radar Approach Control & Tower w/o Radar,0,1,4,0,5,0,0,38,0,38,0,1,42,0,43,32,0,32,75
03/28/2022,TWF,ID,ANM,WE,Combination Non-Radar Approach Control & Tower w/o Radar,0,13,6,0,19,0,0,27,0,27,0,13,33,0,46,50,0,50,96
03/29/2022,TWF,ID,ANM,WE,Combination Non-Radar Approach Control & Tower w/o Radar,0,19,6,0,25,0,0,30,4,34,0,19,36,4,59,40,0,40,99
03/30/2022,TWF,ID,ANM,WE,Combination Non-Radar Approach Control & Tower w/o Radar,0,13,5,0,18,0,1,30,0,31,0,14,35,0,49,36,0,36,85
03/31/2022,TWF,ID,ANM,WE,Combination Non-Radar Approach Control & Tower w/o Radar,0,11,8,1,20,0,0,22,1,23,0,11,30,2,43,30,0,30,73
04/01/2022,TWF,ID,ANM,WE,Combination Non-Radar Approach Control & Tower w/o Radar,0,11,6,0,17,0,0,42,0,42,0,11,48,0,59,82,0,82,141
04/02/2022,TWF,ID,ANM,WE,Combination Non-Radar Approach Control & Tower w/o Radar,0,8,1,0,9,0,0,35,0,35,0,8,36,0,44,30,0,30,74
04/03/2022,TWF,ID,ANM,WE,Combination Non-Radar Approach Control & Tower w/o Radar,0,2,0,0,2,0,0,37,0,37,0,2,37,0,39,15,0,15,54
04/04/2022,TWF,ID,ANM,WE,Combination Non-Radar Approach Control & Tower w/o Radar,0,9,5,2,16,0,0,6,0,6,0,9,11,2,22,40,0,40,62
04/05/2022,TWF,ID,ANM,WE,Combination Non-Radar Approach Control & Tower w/o Radar,0,11,10,2,23,0,0,8,0,8,0,11,18,2,31,22,0,22,53
04/06/2022,TWF,ID,ANM,WE,Combination Non-Radar Approach Control & Tower w/o Radar,0,13,7,1,21,0,0,36,0,36,0,13,43,1,57,102,0,102,159
04/07/2022,TWF,ID,ANM,WE,Combination Non-Radar Approach Control & Tower w/o Radar,0,11,8,0,19,0,0,76,0,76,0,11,84,0,95,98,0,98,193
04/08/2022,TWF,ID,ANM,WE,Combination Non-Radar Approach Control & Tower w/o Radar,0,12,6,0,18,0,0,55,1,56,0,12,61,1,74,138,0,138,212
04/09/2022,TWF,ID,ANM,WE,Combination Non-Radar Approach Control & Tower w/o Radar,0,10,4,3,17,0,0,5,1,6,0,10,9,4,23,0,20,20,43
04/10/2022,TWF,ID,ANM,WE,Combination Non-Radar Approach Control & Tower w/o Radar,0,2,4,4,10,0,0,3,0,3,0,2,7,4,13,0,0,0,13
04/11/2022,TWF,ID,ANM,WE,Combination Non-Radar Approach Control & Tower w/o Radar,0,4,0,0,4,0,0,3,0,3,0,4,3,0,7,0,0,0,7
04/12/2022,TWF,ID,ANM,WE,Combination Non-Radar Approach Control & Tower w/o Radar,1,17,3,2,23,0,0,4,0,4,1,17,7,2,27,0,0,0,27
04/13/2022,TWF,ID,ANM,WE,Combination Non-Radar Approach Control & Tower w/o Radar,2,10,2,0,14,0,0,16,0,16,2,10,18,0,30,22,0,22,52
04/14/2022,TWF,ID,ANM,WE,Combination Non-Radar Approach Control & Tower w/o Radar,0,17,4,2,23,0,0,12,0,12,0,17,16,2,35,36,0,36,71
04/15/2022,TWF,ID,ANM,WE,Combination Non-Radar Approach Control & Tower w/o Radar,0,11,6,1,18,0,0,45,3,48,0,11,51,4,66,52,0,52,118
04/16/2022,TWF,ID,ANM,WE,Combination Non-Radar Approach Control & Tower w/o Radar,0,11,3,0,14,0,0,19,0,19,0,11,22,0,33,38,0,38,71
04/17/2022,TWF,ID,ANM,WE,Combination Non-Radar Approach Control & Tower w/o Radar,0,2,2,0,4,0,0,24,0,24,0,2,26,0,28,10,0,10,38
04/18/2022,TWF,ID,ANM,WE,Combination Non-Radar Approach Control & Tower w/o Radar,0,3,7,0,10,0,0,28,0,28,0,3,35,0,38,28,0,28,66
04/19/2022,TWF,ID,ANM,WE,Combination Non-Radar Approach Control & Tower w/o Radar,0,13,4,6,23,0,0,11,0,11,0,13,15,6,34,12,0,12,46
04/20/2022,TWF,ID,ANM,WE,Combination Non-Radar Approach Control & Tower w/o Radar,0,7,3,1,11,0,0,20,1,21,0,7,23,2,32,20,0,20,52
04/21/2022,TWF,ID,ANM,WE,Combination Non-Radar Approach Control & Tower w/o Radar,0,14,17,0,31,0,0,29,0,29,0,14,46,0,60,82,0,82,142
04/22/2022,TWF,ID,ANM,WE,Combination Non-Radar Approach Control & Tower w/o Radar,0,13,7,0,20,0,0,14,0,14,0,13,21,0,34,24,0,24,58
04/23/2022,TWF,ID,ANM,WE,Combination Non-Radar Approach Control & Tower w/o Radar,2,4,3,0,9,0,0,36,1,37,2,4,39,1,46,26,0,26,72
04/24/2022,TWF,ID,ANM,WE,Combination Non-Radar Approach Control & Tower w/o Radar,0,3,8,0,11,0,0,60,0,60,0,3,68,0,71,4,0,4,75
04/25/2022,TWF,ID,ANM,WE,Combination Non-Radar Approach Control & Tower w/o Radar,0,8,15,1,24,0,0,66,0,66,0,8,81,1,90,68,0,68,158
04/26/2022,TWF,ID,ANM,WE,Combination Non-Radar Approach Control & Tower w/o Radar,0,9,8,0,17,0,0,33,0,33,0,9,41,0,50,20,0,20,70
04/27/2022,TWF,ID,ANM,WE,Combination Non-Radar Approach Control & Tower w/o Radar,0,12,19,0,31,0,0,41,0,41,0,12,60,0,72,50,0,50,122
04/28/2022,TWF,ID,ANM,WE,Combination Non-Radar Approach Control & Tower w/o Radar,0,9,15,0,24,0,0,26,0,26,0,9,41,0,50,50,0,50,100
04/29/2022,TWF,ID,ANM,WE,Combination Non-Radar Approach Control & Tower w/o Radar,0,11,12,0,23,0,0,23,0,23,0,11,35,0,46,92,0,92,138
04/30/2022,TWF,ID,ANM,WE,Combination Non-Radar Approach Control & Tower w/o Radar,0,6,1,0,7,0,0,42,0,42,0,6,43,0,49,111,0,111,160
05/01/2022,TWF,ID,ANM,WE,Combination Non-Radar Approach Control & Tower w/o Radar,0,11,10,0,21,0,0,7,0,7,0,11,17,0,28,64,0,64,92
05/02/2022,TWF,ID,ANM,WE,Combination Non-Radar Approach Control & Tower w/o Radar,0,13,8,0,21,0,0,41,0,41,0,13,49,0,62,110,0,110,172
05/03/2022,TWF,ID,ANM,WE,Combination Non-Radar Approach Control & Tower w/o Radar,0,20,15,0,35,0,0,4,0,4,0,20,19,0,39,56,0,56,95
05/04/2022,TWF,ID,ANM,WE,Combination Non-Radar Approach Control & Tower w/o Radar,0,17,12,2,31,0,2,71,0,73,0,19,83,2,104,112,0,112,216
05/05/2022,TWF,ID,ANM,WE,Combination Non-Radar Approach Control & Tower w/o Radar,0,11,8,4,23,0,0,30,1,31,0,11,38,5,54,42,0,42,96
05/06/2022,TWF,ID,ANM,WE,Combination Non-Radar Approach Control & Tower w/o Radar,0,21,7,0,28,0,0,35,0,35,0,21,42,0,63,58,0,58,121
05/07/2022,TWF,ID,ANM,WE,Combination Non-Radar Approach Control & Tower w/o Radar,0,6,10,0,16,0,0,7,0,7,0,6,17,0,23,8,0,8,31
05/08/2022,TWF,ID,ANM,WE,Combination Non-Radar Approach Control & Tower w/o Radar,0,5,3,0,8,0,0,4,0,4,0,5,7,0,12,0,0,0,12
05/09/2022,TWF,ID,ANM,WE,Combination Non-Radar Approach Control & Tower w/o Radar,0,12,14,0,26,0,0,14,0,14,0,12,28,0,40,12,0,12,52
05/10/2022,TWF,ID,ANM,WE,Combination Non-Radar Approach Control & Tower w/o Radar,0,9,10,0,19,0,0,40,0,40,0,9,50,0,59,44,0,44,103
05/11/2022,TWF,ID,ANM,WE,Combination Non-Radar Approach Control & Tower w/o Radar,0,16,6,0,22,0,1,42,0,43,0,17,48,0,65,52,0,52,117
05/12/2022,TWF,ID,ANM,WE,Combination Non-Radar Approach Control & Tower w/o Radar,0,14,6,4,24,0,0,23,2,25,0,14,29,6,49,48,16,64,113
05/13/2022,TWF,ID,ANM,WE,Combination Non-Radar Approach Control & Tower w/o Radar,0,18,10,1,29,0,0,49,0,49,0,18,59,1,78,52,0,52,130
05/14/2022,TWF,ID,ANM,WE,Combination Non-Radar Approach Control & Tower w/o Radar,0,5,3,0,8,0,0,31,0,31,0,5,34,0,39,58,0,58,97
05/15/2022,TWF,ID,ANM,WE,Combination Non-Radar Approach Control & Tower w/o Radar,0,5,5,1,11,0,0,46,1,47,0,5,51,2,58,4,0,4,62
05/16/2022,TWF,ID,ANM,WE,Combination Non-Radar Approach Control & Tower w/o Radar,0,9,1,0,10,0,0,18,0,18,0,9,19,0,28,0,0,0,28
05/17/2022,TWF,ID,ANM,WE,Combination Non-Radar Approach Control & Tower w/o Radar,0,12,11,0,23,0,0,54,0,54,0,12,65,0,77,82,0,82,159
05/18/2022,TWF,ID,ANM,WE,Combination Non-Radar Approach Control & Tower w/o Radar,0,12,6,0,18,0,1,43,0,44,0,13,49,0,62,54,0,54,116
05/19/2022,TWF,ID,ANM,WE,Combination Non-Radar Approach Control & Tower w/o Radar,0,13,6,0,19,0,0,3,0,3,0,13,9,0,22,0,0,0,22
05/20/2022,TWF,ID,ANM,WE,Combination Non-Radar Approach Control & Tower w/o Radar,0,11,1,2,14,0,5,78,0,83,0,16,79,2,97,90,0,90,187
05/21/2022,TWF,ID,ANM,WE,Combination Non-Radar Approach Control & Tower w/o Radar,0,4,5,5,14,0,0,40,8,48,0,4,45,13,62,26,0,26,88
05/22/2022,TWF,ID,ANM,WE,Combination Non-Radar Approach Control & Tower w/o Radar,0,4,6,0,10,0,0,10,0,10,0,4,16,0,20,0,0,0,20
05/23/2022,TWF,ID,ANM,WE,Combination Non-Radar Approach Control & Tower w/o Radar,1,8,6,0,15,0,2,43,0,45,1,10,49,0,60,68,0,68,128
05/24/2022,TWF,ID,ANM,WE,Combination Non-Radar Approach Control & Tower w/o Radar,0,14,2,0,16,0,0,38,0,38,0,14,40,0,54,46,0,46,100
05/25/2022,TWF,ID,ANM,WE,Combination Non-Radar Approach Control & Tower w/o Radar,0,11,7,0,18,0,2,65,0,67,0,13,72,0,85,78,0,78,163
05/26/2022,TWF,ID,ANM,WE,Combination Non-Radar Approach Control & Tower w/o Radar,0,12,5,0,17,0,0,42,0,42,0,12,47,0,59,98,0,98,157
05/27/2022,TWF,ID,ANM,WE,Combination Non-Radar Approach Control & Tower w/o Radar,0,13,4,0,17,0,2,37,0,39,0,15,41,0,56,56,0,56,112
05/28/2022,TWF,ID,ANM,WE,Combination Non-Radar Approach Control & Tower w/o Radar,0,8,0,0,8,0,0,4,0,4,0,8,4,0,12,4,0,4,16
05/29/2022,TWF,ID,ANM,WE,Combination Non-Radar Approach Control & Tower w/o Radar,0,4,1,0,5,0,0,2,0,2,0,4,3,0,7,0,0,0,7
05/30/2022,TWF,ID,ANM,WE,Combination Non-Radar Approach Control & Tower w/o Radar,0,7,2,0,9,0,0,7,0,7,0,7,9,0,16,0,0,0,16
05/31/2022,TWF,ID,ANM,WE,Combination Non-Radar Approach Control & Tower w/o Radar,0,11,11,0,22,0,0,36,0,36,0,11,47,0,58,4,0,4,62
06/01/2022,TWF,ID,ANM,WE,Combination Non-Radar Approach Control & Tower w/o Radar,0,10,13,0,23,0,0,57,0,57,0,10,70,0,80,58,0,58,138
06/02/2022,TWF,ID,ANM,WE,Combination Non-Radar Approach Control & Tower w/o Radar,0,8,8,1,17,0,2,64,1,67,0,10,72,2,84,86,0,86,170
06/03/2022,TWF,ID,ANM,WE,Combination Non-Radar Approach Control & Tower w/o Radar,0,13,5,0,18,0,0,68,0,68,0,13,73,0,86,100,0,100,186
06/04/2022,TWF,ID,ANM,WE,Combination Non-Radar Approach Control & Tower w/o Radar,0,9,5,0,14,0,0,39,8,47,0,9,44,8,61,24,0,24,85
06/05/2022,TWF,ID,ANM,WE,Combination Non-Radar Approach Control & Tower w/o Radar,0,2,5,0,7,0,0,19,1,20,0,2,24,1,27,22,0,22,49
06/06/2022,TWF,ID,ANM,WE,Combination Non-Radar Approach Control & Tower w/o Radar,0,5,7,2,14,0,0,40,3,43,0,5,47,5,57,64,0,64,121
06/07/2022,TWF,ID,ANM,WE,Combination Non-Radar Approach Control & Tower w/o Radar,0,12,5,0,17,0,0,47,0,47,0,12,52,0,64,44,0,44,108
06/08/2022,TWF,ID,ANM,WE,Combination Non-Radar Approach Control & Tower w/o Radar,0,10,3,0,13,0,1,51,1,53,0,11,54,1,66,78,0,78,144
06/09/2022,TWF,ID,ANM,WE,Combination Non-Radar Approach Control & Tower w/o Radar,0,10,11,0,21,0,0,60,0,60,0,10,71,0,81,108,0,108,189
06/10/2022,TWF,ID,ANM,WE,Combination Non-Radar Approach Control & Tower w/o Radar,0,9,2,0,11,0,0,55,0,55,0,9,57,0,66,60,0,60,126
06/11/2022,TWF,ID,ANM,WE,Combination Non-Radar Approach Control & Tower w/o Radar,0,6,7,0,13,0,1,40,0,41,0,7,47,0,54,48,0,48,102
06/12/2022,TWF,ID,ANM,WE,Combination Non-Radar Approach Control & Tower w/o Radar,0,4,6,0,10,0,0,11,0,11,0,4,17,0,21,0,0,0,21
06/13/2022,TWF,ID,ANM,WE,Combination Non-Radar Approach Control & Tower w/o Radar,0,6,4,4,14,0,1,28,0,29,0,7,32,4,43,36,12,48,91
06/14/2022,TWF,ID,ANM,WE,Combination Non-Radar Approach Control & Tower w/o Radar,0,15,7,5,27,0,0,34,11,45,0,15,41,16,72,14,8,22,94
06/15/2022,TWF,ID,ANM,WE,Combination Non-Radar Approach Control & Tower w/o Radar,1,13,3,0,17,0,2,31,0,33,1,15,34,0,50,52,0,52,102
06/16/2022,TWF,ID,ANM,WE,Combination Non-Radar Approach Control & Tower w/o Radar,0,9,7,0,16,0,1,36,4,41,0,10,43,4,57,62,0,62,119
06/17/2022,TWF,ID,ANM,WE,Combination Non-Radar Approach Control & Tower w/o Radar,0,19,9,0,28,0,1,20,0,21,0,20,29,0,49,14,0,14,63
06/18/2022,TWF,ID,ANM,WE,Combination Non-Radar Approach Control & Tower w/o Radar,0,9,9,1,19,0,2,53,1,56,0,11,62,2,75,32,0,32,107
06/19/2022,TWF,ID,ANM,WE,Combination Non-Radar Approach Control & Tower w/o Radar,1,4,3,0,8,0,0,21,0,21,1,4,24,0,29,0,0,0,29
06/20/2022,TWF,ID,ANM,WE,Combination Non-Radar Approach Control & Tower w/o Radar,1,9,3,0,13,0,0,29,0,29,1,9,32,0,42,34,0,34,76
06/21/2022,TWF,ID,ANM,WE,Combination Non-Radar Approach Control & Tower w/o Radar,0,10,4,0,14,0,0,40,0,40,0,10,44,0,54,6,0,6,60
06/22/2022,TWF,ID,ANM,WE,Combination Non-Radar Approach Control & Tower w/o Radar,1,10,4,1,16,0,0,62,1,63,1,10,66,2,79,60,18,78,157
06/23/2022,TWF,ID,ANM,WE,Combination Non-Radar Approach Control & Tower w/o Radar,1,8,6,0,15,0,0,45,0,45,1,8,51,0,60,66,0,66,126
06/24/2022,TWF,ID,ANM,WE,Combination Non-Radar Approach Control & Tower w/o Radar,0,13,6,0,19,0,17,37,0,54,0,30,43,0,73,18,0,18,91
06/25/2022,TWF,ID,ANM,WE,Combination Non-Radar Approach Control & Tower w/o Radar,0,13,7,0,20,0,2,65,0,67,0,15,72,0,87,64,0,64,151
06/26/2022,TWF,ID,ANM,WE,Combination Non-Radar Approach Control & Tower w/o Radar,0,0,0,0,0,0,0,0,0,0,0,0,0,0,0,0,0,0,0
06/27/2022,TWF,ID,ANM,WE,Combination Non-Radar Approach Control & Tower w/o Radar,0,7,5,0,12,2,1,23,0,26,2,8,28,0,38,16,0,16,54
06/28/2022,TWF,ID,ANM,WE,Combination Non-Radar Approach Control & Tower w/o Radar,2,8,7,2,19,2,1,35,0,38,4,9,42,2,57,30,0,30,87
06/29/2022,TWF,ID,ANM,WE,Combination Non-Radar Approach Control & Tower w/o Radar,0,11,4,1,16,11,0,90,2,103,11,11,94,3,119,104,0,104,223
06/30/2022,TWF,ID,ANM,WE,Combination Non-Radar Approach Control & Tower w/o Radar,1,6,2,0,9,0,4,50,0,54,1,10,52,0,63,58,0,58,121
07/01/2022,TWF,ID,ANM,WE,Combination Non-Radar Approach Control & Tower w/o Radar,0,9,8,0,17,8,6,70,0,84,8,15,78,0,101,100,0,100,201
07/02/2022,TWF,ID,ANM,WE,Combination Non-Radar Approach Control & Tower w/o Radar,1,16,3,0,20,6,12,39,0,57,7,28,42,0,77,52,0,52,129
07/03/2022,TWF,ID,ANM,WE,Combination Non-Radar Approach Control & Tower w/o Radar,0,5,4,0,9,0,0,20,0,20,0,5,24,0,29,18,0,18,47
07/04/2022,TWF,ID,ANM,WE,Combination Non-Radar Approach Control & Tower w/o Radar,0,1,2,0,3,0,1,27,0,28,0,2,29,0,31,0,0,0,31
07/05/2022,TWF,ID,ANM,WE,Combination Non-Radar Approach Control & Tower w/o Radar,0,36,24,1,61,2,0,38,4,44,2,36,62,5,105,38,0,38,143
07/06/2022,TWF,ID,ANM,WE,Combination Non-Radar Approach Control & Tower w/o Radar,0,17,19,2,38,0,1,50,2,53,0,18,69,4,91,98,0,98,189
07/07/2022,TWF,ID,ANM,WE,Combination Non-Radar Approach Control & Tower w/o Radar,0,15,11,3,29,0,0,54,2,56,0,15,65,5,85,65,4,69,154
07/08/2022,TWF,ID,ANM,WE,Combination Non-Radar Approach Control & Tower w/o Radar,0,21,7,1,29,1,2,58,4,65,1,23,65,5,94,52,0,52,146
07/09/2022,TWF,ID,ANM,WE,Combination Non-Radar Approach Control & Tower w/o Radar,0,14,7,0,21,2,1,62,0,65,2,15,69,0,86,44,0,44,130
07/10/2022,TWF,ID,ANM,WE,Combination Non-Radar Approach Control & Tower w/o Radar,0,3,4,0,7,3,0,29,0,32,3,3,33,0,39,6,0,6,45
07/11/2022,TWF,ID,ANM,WE,Combination Non-Radar Approach Control & Tower w/o Radar,0,3,1,0,4,0,0,18,1,19,0,3,19,1,23,0,0,0,23
07/12/2022,TWF,ID,ANM,WE,Combination Non-Radar Approach Control & Tower w/o Radar,0,5,7,1,13,0,11,81,0,92,0,16,88,1,105,64,8,72,177
07/13/2022,TWF,ID,ANM,WE,Combination Non-Radar Approach Control & Tower w/o Radar,3,7,5,0,15,12,1,41,0,54,15,8,46,0,69,6,0,6,75
07/14/2022,TWF,ID,ANM,WE,Combination Non-Radar Approach Control & Tower w/o Radar,0,9,1,2,12,53,15,54,0,122,53,24,55,2,134,54,18,72,206
07/15/2022,TWF,ID,ANM,WE,Combination Non-Radar Approach Control & Tower w/o Radar,0,9,0,0,9,75,0,36,0,111,75,9,36,0,120,22,0,22,142
07/16/2022,TWF,ID,ANM,WE,Combination Non-Radar Approach Control & Tower w/o Radar,0,3,1,0,4,2,2,50,0,54,2,5,51,0,58,72,0,72,130
07/17/2022,TWF,ID,ANM,WE,Combination Non-Radar Approach Control & Tower w/o Radar,2,3,2,0,7,2,0,26,0,28,4,3,28,0,35,8,0,8,43
07/18/2022,TWF,ID,ANM,WE,Combination Non-Radar Approach Control & Tower w/o Radar,0,6,8,2,16,0,20,28,0,48,0,26,36,2,64,52,16,68,132
07/19/2022,TWF,ID,ANM,WE,Combination Non-Radar Approach Control & Tower w/o Radar,1,8,4,1,14,0,10,55,1,66,1,18,59,2,80,118,0,118,198
07/20/2022,TWF,ID,ANM,WE,Combination Non-Radar Approach Control & Tower w/o Radar,0,12,7,0,19,1,0,48,0,49,1,12,55,0,68,104,0,104,172
07/21/2022,TWF,ID,ANM,WE,Combination Non-Radar Approach Control & Tower w/o Radar,0,8,4,0,12,1,0,61,0,62,1,8,65,0,74,70,0,70,144
07/22/2022,TWF,ID,ANM,WE,Combination Non-Radar Approach Control & Tower w/o Radar,0,10,2,0,12,0,0,52,0,52,0,10,54,0,64,54,0,54,118
07/23/2022,TWF,ID,ANM,WE,Combination Non-Radar Approach Control & Tower w/o Radar,0,8,5,0,13,2,0,47,0,49,2,8,52,0,62,28,0,28,90
07/24/2022,TWF,ID,ANM,WE,Combination Non-Radar Approach Control & Tower w/o Radar,0,1,5,0,6,0,0,28,0,28,0,1,33,0,34,2,0,2,36
07/25/2022,TWF,ID,ANM,WE,Combination Non-Radar Approach Control & Tower w/o Radar,0,7,4,0,11,0,2,66,4,72,0,9,70,4,83,24,0,24,107
07/26/2022,TWF,ID,ANM,WE,Combination Non-Radar Approach Control & Tower w/o Radar,0,6,10,1,17,0,0,61,2,63,0,6,71,3,80,38,0,38,118
07/27/2022,TWF,ID,ANM,WE,Combination Non-Radar Approach Control & Tower w/o Radar,0,7,3,2,12,0,2,52,0,54,0,9,55,2,66,40,12,52,118
07/28/2022,TWF,ID,ANM,WE,Combination Non-Radar Approach Control & Tower w/o Radar,0,10,7,1,18,0,4,63,1,68,0,14,70,2,86,34,3,37,123
07/29/2022,TWF,ID,ANM,WE,Combination Non-Radar Approach Control & Tower w/o Radar,0,8,8,0,16,0,0,39,0,39,0,8,47,0,55,34,0,34,89
07/30/2022,TWF,ID,ANM,WE,Combination Non-Radar Approach Control & Tower w/o Radar,0,6,2,0,8,0,0,90,0,90,0,6,92,0,98,26,0,26,124
07/31/2022,TWF,ID,ANM,WE,Combination Non-Radar Approach Control & Tower w/o Radar,0,3,2,0,5,0,0,28,0,28,0,3,30,0,33,8,0,8,41
08/01/2022,TWF,ID,ANM,WE,Combination Non-Radar Approach Control & Tower w/o Radar,0,4,6,0,10,1,1,27,0,29,1,5,33,0,39,52,0,52,91
08/02/2022,TWF,ID,ANM,WE,Combination Non-Radar Approach Control & Tower w/o Radar,0,7,5,0,12,0,2,26,0,28,0,9,31,0,40,36,0,36,76
08/03/2022,TWF,ID,ANM,WE,Combination Non-Radar Approach Control & Tower w/o Radar,0,7,4,1,12,1,1,62,4,68,1,8,66,5,80,74,0,74,154
08/04/2022,TWF,ID,ANM,WE,Combination Non-Radar Approach Control & Tower w/o Radar,0,6,1,2,9,0,0,56,4,60,0,6,57,6,69,46,0,46,115
08/05/2022,TWF,ID,ANM,WE,Combination Non-Radar Approach Control & Tower w/o Radar,0,8,1,0,9,0,0,43,1,44,0,8,44,1,53,64,0,64,117
08/06/2022,TWF,ID,ANM,WE,Combination Non-Radar Approach Control & Tower w/o Radar,0,7,1,2,10,0,0,27,9,36,0,7,28,11,46,64,0,64,110
08/07/2022,TWF,ID,ANM,WE,Combination Non-Radar Approach Control & Tower w/o Radar,0,0,2,0,2,0,0,6,0,6,0,0,8,0,8,0,0,0,8
08/08/2022,TWF,ID,ANM,WE,Combination Non-Radar Approach Control & Tower w/o Radar,0,8,5,0,13,0,8,55,0,63,0,16,60,0,76,36,2,38,114
08/09/2022,TWF,ID,ANM,WE,Combination Non-Radar Approach Control & Tower w/o Radar,0,12,9,2,23,0,0,66,0,66,0,12,75,2,89,14,10,24,113
08/10/2022,TWF,ID,ANM,WE,Combination Non-Radar Approach Control & Tower w/o Radar,0,11,12,1,24,0,2,46,6,54,0,13,58,7,78,82,18,100,178
08/11/2022,TWF,ID,ANM,WE,Combination Non-Radar Approach Control & Tower w/o Radar,0,11,6,3,20,0,1,45,9,55,0,12,51,12,75,76,0,76,151
08/12/2022,TWF,ID,ANM,WE,Combination Non-Radar Approach Control & Tower w/o Radar,0,10,1,0,11,1,18,37,0,56,1,28,38,0,67,0,0,0,67
08/13/2022,TWF,ID,ANM,WE,Combination Non-Radar Approach Control & Tower w/o Radar,0,2,6,0,8,1,1,48,0,50,1,3,54,0,58,66,0,66,124
08/14/2022,TWF,ID,ANM,WE,Combination Non-Radar Approach Control & Tower w/o Radar,0,7,1,0,8,3,1,16,0,20,3,8,17,0,28,20,0,20,48
08/15/2022,TWF,ID,ANM,WE,Combination Non-Radar Approach Control & Tower w/o Radar,0,5,3,4,12,0,4,59,6,69,0,9,62,10,81,36,0,36,117
08/16/2022,TWF,ID,ANM,WE,Combination Non-Radar Approach Control & Tower w/o Radar,0,8,7,0,15,6,4,62,0,72,6,12,69,0,87,112,0,112,199
08/17/2022,TWF,ID,ANM,WE,Combination Non-Radar Approach Control & Tower w/o Radar,0,6,10,3,19,2,0,49,0,51,2,6,59,3,70,34,12,46,116
08/18/2022,TWF,ID,ANM,WE,Combination Non-Radar Approach Control & Tower w/o Radar,0,9,9,5,23,1,1,45,4,51,1,10,54,9,74,92,4,96,170
08/19/2022,TWF,ID,ANM,WE,Combination Non-Radar Approach Control & Tower w/o Radar,0,8,5,5,18,3,8,46,4,61,3,16,51,9,79,18,0,18,97
08/20/2022,TWF,ID,ANM,WE,Combination Non-Radar Approach Control & Tower w/o Radar,0,6,5,0,11,0,2,39,0,41,0,8,44,0,52,72,0,72,124
08/21/2022,TWF,ID,ANM,WE,Combination Non-Radar Approach Control & Tower w/o Radar,0,3,4,0,7,0,0,32,0,32,0,3,36,0,39,0,0,0,39
08/22/2022,TWF,ID,ANM,WE,Combination Non-Radar Approach Control & Tower w/o Radar,0,6,0,0,6,0,2,41,0,43,0,8,41,0,49,18,0,18,67
08/23/2022,TWF,ID,ANM,WE,Combination Non-Radar Approach Control & Tower w/o Radar,0,12,3,0,15,2,2,48,0,52,2,14,51,0,67,42,0,42,109
08/24/2022,TWF,ID,ANM,WE,Combination Non-Radar Approach Control & Tower w/o Radar,0,14,2,2,18,0,3,49,2,54,0,17,51,4,72,56,0,56,128
08/25/2022,TWF,ID,ANM,WE,Combination Non-Radar Approach Control & Tower w/o Radar,0,8,1,1,10,0,0,42,6,48,0,8,43,7,58,48,0,48,106
08/26/2022,TWF,ID,ANM,WE,Combination Non-Radar Approach Control & Tower w/o Radar,0,7,3,0,10,1,0,46,0,47,1,7,49,0,57,52,0,52,109
08/27/2022,TWF,ID,ANM,WE,Combination Non-Radar Approach Control & Tower w/o Radar,2,5,6,0,13,0,0,35,2,37,2,5,41,2,50,62,0,62,112
08/28/2022,TWF,ID,ANM,WE,Combination Non-Radar Approach Control & Tower w/o Radar,0,1,2,0,3,0,1,16,2,19,0,2,18,2,22,2,0,2,24
08/29/2022,TWF,ID,ANM,WE,Combination Non-Radar Approach Control & Tower w/o Radar,0,4,5,1,10,0,0,27,3,30,0,4,32,4,40,4,12,16,56
08/30/2022,TWF,ID,ANM,WE,Combination Non-Radar Approach Control & Tower w/o Radar,0,7,8,4,19,2,0,36,1,39,2,7,44,5,58,22,40,62,120
08/31/2022,TWF,ID,ANM,WE,Combination Non-Radar Approach Control & Tower w/o Radar,0,13,9,2,24,0,12,37,2,51,0,25,46,4,75,44,12,56,131
09/01/2022,TWF,ID,ANM,WE,Combination Non-Radar Approach Control & Tower w/o Radar,0,7,10,0,17,1,0,29,2,32,1,7,39,2,49,2,2,4,53
09/02/2022,TWF,ID,ANM,WE,Combination Non-Radar Approach Control & Tower w/o Radar,0,7,4,0,11,2,0,41,1,44,2,7,45,1,55,50,0,50,105
09/03/2022,TWF,ID,ANM,WE,Combination Non-Radar Approach Control & Tower w/o Radar,0,9,0,0,9,3,0,26,0,29,3,9,26,0,38,68,0,68,106
09/04/2022,TWF,ID,ANM,WE,Combination Non-Radar Approach Control & Tower w/o Radar,0,3,0,0,3,14,3,15,0,32,14,6,15,0,35,10,0,10,45
09/05/2022,TWF,ID,ANM,WE,Combination Non-Radar Approach Control & Tower w/o Radar,0,4,2,0,6,0,1,42,0,43,0,5,44,0,49,6,0,6,55
09/06/2022,TWF,ID,ANM,WE,Combination Non-Radar Approach Control & Tower w/o Radar,0,4,4,1,9,12,26,35,0,73,12,30,39,1,82,54,0,54,136
09/07/2022,TWF,ID,ANM,WE,Combination Non-Radar Approach Control & Tower w/o Radar,0,6,10,0,16,0,1,47,3,51,0,7,57,3,67,50,0,50,117
09/08/2022,TWF,ID,ANM,WE,Combination Non-Radar Approach Control & Tower w/o Radar,1,9,17,0,27,31,65,33,0,129,32,74,50,0,156,18,0,18,174
09/09/2022,TWF,ID,ANM,WE,Combination Non-Radar Approach Control & Tower w/o Radar,0,14,15,0,29,4,2,34,2,42,4,16,49,2,71,128,0,128,199
09/10/2022,TWF,ID,ANM,WE,Combination Non-Radar Approach Control & Tower w/o Radar,0,3,3,0,6,4,6,20,0,30,4,9,23,0,36,60,0,60,96
09/11/2022,TWF,ID,ANM,WE,Combination Non-Radar Approach Control & Tower w/o Radar,0,6,5,0,11,0,0,17,2,19,0,6,22,2,30,0,0,0,30
09/12/2022,TWF,ID,ANM,WE,Combination Non-Radar Approach Control & Tower w/o Radar,0,4,2,0,6,0,1,41,0,42,0,5,43,0,48,0,0,0,48
09/13/2022,TWF,ID,ANM,WE,Combination Non-Radar Approach Control & Tower w/o Radar,0,8,3,0,11,0,0,41,1,42,0,8,44,1,53,102,10,112,165
09/14/2022,TWF,ID,ANM,WE,Combination Non-Radar Approach Control & Tower w/o Radar,0,7,6,3,16,10,7,43,4,64,10,14,49,7,80,46,18,64,144
09/15/2022,TWF,ID,ANM,WE,Combination Non-Radar Approach Control & Tower w/o Radar,0,9,1,9,19,0,0,16,1,17,0,9,17,10,36,42,14,56,92
09/16/2022,TWF,ID,ANM,WE,Combination Non-Radar Approach Control & Tower w/o Radar,0,7,4,0,11,12,15,32,0,59,12,22,36,0,70,80,0,80,150
09/17/2022,TWF,ID,ANM,WE,Combination Non-Radar Approach Control & Tower w/o Radar,0,18,4,0,22,0,3,23,0,26,0,21,27,0,48,30,0,30,78
09/18/2022,TWF,ID,ANM,WE,Combination Non-Radar Approach Control & Tower w/o Radar,0,6,1,0,7,0,0,11,0,11,0,6,12,0,18,0,0,0,18
09/19/2022,TWF,ID,ANM,WE,Combination Non-Radar Approach Control & Tower w/o Radar,0,8,2,0,10,0,0,29,0,29,0,8,31,0,39,50,0,50,89
09/20/2022,TWF,ID,ANM,WE,Combination Non-Radar Approach Control & Tower w/o Radar,0,13,2,1,16,0,0,43,1,44,0,13,45,2,60,48,0,48,108
09/21/2022,TWF,ID,ANM,WE,Combination Non-Radar Approach Control & Tower w/o Radar,0,15,8,0,23,0,0,15,0,15,0,15,23,0,38,18,0,18,56
09/22/2022,TWF,ID,ANM,WE,Combination Non-Radar Approach Control & Tower w/o Radar,0,16,8,0,24,0,0,26,0,26,0,16,34,0,50,76,0,76,126
09/23/2022,TWF,ID,ANM,WE,Combination Non-Radar Approach Control & Tower w/o Radar,0,14,5,0,19,0,0,44,0,44,0,14,49,0,63,22,0,22,85
09/24/2022,TWF,ID,ANM,WE,Combination Non-Radar Approach Control & Tower w/o Radar,0,8,4,0,12,0,1,59,0,60,0,9,63,0,72,52,0,52,124
09/25/2022,TWF,ID,ANM,WE,Combination Non-Radar Approach Control & Tower w/o Radar,0,5,2,0,7,0,0,36,4,40,0,5,38,4,47,2,0,2,49
09/26/2022,TWF,ID,ANM,WE,Combination Non-Radar Approach Control & Tower w/o Radar,0,3,1,0,4,0,0,57,4,61,0,3,58,4,65,32,0,32,97
09/27/2022,TWF,ID,ANM,WE,Combination Non-Radar Approach Control & Tower w/o Radar,0,7,1,0,8,0,1,50,0,51,0,8,51,0,59,44,0,44,103
09/28/2022,TWF,ID,ANM,WE,Combination Non-Radar Approach Control & Tower w/o Radar,0,7,7,0,14,0,0,44,0,44,0,7,51,0,58,76,8,84,142
09/29/2022,TWF,ID,ANM,WE,Combination Non-Radar Approach Control & Tower w/o Radar,0,14,3,0,17,0,2,48,1,51,0,16,51,1,68,58,0,58,126
09/30/2022,TWF,ID,ANM,WE,Combination Non-Radar Approach Control & Tower w/o Radar,1,8,4,2,15,0,1,45,0,46,1,9,49,2,61,82,0,82,143
10/01/2022,TWF,ID,ANM,WE,Combination Non-Radar Approach Control & Tower w/o Radar,0,4,3,1,8,0,0,46,1,47,0,4,49,2,55,43,0,43,98
10/02/2022,TWF,ID,ANM,WE,Combination Non-Radar Approach Control & Tower w/o Radar,0,4,6,0,10,0,0,33,0,33,0,4,39,0,43,6,0,6,49
10/03/2022,TWF,ID,ANM,WE,Combination Non-Radar Approach Control & Tower w/o Radar,0,4,5,1,10,0,0,49,1,50,0,4,54,2,60,42,0,42,102
10/04/2022,TWF,ID,ANM,WE,Combination Non-Radar Approach Control & Tower w/o Radar,0,7,13,1,21,0,0,47,2,49,0,7,60,3,70,84,0,84,154
10/05/2022,TWF,ID,ANM,WE,Combination Non-Radar Approach Control & Tower w/o Radar,0,9,8,0,17,0,7,56,1,64,0,16,64,1,81,96,14,110,191
10/06/2022,TWF,ID,ANM,WE,Combination Non-Radar Approach Control & Tower w/o Radar,0,9,8,2,19,0,0,55,2,57,0,9,63,4,76,32,0,32,108
10/07/2022,TWF,ID,ANM,WE,Combination Non-Radar Approach Control & Tower w/o Radar,0,7,10,0,17,0,1,34,0,35,0,8,44,0,52,82,0,82,134
10/08/2022,TWF,ID,ANM,WE,Combination Non-Radar Approach Control & Tower w/o Radar,0,9,4,0,13,0,0,51,0,51,0,9,55,0,64,54,0,54,118
10/09/2022,TWF,ID,ANM,WE,Combination Non-Radar Approach Control & Tower w/o Radar,0,5,3,0,8,0,0,29,0,29,0,5,32,0,37,0,0,0,37
10/10/2022,TWF,ID,ANM,WE,Combination Non-Radar Approach Control & Tower w/o Radar,0,3,8,0,11,0,0,30,0,30,0,3,38,0,41,0,0,0,41
10/11/2022,TWF,ID,ANM,WE,Combination Non-Radar Approach Control & Tower w/o Radar,0,5,10,4,19,0,0,22,2,24,0,5,32,6,43,17,0,17,60
10/12/2022,TWF,ID,ANM,WE,Combination Non-Radar Approach Control & Tower w/o Radar,0,8,4,3,15,0,0,35,0,35,0,8,39,3,50,28,0,28,78
10/13/2022,TWF,ID,ANM,WE,Combination Non-Radar Approach Control & Tower w/o Radar,0,9,1,3,13,0,0,51,1,52,0,9,52,4,65,116,6,122,187
10/14/2022,TWF,ID,ANM,WE,Combination Non-Radar Approach Control & Tower w/o Radar,0,7,5,0,12,0,0,50,0,50,0,7,55,0,62,68,0,68,130
10/15/2022,TWF,ID,ANM,WE,Combination Non-Radar Approach Control & Tower w/o Radar,0,8,4,0,12,0,0,37,0,37,0,8,41,0,49,24,0,24,73
10/16/2022,TWF,ID,ANM,WE,Combination Non-Radar Approach Control & Tower w/o Radar,0,2,0,0,2,0,0,8,0,8,0,2,8,0,10,10,0,10,20
10/17/2022,TWF,ID,ANM,WE,Combination Non-Radar Approach Control & Tower w/o Radar,0,10,6,0,16,0,0,32,0,32,0,10,38,0,48,22,0,22,70
10/18/2022,TWF,ID,ANM,WE,Combination Non-Radar Approach Control & Tower w/o Radar,0,10,4,0,14,0,1,59,0,60,0,11,63,0,74,120,0,120,194
10/19/2022,TWF,ID,ANM,WE,Combination Non-Radar Approach Control & Tower w/o Radar,0,17,6,0,23,0,0,59,6,65,0,17,65,6,88,92,0,92,180
10/20/2022,TWF,ID,ANM,WE,Combination Non-Radar Approach Control & Tower w/o Radar,0,10,4,0,14,0,0,37,0,37,0,10,41,0,51,56,0,56,107
10/21/2022,TWF,ID,ANM,WE,Combination Non-Radar Approach Control & Tower w/o Radar,0,10,9,0,19,0,2,36,0,38,0,12,45,0,57,2,0,2,59
10/22/2022,TWF,ID,ANM,WE,Combination Non-Radar Approach Control & Tower w/o Radar,4,3,1,0,8,0,0,5,0,5,4,3,6,0,13,0,0,0,13
10/23/2022,TWF,ID,ANM,WE,Combination Non-Radar Approach Control & Tower w/o Radar,0,1,7,0,8,0,0,10,0,10,0,1,17,0,18,0,0,0,18
10/24/2022,TWF,ID,ANM,WE,Combination Non-Radar Approach Control & Tower w/o Radar,0,7,9,2,18,0,0,13,0,13,0,7,22,2,31,28,0,28,59
10/25/2022,TWF,ID,ANM,WE,Combination Non-Radar Approach Control & Tower w/o Radar,0,10,7,2,19,0,3,26,0,29,0,13,33,2,48,26,0,26,74
10/26/2022,TWF,ID,ANM,WE,Combination Non-Radar Approach Control & Tower w/o Radar,0,12,0,2,14,0,0,15,1,16,0,12,15,3,30,28,2,30,60
10/27/2022,TWF,ID,ANM,WE,Combination Non-Radar Approach Control & Tower w/o Radar,0,6,10,0,16,0,0,54,0,54,0,6,64,0,70,50,0,50,120
10/28/2022,TWF,ID,ANM,WE,Combination Non-Radar Approach Control & Tower w/o Radar,0,7,1,11,19,0,0,57,0,57,0,7,58,11,76,32,0,32,108
10/29/2022,TWF,ID,ANM,WE,Combination Non-Radar Approach Control & Tower w/o Radar,0,4,6,0,10,0,0,41,0,41,0,4,47,0,51,32,0,32,83
10/30/2022,TWF,ID,ANM,WE,Combination Non-Radar Approach Control & Tower w/o Radar,0,3,2,2,7,0,0,22,0,22,0,3,24,2,29,18,0,18,47
10/31/2022,TWF,ID,ANM,WE,Combination Non-Radar Approach Control & Tower w/o Radar,0,4,8,0,12,0,0,34,2,36,0,4,42,2,48,26,0,26,74
11/01/2022,TWF,ID,ANM,WE,Combination Non-Radar Approach Control & Tower w/o Radar,0,14,1,0,15,0,0,23,3,26,0,14,24,3,41,28,0,28,69
11/02/2022,TWF,ID,ANM,WE,Combination Non-Radar Approach Control & Tower w/o Radar,0,20,4,2,26,0,0,32,1,33,0,20,36,3,59,46,14,60,119
11/03/2022,TWF,ID,ANM,WE,Combination Non-Radar Approach Control & Tower w/o Radar,0,9,21,1,31,0,0,14,0,14,0,9,35,1,45,18,0,18,63
11/04/2022,TWF,ID,ANM,WE,Combination Non-Radar Approach Control & Tower w/o Radar,0,12,8,0,20,0,0,5,0,5,0,12,13,0,25,28,0,28,53
11/05/2022,TWF,ID,ANM,WE,Combination Non-Radar Approach Control & Tower w/o Radar,0,3,0,1,4,0,0,0,0,0,0,3,0,1,4,0,0,0,4
11/06/2022,TWF,ID,ANM,WE,Combination Non-Radar Approach Control & Tower w/o Radar,0,6,5,0,11,0,0,14,0,14,0,6,19,0,25,4,0,4,29
11/07/2022,TWF,ID,ANM,WE,Combination Non-Radar Approach Control & Tower w/o Radar,0,9,5,0,14,0,0,5,0,5,0,9,10,0,19,8,0,8,27
11/08/2022,TWF,ID,ANM,WE,Combination Non-Radar Approach Control & Tower w/o Radar,0,9,6,0,15,0,0,6,0,6,0,9,12,0,21,22,0,22,43
11/09/2022,TWF,ID,ANM,WE,Combination Non-Radar Approach Control & Tower w/o Radar,0,19,8,0,27,0,0,6,0,6,0,19,14,0,33,26,0,26,59
11/10/2022,TWF,ID,ANM,WE,Combination Non-Radar Approach Control & Tower w/o Radar,0,8,11,0,19,0,0,18,0,18,0,8,29,0,37,8,0,8,45
11/11/2022,TWF,ID,ANM,WE,Combination Non-Radar Approach Control & Tower w/o Radar,0,5,5,0,10,0,0,55,4,59,0,5,60,4,69,50,0,50,119
11/12/2022,TWF,ID,ANM,WE,Combination Non-Radar Approach Control & Tower w/o Radar,0,6,6,0,12,0,1,34,0,35,0,7,40,0,47,67,0,67,114
11/13/2022,TWF,ID,ANM,WE,Combination Non-Radar Approach Control & Tower w/o Radar,0,5,6,0,11,0,1,14,2,17,0,6,20,2,28,0,0,0,28
11/14/2022,TWF,ID,ANM,WE,Combination Non-Radar Approach Control & Tower w/o Radar,0,8,0,0,8,0,0,35,0,35,0,8,35,0,43,22,0,22,65
11/15/2022,TWF,ID,ANM,WE,Combination Non-Radar Approach Control & Tower w/o Radar,0,9,3,4,16,0,0,22,0,22,0,9,25,4,38,42,0,42,80
11/16/2022,TWF,ID,ANM,WE,Combination Non-Radar Approach Control & Tower w/o Radar,0,16,3,1,20,0,7,44,5,56,0,23,47,6,76,72,16,88,164
11/17/2022,TWF,ID,ANM,WE,Combination Non-Radar Approach Control & Tower w/o Radar,0,14,14,0,28,0,0,12,1,13,0,14,26,1,41,8,0,8,49
11/18/2022,TWF,ID,ANM,WE,Combination Non-Radar Approach Control & Tower w/o Radar,0,13,5,0,18,0,1,35,0,36,0,14,40,0,54,48,0,48,102
11/19/2022,TWF,ID,ANM,WE,Combination Non-Radar Approach Control & Tower w/o Radar,0,5,5,0,10,0,0,28,0,28,0,5,33,0,38,24,0,24,62
11/20/2022,TWF,ID,ANM,WE,Combination Non-Radar Approach Control & Tower w/o Radar,0,3,5,0,8,0,0,23,0,23,0,3,28,0,31,16,22,38,69
11/21/2022,TWF,ID,ANM,WE,Combination Non-Radar Approach Control & Tower w/o Radar,0,6,3,1,10,0,0,18,1,19,0,6,21,2,29,0,0,0,29
11/22/2022,TWF,ID,ANM,WE,Combination Non-Radar Approach Control & Tower w/o Radar,0,11,11,1,23,0,0,21,4,25,0,11,32,5,48,12,10,22,70
11/23/2022,TWF,ID,ANM,WE,Combination Non-Radar Approach Control & Tower w/o Radar,0,8,4,0,12,0,0,9,0,9,0,8,13,0,21,0,0,0,21
11/24/2022,TWF,ID,ANM,WE,Combination Non-Radar Approach Control & Tower w/o Radar,0,2,0,0,2,0,0,2,0,2,0,2,2,0,4,0,0,0,4
11/25/2022,TWF,ID,ANM,WE,Combination Non-Radar Approach Control & Tower w/o Radar,0,9,3,0,12,0,0,12,0,12,0,9,15,0,24,24,0,24,48
11/26/2022,TWF,ID,ANM,WE,Combination Non-Radar Approach Control & Tower w/o Radar,0,6,3,0,9,0,0,3,0,3,0,6,6,0,12,2,0,2,14
11/27/2022,TWF,ID,ANM,WE,Combination Non-Radar Approach Control & Tower w/o Radar,0,8,5,0,13,0,0,12,0,12,0,8,17,0,25,12,0,12,37
11/28/2022,TWF,ID,ANM,WE,Combination Non-Radar Approach Control & Tower w/o Radar,0,9,4,1,14,0,0,0,1,1,0,9,4,2,15,0,0,0,15
11/29/2022,TWF,ID,ANM,WE,Combination Non-Radar Approach Control & Tower w/o Radar,0,11,3,0,14,0,0,24,0,24,0,11,27,0,38,64,0,64,102
11/30/2022,TWF,ID,ANM,WE,Combination Non-Radar Approach Control & Tower w/o Radar,0,12,7,6,25,0,0,14,2,16,0,12,21,8,41,22,26,48,89
12/01/2022,TWF,ID,ANM,WE,Combination Non-Radar Approach Control & Tower w/o Radar,0,13,7,4,24,0,0,2,2,4,0,13,9,6,28,0,0,0,28
12/02/2022,TWF,ID,ANM,WE,Combination Non-Radar Approach Control & Tower w/o Radar,0,12,6,0,18,0,1,22,0,23,0,13,28,0,41,54,0,54,95
12/03/2022,TWF,ID,ANM,WE,Combination Non-Radar Approach Control & Tower w/o Radar,0,4,5,0,9,0,0,28,0,28,0,4,33,0,37,44,0,44,81
12/04/2022,TWF,ID,ANM,WE,Combination Non-Radar Approach Control & Tower w/o Radar,0,4,4,0,8,0,0,1,0,1,0,4,5,0,9,0,0,0,9
12/05/2022,TWF,ID,ANM,WE,Combination Non-Radar Approach Control & Tower w/o Radar,0,13,11,13,37,0,0,25,8,33,0,13,36,21,70,10,0,10,80
12/06/2022,TWF,ID,ANM,WE,Combination Non-Radar Approach Control & Tower w/o Radar,0,18,7,0,25,0,0,12,0,12,0,18,19,0,37,30,0,30,67
12/07/2022,TWF,ID,ANM,WE,Combination Non-Radar Approach Control & Tower w/o Radar,0,13,6,1,20,0,0,23,4,27,0,13,29,5,47,30,2,32,79
12/08/2022,TWF,ID,ANM,WE,Combination Non-Radar Approach Control & Tower w/o Radar,0,9,7,0,16,0,0,36,0,36,0,9,43,0,52,74,0,74,126
12/09/2022,TWF,ID,ANM,WE,Combination Non-Radar Approach Control & Tower w/o Radar,0,9,5,0,14,0,0,16,0,16,0,9,21,0,30,36,0,36,66
12/10/2022,TWF,ID,ANM,WE,Combination Non-Radar Approach Control & Tower w/o Radar,0,7,7,0,14,0,0,8,0,8,0,7,15,0,22,70,0,70,92
12/11/2022,TWF,ID,ANM,WE,Combination Non-Radar Approach Control & Tower w/o Radar,0,11,3,0,14,0,0,5,0,5,0,11,8,0,19,0,0,0,19
12/12/2022,TWF,ID,ANM,WE,Combination Non-Radar Approach Control & Tower w/o Radar,1,18,9,0,28,0,0,2,0,2,1,18,11,0,30,16,0,16,46
12/13/2022,TWF,ID,ANM,WE,Combination Non-Radar Approach Control & Tower w/o Radar,0,18,7,0,25,0,0,0,0,0,0,18,7,0,25,0,0,0,25
12/14/2022,TWF,ID,ANM,WE,Combination Non-Radar Approach Control & Tower w/o Radar,0,13,10,0,23,0,0,18,4,22,0,13,28,4,45,80,0,80,125
12/15/2022,TWF,ID,ANM,WE,Combination Non-Radar Approach Control & Tower w/o Radar,0,11,9,0,20,0,0,8,4,12,0,11,17,4,32,58,0,58,90
12/16/2022,TWF,ID,ANM,WE,Combination Non-Radar Approach Control & Tower w/o Radar,0,23,7,0,30,0,0,27,0,27,0,23,34,0,57,40,0,40,97
12/17/2022,TWF,ID,ANM,WE,Combination Non-Radar Approach Control & Tower w/o Radar,0,34,21,0,55,0,0,22,0,22,0,34,43,0,77,86,0,86,163
12/18/2022,TWF,ID,ANM,WE,Combination Non-Radar Approach Control & Tower w/o Radar,0,6,1,0,7,0,0,11,0,11,0,6,12,0,18,4,0,4,22
12/19/2022,TWF,ID,ANM,WE,Combination Non-Radar Approach Control & Tower w/o Radar,0,4,0,2,6,0,0,19,0,19,0,4,19,2,25,0,0,0,25
12/20/2022,TWF,ID,ANM,WE,Combination Non-Radar Approach Control & Tower w/o Radar,0,14,7,0,21,0,0,31,0,31,0,14,38,0,52,72,0,72,124
12/21/2022,TWF,ID,ANM,WE,Combination Non-Radar Approach Control & Tower w/o Radar,0,26,9,1,36,0,0,3,0,3,0,26,12,1,39,0,0,0,39
12/22/2022,TWF,ID,ANM,WE,Combination Non-Radar Approach Control & Tower w/o Radar,0,16,5,0,21,0,0,23,0,23,0,16,28,0,44,10,0,10,54
12/23/2022,TWF,ID,ANM,WE,Combination Non-Radar Approach Control & Tower w/o Radar,0,7,10,0,17,0,0,0,0,0,0,7,10,0,17,0,0,0,17
12/24/2022,TWF,ID,ANM,WE,Combination Non-Radar Approach Control & Tower w/o Radar,0,7,1,0,8,0,0,0,0,0,0,7,1,0,8,0,0,0,8
12/25/2022,TWF,ID,ANM,WE,Combination Non-Radar Approach Control & Tower w/o Radar,0,1,0,0,1,0,0,8,0,8,0,1,8,0,9,0,0,0,9
12/26/2022,TWF,ID,ANM,WE,Combination Non-Radar Approach Control & Tower w/o Radar,2,13,13,0,28,0,0,25,0,25,2,13,38,0,53,82,0,82,135
12/27/2022,TWF,ID,ANM,WE,Combination Non-Radar Approach Control & Tower w/o Radar,0,15,36,0,51,0,0,4,0,4,0,15,40,0,55,0,0,0,55
12/28/2022,TWF,ID,ANM,WE,Combination Non-Radar Approach Control & Tower w/o Radar,0,12,1,0,13,0,0,15,0,15,0,12,16,0,28,49,0,49,77
12/29/2022,TWF,ID,ANM,WE,Combination Non-Radar Approach Control & Tower w/o Radar,0,12,2,2,16,0,0,26,2,28,0,12,28,4,44,62,0,62,106
12/30/2022,TWF,ID,ANM,WE,Combination Non-Radar Approach Control & Tower w/o Radar,0,16,18,0,34,0,0,0,0,0,0,16,18,0,34,0,0,0,34
12/31/2022,TWF,ID,ANM,WE,Combination Non-Radar Approach Control & Tower w/o Radar,0,11,1,0,12,0,0,2,0,2,0,11,3,0,14,8,0,8,22
01/01/2023,TWF,ID,ANM,WE,Combination Non-Radar Approach Control & Tower w/o Radar,0,1,1,0,2,0,0,0,0,0,0,1,1,0,2,0,0,0,2
01/02/2023,TWF,ID,ANM,WE,Combination Non-Radar Approach Control & Tower w/o Radar,0,6,8,0,14,0,0,24,0,24,0,6,32,0,38,34,0,34,72
01/03/2023,TWF,ID,ANM,WE,Combination Non-Radar Approach Control & Tower w/o Radar,0,7,5,12,24,0,0,18,1,19,0,7,23,13,43,12,18,30,73
01/04/2023,TWF,ID,ANM,WE,Combination Non-Radar Approach Control & Tower w/o Radar,0,10,6,0,16,0,1,50,0,51,0,11,56,0,67,114,0,114,181
01/05/2023,TWF,ID,ANM,WE,Combination Non-Radar Approach Control & Tower w/o Radar,0,16,10,2,28,0,0,8,2,10,0,16,18,4,38,64,0,64,102
01/06/2023,TWF,ID,ANM,WE,Combination Non-Radar Approach Control & Tower w/o Radar,6,27,9,11,53,0,2,27,0,29,6,29,36,11,82,62,0,62,144
01/07/2023,TWF,ID,ANM,WE,Combination Non-Radar Approach Control & Tower w/o Radar,0,5,2,1,8,0,0,31,4,35,0,5,33,5,43,122,0,122,165
01/08/2023,TWF,ID,ANM,WE,Combination Non-Radar Approach Control & Tower w/o Radar,0,6,8,0,14,0,0,8,0,8,0,6,16,0,22,0,0,0,22
01/09/2023,TWF,ID,ANM,WE,Combination Non-Radar Approach Control & Tower w/o Radar,0,9,12,1,22,0,0,9,1,10,0,9,21,2,32,28,0,28,60
01/10/2023,TWF,ID,ANM,WE,Combination Non-Radar Approach Control & Tower w/o Radar,0,10,9,5,24,0,0,14,0,14,0,10,23,5,38,14,0,14,52
01/11/2023,TWF,ID,ANM,WE,Combination Non-Radar Approach Control & Tower w/o Radar,0,9,6,0,15,0,0,47,0,47,0,9,53,0,62,84,0,84,146
01/12/2023,TWF,ID,ANM,WE,Combination Non-Radar Approach Control & Tower w/o Radar,0,7,6,4,17,0,0,57,4,61,0,7,63,8,78,70,0,70,148
01/13/2023,TWF,ID,ANM,WE,Combination Non-Radar Approach Control & Tower w/o Radar,0,6,1,24,31,0,0,34,1,35,0,6,35,25,66,94,40,134,200
01/14/2023,TWF,ID,ANM,WE,Combination Non-Radar Approach Control & Tower w/o Radar,0,6,10,0,16,0,0,26,0,26,0,6,36,0,42,34,0,34,76
01/15/2023,TWF,ID,ANM,WE,Combination Non-Radar Approach Control & Tower w/o Radar,0,9,5,0,14,0,0,13,0,13,0,9,18,0,27,6,0,6,33
01/16/2023,TWF,ID,ANM,WE,Combination Non-Radar Approach Control & Tower w/o Radar,0,0,0,0,0,0,0,0,0,0,0,0,0,0,0,0,0,0,0
01/17/2023,TWF,ID,ANM,WE,Combination Non-Radar Approach Control & Tower w/o Radar,0,7,8,1,16,0,0,9,1,10,0,7,17,2,26,0,0,0,26
01/18/2023,TWF,ID,ANM,WE,Combination Non-Radar Approach Control & Tower w/o Radar,0,10,5,2,17,0,0,30,0,30,0,10,35,2,47,78,0,78,125
01/19/2023,TWF,ID,ANM,WE,Combination Non-Radar Approach Control & Tower w/o Radar,0,13,2,2,17,0,0,0,0,0,0,13,2,2,17,0,0,0,17
01/20/2023,TWF,ID,ANM,WE,Combination Non-Radar Approach Control & Tower w/o Radar,0,9,27,1,37,0,0,36,0,36,0,9,63,1,73,70,2,72,145
01/21/2023,TWF,ID,ANM,WE,Combination Non-Radar Approach Control & Tower w/o Radar,0,13,10,0,23,0,0,44,2,46,0,13,54,2,69,38,0,38,107
01/22/2023,TWF,ID,ANM,WE,Combination Non-Radar Approach Control & Tower w/o Radar,0,16,7,0,23,0,0,0,0,0,0,16,7,0,23,0,0,0,23
01/23/2023,TWF,ID,ANM,WE,Combination Non-Radar Approach Control & Tower w/o Radar,0,7,7,0,14,0,0,21,1,22,0,7,28,1,36,0,0,0,36
01/24/2023,TWF,ID,ANM,WE,Combination Non-Radar Approach Control & Tower w/o Radar,0,10,4,5,19,0,0,46,1,47,0,10,50,6,66,68,10,78,144
01/25/2023,TWF,ID,ANM,WE,Combination Non-Radar Approach Control & Tower w/o Radar,0,12,10,0,22,0,0,8,0,8,0,12,18,0,30,82,0,82,112
01/26/2023,TWF,ID,ANM,WE,Combination Non-Radar Approach Control & Tower w/o Radar,0,12,10,5,27,0,1,28,0,29,0,13,38,5,56,82,14,96,152
01/27/2023,TWF,ID,ANM,WE,Combination Non-Radar Approach Control & Tower w/o Radar,0,9,5,0,14,0,0,10,0,10,0,9,15,0,24,58,0,58,82
01/28/2023,TWF,ID,ANM,WE,Combination Non-Radar Approach Control & Tower w/o Radar,0,4,1,0,5,0,0,18,0,18,0,4,19,0,23,42,0,42,65
01/29/2023,TWF,ID,ANM,WE,Combination Non-Radar Approach Control & Tower w/o Radar,0,10,3,0,13,0,0,8,0,8,0,10,11,0,21,0,0,0,21
01/30/2023,TWF,ID,ANM,WE,Combination Non-Radar Approach Control & Tower w/o Radar,0,8,3,2,13,0,0,27,1,28,0,8,30,3,41,0,0,0,41
01/31/2023,TWF,ID,ANM,WE,Combination Non-Radar Approach Control & Tower w/o Radar,1,8,9,0,18,0,0,16,0,16,1,8,25,0,34,0,0,0,34
02/01/2023,TWF,ID,ANM,WE,Combination Non-Radar Approach Control & Tower w/o Radar,0,4,16,8,28,0,5,33,3,41,0,9,49,11,69,10,10,20,89
02/02/2023,TWF,ID,ANM,WE,Combination Non-Radar Approach Control & Tower w/o Radar,0,6,2,4,12,0,2,33,1,36,0,8,35,5,48,28,0,28,76
02/03/2023,TWF,ID,ANM,WE,Combination Non-Radar Approach Control & Tower w/o Radar,0,7,5,0,12,0,0,31,2,33,0,7,36,2,45,30,4,34,79
02/04/2023,TWF,ID,ANM,WE,Combination Non-Radar Approach Control & Tower w/o Radar,0,4,3,0,7,0,0,24,2,26,0,4,27,2,33,20,0,20,53
02/05/2023,TWF,ID,ANM,WE,Combination Non-Radar Approach Control & Tower w/o Radar,0,7,2,0,9,0,0,8,0,8,0,7,10,0,17,0,0,0,17
02/06/2023,TWF,ID,ANM,WE,Combination Non-Radar Approach Control & Tower w/o Radar,0,7,3,0,10,0,0,4,1,5,0,7,7,1,15,0,0,0,15
02/07/2023,TWF,ID,ANM,WE,Combination Non-Radar Approach Control & Tower w/o Radar,0,7,4,0,11,0,2,39,0,41,0,9,43,0,52,34,0,34,86
02/08/2023,TWF,ID,ANM,WE,Combination Non-Radar Approach Control & Tower w/o Radar,0,8,6,2,16,0,2,11,0,13,0,10,17,2,29,28,0,28,57
02/09/2023,TWF,ID,ANM,WE,Combination Non-Radar Approach Control & Tower w/o Radar,0,7,6,2,15,0,0,40,5,45,0,7,46,7,60,8,0,8,68
02/10/2023,TWF,ID,ANM,WE,Combination Non-Radar Approach Control & Tower w/o Radar,0,9,7,0,16,0,0,39,0,39,0,9,46,0,55,72,0,72,127
02/11/2023,TWF,ID,ANM,WE,Combination Non-Radar Approach Control & Tower w/o Radar,0,8,4,0,12,0,0,43,0,43,0,8,47,0,55,78,0,78,133
02/12/2023,TWF,ID,ANM,WE,Combination Non-Radar Approach Control & Tower w/o Radar,0,7,4,0,11,0,0,49,0,49,0,7,53,0,60,18,0,18,78
02/13/2023,TWF,ID,ANM,WE,Combination Non-Radar Approach Control & Tower w/o Radar,0,6,5,0,11,0,0,15,0,15,0,6,20,0,26,32,0,32,58
02/14/2023,TWF,ID,ANM,WE,Combination Non-Radar Approach Control & Tower w/o Radar,0,8,2,2,12,0,0,0,0,0,0,8,2,2,12,0,0,0,12
02/15/2023,TWF,ID,ANM,WE,Combination Non-Radar Approach Control & Tower w/o Radar,0,8,5,3,16,0,0,34,3,37,0,8,39,6,53,28,0,28,81
02/16/2023,TWF,ID,ANM,WE,Combination Non-Radar Approach Control & Tower w/o Radar,0,8,5,3,16,0,0,42,2,44,0,8,47,5,60,62,20,82,142
02/17/2023,TWF,ID,ANM,WE,Combination Non-Radar Approach Control & Tower w/o Radar,0,6,1,0,7,0,0,34,0,34,0,6,35,0,41,52,0,52,93
02/18/2023,TWF,ID,ANM,WE,Combination Non-Radar Approach Control & Tower w/o Radar,1,4,6,0,11,0,0,34,0,34,1,4,40,0,45,74,0,74,119
02/19/2023,TWF,ID,ANM,WE,Combination Non-Radar Approach Control & Tower w/o Radar,0,2,7,0,9,0,0,12,0,12,0,2,19,0,21,6,0,6,27
02/20/2023,TWF,ID,ANM,WE,Combination Non-Radar Approach Control & Tower w/o Radar,0,5,4,0,9,0,0,25,0,25,0,5,29,0,34,14,0,14,48
02/21/2023,TWF,ID,ANM,WE,Combination Non-Radar Approach Control & Tower w/o Radar,0,7,2,0,9,0,0,11,0,11,0,7,13,0,20,6,0,6,26
02/22/2023,TWF,ID,ANM,WE,Combination Non-Radar Approach Control & Tower w/o Radar,0,19,12,2,33,0,0,9,0,9,0,19,21,2,42,8,0,8,50
02/23/2023,TWF,ID,ANM,WE,Combination Non-Radar Approach Control & Tower w/o Radar,0,12,6,1,19,0,0,21,0,21,0,12,27,1,40,21,0,21,61
02/24/2023,TWF,ID,ANM,WE,Combination Non-Radar Approach Control & Tower w/o Radar,0,7,3,2,12,0,0,33,3,36,0,7,36,5,48,12,12,24,72
02/25/2023,TWF,ID,ANM,WE,Combination Non-Radar Approach Control & Tower w/o Radar,0,7,3,0,10,0,0,129,0,129,0,7,132,0,139,20,0,20,159
02/26/2023,TWF,ID,ANM,WE,Combination Non-Radar Approach Control & Tower w/o Radar,0,3,10,0,13,0,0,3,0,3,0,3,13,0,16,0,0,0,16
02/27/2023,TWF,ID,ANM,WE,Combination Non-Radar Approach Control & Tower w/o Radar,0,12,6,0,18,0,0,9,1,10,0,12,15,1,28,0,0,0,28
02/28/2023,TWF,ID,ANM,WE,Combination Non-Radar Approach Control & Tower w/o Radar,0,16,7,0,23,0,0,4,0,4,0,16,11,0,27,0,0,0,27
03/01/2023,TWF,ID,ANM,WE,Combination Non-Radar Approach Control & Tower w/o Radar,0,15,7,0,22,0,0,6,0,6,0,15,13,0,28,36,0,36,64
03/02/2023,TWF,ID,ANM,WE,Combination Non-Radar Approach Control & Tower w/o Radar,1,6,9,0,16,0,0,62,0,62,1,6,71,0,78,52,0,52,130
03/03/2023,TWF,ID,ANM,WE,Combination Non-Radar Approach Control & Tower w/o Radar,0,9,5,0,14,0,0,24,1,25,0,9,29,1,39,18,0,18,57
03/04/2023,TWF,ID,ANM,WE,Combination Non-Radar Approach Control & Tower w/o Radar,1,15,8,1,25,0,0,6,2,8,1,15,14,3,33,6,0,6,39
03/05/2023,TWF,ID,ANM,WE,Combination Non-Radar Approach Control & Tower w/o Radar,0,4,8,0,12,0,0,3,1,4,0,4,11,1,16,0,0,0,16
03/06/2023,TWF,ID,ANM,WE,Combination Non-Radar Approach Control & Tower w/o Radar,0,5,5,0,10,0,0,10,0,10,0,5,15,0,20,0,0,0,20
03/07/2023,TWF,ID,ANM,WE,Combination Non-Radar Approach Control & Tower w/o Radar,1,10,3,1,15,0,0,21,1,22,1,10,24,2,37,36,0,36,73
03/08/2023,TWF,ID,ANM,WE,Combination Non-Radar Approach Control & Tower w/o Radar,0,16,4,0,20,0,0,7,0,7,0,16,11,0,27,46,0,46,73
03/09/2023,TWF,ID,ANM,WE,Combination Non-Radar Approach Control & Tower w/o Radar,0,8,9,2,19,0,0,20,3,23,0,8,29,5,42,22,2,24,66
03/10/2023,TWF,ID,ANM,WE,Combination Non-Radar Approach Control & Tower w/o Radar,0,8,0,0,8,0,0,0,0,0,0,8,0,0,8,0,0,0,8
03/11/2023,TWF,ID,ANM,WE,Combination Non-Radar Approach Control & Tower w/o Radar,0,4,4,0,8,0,1,70,0,71,0,5,74,0,79,26,0,26,105
03/12/2023,TWF,ID,ANM,WE,Combination Non-Radar Approach Control & Tower w/o Radar,1,3,2,0,6,0,0,8,0,8,1,3,10,0,14,0,0,0,14
03/13/2023,TWF,ID,ANM,WE,Combination Non-Radar Approach Control & Tower w/o Radar,0,7,9,0,16,0,0,14,0,14,0,7,23,0,30,48,0,48,78
03/14/2023,TWF,ID,ANM,WE,Combination Non-Radar Approach Control & Tower w/o Radar,0,16,8,0,24,0,0,16,4,20,0,16,24,4,44,26,0,26,70
03/15/2023,TWF,ID,ANM,WE,Combination Non-Radar Approach Control & Tower w/o Radar,0,9,5,0,14,0,0,19,0,19,0,9,24,0,33,30,0,30,63
03/16/2023,TWF,ID,ANM,WE,Combination Non-Radar Approach Control & Tower w/o Radar,0,10,10,0,20,0,0,57,0,57,0,10,67,0,77,50,0,50,127
03/17/2023,TWF,ID,ANM,WE,Combination Non-Radar Approach Control & Tower w/o Radar,0,8,7,0,15,0,0,66,0,66,0,8,73,0,81,52,0,52,133
03/18/2023,TWF,ID,ANM,WE,Combination Non-Radar Approach Control & Tower w/o Radar,0,4,1,0,5,0,0,42,1,43,0,4,43,1,48,36,0,36,84
03/19/2023,TWF,ID,ANM,WE,Combination Non-Radar Approach Control & Tower w/o Radar,0,2,6,0,8,0,0,30,2,32,0,2,36,2,40,28,0,28,68
03/20/2023,TWF,ID,ANM,WE,Combination Non-Radar Approach Control & Tower w/o Radar,4,17,19,0,40,0,0,5,0,5,4,17,24,0,45,0,0,0,45
03/21/2023,TWF,ID,ANM,WE,Combination Non-Radar Approach Control & Tower w/o Radar,0,8,11,0,19,0,0,59,1,60,0,8,70,1,79,76,2,78,157
03/22/2023,TWF,ID,ANM,WE,Combination Non-Radar Approach Control & Tower w/o Radar,0,20,4,1,25,0,0,35,1,36,0,20,39,2,61,32,6,38,99
03/23/2023,TWF,ID,ANM,WE,Combination Non-Radar Approach Control & Tower w/o Radar,0,28,13,2,43,0,0,35,0,35,0,28,48,2,78,18,0,18,96
03/24/2023,TWF,ID,ANM,WE,Combination Non-Radar Approach Control & Tower w/o Radar,0,12,4,0,16,0,0,26,0,26,0,12,30,0,42,4,0,4,46
03/25/2023,TWF,ID,ANM,WE,Combination Non-Radar Approach Control & Tower w/o Radar,0,6,0,0,6,0,0,20,0,20,0,6,20,0,26,24,0,24,50
03/26/2023,TWF,ID,ANM,WE,Combination Non-Radar Approach Control & Tower w/o Radar,5,5,4,0,14,0,0,10,0,10,5,5,14,0,24,4,0,4,28
03/27/2023,TWF,ID,ANM,WE,Combination Non-Radar Approach Control & Tower w/o Radar,0,6,6,0,12,0,0,73,0,73,0,6,79,0,85,0,0,0,85
03/28/2023,TWF,ID,ANM,WE,Combination Non-Radar Approach Control & Tower w/o Radar,0,11,5,0,16,0,0,31,8,39,0,11,36,8,55,16,0,16,71
03/29/2023,TWF,ID,ANM,WE,Combination Non-Radar Approach Control & Tower w/o Radar,1,19,12,0,32,0,0,4,0,4,1,19,16,0,36,10,0,10,46
03/30/2023,TWF,ID,ANM,WE,Combination Non-Radar Approach Control & Tower w/o Radar,0,11,11,0,22,0,0,0,0,0,0,11,11,0,22,0,0,0,22
03/31/2023,TWF,ID,ANM,WE,Combination Non-Radar Approach Control & Tower w/o Radar,0,8,13,0,21,0,0,19,0,19,0,8,32,0,40,26,0,26,66
04/01/2023,TWF,ID,ANM,WE,Combination Non-Radar Approach Control & Tower w/o Radar,0,7,4,0,11,0,0,3,0,3,0,7,7,0,14,4,0,4,18
04/02/2023,TWF,ID,ANM,WE,Combination Non-Radar Approach Control & Tower w/o Radar,0,4,3,0,7,0,0,1,0,1,0,4,4,0,8,0,0,0,8
04/03/2023,TWF,ID,ANM,WE,Combination Non-Radar Approach Control & Tower w/o Radar,0,9,4,0,13,0,0,3,1,4,0,9,7,1,17,0,0,0,17
04/04/2023,TWF,ID,ANM,WE,Combination Non-Radar Approach Control & Tower w/o Radar,0,8,5,0,13,0,0,14,0,14,0,8,19,0,27,93,0,93,120
04/05/2023,TWF,ID,ANM,WE,Combination Non-Radar Approach Control & Tower w/o Radar,0,8,6,0,14,0,1,39,0,40,0,9,45,0,54,80,0,80,134
04/06/2023,TWF,ID,ANM,WE,Combination Non-Radar Approach Control & Tower w/o Radar,0,8,8,0,16,0,0,35,2,37,0,8,43,2,53,2,0,2,55
04/07/2023,TWF,ID,ANM,WE,Combination Non-Radar Approach Control & Tower w/o Radar,0,7,7,0,14,0,0,31,0,31,0,7,38,0,45,88,0,88,133
04/08/2023,TWF,ID,ANM,WE,Combination Non-Radar Approach Control & Tower w/o Radar,0,3,4,0,7,0,0,51,0,51,0,3,55,0,58,32,0,32,90
04/09/2023,TWF,ID,ANM,WE,Combination Non-Radar Approach Control & Tower w/o Radar,0,1,0,0,1,0,0,32,0,32,0,1,32,0,33,0,0,0,33
04/10/2023,TWF,ID,ANM,WE,Combination Non-Radar Approach Control & Tower w/o Radar,0,6,4,1,11,0,0,39,0,39,0,6,43,1,50,12,0,12,62
04/11/2023,TWF,ID,ANM,WE,Combination Non-Radar Approach Control & Tower w/o Radar,0,7,11,0,18,0,0,31,0,31,0,7,42,0,49,22,0,22,71
04/12/2023,TWF,ID,ANM,WE,Combination Non-Radar Approach Control & Tower w/o Radar,0,8,9,0,17,0,1,38,0,39,0,9,47,0,56,10,0,10,66
04/13/2023,TWF,ID,ANM,WE,Combination Non-Radar Approach Control & Tower w/o Radar,0,6,9,0,15,0,0,3,0,3,0,6,12,0,18,0,0,0,18
04/14/2023,TWF,ID,ANM,WE,Combination Non-Radar Approach Control & Tower w/o Radar,0,9,2,0,11,0,0,25,0,25,0,9,27,0,36,52,0,52,88
04/15/2023,TWF,ID,ANM,WE,Combination Non-Radar Approach Control & Tower w/o Radar,0,4,2,0,6,0,6,52,0,58,0,10,54,0,64,32,0,32,96
04/16/2023,TWF,ID,ANM,WE,Combination Non-Radar Approach Control & Tower w/o Radar,0,4,1,0,5,0,0,30,0,30,0,4,31,0,35,36,0,36,71
04/17/2023,TWF,ID,ANM,WE,Combination Non-Radar Approach Control & Tower w/o Radar,0,5,2,0,7,0,0,10,0,10,0,5,12,0,17,0,0,0,17
04/18/2023,TWF,ID,ANM,WE,Combination Non-Radar Approach Control & Tower w/o Radar,0,5,6,1,12,0,0,9,0,9,0,5,15,1,21,12,0,12,33
04/19/2023,TWF,ID,ANM,WE,Combination Non-Radar Approach Control & Tower w/o Radar,0,9,3,0,12,0,0,34,4,38,0,9,37,4,50,86,0,86,136
04/20/2023,TWF,ID,ANM,WE,Combination Non-Radar Approach Control & Tower w/o Radar,0,10,4,0,14,0,0,25,1,26,0,10,29,1,40,44,0,44,84
04/21/2023,TWF,ID,ANM,WE,Combination Non-Radar Approach Control & Tower w/o Radar,0,16,3,0,19,0,0,9,0,9,0,16,12,0,28,0,0,0,28
04/22/2023,TWF,ID,ANM,WE,Combination Non-Radar Approach Control & Tower w/o Radar,0,4,1,0,5,0,0,48,0,48,0,4,49,0,53,8,0,8,61
04/23/2023,TWF,ID,ANM,WE,Combination Non-Radar Approach Control & Tower w/o Radar,0,1,12,0,13,0,0,41,0,41,0,1,53,0,54,40,0,40,94
04/24/2023,TWF,ID,ANM,WE,Combination Non-Radar Approach Control & Tower w/o Radar,0,2,7,0,9,0,0,15,0,15,0,2,22,0,24,10,0,10,34
04/25/2023,TWF,ID,ANM,WE,Combination Non-Radar Approach Control & Tower w/o Radar,0,7,7,0,14,0,0,49,0,49,0,7,56,0,63,104,0,104,167
04/26/2023,TWF,ID,ANM,WE,Combination Non-Radar Approach Control & Tower w/o Radar,0,8,8,0,16,0,0,64,0,64,0,8,72,0,80,72,0,72,152
04/27/2023,TWF,ID,ANM,WE,Combination Non-Radar Approach Control & Tower w/o Radar,0,5,2,0,7,0,0,29,0,29,0,5,31,0,36,44,0,44,80
04/28/2023,TWF,ID,ANM,WE,Combination Non-Radar Approach Control & Tower w/o Radar,0,10,1,0,11,0,3,47,0,50,0,13,48,0,61,62,0,62,123
04/29/2023,TWF,ID,ANM,WE,Combination Non-Radar Approach Control & Tower w/o Radar,0,4,5,0,9,0,0,50,0,50,0,4,55,0,59,30,0,30,89
04/30/2023,TWF,ID,ANM,WE,Combination Non-Radar Approach Control & Tower w/o Radar,0,1,2,0,3,0,0,27,0,27,0,1,29,0,30,34,0,34,64
05/01/2023,TWF,ID,ANM,WE,Combination Non-Radar Approach Control & Tower w/o Radar,0,5,5,0,10,0,0,13,6,19,0,5,18,6,29,52,0,52,81
05/02/2023,TWF,ID,ANM,WE,Combination Non-Radar Approach Control & Tower w/o Radar,1,9,1,2,13,0,0,23,2,25,1,9,24,4,38,28,0,28,66
05/03/2023,TWF,ID,ANM,WE,Combination Non-Radar Approach Control & Tower w/o Radar,1,7,10,0,18,0,0,43,0,43,1,7,53,0,61,110,0,110,171
05/04/2023,TWF,ID,ANM,WE,Combination Non-Radar Approach Control & Tower w/o Radar,0,5,7,0,12,0,0,15,0,15,0,5,22,0,27,36,0,36,63
05/05/2023,TWF,ID,ANM,WE,Combination Non-Radar Approach Control & Tower w/o Radar,0,7,4,0,11,0,0,8,0,8,0,7,12,0,19,0,0,0,19
05/06/2023,TWF,ID,ANM,WE,Combination Non-Radar Approach Control & Tower w/o Radar,0,4,5,0,9,0,0,23,0,23,0,4,28,0,32,41,0,41,73
05/07/2023,TWF,ID,ANM,WE,Combination Non-Radar Approach Control & Tower w/o Radar,0,1,3,0,4,0,0,6,0,6,0,1,9,0,10,12,0,12,22
05/08/2023,TWF,ID,ANM,WE,Combination Non-Radar Approach Control & Tower w/o Radar,0,4,6,0,10,0,1,19,0,20,0,5,25,0,30,80,0,80,110
05/09/2023,TWF,ID,ANM,WE,Combination Non-Radar Approach Control & Tower w/o Radar,0,9,8,1,18,0,0,48,0,48,0,9,56,1,66,68,18,86,152
05/10/2023,TWF,ID,ANM,WE,Combination Non-Radar Approach Control & Tower w/o Radar,0,7,5,1,13,0,0,54,0,54,0,7,59,1,67,52,0,52,119
05/11/2023,TWF,ID,ANM,WE,Combination Non-Radar Approach Control & Tower w/o Radar,0,9,11,0,20,0,0,34,0,34,0,9,45,0,54,40,0,40,94
05/12/2023,TWF,ID,ANM,WE,Combination Non-Radar Approach Control & Tower w/o Radar,0,8,1,0,9,0,0,53,0,53,0,8,54,0,62,28,0,28,90
05/13/2023,TWF,ID,ANM,WE,Combination Non-Radar Approach Control & Tower w/o Radar,0,4,3,0,7,0,0,19,0,19,0,4,22,0,26,32,0,32,58
05/14/2023,TWF,ID,ANM,WE,Combination Non-Radar Approach Control & Tower w/o Radar,0,4,1,0,5,0,0,10,0,10,0,4,11,0,15,0,0,0,15
05/15/2023,TWF,ID,ANM,WE,Combination Non-Radar Approach Control & Tower w/o Radar,0,3,4,0,7,0,0,25,0,25,0,3,29,0,32,78,0,78,110
05/16/2023,TWF,ID,ANM,WE,Combination Non-Radar Approach Control & Tower w/o Radar,0,5,3,0,8,0,0,39,2,41,0,5,42,2,49,57,2,59,108
05/17/2023,TWF,ID,ANM,WE,Combination Non-Radar Approach Control & Tower w/o Radar,0,12,4,1,17,0,0,39,0,39,0,12,43,1,56,58,10,68,124
05/18/2023,TWF,ID,ANM,WE,Combination Non-Radar Approach Control & Tower w/o Radar,0,12,3,0,15,0,0,70,0,70,0,12,73,0,85,52,0,52,137
05/19/2023,TWF,ID,ANM,WE,Combination Non-Radar Approach Control & Tower w/o Radar,0,11,3,0,14,0,2,34,0,36,0,13,37,0,50,44,0,44,94
05/20/2023,TWF,ID,ANM,WE,Combination Non-Radar Approach Control & Tower w/o Radar,0,4,4,0,8,0,0,28,0,28,0,4,32,0,36,40,0,40,76
05/21/2023,TWF,ID,ANM,WE,Combination Non-Radar Approach Control & Tower w/o Radar,0,1,2,0,3,0,0,40,0,40,0,1,42,0,43,22,0,22,65
05/22/2023,TWF,ID,ANM,WE,Combination Non-Radar Approach Control & Tower w/o Radar,0,5,2,0,7,0,0,42,0,42,0,5,44,0,49,22,0,22,71
05/23/2023,TWF,ID,ANM,WE,Combination Non-Radar Approach Control & Tower w/o Radar,0,9,2,0,11,0,0,35,0,35,0,9,37,0,46,94,0,94,140
05/24/2023,TWF,ID,ANM,WE,Combination Non-Radar Approach Control & Tower w/o Radar,0,10,3,0,13,0,3,20,4,27,0,13,23,4,40,58,0,58,98
05/25/2023,TWF,ID,ANM,WE,Combination Non-Radar Approach Control & Tower w/o Radar,0,11,4,0,15,0,0,45,2,47,0,11,49,2,62,52,0,52,114
05/26/2023,TWF,ID,ANM,WE,Combination Non-Radar Approach Control & Tower w/o Radar,1,7,3,0,11,0,0,32,0,32,1,7,35,0,43,56,0,56,99
05/27/2023,TWF,ID,ANM,WE,Combination Non-Radar Approach Control & Tower w/o Radar,0,7,7,0,14,0,0,13,0,13,0,7,20,0,27,40,0,40,67
05/28/2023,TWF,ID,ANM,WE,Combination Non-Radar Approach Control & Tower w/o Radar,0,1,1,0,2,0,1,18,0,19,0,2,19,0,21,6,0,6,27
05/29/2023,TWF,ID,ANM,WE,Combination Non-Radar Approach Control & Tower w/o Radar,0,1,1,1,3,0,0,23,0,23,0,1,24,1,26,32,0,32,58
05/30/2023,TWF,ID,ANM,WE,Combination Non-Radar Approach Control & Tower w/o Radar,0,6,8,0,14,0,0,36,1,37,0,6,44,1,51,52,0,52,103
05/31/2023,TWF,ID,ANM,WE,Combination Non-Radar Approach Control & Tower w/o Radar,0,8,1,0,9,0,0,37,0,37,0,8,38,0,46,70,0,70,116
06/01/2023,TWF,ID,ANM,WE,Combination Non-Radar Approach Control & Tower w/o Radar,0,12,14,2,28,0,0,32,2,34,0,12,46,4,62,60,0,60,122
06/02/2023,TWF,ID,ANM,WE,Combination Non-Radar Approach Control & Tower w/o Radar,0,7,7,0,14,0,0,56,0,56,0,7,63,0,70,32,0,32,102
06/03/2023,TWF,ID,ANM,WE,Combination Non-Radar Approach Control & Tower w/o Radar,0,3,0,4,7,0,0,40,0,40,0,3,40,4,47,82,2,84,131
06/04/2023,TWF,ID,ANM,WE,Combination Non-Radar Approach Control & Tower w/o Radar,0,1,1,0,2,0,2,21,0,23,0,3,22,0,25,14,0,14,39
06/05/2023,TWF,ID,ANM,WE,Combination Non-Radar Approach Control & Tower w/o Radar,0,6,7,2,15,0,0,36,0,36,0,6,43,2,51,0,0,0,51
06/06/2023,TWF,ID,ANM,WE,Combination Non-Radar Approach Control & Tower w/o Radar,6,7,4,2,19,0,0,40,2,42,6,7,44,4,61,26,4,30,91
06/07/2023,TWF,ID,ANM,WE,Combination Non-Radar Approach Control & Tower w/o Radar,0,8,0,2,10,0,0,25,1,26,0,8,25,3,36,78,2,80,116
06/08/2023,TWF,ID,ANM,WE,Combination Non-Radar Approach Control & Tower w/o Radar,0,9,5,8,22,0,0,31,0,31,0,9,36,8,53,28,8,36,89
06/09/2023,TWF,ID,ANM,WE,Combination Non-Radar Approach Control & Tower w/o Radar,0,7,4,2,13,0,0,44,0,44,0,7,48,2,57,38,8,46,103
06/10/2023,TWF,ID,ANM,WE,Combination Non-Radar Approach Control & Tower w/o Radar,0,6,5,0,11,0,0,31,8,39,0,6,36,8,50,34,0,34,84
06/11/2023,TWF,ID,ANM,WE,Combination Non-Radar Approach Control & Tower w/o Radar,0,1,0,0,1,0,0,10,0,10,0,1,10,0,11,0,0,0,11
06/12/2023,TWF,ID,ANM,WE,Combination Non-Radar Approach Control & Tower w/o Radar,0,5,6,2,13,0,0,47,0,47,0,5,53,2,60,62,0,62,122
06/13/2023,TWF,ID,ANM,WE,Combination Non-Radar Approach Control & Tower w/o Radar,0,8,10,0,18,0,1,29,2,32,0,9,39,2,50,52,0,52,102
06/14/2023,TWF,ID,ANM,WE,Combination Non-Radar Approach Control & Tower w/o Radar,0,7,3,4,14,0,0,29,2,31,0,7,32,6,45,24,48,72,117
06/15/2023,TWF,ID,ANM,WE,Combination Non-Radar Approach Control & Tower w/o Radar,0,7,9,1,17,0,0,52,2,54,0,7,61,3,71,24,0,24,95
06/16/2023,TWF,ID,ANM,WE,Combination Non-Radar Approach Control & Tower w/o Radar,0,7,1,0,8,0,1,50,0,51,0,8,51,0,59,72,0,72,131
06/17/2023,TWF,ID,ANM,WE,Combination Non-Radar Approach Control & Tower w/o Radar,0,4,3,0,7,0,0,105,1,106,0,4,108,1,113,0,0,0,113
06/18/2023,TWF,ID,ANM,WE,Combination Non-Radar Approach Control & Tower w/o Radar,0,2,2,0,4,0,0,18,0,18,0,2,20,0,22,0,0,0,22
06/19/2023,TWF,ID,ANM,WE,Combination Non-Radar Approach Control & Tower w/o Radar,1,4,7,0,12,0,0,34,0,34,1,4,41,0,46,36,0,36,82
06/20/2023,TWF,ID,ANM,WE,Combination Non-Radar Approach Control & Tower w/o Radar,0,7,7,0,14,0,0,52,4,56,0,7,59,4,70,28,0,28,98
06/21/2023,TWF,ID,ANM,WE,Combination Non-Radar Approach Control & Tower w/o Radar,0,8,8,0,16,0,3,37,0,40,0,11,45,0,56,50,0,50,106
06/22/2023,TWF,ID,ANM,WE,Combination Non-Radar Approach Control & Tower w/o Radar,0,12,5,1,18,0,4,93,0,97,0,16,98,1,115,36,0,36,151
06/23/2023,TWF,ID,ANM,WE,Combination Non-Radar Approach Control & Tower w/o Radar,0,9,5,0,14,0,0,39,2,41,0,9,44,2,55,34,0,34,89
06/24/2023,TWF,ID,ANM,WE,Combination Non-Radar Approach Control & Tower w/o Radar,0,8,6,0,14,0,0,41,0,41,0,8,47,0,55,24,0,24,79
06/25/2023,TWF,ID,ANM,WE,Combination Non-Radar Approach Control & Tower w/o Radar,0,3,5,1,9,0,0,23,0,23,0,3,28,1,32,10,0,10,42
06/26/2023,TWF,ID,ANM,WE,Combination Non-Radar Approach Control & Tower w/o Radar,0,6,3,0,9,0,0,36,0,36,0,6,39,0,45,48,0,48,93
06/27/2023,TWF,ID,ANM,WE,Combination Non-Radar Approach Control & Tower w/o Radar,0,11,4,0,15,0,0,12,0,12,0,11,16,0,27,21,0,21,48
06/28/2023,TWF,ID,ANM,WE,Combination Non-Radar Approach Control & Tower w/o Radar,0,11,9,1,21,0,0,33,1,34,0,11,42,2,55,18,0,18,73
06/29/2023,TWF,ID,ANM,WE,Combination Non-Radar Approach Control & Tower w/o Radar,0,7,2,1,10,0,0,81,0,81,0,7,83,1,91,64,0,64,155
06/30/2023,TWF,ID,ANM,WE,Combination Non-Radar Approach Control & Tower w/o Radar,0,8,1,0,9,0,4,58,0,62,0,12,59,0,71,18,0,18,89
07/01/2023,TWF,ID,ANM,WE,Combination Non-Radar Approach Control & Tower w/o Radar,0,5,8,0,13,0,0,57,0,57,0,5,65,0,70,26,0,26,96
07/02/2023,TWF,ID,ANM,WE,Combination Non-Radar Approach Control & Tower w/o Radar,0,0,0,0,0,0,0,0,0,0,0,0,0,0,0,0,0,0,0
07/03/2023,TWF,ID,ANM,WE,Combination Non-Radar Approach Control & Tower w/o Radar,0,11,4,0,15,0,0,32,0,32,0,11,36,0,47,6,0,6,53
07/04/2023,TWF,ID,ANM,WE,Combination Non-Radar Approach Control & Tower w/o Radar,0,1,1,0,2,0,0,21,0,21,0,1,22,0,23,0,0,0,23
07/05/2023,TWF,ID,ANM,WE,Combination Non-Radar Approach Control & Tower w/o Radar,0,8,7,1,16,0,0,44,3,47,0,8,51,4,63,22,2,24,87
07/06/2023,TWF,ID,ANM,WE,Combination Non-Radar Approach Control & Tower w/o Radar,0,10,10,0,20,0,0,35,3,38,0,10,45,3,58,54,0,54,112
07/07/2023,TWF,ID,ANM,WE,Combination Non-Radar Approach Control & Tower w/o Radar,0,9,5,0,14,0,0,24,9,33,0,9,29,9,47,14,0,14,61
07/08/2023,TWF,ID,ANM,WE,Combination Non-Radar Approach Control & Tower w/o Radar,2,6,3,0,11,0,1,39,0,40,2,7,42,0,51,38,0,38,89
07/09/2023,TWF,ID,ANM,WE,Combination Non-Radar Approach Control & Tower w/o Radar,1,2,6,0,9,0,0,21,0,21,1,2,27,0,30,20,0,20,50
07/10/2023,TWF,ID,ANM,WE,Combination Non-Radar Approach Control & Tower w/o Radar,0,9,4,0,13,0,1,33,0,34,0,10,37,0,47,40,0,40,87
07/11/2023,TWF,ID,ANM,WE,Combination Non-Radar Approach Control & Tower w/o Radar,0,22,18,3,43,0,0,36,0,36,0,22,54,3,79,46,0,46,125
07/12/2023,TWF,ID,ANM,WE,Combination Non-Radar Approach Control & Tower w/o Radar,0,13,5,0,18,0,3,59,0,62,0,16,64,0,80,54,0,54,134
07/13/2023,TWF,ID,ANM,WE,Combination Non-Radar Approach Control & Tower w/o Radar,0,11,12,2,25,0,4,44,3,51,0,15,56,5,76,80,0,80,156
07/14/2023,TWF,ID,ANM,WE,Combination Non-Radar Approach Control & Tower w/o Radar,0,12,5,0,17,0,6,67,0,73,0,18,72,0,90,24,0,24,114
07/15/2023,TWF,ID,ANM,WE,Combination Non-Radar Approach Control & Tower w/o Radar,0,9,7,0,16,0,3,34,0,37,0,12,41,0,53,50,0,50,103
07/16/2023,TWF,ID,ANM,WE,Combination Non-Radar Approach Control & Tower w/o Radar,0,6,3,0,9,0,0,23,0,23,0,6,26,0,32,0,0,0,32
07/17/2023,TWF,ID,ANM,WE,Combination Non-Radar Approach Control & Tower w/o Radar,0,5,11,0,16,0,2,13,0,15,0,7,24,0,31,0,0,0,31
07/18/2023,TWF,ID,ANM,WE,Combination Non-Radar Approach Control & Tower w/o Radar,0,10,6,0,16,0,0,49,0,49,0,10,55,0,65,0,0,0,65
07/19/2023,TWF,ID,ANM,WE,Combination Non-Radar Approach Control & Tower w/o Radar,0,11,4,2,17,2,0,79,4,85,2,11,83,6,102,46,4,50,152
07/20/2023,TWF,ID,ANM,WE,Combination Non-Radar Approach Control & Tower w/o Radar,0,10,3,5,18,0,0,48,0,48,0,10,51,5,66,54,0,54,120
07/21/2023,TWF,ID,ANM,WE,Combination Non-Radar Approach Control & Tower w/o Radar,0,7,2,4,13,0,2,49,0,51,0,9,51,4,64,42,0,42,106
07/22/2023,TWF,ID,ANM,WE,Combination Non-Radar Approach Control & Tower w/o Radar,0,4,1,0,5,0,6,70,2,78,0,10,71,2,83,42,0,42,125
07/23/2023,TWF,ID,ANM,WE,Combination Non-Radar Approach Control & Tower w/o Radar,0,3,2,0,5,0,0,33,0,33,0,3,35,0,38,0,0,0,38
07/24/2023,TWF,ID,ANM,WE,Combination Non-Radar Approach Control & Tower w/o Radar,0,3,0,0,3,0,1,34,0,35,0,4,34,0,38,0,0,0,38
07/25/2023,TWF,ID,ANM,WE,Combination Non-Radar Approach Control & Tower w/o Radar,0,7,3,3,13,0,2,62,0,64,0,9,65,3,77,74,6,80,157
07/26/2023,TWF,ID,ANM,WE,Combination Non-Radar Approach Control & Tower w/o Radar,0,10,6,0,16,2,3,56,3,64,2,13,62,3,80,60,0,60,140
07/27/2023,TWF,ID,ANM,WE,Combination Non-Radar Approach Control & Tower w/o Radar,0,5,10,0,15,4,1,68,2,75,4,6,78,2,90,14,0,14,104
07/28/2023,TWF,ID,ANM,WE,Combination Non-Radar Approach Control & Tower w/o Radar,0,9,5,0,14,9,11,125,0,145,9,20,130,0,159,32,0,32,191
07/29/2023,TWF,ID,ANM,WE,Combination Non-Radar Approach Control & Tower w/o Radar,0,7,8,0,15,2,0,50,0,52,2,7,58,0,67,26,0,26,93
07/30/2023,TWF,ID,ANM,WE,Combination Non-Radar Approach Control & Tower w/o Radar,0,1,0,0,1,1,3,36,0,40,1,4,36,0,41,4,0,4,45
07/31/2023,TWF,ID,ANM,WE,Combination Non-Radar Approach Control & Tower w/o Radar,0,1,6,1,8,0,2,33,0,35,0,3,39,1,43,30,6,36,79
08/01/2023,TWF,ID,ANM,WE,Combination Non-Radar Approach Control & Tower w/o Radar,0,9,2,0,11,1,0,54,0,55,1,9,56,0,66,6,0,6,72
08/02/2023,TWF,ID,ANM,WE,Combination Non-Radar Approach Control & Tower w/o Radar,1,11,4,0,16,0,1,29,1,31,1,12,33,1,47,0,4,4,51
08/03/2023,TWF,ID,ANM,WE,Combination Non-Radar Approach Control & Tower w/o Radar,0,7,4,2,13,0,0,38,0,38,0,7,42,2,51,24,18,42,93
08/04/2023,TWF,ID,ANM,WE,Combination Non-Radar Approach Control & Tower w/o Radar,0,10,7,0,17,0,0,44,0,44,0,10,51,0,61,42,0,42,103
08/05/2023,TWF,ID,ANM,WE,Combination Non-Radar Approach Control & Tower w/o Radar,0,4,4,0,8,0,2,30,2,34,0,6,34,2,42,16,0,16,58
08/06/2023,TWF,ID,ANM,WE,Combination Non-Radar Approach Control & Tower w/o Radar,0,1,6,0,7,0,1,15,0,16,0,2,21,0,23,6,0,6,29
08/07/2023,TWF,ID,ANM,WE,Combination Non-Radar Approach Control & Tower w/o Radar,0,3,6,0,9,0,0,32,0,32,0,3,38,0,41,44,0,44,85
08/08/2023,TWF,ID,ANM,WE,Combination Non-Radar Approach Control & Tower w/o Radar,0,12,10,0,22,0,1,20,0,21,0,13,30,0,43,0,0,0,43
08/09/2023,TWF,ID,ANM,WE,Combination Non-Radar Approach Control & Tower w/o Radar,0,6,8,0,14,0,0,50,0,50,0,6,58,0,64,60,0,60,124
08/10/2023,TWF,ID,ANM,WE,Combination Non-Radar Approach Control & Tower w/o Radar,0,10,2,0,12,0,0,40,0,40,0,10,42,0,52,66,0,66,118
08/11/2023,TWF,ID,ANM,WE,Combination Non-Radar Approach Control & Tower w/o Radar,0,6,3,0,9,0,0,60,0,60,0,6,63,0,69,32,0,32,101
08/12/2023,TWF,ID,ANM,WE,Combination Non-Radar Approach Control & Tower w/o Radar,0,4,6,0,10,0,0,30,0,30,0,4,36,0,40,52,0,52,92
08/13/2023,TWF,ID,ANM,WE,Combination Non-Radar Approach Control & Tower w/o Radar,0,2,9,0,11,0,0,30,0,30,0,2,39,0,41,6,0,6,47
08/14/2023,TWF,ID,ANM,WE,Combination Non-Radar Approach Control & Tower w/o Radar,0,8,4,0,12,0,0,26,0,26,0,8,30,0,38,38,0,38,76
08/15/2023,TWF,ID,ANM,WE,Combination Non-Radar Approach Control & Tower w/o Radar,0,11,5,2,18,0,0,39,1,40,0,11,44,3,58,24,0,24,82
08/16/2023,TWF,ID,ANM,WE,Combination Non-Radar Approach Control & Tower w/o Radar,0,11,5,0,16,1,0,51,2,54,1,11,56,2,70,66,0,66,136
08/17/2023,TWF,ID,ANM,WE,Combination Non-Radar Approach Control & Tower w/o Radar,0,6,10,0,16,2,2,21,0,25,2,8,31,0,41,14,0,14,55
08/18/2023,TWF,ID,ANM,WE,Combination Non-Radar Approach Control & Tower w/o Radar,0,8,5,0,13,1,5,41,0,47,1,13,46,0,60,28,0,28,88
08/19/2023,TWF,ID,ANM,WE,Combination Non-Radar Approach Control & Tower w/o Radar,0,5,0,0,5,0,5,25,0,30,0,10,25,0,35,28,0,28,63
08/20/2023,TWF,ID,ANM,WE,Combination Non-Radar Approach Control & Tower w/o Radar,1,8,4,0,13,0,0,9,0,9,1,8,13,0,22,8,0,8,30
08/21/2023,TWF,ID,ANM,WE,Combination Non-Radar Approach Control & Tower w/o Radar,0,8,4,0,12,0,1,3,0,4,0,9,7,0,16,0,0,0,16
08/22/2023,TWF,ID,ANM,WE,Combination Non-Radar Approach Control & Tower w/o Radar,0,15,6,0,21,0,2,22,0,24,0,17,28,0,45,36,0,36,81
08/23/2023,TWF,ID,ANM,WE,Combination Non-Radar Approach Control & Tower w/o Radar,1,12,14,0,27,0,0,51,0,51,1,12,65,0,78,58,0,58,136
08/24/2023,TWF,ID,ANM,WE,Combination Non-Radar Approach Control & Tower w/o Radar,2,6,4,0,12,0,1,40,0,41,2,7,44,0,53,20,14,34,87
08/25/2023,TWF,ID,ANM,WE,Combination Non-Radar Approach Control & Tower w/o Radar,0,6,10,0,16,1,0,45,0,46,1,6,55,0,62,34,0,34,96
08/26/2023,TWF,ID,ANM,WE,Combination Non-Radar Approach Control & Tower w/o Radar,0,6,3,0,9,1,11,23,0,35,1,17,26,0,44,4,0,4,48
08/27/2023,TWF,ID,ANM,WE,Combination Non-Radar Approach Control & Tower w/o Radar,0,3,1,0,4,0,3,24,0,27,0,6,25,0,31,36,0,36,67
08/28/2023,TWF,ID,ANM,WE,Combination Non-Radar Approach Control & Tower w/o Radar,0,4,5,0,9,3,4,43,0,50,3,8,48,0,59,36,0,36,95
08/29/2023,TWF,ID,ANM,WE,Combination Non-Radar Approach Control & Tower w/o Radar,0,10,9,0,19,0,2,31,0,33,0,12,40,0,52,2,0,2,54
08/30/2023,TWF,ID,ANM,WE,Combination Non-Radar Approach Control & Tower w/o Radar,0,8,15,1,24,0,0,45,3,48,0,8,60,4,72,46,6,52,124
08/31/2023,TWF,ID,ANM,WE,Combination Non-Radar Approach Control & Tower w/o Radar,0,8,6,1,15,0,1,31,1,33,0,9,37,2,48,24,0,24,72
