01/01/2000,TXK,AR,ASW,CE,Federal Contract Tower,0,8,8,0,16,0,7,24,0,31,0,15,32,0,47,4,0,4,51
01/02/2000,TXK,AR,ASW,CE,Federal Contract Tower,0,12,12,0,24,0,6,20,0,26,0,18,32,0,50,2,0,2,52
01/03/2000,TXK,AR,ASW,CE,Federal Contract Tower,0,18,18,0,36,0,2,1,3,6,0,20,19,3,42,0,12,12,54
01/04/2000,TXK,AR,ASW,CE,Federal Contract Tower,0,19,19,0,38,0,4,18,0,22,0,23,37,0,60,18,0,18,78
01/05/2000,TXK,AR,ASW,CE,Federal Contract Tower,0,20,20,1,41,0,1,33,3,37,0,21,53,4,78,4,4,8,86
01/06/2000,TXK,AR,ASW,CE,Federal Contract Tower,0,21,20,1,42,0,0,31,1,32,0,21,51,2,74,14,0,14,88
01/07/2000,TXK,AR,ASW,CE,Federal Contract Tower,0,16,18,0,34,0,0,34,0,34,0,16,52,0,68,46,0,46,114
01/08/2000,TXK,AR,ASW,CE,Federal Contract Tower,0,16,17,0,33,0,0,6,0,6,0,16,23,0,39,46,0,46,85
01/09/2000,TXK,AR,ASW,CE,Federal Contract Tower,0,8,7,0,15,0,5,29,0,34,0,13,36,0,49,38,0,38,87
01/10/2000,TXK,AR,ASW,CE,Federal Contract Tower,0,22,22,1,45,0,2,17,1,20,0,24,39,2,65,2,6,8,73
01/11/2000,TXK,AR,ASW,CE,Federal Contract Tower,0,24,30,2,56,0,0,50,2,52,0,24,80,4,108,14,0,14,122
01/12/2000,TXK,AR,ASW,CE,Federal Contract Tower,0,23,26,2,51,0,0,31,3,34,0,23,57,5,85,6,12,18,103
01/13/2000,TXK,AR,ASW,CE,Federal Contract Tower,0,20,22,1,43,0,0,38,4,42,0,20,60,5,85,10,18,28,113
01/14/2000,TXK,AR,ASW,CE,Federal Contract Tower,0,19,20,1,40,0,0,55,1,56,0,19,75,2,96,16,0,16,112
01/15/2000,TXK,AR,ASW,CE,Federal Contract Tower,0,12,12,0,24,0,5,39,0,44,0,17,51,0,68,10,0,10,78
01/16/2000,TXK,AR,ASW,CE,Federal Contract Tower,0,14,14,0,28,0,3,23,0,26,0,17,37,0,54,24,0,24,78
01/17/2000,TXK,AR,ASW,CE,Federal Contract Tower,0,22,25,0,47,0,0,46,0,46,0,22,71,0,93,20,0,20,113
01/18/2000,TXK,AR,ASW,CE,Federal Contract Tower,0,18,22,1,41,0,0,39,0,39,0,18,61,1,80,20,0,20,100
01/19/2000,TXK,AR,ASW,CE,Federal Contract Tower,0,19,25,2,46,0,0,32,3,35,0,19,57,5,81,48,0,48,129
01/20/2000,TXK,AR,ASW,CE,Federal Contract Tower,0,19,18,1,38,0,4,35,0,39,0,23,53,1,77,86,0,86,163
01/21/2000,TXK,AR,ASW,CE,Federal Contract Tower,0,15,19,1,35,2,0,49,3,54,2,15,68,4,89,20,0,20,109
01/22/2000,TXK,AR,ASW,CE,Federal Contract Tower,0,17,14,0,31,0,0,20,0,20,0,17,34,0,51,10,0,10,61
01/23/2000,TXK,AR,ASW,CE,Federal Contract Tower,0,20,18,1,39,0,0,27,1,28,0,20,45,2,67,26,0,26,93
01/24/2000,TXK,AR,ASW,CE,Federal Contract Tower,0,20,23,0,43,2,0,31,0,33,2,20,54,0,76,18,0,18,94
01/25/2000,TXK,AR,ASW,CE,Federal Contract Tower,0,20,19,0,39,0,4,32,0,36,0,24,51,0,75,2,0,2,77
01/26/2000,TXK,AR,ASW,CE,Federal Contract Tower,0,23,22,0,45,0,0,19,5,24,0,23,41,5,69,0,0,0,69
01/27/2000,TXK,AR,ASW,CE,Federal Contract Tower,0,1,0,0,1,0,0,0,0,0,0,1,0,0,1,0,0,0,1
01/28/2000,TXK,AR,ASW,CE,Federal Contract Tower,0,11,9,0,20,0,1,9,2,12,0,12,18,2,32,4,0,4,36
01/29/2000,TXK,AR,ASW,CE,Federal Contract Tower,0,13,12,0,25,0,5,7,0,12,0,18,19,0,37,0,0,0,37
01/30/2000,TXK,AR,ASW,CE,Federal Contract Tower,0,9,8,0,17,0,8,1,0,9,0,17,9,0,26,0,0,0,26
01/31/2000,TXK,AR,ASW,CE,Federal Contract Tower,0,20,19,0,39,0,1,10,0,11,0,21,29,0,50,8,0,8,58
02/01/2000,TXK,AR,ASW,CE,Federal Contract Tower,0,20,20,0,40,0,4,18,0,22,0,24,38,0,62,12,0,12,74
02/02/2000,TXK,AR,ASW,CE,Federal Contract Tower,0,16,17,2,35,0,5,33,1,39,0,21,50,3,74,14,0,14,88
02/03/2000,TXK,AR,ASW,CE,Federal Contract Tower,0,17,18,0,35,0,4,34,0,38,0,21,52,0,73,28,0,28,101
02/04/2000,TXK,AR,ASW,CE,Federal Contract Tower,0,14,13,2,29,0,3,48,2,53,0,17,61,4,82,90,0,90,172
02/05/2000,TXK,AR,ASW,CE,Federal Contract Tower,0,11,12,0,23,0,6,24,0,30,0,17,36,0,53,20,0,20,73
02/06/2000,TXK,AR,ASW,CE,Federal Contract Tower,0,17,18,0,35,0,4,41,0,45,0,21,59,0,80,22,0,22,102
02/07/2000,TXK,AR,ASW,CE,Federal Contract Tower,0,20,21,0,41,0,1,26,0,27,0,21,47,0,68,4,0,4,72
02/08/2000,TXK,AR,ASW,CE,Federal Contract Tower,0,24,25,2,51,0,0,30,1,31,0,24,55,3,82,18,4,22,104
02/09/2000,TXK,AR,ASW,CE,Federal Contract Tower,0,22,23,2,47,0,1,29,2,32,0,23,52,4,79,20,14,34,113
02/10/2000,TXK,AR,ASW,CE,Federal Contract Tower,0,22,25,2,49,0,0,37,5,42,0,22,62,7,91,64,8,72,163
02/11/2000,TXK,AR,ASW,CE,Federal Contract Tower,0,20,28,2,50,0,0,21,0,21,0,20,49,2,71,0,0,0,71
02/12/2000,TXK,AR,ASW,CE,Federal Contract Tower,0,15,15,1,31,0,3,44,0,47,0,18,59,1,78,16,6,22,100
02/13/2000,TXK,AR,ASW,CE,Federal Contract Tower,0,15,14,0,29,0,2,15,0,17,0,17,29,0,46,18,0,18,64
02/14/2000,TXK,AR,ASW,CE,Federal Contract Tower,0,21,21,2,44,0,0,31,4,35,0,21,52,6,79,46,0,46,125
02/15/2000,TXK,AR,ASW,CE,Federal Contract Tower,0,21,20,2,43,0,1,34,1,36,0,22,54,3,79,24,4,28,107
02/16/2000,TXK,AR,ASW,CE,Federal Contract Tower,0,21,28,2,51,0,0,28,0,28,0,21,56,2,79,56,0,56,135
02/17/2000,TXK,AR,ASW,CE,Federal Contract Tower,0,19,17,0,36,0,3,16,0,19,0,22,33,0,55,6,0,6,61
02/18/2000,TXK,AR,ASW,CE,Federal Contract Tower,0,18,18,0,36,0,1,12,0,13,0,19,30,0,49,16,0,16,65
02/19/2000,TXK,AR,ASW,CE,Federal Contract Tower,0,13,13,0,26,0,4,47,0,51,0,17,60,0,77,16,0,16,93
02/20/2000,TXK,AR,ASW,CE,Federal Contract Tower,0,10,10,0,20,0,5,32,0,37,0,15,42,0,57,14,0,14,71
02/21/2000,TXK,AR,ASW,CE,Federal Contract Tower,0,19,21,1,41,0,0,36,1,37,0,19,57,2,78,22,0,22,100
02/22/2000,TXK,AR,ASW,CE,Federal Contract Tower,0,21,24,0,45,0,0,31,0,31,0,21,55,0,76,18,0,18,94
02/23/2000,TXK,AR,ASW,CE,Federal Contract Tower,0,18,25,1,44,0,0,20,1,21,0,18,45,2,65,30,0,30,95
02/24/2000,TXK,AR,ASW,CE,Federal Contract Tower,0,22,30,1,53,0,0,43,0,43,0,22,73,1,96,28,34,62,158
02/25/2000,TXK,AR,ASW,CE,Federal Contract Tower,0,19,21,1,41,0,0,9,1,10,0,19,30,2,51,36,0,36,87
02/26/2000,TXK,AR,ASW,CE,Federal Contract Tower,0,11,10,0,21,0,6,17,0,23,0,17,27,0,44,46,0,46,90
02/27/2000,TXK,AR,ASW,CE,Federal Contract Tower,0,18,19,1,38,0,0,57,5,62,0,18,76,6,100,22,12,34,134
02/28/2000,TXK,AR,ASW,CE,Federal Contract Tower,0,21,21,1,43,0,0,43,1,44,0,21,64,2,87,30,0,30,117
02/29/2000,TXK,AR,ASW,CE,Federal Contract Tower,0,20,20,1,41,0,2,27,1,30,0,22,47,2,71,42,0,42,113
03/01/2000,TXK,AR,ASW,CE,Federal Contract Tower,0,16,19,0,35,0,8,31,0,39,0,24,50,0,74,74,0,74,148
03/02/2000,TXK,AR,ASW,CE,Federal Contract Tower,0,18,22,0,40,0,4,8,0,12,0,22,30,0,52,6,0,6,58
03/03/2000,TXK,AR,ASW,CE,Federal Contract Tower,0,22,26,2,50,0,0,20,2,22,0,22,46,4,72,8,20,28,100
03/04/2000,TXK,AR,ASW,CE,Federal Contract Tower,1,17,20,1,39,1,0,48,1,50,2,17,68,2,89,32,0,32,121
03/05/2000,TXK,AR,ASW,CE,Federal Contract Tower,0,13,15,2,30,0,4,37,0,41,0,17,52,2,71,24,6,30,101
03/06/2000,TXK,AR,ASW,CE,Federal Contract Tower,0,21,23,2,46,0,0,21,0,21,0,21,44,2,67,0,0,0,67
03/07/2000,TXK,AR,ASW,CE,Federal Contract Tower,0,22,27,0,49,2,0,41,0,43,2,22,68,0,92,24,0,24,116
03/08/2000,TXK,AR,ASW,CE,Federal Contract Tower,0,23,35,0,58,0,0,49,0,49,0,23,84,0,107,30,0,30,137
03/09/2000,TXK,AR,ASW,CE,Federal Contract Tower,0,23,27,3,53,0,0,50,4,54,0,23,77,7,107,52,8,60,167
03/10/2000,TXK,AR,ASW,CE,Federal Contract Tower,0,10,14,0,24,0,0,11,0,11,0,10,25,0,35,10,0,10,45
03/11/2000,TXK,AR,ASW,CE,Federal Contract Tower,0,14,16,0,30,0,3,39,0,42,0,17,55,0,72,46,0,46,118
03/12/2000,TXK,AR,ASW,CE,Federal Contract Tower,0,13,14,0,27,0,4,59,0,63,0,17,73,0,90,20,0,20,110
03/13/2000,TXK,AR,ASW,CE,Federal Contract Tower,0,21,22,2,45,0,2,22,8,32,0,23,44,10,77,10,20,30,107
03/14/2000,TXK,AR,ASW,CE,Federal Contract Tower,0,23,30,3,56,0,0,42,7,49,0,23,72,10,105,32,4,36,141
03/15/2000,TXK,AR,ASW,CE,Federal Contract Tower,0,21,30,2,53,0,0,12,0,12,0,21,42,2,65,36,0,36,101
03/16/2000,TXK,AR,ASW,CE,Federal Contract Tower,0,21,29,3,53,0,0,21,1,22,0,21,50,4,75,26,4,30,105
03/17/2000,TXK,AR,ASW,CE,Federal Contract Tower,0,13,15,0,28,0,4,4,0,8,0,17,19,0,36,0,0,0,36
03/18/2000,TXK,AR,ASW,CE,Federal Contract Tower,0,22,27,0,49,0,0,16,0,16,0,22,43,0,65,28,0,28,93
03/19/2000,TXK,AR,ASW,CE,Federal Contract Tower,0,17,20,0,37,0,1,17,0,18,0,18,37,0,55,28,0,28,83
03/20/2000,TXK,AR,ASW,CE,Federal Contract Tower,0,21,27,1,49,0,0,69,0,69,0,21,96,1,118,10,0,10,128
03/21/2000,TXK,AR,ASW,CE,Federal Contract Tower,0,21,24,1,46,0,0,41,1,42,0,21,65,2,88,16,14,30,118
03/22/2000,TXK,AR,ASW,CE,Federal Contract Tower,0,22,25,0,47,0,0,30,0,30,0,22,55,0,77,18,0,18,95
03/23/2000,TXK,AR,ASW,CE,Federal Contract Tower,0,16,18,1,35,0,6,45,1,52,0,22,63,2,87,6,0,6,93
03/24/2000,TXK,AR,ASW,CE,Federal Contract Tower,0,19,25,1,45,0,0,35,7,42,0,19,60,8,87,28,0,28,115
03/25/2000,TXK,AR,ASW,CE,Federal Contract Tower,0,12,15,0,27,0,4,14,0,18,0,16,29,0,45,14,0,14,59
03/26/2000,TXK,AR,ASW,CE,Federal Contract Tower,0,14,17,0,31,0,2,19,0,21,0,16,36,0,52,14,0,14,66
03/27/2000,TXK,AR,ASW,CE,Federal Contract Tower,0,13,16,0,29,0,9,33,0,42,0,22,49,0,71,16,0,16,87
03/28/2000,TXK,AR,ASW,CE,Federal Contract Tower,0,17,19,1,37,0,3,28,1,32,0,20,47,2,69,26,0,26,95
03/29/2000,TXK,AR,ASW,CE,Federal Contract Tower,0,20,23,0,43,0,2,5,0,7,0,22,28,0,50,0,0,0,50
03/30/2000,TXK,AR,ASW,CE,Federal Contract Tower,0,22,26,2,50,0,0,26,0,26,0,22,52,2,76,22,0,22,98
03/31/2000,TXK,AR,ASW,CE,Federal Contract Tower,0,19,26,2,47,0,0,49,1,50,0,19,75,3,97,34,8,42,139
04/01/2000,TXK,AR,ASW,CE,Federal Contract Tower,0,13,16,0,29,0,3,24,0,27,0,16,40,0,56,14,0,14,70
04/02/2000,TXK,AR,ASW,CE,Federal Contract Tower,0,12,14,2,28,0,0,0,2,2,0,12,14,4,30,0,0,0,30
04/03/2000,TXK,AR,ASW,CE,Federal Contract Tower,0,13,16,0,29,0,8,1,0,9,0,21,17,0,38,0,0,0,38
04/04/2000,TXK,AR,ASW,CE,Federal Contract Tower,0,17,19,0,36,0,4,43,0,47,0,21,62,0,83,22,0,22,105
04/05/2000,TXK,AR,ASW,CE,Federal Contract Tower,0,18,22,0,40,0,2,72,0,74,0,20,94,0,114,38,0,38,152
04/06/2000,TXK,AR,ASW,CE,Federal Contract Tower,0,19,25,2,46,0,0,56,3,59,0,19,81,5,105,26,0,26,131
04/07/2000,TXK,AR,ASW,CE,Federal Contract Tower,0,18,27,2,47,0,0,25,0,25,0,18,52,2,72,40,0,40,112
04/08/2000,TXK,AR,ASW,CE,Federal Contract Tower,0,14,16,0,30,0,4,38,0,42,0,18,54,0,72,32,0,32,104
04/09/2000,TXK,AR,ASW,CE,Federal Contract Tower,0,13,15,0,28,0,2,41,0,43,0,15,56,0,71,22,0,22,93
04/10/2000,TXK,AR,ASW,CE,Federal Contract Tower,0,21,26,2,49,0,0,27,5,32,0,21,53,7,81,18,2,20,101
04/11/2000,TXK,AR,ASW,CE,Federal Contract Tower,0,14,17,0,31,0,0,5,0,5,0,14,22,0,36,0,0,0,36
04/12/2000,TXK,AR,ASW,CE,Federal Contract Tower,0,26,34,2,62,0,0,3,0,3,0,26,37,2,65,0,0,0,65
04/13/2000,TXK,AR,ASW,CE,Federal Contract Tower,0,24,42,3,69,0,0,19,2,21,0,24,61,5,90,8,0,8,98
04/14/2000,TXK,AR,ASW,CE,Federal Contract Tower,0,18,28,0,46,0,0,35,0,35,0,18,63,0,81,48,0,48,129
04/15/2000,TXK,AR,ASW,CE,Federal Contract Tower,0,13,15,0,28,0,1,19,0,20,0,14,34,0,48,20,0,20,68
04/16/2000,TXK,AR,ASW,CE,Federal Contract Tower,0,15,27,1,43,0,0,19,10,29,0,15,46,11,72,4,8,12,84
04/17/2000,TXK,AR,ASW,CE,Federal Contract Tower,0,16,20,0,36,0,4,38,0,42,0,20,58,0,78,26,0,26,104
04/18/2000,TXK,AR,ASW,CE,Federal Contract Tower,0,20,24,1,45,0,1,42,1,44,0,21,66,2,89,88,0,88,177
04/19/2000,TXK,AR,ASW,CE,Federal Contract Tower,0,21,32,0,53,0,0,36,0,36,0,21,68,0,89,100,0,100,189
04/20/2000,TXK,AR,ASW,CE,Federal Contract Tower,0,17,21,1,39,0,1,42,1,44,0,18,63,2,83,80,4,84,167
04/21/2000,TXK,AR,ASW,CE,Federal Contract Tower,0,16,19,1,36,0,4,51,13,68,0,20,70,14,104,36,4,40,144
04/22/2000,TXK,AR,ASW,CE,Federal Contract Tower,0,11,14,0,25,0,4,65,0,69,0,15,79,0,94,54,0,54,148
04/23/2000,TXK,AR,ASW,CE,Federal Contract Tower,0,13,17,0,30,0,2,13,0,15,0,15,30,0,45,0,0,0,45
04/24/2000,TXK,AR,ASW,CE,Federal Contract Tower,0,18,23,0,41,0,6,43,0,49,0,24,66,0,90,14,0,14,104
04/25/2000,TXK,AR,ASW,CE,Federal Contract Tower,0,16,19,1,36,0,8,53,1,62,0,24,72,2,98,48,0,48,146
04/26/2000,TXK,AR,ASW,CE,Federal Contract Tower,0,18,23,0,41,0,0,57,0,57,0,18,80,0,98,120,0,120,218
04/27/2000,TXK,AR,ASW,CE,Federal Contract Tower,0,19,24,1,44,0,1,35,1,37,0,20,59,2,81,54,0,54,135
04/28/2000,TXK,AR,ASW,CE,Federal Contract Tower,0,16,19,1,36,0,1,53,5,59,0,17,72,6,95,0,0,0,95
04/29/2000,TXK,AR,ASW,CE,Federal Contract Tower,0,13,15,0,28,0,5,36,1,42,0,18,51,1,70,54,0,54,124
04/30/2000,TXK,AR,ASW,CE,Federal Contract Tower,0,13,15,0,28,0,2,27,0,29,0,15,42,0,57,0,0,0,57
05/01/2000,TXK,AR,ASW,CE,Federal Contract Tower,0,15,20,1,36,0,5,32,5,42,0,20,52,6,78,20,4,24,102
05/02/2000,TXK,AR,ASW,CE,Federal Contract Tower,0,13,18,0,31,0,8,16,0,24,0,21,34,0,55,14,0,14,69
05/03/2000,TXK,AR,ASW,CE,Federal Contract Tower,0,20,27,1,48,0,0,12,4,16,0,20,39,5,64,30,32,62,126
05/04/2000,TXK,AR,ASW,CE,Federal Contract Tower,0,12,17,0,29,0,7,8,0,15,0,19,25,0,44,58,0,58,102
05/05/2000,TXK,AR,ASW,CE,Federal Contract Tower,0,16,27,0,43,0,0,11,0,11,0,16,38,0,54,32,0,32,86
05/06/2000,TXK,AR,ASW,CE,Federal Contract Tower,0,11,14,0,25,0,4,19,7,30,0,15,33,7,55,38,2,40,95
05/07/2000,TXK,AR,ASW,CE,Federal Contract Tower,0,13,18,0,31,0,4,29,0,33,0,17,47,0,64,6,0,6,70
05/08/2000,TXK,AR,ASW,CE,Federal Contract Tower,0,24,29,3,56,0,0,26,2,28,0,24,55,5,84,58,0,58,142
05/09/2000,TXK,AR,ASW,CE,Federal Contract Tower,0,20,24,2,46,0,2,14,0,16,0,22,38,2,62,38,2,40,102
05/10/2000,TXK,AR,ASW,CE,Federal Contract Tower,0,24,30,3,57,0,0,44,1,45,0,24,74,4,102,12,0,12,114
05/11/2000,TXK,AR,ASW,CE,Federal Contract Tower,0,23,30,3,56,0,0,38,5,43,0,23,68,8,99,28,0,28,127
05/12/2000,TXK,AR,ASW,CE,Federal Contract Tower,0,16,28,2,46,0,0,32,0,32,0,16,60,2,78,2,0,2,80
05/13/2000,TXK,AR,ASW,CE,Federal Contract Tower,0,11,14,0,25,0,5,43,0,48,0,16,57,0,73,20,0,20,93
05/14/2000,TXK,AR,ASW,CE,Federal Contract Tower,0,15,19,2,36,0,4,37,0,41,0,19,56,2,77,20,4,24,101
05/15/2000,TXK,AR,ASW,CE,Federal Contract Tower,0,19,24,2,45,2,0,60,0,62,2,19,84,2,107,56,8,64,171
05/16/2000,TXK,AR,ASW,CE,Federal Contract Tower,0,22,34,3,59,0,0,41,3,44,0,22,75,6,103,56,16,72,175
05/17/2000,TXK,AR,ASW,CE,Federal Contract Tower,0,20,30,3,53,0,0,41,2,43,0,20,71,5,96,2,0,2,98
05/18/2000,TXK,AR,ASW,CE,Federal Contract Tower,0,18,29,3,50,0,0,45,7,52,0,18,74,10,102,28,0,28,130
05/19/2000,TXK,AR,ASW,CE,Federal Contract Tower,0,14,22,2,38,0,0,14,2,16,0,14,36,4,54,0,0,0,54
05/20/2000,TXK,AR,ASW,CE,Federal Contract Tower,0,13,17,0,30,0,2,13,0,15,0,15,30,0,45,44,0,44,89
05/21/2000,TXK,AR,ASW,CE,Federal Contract Tower,0,16,20,2,38,0,1,33,1,35,0,17,53,3,73,60,4,64,137
05/22/2000,TXK,AR,ASW,CE,Federal Contract Tower,0,19,28,1,48,0,0,33,7,40,0,19,61,8,88,80,0,80,168
05/23/2000,TXK,AR,ASW,CE,Federal Contract Tower,0,24,32,2,58,0,0,60,3,63,0,24,92,5,121,38,4,42,163
05/24/2000,TXK,AR,ASW,CE,Federal Contract Tower,0,21,25,1,47,0,1,51,5,57,0,22,76,6,104,80,0,80,184
05/25/2000,TXK,AR,ASW,CE,Federal Contract Tower,0,18,27,1,46,0,0,58,7,65,0,18,85,8,111,124,2,126,237
05/26/2000,TXK,AR,ASW,CE,Federal Contract Tower,0,17,22,0,39,0,0,21,0,21,0,17,43,0,60,2,0,2,62
05/27/2000,TXK,AR,ASW,CE,Federal Contract Tower,0,14,22,0,36,2,0,24,0,26,2,14,46,0,62,10,0,10,72
05/28/2000,TXK,AR,ASW,CE,Federal Contract Tower,0,12,14,0,26,0,4,45,0,49,0,16,59,0,75,30,0,30,105
05/29/2000,TXK,AR,ASW,CE,Federal Contract Tower,0,13,17,0,30,0,5,65,0,70,0,18,82,0,100,24,0,24,124
05/30/2000,TXK,AR,ASW,CE,Federal Contract Tower,0,16,21,1,38,2,5,46,2,55,2,21,67,3,93,44,6,50,143
05/31/2000,TXK,AR,ASW,CE,Federal Contract Tower,0,21,25,1,47,0,1,58,6,65,0,22,83,7,112,36,4,40,152
06/01/2000,TXK,AR,ASW,CE,Federal Contract Tower,0,22,25,1,48,0,0,84,7,91,0,22,109,8,139,80,0,80,219
06/02/2000,TXK,AR,ASW,CE,Federal Contract Tower,0,18,22,1,41,0,0,53,5,58,0,18,75,6,99,38,0,38,137
06/03/2000,TXK,AR,ASW,CE,Federal Contract Tower,0,15,14,0,29,0,2,20,0,22,0,17,34,0,51,40,0,40,91
06/04/2000,TXK,AR,ASW,CE,Federal Contract Tower,0,9,10,0,19,0,3,2,0,5,0,12,12,0,24,0,0,0,24
06/05/2000,TXK,AR,ASW,CE,Federal Contract Tower,0,21,23,2,46,0,0,36,0,36,0,21,59,2,82,54,0,54,136
06/06/2000,TXK,AR,ASW,CE,Federal Contract Tower,0,25,26,0,51,0,0,97,0,97,0,25,123,0,148,110,0,110,258
06/07/2000,TXK,AR,ASW,CE,Federal Contract Tower,0,20,20,2,42,0,1,81,2,84,0,21,101,4,126,40,0,40,166
06/08/2000,TXK,AR,ASW,CE,Federal Contract Tower,0,22,22,2,46,0,0,67,10,77,0,22,89,12,123,42,0,42,165
06/09/2000,TXK,AR,ASW,CE,Federal Contract Tower,0,18,20,2,40,0,0,30,2,32,0,18,50,4,72,46,0,46,118
06/10/2000,TXK,AR,ASW,CE,Federal Contract Tower,0,20,20,0,40,0,1,10,0,11,0,21,30,0,51,22,0,22,73
06/11/2000,TXK,AR,ASW,CE,Federal Contract Tower,0,12,12,0,24,0,3,7,0,10,0,15,19,0,34,0,0,0,34
06/12/2000,TXK,AR,ASW,CE,Federal Contract Tower,0,22,24,0,46,0,0,32,0,32,0,22,56,0,78,52,0,52,130
06/13/2000,TXK,AR,ASW,CE,Federal Contract Tower,0,24,24,2,50,0,2,62,0,64,0,26,86,2,114,108,0,108,222
06/14/2000,TXK,AR,ASW,CE,Federal Contract Tower,0,17,18,2,37,0,5,24,0,29,0,22,42,2,66,30,0,30,96
06/15/2000,TXK,AR,ASW,CE,Federal Contract Tower,0,23,26,2,51,0,0,25,8,33,0,23,51,10,84,50,0,50,134
06/16/2000,TXK,AR,ASW,CE,Federal Contract Tower,0,15,16,0,31,0,2,43,0,45,0,17,59,0,76,34,0,34,110
06/17/2000,TXK,AR,ASW,CE,Federal Contract Tower,0,12,13,0,25,0,5,12,0,17,0,17,25,0,42,0,0,0,42
06/18/2000,TXK,AR,ASW,CE,Federal Contract Tower,0,16,13,2,31,0,1,7,3,11,0,17,20,5,42,0,0,0,42
06/19/2000,TXK,AR,ASW,CE,Federal Contract Tower,0,24,22,2,48,0,1,20,0,21,0,25,42,2,69,12,0,12,81
06/20/2000,TXK,AR,ASW,CE,Federal Contract Tower,0,22,23,2,47,0,0,35,0,35,0,22,58,2,82,60,0,60,142
06/21/2000,TXK,AR,ASW,CE,Federal Contract Tower,0,19,20,0,39,0,0,13,0,13,0,19,33,0,52,22,0,22,74
06/22/2000,TXK,AR,ASW,CE,Federal Contract Tower,0,24,24,1,49,0,1,29,1,31,0,25,53,2,80,48,0,48,128
06/23/2000,TXK,AR,ASW,CE,Federal Contract Tower,0,18,18,1,37,0,3,39,5,47,0,21,57,6,84,22,0,22,106
06/24/2000,TXK,AR,ASW,CE,Federal Contract Tower,0,16,15,1,32,0,1,33,3,37,0,17,48,4,69,0,0,0,69
06/25/2000,TXK,AR,ASW,CE,Federal Contract Tower,0,14,14,0,28,0,3,47,0,50,0,17,61,0,78,0,0,0,78
06/26/2000,TXK,AR,ASW,CE,Federal Contract Tower,0,23,22,0,45,0,4,33,0,37,0,27,55,0,82,28,0,28,110
06/27/2000,TXK,AR,ASW,CE,Federal Contract Tower,0,22,25,0,47,0,0,33,0,33,0,22,58,0,80,96,0,96,176
06/28/2000,TXK,AR,ASW,CE,Federal Contract Tower,0,22,23,1,46,0,0,6,5,11,0,22,29,6,57,26,0,26,83
06/29/2000,TXK,AR,ASW,CE,Federal Contract Tower,0,25,26,1,52,2,0,32,4,38,2,25,58,5,90,52,0,52,142
06/30/2000,TXK,AR,ASW,CE,Federal Contract Tower,0,17,20,1,38,0,0,27,2,29,0,17,47,3,67,28,0,28,95
07/01/2000,TXK,AR,ASW,CE,Federal Contract Tower,0,15,14,0,29,0,4,18,0,22,0,19,32,0,51,8,0,8,59
07/02/2000,TXK,AR,ASW,CE,Federal Contract Tower,1,10,10,0,21,1,5,31,0,37,2,15,41,0,58,38,0,38,96
07/03/2000,TXK,AR,ASW,CE,Federal Contract Tower,0,13,11,0,24,0,6,32,0,38,0,19,43,0,62,42,0,42,104
07/04/2000,TXK,AR,ASW,CE,Federal Contract Tower,0,10,10,0,20,0,5,33,0,38,0,15,43,0,58,22,0,22,80
07/05/2000,TXK,AR,ASW,CE,Federal Contract Tower,0,22,20,2,44,0,1,56,0,57,0,23,76,2,101,84,0,84,185
07/06/2000,TXK,AR,ASW,CE,Federal Contract Tower,0,22,23,4,49,0,0,64,0,64,0,22,87,4,113,38,2,40,153
07/07/2000,TXK,AR,ASW,CE,Federal Contract Tower,0,14,21,3,38,0,0,51,0,51,0,14,72,3,89,42,0,42,131
07/08/2000,TXK,AR,ASW,CE,Federal Contract Tower,0,14,12,3,29,0,1,69,1,71,0,15,81,4,100,74,8,82,182
07/09/2000,TXK,AR,ASW,CE,Federal Contract Tower,0,16,14,2,32,0,1,35,0,36,0,17,49,2,68,6,0,6,74
07/10/2000,TXK,AR,ASW,CE,Federal Contract Tower,0,18,17,2,37,0,1,49,0,50,0,19,66,2,87,28,0,28,115
07/11/2000,TXK,AR,ASW,CE,Federal Contract Tower,0,18,17,4,39,0,4,47,2,53,0,22,64,6,92,54,0,54,146
07/12/2000,TXK,AR,ASW,CE,Federal Contract Tower,0,19,18,2,39,0,4,61,0,65,0,23,79,2,104,12,0,12,116
07/13/2000,TXK,AR,ASW,CE,Federal Contract Tower,0,17,16,2,35,0,6,75,0,81,0,23,91,2,116,60,0,60,176
07/14/2000,TXK,AR,ASW,CE,Federal Contract Tower,0,17,18,4,39,0,0,58,1,59,0,17,76,5,98,6,14,20,118
07/15/2000,TXK,AR,ASW,CE,Federal Contract Tower,0,14,10,3,27,0,1,51,0,52,0,15,61,3,79,22,20,42,121
07/16/2000,TXK,AR,ASW,CE,Federal Contract Tower,0,15,11,2,28,0,3,41,0,44,0,18,52,2,72,6,0,6,78
07/17/2000,TXK,AR,ASW,CE,Federal Contract Tower,0,21,19,2,42,0,2,37,0,39,0,23,56,2,81,44,12,56,137
07/18/2000,TXK,AR,ASW,CE,Federal Contract Tower,0,20,17,0,37,0,2,49,0,51,0,22,66,0,88,46,6,52,140
07/19/2000,TXK,AR,ASW,CE,Federal Contract Tower,0,22,21,1,44,0,0,62,0,62,0,22,83,1,106,30,0,30,136
07/20/2000,TXK,AR,ASW,CE,Federal Contract Tower,0,20,18,2,40,0,6,47,0,53,0,26,65,2,93,46,16,62,155
07/21/2000,TXK,AR,ASW,CE,Federal Contract Tower,0,18,17,0,35,0,0,55,0,55,0,18,72,0,90,36,0,36,126
07/22/2000,TXK,AR,ASW,CE,Federal Contract Tower,0,16,15,2,33,0,0,15,9,24,0,16,30,11,57,56,26,82,139
07/23/2000,TXK,AR,ASW,CE,Federal Contract Tower,0,16,14,2,32,0,1,63,0,64,0,17,77,2,96,76,0,76,172
07/24/2000,TXK,AR,ASW,CE,Federal Contract Tower,0,23,20,3,46,0,4,49,2,55,0,27,69,5,101,36,0,36,137
07/25/2000,TXK,AR,ASW,CE,Federal Contract Tower,0,25,23,0,48,0,3,60,0,63,0,28,83,0,111,68,0,68,179
07/26/2000,TXK,AR,ASW,CE,Federal Contract Tower,0,24,23,2,49,0,0,65,0,65,0,24,88,2,114,40,2,42,156
07/27/2000,TXK,AR,ASW,CE,Federal Contract Tower,0,23,21,2,46,0,2,55,0,57,0,25,76,2,103,74,0,74,177
07/28/2000,TXK,AR,ASW,CE,Federal Contract Tower,0,18,18,3,39,0,0,63,3,66,0,18,81,6,105,72,14,86,191
07/29/2000,TXK,AR,ASW,CE,Federal Contract Tower,0,14,11,2,27,0,5,42,0,47,0,19,53,2,74,38,0,38,112
07/30/2000,TXK,AR,ASW,CE,Federal Contract Tower,0,18,21,3,42,0,0,42,2,44,0,18,63,5,86,0,16,16,102
07/31/2000,TXK,AR,ASW,CE,Federal Contract Tower,0,19,17,3,39,0,3,12,7,22,0,22,29,10,61,2,22,24,85
08/01/2000,TXK,AR,ASW,CE,Federal Contract Tower,0,22,23,2,47,0,0,58,0,58,0,22,81,2,105,44,6,50,155
08/02/2000,TXK,AR,ASW,CE,Federal Contract Tower,0,14,14,0,28,0,8,25,0,33,0,22,39,0,61,24,0,24,85
08/03/2000,TXK,AR,ASW,CE,Federal Contract Tower,0,19,18,4,41,0,4,35,0,39,0,23,53,4,80,70,10,80,160
08/04/2000,TXK,AR,ASW,CE,Federal Contract Tower,0,15,15,0,30,0,0,57,0,57,0,15,72,0,87,46,0,46,133
08/05/2000,TXK,AR,ASW,CE,Federal Contract Tower,0,12,12,0,24,0,7,68,0,75,0,19,80,0,99,36,0,36,135
08/06/2000,TXK,AR,ASW,CE,Federal Contract Tower,0,15,14,3,32,0,2,28,5,35,0,17,42,8,67,8,20,28,95
08/07/2000,TXK,AR,ASW,CE,Federal Contract Tower,0,18,18,4,40,0,3,24,2,29,0,21,42,6,69,16,14,30,99
08/08/2000,TXK,AR,ASW,CE,Federal Contract Tower,0,23,28,5,56,0,0,41,4,45,0,23,69,9,101,50,40,90,191
08/09/2000,TXK,AR,ASW,CE,Federal Contract Tower,0,23,27,5,55,0,0,46,9,55,0,23,73,14,110,50,42,92,202
08/10/2000,TXK,AR,ASW,CE,Federal Contract Tower,0,22,22,2,46,0,0,46,0,46,0,22,68,2,92,34,4,38,130
08/11/2000,TXK,AR,ASW,CE,Federal Contract Tower,0,16,20,4,40,0,0,40,4,44,0,16,60,8,84,68,26,94,178
08/12/2000,TXK,AR,ASW,CE,Federal Contract Tower,0,16,15,2,33,0,1,51,0,52,0,17,66,2,85,14,4,18,103
08/13/2000,TXK,AR,ASW,CE,Federal Contract Tower,0,15,15,0,30,0,0,34,0,34,0,15,49,0,64,12,0,12,76
08/14/2000,TXK,AR,ASW,CE,Federal Contract Tower,0,20,19,2,41,0,2,26,0,28,0,22,45,2,69,6,2,8,77
08/15/2000,TXK,AR,ASW,CE,Federal Contract Tower,0,20,24,2,46,0,0,35,0,35,0,20,59,2,81,20,2,22,103
08/16/2000,TXK,AR,ASW,CE,Federal Contract Tower,0,22,24,4,50,0,0,57,1,58,0,22,81,5,108,96,8,104,212
08/17/2000,TXK,AR,ASW,CE,Federal Contract Tower,0,20,18,3,41,0,2,62,0,64,0,22,80,3,105,54,4,58,163
08/18/2000,TXK,AR,ASW,CE,Federal Contract Tower,0,21,19,3,43,0,0,38,2,40,0,21,57,5,83,66,12,78,161
08/19/2000,TXK,AR,ASW,CE,Federal Contract Tower,0,14,12,1,27,0,2,48,0,50,0,16,60,1,77,30,6,36,113
08/20/2000,TXK,AR,ASW,CE,Federal Contract Tower,0,15,14,2,31,0,4,31,0,35,0,19,45,2,66,0,0,0,66
08/21/2000,TXK,AR,ASW,CE,Federal Contract Tower,0,20,19,2,41,0,2,27,0,29,0,22,46,2,70,28,4,32,102
08/22/2000,TXK,AR,ASW,CE,Federal Contract Tower,0,24,23,3,50,0,1,51,3,55,0,25,74,6,105,30,4,34,139
08/23/2000,TXK,AR,ASW,CE,Federal Contract Tower,0,21,24,4,49,0,0,40,0,40,0,21,64,4,89,48,8,56,145
08/24/2000,TXK,AR,ASW,CE,Federal Contract Tower,0,23,24,3,50,0,0,44,5,49,0,23,68,8,99,10,10,20,119
08/25/2000,TXK,AR,ASW,CE,Federal Contract Tower,0,18,17,2,37,0,2,58,0,60,0,20,75,2,97,76,0,76,173
08/26/2000,TXK,AR,ASW,CE,Federal Contract Tower,0,15,14,0,29,0,3,53,0,56,0,18,67,0,85,46,0,46,131
08/27/2000,TXK,AR,ASW,CE,Federal Contract Tower,0,12,12,1,25,0,5,47,2,54,0,17,59,3,79,20,0,20,99
08/28/2000,TXK,AR,ASW,CE,Federal Contract Tower,0,20,18,0,38,0,2,29,0,31,0,22,47,0,69,28,0,28,97
08/29/2000,TXK,AR,ASW,CE,Federal Contract Tower,0,21,23,1,45,0,0,52,0,52,0,21,75,1,97,68,0,68,165
08/30/2000,TXK,AR,ASW,CE,Federal Contract Tower,0,22,20,2,44,0,1,58,0,59,0,23,78,2,103,66,6,72,175
08/31/2000,TXK,AR,ASW,CE,Federal Contract Tower,0,19,18,2,39,0,1,43,0,44,0,20,61,2,83,58,2,60,143
09/01/2000,TXK,AR,ASW,CE,Federal Contract Tower,1,17,22,3,43,1,2,42,0,45,2,19,64,3,88,32,4,36,124
09/02/2000,TXK,AR,ASW,CE,Federal Contract Tower,0,9,13,2,24,0,7,28,1,36,0,16,41,3,60,8,8,16,76
09/03/2000,TXK,AR,ASW,CE,Federal Contract Tower,0,12,15,2,29,0,3,33,5,41,0,15,48,7,70,8,48,56,126
09/04/2000,TXK,AR,ASW,CE,Federal Contract Tower,0,11,15,2,28,0,5,54,0,59,0,16,69,2,87,16,0,16,103
09/05/2000,TXK,AR,ASW,CE,Federal Contract Tower,0,21,26,4,51,0,1,25,4,30,0,22,51,8,81,12,22,34,115
09/06/2000,TXK,AR,ASW,CE,Federal Contract Tower,0,20,28,5,53,0,0,37,23,60,0,20,65,28,113,68,8,76,189
09/07/2000,TXK,AR,ASW,CE,Federal Contract Tower,0,20,30,5,55,0,0,17,14,31,0,20,47,19,86,6,30,36,122
09/08/2000,TXK,AR,ASW,CE,Federal Contract Tower,0,20,38,7,65,0,0,24,6,30,0,20,62,13,95,26,2,28,123
09/09/2000,TXK,AR,ASW,CE,Federal Contract Tower,0,18,20,0,38,0,0,22,0,22,0,18,42,0,60,22,0,22,82
09/10/2000,TXK,AR,ASW,CE,Federal Contract Tower,0,17,19,0,36,0,0,31,0,31,0,17,50,0,67,12,0,12,79
09/11/2000,TXK,AR,ASW,CE,Federal Contract Tower,0,21,23,5,49,0,0,18,6,24,0,21,41,11,73,0,28,28,101
09/12/2000,TXK,AR,ASW,CE,Federal Contract Tower,0,16,18,4,38,0,3,23,0,26,0,19,41,4,64,16,0,16,80
09/13/2000,TXK,AR,ASW,CE,Federal Contract Tower,0,21,24,3,48,0,0,42,0,42,0,21,66,3,90,32,0,32,122
09/14/2000,TXK,AR,ASW,CE,Federal Contract Tower,0,22,24,5,51,2,0,58,5,65,2,22,82,10,116,64,8,72,188
09/15/2000,TXK,AR,ASW,CE,Federal Contract Tower,0,13,14,3,30,0,3,136,1,140,0,16,150,4,170,26,0,26,196
09/16/2000,TXK,AR,ASW,CE,Federal Contract Tower,0,13,14,0,27,2,4,68,0,74,2,17,82,0,101,20,0,20,121
09/17/2000,TXK,AR,ASW,CE,Federal Contract Tower,0,14,16,0,30,2,1,56,0,59,2,15,72,0,89,18,0,18,107
09/18/2000,TXK,AR,ASW,CE,Federal Contract Tower,0,15,18,0,33,0,6,46,0,52,0,21,64,0,85,22,0,22,107
09/19/2000,TXK,AR,ASW,CE,Federal Contract Tower,0,19,22,0,41,0,3,46,0,49,0,22,68,0,90,44,0,44,134
09/20/2000,TXK,AR,ASW,CE,Federal Contract Tower,0,20,33,7,60,0,0,47,3,50,0,20,80,10,110,30,10,40,150
09/21/2000,TXK,AR,ASW,CE,Federal Contract Tower,0,21,25,6,52,0,0,42,9,51,0,21,67,15,103,76,24,100,203
09/22/2000,TXK,AR,ASW,CE,Federal Contract Tower,0,26,35,7,68,0,0,27,2,29,0,26,62,9,97,46,16,62,159
09/23/2000,TXK,AR,ASW,CE,Federal Contract Tower,0,18,20,0,38,0,0,60,0,60,0,18,80,0,98,12,0,12,110
09/24/2000,TXK,AR,ASW,CE,Federal Contract Tower,0,17,20,0,37,0,1,7,0,8,0,18,27,0,45,12,0,12,57
09/25/2000,TXK,AR,ASW,CE,Federal Contract Tower,0,20,25,4,49,0,0,7,5,12,0,20,32,9,61,0,0,0,61
09/26/2000,TXK,AR,ASW,CE,Federal Contract Tower,0,20,24,4,48,0,0,52,0,52,0,20,76,4,100,68,0,68,168
09/27/2000,TXK,AR,ASW,CE,Federal Contract Tower,0,21,29,3,53,0,0,79,0,79,0,21,108,3,132,126,2,128,260
09/28/2000,TXK,AR,ASW,CE,Federal Contract Tower,0,17,19,0,36,0,7,59,0,66,0,24,78,0,102,70,0,70,172
09/29/2000,TXK,AR,ASW,CE,Federal Contract Tower,0,17,20,3,40,0,0,92,0,92,0,17,112,3,132,66,0,66,198
09/30/2000,TXK,AR,ASW,CE,Federal Contract Tower,0,12,15,0,27,0,4,45,0,49,0,16,60,0,76,56,0,56,132
10/01/2000,TXK,AR,ASW,CE,Federal Contract Tower,0,15,17,0,32,0,0,57,0,57,0,15,74,0,89,2,0,2,91
10/02/2000,TXK,AR,ASW,CE,Federal Contract Tower,0,15,16,2,33,0,8,31,3,42,0,23,47,5,75,12,0,12,87
10/03/2000,TXK,AR,ASW,CE,Federal Contract Tower,0,20,22,4,46,1,4,32,0,37,1,24,54,4,83,10,4,14,97
10/04/2000,TXK,AR,ASW,CE,Federal Contract Tower,0,16,18,0,34,0,9,48,0,57,0,25,66,0,91,42,0,42,133
10/05/2000,TXK,AR,ASW,CE,Federal Contract Tower,0,23,25,0,48,0,3,67,0,70,0,26,92,0,118,90,0,90,208
10/06/2000,TXK,AR,ASW,CE,Federal Contract Tower,0,20,21,2,43,0,1,32,0,33,0,21,53,2,76,14,10,24,100
10/07/2000,TXK,AR,ASW,CE,Federal Contract Tower,0,15,16,3,34,0,4,41,2,47,0,19,57,5,81,218,10,228,309
10/08/2000,TXK,AR,ASW,CE,Federal Contract Tower,0,10,11,2,23,0,6,60,0,66,0,16,71,2,89,10,2,12,101
10/09/2000,TXK,AR,ASW,CE,Federal Contract Tower,0,15,17,3,35,0,4,52,0,56,0,19,69,3,91,6,0,6,97
10/10/2000,TXK,AR,ASW,CE,Federal Contract Tower,0,20,22,4,46,0,5,44,1,50,0,25,66,5,96,50,10,60,156
10/11/2000,TXK,AR,ASW,CE,Federal Contract Tower,0,22,24,4,50,0,0,71,1,72,0,22,95,5,122,100,10,110,232
10/12/2000,TXK,AR,ASW,CE,Federal Contract Tower,0,20,30,5,55,0,0,63,3,66,0,20,93,8,121,28,22,50,171
10/13/2000,TXK,AR,ASW,CE,Federal Contract Tower,0,20,21,3,44,0,0,58,2,60,0,20,79,5,104,56,34,90,194
10/14/2000,TXK,AR,ASW,CE,Federal Contract Tower,0,14,15,0,29,0,6,38,0,44,0,20,53,0,73,26,0,26,99
10/15/2000,TXK,AR,ASW,CE,Federal Contract Tower,0,20,22,0,42,0,3,40,0,43,0,23,62,0,85,6,0,6,91
10/16/2000,TXK,AR,ASW,CE,Federal Contract Tower,0,21,23,2,46,0,6,23,0,29,0,27,46,2,75,28,0,28,103
10/17/2000,TXK,AR,ASW,CE,Federal Contract Tower,0,23,28,3,54,0,0,51,8,59,0,23,79,11,113,70,38,108,221
10/18/2000,TXK,AR,ASW,CE,Federal Contract Tower,0,21,22,0,43,0,1,61,0,62,0,22,83,0,105,116,0,116,221
10/19/2000,TXK,AR,ASW,CE,Federal Contract Tower,0,18,24,0,42,0,0,64,0,64,0,18,88,0,106,48,0,48,154
10/20/2000,TXK,AR,ASW,CE,Federal Contract Tower,0,18,42,5,65,0,0,64,16,80,0,18,106,21,145,84,10,94,239
10/21/2000,TXK,AR,ASW,CE,Federal Contract Tower,0,14,17,0,31,0,0,28,0,28,0,14,45,0,59,34,0,34,93
10/22/2000,TXK,AR,ASW,CE,Federal Contract Tower,0,14,22,2,38,0,0,31,8,39,0,14,53,10,77,30,0,30,107
10/23/2000,TXK,AR,ASW,CE,Federal Contract Tower,0,20,27,0,47,0,0,48,0,48,0,20,75,0,95,26,0,26,121
10/24/2000,TXK,AR,ASW,CE,Federal Contract Tower,0,15,18,0,33,0,12,52,0,64,0,27,70,0,97,92,0,92,189
10/25/2000,TXK,AR,ASW,CE,Federal Contract Tower,0,22,24,2,48,0,1,48,0,49,0,23,72,2,97,58,0,58,155
10/26/2000,TXK,AR,ASW,CE,Federal Contract Tower,0,20,21,2,43,0,5,29,2,36,0,25,50,4,79,80,0,80,159
10/27/2000,TXK,AR,ASW,CE,Federal Contract Tower,0,19,28,3,50,0,0,54,1,55,0,19,82,4,105,84,18,102,207
10/28/2000,TXK,AR,ASW,CE,Federal Contract Tower,0,13,16,0,29,0,2,43,0,45,0,15,59,0,74,84,0,84,158
10/29/2000,TXK,AR,ASW,CE,Federal Contract Tower,0,12,13,1,26,0,5,6,1,12,0,17,19,2,38,2,0,2,40
10/30/2000,TXK,AR,ASW,CE,Federal Contract Tower,0,22,27,0,49,0,0,24,0,24,0,22,51,0,73,0,0,0,73
10/31/2000,TXK,AR,ASW,CE,Federal Contract Tower,0,22,24,2,48,0,0,24,0,24,0,22,48,2,72,18,0,18,90
11/01/2000,TXK,AR,ASW,CE,Federal Contract Tower,0,15,17,0,32,0,0,14,0,14,0,15,31,0,46,18,0,18,64
11/02/2000,TXK,AR,ASW,CE,Federal Contract Tower,0,20,25,0,45,0,0,17,0,17,0,20,42,0,62,36,0,36,98
11/03/2000,TXK,AR,ASW,CE,Federal Contract Tower,0,16,15,2,33,0,0,0,0,0,0,16,15,2,33,0,0,0,33
11/04/2000,TXK,AR,ASW,CE,Federal Contract Tower,0,13,12,0,25,0,3,0,0,3,0,16,12,0,28,0,0,0,28
11/05/2000,TXK,AR,ASW,CE,Federal Contract Tower,0,10,15,2,27,0,0,4,3,7,0,10,19,5,34,8,4,12,46
11/06/2000,TXK,AR,ASW,CE,Federal Contract Tower,0,21,26,4,51,0,0,24,1,25,0,21,50,5,76,14,0,14,90
11/07/2000,TXK,AR,ASW,CE,Federal Contract Tower,0,19,20,3,42,0,4,23,2,29,0,23,43,5,71,26,6,32,103
11/08/2000,TXK,AR,ASW,CE,Federal Contract Tower,0,16,16,2,34,0,3,0,0,3,0,19,16,2,37,0,0,0,37
11/09/2000,TXK,AR,ASW,CE,Federal Contract Tower,0,20,24,3,47,0,0,12,2,14,0,20,36,5,61,22,12,34,95
11/10/2000,TXK,AR,ASW,CE,Federal Contract Tower,0,16,25,1,42,0,0,46,0,46,0,16,71,1,88,50,0,50,138
11/11/2000,TXK,AR,ASW,CE,Federal Contract Tower,0,16,18,0,34,0,0,12,0,12,0,16,30,0,46,38,0,38,84
11/12/2000,TXK,AR,ASW,CE,Federal Contract Tower,0,13,13,0,26,0,2,5,0,7,0,15,18,0,33,0,0,0,33
11/13/2000,TXK,AR,ASW,CE,Federal Contract Tower,0,19,24,3,46,0,0,40,7,47,0,19,64,10,93,31,6,37,130
11/14/2000,TXK,AR,ASW,CE,Federal Contract Tower,0,19,19,3,41,0,4,53,49,106,0,23,72,52,147,27,0,27,174
11/15/2000,TXK,AR,ASW,CE,Federal Contract Tower,0,21,21,3,45,0,2,50,8,60,0,23,71,11,105,70,0,70,175
11/16/2000,TXK,AR,ASW,CE,Federal Contract Tower,0,18,19,2,39,0,4,5,4,13,0,22,24,6,52,0,0,0,52
11/17/2000,TXK,AR,ASW,CE,Federal Contract Tower,0,22,25,2,49,0,0,71,7,78,0,22,96,9,127,68,0,68,195
11/18/2000,TXK,AR,ASW,CE,Federal Contract Tower,0,11,12,1,24,0,4,18,1,23,0,15,30,2,47,38,0,38,85
11/19/2000,TXK,AR,ASW,CE,Federal Contract Tower,0,14,15,1,30,0,3,46,3,52,0,17,61,4,82,14,0,14,96
11/20/2000,TXK,AR,ASW,CE,Federal Contract Tower,0,19,20,2,41,0,1,32,2,35,0,20,52,4,76,2,0,2,78
11/21/2000,TXK,AR,ASW,CE,Federal Contract Tower,0,17,26,2,45,0,0,74,2,76,0,17,100,4,121,68,0,68,189
11/22/2000,TXK,AR,ASW,CE,Federal Contract Tower,0,20,23,2,45,0,0,74,1,75,0,20,97,3,120,68,10,78,198
11/23/2000,TXK,AR,ASW,CE,Federal Contract Tower,0,11,11,0,22,0,5,0,0,5,0,16,11,0,27,14,0,14,41
11/24/2000,TXK,AR,ASW,CE,Federal Contract Tower,0,10,11,0,21,0,5,1,0,6,0,15,12,0,27,0,0,0,27
11/25/2000,TXK,AR,ASW,CE,Federal Contract Tower,0,13,14,1,28,0,3,62,1,66,0,16,76,2,94,94,0,94,188
11/26/2000,TXK,AR,ASW,CE,Federal Contract Tower,0,15,16,0,31,0,1,54,0,55,0,16,70,0,86,22,0,22,108
11/27/2000,TXK,AR,ASW,CE,Federal Contract Tower,0,17,19,2,38,0,0,43,1,44,0,17,62,3,82,10,0,10,92
11/28/2000,TXK,AR,ASW,CE,Federal Contract Tower,0,23,27,2,52,0,0,16,0,16,0,23,43,2,68,12,0,12,80
11/29/2000,TXK,AR,ASW,CE,Federal Contract Tower,0,26,28,3,57,0,1,44,5,50,0,27,72,8,107,78,8,86,193
11/30/2000,TXK,AR,ASW,CE,Federal Contract Tower,0,21,23,2,46,0,5,25,4,34,0,26,48,6,80,18,10,28,108
12/01/2000,TXK,AR,ASW,CE,Federal Contract Tower,0,18,23,2,43,0,0,25,5,30,0,18,48,7,73,6,8,14,87
12/02/2000,TXK,AR,ASW,CE,Federal Contract Tower,0,16,16,2,34,0,1,19,3,23,0,17,35,5,57,54,20,74,131
12/03/2000,TXK,AR,ASW,CE,Federal Contract Tower,0,14,15,2,31,0,3,49,2,54,0,17,64,4,85,38,0,38,123
12/04/2000,TXK,AR,ASW,CE,Federal Contract Tower,0,20,20,2,42,0,0,29,4,33,0,20,49,6,75,26,6,32,107
12/05/2000,TXK,AR,ASW,CE,Federal Contract Tower,0,14,21,2,37,0,0,61,0,61,0,14,82,2,98,60,0,60,158
12/06/2000,TXK,AR,ASW,CE,Federal Contract Tower,0,20,20,0,40,0,4,5,0,9,0,24,25,0,49,0,0,0,49
12/07/2000,TXK,AR,ASW,CE,Federal Contract Tower,0,21,27,3,51,0,0,40,1,41,0,21,67,4,92,38,6,44,136
12/08/2000,TXK,AR,ASW,CE,Federal Contract Tower,0,12,13,0,25,0,4,28,0,32,0,16,41,0,57,46,0,46,103
12/09/2000,TXK,AR,ASW,CE,Federal Contract Tower,0,16,16,2,34,0,1,49,2,52,0,17,65,4,86,192,2,194,280
12/10/2000,TXK,AR,ASW,CE,Federal Contract Tower,0,17,21,2,40,0,0,13,2,15,0,17,34,4,55,32,2,34,89
12/11/2000,TXK,AR,ASW,CE,Federal Contract Tower,0,20,21,2,43,0,0,18,4,22,0,20,39,6,65,24,0,24,89
12/12/2000,TXK,AR,ASW,CE,Federal Contract Tower,0,21,23,2,46,0,0,18,0,18,0,21,41,2,64,32,10,42,106
12/13/2000,TXK,AR,ASW,CE,Federal Contract Tower,0,5,3,0,8,0,2,0,0,2,0,7,3,0,10,0,0,0,10
12/14/2000,TXK,AR,ASW,CE,Federal Contract Tower,0,21,30,0,51,0,0,11,0,11,0,21,41,0,62,2,0,2,64
12/15/2000,TXK,AR,ASW,CE,Federal Contract Tower,0,15,16,0,31,0,1,0,0,1,0,16,16,0,32,0,0,0,32
12/16/2000,TXK,AR,ASW,CE,Federal Contract Tower,0,16,17,1,34,0,0,3,4,7,0,16,20,5,41,6,4,10,51
12/17/2000,TXK,AR,ASW,CE,Federal Contract Tower,0,14,16,1,31,0,1,36,9,46,0,15,52,10,77,0,0,0,77
12/18/2000,TXK,AR,ASW,CE,Federal Contract Tower,0,18,20,0,38,0,4,22,0,26,0,22,42,0,64,0,0,0,64
12/19/2000,TXK,AR,ASW,CE,Federal Contract Tower,0,19,20,1,40,0,3,54,12,69,0,22,74,13,109,88,0,88,197
12/20/2000,TXK,AR,ASW,CE,Federal Contract Tower,0,18,23,0,41,0,0,50,0,50,0,18,73,0,91,42,0,42,133
12/21/2000,TXK,AR,ASW,CE,Federal Contract Tower,0,19,21,1,41,0,0,44,2,46,0,19,65,3,87,40,0,40,127
12/22/2000,TXK,AR,ASW,CE,Federal Contract Tower,0,16,17,0,33,0,2,49,0,51,0,18,66,0,84,44,0,44,128
12/23/2000,TXK,AR,ASW,CE,Federal Contract Tower,0,15,17,0,32,0,1,25,0,26,0,16,42,0,58,10,0,10,68
12/24/2000,TXK,AR,ASW,CE,Federal Contract Tower,0,11,12,0,23,0,5,19,0,24,0,16,31,0,47,12,0,12,59
12/25/2000,TXK,AR,ASW,CE,Federal Contract Tower,0,0,2,0,2,0,0,0,0,0,0,0,2,0,2,0,0,0,2
12/26/2000,TXK,AR,ASW,CE,Federal Contract Tower,0,0,2,0,2,0,0,1,0,1,0,0,3,0,3,0,0,0,3
12/27/2000,TXK,AR,ASW,CE,Federal Contract Tower,0,1,0,0,1,0,2,0,0,2,0,3,0,0,3,0,0,0,3
12/28/2000,TXK,AR,ASW,CE,Federal Contract Tower,0,2,3,0,5,0,0,1,2,3,0,2,4,2,8,0,2,2,10
12/29/2000,TXK,AR,ASW,CE,Federal Contract Tower,0,10,11,0,21,0,1,32,4,37,0,11,43,4,58,22,2,24,82
12/30/2000,TXK,AR,ASW,CE,Federal Contract Tower,0,6,7,0,13,0,2,19,0,21,0,8,26,0,34,24,0,24,58
12/31/2000,TXK,AR,ASW,CE,Federal Contract Tower,0,5,6,0,11,0,1,7,0,8,0,6,13,0,19,0,0,0,19
01/01/2001,TXK,AR,ASW,CE,Federal Contract Tower,0,7,7,0,14,0,0,13,0,13,0,7,20,0,27,0,0,0,27
01/02/2001,TXK,AR,ASW,CE,Federal Contract Tower,0,17,17,0,34,0,5,12,0,17,0,22,29,0,51,8,0,8,59
01/03/2001,TXK,AR,ASW,CE,Federal Contract Tower,0,19,18,2,39,0,0,57,2,59,0,19,75,4,98,56,2,58,156
01/04/2001,TXK,AR,ASW,CE,Federal Contract Tower,0,16,16,0,32,0,6,35,0,41,0,22,51,0,73,40,0,40,113
01/05/2001,TXK,AR,ASW,CE,Federal Contract Tower,0,18,18,2,38,0,2,56,2,60,0,20,74,4,98,66,4,70,168
01/06/2001,TXK,AR,ASW,CE,Federal Contract Tower,0,11,11,2,24,0,4,51,0,55,0,15,62,2,79,38,0,38,117
01/07/2001,TXK,AR,ASW,CE,Federal Contract Tower,0,15,15,2,32,0,2,20,3,25,0,17,35,5,57,2,6,8,65
01/08/2001,TXK,AR,ASW,CE,Federal Contract Tower,0,19,19,2,40,0,2,42,4,48,0,21,61,6,88,10,2,12,100
01/09/2001,TXK,AR,ASW,CE,Federal Contract Tower,0,18,15,0,33,0,3,60,0,63,0,21,75,0,96,60,0,60,156
01/10/2001,TXK,AR,ASW,CE,Federal Contract Tower,0,21,19,0,40,0,1,19,0,20,0,22,38,0,60,22,0,22,82
01/11/2001,TXK,AR,ASW,CE,Federal Contract Tower,0,17,11,2,30,0,5,0,0,5,0,22,11,2,35,0,0,0,35
01/12/2001,TXK,AR,ASW,CE,Federal Contract Tower,0,19,27,0,46,0,0,15,0,15,0,19,42,0,61,50,0,50,111
01/13/2001,TXK,AR,ASW,CE,Federal Contract Tower,0,17,15,0,32,0,0,2,0,2,0,17,17,0,34,0,0,0,34
01/14/2001,TXK,AR,ASW,CE,Federal Contract Tower,0,17,15,2,34,0,0,49,3,52,0,17,64,5,86,10,0,10,96
01/15/2001,TXK,AR,ASW,CE,Federal Contract Tower,0,20,22,2,44,0,0,74,0,74,0,20,96,2,118,46,0,46,164
01/16/2001,TXK,AR,ASW,CE,Federal Contract Tower,0,23,23,3,49,0,0,19,7,26,0,23,42,10,75,10,0,10,85
01/17/2001,TXK,AR,ASW,CE,Federal Contract Tower,0,17,18,0,35,0,0,5,0,5,0,17,23,0,40,0,0,0,40
01/18/2001,TXK,AR,ASW,CE,Federal Contract Tower,0,19,19,0,38,0,0,3,0,3,0,19,22,0,41,0,0,0,41
01/19/2001,TXK,AR,ASW,CE,Federal Contract Tower,0,14,17,1,32,0,0,26,7,33,0,14,43,8,65,55,0,55,120
01/20/2001,TXK,AR,ASW,CE,Federal Contract Tower,0,14,12,1,27,0,3,58,2,63,0,17,70,3,90,86,0,86,176
01/21/2001,TXK,AR,ASW,CE,Federal Contract Tower,0,17,16,1,34,0,0,32,1,33,0,17,48,2,67,72,0,72,139
01/22/2001,TXK,AR,ASW,CE,Federal Contract Tower,0,21,20,1,42,0,2,29,3,34,0,23,49,4,76,4,6,10,86
01/23/2001,TXK,AR,ASW,CE,Federal Contract Tower,0,20,19,0,39,0,0,39,0,39,0,20,58,0,78,52,0,52,130
01/24/2001,TXK,AR,ASW,CE,Federal Contract Tower,0,24,24,0,48,0,0,38,0,38,0,24,62,0,86,38,0,38,124
01/25/2001,TXK,AR,ASW,CE,Federal Contract Tower,0,26,28,0,54,0,0,38,0,38,0,26,66,0,92,26,0,26,118
01/26/2001,TXK,AR,ASW,CE,Federal Contract Tower,0,19,18,1,38,0,2,30,1,33,0,21,48,2,71,14,24,38,109
01/27/2001,TXK,AR,ASW,CE,Federal Contract Tower,0,13,11,0,24,0,2,34,0,36,0,15,45,0,60,38,0,38,98
01/28/2001,TXK,AR,ASW,CE,Federal Contract Tower,0,11,10,0,21,0,4,6,0,10,0,15,16,0,31,8,0,8,39
01/29/2001,TXK,AR,ASW,CE,Federal Contract Tower,0,20,21,2,43,0,0,14,5,19,0,20,35,7,62,18,38,56,118
01/30/2001,TXK,AR,ASW,CE,Federal Contract Tower,0,23,21,2,46,0,2,27,3,32,0,25,48,5,78,14,2,16,94
01/31/2001,TXK,AR,ASW,CE,Federal Contract Tower,0,24,21,2,47,0,0,51,0,51,0,24,72,2,98,80,0,80,178
02/01/2001,TXK,AR,ASW,CE,Federal Contract Tower,0,16,16,0,32,0,7,45,2,54,0,23,61,2,86,148,6,154,240
02/02/2001,TXK,AR,ASW,CE,Federal Contract Tower,0,22,21,0,43,0,4,44,0,48,0,26,65,0,91,56,0,56,147
02/03/2001,TXK,AR,ASW,CE,Federal Contract Tower,0,15,16,0,31,0,2,71,0,73,0,17,87,0,104,102,0,102,206
02/04/2001,TXK,AR,ASW,CE,Federal Contract Tower,0,16,16,0,32,0,1,30,0,31,0,17,46,0,63,34,0,34,97
02/05/2001,TXK,AR,ASW,CE,Federal Contract Tower,0,20,20,2,42,2,3,40,2,47,2,23,60,4,89,46,2,48,137
02/06/2001,TXK,AR,ASW,CE,Federal Contract Tower,0,22,28,2,52,0,0,46,4,50,0,22,74,6,102,28,44,72,174
02/07/2001,TXK,AR,ASW,CE,Federal Contract Tower,0,24,31,2,57,0,0,19,2,21,0,24,50,4,78,44,0,44,122
02/08/2001,TXK,AR,ASW,CE,Federal Contract Tower,0,26,33,2,61,2,0,17,2,21,2,26,50,4,82,74,0,74,156
02/09/2001,TXK,AR,ASW,CE,Federal Contract Tower,0,16,17,1,34,0,4,9,1,14,0,20,26,2,48,0,8,8,56
02/10/2001,TXK,AR,ASW,CE,Federal Contract Tower,0,18,17,0,35,0,1,63,0,64,0,19,80,0,99,94,0,94,193
02/11/2001,TXK,AR,ASW,CE,Federal Contract Tower,0,15,16,0,31,0,0,3,0,3,0,15,19,0,34,4,0,4,38
02/12/2001,TXK,AR,ASW,CE,Federal Contract Tower,0,20,19,0,39,0,1,1,0,2,0,21,20,0,41,0,0,0,41
02/13/2001,TXK,AR,ASW,CE,Federal Contract Tower,0,12,8,0,20,0,4,0,0,4,0,16,8,0,24,0,0,0,24
02/14/2001,TXK,AR,ASW,CE,Federal Contract Tower,0,21,23,0,44,0,0,9,0,9,0,21,32,0,53,0,0,0,53
02/15/2001,TXK,AR,ASW,CE,Federal Contract Tower,0,16,15,0,31,0,8,0,0,8,0,24,15,0,39,0,0,0,39
02/16/2001,TXK,AR,ASW,CE,Federal Contract Tower,0,13,12,0,25,0,5,5,0,10,0,18,17,0,35,0,0,0,35
02/17/2001,TXK,AR,ASW,CE,Federal Contract Tower,0,18,19,0,37,0,0,77,0,77,0,18,96,0,114,226,0,226,340
02/18/2001,TXK,AR,ASW,CE,Federal Contract Tower,0,16,14,0,30,0,2,53,0,55,0,18,67,0,85,92,0,92,177
02/19/2001,TXK,AR,ASW,CE,Federal Contract Tower,0,14,13,0,27,0,6,44,0,50,0,20,57,0,77,48,0,48,125
02/20/2001,TXK,AR,ASW,CE,Federal Contract Tower,0,26,26,2,54,0,0,18,2,20,0,26,44,4,74,30,12,42,116
02/21/2001,TXK,AR,ASW,CE,Federal Contract Tower,0,26,31,0,57,0,0,8,0,8,0,26,39,0,65,0,0,0,65
02/22/2001,TXK,AR,ASW,CE,Federal Contract Tower,0,23,26,1,50,0,0,14,1,15,0,23,40,2,65,30,0,30,95
02/23/2001,TXK,AR,ASW,CE,Federal Contract Tower,0,18,22,0,40,0,0,21,0,21,0,18,43,0,61,0,0,0,61
02/24/2001,TXK,AR,ASW,CE,Federal Contract Tower,0,10,3,0,13,0,9,0,0,9,0,19,3,0,22,0,0,0,22
02/25/2001,TXK,AR,ASW,CE,Federal Contract Tower,0,16,15,0,31,0,1,65,3,69,0,17,80,3,100,88,10,98,198
02/26/2001,TXK,AR,ASW,CE,Federal Contract Tower,0,24,25,1,50,0,0,41,3,44,0,24,66,4,94,26,6,32,126
02/27/2001,TXK,AR,ASW,CE,Federal Contract Tower,0,14,13,0,27,0,0,0,0,0,0,14,13,0,27,2,0,2,29
02/28/2001,TXK,AR,ASW,CE,Federal Contract Tower,0,17,20,0,37,0,0,6,0,6,0,17,26,0,43,0,0,0,43
03/01/2001,TXK,AR,ASW,CE,Federal Contract Tower,0,20,18,1,39,0,2,0,1,3,0,22,18,2,42,0,2,2,44
03/02/2001,TXK,AR,ASW,CE,Federal Contract Tower,0,22,25,0,47,0,0,5,0,5,0,22,30,0,52,2,0,2,54
03/03/2001,TXK,AR,ASW,CE,Federal Contract Tower,0,14,14,0,28,0,1,1,0,2,0,15,15,0,30,0,0,0,30
03/04/2001,TXK,AR,ASW,CE,Federal Contract Tower,0,14,13,2,29,0,2,50,4,56,0,16,63,6,85,6,4,10,95
03/05/2001,TXK,AR,ASW,CE,Federal Contract Tower,0,19,19,2,40,0,2,39,6,47,0,21,58,8,87,28,0,28,115
03/06/2001,TXK,AR,ASW,CE,Federal Contract Tower,0,21,20,3,44,0,3,43,5,51,0,24,63,8,95,34,2,36,131
03/07/2001,TXK,AR,ASW,CE,Federal Contract Tower,0,21,20,3,44,0,3,56,7,66,0,24,76,10,110,72,0,72,182
03/08/2001,TXK,AR,ASW,CE,Federal Contract Tower,0,23,21,3,47,0,0,20,0,20,0,23,41,3,67,34,22,56,123
03/09/2001,TXK,AR,ASW,CE,Federal Contract Tower,0,15,14,0,29,0,3,59,0,62,0,18,73,0,91,40,0,40,131
03/10/2001,TXK,AR,ASW,CE,Federal Contract Tower,0,15,14,1,30,0,4,47,0,51,0,19,61,1,81,14,0,14,95
03/11/2001,TXK,AR,ASW,CE,Federal Contract Tower,0,9,10,0,19,0,4,20,0,24,0,13,30,0,43,26,0,26,69
03/12/2001,TXK,AR,ASW,CE,Federal Contract Tower,0,24,25,3,52,0,0,36,3,39,0,24,61,6,91,14,10,24,115
03/13/2001,TXK,AR,ASW,CE,Federal Contract Tower,0,19,18,2,39,0,5,54,6,65,0,24,72,8,104,70,0,70,174
03/14/2001,TXK,AR,ASW,CE,Federal Contract Tower,0,23,25,0,48,0,0,5,0,5,0,23,30,0,53,24,0,24,77
03/15/2001,TXK,AR,ASW,CE,Federal Contract Tower,0,19,19,2,40,0,3,12,0,15,0,22,31,2,55,14,0,14,69
03/16/2001,TXK,AR,ASW,CE,Federal Contract Tower,0,18,17,2,37,0,2,39,1,42,0,20,56,3,79,4,24,28,107
03/17/2001,TXK,AR,ASW,CE,Federal Contract Tower,0,16,15,2,33,0,2,30,2,34,0,18,45,4,67,54,0,54,121
03/18/2001,TXK,AR,ASW,CE,Federal Contract Tower,0,15,19,0,34,0,0,23,0,23,0,15,42,0,57,6,0,6,63
03/19/2001,TXK,AR,ASW,CE,Federal Contract Tower,0,18,17,2,37,0,5,27,0,32,0,23,44,2,69,2,0,2,71
03/20/2001,TXK,AR,ASW,CE,Federal Contract Tower,0,24,25,2,51,0,0,48,4,52,0,24,73,6,103,4,18,22,125
03/21/2001,TXK,AR,ASW,CE,Federal Contract Tower,0,22,22,0,44,0,0,50,0,50,0,22,72,0,94,86,0,86,180
03/22/2001,TXK,AR,ASW,CE,Federal Contract Tower,0,23,22,0,45,0,0,42,0,42,0,23,64,0,87,38,0,38,125
03/23/2001,TXK,AR,ASW,CE,Federal Contract Tower,0,19,19,0,38,0,0,60,0,60,0,19,79,0,98,72,0,72,170
03/24/2001,TXK,AR,ASW,CE,Federal Contract Tower,0,16,15,0,31,0,1,0,0,1,0,17,15,0,32,0,0,0,32
03/25/2001,TXK,AR,ASW,CE,Federal Contract Tower,0,16,15,0,31,0,3,47,0,50,0,19,62,0,81,88,0,88,169
03/26/2001,TXK,AR,ASW,CE,Federal Contract Tower,0,23,20,2,45,0,1,30,9,40,0,24,50,11,85,10,38,48,133
03/27/2001,TXK,AR,ASW,CE,Federal Contract Tower,0,21,20,2,43,0,0,12,2,14,0,21,32,4,57,16,6,22,79
03/28/2001,TXK,AR,ASW,CE,Federal Contract Tower,0,25,25,0,50,0,0,4,0,4,0,25,29,0,54,0,0,0,54
03/29/2001,TXK,AR,ASW,CE,Federal Contract Tower,0,23,29,2,54,0,0,0,6,6,0,23,29,8,60,0,12,12,72
03/30/2001,TXK,AR,ASW,CE,Federal Contract Tower,0,19,21,2,42,0,0,26,4,30,0,19,47,6,72,16,0,16,88
03/31/2001,TXK,AR,ASW,CE,Federal Contract Tower,0,15,18,1,34,0,0,58,5,63,0,15,76,6,97,54,0,54,151
04/01/2001,TXK,AR,ASW,CE,Federal Contract Tower,0,18,16,0,34,0,2,50,0,52,0,20,66,0,86,56,0,56,142
04/02/2001,TXK,AR,ASW,CE,Federal Contract Tower,0,20,21,0,41,0,1,15,0,16,0,21,36,0,57,2,0,2,59
04/03/2001,TXK,AR,ASW,CE,Federal Contract Tower,0,19,38,2,59,0,1,17,2,20,0,20,55,4,79,24,12,36,115
04/04/2001,TXK,AR,ASW,CE,Federal Contract Tower,0,17,39,2,58,0,1,14,0,15,0,18,53,2,73,60,0,60,133
04/05/2001,TXK,AR,ASW,CE,Federal Contract Tower,0,21,29,4,54,0,1,28,0,29,0,22,57,4,83,64,8,72,155
04/06/2001,TXK,AR,ASW,CE,Federal Contract Tower,0,17,18,2,37,0,0,31,0,31,0,17,49,2,68,52,0,52,120
04/07/2001,TXK,AR,ASW,CE,Federal Contract Tower,0,16,19,1,36,0,1,32,1,34,0,17,51,2,70,26,0,26,96
04/08/2001,TXK,AR,ASW,CE,Federal Contract Tower,0,15,22,23,60,0,2,29,1,32,0,17,51,24,92,22,0,22,114
04/09/2001,TXK,AR,ASW,CE,Federal Contract Tower,2,21,23,3,49,0,1,37,0,38,2,22,60,3,87,32,0,32,119
04/10/2001,TXK,AR,ASW,CE,Federal Contract Tower,0,24,22,4,50,0,4,38,0,42,0,28,60,4,92,46,4,50,142
04/11/2001,TXK,AR,ASW,CE,Federal Contract Tower,0,24,13,0,37,0,1,30,0,31,0,25,43,0,68,64,0,64,132
04/12/2001,TXK,AR,ASW,CE,Federal Contract Tower,0,24,31,5,60,2,0,57,5,64,2,24,88,10,124,66,18,84,208
04/13/2001,TXK,AR,ASW,CE,Federal Contract Tower,0,20,12,0,32,0,1,47,6,54,0,21,59,6,86,104,0,104,190
04/14/2001,TXK,AR,ASW,CE,Federal Contract Tower,0,14,7,0,21,0,0,21,0,21,0,14,28,0,42,46,0,46,88
04/15/2001,TXK,AR,ASW,CE,Federal Contract Tower,0,19,13,0,32,0,0,25,0,25,0,19,38,0,57,30,0,30,87
04/16/2001,TXK,AR,ASW,CE,Federal Contract Tower,0,21,12,0,33,0,1,46,2,49,0,22,58,2,82,16,20,36,118
04/17/2001,TXK,AR,ASW,CE,Federal Contract Tower,0,22,24,5,51,0,0,63,0,63,0,22,87,5,114,30,36,66,180
04/18/2001,TXK,AR,ASW,CE,Federal Contract Tower,0,21,24,4,49,0,0,72,0,72,0,21,96,4,121,128,20,148,269
04/19/2001,TXK,AR,ASW,CE,Federal Contract Tower,0,24,23,7,54,0,0,48,2,50,0,24,71,9,104,32,36,68,172
04/20/2001,TXK,AR,ASW,CE,Federal Contract Tower,0,23,21,3,47,0,0,30,1,31,0,23,51,4,78,16,8,24,102
04/21/2001,TXK,AR,ASW,CE,Federal Contract Tower,0,17,15,0,32,0,0,17,0,17,0,17,32,0,49,46,0,46,95
04/22/2001,TXK,AR,ASW,CE,Federal Contract Tower,0,16,16,0,32,0,0,26,4,30,0,16,42,4,62,16,0,16,78
04/23/2001,TXK,AR,ASW,CE,Federal Contract Tower,0,21,14,0,35,0,0,10,0,10,0,21,24,0,45,14,0,14,59
04/24/2001,TXK,AR,ASW,CE,Federal Contract Tower,0,23,15,11,49,0,0,84,0,84,0,23,99,11,133,64,28,92,225
04/25/2001,TXK,AR,ASW,CE,Federal Contract Tower,0,24,20,6,50,0,0,50,2,52,0,24,70,8,102,46,2,48,150
04/26/2001,TXK,AR,ASW,CE,Federal Contract Tower,0,24,17,2,43,0,0,60,0,60,0,24,77,2,103,26,0,26,129
04/27/2001,TXK,AR,ASW,CE,Federal Contract Tower,0,16,12,1,29,0,0,70,0,70,0,16,82,1,99,48,0,48,147
04/28/2001,TXK,AR,ASW,CE,Federal Contract Tower,0,17,3,0,20,0,0,61,0,61,0,17,64,0,81,40,0,40,121
04/29/2001,TXK,AR,ASW,CE,Federal Contract Tower,0,17,12,2,31,0,0,42,2,44,0,17,54,4,75,8,0,8,83
04/30/2001,TXK,AR,ASW,CE,Federal Contract Tower,0,26,7,2,35,0,0,30,4,34,0,26,37,6,69,0,0,0,69
05/01/2001,TXK,AR,ASW,CE,Federal Contract Tower,0,20,18,0,38,0,1,27,0,28,0,21,45,0,66,26,0,26,92
05/02/2001,TXK,AR,ASW,CE,Federal Contract Tower,0,21,25,2,48,0,1,30,0,31,0,22,55,2,79,46,12,58,137
05/03/2001,TXK,AR,ASW,CE,Federal Contract Tower,0,23,27,2,52,0,2,40,2,44,0,25,67,4,96,78,0,78,174
05/04/2001,TXK,AR,ASW,CE,Federal Contract Tower,0,20,23,2,45,0,0,36,0,36,0,20,59,2,81,4,16,20,101
05/05/2001,TXK,AR,ASW,CE,Federal Contract Tower,0,15,9,0,24,0,0,20,1,21,0,15,29,1,45,42,0,42,87
05/06/2001,TXK,AR,ASW,CE,Federal Contract Tower,0,13,8,10,31,0,0,17,1,18,0,13,25,11,49,10,4,14,63
05/07/2001,TXK,AR,ASW,CE,Federal Contract Tower,0,21,15,0,36,0,2,22,4,28,0,23,37,4,64,28,0,28,92
05/08/2001,TXK,AR,ASW,CE,Federal Contract Tower,0,24,46,8,78,0,0,41,1,42,0,24,87,9,120,64,18,82,202
05/09/2001,TXK,AR,ASW,CE,Federal Contract Tower,0,25,22,12,59,0,0,41,2,43,0,25,63,14,102,56,14,70,172
05/10/2001,TXK,AR,ASW,CE,Federal Contract Tower,0,20,22,9,51,0,0,77,1,78,0,20,99,10,129,118,0,118,247
05/11/2001,TXK,AR,ASW,CE,Federal Contract Tower,0,16,31,11,58,0,1,41,4,46,0,17,72,15,104,52,38,90,194
05/12/2001,TXK,AR,ASW,CE,Federal Contract Tower,0,15,13,0,28,0,0,54,1,55,0,15,67,1,83,60,0,60,143
05/13/2001,TXK,AR,ASW,CE,Federal Contract Tower,0,15,7,6,28,0,0,41,0,41,0,15,48,6,69,22,18,40,109
05/14/2001,TXK,AR,ASW,CE,Federal Contract Tower,0,19,12,0,31,0,0,50,8,58,0,19,62,8,89,32,0,32,121
05/15/2001,TXK,AR,ASW,CE,Federal Contract Tower,0,24,27,2,53,0,0,34,4,38,0,24,61,6,91,40,0,40,131
05/16/2001,TXK,AR,ASW,CE,Federal Contract Tower,0,23,28,5,56,0,0,40,3,43,0,23,68,8,99,96,18,114,213
05/17/2001,TXK,AR,ASW,CE,Federal Contract Tower,0,21,24,3,48,0,0,36,4,40,0,21,60,7,88,70,4,74,162
05/18/2001,TXK,AR,ASW,CE,Federal Contract Tower,0,19,21,0,40,0,0,26,0,26,0,19,47,0,66,14,0,14,80
05/19/2001,TXK,AR,ASW,CE,Federal Contract Tower,0,19,14,2,35,0,0,31,0,31,0,19,45,2,66,44,0,44,110
05/20/2001,TXK,AR,ASW,CE,Federal Contract Tower,0,17,24,0,41,0,0,19,6,25,0,17,43,6,66,20,0,20,86
05/21/2001,TXK,AR,ASW,CE,Federal Contract Tower,0,22,23,9,54,0,0,7,0,7,0,22,30,9,61,0,8,8,69
05/22/2001,TXK,AR,ASW,CE,Federal Contract Tower,0,19,20,3,42,0,3,62,8,73,0,22,82,11,115,66,0,66,181
05/23/2001,TXK,AR,ASW,CE,Federal Contract Tower,0,20,22,2,44,0,0,55,0,55,0,20,77,2,99,110,10,120,219
05/24/2001,TXK,AR,ASW,CE,Federal Contract Tower,0,20,15,2,37,0,0,52,0,52,0,20,67,2,89,40,10,50,139
05/25/2001,TXK,AR,ASW,CE,Federal Contract Tower,0,17,23,3,43,0,0,60,1,61,0,17,83,4,104,90,0,90,194
05/26/2001,TXK,AR,ASW,CE,Federal Contract Tower,0,16,10,0,26,0,0,29,0,29,0,16,39,0,55,54,0,54,109
05/27/2001,TXK,AR,ASW,CE,Federal Contract Tower,0,16,14,0,30,0,0,11,0,11,0,16,25,0,41,16,0,16,57
05/28/2001,TXK,AR,ASW,CE,Federal Contract Tower,0,14,11,3,28,0,0,14,1,15,0,14,25,4,43,2,0,2,45
05/29/2001,TXK,AR,ASW,CE,Federal Contract Tower,0,24,21,2,47,0,0,36,0,36,0,24,57,2,83,90,0,90,173
05/30/2001,TXK,AR,ASW,CE,Federal Contract Tower,0,21,24,0,45,0,0,29,16,45,0,21,53,16,90,56,0,56,146
05/31/2001,TXK,AR,ASW,CE,Federal Contract Tower,0,27,19,13,59,0,0,20,0,20,0,27,39,13,79,44,26,70,149
06/01/2001,TXK,AR,ASW,CE,Federal Contract Tower,0,18,22,6,46,0,1,30,2,33,0,19,52,8,79,20,22,42,121
06/02/2001,TXK,AR,ASW,CE,Federal Contract Tower,0,17,8,0,25,0,0,51,0,51,0,17,59,0,76,82,0,82,158
06/03/2001,TXK,AR,ASW,CE,Federal Contract Tower,0,17,12,0,29,0,0,21,0,21,0,17,33,0,50,0,0,0,50
06/04/2001,TXK,AR,ASW,CE,Federal Contract Tower,0,23,14,3,40,0,0,29,1,30,0,23,43,4,70,8,2,10,80
06/05/2001,TXK,AR,ASW,CE,Federal Contract Tower,0,25,15,0,40,0,0,25,0,25,0,25,40,0,65,32,0,32,97
06/06/2001,TXK,AR,ASW,CE,Federal Contract Tower,0,24,13,0,37,0,0,1,0,1,0,24,14,0,38,0,0,0,38
06/07/2001,TXK,AR,ASW,CE,Federal Contract Tower,0,27,23,2,52,0,0,5,2,7,0,27,28,4,59,0,0,0,59
06/08/2001,TXK,AR,ASW,CE,Federal Contract Tower,0,17,22,0,39,0,0,29,0,29,0,17,51,0,68,4,0,4,72
06/09/2001,TXK,AR,ASW,CE,Federal Contract Tower,0,16,17,1,34,0,0,47,1,48,0,16,64,2,82,46,0,46,128
06/10/2001,TXK,AR,ASW,CE,Federal Contract Tower,0,16,9,13,38,0,0,54,3,57,0,16,63,16,95,98,10,108,203
06/11/2001,TXK,AR,ASW,CE,Federal Contract Tower,0,25,20,2,47,0,0,58,0,58,0,25,78,2,105,88,0,88,193
06/12/2001,TXK,AR,ASW,CE,Federal Contract Tower,0,22,16,4,42,0,3,46,0,49,0,25,62,4,91,26,6,32,123
06/13/2001,TXK,AR,ASW,CE,Federal Contract Tower,0,23,18,11,52,0,0,54,0,54,0,23,72,11,106,30,22,52,158
06/14/2001,TXK,AR,ASW,CE,Federal Contract Tower,0,19,25,5,49,0,0,23,0,23,0,19,48,5,72,64,6,70,142
06/15/2001,TXK,AR,ASW,CE,Federal Contract Tower,0,17,22,4,43,0,0,46,15,61,0,17,68,19,104,44,0,44,148
06/16/2001,TXK,AR,ASW,CE,Federal Contract Tower,0,16,13,0,29,0,2,62,0,64,0,18,75,0,93,34,0,34,127
06/17/2001,TXK,AR,ASW,CE,Federal Contract Tower,0,12,9,0,21,2,4,35,0,41,2,16,44,0,62,36,0,36,98
06/18/2001,TXK,AR,ASW,CE,Federal Contract Tower,0,21,16,4,41,0,0,53,0,53,0,21,69,4,94,34,0,34,128
06/19/2001,TXK,AR,ASW,CE,Federal Contract Tower,0,25,19,3,47,0,0,68,3,71,0,25,87,6,118,108,36,144,262
06/20/2001,TXK,AR,ASW,CE,Federal Contract Tower,2,24,28,0,54,0,4,69,2,75,2,28,97,2,129,120,0,120,249
06/21/2001,TXK,AR,ASW,CE,Federal Contract Tower,0,18,21,2,41,0,0,36,0,36,0,18,57,2,77,48,4,52,129
06/22/2001,TXK,AR,ASW,CE,Federal Contract Tower,0,18,26,21,65,0,0,65,0,65,0,18,91,21,130,80,28,108,238
06/23/2001,TXK,AR,ASW,CE,Federal Contract Tower,0,17,9,2,28,0,0,56,1,57,0,17,65,3,85,74,6,80,165
06/24/2001,TXK,AR,ASW,CE,Federal Contract Tower,0,17,11,5,33,0,0,54,1,55,0,17,65,6,88,78,18,96,184
06/25/2001,TXK,AR,ASW,CE,Federal Contract Tower,0,22,15,4,41,0,0,54,2,56,0,22,69,6,97,24,6,30,127
06/26/2001,TXK,AR,ASW,CE,Federal Contract Tower,0,21,19,2,42,0,0,50,2,52,0,21,69,4,94,32,6,38,132
06/27/2001,TXK,AR,ASW,CE,Federal Contract Tower,0,21,21,6,48,0,0,36,0,36,0,21,57,6,84,108,10,118,202
06/28/2001,TXK,AR,ASW,CE,Federal Contract Tower,0,20,26,0,46,0,0,26,0,26,0,20,52,0,72,106,0,106,178
06/29/2001,TXK,AR,ASW,CE,Federal Contract Tower,0,15,13,0,28,0,4,19,0,23,0,19,32,0,51,40,0,40,91
06/30/2001,TXK,AR,ASW,CE,Federal Contract Tower,0,18,15,0,33,0,0,12,0,12,0,18,27,0,45,14,0,14,59
07/01/2001,TXK,AR,ASW,CE,Federal Contract Tower,0,16,17,0,33,0,0,23,0,23,0,16,40,0,56,4,0,4,60
07/02/2001,TXK,AR,ASW,CE,Federal Contract Tower,0,22,23,1,46,0,0,31,1,32,0,22,54,2,78,14,2,16,94
07/03/2001,TXK,AR,ASW,CE,Federal Contract Tower,0,25,14,3,42,0,0,45,2,47,0,25,59,5,89,62,8,70,159
07/04/2001,TXK,AR,ASW,CE,Federal Contract Tower,0,11,7,0,18,0,1,34,0,35,0,12,41,0,53,12,0,12,65
07/05/2001,TXK,AR,ASW,CE,Federal Contract Tower,0,18,14,0,32,0,4,44,0,48,0,22,58,0,80,12,0,12,92
07/06/2001,TXK,AR,ASW,CE,Federal Contract Tower,0,16,17,4,37,0,0,65,4,69,0,16,82,8,106,52,20,72,178
07/07/2001,TXK,AR,ASW,CE,Federal Contract Tower,0,17,10,0,27,0,0,78,2,80,0,17,88,2,107,72,8,80,187
07/08/2001,TXK,AR,ASW,CE,Federal Contract Tower,0,18,15,1,34,0,0,56,1,57,0,18,71,2,91,48,6,54,145
07/09/2001,TXK,AR,ASW,CE,Federal Contract Tower,0,23,18,5,46,0,0,35,3,38,0,23,53,8,84,18,14,32,116
07/10/2001,TXK,AR,ASW,CE,Federal Contract Tower,0,22,18,13,53,0,0,52,1,53,0,22,70,14,106,42,54,96,202
07/11/2001,TXK,AR,ASW,CE,Federal Contract Tower,0,22,28,12,62,0,1,44,3,48,0,23,72,15,110,22,10,32,142
07/12/2001,TXK,AR,ASW,CE,Federal Contract Tower,0,20,16,0,36,0,0,56,0,56,0,20,72,0,92,144,0,144,236
07/13/2001,TXK,AR,ASW,CE,Federal Contract Tower,0,18,15,0,33,0,0,36,0,36,0,18,51,0,69,0,0,0,69
07/14/2001,TXK,AR,ASW,CE,Federal Contract Tower,0,19,17,0,36,0,0,33,0,33,0,19,50,0,69,32,0,32,101
07/15/2001,TXK,AR,ASW,CE,Federal Contract Tower,0,17,15,1,33,0,0,50,5,55,0,17,65,6,88,26,4,30,118
07/16/2001,TXK,AR,ASW,CE,Federal Contract Tower,0,19,11,2,32,0,0,54,0,54,0,19,65,2,86,32,6,38,124
07/17/2001,TXK,AR,ASW,CE,Federal Contract Tower,0,23,16,3,42,0,3,73,0,76,0,26,89,3,118,42,8,50,168
07/18/2001,TXK,AR,ASW,CE,Federal Contract Tower,0,20,13,0,33,0,0,60,0,60,0,20,73,0,93,70,0,70,163
07/19/2001,TXK,AR,ASW,CE,Federal Contract Tower,0,23,18,22,63,0,0,65,0,65,0,23,83,22,128,58,36,94,222
07/20/2001,TXK,AR,ASW,CE,Federal Contract Tower,0,20,22,6,48,0,0,75,0,75,0,20,97,6,123,98,8,106,229
07/21/2001,TXK,AR,ASW,CE,Federal Contract Tower,0,17,11,8,36,0,0,51,0,51,0,17,62,8,87,42,8,50,137
07/22/2001,TXK,AR,ASW,CE,Federal Contract Tower,0,15,14,4,33,0,0,39,2,41,0,15,53,6,74,56,0,56,130
07/23/2001,TXK,AR,ASW,CE,Federal Contract Tower,0,22,14,13,49,0,0,41,0,41,0,22,55,13,90,8,20,28,118
07/24/2001,TXK,AR,ASW,CE,Federal Contract Tower,0,21,29,7,57,0,0,33,0,33,0,21,62,7,90,96,16,112,202
07/25/2001,TXK,AR,ASW,CE,Federal Contract Tower,0,22,33,0,55,0,0,44,14,58,0,22,77,14,113,146,0,146,259
07/26/2001,TXK,AR,ASW,CE,Federal Contract Tower,0,24,17,17,58,0,0,43,0,43,0,24,60,17,101,42,92,134,235
07/27/2001,TXK,AR,ASW,CE,Federal Contract Tower,0,18,12,0,30,0,0,39,0,39,0,18,51,0,69,52,0,52,121
07/28/2001,TXK,AR,ASW,CE,Federal Contract Tower,0,18,14,6,38,0,0,24,0,24,0,18,38,6,62,20,14,34,96
07/29/2001,TXK,AR,ASW,CE,Federal Contract Tower,0,19,16,2,37,2,1,58,0,61,2,20,74,2,98,80,2,82,180
07/30/2001,TXK,AR,ASW,CE,Federal Contract Tower,0,23,13,10,46,0,0,80,3,83,0,23,93,13,129,50,8,58,187
07/31/2001,TXK,AR,ASW,CE,Federal Contract Tower,0,24,20,4,48,0,1,60,6,67,0,25,80,10,115,88,8,96,211
08/01/2001,TXK,AR,ASW,CE,Federal Contract Tower,2,21,20,6,49,0,1,60,2,63,2,22,80,8,112,94,0,94,206
08/02/2001,TXK,AR,ASW,CE,Federal Contract Tower,0,22,18,9,49,0,2,64,0,66,0,24,82,9,115,94,10,104,219
08/03/2001,TXK,AR,ASW,CE,Federal Contract Tower,0,18,21,9,48,0,0,38,2,40,0,18,59,11,88,70,4,74,162
08/04/2001,TXK,AR,ASW,CE,Federal Contract Tower,0,17,6,0,23,0,0,46,0,46,0,17,52,0,69,90,0,90,159
08/05/2001,TXK,AR,ASW,CE,Federal Contract Tower,0,16,13,3,32,0,0,36,0,36,0,16,49,3,68,40,4,44,112
08/06/2001,TXK,AR,ASW,CE,Federal Contract Tower,0,20,20,8,48,0,0,30,4,34,0,20,50,12,82,20,18,38,120
08/07/2001,TXK,AR,ASW,CE,Federal Contract Tower,0,25,11,9,45,0,0,26,0,26,0,25,37,9,71,0,24,24,95
08/08/2001,TXK,AR,ASW,CE,Federal Contract Tower,0,21,13,13,47,0,2,40,6,48,0,23,53,19,95,72,44,116,211
08/09/2001,TXK,AR,ASW,CE,Federal Contract Tower,0,27,16,15,58,0,0,47,0,47,0,27,63,15,105,44,22,66,171
08/10/2001,TXK,AR,ASW,CE,Federal Contract Tower,0,18,34,3,55,0,1,38,1,40,0,19,72,4,95,18,10,28,123
08/11/2001,TXK,AR,ASW,CE,Federal Contract Tower,0,17,12,6,35,0,0,28,1,29,0,17,40,7,64,22,10,32,96
08/12/2001,TXK,AR,ASW,CE,Federal Contract Tower,0,15,15,2,32,0,2,31,1,34,0,17,46,3,66,44,0,44,110
08/13/2001,TXK,AR,ASW,CE,Federal Contract Tower,0,22,13,26,61,0,0,29,0,29,0,22,42,26,90,16,36,52,142
08/14/2001,TXK,AR,ASW,CE,Federal Contract Tower,0,24,12,3,39,0,0,32,1,33,0,24,44,4,72,50,8,58,130
08/15/2001,TXK,AR,ASW,CE,Federal Contract Tower,0,20,24,5,49,0,0,45,0,45,0,20,69,5,94,60,10,70,164
08/16/2001,TXK,AR,ASW,CE,Federal Contract Tower,0,21,21,15,57,0,0,7,0,7,0,21,28,15,64,40,24,64,128
08/17/2001,TXK,AR,ASW,CE,Federal Contract Tower,0,19,18,4,41,0,0,20,0,20,0,19,38,4,61,50,0,50,111
08/18/2001,TXK,AR,ASW,CE,Federal Contract Tower,0,18,9,7,34,0,0,32,0,32,0,18,41,7,66,6,4,10,76
08/19/2001,TXK,AR,ASW,CE,Federal Contract Tower,0,17,12,2,31,0,0,51,0,51,0,17,63,2,82,4,0,4,86
08/20/2001,TXK,AR,ASW,CE,Federal Contract Tower,0,21,13,9,43,0,0,45,6,51,0,21,58,15,94,18,32,50,144
08/21/2001,TXK,AR,ASW,CE,Federal Contract Tower,0,21,27,1,49,0,0,45,1,46,0,21,72,2,95,12,16,28,123
08/22/2001,TXK,AR,ASW,CE,Federal Contract Tower,0,21,24,0,45,0,1,48,0,49,0,22,72,0,94,54,0,54,148
08/23/2001,TXK,AR,ASW,CE,Federal Contract Tower,0,24,16,6,46,0,0,54,0,54,0,24,70,6,100,48,6,54,154
08/24/2001,TXK,AR,ASW,CE,Federal Contract Tower,0,20,24,10,54,0,0,40,5,45,0,20,64,15,99,32,38,70,169
08/25/2001,TXK,AR,ASW,CE,Federal Contract Tower,0,17,10,3,30,0,0,41,1,42,0,17,51,4,72,36,8,44,116
08/26/2001,TXK,AR,ASW,CE,Federal Contract Tower,0,15,14,0,29,0,0,24,5,29,0,15,38,5,58,10,0,10,68
08/27/2001,TXK,AR,ASW,CE,Federal Contract Tower,0,22,21,4,47,0,0,12,0,12,0,22,33,4,59,0,8,8,67
08/28/2001,TXK,AR,ASW,CE,Federal Contract Tower,0,24,31,0,55,0,0,40,0,40,0,24,71,0,95,56,0,56,151
08/29/2001,TXK,AR,ASW,CE,Federal Contract Tower,0,24,31,10,65,0,0,20,0,20,0,24,51,10,85,68,8,76,161
08/30/2001,TXK,AR,ASW,CE,Federal Contract Tower,0,22,29,6,57,0,0,11,0,11,0,22,40,6,68,12,8,20,88
08/31/2001,TXK,AR,ASW,CE,Federal Contract Tower,0,20,22,0,42,0,1,3,0,4,0,21,25,0,46,6,0,6,52
09/01/2001,TXK,AR,ASW,CE,Federal Contract Tower,0,18,6,0,24,0,0,2,0,2,0,18,8,0,26,0,0,0,26
09/02/2001,TXK,AR,ASW,CE,Federal Contract Tower,0,15,11,0,26,0,0,9,2,11,0,15,20,2,37,0,0,0,37
09/03/2001,TXK,AR,ASW,CE,Federal Contract Tower,0,11,11,0,22,2,0,6,0,8,2,11,17,0,30,0,0,0,30
09/04/2001,TXK,AR,ASW,CE,Federal Contract Tower,0,20,16,1,37,0,0,13,0,13,0,20,29,1,50,26,6,32,82
09/05/2001,TXK,AR,ASW,CE,Federal Contract Tower,0,22,11,2,35,0,0,17,0,17,0,22,28,2,52,8,6,14,66
09/06/2001,TXK,AR,ASW,CE,Federal Contract Tower,2,21,27,4,54,0,0,18,0,18,2,21,45,4,72,14,10,24,96
09/07/2001,TXK,AR,ASW,CE,Federal Contract Tower,0,15,25,21,61,0,0,37,7,44,0,15,62,28,105,12,46,58,163
09/08/2001,TXK,AR,ASW,CE,Federal Contract Tower,0,17,9,1,27,0,0,18,4,22,0,17,27,5,49,4,6,10,59
09/09/2001,TXK,AR,ASW,CE,Federal Contract Tower,0,17,15,3,35,0,0,15,0,15,0,17,30,3,50,0,4,4,54
09/10/2001,TXK,AR,ASW,CE,Federal Contract Tower,0,23,12,0,35,0,0,30,1,31,0,23,42,1,66,14,0,14,80
09/11/2001,TXK,AR,ASW,CE,Federal Contract Tower,0,2,7,0,9,0,0,5,0,5,0,2,12,0,14,0,0,0,14
09/12/2001,TXK,AR,ASW,CE,Federal Contract Tower,0,0,0,2,2,0,0,0,0,0,0,0,0,2,2,0,0,0,2
09/13/2001,TXK,AR,ASW,CE,Federal Contract Tower,0,12,0,4,16,0,0,12,0,12,0,12,12,4,28,4,6,10,38
09/14/2001,TXK,AR,ASW,CE,Federal Contract Tower,0,23,6,8,37,0,2,6,5,13,0,25,12,13,50,0,10,10,60
09/15/2001,TXK,AR,ASW,CE,Federal Contract Tower,0,16,18,9,43,0,0,5,2,7,0,16,23,11,50,0,2,2,52
09/16/2001,TXK,AR,ASW,CE,Federal Contract Tower,0,20,7,0,27,0,0,0,0,0,0,20,7,0,27,0,0,0,27
09/17/2001,TXK,AR,ASW,CE,Federal Contract Tower,0,22,34,6,62,0,0,0,0,0,0,22,34,6,62,14,10,24,86
09/18/2001,TXK,AR,ASW,CE,Federal Contract Tower,0,26,24,1,51,0,0,11,1,12,0,26,35,2,63,0,4,4,67
09/19/2001,TXK,AR,ASW,CE,Federal Contract Tower,0,21,43,4,68,0,0,4,0,4,0,21,47,4,72,4,2,6,78
09/20/2001,TXK,AR,ASW,CE,Federal Contract Tower,0,25,39,4,68,0,0,5,0,5,0,25,44,4,73,0,6,6,79
09/21/2001,TXK,AR,ASW,CE,Federal Contract Tower,0,21,18,2,41,0,1,7,0,8,0,22,25,2,49,0,0,0,49
09/22/2001,TXK,AR,ASW,CE,Federal Contract Tower,0,14,22,0,36,0,0,21,0,21,0,14,43,0,57,10,0,10,67
09/23/2001,TXK,AR,ASW,CE,Federal Contract Tower,0,14,15,2,31,0,0,2,0,2,0,14,17,2,33,0,2,2,35
09/24/2001,TXK,AR,ASW,CE,Federal Contract Tower,0,22,19,9,50,0,0,18,1,19,0,22,37,10,69,12,20,32,101
09/25/2001,TXK,AR,ASW,CE,Federal Contract Tower,0,19,33,5,57,0,0,40,1,41,0,19,73,6,98,6,2,8,106
09/26/2001,TXK,AR,ASW,CE,Federal Contract Tower,0,20,23,6,49,0,0,35,0,35,0,20,58,6,84,18,6,24,108
09/27/2001,TXK,AR,ASW,CE,Federal Contract Tower,0,27,29,2,58,0,0,49,0,49,0,27,78,2,107,16,0,16,123
09/28/2001,TXK,AR,ASW,CE,Federal Contract Tower,0,16,28,0,44,0,0,50,0,50,0,16,78,0,94,36,0,36,130
09/29/2001,TXK,AR,ASW,CE,Federal Contract Tower,0,18,13,0,31,0,0,52,0,52,0,18,65,0,83,30,0,30,113
09/30/2001,TXK,AR,ASW,CE,Federal Contract Tower,0,15,33,0,48,0,0,38,0,38,0,15,71,0,86,20,0,20,106
10/01/2001,TXK,AR,ASW,CE,Federal Contract Tower,0,20,23,13,56,0,1,39,2,42,0,21,62,15,98,2,28,30,128
10/02/2001,TXK,AR,ASW,CE,Federal Contract Tower,0,21,22,9,52,0,1,35,0,36,0,22,57,9,88,54,24,78,166
10/03/2001,TXK,AR,ASW,CE,Federal Contract Tower,0,21,37,4,62,0,1,31,0,32,0,22,68,4,94,48,24,72,166
10/04/2001,TXK,AR,ASW,CE,Federal Contract Tower,0,23,21,11,55,0,1,34,0,35,0,24,55,11,90,88,28,116,206
10/05/2001,TXK,AR,ASW,CE,Federal Contract Tower,0,19,13,4,36,0,1,4,0,5,0,20,17,4,41,0,4,4,45
10/06/2001,TXK,AR,ASW,CE,Federal Contract Tower,0,14,21,0,35,0,1,59,0,60,0,15,80,0,95,42,0,42,137
10/07/2001,TXK,AR,ASW,CE,Federal Contract Tower,0,19,17,5,41,0,1,40,0,41,0,20,57,5,82,74,18,92,174
10/08/2001,TXK,AR,ASW,CE,Federal Contract Tower,0,21,27,0,48,0,1,23,0,24,0,22,50,0,72,18,0,18,90
10/09/2001,TXK,AR,ASW,CE,Federal Contract Tower,0,22,14,3,39,0,1,21,0,22,0,23,35,3,61,28,10,38,99
10/10/2001,TXK,AR,ASW,CE,Federal Contract Tower,0,15,31,5,51,0,2,3,0,5,0,17,34,5,56,24,0,24,80
10/11/2001,TXK,AR,ASW,CE,Federal Contract Tower,0,23,20,0,43,0,0,18,0,18,0,23,38,0,61,76,0,76,137
10/12/2001,TXK,AR,ASW,CE,Federal Contract Tower,0,16,23,11,50,0,0,40,3,43,0,16,63,14,93,28,0,28,121
10/13/2001,TXK,AR,ASW,CE,Federal Contract Tower,0,18,9,3,30,0,0,5,1,6,0,18,14,4,36,6,0,6,42
10/14/2001,TXK,AR,ASW,CE,Federal Contract Tower,0,16,19,0,35,0,4,43,0,47,0,20,62,0,82,74,0,74,156
10/15/2001,TXK,AR,ASW,CE,Federal Contract Tower,0,23,18,2,43,0,0,27,0,27,0,23,45,2,70,18,18,36,106
10/16/2001,TXK,AR,ASW,CE,Federal Contract Tower,0,20,15,2,37,0,0,38,0,38,0,20,53,2,75,18,10,28,103
10/17/2001,TXK,AR,ASW,CE,Federal Contract Tower,0,22,17,7,46,0,1,61,0,62,0,23,78,7,108,186,16,202,310
10/18/2001,TXK,AR,ASW,CE,Federal Contract Tower,0,19,30,2,51,0,0,68,0,68,0,19,98,2,119,94,6,100,219
10/19/2001,TXK,AR,ASW,CE,Federal Contract Tower,0,18,26,4,48,0,2,33,0,35,0,20,59,4,83,4,0,4,87
10/20/2001,TXK,AR,ASW,CE,Federal Contract Tower,0,15,17,2,34,0,0,50,0,50,0,15,67,2,84,60,0,60,144
10/21/2001,TXK,AR,ASW,CE,Federal Contract Tower,0,18,16,3,37,0,1,42,2,45,0,19,58,5,82,22,0,22,104
10/22/2001,TXK,AR,ASW,CE,Federal Contract Tower,0,23,16,4,43,0,0,24,0,24,0,23,40,4,67,12,0,12,79
10/23/2001,TXK,AR,ASW,CE,Federal Contract Tower,0,20,27,0,47,0,0,26,2,28,0,20,53,2,75,0,0,0,75
10/24/2001,TXK,AR,ASW,CE,Federal Contract Tower,0,21,23,9,53,0,1,24,3,28,0,22,47,12,81,0,4,4,85
10/25/2001,TXK,AR,ASW,CE,Federal Contract Tower,0,20,22,4,46,0,0,57,4,61,0,20,79,8,107,68,18,86,193
10/26/2001,TXK,AR,ASW,CE,Federal Contract Tower,0,15,26,5,46,0,0,64,7,71,0,15,90,12,117,64,34,98,215
10/27/2001,TXK,AR,ASW,CE,Federal Contract Tower,0,15,12,0,27,0,0,49,0,49,0,15,61,0,76,40,0,40,116
10/28/2001,TXK,AR,ASW,CE,Federal Contract Tower,0,14,18,0,32,0,0,53,0,53,0,14,71,0,85,8,0,8,93
10/29/2001,TXK,AR,ASW,CE,Federal Contract Tower,0,20,13,3,36,0,0,65,1,66,0,20,78,4,102,72,4,76,178
10/30/2001,TXK,AR,ASW,CE,Federal Contract Tower,0,21,18,0,39,0,0,48,0,48,0,21,66,0,87,10,0,10,97
10/31/2001,TXK,AR,ASW,CE,Federal Contract Tower,0,19,16,5,40,0,0,43,1,44,0,19,59,6,84,26,12,38,122
11/01/2001,TXK,AR,ASW,CE,Federal Contract Tower,0,23,25,4,52,0,0,17,0,17,0,23,42,4,69,4,0,4,73
11/02/2001,TXK,AR,ASW,CE,Federal Contract Tower,0,21,11,4,36,0,0,23,0,23,0,21,34,4,59,138,12,150,209
11/03/2001,TXK,AR,ASW,CE,Federal Contract Tower,0,15,21,0,36,0,0,37,0,37,0,15,58,0,73,84,0,84,157
11/04/2001,TXK,AR,ASW,CE,Federal Contract Tower,0,21,14,0,35,0,1,40,1,42,0,22,54,1,77,56,0,56,133
11/05/2001,TXK,AR,ASW,CE,Federal Contract Tower,2,22,31,5,60,0,0,41,1,42,2,22,72,6,102,14,16,30,132
11/06/2001,TXK,AR,ASW,CE,Federal Contract Tower,0,23,29,2,54,0,0,37,2,39,0,23,66,4,93,12,2,14,107
11/07/2001,TXK,AR,ASW,CE,Federal Contract Tower,0,23,32,0,55,0,0,42,0,42,0,23,74,0,97,38,0,38,135
11/08/2001,TXK,AR,ASW,CE,Federal Contract Tower,2,23,27,0,52,0,0,55,0,55,2,23,82,0,107,116,0,116,223
11/09/2001,TXK,AR,ASW,CE,Federal Contract Tower,0,19,26,6,51,0,0,40,0,40,0,19,66,6,91,48,8,56,147
11/10/2001,TXK,AR,ASW,CE,Federal Contract Tower,0,16,20,0,36,0,0,24,2,26,0,16,44,2,62,22,0,22,84
11/11/2001,TXK,AR,ASW,CE,Federal Contract Tower,0,15,18,0,33,0,0,40,0,40,0,15,58,0,73,40,0,40,113
11/12/2001,TXK,AR,ASW,CE,Federal Contract Tower,0,21,18,0,39,0,0,35,0,35,0,21,53,0,74,16,0,16,90
11/13/2001,TXK,AR,ASW,CE,Federal Contract Tower,0,22,35,4,61,0,0,40,0,40,0,22,75,4,101,20,8,28,129
11/14/2001,TXK,AR,ASW,CE,Federal Contract Tower,0,23,28,4,55,0,0,31,0,31,0,23,59,4,86,18,10,28,114
11/15/2001,TXK,AR,ASW,CE,Federal Contract Tower,0,21,28,4,53,0,0,41,3,44,0,21,69,7,97,62,8,70,167
11/16/2001,TXK,AR,ASW,CE,Federal Contract Tower,0,18,26,9,53,0,1,47,0,48,0,19,73,9,101,44,12,56,157
11/17/2001,TXK,AR,ASW,CE,Federal Contract Tower,0,17,20,3,40,0,0,41,2,43,0,17,61,5,83,64,10,74,157
11/18/2001,TXK,AR,ASW,CE,Federal Contract Tower,0,19,12,6,37,0,0,43,2,45,0,19,55,8,82,0,12,12,94
11/19/2001,TXK,AR,ASW,CE,Federal Contract Tower,0,22,24,2,48,0,0,12,0,12,0,22,36,2,60,6,0,6,66
11/20/2001,TXK,AR,ASW,CE,Federal Contract Tower,0,24,22,1,47,0,0,68,3,71,0,24,90,4,118,38,2,40,158
11/21/2001,TXK,AR,ASW,CE,Federal Contract Tower,0,25,26,2,53,0,0,63,0,63,0,25,89,2,116,50,0,50,166
11/22/2001,TXK,AR,ASW,CE,Federal Contract Tower,0,14,17,0,31,0,0,33,0,33,0,14,50,0,64,0,0,0,64
11/23/2001,TXK,AR,ASW,CE,Federal Contract Tower,0,14,10,0,24,0,0,12,0,12,0,14,22,0,36,0,0,0,36
11/24/2001,TXK,AR,ASW,CE,Federal Contract Tower,0,20,8,0,28,0,0,40,0,40,0,20,48,0,68,0,0,0,68
11/25/2001,TXK,AR,ASW,CE,Federal Contract Tower,0,19,22,1,42,0,1,60,0,61,0,20,82,1,103,76,0,76,179
11/26/2001,TXK,AR,ASW,CE,Federal Contract Tower,0,24,18,0,42,0,0,4,0,4,0,24,22,0,46,4,0,4,50
11/27/2001,TXK,AR,ASW,CE,Federal Contract Tower,0,22,22,0,44,0,0,32,0,32,0,22,54,0,76,20,0,20,96
11/28/2001,TXK,AR,ASW,CE,Federal Contract Tower,0,15,2,0,17,0,0,0,0,0,0,15,2,0,17,0,0,0,17
11/29/2001,TXK,AR,ASW,CE,Federal Contract Tower,0,16,16,0,32,0,0,0,0,0,0,16,16,0,32,0,0,0,32
11/30/2001,TXK,AR,ASW,CE,Federal Contract Tower,0,15,32,0,47,0,0,65,3,68,0,15,97,3,115,10,0,10,125
12/01/2001,TXK,AR,ASW,CE,Federal Contract Tower,0,19,10,0,29,0,0,51,0,51,0,19,61,0,80,134,0,134,214
12/02/2001,TXK,AR,ASW,CE,Federal Contract Tower,0,17,6,1,24,0,0,43,0,43,0,17,49,1,67,54,24,78,145
12/03/2001,TXK,AR,ASW,CE,Federal Contract Tower,0,29,25,7,61,0,0,22,0,22,0,29,47,7,83,30,6,36,119
12/04/2001,TXK,AR,ASW,CE,Federal Contract Tower,0,21,20,2,43,0,0,44,1,45,0,21,64,3,88,34,6,40,128
12/05/2001,TXK,AR,ASW,CE,Federal Contract Tower,0,24,35,2,61,0,1,17,0,18,0,25,52,2,79,0,0,0,79
12/06/2001,TXK,AR,ASW,CE,Federal Contract Tower,0,20,15,7,42,0,0,5,0,5,0,20,20,7,47,16,6,22,69
12/07/2001,TXK,AR,ASW,CE,Federal Contract Tower,0,18,20,0,38,0,0,8,0,8,0,18,28,0,46,0,0,0,46
12/08/2001,TXK,AR,ASW,CE,Federal Contract Tower,0,17,15,1,33,0,0,29,5,34,0,17,44,6,67,12,0,12,79
12/09/2001,TXK,AR,ASW,CE,Federal Contract Tower,0,14,23,4,41,0,0,43,2,45,0,14,66,6,86,36,4,40,126
12/10/2001,TXK,AR,ASW,CE,Federal Contract Tower,0,27,25,5,57,0,0,60,1,61,0,27,85,6,118,144,6,150,268
12/11/2001,TXK,AR,ASW,CE,Federal Contract Tower,0,17,15,0,32,0,0,17,2,19,0,17,32,2,51,4,0,4,55
12/12/2001,TXK,AR,ASW,CE,Federal Contract Tower,0,23,16,0,39,0,0,0,0,0,0,23,16,0,39,0,0,0,39
12/13/2001,TXK,AR,ASW,CE,Federal Contract Tower,0,21,18,0,39,0,0,0,0,0,0,21,18,0,39,0,0,0,39
12/14/2001,TXK,AR,ASW,CE,Federal Contract Tower,0,18,29,9,56,0,0,37,4,41,0,18,66,13,97,12,20,32,129
12/15/2001,TXK,AR,ASW,CE,Federal Contract Tower,0,19,9,2,30,0,0,6,0,6,0,19,15,2,36,34,0,34,70
12/16/2001,TXK,AR,ASW,CE,Federal Contract Tower,0,8,3,0,11,0,0,0,0,0,0,8,3,0,11,0,0,0,11
12/17/2001,TXK,AR,ASW,CE,Federal Contract Tower,0,23,9,7,39,0,0,25,0,25,0,23,34,7,64,46,8,54,118
12/18/2001,TXK,AR,ASW,CE,Federal Contract Tower,0,22,12,3,37,0,0,70,4,74,0,22,82,7,111,64,2,66,177
12/19/2001,TXK,AR,ASW,CE,Federal Contract Tower,0,22,12,8,42,0,0,40,1,41,0,22,52,9,83,46,20,66,149
12/20/2001,TXK,AR,ASW,CE,Federal Contract Tower,2,26,27,11,66,0,0,59,0,59,2,26,86,11,125,58,24,82,207
12/21/2001,TXK,AR,ASW,CE,Federal Contract Tower,0,20,23,3,46,0,0,46,3,49,0,20,69,6,95,20,2,22,117
12/22/2001,TXK,AR,ASW,CE,Federal Contract Tower,0,18,11,0,29,0,0,6,0,6,0,18,17,0,35,0,0,0,35
12/23/2001,TXK,AR,ASW,CE,Federal Contract Tower,2,17,7,2,28,0,4,36,0,40,2,21,43,2,68,28,0,28,96
12/24/2001,TXK,AR,ASW,CE,Federal Contract Tower,0,13,5,0,18,0,0,28,4,32,0,13,33,4,50,14,0,14,64
12/25/2001,TXK,AR,ASW,CE,Federal Contract Tower,0,13,3,0,16,0,1,19,0,20,0,14,22,0,36,8,0,8,44
12/26/2001,TXK,AR,ASW,CE,Federal Contract Tower,0,25,16,0,41,0,0,28,2,30,0,25,44,2,71,0,0,0,71
12/27/2001,TXK,AR,ASW,CE,Federal Contract Tower,0,23,9,6,38,0,0,35,2,37,0,23,44,8,75,10,18,28,103
12/28/2001,TXK,AR,ASW,CE,Federal Contract Tower,0,17,16,2,35,0,0,61,1,62,0,17,77,3,97,26,6,32,129
12/29/2001,TXK,AR,ASW,CE,Federal Contract Tower,0,20,13,0,33,0,0,39,0,39,0,20,52,0,72,10,0,10,82
12/30/2001,TXK,AR,ASW,CE,Federal Contract Tower,0,19,14,2,35,0,0,14,1,15,0,19,28,3,50,6,0,6,56
12/31/2001,TXK,AR,ASW,CE,Federal Contract Tower,0,16,5,0,21,0,0,23,0,23,0,16,28,0,44,30,0,30,74
01/01/2002,TXK,AR,ASW,CE,Federal Contract Tower,0,13,2,0,15,0,1,19,0,20,0,14,21,0,35,24,0,24,59
01/02/2002,TXK,AR,ASW,CE,Federal Contract Tower,0,23,13,2,38,0,0,42,0,42,0,23,55,2,80,22,0,22,102
01/03/2002,TXK,AR,ASW,CE,Federal Contract Tower,0,21,7,0,28,0,0,44,0,44,0,21,51,0,72,44,0,44,116
01/04/2002,TXK,AR,ASW,CE,Federal Contract Tower,0,13,13,9,35,0,0,43,1,44,0,13,56,10,79,30,16,46,125
01/05/2002,TXK,AR,ASW,CE,Federal Contract Tower,0,21,3,0,24,0,0,0,0,0,0,21,3,0,24,0,0,0,24
01/06/2002,TXK,AR,ASW,CE,Federal Contract Tower,0,18,10,0,28,0,0,41,1,42,0,18,51,1,70,24,0,24,94
01/07/2002,TXK,AR,ASW,CE,Federal Contract Tower,0,19,10,0,29,0,0,51,2,53,0,19,61,2,82,46,0,46,128
01/08/2002,TXK,AR,ASW,CE,Federal Contract Tower,0,19,10,0,29,0,0,44,2,46,0,19,54,2,75,12,0,12,87
01/09/2002,TXK,AR,ASW,CE,Federal Contract Tower,0,22,32,0,54,0,0,52,0,52,0,22,84,0,106,30,0,30,136
01/10/2002,TXK,AR,ASW,CE,Federal Contract Tower,0,22,26,0,48,0,0,7,0,7,0,22,33,0,55,0,0,0,55
01/11/2002,TXK,AR,ASW,CE,Federal Contract Tower,0,21,29,0,50,0,0,54,0,54,0,21,83,0,104,42,0,42,146
01/12/2002,TXK,AR,ASW,CE,Federal Contract Tower,0,15,7,0,22,0,0,49,0,49,0,15,56,0,71,24,0,24,95
01/13/2002,TXK,AR,ASW,CE,Federal Contract Tower,0,19,11,2,32,0,0,29,0,29,0,19,40,2,61,18,0,18,79
01/14/2002,TXK,AR,ASW,CE,Federal Contract Tower,0,21,21,0,42,0,1,50,0,51,0,22,71,0,93,0,0,0,93
01/15/2002,TXK,AR,ASW,CE,Federal Contract Tower,0,20,19,0,39,0,0,44,0,44,0,20,63,0,83,54,0,54,137
01/16/2002,TXK,AR,ASW,CE,Federal Contract Tower,0,22,32,0,54,0,0,27,0,27,0,22,59,0,81,14,0,14,95
01/17/2002,TXK,AR,ASW,CE,Federal Contract Tower,0,22,20,0,42,0,0,10,0,10,0,22,30,0,52,32,0,32,84
01/18/2002,TXK,AR,ASW,CE,Federal Contract Tower,0,15,21,0,36,0,2,6,0,8,0,17,27,0,44,0,0,0,44
01/19/2002,TXK,AR,ASW,CE,Federal Contract Tower,0,14,7,0,21,0,0,7,0,7,0,14,14,0,28,0,0,0,28
01/20/2002,TXK,AR,ASW,CE,Federal Contract Tower,0,17,17,0,34,0,0,18,0,18,0,17,35,0,52,24,0,24,76
01/21/2002,TXK,AR,ASW,CE,Federal Contract Tower,0,20,4,0,24,0,1,47,0,48,0,21,51,0,72,20,0,20,92
01/22/2002,TXK,AR,ASW,CE,Federal Contract Tower,0,21,23,0,44,0,0,5,6,11,0,21,28,6,55,0,0,0,55
01/23/2002,TXK,AR,ASW,CE,Federal Contract Tower,0,20,16,0,36,0,3,14,0,17,0,23,30,0,53,4,0,4,57
01/24/2002,TXK,AR,ASW,CE,Federal Contract Tower,0,20,14,0,34,0,0,1,0,1,0,20,15,0,35,2,0,2,37
01/25/2002,TXK,AR,ASW,CE,Federal Contract Tower,0,17,15,5,37,0,0,60,7,67,0,17,75,12,104,82,0,82,186
01/26/2002,TXK,AR,ASW,CE,Federal Contract Tower,0,15,4,0,19,0,2,59,2,63,0,17,63,2,82,20,0,20,102
01/27/2002,TXK,AR,ASW,CE,Federal Contract Tower,0,18,11,0,29,0,0,39,0,39,0,18,50,0,68,4,0,4,72
01/28/2002,TXK,AR,ASW,CE,Federal Contract Tower,0,21,20,2,43,0,0,25,0,25,0,21,45,2,68,16,0,16,84
01/29/2002,TXK,AR,ASW,CE,Federal Contract Tower,0,20,23,0,43,0,0,21,20,41,0,20,44,20,84,0,0,0,84
01/30/2002,TXK,AR,ASW,CE,Federal Contract Tower,0,22,19,0,41,0,0,15,0,15,0,22,34,0,56,0,0,0,56
01/31/2002,TXK,AR,ASW,CE,Federal Contract Tower,0,22,9,0,31,0,0,4,0,4,0,22,13,0,35,8,0,8,43
02/01/2002,TXK,AR,ASW,CE,Federal Contract Tower,0,18,16,3,37,0,1,41,0,42,0,19,57,3,79,4,6,10,89
02/02/2002,TXK,AR,ASW,CE,Federal Contract Tower,0,16,8,0,24,0,0,33,0,33,0,16,41,0,57,40,2,42,99
02/03/2002,TXK,AR,ASW,CE,Federal Contract Tower,2,17,5,0,24,0,0,23,2,25,2,17,28,2,49,0,0,0,49
02/04/2002,TXK,AR,ASW,CE,Federal Contract Tower,0,22,16,2,40,0,0,47,0,47,0,22,63,2,87,22,0,22,109
02/05/2002,TXK,AR,ASW,CE,Federal Contract Tower,0,10,6,0,16,0,0,0,0,0,0,10,6,0,16,0,0,0,16
02/06/2002,TXK,AR,ASW,CE,Federal Contract Tower,0,19,8,0,27,0,0,0,0,0,0,19,8,0,27,0,0,0,27
02/07/2002,TXK,AR,ASW,CE,Federal Contract Tower,0,19,21,2,42,0,0,16,0,16,0,19,37,2,58,6,0,6,64
02/08/2002,TXK,AR,ASW,CE,Federal Contract Tower,0,14,14,0,28,0,1,39,2,42,0,15,53,2,70,20,0,20,90
02/09/2002,TXK,AR,ASW,CE,Federal Contract Tower,0,14,10,3,27,0,0,16,0,16,0,14,26,3,43,2,8,10,53
02/10/2002,TXK,AR,ASW,CE,Federal Contract Tower,0,17,17,0,34,0,0,12,0,12,0,17,29,0,46,0,0,0,46
02/11/2002,TXK,AR,ASW,CE,Federal Contract Tower,0,24,14,0,38,0,0,59,2,61,0,24,73,2,99,2,0,2,101
02/12/2002,TXK,AR,ASW,CE,Federal Contract Tower,0,26,11,2,39,0,0,44,4,48,0,26,55,6,87,2,14,16,103
02/13/2002,TXK,AR,ASW,CE,Federal Contract Tower,0,25,22,0,47,0,0,49,0,49,0,25,71,0,96,32,0,32,128
02/14/2002,TXK,AR,ASW,CE,Federal Contract Tower,0,27,12,0,39,0,0,34,1,35,0,27,46,1,74,4,0,4,78
02/15/2002,TXK,AR,ASW,CE,Federal Contract Tower,0,18,22,6,46,0,0,35,1,36,0,18,57,7,82,58,0,58,140
02/16/2002,TXK,AR,ASW,CE,Federal Contract Tower,0,14,11,0,25,0,0,57,2,59,0,14,68,2,84,62,0,62,146
02/17/2002,TXK,AR,ASW,CE,Federal Contract Tower,0,16,18,0,34,0,0,44,0,44,0,16,62,0,78,28,0,28,106
02/18/2002,TXK,AR,ASW,CE,Federal Contract Tower,0,19,26,2,47,0,0,42,0,42,0,19,68,2,89,32,0,32,121
02/19/2002,TXK,AR,ASW,CE,Federal Contract Tower,0,22,13,0,35,0,0,3,0,3,0,22,16,0,38,0,0,0,38
02/20/2002,TXK,AR,ASW,CE,Federal Contract Tower,0,24,24,6,54,0,1,45,3,49,0,25,69,9,103,38,20,58,161
02/21/2002,TXK,AR,ASW,CE,Federal Contract Tower,0,21,26,3,50,0,0,40,0,40,0,21,66,3,90,18,0,18,108
02/22/2002,TXK,AR,ASW,CE,Federal Contract Tower,0,19,22,3,44,0,2,39,0,41,0,21,61,3,85,40,6,46,131
02/23/2002,TXK,AR,ASW,CE,Federal Contract Tower,0,15,10,0,25,0,0,64,4,68,0,15,74,4,93,68,0,68,161
02/24/2002,TXK,AR,ASW,CE,Federal Contract Tower,0,17,11,3,31,0,0,49,0,49,0,17,60,3,80,24,0,24,104
02/25/2002,TXK,AR,ASW,CE,Federal Contract Tower,0,22,23,0,45,0,0,8,0,8,0,22,31,0,53,6,0,6,59
02/26/2002,TXK,AR,ASW,CE,Federal Contract Tower,0,19,16,1,36,0,0,11,1,12,0,19,27,2,48,0,0,0,48
02/27/2002,TXK,AR,ASW,CE,Federal Contract Tower,0,24,19,6,49,0,0,45,0,45,0,24,64,6,94,58,6,64,158
02/28/2002,TXK,AR,ASW,CE,Federal Contract Tower,0,22,14,0,36,0,0,45,2,47,0,22,59,2,83,26,2,28,111
03/01/2002,TXK,AR,ASW,CE,Federal Contract Tower,0,18,24,0,42,0,0,0,0,0,0,18,24,0,42,0,0,0,42
03/02/2002,TXK,AR,ASW,CE,Federal Contract Tower,0,13,10,0,23,0,0,0,0,0,0,13,10,0,23,0,0,0,23
03/03/2002,TXK,AR,ASW,CE,Federal Contract Tower,0,19,9,2,30,0,0,20,0,20,0,19,29,2,50,6,0,6,56
03/04/2002,TXK,AR,ASW,CE,Federal Contract Tower,0,18,11,4,33,0,1,46,0,47,0,19,57,4,80,8,0,8,88
03/05/2002,TXK,AR,ASW,CE,Federal Contract Tower,3,17,23,2,45,0,0,39,0,39,3,17,62,2,84,8,2,10,94
03/06/2002,TXK,AR,ASW,CE,Federal Contract Tower,1,22,27,0,50,0,1,33,0,34,1,23,60,0,84,18,0,18,102
03/07/2002,TXK,AR,ASW,CE,Federal Contract Tower,0,21,30,2,53,0,0,19,0,19,0,21,49,2,72,6,0,6,78
03/08/2002,TXK,AR,ASW,CE,Federal Contract Tower,0,17,27,2,46,0,0,25,0,25,0,17,52,2,71,11,0,11,82
03/09/2002,TXK,AR,ASW,CE,Federal Contract Tower,0,14,13,0,27,0,0,20,0,20,0,14,33,0,47,4,0,4,51
03/10/2002,TXK,AR,ASW,CE,Federal Contract Tower,0,14,15,2,31,0,1,69,10,80,0,15,84,12,111,12,4,16,127
03/11/2002,TXK,AR,ASW,CE,Federal Contract Tower,0,21,16,0,37,0,0,1,0,1,0,21,17,0,38,0,0,0,38
03/12/2002,TXK,AR,ASW,CE,Federal Contract Tower,0,20,24,9,53,0,0,32,1,33,0,20,56,10,86,40,8,48,134
03/13/2002,TXK,AR,ASW,CE,Federal Contract Tower,0,20,26,14,60,0,0,72,1,73,0,20,98,15,133,90,46,136,269
03/14/2002,TXK,AR,ASW,CE,Federal Contract Tower,0,18,32,4,54,0,0,17,0,17,0,18,49,4,71,12,8,20,91
03/15/2002,TXK,AR,ASW,CE,Federal Contract Tower,0,15,29,2,46,0,0,24,0,24,0,15,53,2,70,0,0,0,70
03/16/2002,TXK,AR,ASW,CE,Federal Contract Tower,0,16,20,0,36,0,0,34,12,46,0,16,54,12,82,20,0,20,102
03/17/2002,TXK,AR,ASW,CE,Federal Contract Tower,0,14,12,0,26,0,0,1,0,1,0,14,13,0,27,2,0,2,29
03/18/2002,TXK,AR,ASW,CE,Federal Contract Tower,0,20,14,0,34,0,0,5,0,5,0,20,19,0,39,0,0,0,39
03/19/2002,TXK,AR,ASW,CE,Federal Contract Tower,0,16,13,0,29,0,0,0,0,0,0,16,13,0,29,0,0,0,29
03/20/2002,TXK,AR,ASW,CE,Federal Contract Tower,0,22,17,0,39,0,0,9,0,9,0,22,26,0,48,50,0,50,98
03/21/2002,TXK,AR,ASW,CE,Federal Contract Tower,0,22,31,2,55,0,1,46,1,48,0,23,77,3,103,12,0,12,115
03/22/2002,TXK,AR,ASW,CE,Federal Contract Tower,0,15,20,0,35,0,0,53,0,53,0,15,73,0,88,116,0,116,204
03/23/2002,TXK,AR,ASW,CE,Federal Contract Tower,0,13,13,0,26,0,0,47,0,47,0,13,60,0,73,16,0,16,89
03/24/2002,TXK,AR,ASW,CE,Federal Contract Tower,0,14,25,2,41,0,0,19,0,19,0,14,44,2,60,26,0,26,86
03/25/2002,TXK,AR,ASW,CE,Federal Contract Tower,0,18,16,0,34,0,0,14,0,14,0,18,30,0,48,14,0,14,62
03/26/2002,TXK,AR,ASW,CE,Federal Contract Tower,0,17,22,0,39,0,1,25,0,26,0,18,47,0,65,50,0,50,115
03/27/2002,TXK,AR,ASW,CE,Federal Contract Tower,3,22,26,3,54,0,1,72,0,73,3,23,98,3,127,104,10,114,241
03/28/2002,TXK,AR,ASW,CE,Federal Contract Tower,0,18,16,6,40,0,0,39,0,39,0,18,55,6,79,64,10,74,153
03/29/2002,TXK,AR,ASW,CE,Federal Contract Tower,0,14,24,2,40,0,0,12,2,14,0,14,36,4,54,16,0,16,70
03/30/2002,TXK,AR,ASW,CE,Federal Contract Tower,0,13,5,0,18,0,0,0,0,0,0,13,5,0,18,0,0,0,18
03/31/2002,TXK,AR,ASW,CE,Federal Contract Tower,0,14,7,0,21,0,0,17,0,17,0,14,24,0,38,10,0,10,48
04/01/2002,TXK,AR,ASW,CE,Federal Contract Tower,0,21,14,0,35,0,0,52,0,52,0,21,66,0,87,18,0,18,105
04/02/2002,TXK,AR,ASW,CE,Federal Contract Tower,0,19,20,8,47,0,0,32,0,32,0,19,52,8,79,12,24,36,115
04/03/2002,TXK,AR,ASW,CE,Federal Contract Tower,0,17,22,4,43,0,0,47,0,47,0,17,69,4,90,56,14,70,160
04/04/2002,TXK,AR,ASW,CE,Federal Contract Tower,0,19,33,9,61,0,0,43,0,43,0,19,76,9,104,32,54,86,190
04/05/2002,TXK,AR,ASW,CE,Federal Contract Tower,0,14,16,11,41,0,5,53,4,62,0,19,69,15,103,44,48,92,195
04/06/2002,TXK,AR,ASW,CE,Federal Contract Tower,0,16,12,2,30,0,0,39,2,41,0,16,51,4,71,58,2,60,131
04/07/2002,TXK,AR,ASW,CE,Federal Contract Tower,0,9,11,0,20,0,1,4,0,5,0,10,15,0,25,0,0,0,25
04/08/2002,TXK,AR,ASW,CE,Federal Contract Tower,0,17,12,0,29,0,0,9,0,9,0,17,21,0,38,0,0,0,38
04/09/2002,TXK,AR,ASW,CE,Federal Contract Tower,0,19,18,9,46,0,0,21,0,21,0,19,39,9,67,14,4,18,85
04/10/2002,TXK,AR,ASW,CE,Federal Contract Tower,0,18,15,6,39,0,0,67,1,68,0,18,82,7,107,64,24,88,195
04/11/2002,TXK,AR,ASW,CE,Federal Contract Tower,0,19,23,10,52,0,1,47,0,48,0,20,70,10,100,48,20,68,168
04/12/2002,TXK,AR,ASW,CE,Federal Contract Tower,0,14,25,6,45,0,0,71,0,71,0,14,96,6,116,88,14,102,218
04/13/2002,TXK,AR,ASW,CE,Federal Contract Tower,0,11,11,0,22,0,0,37,0,37,0,11,48,0,59,30,0,30,89
04/14/2002,TXK,AR,ASW,CE,Federal Contract Tower,0,14,19,0,33,0,0,22,0,22,0,14,41,0,55,0,0,0,55
04/15/2002,TXK,AR,ASW,CE,Federal Contract Tower,0,18,17,0,35,0,0,12,0,12,0,18,29,0,47,6,0,6,53
04/16/2002,TXK,AR,ASW,CE,Federal Contract Tower,0,17,20,0,37,0,0,20,0,20,0,17,40,0,57,8,0,8,65
04/17/2002,TXK,AR,ASW,CE,Federal Contract Tower,0,16,12,2,30,0,0,33,1,34,0,16,45,3,64,14,2,16,80
04/18/2002,TXK,AR,ASW,CE,Federal Contract Tower,0,18,34,5,57,0,0,48,0,48,0,18,82,5,105,42,6,48,153
04/19/2002,TXK,AR,ASW,CE,Federal Contract Tower,0,14,28,0,42,0,0,31,0,31,0,14,59,0,73,22,0,22,95
04/20/2002,TXK,AR,ASW,CE,Federal Contract Tower,0,14,14,2,30,0,0,19,2,21,0,14,33,4,51,52,0,52,103
04/21/2002,TXK,AR,ASW,CE,Federal Contract Tower,0,16,18,0,34,0,0,13,0,13,0,16,31,0,47,24,0,24,71
04/22/2002,TXK,AR,ASW,CE,Federal Contract Tower,0,17,11,4,32,0,0,41,0,41,0,17,52,4,73,8,4,12,85
04/23/2002,TXK,AR,ASW,CE,Federal Contract Tower,0,18,25,5,48,0,0,23,2,25,0,18,48,7,73,36,12,48,121
04/24/2002,TXK,AR,ASW,CE,Federal Contract Tower,0,17,26,16,59,0,1,19,2,22,0,18,45,18,81,0,30,30,111
04/25/2002,TXK,AR,ASW,CE,Federal Contract Tower,0,20,18,10,48,0,0,40,0,40,0,20,58,10,88,44,28,72,160
04/26/2002,TXK,AR,ASW,CE,Federal Contract Tower,0,17,13,0,30,0,0,5,2,7,0,17,18,2,37,0,0,0,37
04/27/2002,TXK,AR,ASW,CE,Federal Contract Tower,0,14,17,0,31,0,0,12,0,12,0,14,29,0,43,22,0,22,65
04/28/2002,TXK,AR,ASW,CE,Federal Contract Tower,0,14,27,2,43,0,0,15,0,15,0,14,42,2,58,4,0,4,62
04/29/2002,TXK,AR,ASW,CE,Federal Contract Tower,0,22,16,27,65,0,0,29,0,29,0,22,45,27,94,24,70,94,188
04/30/2002,TXK,AR,ASW,CE,Federal Contract Tower,0,22,20,6,48,0,0,11,0,11,0,22,31,6,59,18,8,26,85
05/01/2002,TXK,AR,ASW,CE,Federal Contract Tower,0,19,21,6,46,0,0,24,2,26,0,19,45,8,72,42,12,54,126
05/02/2002,TXK,AR,ASW,CE,Federal Contract Tower,0,22,21,0,43,0,0,19,2,21,0,22,40,2,64,0,0,0,64
05/03/2002,TXK,AR,ASW,CE,Federal Contract Tower,0,17,18,0,35,0,0,1,0,1,0,17,19,0,36,2,0,2,38
05/04/2002,TXK,AR,ASW,CE,Federal Contract Tower,0,13,18,0,31,0,0,12,0,12,0,13,30,0,43,0,0,0,43
05/05/2002,TXK,AR,ASW,CE,Federal Contract Tower,0,16,8,2,26,0,0,12,0,12,0,16,20,2,38,2,4,6,44
05/06/2002,TXK,AR,ASW,CE,Federal Contract Tower,0,18,22,11,51,0,0,30,0,30,0,18,52,11,81,16,16,32,113
05/07/2002,TXK,AR,ASW,CE,Federal Contract Tower,0,18,20,6,44,0,0,26,1,27,0,18,46,7,71,64,22,86,157
05/08/2002,TXK,AR,ASW,CE,Federal Contract Tower,0,18,18,0,36,0,0,26,0,26,0,18,44,0,62,8,0,8,70
05/09/2002,TXK,AR,ASW,CE,Federal Contract Tower,0,18,25,0,43,0,0,29,0,29,0,18,54,0,72,46,0,46,118
05/10/2002,TXK,AR,ASW,CE,Federal Contract Tower,0,18,20,1,39,0,1,3,0,4,0,19,23,1,43,0,0,0,43
05/11/2002,TXK,AR,ASW,CE,Federal Contract Tower,0,16,22,0,38,0,0,49,0,49,0,16,71,0,87,12,0,12,99
05/12/2002,TXK,AR,ASW,CE,Federal Contract Tower,0,15,3,0,18,0,0,21,0,21,0,15,24,0,39,2,0,2,41
05/13/2002,TXK,AR,ASW,CE,Federal Contract Tower,0,21,24,14,59,0,0,48,4,52,0,21,72,18,111,54,52,106,217
05/14/2002,TXK,AR,ASW,CE,Federal Contract Tower,0,21,7,2,30,0,0,71,2,73,0,21,78,4,103,74,6,80,183
05/15/2002,TXK,AR,ASW,CE,Federal Contract Tower,0,19,22,6,47,0,0,58,1,59,0,19,80,7,106,6,10,16,122
05/16/2002,TXK,AR,ASW,CE,Federal Contract Tower,0,17,33,8,58,0,0,34,1,35,0,17,67,9,93,16,20,36,129
05/17/2002,TXK,AR,ASW,CE,Federal Contract Tower,0,12,18,0,30,0,0,9,1,10,0,12,27,1,40,10,0,10,50
05/18/2002,TXK,AR,ASW,CE,Federal Contract Tower,0,13,11,3,27,0,0,61,4,65,0,13,72,7,92,14,0,14,106
05/19/2002,TXK,AR,ASW,CE,Federal Contract Tower,0,15,18,3,36,0,0,75,0,75,0,15,93,3,111,30,4,34,145
05/20/2002,TXK,AR,ASW,CE,Federal Contract Tower,0,17,18,2,37,0,1,54,0,55,0,18,72,2,92,20,6,26,118
05/21/2002,TXK,AR,ASW,CE,Federal Contract Tower,0,17,25,0,42,0,0,60,0,60,0,17,85,0,102,16,0,16,118
05/22/2002,TXK,AR,ASW,CE,Federal Contract Tower,0,18,22,4,44,0,1,41,2,44,0,19,63,6,88,8,10,18,106
05/23/2002,TXK,AR,ASW,CE,Federal Contract Tower,0,19,28,10,57,0,0,45,3,48,0,19,73,13,105,64,16,80,185
05/24/2002,TXK,AR,ASW,CE,Federal Contract Tower,0,16,16,2,34,0,0,60,0,60,0,16,76,2,94,50,2,52,146
05/25/2002,TXK,AR,ASW,CE,Federal Contract Tower,0,12,5,1,18,0,0,41,0,41,0,12,46,1,59,108,0,108,167
05/26/2002,TXK,AR,ASW,CE,Federal Contract Tower,0,13,8,0,21,0,0,39,0,39,0,13,47,0,60,4,0,4,64
05/27/2002,TXK,AR,ASW,CE,Federal Contract Tower,0,13,19,0,32,0,0,10,0,10,0,13,29,0,42,0,0,0,42
05/28/2002,TXK,AR,ASW,CE,Federal Contract Tower,0,18,16,0,34,0,0,39,0,39,0,18,55,0,73,52,0,52,125
05/29/2002,TXK,AR,ASW,CE,Federal Contract Tower,0,18,18,0,36,0,0,33,0,33,0,18,51,0,69,36,0,36,105
05/30/2002,TXK,AR,ASW,CE,Federal Contract Tower,0,21,39,7,67,0,0,19,0,19,0,21,58,7,86,80,22,102,188
05/31/2002,TXK,AR,ASW,CE,Federal Contract Tower,0,16,34,0,50,0,0,63,0,63,0,16,97,0,113,42,0,42,155
06/01/2002,TXK,AR,ASW,CE,Federal Contract Tower,0,14,9,0,23,0,0,63,0,63,0,14,72,0,86,54,0,54,140
06/02/2002,TXK,AR,ASW,CE,Federal Contract Tower,0,13,10,0,23,0,0,46,2,48,0,13,56,2,71,54,0,54,125
06/03/2002,TXK,AR,ASW,CE,Federal Contract Tower,0,20,7,3,30,0,0,41,3,44,0,20,48,6,74,24,4,28,102
06/04/2002,TXK,AR,ASW,CE,Federal Contract Tower,0,18,22,1,41,0,0,31,3,34,0,18,53,4,75,20,0,20,95
06/05/2002,TXK,AR,ASW,CE,Federal Contract Tower,0,20,26,3,49,0,0,28,1,29,0,20,54,4,78,46,0,46,124
06/06/2002,TXK,AR,ASW,CE,Federal Contract Tower,0,23,22,10,55,0,0,36,4,40,0,23,58,14,95,18,24,42,137
06/07/2002,TXK,AR,ASW,CE,Federal Contract Tower,0,16,16,3,35,0,0,40,4,44,0,16,56,7,79,36,6,42,121
06/08/2002,TXK,AR,ASW,CE,Federal Contract Tower,0,14,6,2,22,0,0,55,11,66,0,14,61,13,88,8,16,24,112
06/09/2002,TXK,AR,ASW,CE,Federal Contract Tower,0,14,16,0,30,0,0,17,0,17,0,14,33,0,47,0,0,0,47
06/10/2002,TXK,AR,ASW,CE,Federal Contract Tower,0,18,14,1,33,0,0,34,5,39,0,18,48,6,72,82,14,96,168
06/11/2002,TXK,AR,ASW,CE,Federal Contract Tower,0,21,14,5,40,0,0,14,5,19,0,21,28,10,59,48,0,48,107
06/12/2002,TXK,AR,ASW,CE,Federal Contract Tower,0,18,20,7,45,0,0,59,3,62,0,18,79,10,107,44,18,62,169
06/13/2002,TXK,AR,ASW,CE,Federal Contract Tower,0,18,18,2,38,0,0,40,1,41,0,18,58,3,79,42,0,42,121
06/14/2002,TXK,AR,ASW,CE,Federal Contract Tower,0,18,12,4,34,0,0,31,2,33,0,18,43,6,67,4,4,8,75
06/15/2002,TXK,AR,ASW,CE,Federal Contract Tower,0,15,15,1,31,0,0,42,2,44,0,15,57,3,75,8,0,8,83
06/16/2002,TXK,AR,ASW,CE,Federal Contract Tower,0,17,12,0,29,0,0,32,0,32,0,17,44,0,61,10,0,10,71
06/17/2002,TXK,AR,ASW,CE,Federal Contract Tower,0,19,19,0,38,0,0,57,0,57,0,19,76,0,95,46,0,46,141
06/18/2002,TXK,AR,ASW,CE,Federal Contract Tower,0,18,11,4,33,0,0,50,4,54,0,18,61,8,87,20,18,38,125
06/19/2002,TXK,AR,ASW,CE,Federal Contract Tower,0,18,19,9,46,0,0,41,0,41,0,18,60,9,87,50,46,96,183
06/20/2002,TXK,AR,ASW,CE,Federal Contract Tower,0,17,31,2,50,0,1,54,1,56,0,18,85,3,106,20,4,24,130
06/21/2002,TXK,AR,ASW,CE,Federal Contract Tower,0,15,21,14,50,0,0,34,0,34,0,15,55,14,84,30,26,56,140
06/22/2002,TXK,AR,ASW,CE,Federal Contract Tower,0,12,4,0,16,0,0,52,0,52,0,12,56,0,68,108,0,108,176
06/23/2002,TXK,AR,ASW,CE,Federal Contract Tower,0,14,12,0,26,0,0,40,12,52,0,14,52,12,78,50,0,50,128
06/24/2002,TXK,AR,ASW,CE,Federal Contract Tower,0,22,25,23,70,0,0,33,3,36,0,22,58,26,106,18,48,66,172
06/25/2002,TXK,AR,ASW,CE,Federal Contract Tower,0,17,18,15,50,0,0,19,0,19,0,17,37,15,69,12,38,50,119
06/26/2002,TXK,AR,ASW,CE,Federal Contract Tower,0,18,14,6,38,0,0,11,0,11,0,18,25,6,49,4,4,8,57
06/27/2002,TXK,AR,ASW,CE,Federal Contract Tower,0,20,33,11,64,0,0,35,1,36,0,20,68,12,100,88,28,116,216
06/28/2002,TXK,AR,ASW,CE,Federal Contract Tower,0,18,28,17,63,0,0,29,0,29,0,18,57,17,92,46,26,72,164
06/29/2002,TXK,AR,ASW,CE,Federal Contract Tower,0,14,21,0,35,0,0,8,0,8,0,14,29,0,43,16,0,16,59
06/30/2002,TXK,AR,ASW,CE,Federal Contract Tower,0,13,18,10,41,0,0,16,0,16,0,13,34,10,57,24,34,58,115
07/01/2002,TXK,AR,ASW,CE,Federal Contract Tower,0,24,14,3,41,0,0,16,0,16,0,24,30,3,57,8,12,20,77
07/02/2002,TXK,AR,ASW,CE,Federal Contract Tower,0,19,21,5,45,0,0,12,0,12,0,19,33,5,57,6,10,16,73
07/03/2002,TXK,AR,ASW,CE,Federal Contract Tower,0,23,14,4,41,0,0,23,0,23,0,23,37,4,64,20,6,26,90
07/04/2002,TXK,AR,ASW,CE,Federal Contract Tower,0,11,9,2,22,0,0,24,2,26,0,11,33,4,48,6,0,6,54
07/05/2002,TXK,AR,ASW,CE,Federal Contract Tower,0,11,11,0,22,0,0,35,0,35,0,11,46,0,57,10,0,10,67
07/06/2002,TXK,AR,ASW,CE,Federal Contract Tower,0,12,7,2,21,0,0,53,0,53,0,12,60,2,74,60,0,60,134
07/07/2002,TXK,AR,ASW,CE,Federal Contract Tower,0,13,13,0,26,0,0,32,2,34,0,13,45,2,60,46,0,46,106
07/08/2002,TXK,AR,ASW,CE,Federal Contract Tower,0,26,22,10,58,0,0,28,5,33,0,26,50,15,91,12,20,32,123
07/09/2002,TXK,AR,ASW,CE,Federal Contract Tower,0,21,20,9,50,0,0,41,0,41,0,21,61,9,91,22,12,34,125
07/10/2002,TXK,AR,ASW,CE,Federal Contract Tower,0,22,21,8,51,0,0,40,0,40,0,22,61,8,91,100,22,122,213
07/11/2002,TXK,AR,ASW,CE,Federal Contract Tower,0,20,19,8,47,0,0,40,1,41,0,20,59,9,88,16,4,20,108
07/12/2002,TXK,AR,ASW,CE,Federal Contract Tower,0,19,35,35,89,0,0,23,0,23,0,19,58,35,112,6,56,62,174
07/13/2002,TXK,AR,ASW,CE,Federal Contract Tower,1,13,24,1,39,0,0,22,1,23,1,13,46,2,62,16,0,16,78
07/14/2002,TXK,AR,ASW,CE,Federal Contract Tower,0,14,27,0,41,0,0,35,0,35,0,14,62,0,76,30,0,30,106
07/15/2002,TXK,AR,ASW,CE,Federal Contract Tower,0,21,15,4,40,0,0,23,3,26,0,21,38,7,66,32,4,36,102
07/16/2002,TXK,AR,ASW,CE,Federal Contract Tower,0,18,23,0,41,0,0,2,1,3,0,18,25,1,44,6,0,6,50
07/17/2002,TXK,AR,ASW,CE,Federal Contract Tower,0,17,23,2,42,0,0,11,0,11,0,17,34,2,53,48,0,48,101
07/18/2002,TXK,AR,ASW,CE,Federal Contract Tower,0,20,17,13,50,0,0,54,2,56,0,20,71,15,106,104,38,142,248
07/19/2002,TXK,AR,ASW,CE,Federal Contract Tower,0,18,6,4,28,0,0,56,0,56,0,18,62,4,84,60,12,72,156
07/20/2002,TXK,AR,ASW,CE,Federal Contract Tower,0,14,5,0,19,0,0,51,0,51,0,14,56,0,70,40,0,40,110
07/21/2002,TXK,AR,ASW,CE,Federal Contract Tower,0,14,9,2,25,0,0,43,2,45,0,14,52,4,70,24,0,24,94
07/22/2002,TXK,AR,ASW,CE,Federal Contract Tower,0,20,22,17,59,0,0,25,0,25,0,20,47,17,84,4,40,44,128
07/23/2002,TXK,AR,ASW,CE,Federal Contract Tower,0,17,26,3,46,0,0,46,0,46,0,17,72,3,92,18,6,24,116
07/24/2002,TXK,AR,ASW,CE,Federal Contract Tower,0,17,21,3,41,0,0,37,0,37,0,17,58,3,78,46,22,68,146
07/25/2002,TXK,AR,ASW,CE,Federal Contract Tower,0,18,20,13,51,0,0,54,1,55,0,18,74,14,106,29,16,45,151
07/26/2002,TXK,AR,ASW,CE,Federal Contract Tower,0,15,27,4,46,0,0,36,0,36,0,15,63,4,82,32,6,38,120
07/27/2002,TXK,AR,ASW,CE,Federal Contract Tower,2,15,11,0,28,0,0,42,6,48,2,15,53,6,76,2,0,2,78
07/28/2002,TXK,AR,ASW,CE,Federal Contract Tower,0,16,15,0,31,0,0,31,0,31,0,16,46,0,62,84,0,84,146
07/29/2002,TXK,AR,ASW,CE,Federal Contract Tower,0,20,14,6,40,0,0,17,2,19,0,20,31,8,59,4,8,12,71
07/30/2002,TXK,AR,ASW,CE,Federal Contract Tower,0,20,29,3,52,0,0,40,0,40,0,20,69,3,92,62,6,68,160
07/31/2002,TXK,AR,ASW,CE,Federal Contract Tower,0,18,16,1,35,0,0,47,1,48,0,18,63,2,83,66,4,70,153
08/01/2002,TXK,AR,ASW,CE,Federal Contract Tower,0,19,17,2,38,0,0,37,0,37,0,19,54,2,75,68,4,72,147
08/02/2002,TXK,AR,ASW,CE,Federal Contract Tower,0,18,20,0,38,0,0,33,0,33,0,18,53,0,71,2,0,2,73
08/03/2002,TXK,AR,ASW,CE,Federal Contract Tower,0,17,12,0,29,0,0,48,0,48,0,17,60,0,77,48,0,48,125
08/04/2002,TXK,AR,ASW,CE,Federal Contract Tower,0,15,20,0,35,0,0,28,0,28,0,15,48,0,63,14,0,14,77
08/05/2002,TXK,AR,ASW,CE,Federal Contract Tower,0,21,20,12,53,0,0,32,0,32,0,21,52,12,85,8,52,60,145
08/06/2002,TXK,AR,ASW,CE,Federal Contract Tower,0,19,12,12,43,0,0,47,2,49,0,19,59,14,92,28,74,102,194
08/07/2002,TXK,AR,ASW,CE,Federal Contract Tower,0,20,16,2,38,0,0,25,0,25,0,20,41,2,63,34,8,42,105
08/08/2002,TXK,AR,ASW,CE,Federal Contract Tower,0,20,13,4,37,0,0,47,0,47,0,20,60,4,84,66,8,74,158
08/09/2002,TXK,AR,ASW,CE,Federal Contract Tower,0,16,17,0,33,0,0,52,0,52,0,16,69,0,85,38,0,38,123
08/10/2002,TXK,AR,ASW,CE,Federal Contract Tower,0,15,7,0,22,0,2,44,0,46,0,17,51,0,68,30,0,30,98
08/11/2002,TXK,AR,ASW,CE,Federal Contract Tower,0,15,16,8,39,0,0,42,3,45,0,15,58,11,84,0,10,10,94
08/12/2002,TXK,AR,ASW,CE,Federal Contract Tower,0,24,6,8,38,0,0,27,6,33,0,24,33,14,71,22,26,48,119
08/13/2002,TXK,AR,ASW,CE,Federal Contract Tower,0,20,26,3,49,0,0,23,0,23,0,20,49,3,72,12,24,36,108
08/14/2002,TXK,AR,ASW,CE,Federal Contract Tower,0,19,6,0,25,0,0,20,0,20,0,19,26,0,45,64,0,64,109
08/15/2002,TXK,AR,ASW,CE,Federal Contract Tower,0,21,18,10,49,0,0,21,0,21,0,21,39,10,70,18,34,52,122
08/16/2002,TXK,AR,ASW,CE,Federal Contract Tower,0,22,18,16,56,0,0,5,2,7,0,22,23,18,63,0,0,0,63
08/17/2002,TXK,AR,ASW,CE,Federal Contract Tower,0,15,11,0,26,0,0,18,0,18,0,15,29,0,44,20,0,20,64
08/18/2002,TXK,AR,ASW,CE,Federal Contract Tower,0,13,8,11,32,0,0,33,1,34,0,13,41,12,66,4,0,4,70
08/19/2002,TXK,AR,ASW,CE,Federal Contract Tower,0,22,8,13,43,0,0,29,0,29,0,22,37,13,72,8,30,38,110
08/20/2002,TXK,AR,ASW,CE,Federal Contract Tower,0,22,22,2,46,0,0,31,0,31,0,22,53,2,77,22,10,32,109
08/21/2002,TXK,AR,ASW,CE,Federal Contract Tower,0,20,24,15,59,0,0,36,0,36,0,20,60,15,95,24,32,56,151
08/22/2002,TXK,AR,ASW,CE,Federal Contract Tower,0,20,14,11,45,0,0,35,5,40,0,20,49,16,85,36,16,52,137
08/23/2002,TXK,AR,ASW,CE,Federal Contract Tower,0,18,19,3,40,0,0,44,1,45,0,18,63,4,85,4,26,30,115
08/24/2002,TXK,AR,ASW,CE,Federal Contract Tower,0,17,11,0,28,0,0,64,4,68,0,17,75,4,96,24,26,50,146
08/25/2002,TXK,AR,ASW,CE,Federal Contract Tower,0,16,5,2,23,0,0,36,0,36,0,16,41,2,59,20,4,24,83
08/26/2002,TXK,AR,ASW,CE,Federal Contract Tower,0,31,22,0,53,0,0,34,0,34,0,31,56,0,87,14,0,14,101
08/27/2002,TXK,AR,ASW,CE,Federal Contract Tower,0,26,18,7,51,0,0,29,1,30,0,26,47,8,81,18,8,26,107
08/28/2002,TXK,AR,ASW,CE,Federal Contract Tower,0,23,16,16,55,0,1,54,1,56,0,24,70,17,111,68,24,92,203
08/29/2002,TXK,AR,ASW,CE,Federal Contract Tower,0,23,22,4,49,0,0,39,2,41,0,23,61,6,90,66,32,98,188
08/30/2002,TXK,AR,ASW,CE,Federal Contract Tower,0,22,17,9,48,0,0,35,2,37,0,22,52,11,85,16,58,74,159
08/31/2002,TXK,AR,ASW,CE,Federal Contract Tower,0,12,4,0,16,0,0,61,0,61,0,12,65,0,77,10,0,10,87
09/01/2002,TXK,AR,ASW,CE,Federal Contract Tower,0,13,8,0,21,0,0,53,0,53,0,13,61,0,74,2,0,2,76
09/02/2002,TXK,AR,ASW,CE,Federal Contract Tower,0,14,12,0,26,0,0,41,0,41,0,14,53,0,67,30,0,30,97
09/03/2002,TXK,AR,ASW,CE,Federal Contract Tower,0,26,20,11,57,0,2,32,1,35,0,28,52,12,92,8,12,20,112
09/04/2002,TXK,AR,ASW,CE,Federal Contract Tower,0,21,11,15,47,0,0,32,0,32,0,21,43,15,79,74,54,128,207
09/05/2002,TXK,AR,ASW,CE,Federal Contract Tower,0,20,17,27,64,0,0,40,0,40,0,20,57,27,104,10,50,60,164
09/06/2002,TXK,AR,ASW,CE,Federal Contract Tower,0,17,19,3,39,0,0,44,9,53,0,17,63,12,92,70,18,88,180
09/07/2002,TXK,AR,ASW,CE,Federal Contract Tower,0,14,10,0,24,0,0,26,4,30,0,14,36,4,54,4,0,4,58
09/08/2002,TXK,AR,ASW,CE,Federal Contract Tower,0,13,14,2,29,0,0,24,0,24,0,13,38,2,53,0,0,0,53
09/09/2002,TXK,AR,ASW,CE,Federal Contract Tower,0,22,19,10,51,0,0,25,0,25,0,22,44,10,76,46,4,50,126
09/10/2002,TXK,AR,ASW,CE,Federal Contract Tower,0,16,22,4,42,0,0,26,0,26,0,16,48,4,68,14,4,18,86
09/11/2002,TXK,AR,ASW,CE,Federal Contract Tower,0,24,18,4,46,0,0,39,0,39,0,24,57,4,85,26,10,36,121
09/12/2002,TXK,AR,ASW,CE,Federal Contract Tower,0,19,27,4,50,0,0,41,0,41,0,19,68,4,91,44,0,44,135
09/13/2002,TXK,AR,ASW,CE,Federal Contract Tower,0,16,18,7,41,0,0,44,0,44,0,16,62,7,85,2,12,14,99
09/14/2002,TXK,AR,ASW,CE,Federal Contract Tower,0,15,11,1,27,0,0,33,1,34,0,15,44,2,61,44,2,46,107
09/15/2002,TXK,AR,ASW,CE,Federal Contract Tower,0,15,15,0,30,0,0,28,0,28,0,15,43,0,58,10,0,10,68
09/16/2002,TXK,AR,ASW,CE,Federal Contract Tower,0,20,17,8,45,0,0,26,0,26,0,20,43,8,71,40,6,46,117
09/17/2002,TXK,AR,ASW,CE,Federal Contract Tower,0,19,14,6,39,0,0,39,0,39,0,19,53,6,78,46,6,52,130
09/18/2002,TXK,AR,ASW,CE,Federal Contract Tower,0,20,24,21,65,0,2,24,0,26,0,22,48,21,91,86,40,126,217
09/19/2002,TXK,AR,ASW,CE,Federal Contract Tower,0,21,12,0,33,0,0,0,0,0,0,21,12,0,33,0,0,0,33
09/20/2002,TXK,AR,ASW,CE,Federal Contract Tower,0,18,28,3,49,0,0,35,1,36,0,18,63,4,85,28,36,64,149
09/21/2002,TXK,AR,ASW,CE,Federal Contract Tower,0,18,15,0,33,0,0,48,0,48,0,18,63,0,81,12,0,12,93
09/22/2002,TXK,AR,ASW,CE,Federal Contract Tower,0,17,18,0,35,0,0,27,0,27,0,17,45,0,62,18,0,18,80
09/23/2002,TXK,AR,ASW,CE,Federal Contract Tower,0,22,14,20,56,0,0,33,0,33,0,22,47,20,89,20,50,70,159
09/24/2002,TXK,AR,ASW,CE,Federal Contract Tower,0,18,13,12,43,0,0,36,1,37,0,18,49,13,80,24,30,54,134
09/25/2002,TXK,AR,ASW,CE,Federal Contract Tower,0,19,30,19,68,0,0,19,0,19,0,19,49,19,87,62,36,98,185
09/26/2002,TXK,AR,ASW,CE,Federal Contract Tower,0,22,14,0,36,0,0,22,0,22,0,22,36,0,58,12,0,12,70
09/27/2002,TXK,AR,ASW,CE,Federal Contract Tower,0,19,25,4,48,0,0,54,3,57,0,19,79,7,105,20,0,20,125
09/28/2002,TXK,AR,ASW,CE,Federal Contract Tower,0,13,9,0,22,0,0,54,0,54,0,13,63,0,76,80,0,80,156
09/29/2002,TXK,AR,ASW,CE,Federal Contract Tower,0,15,13,0,28,0,0,51,0,51,0,15,64,0,79,32,0,32,111
09/30/2002,TXK,AR,ASW,CE,Federal Contract Tower,0,23,9,0,32,0,1,40,0,41,0,24,49,0,73,24,0,24,97
10/01/2002,TXK,AR,ASW,CE,Federal Contract Tower,0,27,16,7,50,0,0,58,3,61,0,27,74,10,111,50,10,60,171
10/02/2002,TXK,AR,ASW,CE,Federal Contract Tower,0,24,18,4,46,0,0,42,0,42,0,24,60,4,88,66,4,70,158
10/03/2002,TXK,AR,ASW,CE,Federal Contract Tower,0,20,18,8,46,0,0,30,1,31,0,20,48,9,77,26,6,32,109
10/04/2002,TXK,AR,ASW,CE,Federal Contract Tower,0,15,14,7,36,0,0,36,0,36,0,15,50,7,72,58,10,68,140
10/05/2002,TXK,AR,ASW,CE,Federal Contract Tower,0,15,16,2,33,0,0,32,0,32,0,15,48,2,65,18,0,18,83
10/06/2002,TXK,AR,ASW,CE,Federal Contract Tower,0,17,17,2,36,0,0,26,0,26,0,17,43,2,62,0,0,0,62
10/07/2002,TXK,AR,ASW,CE,Federal Contract Tower,0,22,19,9,50,0,0,30,3,33,0,22,49,12,83,20,6,26,109
10/08/2002,TXK,AR,ASW,CE,Federal Contract Tower,0,17,16,4,37,0,0,22,0,22,0,17,38,4,59,6,4,10,69
10/09/2002,TXK,AR,ASW,CE,Federal Contract Tower,0,20,10,3,33,0,0,0,1,1,0,20,10,4,34,2,4,6,40
10/10/2002,TXK,AR,ASW,CE,Federal Contract Tower,0,19,28,9,56,0,0,7,0,7,0,19,35,9,63,16,4,20,83
10/11/2002,TXK,AR,ASW,CE,Federal Contract Tower,0,21,32,13,66,0,0,12,0,12,0,21,44,13,78,2,12,14,92
10/12/2002,TXK,AR,ASW,CE,Federal Contract Tower,0,13,11,0,24,0,0,42,0,42,0,13,53,0,66,162,0,162,228
10/13/2002,TXK,AR,ASW,CE,Federal Contract Tower,0,17,14,0,31,0,0,25,0,25,0,17,39,0,56,20,0,20,76
10/14/2002,TXK,AR,ASW,CE,Federal Contract Tower,0,17,12,1,30,0,0,31,1,32,0,17,43,2,62,22,2,24,86
10/15/2002,TXK,AR,ASW,CE,Federal Contract Tower,0,23,16,8,47,0,0,46,0,46,0,23,62,8,93,68,14,82,175
10/16/2002,TXK,AR,ASW,CE,Federal Contract Tower,0,20,18,0,38,0,0,58,0,58,0,20,76,0,96,100,0,100,196
10/17/2002,TXK,AR,ASW,CE,Federal Contract Tower,0,19,10,8,37,0,0,54,0,54,0,19,64,8,91,34,8,42,133
10/18/2002,TXK,AR,ASW,CE,Federal Contract Tower,0,15,23,6,44,0,0,24,3,27,0,15,47,9,71,0,6,6,77
10/19/2002,TXK,AR,ASW,CE,Federal Contract Tower,0,14,5,0,19,0,0,8,0,8,0,14,13,0,27,8,0,8,35
10/20/2002,TXK,AR,ASW,CE,Federal Contract Tower,0,17,23,1,41,0,0,1,0,1,0,17,24,1,42,6,0,6,48
10/21/2002,TXK,AR,ASW,CE,Federal Contract Tower,0,20,22,7,49,0,0,2,5,7,0,20,24,12,56,2,22,24,80
10/22/2002,TXK,AR,ASW,CE,Federal Contract Tower,0,20,16,0,36,0,0,7,0,7,0,20,23,0,43,4,0,4,47
10/23/2002,TXK,AR,ASW,CE,Federal Contract Tower,0,25,33,0,58,0,0,11,4,15,0,25,44,4,73,80,0,80,153
10/24/2002,TXK,AR,ASW,CE,Federal Contract Tower,0,24,34,24,82,0,0,11,3,14,0,24,45,27,96,6,40,46,142
10/25/2002,TXK,AR,ASW,CE,Federal Contract Tower,0,13,44,2,59,0,0,9,0,9,0,13,53,2,68,6,4,10,78
10/26/2002,TXK,AR,ASW,CE,Federal Contract Tower,0,15,26,0,41,0,0,14,0,14,0,15,40,0,55,8,0,8,63
10/27/2002,TXK,AR,ASW,CE,Federal Contract Tower,0,14,22,4,40,0,0,1,1,2,0,14,23,5,42,0,0,0,42
10/28/2002,TXK,AR,ASW,CE,Federal Contract Tower,0,21,22,6,49,0,0,0,2,2,0,21,22,8,51,0,14,14,65
10/29/2002,TXK,AR,ASW,CE,Federal Contract Tower,0,20,24,6,50,0,0,20,0,20,0,20,44,6,70,14,12,26,96
10/30/2002,TXK,AR,ASW,CE,Federal Contract Tower,0,21,36,3,60,0,0,26,2,28,0,21,62,5,88,40,12,52,140
10/31/2002,TXK,AR,ASW,CE,Federal Contract Tower,0,20,33,1,54,0,0,20,4,24,0,20,53,5,78,4,2,6,84
11/01/2002,TXK,AR,ASW,CE,Federal Contract Tower,0,18,23,10,51,0,0,16,0,16,0,18,39,10,67,2,2,4,71
11/02/2002,TXK,AR,ASW,CE,Federal Contract Tower,0,18,12,0,30,0,0,21,0,21,0,18,33,0,51,24,0,24,75
11/03/2002,TXK,AR,ASW,CE,Federal Contract Tower,0,14,10,0,24,0,0,0,0,0,0,14,10,0,24,2,0,2,26
11/04/2002,TXK,AR,ASW,CE,Federal Contract Tower,0,19,24,2,45,0,0,1,3,4,0,19,25,5,49,0,4,4,53
11/05/2002,TXK,AR,ASW,CE,Federal Contract Tower,0,20,14,0,34,0,0,7,0,7,0,20,21,0,41,6,0,6,47
11/06/2002,TXK,AR,ASW,CE,Federal Contract Tower,0,20,20,3,43,0,0,52,2,54,0,20,72,5,97,106,14,120,217
11/07/2002,TXK,AR,ASW,CE,Federal Contract Tower,0,18,26,2,46,0,0,55,0,55,0,18,81,2,101,72,2,74,175
11/08/2002,TXK,AR,ASW,CE,Federal Contract Tower,0,16,9,13,38,0,0,41,2,43,0,16,50,15,81,12,26,38,119
11/09/2002,TXK,AR,ASW,CE,Federal Contract Tower,0,14,6,0,20,0,0,19,0,19,0,14,25,0,39,8,0,8,47
11/10/2002,TXK,AR,ASW,CE,Federal Contract Tower,0,13,6,0,19,0,0,32,2,34,0,13,38,2,53,26,0,26,79
11/11/2002,TXK,AR,ASW,CE,Federal Contract Tower,0,17,23,1,41,0,0,28,0,28,0,17,51,1,69,44,2,46,115
11/12/2002,TXK,AR,ASW,CE,Federal Contract Tower,0,19,7,11,37,0,0,48,0,48,0,19,55,11,85,26,34,60,145
11/13/2002,TXK,AR,ASW,CE,Federal Contract Tower,0,22,7,5,34,0,0,52,1,53,0,22,59,6,87,58,10,68,155
11/14/2002,TXK,AR,ASW,CE,Federal Contract Tower,0,20,19,12,51,0,0,26,3,29,0,20,45,15,80,14,14,28,108
11/15/2002,TXK,AR,ASW,CE,Federal Contract Tower,0,18,20,7,45,0,0,24,0,24,0,18,44,7,69,16,20,36,105
11/16/2002,TXK,AR,ASW,CE,Federal Contract Tower,0,14,11,3,28,0,0,37,1,38,0,14,48,4,66,52,16,68,134
11/17/2002,TXK,AR,ASW,CE,Federal Contract Tower,0,14,11,0,25,0,0,39,2,41,0,14,50,2,66,28,0,28,94
11/18/2002,TXK,AR,ASW,CE,Federal Contract Tower,0,20,27,3,50,0,0,17,3,20,0,20,44,6,70,8,2,10,80
11/19/2002,TXK,AR,ASW,CE,Federal Contract Tower,0,20,26,2,48,0,0,46,0,46,0,20,72,2,94,20,0,20,114
11/20/2002,TXK,AR,ASW,CE,Federal Contract Tower,0,22,23,4,49,0,0,34,0,34,0,22,57,4,83,14,10,24,107
11/21/2002,TXK,AR,ASW,CE,Federal Contract Tower,0,19,19,8,46,0,1,50,0,51,0,20,69,8,97,2,26,28,125
11/22/2002,TXK,AR,ASW,CE,Federal Contract Tower,0,15,22,4,41,0,0,52,5,57,0,15,74,9,98,2,2,4,102
11/23/2002,TXK,AR,ASW,CE,Federal Contract Tower,0,14,9,0,23,0,0,38,0,38,0,14,47,0,61,50,0,50,111
11/24/2002,TXK,AR,ASW,CE,Federal Contract Tower,0,15,4,0,19,0,0,25,0,25,0,15,29,0,44,12,0,12,56
11/25/2002,TXK,AR,ASW,CE,Federal Contract Tower,0,21,17,0,38,0,0,0,0,0,0,21,17,0,38,0,0,0,38
11/26/2002,TXK,AR,ASW,CE,Federal Contract Tower,0,22,18,0,40,0,0,17,0,17,0,22,35,0,57,30,0,30,87
11/27/2002,TXK,AR,ASW,CE,Federal Contract Tower,0,25,25,0,50,0,0,50,0,50,0,25,75,0,100,48,0,48,148
11/28/2002,TXK,AR,ASW,CE,Federal Contract Tower,0,15,3,0,18,0,0,35,0,35,0,15,38,0,53,36,0,36,89
11/29/2002,TXK,AR,ASW,CE,Federal Contract Tower,0,12,9,0,21,0,0,58,0,58,0,12,67,0,79,78,0,78,157
11/30/2002,TXK,AR,ASW,CE,Federal Contract Tower,0,16,14,0,30,0,1,31,0,32,0,17,45,0,62,12,0,12,74
12/01/2002,TXK,AR,ASW,CE,Federal Contract Tower,0,17,15,0,32,0,0,26,0,26,0,17,41,0,58,10,0,10,68
12/02/2002,TXK,AR,ASW,CE,Federal Contract Tower,0,19,10,8,37,0,0,40,2,42,0,19,50,10,79,16,10,26,105
12/03/2002,TXK,AR,ASW,CE,Federal Contract Tower,0,23,10,0,33,0,0,11,0,11,0,23,21,0,44,0,0,0,44
12/04/2002,TXK,AR,ASW,CE,Federal Contract Tower,0,19,6,0,25,0,0,0,0,0,0,19,6,0,25,0,0,0,25
12/05/2002,TXK,AR,ASW,CE,Federal Contract Tower,0,22,16,3,41,0,0,16,2,18,0,22,32,5,59,0,8,8,67
12/06/2002,TXK,AR,ASW,CE,Federal Contract Tower,0,16,18,7,41,0,0,47,2,49,0,16,65,9,90,8,10,18,108
12/07/2002,TXK,AR,ASW,CE,Federal Contract Tower,0,14,8,0,22,0,0,39,0,39,0,14,47,0,61,40,0,40,101
12/08/2002,TXK,AR,ASW,CE,Federal Contract Tower,0,13,20,0,33,0,0,15,0,15,0,13,35,0,48,4,0,4,52
12/09/2002,TXK,AR,ASW,CE,Federal Contract Tower,0,20,19,0,39,0,0,9,0,9,0,20,28,0,48,0,0,0,48
12/10/2002,TXK,AR,ASW,CE,Federal Contract Tower,0,19,17,8,44,0,0,4,0,4,0,19,21,8,48,8,8,16,64
12/11/2002,TXK,AR,ASW,CE,Federal Contract Tower,0,17,36,0,53,0,0,10,2,12,0,17,46,2,65,26,2,28,93
12/12/2002,TXK,AR,ASW,CE,Federal Contract Tower,0,17,24,9,50,0,0,8,0,8,0,17,32,9,58,0,8,8,66
12/13/2002,TXK,AR,ASW,CE,Federal Contract Tower,0,14,30,2,46,0,0,12,1,13,0,14,42,3,59,14,32,46,105
12/14/2002,TXK,AR,ASW,CE,Federal Contract Tower,0,14,12,0,26,0,0,61,0,61,0,14,73,0,87,122,0,122,209
12/15/2002,TXK,AR,ASW,CE,Federal Contract Tower,0,14,11,3,28,0,0,43,2,45,0,14,54,5,73,12,2,14,87
12/16/2002,TXK,AR,ASW,CE,Federal Contract Tower,0,16,26,0,42,0,0,18,0,18,0,16,44,0,60,18,0,18,78
12/17/2002,TXK,AR,ASW,CE,Federal Contract Tower,0,18,17,3,38,0,0,11,1,12,0,18,28,4,50,0,2,2,52
12/18/2002,TXK,AR,ASW,CE,Federal Contract Tower,0,18,15,0,33,0,0,5,0,5,0,18,20,0,38,0,0,0,38
12/19/2002,TXK,AR,ASW,CE,Federal Contract Tower,0,16,24,2,42,0,1,14,0,15,0,17,38,2,57,8,20,28,85
12/20/2002,TXK,AR,ASW,CE,Federal Contract Tower,0,15,29,2,46,0,0,51,6,57,0,15,80,8,103,46,0,46,149
12/21/2002,TXK,AR,ASW,CE,Federal Contract Tower,1,15,8,0,24,0,0,34,0,34,1,15,42,0,58,16,0,16,74
12/22/2002,TXK,AR,ASW,CE,Federal Contract Tower,2,14,14,0,30,0,0,34,0,34,2,14,48,0,64,6,0,6,70
12/23/2002,TXK,AR,ASW,CE,Federal Contract Tower,1,18,10,0,29,0,0,2,0,2,1,18,12,0,31,2,0,2,33
12/24/2002,TXK,AR,ASW,CE,Federal Contract Tower,0,12,10,0,22,0,0,4,0,4,0,12,14,0,26,0,0,0,26
12/25/2002,TXK,AR,ASW,CE,Federal Contract Tower,0,11,4,0,15,0,0,15,0,15,0,11,19,0,30,0,0,0,30
12/26/2002,TXK,AR,ASW,CE,Federal Contract Tower,0,18,12,0,30,0,0,30,0,30,0,18,42,0,60,0,0,0,60
12/27/2002,TXK,AR,ASW,CE,Federal Contract Tower,0,14,21,0,35,0,0,44,0,44,0,14,65,0,79,18,0,18,97
12/28/2002,TXK,AR,ASW,CE,Federal Contract Tower,0,15,9,0,24,0,0,54,0,54,0,15,63,0,78,28,0,28,106
12/29/2002,TXK,AR,ASW,CE,Federal Contract Tower,0,14,14,0,28,0,0,39,0,39,0,14,53,0,67,0,0,0,67
12/30/2002,TXK,AR,ASW,CE,Federal Contract Tower,0,12,5,2,19,0,0,1,0,1,0,12,6,2,20,0,0,0,20
12/31/2002,TXK,AR,ASW,CE,Federal Contract Tower,0,16,7,0,23,0,0,9,0,9,0,16,16,0,32,0,0,0,32
01/01/2003,TXK,AR,ASW,CE,Federal Contract Tower,0,12,3,0,15,0,0,26,0,26,0,12,29,0,41,12,0,12,53
01/02/2003,TXK,AR,ASW,CE,Federal Contract Tower,0,16,13,0,29,0,0,11,0,11,0,16,24,0,40,0,0,0,40
01/03/2003,TXK,AR,ASW,CE,Federal Contract Tower,0,16,11,12,39,0,0,52,1,53,0,16,63,13,92,10,18,28,120
01/04/2003,TXK,AR,ASW,CE,Federal Contract Tower,0,14,13,2,29,0,0,47,4,51,0,14,60,6,80,6,0,6,86
01/05/2003,TXK,AR,ASW,CE,Federal Contract Tower,0,14,13,0,27,0,0,30,0,30,0,14,43,0,57,8,0,8,65
01/06/2003,TXK,AR,ASW,CE,Federal Contract Tower,0,16,14,4,34,0,2,24,1,27,0,18,38,5,61,12,18,30,91
01/07/2003,TXK,AR,ASW,CE,Federal Contract Tower,0,17,14,2,33,0,0,18,0,18,0,17,32,2,51,6,0,6,57
01/08/2003,TXK,AR,ASW,CE,Federal Contract Tower,0,18,8,10,36,0,0,36,0,36,0,18,44,10,72,52,34,86,158
01/09/2003,TXK,AR,ASW,CE,Federal Contract Tower,0,17,29,2,48,0,0,25,6,31,0,17,54,8,79,28,2,30,109
01/10/2003,TXK,AR,ASW,CE,Federal Contract Tower,0,14,18,17,49,0,0,54,5,59,0,14,72,22,108,24,32,56,164
01/11/2003,TXK,AR,ASW,CE,Federal Contract Tower,0,13,9,3,25,0,0,30,0,30,0,13,39,3,55,26,0,26,81
01/12/2003,TXK,AR,ASW,CE,Federal Contract Tower,0,10,11,0,21,0,0,8,2,10,0,10,19,2,31,0,0,0,31
01/13/2003,TXK,AR,ASW,CE,Federal Contract Tower,0,16,12,0,28,0,0,18,0,18,0,16,30,0,46,0,0,0,46
01/14/2003,TXK,AR,ASW,CE,Federal Contract Tower,0,19,18,2,39,0,0,12,0,12,0,19,30,2,51,0,0,0,51
01/15/2003,TXK,AR,ASW,CE,Federal Contract Tower,0,18,39,0,57,0,0,10,0,10,0,18,49,0,67,6,0,6,73
01/16/2003,TXK,AR,ASW,CE,Federal Contract Tower,0,16,9,2,27,0,0,8,0,8,0,16,17,2,35,0,0,0,35
01/17/2003,TXK,AR,ASW,CE,Federal Contract Tower,0,14,14,6,34,0,0,38,3,41,0,14,52,9,75,10,6,16,91
01/18/2003,TXK,AR,ASW,CE,Federal Contract Tower,0,14,9,0,23,0,0,40,0,40,0,14,49,0,63,6,0,6,69
01/19/2003,TXK,AR,ASW,CE,Federal Contract Tower,0,14,4,0,18,0,0,32,0,32,0,14,36,0,50,6,0,6,56
01/20/2003,TXK,AR,ASW,CE,Federal Contract Tower,0,18,23,2,43,0,0,32,1,33,0,18,55,3,76,26,0,26,102
01/21/2003,TXK,AR,ASW,CE,Federal Contract Tower,0,15,27,6,48,0,0,25,0,25,0,15,52,6,73,22,20,42,115
01/22/2003,TXK,AR,ASW,CE,Federal Contract Tower,0,20,19,11,50,0,0,17,1,18,0,20,36,12,68,30,40,70,138
01/23/2003,TXK,AR,ASW,CE,Federal Contract Tower,0,17,16,0,33,0,0,20,1,21,0,17,36,1,54,58,6,64,118
01/24/2003,TXK,AR,ASW,CE,Federal Contract Tower,0,15,14,19,48,0,0,22,0,22,0,15,36,19,70,4,24,28,98
01/25/2003,TXK,AR,ASW,CE,Federal Contract Tower,0,14,8,1,23,0,0,24,1,25,0,14,32,2,48,66,10,76,124
01/26/2003,TXK,AR,ASW,CE,Federal Contract Tower,2,13,8,6,29,0,0,22,0,22,2,13,30,6,51,4,6,10,61
01/27/2003,TXK,AR,ASW,CE,Federal Contract Tower,0,20,19,2,41,0,0,29,0,29,0,20,48,2,70,26,4,30,100
01/28/2003,TXK,AR,ASW,CE,Federal Contract Tower,0,18,15,0,33,0,0,8,0,8,0,18,23,0,41,2,0,2,43
01/29/2003,TXK,AR,ASW,CE,Federal Contract Tower,0,17,21,5,43,0,1,8,0,9,0,18,29,5,52,0,18,18,70
01/30/2003,TXK,AR,ASW,CE,Federal Contract Tower,0,18,30,9,57,0,0,19,0,19,0,18,49,9,76,32,24,56,132
01/31/2003,TXK,AR,ASW,CE,Federal Contract Tower,0,15,18,4,37,0,0,28,0,28,0,15,46,4,65,30,6,36,101
02/01/2003,TXK,AR,ASW,CE,Federal Contract Tower,0,14,3,0,17,0,0,71,1,72,0,14,74,1,89,46,0,46,135
02/02/2003,TXK,AR,ASW,CE,Federal Contract Tower,0,14,15,0,29,0,0,20,0,20,0,14,35,0,49,0,0,0,49
02/03/2003,TXK,AR,ASW,CE,Federal Contract Tower,0,17,17,2,36,0,0,5,1,6,0,17,22,3,42,0,30,30,72
02/04/2003,TXK,AR,ASW,CE,Federal Contract Tower,0,19,14,0,33,0,0,31,0,31,0,19,45,0,64,46,0,46,110
02/05/2003,TXK,AR,ASW,CE,Federal Contract Tower,0,19,12,0,31,0,0,12,0,12,0,19,24,0,43,0,0,0,43
02/06/2003,TXK,AR,ASW,CE,Federal Contract Tower,0,18,6,2,26,0,0,0,0,0,0,18,6,2,26,0,0,0,26
02/07/2003,TXK,AR,ASW,CE,Federal Contract Tower,0,16,14,12,42,0,0,16,2,18,0,16,30,14,60,28,12,40,100
02/08/2003,TXK,AR,ASW,CE,Federal Contract Tower,0,14,9,0,23,0,0,14,0,14,0,14,23,0,37,4,0,4,41
02/09/2003,TXK,AR,ASW,CE,Federal Contract Tower,0,13,7,0,20,0,0,2,0,2,0,13,9,0,22,0,0,0,22
02/10/2003,TXK,AR,ASW,CE,Federal Contract Tower,0,18,20,11,49,0,0,35,4,39,0,18,55,15,88,16,16,32,120
02/11/2003,TXK,AR,ASW,CE,Federal Contract Tower,0,16,13,3,32,0,2,43,5,50,0,18,56,8,82,44,10,54,136
02/12/2003,TXK,AR,ASW,CE,Federal Contract Tower,0,20,30,4,54,0,0,47,3,50,0,20,77,7,104,126,102,228,332
02/13/2003,TXK,AR,ASW,CE,Federal Contract Tower,0,18,21,2,41,0,0,14,0,14,0,18,35,2,55,6,0,6,61
02/14/2003,TXK,AR,ASW,CE,Federal Contract Tower,0,15,17,0,32,0,0,0,0,0,0,15,17,0,32,0,0,0,32
02/15/2003,TXK,AR,ASW,CE,Federal Contract Tower,0,13,12,0,25,0,0,1,0,1,0,13,13,0,26,26,0,26,52
02/16/2003,TXK,AR,ASW,CE,Federal Contract Tower,0,14,7,0,21,0,0,6,0,6,0,14,13,0,27,20,0,20,47
02/17/2003,TXK,AR,ASW,CE,Federal Contract Tower,0,18,20,0,38,0,0,114,0,114,0,18,134,0,152,44,0,44,196
02/18/2003,TXK,AR,ASW,CE,Federal Contract Tower,0,18,24,4,46,0,0,60,4,64,0,18,84,8,110,36,8,44,154
02/19/2003,TXK,AR,ASW,CE,Federal Contract Tower,0,18,25,11,54,0,0,2,0,2,0,18,27,11,56,4,12,16,72
02/20/2003,TXK,AR,ASW,CE,Federal Contract Tower,0,19,34,1,54,0,0,0,0,0,0,19,34,1,54,0,0,0,54
02/21/2003,TXK,AR,ASW,CE,Federal Contract Tower,0,6,8,0,14,0,0,0,0,0,0,6,8,0,14,0,0,0,14
02/22/2003,TXK,AR,ASW,CE,Federal Contract Tower,0,12,16,0,28,0,0,19,0,19,0,12,35,0,47,8,0,8,55
02/23/2003,TXK,AR,ASW,CE,Federal Contract Tower,0,12,12,0,24,0,0,11,0,11,0,12,23,0,35,0,0,0,35
02/24/2003,TXK,AR,ASW,CE,Federal Contract Tower,0,8,25,4,37,0,0,12,0,12,0,8,37,4,49,10,18,28,77
02/25/2003,TXK,AR,ASW,CE,Federal Contract Tower,0,1,7,0,8,0,0,0,0,0,0,1,7,0,8,0,0,0,8
02/26/2003,TXK,AR,ASW,CE,Federal Contract Tower,0,10,11,0,21,0,0,0,0,0,0,10,11,0,21,0,0,0,21
02/27/2003,TXK,AR,ASW,CE,Federal Contract Tower,0,16,14,4,34,0,0,0,0,0,0,16,14,4,34,0,8,8,42
02/28/2003,TXK,AR,ASW,CE,Federal Contract Tower,0,13,20,4,37,0,0,2,1,3,0,13,22,5,40,26,0,26,66
03/01/2003,TXK,AR,ASW,CE,Federal Contract Tower,0,14,15,0,29,0,0,4,1,5,0,14,19,1,34,8,0,8,42
03/02/2003,TXK,AR,ASW,CE,Federal Contract Tower,0,16,16,0,32,0,0,22,4,26,0,16,38,4,58,12,0,12,70
03/03/2003,TXK,AR,ASW,CE,Federal Contract Tower,0,20,17,6,43,0,0,25,1,26,0,20,42,7,69,10,0,10,79
03/04/2003,TXK,AR,ASW,CE,Federal Contract Tower,0,20,31,6,57,0,0,13,0,13,0,20,44,6,70,6,4,10,80
03/05/2003,TXK,AR,ASW,CE,Federal Contract Tower,0,17,37,0,54,0,0,6,0,6,0,17,43,0,60,4,0,4,64
03/06/2003,TXK,AR,ASW,CE,Federal Contract Tower,0,17,25,22,64,0,1,34,0,35,0,18,59,22,99,40,28,68,167
03/07/2003,TXK,AR,ASW,CE,Federal Contract Tower,0,16,21,0,37,0,0,30,2,32,0,16,51,2,69,76,0,76,145
03/08/2003,TXK,AR,ASW,CE,Federal Contract Tower,0,14,12,3,29,0,1,48,1,50,0,15,60,4,79,44,20,64,143
03/09/2003,TXK,AR,ASW,CE,Federal Contract Tower,0,14,3,4,21,0,0,29,0,29,0,14,32,4,50,28,10,38,88
03/10/2003,TXK,AR,ASW,CE,Federal Contract Tower,0,15,21,2,38,0,0,35,0,35,0,15,56,2,73,36,8,44,117
03/11/2003,TXK,AR,ASW,CE,Federal Contract Tower,0,19,11,5,35,0,0,29,8,37,0,19,40,13,72,16,14,30,102
03/12/2003,TXK,AR,ASW,CE,Federal Contract Tower,0,18,20,8,46,0,0,15,0,15,0,18,35,8,61,10,20,30,91
03/13/2003,TXK,AR,ASW,CE,Federal Contract Tower,0,20,14,0,34,0,0,14,2,16,0,20,28,2,50,14,0,14,64
03/14/2003,TXK,AR,ASW,CE,Federal Contract Tower,0,15,19,9,43,0,0,36,0,36,0,15,55,9,79,10,14,24,103
03/15/2003,TXK,AR,ASW,CE,Federal Contract Tower,0,11,8,0,19,0,0,36,0,36,0,11,44,0,55,34,0,34,89
03/16/2003,TXK,AR,ASW,CE,Federal Contract Tower,0,16,5,0,21,0,0,38,0,38,0,16,43,0,59,0,0,0,59
03/17/2003,TXK,AR,ASW,CE,Federal Contract Tower,0,18,22,12,52,0,0,15,0,15,0,18,37,12,67,8,34,42,109
03/18/2003,TXK,AR,ASW,CE,Federal Contract Tower,0,18,17,0,35,0,0,1,0,1,0,18,18,0,36,0,0,0,36
03/19/2003,TXK,AR,ASW,CE,Federal Contract Tower,0,16,22,8,46,0,0,41,2,43,0,16,63,10,89,38,20,58,147
03/20/2003,TXK,AR,ASW,CE,Federal Contract Tower,0,18,26,6,50,0,0,11,0,11,0,18,37,6,61,10,18,28,89
03/21/2003,TXK,AR,ASW,CE,Federal Contract Tower,0,14,29,10,53,0,0,28,0,28,0,14,57,10,81,4,24,28,109
03/22/2003,TXK,AR,ASW,CE,Federal Contract Tower,0,13,13,0,26,0,0,40,0,40,0,13,53,0,66,124,0,124,190
03/23/2003,TXK,AR,ASW,CE,Federal Contract Tower,0,12,22,3,37,0,0,63,1,64,0,12,85,4,101,36,4,40,141
03/24/2003,TXK,AR,ASW,CE,Federal Contract Tower,0,17,13,0,30,0,0,31,3,34,0,17,44,3,64,4,16,20,84
03/25/2003,TXK,AR,ASW,CE,Federal Contract Tower,0,17,9,2,28,0,0,11,0,11,0,17,20,2,39,0,26,26,65
03/26/2003,TXK,AR,ASW,CE,Federal Contract Tower,0,18,13,10,41,0,0,33,0,33,0,18,46,10,74,20,28,48,122
03/27/2003,TXK,AR,ASW,CE,Federal Contract Tower,0,24,17,11,52,0,0,18,0,18,0,24,35,11,70,12,20,32,102
03/28/2003,TXK,AR,ASW,CE,Federal Contract Tower,0,13,12,4,29,0,0,11,0,11,0,13,23,4,40,14,0,14,54
03/29/2003,TXK,AR,ASW,CE,Federal Contract Tower,0,13,16,0,29,0,0,31,2,33,0,13,47,2,62,0,0,0,62
03/30/2003,TXK,AR,ASW,CE,Federal Contract Tower,0,16,9,0,25,0,0,24,0,24,0,16,33,0,49,2,0,2,51
03/31/2003,TXK,AR,ASW,CE,Federal Contract Tower,0,17,12,6,35,0,1,42,1,44,0,18,54,7,79,6,8,14,93
04/01/2003,TXK,AR,ASW,CE,Federal Contract Tower,0,18,24,2,44,0,1,17,0,18,0,19,41,2,62,8,14,22,84
04/02/2003,TXK,AR,ASW,CE,Federal Contract Tower,0,18,11,20,49,0,0,54,0,54,0,18,65,20,103,28,48,76,179
04/03/2003,TXK,AR,ASW,CE,Federal Contract Tower,0,18,29,0,47,0,0,22,2,24,0,18,51,2,71,30,0,30,101
04/04/2003,TXK,AR,ASW,CE,Federal Contract Tower,0,15,15,4,34,0,0,36,4,40,0,15,51,8,74,46,0,46,120
04/05/2003,TXK,AR,ASW,CE,Federal Contract Tower,0,15,18,1,34,0,0,36,1,37,0,15,54,2,71,22,6,28,99
04/06/2003,TXK,AR,ASW,CE,Federal Contract Tower,0,1,6,0,7,0,0,1,0,1,0,1,7,0,8,0,0,0,8
04/07/2003,TXK,AR,ASW,CE,Federal Contract Tower,0,12,14,17,43,0,1,16,0,17,0,13,30,17,60,12,20,32,92
04/08/2003,TXK,AR,ASW,CE,Federal Contract Tower,0,14,22,18,54,0,0,29,5,34,0,14,51,23,88,2,54,56,144
04/09/2003,TXK,AR,ASW,CE,Federal Contract Tower,0,15,27,17,59,0,0,42,2,44,0,15,69,19,103,32,40,72,175
04/10/2003,TXK,AR,ASW,CE,Federal Contract Tower,0,14,13,7,34,0,1,65,0,66,0,15,78,7,100,18,16,34,134
04/11/2003,TXK,AR,ASW,CE,Federal Contract Tower,0,14,14,7,35,0,0,47,2,49,0,14,61,9,84,30,16,46,130
04/12/2003,TXK,AR,ASW,CE,Federal Contract Tower,0,12,12,1,25,0,0,65,0,65,0,12,77,1,90,86,10,96,186
04/13/2003,TXK,AR,ASW,CE,Federal Contract Tower,0,14,9,2,25,0,0,57,1,58,0,14,66,3,83,32,14,46,129
04/14/2003,TXK,AR,ASW,CE,Federal Contract Tower,0,16,15,2,33,0,0,42,1,43,0,16,57,3,76,20,14,34,110
04/15/2003,TXK,AR,ASW,CE,Federal Contract Tower,0,16,13,4,33,0,0,21,2,23,0,16,34,6,56,20,4,24,80
04/16/2003,TXK,AR,ASW,CE,Federal Contract Tower,0,18,12,4,34,0,0,13,0,13,0,18,25,4,47,0,22,22,69
04/17/2003,TXK,AR,ASW,CE,Federal Contract Tower,0,15,21,0,36,0,0,56,0,56,0,15,77,0,92,28,0,28,120
04/18/2003,TXK,AR,ASW,CE,Federal Contract Tower,0,10,21,16,47,0,0,60,0,60,0,10,81,16,107,20,38,58,165
04/19/2003,TXK,AR,ASW,CE,Federal Contract Tower,0,8,3,0,11,0,0,8,2,10,0,8,11,2,21,0,0,0,21
04/20/2003,TXK,AR,ASW,CE,Federal Contract Tower,0,11,10,2,23,0,0,28,0,28,0,11,38,2,51,4,6,10,61
04/21/2003,TXK,AR,ASW,CE,Federal Contract Tower,0,17,16,0,33,0,0,40,0,40,0,17,56,0,73,48,0,48,121
04/22/2003,TXK,AR,ASW,CE,Federal Contract Tower,0,12,18,4,34,0,1,30,0,31,0,13,48,4,65,54,8,62,127
04/23/2003,TXK,AR,ASW,CE,Federal Contract Tower,0,15,33,0,48,0,0,9,0,9,0,15,42,0,57,0,0,0,57
04/24/2003,TXK,AR,ASW,CE,Federal Contract Tower,0,16,30,0,46,0,1,14,2,17,0,17,44,2,63,4,6,10,73
04/25/2003,TXK,AR,ASW,CE,Federal Contract Tower,0,12,12,8,32,0,0,38,1,39,0,12,50,9,71,10,4,14,85
04/26/2003,TXK,AR,ASW,CE,Federal Contract Tower,0,12,22,6,40,0,0,53,3,56,0,12,75,9,96,68,28,96,192
04/27/2003,TXK,AR,ASW,CE,Federal Contract Tower,0,12,24,3,39,0,0,40,0,40,0,12,64,3,79,36,12,48,127
04/28/2003,TXK,AR,ASW,CE,Federal Contract Tower,0,15,11,3,29,0,0,35,4,39,0,15,46,7,68,50,8,58,126
04/29/2003,TXK,AR,ASW,CE,Federal Contract Tower,0,16,16,3,35,0,0,45,1,46,0,16,61,4,81,20,8,28,109
04/30/2003,TXK,AR,ASW,CE,Federal Contract Tower,0,17,14,4,35,0,0,35,1,36,0,17,49,5,71,26,36,62,133
05/01/2003,TXK,AR,ASW,CE,Federal Contract Tower,0,12,23,3,38,0,0,19,3,22,0,12,42,6,60,48,0,48,108
05/02/2003,TXK,AR,ASW,CE,Federal Contract Tower,0,6,25,10,41,0,0,26,0,26,0,6,51,10,67,14,0,14,81
05/03/2003,TXK,AR,ASW,CE,Federal Contract Tower,0,6,8,2,16,0,0,18,2,20,0,6,26,4,36,0,0,0,36
05/04/2003,TXK,AR,ASW,CE,Federal Contract Tower,0,6,10,2,18,0,1,11,0,12,0,7,21,2,30,0,6,6,36
05/05/2003,TXK,AR,ASW,CE,Federal Contract Tower,0,8,9,0,17,0,0,2,0,2,0,8,11,0,19,0,0,0,19
05/06/2003,TXK,AR,ASW,CE,Federal Contract Tower,0,8,30,2,40,0,0,27,0,27,0,8,57,2,67,18,0,18,85
05/07/2003,TXK,AR,ASW,CE,Federal Contract Tower,0,8,32,8,48,0,0,25,5,30,0,8,57,13,78,0,70,70,148
05/08/2003,TXK,AR,ASW,CE,Federal Contract Tower,0,8,19,11,38,0,0,37,4,41,0,8,56,15,79,40,70,110,189
05/09/2003,TXK,AR,ASW,CE,Federal Contract Tower,0,7,30,10,47,0,0,26,2,28,0,7,56,12,75,24,32,56,131
05/10/2003,TXK,AR,ASW,CE,Federal Contract Tower,0,8,11,0,19,0,0,13,0,13,0,8,24,0,32,14,0,14,46
05/11/2003,TXK,AR,ASW,CE,Federal Contract Tower,0,6,24,10,40,0,0,38,0,38,0,6,62,10,78,36,14,50,128
05/12/2003,TXK,AR,ASW,CE,Federal Contract Tower,0,7,16,3,26,0,1,48,5,54,0,8,64,8,80,22,14,36,116
05/13/2003,TXK,AR,ASW,CE,Federal Contract Tower,0,8,22,0,30,0,0,14,0,14,0,8,36,0,44,0,0,0,44
05/14/2003,TXK,AR,ASW,CE,Federal Contract Tower,0,8,20,0,28,0,0,8,0,8,0,8,28,0,36,0,0,0,36
05/15/2003,TXK,AR,ASW,CE,Federal Contract Tower,0,8,32,14,54,0,0,12,0,12,0,8,44,14,66,0,26,26,92
05/16/2003,TXK,AR,ASW,CE,Federal Contract Tower,0,10,20,0,30,0,0,6,0,6,0,10,26,0,36,4,0,4,40
05/17/2003,TXK,AR,ASW,CE,Federal Contract Tower,0,6,18,2,26,0,0,27,0,27,0,6,45,2,53,24,6,30,83
05/18/2003,TXK,AR,ASW,CE,Federal Contract Tower,0,6,14,2,22,0,0,34,0,34,0,6,48,2,56,22,2,24,80
05/19/2003,TXK,AR,ASW,CE,Federal Contract Tower,0,8,31,14,53,0,0,44,0,44,0,8,75,14,97,26,16,42,139
05/20/2003,TXK,AR,ASW,CE,Federal Contract Tower,0,8,13,3,24,0,0,7,1,8,0,8,20,4,32,6,10,16,48
05/21/2003,TXK,AR,ASW,CE,Federal Contract Tower,0,8,23,0,31,0,0,38,0,38,0,8,61,0,69,64,0,64,133
05/22/2003,TXK,AR,ASW,CE,Federal Contract Tower,0,7,37,14,58,0,1,67,1,69,0,8,104,15,127,90,40,130,257
05/23/2003,TXK,AR,ASW,CE,Federal Contract Tower,0,6,22,2,30,0,0,49,0,49,0,6,71,2,79,30,0,30,109
05/24/2003,TXK,AR,ASW,CE,Federal Contract Tower,0,6,7,0,13,0,0,31,0,31,0,6,38,0,44,30,0,30,74
05/25/2003,TXK,AR,ASW,CE,Federal Contract Tower,0,6,6,0,12,0,0,5,0,5,0,6,11,0,17,0,0,0,17
05/26/2003,TXK,AR,ASW,CE,Federal Contract Tower,0,6,11,0,17,0,0,28,0,28,0,6,39,0,45,16,0,16,61
05/27/2003,TXK,AR,ASW,CE,Federal Contract Tower,0,7,20,13,40,0,1,55,3,59,0,8,75,16,99,116,30,146,245
05/28/2003,TXK,AR,ASW,CE,Federal Contract Tower,0,10,15,3,28,0,0,60,1,61,0,10,75,4,89,68,0,68,157
05/29/2003,TXK,AR,ASW,CE,Federal Contract Tower,0,7,13,16,36,0,1,45,2,48,0,8,58,18,84,34,30,64,148
05/30/2003,TXK,AR,ASW,CE,Federal Contract Tower,0,6,31,9,46,0,0,51,0,51,0,6,82,9,97,40,38,78,175
05/31/2003,TXK,AR,ASW,CE,Federal Contract Tower,0,6,10,0,16,0,0,50,0,50,0,6,60,0,66,34,0,34,100
06/01/2003,TXK,AR,ASW,CE,Federal Contract Tower,0,0,0,0,0,0,6,41,0,47,0,6,41,0,47,22,0,22,69
06/02/2003,TXK,AR,ASW,CE,Federal Contract Tower,0,8,16,2,26,0,0,23,1,24,0,8,39,3,50,0,8,8,58
06/03/2003,TXK,AR,ASW,CE,Federal Contract Tower,0,8,21,24,53,0,0,46,2,48,0,8,67,26,101,50,56,106,207
06/04/2003,TXK,AR,ASW,CE,Federal Contract Tower,0,8,16,9,33,0,0,32,5,37,0,8,48,14,70,20,54,74,144
06/05/2003,TXK,AR,ASW,CE,Federal Contract Tower,0,8,23,0,31,0,0,12,0,12,0,8,35,0,43,38,0,38,81
06/06/2003,TXK,AR,ASW,CE,Federal Contract Tower,0,6,28,22,56,0,0,4,0,4,0,6,32,22,60,0,42,42,102
06/07/2003,TXK,AR,ASW,CE,Federal Contract Tower,0,6,16,0,22,0,0,41,2,43,0,6,57,2,65,34,2,36,101
06/08/2003,TXK,AR,ASW,CE,Federal Contract Tower,0,6,14,1,21,0,0,23,0,23,0,6,37,1,44,2,0,2,46
06/09/2003,TXK,AR,ASW,CE,Federal Contract Tower,0,8,14,20,42,0,0,22,0,22,0,8,36,20,64,24,40,64,128
06/10/2003,TXK,AR,ASW,CE,Federal Contract Tower,0,9,17,10,36,0,0,14,0,14,0,9,31,10,50,2,38,40,90
06/11/2003,TXK,AR,ASW,CE,Federal Contract Tower,0,8,25,0,33,0,1,28,0,29,0,9,53,0,62,32,0,32,94
06/12/2003,TXK,AR,ASW,CE,Federal Contract Tower,0,10,16,0,26,0,0,12,0,12,0,10,28,0,38,2,0,2,40
06/13/2003,TXK,AR,ASW,CE,Federal Contract Tower,0,6,26,3,35,0,0,17,1,18,0,6,43,4,53,30,28,58,111
06/14/2003,TXK,AR,ASW,CE,Federal Contract Tower,0,8,16,0,24,0,0,27,0,27,0,8,43,0,51,58,0,58,109
06/15/2003,TXK,AR,ASW,CE,Federal Contract Tower,0,6,13,0,19,0,0,16,3,19,0,6,29,3,38,10,0,10,48
06/16/2003,TXK,AR,ASW,CE,Federal Contract Tower,0,8,11,5,24,0,0,6,0,6,0,8,17,5,30,0,4,4,34
06/17/2003,TXK,AR,ASW,CE,Federal Contract Tower,0,12,23,3,38,0,0,10,0,10,0,12,33,3,48,10,6,16,64
06/18/2003,TXK,AR,ASW,CE,Federal Contract Tower,0,8,23,14,45,0,0,7,0,7,0,8,30,14,52,0,32,32,84
06/19/2003,TXK,AR,ASW,CE,Federal Contract Tower,0,8,27,8,43,0,0,27,1,28,0,8,54,9,71,34,22,56,127
06/20/2003,TXK,AR,ASW,CE,Federal Contract Tower,0,6,27,5,38,0,0,44,15,59,0,6,71,20,97,12,64,76,173
06/21/2003,TXK,AR,ASW,CE,Federal Contract Tower,0,6,11,0,17,0,0,39,0,39,0,6,50,0,56,20,0,20,76
06/22/2003,TXK,AR,ASW,CE,Federal Contract Tower,2,8,7,3,20,0,0,31,1,32,2,8,38,4,52,48,16,64,116
06/23/2003,TXK,AR,ASW,CE,Federal Contract Tower,0,11,23,13,47,0,0,22,7,29,0,11,45,20,76,2,52,54,130
06/24/2003,TXK,AR,ASW,CE,Federal Contract Tower,2,11,33,13,59,0,0,42,0,42,2,11,75,13,101,28,48,76,177
06/25/2003,TXK,AR,ASW,CE,Federal Contract Tower,0,8,19,16,43,0,0,35,0,35,0,8,54,16,78,54,58,112,190
06/26/2003,TXK,AR,ASW,CE,Federal Contract Tower,0,8,19,1,28,0,0,5,1,6,0,8,24,2,34,0,0,0,34
06/27/2003,TXK,AR,ASW,CE,Federal Contract Tower,0,6,29,24,59,0,0,40,0,40,0,6,69,24,99,20,116,136,235
06/28/2003,TXK,AR,ASW,CE,Federal Contract Tower,0,6,8,12,26,0,0,70,3,73,0,6,78,15,99,44,40,84,183
06/29/2003,TXK,AR,ASW,CE,Federal Contract Tower,0,6,9,0,15,0,0,28,0,28,0,6,37,0,43,10,0,10,53
06/30/2003,TXK,AR,ASW,CE,Federal Contract Tower,0,12,13,24,49,0,2,20,0,22,0,14,33,24,71,10,46,56,127
07/01/2003,TXK,AR,ASW,CE,Federal Contract Tower,0,9,17,24,50,0,0,24,0,24,0,9,41,24,74,18,52,70,144
07/02/2003,TXK,AR,ASW,CE,Federal Contract Tower,0,8,15,17,40,0,0,39,1,40,0,8,54,18,80,32,32,64,144
07/03/2003,TXK,AR,ASW,CE,Federal Contract Tower,0,6,18,0,24,0,0,28,0,28,0,6,46,0,52,32,0,32,84
07/04/2003,TXK,AR,ASW,CE,Federal Contract Tower,0,6,5,0,11,0,0,28,0,28,0,6,33,0,39,16,0,16,55
07/05/2003,TXK,AR,ASW,CE,Federal Contract Tower,0,6,2,0,8,0,0,25,0,25,0,6,27,0,33,66,0,66,99
07/06/2003,TXK,AR,ASW,CE,Federal Contract Tower,0,6,14,0,20,0,0,27,0,27,0,6,41,0,47,8,0,8,55
07/07/2003,TXK,AR,ASW,CE,Federal Contract Tower,0,8,22,18,48,0,0,6,0,6,0,8,28,18,54,0,50,50,104
07/08/2003,TXK,AR,ASW,CE,Federal Contract Tower,0,8,14,15,37,0,0,27,0,27,0,8,41,15,64,22,42,64,128
07/09/2003,TXK,AR,ASW,CE,Federal Contract Tower,0,8,44,12,64,0,0,28,4,32,0,8,72,16,96,32,44,76,172
07/10/2003,TXK,AR,ASW,CE,Federal Contract Tower,0,8,24,2,34,0,0,22,0,22,0,8,46,2,56,0,0,0,56
07/11/2003,TXK,AR,ASW,CE,Federal Contract Tower,0,6,31,21,58,0,0,35,4,39,0,6,66,25,97,6,90,96,193
07/12/2003,TXK,AR,ASW,CE,Federal Contract Tower,0,6,10,0,16,0,0,48,2,50,0,6,58,2,66,40,0,40,106
07/13/2003,TXK,AR,ASW,CE,Federal Contract Tower,0,8,13,0,21,0,0,16,0,16,0,8,29,0,37,0,0,0,37
07/14/2003,TXK,AR,ASW,CE,Federal Contract Tower,0,7,14,15,36,0,1,36,0,37,0,8,50,15,73,4,20,24,97
07/15/2003,TXK,AR,ASW,CE,Federal Contract Tower,0,8,7,12,27,0,0,29,2,31,0,8,36,14,58,10,22,32,90
07/16/2003,TXK,AR,ASW,CE,Federal Contract Tower,0,8,23,21,52,0,0,31,3,34,0,8,54,24,86,54,54,108,194
07/17/2003,TXK,AR,ASW,CE,Federal Contract Tower,0,8,10,2,20,0,0,27,0,27,0,8,37,2,47,20,0,20,67
07/18/2003,TXK,AR,ASW,CE,Federal Contract Tower,0,6,17,11,34,0,0,33,0,33,0,6,50,11,67,6,52,58,125
07/19/2003,TXK,AR,ASW,CE,Federal Contract Tower,0,6,4,5,15,0,0,21,0,21,0,6,25,5,36,0,12,12,48
07/20/2003,TXK,AR,ASW,CE,Federal Contract Tower,0,6,15,5,26,0,0,24,0,24,0,6,39,5,50,14,20,34,84
07/21/2003,TXK,AR,ASW,CE,Federal Contract Tower,0,8,19,0,27,0,0,26,0,26,0,8,45,0,53,32,0,32,85
07/22/2003,TXK,AR,ASW,CE,Federal Contract Tower,0,8,26,0,34,0,0,19,0,19,0,8,45,0,53,0,0,0,53
07/23/2003,TXK,AR,ASW,CE,Federal Contract Tower,0,8,23,0,31,0,0,44,0,44,0,8,67,0,75,44,0,44,119
07/24/2003,TXK,AR,ASW,CE,Federal Contract Tower,0,11,20,15,46,0,0,37,0,37,0,11,57,15,83,46,28,74,157
07/25/2003,TXK,AR,ASW,CE,Federal Contract Tower,0,10,15,4,29,0,0,39,0,39,0,10,54,4,68,6,14,20,88
07/26/2003,TXK,AR,ASW,CE,Federal Contract Tower,0,8,8,11,27,0,0,42,1,43,0,8,50,12,70,32,42,74,144
07/27/2003,TXK,AR,ASW,CE,Federal Contract Tower,0,6,6,6,18,0,0,38,2,40,0,6,44,8,58,32,14,46,104
07/28/2003,TXK,AR,ASW,CE,Federal Contract Tower,0,8,10,11,29,0,1,34,0,35,0,9,44,11,64,0,28,28,92
07/29/2003,TXK,AR,ASW,CE,Federal Contract Tower,0,8,8,10,26,0,0,28,2,30,0,8,36,12,56,6,20,26,82
07/30/2003,TXK,AR,ASW,CE,Federal Contract Tower,0,10,26,0,36,0,0,18,2,20,0,10,44,2,56,16,0,16,72
07/31/2003,TXK,AR,ASW,CE,Federal Contract Tower,0,8,13,12,33,0,0,32,0,32,0,8,45,12,65,50,34,84,149
08/01/2003,TXK,AR,ASW,CE,Federal Contract Tower,0,6,19,7,32,0,0,35,0,35,0,6,54,7,67,68,10,78,145
08/02/2003,TXK,AR,ASW,CE,Federal Contract Tower,0,6,7,8,21,0,0,12,1,13,0,6,19,9,34,0,34,34,68
08/03/2003,TXK,AR,ASW,CE,Federal Contract Tower,0,6,10,5,21,0,0,17,0,17,0,6,27,5,38,12,6,18,56
08/04/2003,TXK,AR,ASW,CE,Federal Contract Tower,0,9,14,12,35,0,0,29,0,29,0,9,43,12,64,14,46,60,124
08/05/2003,TXK,AR,ASW,CE,Federal Contract Tower,0,8,23,6,37,0,0,27,0,27,0,8,50,6,64,0,34,34,98
08/06/2003,TXK,AR,ASW,CE,Federal Contract Tower,0,8,23,11,42,0,0,16,0,16,0,8,39,11,58,42,14,56,114
08/07/2003,TXK,AR,ASW,CE,Federal Contract Tower,0,10,23,12,45,0,1,32,0,33,0,11,55,12,78,32,22,54,132
08/08/2003,TXK,AR,ASW,CE,Federal Contract Tower,0,6,10,4,20,0,0,53,4,57,0,6,63,8,77,84,24,108,185
08/09/2003,TXK,AR,ASW,CE,Federal Contract Tower,0,6,4,1,11,0,0,27,2,29,0,6,31,3,40,2,0,2,42
08/10/2003,TXK,AR,ASW,CE,Federal Contract Tower,0,6,12,2,20,0,0,30,3,33,0,6,42,5,53,32,26,58,111
08/11/2003,TXK,AR,ASW,CE,Federal Contract Tower,0,11,22,4,37,0,0,17,0,17,0,11,39,4,54,2,0,2,56
08/12/2003,TXK,AR,ASW,CE,Federal Contract Tower,0,7,23,4,34,0,0,31,0,31,0,7,54,4,65,32,0,32,97
08/13/2003,TXK,AR,ASW,CE,Federal Contract Tower,0,6,27,16,49,0,0,28,3,31,0,6,55,19,80,64,14,78,158
08/14/2003,TXK,AR,ASW,CE,Federal Contract Tower,0,6,21,13,40,0,0,36,0,36,0,6,57,13,76,60,18,78,154
08/15/2003,TXK,AR,ASW,CE,Federal Contract Tower,0,6,17,9,32,0,0,43,0,43,0,6,60,9,75,90,18,108,183
08/16/2003,TXK,AR,ASW,CE,Federal Contract Tower,0,7,7,6,20,0,0,38,0,38,0,7,45,6,58,40,52,92,150
08/17/2003,TXK,AR,ASW,CE,Federal Contract Tower,0,6,10,8,24,0,0,30,0,30,0,6,40,8,54,36,20,56,110
08/18/2003,TXK,AR,ASW,CE,Federal Contract Tower,0,7,19,8,34,0,0,35,0,35,0,7,54,8,69,2,2,4,73
08/19/2003,TXK,AR,ASW,CE,Federal Contract Tower,0,6,6,6,18,0,0,24,2,26,0,6,30,8,44,70,24,94,138
08/20/2003,TXK,AR,ASW,CE,Federal Contract Tower,0,6,17,12,35,0,0,43,0,43,0,6,60,12,78,60,26,86,164
08/21/2003,TXK,AR,ASW,CE,Federal Contract Tower,0,9,23,1,33,0,0,37,0,37,0,9,60,1,70,40,6,46,116
08/22/2003,TXK,AR,ASW,CE,Federal Contract Tower,0,9,23,4,36,0,0,30,0,30,0,9,53,4,66,52,8,60,126
08/23/2003,TXK,AR,ASW,CE,Federal Contract Tower,0,6,2,0,8,0,0,52,0,52,0,6,54,0,60,30,0,30,90
08/24/2003,TXK,AR,ASW,CE,Federal Contract Tower,0,6,7,0,13,0,0,44,0,44,0,6,51,0,57,10,0,10,67
08/25/2003,TXK,AR,ASW,CE,Federal Contract Tower,0,7,16,6,29,0,0,38,0,38,0,7,54,6,67,36,4,40,107
08/26/2003,TXK,AR,ASW,CE,Federal Contract Tower,0,11,11,6,28,0,0,30,1,31,0,11,41,7,59,28,16,44,103
08/27/2003,TXK,AR,ASW,CE,Federal Contract Tower,0,8,25,1,34,0,0,35,1,36,0,8,60,2,70,50,0,50,120
08/28/2003,TXK,AR,ASW,CE,Federal Contract Tower,0,6,28,8,42,0,0,21,0,21,0,6,49,8,63,0,0,0,63
08/29/2003,TXK,AR,ASW,CE,Federal Contract Tower,0,6,25,5,36,0,0,30,0,30,0,6,55,5,66,182,14,196,262
08/30/2003,TXK,AR,ASW,CE,Federal Contract Tower,0,6,3,0,9,0,0,13,0,13,0,6,16,0,22,112,0,112,134
08/31/2003,TXK,AR,ASW,CE,Federal Contract Tower,0,6,5,0,11,0,0,3,0,3,0,6,8,0,14,0,0,0,14
09/01/2003,TXK,AR,ASW,CE,Federal Contract Tower,0,6,18,2,26,0,0,1,0,1,0,6,19,2,27,0,0,0,27
09/02/2003,TXK,AR,ASW,CE,Federal Contract Tower,0,6,26,0,32,0,0,4,2,6,0,6,30,2,38,4,0,4,42
09/03/2003,TXK,AR,ASW,CE,Federal Contract Tower,0,8,16,5,29,0,0,29,0,29,0,8,45,5,58,60,28,88,146
09/04/2003,TXK,AR,ASW,CE,Federal Contract Tower,0,6,16,19,41,0,0,38,1,39,0,6,54,20,80,76,62,138,218
09/05/2003,TXK,AR,ASW,CE,Federal Contract Tower,0,6,13,9,28,0,0,45,1,46,0,6,58,10,74,44,18,62,136
09/06/2003,TXK,AR,ASW,CE,Federal Contract Tower,0,6,10,3,19,0,0,44,0,44,0,6,54,3,63,62,10,72,135
09/07/2003,TXK,AR,ASW,CE,Federal Contract Tower,0,6,12,10,28,0,0,31,0,31,0,6,43,10,59,12,48,60,119
09/08/2003,TXK,AR,ASW,CE,Federal Contract Tower,0,6,24,14,44,0,0,32,2,34,0,6,56,16,78,34,16,50,128
09/09/2003,TXK,AR,ASW,CE,Federal Contract Tower,0,8,14,1,23,0,0,22,9,31,0,8,36,10,54,20,14,34,88
09/10/2003,TXK,AR,ASW,CE,Federal Contract Tower,0,6,28,12,46,0,0,23,0,23,0,6,51,12,69,38,28,66,135
09/11/2003,TXK,AR,ASW,CE,Federal Contract Tower,0,3,20,9,32,0,0,7,0,7,0,3,27,9,39,0,14,14,53
09/12/2003,TXK,AR,ASW,CE,Federal Contract Tower,0,6,27,0,33,0,0,1,0,1,0,6,28,0,34,2,0,2,36
09/13/2003,TXK,AR,ASW,CE,Federal Contract Tower,0,6,30,3,39,0,0,18,0,18,0,6,48,3,57,6,20,26,83
09/14/2003,TXK,AR,ASW,CE,Federal Contract Tower,0,6,31,8,45,0,0,28,0,28,0,6,59,8,73,12,0,12,85
09/15/2003,TXK,AR,ASW,CE,Federal Contract Tower,0,6,22,14,42,0,0,36,1,37,0,6,58,15,79,32,60,92,171
09/16/2003,TXK,AR,ASW,CE,Federal Contract Tower,0,6,24,7,37,0,0,35,13,48,0,6,59,20,85,2,10,12,97
09/17/2003,TXK,AR,ASW,CE,Federal Contract Tower,0,6,16,11,33,0,0,36,0,36,0,6,52,11,69,30,2,32,101
09/18/2003,TXK,AR,ASW,CE,Federal Contract Tower,0,6,16,7,29,0,0,47,0,47,0,6,63,7,76,56,12,68,144
09/19/2003,TXK,AR,ASW,CE,Federal Contract Tower,0,6,10,9,25,0,0,26,6,32,0,6,36,15,57,46,28,74,131
09/20/2003,TXK,AR,ASW,CE,Federal Contract Tower,0,6,13,0,19,0,0,43,0,43,0,6,56,0,62,90,0,90,152
09/21/2003,TXK,AR,ASW,CE,Federal Contract Tower,0,6,12,0,18,0,0,3,0,3,0,6,15,0,21,0,0,0,21
09/22/2003,TXK,AR,ASW,CE,Federal Contract Tower,0,6,17,8,31,0,0,41,0,41,0,6,58,8,72,64,16,80,152
09/23/2003,TXK,AR,ASW,CE,Federal Contract Tower,0,6,17,7,30,0,0,54,1,55,0,6,71,8,85,80,4,84,169
09/24/2003,TXK,AR,ASW,CE,Federal Contract Tower,0,6,25,2,33,0,0,33,0,33,0,6,58,2,66,44,2,46,112
09/25/2003,TXK,AR,ASW,CE,Federal Contract Tower,0,6,23,2,31,0,0,43,3,46,0,6,66,5,77,96,0,96,173
09/26/2003,TXK,AR,ASW,CE,Federal Contract Tower,0,6,28,2,36,0,0,24,1,25,0,6,52,3,61,40,0,40,101
09/27/2003,TXK,AR,ASW,CE,Federal Contract Tower,2,6,12,0,20,0,0,42,0,42,2,6,54,0,62,48,0,48,110
09/28/2003,TXK,AR,ASW,CE,Federal Contract Tower,0,8,15,0,23,0,0,41,0,41,0,8,56,0,64,34,0,34,98
09/29/2003,TXK,AR,ASW,CE,Federal Contract Tower,0,6,14,0,20,0,0,40,4,44,0,6,54,4,64,30,0,30,94
09/30/2003,TXK,AR,ASW,CE,Federal Contract Tower,0,6,18,2,26,0,0,39,0,39,0,6,57,2,65,93,0,93,158
10/01/2003,TXK,AR,ASW,CE,Federal Contract Tower,0,12,26,15,53,0,0,29,5,34,0,12,55,20,87,34,50,84,171
10/02/2003,TXK,AR,ASW,CE,Federal Contract Tower,0,12,24,5,41,0,0,31,0,31,0,12,55,5,72,28,24,52,124
10/03/2003,TXK,AR,ASW,CE,Federal Contract Tower,0,12,12,5,29,0,0,45,0,45,0,12,57,5,74,34,20,54,128
10/04/2003,TXK,AR,ASW,CE,Federal Contract Tower,0,10,13,0,23,0,0,34,0,34,0,10,47,0,57,42,0,42,99
10/05/2003,TXK,AR,ASW,CE,Federal Contract Tower,0,10,14,0,24,0,0,4,0,4,0,10,18,0,28,22,0,22,50
10/06/2003,TXK,AR,ASW,CE,Federal Contract Tower,0,12,17,14,43,0,0,26,1,27,0,12,43,15,70,30,16,46,116
10/07/2003,TXK,AR,ASW,CE,Federal Contract Tower,0,14,25,17,56,0,0,15,1,16,0,14,40,18,72,4,14,18,90
10/08/2003,TXK,AR,ASW,CE,Federal Contract Tower,0,12,28,11,51,0,0,29,2,31,0,12,57,13,82,50,24,74,156
10/09/2003,TXK,AR,ASW,CE,Federal Contract Tower,0,10,23,0,33,0,0,12,0,12,0,10,35,0,45,28,0,28,73
10/10/2003,TXK,AR,ASW,CE,Federal Contract Tower,0,17,29,12,58,0,0,20,0,20,0,17,49,12,78,70,12,82,160
10/11/2003,TXK,AR,ASW,CE,Federal Contract Tower,0,11,18,2,31,0,0,9,0,9,0,11,27,2,40,4,6,10,50
10/12/2003,TXK,AR,ASW,CE,Federal Contract Tower,0,15,30,2,47,0,0,18,0,18,0,15,48,2,65,22,0,22,87
10/13/2003,TXK,AR,ASW,CE,Federal Contract Tower,0,16,19,0,35,0,0,27,0,27,0,16,46,0,62,34,0,34,96
10/14/2003,TXK,AR,ASW,CE,Federal Contract Tower,0,12,9,5,26,0,0,25,1,26,0,12,34,6,52,34,2,36,88
10/15/2003,TXK,AR,ASW,CE,Federal Contract Tower,0,12,22,1,35,0,0,38,1,39,0,12,60,2,74,122,0,122,196
10/16/2003,TXK,AR,ASW,CE,Federal Contract Tower,0,12,25,3,40,0,0,53,0,53,0,12,78,3,93,122,2,124,217
10/17/2003,TXK,AR,ASW,CE,Federal Contract Tower,0,12,17,8,37,0,0,29,0,29,0,12,46,8,66,42,14,56,122
10/18/2003,TXK,AR,ASW,CE,Federal Contract Tower,0,10,24,0,34,0,0,65,1,66,0,10,89,1,100,46,10,56,156
10/19/2003,TXK,AR,ASW,CE,Federal Contract Tower,0,10,19,2,31,0,0,41,0,41,0,10,60,2,72,20,2,22,94
10/20/2003,TXK,AR,ASW,CE,Federal Contract Tower,0,12,9,11,32,0,3,42,3,48,0,15,51,14,80,54,16,70,150
10/21/2003,TXK,AR,ASW,CE,Federal Contract Tower,0,12,24,11,47,0,0,31,2,33,0,12,55,13,80,14,24,38,118
10/22/2003,TXK,AR,ASW,CE,Federal Contract Tower,0,12,27,6,45,0,0,50,0,50,0,12,77,6,95,72,2,74,169
10/23/2003,TXK,AR,ASW,CE,Federal Contract Tower,0,16,26,15,57,0,0,38,3,41,0,16,64,18,98,30,36,66,164
10/24/2003,TXK,AR,ASW,CE,Federal Contract Tower,0,12,24,29,65,0,0,29,4,33,0,12,53,33,98,8,92,100,198
10/25/2003,TXK,AR,ASW,CE,Federal Contract Tower,0,10,17,0,27,0,0,11,0,11,0,10,28,0,38,24,0,24,62
10/26/2003,TXK,AR,ASW,CE,Federal Contract Tower,0,10,11,0,21,0,0,15,0,15,0,10,26,0,36,16,0,16,52
10/27/2003,TXK,AR,ASW,CE,Federal Contract Tower,0,12,21,22,55,0,0,36,0,36,0,12,57,22,91,44,28,72,163
10/28/2003,TXK,AR,ASW,CE,Federal Contract Tower,0,14,21,12,47,0,0,22,1,23,0,14,43,13,70,16,8,24,94
10/29/2003,TXK,AR,ASW,CE,Federal Contract Tower,0,14,11,4,29,0,0,39,3,42,0,14,50,7,71,32,18,50,121
10/30/2003,TXK,AR,ASW,CE,Federal Contract Tower,0,13,13,8,34,0,0,23,0,23,0,13,36,8,57,60,10,70,127
10/31/2003,TXK,AR,ASW,CE,Federal Contract Tower,0,12,31,10,53,0,0,14,4,18,0,12,45,14,71,26,28,54,125
11/01/2003,TXK,AR,ASW,CE,Federal Contract Tower,0,10,14,0,24,0,0,26,0,26,0,10,40,0,50,106,0,106,156
11/02/2003,TXK,AR,ASW,CE,Federal Contract Tower,0,10,23,6,39,0,0,31,2,33,0,10,54,8,72,98,18,116,188
11/03/2003,TXK,AR,ASW,CE,Federal Contract Tower,0,18,16,14,48,0,0,26,0,26,0,18,42,14,74,38,10,48,122
11/04/2003,TXK,AR,ASW,CE,Federal Contract Tower,0,12,26,16,54,0,0,39,1,40,0,12,65,17,94,20,18,38,132
11/05/2003,TXK,AR,ASW,CE,Federal Contract Tower,0,12,21,11,44,0,0,23,0,23,0,12,44,11,67,34,4,38,105
11/06/2003,TXK,AR,ASW,CE,Federal Contract Tower,0,12,34,2,48,0,0,0,0,0,0,12,34,2,48,12,0,12,60
11/07/2003,TXK,AR,ASW,CE,Federal Contract Tower,0,14,20,5,39,0,0,0,0,0,0,14,20,5,39,0,4,4,43
11/08/2003,TXK,AR,ASW,CE,Federal Contract Tower,0,10,12,0,22,0,0,24,0,24,0,10,36,0,46,108,0,108,154
11/09/2003,TXK,AR,ASW,CE,Federal Contract Tower,0,10,10,8,28,0,0,17,2,19,0,10,27,10,47,0,2,2,49
11/10/2003,TXK,AR,ASW,CE,Federal Contract Tower,0,14,21,5,40,0,0,26,3,29,0,14,47,8,69,32,10,42,111
11/11/2003,TXK,AR,ASW,CE,Federal Contract Tower,0,18,24,0,42,0,0,15,0,15,0,18,39,0,57,18,0,18,75
11/12/2003,TXK,AR,ASW,CE,Federal Contract Tower,0,14,43,7,64,0,0,4,1,5,0,14,47,8,69,0,6,6,75
11/13/2003,TXK,AR,ASW,CE,Federal Contract Tower,0,14,9,8,31,0,0,37,0,37,0,14,46,8,68,14,4,18,86
11/14/2003,TXK,AR,ASW,CE,Federal Contract Tower,0,12,29,0,41,0,0,23,0,23,0,12,52,0,64,16,0,16,80
11/15/2003,TXK,AR,ASW,CE,Federal Contract Tower,0,10,26,1,37,0,0,2,0,2,0,10,28,1,39,0,0,0,39
11/16/2003,TXK,AR,ASW,CE,Federal Contract Tower,0,11,14,3,28,0,0,11,0,11,0,11,25,3,39,26,0,26,65
11/17/2003,TXK,AR,ASW,CE,Federal Contract Tower,0,12,7,2,21,0,0,0,0,0,0,12,7,2,21,2,2,4,25
11/18/2003,TXK,AR,ASW,CE,Federal Contract Tower,0,19,22,0,41,0,0,15,0,15,0,19,37,0,56,28,0,28,84
11/19/2003,TXK,AR,ASW,CE,Federal Contract Tower,0,12,27,9,48,0,0,65,3,68,0,12,92,12,116,78,36,114,230
11/20/2003,TXK,AR,ASW,CE,Federal Contract Tower,0,12,25,7,44,0,0,63,4,67,0,12,88,11,111,102,12,114,225
11/21/2003,TXK,AR,ASW,CE,Federal Contract Tower,0,16,28,4,48,0,0,27,4,31,0,16,55,8,79,4,4,8,87
11/22/2003,TXK,AR,ASW,CE,Federal Contract Tower,0,10,19,2,31,0,0,17,0,17,0,10,36,2,48,24,0,24,72
11/23/2003,TXK,AR,ASW,CE,Federal Contract Tower,0,10,8,0,18,0,0,2,0,2,0,10,10,0,20,18,0,18,38
11/24/2003,TXK,AR,ASW,CE,Federal Contract Tower,0,12,32,7,51,0,0,30,1,31,0,12,62,8,82,8,12,20,102
11/25/2003,TXK,AR,ASW,CE,Federal Contract Tower,0,12,22,9,43,0,0,33,1,34,0,12,55,10,77,18,16,34,111
11/26/2003,TXK,AR,ASW,CE,Federal Contract Tower,0,14,37,0,51,0,0,17,0,17,0,14,54,0,68,46,0,46,114
11/27/2003,TXK,AR,ASW,CE,Federal Contract Tower,0,10,23,0,33,0,0,6,0,6,0,10,29,0,39,0,0,0,39
11/28/2003,TXK,AR,ASW,CE,Federal Contract Tower,0,12,21,0,33,0,0,28,0,28,0,12,49,0,61,20,0,20,81
11/29/2003,TXK,AR,ASW,CE,Federal Contract Tower,0,10,9,0,19,0,0,59,0,59,0,10,68,0,78,28,0,28,106
11/30/2003,TXK,AR,ASW,CE,Federal Contract Tower,0,12,15,0,27,0,0,32,0,32,0,12,47,0,59,20,0,20,79
12/01/2003,TXK,AR,ASW,CE,Federal Contract Tower,0,12,5,2,19,0,0,29,0,29,0,12,34,2,48,4,0,4,52
12/02/2003,TXK,AR,ASW,CE,Federal Contract Tower,0,14,20,0,34,0,0,40,0,40,0,14,60,0,74,28,0,28,102
12/03/2003,TXK,AR,ASW,CE,Federal Contract Tower,0,15,18,2,35,0,0,7,0,7,0,15,25,2,42,0,0,0,42
12/04/2003,TXK,AR,ASW,CE,Federal Contract Tower,0,12,30,26,68,0,0,41,2,43,0,12,71,28,111,80,154,234,345
12/05/2003,TXK,AR,ASW,CE,Federal Contract Tower,0,12,15,8,35,0,0,23,0,23,0,12,38,8,58,0,14,14,72
12/06/2003,TXK,AR,ASW,CE,Federal Contract Tower,0,10,8,0,18,0,0,54,0,54,0,10,62,0,72,196,0,196,268
12/07/2003,TXK,AR,ASW,CE,Federal Contract Tower,0,10,7,0,17,0,0,23,0,23,0,10,30,0,40,56,0,56,96
12/08/2003,TXK,AR,ASW,CE,Federal Contract Tower,0,14,16,2,32,0,0,18,0,18,0,14,34,2,50,8,2,10,60
12/09/2003,TXK,AR,ASW,CE,Federal Contract Tower,0,13,11,0,24,0,0,2,0,2,0,13,13,0,26,0,0,0,26
12/10/2003,TXK,AR,ASW,CE,Federal Contract Tower,2,14,17,5,38,0,0,20,0,20,2,14,37,5,58,0,6,6,64
12/11/2003,TXK,AR,ASW,CE,Federal Contract Tower,0,14,20,7,41,0,0,42,2,44,0,14,62,9,85,92,38,130,215
12/12/2003,TXK,AR,ASW,CE,Federal Contract Tower,0,12,16,8,36,0,0,26,0,26,0,12,42,8,62,72,10,82,144
12/13/2003,TXK,AR,ASW,CE,Federal Contract Tower,2,10,12,0,24,0,0,0,0,0,2,10,12,0,24,0,0,0,24
12/14/2003,TXK,AR,ASW,CE,Federal Contract Tower,0,10,14,8,32,0,0,35,0,35,0,10,49,8,67,10,20,30,97
12/15/2003,TXK,AR,ASW,CE,Federal Contract Tower,0,12,15,1,28,0,0,22,1,23,0,12,37,2,51,2,2,4,55
12/16/2003,TXK,AR,ASW,CE,Federal Contract Tower,0,12,24,2,38,0,0,23,0,23,0,12,47,2,61,28,4,32,93
12/17/2003,TXK,AR,ASW,CE,Federal Contract Tower,0,12,20,2,34,0,0,50,0,50,0,12,70,2,84,120,6,126,210
12/18/2003,TXK,AR,ASW,CE,Federal Contract Tower,0,12,24,0,36,0,0,26,2,28,0,12,50,2,64,32,4,36,100
12/19/2003,TXK,AR,ASW,CE,Federal Contract Tower,0,12,24,7,43,0,0,46,0,46,0,12,70,7,89,68,50,118,207
12/20/2003,TXK,AR,ASW,CE,Federal Contract Tower,0,10,5,0,15,0,0,33,0,33,0,10,38,0,48,34,0,34,82
12/21/2003,TXK,AR,ASW,CE,Federal Contract Tower,0,10,11,0,21,0,0,35,0,35,0,10,46,0,56,8,0,8,64
12/22/2003,TXK,AR,ASW,CE,Federal Contract Tower,0,15,18,4,37,0,0,4,0,4,0,15,22,4,41,42,0,42,83
12/23/2003,TXK,AR,ASW,CE,Federal Contract Tower,0,13,19,0,32,0,0,30,6,36,0,13,49,6,68,20,16,36,104
12/24/2003,TXK,AR,ASW,CE,Federal Contract Tower,0,12,11,0,23,0,0,24,0,24,0,12,35,0,47,64,0,64,111
12/25/2003,TXK,AR,ASW,CE,Federal Contract Tower,0,9,4,0,13,0,0,14,0,14,0,9,18,0,27,20,0,20,47
12/26/2003,TXK,AR,ASW,CE,Federal Contract Tower,0,12,12,0,24,0,0,32,0,32,0,12,44,0,56,24,0,24,80
12/27/2003,TXK,AR,ASW,CE,Federal Contract Tower,0,10,10,0,20,0,0,16,0,16,0,10,26,0,36,2,0,2,38
12/28/2003,TXK,AR,ASW,CE,Federal Contract Tower,0,10,9,0,19,0,0,2,0,2,0,10,11,0,21,2,0,2,23
12/29/2003,TXK,AR,ASW,CE,Federal Contract Tower,0,12,20,4,36,0,0,24,0,24,0,12,44,4,60,8,8,16,76
12/30/2003,TXK,AR,ASW,CE,Federal Contract Tower,0,12,5,2,19,0,0,56,0,56,0,12,61,2,75,16,0,16,91
12/31/2003,TXK,AR,ASW,CE,Federal Contract Tower,0,13,15,0,28,0,0,27,0,27,0,13,42,0,55,26,0,26,81
01/01/2004,TXK,AR,ASW,CE,Federal Contract Tower,0,9,9,2,20,0,0,3,0,3,0,9,12,2,23,2,0,2,25
01/02/2004,TXK,AR,ASW,CE,Federal Contract Tower,0,15,13,0,28,0,0,8,0,8,0,15,21,0,36,0,0,0,36
01/03/2004,TXK,AR,ASW,CE,Federal Contract Tower,0,10,5,0,15,0,0,16,0,16,0,10,21,0,31,2,0,2,33
01/04/2004,TXK,AR,ASW,CE,Federal Contract Tower,0,9,7,2,18,0,0,2,0,2,0,9,9,2,20,0,0,0,20
01/05/2004,TXK,AR,ASW,CE,Federal Contract Tower,0,12,33,4,49,0,0,24,0,24,0,12,57,4,73,4,10,14,87
01/06/2004,TXK,AR,ASW,CE,Federal Contract Tower,0,14,17,0,31,0,0,32,0,32,0,14,49,0,63,2,0,2,65
01/07/2004,TXK,AR,ASW,CE,Federal Contract Tower,0,16,16,6,38,0,0,20,0,20,0,16,36,6,58,42,48,90,148
01/08/2004,TXK,AR,ASW,CE,Federal Contract Tower,0,12,23,2,37,0,0,0,0,0,0,12,23,2,37,0,0,0,37
01/09/2004,TXK,AR,ASW,CE,Federal Contract Tower,0,12,26,24,62,0,0,32,2,34,0,12,58,26,96,32,62,94,190
01/10/2004,TXK,AR,ASW,CE,Federal Contract Tower,0,10,15,0,25,0,0,42,0,42,0,10,57,0,67,64,0,64,131
01/11/2004,TXK,AR,ASW,CE,Federal Contract Tower,0,10,11,2,23,0,0,23,0,23,0,10,34,2,46,0,0,0,46
01/12/2004,TXK,AR,ASW,CE,Federal Contract Tower,0,12,28,2,42,0,0,34,0,34,0,12,62,2,76,22,0,22,98
01/13/2004,TXK,AR,ASW,CE,Federal Contract Tower,0,12,33,4,49,0,0,17,0,17,0,12,50,4,66,38,2,40,106
01/14/2004,TXK,AR,ASW,CE,Federal Contract Tower,0,10,23,0,33,0,0,17,0,17,0,10,40,0,50,16,0,16,66
01/15/2004,TXK,AR,ASW,CE,Federal Contract Tower,0,12,21,3,36,0,0,27,0,27,0,12,48,3,63,58,38,96,159
01/16/2004,TXK,AR,ASW,CE,Federal Contract Tower,0,12,24,2,38,0,0,4,0,4,0,12,28,2,42,2,10,12,54
01/17/2004,TXK,AR,ASW,CE,Federal Contract Tower,0,10,18,0,28,0,0,0,0,0,0,10,18,0,28,0,0,0,28
01/18/2004,TXK,AR,ASW,CE,Federal Contract Tower,0,10,15,2,27,0,0,11,0,11,0,10,26,2,38,8,0,8,46
01/19/2004,TXK,AR,ASW,CE,Federal Contract Tower,0,12,19,0,31,0,0,39,0,39,0,12,58,0,70,28,0,28,98
01/20/2004,TXK,AR,ASW,CE,Federal Contract Tower,0,12,18,17,47,0,0,25,2,27,0,12,43,19,74,20,24,44,118
01/21/2004,TXK,AR,ASW,CE,Federal Contract Tower,0,12,12,2,26,0,0,42,0,42,0,12,54,2,68,64,0,64,132
01/22/2004,TXK,AR,ASW,CE,Federal Contract Tower,0,12,15,2,29,0,0,28,0,28,0,12,43,2,57,76,0,76,133
01/23/2004,TXK,AR,ASW,CE,Federal Contract Tower,0,12,23,8,43,0,0,40,0,40,0,12,63,8,83,38,36,74,157
01/24/2004,TXK,AR,ASW,CE,Federal Contract Tower,0,10,5,0,15,0,0,0,0,0,0,10,5,0,15,2,0,2,17
01/25/2004,TXK,AR,ASW,CE,Federal Contract Tower,0,13,16,6,35,0,0,29,2,31,0,13,45,8,66,78,16,94,160
01/26/2004,TXK,AR,ASW,CE,Federal Contract Tower,0,12,23,9,44,0,0,24,0,24,0,12,47,9,68,36,12,48,116
01/27/2004,TXK,AR,ASW,CE,Federal Contract Tower,0,12,14,10,36,0,0,32,2,34,0,12,46,12,70,40,8,48,118
01/28/2004,TXK,AR,ASW,CE,Federal Contract Tower,0,13,10,9,32,0,0,29,2,31,0,13,39,11,63,62,22,84,147
01/29/2004,TXK,AR,ASW,CE,Federal Contract Tower,0,16,13,2,31,0,0,27,0,27,0,16,40,2,58,42,20,62,120
01/30/2004,TXK,AR,ASW,CE,Federal Contract Tower,0,13,33,13,59,0,0,11,0,11,0,13,44,13,70,0,24,24,94
01/31/2004,TXK,AR,ASW,CE,Federal Contract Tower,0,11,18,5,34,0,0,19,3,22,0,11,37,8,56,76,12,88,144
02/01/2004,TXK,AR,ASW,CE,Federal Contract Tower,0,10,9,0,19,0,0,22,0,22,0,10,31,0,41,16,0,16,57
02/02/2004,TXK,AR,ASW,CE,Federal Contract Tower,0,12,22,14,48,0,0,10,3,13,0,12,32,17,61,0,28,28,89
02/03/2004,TXK,AR,ASW,CE,Federal Contract Tower,0,12,16,12,40,0,0,52,0,52,0,12,68,12,92,42,24,66,158
02/04/2004,TXK,AR,ASW,CE,Federal Contract Tower,0,18,11,6,35,0,0,7,0,7,0,18,18,6,42,2,6,8,50
02/05/2004,TXK,AR,ASW,CE,Federal Contract Tower,0,14,15,3,32,0,0,0,0,0,0,14,15,3,32,0,6,6,38
02/06/2004,TXK,AR,ASW,CE,Federal Contract Tower,0,12,21,17,50,0,0,13,0,13,0,12,34,17,63,0,62,62,125
02/07/2004,TXK,AR,ASW,CE,Federal Contract Tower,0,9,10,0,19,0,0,28,0,28,0,9,38,0,47,102,0,102,149
02/08/2004,TXK,AR,ASW,CE,Federal Contract Tower,0,10,5,0,15,0,0,34,0,34,0,10,39,0,49,44,0,44,93
02/09/2004,TXK,AR,ASW,CE,Federal Contract Tower,0,12,15,0,27,0,0,0,0,0,0,12,15,0,27,0,0,0,27
02/10/2004,TXK,AR,ASW,CE,Federal Contract Tower,0,12,23,14,49,0,0,15,4,19,0,12,38,18,68,8,62,70,138
02/11/2004,TXK,AR,ASW,CE,Federal Contract Tower,0,14,27,3,44,0,0,3,0,3,0,14,30,3,47,18,0,18,65
02/12/2004,TXK,AR,ASW,CE,Federal Contract Tower,0,12,15,8,35,0,0,15,3,18,0,12,30,11,53,4,42,46,99
02/13/2004,TXK,AR,ASW,CE,Federal Contract Tower,0,12,25,15,52,0,0,38,1,39,0,12,63,16,91,40,16,56,147
02/14/2004,TXK,AR,ASW,CE,Federal Contract Tower,0,10,9,0,19,0,0,1,0,1,0,10,10,0,20,0,0,0,20
02/15/2004,TXK,AR,ASW,CE,Federal Contract Tower,0,10,16,0,26,0,0,39,0,39,0,10,55,0,65,26,0,26,91
02/16/2004,TXK,AR,ASW,CE,Federal Contract Tower,0,12,23,2,37,0,0,29,1,30,0,12,52,3,67,36,0,36,103
02/17/2004,TXK,AR,ASW,CE,Federal Contract Tower,0,14,28,3,45,0,0,33,5,38,0,14,61,8,83,46,4,50,133
02/18/2004,TXK,AR,ASW,CE,Federal Contract Tower,0,14,23,4,41,0,0,44,2,46,0,14,67,6,87,88,6,94,181
02/19/2004,TXK,AR,ASW,CE,Federal Contract Tower,0,12,18,7,37,0,0,12,3,15,0,12,30,10,52,26,6,32,84
02/20/2004,TXK,AR,ASW,CE,Federal Contract Tower,0,14,19,5,38,0,0,26,4,30,0,14,45,9,68,72,20,92,160
02/21/2004,TXK,AR,ASW,CE,Federal Contract Tower,0,12,12,2,26,0,0,54,1,55,0,12,66,3,81,68,14,82,163
02/22/2004,TXK,AR,ASW,CE,Federal Contract Tower,0,10,16,6,32,0,0,31,2,33,0,10,47,8,65,20,0,20,85
02/23/2004,TXK,AR,ASW,CE,Federal Contract Tower,0,12,14,0,26,0,0,19,0,19,0,12,33,0,45,46,0,46,91
02/24/2004,TXK,AR,ASW,CE,Federal Contract Tower,0,13,7,10,30,0,0,4,0,4,0,13,11,10,34,12,16,28,62
02/25/2004,TXK,AR,ASW,CE,Federal Contract Tower,0,13,14,2,29,0,0,3,0,3,0,13,17,2,32,0,0,0,32
02/26/2004,TXK,AR,ASW,CE,Federal Contract Tower,0,10,27,23,60,0,0,37,5,42,0,10,64,28,102,18,80,98,200
02/27/2004,TXK,AR,ASW,CE,Federal Contract Tower,0,12,34,4,50,0,0,40,3,43,0,12,74,7,93,10,14,24,117
02/28/2004,TXK,AR,ASW,CE,Federal Contract Tower,0,10,10,4,24,0,0,36,1,37,0,10,46,5,61,42,24,66,127
02/29/2004,TXK,AR,ASW,CE,Federal Contract Tower,0,8,12,2,22,0,0,1,0,1,0,8,13,2,23,0,0,0,23
03/01/2004,TXK,AR,ASW,CE,Federal Contract Tower,0,12,17,2,31,0,0,21,0,21,0,12,38,2,52,26,0,26,78
03/02/2004,TXK,AR,ASW,CE,Federal Contract Tower,0,12,14,18,44,0,0,33,0,33,0,12,47,18,77,106,34,140,217
03/03/2004,TXK,AR,ASW,CE,Federal Contract Tower,0,12,16,2,30,0,0,2,0,2,0,12,18,2,32,34,0,34,66
03/04/2004,TXK,AR,ASW,CE,Federal Contract Tower,0,16,3,0,19,0,4,1,0,5,0,20,4,0,24,0,0,0,24
03/05/2004,TXK,AR,ASW,CE,Federal Contract Tower,0,12,26,14,52,0,2,21,0,23,0,14,47,14,75,70,20,90,165
03/06/2004,TXK,AR,ASW,CE,Federal Contract Tower,0,10,19,3,32,0,3,41,0,44,0,13,60,3,76,10,2,12,88
03/07/2004,TXK,AR,ASW,CE,Federal Contract Tower,0,10,11,3,24,0,2,40,2,44,0,12,51,5,68,32,30,62,130
03/08/2004,TXK,AR,ASW,CE,Federal Contract Tower,0,14,14,18,46,0,4,27,0,31,0,18,41,18,77,30,16,46,123
03/09/2004,TXK,AR,ASW,CE,Federal Contract Tower,0,13,25,11,49,0,6,27,1,34,0,19,52,12,83,10,20,30,113
03/10/2004,TXK,AR,ASW,CE,Federal Contract Tower,0,13,21,9,43,0,1,52,2,55,0,14,73,11,98,132,6,138,236
03/11/2004,TXK,AR,ASW,CE,Federal Contract Tower,0,17,23,6,46,0,4,36,4,44,0,21,59,10,90,12,6,18,108
03/12/2004,TXK,AR,ASW,CE,Federal Contract Tower,0,14,24,16,54,0,3,25,2,30,0,17,49,18,84,12,22,34,118
03/13/2004,TXK,AR,ASW,CE,Federal Contract Tower,0,10,20,0,30,0,2,1,0,3,0,12,21,0,33,0,0,0,33
03/14/2004,TXK,AR,ASW,CE,Federal Contract Tower,0,8,19,4,31,0,2,16,0,18,0,10,35,4,49,4,12,16,65
03/15/2004,TXK,AR,ASW,CE,Federal Contract Tower,0,15,21,3,39,0,1,1,0,2,0,16,22,3,41,0,2,2,43
03/16/2004,TXK,AR,ASW,CE,Federal Contract Tower,0,13,31,11,55,0,2,35,1,38,0,15,66,12,93,8,72,80,173
03/17/2004,TXK,AR,ASW,CE,Federal Contract Tower,0,14,32,4,50,0,0,50,0,50,0,14,82,4,100,86,4,90,190
03/18/2004,TXK,AR,ASW,CE,Federal Contract Tower,0,12,29,4,45,0,0,23,2,25,0,12,52,6,70,22,6,28,98
03/19/2004,TXK,AR,ASW,CE,Federal Contract Tower,0,12,29,0,41,0,2,24,0,26,0,14,53,0,67,18,0,18,85
03/20/2004,TXK,AR,ASW,CE,Federal Contract Tower,0,10,28,0,38,0,7,35,0,42,0,17,63,0,80,90,0,90,170
03/21/2004,TXK,AR,ASW,CE,Federal Contract Tower,0,8,21,2,31,0,3,51,0,54,0,11,72,2,85,36,0,36,121
03/22/2004,TXK,AR,ASW,CE,Federal Contract Tower,0,12,19,9,40,0,2,44,0,46,0,14,63,9,86,16,70,86,172
03/23/2004,TXK,AR,ASW,CE,Federal Contract Tower,0,12,13,0,25,0,3,30,0,33,0,15,43,0,58,16,0,16,74
03/24/2004,TXK,AR,ASW,CE,Federal Contract Tower,0,12,11,0,23,0,7,12,4,23,0,19,23,4,46,14,0,14,60
03/25/2004,TXK,AR,ASW,CE,Federal Contract Tower,0,14,24,2,40,0,6,17,2,25,0,20,41,4,65,16,2,18,83
03/26/2004,TXK,AR,ASW,CE,Federal Contract Tower,0,12,25,2,39,0,2,19,2,23,0,14,44,4,62,18,0,18,80
03/27/2004,TXK,AR,ASW,CE,Federal Contract Tower,0,11,26,4,41,0,3,21,2,26,0,14,47,6,67,74,0,74,141
03/28/2004,TXK,AR,ASW,CE,Federal Contract Tower,0,10,12,0,22,0,0,7,0,7,0,10,19,0,29,40,0,40,69
03/29/2004,TXK,AR,ASW,CE,Federal Contract Tower,0,12,11,1,24,0,3,45,1,49,0,15,56,2,73,28,0,28,101
03/30/2004,TXK,AR,ASW,CE,Federal Contract Tower,0,12,12,0,24,0,0,28,0,28,0,12,40,0,52,52,0,52,104
03/31/2004,TXK,AR,ASW,CE,Federal Contract Tower,0,15,17,2,34,0,3,31,0,34,0,18,48,2,68,64,0,64,132
04/01/2004,TXK,AR,ASW,CE,Federal Contract Tower,0,12,29,2,43,0,6,51,0,57,0,18,80,2,100,116,0,116,216
04/02/2004,TXK,AR,ASW,CE,Federal Contract Tower,0,18,12,13,43,0,8,27,0,35,0,26,39,13,78,10,30,40,118
04/03/2004,TXK,AR,ASW,CE,Federal Contract Tower,0,11,6,0,17,0,5,34,2,41,0,16,40,2,58,28,0,28,86
04/04/2004,TXK,AR,ASW,CE,Federal Contract Tower,0,14,8,3,25,0,1,33,3,37,0,15,41,6,62,8,6,14,76
04/05/2004,TXK,AR,ASW,CE,Federal Contract Tower,0,15,20,12,47,0,1,25,1,27,0,16,45,13,74,0,62,62,136
04/06/2004,TXK,AR,ASW,CE,Federal Contract Tower,0,17,18,6,41,0,10,26,1,37,0,27,44,7,78,44,20,64,142
04/07/2004,TXK,AR,ASW,CE,Federal Contract Tower,0,12,11,2,25,0,6,10,1,17,0,18,21,3,42,6,0,6,48
04/08/2004,TXK,AR,ASW,CE,Federal Contract Tower,0,16,23,0,39,0,2,51,2,55,0,18,74,2,94,124,6,130,224
04/09/2004,TXK,AR,ASW,CE,Federal Contract Tower,0,14,20,0,34,0,9,44,0,53,0,23,64,0,87,38,0,38,125
04/10/2004,TXK,AR,ASW,CE,Federal Contract Tower,0,12,18,0,30,0,2,7,0,9,0,14,25,0,39,88,0,88,127
04/11/2004,TXK,AR,ASW,CE,Federal Contract Tower,0,13,12,10,35,0,0,5,0,5,0,13,17,10,40,0,8,8,48
04/12/2004,TXK,AR,ASW,CE,Federal Contract Tower,0,13,17,0,30,0,1,3,0,4,0,14,20,0,34,0,0,0,34
04/13/2004,TXK,AR,ASW,CE,Federal Contract Tower,0,12,20,1,33,0,4,34,1,39,0,16,54,2,72,16,8,24,96
04/14/2004,TXK,AR,ASW,CE,Federal Contract Tower,0,12,21,11,44,0,0,49,0,49,0,12,70,11,93,94,32,126,219
04/15/2004,TXK,AR,ASW,CE,Federal Contract Tower,0,12,20,5,37,0,10,31,0,41,0,22,51,5,78,24,6,30,108
04/16/2004,TXK,AR,ASW,CE,Federal Contract Tower,0,14,17,2,33,0,6,42,0,48,0,20,59,2,81,80,4,84,165
04/17/2004,TXK,AR,ASW,CE,Federal Contract Tower,0,10,10,4,24,0,4,30,1,35,0,14,40,5,59,116,0,116,175
04/18/2004,TXK,AR,ASW,CE,Federal Contract Tower,0,12,23,0,35,0,6,27,0,33,0,18,50,0,68,22,0,22,90
04/19/2004,TXK,AR,ASW,CE,Federal Contract Tower,0,13,22,2,37,0,0,15,0,15,0,13,37,2,52,58,0,58,110
04/20/2004,TXK,AR,ASW,CE,Federal Contract Tower,0,13,22,4,39,0,7,15,3,25,0,20,37,7,64,36,0,36,100
04/21/2004,TXK,AR,ASW,CE,Federal Contract Tower,0,12,21,8,41,0,2,17,4,23,0,14,38,12,64,46,0,46,110
04/22/2004,TXK,AR,ASW,CE,Federal Contract Tower,0,12,24,7,43,0,3,16,0,19,0,15,40,7,62,64,4,68,130
04/23/2004,TXK,AR,ASW,CE,Federal Contract Tower,0,12,31,1,44,0,0,14,3,17,0,12,45,4,61,6,0,6,67
04/24/2004,TXK,AR,ASW,CE,Federal Contract Tower,0,10,14,2,26,0,4,3,0,7,0,14,17,2,33,0,14,14,47
04/25/2004,TXK,AR,ASW,CE,Federal Contract Tower,0,8,26,0,34,0,0,15,0,15,0,8,41,0,49,14,0,14,63
04/26/2004,TXK,AR,ASW,CE,Federal Contract Tower,0,14,23,0,37,0,5,35,0,40,0,19,58,0,77,42,0,42,119
04/27/2004,TXK,AR,ASW,CE,Federal Contract Tower,0,12,17,1,30,0,0,66,1,67,0,12,83,2,97,116,0,116,213
04/28/2004,TXK,AR,ASW,CE,Federal Contract Tower,0,15,27,3,45,0,0,58,1,59,0,15,85,4,104,124,8,132,236
04/29/2004,TXK,AR,ASW,CE,Federal Contract Tower,0,14,28,4,46,0,0,18,1,19,0,14,46,5,65,70,16,86,151
04/30/2004,TXK,AR,ASW,CE,Federal Contract Tower,0,16,34,8,58,0,6,12,0,18,0,22,46,8,76,24,4,28,104
05/01/2004,TXK,AR,ASW,CE,Federal Contract Tower,0,7,12,0,19,0,0,0,0,0,0,7,12,0,19,0,0,0,19
05/02/2004,TXK,AR,ASW,CE,Federal Contract Tower,0,9,10,0,19,0,5,30,0,35,0,14,40,0,54,26,0,26,80
05/03/2004,TXK,AR,ASW,CE,Federal Contract Tower,0,18,21,4,43,0,3,40,0,43,0,21,61,4,86,48,2,50,136
05/04/2004,TXK,AR,ASW,CE,Federal Contract Tower,0,14,27,6,47,0,0,62,0,62,0,14,89,6,109,70,0,70,179
05/05/2004,TXK,AR,ASW,CE,Federal Contract Tower,0,12,21,2,35,0,2,40,0,42,0,14,61,2,77,84,0,84,161
05/06/2004,TXK,AR,ASW,CE,Federal Contract Tower,0,14,20,7,41,0,8,38,1,47,0,22,58,8,88,138,12,150,238
05/07/2004,TXK,AR,ASW,CE,Federal Contract Tower,0,12,7,0,19,0,0,43,0,43,0,12,50,0,62,108,0,108,170
05/08/2004,TXK,AR,ASW,CE,Federal Contract Tower,0,7,8,3,18,0,6,34,2,42,0,13,42,5,60,68,6,74,134
05/09/2004,TXK,AR,ASW,CE,Federal Contract Tower,0,9,23,4,36,0,3,19,0,22,0,12,42,4,58,0,12,12,70
05/10/2004,TXK,AR,ASW,CE,Federal Contract Tower,0,12,13,0,25,0,5,14,0,19,0,17,27,0,44,12,0,12,56
05/11/2004,TXK,AR,ASW,CE,Federal Contract Tower,0,12,26,9,47,0,4,17,0,21,0,16,43,9,68,48,6,54,122
05/12/2004,TXK,AR,ASW,CE,Federal Contract Tower,0,14,26,1,41,0,0,0,0,0,0,14,26,1,41,0,2,2,43
05/13/2004,TXK,AR,ASW,CE,Federal Contract Tower,0,10,11,2,23,0,0,5,0,5,0,10,16,2,28,0,2,2,30
05/14/2004,TXK,AR,ASW,CE,Federal Contract Tower,0,14,22,1,37,0,4,25,2,31,0,18,47,3,68,18,34,52,120
05/15/2004,TXK,AR,ASW,CE,Federal Contract Tower,0,7,16,5,28,0,3,16,0,19,0,10,32,5,47,26,2,28,75
05/16/2004,TXK,AR,ASW,CE,Federal Contract Tower,0,9,18,17,44,0,9,19,1,29,0,18,37,18,73,22,38,60,133
05/17/2004,TXK,AR,ASW,CE,Federal Contract Tower,0,15,20,3,38,0,1,9,0,10,0,16,29,3,48,22,6,28,76
05/18/2004,TXK,AR,ASW,CE,Federal Contract Tower,0,13,24,15,52,0,1,26,8,35,0,14,50,23,87,20,48,68,155
05/19/2004,TXK,AR,ASW,CE,Federal Contract Tower,0,12,24,13,49,0,3,29,0,32,0,15,53,13,81,68,42,110,191
05/20/2004,TXK,AR,ASW,CE,Federal Contract Tower,0,12,29,8,49,0,3,26,0,29,0,15,55,8,78,76,12,88,166
05/21/2004,TXK,AR,ASW,CE,Federal Contract Tower,0,10,25,0,35,0,4,20,0,24,0,14,45,0,59,24,0,24,83
05/22/2004,TXK,AR,ASW,CE,Federal Contract Tower,0,9,12,7,28,0,7,14,0,21,0,16,26,7,49,28,14,42,91
05/23/2004,TXK,AR,ASW,CE,Federal Contract Tower,0,9,16,4,29,0,4,12,0,16,0,13,28,4,45,0,0,0,45
05/24/2004,TXK,AR,ASW,CE,Federal Contract Tower,0,12,22,2,36,0,4,15,0,19,0,16,37,2,55,10,0,10,65
05/25/2004,TXK,AR,ASW,CE,Federal Contract Tower,0,14,12,4,30,0,2,13,0,15,0,16,25,4,45,4,0,4,49
05/26/2004,TXK,AR,ASW,CE,Federal Contract Tower,0,14,12,1,27,0,4,14,1,19,0,18,26,2,46,22,0,22,68
05/27/2004,TXK,AR,ASW,CE,Federal Contract Tower,0,14,32,10,56,0,2,17,0,19,0,16,49,10,75,24,4,28,103
05/28/2004,TXK,AR,ASW,CE,Federal Contract Tower,0,12,23,2,37,0,1,20,0,21,0,13,43,2,58,0,44,44,102
05/29/2004,TXK,AR,ASW,CE,Federal Contract Tower,0,7,13,0,20,0,6,6,0,12,0,13,19,0,32,2,0,2,34
05/30/2004,TXK,AR,ASW,CE,Federal Contract Tower,0,7,5,0,12,0,0,3,0,3,0,7,8,0,15,0,0,0,15
05/31/2004,TXK,AR,ASW,CE,Federal Contract Tower,0,10,10,0,20,0,13,24,0,37,0,23,34,0,57,0,0,0,57
06/01/2004,TXK,AR,ASW,CE,Federal Contract Tower,0,11,15,0,26,0,1,43,0,44,0,12,58,0,70,14,0,14,84
06/02/2004,TXK,AR,ASW,CE,Federal Contract Tower,0,13,20,4,37,0,2,12,9,23,0,15,32,13,60,36,52,88,148
06/03/2004,TXK,AR,ASW,CE,Federal Contract Tower,0,18,27,5,50,0,0,21,3,24,0,18,48,8,74,6,20,26,100
06/04/2004,TXK,AR,ASW,CE,Federal Contract Tower,0,12,18,4,34,0,2,34,4,40,0,14,52,8,74,90,52,142,216
06/05/2004,TXK,AR,ASW,CE,Federal Contract Tower,0,4,5,0,9,0,10,11,0,21,0,14,16,0,30,0,0,0,30
06/06/2004,TXK,AR,ASW,CE,Federal Contract Tower,0,7,9,0,16,0,2,2,0,4,0,9,11,0,20,0,0,0,20
06/07/2004,TXK,AR,ASW,CE,Federal Contract Tower,0,11,15,3,29,0,5,12,5,22,0,16,27,8,51,16,12,28,79
06/08/2004,TXK,AR,ASW,CE,Federal Contract Tower,0,10,15,0,25,0,2,2,0,4,0,12,17,0,29,0,0,0,29
06/09/2004,TXK,AR,ASW,CE,Federal Contract Tower,0,12,23,3,38,0,0,23,0,23,0,12,46,3,61,62,28,90,151
06/10/2004,TXK,AR,ASW,CE,Federal Contract Tower,0,13,18,3,34,0,2,24,0,26,0,15,42,3,60,18,0,18,78
06/11/2004,TXK,AR,ASW,CE,Federal Contract Tower,0,13,19,4,36,0,2,18,2,22,0,15,37,6,58,60,28,88,146
06/12/2004,TXK,AR,ASW,CE,Federal Contract Tower,0,8,13,3,24,0,3,26,1,30,0,11,39,4,54,4,0,4,58
06/13/2004,TXK,AR,ASW,CE,Federal Contract Tower,0,8,13,3,24,0,3,25,0,28,0,11,38,3,52,8,10,18,70
06/14/2004,TXK,AR,ASW,CE,Federal Contract Tower,0,11,17,4,32,0,1,24,4,29,0,12,41,8,61,18,4,22,83
06/15/2004,TXK,AR,ASW,CE,Federal Contract Tower,0,12,17,0,29,0,4,11,0,15,0,16,28,0,44,20,0,20,64
06/16/2004,TXK,AR,ASW,CE,Federal Contract Tower,0,13,20,2,35,0,7,4,0,11,0,20,24,2,46,0,0,0,46
06/17/2004,TXK,AR,ASW,CE,Federal Contract Tower,0,16,27,0,43,0,0,24,0,24,0,16,51,0,67,12,0,12,79
06/18/2004,TXK,AR,ASW,CE,Federal Contract Tower,0,12,25,4,41,0,0,23,4,27,0,12,48,8,68,8,12,20,88
06/19/2004,TXK,AR,ASW,CE,Federal Contract Tower,0,4,7,1,12,0,4,24,0,28,0,8,31,1,40,10,0,10,50
06/20/2004,TXK,AR,ASW,CE,Federal Contract Tower,0,13,21,3,37,0,2,26,2,30,0,15,47,5,67,0,12,12,79
06/21/2004,TXK,AR,ASW,CE,Federal Contract Tower,0,10,16,2,28,0,6,11,2,19,0,16,27,4,47,0,0,0,47
06/22/2004,TXK,AR,ASW,CE,Federal Contract Tower,0,10,15,2,27,0,0,7,0,7,0,10,22,2,34,8,0,8,42
06/23/2004,TXK,AR,ASW,CE,Federal Contract Tower,0,15,22,3,40,0,4,10,10,24,0,19,32,13,64,42,22,64,128
06/24/2004,TXK,AR,ASW,CE,Federal Contract Tower,0,11,18,3,32,0,9,4,1,14,0,20,22,4,46,2,0,2,48
06/25/2004,TXK,AR,ASW,CE,Federal Contract Tower,0,10,23,4,37,0,0,14,5,19,0,10,37,9,56,40,24,64,120
06/26/2004,TXK,AR,ASW,CE,Federal Contract Tower,0,7,10,1,18,0,1,0,1,2,0,8,10,2,20,2,0,2,22
06/27/2004,TXK,AR,ASW,CE,Federal Contract Tower,0,8,11,1,20,0,1,4,1,6,0,9,15,2,26,4,0,4,30
06/28/2004,TXK,AR,ASW,CE,Federal Contract Tower,0,12,19,0,31,0,0,24,0,24,0,12,43,0,55,48,0,48,103
06/29/2004,TXK,AR,ASW,CE,Federal Contract Tower,0,13,20,0,33,0,1,19,0,20,0,14,39,0,53,78,0,78,131
06/30/2004,TXK,AR,ASW,CE,Federal Contract Tower,0,10,16,2,28,0,4,5,0,9,0,14,21,2,37,36,0,36,73
07/01/2004,TXK,AR,ASW,CE,Federal Contract Tower,0,14,18,8,40,0,2,23,3,28,0,16,41,11,68,26,10,36,104
07/02/2004,TXK,AR,ASW,CE,Federal Contract Tower,0,14,18,2,34,0,6,42,0,48,0,20,60,2,82,62,0,62,144
07/03/2004,TXK,AR,ASW,CE,Federal Contract Tower,0,4,6,0,10,0,8,19,0,27,0,12,25,0,37,6,0,6,43
07/04/2004,TXK,AR,ASW,CE,Federal Contract Tower,0,5,7,0,12,0,13,25,0,38,0,18,32,0,50,16,0,16,66
07/05/2004,TXK,AR,ASW,CE,Federal Contract Tower,0,8,13,4,25,0,6,36,0,42,0,14,49,4,67,24,12,36,103
07/06/2004,TXK,AR,ASW,CE,Federal Contract Tower,0,11,13,3,27,0,5,41,0,46,0,16,54,3,73,48,8,56,129
07/07/2004,TXK,AR,ASW,CE,Federal Contract Tower,0,10,12,4,26,0,6,44,0,50,0,16,56,4,76,122,2,124,200
07/08/2004,TXK,AR,ASW,CE,Federal Contract Tower,0,19,23,11,53,0,4,54,5,63,0,23,77,16,116,118,54,172,288
07/09/2004,TXK,AR,ASW,CE,Federal Contract Tower,0,12,14,7,33,0,11,37,0,48,0,23,51,7,81,68,22,90,171
07/10/2004,TXK,AR,ASW,CE,Federal Contract Tower,0,9,11,6,26,0,7,18,6,31,0,16,29,12,57,20,16,36,93
07/11/2004,TXK,AR,ASW,CE,Federal Contract Tower,0,9,10,4,23,0,12,27,0,39,0,21,37,4,62,4,16,20,82
07/12/2004,TXK,AR,ASW,CE,Federal Contract Tower,0,15,17,8,40,0,4,18,8,30,0,19,35,16,70,28,10,38,108
07/13/2004,TXK,AR,ASW,CE,Federal Contract Tower,0,13,15,7,35,0,1,49,2,52,0,14,64,9,87,48,6,54,141
07/14/2004,TXK,AR,ASW,CE,Federal Contract Tower,0,9,10,5,24,0,3,41,3,47,0,12,51,8,71,62,16,78,149
07/15/2004,TXK,AR,ASW,CE,Federal Contract Tower,0,9,11,4,24,0,7,39,0,46,0,16,50,4,70,70,4,74,144
07/16/2004,TXK,AR,ASW,CE,Federal Contract Tower,0,9,10,3,22,0,13,36,0,49,0,22,46,3,71,88,6,94,165
07/17/2004,TXK,AR,ASW,CE,Federal Contract Tower,0,10,12,3,25,0,6,24,0,30,0,16,36,3,55,94,0,94,149
07/18/2004,TXK,AR,ASW,CE,Federal Contract Tower,0,8,10,0,18,0,15,27,0,42,0,23,37,0,60,0,0,0,60
07/19/2004,TXK,AR,ASW,CE,Federal Contract Tower,0,9,11,5,25,0,9,28,5,42,0,18,39,10,67,24,0,24,91
07/20/2004,TXK,AR,ASW,CE,Federal Contract Tower,0,13,16,6,35,0,3,41,7,51,0,16,57,13,86,64,30,94,180
07/21/2004,TXK,AR,ASW,CE,Federal Contract Tower,0,15,18,7,40,0,1,51,6,58,0,16,69,13,98,38,38,76,174
07/22/2004,TXK,AR,ASW,CE,Federal Contract Tower,0,14,21,9,44,0,0,38,2,40,0,14,59,11,84,30,8,38,122
07/23/2004,TXK,AR,ASW,CE,Federal Contract Tower,0,11,14,3,28,0,6,36,0,42,0,17,50,3,70,0,10,10,80
07/24/2004,TXK,AR,ASW,CE,Federal Contract Tower,0,7,9,3,19,0,1,26,0,27,0,8,35,3,46,60,6,66,112
07/25/2004,TXK,AR,ASW,CE,Federal Contract Tower,0,9,12,4,25,0,7,19,2,28,0,16,31,6,53,66,2,68,121
07/26/2004,TXK,AR,ASW,CE,Federal Contract Tower,0,18,23,10,51,0,3,10,6,19,0,21,33,16,70,16,40,56,126
07/27/2004,TXK,AR,ASW,CE,Federal Contract Tower,0,9,12,2,23,0,1,24,0,25,0,10,36,2,48,16,6,22,70
07/28/2004,TXK,AR,ASW,CE,Federal Contract Tower,0,10,13,5,28,0,1,40,4,45,0,11,53,9,73,86,10,96,169
07/29/2004,TXK,AR,ASW,CE,Federal Contract Tower,0,10,13,2,25,0,1,14,0,15,0,11,27,2,40,4,6,10,50
07/30/2004,TXK,AR,ASW,CE,Federal Contract Tower,0,14,18,5,37,0,2,6,0,8,0,16,24,5,45,8,20,28,73
07/31/2004,TXK,AR,ASW,CE,Federal Contract Tower,0,13,17,7,37,0,0,35,7,42,0,13,52,14,79,20,40,60,139
08/01/2004,TXK,AR,ASW,CE,Federal Contract Tower,0,11,16,4,31,0,0,26,4,30,0,11,42,8,61,12,32,44,105
08/02/2004,TXK,AR,ASW,CE,Federal Contract Tower,0,11,16,5,32,0,7,9,5,21,0,18,25,10,53,28,2,30,83
08/03/2004,TXK,AR,ASW,CE,Federal Contract Tower,0,15,21,7,43,0,0,42,2,44,0,15,63,9,87,42,8,50,137
08/04/2004,TXK,AR,ASW,CE,Federal Contract Tower,0,13,17,5,35,0,1,27,10,38,0,14,44,15,73,14,20,34,107
08/05/2004,TXK,AR,ASW,CE,Federal Contract Tower,0,17,23,2,42,0,2,38,0,40,0,19,61,2,82,70,4,74,156
08/06/2004,TXK,AR,ASW,CE,Federal Contract Tower,0,12,16,5,33,0,6,33,7,46,0,18,49,12,79,14,0,14,93
08/07/2004,TXK,AR,ASW,CE,Federal Contract Tower,0,6,9,3,18,0,10,39,1,50,0,16,48,4,68,60,12,72,140
08/08/2004,TXK,AR,ASW,CE,Federal Contract Tower,0,5,7,0,12,0,8,41,0,49,0,13,48,0,61,58,0,58,119
08/09/2004,TXK,AR,ASW,CE,Federal Contract Tower,0,12,18,6,36,0,1,17,5,23,0,13,35,11,59,10,12,22,81
08/10/2004,TXK,AR,ASW,CE,Federal Contract Tower,0,15,21,3,39,0,2,22,0,24,0,17,43,3,63,20,8,28,91
08/11/2004,TXK,AR,ASW,CE,Federal Contract Tower,0,10,14,1,25,0,0,10,0,10,0,10,24,1,35,36,0,36,71
08/12/2004,TXK,AR,ASW,CE,Federal Contract Tower,0,13,18,6,37,0,8,46,2,56,0,21,64,8,93,70,12,82,175
08/13/2004,TXK,AR,ASW,CE,Federal Contract Tower,0,13,18,5,36,0,1,38,0,39,0,14,56,5,75,34,16,50,125
08/14/2004,TXK,AR,ASW,CE,Federal Contract Tower,0,9,12,1,22,0,4,43,0,47,0,13,55,1,69,24,0,24,93
08/15/2004,TXK,AR,ASW,CE,Federal Contract Tower,0,10,15,4,29,0,0,31,0,31,0,10,46,4,60,22,0,22,82
08/16/2004,TXK,AR,ASW,CE,Federal Contract Tower,0,7,10,0,17,0,5,20,0,25,0,12,30,0,42,24,0,24,66
08/17/2004,TXK,AR,ASW,CE,Federal Contract Tower,0,12,21,3,36,0,0,40,0,40,0,12,61,3,76,24,8,32,108
08/18/2004,TXK,AR,ASW,CE,Federal Contract Tower,0,10,15,3,28,0,0,32,2,34,0,10,47,5,62,56,16,72,134
08/19/2004,TXK,AR,ASW,CE,Federal Contract Tower,0,6,9,1,16,0,3,8,0,11,0,9,17,1,27,66,0,66,93
08/20/2004,TXK,AR,ASW,CE,Federal Contract Tower,0,13,19,5,37,0,3,10,0,13,0,16,29,5,50,42,10,52,102
08/21/2004,TXK,AR,ASW,CE,Federal Contract Tower,0,7,11,1,19,0,1,8,0,9,0,8,19,1,28,0,0,0,28
08/22/2004,TXK,AR,ASW,CE,Federal Contract Tower,0,7,12,0,19,0,6,24,0,30,0,13,36,0,49,8,0,8,57
08/23/2004,TXK,AR,ASW,CE,Federal Contract Tower,0,14,22,0,36,0,0,26,0,26,0,14,48,0,62,10,0,10,72
08/24/2004,TXK,AR,ASW,CE,Federal Contract Tower,0,17,26,7,50,0,1,32,14,47,0,18,58,21,97,66,22,88,185
08/25/2004,TXK,AR,ASW,CE,Federal Contract Tower,0,13,20,5,38,0,9,23,2,34,0,22,43,7,72,26,38,64,136
08/26/2004,TXK,AR,ASW,CE,Federal Contract Tower,0,15,22,6,43,0,0,17,6,23,0,15,39,12,66,50,18,68,134
08/27/2004,TXK,AR,ASW,CE,Federal Contract Tower,0,12,18,2,32,0,7,29,0,36,0,19,47,2,68,18,0,18,86
08/28/2004,TXK,AR,ASW,CE,Federal Contract Tower,0,6,9,0,15,0,6,16,0,22,0,12,25,0,37,24,0,24,61
08/29/2004,TXK,AR,ASW,CE,Federal Contract Tower,0,8,11,2,21,0,6,32,0,38,0,14,43,2,59,50,0,50,109
08/30/2004,TXK,AR,ASW,CE,Federal Contract Tower,0,12,19,2,33,0,8,26,0,34,0,20,45,2,67,28,0,28,95
08/31/2004,TXK,AR,ASW,CE,Federal Contract Tower,0,10,19,5,34,0,0,32,7,39,0,10,51,12,73,12,14,26,99
09/01/2004,TXK,AR,ASW,CE,Federal Contract Tower,0,10,14,6,30,0,6,47,0,53,0,16,61,6,83,116,6,122,205
09/02/2004,TXK,AR,ASW,CE,Federal Contract Tower,0,15,21,10,46,0,3,30,9,42,0,18,51,19,88,90,74,164,252
09/03/2004,TXK,AR,ASW,CE,Federal Contract Tower,0,12,27,12,51,0,0,23,5,28,0,12,50,17,79,56,42,98,177
09/04/2004,TXK,AR,ASW,CE,Federal Contract Tower,0,9,12,3,24,0,3,39,0,42,0,12,51,3,66,18,14,32,98
09/05/2004,TXK,AR,ASW,CE,Federal Contract Tower,0,7,8,0,15,0,6,30,0,36,0,13,38,0,51,24,0,24,75
09/06/2004,TXK,AR,ASW,CE,Federal Contract Tower,0,9,13,0,22,0,3,24,0,27,0,12,37,0,49,50,0,50,99
09/07/2004,TXK,AR,ASW,CE,Federal Contract Tower,0,14,20,9,43,0,3,36,7,46,0,17,56,16,89,26,24,50,139
09/08/2004,TXK,AR,ASW,CE,Federal Contract Tower,0,15,22,10,47,0,0,35,3,38,0,15,57,13,85,82,40,122,207
09/09/2004,TXK,AR,ASW,CE,Federal Contract Tower,0,16,24,11,51,0,4,54,1,59,0,20,78,12,110,102,28,130,240
09/10/2004,TXK,AR,ASW,CE,Federal Contract Tower,0,13,18,9,40,0,3,37,3,43,0,16,55,12,83,72,72,144,227
09/11/2004,TXK,AR,ASW,CE,Federal Contract Tower,0,10,15,7,32,0,1,36,6,43,0,11,51,13,75,34,38,72,147
09/12/2004,TXK,AR,ASW,CE,Federal Contract Tower,0,12,17,7,36,0,3,40,0,43,0,15,57,7,79,42,22,64,143
09/13/2004,TXK,AR,ASW,CE,Federal Contract Tower,0,10,13,6,29,0,7,33,4,44,0,17,46,10,73,34,22,56,129
09/14/2004,TXK,AR,ASW,CE,Federal Contract Tower,0,9,15,7,31,0,0,36,0,36,0,9,51,7,67,34,8,42,109
09/15/2004,TXK,AR,ASW,CE,Federal Contract Tower,0,15,23,11,49,0,0,37,12,49,0,15,60,23,98,66,18,84,182
09/16/2004,TXK,AR,ASW,CE,Federal Contract Tower,0,15,23,11,49,0,0,31,9,40,0,15,54,20,89,63,66,129,218
09/17/2004,TXK,AR,ASW,CE,Federal Contract Tower,0,11,17,4,32,0,7,54,0,61,0,18,71,4,93,120,2,122,215
09/18/2004,TXK,AR,ASW,CE,Federal Contract Tower,0,7,10,1,18,0,7,57,0,64,0,14,67,1,82,124,8,132,214
09/19/2004,TXK,AR,ASW,CE,Federal Contract Tower,0,7,11,4,22,0,6,47,11,64,0,13,58,15,86,118,6,124,210
09/20/2004,TXK,AR,ASW,CE,Federal Contract Tower,0,13,19,8,40,0,1,37,0,38,0,14,56,8,78,78,26,104,182
09/21/2004,TXK,AR,ASW,CE,Federal Contract Tower,0,10,16,5,31,0,0,53,0,53,0,10,69,5,84,214,16,230,314
09/22/2004,TXK,AR,ASW,CE,Federal Contract Tower,0,11,16,6,33,0,5,32,4,41,0,16,48,10,74,128,4,132,206
09/23/2004,TXK,AR,ASW,CE,Federal Contract Tower,0,15,24,10,49,0,3,26,8,37,0,18,50,18,86,104,32,136,222
09/24/2004,TXK,AR,ASW,CE,Federal Contract Tower,0,10,15,4,29,0,6,1,0,7,0,16,16,4,36,8,4,12,48
09/25/2004,TXK,AR,ASW,CE,Federal Contract Tower,0,8,12,2,22,0,4,29,0,33,0,12,41,2,55,146,0,146,201
09/26/2004,TXK,AR,ASW,CE,Federal Contract Tower,0,8,12,1,21,0,4,46,0,50,0,12,58,1,71,60,6,66,137
09/27/2004,TXK,AR,ASW,CE,Federal Contract Tower,0,15,22,9,46,0,0,30,7,37,0,15,52,16,83,68,28,96,179
09/28/2004,TXK,AR,ASW,CE,Federal Contract Tower,0,13,20,3,36,0,3,51,0,54,0,16,71,3,90,104,8,112,202
09/29/2004,TXK,AR,ASW,CE,Federal Contract Tower,0,13,18,4,35,0,2,46,0,48,0,15,64,4,83,88,0,88,171
09/30/2004,TXK,AR,ASW,CE,Federal Contract Tower,0,11,17,2,30,0,4,45,0,49,0,15,62,2,79,88,8,96,175
10/01/2004,TXK,AR,ASW,CE,Federal Contract Tower,0,12,31,11,54,0,4,32,0,36,0,16,63,11,90,32,46,78,168
10/02/2004,TXK,AR,ASW,CE,Federal Contract Tower,0,9,10,0,19,0,5,24,0,29,0,14,34,0,48,118,0,118,166
10/03/2004,TXK,AR,ASW,CE,Federal Contract Tower,0,12,18,2,32,0,8,39,0,47,0,20,57,2,79,18,4,22,101
10/04/2004,TXK,AR,ASW,CE,Federal Contract Tower,0,9,12,0,21,0,0,11,0,11,0,9,23,0,32,6,0,6,38
10/05/2004,TXK,AR,ASW,CE,Federal Contract Tower,0,15,25,5,45,0,1,25,0,26,0,16,50,5,71,7,10,17,88
10/06/2004,TXK,AR,ASW,CE,Federal Contract Tower,0,10,23,5,38,0,0,32,1,33,0,10,55,6,71,30,34,64,135
10/07/2004,TXK,AR,ASW,CE,Federal Contract Tower,0,12,24,3,39,0,0,4,3,7,0,12,28,6,46,0,0,0,46
10/08/2004,TXK,AR,ASW,CE,Federal Contract Tower,0,14,22,0,36,0,0,2,0,2,0,14,24,0,38,0,0,0,38
10/09/2004,TXK,AR,ASW,CE,Federal Contract Tower,0,10,16,0,26,0,0,2,0,2,0,10,18,0,28,2,0,2,30
10/10/2004,TXK,AR,ASW,CE,Federal Contract Tower,0,10,13,0,23,0,0,0,0,0,0,10,13,0,23,0,0,0,23
10/11/2004,TXK,AR,ASW,CE,Federal Contract Tower,0,13,10,1,24,0,4,2,0,6,0,17,12,1,30,20,0,20,50
10/12/2004,TXK,AR,ASW,CE,Federal Contract Tower,0,12,23,11,46,0,5,20,0,25,0,17,43,11,71,30,18,48,119
10/13/2004,TXK,AR,ASW,CE,Federal Contract Tower,0,12,25,0,37,0,2,55,0,57,0,14,80,0,94,124,0,124,218
10/14/2004,TXK,AR,ASW,CE,Federal Contract Tower,0,12,24,3,39,0,4,24,0,28,0,16,48,3,67,66,4,70,137
10/15/2004,TXK,AR,ASW,CE,Federal Contract Tower,0,14,30,4,48,0,8,62,8,78,0,22,92,12,126,126,0,126,252
10/16/2004,TXK,AR,ASW,CE,Federal Contract Tower,0,8,3,7,18,0,1,48,6,55,0,9,51,13,73,76,30,106,179
10/17/2004,TXK,AR,ASW,CE,Federal Contract Tower,0,10,18,4,32,0,5,20,0,25,0,15,38,4,57,24,0,24,81
10/18/2004,TXK,AR,ASW,CE,Federal Contract Tower,0,12,15,4,31,0,1,14,1,16,0,13,29,5,47,40,14,54,101
10/19/2004,TXK,AR,ASW,CE,Federal Contract Tower,0,8,26,12,46,0,0,34,0,34,0,8,60,12,80,226,16,242,322
10/20/2004,TXK,AR,ASW,CE,Federal Contract Tower,0,10,21,7,38,0,0,15,0,15,0,10,36,7,53,90,10,100,153
10/21/2004,TXK,AR,ASW,CE,Federal Contract Tower,0,16,26,8,50,0,1,0,0,1,0,17,26,8,51,0,2,2,53
10/22/2004,TXK,AR,ASW,CE,Federal Contract Tower,0,15,16,10,41,0,0,21,0,21,0,15,37,10,62,26,16,42,104
10/23/2004,TXK,AR,ASW,CE,Federal Contract Tower,0,8,15,0,23,0,7,23,1,31,0,15,38,1,54,74,2,76,130
10/24/2004,TXK,AR,ASW,CE,Federal Contract Tower,0,12,13,4,29,0,0,39,5,44,0,12,52,9,73,22,4,26,99
10/25/2004,TXK,AR,ASW,CE,Federal Contract Tower,0,14,32,0,46,0,1,16,0,17,0,15,48,0,63,66,0,66,129
10/26/2004,TXK,AR,ASW,CE,Federal Contract Tower,0,11,21,10,42,0,6,14,1,21,0,17,35,11,63,80,16,96,159
10/27/2004,TXK,AR,ASW,CE,Federal Contract Tower,0,12,24,3,39,0,5,18,0,23,0,17,42,3,62,54,4,58,120
10/28/2004,TXK,AR,ASW,CE,Federal Contract Tower,0,17,34,9,60,0,1,20,5,26,0,18,54,14,86,82,10,92,178
10/29/2004,TXK,AR,ASW,CE,Federal Contract Tower,0,13,21,0,34,0,3,23,0,26,0,16,44,0,60,10,0,10,70
10/30/2004,TXK,AR,ASW,CE,Federal Contract Tower,0,8,7,0,15,0,7,27,0,34,0,15,34,0,49,44,0,44,93
10/31/2004,TXK,AR,ASW,CE,Federal Contract Tower,0,10,20,2,32,0,4,13,0,17,0,14,33,2,49,28,6,34,83
11/01/2004,TXK,AR,ASW,CE,Federal Contract Tower,0,12,10,0,22,0,0,0,0,0,0,12,10,0,22,0,0,0,22
11/02/2004,TXK,AR,ASW,CE,Federal Contract Tower,0,11,11,1,23,0,1,3,0,4,0,12,14,1,27,6,2,8,35
11/03/2004,TXK,AR,ASW,CE,Federal Contract Tower,0,10,23,4,37,0,2,7,0,9,0,12,30,4,46,50,6,56,102
11/04/2004,TXK,AR,ASW,CE,Federal Contract Tower,0,12,12,8,32,0,3,68,4,75,0,15,80,12,107,74,20,94,201
11/05/2004,TXK,AR,ASW,CE,Federal Contract Tower,0,12,20,3,35,0,2,33,3,38,0,14,53,6,73,20,52,72,145
11/06/2004,TXK,AR,ASW,CE,Federal Contract Tower,0,8,7,6,21,0,0,53,5,58,0,8,60,11,79,130,24,154,233
11/07/2004,TXK,AR,ASW,CE,Federal Contract Tower,0,8,16,0,24,0,0,26,1,27,0,8,42,1,51,8,0,8,59
11/08/2004,TXK,AR,ASW,CE,Federal Contract Tower,0,12,16,2,30,0,0,33,1,34,0,12,49,3,64,4,14,18,82
11/09/2004,TXK,AR,ASW,CE,Federal Contract Tower,0,10,27,2,39,0,2,28,5,35,0,12,55,7,74,28,12,40,114
11/10/2004,TXK,AR,ASW,CE,Federal Contract Tower,0,15,24,6,45,0,6,12,0,18,0,21,36,6,63,60,4,64,127
11/11/2004,TXK,AR,ASW,CE,Federal Contract Tower,0,14,24,0,38,0,5,5,0,10,0,19,29,0,48,42,0,42,90
11/12/2004,TXK,AR,ASW,CE,Federal Contract Tower,0,14,39,3,56,0,0,4,1,5,0,14,43,4,61,0,4,4,65
11/13/2004,TXK,AR,ASW,CE,Federal Contract Tower,0,8,10,0,18,0,0,30,0,30,0,8,40,0,48,146,0,146,194
11/14/2004,TXK,AR,ASW,CE,Federal Contract Tower,0,12,16,0,28,0,0,24,0,24,0,12,40,0,52,20,0,20,72
11/15/2004,TXK,AR,ASW,CE,Federal Contract Tower,0,12,27,8,47,0,2,19,2,23,0,14,46,10,70,18,16,34,104
11/16/2004,TXK,AR,ASW,CE,Federal Contract Tower,0,16,16,0,32,0,1,16,5,22,0,17,32,5,54,24,10,34,88
11/17/2004,TXK,AR,ASW,CE,Federal Contract Tower,0,14,18,12,44,0,0,18,3,21,0,14,36,15,65,26,34,60,125
11/18/2004,TXK,AR,ASW,CE,Federal Contract Tower,0,15,13,0,28,0,0,0,0,0,0,15,13,0,28,2,0,2,30
11/19/2004,TXK,AR,ASW,CE,Federal Contract Tower,0,13,30,0,43,0,8,12,0,20,0,21,42,0,63,12,0,12,75
11/20/2004,TXK,AR,ASW,CE,Federal Contract Tower,0,8,15,0,23,0,2,10,0,12,0,10,25,0,35,14,0,14,49
11/21/2004,TXK,AR,ASW,CE,Federal Contract Tower,0,10,13,0,23,0,0,1,0,1,0,10,14,0,24,0,0,0,24
11/22/2004,TXK,AR,ASW,CE,Federal Contract Tower,0,7,14,0,21,0,0,0,0,0,0,7,14,0,21,0,0,0,21
11/23/2004,TXK,AR,ASW,CE,Federal Contract Tower,0,9,9,0,18,0,0,0,0,0,0,9,9,0,18,0,0,0,18
11/24/2004,TXK,AR,ASW,CE,Federal Contract Tower,0,13,42,6,61,0,3,10,0,13,0,16,52,6,74,44,6,50,124
11/25/2004,TXK,AR,ASW,CE,Federal Contract Tower,0,8,9,0,17,0,2,26,0,28,0,10,35,0,45,44,0,44,89
11/26/2004,TXK,AR,ASW,CE,Federal Contract Tower,0,12,27,0,39,0,1,31,0,32,0,13,58,0,71,32,0,32,103
11/27/2004,TXK,AR,ASW,CE,Federal Contract Tower,0,10,16,0,26,0,3,15,0,18,0,13,31,0,44,48,0,48,92
11/28/2004,TXK,AR,ASW,CE,Federal Contract Tower,0,11,24,0,35,0,3,28,1,32,0,14,52,1,67,24,0,24,91
11/29/2004,TXK,AR,ASW,CE,Federal Contract Tower,0,11,15,0,26,0,0,0,0,0,0,11,15,0,26,0,0,0,26
11/30/2004,TXK,AR,ASW,CE,Federal Contract Tower,0,12,14,0,26,0,0,1,0,1,0,12,15,0,27,8,0,8,35
12/01/2004,TXK,AR,ASW,CE,Federal Contract Tower,0,10,12,14,36,0,3,40,6,49,0,13,52,20,85,132,44,176,261
12/02/2004,TXK,AR,ASW,CE,Federal Contract Tower,0,11,16,14,41,0,0,52,4,56,0,11,68,18,97,52,56,108,205
12/03/2004,TXK,AR,ASW,CE,Federal Contract Tower,0,11,19,5,35,0,3,49,1,53,0,14,68,6,88,6,20,26,114
12/04/2004,TXK,AR,ASW,CE,Federal Contract Tower,0,10,7,13,30,0,10,38,0,48,0,20,45,13,78,114,58,172,250
12/05/2004,TXK,AR,ASW,CE,Federal Contract Tower,0,12,8,1,21,0,0,0,0,0,0,12,8,1,21,0,0,0,21
12/06/2004,TXK,AR,ASW,CE,Federal Contract Tower,0,11,11,2,24,0,2,1,0,3,0,13,12,2,27,0,0,0,27
12/07/2004,TXK,AR,ASW,CE,Federal Contract Tower,0,12,29,8,49,0,1,44,0,45,0,13,73,8,94,36,16,52,146
12/08/2004,TXK,AR,ASW,CE,Federal Contract Tower,0,14,23,5,42,0,2,23,8,33,0,16,46,13,75,62,16,78,153
12/09/2004,TXK,AR,ASW,CE,Federal Contract Tower,0,16,10,16,42,0,3,33,2,38,0,19,43,18,80,99,74,173,253
12/10/2004,TXK,AR,ASW,CE,Federal Contract Tower,0,14,28,4,46,0,0,16,0,16,0,14,44,4,62,8,6,14,76
12/11/2004,TXK,AR,ASW,CE,Federal Contract Tower,0,9,13,1,23,0,7,34,3,44,0,16,47,4,67,44,8,52,119
12/12/2004,TXK,AR,ASW,CE,Federal Contract Tower,0,13,18,1,32,0,6,29,0,35,0,19,47,1,67,10,0,10,77
12/13/2004,TXK,AR,ASW,CE,Federal Contract Tower,0,14,20,3,37,0,4,33,5,42,0,18,53,8,79,12,6,18,97
12/14/2004,TXK,AR,ASW,CE,Federal Contract Tower,0,15,25,2,42,0,3,29,14,46,0,18,54,16,88,14,0,14,102
12/15/2004,TXK,AR,ASW,CE,Federal Contract Tower,0,14,14,4,32,0,5,37,2,44,0,19,51,6,76,70,10,80,156
12/16/2004,TXK,AR,ASW,CE,Federal Contract Tower,0,15,26,0,41,0,0,32,0,32,0,15,58,0,73,110,0,110,183
12/17/2004,TXK,AR,ASW,CE,Federal Contract Tower,0,13,23,8,44,0,4,25,4,33,0,17,48,12,77,8,22,30,107
12/18/2004,TXK,AR,ASW,CE,Federal Contract Tower,0,9,7,0,16,0,0,44,0,44,0,9,51,0,60,4,0,4,64
12/19/2004,TXK,AR,ASW,CE,Federal Contract Tower,0,12,14,1,27,0,0,20,1,21,0,12,34,2,48,44,10,54,102
12/20/2004,TXK,AR,ASW,CE,Federal Contract Tower,0,12,13,4,29,0,4,10,1,15,0,16,23,5,44,6,2,8,52
12/21/2004,TXK,AR,ASW,CE,Federal Contract Tower,0,12,19,8,39,0,5,20,2,27,0,17,39,10,66,26,12,38,104
12/22/2004,TXK,AR,ASW,CE,Federal Contract Tower,0,5,4,0,9,0,0,0,0,0,0,5,4,0,9,0,0,0,9
12/23/2004,TXK,AR,ASW,CE,Federal Contract Tower,0,11,18,0,29,0,2,31,0,33,0,13,49,0,62,22,0,22,84
12/24/2004,TXK,AR,ASW,CE,Federal Contract Tower,0,15,7,0,22,0,0,15,0,15,0,15,22,0,37,0,0,0,37
12/25/2004,TXK,AR,ASW,CE,Federal Contract Tower,0,8,4,0,12,0,3,16,0,19,0,11,20,0,31,16,0,16,47
12/26/2004,TXK,AR,ASW,CE,Federal Contract Tower,0,9,14,0,23,0,6,30,0,36,0,15,44,0,59,0,0,0,59
12/27/2004,TXK,AR,ASW,CE,Federal Contract Tower,0,13,19,0,32,0,5,21,0,26,0,18,40,0,58,12,0,12,70
12/28/2004,TXK,AR,ASW,CE,Federal Contract Tower,0,14,19,0,33,0,5,24,0,29,0,19,43,0,62,18,0,18,80
12/29/2004,TXK,AR,ASW,CE,Federal Contract Tower,0,12,16,0,28,0,0,10,0,10,0,12,26,0,38,4,0,4,42
12/30/2004,TXK,AR,ASW,CE,Federal Contract Tower,0,14,14,2,30,0,6,9,0,15,0,20,23,2,45,10,0,10,55
12/31/2004,TXK,AR,ASW,CE,Federal Contract Tower,0,9,8,0,17,0,0,9,0,9,0,9,17,0,26,0,0,0,26
01/01/2005,TXK,AR,ASW,CE,Federal Contract Tower,0,10,6,0,16,0,0,0,0,0,0,10,6,0,16,2,0,2,18
01/02/2005,TXK,AR,ASW,CE,Federal Contract Tower,0,15,11,0,26,0,1,0,0,1,0,16,11,0,27,0,0,0,27
01/03/2005,TXK,AR,ASW,CE,Federal Contract Tower,0,11,14,0,25,0,0,2,0,2,0,11,16,0,27,0,0,0,27
01/04/2005,TXK,AR,ASW,CE,Federal Contract Tower,0,12,12,0,24,0,1,5,0,6,0,13,17,0,30,2,0,2,32
01/05/2005,TXK,AR,ASW,CE,Federal Contract Tower,0,17,18,0,35,0,4,0,0,4,0,21,18,0,39,10,0,10,49
01/06/2005,TXK,AR,ASW,CE,Federal Contract Tower,0,13,20,14,47,0,6,16,0,22,0,19,36,14,69,0,24,24,93
01/07/2005,TXK,AR,ASW,CE,Federal Contract Tower,0,13,10,0,23,0,0,0,0,0,0,13,10,0,23,0,0,0,23
01/08/2005,TXK,AR,ASW,CE,Federal Contract Tower,0,9,14,0,23,0,4,17,0,21,0,13,31,0,44,50,0,50,94
01/09/2005,TXK,AR,ASW,CE,Federal Contract Tower,0,9,17,0,26,0,0,19,0,19,0,9,36,0,45,36,0,36,81
01/10/2005,TXK,AR,ASW,CE,Federal Contract Tower,0,12,19,10,41,0,3,9,0,12,0,15,28,10,53,14,18,32,85
01/11/2005,TXK,AR,ASW,CE,Federal Contract Tower,0,13,19,9,41,0,3,24,1,28,0,16,43,10,69,2,10,12,81
01/12/2005,TXK,AR,ASW,CE,Federal Contract Tower,2,13,22,0,37,0,5,0,0,5,2,18,22,0,42,0,0,0,42
01/13/2005,TXK,AR,ASW,CE,Federal Contract Tower,0,11,18,11,40,0,4,16,1,21,0,15,34,12,61,0,18,18,79
01/14/2005,TXK,AR,ASW,CE,Federal Contract Tower,0,15,16,13,44,0,3,47,2,52,0,18,63,15,96,40,26,66,162
01/15/2005,TXK,AR,ASW,CE,Federal Contract Tower,2,9,10,2,23,0,9,48,0,57,2,18,58,2,80,36,0,36,116
01/16/2005,TXK,AR,ASW,CE,Federal Contract Tower,0,9,11,2,22,0,4,34,0,38,0,13,45,2,60,26,0,26,86
01/17/2005,TXK,AR,ASW,CE,Federal Contract Tower,0,12,15,7,34,0,4,39,1,44,0,16,54,8,78,42,18,60,138
01/18/2005,TXK,AR,ASW,CE,Federal Contract Tower,0,12,20,0,32,0,4,18,0,22,0,16,38,0,54,16,0,16,70
01/19/2005,TXK,AR,ASW,CE,Federal Contract Tower,0,12,11,11,34,0,3,19,0,22,0,15,30,11,56,54,22,76,132
01/20/2005,TXK,AR,ASW,CE,Federal Contract Tower,0,12,16,6,34,0,2,0,0,2,0,14,16,6,36,48,62,110,146
01/21/2005,TXK,AR,ASW,CE,Federal Contract Tower,0,14,28,5,47,0,3,34,0,37,0,17,62,5,84,46,8,54,138
01/22/2005,TXK,AR,ASW,CE,Federal Contract Tower,0,9,15,5,29,0,1,13,1,15,0,10,28,6,44,40,10,50,94
01/23/2005,TXK,AR,ASW,CE,Federal Contract Tower,0,10,15,3,28,0,0,17,1,18,0,10,32,4,46,18,2,20,66
01/24/2005,TXK,AR,ASW,CE,Federal Contract Tower,0,12,14,12,38,0,0,14,4,18,0,12,28,16,56,6,40,46,102
01/25/2005,TXK,AR,ASW,CE,Federal Contract Tower,0,18,14,3,35,0,5,33,1,39,0,23,47,4,74,86,16,102,176
01/26/2005,TXK,AR,ASW,CE,Federal Contract Tower,0,11,14,8,33,0,7,28,3,38,0,18,42,11,71,78,36,114,185
01/27/2005,TXK,AR,ASW,CE,Federal Contract Tower,0,12,13,3,28,0,2,11,1,14,0,14,24,4,42,12,12,24,66
01/28/2005,TXK,AR,ASW,CE,Federal Contract Tower,0,14,22,0,36,0,0,0,0,0,0,14,22,0,36,0,0,0,36
01/29/2005,TXK,AR,ASW,CE,Federal Contract Tower,0,9,19,0,28,0,2,9,1,12,0,11,28,1,40,40,0,40,80
01/30/2005,TXK,AR,ASW,CE,Federal Contract Tower,0,11,19,3,33,0,9,7,2,18,0,20,26,5,51,0,2,2,53
01/31/2005,TXK,AR,ASW,CE,Federal Contract Tower,0,11,22,0,33,0,0,0,0,0,0,11,22,0,33,0,0,0,33
02/01/2005,TXK,AR,ASW,CE,Federal Contract Tower,0,13,11,5,29,0,3,2,0,5,0,16,13,5,34,0,8,8,42
02/02/2005,TXK,AR,ASW,CE,Federal Contract Tower,0,10,21,3,34,0,6,2,0,8,0,16,23,3,42,0,6,6,48
02/03/2005,TXK,AR,ASW,CE,Federal Contract Tower,0,15,32,6,53,0,0,14,1,15,0,15,46,7,68,94,0,94,162
02/04/2005,TXK,AR,ASW,CE,Federal Contract Tower,0,12,20,5,37,0,8,29,0,37,0,20,49,5,74,62,10,72,146
02/05/2005,TXK,AR,ASW,CE,Federal Contract Tower,0,11,13,0,24,0,0,31,0,31,0,11,44,0,55,70,0,70,125
02/06/2005,TXK,AR,ASW,CE,Federal Contract Tower,0,9,5,0,14,0,2,2,0,4,0,11,7,0,18,0,0,0,18
02/07/2005,TXK,AR,ASW,CE,Federal Contract Tower,0,11,19,0,30,0,0,3,0,3,0,11,22,0,33,22,0,22,55
02/08/2005,TXK,AR,ASW,CE,Federal Contract Tower,0,14,13,8,35,0,2,12,0,14,0,16,25,8,49,44,34,78,127
02/09/2005,TXK,AR,ASW,CE,Federal Contract Tower,0,12,19,13,44,0,4,13,0,17,0,16,32,13,61,22,26,48,109
02/10/2005,TXK,AR,ASW,CE,Federal Contract Tower,0,13,18,11,42,0,3,46,0,49,0,16,64,11,91,50,44,94,185
02/11/2005,TXK,AR,ASW,CE,Federal Contract Tower,0,12,10,8,30,0,8,28,0,36,0,20,38,8,66,14,10,24,90
02/12/2005,TXK,AR,ASW,CE,Federal Contract Tower,0,13,19,0,32,0,3,13,0,16,0,16,32,0,48,44,0,44,92
02/13/2005,TXK,AR,ASW,CE,Federal Contract Tower,0,9,8,8,25,0,8,12,0,20,0,17,20,8,45,46,0,46,91
02/14/2005,TXK,AR,ASW,CE,Federal Contract Tower,0,14,6,8,28,0,2,21,6,29,0,16,27,14,57,2,40,42,99
02/15/2005,TXK,AR,ASW,CE,Federal Contract Tower,0,10,21,2,33,0,1,21,2,24,0,11,42,4,57,4,24,28,85
02/16/2005,TXK,AR,ASW,CE,Federal Contract Tower,0,11,16,5,32,0,3,28,2,33,0,14,44,7,65,88,32,120,185
02/17/2005,TXK,AR,ASW,CE,Federal Contract Tower,0,12,10,14,36,0,4,24,0,28,0,16,34,14,64,8,50,58,122
02/18/2005,TXK,AR,ASW,CE,Federal Contract Tower,0,12,14,4,30,0,7,32,0,39,0,19,46,4,69,26,38,64,133
02/19/2005,TXK,AR,ASW,CE,Federal Contract Tower,0,7,11,0,18,0,5,13,0,18,0,12,24,0,36,32,0,32,68
02/20/2005,TXK,AR,ASW,CE,Federal Contract Tower,0,12,25,1,38,0,7,10,2,19,0,19,35,3,57,6,14,20,77
02/21/2005,TXK,AR,ASW,CE,Federal Contract Tower,0,14,24,0,38,0,4,21,0,25,0,18,45,0,63,2,0,2,65
02/22/2005,TXK,AR,ASW,CE,Federal Contract Tower,0,14,22,0,36,0,1,11,2,14,0,15,33,2,50,10,0,10,60
02/23/2005,TXK,AR,ASW,CE,Federal Contract Tower,0,16,13,0,29,0,0,0,0,0,0,16,13,0,29,0,0,0,29
02/24/2005,TXK,AR,ASW,CE,Federal Contract Tower,0,12,29,2,43,0,1,2,0,3,0,13,31,2,46,0,0,0,46
02/25/2005,TXK,AR,ASW,CE,Federal Contract Tower,0,12,22,12,46,0,7,38,2,47,0,19,60,14,93,30,8,38,131
02/26/2005,TXK,AR,ASW,CE,Federal Contract Tower,0,7,9,0,16,0,4,42,2,48,0,11,51,2,64,46,6,52,116
02/27/2005,TXK,AR,ASW,CE,Federal Contract Tower,0,9,9,4,22,0,4,4,0,8,0,13,13,4,30,0,0,0,30
02/28/2005,TXK,AR,ASW,CE,Federal Contract Tower,0,12,15,5,32,0,1,17,8,26,0,13,32,13,58,18,16,34,92
03/01/2005,TXK,AR,ASW,CE,Federal Contract Tower,0,12,10,0,22,0,6,26,2,34,0,18,36,2,56,12,0,12,68
03/02/2005,TXK,AR,ASW,CE,Federal Contract Tower,0,12,11,0,23,0,3,14,0,17,0,15,25,0,40,84,0,84,124
03/03/2005,TXK,AR,ASW,CE,Federal Contract Tower,0,13,21,0,34,0,2,16,0,18,0,15,37,0,52,38,0,38,90
03/04/2005,TXK,AR,ASW,CE,Federal Contract Tower,0,14,23,6,43,0,0,29,1,30,0,14,52,7,73,40,14,54,127
03/05/2005,TXK,AR,ASW,CE,Federal Contract Tower,0,7,10,2,19,0,8,35,2,45,0,15,45,4,64,6,6,12,76
03/06/2005,TXK,AR,ASW,CE,Federal Contract Tower,0,9,4,2,15,0,10,25,0,35,0,19,29,2,50,12,6,18,68
03/07/2005,TXK,AR,ASW,CE,Federal Contract Tower,0,12,17,4,33,0,3,6,0,9,0,15,23,4,42,4,0,4,46
03/08/2005,TXK,AR,ASW,CE,Federal Contract Tower,0,11,13,14,38,0,3,40,0,43,0,14,53,14,81,70,10,80,161
03/09/2005,TXK,AR,ASW,CE,Federal Contract Tower,0,13,11,8,32,0,0,18,2,20,0,13,29,10,52,0,6,6,58
03/10/2005,TXK,AR,ASW,CE,Federal Contract Tower,0,14,14,2,30,0,0,36,2,38,0,14,50,4,68,44,0,44,112
03/11/2005,TXK,AR,ASW,CE,Federal Contract Tower,0,14,17,3,34,0,3,20,3,26,0,17,37,6,60,36,48,84,144
03/12/2005,TXK,AR,ASW,CE,Federal Contract Tower,0,7,18,12,37,0,3,31,0,34,0,10,49,12,71,14,64,78,149
03/13/2005,TXK,AR,ASW,CE,Federal Contract Tower,0,9,10,4,23,0,3,27,2,32,0,12,37,6,55,20,28,48,103
03/14/2005,TXK,AR,ASW,CE,Federal Contract Tower,0,14,15,7,36,0,5,23,3,31,0,19,38,10,67,6,4,10,77
03/15/2005,TXK,AR,ASW,CE,Federal Contract Tower,0,11,17,4,32,0,2,7,1,10,0,13,24,5,42,18,8,26,68
03/16/2005,TXK,AR,ASW,CE,Federal Contract Tower,0,11,21,12,44,0,0,9,0,9,0,11,30,12,53,100,6,106,159
03/17/2005,TXK,AR,ASW,CE,Federal Contract Tower,0,11,37,7,55,0,0,44,9,53,0,11,81,16,108,56,62,118,226
03/18/2005,TXK,AR,ASW,CE,Federal Contract Tower,0,14,25,4,43,0,3,21,0,24,0,17,46,4,67,26,74,100,167
03/19/2005,TXK,AR,ASW,CE,Federal Contract Tower,0,7,19,4,30,0,14,33,1,48,0,21,52,5,78,56,32,88,166
03/20/2005,TXK,AR,ASW,CE,Federal Contract Tower,0,11,11,0,22,0,0,12,0,12,0,11,23,0,34,2,0,2,36
03/21/2005,TXK,AR,ASW,CE,Federal Contract Tower,0,12,11,4,27,0,0,0,0,0,0,12,11,4,27,0,4,4,31
03/22/2005,TXK,AR,ASW,CE,Federal Contract Tower,0,12,20,9,41,0,8,15,1,24,0,20,35,10,65,4,24,28,93
03/23/2005,TXK,AR,ASW,CE,Federal Contract Tower,0,12,25,9,46,0,5,66,0,71,0,17,91,9,117,54,16,70,187
03/24/2005,TXK,AR,ASW,CE,Federal Contract Tower,0,13,17,7,37,0,0,32,1,33,0,13,49,8,70,50,38,88,158
03/25/2005,TXK,AR,ASW,CE,Federal Contract Tower,0,15,15,5,35,0,9,24,1,34,0,24,39,6,69,16,8,24,93
03/26/2005,TXK,AR,ASW,CE,Federal Contract Tower,0,6,6,0,12,0,3,11,0,14,0,9,17,0,26,62,0,62,88
03/27/2005,TXK,AR,ASW,CE,Federal Contract Tower,0,12,10,0,22,0,1,2,0,3,0,13,12,0,25,0,0,0,25
03/28/2005,TXK,AR,ASW,CE,Federal Contract Tower,0,16,26,7,49,0,8,30,1,39,0,24,56,8,88,8,26,34,122
03/29/2005,TXK,AR,ASW,CE,Federal Contract Tower,0,12,23,4,39,0,0,21,1,22,0,12,44,5,61,46,30,76,137
03/30/2005,TXK,AR,ASW,CE,Federal Contract Tower,0,13,33,5,51,0,8,25,0,33,0,21,58,5,84,40,10,50,134
03/31/2005,TXK,AR,ASW,CE,Federal Contract Tower,2,16,15,7,40,0,4,27,0,31,2,20,42,7,71,74,14,88,159
04/01/2005,TXK,AR,ASW,CE,Federal Contract Tower,0,15,20,6,41,0,3,21,0,24,0,18,41,6,65,0,14,14,79
04/02/2005,TXK,AR,ASW,CE,Federal Contract Tower,0,7,22,1,30,0,4,49,4,57,0,11,71,5,87,55,2,57,144
04/03/2005,TXK,AR,ASW,CE,Federal Contract Tower,0,15,22,6,43,0,10,57,0,67,0,25,79,6,110,24,14,38,148
04/04/2005,TXK,AR,ASW,CE,Federal Contract Tower,0,13,13,8,34,0,3,21,2,26,0,16,34,10,60,10,2,12,72
04/05/2005,TXK,AR,ASW,CE,Federal Contract Tower,0,12,20,1,33,0,0,2,0,2,0,12,22,1,35,0,2,2,37
04/06/2005,TXK,AR,ASW,CE,Federal Contract Tower,0,11,14,2,27,0,4,26,0,30,0,15,40,2,57,48,10,58,115
04/07/2005,TXK,AR,ASW,CE,Federal Contract Tower,0,11,16,7,34,0,2,15,2,19,0,13,31,9,53,52,28,80,133
04/08/2005,TXK,AR,ASW,CE,Federal Contract Tower,0,13,27,8,48,0,8,59,2,69,0,21,86,10,117,48,68,116,233
04/09/2005,TXK,AR,ASW,CE,Federal Contract Tower,0,9,11,0,20,0,7,51,0,58,0,16,62,0,78,112,0,112,190
04/10/2005,TXK,AR,ASW,CE,Federal Contract Tower,0,11,5,0,16,0,0,13,0,13,0,11,18,0,29,0,0,0,29
04/11/2005,TXK,AR,ASW,CE,Federal Contract Tower,0,13,6,4,23,0,1,16,0,17,0,14,22,4,40,22,0,22,62
04/12/2005,TXK,AR,ASW,CE,Federal Contract Tower,0,12,17,14,43,0,4,39,3,46,0,16,56,17,89,8,26,34,123
04/13/2005,TXK,AR,ASW,CE,Federal Contract Tower,0,11,43,7,61,0,4,34,0,38,0,15,77,7,99,106,48,154,253
04/14/2005,TXK,AR,ASW,CE,Federal Contract Tower,0,13,18,3,34,0,4,46,4,54,0,17,64,7,88,122,18,140,228
04/15/2005,TXK,AR,ASW,CE,Federal Contract Tower,0,12,20,12,44,0,6,47,2,55,0,18,67,14,99,38,66,104,203
04/16/2005,TXK,AR,ASW,CE,Federal Contract Tower,0,10,12,1,23,0,0,46,1,47,0,10,58,2,70,102,6,108,178
04/17/2005,TXK,AR,ASW,CE,Federal Contract Tower,0,10,14,0,24,0,8,46,0,54,0,18,60,0,78,54,0,54,132
04/18/2005,TXK,AR,ASW,CE,Federal Contract Tower,0,13,13,7,33,0,4,17,1,22,0,17,30,8,55,10,38,48,103
04/19/2005,TXK,AR,ASW,CE,Federal Contract Tower,0,15,23,2,40,0,6,27,6,39,0,21,50,8,79,16,8,24,103
04/20/2005,TXK,AR,ASW,CE,Federal Contract Tower,0,11,26,5,42,0,6,13,0,19,0,17,39,5,61,32,8,40,101
04/21/2005,TXK,AR,ASW,CE,Federal Contract Tower,0,12,29,18,59,0,0,26,2,28,0,12,55,20,87,98,34,132,219
04/22/2005,TXK,AR,ASW,CE,Federal Contract Tower,0,12,10,5,27,0,6,21,1,28,0,18,31,6,55,28,4,32,87
04/23/2005,TXK,AR,ASW,CE,Federal Contract Tower,0,7,13,0,20,0,3,33,0,36,0,10,46,0,56,48,0,48,104
04/24/2005,TXK,AR,ASW,CE,Federal Contract Tower,0,9,7,0,16,0,3,60,0,63,0,12,67,0,79,54,0,54,133
04/25/2005,TXK,AR,ASW,CE,Federal Contract Tower,0,13,23,5,41,0,8,22,0,30,0,21,45,5,71,30,10,40,111
04/26/2005,TXK,AR,ASW,CE,Federal Contract Tower,0,14,21,18,53,0,3,29,2,34,0,17,50,20,87,54,22,76,163
04/27/2005,TXK,AR,ASW,CE,Federal Contract Tower,0,10,26,17,53,0,6,40,3,49,0,16,66,20,102,78,70,148,250
04/28/2005,TXK,AR,ASW,CE,Federal Contract Tower,0,11,27,9,47,0,7,27,4,38,0,18,54,13,85,8,48,56,141
04/29/2005,TXK,AR,ASW,CE,Federal Contract Tower,0,11,24,14,49,0,0,10,9,19,0,11,34,23,68,26,10,36,104
04/30/2005,TXK,AR,ASW,CE,Federal Contract Tower,0,7,16,5,28,0,1,23,1,25,0,8,39,6,53,40,0,40,93
05/01/2005,TXK,AR,ASW,CE,Federal Contract Tower,0,9,21,3,33,0,4,37,1,42,0,13,58,4,75,6,4,10,85
05/02/2005,TXK,AR,ASW,CE,Federal Contract Tower,0,12,21,5,38,0,1,19,4,24,0,13,40,9,62,6,6,12,74
05/03/2005,TXK,AR,ASW,CE,Federal Contract Tower,0,14,24,3,41,0,0,20,2,22,0,14,44,5,63,6,16,22,85
05/04/2005,TXK,AR,ASW,CE,Federal Contract Tower,0,13,19,9,41,0,1,12,1,14,0,14,31,10,55,68,8,76,131
05/05/2005,TXK,AR,ASW,CE,Federal Contract Tower,0,12,21,18,51,0,1,27,5,33,0,13,48,23,84,28,138,166,250
05/06/2005,TXK,AR,ASW,CE,Federal Contract Tower,0,13,26,10,49,0,5,39,2,46,0,18,65,12,95,14,0,14,109
05/07/2005,TXK,AR,ASW,CE,Federal Contract Tower,0,7,7,2,16,0,9,47,0,56,0,16,54,2,72,50,0,50,122
05/08/2005,TXK,AR,ASW,CE,Federal Contract Tower,0,9,9,0,18,0,3,11,0,14,0,12,20,0,32,0,0,0,32
05/09/2005,TXK,AR,ASW,CE,Federal Contract Tower,0,13,34,6,53,0,8,14,0,22,0,21,48,6,75,6,12,18,93
05/10/2005,TXK,AR,ASW,CE,Federal Contract Tower,0,12,20,14,46,0,1,35,2,38,0,13,55,16,84,60,66,126,210
05/11/2005,TXK,AR,ASW,CE,Federal Contract Tower,0,13,30,4,47,0,2,21,2,25,0,15,51,6,72,80,16,96,168
05/12/2005,TXK,AR,ASW,CE,Federal Contract Tower,0,13,20,10,43,0,0,37,9,46,0,13,57,19,89,112,32,144,233
05/13/2005,TXK,AR,ASW,CE,Federal Contract Tower,0,11,23,4,38,0,3,22,3,28,0,14,45,7,66,38,8,46,112
05/14/2005,TXK,AR,ASW,CE,Federal Contract Tower,0,7,5,2,14,0,4,21,2,27,0,11,26,4,41,16,0,16,57
05/15/2005,TXK,AR,ASW,CE,Federal Contract Tower,0,10,12,6,28,0,5,24,0,29,0,15,36,6,57,2,0,2,59
05/16/2005,TXK,AR,ASW,CE,Federal Contract Tower,0,14,22,9,45,0,5,28,3,36,0,19,50,12,81,64,10,74,155
05/17/2005,TXK,AR,ASW,CE,Federal Contract Tower,0,14,20,7,41,0,0,28,0,28,0,14,48,7,69,6,12,18,87
05/18/2005,TXK,AR,ASW,CE,Federal Contract Tower,0,11,12,8,31,0,2,30,1,33,0,13,42,9,64,78,32,110,174
05/19/2005,TXK,AR,ASW,CE,Federal Contract Tower,0,11,20,6,37,0,4,9,1,14,0,15,29,7,51,6,12,18,69
05/20/2005,TXK,AR,ASW,CE,Federal Contract Tower,0,14,16,7,37,0,5,35,0,40,0,19,51,7,77,40,12,52,129
05/21/2005,TXK,AR,ASW,CE,Federal Contract Tower,0,7,10,0,17,0,8,51,2,61,0,15,61,2,78,42,0,42,120
05/22/2005,TXK,AR,ASW,CE,Federal Contract Tower,0,10,15,0,25,0,4,47,0,51,0,14,62,0,76,14,0,14,90
05/23/2005,TXK,AR,ASW,CE,Federal Contract Tower,0,11,12,0,23,0,2,18,0,20,0,13,30,0,43,8,0,8,51
05/24/2005,TXK,AR,ASW,CE,Federal Contract Tower,0,13,25,8,46,0,2,28,1,31,0,15,53,9,77,2,24,26,103
05/25/2005,TXK,AR,ASW,CE,Federal Contract Tower,0,9,23,8,40,0,5,35,1,41,0,14,58,9,81,186,20,206,287
05/26/2005,TXK,AR,ASW,CE,Federal Contract Tower,0,11,28,1,40,0,6,41,4,51,0,17,69,5,91,90,6,96,187
05/27/2005,TXK,AR,ASW,CE,Federal Contract Tower,0,10,22,0,32,0,6,35,0,41,0,16,57,0,73,40,0,40,113
05/28/2005,TXK,AR,ASW,CE,Federal Contract Tower,0,7,13,0,20,0,1,24,0,25,0,8,37,0,45,8,0,8,53
05/29/2005,TXK,AR,ASW,CE,Federal Contract Tower,0,10,12,0,22,0,0,17,0,17,0,10,29,0,39,4,0,4,43
05/30/2005,TXK,AR,ASW,CE,Federal Contract Tower,0,11,17,0,28,0,5,16,0,21,0,16,33,0,49,12,0,12,61
05/31/2005,TXK,AR,ASW,CE,Federal Contract Tower,0,11,27,4,42,0,2,16,0,18,0,13,43,4,60,16,6,22,82
06/01/2005,TXK,AR,ASW,CE,Federal Contract Tower,0,12,18,7,37,0,3,16,0,19,0,15,34,7,56,30,22,52,108
06/02/2005,TXK,AR,ASW,CE,Federal Contract Tower,0,11,25,10,46,0,3,44,4,51,0,14,69,14,97,12,24,36,133
06/03/2005,TXK,AR,ASW,CE,Federal Contract Tower,0,8,16,14,38,0,7,37,4,48,0,15,53,18,86,36,28,64,150
06/04/2005,TXK,AR,ASW,CE,Federal Contract Tower,0,9,6,11,26,0,1,22,0,23,0,10,28,11,49,32,34,66,115
06/05/2005,TXK,AR,ASW,CE,Federal Contract Tower,0,9,9,1,19,0,2,25,2,29,0,11,34,3,48,0,0,0,48
06/06/2005,TXK,AR,ASW,CE,Federal Contract Tower,0,15,15,13,43,0,6,18,3,27,0,21,33,16,70,0,30,30,100
06/07/2005,TXK,AR,ASW,CE,Federal Contract Tower,0,14,21,16,51,0,4,21,3,28,0,18,42,19,79,48,30,78,157
06/08/2005,TXK,AR,ASW,CE,Federal Contract Tower,0,11,18,14,43,0,3,30,3,36,0,14,48,17,79,46,10,56,135
06/09/2005,TXK,AR,ASW,CE,Federal Contract Tower,0,12,14,2,28,0,7,26,0,33,0,19,40,2,61,42,0,42,103
06/10/2005,TXK,AR,ASW,CE,Federal Contract Tower,0,12,22,7,41,0,1,41,3,45,0,13,63,10,86,38,10,48,134
06/11/2005,TXK,AR,ASW,CE,Federal Contract Tower,0,7,10,0,17,0,2,29,0,31,0,9,39,0,48,46,0,46,94
06/12/2005,TXK,AR,ASW,CE,Federal Contract Tower,0,8,11,0,19,0,5,22,0,27,0,13,33,0,46,6,0,6,52
06/13/2005,TXK,AR,ASW,CE,Federal Contract Tower,0,11,29,7,47,0,2,43,1,46,0,13,72,8,93,48,16,64,157
06/14/2005,TXK,AR,ASW,CE,Federal Contract Tower,0,11,26,3,40,0,3,27,0,30,0,14,53,3,70,12,14,26,96
06/15/2005,TXK,AR,ASW,CE,Federal Contract Tower,0,11,24,0,35,0,4,38,0,42,0,15,62,0,77,40,0,40,117
06/16/2005,TXK,AR,ASW,CE,Federal Contract Tower,0,14,27,0,41,0,5,32,0,37,0,19,59,0,78,120,0,120,198
06/17/2005,TXK,AR,ASW,CE,Federal Contract Tower,0,13,12,0,25,0,3,18,0,21,0,16,30,0,46,46,0,46,92
06/18/2005,TXK,AR,ASW,CE,Federal Contract Tower,0,10,10,5,25,0,0,29,0,29,0,10,39,5,54,18,24,42,96
06/19/2005,TXK,AR,ASW,CE,Federal Contract Tower,0,9,6,0,15,0,6,30,0,36,0,15,36,0,51,44,0,44,95
06/20/2005,TXK,AR,ASW,CE,Federal Contract Tower,0,11,14,2,27,0,3,31,0,34,0,14,45,2,61,6,0,6,67
06/21/2005,TXK,AR,ASW,CE,Federal Contract Tower,0,11,24,4,39,0,2,29,1,32,0,13,53,5,71,30,4,34,105
06/22/2005,TXK,AR,ASW,CE,Federal Contract Tower,0,13,19,15,47,0,5,37,0,42,0,18,56,15,89,54,16,70,159
06/23/2005,TXK,AR,ASW,CE,Federal Contract Tower,0,11,18,11,40,0,4,36,2,42,0,15,54,13,82,104,12,116,198
06/24/2005,TXK,AR,ASW,CE,Federal Contract Tower,0,11,13,12,36,0,7,37,8,52,0,18,50,20,88,36,28,64,152
06/25/2005,TXK,AR,ASW,CE,Federal Contract Tower,0,12,32,0,44,0,0,42,0,42,0,12,74,0,86,76,0,76,162
06/26/2005,TXK,AR,ASW,CE,Federal Contract Tower,0,9,13,4,26,0,8,22,0,30,0,17,35,4,56,20,8,28,84
06/27/2005,TXK,AR,ASW,CE,Federal Contract Tower,0,11,10,5,26,0,0,28,2,30,0,11,38,7,56,62,12,74,130
06/28/2005,TXK,AR,ASW,CE,Federal Contract Tower,0,11,16,14,41,0,0,29,3,32,0,11,45,17,73,66,24,90,163
06/29/2005,TXK,AR,ASW,CE,Federal Contract Tower,0,11,17,7,35,0,3,34,0,37,0,14,51,7,72,104,0,104,176
06/30/2005,TXK,AR,ASW,CE,Federal Contract Tower,0,11,20,4,35,0,8,30,2,40,0,19,50,6,75,52,8,60,135
07/01/2005,TXK,AR,ASW,CE,Federal Contract Tower,0,10,19,0,29,0,1,20,0,21,0,11,39,0,50,20,0,20,70
07/02/2005,TXK,AR,ASW,CE,Federal Contract Tower,0,9,8,0,17,0,9,34,3,46,0,18,42,3,63,30,0,30,93
07/03/2005,TXK,AR,ASW,CE,Federal Contract Tower,0,11,5,0,16,0,7,25,0,32,0,18,30,0,48,10,0,10,58
07/04/2005,TXK,AR,ASW,CE,Federal Contract Tower,0,13,12,0,25,0,0,21,0,21,0,13,33,0,46,42,0,42,88
07/05/2005,TXK,AR,ASW,CE,Federal Contract Tower,0,13,16,2,31,0,4,23,0,27,0,17,39,2,58,45,0,45,103
07/06/2005,TXK,AR,ASW,CE,Federal Contract Tower,0,11,19,11,41,0,0,21,1,22,0,11,40,12,63,36,50,86,149
07/07/2005,TXK,AR,ASW,CE,Federal Contract Tower,0,9,23,14,46,0,4,39,0,43,0,13,62,14,89,128,56,184,273
07/08/2005,TXK,AR,ASW,CE,Federal Contract Tower,0,13,21,7,41,0,2,26,0,28,0,15,47,7,69,140,8,148,217
07/09/2005,TXK,AR,ASW,CE,Federal Contract Tower,0,7,4,5,16,0,0,37,0,37,0,7,41,5,53,66,12,78,131
07/10/2005,TXK,AR,ASW,CE,Federal Contract Tower,0,10,23,10,43,0,7,30,0,37,0,17,53,10,80,32,6,38,118
07/11/2005,TXK,AR,ASW,CE,Federal Contract Tower,0,9,15,8,32,0,2,31,6,39,0,11,46,14,71,56,66,122,193
07/12/2005,TXK,AR,ASW,CE,Federal Contract Tower,0,14,15,0,29,0,0,38,0,38,0,14,53,0,67,162,0,162,229
07/13/2005,TXK,AR,ASW,CE,Federal Contract Tower,0,11,24,9,44,0,2,24,1,27,0,13,48,10,71,74,32,106,177
07/14/2005,TXK,AR,ASW,CE,Federal Contract Tower,0,9,21,5,35,0,0,32,0,32,0,9,53,5,67,60,6,66,133
07/15/2005,TXK,AR,ASW,CE,Federal Contract Tower,0,10,26,11,47,0,2,9,3,14,0,12,35,14,61,76,8,84,145
07/16/2005,TXK,AR,ASW,CE,Federal Contract Tower,0,6,17,1,24,0,4,19,2,25,0,10,36,3,49,66,0,66,115
07/17/2005,TXK,AR,ASW,CE,Federal Contract Tower,0,8,12,0,20,0,2,11,0,13,0,10,23,0,33,4,0,4,37
07/18/2005,TXK,AR,ASW,CE,Federal Contract Tower,0,10,28,2,40,0,2,33,0,35,0,12,61,2,75,44,6,50,125
07/19/2005,TXK,AR,ASW,CE,Federal Contract Tower,0,15,21,3,39,0,3,38,3,44,0,18,59,6,83,52,8,60,143
07/20/2005,TXK,AR,ASW,CE,Federal Contract Tower,0,14,21,13,48,0,0,42,7,49,0,14,63,20,97,106,38,144,241
07/21/2005,TXK,AR,ASW,CE,Federal Contract Tower,0,11,15,4,30,0,3,44,8,55,0,14,59,12,85,78,22,100,185
07/22/2005,TXK,AR,ASW,CE,Federal Contract Tower,0,13,15,2,30,0,0,39,1,40,0,13,54,3,70,84,6,90,160
07/23/2005,TXK,AR,ASW,CE,Federal Contract Tower,0,7,5,2,14,0,2,47,0,49,0,9,52,2,63,56,16,72,135
07/24/2005,TXK,AR,ASW,CE,Federal Contract Tower,0,11,11,2,24,0,5,34,0,39,0,16,45,2,63,26,0,26,89
07/25/2005,TXK,AR,ASW,CE,Federal Contract Tower,0,12,24,2,38,0,3,37,1,41,0,15,61,3,79,24,6,30,109
07/26/2005,TXK,AR,ASW,CE,Federal Contract Tower,0,11,33,10,54,0,1,48,5,54,0,12,81,15,108,96,46,142,250
07/27/2005,TXK,AR,ASW,CE,Federal Contract Tower,0,18,16,4,38,0,3,16,0,19,0,21,32,4,57,38,0,38,95
07/28/2005,TXK,AR,ASW,CE,Federal Contract Tower,0,13,30,2,45,0,0,29,0,29,0,13,59,2,74,174,0,174,248
07/29/2005,TXK,AR,ASW,CE,Federal Contract Tower,0,11,12,17,40,0,7,53,2,62,0,18,65,19,102,68,66,134,236
07/30/2005,TXK,AR,ASW,CE,Federal Contract Tower,0,15,14,4,33,0,10,54,2,66,0,25,68,6,99,106,18,124,223
07/31/2005,TXK,AR,ASW,CE,Federal Contract Tower,0,11,7,1,19,0,3,26,0,29,0,14,33,1,48,36,0,36,84
08/01/2005,TXK,AR,ASW,CE,Federal Contract Tower,0,11,13,6,30,0,2,27,1,30,0,13,40,7,60,0,14,14,74
08/02/2005,TXK,AR,ASW,CE,Federal Contract Tower,0,11,20,17,48,0,1,45,4,50,0,12,65,21,98,48,36,84,182
08/03/2005,TXK,AR,ASW,CE,Federal Contract Tower,0,14,13,8,35,0,1,53,0,54,0,15,66,8,89,128,8,136,225
08/04/2005,TXK,AR,ASW,CE,Federal Contract Tower,0,10,19,3,32,0,1,25,3,29,0,11,44,6,61,80,4,84,145
08/05/2005,TXK,AR,ASW,CE,Federal Contract Tower,0,10,23,12,45,0,2,28,2,32,0,12,51,14,77,6,48,54,131
08/06/2005,TXK,AR,ASW,CE,Federal Contract Tower,0,7,6,0,13,0,4,41,1,46,0,11,47,1,59,108,0,108,167
08/07/2005,TXK,AR,ASW,CE,Federal Contract Tower,0,5,15,0,20,0,2,23,2,27,0,7,38,2,47,4,0,4,51
08/08/2005,TXK,AR,ASW,CE,Federal Contract Tower,0,8,14,6,28,0,0,20,0,20,0,8,34,6,48,6,2,8,56
08/09/2005,TXK,AR,ASW,CE,Federal Contract Tower,0,15,22,0,37,0,1,31,0,32,0,16,53,0,69,46,0,46,115
08/10/2005,TXK,AR,ASW,CE,Federal Contract Tower,0,12,25,20,57,0,7,30,3,40,0,19,55,23,97,6,104,110,207
08/11/2005,TXK,AR,ASW,CE,Federal Contract Tower,0,12,13,8,33,0,0,36,6,42,0,12,49,14,75,108,22,130,205
08/12/2005,TXK,AR,ASW,CE,Federal Contract Tower,0,11,24,13,48,0,5,29,9,43,0,16,53,22,91,78,66,144,235
08/13/2005,TXK,AR,ASW,CE,Federal Contract Tower,0,7,15,0,22,0,3,46,1,50,0,10,61,1,72,92,0,92,164
08/14/2005,TXK,AR,ASW,CE,Federal Contract Tower,0,9,16,4,29,0,2,21,2,25,0,11,37,6,54,10,12,22,76
08/15/2005,TXK,AR,ASW,CE,Federal Contract Tower,0,9,14,4,27,0,0,5,0,5,0,9,19,4,32,2,6,8,40
08/16/2005,TXK,AR,ASW,CE,Federal Contract Tower,0,12,12,0,24,0,0,21,0,21,0,12,33,0,45,44,0,44,89
08/17/2005,TXK,AR,ASW,CE,Federal Contract Tower,0,11,18,8,37,0,1,38,0,39,0,12,56,8,76,80,2,82,158
08/18/2005,TXK,AR,ASW,CE,Federal Contract Tower,0,11,21,7,39,0,0,31,1,32,0,11,52,8,71,158,6,164,235
08/19/2005,TXK,AR,ASW,CE,Federal Contract Tower,2,10,14,19,45,0,3,44,0,47,2,13,58,19,92,84,40,124,216
08/20/2005,TXK,AR,ASW,CE,Federal Contract Tower,0,7,12,6,25,0,2,36,4,42,0,9,48,10,67,116,32,148,215
08/21/2005,TXK,AR,ASW,CE,Federal Contract Tower,0,9,19,1,29,0,4,16,1,21,0,13,35,2,50,58,0,58,108
08/22/2005,TXK,AR,ASW,CE,Federal Contract Tower,2,12,18,10,42,0,2,31,3,36,2,14,49,13,78,30,8,38,116
08/23/2005,TXK,AR,ASW,CE,Federal Contract Tower,0,11,22,8,41,0,5,19,5,29,0,16,41,13,70,56,10,66,136
08/24/2005,TXK,AR,ASW,CE,Federal Contract Tower,0,11,16,4,31,0,6,20,0,26,0,17,36,4,57,26,6,32,89
08/25/2005,TXK,AR,ASW,CE,Federal Contract Tower,0,11,18,14,43,0,0,31,0,31,0,11,49,14,74,32,30,62,136
08/26/2005,TXK,AR,ASW,CE,Federal Contract Tower,0,11,7,9,27,0,4,31,10,45,0,15,38,19,72,54,22,76,148
08/27/2005,TXK,AR,ASW,CE,Federal Contract Tower,0,7,8,0,15,0,8,19,0,27,0,15,27,0,42,42,0,42,84
08/28/2005,TXK,AR,ASW,CE,Federal Contract Tower,0,9,2,13,24,0,2,21,2,25,0,11,23,15,49,12,18,30,79
08/29/2005,TXK,AR,ASW,CE,Federal Contract Tower,0,9,6,0,15,0,0,21,0,21,0,9,27,0,36,8,0,8,44
08/30/2005,TXK,AR,ASW,CE,Federal Contract Tower,0,11,19,2,32,0,3,24,5,32,0,14,43,7,64,18,20,38,102
08/31/2005,TXK,AR,ASW,CE,Federal Contract Tower,0,11,14,4,29,0,4,30,1,35,0,15,44,5,64,8,22,30,94
09/01/2005,TXK,AR,ASW,CE,Federal Contract Tower,0,11,31,12,54,0,4,30,2,36,0,15,61,14,90,20,4,24,114
09/02/2005,TXK,AR,ASW,CE,Federal Contract Tower,0,11,16,4,31,0,6,27,8,41,0,17,43,12,72,54,56,110,182
09/03/2005,TXK,AR,ASW,CE,Federal Contract Tower,0,7,6,0,13,0,6,27,0,33,0,13,33,0,46,16,0,16,62
09/04/2005,TXK,AR,ASW,CE,Federal Contract Tower,0,7,5,0,12,0,2,29,4,35,0,9,34,4,47,20,0,20,67
09/05/2005,TXK,AR,ASW,CE,Federal Contract Tower,0,12,5,2,19,0,0,51,0,51,0,12,56,2,70,30,0,30,100
09/06/2005,TXK,AR,ASW,CE,Federal Contract Tower,0,12,21,7,40,0,0,33,2,35,0,12,54,9,75,40,30,70,145
09/07/2005,TXK,AR,ASW,CE,Federal Contract Tower,0,12,18,3,33,0,0,19,2,21,0,12,37,5,54,12,4,16,70
09/08/2005,TXK,AR,ASW,CE,Federal Contract Tower,0,12,17,6,35,0,4,32,3,39,0,16,49,9,74,84,18,102,176
09/09/2005,TXK,AR,ASW,CE,Federal Contract Tower,0,9,23,12,44,0,5,30,2,37,0,14,53,14,81,30,16,46,127
09/10/2005,TXK,AR,ASW,CE,Federal Contract Tower,0,8,15,4,27,0,2,39,1,42,0,10,54,5,69,92,8,100,169
09/11/2005,TXK,AR,ASW,CE,Federal Contract Tower,0,10,13,5,28,0,10,28,4,42,0,20,41,9,70,48,10,58,128
09/12/2005,TXK,AR,ASW,CE,Federal Contract Tower,0,9,10,4,23,0,3,25,1,29,0,12,35,5,52,10,0,10,62
09/13/2005,TXK,AR,ASW,CE,Federal Contract Tower,0,13,23,11,47,0,2,38,0,40,0,15,61,11,87,60,14,74,161
09/14/2005,TXK,AR,ASW,CE,Federal Contract Tower,0,11,17,10,38,0,4,14,1,19,0,15,31,11,57,42,24,66,123
09/15/2005,TXK,AR,ASW,CE,Federal Contract Tower,0,7,23,5,35,0,3,19,1,23,0,10,42,6,58,48,12,60,118
09/16/2005,TXK,AR,ASW,CE,Federal Contract Tower,0,9,24,8,41,0,0,20,0,20,0,9,44,8,61,14,6,20,81
09/17/2005,TXK,AR,ASW,CE,Federal Contract Tower,0,8,11,0,19,0,6,36,4,46,0,14,47,4,65,50,6,56,121
09/18/2005,TXK,AR,ASW,CE,Federal Contract Tower,0,9,12,4,25,0,3,45,2,50,0,12,57,6,75,24,34,58,133
09/19/2005,TXK,AR,ASW,CE,Federal Contract Tower,0,9,19,7,35,0,2,24,3,29,0,11,43,10,64,110,32,142,206
09/20/2005,TXK,AR,ASW,CE,Federal Contract Tower,0,9,25,12,46,0,2,37,5,44,0,11,62,17,90,44,46,90,180
09/21/2005,TXK,AR,ASW,CE,Federal Contract Tower,0,10,12,14,36,0,1,30,3,34,0,11,42,17,70,46,42,88,158
09/22/2005,TXK,AR,ASW,CE,Federal Contract Tower,0,8,35,14,57,0,7,59,5,71,0,15,94,19,128,34,66,100,228
09/23/2005,TXK,AR,ASW,CE,Federal Contract Tower,0,7,26,4,37,0,2,70,8,80,0,9,96,12,117,58,16,74,191
09/24/2005,TXK,AR,ASW,CE,Federal Contract Tower,0,5,1,0,6,0,0,0,0,0,0,5,1,0,6,0,0,0,6
09/25/2005,TXK,AR,ASW,CE,Federal Contract Tower,0,6,4,2,12,0,0,13,0,13,0,6,17,2,25,4,0,4,29
09/26/2005,TXK,AR,ASW,CE,Federal Contract Tower,0,9,16,11,36,0,2,16,4,22,0,11,32,15,58,2,76,78,136
09/27/2005,TXK,AR,ASW,CE,Federal Contract Tower,0,11,23,6,40,0,4,23,1,28,0,15,46,7,68,46,38,84,152
09/28/2005,TXK,AR,ASW,CE,Federal Contract Tower,0,12,26,4,42,0,2,13,4,19,0,14,39,8,61,16,0,16,77
09/29/2005,TXK,AR,ASW,CE,Federal Contract Tower,0,12,30,2,44,0,8,19,2,29,0,20,49,4,73,38,4,42,115
09/30/2005,TXK,AR,ASW,CE,Federal Contract Tower,0,12,21,0,33,0,0,37,2,39,0,12,58,2,72,38,0,38,110
10/01/2005,TXK,AR,ASW,CE,Federal Contract Tower,0,9,27,2,38,0,3,21,0,24,0,12,48,2,62,4,0,4,66
10/02/2005,TXK,AR,ASW,CE,Federal Contract Tower,0,10,20,0,30,0,7,26,0,33,0,17,46,0,63,10,0,10,73
10/03/2005,TXK,AR,ASW,CE,Federal Contract Tower,0,10,21,7,38,0,4,18,1,23,0,14,39,8,61,22,4,26,87
10/04/2005,TXK,AR,ASW,CE,Federal Contract Tower,0,10,23,0,33,0,3,22,4,29,0,13,45,4,62,34,0,34,96
10/05/2005,TXK,AR,ASW,CE,Federal Contract Tower,0,10,29,5,44,0,7,27,1,35,0,17,56,6,79,60,10,70,149
10/06/2005,TXK,AR,ASW,CE,Federal Contract Tower,0,9,22,23,54,0,3,12,0,15,0,12,34,23,69,20,12,32,101
10/07/2005,TXK,AR,ASW,CE,Federal Contract Tower,0,10,23,7,40,0,5,20,0,25,0,15,43,7,65,42,12,54,119
10/08/2005,TXK,AR,ASW,CE,Federal Contract Tower,0,9,9,2,20,0,4,26,0,30,0,13,35,2,50,30,4,34,84
10/09/2005,TXK,AR,ASW,CE,Federal Contract Tower,0,9,21,2,32,0,8,41,0,49,0,17,62,2,81,44,0,44,125
10/10/2005,TXK,AR,ASW,CE,Federal Contract Tower,0,9,6,5,20,0,3,19,2,24,0,12,25,7,44,12,4,16,60
10/11/2005,TXK,AR,ASW,CE,Federal Contract Tower,0,9,24,8,41,0,2,32,1,35,0,11,56,9,76,42,12,54,130
10/12/2005,TXK,AR,ASW,CE,Federal Contract Tower,0,9,20,13,42,0,6,20,1,27,0,15,40,14,69,6,2,8,77
10/13/2005,TXK,AR,ASW,CE,Federal Contract Tower,0,9,22,8,39,0,4,25,2,31,0,13,47,10,70,0,2,2,72
10/14/2005,TXK,AR,ASW,CE,Federal Contract Tower,0,9,27,1,37,0,6,31,1,38,0,15,58,2,75,14,0,14,89
10/15/2005,TXK,AR,ASW,CE,Federal Contract Tower,0,8,11,0,19,0,6,46,0,52,0,14,57,0,71,6,0,6,77
10/16/2005,TXK,AR,ASW,CE,Federal Contract Tower,0,11,14,6,31,0,0,21,3,24,0,11,35,9,55,6,24,30,85
10/17/2005,TXK,AR,ASW,CE,Federal Contract Tower,0,12,15,12,39,0,1,29,2,32,0,13,44,14,71,32,20,52,123
10/18/2005,TXK,AR,ASW,CE,Federal Contract Tower,0,9,12,13,34,0,4,14,4,22,0,13,26,17,56,6,40,46,102
10/19/2005,TXK,AR,ASW,CE,Federal Contract Tower,0,9,18,13,40,0,0,37,5,42,0,9,55,18,82,32,26,58,140
10/20/2005,TXK,AR,ASW,CE,Federal Contract Tower,0,11,14,14,39,0,3,0,0,3,0,14,14,14,42,4,4,8,50
10/21/2005,TXK,AR,ASW,CE,Federal Contract Tower,0,11,16,7,34,0,4,27,3,34,0,15,43,10,68,18,4,22,90
10/22/2005,TXK,AR,ASW,CE,Federal Contract Tower,0,8,12,0,20,0,6,22,0,28,0,14,34,0,48,8,0,8,56
10/23/2005,TXK,AR,ASW,CE,Federal Contract Tower,0,9,16,8,33,0,0,31,0,31,0,9,47,8,64,20,22,42,106
10/24/2005,TXK,AR,ASW,CE,Federal Contract Tower,0,14,15,5,34,0,1,36,1,38,0,15,51,6,72,44,8,52,124
10/25/2005,TXK,AR,ASW,CE,Federal Contract Tower,0,10,15,7,32,0,2,31,5,38,0,12,46,12,70,24,22,46,116
10/26/2005,TXK,AR,ASW,CE,Federal Contract Tower,0,9,11,14,34,0,3,22,4,29,0,12,33,18,63,10,32,42,105
10/27/2005,TXK,AR,ASW,CE,Federal Contract Tower,0,9,34,9,52,0,4,25,1,30,0,13,59,10,82,6,16,22,104
10/28/2005,TXK,AR,ASW,CE,Federal Contract Tower,0,10,12,6,28,0,8,36,1,45,0,18,48,7,73,42,20,62,135
10/29/2005,TXK,AR,ASW,CE,Federal Contract Tower,2,8,11,0,21,0,5,24,0,29,2,13,35,0,50,6,0,6,56
10/30/2005,TXK,AR,ASW,CE,Federal Contract Tower,0,9,12,0,21,0,6,8,0,14,0,15,20,0,35,8,0,8,43
10/31/2005,TXK,AR,ASW,CE,Federal Contract Tower,0,4,8,0,12,0,4,2,0,6,0,8,10,0,18,0,0,0,18
11/01/2005,TXK,AR,ASW,CE,Federal Contract Tower,0,10,8,15,33,0,2,20,3,25,0,12,28,18,58,4,30,34,92
11/02/2005,TXK,AR,ASW,CE,Federal Contract Tower,0,16,20,5,41,0,2,42,1,45,0,18,62,6,86,44,12,56,142
11/03/2005,TXK,AR,ASW,CE,Federal Contract Tower,0,8,16,14,38,0,6,43,2,51,0,14,59,16,89,46,28,74,163
11/04/2005,TXK,AR,ASW,CE,Federal Contract Tower,0,9,17,7,33,0,6,36,4,46,0,15,53,11,79,18,8,26,105
11/05/2005,TXK,AR,ASW,CE,Federal Contract Tower,0,10,12,6,28,0,5,24,0,29,0,15,36,6,57,4,6,10,67
11/06/2005,TXK,AR,ASW,CE,Federal Contract Tower,0,9,7,1,17,0,2,30,0,32,0,11,37,1,49,30,0,30,79
11/07/2005,TXK,AR,ASW,CE,Federal Contract Tower,0,11,14,12,37,0,2,9,1,12,0,13,23,13,49,22,8,30,79
11/08/2005,TXK,AR,ASW,CE,Federal Contract Tower,0,12,21,10,43,0,5,13,1,19,0,17,34,11,62,24,14,38,100
11/09/2005,TXK,AR,ASW,CE,Federal Contract Tower,0,14,17,3,34,0,5,12,5,22,0,19,29,8,56,16,0,16,72
11/10/2005,TXK,AR,ASW,CE,Federal Contract Tower,0,11,8,0,19,0,0,27,0,27,0,11,35,0,46,12,0,12,58
11/11/2005,TXK,AR,ASW,CE,Federal Contract Tower,0,10,25,0,35,0,5,48,16,69,0,15,73,16,104,36,0,36,140
11/12/2005,TXK,AR,ASW,CE,Federal Contract Tower,0,11,12,2,25,0,1,2,2,5,0,12,14,4,30,0,0,0,30
11/13/2005,TXK,AR,ASW,CE,Federal Contract Tower,0,11,11,0,22,0,5,32,1,38,0,16,43,1,60,36,0,36,96
11/14/2005,TXK,AR,ASW,CE,Federal Contract Tower,0,12,15,0,27,0,0,14,0,14,0,12,29,0,41,20,0,20,61
11/15/2005,TXK,AR,ASW,CE,Federal Contract Tower,0,9,10,0,19,0,0,5,0,5,0,9,15,0,24,4,0,4,28
11/16/2005,TXK,AR,ASW,CE,Federal Contract Tower,0,9,21,12,42,0,11,41,7,59,0,20,62,19,101,20,52,72,173
11/17/2005,TXK,AR,ASW,CE,Federal Contract Tower,0,9,25,13,47,0,6,27,1,34,0,15,52,14,81,6,2,8,89
11/18/2005,TXK,AR,ASW,CE,Federal Contract Tower,0,9,28,3,40,0,1,40,0,41,0,10,68,3,81,16,2,18,99
11/19/2005,TXK,AR,ASW,CE,Federal Contract Tower,0,8,18,12,38,0,11,40,0,51,0,19,58,12,89,20,36,56,145
11/20/2005,TXK,AR,ASW,CE,Federal Contract Tower,0,11,15,6,32,0,9,11,0,20,0,20,26,6,52,0,2,2,54
11/21/2005,TXK,AR,ASW,CE,Federal Contract Tower,0,13,19,15,47,0,2,24,2,28,0,15,43,17,75,6,30,36,111
11/22/2005,TXK,AR,ASW,CE,Federal Contract Tower,0,11,21,4,36,0,0,28,2,30,0,11,49,6,66,44,16,60,126
11/23/2005,TXK,AR,ASW,CE,Federal Contract Tower,0,9,21,0,30,0,4,49,0,53,0,13,70,0,83,44,0,44,127
11/24/2005,TXK,AR,ASW,CE,Federal Contract Tower,0,5,6,0,11,0,6,21,0,27,0,11,27,0,38,24,0,24,62
11/25/2005,TXK,AR,ASW,CE,Federal Contract Tower,0,8,16,0,24,0,5,30,0,35,0,13,46,0,59,4,0,4,63
11/26/2005,TXK,AR,ASW,CE,Federal Contract Tower,0,12,8,0,20,0,7,13,0,20,0,19,21,0,40,6,0,6,46
11/27/2005,TXK,AR,ASW,CE,Federal Contract Tower,0,7,14,0,21,0,5,4,0,9,0,12,18,0,30,4,0,4,34
11/28/2005,TXK,AR,ASW,CE,Federal Contract Tower,0,11,18,7,36,0,11,21,1,33,0,22,39,8,69,6,26,32,101
11/29/2005,TXK,AR,ASW,CE,Federal Contract Tower,0,9,25,0,34,0,2,38,0,40,0,11,63,0,74,116,0,116,190
11/30/2005,TXK,AR,ASW,CE,Federal Contract Tower,0,13,11,10,34,0,0,37,7,44,0,13,48,17,78,62,50,112,190
12/01/2005,TXK,AR,ASW,CE,Federal Contract Tower,0,11,15,8,34,0,6,37,6,49,0,17,52,14,83,10,12,22,105
12/02/2005,TXK,AR,ASW,CE,Federal Contract Tower,0,9,13,5,27,0,5,31,7,43,0,14,44,12,70,16,12,28,98
12/03/2005,TXK,AR,ASW,CE,Federal Contract Tower,0,8,13,1,22,0,6,5,1,12,0,14,18,2,34,10,4,14,48
12/04/2005,TXK,AR,ASW,CE,Federal Contract Tower,0,9,10,9,28,0,3,10,0,13,0,12,20,9,41,6,12,18,59
12/05/2005,TXK,AR,ASW,CE,Federal Contract Tower,0,13,25,12,50,0,2,28,0,30,0,15,53,12,80,10,24,34,114
12/06/2005,TXK,AR,ASW,CE,Federal Contract Tower,0,11,27,18,56,0,4,24,4,32,0,15,51,22,88,42,0,42,130
12/07/2005,TXK,AR,ASW,CE,Federal Contract Tower,0,6,32,0,38,0,5,9,0,14,0,11,41,0,52,0,0,0,52
12/08/2005,TXK,AR,ASW,CE,Federal Contract Tower,0,8,9,2,19,0,3,1,0,4,0,11,10,2,23,0,4,4,27
12/09/2005,TXK,AR,ASW,CE,Federal Contract Tower,0,11,16,4,31,0,3,22,0,25,0,14,38,4,56,2,0,2,58
12/10/2005,TXK,AR,ASW,CE,Federal Contract Tower,0,8,21,1,30,0,4,27,3,34,0,12,48,4,64,18,10,28,92
12/11/2005,TXK,AR,ASW,CE,Federal Contract Tower,0,9,13,0,22,0,0,27,0,27,0,9,40,0,49,42,0,42,91
12/12/2005,TXK,AR,ASW,CE,Federal Contract Tower,0,9,20,10,39,0,3,12,1,16,0,12,32,11,55,12,18,30,85
12/13/2005,TXK,AR,ASW,CE,Federal Contract Tower,0,13,32,17,62,0,1,31,1,33,0,14,63,18,95,24,36,60,155
12/14/2005,TXK,AR,ASW,CE,Federal Contract Tower,0,11,27,0,38,0,0,5,0,5,0,11,32,0,43,0,0,0,43
12/15/2005,TXK,AR,ASW,CE,Federal Contract Tower,0,9,18,10,37,0,4,46,6,56,0,13,64,16,93,34,8,42,135
12/16/2005,TXK,AR,ASW,CE,Federal Contract Tower,0,10,27,6,43,0,3,30,4,37,0,13,57,10,80,16,10,26,106
12/17/2005,TXK,AR,ASW,CE,Federal Contract Tower,0,8,7,0,15,0,5,12,0,17,0,13,19,0,32,6,0,6,38
12/18/2005,TXK,AR,ASW,CE,Federal Contract Tower,0,11,14,2,27,0,4,33,0,37,0,15,47,2,64,14,0,14,78
12/19/2005,TXK,AR,ASW,CE,Federal Contract Tower,0,9,11,17,37,0,5,16,0,21,0,14,27,17,58,20,8,28,86
12/20/2005,TXK,AR,ASW,CE,Federal Contract Tower,0,13,19,2,34,0,0,0,0,0,0,13,19,2,34,0,0,0,34
12/21/2005,TXK,AR,ASW,CE,Federal Contract Tower,0,9,24,0,33,0,2,13,0,15,0,11,37,0,48,6,0,6,54
12/22/2005,TXK,AR,ASW,CE,Federal Contract Tower,0,9,24,2,35,0,8,28,0,36,0,17,52,2,71,14,2,16,87
12/23/2005,TXK,AR,ASW,CE,Federal Contract Tower,0,9,17,3,29,0,1,16,0,17,0,10,33,3,46,10,2,12,58
12/24/2005,TXK,AR,ASW,CE,Federal Contract Tower,0,10,7,0,17,0,9,16,0,25,0,19,23,0,42,6,0,6,48
12/25/2005,TXK,AR,ASW,CE,Federal Contract Tower,0,9,6,0,15,0,3,10,0,13,0,12,16,0,28,0,0,0,28
12/26/2005,TXK,AR,ASW,CE,Federal Contract Tower,0,12,21,0,33,0,5,29,0,34,0,17,50,0,67,0,0,0,67
12/27/2005,TXK,AR,ASW,CE,Federal Contract Tower,0,10,5,0,15,0,3,16,0,19,0,13,21,0,34,0,0,0,34
12/28/2005,TXK,AR,ASW,CE,Federal Contract Tower,0,12,11,6,29,0,0,30,0,30,0,12,41,6,59,18,4,22,81
12/29/2005,TXK,AR,ASW,CE,Federal Contract Tower,0,9,7,0,16,0,7,44,0,51,0,16,51,0,67,32,0,32,99
12/30/2005,TXK,AR,ASW,CE,Federal Contract Tower,0,13,15,0,28,0,8,19,0,27,0,21,34,0,55,0,0,0,55
12/31/2005,TXK,AR,ASW,CE,Federal Contract Tower,0,8,2,0,10,0,5,28,0,33,0,13,30,0,43,36,0,36,79
01/01/2006,TXK,AR,ASW,CE,Federal Contract Tower,0,11,10,0,21,0,7,10,0,17,0,18,20,0,38,0,0,0,38
01/02/2006,TXK,AR,ASW,CE,Federal Contract Tower,0,12,7,0,19,0,8,26,0,34,0,20,33,0,53,4,0,4,57
01/03/2006,TXK,AR,ASW,CE,Federal Contract Tower,0,12,9,4,25,0,3,63,0,66,0,15,72,4,91,16,16,32,123
01/04/2006,TXK,AR,ASW,CE,Federal Contract Tower,0,10,3,8,21,0,2,34,2,38,0,12,37,10,59,30,2,32,91
01/05/2006,TXK,AR,ASW,CE,Federal Contract Tower,0,11,18,5,34,0,9,36,3,48,0,20,54,8,82,20,2,22,104
01/06/2006,TXK,AR,ASW,CE,Federal Contract Tower,0,10,7,17,34,0,2,27,13,42,0,12,34,30,76,26,64,90,166
01/07/2006,TXK,AR,ASW,CE,Federal Contract Tower,0,11,7,0,18,0,4,43,1,48,0,15,50,1,66,60,0,60,126
01/08/2006,TXK,AR,ASW,CE,Federal Contract Tower,0,9,4,0,13,0,5,25,0,30,0,14,29,0,43,20,0,20,63
01/09/2006,TXK,AR,ASW,CE,Federal Contract Tower,0,10,25,6,41,0,2,25,2,29,0,12,50,8,70,16,30,46,116
01/10/2006,TXK,AR,ASW,CE,Federal Contract Tower,0,9,21,6,36,0,0,5,2,7,0,9,26,8,43,8,30,38,81
01/11/2006,TXK,AR,ASW,CE,Federal Contract Tower,0,9,29,15,53,0,3,37,3,43,0,12,66,18,96,16,24,40,136
01/12/2006,TXK,AR,ASW,CE,Federal Contract Tower,0,10,17,3,30,0,2,4,0,6,0,12,21,3,36,0,2,2,38
01/13/2006,TXK,AR,ASW,CE,Federal Contract Tower,0,14,20,5,39,0,3,16,2,21,0,17,36,7,60,12,12,24,84
01/14/2006,TXK,AR,ASW,CE,Federal Contract Tower,0,10,10,0,20,0,22,70,0,92,0,32,80,0,112,52,0,52,164
01/15/2006,TXK,AR,ASW,CE,Federal Contract Tower,0,12,9,0,21,0,0,29,0,29,0,12,38,0,50,18,0,18,68
01/16/2006,TXK,AR,ASW,CE,Federal Contract Tower,0,10,29,0,39,0,2,3,0,5,0,12,32,0,44,8,0,8,52
01/17/2006,TXK,AR,ASW,CE,Federal Contract Tower,0,10,20,8,38,0,7,9,2,18,0,17,29,10,56,8,10,18,74
01/18/2006,TXK,AR,ASW,CE,Federal Contract Tower,0,10,20,4,34,0,4,33,0,37,0,14,53,4,71,6,6,12,83
01/19/2006,TXK,AR,ASW,CE,Federal Contract Tower,0,11,31,2,44,0,7,8,2,17,0,18,39,4,61,14,14,28,89
01/20/2006,TXK,AR,ASW,CE,Federal Contract Tower,0,10,9,6,25,0,0,4,0,4,0,10,13,6,29,20,2,22,51
01/21/2006,TXK,AR,ASW,CE,Federal Contract Tower,0,10,9,0,19,0,2,39,0,41,0,12,48,0,60,54,0,54,114
01/22/2006,TXK,AR,ASW,CE,Federal Contract Tower,0,7,5,0,12,0,0,0,0,0,0,7,5,0,12,0,0,0,12
01/23/2006,TXK,AR,ASW,CE,Federal Contract Tower,0,13,23,5,41,0,0,18,3,21,0,13,41,8,62,6,28,34,96
01/24/2006,TXK,AR,ASW,CE,Federal Contract Tower,0,9,26,6,41,0,2,18,2,22,0,11,44,8,63,6,30,36,99
01/25/2006,TXK,AR,ASW,CE,Federal Contract Tower,0,12,23,7,42,0,6,36,0,42,0,18,59,7,84,10,6,16,100
01/26/2006,TXK,AR,ASW,CE,Federal Contract Tower,0,10,30,4,44,0,0,23,0,23,0,10,53,4,67,12,6,18,85
01/27/2006,TXK,AR,ASW,CE,Federal Contract Tower,0,9,11,7,27,0,2,27,3,32,0,11,38,10,59,48,14,62,121
01/28/2006,TXK,AR,ASW,CE,Federal Contract Tower,0,9,9,0,18,0,1,2,0,3,0,10,11,0,21,8,0,8,29
01/29/2006,TXK,AR,ASW,CE,Federal Contract Tower,0,9,14,0,23,0,0,28,0,28,0,9,42,0,51,30,0,30,81
01/30/2006,TXK,AR,ASW,CE,Federal Contract Tower,0,10,16,13,39,0,4,21,2,27,0,14,37,15,66,14,34,48,114
01/31/2006,TXK,AR,ASW,CE,Federal Contract Tower,0,11,20,15,46,0,0,33,0,33,0,11,53,15,79,14,38,52,131
02/01/2006,TXK,AR,ASW,CE,Federal Contract Tower,0,11,19,2,32,0,1,10,3,14,0,12,29,5,46,0,28,28,74
02/02/2006,TXK,AR,ASW,CE,Federal Contract Tower,0,12,32,3,47,0,0,11,2,13,0,12,43,5,60,0,22,22,82
02/03/2006,TXK,AR,ASW,CE,Federal Contract Tower,0,13,19,7,39,0,3,11,6,20,0,16,30,13,59,4,4,8,67
02/04/2006,TXK,AR,ASW,CE,Federal Contract Tower,0,9,16,8,33,0,0,20,1,21,0,9,36,9,54,16,14,30,84
02/05/2006,TXK,AR,ASW,CE,Federal Contract Tower,0,10,6,0,16,0,8,14,0,22,0,18,20,0,38,6,0,6,44
02/06/2006,TXK,AR,ASW,CE,Federal Contract Tower,0,12,11,9,32,0,0,17,3,20,0,12,28,12,52,0,42,42,94
02/07/2006,TXK,AR,ASW,CE,Federal Contract Tower,0,11,18,6,35,0,2,31,0,33,0,13,49,6,68,36,2,38,106
02/08/2006,TXK,AR,ASW,CE,Federal Contract Tower,0,14,20,3,37,0,3,29,1,33,0,17,49,4,70,30,6,36,106
02/09/2006,TXK,AR,ASW,CE,Federal Contract Tower,0,10,13,0,23,0,2,25,0,27,0,12,38,0,50,10,0,10,60
02/10/2006,TXK,AR,ASW,CE,Federal Contract Tower,0,11,11,2,24,0,0,1,0,1,0,11,12,2,25,0,0,0,25
02/11/2006,TXK,AR,ASW,CE,Federal Contract Tower,0,8,17,0,25,0,2,14,2,18,0,10,31,2,43,2,0,2,45
02/12/2006,TXK,AR,ASW,CE,Federal Contract Tower,0,11,13,0,24,0,4,19,1,24,0,15,32,1,48,34,0,34,82
02/13/2006,TXK,AR,ASW,CE,Federal Contract Tower,0,11,13,2,26,0,0,34,1,35,0,11,47,3,61,0,4,4,65
02/14/2006,TXK,AR,ASW,CE,Federal Contract Tower,0,11,17,0,28,0,0,17,0,17,0,11,34,0,45,14,0,14,59
02/15/2006,TXK,AR,ASW,CE,Federal Contract Tower,0,12,16,4,32,0,0,13,0,13,0,12,29,4,45,14,4,18,63
02/16/2006,TXK,AR,ASW,CE,Federal Contract Tower,0,13,14,0,27,0,0,6,0,6,0,13,20,0,33,0,0,0,33
02/17/2006,TXK,AR,ASW,CE,Federal Contract Tower,0,13,0,0,13,0,0,22,0,22,0,13,22,0,35,2,0,2,37
02/18/2006,TXK,AR,ASW,CE,Federal Contract Tower,0,5,8,0,13,0,1,0,0,1,0,6,8,0,14,0,0,0,14
02/19/2006,TXK,AR,ASW,CE,Federal Contract Tower,0,9,7,0,16,0,7,2,0,9,0,16,9,0,25,0,0,0,25
02/20/2006,TXK,AR,ASW,CE,Federal Contract Tower,0,9,9,0,18,0,0,4,0,4,0,9,13,0,22,6,0,6,28
02/21/2006,TXK,AR,ASW,CE,Federal Contract Tower,0,13,21,19,53,0,0,3,2,5,0,13,24,21,58,2,26,28,86
02/22/2006,TXK,AR,ASW,CE,Federal Contract Tower,0,8,23,0,31,0,2,0,0,2,0,10,23,0,33,2,0,2,35
02/23/2006,TXK,AR,ASW,CE,Federal Contract Tower,0,14,12,5,31,0,4,22,0,26,0,18,34,5,57,40,6,46,103
02/24/2006,TXK,AR,ASW,CE,Federal Contract Tower,0,9,18,6,33,0,2,14,4,20,0,11,32,10,53,10,20,30,83
02/25/2006,TXK,AR,ASW,CE,Federal Contract Tower,0,8,6,0,14,0,0,6,0,6,0,8,12,0,20,28,0,28,48
02/26/2006,TXK,AR,ASW,CE,Federal Contract Tower,0,9,7,0,16,0,12,47,0,59,0,21,54,0,75,32,0,32,107
02/27/2006,TXK,AR,ASW,CE,Federal Contract Tower,0,12,23,6,41,0,3,41,4,48,0,15,64,10,89,26,10,36,125
02/28/2006,TXK,AR,ASW,CE,Federal Contract Tower,0,11,21,8,40,0,5,13,0,18,0,16,34,8,58,28,0,28,86
03/01/2006,TXK,AR,ASW,CE,Federal Contract Tower,0,11,31,4,46,0,8,27,7,42,0,19,58,11,88,20,4,24,112
03/02/2006,TXK,AR,ASW,CE,Federal Contract Tower,0,9,23,5,37,0,0,19,5,24,0,9,42,10,61,14,12,26,87
03/03/2006,TXK,AR,ASW,CE,Federal Contract Tower,0,9,18,4,31,0,6,28,0,34,0,15,46,4,65,42,0,42,107
03/04/2006,TXK,AR,ASW,CE,Federal Contract Tower,0,8,14,0,22,0,7,55,0,62,0,15,69,0,84,50,0,50,134
03/05/2006,TXK,AR,ASW,CE,Federal Contract Tower,0,11,12,0,23,0,1,16,4,21,0,12,28,4,44,6,0,6,50
03/06/2006,TXK,AR,ASW,CE,Federal Contract Tower,0,9,13,10,32,0,0,38,2,40,0,9,51,12,72,28,4,32,104
03/07/2006,TXK,AR,ASW,CE,Federal Contract Tower,0,9,16,5,30,0,3,14,3,20,0,12,30,8,50,2,14,16,66
03/08/2006,TXK,AR,ASW,CE,Federal Contract Tower,0,9,23,4,36,0,6,3,2,11,0,15,26,6,47,0,0,0,47
03/09/2006,TXK,AR,ASW,CE,Federal Contract Tower,0,13,12,0,25,0,2,7,0,9,0,15,19,0,34,0,0,0,34
03/10/2006,TXK,AR,ASW,CE,Federal Contract Tower,0,11,18,8,37,0,5,35,3,43,0,16,53,11,80,28,2,30,110
03/11/2006,TXK,AR,ASW,CE,Federal Contract Tower,0,10,11,4,25,0,0,289,11,300,0,10,300,15,325,48,4,52,377
03/12/2006,TXK,AR,ASW,CE,Federal Contract Tower,0,9,11,1,21,0,2,3,7,12,0,11,14,8,33,0,0,0,33
03/13/2006,TXK,AR,ASW,CE,Federal Contract Tower,0,9,8,2,19,0,1,26,0,27,0,10,34,2,46,8,2,10,56
03/14/2006,TXK,AR,ASW,CE,Federal Contract Tower,0,11,26,2,39,0,3,48,0,51,0,14,74,2,90,40,0,40,130
03/15/2006,TXK,AR,ASW,CE,Federal Contract Tower,0,10,14,5,29,0,1,40,5,46,0,11,54,10,75,28,2,30,105
03/16/2006,TXK,AR,ASW,CE,Federal Contract Tower,0,11,16,15,42,0,0,12,0,12,0,11,28,15,54,0,28,28,82
03/17/2006,TXK,AR,ASW,CE,Federal Contract Tower,0,11,18,6,35,0,6,36,1,43,0,17,54,7,78,22,2,24,102
03/18/2006,TXK,AR,ASW,CE,Federal Contract Tower,0,6,8,0,14,0,0,0,0,0,0,6,8,0,14,4,0,4,18
03/19/2006,TXK,AR,ASW,CE,Federal Contract Tower,0,6,1,0,7,0,0,2,0,2,0,6,3,0,9,0,0,0,9
03/20/2006,TXK,AR,ASW,CE,Federal Contract Tower,0,5,4,0,9,0,0,0,0,0,0,5,4,0,9,0,0,0,9
03/21/2006,TXK,AR,ASW,CE,Federal Contract Tower,0,8,27,10,45,0,2,18,1,21,0,10,45,11,66,16,32,48,114
03/22/2006,TXK,AR,ASW,CE,Federal Contract Tower,0,11,18,4,33,0,7,14,2,23,0,18,32,6,56,14,2,16,72
03/23/2006,TXK,AR,ASW,CE,Federal Contract Tower,0,13,16,6,35,0,0,6,0,6,0,13,22,6,41,20,0,20,61
03/24/2006,TXK,AR,ASW,CE,Federal Contract Tower,0,9,18,20,47,0,8,46,2,56,0,17,64,22,103,38,12,50,153
03/25/2006,TXK,AR,ASW,CE,Federal Contract Tower,0,10,15,4,29,0,2,48,0,50,0,12,63,4,79,26,8,34,113
03/26/2006,TXK,AR,ASW,CE,Federal Contract Tower,0,9,6,4,19,0,0,26,0,26,0,9,32,4,45,24,0,24,69
03/27/2006,TXK,AR,ASW,CE,Federal Contract Tower,0,9,20,8,37,0,0,4,3,7,0,9,24,11,44,4,8,12,56
03/28/2006,TXK,AR,ASW,CE,Federal Contract Tower,0,11,25,10,46,0,2,21,2,25,0,13,46,12,71,0,4,4,75
03/29/2006,TXK,AR,ASW,CE,Federal Contract Tower,0,9,24,2,35,0,9,13,3,25,0,18,37,5,60,40,34,74,134
03/30/2006,TXK,AR,ASW,CE,Federal Contract Tower,0,9,23,4,36,0,4,5,0,9,0,13,28,4,45,6,10,16,61
03/31/2006,TXK,AR,ASW,CE,Federal Contract Tower,0,10,24,0,34,0,3,11,0,14,0,13,35,0,48,10,0,10,58
04/01/2006,TXK,AR,ASW,CE,Federal Contract Tower,0,9,18,2,29,0,1,9,0,10,0,10,27,2,39,14,0,14,53
04/02/2006,TXK,AR,ASW,CE,Federal Contract Tower,0,9,16,0,25,0,3,9,0,12,0,12,25,0,37,2,0,2,39
04/03/2006,TXK,AR,ASW,CE,Federal Contract Tower,0,10,21,8,39,0,2,41,4,47,0,12,62,12,86,32,16,48,134
04/04/2006,TXK,AR,ASW,CE,Federal Contract Tower,0,10,21,5,36,0,11,39,2,52,0,21,60,7,88,18,12,30,118
04/05/2006,TXK,AR,ASW,CE,Federal Contract Tower,0,9,23,2,34,0,7,27,1,35,0,16,50,3,69,94,10,104,173
04/06/2006,TXK,AR,ASW,CE,Federal Contract Tower,0,9,23,1,33,0,5,5,3,13,0,14,28,4,46,0,0,0,46
04/07/2006,TXK,AR,ASW,CE,Federal Contract Tower,0,10,11,7,28,0,6,10,2,18,0,16,21,9,46,0,0,0,46
04/08/2006,TXK,AR,ASW,CE,Federal Contract Tower,0,9,13,28,50,0,3,27,0,30,0,12,40,28,80,24,0,24,104
04/09/2006,TXK,AR,ASW,CE,Federal Contract Tower,0,9,20,6,35,0,5,34,2,41,0,14,54,8,76,22,0,22,98
04/10/2006,TXK,AR,ASW,CE,Federal Contract Tower,0,9,17,8,34,0,7,45,3,55,0,16,62,11,89,12,20,32,121
04/11/2006,TXK,AR,ASW,CE,Federal Contract Tower,0,9,10,2,21,0,1,18,0,19,0,10,28,2,40,38,2,40,80
04/12/2006,TXK,AR,ASW,CE,Federal Contract Tower,0,13,29,4,46,0,3,21,0,24,0,16,50,4,70,2,2,4,74
04/13/2006,TXK,AR,ASW,CE,Federal Contract Tower,0,12,18,4,34,0,6,53,4,63,0,18,71,8,97,46,8,54,151
04/14/2006,TXK,AR,ASW,CE,Federal Contract Tower,0,10,7,5,22,0,2,29,13,44,0,12,36,18,66,22,16,38,104
04/15/2006,TXK,AR,ASW,CE,Federal Contract Tower,0,8,10,0,18,0,3,14,2,19,0,11,24,2,37,6,0,6,43
04/16/2006,TXK,AR,ASW,CE,Federal Contract Tower,0,10,10,0,20,0,3,18,0,21,0,13,28,0,41,4,0,4,45
04/17/2006,TXK,AR,ASW,CE,Federal Contract Tower,0,13,14,8,35,0,7,28,1,36,0,20,42,9,71,30,22,52,123
04/18/2006,TXK,AR,ASW,CE,Federal Contract Tower,0,10,22,8,40,0,6,22,6,34,0,16,44,14,74,14,56,70,144
04/19/2006,TXK,AR,ASW,CE,Federal Contract Tower,0,12,21,4,37,0,3,39,0,42,0,15,60,4,79,70,2,72,151
04/20/2006,TXK,AR,ASW,CE,Federal Contract Tower,0,9,13,6,28,0,4,12,0,16,0,13,25,6,44,20,2,22,66
04/21/2006,TXK,AR,ASW,CE,Federal Contract Tower,0,9,16,5,30,0,0,8,3,11,0,9,24,8,41,22,8,30,71
04/22/2006,TXK,AR,ASW,CE,Federal Contract Tower,0,8,4,0,12,0,7,42,0,49,0,15,46,0,61,44,0,44,105
04/23/2006,TXK,AR,ASW,CE,Federal Contract Tower,0,12,19,4,35,0,2,44,0,46,0,14,63,4,81,4,2,6,87
04/24/2006,TXK,AR,ASW,CE,Federal Contract Tower,0,13,17,2,32,0,5,24,0,29,0,18,41,2,61,14,2,16,77
04/25/2006,TXK,AR,ASW,CE,Federal Contract Tower,0,11,25,0,36,0,1,5,0,6,0,12,30,0,42,2,0,2,44
04/26/2006,TXK,AR,ASW,CE,Federal Contract Tower,0,11,23,6,40,0,5,21,0,26,0,16,44,6,66,8,6,14,80
04/27/2006,TXK,AR,ASW,CE,Federal Contract Tower,0,9,26,5,40,0,0,41,6,47,0,9,67,11,87,30,34,64,151
04/28/2006,TXK,AR,ASW,CE,Federal Contract Tower,0,11,18,1,30,0,9,18,5,32,0,20,36,6,62,0,4,4,66
04/29/2006,TXK,AR,ASW,CE,Federal Contract Tower,0,8,4,0,12,0,0,2,0,2,0,8,6,0,14,2,0,2,16
04/30/2006,TXK,AR,ASW,CE,Federal Contract Tower,0,11,6,0,17,0,6,40,6,52,0,17,46,6,69,22,8,30,99
05/01/2006,TXK,AR,ASW,CE,Federal Contract Tower,0,9,24,6,39,0,5,24,4,33,0,14,48,10,72,16,12,28,100
05/02/2006,TXK,AR,ASW,CE,Federal Contract Tower,0,8,29,18,55,0,0,4,4,8,0,8,33,22,63,4,20,24,87
05/03/2006,TXK,AR,ASW,CE,Federal Contract Tower,0,9,18,0,27,0,1,15,3,19,0,10,33,3,46,30,6,36,82
05/04/2006,TXK,AR,ASW,CE,Federal Contract Tower,0,9,24,0,33,0,0,3,3,6,0,9,27,3,39,0,0,0,39
05/05/2006,TXK,AR,ASW,CE,Federal Contract Tower,0,8,25,4,37,0,3,9,0,12,0,11,34,4,49,0,0,0,49
05/06/2006,TXK,AR,ASW,CE,Federal Contract Tower,0,8,4,0,12,0,0,7,0,7,0,8,11,0,19,0,0,0,19
05/07/2006,TXK,AR,ASW,CE,Federal Contract Tower,0,11,16,0,27,0,5,17,0,22,0,16,33,0,49,0,0,0,49
05/08/2006,TXK,AR,ASW,CE,Federal Contract Tower,0,13,17,3,33,0,0,15,2,17,0,13,32,5,50,2,4,6,56
05/09/2006,TXK,AR,ASW,CE,Federal Contract Tower,0,11,17,5,33,0,8,9,0,17,0,19,26,5,50,0,0,0,50
05/10/2006,TXK,AR,ASW,CE,Federal Contract Tower,0,11,31,0,42,0,0,11,0,11,0,11,42,0,53,12,0,12,65
05/11/2006,TXK,AR,ASW,CE,Federal Contract Tower,0,9,19,11,39,0,3,30,2,35,0,12,49,13,74,4,12,16,90
05/12/2006,TXK,AR,ASW,CE,Federal Contract Tower,0,10,15,3,28,0,5,40,2,47,0,15,55,5,75,20,16,36,111
05/13/2006,TXK,AR,ASW,CE,Federal Contract Tower,0,8,10,2,20,0,4,24,0,28,0,12,34,2,48,12,8,20,68
05/14/2006,TXK,AR,ASW,CE,Federal Contract Tower,0,14,14,4,32,0,6,37,1,44,0,20,51,5,76,24,6,30,106
05/15/2006,TXK,AR,ASW,CE,Federal Contract Tower,0,10,14,4,28,0,8,31,1,40,0,18,45,5,68,54,12,66,134
05/16/2006,TXK,AR,ASW,CE,Federal Contract Tower,0,9,21,8,38,0,6,14,2,22,0,15,35,10,60,0,4,4,64
05/17/2006,TXK,AR,ASW,CE,Federal Contract Tower,0,9,10,8,27,0,4,32,3,39,0,13,42,11,66,60,40,100,166
05/18/2006,TXK,AR,ASW,CE,Federal Contract Tower,0,13,16,13,42,0,4,39,4,47,0,17,55,17,89,6,30,36,125
05/19/2006,TXK,AR,ASW,CE,Federal Contract Tower,0,9,25,11,45,0,4,31,5,40,0,13,56,16,85,22,50,72,157
05/20/2006,TXK,AR,ASW,CE,Federal Contract Tower,0,8,5,0,13,0,8,25,0,33,0,16,30,0,46,0,0,0,46
05/21/2006,TXK,AR,ASW,CE,Federal Contract Tower,0,9,11,0,20,0,3,29,0,32,0,12,40,0,52,52,0,52,104
05/22/2006,TXK,AR,ASW,CE,Federal Contract Tower,0,9,21,8,38,0,3,39,0,42,0,12,60,8,80,118,8,126,206
05/23/2006,TXK,AR,ASW,CE,Federal Contract Tower,0,11,24,3,38,0,8,34,3,45,0,19,58,6,83,78,24,102,185
05/24/2006,TXK,AR,ASW,CE,Federal Contract Tower,0,14,21,12,47,0,5,36,11,52,0,19,57,23,99,34,50,84,183
05/25/2006,TXK,AR,ASW,CE,Federal Contract Tower,0,9,19,8,36,0,0,27,0,27,0,9,46,8,63,12,6,18,81
05/26/2006,TXK,AR,ASW,CE,Federal Contract Tower,0,11,20,0,31,0,5,41,2,48,0,16,61,2,79,50,0,50,129
05/27/2006,TXK,AR,ASW,CE,Federal Contract Tower,0,9,5,0,14,0,5,20,0,25,0,14,25,0,39,86,0,86,125
05/28/2006,TXK,AR,ASW,CE,Federal Contract Tower,0,8,2,0,10,0,0,23,2,25,0,8,25,2,35,74,0,74,109
05/29/2006,TXK,AR,ASW,CE,Federal Contract Tower,0,9,10,0,19,0,4,14,0,18,0,13,24,0,37,46,0,46,83
05/30/2006,TXK,AR,ASW,CE,Federal Contract Tower,0,15,17,0,32,0,3,6,0,9,0,18,23,0,41,18,0,18,59
05/31/2006,TXK,AR,ASW,CE,Federal Contract Tower,0,9,26,4,39,0,0,20,0,20,0,9,46,4,59,36,8,44,103
06/01/2006,TXK,AR,ASW,CE,Federal Contract Tower,0,9,25,12,46,0,1,15,9,25,0,10,40,21,71,2,40,42,113
06/02/2006,TXK,AR,ASW,CE,Federal Contract Tower,0,10,19,10,39,0,6,35,10,51,0,16,54,20,90,18,12,30,120
06/03/2006,TXK,AR,ASW,CE,Federal Contract Tower,0,8,3,0,11,0,4,35,2,41,0,12,38,2,52,8,0,8,60
06/04/2006,TXK,AR,ASW,CE,Federal Contract Tower,0,9,11,0,20,0,0,23,6,29,0,9,34,6,49,18,0,18,67
06/05/2006,TXK,AR,ASW,CE,Federal Contract Tower,0,9,14,9,32,0,4,24,12,40,0,13,38,21,72,114,20,134,206
06/06/2006,TXK,AR,ASW,CE,Federal Contract Tower,0,9,17,2,28,0,6,11,18,35,0,15,28,20,63,22,30,52,115
06/07/2006,TXK,AR,ASW,CE,Federal Contract Tower,0,9,13,17,39,0,1,33,9,43,0,10,46,26,82,30,12,42,124
06/08/2006,TXK,AR,ASW,CE,Federal Contract Tower,0,7,14,10,31,0,5,42,2,49,0,12,56,12,80,88,12,100,180
06/09/2006,TXK,AR,ASW,CE,Federal Contract Tower,0,9,18,6,33,0,3,35,2,40,0,12,53,8,73,20,4,24,97
06/10/2006,TXK,AR,ASW,CE,Federal Contract Tower,0,8,6,1,15,0,2,34,0,36,0,10,40,1,51,40,4,44,95
06/11/2006,TXK,AR,ASW,CE,Federal Contract Tower,0,11,7,2,20,0,1,23,2,26,0,12,30,4,46,14,0,14,60
06/12/2006,TXK,AR,ASW,CE,Federal Contract Tower,0,9,18,8,35,0,5,13,0,18,0,14,31,8,53,0,10,10,63
06/13/2006,TXK,AR,ASW,CE,Federal Contract Tower,0,11,19,28,58,0,2,29,3,34,0,13,48,31,92,18,38,56,148
06/14/2006,TXK,AR,ASW,CE,Federal Contract Tower,0,9,18,19,46,0,6,39,2,47,0,15,57,21,93,100,10,110,203
06/15/2006,TXK,AR,ASW,CE,Federal Contract Tower,0,11,18,12,41,0,2,40,5,47,0,13,58,17,88,66,16,82,170
06/16/2006,TXK,AR,ASW,CE,Federal Contract Tower,0,10,20,8,38,0,2,15,0,17,0,12,35,8,55,6,8,14,69
06/17/2006,TXK,AR,ASW,CE,Federal Contract Tower,0,6,8,0,14,0,0,6,0,6,0,6,14,0,20,6,0,6,26
06/18/2006,TXK,AR,ASW,CE,Federal Contract Tower,0,7,13,10,30,0,3,5,2,10,0,10,18,12,40,0,0,0,40
06/19/2006,TXK,AR,ASW,CE,Federal Contract Tower,0,9,13,21,43,0,3,28,1,32,0,12,41,22,75,16,58,74,149
06/20/2006,TXK,AR,ASW,CE,Federal Contract Tower,0,9,24,23,56,0,1,27,1,29,0,10,51,24,85,40,44,84,169
06/21/2006,TXK,AR,ASW,CE,Federal Contract Tower,0,12,24,3,39,0,0,27,0,27,0,12,51,3,66,2,16,18,84
06/22/2006,TXK,AR,ASW,CE,Federal Contract Tower,0,9,17,12,38,0,3,18,0,21,0,12,35,12,59,12,6,18,77
06/23/2006,TXK,AR,ASW,CE,Federal Contract Tower,0,10,19,7,36,0,2,26,4,32,0,12,45,11,68,22,12,34,102
06/24/2006,TXK,AR,ASW,CE,Federal Contract Tower,0,8,5,0,13,0,3,27,0,30,0,11,32,0,43,26,0,26,69
06/25/2006,TXK,AR,ASW,CE,Federal Contract Tower,0,10,14,0,24,0,1,33,0,34,0,11,47,0,58,10,0,10,68
06/26/2006,TXK,AR,ASW,CE,Federal Contract Tower,0,9,15,14,38,0,2,32,5,39,0,11,47,19,77,38,22,60,137
06/27/2006,TXK,AR,ASW,CE,Federal Contract Tower,0,11,12,12,35,0,4,32,0,36,0,15,44,12,71,16,18,34,105
06/28/2006,TXK,AR,ASW,CE,Federal Contract Tower,0,10,20,22,52,0,3,45,3,51,0,13,65,25,103,24,42,66,169
06/29/2006,TXK,AR,ASW,CE,Federal Contract Tower,0,9,18,2,29,0,0,24,0,24,0,9,42,2,53,26,0,26,79
06/30/2006,TXK,AR,ASW,CE,Federal Contract Tower,0,9,16,5,30,0,2,35,8,45,0,11,51,13,75,54,8,62,137
07/01/2006,TXK,AR,ASW,CE,Federal Contract Tower,0,8,4,0,12,0,5,26,0,31,0,13,30,0,43,28,0,28,71
07/02/2006,TXK,AR,ASW,CE,Federal Contract Tower,0,7,4,2,13,0,5,15,0,20,0,12,19,2,33,10,0,10,43
07/03/2006,TXK,AR,ASW,CE,Federal Contract Tower,0,7,11,0,18,0,4,15,1,20,0,11,26,1,38,6,0,6,44
07/04/2006,TXK,AR,ASW,CE,Federal Contract Tower,0,9,3,0,12,0,3,7,0,10,0,12,10,0,22,2,0,2,24
07/05/2006,TXK,AR,ASW,CE,Federal Contract Tower,0,7,17,5,29,0,2,13,0,15,0,9,30,5,44,14,0,14,58
07/06/2006,TXK,AR,ASW,CE,Federal Contract Tower,0,9,17,10,36,0,1,15,3,19,0,10,32,13,55,0,14,14,69
07/07/2006,TXK,AR,ASW,CE,Federal Contract Tower,0,9,26,6,41,0,11,39,2,52,0,20,65,8,93,22,26,48,141
07/08/2006,TXK,AR,ASW,CE,Federal Contract Tower,0,8,9,9,26,0,0,25,2,27,0,8,34,11,53,16,24,40,93
07/09/2006,TXK,AR,ASW,CE,Federal Contract Tower,0,9,5,3,17,0,4,23,0,27,0,13,28,3,44,8,4,12,56
07/10/2006,TXK,AR,ASW,CE,Federal Contract Tower,0,9,21,13,43,0,4,14,2,20,0,13,35,15,63,12,20,32,95
07/11/2006,TXK,AR,ASW,CE,Federal Contract Tower,0,10,20,10,40,0,4,20,6,30,0,14,40,16,70,24,12,36,106
07/12/2006,TXK,AR,ASW,CE,Federal Contract Tower,0,9,13,15,37,0,5,19,4,28,0,14,32,19,65,8,54,62,127
07/13/2006,TXK,AR,ASW,CE,Federal Contract Tower,0,9,18,17,44,0,0,18,8,26,0,9,36,25,70,10,74,84,154
07/14/2006,TXK,AR,ASW,CE,Federal Contract Tower,0,9,13,0,22,0,8,25,2,35,0,17,38,2,57,34,0,34,91
07/15/2006,TXK,AR,ASW,CE,Federal Contract Tower,0,13,6,3,22,0,0,18,1,19,0,13,24,4,41,0,2,2,43
07/16/2006,TXK,AR,ASW,CE,Federal Contract Tower,0,11,6,0,17,0,2,30,2,34,0,13,36,2,51,20,0,20,71
07/17/2006,TXK,AR,ASW,CE,Federal Contract Tower,0,11,19,10,40,0,0,17,3,20,0,11,36,13,60,32,20,52,112
07/18/2006,TXK,AR,ASW,CE,Federal Contract Tower,0,11,11,14,36,0,0,15,0,15,0,11,26,14,51,2,18,20,71
07/19/2006,TXK,AR,ASW,CE,Federal Contract Tower,0,9,11,5,25,0,0,25,2,27,0,9,36,7,52,2,2,4,56
07/20/2006,TXK,AR,ASW,CE,Federal Contract Tower,0,9,12,8,29,0,5,12,3,20,0,14,24,11,49,0,22,22,71
07/21/2006,TXK,AR,ASW,CE,Federal Contract Tower,0,12,20,12,44,0,5,17,3,25,0,17,37,15,69,2,24,26,95
07/22/2006,TXK,AR,ASW,CE,Federal Contract Tower,0,11,9,1,21,0,8,12,0,20,0,19,21,1,41,36,0,36,77
07/23/2006,TXK,AR,ASW,CE,Federal Contract Tower,0,9,6,0,15,0,5,16,0,21,0,14,22,0,36,0,0,0,36
07/24/2006,TXK,AR,ASW,CE,Federal Contract Tower,0,11,16,4,31,0,0,18,3,21,0,11,34,7,52,20,6,26,78
07/25/2006,TXK,AR,ASW,CE,Federal Contract Tower,0,9,18,5,32,0,3,24,4,31,0,12,42,9,63,48,26,74,137
07/26/2006,TXK,AR,ASW,CE,Federal Contract Tower,0,9,23,12,44,0,4,23,1,28,0,13,46,13,72,28,16,44,116
07/27/2006,TXK,AR,ASW,CE,Federal Contract Tower,0,11,22,0,33,0,0,0,0,0,0,11,22,0,33,0,0,0,33
07/28/2006,TXK,AR,ASW,CE,Federal Contract Tower,0,7,16,4,27,0,4,13,2,19,0,11,29,6,46,14,4,18,64
07/29/2006,TXK,AR,ASW,CE,Federal Contract Tower,0,8,6,8,22,0,6,28,0,34,0,14,34,8,56,20,12,32,88
07/30/2006,TXK,AR,ASW,CE,Federal Contract Tower,0,9,4,0,13,0,1,16,0,17,0,10,20,0,30,4,0,4,34
07/31/2006,TXK,AR,ASW,CE,Federal Contract Tower,0,9,7,2,18,0,0,36,0,36,0,9,43,2,54,28,0,28,82
08/01/2006,TXK,AR,ASW,CE,Federal Contract Tower,0,9,13,6,28,0,7,21,0,28,0,16,34,6,56,8,0,8,64
08/02/2006,TXK,AR,ASW,CE,Federal Contract Tower,0,9,14,10,33,0,12,17,2,31,0,21,31,12,64,40,4,44,108
08/03/2006,TXK,AR,ASW,CE,Federal Contract Tower,0,11,4,0,15,0,0,38,4,42,0,11,42,4,57,12,4,16,73
08/04/2006,TXK,AR,ASW,CE,Federal Contract Tower,0,9,14,0,23,0,3,25,0,28,0,12,39,0,51,6,0,6,57
08/05/2006,TXK,AR,ASW,CE,Federal Contract Tower,0,10,9,9,28,0,0,26,2,28,0,10,35,11,56,10,42,52,108
08/06/2006,TXK,AR,ASW,CE,Federal Contract Tower,0,7,18,0,25,0,5,20,0,25,0,12,38,0,50,0,0,0,50
08/07/2006,TXK,AR,ASW,CE,Federal Contract Tower,0,12,19,16,47,0,5,13,1,19,0,17,32,17,66,14,38,52,118
08/08/2006,TXK,AR,ASW,CE,Federal Contract Tower,0,12,24,4,40,0,7,12,2,21,0,19,36,6,61,12,6,18,79
08/09/2006,TXK,AR,ASW,CE,Federal Contract Tower,0,9,31,12,52,0,2,23,0,25,0,11,54,12,77,6,6,12,89
08/10/2006,TXK,AR,ASW,CE,Federal Contract Tower,0,11,18,12,41,0,0,25,6,31,0,11,43,18,72,2,4,6,78
08/11/2006,TXK,AR,ASW,CE,Federal Contract Tower,0,7,17,5,29,0,5,34,2,41,0,12,51,7,70,30,0,30,100
08/12/2006,TXK,AR,ASW,CE,Federal Contract Tower,0,7,14,2,23,0,1,20,0,21,0,8,34,2,44,40,0,40,84
08/13/2006,TXK,AR,ASW,CE,Federal Contract Tower,0,10,8,1,19,0,5,27,0,32,0,15,35,1,51,18,2,20,71
08/14/2006,TXK,AR,ASW,CE,Federal Contract Tower,0,10,21,8,39,0,2,20,2,24,0,12,41,10,63,2,26,28,91
08/15/2006,TXK,AR,ASW,CE,Federal Contract Tower,0,9,18,0,27,0,4,22,0,26,0,13,40,0,53,34,0,34,87
08/16/2006,TXK,AR,ASW,CE,Federal Contract Tower,0,9,12,0,21,0,2,21,0,23,0,11,33,0,44,32,0,32,76
08/17/2006,TXK,AR,ASW,CE,Federal Contract Tower,0,10,25,5,40,0,2,18,4,24,0,12,43,9,64,24,18,42,106
08/18/2006,TXK,AR,ASW,CE,Federal Contract Tower,0,9,8,1,18,0,4,20,2,26,0,13,28,3,44,18,14,32,76
08/19/2006,TXK,AR,ASW,CE,Federal Contract Tower,0,8,3,13,24,0,2,26,3,31,0,10,29,16,55,12,46,58,113
08/20/2006,TXK,AR,ASW,CE,Federal Contract Tower,0,9,11,0,20,0,3,13,0,16,0,12,24,0,36,36,0,36,72
08/21/2006,TXK,AR,ASW,CE,Federal Contract Tower,0,11,16,6,33,0,4,2,0,6,0,15,18,6,39,0,12,12,51
08/22/2006,TXK,AR,ASW,CE,Federal Contract Tower,0,10,19,2,31,0,5,12,0,17,0,15,31,2,48,0,8,8,56
08/23/2006,TXK,AR,ASW,CE,Federal Contract Tower,0,11,21,4,36,0,0,18,0,18,0,11,39,4,54,62,8,70,124
08/24/2006,TXK,AR,ASW,CE,Federal Contract Tower,0,9,24,6,39,0,1,12,0,13,0,10,36,6,52,10,0,10,62
08/25/2006,TXK,AR,ASW,CE,Federal Contract Tower,0,8,14,4,26,0,0,25,4,29,0,8,39,8,55,6,18,24,79
08/26/2006,TXK,AR,ASW,CE,Federal Contract Tower,0,9,12,1,22,0,2,27,1,30,0,11,39,2,52,16,4,20,72
08/27/2006,TXK,AR,ASW,CE,Federal Contract Tower,0,9,7,5,21,0,4,13,1,18,0,13,20,6,39,0,0,0,39
08/28/2006,TXK,AR,ASW,CE,Federal Contract Tower,0,8,18,4,30,0,0,7,0,7,0,8,25,4,37,0,0,0,37
08/29/2006,TXK,AR,ASW,CE,Federal Contract Tower,0,9,25,12,46,0,3,23,2,28,0,12,48,14,74,48,16,64,138
08/30/2006,TXK,AR,ASW,CE,Federal Contract Tower,0,9,18,12,39,0,3,35,0,38,0,12,53,12,77,30,20,50,127
08/31/2006,TXK,AR,ASW,CE,Federal Contract Tower,0,9,14,6,29,0,2,37,2,41,0,11,51,8,70,40,4,44,114
09/01/2006,TXK,AR,ASW,CE,Federal Contract Tower,0,9,15,2,26,0,0,34,0,34,0,9,49,2,60,98,0,98,158
09/02/2006,TXK,AR,ASW,CE,Federal Contract Tower,0,8,8,0,16,0,1,38,0,39,0,9,46,0,55,18,0,18,73
09/03/2006,TXK,AR,ASW,CE,Federal Contract Tower,0,8,4,2,14,0,3,26,0,29,0,11,30,2,43,16,0,16,59
09/04/2006,TXK,AR,ASW,CE,Federal Contract Tower,0,9,9,0,18,0,0,28,0,28,0,9,37,0,46,26,0,26,72
09/05/2006,TXK,AR,ASW,CE,Federal Contract Tower,0,15,16,0,31,0,0,23,0,23,0,15,39,0,54,46,0,46,100
09/06/2006,TXK,AR,ASW,CE,Federal Contract Tower,0,11,15,6,32,0,2,31,1,34,0,13,46,7,66,32,6,38,104
09/07/2006,TXK,AR,ASW,CE,Federal Contract Tower,0,9,17,6,32,0,0,44,2,46,0,9,61,8,78,56,18,74,152
09/08/2006,TXK,AR,ASW,CE,Federal Contract Tower,0,11,18,4,33,0,4,25,4,33,0,15,43,8,66,38,14,52,118
09/09/2006,TXK,AR,ASW,CE,Federal Contract Tower,0,7,12,0,19,0,1,30,1,32,0,8,42,1,51,10,12,22,73
09/10/2006,TXK,AR,ASW,CE,Federal Contract Tower,0,9,19,0,28,0,0,20,0,20,0,9,39,0,48,4,0,4,52
09/11/2006,TXK,AR,ASW,CE,Federal Contract Tower,0,8,15,0,23,0,2,24,0,26,0,10,39,0,49,32,0,32,81
09/12/2006,TXK,AR,ASW,CE,Federal Contract Tower,0,7,28,23,58,0,9,10,0,19,0,16,38,23,77,28,32,60,137
09/13/2006,TXK,AR,ASW,CE,Federal Contract Tower,0,12,27,17,56,0,0,30,6,36,0,12,57,23,92,22,38,60,152
09/14/2006,TXK,AR,ASW,CE,Federal Contract Tower,0,9,16,7,32,0,0,31,0,31,0,9,47,7,63,36,16,52,115
09/15/2006,TXK,AR,ASW,CE,Federal Contract Tower,0,9,13,6,28,0,0,42,7,49,0,9,55,13,77,64,36,100,177
09/16/2006,TXK,AR,ASW,CE,Federal Contract Tower,0,10,12,0,22,0,1,24,2,27,0,11,36,2,49,10,0,10,59
09/17/2006,TXK,AR,ASW,CE,Federal Contract Tower,0,8,11,4,23,0,2,12,0,14,0,10,23,4,37,0,8,8,45
09/18/2006,TXK,AR,ASW,CE,Federal Contract Tower,0,9,26,4,39,0,0,8,0,8,0,9,34,4,47,0,4,4,51
09/19/2006,TXK,AR,ASW,CE,Federal Contract Tower,0,9,26,5,40,0,6,28,5,39,0,15,54,10,79,36,18,54,133
09/20/2006,TXK,AR,ASW,CE,Federal Contract Tower,0,9,19,7,35,0,3,27,1,31,0,12,46,8,66,22,16,38,104
09/21/2006,TXK,AR,ASW,CE,Federal Contract Tower,0,11,28,7,46,0,3,12,3,18,0,14,40,10,64,10,20,30,94
09/22/2006,TXK,AR,ASW,CE,Federal Contract Tower,0,9,15,0,24,0,3,16,0,19,0,12,31,0,43,10,0,10,53
09/23/2006,TXK,AR,ASW,CE,Federal Contract Tower,0,7,9,0,16,0,3,7,0,10,0,10,16,0,26,0,0,0,26
09/24/2006,TXK,AR,ASW,CE,Federal Contract Tower,0,11,14,2,27,0,9,46,0,55,0,20,60,2,82,16,0,16,98
09/25/2006,TXK,AR,ASW,CE,Federal Contract Tower,0,9,7,5,21,0,2,29,5,36,0,11,36,10,57,32,14,46,103
09/26/2006,TXK,AR,ASW,CE,Federal Contract Tower,0,11,25,14,50,0,3,49,0,52,0,14,74,14,102,80,38,118,220
09/27/2006,TXK,AR,ASW,CE,Federal Contract Tower,0,8,15,2,25,0,7,32,1,40,0,15,47,3,65,36,10,46,111
09/28/2006,TXK,AR,ASW,CE,Federal Contract Tower,0,10,10,0,20,0,3,17,0,20,0,13,27,0,40,6,0,6,46
09/29/2006,TXK,AR,ASW,CE,Federal Contract Tower,0,9,13,0,22,0,3,46,0,49,0,12,59,0,71,72,0,72,143
09/30/2006,TXK,AR,ASW,CE,Federal Contract Tower,0,8,8,0,16,0,3,26,0,29,0,11,34,0,45,2,0,2,47
10/01/2006,TXK,AR,ASW,CE,Federal Contract Tower,0,11,21,0,32,0,7,35,0,42,0,18,56,0,74,42,0,42,116
10/02/2006,TXK,AR,ASW,CE,Federal Contract Tower,0,7,13,2,22,0,6,15,1,22,0,13,28,3,44,50,0,50,94
10/03/2006,TXK,AR,ASW,CE,Federal Contract Tower,0,8,14,0,22,0,2,15,6,23,0,10,29,6,45,20,0,20,65
10/04/2006,TXK,AR,ASW,CE,Federal Contract Tower,0,9,17,9,35,0,3,38,8,49,0,12,55,17,84,60,32,92,176
10/05/2006,TXK,AR,ASW,CE,Federal Contract Tower,0,11,27,12,50,0,4,30,3,37,0,15,57,15,87,8,26,34,121
10/06/2006,TXK,AR,ASW,CE,Federal Contract Tower,0,10,13,15,38,0,6,31,5,42,0,16,44,20,80,68,16,84,164
10/07/2006,TXK,AR,ASW,CE,Federal Contract Tower,0,9,13,0,22,0,9,38,0,47,0,18,51,0,69,32,0,32,101
10/08/2006,TXK,AR,ASW,CE,Federal Contract Tower,0,12,7,0,19,0,10,25,0,35,0,22,32,0,54,0,0,0,54
10/09/2006,TXK,AR,ASW,CE,Federal Contract Tower,0,12,12,0,24,0,5,27,0,32,0,17,39,0,56,40,0,40,96
10/10/2006,TXK,AR,ASW,CE,Federal Contract Tower,0,11,10,4,25,0,2,6,3,11,0,13,16,7,36,0,10,10,46
10/11/2006,TXK,AR,ASW,CE,Federal Contract Tower,0,9,29,18,56,0,2,37,6,45,0,11,66,24,101,8,4,12,113
10/12/2006,TXK,AR,ASW,CE,Federal Contract Tower,0,8,19,4,31,0,2,24,0,26,0,10,43,4,57,36,0,36,93
10/13/2006,TXK,AR,ASW,CE,Federal Contract Tower,0,11,28,7,46,0,3,32,0,35,0,14,60,7,81,48,0,48,129
10/14/2006,TXK,AR,ASW,CE,Federal Contract Tower,0,8,13,2,23,0,4,42,1,47,0,12,55,3,70,96,4,100,170
10/15/2006,TXK,AR,ASW,CE,Federal Contract Tower,0,8,15,2,25,0,0,11,2,13,0,8,26,4,38,22,0,22,60
10/16/2006,TXK,AR,ASW,CE,Federal Contract Tower,0,7,24,4,35,0,0,4,0,4,0,7,28,4,39,4,0,4,43
10/17/2006,TXK,AR,ASW,CE,Federal Contract Tower,0,8,13,26,47,0,3,21,5,29,0,11,34,31,76,14,40,54,130
10/18/2006,TXK,AR,ASW,CE,Federal Contract Tower,0,9,21,11,41,0,1,24,2,27,0,10,45,13,68,50,8,58,126
10/19/2006,TXK,AR,ASW,CE,Federal Contract Tower,0,9,14,2,25,0,3,2,0,5,0,12,16,2,30,4,0,4,34
10/20/2006,TXK,AR,ASW,CE,Federal Contract Tower,0,10,10,4,24,0,1,44,10,55,0,11,54,14,79,68,38,106,185
10/21/2006,TXK,AR,ASW,CE,Federal Contract Tower,0,8,14,1,23,0,0,23,6,29,0,8,37,7,52,16,36,52,104
10/22/2006,TXK,AR,ASW,CE,Federal Contract Tower,0,9,14,1,24,0,4,23,1,28,0,13,37,2,52,36,0,36,88
10/23/2006,TXK,AR,ASW,CE,Federal Contract Tower,0,9,17,4,30,0,1,16,4,21,0,10,33,8,51,14,8,22,73
10/24/2006,TXK,AR,ASW,CE,Federal Contract Tower,0,14,19,6,39,0,1,41,3,45,0,15,60,9,84,94,8,102,186
10/25/2006,TXK,AR,ASW,CE,Federal Contract Tower,0,10,11,2,23,0,0,0,0,0,0,10,11,2,23,0,0,0,23
10/26/2006,TXK,AR,ASW,CE,Federal Contract Tower,0,13,20,0,33,0,0,3,0,3,0,13,23,0,36,0,0,0,36
10/27/2006,TXK,AR,ASW,CE,Federal Contract Tower,0,9,25,10,44,0,6,3,2,11,0,15,28,12,55,0,56,56,111
10/28/2006,TXK,AR,ASW,CE,Federal Contract Tower,0,8,13,0,21,0,1,29,0,30,0,9,42,0,51,8,0,8,59
10/29/2006,TXK,AR,ASW,CE,Federal Contract Tower,0,9,21,2,32,0,2,29,0,31,0,11,50,2,63,12,0,12,75
10/30/2006,TXK,AR,ASW,CE,Federal Contract Tower,0,9,22,11,42,0,4,13,2,19,0,13,35,13,61,32,18,50,111
10/31/2006,TXK,AR,ASW,CE,Federal Contract Tower,0,9,17,4,30,0,6,10,1,17,0,15,27,5,47,30,38,68,115
11/01/2006,TXK,AR,ASW,CE,Federal Contract Tower,0,11,17,0,28,0,0,0,0,0,0,11,17,0,28,0,0,0,28
11/02/2006,TXK,AR,ASW,CE,Federal Contract Tower,0,9,32,9,50,0,3,29,3,35,0,12,61,12,85,38,22,60,145
11/03/2006,TXK,AR,ASW,CE,Federal Contract Tower,0,9,20,3,32,0,5,40,4,49,0,14,60,7,81,20,12,32,113
11/04/2006,TXK,AR,ASW,CE,Federal Contract Tower,0,8,7,2,17,0,7,38,0,45,0,15,45,2,62,38,6,44,106
11/05/2006,TXK,AR,ASW,CE,Federal Contract Tower,0,9,20,6,35,0,6,20,2,28,0,15,40,8,63,2,12,14,77
11/06/2006,TXK,AR,ASW,CE,Federal Contract Tower,0,13,18,1,32,0,0,0,1,1,0,13,18,2,33,0,2,2,35
11/07/2006,TXK,AR,ASW,CE,Federal Contract Tower,0,9,16,23,48,0,5,14,8,27,0,14,30,31,75,28,66,94,169
11/08/2006,TXK,AR,ASW,CE,Federal Contract Tower,0,11,21,15,47,0,3,37,3,43,0,14,58,18,90,32,46,78,168
11/09/2006,TXK,AR,ASW,CE,Federal Contract Tower,0,10,11,4,25,0,2,13,0,15,0,12,24,4,40,30,4,34,74
11/10/2006,TXK,AR,ASW,CE,Federal Contract Tower,0,10,17,0,27,0,4,17,0,21,0,14,34,0,48,18,0,18,66
11/11/2006,TXK,AR,ASW,CE,Federal Contract Tower,0,11,6,0,17,0,9,43,0,52,0,20,49,0,69,16,0,16,85
11/12/2006,TXK,AR,ASW,CE,Federal Contract Tower,0,9,12,1,22,0,3,31,1,35,0,12,43,2,57,16,4,20,77
11/13/2006,TXK,AR,ASW,CE,Federal Contract Tower,0,13,19,8,40,0,0,11,10,21,0,13,30,18,61,0,10,10,71
11/14/2006,TXK,AR,ASW,CE,Federal Contract Tower,0,9,14,2,25,0,0,2,0,2,0,9,16,2,27,0,6,6,33
11/15/2006,TXK,AR,ASW,CE,Federal Contract Tower,0,9,11,0,20,0,0,3,0,3,0,9,14,0,23,2,0,2,25
11/16/2006,TXK,AR,ASW,CE,Federal Contract Tower,0,11,25,17,53,0,5,26,2,33,0,16,51,19,86,42,18,60,146
11/17/2006,TXK,AR,ASW,CE,Federal Contract Tower,0,13,15,7,35,0,6,31,4,41,0,19,46,11,76,24,2,26,102
11/18/2006,TXK,AR,ASW,CE,Federal Contract Tower,0,8,8,0,16,0,5,36,0,41,0,13,44,0,57,34,0,34,91
11/19/2006,TXK,AR,ASW,CE,Federal Contract Tower,0,9,9,0,18,0,3,22,0,25,0,12,31,0,43,26,0,26,69
11/20/2006,TXK,AR,ASW,CE,Federal Contract Tower,0,9,14,2,25,0,3,24,2,29,0,12,38,4,54,68,6,74,128
11/21/2006,TXK,AR,ASW,CE,Federal Contract Tower,0,9,20,11,40,0,5,30,1,36,0,14,50,12,76,14,30,44,120
11/22/2006,TXK,AR,ASW,CE,Federal Contract Tower,0,8,9,16,33,0,5,47,2,54,0,13,56,18,87,48,18,66,153
11/23/2006,TXK,AR,ASW,CE,Federal Contract Tower,0,6,3,0,9,0,3,28,0,31,0,9,31,0,40,30,0,30,70
11/24/2006,TXK,AR,ASW,CE,Federal Contract Tower,0,8,5,0,13,0,2,21,0,23,0,10,26,0,36,40,0,40,76
11/25/2006,TXK,AR,ASW,CE,Federal Contract Tower,0,12,16,0,28,0,5,29,0,34,0,17,45,0,62,30,0,30,92
11/26/2006,TXK,AR,ASW,CE,Federal Contract Tower,0,9,10,0,19,0,8,23,0,31,0,17,33,0,50,10,0,10,60
11/27/2006,TXK,AR,ASW,CE,Federal Contract Tower,0,10,12,15,37,0,1,14,2,17,0,11,26,17,54,24,16,40,94
11/28/2006,TXK,AR,ASW,CE,Federal Contract Tower,0,10,23,10,43,0,0,11,0,11,0,10,34,10,54,50,8,58,112
11/29/2006,TXK,AR,ASW,CE,Federal Contract Tower,0,11,24,18,53,0,3,18,1,22,0,14,42,19,75,50,6,56,131
11/30/2006,TXK,AR,ASW,CE,Federal Contract Tower,0,6,9,0,15,0,0,0,0,0,0,6,9,0,15,0,0,0,15
12/01/2006,TXK,AR,ASW,CE,Federal Contract Tower,0,7,12,9,28,0,9,16,0,25,0,16,28,9,53,48,18,66,119
12/02/2006,TXK,AR,ASW,CE,Federal Contract Tower,0,7,12,6,25,0,7,34,0,41,0,14,46,6,66,60,4,64,130
12/03/2006,TXK,AR,ASW,CE,Federal Contract Tower,0,11,10,7,28,0,2,28,2,32,0,13,38,9,60,16,24,40,100
12/04/2006,TXK,AR,ASW,CE,Federal Contract Tower,0,9,13,9,31,0,0,12,0,12,0,9,25,9,43,24,40,64,107
12/05/2006,TXK,AR,ASW,CE,Federal Contract Tower,0,11,23,20,54,0,5,18,12,35,0,16,41,32,89,8,48,56,145
12/06/2006,TXK,AR,ASW,CE,Federal Contract Tower,0,9,16,15,40,0,3,18,5,26,0,12,34,20,66,20,44,64,130
12/07/2006,TXK,AR,ASW,CE,Federal Contract Tower,0,9,33,12,54,0,6,8,3,17,0,15,41,15,71,0,24,24,95
12/08/2006,TXK,AR,ASW,CE,Federal Contract Tower,0,9,23,7,39,0,3,21,1,25,0,12,44,8,64,8,16,24,88
12/09/2006,TXK,AR,ASW,CE,Federal Contract Tower,0,8,15,6,29,0,0,18,1,19,0,8,33,7,48,8,18,26,74
12/10/2006,TXK,AR,ASW,CE,Federal Contract Tower,0,9,16,0,25,0,6,7,0,13,0,15,23,0,38,0,0,0,38
12/11/2006,TXK,AR,ASW,CE,Federal Contract Tower,0,11,26,12,49,0,0,2,0,2,0,11,28,12,51,0,8,8,59
12/12/2006,TXK,AR,ASW,CE,Federal Contract Tower,0,9,15,10,34,0,3,17,3,23,0,12,32,13,57,8,14,22,79
12/13/2006,TXK,AR,ASW,CE,Federal Contract Tower,0,9,18,11,38,0,9,22,3,34,0,18,40,14,72,10,22,32,104
12/14/2006,TXK,AR,ASW,CE,Federal Contract Tower,0,12,29,8,49,0,0,33,5,38,0,12,62,13,87,22,16,38,125
12/15/2006,TXK,AR,ASW,CE,Federal Contract Tower,0,9,19,13,41,0,0,4,2,6,0,9,23,15,47,1,8,9,56
12/16/2006,TXK,AR,ASW,CE,Federal Contract Tower,0,8,10,0,18,0,4,12,0,16,0,12,22,0,34,0,0,0,34
12/17/2006,TXK,AR,ASW,CE,Federal Contract Tower,0,9,11,2,22,0,4,18,3,25,0,13,29,5,47,2,8,10,57
12/18/2006,TXK,AR,ASW,CE,Federal Contract Tower,0,11,19,6,36,0,0,4,1,5,0,11,23,7,41,0,14,14,55
12/19/2006,TXK,AR,ASW,CE,Federal Contract Tower,0,13,13,0,26,0,0,1,0,1,0,13,14,0,27,0,0,0,27
12/20/2006,TXK,AR,ASW,CE,Federal Contract Tower,0,9,22,0,31,0,0,0,0,0,0,9,22,0,31,0,0,0,31
12/21/2006,TXK,AR,ASW,CE,Federal Contract Tower,0,14,25,18,57,0,6,20,6,32,0,20,45,24,89,22,26,48,137
12/22/2006,TXK,AR,ASW,CE,Federal Contract Tower,0,9,16,0,25,0,2,29,0,31,0,11,45,0,56,12,0,12,68
12/23/2006,TXK,AR,ASW,CE,Federal Contract Tower,0,8,15,0,23,0,2,20,0,22,0,10,35,0,45,12,0,12,57
12/24/2006,TXK,AR,ASW,CE,Federal Contract Tower,0,8,2,0,10,0,0,3,0,3,0,8,5,0,13,0,0,0,13
12/25/2006,TXK,AR,ASW,CE,Federal Contract Tower,0,8,8,0,16,0,2,0,0,2,0,10,8,0,18,0,0,0,18
12/26/2006,TXK,AR,ASW,CE,Federal Contract Tower,0,9,13,0,22,0,6,23,0,29,0,15,36,0,51,6,0,6,57
12/27/2006,TXK,AR,ASW,CE,Federal Contract Tower,0,9,9,2,20,0,5,15,2,22,0,14,24,4,42,6,4,10,52
12/28/2006,TXK,AR,ASW,CE,Federal Contract Tower,0,15,16,4,35,0,3,7,0,10,0,18,23,4,45,0,0,0,45
12/29/2006,TXK,AR,ASW,CE,Federal Contract Tower,0,6,13,0,19,0,0,2,0,2,0,6,15,0,21,0,0,0,21
12/30/2006,TXK,AR,ASW,CE,Federal Contract Tower,0,9,14,2,25,0,0,2,0,2,0,9,16,2,27,0,0,0,27
12/31/2006,TXK,AR,ASW,CE,Federal Contract Tower,0,7,6,0,13,0,7,15,0,22,0,14,21,0,35,4,0,4,39
01/01/2007,TXK,AR,ASW,CE,Federal Contract Tower,0,10,3,0,13,0,0,25,0,25,0,10,28,0,38,6,0,6,44
01/02/2007,TXK,AR,ASW,CE,Federal Contract Tower,0,9,16,0,25,0,2,30,0,32,0,11,46,0,57,38,0,38,95
01/03/2007,TXK,AR,ASW,CE,Federal Contract Tower,0,10,14,0,24,0,2,14,0,16,0,12,28,0,40,20,0,20,60
01/04/2007,TXK,AR,ASW,CE,Federal Contract Tower,0,11,8,0,19,0,1,0,0,1,0,12,8,0,20,0,0,0,20
01/05/2007,TXK,AR,ASW,CE,Federal Contract Tower,0,15,6,6,27,0,0,0,1,1,0,15,6,7,28,0,4,4,32
01/06/2007,TXK,AR,ASW,CE,Federal Contract Tower,0,8,11,4,23,0,7,13,0,20,0,15,24,4,43,2,12,14,57
01/07/2007,TXK,AR,ASW,CE,Federal Contract Tower,0,9,7,2,18,0,1,15,0,16,0,10,22,2,34,10,0,10,44
01/08/2007,TXK,AR,ASW,CE,Federal Contract Tower,0,9,7,5,21,0,0,21,1,22,0,9,28,6,43,28,4,32,75
01/09/2007,TXK,AR,ASW,CE,Federal Contract Tower,0,9,20,11,40,0,3,20,3,26,0,12,40,14,66,10,30,40,106
01/10/2007,TXK,AR,ASW,CE,Federal Contract Tower,0,9,23,9,41,0,8,39,2,49,0,17,62,11,90,16,12,28,118
01/11/2007,TXK,AR,ASW,CE,Federal Contract Tower,0,10,19,3,32,0,4,8,3,15,0,14,27,6,47,4,0,4,51
01/12/2007,TXK,AR,ASW,CE,Federal Contract Tower,0,16,14,4,34,0,0,4,5,9,0,16,18,9,43,0,24,24,67
01/13/2007,TXK,AR,ASW,CE,Federal Contract Tower,0,7,4,0,11,0,1,0,0,1,0,8,4,0,12,0,0,0,12
01/14/2007,TXK,AR,ASW,CE,Federal Contract Tower,0,4,2,0,6,0,0,0,0,0,0,4,2,0,6,0,0,0,6
01/15/2007,TXK,AR,ASW,CE,Federal Contract Tower,0,6,9,0,15,0,0,4,0,4,0,6,13,0,19,0,0,0,19
01/16/2007,TXK,AR,ASW,CE,Federal Contract Tower,0,7,20,9,36,0,5,8,2,15,0,12,28,11,51,0,10,10,61
01/17/2007,TXK,AR,ASW,CE,Federal Contract Tower,0,5,12,0,17,0,2,7,0,9,0,7,19,0,26,4,0,4,30
01/18/2007,TXK,AR,ASW,CE,Federal Contract Tower,0,9,8,11,28,0,6,6,1,13,0,15,14,12,41,6,14,20,61
01/19/2007,TXK,AR,ASW,CE,Federal Contract Tower,0,11,11,9,31,0,5,9,3,17,0,16,20,12,48,38,20,58,106
01/20/2007,TXK,AR,ASW,CE,Federal Contract Tower,0,8,2,0,10,0,1,3,0,4,0,9,5,0,14,0,0,0,14
01/21/2007,TXK,AR,ASW,CE,Federal Contract Tower,0,9,10,0,19,0,0,19,0,19,0,9,29,0,38,8,0,8,46
01/22/2007,TXK,AR,ASW,CE,Federal Contract Tower,0,9,18,12,39,0,7,20,0,27,0,16,38,12,66,22,2,24,90
01/23/2007,TXK,AR,ASW,CE,Federal Contract Tower,0,9,17,13,39,0,3,17,1,21,0,12,34,14,60,68,22,90,150
01/24/2007,TXK,AR,ASW,CE,Federal Contract Tower,0,9,12,9,30,0,4,30,2,36,0,13,42,11,66,34,46,80,146
01/25/2007,TXK,AR,ASW,CE,Federal Contract Tower,0,11,13,7,31,0,5,44,3,52,0,16,57,10,83,70,12,82,165
01/26/2007,TXK,AR,ASW,CE,Federal Contract Tower,0,9,17,5,31,0,5,38,6,49,0,14,55,11,80,16,6,22,102
01/27/2007,TXK,AR,ASW,CE,Federal Contract Tower,0,8,4,0,12,0,0,9,0,9,0,8,13,0,21,30,0,30,51
01/28/2007,TXK,AR,ASW,CE,Federal Contract Tower,0,9,6,4,19,0,11,23,0,34,0,20,29,4,53,12,0,12,65
01/29/2007,TXK,AR,ASW,CE,Federal Contract Tower,0,9,16,4,29,0,2,23,2,27,0,11,39,6,56,24,24,48,104
01/30/2007,TXK,AR,ASW,CE,Federal Contract Tower,0,12,17,0,29,0,3,13,0,16,0,15,30,0,45,20,0,20,65
01/31/2007,TXK,AR,ASW,CE,Federal Contract Tower,0,9,12,2,23,0,0,13,4,17,0,9,25,6,40,8,6,14,54
02/01/2007,TXK,AR,ASW,CE,Federal Contract Tower,0,6,5,0,11,0,0,0,0,0,0,6,5,0,11,0,0,0,11
02/02/2007,TXK,AR,ASW,CE,Federal Contract Tower,0,6,21,3,30,0,2,9,0,11,0,8,30,3,41,6,2,8,49
02/03/2007,TXK,AR,ASW,CE,Federal Contract Tower,0,8,11,2,21,0,4,25,0,29,0,12,36,2,50,8,0,8,58
02/04/2007,TXK,AR,ASW,CE,Federal Contract Tower,0,9,15,0,24,0,6,17,0,23,0,15,32,0,47,6,0,6,53
02/05/2007,TXK,AR,ASW,CE,Federal Contract Tower,0,9,11,6,26,0,0,35,1,36,0,9,46,7,62,24,34,58,120
02/06/2007,TXK,AR,ASW,CE,Federal Contract Tower,0,7,15,7,29,0,5,20,3,28,0,12,35,10,57,8,28,36,93
02/07/2007,TXK,AR,ASW,CE,Federal Contract Tower,0,15,15,2,32,0,0,16,0,16,0,15,31,2,48,28,0,28,76
02/08/2007,TXK,AR,ASW,CE,Federal Contract Tower,0,9,22,2,33,0,4,4,2,10,0,13,26,4,43,2,0,2,45
02/09/2007,TXK,AR,ASW,CE,Federal Contract Tower,0,9,20,6,35,0,0,12,2,14,0,9,32,8,49,4,42,46,95
02/10/2007,TXK,AR,ASW,CE,Federal Contract Tower,0,8,7,0,15,0,8,30,0,38,0,16,37,0,53,38,0,38,91
02/11/2007,TXK,AR,ASW,CE,Federal Contract Tower,0,9,14,4,27,0,1,11,0,12,0,10,25,4,39,0,0,0,39
02/12/2007,TXK,AR,ASW,CE,Federal Contract Tower,0,6,11,0,17,0,0,1,0,1,0,6,12,0,18,0,0,0,18
02/13/2007,TXK,AR,ASW,CE,Federal Contract Tower,0,10,15,5,30,0,3,4,3,10,0,13,19,8,40,2,20,22,62
02/14/2007,TXK,AR,ASW,CE,Federal Contract Tower,0,11,8,0,19,0,5,10,0,15,0,16,18,0,34,0,0,0,34
02/15/2007,TXK,AR,ASW,CE,Federal Contract Tower,0,13,13,3,29,0,2,4,0,6,0,15,17,3,35,30,0,30,65
02/16/2007,TXK,AR,ASW,CE,Federal Contract Tower,0,9,19,8,36,0,4,33,7,44,0,13,52,15,80,38,36,74,154
02/17/2007,TXK,AR,ASW,CE,Federal Contract Tower,0,8,7,0,15,0,4,35,0,39,0,12,42,0,54,12,0,12,66
02/18/2007,TXK,AR,ASW,CE,Federal Contract Tower,0,9,0,0,9,0,8,132,0,140,0,17,132,0,149,10,0,10,159
02/19/2007,TXK,AR,ASW,CE,Federal Contract Tower,0,11,9,0,20,0,0,65,0,65,0,11,74,0,85,16,0,16,101
02/20/2007,TXK,AR,ASW,CE,Federal Contract Tower,0,9,19,2,30,0,0,63,0,63,0,9,82,2,93,0,2,2,95
02/21/2007,TXK,AR,ASW,CE,Federal Contract Tower,0,7,10,9,26,0,3,17,0,20,0,10,27,9,46,4,0,4,50
02/22/2007,TXK,AR,ASW,CE,Federal Contract Tower,0,10,16,4,30,0,7,33,0,40,0,17,49,4,70,32,8,40,110
02/23/2007,TXK,AR,ASW,CE,Federal Contract Tower,0,13,13,2,28,0,7,25,2,34,0,20,38,4,62,14,2,16,78
02/24/2007,TXK,AR,ASW,CE,Federal Contract Tower,0,7,8,0,15,0,1,1,0,2,0,8,9,0,17,0,0,0,17
02/25/2007,TXK,AR,ASW,CE,Federal Contract Tower,0,9,5,2,16,0,4,19,0,23,0,13,24,2,39,6,4,10,49
02/26/2007,TXK,AR,ASW,CE,Federal Contract Tower,0,11,15,4,30,0,7,26,0,33,0,18,41,4,63,6,4,10,73
02/27/2007,TXK,AR,ASW,CE,Federal Contract Tower,0,11,17,6,34,0,4,20,4,28,0,15,37,10,62,14,20,34,96
02/28/2007,TXK,AR,ASW,CE,Federal Contract Tower,0,9,21,4,34,0,5,14,0,19,0,14,35,4,53,6,0,6,59
03/01/2007,TXK,AR,ASW,CE,Federal Contract Tower,0,9,13,2,24,0,0,7,0,7,0,9,20,2,31,4,6,10,41
03/02/2007,TXK,AR,ASW,CE,Federal Contract Tower,0,9,12,10,31,0,5,30,4,39,0,14,42,14,70,44,30,74,144
03/03/2007,TXK,AR,ASW,CE,Federal Contract Tower,0,10,10,0,20,0,4,25,0,29,0,14,35,0,49,8,0,8,57
03/04/2007,TXK,AR,ASW,CE,Federal Contract Tower,0,10,8,4,22,0,6,34,2,42,0,16,42,6,64,10,12,22,86
03/05/2007,TXK,AR,ASW,CE,Federal Contract Tower,0,9,11,0,20,0,2,17,0,19,0,11,28,0,39,6,0,6,45
03/06/2007,TXK,AR,ASW,CE,Federal Contract Tower,0,9,19,3,31,0,6,18,4,28,0,15,37,7,59,20,18,38,97
03/07/2007,TXK,AR,ASW,CE,Federal Contract Tower,0,9,24,4,37,0,0,22,3,25,0,9,46,7,62,44,8,52,114
03/08/2007,TXK,AR,ASW,CE,Federal Contract Tower,0,9,17,3,29,0,3,38,2,43,0,12,55,5,72,22,34,56,128
03/09/2007,TXK,AR,ASW,CE,Federal Contract Tower,0,13,24,2,39,0,5,23,0,28,0,18,47,2,67,16,2,18,85
03/10/2007,TXK,AR,ASW,CE,Federal Contract Tower,0,8,15,2,25,0,4,38,0,42,0,12,53,2,67,48,18,66,133
03/11/2007,TXK,AR,ASW,CE,Federal Contract Tower,0,11,9,1,21,0,1,10,1,12,0,12,19,2,33,16,8,24,57
03/12/2007,TXK,AR,ASW,CE,Federal Contract Tower,0,9,12,0,21,0,1,2,0,3,0,10,14,0,24,6,0,6,30
03/13/2007,TXK,AR,ASW,CE,Federal Contract Tower,0,6,10,0,16,0,4,5,0,9,0,10,15,0,25,0,0,0,25
03/14/2007,TXK,AR,ASW,CE,Federal Contract Tower,0,9,17,2,28,0,1,1,0,2,0,10,18,2,30,0,4,4,34
03/15/2007,TXK,AR,ASW,CE,Federal Contract Tower,0,11,12,14,37,0,3,39,5,47,0,14,51,19,84,30,40,70,154
03/16/2007,TXK,AR,ASW,CE,Federal Contract Tower,0,14,17,6,37,0,0,16,3,19,0,14,33,9,56,10,14,24,80
03/17/2007,TXK,AR,ASW,CE,Federal Contract Tower,0,10,8,0,18,0,4,34,2,40,0,14,42,2,58,24,0,24,82
03/18/2007,TXK,AR,ASW,CE,Federal Contract Tower,0,9,10,2,21,0,9,30,0,39,0,18,40,2,60,36,4,40,100
03/19/2007,TXK,AR,ASW,CE,Federal Contract Tower,0,11,11,0,22,0,6,11,0,17,0,17,22,0,39,16,0,16,55
03/20/2007,TXK,AR,ASW,CE,Federal Contract Tower,0,11,21,3,35,0,4,15,0,19,0,15,36,3,54,16,2,18,72
03/21/2007,TXK,AR,ASW,CE,Federal Contract Tower,0,16,22,0,38,0,0,11,0,11,0,16,33,0,49,6,0,6,55
03/22/2007,TXK,AR,ASW,CE,Federal Contract Tower,0,11,18,7,36,0,4,24,3,31,0,15,42,10,67,24,20,44,111
03/23/2007,TXK,AR,ASW,CE,Federal Contract Tower,0,10,26,13,49,0,7,18,5,30,0,17,44,18,79,8,30,38,117
03/24/2007,TXK,AR,ASW,CE,Federal Contract Tower,0,8,7,0,15,0,5,8,0,13,0,13,15,0,28,0,0,0,28
03/25/2007,TXK,AR,ASW,CE,Federal Contract Tower,0,11,18,0,29,0,5,11,0,16,0,16,29,0,45,0,0,0,45
03/26/2007,TXK,AR,ASW,CE,Federal Contract Tower,0,9,12,8,29,0,12,20,4,36,0,21,32,12,65,86,24,110,175
03/27/2007,TXK,AR,ASW,CE,Federal Contract Tower,0,9,7,0,16,0,0,2,0,2,0,9,9,0,18,22,0,22,40
03/28/2007,TXK,AR,ASW,CE,Federal Contract Tower,0,10,18,2,30,0,0,35,0,35,0,10,53,2,65,82,0,82,147
03/29/2007,TXK,AR,ASW,CE,Federal Contract Tower,0,8,20,2,30,0,0,21,1,22,0,8,41,3,52,64,30,94,146
03/30/2007,TXK,AR,ASW,CE,Federal Contract Tower,0,11,17,0,28,0,0,10,0,10,0,11,27,0,38,10,0,10,48
03/31/2007,TXK,AR,ASW,CE,Federal Contract Tower,0,8,6,0,14,0,1,16,0,17,0,9,22,0,31,6,0,6,37
04/01/2007,TXK,AR,ASW,CE,Federal Contract Tower,0,9,18,0,27,0,3,27,0,30,0,12,45,0,57,10,0,10,67
04/02/2007,TXK,AR,ASW,CE,Federal Contract Tower,0,12,8,14,34,0,3,24,0,27,0,15,32,14,61,6,34,40,101
04/03/2007,TXK,AR,ASW,CE,Federal Contract Tower,0,8,21,13,42,0,4,4,1,9,0,12,25,14,51,0,42,42,93
04/04/2007,TXK,AR,ASW,CE,Federal Contract Tower,0,9,19,15,43,0,7,30,2,39,0,16,49,17,82,18,30,48,130
04/05/2007,TXK,AR,ASW,CE,Federal Contract Tower,0,11,25,4,40,0,3,44,8,55,0,14,69,12,95,64,24,88,183
04/06/2007,TXK,AR,ASW,CE,Federal Contract Tower,0,9,21,2,32,0,6,27,1,34,0,15,48,3,66,46,6,52,118
04/07/2007,TXK,AR,ASW,CE,Federal Contract Tower,0,12,4,0,16,0,5,32,2,39,0,17,36,2,55,72,0,72,127
04/08/2007,TXK,AR,ASW,CE,Federal Contract Tower,0,12,16,0,28,0,4,18,0,22,0,16,34,0,50,12,0,12,62
04/09/2007,TXK,AR,ASW,CE,Federal Contract Tower,0,9,18,1,28,0,4,16,1,21,0,13,34,2,49,12,4,16,65
04/10/2007,TXK,AR,ASW,CE,Federal Contract Tower,0,9,11,0,20,0,0,3,0,3,0,9,14,0,23,6,0,6,29
04/11/2007,TXK,AR,ASW,CE,Federal Contract Tower,0,9,13,13,35,0,5,27,3,35,0,14,40,16,70,10,48,58,128
04/12/2007,TXK,AR,ASW,CE,Federal Contract Tower,0,11,23,11,45,0,7,41,10,58,0,18,64,21,103,70,28,98,201
04/13/2007,TXK,AR,ASW,CE,Federal Contract Tower,0,7,9,0,16,0,0,7,0,7,0,7,16,0,23,6,0,6,29
04/14/2007,TXK,AR,ASW,CE,Federal Contract Tower,0,12,9,2,23,0,3,3,0,6,0,15,12,2,29,0,0,0,29
04/15/2007,TXK,AR,ASW,CE,Federal Contract Tower,0,8,11,0,19,0,5,35,0,40,0,13,46,0,59,22,0,22,81
04/16/2007,TXK,AR,ASW,CE,Federal Contract Tower,0,9,27,7,43,0,6,36,2,44,0,15,63,9,87,22,8,30,117
04/17/2007,TXK,AR,ASW,CE,Federal Contract Tower,0,12,17,4,33,0,0,10,0,10,0,12,27,4,43,10,0,10,53
04/18/2007,TXK,AR,ASW,CE,Federal Contract Tower,0,10,22,23,55,0,0,16,0,16,0,10,38,23,71,28,18,46,117
04/19/2007,TXK,AR,ASW,CE,Federal Contract Tower,0,10,19,1,30,0,4,55,0,59,0,14,74,1,89,126,2,128,217
04/20/2007,TXK,AR,ASW,CE,Federal Contract Tower,0,9,11,16,36,0,7,51,2,60,0,16,62,18,96,14,6,20,116
04/21/2007,TXK,AR,ASW,CE,Federal Contract Tower,0,8,7,10,25,0,0,39,6,45,0,8,46,16,70,4,44,48,118
04/22/2007,TXK,AR,ASW,CE,Federal Contract Tower,0,9,19,0,28,0,7,17,0,24,0,16,36,0,52,8,0,8,60
04/23/2007,TXK,AR,ASW,CE,Federal Contract Tower,0,11,20,4,35,0,3,20,0,23,0,14,40,4,58,32,0,32,90
04/24/2007,TXK,AR,ASW,CE,Federal Contract Tower,0,7,24,4,35,0,5,5,0,10,0,12,29,4,45,4,2,6,51
04/25/2007,TXK,AR,ASW,CE,Federal Contract Tower,0,9,27,2,38,0,2,12,0,14,0,11,39,2,52,34,4,38,90
04/26/2007,TXK,AR,ASW,CE,Federal Contract Tower,0,11,16,24,51,0,2,18,0,20,0,13,34,24,71,8,40,48,119
04/27/2007,TXK,AR,ASW,CE,Federal Contract Tower,0,9,22,9,40,0,5,40,3,48,0,14,62,12,88,32,20,52,140
04/28/2007,TXK,AR,ASW,CE,Federal Contract Tower,0,8,12,2,22,0,14,45,0,59,0,22,57,2,81,50,4,54,135
04/29/2007,TXK,AR,ASW,CE,Federal Contract Tower,0,10,12,3,25,0,5,27,2,34,0,15,39,5,59,6,8,14,73
04/30/2007,TXK,AR,ASW,CE,Federal Contract Tower,0,11,8,15,34,0,8,17,3,28,0,19,25,18,62,16,40,56,118
05/01/2007,TXK,AR,ASW,CE,Federal Contract Tower,0,11,8,4,23,0,10,9,2,21,0,21,17,6,44,16,8,24,68
05/02/2007,TXK,AR,ASW,CE,Federal Contract Tower,0,8,13,4,25,0,0,4,3,7,0,8,17,7,32,4,6,10,42
05/03/2007,TXK,AR,ASW,CE,Federal Contract Tower,0,7,8,1,16,0,3,0,0,3,0,10,8,1,19,0,0,0,19
05/04/2007,TXK,AR,ASW,CE,Federal Contract Tower,0,12,28,24,64,0,0,6,5,11,0,12,34,29,75,4,24,28,103
05/05/2007,TXK,AR,ASW,CE,Federal Contract Tower,0,13,13,7,33,0,2,19,3,24,0,15,32,10,57,2,38,40,97
05/06/2007,TXK,AR,ASW,CE,Federal Contract Tower,0,10,18,0,28,0,4,23,0,27,0,14,41,0,55,16,0,16,71
05/07/2007,TXK,AR,ASW,CE,Federal Contract Tower,0,11,17,0,28,0,0,22,34,56,0,11,39,34,84,26,0,26,110
05/08/2007,TXK,AR,ASW,CE,Federal Contract Tower,0,11,14,5,30,0,0,22,9,31,0,11,36,14,61,42,30,72,133
05/09/2007,TXK,AR,ASW,CE,Federal Contract Tower,0,6,17,0,23,0,4,11,0,15,0,10,28,0,38,14,0,14,52
05/10/2007,TXK,AR,ASW,CE,Federal Contract Tower,0,8,17,0,25,0,2,7,0,9,0,10,24,0,34,6,0,6,40
05/11/2007,TXK,AR,ASW,CE,Federal Contract Tower,0,10,10,3,23,0,2,27,0,29,0,12,37,3,52,52,6,58,110
05/12/2007,TXK,AR,ASW,CE,Federal Contract Tower,0,8,7,0,15,0,1,38,0,39,0,9,45,0,54,34,0,34,88
05/13/2007,TXK,AR,ASW,CE,Federal Contract Tower,0,9,11,2,22,0,5,33,0,38,0,14,44,2,60,10,0,10,70
05/14/2007,TXK,AR,ASW,CE,Federal Contract Tower,0,12,11,8,31,0,4,34,3,41,0,16,45,11,72,20,4,24,96
05/15/2007,TXK,AR,ASW,CE,Federal Contract Tower,0,9,20,17,46,0,0,12,6,18,0,9,32,23,64,0,40,40,104
05/16/2007,TXK,AR,ASW,CE,Federal Contract Tower,0,9,15,13,37,0,1,21,2,24,0,10,36,15,61,8,18,26,87
05/17/2007,TXK,AR,ASW,CE,Federal Contract Tower,0,9,17,11,37,0,6,37,0,43,0,15,54,11,80,12,14,26,106
05/18/2007,TXK,AR,ASW,CE,Federal Contract Tower,0,9,8,11,28,0,4,27,2,33,0,13,35,13,61,0,24,24,85
05/19/2007,TXK,AR,ASW,CE,Federal Contract Tower,0,8,11,2,21,0,5,40,2,47,0,13,51,4,68,8,44,52,120
05/20/2007,TXK,AR,ASW,CE,Federal Contract Tower,0,9,15,0,24,0,0,28,0,28,0,9,43,0,52,34,0,34,86
05/21/2007,TXK,AR,ASW,CE,Federal Contract Tower,0,9,19,2,30,0,6,12,0,18,0,15,31,2,48,2,0,2,50
05/22/2007,TXK,AR,ASW,CE,Federal Contract Tower,0,9,17,0,26,0,0,7,4,11,0,9,24,4,37,0,0,0,37
05/23/2007,TXK,AR,ASW,CE,Federal Contract Tower,0,9,23,13,45,0,3,22,2,27,0,12,45,15,72,38,20,58,130
05/24/2007,TXK,AR,ASW,CE,Federal Contract Tower,0,7,23,2,32,0,9,17,2,28,0,16,40,4,60,18,0,18,78
05/25/2007,TXK,AR,ASW,CE,Federal Contract Tower,0,13,17,0,30,0,2,22,0,24,0,15,39,0,54,12,0,12,66
05/26/2007,TXK,AR,ASW,CE,Federal Contract Tower,0,8,9,0,17,0,5,16,0,21,0,13,25,0,38,4,0,4,42
05/27/2007,TXK,AR,ASW,CE,Federal Contract Tower,0,7,7,0,14,0,6,18,0,24,0,13,25,0,38,4,0,4,42
05/28/2007,TXK,AR,ASW,CE,Federal Contract Tower,0,7,10,0,17,0,6,14,8,28,0,13,24,8,45,0,0,0,45
05/29/2007,TXK,AR,ASW,CE,Federal Contract Tower,0,11,7,0,18,11,7,0,0,18,11,18,7,0,36,0,6,6,42
05/30/2007,TXK,AR,ASW,CE,Federal Contract Tower,0,7,14,0,21,0,0,6,32,38,0,7,20,32,59,8,0,8,67
05/31/2007,TXK,AR,ASW,CE,Federal Contract Tower,0,9,9,18,36,0,5,30,12,47,0,14,39,30,83,30,58,88,171
06/01/2007,TXK,AR,ASW,CE,Federal Contract Tower,0,11,23,7,41,0,3,14,1,18,0,14,37,8,59,12,16,28,87
06/02/2007,TXK,AR,ASW,CE,Federal Contract Tower,0,8,7,0,15,0,0,17,8,25,0,8,24,8,40,0,0,0,40
06/03/2007,TXK,AR,ASW,CE,Federal Contract Tower,2,10,10,2,24,0,1,3,0,4,2,11,13,2,28,0,0,0,28
06/04/2007,TXK,AR,ASW,CE,Federal Contract Tower,0,8,14,8,30,0,0,26,0,26,0,8,40,8,56,12,2,14,70
06/05/2007,TXK,AR,ASW,CE,Federal Contract Tower,0,8,11,14,33,0,4,22,23,49,0,12,33,37,82,6,8,14,96
06/06/2007,TXK,AR,ASW,CE,Federal Contract Tower,0,9,10,8,27,0,10,23,3,36,0,19,33,11,63,24,18,42,105
06/07/2007,TXK,AR,ASW,CE,Federal Contract Tower,0,9,14,8,31,0,0,14,2,16,0,9,28,10,47,12,4,16,63
06/08/2007,TXK,AR,ASW,CE,Federal Contract Tower,0,7,11,0,18,0,0,11,0,11,0,7,22,0,29,2,0,2,31
06/09/2007,TXK,AR,ASW,CE,Federal Contract Tower,1,12,7,2,22,0,1,9,2,12,1,13,16,4,34,10,0,10,44
06/10/2007,TXK,AR,ASW,CE,Federal Contract Tower,0,9,11,7,27,0,2,26,2,30,0,11,37,9,57,36,10,46,103
06/11/2007,TXK,AR,ASW,CE,Federal Contract Tower,1,11,7,8,27,0,0,11,0,11,1,11,18,8,38,20,12,32,70
06/12/2007,TXK,AR,ASW,CE,Federal Contract Tower,0,11,15,4,30,0,2,19,2,23,0,13,34,6,53,22,12,34,87
06/13/2007,TXK,AR,ASW,CE,Federal Contract Tower,0,9,24,14,47,0,7,27,12,46,0,16,51,26,93,58,32,90,183
06/14/2007,TXK,AR,ASW,CE,Federal Contract Tower,0,9,32,11,52,0,3,25,15,43,0,12,57,26,95,16,16,32,127
06/15/2007,TXK,AR,ASW,CE,Federal Contract Tower,0,9,16,0,25,0,4,5,0,9,0,13,21,0,34,0,0,0,34
06/16/2007,TXK,AR,ASW,CE,Federal Contract Tower,1,9,4,0,14,0,1,0,1,2,1,10,4,1,16,0,0,0,16
06/17/2007,TXK,AR,ASW,CE,Federal Contract Tower,0,8,10,0,18,0,1,11,34,46,0,9,21,34,64,24,0,24,88
06/18/2007,TXK,AR,ASW,CE,Federal Contract Tower,0,8,6,8,22,0,3,3,2,8,0,11,9,10,30,0,26,26,56
06/19/2007,TXK,AR,ASW,CE,Federal Contract Tower,0,13,11,4,28,0,6,10,0,16,0,19,21,4,44,14,4,18,62
06/20/2007,TXK,AR,ASW,CE,Federal Contract Tower,0,11,20,0,31,0,0,5,0,5,0,11,25,0,36,0,0,0,36
06/21/2007,TXK,AR,ASW,CE,Federal Contract Tower,0,9,15,8,32,0,9,21,1,31,0,18,36,9,63,34,2,36,99
06/22/2007,TXK,AR,ASW,CE,Federal Contract Tower,0,12,18,5,35,0,5,35,0,40,0,17,53,5,75,16,8,24,99
06/23/2007,TXK,AR,ASW,CE,Federal Contract Tower,0,8,9,1,18,0,8,9,0,17,0,16,18,1,35,14,2,16,51
06/24/2007,TXK,AR,ASW,CE,Federal Contract Tower,0,9,11,0,20,0,0,24,0,24,0,9,35,0,44,4,0,4,48
06/25/2007,TXK,AR,ASW,CE,Federal Contract Tower,0,8,13,3,24,0,2,7,1,10,0,10,20,4,34,16,6,22,56
06/26/2007,TXK,AR,ASW,CE,Federal Contract Tower,0,6,8,0,14,0,0,10,2,12,0,6,18,2,26,22,0,22,48
06/27/2007,TXK,AR,ASW,CE,Federal Contract Tower,0,10,12,2,24,0,0,23,0,23,0,10,35,2,47,48,0,48,95
06/28/2007,TXK,AR,ASW,CE,Federal Contract Tower,0,6,19,12,37,0,5,12,0,17,0,11,31,12,54,6,32,38,92
06/29/2007,TXK,AR,ASW,CE,Federal Contract Tower,0,8,26,11,45,0,6,29,3,38,0,14,55,14,83,28,10,38,121
06/30/2007,TXK,AR,ASW,CE,Federal Contract Tower,0,6,10,0,16,0,0,23,0,23,0,6,33,0,39,0,0,0,39
07/01/2007,TXK,AR,ASW,CE,Federal Contract Tower,0,9,18,2,29,0,2,7,0,9,0,11,25,2,38,0,0,0,38
07/02/2007,TXK,AR,ASW,CE,Federal Contract Tower,0,9,9,0,18,0,0,7,0,7,0,9,16,0,25,2,0,2,27
07/03/2007,TXK,AR,ASW,CE,Federal Contract Tower,0,6,7,0,13,0,2,9,0,11,0,8,16,0,24,0,0,0,24
07/04/2007,TXK,AR,ASW,CE,Federal Contract Tower,0,8,6,0,14,0,0,4,0,4,0,8,10,0,18,0,0,0,18
07/05/2007,TXK,AR,ASW,CE,Federal Contract Tower,0,11,9,0,20,0,0,6,0,6,0,11,15,0,26,0,0,0,26
07/06/2007,TXK,AR,ASW,CE,Federal Contract Tower,0,9,9,0,18,0,1,9,0,10,0,10,18,0,28,0,0,0,28
07/07/2007,TXK,AR,ASW,CE,Federal Contract Tower,0,8,5,0,13,0,2,36,0,38,0,10,41,0,51,8,0,8,59
07/08/2007,TXK,AR,ASW,CE,Federal Contract Tower,0,13,12,2,27,0,10,46,1,57,0,23,58,3,84,44,2,46,130
07/09/2007,TXK,AR,ASW,CE,Federal Contract Tower,0,9,12,4,25,0,3,8,4,15,0,12,20,8,40,6,0,6,46
07/10/2007,TXK,AR,ASW,CE,Federal Contract Tower,0,7,13,1,21,0,0,11,2,13,0,7,24,3,34,8,2,10,44
07/11/2007,TXK,AR,ASW,CE,Federal Contract Tower,0,9,31,6,46,0,2,18,1,21,0,11,49,7,67,38,14,52,119
07/12/2007,TXK,AR,ASW,CE,Federal Contract Tower,0,12,14,2,28,0,4,12,0,16,0,16,26,2,44,8,0,8,52
07/13/2007,TXK,AR,ASW,CE,Federal Contract Tower,0,9,7,0,16,0,0,4,0,4,0,9,11,0,20,14,0,14,34
07/14/2007,TXK,AR,ASW,CE,Federal Contract Tower,0,8,3,0,11,0,3,14,0,17,0,11,17,0,28,16,0,16,44
07/15/2007,TXK,AR,ASW,CE,Federal Contract Tower,0,8,16,4,28,0,7,32,2,41,0,15,48,6,69,30,10,40,109
07/16/2007,TXK,AR,ASW,CE,Federal Contract Tower,0,11,23,8,42,0,1,30,13,44,0,12,53,21,86,72,24,96,182
07/17/2007,TXK,AR,ASW,CE,Federal Contract Tower,0,9,20,6,35,0,3,20,0,23,0,12,40,6,58,0,4,4,62
07/18/2007,TXK,AR,ASW,CE,Federal Contract Tower,0,7,21,14,42,0,2,21,20,43,0,9,42,34,85,6,20,26,111
07/19/2007,TXK,AR,ASW,CE,Federal Contract Tower,0,11,15,11,37,0,6,25,1,32,0,17,40,12,69,10,34,44,113
07/20/2007,TXK,AR,ASW,CE,Federal Contract Tower,0,13,16,15,44,0,5,13,3,21,0,18,29,18,65,6,34,40,105
07/21/2007,TXK,AR,ASW,CE,Federal Contract Tower,0,8,7,2,17,0,3,19,0,22,0,11,26,2,39,6,0,6,45
07/22/2007,TXK,AR,ASW,CE,Federal Contract Tower,0,11,17,3,31,0,4,32,20,56,0,15,49,23,87,16,2,18,105
07/23/2007,TXK,AR,ASW,CE,Federal Contract Tower,0,10,12,11,33,0,5,21,7,33,0,15,33,18,66,10,34,44,110
07/24/2007,TXK,AR,ASW,CE,Federal Contract Tower,0,10,17,12,39,0,11,27,4,42,0,21,44,16,81,32,28,60,141
07/25/2007,TXK,AR,ASW,CE,Federal Contract Tower,0,11,14,3,28,0,4,32,15,51,0,15,46,18,79,32,2,34,113
07/26/2007,TXK,AR,ASW,CE,Federal Contract Tower,0,11,21,14,46,0,5,27,4,36,0,16,48,18,82,8,34,42,124
07/27/2007,TXK,AR,ASW,CE,Federal Contract Tower,0,11,17,7,35,0,4,25,0,29,0,15,42,7,64,12,10,22,86
07/28/2007,TXK,AR,ASW,CE,Federal Contract Tower,0,8,13,0,21,0,6,21,0,27,0,14,34,0,48,0,0,0,48
07/29/2007,TXK,AR,ASW,CE,Federal Contract Tower,0,10,13,1,24,0,4,13,1,18,0,14,26,2,42,0,0,0,42
07/30/2007,TXK,AR,ASW,CE,Federal Contract Tower,0,9,12,4,25,0,3,16,4,23,0,12,28,8,48,0,14,14,62
07/31/2007,TXK,AR,ASW,CE,Federal Contract Tower,0,6,13,2,21,0,2,1,0,3,0,8,14,2,24,0,0,0,24
08/01/2007,TXK,AR,ASW,CE,Federal Contract Tower,0,13,20,2,35,0,5,20,4,29,0,18,40,6,64,10,16,26,90
08/02/2007,TXK,AR,ASW,CE,Federal Contract Tower,0,9,18,9,36,0,11,33,6,50,0,20,51,15,86,30,8,38,124
08/03/2007,TXK,AR,ASW,CE,Federal Contract Tower,0,9,9,12,30,0,1,23,7,31,0,10,32,19,61,8,22,30,91
08/04/2007,TXK,AR,ASW,CE,Federal Contract Tower,0,8,6,2,16,0,4,27,0,31,0,12,33,2,47,10,12,22,69
08/05/2007,TXK,AR,ASW,CE,Federal Contract Tower,0,11,9,6,26,0,2,19,0,21,0,13,28,6,47,2,12,14,61
08/06/2007,TXK,AR,ASW,CE,Federal Contract Tower,0,10,9,10,29,0,4,27,3,34,0,14,36,13,63,26,22,48,111
08/07/2007,TXK,AR,ASW,CE,Federal Contract Tower,0,9,16,11,36,0,2,28,5,35,0,11,44,16,71,8,18,26,97
08/08/2007,TXK,AR,ASW,CE,Federal Contract Tower,0,9,20,9,38,0,6,21,1,28,0,15,41,10,66,4,30,34,100
08/09/2007,TXK,AR,ASW,CE,Federal Contract Tower,0,15,18,4,37,0,4,28,1,33,0,19,46,5,70,38,2,40,110
08/10/2007,TXK,AR,ASW,CE,Federal Contract Tower,0,12,14,2,28,0,4,22,2,28,0,16,36,4,56,10,0,10,66
08/11/2007,TXK,AR,ASW,CE,Federal Contract Tower,0,8,13,0,21,0,1,29,0,30,0,9,42,0,51,4,0,4,55
08/12/2007,TXK,AR,ASW,CE,Federal Contract Tower,0,9,18,0,27,0,2,24,0,26,0,11,42,0,53,0,0,0,53
08/13/2007,TXK,AR,ASW,CE,Federal Contract Tower,0,11,8,0,19,0,4,34,0,38,0,15,42,0,57,72,0,72,129
08/14/2007,TXK,AR,ASW,CE,Federal Contract Tower,0,9,16,14,39,0,6,31,3,40,0,15,47,17,79,32,22,54,133
08/15/2007,TXK,AR,ASW,CE,Federal Contract Tower,0,10,13,9,32,0,3,32,4,39,0,13,45,13,71,34,18,52,123
08/16/2007,TXK,AR,ASW,CE,Federal Contract Tower,0,12,22,10,44,0,1,16,2,19,0,13,38,12,63,4,26,30,93
08/17/2007,TXK,AR,ASW,CE,Federal Contract Tower,0,9,16,18,43,0,0,35,8,43,0,9,51,26,86,34,22,56,142
08/18/2007,TXK,AR,ASW,CE,Federal Contract Tower,0,9,8,0,17,0,5,22,2,29,0,14,30,2,46,50,0,50,96
08/19/2007,TXK,AR,ASW,CE,Federal Contract Tower,0,9,12,2,23,0,7,17,2,26,0,16,29,4,49,24,0,24,73
08/20/2007,TXK,AR,ASW,CE,Federal Contract Tower,0,9,23,8,40,0,2,17,1,20,0,11,40,9,60,46,10,56,116
08/21/2007,TXK,AR,ASW,CE,Federal Contract Tower,0,9,20,18,47,0,4,26,5,35,0,13,46,23,82,10,30,40,122
08/22/2007,TXK,AR,ASW,CE,Federal Contract Tower,0,9,16,5,30,0,9,28,4,41,0,18,44,9,71,50,18,68,139
08/23/2007,TXK,AR,ASW,CE,Federal Contract Tower,0,9,14,3,26,0,2,15,2,19,0,11,29,5,45,30,20,50,95
08/24/2007,TXK,AR,ASW,CE,Federal Contract Tower,0,9,11,11,31,0,0,13,9,22,0,9,24,20,53,0,34,34,87
08/25/2007,TXK,AR,ASW,CE,Federal Contract Tower,0,10,6,2,18,0,7,11,0,18,0,17,17,2,36,10,0,10,46
08/26/2007,TXK,AR,ASW,CE,Federal Contract Tower,0,9,12,2,23,0,3,17,0,20,0,12,29,2,43,30,0,30,73
08/27/2007,TXK,AR,ASW,CE,Federal Contract Tower,0,8,19,17,44,0,2,32,1,35,0,10,51,18,79,22,22,44,123
08/28/2007,TXK,AR,ASW,CE,Federal Contract Tower,0,11,9,3,23,0,6,23,0,29,0,17,32,3,52,20,6,26,78
08/29/2007,TXK,AR,ASW,CE,Federal Contract Tower,0,7,13,14,34,0,0,7,4,11,0,7,20,18,45,22,16,38,83
08/30/2007,TXK,AR,ASW,CE,Federal Contract Tower,0,7,31,20,58,0,5,20,1,26,0,12,51,21,84,26,20,46,130
08/31/2007,TXK,AR,ASW,CE,Federal Contract Tower,0,9,18,0,27,0,5,31,2,38,0,14,49,2,65,14,0,14,79
09/01/2007,TXK,AR,ASW,CE,Federal Contract Tower,0,8,19,0,27,0,0,29,0,29,0,8,48,0,56,14,0,14,70
09/02/2007,TXK,AR,ASW,CE,Federal Contract Tower,0,8,8,0,16,0,2,20,3,25,0,10,28,3,41,4,4,8,49
09/03/2007,TXK,AR,ASW,CE,Federal Contract Tower,0,9,12,0,21,0,0,23,2,25,0,9,35,2,46,6,0,6,52
09/04/2007,TXK,AR,ASW,CE,Federal Contract Tower,0,10,17,2,29,0,0,10,1,11,0,10,27,3,40,18,10,28,68
09/05/2007,TXK,AR,ASW,CE,Federal Contract Tower,0,11,9,0,20,0,0,0,0,0,0,11,9,0,20,0,0,0,20
09/06/2007,TXK,AR,ASW,CE,Federal Contract Tower,0,11,8,11,30,0,3,14,1,18,0,14,22,12,48,14,30,44,92
09/07/2007,TXK,AR,ASW,CE,Federal Contract Tower,2,11,22,12,47,0,6,21,0,27,2,17,43,12,74,0,10,10,84
09/08/2007,TXK,AR,ASW,CE,Federal Contract Tower,0,10,9,4,23,0,7,14,0,21,0,17,23,4,44,12,0,12,56
09/09/2007,TXK,AR,ASW,CE,Federal Contract Tower,0,7,5,0,12,0,0,3,0,3,0,7,8,0,15,0,0,0,15
09/10/2007,TXK,AR,ASW,CE,Federal Contract Tower,2,12,16,0,30,0,0,5,3,8,2,12,21,3,38,8,2,10,48
09/11/2007,TXK,AR,ASW,CE,Federal Contract Tower,0,12,15,10,37,0,3,17,9,29,0,15,32,19,66,22,20,42,108
09/12/2007,TXK,AR,ASW,CE,Federal Contract Tower,0,13,20,13,46,0,0,18,16,34,0,13,38,29,80,6,40,46,126
09/13/2007,TXK,AR,ASW,CE,Federal Contract Tower,0,13,17,2,32,0,0,24,8,32,0,13,41,10,64,4,0,4,68
09/14/2007,TXK,AR,ASW,CE,Federal Contract Tower,0,15,20,9,44,0,2,13,10,25,0,17,33,19,69,10,12,22,91
09/15/2007,TXK,AR,ASW,CE,Federal Contract Tower,0,14,14,7,35,0,0,34,3,37,0,14,48,10,72,12,8,20,92
09/16/2007,TXK,AR,ASW,CE,Federal Contract Tower,0,11,16,4,31,0,4,34,1,39,0,15,50,5,70,10,18,28,98
09/17/2007,TXK,AR,ASW,CE,Federal Contract Tower,0,11,10,8,29,0,0,12,1,13,0,11,22,9,42,36,40,76,118
09/18/2007,TXK,AR,ASW,CE,Federal Contract Tower,0,11,14,12,37,0,8,26,1,35,0,19,40,13,72,16,24,40,112
09/19/2007,TXK,AR,ASW,CE,Federal Contract Tower,0,13,17,2,32,0,6,19,2,27,0,19,36,4,59,6,0,6,65
09/20/2007,TXK,AR,ASW,CE,Federal Contract Tower,0,13,19,0,32,0,5,39,0,44,0,18,58,0,76,42,0,42,118
09/21/2007,TXK,AR,ASW,CE,Federal Contract Tower,0,10,16,2,28,0,5,48,6,59,0,15,64,8,87,20,8,28,115
09/22/2007,TXK,AR,ASW,CE,Federal Contract Tower,0,12,8,4,24,0,3,26,5,34,0,15,34,9,58,0,16,16,74
09/23/2007,TXK,AR,ASW,CE,Federal Contract Tower,0,9,15,6,30,0,10,7,0,17,0,19,22,6,47,2,6,8,55
09/24/2007,TXK,AR,ASW,CE,Federal Contract Tower,0,13,12,10,35,0,6,5,1,12,0,19,17,11,47,8,20,28,75
09/25/2007,TXK,AR,ASW,CE,Federal Contract Tower,0,17,10,4,31,0,2,7,3,12,0,19,17,7,43,18,4,22,65
09/26/2007,TXK,AR,ASW,CE,Federal Contract Tower,0,14,23,1,38,0,2,1,0,3,0,16,24,1,41,0,0,0,41
09/27/2007,TXK,AR,ASW,CE,Federal Contract Tower,0,11,16,0,27,0,3,18,0,21,0,14,34,0,48,4,0,4,52
09/28/2007,TXK,AR,ASW,CE,Federal Contract Tower,0,20,11,2,33,0,6,34,3,43,0,26,45,5,76,38,4,42,118
09/29/2007,TXK,AR,ASW,CE,Federal Contract Tower,0,10,10,0,20,0,0,57,0,57,0,10,67,0,77,36,0,36,113
09/30/2007,TXK,AR,ASW,CE,Federal Contract Tower,0,11,16,0,27,0,0,54,0,54,0,11,70,0,81,4,0,4,85
10/01/2007,TXK,AR,ASW,CE,Federal Contract Tower,0,13,11,2,26,0,1,11,2,14,0,14,22,4,40,8,0,8,48
10/02/2007,TXK,AR,ASW,CE,Federal Contract Tower,0,11,20,5,36,0,2,8,1,11,0,13,28,6,47,10,8,18,65
10/03/2007,TXK,AR,ASW,CE,Federal Contract Tower,0,13,21,2,36,0,0,36,2,38,0,13,57,4,74,8,0,8,82
10/04/2007,TXK,AR,ASW,CE,Federal Contract Tower,0,17,13,26,56,0,1,34,2,37,0,18,47,28,93,16,30,46,139
10/05/2007,TXK,AR,ASW,CE,Federal Contract Tower,0,12,22,20,54,0,7,24,1,32,0,19,46,21,86,10,22,32,118
10/06/2007,TXK,AR,ASW,CE,Federal Contract Tower,2,11,12,0,25,0,3,5,0,8,2,14,17,0,33,0,0,0,33
10/07/2007,TXK,AR,ASW,CE,Federal Contract Tower,0,9,9,2,20,0,0,25,0,25,0,9,34,2,45,42,0,42,87
10/08/2007,TXK,AR,ASW,CE,Federal Contract Tower,0,13,18,2,33,0,3,15,0,18,0,16,33,2,51,0,0,0,51
10/09/2007,TXK,AR,ASW,CE,Federal Contract Tower,0,12,21,4,37,0,2,25,0,27,0,14,46,4,64,20,10,30,94
10/10/2007,TXK,AR,ASW,CE,Federal Contract Tower,0,13,10,4,27,0,1,39,1,41,0,14,49,5,68,30,14,44,112
10/11/2007,TXK,AR,ASW,CE,Federal Contract Tower,0,12,15,10,37,0,1,19,0,20,0,13,34,10,57,20,12,32,89
10/12/2007,TXK,AR,ASW,CE,Federal Contract Tower,0,14,21,4,39,0,2,43,6,51,0,16,64,10,90,42,2,44,134
10/13/2007,TXK,AR,ASW,CE,Federal Contract Tower,0,11,15,4,30,0,7,24,2,33,0,18,39,6,63,22,30,52,115
10/14/2007,TXK,AR,ASW,CE,Federal Contract Tower,0,11,19,11,41,0,3,35,0,38,0,14,54,11,79,24,24,48,127
10/15/2007,TXK,AR,ASW,CE,Federal Contract Tower,0,9,8,0,17,0,0,0,0,0,0,9,8,0,17,0,0,0,17
10/16/2007,TXK,AR,ASW,CE,Federal Contract Tower,0,10,13,14,37,0,2,22,6,30,0,12,35,20,67,24,20,44,111
10/17/2007,TXK,AR,ASW,CE,Federal Contract Tower,0,11,18,0,29,0,2,3,0,5,0,13,21,0,34,2,0,2,36
10/18/2007,TXK,AR,ASW,CE,Federal Contract Tower,0,11,11,4,26,0,10,24,9,43,0,21,35,13,69,8,4,12,81
10/19/2007,TXK,AR,ASW,CE,Federal Contract Tower,0,11,29,24,64,0,6,43,2,51,0,17,72,26,115,22,48,70,185
10/20/2007,TXK,AR,ASW,CE,Federal Contract Tower,0,10,9,4,23,0,5,36,2,43,0,15,45,6,66,32,22,54,120
10/21/2007,TXK,AR,ASW,CE,Federal Contract Tower,0,11,13,5,29,0,3,29,0,32,0,14,42,5,61,18,6,24,85
10/22/2007,TXK,AR,ASW,CE,Federal Contract Tower,0,13,14,2,29,0,2,0,0,2,0,15,14,2,31,0,2,2,33
10/23/2007,TXK,AR,ASW,CE,Federal Contract Tower,0,11,9,4,24,0,4,6,0,10,0,15,15,4,34,14,6,20,54
10/24/2007,TXK,AR,ASW,CE,Federal Contract Tower,0,11,20,17,48,0,0,32,1,33,0,11,52,18,81,8,28,36,117
10/25/2007,TXK,AR,ASW,CE,Federal Contract Tower,0,13,21,9,43,0,0,13,9,22,0,13,34,18,65,6,16,22,87
10/26/2007,TXK,AR,ASW,CE,Federal Contract Tower,0,13,19,15,47,0,4,18,4,26,0,17,37,19,73,18,16,34,107
10/27/2007,TXK,AR,ASW,CE,Federal Contract Tower,0,10,3,2,15,0,7,31,1,39,0,17,34,3,54,40,10,50,104
10/28/2007,TXK,AR,ASW,CE,Federal Contract Tower,0,13,13,6,32,0,4,28,0,32,0,17,41,6,64,10,8,18,82
10/29/2007,TXK,AR,ASW,CE,Federal Contract Tower,0,12,3,8,23,0,4,15,10,29,0,16,18,18,52,12,22,34,86
10/30/2007,TXK,AR,ASW,CE,Federal Contract Tower,0,13,18,10,41,0,5,30,0,35,0,18,48,10,76,8,34,42,118
10/31/2007,TXK,AR,ASW,CE,Federal Contract Tower,0,11,10,12,33,0,4,19,0,23,0,15,29,12,56,0,54,54,110
11/01/2007,TXK,AR,ASW,CE,Federal Contract Tower,0,15,22,7,44,0,1,15,2,18,0,16,37,9,62,20,4,24,86
11/02/2007,TXK,AR,ASW,CE,Federal Contract Tower,0,11,9,9,29,0,1,22,1,24,0,12,31,10,53,12,14,26,79
11/03/2007,TXK,AR,ASW,CE,Federal Contract Tower,0,10,8,0,18,0,0,18,9,27,0,10,26,9,45,10,8,18,63
11/04/2007,TXK,AR,ASW,CE,Federal Contract Tower,0,11,4,0,15,0,4,13,0,17,0,15,17,0,32,0,0,0,32
11/05/2007,TXK,AR,ASW,CE,Federal Contract Tower,0,13,10,6,29,0,0,22,0,22,0,13,32,6,51,34,4,38,89
11/06/2007,TXK,AR,ASW,CE,Federal Contract Tower,0,11,13,10,34,0,3,38,0,41,0,14,51,10,75,140,10,150,225
11/07/2007,TXK,AR,ASW,CE,Federal Contract Tower,0,13,8,5,26,0,7,36,3,46,0,20,44,8,72,68,12,80,152
11/08/2007,TXK,AR,ASW,CE,Federal Contract Tower,0,13,18,7,38,0,2,26,3,31,0,15,44,10,69,26,2,28,97
11/09/2007,TXK,AR,ASW,CE,Federal Contract Tower,0,12,21,0,33,0,0,0,0,0,0,12,21,0,33,32,0,32,65
11/10/2007,TXK,AR,ASW,CE,Federal Contract Tower,0,10,18,2,30,0,2,0,0,2,0,12,18,2,32,0,0,0,32
11/11/2007,TXK,AR,ASW,CE,Federal Contract Tower,0,14,14,0,28,0,5,17,0,22,0,19,31,0,50,24,0,24,74
11/12/2007,TXK,AR,ASW,CE,Federal Contract Tower,0,17,10,10,37,0,3,10,4,17,0,20,20,14,54,8,22,30,84
11/13/2007,TXK,AR,ASW,CE,Federal Contract Tower,0,13,10,8,31,0,3,19,1,23,0,16,29,9,54,40,12,52,106
11/14/2007,TXK,AR,ASW,CE,Federal Contract Tower,0,12,25,8,45,0,7,19,4,30,0,19,44,12,75,34,20,54,129
11/15/2007,TXK,AR,ASW,CE,Federal Contract Tower,0,13,12,12,37,0,5,33,6,44,0,18,45,18,81,70,32,102,183
11/16/2007,TXK,AR,ASW,CE,Federal Contract Tower,0,13,21,6,40,0,2,25,0,27,0,15,46,6,67,34,20,54,121
11/17/2007,TXK,AR,ASW,CE,Federal Contract Tower,0,10,9,6,25,0,0,20,0,20,0,10,29,6,45,46,16,62,107
11/18/2007,TXK,AR,ASW,CE,Federal Contract Tower,0,12,14,8,34,0,4,8,1,13,0,16,22,9,47,6,6,12,59
11/19/2007,TXK,AR,ASW,CE,Federal Contract Tower,0,13,16,11,40,0,2,10,0,12,0,15,26,11,52,14,8,22,74
11/20/2007,TXK,AR,ASW,CE,Federal Contract Tower,0,15,23,2,40,0,1,18,0,19,0,16,41,2,59,14,0,14,73
11/21/2007,TXK,AR,ASW,CE,Federal Contract Tower,0,13,14,3,30,0,2,14,1,17,0,15,28,4,47,48,16,64,111
11/22/2007,TXK,AR,ASW,CE,Federal Contract Tower,0,8,9,0,17,0,6,8,0,14,0,14,17,0,31,0,0,0,31
11/23/2007,TXK,AR,ASW,CE,Federal Contract Tower,0,12,7,0,19,0,7,12,0,19,0,19,19,0,38,28,0,28,66
11/24/2007,TXK,AR,ASW,CE,Federal Contract Tower,0,12,5,0,17,0,0,1,0,1,0,12,6,0,18,0,0,0,18
11/25/2007,TXK,AR,ASW,CE,Federal Contract Tower,0,9,15,0,24,0,0,2,0,2,0,9,17,0,26,6,0,6,32
11/26/2007,TXK,AR,ASW,CE,Federal Contract Tower,0,11,14,18,43,0,12,9,0,21,0,23,23,18,64,14,8,22,86
11/27/2007,TXK,AR,ASW,CE,Federal Contract Tower,0,15,22,3,40,0,2,25,1,28,0,17,47,4,68,16,2,18,86
11/28/2007,TXK,AR,ASW,CE,Federal Contract Tower,0,11,13,7,31,0,9,24,2,35,0,20,37,9,66,18,18,36,102
11/29/2007,TXK,AR,ASW,CE,Federal Contract Tower,0,15,25,10,50,0,0,20,2,22,0,15,45,12,72,12,22,34,106
11/30/2007,TXK,AR,ASW,CE,Federal Contract Tower,0,14,12,12,38,0,0,8,0,8,0,14,20,12,46,0,26,26,72
12/01/2007,TXK,AR,ASW,CE,Federal Contract Tower,0,11,12,0,23,0,10,14,3,27,0,21,26,3,50,34,10,44,94
12/02/2007,TXK,AR,ASW,CE,Federal Contract Tower,0,11,6,2,19,0,6,5,5,16,0,17,11,7,35,0,4,4,39
12/03/2007,TXK,AR,ASW,CE,Federal Contract Tower,0,14,12,5,31,0,4,16,4,24,0,18,28,9,55,4,12,16,71
12/04/2007,TXK,AR,ASW,CE,Federal Contract Tower,0,11,19,2,32,0,7,25,2,34,0,18,44,4,66,8,6,14,80
12/05/2007,TXK,AR,ASW,CE,Federal Contract Tower,0,11,22,0,33,0,2,16,0,18,0,13,38,0,51,22,0,22,73
12/06/2007,TXK,AR,ASW,CE,Federal Contract Tower,0,11,10,2,23,0,4,10,3,17,0,15,20,5,40,6,4,10,50
12/07/2007,TXK,AR,ASW,CE,Federal Contract Tower,0,13,11,2,26,0,2,2,0,4,0,15,13,2,30,0,2,2,32
12/08/2007,TXK,AR,ASW,CE,Federal Contract Tower,0,10,18,2,30,0,4,17,1,22,0,14,35,3,52,18,12,30,82
12/09/2007,TXK,AR,ASW,CE,Federal Contract Tower,0,10,12,0,22,0,2,9,0,11,0,12,21,0,33,24,0,24,57
12/10/2007,TXK,AR,ASW,CE,Federal Contract Tower,0,8,9,0,17,0,0,0,0,0,0,8,9,0,17,0,0,0,17
12/11/2007,TXK,AR,ASW,CE,Federal Contract Tower,0,13,14,0,27,0,0,7,0,7,0,13,21,0,34,38,0,38,72
12/12/2007,TXK,AR,ASW,CE,Federal Contract Tower,0,13,28,0,41,0,0,0,0,0,0,13,28,0,41,0,0,0,41
12/13/2007,TXK,AR,ASW,CE,Federal Contract Tower,0,7,17,2,26,0,0,0,0,0,0,7,17,2,26,0,0,0,26
12/14/2007,TXK,AR,ASW,CE,Federal Contract Tower,0,10,21,0,31,0,0,4,0,4,0,10,25,0,35,10,0,10,45
12/15/2007,TXK,AR,ASW,CE,Federal Contract Tower,0,12,11,0,23,0,0,1,0,1,0,12,12,0,24,0,0,0,24
12/16/2007,TXK,AR,ASW,CE,Federal Contract Tower,0,11,9,0,20,0,8,23,0,31,0,19,32,0,51,2,0,2,53
12/17/2007,TXK,AR,ASW,CE,Federal Contract Tower,0,12,13,11,36,0,2,14,5,21,0,14,27,16,57,4,66,70,127
12/18/2007,TXK,AR,ASW,CE,Federal Contract Tower,0,17,24,8,49,0,2,7,0,9,0,19,31,8,58,0,8,8,66
12/19/2007,TXK,AR,ASW,CE,Federal Contract Tower,0,14,25,12,51,0,0,11,0,11,0,14,36,12,62,10,20,30,92
12/20/2007,TXK,AR,ASW,CE,Federal Contract Tower,0,11,20,0,31,0,0,12,1,13,0,11,32,1,44,18,0,18,62
12/21/2007,TXK,AR,ASW,CE,Federal Contract Tower,0,11,16,0,27,0,3,12,0,15,0,14,28,0,42,26,0,26,68
12/22/2007,TXK,AR,ASW,CE,Federal Contract Tower,0,14,26,0,40,0,0,6,0,6,0,14,32,0,46,2,0,2,48
12/23/2007,TXK,AR,ASW,CE,Federal Contract Tower,0,15,15,0,30,0,9,19,0,28,0,24,34,0,58,20,0,20,78
12/24/2007,TXK,AR,ASW,CE,Federal Contract Tower,0,8,1,0,9,0,5,11,0,16,0,13,12,0,25,2,0,2,27
12/25/2007,TXK,AR,ASW,CE,Federal Contract Tower,0,11,2,0,13,0,3,3,0,6,0,14,5,0,19,0,0,0,19
12/26/2007,TXK,AR,ASW,CE,Federal Contract Tower,0,8,0,0,8,0,0,18,0,18,0,8,18,0,26,0,0,0,26
12/27/2007,TXK,AR,ASW,CE,Federal Contract Tower,0,9,18,0,27,0,0,0,0,0,0,9,18,0,27,0,0,0,27
12/28/2007,TXK,AR,ASW,CE,Federal Contract Tower,0,10,15,0,25,0,0,14,0,14,0,10,29,0,39,28,0,28,67
12/29/2007,TXK,AR,ASW,CE,Federal Contract Tower,0,10,7,0,17,0,3,27,2,32,0,13,34,2,49,46,0,46,95
12/30/2007,TXK,AR,ASW,CE,Federal Contract Tower,0,11,5,0,16,0,0,39,0,39,0,11,44,0,55,46,0,46,101
12/31/2007,TXK,AR,ASW,CE,Federal Contract Tower,0,8,9,0,17,0,5,26,0,31,0,13,35,0,48,18,0,18,66
01/01/2008,TXK,AR,ASW,CE,Federal Contract Tower,0,11,9,0,20,0,9,18,0,27,0,20,27,0,47,0,0,0,47
01/02/2008,TXK,AR,ASW,CE,Federal Contract Tower,0,11,14,0,25,0,3,11,0,14,0,14,25,0,39,26,0,26,65
01/03/2008,TXK,AR,ASW,CE,Federal Contract Tower,0,12,1,2,15,0,2,18,1,21,0,14,19,3,36,2,2,4,40
01/04/2008,TXK,AR,ASW,CE,Federal Contract Tower,0,13,16,17,46,0,0,15,0,15,0,13,31,17,61,6,40,46,107
01/05/2008,TXK,AR,ASW,CE,Federal Contract Tower,0,11,2,0,13,0,3,8,0,11,0,14,10,0,24,6,0,6,30
01/06/2008,TXK,AR,ASW,CE,Federal Contract Tower,0,11,5,0,16,0,5,6,0,11,0,16,11,0,27,0,0,0,27
01/07/2008,TXK,AR,ASW,CE,Federal Contract Tower,0,11,6,1,18,0,3,5,2,10,0,14,11,3,28,2,0,2,30
01/08/2008,TXK,AR,ASW,CE,Federal Contract Tower,0,11,4,0,15,0,9,6,0,15,0,20,10,0,30,8,0,8,38
01/09/2008,TXK,AR,ASW,CE,Federal Contract Tower,0,12,21,3,36,0,3,32,4,39,0,15,53,7,75,18,26,44,119
01/10/2008,TXK,AR,ASW,CE,Federal Contract Tower,0,11,6,3,20,0,0,5,0,5,0,11,11,3,25,2,24,26,51
01/11/2008,TXK,AR,ASW,CE,Federal Contract Tower,0,11,21,11,43,0,10,41,9,60,0,21,62,20,103,20,60,80,183
01/12/2008,TXK,AR,ASW,CE,Federal Contract Tower,0,13,22,3,38,0,0,0,0,0,0,13,22,3,38,30,8,38,76
01/13/2008,TXK,AR,ASW,CE,Federal Contract Tower,0,11,12,0,23,0,7,29,0,36,0,18,41,0,59,20,0,20,79
01/14/2008,TXK,AR,ASW,CE,Federal Contract Tower,0,12,12,12,36,0,8,30,3,41,0,20,42,15,77,48,18,66,143
01/15/2008,TXK,AR,ASW,CE,Federal Contract Tower,0,13,20,4,37,0,7,31,2,40,0,20,51,6,77,22,12,34,111
01/16/2008,TXK,AR,ASW,CE,Federal Contract Tower,0,12,12,0,24,0,1,0,0,1,0,13,12,0,25,0,0,0,25
01/17/2008,TXK,AR,ASW,CE,Federal Contract Tower,0,12,10,2,24,0,4,21,0,25,0,16,31,2,49,18,8,26,75
01/18/2008,TXK,AR,ASW,CE,Federal Contract Tower,0,11,6,7,24,0,8,21,3,32,0,19,27,10,56,10,10,20,76
01/19/2008,TXK,AR,ASW,CE,Federal Contract Tower,0,12,2,2,16,0,5,15,0,20,0,17,17,2,36,12,2,14,50
01/20/2008,TXK,AR,ASW,CE,Federal Contract Tower,0,11,8,0,19,0,2,26,0,28,0,13,34,0,47,26,0,26,73
01/21/2008,TXK,AR,ASW,CE,Federal Contract Tower,0,11,11,0,22,0,0,7,0,7,0,11,18,0,29,10,0,10,39
01/22/2008,TXK,AR,ASW,CE,Federal Contract Tower,0,11,14,5,30,0,0,0,0,0,0,11,14,5,30,0,6,6,36
01/23/2008,TXK,AR,ASW,CE,Federal Contract Tower,0,15,18,11,44,0,0,7,0,7,0,15,25,11,51,16,26,42,93
01/24/2008,TXK,AR,ASW,CE,Federal Contract Tower,0,10,27,9,46,0,1,28,2,31,0,11,55,11,77,26,16,42,119
01/25/2008,TXK,AR,ASW,CE,Federal Contract Tower,0,7,11,0,18,0,0,0,0,0,0,7,11,0,18,2,0,2,20
01/26/2008,TXK,AR,ASW,CE,Federal Contract Tower,2,15,8,2,27,0,0,0,0,0,2,15,8,2,27,0,4,4,31
01/27/2008,TXK,AR,ASW,CE,Federal Contract Tower,0,7,12,0,19,0,3,8,0,11,0,10,20,0,30,0,0,0,30
01/28/2008,TXK,AR,ASW,CE,Federal Contract Tower,0,12,16,0,28,0,0,3,0,3,0,12,19,0,31,26,0,26,57
01/29/2008,TXK,AR,ASW,CE,Federal Contract Tower,0,9,12,0,21,0,5,8,0,13,0,14,20,0,34,0,0,0,34
01/30/2008,TXK,AR,ASW,CE,Federal Contract Tower,0,17,20,9,46,0,0,27,1,28,0,17,47,10,74,2,8,10,84
01/31/2008,TXK,AR,ASW,CE,Federal Contract Tower,0,9,13,5,27,0,1,1,0,2,0,10,14,5,29,10,6,16,45
02/01/2008,TXK,AR,ASW,CE,Federal Contract Tower,0,13,11,10,34,0,6,10,8,24,0,19,21,18,58,4,32,36,94
02/02/2008,TXK,AR,ASW,CE,Federal Contract Tower,0,10,6,1,17,0,6,23,1,30,0,16,29,2,47,2,0,2,49
02/03/2008,TXK,AR,ASW,CE,Federal Contract Tower,0,14,9,6,29,0,5,3,0,8,0,19,12,6,37,0,0,0,37
02/04/2008,TXK,AR,ASW,CE,Federal Contract Tower,0,13,14,7,34,0,0,3,0,3,0,13,17,7,37,0,12,12,49
02/05/2008,TXK,AR,ASW,CE,Federal Contract Tower,0,10,13,0,23,0,2,2,0,4,0,12,15,0,27,0,0,0,27
02/06/2008,TXK,AR,ASW,CE,Federal Contract Tower,0,8,12,2,22,0,6,31,0,37,0,14,43,2,59,38,4,42,101
02/07/2008,TXK,AR,ASW,CE,Federal Contract Tower,0,13,13,14,40,0,2,7,5,14,0,15,20,19,54,0,46,46,100
02/08/2008,TXK,AR,ASW,CE,Federal Contract Tower,0,11,11,8,30,0,1,18,2,21,0,12,29,10,51,34,16,50,101
02/09/2008,TXK,AR,ASW,CE,Federal Contract Tower,0,10,3,2,15,0,2,26,4,32,0,12,29,6,47,20,0,20,67
02/10/2008,TXK,AR,ASW,CE,Federal Contract Tower,0,12,15,0,27,0,1,42,2,45,0,13,57,2,72,54,4,58,130
02/11/2008,TXK,AR,ASW,CE,Federal Contract Tower,0,11,17,2,30,0,9,14,1,24,0,20,31,3,54,50,0,50,104
02/12/2008,TXK,AR,ASW,CE,Federal Contract Tower,0,11,14,5,30,0,2,2,1,5,0,13,16,6,35,0,44,44,79
02/13/2008,TXK,AR,ASW,CE,Federal Contract Tower,0,12,11,11,34,0,1,27,4,32,0,13,38,15,66,42,46,88,154
02/14/2008,TXK,AR,ASW,CE,Federal Contract Tower,0,11,10,15,36,0,2,47,5,54,0,13,57,20,90,32,32,64,154
02/15/2008,TXK,AR,ASW,CE,Federal Contract Tower,0,13,13,0,26,0,0,7,0,7,0,13,20,0,33,16,0,16,49
02/16/2008,TXK,AR,ASW,CE,Federal Contract Tower,0,10,2,0,12,0,0,0,0,0,0,10,2,0,12,2,0,2,14
02/17/2008,TXK,AR,ASW,CE,Federal Contract Tower,0,11,8,0,19,0,6,8,0,14,0,17,16,0,33,12,0,12,45
02/18/2008,TXK,AR,ASW,CE,Federal Contract Tower,0,15,17,0,32,0,6,16,0,22,0,21,33,0,54,6,0,6,60
02/19/2008,TXK,AR,ASW,CE,Federal Contract Tower,0,13,12,13,38,0,2,28,3,33,0,15,40,16,71,16,20,36,107
02/20/2008,TXK,AR,ASW,CE,Federal Contract Tower,0,20,15,9,44,0,2,19,0,21,0,22,34,9,65,0,16,16,81
02/21/2008,TXK,AR,ASW,CE,Federal Contract Tower,0,13,23,0,36,0,0,1,0,1,0,13,24,0,37,2,0,2,39
02/22/2008,TXK,AR,ASW,CE,Federal Contract Tower,0,11,10,23,44,0,3,4,0,7,0,14,14,23,51,0,32,32,83
02/23/2008,TXK,AR,ASW,CE,Federal Contract Tower,0,10,10,0,20,0,2,10,0,12,0,12,20,0,32,8,0,8,40
02/24/2008,TXK,AR,ASW,CE,Federal Contract Tower,0,15,10,7,32,0,0,8,2,10,0,15,18,9,42,2,12,14,56
02/25/2008,TXK,AR,ASW,CE,Federal Contract Tower,0,11,7,4,22,0,2,12,1,15,0,13,19,5,37,0,6,6,43
02/26/2008,TXK,AR,ASW,CE,Federal Contract Tower,0,13,17,2,32,0,2,15,4,21,0,15,32,6,53,2,8,10,63
02/27/2008,TXK,AR,ASW,CE,Federal Contract Tower,0,12,21,7,40,0,5,31,1,37,0,17,52,8,77,16,20,36,113
02/28/2008,TXK,AR,ASW,CE,Federal Contract Tower,0,11,20,0,31,0,5,27,1,33,0,16,47,1,64,18,14,32,96
02/29/2008,TXK,AR,ASW,CE,Federal Contract Tower,0,11,13,5,29,0,5,23,1,29,0,16,36,6,58,60,4,64,122
03/01/2008,TXK,AR,ASW,CE,Federal Contract Tower,0,11,6,2,19,0,5,19,0,24,0,16,25,2,43,44,0,44,87
03/02/2008,TXK,AR,ASW,CE,Federal Contract Tower,0,9,5,2,16,0,0,5,0,5,0,9,10,2,21,28,0,28,49
03/03/2008,TXK,AR,ASW,CE,Federal Contract Tower,0,6,1,0,7,0,0,0,0,0,0,6,1,0,7,0,0,0,7
03/04/2008,TXK,AR,ASW,CE,Federal Contract Tower,0,11,15,1,27,0,0,22,0,22,0,11,37,1,49,4,2,6,55
03/05/2008,TXK,AR,ASW,CE,Federal Contract Tower,0,14,16,7,37,0,1,36,7,44,0,15,52,14,81,18,18,36,117
03/06/2008,TXK,AR,ASW,CE,Federal Contract Tower,0,7,12,2,21,0,3,8,0,11,0,10,20,2,32,22,0,22,54
03/07/2008,TXK,AR,ASW,CE,Federal Contract Tower,0,7,11,0,18,0,1,14,0,15,0,8,25,0,33,14,0,14,47
03/08/2008,TXK,AR,ASW,CE,Federal Contract Tower,0,8,10,0,18,0,4,26,0,30,0,12,36,0,48,32,0,32,80
03/09/2008,TXK,AR,ASW,CE,Federal Contract Tower,0,11,19,0,30,0,3,49,2,54,0,14,68,2,84,4,0,4,88
03/10/2008,TXK,AR,ASW,CE,Federal Contract Tower,0,9,10,0,19,0,2,4,10,16,0,11,14,10,35,34,8,42,77
03/11/2008,TXK,AR,ASW,CE,Federal Contract Tower,0,8,12,5,25,0,5,42,2,49,0,13,54,7,74,8,8,16,90
03/12/2008,TXK,AR,ASW,CE,Federal Contract Tower,0,8,14,11,33,0,5,53,1,59,0,13,67,12,92,60,30,90,182
03/13/2008,TXK,AR,ASW,CE,Federal Contract Tower,0,8,17,0,25,0,5,8,4,17,0,13,25,4,42,0,0,0,42
03/14/2008,TXK,AR,ASW,CE,Federal Contract Tower,0,12,11,9,32,0,9,27,3,39,0,21,38,12,71,12,60,72,143
03/15/2008,TXK,AR,ASW,CE,Federal Contract Tower,0,10,8,0,18,0,2,34,0,36,0,12,42,0,54,48,0,48,102
03/16/2008,TXK,AR,ASW,CE,Federal Contract Tower,0,12,9,0,21,0,4,20,0,24,0,16,29,0,45,6,0,6,51
03/17/2008,TXK,AR,ASW,CE,Federal Contract Tower,0,9,13,2,24,0,5,5,2,12,0,14,18,4,36,0,28,28,64
03/18/2008,TXK,AR,ASW,CE,Federal Contract Tower,0,3,2,0,5,0,3,0,0,3,0,6,2,0,8,0,0,0,8
03/19/2008,TXK,AR,ASW,CE,Federal Contract Tower,0,9,19,10,38,0,0,11,8,19,0,9,30,18,57,0,36,36,93
03/20/2008,TXK,AR,ASW,CE,Federal Contract Tower,0,8,14,2,24,0,7,44,2,53,0,15,58,4,77,14,4,18,95
03/21/2008,TXK,AR,ASW,CE,Federal Contract Tower,0,10,7,4,21,0,4,24,1,29,0,14,31,5,50,16,8,24,74
03/22/2008,TXK,AR,ASW,CE,Federal Contract Tower,0,9,8,0,17,0,2,50,4,56,0,11,58,4,73,16,0,16,89
03/23/2008,TXK,AR,ASW,CE,Federal Contract Tower,0,9,6,2,17,0,3,24,0,27,0,12,30,2,44,22,0,22,66
03/24/2008,TXK,AR,ASW,CE,Federal Contract Tower,0,9,14,8,31,0,0,32,2,34,0,9,46,10,65,34,38,72,137
03/25/2008,TXK,AR,ASW,CE,Federal Contract Tower,0,8,22,4,34,0,2,18,0,20,0,10,40,4,54,30,4,34,88
03/26/2008,TXK,AR,ASW,CE,Federal Contract Tower,0,11,16,5,32,0,0,20,3,23,0,11,36,8,55,20,4,24,79
03/27/2008,TXK,AR,ASW,CE,Federal Contract Tower,0,12,8,2,22,0,6,20,2,28,0,18,28,4,50,24,0,24,74
03/28/2008,TXK,AR,ASW,CE,Federal Contract Tower,0,11,12,5,28,0,3,3,0,6,0,14,15,5,34,2,8,10,44
03/29/2008,TXK,AR,ASW,CE,Federal Contract Tower,0,8,14,0,22,0,0,0,0,0,0,8,14,0,22,2,0,2,24
03/30/2008,TXK,AR,ASW,CE,Federal Contract Tower,0,5,4,0,9,0,0,2,0,2,0,5,6,0,11,0,0,0,11
03/31/2008,TXK,AR,ASW,CE,Federal Contract Tower,0,9,9,3,21,0,3,5,1,9,0,12,14,4,30,2,0,2,32
04/01/2008,TXK,AR,ASW,CE,Federal Contract Tower,0,12,20,8,40,0,4,6,2,12,0,16,26,10,52,2,8,10,62
04/02/2008,TXK,AR,ASW,CE,Federal Contract Tower,0,11,27,0,38,0,3,0,5,8,0,14,27,5,46,0,0,0,46
04/03/2008,TXK,AR,ASW,CE,Federal Contract Tower,0,11,25,0,36,0,0,3,0,3,0,11,28,0,39,6,0,6,45
04/04/2008,TXK,AR,ASW,CE,Federal Contract Tower,0,9,16,0,25,0,0,3,2,5,0,9,19,2,30,0,0,0,30
04/05/2008,TXK,AR,ASW,CE,Federal Contract Tower,0,9,10,0,19,0,9,40,6,55,0,18,50,6,74,38,0,38,112
04/06/2008,TXK,AR,ASW,CE,Federal Contract Tower,0,13,19,3,35,0,1,31,2,34,0,14,50,5,69,16,8,24,93
04/07/2008,TXK,AR,ASW,CE,Federal Contract Tower,0,9,18,4,31,0,3,10,1,14,0,12,28,5,45,6,6,12,57
04/08/2008,TXK,AR,ASW,CE,Federal Contract Tower,0,9,22,0,31,0,0,2,0,2,0,9,24,0,33,0,0,0,33
04/09/2008,TXK,AR,ASW,CE,Federal Contract Tower,0,10,17,0,27,0,1,8,0,9,0,11,25,0,36,0,0,0,36
04/10/2008,TXK,AR,ASW,CE,Federal Contract Tower,0,11,6,0,17,0,7,10,0,17,0,18,16,0,34,0,0,0,34
04/11/2008,TXK,AR,ASW,CE,Federal Contract Tower,0,12,17,12,41,0,4,36,1,41,0,16,53,13,82,12,58,70,152
04/12/2008,TXK,AR,ASW,CE,Federal Contract Tower,0,10,6,2,18,0,4,47,0,51,0,14,53,2,69,2,8,10,79
04/13/2008,TXK,AR,ASW,CE,Federal Contract Tower,0,10,8,13,31,0,7,15,1,23,0,17,23,14,54,3,18,21,75
04/14/2008,TXK,AR,ASW,CE,Federal Contract Tower,0,9,13,2,24,0,0,25,0,25,0,9,38,2,49,22,4,26,75
04/15/2008,TXK,AR,ASW,CE,Federal Contract Tower,0,9,14,4,27,0,0,26,10,36,0,9,40,14,63,10,6,16,79
04/16/2008,TXK,AR,ASW,CE,Federal Contract Tower,0,9,27,3,39,0,3,29,1,33,0,12,56,4,72,26,12,38,110
04/17/2008,TXK,AR,ASW,CE,Federal Contract Tower,0,10,18,2,30,0,2,9,2,13,0,12,27,4,43,0,4,4,47
04/18/2008,TXK,AR,ASW,CE,Federal Contract Tower,0,11,11,0,22,0,2,8,0,10,0,13,19,0,32,10,0,10,42
04/19/2008,TXK,AR,ASW,CE,Federal Contract Tower,0,9,4,0,13,0,4,41,0,45,0,13,45,0,58,20,0,20,78
04/20/2008,TXK,AR,ASW,CE,Federal Contract Tower,0,8,13,0,21,0,4,22,0,26,0,12,35,0,47,6,0,6,53
04/21/2008,TXK,AR,ASW,CE,Federal Contract Tower,1,10,13,3,27,0,0,7,0,7,1,10,20,3,34,30,10,40,74
04/22/2008,TXK,AR,ASW,CE,Federal Contract Tower,0,11,13,2,26,0,0,7,3,10,0,11,20,5,36,18,12,30,66
04/23/2008,TXK,AR,ASW,CE,Federal Contract Tower,0,10,27,5,42,0,1,13,0,14,0,11,40,5,56,38,4,42,98
04/24/2008,TXK,AR,ASW,CE,Federal Contract Tower,0,11,20,0,31,0,4,29,0,33,0,15,49,0,64,40,0,40,104
04/25/2008,TXK,AR,ASW,CE,Federal Contract Tower,0,9,16,2,27,0,0,27,2,29,0,9,43,4,56,48,0,48,104
04/26/2008,TXK,AR,ASW,CE,Federal Contract Tower,0,9,10,0,19,0,7,11,0,18,0,16,21,0,37,12,0,12,49
04/27/2008,TXK,AR,ASW,CE,Federal Contract Tower,0,8,9,0,17,0,2,13,0,15,0,10,22,0,32,2,0,2,34
04/28/2008,TXK,AR,ASW,CE,Federal Contract Tower,0,9,8,6,23,0,16,28,1,45,0,25,36,7,68,66,17,83,151
04/29/2008,TXK,AR,ASW,CE,Federal Contract Tower,0,9,20,2,31,0,4,30,0,34,0,13,50,2,65,98,0,98,163
04/30/2008,TXK,AR,ASW,CE,Federal Contract Tower,0,9,14,0,23,0,5,33,5,43,0,14,47,5,66,18,8,26,92
05/01/2008,TXK,AR,ASW,CE,Federal Contract Tower,0,9,17,7,33,0,3,11,2,16,0,12,28,9,49,0,10,10,59
05/02/2008,TXK,AR,ASW,CE,Federal Contract Tower,2,10,8,4,24,0,7,12,0,19,2,17,20,4,43,0,0,0,43
05/03/2008,TXK,AR,ASW,CE,Federal Contract Tower,0,8,5,1,14,0,10,36,3,49,0,18,41,4,63,16,4,20,83
05/04/2008,TXK,AR,ASW,CE,Federal Contract Tower,0,13,10,0,23,0,5,24,8,37,0,18,34,8,60,8,0,8,68
05/05/2008,TXK,AR,ASW,CE,Federal Contract Tower,0,9,9,0,18,0,5,28,0,33,0,14,37,0,51,30,0,30,81
05/06/2008,TXK,AR,ASW,CE,Federal Contract Tower,0,10,20,1,31,0,2,1,0,3,0,12,21,1,34,0,10,10,44
05/07/2008,TXK,AR,ASW,CE,Federal Contract Tower,0,12,14,0,26,0,0,3,2,5,0,12,17,2,31,0,0,0,31
05/08/2008,TXK,AR,ASW,CE,Federal Contract Tower,0,12,25,12,49,0,1,19,8,28,0,13,44,20,77,2,81,83,160
05/09/2008,TXK,AR,ASW,CE,Federal Contract Tower,0,10,16,6,32,0,5,34,1,40,0,15,50,7,72,14,18,32,104
05/10/2008,TXK,AR,ASW,CE,Federal Contract Tower,0,9,8,0,17,0,0,6,0,6,0,9,14,0,23,0,0,0,23
05/11/2008,TXK,AR,ASW,CE,Federal Contract Tower,0,11,12,4,27,0,2,24,0,26,0,13,36,4,53,0,6,6,59
05/12/2008,TXK,AR,ASW,CE,Federal Contract Tower,0,11,9,0,20,0,8,40,0,48,0,19,49,0,68,34,0,34,102
05/13/2008,TXK,AR,ASW,CE,Federal Contract Tower,0,8,13,5,26,0,0,2,1,3,0,8,15,6,29,0,20,20,49
05/14/2008,TXK,AR,ASW,CE,Federal Contract Tower,0,12,13,2,27,0,2,2,4,8,0,14,15,6,35,10,0,10,45
05/15/2008,TXK,AR,ASW,CE,Federal Contract Tower,0,10,15,2,27,0,3,15,1,19,0,13,30,3,46,12,16,28,74
05/16/2008,TXK,AR,ASW,CE,Federal Contract Tower,0,12,16,15,43,0,6,36,7,49,0,18,52,22,92,22,52,74,166
05/17/2008,TXK,AR,ASW,CE,Federal Contract Tower,0,10,11,0,21,0,7,29,0,36,0,17,40,0,57,4,0,4,61
05/18/2008,TXK,AR,ASW,CE,Federal Contract Tower,0,11,10,6,27,0,11,26,2,39,0,22,36,8,66,16,34,50,116
05/19/2008,TXK,AR,ASW,CE,Federal Contract Tower,0,9,11,5,25,0,5,32,7,44,0,14,43,12,69,20,6,26,95
05/20/2008,TXK,AR,ASW,CE,Federal Contract Tower,0,8,18,1,27,0,3,25,1,29,0,11,43,2,56,10,4,14,70
05/21/2008,TXK,AR,ASW,CE,Federal Contract Tower,0,11,20,1,32,0,4,17,1,22,0,15,37,2,54,4,4,8,62
05/22/2008,TXK,AR,ASW,CE,Federal Contract Tower,0,9,20,2,31,0,2,2,14,18,0,11,22,16,49,0,0,0,49
05/23/2008,TXK,AR,ASW,CE,Federal Contract Tower,0,9,28,3,40,0,3,3,7,13,0,12,31,10,53,4,18,22,75
05/24/2008,TXK,AR,ASW,CE,Federal Contract Tower,0,10,11,0,21,0,4,13,2,19,0,14,24,2,40,24,0,24,64
05/25/2008,TXK,AR,ASW,CE,Federal Contract Tower,0,10,6,0,16,0,3,13,2,18,0,13,19,2,34,20,4,24,58
05/26/2008,TXK,AR,ASW,CE,Federal Contract Tower,0,8,13,0,21,0,0,23,2,25,0,8,36,2,46,16,0,16,62
05/27/2008,TXK,AR,ASW,CE,Federal Contract Tower,0,7,6,0,13,0,2,0,0,2,0,9,6,0,15,0,0,0,15
05/28/2008,TXK,AR,ASW,CE,Federal Contract Tower,0,13,9,8,30,0,4,3,4,11,0,17,12,12,41,12,34,46,87
05/29/2008,TXK,AR,ASW,CE,Federal Contract Tower,0,9,21,5,35,0,2,12,4,18,0,11,33,9,53,28,8,36,89
05/30/2008,TXK,AR,ASW,CE,Federal Contract Tower,0,9,17,9,35,0,3,17,2,22,0,12,34,11,57,2,44,46,103
05/31/2008,TXK,AR,ASW,CE,Federal Contract Tower,0,8,8,0,16,0,3,4,0,7,0,11,12,0,23,0,0,0,23
06/01/2008,TXK,AR,ASW,CE,Federal Contract Tower,0,15,8,2,25,0,6,12,0,18,0,21,20,2,43,0,0,0,43
06/02/2008,TXK,AR,ASW,CE,Federal Contract Tower,0,11,24,5,40,0,10,27,0,37,0,21,51,5,77,26,0,26,103
06/03/2008,TXK,AR,ASW,CE,Federal Contract Tower,0,11,12,5,28,0,5,34,5,44,0,16,46,10,72,42,10,52,124
06/04/2008,TXK,AR,ASW,CE,Federal Contract Tower,0,14,10,2,26,0,2,12,4,18,0,16,22,6,44,0,0,0,44
06/05/2008,TXK,AR,ASW,CE,Federal Contract Tower,0,12,13,4,29,0,6,12,0,18,0,18,25,4,47,18,6,24,71
06/06/2008,TXK,AR,ASW,CE,Federal Contract Tower,0,12,12,10,34,0,4,14,0,18,0,16,26,10,52,20,6,26,78
06/07/2008,TXK,AR,ASW,CE,Federal Contract Tower,0,10,8,0,18,0,3,15,2,20,0,13,23,2,38,0,4,4,42
06/08/2008,TXK,AR,ASW,CE,Federal Contract Tower,0,11,14,0,25,0,5,19,0,24,0,16,33,0,49,16,0,16,65
06/09/2008,TXK,AR,ASW,CE,Federal Contract Tower,0,9,11,4,24,0,1,9,34,44,0,10,20,38,68,0,8,8,76
06/10/2008,TXK,AR,ASW,CE,Federal Contract Tower,0,11,19,9,39,0,7,27,15,49,0,18,46,24,88,136,10,146,234
06/11/2008,TXK,AR,ASW,CE,Federal Contract Tower,0,11,25,1,37,0,5,17,0,22,0,16,42,1,59,4,0,4,63
06/12/2008,TXK,AR,ASW,CE,Federal Contract Tower,0,11,22,6,39,0,4,32,6,42,0,15,54,12,81,18,24,42,123
06/13/2008,TXK,AR,ASW,CE,Federal Contract Tower,0,11,19,5,35,0,3,20,4,27,0,14,39,9,62,10,16,26,88
06/14/2008,TXK,AR,ASW,CE,Federal Contract Tower,0,10,9,0,19,0,0,7,0,7,0,10,16,0,26,0,0,0,26
06/15/2008,TXK,AR,ASW,CE,Federal Contract Tower,0,11,12,2,25,0,7,21,2,30,0,18,33,4,55,2,14,16,71
06/16/2008,TXK,AR,ASW,CE,Federal Contract Tower,0,11,16,0,27,0,4,10,0,14,0,15,26,0,41,6,0,6,47
06/17/2008,TXK,AR,ASW,CE,Federal Contract Tower,0,11,16,2,29,0,3,14,0,17,0,14,30,2,46,16,8,24,70
06/18/2008,TXK,AR,ASW,CE,Federal Contract Tower,0,11,22,0,33,0,2,27,4,33,0,13,49,4,66,0,0,0,66
06/19/2008,TXK,AR,ASW,CE,Federal Contract Tower,0,13,28,0,41,0,0,21,2,23,0,13,49,2,64,12,6,18,82
06/20/2008,TXK,AR,ASW,CE,Federal Contract Tower,0,13,13,2,28,0,2,11,0,13,0,15,24,2,41,6,8,14,55
06/21/2008,TXK,AR,ASW,CE,Federal Contract Tower,0,11,10,0,21,0,5,15,0,20,0,16,25,0,41,24,0,24,65
06/22/2008,TXK,AR,ASW,CE,Federal Contract Tower,0,12,7,0,19,0,9,27,6,42,0,21,34,6,61,18,20,38,99
06/23/2008,TXK,AR,ASW,CE,Federal Contract Tower,0,14,15,2,31,0,0,15,1,16,0,14,30,3,47,18,12,30,77
06/24/2008,TXK,AR,ASW,CE,Federal Contract Tower,0,12,9,0,21,0,10,21,9,40,0,22,30,9,61,42,2,44,105
06/25/2008,TXK,AR,ASW,CE,Federal Contract Tower,0,10,22,3,35,0,3,11,9,23,0,13,33,12,58,10,20,30,88
06/26/2008,TXK,AR,ASW,CE,Federal Contract Tower,0,13,19,6,38,0,2,19,10,31,0,15,38,16,69,0,20,20,89
06/27/2008,TXK,AR,ASW,CE,Federal Contract Tower,0,11,14,20,45,0,0,13,10,23,0,11,27,30,68,2,76,78,146
06/28/2008,TXK,AR,ASW,CE,Federal Contract Tower,0,9,8,2,19,0,7,16,1,24,0,16,24,3,43,0,28,28,71
06/29/2008,TXK,AR,ASW,CE,Federal Contract Tower,0,11,11,2,24,0,2,11,2,15,0,13,22,4,39,0,6,6,45
06/30/2008,TXK,AR,ASW,CE,Federal Contract Tower,0,11,6,11,28,0,4,38,5,47,0,15,44,16,75,22,32,54,129
07/01/2008,TXK,AR,ASW,CE,Federal Contract Tower,0,11,15,13,39,0,5,22,0,27,0,16,37,13,66,24,34,58,124
07/02/2008,TXK,AR,ASW,CE,Federal Contract Tower,0,11,14,9,34,0,1,29,2,32,0,12,43,11,66,18,12,30,96
07/03/2008,TXK,AR,ASW,CE,Federal Contract Tower,0,11,10,7,28,0,4,21,9,34,0,15,31,16,62,4,26,30,92
07/04/2008,TXK,AR,ASW,CE,Federal Contract Tower,0,10,5,0,15,0,1,21,0,22,0,11,26,0,37,12,0,12,49
07/05/2008,TXK,AR,ASW,CE,Federal Contract Tower,0,10,10,0,20,0,4,20,0,24,0,14,30,0,44,18,0,18,62
07/06/2008,TXK,AR,ASW,CE,Federal Contract Tower,0,11,16,3,30,0,10,16,5,31,0,21,32,8,61,0,0,0,61
07/07/2008,TXK,AR,ASW,CE,Federal Contract Tower,0,13,12,4,29,0,5,16,3,24,0,18,28,7,53,10,16,26,79
07/08/2008,TXK,AR,ASW,CE,Federal Contract Tower,0,13,10,8,31,0,5,13,0,18,0,18,23,8,49,0,4,4,53
07/09/2008,TXK,AR,ASW,CE,Federal Contract Tower,0,13,14,14,41,3,15,1,0,19,3,28,15,14,60,14,38,52,112
07/10/2008,TXK,AR,ASW,CE,Federal Contract Tower,0,11,13,8,32,0,2,13,1,16,0,13,26,9,48,10,18,28,76
07/11/2008,TXK,AR,ASW,CE,Federal Contract Tower,0,13,14,3,30,0,5,14,7,26,0,18,28,10,56,16,6,22,78
07/12/2008,TXK,AR,ASW,CE,Federal Contract Tower,0,10,5,0,15,0,7,14,0,21,0,17,19,0,36,6,0,6,42
07/13/2008,TXK,AR,ASW,CE,Federal Contract Tower,0,11,10,0,21,0,8,14,0,22,0,19,24,0,43,0,0,0,43
07/14/2008,TXK,AR,ASW,CE,Federal Contract Tower,0,11,26,2,39,0,14,14,0,28,0,25,40,2,67,2,6,8,75
07/15/2008,TXK,AR,ASW,CE,Federal Contract Tower,0,10,20,6,36,0,4,20,1,25,0,14,40,7,61,10,4,14,75
07/16/2008,TXK,AR,ASW,CE,Federal Contract Tower,0,11,26,4,41,0,5,23,0,28,0,16,49,4,69,10,14,24,93
07/17/2008,TXK,AR,ASW,CE,Federal Contract Tower,0,12,17,3,32,0,6,29,2,37,0,18,46,5,69,0,34,34,103
07/18/2008,TXK,AR,ASW,CE,Federal Contract Tower,0,11,7,10,28,0,7,26,6,39,0,18,33,16,67,0,8,8,75
07/19/2008,TXK,AR,ASW,CE,Federal Contract Tower,0,10,5,2,17,0,4,17,4,25,0,14,22,6,42,6,0,6,48
07/20/2008,TXK,AR,ASW,CE,Federal Contract Tower,0,13,5,0,18,0,6,14,0,20,0,19,19,0,38,12,0,12,50
07/21/2008,TXK,AR,ASW,CE,Federal Contract Tower,0,11,14,0,25,0,2,23,0,25,0,13,37,0,50,24,0,24,74
07/22/2008,TXK,AR,ASW,CE,Federal Contract Tower,0,11,24,16,51,0,2,23,0,25,0,13,47,16,76,2,84,86,162
07/23/2008,TXK,AR,ASW,CE,Federal Contract Tower,0,11,9,6,26,0,1,18,2,21,0,12,27,8,47,20,4,24,71
07/24/2008,TXK,AR,ASW,CE,Federal Contract Tower,0,13,20,4,37,0,2,18,1,21,0,15,38,5,58,28,6,34,92
07/25/2008,TXK,AR,ASW,CE,Federal Contract Tower,0,11,10,0,21,0,3,16,0,19,0,14,26,0,40,4,0,4,44
07/26/2008,TXK,AR,ASW,CE,Federal Contract Tower,0,12,5,0,17,0,3,16,0,19,0,15,21,0,36,6,0,6,42
07/27/2008,TXK,AR,ASW,CE,Federal Contract Tower,0,11,9,0,20,0,0,19,0,19,0,11,28,0,39,18,0,18,57
07/28/2008,TXK,AR,ASW,CE,Federal Contract Tower,0,11,11,6,28,0,3,4,0,7,0,14,15,6,35,2,12,14,49
07/29/2008,TXK,AR,ASW,CE,Federal Contract Tower,0,11,21,5,37,0,4,17,3,24,0,15,38,8,61,0,8,8,69
07/30/2008,TXK,AR,ASW,CE,Federal Contract Tower,0,12,7,4,23,0,1,25,1,27,0,13,32,5,50,2,6,8,58
07/31/2008,TXK,AR,ASW,CE,Federal Contract Tower,0,15,18,7,40,0,3,6,0,9,0,18,24,7,49,6,16,22,71
08/01/2008,TXK,AR,ASW,CE,Federal Contract Tower,0,11,18,5,34,0,6,12,1,19,0,17,30,6,53,0,4,4,57
08/02/2008,TXK,AR,ASW,CE,Federal Contract Tower,0,11,10,0,21,0,2,28,0,30,0,13,38,0,51,20,0,20,71
08/03/2008,TXK,AR,ASW,CE,Federal Contract Tower,0,16,6,2,24,0,2,34,0,36,0,18,40,2,60,2,0,2,62
08/04/2008,TXK,AR,ASW,CE,Federal Contract Tower,0,15,8,7,30,0,3,23,1,27,0,18,31,8,57,18,34,52,109
08/05/2008,TXK,AR,ASW,CE,Federal Contract Tower,0,14,12,4,30,0,9,13,0,22,0,23,25,4,52,8,4,12,64
08/06/2008,TXK,AR,ASW,CE,Federal Contract Tower,0,16,16,2,34,0,4,9,4,17,0,20,25,6,51,20,12,32,83
08/07/2008,TXK,AR,ASW,CE,Federal Contract Tower,0,13,12,3,28,0,4,14,6,24,0,17,26,9,52,14,6,20,72
08/08/2008,TXK,AR,ASW,CE,Federal Contract Tower,0,11,12,5,28,0,5,11,2,18,0,16,23,7,46,2,14,16,62
08/09/2008,TXK,AR,ASW,CE,Federal Contract Tower,0,10,7,1,18,0,3,106,9,118,0,13,113,10,136,30,22,52,188
08/10/2008,TXK,AR,ASW,CE,Federal Contract Tower,0,13,6,2,21,0,0,2,0,2,0,13,8,2,23,0,0,0,23
08/11/2008,TXK,AR,ASW,CE,Federal Contract Tower,0,13,8,0,21,0,0,0,0,0,0,13,8,0,21,0,0,0,21
08/12/2008,TXK,AR,ASW,CE,Federal Contract Tower,0,13,19,0,32,0,1,4,2,7,0,14,23,2,39,0,0,0,39
08/13/2008,TXK,AR,ASW,CE,Federal Contract Tower,0,15,24,11,50,0,3,34,3,40,0,18,58,14,90,30,26,56,146
08/14/2008,TXK,AR,ASW,CE,Federal Contract Tower,0,11,22,7,40,0,4,24,5,33,0,15,46,12,73,16,44,60,133
08/15/2008,TXK,AR,ASW,CE,Federal Contract Tower,0,7,13,4,24,0,3,2,0,5,0,10,15,4,29,0,4,4,33
08/16/2008,TXK,AR,ASW,CE,Federal Contract Tower,0,12,11,9,32,0,6,1,0,7,0,18,12,9,39,6,30,36,75
08/17/2008,TXK,AR,ASW,CE,Federal Contract Tower,0,11,11,3,25,0,7,19,0,26,0,18,30,3,51,29,8,37,88
08/18/2008,TXK,AR,ASW,CE,Federal Contract Tower,0,9,24,2,35,0,6,12,0,18,0,15,36,2,53,24,0,24,77
08/19/2008,TXK,AR,ASW,CE,Federal Contract Tower,0,15,8,0,23,0,0,0,0,0,0,15,8,0,23,4,0,4,27
08/20/2008,TXK,AR,ASW,CE,Federal Contract Tower,0,7,10,4,21,0,0,0,0,0,0,7,10,4,21,0,2,2,23
08/21/2008,TXK,AR,ASW,CE,Federal Contract Tower,0,9,13,1,23,0,0,2,0,2,0,9,15,1,25,0,0,0,25
08/22/2008,TXK,AR,ASW,CE,Federal Contract Tower,0,11,9,7,27,0,0,15,0,15,0,11,24,7,42,12,6,18,60
08/23/2008,TXK,AR,ASW,CE,Federal Contract Tower,0,10,9,0,19,0,0,5,0,5,0,10,14,0,24,0,0,0,24
08/24/2008,TXK,AR,ASW,CE,Federal Contract Tower,0,15,4,0,19,0,3,5,2,10,0,18,9,2,29,4,0,4,33
08/25/2008,TXK,AR,ASW,CE,Federal Contract Tower,0,11,11,4,26,0,1,24,1,26,0,12,35,5,52,22,0,22,74
08/26/2008,TXK,AR,ASW,CE,Federal Contract Tower,0,13,22,12,47,0,1,27,3,31,0,14,49,15,78,51,12,63,141
08/27/2008,TXK,AR,ASW,CE,Federal Contract Tower,0,12,19,6,37,0,5,23,3,31,0,17,42,9,68,4,20,24,92
08/28/2008,TXK,AR,ASW,CE,Federal Contract Tower,0,12,14,9,35,0,4,22,4,30,0,16,36,13,65,44,16,60,125
08/29/2008,TXK,AR,ASW,CE,Federal Contract Tower,0,13,15,4,32,0,3,14,4,21,0,16,29,8,53,10,12,22,75
08/30/2008,TXK,AR,ASW,CE,Federal Contract Tower,0,8,16,0,24,0,15,32,0,47,0,23,48,0,71,18,0,18,89
08/31/2008,TXK,AR,ASW,CE,Federal Contract Tower,0,11,5,0,16,0,6,14,2,22,0,17,19,2,38,8,0,8,46
09/01/2008,TXK,AR,ASW,CE,Federal Contract Tower,0,11,18,2,31,0,4,8,2,14,0,15,26,4,45,0,4,4,49
09/02/2008,TXK,AR,ASW,CE,Federal Contract Tower,0,17,2,0,19,0,0,0,0,0,0,17,2,0,19,4,0,4,23
09/03/2008,TXK,AR,ASW,CE,Federal Contract Tower,0,11,17,0,28,0,0,0,0,0,0,11,17,0,28,0,0,0,28
09/04/2008,TXK,AR,ASW,CE,Federal Contract Tower,0,11,12,6,29,0,4,9,2,15,0,15,21,8,44,0,0,0,44
09/05/2008,TXK,AR,ASW,CE,Federal Contract Tower,0,11,10,4,25,0,5,24,0,29,0,16,34,4,54,32,16,48,102
09/06/2008,TXK,AR,ASW,CE,Federal Contract Tower,0,8,6,0,14,0,5,22,0,27,0,13,28,0,41,18,0,18,59
09/07/2008,TXK,AR,ASW,CE,Federal Contract Tower,0,9,13,0,22,0,10,17,0,27,0,19,30,0,49,6,0,6,55
09/08/2008,TXK,AR,ASW,CE,Federal Contract Tower,0,12,10,4,26,0,2,25,2,29,0,14,35,6,55,40,10,50,105
09/09/2008,TXK,AR,ASW,CE,Federal Contract Tower,0,14,19,0,33,0,0,0,0,0,0,14,19,0,33,4,0,4,37
09/10/2008,TXK,AR,ASW,CE,Federal Contract Tower,0,9,23,3,35,0,0,3,0,3,0,9,26,3,38,0,4,4,42
09/11/2008,TXK,AR,ASW,CE,Federal Contract Tower,0,11,17,4,32,0,1,35,6,42,0,12,52,10,74,24,14,38,112
09/12/2008,TXK,AR,ASW,CE,Federal Contract Tower,0,5,14,0,19,0,1,15,0,16,0,6,29,0,35,12,0,12,47
09/13/2008,TXK,AR,ASW,CE,Federal Contract Tower,0,4,0,0,4,0,0,0,0,0,0,4,0,0,4,0,0,0,4
09/14/2008,TXK,AR,ASW,CE,Federal Contract Tower,0,0,3,1,4,0,15,7,1,23,0,15,10,2,27,36,0,36,63
09/15/2008,TXK,AR,ASW,CE,Federal Contract Tower,0,9,17,4,30,0,9,18,2,29,0,18,35,6,59,6,8,14,73
09/16/2008,TXK,AR,ASW,CE,Federal Contract Tower,0,11,7,4,22,0,7,20,1,28,0,18,27,5,50,12,18,30,80
09/17/2008,TXK,AR,ASW,CE,Federal Contract Tower,0,9,22,10,41,0,3,18,2,23,0,12,40,12,64,12,20,32,96
09/18/2008,TXK,AR,ASW,CE,Federal Contract Tower,0,9,25,4,38,0,5,26,1,32,0,14,51,5,70,28,16,44,114
09/19/2008,TXK,AR,ASW,CE,Federal Contract Tower,0,9,12,2,23,0,2,26,2,30,0,11,38,4,53,22,4,26,79
09/20/2008,TXK,AR,ASW,CE,Federal Contract Tower,0,8,15,0,23,0,0,16,2,18,0,8,31,2,41,18,0,18,59
09/21/2008,TXK,AR,ASW,CE,Federal Contract Tower,0,7,15,0,22,0,4,4,2,10,0,11,19,2,32,2,0,2,34
09/22/2008,TXK,AR,ASW,CE,Federal Contract Tower,0,9,12,5,26,0,0,25,1,26,0,9,37,6,52,14,16,30,82
09/23/2008,TXK,AR,ASW,CE,Federal Contract Tower,0,14,17,7,38,0,3,13,1,17,0,17,30,8,55,10,20,30,85
09/24/2008,TXK,AR,ASW,CE,Federal Contract Tower,0,15,24,7,46,0,2,22,1,25,0,17,46,8,71,38,30,68,139
09/25/2008,TXK,AR,ASW,CE,Federal Contract Tower,0,12,23,4,39,0,13,22,2,37,0,25,45,6,76,26,14,40,116
09/26/2008,TXK,AR,ASW,CE,Federal Contract Tower,0,9,6,7,22,0,1,37,2,40,0,10,43,9,62,14,12,26,88
09/27/2008,TXK,AR,ASW,CE,Federal Contract Tower,0,8,11,0,19,0,2,24,0,26,0,10,35,0,45,24,0,24,69
09/28/2008,TXK,AR,ASW,CE,Federal Contract Tower,0,9,16,2,27,0,2,24,0,26,0,11,40,2,53,4,0,4,57
09/29/2008,TXK,AR,ASW,CE,Federal Contract Tower,0,13,19,8,40,0,6,17,3,26,0,19,36,11,66,8,20,28,94
09/30/2008,TXK,AR,ASW,CE,Federal Contract Tower,0,11,16,10,37,0,2,27,4,33,0,13,43,14,70,18,36,54,124
10/01/2008,TXK,AR,ASW,CE,Federal Contract Tower,0,15,23,0,38,0,6,53,0,59,0,21,76,0,97,22,0,22,119
10/02/2008,TXK,AR,ASW,CE,Federal Contract Tower,0,7,16,2,25,0,2,26,5,33,0,9,42,7,58,34,8,42,100
10/03/2008,TXK,AR,ASW,CE,Federal Contract Tower,0,7,18,8,33,0,6,16,6,28,0,13,34,14,61,4,8,12,73
10/04/2008,TXK,AR,ASW,CE,Federal Contract Tower,0,6,12,0,18,0,0,3,0,3,0,6,15,0,21,2,0,2,23
10/05/2008,TXK,AR,ASW,CE,Federal Contract Tower,0,6,15,0,21,0,0,8,0,8,0,6,23,0,29,0,0,0,29
10/06/2008,TXK,AR,ASW,CE,Federal Contract Tower,0,6,11,0,17,0,0,3,0,3,0,6,14,0,20,2,0,2,22
10/07/2008,TXK,AR,ASW,CE,Federal Contract Tower,0,6,14,4,24,0,3,9,0,12,0,9,23,4,36,6,4,10,46
10/08/2008,TXK,AR,ASW,CE,Federal Contract Tower,0,5,16,4,25,0,1,29,2,32,0,6,45,6,57,24,10,34,91
10/09/2008,TXK,AR,ASW,CE,Federal Contract Tower,0,7,18,10,35,0,2,16,3,21,0,9,34,13,56,14,16,30,86
10/10/2008,TXK,AR,ASW,CE,Federal Contract Tower,0,7,12,2,21,0,5,28,1,34,0,12,40,3,55,6,12,18,73
10/11/2008,TXK,AR,ASW,CE,Federal Contract Tower,0,6,9,0,15,0,2,8,0,10,0,8,17,0,25,4,0,4,29
10/12/2008,TXK,AR,ASW,CE,Federal Contract Tower,0,6,6,0,12,0,4,17,0,21,0,10,23,0,33,2,0,2,35
10/13/2008,TXK,AR,ASW,CE,Federal Contract Tower,0,9,17,0,26,0,8,18,0,26,0,17,35,0,52,28,0,28,80
10/14/2008,TXK,AR,ASW,CE,Federal Contract Tower,0,7,8,0,15,0,9,3,0,12,0,16,11,0,27,2,0,2,29
10/15/2008,TXK,AR,ASW,CE,Federal Contract Tower,0,6,16,0,22,0,3,1,0,4,0,9,17,0,26,0,0,0,26
10/16/2008,TXK,AR,ASW,CE,Federal Contract Tower,0,6,12,0,18,0,3,2,0,5,0,9,14,0,23,0,0,0,23
10/17/2008,TXK,AR,ASW,CE,Federal Contract Tower,0,6,13,28,47,0,12,42,5,59,0,18,55,33,106,40,32,72,178
10/18/2008,TXK,AR,ASW,CE,Federal Contract Tower,0,6,16,0,22,0,0,33,0,33,0,6,49,0,55,6,0,6,61
10/19/2008,TXK,AR,ASW,CE,Federal Contract Tower,0,6,15,2,23,0,5,22,0,27,0,11,37,2,50,16,0,16,66
10/20/2008,TXK,AR,ASW,CE,Federal Contract Tower,0,7,8,3,18,0,1,25,1,27,0,8,33,4,45,8,6,14,59
10/21/2008,TXK,AR,ASW,CE,Federal Contract Tower,0,10,12,7,29,0,3,27,1,31,0,13,39,8,60,20,22,42,102
10/22/2008,TXK,AR,ASW,CE,Federal Contract Tower,0,10,14,0,24,0,3,4,0,7,0,13,18,0,31,6,0,6,37
10/23/2008,TXK,AR,ASW,CE,Federal Contract Tower,0,6,14,14,34,0,4,18,0,22,0,10,32,14,56,2,28,30,86
10/24/2008,TXK,AR,ASW,CE,Federal Contract Tower,0,6,23,21,50,0,0,36,7,43,0,6,59,28,93,62,68,130,223
10/25/2008,TXK,AR,ASW,CE,Federal Contract Tower,0,8,8,0,16,0,0,28,0,28,0,8,36,0,44,20,0,20,64
10/26/2008,TXK,AR,ASW,CE,Federal Contract Tower,0,6,16,0,22,0,0,32,0,32,0,6,48,0,54,24,0,24,78
10/27/2008,TXK,AR,ASW,CE,Federal Contract Tower,0,6,15,3,24,0,3,14,1,18,0,9,29,4,42,4,2,6,48
10/28/2008,TXK,AR,ASW,CE,Federal Contract Tower,0,6,24,10,40,0,4,24,1,29,0,10,48,11,69,68,24,92,161
10/29/2008,TXK,AR,ASW,CE,Federal Contract Tower,0,6,18,8,32,0,1,19,5,25,0,7,37,13,57,36,20,56,113
10/30/2008,TXK,AR,ASW,CE,Federal Contract Tower,0,6,21,1,28,0,2,39,0,41,0,8,60,1,69,56,6,62,131
10/31/2008,TXK,AR,ASW,CE,Federal Contract Tower,0,6,16,2,24,0,3,36,2,41,0,9,52,4,65,30,0,30,95
11/01/2008,TXK,AR,ASW,CE,Federal Contract Tower,0,6,11,0,17,0,9,23,0,32,0,15,34,0,49,28,0,28,77
11/02/2008,TXK,AR,ASW,CE,Federal Contract Tower,1,6,10,3,20,0,7,36,9,52,1,13,46,12,72,2,6,8,80
11/03/2008,TXK,AR,ASW,CE,Federal Contract Tower,0,6,14,11,31,0,0,33,2,35,0,6,47,13,66,24,8,32,98
11/04/2008,TXK,AR,ASW,CE,Federal Contract Tower,0,6,15,4,25,0,7,34,0,41,0,13,49,4,66,14,4,18,84
11/05/2008,TXK,AR,ASW,CE,Federal Contract Tower,0,6,17,12,35,0,2,9,2,13,0,8,26,14,48,22,12,34,82
11/06/2008,TXK,AR,ASW,CE,Federal Contract Tower,0,6,17,2,25,0,4,38,2,44,0,10,55,4,69,16,0,16,85
11/07/2008,TXK,AR,ASW,CE,Federal Contract Tower,0,6,8,7,21,0,2,27,9,38,0,8,35,16,59,44,8,52,111
11/08/2008,TXK,AR,ASW,CE,Federal Contract Tower,0,6,3,2,11,0,12,40,7,59,0,18,43,9,70,46,4,50,120
11/09/2008,TXK,AR,ASW,CE,Federal Contract Tower,0,6,10,2,18,0,9,16,0,25,0,15,26,2,43,2,0,2,45
11/10/2008,TXK,AR,ASW,CE,Federal Contract Tower,0,5,18,0,23,0,1,9,0,10,0,6,27,0,33,2,0,2,35
11/11/2008,TXK,AR,ASW,CE,Federal Contract Tower,0,6,13,0,19,0,0,4,0,4,0,6,17,0,23,26,0,26,49
11/12/2008,TXK,AR,ASW,CE,Federal Contract Tower,0,6,23,0,29,0,0,10,0,10,0,6,33,0,39,30,0,30,69
11/13/2008,TXK,AR,ASW,CE,Federal Contract Tower,0,8,22,8,38,0,0,17,1,18,0,8,39,9,56,28,8,36,92
11/14/2008,TXK,AR,ASW,CE,Federal Contract Tower,0,10,12,10,32,0,9,12,2,23,0,19,24,12,55,30,12,42,97
11/15/2008,TXK,AR,ASW,CE,Federal Contract Tower,0,6,6,6,18,0,5,21,1,27,0,11,27,7,45,22,24,46,91
11/16/2008,TXK,AR,ASW,CE,Federal Contract Tower,0,9,15,2,26,0,9,16,3,28,0,18,31,5,54,38,12,50,104
11/17/2008,TXK,AR,ASW,CE,Federal Contract Tower,0,6,8,8,22,0,5,18,6,29,0,11,26,14,51,14,6,20,71
11/18/2008,TXK,AR,ASW,CE,Federal Contract Tower,0,6,14,7,27,0,2,57,8,67,0,8,71,15,94,112,30,142,236
11/19/2008,TXK,AR,ASW,CE,Federal Contract Tower,0,6,14,9,29,0,4,40,2,46,0,10,54,11,75,52,0,52,127
11/20/2008,TXK,AR,ASW,CE,Federal Contract Tower,0,8,12,8,28,0,3,26,3,32,0,11,38,11,60,26,34,60,120
11/21/2008,TXK,AR,ASW,CE,Federal Contract Tower,0,8,8,7,23,0,7,29,2,38,0,15,37,9,61,26,16,42,103
11/22/2008,TXK,AR,ASW,CE,Federal Contract Tower,0,6,13,2,21,0,3,15,4,22,0,9,28,6,43,16,8,24,67
11/23/2008,TXK,AR,ASW,CE,Federal Contract Tower,0,10,22,6,38,0,4,11,0,15,0,14,33,6,53,18,6,24,77
11/24/2008,TXK,AR,ASW,CE,Federal Contract Tower,0,10,13,0,23,0,4,19,0,23,0,14,32,0,46,12,0,12,58
11/25/2008,TXK,AR,ASW,CE,Federal Contract Tower,0,10,14,5,29,0,2,24,1,27,0,12,38,6,56,18,2,20,76
11/26/2008,TXK,AR,ASW,CE,Federal Contract Tower,0,6,15,0,21,0,5,23,0,28,0,11,38,0,49,2,0,2,51
11/27/2008,TXK,AR,ASW,CE,Federal Contract Tower,0,8,4,0,12,0,0,0,0,0,0,8,4,0,12,0,0,0,12
11/28/2008,TXK,AR,ASW,CE,Federal Contract Tower,0,8,2,0,10,0,0,1,0,1,0,8,3,0,11,0,0,0,11
11/29/2008,TXK,AR,ASW,CE,Federal Contract Tower,0,9,17,0,26,0,3,1,0,4,0,12,18,0,30,2,0,2,32
11/30/2008,TXK,AR,ASW,CE,Federal Contract Tower,0,6,12,0,18,0,5,6,0,11,0,11,18,0,29,2,0,2,31
12/01/2008,TXK,AR,ASW,CE,Federal Contract Tower,0,6,7,1,14,0,4,10,2,16,0,10,17,3,30,4,2,6,36
12/02/2008,TXK,AR,ASW,CE,Federal Contract Tower,0,6,10,4,20,0,2,19,2,23,0,8,29,6,43,4,42,46,89
12/03/2008,TXK,AR,ASW,CE,Federal Contract Tower,0,6,8,0,14,0,3,2,0,5,0,9,10,0,19,0,0,0,19
12/04/2008,TXK,AR,ASW,CE,Federal Contract Tower,0,6,16,1,23,0,3,23,2,28,0,9,39,3,51,50,6,56,107
12/05/2008,TXK,AR,ASW,CE,Federal Contract Tower,0,8,11,20,39,0,5,10,7,22,0,13,21,27,61,2,44,46,107
12/06/2008,TXK,AR,ASW,CE,Federal Contract Tower,0,6,10,3,19,0,13,25,3,41,0,19,35,6,60,56,30,86,146
12/07/2008,TXK,AR,ASW,CE,Federal Contract Tower,0,6,10,1,17,0,7,20,3,30,0,13,30,4,47,24,12,36,83
12/08/2008,TXK,AR,ASW,CE,Federal Contract Tower,0,7,16,2,25,0,4,8,0,12,0,11,24,2,37,8,0,8,45
12/09/2008,TXK,AR,ASW,CE,Federal Contract Tower,0,8,13,2,23,0,3,2,1,6,0,11,15,3,29,2,10,12,41
12/10/2008,TXK,AR,ASW,CE,Federal Contract Tower,0,6,16,0,22,0,0,4,0,4,0,6,20,0,26,0,0,0,26
12/11/2008,TXK,AR,ASW,CE,Federal Contract Tower,0,9,22,2,33,0,7,31,1,39,0,16,53,3,72,44,8,52,124
12/12/2008,TXK,AR,ASW,CE,Federal Contract Tower,0,6,10,11,27,0,4,37,4,45,0,10,47,15,72,78,24,102,174
12/13/2008,TXK,AR,ASW,CE,Federal Contract Tower,0,6,1,3,10,0,3,14,2,19,0,9,15,5,29,48,8,56,85
12/14/2008,TXK,AR,ASW,CE,Federal Contract Tower,0,7,22,0,29,0,3,1,0,4,0,10,23,0,33,0,0,0,33
12/15/2008,TXK,AR,ASW,CE,Federal Contract Tower,0,7,11,0,18,0,0,0,0,0,0,7,11,0,18,0,0,0,18
12/16/2008,TXK,AR,ASW,CE,Federal Contract Tower,0,6,11,0,17,0,0,0,0,0,0,6,11,0,17,0,0,0,17
12/17/2008,TXK,AR,ASW,CE,Federal Contract Tower,0,4,17,0,21,0,0,0,0,0,0,4,17,0,21,0,0,0,21
12/18/2008,TXK,AR,ASW,CE,Federal Contract Tower,0,2,4,0,6,0,0,0,0,0,0,2,4,0,6,2,0,2,8
12/19/2008,TXK,AR,ASW,CE,Federal Contract Tower,0,10,15,5,30,0,8,18,7,33,0,18,33,12,63,58,8,66,129
12/20/2008,TXK,AR,ASW,CE,Federal Contract Tower,0,8,7,3,18,0,4,2,0,6,0,12,9,3,24,0,2,2,26
12/21/2008,TXK,AR,ASW,CE,Federal Contract Tower,0,12,9,0,21,0,5,9,0,14,0,17,18,0,35,8,0,8,43
12/22/2008,TXK,AR,ASW,CE,Federal Contract Tower,0,7,15,3,25,0,0,12,3,15,0,7,27,6,40,6,8,14,54
12/23/2008,TXK,AR,ASW,CE,Federal Contract Tower,0,6,17,0,23,0,0,0,0,0,0,6,17,0,23,4,0,4,27
12/24/2008,TXK,AR,ASW,CE,Federal Contract Tower,0,8,6,0,14,0,6,11,0,17,0,14,17,0,31,0,0,0,31
12/25/2008,TXK,AR,ASW,CE,Federal Contract Tower,0,7,6,0,13,0,5,25,0,30,0,12,31,0,43,26,0,26,69
12/26/2008,TXK,AR,ASW,CE,Federal Contract Tower,0,8,12,0,20,0,2,4,0,6,0,10,16,0,26,2,0,2,28
12/27/2008,TXK,AR,ASW,CE,Federal Contract Tower,0,6,5,0,11,0,6,3,0,9,0,12,8,0,20,0,0,0,20
12/28/2008,TXK,AR,ASW,CE,Federal Contract Tower,0,6,6,0,12,0,2,24,0,26,0,8,30,0,38,74,0,74,112
12/29/2008,TXK,AR,ASW,CE,Federal Contract Tower,0,8,6,4,18,0,0,22,4,26,0,8,28,8,44,40,48,88,132
12/30/2008,TXK,AR,ASW,CE,Federal Contract Tower,0,6,18,0,24,0,5,18,0,23,0,11,36,0,47,10,0,10,57
12/31/2008,TXK,AR,ASW,CE,Federal Contract Tower,0,6,6,0,12,0,6,14,0,20,0,12,20,0,32,0,0,0,32
01/01/2009,TXK,AR,ASW,CE,Federal Contract Tower,0,6,5,0,11,0,3,21,0,24,0,9,26,0,35,6,0,6,41
01/02/2009,TXK,AR,ASW,CE,Federal Contract Tower,0,8,11,0,19,0,0,4,0,4,0,8,15,0,23,4,0,4,27
01/03/2009,TXK,AR,ASW,CE,Federal Contract Tower,0,12,7,0,19,0,4,5,0,9,0,16,12,0,28,0,0,0,28
01/04/2009,TXK,AR,ASW,CE,Federal Contract Tower,0,6,4,2,12,0,5,1,0,6,0,11,5,2,18,2,0,2,20
01/05/2009,TXK,AR,ASW,CE,Federal Contract Tower,0,4,8,0,12,0,0,0,0,0,0,4,8,0,12,0,0,0,12
01/06/2009,TXK,AR,ASW,CE,Federal Contract Tower,0,7,14,0,21,0,0,0,0,0,0,7,14,0,21,0,0,0,21
01/07/2009,TXK,AR,ASW,CE,Federal Contract Tower,0,9,19,9,37,0,0,10,3,13,0,9,29,12,50,10,30,40,90
01/08/2009,TXK,AR,ASW,CE,Federal Contract Tower,0,9,19,2,30,0,3,32,2,37,0,12,51,4,67,12,0,12,79
01/09/2009,TXK,AR,ASW,CE,Federal Contract Tower,0,6,17,13,36,0,9,5,1,15,0,15,22,14,51,46,12,58,109
01/10/2009,TXK,AR,ASW,CE,Federal Contract Tower,0,6,6,2,14,0,4,9,8,21,0,10,15,10,35,6,0,6,41
01/11/2009,TXK,AR,ASW,CE,Federal Contract Tower,0,6,18,0,24,0,2,26,2,30,0,8,44,2,54,8,4,12,66
01/12/2009,TXK,AR,ASW,CE,Federal Contract Tower,0,6,10,7,23,0,5,17,9,31,0,11,27,16,54,34,16,50,104
01/13/2009,TXK,AR,ASW,CE,Federal Contract Tower,0,6,23,16,45,0,2,15,5,22,0,8,38,21,67,18,36,54,121
01/14/2009,TXK,AR,ASW,CE,Federal Contract Tower,0,6,13,4,23,0,2,39,0,41,0,8,52,4,64,54,0,54,118
01/15/2009,TXK,AR,ASW,CE,Federal Contract Tower,0,8,15,5,28,0,2,17,0,19,0,10,32,5,47,18,20,38,85
01/16/2009,TXK,AR,ASW,CE,Federal Contract Tower,0,6,14,12,32,0,5,23,1,29,0,11,37,13,61,16,14,30,91
01/17/2009,TXK,AR,ASW,CE,Federal Contract Tower,0,6,11,4,21,0,5,10,24,39,0,11,21,28,60,8,12,20,80
01/18/2009,TXK,AR,ASW,CE,Federal Contract Tower,0,6,5,2,13,0,6,32,4,42,0,12,37,6,55,24,0,24,79
01/19/2009,TXK,AR,ASW,CE,Federal Contract Tower,0,9,10,2,21,0,5,28,0,33,0,14,38,2,54,0,10,10,64
01/20/2009,TXK,AR,ASW,CE,Federal Contract Tower,0,6,12,9,27,0,1,24,1,26,0,7,36,10,53,30,4,34,87
01/21/2009,TXK,AR,ASW,CE,Federal Contract Tower,0,6,22,8,36,0,13,41,3,57,0,19,63,11,93,42,20,62,155
01/22/2009,TXK,AR,ASW,CE,Federal Contract Tower,0,6,13,2,21,0,1,23,2,26,0,7,36,4,47,24,0,24,71
01/23/2009,TXK,AR,ASW,CE,Federal Contract Tower,0,8,26,15,49,0,5,22,1,28,0,13,48,16,77,4,26,30,107
01/24/2009,TXK,AR,ASW,CE,Federal Contract Tower,0,6,8,4,18,0,0,11,36,47,0,6,19,40,65,14,18,32,97
01/25/2009,TXK,AR,ASW,CE,Federal Contract Tower,0,9,7,0,16,0,3,15,0,18,0,12,22,0,34,14,0,14,48
01/26/2009,TXK,AR,ASW,CE,Federal Contract Tower,0,6,8,0,14,0,0,0,0,0,0,6,8,0,14,0,0,0,14
01/27/2009,TXK,AR,ASW,CE,Federal Contract Tower,0,7,5,0,12,0,0,0,0,0,0,7,5,0,12,0,0,0,12
01/28/2009,TXK,AR,ASW,CE,Federal Contract Tower,0,4,15,15,34,0,3,9,1,13,0,7,24,16,47,16,4,20,67
01/29/2009,TXK,AR,ASW,CE,Federal Contract Tower,0,4,12,4,20,0,0,15,1,16,0,4,27,5,36,36,40,76,112
01/30/2009,TXK,AR,ASW,CE,Federal Contract Tower,0,10,14,13,37,0,10,31,7,48,0,20,45,20,85,38,6,44,129
01/31/2009,TXK,AR,ASW,CE,Federal Contract Tower,0,8,6,0,14,0,9,39,0,48,0,17,45,0,62,76,0,76,138
02/01/2009,TXK,AR,ASW,CE,Federal Contract Tower,0,9,8,2,19,0,11,16,0,27,0,20,24,2,46,0,4,4,50
02/02/2009,TXK,AR,ASW,CE,Federal Contract Tower,0,7,14,3,24,0,6,27,7,40,0,13,41,10,64,46,2,48,112
02/03/2009,TXK,AR,ASW,CE,Federal Contract Tower,0,8,14,6,28,0,2,16,0,18,0,10,30,6,46,6,0,6,52
02/04/2009,TXK,AR,ASW,CE,Federal Contract Tower,0,6,10,7,23,0,0,15,1,16,0,6,25,8,39,8,4,12,51
02/05/2009,TXK,AR,ASW,CE,Federal Contract Tower,0,6,18,6,30,0,0,21,0,21,0,6,39,6,51,4,10,14,65
02/06/2009,TXK,AR,ASW,CE,Federal Contract Tower,0,6,23,0,29,0,5,12,0,17,0,11,35,0,46,12,0,12,58
02/07/2009,TXK,AR,ASW,CE,Federal Contract Tower,0,6,5,4,15,0,10,12,3,25,0,16,17,7,40,6,14,20,60
02/08/2009,TXK,AR,ASW,CE,Federal Contract Tower,0,6,12,0,18,0,7,8,0,15,0,13,20,0,33,2,0,2,35
02/09/2009,TXK,AR,ASW,CE,Federal Contract Tower,0,6,9,0,15,0,0,1,0,1,0,6,10,0,16,0,0,0,16
02/10/2009,TXK,AR,ASW,CE,Federal Contract Tower,0,6,10,0,16,0,0,0,0,0,0,6,10,0,16,0,0,0,16
02/11/2009,TXK,AR,ASW,CE,Federal Contract Tower,0,6,22,8,36,0,9,15,3,27,0,15,37,11,63,24,14,38,101
02/12/2009,TXK,AR,ASW,CE,Federal Contract Tower,0,8,19,4,31,0,5,21,4,30,0,13,40,8,61,20,10,30,91
02/13/2009,TXK,AR,ASW,CE,Federal Contract Tower,0,6,14,6,26,0,4,7,6,17,0,10,21,12,43,2,22,24,67
02/14/2009,TXK,AR,ASW,CE,Federal Contract Tower,0,6,12,0,18,0,0,17,0,17,0,6,29,0,35,6,0,6,41
02/15/2009,TXK,AR,ASW,CE,Federal Contract Tower,0,6,11,2,19,0,3,17,0,20,0,9,28,2,39,10,8,18,57
02/16/2009,TXK,AR,ASW,CE,Federal Contract Tower,0,6,4,0,10,0,2,77,0,79,0,8,81,0,89,126,10,136,225
02/17/2009,TXK,AR,ASW,CE,Federal Contract Tower,0,9,13,0,22,0,0,2,0,2,0,9,15,0,24,4,0,4,28
02/18/2009,TXK,AR,ASW,CE,Federal Contract Tower,0,6,17,6,29,0,86,4,0,90,0,92,21,6,119,216,10,226,345
02/19/2009,TXK,AR,ASW,CE,Federal Contract Tower,0,6,16,4,26,0,2,57,5,64,0,8,73,9,90,96,8,104,194
02/20/2009,TXK,AR,ASW,CE,Federal Contract Tower,0,6,11,3,20,0,2,28,1,31,0,8,39,4,51,20,8,28,79
02/21/2009,TXK,AR,ASW,CE,Federal Contract Tower,0,6,15,0,21,0,3,4,0,7,0,9,19,0,28,2,0,2,30
02/22/2009,TXK,AR,ASW,CE,Federal Contract Tower,0,6,5,1,12,0,3,28,1,32,0,9,33,2,44,20,2,22,66
02/23/2009,TXK,AR,ASW,CE,Federal Contract Tower,0,6,5,2,13,0,2,22,0,24,0,8,27,2,37,24,2,26,63
02/24/2009,TXK,AR,ASW,CE,Federal Contract Tower,0,6,17,0,23,0,2,15,0,17,0,8,32,0,40,2,0,2,42
02/25/2009,TXK,AR,ASW,CE,Federal Contract Tower,0,10,12,1,23,0,1,6,3,10,0,11,18,4,33,8,6,14,47
02/26/2009,TXK,AR,ASW,CE,Federal Contract Tower,0,6,14,1,21,0,3,10,4,17,0,9,24,5,38,10,18,28,66
02/27/2009,TXK,AR,ASW,CE,Federal Contract Tower,0,6,8,0,14,0,0,0,0,0,0,6,8,0,14,0,0,0,14
02/28/2009,TXK,AR,ASW,CE,Federal Contract Tower,0,6,7,0,13,0,2,4,0,6,0,8,11,0,19,0,0,0,19
03/01/2009,TXK,AR,ASW,CE,Federal Contract Tower,0,6,6,2,14,0,4,25,1,30,0,10,31,3,44,0,6,6,50
03/02/2009,TXK,AR,ASW,CE,Federal Contract Tower,0,6,9,4,19,0,0,28,0,28,0,6,37,4,47,8,0,8,55
03/03/2009,TXK,AR,ASW,CE,Federal Contract Tower,0,8,12,3,23,0,6,19,14,39,0,14,31,17,62,6,32,38,100
03/04/2009,TXK,AR,ASW,CE,Federal Contract Tower,0,5,14,5,24,0,6,13,1,20,0,11,27,6,44,25,2,27,71
03/05/2009,TXK,AR,ASW,CE,Federal Contract Tower,0,6,10,3,19,0,4,25,1,30,0,10,35,4,49,20,6,26,75
03/06/2009,TXK,AR,ASW,CE,Federal Contract Tower,0,8,10,12,30,0,4,26,5,35,0,12,36,17,65,24,18,42,107
03/07/2009,TXK,AR,ASW,CE,Federal Contract Tower,0,10,23,0,33,0,1,18,2,21,0,11,41,2,54,30,0,30,84
03/08/2009,TXK,AR,ASW,CE,Federal Contract Tower,0,6,2,3,11,0,3,10,6,19,0,9,12,9,30,4,30,34,64
03/09/2009,TXK,AR,ASW,CE,Federal Contract Tower,0,8,8,2,18,0,6,7,4,17,0,14,15,6,35,22,4,26,61
03/10/2009,TXK,AR,ASW,CE,Federal Contract Tower,0,6,12,5,23,0,0,6,4,10,0,6,18,9,33,14,2,16,49
03/11/2009,TXK,AR,ASW,CE,Federal Contract Tower,0,6,12,3,21,0,1,1,0,2,0,7,13,3,23,0,0,0,23
03/12/2009,TXK,AR,ASW,CE,Federal Contract Tower,0,10,9,0,19,0,0,0,0,0,0,10,9,0,19,0,0,0,19
03/13/2009,TXK,AR,ASW,CE,Federal Contract Tower,0,6,3,0,9,0,0,1,0,1,0,6,4,0,10,0,0,0,10
03/14/2009,TXK,AR,ASW,CE,Federal Contract Tower,0,12,15,0,27,0,0,0,0,0,0,12,15,0,27,6,0,6,33
03/15/2009,TXK,AR,ASW,CE,Federal Contract Tower,0,8,9,0,17,0,0,2,0,2,0,8,11,0,19,0,0,0,19
03/16/2009,TXK,AR,ASW,CE,Federal Contract Tower,0,6,8,9,23,0,28,5,0,33,0,34,13,9,56,54,10,64,120
03/17/2009,TXK,AR,ASW,CE,Federal Contract Tower,0,6,20,0,26,0,2,11,0,13,0,8,31,0,39,6,0,6,45
03/18/2009,TXK,AR,ASW,CE,Federal Contract Tower,0,7,14,10,31,0,1,18,0,19,0,8,32,10,50,4,22,26,76
03/19/2009,TXK,AR,ASW,CE,Federal Contract Tower,0,5,16,5,26,0,4,12,4,20,0,9,28,9,46,38,80,118,164
03/20/2009,TXK,AR,ASW,CE,Federal Contract Tower,0,5,10,12,27,0,2,26,8,36,0,7,36,20,63,10,56,66,129
03/21/2009,TXK,AR,ASW,CE,Federal Contract Tower,0,6,7,0,13,0,10,26,0,36,0,16,33,0,49,20,0,20,69
03/22/2009,TXK,AR,ASW,CE,Federal Contract Tower,0,8,10,9,27,0,5,16,0,21,0,13,26,9,48,2,24,26,74
03/23/2009,TXK,AR,ASW,CE,Federal Contract Tower,0,6,21,0,27,0,6,5,0,11,0,12,26,0,38,2,0,2,40
03/24/2009,TXK,AR,ASW,CE,Federal Contract Tower,0,6,9,0,15,0,2,0,0,2,0,8,9,0,17,8,0,8,25
03/25/2009,TXK,AR,ASW,CE,Federal Contract Tower,0,12,10,7,29,0,5,16,1,22,0,17,26,8,51,32,48,80,131
03/26/2009,TXK,AR,ASW,CE,Federal Contract Tower,0,7,11,8,26,0,0,8,2,10,0,7,19,10,36,16,14,30,66
03/27/2009,TXK,AR,ASW,CE,Federal Contract Tower,0,7,7,5,19,0,4,5,5,14,0,11,12,10,33,24,22,46,79
03/28/2009,TXK,AR,ASW,CE,Federal Contract Tower,0,6,10,0,16,0,3,3,0,6,0,9,13,0,22,18,0,18,40
03/29/2009,TXK,AR,ASW,CE,Federal Contract Tower,0,6,14,0,20,0,12,43,0,55,0,18,57,0,75,46,0,46,121
03/30/2009,TXK,AR,ASW,CE,Federal Contract Tower,0,6,11,2,19,0,0,20,3,23,0,6,31,5,42,14,2,16,58
03/31/2009,TXK,AR,ASW,CE,Federal Contract Tower,0,6,15,0,21,0,1,19,0,20,0,7,34,0,41,34,0,34,75
04/01/2009,TXK,AR,ASW,CE,Federal Contract Tower,0,7,15,6,28,0,2,27,1,30,0,9,42,7,58,38,4,42,100
04/02/2009,TXK,AR,ASW,CE,Federal Contract Tower,0,4,14,0,18,0,1,6,0,7,0,5,20,0,25,0,0,0,25
04/03/2009,TXK,AR,ASW,CE,Federal Contract Tower,0,6,11,13,30,0,8,27,7,42,0,14,38,20,72,12,48,60,132
04/04/2009,TXK,AR,ASW,CE,Federal Contract Tower,0,8,12,5,25,0,4,119,7,130,0,12,131,12,155,82,48,130,285
04/05/2009,TXK,AR,ASW,CE,Federal Contract Tower,0,6,12,4,22,0,8,16,1,25,0,14,28,5,47,8,2,10,57
04/06/2009,TXK,AR,ASW,CE,Federal Contract Tower,0,6,3,5,14,0,1,5,16,22,0,7,8,21,36,0,20,20,56
04/07/2009,TXK,AR,ASW,CE,Federal Contract Tower,0,8,11,4,23,0,10,25,5,40,0,18,36,9,63,22,28,50,113
04/08/2009,TXK,AR,ASW,CE,Federal Contract Tower,0,7,16,4,27,0,7,37,6,50,0,14,53,10,77,30,20,50,127
04/09/2009,TXK,AR,ASW,CE,Federal Contract Tower,0,7,10,0,17,0,2,3,2,7,0,9,13,2,24,6,0,6,30
04/10/2009,TXK,AR,ASW,CE,Federal Contract Tower,0,10,14,1,25,0,3,14,6,23,0,13,28,7,48,2,8,10,58
04/11/2009,TXK,AR,ASW,CE,Federal Contract Tower,0,8,7,0,15,0,3,20,0,23,0,11,27,0,38,4,0,4,42
04/12/2009,TXK,AR,ASW,CE,Federal Contract Tower,0,8,6,0,14,0,0,0,0,0,0,8,6,0,14,0,0,0,14
04/13/2009,TXK,AR,ASW,CE,Federal Contract Tower,0,7,4,0,11,0,1,3,0,4,0,8,7,0,15,6,0,6,21
04/14/2009,TXK,AR,ASW,CE,Federal Contract Tower,0,6,9,10,25,0,5,26,5,36,0,11,35,15,61,32,6,38,99
04/15/2009,TXK,AR,ASW,CE,Federal Contract Tower,0,8,28,2,38,0,3,39,0,42,0,11,67,2,80,22,0,22,102
04/16/2009,TXK,AR,ASW,CE,Federal Contract Tower,0,8,8,6,22,0,3,11,3,17,0,11,19,9,39,14,44,58,97
04/17/2009,TXK,AR,ASW,CE,Federal Contract Tower,0,3,11,2,16,0,2,5,0,7,0,5,16,2,23,12,6,18,41
04/18/2009,TXK,AR,ASW,CE,Federal Contract Tower,0,6,4,0,10,0,0,0,0,0,0,6,4,0,10,0,0,0,10
04/19/2009,TXK,AR,ASW,CE,Federal Contract Tower,0,8,16,6,30,0,12,7,0,19,0,20,23,6,49,16,24,40,89
04/20/2009,TXK,AR,ASW,CE,Federal Contract Tower,0,8,5,13,26,0,6,21,5,32,0,14,26,18,58,36,64,100,158
04/21/2009,TXK,AR,ASW,CE,Federal Contract Tower,0,6,8,6,20,0,1,39,2,42,0,7,47,8,62,60,24,84,146
04/22/2009,TXK,AR,ASW,CE,Federal Contract Tower,0,8,19,0,27,0,2,18,0,20,0,10,37,0,47,6,0,6,53
04/23/2009,TXK,AR,ASW,CE,Federal Contract Tower,0,8,16,7,31,0,3,17,1,21,0,11,33,8,52,20,12,32,84
04/24/2009,TXK,AR,ASW,CE,Federal Contract Tower,0,8,11,9,28,0,11,25,2,38,0,19,36,11,66,18,20,38,104
04/25/2009,TXK,AR,ASW,CE,Federal Contract Tower,0,8,8,0,16,0,9,15,0,24,0,17,23,0,40,14,0,14,54
04/26/2009,TXK,AR,ASW,CE,Federal Contract Tower,0,8,13,8,29,0,3,22,0,25,0,11,35,8,54,4,0,4,58
04/27/2009,TXK,AR,ASW,CE,Federal Contract Tower,0,5,5,0,10,0,0,2,0,2,0,5,7,0,12,0,0,0,12
04/28/2009,TXK,AR,ASW,CE,Federal Contract Tower,0,3,10,0,13,0,4,16,0,20,0,7,26,0,33,30,0,30,63
04/29/2009,TXK,AR,ASW,CE,Federal Contract Tower,0,5,9,2,16,0,3,2,1,6,0,8,11,3,22,2,0,2,24
04/30/2009,TXK,AR,ASW,CE,Federal Contract Tower,0,8,20,2,30,0,3,4,5,12,0,11,24,7,42,8,6,14,56
05/01/2009,TXK,AR,ASW,CE,Federal Contract Tower,0,8,17,13,38,0,1,4,1,6,0,9,21,14,44,0,26,26,70
05/02/2009,TXK,AR,ASW,CE,Federal Contract Tower,0,4,9,0,13,0,2,1,0,3,0,6,10,0,16,0,0,0,16
05/03/2009,TXK,AR,ASW,CE,Federal Contract Tower,0,9,18,1,28,0,0,2,0,2,0,9,20,1,30,2,0,2,32
05/04/2009,TXK,AR,ASW,CE,Federal Contract Tower,0,8,23,0,31,0,0,6,3,9,0,8,29,3,40,2,0,2,42
05/05/2009,TXK,AR,ASW,CE,Federal Contract Tower,0,8,18,0,26,0,0,1,2,3,0,8,19,2,29,8,4,12,41
05/06/2009,TXK,AR,ASW,CE,Federal Contract Tower,0,8,12,8,28,0,4,11,0,15,0,12,23,8,43,2,4,6,49
05/07/2009,TXK,AR,ASW,CE,Federal Contract Tower,0,8,23,0,31,0,0,22,1,23,0,8,45,1,54,26,0,26,80
05/08/2009,TXK,AR,ASW,CE,Federal Contract Tower,0,8,8,11,27,0,11,12,3,26,0,19,20,14,53,4,20,24,77
05/09/2009,TXK,AR,ASW,CE,Federal Contract Tower,0,6,12,0,18,0,0,4,0,4,0,6,16,0,22,18,0,18,40
05/10/2009,TXK,AR,ASW,CE,Federal Contract Tower,0,6,12,4,22,0,0,0,0,0,0,6,12,4,22,0,0,0,22
05/11/2009,TXK,AR,ASW,CE,Federal Contract Tower,0,6,11,0,17,0,0,1,0,1,0,6,12,0,18,0,0,0,18
05/12/2009,TXK,AR,ASW,CE,Federal Contract Tower,0,8,9,0,17,0,0,8,0,8,0,8,17,0,25,10,0,10,35
05/13/2009,TXK,AR,ASW,CE,Federal Contract Tower,0,7,19,17,43,0,5,25,1,31,0,12,44,18,74,28,16,44,118
05/14/2009,TXK,AR,ASW,CE,Federal Contract Tower,0,7,16,3,26,0,4,16,2,22,0,11,32,5,48,64,4,68,116
05/15/2009,TXK,AR,ASW,CE,Federal Contract Tower,0,8,10,4,22,0,11,43,6,60,0,19,53,10,82,64,0,64,146
05/16/2009,TXK,AR,ASW,CE,Federal Contract Tower,0,8,5,2,15,0,0,6,0,6,0,8,11,2,21,0,6,6,27
05/17/2009,TXK,AR,ASW,CE,Federal Contract Tower,0,9,16,4,29,0,3,27,0,30,0,12,43,4,59,26,6,32,91
05/18/2009,TXK,AR,ASW,CE,Federal Contract Tower,0,10,12,8,30,0,2,35,5,42,0,12,47,13,72,48,24,72,144
05/19/2009,TXK,AR,ASW,CE,Federal Contract Tower,0,8,18,10,36,0,2,35,9,46,0,10,53,19,82,26,30,56,138
05/20/2009,TXK,AR,ASW,CE,Federal Contract Tower,0,8,21,4,33,0,13,40,5,58,0,21,61,9,91,44,24,68,159
05/21/2009,TXK,AR,ASW,CE,Federal Contract Tower,0,8,18,4,30,0,1,24,2,27,0,9,42,6,57,4,12,16,73
05/22/2009,TXK,AR,ASW,CE,Federal Contract Tower,0,8,19,0,27,0,0,21,0,21,0,8,40,0,48,8,0,8,56
05/23/2009,TXK,AR,ASW,CE,Federal Contract Tower,0,10,12,0,22,0,2,5,0,7,0,12,17,0,29,0,0,0,29
05/24/2009,TXK,AR,ASW,CE,Federal Contract Tower,0,8,8,0,16,0,0,12,0,12,0,8,20,0,28,4,0,4,32
05/25/2009,TXK,AR,ASW,CE,Federal Contract Tower,0,11,10,2,23,0,0,10,0,10,0,11,20,2,33,6,6,12,45
05/26/2009,TXK,AR,ASW,CE,Federal Contract Tower,0,6,9,0,15,0,3,8,0,11,0,9,17,0,26,14,0,14,40
05/27/2009,TXK,AR,ASW,CE,Federal Contract Tower,0,8,10,0,18,0,2,11,4,17,0,10,21,4,35,0,0,0,35
05/28/2009,TXK,AR,ASW,CE,Federal Contract Tower,0,8,33,12,53,0,2,18,0,20,0,10,51,12,73,20,12,32,105
05/29/2009,TXK,AR,ASW,CE,Federal Contract Tower,0,8,18,7,33,0,2,27,5,34,0,10,45,12,67,58,16,74,141
05/30/2009,TXK,AR,ASW,CE,Federal Contract Tower,0,8,12,4,24,0,17,21,3,41,0,25,33,7,65,50,18,68,133
05/31/2009,TXK,AR,ASW,CE,Federal Contract Tower,0,9,14,11,34,0,6,31,2,39,0,15,45,13,73,30,16,46,119
06/01/2009,TXK,AR,ASW,CE,Federal Contract Tower,0,9,14,5,28,0,1,24,2,27,0,10,38,7,55,14,16,30,85
06/02/2009,TXK,AR,ASW,CE,Federal Contract Tower,0,6,6,5,17,0,2,23,0,25,0,8,29,5,42,64,8,72,114
06/03/2009,TXK,AR,ASW,CE,Federal Contract Tower,0,8,22,2,32,0,3,6,1,10,0,11,28,3,42,0,18,18,60
06/04/2009,TXK,AR,ASW,CE,Federal Contract Tower,0,12,12,2,26,0,5,6,3,14,0,17,18,5,40,54,0,54,94
06/05/2009,TXK,AR,ASW,CE,Federal Contract Tower,0,8,11,10,29,0,4,28,4,36,0,12,39,14,65,62,28,90,155
06/06/2009,TXK,AR,ASW,CE,Federal Contract Tower,0,8,9,2,19,0,8,27,2,37,0,16,36,4,56,46,12,58,114
06/07/2009,TXK,AR,ASW,CE,Federal Contract Tower,0,8,14,5,27,0,3,29,0,32,0,11,43,5,59,20,20,40,99
06/08/2009,TXK,AR,ASW,CE,Federal Contract Tower,0,8,16,6,30,0,0,27,8,35,0,8,43,14,65,68,16,84,149
06/09/2009,TXK,AR,ASW,CE,Federal Contract Tower,0,12,12,6,30,0,6,24,1,31,0,18,36,7,61,96,10,106,167
06/10/2009,TXK,AR,ASW,CE,Federal Contract Tower,0,7,27,1,35,0,0,8,2,10,0,7,35,3,45,50,4,54,99
06/11/2009,TXK,AR,ASW,CE,Federal Contract Tower,0,8,20,0,28,0,0,15,0,15,0,8,35,0,43,52,0,52,95
06/12/2009,TXK,AR,ASW,CE,Federal Contract Tower,0,9,15,8,32,0,5,16,3,24,0,14,31,11,56,42,6,48,104
06/13/2009,TXK,AR,ASW,CE,Federal Contract Tower,0,10,18,0,28,0,3,5,4,12,0,13,23,4,40,14,0,14,54
06/14/2009,TXK,AR,ASW,CE,Federal Contract Tower,0,8,19,4,31,0,0,16,1,17,0,8,35,5,48,60,2,62,110
06/15/2009,TXK,AR,ASW,CE,Federal Contract Tower,0,8,11,0,19,0,6,13,0,19,0,14,24,0,38,88,0,88,126
06/16/2009,TXK,AR,ASW,CE,Federal Contract Tower,0,10,14,0,24,0,7,27,0,34,0,17,41,0,58,4,0,4,62
06/17/2009,TXK,AR,ASW,CE,Federal Contract Tower,0,8,23,6,37,0,6,22,0,28,0,14,45,6,65,30,10,40,105
06/18/2009,TXK,AR,ASW,CE,Federal Contract Tower,0,8,22,0,30,0,3,32,0,35,0,11,54,0,65,88,0,88,153
06/19/2009,TXK,AR,ASW,CE,Federal Contract Tower,0,11,18,5,34,0,3,27,2,32,0,14,45,7,66,64,0,64,130
06/20/2009,TXK,AR,ASW,CE,Federal Contract Tower,0,8,7,1,16,0,6,35,0,41,0,14,42,1,57,50,2,52,109
06/21/2009,TXK,AR,ASW,CE,Federal Contract Tower,0,8,8,3,19,0,5,18,1,24,0,13,26,4,43,6,6,12,55
06/22/2009,TXK,AR,ASW,CE,Federal Contract Tower,0,10,1,3,14,0,9,27,4,40,0,19,28,7,54,26,0,26,80
06/23/2009,TXK,AR,ASW,CE,Federal Contract Tower,0,7,10,4,21,0,4,37,3,44,0,11,47,7,65,54,4,58,123
06/24/2009,TXK,AR,ASW,CE,Federal Contract Tower,0,8,16,5,29,0,4,25,5,34,0,12,41,10,63,12,14,26,89
06/25/2009,TXK,AR,ASW,CE,Federal Contract Tower,0,6,13,2,21,0,2,18,10,30,0,8,31,12,51,14,38,52,103
06/26/2009,TXK,AR,ASW,CE,Federal Contract Tower,0,8,14,10,32,0,6,26,7,39,0,14,40,17,71,42,50,92,163
06/27/2009,TXK,AR,ASW,CE,Federal Contract Tower,0,9,23,0,32,0,4,23,0,27,0,13,46,0,59,4,0,4,63
06/28/2009,TXK,AR,ASW,CE,Federal Contract Tower,0,8,4,2,14,0,4,16,0,20,0,12,20,2,34,14,4,18,52
06/29/2009,TXK,AR,ASW,CE,Federal Contract Tower,0,8,14,0,22,0,5,17,2,24,0,13,31,2,46,44,0,44,90
06/30/2009,TXK,AR,ASW,CE,Federal Contract Tower,0,8,21,5,34,0,1,27,4,32,0,9,48,9,66,26,38,64,130
07/01/2009,TXK,AR,ASW,CE,Federal Contract Tower,0,8,15,4,27,0,0,22,3,25,0,8,37,7,52,28,6,34,86
07/02/2009,TXK,AR,ASW,CE,Federal Contract Tower,0,8,17,12,37,0,1,23,3,27,0,9,40,15,64,6,58,64,128
07/03/2009,TXK,AR,ASW,CE,Federal Contract Tower,0,8,7,0,15,0,4,11,0,15,0,12,18,0,30,10,0,10,40
07/04/2009,TXK,AR,ASW,CE,Federal Contract Tower,0,8,4,1,13,0,2,13,0,15,0,10,17,1,28,10,2,12,40
07/05/2009,TXK,AR,ASW,CE,Federal Contract Tower,0,8,3,0,11,0,1,2,0,3,0,9,5,0,14,4,0,4,18
07/06/2009,TXK,AR,ASW,CE,Federal Contract Tower,0,8,11,0,19,0,0,12,0,12,0,8,23,0,31,10,0,10,41
07/07/2009,TXK,AR,ASW,CE,Federal Contract Tower,0,6,7,8,21,0,4,14,2,20,0,10,21,10,41,6,10,16,57
07/08/2009,TXK,AR,ASW,CE,Federal Contract Tower,0,8,9,0,17,0,8,24,0,32,0,16,33,0,49,22,0,22,71
07/09/2009,TXK,AR,ASW,CE,Federal Contract Tower,0,8,10,1,19,0,3,21,8,32,0,11,31,9,51,34,0,34,85
07/10/2009,TXK,AR,ASW,CE,Federal Contract Tower,0,8,11,0,19,0,4,13,1,18,0,12,24,1,37,2,0,2,39
07/11/2009,TXK,AR,ASW,CE,Federal Contract Tower,0,10,9,0,19,0,2,17,0,19,0,12,26,0,38,32,0,32,70
07/12/2009,TXK,AR,ASW,CE,Federal Contract Tower,0,8,12,0,20,0,4,14,0,18,0,12,26,0,38,2,0,2,40
07/13/2009,TXK,AR,ASW,CE,Federal Contract Tower,0,8,10,0,18,0,2,30,0,32,0,10,40,0,50,26,0,26,76
07/14/2009,TXK,AR,ASW,CE,Federal Contract Tower,0,8,15,6,29,0,2,29,3,34,0,10,44,9,63,40,58,98,161
07/15/2009,TXK,AR,ASW,CE,Federal Contract Tower,0,7,19,4,30,0,3,51,6,60,0,10,70,10,90,28,30,58,148
07/16/2009,TXK,AR,ASW,CE,Federal Contract Tower,0,8,16,7,31,0,1,38,3,42,0,9,54,10,73,18,44,62,135
07/17/2009,TXK,AR,ASW,CE,Federal Contract Tower,0,8,8,0,16,0,2,27,0,29,0,10,35,0,45,8,0,8,53
07/18/2009,TXK,AR,ASW,CE,Federal Contract Tower,0,8,6,1,15,0,5,37,1,43,0,13,43,2,58,20,4,24,82
07/19/2009,TXK,AR,ASW,CE,Federal Contract Tower,0,10,11,0,21,0,4,22,2,28,0,14,33,2,49,2,0,2,51
07/20/2009,TXK,AR,ASW,CE,Federal Contract Tower,0,8,10,10,28,0,0,12,7,19,0,8,22,17,47,6,100,106,153
07/21/2009,TXK,AR,ASW,CE,Federal Contract Tower,0,8,7,3,18,0,4,5,1,10,0,12,12,4,28,18,0,18,46
07/22/2009,TXK,AR,ASW,CE,Federal Contract Tower,0,8,13,13,34,0,3,18,1,22,0,11,31,14,56,46,22,68,124
07/23/2009,TXK,AR,ASW,CE,Federal Contract Tower,0,8,15,5,28,0,5,32,3,40,0,13,47,8,68,26,14,40,108
07/24/2009,TXK,AR,ASW,CE,Federal Contract Tower,0,12,9,2,23,0,6,19,2,27,0,18,28,4,50,16,0,16,66
07/25/2009,TXK,AR,ASW,CE,Federal Contract Tower,0,8,3,0,11,0,4,18,0,22,0,12,21,0,33,24,0,24,57
07/26/2009,TXK,AR,ASW,CE,Federal Contract Tower,0,5,8,0,13,0,0,6,0,6,0,5,14,0,19,0,0,0,19
07/27/2009,TXK,AR,ASW,CE,Federal Contract Tower,0,6,5,0,11,0,0,1,0,1,0,6,6,0,12,0,0,0,12
07/28/2009,TXK,AR,ASW,CE,Federal Contract Tower,0,8,23,5,36,0,2,18,1,21,0,10,41,6,57,6,2,8,65
07/29/2009,TXK,AR,ASW,CE,Federal Contract Tower,0,7,18,0,25,0,0,7,0,7,0,7,25,0,32,0,0,0,32
07/30/2009,TXK,AR,ASW,CE,Federal Contract Tower,0,10,13,0,23,0,0,0,0,0,0,10,13,0,23,0,0,0,23
07/31/2009,TXK,AR,ASW,CE,Federal Contract Tower,0,8,15,0,23,0,5,18,6,29,0,13,33,6,52,20,8,28,80
08/01/2009,TXK,AR,ASW,CE,Federal Contract Tower,0,6,6,0,12,0,3,2,0,5,0,9,8,0,17,0,0,0,17
08/02/2009,TXK,AR,ASW,CE,Federal Contract Tower,0,8,10,3,21,0,1,18,5,24,0,9,28,8,45,12,0,12,57
08/03/2009,TXK,AR,ASW,CE,Federal Contract Tower,0,6,13,2,21,0,3,30,11,44,0,9,43,13,65,42,0,42,107
08/04/2009,TXK,AR,ASW,CE,Federal Contract Tower,0,9,12,5,26,0,0,33,11,44,0,9,45,16,70,36,14,50,120
08/05/2009,TXK,AR,ASW,CE,Federal Contract Tower,0,14,16,1,31,0,5,26,11,42,0,19,42,12,73,56,0,56,129
08/06/2009,TXK,AR,ASW,CE,Federal Contract Tower,0,10,14,3,27,0,7,30,2,39,0,17,44,5,66,18,26,44,110
08/07/2009,TXK,AR,ASW,CE,Federal Contract Tower,0,8,14,6,28,0,6,15,0,21,0,14,29,6,49,48,6,54,103
08/08/2009,TXK,AR,ASW,CE,Federal Contract Tower,0,8,7,0,15,0,4,23,0,27,0,12,30,0,42,42,0,42,84
08/09/2009,TXK,AR,ASW,CE,Federal Contract Tower,0,11,12,8,31,0,2,22,0,24,0,13,34,8,55,14,0,14,69
08/10/2009,TXK,AR,ASW,CE,Federal Contract Tower,0,8,12,0,20,0,6,19,11,36,0,14,31,11,56,36,0,36,92
08/11/2009,TXK,AR,ASW,CE,Federal Contract Tower,0,8,9,0,17,0,0,1,7,8,0,8,10,7,25,0,0,0,25
08/12/2009,TXK,AR,ASW,CE,Federal Contract Tower,0,8,11,4,23,0,3,40,2,45,0,11,51,6,68,88,6,94,162
08/13/2009,TXK,AR,ASW,CE,Federal Contract Tower,0,9,9,10,28,0,1,58,3,62,0,10,67,13,90,30,30,60,150
08/14/2009,TXK,AR,ASW,CE,Federal Contract Tower,0,8,14,4,26,0,0,38,12,50,0,8,52,16,76,60,0,60,136
08/15/2009,TXK,AR,ASW,CE,Federal Contract Tower,0,8,4,0,12,0,3,48,2,53,0,11,52,2,65,68,0,68,133
08/16/2009,TXK,AR,ASW,CE,Federal Contract Tower,0,8,6,0,14,0,0,21,0,21,0,8,27,0,35,8,0,8,43
08/17/2009,TXK,AR,ASW,CE,Federal Contract Tower,0,8,6,25,39,0,5,18,8,31,0,13,24,33,70,50,46,96,166
08/18/2009,TXK,AR,ASW,CE,Federal Contract Tower,0,8,4,10,22,0,0,6,2,8,0,8,10,12,30,8,48,56,86
08/19/2009,TXK,AR,ASW,CE,Federal Contract Tower,0,8,17,18,43,0,4,11,1,16,0,12,28,19,59,14,28,42,101
08/20/2009,TXK,AR,ASW,CE,Federal Contract Tower,0,8,12,13,33,0,2,14,4,20,0,10,26,17,53,12,42,54,107
08/21/2009,TXK,AR,ASW,CE,Federal Contract Tower,0,8,5,4,17,0,2,22,3,27,0,10,27,7,44,34,8,42,86
08/22/2009,TXK,AR,ASW,CE,Federal Contract Tower,0,8,1,0,9,0,3,30,0,33,0,11,31,0,42,38,0,38,80
08/23/2009,TXK,AR,ASW,CE,Federal Contract Tower,0,8,3,2,13,0,7,26,2,35,0,15,29,4,48,14,0,14,62
08/24/2009,TXK,AR,ASW,CE,Federal Contract Tower,0,8,7,2,17,0,5,22,14,41,0,13,29,16,58,48,0,48,106
08/25/2009,TXK,AR,ASW,CE,Federal Contract Tower,0,8,11,1,20,0,5,19,0,24,0,13,30,1,44,32,0,32,76
08/26/2009,TXK,AR,ASW,CE,Federal Contract Tower,0,16,11,7,34,0,1,30,12,43,0,17,41,19,77,30,62,92,169
08/27/2009,TXK,AR,ASW,CE,Federal Contract Tower,0,10,18,1,29,0,4,29,15,48,0,14,47,16,77,126,0,126,203
08/28/2009,TXK,AR,ASW,CE,Federal Contract Tower,0,8,12,2,22,0,3,30,5,38,0,11,42,7,60,94,2,96,156
08/29/2009,TXK,AR,ASW,CE,Federal Contract Tower,0,8,3,0,11,0,7,51,0,58,0,15,54,0,69,74,0,74,143
08/30/2009,TXK,AR,ASW,CE,Federal Contract Tower,0,8,18,1,27,0,7,21,0,28,0,15,39,1,55,4,0,4,59
08/31/2009,TXK,AR,ASW,CE,Federal Contract Tower,0,8,9,5,22,0,8,27,2,37,0,16,36,7,59,94,2,96,155
09/01/2009,TXK,AR,ASW,CE,Federal Contract Tower,0,8,11,1,20,0,7,19,0,26,0,15,30,1,46,6,0,6,52
09/02/2009,TXK,AR,ASW,CE,Federal Contract Tower,0,8,12,4,24,0,2,26,1,29,0,10,38,5,53,88,22,110,163
09/03/2009,TXK,AR,ASW,CE,Federal Contract Tower,0,8,11,1,20,0,2,1,0,3,0,10,12,1,23,0,2,2,25
09/04/2009,TXK,AR,ASW,CE,Federal Contract Tower,0,10,7,4,21,0,3,20,2,25,0,13,27,6,46,56,10,66,112
09/05/2009,TXK,AR,ASW,CE,Federal Contract Tower,0,9,2,0,11,0,4,16,0,20,0,13,18,0,31,4,0,4,35
09/06/2009,TXK,AR,ASW,CE,Federal Contract Tower,0,8,5,0,13,0,4,14,0,18,0,12,19,0,31,0,0,0,31
09/07/2009,TXK,AR,ASW,CE,Federal Contract Tower,0,4,13,6,23,0,6,34,1,41,0,10,47,7,64,42,4,46,110
09/08/2009,TXK,AR,ASW,CE,Federal Contract Tower,0,12,16,0,28,0,6,20,0,26,0,18,36,0,54,66,0,66,120
09/09/2009,TXK,AR,ASW,CE,Federal Contract Tower,0,9,16,5,30,0,3,28,7,38,0,12,44,12,68,48,66,114,182
09/10/2009,TXK,AR,ASW,CE,Federal Contract Tower,0,9,22,5,36,0,0,5,0,5,0,9,27,5,41,16,32,48,89
09/11/2009,TXK,AR,ASW,CE,Federal Contract Tower,0,8,17,6,31,0,0,3,0,3,0,8,20,6,34,0,4,4,38
09/12/2009,TXK,AR,ASW,CE,Federal Contract Tower,0,6,9,2,17,0,0,3,0,3,0,6,12,2,20,24,0,24,44
09/13/2009,TXK,AR,ASW,CE,Federal Contract Tower,0,10,8,2,20,0,3,0,0,3,0,13,8,2,23,4,0,4,27
09/14/2009,TXK,AR,ASW,CE,Federal Contract Tower,0,8,7,0,15,0,0,0,0,0,0,8,7,0,15,2,0,2,17
09/15/2009,TXK,AR,ASW,CE,Federal Contract Tower,0,9,11,0,20,0,0,0,0,0,0,9,11,0,20,0,0,0,20
09/16/2009,TXK,AR,ASW,CE,Federal Contract Tower,0,8,20,2,30,0,0,1,0,1,0,8,21,2,31,8,0,8,39
09/17/2009,TXK,AR,ASW,CE,Federal Contract Tower,0,8,16,0,24,0,0,0,0,0,0,8,16,0,24,0,0,0,24
09/18/2009,TXK,AR,ASW,CE,Federal Contract Tower,0,8,18,2,28,0,0,3,0,3,0,8,21,2,31,6,0,6,37
09/19/2009,TXK,AR,ASW,CE,Federal Contract Tower,0,8,11,0,19,0,2,11,0,13,0,10,22,0,32,28,0,28,60
09/20/2009,TXK,AR,ASW,CE,Federal Contract Tower,0,8,8,5,21,0,4,13,1,18,0,12,21,6,39,6,6,12,51
09/21/2009,TXK,AR,ASW,CE,Federal Contract Tower,0,7,6,0,13,0,3,10,0,13,0,10,16,0,26,0,0,0,26
09/22/2009,TXK,AR,ASW,CE,Federal Contract Tower,0,8,13,3,24,0,0,5,0,5,0,8,18,3,29,44,4,48,77
09/23/2009,TXK,AR,ASW,CE,Federal Contract Tower,0,8,13,2,23,0,6,12,2,20,0,14,25,4,43,12,0,12,55
09/24/2009,TXK,AR,ASW,CE,Federal Contract Tower,0,8,25,0,33,0,9,0,0,9,0,17,25,0,42,22,0,22,64
09/25/2009,TXK,AR,ASW,CE,Federal Contract Tower,0,10,12,15,37,0,5,13,0,18,0,15,25,15,55,18,24,42,97
09/26/2009,TXK,AR,ASW,CE,Federal Contract Tower,0,8,4,0,12,0,1,24,4,29,0,9,28,4,41,24,0,24,65
09/27/2009,TXK,AR,ASW,CE,Federal Contract Tower,0,8,5,2,15,0,8,26,0,34,0,16,31,2,49,28,6,34,83
09/28/2009,TXK,AR,ASW,CE,Federal Contract Tower,0,8,5,6,19,0,1,23,2,26,0,9,28,8,45,42,4,46,91
09/29/2009,TXK,AR,ASW,CE,Federal Contract Tower,0,8,9,6,23,0,2,33,0,35,0,10,42,6,58,30,18,48,106
09/30/2009,TXK,AR,ASW,CE,Federal Contract Tower,0,9,12,1,22,0,4,54,0,58,0,13,66,1,80,58,2,60,140
10/01/2009,TXK,AR,ASW,CE,Federal Contract Tower,0,7,17,2,26,0,0,5,0,5,0,7,22,2,31,2,4,6,37
10/02/2009,TXK,AR,ASW,CE,Federal Contract Tower,0,8,14,9,31,0,2,42,4,48,0,10,56,13,79,64,30,94,173
10/03/2009,TXK,AR,ASW,CE,Federal Contract Tower,0,10,8,0,18,0,3,26,0,29,0,13,34,0,47,15,0,15,62
10/04/2009,TXK,AR,ASW,CE,Federal Contract Tower,0,9,12,0,21,0,0,0,0,0,0,9,12,0,21,0,0,0,21
10/05/2009,TXK,AR,ASW,CE,Federal Contract Tower,0,7,24,2,33,0,0,8,0,8,0,7,32,2,41,30,6,36,77
10/06/2009,TXK,AR,ASW,CE,Federal Contract Tower,0,6,12,1,19,0,0,0,0,0,0,6,12,1,19,0,0,0,19
10/07/2009,TXK,AR,ASW,CE,Federal Contract Tower,0,8,9,7,24,0,2,10,6,18,0,10,19,13,42,40,18,58,100
10/08/2009,TXK,AR,ASW,CE,Federal Contract Tower,0,6,19,0,25,0,2,12,0,14,0,8,31,0,39,24,0,24,63
10/09/2009,TXK,AR,ASW,CE,Federal Contract Tower,0,7,20,4,31,0,0,1,3,4,0,7,21,7,35,0,2,2,37
10/10/2009,TXK,AR,ASW,CE,Federal Contract Tower,0,10,19,2,31,0,6,4,0,10,0,16,23,2,41,8,0,8,49
10/11/2009,TXK,AR,ASW,CE,Federal Contract Tower,0,11,15,0,26,0,0,1,0,1,0,11,16,0,27,2,0,2,29
10/12/2009,TXK,AR,ASW,CE,Federal Contract Tower,0,6,12,1,19,0,0,0,0,0,0,6,12,1,19,0,0,0,19
10/13/2009,TXK,AR,ASW,CE,Federal Contract Tower,0,3,5,0,8,0,0,0,0,0,0,3,5,0,8,0,0,0,8
10/14/2009,TXK,AR,ASW,CE,Federal Contract Tower,0,7,23,1,31,0,0,0,0,0,0,7,23,1,31,4,2,6,37
10/15/2009,TXK,AR,ASW,CE,Federal Contract Tower,0,10,17,1,28,0,0,2,0,2,0,10,19,1,30,0,2,2,32
10/16/2009,TXK,AR,ASW,CE,Federal Contract Tower,0,8,19,7,34,0,2,30,0,32,0,10,49,7,66,26,18,44,110
10/17/2009,TXK,AR,ASW,CE,Federal Contract Tower,0,8,8,2,18,0,4,26,9,39,0,12,34,11,57,38,2,40,97
10/18/2009,TXK,AR,ASW,CE,Federal Contract Tower,0,8,16,5,29,0,2,29,1,32,0,10,45,6,61,40,16,56,117
10/19/2009,TXK,AR,ASW,CE,Federal Contract Tower,0,8,9,3,20,0,6,40,3,49,0,14,49,6,69,112,20,132,201
10/20/2009,TXK,AR,ASW,CE,Federal Contract Tower,0,8,14,4,26,0,4,33,6,43,0,12,47,10,69,20,30,50,119
10/21/2009,TXK,AR,ASW,CE,Federal Contract Tower,0,8,15,2,25,0,5,10,1,16,0,13,25,3,41,22,12,34,75
10/22/2009,TXK,AR,ASW,CE,Federal Contract Tower,0,10,10,2,22,0,0,2,0,2,0,10,12,2,24,0,0,0,24
10/23/2009,TXK,AR,ASW,CE,Federal Contract Tower,0,10,11,11,32,0,11,25,4,40,0,21,36,15,72,46,40,86,158
10/24/2009,TXK,AR,ASW,CE,Federal Contract Tower,0,8,5,3,16,0,8,23,1,32,0,16,28,4,48,80,6,86,134
10/25/2009,TXK,AR,ASW,CE,Federal Contract Tower,0,8,14,0,22,0,9,30,0,39,0,17,44,0,61,66,0,66,127
10/26/2009,TXK,AR,ASW,CE,Federal Contract Tower,0,6,20,0,26,0,0,0,0,0,0,6,20,0,26,0,0,0,26
10/27/2009,TXK,AR,ASW,CE,Federal Contract Tower,0,9,8,2,19,0,0,4,0,4,0,9,12,2,23,20,0,20,43
10/28/2009,TXK,AR,ASW,CE,Federal Contract Tower,0,8,36,6,50,0,7,31,7,45,0,15,67,13,95,48,10,58,153
10/29/2009,TXK,AR,ASW,CE,Federal Contract Tower,0,8,11,0,19,0,0,0,0,0,0,8,11,0,19,0,0,0,19
10/30/2009,TXK,AR,ASW,CE,Federal Contract Tower,0,9,8,0,17,0,1,30,0,31,0,10,38,0,48,26,0,26,74
10/31/2009,TXK,AR,ASW,CE,Federal Contract Tower,0,6,9,0,15,0,4,38,38,80,0,10,47,38,95,16,0,16,111
11/01/2009,TXK,AR,ASW,CE,Federal Contract Tower,0,5,22,5,32,0,2,36,13,51,0,7,58,18,83,38,6,44,127
11/02/2009,TXK,AR,ASW,CE,Federal Contract Tower,0,8,14,5,27,0,3,24,7,34,0,11,38,12,61,18,42,60,121
11/03/2009,TXK,AR,ASW,CE,Federal Contract Tower,0,8,14,3,25,0,7,29,1,37,0,15,43,4,62,62,2,64,126
11/04/2009,TXK,AR,ASW,CE,Federal Contract Tower,0,8,14,5,27,0,9,41,2,52,0,17,55,7,79,30,36,66,145
11/05/2009,TXK,AR,ASW,CE,Federal Contract Tower,0,7,19,6,32,0,9,32,5,46,0,16,51,11,78,40,6,46,124
11/06/2009,TXK,AR,ASW,CE,Federal Contract Tower,0,8,9,2,19,0,6,45,4,55,0,14,54,6,74,52,20,72,146
11/07/2009,TXK,AR,ASW,CE,Federal Contract Tower,0,8,4,2,14,0,5,17,2,24,0,13,21,4,38,16,0,16,54
11/08/2009,TXK,AR,ASW,CE,Federal Contract Tower,0,11,14,0,25,0,6,11,0,17,0,17,25,0,42,0,0,0,42
11/09/2009,TXK,AR,ASW,CE,Federal Contract Tower,0,10,21,2,33,0,2,12,5,19,0,12,33,7,52,20,4,24,76
11/10/2009,TXK,AR,ASW,CE,Federal Contract Tower,0,8,18,5,31,0,13,21,3,37,0,21,39,8,68,28,8,36,104
11/11/2009,TXK,AR,ASW,CE,Federal Contract Tower,0,12,11,0,23,0,3,18,0,21,0,15,29,0,44,40,0,40,84
11/12/2009,TXK,AR,ASW,CE,Federal Contract Tower,0,8,8,3,19,0,5,21,4,30,0,13,29,7,49,22,2,24,73
11/13/2009,TXK,AR,ASW,CE,Federal Contract Tower,0,8,8,4,20,0,7,21,2,30,0,15,29,6,50,12,0,12,62
11/14/2009,TXK,AR,ASW,CE,Federal Contract Tower,0,8,4,2,14,0,6,21,2,29,0,14,25,4,43,0,0,0,43
11/15/2009,TXK,AR,ASW,CE,Federal Contract Tower,0,7,13,8,28,0,0,16,1,17,0,7,29,9,45,24,24,48,93
11/16/2009,TXK,AR,ASW,CE,Federal Contract Tower,0,8,6,8,22,0,3,5,0,8,0,11,11,8,30,4,6,10,40
11/17/2009,TXK,AR,ASW,CE,Federal Contract Tower,0,10,11,3,24,0,6,7,2,15,0,16,18,5,39,18,6,24,63
11/18/2009,TXK,AR,ASW,CE,Federal Contract Tower,0,10,16,6,32,0,0,18,5,23,0,10,34,11,55,16,22,38,93
11/19/2009,TXK,AR,ASW,CE,Federal Contract Tower,0,8,16,3,27,0,4,31,5,40,0,12,47,8,67,34,6,40,107
11/20/2009,TXK,AR,ASW,CE,Federal Contract Tower,0,8,12,0,20,0,0,15,0,15,0,8,27,0,35,20,0,20,55
11/21/2009,TXK,AR,ASW,CE,Federal Contract Tower,0,10,12,0,22,0,9,8,4,21,0,19,20,4,43,10,0,10,53
11/22/2009,TXK,AR,ASW,CE,Federal Contract Tower,0,8,11,3,22,0,4,17,0,21,0,12,28,3,43,6,8,14,57
11/23/2009,TXK,AR,ASW,CE,Federal Contract Tower,0,9,11,4,24,0,7,12,28,47,0,16,23,32,71,6,0,6,77
11/24/2009,TXK,AR,ASW,CE,Federal Contract Tower,0,8,10,6,24,0,3,15,55,73,0,11,25,61,97,38,22,60,157
11/25/2009,TXK,AR,ASW,CE,Federal Contract Tower,0,8,6,3,17,0,4,10,2,16,0,12,16,5,33,0,12,12,45
11/26/2009,TXK,AR,ASW,CE,Federal Contract Tower,0,8,9,0,17,0,5,18,0,23,0,13,27,0,40,2,0,2,42
11/27/2009,TXK,AR,ASW,CE,Federal Contract Tower,0,8,7,0,15,0,5,41,0,46,0,13,48,0,61,6,0,6,67
11/28/2009,TXK,AR,ASW,CE,Federal Contract Tower,0,8,14,0,22,0,3,45,0,48,0,11,59,0,70,0,0,0,70
11/29/2009,TXK,AR,ASW,CE,Federal Contract Tower,0,8,15,0,23,0,3,0,0,3,0,11,15,0,26,0,0,0,26
11/30/2009,TXK,AR,ASW,CE,Federal Contract Tower,0,8,7,8,23,0,7,21,2,30,0,15,28,10,53,10,10,20,73
12/01/2009,TXK,AR,ASW,CE,Federal Contract Tower,0,6,13,17,36,0,2,24,11,37,0,8,37,28,73,24,28,52,125
12/02/2009,TXK,AR,ASW,CE,Federal Contract Tower,0,8,8,4,20,0,0,0,0,0,0,8,8,4,20,0,8,8,28
12/03/2009,TXK,AR,ASW,CE,Federal Contract Tower,0,10,7,19,36,0,6,25,9,40,0,16,32,28,76,26,20,46,122
12/04/2009,TXK,AR,ASW,CE,Federal Contract Tower,0,11,12,6,29,0,5,10,0,15,0,16,22,6,44,6,12,18,62
12/05/2009,TXK,AR,ASW,CE,Federal Contract Tower,0,11,10,7,28,0,6,17,1,24,0,17,27,8,52,20,14,34,86
12/06/2009,TXK,AR,ASW,CE,Federal Contract Tower,0,9,11,0,20,0,1,1,0,2,0,10,12,0,22,2,0,2,24
12/07/2009,TXK,AR,ASW,CE,Federal Contract Tower,0,8,18,0,26,0,0,5,0,5,0,8,23,0,31,32,0,32,63
12/08/2009,TXK,AR,ASW,CE,Federal Contract Tower,0,3,4,0,7,0,0,0,0,0,0,3,4,0,7,2,0,2,9
12/09/2009,TXK,AR,ASW,CE,Federal Contract Tower,0,11,24,5,40,0,1,18,2,21,0,12,42,7,61,38,10,48,109
12/10/2009,TXK,AR,ASW,CE,Federal Contract Tower,0,8,14,0,22,0,3,18,0,21,0,11,32,0,43,30,0,30,73
12/11/2009,TXK,AR,ASW,CE,Federal Contract Tower,0,8,13,0,21,0,9,12,2,23,0,17,25,2,44,14,0,14,58
12/12/2009,TXK,AR,ASW,CE,Federal Contract Tower,0,3,6,0,9,0,0,0,0,0,0,3,6,0,9,0,0,0,9
12/13/2009,TXK,AR,ASW,CE,Federal Contract Tower,0,1,5,0,6,0,0,0,0,0,0,1,5,0,6,2,0,2,8
12/14/2009,TXK,AR,ASW,CE,Federal Contract Tower,0,6,16,2,24,0,0,8,0,8,0,6,24,2,32,8,0,8,40
12/15/2009,TXK,AR,ASW,CE,Federal Contract Tower,0,10,8,4,22,0,0,17,0,17,0,10,25,4,39,2,8,10,49
12/16/2009,TXK,AR,ASW,CE,Federal Contract Tower,0,8,15,10,33,0,6,19,2,27,0,14,34,12,60,6,16,22,82
12/17/2009,TXK,AR,ASW,CE,Federal Contract Tower,0,11,14,2,27,0,2,20,3,25,0,13,34,5,52,6,2,8,60
12/18/2009,TXK,AR,ASW,CE,Federal Contract Tower,0,8,6,6,20,0,0,26,24,50,0,8,32,30,70,22,12,34,104
12/19/2009,TXK,AR,ASW,CE,Federal Contract Tower,0,12,5,2,19,0,2,6,2,10,0,14,11,4,29,0,4,4,33
12/20/2009,TXK,AR,ASW,CE,Federal Contract Tower,0,11,9,0,20,0,5,27,2,34,0,16,36,2,54,0,0,0,54
12/21/2009,TXK,AR,ASW,CE,Federal Contract Tower,0,8,7,0,15,0,6,24,4,34,0,14,31,4,49,14,0,14,63
12/22/2009,TXK,AR,ASW,CE,Federal Contract Tower,0,12,20,0,32,0,8,9,0,17,0,20,29,0,49,28,0,28,77
12/23/2009,TXK,AR,ASW,CE,Federal Contract Tower,0,8,9,0,17,0,0,0,0,0,0,8,9,0,17,4,0,4,21
12/24/2009,TXK,AR,ASW,CE,Federal Contract Tower,0,5,5,0,10,0,0,0,0,0,0,5,5,0,10,0,0,0,10
12/25/2009,TXK,AR,ASW,CE,Federal Contract Tower,0,5,5,0,10,0,5,3,0,8,0,10,8,0,18,0,0,0,18
12/26/2009,TXK,AR,ASW,CE,Federal Contract Tower,0,8,9,0,17,0,0,15,0,15,0,8,24,0,32,2,0,2,34
12/27/2009,TXK,AR,ASW,CE,Federal Contract Tower,0,9,14,0,23,0,2,19,0,21,0,11,33,0,44,30,0,30,74
12/28/2009,TXK,AR,ASW,CE,Federal Contract Tower,0,9,2,0,11,0,0,11,0,11,0,9,13,0,22,18,0,18,40
12/29/2009,TXK,AR,ASW,CE,Federal Contract Tower,0,6,21,0,27,0,5,8,0,13,0,11,29,0,40,14,0,14,54
12/30/2009,TXK,AR,ASW,CE,Federal Contract Tower,0,6,10,2,18,0,0,0,0,0,0,6,10,2,18,0,0,0,18
12/31/2009,TXK,AR,ASW,CE,Federal Contract Tower,0,6,8,0,14,0,0,0,0,0,0,6,8,0,14,0,0,0,14
01/01/2010,TXK,AR,ASW,CE,Federal Contract Tower,0,10,5,0,15,0,0,26,0,26,0,10,31,0,41,2,0,2,43
01/02/2010,TXK,AR,ASW,CE,Federal Contract Tower,0,8,8,0,16,0,5,27,0,32,0,13,35,0,48,20,0,20,68
01/03/2010,TXK,AR,ASW,CE,Federal Contract Tower,0,8,10,0,18,0,3,5,0,8,0,11,15,0,26,0,0,0,26
01/04/2010,TXK,AR,ASW,CE,Federal Contract Tower,0,8,10,0,18,0,2,4,2,8,0,10,14,2,26,0,0,0,26
01/05/2010,TXK,AR,ASW,CE,Federal Contract Tower,0,8,11,1,20,0,3,18,3,24,0,11,29,4,44,4,0,4,48
01/06/2010,TXK,AR,ASW,CE,Federal Contract Tower,0,8,11,0,19,0,12,15,3,30,0,20,26,3,49,58,0,58,107
01/07/2010,TXK,AR,ASW,CE,Federal Contract Tower,0,6,9,0,15,0,0,3,3,6,0,6,12,3,21,50,0,50,71
01/08/2010,TXK,AR,ASW,CE,Federal Contract Tower,0,8,4,19,31,0,0,6,0,6,0,8,10,19,37,0,14,14,51
01/09/2010,TXK,AR,ASW,CE,Federal Contract Tower,0,8,7,10,25,0,1,28,0,29,0,9,35,10,54,30,10,40,94
01/10/2010,TXK,AR,ASW,CE,Federal Contract Tower,0,8,3,14,25,0,3,29,2,34,0,11,32,16,59,8,22,30,89
01/11/2010,TXK,AR,ASW,CE,Federal Contract Tower,0,9,6,3,18,0,6,19,0,25,0,15,25,3,43,0,2,2,45
01/12/2010,TXK,AR,ASW,CE,Federal Contract Tower,0,11,5,9,25,0,4,32,7,43,0,15,37,16,68,8,14,22,90
01/13/2010,TXK,AR,ASW,CE,Federal Contract Tower,0,8,21,3,32,0,4,33,4,41,0,12,54,7,73,22,4,26,99
01/14/2010,TXK,AR,ASW,CE,Federal Contract Tower,0,10,9,0,19,0,8,13,0,21,0,18,22,0,40,0,0,0,40
01/15/2010,TXK,AR,ASW,CE,Federal Contract Tower,0,8,8,3,19,0,3,22,3,28,0,11,30,6,47,52,16,68,115
01/16/2010,TXK,AR,ASW,CE,Federal Contract Tower,0,8,5,0,13,0,1,6,0,7,0,9,11,0,20,8,0,8,28
01/17/2010,TXK,AR,ASW,CE,Federal Contract Tower,0,9,13,0,22,0,6,18,0,24,0,15,31,0,46,48,0,48,94
01/18/2010,TXK,AR,ASW,CE,Federal Contract Tower,0,10,5,0,15,0,2,16,0,18,0,12,21,0,33,30,0,30,63
01/19/2010,TXK,AR,ASW,CE,Federal Contract Tower,0,8,13,0,21,0,3,9,2,14,0,11,22,2,35,28,0,28,63
01/20/2010,TXK,AR,ASW,CE,Federal Contract Tower,0,7,17,7,31,0,0,7,1,8,0,7,24,8,39,34,18,52,91
01/21/2010,TXK,AR,ASW,CE,Federal Contract Tower,0,11,22,7,40,0,6,22,4,32,0,17,44,11,72,46,14,60,132
01/22/2010,TXK,AR,ASW,CE,Federal Contract Tower,0,10,29,1,40,0,0,25,1,26,0,10,54,2,66,22,14,36,102
01/23/2010,TXK,AR,ASW,CE,Federal Contract Tower,0,10,3,7,20,0,0,5,1,6,0,10,8,8,26,0,12,12,38
01/24/2010,TXK,AR,ASW,CE,Federal Contract Tower,0,8,15,5,28,0,3,23,2,28,0,11,38,7,56,12,24,36,92
01/25/2010,TXK,AR,ASW,CE,Federal Contract Tower,0,8,2,8,18,0,6,13,3,22,0,14,15,11,40,8,24,32,72
01/26/2010,TXK,AR,ASW,CE,Federal Contract Tower,0,10,18,3,31,0,0,25,3,28,0,10,43,6,59,44,8,52,111
01/27/2010,TXK,AR,ASW,CE,Federal Contract Tower,0,10,21,2,33,0,3,14,0,17,0,13,35,2,50,42,0,42,92
01/28/2010,TXK,AR,ASW,CE,Federal Contract Tower,0,13,10,0,23,0,0,1,0,1,0,13,11,0,24,0,0,0,24
01/29/2010,TXK,AR,ASW,CE,Federal Contract Tower,0,10,9,0,19,0,0,0,0,0,0,10,9,0,19,2,0,2,21
01/30/2010,TXK,AR,ASW,CE,Federal Contract Tower,0,6,11,0,17,0,0,6,0,6,0,6,17,0,23,6,0,6,29
01/31/2010,TXK,AR,ASW,CE,Federal Contract Tower,0,10,6,2,18,0,3,13,1,17,0,13,19,3,35,12,12,24,59
02/01/2010,TXK,AR,ASW,CE,Federal Contract Tower,0,8,20,5,33,0,5,11,3,19,0,13,31,8,52,32,2,34,86
02/02/2010,TXK,AR,ASW,CE,Federal Contract Tower,0,6,10,6,22,0,5,22,16,43,0,11,32,22,65,38,90,128,193
02/03/2010,TXK,AR,ASW,CE,Federal Contract Tower,0,10,11,2,23,0,2,10,0,12,0,12,21,2,35,12,0,12,47
02/04/2010,TXK,AR,ASW,CE,Federal Contract Tower,0,8,11,0,19,0,0,0,0,0,0,8,11,0,19,2,0,2,21
02/05/2010,TXK,AR,ASW,CE,Federal Contract Tower,0,8,16,12,36,5,9,2,0,16,5,17,18,12,52,14,14,28,80
02/06/2010,TXK,AR,ASW,CE,Federal Contract Tower,0,8,7,10,25,0,7,24,1,32,0,15,31,11,57,34,6,40,97
02/07/2010,TXK,AR,ASW,CE,Federal Contract Tower,0,8,6,6,20,0,0,12,0,12,0,8,18,6,32,34,6,40,72
02/08/2010,TXK,AR,ASW,CE,Federal Contract Tower,0,8,15,0,23,0,0,0,0,0,0,8,15,0,23,2,0,2,25
02/09/2010,TXK,AR,ASW,CE,Federal Contract Tower,0,10,13,5,28,0,5,26,5,36,0,15,39,10,64,64,20,84,148
02/10/2010,TXK,AR,ASW,CE,Federal Contract Tower,0,6,12,3,21,0,3,19,2,24,0,9,31,5,45,20,0,20,65
02/11/2010,TXK,AR,ASW,CE,Federal Contract Tower,0,0,6,2,8,0,0,0,0,0,0,0,6,2,8,0,0,0,8
02/12/2010,TXK,AR,ASW,CE,Federal Contract Tower,0,6,11,0,17,0,7,0,0,7,0,13,11,0,24,2,0,2,26
02/13/2010,TXK,AR,ASW,CE,Federal Contract Tower,0,4,7,2,13,0,0,15,1,16,0,4,22,3,29,2,12,14,43
02/14/2010,TXK,AR,ASW,CE,Federal Contract Tower,0,10,9,0,19,0,0,2,0,2,0,10,11,0,21,2,0,2,23
02/15/2010,TXK,AR,ASW,CE,Federal Contract Tower,0,8,10,0,18,0,4,31,0,35,0,12,41,0,53,66,0,66,119
02/16/2010,TXK,AR,ASW,CE,Federal Contract Tower,0,8,16,4,28,0,9,32,4,45,0,17,48,8,73,48,6,54,127
02/17/2010,TXK,AR,ASW,CE,Federal Contract Tower,0,8,13,6,27,0,0,47,1,48,0,8,60,7,75,36,6,42,117
02/18/2010,TXK,AR,ASW,CE,Federal Contract Tower,0,8,17,3,28,0,0,46,2,48,0,8,63,5,76,42,8,50,126
02/19/2010,TXK,AR,ASW,CE,Federal Contract Tower,0,10,6,17,33,0,9,23,10,42,0,19,29,27,75,32,34,66,141
02/20/2010,TXK,AR,ASW,CE,Federal Contract Tower,0,8,10,0,18,0,4,16,0,20,0,12,26,0,38,22,0,22,60
02/21/2010,TXK,AR,ASW,CE,Federal Contract Tower,0,11,9,0,20,0,1,3,0,4,0,12,12,0,24,0,0,0,24
02/22/2010,TXK,AR,ASW,CE,Federal Contract Tower,0,7,12,0,19,0,1,4,0,5,0,8,16,0,24,0,0,0,24
02/23/2010,TXK,AR,ASW,CE,Federal Contract Tower,0,8,9,0,17,0,2,2,1,5,0,10,11,1,22,2,0,2,24
02/24/2010,TXK,AR,ASW,CE,Federal Contract Tower,0,9,14,4,27,0,0,46,2,48,0,9,60,6,75,52,0,52,127
02/25/2010,TXK,AR,ASW,CE,Federal Contract Tower,0,8,12,0,20,0,8,27,3,38,0,16,39,3,58,34,0,34,92
02/26/2010,TXK,AR,ASW,CE,Federal Contract Tower,0,8,8,3,19,0,0,3,0,3,0,8,11,3,22,0,8,8,30
02/27/2010,TXK,AR,ASW,CE,Federal Contract Tower,0,8,8,11,27,0,6,49,2,57,0,14,57,13,84,44,14,58,142
02/28/2010,TXK,AR,ASW,CE,Federal Contract Tower,0,8,5,2,15,0,6,51,0,57,0,14,56,2,72,62,4,66,138
03/01/2010,TXK,AR,ASW,CE,Federal Contract Tower,0,8,10,0,18,0,0,2,0,2,0,8,12,0,20,0,0,0,20
03/02/2010,TXK,AR,ASW,CE,Federal Contract Tower,0,8,6,11,25,0,1,28,3,32,0,9,34,14,57,76,48,124,181
03/03/2010,TXK,AR,ASW,CE,Federal Contract Tower,0,8,13,2,23,0,3,22,0,25,0,11,35,2,48,32,4,36,84
03/04/2010,TXK,AR,ASW,CE,Federal Contract Tower,0,8,9,9,26,0,9,40,5,54,0,17,49,14,80,22,10,32,112
03/05/2010,TXK,AR,ASW,CE,Federal Contract Tower,0,6,9,6,21,0,1,49,5,55,0,7,58,11,76,56,38,94,170
03/06/2010,TXK,AR,ASW,CE,Federal Contract Tower,0,8,9,6,23,0,3,48,5,56,0,11,57,11,79,32,42,74,153
03/07/2010,TXK,AR,ASW,CE,Federal Contract Tower,0,10,6,2,18,0,5,14,0,19,0,15,20,2,37,10,6,16,53
03/08/2010,TXK,AR,ASW,CE,Federal Contract Tower,0,6,3,3,12,0,3,3,0,6,0,9,6,3,18,0,14,14,32
03/09/2010,TXK,AR,ASW,CE,Federal Contract Tower,0,8,12,8,28,0,6,18,1,25,0,14,30,9,53,8,18,26,79
03/10/2010,TXK,AR,ASW,CE,Federal Contract Tower,0,6,10,13,29,0,3,4,1,8,0,9,14,14,37,2,38,40,77
03/11/2010,TXK,AR,ASW,CE,Federal Contract Tower,0,8,15,17,40,0,5,39,4,48,0,13,54,21,88,58,48,106,194
03/12/2010,TXK,AR,ASW,CE,Federal Contract Tower,0,8,15,20,43,0,1,13,12,26,0,9,28,32,69,8,112,120,189
03/13/2010,TXK,AR,ASW,CE,Federal Contract Tower,0,8,16,2,26,0,5,21,2,28,0,13,37,4,54,34,10,44,98
03/14/2010,TXK,AR,ASW,CE,Federal Contract Tower,0,10,10,9,29,0,2,34,1,37,0,12,44,10,66,18,20,38,104
03/15/2010,TXK,AR,ASW,CE,Federal Contract Tower,0,8,7,0,15,0,0,34,2,36,0,8,41,2,51,50,0,50,101
03/16/2010,TXK,AR,ASW,CE,Federal Contract Tower,0,9,8,0,17,0,8,42,4,54,0,17,50,4,71,102,0,102,173
03/17/2010,TXK,AR,ASW,CE,Federal Contract Tower,0,8,20,3,31,0,2,33,1,36,0,10,53,4,67,58,4,62,129
03/18/2010,TXK,AR,ASW,CE,Federal Contract Tower,0,8,6,4,18,0,5,52,3,60,0,13,58,7,78,118,6,124,202
03/19/2010,TXK,AR,ASW,CE,Federal Contract Tower,0,8,11,1,20,0,4,41,0,45,0,12,52,1,65,34,6,40,105
03/20/2010,TXK,AR,ASW,CE,Federal Contract Tower,0,8,7,0,15,0,6,2,0,8,0,14,9,0,23,0,0,0,23
03/21/2010,TXK,AR,ASW,CE,Federal Contract Tower,0,5,9,0,14,0,1,1,0,2,0,6,10,0,16,0,0,0,16
03/22/2010,TXK,AR,ASW,CE,Federal Contract Tower,0,10,21,6,37,0,0,18,6,24,0,10,39,12,61,6,18,24,85
03/23/2010,TXK,AR,ASW,CE,Federal Contract Tower,0,8,9,3,20,0,6,43,13,62,0,14,52,16,82,112,6,118,200
03/24/2010,TXK,AR,ASW,CE,Federal Contract Tower,0,11,23,4,38,0,2,26,6,34,0,13,49,10,72,48,4,52,124
03/25/2010,TXK,AR,ASW,CE,Federal Contract Tower,0,6,7,2,15,0,4,3,2,9,0,10,10,4,24,0,6,6,30
03/26/2010,TXK,AR,ASW,CE,Federal Contract Tower,0,8,16,9,33,10,34,8,0,52,10,42,24,9,85,98,30,128,213
03/27/2010,TXK,AR,ASW,CE,Federal Contract Tower,0,8,12,0,20,0,8,11,0,19,0,16,23,0,39,28,0,28,67
03/28/2010,TXK,AR,ASW,CE,Federal Contract Tower,0,8,10,2,20,0,1,4,2,7,0,9,14,4,27,2,0,2,29
03/29/2010,TXK,AR,ASW,CE,Federal Contract Tower,0,8,10,3,21,0,2,25,3,30,0,10,35,6,51,32,2,34,85
03/30/2010,TXK,AR,ASW,CE,Federal Contract Tower,0,8,10,4,22,0,3,27,7,37,0,11,37,11,59,60,46,106,165
03/31/2010,TXK,AR,ASW,CE,Federal Contract Tower,0,12,18,4,34,0,0,35,0,35,0,12,53,4,69,4,0,4,73
04/01/2010,TXK,AR,ASW,CE,Federal Contract Tower,0,8,13,1,22,0,10,30,3,43,0,18,43,4,65,44,4,48,113
04/02/2010,TXK,AR,ASW,CE,Federal Contract Tower,0,6,5,1,12,0,7,1,0,8,0,13,6,1,20,0,10,10,30
04/03/2010,TXK,AR,ASW,CE,Federal Contract Tower,0,10,10,0,20,0,1,43,0,44,0,11,53,0,64,52,0,52,116
04/04/2010,TXK,AR,ASW,CE,Federal Contract Tower,0,8,9,0,17,0,2,4,0,6,0,10,13,0,23,0,0,0,23
04/05/2010,TXK,AR,ASW,CE,Federal Contract Tower,0,8,24,8,40,0,3,28,10,41,0,11,52,18,81,64,64,128,209
04/06/2010,TXK,AR,ASW,CE,Federal Contract Tower,0,8,8,7,23,0,9,9,5,23,0,17,17,12,46,0,68,68,114
04/07/2010,TXK,AR,ASW,CE,Federal Contract Tower,0,8,12,0,20,0,12,14,4,30,0,20,26,4,50,16,0,16,66
04/08/2010,TXK,AR,ASW,CE,Federal Contract Tower,0,8,13,4,25,0,3,22,10,35,0,11,35,14,60,20,64,84,144
04/09/2010,TXK,AR,ASW,CE,Federal Contract Tower,0,9,8,2,19,0,6,49,0,55,0,15,57,2,74,38,6,44,118
04/10/2010,TXK,AR,ASW,CE,Federal Contract Tower,0,12,6,0,18,0,10,47,2,59,0,22,53,2,77,64,0,64,141
04/11/2010,TXK,AR,ASW,CE,Federal Contract Tower,0,9,8,0,17,0,8,36,0,44,0,17,44,0,61,26,0,26,87
04/12/2010,TXK,AR,ASW,CE,Federal Contract Tower,0,12,12,1,25,0,2,16,0,18,0,14,28,1,43,18,2,20,63
04/13/2010,TXK,AR,ASW,CE,Federal Contract Tower,0,9,13,4,26,0,3,41,3,47,0,12,54,7,73,92,24,116,189
04/14/2010,TXK,AR,ASW,CE,Federal Contract Tower,0,8,16,8,32,0,4,25,3,32,0,12,41,11,64,22,24,46,110
04/15/2010,TXK,AR,ASW,CE,Federal Contract Tower,0,8,11,7,26,0,4,33,0,37,0,12,44,7,63,56,12,68,131
04/16/2010,TXK,AR,ASW,CE,Federal Contract Tower,0,8,18,8,34,0,1,20,3,24,0,9,38,11,58,46,8,54,112
04/17/2010,TXK,AR,ASW,CE,Federal Contract Tower,0,8,5,0,13,0,2,16,0,18,0,10,21,0,31,32,0,32,63
04/18/2010,TXK,AR,ASW,CE,Federal Contract Tower,0,8,16,12,36,0,1,4,2,7,0,9,20,14,43,8,12,20,63
04/19/2010,TXK,AR,ASW,CE,Federal Contract Tower,0,10,10,1,21,0,1,15,1,17,0,11,25,2,38,42,6,48,86
04/20/2010,TXK,AR,ASW,CE,Federal Contract Tower,0,8,17,13,38,0,3,36,12,51,0,11,53,25,89,31,40,71,160
04/21/2010,TXK,AR,ASW,CE,Federal Contract Tower,0,9,15,0,24,0,13,44,4,61,0,22,59,4,85,70,0,70,155
04/22/2010,TXK,AR,ASW,CE,Federal Contract Tower,0,8,19,7,34,0,4,45,8,57,0,12,64,15,91,94,18,112,203
04/23/2010,TXK,AR,ASW,CE,Federal Contract Tower,0,8,8,1,17,0,0,26,1,27,0,8,34,2,44,0,6,6,50
04/24/2010,TXK,AR,ASW,CE,Federal Contract Tower,0,6,9,0,15,0,3,46,0,49,0,9,55,0,64,4,0,4,68
04/25/2010,TXK,AR,ASW,CE,Federal Contract Tower,0,8,8,3,19,0,1,91,1,93,0,9,99,4,112,48,2,50,162
04/26/2010,TXK,AR,ASW,CE,Federal Contract Tower,0,6,19,6,31,0,4,21,3,28,0,10,40,9,59,10,12,22,81
04/27/2010,TXK,AR,ASW,CE,Federal Contract Tower,0,10,9,2,21,0,7,20,5,32,0,17,29,7,53,12,20,32,85
04/28/2010,TXK,AR,ASW,CE,Federal Contract Tower,0,8,16,6,30,0,14,23,2,39,0,22,39,8,69,12,0,12,81
04/29/2010,TXK,AR,ASW,CE,Federal Contract Tower,0,8,5,3,16,0,3,8,1,12,0,11,13,4,28,2,0,2,30
04/30/2010,TXK,AR,ASW,CE,Federal Contract Tower,0,9,7,2,18,0,4,2,0,6,0,13,9,2,24,2,6,8,32
05/01/2010,TXK,AR,ASW,CE,Federal Contract Tower,0,8,7,0,15,0,3,2,0,5,0,11,9,0,20,0,0,0,20
05/02/2010,TXK,AR,ASW,CE,Federal Contract Tower,0,9,11,6,26,0,7,16,0,23,0,16,27,6,49,4,14,18,67
05/03/2010,TXK,AR,ASW,CE,Federal Contract Tower,0,6,14,2,22,0,6,33,2,41,0,12,47,4,63,28,24,52,115
05/04/2010,TXK,AR,ASW,CE,Federal Contract Tower,0,6,16,4,26,0,3,27,0,30,0,9,43,4,56,12,14,26,82
05/05/2010,TXK,AR,ASW,CE,Federal Contract Tower,0,10,18,4,32,0,11,33,4,48,0,21,51,8,80,10,16,26,106
05/06/2010,TXK,AR,ASW,CE,Federal Contract Tower,0,8,13,0,21,0,6,27,2,35,0,14,40,2,56,24,0,24,80
05/07/2010,TXK,AR,ASW,CE,Federal Contract Tower,0,8,19,3,30,0,3,18,1,22,0,11,37,4,52,32,6,38,90
05/08/2010,TXK,AR,ASW,CE,Federal Contract Tower,0,8,6,2,16,0,4,19,0,23,0,12,25,2,39,30,6,36,75
05/09/2010,TXK,AR,ASW,CE,Federal Contract Tower,0,10,12,0,22,0,2,13,0,15,0,12,25,0,37,10,0,10,47
05/10/2010,TXK,AR,ASW,CE,Federal Contract Tower,0,13,13,0,26,0,2,8,0,10,0,15,21,0,36,4,0,4,40
05/11/2010,TXK,AR,ASW,CE,Federal Contract Tower,0,8,22,7,37,0,6,11,0,17,0,14,33,7,54,64,6,70,124
05/12/2010,TXK,AR,ASW,CE,Federal Contract Tower,0,8,24,9,41,0,2,15,2,19,0,10,39,11,60,4,30,34,94
05/13/2010,TXK,AR,ASW,CE,Federal Contract Tower,0,10,13,0,23,0,2,15,6,23,0,12,28,6,46,46,2,48,94
05/14/2010,TXK,AR,ASW,CE,Federal Contract Tower,0,12,11,2,25,0,5,3,0,8,0,17,14,2,33,8,2,10,43
05/15/2010,TXK,AR,ASW,CE,Federal Contract Tower,0,8,18,0,26,0,2,18,0,20,0,10,36,0,46,58,0,58,104
05/16/2010,TXK,AR,ASW,CE,Federal Contract Tower,0,8,16,0,24,0,4,12,2,18,0,12,28,2,42,0,0,0,42
05/17/2010,TXK,AR,ASW,CE,Federal Contract Tower,0,11,16,8,35,0,0,22,2,24,0,11,38,10,59,30,10,40,99
05/18/2010,TXK,AR,ASW,CE,Federal Contract Tower,0,8,16,8,32,0,3,40,1,44,0,11,56,9,76,74,24,98,174
05/19/2010,TXK,AR,ASW,CE,Federal Contract Tower,0,8,10,0,18,0,2,25,0,27,0,10,35,0,45,94,0,94,139
05/20/2010,TXK,AR,ASW,CE,Federal Contract Tower,0,5,10,0,15,0,6,1,0,7,0,11,11,0,22,0,0,0,22
05/21/2010,TXK,AR,ASW,CE,Federal Contract Tower,0,12,16,0,28,0,4,73,2,79,0,16,89,2,107,54,0,54,161
05/22/2010,TXK,AR,ASW,CE,Federal Contract Tower,0,8,12,0,20,0,9,30,0,39,0,17,42,0,59,44,0,44,103
05/23/2010,TXK,AR,ASW,CE,Federal Contract Tower,0,8,14,2,24,0,7,24,0,31,0,15,38,2,55,26,0,26,81
05/24/2010,TXK,AR,ASW,CE,Federal Contract Tower,0,8,12,9,29,0,4,32,4,40,0,12,44,13,69,28,26,54,123
05/25/2010,TXK,AR,ASW,CE,Federal Contract Tower,0,8,11,9,28,0,5,25,5,35,0,13,36,14,63,28,18,46,109
05/26/2010,TXK,AR,ASW,CE,Federal Contract Tower,0,8,11,8,27,0,9,29,1,39,0,17,40,9,66,46,44,90,156
05/27/2010,TXK,AR,ASW,CE,Federal Contract Tower,0,6,12,3,21,0,5,28,0,33,0,11,40,3,54,54,4,58,112
05/28/2010,TXK,AR,ASW,CE,Federal Contract Tower,0,8,14,9,31,0,3,25,4,32,0,11,39,13,63,16,22,38,101
05/29/2010,TXK,AR,ASW,CE,Federal Contract Tower,0,8,0,0,8,0,4,36,0,40,0,12,36,0,48,20,0,20,68
05/30/2010,TXK,AR,ASW,CE,Federal Contract Tower,0,6,2,0,8,0,7,13,2,22,0,13,15,2,30,0,0,0,30
05/31/2010,TXK,AR,ASW,CE,Federal Contract Tower,0,8,6,0,14,0,2,9,0,11,0,10,15,0,25,8,0,8,33
06/01/2010,TXK,AR,ASW,CE,Federal Contract Tower,0,8,13,10,31,0,5,12,2,19,0,13,25,12,50,18,18,36,86
06/02/2010,TXK,AR,ASW,CE,Federal Contract Tower,0,9,17,5,31,0,5,47,3,55,0,14,64,8,86,46,18,64,150
06/03/2010,TXK,AR,ASW,CE,Federal Contract Tower,0,8,29,4,41,0,6,18,1,25,0,14,47,5,66,64,6,70,136
06/04/2010,TXK,AR,ASW,CE,Federal Contract Tower,0,9,20,2,31,0,2,18,4,24,0,11,38,6,55,64,4,68,123
06/05/2010,TXK,AR,ASW,CE,Federal Contract Tower,0,10,12,4,26,0,3,32,0,35,0,13,44,4,61,24,16,40,101
06/06/2010,TXK,AR,ASW,CE,Federal Contract Tower,0,8,5,1,14,0,6,23,0,29,0,14,28,1,43,6,6,12,55
06/07/2010,TXK,AR,ASW,CE,Federal Contract Tower,0,8,16,0,24,0,5,29,2,36,0,13,45,2,60,16,0,16,76
06/08/2010,TXK,AR,ASW,CE,Federal Contract Tower,0,10,10,7,27,0,0,16,0,16,0,10,26,7,43,36,10,46,89
06/09/2010,TXK,AR,ASW,CE,Federal Contract Tower,0,6,11,2,19,0,8,9,0,17,0,14,20,2,36,18,0,18,54
06/10/2010,TXK,AR,ASW,CE,Federal Contract Tower,0,8,18,0,26,0,0,1,0,1,0,8,19,0,27,2,0,2,29
06/11/2010,TXK,AR,ASW,CE,Federal Contract Tower,0,11,14,2,27,0,7,18,0,25,0,18,32,2,52,6,4,10,62
06/12/2010,TXK,AR,ASW,CE,Federal Contract Tower,0,8,14,1,23,0,3,20,1,24,0,11,34,2,47,22,4,26,73
06/13/2010,TXK,AR,ASW,CE,Federal Contract Tower,0,9,8,2,19,0,2,16,0,18,0,11,24,2,37,0,4,4,41
06/14/2010,TXK,AR,ASW,CE,Federal Contract Tower,0,7,14,7,28,0,3,27,2,32,0,10,41,9,60,34,24,58,118
06/15/2010,TXK,AR,ASW,CE,Federal Contract Tower,0,10,15,5,30,0,2,33,0,35,0,12,48,5,65,58,12,70,135
06/16/2010,TXK,AR,ASW,CE,Federal Contract Tower,0,8,21,5,34,0,2,20,2,24,0,10,41,7,58,32,22,54,112
06/17/2010,TXK,AR,ASW,CE,Federal Contract Tower,0,9,12,10,31,0,0,44,7,51,0,9,56,17,82,48,40,88,170
06/18/2010,TXK,AR,ASW,CE,Federal Contract Tower,0,8,9,3,20,0,2,19,3,24,0,10,28,6,44,10,2,12,56
06/19/2010,TXK,AR,ASW,CE,Federal Contract Tower,0,9,12,0,21,0,3,16,0,19,0,12,28,0,40,56,0,56,96
06/20/2010,TXK,AR,ASW,CE,Federal Contract Tower,0,8,3,3,14,0,6,18,1,25,0,14,21,4,39,20,4,24,63
06/21/2010,TXK,AR,ASW,CE,Federal Contract Tower,0,9,12,7,28,0,1,20,3,24,0,10,32,10,52,10,8,18,70
06/22/2010,TXK,AR,ASW,CE,Federal Contract Tower,0,11,13,2,26,0,11,33,2,46,0,22,46,4,72,60,0,60,132
06/23/2010,TXK,AR,ASW,CE,Federal Contract Tower,0,8,10,2,20,0,2,15,6,23,0,10,25,8,43,0,0,0,43
06/24/2010,TXK,AR,ASW,CE,Federal Contract Tower,0,8,20,6,34,0,1,13,3,17,0,9,33,9,51,0,30,30,81
06/25/2010,TXK,AR,ASW,CE,Federal Contract Tower,0,9,15,2,26,0,3,19,0,22,0,12,34,2,48,16,0,16,64
06/26/2010,TXK,AR,ASW,CE,Federal Contract Tower,0,10,15,0,25,0,3,19,0,22,0,13,34,0,47,6,0,6,53
06/27/2010,TXK,AR,ASW,CE,Federal Contract Tower,0,8,5,0,13,0,3,25,0,28,0,11,30,0,41,22,0,22,63
06/28/2010,TXK,AR,ASW,CE,Federal Contract Tower,0,5,14,9,28,0,4,16,4,24,0,9,30,13,52,68,26,94,146
06/29/2010,TXK,AR,ASW,CE,Federal Contract Tower,0,8,11,4,23,0,3,14,1,18,0,11,25,5,41,0,10,10,51
06/30/2010,TXK,AR,ASW,CE,Federal Contract Tower,0,10,28,2,40,0,0,20,0,20,0,10,48,2,60,38,0,38,98
07/01/2010,TXK,AR,ASW,CE,Federal Contract Tower,0,12,13,1,26,0,2,15,2,19,0,14,28,3,45,32,8,40,85
07/02/2010,TXK,AR,ASW,CE,Federal Contract Tower,0,8,21,4,33,0,3,32,4,39,0,11,53,8,72,28,62,90,162
07/03/2010,TXK,AR,ASW,CE,Federal Contract Tower,0,10,6,0,16,0,6,12,0,18,0,16,18,0,34,10,0,10,44
07/04/2010,TXK,AR,ASW,CE,Federal Contract Tower,0,6,1,0,7,0,4,10,0,14,0,10,11,0,21,8,0,8,29
07/05/2010,TXK,AR,ASW,CE,Federal Contract Tower,0,8,10,2,20,0,5,21,0,26,0,13,31,2,46,8,0,8,54
07/06/2010,TXK,AR,ASW,CE,Federal Contract Tower,0,6,17,4,27,0,4,13,4,21,0,10,30,8,48,30,54,84,132
07/07/2010,TXK,AR,ASW,CE,Federal Contract Tower,2,6,9,1,18,0,0,2,10,12,2,6,11,11,30,0,0,0,30
07/08/2010,TXK,AR,ASW,CE,Federal Contract Tower,0,10,12,3,25,0,1,15,0,16,0,11,27,3,41,12,8,20,61
07/09/2010,TXK,AR,ASW,CE,Federal Contract Tower,0,8,11,3,22,0,4,18,2,24,0,12,29,5,46,16,30,46,92
07/10/2010,TXK,AR,ASW,CE,Federal Contract Tower,0,9,11,1,21,0,4,8,0,12,0,13,19,1,33,0,0,0,33
07/11/2010,TXK,AR,ASW,CE,Federal Contract Tower,0,8,12,0,20,0,8,25,0,33,0,16,37,0,53,16,0,16,69
07/12/2010,TXK,AR,ASW,CE,Federal Contract Tower,0,11,14,2,27,0,5,18,0,23,0,16,32,2,50,14,0,14,64
07/13/2010,TXK,AR,ASW,CE,Federal Contract Tower,0,10,14,3,27,0,5,29,1,35,0,15,43,4,62,40,22,62,124
07/14/2010,TXK,AR,ASW,CE,Federal Contract Tower,0,6,22,0,28,0,0,43,0,43,0,6,65,0,71,68,0,68,139
07/15/2010,TXK,AR,ASW,CE,Federal Contract Tower,0,8,16,8,32,0,0,32,2,34,0,8,48,10,66,54,6,60,126
07/16/2010,TXK,AR,ASW,CE,Federal Contract Tower,0,8,19,16,43,0,4,23,2,29,0,12,42,18,72,58,24,82,154
07/17/2010,TXK,AR,ASW,CE,Federal Contract Tower,0,8,13,0,21,0,3,3,0,6,0,11,16,0,27,6,0,6,33
07/18/2010,TXK,AR,ASW,CE,Federal Contract Tower,0,9,7,2,18,0,6,23,0,29,0,15,30,2,47,30,0,30,77
07/19/2010,TXK,AR,ASW,CE,Federal Contract Tower,0,8,15,5,28,0,2,16,2,20,0,10,31,7,48,40,12,52,100
07/20/2010,TXK,AR,ASW,CE,Federal Contract Tower,0,6,15,4,25,0,4,40,0,44,0,10,55,4,69,54,0,54,123
07/21/2010,TXK,AR,ASW,CE,Federal Contract Tower,0,5,17,10,32,0,7,26,11,44,0,12,43,21,76,6,22,28,104
07/22/2010,TXK,AR,ASW,CE,Federal Contract Tower,0,9,12,5,26,0,14,31,1,46,0,23,43,6,72,36,8,44,116
07/23/2010,TXK,AR,ASW,CE,Federal Contract Tower,0,8,10,4,22,0,3,18,0,21,0,11,28,4,43,24,2,26,69
07/24/2010,TXK,AR,ASW,CE,Federal Contract Tower,0,8,6,18,32,0,3,15,1,19,0,11,21,19,51,4,48,52,103
07/25/2010,TXK,AR,ASW,CE,Federal Contract Tower,0,8,9,0,17,0,0,19,0,19,0,8,28,0,36,32,0,32,68
07/26/2010,TXK,AR,ASW,CE,Federal Contract Tower,0,5,13,6,24,0,2,17,6,25,0,7,30,12,49,12,52,64,113
07/27/2010,TXK,AR,ASW,CE,Federal Contract Tower,0,8,20,2,30,0,2,7,0,9,0,10,27,2,39,16,0,16,55
07/28/2010,TXK,AR,ASW,CE,Federal Contract Tower,0,8,12,0,20,0,0,5,4,9,0,8,17,4,29,2,0,2,31
07/29/2010,TXK,AR,ASW,CE,Federal Contract Tower,0,8,20,9,37,0,9,25,10,44,0,17,45,19,81,46,76,122,203
07/30/2010,TXK,AR,ASW,CE,Federal Contract Tower,0,10,21,4,35,0,3,19,0,22,0,13,40,4,57,18,2,20,77
07/31/2010,TXK,AR,ASW,CE,Federal Contract Tower,2,6,7,9,24,0,0,12,0,12,2,6,19,9,36,6,24,30,66
08/01/2010,TXK,AR,ASW,CE,Federal Contract Tower,4,4,8,2,18,0,7,22,0,29,4,11,30,2,47,28,6,34,81
08/02/2010,TXK,AR,ASW,CE,Federal Contract Tower,4,4,9,5,22,0,3,21,0,24,4,7,30,5,46,24,10,34,80
08/03/2010,TXK,AR,ASW,CE,Federal Contract Tower,4,3,11,5,23,0,2,23,2,27,4,5,34,7,50,58,20,78,128
08/04/2010,TXK,AR,ASW,CE,Federal Contract Tower,2,6,7,0,15,0,3,26,0,29,2,9,33,0,44,32,0,32,76
08/05/2010,TXK,AR,ASW,CE,Federal Contract Tower,4,7,12,8,31,0,4,25,0,29,4,11,37,8,60,48,12,60,120
08/06/2010,TXK,AR,ASW,CE,Federal Contract Tower,4,2,6,3,15,0,0,6,4,10,4,2,12,7,25,30,0,30,55
08/07/2010,TXK,AR,ASW,CE,Federal Contract Tower,4,3,11,0,18,0,7,7,0,14,4,10,18,0,32,18,0,18,50
08/08/2010,TXK,AR,ASW,CE,Federal Contract Tower,4,4,7,2,17,0,0,9,0,9,4,4,16,2,26,0,0,0,26
08/09/2010,TXK,AR,ASW,CE,Federal Contract Tower,4,4,13,8,29,0,10,22,26,58,4,14,35,34,87,14,82,96,183
08/10/2010,TXK,AR,ASW,CE,Federal Contract Tower,2,6,9,0,17,0,5,16,9,30,2,11,25,9,47,62,0,62,109
08/11/2010,TXK,AR,ASW,CE,Federal Contract Tower,2,6,9,0,17,0,6,22,12,40,2,12,31,12,57,14,0,14,71
08/12/2010,TXK,AR,ASW,CE,Federal Contract Tower,2,6,9,4,21,0,10,29,4,43,2,16,38,8,64,60,8,68,132
08/13/2010,TXK,AR,ASW,CE,Federal Contract Tower,2,6,6,4,18,0,4,22,1,27,2,10,28,5,45,52,6,58,103
08/14/2010,TXK,AR,ASW,CE,Federal Contract Tower,2,6,12,0,20,0,15,19,0,34,2,21,31,0,54,18,0,18,72
08/15/2010,TXK,AR,ASW,CE,Federal Contract Tower,2,7,10,0,19,0,3,19,0,22,2,10,29,0,41,20,0,20,61
08/16/2010,TXK,AR,ASW,CE,Federal Contract Tower,2,6,12,2,22,0,10,20,1,31,2,16,32,3,53,6,2,8,61
08/17/2010,TXK,AR,ASW,CE,Federal Contract Tower,2,6,9,3,20,0,5,8,1,14,2,11,17,4,34,14,8,22,56
08/18/2010,TXK,AR,ASW,CE,Federal Contract Tower,2,6,23,1,32,0,2,25,3,30,2,8,48,4,62,52,6,58,120
08/19/2010,TXK,AR,ASW,CE,Federal Contract Tower,2,6,24,13,45,0,5,24,8,37,2,11,48,21,82,20,72,92,174
08/20/2010,TXK,AR,ASW,CE,Federal Contract Tower,2,7,10,2,21,0,3,28,2,33,2,10,38,4,54,36,30,66,120
08/21/2010,TXK,AR,ASW,CE,Federal Contract Tower,2,7,10,4,23,0,3,14,0,17,2,10,24,4,40,4,8,12,52
08/22/2010,TXK,AR,ASW,CE,Federal Contract Tower,0,10,13,0,23,0,5,19,0,24,0,15,32,0,47,40,0,40,87
08/23/2010,TXK,AR,ASW,CE,Federal Contract Tower,0,8,8,5,21,0,4,17,1,22,0,12,25,6,43,22,8,30,73
08/24/2010,TXK,AR,ASW,CE,Federal Contract Tower,2,7,12,0,21,0,10,28,0,38,2,17,40,0,59,20,0,20,79
08/25/2010,TXK,AR,ASW,CE,Federal Contract Tower,2,6,15,4,27,0,3,23,3,29,2,9,38,7,56,40,38,78,134
08/26/2010,TXK,AR,ASW,CE,Federal Contract Tower,2,6,26,2,36,0,0,17,0,17,2,6,43,2,53,2,0,2,55
08/27/2010,TXK,AR,ASW,CE,Federal Contract Tower,2,6,4,13,25,0,2,22,2,26,2,8,26,15,51,36,50,86,137
08/28/2010,TXK,AR,ASW,CE,Federal Contract Tower,2,5,2,1,10,0,1,24,0,25,2,6,26,1,35,36,4,40,75
08/29/2010,TXK,AR,ASW,CE,Federal Contract Tower,2,7,12,2,23,0,4,12,0,16,2,11,24,2,39,0,0,0,39
08/30/2010,TXK,AR,ASW,CE,Federal Contract Tower,2,5,10,4,21,0,6,11,2,19,2,11,21,6,40,18,16,34,74
08/31/2010,TXK,AR,ASW,CE,Federal Contract Tower,2,7,25,2,36,0,3,6,0,9,2,10,31,2,45,2,6,8,53
09/01/2010,TXK,AR,ASW,CE,Federal Contract Tower,2,8,16,6,32,0,0,25,8,33,2,8,41,14,65,40,22,62,127
09/02/2010,TXK,AR,ASW,CE,Federal Contract Tower,2,8,18,0,28,0,0,5,0,5,2,8,23,0,33,12,0,12,45
09/03/2010,TXK,AR,ASW,CE,Federal Contract Tower,2,6,16,0,24,0,1,15,0,16,2,7,31,0,40,12,0,12,52
09/04/2010,TXK,AR,ASW,CE,Federal Contract Tower,2,7,5,0,14,0,1,15,0,16,2,8,20,0,30,10,0,10,40
09/05/2010,TXK,AR,ASW,CE,Federal Contract Tower,2,6,4,0,12,0,13,26,0,39,2,19,30,0,51,16,0,16,67
09/06/2010,TXK,AR,ASW,CE,Federal Contract Tower,2,6,9,0,17,0,0,33,0,33,2,6,42,0,50,26,0,26,76
09/07/2010,TXK,AR,ASW,CE,Federal Contract Tower,2,5,8,0,15,0,2,15,0,17,2,7,23,0,32,12,0,12,44
09/08/2010,TXK,AR,ASW,CE,Federal Contract Tower,2,9,16,0,27,0,0,7,0,7,2,9,23,0,34,0,0,0,34
09/09/2010,TXK,AR,ASW,CE,Federal Contract Tower,2,6,12,0,20,0,3,6,2,11,2,9,18,2,31,0,0,0,31
09/10/2010,TXK,AR,ASW,CE,Federal Contract Tower,2,7,25,6,40,0,9,46,2,57,2,16,71,8,97,90,8,98,195
09/11/2010,TXK,AR,ASW,CE,Federal Contract Tower,2,6,8,0,16,0,1,13,0,14,2,7,21,0,30,0,0,0,30
09/12/2010,TXK,AR,ASW,CE,Federal Contract Tower,2,9,12,2,25,0,3,32,0,35,2,12,44,2,60,16,0,16,76
09/13/2010,TXK,AR,ASW,CE,Federal Contract Tower,2,8,11,0,21,0,6,26,0,32,2,14,37,0,53,90,0,90,143
09/14/2010,TXK,AR,ASW,CE,Federal Contract Tower,2,6,12,4,24,0,4,31,1,36,2,10,43,5,60,56,6,62,122
09/15/2010,TXK,AR,ASW,CE,Federal Contract Tower,2,6,15,1,24,0,2,38,3,43,2,8,53,4,67,38,0,38,105
09/16/2010,TXK,AR,ASW,CE,Federal Contract Tower,2,7,21,2,32,0,5,17,4,26,2,12,38,6,58,22,34,56,114
09/17/2010,TXK,AR,ASW,CE,Federal Contract Tower,2,6,13,2,23,0,10,13,5,28,2,16,26,7,51,6,6,12,63
09/18/2010,TXK,AR,ASW,CE,Federal Contract Tower,2,6,16,0,24,0,2,26,0,28,2,8,42,0,52,0,0,0,52
09/19/2010,TXK,AR,ASW,CE,Federal Contract Tower,2,7,15,0,24,0,3,27,0,30,2,10,42,0,54,20,0,20,74
09/20/2010,TXK,AR,ASW,CE,Federal Contract Tower,2,5,8,2,17,0,3,13,4,20,2,8,21,6,37,8,0,8,45
09/21/2010,TXK,AR,ASW,CE,Federal Contract Tower,2,8,8,11,29,0,6,21,22,49,2,14,29,33,78,0,64,64,142
09/22/2010,TXK,AR,ASW,CE,Federal Contract Tower,2,7,16,10,35,0,9,17,3,29,2,16,33,13,64,60,38,98,162
09/23/2010,TXK,AR,ASW,CE,Federal Contract Tower,2,6,14,4,26,0,4,10,0,14,2,10,24,4,40,16,8,24,64
09/24/2010,TXK,AR,ASW,CE,Federal Contract Tower,2,6,11,6,25,0,4,2,3,9,2,10,13,9,34,0,28,28,62
09/25/2010,TXK,AR,ASW,CE,Federal Contract Tower,3,6,12,0,21,0,4,6,0,10,3,10,18,0,31,28,0,28,59
09/26/2010,TXK,AR,ASW,CE,Federal Contract Tower,2,6,9,0,17,0,4,10,0,14,2,10,19,0,31,2,0,2,33
09/27/2010,TXK,AR,ASW,CE,Federal Contract Tower,2,6,6,4,18,0,0,29,1,30,2,6,35,5,48,24,10,34,82
09/28/2010,TXK,AR,ASW,CE,Federal Contract Tower,2,6,12,2,22,0,5,29,2,36,2,11,41,4,58,22,4,26,84
09/29/2010,TXK,AR,ASW,CE,Federal Contract Tower,2,6,16,2,26,0,0,21,0,21,2,6,37,2,47,40,0,40,87
09/30/2010,TXK,AR,ASW,CE,Federal Contract Tower,2,7,12,0,21,0,1,24,6,31,2,8,36,6,52,32,0,32,84
10/01/2010,TXK,AR,ASW,CE,Federal Contract Tower,2,7,6,3,18,0,6,22,4,32,2,13,28,7,50,30,0,30,80
10/02/2010,TXK,AR,ASW,CE,Federal Contract Tower,2,6,9,0,17,0,5,45,0,50,2,11,54,0,67,26,0,26,93
10/03/2010,TXK,AR,ASW,CE,Federal Contract Tower,2,6,8,0,16,0,5,39,0,44,2,11,47,0,60,24,0,24,84
10/04/2010,TXK,AR,ASW,CE,Federal Contract Tower,2,6,11,2,21,0,8,23,2,33,2,14,34,4,54,30,0,30,84
10/05/2010,TXK,AR,ASW,CE,Federal Contract Tower,2,8,22,4,36,0,5,40,34,79,2,13,62,38,115,68,8,76,191
10/06/2010,TXK,AR,ASW,CE,Federal Contract Tower,2,6,13,0,21,0,2,33,0,35,2,8,46,0,56,56,0,56,112
10/07/2010,TXK,AR,ASW,CE,Federal Contract Tower,2,8,16,4,30,0,0,25,21,46,2,8,41,25,76,8,8,16,92
10/08/2010,TXK,AR,ASW,CE,Federal Contract Tower,2,9,25,0,36,0,10,37,16,63,2,19,62,16,99,76,0,76,175
10/09/2010,TXK,AR,ASW,CE,Federal Contract Tower,2,7,15,2,26,0,8,22,16,46,2,15,37,18,72,4,12,16,88
10/10/2010,TXK,AR,ASW,CE,Federal Contract Tower,2,10,8,2,22,0,14,39,0,53,2,24,47,2,75,42,0,42,117
10/11/2010,TXK,AR,ASW,CE,Federal Contract Tower,2,6,12,0,20,0,0,3,3,6,2,6,15,3,26,0,0,0,26
10/12/2010,TXK,AR,ASW,CE,Federal Contract Tower,2,7,11,2,22,0,3,15,0,18,2,10,26,2,40,2,2,4,44
10/13/2010,TXK,AR,ASW,CE,Federal Contract Tower,2,6,19,5,32,0,2,20,1,23,2,8,39,6,55,14,6,20,75
10/14/2010,TXK,AR,ASW,CE,Federal Contract Tower,2,7,13,5,27,0,7,37,4,48,2,14,50,9,75,56,12,68,143
10/15/2010,TXK,AR,ASW,CE,Federal Contract Tower,2,6,17,2,27,0,3,31,1,35,2,9,48,3,62,46,0,46,108
10/16/2010,TXK,AR,ASW,CE,Federal Contract Tower,2,6,13,3,24,0,5,35,0,40,2,11,48,3,64,66,6,72,136
10/17/2010,TXK,AR,ASW,CE,Federal Contract Tower,2,6,12,0,20,0,5,34,0,39,2,11,46,0,59,14,0,14,73
10/18/2010,TXK,AR,ASW,CE,Federal Contract Tower,2,8,10,4,24,0,3,20,0,23,2,11,30,4,47,14,6,20,67
10/19/2010,TXK,AR,ASW,CE,Federal Contract Tower,2,7,15,0,24,0,4,12,0,16,2,11,27,0,40,8,0,8,48
10/20/2010,TXK,AR,ASW,CE,Federal Contract Tower,2,8,23,0,33,0,5,14,4,23,2,13,37,4,56,26,0,26,82
10/21/2010,TXK,AR,ASW,CE,Federal Contract Tower,2,6,30,7,45,0,3,18,1,22,2,9,48,8,67,24,18,42,109
10/22/2010,TXK,AR,ASW,CE,Federal Contract Tower,2,6,11,7,26,0,3,26,1,30,2,9,37,8,56,38,14,52,108
10/23/2010,TXK,AR,ASW,CE,Federal Contract Tower,2,9,2,0,13,0,3,7,0,10,2,12,9,0,23,0,0,0,23
10/24/2010,TXK,AR,ASW,CE,Federal Contract Tower,2,6,9,2,19,0,0,2,0,2,2,6,11,2,21,0,2,2,23
10/25/2010,TXK,AR,ASW,CE,Federal Contract Tower,2,8,22,1,33,0,0,9,5,14,2,8,31,6,47,0,4,4,51
10/26/2010,TXK,AR,ASW,CE,Federal Contract Tower,2,9,19,7,37,0,4,18,1,23,2,13,37,8,60,36,22,58,118
10/27/2010,TXK,AR,ASW,CE,Federal Contract Tower,2,9,18,3,32,0,2,31,5,38,2,11,49,8,70,16,4,20,90
10/28/2010,TXK,AR,ASW,CE,Federal Contract Tower,2,6,15,5,28,0,0,30,3,33,2,6,45,8,61,12,24,36,97
10/29/2010,TXK,AR,ASW,CE,Federal Contract Tower,2,6,10,4,22,0,3,37,2,42,2,9,47,6,64,66,8,74,138
10/30/2010,TXK,AR,ASW,CE,Federal Contract Tower,2,8,9,0,19,0,10,23,0,33,2,18,32,0,52,28,0,28,80
10/31/2010,TXK,AR,ASW,CE,Federal Contract Tower,2,6,13,0,21,0,2,21,0,23,2,8,34,0,44,14,0,14,58
11/01/2010,TXK,AR,ASW,CE,Federal Contract Tower,2,5,21,0,28,0,0,4,0,4,2,5,25,0,32,0,0,0,32
11/02/2010,TXK,AR,ASW,CE,Federal Contract Tower,0,7,11,0,18,0,1,0,0,1,0,8,11,0,19,2,0,2,21
11/03/2010,TXK,AR,ASW,CE,Federal Contract Tower,2,8,9,0,19,0,0,0,0,0,2,8,9,0,19,0,0,0,19
11/04/2010,TXK,AR,ASW,CE,Federal Contract Tower,2,7,7,2,18,0,1,26,13,40,2,8,33,15,58,26,6,32,90
11/05/2010,TXK,AR,ASW,CE,Federal Contract Tower,2,7,18,1,28,0,5,24,3,32,2,12,42,4,60,12,0,12,72
11/06/2010,TXK,AR,ASW,CE,Federal Contract Tower,2,6,4,2,14,0,1,28,0,29,2,7,32,2,43,18,0,18,61
11/07/2010,TXK,AR,ASW,CE,Federal Contract Tower,2,6,7,1,16,0,2,23,1,26,2,8,30,2,42,8,0,8,50
11/08/2010,TXK,AR,ASW,CE,Federal Contract Tower,2,6,11,2,21,0,0,16,3,19,2,6,27,5,40,24,6,30,70
11/09/2010,TXK,AR,ASW,CE,Federal Contract Tower,2,7,15,3,27,0,5,38,1,44,2,12,53,4,71,12,16,28,99
11/10/2010,TXK,AR,ASW,CE,Federal Contract Tower,2,6,14,2,24,0,3,7,2,12,2,9,21,4,36,4,2,6,42
11/11/2010,TXK,AR,ASW,CE,Federal Contract Tower,2,10,16,0,28,0,2,6,0,8,2,12,22,0,36,8,0,8,44
11/12/2010,TXK,AR,ASW,CE,Federal Contract Tower,2,5,12,6,25,0,0,19,8,27,2,5,31,14,52,22,14,36,88
11/13/2010,TXK,AR,ASW,CE,Federal Contract Tower,2,6,5,0,13,0,3,10,0,13,2,9,15,0,26,16,0,16,42
11/14/2010,TXK,AR,ASW,CE,Federal Contract Tower,2,8,3,0,13,0,8,15,0,23,2,16,18,0,36,16,0,16,52
11/15/2010,TXK,AR,ASW,CE,Federal Contract Tower,2,6,15,2,25,0,7,13,21,41,2,13,28,23,66,22,8,30,96
11/16/2010,TXK,AR,ASW,CE,Federal Contract Tower,2,8,12,0,22,0,2,15,0,17,2,10,27,0,39,12,0,12,51
11/17/2010,TXK,AR,ASW,CE,Federal Contract Tower,2,8,20,11,41,0,0,25,4,29,2,8,45,15,70,26,18,44,114
11/18/2010,TXK,AR,ASW,CE,Federal Contract Tower,2,7,20,0,29,0,2,16,2,20,2,9,36,2,49,42,0,42,91
11/19/2010,TXK,AR,ASW,CE,Federal Contract Tower,2,7,19,0,28,0,7,40,4,51,2,14,59,4,79,72,0,72,151
11/20/2010,TXK,AR,ASW,CE,Federal Contract Tower,2,8,10,0,20,0,0,1,0,1,2,8,11,0,21,4,0,4,25
11/21/2010,TXK,AR,ASW,CE,Federal Contract Tower,2,7,12,0,21,0,3,10,0,13,2,10,22,0,34,34,0,34,68
11/22/2010,TXK,AR,ASW,CE,Federal Contract Tower,2,8,18,0,28,0,4,9,0,13,2,12,27,0,41,6,0,6,47
11/23/2010,TXK,AR,ASW,CE,Federal Contract Tower,2,6,12,2,22,0,0,14,2,16,2,6,26,4,38,22,18,40,78
11/24/2010,TXK,AR,ASW,CE,Federal Contract Tower,2,8,12,0,22,0,1,15,0,16,2,9,27,0,38,6,0,6,44
11/25/2010,TXK,AR,ASW,CE,Federal Contract Tower,2,4,7,0,13,0,3,0,0,3,2,7,7,0,16,2,0,2,18
11/26/2010,TXK,AR,ASW,CE,Federal Contract Tower,2,6,10,0,18,0,4,31,0,35,2,10,41,0,53,6,0,6,59
11/27/2010,TXK,AR,ASW,CE,Federal Contract Tower,2,6,11,0,19,0,5,33,0,38,2,11,44,0,57,44,0,44,101
11/28/2010,TXK,AR,ASW,CE,Federal Contract Tower,2,6,11,0,19,0,3,37,0,40,2,9,48,0,59,28,0,28,87
11/29/2010,TXK,AR,ASW,CE,Federal Contract Tower,2,6,16,0,24,0,2,0,0,2,2,8,16,0,26,0,0,0,26
11/30/2010,TXK,AR,ASW,CE,Federal Contract Tower,2,6,10,7,25,0,3,31,0,34,2,9,41,7,59,62,18,80,139
12/01/2010,TXK,AR,ASW,CE,Federal Contract Tower,2,6,8,4,20,0,2,45,2,49,2,8,53,6,69,52,0,52,121
12/02/2010,TXK,AR,ASW,CE,Federal Contract Tower,2,6,16,3,27,0,9,32,41,82,2,15,48,44,109,32,8,40,149
12/03/2010,TXK,AR,ASW,CE,Federal Contract Tower,2,6,13,3,24,0,5,34,1,40,2,11,47,4,64,56,24,80,144
12/04/2010,TXK,AR,ASW,CE,Federal Contract Tower,2,6,12,2,22,0,5,28,0,33,2,11,40,2,55,40,12,52,107
12/05/2010,TXK,AR,ASW,CE,Federal Contract Tower,2,6,10,2,20,0,0,21,0,21,2,6,31,2,41,40,4,44,85
12/06/2010,TXK,AR,ASW,CE,Federal Contract Tower,2,6,18,1,27,0,0,14,1,15,2,6,32,2,42,26,2,28,70
12/07/2010,TXK,AR,ASW,CE,Federal Contract Tower,2,6,18,0,26,0,4,14,0,18,2,10,32,0,44,26,0,26,70
12/08/2010,TXK,AR,ASW,CE,Federal Contract Tower,2,6,15,3,26,0,5,9,3,17,2,11,24,6,43,8,0,8,51
12/09/2010,TXK,AR,ASW,CE,Federal Contract Tower,2,10,10,6,28,0,2,26,3,31,2,12,36,9,59,20,34,54,113
12/10/2010,TXK,AR,ASW,CE,Federal Contract Tower,2,7,14,4,27,0,1,4,1,6,2,8,18,5,33,6,12,18,51
12/11/2010,TXK,AR,ASW,CE,Federal Contract Tower,2,7,9,0,18,0,7,11,1,19,2,14,20,1,37,24,0,24,61
12/12/2010,TXK,AR,ASW,CE,Federal Contract Tower,2,8,3,12,25,0,2,9,4,15,2,10,12,16,40,6,32,38,78
12/13/2010,TXK,AR,ASW,CE,Federal Contract Tower,2,7,9,3,21,0,2,30,2,34,2,9,39,5,55,46,18,64,119
12/14/2010,TXK,AR,ASW,CE,Federal Contract Tower,2,6,20,4,32,0,5,25,3,33,2,11,45,7,65,16,28,44,109
12/15/2010,TXK,AR,ASW,CE,Federal Contract Tower,2,8,17,2,29,0,6,4,0,10,2,14,21,2,39,4,6,10,49
12/16/2010,TXK,AR,ASW,CE,Federal Contract Tower,2,6,21,0,29,0,2,13,0,15,2,8,34,0,44,8,0,8,52
12/17/2010,TXK,AR,ASW,CE,Federal Contract Tower,2,4,16,25,47,0,2,19,6,27,2,6,35,31,74,10,44,54,128
12/18/2010,TXK,AR,ASW,CE,Federal Contract Tower,2,4,7,0,13,0,1,16,0,17,2,5,23,0,30,8,0,8,38
12/19/2010,TXK,AR,ASW,CE,Federal Contract Tower,2,4,14,0,20,0,3,13,0,16,2,7,27,0,36,8,0,8,44
12/20/2010,TXK,AR,ASW,CE,Federal Contract Tower,2,4,12,0,18,0,9,1,0,10,2,13,13,0,28,6,0,6,34
12/21/2010,TXK,AR,ASW,CE,Federal Contract Tower,2,4,16,8,30,0,2,19,3,24,2,6,35,11,54,22,52,74,128
12/22/2010,TXK,AR,ASW,CE,Federal Contract Tower,2,6,14,2,24,0,5,19,0,24,2,11,33,2,48,22,6,28,76
12/23/2010,TXK,AR,ASW,CE,Federal Contract Tower,2,4,9,0,15,0,0,12,0,12,2,4,21,0,27,0,0,0,27
12/24/2010,TXK,AR,ASW,CE,Federal Contract Tower,2,4,2,0,8,0,0,0,0,0,2,4,2,0,8,0,0,0,8
12/25/2010,TXK,AR,ASW,CE,Federal Contract Tower,2,3,5,0,10,0,0,3,0,3,2,3,8,0,13,0,0,0,13
12/26/2010,TXK,AR,ASW,CE,Federal Contract Tower,2,4,12,0,18,0,5,10,0,15,2,9,22,0,33,18,0,18,51
12/27/2010,TXK,AR,ASW,CE,Federal Contract Tower,2,4,8,2,16,0,1,27,0,28,2,5,35,2,44,0,0,0,44
12/28/2010,TXK,AR,ASW,CE,Federal Contract Tower,2,8,9,0,19,0,0,2,0,2,2,8,11,0,21,2,0,2,23
12/29/2010,TXK,AR,ASW,CE,Federal Contract Tower,2,2,14,0,18,0,0,0,0,0,2,2,14,0,18,0,0,0,18
12/30/2010,TXK,AR,ASW,CE,Federal Contract Tower,2,6,9,7,24,0,0,4,3,7,2,6,13,10,31,4,8,12,43
12/31/2010,TXK,AR,ASW,CE,Federal Contract Tower,2,4,6,0,12,0,6,4,0,10,2,10,10,0,22,2,0,2,24
01/01/2011,TXK,AR,ASW,CE,Federal Contract Tower,2,4,4,0,10,0,0,7,0,7,2,4,11,0,17,4,0,4,21
01/02/2011,TXK,AR,ASW,CE,Federal Contract Tower,2,4,9,0,15,0,3,16,0,19,2,7,25,0,34,36,0,36,70
01/03/2011,TXK,AR,ASW,CE,Federal Contract Tower,2,4,10,1,17,0,2,9,0,11,2,6,19,1,28,12,2,14,42
01/04/2011,TXK,AR,ASW,CE,Federal Contract Tower,2,6,11,0,19,0,6,19,0,25,2,12,30,0,44,28,0,28,72
01/05/2011,TXK,AR,ASW,CE,Federal Contract Tower,2,4,11,8,25,0,2,13,2,17,2,6,24,10,42,14,30,44,86
01/06/2011,TXK,AR,ASW,CE,Federal Contract Tower,2,4,6,3,15,0,7,26,4,37,2,11,32,7,52,26,4,30,82
01/07/2011,TXK,AR,ASW,CE,Federal Contract Tower,2,4,13,4,23,0,6,18,1,25,2,10,31,5,48,18,10,28,76
01/08/2011,TXK,AR,ASW,CE,Federal Contract Tower,2,5,7,0,14,0,2,29,0,31,2,7,36,0,45,28,0,28,73
01/09/2011,TXK,AR,ASW,CE,Federal Contract Tower,0,1,2,0,3,0,0,0,0,0,0,1,2,0,3,0,0,0,3
01/10/2011,TXK,AR,ASW,CE,Federal Contract Tower,2,7,8,0,17,0,0,1,0,1,2,7,9,0,18,6,0,6,24
01/11/2011,TXK,AR,ASW,CE,Federal Contract Tower,0,6,15,5,26,0,7,5,2,14,0,13,20,7,40,2,14,16,56
01/12/2011,TXK,AR,ASW,CE,Federal Contract Tower,0,4,12,0,16,0,4,23,2,29,0,8,35,2,45,30,0,30,75
01/13/2011,TXK,AR,ASW,CE,Federal Contract Tower,2,6,11,10,29,0,2,17,3,22,2,8,28,13,51,12,38,50,101
01/14/2011,TXK,AR,ASW,CE,Federal Contract Tower,2,7,15,0,24,0,5,15,0,20,2,12,30,0,44,26,0,26,70
01/15/2011,TXK,AR,ASW,CE,Federal Contract Tower,2,4,6,0,12,0,3,0,0,3,2,7,6,0,15,0,0,0,15
01/16/2011,TXK,AR,ASW,CE,Federal Contract Tower,2,4,10,0,16,0,0,0,0,0,2,4,10,0,16,0,0,0,16
01/17/2011,TXK,AR,ASW,CE,Federal Contract Tower,2,2,16,0,20,0,0,0,0,0,2,2,16,0,20,0,0,0,20
01/18/2011,TXK,AR,ASW,CE,Federal Contract Tower,2,4,19,4,29,0,0,4,8,12,2,4,23,12,41,24,4,28,69
01/19/2011,TXK,AR,ASW,CE,Federal Contract Tower,2,4,23,8,37,0,1,18,9,28,2,5,41,17,65,64,52,116,181
01/20/2011,TXK,AR,ASW,CE,Federal Contract Tower,2,4,6,0,12,0,0,0,0,0,2,4,6,0,12,2,0,2,14
01/21/2011,TXK,AR,ASW,CE,Federal Contract Tower,2,4,11,2,19,0,2,21,5,28,2,6,32,7,47,0,10,10,57
01/22/2011,TXK,AR,ASW,CE,Federal Contract Tower,2,4,5,0,11,0,9,35,0,44,2,13,40,0,55,44,0,44,99
01/23/2011,TXK,AR,ASW,CE,Federal Contract Tower,2,4,10,0,16,0,1,10,4,15,2,5,20,4,31,2,0,2,33
01/24/2011,TXK,AR,ASW,CE,Federal Contract Tower,2,7,17,7,33,0,3,27,2,32,2,10,44,9,65,48,20,68,133
01/25/2011,TXK,AR,ASW,CE,Federal Contract Tower,2,4,9,9,24,0,2,21,4,27,2,6,30,13,51,30,32,62,113
01/26/2011,TXK,AR,ASW,CE,Federal Contract Tower,2,6,13,5,26,0,1,39,2,42,2,7,52,7,68,64,22,86,154
01/27/2011,TXK,AR,ASW,CE,Federal Contract Tower,2,6,10,5,23,0,1,30,2,33,2,7,40,7,56,36,36,72,128
01/28/2011,TXK,AR,ASW,CE,Federal Contract Tower,2,4,9,4,19,0,2,37,0,39,2,6,46,4,58,28,10,38,96
01/29/2011,TXK,AR,ASW,CE,Federal Contract Tower,2,4,3,0,9,0,0,44,4,48,2,4,47,4,57,62,0,62,119
01/30/2011,TXK,AR,ASW,CE,Federal Contract Tower,2,4,14,12,32,0,4,5,0,9,2,8,19,12,41,0,6,6,47
01/31/2011,TXK,AR,ASW,CE,Federal Contract Tower,2,6,15,0,23,0,0,0,1,1,2,6,15,1,24,0,0,0,24
02/01/2011,TXK,AR,ASW,CE,Federal Contract Tower,0,0,0,0,0,0,0,0,0,0,0,0,0,0,0,0,0,0,0
02/02/2011,TXK,AR,ASW,CE,Federal Contract Tower,0,3,24,0,27,0,2,15,2,19,0,5,39,2,46,14,0,14,60
02/03/2011,TXK,AR,ASW,CE,Federal Contract Tower,0,4,6,0,10,0,2,8,0,10,0,6,14,0,20,0,0,0,20
02/04/2011,TXK,AR,ASW,CE,Federal Contract Tower,0,0,2,0,2,0,0,0,0,0,0,0,2,0,2,0,0,0,2
02/05/2011,TXK,AR,ASW,CE,Federal Contract Tower,2,4,6,0,12,0,9,17,0,26,2,13,23,0,38,22,0,22,60
02/06/2011,TXK,AR,ASW,CE,Federal Contract Tower,2,4,6,0,12,0,7,10,0,17,2,11,16,0,29,30,0,30,59
02/07/2011,TXK,AR,ASW,CE,Federal Contract Tower,2,4,9,6,21,0,6,13,1,20,2,10,22,7,41,2,28,30,71
02/08/2011,TXK,AR,ASW,CE,Federal Contract Tower,2,4,28,5,39,0,4,32,7,43,2,8,60,12,82,66,38,104,186
02/09/2011,TXK,AR,ASW,CE,Federal Contract Tower,0,2,1,0,3,0,2,0,0,2,0,4,1,0,5,0,0,0,5
02/10/2011,TXK,AR,ASW,CE,Federal Contract Tower,2,6,8,0,16,0,6,9,0,15,2,12,17,0,31,38,0,38,69
02/11/2011,TXK,AR,ASW,CE,Federal Contract Tower,2,6,16,0,24,0,3,22,0,25,2,9,38,0,49,32,0,32,81
02/12/2011,TXK,AR,ASW,CE,Federal Contract Tower,2,6,0,0,8,0,8,47,4,59,2,14,47,4,67,38,0,38,105
02/13/2011,TXK,AR,ASW,CE,Federal Contract Tower,2,4,10,5,21,0,4,29,1,34,2,8,39,6,55,74,6,80,135
02/14/2011,TXK,AR,ASW,CE,Federal Contract Tower,2,5,10,0,17,0,4,30,0,34,2,9,40,0,51,40,0,40,91
02/15/2011,TXK,AR,ASW,CE,Federal Contract Tower,2,7,18,4,31,0,0,18,2,20,2,7,36,6,51,22,24,46,97
02/16/2011,TXK,AR,ASW,CE,Federal Contract Tower,2,4,15,9,30,0,2,9,8,19,2,6,24,17,49,4,42,46,95
02/17/2011,TXK,AR,ASW,CE,Federal Contract Tower,2,9,15,4,30,0,5,18,2,25,2,14,33,6,55,36,30,66,121
02/18/2011,TXK,AR,ASW,CE,Federal Contract Tower,2,8,9,4,23,0,2,20,1,23,2,10,29,5,46,14,24,38,84
02/19/2011,TXK,AR,ASW,CE,Federal Contract Tower,2,6,8,0,16,0,4,19,2,25,2,10,27,2,41,30,0,30,71
02/20/2011,TXK,AR,ASW,CE,Federal Contract Tower,2,6,5,0,13,0,5,13,0,18,2,11,18,0,31,18,0,18,49
02/21/2011,TXK,AR,ASW,CE,Federal Contract Tower,2,4,15,0,21,0,6,4,0,10,2,10,19,0,31,6,0,6,37
02/22/2011,TXK,AR,ASW,CE,Federal Contract Tower,2,4,14,9,29,0,4,28,3,35,2,8,42,12,64,36,26,62,126
02/23/2011,TXK,AR,ASW,CE,Federal Contract Tower,2,4,22,1,29,0,5,5,0,10,2,9,27,1,39,0,2,2,41
02/24/2011,TXK,AR,ASW,CE,Federal Contract Tower,0,2,5,17,24,0,0,1,0,1,0,2,6,17,25,0,0,0,25
02/25/2011,TXK,AR,ASW,CE,Federal Contract Tower,2,3,15,15,35,0,2,34,6,42,2,5,49,21,77,0,40,40,117
02/26/2011,TXK,AR,ASW,CE,Federal Contract Tower,2,6,8,0,16,0,5,34,0,39,2,11,42,0,55,42,0,42,97
02/27/2011,TXK,AR,ASW,CE,Federal Contract Tower,2,6,6,0,14,0,4,9,0,13,2,10,15,0,27,24,0,24,51
02/28/2011,TXK,AR,ASW,CE,Federal Contract Tower,0,5,18,1,24,0,5,27,1,33,0,10,45,2,57,50,10,60,117
03/01/2011,TXK,AR,ASW,CE,Federal Contract Tower,2,5,15,0,22,0,5,36,0,41,2,10,51,0,63,40,0,40,103
03/02/2011,TXK,AR,ASW,CE,Federal Contract Tower,2,4,17,5,28,0,5,34,5,44,2,9,51,10,72,46,40,86,158
03/03/2011,TXK,AR,ASW,CE,Federal Contract Tower,2,4,17,0,23,0,3,30,6,39,2,7,47,6,62,48,0,48,110
03/04/2011,TXK,AR,ASW,CE,Federal Contract Tower,2,3,13,4,22,0,1,3,2,6,2,4,16,6,28,0,28,28,56
03/05/2011,TXK,AR,ASW,CE,Federal Contract Tower,2,6,5,0,13,0,0,7,0,7,2,6,12,0,20,8,0,8,28
03/06/2011,TXK,AR,ASW,CE,Federal Contract Tower,2,3,7,9,21,0,8,24,0,32,2,11,31,9,53,56,24,80,133
03/07/2011,TXK,AR,ASW,CE,Federal Contract Tower,2,4,23,0,29,0,4,21,0,25,2,8,44,0,54,102,0,102,156
03/08/2011,TXK,AR,ASW,CE,Federal Contract Tower,2,4,7,0,13,0,2,0,0,2,2,6,7,0,15,0,0,0,15
03/09/2011,TXK,AR,ASW,CE,Federal Contract Tower,2,4,14,3,23,0,0,10,1,11,2,4,24,4,34,8,8,16,50
03/10/2011,TXK,AR,ASW,CE,Federal Contract Tower,2,6,16,0,24,0,3,22,0,25,2,9,38,0,49,6,0,6,55
03/11/2011,TXK,AR,ASW,CE,Federal Contract Tower,0,4,12,4,20,0,0,20,0,20,0,4,32,4,40,44,4,48,88
03/12/2011,TXK,AR,ASW,CE,Federal Contract Tower,2,4,14,0,20,0,3,20,0,23,2,7,34,0,43,22,0,22,65
03/13/2011,TXK,AR,ASW,CE,Federal Contract Tower,2,4,7,2,15,0,1,15,0,16,2,5,22,2,31,46,2,48,79
03/14/2011,TXK,AR,ASW,CE,Federal Contract Tower,2,6,15,3,26,0,2,11,1,14,2,8,26,4,40,52,18,70,110
03/15/2011,TXK,AR,ASW,CE,Federal Contract Tower,2,4,11,0,17,0,7,22,5,34,2,11,33,5,51,48,4,52,103
03/16/2011,TXK,AR,ASW,CE,Federal Contract Tower,2,4,24,4,34,0,8,34,5,47,2,12,58,9,81,74,0,74,155
03/17/2011,TXK,AR,ASW,CE,Federal Contract Tower,2,7,23,0,32,0,0,12,2,14,2,7,35,2,46,2,0,2,48
03/18/2011,TXK,AR,ASW,CE,Federal Contract Tower,2,4,11,7,24,0,4,21,2,27,2,8,32,9,51,26,10,36,87
03/19/2011,TXK,AR,ASW,CE,Federal Contract Tower,2,4,8,8,22,0,8,9,0,17,2,12,17,8,39,6,14,20,59
03/20/2011,TXK,AR,ASW,CE,Federal Contract Tower,2,4,19,2,27,0,2,28,0,30,2,6,47,2,57,48,8,56,113
03/21/2011,TXK,AR,ASW,CE,Federal Contract Tower,2,4,8,0,14,0,6,17,1,24,2,10,25,1,38,58,0,58,96
03/22/2011,TXK,AR,ASW,CE,Federal Contract Tower,2,4,5,0,11,0,1,14,0,15,2,5,19,0,26,34,0,34,60
03/23/2011,TXK,AR,ASW,CE,Federal Contract Tower,2,4,16,0,22,0,6,13,4,23,2,10,29,4,45,0,0,0,45
03/24/2011,TXK,AR,ASW,CE,Federal Contract Tower,2,6,11,0,19,0,0,24,0,24,2,6,35,0,43,14,0,14,57
03/25/2011,TXK,AR,ASW,CE,Federal Contract Tower,2,4,20,4,30,0,4,9,0,13,2,8,29,4,43,22,2,24,67
03/26/2011,TXK,AR,ASW,CE,Federal Contract Tower,2,6,7,0,15,0,2,12,2,16,2,8,19,2,31,12,0,12,43
03/27/2011,TXK,AR,ASW,CE,Federal Contract Tower,2,6,13,2,23,0,5,1,2,8,2,11,14,4,31,8,0,8,39
03/28/2011,TXK,AR,ASW,CE,Federal Contract Tower,2,4,21,4,31,0,1,1,0,2,2,5,22,4,33,22,0,22,55
03/29/2011,TXK,AR,ASW,CE,Federal Contract Tower,2,6,6,1,15,0,0,0,0,0,2,6,6,1,15,4,4,8,23
03/30/2011,TXK,AR,ASW,CE,Federal Contract Tower,2,6,14,3,25,0,0,5,2,7,2,6,19,5,32,10,2,12,44
03/31/2011,TXK,AR,ASW,CE,Federal Contract Tower,2,4,12,12,30,0,1,14,2,17,2,5,26,14,47,6,24,30,77
04/01/2011,TXK,AR,ASW,CE,Federal Contract Tower,2,4,18,4,28,0,0,27,0,27,2,4,45,4,55,62,8,70,125
04/02/2011,TXK,AR,ASW,CE,Federal Contract Tower,2,4,2,0,8,0,2,16,4,22,2,6,18,4,30,14,0,14,44
04/03/2011,TXK,AR,ASW,CE,Federal Contract Tower,2,6,9,4,21,0,2,9,0,11,2,8,18,4,32,28,10,38,70
04/04/2011,TXK,AR,ASW,CE,Federal Contract Tower,2,3,3,0,8,0,11,2,0,13,2,14,5,0,21,6,0,6,27
04/05/2011,TXK,AR,ASW,CE,Federal Contract Tower,2,4,12,0,18,0,6,29,2,37,2,10,41,2,55,6,0,6,61
04/06/2011,TXK,AR,ASW,CE,Federal Contract Tower,2,5,27,4,38,0,2,15,0,17,2,7,42,4,55,4,4,8,63
04/07/2011,TXK,AR,ASW,CE,Federal Contract Tower,2,10,27,0,39,0,2,8,0,10,2,12,35,0,49,14,0,14,63
04/08/2011,TXK,AR,ASW,CE,Federal Contract Tower,2,5,19,0,26,0,2,14,0,16,2,7,33,0,42,46,0,46,88
04/09/2011,TXK,AR,ASW,CE,Federal Contract Tower,2,4,12,0,18,0,6,31,0,37,2,10,43,0,55,34,0,34,89
04/10/2011,TXK,AR,ASW,CE,Federal Contract Tower,2,4,6,0,12,0,3,12,0,15,2,7,18,0,27,12,0,12,39
04/11/2011,TXK,AR,ASW,CE,Federal Contract Tower,2,4,7,0,13,0,5,17,0,22,2,9,24,0,35,24,0,24,59
04/12/2011,TXK,AR,ASW,CE,Federal Contract Tower,0,7,17,0,24,0,4,19,0,23,0,11,36,0,47,8,0,8,55
04/13/2011,TXK,AR,ASW,CE,Federal Contract Tower,2,7,15,2,26,0,4,27,0,31,2,11,42,2,57,16,2,18,75
04/14/2011,TXK,AR,ASW,CE,Federal Contract Tower,2,5,17,5,29,0,0,24,4,28,2,5,41,9,57,28,26,54,111
04/15/2011,TXK,AR,ASW,CE,Federal Contract Tower,0,4,20,0,24,0,0,10,4,14,0,4,30,4,38,0,0,0,38
04/16/2011,TXK,AR,ASW,CE,Federal Contract Tower,2,6,2,0,10,0,2,30,0,32,2,8,32,0,42,38,0,38,80
04/17/2011,TXK,AR,ASW,CE,Federal Contract Tower,2,4,11,0,17,0,1,21,0,22,2,5,32,0,39,18,0,18,57
04/18/2011,TXK,AR,ASW,CE,Federal Contract Tower,2,4,25,2,33,0,5,11,0,16,2,9,36,2,49,60,0,60,109
04/19/2011,TXK,AR,ASW,CE,Federal Contract Tower,2,3,10,12,27,0,2,5,1,8,2,5,15,13,35,0,26,26,61
04/20/2011,TXK,AR,ASW,CE,Federal Contract Tower,2,3,20,7,32,0,1,0,0,1,2,4,20,7,33,0,4,4,37
04/21/2011,TXK,AR,ASW,CE,Federal Contract Tower,0,5,17,2,24,0,1,0,0,1,0,6,17,2,25,0,0,0,25
04/22/2011,TXK,AR,ASW,CE,Federal Contract Tower,2,4,16,9,31,0,0,15,4,19,2,4,31,13,50,36,28,64,114
04/23/2011,TXK,AR,ASW,CE,Federal Contract Tower,2,4,12,0,18,0,2,14,6,22,2,6,26,6,40,16,0,16,56
04/24/2011,TXK,AR,ASW,CE,Federal Contract Tower,2,6,6,0,14,0,0,9,0,9,2,6,15,0,23,14,0,14,37
04/25/2011,TXK,AR,ASW,CE,Federal Contract Tower,0,3,6,0,9,0,0,0,0,0,0,3,6,0,9,2,0,2,11
04/26/2011,TXK,AR,ASW,CE,Federal Contract Tower,2,5,16,0,23,0,0,3,0,3,2,5,19,0,26,0,0,0,26
04/27/2011,TXK,AR,ASW,CE,Federal Contract Tower,4,2,18,4,28,0,3,8,11,22,4,5,26,15,50,0,8,8,58
04/28/2011,TXK,AR,ASW,CE,Federal Contract Tower,2,4,13,9,28,0,1,47,3,51,2,5,60,12,79,50,18,68,147
04/29/2011,TXK,AR,ASW,CE,Federal Contract Tower,2,4,11,5,22,0,4,31,15,50,2,8,42,20,72,20,20,40,112
04/30/2011,TXK,AR,ASW,CE,Federal Contract Tower,2,4,11,2,19,0,0,8,0,8,2,4,19,2,27,16,0,16,43
05/01/2011,TXK,AR,ASW,CE,Federal Contract Tower,0,4,9,1,14,0,0,4,0,4,0,4,13,1,18,0,0,0,18
05/02/2011,TXK,AR,ASW,CE,Federal Contract Tower,2,3,5,0,10,0,0,0,0,0,2,3,5,0,10,0,0,0,10
05/03/2011,TXK,AR,ASW,CE,Federal Contract Tower,2,4,17,2,25,0,8,38,5,51,2,12,55,7,76,64,22,86,162
05/04/2011,TXK,AR,ASW,CE,Federal Contract Tower,2,4,15,0,21,0,4,32,2,38,2,8,47,2,59,14,0,14,73
05/05/2011,TXK,AR,ASW,CE,Federal Contract Tower,2,4,20,2,28,0,4,34,0,38,2,8,54,2,66,90,6,96,162
05/06/2011,TXK,AR,ASW,CE,Federal Contract Tower,2,6,14,4,26,0,2,32,1,35,2,8,46,5,61,68,30,98,159
05/07/2011,TXK,AR,ASW,CE,Federal Contract Tower,2,6,5,0,13,0,9,27,0,36,2,15,32,0,49,34,0,34,83
05/08/2011,TXK,AR,ASW,CE,Federal Contract Tower,2,4,19,3,28,0,6,8,1,15,2,10,27,4,43,8,2,10,53
05/09/2011,TXK,AR,ASW,CE,Federal Contract Tower,2,5,14,4,25,0,1,15,0,16,2,6,29,4,41,28,0,28,69
05/10/2011,TXK,AR,ASW,CE,Federal Contract Tower,2,4,17,6,29,0,0,14,2,16,2,4,31,8,45,6,26,32,77
05/11/2011,TXK,AR,ASW,CE,Federal Contract Tower,0,3,17,0,20,0,2,18,0,20,0,5,35,0,40,24,0,24,64
05/12/2011,TXK,AR,ASW,CE,Federal Contract Tower,2,3,17,16,38,0,0,15,0,15,2,3,32,16,53,16,10,26,79
05/13/2011,TXK,AR,ASW,CE,Federal Contract Tower,2,5,24,4,35,0,4,23,2,29,2,9,47,6,64,20,38,58,122
05/14/2011,TXK,AR,ASW,CE,Federal Contract Tower,2,5,15,4,26,0,7,18,0,25,2,12,33,4,51,12,8,20,71
05/15/2011,TXK,AR,ASW,CE,Federal Contract Tower,2,4,9,0,15,0,5,28,0,33,2,9,37,0,48,52,0,52,100
05/16/2011,TXK,AR,ASW,CE,Federal Contract Tower,2,4,8,3,17,0,3,28,1,32,2,7,36,4,49,28,6,34,83
05/17/2011,TXK,AR,ASW,CE,Federal Contract Tower,2,5,20,2,29,0,4,25,2,31,2,9,45,4,60,6,0,6,66
05/18/2011,TXK,AR,ASW,CE,Federal Contract Tower,2,4,15,6,27,0,0,27,3,30,2,4,42,9,57,34,18,52,109
05/19/2011,TXK,AR,ASW,CE,Federal Contract Tower,2,4,28,4,38,0,2,4,14,20,2,6,32,18,58,0,8,8,66
05/20/2011,TXK,AR,ASW,CE,Federal Contract Tower,2,1,11,1,15,0,2,8,0,10,2,3,19,1,25,4,0,4,29
05/21/2011,TXK,AR,ASW,CE,Federal Contract Tower,2,5,14,3,24,0,2,8,0,10,2,7,22,3,34,26,4,30,64
05/22/2011,TXK,AR,ASW,CE,Federal Contract Tower,2,6,17,0,25,0,0,6,0,6,2,6,23,0,31,0,0,0,31
05/23/2011,TXK,AR,ASW,CE,Federal Contract Tower,1,6,14,2,23,0,0,11,0,11,1,6,25,2,34,4,0,4,38
05/24/2011,TXK,AR,ASW,CE,Federal Contract Tower,3,4,29,2,38,0,2,17,0,19,3,6,46,2,57,60,0,60,117
05/25/2011,TXK,AR,ASW,CE,Federal Contract Tower,2,5,18,0,25,0,2,10,0,12,2,7,28,0,37,4,0,4,41
05/26/2011,TXK,AR,ASW,CE,Federal Contract Tower,2,4,17,2,25,0,3,33,2,38,2,7,50,4,63,32,0,32,95
05/27/2011,TXK,AR,ASW,CE,Federal Contract Tower,2,4,8,0,14,0,4,21,0,25,2,8,29,0,39,28,0,28,67
05/28/2011,TXK,AR,ASW,CE,Federal Contract Tower,2,4,4,0,10,0,2,20,0,22,2,6,24,0,32,12,0,12,44
05/29/2011,TXK,AR,ASW,CE,Federal Contract Tower,2,6,7,0,15,0,9,11,0,20,2,15,18,0,35,2,0,2,37
05/30/2011,TXK,AR,ASW,CE,Federal Contract Tower,2,2,7,0,11,0,9,20,0,29,2,11,27,0,40,10,0,10,50
05/31/2011,TXK,AR,ASW,CE,Federal Contract Tower,2,3,15,0,20,0,2,9,0,11,2,5,24,0,31,24,0,24,55
06/01/2011,TXK,AR,ASW,CE,Federal Contract Tower,2,4,17,4,27,0,4,27,1,32,2,8,44,5,59,26,8,34,93
06/02/2011,TXK,AR,ASW,CE,Federal Contract Tower,2,5,4,0,11,0,2,31,4,37,2,7,35,4,48,40,0,40,88
06/03/2011,TXK,AR,ASW,CE,Federal Contract Tower,2,6,10,2,20,0,2,27,6,35,2,8,37,8,55,5,0,5,60
06/04/2011,TXK,AR,ASW,CE,Federal Contract Tower,2,4,3,2,11,0,1,29,2,32,2,5,32,4,43,38,4,42,85
06/05/2011,TXK,AR,ASW,CE,Federal Contract Tower,2,7,2,0,11,0,2,17,0,19,2,9,19,0,30,20,0,20,50
06/06/2011,TXK,AR,ASW,CE,Federal Contract Tower,0,2,4,7,13,0,0,20,2,22,0,2,24,9,35,2,0,2,37
06/07/2011,TXK,AR,ASW,CE,Federal Contract Tower,2,6,19,4,31,0,4,26,3,33,2,10,45,7,64,4,14,18,82
06/08/2011,TXK,AR,ASW,CE,Federal Contract Tower,3,3,17,4,27,0,2,14,2,18,3,5,31,6,45,0,6,6,51
06/09/2011,TXK,AR,ASW,CE,Federal Contract Tower,3,3,20,2,28,0,5,21,2,28,3,8,41,4,56,30,0,30,86
06/10/2011,TXK,AR,ASW,CE,Federal Contract Tower,2,6,11,0,19,0,4,27,5,36,2,10,38,5,55,22,2,24,79
06/11/2011,TXK,AR,ASW,CE,Federal Contract Tower,2,4,6,0,12,0,6,33,2,41,2,10,39,2,53,68,0,68,121
06/12/2011,TXK,AR,ASW,CE,Federal Contract Tower,2,4,6,0,12,0,0,22,0,22,2,4,28,0,34,16,0,16,50
06/13/2011,TXK,AR,ASW,CE,Federal Contract Tower,2,4,9,0,15,0,6,24,0,30,2,10,33,0,45,6,0,6,51
06/14/2011,TXK,AR,ASW,CE,Federal Contract Tower,2,4,16,5,27,0,3,28,1,32,2,7,44,6,59,36,18,54,113
06/15/2011,TXK,AR,ASW,CE,Federal Contract Tower,2,4,25,2,33,0,14,31,6,51,2,18,56,8,84,48,0,48,132
06/16/2011,TXK,AR,ASW,CE,Federal Contract Tower,2,6,13,0,21,0,1,16,0,17,2,7,29,0,38,0,0,0,38
06/17/2011,TXK,AR,ASW,CE,Federal Contract Tower,2,4,14,11,31,0,0,24,6,30,2,4,38,17,61,38,30,68,129
06/18/2011,TXK,AR,ASW,CE,Federal Contract Tower,2,5,8,0,15,0,8,13,0,21,2,13,21,0,36,4,0,4,40
06/19/2011,TXK,AR,ASW,CE,Federal Contract Tower,2,5,11,1,19,0,10,6,2,18,2,15,17,3,37,4,2,6,43
06/20/2011,TXK,AR,ASW,CE,Federal Contract Tower,2,4,11,1,18,0,6,14,15,35,2,10,25,16,53,8,0,8,61
06/21/2011,TXK,AR,ASW,CE,Federal Contract Tower,2,4,19,4,29,0,2,13,5,20,2,6,32,9,49,32,18,50,99
06/22/2011,TXK,AR,ASW,CE,Federal Contract Tower,2,6,17,2,27,0,2,28,7,37,2,8,45,9,64,30,24,54,118
06/23/2011,TXK,AR,ASW,CE,Federal Contract Tower,2,4,22,3,31,0,2,14,10,26,2,6,36,13,57,12,22,34,91
06/24/2011,TXK,AR,ASW,CE,Federal Contract Tower,2,6,18,5,31,0,0,25,5,30,2,6,43,10,61,12,40,52,113
06/25/2011,TXK,AR,ASW,CE,Federal Contract Tower,2,4,11,3,20,0,3,28,5,36,2,7,39,8,56,22,10,32,88
06/26/2011,TXK,AR,ASW,CE,Federal Contract Tower,2,4,12,0,18,0,3,9,0,12,2,7,21,0,30,12,0,12,42
06/27/2011,TXK,AR,ASW,CE,Federal Contract Tower,2,5,14,4,25,0,5,39,2,46,2,10,53,6,71,20,16,36,107
06/28/2011,TXK,AR,ASW,CE,Federal Contract Tower,2,9,21,0,32,0,0,34,0,34,2,9,55,0,66,4,0,4,70
06/29/2011,TXK,AR,ASW,CE,Federal Contract Tower,2,5,18,0,25,0,1,28,0,29,2,6,46,0,54,52,0,52,106
06/30/2011,TXK,AR,ASW,CE,Federal Contract Tower,2,4,14,0,20,0,3,24,0,27,2,7,38,0,47,14,0,14,61
07/01/2011,TXK,AR,ASW,CE,Federal Contract Tower,2,6,11,0,19,0,0,13,4,17,2,6,24,4,36,0,2,2,38
07/02/2011,TXK,AR,ASW,CE,Federal Contract Tower,2,2,4,0,8,0,2,26,0,28,2,4,30,0,36,6,0,6,42
07/03/2011,TXK,AR,ASW,CE,Federal Contract Tower,2,2,1,0,5,0,6,5,0,11,2,8,6,0,16,10,0,10,26
07/04/2011,TXK,AR,ASW,CE,Federal Contract Tower,0,4,4,0,8,0,3,14,0,17,0,7,18,0,25,4,0,4,29
07/05/2011,TXK,AR,ASW,CE,Federal Contract Tower,2,4,14,1,21,0,2,8,1,11,2,6,22,2,32,14,4,18,50
07/06/2011,TXK,AR,ASW,CE,Federal Contract Tower,2,4,8,10,24,0,0,21,5,26,2,4,29,15,50,70,50,120,170
07/07/2011,TXK,AR,ASW,CE,Federal Contract Tower,2,8,20,2,32,0,2,24,2,28,2,10,44,4,60,36,32,68,128
07/08/2011,TXK,AR,ASW,CE,Federal Contract Tower,2,5,8,16,31,0,3,30,1,34,2,8,38,17,65,38,28,66,131
07/09/2011,TXK,AR,ASW,CE,Federal Contract Tower,2,6,13,2,23,0,3,25,0,28,2,9,38,2,51,34,14,48,99
07/10/2011,TXK,AR,ASW,CE,Federal Contract Tower,2,6,7,0,15,0,0,14,0,14,2,6,21,0,29,4,0,4,33
07/11/2011,TXK,AR,ASW,CE,Federal Contract Tower,2,4,7,3,16,0,0,24,4,28,2,4,31,7,44,16,4,20,64
07/12/2011,TXK,AR,ASW,CE,Federal Contract Tower,2,6,11,1,20,0,3,46,0,49,2,9,57,1,69,26,8,34,103
07/13/2011,TXK,AR,ASW,CE,Federal Contract Tower,2,4,10,0,16,0,3,23,0,26,2,7,33,0,42,14,0,14,56
07/14/2011,TXK,AR,ASW,CE,Federal Contract Tower,2,4,6,0,12,0,4,19,2,25,2,8,25,2,37,12,0,12,49
07/15/2011,TXK,AR,ASW,CE,Federal Contract Tower,2,6,11,4,23,0,13,20,1,34,2,19,31,5,57,42,12,54,111
07/16/2011,TXK,AR,ASW,CE,Federal Contract Tower,2,10,6,0,18,1,0,19,0,20,3,10,25,0,38,2,0,2,40
07/17/2011,TXK,AR,ASW,CE,Federal Contract Tower,2,4,12,0,18,0,6,12,0,18,2,10,24,0,36,8,0,8,44
07/18/2011,TXK,AR,ASW,CE,Federal Contract Tower,2,4,17,8,31,0,2,22,3,27,2,6,39,11,58,24,36,60,118
07/19/2011,TXK,AR,ASW,CE,Federal Contract Tower,2,4,21,4,31,0,0,43,2,45,2,4,64,6,76,42,12,54,130
07/20/2011,TXK,AR,ASW,CE,Federal Contract Tower,2,8,9,6,25,0,1,33,5,39,2,9,42,11,64,32,24,56,120
07/21/2011,TXK,AR,ASW,CE,Federal Contract Tower,2,4,6,5,17,0,10,20,5,35,2,14,26,10,52,10,0,10,62
07/22/2011,TXK,AR,ASW,CE,Federal Contract Tower,2,7,14,1,24,0,2,17,5,24,2,9,31,6,48,8,0,8,56
07/23/2011,TXK,AR,ASW,CE,Federal Contract Tower,2,5,13,2,22,0,5,16,2,23,2,10,29,4,45,52,6,58,103
07/24/2011,TXK,AR,ASW,CE,Federal Contract Tower,2,4,10,12,28,0,4,20,4,28,2,8,30,16,56,28,44,72,128
07/25/2011,TXK,AR,ASW,CE,Federal Contract Tower,2,8,11,2,23,0,0,27,8,35,2,8,38,10,58,6,4,10,68
07/26/2011,TXK,AR,ASW,CE,Federal Contract Tower,2,4,16,7,29,0,2,17,3,22,2,6,33,10,51,22,4,26,77
07/27/2011,TXK,AR,ASW,CE,Federal Contract Tower,2,10,15,2,29,0,1,26,3,30,2,11,41,5,59,20,14,34,93
07/28/2011,TXK,AR,ASW,CE,Federal Contract Tower,2,5,18,5,30,0,2,14,3,19,2,7,32,8,49,24,8,32,81
07/29/2011,TXK,AR,ASW,CE,Federal Contract Tower,2,4,10,3,19,0,4,20,4,28,2,8,30,7,47,6,0,6,53
07/30/2011,TXK,AR,ASW,CE,Federal Contract Tower,2,5,9,0,16,0,7,11,0,18,2,12,20,0,34,18,0,18,52
07/31/2011,TXK,AR,ASW,CE,Federal Contract Tower,2,8,2,2,14,0,3,14,2,19,2,11,16,4,33,10,6,16,49
08/01/2011,TXK,AR,ASW,CE,Federal Contract Tower,2,4,5,4,15,0,8,20,1,29,2,12,25,5,44,60,14,74,118
08/02/2011,TXK,AR,ASW,CE,Federal Contract Tower,2,4,10,8,24,0,0,25,1,26,2,4,35,9,50,26,10,36,86
08/03/2011,TXK,AR,ASW,CE,Federal Contract Tower,2,5,8,3,18,0,3,22,3,28,2,8,30,6,46,62,26,88,134
08/04/2011,TXK,AR,ASW,CE,Federal Contract Tower,1,5,13,4,23,0,1,57,0,58,1,6,70,4,81,88,2,90,171
08/05/2011,TXK,AR,ASW,CE,Federal Contract Tower,3,4,14,2,23,0,0,23,0,23,3,4,37,2,46,88,0,88,134
08/06/2011,TXK,AR,ASW,CE,Federal Contract Tower,0,4,3,0,7,0,0,38,0,38,0,4,41,0,45,22,0,22,67
08/07/2011,TXK,AR,ASW,CE,Federal Contract Tower,2,4,14,4,24,0,7,10,0,17,2,11,24,4,41,4,0,4,45
08/08/2011,TXK,AR,ASW,CE,Federal Contract Tower,2,4,3,6,15,0,3,23,3,29,2,7,26,9,44,32,30,62,106
08/09/2011,TXK,AR,ASW,CE,Federal Contract Tower,2,5,8,0,15,0,4,21,0,25,2,9,29,0,40,14,0,14,54
08/10/2011,TXK,AR,ASW,CE,Federal Contract Tower,2,4,19,2,27,0,8,21,4,33,2,12,40,6,60,40,0,40,100
08/11/2011,TXK,AR,ASW,CE,Federal Contract Tower,2,5,15,0,22,0,0,7,0,7,2,5,22,0,29,8,0,8,37
08/12/2011,TXK,AR,ASW,CE,Federal Contract Tower,2,6,4,2,14,0,4,10,3,17,2,10,14,5,31,4,18,22,53
08/13/2011,TXK,AR,ASW,CE,Federal Contract Tower,2,4,0,0,6,0,9,18,3,30,2,13,18,3,36,22,6,28,64
08/14/2011,TXK,AR,ASW,CE,Federal Contract Tower,2,5,8,4,19,0,0,18,0,18,2,5,26,4,37,20,0,20,57
08/15/2011,TXK,AR,ASW,CE,Federal Contract Tower,0,6,3,0,9,0,0,18,4,22,0,6,21,4,31,8,0,8,39
08/16/2011,TXK,AR,ASW,CE,Federal Contract Tower,2,8,15,5,30,0,1,55,4,60,2,9,70,9,90,24,30,54,144
08/17/2011,TXK,AR,ASW,CE,Federal Contract Tower,2,7,16,0,25,0,1,25,8,34,2,8,41,8,59,26,0,26,85
08/18/2011,TXK,AR,ASW,CE,Federal Contract Tower,2,4,16,0,22,0,2,13,0,15,2,6,29,0,37,14,0,14,51
08/19/2011,TXK,AR,ASW,CE,Federal Contract Tower,2,5,7,1,15,0,2,23,1,26,2,7,30,2,41,0,0,0,41
08/20/2011,TXK,AR,ASW,CE,Federal Contract Tower,2,4,4,0,10,0,1,27,0,28,2,5,31,0,38,34,0,34,72
08/21/2011,TXK,AR,ASW,CE,Federal Contract Tower,2,6,7,0,15,0,1,10,0,11,2,7,17,0,26,6,0,6,32
08/22/2011,TXK,AR,ASW,CE,Federal Contract Tower,2,4,8,0,14,0,1,21,0,22,2,5,29,0,36,26,0,26,62
08/23/2011,TXK,AR,ASW,CE,Federal Contract Tower,0,10,8,2,20,0,0,31,0,31,0,10,39,2,51,0,4,4,55
08/24/2011,TXK,AR,ASW,CE,Federal Contract Tower,0,6,17,0,23,0,0,14,3,17,0,6,31,3,40,8,0,8,48
08/25/2011,TXK,AR,ASW,CE,Federal Contract Tower,0,11,9,0,20,0,5,36,1,42,0,16,45,1,62,22,0,22,84
08/26/2011,TXK,AR,ASW,CE,Federal Contract Tower,0,9,5,2,16,0,1,14,0,15,0,10,19,2,31,10,4,14,45
08/27/2011,TXK,AR,ASW,CE,Federal Contract Tower,0,10,10,0,20,0,2,12,0,14,0,12,22,0,34,4,0,4,38
08/28/2011,TXK,AR,ASW,CE,Federal Contract Tower,0,7,4,0,11,0,4,33,0,37,0,11,37,0,48,38,0,38,86
08/29/2011,TXK,AR,ASW,CE,Federal Contract Tower,0,6,4,2,12,0,0,4,0,4,0,6,8,2,16,8,0,8,24
08/30/2011,TXK,AR,ASW,CE,Federal Contract Tower,0,6,14,1,21,0,1,25,3,29,0,7,39,4,50,14,12,26,76
08/31/2011,TXK,AR,ASW,CE,Federal Contract Tower,0,15,8,0,23,0,0,16,0,16,0,15,24,0,39,6,0,6,45
09/01/2011,TXK,AR,ASW,CE,Federal Contract Tower,0,7,12,8,27,0,2,21,3,26,0,9,33,11,53,6,24,30,83
09/02/2011,TXK,AR,ASW,CE,Federal Contract Tower,0,6,19,4,29,0,7,19,1,27,0,13,38,5,56,6,6,12,68
09/03/2011,TXK,AR,ASW,CE,Federal Contract Tower,0,4,7,0,11,0,0,12,0,12,0,4,19,0,23,2,0,2,25
09/04/2011,TXK,AR,ASW,CE,Federal Contract Tower,0,6,3,0,9,0,5,3,0,8,0,11,6,0,17,4,0,4,21
09/05/2011,TXK,AR,ASW,CE,Federal Contract Tower,0,4,11,0,15,0,6,31,0,37,0,10,42,0,52,6,0,6,58
09/06/2011,TXK,AR,ASW,CE,Federal Contract Tower,0,7,8,3,18,0,4,22,2,28,0,11,30,5,46,42,6,48,94
09/07/2011,TXK,AR,ASW,CE,Federal Contract Tower,0,9,6,0,15,0,1,28,0,29,0,10,34,0,44,32,0,32,76
09/08/2011,TXK,AR,ASW,CE,Federal Contract Tower,0,6,12,0,18,0,0,65,2,67,0,6,77,2,85,54,0,54,139
09/09/2011,TXK,AR,ASW,CE,Federal Contract Tower,0,10,16,5,31,0,2,28,7,37,0,12,44,12,68,8,16,24,92
09/10/2011,TXK,AR,ASW,CE,Federal Contract Tower,0,9,2,3,14,0,5,28,3,36,0,14,30,6,50,28,12,40,90
09/11/2011,TXK,AR,ASW,CE,Federal Contract Tower,0,6,13,0,19,0,3,32,0,35,0,9,45,0,54,14,0,14,68
09/12/2011,TXK,AR,ASW,CE,Federal Contract Tower,0,8,3,2,13,0,0,16,2,18,0,8,19,4,31,14,20,34,65
09/13/2011,TXK,AR,ASW,CE,Federal Contract Tower,0,7,5,0,12,0,7,17,0,24,0,14,22,0,36,28,0,28,64
09/14/2011,TXK,AR,ASW,CE,Federal Contract Tower,0,5,18,0,23,0,3,21,0,24,0,8,39,0,47,22,0,22,69
09/15/2011,TXK,AR,ASW,CE,Federal Contract Tower,0,9,10,3,22,0,1,13,2,16,0,10,23,5,38,4,8,12,50
09/16/2011,TXK,AR,ASW,CE,Federal Contract Tower,0,13,17,0,30,0,6,22,1,29,0,19,39,1,59,6,0,6,65
09/17/2011,TXK,AR,ASW,CE,Federal Contract Tower,0,8,10,0,18,0,2,11,0,13,0,10,21,0,31,32,0,32,63
09/18/2011,TXK,AR,ASW,CE,Federal Contract Tower,0,10,9,0,19,0,0,12,0,12,0,10,21,0,31,8,0,8,39
09/19/2011,TXK,AR,ASW,CE,Federal Contract Tower,0,9,11,4,24,0,3,11,0,14,0,12,22,4,38,28,0,28,66
09/20/2011,TXK,AR,ASW,CE,Federal Contract Tower,0,10,15,7,32,0,6,34,2,42,0,16,49,9,74,28,18,46,120
09/21/2011,TXK,AR,ASW,CE,Federal Contract Tower,0,10,9,5,24,0,2,17,14,33,0,12,26,19,57,24,24,48,105
09/22/2011,TXK,AR,ASW,CE,Federal Contract Tower,0,10,10,0,20,0,4,1,0,5,0,14,11,0,25,2,0,2,27
09/23/2011,TXK,AR,ASW,CE,Federal Contract Tower,0,9,6,5,20,0,0,21,1,22,0,9,27,6,42,10,2,12,54
09/24/2011,TXK,AR,ASW,CE,Federal Contract Tower,0,9,10,0,19,0,0,34,0,34,0,9,44,0,53,10,0,10,63
09/25/2011,TXK,AR,ASW,CE,Federal Contract Tower,0,12,4,3,19,0,0,18,4,22,0,12,22,7,41,2,4,6,47
09/26/2011,TXK,AR,ASW,CE,Federal Contract Tower,0,10,6,7,23,0,2,23,2,27,0,12,29,9,50,8,14,22,72
09/27/2011,TXK,AR,ASW,CE,Federal Contract Tower,0,10,4,3,17,0,2,23,0,25,0,12,27,3,42,86,20,106,148
09/28/2011,TXK,AR,ASW,CE,Federal Contract Tower,0,11,13,8,32,0,4,19,8,31,0,15,32,16,63,20,56,76,139
09/29/2011,TXK,AR,ASW,CE,Federal Contract Tower,0,10,14,2,26,0,0,37,4,41,0,10,51,6,67,64,28,92,159
09/30/2011,TXK,AR,ASW,CE,Federal Contract Tower,0,10,8,0,18,0,1,29,0,30,0,11,37,0,48,28,0,28,76
10/01/2011,TXK,AR,ASW,CE,Federal Contract Tower,0,8,7,0,15,0,3,31,0,34,0,11,38,0,49,4,0,4,53
10/02/2011,TXK,AR,ASW,CE,Federal Contract Tower,0,9,9,0,18,0,2,41,0,43,0,11,50,0,61,18,0,18,79
10/03/2011,TXK,AR,ASW,CE,Federal Contract Tower,0,7,5,0,12,0,9,22,0,31,0,16,27,0,43,8,0,8,51
10/04/2011,TXK,AR,ASW,CE,Federal Contract Tower,0,7,15,2,24,0,8,20,2,30,0,15,35,4,54,8,34,42,96
10/05/2011,TXK,AR,ASW,CE,Federal Contract Tower,0,7,11,0,18,0,5,18,0,23,0,12,29,0,41,48,0,48,89
10/06/2011,TXK,AR,ASW,CE,Federal Contract Tower,0,6,22,0,28,0,3,16,0,19,0,9,38,0,47,14,0,14,61
10/07/2011,TXK,AR,ASW,CE,Federal Contract Tower,0,6,9,0,15,0,2,24,0,26,0,8,33,0,41,8,0,8,49
10/08/2011,TXK,AR,ASW,CE,Federal Contract Tower,0,6,9,0,15,0,9,31,0,40,0,15,40,0,55,16,0,16,71
10/09/2011,TXK,AR,ASW,CE,Federal Contract Tower,0,6,4,1,11,0,2,21,0,23,0,8,25,1,34,22,0,22,56
10/10/2011,TXK,AR,ASW,CE,Federal Contract Tower,0,9,2,3,14,0,1,23,0,24,0,10,25,3,38,12,2,14,52
10/11/2011,TXK,AR,ASW,CE,Federal Contract Tower,0,8,21,4,33,0,5,29,3,37,0,13,50,7,70,66,14,80,150
10/12/2011,TXK,AR,ASW,CE,Federal Contract Tower,0,8,11,0,19,0,5,10,0,15,0,13,21,0,34,2,0,2,36
10/13/2011,TXK,AR,ASW,CE,Federal Contract Tower,0,9,12,2,23,0,4,23,0,27,0,13,35,2,50,10,6,16,66
10/14/2011,TXK,AR,ASW,CE,Federal Contract Tower,0,6,15,4,25,0,5,37,0,42,0,11,52,4,67,16,2,18,85
10/15/2011,TXK,AR,ASW,CE,Federal Contract Tower,0,6,8,2,16,0,1,19,0,20,0,7,27,2,36,0,2,2,38
10/16/2011,TXK,AR,ASW,CE,Federal Contract Tower,0,6,12,0,18,0,3,28,0,31,0,9,40,0,49,16,0,16,65
10/17/2011,TXK,AR,ASW,CE,Federal Contract Tower,0,12,2,3,17,0,2,16,6,24,0,14,18,9,41,10,4,14,55
10/18/2011,TXK,AR,ASW,CE,Federal Contract Tower,0,6,9,2,17,0,2,1,4,7,0,8,10,6,24,28,28,56,80
10/19/2011,TXK,AR,ASW,CE,Federal Contract Tower,0,12,17,4,33,0,2,14,6,22,0,14,31,10,55,0,6,6,61
10/20/2011,TXK,AR,ASW,CE,Federal Contract Tower,0,9,17,3,29,0,3,32,1,36,0,12,49,4,65,42,10,52,117
10/21/2011,TXK,AR,ASW,CE,Federal Contract Tower,0,9,15,1,25,0,11,24,0,35,0,20,39,1,60,28,0,28,88
10/22/2011,TXK,AR,ASW,CE,Federal Contract Tower,0,6,8,2,16,0,4,26,4,34,0,10,34,6,50,22,4,26,76
10/23/2011,TXK,AR,ASW,CE,Federal Contract Tower,0,10,10,3,23,0,1,18,2,21,0,11,28,5,44,44,8,52,96
10/24/2011,TXK,AR,ASW,CE,Federal Contract Tower,0,3,9,0,12,0,6,21,1,28,0,9,30,1,40,16,0,16,56
10/25/2011,TXK,AR,ASW,CE,Federal Contract Tower,0,10,15,6,31,0,2,13,6,21,0,12,28,12,52,18,58,76,128
10/26/2011,TXK,AR,ASW,CE,Federal Contract Tower,0,8,21,2,31,0,1,9,0,10,0,9,30,2,41,18,0,18,59
10/27/2011,TXK,AR,ASW,CE,Federal Contract Tower,0,10,19,5,34,0,0,2,3,5,0,10,21,8,39,8,8,16,55
10/28/2011,TXK,AR,ASW,CE,Federal Contract Tower,0,8,11,2,21,0,0,15,26,41,0,8,26,28,62,28,4,32,94
10/29/2011,TXK,AR,ASW,CE,Federal Contract Tower,0,7,3,2,12,0,0,33,4,37,0,7,36,6,49,18,10,28,77
10/30/2011,TXK,AR,ASW,CE,Federal Contract Tower,0,10,5,0,15,0,5,16,0,21,0,15,21,0,36,14,0,14,50
10/31/2011,TXK,AR,ASW,CE,Federal Contract Tower,0,7,6,2,15,0,0,30,1,31,0,7,36,3,46,28,4,32,78
11/01/2011,TXK,AR,ASW,CE,Federal Contract Tower,0,11,6,4,21,0,1,31,6,38,0,12,37,10,59,30,26,56,115
11/02/2011,TXK,AR,ASW,CE,Federal Contract Tower,0,6,14,10,30,0,5,15,3,23,0,11,29,13,53,26,40,66,119
11/03/2011,TXK,AR,ASW,CE,Federal Contract Tower,0,10,10,3,23,0,5,14,1,20,0,15,24,4,43,14,6,20,63
11/04/2011,TXK,AR,ASW,CE,Federal Contract Tower,0,10,8,6,24,0,5,35,3,43,0,15,43,9,67,4,34,38,105
11/05/2011,TXK,AR,ASW,CE,Federal Contract Tower,0,6,8,4,18,0,2,21,2,25,0,8,29,6,43,6,0,6,49
11/06/2011,TXK,AR,ASW,CE,Federal Contract Tower,0,7,10,1,18,0,3,13,0,16,0,10,23,1,34,2,0,2,36
11/07/2011,TXK,AR,ASW,CE,Federal Contract Tower,0,6,8,0,14,0,3,10,0,13,0,9,18,0,27,28,0,28,55
11/08/2011,TXK,AR,ASW,CE,Federal Contract Tower,0,6,8,0,14,0,0,1,0,1,0,6,9,0,15,0,0,0,15
11/09/2011,TXK,AR,ASW,CE,Federal Contract Tower,0,7,13,2,22,0,6,21,0,27,0,13,34,2,49,24,0,24,73
11/10/2011,TXK,AR,ASW,CE,Federal Contract Tower,0,7,13,2,22,0,5,27,0,32,0,12,40,2,54,28,0,28,82
11/11/2011,TXK,AR,ASW,CE,Federal Contract Tower,0,7,10,0,17,0,4,19,0,23,0,11,29,0,40,12,0,12,52
11/12/2011,TXK,AR,ASW,CE,Federal Contract Tower,0,8,10,0,18,0,6,8,0,14,0,14,18,0,32,16,0,16,48
11/13/2011,TXK,AR,ASW,CE,Federal Contract Tower,0,6,11,0,17,0,3,13,0,16,0,9,24,0,33,14,0,14,47
11/14/2011,TXK,AR,ASW,CE,Federal Contract Tower,0,6,9,2,17,0,3,8,0,11,0,9,17,2,28,18,0,18,46
11/15/2011,TXK,AR,ASW,CE,Federal Contract Tower,0,14,10,1,25,0,2,0,0,2,0,16,10,1,27,4,0,4,31
11/16/2011,TXK,AR,ASW,CE,Federal Contract Tower,0,17,22,0,39,0,1,2,2,5,0,18,24,2,44,2,0,2,46
11/17/2011,TXK,AR,ASW,CE,Federal Contract Tower,2,4,7,4,17,0,7,33,10,50,2,11,40,14,67,46,8,54,121
11/18/2011,TXK,AR,ASW,CE,Federal Contract Tower,2,6,10,5,23,0,6,41,0,47,2,12,51,5,70,50,16,66,136
11/19/2011,TXK,AR,ASW,CE,Federal Contract Tower,0,8,1,0,9,0,6,10,0,16,0,14,11,0,25,14,0,14,39
11/20/2011,TXK,AR,ASW,CE,Federal Contract Tower,2,4,9,2,17,0,5,8,2,15,2,9,17,4,32,4,4,8,40
11/21/2011,TXK,AR,ASW,CE,Federal Contract Tower,0,6,10,6,22,0,0,0,0,0,0,6,10,6,22,0,16,16,38
11/22/2011,TXK,AR,ASW,CE,Federal Contract Tower,2,9,25,12,48,0,0,7,0,7,2,9,32,12,55,38,36,74,129
11/23/2011,TXK,AR,ASW,CE,Federal Contract Tower,0,12,26,6,44,0,0,3,2,5,0,12,29,8,49,10,12,22,71
11/24/2011,TXK,AR,ASW,CE,Federal Contract Tower,0,10,18,0,28,0,2,5,0,7,0,12,23,0,35,8,0,8,43
11/25/2011,TXK,AR,ASW,CE,Federal Contract Tower,2,8,18,0,28,0,2,10,0,12,2,10,28,0,40,0,0,0,40
11/26/2011,TXK,AR,ASW,CE,Federal Contract Tower,2,4,7,0,13,0,0,2,0,2,2,4,9,0,15,4,0,4,19
11/27/2011,TXK,AR,ASW,CE,Federal Contract Tower,2,6,11,0,19,0,1,8,4,13,2,7,19,4,32,0,0,0,32
11/28/2011,TXK,AR,ASW,CE,Federal Contract Tower,0,9,13,5,27,0,2,24,3,29,0,11,37,8,56,54,12,66,122
11/29/2011,TXK,AR,ASW,CE,Federal Contract Tower,2,9,12,2,25,0,2,15,2,19,2,11,27,4,44,12,16,28,72
11/30/2011,TXK,AR,ASW,CE,Federal Contract Tower,0,12,14,9,35,0,8,40,2,50,0,20,54,11,85,58,12,70,155
12/01/2011,TXK,AR,ASW,CE,Federal Contract Tower,2,7,10,4,23,0,6,18,0,24,2,13,28,4,47,10,2,12,59
12/02/2011,TXK,AR,ASW,CE,Federal Contract Tower,2,6,8,15,31,0,4,32,8,44,2,10,40,23,75,32,42,74,149
12/03/2011,TXK,AR,ASW,CE,Federal Contract Tower,2,3,4,0,9,0,1,6,2,9,2,4,10,2,18,6,0,6,24
12/04/2011,TXK,AR,ASW,CE,Federal Contract Tower,2,4,3,0,9,0,0,0,0,0,2,4,3,0,9,2,0,2,11
12/05/2011,TXK,AR,ASW,CE,Federal Contract Tower,2,6,4,0,12,0,0,0,0,0,2,6,4,0,12,0,0,0,12
12/06/2011,TXK,AR,ASW,CE,Federal Contract Tower,2,6,9,2,19,0,0,1,0,1,2,6,10,2,20,0,0,0,20
12/07/2011,TXK,AR,ASW,CE,Federal Contract Tower,2,7,11,3,23,0,2,25,2,29,2,9,36,5,52,8,4,12,64
12/08/2011,TXK,AR,ASW,CE,Federal Contract Tower,2,7,21,2,32,0,4,21,0,25,2,11,42,2,57,16,0,16,73
12/09/2011,TXK,AR,ASW,CE,Federal Contract Tower,2,5,15,6,28,0,1,16,0,17,2,6,31,6,45,14,8,22,67
12/10/2011,TXK,AR,ASW,CE,Federal Contract Tower,2,3,2,0,7,0,5,21,4,30,2,8,23,4,37,30,0,30,67
12/11/2011,TXK,AR,ASW,CE,Federal Contract Tower,2,5,8,0,15,0,3,37,0,40,2,8,45,0,55,24,0,24,79
12/12/2011,TXK,AR,ASW,CE,Federal Contract Tower,2,6,17,0,25,0,3,5,0,8,2,9,22,0,33,4,0,4,37
12/13/2011,TXK,AR,ASW,CE,Federal Contract Tower,2,7,7,2,18,0,0,9,0,9,2,7,16,2,27,0,4,4,31
12/14/2011,TXK,AR,ASW,CE,Federal Contract Tower,2,6,9,7,24,0,3,0,0,3,2,9,9,7,27,0,2,2,29
12/15/2011,TXK,AR,ASW,CE,Federal Contract Tower,2,9,13,0,24,0,0,0,0,0,2,9,13,0,24,2,0,2,26
12/16/2011,TXK,AR,ASW,CE,Federal Contract Tower,2,2,14,0,18,0,2,3,0,5,2,4,17,0,23,12,0,12,35
12/17/2011,TXK,AR,ASW,CE,Federal Contract Tower,2,2,7,0,11,0,0,29,0,29,2,2,36,0,40,16,0,16,56
12/18/2011,TXK,AR,ASW,CE,Federal Contract Tower,2,5,7,0,14,0,4,12,0,16,2,9,19,0,30,14,0,14,44
12/19/2011,TXK,AR,ASW,CE,Federal Contract Tower,2,5,9,0,16,0,0,13,2,15,2,5,22,2,31,6,0,6,37
12/20/2011,TXK,AR,ASW,CE,Federal Contract Tower,0,11,6,5,22,0,7,9,4,20,0,18,15,9,42,16,24,40,82
12/21/2011,TXK,AR,ASW,CE,Federal Contract Tower,2,7,8,7,24,0,2,16,1,19,2,9,24,8,43,4,0,4,47
12/22/2011,TXK,AR,ASW,CE,Federal Contract Tower,2,7,14,3,26,0,3,2,0,5,2,10,16,3,31,4,4,8,39
12/23/2011,TXK,AR,ASW,CE,Federal Contract Tower,2,5,21,0,28,0,3,3,0,6,2,8,24,0,34,0,0,0,34
12/24/2011,TXK,AR,ASW,CE,Federal Contract Tower,2,4,9,0,15,0,1,1,0,2,2,5,10,0,17,0,0,0,17
12/25/2011,TXK,AR,ASW,CE,Federal Contract Tower,2,4,2,0,8,0,2,1,0,3,2,6,3,0,11,0,0,0,11
12/26/2011,TXK,AR,ASW,CE,Federal Contract Tower,0,6,4,0,10,0,0,0,0,0,0,6,4,0,10,0,0,0,10
12/27/2011,TXK,AR,ASW,CE,Federal Contract Tower,2,4,15,2,23,0,4,25,0,29,2,8,40,2,52,12,2,14,66
12/28/2011,TXK,AR,ASW,CE,Federal Contract Tower,2,6,14,0,22,0,6,15,0,21,2,12,29,0,43,16,0,16,59
12/29/2011,TXK,AR,ASW,CE,Federal Contract Tower,2,6,10,2,20,0,4,22,0,26,2,10,32,2,46,0,0,0,46
12/30/2011,TXK,AR,ASW,CE,Federal Contract Tower,2,7,4,0,13,0,3,33,0,36,2,10,37,0,49,18,0,18,67
12/31/2011,TXK,AR,ASW,CE,Federal Contract Tower,2,2,4,0,8,0,2,12,0,14,2,4,16,0,22,26,0,26,48
01/01/2012,TXK,AR,ASW,CE,Federal Contract Tower,2,4,2,0,8,0,8,22,0,30,2,12,24,0,38,22,0,22,60
01/02/2012,TXK,AR,ASW,CE,Federal Contract Tower,2,5,4,0,11,0,0,21,0,21,2,5,25,0,32,20,0,20,52
01/03/2012,TXK,AR,ASW,CE,Federal Contract Tower,2,4,9,7,22,0,9,24,7,40,2,13,33,14,62,36,44,80,142
01/04/2012,TXK,AR,ASW,CE,Federal Contract Tower,2,4,6,10,22,0,2,20,5,27,2,6,26,15,49,6,56,62,111
01/05/2012,TXK,AR,ASW,CE,Federal Contract Tower,2,7,10,0,19,0,3,36,0,39,2,10,46,0,58,26,0,26,84
01/06/2012,TXK,AR,ASW,CE,Federal Contract Tower,2,10,11,6,29,0,3,10,1,14,2,13,21,7,43,8,14,22,65
01/07/2012,TXK,AR,ASW,CE,Federal Contract Tower,0,5,12,2,19,0,4,10,0,14,0,9,22,2,33,10,6,16,49
01/08/2012,TXK,AR,ASW,CE,Federal Contract Tower,2,8,9,0,19,0,0,4,0,4,2,8,13,0,23,2,0,2,25
01/09/2012,TXK,AR,ASW,CE,Federal Contract Tower,2,5,17,0,24,0,2,2,0,4,2,7,19,0,28,14,0,14,42
01/10/2012,TXK,AR,ASW,CE,Federal Contract Tower,2,10,22,0,34,0,0,0,0,0,2,10,22,0,34,2,0,2,36
01/11/2012,TXK,AR,ASW,CE,Federal Contract Tower,2,4,13,10,29,0,2,16,10,28,2,6,29,20,57,10,20,30,87
01/12/2012,TXK,AR,ASW,CE,Federal Contract Tower,2,10,15,10,37,0,5,19,5,29,2,15,34,15,66,6,36,42,108
01/13/2012,TXK,AR,ASW,CE,Federal Contract Tower,2,5,11,5,23,0,6,27,1,34,2,11,38,6,57,2,26,28,85
01/14/2012,TXK,AR,ASW,CE,Federal Contract Tower,0,8,12,0,20,0,6,20,0,26,0,14,32,0,46,16,0,16,62
01/15/2012,TXK,AR,ASW,CE,Federal Contract Tower,2,5,8,0,15,0,5,24,0,29,2,10,32,0,44,14,0,14,58
01/16/2012,TXK,AR,ASW,CE,Federal Contract Tower,2,6,6,0,14,0,4,6,0,10,2,10,12,0,24,2,0,2,26
01/17/2012,TXK,AR,ASW,CE,Federal Contract Tower,2,6,12,2,22,0,2,10,5,17,2,8,22,7,39,4,8,12,51
01/18/2012,TXK,AR,ASW,CE,Federal Contract Tower,2,5,10,6,23,0,2,27,3,32,2,7,37,9,55,18,26,44,99
01/19/2012,TXK,AR,ASW,CE,Federal Contract Tower,2,9,5,0,16,0,5,32,0,37,2,14,37,0,53,18,0,18,71
01/20/2012,TXK,AR,ASW,CE,Federal Contract Tower,2,5,17,18,42,0,0,12,1,13,2,5,29,19,55,0,26,26,81
01/21/2012,TXK,AR,ASW,CE,Federal Contract Tower,0,4,11,2,17,0,9,1,0,10,0,13,12,2,27,8,6,14,41
01/22/2012,TXK,AR,ASW,CE,Federal Contract Tower,2,6,3,0,11,0,0,2,0,2,2,6,5,0,13,0,0,0,13
01/23/2012,TXK,AR,ASW,CE,Federal Contract Tower,2,4,9,3,18,0,4,26,3,33,2,8,35,6,51,12,0,12,63
01/24/2012,TXK,AR,ASW,CE,Federal Contract Tower,2,11,8,0,21,0,2,19,3,24,2,13,27,3,45,38,0,38,83
01/25/2012,TXK,AR,ASW,CE,Federal Contract Tower,2,3,3,0,8,0,0,0,0,0,2,3,3,0,8,2,0,2,10
01/26/2012,TXK,AR,ASW,CE,Federal Contract Tower,2,8,17,1,28,0,0,0,0,0,2,8,17,1,28,4,2,6,34
01/27/2012,TXK,AR,ASW,CE,Federal Contract Tower,0,7,15,2,24,0,6,35,0,41,0,13,50,2,65,16,0,16,81
01/28/2012,TXK,AR,ASW,CE,Federal Contract Tower,0,4,8,7,19,0,3,55,2,60,0,7,63,9,79,52,28,80,159
01/29/2012,TXK,AR,ASW,CE,Federal Contract Tower,2,4,2,0,8,0,1,33,2,36,2,5,35,2,44,14,0,14,58
01/30/2012,TXK,AR,ASW,CE,Federal Contract Tower,2,5,9,8,24,0,3,21,1,25,2,8,30,9,49,8,4,12,61
01/31/2012,TXK,AR,ASW,CE,Federal Contract Tower,0,6,22,4,32,0,2,9,0,11,0,8,31,4,43,10,0,10,53
02/01/2012,TXK,AR,ASW,CE,Federal Contract Tower,0,9,7,0,16,0,2,4,0,6,0,11,11,0,22,0,0,0,22
02/02/2012,TXK,AR,ASW,CE,Federal Contract Tower,0,8,17,0,25,0,5,23,0,28,0,13,40,0,53,46,0,46,99
02/03/2012,TXK,AR,ASW,CE,Federal Contract Tower,0,5,11,0,16,0,1,7,0,8,0,6,18,0,24,10,0,10,34
02/04/2012,TXK,AR,ASW,CE,Federal Contract Tower,0,5,2,0,7,0,6,6,0,12,0,11,8,0,19,22,0,22,41
02/05/2012,TXK,AR,ASW,CE,Federal Contract Tower,0,7,4,2,13,0,7,14,7,28,0,14,18,9,41,18,10,28,69
02/06/2012,TXK,AR,ASW,CE,Federal Contract Tower,0,10,4,4,18,0,6,37,4,47,0,16,41,8,65,22,6,28,93
02/07/2012,TXK,AR,ASW,CE,Federal Contract Tower,0,7,17,3,27,0,7,32,1,40,0,14,49,4,67,67,0,67,134
02/08/2012,TXK,AR,ASW,CE,Federal Contract Tower,0,6,18,5,29,0,4,23,1,28,0,10,41,6,57,38,16,54,111
02/09/2012,TXK,AR,ASW,CE,Federal Contract Tower,0,11,13,6,30,0,2,41,1,44,0,13,54,7,74,70,6,76,150
02/10/2012,TXK,AR,ASW,CE,Federal Contract Tower,0,7,12,13,32,0,0,2,0,2,0,7,14,13,34,4,20,24,58
02/11/2012,TXK,AR,ASW,CE,Federal Contract Tower,0,5,1,4,10,0,2,17,0,19,0,7,18,4,29,0,0,0,29
02/12/2012,TXK,AR,ASW,CE,Federal Contract Tower,0,7,5,0,12,0,2,28,4,34,0,9,33,4,46,2,0,2,48
02/13/2012,TXK,AR,ASW,CE,Federal Contract Tower,0,6,4,0,10,0,0,2,0,2,0,6,6,0,12,4,0,4,16
02/14/2012,TXK,AR,ASW,CE,Federal Contract Tower,0,7,10,8,25,0,4,3,0,7,0,11,13,8,32,8,10,18,50
02/15/2012,TXK,AR,ASW,CE,Federal Contract Tower,0,14,18,0,32,0,0,0,0,0,0,14,18,0,32,2,0,2,34
02/16/2012,TXK,AR,ASW,CE,Federal Contract Tower,0,9,10,4,23,0,4,23,1,28,0,13,33,5,51,4,4,8,59
02/17/2012,TXK,AR,ASW,CE,Federal Contract Tower,0,6,12,3,21,0,2,32,3,37,0,8,44,6,58,10,8,18,76
02/18/2012,TXK,AR,ASW,CE,Federal Contract Tower,0,5,1,4,10,0,2,0,0,2,0,7,1,4,12,6,12,18,30
02/19/2012,TXK,AR,ASW,CE,Federal Contract Tower,0,8,2,2,12,0,2,44,0,46,0,10,46,2,58,32,0,32,90
02/20/2012,TXK,AR,ASW,CE,Federal Contract Tower,0,9,17,0,26,0,4,30,0,34,0,13,47,0,60,8,0,8,68
02/21/2012,TXK,AR,ASW,CE,Federal Contract Tower,0,10,16,4,30,0,4,56,1,61,0,14,72,5,91,148,4,152,243
02/22/2012,TXK,AR,ASW,CE,Federal Contract Tower,0,9,11,8,28,0,2,37,3,42,0,11,48,11,70,74,13,87,157
02/23/2012,TXK,AR,ASW,CE,Federal Contract Tower,0,9,10,1,20,0,2,16,0,18,0,11,26,1,38,10,4,14,52
02/24/2012,TXK,AR,ASW,CE,Federal Contract Tower,0,6,18,3,27,0,2,33,2,37,0,8,51,5,64,30,0,30,94
02/25/2012,TXK,AR,ASW,CE,Federal Contract Tower,0,4,4,0,8,0,8,59,0,67,0,12,63,0,75,44,0,44,119
02/26/2012,TXK,AR,ASW,CE,Federal Contract Tower,0,8,8,2,18,0,5,42,2,49,0,13,50,4,67,52,10,62,129
02/27/2012,TXK,AR,ASW,CE,Federal Contract Tower,0,6,19,2,27,0,11,19,2,32,0,17,38,4,59,16,2,18,77
02/28/2012,TXK,AR,ASW,CE,Federal Contract Tower,0,8,13,0,21,0,2,4,1,7,0,10,17,1,28,6,0,6,34
02/29/2012,TXK,AR,ASW,CE,Federal Contract Tower,7,8,5,0,20,0,2,10,7,19,7,10,15,7,39,0,70,70,109
03/01/2012,TXK,AR,ASW,CE,Federal Contract Tower,0,8,27,3,38,0,10,29,9,48,0,18,56,12,86,34,16,50,136
03/02/2012,TXK,AR,ASW,CE,Federal Contract Tower,0,8,13,0,21,0,3,11,8,22,0,11,24,8,43,16,0,16,59
03/03/2012,TXK,AR,ASW,CE,Federal Contract Tower,0,5,6,0,11,0,7,42,0,49,0,12,48,0,60,68,0,68,128
03/04/2012,TXK,AR,ASW,CE,Federal Contract Tower,0,6,4,2,12,0,0,24,2,26,0,6,28,4,38,20,8,28,66
03/05/2012,TXK,AR,ASW,CE,Federal Contract Tower,0,6,10,0,16,0,3,35,17,55,0,9,45,17,71,48,0,48,119
03/06/2012,TXK,AR,ASW,CE,Federal Contract Tower,0,6,10,0,16,0,0,17,9,26,0,6,27,9,42,0,0,0,42
03/07/2012,TXK,AR,ASW,CE,Federal Contract Tower,0,7,14,0,21,0,2,10,4,16,0,9,24,4,37,14,0,14,51
03/08/2012,TXK,AR,ASW,CE,Federal Contract Tower,0,8,10,0,18,0,0,0,0,0,0,8,10,0,18,0,0,0,18
03/09/2012,TXK,AR,ASW,CE,Federal Contract Tower,0,5,11,2,18,0,7,12,1,20,0,12,23,3,38,24,6,30,68
03/10/2012,TXK,AR,ASW,CE,Federal Contract Tower,0,5,8,0,13,0,1,12,0,13,0,6,20,0,26,14,0,14,40
03/11/2012,TXK,AR,ASW,CE,Federal Contract Tower,0,7,2,0,9,0,0,0,0,0,0,7,2,0,9,0,0,0,9
03/12/2012,TXK,AR,ASW,CE,Federal Contract Tower,0,9,10,4,23,0,2,16,3,21,0,11,26,7,44,0,22,22,66
03/13/2012,TXK,AR,ASW,CE,Federal Contract Tower,0,6,14,9,29,0,0,27,4,31,0,6,41,13,60,34,8,42,102
03/14/2012,TXK,AR,ASW,CE,Federal Contract Tower,0,6,16,2,24,0,7,22,4,33,0,13,38,6,57,22,0,22,79
03/15/2012,TXK,AR,ASW,CE,Federal Contract Tower,0,10,7,0,17,0,4,19,0,23,0,14,26,0,40,22,0,22,62
03/16/2012,TXK,AR,ASW,CE,Federal Contract Tower,0,6,18,3,27,0,4,18,0,22,0,10,36,3,49,18,0,18,67
03/17/2012,TXK,AR,ASW,CE,Federal Contract Tower,0,4,2,0,6,0,6,18,1,25,0,10,20,1,31,18,0,18,49
03/18/2012,TXK,AR,ASW,CE,Federal Contract Tower,0,10,12,0,22,0,2,12,0,14,0,12,24,0,36,6,0,6,42
03/19/2012,TXK,AR,ASW,CE,Federal Contract Tower,0,6,13,0,19,0,3,2,0,5,0,9,15,0,24,2,0,2,26
03/20/2012,TXK,AR,ASW,CE,Federal Contract Tower,0,6,3,0,9,0,0,0,0,0,0,6,3,0,9,0,0,0,9
03/21/2012,TXK,AR,ASW,CE,Federal Contract Tower,0,9,13,0,22,0,0,8,0,8,0,9,21,0,30,18,0,18,48
03/22/2012,TXK,AR,ASW,CE,Federal Contract Tower,0,10,14,5,29,0,0,11,1,12,0,10,25,6,41,2,16,18,59
03/23/2012,TXK,AR,ASW,CE,Federal Contract Tower,0,9,12,1,22,0,8,39,2,49,0,17,51,3,71,50,14,64,135
03/24/2012,TXK,AR,ASW,CE,Federal Contract Tower,0,6,5,0,11,0,4,46,0,50,0,10,51,0,61,48,0,48,109
03/25/2012,TXK,AR,ASW,CE,Federal Contract Tower,0,8,8,0,16,0,2,26,0,28,0,10,34,0,44,0,0,0,44
03/26/2012,TXK,AR,ASW,CE,Federal Contract Tower,0,11,10,8,29,0,4,30,5,39,0,15,40,13,68,28,24,52,120
03/27/2012,TXK,AR,ASW,CE,Federal Contract Tower,0,7,7,4,18,0,0,13,3,16,0,7,20,7,34,4,16,20,54
03/28/2012,TXK,AR,ASW,CE,Federal Contract Tower,0,11,10,0,21,0,3,23,0,26,0,14,33,0,47,34,0,34,81
03/29/2012,TXK,AR,ASW,CE,Federal Contract Tower,0,4,23,4,31,0,6,12,10,28,0,10,35,14,59,0,0,0,59
03/30/2012,TXK,AR,ASW,CE,Federal Contract Tower,0,6,12,0,18,0,5,15,0,20,0,11,27,0,38,40,0,40,78
03/31/2012,TXK,AR,ASW,CE,Federal Contract Tower,0,5,10,4,19,0,8,12,2,22,0,13,22,6,41,4,10,14,55
04/01/2012,TXK,AR,ASW,CE,Federal Contract Tower,0,7,6,4,17,0,2,17,0,19,0,9,23,4,36,2,2,4,40
04/02/2012,TXK,AR,ASW,CE,Federal Contract Tower,0,10,8,6,24,0,4,1,0,5,0,14,9,6,29,4,8,12,41
04/03/2012,TXK,AR,ASW,CE,Federal Contract Tower,0,7,15,2,24,0,0,3,2,5,0,7,18,4,29,12,0,12,41
04/04/2012,TXK,AR,ASW,CE,Federal Contract Tower,0,4,14,2,20,0,5,22,6,33,0,9,36,8,53,27,2,29,82
04/05/2012,TXK,AR,ASW,CE,Federal Contract Tower,0,10,19,14,43,0,11,20,1,32,0,21,39,15,75,16,2,18,93
04/06/2012,TXK,AR,ASW,CE,Federal Contract Tower,0,10,19,0,29,0,8,19,0,27,0,18,38,0,56,34,0,34,90
04/07/2012,TXK,AR,ASW,CE,Federal Contract Tower,0,8,2,0,10,0,3,26,2,31,0,11,28,2,41,12,0,12,53
04/08/2012,TXK,AR,ASW,CE,Federal Contract Tower,0,4,3,0,7,0,3,2,0,5,0,7,5,0,12,0,0,0,12
04/09/2012,TXK,AR,ASW,CE,Federal Contract Tower,0,8,19,0,27,0,5,28,0,33,0,13,47,0,60,26,0,26,86
04/10/2012,TXK,AR,ASW,CE,Federal Contract Tower,0,6,17,0,23,0,8,18,0,26,0,14,35,0,49,2,0,2,51
04/11/2012,TXK,AR,ASW,CE,Federal Contract Tower,0,10,9,7,26,0,1,15,18,34,0,11,24,25,60,0,28,28,88
04/12/2012,TXK,AR,ASW,CE,Federal Contract Tower,0,9,15,5,29,0,0,14,0,14,0,9,29,5,43,44,12,56,99
04/13/2012,TXK,AR,ASW,CE,Federal Contract Tower,0,10,16,2,28,0,0,18,3,21,0,10,34,5,49,10,10,20,69
04/14/2012,TXK,AR,ASW,CE,Federal Contract Tower,0,6,6,0,12,0,6,12,0,18,0,12,18,0,30,20,0,20,50
04/15/2012,TXK,AR,ASW,CE,Federal Contract Tower,0,5,11,0,16,0,2,1,1,4,0,7,12,1,20,2,0,2,22
04/16/2012,TXK,AR,ASW,CE,Federal Contract Tower,0,6,14,2,22,0,2,6,0,8,0,8,20,2,30,6,0,6,36
04/17/2012,TXK,AR,ASW,CE,Federal Contract Tower,0,6,12,0,18,0,2,9,16,27,0,8,21,16,45,2,0,2,47
04/18/2012,TXK,AR,ASW,CE,Federal Contract Tower,0,8,25,4,37,0,3,29,4,36,0,11,54,8,73,30,6,36,109
04/19/2012,TXK,AR,ASW,CE,Federal Contract Tower,0,8,26,2,36,0,2,26,3,31,0,10,52,5,67,32,2,34,101
04/20/2012,TXK,AR,ASW,CE,Federal Contract Tower,0,8,9,0,17,0,0,5,0,5,0,8,14,0,22,4,0,4,26
04/21/2012,TXK,AR,ASW,CE,Federal Contract Tower,0,6,7,0,13,0,6,23,6,35,0,12,30,6,48,32,8,40,88
04/22/2012,TXK,AR,ASW,CE,Federal Contract Tower,0,8,6,0,14,0,4,19,0,23,0,12,25,0,37,0,0,0,37
04/23/2012,TXK,AR,ASW,CE,Federal Contract Tower,0,8,13,2,23,0,2,34,0,36,0,10,47,2,59,12,0,12,71
04/24/2012,TXK,AR,ASW,CE,Federal Contract Tower,0,10,17,12,39,0,7,20,3,30,0,17,37,15,69,18,56,74,143
04/25/2012,TXK,AR,ASW,CE,Federal Contract Tower,0,12,20,0,32,0,5,31,0,36,0,17,51,0,68,26,0,26,94
04/26/2012,TXK,AR,ASW,CE,Federal Contract Tower,0,6,22,2,30,0,3,31,0,34,0,9,53,2,64,40,0,40,104
04/27/2012,TXK,AR,ASW,CE,Federal Contract Tower,0,8,8,3,19,0,5,16,1,22,0,13,24,4,41,12,2,14,55
04/28/2012,TXK,AR,ASW,CE,Federal Contract Tower,0,10,1,6,17,0,2,16,1,19,0,12,17,7,36,10,18,28,64
04/29/2012,TXK,AR,ASW,CE,Federal Contract Tower,0,7,22,0,29,0,3,24,0,27,0,10,46,0,56,6,0,6,62
04/30/2012,TXK,AR,ASW,CE,Federal Contract Tower,0,8,11,2,21,0,8,19,0,27,0,16,30,2,48,26,0,26,74
05/01/2012,TXK,AR,ASW,CE,Federal Contract Tower,0,11,12,1,24,0,6,27,1,34,0,17,39,2,58,28,4,32,90
05/02/2012,TXK,AR,ASW,CE,Federal Contract Tower,0,7,16,2,25,0,3,28,1,32,0,10,44,3,57,44,8,52,109
05/03/2012,TXK,AR,ASW,CE,Federal Contract Tower,0,7,21,0,28,0,1,11,4,16,0,8,32,4,44,0,0,0,44
05/04/2012,TXK,AR,ASW,CE,Federal Contract Tower,0,8,22,2,32,0,1,29,0,30,0,9,51,2,62,60,2,62,124
05/05/2012,TXK,AR,ASW,CE,Federal Contract Tower,0,6,12,3,21,0,7,19,1,27,0,13,31,4,48,6,22,28,76
05/06/2012,TXK,AR,ASW,CE,Federal Contract Tower,0,10,15,10,35,0,2,21,0,23,0,12,36,10,58,90,14,104,162
05/07/2012,TXK,AR,ASW,CE,Federal Contract Tower,0,9,21,5,35,0,2,6,1,9,0,11,27,6,44,0,0,0,44
05/08/2012,TXK,AR,ASW,CE,Federal Contract Tower,0,10,10,0,20,0,5,5,0,10,0,15,15,0,30,12,0,12,42
05/09/2012,TXK,AR,ASW,CE,Federal Contract Tower,0,6,11,0,17,0,5,22,2,29,0,11,33,2,46,8,0,8,54
05/10/2012,TXK,AR,ASW,CE,Federal Contract Tower,0,8,13,0,21,0,3,36,0,39,0,11,49,0,60,38,0,38,98
05/11/2012,TXK,AR,ASW,CE,Federal Contract Tower,0,7,8,3,18,0,2,4,6,12,0,9,12,9,30,0,0,0,30
05/12/2012,TXK,AR,ASW,CE,Federal Contract Tower,0,7,7,0,14,0,2,3,0,5,0,9,10,0,19,12,0,12,31
05/13/2012,TXK,AR,ASW,CE,Federal Contract Tower,0,10,15,0,25,0,6,29,0,35,0,16,44,0,60,12,0,12,72
05/14/2012,TXK,AR,ASW,CE,Federal Contract Tower,0,7,19,2,28,0,1,25,1,27,0,8,44,3,55,20,6,26,81
05/15/2012,TXK,AR,ASW,CE,Federal Contract Tower,0,10,19,1,30,0,2,22,0,24,0,12,41,1,54,38,2,40,94
05/16/2012,TXK,AR,ASW,CE,Federal Contract Tower,0,7,17,3,27,0,4,26,5,35,0,11,43,8,62,36,24,60,122
05/17/2012,TXK,AR,ASW,CE,Federal Contract Tower,0,7,10,8,25,0,2,34,3,39,0,9,44,11,64,64,50,114,178
05/18/2012,TXK,AR,ASW,CE,Federal Contract Tower,0,11,22,4,37,0,5,13,0,18,0,16,35,4,55,20,0,20,75
05/19/2012,TXK,AR,ASW,CE,Federal Contract Tower,0,6,5,1,12,0,7,8,0,15,0,13,13,1,27,14,2,16,43
05/20/2012,TXK,AR,ASW,CE,Federal Contract Tower,0,6,11,0,17,0,2,22,0,24,0,8,33,0,41,6,0,6,47
05/21/2012,TXK,AR,ASW,CE,Federal Contract Tower,0,9,12,0,21,0,4,9,2,15,0,13,21,2,36,12,0,12,48
05/22/2012,TXK,AR,ASW,CE,Federal Contract Tower,0,9,14,4,27,0,9,16,2,27,0,18,30,6,54,32,60,92,146
05/23/2012,TXK,AR,ASW,CE,Federal Contract Tower,0,11,10,0,21,0,5,9,4,18,0,16,19,4,39,6,0,6,45
05/24/2012,TXK,AR,ASW,CE,Federal Contract Tower,0,8,22,2,32,0,2,13,6,21,0,10,35,8,53,14,2,16,69
05/25/2012,TXK,AR,ASW,CE,Federal Contract Tower,0,8,17,2,27,0,4,15,1,20,0,12,32,3,47,16,2,18,65
05/26/2012,TXK,AR,ASW,CE,Federal Contract Tower,0,6,2,0,8,0,10,10,0,20,0,16,12,0,28,8,0,8,36
05/27/2012,TXK,AR,ASW,CE,Federal Contract Tower,0,4,6,0,10,0,7,8,0,15,0,11,14,0,25,12,0,12,37
05/28/2012,TXK,AR,ASW,CE,Federal Contract Tower,0,4,3,1,8,0,8,29,3,40,0,12,32,4,48,12,0,12,60
05/29/2012,TXK,AR,ASW,CE,Federal Contract Tower,0,6,7,4,17,0,2,16,2,20,0,8,23,6,37,26,24,50,87
05/30/2012,TXK,AR,ASW,CE,Federal Contract Tower,0,6,14,0,20,0,0,15,0,15,0,6,29,0,35,10,0,10,45
05/31/2012,TXK,AR,ASW,CE,Federal Contract Tower,0,6,16,0,22,0,2,15,0,17,0,8,31,0,39,14,0,14,53
06/01/2012,TXK,AR,ASW,CE,Federal Contract Tower,0,10,11,15,36,0,3,16,0,19,0,13,27,15,55,20,24,44,99
06/02/2012,TXK,AR,ASW,CE,Federal Contract Tower,0,6,5,0,11,0,2,24,0,26,0,8,29,0,37,18,0,18,55
06/03/2012,TXK,AR,ASW,CE,Federal Contract Tower,0,9,13,2,24,0,6,22,1,29,0,15,35,3,53,14,8,22,75
06/04/2012,TXK,AR,ASW,CE,Federal Contract Tower,0,10,7,2,19,0,0,16,8,24,0,10,23,10,43,0,16,16,59
06/05/2012,TXK,AR,ASW,CE,Federal Contract Tower,0,8,7,0,15,0,1,20,0,21,0,9,27,0,36,8,0,8,44
06/06/2012,TXK,AR,ASW,CE,Federal Contract Tower,0,12,20,1,33,0,3,21,0,24,0,15,41,1,57,60,2,62,119
06/07/2012,TXK,AR,ASW,CE,Federal Contract Tower,0,8,21,2,31,0,0,20,1,21,0,8,41,3,52,54,4,58,110
06/08/2012,TXK,AR,ASW,CE,Federal Contract Tower,0,8,7,0,15,0,3,13,2,18,0,11,20,2,33,8,0,8,41
06/09/2012,TXK,AR,ASW,CE,Federal Contract Tower,0,10,5,4,19,0,8,15,2,25,0,18,20,6,44,12,12,24,68
06/10/2012,TXK,AR,ASW,CE,Federal Contract Tower,0,11,8,2,21,0,0,6,4,10,0,11,14,6,31,4,8,12,43
06/11/2012,TXK,AR,ASW,CE,Federal Contract Tower,0,6,6,5,17,0,14,6,2,22,0,20,12,7,39,0,18,18,57
06/12/2012,TXK,AR,ASW,CE,Federal Contract Tower,0,7,10,0,17,0,3,20,5,28,0,10,30,5,45,26,0,26,71
06/13/2012,TXK,AR,ASW,CE,Federal Contract Tower,0,6,15,2,23,0,2,17,0,19,0,8,32,2,42,0,0,0,42
06/14/2012,TXK,AR,ASW,CE,Federal Contract Tower,0,9,11,6,26,0,3,27,2,32,0,12,38,8,58,20,6,26,84
06/15/2012,TXK,AR,ASW,CE,Federal Contract Tower,0,12,11,9,32,0,2,18,1,21,0,14,29,10,53,4,22,26,79
06/16/2012,TXK,AR,ASW,CE,Federal Contract Tower,0,6,6,2,14,0,2,9,0,11,0,8,15,2,25,12,0,12,37
06/17/2012,TXK,AR,ASW,CE,Federal Contract Tower,0,7,7,1,15,0,4,14,0,18,0,11,21,1,33,22,2,24,57
06/18/2012,TXK,AR,ASW,CE,Federal Contract Tower,0,10,14,2,26,0,7,16,0,23,0,17,30,2,49,8,0,8,57
06/19/2012,TXK,AR,ASW,CE,Federal Contract Tower,0,7,13,2,22,0,2,13,1,16,0,9,26,3,38,2,28,30,68
06/20/2012,TXK,AR,ASW,CE,Federal Contract Tower,0,5,20,2,27,0,4,24,1,29,0,9,44,3,56,6,4,10,66
06/21/2012,TXK,AR,ASW,CE,Federal Contract Tower,0,6,22,0,28,0,3,36,2,41,0,9,58,2,69,38,0,38,107
06/22/2012,TXK,AR,ASW,CE,Federal Contract Tower,0,7,7,1,15,0,6,31,4,41,0,13,38,5,56,36,6,42,98
06/23/2012,TXK,AR,ASW,CE,Federal Contract Tower,0,9,7,0,16,0,8,35,0,43,0,17,42,0,59,22,0,22,81
06/24/2012,TXK,AR,ASW,CE,Federal Contract Tower,0,9,7,0,16,0,0,24,0,24,0,9,31,0,40,4,0,4,44
06/25/2012,TXK,AR,ASW,CE,Federal Contract Tower,0,3,8,0,11,0,1,25,0,26,0,4,33,0,37,29,0,29,66
06/26/2012,TXK,AR,ASW,CE,Federal Contract Tower,0,8,9,0,17,0,2,21,0,23,0,10,30,0,40,2,0,2,42
06/27/2012,TXK,AR,ASW,CE,Federal Contract Tower,0,11,16,0,27,0,4,23,0,27,0,15,39,0,54,8,0,8,62
06/28/2012,TXK,AR,ASW,CE,Federal Contract Tower,0,7,14,3,24,0,4,29,10,43,0,11,43,13,67,28,6,34,101
06/29/2012,TXK,AR,ASW,CE,Federal Contract Tower,0,6,7,6,19,0,0,25,2,27,0,6,32,8,46,2,4,6,52
06/30/2012,TXK,AR,ASW,CE,Federal Contract Tower,0,4,3,4,11,0,6,23,0,29,0,10,26,4,40,20,8,28,68
07/01/2012,TXK,AR,ASW,CE,Federal Contract Tower,0,7,6,5,18,0,2,17,2,21,0,9,23,7,39,38,6,44,83
07/02/2012,TXK,AR,ASW,CE,Federal Contract Tower,0,9,9,6,24,0,5,16,1,22,0,14,25,7,46,18,22,40,86
07/03/2012,TXK,AR,ASW,CE,Federal Contract Tower,0,7,13,6,26,0,4,18,2,24,0,11,31,8,50,12,16,28,78
07/04/2012,TXK,AR,ASW,CE,Federal Contract Tower,0,4,2,0,6,0,2,27,0,29,0,6,29,0,35,18,0,18,53
07/05/2012,TXK,AR,ASW,CE,Federal Contract Tower,0,8,7,0,15,0,2,21,0,23,0,10,28,0,38,12,0,12,50
07/06/2012,TXK,AR,ASW,CE,Federal Contract Tower,0,9,3,5,17,0,2,28,1,31,0,11,31,6,48,28,16,44,92
07/07/2012,TXK,AR,ASW,CE,Federal Contract Tower,0,6,1,0,7,0,1,14,0,15,0,7,15,0,22,20,0,20,42
07/08/2012,TXK,AR,ASW,CE,Federal Contract Tower,0,9,9,0,18,0,1,6,0,7,0,10,15,0,25,0,0,0,25
07/09/2012,TXK,AR,ASW,CE,Federal Contract Tower,0,5,9,8,22,0,0,3,0,3,0,5,12,8,25,0,10,10,35
07/10/2012,TXK,AR,ASW,CE,Federal Contract Tower,0,8,12,0,20,0,0,4,0,4,0,8,16,0,24,0,0,0,24
07/11/2012,TXK,AR,ASW,CE,Federal Contract Tower,0,12,19,4,35,0,5,0,0,5,0,17,19,4,40,4,0,4,44
07/12/2012,TXK,AR,ASW,CE,Federal Contract Tower,0,8,8,0,16,0,2,9,0,11,0,10,17,0,27,8,0,8,35
07/13/2012,TXK,AR,ASW,CE,Federal Contract Tower,0,8,16,11,35,0,0,12,0,12,0,8,28,11,47,2,16,18,65
07/14/2012,TXK,AR,ASW,CE,Federal Contract Tower,0,6,9,4,19,0,5,17,0,22,0,11,26,4,41,8,12,20,61
07/15/2012,TXK,AR,ASW,CE,Federal Contract Tower,0,9,6,0,15,0,0,12,0,12,0,9,18,0,27,36,0,36,63
07/16/2012,TXK,AR,ASW,CE,Federal Contract Tower,0,11,13,2,26,0,2,28,2,32,0,13,41,4,58,12,20,32,90
07/17/2012,TXK,AR,ASW,CE,Federal Contract Tower,0,9,7,0,16,0,2,33,0,35,0,11,40,0,51,20,0,20,71
07/18/2012,TXK,AR,ASW,CE,Federal Contract Tower,0,8,14,5,27,0,2,23,3,28,0,10,37,8,55,4,40,44,99
07/19/2012,TXK,AR,ASW,CE,Federal Contract Tower,0,10,18,4,32,0,6,35,4,45,0,16,53,8,77,16,14,30,107
07/20/2012,TXK,AR,ASW,CE,Federal Contract Tower,0,7,11,15,33,0,6,16,1,23,0,13,27,16,56,50,16,66,122
07/21/2012,TXK,AR,ASW,CE,Federal Contract Tower,0,9,3,0,12,0,4,29,1,34,0,13,32,1,46,46,2,48,94
07/22/2012,TXK,AR,ASW,CE,Federal Contract Tower,0,7,5,7,19,0,6,8,0,14,0,13,13,7,33,0,6,6,39
07/23/2012,TXK,AR,ASW,CE,Federal Contract Tower,0,6,16,4,26,0,1,13,2,16,0,7,29,6,42,2,36,38,80
07/24/2012,TXK,AR,ASW,CE,Federal Contract Tower,0,9,3,5,17,0,7,36,2,45,0,16,39,7,62,40,18,58,120
07/25/2012,TXK,AR,ASW,CE,Federal Contract Tower,0,13,8,5,26,0,4,33,0,37,0,17,41,5,63,34,10,44,107
07/26/2012,TXK,AR,ASW,CE,Federal Contract Tower,0,9,18,4,31,0,8,21,3,32,0,17,39,7,63,24,26,50,113
07/27/2012,TXK,AR,ASW,CE,Federal Contract Tower,0,5,9,4,18,0,0,8,0,8,0,5,17,4,26,0,4,4,30
07/28/2012,TXK,AR,ASW,CE,Federal Contract Tower,0,5,3,0,8,0,3,23,0,26,0,8,26,0,34,20,0,20,54
07/29/2012,TXK,AR,ASW,CE,Federal Contract Tower,0,6,10,4,20,0,6,20,1,27,0,12,30,5,47,22,2,24,71
07/30/2012,TXK,AR,ASW,CE,Federal Contract Tower,0,6,17,7,30,0,2,21,6,29,0,8,38,13,59,6,34,40,99
07/31/2012,TXK,AR,ASW,CE,Federal Contract Tower,0,6,7,7,20,0,0,42,1,43,0,6,49,8,63,50,24,74,137
08/01/2012,TXK,AR,ASW,CE,Federal Contract Tower,0,5,13,1,19,0,3,27,2,32,0,8,40,3,51,24,2,26,77
08/02/2012,TXK,AR,ASW,CE,Federal Contract Tower,0,6,16,0,22,0,8,25,0,33,0,14,41,0,55,6,0,6,61
08/03/2012,TXK,AR,ASW,CE,Federal Contract Tower,0,9,10,7,26,0,3,16,1,20,0,12,26,8,46,18,6,24,70
08/04/2012,TXK,AR,ASW,CE,Federal Contract Tower,0,6,7,2,15,0,4,29,0,33,0,10,36,2,48,12,0,12,60
08/05/2012,TXK,AR,ASW,CE,Federal Contract Tower,0,8,11,0,19,0,0,22,0,22,0,8,33,0,41,0,0,0,41
08/06/2012,TXK,AR,ASW,CE,Federal Contract Tower,0,8,5,0,13,0,7,38,0,45,0,15,43,0,58,106,0,106,164
08/07/2012,TXK,AR,ASW,CE,Federal Contract Tower,0,6,13,4,23,0,2,21,5,28,0,8,34,9,51,44,18,62,113
08/08/2012,TXK,AR,ASW,CE,Federal Contract Tower,0,6,19,2,27,0,0,9,0,9,0,6,28,2,36,4,8,12,48
08/09/2012,TXK,AR,ASW,CE,Federal Contract Tower,0,10,12,2,24,0,3,36,0,39,0,13,48,2,63,62,0,62,125
08/10/2012,TXK,AR,ASW,CE,Federal Contract Tower,0,8,6,2,16,0,0,20,4,24,0,8,26,6,40,10,6,16,56
08/11/2012,TXK,AR,ASW,CE,Federal Contract Tower,0,6,4,0,10,0,5,16,0,21,0,11,20,0,31,2,0,2,33
08/12/2012,TXK,AR,ASW,CE,Federal Contract Tower,0,9,9,0,18,0,7,17,0,24,0,16,26,0,42,8,0,8,50
08/13/2012,TXK,AR,ASW,CE,Federal Contract Tower,0,6,11,3,20,0,9,26,0,35,0,15,37,3,55,50,2,52,107
08/14/2012,TXK,AR,ASW,CE,Federal Contract Tower,0,13,23,6,42,0,3,37,2,42,0,16,60,8,84,54,6,60,144
08/15/2012,TXK,AR,ASW,CE,Federal Contract Tower,0,7,21,3,31,0,2,20,8,30,0,9,41,11,61,26,2,28,89
08/16/2012,TXK,AR,ASW,CE,Federal Contract Tower,0,4,12,0,16,0,6,28,0,34,0,10,40,0,50,58,0,58,108
08/17/2012,TXK,AR,ASW,CE,Federal Contract Tower,0,8,11,2,21,0,2,17,1,20,0,10,28,3,41,24,6,30,71
08/18/2012,TXK,AR,ASW,CE,Federal Contract Tower,0,6,3,2,11,0,3,1,0,4,0,9,4,2,15,4,0,4,19
08/19/2012,TXK,AR,ASW,CE,Federal Contract Tower,0,7,8,0,15,0,6,18,4,28,0,13,26,4,43,14,0,14,57
08/20/2012,TXK,AR,ASW,CE,Federal Contract Tower,0,8,14,4,26,0,2,22,1,25,0,10,36,5,51,44,0,44,95
08/21/2012,TXK,AR,ASW,CE,Federal Contract Tower,0,7,17,6,30,0,5,27,1,33,0,12,44,7,63,56,38,94,157
08/22/2012,TXK,AR,ASW,CE,Federal Contract Tower,8,10,6,0,24,0,4,30,2,36,8,14,36,2,60,54,10,64,124
08/23/2012,TXK,AR,ASW,CE,Federal Contract Tower,0,10,19,0,29,0,0,9,0,9,0,10,28,0,38,0,0,0,38
08/24/2012,TXK,AR,ASW,CE,Federal Contract Tower,0,6,19,6,31,0,2,13,37,52,0,8,32,43,83,14,0,14,97
08/25/2012,TXK,AR,ASW,CE,Federal Contract Tower,0,10,7,1,18,0,5,13,3,21,0,15,20,4,39,6,0,6,45
08/26/2012,TXK,AR,ASW,CE,Federal Contract Tower,0,6,11,3,20,0,0,8,1,9,0,6,19,4,29,8,18,26,55
08/27/2012,TXK,AR,ASW,CE,Federal Contract Tower,0,8,4,2,14,0,4,18,0,22,0,12,22,2,36,26,4,30,66
08/28/2012,TXK,AR,ASW,CE,Federal Contract Tower,0,8,15,8,31,0,5,17,1,23,0,13,32,9,54,32,14,46,100
08/29/2012,TXK,AR,ASW,CE,Federal Contract Tower,0,6,14,0,20,0,5,11,2,18,0,11,25,2,38,0,0,0,38
08/30/2012,TXK,AR,ASW,CE,Federal Contract Tower,0,10,2,0,12,0,0,4,0,4,0,10,6,0,16,6,0,6,22
08/31/2012,TXK,AR,ASW,CE,Federal Contract Tower,0,7,5,2,14,0,2,1,1,4,0,9,6,3,18,0,12,12,30
09/01/2012,TXK,AR,ASW,CE,Federal Contract Tower,0,5,5,0,10,0,5,0,0,5,0,10,5,0,15,2,0,2,17
09/02/2012,TXK,AR,ASW,CE,Federal Contract Tower,0,3,10,0,13,0,2,12,0,14,0,5,22,0,27,14,0,14,41
09/03/2012,TXK,AR,ASW,CE,Federal Contract Tower,0,3,2,0,5,0,0,26,0,26,0,3,28,0,31,32,0,32,63
09/04/2012,TXK,AR,ASW,CE,Federal Contract Tower,0,13,18,4,35,0,2,16,1,19,0,15,34,5,54,32,6,38,92
09/05/2012,TXK,AR,ASW,CE,Federal Contract Tower,0,6,15,8,29,0,4,20,11,35,0,10,35,19,64,36,8,44,108
09/06/2012,TXK,AR,ASW,CE,Federal Contract Tower,0,6,17,1,24,0,1,34,20,55,0,7,51,21,79,6,0,6,85
09/07/2012,TXK,AR,ASW,CE,Federal Contract Tower,0,8,19,2,29,0,4,28,4,36,0,12,47,6,65,34,0,34,99
09/08/2012,TXK,AR,ASW,CE,Federal Contract Tower,0,6,8,4,18,0,4,16,2,22,0,10,24,6,40,6,10,16,56
09/09/2012,TXK,AR,ASW,CE,Federal Contract Tower,0,6,12,0,18,0,1,40,0,41,0,7,52,0,59,20,0,20,79
09/10/2012,TXK,AR,ASW,CE,Federal Contract Tower,0,7,6,2,15,0,4,26,0,30,0,11,32,2,45,24,0,24,69
09/11/2012,TXK,AR,ASW,CE,Federal Contract Tower,0,8,16,0,24,0,0,35,0,35,0,8,51,0,59,16,0,16,75
09/12/2012,TXK,AR,ASW,CE,Federal Contract Tower,0,8,9,4,21,0,2,25,2,29,0,10,34,6,50,14,6,20,70
09/13/2012,TXK,AR,ASW,CE,Federal Contract Tower,0,8,16,0,24,0,0,7,0,7,0,8,23,0,31,18,0,18,49
09/14/2012,TXK,AR,ASW,CE,Federal Contract Tower,0,5,10,5,20,0,0,5,1,6,0,5,15,6,26,0,26,26,52
09/15/2012,TXK,AR,ASW,CE,Federal Contract Tower,0,4,14,0,18,0,6,1,0,7,0,10,15,0,25,2,0,2,27
09/16/2012,TXK,AR,ASW,CE,Federal Contract Tower,0,8,7,0,15,0,0,1,0,1,0,8,8,0,16,0,0,0,16
09/17/2012,TXK,AR,ASW,CE,Federal Contract Tower,0,7,12,3,22,0,0,0,0,0,0,7,12,3,22,0,4,4,26
09/18/2012,TXK,AR,ASW,CE,Federal Contract Tower,0,8,15,10,33,0,2,15,1,18,0,10,30,11,51,34,20,54,105
09/19/2012,TXK,AR,ASW,CE,Federal Contract Tower,0,8,18,1,27,0,2,43,1,46,0,10,61,2,73,68,0,68,141
09/20/2012,TXK,AR,ASW,CE,Federal Contract Tower,0,8,12,0,20,0,3,16,10,29,0,11,28,10,49,12,4,16,65
09/21/2012,TXK,AR,ASW,CE,Federal Contract Tower,0,9,13,4,26,0,9,27,11,47,0,18,40,15,73,26,0,26,99
09/22/2012,TXK,AR,ASW,CE,Federal Contract Tower,0,7,3,0,10,0,4,20,0,24,0,11,23,0,34,22,0,22,56
09/23/2012,TXK,AR,ASW,CE,Federal Contract Tower,0,10,13,1,24,0,3,27,0,30,0,13,40,1,54,22,2,24,78
09/24/2012,TXK,AR,ASW,CE,Federal Contract Tower,0,7,13,2,22,0,20,34,2,56,0,27,47,4,78,32,0,32,110
09/25/2012,TXK,AR,ASW,CE,Federal Contract Tower,0,10,16,2,28,0,1,16,3,20,0,11,32,5,48,20,4,24,72
09/26/2012,TXK,AR,ASW,CE,Federal Contract Tower,0,8,17,3,28,0,3,12,2,17,0,11,29,5,45,16,2,18,63
09/27/2012,TXK,AR,ASW,CE,Federal Contract Tower,0,7,13,1,21,0,3,36,1,40,0,10,49,2,61,36,0,36,97
09/28/2012,TXK,AR,ASW,CE,Federal Contract Tower,0,7,14,7,28,0,2,31,6,39,0,9,45,13,67,40,22,62,129
09/29/2012,TXK,AR,ASW,CE,Federal Contract Tower,0,6,9,2,17,0,1,0,0,1,0,7,9,2,18,0,0,0,18
09/30/2012,TXK,AR,ASW,CE,Federal Contract Tower,0,6,14,0,20,0,0,5,0,5,0,6,19,0,25,0,0,0,25
10/01/2012,TXK,AR,ASW,CE,Federal Contract Tower,0,8,11,8,27,0,3,18,3,24,0,11,29,11,51,16,28,44,95
10/02/2012,TXK,AR,ASW,CE,Federal Contract Tower,0,10,13,5,28,0,2,35,2,39,0,12,48,7,67,56,16,72,139
10/03/2012,TXK,AR,ASW,CE,Federal Contract Tower,0,8,19,10,37,0,2,18,2,22,0,10,37,12,59,10,48,58,117
10/04/2012,TXK,AR,ASW,CE,Federal Contract Tower,0,7,14,2,23,0,2,26,2,30,0,9,40,4,53,8,18,26,79
10/05/2012,TXK,AR,ASW,CE,Federal Contract Tower,0,11,20,0,31,0,2,14,0,16,0,13,34,0,47,30,0,30,77
10/06/2012,TXK,AR,ASW,CE,Federal Contract Tower,0,6,7,0,13,0,2,3,0,5,0,8,10,0,18,2,0,2,20
10/07/2012,TXK,AR,ASW,CE,Federal Contract Tower,0,5,11,0,16,0,3,16,0,19,0,8,27,0,35,22,0,22,57
10/08/2012,TXK,AR,ASW,CE,Federal Contract Tower,0,13,12,0,25,0,10,14,0,24,0,23,26,0,49,4,0,4,53
10/09/2012,TXK,AR,ASW,CE,Federal Contract Tower,0,10,14,3,27,0,0,31,0,31,0,10,45,3,58,28,8,36,94
10/10/2012,TXK,AR,ASW,CE,Federal Contract Tower,0,13,20,4,37,0,8,5,0,13,0,21,25,4,50,14,0,14,64
10/11/2012,TXK,AR,ASW,CE,Federal Contract Tower,0,11,12,4,27,0,0,21,2,23,0,11,33,6,50,10,16,26,76
10/12/2012,TXK,AR,ASW,CE,Federal Contract Tower,0,11,20,5,36,0,2,23,5,30,0,13,43,10,66,44,4,48,114
10/13/2012,TXK,AR,ASW,CE,Federal Contract Tower,0,6,6,0,12,0,4,3,0,7,0,10,9,0,19,0,0,0,19
10/14/2012,TXK,AR,ASW,CE,Federal Contract Tower,0,7,2,1,10,0,2,10,0,12,0,9,12,1,22,16,2,18,40
10/15/2012,TXK,AR,ASW,CE,Federal Contract Tower,0,7,13,4,24,0,3,39,17,59,0,10,52,21,83,82,14,96,179
10/16/2012,TXK,AR,ASW,CE,Federal Contract Tower,0,9,12,1,22,0,4,16,7,27,0,13,28,8,49,36,0,36,85
10/17/2012,TXK,AR,ASW,CE,Federal Contract Tower,0,6,16,2,24,0,8,3,0,11,0,14,19,2,35,2,0,2,37
10/18/2012,TXK,AR,ASW,CE,Federal Contract Tower,0,9,10,0,19,0,33,6,0,39,0,42,16,0,58,56,0,56,114
10/19/2012,TXK,AR,ASW,CE,Federal Contract Tower,0,9,20,4,33,0,6,19,2,27,0,15,39,6,60,18,8,26,86
10/20/2012,TXK,AR,ASW,CE,Federal Contract Tower,0,4,6,2,12,0,6,52,0,58,0,10,58,2,70,34,0,34,104
10/21/2012,TXK,AR,ASW,CE,Federal Contract Tower,0,7,11,9,27,0,3,8,4,15,0,10,19,13,42,12,28,40,82
10/22/2012,TXK,AR,ASW,CE,Federal Contract Tower,0,6,20,4,30,0,0,12,1,13,0,6,32,5,43,42,26,68,111
10/23/2012,TXK,AR,ASW,CE,Federal Contract Tower,0,7,21,4,32,0,0,28,0,28,0,7,49,4,60,20,18,38,98
10/24/2012,TXK,AR,ASW,CE,Federal Contract Tower,0,5,10,2,17,0,4,23,0,27,0,9,33,2,44,56,0,56,100
10/25/2012,TXK,AR,ASW,CE,Federal Contract Tower,0,6,20,0,26,0,2,15,1,18,0,8,35,1,44,34,0,34,78
10/26/2012,TXK,AR,ASW,CE,Federal Contract Tower,0,11,14,0,25,0,2,1,0,3,0,13,15,0,28,14,0,14,42
10/27/2012,TXK,AR,ASW,CE,Federal Contract Tower,0,4,9,2,15,0,4,30,0,34,0,8,39,2,49,22,0,22,71
10/28/2012,TXK,AR,ASW,CE,Federal Contract Tower,0,6,15,0,21,0,2,18,0,20,0,8,33,0,41,0,0,0,41
10/29/2012,TXK,AR,ASW,CE,Federal Contract Tower,0,7,11,6,24,0,3,28,0,31,0,10,39,6,55,42,6,48,103
10/30/2012,TXK,AR,ASW,CE,Federal Contract Tower,0,7,11,6,24,0,7,30,1,38,0,14,41,7,62,58,32,90,152
10/31/2012,TXK,AR,ASW,CE,Federal Contract Tower,0,12,8,0,20,0,0,30,2,32,0,12,38,2,52,30,0,30,82
11/01/2012,TXK,AR,ASW,CE,Federal Contract Tower,0,7,16,2,25,0,1,32,1,34,0,8,48,3,59,54,6,60,119
11/02/2012,TXK,AR,ASW,CE,Federal Contract Tower,0,7,10,5,22,0,0,30,0,30,0,7,40,5,52,36,12,48,100
11/03/2012,TXK,AR,ASW,CE,Federal Contract Tower,0,7,5,2,14,0,5,14,3,22,0,12,19,5,36,26,8,34,70
11/04/2012,TXK,AR,ASW,CE,Federal Contract Tower,0,10,10,3,23,0,6,20,0,26,0,16,30,3,49,8,4,12,61
11/05/2012,TXK,AR,ASW,CE,Federal Contract Tower,0,6,12,8,26,0,6,7,0,13,0,12,19,8,39,14,14,28,67
11/06/2012,TXK,AR,ASW,CE,Federal Contract Tower,0,7,10,0,17,0,4,24,2,30,0,11,34,2,47,12,0,12,59
11/07/2012,TXK,AR,ASW,CE,Federal Contract Tower,0,6,10,2,18,0,2,30,0,32,0,8,40,2,50,14,2,16,66
11/08/2012,TXK,AR,ASW,CE,Federal Contract Tower,0,8,23,0,31,0,2,34,4,40,0,10,57,4,71,32,0,32,103
11/09/2012,TXK,AR,ASW,CE,Federal Contract Tower,0,10,18,8,36,0,8,10,1,19,0,18,28,9,55,26,16,42,97
11/10/2012,TXK,AR,ASW,CE,Federal Contract Tower,0,4,7,0,11,0,7,15,0,22,0,11,22,0,33,22,0,22,55
11/11/2012,TXK,AR,ASW,CE,Federal Contract Tower,0,6,9,2,17,0,0,0,0,0,0,6,9,2,17,0,0,0,17
11/12/2012,TXK,AR,ASW,CE,Federal Contract Tower,0,7,8,0,15,0,4,29,0,33,0,11,37,0,48,60,0,60,108
11/13/2012,TXK,AR,ASW,CE,Federal Contract Tower,0,10,8,3,21,0,5,36,2,43,0,15,44,5,64,41,4,45,109
11/14/2012,TXK,AR,ASW,CE,Federal Contract Tower,0,9,13,2,24,0,6,40,6,52,0,15,53,8,76,74,6,80,156
11/15/2012,TXK,AR,ASW,CE,Federal Contract Tower,7,12,2,0,21,0,5,38,12,55,7,17,40,12,76,30,20,50,126
11/16/2012,TXK,AR,ASW,CE,Federal Contract Tower,0,8,7,0,15,0,10,31,3,44,0,18,38,3,59,42,0,42,101
11/17/2012,TXK,AR,ASW,CE,Federal Contract Tower,0,8,8,0,16,0,7,37,0,44,0,15,45,0,60,88,0,88,148
11/18/2012,TXK,AR,ASW,CE,Federal Contract Tower,0,9,9,0,18,0,1,15,1,17,0,10,24,1,35,0,0,0,35
11/19/2012,TXK,AR,ASW,CE,Federal Contract Tower,0,8,7,0,15,0,4,34,0,38,0,12,41,0,53,78,0,78,131
11/20/2012,TXK,AR,ASW,CE,Federal Contract Tower,0,12,12,5,29,0,3,25,0,28,0,15,37,5,57,22,8,30,87
11/21/2012,TXK,AR,ASW,CE,Federal Contract Tower,0,9,15,0,24,0,7,36,0,43,0,16,51,0,67,36,0,36,103
11/22/2012,TXK,AR,ASW,CE,Federal Contract Tower,0,4,13,0,17,0,4,13,0,17,0,8,26,0,34,4,0,4,38
11/23/2012,TXK,AR,ASW,CE,Federal Contract Tower,0,5,13,0,18,0,10,7,0,17,0,15,20,0,35,0,0,0,35
11/24/2012,TXK,AR,ASW,CE,Federal Contract Tower,0,4,7,0,11,0,3,27,0,30,0,7,34,0,41,24,0,24,65
11/25/2012,TXK,AR,ASW,CE,Federal Contract Tower,0,9,9,0,18,0,2,18,0,20,0,11,27,0,38,0,0,0,38
11/26/2012,TXK,AR,ASW,CE,Federal Contract Tower,0,8,10,0,18,0,6,0,0,6,0,14,10,0,24,2,0,2,26
11/27/2012,TXK,AR,ASW,CE,Federal Contract Tower,0,6,17,6,29,0,0,22,0,22,0,6,39,6,51,2,4,6,57
11/28/2012,TXK,AR,ASW,CE,Federal Contract Tower,0,7,7,2,16,0,4,17,0,21,0,11,24,2,37,14,0,14,51
11/29/2012,TXK,AR,ASW,CE,Federal Contract Tower,0,8,11,3,22,0,5,30,2,37,0,13,41,5,59,42,6,48,107
11/30/2012,TXK,AR,ASW,CE,Federal Contract Tower,0,8,13,3,24,0,2,19,1,22,0,10,32,4,46,26,0,26,72
12/01/2012,TXK,AR,ASW,CE,Federal Contract Tower,0,4,4,2,10,0,5,9,0,14,0,9,13,2,24,22,0,22,46
12/02/2012,TXK,AR,ASW,CE,Federal Contract Tower,0,8,11,0,19,0,2,4,0,6,0,10,15,0,25,12,0,12,37
12/03/2012,TXK,AR,ASW,CE,Federal Contract Tower,0,11,14,0,25,0,2,10,1,13,0,13,24,1,38,52,0,52,90
12/04/2012,TXK,AR,ASW,CE,Federal Contract Tower,0,10,26,0,36,0,2,8,0,10,0,12,34,0,46,8,0,8,54
12/05/2012,TXK,AR,ASW,CE,Federal Contract Tower,0,10,17,6,33,0,2,30,3,35,0,12,47,9,68,98,36,134,202
12/06/2012,TXK,AR,ASW,CE,Federal Contract Tower,0,8,30,0,38,0,0,4,0,4,0,8,34,0,42,4,0,4,46
12/07/2012,TXK,AR,ASW,CE,Federal Contract Tower,0,14,22,14,50,0,0,5,1,6,0,14,27,15,56,20,12,32,88
12/08/2012,TXK,AR,ASW,CE,Federal Contract Tower,0,8,3,4,15,0,2,6,0,8,0,10,9,4,23,10,8,18,41
12/09/2012,TXK,AR,ASW,CE,Federal Contract Tower,0,6,5,5,16,0,2,1,0,3,0,8,6,5,19,0,12,12,31
12/10/2012,TXK,AR,ASW,CE,Federal Contract Tower,0,8,26,5,39,0,4,17,1,22,0,12,43,6,61,64,12,76,137
12/11/2012,TXK,AR,ASW,CE,Federal Contract Tower,0,8,12,4,24,0,3,29,4,36,0,11,41,8,60,6,2,8,68
12/12/2012,TXK,AR,ASW,CE,Federal Contract Tower,0,7,13,5,25,0,0,33,2,35,0,7,46,7,60,38,24,62,122
12/13/2012,TXK,AR,ASW,CE,Federal Contract Tower,0,9,20,6,35,0,4,29,4,37,0,13,49,10,72,72,34,106,178
12/14/2012,TXK,AR,ASW,CE,Federal Contract Tower,0,8,7,9,24,0,6,32,0,38,0,14,39,9,62,32,16,48,110
12/15/2012,TXK,AR,ASW,CE,Federal Contract Tower,0,7,10,0,17,0,5,6,0,11,0,12,16,0,28,4,0,4,32
12/16/2012,TXK,AR,ASW,CE,Federal Contract Tower,0,9,13,0,22,0,6,30,0,36,0,15,43,0,58,52,0,52,110
12/17/2012,TXK,AR,ASW,CE,Federal Contract Tower,0,7,21,4,32,0,5,24,2,31,0,12,45,6,63,52,8,60,123
12/18/2012,TXK,AR,ASW,CE,Federal Contract Tower,0,11,10,6,27,0,8,23,1,32,0,19,33,7,59,2,10,12,71
12/19/2012,TXK,AR,ASW,CE,Federal Contract Tower,0,7,19,0,26,0,3,5,0,8,0,10,24,0,34,0,0,0,34
12/20/2012,TXK,AR,ASW,CE,Federal Contract Tower,0,12,10,0,22,0,2,3,0,5,0,14,13,0,27,0,0,0,27
12/21/2012,TXK,AR,ASW,CE,Federal Contract Tower,0,9,19,3,31,0,8,16,2,26,0,17,35,5,57,6,4,10,67
12/22/2012,TXK,AR,ASW,CE,Federal Contract Tower,0,6,8,0,14,0,1,22,0,23,0,7,30,0,37,8,0,8,45
12/23/2012,TXK,AR,ASW,CE,Federal Contract Tower,0,6,10,0,16,0,2,12,0,14,0,8,22,0,30,2,0,2,32
12/24/2012,TXK,AR,ASW,CE,Federal Contract Tower,0,6,0,0,6,0,0,28,0,28,0,6,28,0,34,32,0,32,66
12/25/2012,TXK,AR,ASW,CE,Federal Contract Tower,0,3,2,0,5,0,0,0,0,0,0,3,2,0,5,2,0,2,7
12/26/2012,TXK,AR,ASW,CE,Federal Contract Tower,0,1,10,0,11,0,5,17,0,22,0,6,27,0,33,8,0,8,41
12/27/2012,TXK,AR,ASW,CE,Federal Contract Tower,0,11,10,0,21,0,2,1,0,3,0,13,11,0,24,0,0,0,24
12/28/2012,TXK,AR,ASW,CE,Federal Contract Tower,0,8,2,0,10,0,0,0,0,0,0,8,2,0,10,0,0,0,10
12/29/2012,TXK,AR,ASW,CE,Federal Contract Tower,0,4,2,0,6,0,12,33,0,45,0,16,35,0,51,88,0,88,139
12/30/2012,TXK,AR,ASW,CE,Federal Contract Tower,0,11,7,0,18,0,1,12,0,13,0,12,19,0,31,20,0,20,51
12/31/2012,TXK,AR,ASW,CE,Federal Contract Tower,0,5,4,0,9,0,0,0,0,0,0,5,4,0,9,2,0,2,11
01/01/2013,TXK,AR,ASW,CE,Federal Contract Tower,0,5,6,2,13,0,0,0,0,0,0,5,6,2,13,0,0,0,13
01/02/2013,TXK,AR,ASW,CE,Federal Contract Tower,0,7,16,0,23,0,0,6,0,6,0,7,22,0,29,8,0,8,37
01/03/2013,TXK,AR,ASW,CE,Federal Contract Tower,0,12,13,3,28,0,4,36,4,44,0,16,49,7,72,30,2,32,104
01/04/2013,TXK,AR,ASW,CE,Federal Contract Tower,0,8,10,0,18,0,6,17,0,23,0,14,27,0,41,10,0,10,51
01/05/2013,TXK,AR,ASW,CE,Federal Contract Tower,0,6,12,0,18,0,3,28,2,33,0,9,40,2,51,78,0,78,129
01/06/2013,TXK,AR,ASW,CE,Federal Contract Tower,0,11,11,0,22,0,1,16,0,17,0,12,27,0,39,16,0,16,55
01/07/2013,TXK,AR,ASW,CE,Federal Contract Tower,0,6,8,5,19,0,3,11,5,19,0,9,19,10,38,2,30,32,70
01/08/2013,TXK,AR,ASW,CE,Federal Contract Tower,0,10,9,3,22,0,3,4,2,9,0,13,13,5,31,12,20,32,63
01/09/2013,TXK,AR,ASW,CE,Federal Contract Tower,0,9,4,0,13,0,0,0,0,0,0,9,4,0,13,0,0,0,13
01/10/2013,TXK,AR,ASW,CE,Federal Contract Tower,0,8,18,2,28,0,2,10,0,12,0,10,28,2,40,22,0,22,62
01/11/2013,TXK,AR,ASW,CE,Federal Contract Tower,0,9,14,2,25,0,6,24,0,30,0,15,38,2,55,18,0,18,73
01/12/2013,TXK,AR,ASW,CE,Federal Contract Tower,0,5,0,0,5,0,0,0,0,0,0,5,0,0,5,0,0,0,5
01/13/2013,TXK,AR,ASW,CE,Federal Contract Tower,0,6,8,0,14,0,0,7,0,7,0,6,15,0,21,22,0,22,43
01/14/2013,TXK,AR,ASW,CE,Federal Contract Tower,0,7,10,3,20,0,4,6,4,14,0,11,16,7,34,14,42,56,90
01/15/2013,TXK,AR,ASW,CE,Federal Contract Tower,0,3,7,0,10,0,0,0,0,0,0,3,7,0,10,0,0,0,10
01/16/2013,TXK,AR,ASW,CE,Federal Contract Tower,0,7,23,3,33,0,1,21,1,23,0,8,44,4,56,14,4,18,74
01/17/2013,TXK,AR,ASW,CE,Federal Contract Tower,0,7,8,0,15,0,1,35,0,36,0,8,43,0,51,10,0,10,61
01/18/2013,TXK,AR,ASW,CE,Federal Contract Tower,0,7,8,0,15,0,7,33,0,40,0,14,41,0,55,38,0,38,93
01/19/2013,TXK,AR,ASW,CE,Federal Contract Tower,0,10,11,0,21,0,2,40,0,42,0,12,51,0,63,56,0,56,119
01/20/2013,TXK,AR,ASW,CE,Federal Contract Tower,0,14,7,0,21,0,0,16,0,16,0,14,23,0,37,48,0,48,85
01/21/2013,TXK,AR,ASW,CE,Federal Contract Tower,0,6,11,0,17,0,3,24,0,27,0,9,35,0,44,10,0,10,54
01/22/2013,TXK,AR,ASW,CE,Federal Contract Tower,0,8,10,0,18,0,2,24,0,26,0,10,34,0,44,0,0,0,44
01/23/2013,TXK,AR,ASW,CE,Federal Contract Tower,0,11,15,8,34,0,0,26,6,32,0,11,41,14,66,26,30,56,122
01/24/2013,TXK,AR,ASW,CE,Federal Contract Tower,0,7,16,2,25,0,0,0,0,0,0,7,16,2,25,8,4,12,37
01/25/2013,TXK,AR,ASW,CE,Federal Contract Tower,0,10,10,0,20,0,0,2,0,2,0,10,12,0,22,0,0,0,22
01/26/2013,TXK,AR,ASW,CE,Federal Contract Tower,0,4,2,0,6,0,0,0,0,0,0,4,2,0,6,0,0,0,6
01/27/2013,TXK,AR,ASW,CE,Federal Contract Tower,0,7,8,0,15,0,2,5,0,7,0,9,13,0,22,14,0,14,36
01/28/2013,TXK,AR,ASW,CE,Federal Contract Tower,0,7,11,12,30,0,0,2,1,3,0,7,13,13,33,0,22,22,55
01/29/2013,TXK,AR,ASW,CE,Federal Contract Tower,0,7,4,1,12,0,0,1,1,2,0,7,5,2,14,4,2,6,20
01/30/2013,TXK,AR,ASW,CE,Federal Contract Tower,0,7,17,3,27,0,1,15,2,18,0,8,32,5,45,0,8,8,53
01/31/2013,TXK,AR,ASW,CE,Federal Contract Tower,0,7,12,3,22,0,2,45,1,48,0,9,57,4,70,64,14,78,148
02/01/2013,TXK,AR,ASW,CE,Federal Contract Tower,0,9,7,3,19,0,4,40,0,44,0,13,47,3,63,32,8,40,103
02/02/2013,TXK,AR,ASW,CE,Federal Contract Tower,0,5,6,1,12,0,7,21,1,29,0,12,27,2,41,2,12,14,55
02/03/2013,TXK,AR,ASW,CE,Federal Contract Tower,0,7,3,0,10,0,4,25,0,29,0,11,28,0,39,2,0,2,41
02/04/2013,TXK,AR,ASW,CE,Federal Contract Tower,0,7,16,2,25,0,2,2,14,18,0,9,18,16,43,0,0,0,43
02/05/2013,TXK,AR,ASW,CE,Federal Contract Tower,0,8,20,4,32,0,0,18,0,18,0,8,38,4,50,10,14,24,74
02/06/2013,TXK,AR,ASW,CE,Federal Contract Tower,0,10,12,3,25,0,0,0,1,1,0,10,12,4,26,2,0,2,28
02/07/2013,TXK,AR,ASW,CE,Federal Contract Tower,0,6,10,4,20,0,0,5,1,6,0,6,15,5,26,16,8,24,50
02/08/2013,TXK,AR,ASW,CE,Federal Contract Tower,0,7,14,4,25,0,4,47,2,53,0,11,61,6,78,48,12,60,138
02/09/2013,TXK,AR,ASW,CE,Federal Contract Tower,0,6,2,8,16,0,3,2,0,5,0,9,4,8,21,10,10,20,41
02/10/2013,TXK,AR,ASW,CE,Federal Contract Tower,0,5,4,0,9,0,2,4,0,6,0,7,8,0,15,14,0,14,29
02/11/2013,TXK,AR,ASW,CE,Federal Contract Tower,0,8,16,1,25,0,3,7,1,11,0,11,23,2,36,2,0,2,38
02/12/2013,TXK,AR,ASW,CE,Federal Contract Tower,0,8,7,0,15,0,0,0,0,0,0,8,7,0,15,0,0,0,15
02/13/2013,TXK,AR,ASW,CE,Federal Contract Tower,0,13,10,4,27,0,0,20,2,22,0,13,30,6,49,2,20,22,71
02/14/2013,TXK,AR,ASW,CE,Federal Contract Tower,0,9,12,0,21,0,0,53,0,53,0,9,65,0,74,48,0,48,122
02/15/2013,TXK,AR,ASW,CE,Federal Contract Tower,0,8,10,0,18,0,3,36,0,39,0,11,46,0,57,76,0,76,133
02/16/2013,TXK,AR,ASW,CE,Federal Contract Tower,0,8,2,0,10,0,7,22,0,29,0,15,24,0,39,22,0,22,61
02/17/2013,TXK,AR,ASW,CE,Federal Contract Tower,0,8,8,0,16,0,4,26,0,30,0,12,34,0,46,24,0,24,70
02/18/2013,TXK,AR,ASW,CE,Federal Contract Tower,0,8,7,0,15,0,3,1,0,4,0,11,8,0,19,2,0,2,21
02/19/2013,TXK,AR,ASW,CE,Federal Contract Tower,0,13,8,6,27,0,5,56,2,63,0,18,64,8,90,26,32,58,148
02/20/2013,TXK,AR,ASW,CE,Federal Contract Tower,0,9,11,0,20,0,0,2,0,2,0,9,13,0,22,0,0,0,22
02/21/2013,TXK,AR,ASW,CE,Federal Contract Tower,0,13,5,0,18,0,0,0,0,0,0,13,5,0,18,0,0,0,18
02/22/2013,TXK,AR,ASW,CE,Federal Contract Tower,0,8,6,11,25,0,3,15,1,19,0,11,21,12,44,2,16,18,62
02/23/2013,TXK,AR,ASW,CE,Federal Contract Tower,0,8,4,0,12,0,5,28,0,33,0,13,32,0,45,28,0,28,73
02/24/2013,TXK,AR,ASW,CE,Federal Contract Tower,0,10,3,2,15,0,7,13,0,20,0,17,16,2,35,18,0,18,53
02/25/2013,TXK,AR,ASW,CE,Federal Contract Tower,0,7,9,0,16,0,2,0,0,2,0,9,9,0,18,0,0,0,18
02/26/2013,TXK,AR,ASW,CE,Federal Contract Tower,0,6,11,0,17,0,5,5,0,10,0,11,16,0,27,8,0,8,35
02/27/2013,TXK,AR,ASW,CE,Federal Contract Tower,0,14,10,0,24,0,0,17,0,17,0,14,27,0,41,4,0,4,45
02/28/2013,TXK,AR,ASW,CE,Federal Contract Tower,0,12,10,8,30,0,1,22,19,42,0,13,32,27,72,4,68,72,144
03/01/2013,TXK,AR,ASW,CE,Federal Contract Tower,0,10,21,0,31,0,1,19,2,22,0,11,40,2,53,8,0,8,61
03/02/2013,TXK,AR,ASW,CE,Federal Contract Tower,0,9,4,0,13,0,5,12,0,17,0,14,16,0,30,4,0,4,34
03/03/2013,TXK,AR,ASW,CE,Federal Contract Tower,0,9,10,0,19,0,5,28,0,33,0,14,38,0,52,14,0,14,66
03/04/2013,TXK,AR,ASW,CE,Federal Contract Tower,0,9,8,2,19,0,7,29,0,36,0,16,37,2,55,16,2,18,73
03/05/2013,TXK,AR,ASW,CE,Federal Contract Tower,0,12,14,4,30,0,0,14,2,16,0,12,28,6,46,20,6,26,72
03/06/2013,TXK,AR,ASW,CE,Federal Contract Tower,0,8,20,0,28,0,5,45,1,51,0,13,65,1,79,18,0,18,97
03/07/2013,TXK,AR,ASW,CE,Federal Contract Tower,0,8,16,0,24,0,5,29,0,34,0,13,45,0,58,6,0,6,64
03/08/2013,TXK,AR,ASW,CE,Federal Contract Tower,0,11,18,0,29,0,9,14,0,23,0,20,32,0,52,20,0,20,72
03/09/2013,TXK,AR,ASW,CE,Federal Contract Tower,0,5,4,0,9,0,3,3,4,10,0,8,7,4,19,16,0,16,35
03/10/2013,TXK,AR,ASW,CE,Federal Contract Tower,0,11,8,0,19,0,3,2,0,5,0,14,10,0,24,8,0,8,32
03/11/2013,TXK,AR,ASW,CE,Federal Contract Tower,0,11,3,2,16,0,8,11,3,22,0,19,14,5,38,24,6,30,68
03/12/2013,TXK,AR,ASW,CE,Federal Contract Tower,0,12,5,12,29,0,15,31,1,47,0,27,36,13,76,44,14,58,134
03/13/2013,TXK,AR,ASW,CE,Federal Contract Tower,0,12,15,2,29,0,4,42,1,47,0,16,57,3,76,24,2,26,102
03/14/2013,TXK,AR,ASW,CE,Federal Contract Tower,0,11,3,2,16,0,6,20,0,26,0,17,23,2,42,14,0,14,56
03/15/2013,TXK,AR,ASW,CE,Federal Contract Tower,0,8,8,2,18,0,6,18,0,24,0,14,26,2,42,0,0,0,42
03/16/2013,TXK,AR,ASW,CE,Federal Contract Tower,0,8,3,8,19,0,2,24,2,28,0,10,27,10,47,0,18,18,65
03/17/2013,TXK,AR,ASW,CE,Federal Contract Tower,0,8,9,6,23,0,2,1,0,3,0,10,10,6,26,0,6,6,32
03/18/2013,TXK,AR,ASW,CE,Federal Contract Tower,0,8,13,2,23,0,3,4,0,7,0,11,17,2,30,12,0,12,42
03/19/2013,TXK,AR,ASW,CE,Federal Contract Tower,0,11,8,1,20,0,4,13,1,18,0,15,21,2,38,8,2,10,48
03/20/2013,TXK,AR,ASW,CE,Federal Contract Tower,0,12,13,3,28,0,0,35,1,36,0,12,48,4,64,2,8,10,74
03/21/2013,TXK,AR,ASW,CE,Federal Contract Tower,0,11,7,0,18,0,1,7,6,14,0,12,14,6,32,2,0,2,34
03/22/2013,TXK,AR,ASW,CE,Federal Contract Tower,0,9,10,2,21,0,0,0,0,0,0,9,10,2,21,4,0,4,25
03/23/2013,TXK,AR,ASW,CE,Federal Contract Tower,0,7,1,0,8,0,0,0,0,0,0,7,1,0,8,0,0,0,8
03/24/2013,TXK,AR,ASW,CE,Federal Contract Tower,0,9,5,0,14,0,3,4,12,19,0,12,9,12,33,2,0,2,35
03/25/2013,TXK,AR,ASW,CE,Federal Contract Tower,0,12,5,2,19,0,8,22,0,30,0,20,27,2,49,14,0,14,63
03/26/2013,TXK,AR,ASW,CE,Federal Contract Tower,0,17,27,0,44,0,5,19,0,24,0,22,46,0,68,40,0,40,108
03/27/2013,TXK,AR,ASW,CE,Federal Contract Tower,0,14,9,2,25,0,0,34,3,37,0,14,43,5,62,42,0,42,104
03/28/2013,TXK,AR,ASW,CE,Federal Contract Tower,0,11,8,0,19,0,6,33,0,39,0,17,41,0,58,38,0,38,96
03/29/2013,TXK,AR,ASW,CE,Federal Contract Tower,0,12,6,1,19,0,2,10,0,12,0,14,16,1,31,2,0,2,33
03/30/2013,TXK,AR,ASW,CE,Federal Contract Tower,0,10,5,0,15,0,3,0,0,3,0,13,5,0,18,0,0,0,18
03/31/2013,TXK,AR,ASW,CE,Federal Contract Tower,0,10,1,0,11,0,4,4,0,8,0,14,5,0,19,2,0,2,21
04/01/2013,TXK,AR,ASW,CE,Federal Contract Tower,10,8,6,0,24,0,7,15,0,22,10,15,21,0,46,6,10,16,62
04/02/2013,TXK,AR,ASW,CE,Federal Contract Tower,0,11,16,1,28,0,3,11,0,14,0,14,27,1,42,6,2,8,50
04/03/2013,TXK,AR,ASW,CE,Federal Contract Tower,0,8,14,0,22,0,4,3,0,7,0,12,17,0,29,0,0,0,29
04/04/2013,TXK,AR,ASW,CE,Federal Contract Tower,0,10,16,0,26,0,0,1,0,1,0,10,17,0,27,0,0,0,27
04/05/2013,TXK,AR,ASW,CE,Federal Contract Tower,0,10,6,0,16,0,7,17,0,24,0,17,23,0,40,6,0,6,46
04/06/2013,TXK,AR,ASW,CE,Federal Contract Tower,0,8,3,2,13,0,4,12,0,16,0,12,15,2,29,4,0,4,33
04/07/2013,TXK,AR,ASW,CE,Federal Contract Tower,0,8,11,0,19,0,3,24,6,33,0,11,35,6,52,18,0,18,70
04/08/2013,TXK,AR,ASW,CE,Federal Contract Tower,0,7,13,0,20,0,10,6,8,24,0,17,19,8,44,6,0,6,50
04/09/2013,TXK,AR,ASW,CE,Federal Contract Tower,0,9,11,2,22,0,1,10,0,11,0,10,21,2,33,18,0,18,51
04/10/2013,TXK,AR,ASW,CE,Federal Contract Tower,0,7,15,0,22,0,3,2,0,5,0,10,17,0,27,8,0,8,35
04/11/2013,TXK,AR,ASW,CE,Federal Contract Tower,0,12,5,3,20,0,5,23,0,28,0,17,28,3,48,26,4,30,78
04/12/2013,TXK,AR,ASW,CE,Federal Contract Tower,0,11,14,18,43,0,3,27,2,32,0,14,41,20,75,20,20,40,115
04/13/2013,TXK,AR,ASW,CE,Federal Contract Tower,0,9,10,5,24,0,10,59,0,69,0,19,69,5,93,80,8,88,181
04/14/2013,TXK,AR,ASW,CE,Federal Contract Tower,0,8,6,2,16,0,9,17,0,26,0,17,23,2,42,36,0,36,78
04/15/2013,TXK,AR,ASW,CE,Federal Contract Tower,0,6,18,3,27,0,3,6,0,9,0,9,24,3,36,12,10,22,58
04/16/2013,TXK,AR,ASW,CE,Federal Contract Tower,0,7,26,0,33,0,2,8,0,10,0,9,34,0,43,4,0,4,47
04/17/2013,TXK,AR,ASW,CE,Federal Contract Tower,0,8,19,3,30,0,4,5,1,10,0,12,24,4,40,20,16,36,76
04/18/2013,TXK,AR,ASW,CE,Federal Contract Tower,0,7,5,0,12,0,1,2,1,4,0,8,7,1,16,0,0,0,16
04/19/2013,TXK,AR,ASW,CE,Federal Contract Tower,0,7,25,1,33,0,5,23,1,29,0,12,48,2,62,12,2,14,76
04/20/2013,TXK,AR,ASW,CE,Federal Contract Tower,0,10,4,0,14,0,8,45,0,53,0,18,49,0,67,52,0,52,119
04/21/2013,TXK,AR,ASW,CE,Federal Contract Tower,0,8,5,0,13,0,2,15,0,17,0,10,20,0,30,14,0,14,44
04/22/2013,TXK,AR,ASW,CE,Federal Contract Tower,0,11,7,0,18,0,5,13,0,18,0,16,20,0,36,6,0,6,42
04/23/2013,TXK,AR,ASW,CE,Federal Contract Tower,0,10,17,0,27,0,3,14,0,17,0,13,31,0,44,6,0,6,50
04/24/2013,TXK,AR,ASW,CE,Federal Contract Tower,0,7,14,2,23,0,4,16,2,22,0,11,30,4,45,10,0,10,55
04/25/2013,TXK,AR,ASW,CE,Federal Contract Tower,0,11,17,0,28,0,0,28,2,30,0,11,45,2,58,18,0,18,76
04/26/2013,TXK,AR,ASW,CE,Federal Contract Tower,0,13,8,7,28,0,0,3,4,7,0,13,11,11,35,0,42,42,77
04/27/2013,TXK,AR,ASW,CE,Federal Contract Tower,0,10,9,0,19,0,5,8,0,13,0,15,17,0,32,18,0,18,50
04/28/2013,TXK,AR,ASW,CE,Federal Contract Tower,0,10,12,5,27,0,5,35,7,47,0,15,47,12,74,38,6,44,118
04/29/2013,TXK,AR,ASW,CE,Federal Contract Tower,0,9,5,4,18,0,6,27,2,35,0,15,32,6,53,38,22,60,113
04/30/2013,TXK,AR,ASW,CE,Federal Contract Tower,0,8,11,0,19,0,3,29,0,32,0,11,40,0,51,30,0,30,81
05/01/2013,TXK,AR,ASW,CE,Federal Contract Tower,0,8,25,2,35,0,2,13,0,15,0,10,38,2,50,16,0,16,66
05/02/2013,TXK,AR,ASW,CE,Federal Contract Tower,0,9,17,0,26,0,2,0,0,2,0,11,17,0,28,0,0,0,28
05/03/2013,TXK,AR,ASW,CE,Federal Contract Tower,0,10,17,0,27,0,2,13,0,15,0,12,30,0,42,2,0,2,44
05/04/2013,TXK,AR,ASW,CE,Federal Contract Tower,0,10,5,0,15,0,0,5,12,17,0,10,10,12,32,2,0,2,34
05/05/2013,TXK,AR,ASW,CE,Federal Contract Tower,0,8,8,0,16,0,4,22,0,26,0,12,30,0,42,28,0,28,70
05/06/2013,TXK,AR,ASW,CE,Federal Contract Tower,0,8,14,3,25,0,2,20,2,24,0,10,34,5,49,4,26,30,79
05/07/2013,TXK,AR,ASW,CE,Federal Contract Tower,0,9,10,2,21,0,4,11,0,15,0,13,21,2,36,22,0,22,58
05/08/2013,TXK,AR,ASW,CE,Federal Contract Tower,0,8,9,0,17,0,3,14,0,17,0,11,23,0,34,12,0,12,46
05/09/2013,TXK,AR,ASW,CE,Federal Contract Tower,0,7,14,2,23,0,0,0,0,0,0,7,14,2,23,0,0,0,23
05/10/2013,TXK,AR,ASW,CE,Federal Contract Tower,0,9,10,6,25,0,4,15,0,19,0,13,25,6,44,22,12,34,78
05/11/2013,TXK,AR,ASW,CE,Federal Contract Tower,0,6,2,0,8,0,8,29,0,37,0,14,31,0,45,53,0,53,98
05/12/2013,TXK,AR,ASW,CE,Federal Contract Tower,0,8,3,2,13,0,7,18,1,26,0,15,21,3,39,8,4,12,51
05/13/2013,TXK,AR,ASW,CE,Federal Contract Tower,0,8,3,0,11,0,4,22,3,29,0,12,25,3,40,14,6,20,60
05/14/2013,TXK,AR,ASW,CE,Federal Contract Tower,0,11,11,7,29,0,2,20,1,23,0,13,31,8,52,28,26,54,106
05/15/2013,TXK,AR,ASW,CE,Federal Contract Tower,0,8,13,0,21,0,3,16,0,19,0,11,29,0,40,6,0,6,46
05/16/2013,TXK,AR,ASW,CE,Federal Contract Tower,0,8,15,0,23,0,0,0,0,0,0,8,15,0,23,4,0,4,27
05/17/2013,TXK,AR,ASW,CE,Federal Contract Tower,0,8,23,10,41,0,0,2,2,4,0,8,25,12,45,1,18,19,64
05/18/2013,TXK,AR,ASW,CE,Federal Contract Tower,0,9,7,0,16,0,2,14,0,16,0,11,21,0,32,0,0,0,32
05/19/2013,TXK,AR,ASW,CE,Federal Contract Tower,0,10,9,0,19,0,0,18,0,18,0,10,27,0,37,18,0,18,55
05/20/2013,TXK,AR,ASW,CE,Federal Contract Tower,0,9,16,0,25,0,5,15,0,20,0,14,31,0,45,2,0,2,47
05/21/2013,TXK,AR,ASW,CE,Federal Contract Tower,0,4,7,0,11,0,0,1,0,1,0,4,8,0,12,0,0,0,12
05/22/2013,TXK,AR,ASW,CE,Federal Contract Tower,0,10,19,0,29,0,0,16,0,16,0,10,35,0,45,36,0,36,81
05/23/2013,TXK,AR,ASW,CE,Federal Contract Tower,0,13,10,2,25,0,4,26,6,36,0,17,36,8,61,48,0,48,109
05/24/2013,TXK,AR,ASW,CE,Federal Contract Tower,0,11,13,0,24,0,3,17,10,30,0,14,30,10,54,13,0,13,67
05/25/2013,TXK,AR,ASW,CE,Federal Contract Tower,0,5,11,1,17,0,0,8,7,15,0,5,19,8,32,5,0,5,37
05/26/2013,TXK,AR,ASW,CE,Federal Contract Tower,0,4,6,1,11,0,2,15,9,26,0,6,21,10,37,8,0,8,45
05/27/2013,TXK,AR,ASW,CE,Federal Contract Tower,0,7,10,0,17,0,5,3,0,8,0,12,13,0,25,6,0,6,31
05/28/2013,TXK,AR,ASW,CE,Federal Contract Tower,0,8,19,3,30,0,7,27,5,39,0,15,46,8,69,52,0,52,121
05/29/2013,TXK,AR,ASW,CE,Federal Contract Tower,0,14,25,2,41,0,4,8,0,12,0,18,33,2,53,4,4,8,61
05/30/2013,TXK,AR,ASW,CE,Federal Contract Tower,0,13,8,0,21,0,2,5,0,7,0,15,13,0,28,0,0,0,28
05/31/2013,TXK,AR,ASW,CE,Federal Contract Tower,0,10,26,0,36,0,2,14,0,16,0,12,40,0,52,16,0,16,68
06/01/2013,TXK,AR,ASW,CE,Federal Contract Tower,0,8,6,0,14,0,0,0,0,0,0,8,6,0,14,0,0,0,14
06/02/2013,TXK,AR,ASW,CE,Federal Contract Tower,0,11,11,0,22,0,10,20,0,30,0,21,31,0,52,24,0,24,76
06/03/2013,TXK,AR,ASW,CE,Federal Contract Tower,0,10,10,0,20,0,7,25,0,32,0,17,35,0,52,30,0,30,82
06/04/2013,TXK,AR,ASW,CE,Federal Contract Tower,0,8,8,1,17,0,2,23,1,26,0,10,31,2,43,5,2,7,50
06/05/2013,TXK,AR,ASW,CE,Federal Contract Tower,0,11,15,0,26,0,3,33,0,36,0,14,48,0,62,26,0,26,88
06/06/2013,TXK,AR,ASW,CE,Federal Contract Tower,0,10,8,0,18,0,0,8,0,8,0,10,16,0,26,0,0,0,26
06/07/2013,TXK,AR,ASW,CE,Federal Contract Tower,0,12,14,0,26,0,1,46,2,49,0,13,60,2,75,13,2,15,90
06/08/2013,TXK,AR,ASW,CE,Federal Contract Tower,0,10,7,0,17,0,9,30,0,39,0,19,37,0,56,13,0,13,69
06/09/2013,TXK,AR,ASW,CE,Federal Contract Tower,0,8,7,4,19,0,3,11,0,14,0,11,18,4,33,4,4,8,41
06/10/2013,TXK,AR,ASW,CE,Federal Contract Tower,0,10,10,0,20,0,0,25,0,25,0,10,35,0,45,32,0,32,77
06/11/2013,TXK,AR,ASW,CE,Federal Contract Tower,0,12,11,0,23,0,1,15,0,16,0,13,26,0,39,6,0,6,45
06/12/2013,TXK,AR,ASW,CE,Federal Contract Tower,0,12,8,4,24,0,0,27,4,31,0,12,35,8,55,14,0,14,69
06/13/2013,TXK,AR,ASW,CE,Federal Contract Tower,0,11,4,2,17,0,1,7,0,8,0,12,11,2,25,2,0,2,27
06/14/2013,TXK,AR,ASW,CE,Federal Contract Tower,0,11,6,2,19,0,5,17,0,22,0,16,23,2,41,20,0,20,61
06/15/2013,TXK,AR,ASW,CE,Federal Contract Tower,0,6,7,0,13,0,3,13,0,16,0,9,20,0,29,15,0,15,44
06/16/2013,TXK,AR,ASW,CE,Federal Contract Tower,0,8,8,0,16,0,2,10,0,12,0,10,18,0,28,2,0,2,30
06/17/2013,TXK,AR,ASW,CE,Federal Contract Tower,0,3,5,0,8,0,3,11,0,14,0,6,16,0,22,4,0,4,26
06/18/2013,TXK,AR,ASW,CE,Federal Contract Tower,0,13,26,2,41,0,4,20,8,32,0,17,46,10,73,26,0,26,99
06/19/2013,TXK,AR,ASW,CE,Federal Contract Tower,0,8,15,0,23,0,5,17,6,28,0,13,32,6,51,26,0,26,77
06/20/2013,TXK,AR,ASW,CE,Federal Contract Tower,0,10,20,4,34,0,5,36,0,41,0,15,56,4,75,24,0,24,99
06/21/2013,TXK,AR,ASW,CE,Federal Contract Tower,0,7,13,4,24,0,9,28,1,38,0,16,41,5,62,8,18,26,88
06/22/2013,TXK,AR,ASW,CE,Federal Contract Tower,0,10,4,0,14,0,0,10,0,10,0,10,14,0,24,4,0,4,28
06/23/2013,TXK,AR,ASW,CE,Federal Contract Tower,0,7,6,0,13,0,5,11,0,16,0,12,17,0,29,28,0,28,57
06/24/2013,TXK,AR,ASW,CE,Federal Contract Tower,0,6,9,0,15,0,6,10,20,36,0,12,19,20,51,2,0,2,53
06/25/2013,TXK,AR,ASW,CE,Federal Contract Tower,0,9,17,3,29,0,0,12,1,13,0,9,29,4,42,4,22,26,68
06/26/2013,TXK,AR,ASW,CE,Federal Contract Tower,0,8,18,2,28,0,3,22,0,25,0,11,40,2,53,4,0,4,57
06/27/2013,TXK,AR,ASW,CE,Federal Contract Tower,0,10,11,2,23,0,2,10,2,14,0,12,21,4,37,0,0,0,37
06/28/2013,TXK,AR,ASW,CE,Federal Contract Tower,0,13,13,0,26,0,5,15,0,20,0,18,28,0,46,2,0,2,48
06/29/2013,TXK,AR,ASW,CE,Federal Contract Tower,0,8,6,1,15,0,5,16,1,22,0,13,22,2,37,0,8,8,45
06/30/2013,TXK,AR,ASW,CE,Federal Contract Tower,0,10,10,2,22,0,6,28,0,34,0,16,38,2,56,36,0,36,92
07/01/2013,TXK,AR,ASW,CE,Federal Contract Tower,0,6,12,0,18,4,24,0,0,28,4,30,12,0,46,34,0,34,80
07/02/2013,TXK,AR,ASW,CE,Federal Contract Tower,0,9,4,6,19,0,5,22,3,30,0,14,26,9,49,12,22,34,83
07/03/2013,TXK,AR,ASW,CE,Federal Contract Tower,0,7,16,6,29,0,5,21,3,29,0,12,37,9,58,20,16,36,94
07/04/2013,TXK,AR,ASW,CE,Federal Contract Tower,0,4,5,0,9,0,3,8,0,11,0,7,13,0,20,0,0,0,20
07/05/2013,TXK,AR,ASW,CE,Federal Contract Tower,0,6,7,0,13,0,12,18,0,30,0,18,25,0,43,22,0,22,65
07/06/2013,TXK,AR,ASW,CE,Federal Contract Tower,0,6,0,0,6,0,0,20,0,20,0,6,20,0,26,8,0,8,34
07/07/2013,TXK,AR,ASW,CE,Federal Contract Tower,0,9,8,0,17,0,1,5,0,6,0,10,13,0,23,4,0,4,27
07/08/2013,TXK,AR,ASW,CE,Federal Contract Tower,0,6,15,0,21,0,5,13,0,18,0,11,28,0,39,40,0,40,79
07/09/2013,TXK,AR,ASW,CE,Federal Contract Tower,0,5,9,3,17,0,5,15,3,23,0,10,24,6,40,2,6,8,48
07/10/2013,TXK,AR,ASW,CE,Federal Contract Tower,0,10,13,2,25,0,4,17,8,29,0,14,30,10,54,4,0,4,58
07/11/2013,TXK,AR,ASW,CE,Federal Contract Tower,11,17,4,0,32,0,6,15,3,24,11,23,19,3,56,40,6,46,102
07/12/2013,TXK,AR,ASW,CE,Federal Contract Tower,0,7,11,2,20,0,1,23,4,28,0,8,34,6,48,4,4,8,56
07/13/2013,TXK,AR,ASW,CE,Federal Contract Tower,0,10,3,4,17,0,4,19,1,24,0,14,22,5,41,28,6,34,75
07/14/2013,TXK,AR,ASW,CE,Federal Contract Tower,0,9,10,4,23,0,12,12,1,25,0,21,22,5,48,18,12,30,78
07/15/2013,TXK,AR,ASW,CE,Federal Contract Tower,0,10,10,5,25,0,0,6,1,7,0,10,16,6,32,6,24,30,62
07/16/2013,TXK,AR,ASW,CE,Federal Contract Tower,0,10,6,0,16,0,12,12,0,24,0,22,18,0,40,0,0,0,40
07/17/2013,TXK,AR,ASW,CE,Federal Contract Tower,0,11,7,2,20,0,1,27,0,28,0,12,34,2,48,16,0,16,64
07/18/2013,TXK,AR,ASW,CE,Federal Contract Tower,0,6,4,3,13,0,4,15,0,19,0,10,19,3,32,18,4,22,54
07/19/2013,TXK,AR,ASW,CE,Federal Contract Tower,0,7,6,0,13,0,4,13,0,17,0,11,19,0,30,30,0,30,60
07/20/2013,TXK,AR,ASW,CE,Federal Contract Tower,0,8,0,4,12,0,6,4,2,12,0,14,4,6,24,0,8,8,32
07/21/2013,TXK,AR,ASW,CE,Federal Contract Tower,0,4,3,1,8,0,2,5,1,8,0,6,8,2,16,6,8,14,30
07/22/2013,TXK,AR,ASW,CE,Federal Contract Tower,0,8,11,17,36,0,8,11,2,21,0,16,22,19,57,0,80,80,137
07/23/2013,TXK,AR,ASW,CE,Federal Contract Tower,0,11,7,4,22,0,5,16,2,23,0,16,23,6,45,26,2,28,73
07/24/2013,TXK,AR,ASW,CE,Federal Contract Tower,0,11,8,0,19,0,16,11,1,28,0,27,19,1,47,14,0,14,61
07/25/2013,TXK,AR,ASW,CE,Federal Contract Tower,0,9,7,0,16,0,0,28,7,35,0,9,35,7,51,32,10,42,93
07/26/2013,TXK,AR,ASW,CE,Federal Contract Tower,0,6,12,0,18,0,0,0,0,0,0,6,12,0,18,0,0,0,18
07/27/2013,TXK,AR,ASW,CE,Federal Contract Tower,0,6,8,0,14,0,3,14,4,21,0,9,22,4,35,24,0,24,59
07/28/2013,TXK,AR,ASW,CE,Federal Contract Tower,0,12,9,0,21,0,3,24,0,27,0,15,33,0,48,12,4,16,64
07/29/2013,TXK,AR,ASW,CE,Federal Contract Tower,0,10,6,0,16,0,4,17,0,21,0,14,23,0,37,8,0,8,45
07/30/2013,TXK,AR,ASW,CE,Federal Contract Tower,0,8,8,3,19,0,1,16,1,18,0,9,24,4,37,20,6,26,63
07/31/2013,TXK,AR,ASW,CE,Federal Contract Tower,0,11,10,4,25,0,0,9,0,9,0,11,19,4,34,10,0,10,44
08/01/2013,TXK,AR,ASW,CE,Federal Contract Tower,0,6,14,10,30,0,6,9,1,16,0,12,23,11,46,12,28,40,86
08/02/2013,TXK,AR,ASW,CE,Federal Contract Tower,0,10,9,12,31,0,0,20,0,20,0,10,29,12,51,4,4,8,59
08/03/2013,TXK,AR,ASW,CE,Federal Contract Tower,0,7,10,0,17,0,3,14,0,17,0,10,24,0,34,18,0,18,52
08/04/2013,TXK,AR,ASW,CE,Federal Contract Tower,0,7,6,0,13,0,1,18,0,19,0,8,24,0,32,18,0,18,50
08/05/2013,TXK,AR,ASW,CE,Federal Contract Tower,0,9,16,0,25,0,2,13,0,15,0,11,29,0,40,2,0,2,42
08/06/2013,TXK,AR,ASW,CE,Federal Contract Tower,0,7,12,0,19,0,3,22,0,25,0,10,34,0,44,26,0,26,70
08/07/2013,TXK,AR,ASW,CE,Federal Contract Tower,0,11,16,7,34,0,2,21,1,24,0,13,37,8,58,40,4,44,102
08/08/2013,TXK,AR,ASW,CE,Federal Contract Tower,0,8,18,4,30,0,1,16,0,17,0,9,34,4,47,22,14,36,83
08/09/2013,TXK,AR,ASW,CE,Federal Contract Tower,0,15,12,0,27,0,7,22,0,29,0,22,34,0,56,8,0,8,64
08/10/2013,TXK,AR,ASW,CE,Federal Contract Tower,0,7,7,0,14,0,2,22,0,24,0,9,29,0,38,18,0,18,56
08/11/2013,TXK,AR,ASW,CE,Federal Contract Tower,0,8,4,0,12,0,0,20,0,20,0,8,24,0,32,2,0,2,34
08/12/2013,TXK,AR,ASW,CE,Federal Contract Tower,0,8,8,2,18,0,4,23,0,27,0,12,31,2,45,32,2,34,79
08/13/2013,TXK,AR,ASW,CE,Federal Contract Tower,0,9,17,0,26,0,0,5,0,5,0,9,22,0,31,0,0,0,31
08/14/2013,TXK,AR,ASW,CE,Federal Contract Tower,0,7,13,2,22,0,6,18,0,24,0,13,31,2,46,4,2,6,52
08/15/2013,TXK,AR,ASW,CE,Federal Contract Tower,0,8,10,4,22,0,4,30,0,34,0,12,40,4,56,14,0,14,70
08/16/2013,TXK,AR,ASW,CE,Federal Contract Tower,0,10,12,0,22,0,0,21,4,25,0,10,33,4,47,8,0,8,55
08/17/2013,TXK,AR,ASW,CE,Federal Contract Tower,0,7,3,6,16,0,3,25,5,33,0,10,28,11,49,48,18,66,115
08/18/2013,TXK,AR,ASW,CE,Federal Contract Tower,0,8,6,2,16,0,4,33,0,37,0,12,39,2,53,21,0,21,74
08/19/2013,TXK,AR,ASW,CE,Federal Contract Tower,0,6,4,3,13,0,5,15,8,28,0,11,19,11,41,16,20,36,77
08/20/2013,TXK,AR,ASW,CE,Federal Contract Tower,0,7,8,2,17,0,0,13,1,14,0,7,21,3,31,4,2,6,37
08/21/2013,TXK,AR,ASW,CE,Federal Contract Tower,0,6,12,7,25,0,3,13,21,37,0,9,25,28,62,4,6,10,72
08/22/2013,TXK,AR,ASW,CE,Federal Contract Tower,0,8,10,7,25,0,4,19,5,28,0,12,29,12,53,8,18,26,79
08/23/2013,TXK,AR,ASW,CE,Federal Contract Tower,0,8,6,14,28,0,2,10,2,14,0,10,16,16,42,12,28,40,82
08/24/2013,TXK,AR,ASW,CE,Federal Contract Tower,0,6,3,0,9,0,0,5,0,5,0,6,8,0,14,2,0,2,16
08/25/2013,TXK,AR,ASW,CE,Federal Contract Tower,0,8,6,9,23,0,8,15,1,24,0,16,21,10,47,6,6,12,59
08/26/2013,TXK,AR,ASW,CE,Federal Contract Tower,0,9,7,5,21,0,3,25,3,31,0,12,32,8,52,16,56,72,124
08/27/2013,TXK,AR,ASW,CE,Federal Contract Tower,0,8,11,0,19,0,2,25,6,33,0,10,36,6,52,18,0,18,70
08/28/2013,TXK,AR,ASW,CE,Federal Contract Tower,0,11,11,4,26,0,0,15,6,21,0,11,26,10,47,4,32,36,83
08/29/2013,TXK,AR,ASW,CE,Federal Contract Tower,0,9,23,2,34,0,6,20,4,30,0,15,43,6,64,6,14,20,84
08/30/2013,TXK,AR,ASW,CE,Federal Contract Tower,0,8,4,2,14,0,0,14,3,17,0,8,18,5,31,12,0,12,43
08/31/2013,TXK,AR,ASW,CE,Federal Contract Tower,0,5,6,0,11,0,7,23,0,30,0,12,29,0,41,20,0,20,61
09/01/2013,TXK,AR,ASW,CE,Federal Contract Tower,0,3,2,0,5,0,3,10,0,13,0,6,12,0,18,16,0,16,34
09/02/2013,TXK,AR,ASW,CE,Federal Contract Tower,0,7,8,0,15,0,2,11,0,13,0,9,19,0,28,14,0,14,42
09/03/2013,TXK,AR,ASW,CE,Federal Contract Tower,0,7,10,8,25,0,6,13,5,24,0,13,23,13,49,12,22,34,83
09/04/2013,TXK,AR,ASW,CE,Federal Contract Tower,0,6,5,4,15,0,7,6,1,14,0,13,11,5,29,6,7,13,42
09/05/2013,TXK,AR,ASW,CE,Federal Contract Tower,0,5,11,0,16,0,1,15,0,16,0,6,26,0,32,2,0,2,34
09/06/2013,TXK,AR,ASW,CE,Federal Contract Tower,0,11,11,4,26,0,3,23,2,28,0,14,34,6,54,10,48,58,112
09/07/2013,TXK,AR,ASW,CE,Federal Contract Tower,0,4,6,0,10,0,5,29,0,34,0,9,35,0,44,36,0,36,80
09/08/2013,TXK,AR,ASW,CE,Federal Contract Tower,0,8,8,0,16,0,4,11,0,15,0,12,19,0,31,14,0,14,45
09/09/2013,TXK,AR,ASW,CE,Federal Contract Tower,0,6,7,2,15,0,6,21,0,27,0,12,28,2,42,14,0,14,56
09/10/2013,TXK,AR,ASW,CE,Federal Contract Tower,0,9,5,1,15,0,4,17,0,21,0,13,22,1,36,4,4,8,44
09/11/2013,TXK,AR,ASW,CE,Federal Contract Tower,0,9,10,0,19,0,0,19,8,27,0,9,29,8,46,20,0,20,66
09/12/2013,TXK,AR,ASW,CE,Federal Contract Tower,0,13,9,3,25,0,0,17,3,20,0,13,26,6,45,18,6,24,69
09/13/2013,TXK,AR,ASW,CE,Federal Contract Tower,0,7,16,0,23,0,2,10,0,12,0,9,26,0,35,10,0,10,45
09/14/2013,TXK,AR,ASW,CE,Federal Contract Tower,0,5,9,0,14,0,2,9,0,11,0,7,18,0,25,0,0,0,25
09/15/2013,TXK,AR,ASW,CE,Federal Contract Tower,0,6,10,0,16,0,5,22,0,27,0,11,32,0,43,20,0,20,63
09/16/2013,TXK,AR,ASW,CE,Federal Contract Tower,0,8,6,6,20,0,6,29,4,39,0,14,35,10,59,38,26,64,123
09/17/2013,TXK,AR,ASW,CE,Federal Contract Tower,0,6,10,6,22,0,6,18,2,26,0,12,28,8,48,32,30,62,110
09/18/2013,TXK,AR,ASW,CE,Federal Contract Tower,0,8,5,0,13,0,2,14,6,22,0,10,19,6,35,8,0,8,43
09/19/2013,TXK,AR,ASW,CE,Federal Contract Tower,0,11,6,6,23,0,13,19,4,36,0,24,25,10,59,4,48,52,111
09/20/2013,TXK,AR,ASW,CE,Federal Contract Tower,0,7,3,0,10,0,0,0,0,0,0,7,3,0,10,4,0,4,14
09/21/2013,TXK,AR,ASW,CE,Federal Contract Tower,0,7,10,2,19,0,6,30,2,38,0,13,40,4,57,6,2,8,65
09/22/2013,TXK,AR,ASW,CE,Federal Contract Tower,0,9,18,2,29,0,4,30,2,36,0,13,48,4,65,32,0,32,97
09/23/2013,TXK,AR,ASW,CE,Federal Contract Tower,0,6,19,0,25,0,5,36,0,41,0,11,55,0,66,16,0,16,82
09/24/2013,TXK,AR,ASW,CE,Federal Contract Tower,0,9,8,2,19,0,7,12,6,25,0,16,20,8,44,14,0,14,58
09/25/2013,TXK,AR,ASW,CE,Federal Contract Tower,0,9,12,7,28,0,0,14,3,17,0,9,26,10,45,4,38,42,87
09/26/2013,TXK,AR,ASW,CE,Federal Contract Tower,0,12,12,3,27,0,5,24,10,39,0,17,36,13,66,0,40,40,106
09/27/2013,TXK,AR,ASW,CE,Federal Contract Tower,0,7,12,2,21,0,5,31,0,36,0,12,43,2,57,36,0,36,93
09/28/2013,TXK,AR,ASW,CE,Federal Contract Tower,0,8,2,0,10,0,1,11,0,12,0,9,13,0,22,30,0,30,52
09/29/2013,TXK,AR,ASW,CE,Federal Contract Tower,0,5,7,0,12,0,3,1,0,4,0,8,8,0,16,0,0,0,16
09/30/2013,TXK,AR,ASW,CE,Federal Contract Tower,0,8,10,2,20,0,2,7,0,9,0,10,17,2,29,2,0,2,31
10/01/2013,TXK,AR,ASW,CE,Federal Contract Tower,0,11,13,0,24,0,5,8,0,13,0,16,21,0,37,14,0,14,51
10/02/2013,TXK,AR,ASW,CE,Federal Contract Tower,0,8,9,3,20,0,4,18,2,24,0,12,27,5,44,28,14,42,86
10/03/2013,TXK,AR,ASW,CE,Federal Contract Tower,0,8,6,0,14,0,0,10,0,10,0,8,16,0,24,0,0,0,24
10/04/2013,TXK,AR,ASW,CE,Federal Contract Tower,0,8,14,0,22,0,0,17,0,17,0,8,31,0,39,10,0,10,49
10/05/2013,TXK,AR,ASW,CE,Federal Contract Tower,0,4,7,0,11,0,3,1,0,4,0,7,8,0,15,4,0,4,19
10/06/2013,TXK,AR,ASW,CE,Federal Contract Tower,0,7,13,0,20,0,3,25,0,28,0,10,38,0,48,16,0,16,64
10/07/2013,TXK,AR,ASW,CE,Federal Contract Tower,0,6,6,1,13,0,10,25,2,37,0,16,31,3,50,32,6,38,88
10/08/2013,TXK,AR,ASW,CE,Federal Contract Tower,0,8,7,0,15,0,3,29,0,32,0,11,36,0,47,88,0,88,135
10/09/2013,TXK,AR,ASW,CE,Federal Contract Tower,0,7,16,0,23,0,4,30,0,34,0,11,46,0,57,42,0,42,99
10/10/2013,TXK,AR,ASW,CE,Federal Contract Tower,0,8,18,2,28,0,2,28,1,31,0,10,46,3,59,16,18,34,93
10/11/2013,TXK,AR,ASW,CE,Federal Contract Tower,0,8,11,4,23,0,2,11,2,15,0,10,22,6,38,0,18,18,56
10/12/2013,TXK,AR,ASW,CE,Federal Contract Tower,0,4,12,0,16,0,0,2,0,2,0,4,14,0,18,2,0,2,20
10/13/2013,TXK,AR,ASW,CE,Federal Contract Tower,0,7,17,0,24,0,3,0,0,3,0,10,17,0,27,4,0,4,31
10/14/2013,TXK,AR,ASW,CE,Federal Contract Tower,0,5,12,0,17,0,0,17,0,17,0,5,29,0,34,8,0,8,42
10/15/2013,TXK,AR,ASW,CE,Federal Contract Tower,0,8,12,0,20,0,0,0,0,0,0,8,12,0,20,0,0,0,20
10/16/2013,TXK,AR,ASW,CE,Federal Contract Tower,0,11,34,0,45,0,0,1,0,1,0,11,35,0,46,0,0,0,46
10/17/2013,TXK,AR,ASW,CE,Federal Contract Tower,0,13,9,0,22,0,3,45,0,48,0,16,54,0,70,16,0,16,86
10/18/2013,TXK,AR,ASW,CE,Federal Contract Tower,0,9,26,5,40,0,0,46,0,46,0,9,72,5,86,28,6,34,120
10/19/2013,TXK,AR,ASW,CE,Federal Contract Tower,0,6,6,1,13,0,6,14,1,21,0,12,20,2,34,14,0,14,48
10/20/2013,TXK,AR,ASW,CE,Federal Contract Tower,0,8,9,0,17,0,7,31,0,38,0,15,40,0,55,34,0,34,89
10/21/2013,TXK,AR,ASW,CE,Federal Contract Tower,0,11,5,3,19,0,5,25,1,31,0,16,30,4,50,24,16,40,90
10/22/2013,TXK,AR,ASW,CE,Federal Contract Tower,0,9,10,2,21,0,3,33,0,36,0,12,43,2,57,88,2,90,147
10/23/2013,TXK,AR,ASW,CE,Federal Contract Tower,0,12,10,3,25,0,10,17,2,29,0,22,27,5,54,16,32,48,102
10/24/2013,TXK,AR,ASW,CE,Federal Contract Tower,0,7,17,4,28,0,0,23,0,23,0,7,40,4,51,4,0,4,55
10/25/2013,TXK,AR,ASW,CE,Federal Contract Tower,0,11,13,0,24,0,9,15,0,24,0,20,28,0,48,20,0,20,68
10/26/2013,TXK,AR,ASW,CE,Federal Contract Tower,0,9,6,0,15,0,4,16,0,20,0,13,22,0,35,20,0,20,55
10/27/2013,TXK,AR,ASW,CE,Federal Contract Tower,0,10,13,0,23,0,4,4,0,8,0,14,17,0,31,4,0,4,35
10/28/2013,TXK,AR,ASW,CE,Federal Contract Tower,0,7,7,12,26,0,0,10,2,12,0,7,17,14,38,26,72,98,136
10/29/2013,TXK,AR,ASW,CE,Federal Contract Tower,0,13,17,4,34,0,0,5,3,8,0,13,22,7,42,12,44,56,98
10/30/2013,TXK,AR,ASW,CE,Federal Contract Tower,0,7,16,2,25,0,0,0,6,6,0,7,16,8,31,0,0,0,31
10/31/2013,TXK,AR,ASW,CE,Federal Contract Tower,0,15,11,0,26,0,2,11,0,13,0,17,22,0,39,20,0,20,59
11/01/2013,TXK,AR,ASW,CE,Federal Contract Tower,0,14,24,7,45,0,0,48,3,51,0,14,72,10,96,38,2,40,136
11/02/2013,TXK,AR,ASW,CE,Federal Contract Tower,0,7,3,0,10,0,5,15,0,20,0,12,18,0,30,4,0,4,34
11/03/2013,TXK,AR,ASW,CE,Federal Contract Tower,0,8,15,0,23,0,2,15,0,17,0,10,30,0,40,16,0,16,56
11/04/2013,TXK,AR,ASW,CE,Federal Contract Tower,0,22,14,3,39,0,4,6,1,11,0,26,20,4,50,16,0,16,66
11/05/2013,TXK,AR,ASW,CE,Federal Contract Tower,0,8,12,2,22,0,0,8,0,8,0,8,20,2,30,16,0,16,46
11/06/2013,TXK,AR,ASW,CE,Federal Contract Tower,0,10,7,0,17,0,0,2,0,2,0,10,9,0,19,0,0,0,19
11/07/2013,TXK,AR,ASW,CE,Federal Contract Tower,0,6,15,0,21,0,6,26,0,32,0,12,41,0,53,10,0,10,63
11/08/2013,TXK,AR,ASW,CE,Federal Contract Tower,0,11,6,0,17,0,3,30,2,35,0,14,36,2,52,10,4,14,66
11/09/2013,TXK,AR,ASW,CE,Federal Contract Tower,0,5,4,0,9,0,2,22,0,24,0,7,26,0,33,4,0,4,37
11/10/2013,TXK,AR,ASW,CE,Federal Contract Tower,0,8,2,0,10,0,8,24,2,34,0,16,26,2,44,16,0,16,60
11/11/2013,TXK,AR,ASW,CE,Federal Contract Tower,0,6,8,0,14,0,3,22,0,25,0,9,30,0,39,20,0,20,59
11/12/2013,TXK,AR,ASW,CE,Federal Contract Tower,0,10,5,2,17,0,0,21,1,22,0,10,26,3,39,60,16,76,115
11/13/2013,TXK,AR,ASW,CE,Federal Contract Tower,0,9,7,2,18,0,2,47,0,49,0,11,54,2,67,78,0,78,145
11/14/2013,TXK,AR,ASW,CE,Federal Contract Tower,0,8,15,5,28,0,6,32,5,43,0,14,47,10,71,40,20,60,131
11/15/2013,TXK,AR,ASW,CE,Federal Contract Tower,0,11,13,5,29,0,0,3,1,4,0,11,16,6,33,0,18,18,51
11/16/2013,TXK,AR,ASW,CE,Federal Contract Tower,0,8,9,4,21,0,0,2,0,2,0,8,11,4,23,0,0,0,23
11/17/2013,TXK,AR,ASW,CE,Federal Contract Tower,0,9,4,0,13,0,9,10,0,19,0,18,14,0,32,18,0,18,50
11/18/2013,TXK,AR,ASW,CE,Federal Contract Tower,0,7,4,8,19,0,2,15,2,19,0,9,19,10,38,10,34,44,82
11/19/2013,TXK,AR,ASW,CE,Federal Contract Tower,0,9,13,2,24,0,6,35,8,49,0,15,48,10,73,18,12,30,103
11/20/2013,TXK,AR,ASW,CE,Federal Contract Tower,0,9,9,1,19,0,1,18,7,26,0,10,27,8,45,12,20,32,77
11/21/2013,TXK,AR,ASW,CE,Federal Contract Tower,0,10,18,0,28,0,0,2,0,2,0,10,20,0,30,6,0,6,36
11/22/2013,TXK,AR,ASW,CE,Federal Contract Tower,0,5,13,0,18,0,0,0,0,0,0,5,13,0,18,2,0,2,20
11/23/2013,TXK,AR,ASW,CE,Federal Contract Tower,0,8,8,0,16,0,0,2,0,2,0,8,10,0,18,0,0,0,18
11/24/2013,TXK,AR,ASW,CE,Federal Contract Tower,0,4,9,0,13,0,4,15,0,19,0,8,24,0,32,2,0,2,34
11/25/2013,TXK,AR,ASW,CE,Federal Contract Tower,0,4,3,0,7,0,0,0,0,0,0,4,3,0,7,0,0,0,7
11/26/2013,TXK,AR,ASW,CE,Federal Contract Tower,0,9,4,1,14,0,4,3,2,9,0,13,7,3,23,2,8,10,33
11/27/2013,TXK,AR,ASW,CE,Federal Contract Tower,0,12,10,4,26,0,0,33,4,37,0,12,43,8,63,31,20,51,114
11/28/2013,TXK,AR,ASW,CE,Federal Contract Tower,0,3,6,0,9,0,2,13,0,15,0,5,19,0,24,30,0,30,54
11/29/2013,TXK,AR,ASW,CE,Federal Contract Tower,0,6,5,0,11,0,4,25,2,31,0,10,30,2,42,24,0,24,66
11/30/2013,TXK,AR,ASW,CE,Federal Contract Tower,0,6,5,0,11,0,0,22,0,22,0,6,27,0,33,33,0,33,66
12/01/2013,TXK,AR,ASW,CE,Federal Contract Tower,0,9,19,0,28,0,6,14,0,20,0,15,33,0,48,6,0,6,54
12/02/2013,TXK,AR,ASW,CE,Federal Contract Tower,0,9,3,0,12,0,0,10,0,10,0,9,13,0,22,6,0,6,28
12/03/2013,TXK,AR,ASW,CE,Federal Contract Tower,0,10,9,2,21,0,0,14,2,16,0,10,23,4,37,2,2,4,41
12/04/2013,TXK,AR,ASW,CE,Federal Contract Tower,0,10,11,4,25,0,0,21,0,21,0,10,32,4,46,10,2,12,58
12/05/2013,TXK,AR,ASW,CE,Federal Contract Tower,0,10,6,0,16,0,0,0,0,0,0,10,6,0,16,0,0,0,16
12/06/2013,TXK,AR,ASW,CE,Federal Contract Tower,0,0,1,0,1,0,0,2,0,2,0,0,3,0,3,0,0,0,3
12/07/2013,TXK,AR,ASW,CE,Federal Contract Tower,0,4,8,0,12,0,3,0,0,3,0,7,8,0,15,4,0,4,19
12/08/2013,TXK,AR,ASW,CE,Federal Contract Tower,0,2,8,0,10,0,0,0,0,0,0,2,8,0,10,0,0,0,10
12/09/2013,TXK,AR,ASW,CE,Federal Contract Tower,0,4,9,2,15,0,0,0,0,0,0,4,9,2,15,0,4,4,19
12/10/2013,TXK,AR,ASW,CE,Federal Contract Tower,0,7,3,4,14,0,5,27,13,45,0,12,30,17,59,8,28,36,95
12/11/2013,TXK,AR,ASW,CE,Federal Contract Tower,0,9,7,0,16,0,7,38,0,45,0,16,45,0,61,44,0,44,105
12/12/2013,TXK,AR,ASW,CE,Federal Contract Tower,0,11,13,0,24,0,1,29,2,32,0,12,42,2,56,20,6,26,82
12/13/2013,TXK,AR,ASW,CE,Federal Contract Tower,0,11,8,7,26,0,0,4,1,5,0,11,12,8,31,0,0,0,31
12/14/2013,TXK,AR,ASW,CE,Federal Contract Tower,0,4,4,0,8,0,6,2,0,8,0,10,6,0,16,10,0,10,26
12/15/2013,TXK,AR,ASW,CE,Federal Contract Tower,0,10,9,0,19,0,10,16,0,26,0,20,25,0,45,26,0,26,71
12/16/2013,TXK,AR,ASW,CE,Federal Contract Tower,0,9,7,0,16,0,5,27,0,32,0,14,34,0,48,24,0,24,72
12/17/2013,TXK,AR,ASW,CE,Federal Contract Tower,0,20,15,3,38,0,4,36,2,42,0,24,51,5,80,24,2,26,106
12/18/2013,TXK,AR,ASW,CE,Federal Contract Tower,0,9,11,0,20,0,3,32,2,37,0,12,43,2,57,22,0,22,79
12/19/2013,TXK,AR,ASW,CE,Federal Contract Tower,0,6,28,0,34,0,3,16,4,23,0,9,44,4,57,2,8,10,67
12/20/2013,TXK,AR,ASW,CE,Federal Contract Tower,0,12,13,0,25,0,0,2,0,2,0,12,15,0,27,8,0,8,35
12/21/2013,TXK,AR,ASW,CE,Federal Contract Tower,0,5,0,0,5,0,0,0,0,0,0,5,0,0,5,0,0,0,5
12/22/2013,TXK,AR,ASW,CE,Federal Contract Tower,0,8,5,0,13,0,5,3,0,8,0,13,8,0,21,0,0,0,21
12/23/2013,TXK,AR,ASW,CE,Federal Contract Tower,0,8,10,1,19,0,0,25,1,26,0,8,35,2,45,44,6,50,95
12/24/2013,TXK,AR,ASW,CE,Federal Contract Tower,0,7,12,0,19,0,3,19,0,22,0,10,31,0,41,18,0,18,59
12/25/2013,TXK,AR,ASW,CE,Federal Contract Tower,0,3,6,0,9,0,6,10,0,16,0,9,16,0,25,4,0,4,29
12/26/2013,TXK,AR,ASW,CE,Federal Contract Tower,0,10,11,0,21,0,5,19,0,24,0,15,30,0,45,14,0,14,59
12/27/2013,TXK,AR,ASW,CE,Federal Contract Tower,0,9,7,1,17,0,2,35,0,37,0,11,42,1,54,28,8,36,90
12/28/2013,TXK,AR,ASW,CE,Federal Contract Tower,0,7,4,0,11,0,2,20,0,22,0,9,24,0,33,10,0,10,43
12/29/2013,TXK,AR,ASW,CE,Federal Contract Tower,0,9,7,0,16,0,1,28,0,29,0,10,35,0,45,16,0,16,61
12/30/2013,TXK,AR,ASW,CE,Federal Contract Tower,0,11,8,2,21,0,2,0,0,2,0,13,8,2,23,0,0,0,23
12/31/2013,TXK,AR,ASW,CE,Federal Contract Tower,0,5,7,0,12,0,9,23,0,32,0,14,30,0,44,10,0,10,54
01/01/2014,TXK,AR,ASW,CE,Federal Contract Tower,0,6,1,0,7,0,6,35,0,41,0,12,36,0,48,36,0,36,84
01/02/2014,TXK,AR,ASW,CE,Federal Contract Tower,0,12,6,1,19,0,8,5,1,14,0,20,11,2,33,4,0,4,37
01/03/2014,TXK,AR,ASW,CE,Federal Contract Tower,0,10,5,6,21,0,7,25,1,33,0,17,30,7,54,12,10,22,76
01/04/2014,TXK,AR,ASW,CE,Federal Contract Tower,0,4,7,0,11,0,7,11,0,18,0,11,18,0,29,12,0,12,41
01/05/2014,TXK,AR,ASW,CE,Federal Contract Tower,0,12,3,0,15,0,3,0,0,3,0,15,3,0,18,0,0,0,18
01/06/2014,TXK,AR,ASW,CE,Federal Contract Tower,0,7,1,1,9,0,0,15,0,15,0,7,16,1,24,2,0,2,26
01/07/2014,TXK,AR,ASW,CE,Federal Contract Tower,0,8,8,2,18,0,0,17,0,17,0,8,25,2,35,0,4,4,39
01/08/2014,TXK,AR,ASW,CE,Federal Contract Tower,0,9,4,0,13,0,2,0,0,2,0,11,4,0,15,2,0,2,17
01/09/2014,TXK,AR,ASW,CE,Federal Contract Tower,0,6,10,0,16,0,0,0,0,0,0,6,10,0,16,0,0,0,16
01/10/2014,TXK,AR,ASW,CE,Federal Contract Tower,0,8,5,0,13,0,0,0,0,0,0,8,5,0,13,4,0,4,17
01/11/2014,TXK,AR,ASW,CE,Federal Contract Tower,0,5,6,1,12,0,3,39,0,42,0,8,45,1,54,34,0,34,88
01/12/2014,TXK,AR,ASW,CE,Federal Contract Tower,0,8,0,0,8,0,4,20,0,24,0,12,20,0,32,16,0,16,48
01/13/2014,TXK,AR,ASW,CE,Federal Contract Tower,0,12,13,3,28,0,11,25,5,41,0,23,38,8,69,26,18,44,113
01/14/2014,TXK,AR,ASW,CE,Federal Contract Tower,0,8,6,0,14,0,7,29,0,36,0,15,35,0,50,46,0,46,96
01/15/2014,TXK,AR,ASW,CE,Federal Contract Tower,0,12,15,0,27,0,6,41,4,51,0,18,56,4,78,48,8,56,134
01/16/2014,TXK,AR,ASW,CE,Federal Contract Tower,0,8,10,1,19,0,1,23,7,31,0,9,33,8,50,12,22,34,84
01/17/2014,TXK,AR,ASW,CE,Federal Contract Tower,0,8,10,0,18,0,4,16,0,20,0,12,26,0,38,0,0,0,38
01/18/2014,TXK,AR,ASW,CE,Federal Contract Tower,0,5,4,1,10,0,2,12,2,16,0,7,16,3,26,4,4,8,34
01/19/2014,TXK,AR,ASW,CE,Federal Contract Tower,0,9,6,0,15,0,9,35,0,44,0,18,41,0,59,16,0,16,75
01/20/2014,TXK,AR,ASW,CE,Federal Contract Tower,0,9,9,0,18,0,6,26,0,32,0,15,35,0,50,32,0,32,82
01/21/2014,TXK,AR,ASW,CE,Federal Contract Tower,0,6,11,1,18,0,6,19,1,26,0,12,30,2,44,12,4,16,60
01/22/2014,TXK,AR,ASW,CE,Federal Contract Tower,0,7,11,0,18,0,3,22,2,27,0,10,33,2,45,4,0,4,49
01/23/2014,TXK,AR,ASW,CE,Federal Contract Tower,0,8,14,6,28,0,3,4,6,13,0,11,18,12,41,2,0,2,43
01/24/2014,TXK,AR,ASW,CE,Federal Contract Tower,0,11,5,1,17,0,6,22,3,31,0,17,27,4,48,4,0,4,52
01/25/2014,TXK,AR,ASW,CE,Federal Contract Tower,0,4,6,0,10,0,5,37,0,42,0,9,43,0,52,32,0,32,84
01/26/2014,TXK,AR,ASW,CE,Federal Contract Tower,0,8,5,6,19,0,5,27,0,32,0,13,32,6,51,32,4,36,87
01/27/2014,TXK,AR,ASW,CE,Federal Contract Tower,0,11,12,0,23,0,8,18,0,26,0,19,30,0,49,4,0,4,53
01/28/2014,TXK,AR,ASW,CE,Federal Contract Tower,0,10,3,4,17,0,3,14,1,18,0,13,17,5,35,0,24,24,59
01/29/2014,TXK,AR,ASW,CE,Federal Contract Tower,0,7,7,0,14,0,0,31,1,32,0,7,38,1,46,26,0,26,72
01/30/2014,TXK,AR,ASW,CE,Federal Contract Tower,0,13,11,5,29,0,4,6,8,18,0,17,17,13,47,4,27,31,78
01/31/2014,TXK,AR,ASW,CE,Federal Contract Tower,0,10,13,7,30,0,6,3,0,9,0,16,16,7,39,0,6,6,45
02/01/2014,TXK,AR,ASW,CE,Federal Contract Tower,0,8,12,0,20,0,0,3,0,3,0,8,15,0,23,16,0,16,39
02/02/2014,TXK,AR,ASW,CE,Federal Contract Tower,0,4,2,0,6,0,0,0,0,0,0,4,2,0,6,0,0,0,6
02/03/2014,TXK,AR,ASW,CE,Federal Contract Tower,0,11,7,3,21,0,4,22,0,26,0,15,29,3,47,42,4,46,93
02/04/2014,TXK,AR,ASW,CE,Federal Contract Tower,0,7,2,0,9,0,2,0,0,2,0,9,2,0,11,2,0,2,13
02/05/2014,TXK,AR,ASW,CE,Federal Contract Tower,0,7,17,0,24,0,2,5,3,10,0,9,22,3,34,0,0,0,34
02/06/2014,TXK,AR,ASW,CE,Federal Contract Tower,0,5,4,0,9,0,9,5,2,16,0,14,9,2,25,6,0,6,31
02/07/2014,TXK,AR,ASW,CE,Federal Contract Tower,0,8,6,2,16,0,5,6,6,17,0,13,12,8,33,2,0,2,35
02/08/2014,TXK,AR,ASW,CE,Federal Contract Tower,0,6,7,4,17,0,0,0,0,0,0,6,7,4,17,0,0,0,17
02/09/2014,TXK,AR,ASW,CE,Federal Contract Tower,0,9,1,0,10,0,0,0,0,0,0,9,1,0,10,2,0,2,12
02/10/2014,TXK,AR,ASW,CE,Federal Contract Tower,0,8,10,0,18,0,0,0,0,0,0,8,10,0,18,2,0,2,20
02/11/2014,TXK,AR,ASW,CE,Federal Contract Tower,0,6,5,0,11,0,1,2,2,5,0,7,7,2,16,2,0,2,18
02/12/2014,TXK,AR,ASW,CE,Federal Contract Tower,0,10,7,4,21,0,5,11,0,16,0,15,18,4,37,10,8,18,55
02/13/2014,TXK,AR,ASW,CE,Federal Contract Tower,0,6,5,0,11,0,3,20,5,28,0,9,25,5,39,30,6,36,75
02/14/2014,TXK,AR,ASW,CE,Federal Contract Tower,0,11,2,2,15,0,7,13,2,22,0,18,15,4,37,0,0,0,37
02/15/2014,TXK,AR,ASW,CE,Federal Contract Tower,0,4,10,0,14,0,2,59,23,84,0,6,69,23,98,24,0,24,122
02/16/2014,TXK,AR,ASW,CE,Federal Contract Tower,0,8,6,0,14,0,4,16,12,32,0,12,22,12,46,24,0,24,70
02/17/2014,TXK,AR,ASW,CE,Federal Contract Tower,0,12,9,0,21,0,10,13,0,23,0,22,22,0,44,48,0,48,92
02/18/2014,TXK,AR,ASW,CE,Federal Contract Tower,0,7,8,4,19,0,6,27,0,33,0,13,35,4,52,24,2,26,78
02/19/2014,TXK,AR,ASW,CE,Federal Contract Tower,0,11,19,6,36,0,0,2,0,2,0,11,21,6,38,4,4,8,46
02/20/2014,TXK,AR,ASW,CE,Federal Contract Tower,0,7,11,0,18,0,0,2,0,2,0,7,13,0,20,8,0,8,28
02/21/2014,TXK,AR,ASW,CE,Federal Contract Tower,0,11,7,0,18,0,10,34,0,44,0,21,41,0,62,40,0,40,102
02/22/2014,TXK,AR,ASW,CE,Federal Contract Tower,0,6,7,0,13,0,2,30,0,32,0,8,37,0,45,30,0,30,75
02/23/2014,TXK,AR,ASW,CE,Federal Contract Tower,0,13,12,2,27,0,13,33,0,46,0,26,45,2,73,70,0,70,143
02/24/2014,TXK,AR,ASW,CE,Federal Contract Tower,0,9,14,2,25,0,3,9,2,14,0,12,23,4,39,2,0,2,41
02/25/2014,TXK,AR,ASW,CE,Federal Contract Tower,0,8,13,2,23,0,4,8,2,14,0,12,21,4,37,18,18,36,73
02/26/2014,TXK,AR,ASW,CE,Federal Contract Tower,0,10,13,0,23,0,5,9,0,14,0,15,22,0,37,2,0,2,39
02/27/2014,TXK,AR,ASW,CE,Federal Contract Tower,0,16,15,10,41,0,5,18,14,37,0,21,33,24,78,4,50,54,132
02/28/2014,TXK,AR,ASW,CE,Federal Contract Tower,0,9,11,2,22,0,0,1,0,1,0,9,12,2,23,0,0,0,23
03/01/2014,TXK,AR,ASW,CE,Federal Contract Tower,0,8,7,0,15,0,2,0,0,2,0,10,7,0,17,2,0,2,19
03/02/2014,TXK,AR,ASW,CE,Federal Contract Tower,0,2,2,0,4,0,0,0,0,0,0,2,2,0,4,0,0,0,4
03/03/2014,TXK,AR,ASW,CE,Federal Contract Tower,0,2,8,0,10,0,0,0,0,0,0,2,8,0,10,0,0,0,10
03/04/2014,TXK,AR,ASW,CE,Federal Contract Tower,0,6,9,0,15,0,5,9,0,14,0,11,18,0,29,8,0,8,37
03/05/2014,TXK,AR,ASW,CE,Federal Contract Tower,0,9,10,2,21,0,3,3,5,11,0,12,13,7,32,0,2,2,34
03/06/2014,TXK,AR,ASW,CE,Federal Contract Tower,0,9,6,1,16,0,6,25,3,34,0,15,31,4,50,24,6,30,80
03/07/2014,TXK,AR,ASW,CE,Federal Contract Tower,0,10,8,2,20,0,0,38,0,38,0,10,46,2,58,40,0,40,98
03/08/2014,TXK,AR,ASW,CE,Federal Contract Tower,0,10,5,4,19,0,7,14,0,21,0,17,19,4,40,30,0,30,70
03/09/2014,TXK,AR,ASW,CE,Federal Contract Tower,0,5,9,0,14,0,0,0,0,0,0,5,9,0,14,0,0,0,14
03/10/2014,TXK,AR,ASW,CE,Federal Contract Tower,0,10,2,0,12,0,4,12,0,16,0,14,14,0,28,6,0,6,34
03/11/2014,TXK,AR,ASW,CE,Federal Contract Tower,0,6,8,0,14,0,7,10,2,19,0,13,18,2,33,2,0,2,35
03/12/2014,TXK,AR,ASW,CE,Federal Contract Tower,0,11,10,4,25,0,4,7,6,17,0,15,17,10,42,2,82,84,126
03/13/2014,TXK,AR,ASW,CE,Federal Contract Tower,0,9,4,0,13,0,10,39,13,62,0,19,43,13,75,26,0,26,101
03/14/2014,TXK,AR,ASW,CE,Federal Contract Tower,0,8,8,0,16,0,8,13,6,27,0,16,21,6,43,0,0,0,43
03/15/2014,TXK,AR,ASW,CE,Federal Contract Tower,0,4,6,0,10,0,0,2,0,2,0,4,8,0,12,0,0,0,12
03/16/2014,TXK,AR,ASW,CE,Federal Contract Tower,0,6,9,2,17,0,1,3,0,4,0,7,12,2,21,2,4,6,27
03/17/2014,TXK,AR,ASW,CE,Federal Contract Tower,0,11,10,4,25,0,7,22,1,30,0,18,32,5,55,36,2,38,93
03/18/2014,TXK,AR,ASW,CE,Federal Contract Tower,0,9,14,2,25,0,3,13,2,18,0,12,27,4,43,14,0,14,57
03/19/2014,TXK,AR,ASW,CE,Federal Contract Tower,0,16,9,2,27,0,4,27,0,31,0,20,36,2,58,28,0,28,86
03/20/2014,TXK,AR,ASW,CE,Federal Contract Tower,0,17,16,2,35,0,3,21,2,26,0,20,37,4,61,10,24,34,95
03/21/2014,TXK,AR,ASW,CE,Federal Contract Tower,0,9,10,0,19,0,6,24,0,30,0,15,34,0,49,20,0,20,69
03/22/2014,TXK,AR,ASW,CE,Federal Contract Tower,0,4,4,0,8,0,0,3,0,3,0,4,7,0,11,0,0,0,11
03/23/2014,TXK,AR,ASW,CE,Federal Contract Tower,0,6,10,0,16,0,3,10,0,13,0,9,20,0,29,40,0,40,69
03/24/2014,TXK,AR,ASW,CE,Federal Contract Tower,0,9,7,3,19,0,3,18,0,21,0,12,25,3,40,72,10,82,122
03/25/2014,TXK,AR,ASW,CE,Federal Contract Tower,0,9,6,0,15,0,1,28,0,29,0,10,34,0,44,24,0,24,68
03/26/2014,TXK,AR,ASW,CE,Federal Contract Tower,0,11,13,2,26,0,1,8,2,11,0,12,21,4,37,46,0,46,83
03/27/2014,TXK,AR,ASW,CE,Federal Contract Tower,0,9,16,0,25,0,0,2,0,2,0,9,18,0,27,2,0,2,29
03/28/2014,TXK,AR,ASW,CE,Federal Contract Tower,0,6,12,0,18,0,1,5,0,6,0,7,17,0,24,0,0,0,24
03/29/2014,TXK,AR,ASW,CE,Federal Contract Tower,0,4,14,1,19,0,5,20,13,38,0,9,34,14,57,8,2,10,67
03/30/2014,TXK,AR,ASW,CE,Federal Contract Tower,0,12,3,0,15,0,5,22,9,36,0,17,25,9,51,34,0,34,85
03/31/2014,TXK,AR,ASW,CE,Federal Contract Tower,0,8,5,2,15,0,3,11,0,14,0,11,16,2,29,18,0,18,47
04/01/2014,TXK,AR,ASW,CE,Federal Contract Tower,0,13,8,2,23,0,2,5,0,7,0,15,13,2,30,28,0,28,58
04/02/2014,TXK,AR,ASW,CE,Federal Contract Tower,0,12,9,0,21,0,0,5,0,5,0,12,14,0,26,16,0,16,42
04/03/2014,TXK,AR,ASW,CE,Federal Contract Tower,0,6,10,0,16,0,3,3,0,6,0,9,13,0,22,0,0,0,22
04/04/2014,TXK,AR,ASW,CE,Federal Contract Tower,0,8,8,6,22,0,5,14,16,35,0,13,22,22,57,4,54,58,115
04/05/2014,TXK,AR,ASW,CE,Federal Contract Tower,0,4,5,3,12,0,6,12,4,22,0,10,17,7,34,16,8,24,58
04/06/2014,TXK,AR,ASW,CE,Federal Contract Tower,0,3,6,0,9,0,0,0,0,0,0,3,6,0,9,0,0,0,9
04/07/2014,TXK,AR,ASW,CE,Federal Contract Tower,0,13,11,3,27,0,4,14,1,19,0,17,25,4,46,38,28,66,112
04/08/2014,TXK,AR,ASW,CE,Federal Contract Tower,0,7,10,0,17,0,4,15,0,19,0,11,25,0,36,8,0,8,44
04/09/2014,TXK,AR,ASW,CE,Federal Contract Tower,0,7,12,1,20,0,0,26,0,26,0,7,38,1,46,6,2,8,54
04/10/2014,TXK,AR,ASW,CE,Federal Contract Tower,0,15,17,11,43,0,4,18,12,34,0,19,35,23,77,6,74,80,157
04/11/2014,TXK,AR,ASW,CE,Federal Contract Tower,0,7,16,1,24,0,1,24,0,25,0,8,40,1,49,14,20,34,83
04/12/2014,TXK,AR,ASW,CE,Federal Contract Tower,0,7,2,0,9,0,9,19,0,28,0,16,21,0,37,56,0,56,93
04/13/2014,TXK,AR,ASW,CE,Federal Contract Tower,0,11,4,0,15,0,6,1,0,7,0,17,5,0,22,2,0,2,24
04/14/2014,TXK,AR,ASW,CE,Federal Contract Tower,0,5,6,0,11,0,2,0,0,2,0,7,6,0,13,0,0,0,13
04/15/2014,TXK,AR,ASW,CE,Federal Contract Tower,0,9,6,0,15,0,5,20,1,26,0,14,26,1,41,2,0,2,43
04/16/2014,TXK,AR,ASW,CE,Federal Contract Tower,0,6,6,2,14,0,2,23,7,32,0,8,29,9,46,30,32,62,108
04/17/2014,TXK,AR,ASW,CE,Federal Contract Tower,0,9,14,0,23,0,0,26,0,26,0,9,40,0,49,8,0,8,57
04/18/2014,TXK,AR,ASW,CE,Federal Contract Tower,0,9,10,3,22,0,11,17,5,33,0,20,27,8,55,4,18,22,77
04/19/2014,TXK,AR,ASW,CE,Federal Contract Tower,0,4,5,0,9,0,8,47,0,55,0,12,52,0,64,36,0,36,100
04/20/2014,TXK,AR,ASW,CE,Federal Contract Tower,0,8,5,0,13,0,9,22,0,31,0,17,27,0,44,6,0,6,50
04/21/2014,TXK,AR,ASW,CE,Federal Contract Tower,0,3,4,4,11,0,1,10,2,13,0,4,14,6,24,4,16,20,44
04/22/2014,TXK,AR,ASW,CE,Federal Contract Tower,0,13,15,0,28,0,2,40,4,46,0,15,55,4,74,56,0,56,130
04/23/2014,TXK,AR,ASW,CE,Federal Contract Tower,0,11,20,0,31,0,2,24,0,26,0,13,44,0,57,0,0,0,57
04/24/2014,TXK,AR,ASW,CE,Federal Contract Tower,0,14,10,0,24,0,0,5,0,5,0,14,15,0,29,0,0,0,29
04/25/2014,TXK,AR,ASW,CE,Federal Contract Tower,0,11,4,0,15,0,4,35,0,39,0,15,39,0,54,32,0,32,86
04/26/2014,TXK,AR,ASW,CE,Federal Contract Tower,0,6,5,0,11,0,6,24,0,30,0,12,29,0,41,30,0,30,71
04/27/2014,TXK,AR,ASW,CE,Federal Contract Tower,0,7,8,2,17,0,7,2,0,9,0,14,10,2,26,2,2,4,30
04/28/2014,TXK,AR,ASW,CE,Federal Contract Tower,0,13,21,0,34,0,6,13,1,20,0,19,34,1,54,4,0,4,58
04/29/2014,TXK,AR,ASW,CE,Federal Contract Tower,0,13,9,0,22,0,11,16,0,27,0,24,25,0,49,36,0,36,85
04/30/2014,TXK,AR,ASW,CE,Federal Contract Tower,0,8,13,3,24,0,7,14,5,26,0,15,27,8,50,14,4,18,68
05/01/2014,TXK,AR,ASW,CE,Federal Contract Tower,0,8,4,1,13,0,9,18,4,31,0,17,22,5,44,16,10,26,70
05/02/2014,TXK,AR,ASW,CE,Federal Contract Tower,0,9,9,0,18,0,5,16,0,21,0,14,25,0,39,4,0,4,43
05/03/2014,TXK,AR,ASW,CE,Federal Contract Tower,0,6,10,0,16,0,0,27,0,27,0,6,37,0,43,0,0,0,43
05/04/2014,TXK,AR,ASW,CE,Federal Contract Tower,0,10,10,0,20,0,12,21,4,37,0,22,31,4,57,18,0,18,75
05/05/2014,TXK,AR,ASW,CE,Federal Contract Tower,0,9,12,0,21,0,7,14,2,23,0,16,26,2,44,16,0,16,60
05/06/2014,TXK,AR,ASW,CE,Federal Contract Tower,0,9,3,0,12,0,0,7,1,8,0,9,10,1,20,8,0,8,28
05/07/2014,TXK,AR,ASW,CE,Federal Contract Tower,0,13,5,0,18,0,2,10,0,12,0,15,15,0,30,6,0,6,36
05/08/2014,TXK,AR,ASW,CE,Federal Contract Tower,0,5,9,0,14,0,2,3,0,5,0,7,12,0,19,0,0,0,19
05/09/2014,TXK,AR,ASW,CE,Federal Contract Tower,0,6,10,2,18,0,0,8,0,8,0,6,18,2,26,4,0,4,30
05/10/2014,TXK,AR,ASW,CE,Federal Contract Tower,0,8,14,0,22,0,4,15,0,19,0,12,29,0,41,10,0,10,51
05/11/2014,TXK,AR,ASW,CE,Federal Contract Tower,0,5,10,0,15,0,3,8,0,11,0,8,18,0,26,8,0,8,34
05/12/2014,TXK,AR,ASW,CE,Federal Contract Tower,0,8,9,0,17,0,6,5,0,11,0,14,14,0,28,10,0,10,38
05/13/2014,TXK,AR,ASW,CE,Federal Contract Tower,0,10,6,0,16,0,3,3,0,6,0,13,9,0,22,4,0,4,26
05/14/2014,TXK,AR,ASW,CE,Federal Contract Tower,0,8,12,0,20,0,2,3,1,6,0,10,15,1,26,0,0,0,26
05/15/2014,TXK,AR,ASW,CE,Federal Contract Tower,0,9,8,0,17,0,2,23,0,25,0,11,31,0,42,0,0,0,42
05/16/2014,TXK,AR,ASW,CE,Federal Contract Tower,0,7,9,1,17,0,14,36,14,64,0,21,45,15,81,32,0,32,113
05/17/2014,TXK,AR,ASW,CE,Federal Contract Tower,0,11,6,0,17,0,8,23,2,33,0,19,29,2,50,8,0,8,58
05/18/2014,TXK,AR,ASW,CE,Federal Contract Tower,0,11,11,0,22,0,6,12,4,22,0,17,23,4,44,12,0,12,56
05/19/2014,TXK,AR,ASW,CE,Federal Contract Tower,0,5,10,3,18,0,3,22,8,33,0,8,32,11,51,44,28,72,123
05/20/2014,TXK,AR,ASW,CE,Federal Contract Tower,0,12,11,4,27,0,6,11,3,20,0,18,22,7,47,20,0,20,67
05/21/2014,TXK,AR,ASW,CE,Federal Contract Tower,0,9,20,3,32,0,0,12,2,14,0,9,32,5,46,4,4,8,54
05/22/2014,TXK,AR,ASW,CE,Federal Contract Tower,0,8,14,2,24,0,3,14,2,19,0,11,28,4,43,0,0,0,43
05/23/2014,TXK,AR,ASW,CE,Federal Contract Tower,0,10,11,0,21,0,4,36,0,40,0,14,47,0,61,32,0,32,93
05/24/2014,TXK,AR,ASW,CE,Federal Contract Tower,0,6,5,0,11,0,7,7,0,14,0,13,12,0,25,12,0,12,37
05/25/2014,TXK,AR,ASW,CE,Federal Contract Tower,0,4,4,0,8,0,2,11,0,13,0,6,15,0,21,8,0,8,29
05/26/2014,TXK,AR,ASW,CE,Federal Contract Tower,0,5,10,0,15,0,0,13,0,13,0,5,23,0,28,6,0,6,34
05/27/2014,TXK,AR,ASW,CE,Federal Contract Tower,0,10,9,0,19,0,6,4,0,10,0,16,13,0,29,2,0,2,31
05/28/2014,TXK,AR,ASW,CE,Federal Contract Tower,0,8,9,0,17,0,3,7,0,10,0,11,16,0,27,6,0,6,33
05/29/2014,TXK,AR,ASW,CE,Federal Contract Tower,0,5,13,0,18,0,4,12,0,16,0,9,25,0,34,14,0,14,48
05/30/2014,TXK,AR,ASW,CE,Federal Contract Tower,0,7,19,2,28,0,0,4,0,4,0,7,23,2,32,0,0,0,32
05/31/2014,TXK,AR,ASW,CE,Federal Contract Tower,0,8,6,0,14,0,2,0,0,2,0,10,6,0,16,0,0,0,16
06/01/2014,TXK,AR,ASW,CE,Federal Contract Tower,0,8,17,0,25,0,2,6,4,12,0,10,23,4,37,4,0,4,41
06/02/2014,TXK,AR,ASW,CE,Federal Contract Tower,0,13,10,0,23,0,8,12,2,22,0,21,22,2,45,6,0,6,51
06/03/2014,TXK,AR,ASW,CE,Federal Contract Tower,0,14,15,0,29,0,2,25,2,29,0,16,40,2,58,10,0,10,68
06/04/2014,TXK,AR,ASW,CE,Federal Contract Tower,0,6,17,4,27,0,3,18,3,24,0,9,35,7,51,20,54,74,125
06/05/2014,TXK,AR,ASW,CE,Federal Contract Tower,0,7,13,5,25,0,5,18,4,27,0,12,31,9,52,30,36,66,118
06/06/2014,TXK,AR,ASW,CE,Federal Contract Tower,0,6,10,2,18,0,4,8,0,12,0,10,18,2,30,20,2,22,52
06/07/2014,TXK,AR,ASW,CE,Federal Contract Tower,0,11,4,0,15,0,3,25,14,42,0,14,29,14,57,17,0,17,74
06/08/2014,TXK,AR,ASW,CE,Federal Contract Tower,0,5,5,0,10,0,2,7,0,9,0,7,12,0,19,6,0,6,25
06/09/2014,TXK,AR,ASW,CE,Federal Contract Tower,0,3,2,0,5,0,0,2,0,2,0,3,4,0,7,0,0,0,7
06/10/2014,TXK,AR,ASW,CE,Federal Contract Tower,0,5,11,0,16,0,10,8,2,20,0,15,19,2,36,6,0,6,42
06/11/2014,TXK,AR,ASW,CE,Federal Contract Tower,0,6,12,2,20,0,8,22,1,31,0,14,34,3,51,32,16,48,99
06/12/2014,TXK,AR,ASW,CE,Federal Contract Tower,0,7,12,8,27,0,1,6,0,7,0,8,18,8,34,0,8,8,42
06/13/2014,TXK,AR,ASW,CE,Federal Contract Tower,0,8,4,3,15,0,3,26,0,29,0,11,30,3,44,44,0,44,88
06/14/2014,TXK,AR,ASW,CE,Federal Contract Tower,0,7,8,0,15,0,1,12,0,13,0,8,20,0,28,12,0,12,40
06/15/2014,TXK,AR,ASW,CE,Federal Contract Tower,0,9,11,0,20,0,6,27,0,33,0,15,38,0,53,18,0,18,71
06/16/2014,TXK,AR,ASW,CE,Federal Contract Tower,0,8,14,3,25,0,3,20,2,25,0,11,34,5,50,20,20,40,90
06/17/2014,TXK,AR,ASW,CE,Federal Contract Tower,0,6,13,0,19,0,15,17,0,32,0,21,30,0,51,34,0,34,85
06/18/2014,TXK,AR,ASW,CE,Federal Contract Tower,0,5,10,4,19,0,3,1,1,5,0,8,11,5,24,2,4,6,30
06/19/2014,TXK,AR,ASW,CE,Federal Contract Tower,0,8,19,4,31,0,0,19,0,19,0,8,38,4,50,14,0,14,64
06/20/2014,TXK,AR,ASW,CE,Federal Contract Tower,0,10,7,2,19,0,1,36,0,37,0,11,43,2,56,46,0,46,102
06/21/2014,TXK,AR,ASW,CE,Federal Contract Tower,0,6,3,6,15,0,2,20,10,32,0,8,23,16,47,34,4,38,85
06/22/2014,TXK,AR,ASW,CE,Federal Contract Tower,0,7,8,0,15,0,0,12,0,12,0,7,20,0,27,6,0,6,33
06/23/2014,TXK,AR,ASW,CE,Federal Contract Tower,0,5,12,0,17,0,2,16,0,18,0,7,28,0,35,4,0,4,39
06/24/2014,TXK,AR,ASW,CE,Federal Contract Tower,0,14,14,6,34,0,5,6,3,14,0,19,20,9,48,14,42,56,104
06/25/2014,TXK,AR,ASW,CE,Federal Contract Tower,0,5,13,0,18,0,0,11,0,11,0,5,24,0,29,18,0,18,47
06/26/2014,TXK,AR,ASW,CE,Federal Contract Tower,0,8,12,2,22,0,9,13,0,22,0,17,25,2,44,14,0,14,58
06/27/2014,TXK,AR,ASW,CE,Federal Contract Tower,0,9,11,2,22,0,6,3,0,9,0,15,14,2,31,18,0,18,49
06/28/2014,TXK,AR,ASW,CE,Federal Contract Tower,0,7,10,0,17,0,1,10,0,11,0,8,20,0,28,16,0,16,44
06/29/2014,TXK,AR,ASW,CE,Federal Contract Tower,0,6,7,0,13,0,1,18,0,19,0,7,25,0,32,25,0,25,57
06/30/2014,TXK,AR,ASW,CE,Federal Contract Tower,0,8,7,4,19,0,2,17,2,21,0,10,24,6,40,14,6,20,60
07/01/2014,TXK,AR,ASW,CE,Federal Contract Tower,0,6,12,6,24,0,1,21,6,28,0,7,33,12,52,40,16,56,108
07/02/2014,TXK,AR,ASW,CE,Federal Contract Tower,0,9,10,2,21,0,1,17,0,18,0,10,27,2,39,6,2,8,47
07/03/2014,TXK,AR,ASW,CE,Federal Contract Tower,0,5,11,1,17,0,7,19,0,26,0,12,30,1,43,2,0,2,45
07/04/2014,TXK,AR,ASW,CE,Federal Contract Tower,0,4,1,1,6,0,9,19,0,28,0,13,20,1,34,0,0,0,34
07/05/2014,TXK,AR,ASW,CE,Federal Contract Tower,0,5,3,0,8,0,5,17,0,22,0,10,20,0,30,2,0,2,32
07/06/2014,TXK,AR,ASW,CE,Federal Contract Tower,0,7,2,0,9,0,5,14,0,19,0,12,16,0,28,18,0,18,46
07/07/2014,TXK,AR,ASW,CE,Federal Contract Tower,0,13,9,0,22,0,13,26,0,39,0,26,35,0,61,54,0,54,115
07/08/2014,TXK,AR,ASW,CE,Federal Contract Tower,0,9,3,7,19,0,1,14,2,17,0,10,17,9,36,2,46,48,84
07/09/2014,TXK,AR,ASW,CE,Federal Contract Tower,0,10,6,0,16,0,6,12,4,22,0,16,18,4,38,10,4,14,52
07/10/2014,TXK,AR,ASW,CE,Federal Contract Tower,0,11,11,1,23,0,0,14,0,14,0,11,25,1,37,36,2,38,75
07/11/2014,TXK,AR,ASW,CE,Federal Contract Tower,0,6,6,16,28,0,2,22,3,27,0,8,28,19,55,14,14,28,83
07/12/2014,TXK,AR,ASW,CE,Federal Contract Tower,0,9,7,5,21,0,3,30,0,33,0,12,37,5,54,22,12,34,88
07/13/2014,TXK,AR,ASW,CE,Federal Contract Tower,0,7,5,0,12,0,1,18,2,21,0,8,23,2,33,28,0,28,61
07/14/2014,TXK,AR,ASW,CE,Federal Contract Tower,0,10,9,6,25,0,0,17,1,18,0,10,26,7,43,6,40,46,89
07/15/2014,TXK,AR,ASW,CE,Federal Contract Tower,0,5,3,1,9,0,2,20,0,22,0,7,23,1,31,38,2,40,71
07/16/2014,TXK,AR,ASW,CE,Federal Contract Tower,0,6,11,0,17,0,3,37,0,40,0,9,48,0,57,46,0,46,103
07/17/2014,TXK,AR,ASW,CE,Federal Contract Tower,0,1,5,0,6,0,0,2,0,2,0,1,7,0,8,0,0,0,8
07/18/2014,TXK,AR,ASW,CE,Federal Contract Tower,0,3,5,2,10,0,1,8,0,9,0,4,13,2,19,4,0,4,23
07/19/2014,TXK,AR,ASW,CE,Federal Contract Tower,0,7,2,4,13,0,4,24,2,30,0,11,26,6,43,46,0,46,89
07/20/2014,TXK,AR,ASW,CE,Federal Contract Tower,0,6,9,3,18,0,1,16,0,17,0,7,25,3,35,2,0,2,37
07/21/2014,TXK,AR,ASW,CE,Federal Contract Tower,0,5,14,0,19,0,1,16,0,17,0,6,30,0,36,12,0,12,48
07/22/2014,TXK,AR,ASW,CE,Federal Contract Tower,0,8,10,11,29,0,3,18,3,24,0,11,28,14,53,24,48,72,125
07/23/2014,TXK,AR,ASW,CE,Federal Contract Tower,0,11,11,0,22,0,2,22,0,24,0,13,33,0,46,32,0,32,78
07/24/2014,TXK,AR,ASW,CE,Federal Contract Tower,0,9,15,3,27,0,0,9,2,11,0,9,24,5,38,10,0,10,48
07/25/2014,TXK,AR,ASW,CE,Federal Contract Tower,0,8,17,6,31,0,16,22,1,39,0,24,39,7,70,50,8,58,128
07/26/2014,TXK,AR,ASW,CE,Federal Contract Tower,0,7,2,0,9,0,5,13,0,18,0,12,15,0,27,18,0,18,45
07/27/2014,TXK,AR,ASW,CE,Federal Contract Tower,0,6,6,0,12,0,2,17,0,19,0,8,23,0,31,8,0,8,39
07/28/2014,TXK,AR,ASW,CE,Federal Contract Tower,0,7,4,6,17,0,8,33,2,43,0,15,37,8,60,36,12,48,108
07/29/2014,TXK,AR,ASW,CE,Federal Contract Tower,0,7,13,0,20,0,5,21,4,30,0,12,34,4,50,34,0,34,84
07/30/2014,TXK,AR,ASW,CE,Federal Contract Tower,0,8,11,2,21,0,0,14,2,16,0,8,25,4,37,4,0,4,41
07/31/2014,TXK,AR,ASW,CE,Federal Contract Tower,0,10,9,0,19,0,0,2,0,2,0,10,11,0,21,0,0,0,21
08/01/2014,TXK,AR,ASW,CE,Federal Contract Tower,0,11,13,2,26,0,0,6,0,6,0,11,19,2,32,0,0,0,32
08/02/2014,TXK,AR,ASW,CE,Federal Contract Tower,0,5,3,13,21,0,1,38,2,41,0,6,41,15,62,22,8,30,92
08/03/2014,TXK,AR,ASW,CE,Federal Contract Tower,0,7,9,0,16,0,1,29,0,30,0,8,38,0,46,46,0,46,92
08/04/2014,TXK,AR,ASW,CE,Federal Contract Tower,0,9,9,6,24,0,4,7,7,18,0,13,16,13,42,0,68,68,110
08/05/2014,TXK,AR,ASW,CE,Federal Contract Tower,0,11,12,0,23,0,9,24,0,33,0,20,36,0,56,30,0,30,86
08/06/2014,TXK,AR,ASW,CE,Federal Contract Tower,0,8,13,0,21,0,5,17,0,22,0,13,30,0,43,28,0,28,71
08/07/2014,TXK,AR,ASW,CE,Federal Contract Tower,0,10,22,2,34,0,5,12,1,18,0,15,34,3,52,4,20,24,76
08/08/2014,TXK,AR,ASW,CE,Federal Contract Tower,5,15,5,0,25,0,2,18,0,20,5,17,23,0,45,12,2,14,59
08/09/2014,TXK,AR,ASW,CE,Federal Contract Tower,0,7,4,5,16,0,3,27,0,30,0,10,31,5,46,44,0,44,90
08/10/2014,TXK,AR,ASW,CE,Federal Contract Tower,0,7,8,1,16,0,0,26,0,26,0,7,34,1,42,28,0,28,70
08/11/2014,TXK,AR,ASW,CE,Federal Contract Tower,0,6,5,0,11,0,3,24,0,27,0,9,29,0,38,32,0,32,70
08/12/2014,TXK,AR,ASW,CE,Federal Contract Tower,0,9,8,0,17,0,13,23,4,40,0,22,31,4,57,42,0,42,99
08/13/2014,TXK,AR,ASW,CE,Federal Contract Tower,0,8,13,0,21,0,3,25,0,28,0,11,38,0,49,28,0,28,77
08/14/2014,TXK,AR,ASW,CE,Federal Contract Tower,0,8,10,2,20,0,9,9,0,18,0,17,19,2,38,0,2,2,40
08/15/2014,TXK,AR,ASW,CE,Federal Contract Tower,0,10,16,4,30,0,5,27,1,33,0,15,43,5,63,20,8,28,91
08/16/2014,TXK,AR,ASW,CE,Federal Contract Tower,0,9,4,2,15,0,5,23,0,28,0,14,27,2,43,32,0,32,75
08/17/2014,TXK,AR,ASW,CE,Federal Contract Tower,0,13,8,1,22,0,5,5,1,11,0,18,13,2,33,8,0,8,41
08/18/2014,TXK,AR,ASW,CE,Federal Contract Tower,0,13,12,1,26,0,3,15,1,19,0,16,27,2,45,30,0,30,75
08/19/2014,TXK,AR,ASW,CE,Federal Contract Tower,0,8,6,0,14,0,5,19,0,24,0,13,25,0,38,22,0,22,60
08/20/2014,TXK,AR,ASW,CE,Federal Contract Tower,0,14,14,7,35,0,1,12,1,14,0,15,26,8,49,10,10,20,69
08/21/2014,TXK,AR,ASW,CE,Federal Contract Tower,0,7,7,2,16,0,3,16,1,20,0,10,23,3,36,8,8,16,52
08/22/2014,TXK,AR,ASW,CE,Federal Contract Tower,0,9,20,2,31,0,10,18,0,28,0,19,38,2,59,21,2,23,82
08/23/2014,TXK,AR,ASW,CE,Federal Contract Tower,0,7,4,0,11,0,8,20,0,28,0,15,24,0,39,16,0,16,55
08/24/2014,TXK,AR,ASW,CE,Federal Contract Tower,0,5,9,0,14,0,11,28,0,39,0,16,37,0,53,36,0,36,89
08/25/2014,TXK,AR,ASW,CE,Federal Contract Tower,0,13,9,2,24,0,5,7,0,12,0,18,16,2,36,12,0,12,48
08/26/2014,TXK,AR,ASW,CE,Federal Contract Tower,0,11,14,6,31,0,10,13,3,26,0,21,27,9,57,32,46,78,135
08/27/2014,TXK,AR,ASW,CE,Federal Contract Tower,0,8,7,0,15,0,7,19,0,26,0,15,26,0,41,44,0,44,85
08/28/2014,TXK,AR,ASW,CE,Federal Contract Tower,0,5,7,0,12,0,8,24,4,36,0,13,31,4,48,34,0,34,82
08/29/2014,TXK,AR,ASW,CE,Federal Contract Tower,0,11,4,4,19,0,7,5,0,12,0,18,9,4,31,10,6,16,47
08/30/2014,TXK,AR,ASW,CE,Federal Contract Tower,0,5,4,0,9,0,15,12,0,27,0,20,16,0,36,30,0,30,66
08/31/2014,TXK,AR,ASW,CE,Federal Contract Tower,0,7,3,0,10,0,4,16,18,38,0,11,19,18,48,10,0,10,58
09/01/2014,TXK,AR,ASW,CE,Federal Contract Tower,0,5,9,3,17,0,8,18,0,26,0,13,27,3,43,36,2,38,81
09/02/2014,TXK,AR,ASW,CE,Federal Contract Tower,0,10,8,0,18,0,8,7,0,15,0,18,15,0,33,0,0,0,33
09/03/2014,TXK,AR,ASW,CE,Federal Contract Tower,0,7,11,3,21,0,2,27,1,30,0,9,38,4,51,46,6,52,103
09/04/2014,TXK,AR,ASW,CE,Federal Contract Tower,0,10,12,5,27,0,4,17,0,21,0,14,29,5,48,20,12,32,80
09/05/2014,TXK,AR,ASW,CE,Federal Contract Tower,0,5,17,1,23,0,7,19,3,29,0,12,36,4,52,12,0,12,64
09/06/2014,TXK,AR,ASW,CE,Federal Contract Tower,0,4,10,17,31,0,10,8,4,22,0,14,18,21,53,34,22,56,109
09/07/2014,TXK,AR,ASW,CE,Federal Contract Tower,0,7,15,0,22,0,3,13,0,16,0,10,28,0,38,0,0,0,38
09/08/2014,TXK,AR,ASW,CE,Federal Contract Tower,0,7,9,4,20,0,5,17,10,32,0,12,26,14,52,6,26,32,84
09/09/2014,TXK,AR,ASW,CE,Federal Contract Tower,0,10,19,8,37,0,6,13,8,27,0,16,32,16,64,10,34,44,108
09/10/2014,TXK,AR,ASW,CE,Federal Contract Tower,0,8,5,5,18,0,2,18,3,23,0,10,23,8,41,20,16,36,77
09/11/2014,TXK,AR,ASW,CE,Federal Contract Tower,0,6,6,2,14,0,0,3,1,4,0,6,9,3,18,0,0,0,18
09/12/2014,TXK,AR,ASW,CE,Federal Contract Tower,0,9,4,0,13,0,0,0,0,0,0,9,4,0,13,0,0,0,13
09/13/2014,TXK,AR,ASW,CE,Federal Contract Tower,0,5,9,0,14,0,8,6,0,14,0,13,15,0,28,10,0,10,38
09/14/2014,TXK,AR,ASW,CE,Federal Contract Tower,0,6,11,0,17,0,5,37,0,42,0,11,48,0,59,22,0,22,81
09/15/2014,TXK,AR,ASW,CE,Federal Contract Tower,0,5,12,4,21,0,9,10,0,19,0,14,22,4,40,8,4,12,52
09/16/2014,TXK,AR,ASW,CE,Federal Contract Tower,0,9,12,2,23,0,4,18,0,22,0,13,30,2,45,40,0,40,85
09/17/2014,TXK,AR,ASW,CE,Federal Contract Tower,0,8,21,0,29,0,1,9,4,14,0,9,30,4,43,24,0,24,67
09/18/2014,TXK,AR,ASW,CE,Federal Contract Tower,0,12,7,0,19,0,5,12,0,17,0,17,19,0,36,8,0,8,44
09/19/2014,TXK,AR,ASW,CE,Federal Contract Tower,0,5,12,4,21,0,7,5,2,14,0,12,17,6,35,6,12,18,53
09/20/2014,TXK,AR,ASW,CE,Federal Contract Tower,0,4,7,0,11,0,7,33,0,40,0,11,40,0,51,50,0,50,101
09/21/2014,TXK,AR,ASW,CE,Federal Contract Tower,0,8,12,5,25,0,3,26,2,31,0,11,38,7,56,20,6,26,82
09/22/2014,TXK,AR,ASW,CE,Federal Contract Tower,0,7,10,0,17,0,3,17,0,20,0,10,27,0,37,6,0,6,43
09/23/2014,TXK,AR,ASW,CE,Federal Contract Tower,0,8,7,2,17,0,2,29,3,34,0,10,36,5,51,48,10,58,109
09/24/2014,TXK,AR,ASW,CE,Federal Contract Tower,0,8,9,4,21,0,4,27,3,34,0,12,36,7,55,8,12,20,75
09/25/2014,TXK,AR,ASW,CE,Federal Contract Tower,0,11,13,0,24,0,3,28,0,31,0,14,41,0,55,36,0,36,91
09/26/2014,TXK,AR,ASW,CE,Federal Contract Tower,0,12,9,3,24,0,2,41,1,44,0,14,50,4,68,110,0,110,178
09/27/2014,TXK,AR,ASW,CE,Federal Contract Tower,0,4,9,1,14,0,1,28,0,29,0,5,37,1,43,8,0,8,51
09/28/2014,TXK,AR,ASW,CE,Federal Contract Tower,0,8,9,0,17,0,5,24,0,29,0,13,33,0,46,12,0,12,58
09/29/2014,TXK,AR,ASW,CE,Federal Contract Tower,0,6,6,0,12,0,7,7,0,14,0,13,13,0,26,12,0,12,38
09/30/2014,TXK,AR,ASW,CE,Federal Contract Tower,0,7,12,0,19,0,8,13,0,21,0,15,25,0,40,8,0,8,48
10/01/2014,TXK,AR,ASW,CE,Federal Contract Tower,0,5,18,2,25,0,4,18,0,22,0,9,36,2,47,12,0,12,59
10/02/2014,TXK,AR,ASW,CE,Federal Contract Tower,0,5,13,0,18,0,2,7,0,9,0,7,20,0,27,4,0,4,31
10/03/2014,TXK,AR,ASW,CE,Federal Contract Tower,0,5,23,6,34,0,5,19,0,24,0,10,42,6,58,22,8,30,88
10/04/2014,TXK,AR,ASW,CE,Federal Contract Tower,0,4,9,2,15,0,0,22,2,24,0,4,31,4,39,2,0,2,41
10/05/2014,TXK,AR,ASW,CE,Federal Contract Tower,0,8,17,0,25,0,3,19,0,22,0,11,36,0,47,4,0,4,51
10/06/2014,TXK,AR,ASW,CE,Federal Contract Tower,0,4,10,6,20,0,10,17,1,28,0,14,27,7,48,18,4,22,70
10/07/2014,TXK,AR,ASW,CE,Federal Contract Tower,0,8,14,0,22,0,12,23,0,35,0,20,37,0,57,42,0,42,99
10/08/2014,TXK,AR,ASW,CE,Federal Contract Tower,0,9,13,0,22,0,1,14,0,15,0,10,27,0,37,14,0,14,51
10/09/2014,TXK,AR,ASW,CE,Federal Contract Tower,0,7,3,2,12,0,2,11,0,13,0,9,14,2,25,10,0,10,35
10/10/2014,TXK,AR,ASW,CE,Federal Contract Tower,0,7,10,7,24,0,0,12,1,13,0,7,22,8,37,12,12,24,61
10/11/2014,TXK,AR,ASW,CE,Federal Contract Tower,0,7,6,0,13,0,0,1,0,1,0,7,7,0,14,0,0,0,14
10/12/2014,TXK,AR,ASW,CE,Federal Contract Tower,0,6,10,0,16,0,3,2,0,5,0,9,12,0,21,4,0,4,25
10/13/2014,TXK,AR,ASW,CE,Federal Contract Tower,0,11,8,0,19,0,7,6,0,13,0,18,14,0,32,8,0,8,40
10/14/2014,TXK,AR,ASW,CE,Federal Contract Tower,0,8,14,0,22,0,2,1,0,3,0,10,15,0,25,2,0,2,27
10/15/2014,TXK,AR,ASW,CE,Federal Contract Tower,0,6,11,0,17,0,0,15,2,17,0,6,26,2,34,20,0,20,54
10/16/2014,TXK,AR,ASW,CE,Federal Contract Tower,0,6,18,0,24,0,4,40,2,46,0,10,58,2,70,18,0,18,88
10/17/2014,TXK,AR,ASW,CE,Federal Contract Tower,0,5,11,2,18,0,4,18,1,23,0,9,29,3,41,14,2,16,57
10/18/2014,TXK,AR,ASW,CE,Federal Contract Tower,0,9,5,2,16,0,4,26,1,31,0,13,31,3,47,22,4,26,73
10/19/2014,TXK,AR,ASW,CE,Federal Contract Tower,0,7,9,3,19,0,3,21,3,27,0,10,30,6,46,4,10,14,60
10/20/2014,TXK,AR,ASW,CE,Federal Contract Tower,0,7,0,3,10,0,4,21,4,29,0,11,21,7,39,30,12,42,81
10/21/2014,TXK,AR,ASW,CE,Federal Contract Tower,0,8,4,7,19,0,5,14,1,20,0,13,18,8,39,18,6,24,63
10/22/2014,TXK,AR,ASW,CE,Federal Contract Tower,0,9,14,0,23,0,1,33,2,36,0,10,47,2,59,12,6,18,77
10/23/2014,TXK,AR,ASW,CE,Federal Contract Tower,0,6,18,3,27,0,3,26,1,30,0,9,44,4,57,28,16,44,101
10/24/2014,TXK,AR,ASW,CE,Federal Contract Tower,0,11,9,4,24,0,6,28,1,35,0,17,37,5,59,16,12,28,87
10/25/2014,TXK,AR,ASW,CE,Federal Contract Tower,0,5,4,0,9,0,4,25,0,29,0,9,29,0,38,12,0,12,50
10/26/2014,TXK,AR,ASW,CE,Federal Contract Tower,0,7,4,2,13,0,5,24,0,29,0,12,28,2,42,8,0,8,50
10/27/2014,TXK,AR,ASW,CE,Federal Contract Tower,0,9,15,3,27,0,6,8,3,17,0,15,23,6,44,8,16,24,68
10/28/2014,TXK,AR,ASW,CE,Federal Contract Tower,0,6,5,2,13,0,3,3,0,6,0,9,8,2,19,4,0,4,23
10/29/2014,TXK,AR,ASW,CE,Federal Contract Tower,0,9,9,1,19,0,6,13,5,24,0,15,22,6,43,28,0,28,71
10/30/2014,TXK,AR,ASW,CE,Federal Contract Tower,0,6,6,2,14,0,2,24,0,26,0,8,30,2,40,22,0,22,62
10/31/2014,TXK,AR,ASW,CE,Federal Contract Tower,0,12,9,0,21,0,5,35,0,40,0,17,44,0,61,34,0,34,95
11/01/2014,TXK,AR,ASW,CE,Federal Contract Tower,0,4,3,3,10,0,4,19,0,23,0,8,22,3,33,12,6,18,51
11/02/2014,TXK,AR,ASW,CE,Federal Contract Tower,0,5,14,0,19,0,2,21,0,23,0,7,35,0,42,22,0,22,64
11/03/2014,TXK,AR,ASW,CE,Federal Contract Tower,0,9,9,0,18,0,3,18,0,21,0,12,27,0,39,10,0,10,49
11/04/2014,TXK,AR,ASW,CE,Federal Contract Tower,0,10,7,0,17,0,0,4,0,4,0,10,11,0,21,0,0,0,21
11/05/2014,TXK,AR,ASW,CE,Federal Contract Tower,0,7,6,0,13,0,0,0,0,0,0,7,6,0,13,0,0,0,13
11/06/2014,TXK,AR,ASW,CE,Federal Contract Tower,0,9,10,2,21,0,5,13,1,19,0,14,23,3,40,6,24,30,70
11/07/2014,TXK,AR,ASW,CE,Federal Contract Tower,0,6,9,0,15,0,5,15,0,20,0,11,24,0,35,4,0,4,39
11/08/2014,TXK,AR,ASW,CE,Federal Contract Tower,0,5,1,0,6,0,2,16,0,18,0,7,17,0,24,4,0,4,28
11/09/2014,TXK,AR,ASW,CE,Federal Contract Tower,0,5,1,0,6,0,7,41,0,48,0,12,42,0,54,14,0,14,68
11/10/2014,TXK,AR,ASW,CE,Federal Contract Tower,0,6,15,0,21,0,12,19,0,31,0,18,34,0,52,16,0,16,68
11/11/2014,TXK,AR,ASW,CE,Federal Contract Tower,0,6,2,0,8,0,2,6,0,8,0,8,8,0,16,8,0,8,24
11/12/2014,TXK,AR,ASW,CE,Federal Contract Tower,0,8,17,4,29,0,1,28,2,31,0,9,45,6,60,26,12,38,98
11/13/2014,TXK,AR,ASW,CE,Federal Contract Tower,0,10,16,2,28,0,2,19,0,21,0,12,35,2,49,16,4,20,69
11/14/2014,TXK,AR,ASW,CE,Federal Contract Tower,0,5,9,3,17,0,8,26,1,35,0,13,35,4,52,26,2,28,80
11/15/2014,TXK,AR,ASW,CE,Federal Contract Tower,0,8,13,0,21,0,10,8,0,18,0,18,21,0,39,42,0,42,81
11/16/2014,TXK,AR,ASW,CE,Federal Contract Tower,0,5,5,0,10,0,0,0,0,0,0,5,5,0,10,0,0,0,10
11/17/2014,TXK,AR,ASW,CE,Federal Contract Tower,0,5,6,0,11,0,7,9,0,16,0,12,15,0,27,2,0,2,29
11/18/2014,TXK,AR,ASW,CE,Federal Contract Tower,0,6,9,0,15,0,1,30,0,31,0,7,39,0,46,28,0,28,74
11/19/2014,TXK,AR,ASW,CE,Federal Contract Tower,0,8,8,3,19,0,5,11,2,18,0,13,19,5,37,8,20,28,65
11/20/2014,TXK,AR,ASW,CE,Federal Contract Tower,0,7,12,0,19,0,4,14,0,18,0,11,26,0,37,6,0,6,43
11/21/2014,TXK,AR,ASW,CE,Federal Contract Tower,0,5,8,0,13,0,0,0,0,0,0,5,8,0,13,0,0,0,13
11/22/2014,TXK,AR,ASW,CE,Federal Contract Tower,0,5,8,0,13,0,3,15,0,18,0,8,23,0,31,19,0,19,50
11/23/2014,TXK,AR,ASW,CE,Federal Contract Tower,0,6,6,0,12,0,9,5,0,14,0,15,11,0,26,8,0,8,34
11/24/2014,TXK,AR,ASW,CE,Federal Contract Tower,0,7,4,8,19,0,5,17,1,23,0,12,21,9,42,16,18,34,76
11/25/2014,TXK,AR,ASW,CE,Federal Contract Tower,0,5,8,4,17,0,5,18,1,24,0,10,26,5,41,16,8,24,65
11/26/2014,TXK,AR,ASW,CE,Federal Contract Tower,0,8,18,0,26,0,7,11,0,18,0,15,29,0,44,18,0,18,62
11/27/2014,TXK,AR,ASW,CE,Federal Contract Tower,0,6,9,0,15,0,5,17,0,22,0,11,26,0,37,0,0,0,37
11/28/2014,TXK,AR,ASW,CE,Federal Contract Tower,0,9,9,0,18,0,3,15,0,18,0,12,24,0,36,10,0,10,46
11/29/2014,TXK,AR,ASW,CE,Federal Contract Tower,0,5,11,0,16,0,10,10,0,20,0,15,21,0,36,4,0,4,40
11/30/2014,TXK,AR,ASW,CE,Federal Contract Tower,0,9,23,0,32,0,0,4,0,4,0,9,27,0,36,2,0,2,38
12/01/2014,TXK,AR,ASW,CE,Federal Contract Tower,0,6,1,3,10,0,0,0,0,0,0,6,1,3,10,0,6,6,16
12/02/2014,TXK,AR,ASW,CE,Federal Contract Tower,0,11,16,0,27,0,1,2,0,3,0,12,18,0,30,2,0,2,32
12/03/2014,TXK,AR,ASW,CE,Federal Contract Tower,0,7,12,0,19,0,0,0,0,0,0,7,12,0,19,0,0,0,19
12/04/2014,TXK,AR,ASW,CE,Federal Contract Tower,0,9,10,0,19,0,0,0,0,0,0,9,10,0,19,2,0,2,21
12/05/2014,TXK,AR,ASW,CE,Federal Contract Tower,0,6,15,0,21,0,3,4,0,7,0,9,19,0,28,6,0,6,34
12/06/2014,TXK,AR,ASW,CE,Federal Contract Tower,0,4,9,2,15,0,7,15,0,22,0,11,24,2,37,6,0,6,43
12/07/2014,TXK,AR,ASW,CE,Federal Contract Tower,0,4,15,0,19,0,4,7,0,11,0,8,22,0,30,8,0,8,38
12/08/2014,TXK,AR,ASW,CE,Federal Contract Tower,0,7,16,0,23,0,8,23,0,31,0,15,39,0,54,32,0,32,86
12/09/2014,TXK,AR,ASW,CE,Federal Contract Tower,0,4,16,2,22,0,2,15,2,19,0,6,31,4,41,14,10,24,65
12/10/2014,TXK,AR,ASW,CE,Federal Contract Tower,0,4,12,3,19,0,5,32,5,42,0,9,44,8,61,46,6,52,113
12/11/2014,TXK,AR,ASW,CE,Federal Contract Tower,0,7,9,0,16,0,0,0,0,0,0,7,9,0,16,0,0,0,16
12/12/2014,TXK,AR,ASW,CE,Federal Contract Tower,0,6,8,0,14,0,0,0,0,0,0,6,8,0,14,0,0,0,14
12/13/2014,TXK,AR,ASW,CE,Federal Contract Tower,0,5,10,0,15,0,0,23,9,32,0,5,33,9,47,62,0,62,109
12/14/2014,TXK,AR,ASW,CE,Federal Contract Tower,0,5,10,2,17,0,0,16,1,17,0,5,26,3,34,0,0,0,34
12/15/2014,TXK,AR,ASW,CE,Federal Contract Tower,0,7,7,2,16,0,3,17,0,20,0,10,24,2,36,10,0,10,46
12/16/2014,TXK,AR,ASW,CE,Federal Contract Tower,0,11,7,4,22,0,0,26,4,30,0,11,33,8,52,32,0,32,84
12/17/2014,TXK,AR,ASW,CE,Federal Contract Tower,0,14,8,2,24,0,0,0,0,0,0,14,8,2,24,4,0,4,28
12/18/2014,TXK,AR,ASW,CE,Federal Contract Tower,0,10,11,0,21,0,0,0,0,0,0,10,11,0,21,0,0,0,21
12/19/2014,TXK,AR,ASW,CE,Federal Contract Tower,0,6,20,0,26,0,0,0,0,0,0,6,20,0,26,8,0,8,34
12/20/2014,TXK,AR,ASW,CE,Federal Contract Tower,0,11,13,0,24,0,2,9,0,11,0,13,22,0,35,16,0,16,51
12/21/2014,TXK,AR,ASW,CE,Federal Contract Tower,0,5,14,2,21,0,1,15,2,18,0,6,29,4,39,4,6,10,49
12/22/2014,TXK,AR,ASW,CE,Federal Contract Tower,0,6,11,0,17,0,1,2,0,3,0,7,13,0,20,2,0,2,22
12/23/2014,TXK,AR,ASW,CE,Federal Contract Tower,0,6,18,2,26,0,0,0,0,0,0,6,18,2,26,6,2,8,34
12/24/2014,TXK,AR,ASW,CE,Federal Contract Tower,0,4,11,0,15,0,3,13,0,16,0,7,24,0,31,18,0,18,49
12/25/2014,TXK,AR,ASW,CE,Federal Contract Tower,0,3,4,0,7,0,5,5,0,10,0,8,9,0,17,4,0,4,21
12/26/2014,TXK,AR,ASW,CE,Federal Contract Tower,0,7,12,0,19,0,5,4,0,9,0,12,16,0,28,16,0,16,44
12/27/2014,TXK,AR,ASW,CE,Federal Contract Tower,0,11,6,0,17,0,0,1,0,1,0,11,7,0,18,0,0,0,18
12/28/2014,TXK,AR,ASW,CE,Federal Contract Tower,0,5,10,0,15,0,0,7,0,7,0,5,17,0,22,0,0,0,22
12/29/2014,TXK,AR,ASW,CE,Federal Contract Tower,0,5,12,0,17,0,2,5,0,7,0,7,17,0,24,2,0,2,26
12/30/2014,TXK,AR,ASW,CE,Federal Contract Tower,0,5,11,0,16,0,3,15,2,20,0,8,26,2,36,8,0,8,44
12/31/2014,TXK,AR,ASW,CE,Federal Contract Tower,0,5,2,2,9,0,3,24,2,29,0,8,26,4,38,22,0,22,60
01/01/2015,TXK,AR,ASW,CE,Federal Contract Tower,0,2,0,0,2,0,0,0,0,0,0,2,0,0,2,0,0,0,2
01/02/2015,TXK,AR,ASW,CE,Federal Contract Tower,0,3,3,0,6,0,0,0,0,0,0,3,3,0,6,0,0,0,6
01/03/2015,TXK,AR,ASW,CE,Federal Contract Tower,0,6,9,0,15,0,2,0,0,2,0,8,9,0,17,0,0,0,17
01/04/2015,TXK,AR,ASW,CE,Federal Contract Tower,0,5,6,0,11,0,2,11,0,13,0,7,17,0,24,8,0,8,32
01/05/2015,TXK,AR,ASW,CE,Federal Contract Tower,0,5,11,0,16,0,1,14,0,15,0,6,25,0,31,8,0,8,39
01/06/2015,TXK,AR,ASW,CE,Federal Contract Tower,0,7,6,3,16,0,5,24,1,30,0,12,30,4,46,54,4,58,104
01/07/2015,TXK,AR,ASW,CE,Federal Contract Tower,0,8,11,5,24,0,0,3,7,10,0,8,14,12,34,0,34,34,68
01/08/2015,TXK,AR,ASW,CE,Federal Contract Tower,0,8,9,1,18,0,0,20,3,23,0,8,29,4,41,12,0,12,53
01/09/2015,TXK,AR,ASW,CE,Federal Contract Tower,0,7,1,13,21,0,5,18,0,23,0,12,19,13,44,28,22,50,94
01/10/2015,TXK,AR,ASW,CE,Federal Contract Tower,0,4,8,4,16,0,3,14,0,17,0,7,22,4,33,36,0,36,69
01/11/2015,TXK,AR,ASW,CE,Federal Contract Tower,0,0,3,3,6,0,0,0,0,0,0,0,3,3,6,0,0,0,6
01/12/2015,TXK,AR,ASW,CE,Federal Contract Tower,0,7,10,1,18,0,2,0,0,2,0,9,10,1,20,4,4,8,28
01/13/2015,TXK,AR,ASW,CE,Federal Contract Tower,0,9,13,4,26,0,3,4,3,10,0,12,17,7,36,12,0,12,48
01/14/2015,TXK,AR,ASW,CE,Federal Contract Tower,0,10,7,10,27,0,0,11,3,14,0,10,18,13,41,0,22,22,63
01/15/2015,TXK,AR,ASW,CE,Federal Contract Tower,0,7,9,4,20,0,3,28,0,31,0,10,37,4,51,32,0,32,83
01/16/2015,TXK,AR,ASW,CE,Federal Contract Tower,0,8,9,2,19,0,1,26,1,28,0,9,35,3,47,12,2,14,61
01/17/2015,TXK,AR,ASW,CE,Federal Contract Tower,0,7,5,0,12,0,5,31,0,36,0,12,36,0,48,22,0,22,70
01/18/2015,TXK,AR,ASW,CE,Federal Contract Tower,0,6,2,0,8,0,4,28,0,32,0,10,30,0,40,24,0,24,64
01/19/2015,TXK,AR,ASW,CE,Federal Contract Tower,0,9,10,0,19,0,6,24,0,30,0,15,34,0,49,40,0,40,89
01/20/2015,TXK,AR,ASW,CE,Federal Contract Tower,0,6,22,1,29,0,5,17,2,24,0,11,39,3,53,30,18,48,101
01/21/2015,TXK,AR,ASW,CE,Federal Contract Tower,0,10,19,3,32,0,3,18,2,23,0,13,37,5,55,2,14,16,71
01/22/2015,TXK,AR,ASW,CE,Federal Contract Tower,0,12,6,0,18,0,0,0,0,0,0,12,6,0,18,0,0,0,18
01/23/2015,TXK,AR,ASW,CE,Federal Contract Tower,0,13,7,6,26,0,1,17,0,18,0,14,24,6,44,26,14,40,84
01/24/2015,TXK,AR,ASW,CE,Federal Contract Tower,0,11,8,0,19,0,7,30,0,37,0,18,38,0,56,40,0,40,96
01/25/2015,TXK,AR,ASW,CE,Federal Contract Tower,0,7,4,0,11,0,13,21,0,34,0,20,25,0,45,16,0,16,61
01/26/2015,TXK,AR,ASW,CE,Federal Contract Tower,0,5,17,0,22,0,10,25,0,35,0,15,42,0,57,18,0,18,75
01/27/2015,TXK,AR,ASW,CE,Federal Contract Tower,0,8,16,0,24,0,6,32,0,38,0,14,48,0,62,84,0,84,146
01/28/2015,TXK,AR,ASW,CE,Federal Contract Tower,0,11,22,0,33,0,2,27,0,29,0,13,49,0,62,36,0,36,98
01/29/2015,TXK,AR,ASW,CE,Federal Contract Tower,0,9,10,4,23,0,3,20,1,24,0,12,30,5,47,0,0,0,47
01/30/2015,TXK,AR,ASW,CE,Federal Contract Tower,0,6,11,0,17,0,2,27,0,29,0,8,38,0,46,0,0,0,46
01/31/2015,TXK,AR,ASW,CE,Federal Contract Tower,0,4,11,0,15,0,2,16,0,18,0,6,27,0,33,12,0,12,45
02/01/2015,TXK,AR,ASW,CE,Federal Contract Tower,0,6,8,0,14,0,2,0,0,2,0,8,8,0,16,0,0,0,16
02/02/2015,TXK,AR,ASW,CE,Federal Contract Tower,0,9,13,4,26,0,3,14,5,22,0,12,27,9,48,4,16,20,68
02/03/2015,TXK,AR,ASW,CE,Federal Contract Tower,0,6,10,0,16,0,5,19,0,24,0,11,29,0,40,30,0,30,70
02/04/2015,TXK,AR,ASW,CE,Federal Contract Tower,0,12,8,0,20,0,5,22,12,39,0,17,30,12,59,2,26,28,87
02/05/2015,TXK,AR,ASW,CE,Federal Contract Tower,0,13,11,0,24,0,5,20,0,25,0,18,31,0,49,76,0,76,125
02/06/2015,TXK,AR,ASW,CE,Federal Contract Tower,0,9,13,2,24,0,8,6,3,17,0,17,19,5,41,14,0,14,55
02/07/2015,TXK,AR,ASW,CE,Federal Contract Tower,0,5,14,0,19,0,5,21,2,28,0,10,35,2,47,28,0,28,75
02/08/2015,TXK,AR,ASW,CE,Federal Contract Tower,0,9,10,2,21,0,10,18,0,28,0,19,28,2,49,42,0,42,91
02/09/2015,TXK,AR,ASW,CE,Federal Contract Tower,0,11,13,6,30,0,5,12,3,20,0,16,25,9,50,14,40,54,104
02/10/2015,TXK,AR,ASW,CE,Federal Contract Tower,0,9,10,4,23,0,9,28,3,40,0,18,38,7,63,64,2,66,129
02/11/2015,TXK,AR,ASW,CE,Federal Contract Tower,0,8,13,2,23,0,0,48,5,53,0,8,61,7,76,64,4,68,144
02/12/2015,TXK,AR,ASW,CE,Federal Contract Tower,0,10,8,0,18,0,2,29,0,31,0,12,37,0,49,20,0,20,69
02/13/2015,TXK,AR,ASW,CE,Federal Contract Tower,0,10,16,3,29,0,8,32,0,40,0,18,48,3,69,30,6,36,105
02/14/2015,TXK,AR,ASW,CE,Federal Contract Tower,0,3,6,0,9,0,3,30,0,33,0,6,36,0,42,14,0,14,56
02/15/2015,TXK,AR,ASW,CE,Federal Contract Tower,0,4,14,0,18,0,4,9,0,13,0,8,23,0,31,28,0,28,59
02/16/2015,TXK,AR,ASW,CE,Federal Contract Tower,0,5,5,0,10,0,0,0,0,0,0,5,5,0,10,0,0,0,10
02/17/2015,TXK,AR,ASW,CE,Federal Contract Tower,0,6,4,0,10,0,1,15,0,16,0,7,19,0,26,20,0,20,46
02/18/2015,TXK,AR,ASW,CE,Federal Contract Tower,0,11,20,0,31,0,5,23,0,28,0,16,43,0,59,10,0,10,69
02/19/2015,TXK,AR,ASW,CE,Federal Contract Tower,0,9,10,0,19,0,4,43,2,49,0,13,53,2,68,66,0,66,134
02/20/2015,TXK,AR,ASW,CE,Federal Contract Tower,0,3,11,0,14,0,0,3,1,4,0,3,14,1,18,4,0,4,22
02/21/2015,TXK,AR,ASW,CE,Federal Contract Tower,0,6,4,0,10,0,4,5,0,9,0,10,9,0,19,28,0,28,47
02/22/2015,TXK,AR,ASW,CE,Federal Contract Tower,0,5,7,0,12,0,0,0,0,0,0,5,7,0,12,0,0,0,12
02/23/2015,TXK,AR,ASW,CE,Federal Contract Tower,0,1,1,0,2,0,0,0,0,0,0,1,1,0,2,0,0,0,2
02/24/2015,TXK,AR,ASW,CE,Federal Contract Tower,0,1,14,0,15,0,4,1,0,5,0,5,15,0,20,8,0,8,28
02/25/2015,TXK,AR,ASW,CE,Federal Contract Tower,0,1,0,0,1,0,1,0,0,1,0,2,0,0,2,0,0,0,2
02/26/2015,TXK,AR,ASW,CE,Federal Contract Tower,0,8,8,0,16,0,1,10,0,11,0,9,18,0,27,20,0,20,47
02/27/2015,TXK,AR,ASW,CE,Federal Contract Tower,0,1,10,0,11,0,10,11,0,21,0,11,21,0,32,14,0,14,46
02/28/2015,TXK,AR,ASW,CE,Federal Contract Tower,0,0,5,0,5,0,2,9,0,11,0,2,14,0,16,14,0,14,30
03/01/2015,TXK,AR,ASW,CE,Federal Contract Tower,0,6,8,0,14,0,0,0,0,0,0,6,8,0,14,0,0,0,14
03/02/2015,TXK,AR,ASW,CE,Federal Contract Tower,0,5,10,0,15,0,0,0,0,0,0,5,10,0,15,0,0,0,15
03/03/2015,TXK,AR,ASW,CE,Federal Contract Tower,0,9,3,5,17,0,2,0,10,12,0,11,3,15,29,0,0,0,29
03/04/2015,TXK,AR,ASW,CE,Federal Contract Tower,0,4,1,0,5,0,0,0,0,0,0,4,1,0,5,0,0,0,5
03/05/2015,TXK,AR,ASW,CE,Federal Contract Tower,0,4,6,2,12,0,2,7,0,9,0,6,13,2,21,10,0,10,31
03/06/2015,TXK,AR,ASW,CE,Federal Contract Tower,0,8,11,0,19,0,6,34,0,40,0,14,45,0,59,40,0,40,99
03/07/2015,TXK,AR,ASW,CE,Federal Contract Tower,0,9,3,2,14,0,3,38,0,41,0,12,41,2,55,22,0,22,77
03/08/2015,TXK,AR,ASW,CE,Federal Contract Tower,0,10,4,0,14,0,0,0,0,0,0,10,4,0,14,0,0,0,14
03/09/2015,TXK,AR,ASW,CE,Federal Contract Tower,0,9,11,0,20,0,0,0,0,0,0,9,11,0,20,0,0,0,20
03/10/2015,TXK,AR,ASW,CE,Federal Contract Tower,0,14,23,0,37,0,2,4,0,6,0,16,27,0,43,16,0,16,59
03/11/2015,TXK,AR,ASW,CE,Federal Contract Tower,0,16,13,4,33,0,6,13,0,19,0,22,26,4,52,8,8,16,68
03/12/2015,TXK,AR,ASW,CE,Federal Contract Tower,0,10,7,4,21,0,0,0,0,0,0,10,7,4,21,2,0,2,23
03/13/2015,TXK,AR,ASW,CE,Federal Contract Tower,0,7,10,0,17,0,0,0,0,0,0,7,10,0,17,0,0,0,17
03/14/2015,TXK,AR,ASW,CE,Federal Contract Tower,0,11,7,20,38,0,2,3,0,5,0,13,10,20,43,22,0,22,65
03/15/2015,TXK,AR,ASW,CE,Federal Contract Tower,0,9,9,4,22,0,0,11,0,11,0,9,20,4,33,42,0,42,75
03/16/2015,TXK,AR,ASW,CE,Federal Contract Tower,0,8,14,0,22,0,10,42,0,52,0,18,56,0,74,112,0,112,186
03/17/2015,TXK,AR,ASW,CE,Federal Contract Tower,0,6,18,0,24,0,7,51,2,60,0,13,69,2,84,92,0,92,176
03/18/2015,TXK,AR,ASW,CE,Federal Contract Tower,0,6,7,0,13,0,3,1,0,4,0,9,8,0,17,2,0,2,19
03/19/2015,TXK,AR,ASW,CE,Federal Contract Tower,0,6,7,0,13,0,0,0,0,0,0,6,7,0,13,0,0,0,13
03/20/2015,TXK,AR,ASW,CE,Federal Contract Tower,0,5,11,0,16,0,9,6,0,15,0,14,17,0,31,4,0,4,35
03/21/2015,TXK,AR,ASW,CE,Federal Contract Tower,0,7,3,1,11,0,9,5,0,14,0,16,8,1,25,4,0,4,29
03/22/2015,TXK,AR,ASW,CE,Federal Contract Tower,0,7,6,0,13,0,0,5,0,5,0,7,11,0,18,4,0,4,22
03/23/2015,TXK,AR,ASW,CE,Federal Contract Tower,0,3,11,0,14,0,8,32,0,40,0,11,43,0,54,34,0,34,88
03/24/2015,TXK,AR,ASW,CE,Federal Contract Tower,0,6,15,3,24,0,4,39,24,67,0,10,54,27,91,62,2,64,155
03/25/2015,TXK,AR,ASW,CE,Federal Contract Tower,0,9,18,2,29,0,2,22,0,24,0,11,40,2,53,32,0,32,85
03/26/2015,TXK,AR,ASW,CE,Federal Contract Tower,0,8,19,5,32,0,0,5,0,5,0,8,24,5,37,0,6,6,43
03/27/2015,TXK,AR,ASW,CE,Federal Contract Tower,0,6,15,2,23,0,3,39,0,42,0,9,54,2,65,94,0,94,159
03/28/2015,TXK,AR,ASW,CE,Federal Contract Tower,0,5,8,0,13,0,1,48,0,49,0,6,56,0,62,68,0,68,130
03/29/2015,TXK,AR,ASW,CE,Federal Contract Tower,0,9,7,0,16,0,6,24,0,30,0,15,31,0,46,14,0,14,60
03/30/2015,TXK,AR,ASW,CE,Federal Contract Tower,0,8,8,2,18,0,2,14,3,19,0,10,22,5,37,30,8,38,75
03/31/2015,TXK,AR,ASW,CE,Federal Contract Tower,0,13,11,10,34,0,4,24,23,51,0,17,35,33,85,16,102,118,203
04/01/2015,TXK,AR,ASW,CE,Federal Contract Tower,0,11,15,0,26,0,4,8,0,12,0,15,23,0,38,14,0,14,52
04/02/2015,TXK,AR,ASW,CE,Federal Contract Tower,0,7,16,0,23,0,7,6,0,13,0,14,22,0,36,4,0,4,40
04/03/2015,TXK,AR,ASW,CE,Federal Contract Tower,0,7,11,4,22,0,2,6,2,10,0,9,17,6,32,4,24,28,60
04/04/2015,TXK,AR,ASW,CE,Federal Contract Tower,0,6,5,0,11,0,7,38,0,45,0,13,43,0,56,12,0,12,68
04/05/2015,TXK,AR,ASW,CE,Federal Contract Tower,0,7,7,0,14,0,2,1,0,3,0,9,8,0,17,0,0,0,17
04/06/2015,TXK,AR,ASW,CE,Federal Contract Tower,0,5,12,0,17,0,2,13,0,15,0,7,25,0,32,20,0,20,52
04/07/2015,TXK,AR,ASW,CE,Federal Contract Tower,0,9,13,6,28,0,7,8,1,16,0,16,21,7,44,20,16,36,80
04/08/2015,TXK,AR,ASW,CE,Federal Contract Tower,0,10,16,7,33,0,1,10,1,12,0,11,26,8,45,6,18,24,69
04/09/2015,TXK,AR,ASW,CE,Federal Contract Tower,0,6,3,3,12,0,1,3,1,5,0,7,6,4,17,4,14,18,35
04/10/2015,TXK,AR,ASW,CE,Federal Contract Tower,0,5,13,3,21,0,11,16,1,28,0,16,29,4,49,4,2,6,55
04/11/2015,TXK,AR,ASW,CE,Federal Contract Tower,0,13,7,0,20,0,18,34,0,52,0,31,41,0,72,74,0,74,146
04/12/2015,TXK,AR,ASW,CE,Federal Contract Tower,0,9,9,0,18,0,1,9,0,10,0,10,18,0,28,10,0,10,38
04/13/2015,TXK,AR,ASW,CE,Federal Contract Tower,0,11,9,0,20,0,0,0,0,0,0,11,9,0,20,0,0,0,20
04/14/2015,TXK,AR,ASW,CE,Federal Contract Tower,0,15,12,0,27,0,0,0,0,0,0,15,12,0,27,2,0,2,29
04/15/2015,TXK,AR,ASW,CE,Federal Contract Tower,0,10,8,7,25,0,8,8,11,27,0,18,16,18,52,6,66,72,124
04/16/2015,TXK,AR,ASW,CE,Federal Contract Tower,0,12,15,1,28,0,9,27,2,38,0,21,42,3,66,32,0,32,98
04/17/2015,TXK,AR,ASW,CE,Federal Contract Tower,0,7,16,0,23,0,3,19,0,22,0,10,35,0,45,10,0,10,55
04/18/2015,TXK,AR,ASW,CE,Federal Contract Tower,0,7,7,0,14,0,2,9,0,11,0,9,16,0,25,38,0,38,63
04/19/2015,TXK,AR,ASW,CE,Federal Contract Tower,0,7,17,0,24,0,3,13,4,20,0,10,30,4,44,38,0,38,82
04/20/2015,TXK,AR,ASW,CE,Federal Contract Tower,0,8,14,8,30,0,7,22,7,36,0,15,36,15,66,30,34,64,130
04/21/2015,TXK,AR,ASW,CE,Federal Contract Tower,0,4,8,0,12,0,2,41,0,43,0,6,49,0,55,94,0,94,149
04/22/2015,TXK,AR,ASW,CE,Federal Contract Tower,0,8,13,0,21,0,2,18,8,28,0,10,31,8,49,36,0,36,85
04/23/2015,TXK,AR,ASW,CE,Federal Contract Tower,0,11,19,0,30,0,3,2,0,5,0,14,21,0,35,0,0,0,35
04/24/2015,TXK,AR,ASW,CE,Federal Contract Tower,0,4,9,0,13,0,0,0,2,2,0,4,9,2,15,0,0,0,15
04/25/2015,TXK,AR,ASW,CE,Federal Contract Tower,0,10,8,9,27,0,16,14,9,39,0,26,22,18,66,32,48,80,146
04/26/2015,TXK,AR,ASW,CE,Federal Contract Tower,0,6,5,0,11,0,5,32,0,37,0,11,37,0,48,26,0,26,74
04/27/2015,TXK,AR,ASW,CE,Federal Contract Tower,0,7,7,3,17,0,7,3,1,11,0,14,10,4,28,8,18,26,54
04/28/2015,TXK,AR,ASW,CE,Federal Contract Tower,0,17,18,0,35,0,4,7,0,11,0,21,25,0,46,14,0,14,60
04/29/2015,TXK,AR,ASW,CE,Federal Contract Tower,0,7,13,5,25,0,16,19,1,36,0,23,32,6,61,24,6,30,91
04/30/2015,TXK,AR,ASW,CE,Federal Contract Tower,0,13,12,5,30,0,4,42,3,49,0,17,54,8,79,28,4,32,111
05/01/2015,TXK,AR,ASW,CE,Federal Contract Tower,0,9,19,3,31,0,11,31,11,53,0,20,50,14,84,18,2,20,104
05/02/2015,TXK,AR,ASW,CE,Federal Contract Tower,0,3,4,0,7,0,0,22,3,25,0,3,26,3,32,12,0,12,44
05/03/2015,TXK,AR,ASW,CE,Federal Contract Tower,0,8,7,7,22,0,4,27,0,31,0,12,34,7,53,38,12,50,103
05/04/2015,TXK,AR,ASW,CE,Federal Contract Tower,0,9,16,4,29,0,4,39,3,46,0,13,55,7,75,30,30,60,135
05/05/2015,TXK,AR,ASW,CE,Federal Contract Tower,0,9,8,0,17,0,2,6,0,8,0,11,14,0,25,4,0,4,29
05/06/2015,TXK,AR,ASW,CE,Federal Contract Tower,0,10,9,8,27,0,8,8,9,25,0,18,17,17,52,4,58,62,114
05/07/2015,TXK,AR,ASW,CE,Federal Contract Tower,0,8,17,0,25,0,3,5,0,8,0,11,22,0,33,20,0,20,53
05/08/2015,TXK,AR,ASW,CE,Federal Contract Tower,0,8,17,4,29,0,5,16,1,22,0,13,33,5,51,41,6,47,98
05/09/2015,TXK,AR,ASW,CE,Federal Contract Tower,0,3,8,0,11,0,2,5,0,7,0,5,13,0,18,12,0,12,30
05/10/2015,TXK,AR,ASW,CE,Federal Contract Tower,0,12,6,0,18,0,2,4,0,6,0,14,10,0,24,2,0,2,26
05/11/2015,TXK,AR,ASW,CE,Federal Contract Tower,0,11,15,0,26,0,6,10,0,16,0,17,25,0,42,2,0,2,44
05/12/2015,TXK,AR,ASW,CE,Federal Contract Tower,0,13,11,0,24,0,0,9,0,9,0,13,20,0,33,10,0,10,43
05/13/2015,TXK,AR,ASW,CE,Federal Contract Tower,0,10,4,0,14,0,5,1,0,6,0,15,5,0,20,0,0,0,20
05/14/2015,TXK,AR,ASW,CE,Federal Contract Tower,0,10,15,0,25,0,3,15,0,18,0,13,30,0,43,20,0,20,63
05/15/2015,TXK,AR,ASW,CE,Federal Contract Tower,0,11,18,0,29,0,2,5,0,7,0,13,23,0,36,4,0,4,40
05/16/2015,TXK,AR,ASW,CE,Federal Contract Tower,0,10,12,0,22,0,3,12,0,15,0,13,24,0,37,30,0,30,67
05/17/2015,TXK,AR,ASW,CE,Federal Contract Tower,0,7,15,0,22,0,0,8,0,8,0,7,23,0,30,2,0,2,32
05/18/2015,TXK,AR,ASW,CE,Federal Contract Tower,0,7,19,1,27,0,4,14,0,18,0,11,33,1,45,8,0,8,53
05/19/2015,TXK,AR,ASW,CE,Federal Contract Tower,0,6,12,4,22,0,2,8,1,11,0,8,20,5,33,6,6,12,45
05/20/2015,TXK,AR,ASW,CE,Federal Contract Tower,0,11,9,2,22,0,0,8,0,8,0,11,17,2,30,12,0,12,42
05/21/2015,TXK,AR,ASW,CE,Federal Contract Tower,0,7,15,0,22,0,2,5,0,7,0,9,20,0,29,42,0,42,71
05/22/2015,TXK,AR,ASW,CE,Federal Contract Tower,0,6,15,0,21,0,16,13,4,33,0,22,28,4,54,49,0,49,103
05/23/2015,TXK,AR,ASW,CE,Federal Contract Tower,0,5,6,0,11,0,10,25,0,35,0,15,31,0,46,56,0,56,102
05/24/2015,TXK,AR,ASW,CE,Federal Contract Tower,0,5,8,0,13,0,1,5,0,6,0,6,13,0,19,6,0,6,25
05/25/2015,TXK,AR,ASW,CE,Federal Contract Tower,0,3,4,0,7,0,0,5,1,6,0,3,9,1,13,0,0,0,13
05/26/2015,TXK,AR,ASW,CE,Federal Contract Tower,0,11,23,0,34,0,3,13,5,21,0,14,36,5,55,4,0,4,59
05/27/2015,TXK,AR,ASW,CE,Federal Contract Tower,0,7,19,0,26,0,7,38,2,47,0,14,57,2,73,46,0,46,119
05/28/2015,TXK,AR,ASW,CE,Federal Contract Tower,0,5,12,3,20,0,3,12,4,19,0,8,24,7,39,2,2,4,43
05/29/2015,TXK,AR,ASW,CE,Federal Contract Tower,0,2,6,0,8,0,0,21,0,21,0,2,27,0,29,0,0,0,29
05/30/2015,TXK,AR,ASW,CE,Federal Contract Tower,0,10,2,0,12,0,3,10,0,13,0,13,12,0,25,14,0,14,39
05/31/2015,TXK,AR,ASW,CE,Federal Contract Tower,0,9,6,0,15,0,2,41,3,46,0,11,47,3,61,2,0,2,63
06/01/2015,TXK,AR,ASW,CE,Federal Contract Tower,0,8,21,3,32,0,3,37,4,44,0,11,58,7,76,20,2,22,98
06/02/2015,TXK,AR,ASW,CE,Federal Contract Tower,0,6,18,0,24,0,1,39,0,40,0,7,57,0,64,4,0,4,68
06/03/2015,TXK,AR,ASW,CE,Federal Contract Tower,0,7,17,6,30,0,9,29,0,38,0,16,46,6,68,32,0,32,100
06/04/2015,TXK,AR,ASW,CE,Federal Contract Tower,0,10,17,0,27,0,2,29,2,33,0,12,46,2,60,0,0,0,60
06/05/2015,TXK,AR,ASW,CE,Federal Contract Tower,0,8,6,0,14,0,3,34,0,37,0,11,40,0,51,24,0,24,75
06/06/2015,TXK,AR,ASW,CE,Federal Contract Tower,0,6,9,3,18,0,9,43,0,52,0,15,52,3,70,34,4,38,108
06/07/2015,TXK,AR,ASW,CE,Federal Contract Tower,0,8,9,4,21,0,5,26,0,31,0,13,35,4,52,4,2,6,58
06/08/2015,TXK,AR,ASW,CE,Federal Contract Tower,0,5,7,2,14,0,2,25,4,31,0,7,32,6,45,20,0,20,65
06/09/2015,TXK,AR,ASW,CE,Federal Contract Tower,0,11,16,3,30,0,11,19,6,36,0,22,35,9,66,18,16,34,100
06/10/2015,TXK,AR,ASW,CE,Federal Contract Tower,0,12,13,0,25,0,4,19,0,23,0,16,32,0,48,0,0,0,48
06/11/2015,TXK,AR,ASW,CE,Federal Contract Tower,0,7,6,2,15,0,6,20,0,26,0,13,26,2,41,4,0,4,45
06/12/2015,TXK,AR,ASW,CE,Federal Contract Tower,6,19,2,0,27,0,0,10,0,10,6,19,12,0,37,10,0,10,47
06/13/2015,TXK,AR,ASW,CE,Federal Contract Tower,0,5,11,14,30,0,4,6,0,10,0,9,17,14,40,0,11,11,51
06/14/2015,TXK,AR,ASW,CE,Federal Contract Tower,0,6,8,5,19,0,6,8,0,14,0,12,16,5,33,12,2,14,47
06/15/2015,TXK,AR,ASW,CE,Federal Contract Tower,0,6,11,2,19,0,5,7,0,12,0,11,18,2,31,4,2,6,37
06/16/2015,TXK,AR,ASW,CE,Federal Contract Tower,0,7,17,2,26,0,1,6,0,7,0,8,23,2,33,6,1,7,40
06/17/2015,TXK,AR,ASW,CE,Federal Contract Tower,0,5,6,0,11,0,0,4,0,4,0,5,10,0,15,0,0,0,15
06/18/2015,TXK,AR,ASW,CE,Federal Contract Tower,0,10,8,0,18,0,3,2,0,5,0,13,10,0,23,4,0,4,27
06/19/2015,TXK,AR,ASW,CE,Federal Contract Tower,0,9,16,0,25,0,3,5,0,8,0,12,21,0,33,4,0,4,37
06/20/2015,TXK,AR,ASW,CE,Federal Contract Tower,0,7,6,2,15,0,4,20,0,24,0,11,26,2,39,6,0,6,45
06/21/2015,TXK,AR,ASW,CE,Federal Contract Tower,0,6,16,0,22,0,2,16,0,18,0,8,32,0,40,4,0,4,44
06/22/2015,TXK,AR,ASW,CE,Federal Contract Tower,0,7,10,6,23,0,10,12,0,22,0,17,22,6,45,16,0,16,61
06/23/2015,TXK,AR,ASW,CE,Federal Contract Tower,0,17,26,0,43,0,4,21,1,26,0,21,47,1,69,28,0,28,97
06/24/2015,TXK,AR,ASW,CE,Federal Contract Tower,0,8,23,4,35,0,6,16,1,23,0,14,39,5,58,8,0,8,66
06/25/2015,TXK,AR,ASW,CE,Federal Contract Tower,0,6,11,2,19,0,3,16,1,20,0,9,27,3,39,28,2,30,69
06/26/2015,TXK,AR,ASW,CE,Federal Contract Tower,0,11,11,4,26,0,3,10,0,13,0,14,21,4,39,12,0,12,51
06/27/2015,TXK,AR,ASW,CE,Federal Contract Tower,0,9,8,3,20,0,3,13,1,17,0,12,21,4,37,34,16,50,87
06/28/2015,TXK,AR,ASW,CE,Federal Contract Tower,0,7,12,0,19,0,0,33,0,33,0,7,45,0,52,64,0,64,116
06/29/2015,TXK,AR,ASW,CE,Federal Contract Tower,0,6,16,0,22,0,2,16,0,18,0,8,32,0,40,22,0,22,62
06/30/2015,TXK,AR,ASW,CE,Federal Contract Tower,0,11,13,0,24,0,10,10,0,20,0,21,23,0,44,24,0,24,68
07/01/2015,TXK,AR,ASW,CE,Federal Contract Tower,0,9,10,1,20,0,5,23,0,28,0,14,33,1,48,12,2,14,62
07/02/2015,TXK,AR,ASW,CE,Federal Contract Tower,0,6,2,0,8,0,2,12,0,14,0,8,14,0,22,8,0,8,30
07/03/2015,TXK,AR,ASW,CE,Federal Contract Tower,0,8,4,0,12,0,14,3,0,17,0,22,7,0,29,20,0,20,49
07/04/2015,TXK,AR,ASW,CE,Federal Contract Tower,0,6,2,0,8,0,3,0,0,3,0,9,2,0,11,0,0,0,11
07/05/2015,TXK,AR,ASW,CE,Federal Contract Tower,0,7,6,0,13,0,1,10,0,11,0,8,16,0,24,8,0,8,32
07/06/2015,TXK,AR,ASW,CE,Federal Contract Tower,0,4,12,0,16,0,3,16,2,21,0,7,28,2,37,20,0,20,57
07/07/2015,TXK,AR,ASW,CE,Federal Contract Tower,0,7,7,1,15,0,0,11,0,11,0,7,18,1,26,4,0,4,30
07/08/2015,TXK,AR,ASW,CE,Federal Contract Tower,0,7,15,0,22,0,3,16,2,21,0,10,31,2,43,10,0,10,53
07/09/2015,TXK,AR,ASW,CE,Federal Contract Tower,0,9,18,0,27,0,2,9,0,11,0,11,27,0,38,46,0,46,84
07/10/2015,TXK,AR,ASW,CE,Federal Contract Tower,0,7,20,12,39,0,4,33,0,37,0,11,53,12,76,18,18,36,112
07/11/2015,TXK,AR,ASW,CE,Federal Contract Tower,0,8,10,4,22,0,6,8,0,14,0,14,18,4,36,6,6,12,48
07/12/2015,TXK,AR,ASW,CE,Federal Contract Tower,0,7,12,2,21,0,2,24,0,26,0,9,36,2,47,30,0,30,77
07/13/2015,TXK,AR,ASW,CE,Federal Contract Tower,0,6,22,2,30,0,1,9,0,10,0,7,31,2,40,2,0,2,42
07/14/2015,TXK,AR,ASW,CE,Federal Contract Tower,0,7,8,0,15,0,8,12,0,20,0,15,20,0,35,10,0,10,45
07/15/2015,TXK,AR,ASW,CE,Federal Contract Tower,0,12,8,0,20,0,7,18,6,31,0,19,26,6,51,28,0,28,79
07/16/2015,TXK,AR,ASW,CE,Federal Contract Tower,0,7,12,0,19,0,6,12,8,26,0,13,24,8,45,10,0,10,55
07/17/2015,TXK,AR,ASW,CE,Federal Contract Tower,0,5,5,3,13,0,6,15,2,23,0,11,20,5,36,14,4,18,54
07/18/2015,TXK,AR,ASW,CE,Federal Contract Tower,0,7,4,3,14,0,0,17,5,22,0,7,21,8,36,6,0,6,42
07/19/2015,TXK,AR,ASW,CE,Federal Contract Tower,0,5,7,1,13,0,2,17,3,22,0,7,24,4,35,18,4,22,57
07/20/2015,TXK,AR,ASW,CE,Federal Contract Tower,0,10,8,2,20,0,3,11,1,15,0,13,19,3,35,2,4,6,41
07/21/2015,TXK,AR,ASW,CE,Federal Contract Tower,0,5,13,2,20,0,4,11,29,44,0,9,24,31,64,4,0,4,68
07/22/2015,TXK,AR,ASW,CE,Federal Contract Tower,0,8,14,2,24,0,5,11,14,30,0,13,25,16,54,8,0,8,62
07/23/2015,TXK,AR,ASW,CE,Federal Contract Tower,0,8,10,3,21,0,4,19,1,24,0,12,29,4,45,0,0,0,45
07/24/2015,TXK,AR,ASW,CE,Federal Contract Tower,0,6,7,0,13,0,2,23,0,25,0,8,30,0,38,42,0,42,80
07/25/2015,TXK,AR,ASW,CE,Federal Contract Tower,0,7,11,3,21,0,5,11,0,16,0,12,22,3,37,12,0,12,49
07/26/2015,TXK,AR,ASW,CE,Federal Contract Tower,0,5,6,0,11,0,8,21,0,29,0,13,27,0,40,16,0,16,56
07/27/2015,TXK,AR,ASW,CE,Federal Contract Tower,0,10,9,0,19,0,6,25,0,31,0,16,34,0,50,20,0,20,70
07/28/2015,TXK,AR,ASW,CE,Federal Contract Tower,0,7,16,2,25,0,9,22,0,31,0,16,38,2,56,28,0,28,84
07/29/2015,TXK,AR,ASW,CE,Federal Contract Tower,0,11,8,0,19,0,0,13,2,15,0,11,21,2,34,8,0,8,42
07/30/2015,TXK,AR,ASW,CE,Federal Contract Tower,0,7,9,8,24,0,4,6,1,11,0,11,15,9,35,2,16,18,53
07/31/2015,TXK,AR,ASW,CE,Federal Contract Tower,0,5,12,3,20,0,2,27,0,29,0,7,39,3,49,26,4,30,79
08/01/2015,TXK,AR,ASW,CE,Federal Contract Tower,0,7,5,2,14,0,10,22,0,32,0,17,27,2,46,4,0,4,50
08/02/2015,TXK,AR,ASW,CE,Federal Contract Tower,0,8,8,0,16,0,2,14,0,16,0,10,22,0,32,8,0,8,40
08/03/2015,TXK,AR,ASW,CE,Federal Contract Tower,0,5,10,0,15,0,14,16,1,31,0,19,26,1,46,22,0,22,68
08/04/2015,TXK,AR,ASW,CE,Federal Contract Tower,0,8,14,1,23,0,5,17,1,23,0,13,31,2,46,18,0,18,64
08/05/2015,TXK,AR,ASW,CE,Federal Contract Tower,0,12,11,0,23,0,3,15,3,21,0,15,26,3,44,20,0,20,64
08/06/2015,TXK,AR,ASW,CE,Federal Contract Tower,0,7,18,0,25,0,7,19,5,31,0,14,37,5,56,24,0,24,80
08/07/2015,TXK,AR,ASW,CE,Federal Contract Tower,0,7,10,2,19,0,3,16,4,23,0,10,26,6,42,8,0,8,50
08/08/2015,TXK,AR,ASW,CE,Federal Contract Tower,0,10,7,7,24,0,2,28,0,30,0,12,35,7,54,38,10,48,102
08/09/2015,TXK,AR,ASW,CE,Federal Contract Tower,0,8,15,0,23,0,3,13,6,22,0,11,28,6,45,8,0,8,53
08/10/2015,TXK,AR,ASW,CE,Federal Contract Tower,0,7,13,0,20,0,2,8,0,10,0,9,21,0,30,10,0,10,40
08/11/2015,TXK,AR,ASW,CE,Federal Contract Tower,0,8,15,0,23,0,2,6,0,8,0,10,21,0,31,16,0,16,47
08/12/2015,TXK,AR,ASW,CE,Federal Contract Tower,0,8,12,2,22,0,4,14,0,18,0,12,26,2,40,22,0,22,62
08/13/2015,TXK,AR,ASW,CE,Federal Contract Tower,0,11,14,0,25,0,7,12,28,47,0,18,26,28,72,42,0,42,114
08/14/2015,TXK,AR,ASW,CE,Federal Contract Tower,0,5,14,2,21,0,1,16,0,17,0,6,30,2,38,16,0,16,54
08/15/2015,TXK,AR,ASW,CE,Federal Contract Tower,7,12,0,0,19,0,6,18,0,24,7,18,18,0,43,34,0,34,77
08/16/2015,TXK,AR,ASW,CE,Federal Contract Tower,0,7,12,2,21,0,4,7,0,11,0,11,19,2,32,8,0,8,40
08/17/2015,TXK,AR,ASW,CE,Federal Contract Tower,0,9,14,4,27,0,2,5,0,7,0,11,19,4,34,12,0,12,46
08/18/2015,TXK,AR,ASW,CE,Federal Contract Tower,0,13,13,0,26,0,8,5,0,13,0,21,18,0,39,8,0,8,47
08/19/2015,TXK,AR,ASW,CE,Federal Contract Tower,0,10,24,2,36,0,5,4,0,9,0,15,28,2,45,0,0,0,45
08/20/2015,TXK,AR,ASW,CE,Federal Contract Tower,0,10,32,2,44,0,0,7,0,7,0,10,39,2,51,20,0,20,71
08/21/2015,TXK,AR,ASW,CE,Federal Contract Tower,0,9,17,0,26,0,4,7,0,11,0,13,24,0,37,8,0,8,45
08/22/2015,TXK,AR,ASW,CE,Federal Contract Tower,0,7,12,0,19,0,0,4,0,4,0,7,16,0,23,11,0,11,34
08/23/2015,TXK,AR,ASW,CE,Federal Contract Tower,0,9,10,0,19,0,3,16,0,19,0,12,26,0,38,2,0,2,40
08/24/2015,TXK,AR,ASW,CE,Federal Contract Tower,0,9,3,0,12,0,0,9,2,11,0,9,12,2,23,4,4,8,31
08/25/2015,TXK,AR,ASW,CE,Federal Contract Tower,0,8,15,0,23,0,2,31,0,33,0,10,46,0,56,42,0,42,98
08/26/2015,TXK,AR,ASW,CE,Federal Contract Tower,0,16,25,4,45,0,4,39,0,43,0,20,64,4,88,24,0,24,112
08/27/2015,TXK,AR,ASW,CE,Federal Contract Tower,0,9,16,2,27,0,9,7,0,16,0,18,23,2,43,8,0,8,51
08/28/2015,TXK,AR,ASW,CE,Federal Contract Tower,0,9,12,4,25,0,12,25,3,40,0,21,37,7,65,38,32,70,135
08/29/2015,TXK,AR,ASW,CE,Federal Contract Tower,0,6,6,3,15,0,5,14,0,19,0,11,20,3,34,22,4,26,60
08/30/2015,TXK,AR,ASW,CE,Federal Contract Tower,0,6,8,2,16,0,3,14,0,17,0,9,22,2,33,36,0,36,69
08/31/2015,TXK,AR,ASW,CE,Federal Contract Tower,0,5,13,3,21,0,7,19,1,27,0,12,32,4,48,54,0,54,102
09/01/2015,TXK,AR,ASW,CE,Federal Contract Tower,0,8,17,5,30,0,3,8,3,14,0,11,25,8,44,10,6,16,60
09/02/2015,TXK,AR,ASW,CE,Federal Contract Tower,0,8,25,2,35,0,5,13,2,20,0,13,38,4,55,12,0,12,67
09/03/2015,TXK,AR,ASW,CE,Federal Contract Tower,0,7,20,0,27,0,0,19,0,19,0,7,39,0,46,10,0,10,56
09/04/2015,TXK,AR,ASW,CE,Federal Contract Tower,0,10,15,0,25,0,6,11,0,17,0,16,26,0,42,8,0,8,50
09/05/2015,TXK,AR,ASW,CE,Federal Contract Tower,0,9,11,0,20,0,4,8,0,12,0,13,19,0,32,14,0,14,46
09/06/2015,TXK,AR,ASW,CE,Federal Contract Tower,0,8,10,2,20,0,12,14,0,26,0,20,24,2,46,38,0,38,84
09/07/2015,TXK,AR,ASW,CE,Federal Contract Tower,0,6,8,0,14,0,3,33,0,36,0,9,41,0,50,80,0,80,130
09/08/2015,TXK,AR,ASW,CE,Federal Contract Tower,0,9,20,2,31,0,9,18,4,31,0,18,38,6,62,24,4,28,90
09/09/2015,TXK,AR,ASW,CE,Federal Contract Tower,0,9,10,0,19,0,0,1,0,1,0,9,11,0,20,0,0,0,20
09/10/2015,TXK,AR,ASW,CE,Federal Contract Tower,0,12,16,8,36,0,4,25,18,47,0,16,41,26,83,48,52,100,183
09/11/2015,TXK,AR,ASW,CE,Federal Contract Tower,0,9,20,4,33,0,7,25,2,34,0,16,45,6,67,28,8,36,103
09/12/2015,TXK,AR,ASW,CE,Federal Contract Tower,0,4,16,2,22,0,7,36,8,51,0,11,52,10,73,48,0,48,121
09/13/2015,TXK,AR,ASW,CE,Federal Contract Tower,0,7,25,0,32,0,9,10,0,19,0,16,35,0,51,18,0,18,69
09/14/2015,TXK,AR,ASW,CE,Federal Contract Tower,0,7,15,0,22,0,3,13,0,16,0,10,28,0,38,16,0,16,54
09/15/2015,TXK,AR,ASW,CE,Federal Contract Tower,0,7,15,2,24,0,3,13,1,17,0,10,28,3,41,10,6,16,57
09/16/2015,TXK,AR,ASW,CE,Federal Contract Tower,0,9,21,4,34,0,2,13,8,23,0,11,34,12,57,14,6,20,77
09/17/2015,TXK,AR,ASW,CE,Federal Contract Tower,0,7,20,2,29,0,4,20,4,28,0,11,40,6,57,18,0,18,75
09/18/2015,TXK,AR,ASW,CE,Federal Contract Tower,0,10,12,3,25,0,4,17,1,22,0,14,29,4,47,26,8,34,81
09/19/2015,TXK,AR,ASW,CE,Federal Contract Tower,0,7,14,0,21,0,10,11,0,21,0,17,25,0,42,18,0,18,60
09/20/2015,TXK,AR,ASW,CE,Federal Contract Tower,0,11,17,0,28,0,9,8,0,17,0,20,25,0,45,12,0,12,57
09/21/2015,TXK,AR,ASW,CE,Federal Contract Tower,0,11,11,0,22,0,16,6,0,22,0,27,17,0,44,38,0,38,82
09/22/2015,TXK,AR,ASW,CE,Federal Contract Tower,0,11,8,0,19,0,5,16,6,27,0,16,24,6,46,34,0,34,80
09/23/2015,TXK,AR,ASW,CE,Federal Contract Tower,0,6,14,2,22,0,5,15,2,22,0,11,29,4,44,6,0,6,50
09/24/2015,TXK,AR,ASW,CE,Federal Contract Tower,0,8,15,3,26,0,6,13,0,19,0,14,28,3,45,22,4,26,71
09/25/2015,TXK,AR,ASW,CE,Federal Contract Tower,0,8,9,0,17,0,0,15,0,15,0,8,24,0,32,22,0,22,54
09/26/2015,TXK,AR,ASW,CE,Federal Contract Tower,0,5,8,7,20,0,10,29,1,40,0,15,37,8,60,76,12,88,148
09/27/2015,TXK,AR,ASW,CE,Federal Contract Tower,0,8,16,2,26,0,7,13,2,22,0,15,29,4,48,14,0,14,62
09/28/2015,TXK,AR,ASW,CE,Federal Contract Tower,0,11,8,3,22,0,3,14,3,20,0,14,22,6,42,44,0,44,86
09/29/2015,TXK,AR,ASW,CE,Federal Contract Tower,0,5,12,4,21,0,12,13,0,25,0,17,25,4,46,24,0,24,70
09/30/2015,TXK,AR,ASW,CE,Federal Contract Tower,0,14,20,3,37,0,6,11,3,20,0,20,31,6,57,18,8,26,83
10/01/2015,TXK,AR,ASW,CE,Federal Contract Tower,0,12,21,0,33,0,3,19,5,27,0,15,40,5,60,22,0,22,82
10/02/2015,TXK,AR,ASW,CE,Federal Contract Tower,0,7,18,0,25,0,3,8,5,16,0,10,26,5,41,34,0,34,75
10/03/2015,TXK,AR,ASW,CE,Federal Contract Tower,4,24,4,0,32,0,6,37,14,57,4,30,41,14,89,96,4,100,189
10/04/2015,TXK,AR,ASW,CE,Federal Contract Tower,0,9,13,0,22,0,0,17,0,17,0,9,30,0,39,50,0,50,89
10/05/2015,TXK,AR,ASW,CE,Federal Contract Tower,0,7,16,6,29,0,13,13,1,27,0,20,29,7,56,42,6,48,104
10/06/2015,TXK,AR,ASW,CE,Federal Contract Tower,0,11,16,2,29,0,4,19,0,23,0,15,35,2,52,64,0,64,116
10/07/2015,TXK,AR,ASW,CE,Federal Contract Tower,0,9,28,0,37,0,0,23,0,23,0,9,51,0,60,42,0,42,102
10/08/2015,TXK,AR,ASW,CE,Federal Contract Tower,0,8,21,4,33,0,8,20,2,30,0,16,41,6,63,26,4,30,93
10/09/2015,TXK,AR,ASW,CE,Federal Contract Tower,0,9,13,0,22,0,2,17,0,19,0,11,30,0,41,38,0,38,79
10/10/2015,TXK,AR,ASW,CE,Federal Contract Tower,0,6,10,0,16,0,7,20,0,27,0,13,30,0,43,20,0,20,63
10/11/2015,TXK,AR,ASW,CE,Federal Contract Tower,0,8,23,0,31,0,10,12,0,22,0,18,35,0,53,2,0,2,55
10/12/2015,TXK,AR,ASW,CE,Federal Contract Tower,0,12,10,0,22,0,3,11,0,14,0,15,21,0,36,16,0,16,52
10/13/2015,TXK,AR,ASW,CE,Federal Contract Tower,0,8,7,0,15,0,7,19,0,26,0,15,26,0,41,26,0,26,67
10/14/2015,TXK,AR,ASW,CE,Federal Contract Tower,0,9,26,2,37,0,6,20,0,26,0,15,46,2,63,6,4,10,73
10/15/2015,TXK,AR,ASW,CE,Federal Contract Tower,0,8,19,2,29,0,1,11,0,12,0,9,30,2,41,22,0,22,63
10/16/2015,TXK,AR,ASW,CE,Federal Contract Tower,0,14,21,0,35,0,6,24,2,32,0,20,45,2,67,16,0,16,83
10/17/2015,TXK,AR,ASW,CE,Federal Contract Tower,0,7,9,0,16,0,13,11,0,24,0,20,20,0,40,20,0,20,60
10/18/2015,TXK,AR,ASW,CE,Federal Contract Tower,0,6,14,0,20,0,11,22,0,33,0,17,36,0,53,30,0,30,83
10/19/2015,TXK,AR,ASW,CE,Federal Contract Tower,0,12,24,0,36,0,7,10,0,17,0,19,34,0,53,14,0,14,67
10/20/2015,TXK,AR,ASW,CE,Federal Contract Tower,0,13,28,0,41,0,11,0,0,11,0,24,28,0,52,36,0,36,88
10/21/2015,TXK,AR,ASW,CE,Federal Contract Tower,0,11,25,3,39,0,1,8,2,11,0,12,33,5,50,4,6,10,60
10/22/2015,TXK,AR,ASW,CE,Federal Contract Tower,0,7,20,2,29,0,4,10,0,14,0,11,30,2,43,40,4,44,87
10/23/2015,TXK,AR,ASW,CE,Federal Contract Tower,0,5,1,0,6,0,0,0,0,0,0,5,1,0,6,0,0,0,6
10/24/2015,TXK,AR,ASW,CE,Federal Contract Tower,0,7,3,0,10,0,7,0,0,7,0,14,3,0,17,12,0,12,29
10/25/2015,TXK,AR,ASW,CE,Federal Contract Tower,0,7,13,0,20,0,0,0,0,0,0,7,13,0,20,0,0,0,20
10/26/2015,TXK,AR,ASW,CE,Federal Contract Tower,0,9,14,0,23,0,7,4,0,11,0,16,18,0,34,12,0,12,46
10/27/2015,TXK,AR,ASW,CE,Federal Contract Tower,0,5,8,2,15,0,2,0,0,2,0,7,8,2,17,4,10,14,31
10/28/2015,TXK,AR,ASW,CE,Federal Contract Tower,0,6,16,2,24,0,0,17,1,18,0,6,33,3,42,22,0,22,64
10/29/2015,TXK,AR,ASW,CE,Federal Contract Tower,0,5,35,0,40,0,3,16,0,19,0,8,51,0,59,20,0,20,79
10/30/2015,TXK,AR,ASW,CE,Federal Contract Tower,0,9,14,0,23,0,5,5,0,10,0,14,19,0,33,6,0,6,39
10/31/2015,TXK,AR,ASW,CE,Federal Contract Tower,0,8,8,0,16,0,0,0,0,0,0,8,8,0,16,4,0,4,20
11/01/2015,TXK,AR,ASW,CE,Federal Contract Tower,0,10,17,0,27,0,4,4,0,8,0,14,21,0,35,14,0,14,49
11/02/2015,TXK,AR,ASW,CE,Federal Contract Tower,0,10,21,6,37,0,5,3,1,9,0,15,24,7,46,12,4,16,62
11/03/2015,TXK,AR,ASW,CE,Federal Contract Tower,0,10,19,4,33,0,0,0,3,3,0,10,19,7,36,0,2,2,38
11/04/2015,TXK,AR,ASW,CE,Federal Contract Tower,0,5,14,5,24,0,8,12,4,24,0,13,26,9,48,26,4,30,78
11/05/2015,TXK,AR,ASW,CE,Federal Contract Tower,0,7,7,0,14,0,4,2,2,8,0,11,9,2,22,6,0,6,28
11/06/2015,TXK,AR,ASW,CE,Federal Contract Tower,0,5,18,9,32,0,8,3,8,19,0,13,21,17,51,16,8,24,75
11/07/2015,TXK,AR,ASW,CE,Federal Contract Tower,0,8,5,0,13,0,3,6,0,9,0,11,11,0,22,26,0,26,48
11/08/2015,TXK,AR,ASW,CE,Federal Contract Tower,0,12,16,0,28,0,4,16,2,22,0,16,32,2,50,20,0,20,70
11/09/2015,TXK,AR,ASW,CE,Federal Contract Tower,0,7,14,5,26,0,0,25,1,26,0,7,39,6,52,54,4,58,110
11/10/2015,TXK,AR,ASW,CE,Federal Contract Tower,0,14,5,0,19,0,3,15,2,20,0,17,20,2,39,28,0,28,67
11/11/2015,TXK,AR,ASW,CE,Federal Contract Tower,0,5,9,0,14,0,2,0,0,2,0,7,9,0,16,0,0,0,16
11/12/2015,TXK,AR,ASW,CE,Federal Contract Tower,0,9,26,0,35,0,5,19,0,24,0,14,45,0,59,64,0,64,123
11/13/2015,TXK,AR,ASW,CE,Federal Contract Tower,0,12,15,0,27,0,7,31,0,38,0,19,46,0,65,36,0,36,101
11/14/2015,TXK,AR,ASW,CE,Federal Contract Tower,0,5,14,0,19,0,5,18,0,23,0,10,32,0,42,40,0,40,82
11/15/2015,TXK,AR,ASW,CE,Federal Contract Tower,0,6,9,2,17,0,6,8,0,14,0,12,17,2,31,4,0,4,35
11/16/2015,TXK,AR,ASW,CE,Federal Contract Tower,0,6,12,0,18,0,0,0,0,0,0,6,12,0,18,4,0,4,22
11/17/2015,TXK,AR,ASW,CE,Federal Contract Tower,0,5,10,1,16,0,0,1,0,1,0,5,11,1,17,0,2,2,19
11/18/2015,TXK,AR,ASW,CE,Federal Contract Tower,0,10,26,5,41,0,11,21,0,32,0,21,47,5,73,42,4,46,119
11/19/2015,TXK,AR,ASW,CE,Federal Contract Tower,0,8,8,3,19,0,7,18,1,26,0,15,26,4,45,64,0,64,109
11/20/2015,TXK,AR,ASW,CE,Federal Contract Tower,0,5,19,1,25,0,6,21,7,34,0,11,40,8,59,40,0,40,99
11/21/2015,TXK,AR,ASW,CE,Federal Contract Tower,0,4,7,0,11,0,6,1,0,7,0,10,8,0,18,4,0,4,22
11/22/2015,TXK,AR,ASW,CE,Federal Contract Tower,0,5,19,0,24,0,6,30,0,36,0,11,49,0,60,8,0,8,68
11/23/2015,TXK,AR,ASW,CE,Federal Contract Tower,0,8,12,6,26,0,6,12,2,20,0,14,24,8,46,24,10,34,80
11/24/2015,TXK,AR,ASW,CE,Federal Contract Tower,0,4,25,3,32,0,8,16,0,24,0,12,41,3,56,22,4,26,82
11/25/2015,TXK,AR,ASW,CE,Federal Contract Tower,0,7,17,1,25,0,0,9,1,10,0,7,26,2,35,24,0,24,59
11/26/2015,TXK,AR,ASW,CE,Federal Contract Tower,0,5,5,0,10,0,3,0,0,3,0,8,5,0,13,2,0,2,15
11/27/2015,TXK,AR,ASW,CE,Federal Contract Tower,0,10,11,0,21,0,0,0,0,0,0,10,11,0,21,10,0,10,31
11/28/2015,TXK,AR,ASW,CE,Federal Contract Tower,0,11,8,0,19,0,0,0,0,0,0,11,8,0,19,0,0,0,19
11/29/2015,TXK,AR,ASW,CE,Federal Contract Tower,0,6,8,0,14,0,0,0,0,0,0,6,8,0,14,0,0,0,14
11/30/2015,TXK,AR,ASW,CE,Federal Contract Tower,0,7,10,2,19,0,0,1,0,1,0,7,11,2,20,0,0,0,20
12/01/2015,TXK,AR,ASW,CE,Federal Contract Tower,0,5,19,8,32,0,8,10,2,20,0,13,29,10,52,18,8,26,78
12/02/2015,TXK,AR,ASW,CE,Federal Contract Tower,0,7,12,0,19,0,3,14,0,17,0,10,26,0,36,26,0,26,62
12/03/2015,TXK,AR,ASW,CE,Federal Contract Tower,0,9,10,8,27,0,6,18,1,25,0,15,28,9,52,44,0,44,96
12/04/2015,TXK,AR,ASW,CE,Federal Contract Tower,0,9,17,3,29,0,4,17,0,21,0,13,34,3,50,26,2,28,78
12/05/2015,TXK,AR,ASW,CE,Federal Contract Tower,0,10,14,0,24,0,8,12,0,20,0,18,26,0,44,16,0,16,60
12/06/2015,TXK,AR,ASW,CE,Federal Contract Tower,0,10,25,0,35,0,2,16,0,18,0,12,41,0,53,6,0,6,59
12/07/2015,TXK,AR,ASW,CE,Federal Contract Tower,0,7,13,0,20,0,3,12,0,15,0,10,25,0,35,4,0,4,39
12/08/2015,TXK,AR,ASW,CE,Federal Contract Tower,0,7,16,7,30,0,2,12,3,17,0,9,28,10,47,20,8,28,75
12/09/2015,TXK,AR,ASW,CE,Federal Contract Tower,0,7,35,3,45,0,4,13,0,17,0,11,48,3,62,12,4,16,78
12/10/2015,TXK,AR,ASW,CE,Federal Contract Tower,0,8,19,0,27,0,1,9,0,10,0,9,28,0,37,12,0,12,49
12/11/2015,TXK,AR,ASW,CE,Federal Contract Tower,8,18,21,0,47,0,6,11,2,19,8,24,32,2,66,30,17,47,113
12/12/2015,TXK,AR,ASW,CE,Federal Contract Tower,0,4,3,0,7,0,3,5,0,8,0,7,8,0,15,20,0,20,35
12/13/2015,TXK,AR,ASW,CE,Federal Contract Tower,0,5,13,0,18,0,0,1,0,1,0,5,14,0,19,0,0,0,19
12/14/2015,TXK,AR,ASW,CE,Federal Contract Tower,0,8,8,2,18,0,4,7,1,12,0,12,15,3,30,8,4,12,42
12/15/2015,TXK,AR,ASW,CE,Federal Contract Tower,0,9,12,1,22,0,9,15,8,32,0,18,27,9,54,48,4,52,106
12/16/2015,TXK,AR,ASW,CE,Federal Contract Tower,0,7,21,3,31,0,4,12,7,23,0,11,33,10,54,36,26,62,116
12/17/2015,TXK,AR,ASW,CE,Federal Contract Tower,0,14,15,7,36,0,5,19,2,26,0,19,34,9,62,74,14,88,150
12/18/2015,TXK,AR,ASW,CE,Federal Contract Tower,0,6,18,2,26,0,7,25,2,34,0,13,43,4,60,34,24,58,118
12/19/2015,TXK,AR,ASW,CE,Federal Contract Tower,0,8,18,0,26,0,1,30,0,31,0,9,48,0,57,66,0,66,123
12/20/2015,TXK,AR,ASW,CE,Federal Contract Tower,0,6,10,0,16,0,0,9,0,9,0,6,19,0,25,20,0,20,45
12/21/2015,TXK,AR,ASW,CE,Federal Contract Tower,0,5,9,2,16,0,4,4,0,8,0,9,13,2,24,4,0,4,28
12/22/2015,TXK,AR,ASW,CE,Federal Contract Tower,0,16,13,4,33,0,4,13,3,20,0,20,26,7,53,20,8,28,81
12/23/2015,TXK,AR,ASW,CE,Federal Contract Tower,0,7,8,0,15,0,6,0,0,6,0,13,8,0,21,2,0,2,23
12/24/2015,TXK,AR,ASW,CE,Federal Contract Tower,0,7,12,0,19,0,5,27,0,32,0,12,39,0,51,22,0,22,73
12/25/2015,TXK,AR,ASW,CE,Federal Contract Tower,0,8,5,0,13,0,4,0,0,4,0,12,5,0,17,0,0,0,17
12/26/2015,TXK,AR,ASW,CE,Federal Contract Tower,0,10,7,0,17,0,3,0,0,3,0,13,7,0,20,4,0,4,24
12/27/2015,TXK,AR,ASW,CE,Federal Contract Tower,0,6,5,0,11,0,0,0,0,0,0,6,5,0,11,0,0,0,11
12/28/2015,TXK,AR,ASW,CE,Federal Contract Tower,0,11,9,0,20,0,0,1,0,1,0,11,10,0,21,2,0,2,23
12/29/2015,TXK,AR,ASW,CE,Federal Contract Tower,0,5,13,2,20,0,3,2,0,5,0,8,15,2,25,2,0,2,27
12/30/2015,TXK,AR,ASW,CE,Federal Contract Tower,0,9,14,5,28,0,5,18,0,23,0,14,32,5,51,18,8,26,77
12/31/2015,TXK,AR,ASW,CE,Federal Contract Tower,0,5,9,0,14,0,4,21,0,25,0,9,30,0,39,16,0,16,55
01/01/2016,TXK,AR,ASW,CE,Federal Contract Tower,0,6,11,0,17,0,9,23,0,32,0,15,34,0,49,30,0,30,79
01/02/2016,TXK,AR,ASW,CE,Federal Contract Tower,0,6,10,0,16,0,8,20,0,28,0,14,30,0,44,22,0,22,66
01/03/2016,TXK,AR,ASW,CE,Federal Contract Tower,0,9,17,0,26,0,8,14,0,22,0,17,31,0,48,12,0,12,60
01/04/2016,TXK,AR,ASW,CE,Federal Contract Tower,0,5,9,2,16,0,8,12,0,20,0,13,21,2,36,28,0,28,64
01/05/2016,TXK,AR,ASW,CE,Federal Contract Tower,0,6,11,5,22,0,6,20,2,28,0,12,31,7,50,28,26,54,104
01/06/2016,TXK,AR,ASW,CE,Federal Contract Tower,0,6,22,2,30,0,6,6,4,16,0,12,28,6,46,10,10,20,66
01/07/2016,TXK,AR,ASW,CE,Federal Contract Tower,0,9,7,2,18,0,0,0,0,0,0,9,7,2,18,0,0,0,18
01/08/2016,TXK,AR,ASW,CE,Federal Contract Tower,0,7,9,3,19,0,0,9,2,11,0,7,18,5,30,12,24,36,66
01/09/2016,TXK,AR,ASW,CE,Federal Contract Tower,0,5,11,0,16,0,0,3,0,3,0,5,14,0,19,0,0,0,19
01/10/2016,TXK,AR,ASW,CE,Federal Contract Tower,0,9,14,0,23,0,5,16,4,25,0,14,30,4,48,18,0,18,66
01/11/2016,TXK,AR,ASW,CE,Federal Contract Tower,0,9,9,6,24,0,9,21,4,34,0,18,30,10,58,12,22,34,92
01/12/2016,TXK,AR,ASW,CE,Federal Contract Tower,0,9,8,5,22,0,2,12,0,14,0,11,20,5,36,8,0,8,44
01/13/2016,TXK,AR,ASW,CE,Federal Contract Tower,0,14,24,0,38,0,7,18,0,25,0,21,42,0,63,14,0,14,77
01/14/2016,TXK,AR,ASW,CE,Federal Contract Tower,0,8,19,2,29,0,3,18,0,21,0,11,37,2,50,20,0,20,70
01/15/2016,TXK,AR,ASW,CE,Federal Contract Tower,0,12,9,2,23,0,7,29,0,36,0,19,38,2,59,42,2,44,103
01/16/2016,TXK,AR,ASW,CE,Federal Contract Tower,0,6,13,0,19,0,0,8,0,8,0,6,21,0,27,18,0,18,45
01/17/2016,TXK,AR,ASW,CE,Federal Contract Tower,0,7,9,0,16,0,4,17,0,21,0,11,26,0,37,12,0,12,49
01/18/2016,TXK,AR,ASW,CE,Federal Contract Tower,0,9,19,0,28,0,0,16,0,16,0,9,35,0,44,18,0,18,62
01/19/2016,TXK,AR,ASW,CE,Federal Contract Tower,0,7,25,0,32,0,7,7,0,14,0,14,32,0,46,12,0,12,58
01/20/2016,TXK,AR,ASW,CE,Federal Contract Tower,0,8,15,0,23,0,2,1,0,3,0,10,16,0,26,0,0,0,26
01/21/2016,TXK,AR,ASW,CE,Federal Contract Tower,0,8,19,0,27,0,0,0,0,0,0,8,19,0,27,0,0,0,27
01/22/2016,TXK,AR,ASW,CE,Federal Contract Tower,0,11,18,0,29,0,14,9,2,25,0,25,27,2,54,20,0,20,74
01/23/2016,TXK,AR,ASW,CE,Federal Contract Tower,0,13,13,7,33,0,2,23,1,26,0,15,36,8,59,50,14,64,123
01/24/2016,TXK,AR,ASW,CE,Federal Contract Tower,0,10,8,3,21,0,10,15,0,25,0,20,23,3,46,26,2,28,74
01/25/2016,TXK,AR,ASW,CE,Federal Contract Tower,0,9,17,3,29,0,4,4,1,9,0,13,21,4,38,0,36,36,74
01/26/2016,TXK,AR,ASW,CE,Federal Contract Tower,0,5,13,2,20,0,2,6,2,10,0,7,19,4,30,6,0,6,36
01/27/2016,TXK,AR,ASW,CE,Federal Contract Tower,0,7,18,9,34,0,4,29,1,34,0,11,47,10,68,44,14,58,126
01/28/2016,TXK,AR,ASW,CE,Federal Contract Tower,0,8,24,2,34,0,3,17,0,20,0,11,41,2,54,14,0,14,68
01/29/2016,TXK,AR,ASW,CE,Federal Contract Tower,0,10,23,13,46,0,1,24,3,28,0,11,47,16,74,12,18,30,104
01/30/2016,TXK,AR,ASW,CE,Federal Contract Tower,0,6,9,9,24,0,9,49,1,59,0,15,58,10,83,60,4,64,147
01/31/2016,TXK,AR,ASW,CE,Federal Contract Tower,0,7,14,0,21,0,7,10,0,17,0,14,24,0,38,8,0,8,46
02/01/2016,TXK,AR,ASW,CE,Federal Contract Tower,0,6,7,1,14,0,0,17,1,18,0,6,24,2,32,0,30,30,62
02/02/2016,TXK,AR,ASW,CE,Federal Contract Tower,0,8,14,0,22,0,8,11,4,23,0,16,25,4,45,14,0,14,59
02/03/2016,TXK,AR,ASW,CE,Federal Contract Tower,0,8,29,6,43,0,3,27,0,30,0,11,56,6,73,18,8,26,99
02/04/2016,TXK,AR,ASW,CE,Federal Contract Tower,0,10,27,0,37,0,4,22,0,26,0,14,49,0,63,26,0,26,89
02/05/2016,TXK,AR,ASW,CE,Federal Contract Tower,0,7,17,0,24,0,0,10,2,12,0,7,27,2,36,0,0,0,36
02/06/2016,TXK,AR,ASW,CE,Federal Contract Tower,0,6,10,2,18,0,1,16,0,17,0,7,26,2,35,44,0,44,79
02/07/2016,TXK,AR,ASW,CE,Federal Contract Tower,0,5,9,10,24,0,2,20,10,32,0,7,29,20,56,26,16,42,98
02/08/2016,TXK,AR,ASW,CE,Federal Contract Tower,0,5,13,5,23,0,2,4,0,6,0,7,17,5,29,8,8,16,45
02/09/2016,TXK,AR,ASW,CE,Federal Contract Tower,0,14,17,0,31,0,8,6,0,14,0,22,23,0,45,10,0,10,55
02/10/2016,TXK,AR,ASW,CE,Federal Contract Tower,0,6,29,0,35,0,3,19,0,22,0,9,48,0,57,60,0,60,117
02/11/2016,TXK,AR,ASW,CE,Federal Contract Tower,0,10,19,1,30,0,2,27,1,30,0,12,46,2,60,34,0,34,94
02/12/2016,TXK,AR,ASW,CE,Federal Contract Tower,0,5,23,2,30,0,1,29,0,30,0,6,52,2,60,56,0,56,116
02/13/2016,TXK,AR,ASW,CE,Federal Contract Tower,0,5,11,0,16,0,10,37,0,47,0,15,48,0,63,54,0,54,117
02/14/2016,TXK,AR,ASW,CE,Federal Contract Tower,0,4,10,0,14,0,0,14,0,14,0,4,24,0,28,22,0,22,50
02/15/2016,TXK,AR,ASW,CE,Federal Contract Tower,0,11,8,0,19,0,3,6,0,9,0,14,14,0,28,30,0,30,58
02/16/2016,TXK,AR,ASW,CE,Federal Contract Tower,0,4,15,0,19,0,3,15,0,18,0,7,30,0,37,46,0,46,83
02/17/2016,TXK,AR,ASW,CE,Federal Contract Tower,0,7,23,3,33,0,5,22,1,28,0,12,45,4,61,6,6,12,73
02/18/2016,TXK,AR,ASW,CE,Federal Contract Tower,0,9,22,4,35,0,7,7,1,15,0,16,29,5,50,10,10,20,70
02/19/2016,TXK,AR,ASW,CE,Federal Contract Tower,0,6,14,1,21,0,3,8,3,14,0,9,22,4,35,14,0,14,49
02/20/2016,TXK,AR,ASW,CE,Federal Contract Tower,0,5,16,2,23,0,2,2,0,4,0,7,18,2,27,12,0,12,39
02/21/2016,TXK,AR,ASW,CE,Federal Contract Tower,0,6,15,4,25,0,3,8,1,12,0,9,23,5,37,8,8,16,53
02/22/2016,TXK,AR,ASW,CE,Federal Contract Tower,0,7,7,0,14,0,3,6,0,9,0,10,13,0,23,14,0,14,37
02/23/2016,TXK,AR,ASW,CE,Federal Contract Tower,0,8,8,0,16,0,0,0,0,0,0,8,8,0,16,0,0,0,16
02/24/2016,TXK,AR,ASW,CE,Federal Contract Tower,0,8,13,18,39,0,4,12,6,22,0,12,25,24,61,22,70,92,153
02/25/2016,TXK,AR,ASW,CE,Federal Contract Tower,0,7,24,3,34,0,3,38,2,43,0,10,62,5,77,4,0,4,81
02/26/2016,TXK,AR,ASW,CE,Federal Contract Tower,0,6,22,5,33,0,4,19,2,25,0,10,41,7,58,20,10,30,88
02/27/2016,TXK,AR,ASW,CE,Federal Contract Tower,0,5,18,0,23,0,4,18,0,22,0,9,36,0,45,20,0,20,65
02/28/2016,TXK,AR,ASW,CE,Federal Contract Tower,0,9,13,4,26,0,6,9,1,16,0,15,22,5,42,14,0,14,56
02/29/2016,TXK,AR,ASW,CE,Federal Contract Tower,0,7,19,1,27,0,5,14,0,19,0,12,33,1,46,22,2,24,70
03/01/2016,TXK,AR,ASW,CE,Federal Contract Tower,0,5,18,7,30,0,9,4,0,13,0,14,22,7,43,4,10,14,57
03/02/2016,TXK,AR,ASW,CE,Federal Contract Tower,0,7,12,4,23,0,1,26,6,33,0,8,38,10,56,12,0,12,68
03/03/2016,TXK,AR,ASW,CE,Federal Contract Tower,0,5,28,0,33,0,5,11,2,18,0,10,39,2,51,8,0,8,59
03/04/2016,TXK,AR,ASW,CE,Federal Contract Tower,0,6,24,4,34,0,4,27,7,38,0,10,51,11,72,12,14,26,98
03/05/2016,TXK,AR,ASW,CE,Federal Contract Tower,0,5,12,0,17,0,5,22,2,29,0,10,34,2,46,33,0,33,79
03/06/2016,TXK,AR,ASW,CE,Federal Contract Tower,0,6,14,1,21,0,10,13,0,23,0,16,27,1,44,12,4,16,60
03/07/2016,TXK,AR,ASW,CE,Federal Contract Tower,0,7,5,0,12,0,7,2,0,9,0,14,7,0,21,8,0,8,29
03/08/2016,TXK,AR,ASW,CE,Federal Contract Tower,0,2,12,0,14,0,0,0,1,1,0,2,12,1,15,0,0,0,15
03/09/2016,TXK,AR,ASW,CE,Federal Contract Tower,0,4,6,0,10,0,0,1,0,1,0,4,7,0,11,2,0,2,13
03/10/2016,TXK,AR,ASW,CE,Federal Contract Tower,0,6,8,0,14,0,0,3,0,3,0,6,11,0,17,4,0,4,21
03/11/2016,TXK,AR,ASW,CE,Federal Contract Tower,0,6,11,0,17,0,1,0,0,1,0,7,11,0,18,2,0,2,20
03/12/2016,TXK,AR,ASW,CE,Federal Contract Tower,0,8,6,0,14,0,0,8,0,8,0,8,14,0,22,36,0,36,58
03/13/2016,TXK,AR,ASW,CE,Federal Contract Tower,0,10,13,0,23,0,9,12,10,31,0,19,25,10,54,4,0,4,58
03/14/2016,TXK,AR,ASW,CE,Federal Contract Tower,0,6,12,3,21,0,4,12,0,16,0,10,24,3,37,18,4,22,59
03/15/2016,TXK,AR,ASW,CE,Federal Contract Tower,0,6,11,2,19,0,0,22,0,22,0,6,33,2,41,40,2,42,83
03/16/2016,TXK,AR,ASW,CE,Federal Contract Tower,0,7,19,0,26,0,10,15,0,25,0,17,34,0,51,14,0,14,65
03/17/2016,TXK,AR,ASW,CE,Federal Contract Tower,0,6,14,0,20,0,3,2,0,5,0,9,16,0,25,0,0,0,25
03/18/2016,TXK,AR,ASW,CE,Federal Contract Tower,0,6,9,2,17,0,3,9,0,12,0,9,18,2,29,14,0,14,43
03/19/2016,TXK,AR,ASW,CE,Federal Contract Tower,0,10,17,10,37,0,12,10,1,23,0,22,27,11,60,16,22,38,98
03/20/2016,TXK,AR,ASW,CE,Federal Contract Tower,0,5,18,0,23,0,12,12,0,24,0,17,30,0,47,12,0,12,59
03/21/2016,TXK,AR,ASW,CE,Federal Contract Tower,0,5,15,0,20,0,10,24,0,34,0,15,39,0,54,44,0,44,98
03/22/2016,TXK,AR,ASW,CE,Federal Contract Tower,0,4,12,0,16,0,7,10,0,17,0,11,22,0,33,8,0,8,41
03/23/2016,TXK,AR,ASW,CE,Federal Contract Tower,0,8,13,2,23,0,1,1,2,4,0,9,14,4,27,0,28,28,55
03/24/2016,TXK,AR,ASW,CE,Federal Contract Tower,0,7,17,0,24,0,0,10,0,10,0,7,27,0,34,10,0,10,44
03/25/2016,TXK,AR,ASW,CE,Federal Contract Tower,0,5,18,7,30,0,4,27,2,33,0,9,45,9,63,22,32,54,117
03/26/2016,TXK,AR,ASW,CE,Federal Contract Tower,0,4,14,0,18,0,3,27,0,30,0,7,41,0,48,14,0,14,62
03/27/2016,TXK,AR,ASW,CE,Federal Contract Tower,0,9,9,0,18,0,0,7,0,7,0,9,16,0,25,4,0,4,29
03/28/2016,TXK,AR,ASW,CE,Federal Contract Tower,0,8,22,1,31,0,10,11,1,22,0,18,33,2,53,36,4,40,93
03/29/2016,TXK,AR,ASW,CE,Federal Contract Tower,0,6,17,8,31,0,2,12,18,32,0,8,29,26,63,14,88,102,165
03/30/2016,TXK,AR,ASW,CE,Federal Contract Tower,0,3,9,0,12,0,0,0,0,0,0,3,9,0,12,2,0,2,14
03/31/2016,TXK,AR,ASW,CE,Federal Contract Tower,0,6,11,6,23,0,0,5,1,6,0,6,16,7,29,14,0,14,43
04/01/2016,TXK,AR,ASW,CE,Federal Contract Tower,0,6,13,2,21,0,5,13,0,18,0,11,26,2,39,6,2,8,47
04/02/2016,TXK,AR,ASW,CE,Federal Contract Tower,0,8,12,14,34,0,5,12,2,19,0,13,24,16,53,18,34,52,105
04/03/2016,TXK,AR,ASW,CE,Federal Contract Tower,0,5,8,0,13,0,6,15,0,21,0,11,23,0,34,10,0,10,44
04/04/2016,TXK,AR,ASW,CE,Federal Contract Tower,0,6,10,0,16,0,4,16,0,20,0,10,26,0,36,24,0,24,60
04/05/2016,TXK,AR,ASW,CE,Federal Contract Tower,0,6,15,4,25,0,11,21,2,34,0,17,36,6,59,40,10,50,109
04/06/2016,TXK,AR,ASW,CE,Federal Contract Tower,0,14,18,5,37,0,4,10,2,16,0,18,28,7,53,6,16,22,75
04/07/2016,TXK,AR,ASW,CE,Federal Contract Tower,0,6,14,2,22,0,4,26,1,31,0,10,40,3,53,22,10,32,85
04/08/2016,TXK,AR,ASW,CE,Federal Contract Tower,0,6,13,0,19,0,7,7,0,14,0,13,20,0,33,2,0,2,35
04/09/2016,TXK,AR,ASW,CE,Federal Contract Tower,0,4,10,16,30,0,6,23,4,33,0,10,33,20,63,34,46,80,143
04/10/2016,TXK,AR,ASW,CE,Federal Contract Tower,0,5,8,0,13,0,6,2,0,8,0,11,10,0,21,4,0,4,25
04/11/2016,TXK,AR,ASW,CE,Federal Contract Tower,0,5,7,0,12,0,0,0,0,0,0,5,7,0,12,0,0,0,12
04/12/2016,TXK,AR,ASW,CE,Federal Contract Tower,0,5,24,11,40,0,5,26,6,37,0,10,50,17,77,34,46,80,157
04/13/2016,TXK,AR,ASW,CE,Federal Contract Tower,0,5,29,0,34,0,7,8,0,15,0,12,37,0,49,12,0,12,61
04/14/2016,TXK,AR,ASW,CE,Federal Contract Tower,0,8,18,0,26,0,14,22,0,36,0,22,40,0,62,28,0,28,90
04/15/2016,TXK,AR,ASW,CE,Federal Contract Tower,0,6,15,0,21,0,0,6,0,6,0,6,21,0,27,2,0,2,29
04/16/2016,TXK,AR,ASW,CE,Federal Contract Tower,0,5,4,5,14,0,0,1,0,1,0,5,5,5,15,0,0,0,15
04/17/2016,TXK,AR,ASW,CE,Federal Contract Tower,0,3,11,0,14,0,2,4,0,6,0,5,15,0,20,2,0,2,22
04/18/2016,TXK,AR,ASW,CE,Federal Contract Tower,0,7,1,1,9,0,0,0,0,0,0,7,1,1,9,0,0,0,9
04/19/2016,TXK,AR,ASW,CE,Federal Contract Tower,0,5,9,4,18,0,0,1,0,1,0,5,10,4,19,2,0,2,21
04/20/2016,TXK,AR,ASW,CE,Federal Contract Tower,0,6,14,0,20,0,0,4,0,4,0,6,18,0,24,0,0,0,24
04/21/2016,TXK,AR,ASW,CE,Federal Contract Tower,0,8,12,2,22,0,6,26,0,32,0,14,38,2,54,12,0,12,66
04/22/2016,TXK,AR,ASW,CE,Federal Contract Tower,0,12,21,3,36,0,4,20,1,25,0,16,41,4,61,36,0,36,97
04/23/2016,TXK,AR,ASW,CE,Federal Contract Tower,0,6,19,0,25,0,4,16,0,20,0,10,35,0,45,14,0,14,59
04/24/2016,TXK,AR,ASW,CE,Federal Contract Tower,0,7,15,0,22,0,2,10,0,12,0,9,25,0,34,0,0,0,34
04/25/2016,TXK,AR,ASW,CE,Federal Contract Tower,0,8,20,5,33,0,0,7,0,7,0,8,27,5,40,8,4,12,52
04/26/2016,TXK,AR,ASW,CE,Federal Contract Tower,0,8,15,3,26,0,3,14,3,20,0,11,29,6,46,10,18,28,74
04/27/2016,TXK,AR,ASW,CE,Federal Contract Tower,0,6,10,0,16,0,5,10,2,17,0,11,20,2,33,32,0,32,65
04/28/2016,TXK,AR,ASW,CE,Federal Contract Tower,0,12,16,0,28,0,4,34,2,40,0,16,50,2,68,48,0,48,116
04/29/2016,TXK,AR,ASW,CE,Federal Contract Tower,0,3,6,0,9,0,0,0,0,0,0,3,6,0,9,0,0,0,9
04/30/2016,TXK,AR,ASW,CE,Federal Contract Tower,0,6,9,0,15,0,4,6,0,10,0,10,15,0,25,6,0,6,31
05/01/2016,TXK,AR,ASW,CE,Federal Contract Tower,0,9,11,0,20,0,6,19,0,25,0,15,30,0,45,18,0,18,63
05/02/2016,TXK,AR,ASW,CE,Federal Contract Tower,0,6,6,0,12,0,1,3,0,4,0,7,9,0,16,2,0,2,18
05/03/2016,TXK,AR,ASW,CE,Federal Contract Tower,0,7,23,0,30,0,4,22,0,26,0,11,45,0,56,56,0,56,112
05/04/2016,TXK,AR,ASW,CE,Federal Contract Tower,0,7,14,3,24,0,6,11,0,17,0,13,25,3,41,28,4,32,73
05/05/2016,TXK,AR,ASW,CE,Federal Contract Tower,0,9,17,0,26,0,7,21,0,28,0,16,38,0,54,38,0,38,92
05/06/2016,TXK,AR,ASW,CE,Federal Contract Tower,0,10,20,0,30,0,4,28,0,32,0,14,48,0,62,44,0,44,106
05/07/2016,TXK,AR,ASW,CE,Federal Contract Tower,0,7,17,0,24,0,3,35,0,38,0,10,52,0,62,8,0,8,70
05/08/2016,TXK,AR,ASW,CE,Federal Contract Tower,0,5,11,0,16,0,7,5,0,12,0,12,16,0,28,4,0,4,32
05/09/2016,TXK,AR,ASW,CE,Federal Contract Tower,0,10,9,0,19,0,0,3,0,3,0,10,12,0,22,2,0,2,24
05/10/2016,TXK,AR,ASW,CE,Federal Contract Tower,0,10,12,2,24,0,8,9,0,17,0,18,21,2,41,2,0,2,43
05/11/2016,TXK,AR,ASW,CE,Federal Contract Tower,0,8,18,0,26,0,6,3,0,9,0,14,21,0,35,0,0,0,35
05/12/2016,TXK,AR,ASW,CE,Federal Contract Tower,0,8,16,0,24,0,6,10,2,18,0,14,26,2,42,26,0,26,68
05/13/2016,TXK,AR,ASW,CE,Federal Contract Tower,0,10,5,2,17,0,4,26,6,36,0,14,31,8,53,4,0,4,57
05/14/2016,TXK,AR,ASW,CE,Federal Contract Tower,0,9,17,0,26,0,6,6,2,14,0,15,23,2,40,0,0,0,40
05/15/2016,TXK,AR,ASW,CE,Federal Contract Tower,0,8,7,2,17,0,0,17,0,17,0,8,24,2,34,10,0,10,44
05/16/2016,TXK,AR,ASW,CE,Federal Contract Tower,0,11,14,0,25,0,2,3,0,5,0,13,17,0,30,0,0,0,30
05/18/2016,TXK,AR,ASW,CE,Federal Contract Tower,0,12,28,2,42,0,3,0,0,3,0,15,28,2,45,6,2,8,53
05/19/2016,TXK,AR,ASW,CE,Federal Contract Tower,0,8,13,0,21,0,5,1,0,6,0,13,14,0,27,4,0,4,31
05/20/2016,TXK,AR,ASW,CE,Federal Contract Tower,0,6,20,0,26,0,4,7,0,11,0,10,27,0,37,6,0,6,43
05/21/2016,TXK,AR,ASW,CE,Federal Contract Tower,0,4,10,0,14,0,6,17,0,23,0,10,27,0,37,2,0,2,39
05/22/2016,TXK,AR,ASW,CE,Federal Contract Tower,0,7,23,0,30,0,3,16,0,19,0,10,39,0,49,4,0,4,53
05/23/2016,TXK,AR,ASW,CE,Federal Contract Tower,0,9,5,0,14,0,2,5,0,7,0,11,10,0,21,22,0,22,43
05/24/2016,TXK,AR,ASW,CE,Federal Contract Tower,0,8,24,0,32,0,0,4,0,4,0,8,28,0,36,0,0,0,36
05/25/2016,TXK,AR,ASW,CE,Federal Contract Tower,0,18,17,2,37,0,4,14,2,20,0,22,31,4,57,8,0,8,65
05/26/2016,TXK,AR,ASW,CE,Federal Contract Tower,0,7,15,0,22,0,0,1,0,1,0,7,16,0,23,4,0,4,27
05/27/2016,TXK,AR,ASW,CE,Federal Contract Tower,0,8,10,0,18,0,1,1,0,2,0,9,11,0,20,0,0,0,20
05/28/2016,TXK,AR,ASW,CE,Federal Contract Tower,0,6,6,0,12,0,2,5,0,7,0,8,11,0,19,0,0,0,19
05/29/2016,TXK,AR,ASW,CE,Federal Contract Tower,0,4,7,0,11,0,0,14,0,14,0,4,21,0,25,8,0,8,33
05/30/2016,TXK,AR,ASW,CE,Federal Contract Tower,0,13,13,0,26,0,4,17,0,21,0,17,30,0,47,14,0,14,61
05/31/2016,TXK,AR,ASW,CE,Federal Contract Tower,0,5,13,0,18,0,1,11,0,12,0,6,24,0,30,4,0,4,34
06/01/2016,TXK,AR,ASW,CE,Federal Contract Tower,0,7,17,0,24,0,0,3,0,3,0,7,20,0,27,34,0,34,61
06/02/2016,TXK,AR,ASW,CE,Federal Contract Tower,0,3,10,0,13,0,0,0,0,0,0,3,10,0,13,0,0,0,13
06/03/2016,TXK,AR,ASW,CE,Federal Contract Tower,0,11,7,0,18,0,0,2,0,2,0,11,9,0,20,4,0,4,24
06/04/2016,TXK,AR,ASW,CE,Federal Contract Tower,0,5,6,0,11,0,2,1,0,3,0,7,7,0,14,6,0,6,20
06/05/2016,TXK,AR,ASW,CE,Federal Contract Tower,0,9,10,1,20,0,2,9,8,19,0,11,19,9,39,2,0,2,41
06/06/2016,TXK,AR,ASW,CE,Federal Contract Tower,0,7,12,0,19,0,3,19,6,28,0,10,31,6,47,48,0,48,95
06/07/2016,TXK,AR,ASW,CE,Federal Contract Tower,0,8,24,0,32,0,8,12,6,26,0,16,36,6,58,16,0,16,74
06/08/2016,TXK,AR,ASW,CE,Federal Contract Tower,0,8,14,5,27,0,1,13,6,20,0,9,27,11,47,16,2,18,65
06/09/2016,TXK,AR,ASW,CE,Federal Contract Tower,0,10,16,0,26,0,2,10,0,12,0,12,26,0,38,4,0,4,42
06/10/2016,TXK,AR,ASW,CE,Federal Contract Tower,0,6,12,0,18,0,6,21,0,27,0,12,33,0,45,8,0,8,53
06/11/2016,TXK,AR,ASW,CE,Federal Contract Tower,0,3,2,0,5,0,0,8,2,10,0,3,10,2,15,40,0,40,55
06/12/2016,TXK,AR,ASW,CE,Federal Contract Tower,0,2,18,0,20,0,13,11,0,24,0,15,29,0,44,20,0,20,64
06/13/2016,TXK,AR,ASW,CE,Federal Contract Tower,0,5,8,2,15,0,3,2,0,5,0,8,10,2,20,2,0,2,22
06/14/2016,TXK,AR,ASW,CE,Federal Contract Tower,0,4,16,0,20,0,5,8,10,23,0,9,24,10,43,34,0,34,77
06/15/2016,TXK,AR,ASW,CE,Federal Contract Tower,0,6,21,1,28,0,0,20,1,21,0,6,41,2,49,24,0,24,73
06/16/2016,TXK,AR,ASW,CE,Federal Contract Tower,0,6,12,4,22,0,1,23,4,28,0,7,35,8,50,36,0,36,86
06/17/2016,TXK,AR,ASW,CE,Federal Contract Tower,0,8,13,0,21,0,6,21,0,27,0,14,34,0,48,8,0,8,56
06/18/2016,TXK,AR,ASW,CE,Federal Contract Tower,0,8,13,2,23,0,2,8,0,10,0,10,21,2,33,0,4,4,37
06/19/2016,TXK,AR,ASW,CE,Federal Contract Tower,0,8,7,0,15,0,8,12,0,20,0,16,19,0,35,10,0,10,45
06/20/2016,TXK,AR,ASW,CE,Federal Contract Tower,0,8,12,2,22,0,6,7,0,13,0,14,19,2,35,6,2,8,43
06/21/2016,TXK,AR,ASW,CE,Federal Contract Tower,0,7,15,0,22,0,14,24,0,38,0,21,39,0,60,38,0,38,98
06/22/2016,TXK,AR,ASW,CE,Federal Contract Tower,0,7,22,0,29,0,0,25,2,27,0,7,47,2,56,40,0,40,96
06/23/2016,TXK,AR,ASW,CE,Federal Contract Tower,0,8,18,0,26,0,0,14,0,14,0,8,32,0,40,28,0,28,68
06/24/2016,TXK,AR,ASW,CE,Federal Contract Tower,0,12,24,2,38,0,3,17,2,22,0,15,41,4,60,22,0,22,82
06/25/2016,TXK,AR,ASW,CE,Federal Contract Tower,0,11,9,3,23,0,2,12,1,15,0,13,21,4,38,12,4,16,54
06/26/2016,TXK,AR,ASW,CE,Federal Contract Tower,0,5,20,0,25,0,4,11,0,15,0,9,31,0,40,40,0,40,80
06/27/2016,TXK,AR,ASW,CE,Federal Contract Tower,0,9,10,0,19,0,0,14,8,22,0,9,24,8,41,22,0,22,63
06/28/2016,TXK,AR,ASW,CE,Federal Contract Tower,0,16,24,2,42,0,8,8,0,16,0,24,32,2,58,8,10,18,76
06/29/2016,TXK,AR,ASW,CE,Federal Contract Tower,0,10,22,3,35,0,3,21,4,28,0,13,43,7,63,4,2,6,69
06/30/2016,TXK,AR,ASW,CE,Federal Contract Tower,0,10,19,0,29,0,6,23,2,31,0,16,42,2,60,32,0,32,92
07/01/2016,TXK,AR,ASW,CE,Federal Contract Tower,0,8,17,0,25,0,3,10,0,13,0,11,27,0,38,8,0,8,46
07/02/2016,TXK,AR,ASW,CE,Federal Contract Tower,0,4,7,0,11,0,2,11,0,13,0,6,18,0,24,14,0,14,38
07/03/2016,TXK,AR,ASW,CE,Federal Contract Tower,0,6,6,0,12,0,4,9,0,13,0,10,15,0,25,10,0,10,35
07/04/2016,TXK,AR,ASW,CE,Federal Contract Tower,0,8,5,0,13,0,4,1,0,5,0,12,6,0,18,8,0,8,26
07/05/2016,TXK,AR,ASW,CE,Federal Contract Tower,0,9,10,0,19,0,1,9,6,16,0,10,19,6,35,16,0,16,51
07/06/2016,TXK,AR,ASW,CE,Federal Contract Tower,0,13,12,0,25,0,1,12,0,13,0,14,24,0,38,18,0,18,56
07/07/2016,TXK,AR,ASW,CE,Federal Contract Tower,0,11,14,0,25,0,0,12,0,12,0,11,26,0,37,0,0,0,37
07/08/2016,TXK,AR,ASW,CE,Federal Contract Tower,0,6,15,5,26,0,4,13,9,26,0,10,28,14,52,24,6,30,82
07/09/2016,TXK,AR,ASW,CE,Federal Contract Tower,0,8,9,0,17,0,2,7,0,9,0,10,16,0,26,0,0,0,26
07/10/2016,TXK,AR,ASW,CE,Federal Contract Tower,0,5,14,0,19,0,4,7,0,11,0,9,21,0,30,8,0,8,38
07/11/2016,TXK,AR,ASW,CE,Federal Contract Tower,0,6,14,0,20,0,2,9,4,15,0,8,23,4,35,26,0,26,61
07/12/2016,TXK,AR,ASW,CE,Federal Contract Tower,0,8,15,0,23,0,5,9,0,14,0,13,24,0,37,14,0,14,51
07/13/2016,TXK,AR,ASW,CE,Federal Contract Tower,0,12,23,0,35,0,4,14,2,20,0,16,37,2,55,8,0,8,63
07/14/2016,TXK,AR,ASW,CE,Federal Contract Tower,0,12,22,10,44,0,2,16,4,22,0,14,38,14,66,4,24,28,94
07/15/2016,TXK,AR,ASW,CE,Federal Contract Tower,0,7,7,3,17,0,4,16,1,21,0,11,23,4,38,14,6,20,58
07/16/2016,TXK,AR,ASW,CE,Federal Contract Tower,0,6,10,0,16,0,3,11,0,14,0,9,21,0,30,20,0,20,50
07/17/2016,TXK,AR,ASW,CE,Federal Contract Tower,0,7,9,4,20,0,12,12,2,26,0,19,21,6,46,22,12,34,80
07/18/2016,TXK,AR,ASW,CE,Federal Contract Tower,0,7,18,3,28,0,10,16,6,32,0,17,34,9,60,24,8,32,92
07/19/2016,TXK,AR,ASW,CE,Federal Contract Tower,0,5,12,10,27,0,1,14,3,18,0,6,26,13,45,30,48,78,123
07/20/2016,TXK,AR,ASW,CE,Federal Contract Tower,0,8,22,0,30,0,2,6,0,8,0,10,28,0,38,2,0,2,40
07/21/2016,TXK,AR,ASW,CE,Federal Contract Tower,0,12,26,5,43,0,3,14,0,17,0,15,40,5,60,8,8,16,76
07/22/2016,TXK,AR,ASW,CE,Federal Contract Tower,0,9,18,18,45,0,0,12,0,12,0,9,30,18,57,10,12,22,79
07/23/2016,TXK,AR,ASW,CE,Federal Contract Tower,0,7,14,0,21,0,14,2,0,16,0,21,16,0,37,20,0,20,57
07/24/2016,TXK,AR,ASW,CE,Federal Contract Tower,0,5,16,3,24,0,1,6,3,10,0,6,22,6,34,2,0,2,36
07/25/2016,TXK,AR,ASW,CE,Federal Contract Tower,0,8,4,0,12,0,1,15,0,16,0,9,19,0,28,14,0,14,42
07/26/2016,TXK,AR,ASW,CE,Federal Contract Tower,0,5,16,4,25,0,15,29,2,46,0,20,45,6,71,114,42,156,227
07/27/2016,TXK,AR,ASW,CE,Federal Contract Tower,0,7,11,2,20,0,0,5,3,8,0,7,16,5,28,4,0,4,32
07/28/2016,TXK,AR,ASW,CE,Federal Contract Tower,0,8,17,1,26,0,1,7,1,9,0,9,24,2,35,0,0,0,35
07/29/2016,TXK,AR,ASW,CE,Federal Contract Tower,8,17,4,0,29,0,4,9,1,14,8,21,13,1,43,16,14,30,73
07/30/2016,TXK,AR,ASW,CE,Federal Contract Tower,0,4,11,1,16,0,0,11,0,11,0,4,22,1,27,26,0,26,53
07/31/2016,TXK,AR,ASW,CE,Federal Contract Tower,0,9,23,0,32,0,7,10,0,17,0,16,33,0,49,12,0,12,61
08/01/2016,TXK,AR,ASW,CE,Federal Contract Tower,0,7,21,0,28,0,6,5,3,14,0,13,26,3,42,10,0,10,52
08/02/2016,TXK,AR,ASW,CE,Federal Contract Tower,0,8,33,2,43,0,4,18,12,34,0,12,51,14,77,34,10,44,121
08/03/2016,TXK,AR,ASW,CE,Federal Contract Tower,0,12,17,3,32,0,10,27,9,46,0,22,44,12,78,46,20,66,144
08/04/2016,TXK,AR,ASW,CE,Federal Contract Tower,0,16,19,3,38,0,5,20,10,35,0,21,39,13,73,10,8,18,91
08/05/2016,TXK,AR,ASW,CE,Federal Contract Tower,0,9,24,0,33,0,4,19,7,30,0,13,43,7,63,32,0,32,95
08/06/2016,TXK,AR,ASW,CE,Federal Contract Tower,0,9,18,0,27,0,15,18,0,33,0,24,36,0,60,40,0,40,100
08/07/2016,TXK,AR,ASW,CE,Federal Contract Tower,0,11,17,0,28,0,6,15,0,21,0,17,32,0,49,24,0,24,73
08/08/2016,TXK,AR,ASW,CE,Federal Contract Tower,0,9,11,0,20,0,4,9,0,13,0,13,20,0,33,18,0,18,51
08/09/2016,TXK,AR,ASW,CE,Federal Contract Tower,0,6,15,0,21,0,0,17,8,25,0,6,32,8,46,12,0,12,58
08/10/2016,TXK,AR,ASW,CE,Federal Contract Tower,0,7,21,7,35,0,2,16,8,26,0,9,37,15,61,6,44,50,111
08/11/2016,TXK,AR,ASW,CE,Federal Contract Tower,0,10,14,0,24,0,3,7,0,10,0,13,21,0,34,18,0,18,52
08/12/2016,TXK,AR,ASW,CE,Federal Contract Tower,0,10,6,21,37,0,10,16,2,28,0,20,22,23,65,40,40,80,145
08/13/2016,TXK,AR,ASW,CE,Federal Contract Tower,0,6,9,0,15,0,1,3,0,4,0,7,12,0,19,12,0,12,31
08/14/2016,TXK,AR,ASW,CE,Federal Contract Tower,0,11,9,3,23,0,0,1,0,1,0,11,10,3,24,4,2,6,30
08/15/2016,TXK,AR,ASW,CE,Federal Contract Tower,0,10,9,0,19,0,0,0,0,0,0,10,9,0,19,0,0,0,19
08/16/2016,TXK,AR,ASW,CE,Federal Contract Tower,0,5,5,0,10,0,0,0,0,0,0,5,5,0,10,0,0,0,10
08/17/2016,TXK,AR,ASW,CE,Federal Contract Tower,0,6,14,2,22,0,1,1,2,4,0,7,15,4,26,0,0,0,26
08/18/2016,TXK,AR,ASW,CE,Federal Contract Tower,0,4,16,0,20,0,0,2,0,2,0,4,18,0,22,0,0,0,22
08/19/2016,TXK,AR,ASW,CE,Federal Contract Tower,0,14,12,10,36,0,0,6,2,8,0,14,18,12,44,14,0,14,58
08/20/2016,TXK,AR,ASW,CE,Federal Contract Tower,0,4,7,0,11,0,1,3,0,4,0,5,10,0,15,12,0,12,27
08/21/2016,TXK,AR,ASW,CE,Federal Contract Tower,0,7,15,4,26,0,3,13,0,16,0,10,28,4,42,22,0,22,64
08/22/2016,TXK,AR,ASW,CE,Federal Contract Tower,0,9,11,6,26,0,1,3,0,4,0,10,14,6,30,4,16,20,50
08/23/2016,TXK,AR,ASW,CE,Federal Contract Tower,0,5,15,9,29,0,0,25,0,25,0,5,40,9,54,30,12,42,96
08/24/2016,TXK,AR,ASW,CE,Federal Contract Tower,0,11,23,5,39,0,3,25,4,32,0,14,48,9,71,50,2,52,123
08/25/2016,TXK,AR,ASW,CE,Federal Contract Tower,0,19,17,3,39,0,3,10,2,15,0,22,27,5,54,10,6,16,70
08/26/2016,TXK,AR,ASW,CE,Federal Contract Tower,0,7,5,19,31,0,4,15,12,31,0,11,20,31,62,14,62,76,138
08/27/2016,TXK,AR,ASW,CE,Federal Contract Tower,0,8,13,0,21,0,7,24,0,31,0,15,37,0,52,50,0,50,102
08/28/2016,TXK,AR,ASW,CE,Federal Contract Tower,0,10,15,3,28,0,0,9,0,9,0,10,24,3,37,0,0,0,37
08/29/2016,TXK,AR,ASW,CE,Federal Contract Tower,0,9,12,0,21,0,1,20,0,21,0,10,32,0,42,19,0,19,61
08/30/2016,TXK,AR,ASW,CE,Federal Contract Tower,0,10,31,2,43,0,8,16,0,24,0,18,47,2,67,32,0,32,99
08/31/2016,TXK,AR,ASW,CE,Federal Contract Tower,0,6,20,3,29,0,4,39,4,47,0,10,59,7,76,64,34,98,174
09/01/2016,TXK,AR,ASW,CE,Federal Contract Tower,0,8,11,3,22,0,17,4,0,21,0,25,15,3,43,50,36,86,129
09/02/2016,TXK,AR,ASW,CE,Federal Contract Tower,0,12,21,0,33,0,7,29,0,36,0,19,50,0,69,42,0,42,111
09/03/2016,TXK,AR,ASW,CE,Federal Contract Tower,0,4,15,0,19,0,8,20,0,28,0,12,35,0,47,24,0,24,71
09/04/2016,TXK,AR,ASW,CE,Federal Contract Tower,0,2,8,0,10,0,12,9,0,21,0,14,17,0,31,24,0,24,55
09/05/2016,TXK,AR,ASW,CE,Federal Contract Tower,0,10,20,0,30,0,7,19,0,26,0,17,39,0,56,16,0,16,72
09/06/2016,TXK,AR,ASW,CE,Federal Contract Tower,0,9,17,2,28,0,3,18,0,21,0,12,35,2,49,32,4,36,85
09/07/2016,TXK,AR,ASW,CE,Federal Contract Tower,0,9,14,3,26,0,6,14,1,21,0,15,28,4,47,42,0,42,89
09/08/2016,TXK,AR,ASW,CE,Federal Contract Tower,0,13,12,1,26,0,12,30,1,43,0,25,42,2,69,90,0,90,159
09/09/2016,TXK,AR,ASW,CE,Federal Contract Tower,0,8,20,14,42,0,10,19,4,33,0,18,39,18,75,52,32,84,159
09/10/2016,TXK,AR,ASW,CE,Federal Contract Tower,0,4,14,0,18,0,5,19,0,24,0,9,33,0,42,30,0,30,72
09/11/2016,TXK,AR,ASW,CE,Federal Contract Tower,0,8,23,0,31,0,7,30,0,37,0,15,53,0,68,26,0,26,94
09/12/2016,TXK,AR,ASW,CE,Federal Contract Tower,0,9,18,7,34,0,2,15,6,23,0,11,33,13,57,18,32,50,107
09/13/2016,TXK,AR,ASW,CE,Federal Contract Tower,0,11,11,3,25,0,6,24,8,38,0,17,35,11,63,28,34,62,125
09/14/2016,TXK,AR,ASW,CE,Federal Contract Tower,0,13,22,6,41,0,7,33,18,58,0,20,55,24,99,12,20,32,131
09/15/2016,TXK,AR,ASW,CE,Federal Contract Tower,0,9,27,0,36,0,3,16,2,21,0,12,43,2,57,74,0,74,131
09/16/2016,TXK,AR,ASW,CE,Federal Contract Tower,0,13,10,2,25,0,3,14,0,17,0,16,24,2,42,4,0,4,46
09/17/2016,TXK,AR,ASW,CE,Federal Contract Tower,0,9,3,5,17,0,5,11,0,16,0,14,14,5,33,24,4,28,61
09/18/2016,TXK,AR,ASW,CE,Federal Contract Tower,0,10,7,4,21,0,10,15,0,25,0,20,22,4,46,22,0,22,68
09/19/2016,TXK,AR,ASW,CE,Federal Contract Tower,0,7,18,6,31,0,12,18,1,31,0,19,36,7,62,38,20,58,120
09/20/2016,TXK,AR,ASW,CE,Federal Contract Tower,0,8,20,5,33,0,5,18,1,24,0,13,38,6,57,14,26,40,97
09/21/2016,TXK,AR,ASW,CE,Federal Contract Tower,0,6,17,7,30,0,4,32,4,40,0,10,49,11,70,36,26,62,132
09/22/2016,TXK,AR,ASW,CE,Federal Contract Tower,0,18,15,6,39,0,3,15,4,22,0,21,30,10,61,24,30,54,115
09/23/2016,TXK,AR,ASW,CE,Federal Contract Tower,0,8,24,3,35,0,0,22,1,23,0,8,46,4,58,44,0,44,102
09/24/2016,TXK,AR,ASW,CE,Federal Contract Tower,0,9,10,2,21,0,5,25,0,30,0,14,35,2,51,26,0,26,77
09/25/2016,TXK,AR,ASW,CE,Federal Contract Tower,0,6,19,0,25,0,0,14,0,14,0,6,33,0,39,14,0,14,53
09/26/2016,TXK,AR,ASW,CE,Federal Contract Tower,0,8,6,3,17,0,8,10,3,21,0,16,16,6,38,18,28,46,84
09/27/2016,TXK,AR,ASW,CE,Federal Contract Tower,0,7,44,6,57,0,6,13,2,21,0,13,57,8,78,28,8,36,114
09/28/2016,TXK,AR,ASW,CE,Federal Contract Tower,0,10,7,4,21,0,1,25,2,28,0,11,32,6,49,10,28,38,87
09/29/2016,TXK,AR,ASW,CE,Federal Contract Tower,0,7,22,1,30,0,1,16,2,19,0,8,38,3,49,32,0,32,81
09/30/2016,TXK,AR,ASW,CE,Federal Contract Tower,0,11,13,3,27,0,0,25,2,27,0,11,38,5,54,14,34,48,102
10/01/2016,TXK,AR,ASW,CE,Federal Contract Tower,0,6,11,0,17,0,8,23,1,32,0,14,34,1,49,38,0,38,87
10/02/2016,TXK,AR,ASW,CE,Federal Contract Tower,0,7,15,0,22,0,8,17,0,25,0,15,32,0,47,18,0,18,65
10/03/2016,TXK,AR,ASW,CE,Federal Contract Tower,0,12,5,9,26,0,0,19,1,20,0,12,24,10,46,2,8,10,56
10/04/2016,TXK,AR,ASW,CE,Federal Contract Tower,0,13,8,3,24,0,8,12,5,25,0,21,20,8,49,24,14,38,87
10/05/2016,TXK,AR,ASW,CE,Federal Contract Tower,0,9,23,4,36,0,0,8,4,12,0,9,31,8,48,0,8,8,56
10/06/2016,TXK,AR,ASW,CE,Federal Contract Tower,0,10,22,1,33,0,7,25,1,33,0,17,47,2,66,50,0,50,116
10/07/2016,TXK,AR,ASW,CE,Federal Contract Tower,0,9,18,0,27,0,3,31,0,34,0,12,49,0,61,26,0,26,87
10/08/2016,TXK,AR,ASW,CE,Federal Contract Tower,0,6,15,2,23,0,0,71,0,71,0,6,86,2,94,28,0,28,122
10/09/2016,TXK,AR,ASW,CE,Federal Contract Tower,0,8,12,3,23,0,2,18,0,20,0,10,30,3,43,8,6,14,57
10/10/2016,TXK,AR,ASW,CE,Federal Contract Tower,0,10,22,0,32,0,10,29,0,39,0,20,51,0,71,18,0,18,89
10/11/2016,TXK,AR,ASW,CE,Federal Contract Tower,0,7,34,2,43,0,3,19,3,25,0,10,53,5,68,40,28,68,136
10/12/2016,TXK,AR,ASW,CE,Federal Contract Tower,0,8,15,0,23,0,0,15,4,19,0,8,30,4,42,20,0,20,62
10/13/2016,TXK,AR,ASW,CE,Federal Contract Tower,0,7,11,0,18,0,0,3,0,3,0,7,14,0,21,0,0,0,21
10/14/2016,TXK,AR,ASW,CE,Federal Contract Tower,0,13,15,0,28,0,0,3,0,3,0,13,18,0,31,8,0,8,39
10/15/2016,TXK,AR,ASW,CE,Federal Contract Tower,0,9,16,7,32,0,7,3,1,11,0,16,19,8,43,2,18,20,63
10/16/2016,TXK,AR,ASW,CE,Federal Contract Tower,0,10,21,0,31,0,4,8,0,12,0,14,29,0,43,6,0,6,49
10/17/2016,TXK,AR,ASW,CE,Federal Contract Tower,0,12,12,3,27,0,2,9,0,11,0,14,21,3,38,14,6,20,58
10/18/2016,TXK,AR,ASW,CE,Federal Contract Tower,0,9,17,0,26,0,5,17,0,22,0,14,34,0,48,40,0,40,88
10/19/2016,TXK,AR,ASW,CE,Federal Contract Tower,0,8,24,0,32,0,5,14,0,19,0,13,38,0,51,38,0,38,89
10/20/2016,TXK,AR,ASW,CE,Federal Contract Tower,0,10,12,0,22,0,2,8,0,10,0,12,20,0,32,14,0,14,46
10/21/2016,TXK,AR,ASW,CE,Federal Contract Tower,0,12,20,2,34,0,9,12,0,21,0,21,32,2,55,18,0,18,73
10/22/2016,TXK,AR,ASW,CE,Federal Contract Tower,0,6,11,0,17,0,3,15,0,18,0,9,26,0,35,44,0,44,79
10/23/2016,TXK,AR,ASW,CE,Federal Contract Tower,0,9,19,6,34,0,4,13,3,20,0,13,32,9,54,12,10,22,76
10/24/2016,TXK,AR,ASW,CE,Federal Contract Tower,0,8,18,4,30,0,4,12,0,16,0,12,30,4,46,4,0,4,50
10/25/2016,TXK,AR,ASW,CE,Federal Contract Tower,0,12,15,4,31,0,7,18,2,27,0,19,33,6,58,54,30,84,142
10/26/2016,TXK,AR,ASW,CE,Federal Contract Tower,0,6,18,2,26,0,1,21,2,24,0,7,39,4,50,18,4,22,72
10/27/2016,TXK,AR,ASW,CE,Federal Contract Tower,0,9,15,6,30,0,8,14,1,23,0,17,29,7,53,36,4,40,93
10/28/2016,TXK,AR,ASW,CE,Federal Contract Tower,0,14,20,16,50,0,1,15,6,22,0,15,35,22,72,10,48,58,130
10/29/2016,TXK,AR,ASW,CE,Federal Contract Tower,0,9,16,3,28,0,5,10,9,24,0,14,26,12,52,20,20,40,92
10/30/2016,TXK,AR,ASW,CE,Federal Contract Tower,0,9,12,1,22,0,2,15,1,18,0,11,27,2,40,2,10,12,52
10/31/2016,TXK,AR,ASW,CE,Federal Contract Tower,0,10,20,2,32,0,6,11,1,18,0,16,31,3,50,24,0,24,74
11/01/2016,TXK,AR,ASW,CE,Federal Contract Tower,0,4,14,0,18,0,9,20,0,29,0,13,34,0,47,14,0,14,61
11/02/2016,TXK,AR,ASW,CE,Federal Contract Tower,0,15,17,0,32,0,1,14,6,21,0,16,31,6,53,6,0,6,59
11/03/2016,TXK,AR,ASW,CE,Federal Contract Tower,0,14,12,2,28,0,3,4,3,10,0,17,16,5,38,18,10,28,66
11/04/2016,TXK,AR,ASW,CE,Federal Contract Tower,0,13,21,5,39,0,1,14,2,17,0,14,35,7,56,26,4,30,86
11/05/2016,TXK,AR,ASW,CE,Federal Contract Tower,0,14,21,20,55,0,14,21,3,38,0,28,42,23,93,18,22,40,133
11/06/2016,TXK,AR,ASW,CE,Federal Contract Tower,0,9,13,6,28,0,4,24,0,28,0,13,37,6,56,26,12,38,94
11/07/2016,TXK,AR,ASW,CE,Federal Contract Tower,0,10,13,0,23,0,0,5,0,5,0,10,18,0,28,24,0,24,52
11/08/2016,TXK,AR,ASW,CE,Federal Contract Tower,0,6,18,0,24,0,0,1,0,1,0,6,19,0,25,16,0,16,41
11/09/2016,TXK,AR,ASW,CE,Federal Contract Tower,0,9,18,0,27,0,4,12,8,24,0,13,30,8,51,30,0,30,81
11/10/2016,TXK,AR,ASW,CE,Federal Contract Tower,0,10,24,3,37,0,2,16,3,21,0,12,40,6,58,30,2,32,90
11/11/2016,TXK,AR,ASW,CE,Federal Contract Tower,0,13,11,0,24,0,5,23,0,28,0,18,34,0,52,62,0,62,114
11/12/2016,TXK,AR,ASW,CE,Federal Contract Tower,0,5,12,0,17,0,2,14,0,16,0,7,26,0,33,34,0,34,67
11/13/2016,TXK,AR,ASW,CE,Federal Contract Tower,0,12,17,0,29,0,4,23,0,27,0,16,40,0,56,18,0,18,74
11/14/2016,TXK,AR,ASW,CE,Federal Contract Tower,0,11,12,2,25,0,5,14,2,21,0,16,26,4,46,4,0,4,50
11/15/2016,TXK,AR,ASW,CE,Federal Contract Tower,0,4,29,6,39,0,5,21,2,28,0,9,50,8,67,58,6,64,131
11/16/2016,TXK,AR,ASW,CE,Federal Contract Tower,0,10,21,5,36,0,11,19,3,33,0,21,40,8,69,26,6,32,101
11/17/2016,TXK,AR,ASW,CE,Federal Contract Tower,0,7,25,7,39,0,3,9,9,21,0,10,34,16,60,6,10,16,76
11/18/2016,TXK,AR,ASW,CE,Federal Contract Tower,0,8,13,0,21,0,1,4,0,5,0,9,17,0,26,8,0,8,34
11/19/2016,TXK,AR,ASW,CE,Federal Contract Tower,0,8,22,0,30,0,2,24,0,26,0,10,46,0,56,32,0,32,88
11/20/2016,TXK,AR,ASW,CE,Federal Contract Tower,0,6,16,0,22,0,9,19,0,28,0,15,35,0,50,18,0,18,68
11/21/2016,TXK,AR,ASW,CE,Federal Contract Tower,0,11,11,5,27,0,6,16,2,24,0,17,27,7,51,12,12,24,75
11/22/2016,TXK,AR,ASW,CE,Federal Contract Tower,0,6,11,0,17,0,0,1,0,1,0,6,12,0,18,0,0,0,18
11/23/2016,TXK,AR,ASW,CE,Federal Contract Tower,0,11,23,3,37,0,0,4,0,4,0,11,27,3,41,2,6,8,49
11/24/2016,TXK,AR,ASW,CE,Federal Contract Tower,0,4,12,0,16,0,2,11,0,13,0,6,23,0,29,8,0,8,37
11/25/2016,TXK,AR,ASW,CE,Federal Contract Tower,0,9,12,0,21,0,4,16,0,20,0,13,28,0,41,12,0,12,53
11/26/2016,TXK,AR,ASW,CE,Federal Contract Tower,0,7,10,0,17,0,0,1,0,1,0,7,11,0,18,0,0,0,18
11/27/2016,TXK,AR,ASW,CE,Federal Contract Tower,0,12,16,0,28,0,0,1,3,4,0,12,17,3,32,0,0,0,32
11/28/2016,TXK,AR,ASW,CE,Federal Contract Tower,0,2,6,1,9,0,3,0,3,6,0,5,6,4,15,4,0,4,19
11/29/2016,TXK,AR,ASW,CE,Federal Contract Tower,0,8,10,4,22,0,0,10,11,21,0,8,20,15,43,50,20,70,113
11/30/2016,TXK,AR,ASW,CE,Federal Contract Tower,0,12,8,2,22,0,8,22,2,32,0,20,30,4,54,40,0,40,94
12/01/2016,TXK,AR,ASW,CE,Federal Contract Tower,0,11,17,4,32,0,7,25,5,37,0,18,42,9,69,64,10,74,143
12/02/2016,TXK,AR,ASW,CE,Federal Contract Tower,0,16,23,2,41,0,2,6,7,15,0,18,29,9,56,10,20,30,86
12/03/2016,TXK,AR,ASW,CE,Federal Contract Tower,0,5,2,0,7,0,0,0,0,0,0,5,2,0,7,0,0,0,7
12/04/2016,TXK,AR,ASW,CE,Federal Contract Tower,0,8,13,0,21,0,0,0,0,0,0,8,13,0,21,4,0,4,25
12/05/2016,TXK,AR,ASW,CE,Federal Contract Tower,0,11,10,2,23,0,1,2,0,3,0,12,12,2,26,4,0,4,30
12/06/2016,TXK,AR,ASW,CE,Federal Contract Tower,0,11,14,9,34,0,4,4,0,8,0,15,18,9,42,6,4,10,52
12/07/2016,TXK,AR,ASW,CE,Federal Contract Tower,0,10,21,0,31,0,0,2,0,2,0,10,23,0,33,0,0,0,33
12/08/2016,TXK,AR,ASW,CE,Federal Contract Tower,0,17,19,2,38,0,0,10,0,10,0,17,29,2,48,12,2,14,62
12/09/2016,TXK,AR,ASW,CE,Federal Contract Tower,0,8,19,0,27,0,2,3,0,5,0,10,22,0,32,0,0,0,32
12/10/2016,TXK,AR,ASW,CE,Federal Contract Tower,0,7,13,17,37,0,4,19,5,28,0,11,32,22,65,38,14,52,117
12/11/2016,TXK,AR,ASW,CE,Federal Contract Tower,0,8,12,0,20,0,4,3,0,7,0,12,15,0,27,10,0,10,37
12/12/2016,TXK,AR,ASW,CE,Federal Contract Tower,0,13,9,5,27,0,4,4,0,8,0,17,13,5,35,26,14,40,75
12/13/2016,TXK,AR,ASW,CE,Federal Contract Tower,0,8,14,5,27,0,2,10,0,12,0,10,24,5,39,30,6,36,75
12/14/2016,TXK,AR,ASW,CE,Federal Contract Tower,0,15,15,7,37,0,2,7,1,10,0,17,22,8,47,8,20,28,75
12/15/2016,TXK,AR,ASW,CE,Federal Contract Tower,0,12,22,2,36,0,0,11,2,13,0,12,33,4,49,20,0,20,69
12/16/2016,TXK,AR,ASW,CE,Federal Contract Tower,0,10,18,6,34,0,2,1,0,3,0,12,19,6,37,2,2,4,41
12/17/2016,TXK,AR,ASW,CE,Federal Contract Tower,0,10,4,0,14,0,0,11,0,11,0,10,15,0,25,22,0,22,47
12/18/2016,TXK,AR,ASW,CE,Federal Contract Tower,0,10,14,11,35,0,2,2,3,7,0,12,16,14,42,0,10,10,52
12/19/2016,TXK,AR,ASW,CE,Federal Contract Tower,0,9,20,7,36,0,2,12,2,16,0,11,32,9,52,8,24,32,84
12/20/2016,TXK,AR,ASW,CE,Federal Contract Tower,0,9,26,0,35,0,7,4,0,11,0,16,30,0,46,10,0,10,56
12/21/2016,TXK,AR,ASW,CE,Federal Contract Tower,0,10,17,4,31,0,3,15,0,18,0,13,32,4,49,2,8,10,59
12/22/2016,TXK,AR,ASW,CE,Federal Contract Tower,0,11,22,0,33,0,14,14,0,28,0,25,36,0,61,22,0,22,83
12/23/2016,TXK,AR,ASW,CE,Federal Contract Tower,0,6,14,0,20,0,0,0,0,0,0,6,14,0,20,0,0,0,20
12/24/2016,TXK,AR,ASW,CE,Federal Contract Tower,0,6,0,0,6,0,0,0,0,0,0,6,0,0,6,0,0,0,6
12/25/2016,TXK,AR,ASW,CE,Federal Contract Tower,0,7,4,0,11,0,5,1,0,6,0,12,5,0,17,10,0,10,27
12/26/2016,TXK,AR,ASW,CE,Federal Contract Tower,0,6,11,0,17,0,0,0,0,0,0,6,11,0,17,2,0,2,19
12/27/2016,TXK,AR,ASW,CE,Federal Contract Tower,0,11,21,0,32,0,6,17,0,23,0,17,38,0,55,50,0,50,105
12/28/2016,TXK,AR,ASW,CE,Federal Contract Tower,0,7,13,0,20,0,0,0,0,0,0,7,13,0,20,0,0,0,20
12/29/2016,TXK,AR,ASW,CE,Federal Contract Tower,0,9,14,3,26,0,5,16,1,22,0,14,30,4,48,24,21,45,93
12/30/2016,TXK,AR,ASW,CE,Federal Contract Tower,0,9,14,0,23,0,7,23,0,30,0,16,37,0,53,14,0,14,67
12/31/2016,TXK,AR,ASW,CE,Federal Contract Tower,0,6,7,0,13,0,0,0,0,0,0,6,7,0,13,0,0,0,13
01/01/2017,TXK,AR,ASW,CE,Federal Contract Tower,0,6,5,0,11,0,0,0,0,0,0,6,5,0,11,0,0,0,11
01/02/2017,TXK,AR,ASW,CE,Federal Contract Tower,0,4,3,0,7,0,2,7,0,9,0,6,10,0,16,14,0,14,30
01/03/2017,TXK,AR,ASW,CE,Federal Contract Tower,0,7,15,8,30,0,7,2,0,9,0,14,17,8,39,32,30,62,101
01/04/2017,TXK,AR,ASW,CE,Federal Contract Tower,0,6,21,4,31,0,1,12,0,13,0,7,33,4,44,28,2,30,74
01/05/2017,TXK,AR,ASW,CE,Federal Contract Tower,0,11,8,0,19,0,0,1,0,1,0,11,9,0,20,2,0,2,22
01/06/2017,TXK,AR,ASW,CE,Federal Contract Tower,0,3,5,0,8,0,0,2,0,2,0,3,7,0,10,14,0,14,24
01/07/2017,TXK,AR,ASW,CE,Federal Contract Tower,0,3,10,0,13,0,12,13,0,25,0,15,23,0,38,36,0,36,74
01/08/2017,TXK,AR,ASW,CE,Federal Contract Tower,0,5,12,0,17,0,3,13,6,22,0,8,25,6,39,14,0,14,53
01/09/2017,TXK,AR,ASW,CE,Federal Contract Tower,0,11,12,2,25,0,4,6,3,13,0,15,18,5,38,8,2,10,48
01/10/2017,TXK,AR,ASW,CE,Federal Contract Tower,0,4,2,2,8,0,4,7,0,11,0,8,9,2,19,28,0,28,47
01/11/2017,TXK,AR,ASW,CE,Federal Contract Tower,0,11,13,6,30,0,5,1,2,8,0,16,14,8,38,6,28,34,72
01/12/2017,TXK,AR,ASW,CE,Federal Contract Tower,0,8,12,0,20,0,3,0,0,3,0,11,12,0,23,6,0,6,29
01/13/2017,TXK,AR,ASW,CE,Federal Contract Tower,0,11,12,0,23,0,0,0,0,0,0,11,12,0,23,2,0,2,25
01/14/2017,TXK,AR,ASW,CE,Federal Contract Tower,0,2,6,0,8,0,0,0,0,0,0,2,6,0,8,0,0,0,8
01/15/2017,TXK,AR,ASW,CE,Federal Contract Tower,0,4,9,0,13,0,0,0,0,0,0,4,9,0,13,0,0,0,13
01/16/2017,TXK,AR,ASW,CE,Federal Contract Tower,0,6,11,0,17,0,0,2,0,2,0,6,13,0,19,2,0,2,21
01/17/2017,TXK,AR,ASW,CE,Federal Contract Tower,0,6,20,2,28,0,1,13,4,18,0,7,33,6,46,32,34,66,112
01/18/2017,TXK,AR,ASW,CE,Federal Contract Tower,0,6,4,0,10,0,0,0,0,0,0,6,4,0,10,0,0,0,10
01/19/2017,TXK,AR,ASW,CE,Federal Contract Tower,0,6,5,0,11,0,0,0,0,0,0,6,5,0,11,0,0,0,11
01/20/2017,TXK,AR,ASW,CE,Federal Contract Tower,0,7,31,2,40,0,10,32,2,44,0,17,63,4,84,34,0,34,118
01/21/2017,TXK,AR,ASW,CE,Federal Contract Tower,0,8,8,1,17,0,1,7,0,8,0,9,15,1,25,6,0,6,31
01/22/2017,TXK,AR,ASW,CE,Federal Contract Tower,0,8,6,4,18,0,1,5,2,8,0,9,11,6,26,6,0,6,32
01/23/2017,TXK,AR,ASW,CE,Federal Contract Tower,0,10,23,2,35,0,0,21,0,21,0,10,44,2,56,8,0,8,64
01/24/2017,TXK,AR,ASW,CE,Federal Contract Tower,0,6,25,0,31,0,5,15,8,28,0,11,40,8,59,24,8,32,91
01/25/2017,TXK,AR,ASW,CE,Federal Contract Tower,0,10,13,2,25,0,3,14,3,20,0,13,27,5,45,16,2,18,63
01/26/2017,TXK,AR,ASW,CE,Federal Contract Tower,0,7,37,6,50,0,1,21,2,24,0,8,58,8,74,36,14,50,124
01/27/2017,TXK,AR,ASW,CE,Federal Contract Tower,0,10,35,10,55,0,9,29,2,40,0,19,64,12,95,26,12,38,133
01/28/2017,TXK,AR,ASW,CE,Federal Contract Tower,0,5,23,0,28,0,9,30,0,39,0,14,53,0,67,32,0,32,99
01/29/2017,TXK,AR,ASW,CE,Federal Contract Tower,0,9,17,6,32,0,0,21,0,21,0,9,38,6,53,6,20,26,79
01/30/2017,TXK,AR,ASW,CE,Federal Contract Tower,0,12,18,2,32,0,6,25,0,31,0,18,43,2,63,24,0,24,87
01/31/2017,TXK,AR,ASW,CE,Federal Contract Tower,0,10,18,2,30,0,5,19,2,26,0,15,37,4,56,32,4,36,92
02/01/2017,TXK,AR,ASW,CE,Federal Contract Tower,0,8,11,0,19,0,0,6,4,10,0,8,17,4,29,14,0,14,43
02/02/2017,TXK,AR,ASW,CE,Federal Contract Tower,0,11,7,1,19,0,1,3,2,6,0,12,10,3,25,0,0,0,25
02/03/2017,TXK,AR,ASW,CE,Federal Contract Tower,0,5,12,0,17,0,8,10,3,21,0,13,22,3,38,22,0,22,60
02/04/2017,TXK,AR,ASW,CE,Federal Contract Tower,0,7,11,1,19,0,3,15,4,22,0,10,26,5,41,22,0,22,63
02/05/2017,TXK,AR,ASW,CE,Federal Contract Tower,0,7,3,0,10,0,0,0,0,0,0,7,3,0,10,0,0,0,10
02/06/2017,TXK,AR,ASW,CE,Federal Contract Tower,0,6,10,0,16,0,7,1,0,8,0,13,11,0,24,2,0,2,26
02/07/2017,TXK,AR,ASW,CE,Federal Contract Tower,0,10,6,0,16,0,16,15,2,33,0,26,21,2,49,38,0,38,87
02/08/2017,TXK,AR,ASW,CE,Federal Contract Tower,0,14,14,9,37,0,8,3,7,18,0,22,17,16,55,6,32,38,93
02/09/2017,TXK,AR,ASW,CE,Federal Contract Tower,0,13,32,5,50,0,4,19,3,26,0,17,51,8,76,28,2,30,106
02/10/2017,TXK,AR,ASW,CE,Federal Contract Tower,0,9,22,1,32,0,6,7,1,14,0,15,29,2,46,4,2,6,52
02/11/2017,TXK,AR,ASW,CE,Federal Contract Tower,0,9,15,2,26,0,16,15,1,32,0,25,30,3,58,56,10,66,124
02/12/2017,TXK,AR,ASW,CE,Federal Contract Tower,0,7,11,0,18,0,2,5,0,7,0,9,16,0,25,4,0,4,29
02/13/2017,TXK,AR,ASW,CE,Federal Contract Tower,0,6,9,5,20,0,2,4,1,7,0,8,13,6,27,2,16,18,45
02/14/2017,TXK,AR,ASW,CE,Federal Contract Tower,0,7,8,0,15,0,0,0,0,0,0,7,8,0,15,0,0,0,15
02/15/2017,TXK,AR,ASW,CE,Federal Contract Tower,0,10,19,7,36,0,2,56,3,61,0,12,75,10,97,50,12,62,159
02/16/2017,TXK,AR,ASW,CE,Federal Contract Tower,0,9,23,4,36,0,4,18,5,27,0,13,41,9,63,12,2,14,77
02/17/2017,TXK,AR,ASW,CE,Federal Contract Tower,0,9,17,0,26,0,3,19,0,22,0,12,36,0,48,12,0,12,60
02/18/2017,TXK,AR,ASW,CE,Federal Contract Tower,0,7,6,0,13,0,0,4,0,4,0,7,10,0,17,14,0,14,31
02/19/2017,TXK,AR,ASW,CE,Federal Contract Tower,0,14,4,6,24,0,4,14,0,18,0,18,18,6,42,30,4,34,76
02/20/2017,TXK,AR,ASW,CE,Federal Contract Tower,0,8,11,4,23,0,0,3,0,3,0,8,14,4,26,0,4,4,30
02/21/2017,TXK,AR,ASW,CE,Federal Contract Tower,0,7,8,0,15,0,0,7,0,7,0,7,15,0,22,0,0,0,22
02/22/2017,TXK,AR,ASW,CE,Federal Contract Tower,0,11,24,4,39,0,5,15,8,28,0,16,39,12,67,34,12,46,113
02/23/2017,TXK,AR,ASW,CE,Federal Contract Tower,0,10,27,0,37,0,0,11,0,11,0,10,38,0,48,10,0,10,58
02/24/2017,TXK,AR,ASW,CE,Federal Contract Tower,0,16,29,10,55,0,4,26,2,32,0,20,55,12,87,38,32,70,157
02/25/2017,TXK,AR,ASW,CE,Federal Contract Tower,0,6,17,0,23,0,10,23,0,33,0,16,40,0,56,18,0,18,74
02/26/2017,TXK,AR,ASW,CE,Federal Contract Tower,0,6,17,10,33,0,2,4,0,6,0,8,21,10,39,0,6,6,45
02/27/2017,TXK,AR,ASW,CE,Federal Contract Tower,0,11,9,0,20,0,0,0,0,0,0,11,9,0,20,0,0,0,20
02/28/2017,TXK,AR,ASW,CE,Federal Contract Tower,0,7,10,3,20,0,6,4,1,11,0,13,14,4,31,26,20,46,77
03/01/2017,TXK,AR,ASW,CE,Federal Contract Tower,0,13,16,12,41,0,4,5,3,12,0,17,21,15,53,10,30,40,93
03/02/2017,TXK,AR,ASW,CE,Federal Contract Tower,0,11,14,13,38,0,10,18,7,35,0,21,32,20,73,58,46,104,177
03/03/2017,TXK,AR,ASW,CE,Federal Contract Tower,0,7,21,2,30,0,4,10,0,14,0,11,31,2,44,10,0,10,54
03/04/2017,TXK,AR,ASW,CE,Federal Contract Tower,0,9,17,0,26,0,6,13,0,19,0,15,30,0,45,10,0,10,55
03/05/2017,TXK,AR,ASW,CE,Federal Contract Tower,0,6,9,0,15,0,4,0,0,4,0,10,9,0,19,2,0,2,21
03/06/2017,TXK,AR,ASW,CE,Federal Contract Tower,0,12,10,0,22,0,2,5,0,7,0,14,15,0,29,0,0,0,29
03/07/2017,TXK,AR,ASW,CE,Federal Contract Tower,0,7,14,0,21,0,1,20,0,21,0,8,34,0,42,28,0,28,70
03/08/2017,TXK,AR,ASW,CE,Federal Contract Tower,0,16,44,3,63,0,11,20,4,35,0,27,64,7,98,52,10,62,160
03/09/2017,TXK,AR,ASW,CE,Federal Contract Tower,0,7,14,6,27,0,3,4,15,22,0,10,18,21,49,12,42,54,103
03/10/2017,TXK,AR,ASW,CE,Federal Contract Tower,0,6,13,2,21,0,6,13,0,19,0,12,26,2,40,26,2,28,68
03/11/2017,TXK,AR,ASW,CE,Federal Contract Tower,0,5,8,3,16,0,1,10,1,12,0,6,18,4,28,48,10,58,86
03/12/2017,TXK,AR,ASW,CE,Federal Contract Tower,0,6,12,15,33,0,2,12,0,14,0,8,24,15,47,12,26,38,85
03/13/2017,TXK,AR,ASW,CE,Federal Contract Tower,0,8,8,6,22,0,6,3,0,9,0,14,11,6,31,22,14,36,67
03/14/2017,TXK,AR,ASW,CE,Federal Contract Tower,0,4,8,0,12,0,16,13,2,31,0,20,21,2,43,30,2,32,75
03/15/2017,TXK,AR,ASW,CE,Federal Contract Tower,0,11,10,0,21,0,8,14,0,22,0,19,24,0,43,22,0,22,65
03/16/2017,TXK,AR,ASW,CE,Federal Contract Tower,0,9,8,0,17,0,2,4,4,10,0,11,12,4,27,16,0,16,43
03/17/2017,TXK,AR,ASW,CE,Federal Contract Tower,0,8,8,0,16,0,1,2,0,3,0,9,10,0,19,2,0,2,21
03/18/2017,TXK,AR,ASW,CE,Federal Contract Tower,0,4,6,0,10,0,2,11,0,13,0,6,17,0,23,24,0,24,47
03/19/2017,TXK,AR,ASW,CE,Federal Contract Tower,0,8,19,2,29,0,8,14,0,22,0,16,33,2,51,4,4,8,59
03/20/2017,TXK,AR,ASW,CE,Federal Contract Tower,0,7,15,2,24,0,5,14,4,23,0,12,29,6,47,12,0,12,59
03/21/2017,TXK,AR,ASW,CE,Federal Contract Tower,0,6,16,2,24,0,0,19,1,20,0,6,35,3,44,44,4,48,92
03/22/2017,TXK,AR,ASW,CE,Federal Contract Tower,0,14,20,0,34,0,6,10,0,16,0,20,30,0,50,30,0,30,80
03/23/2017,TXK,AR,ASW,CE,Federal Contract Tower,0,7,15,11,33,0,6,6,1,13,0,13,21,12,46,6,6,12,58
03/24/2017,TXK,AR,ASW,CE,Federal Contract Tower,0,4,3,0,7,0,2,2,0,4,0,6,5,0,11,6,0,6,17
03/25/2017,TXK,AR,ASW,CE,Federal Contract Tower,0,6,11,0,17,0,8,26,0,34,0,14,37,0,51,50,0,50,101
03/26/2017,TXK,AR,ASW,CE,Federal Contract Tower,0,10,21,0,31,0,4,22,4,30,0,14,43,4,61,36,0,36,97
03/27/2017,TXK,AR,ASW,CE,Federal Contract Tower,0,12,3,8,23,0,15,2,1,18,0,27,5,9,41,18,24,42,83
03/28/2017,TXK,AR,ASW,CE,Federal Contract Tower,0,7,11,0,18,0,3,15,0,18,0,10,26,0,36,28,0,28,64
03/29/2017,TXK,AR,ASW,CE,Federal Contract Tower,0,11,17,0,28,0,2,2,0,4,0,13,19,0,32,0,0,0,32
03/30/2017,TXK,AR,ASW,CE,Federal Contract Tower,0,12,12,5,29,0,12,10,4,26,0,24,22,9,55,30,22,52,107
03/31/2017,TXK,AR,ASW,CE,Federal Contract Tower,0,15,30,0,45,0,11,40,0,51,0,26,70,0,96,56,0,56,152
04/01/2017,TXK,AR,ASW,CE,Federal Contract Tower,0,7,12,7,26,0,0,17,0,17,0,7,29,7,43,8,4,12,55
04/02/2017,TXK,AR,ASW,CE,Federal Contract Tower,0,7,3,1,11,0,0,0,0,0,0,7,3,1,11,2,0,2,13
04/03/2017,TXK,AR,ASW,CE,Federal Contract Tower,0,7,15,14,36,0,2,12,1,15,0,9,27,15,51,8,26,34,85
04/04/2017,TXK,AR,ASW,CE,Federal Contract Tower,0,8,19,0,27,0,1,8,2,11,0,9,27,2,38,10,0,10,48
04/05/2017,TXK,AR,ASW,CE,Federal Contract Tower,0,8,10,3,21,0,8,8,2,18,0,16,18,5,39,8,4,12,51
04/06/2017,TXK,AR,ASW,CE,Federal Contract Tower,0,8,29,0,37,0,2,12,0,14,0,10,41,0,51,26,0,26,77
04/07/2017,TXK,AR,ASW,CE,Federal Contract Tower,0,10,14,0,24,0,5,20,0,25,0,15,34,0,49,8,0,8,57
04/08/2017,TXK,AR,ASW,CE,Federal Contract Tower,0,5,10,0,15,0,17,8,0,25,0,22,18,0,40,18,0,18,58
04/09/2017,TXK,AR,ASW,CE,Federal Contract Tower,0,10,10,0,20,0,2,9,0,11,0,12,19,0,31,4,0,4,35
04/10/2017,TXK,AR,ASW,CE,Federal Contract Tower,0,13,9,0,22,0,4,6,0,10,0,17,15,0,32,28,0,28,60
04/11/2017,TXK,AR,ASW,CE,Federal Contract Tower,0,7,17,0,24,0,0,18,0,18,0,7,35,0,42,58,0,58,100
04/12/2017,TXK,AR,ASW,CE,Federal Contract Tower,0,14,32,0,46,0,1,7,0,8,0,15,39,0,54,20,0,20,74
04/13/2017,TXK,AR,ASW,CE,Federal Contract Tower,0,9,22,1,32,0,6,21,2,29,0,15,43,3,61,34,4,38,99
04/14/2017,TXK,AR,ASW,CE,Federal Contract Tower,0,9,23,3,35,0,5,19,0,24,0,14,42,3,59,14,2,16,75
04/15/2017,TXK,AR,ASW,CE,Federal Contract Tower,0,7,18,2,27,0,11,22,0,33,0,18,40,2,60,28,0,28,88
04/16/2017,TXK,AR,ASW,CE,Federal Contract Tower,0,7,11,0,18,0,7,7,0,14,0,14,18,0,32,24,0,24,56
04/17/2017,TXK,AR,ASW,CE,Federal Contract Tower,0,7,11,0,18,0,0,4,0,4,0,7,15,0,22,26,0,26,48
04/18/2017,TXK,AR,ASW,CE,Federal Contract Tower,0,10,10,2,22,0,4,16,0,20,0,14,26,2,42,10,0,10,52
04/19/2017,TXK,AR,ASW,CE,Federal Contract Tower,0,6,17,0,23,0,8,21,2,31,0,14,38,2,54,48,0,48,102
04/20/2017,TXK,AR,ASW,CE,Federal Contract Tower,0,8,22,0,30,0,11,7,0,18,0,19,29,0,48,21,0,21,69
04/21/2017,TXK,AR,ASW,CE,Federal Contract Tower,0,8,16,3,27,0,6,7,0,13,0,14,23,3,40,10,0,10,50
04/22/2017,TXK,AR,ASW,CE,Federal Contract Tower,0,9,5,1,15,0,7,3,1,11,0,16,8,2,26,8,0,8,34
04/23/2017,TXK,AR,ASW,CE,Federal Contract Tower,0,8,13,1,22,0,4,21,1,26,0,12,34,2,48,28,0,28,76
04/24/2017,TXK,AR,ASW,CE,Federal Contract Tower,0,11,35,9,55,0,4,30,2,36,0,15,65,11,91,64,16,80,171
04/25/2017,TXK,AR,ASW,CE,Federal Contract Tower,0,9,17,0,26,0,2,14,0,16,0,11,31,0,42,10,0,10,52
04/26/2017,TXK,AR,ASW,CE,Federal Contract Tower,0,7,4,0,11,0,0,7,0,7,0,7,11,0,18,8,0,8,26
04/27/2017,TXK,AR,ASW,CE,Federal Contract Tower,0,13,24,0,37,0,8,26,2,36,0,21,50,2,73,45,0,45,118
04/28/2017,TXK,AR,ASW,CE,Federal Contract Tower,0,14,11,0,25,0,2,3,0,5,0,16,14,0,30,0,0,0,30
04/29/2017,TXK,AR,ASW,CE,Federal Contract Tower,0,6,1,0,7,0,2,2,0,4,0,8,3,0,11,0,0,0,11
04/30/2017,TXK,AR,ASW,CE,Federal Contract Tower,0,4,8,0,12,0,0,5,0,5,0,4,13,0,17,0,0,0,17
05/01/2017,TXK,AR,ASW,CE,Federal Contract Tower,0,9,17,2,28,0,6,14,0,20,0,15,31,2,48,20,4,24,72
05/02/2017,TXK,AR,ASW,CE,Federal Contract Tower,0,7,13,0,20,0,5,17,0,22,0,12,30,0,42,8,0,8,50
05/03/2017,TXK,AR,ASW,CE,Federal Contract Tower,0,8,5,0,13,0,0,2,0,2,0,8,7,0,15,8,0,8,23
05/04/2017,TXK,AR,ASW,CE,Federal Contract Tower,0,8,16,3,27,0,1,13,1,15,0,9,29,4,42,50,12,62,104
05/05/2017,TXK,AR,ASW,CE,Federal Contract Tower,0,11,24,10,45,0,14,13,2,29,0,25,37,12,74,52,22,74,148
05/06/2017,TXK,AR,ASW,CE,Federal Contract Tower,0,6,12,3,21,0,3,26,17,46,0,9,38,20,67,22,0,22,89
05/07/2017,TXK,AR,ASW,CE,Federal Contract Tower,0,11,23,0,34,0,3,12,10,25,0,14,35,10,59,10,0,10,69
05/08/2017,TXK,AR,ASW,CE,Federal Contract Tower,0,11,22,0,33,0,10,19,0,29,0,21,41,0,62,94,0,94,156
05/09/2017,TXK,AR,ASW,CE,Federal Contract Tower,0,7,19,4,30,0,5,28,9,42,0,12,47,13,72,50,2,52,124
05/10/2017,TXK,AR,ASW,CE,Federal Contract Tower,0,11,23,2,36,0,0,7,0,7,0,11,30,2,43,8,4,12,55
05/11/2017,TXK,AR,ASW,CE,Federal Contract Tower,0,6,3,0,9,0,4,0,3,7,0,10,3,3,16,2,0,2,18
05/12/2017,TXK,AR,ASW,CE,Federal Contract Tower,0,8,14,4,26,0,1,8,5,14,0,9,22,9,40,12,0,12,52
05/13/2017,TXK,AR,ASW,CE,Federal Contract Tower,0,5,19,6,30,0,4,24,2,30,0,9,43,8,60,14,24,38,98
05/14/2017,TXK,AR,ASW,CE,Federal Contract Tower,0,6,3,0,9,0,9,23,0,32,0,15,26,0,41,24,0,24,65
05/15/2017,TXK,AR,ASW,CE,Federal Contract Tower,0,9,19,4,32,0,2,25,0,27,0,11,44,4,59,22,0,22,81
05/16/2017,TXK,AR,ASW,CE,Federal Contract Tower,0,5,17,0,22,0,4,13,0,17,0,9,30,0,39,30,0,30,69
05/17/2017,TXK,AR,ASW,CE,Federal Contract Tower,0,7,20,1,28,0,1,5,4,10,0,8,25,5,38,2,0,2,40
05/18/2017,TXK,AR,ASW,CE,Federal Contract Tower,0,5,14,1,20,0,2,4,1,7,0,7,18,2,27,4,0,4,31
05/19/2017,TXK,AR,ASW,CE,Federal Contract Tower,0,8,13,0,21,0,1,7,0,8,0,9,20,0,29,4,0,4,33
05/20/2017,TXK,AR,ASW,CE,Federal Contract Tower,0,9,5,2,16,0,0,9,2,11,0,9,14,4,27,4,0,4,31
05/21/2017,TXK,AR,ASW,CE,Federal Contract Tower,0,7,3,4,14,0,4,13,6,23,0,11,16,10,37,6,8,14,51
05/22/2017,TXK,AR,ASW,CE,Federal Contract Tower,0,6,12,4,22,0,4,21,2,27,0,10,33,6,49,36,0,36,85
05/23/2017,TXK,AR,ASW,CE,Federal Contract Tower,0,12,10,0,22,0,1,24,0,25,0,13,34,0,47,44,0,44,91
05/24/2017,TXK,AR,ASW,CE,Federal Contract Tower,0,15,27,4,46,0,9,7,6,22,0,24,34,10,68,6,18,24,92
05/25/2017,TXK,AR,ASW,CE,Federal Contract Tower,0,7,25,0,32,0,4,18,0,22,0,11,43,0,54,12,0,12,66
05/26/2017,TXK,AR,ASW,CE,Federal Contract Tower,0,10,17,0,27,0,5,6,0,11,0,15,23,0,38,0,0,0,38
05/27/2017,TXK,AR,ASW,CE,Federal Contract Tower,0,10,11,0,21,0,8,8,0,16,0,18,19,0,37,4,0,4,41
05/28/2017,TXK,AR,ASW,CE,Federal Contract Tower,0,7,11,0,18,0,0,3,0,3,0,7,14,0,21,0,0,0,21
05/29/2017,TXK,AR,ASW,CE,Federal Contract Tower,0,6,12,0,18,0,5,11,0,16,0,11,23,0,34,22,0,22,56
05/30/2017,TXK,AR,ASW,CE,Federal Contract Tower,0,4,11,5,20,0,2,17,0,19,0,6,28,5,39,18,6,24,63
05/31/2017,TXK,AR,ASW,CE,Federal Contract Tower,0,10,16,1,27,0,4,16,10,30,0,14,32,11,57,14,0,14,71
06/01/2017,TXK,AR,ASW,CE,Federal Contract Tower,0,12,7,0,19,0,6,5,0,11,0,18,12,0,30,2,0,2,32
06/02/2017,TXK,AR,ASW,CE,Federal Contract Tower,0,6,11,2,19,0,1,17,0,18,0,7,28,2,37,32,0,32,69
06/03/2017,TXK,AR,ASW,CE,Federal Contract Tower,0,6,3,0,9,0,6,6,0,12,0,12,9,0,21,4,0,4,25
06/04/2017,TXK,AR,ASW,CE,Federal Contract Tower,0,3,7,0,10,0,0,0,0,0,0,3,7,0,10,0,0,0,10
06/05/2017,TXK,AR,ASW,CE,Federal Contract Tower,0,8,7,0,15,0,0,1,12,13,0,8,8,12,28,0,0,0,28
06/06/2017,TXK,AR,ASW,CE,Federal Contract Tower,0,11,20,1,32,0,1,6,3,10,0,12,26,4,42,0,0,0,42
06/07/2017,TXK,AR,ASW,CE,Federal Contract Tower,0,9,20,0,29,0,8,19,3,30,0,17,39,3,59,22,0,22,81
06/08/2017,TXK,AR,ASW,CE,Federal Contract Tower,0,7,11,0,18,0,4,16,3,23,0,11,27,3,41,32,0,32,73
06/09/2017,TXK,AR,ASW,CE,Federal Contract Tower,0,10,11,0,21,0,5,20,0,25,0,15,31,0,46,38,0,38,84
06/10/2017,TXK,AR,ASW,CE,Federal Contract Tower,0,8,14,0,22,0,5,27,0,32,0,13,41,0,54,32,0,32,86
06/11/2017,TXK,AR,ASW,CE,Federal Contract Tower,0,10,14,0,24,0,0,26,3,29,0,10,40,3,53,22,0,22,75
06/12/2017,TXK,AR,ASW,CE,Federal Contract Tower,0,8,11,0,19,0,0,6,0,6,0,8,17,0,25,6,0,6,31
06/13/2017,TXK,AR,ASW,CE,Federal Contract Tower,0,6,16,0,22,0,5,6,4,15,0,11,22,4,37,8,0,8,45
06/14/2017,TXK,AR,ASW,CE,Federal Contract Tower,0,8,17,3,28,0,1,5,4,10,0,9,22,7,38,4,6,10,48
06/15/2017,TXK,AR,ASW,CE,Federal Contract Tower,0,12,9,0,21,0,12,11,0,23,0,24,20,0,44,20,0,20,64
06/16/2017,TXK,AR,ASW,CE,Federal Contract Tower,0,6,27,5,38,0,0,22,0,22,0,6,49,5,60,8,0,8,68
06/17/2017,TXK,AR,ASW,CE,Federal Contract Tower,0,9,20,0,29,0,8,11,1,20,0,17,31,1,49,34,0,34,83
06/18/2017,TXK,AR,ASW,CE,Federal Contract Tower,0,7,8,0,15,0,4,9,0,13,0,11,17,0,28,4,0,4,32
06/19/2017,TXK,AR,ASW,CE,Federal Contract Tower,0,8,13,2,23,0,8,10,0,18,0,16,23,2,41,40,0,40,81
06/20/2017,TXK,AR,ASW,CE,Federal Contract Tower,0,6,22,0,28,0,10,38,2,50,0,16,60,2,78,68,0,68,146
06/21/2017,TXK,AR,ASW,CE,Federal Contract Tower,0,11,25,2,38,0,0,8,0,8,0,11,33,2,46,44,0,44,90
06/22/2017,TXK,AR,ASW,CE,Federal Contract Tower,0,10,4,0,14,0,0,4,0,4,0,10,8,0,18,6,0,6,24
06/23/2017,TXK,AR,ASW,CE,Federal Contract Tower,0,6,12,27,45,0,0,1,2,3,0,6,13,29,48,0,32,32,80
06/24/2017,TXK,AR,ASW,CE,Federal Contract Tower,0,10,12,2,24,0,4,7,0,11,0,14,19,2,35,14,2,16,51
06/25/2017,TXK,AR,ASW,CE,Federal Contract Tower,0,11,19,8,38,0,2,16,0,18,0,13,35,8,56,8,6,14,70
06/26/2017,TXK,AR,ASW,CE,Federal Contract Tower,0,8,21,2,31,0,1,15,0,16,0,9,36,2,47,12,0,12,59
06/27/2017,TXK,AR,ASW,CE,Federal Contract Tower,0,6,17,0,23,0,5,34,0,39,0,11,51,0,62,88,0,88,150
06/28/2017,TXK,AR,ASW,CE,Federal Contract Tower,0,9,24,0,33,0,6,18,0,24,0,15,42,0,57,26,0,26,83
06/29/2017,TXK,AR,ASW,CE,Federal Contract Tower,0,10,18,6,34,0,2,8,1,11,0,12,26,7,45,10,4,14,59
06/30/2017,TXK,AR,ASW,CE,Federal Contract Tower,0,6,32,2,40,0,2,11,4,17,0,8,43,6,57,46,2,48,105
07/01/2017,TXK,AR,ASW,CE,Federal Contract Tower,0,7,13,0,20,0,0,8,0,8,0,7,21,0,28,24,0,24,52
07/02/2017,TXK,AR,ASW,CE,Federal Contract Tower,0,9,11,0,20,0,2,24,0,26,0,11,35,0,46,14,0,14,60
07/03/2017,TXK,AR,ASW,CE,Federal Contract Tower,0,8,10,0,18,0,1,7,0,8,0,9,17,0,26,10,0,10,36
07/04/2017,TXK,AR,ASW,CE,Federal Contract Tower,0,4,0,0,4,0,0,3,0,3,0,4,3,0,7,0,0,0,7
07/05/2017,TXK,AR,ASW,CE,Federal Contract Tower,0,6,15,0,21,0,5,3,1,9,0,11,18,1,30,8,0,8,38
07/06/2017,TXK,AR,ASW,CE,Federal Contract Tower,0,10,5,0,15,0,5,26,0,31,0,15,31,0,46,14,0,14,60
07/07/2017,TXK,AR,ASW,CE,Federal Contract Tower,0,11,20,0,31,0,2,20,0,22,0,13,40,0,53,10,0,10,63
07/08/2017,TXK,AR,ASW,CE,Federal Contract Tower,0,10,4,0,14,0,3,22,0,25,0,13,26,0,39,20,0,20,59
07/09/2017,TXK,AR,ASW,CE,Federal Contract Tower,0,7,10,5,22,0,3,20,0,23,0,10,30,5,45,28,6,34,79
07/10/2017,TXK,AR,ASW,CE,Federal Contract Tower,0,6,17,0,23,0,3,9,0,12,0,9,26,0,35,12,0,12,47
07/11/2017,TXK,AR,ASW,CE,Federal Contract Tower,0,17,27,3,47,0,9,21,0,30,0,26,48,3,77,36,0,36,113
07/12/2017,TXK,AR,ASW,CE,Federal Contract Tower,0,14,21,2,37,0,3,21,2,26,0,17,42,4,63,28,2,30,93
07/13/2017,TXK,AR,ASW,CE,Federal Contract Tower,0,10,19,1,30,0,4,24,5,33,0,14,43,6,63,32,0,32,95
07/14/2017,TXK,AR,ASW,CE,Federal Contract Tower,0,6,16,0,22,0,5,11,0,16,0,11,27,0,38,8,0,8,46
07/15/2017,TXK,AR,ASW,CE,Federal Contract Tower,0,5,19,0,24,0,0,12,0,12,0,5,31,0,36,36,0,36,72
07/16/2017,TXK,AR,ASW,CE,Federal Contract Tower,0,7,28,0,35,0,1,13,0,14,0,8,41,0,49,6,0,6,55
07/17/2017,TXK,AR,ASW,CE,Federal Contract Tower,0,8,29,0,37,0,3,20,7,30,0,11,49,7,67,34,0,34,101
07/18/2017,TXK,AR,ASW,CE,Federal Contract Tower,0,8,24,14,46,0,3,24,2,29,0,11,48,16,75,28,22,50,125
07/19/2017,TXK,AR,ASW,CE,Federal Contract Tower,0,8,27,1,36,0,4,18,2,24,0,12,45,3,60,4,2,6,66
07/20/2017,TXK,AR,ASW,CE,Federal Contract Tower,0,11,29,2,42,0,4,12,0,16,0,15,41,2,58,14,0,14,72
07/21/2017,TXK,AR,ASW,CE,Federal Contract Tower,0,8,13,7,28,0,0,14,0,14,0,8,27,7,42,8,4,12,54
07/22/2017,TXK,AR,ASW,CE,Federal Contract Tower,0,7,20,0,27,0,5,20,0,25,0,12,40,0,52,34,0,34,86
07/23/2017,TXK,AR,ASW,CE,Federal Contract Tower,0,6,12,0,18,0,6,20,0,26,0,12,32,0,44,40,0,40,84
07/24/2017,TXK,AR,ASW,CE,Federal Contract Tower,0,6,22,7,35,0,11,9,1,21,0,17,31,8,56,14,10,24,80
07/25/2017,TXK,AR,ASW,CE,Federal Contract Tower,0,6,13,6,25,0,3,11,2,16,0,9,24,8,41,12,10,22,63
07/26/2017,TXK,AR,ASW,CE,Federal Contract Tower,0,8,28,0,36,0,1,32,0,33,0,9,60,0,69,38,0,38,107
07/27/2017,TXK,AR,ASW,CE,Federal Contract Tower,0,9,22,1,32,0,5,11,6,22,0,14,33,7,54,26,0,26,80
07/28/2017,TXK,AR,ASW,CE,Federal Contract Tower,0,9,22,0,31,0,2,12,3,17,0,11,34,3,48,12,0,12,60
07/29/2017,TXK,AR,ASW,CE,Federal Contract Tower,0,10,12,0,22,0,6,15,0,21,0,16,27,0,43,72,0,72,115
07/30/2017,TXK,AR,ASW,CE,Federal Contract Tower,0,11,22,0,33,0,5,24,0,29,0,16,46,0,62,10,0,10,72
07/31/2017,TXK,AR,ASW,CE,Federal Contract Tower,0,10,13,0,23,0,7,10,0,17,0,17,23,0,40,26,0,26,66
08/01/2017,TXK,AR,ASW,CE,Federal Contract Tower,0,9,19,0,28,0,6,11,0,17,0,15,30,0,45,32,0,32,77
08/02/2017,TXK,AR,ASW,CE,Federal Contract Tower,0,11,12,2,25,0,2,7,2,11,0,13,19,4,36,4,6,10,46
08/03/2017,TXK,AR,ASW,CE,Federal Contract Tower,0,9,13,2,24,0,0,15,4,19,0,9,28,6,43,6,0,6,49
08/04/2017,TXK,AR,ASW,CE,Federal Contract Tower,0,12,20,2,34,0,4,9,2,15,0,16,29,4,49,4,4,8,57
08/05/2017,TXK,AR,ASW,CE,Federal Contract Tower,0,6,14,18,38,0,6,8,13,27,0,12,22,31,65,22,62,84,149
08/06/2017,TXK,AR,ASW,CE,Federal Contract Tower,0,7,11,1,19,0,0,1,0,1,0,7,12,1,20,0,0,0,20
08/07/2017,TXK,AR,ASW,CE,Federal Contract Tower,0,8,9,0,17,0,0,1,0,1,0,8,10,0,18,4,0,4,22
08/08/2017,TXK,AR,ASW,CE,Federal Contract Tower,0,8,15,5,28,0,2,9,0,11,0,10,24,5,39,24,6,30,69
08/09/2017,TXK,AR,ASW,CE,Federal Contract Tower,0,11,19,0,30,0,2,7,2,11,0,13,26,2,41,24,0,24,65
08/10/2017,TXK,AR,ASW,CE,Federal Contract Tower,0,7,18,0,25,0,0,4,0,4,0,7,22,0,29,10,0,10,39
08/11/2017,TXK,AR,ASW,CE,Federal Contract Tower,0,7,9,5,21,0,5,5,0,10,0,12,14,5,31,12,0,12,43
08/12/2017,TXK,AR,ASW,CE,Federal Contract Tower,0,6,3,1,10,0,9,10,0,19,0,15,13,1,29,18,0,18,47
08/13/2017,TXK,AR,ASW,CE,Federal Contract Tower,0,10,19,0,29,0,0,6,0,6,0,10,25,0,35,16,0,16,51
08/14/2017,TXK,AR,ASW,CE,Federal Contract Tower,0,9,10,0,19,0,0,3,0,3,0,9,13,0,22,18,0,18,40
08/15/2017,TXK,AR,ASW,CE,Federal Contract Tower,0,11,20,2,33,0,2,10,5,17,0,13,30,7,50,32,0,32,82
08/16/2017,TXK,AR,ASW,CE,Federal Contract Tower,0,8,19,0,27,0,7,19,0,26,0,15,38,0,53,40,0,40,93
08/17/2017,TXK,AR,ASW,CE,Federal Contract Tower,0,10,12,0,22,0,0,10,0,10,0,10,22,0,32,28,0,28,60
08/18/2017,TXK,AR,ASW,CE,Federal Contract Tower,0,10,21,2,33,0,0,20,0,20,0,10,41,2,53,30,2,32,85
08/19/2017,TXK,AR,ASW,CE,Federal Contract Tower,0,8,15,0,23,0,11,14,2,27,0,19,29,2,50,24,0,24,74
08/20/2017,TXK,AR,ASW,CE,Federal Contract Tower,0,13,16,3,32,0,0,12,2,14,0,13,28,5,46,2,2,4,50
08/21/2017,TXK,AR,ASW,CE,Federal Contract Tower,0,10,16,8,34,0,0,22,4,26,0,10,38,12,60,36,22,58,118
08/22/2017,TXK,AR,ASW,CE,Federal Contract Tower,0,11,26,0,37,0,3,12,3,18,0,14,38,3,55,16,0,16,71
08/23/2017,TXK,AR,ASW,CE,Federal Contract Tower,0,13,21,0,34,0,0,18,6,24,0,13,39,6,58,28,0,28,86
08/24/2017,TXK,AR,ASW,CE,Federal Contract Tower,0,8,18,6,32,0,8,9,3,20,0,16,27,9,52,18,10,28,80
08/25/2017,TXK,AR,ASW,CE,Federal Contract Tower,0,8,28,5,41,0,17,15,1,33,0,25,43,6,74,46,18,64,138
08/26/2017,TXK,AR,ASW,CE,Federal Contract Tower,0,8,12,0,20,0,2,11,0,13,0,10,23,0,33,40,0,40,73
08/27/2017,TXK,AR,ASW,CE,Federal Contract Tower,0,12,12,8,32,0,2,12,4,18,0,14,24,12,50,12,0,12,62
08/28/2017,TXK,AR,ASW,CE,Federal Contract Tower,0,7,17,0,24,0,5,17,4,26,0,12,34,4,50,56,0,56,106
08/29/2017,TXK,AR,ASW,CE,Federal Contract Tower,0,14,14,1,29,0,5,19,11,35,0,19,33,12,64,58,0,58,122
08/30/2017,TXK,AR,ASW,CE,Federal Contract Tower,0,7,4,2,13,0,6,23,4,33,0,13,27,6,46,78,6,84,130
08/31/2017,TXK,AR,ASW,CE,Federal Contract Tower,0,6,2,0,8,0,1,9,0,10,0,7,11,0,18,22,0,22,40
09/01/2017,TXK,AR,ASW,CE,Federal Contract Tower,0,24,14,2,40,0,6,22,0,28,0,30,36,2,68,52,0,52,120
09/02/2017,TXK,AR,ASW,CE,Federal Contract Tower,0,9,8,0,17,0,7,14,0,21,0,16,22,0,38,22,0,22,60
09/03/2017,TXK,AR,ASW,CE,Federal Contract Tower,0,4,12,4,20,0,4,4,4,12,0,8,16,8,32,16,0,16,48
09/04/2017,TXK,AR,ASW,CE,Federal Contract Tower,0,6,22,0,28,0,13,11,2,26,0,19,33,2,54,62,0,62,116
09/05/2017,TXK,AR,ASW,CE,Federal Contract Tower,0,10,32,0,42,0,3,26,0,29,0,13,58,0,71,64,0,64,135
09/06/2017,TXK,AR,ASW,CE,Federal Contract Tower,0,5,15,2,22,0,2,33,4,39,0,7,48,6,61,48,0,48,109
09/07/2017,TXK,AR,ASW,CE,Federal Contract Tower,0,6,25,3,34,0,0,16,4,20,0,6,41,7,54,42,4,46,100
09/08/2017,TXK,AR,ASW,CE,Federal Contract Tower,0,10,26,2,38,0,0,16,8,24,0,10,42,10,62,24,0,24,86
09/09/2017,TXK,AR,ASW,CE,Federal Contract Tower,0,10,25,0,35,0,0,22,2,24,0,10,47,2,59,22,0,22,81
09/10/2017,TXK,AR,ASW,CE,Federal Contract Tower,0,9,22,0,31,0,3,9,0,12,0,12,31,0,43,18,0,18,61
09/11/2017,TXK,AR,ASW,CE,Federal Contract Tower,0,12,14,0,26,0,2,10,0,12,0,14,24,0,38,0,0,0,38
09/12/2017,TXK,AR,ASW,CE,Federal Contract Tower,0,8,19,2,29,0,3,30,0,33,0,11,49,2,62,66,2,68,130
09/13/2017,TXK,AR,ASW,CE,Federal Contract Tower,0,15,25,2,42,0,4,22,0,26,0,19,47,2,68,36,0,36,104
09/14/2017,TXK,AR,ASW,CE,Federal Contract Tower,0,7,21,5,33,0,5,32,0,37,0,12,53,5,70,44,6,50,120
09/15/2017,TXK,AR,ASW,CE,Federal Contract Tower,0,8,19,8,35,0,0,20,1,21,0,8,39,9,56,6,4,10,66
09/16/2017,TXK,AR,ASW,CE,Federal Contract Tower,0,6,17,4,27,0,2,13,0,15,0,8,30,4,42,16,2,18,60
09/17/2017,TXK,AR,ASW,CE,Federal Contract Tower,0,9,13,4,26,0,7,15,2,24,0,16,28,6,50,24,4,28,78
09/18/2017,TXK,AR,ASW,CE,Federal Contract Tower,0,10,21,2,33,0,7,20,0,27,0,17,41,2,60,22,0,22,82
09/19/2017,TXK,AR,ASW,CE,Federal Contract Tower,0,8,23,2,33,0,0,19,1,20,0,8,42,3,53,62,4,66,119
09/20/2017,TXK,AR,ASW,CE,Federal Contract Tower,0,6,22,0,28,0,0,28,0,28,0,6,50,0,56,78,0,78,134
09/21/2017,TXK,AR,ASW,CE,Federal Contract Tower,0,12,19,3,34,0,0,11,3,14,0,12,30,6,48,14,4,18,66
09/22/2017,TXK,AR,ASW,CE,Federal Contract Tower,0,15,17,0,32,0,7,15,9,31,0,22,32,9,63,28,14,42,105
09/23/2017,TXK,AR,ASW,CE,Federal Contract Tower,0,7,11,0,18,0,10,7,0,17,0,17,18,0,35,18,0,18,53
09/24/2017,TXK,AR,ASW,CE,Federal Contract Tower,0,6,32,5,43,0,3,13,0,16,0,9,45,5,59,24,14,38,97
09/25/2017,TXK,AR,ASW,CE,Federal Contract Tower,0,9,22,12,43,0,3,8,1,12,0,12,30,13,55,30,6,36,91
09/26/2017,TXK,AR,ASW,CE,Federal Contract Tower,0,12,24,8,44,0,4,27,3,34,0,16,51,11,78,72,22,94,172
09/27/2017,TXK,AR,ASW,CE,Federal Contract Tower,0,8,14,0,22,0,6,21,9,36,0,14,35,9,58,16,4,20,78
09/28/2017,TXK,AR,ASW,CE,Federal Contract Tower,0,21,16,2,39,0,3,8,4,15,0,24,24,6,54,6,0,6,60
09/29/2017,TXK,AR,ASW,CE,Federal Contract Tower,0,15,24,4,43,0,8,12,3,23,0,23,36,7,66,6,6,12,78
09/30/2017,TXK,AR,ASW,CE,Federal Contract Tower,0,9,19,18,46,0,3,14,4,21,0,12,33,22,67,14,44,58,125
10/01/2017,TXK,AR,ASW,CE,Federal Contract Tower,0,11,17,0,28,0,3,23,0,26,0,14,40,0,54,20,0,20,74
10/02/2017,TXK,AR,ASW,CE,Federal Contract Tower,0,8,22,2,32,0,1,24,0,25,0,9,46,2,57,20,0,20,77
10/03/2017,TXK,AR,ASW,CE,Federal Contract Tower,0,9,10,0,19,0,2,19,0,21,0,11,29,0,40,74,0,74,114
10/04/2017,TXK,AR,ASW,CE,Federal Contract Tower,0,14,29,0,43,0,2,22,0,24,0,16,51,0,67,14,0,14,81
10/05/2017,TXK,AR,ASW,CE,Federal Contract Tower,0,12,22,4,38,0,4,15,4,23,0,16,37,8,61,36,8,44,105
10/06/2017,TXK,AR,ASW,CE,Federal Contract Tower,0,13,22,0,35,0,7,15,0,22,0,20,37,0,57,34,0,34,91
10/07/2017,TXK,AR,ASW,CE,Federal Contract Tower,0,7,16,14,37,0,8,10,3,21,0,15,26,17,58,34,24,58,116
10/08/2017,TXK,AR,ASW,CE,Federal Contract Tower,0,14,27,0,41,0,1,6,0,7,0,15,33,0,48,8,0,8,56
10/09/2017,TXK,AR,ASW,CE,Federal Contract Tower,0,12,21,0,33,0,15,14,0,29,0,27,35,0,62,40,0,40,102
10/10/2017,TXK,AR,ASW,CE,Federal Contract Tower,0,7,23,0,30,0,2,15,0,17,0,9,38,0,47,22,0,22,69
10/11/2017,TXK,AR,ASW,CE,Federal Contract Tower,0,16,27,8,51,0,3,34,2,39,0,19,61,10,90,98,30,128,218
10/12/2017,TXK,AR,ASW,CE,Federal Contract Tower,0,11,26,1,38,0,7,16,2,25,0,18,42,3,63,78,0,78,141
10/13/2017,TXK,AR,ASW,CE,Federal Contract Tower,0,9,13,0,22,0,5,18,0,23,0,14,31,0,45,10,0,10,55
10/14/2017,TXK,AR,ASW,CE,Federal Contract Tower,0,6,17,5,28,0,0,10,2,12,0,6,27,7,40,20,6,26,66
10/15/2017,TXK,AR,ASW,CE,Federal Contract Tower,0,8,19,9,36,0,5,1,0,6,0,13,20,9,42,10,2,12,54
10/16/2017,TXK,AR,ASW,CE,Federal Contract Tower,0,16,22,4,42,0,4,16,2,22,0,20,38,6,64,52,14,66,130
10/17/2017,TXK,AR,ASW,CE,Federal Contract Tower,0,9,25,0,34,0,0,36,0,36,0,9,61,0,70,42,0,42,112
10/19/2017,TXK,AR,ASW,CE,Federal Contract Tower,0,9,28,5,42,0,2,11,9,22,0,11,39,14,64,4,6,10,74
10/20/2017,TXK,AR,ASW,CE,Federal Contract Tower,0,9,27,4,40,0,3,4,0,7,0,12,31,4,47,26,4,30,77
10/21/2017,TXK,AR,ASW,CE,Federal Contract Tower,0,7,12,3,22,0,0,0,0,0,0,7,12,3,22,0,6,6,28
10/22/2017,TXK,AR,ASW,CE,Federal Contract Tower,0,10,22,0,32,0,7,4,0,11,0,17,26,0,43,16,0,16,59
10/23/2017,TXK,AR,ASW,CE,Federal Contract Tower,0,6,10,18,34,0,7,11,37,55,0,13,21,55,89,18,20,38,127
10/24/2017,TXK,AR,ASW,CE,Federal Contract Tower,0,13,20,0,33,0,1,9,6,16,0,14,29,6,49,16,0,16,65
10/25/2017,TXK,AR,ASW,CE,Federal Contract Tower,0,11,26,0,37,0,3,29,3,35,0,14,55,3,72,76,0,76,148
10/26/2017,TXK,AR,ASW,CE,Federal Contract Tower,0,11,13,11,35,0,3,22,5,30,0,14,35,16,65,32,14,46,111
10/27/2017,TXK,AR,ASW,CE,Federal Contract Tower,0,15,14,1,30,0,4,9,3,16,0,19,23,4,46,22,0,22,68
10/28/2017,TXK,AR,ASW,CE,Federal Contract Tower,0,4,16,0,20,0,12,9,3,24,0,16,25,3,44,30,0,30,74
10/29/2017,TXK,AR,ASW,CE,Federal Contract Tower,0,7,23,14,44,0,6,7,2,15,0,13,30,16,59,28,20,48,107
10/30/2017,TXK,AR,ASW,CE,Federal Contract Tower,0,6,9,0,15,0,5,27,0,32,0,11,36,0,47,72,0,72,119
10/31/2017,TXK,AR,ASW,CE,Federal Contract Tower,0,5,18,2,25,0,10,9,0,19,0,15,27,2,44,50,0,50,94
11/01/2017,TXK,AR,ASW,CE,Federal Contract Tower,0,12,16,0,28,0,0,5,0,5,0,12,21,0,33,18,0,18,51
11/02/2017,TXK,AR,ASW,CE,Federal Contract Tower,0,9,17,0,26,0,14,3,0,17,0,23,20,0,43,12,0,12,55
11/03/2017,TXK,AR,ASW,CE,Federal Contract Tower,0,9,12,6,27,0,6,9,0,15,0,15,21,6,42,16,12,28,70
11/04/2017,TXK,AR,ASW,CE,Federal Contract Tower,0,7,10,0,17,0,6,4,0,10,0,13,14,0,27,4,0,4,31
11/05/2017,TXK,AR,ASW,CE,Federal Contract Tower,0,10,14,2,26,0,4,7,0,11,0,14,21,2,37,12,0,12,49
11/06/2017,TXK,AR,ASW,CE,Federal Contract Tower,0,11,11,2,24,0,4,17,1,22,0,15,28,3,46,50,8,58,104
11/07/2017,TXK,AR,ASW,CE,Federal Contract Tower,0,8,25,0,33,0,0,1,0,1,0,8,26,0,34,14,0,14,48
11/08/2017,TXK,AR,ASW,CE,Federal Contract Tower,0,6,21,0,27,0,0,0,0,0,0,6,21,0,27,0,0,0,27
11/09/2017,TXK,AR,ASW,CE,Federal Contract Tower,0,11,23,2,36,0,9,20,0,29,0,20,43,2,65,34,0,34,99
11/10/2017,TXK,AR,ASW,CE,Federal Contract Tower,0,12,17,0,29,0,5,42,0,47,0,17,59,0,76,34,0,34,110
11/11/2017,TXK,AR,ASW,CE,Federal Contract Tower,0,9,17,0,26,0,2,17,0,19,0,11,34,0,45,8,0,8,53
11/12/2017,TXK,AR,ASW,CE,Federal Contract Tower,0,9,11,0,20,0,0,1,0,1,0,9,12,0,21,6,0,6,27
11/13/2017,TXK,AR,ASW,CE,Federal Contract Tower,0,12,24,0,36,0,5,5,0,10,0,17,29,0,46,16,0,16,62
11/14/2017,TXK,AR,ASW,CE,Federal Contract Tower,0,13,21,8,42,0,2,10,2,14,0,15,31,10,56,12,26,38,94
11/15/2017,TXK,AR,ASW,CE,Federal Contract Tower,0,11,18,2,31,0,5,4,2,11,0,16,22,4,42,14,28,42,84
11/16/2017,TXK,AR,ASW,CE,Federal Contract Tower,0,16,18,0,34,0,5,0,52,57,0,21,18,52,91,10,0,10,101
11/17/2017,TXK,AR,ASW,CE,Federal Contract Tower,0,10,23,2,35,0,4,5,0,9,0,14,28,2,44,6,0,6,50
11/18/2017,TXK,AR,ASW,CE,Federal Contract Tower,0,11,9,12,32,0,11,7,4,22,0,22,16,16,54,12,28,40,94
11/19/2017,TXK,AR,ASW,CE,Federal Contract Tower,0,8,16,0,24,0,3,13,0,16,0,11,29,0,40,32,0,32,72
11/20/2017,TXK,AR,ASW,CE,Federal Contract Tower,0,10,14,4,28,0,3,15,4,22,0,13,29,8,50,46,10,56,106
11/21/2017,TXK,AR,ASW,CE,Federal Contract Tower,0,11,30,5,46,0,4,21,2,27,0,15,51,7,73,28,2,30,103
11/22/2017,TXK,AR,ASW,CE,Federal Contract Tower,0,9,29,2,40,0,2,5,0,7,0,11,34,2,47,13,0,13,60
11/23/2017,TXK,AR,ASW,CE,Federal Contract Tower,0,4,9,0,13,0,5,4,0,9,0,9,13,0,22,16,0,16,38
11/24/2017,TXK,AR,ASW,CE,Federal Contract Tower,0,8,18,0,26,0,7,16,0,23,0,15,34,0,49,10,0,10,59
11/25/2017,TXK,AR,ASW,CE,Federal Contract Tower,0,6,6,0,12,0,8,8,0,16,0,14,14,0,28,28,0,28,56
11/26/2017,TXK,AR,ASW,CE,Federal Contract Tower,0,8,26,0,34,0,1,17,0,18,0,9,43,0,52,10,0,10,62
11/27/2017,TXK,AR,ASW,CE,Federal Contract Tower,0,10,18,6,34,0,0,13,1,14,0,10,31,7,48,12,12,24,72
11/28/2017,TXK,AR,ASW,CE,Federal Contract Tower,0,12,22,2,36,0,0,12,0,12,0,12,34,2,48,13,0,13,61
11/29/2017,TXK,AR,ASW,CE,Federal Contract Tower,0,13,21,0,34,0,2,7,0,9,0,15,28,0,43,12,0,12,55
11/30/2017,TXK,AR,ASW,CE,Federal Contract Tower,0,11,19,2,32,0,9,4,4,17,0,20,23,6,49,36,34,70,119
12/01/2017,TXK,AR,ASW,CE,Federal Contract Tower,0,12,20,0,32,0,5,16,2,23,0,17,36,2,55,20,0,20,75
12/02/2017,TXK,AR,ASW,CE,Federal Contract Tower,0,9,19,1,29,0,4,14,3,21,0,13,33,4,50,26,12,38,88
12/03/2017,TXK,AR,ASW,CE,Federal Contract Tower,0,12,5,0,17,0,9,16,0,25,0,21,21,0,42,30,0,30,72
12/04/2017,TXK,AR,ASW,CE,Federal Contract Tower,0,7,7,0,14,0,0,4,1,5,0,7,11,1,19,0,0,0,19
12/05/2017,TXK,AR,ASW,CE,Federal Contract Tower,0,8,14,8,30,0,1,8,5,14,0,9,22,13,44,10,14,24,68
12/06/2017,TXK,AR,ASW,CE,Federal Contract Tower,0,12,25,0,37,0,0,3,4,7,0,12,28,4,44,10,0,10,54
12/07/2017,TXK,AR,ASW,CE,Federal Contract Tower,0,7,17,2,26,0,10,11,4,25,0,17,28,6,51,38,0,38,89
12/08/2017,TXK,AR,ASW,CE,Federal Contract Tower,0,8,14,11,33,0,2,8,2,12,0,10,22,13,45,24,26,50,95
12/09/2017,TXK,AR,ASW,CE,Federal Contract Tower,0,8,22,4,34,0,3,13,0,16,0,11,35,4,50,32,6,38,88
12/10/2017,TXK,AR,ASW,CE,Federal Contract Tower,0,14,13,0,27,0,4,11,0,15,0,18,24,0,42,28,0,28,70
12/11/2017,TXK,AR,ASW,CE,Federal Contract Tower,0,8,14,2,24,0,0,13,0,13,0,8,27,2,37,8,0,8,45
12/12/2017,TXK,AR,ASW,CE,Federal Contract Tower,0,6,14,3,23,0,0,14,3,17,0,6,28,6,40,14,2,16,56
12/13/2017,TXK,AR,ASW,CE,Federal Contract Tower,0,10,20,0,30,0,9,11,16,36,0,19,31,16,66,24,0,24,90
12/14/2017,TXK,AR,ASW,CE,Federal Contract Tower,0,7,29,2,38,0,4,12,2,18,0,11,41,4,56,36,0,36,92
12/15/2017,TXK,AR,ASW,CE,Federal Contract Tower,0,13,27,0,40,0,9,20,0,29,0,22,47,0,69,16,0,16,85
12/16/2017,TXK,AR,ASW,CE,Federal Contract Tower,0,7,12,0,19,0,3,12,0,15,0,10,24,0,34,12,0,12,46
12/17/2017,TXK,AR,ASW,CE,Federal Contract Tower,0,9,5,0,14,0,0,0,0,0,0,9,5,0,14,4,0,4,18
12/18/2017,TXK,AR,ASW,CE,Federal Contract Tower,0,10,19,0,29,0,0,0,0,0,0,10,19,0,29,2,0,2,31
12/19/2017,TXK,AR,ASW,CE,Federal Contract Tower,0,5,3,0,8,0,0,0,0,0,0,5,3,0,8,0,0,0,8
12/20/2017,TXK,AR,ASW,CE,Federal Contract Tower,0,15,24,4,43,0,1,3,4,8,0,16,27,8,51,4,10,14,65
12/21/2017,TXK,AR,ASW,CE,Federal Contract Tower,0,10,15,0,25,0,4,10,0,14,0,14,25,0,39,12,0,12,51
12/22/2017,TXK,AR,ASW,CE,Federal Contract Tower,0,8,21,0,29,0,0,0,0,0,0,8,21,0,29,8,0,8,37
12/23/2017,TXK,AR,ASW,CE,Federal Contract Tower,0,10,7,0,17,0,5,3,0,8,0,15,10,0,25,12,0,12,37
12/24/2017,TXK,AR,ASW,CE,Federal Contract Tower,0,8,4,0,12,0,0,5,0,5,0,8,9,0,17,8,0,8,25
12/25/2017,TXK,AR,ASW,CE,Federal Contract Tower,0,4,4,0,8,0,3,2,0,5,0,7,6,0,13,6,0,6,19
12/26/2017,TXK,AR,ASW,CE,Federal Contract Tower,0,10,11,0,21,0,2,9,0,11,0,12,20,0,32,32,0,32,64
12/27/2017,TXK,AR,ASW,CE,Federal Contract Tower,0,13,10,0,23,0,7,2,0,9,0,20,12,0,32,10,0,10,42
12/28/2017,TXK,AR,ASW,CE,Federal Contract Tower,0,11,7,2,20,0,12,8,2,22,0,23,15,4,42,36,0,36,78
12/29/2017,TXK,AR,ASW,CE,Federal Contract Tower,0,12,33,2,47,0,2,19,1,22,0,14,52,3,69,22,4,26,95
12/30/2017,TXK,AR,ASW,CE,Federal Contract Tower,0,16,12,0,28,0,0,3,0,3,0,16,15,0,31,6,0,6,37
12/31/2017,TXK,AR,ASW,CE,Federal Contract Tower,0,1,6,0,7,0,3,2,0,5,0,4,8,0,12,8,0,8,20
01/01/2018,TXK,AR,ASW,CE,Federal Contract Tower,0,5,13,0,18,0,0,5,0,5,0,5,18,0,23,4,0,4,27
01/02/2018,TXK,AR,ASW,CE,Federal Contract Tower,0,9,12,0,21,0,2,17,0,19,0,11,29,0,40,8,0,8,48
01/03/2018,TXK,AR,ASW,CE,Federal Contract Tower,0,9,15,2,26,0,7,14,0,21,0,16,29,2,47,14,0,14,61
01/04/2018,TXK,AR,ASW,CE,Federal Contract Tower,0,14,22,3,39,0,4,15,0,19,0,18,37,3,58,18,0,18,76
01/05/2018,TXK,AR,ASW,CE,Federal Contract Tower,0,9,19,0,28,0,3,7,0,10,0,12,26,0,38,26,0,26,64
01/06/2018,TXK,AR,ASW,CE,Federal Contract Tower,0,6,15,0,21,0,2,21,0,23,0,8,36,0,44,10,0,10,54
01/07/2018,TXK,AR,ASW,CE,Federal Contract Tower,0,6,3,0,9,0,3,2,0,5,0,9,5,0,14,8,0,8,22
01/08/2018,TXK,AR,ASW,CE,Federal Contract Tower,0,7,4,2,13,0,8,8,0,16,0,15,12,2,29,32,0,32,61
01/09/2018,TXK,AR,ASW,CE,Federal Contract Tower,0,10,15,4,29,0,0,2,0,2,0,10,17,4,31,0,4,4,35
01/10/2018,TXK,AR,ASW,CE,Federal Contract Tower,0,7,6,0,13,0,0,0,0,0,0,7,6,0,13,2,0,2,15
01/11/2018,TXK,AR,ASW,CE,Federal Contract Tower,0,11,7,0,18,0,0,3,0,3,0,11,10,0,21,8,0,8,29
01/12/2018,TXK,AR,ASW,CE,Federal Contract Tower,0,8,11,7,26,0,2,13,0,15,0,10,24,7,41,14,8,22,63
01/13/2018,TXK,AR,ASW,CE,Federal Contract Tower,0,6,9,0,15,0,6,25,0,31,0,12,34,0,46,42,0,42,88
01/14/2018,TXK,AR,ASW,CE,Federal Contract Tower,0,6,15,2,23,0,7,11,17,35,0,13,26,19,58,22,0,22,80
01/15/2018,TXK,AR,ASW,CE,Federal Contract Tower,0,4,16,0,20,0,0,3,0,3,0,4,19,0,23,4,0,4,27
01/16/2018,TXK,AR,ASW,CE,Federal Contract Tower,0,3,4,0,7,0,4,1,0,5,0,7,5,0,12,4,0,4,16
01/17/2018,TXK,AR,ASW,CE,Federal Contract Tower,0,4,16,4,24,0,8,5,2,15,0,12,21,6,39,18,4,22,61
01/18/2018,TXK,AR,ASW,CE,Federal Contract Tower,0,10,25,0,35,0,0,2,0,2,0,10,27,0,37,4,0,4,41
01/19/2018,TXK,AR,ASW,CE,Federal Contract Tower,0,10,17,0,27,0,1,4,3,8,0,11,21,3,35,24,14,38,73
01/20/2018,TXK,AR,ASW,CE,Federal Contract Tower,0,4,6,3,13,0,0,0,0,0,0,4,6,3,13,4,4,8,21
01/21/2018,TXK,AR,ASW,CE,Federal Contract Tower,0,9,7,0,16,0,2,0,0,2,0,11,7,0,18,8,0,8,26
01/22/2018,TXK,AR,ASW,CE,Federal Contract Tower,0,7,6,0,13,0,9,6,0,15,0,16,12,0,28,14,0,14,42
01/23/2018,TXK,AR,ASW,CE,Federal Contract Tower,0,6,30,2,38,0,0,20,0,20,0,6,50,2,58,13,0,13,71
01/24/2018,TXK,AR,ASW,CE,Federal Contract Tower,0,6,32,3,41,0,3,13,0,16,0,9,45,3,57,16,2,18,75
01/25/2018,TXK,AR,ASW,CE,Federal Contract Tower,0,15,13,0,28,0,4,18,0,22,0,19,31,0,50,34,0,34,84
01/26/2018,TXK,AR,ASW,CE,Federal Contract Tower,0,8,15,3,26,0,5,4,0,9,0,13,19,3,35,12,4,16,51
01/27/2018,TXK,AR,ASW,CE,Federal Contract Tower,0,6,1,3,10,0,0,3,0,3,0,6,4,3,13,6,0,6,19
01/28/2018,TXK,AR,ASW,CE,Federal Contract Tower,0,8,20,0,28,0,0,6,0,6,0,8,26,0,34,2,0,2,36
01/29/2018,TXK,AR,ASW,CE,Federal Contract Tower,0,6,15,4,25,0,1,9,0,10,0,7,24,4,35,4,0,4,39
01/30/2018,TXK,AR,ASW,CE,Federal Contract Tower,0,4,27,3,34,0,4,18,8,30,0,8,45,11,64,56,6,62,126
01/31/2018,TXK,AR,ASW,CE,Federal Contract Tower,0,6,19,0,25,0,1,31,0,32,0,7,50,0,57,12,0,12,69
02/01/2018,TXK,AR,ASW,CE,Federal Contract Tower,0,14,10,9,33,0,4,22,0,26,0,18,32,9,59,6,10,16,75
02/02/2018,TXK,AR,ASW,CE,Federal Contract Tower,0,10,22,9,41,0,6,14,0,20,0,16,36,9,61,36,2,38,99
02/03/2018,TXK,AR,ASW,CE,Federal Contract Tower,0,9,19,0,28,0,10,40,0,50,0,19,59,0,78,40,0,40,118
02/04/2018,TXK,AR,ASW,CE,Federal Contract Tower,0,9,16,0,25,0,1,7,0,8,0,10,23,0,33,14,0,14,47
02/05/2018,TXK,AR,ASW,CE,Federal Contract Tower,0,13,31,0,44,0,8,32,0,40,0,21,63,0,84,78,0,78,162
02/06/2018,TXK,AR,ASW,CE,Federal Contract Tower,0,6,7,0,13,0,0,0,0,0,0,6,7,0,13,0,0,0,13
02/07/2018,TXK,AR,ASW,CE,Federal Contract Tower,0,9,12,4,25,0,0,8,0,8,0,9,20,4,33,10,6,16,49
02/08/2018,TXK,AR,ASW,CE,Federal Contract Tower,0,13,34,5,52,0,0,40,3,43,0,13,74,8,95,30,12,42,137
02/09/2018,TXK,AR,ASW,CE,Federal Contract Tower,0,9,18,3,30,0,1,9,0,10,0,10,27,3,40,12,2,14,54
02/10/2018,TXK,AR,ASW,CE,Federal Contract Tower,0,5,4,0,9,0,0,0,0,0,0,5,4,0,9,0,0,0,9
02/11/2018,TXK,AR,ASW,CE,Federal Contract Tower,0,4,2,0,6,0,0,4,0,4,0,4,6,0,10,4,0,4,14
02/12/2018,TXK,AR,ASW,CE,Federal Contract Tower,0,9,9,0,18,0,4,8,0,12,0,13,17,0,30,22,0,22,52
02/13/2018,TXK,AR,ASW,CE,Federal Contract Tower,0,7,5,2,14,0,0,0,0,0,0,7,5,2,14,0,0,0,14
02/14/2018,TXK,AR,ASW,CE,Federal Contract Tower,0,10,3,0,13,0,0,0,0,0,0,10,3,0,13,2,0,2,15
02/15/2018,TXK,AR,ASW,CE,Federal Contract Tower,0,9,9,0,18,0,4,12,1,17,0,13,21,1,35,14,0,14,49
02/16/2018,TXK,AR,ASW,CE,Federal Contract Tower,0,9,6,0,15,0,5,8,0,13,0,14,14,0,28,34,0,34,62
02/17/2018,TXK,AR,ASW,CE,Federal Contract Tower,0,9,8,2,19,0,0,4,0,4,0,9,12,2,23,4,0,4,27
02/18/2018,TXK,AR,ASW,CE,Federal Contract Tower,0,11,11,0,22,0,0,2,0,2,0,11,13,0,24,2,0,2,26
02/19/2018,TXK,AR,ASW,CE,Federal Contract Tower,0,10,9,2,21,0,2,10,0,12,0,12,19,2,33,26,0,26,59
02/20/2018,TXK,AR,ASW,CE,Federal Contract Tower,0,4,12,0,16,0,0,1,8,9,0,4,13,8,25,0,0,0,25
02/21/2018,TXK,AR,ASW,CE,Federal Contract Tower,0,3,4,0,7,0,0,0,0,0,0,3,4,0,7,2,0,2,9
02/22/2018,TXK,AR,ASW,CE,Federal Contract Tower,0,5,3,0,8,0,0,0,0,0,0,5,3,0,8,0,0,0,8
02/23/2018,TXK,AR,ASW,CE,Federal Contract Tower,0,11,11,0,22,0,0,1,0,1,0,11,12,0,23,6,0,6,29
02/24/2018,TXK,AR,ASW,CE,Federal Contract Tower,0,5,4,0,9,0,0,0,0,0,0,5,4,0,9,2,0,2,11
02/25/2018,TXK,AR,ASW,CE,Federal Contract Tower,0,9,22,0,31,0,4,12,0,16,0,13,34,0,47,22,0,22,69
02/26/2018,TXK,AR,ASW,CE,Federal Contract Tower,0,8,32,6,46,0,10,37,1,48,0,18,69,7,94,138,10,148,242
02/27/2018,TXK,AR,ASW,CE,Federal Contract Tower,0,10,13,0,23,0,2,3,0,5,0,12,16,0,28,10,0,10,38
02/28/2018,TXK,AR,ASW,CE,Federal Contract Tower,0,5,6,0,11,0,0,0,0,0,0,5,6,0,11,0,0,0,11
03/01/2018,TXK,AR,ASW,CE,Federal Contract Tower,0,10,15,7,32,0,0,2,0,2,0,10,17,7,34,6,16,22,56
03/02/2018,TXK,AR,ASW,CE,Federal Contract Tower,0,11,24,0,35,0,5,24,0,29,0,16,48,0,64,22,0,22,86
03/03/2018,TXK,AR,ASW,CE,Federal Contract Tower,0,7,33,3,43,0,9,33,0,42,0,16,66,3,85,70,0,70,155
03/04/2018,TXK,AR,ASW,CE,Federal Contract Tower,0,12,9,2,23,0,6,3,0,9,0,18,12,2,32,26,18,44,76
03/05/2018,TXK,AR,ASW,CE,Federal Contract Tower,0,8,17,0,25,0,0,4,0,4,0,8,21,0,29,0,0,0,29
03/06/2018,TXK,AR,ASW,CE,Federal Contract Tower,0,12,28,0,40,0,7,8,0,15,0,19,36,0,55,10,0,10,65
03/07/2018,TXK,AR,ASW,CE,Federal Contract Tower,0,12,28,0,40,0,5,26,3,34,0,17,54,3,74,43,0,43,117
03/08/2018,TXK,AR,ASW,CE,Federal Contract Tower,0,17,20,2,39,0,5,30,0,35,0,22,50,2,74,50,0,50,124
03/09/2018,TXK,AR,ASW,CE,Federal Contract Tower,0,9,21,0,30,0,7,16,0,23,0,16,37,0,53,26,0,26,79
03/10/2018,TXK,AR,ASW,CE,Federal Contract Tower,0,4,11,0,15,0,6,13,0,19,0,10,24,0,34,14,0,14,48
03/11/2018,TXK,AR,ASW,CE,Federal Contract Tower,0,10,10,0,20,0,4,4,0,8,0,14,14,0,28,8,0,8,36
03/12/2018,TXK,AR,ASW,CE,Federal Contract Tower,0,7,23,0,30,0,1,10,0,11,0,8,33,0,41,22,0,22,63
03/13/2018,TXK,AR,ASW,CE,Federal Contract Tower,0,11,17,8,36,0,1,15,0,16,0,12,32,8,52,36,0,36,88
03/14/2018,TXK,AR,ASW,CE,Federal Contract Tower,0,7,25,2,34,0,0,12,0,12,0,7,37,2,46,14,0,14,60
03/15/2018,TXK,AR,ASW,CE,Federal Contract Tower,0,6,12,0,18,0,6,4,2,12,0,12,16,2,30,4,0,4,34
03/16/2018,TXK,AR,ASW,CE,Federal Contract Tower,0,10,15,5,30,0,2,7,4,13,0,12,22,9,43,8,26,34,77
03/17/2018,TXK,AR,ASW,CE,Federal Contract Tower,0,4,6,0,10,0,0,8,3,11,0,4,14,3,21,18,0,18,39
03/19/2018,TXK,AR,ASW,CE,Federal Contract Tower,0,8,13,2,23,0,4,6,3,13,0,12,19,5,36,34,0,34,70
03/20/2018,TXK,AR,ASW,CE,Federal Contract Tower,0,6,17,1,24,0,6,6,1,13,0,12,23,2,37,12,0,12,49
03/21/2018,TXK,AR,ASW,CE,Federal Contract Tower,0,10,28,10,48,0,0,21,1,22,0,10,49,11,70,56,20,76,146
03/22/2018,TXK,AR,ASW,CE,Federal Contract Tower,0,11,18,5,34,0,4,8,0,12,0,15,26,5,46,42,6,48,94
03/23/2018,TXK,AR,ASW,CE,Federal Contract Tower,0,7,15,0,22,0,6,24,0,30,0,13,39,0,52,22,0,22,74
03/24/2018,TXK,AR,ASW,CE,Federal Contract Tower,0,5,20,3,28,0,3,13,0,16,0,8,33,3,44,46,6,52,96
03/25/2018,TXK,AR,ASW,CE,Federal Contract Tower,0,11,9,0,20,0,3,9,3,15,0,14,18,3,35,6,0,6,41
03/26/2018,TXK,AR,ASW,CE,Federal Contract Tower,0,9,15,0,24,0,4,9,3,16,0,13,24,3,40,2,0,2,42
03/27/2018,TXK,AR,ASW,CE,Federal Contract Tower,0,7,11,0,18,0,1,2,0,3,0,8,13,0,21,0,0,0,21
03/28/2018,TXK,AR,ASW,CE,Federal Contract Tower,0,9,12,0,21,0,0,0,0,0,0,9,12,0,21,0,0,0,21
03/29/2018,TXK,AR,ASW,CE,Federal Contract Tower,0,10,21,2,33,0,4,6,3,13,0,14,27,5,46,10,20,30,76
03/30/2018,TXK,AR,ASW,CE,Federal Contract Tower,0,8,43,0,51,0,3,25,0,28,0,11,68,0,79,56,0,56,135
03/31/2018,TXK,AR,ASW,CE,Federal Contract Tower,0,8,15,5,28,0,1,25,2,28,0,9,40,7,56,36,20,56,112
04/01/2018,TXK,AR,ASW,CE,Federal Contract Tower,0,8,11,0,19,0,6,15,0,21,0,14,26,0,40,20,0,20,60
04/02/2018,TXK,AR,ASW,CE,Federal Contract Tower,0,9,13,0,22,0,0,2,0,2,0,9,15,0,24,2,0,2,26
04/03/2018,TXK,AR,ASW,CE,Federal Contract Tower,0,13,12,0,25,0,0,6,0,6,0,13,18,0,31,2,0,2,33
04/04/2018,TXK,AR,ASW,CE,Federal Contract Tower,0,14,19,0,33,0,0,27,0,27,0,14,46,0,60,28,0,28,88
04/05/2018,TXK,AR,ASW,CE,Federal Contract Tower,0,15,27,5,47,0,3,13,0,16,0,18,40,5,63,28,2,30,93
04/06/2018,TXK,AR,ASW,CE,Federal Contract Tower,0,7,9,0,16,0,0,0,0,0,0,7,9,0,16,2,0,2,18
04/07/2018,TXK,AR,ASW,CE,Federal Contract Tower,0,6,6,0,12,0,5,10,0,15,0,11,16,0,27,10,0,10,37
04/08/2018,TXK,AR,ASW,CE,Federal Contract Tower,0,8,21,0,29,0,1,22,0,23,0,9,43,0,52,52,0,52,104
04/09/2018,TXK,AR,ASW,CE,Federal Contract Tower,0,7,20,5,32,0,5,12,2,19,0,12,32,7,51,6,30,36,87
04/10/2018,TXK,AR,ASW,CE,Federal Contract Tower,0,17,11,2,30,0,4,20,0,24,0,21,31,2,54,72,0,72,126
04/11/2018,TXK,AR,ASW,CE,Federal Contract Tower,0,5,18,3,26,0,2,16,3,21,0,7,34,6,47,14,20,34,81
04/12/2018,TXK,AR,ASW,CE,Federal Contract Tower,0,8,28,4,40,0,10,13,3,26,0,18,41,7,66,66,4,70,136
04/13/2018,TXK,AR,ASW,CE,Federal Contract Tower,0,7,4,0,11,0,0,3,1,4,0,7,7,1,15,4,2,6,21
04/14/2018,TXK,AR,ASW,CE,Federal Contract Tower,0,3,14,0,17,0,1,9,0,10,0,4,23,0,27,24,0,24,51
04/15/2018,TXK,AR,ASW,CE,Federal Contract Tower,0,12,13,0,25,0,0,6,0,6,0,12,19,0,31,14,0,14,45
04/16/2018,TXK,AR,ASW,CE,Federal Contract Tower,0,9,18,6,33,0,5,19,1,25,0,14,37,7,58,38,20,58,116
04/17/2018,TXK,AR,ASW,CE,Federal Contract Tower,0,8,14,2,24,0,0,8,2,10,0,8,22,4,34,0,6,6,40
04/18/2018,TXK,AR,ASW,CE,Federal Contract Tower,0,13,29,8,50,0,4,11,2,17,0,17,40,10,67,30,26,56,123
04/19/2018,TXK,AR,ASW,CE,Federal Contract Tower,0,12,22,0,34,0,0,23,0,23,0,12,45,0,57,52,0,52,109
04/20/2018,TXK,AR,ASW,CE,Federal Contract Tower,0,9,21,6,36,0,4,30,0,34,0,13,51,6,70,14,10,24,94
04/21/2018,TXK,AR,ASW,CE,Federal Contract Tower,0,4,4,1,9,0,4,9,0,13,0,8,13,1,22,18,0,18,40
04/22/2018,TXK,AR,ASW,CE,Federal Contract Tower,0,12,16,10,38,0,1,4,6,11,0,13,20,16,49,20,6,26,75
04/23/2018,TXK,AR,ASW,CE,Federal Contract Tower,0,8,19,6,33,0,2,6,1,9,0,10,25,7,42,10,24,34,76
04/24/2018,TXK,AR,ASW,CE,Federal Contract Tower,0,8,23,0,31,0,8,41,0,49,0,16,64,0,80,52,0,52,132
04/25/2018,TXK,AR,ASW,CE,Federal Contract Tower,0,6,18,3,27,0,5,3,1,9,0,11,21,4,36,14,18,32,68
04/26/2018,TXK,AR,ASW,CE,Federal Contract Tower,0,12,18,0,30,0,10,16,0,26,0,22,34,0,56,6,0,6,62
04/27/2018,TXK,AR,ASW,CE,Federal Contract Tower,0,12,28,2,42,0,8,4,0,12,0,20,32,2,54,22,2,24,78
04/28/2018,TXK,AR,ASW,CE,Federal Contract Tower,0,6,14,11,31,0,4,33,0,37,0,10,47,11,68,50,18,68,136
04/29/2018,TXK,AR,ASW,CE,Federal Contract Tower,0,12,14,0,26,0,11,10,0,21,0,23,24,0,47,26,0,26,73
04/30/2018,TXK,AR,ASW,CE,Federal Contract Tower,0,11,19,3,33,0,4,11,0,15,0,15,30,3,48,16,2,18,66
05/01/2018,TXK,AR,ASW,CE,Federal Contract Tower,0,10,22,0,32,0,3,5,0,8,0,13,27,0,40,20,0,20,60
05/02/2018,TXK,AR,ASW,CE,Federal Contract Tower,0,9,16,3,28,0,4,11,1,16,0,13,27,4,44,0,4,4,48
05/03/2018,TXK,AR,ASW,CE,Federal Contract Tower,0,4,15,0,19,0,0,2,0,2,0,4,17,0,21,0,0,0,21
05/04/2018,TXK,AR,ASW,CE,Federal Contract Tower,0,6,1,2,9,0,0,0,0,0,0,6,1,2,9,0,0,0,9
05/05/2018,TXK,AR,ASW,CE,Federal Contract Tower,0,8,15,0,23,0,6,11,1,18,0,14,26,1,41,10,0,10,51
05/06/2018,TXK,AR,ASW,CE,Federal Contract Tower,0,13,14,0,27,0,7,24,1,32,0,20,38,1,59,34,0,34,93
05/07/2018,TXK,AR,ASW,CE,Federal Contract Tower,0,14,11,0,25,0,5,7,0,12,0,19,18,0,37,8,0,8,45
05/08/2018,TXK,AR,ASW,CE,Federal Contract Tower,0,13,18,6,37,0,0,19,2,21,0,13,37,8,58,30,20,50,108
05/09/2018,TXK,AR,ASW,CE,Federal Contract Tower,0,11,18,4,33,0,2,7,6,15,0,13,25,10,48,4,30,34,82
05/10/2018,TXK,AR,ASW,CE,Federal Contract Tower,0,15,10,4,29,0,4,20,0,24,0,19,30,4,53,18,0,18,71
05/11/2018,TXK,AR,ASW,CE,Federal Contract Tower,0,12,22,10,44,0,2,13,1,16,0,14,35,11,60,34,10,44,104
05/12/2018,TXK,AR,ASW,CE,Federal Contract Tower,0,6,23,14,43,0,0,5,2,7,0,6,28,16,50,6,24,30,80
05/13/2018,TXK,AR,ASW,CE,Federal Contract Tower,0,7,17,0,24,0,0,11,0,11,0,7,28,0,35,10,0,10,45
05/14/2018,TXK,AR,ASW,CE,Federal Contract Tower,0,12,21,0,33,0,3,11,0,14,0,15,32,0,47,16,0,16,63
05/15/2018,TXK,AR,ASW,CE,Federal Contract Tower,0,12,16,0,28,0,3,9,0,12,0,15,25,0,40,8,0,8,48
05/16/2018,TXK,AR,ASW,CE,Federal Contract Tower,0,8,22,3,33,0,3,1,1,5,0,11,23,4,38,2,16,18,56
05/17/2018,TXK,AR,ASW,CE,Federal Contract Tower,0,9,20,2,31,0,3,29,2,34,0,12,49,4,65,62,10,72,137
05/18/2018,TXK,AR,ASW,CE,Federal Contract Tower,0,11,22,4,37,0,3,26,0,29,0,14,48,4,66,38,8,46,112
05/19/2018,TXK,AR,ASW,CE,Federal Contract Tower,0,5,7,0,12,0,8,12,4,24,0,13,19,4,36,28,0,28,64
05/20/2018,TXK,AR,ASW,CE,Federal Contract Tower,0,7,10,3,20,0,3,10,1,14,0,10,20,4,34,10,6,16,50
05/21/2018,TXK,AR,ASW,CE,Federal Contract Tower,0,10,16,1,27,0,2,8,0,10,0,12,24,1,37,20,0,20,57
05/22/2018,TXK,AR,ASW,CE,Federal Contract Tower,0,10,22,0,32,0,4,7,0,11,0,14,29,0,43,18,0,18,61
05/23/2018,TXK,AR,ASW,CE,Federal Contract Tower,0,13,19,4,36,0,3,12,2,17,0,16,31,6,53,6,0,6,59
05/24/2018,TXK,AR,ASW,CE,Federal Contract Tower,0,16,23,2,41,0,5,24,4,33,0,21,47,6,74,12,0,12,86
05/25/2018,TXK,AR,ASW,CE,Federal Contract Tower,0,12,14,0,26,0,3,14,0,17,0,15,28,0,43,16,0,16,59
05/26/2018,TXK,AR,ASW,CE,Federal Contract Tower,0,6,14,0,20,0,4,8,0,12,0,10,22,0,32,20,0,20,52
05/27/2018,TXK,AR,ASW,CE,Federal Contract Tower,0,11,3,0,14,0,1,9,0,10,0,12,12,0,24,14,0,14,38
05/28/2018,TXK,AR,ASW,CE,Federal Contract Tower,0,9,14,0,23,0,1,7,0,8,0,10,21,0,31,22,0,22,53
05/29/2018,TXK,AR,ASW,CE,Federal Contract Tower,0,13,21,5,39,0,4,13,3,20,0,17,34,8,59,23,8,31,90
05/30/2018,TXK,AR,ASW,CE,Federal Contract Tower,0,13,19,1,33,0,9,4,4,17,0,22,23,5,50,22,2,24,74
05/31/2018,TXK,AR,ASW,CE,Federal Contract Tower,0,15,17,0,32,0,1,8,6,15,0,16,25,6,47,2,0,2,49
06/01/2018,TXK,AR,ASW,CE,Federal Contract Tower,0,9,20,11,40,0,5,20,0,25,0,14,40,11,65,28,6,34,99
06/02/2018,TXK,AR,ASW,CE,Federal Contract Tower,0,21,7,3,31,0,2,22,1,25,0,23,29,4,56,42,8,50,106
06/03/2018,TXK,AR,ASW,CE,Federal Contract Tower,0,9,16,8,33,0,5,22,1,28,0,14,38,9,61,22,12,34,95
06/04/2018,TXK,AR,ASW,CE,Federal Contract Tower,0,14,5,3,22,0,0,12,0,12,0,14,17,3,34,20,4,24,58
06/05/2018,TXK,AR,ASW,CE,Federal Contract Tower,0,14,10,2,26,0,6,13,2,21,0,20,23,4,47,22,0,22,69
06/06/2018,TXK,AR,ASW,CE,Federal Contract Tower,0,13,23,2,38,0,0,22,2,24,0,13,45,4,62,28,0,28,90
06/07/2018,TXK,AR,ASW,CE,Federal Contract Tower,0,7,19,0,26,0,2,9,2,13,0,9,28,2,39,24,0,24,63
06/08/2018,TXK,AR,ASW,CE,Federal Contract Tower,0,10,18,0,28,0,3,20,0,23,0,13,38,0,51,20,0,20,71
06/09/2018,TXK,AR,ASW,CE,Federal Contract Tower,0,8,13,0,21,0,4,8,0,12,0,12,21,0,33,12,0,12,45
06/10/2018,TXK,AR,ASW,CE,Federal Contract Tower,0,8,16,4,28,0,7,3,1,11,0,15,19,5,39,10,4,14,53
06/11/2018,TXK,AR,ASW,CE,Federal Contract Tower,0,8,21,0,29,0,2,17,0,19,0,10,38,0,48,46,0,46,94
06/12/2018,TXK,AR,ASW,CE,Federal Contract Tower,0,13,17,5,35,0,0,7,5,12,0,13,24,10,47,4,4,8,55
06/13/2018,TXK,AR,ASW,CE,Federal Contract Tower,0,13,13,4,30,0,3,7,2,12,0,16,20,6,42,8,6,14,56
06/14/2018,TXK,AR,ASW,CE,Federal Contract Tower,0,13,18,0,31,0,13,14,0,27,0,26,32,0,58,32,0,32,90
06/15/2018,TXK,AR,ASW,CE,Federal Contract Tower,0,9,21,0,30,0,8,27,0,35,0,17,48,0,65,52,0,52,117
06/16/2018,TXK,AR,ASW,CE,Federal Contract Tower,0,9,20,0,29,0,6,21,0,27,0,15,41,0,56,64,0,64,120
06/17/2018,TXK,AR,ASW,CE,Federal Contract Tower,0,13,17,0,30,0,4,14,0,18,0,17,31,0,48,14,0,14,62
06/18/2018,TXK,AR,ASW,CE,Federal Contract Tower,0,9,14,4,27,0,1,11,0,12,0,10,25,4,39,4,0,4,43
06/19/2018,TXK,AR,ASW,CE,Federal Contract Tower,0,14,9,4,27,0,6,3,0,9,0,20,12,4,36,10,4,14,50
06/20/2018,TXK,AR,ASW,CE,Federal Contract Tower,0,11,11,0,22,0,2,0,0,2,0,13,11,0,24,0,0,0,24
06/21/2018,TXK,AR,ASW,CE,Federal Contract Tower,0,10,15,1,26,0,0,4,3,7,0,10,19,4,33,0,0,0,33
06/22/2018,TXK,AR,ASW,CE,Federal Contract Tower,0,8,29,7,44,0,8,16,1,25,0,16,45,8,69,24,6,30,99
06/23/2018,TXK,AR,ASW,CE,Federal Contract Tower,0,7,6,8,21,0,5,26,2,33,0,12,32,10,54,26,12,38,92
06/24/2018,TXK,AR,ASW,CE,Federal Contract Tower,0,13,20,0,33,0,2,10,2,14,0,15,30,2,47,22,0,22,69
06/25/2018,TXK,AR,ASW,CE,Federal Contract Tower,0,9,18,0,27,0,3,12,0,15,0,12,30,0,42,20,0,20,62
06/26/2018,TXK,AR,ASW,CE,Federal Contract Tower,0,11,33,3,47,0,3,24,1,28,0,14,57,4,75,42,12,54,129
06/27/2018,TXK,AR,ASW,CE,Federal Contract Tower,0,17,20,0,37,0,1,11,0,12,0,18,31,0,49,24,0,24,73
06/28/2018,TXK,AR,ASW,CE,Federal Contract Tower,0,16,23,2,41,0,3,22,3,28,0,19,45,5,69,32,10,42,111
06/29/2018,TXK,AR,ASW,CE,Federal Contract Tower,0,13,19,6,38,0,3,36,2,41,0,16,55,8,79,90,20,110,189
06/30/2018,TXK,AR,ASW,CE,Federal Contract Tower,0,9,25,0,34,0,6,17,0,23,0,15,42,0,57,30,0,30,87
07/01/2018,TXK,AR,ASW,CE,Federal Contract Tower,0,8,15,3,26,0,0,12,0,12,0,8,27,3,38,4,2,6,44
07/02/2018,TXK,AR,ASW,CE,Federal Contract Tower,0,9,22,0,31,0,2,11,0,13,0,11,33,0,44,26,0,26,70
07/03/2018,TXK,AR,ASW,CE,Federal Contract Tower,0,7,11,4,22,0,1,3,2,6,0,8,14,6,28,4,28,32,60
07/04/2018,TXK,AR,ASW,CE,Federal Contract Tower,0,4,4,0,8,0,8,4,0,12,0,12,8,0,20,16,0,16,36
07/05/2018,TXK,AR,ASW,CE,Federal Contract Tower,0,5,5,0,10,0,11,13,0,24,0,16,18,0,34,46,0,46,80
07/06/2018,TXK,AR,ASW,CE,Federal Contract Tower,0,6,9,13,28,0,6,7,0,13,0,12,16,13,41,19,16,35,76
07/07/2018,TXK,AR,ASW,CE,Federal Contract Tower,0,8,4,0,12,0,2,19,0,21,0,10,23,0,33,74,0,74,107
07/08/2018,TXK,AR,ASW,CE,Federal Contract Tower,0,7,11,2,20,0,5,3,0,8,0,12,14,2,28,4,0,4,32
07/09/2018,TXK,AR,ASW,CE,Federal Contract Tower,0,14,16,8,38,0,0,23,0,23,0,14,39,8,61,24,10,34,95
07/10/2018,TXK,AR,ASW,CE,Federal Contract Tower,0,15,18,3,36,0,1,7,1,9,0,16,25,4,45,6,6,12,57
07/11/2018,TXK,AR,ASW,CE,Federal Contract Tower,0,14,18,0,32,0,4,8,2,14,0,18,26,2,46,4,0,4,50
07/12/2018,TXK,AR,ASW,CE,Federal Contract Tower,0,14,17,0,31,0,12,10,0,22,0,26,27,0,53,42,0,42,95
07/13/2018,TXK,AR,ASW,CE,Federal Contract Tower,0,20,18,0,38,0,5,12,0,17,0,25,30,0,55,22,0,22,77
07/14/2018,TXK,AR,ASW,CE,Federal Contract Tower,0,7,8,5,20,0,11,21,0,32,0,18,29,5,52,56,2,58,110
07/15/2018,TXK,AR,ASW,CE,Federal Contract Tower,0,12,22,2,36,0,3,17,0,20,0,15,39,2,56,48,2,50,106
07/16/2018,TXK,AR,ASW,CE,Federal Contract Tower,0,12,16,2,30,0,7,15,0,22,0,19,31,2,52,30,0,30,82
07/17/2018,TXK,AR,ASW,CE,Federal Contract Tower,0,12,29,0,41,0,3,19,0,22,0,15,48,0,63,22,0,22,85
07/18/2018,TXK,AR,ASW,CE,Federal Contract Tower,0,13,26,5,44,0,7,15,2,24,0,20,41,7,68,22,16,38,106
07/19/2018,TXK,AR,ASW,CE,Federal Contract Tower,0,19,11,0,30,0,0,8,0,8,0,19,19,0,38,12,0,12,50
07/20/2018,TXK,AR,ASW,CE,Federal Contract Tower,0,12,22,6,40,0,4,17,1,22,0,16,39,7,62,76,22,98,160
07/21/2018,TXK,AR,ASW,CE,Federal Contract Tower,0,6,10,4,20,0,5,9,0,14,0,11,19,4,34,22,4,26,60
07/22/2018,TXK,AR,ASW,CE,Federal Contract Tower,0,9,19,0,28,0,3,8,2,13,0,12,27,2,41,32,0,32,73
07/23/2018,TXK,AR,ASW,CE,Federal Contract Tower,0,12,20,0,32,0,4,8,0,12,0,16,28,0,44,4,0,4,48
07/24/2018,TXK,AR,ASW,CE,Federal Contract Tower,0,10,18,0,28,0,3,12,5,20,0,13,30,5,48,18,2,20,68
07/25/2018,TXK,AR,ASW,CE,Federal Contract Tower,0,11,20,3,34,0,6,10,0,16,0,17,30,3,50,18,16,34,84
07/26/2018,TXK,AR,ASW,CE,Federal Contract Tower,0,12,22,0,34,0,2,19,0,21,0,14,41,0,55,14,0,14,69
07/27/2018,TXK,AR,ASW,CE,Federal Contract Tower,0,9,13,7,29,0,0,12,0,12,0,9,25,7,41,34,2,36,77
07/28/2018,TXK,AR,ASW,CE,Federal Contract Tower,0,7,6,0,13,0,2,3,0,5,0,9,9,0,18,2,0,2,20
07/29/2018,TXK,AR,ASW,CE,Federal Contract Tower,0,11,12,0,23,0,7,11,0,18,0,18,23,0,41,42,0,42,83
07/30/2018,TXK,AR,ASW,CE,Federal Contract Tower,0,6,6,0,12,0,0,3,0,3,0,6,9,0,15,8,0,8,23
07/31/2018,TXK,AR,ASW,CE,Federal Contract Tower,0,7,16,2,25,0,5,7,0,12,0,12,23,2,37,16,0,16,53
08/01/2018,TXK,AR,ASW,CE,Federal Contract Tower,0,12,14,0,26,0,0,15,0,15,0,12,29,0,41,8,0,8,49
08/02/2018,TXK,AR,ASW,CE,Federal Contract Tower,0,16,20,0,36,0,2,4,3,9,0,18,24,3,45,10,0,10,55
08/03/2018,TXK,AR,ASW,CE,Federal Contract Tower,0,7,18,14,39,0,2,12,0,14,0,9,30,14,53,36,12,48,101
08/04/2018,TXK,AR,ASW,CE,Federal Contract Tower,0,11,18,1,30,0,6,15,2,23,0,17,33,3,53,34,2,36,89
08/05/2018,TXK,AR,ASW,CE,Federal Contract Tower,0,10,18,0,28,0,4,2,0,6,0,14,20,0,34,8,0,8,42
08/06/2018,TXK,AR,ASW,CE,Federal Contract Tower,0,13,28,3,44,0,3,10,0,13,0,16,38,3,57,10,4,14,71
08/07/2018,TXK,AR,ASW,CE,Federal Contract Tower,0,8,20,0,28,0,2,9,1,12,0,10,29,1,40,12,2,14,54
08/08/2018,TXK,AR,ASW,CE,Federal Contract Tower,0,12,14,0,26,0,4,11,0,15,0,16,25,0,41,26,0,26,67
08/09/2018,TXK,AR,ASW,CE,Federal Contract Tower,0,10,8,0,18,0,3,2,0,5,0,13,10,0,23,2,0,2,25
08/10/2018,TXK,AR,ASW,CE,Federal Contract Tower,0,14,13,0,27,0,0,7,0,7,0,14,20,0,34,8,0,8,42
08/11/2018,TXK,AR,ASW,CE,Federal Contract Tower,0,7,9,0,16,0,4,10,0,14,0,11,19,0,30,6,0,6,36
08/12/2018,TXK,AR,ASW,CE,Federal Contract Tower,0,10,12,0,22,0,2,0,0,2,0,12,12,0,24,8,0,8,32
08/13/2018,TXK,AR,ASW,CE,Federal Contract Tower,0,8,13,0,21,0,0,8,0,8,0,8,21,0,29,6,0,6,35
08/14/2018,TXK,AR,ASW,CE,Federal Contract Tower,0,13,11,0,24,0,2,9,2,13,0,15,20,2,37,18,0,18,55
08/15/2018,TXK,AR,ASW,CE,Federal Contract Tower,0,8,18,1,27,0,0,12,4,16,0,8,30,5,43,26,0,26,69
08/16/2018,TXK,AR,ASW,CE,Federal Contract Tower,0,10,23,1,34,0,0,6,0,6,0,10,29,1,40,46,0,46,86
08/17/2018,TXK,AR,ASW,CE,Federal Contract Tower,0,14,14,10,38,0,2,8,4,14,0,16,22,14,52,18,4,22,74
08/18/2018,TXK,AR,ASW,CE,Federal Contract Tower,2,11,17,10,40,0,1,9,0,10,2,12,26,10,50,16,12,28,78
08/19/2018,TXK,AR,ASW,CE,Federal Contract Tower,0,8,21,0,29,0,2,18,0,20,0,10,39,0,49,24,0,24,73
08/20/2018,TXK,AR,ASW,CE,Federal Contract Tower,0,8,19,17,44,0,3,10,6,19,0,11,29,23,63,10,98,108,171
08/21/2018,TXK,AR,ASW,CE,Federal Contract Tower,0,7,21,4,32,0,2,10,0,12,0,9,31,4,44,40,14,54,98
08/22/2018,TXK,AR,ASW,CE,Federal Contract Tower,0,8,19,3,30,0,6,10,0,16,0,14,29,3,46,22,6,28,74
08/23/2018,TXK,AR,ASW,CE,Federal Contract Tower,0,10,11,9,30,0,3,9,2,14,0,13,20,11,44,26,8,34,78
08/24/2018,TXK,AR,ASW,CE,Federal Contract Tower,0,10,18,3,31,0,0,10,0,10,0,10,28,3,41,16,4,20,61
08/25/2018,TXK,AR,ASW,CE,Federal Contract Tower,0,7,12,0,19,0,5,9,0,14,0,12,21,0,33,8,0,8,41
08/26/2018,TXK,AR,ASW,CE,Federal Contract Tower,0,10,11,0,21,0,5,2,0,7,0,15,13,0,28,18,0,18,46
08/27/2018,TXK,AR,ASW,CE,Federal Contract Tower,0,10,11,0,21,0,6,15,0,21,0,16,26,0,42,44,0,44,86
08/28/2018,TXK,AR,ASW,CE,Federal Contract Tower,0,6,18,2,26,0,1,12,1,14,0,7,30,3,40,12,10,22,62
08/29/2018,TXK,AR,ASW,CE,Federal Contract Tower,0,10,19,3,32,0,0,14,0,14,0,10,33,3,46,12,2,14,60
08/30/2018,TXK,AR,ASW,CE,Federal Contract Tower,0,12,19,0,31,0,4,20,0,24,0,16,39,0,55,40,0,40,95
08/31/2018,TXK,AR,ASW,CE,Federal Contract Tower,0,20,27,0,47,0,12,17,0,29,0,32,44,0,76,42,0,42,118
09/01/2018,TXK,AR,ASW,CE,Federal Contract Tower,0,9,3,0,12,0,3,13,0,16,0,12,16,0,28,22,0,22,50
09/02/2018,TXK,AR,ASW,CE,Federal Contract Tower,0,13,5,0,18,0,1,3,2,6,0,14,8,2,24,12,0,12,36
09/03/2018,TXK,AR,ASW,CE,Federal Contract Tower,0,15,21,2,38,0,0,5,0,5,0,15,26,2,43,38,0,38,81
09/04/2018,TXK,AR,ASW,CE,Federal Contract Tower,0,6,35,2,43,0,5,11,0,16,0,11,46,2,59,46,2,48,107
09/05/2018,TXK,AR,ASW,CE,Federal Contract Tower,0,11,25,3,39,0,2,27,2,31,0,13,52,5,70,56,6,62,132
09/06/2018,TXK,AR,ASW,CE,Federal Contract Tower,0,16,13,0,29,0,10,0,0,10,0,26,13,0,39,12,0,12,51
09/07/2018,TXK,AR,ASW,CE,Federal Contract Tower,0,8,12,7,27,0,2,12,1,15,0,10,24,8,42,24,10,34,76
09/08/2018,TXK,AR,ASW,CE,Federal Contract Tower,0,5,7,0,12,0,2,3,1,6,0,7,10,1,18,2,0,2,20
09/09/2018,TXK,AR,ASW,CE,Federal Contract Tower,0,8,9,0,17,0,0,5,0,5,0,8,14,0,22,22,0,22,44
09/10/2018,TXK,AR,ASW,CE,Federal Contract Tower,0,8,13,0,21,0,3,0,0,3,0,11,13,0,24,14,0,14,38
09/11/2018,TXK,AR,ASW,CE,Federal Contract Tower,0,8,16,1,25,0,2,10,1,13,0,10,26,2,38,24,0,24,62
09/12/2018,TXK,AR,ASW,CE,Federal Contract Tower,0,11,29,0,40,0,5,4,0,9,0,16,33,0,49,28,0,28,77
09/13/2018,TXK,AR,ASW,CE,Federal Contract Tower,0,11,21,4,36,0,0,19,2,21,0,11,40,6,57,28,8,36,93
09/14/2018,TXK,AR,ASW,CE,Federal Contract Tower,0,12,23,8,43,0,3,16,0,19,0,15,39,8,62,30,4,34,96
09/15/2018,TXK,AR,ASW,CE,Federal Contract Tower,0,11,17,0,28,0,0,24,0,24,0,11,41,0,52,22,0,22,74
09/16/2018,TXK,AR,ASW,CE,Federal Contract Tower,0,8,17,8,33,0,4,26,0,30,0,12,43,8,63,36,2,38,101
09/17/2018,TXK,AR,ASW,CE,Federal Contract Tower,0,8,19,2,29,0,3,18,0,21,0,11,37,2,50,58,0,58,108
09/18/2018,TXK,AR,ASW,CE,Federal Contract Tower,0,10,17,2,29,0,3,19,6,28,0,13,36,8,57,44,0,44,101
09/19/2018,TXK,AR,ASW,CE,Federal Contract Tower,0,14,17,0,31,0,9,26,0,35,0,23,43,0,66,24,0,24,90
09/20/2018,TXK,AR,ASW,CE,Federal Contract Tower,0,12,16,0,28,0,0,11,1,12,0,12,27,1,40,16,0,16,56
09/21/2018,TXK,AR,ASW,CE,Federal Contract Tower,0,15,12,0,27,0,0,2,1,3,0,15,14,1,30,8,0,8,38
09/22/2018,TXK,AR,ASW,CE,Federal Contract Tower,0,10,4,0,14,0,0,0,0,0,0,10,4,0,14,0,0,0,14
09/23/2018,TXK,AR,ASW,CE,Federal Contract Tower,0,8,12,0,20,0,0,0,0,0,0,8,12,0,20,6,0,6,26
09/24/2018,TXK,AR,ASW,CE,Federal Contract Tower,0,12,21,0,33,0,2,1,0,3,0,14,22,0,36,12,0,12,48
09/25/2018,TXK,AR,ASW,CE,Federal Contract Tower,0,10,20,4,34,0,5,11,0,16,0,15,31,4,50,18,6,24,74
09/26/2018,TXK,AR,ASW,CE,Federal Contract Tower,0,9,11,0,20,0,3,4,0,7,0,12,15,0,27,18,0,18,45
09/27/2018,TXK,AR,ASW,CE,Federal Contract Tower,0,13,11,0,24,0,5,6,0,11,0,18,17,0,35,18,0,18,53
09/28/2018,TXK,AR,ASW,CE,Federal Contract Tower,0,9,11,9,29,0,11,8,0,19,0,20,19,9,48,19,14,33,81
09/29/2018,TXK,AR,ASW,CE,Federal Contract Tower,0,11,6,2,19,0,2,5,0,7,0,13,11,2,26,26,2,28,54
09/30/2018,TXK,AR,ASW,CE,Federal Contract Tower,0,14,13,0,27,0,0,4,0,4,0,14,17,0,31,8,0,8,39
10/01/2018,TXK,AR,ASW,CE,Federal Contract Tower,0,8,18,2,28,0,4,11,0,15,0,12,29,2,43,52,4,56,99
10/02/2018,TXK,AR,ASW,CE,Federal Contract Tower,0,18,27,0,45,0,0,13,0,13,0,18,40,0,58,52,0,52,110
10/03/2018,TXK,AR,ASW,CE,Federal Contract Tower,0,11,26,2,39,0,4,19,2,25,0,15,45,4,64,52,6,58,122
10/04/2018,TXK,AR,ASW,CE,Federal Contract Tower,0,15,24,2,41,0,3,44,0,47,0,18,68,2,88,82,0,82,170
10/05/2018,TXK,AR,ASW,CE,Federal Contract Tower,0,13,19,0,32,0,2,31,10,43,0,15,50,10,75,52,8,60,135
10/06/2018,TXK,AR,ASW,CE,Federal Contract Tower,0,8,4,0,12,0,6,16,0,22,0,14,20,0,34,20,0,20,54
10/07/2018,TXK,AR,ASW,CE,Federal Contract Tower,0,12,21,0,33,0,0,2,0,2,0,12,23,0,35,4,0,4,39
10/08/2018,TXK,AR,ASW,CE,Federal Contract Tower,0,12,18,0,30,0,0,12,0,12,0,12,30,0,42,34,0,34,76
10/09/2018,TXK,AR,ASW,CE,Federal Contract Tower,0,12,10,6,28,0,0,1,1,2,0,12,11,7,30,0,14,14,44
10/10/2018,TXK,AR,ASW,CE,Federal Contract Tower,0,8,15,0,23,0,5,29,0,34,0,13,44,0,57,44,0,44,101
10/11/2018,TXK,AR,ASW,CE,Federal Contract Tower,0,16,31,4,51,0,3,32,2,37,0,19,63,6,88,78,0,78,166
10/12/2018,TXK,AR,ASW,CE,Federal Contract Tower,0,10,12,4,26,0,2,9,0,11,0,12,21,4,37,18,0,18,55
10/13/2018,TXK,AR,ASW,CE,Federal Contract Tower,0,4,7,0,11,0,0,0,0,0,0,4,7,0,11,2,0,2,13
10/14/2018,TXK,AR,ASW,CE,Federal Contract Tower,0,10,11,0,21,0,0,0,0,0,0,10,11,0,21,4,0,4,25
10/15/2018,TXK,AR,ASW,CE,Federal Contract Tower,0,16,13,0,29,0,0,1,0,1,0,16,14,0,30,4,0,4,34
10/16/2018,TXK,AR,ASW,CE,Federal Contract Tower,0,9,7,0,16,0,0,7,0,7,0,9,14,0,23,26,0,26,49
10/17/2018,TXK,AR,ASW,CE,Federal Contract Tower,0,14,22,0,36,0,0,10,0,10,0,14,32,0,46,16,0,16,62
10/18/2018,TXK,AR,ASW,CE,Federal Contract Tower,0,10,24,0,34,0,4,26,1,31,0,14,50,1,65,86,2,88,153
10/19/2018,TXK,AR,ASW,CE,Federal Contract Tower,0,13,12,0,25,0,0,12,0,12,0,13,24,0,37,22,0,22,59
10/20/2018,TXK,AR,ASW,CE,Federal Contract Tower,0,6,17,0,23,0,1,8,2,11,0,7,25,2,34,10,0,10,44
10/21/2018,TXK,AR,ASW,CE,Federal Contract Tower,0,13,21,5,39,0,0,16,5,21,0,13,37,10,60,16,0,16,76
10/22/2018,TXK,AR,ASW,CE,Federal Contract Tower,0,11,19,0,30,0,3,19,0,22,0,14,38,0,52,42,0,42,94
10/23/2018,TXK,AR,ASW,CE,Federal Contract Tower,0,15,17,7,39,0,0,19,0,19,0,15,36,7,58,30,2,32,90
10/24/2018,TXK,AR,ASW,CE,Federal Contract Tower,0,15,8,5,28,0,3,10,0,13,0,18,18,5,41,26,2,28,69
10/25/2018,TXK,AR,ASW,CE,Federal Contract Tower,0,8,18,1,27,0,0,1,0,1,0,8,19,1,28,0,0,0,28
10/26/2018,TXK,AR,ASW,CE,Federal Contract Tower,0,18,41,3,62,0,7,16,0,23,0,25,57,3,85,36,2,38,123
10/27/2018,TXK,AR,ASW,CE,Federal Contract Tower,0,10,18,0,28,0,4,25,0,29,0,14,43,0,57,40,0,40,97
10/28/2018,TXK,AR,ASW,CE,Federal Contract Tower,0,10,21,4,35,0,14,11,0,25,0,24,32,4,60,23,6,29,89
10/29/2018,TXK,AR,ASW,CE,Federal Contract Tower,0,9,14,7,30,0,0,2,13,15,0,9,16,20,45,18,2,20,65
10/30/2018,TXK,AR,ASW,CE,Federal Contract Tower,0,14,27,0,41,0,4,6,2,12,0,18,33,2,53,12,0,12,65
10/31/2018,TXK,AR,ASW,CE,Federal Contract Tower,0,13,9,0,22,0,0,0,0,0,0,13,9,0,22,0,0,0,22
11/01/2018,TXK,AR,ASW,CE,Federal Contract Tower,0,13,25,1,39,0,8,2,0,10,0,21,27,1,49,6,2,8,57
11/02/2018,TXK,AR,ASW,CE,Federal Contract Tower,0,9,17,18,44,0,1,15,1,17,0,10,32,19,61,16,16,32,93
11/03/2018,TXK,AR,ASW,CE,Federal Contract Tower,0,11,19,0,30,0,3,22,0,25,0,14,41,0,55,32,0,32,87
11/04/2018,TXK,AR,ASW,CE,Federal Contract Tower,0,8,17,21,46,0,5,6,1,12,0,13,23,22,58,18,26,44,102
11/05/2018,TXK,AR,ASW,CE,Federal Contract Tower,0,11,14,0,25,0,0,3,0,3,0,11,17,0,28,16,0,16,44
11/06/2018,TXK,AR,ASW,CE,Federal Contract Tower,0,9,26,2,37,0,2,20,0,22,0,11,46,2,59,56,0,56,115
11/07/2018,TXK,AR,ASW,CE,Federal Contract Tower,0,7,24,0,31,0,0,4,0,4,0,7,28,0,35,10,0,10,45
11/08/2018,TXK,AR,ASW,CE,Federal Contract Tower,0,10,15,5,30,0,4,10,2,16,0,14,25,7,46,28,8,36,82
11/09/2018,TXK,AR,ASW,CE,Federal Contract Tower,0,10,25,0,35,0,3,15,0,18,0,13,40,0,53,30,0,30,83
11/10/2018,TXK,AR,ASW,CE,Federal Contract Tower,0,10,20,0,30,0,5,32,0,37,0,15,52,0,67,34,0,34,101
11/11/2018,TXK,AR,ASW,CE,Federal Contract Tower,0,8,12,0,20,0,8,8,0,16,0,16,20,0,36,28,0,28,64
11/12/2018,TXK,AR,ASW,CE,Federal Contract Tower,0,9,8,0,17,0,0,0,0,0,0,9,8,0,17,4,0,4,21
11/13/2018,TXK,AR,ASW,CE,Federal Contract Tower,0,12,18,8,38,0,4,5,0,9,0,16,23,8,47,18,6,24,71
11/14/2018,TXK,AR,ASW,CE,Federal Contract Tower,0,6,21,7,34,0,5,8,0,13,0,11,29,7,47,12,6,18,65
11/15/2018,TXK,AR,ASW,CE,Federal Contract Tower,0,9,17,0,26,0,8,10,5,23,0,17,27,5,49,18,6,24,73
11/16/2018,TXK,AR,ASW,CE,Federal Contract Tower,0,13,36,19,68,0,4,11,2,17,0,17,47,21,85,28,24,52,137
11/17/2018,TXK,AR,ASW,CE,Federal Contract Tower,0,7,9,0,16,0,6,7,2,15,0,13,16,2,31,10,0,10,41
11/18/2018,TXK,AR,ASW,CE,Federal Contract Tower,0,12,13,5,30,0,0,0,0,0,0,12,13,5,30,6,2,8,38
11/19/2018,TXK,AR,ASW,CE,Federal Contract Tower,0,12,20,6,38,0,2,3,3,8,0,14,23,9,46,14,12,26,72
11/20/2018,TXK,AR,ASW,CE,Federal Contract Tower,0,12,17,3,32,0,4,17,0,21,0,16,34,3,53,38,2,40,93
11/21/2018,TXK,AR,ASW,CE,Federal Contract Tower,0,10,37,0,47,0,4,7,0,11,0,14,44,0,58,38,0,38,96
11/22/2018,TXK,AR,ASW,CE,Federal Contract Tower,0,4,10,0,14,0,3,4,0,7,0,7,14,0,21,0,0,0,21
11/23/2018,TXK,AR,ASW,CE,Federal Contract Tower,0,8,5,0,13,0,2,1,0,3,0,10,6,0,16,6,0,6,22
11/24/2018,TXK,AR,ASW,CE,Federal Contract Tower,0,11,20,0,31,0,8,15,0,23,0,19,35,0,54,32,0,32,86
11/25/2018,TXK,AR,ASW,CE,Federal Contract Tower,0,11,33,0,44,0,8,2,0,10,0,19,35,0,54,32,0,32,86
11/26/2018,TXK,AR,ASW,CE,Federal Contract Tower,0,14,8,9,31,0,7,7,2,16,0,21,15,11,47,4,16,20,67
11/27/2018,TXK,AR,ASW,CE,Federal Contract Tower,0,13,24,5,42,0,5,24,0,29,0,18,48,5,71,38,2,40,111
11/28/2018,TXK,AR,ASW,CE,Federal Contract Tower,0,13,25,0,38,0,2,18,0,20,0,15,43,0,58,6,0,6,64
11/29/2018,TXK,AR,ASW,CE,Federal Contract Tower,0,9,17,0,26,0,3,17,1,21,0,12,34,1,47,24,0,24,71
11/30/2018,TXK,AR,ASW,CE,Federal Contract Tower,0,7,7,0,14,0,0,1,0,1,0,7,8,0,15,0,0,0,15
12/01/2018,TXK,AR,ASW,CE,Federal Contract Tower,0,8,20,5,33,0,2,17,0,19,0,10,37,5,52,40,10,50,102
12/02/2018,TXK,AR,ASW,CE,Federal Contract Tower,0,10,14,0,24,0,4,21,5,30,0,14,35,5,54,18,0,18,72
12/03/2018,TXK,AR,ASW,CE,Federal Contract Tower,0,10,23,0,33,0,4,23,7,34,0,14,46,7,67,28,14,42,109
12/04/2018,TXK,AR,ASW,CE,Federal Contract Tower,0,16,34,0,50,0,0,20,0,20,0,16,54,0,70,44,0,44,114
12/05/2018,TXK,AR,ASW,CE,Federal Contract Tower,0,7,28,0,35,0,4,29,2,35,0,11,57,2,70,100,0,100,170
12/06/2018,TXK,AR,ASW,CE,Federal Contract Tower,0,13,20,0,33,0,5,18,0,23,0,18,38,0,56,24,0,24,80
12/07/2018,TXK,AR,ASW,CE,Federal Contract Tower,0,13,14,0,27,0,0,0,0,0,0,13,14,0,27,4,0,4,31
12/08/2018,TXK,AR,ASW,CE,Federal Contract Tower,0,7,3,0,10,0,0,0,0,0,0,7,3,0,10,2,0,2,12
12/09/2018,TXK,AR,ASW,CE,Federal Contract Tower,0,7,8,3,18,0,6,24,0,30,0,13,32,3,48,46,2,48,96
12/10/2018,TXK,AR,ASW,CE,Federal Contract Tower,0,13,14,3,30,0,9,8,0,17,0,22,22,3,47,38,2,40,87
12/11/2018,TXK,AR,ASW,CE,Federal Contract Tower,0,8,18,5,31,0,2,51,6,59,0,10,69,11,90,92,30,122,212
12/12/2018,TXK,AR,ASW,CE,Federal Contract Tower,0,7,13,2,22,0,0,17,1,18,0,7,30,3,40,42,4,46,86
12/13/2018,TXK,AR,ASW,CE,Federal Contract Tower,0,11,11,0,22,0,0,0,0,0,0,11,11,0,22,0,0,0,22
12/14/2018,TXK,AR,ASW,CE,Federal Contract Tower,0,10,9,0,19,0,0,1,0,1,0,10,10,0,20,2,0,2,22
12/15/2018,TXK,AR,ASW,CE,Federal Contract Tower,0,7,13,0,20,0,2,25,0,27,0,9,38,0,47,44,0,44,91
12/16/2018,TXK,AR,ASW,CE,Federal Contract Tower,0,10,20,0,30,0,3,33,1,37,0,13,53,1,67,38,0,38,105
12/17/2018,TXK,AR,ASW,CE,Federal Contract Tower,0,10,10,3,23,0,4,6,0,10,0,14,16,3,33,32,2,34,67
12/18/2018,TXK,AR,ASW,CE,Federal Contract Tower,0,12,10,0,22,0,0,2,0,2,0,12,12,0,24,20,0,20,44
12/19/2018,TXK,AR,ASW,CE,Federal Contract Tower,0,11,16,0,27,0,1,5,0,6,0,12,21,0,33,2,0,2,35
12/20/2018,TXK,AR,ASW,CE,Federal Contract Tower,0,8,17,4,29,0,5,8,0,13,0,13,25,4,42,6,2,8,50
12/21/2018,TXK,AR,ASW,CE,Federal Contract Tower,0,16,35,4,55,0,4,17,0,21,0,20,52,4,76,22,4,26,102
12/22/2018,TXK,AR,ASW,CE,Federal Contract Tower,0,9,15,0,24,0,5,18,0,23,0,14,33,0,47,30,0,30,77
12/23/2018,TXK,AR,ASW,CE,Federal Contract Tower,0,13,16,0,29,0,3,11,0,14,0,16,27,0,43,16,0,16,59
12/24/2018,TXK,AR,ASW,CE,Federal Contract Tower,0,8,6,0,14,0,6,13,0,19,0,14,19,0,33,36,0,36,69
12/25/2018,TXK,AR,ASW,CE,Federal Contract Tower,0,7,1,0,8,0,2,3,0,5,0,9,4,0,13,14,0,14,27
12/26/2018,TXK,AR,ASW,CE,Federal Contract Tower,0,12,16,0,28,0,4,2,0,6,0,16,18,0,34,10,0,10,44
12/27/2018,TXK,AR,ASW,CE,Federal Contract Tower,0,8,10,0,18,0,3,6,0,9,0,11,16,0,27,2,0,2,29
12/28/2018,TXK,AR,ASW,CE,Federal Contract Tower,12,24,0,0,36,0,4,22,0,26,12,28,22,0,62,46,0,46,108
12/29/2018,TXK,AR,ASW,CE,Federal Contract Tower,0,10,9,0,19,0,13,27,0,40,0,23,36,0,59,38,0,38,97
12/30/2018,TXK,AR,ASW,CE,Federal Contract Tower,0,12,13,0,25,0,1,17,0,18,0,13,30,0,43,24,0,24,67
12/31/2018,TXK,AR,ASW,CE,Federal Contract Tower,0,6,19,3,28,0,2,17,0,19,0,8,36,3,47,38,0,38,85
01/01/2019,TXK,AR,ASW,CE,Federal Contract Tower,0,8,12,0,20,0,2,3,0,5,0,10,15,0,25,12,0,12,37
01/02/2019,TXK,AR,ASW,CE,Federal Contract Tower,0,7,1,0,8,0,0,0,0,0,0,7,1,0,8,0,0,0,8
01/03/2019,TXK,AR,ASW,CE,Federal Contract Tower,10,7,0,0,17,0,0,0,0,0,10,7,0,0,17,0,0,0,17
01/04/2019,TXK,AR,ASW,CE,Federal Contract Tower,9,13,2,0,24,0,9,16,0,25,9,22,18,0,49,58,0,58,107
01/05/2019,TXK,AR,ASW,CE,Federal Contract Tower,0,4,25,16,45,0,1,45,4,50,0,5,70,20,95,74,2,76,171
01/06/2019,TXK,AR,ASW,CE,Federal Contract Tower,0,7,7,2,16,0,0,20,0,20,0,7,27,2,36,34,0,34,70
01/07/2019,TXK,AR,ASW,CE,Federal Contract Tower,0,6,16,3,25,0,0,7,0,7,0,6,23,3,32,30,4,34,66
01/08/2019,TXK,AR,ASW,CE,Federal Contract Tower,0,9,26,0,35,0,0,16,0,16,0,9,42,0,51,20,0,20,71
01/09/2019,TXK,AR,ASW,CE,Federal Contract Tower,0,10,20,4,34,0,16,16,3,35,0,26,36,7,69,68,18,86,155
01/10/2019,TXK,AR,ASW,CE,Federal Contract Tower,0,7,17,0,24,0,0,12,0,12,0,7,29,0,36,28,0,28,64
01/11/2019,TXK,AR,ASW,CE,Federal Contract Tower,0,9,9,0,18,0,1,7,0,8,0,10,16,0,26,44,0,44,70
01/12/2019,TXK,AR,ASW,CE,Federal Contract Tower,0,7,4,0,11,0,2,1,0,3,0,9,5,0,14,2,0,2,16
01/13/2019,TXK,AR,ASW,CE,Federal Contract Tower,0,8,12,0,20,0,2,13,0,15,0,10,25,0,35,62,0,62,97
01/14/2019,TXK,AR,ASW,CE,Federal Contract Tower,0,6,17,2,25,0,0,2,4,6,0,6,19,6,31,6,6,12,43
01/15/2019,TXK,AR,ASW,CE,Federal Contract Tower,0,9,15,3,27,0,7,16,4,27,0,16,31,7,54,72,0,72,126
01/16/2019,TXK,AR,ASW,CE,Federal Contract Tower,0,8,15,5,28,0,0,1,4,5,0,8,16,9,33,2,2,4,37
01/17/2019,TXK,AR,ASW,CE,Federal Contract Tower,0,8,20,4,32,0,1,6,0,7,0,9,26,4,39,18,2,20,59
01/18/2019,TXK,AR,ASW,CE,Federal Contract Tower,0,15,7,0,22,0,3,6,0,9,0,18,13,0,31,24,0,24,55
01/19/2019,TXK,AR,ASW,CE,Federal Contract Tower,0,7,1,0,8,0,4,1,0,5,0,11,2,0,13,6,0,6,19
01/20/2019,TXK,AR,ASW,CE,Federal Contract Tower,0,3,14,0,17,0,4,20,0,24,0,7,34,0,41,48,0,48,89
01/21/2019,TXK,AR,ASW,CE,Federal Contract Tower,0,7,22,0,29,0,6,16,0,22,0,13,38,0,51,50,0,50,101
01/22/2019,TXK,AR,ASW,CE,Federal Contract Tower,0,7,8,2,17,0,3,11,1,15,0,10,19,3,32,22,0,22,54
01/23/2019,TXK,AR,ASW,CE,Federal Contract Tower,0,8,13,1,22,0,1,9,3,13,0,9,22,4,35,14,0,14,49
01/24/2019,TXK,AR,ASW,CE,Federal Contract Tower,0,12,18,0,30,0,7,25,5,37,0,19,43,5,67,88,0,88,155
01/25/2019,TXK,AR,ASW,CE,Federal Contract Tower,0,13,18,2,33,0,9,16,2,27,0,22,34,4,60,106,0,106,166
01/26/2019,TXK,AR,ASW,CE,Federal Contract Tower,0,12,21,2,35,0,6,10,4,20,0,18,31,6,55,25,0,25,80
01/27/2019,TXK,AR,ASW,CE,Federal Contract Tower,0,7,14,1,22,0,3,23,0,26,0,10,37,1,48,16,2,18,66
01/28/2019,TXK,AR,ASW,CE,Federal Contract Tower,0,8,19,2,29,0,0,10,0,10,0,8,29,2,39,18,2,20,59
01/29/2019,TXK,AR,ASW,CE,Federal Contract Tower,0,8,14,0,22,0,1,20,0,21,0,9,34,0,43,10,0,10,53
01/30/2019,TXK,AR,ASW,CE,Federal Contract Tower,0,6,9,1,16,0,10,7,1,18,0,16,16,2,34,26,0,26,60
01/31/2019,TXK,AR,ASW,CE,Federal Contract Tower,0,13,14,0,27,0,5,18,4,27,0,18,32,4,54,62,0,62,116
02/01/2019,TXK,AR,ASW,CE,Federal Contract Tower,0,7,17,3,27,0,6,7,0,13,0,13,24,3,40,48,4,52,92
02/02/2019,TXK,AR,ASW,CE,Federal Contract Tower,0,6,1,0,7,0,6,4,0,10,0,12,5,0,17,14,0,14,31
02/03/2019,TXK,AR,ASW,CE,Federal Contract Tower,0,8,4,0,12,0,0,9,0,9,0,8,13,0,21,10,0,10,31
02/04/2019,TXK,AR,ASW,CE,Federal Contract Tower,0,13,20,6,39,0,3,10,1,14,0,16,30,7,53,44,12,56,109
02/05/2019,TXK,AR,ASW,CE,Federal Contract Tower,0,10,11,3,24,0,0,1,0,1,0,10,12,3,25,0,0,0,25
02/06/2019,TXK,AR,ASW,CE,Federal Contract Tower,0,11,10,0,21,0,4,1,0,5,0,15,11,0,26,6,0,6,32
02/07/2019,TXK,AR,ASW,CE,Federal Contract Tower,0,8,12,6,26,0,6,0,0,6,0,14,12,6,32,0,10,10,42
02/08/2019,TXK,AR,ASW,CE,Federal Contract Tower,0,9,22,0,31,0,8,7,0,15,0,17,29,0,46,44,0,44,90
02/09/2019,TXK,AR,ASW,CE,Federal Contract Tower,0,4,7,0,11,0,0,10,0,10,0,4,17,0,21,24,0,24,45
02/10/2019,TXK,AR,ASW,CE,Federal Contract Tower,0,15,3,0,18,0,0,0,0,0,0,15,3,0,18,6,0,6,24
02/11/2019,TXK,AR,ASW,CE,Federal Contract Tower,0,5,11,2,18,0,0,0,0,0,0,5,11,2,18,2,0,2,20
02/12/2019,TXK,AR,ASW,CE,Federal Contract Tower,0,5,20,1,26,0,1,19,0,20,0,6,39,1,46,32,2,34,80
02/13/2019,TXK,AR,ASW,CE,Federal Contract Tower,0,6,24,0,30,0,19,21,2,42,0,25,45,2,72,46,0,46,118
02/14/2019,TXK,AR,ASW,CE,Federal Contract Tower,0,9,9,3,21,0,0,0,1,1,0,9,9,4,22,6,8,14,36
02/15/2019,TXK,AR,ASW,CE,Federal Contract Tower,0,7,22,4,33,0,2,0,0,2,0,9,22,4,35,10,4,14,49
02/16/2019,TXK,AR,ASW,CE,Federal Contract Tower,0,11,7,0,18,0,2,2,0,4,0,13,9,0,22,14,0,14,36
02/17/2019,TXK,AR,ASW,CE,Federal Contract Tower,0,3,5,0,8,0,1,11,20,32,0,4,16,20,40,30,0,30,70
02/18/2019,TXK,AR,ASW,CE,Federal Contract Tower,0,7,21,14,42,0,3,8,0,11,0,10,29,14,53,22,0,22,75
02/19/2019,TXK,AR,ASW,CE,Federal Contract Tower,0,12,9,0,21,0,0,3,0,3,0,12,12,0,24,10,2,12,36
02/20/2019,TXK,AR,ASW,CE,Federal Contract Tower,0,5,30,13,48,0,2,19,0,21,0,7,49,13,69,34,32,66,135
02/21/2019,TXK,AR,ASW,CE,Federal Contract Tower,0,7,11,3,21,0,0,0,0,0,0,7,11,3,21,0,2,2,23
02/22/2019,TXK,AR,ASW,CE,Federal Contract Tower,0,7,3,0,10,0,0,0,0,0,0,7,3,0,10,0,0,0,10
02/23/2019,TXK,AR,ASW,CE,Federal Contract Tower,0,6,5,1,12,0,0,5,0,5,0,6,10,1,17,12,2,14,31
02/24/2019,TXK,AR,ASW,CE,Federal Contract Tower,0,6,13,2,21,0,8,32,0,40,0,14,45,2,61,104,0,104,165
02/25/2019,TXK,AR,ASW,CE,Federal Contract Tower,0,13,12,0,25,0,11,19,0,30,0,24,31,0,55,64,0,64,119
02/26/2019,TXK,AR,ASW,CE,Federal Contract Tower,0,8,22,0,30,0,0,21,2,23,0,8,43,2,53,90,0,90,143
02/27/2019,TXK,AR,ASW,CE,Federal Contract Tower,0,5,16,0,21,0,0,0,0,0,0,5,16,0,21,0,0,0,21
02/28/2019,TXK,AR,ASW,CE,Federal Contract Tower,0,9,7,0,16,0,0,0,0,0,0,9,7,0,16,0,0,0,16
03/01/2019,TXK,AR,ASW,CE,Federal Contract Tower,0,13,15,0,28,0,3,5,2,10,0,16,20,2,38,22,0,22,60
03/02/2019,TXK,AR,ASW,CE,Federal Contract Tower,0,5,13,0,18,0,0,11,0,11,0,5,24,0,29,8,0,8,37
03/03/2019,TXK,AR,ASW,CE,Federal Contract Tower,0,7,4,0,11,0,3,7,0,10,0,10,11,0,21,54,0,54,75
03/04/2019,TXK,AR,ASW,CE,Federal Contract Tower,0,6,10,0,16,0,10,23,0,33,0,16,33,0,49,86,0,86,135
03/05/2019,TXK,AR,ASW,CE,Federal Contract Tower,0,7,33,0,40,0,9,14,2,25,0,16,47,2,65,18,0,18,83
03/06/2019,TXK,AR,ASW,CE,Federal Contract Tower,0,8,17,0,25,0,5,30,2,37,0,13,47,2,62,46,0,46,108
03/07/2019,TXK,AR,ASW,CE,Federal Contract Tower,0,6,14,0,20,0,2,27,0,29,0,8,41,0,49,20,0,20,69
03/08/2019,TXK,AR,ASW,CE,Federal Contract Tower,0,9,25,3,37,0,8,14,0,22,0,17,39,3,59,32,14,46,105
03/09/2019,TXK,AR,ASW,CE,Federal Contract Tower,0,4,4,0,8,0,7,9,0,16,0,11,13,0,24,20,0,20,44
03/10/2019,TXK,AR,ASW,CE,Federal Contract Tower,0,8,20,0,28,0,8,31,0,39,0,16,51,0,67,66,0,66,133
03/11/2019,TXK,AR,ASW,CE,Federal Contract Tower,0,6,13,0,19,0,0,12,0,12,0,6,25,0,31,38,0,38,69
03/12/2019,TXK,AR,ASW,CE,Federal Contract Tower,0,5,10,6,21,0,1,10,0,11,0,6,20,6,32,68,12,80,112
03/13/2019,TXK,AR,ASW,CE,Federal Contract Tower,0,8,7,2,17,0,3,2,0,5,0,11,9,2,22,14,18,32,54
03/14/2019,TXK,AR,ASW,CE,Federal Contract Tower,0,9,26,0,35,0,12,16,0,28,0,21,42,0,63,50,0,50,113
03/15/2019,TXK,AR,ASW,CE,Federal Contract Tower,0,7,15,0,22,0,6,34,2,42,0,13,49,2,64,26,0,26,90
03/16/2019,TXK,AR,ASW,CE,Federal Contract Tower,0,5,24,1,30,0,7,17,7,31,0,12,41,8,61,28,0,28,89
03/17/2019,TXK,AR,ASW,CE,Federal Contract Tower,0,10,15,0,25,0,4,31,0,35,0,14,46,0,60,82,0,82,142
03/18/2019,TXK,AR,ASW,CE,Federal Contract Tower,0,10,14,0,24,0,0,29,3,32,0,10,43,3,56,90,0,90,146
03/19/2019,TXK,AR,ASW,CE,Federal Contract Tower,0,12,29,0,41,0,7,23,0,30,0,19,52,0,71,92,0,92,163
03/20/2019,TXK,AR,ASW,CE,Federal Contract Tower,0,7,23,1,31,0,4,15,3,22,0,11,38,4,53,20,0,20,73
03/21/2019,TXK,AR,ASW,CE,Federal Contract Tower,0,10,13,2,25,0,6,22,1,29,0,16,35,3,54,48,6,54,108
03/22/2019,TXK,AR,ASW,CE,Federal Contract Tower,0,9,21,2,32,0,2,22,0,24,0,11,43,2,56,32,0,32,88
03/23/2019,TXK,AR,ASW,CE,Federal Contract Tower,0,3,12,1,16,0,3,1,2,6,0,6,13,3,22,6,16,22,44
03/24/2019,TXK,AR,ASW,CE,Federal Contract Tower,0,7,6,0,13,0,0,20,0,20,0,7,26,0,33,32,0,32,65
03/25/2019,TXK,AR,ASW,CE,Federal Contract Tower,0,8,16,1,25,0,3,28,1,32,0,11,44,2,57,62,0,62,119
03/26/2019,TXK,AR,ASW,CE,Federal Contract Tower,0,7,27,2,36,0,5,16,0,21,0,12,43,2,57,76,0,76,133
03/27/2019,TXK,AR,ASW,CE,Federal Contract Tower,0,11,25,0,36,0,11,13,4,28,0,22,38,4,64,54,0,54,118
03/28/2019,TXK,AR,ASW,CE,Federal Contract Tower,0,9,11,3,23,0,8,28,2,38,0,17,39,5,61,65,0,65,126
03/29/2019,TXK,AR,ASW,CE,Federal Contract Tower,0,12,14,0,26,0,4,12,4,20,0,16,26,4,46,60,0,60,106
03/30/2019,TXK,AR,ASW,CE,Federal Contract Tower,0,9,7,0,16,0,5,1,0,6,0,14,8,0,22,10,0,10,32
03/31/2019,TXK,AR,ASW,CE,Federal Contract Tower,0,10,16,0,26,0,4,43,0,47,0,14,59,0,73,46,0,46,119
04/01/2019,TXK,AR,ASW,CE,Federal Contract Tower,0,6,16,1,23,0,8,24,7,39,0,14,40,8,62,44,0,44,106
04/02/2019,TXK,AR,ASW,CE,Federal Contract Tower,0,5,13,0,18,0,2,24,0,26,0,7,37,0,44,100,0,100,144
04/03/2019,TXK,AR,ASW,CE,Federal Contract Tower,0,8,27,3,38,0,2,12,3,17,0,10,39,6,55,36,6,42,97
04/04/2019,TXK,AR,ASW,CE,Federal Contract Tower,0,9,5,0,14,0,2,0,0,2,0,11,5,0,16,2,0,2,18
04/05/2019,TXK,AR,ASW,CE,Federal Contract Tower,0,9,23,5,37,0,0,21,1,22,0,9,44,6,59,70,6,76,135
04/06/2019,TXK,AR,ASW,CE,Federal Contract Tower,0,3,4,0,7,0,0,0,0,0,0,3,4,0,7,0,0,0,7
04/07/2019,TXK,AR,ASW,CE,Federal Contract Tower,0,7,12,0,19,0,0,5,0,5,0,7,17,0,24,40,0,40,64
04/08/2019,TXK,AR,ASW,CE,Federal Contract Tower,0,9,13,0,22,0,7,9,0,16,0,16,22,0,38,48,0,48,86
04/09/2019,TXK,AR,ASW,CE,Federal Contract Tower,0,7,15,8,30,0,3,29,0,32,0,10,44,8,62,82,2,84,146
04/10/2019,TXK,AR,ASW,CE,Federal Contract Tower,0,5,16,2,23,0,7,9,4,20,0,12,25,6,43,22,0,22,65
04/11/2019,TXK,AR,ASW,CE,Federal Contract Tower,0,11,18,2,31,0,2,10,3,15,0,13,28,5,46,26,8,34,80
04/12/2019,TXK,AR,ASW,CE,Federal Contract Tower,0,13,19,0,32,0,3,13,8,24,0,16,32,8,56,14,0,14,70
04/13/2019,TXK,AR,ASW,CE,Federal Contract Tower,0,6,2,0,8,0,0,0,0,0,0,6,2,0,8,0,0,0,8
04/14/2019,TXK,AR,ASW,CE,Federal Contract Tower,0,9,12,0,21,0,11,7,0,18,0,20,19,0,39,20,0,20,59
04/15/2019,TXK,AR,ASW,CE,Federal Contract Tower,0,9,29,1,39,0,10,22,0,32,0,19,51,1,71,42,0,42,113
04/16/2019,TXK,AR,ASW,CE,Federal Contract Tower,0,9,16,9,34,0,2,26,5,33,0,11,42,14,67,76,8,84,151
04/17/2019,TXK,AR,ASW,CE,Federal Contract Tower,0,4,13,0,17,0,3,0,0,3,0,7,13,0,20,0,0,0,20
04/18/2019,TXK,AR,ASW,CE,Federal Contract Tower,0,11,22,0,33,0,0,7,0,7,0,11,29,0,40,22,0,22,62
04/19/2019,TXK,AR,ASW,CE,Federal Contract Tower,0,13,22,2,37,0,2,18,1,21,0,15,40,3,58,42,12,54,112
04/20/2019,TXK,AR,ASW,CE,Federal Contract Tower,0,11,22,2,35,0,0,15,0,15,0,11,37,2,50,24,0,24,74
04/21/2019,TXK,AR,ASW,CE,Federal Contract Tower,0,10,17,5,32,0,8,12,0,20,0,18,29,5,52,42,4,46,98
04/22/2019,TXK,AR,ASW,CE,Federal Contract Tower,0,11,29,4,44,0,21,18,2,41,0,32,47,6,85,78,6,84,169
04/23/2019,TXK,AR,ASW,CE,Federal Contract Tower,0,7,21,0,28,0,0,14,0,14,0,7,35,0,42,72,0,72,114
04/24/2019,TXK,AR,ASW,CE,Federal Contract Tower,0,6,17,0,23,0,0,12,0,12,0,6,29,0,35,72,0,72,107
04/25/2019,TXK,AR,ASW,CE,Federal Contract Tower,0,8,12,0,20,0,0,3,0,3,0,8,15,0,23,4,0,4,27
04/26/2019,TXK,AR,ASW,CE,Federal Contract Tower,0,10,23,3,36,0,2,26,1,29,0,12,49,4,65,78,4,82,147
04/27/2019,TXK,AR,ASW,CE,Federal Contract Tower,0,9,17,18,44,0,12,8,2,22,0,21,25,20,66,42,34,76,142
04/28/2019,TXK,AR,ASW,CE,Federal Contract Tower,0,10,16,8,34,0,0,26,8,34,0,10,42,16,68,90,28,118,186
04/29/2019,TXK,AR,ASW,CE,Federal Contract Tower,0,9,13,0,22,0,5,27,2,34,0,14,40,2,56,74,0,74,130
04/30/2019,TXK,AR,ASW,CE,Federal Contract Tower,0,6,14,1,21,0,4,15,2,21,0,10,29,3,42,86,0,86,128
05/01/2019,TXK,AR,ASW,CE,Federal Contract Tower,0,10,4,0,14,0,5,10,0,15,0,15,14,0,29,36,0,36,65
05/02/2019,TXK,AR,ASW,CE,Federal Contract Tower,0,15,15,0,30,0,5,21,0,26,0,20,36,0,56,68,0,68,124
05/04/2019,TXK,AR,ASW,CE,Federal Contract Tower,0,9,5,0,14,0,8,0,0,8,0,17,5,0,22,8,0,8,30
05/05/2019,TXK,AR,ASW,CE,Federal Contract Tower,0,12,20,0,32,0,8,25,0,33,0,20,45,0,65,68,0,68,133
05/06/2019,TXK,AR,ASW,CE,Federal Contract Tower,0,8,22,0,30,0,9,34,2,45,0,17,56,2,75,108,0,108,183
05/07/2019,TXK,AR,ASW,CE,Federal Contract Tower,0,9,31,5,45,0,5,11,9,25,0,14,42,14,70,30,6,36,106
05/08/2019,TXK,AR,ASW,CE,Federal Contract Tower,0,5,6,0,11,0,0,0,0,0,0,5,6,0,11,0,0,0,11
05/09/2019,TXK,AR,ASW,CE,Federal Contract Tower,0,10,8,8,26,0,6,10,0,16,0,16,18,8,42,52,4,56,98
05/10/2019,TXK,AR,ASW,CE,Federal Contract Tower,0,8,10,2,20,0,5,3,2,10,0,13,13,4,30,28,0,28,58
05/11/2019,TXK,AR,ASW,CE,Federal Contract Tower,0,3,5,0,8,0,0,0,0,0,0,3,5,0,8,0,0,0,8
05/12/2019,TXK,AR,ASW,CE,Federal Contract Tower,0,13,12,5,30,0,2,14,0,16,0,15,26,5,46,20,4,24,70
05/13/2019,TXK,AR,ASW,CE,Federal Contract Tower,0,14,26,0,40,0,6,26,2,34,0,20,52,2,74,48,0,48,122
05/14/2019,TXK,AR,ASW,CE,Federal Contract Tower,0,10,23,1,34,0,4,21,3,28,0,14,44,4,62,58,2,60,122
05/15/2019,TXK,AR,ASW,CE,Federal Contract Tower,0,11,25,0,36,0,1,20,10,31,0,12,45,10,67,28,0,28,95
05/16/2019,TXK,AR,ASW,CE,Federal Contract Tower,0,12,35,0,47,0,9,33,0,42,0,21,68,0,89,116,0,116,205
05/17/2019,TXK,AR,ASW,CE,Federal Contract Tower,0,12,33,0,45,0,3,14,3,20,0,15,47,3,65,30,0,30,95
05/18/2019,TXK,AR,ASW,CE,Federal Contract Tower,0,2,14,0,16,0,5,1,0,6,0,7,15,0,22,10,0,10,32
05/19/2019,TXK,AR,ASW,CE,Federal Contract Tower,0,10,17,2,29,0,1,32,0,33,0,11,49,2,62,58,0,58,120
05/20/2019,TXK,AR,ASW,CE,Federal Contract Tower,0,8,12,0,20,0,0,8,0,8,0,8,20,0,28,42,0,42,70
05/21/2019,TXK,AR,ASW,CE,Federal Contract Tower,0,7,13,0,20,0,0,2,0,2,0,7,15,0,22,4,0,4,26
05/22/2019,TXK,AR,ASW,CE,Federal Contract Tower,0,10,18,0,28,0,2,5,0,7,0,12,23,0,35,10,0,10,45
05/23/2019,TXK,AR,ASW,CE,Federal Contract Tower,0,16,24,0,40,0,6,22,0,28,0,22,46,0,68,78,0,78,146
05/24/2019,TXK,AR,ASW,CE,Federal Contract Tower,0,9,28,0,37,0,4,28,0,32,0,13,56,0,69,72,0,72,141
05/25/2019,TXK,AR,ASW,CE,Federal Contract Tower,0,6,14,0,20,0,12,17,0,29,0,18,31,0,49,40,0,40,89
05/26/2019,TXK,AR,ASW,CE,Federal Contract Tower,0,10,9,0,19,0,6,18,0,24,0,16,27,0,43,78,0,78,121
05/27/2019,TXK,AR,ASW,CE,Federal Contract Tower,0,8,23,0,31,0,15,10,0,25,0,23,33,0,56,48,0,48,104
05/28/2019,TXK,AR,ASW,CE,Federal Contract Tower,0,7,12,0,19,0,0,8,2,10,0,7,20,2,29,28,0,28,57
05/29/2019,TXK,AR,ASW,CE,Federal Contract Tower,0,10,18,2,30,0,4,7,2,13,0,14,25,4,43,40,0,40,83
05/30/2019,TXK,AR,ASW,CE,Federal Contract Tower,0,13,22,0,35,0,4,26,0,30,0,17,48,0,65,74,0,74,139
05/31/2019,TXK,AR,ASW,CE,Federal Contract Tower,0,11,23,9,43,0,8,22,1,31,0,19,45,10,74,104,18,122,196
06/01/2019,TXK,AR,ASW,CE,Federal Contract Tower,0,10,12,0,22,0,7,16,0,23,0,17,28,0,45,10,0,10,55
06/02/2019,TXK,AR,ASW,CE,Federal Contract Tower,0,8,12,0,20,0,8,12,0,20,0,16,24,0,40,40,0,40,80
06/03/2019,TXK,AR,ASW,CE,Federal Contract Tower,0,9,19,0,28,0,4,14,0,18,0,13,33,0,46,72,0,72,118
06/04/2019,TXK,AR,ASW,CE,Federal Contract Tower,0,10,13,3,26,0,3,5,4,12,0,13,18,7,38,32,18,50,88
06/05/2019,TXK,AR,ASW,CE,Federal Contract Tower,0,10,9,0,19,0,1,5,0,6,0,11,14,0,25,62,0,62,87
06/06/2019,TXK,AR,ASW,CE,Federal Contract Tower,0,11,19,2,32,0,1,4,0,5,0,12,23,2,37,28,4,32,69
06/07/2019,TXK,AR,ASW,CE,Federal Contract Tower,0,8,10,0,18,0,2,7,0,9,0,10,17,0,27,4,0,4,31
06/08/2019,TXK,AR,ASW,CE,Federal Contract Tower,0,10,9,4,23,0,4,19,0,23,0,14,28,4,46,20,4,24,70
06/09/2019,TXK,AR,ASW,CE,Federal Contract Tower,0,9,11,3,23,0,2,24,0,26,0,11,35,3,49,112,6,118,167
06/10/2019,TXK,AR,ASW,CE,Federal Contract Tower,0,10,18,2,30,0,0,21,0,21,0,10,39,2,51,52,18,70,121
06/11/2019,TXK,AR,ASW,CE,Federal Contract Tower,0,10,33,2,45,0,3,19,4,26,0,13,52,6,71,76,2,78,149
06/12/2019,TXK,AR,ASW,CE,Federal Contract Tower,0,13,25,2,40,0,3,16,4,23,0,16,41,6,63,28,0,28,91
06/13/2019,TXK,AR,ASW,CE,Federal Contract Tower,0,16,38,0,54,0,8,16,0,24,0,24,54,0,78,38,0,38,116
06/14/2019,TXK,AR,ASW,CE,Federal Contract Tower,0,19,22,0,41,0,7,15,0,22,0,26,37,0,63,14,0,14,77
06/15/2019,TXK,AR,ASW,CE,Federal Contract Tower,0,6,21,0,27,0,2,16,0,18,0,8,37,0,45,58,0,58,103
06/16/2019,TXK,AR,ASW,CE,Federal Contract Tower,0,2,3,0,5,0,0,7,0,7,0,2,10,0,12,4,0,4,16
06/17/2019,TXK,AR,ASW,CE,Federal Contract Tower,0,15,6,0,21,0,3,13,4,20,0,18,19,4,41,54,0,54,95
06/18/2019,TXK,AR,ASW,CE,Federal Contract Tower,0,16,32,10,58,0,5,22,2,29,0,21,54,12,87,44,32,76,163
06/19/2019,TXK,AR,ASW,CE,Federal Contract Tower,0,7,20,0,27,0,0,12,0,12,0,7,32,0,39,20,0,20,59
06/20/2019,TXK,AR,ASW,CE,Federal Contract Tower,0,11,33,0,44,0,2,20,0,22,0,13,53,0,66,30,0,30,96
06/21/2019,TXK,AR,ASW,CE,Federal Contract Tower,0,13,15,0,28,0,4,34,6,44,0,17,49,6,72,44,0,44,116
06/22/2019,TXK,AR,ASW,CE,Federal Contract Tower,0,12,26,2,40,0,6,26,0,32,0,18,52,2,72,142,0,142,214
06/23/2019,TXK,AR,ASW,CE,Federal Contract Tower,0,13,11,0,24,0,0,13,0,13,0,13,24,0,37,44,0,44,81
06/24/2019,TXK,AR,ASW,CE,Federal Contract Tower,0,12,32,0,44,0,3,23,0,26,0,15,55,0,70,98,0,98,168
06/25/2019,TXK,AR,ASW,CE,Federal Contract Tower,0,8,22,4,34,0,0,33,8,41,0,8,55,12,75,194,6,200,275
06/26/2019,TXK,AR,ASW,CE,Federal Contract Tower,0,9,27,0,36,0,9,24,0,33,0,18,51,0,69,96,0,96,165
06/27/2019,TXK,AR,ASW,CE,Federal Contract Tower,0,12,19,0,31,0,4,41,8,53,0,16,60,8,84,138,2,140,224
06/28/2019,TXK,AR,ASW,CE,Federal Contract Tower,0,14,14,0,28,0,16,14,0,30,0,30,28,0,58,46,0,46,104
06/29/2019,TXK,AR,ASW,CE,Federal Contract Tower,0,10,2,0,12,0,9,12,0,21,0,19,14,0,33,42,0,42,75
06/30/2019,TXK,AR,ASW,CE,Federal Contract Tower,0,11,11,0,22,0,0,16,0,16,0,11,27,0,38,26,0,26,64
07/01/2019,TXK,AR,ASW,CE,Federal Contract Tower,0,7,22,0,29,0,1,30,0,31,0,8,52,0,60,136,0,136,196
07/02/2019,TXK,AR,ASW,CE,Federal Contract Tower,0,11,32,9,52,0,2,17,1,20,0,13,49,10,72,68,22,90,162
07/03/2019,TXK,AR,ASW,CE,Federal Contract Tower,0,13,15,3,31,0,10,21,1,32,0,23,36,4,63,42,14,56,119
07/04/2019,TXK,AR,ASW,CE,Federal Contract Tower,0,8,5,0,13,0,3,14,0,17,0,11,19,0,30,82,0,82,112
07/05/2019,TXK,AR,ASW,CE,Federal Contract Tower,0,6,12,0,18,0,2,11,0,13,0,8,23,0,31,28,0,28,59
07/06/2019,TXK,AR,ASW,CE,Federal Contract Tower,0,7,15,0,22,0,6,10,0,16,0,13,25,0,38,24,0,24,62
07/07/2019,TXK,AR,ASW,CE,Federal Contract Tower,0,7,7,0,14,0,0,6,0,6,0,7,13,0,20,10,0,10,30
07/08/2019,TXK,AR,ASW,CE,Federal Contract Tower,0,8,17,5,30,0,5,22,0,27,0,13,39,5,57,58,10,68,125
07/09/2019,TXK,AR,ASW,CE,Federal Contract Tower,0,13,19,10,42,0,7,13,3,23,0,20,32,13,65,10,16,26,91
07/10/2019,TXK,AR,ASW,CE,Federal Contract Tower,0,8,37,0,45,0,6,4,2,12,0,14,41,2,57,14,0,14,71
07/11/2019,TXK,AR,ASW,CE,Federal Contract Tower,0,18,11,2,31,0,7,11,3,21,0,25,22,5,52,18,2,20,72
07/12/2019,TXK,AR,ASW,CE,Federal Contract Tower,0,10,17,0,27,0,4,24,6,34,0,14,41,6,61,62,0,62,123
07/13/2019,TXK,AR,ASW,CE,Federal Contract Tower,0,13,8,0,21,0,0,4,0,4,0,13,12,0,25,2,0,2,27
07/14/2019,TXK,AR,ASW,CE,Federal Contract Tower,0,8,3,0,11,0,0,0,0,0,0,8,3,0,11,6,0,6,17
07/15/2019,TXK,AR,ASW,CE,Federal Contract Tower,0,10,7,0,17,0,3,3,0,6,0,13,10,0,23,26,0,26,49
07/16/2019,TXK,AR,ASW,CE,Federal Contract Tower,0,7,16,2,25,0,2,14,2,18,0,9,30,4,43,79,2,81,124
07/17/2019,TXK,AR,ASW,CE,Federal Contract Tower,0,9,25,6,40,0,2,20,12,34,0,11,45,18,74,54,16,70,144
07/18/2019,TXK,AR,ASW,CE,Federal Contract Tower,0,14,26,2,42,0,3,24,5,32,0,17,50,7,74,64,2,66,140
07/19/2019,TXK,AR,ASW,CE,Federal Contract Tower,0,9,16,0,25,0,9,18,6,33,0,18,34,6,58,46,0,46,104
07/20/2019,TXK,AR,ASW,CE,Federal Contract Tower,0,14,31,12,57,0,5,6,3,14,0,19,37,15,71,26,26,52,123
07/21/2019,TXK,AR,ASW,CE,Federal Contract Tower,0,11,12,1,24,0,3,8,2,13,0,14,20,3,37,10,0,10,47
07/22/2019,TXK,AR,ASW,CE,Federal Contract Tower,0,11,17,0,28,0,0,9,1,10,0,11,26,1,38,4,0,4,42
07/23/2019,TXK,AR,ASW,CE,Federal Contract Tower,0,14,16,3,33,0,2,8,3,13,0,16,24,6,46,12,8,20,66
07/24/2019,TXK,AR,ASW,CE,Federal Contract Tower,0,9,22,0,31,0,7,15,2,24,0,16,37,2,55,16,0,16,71
07/25/2019,TXK,AR,ASW,CE,Federal Contract Tower,0,15,23,5,43,0,2,12,0,14,0,17,35,5,57,24,2,26,83
07/26/2019,TXK,AR,ASW,CE,Federal Contract Tower,0,11,23,0,34,0,8,15,2,25,0,19,38,2,59,34,0,34,93
07/27/2019,TXK,AR,ASW,CE,Federal Contract Tower,0,12,9,3,24,0,4,13,2,19,0,16,22,5,43,38,14,52,95
07/28/2019,TXK,AR,ASW,CE,Federal Contract Tower,0,12,18,0,30,0,12,9,2,23,0,24,27,2,53,42,0,42,95
07/29/2019,TXK,AR,ASW,CE,Federal Contract Tower,0,12,10,0,22,0,2,0,0,2,0,14,10,0,24,18,0,18,42
07/31/2019,TXK,AR,ASW,CE,Federal Contract Tower,0,8,22,0,30,0,4,30,7,41,0,12,52,7,71,96,0,96,167
08/01/2019,TXK,AR,ASW,CE,Federal Contract Tower,0,13,28,0,41,0,2,9,0,11,0,15,37,0,52,36,0,36,88
08/02/2019,TXK,AR,ASW,CE,Federal Contract Tower,0,11,16,3,30,0,3,25,18,46,0,14,41,21,76,120,6,126,202
08/03/2019,TXK,AR,ASW,CE,Federal Contract Tower,0,7,4,0,11,0,2,6,1,9,0,9,10,1,20,4,0,4,24
08/04/2019,TXK,AR,ASW,CE,Federal Contract Tower,0,8,20,0,28,0,5,20,1,26,0,13,40,1,54,32,0,32,86
08/05/2019,TXK,AR,ASW,CE,Federal Contract Tower,0,14,15,4,33,0,2,20,3,25,0,16,35,7,58,16,2,18,76
08/06/2019,TXK,AR,ASW,CE,Federal Contract Tower,0,7,26,4,37,0,0,2,14,16,0,7,28,18,53,34,2,36,89
08/07/2019,TXK,AR,ASW,CE,Federal Contract Tower,0,13,30,1,44,0,8,17,2,27,0,21,47,3,71,60,0,60,131
08/08/2019,TXK,AR,ASW,CE,Federal Contract Tower,0,13,24,0,37,0,1,29,0,30,0,14,53,0,67,72,0,72,139
08/09/2019,TXK,AR,ASW,CE,Federal Contract Tower,0,10,18,9,37,0,0,17,0,17,0,10,35,9,54,8,8,16,70
08/10/2019,TXK,AR,ASW,CE,Federal Contract Tower,0,8,23,0,31,0,6,3,0,9,0,14,26,0,40,12,0,12,52
08/11/2019,TXK,AR,ASW,CE,Federal Contract Tower,0,12,12,10,34,0,3,14,7,24,0,15,26,17,58,36,4,40,98
08/12/2019,TXK,AR,ASW,CE,Federal Contract Tower,0,15,20,0,35,0,1,9,0,10,0,16,29,0,45,30,0,30,75
08/13/2019,TXK,AR,ASW,CE,Federal Contract Tower,0,9,36,0,45,0,0,12,0,12,0,9,48,0,57,42,0,42,99
08/14/2019,TXK,AR,ASW,CE,Federal Contract Tower,0,12,20,0,32,0,2,9,0,11,0,14,29,0,43,20,0,20,63
08/15/2019,TXK,AR,ASW,CE,Federal Contract Tower,0,12,20,1,33,0,8,9,1,18,0,20,29,2,51,18,0,18,69
08/16/2019,TXK,AR,ASW,CE,Federal Contract Tower,0,16,16,0,32,0,0,13,0,13,0,16,29,0,45,10,0,10,55
08/17/2019,TXK,AR,ASW,CE,Federal Contract Tower,0,12,15,8,35,0,4,15,6,25,0,16,30,14,60,36,48,84,144
08/18/2019,TXK,AR,ASW,CE,Federal Contract Tower,0,8,12,7,27,0,8,10,1,19,0,16,22,8,46,10,2,12,58
08/19/2019,TXK,AR,ASW,CE,Federal Contract Tower,0,11,27,1,39,0,0,4,1,5,0,11,31,2,44,10,0,10,54
08/20/2019,TXK,AR,ASW,CE,Federal Contract Tower,0,18,23,3,44,0,0,8,10,18,0,18,31,13,62,22,2,24,86
08/21/2019,TXK,AR,ASW,CE,Federal Contract Tower,0,8,26,4,38,0,5,7,2,14,0,13,33,6,52,8,10,18,70
08/22/2019,TXK,AR,ASW,CE,Federal Contract Tower,0,15,26,1,42,0,9,16,0,25,0,24,42,1,67,62,0,62,129
08/23/2019,TXK,AR,ASW,CE,Federal Contract Tower,0,7,34,17,58,0,4,16,2,22,0,11,50,19,80,34,24,58,138
08/24/2019,TXK,AR,ASW,CE,Federal Contract Tower,0,12,12,0,24,0,0,15,2,17,0,12,27,2,41,20,0,20,61
08/25/2019,TXK,AR,ASW,CE,Federal Contract Tower,0,12,21,0,33,0,3,13,0,16,0,15,34,0,49,34,0,34,83
08/26/2019,TXK,AR,ASW,CE,Federal Contract Tower,0,10,18,3,31,0,7,14,1,22,0,17,32,4,53,28,6,34,87
08/27/2019,TXK,AR,ASW,CE,Federal Contract Tower,0,9,18,0,27,0,0,15,2,17,0,9,33,2,44,78,0,78,122
08/28/2019,TXK,AR,ASW,CE,Federal Contract Tower,0,18,34,0,52,0,1,15,0,16,0,19,49,0,68,22,0,22,90
08/29/2019,TXK,AR,ASW,CE,Federal Contract Tower,0,11,17,0,28,0,1,27,0,28,0,12,44,0,56,30,0,30,86
08/30/2019,TXK,AR,ASW,CE,Federal Contract Tower,0,13,20,0,33,0,1,17,2,20,0,14,37,2,53,22,0,22,75
08/31/2019,TXK,AR,ASW,CE,Federal Contract Tower,0,11,15,0,26,0,3,20,0,23,0,14,35,0,49,74,0,74,123
09/01/2019,TXK,AR,ASW,CE,Federal Contract Tower,0,12,22,0,34,0,6,32,0,38,0,18,54,0,72,84,0,84,156
09/02/2019,TXK,AR,ASW,CE,Federal Contract Tower,0,10,28,0,38,0,6,12,0,18,0,16,40,0,56,12,0,12,68
09/03/2019,TXK,AR,ASW,CE,Federal Contract Tower,0,10,16,2,28,0,4,20,3,27,0,14,36,5,55,48,2,50,105
09/04/2019,TXK,AR,ASW,CE,Federal Contract Tower,0,8,20,0,28,0,6,11,0,17,0,14,31,0,45,114,0,114,159
09/05/2019,TXK,AR,ASW,CE,Federal Contract Tower,0,12,32,0,44,0,2,15,0,17,0,14,47,0,61,92,0,92,153
09/06/2019,TXK,AR,ASW,CE,Federal Contract Tower,0,11,17,0,28,0,2,16,0,18,0,13,33,0,46,20,0,20,66
09/07/2019,TXK,AR,ASW,CE,Federal Contract Tower,0,8,12,5,25,0,1,8,20,29,0,9,20,25,54,18,4,22,76
09/08/2019,TXK,AR,ASW,CE,Federal Contract Tower,0,15,15,3,33,0,6,8,9,23,0,21,23,12,56,32,0,32,88
09/09/2019,TXK,AR,ASW,CE,Federal Contract Tower,0,8,23,0,31,0,4,15,2,21,0,12,38,2,52,80,0,80,132
09/10/2019,TXK,AR,ASW,CE,Federal Contract Tower,0,6,18,0,24,0,4,20,0,24,0,10,38,0,48,70,0,70,118
09/11/2019,TXK,AR,ASW,CE,Federal Contract Tower,0,11,29,2,42,0,6,12,4,22,0,17,41,6,64,48,12,60,124
09/12/2019,TXK,AR,ASW,CE,Federal Contract Tower,0,15,26,4,45,0,5,24,1,30,0,20,50,5,75,134,12,146,221
09/13/2019,TXK,AR,ASW,CE,Federal Contract Tower,0,10,20,14,44,0,4,22,0,26,0,14,42,14,70,54,14,68,138
09/14/2019,TXK,AR,ASW,CE,Federal Contract Tower,0,6,10,0,16,0,5,11,5,21,0,11,21,5,37,20,6,26,63
09/15/2019,TXK,AR,ASW,CE,Federal Contract Tower,0,15,13,6,34,0,3,23,3,29,0,18,36,9,63,114,6,120,183
09/16/2019,TXK,AR,ASW,CE,Federal Contract Tower,0,8,20,0,28,0,4,25,0,29,0,12,45,0,57,38,0,38,95
09/17/2019,TXK,AR,ASW,CE,Federal Contract Tower,0,9,29,1,39,0,2,5,4,11,0,11,34,5,50,14,2,16,66
09/18/2019,TXK,AR,ASW,CE,Federal Contract Tower,0,14,23,1,38,0,5,12,3,20,0,19,35,4,58,14,2,16,74
09/19/2019,TXK,AR,ASW,CE,Federal Contract Tower,0,14,18,2,34,0,3,9,2,14,0,17,27,4,48,28,4,32,80
09/20/2019,TXK,AR,ASW,CE,Federal Contract Tower,0,11,16,0,27,0,0,2,0,2,0,11,18,0,29,6,0,6,35
09/21/2019,TXK,AR,ASW,CE,Federal Contract Tower,0,12,21,0,33,0,4,10,0,14,0,16,31,0,47,14,0,14,61
09/22/2019,TXK,AR,ASW,CE,Federal Contract Tower,0,9,20,11,40,0,5,6,0,11,0,14,26,11,51,26,10,36,87
09/23/2019,TXK,AR,ASW,CE,Federal Contract Tower,0,9,13,0,22,0,2,12,0,14,0,11,25,0,36,42,0,42,78
09/24/2019,TXK,AR,ASW,CE,Federal Contract Tower,0,10,20,4,34,0,7,15,1,23,0,17,35,5,57,62,14,76,133
09/25/2019,TXK,AR,ASW,CE,Federal Contract Tower,0,15,28,0,43,0,5,13,0,18,0,20,41,0,61,60,0,60,121
09/26/2019,TXK,AR,ASW,CE,Federal Contract Tower,0,10,18,0,28,0,10,28,0,38,0,20,46,0,66,58,0,58,124
09/27/2019,TXK,AR,ASW,CE,Federal Contract Tower,0,15,20,0,35,0,2,20,2,24,0,17,40,2,59,24,0,24,83
09/28/2019,TXK,AR,ASW,CE,Federal Contract Tower,0,10,15,0,25,0,0,6,0,6,0,10,21,0,31,12,0,12,43
09/29/2019,TXK,AR,ASW,CE,Federal Contract Tower,0,13,20,0,33,0,4,20,0,24,0,17,40,0,57,68,0,68,125
09/30/2019,TXK,AR,ASW,CE,Federal Contract Tower,0,19,20,5,44,0,0,27,1,28,0,19,47,6,72,27,16,43,115
10/01/2019,TXK,AR,ASW,CE,Federal Contract Tower,0,9,20,2,31,0,2,13,0,15,0,11,33,2,46,28,0,28,74
10/02/2019,TXK,AR,ASW,CE,Federal Contract Tower,0,9,24,1,34,0,2,22,0,24,0,11,46,1,58,100,2,102,160
10/03/2019,TXK,AR,ASW,CE,Federal Contract Tower,0,10,18,0,28,0,0,10,0,10,0,10,28,0,38,6,0,6,44
10/04/2019,TXK,AR,ASW,CE,Federal Contract Tower,0,14,15,0,29,0,0,9,0,9,0,14,24,0,38,28,0,28,66
10/05/2019,TXK,AR,ASW,CE,Federal Contract Tower,0,14,15,0,29,0,9,10,0,19,0,23,25,0,48,30,0,30,78
10/06/2019,TXK,AR,ASW,CE,Federal Contract Tower,0,8,25,0,33,0,1,8,0,9,0,9,33,0,42,6,0,6,48
10/07/2019,TXK,AR,ASW,CE,Federal Contract Tower,0,9,19,2,30,0,16,5,4,25,0,25,24,6,55,54,0,54,109
10/08/2019,TXK,AR,ASW,CE,Federal Contract Tower,0,9,25,7,41,0,3,19,5,27,0,12,44,12,68,62,10,72,140
10/09/2019,TXK,AR,ASW,CE,Federal Contract Tower,0,14,27,3,44,0,6,22,1,29,0,20,49,4,73,78,0,78,151
10/10/2019,TXK,AR,ASW,CE,Federal Contract Tower,0,16,19,0,35,0,8,25,6,39,0,24,44,6,74,56,2,58,132
10/11/2019,TXK,AR,ASW,CE,Federal Contract Tower,0,12,8,0,20,0,4,2,0,6,0,16,10,0,26,10,0,10,36
10/12/2019,TXK,AR,ASW,CE,Federal Contract Tower,0,11,20,2,33,0,6,17,0,23,0,17,37,2,56,12,0,12,68
10/13/2019,TXK,AR,ASW,CE,Federal Contract Tower,0,8,20,0,28,0,5,9,0,14,0,13,29,0,42,16,0,16,58
10/14/2019,TXK,AR,ASW,CE,Federal Contract Tower,0,12,19,1,32,0,4,13,0,17,0,16,32,1,49,22,0,22,71
10/15/2019,TXK,AR,ASW,CE,Federal Contract Tower,0,9,11,0,20,0,0,0,0,0,0,9,11,0,20,0,0,0,20
10/16/2019,TXK,AR,ASW,CE,Federal Contract Tower,0,12,40,0,52,0,4,21,0,25,0,16,61,0,77,44,0,44,121
10/17/2019,TXK,AR,ASW,CE,Federal Contract Tower,0,10,29,3,42,0,7,33,2,42,0,17,62,5,84,132,12,144,228
10/18/2019,TXK,AR,ASW,CE,Federal Contract Tower,0,12,18,0,30,0,2,19,0,21,0,14,37,0,51,72,0,72,123
10/19/2019,TXK,AR,ASW,CE,Federal Contract Tower,0,12,24,0,36,0,6,8,0,14,0,18,32,0,50,22,0,22,72
10/20/2019,TXK,AR,ASW,CE,Federal Contract Tower,0,12,8,0,20,0,2,12,0,14,0,14,20,0,34,26,0,26,60
10/21/2019,TXK,AR,ASW,CE,Federal Contract Tower,0,11,22,0,33,0,0,9,0,9,0,11,31,0,42,42,0,42,84
10/22/2019,TXK,AR,ASW,CE,Federal Contract Tower,0,13,23,0,36,0,2,12,2,16,0,15,35,2,52,38,0,38,90
10/23/2019,TXK,AR,ASW,CE,Federal Contract Tower,0,11,34,2,47,0,1,25,0,26,0,12,59,2,73,56,0,56,129
10/24/2019,TXK,AR,ASW,CE,Federal Contract Tower,0,10,21,0,31,0,6,24,4,34,0,16,45,4,65,66,0,66,131
10/25/2019,TXK,AR,ASW,CE,Federal Contract Tower,0,16,11,0,27,0,0,0,0,0,0,16,11,0,27,16,0,16,43
10/26/2019,TXK,AR,ASW,CE,Federal Contract Tower,0,14,10,3,27,0,6,1,0,7,0,20,11,3,34,12,4,16,50
10/27/2019,TXK,AR,ASW,CE,Federal Contract Tower,0,11,23,0,34,0,4,25,0,29,0,15,48,0,63,56,0,56,119
10/28/2019,TXK,AR,ASW,CE,Federal Contract Tower,0,14,17,0,31,0,5,1,0,6,0,19,18,0,37,8,0,8,45
10/29/2019,TXK,AR,ASW,CE,Federal Contract Tower,0,12,13,0,25,0,0,8,2,10,0,12,21,2,35,30,0,30,65
10/30/2019,TXK,AR,ASW,CE,Federal Contract Tower,0,11,12,0,23,0,0,0,0,0,0,11,12,0,23,0,0,0,23
10/31/2019,TXK,AR,ASW,CE,Federal Contract Tower,0,10,19,0,29,0,4,20,0,24,0,14,39,0,53,32,0,32,85
11/01/2019,TXK,AR,ASW,CE,Federal Contract Tower,0,12,39,11,62,0,4,36,8,48,0,16,75,19,110,72,14,86,196
11/02/2019,TXK,AR,ASW,CE,Federal Contract Tower,0,8,24,3,35,0,2,18,5,25,0,10,42,8,60,16,16,32,92
11/03/2019,TXK,AR,ASW,CE,Federal Contract Tower,0,12,30,0,42,0,5,33,0,38,0,17,63,0,80,68,0,68,148
11/04/2019,TXK,AR,ASW,CE,Federal Contract Tower,0,8,14,3,25,0,4,13,1,18,0,12,27,4,43,20,22,42,85
11/05/2019,TXK,AR,ASW,CE,Federal Contract Tower,0,8,28,0,36,0,0,6,0,6,0,8,34,0,42,32,0,32,74
11/06/2019,TXK,AR,ASW,CE,Federal Contract Tower,0,8,20,8,36,0,2,15,0,17,0,10,35,8,53,44,0,44,97
11/07/2019,TXK,AR,ASW,CE,Federal Contract Tower,0,13,19,0,32,0,1,0,0,1,0,14,19,0,33,0,0,0,33
11/08/2019,TXK,AR,ASW,CE,Federal Contract Tower,0,10,13,5,28,0,2,21,4,27,0,12,34,9,55,68,18,86,141
11/09/2019,TXK,AR,ASW,CE,Federal Contract Tower,0,6,11,0,17,0,2,21,2,25,0,8,32,2,42,2,0,2,44
11/10/2019,TXK,AR,ASW,CE,Federal Contract Tower,0,10,19,0,29,0,3,24,1,28,0,13,43,1,57,52,0,52,109
11/11/2019,TXK,AR,ASW,CE,Federal Contract Tower,0,8,10,0,18,0,0,0,0,0,0,8,10,0,18,2,0,2,20
11/12/2019,TXK,AR,ASW,CE,Federal Contract Tower,0,8,15,4,27,0,7,0,3,10,0,15,15,7,37,26,32,58,95
11/13/2019,TXK,AR,ASW,CE,Federal Contract Tower,0,7,22,0,29,0,0,10,0,10,0,7,32,0,39,22,0,22,61
11/14/2019,TXK,AR,ASW,CE,Federal Contract Tower,0,13,22,0,35,0,2,15,0,17,0,15,37,0,52,38,0,38,90
11/15/2019,TXK,AR,ASW,CE,Federal Contract Tower,0,13,24,9,46,0,7,13,5,25,0,20,37,14,71,28,24,52,123
11/16/2019,TXK,AR,ASW,CE,Federal Contract Tower,0,6,16,5,27,0,8,31,0,39,0,14,47,5,66,50,6,56,122
11/17/2019,TXK,AR,ASW,CE,Federal Contract Tower,0,15,27,9,51,0,1,20,2,23,0,16,47,11,74,50,14,64,138
11/18/2019,TXK,AR,ASW,CE,Federal Contract Tower,0,15,19,5,39,0,7,17,8,32,0,22,36,13,71,32,2,34,105
11/19/2019,TXK,AR,ASW,CE,Federal Contract Tower,0,12,38,0,50,0,2,11,2,15,0,14,49,2,65,16,0,16,81
11/20/2019,TXK,AR,ASW,CE,Federal Contract Tower,0,15,31,4,50,0,4,13,2,19,0,19,44,6,69,30,6,36,105
11/21/2019,TXK,AR,ASW,CE,Federal Contract Tower,0,14,12,4,30,0,6,0,1,7,0,20,12,5,37,6,30,36,73
11/22/2019,TXK,AR,ASW,CE,Federal Contract Tower,0,13,14,0,27,0,0,0,0,0,0,13,14,0,27,0,0,0,27
11/23/2019,TXK,AR,ASW,CE,Federal Contract Tower,0,14,16,3,33,0,5,14,1,20,0,19,30,4,53,36,8,44,97
11/24/2019,TXK,AR,ASW,CE,Federal Contract Tower,0,12,16,2,30,0,5,31,4,40,0,17,47,6,70,76,4,80,150
11/25/2019,TXK,AR,ASW,CE,Federal Contract Tower,0,17,18,0,35,0,7,22,0,29,0,24,40,0,64,36,0,36,100
11/26/2019,TXK,AR,ASW,CE,Federal Contract Tower,2,12,12,2,28,0,0,1,0,1,2,12,13,2,29,4,2,6,35
11/27/2019,TXK,AR,ASW,CE,Federal Contract Tower,0,14,10,0,24,0,0,10,0,10,0,14,20,0,34,30,0,30,64
11/28/2019,TXK,AR,ASW,CE,Federal Contract Tower,0,8,2,0,10,0,3,0,0,3,0,11,2,0,13,2,0,2,15
11/29/2019,TXK,AR,ASW,CE,Federal Contract Tower,0,14,9,0,23,0,4,4,0,8,0,18,13,0,31,10,0,10,41
11/30/2019,TXK,AR,ASW,CE,Federal Contract Tower,0,13,8,0,21,0,3,1,0,4,0,16,9,0,25,8,0,8,33
12/01/2019,TXK,AR,ASW,CE,Federal Contract Tower,0,11,10,0,21,0,2,2,0,4,0,13,12,0,25,2,0,2,27
12/02/2019,TXK,AR,ASW,CE,Federal Contract Tower,0,16,21,0,37,0,5,16,0,21,0,21,37,0,58,50,0,50,108
12/03/2019,TXK,AR,ASW,CE,Federal Contract Tower,0,12,22,1,35,0,1,12,0,13,0,13,34,1,48,30,2,32,80
12/04/2019,TXK,AR,ASW,CE,Federal Contract Tower,0,14,24,0,38,0,3,17,0,20,0,17,41,0,58,26,0,26,84
12/05/2019,TXK,AR,ASW,CE,Federal Contract Tower,0,8,18,0,26,0,9,27,3,39,0,17,45,3,65,32,0,32,97
12/06/2019,TXK,AR,ASW,CE,Federal Contract Tower,0,11,13,3,27,0,0,29,0,29,0,11,42,3,56,10,28,38,94
12/07/2019,TXK,AR,ASW,CE,Federal Contract Tower,0,12,17,9,38,0,11,10,3,24,0,23,27,12,62,46,18,64,126
12/08/2019,TXK,AR,ASW,CE,Federal Contract Tower,0,16,10,0,26,0,0,2,0,2,0,16,12,0,28,18,0,18,46
12/09/2019,TXK,AR,ASW,CE,Federal Contract Tower,0,8,25,0,33,0,6,2,2,10,0,14,27,2,43,18,0,18,61
12/10/2019,TXK,AR,ASW,CE,Federal Contract Tower,0,9,8,0,17,0,0,0,0,0,0,9,8,0,17,0,0,0,17
12/11/2019,TXK,AR,ASW,CE,Federal Contract Tower,0,6,28,1,35,0,6,15,1,22,0,12,43,2,57,60,0,60,117
12/12/2019,TXK,AR,ASW,CE,Federal Contract Tower,0,12,29,3,44,0,5,19,2,26,0,17,48,5,70,32,6,38,108
12/13/2019,TXK,AR,ASW,CE,Federal Contract Tower,0,11,21,10,42,0,9,7,2,18,0,20,28,12,60,40,52,92,152
12/14/2019,TXK,AR,ASW,CE,Federal Contract Tower,0,6,15,0,21,0,9,15,0,24,0,15,30,0,45,40,0,40,85
12/15/2019,TXK,AR,ASW,CE,Federal Contract Tower,0,12,11,0,23,0,0,0,0,0,0,12,11,0,23,0,0,0,23
12/16/2019,TXK,AR,ASW,CE,Federal Contract Tower,0,9,17,0,26,0,0,0,0,0,0,9,17,0,26,12,0,12,38
12/17/2019,TXK,AR,ASW,CE,Federal Contract Tower,0,5,29,0,34,0,2,20,6,28,0,7,49,6,62,24,0,24,86
12/18/2019,TXK,AR,ASW,CE,Federal Contract Tower,0,9,35,2,46,0,10,33,0,43,0,19,68,2,89,34,0,34,123
12/19/2019,TXK,AR,ASW,CE,Federal Contract Tower,0,10,22,2,34,0,5,27,3,35,0,15,49,5,69,62,10,72,141
12/20/2019,TXK,AR,ASW,CE,Federal Contract Tower,0,8,16,3,27,0,7,21,0,28,0,15,37,3,55,24,0,24,79
12/21/2019,TXK,AR,ASW,CE,Federal Contract Tower,0,7,11,0,18,0,0,15,0,15,0,7,26,0,33,14,0,14,47
12/22/2019,TXK,AR,ASW,CE,Federal Contract Tower,0,16,15,0,31,0,1,36,0,37,0,17,51,0,68,52,0,52,120
12/23/2019,TXK,AR,ASW,CE,Federal Contract Tower,0,11,21,1,33,0,4,25,1,30,0,15,46,2,63,32,0,32,95
12/24/2019,TXK,AR,ASW,CE,Federal Contract Tower,0,10,8,0,18,0,5,20,0,25,0,15,28,0,43,62,0,62,105
12/25/2019,TXK,AR,ASW,CE,Federal Contract Tower,0,9,8,0,17,0,8,5,0,13,0,17,13,0,30,12,0,12,42
12/26/2019,TXK,AR,ASW,CE,Federal Contract Tower,0,10,16,0,26,0,6,16,0,22,0,16,32,0,48,40,0,40,88
12/27/2019,TXK,AR,ASW,CE,Federal Contract Tower,0,14,6,0,20,0,0,0,0,0,0,14,6,0,20,4,0,4,24
12/28/2019,TXK,AR,ASW,CE,Federal Contract Tower,0,9,7,0,16,0,0,0,0,0,0,9,7,0,16,4,0,4,20
12/29/2019,TXK,AR,ASW,CE,Federal Contract Tower,0,10,17,0,27,0,5,3,2,10,0,15,20,2,37,16,6,22,59
12/30/2019,TXK,AR,ASW,CE,Federal Contract Tower,0,12,16,0,28,0,3,11,4,18,0,15,27,4,46,24,4,28,74
12/31/2019,TXK,AR,ASW,CE,Federal Contract Tower,0,6,17,0,23,0,1,14,0,15,0,7,31,0,38,40,0,40,78
01/01/2020,TXK,AR,ASW,CE,Federal Contract Tower,0,10,7,0,17,0,7,2,0,9,0,17,9,0,26,8,0,8,34
01/02/2020,TXK,AR,ASW,CE,Federal Contract Tower,0,6,9,0,15,0,0,0,0,0,0,6,9,0,15,0,0,0,15
01/03/2020,TXK,AR,ASW,CE,Federal Contract Tower,0,2,15,1,18,0,3,3,0,6,0,5,18,1,24,8,0,8,32
01/04/2020,TXK,AR,ASW,CE,Federal Contract Tower,0,8,14,0,22,0,3,36,0,39,0,11,50,0,61,32,0,32,93
01/05/2020,TXK,AR,ASW,CE,Federal Contract Tower,0,7,18,0,25,0,5,22,0,27,0,12,40,0,52,40,0,40,92
01/06/2020,TXK,AR,ASW,CE,Federal Contract Tower,0,6,16,2,24,0,11,32,2,45,0,17,48,4,69,52,2,54,123
01/07/2020,TXK,AR,ASW,CE,Federal Contract Tower,0,12,25,0,37,0,4,25,0,29,0,16,50,0,66,72,0,72,138
01/08/2020,TXK,AR,ASW,CE,Federal Contract Tower,0,7,20,4,31,0,6,24,2,32,0,13,44,6,63,52,2,54,117
01/09/2020,TXK,AR,ASW,CE,Federal Contract Tower,0,13,22,2,37,0,2,0,0,2,0,15,22,2,39,10,0,10,49
01/10/2020,TXK,AR,ASW,CE,Federal Contract Tower,0,6,4,0,10,0,3,0,0,3,0,9,4,0,13,6,0,6,19
01/11/2020,TXK,AR,ASW,CE,Federal Contract Tower,0,5,4,0,9,0,0,0,0,0,0,5,4,0,9,4,0,4,13
01/12/2020,TXK,AR,ASW,CE,Federal Contract Tower,0,10,16,0,26,0,5,6,0,11,0,15,22,0,37,8,0,8,45
01/13/2020,TXK,AR,ASW,CE,Federal Contract Tower,0,6,14,0,20,0,0,10,2,12,0,6,24,2,32,16,0,16,48
01/14/2020,TXK,AR,ASW,CE,Federal Contract Tower,0,7,14,0,21,0,0,3,0,3,0,7,17,0,24,2,0,2,26
01/15/2020,TXK,AR,ASW,CE,Federal Contract Tower,0,10,13,0,23,0,0,0,0,0,0,10,13,0,23,2,0,2,25
01/16/2020,TXK,AR,ASW,CE,Federal Contract Tower,0,17,8,3,28,0,2,2,0,4,0,19,10,3,32,2,0,2,34
01/17/2020,TXK,AR,ASW,CE,Federal Contract Tower,0,14,26,2,42,0,2,3,0,5,0,16,29,2,47,12,0,12,59
01/18/2020,TXK,AR,ASW,CE,Federal Contract Tower,0,5,5,1,11,0,1,14,1,16,0,6,19,2,27,40,0,40,67
01/19/2020,TXK,AR,ASW,CE,Federal Contract Tower,0,10,16,0,26,0,0,15,0,15,0,10,31,0,41,32,0,32,73
01/20/2020,TXK,AR,ASW,CE,Federal Contract Tower,0,5,17,0,22,0,2,23,0,25,0,7,40,0,47,80,0,80,127
01/21/2020,TXK,AR,ASW,CE,Federal Contract Tower,0,8,24,2,34,0,3,25,0,28,0,11,49,2,62,82,0,82,144
01/22/2020,TXK,AR,ASW,CE,Federal Contract Tower,0,6,4,0,10,0,0,0,0,0,0,6,4,0,10,0,0,0,10
01/23/2020,TXK,AR,ASW,CE,Federal Contract Tower,0,6,17,5,28,0,2,1,0,3,0,8,18,5,31,4,26,30,61
01/24/2020,TXK,AR,ASW,CE,Federal Contract Tower,0,15,20,9,44,0,7,9,4,20,0,22,29,13,64,44,28,72,136
01/26/2020,TXK,AR,ASW,CE,Federal Contract Tower,0,11,5,0,16,0,0,0,0,0,0,11,5,0,16,2,0,2,18
01/27/2020,TXK,AR,ASW,CE,Federal Contract Tower,0,7,13,0,20,0,0,0,0,0,0,7,13,0,20,24,0,24,44
01/28/2020,TXK,AR,ASW,CE,Federal Contract Tower,0,14,8,0,22,0,0,0,0,0,0,14,8,0,22,8,0,8,30
01/29/2020,TXK,AR,ASW,CE,Federal Contract Tower,0,12,11,0,23,0,0,0,0,0,0,12,11,0,23,4,0,4,27
01/30/2020,TXK,AR,ASW,CE,Federal Contract Tower,0,8,13,0,21,0,0,0,0,0,0,8,13,0,21,0,0,0,21
01/31/2020,TXK,AR,ASW,CE,Federal Contract Tower,0,12,6,22,40,0,3,11,4,18,0,15,17,26,58,76,34,110,168
02/01/2020,TXK,AR,ASW,CE,Federal Contract Tower,0,6,27,3,36,0,4,9,3,16,0,10,36,6,52,28,16,44,96
02/02/2020,TXK,AR,ASW,CE,Federal Contract Tower,0,7,7,6,20,0,6,15,0,21,0,13,22,6,41,40,12,52,93
02/03/2020,TXK,AR,ASW,CE,Federal Contract Tower,0,10,13,3,26,0,2,1,0,3,0,12,14,3,29,2,2,4,33
02/04/2020,TXK,AR,ASW,CE,Federal Contract Tower,0,10,19,0,29,0,0,1,0,1,0,10,20,0,30,6,0,6,36
02/05/2020,TXK,AR,ASW,CE,Federal Contract Tower,0,3,8,0,11,0,0,0,0,0,0,3,8,0,11,0,0,0,11
02/06/2020,TXK,AR,ASW,CE,Federal Contract Tower,0,13,15,2,30,0,7,3,0,10,0,20,18,2,40,10,0,10,50
02/07/2020,TXK,AR,ASW,CE,Federal Contract Tower,0,12,25,8,45,0,1,27,0,28,0,13,52,8,73,44,0,44,117
02/08/2020,TXK,AR,ASW,CE,Federal Contract Tower,0,4,22,0,26,0,0,22,0,22,0,4,44,0,48,36,0,36,84
02/09/2020,TXK,AR,ASW,CE,Federal Contract Tower,0,10,7,6,23,0,0,11,0,11,0,10,18,6,34,46,6,52,86
02/10/2020,TXK,AR,ASW,CE,Federal Contract Tower,0,6,6,0,12,0,0,0,0,0,0,6,6,0,12,0,0,0,12
02/11/2020,TXK,AR,ASW,CE,Federal Contract Tower,0,11,4,0,15,0,0,0,0,0,0,11,4,0,15,0,0,0,15
02/12/2020,TXK,AR,ASW,CE,Federal Contract Tower,0,12,11,0,23,0,0,0,0,0,0,12,11,0,23,2,0,2,25
02/13/2020,TXK,AR,ASW,CE,Federal Contract Tower,0,12,5,9,26,0,5,10,10,25,0,17,15,19,51,26,4,30,81
02/14/2020,TXK,AR,ASW,CE,Federal Contract Tower,0,7,20,0,27,0,4,31,0,35,0,11,51,0,62,38,0,38,100
02/15/2020,TXK,AR,ASW,CE,Federal Contract Tower,0,6,35,0,41,0,0,10,0,10,0,6,45,0,51,38,0,38,89
02/16/2020,TXK,AR,ASW,CE,Federal Contract Tower,0,11,12,0,23,0,0,2,0,2,0,11,14,0,25,8,0,8,33
02/17/2020,TXK,AR,ASW,CE,Federal Contract Tower,0,10,11,0,21,0,0,5,0,5,0,10,16,0,26,30,0,30,56
02/18/2020,TXK,AR,ASW,CE,Federal Contract Tower,0,11,15,0,26,0,0,0,0,0,0,11,15,0,26,6,0,6,32
02/19/2020,TXK,AR,ASW,CE,Federal Contract Tower,0,12,17,2,31,0,4,13,1,18,0,16,30,3,49,18,0,18,67
02/20/2020,TXK,AR,ASW,CE,Federal Contract Tower,0,10,10,0,20,0,0,6,1,7,0,10,16,1,27,26,0,26,53
02/21/2020,TXK,AR,ASW,CE,Federal Contract Tower,0,13,28,0,41,0,0,44,0,44,0,13,72,0,85,90,0,90,175
02/22/2020,TXK,AR,ASW,CE,Federal Contract Tower,0,11,24,0,35,0,4,20,0,24,0,15,44,0,59,20,0,20,79
02/23/2020,TXK,AR,ASW,CE,Federal Contract Tower,0,13,10,0,23,0,0,6,0,6,0,13,16,0,29,82,0,82,111
02/24/2020,TXK,AR,ASW,CE,Federal Contract Tower,0,11,11,1,23,0,7,4,0,11,0,18,15,1,34,24,2,26,60
02/25/2020,TXK,AR,ASW,CE,Federal Contract Tower,0,9,31,6,46,0,6,19,1,26,0,15,50,7,72,60,8,68,140
02/26/2020,TXK,AR,ASW,CE,Federal Contract Tower,0,6,21,2,29,0,4,6,3,13,0,10,27,5,42,6,4,10,52
02/27/2020,TXK,AR,ASW,CE,Federal Contract Tower,0,10,30,0,40,0,14,42,2,58,0,24,72,2,98,71,0,71,169
02/28/2020,TXK,AR,ASW,CE,Federal Contract Tower,0,9,32,0,41,0,8,43,2,53,0,17,75,2,94,98,0,98,192
02/29/2020,TXK,AR,ASW,CE,Federal Contract Tower,0,13,26,0,39,0,4,32,0,36,0,17,58,0,75,128,0,128,203
03/01/2020,TXK,AR,ASW,CE,Federal Contract Tower,0,9,10,0,19,0,2,2,0,4,0,11,12,0,23,4,0,4,27
03/02/2020,TXK,AR,ASW,CE,Federal Contract Tower,0,8,7,4,19,0,17,7,2,26,0,25,14,6,45,54,10,64,109
03/03/2020,TXK,AR,ASW,CE,Federal Contract Tower,0,10,15,0,25,0,3,6,2,11,0,13,21,2,36,32,0,32,68
03/04/2020,TXK,AR,ASW,CE,Federal Contract Tower,0,6,12,0,18,0,0,4,0,4,0,6,16,0,22,40,0,40,62
03/05/2020,TXK,AR,ASW,CE,Federal Contract Tower,0,8,28,7,43,0,10,31,0,41,0,18,59,7,84,102,10,112,196
03/06/2020,TXK,AR,ASW,CE,Federal Contract Tower,0,16,34,4,54,0,7,25,0,32,0,23,59,4,86,66,6,72,158
03/07/2020,TXK,AR,ASW,CE,Federal Contract Tower,0,7,21,9,37,0,3,14,16,33,0,10,35,25,70,20,48,68,138
03/08/2020,TXK,AR,ASW,CE,Federal Contract Tower,0,8,16,0,24,0,7,13,0,20,0,15,29,0,44,38,0,38,82
03/09/2020,TXK,AR,ASW,CE,Federal Contract Tower,0,12,12,0,24,0,0,0,4,4,0,12,12,4,28,14,0,14,42
03/10/2020,TXK,AR,ASW,CE,Federal Contract Tower,0,10,31,0,41,0,3,29,0,32,0,13,60,0,73,74,0,74,147
03/11/2020,TXK,AR,ASW,CE,Federal Contract Tower,0,6,15,1,22,0,6,9,3,18,0,12,24,4,40,12,0,12,52
03/12/2020,TXK,AR,ASW,CE,Federal Contract Tower,0,11,9,0,20,0,4,3,0,7,0,15,12,0,27,6,0,6,33
03/13/2020,TXK,AR,ASW,CE,Federal Contract Tower,0,15,10,0,25,0,0,1,0,1,0,15,11,0,26,2,0,2,28
03/14/2020,TXK,AR,ASW,CE,Federal Contract Tower,0,4,7,0,11,0,3,0,0,3,0,7,7,0,14,4,0,4,18
03/15/2020,TXK,AR,ASW,CE,Federal Contract Tower,0,10,7,2,19,0,0,0,0,0,0,10,7,2,19,2,0,2,21
03/16/2020,TXK,AR,ASW,CE,Federal Contract Tower,0,12,5,0,17,0,0,0,0,0,0,12,5,0,17,4,0,4,21
03/17/2020,TXK,AR,ASW,CE,Federal Contract Tower,0,8,7,3,18,0,2,0,0,2,0,10,7,3,20,4,6,10,30
03/18/2020,TXK,AR,ASW,CE,Federal Contract Tower,0,4,10,0,14,0,2,3,0,5,0,6,13,0,19,2,0,2,21
03/19/2020,TXK,AR,ASW,CE,Federal Contract Tower,0,8,6,0,14,0,7,2,0,9,0,15,8,0,23,14,0,14,37
03/21/2020,TXK,AR,ASW,CE,Federal Contract Tower,0,4,9,0,13,0,5,16,0,21,0,9,25,0,34,44,0,44,78
03/22/2020,TXK,AR,ASW,CE,Federal Contract Tower,0,4,1,0,5,0,0,0,0,0,0,4,1,0,5,0,0,0,5
03/23/2020,TXK,AR,ASW,CE,Federal Contract Tower,0,6,2,0,8,0,0,0,0,0,0,6,2,0,8,0,0,0,8
03/24/2020,TXK,AR,ASW,CE,Federal Contract Tower,0,4,6,18,28,0,2,15,6,23,0,6,21,24,51,62,84,146,197
03/25/2020,TXK,AR,ASW,CE,Federal Contract Tower,0,2,19,0,21,0,0,28,0,28,0,2,47,0,49,104,0,104,153
03/26/2020,TXK,AR,ASW,CE,Federal Contract Tower,0,5,9,2,16,0,5,25,0,30,0,10,34,2,46,70,0,70,116
03/27/2020,TXK,AR,ASW,CE,Federal Contract Tower,0,4,2,0,6,0,3,5,0,8,0,7,7,0,14,6,0,6,20
03/28/2020,TXK,AR,ASW,CE,Federal Contract Tower,0,2,3,0,5,0,0,0,2,2,0,2,3,2,7,2,0,2,9
03/29/2020,TXK,AR,ASW,CE,Federal Contract Tower,0,4,7,0,11,0,6,36,2,44,0,10,43,2,55,80,0,80,135
03/30/2020,TXK,AR,ASW,CE,Federal Contract Tower,0,4,2,0,6,0,2,5,0,7,0,6,7,0,13,8,0,8,21
03/31/2020,TXK,AR,ASW,CE,Federal Contract Tower,0,3,2,6,11,0,0,4,1,5,0,3,6,7,16,16,40,56,72
04/01/2020,TXK,AR,ASW,CE,Federal Contract Tower,0,2,2,3,7,0,0,35,0,35,0,2,37,3,42,74,12,86,128
04/02/2020,TXK,AR,ASW,CE,Federal Contract Tower,0,2,4,0,6,0,3,34,0,37,0,5,38,0,43,50,0,50,93
04/03/2020,TXK,AR,ASW,CE,Federal Contract Tower,0,10,3,0,13,0,0,6,0,6,0,10,9,0,19,104,0,104,123
04/04/2020,TXK,AR,ASW,CE,Federal Contract Tower,0,2,2,0,4,0,0,0,0,0,0,2,2,0,4,0,0,0,4
04/05/2020,TXK,AR,ASW,CE,Federal Contract Tower,0,2,9,0,11,0,0,18,0,18,0,2,27,0,29,106,0,106,135
04/06/2020,TXK,AR,ASW,CE,Federal Contract Tower,0,4,13,0,17,0,5,0,0,5,0,9,13,0,22,28,0,28,50
04/07/2020,TXK,AR,ASW,CE,Federal Contract Tower,0,4,13,0,17,0,0,11,0,11,0,4,24,0,28,36,0,36,64
04/08/2020,TXK,AR,ASW,CE,Federal Contract Tower,0,4,15,0,19,0,2,25,0,27,0,6,40,0,46,12,0,12,58
04/09/2020,TXK,AR,ASW,CE,Federal Contract Tower,0,8,6,0,14,1,22,15,0,38,1,30,21,0,52,140,0,140,192
04/10/2020,TXK,AR,ASW,CE,Federal Contract Tower,0,3,20,0,23,0,10,19,0,29,0,13,39,0,52,68,0,68,120
04/11/2020,TXK,AR,ASW,CE,Federal Contract Tower,0,3,3,0,6,0,1,13,0,14,0,4,16,0,20,18,0,18,38
04/12/2020,TXK,AR,ASW,CE,Federal Contract Tower,0,5,0,0,5,0,0,0,0,0,0,5,0,0,5,2,0,2,7
04/13/2020,TXK,AR,ASW,CE,Federal Contract Tower,0,4,3,3,10,0,10,17,0,27,0,14,20,3,37,44,0,44,81
04/14/2020,TXK,AR,ASW,CE,Federal Contract Tower,0,4,1,3,8,0,7,20,0,27,0,11,21,3,35,70,8,78,113
04/15/2020,TXK,AR,ASW,CE,Federal Contract Tower,8,10,2,0,20,0,3,16,0,19,8,13,18,0,39,44,2,46,85
04/16/2020,TXK,AR,ASW,CE,Federal Contract Tower,0,2,4,2,8,0,1,24,0,25,0,3,28,2,33,44,2,46,79
04/17/2020,TXK,AR,ASW,CE,Federal Contract Tower,0,5,7,0,12,0,0,0,0,0,0,5,7,0,12,2,0,2,14
04/18/2020,TXK,AR,ASW,CE,Federal Contract Tower,0,2,4,0,6,0,4,12,0,16,0,6,16,0,22,16,0,16,38
04/19/2020,TXK,AR,ASW,CE,Federal Contract Tower,0,4,0,0,4,0,0,0,0,0,0,4,0,0,4,0,0,0,4
04/20/2020,TXK,AR,ASW,CE,Federal Contract Tower,0,4,4,0,8,0,9,18,4,31,0,13,22,4,39,52,0,52,91
04/21/2020,TXK,AR,ASW,CE,Federal Contract Tower,0,5,14,0,19,0,6,15,0,21,0,11,29,0,40,48,0,48,88
04/22/2020,TXK,AR,ASW,CE,Federal Contract Tower,0,4,1,0,5,0,3,2,0,5,0,7,3,0,10,18,0,18,28
04/23/2020,TXK,AR,ASW,CE,Federal Contract Tower,0,4,15,6,25,0,1,13,2,16,0,5,28,8,41,14,28,42,83
04/24/2020,TXK,AR,ASW,CE,Federal Contract Tower,0,3,13,8,24,0,3,2,0,5,0,6,15,8,29,14,8,22,51
04/25/2020,TXK,AR,ASW,CE,Federal Contract Tower,0,2,0,0,2,0,15,12,0,27,0,17,12,0,29,86,0,86,115
04/26/2020,TXK,AR,ASW,CE,Federal Contract Tower,0,6,6,0,12,0,8,32,0,40,0,14,38,0,52,118,0,118,170
04/27/2020,TXK,AR,ASW,CE,Federal Contract Tower,0,4,5,0,9,0,0,9,0,9,0,4,14,0,18,0,0,0,18
04/28/2020,TXK,AR,ASW,CE,Federal Contract Tower,0,4,2,0,6,0,0,2,0,2,0,4,4,0,8,12,0,12,20
04/29/2020,TXK,AR,ASW,CE,Federal Contract Tower,0,3,8,4,15,0,3,19,2,24,0,6,27,6,39,34,8,42,81
04/30/2020,TXK,AR,ASW,CE,Federal Contract Tower,0,2,15,0,17,0,6,37,0,43,0,8,52,0,60,88,0,88,148
05/01/2020,TXK,AR,ASW,CE,Federal Contract Tower,0,3,19,0,22,0,2,16,0,18,0,5,35,0,40,38,0,38,78
05/02/2020,TXK,AR,ASW,CE,Federal Contract Tower,0,2,8,5,15,0,9,5,1,15,0,11,13,6,30,24,12,36,66
05/03/2020,TXK,AR,ASW,CE,Federal Contract Tower,0,3,17,0,20,0,4,41,0,45,0,7,58,0,65,228,0,228,293
05/04/2020,TXK,AR,ASW,CE,Federal Contract Tower,0,4,12,0,16,0,3,23,0,26,0,7,35,0,42,114,0,114,156
05/05/2020,TXK,AR,ASW,CE,Federal Contract Tower,0,7,14,0,21,0,10,15,0,25,0,17,29,0,46,36,0,36,82
05/06/2020,TXK,AR,ASW,CE,Federal Contract Tower,0,7,22,5,34,0,2,25,0,27,0,9,47,5,61,46,8,54,115
05/07/2020,TXK,AR,ASW,CE,Federal Contract Tower,0,6,10,0,16,0,0,22,0,22,0,6,32,0,38,32,0,32,70
05/08/2020,TXK,AR,ASW,CE,Federal Contract Tower,0,4,6,3,13,0,1,9,1,11,0,5,15,4,24,14,0,14,38
05/09/2020,TXK,AR,ASW,CE,Federal Contract Tower,0,9,11,0,20,0,3,37,3,43,0,12,48,3,63,58,0,58,121
05/10/2020,TXK,AR,ASW,CE,Federal Contract Tower,0,6,9,0,15,0,10,41,0,51,0,16,50,0,66,44,0,44,110
05/11/2020,TXK,AR,ASW,CE,Federal Contract Tower,0,5,9,4,18,0,4,34,4,42,0,9,43,8,60,70,30,100,160
05/12/2020,TXK,AR,ASW,CE,Federal Contract Tower,0,6,3,3,12,0,0,12,0,12,0,6,15,3,24,42,4,46,70
05/13/2020,TXK,AR,ASW,CE,Federal Contract Tower,0,4,17,0,21,0,4,43,0,47,0,8,60,0,68,50,0,50,118
05/14/2020,TXK,AR,ASW,CE,Federal Contract Tower,0,4,14,6,24,0,2,27,0,29,0,6,41,6,53,88,0,88,141
05/15/2020,TXK,AR,ASW,CE,Federal Contract Tower,0,8,15,4,27,0,0,14,1,15,0,8,29,5,42,28,10,38,80
05/16/2020,TXK,AR,ASW,CE,Federal Contract Tower,0,4,2,0,6,0,0,0,0,0,0,4,2,0,6,0,0,0,6
05/17/2020,TXK,AR,ASW,CE,Federal Contract Tower,0,10,6,0,16,0,3,28,0,31,0,13,34,0,47,96,0,96,143
05/18/2020,TXK,AR,ASW,CE,Federal Contract Tower,0,8,15,1,24,0,3,61,0,64,0,11,76,1,88,132,2,134,222
05/19/2020,TXK,AR,ASW,CE,Federal Contract Tower,0,5,24,2,31,0,8,43,0,51,0,13,67,2,82,154,2,156,238
05/20/2020,TXK,AR,ASW,CE,Federal Contract Tower,0,14,15,4,33,0,7,17,0,24,0,21,32,4,57,40,6,46,103
05/21/2020,TXK,AR,ASW,CE,Federal Contract Tower,0,6,9,0,15,0,0,21,1,22,0,6,30,1,37,64,0,64,101
05/22/2020,TXK,AR,ASW,CE,Federal Contract Tower,0,11,6,0,17,0,4,20,1,25,0,15,26,1,42,44,0,44,86
05/23/2020,TXK,AR,ASW,CE,Federal Contract Tower,0,7,9,0,16,0,6,11,0,17,0,13,20,0,33,10,0,10,43
05/24/2020,TXK,AR,ASW,CE,Federal Contract Tower,0,4,2,0,6,0,2,4,0,6,0,6,6,0,12,8,0,8,20
05/25/2020,TXK,AR,ASW,CE,Federal Contract Tower,0,6,4,0,10,0,0,0,0,0,0,6,4,0,10,0,0,0,10
05/26/2020,TXK,AR,ASW,CE,Federal Contract Tower,0,4,5,0,9,0,3,16,0,19,0,7,21,0,28,48,0,48,76
05/27/2020,TXK,AR,ASW,CE,Federal Contract Tower,0,7,10,0,17,0,4,21,0,25,0,11,31,0,42,54,0,54,96
05/28/2020,TXK,AR,ASW,CE,Federal Contract Tower,0,6,13,0,19,0,0,8,0,8,0,6,21,0,27,8,0,8,35
05/29/2020,TXK,AR,ASW,CE,Federal Contract Tower,0,3,23,0,26,0,5,36,0,41,0,8,59,0,67,72,0,72,139
05/30/2020,TXK,AR,ASW,CE,Federal Contract Tower,0,4,16,0,20,0,2,17,0,19,0,6,33,0,39,60,0,60,99
05/31/2020,TXK,AR,ASW,CE,Federal Contract Tower,0,5,21,0,26,0,1,15,0,16,0,6,36,0,42,22,0,22,64
06/01/2020,TXK,AR,ASW,CE,Federal Contract Tower,0,6,17,0,23,0,5,25,4,34,0,11,42,4,57,36,0,36,93
06/02/2020,TXK,AR,ASW,CE,Federal Contract Tower,0,8,16,0,24,0,1,29,0,30,0,9,45,0,54,56,0,56,110
06/03/2020,TXK,AR,ASW,CE,Federal Contract Tower,0,5,11,5,21,0,6,22,1,29,0,11,33,6,50,38,8,46,96
06/04/2020,TXK,AR,ASW,CE,Federal Contract Tower,0,4,22,1,27,0,3,29,0,32,0,7,51,1,59,56,2,58,117
06/05/2020,TXK,AR,ASW,CE,Federal Contract Tower,0,5,16,0,21,0,4,21,2,27,0,9,37,2,48,32,0,32,80
06/06/2020,TXK,AR,ASW,CE,Federal Contract Tower,0,9,10,0,19,0,6,29,0,35,0,15,39,0,54,68,0,68,122
06/07/2020,TXK,AR,ASW,CE,Federal Contract Tower,0,2,15,0,17,0,3,35,0,38,0,5,50,0,55,90,0,90,145
06/08/2020,TXK,AR,ASW,CE,Federal Contract Tower,0,5,3,0,8,0,4,0,0,4,0,9,3,0,12,4,0,4,16
06/09/2020,TXK,AR,ASW,CE,Federal Contract Tower,0,2,11,4,17,0,2,18,5,25,0,4,29,9,42,14,24,38,80
06/10/2020,TXK,AR,ASW,CE,Federal Contract Tower,0,6,16,2,24,0,6,20,0,26,0,12,36,2,50,22,0,22,72
06/11/2020,TXK,AR,ASW,CE,Federal Contract Tower,0,6,25,1,32,0,8,32,2,42,0,14,57,3,74,50,8,58,132
06/12/2020,TXK,AR,ASW,CE,Federal Contract Tower,0,7,25,1,33,0,0,35,0,35,0,7,60,1,68,26,0,26,94
06/13/2020,TXK,AR,ASW,CE,Federal Contract Tower,0,2,14,0,16,0,4,5,0,9,0,6,19,0,25,10,0,10,35
06/14/2020,TXK,AR,ASW,CE,Federal Contract Tower,0,10,11,0,21,0,5,20,0,25,0,15,31,0,46,84,0,84,130
06/15/2020,TXK,AR,ASW,CE,Federal Contract Tower,0,2,10,0,12,0,19,25,0,44,0,21,35,0,56,104,0,104,160
06/16/2020,TXK,AR,ASW,CE,Federal Contract Tower,0,4,19,1,24,0,2,36,0,38,0,6,55,1,62,130,2,132,194
06/17/2020,TXK,AR,ASW,CE,Federal Contract Tower,0,9,13,0,22,0,7,17,0,24,0,16,30,0,46,46,0,46,92
06/18/2020,TXK,AR,ASW,CE,Federal Contract Tower,0,4,26,3,33,0,9,24,3,36,0,13,50,6,69,22,10,32,101
06/19/2020,TXK,AR,ASW,CE,Federal Contract Tower,0,4,28,5,37,0,4,22,0,26,0,8,50,5,63,24,16,40,103
06/20/2020,TXK,AR,ASW,CE,Federal Contract Tower,0,4,7,1,12,0,7,13,0,20,0,11,20,1,32,24,2,26,58
06/21/2020,TXK,AR,ASW,CE,Federal Contract Tower,0,3,6,0,9,0,3,3,0,6,0,6,9,0,15,8,0,8,23
06/22/2020,TXK,AR,ASW,CE,Federal Contract Tower,0,2,17,3,22,0,2,11,0,13,0,4,28,3,35,12,24,36,71
06/23/2020,TXK,AR,ASW,CE,Federal Contract Tower,0,5,11,0,16,0,2,1,2,5,0,7,12,2,21,2,0,2,23
06/24/2020,TXK,AR,ASW,CE,Federal Contract Tower,0,4,31,4,39,0,4,32,2,38,0,8,63,6,77,50,12,62,139
06/25/2020,TXK,AR,ASW,CE,Federal Contract Tower,0,5,15,8,28,0,2,28,7,37,0,7,43,15,65,68,20,88,153
06/26/2020,TXK,AR,ASW,CE,Federal Contract Tower,0,2,14,0,16,0,0,4,0,4,0,2,18,0,20,10,0,10,30
06/27/2020,TXK,AR,ASW,CE,Federal Contract Tower,0,3,8,3,14,0,2,5,3,10,0,5,13,6,24,2,0,2,26
06/28/2020,TXK,AR,ASW,CE,Federal Contract Tower,0,5,18,0,23,0,11,7,0,18,0,16,25,0,41,74,0,74,115
06/29/2020,TXK,AR,ASW,CE,Federal Contract Tower,0,3,10,0,13,0,0,11,2,13,0,3,21,2,26,28,0,28,54
06/30/2020,TXK,AR,ASW,CE,Federal Contract Tower,0,9,16,0,25,0,6,17,0,23,0,15,33,0,48,42,0,42,90
07/01/2020,TXK,AR,ASW,CE,Federal Contract Tower,0,3,17,0,20,0,0,15,4,19,0,3,32,4,39,54,0,54,93
07/02/2020,TXK,AR,ASW,CE,Federal Contract Tower,0,6,12,6,24,0,6,19,2,27,0,12,31,8,51,46,24,70,121
07/03/2020,TXK,AR,ASW,CE,Federal Contract Tower,0,3,13,0,16,0,4,11,1,16,0,7,24,1,32,24,0,24,56
07/04/2020,TXK,AR,ASW,CE,Federal Contract Tower,0,2,2,0,4,0,0,2,5,7,0,2,4,5,11,0,0,0,11
07/05/2020,TXK,AR,ASW,CE,Federal Contract Tower,0,4,4,6,14,0,6,3,16,25,0,10,7,22,39,20,0,20,59
07/06/2020,TXK,AR,ASW,CE,Federal Contract Tower,0,4,14,0,18,0,4,0,0,4,0,8,14,0,22,8,0,8,30
07/07/2020,TXK,AR,ASW,CE,Federal Contract Tower,0,6,11,2,19,0,0,12,0,12,0,6,23,2,31,42,2,44,75
07/08/2020,TXK,AR,ASW,CE,Federal Contract Tower,0,13,12,0,25,0,2,27,0,29,0,15,39,0,54,210,0,210,264
07/09/2020,TXK,AR,ASW,CE,Federal Contract Tower,0,9,14,1,24,0,12,47,0,59,0,21,61,1,83,182,0,182,265
07/10/2020,TXK,AR,ASW,CE,Federal Contract Tower,0,4,29,0,33,0,13,64,4,81,0,17,93,4,114,88,0,88,202
07/11/2020,TXK,AR,ASW,CE,Federal Contract Tower,0,9,14,0,23,0,7,27,0,34,0,16,41,0,57,30,0,30,87
07/12/2020,TXK,AR,ASW,CE,Federal Contract Tower,0,6,13,0,19,0,3,43,0,46,0,9,56,0,65,72,0,72,137
07/13/2020,TXK,AR,ASW,CE,Federal Contract Tower,0,6,18,1,25,0,9,35,0,44,0,15,53,1,69,56,0,56,125
07/14/2020,TXK,AR,ASW,CE,Federal Contract Tower,0,8,21,1,30,0,7,31,3,41,0,15,52,4,71,32,4,36,107
07/15/2020,TXK,AR,ASW,CE,Federal Contract Tower,0,5,20,3,28,0,9,35,3,47,0,14,55,6,75,56,16,72,147
07/16/2020,TXK,AR,ASW,CE,Federal Contract Tower,0,6,12,11,29,0,9,44,8,61,0,15,56,19,90,90,16,106,196
07/17/2020,TXK,AR,ASW,CE,Federal Contract Tower,0,9,12,2,23,0,3,26,1,30,0,12,38,3,53,42,0,42,95
07/18/2020,TXK,AR,ASW,CE,Federal Contract Tower,0,7,10,0,17,0,4,19,0,23,0,11,29,0,40,32,0,32,72
07/19/2020,TXK,AR,ASW,CE,Federal Contract Tower,0,7,16,0,23,0,2,26,0,28,0,9,42,0,51,40,0,40,91
07/20/2020,TXK,AR,ASW,CE,Federal Contract Tower,0,4,15,6,25,0,9,22,1,32,0,13,37,7,57,28,12,40,97
07/21/2020,TXK,AR,ASW,CE,Federal Contract Tower,0,7,19,0,26,0,4,22,0,26,0,11,41,0,52,70,0,70,122
07/22/2020,TXK,AR,ASW,CE,Federal Contract Tower,0,7,12,2,21,0,2,4,0,6,0,9,16,2,27,10,0,10,37
07/23/2020,TXK,AR,ASW,CE,Federal Contract Tower,0,6,17,2,25,0,2,24,0,26,0,8,41,2,51,42,0,42,93
07/24/2020,TXK,AR,ASW,CE,Federal Contract Tower,0,4,23,2,29,0,36,0,0,36,0,40,23,2,65,98,2,100,165
07/25/2020,TXK,AR,ASW,CE,Federal Contract Tower,0,4,2,0,6,0,0,2,0,2,0,4,4,0,8,2,0,2,10
07/26/2020,TXK,AR,ASW,CE,Federal Contract Tower,0,9,9,0,18,0,0,21,0,21,0,9,30,0,39,38,0,38,77
07/27/2020,TXK,AR,ASW,CE,Federal Contract Tower,0,6,27,0,33,0,1,60,0,61,0,7,87,0,94,102,0,102,196
07/28/2020,TXK,AR,ASW,CE,Federal Contract Tower,0,4,15,0,19,0,1,31,2,34,0,5,46,2,53,50,0,50,103
07/29/2020,TXK,AR,ASW,CE,Federal Contract Tower,0,7,13,0,20,0,2,14,0,16,0,9,27,0,36,18,0,18,54
07/30/2020,TXK,AR,ASW,CE,Federal Contract Tower,0,8,6,2,16,0,1,10,2,13,0,9,16,4,29,20,14,34,63
07/31/2020,TXK,AR,ASW,CE,Federal Contract Tower,0,5,14,0,19,0,1,12,0,13,0,6,26,0,32,42,0,42,74
08/01/2020,TXK,AR,ASW,CE,Federal Contract Tower,0,9,13,0,22,0,4,42,0,46,0,13,55,0,68,68,0,68,136
08/02/2020,TXK,AR,ASW,CE,Federal Contract Tower,0,8,13,0,21,0,0,24,0,24,0,8,37,0,45,46,0,46,91
08/03/2020,TXK,AR,ASW,CE,Federal Contract Tower,0,6,10,4,20,0,2,23,1,26,0,8,33,5,46,86,8,94,140
08/04/2020,TXK,AR,ASW,CE,Federal Contract Tower,0,9,24,2,35,0,9,19,2,30,0,18,43,4,65,52,0,52,117
08/05/2020,TXK,AR,ASW,CE,Federal Contract Tower,0,4,14,0,18,0,1,16,0,17,0,5,30,0,35,26,0,26,61
08/06/2020,TXK,AR,ASW,CE,Federal Contract Tower,0,7,24,2,33,0,0,15,0,15,0,7,39,2,48,40,6,46,94
08/07/2020,TXK,AR,ASW,CE,Federal Contract Tower,0,7,5,0,12,0,0,18,0,18,0,7,23,0,30,68,0,68,98
08/08/2020,TXK,AR,ASW,CE,Federal Contract Tower,0,6,12,2,20,0,7,9,0,16,0,13,21,2,36,42,0,42,78
08/09/2020,TXK,AR,ASW,CE,Federal Contract Tower,0,8,32,0,40,0,5,26,1,32,0,13,58,1,72,64,0,64,136
08/10/2020,TXK,AR,ASW,CE,Federal Contract Tower,0,12,15,0,27,0,0,33,1,34,0,12,48,1,61,94,0,94,155
08/11/2020,TXK,AR,ASW,CE,Federal Contract Tower,0,5,17,3,25,0,0,41,0,41,0,5,58,3,66,110,4,114,180
08/12/2020,TXK,AR,ASW,CE,Federal Contract Tower,0,5,9,1,15,0,1,19,0,20,0,6,28,1,35,56,4,60,95
08/13/2020,TXK,AR,ASW,CE,Federal Contract Tower,0,5,12,0,17,0,0,18,0,18,0,5,30,0,35,28,0,28,63
08/14/2020,TXK,AR,ASW,CE,Federal Contract Tower,0,8,4,1,13,0,0,7,2,9,0,8,11,3,22,20,0,20,42
08/15/2020,TXK,AR,ASW,CE,Federal Contract Tower,0,8,21,1,30,0,1,15,0,16,0,9,36,1,46,36,0,36,82
08/16/2020,TXK,AR,ASW,CE,Federal Contract Tower,0,4,11,0,15,0,1,25,0,26,0,5,36,0,41,62,0,62,103
08/17/2020,TXK,AR,ASW,CE,Federal Contract Tower,0,4,7,0,11,0,7,24,0,31,0,11,31,0,42,50,0,50,92
08/18/2020,TXK,AR,ASW,CE,Federal Contract Tower,0,6,12,2,20,0,0,14,0,14,0,6,26,2,34,28,0,28,62
08/19/2020,TXK,AR,ASW,CE,Federal Contract Tower,0,8,27,2,37,0,8,35,4,47,0,16,62,6,84,68,0,68,152
08/20/2020,TXK,AR,ASW,CE,Federal Contract Tower,0,10,20,0,30,0,0,23,0,23,0,10,43,0,53,34,0,34,87
08/21/2020,TXK,AR,ASW,CE,Federal Contract Tower,0,8,13,2,23,0,8,20,0,28,0,16,33,2,51,38,0,38,89
08/22/2020,TXK,AR,ASW,CE,Federal Contract Tower,0,6,12,0,18,0,9,13,0,22,0,15,25,0,40,32,0,32,72
08/23/2020,TXK,AR,ASW,CE,Federal Contract Tower,0,11,22,0,33,0,4,23,0,27,0,15,45,0,60,34,0,34,94
08/24/2020,TXK,AR,ASW,CE,Federal Contract Tower,0,5,18,0,23,0,5,19,0,24,0,10,37,0,47,42,0,42,89
08/25/2020,TXK,AR,ASW,CE,Federal Contract Tower,0,6,26,1,33,0,0,32,0,32,0,6,58,1,65,60,0,60,125
08/26/2020,TXK,AR,ASW,CE,Federal Contract Tower,0,6,9,1,16,0,3,2,0,5,0,9,11,1,21,6,0,6,27
08/27/2020,TXK,AR,ASW,CE,Federal Contract Tower,0,3,2,0,5,0,0,0,0,0,0,3,2,0,5,2,0,2,7
08/28/2020,TXK,AR,ASW,CE,Federal Contract Tower,0,6,15,0,21,0,4,8,0,12,0,10,23,0,33,20,0,20,53
08/29/2020,TXK,AR,ASW,CE,Federal Contract Tower,0,8,25,0,33,0,12,13,0,25,0,20,38,0,58,44,0,44,102
08/30/2020,TXK,AR,ASW,CE,Federal Contract Tower,0,5,12,1,18,0,5,11,3,19,0,10,23,4,37,38,0,38,75
08/31/2020,TXK,AR,ASW,CE,Federal Contract Tower,0,6,22,1,29,0,5,10,1,16,0,11,32,2,45,18,0,18,63
09/01/2020,TXK,AR,ASW,CE,Federal Contract Tower,0,11,10,2,23,0,0,4,2,6,0,11,14,4,29,4,0,4,33
09/02/2020,TXK,AR,ASW,CE,Federal Contract Tower,0,8,4,0,12,0,0,2,0,2,0,8,6,0,14,0,0,0,14
09/03/2020,TXK,AR,ASW,CE,Federal Contract Tower,0,5,18,2,25,0,2,6,0,8,0,7,24,2,33,18,0,18,51
09/04/2020,TXK,AR,ASW,CE,Federal Contract Tower,0,6,15,0,21,0,0,28,0,28,0,6,43,0,49,62,0,62,111
09/05/2020,TXK,AR,ASW,CE,Federal Contract Tower,0,7,10,0,17,0,0,16,0,16,0,7,26,0,33,52,0,52,85
09/06/2020,TXK,AR,ASW,CE,Federal Contract Tower,0,6,23,0,29,0,7,53,0,60,0,13,76,0,89,74,0,74,163
09/07/2020,TXK,AR,ASW,CE,Federal Contract Tower,0,5,14,0,19,0,3,41,0,44,0,8,55,0,63,110,0,110,173
09/08/2020,TXK,AR,ASW,CE,Federal Contract Tower,8,15,0,0,23,0,8,38,0,46,8,23,38,0,69,66,0,66,135
09/09/2020,TXK,AR,ASW,CE,Federal Contract Tower,0,9,15,0,24,0,0,24,0,24,0,9,39,0,48,58,0,58,106
09/10/2020,TXK,AR,ASW,CE,Federal Contract Tower,0,4,24,4,32,0,5,14,1,20,0,9,38,5,52,30,0,30,82
09/11/2020,TXK,AR,ASW,CE,Federal Contract Tower,0,11,16,0,27,0,5,18,0,23,0,16,34,0,50,42,0,42,92
09/12/2020,TXK,AR,ASW,CE,Federal Contract Tower,0,12,21,0,33,0,2,27,0,29,0,14,48,0,62,50,0,50,112
09/13/2020,TXK,AR,ASW,CE,Federal Contract Tower,0,5,19,0,24,0,0,32,3,35,0,5,51,3,59,34,0,34,93
09/14/2020,TXK,AR,ASW,CE,Federal Contract Tower,0,8,18,1,27,0,13,4,4,21,0,21,22,5,48,42,0,42,90
09/15/2020,TXK,AR,ASW,CE,Federal Contract Tower,0,5,16,2,23,0,9,24,11,44,0,14,40,13,67,22,4,26,93
09/16/2020,TXK,AR,ASW,CE,Federal Contract Tower,0,7,14,0,21,0,12,17,10,39,0,19,31,10,60,28,0,28,88
09/17/2020,TXK,AR,ASW,CE,Federal Contract Tower,0,6,18,0,24,0,2,4,9,15,0,8,22,9,39,22,0,22,61
09/18/2020,TXK,AR,ASW,CE,Federal Contract Tower,0,5,20,0,25,0,6,9,2,17,0,11,29,2,42,24,0,24,66
09/19/2020,TXK,AR,ASW,CE,Federal Contract Tower,0,8,21,0,29,0,1,0,16,17,0,9,21,16,46,28,0,28,74
09/20/2020,TXK,AR,ASW,CE,Federal Contract Tower,0,6,19,0,25,0,5,28,0,33,0,11,47,0,58,44,0,44,102
09/21/2020,TXK,AR,ASW,CE,Federal Contract Tower,0,9,13,2,24,0,1,0,0,1,0,10,13,2,25,12,0,12,37
09/22/2020,TXK,AR,ASW,CE,Federal Contract Tower,0,4,3,0,7,0,0,0,0,0,0,4,3,0,7,0,0,0,7
09/23/2020,TXK,AR,ASW,CE,Federal Contract Tower,0,11,16,2,29,0,0,0,0,0,0,11,16,2,29,4,0,4,33
09/24/2020,TXK,AR,ASW,CE,Federal Contract Tower,0,7,12,1,20,0,5,10,1,16,0,12,22,2,36,30,0,30,66
09/25/2020,TXK,AR,ASW,CE,Federal Contract Tower,0,5,28,8,41,0,3,19,1,23,0,8,47,9,64,32,14,46,110
09/26/2020,TXK,AR,ASW,CE,Federal Contract Tower,0,11,12,5,28,0,2,8,0,10,0,13,20,5,38,12,10,22,60
09/27/2020,TXK,AR,ASW,CE,Federal Contract Tower,0,6,10,0,16,0,0,30,0,30,0,6,40,0,46,20,0,20,66
09/28/2020,TXK,AR,ASW,CE,Federal Contract Tower,0,5,17,0,22,0,11,6,0,17,0,16,23,0,39,38,0,38,77
09/29/2020,TXK,AR,ASW,CE,Federal Contract Tower,0,5,28,0,33,0,6,17,0,23,0,11,45,0,56,50,0,50,106
09/30/2020,TXK,AR,ASW,CE,Federal Contract Tower,0,4,18,0,22,0,11,17,0,28,0,15,35,0,50,56,0,56,106
10/01/2020,TXK,AR,ASW,CE,Federal Contract Tower,0,7,21,0,28,0,6,18,0,24,0,13,39,0,52,26,0,26,78
10/02/2020,TXK,AR,ASW,CE,Federal Contract Tower,0,7,32,3,42,0,6,21,0,27,0,13,53,3,69,34,2,36,105
10/03/2020,TXK,AR,ASW,CE,Federal Contract Tower,0,5,13,0,18,0,4,20,0,24,0,9,33,0,42,44,0,44,86
10/04/2020,TXK,AR,ASW,CE,Federal Contract Tower,0,11,22,0,33,0,2,23,0,25,0,13,45,0,58,32,0,32,90
10/05/2020,TXK,AR,ASW,CE,Federal Contract Tower,0,9,18,0,27,0,14,18,0,32,0,23,36,0,59,58,0,58,117
10/06/2020,TXK,AR,ASW,CE,Federal Contract Tower,0,5,21,3,29,0,4,54,3,61,0,9,75,6,90,38,0,38,128
10/07/2020,TXK,AR,ASW,CE,Federal Contract Tower,0,10,30,3,43,0,15,32,0,47,0,25,62,3,90,88,0,88,178
10/08/2020,TXK,AR,ASW,CE,Federal Contract Tower,0,10,16,31,57,0,7,44,15,66,0,17,60,46,123,66,44,110,233
10/09/2020,TXK,AR,ASW,CE,Federal Contract Tower,0,11,3,0,14,0,2,2,0,4,0,13,5,0,18,8,0,8,26
10/10/2020,TXK,AR,ASW,CE,Federal Contract Tower,0,7,8,0,15,0,4,12,0,16,0,11,20,0,31,20,0,20,51
10/11/2020,TXK,AR,ASW,CE,Federal Contract Tower,0,9,31,29,69,0,5,13,2,20,0,14,44,31,89,24,32,56,145
10/12/2020,TXK,AR,ASW,CE,Federal Contract Tower,0,7,18,0,25,0,4,10,2,16,0,11,28,2,41,34,0,34,75
10/13/2020,TXK,AR,ASW,CE,Federal Contract Tower,0,8,24,0,32,0,12,26,0,38,0,20,50,0,70,54,2,56,126
10/14/2020,TXK,AR,ASW,CE,Federal Contract Tower,0,8,23,0,31,0,6,26,0,32,0,14,49,0,63,52,0,52,115
10/15/2020,TXK,AR,ASW,CE,Federal Contract Tower,0,8,21,3,32,0,2,4,2,8,0,10,25,5,40,20,2,22,62
10/16/2020,TXK,AR,ASW,CE,Federal Contract Tower,0,5,27,2,34,0,3,23,0,26,0,8,50,2,60,42,0,42,102
10/17/2020,TXK,AR,ASW,CE,Federal Contract Tower,0,6,15,0,21,0,6,25,0,31,0,12,40,0,52,46,0,46,98
10/18/2020,TXK,AR,ASW,CE,Federal Contract Tower,0,7,20,0,27,0,4,23,0,27,0,11,43,0,54,42,0,42,96
10/19/2020,TXK,AR,ASW,CE,Federal Contract Tower,0,10,15,0,25,0,3,4,0,7,0,13,19,0,32,2,0,2,34
10/20/2020,TXK,AR,ASW,CE,Federal Contract Tower,0,8,17,0,25,0,0,14,2,16,0,8,31,2,41,30,0,30,71
10/21/2020,TXK,AR,ASW,CE,Federal Contract Tower,0,10,15,0,25,0,1,26,2,29,0,11,41,2,54,42,0,42,96
10/22/2020,TXK,AR,ASW,CE,Federal Contract Tower,0,4,27,0,31,0,4,16,0,20,0,8,43,0,51,70,0,70,121
10/23/2020,TXK,AR,ASW,CE,Federal Contract Tower,0,6,11,0,17,0,3,15,0,18,0,9,26,0,35,34,0,34,69
10/24/2020,TXK,AR,ASW,CE,Federal Contract Tower,0,6,2,2,10,0,0,0,4,4,0,6,2,6,14,0,0,0,14
10/25/2020,TXK,AR,ASW,CE,Federal Contract Tower,0,4,5,2,11,0,2,9,10,21,0,6,14,12,32,38,2,40,72
10/26/2020,TXK,AR,ASW,CE,Federal Contract Tower,0,9,17,0,26,0,0,0,0,0,0,9,17,0,26,0,0,0,26
10/27/2020,TXK,AR,ASW,CE,Federal Contract Tower,0,5,14,2,21,0,0,0,0,0,0,5,14,2,21,0,0,0,21
10/28/2020,TXK,AR,ASW,CE,Federal Contract Tower,0,6,1,0,7,0,0,0,0,0,0,6,1,0,7,0,0,0,7
10/29/2020,TXK,AR,ASW,CE,Federal Contract Tower,0,6,22,2,30,0,6,38,1,45,0,12,60,3,75,56,0,56,131
10/30/2020,TXK,AR,ASW,CE,Federal Contract Tower,0,11,23,0,34,0,1,42,0,43,0,12,65,0,77,68,0,68,145
10/31/2020,TXK,AR,ASW,CE,Federal Contract Tower,0,8,15,2,25,0,7,34,0,41,0,15,49,2,66,54,0,54,120
11/01/2020,TXK,AR,ASW,CE,Federal Contract Tower,0,6,17,0,23,0,13,35,0,48,0,19,52,0,71,54,0,54,125
11/02/2020,TXK,AR,ASW,CE,Federal Contract Tower,0,5,19,4,28,0,4,30,0,34,0,9,49,4,62,26,6,32,94
11/03/2020,TXK,AR,ASW,CE,Federal Contract Tower,0,5,24,1,30,0,8,56,4,68,0,13,80,5,98,66,0,66,164
11/04/2020,TXK,AR,ASW,CE,Federal Contract Tower,0,7,24,0,31,0,9,13,8,30,0,16,37,8,61,32,0,32,93
11/05/2020,TXK,AR,ASW,CE,Federal Contract Tower,0,4,17,3,24,0,9,27,2,38,0,13,44,5,62,38,0,38,100
11/06/2020,TXK,AR,ASW,CE,Federal Contract Tower,0,12,25,2,39,0,6,22,9,37,0,18,47,11,76,36,0,36,112
11/07/2020,TXK,AR,ASW,CE,Federal Contract Tower,0,12,16,0,28,0,5,22,4,31,0,17,38,4,59,26,0,26,85
11/08/2020,TXK,AR,ASW,CE,Federal Contract Tower,0,6,25,0,31,0,0,1,0,1,0,6,26,0,32,2,0,2,34
11/09/2020,TXK,AR,ASW,CE,Federal Contract Tower,0,10,16,0,26,0,4,17,0,21,0,14,33,0,47,72,0,72,119
11/10/2020,TXK,AR,ASW,CE,Federal Contract Tower,0,7,15,0,22,0,10,10,0,20,0,17,25,0,42,18,0,18,60
11/11/2020,TXK,AR,ASW,CE,Federal Contract Tower,0,4,17,0,21,0,6,22,0,28,0,10,39,0,49,46,0,46,95
11/12/2020,TXK,AR,ASW,CE,Federal Contract Tower,0,8,16,2,26,0,3,37,4,44,0,11,53,6,70,54,8,62,132
11/13/2020,TXK,AR,ASW,CE,Federal Contract Tower,0,5,12,0,17,0,1,17,0,18,0,6,29,0,35,32,0,32,67
11/14/2020,TXK,AR,ASW,CE,Federal Contract Tower,0,4,5,0,9,0,10,5,0,15,0,14,10,0,24,12,0,12,36
11/15/2020,TXK,AR,ASW,CE,Federal Contract Tower,0,8,20,0,28,0,1,44,4,49,0,9,64,4,77,74,0,74,151
11/16/2020,TXK,AR,ASW,CE,Federal Contract Tower,0,6,16,1,23,0,10,18,2,30,0,16,34,3,53,34,4,38,91
11/17/2020,TXK,AR,ASW,CE,Federal Contract Tower,0,6,21,0,27,0,5,25,0,30,0,11,46,0,57,38,0,38,95
11/18/2020,TXK,AR,ASW,CE,Federal Contract Tower,0,6,15,0,21,0,2,27,2,31,0,8,42,2,52,68,0,68,120
11/19/2020,TXK,AR,ASW,CE,Federal Contract Tower,0,4,22,1,27,0,0,23,3,26,0,4,45,4,53,12,2,14,67
11/20/2020,TXK,AR,ASW,CE,Federal Contract Tower,0,8,15,1,24,0,1,3,0,4,0,9,18,1,28,10,0,10,38
11/21/2020,TXK,AR,ASW,CE,Federal Contract Tower,0,4,13,0,17,0,0,32,0,32,0,4,45,0,49,52,0,52,101
11/22/2020,TXK,AR,ASW,CE,Federal Contract Tower,0,5,13,0,18,0,0,7,0,7,0,5,20,0,25,8,0,8,33
11/23/2020,TXK,AR,ASW,CE,Federal Contract Tower,0,5,13,0,18,0,12,14,2,28,0,17,27,2,46,34,0,34,80
11/24/2020,TXK,AR,ASW,CE,Federal Contract Tower,0,3,14,0,17,0,2,9,0,11,0,5,23,0,28,16,0,16,44
11/25/2020,TXK,AR,ASW,CE,Federal Contract Tower,0,7,21,0,28,0,12,21,0,33,0,19,42,0,61,30,0,30,91
11/26/2020,TXK,AR,ASW,CE,Federal Contract Tower,0,1,6,0,7,0,4,28,0,32,0,5,34,0,39,24,0,24,63
11/27/2020,TXK,AR,ASW,CE,Federal Contract Tower,0,4,7,0,11,0,0,0,0,0,0,4,7,0,11,4,0,4,15
11/28/2020,TXK,AR,ASW,CE,Federal Contract Tower,0,8,14,0,22,0,3,7,0,10,0,11,21,0,32,10,0,10,42
11/29/2020,TXK,AR,ASW,CE,Federal Contract Tower,0,9,10,0,19,0,1,0,0,1,0,10,10,0,20,0,0,0,20
11/30/2020,TXK,AR,ASW,CE,Federal Contract Tower,0,10,17,0,27,0,6,29,0,35,0,16,46,0,62,56,0,56,118
12/01/2020,TXK,AR,ASW,CE,Federal Contract Tower,0,4,25,2,31,0,2,29,3,34,0,6,54,5,65,50,0,50,115
12/02/2020,TXK,AR,ASW,CE,Federal Contract Tower,0,6,5,0,11,0,0,5,0,5,0,6,10,0,16,4,0,4,20
12/03/2020,TXK,AR,ASW,CE,Federal Contract Tower,0,4,19,0,23,0,2,2,0,4,0,6,21,0,27,18,0,18,45
12/04/2020,TXK,AR,ASW,CE,Federal Contract Tower,0,4,20,0,24,0,0,43,0,43,0,4,63,0,67,52,0,52,119
12/05/2020,TXK,AR,ASW,CE,Federal Contract Tower,0,4,29,7,40,0,4,30,2,36,0,8,59,9,76,70,16,86,162
12/06/2020,TXK,AR,ASW,CE,Federal Contract Tower,0,6,22,0,28,0,0,36,0,36,0,6,58,0,64,58,0,58,122
12/07/2020,TXK,AR,ASW,CE,Federal Contract Tower,0,4,13,0,17,0,10,17,0,27,0,14,30,0,44,14,0,14,58
12/08/2020,TXK,AR,ASW,CE,Federal Contract Tower,0,5,27,0,32,0,4,11,0,15,0,9,38,0,47,22,0,22,69
12/09/2020,TXK,AR,ASW,CE,Federal Contract Tower,0,10,26,6,42,0,4,38,0,42,0,14,64,6,84,62,6,68,152
12/10/2020,TXK,AR,ASW,CE,Federal Contract Tower,0,4,30,1,35,0,9,26,0,35,0,13,56,1,70,83,0,83,153
12/11/2020,TXK,AR,ASW,CE,Federal Contract Tower,0,6,6,0,12,0,0,3,0,3,0,6,9,0,15,2,0,2,17
12/12/2020,TXK,AR,ASW,CE,Federal Contract Tower,0,4,18,0,22,0,3,27,0,30,0,7,45,0,52,34,0,34,86
12/13/2020,TXK,AR,ASW,CE,Federal Contract Tower,0,5,4,0,9,0,0,5,0,5,0,5,9,0,14,6,0,6,20
12/14/2020,TXK,AR,ASW,CE,Federal Contract Tower,0,4,12,0,16,0,4,23,0,27,0,8,35,0,43,68,0,68,111
12/15/2020,TXK,AR,ASW,CE,Federal Contract Tower,0,5,12,0,17,0,0,0,0,0,0,5,12,0,17,0,0,0,17
12/16/2020,TXK,AR,ASW,CE,Federal Contract Tower,0,7,11,0,18,0,4,2,0,6,0,11,13,0,24,8,0,8,32
12/17/2020,TXK,AR,ASW,CE,Federal Contract Tower,0,6,29,6,41,0,12,16,0,28,0,18,45,6,69,48,12,60,129
12/18/2020,TXK,AR,ASW,CE,Federal Contract Tower,0,12,20,0,32,0,9,18,4,31,0,21,38,4,63,26,4,30,93
12/19/2020,TXK,AR,ASW,CE,Federal Contract Tower,0,6,13,0,19,0,0,0,0,0,0,6,13,0,19,0,0,0,19
12/20/2020,TXK,AR,ASW,CE,Federal Contract Tower,0,9,9,0,18,0,3,14,0,17,0,12,23,0,35,38,0,38,73
12/21/2020,TXK,AR,ASW,CE,Federal Contract Tower,0,11,23,3,37,0,6,15,2,23,0,17,38,5,60,26,0,26,86
12/22/2020,TXK,AR,ASW,CE,Federal Contract Tower,0,10,20,1,31,0,10,21,0,31,0,20,41,1,62,28,0,28,90
12/23/2020,TXK,AR,ASW,CE,Federal Contract Tower,0,9,18,0,27,0,3,3,0,6,0,12,21,0,33,12,0,12,45
12/24/2020,TXK,AR,ASW,CE,Federal Contract Tower,0,7,8,0,15,0,1,4,0,5,0,8,12,0,20,12,0,12,32
12/25/2020,TXK,AR,ASW,CE,Federal Contract Tower,0,3,7,0,10,0,8,10,0,18,0,11,17,0,28,24,0,24,52
12/26/2020,TXK,AR,ASW,CE,Federal Contract Tower,0,10,16,0,26,0,5,17,0,22,0,15,33,0,48,24,0,24,72
12/27/2020,TXK,AR,ASW,CE,Federal Contract Tower,0,12,15,0,27,0,3,6,0,9,0,15,21,0,36,12,0,12,48
12/28/2020,TXK,AR,ASW,CE,Federal Contract Tower,0,12,17,2,31,0,4,20,3,27,0,16,37,5,58,44,0,44,102
12/29/2020,TXK,AR,ASW,CE,Federal Contract Tower,0,13,20,0,33,0,5,11,0,16,0,18,31,0,49,12,0,12,61
12/30/2020,TXK,AR,ASW,CE,Federal Contract Tower,0,7,7,0,14,0,0,0,0,0,0,7,7,0,14,0,0,0,14
12/31/2020,TXK,AR,ASW,CE,Federal Contract Tower,0,7,5,0,12,0,0,0,0,0,0,7,5,0,12,2,0,2,14
01/01/2021,TXK,AR,ASW,CE,Federal Contract Tower,0,3,2,0,5,0,2,0,0,2,0,5,2,0,7,0,0,0,7
01/02/2021,TXK,AR,ASW,CE,Federal Contract Tower,0,9,12,0,21,0,5,6,0,11,0,14,18,0,32,14,0,14,46
01/03/2021,TXK,AR,ASW,CE,Federal Contract Tower,0,13,24,0,37,0,4,30,0,34,0,17,54,0,71,76,0,76,147
01/04/2021,TXK,AR,ASW,CE,Federal Contract Tower,0,10,25,0,35,0,10,33,0,43,0,20,58,0,78,72,0,72,150
01/05/2021,TXK,AR,ASW,CE,Federal Contract Tower,0,6,17,0,23,0,2,40,0,42,0,8,57,0,65,68,0,68,133
01/06/2021,TXK,AR,ASW,CE,Federal Contract Tower,0,7,4,0,11,0,0,0,0,0,0,7,4,0,11,0,0,0,11
01/07/2021,TXK,AR,ASW,CE,Federal Contract Tower,0,9,16,11,36,0,3,2,0,5,0,12,18,11,41,8,28,36,77
01/08/2021,TXK,AR,ASW,CE,Federal Contract Tower,0,10,17,6,33,0,1,12,7,20,0,11,29,13,53,36,20,56,109
01/09/2021,TXK,AR,ASW,CE,Federal Contract Tower,0,8,13,0,21,0,12,24,8,44,0,20,37,8,65,46,0,46,111
01/10/2021,TXK,AR,ASW,CE,Federal Contract Tower,0,4,9,0,13,0,0,23,0,23,0,4,32,0,36,88,0,88,124
01/11/2021,TXK,AR,ASW,CE,Federal Contract Tower,0,8,11,0,19,0,1,24,0,25,0,9,35,0,44,112,0,112,156
01/12/2021,TXK,AR,ASW,CE,Federal Contract Tower,0,10,29,0,39,0,1,55,0,56,0,11,84,0,95,70,0,70,165
01/13/2021,TXK,AR,ASW,CE,Federal Contract Tower,0,10,28,0,38,0,6,28,0,34,0,16,56,0,72,62,0,62,134
01/14/2021,TXK,AR,ASW,CE,Federal Contract Tower,0,10,30,0,40,0,6,19,0,25,0,16,49,0,65,28,0,28,93
01/15/2021,TXK,AR,ASW,CE,Federal Contract Tower,0,5,13,0,18,0,2,9,0,11,0,7,22,0,29,2,0,2,31
01/16/2021,TXK,AR,ASW,CE,Federal Contract Tower,0,12,28,0,40,0,2,29,2,33,0,14,57,2,73,38,0,38,111
01/17/2021,TXK,AR,ASW,CE,Federal Contract Tower,0,6,12,0,18,0,3,34,0,37,0,9,46,0,55,94,0,94,149
01/18/2021,TXK,AR,ASW,CE,Federal Contract Tower,0,13,20,0,33,0,2,35,8,45,0,15,55,8,78,76,0,76,154
01/19/2021,TXK,AR,ASW,CE,Federal Contract Tower,0,9,12,0,21,0,4,6,0,10,0,13,18,0,31,24,0,24,55
01/20/2021,TXK,AR,ASW,CE,Federal Contract Tower,0,11,8,1,20,0,1,20,0,21,0,12,28,1,41,18,2,20,61
01/21/2021,TXK,AR,ASW,CE,Federal Contract Tower,0,5,19,3,27,0,0,8,0,8,0,5,27,3,35,10,6,16,51
01/22/2021,TXK,AR,ASW,CE,Federal Contract Tower,0,16,10,0,26,0,0,13,0,13,0,16,23,0,39,92,0,92,131
01/23/2021,TXK,AR,ASW,CE,Federal Contract Tower,0,9,5,3,17,0,2,17,1,20,0,11,22,4,37,26,14,40,77
01/24/2021,TXK,AR,ASW,CE,Federal Contract Tower,0,4,0,0,4,0,0,0,0,0,0,4,0,0,4,0,0,0,4
01/25/2021,TXK,AR,ASW,CE,Federal Contract Tower,0,10,9,6,25,0,10,13,0,23,0,20,22,6,48,38,12,50,98
01/26/2021,TXK,AR,ASW,CE,Federal Contract Tower,0,6,46,2,54,0,12,37,3,52,0,18,83,5,106,108,0,108,214
01/27/2021,TXK,AR,ASW,CE,Federal Contract Tower,0,6,17,9,32,0,3,20,4,27,0,9,37,13,59,34,28,62,121
01/28/2021,TXK,AR,ASW,CE,Federal Contract Tower,0,6,14,0,20,0,4,15,2,21,0,10,29,2,41,42,0,42,83
01/29/2021,TXK,AR,ASW,CE,Federal Contract Tower,0,7,27,0,34,0,8,14,0,22,0,15,41,0,56,46,0,46,102
01/30/2021,TXK,AR,ASW,CE,Federal Contract Tower,0,15,8,0,23,0,1,0,0,1,0,16,8,0,24,4,0,4,28
01/31/2021,TXK,AR,ASW,CE,Federal Contract Tower,0,8,10,0,18,0,4,14,0,18,0,12,24,0,36,40,0,40,76
02/01/2021,TXK,AR,ASW,CE,Federal Contract Tower,0,12,14,0,26,0,12,37,0,49,0,24,51,0,75,70,0,70,145
02/02/2021,TXK,AR,ASW,CE,Federal Contract Tower,0,6,15,0,21,0,4,46,0,50,0,10,61,0,71,90,0,90,161
02/03/2021,TXK,AR,ASW,CE,Federal Contract Tower,0,9,25,2,36,0,9,38,5,52,0,18,63,7,88,96,14,110,198
02/04/2021,TXK,AR,ASW,CE,Federal Contract Tower,0,12,8,2,22,0,5,0,2,7,0,17,8,4,29,12,0,12,41
02/05/2021,TXK,AR,ASW,CE,Federal Contract Tower,0,6,18,4,28,0,17,34,0,51,0,23,52,4,79,108,6,114,193
02/06/2021,TXK,AR,ASW,CE,Federal Contract Tower,0,7,2,3,12,0,7,0,0,7,0,14,2,3,19,10,6,16,35
02/07/2021,TXK,AR,ASW,CE,Federal Contract Tower,0,3,8,0,11,0,0,14,0,14,0,3,22,0,25,28,0,28,53
02/08/2021,TXK,AR,ASW,CE,Federal Contract Tower,0,8,11,0,19,0,1,8,0,9,0,9,19,0,28,32,0,32,60
02/09/2021,TXK,AR,ASW,CE,Federal Contract Tower,0,6,2,0,8,0,0,0,0,0,0,6,2,0,8,0,0,0,8
02/10/2021,TXK,AR,ASW,CE,Federal Contract Tower,0,12,6,0,18,0,0,0,0,0,0,12,6,0,18,4,0,4,22
02/11/2021,TXK,AR,ASW,CE,Federal Contract Tower,0,11,8,0,19,0,0,4,0,4,0,11,12,0,23,6,0,6,29
02/12/2021,TXK,AR,ASW,CE,Federal Contract Tower,0,9,4,0,13,0,0,4,0,4,0,9,8,0,17,20,0,20,37
02/13/2021,TXK,AR,ASW,CE,Federal Contract Tower,0,8,8,0,16,0,0,8,0,8,0,8,16,0,24,24,0,24,48
02/14/2021,TXK,AR,ASW,CE,Federal Contract Tower,0,1,3,0,4,0,0,0,0,0,0,1,3,0,4,0,0,0,4
02/15/2021,TXK,AR,ASW,CE,Federal Contract Tower,0,0,0,0,0,0,0,0,0,0,0,0,0,0,0,0,0,0,0
02/16/2021,TXK,AR,ASW,CE,Federal Contract Tower,0,4,2,0,6,0,9,1,0,10,0,13,3,0,16,16,0,16,32
02/17/2021,TXK,AR,ASW,CE,Federal Contract Tower,0,0,0,0,0,0,0,0,0,0,0,0,0,0,0,0,0,0,0
02/18/2021,TXK,AR,ASW,CE,Federal Contract Tower,0,0,0,0,0,0,19,1,0,20,0,19,1,0,20,30,0,30,50
02/19/2021,TXK,AR,ASW,CE,Federal Contract Tower,0,8,11,0,19,0,9,6,0,15,0,17,17,0,34,24,0,24,58
02/20/2021,TXK,AR,ASW,CE,Federal Contract Tower,0,15,20,0,35,0,10,13,0,23,0,25,33,0,58,32,0,32,90
02/21/2021,TXK,AR,ASW,CE,Federal Contract Tower,0,4,4,0,8,0,0,10,0,10,0,4,14,0,18,4,0,4,22
02/22/2021,TXK,AR,ASW,CE,Federal Contract Tower,0,11,14,0,25,0,8,24,0,32,0,19,38,0,57,24,0,24,81
02/23/2021,TXK,AR,ASW,CE,Federal Contract Tower,0,12,20,1,33,0,6,18,3,27,0,18,38,4,60,46,2,48,108
02/24/2021,TXK,AR,ASW,CE,Federal Contract Tower,0,10,16,3,29,0,2,18,2,22,0,12,34,5,51,48,0,48,99
02/25/2021,TXK,AR,ASW,CE,Federal Contract Tower,0,12,14,0,26,0,5,14,0,19,0,17,28,0,45,12,0,12,57
02/26/2021,TXK,AR,ASW,CE,Federal Contract Tower,0,9,3,0,12,0,0,0,0,0,0,9,3,0,12,0,0,0,12
02/27/2021,TXK,AR,ASW,CE,Federal Contract Tower,0,7,6,0,13,0,0,0,0,0,0,7,6,0,13,4,0,4,17
02/28/2021,TXK,AR,ASW,CE,Federal Contract Tower,0,5,6,4,15,0,4,5,0,9,0,9,11,4,24,24,4,28,52
03/01/2021,TXK,AR,ASW,CE,Federal Contract Tower,0,10,11,2,23,0,1,0,0,1,0,11,11,2,24,0,2,2,26
03/02/2021,TXK,AR,ASW,CE,Federal Contract Tower,0,9,6,0,15,0,19,15,0,34,0,28,21,0,49,54,0,54,103
03/03/2021,TXK,AR,ASW,CE,Federal Contract Tower,0,12,27,0,39,0,27,50,0,77,0,39,77,0,116,126,0,126,242
03/04/2021,TXK,AR,ASW,CE,Federal Contract Tower,0,9,18,2,29,0,5,25,0,30,0,14,43,2,59,14,0,14,73
03/05/2021,TXK,AR,ASW,CE,Federal Contract Tower,0,8,21,0,29,0,4,6,0,10,0,12,27,0,39,24,0,24,63
03/06/2021,TXK,AR,ASW,CE,Federal Contract Tower,0,9,31,0,40,0,4,33,0,37,0,13,64,0,77,50,0,50,127
03/07/2021,TXK,AR,ASW,CE,Federal Contract Tower,0,5,26,0,31,0,9,20,0,29,0,14,46,0,60,56,0,56,116
03/08/2021,TXK,AR,ASW,CE,Federal Contract Tower,0,8,16,0,24,0,6,19,0,25,0,14,35,0,49,34,0,34,83
03/09/2021,TXK,AR,ASW,CE,Federal Contract Tower,0,6,8,14,28,0,11,13,5,29,0,17,21,19,57,28,38,66,123
03/10/2021,TXK,AR,ASW,CE,Federal Contract Tower,0,13,18,0,31,0,9,9,0,18,0,22,27,0,49,36,0,36,85
03/11/2021,TXK,AR,ASW,CE,Federal Contract Tower,0,14,9,0,23,0,0,13,4,17,0,14,22,4,40,10,0,10,50
03/12/2021,TXK,AR,ASW,CE,Federal Contract Tower,0,9,20,1,30,0,10,25,0,35,0,19,45,1,65,100,0,100,165
03/13/2021,TXK,AR,ASW,CE,Federal Contract Tower,0,8,11,0,19,0,4,8,0,12,0,12,19,0,31,16,0,16,47
03/14/2021,TXK,AR,ASW,CE,Federal Contract Tower,0,6,3,0,9,0,0,1,0,1,0,6,4,0,10,0,0,0,10
03/15/2021,TXK,AR,ASW,CE,Federal Contract Tower,0,11,12,0,23,0,7,20,0,27,0,18,32,0,50,70,0,70,120
03/16/2021,TXK,AR,ASW,CE,Federal Contract Tower,0,11,19,0,30,0,7,9,0,16,0,18,28,0,46,8,0,8,54
03/17/2021,TXK,AR,ASW,CE,Federal Contract Tower,0,10,5,0,15,0,0,0,0,0,0,10,5,0,15,4,0,4,19
03/18/2021,TXK,AR,ASW,CE,Federal Contract Tower,0,11,22,0,33,0,4,14,2,20,0,15,36,2,53,40,0,40,93
03/19/2021,TXK,AR,ASW,CE,Federal Contract Tower,0,13,15,0,28,0,5,26,0,31,0,18,41,0,59,46,0,46,105
03/20/2021,TXK,AR,ASW,CE,Federal Contract Tower,0,11,21,0,32,0,3,42,0,45,0,14,63,0,77,84,0,84,161
03/21/2021,TXK,AR,ASW,CE,Federal Contract Tower,0,9,20,0,29,0,6,34,0,40,0,15,54,0,69,124,0,124,193
03/22/2021,TXK,AR,ASW,CE,Federal Contract Tower,0,15,24,0,39,0,3,10,0,13,0,18,34,0,52,22,0,22,74
03/23/2021,TXK,AR,ASW,CE,Federal Contract Tower,0,11,29,0,40,0,14,29,0,43,0,25,58,0,83,52,0,52,135
03/24/2021,TXK,AR,ASW,CE,Federal Contract Tower,0,14,7,3,24,0,7,33,8,48,0,21,40,11,72,74,12,86,158
03/25/2021,TXK,AR,ASW,CE,Federal Contract Tower,0,11,19,5,35,0,1,4,7,12,0,12,23,12,47,10,26,36,83
03/26/2021,TXK,AR,ASW,CE,Federal Contract Tower,0,8,49,10,67,0,8,23,0,31,0,16,72,10,98,72,24,96,194
03/27/2021,TXK,AR,ASW,CE,Federal Contract Tower,0,6,15,0,21,0,2,4,0,6,0,8,19,0,27,24,0,24,51
03/28/2021,TXK,AR,ASW,CE,Federal Contract Tower,0,6,9,0,15,0,20,15,0,35,0,26,24,0,50,20,0,20,70
03/29/2021,TXK,AR,ASW,CE,Federal Contract Tower,0,19,21,2,42,0,10,28,2,40,0,29,49,4,82,44,0,44,126
03/30/2021,TXK,AR,ASW,CE,Federal Contract Tower,0,9,16,0,25,0,0,1,0,1,0,9,17,0,26,2,0,2,28
03/31/2021,TXK,AR,ASW,CE,Federal Contract Tower,0,6,7,1,14,0,5,13,0,18,0,11,20,1,32,48,4,52,84
04/01/2021,TXK,AR,ASW,CE,Federal Contract Tower,0,8,17,0,25,0,12,33,0,45,0,20,50,0,70,92,0,92,162
04/02/2021,TXK,AR,ASW,CE,Federal Contract Tower,0,13,25,2,40,0,8,32,0,40,0,21,57,2,80,66,0,66,146
04/03/2021,TXK,AR,ASW,CE,Federal Contract Tower,0,8,22,0,30,0,5,19,0,24,0,13,41,0,54,40,0,40,94
04/04/2021,TXK,AR,ASW,CE,Federal Contract Tower,0,5,13,0,18,0,5,21,0,26,0,10,34,0,44,16,0,16,60
04/05/2021,TXK,AR,ASW,CE,Federal Contract Tower,0,12,17,3,32,0,5,27,3,35,0,17,44,6,67,34,16,50,117
04/06/2021,TXK,AR,ASW,CE,Federal Contract Tower,0,9,14,1,24,0,4,4,0,8,0,13,18,1,32,4,0,4,36
04/07/2021,TXK,AR,ASW,CE,Federal Contract Tower,0,9,13,0,22,0,2,3,0,5,0,11,16,0,27,4,0,4,31
04/08/2021,TXK,AR,ASW,CE,Federal Contract Tower,0,11,29,5,45,0,5,21,1,27,0,16,50,6,72,62,14,76,148
04/09/2021,TXK,AR,ASW,CE,Federal Contract Tower,0,6,8,0,14,0,2,6,0,8,0,8,14,0,22,50,0,50,72
04/10/2021,TXK,AR,ASW,CE,Federal Contract Tower,0,9,14,0,23,0,7,22,2,31,0,16,36,2,54,28,0,28,82
04/11/2021,TXK,AR,ASW,CE,Federal Contract Tower,0,9,27,6,42,0,2,42,0,44,0,11,69,6,86,100,8,108,194
04/12/2021,TXK,AR,ASW,CE,Federal Contract Tower,0,9,16,0,25,0,2,20,0,22,0,11,36,0,47,30,0,30,77
04/13/2021,TXK,AR,ASW,CE,Federal Contract Tower,0,6,19,1,26,0,6,21,1,28,0,12,40,2,54,16,0,16,70
04/14/2021,TXK,AR,ASW,CE,Federal Contract Tower,0,10,3,0,13,0,0,1,0,1,0,10,4,0,14,2,0,2,16
04/15/2021,TXK,AR,ASW,CE,Federal Contract Tower,0,8,20,0,28,0,4,3,0,7,0,12,23,0,35,12,0,12,47
04/16/2021,TXK,AR,ASW,CE,Federal Contract Tower,0,12,9,0,21,0,0,1,0,1,0,12,10,0,22,2,0,2,24
04/17/2021,TXK,AR,ASW,CE,Federal Contract Tower,0,9,6,2,17,0,0,1,1,2,0,9,7,3,19,6,12,18,37
04/18/2021,TXK,AR,ASW,CE,Federal Contract Tower,0,8,29,0,37,0,5,26,0,31,0,13,55,0,68,64,0,64,132
04/19/2021,TXK,AR,ASW,CE,Federal Contract Tower,0,5,30,1,36,0,14,41,1,56,0,19,71,2,92,80,0,80,172
04/20/2021,TXK,AR,ASW,CE,Federal Contract Tower,10,26,5,0,41,0,5,20,2,27,10,31,25,2,68,36,10,46,114
04/21/2021,TXK,AR,ASW,CE,Federal Contract Tower,0,6,26,7,39,0,11,51,5,67,0,17,77,12,106,112,24,136,242
04/22/2021,TXK,AR,ASW,CE,Federal Contract Tower,0,11,28,2,41,0,4,38,6,48,0,15,66,8,89,40,0,40,129
04/23/2021,TXK,AR,ASW,CE,Federal Contract Tower,0,7,3,0,10,0,0,12,0,12,0,7,15,0,22,22,0,22,44
04/24/2021,TXK,AR,ASW,CE,Federal Contract Tower,0,8,26,2,36,0,8,20,1,29,0,16,46,3,65,32,0,32,97
04/25/2021,TXK,AR,ASW,CE,Federal Contract Tower,0,7,26,0,33,0,5,40,0,45,0,12,66,0,78,73,0,73,151
04/26/2021,TXK,AR,ASW,CE,Federal Contract Tower,0,6,24,0,30,0,3,25,0,28,0,9,49,0,58,28,0,28,86
04/27/2021,TXK,AR,ASW,CE,Federal Contract Tower,0,6,14,0,20,0,0,11,0,11,0,6,25,0,31,10,0,10,41
04/28/2021,TXK,AR,ASW,CE,Federal Contract Tower,0,6,6,0,12,0,3,7,0,10,0,9,13,0,22,20,0,20,42
04/29/2021,TXK,AR,ASW,CE,Federal Contract Tower,0,8,15,1,24,0,2,15,1,18,0,10,30,2,42,58,0,58,100
04/30/2021,TXK,AR,ASW,CE,Federal Contract Tower,0,10,12,0,22,0,5,23,3,31,0,15,35,3,53,52,0,52,105
05/01/2021,TXK,AR,ASW,CE,Federal Contract Tower,0,8,18,0,26,0,6,20,0,26,0,14,38,0,52,26,0,26,78
05/02/2021,TXK,AR,ASW,CE,Federal Contract Tower,0,10,5,0,15,0,2,4,0,6,0,12,9,0,21,14,0,14,35
05/03/2021,TXK,AR,ASW,CE,Federal Contract Tower,0,7,17,2,26,0,3,12,0,15,0,10,29,2,41,10,0,10,51
05/04/2021,TXK,AR,ASW,CE,Federal Contract Tower,0,7,7,2,16,0,4,9,0,13,0,11,16,2,29,20,0,20,49
05/05/2021,TXK,AR,ASW,CE,Federal Contract Tower,0,11,25,1,37,0,5,13,0,18,0,16,38,1,55,36,2,38,93
05/06/2021,TXK,AR,ASW,CE,Federal Contract Tower,0,6,18,3,27,0,6,31,0,37,0,12,49,3,64,20,4,24,88
05/07/2021,TXK,AR,ASW,CE,Federal Contract Tower,0,10,24,8,42,0,9,43,3,55,0,19,67,11,97,56,22,78,175
05/08/2021,TXK,AR,ASW,CE,Federal Contract Tower,0,4,10,0,14,0,11,6,0,17,0,15,16,0,31,20,0,20,51
05/09/2021,TXK,AR,ASW,CE,Federal Contract Tower,0,11,11,0,22,0,2,1,2,5,0,13,12,2,27,6,4,10,37
05/10/2021,TXK,AR,ASW,CE,Federal Contract Tower,0,10,5,0,15,0,3,1,0,4,0,13,6,0,19,4,0,4,23
05/11/2021,TXK,AR,ASW,CE,Federal Contract Tower,0,8,5,0,13,0,0,0,0,0,0,8,5,0,13,0,0,0,13
05/12/2021,TXK,AR,ASW,CE,Federal Contract Tower,0,12,14,1,27,0,4,5,0,9,0,16,19,1,36,14,2,16,52
05/13/2021,TXK,AR,ASW,CE,Federal Contract Tower,0,5,31,0,36,0,5,34,0,39,0,10,65,0,75,54,0,54,129
05/14/2021,TXK,AR,ASW,CE,Federal Contract Tower,0,14,19,7,40,0,3,46,1,50,0,17,65,8,90,160,4,164,254
05/15/2021,TXK,AR,ASW,CE,Federal Contract Tower,0,6,15,9,30,0,11,18,5,34,0,17,33,14,64,26,56,82,146
05/16/2021,TXK,AR,ASW,CE,Federal Contract Tower,0,13,17,0,30,0,3,9,0,12,0,16,26,0,42,32,0,32,74
05/17/2021,TXK,AR,ASW,CE,Federal Contract Tower,0,8,4,0,12,0,0,12,0,12,0,8,16,0,24,34,0,34,58
05/18/2021,TXK,AR,ASW,CE,Federal Contract Tower,0,9,5,0,14,0,0,0,0,0,0,9,5,0,14,0,0,0,14
05/19/2021,TXK,AR,ASW,CE,Federal Contract Tower,0,9,12,0,21,0,0,8,0,8,0,9,20,0,29,10,0,10,39
05/20/2021,TXK,AR,ASW,CE,Federal Contract Tower,0,11,23,0,34,0,0,12,0,12,0,11,35,0,46,30,0,30,76
05/21/2021,TXK,AR,ASW,CE,Federal Contract Tower,0,8,17,0,25,0,2,2,0,4,0,10,19,0,29,6,0,6,35
05/22/2021,TXK,AR,ASW,CE,Federal Contract Tower,8,17,2,0,27,0,5,9,0,14,8,22,11,0,41,26,0,26,67
05/23/2021,TXK,AR,ASW,CE,Federal Contract Tower,0,6,24,0,30,0,6,23,0,29,0,12,47,0,59,38,0,38,97
05/24/2021,TXK,AR,ASW,CE,Federal Contract Tower,0,10,16,0,26,0,6,15,0,21,0,16,31,0,47,26,0,26,73
05/25/2021,TXK,AR,ASW,CE,Federal Contract Tower,0,14,10,0,24,0,4,11,0,15,0,18,21,0,39,16,0,16,55
05/26/2021,TXK,AR,ASW,CE,Federal Contract Tower,0,11,35,5,51,0,3,16,4,23,0,14,51,9,74,32,12,44,118
05/27/2021,TXK,AR,ASW,CE,Federal Contract Tower,0,11,27,3,41,0,6,30,0,36,0,17,57,3,77,38,6,44,121
05/28/2021,TXK,AR,ASW,CE,Federal Contract Tower,0,12,17,0,29,0,12,17,0,29,0,24,34,0,58,36,0,36,94
05/29/2021,TXK,AR,ASW,CE,Federal Contract Tower,0,10,10,0,20,0,12,13,0,25,0,22,23,0,45,34,0,34,79
05/30/2021,TXK,AR,ASW,CE,Federal Contract Tower,0,7,22,0,29,0,16,14,0,30,0,23,36,0,59,48,0,48,107
05/31/2021,TXK,AR,ASW,CE,Federal Contract Tower,0,5,15,2,22,0,3,13,3,19,0,8,28,5,41,16,4,20,61
06/01/2021,TXK,AR,ASW,CE,Federal Contract Tower,0,14,6,3,23,0,4,11,0,15,0,18,17,3,38,24,2,26,64
06/02/2021,TXK,AR,ASW,CE,Federal Contract Tower,0,19,17,0,36,0,6,20,0,26,0,25,37,0,62,62,0,62,124
06/03/2021,TXK,AR,ASW,CE,Federal Contract Tower,0,10,31,4,45,0,8,39,2,49,0,18,70,6,94,72,14,86,180
06/04/2021,TXK,AR,ASW,CE,Federal Contract Tower,0,8,14,10,32,0,9,31,0,40,0,17,45,10,72,64,14,78,150
06/05/2021,TXK,AR,ASW,CE,Federal Contract Tower,0,8,3,0,11,0,2,4,0,6,0,10,7,0,17,16,0,16,33
06/06/2021,TXK,AR,ASW,CE,Federal Contract Tower,0,7,10,0,17,0,0,20,3,23,0,7,30,3,40,40,14,54,94
06/07/2021,TXK,AR,ASW,CE,Federal Contract Tower,0,9,8,0,17,0,0,9,0,9,0,9,17,0,26,30,0,30,56
06/08/2021,TXK,AR,ASW,CE,Federal Contract Tower,0,9,14,2,25,0,9,15,2,26,0,18,29,4,51,60,28,88,139
06/09/2021,TXK,AR,ASW,CE,Federal Contract Tower,0,12,32,13,57,0,12,26,3,41,0,24,58,16,98,96,34,130,228
06/10/2021,TXK,AR,ASW,CE,Federal Contract Tower,0,9,28,2,39,0,1,33,4,38,0,10,61,6,77,64,0,64,141
06/11/2021,TXK,AR,ASW,CE,Federal Contract Tower,0,7,20,2,29,0,13,24,0,37,0,20,44,2,66,74,4,78,144
06/12/2021,TXK,AR,ASW,CE,Federal Contract Tower,0,7,13,3,23,0,7,33,0,40,0,14,46,3,63,48,6,54,117
06/13/2021,TXK,AR,ASW,CE,Federal Contract Tower,0,6,19,0,25,0,16,14,0,30,0,22,33,0,55,14,0,14,69
06/14/2021,TXK,AR,ASW,CE,Federal Contract Tower,0,7,25,2,34,0,2,22,0,24,0,9,47,2,58,74,2,76,134
06/15/2021,TXK,AR,ASW,CE,Federal Contract Tower,0,11,16,0,27,0,3,30,0,33,0,14,46,0,60,36,0,36,96
06/16/2021,TXK,AR,ASW,CE,Federal Contract Tower,0,5,18,0,23,0,3,26,0,29,0,8,44,0,52,32,0,32,84
06/17/2021,TXK,AR,ASW,CE,Federal Contract Tower,0,5,11,0,16,0,6,30,0,36,0,11,41,0,52,62,0,62,114
06/18/2021,TXK,AR,ASW,CE,Federal Contract Tower,0,10,30,3,43,0,6,37,2,45,0,16,67,5,88,86,10,96,184
06/19/2021,TXK,AR,ASW,CE,Federal Contract Tower,0,8,10,0,18,0,0,17,0,17,0,8,27,0,35,26,0,26,61
06/20/2021,TXK,AR,ASW,CE,Federal Contract Tower,0,7,13,4,24,0,10,11,4,25,0,17,24,8,49,30,0,30,79
06/21/2021,TXK,AR,ASW,CE,Federal Contract Tower,0,9,9,3,21,0,0,3,0,3,0,9,12,3,24,12,2,14,38
06/22/2021,TXK,AR,ASW,CE,Federal Contract Tower,0,14,22,4,40,0,9,28,1,38,0,23,50,5,78,36,10,46,124
06/23/2021,TXK,AR,ASW,CE,Federal Contract Tower,0,11,18,0,29,0,10,27,4,41,0,21,45,4,70,68,4,72,142
06/24/2021,TXK,AR,ASW,CE,Federal Contract Tower,0,11,24,2,37,0,7,27,0,34,0,18,51,2,71,90,0,90,161
06/25/2021,TXK,AR,ASW,CE,Federal Contract Tower,0,5,20,0,25,0,3,20,0,23,0,8,40,0,48,38,0,38,86
06/26/2021,TXK,AR,ASW,CE,Federal Contract Tower,0,9,10,13,32,0,2,5,6,13,0,11,15,19,45,0,50,50,95
06/27/2021,TXK,AR,ASW,CE,Federal Contract Tower,0,6,20,0,26,0,3,11,0,14,0,9,31,0,40,22,0,22,62
06/28/2021,TXK,AR,ASW,CE,Federal Contract Tower,0,10,19,3,32,0,7,11,0,18,0,17,30,3,50,32,8,40,90
06/29/2021,TXK,AR,ASW,CE,Federal Contract Tower,0,5,16,3,24,0,7,22,0,29,0,12,38,3,53,16,4,20,73
06/30/2021,TXK,AR,ASW,CE,Federal Contract Tower,0,12,19,3,34,0,5,30,0,35,0,17,49,3,69,64,4,68,137
07/01/2021,TXK,AR,ASW,CE,Federal Contract Tower,0,6,26,3,35,0,9,22,11,42,0,15,48,14,77,50,34,84,161
07/02/2021,TXK,AR,ASW,CE,Federal Contract Tower,0,10,8,0,18,0,0,15,0,15,0,10,23,0,33,18,0,18,51
07/03/2021,TXK,AR,ASW,CE,Federal Contract Tower,0,5,14,0,19,0,5,21,0,26,0,10,35,0,45,39,0,39,84
07/04/2021,TXK,AR,ASW,CE,Federal Contract Tower,0,3,4,0,7,0,10,7,0,17,0,13,11,0,24,16,0,16,40
07/05/2021,TXK,AR,ASW,CE,Federal Contract Tower,0,9,13,0,22,0,9,20,0,29,0,18,33,0,51,24,0,24,75
07/06/2021,TXK,AR,ASW,CE,Federal Contract Tower,0,8,16,3,27,0,5,18,0,23,0,13,34,3,50,42,4,46,96
07/07/2021,TXK,AR,ASW,CE,Federal Contract Tower,0,9,17,3,29,0,10,15,0,25,0,19,32,3,54,36,2,38,92
07/08/2021,TXK,AR,ASW,CE,Federal Contract Tower,0,9,25,2,36,0,9,13,6,28,0,18,38,8,64,18,4,22,86
07/09/2021,TXK,AR,ASW,CE,Federal Contract Tower,0,9,8,0,17,0,4,17,0,21,0,13,25,0,38,40,0,40,78
07/10/2021,TXK,AR,ASW,CE,Federal Contract Tower,0,6,27,14,47,0,7,23,6,36,0,13,50,20,83,56,36,92,175
07/11/2021,TXK,AR,ASW,CE,Federal Contract Tower,0,7,17,0,24,0,6,7,0,13,0,13,24,0,37,24,0,24,61
07/12/2021,TXK,AR,ASW,CE,Federal Contract Tower,0,10,18,5,33,0,3,15,2,20,0,13,33,7,53,54,10,64,117
07/13/2021,TXK,AR,ASW,CE,Federal Contract Tower,0,11,22,0,33,0,6,28,0,34,0,17,50,0,67,60,0,60,127
07/14/2021,TXK,AR,ASW,CE,Federal Contract Tower,0,12,29,2,43,0,10,67,3,80,0,22,96,5,123,114,2,116,239
07/15/2021,TXK,AR,ASW,CE,Federal Contract Tower,0,9,13,0,22,0,16,42,0,58,0,25,55,0,80,54,0,54,134
07/16/2021,TXK,AR,ASW,CE,Federal Contract Tower,0,9,18,3,30,0,4,34,13,51,0,13,52,16,81,38,28,66,147
07/17/2021,TXK,AR,ASW,CE,Federal Contract Tower,0,5,15,0,20,0,6,31,0,37,0,11,46,0,57,34,0,34,91
07/18/2021,TXK,AR,ASW,CE,Federal Contract Tower,0,11,25,0,36,0,2,22,0,24,0,13,47,0,60,20,0,20,80
07/19/2021,TXK,AR,ASW,CE,Federal Contract Tower,0,12,21,3,36,0,0,13,0,13,0,12,34,3,49,36,6,42,91
07/20/2021,TXK,AR,ASW,CE,Federal Contract Tower,0,13,16,3,32,0,5,25,0,30,0,18,41,3,62,60,0,60,122
07/21/2021,TXK,AR,ASW,CE,Federal Contract Tower,0,16,27,1,44,0,3,29,2,34,0,19,56,3,78,52,0,52,130
07/22/2021,TXK,AR,ASW,CE,Federal Contract Tower,0,17,32,0,49,0,7,29,1,37,0,24,61,1,86,18,0,18,104
07/23/2021,TXK,AR,ASW,CE,Federal Contract Tower,0,12,28,13,53,0,6,19,1,26,0,18,47,14,79,28,24,52,131
07/24/2021,TXK,AR,ASW,CE,Federal Contract Tower,0,10,7,9,26,0,5,17,1,23,0,15,24,10,49,18,6,24,73
07/25/2021,TXK,AR,ASW,CE,Federal Contract Tower,0,5,19,8,32,0,0,12,0,12,0,5,31,8,44,10,8,18,62
07/26/2021,TXK,AR,ASW,CE,Federal Contract Tower,0,9,13,0,22,0,5,24,0,29,0,14,37,0,51,30,0,30,81
07/27/2021,TXK,AR,ASW,CE,Federal Contract Tower,0,6,13,2,21,0,6,1,0,7,0,12,14,2,28,6,0,6,34
07/28/2021,TXK,AR,ASW,CE,Federal Contract Tower,0,10,34,2,46,0,13,26,0,39,0,23,60,2,85,70,0,70,155
07/29/2021,TXK,AR,ASW,CE,Federal Contract Tower,0,7,18,8,33,0,4,26,0,30,0,11,44,8,63,52,14,66,129
07/30/2021,TXK,AR,ASW,CE,Federal Contract Tower,0,12,25,0,37,0,8,19,0,27,0,20,44,0,64,50,0,50,114
07/31/2021,TXK,AR,ASW,CE,Federal Contract Tower,0,10,9,0,19,0,10,30,0,40,0,20,39,0,59,24,0,24,83
08/01/2021,TXK,AR,ASW,CE,Federal Contract Tower,0,11,14,14,39,0,2,7,0,9,0,13,21,14,48,4,12,16,64
08/02/2021,TXK,AR,ASW,CE,Federal Contract Tower,0,9,12,0,21,0,5,5,0,10,0,14,17,0,31,12,0,12,43
08/03/2021,TXK,AR,ASW,CE,Federal Contract Tower,0,11,17,0,28,0,16,33,0,49,0,27,50,0,77,74,0,74,151
08/04/2021,TXK,AR,ASW,CE,Federal Contract Tower,0,14,18,3,35,0,2,22,0,24,0,16,40,3,59,64,4,68,127
08/05/2021,TXK,AR,ASW,CE,Federal Contract Tower,0,6,22,2,30,0,5,20,0,25,0,11,42,2,55,20,0,20,75
08/06/2021,TXK,AR,ASW,CE,Federal Contract Tower,0,14,19,3,36,0,9,28,0,37,0,23,47,3,73,92,0,92,165
08/07/2021,TXK,AR,ASW,CE,Federal Contract Tower,0,6,12,0,18,0,7,12,0,19,0,13,24,0,37,14,0,14,51
08/08/2021,TXK,AR,ASW,CE,Federal Contract Tower,0,7,9,0,16,0,14,10,0,24,0,21,19,0,40,14,0,14,54
08/09/2021,TXK,AR,ASW,CE,Federal Contract Tower,0,6,14,2,22,0,2,7,0,9,0,8,21,2,31,20,0,20,51
08/10/2021,TXK,AR,ASW,CE,Federal Contract Tower,0,10,18,3,31,0,8,24,0,32,0,18,42,3,63,50,8,58,121
08/11/2021,TXK,AR,ASW,CE,Federal Contract Tower,0,11,25,4,40,0,6,20,1,27,0,17,45,5,67,32,8,40,107
08/12/2021,TXK,AR,ASW,CE,Federal Contract Tower,0,5,21,0,26,0,19,39,5,63,0,24,60,5,89,118,8,126,215
08/13/2021,TXK,AR,ASW,CE,Federal Contract Tower,0,7,19,11,37,0,10,20,0,30,0,17,39,11,67,36,18,54,121
08/14/2021,TXK,AR,ASW,CE,Federal Contract Tower,0,8,10,0,18,0,0,3,0,3,0,8,13,0,21,6,0,6,27
08/15/2021,TXK,AR,ASW,CE,Federal Contract Tower,0,7,10,0,17,0,2,7,0,9,0,9,17,0,26,20,0,20,46
08/16/2021,TXK,AR,ASW,CE,Federal Contract Tower,0,7,16,0,23,0,7,25,0,32,0,14,41,0,55,104,0,104,159
08/17/2021,TXK,AR,ASW,CE,Federal Contract Tower,0,6,20,6,32,0,0,23,0,23,0,6,43,6,55,94,14,108,163
08/18/2021,TXK,AR,ASW,CE,Federal Contract Tower,0,5,10,0,15,0,2,6,0,8,0,7,16,0,23,26,0,26,49
08/19/2021,TXK,AR,ASW,CE,Federal Contract Tower,0,14,11,0,25,0,0,2,0,2,0,14,13,0,27,8,0,8,35
08/20/2021,TXK,AR,ASW,CE,Federal Contract Tower,0,10,20,0,30,0,8,35,0,43,0,18,55,0,73,92,0,92,165
08/21/2021,TXK,AR,ASW,CE,Federal Contract Tower,0,5,8,7,20,0,10,34,2,46,0,15,42,9,66,56,14,70,136
08/22/2021,TXK,AR,ASW,CE,Federal Contract Tower,0,7,17,8,32,0,8,56,0,64,0,15,73,8,96,100,16,116,212
08/23/2021,TXK,AR,ASW,CE,Federal Contract Tower,0,10,18,7,35,0,5,34,2,41,0,15,52,9,76,108,20,128,204
08/24/2021,TXK,AR,ASW,CE,Federal Contract Tower,0,7,17,0,24,0,1,33,0,34,0,8,50,0,58,96,0,96,154
08/25/2021,TXK,AR,ASW,CE,Federal Contract Tower,0,9,22,0,31,0,5,35,1,41,0,14,57,1,72,36,0,36,108
08/26/2021,TXK,AR,ASW,CE,Federal Contract Tower,0,13,15,4,32,0,1,34,1,36,0,14,49,5,68,72,4,76,144
08/27/2021,TXK,AR,ASW,CE,Federal Contract Tower,0,7,12,1,20,0,6,24,2,32,0,13,36,3,52,52,0,52,104
08/28/2021,TXK,AR,ASW,CE,Federal Contract Tower,0,8,7,0,15,0,2,5,0,7,0,10,12,0,22,30,0,30,52
08/29/2021,TXK,AR,ASW,CE,Federal Contract Tower,0,12,20,6,38,0,10,12,0,22,0,22,32,6,60,28,12,40,100
08/30/2021,TXK,AR,ASW,CE,Federal Contract Tower,0,10,14,2,26,0,11,13,0,24,0,21,27,2,50,60,0,60,110
08/31/2021,TXK,AR,ASW,CE,Federal Contract Tower,0,13,15,8,36,0,6,23,3,32,0,19,38,11,68,86,12,98,166
09/01/2021,TXK,AR,ASW,CE,Federal Contract Tower,0,9,10,7,26,0,6,22,4,32,0,15,32,11,58,82,4,86,144
09/02/2021,TXK,AR,ASW,CE,Federal Contract Tower,0,8,18,6,32,0,6,21,0,27,0,14,39,6,59,32,4,36,95
09/03/2021,TXK,AR,ASW,CE,Federal Contract Tower,0,5,12,0,17,0,6,12,0,18,0,11,24,0,35,84,0,84,119
09/04/2021,TXK,AR,ASW,CE,Federal Contract Tower,0,8,6,0,14,0,5,13,0,18,0,13,19,0,32,26,0,26,58
09/05/2021,TXK,AR,ASW,CE,Federal Contract Tower,0,10,5,0,15,0,0,19,0,19,0,10,24,0,34,46,0,46,80
09/06/2021,TXK,AR,ASW,CE,Federal Contract Tower,0,9,26,0,35,0,7,15,0,22,0,16,41,0,57,52,0,52,109
09/07/2021,TXK,AR,ASW,CE,Federal Contract Tower,0,5,18,0,23,0,13,33,0,46,0,18,51,0,69,66,0,66,135
09/08/2021,TXK,AR,ASW,CE,Federal Contract Tower,0,10,16,4,30,0,13,11,0,24,0,23,27,4,54,44,4,48,102
09/09/2021,TXK,AR,ASW,CE,Federal Contract Tower,0,10,22,0,32,0,3,33,0,36,0,13,55,0,68,68,0,68,136
09/10/2021,TXK,AR,ASW,CE,Federal Contract Tower,0,8,26,0,34,0,9,21,0,30,0,17,47,0,64,28,0,28,92
09/11/2021,TXK,AR,ASW,CE,Federal Contract Tower,0,6,17,0,23,0,4,18,0,22,0,10,35,0,45,16,0,16,61
09/12/2021,TXK,AR,ASW,CE,Federal Contract Tower,0,7,32,0,39,0,9,14,0,23,0,16,46,0,62,34,0,34,96
09/13/2021,TXK,AR,ASW,CE,Federal Contract Tower,0,12,20,3,35,0,6,5,0,11,0,18,25,3,46,16,4,20,66
09/14/2021,TXK,AR,ASW,CE,Federal Contract Tower,0,10,16,0,26,0,8,27,0,35,0,18,43,0,61,60,0,60,121
09/15/2021,TXK,AR,ASW,CE,Federal Contract Tower,0,8,27,0,35,0,2,20,0,22,0,10,47,0,57,32,0,32,89
09/16/2021,TXK,AR,ASW,CE,Federal Contract Tower,0,10,11,6,27,0,5,22,0,27,0,15,33,6,54,50,8,58,112
09/17/2021,TXK,AR,ASW,CE,Federal Contract Tower,0,6,13,0,19,0,3,8,0,11,0,9,21,0,30,22,0,22,52
09/18/2021,TXK,AR,ASW,CE,Federal Contract Tower,0,5,8,0,13,0,1,3,0,4,0,6,11,0,17,10,0,10,27
09/19/2021,TXK,AR,ASW,CE,Federal Contract Tower,0,7,13,0,20,0,5,10,0,15,0,12,23,0,35,30,0,30,65
09/20/2021,TXK,AR,ASW,CE,Federal Contract Tower,0,6,10,1,17,0,0,16,0,16,0,6,26,1,33,12,2,14,47
09/21/2021,TXK,AR,ASW,CE,Federal Contract Tower,0,13,22,0,35,0,10,17,0,27,0,23,39,0,62,44,0,44,106
09/22/2021,TXK,AR,ASW,CE,Federal Contract Tower,0,7,42,0,49,0,13,27,0,40,0,20,69,0,89,40,0,40,129
09/23/2021,TXK,AR,ASW,CE,Federal Contract Tower,0,7,15,6,28,0,17,37,0,54,0,24,52,6,82,74,6,80,162
09/24/2021,TXK,AR,ASW,CE,Federal Contract Tower,0,10,15,1,26,0,9,28,0,37,0,19,43,1,63,40,0,40,103
09/25/2021,TXK,AR,ASW,CE,Federal Contract Tower,0,7,20,0,27,0,2,17,0,19,0,9,37,0,46,78,0,78,124
09/26/2021,TXK,AR,ASW,CE,Federal Contract Tower,0,8,11,0,19,0,6,28,3,37,0,14,39,3,56,46,8,54,110
09/27/2021,TXK,AR,ASW,CE,Federal Contract Tower,0,9,21,2,32,0,8,12,0,20,0,17,33,2,52,20,2,22,74
09/28/2021,TXK,AR,ASW,CE,Federal Contract Tower,0,10,21,0,31,0,0,16,0,16,0,10,37,0,47,22,0,22,69
09/29/2021,TXK,AR,ASW,CE,Federal Contract Tower,0,14,17,0,31,0,8,10,0,18,0,22,27,0,49,22,0,22,71
09/30/2021,TXK,AR,ASW,CE,Federal Contract Tower,0,10,14,1,25,0,2,6,1,9,0,12,20,2,34,22,4,26,60
10/01/2021,TXK,AR,ASW,CE,Federal Contract Tower,0,9,12,2,23,0,1,5,0,6,0,10,17,2,29,18,0,18,47
10/02/2021,TXK,AR,ASW,CE,Federal Contract Tower,0,6,12,3,21,0,2,0,0,2,0,8,12,3,23,8,0,8,31
10/03/2021,TXK,AR,ASW,CE,Federal Contract Tower,0,10,29,4,43,0,10,11,0,21,0,20,40,4,64,36,0,36,100
10/04/2021,TXK,AR,ASW,CE,Federal Contract Tower,0,7,24,4,35,0,7,19,0,26,0,14,43,4,61,46,0,46,107
10/05/2021,TXK,AR,ASW,CE,Federal Contract Tower,0,8,32,0,40,0,8,18,0,26,0,16,50,0,66,24,0,24,90
10/06/2021,TXK,AR,ASW,CE,Federal Contract Tower,0,7,26,1,34,0,9,20,4,33,0,16,46,5,67,54,2,56,123
10/07/2021,TXK,AR,ASW,CE,Federal Contract Tower,0,8,13,0,21,0,11,16,0,27,0,19,29,0,48,52,0,52,100
10/08/2021,TXK,AR,ASW,CE,Federal Contract Tower,0,6,27,4,37,0,5,14,0,19,0,11,41,4,56,49,8,57,113
10/09/2021,TXK,AR,ASW,CE,Federal Contract Tower,0,6,20,0,26,0,3,11,0,14,0,9,31,0,40,22,0,22,62
10/10/2021,TXK,AR,ASW,CE,Federal Contract Tower,0,6,7,0,13,0,3,9,0,12,0,9,16,0,25,6,0,6,31
10/11/2021,TXK,AR,ASW,CE,Federal Contract Tower,0,8,10,0,18,0,8,11,0,19,0,16,21,0,37,58,0,58,95
10/12/2021,TXK,AR,ASW,CE,Federal Contract Tower,0,5,22,0,27,0,5,11,0,16,0,10,33,0,43,18,0,18,61
10/13/2021,TXK,AR,ASW,CE,Federal Contract Tower,0,5,10,4,19,0,1,25,0,26,0,6,35,4,45,40,0,40,85
10/14/2021,TXK,AR,ASW,CE,Federal Contract Tower,0,11,22,0,33,0,4,14,0,18,0,15,36,0,51,48,0,48,99
10/15/2021,TXK,AR,ASW,CE,Federal Contract Tower,0,17,31,9,57,0,7,12,0,19,0,24,43,9,76,20,6,26,102
10/16/2021,TXK,AR,ASW,CE,Federal Contract Tower,0,6,24,0,30,0,3,22,4,29,0,9,46,4,59,28,0,28,87
10/17/2021,TXK,AR,ASW,CE,Federal Contract Tower,0,8,35,8,51,0,3,20,0,23,0,11,55,8,74,62,8,70,144
10/18/2021,TXK,AR,ASW,CE,Federal Contract Tower,0,6,14,0,20,0,11,30,0,41,0,17,44,0,61,76,0,76,137
10/19/2021,TXK,AR,ASW,CE,Federal Contract Tower,0,10,37,4,51,0,8,38,1,47,0,18,75,5,98,100,0,100,198
10/20/2021,TXK,AR,ASW,CE,Federal Contract Tower,0,8,29,4,41,0,4,32,2,38,0,12,61,6,79,98,0,98,177
10/21/2021,TXK,AR,ASW,CE,Federal Contract Tower,0,9,18,0,27,0,4,32,0,36,0,13,50,0,63,76,0,76,139
10/22/2021,TXK,AR,ASW,CE,Federal Contract Tower,0,5,24,2,31,0,10,18,0,28,0,15,42,2,59,66,2,68,127
10/23/2021,TXK,AR,ASW,CE,Federal Contract Tower,0,5,16,8,29,0,5,14,1,20,0,10,30,9,49,38,10,48,97
10/24/2021,TXK,AR,ASW,CE,Federal Contract Tower,0,10,23,2,35,0,5,17,2,24,0,15,40,4,59,20,4,24,83
10/25/2021,TXK,AR,ASW,CE,Federal Contract Tower,0,10,31,4,45,0,4,25,4,33,0,14,56,8,78,72,16,88,166
10/26/2021,TXK,AR,ASW,CE,Federal Contract Tower,0,5,25,0,30,0,5,21,0,26,0,10,46,0,56,20,0,20,76
10/27/2021,TXK,AR,ASW,CE,Federal Contract Tower,0,7,9,0,16,0,0,1,0,1,0,7,10,0,17,0,0,0,17
10/28/2021,TXK,AR,ASW,CE,Federal Contract Tower,0,4,13,0,17,0,4,4,2,10,0,8,17,2,27,14,0,14,41
10/29/2021,TXK,AR,ASW,CE,Federal Contract Tower,0,11,15,0,26,0,3,8,0,11,0,14,23,0,37,20,0,20,57
10/30/2021,TXK,AR,ASW,CE,Federal Contract Tower,0,9,17,0,26,0,9,23,0,32,0,18,40,0,58,48,0,48,106
10/31/2021,TXK,AR,ASW,CE,Federal Contract Tower,0,7,22,0,29,0,5,19,0,24,0,12,41,0,53,36,0,36,89
11/01/2021,TXK,AR,ASW,CE,Federal Contract Tower,0,8,17,0,25,0,6,19,0,25,0,14,36,0,50,66,0,66,116
11/02/2021,TXK,AR,ASW,CE,Federal Contract Tower,0,10,20,2,32,0,3,5,0,8,0,13,25,2,40,6,0,6,46
11/03/2021,TXK,AR,ASW,CE,Federal Contract Tower,0,16,11,0,27,0,0,0,0,0,0,16,11,0,27,0,0,0,27
11/04/2021,TXK,AR,ASW,CE,Federal Contract Tower,0,10,22,4,36,0,12,15,3,30,0,22,37,7,66,32,4,36,102
11/05/2021,TXK,AR,ASW,CE,Federal Contract Tower,0,8,27,6,41,0,2,33,0,35,0,10,60,6,76,18,10,28,104
11/06/2021,TXK,AR,ASW,CE,Federal Contract Tower,0,12,31,3,46,0,11,13,0,24,0,23,44,3,70,36,6,42,112
11/07/2021,TXK,AR,ASW,CE,Federal Contract Tower,0,9,20,6,35,0,15,12,3,30,0,24,32,9,65,48,8,56,121
11/08/2021,TXK,AR,ASW,CE,Federal Contract Tower,0,5,23,2,30,0,3,17,0,20,0,8,40,2,50,16,4,20,70
11/09/2021,TXK,AR,ASW,CE,Federal Contract Tower,0,5,21,2,28,0,2,24,0,26,0,7,45,2,54,14,0,14,68
11/10/2021,TXK,AR,ASW,CE,Federal Contract Tower,0,6,13,0,19,0,3,15,0,18,0,9,28,0,37,28,0,28,65
11/11/2021,TXK,AR,ASW,CE,Federal Contract Tower,0,6,33,0,39,0,4,23,0,27,0,10,56,0,66,48,0,48,114
11/12/2021,TXK,AR,ASW,CE,Federal Contract Tower,0,8,30,1,39,0,13,32,0,45,0,21,62,1,84,66,2,68,152
11/13/2021,TXK,AR,ASW,CE,Federal Contract Tower,0,6,17,0,23,0,13,14,2,29,0,19,31,2,52,38,0,38,90
11/14/2021,TXK,AR,ASW,CE,Federal Contract Tower,0,5,17,0,22,0,28,26,0,54,0,33,43,0,76,66,0,66,142
11/15/2021,TXK,AR,ASW,CE,Federal Contract Tower,0,12,20,4,36,0,6,18,0,24,0,18,38,4,60,24,4,28,88
11/16/2021,TXK,AR,ASW,CE,Federal Contract Tower,0,8,23,7,38,0,2,11,1,14,0,10,34,8,52,2,2,4,56
11/17/2021,TXK,AR,ASW,CE,Federal Contract Tower,0,6,22,2,30,0,2,4,4,10,0,8,26,6,40,2,6,8,48
11/18/2021,TXK,AR,ASW,CE,Federal Contract Tower,0,9,26,4,39,0,9,14,4,27,0,18,40,8,66,46,36,82,148
11/19/2021,TXK,AR,ASW,CE,Federal Contract Tower,0,10,24,2,36,0,16,29,1,46,0,26,53,3,82,54,4,58,140
11/20/2021,TXK,AR,ASW,CE,Federal Contract Tower,0,10,15,0,25,0,0,18,0,18,0,10,33,0,43,28,0,28,71
11/21/2021,TXK,AR,ASW,CE,Federal Contract Tower,0,11,21,0,32,0,0,2,0,2,0,11,23,0,34,6,0,6,40
11/22/2021,TXK,AR,ASW,CE,Federal Contract Tower,0,12,34,0,46,0,6,16,0,22,0,18,50,0,68,42,0,42,110
11/23/2021,TXK,AR,ASW,CE,Federal Contract Tower,0,15,18,0,33,0,4,18,0,22,0,19,36,0,55,22,0,22,77
11/24/2021,TXK,AR,ASW,CE,Federal Contract Tower,0,12,17,2,31,0,3,9,1,13,0,15,26,3,44,28,0,28,72
11/25/2021,TXK,AR,ASW,CE,Federal Contract Tower,0,4,11,0,15,0,2,1,0,3,0,6,12,0,18,8,0,8,26
11/26/2021,TXK,AR,ASW,CE,Federal Contract Tower,0,2,12,0,14,0,4,14,0,18,0,6,26,0,32,44,0,44,76
11/27/2021,TXK,AR,ASW,CE,Federal Contract Tower,0,9,9,0,18,0,6,10,0,16,0,15,19,0,34,18,0,18,52
11/28/2021,TXK,AR,ASW,CE,Federal Contract Tower,0,12,25,0,37,0,4,15,0,19,0,16,40,0,56,22,0,22,78
11/29/2021,TXK,AR,ASW,CE,Federal Contract Tower,0,8,17,0,25,0,8,8,0,16,0,16,25,0,41,34,0,34,75
11/30/2021,TXK,AR,ASW,CE,Federal Contract Tower,0,12,26,5,43,0,5,25,1,31,0,17,51,6,74,64,4,68,142
12/01/2021,TXK,AR,ASW,CE,Federal Contract Tower,0,9,20,1,30,0,8,17,0,25,0,17,37,1,55,22,0,22,77
12/02/2021,TXK,AR,ASW,CE,Federal Contract Tower,0,8,27,2,37,0,10,12,0,22,0,18,39,2,59,30,0,30,89
12/03/2021,TXK,AR,ASW,CE,Federal Contract Tower,0,18,7,3,28,0,2,5,0,7,0,20,12,3,35,6,4,10,45
12/04/2021,TXK,AR,ASW,CE,Federal Contract Tower,0,14,10,0,24,0,7,15,0,22,0,21,25,0,46,38,0,38,84
12/05/2021,TXK,AR,ASW,CE,Federal Contract Tower,0,9,12,0,21,0,0,6,0,6,0,9,18,0,27,22,0,22,49
12/06/2021,TXK,AR,ASW,CE,Federal Contract Tower,0,9,21,0,30,0,4,11,0,15,0,13,32,0,45,36,0,36,81
12/07/2021,TXK,AR,ASW,CE,Federal Contract Tower,0,18,31,2,51,0,8,2,4,14,0,26,33,6,65,28,0,28,93
12/08/2021,TXK,AR,ASW,CE,Federal Contract Tower,0,11,20,4,35,0,6,19,0,25,0,17,39,4,60,30,0,30,90
12/09/2021,TXK,AR,ASW,CE,Federal Contract Tower,0,7,15,0,22,0,2,0,0,2,0,9,15,0,24,0,0,0,24
12/10/2021,TXK,AR,ASW,CE,Federal Contract Tower,0,15,14,4,33,0,8,5,2,15,0,23,19,6,48,14,0,14,62
12/11/2021,TXK,AR,ASW,CE,Federal Contract Tower,0,7,14,1,22,0,1,5,1,7,0,8,19,2,29,14,0,14,43
12/12/2021,TXK,AR,ASW,CE,Federal Contract Tower,0,9,22,5,36,0,4,24,0,28,0,13,46,5,64,30,4,34,98
12/13/2021,TXK,AR,ASW,CE,Federal Contract Tower,0,7,25,0,32,0,4,36,0,40,0,11,61,0,72,86,0,86,158
12/14/2021,TXK,AR,ASW,CE,Federal Contract Tower,0,11,14,0,25,0,3,2,0,5,0,14,16,0,30,10,0,10,40
12/15/2021,TXK,AR,ASW,CE,Federal Contract Tower,0,5,20,0,25,0,7,4,0,11,0,12,24,0,36,4,0,4,40
12/16/2021,TXK,AR,ASW,CE,Federal Contract Tower,0,16,20,0,36,0,3,7,0,10,0,19,27,0,46,16,0,16,62
12/17/2021,TXK,AR,ASW,CE,Federal Contract Tower,4,11,10,0,25,0,8,5,0,13,4,19,15,0,38,24,0,24,62
12/18/2021,TXK,AR,ASW,CE,Federal Contract Tower,0,12,5,0,17,0,2,1,0,3,0,14,6,0,20,8,0,8,28
12/19/2021,TXK,AR,ASW,CE,Federal Contract Tower,0,11,13,0,24,0,1,16,0,17,0,12,29,0,41,14,0,14,55
12/20/2021,TXK,AR,ASW,CE,Federal Contract Tower,0,8,10,2,20,0,0,0,0,0,0,8,10,2,20,0,0,0,20
12/21/2021,TXK,AR,ASW,CE,Federal Contract Tower,0,10,32,0,42,0,5,10,0,15,0,15,42,0,57,14,0,14,71
12/22/2021,TXK,AR,ASW,CE,Federal Contract Tower,0,8,34,0,42,0,0,24,0,24,0,8,58,0,66,34,0,34,100
12/23/2021,TXK,AR,ASW,CE,Federal Contract Tower,0,7,12,0,19,0,8,11,0,19,0,15,23,0,38,32,0,32,70
12/24/2021,TXK,AR,ASW,CE,Federal Contract Tower,0,13,9,0,22,0,1,13,0,14,0,14,22,0,36,22,0,22,58
12/25/2021,TXK,AR,ASW,CE,Federal Contract Tower,0,8,7,0,15,0,0,9,0,9,0,8,16,0,24,16,0,16,40
12/26/2021,TXK,AR,ASW,CE,Federal Contract Tower,0,9,26,0,35,0,0,19,0,19,0,9,45,0,54,38,0,38,92
12/27/2021,TXK,AR,ASW,CE,Federal Contract Tower,0,12,12,0,24,0,10,8,0,18,0,22,20,0,42,18,0,18,60
12/28/2021,TXK,AR,ASW,CE,Federal Contract Tower,0,9,19,3,31,0,3,5,0,8,0,12,24,3,39,26,4,30,69
12/29/2021,TXK,AR,ASW,CE,Federal Contract Tower,0,7,13,0,20,0,0,1,0,1,0,7,14,0,21,0,0,0,21
12/30/2021,TXK,AR,ASW,CE,Federal Contract Tower,0,11,28,0,39,0,2,17,0,19,0,13,45,0,58,54,0,54,112
12/31/2021,TXK,AR,ASW,CE,Federal Contract Tower,0,7,12,0,19,0,2,0,0,2,0,9,12,0,21,10,0,10,31
01/01/2022,TXK,AR,ASW,CE,Federal Contract Tower,0,8,5,0,13,0,0,0,0,0,0,8,5,0,13,4,0,4,17
01/02/2022,TXK,AR,ASW,CE,Federal Contract Tower,0,8,10,0,18,0,2,7,0,9,0,10,17,0,27,14,0,14,41
01/03/2022,TXK,AR,ASW,CE,Federal Contract Tower,0,9,21,0,30,0,10,28,0,38,0,19,49,0,68,60,0,60,128
01/04/2022,TXK,AR,ASW,CE,Federal Contract Tower,0,5,13,0,18,0,10,16,0,26,0,15,29,0,44,14,0,14,58
01/05/2022,TXK,AR,ASW,CE,Federal Contract Tower,0,13,19,3,35,0,6,24,3,33,0,19,43,6,68,80,8,88,156
01/06/2022,TXK,AR,ASW,CE,Federal Contract Tower,0,6,8,6,20,0,4,10,2,16,0,10,18,8,36,18,20,38,74
01/07/2022,TXK,AR,ASW,CE,Federal Contract Tower,0,5,22,0,27,0,2,17,0,19,0,7,39,0,46,70,0,70,116
01/08/2022,TXK,AR,ASW,CE,Federal Contract Tower,0,5,3,1,9,0,0,0,0,0,0,5,3,1,9,2,0,2,11
01/09/2022,TXK,AR,ASW,CE,Federal Contract Tower,0,13,3,0,16,0,6,6,1,13,0,19,9,1,29,8,0,8,37
01/10/2022,TXK,AR,ASW,CE,Federal Contract Tower,0,9,32,6,47,0,9,33,0,42,0,18,65,6,89,168,4,172,261
01/11/2022,TXK,AR,ASW,CE,Federal Contract Tower,0,8,21,0,29,0,0,27,0,27,0,8,48,0,56,50,0,50,106
01/12/2022,TXK,AR,ASW,CE,Federal Contract Tower,0,7,20,1,28,0,5,30,1,36,0,12,50,2,64,30,4,34,98
01/13/2022,TXK,AR,ASW,CE,Federal Contract Tower,0,13,15,0,28,0,12,20,0,32,0,25,35,0,60,24,0,24,84
01/14/2022,TXK,AR,ASW,CE,Federal Contract Tower,0,11,24,6,41,0,2,33,1,36,0,13,57,7,77,50,14,64,141
01/15/2022,TXK,AR,ASW,CE,Federal Contract Tower,0,5,3,0,8,0,0,0,0,0,0,5,3,0,8,2,0,2,10
01/16/2022,TXK,AR,ASW,CE,Federal Contract Tower,0,10,22,0,32,0,2,10,0,12,0,12,32,0,44,70,0,70,114
01/17/2022,TXK,AR,ASW,CE,Federal Contract Tower,0,7,32,0,39,0,7,43,0,50,0,14,75,0,89,68,0,68,157
01/18/2022,TXK,AR,ASW,CE,Federal Contract Tower,0,10,16,3,29,0,2,15,0,17,0,12,31,3,46,44,6,50,96
01/19/2022,TXK,AR,ASW,CE,Federal Contract Tower,0,7,20,2,29,0,1,5,0,6,0,8,25,2,35,16,2,18,53
01/20/2022,TXK,AR,ASW,CE,Federal Contract Tower,0,10,19,4,33,0,5,13,0,18,0,15,32,4,51,32,0,32,83
01/21/2022,TXK,AR,ASW,CE,Federal Contract Tower,0,8,28,3,39,0,6,27,0,33,0,14,55,3,72,62,0,62,134
01/22/2022,TXK,AR,ASW,CE,Federal Contract Tower,0,11,38,0,49,0,1,30,0,31,0,12,68,0,80,80,0,80,160
01/23/2022,TXK,AR,ASW,CE,Federal Contract Tower,0,10,20,5,35,8,20,0,0,28,8,30,20,5,63,86,12,98,161
01/24/2022,TXK,AR,ASW,CE,Federal Contract Tower,0,9,14,8,31,0,0,19,1,20,0,9,33,9,51,16,6,22,73
01/25/2022,TXK,AR,ASW,CE,Federal Contract Tower,0,13,29,4,46,0,5,12,0,17,0,18,41,4,63,22,6,28,91
01/26/2022,TXK,AR,ASW,CE,Federal Contract Tower,0,10,22,0,32,0,0,26,0,26,0,10,48,0,58,42,0,42,100
01/27/2022,TXK,AR,ASW,CE,Federal Contract Tower,0,9,31,0,40,0,2,21,0,23,0,11,52,0,63,42,0,42,105
01/28/2022,TXK,AR,ASW,CE,Federal Contract Tower,0,5,9,0,14,0,3,2,0,5,0,8,11,0,19,8,0,8,27
01/29/2022,TXK,AR,ASW,CE,Federal Contract Tower,0,10,25,10,45,0,6,11,0,17,0,16,36,10,62,26,10,36,98
01/30/2022,TXK,AR,ASW,CE,Federal Contract Tower,0,7,20,9,36,0,4,17,1,22,0,11,37,10,58,24,20,44,102
01/31/2022,TXK,AR,ASW,CE,Federal Contract Tower,0,9,26,0,35,0,7,15,0,22,0,16,41,0,57,30,0,30,87
02/01/2022,TXK,AR,ASW,CE,Federal Contract Tower,0,8,17,0,25,0,7,6,2,15,0,15,23,2,40,6,0,6,46
02/02/2022,TXK,AR,ASW,CE,Federal Contract Tower,0,8,9,0,17,0,1,3,0,4,0,9,12,0,21,6,0,6,27
02/03/2022,TXK,AR,ASW,CE,Federal Contract Tower,0,1,2,0,3,0,0,0,0,0,0,1,2,0,3,2,0,2,5
02/04/2022,TXK,AR,ASW,CE,Federal Contract Tower,0,11,1,0,12,0,6,9,0,15,0,17,10,0,27,42,0,42,69
02/05/2022,TXK,AR,ASW,CE,Federal Contract Tower,0,3,20,0,23,0,11,33,0,44,0,14,53,0,67,76,0,76,143
02/06/2022,TXK,AR,ASW,CE,Federal Contract Tower,0,12,16,0,28,0,6,8,2,16,0,18,24,2,44,18,0,18,62
02/07/2022,TXK,AR,ASW,CE,Federal Contract Tower,0,3,28,3,34,0,2,11,1,14,0,5,39,4,48,36,12,48,96
02/08/2022,TXK,AR,ASW,CE,Federal Contract Tower,0,9,23,2,34,0,5,18,0,23,0,14,41,2,57,38,0,38,95
02/09/2022,TXK,AR,ASW,CE,Federal Contract Tower,0,6,26,2,34,0,5,21,8,34,0,11,47,10,68,34,12,46,114
02/10/2022,TXK,AR,ASW,CE,Federal Contract Tower,0,10,29,1,40,0,8,31,1,40,0,18,60,2,80,104,0,104,184
02/11/2022,TXK,AR,ASW,CE,Federal Contract Tower,0,9,18,2,29,0,11,26,2,39,0,20,44,4,68,40,0,40,108
02/12/2022,TXK,AR,ASW,CE,Federal Contract Tower,0,9,16,0,25,0,7,10,0,17,0,16,26,0,42,42,0,42,84
02/13/2022,TXK,AR,ASW,CE,Federal Contract Tower,0,12,16,4,32,0,3,20,0,23,0,15,36,4,55,20,10,30,85
02/14/2022,TXK,AR,ASW,CE,Federal Contract Tower,0,9,22,2,33,0,9,26,1,36,0,18,48,3,69,114,10,124,193
02/15/2022,TXK,AR,ASW,CE,Federal Contract Tower,0,9,17,3,29,0,13,9,1,23,0,22,26,4,52,12,10,22,74
02/16/2022,TXK,AR,ASW,CE,Federal Contract Tower,0,7,11,0,18,0,1,1,2,4,0,8,12,2,22,4,0,4,26
02/17/2022,TXK,AR,ASW,CE,Federal Contract Tower,0,12,15,0,27,0,2,0,0,2,0,14,15,0,29,12,0,12,41
02/18/2022,TXK,AR,ASW,CE,Federal Contract Tower,0,9,34,0,43,0,7,37,0,44,0,16,71,0,87,84,0,84,171
02/19/2022,TXK,AR,ASW,CE,Federal Contract Tower,0,13,33,0,46,0,13,25,0,38,0,26,58,0,84,78,0,78,162
02/20/2022,TXK,AR,ASW,CE,Federal Contract Tower,0,9,24,4,37,0,11,12,0,23,0,20,36,4,60,48,0,48,108
02/21/2022,TXK,AR,ASW,CE,Federal Contract Tower,0,12,11,0,23,0,1,3,0,4,0,13,14,0,27,4,0,4,31
02/22/2022,TXK,AR,ASW,CE,Federal Contract Tower,0,9,13,0,22,0,0,2,0,2,0,9,15,0,24,2,0,2,26
02/23/2022,TXK,AR,ASW,CE,Federal Contract Tower,0,13,8,0,21,0,0,2,0,2,0,13,10,0,23,12,0,12,35
02/24/2022,TXK,AR,ASW,CE,Federal Contract Tower,0,7,4,0,11,0,0,0,0,0,0,7,4,0,11,2,0,2,13
02/25/2022,TXK,AR,ASW,CE,Federal Contract Tower,0,10,8,0,18,0,9,17,0,26,0,19,25,0,44,80,0,80,124
02/26/2022,TXK,AR,ASW,CE,Federal Contract Tower,0,9,10,5,24,0,0,0,0,0,0,9,10,5,24,2,4,6,30
02/27/2022,TXK,AR,ASW,CE,Federal Contract Tower,0,5,25,0,30,0,8,20,0,28,0,13,45,0,58,38,0,38,96
02/28/2022,TXK,AR,ASW,CE,Federal Contract Tower,0,7,16,0,23,0,10,28,0,38,0,17,44,0,61,40,0,40,101
03/01/2022,TXK,AR,ASW,CE,Federal Contract Tower,0,12,24,3,39,0,5,16,4,25,0,17,40,7,64,30,24,54,118
03/02/2022,TXK,AR,ASW,CE,Federal Contract Tower,0,11,21,2,34,0,7,26,4,37,0,18,47,6,71,70,2,72,143
03/03/2022,TXK,AR,ASW,CE,Federal Contract Tower,0,13,25,4,42,0,15,17,1,33,0,28,42,5,75,34,2,36,111
03/04/2022,TXK,AR,ASW,CE,Federal Contract Tower,0,14,17,3,34,0,15,24,2,41,0,29,41,5,75,120,18,138,213
03/05/2022,TXK,AR,ASW,CE,Federal Contract Tower,0,14,9,0,23,0,3,15,0,18,0,17,24,0,41,36,0,36,77
03/06/2022,TXK,AR,ASW,CE,Federal Contract Tower,2,14,11,0,27,0,3,17,0,20,2,17,28,0,47,54,0,54,101
03/07/2022,TXK,AR,ASW,CE,Federal Contract Tower,0,15,9,2,26,0,5,24,0,29,0,20,33,2,55,34,0,34,89
03/08/2022,TXK,AR,ASW,CE,Federal Contract Tower,0,17,3,0,20,0,0,6,0,6,0,17,9,0,26,20,0,20,46
03/09/2022,TXK,AR,ASW,CE,Federal Contract Tower,0,15,31,2,48,0,8,15,0,23,0,23,46,2,71,74,0,74,145
03/10/2022,TXK,AR,ASW,CE,Federal Contract Tower,0,10,17,5,32,0,8,18,2,28,0,18,35,7,60,32,12,44,104
03/11/2022,TXK,AR,ASW,CE,Federal Contract Tower,0,10,15,3,28,0,0,8,0,8,0,10,23,3,36,18,6,24,60
03/12/2022,TXK,AR,ASW,CE,Federal Contract Tower,0,8,22,0,30,0,12,17,0,29,0,20,39,0,59,22,0,22,81
03/13/2022,TXK,AR,ASW,CE,Federal Contract Tower,0,11,23,4,38,0,7,8,2,17,0,18,31,6,55,26,16,42,97
03/14/2022,TXK,AR,ASW,CE,Federal Contract Tower,0,8,6,5,19,0,4,1,3,8,0,12,7,8,27,6,10,16,43
03/15/2022,TXK,AR,ASW,CE,Federal Contract Tower,0,13,13,0,26,0,4,2,0,6,0,17,15,0,32,10,0,10,42
03/16/2022,TXK,AR,ASW,CE,Federal Contract Tower,0,10,27,2,39,0,6,14,3,23,0,16,41,5,62,40,22,62,124
03/17/2022,TXK,AR,ASW,CE,Federal Contract Tower,0,9,20,1,30,0,6,7,2,15,0,15,27,3,45,14,8,22,67
03/18/2022,TXK,AR,ASW,CE,Federal Contract Tower,0,15,15,3,33,0,9,0,0,9,0,24,15,3,42,14,6,20,62
03/19/2022,TXK,AR,ASW,CE,Federal Contract Tower,0,12,22,0,34,0,11,10,0,21,0,23,32,0,55,24,0,24,79
03/20/2022,TXK,AR,ASW,CE,Federal Contract Tower,0,7,23,0,30,0,2,14,0,16,0,9,37,0,46,16,0,16,62
03/21/2022,TXK,AR,ASW,CE,Federal Contract Tower,0,10,0,0,10,0,2,3,0,5,0,12,3,0,15,4,0,4,19
03/22/2022,TXK,AR,ASW,CE,Federal Contract Tower,0,15,1,0,16,0,0,2,0,2,0,15,3,0,18,4,0,4,22
03/23/2022,TXK,AR,ASW,CE,Federal Contract Tower,0,11,12,0,23,0,4,12,0,16,0,15,24,0,39,10,0,10,49
03/24/2022,TXK,AR,ASW,CE,Federal Contract Tower,0,12,30,2,44,0,10,19,2,31,0,22,49,4,75,40,0,40,115
03/25/2022,TXK,AR,ASW,CE,Federal Contract Tower,0,11,30,0,41,0,8,33,0,41,0,19,63,0,82,52,0,52,134
03/26/2022,TXK,AR,ASW,CE,Federal Contract Tower,0,10,15,7,32,0,5,24,0,29,0,15,39,7,61,36,10,46,107
03/27/2022,TXK,AR,ASW,CE,Federal Contract Tower,0,7,27,2,36,0,13,22,0,35,0,20,49,2,71,70,0,70,141
03/28/2022,TXK,AR,ASW,CE,Federal Contract Tower,0,13,18,4,35,0,4,20,2,26,0,17,38,6,61,48,10,58,119
03/29/2022,TXK,AR,ASW,CE,Federal Contract Tower,0,14,26,0,40,0,0,8,0,8,0,14,34,0,48,4,0,4,52
03/30/2022,TXK,AR,ASW,CE,Federal Contract Tower,0,11,6,0,17,0,0,0,0,0,0,11,6,0,17,0,0,0,17
03/31/2022,TXK,AR,ASW,CE,Federal Contract Tower,0,8,16,5,29,0,7,11,2,20,0,15,27,7,49,26,2,28,77
04/01/2022,TXK,AR,ASW,CE,Federal Contract Tower,0,10,20,6,36,0,8,34,1,43,0,18,54,7,79,96,12,108,187
04/02/2022,TXK,AR,ASW,CE,Federal Contract Tower,0,9,11,0,20,0,10,28,2,40,0,19,39,2,60,66,0,66,126
04/03/2022,TXK,AR,ASW,CE,Federal Contract Tower,0,8,17,1,26,0,4,25,1,30,0,12,42,2,56,38,4,42,98
04/04/2022,TXK,AR,ASW,CE,Federal Contract Tower,0,6,12,0,18,0,16,29,0,45,0,22,41,0,63,56,0,56,119
04/05/2022,TXK,AR,ASW,CE,Federal Contract Tower,0,8,12,0,20,0,12,12,0,24,0,20,24,0,44,18,0,18,62
04/06/2022,TXK,AR,ASW,CE,Federal Contract Tower,0,17,11,0,28,0,7,10,0,17,0,24,21,0,45,8,0,8,53
04/07/2022,TXK,AR,ASW,CE,Federal Contract Tower,0,15,32,0,47,0,5,7,0,12,0,20,39,0,59,20,0,20,79
04/08/2022,TXK,AR,ASW,CE,Federal Contract Tower,0,15,19,0,34,0,3,13,0,16,0,18,32,0,50,16,0,16,66
04/09/2022,TXK,AR,ASW,CE,Federal Contract Tower,0,13,18,4,35,0,4,16,1,21,0,17,34,5,56,14,6,20,76
04/10/2022,TXK,AR,ASW,CE,Federal Contract Tower,0,19,10,0,29,0,3,1,0,4,0,22,11,0,33,6,0,6,39
04/11/2022,TXK,AR,ASW,CE,Federal Contract Tower,0,11,7,4,22,0,2,9,2,13,0,13,16,6,35,8,18,26,61
04/12/2022,TXK,AR,ASW,CE,Federal Contract Tower,0,10,26,0,36,0,3,2,0,5,0,13,28,0,41,8,0,8,49
04/13/2022,TXK,AR,ASW,CE,Federal Contract Tower,0,9,13,0,22,0,1,5,0,6,0,10,18,0,28,20,0,20,48
04/14/2022,TXK,AR,ASW,CE,Federal Contract Tower,0,14,27,0,41,7,42,0,0,49,7,56,27,0,90,92,0,92,182
04/15/2022,TXK,AR,ASW,CE,Federal Contract Tower,0,21,11,1,33,0,0,25,0,25,0,21,36,1,58,36,0,36,94
04/16/2022,TXK,AR,ASW,CE,Federal Contract Tower,0,12,12,1,25,0,0,0,0,0,0,12,12,1,25,4,0,4,29
04/17/2022,TXK,AR,ASW,CE,Federal Contract Tower,0,12,3,0,15,0,0,0,0,0,0,12,3,0,15,2,0,2,17
04/18/2022,TXK,AR,ASW,CE,Federal Contract Tower,0,16,17,0,33,0,9,15,0,24,0,25,32,0,57,30,0,30,87
04/19/2022,TXK,AR,ASW,CE,Federal Contract Tower,0,9,18,0,27,0,8,44,0,52,0,17,62,0,79,98,0,98,177
04/20/2022,TXK,AR,ASW,CE,Federal Contract Tower,0,14,21,2,37,0,2,2,2,6,0,16,23,4,43,6,28,34,77
04/21/2022,TXK,AR,ASW,CE,Federal Contract Tower,0,14,27,0,41,0,5,22,2,29,0,19,49,2,70,94,0,94,164
04/22/2022,TXK,AR,ASW,CE,Federal Contract Tower,0,15,22,0,37,0,6,18,0,24,0,21,40,0,61,60,0,60,121
04/23/2022,TXK,AR,ASW,CE,Federal Contract Tower,0,9,9,3,21,0,3,5,3,11,0,12,14,6,32,4,14,18,50
04/24/2022,TXK,AR,ASW,CE,Federal Contract Tower,0,8,11,4,23,0,8,4,4,16,0,16,15,8,39,32,18,50,89
04/25/2022,TXK,AR,ASW,CE,Federal Contract Tower,0,9,9,0,18,0,3,3,0,6,0,12,12,0,24,16,0,16,40
04/26/2022,TXK,AR,ASW,CE,Federal Contract Tower,0,10,24,0,34,0,6,34,0,40,0,16,58,0,74,66,0,66,140
04/27/2022,TXK,AR,ASW,CE,Federal Contract Tower,0,11,23,6,40,0,8,55,5,68,0,19,78,11,108,84,2,86,194
04/28/2022,TXK,AR,ASW,CE,Federal Contract Tower,0,12,19,0,31,0,3,22,6,31,0,15,41,6,62,20,0,20,82
04/29/2022,TXK,AR,ASW,CE,Federal Contract Tower,0,15,11,0,26,0,1,19,0,20,0,16,30,0,46,14,0,14,60
04/30/2022,TXK,AR,ASW,CE,Federal Contract Tower,0,12,10,0,22,0,7,9,0,16,0,19,19,0,38,18,0,18,56
05/01/2022,TXK,AR,ASW,CE,Federal Contract Tower,0,15,13,0,28,0,8,20,0,28,0,23,33,0,56,42,0,42,98
05/02/2022,TXK,AR,ASW,CE,Federal Contract Tower,0,16,14,0,30,0,6,5,0,11,0,22,19,0,41,10,0,10,51
05/03/2022,TXK,AR,ASW,CE,Federal Contract Tower,0,8,11,0,19,0,0,18,0,18,0,8,29,0,37,66,0,66,103
05/04/2022,TXK,AR,ASW,CE,Federal Contract Tower,0,16,21,2,39,0,3,13,0,16,0,19,34,2,55,24,0,24,79
05/05/2022,TXK,AR,ASW,CE,Federal Contract Tower,0,8,5,0,13,0,0,0,0,0,0,8,5,0,13,0,0,0,13
05/06/2022,TXK,AR,ASW,CE,Federal Contract Tower,0,22,18,3,43,0,10,27,2,39,0,32,45,5,82,80,28,108,190
05/07/2022,TXK,AR,ASW,CE,Federal Contract Tower,0,21,10,0,31,0,13,20,0,33,0,34,30,0,64,50,0,50,114
05/08/2022,TXK,AR,ASW,CE,Federal Contract Tower,0,8,6,0,14,0,8,15,0,23,0,16,21,0,37,18,0,18,55
05/09/2022,TXK,AR,ASW,CE,Federal Contract Tower,0,14,17,0,31,0,8,14,0,22,0,22,31,0,53,28,0,28,81
05/10/2022,TXK,AR,ASW,CE,Federal Contract Tower,0,15,23,0,38,0,12,15,2,29,0,27,38,2,67,44,0,44,111
05/11/2022,TXK,AR,ASW,CE,Federal Contract Tower,0,15,23,0,38,0,18,24,0,42,0,33,47,0,80,76,0,76,156
05/12/2022,TXK,AR,ASW,CE,Federal Contract Tower,0,13,30,0,43,0,9,20,2,31,0,22,50,2,74,46,0,46,120
05/13/2022,TXK,AR,ASW,CE,Federal Contract Tower,0,11,21,0,32,0,0,30,0,30,0,11,51,0,62,50,0,50,112
05/14/2022,TXK,AR,ASW,CE,Federal Contract Tower,0,14,10,3,27,0,2,19,0,21,0,16,29,3,48,18,0,18,66
05/15/2022,TXK,AR,ASW,CE,Federal Contract Tower,0,22,22,0,44,0,4,25,0,29,0,26,47,0,73,20,0,20,93
05/16/2022,TXK,AR,ASW,CE,Federal Contract Tower,0,14,21,0,35,0,8,19,0,27,0,22,40,0,62,74,0,74,136
05/17/2022,TXK,AR,ASW,CE,Federal Contract Tower,0,13,22,0,35,0,11,25,0,36,0,24,47,0,71,64,0,64,135
05/18/2022,TXK,AR,ASW,CE,Federal Contract Tower,0,14,19,4,37,0,7,10,1,18,0,21,29,5,55,30,22,52,107
05/19/2022,TXK,AR,ASW,CE,Federal Contract Tower,0,11,15,0,26,0,5,4,0,9,0,16,19,0,35,18,0,18,53
05/20/2022,TXK,AR,ASW,CE,Federal Contract Tower,0,10,17,0,27,0,7,19,0,26,0,17,36,0,53,30,0,30,83
05/21/2022,TXK,AR,ASW,CE,Federal Contract Tower,0,7,12,0,19,0,2,5,0,7,0,9,17,0,26,16,0,16,42
05/22/2022,TXK,AR,ASW,CE,Federal Contract Tower,0,16,8,2,26,0,0,0,0,0,0,16,8,2,26,4,0,4,30
05/23/2022,TXK,AR,ASW,CE,Federal Contract Tower,0,11,7,6,24,0,10,5,0,15,0,21,12,6,39,24,2,26,65
05/24/2022,TXK,AR,ASW,CE,Federal Contract Tower,0,6,6,0,12,0,0,0,0,0,0,6,6,0,12,2,0,2,14
05/25/2022,TXK,AR,ASW,CE,Federal Contract Tower,0,17,13,2,32,0,6,10,0,16,0,23,23,2,48,32,0,32,80
05/26/2022,TXK,AR,ASW,CE,Federal Contract Tower,0,13,10,1,24,0,4,33,2,39,0,17,43,3,63,48,4,52,115
05/27/2022,TXK,AR,ASW,CE,Federal Contract Tower,0,13,15,0,28,0,3,18,0,21,0,16,33,0,49,40,0,40,89
05/28/2022,TXK,AR,ASW,CE,Federal Contract Tower,0,7,13,0,20,0,6,10,0,16,0,13,23,0,36,26,0,26,62
05/29/2022,TXK,AR,ASW,CE,Federal Contract Tower,0,9,5,0,14,0,12,12,0,24,0,21,17,0,38,26,0,26,64
05/30/2022,TXK,AR,ASW,CE,Federal Contract Tower,0,9,13,0,22,0,8,19,0,27,0,17,32,0,49,50,0,50,99
05/31/2022,TXK,AR,ASW,CE,Federal Contract Tower,0,12,24,5,41,0,6,20,0,26,0,18,44,5,67,52,0,52,119
06/01/2022,TXK,AR,ASW,CE,Federal Contract Tower,0,12,18,4,34,0,4,17,2,23,0,16,35,6,57,30,14,44,101
06/02/2022,TXK,AR,ASW,CE,Federal Contract Tower,0,10,13,0,23,0,1,8,0,9,0,11,21,0,32,10,0,10,42
06/03/2022,TXK,AR,ASW,CE,Federal Contract Tower,0,10,17,2,29,0,3,22,0,25,0,13,39,2,54,57,0,57,111
06/04/2022,TXK,AR,ASW,CE,Federal Contract Tower,0,12,16,0,28,0,6,18,0,24,0,18,34,0,52,30,0,30,82
06/05/2022,TXK,AR,ASW,CE,Federal Contract Tower,0,6,22,0,28,0,6,23,0,29,0,12,45,0,57,64,0,64,121
06/06/2022,TXK,AR,ASW,CE,Federal Contract Tower,0,10,22,0,32,0,8,8,0,16,0,18,30,0,48,30,0,30,78
06/07/2022,TXK,AR,ASW,CE,Federal Contract Tower,0,8,14,0,22,0,13,10,2,25,0,21,24,2,47,36,0,36,83
06/08/2022,TXK,AR,ASW,CE,Federal Contract Tower,0,17,17,0,34,0,5,6,0,11,0,22,23,0,45,22,0,22,67
06/09/2022,TXK,AR,ASW,CE,Federal Contract Tower,0,13,32,1,46,0,15,27,1,43,0,28,59,2,89,112,0,112,201
06/10/2022,TXK,AR,ASW,CE,Federal Contract Tower,0,12,11,2,25,0,8,5,0,13,0,20,16,2,38,24,4,28,66
06/11/2022,TXK,AR,ASW,CE,Federal Contract Tower,0,10,6,5,21,0,10,16,0,26,0,20,22,5,47,76,0,76,123
06/12/2022,TXK,AR,ASW,CE,Federal Contract Tower,0,9,18,0,27,0,8,22,0,30,0,17,40,0,57,50,0,50,107
06/13/2022,TXK,AR,ASW,CE,Federal Contract Tower,0,14,28,2,44,0,3,16,0,19,0,17,44,2,63,42,0,42,105
06/14/2022,TXK,AR,ASW,CE,Federal Contract Tower,0,14,23,0,37,0,10,19,0,29,0,24,42,0,66,38,0,38,104
06/15/2022,TXK,AR,ASW,CE,Federal Contract Tower,0,8,12,0,20,0,8,8,0,16,0,16,20,0,36,28,0,28,64
06/16/2022,TXK,AR,ASW,CE,Federal Contract Tower,0,9,27,2,38,0,6,32,1,39,0,15,59,3,77,74,10,84,161
06/17/2022,TXK,AR,ASW,CE,Federal Contract Tower,0,7,16,0,23,0,0,23,0,23,0,7,39,0,46,72,0,72,118
06/18/2022,TXK,AR,ASW,CE,Federal Contract Tower,0,6,14,0,20,0,9,8,0,17,0,15,22,0,37,10,0,10,47
06/19/2022,TXK,AR,ASW,CE,Federal Contract Tower,0,9,18,0,27,0,6,25,0,31,0,15,43,0,58,32,0,32,90
06/20/2022,TXK,AR,ASW,CE,Federal Contract Tower,0,13,25,2,40,0,1,5,0,6,0,14,30,2,46,10,2,12,58
06/21/2022,TXK,AR,ASW,CE,Federal Contract Tower,0,6,22,2,30,0,9,19,0,28,0,15,41,2,58,42,0,42,100
06/22/2022,TXK,AR,ASW,CE,Federal Contract Tower,0,7,21,0,28,0,6,19,0,25,0,13,40,0,53,52,0,52,105
06/23/2022,TXK,AR,ASW,CE,Federal Contract Tower,0,15,29,4,48,0,3,20,0,23,0,18,49,4,71,50,0,50,121
06/24/2022,TXK,AR,ASW,CE,Federal Contract Tower,0,19,26,12,57,0,9,16,0,25,0,28,42,12,82,68,18,86,168
06/25/2022,TXK,AR,ASW,CE,Federal Contract Tower,0,13,23,0,36,0,12,38,0,50,0,25,61,0,86,128,0,128,214
06/26/2022,TXK,AR,ASW,CE,Federal Contract Tower,0,8,17,2,27,0,0,5,0,5,0,8,22,2,32,10,4,14,46
06/27/2022,TXK,AR,ASW,CE,Federal Contract Tower,0,13,17,0,30,0,8,22,2,32,0,21,39,2,62,40,0,40,102
06/28/2022,TXK,AR,ASW,CE,Federal Contract Tower,0,7,37,0,44,0,4,41,2,47,0,11,78,2,91,104,0,104,195
06/29/2022,TXK,AR,ASW,CE,Federal Contract Tower,0,10,25,0,35,0,8,18,0,26,0,18,43,0,61,38,0,38,99
06/30/2022,TXK,AR,ASW,CE,Federal Contract Tower,0,12,23,0,35,0,10,17,0,27,0,22,40,0,62,44,0,44,106
07/01/2022,TXK,AR,ASW,CE,Federal Contract Tower,0,15,16,0,31,0,11,8,0,19,0,26,24,0,50,24,0,24,74
07/02/2022,TXK,AR,ASW,CE,Federal Contract Tower,0,14,4,0,18,0,6,4,0,10,0,20,8,0,28,15,0,15,43
07/03/2022,TXK,AR,ASW,CE,Federal Contract Tower,0,7,8,0,15,0,4,10,0,14,0,11,18,0,29,20,0,20,49
07/04/2022,TXK,AR,ASW,CE,Federal Contract Tower,0,9,8,0,17,0,8,13,0,21,0,17,21,0,38,22,0,22,60
07/05/2022,TXK,AR,ASW,CE,Federal Contract Tower,0,6,18,0,24,0,8,8,0,16,0,14,26,0,40,16,0,16,56
07/06/2022,TXK,AR,ASW,CE,Federal Contract Tower,0,7,14,3,24,0,12,9,0,21,0,19,23,3,45,18,4,22,67
07/07/2022,TXK,AR,ASW,CE,Federal Contract Tower,0,8,19,0,27,0,5,18,0,23,0,13,37,0,50,4,0,4,54
07/08/2022,TXK,AR,ASW,CE,Federal Contract Tower,0,9,13,1,23,0,5,19,0,24,0,14,32,1,47,34,0,34,81
07/09/2022,TXK,AR,ASW,CE,Federal Contract Tower,0,10,10,14,34,0,5,12,6,23,0,15,22,20,57,16,0,16,73
07/10/2022,TXK,AR,ASW,CE,Federal Contract Tower,0,9,14,3,26,0,8,25,1,34,0,17,39,4,60,52,10,62,122
07/11/2022,TXK,AR,ASW,CE,Federal Contract Tower,0,10,10,1,21,0,11,36,2,49,0,21,46,3,70,64,2,66,136
07/12/2022,TXK,AR,ASW,CE,Federal Contract Tower,0,10,18,0,28,0,5,26,16,47,0,15,44,16,75,58,0,58,133
07/13/2022,TXK,AR,ASW,CE,Federal Contract Tower,0,5,21,0,26,0,0,15,4,19,0,5,36,4,45,28,0,28,73
07/14/2022,TXK,AR,ASW,CE,Federal Contract Tower,0,13,23,1,37,0,0,13,8,21,0,13,36,9,58,42,2,44,102
07/15/2022,TXK,AR,ASW,CE,Federal Contract Tower,0,8,21,8,37,0,7,24,6,37,0,15,45,14,74,40,28,68,142
07/16/2022,TXK,AR,ASW,CE,Federal Contract Tower,0,8,9,4,21,0,9,12,1,22,0,17,21,5,43,24,8,32,75
07/17/2022,TXK,AR,ASW,CE,Federal Contract Tower,0,10,19,0,29,0,7,20,0,27,0,17,39,0,56,32,0,32,88
07/18/2022,TXK,AR,ASW,CE,Federal Contract Tower,0,17,19,0,36,0,9,23,2,34,0,26,42,2,70,62,0,62,132
07/19/2022,TXK,AR,ASW,CE,Federal Contract Tower,0,14,11,0,25,0,7,20,0,27,0,21,31,0,52,30,0,30,82
07/20/2022,TXK,AR,ASW,CE,Federal Contract Tower,0,9,26,0,35,0,4,21,0,25,0,13,47,0,60,46,0,46,106
07/21/2022,TXK,AR,ASW,CE,Federal Contract Tower,0,10,14,0,24,0,2,12,2,16,0,12,26,2,40,24,0,24,64
07/22/2022,TXK,AR,ASW,CE,Federal Contract Tower,0,11,13,2,26,0,6,19,3,28,0,17,32,5,54,34,8,42,96
07/23/2022,TXK,AR,ASW,CE,Federal Contract Tower,0,8,10,2,20,0,9,16,0,25,0,17,26,2,45,38,0,38,83
07/24/2022,TXK,AR,ASW,CE,Federal Contract Tower,0,10,25,2,37,0,3,20,0,23,0,13,45,2,60,14,0,14,74
07/25/2022,TXK,AR,ASW,CE,Federal Contract Tower,0,9,29,0,38,0,2,6,6,14,0,11,35,6,52,12,0,12,64
07/26/2022,TXK,AR,ASW,CE,Federal Contract Tower,0,7,18,0,25,0,1,16,2,19,0,8,34,2,44,18,0,18,62
07/27/2022,TXK,AR,ASW,CE,Federal Contract Tower,0,10,19,2,31,0,4,14,2,20,0,14,33,4,51,44,0,44,95
07/28/2022,TXK,AR,ASW,CE,Federal Contract Tower,0,11,12,2,25,0,9,22,2,33,0,20,34,4,58,34,16,50,108
07/29/2022,TXK,AR,ASW,CE,Federal Contract Tower,0,10,8,3,21,0,3,7,1,11,0,13,15,4,32,4,14,18,50
07/30/2022,TXK,AR,ASW,CE,Federal Contract Tower,0,6,11,0,17,0,3,4,0,7,0,9,15,0,24,22,0,22,46
07/31/2022,TXK,AR,ASW,CE,Federal Contract Tower,0,9,13,1,23,0,8,14,5,27,0,17,27,6,50,46,4,50,100
08/01/2022,TXK,AR,ASW,CE,Federal Contract Tower,0,16,10,4,30,0,5,14,0,19,0,21,24,4,49,26,4,30,79
08/02/2022,TXK,AR,ASW,CE,Federal Contract Tower,0,9,17,3,29,0,7,11,3,21,0,16,28,6,50,18,0,18,68
08/03/2022,TXK,AR,ASW,CE,Federal Contract Tower,0,11,11,3,25,0,4,11,0,15,0,15,22,3,40,26,4,30,70
08/04/2022,TXK,AR,ASW,CE,Federal Contract Tower,0,9,25,2,36,0,9,15,2,26,0,18,40,4,62,30,12,42,104
08/05/2022,TXK,AR,ASW,CE,Federal Contract Tower,0,7,15,9,31,0,5,15,0,20,0,12,30,9,51,22,8,30,81
08/06/2022,TXK,AR,ASW,CE,Federal Contract Tower,0,11,3,2,16,0,3,13,2,18,0,14,16,4,34,54,0,54,88
08/07/2022,TXK,AR,ASW,CE,Federal Contract Tower,0,10,13,8,31,0,2,21,5,28,0,12,34,13,59,42,14,56,115
08/08/2022,TXK,AR,ASW,CE,Federal Contract Tower,0,13,13,0,26,0,3,9,0,12,0,16,22,0,38,14,0,14,52
08/09/2022,TXK,AR,ASW,CE,Federal Contract Tower,0,12,10,0,22,0,0,1,0,1,0,12,11,0,23,8,0,8,31
08/10/2022,TXK,AR,ASW,CE,Federal Contract Tower,0,18,15,11,44,0,1,4,1,6,0,19,19,12,50,12,0,12,62
08/11/2022,TXK,AR,ASW,CE,Federal Contract Tower,0,9,19,0,28,0,0,10,0,10,0,9,29,0,38,8,0,8,46
08/12/2022,TXK,AR,ASW,CE,Federal Contract Tower,0,10,16,0,26,0,7,26,0,33,0,17,42,0,59,54,0,54,113
08/13/2022,TXK,AR,ASW,CE,Federal Contract Tower,0,8,22,7,37,0,9,18,0,27,0,17,40,7,64,22,4,26,90
08/14/2022,TXK,AR,ASW,CE,Federal Contract Tower,0,8,7,0,15,0,7,15,0,22,0,15,22,0,37,26,0,26,63
08/15/2022,TXK,AR,ASW,CE,Federal Contract Tower,0,7,25,4,36,0,4,8,1,13,0,11,33,5,49,12,4,16,65
08/16/2022,TXK,AR,ASW,CE,Federal Contract Tower,0,17,34,0,51,0,6,10,0,16,0,23,44,0,67,24,0,24,91
08/17/2022,TXK,AR,ASW,CE,Federal Contract Tower,0,13,22,0,35,0,2,6,0,8,0,15,28,0,43,2,0,2,45
08/18/2022,TXK,AR,ASW,CE,Federal Contract Tower,0,8,18,2,28,0,2,2,0,4,0,10,20,2,32,8,0,8,40
08/19/2022,TXK,AR,ASW,CE,Federal Contract Tower,0,16,28,0,44,0,10,14,0,24,0,26,42,0,68,62,0,62,130
08/20/2022,TXK,AR,ASW,CE,Federal Contract Tower,0,11,11,7,29,0,2,26,0,28,0,13,37,7,57,82,10,92,149
08/21/2022,TXK,AR,ASW,CE,Federal Contract Tower,0,11,7,0,18,0,0,0,0,0,0,11,7,0,18,0,0,0,18
08/22/2022,TXK,AR,ASW,CE,Federal Contract Tower,0,10,1,0,11,0,0,0,0,0,0,10,1,0,11,0,0,0,11
08/23/2022,TXK,AR,ASW,CE,Federal Contract Tower,0,13,15,0,28,0,0,0,0,0,0,13,15,0,28,4,0,4,32
08/24/2022,TXK,AR,ASW,CE,Federal Contract Tower,0,14,29,1,44,0,2,9,0,11,0,16,38,1,55,32,0,32,87
08/25/2022,TXK,AR,ASW,CE,Federal Contract Tower,0,9,20,1,30,0,5,18,2,25,0,14,38,3,55,46,0,46,101
08/26/2022,TXK,AR,ASW,CE,Federal Contract Tower,0,11,12,0,23,0,3,24,3,30,0,14,36,3,53,54,2,56,109
08/27/2022,TXK,AR,ASW,CE,Federal Contract Tower,0,9,8,0,17,0,4,5,0,9,0,13,13,0,26,10,0,10,36
08/28/2022,TXK,AR,ASW,CE,Federal Contract Tower,0,8,7,0,15,0,11,7,0,18,0,19,14,0,33,24,0,24,57
08/29/2022,TXK,AR,ASW,CE,Federal Contract Tower,0,11,18,0,29,0,3,15,0,18,0,14,33,0,47,22,0,22,69
08/30/2022,TXK,AR,ASW,CE,Federal Contract Tower,0,11,17,2,30,0,2,24,0,26,0,13,41,2,56,30,10,40,96
08/31/2022,TXK,AR,ASW,CE,Federal Contract Tower,5,13,20,2,40,0,5,43,4,52,5,18,63,6,92,36,10,46,138
09/01/2022,TXK,AR,ASW,CE,Federal Contract Tower,0,9,25,2,36,0,2,20,0,22,0,11,45,2,58,62,0,62,120
09/02/2022,TXK,AR,ASW,CE,Federal Contract Tower,0,9,17,0,26,0,0,18,0,18,0,9,35,0,44,36,0,36,80
09/03/2022,TXK,AR,ASW,CE,Federal Contract Tower,0,5,12,0,17,0,6,10,0,16,0,11,22,0,33,4,0,4,37
09/04/2022,TXK,AR,ASW,CE,Federal Contract Tower,2,4,9,0,15,0,0,13,0,13,2,4,22,0,28,8,0,8,36
09/05/2022,TXK,AR,ASW,CE,Federal Contract Tower,0,8,5,0,13,0,1,12,0,13,0,9,17,0,26,10,0,10,36
09/06/2022,TXK,AR,ASW,CE,Federal Contract Tower,0,5,13,3,21,0,2,12,0,14,0,7,25,3,35,2,0,2,37
09/07/2022,TXK,AR,ASW,CE,Federal Contract Tower,0,10,26,0,36,0,2,22,0,24,0,12,48,0,60,20,0,20,80
09/08/2022,TXK,AR,ASW,CE,Federal Contract Tower,0,7,21,4,32,0,1,26,3,30,0,8,47,7,62,38,0,38,100
09/09/2022,TXK,AR,ASW,CE,Federal Contract Tower,0,5,20,2,27,0,10,25,0,35,0,15,45,2,62,52,4,56,118
09/10/2022,TXK,AR,ASW,CE,Federal Contract Tower,0,11,11,8,30,0,3,10,2,15,0,14,21,10,45,14,6,20,65
09/11/2022,TXK,AR,ASW,CE,Federal Contract Tower,0,6,30,4,40,0,12,25,1,38,0,18,55,5,78,52,2,54,132
09/12/2022,TXK,AR,ASW,CE,Federal Contract Tower,0,11,26,7,44,0,5,30,1,36,0,16,56,8,80,36,14,50,130
09/13/2022,TXK,AR,ASW,CE,Federal Contract Tower,0,12,17,3,32,0,11,29,0,40,0,23,46,3,72,48,0,48,120
09/14/2022,TXK,AR,ASW,CE,Federal Contract Tower,0,8,20,0,28,0,7,23,0,30,0,15,43,0,58,21,0,21,79
09/15/2022,TXK,AR,ASW,CE,Federal Contract Tower,0,11,12,4,27,0,8,17,2,27,0,19,29,6,54,42,14,56,110
09/16/2022,TXK,AR,ASW,CE,Federal Contract Tower,0,12,24,0,36,0,0,13,2,15,0,12,37,2,51,44,0,44,95
09/17/2022,TXK,AR,ASW,CE,Federal Contract Tower,0,12,20,0,32,0,11,24,0,35,0,23,44,0,67,26,0,26,93
09/18/2022,TXK,AR,ASW,CE,Federal Contract Tower,0,14,32,0,46,0,6,15,0,21,0,20,47,0,67,24,0,24,91
09/19/2022,TXK,AR,ASW,CE,Federal Contract Tower,0,8,12,0,20,0,13,12,0,25,0,21,24,0,45,12,0,12,57
09/20/2022,TXK,AR,ASW,CE,Federal Contract Tower,0,11,16,0,27,0,10,5,0,15,0,21,21,0,42,12,0,12,54
09/21/2022,TXK,AR,ASW,CE,Federal Contract Tower,0,11,34,4,49,0,5,23,0,28,0,16,57,4,77,32,4,36,113
09/22/2022,TXK,AR,ASW,CE,Federal Contract Tower,0,9,20,0,29,0,12,14,0,26,0,21,34,0,55,24,0,24,79
09/23/2022,TXK,AR,ASW,CE,Federal Contract Tower,0,7,34,4,45,0,9,39,2,50,0,16,73,6,95,72,6,78,173
09/24/2022,TXK,AR,ASW,CE,Federal Contract Tower,0,6,30,0,36,0,7,15,0,22,0,13,45,0,58,18,0,18,76
09/25/2022,TXK,AR,ASW,CE,Federal Contract Tower,0,9,15,13,37,0,3,15,2,20,0,12,30,15,57,16,10,26,83
09/26/2022,TXK,AR,ASW,CE,Federal Contract Tower,0,9,11,2,22,0,1,12,1,14,0,10,23,3,36,6,0,6,42
09/27/2022,TXK,AR,ASW,CE,Federal Contract Tower,0,12,16,0,28,0,4,19,0,23,0,16,35,0,51,28,0,28,79
09/28/2022,TXK,AR,ASW,CE,Federal Contract Tower,0,8,20,0,28,0,4,21,0,25,0,12,41,0,53,66,0,66,119
09/29/2022,TXK,AR,ASW,CE,Federal Contract Tower,0,16,11,2,29,0,7,11,0,18,0,23,22,2,47,38,2,40,87
09/30/2022,TXK,AR,ASW,CE,Federal Contract Tower,0,10,30,0,40,0,6,19,0,25,0,16,49,0,65,38,0,38,103
10/01/2022,TXK,AR,ASW,CE,Federal Contract Tower,0,8,30,0,38,0,14,20,2,36,0,22,50,2,74,114,0,114,188
10/02/2022,TXK,AR,ASW,CE,Federal Contract Tower,0,9,30,0,39,0,7,17,1,25,0,16,47,1,64,54,0,54,118
10/03/2022,TXK,AR,ASW,CE,Federal Contract Tower,0,11,11,3,25,0,9,10,0,19,0,20,21,3,44,28,0,28,72
10/04/2022,TXK,AR,ASW,CE,Federal Contract Tower,0,12,16,1,29,0,13,23,0,36,0,25,39,1,65,28,2,30,95
10/05/2022,TXK,AR,ASW,CE,Federal Contract Tower,0,11,22,0,33,0,11,26,0,37,0,22,48,0,70,50,0,50,120
10/06/2022,TXK,AR,ASW,CE,Federal Contract Tower,0,13,19,0,32,0,8,21,3,32,0,21,40,3,64,24,0,24,88
10/07/2022,TXK,AR,ASW,CE,Federal Contract Tower,0,12,12,4,28,0,3,23,1,27,0,15,35,5,55,50,0,50,105
10/08/2022,TXK,AR,ASW,CE,Federal Contract Tower,0,7,14,2,23,0,5,17,0,22,0,12,31,2,45,10,0,10,55
10/09/2022,TXK,AR,ASW,CE,Federal Contract Tower,0,8,11,2,21,0,6,24,0,30,0,14,35,2,51,36,0,36,87
10/10/2022,TXK,AR,ASW,CE,Federal Contract Tower,0,8,13,0,21,0,3,23,0,26,0,11,36,0,47,38,0,38,85
10/11/2022,TXK,AR,ASW,CE,Federal Contract Tower,0,13,22,2,37,0,6,23,0,29,0,19,45,2,66,20,6,26,92
10/12/2022,TXK,AR,ASW,CE,Federal Contract Tower,3,11,23,2,39,0,2,15,0,17,3,13,38,2,56,50,0,50,106
10/13/2022,TXK,AR,ASW,CE,Federal Contract Tower,3,10,25,1,39,0,7,18,5,30,3,17,43,6,69,36,4,40,109
10/14/2022,TXK,AR,ASW,CE,Federal Contract Tower,3,11,26,4,44,0,18,25,0,43,3,29,51,4,87,34,0,34,121
10/15/2022,TXK,AR,ASW,CE,Federal Contract Tower,3,8,6,2,19,0,8,5,0,13,3,16,11,2,32,6,0,6,38
10/16/2022,TXK,AR,ASW,CE,Federal Contract Tower,4,4,8,0,16,0,2,7,0,9,4,6,15,0,25,10,0,10,35
10/17/2022,TXK,AR,ASW,CE,Federal Contract Tower,3,8,16,2,29,0,12,11,2,25,3,20,27,4,54,36,0,36,90
10/18/2022,TXK,AR,ASW,CE,Federal Contract Tower,3,3,23,0,29,0,0,21,0,21,3,3,44,0,50,18,0,18,68
10/19/2022,TXK,AR,ASW,CE,Federal Contract Tower,3,8,30,0,41,0,6,20,0,26,3,14,50,0,67,48,0,48,115
10/20/2022,TXK,AR,ASW,CE,Federal Contract Tower,3,5,18,0,26,0,3,26,0,29,3,8,44,0,55,30,0,30,85
10/21/2022,TXK,AR,ASW,CE,Federal Contract Tower,1,12,18,2,33,0,7,34,0,41,1,19,52,2,74,60,0,60,134
10/22/2022,TXK,AR,ASW,CE,Federal Contract Tower,3,4,9,4,20,0,5,8,0,13,3,9,17,4,33,8,8,16,49
10/23/2022,TXK,AR,ASW,CE,Federal Contract Tower,3,3,16,0,22,0,7,23,0,30,3,10,39,0,52,14,0,14,66
10/24/2022,TXK,AR,ASW,CE,Federal Contract Tower,2,7,7,0,16,0,4,5,0,9,2,11,12,0,25,14,0,14,39
10/25/2022,TXK,AR,ASW,CE,Federal Contract Tower,1,7,9,0,17,0,11,16,0,27,1,18,25,0,44,38,0,38,82
10/26/2022,TXK,AR,ASW,CE,Federal Contract Tower,1,14,14,0,29,0,13,40,0,53,1,27,54,0,82,68,0,68,150
10/27/2022,TXK,AR,ASW,CE,Federal Contract Tower,3,7,26,3,39,0,5,24,0,29,3,12,50,3,68,66,6,72,140
10/28/2022,TXK,AR,ASW,CE,Federal Contract Tower,4,6,12,0,22,0,1,9,0,10,4,7,21,0,32,22,0,22,54
10/29/2022,TXK,AR,ASW,CE,Federal Contract Tower,2,10,18,0,30,0,0,0,0,0,2,10,18,0,30,4,0,4,34
10/30/2022,TXK,AR,ASW,CE,Federal Contract Tower,3,4,19,0,26,0,4,4,2,10,3,8,23,2,36,4,0,4,40
10/31/2022,TXK,AR,ASW,CE,Federal Contract Tower,2,6,20,0,28,0,1,27,0,28,2,7,47,0,56,18,0,18,74
11/01/2022,TXK,AR,ASW,CE,Federal Contract Tower,3,3,30,0,36,0,2,28,2,32,3,5,58,2,68,36,0,36,104
11/02/2022,TXK,AR,ASW,CE,Federal Contract Tower,4,5,14,2,25,0,1,27,0,28,4,6,41,2,53,18,0,18,71
11/03/2022,TXK,AR,ASW,CE,Federal Contract Tower,3,4,19,4,30,0,1,27,2,30,3,5,46,6,60,46,0,46,106
11/04/2022,TXK,AR,ASW,CE,Federal Contract Tower,1,5,13,0,19,0,0,6,0,6,1,5,19,0,25,6,0,6,31
11/05/2022,TXK,AR,ASW,CE,Federal Contract Tower,3,2,16,0,21,0,6,22,0,28,3,8,38,0,49,40,0,40,89
11/06/2022,TXK,AR,ASW,CE,Federal Contract Tower,3,4,15,0,22,0,7,17,0,24,3,11,32,0,46,12,0,12,58
11/07/2022,TXK,AR,ASW,CE,Federal Contract Tower,4,7,17,2,30,0,0,0,0,0,4,7,17,2,30,6,0,6,36
11/08/2022,TXK,AR,ASW,CE,Federal Contract Tower,3,5,21,0,29,0,0,0,0,0,3,5,21,0,29,4,0,4,33
11/09/2022,TXK,AR,ASW,CE,Federal Contract Tower,3,6,20,0,29,0,4,18,2,24,3,10,38,2,53,60,0,60,113
11/10/2022,TXK,AR,ASW,CE,Federal Contract Tower,3,4,30,0,37,0,11,41,0,52,3,15,71,0,89,48,0,48,137
11/11/2022,TXK,AR,ASW,CE,Federal Contract Tower,3,5,14,0,22,0,0,2,0,2,3,5,16,0,24,0,0,0,24
11/12/2022,TXK,AR,ASW,CE,Federal Contract Tower,3,10,20,0,33,0,8,11,0,19,3,18,31,0,52,14,0,14,66
11/13/2022,TXK,AR,ASW,CE,Federal Contract Tower,3,7,25,0,35,0,7,15,0,22,3,14,40,0,57,16,0,16,73
11/14/2022,TXK,AR,ASW,CE,Federal Contract Tower,2,4,6,3,15,0,0,3,0,3,2,4,9,3,18,2,0,2,20
11/15/2022,TXK,AR,ASW,CE,Federal Contract Tower,2,4,11,1,18,0,3,3,1,7,2,7,14,2,25,8,0,8,33
11/16/2022,TXK,AR,ASW,CE,Federal Contract Tower,3,4,15,2,24,0,5,20,0,25,3,9,35,2,49,18,0,18,67
11/17/2022,TXK,AR,ASW,CE,Federal Contract Tower,3,6,19,1,29,0,6,17,1,24,3,12,36,2,53,10,0,10,63
11/18/2022,TXK,AR,ASW,CE,Federal Contract Tower,3,2,17,0,22,0,5,14,0,19,3,7,31,0,41,0,0,0,41
11/19/2022,TXK,AR,ASW,CE,Federal Contract Tower,3,6,15,0,24,0,6,19,0,25,3,12,34,0,49,24,0,24,73
11/20/2022,TXK,AR,ASW,CE,Federal Contract Tower,3,4,8,0,15,0,2,18,0,20,3,6,26,0,35,28,0,28,63
11/21/2022,TXK,AR,ASW,CE,Federal Contract Tower,3,5,25,0,33,0,4,23,0,27,3,9,48,0,60,20,0,20,80
11/22/2022,TXK,AR,ASW,CE,Federal Contract Tower,3,16,18,0,37,0,7,16,0,23,3,23,34,0,60,22,0,22,82
11/23/2022,TXK,AR,ASW,CE,Federal Contract Tower,3,5,25,0,33,0,3,9,0,12,3,8,34,0,45,22,0,22,67
11/24/2022,TXK,AR,ASW,CE,Federal Contract Tower,1,3,3,0,7,0,0,0,0,0,1,3,3,0,7,2,0,2,9
11/25/2022,TXK,AR,ASW,CE,Federal Contract Tower,3,6,11,0,20,0,2,0,0,2,3,8,11,0,22,2,0,2,24
11/26/2022,TXK,AR,ASW,CE,Federal Contract Tower,3,8,4,0,15,0,0,0,0,0,3,8,4,0,15,6,0,6,21
11/27/2022,TXK,AR,ASW,CE,Federal Contract Tower,3,5,12,0,20,0,12,16,0,28,3,17,28,0,48,26,0,26,74
11/28/2022,TXK,AR,ASW,CE,Federal Contract Tower,3,7,18,11,39,0,7,20,0,27,3,14,38,11,66,18,0,18,84
11/29/2022,TXK,AR,ASW,CE,Federal Contract Tower,3,8,9,7,27,0,5,5,0,10,3,13,14,7,37,14,0,14,51
11/30/2022,TXK,AR,ASW,CE,Federal Contract Tower,5,3,35,4,47,0,3,25,4,32,5,6,60,8,79,60,0,60,139
12/01/2022,TXK,AR,ASW,CE,Federal Contract Tower,6,1,31,4,42,0,5,11,2,18,6,6,42,6,60,36,32,68,128
12/02/2022,TXK,AR,ASW,CE,Federal Contract Tower,6,6,15,0,27,0,0,5,0,5,6,6,20,0,32,10,0,10,42
12/03/2022,TXK,AR,ASW,CE,Federal Contract Tower,5,1,16,2,24,0,5,15,8,28,5,6,31,10,52,8,0,8,60
12/04/2022,TXK,AR,ASW,CE,Federal Contract Tower,5,8,17,0,30,0,4,3,0,7,5,12,20,0,37,32,0,32,69
12/05/2022,TXK,AR,ASW,CE,Federal Contract Tower,5,2,10,0,17,0,0,1,0,1,5,2,11,0,18,0,0,0,18
12/06/2022,TXK,AR,ASW,CE,Federal Contract Tower,4,5,18,8,35,0,0,14,6,20,4,5,32,14,55,16,26,42,97
12/07/2022,TXK,AR,ASW,CE,Federal Contract Tower,6,6,19,0,31,0,0,2,0,2,6,6,21,0,33,6,0,6,39
12/08/2022,TXK,AR,ASW,CE,Federal Contract Tower,5,7,17,0,29,0,0,1,0,1,5,7,18,0,30,8,0,8,38
12/09/2022,TXK,AR,ASW,CE,Federal Contract Tower,5,2,8,0,15,0,0,0,0,0,5,2,8,0,15,0,0,0,15
12/10/2022,TXK,AR,ASW,CE,Federal Contract Tower,5,3,7,0,15,0,0,2,0,2,5,3,9,0,17,4,0,4,21
12/11/2022,TXK,AR,ASW,CE,Federal Contract Tower,5,9,14,0,28,0,0,0,0,0,5,9,14,0,28,0,0,0,28
12/12/2022,TXK,AR,ASW,CE,Federal Contract Tower,7,0,7,0,14,0,0,0,0,0,7,0,7,0,14,4,0,4,18
12/13/2022,TXK,AR,ASW,CE,Federal Contract Tower,3,1,5,0,9,0,0,0,0,0,3,1,5,0,9,0,0,0,9
12/14/2022,TXK,AR,ASW,CE,Federal Contract Tower,5,7,11,4,27,0,5,20,2,27,5,12,31,6,54,26,10,36,90
12/15/2022,TXK,AR,ASW,CE,Federal Contract Tower,5,1,24,4,34,0,9,19,6,34,5,10,43,10,68,38,10,48,116
12/16/2022,TXK,AR,ASW,CE,Federal Contract Tower,5,4,23,2,34,0,2,16,1,19,5,6,39,3,53,26,30,56,109
12/17/2022,TXK,AR,ASW,CE,Federal Contract Tower,5,3,11,0,19,0,8,14,6,28,5,11,25,6,47,2,0,2,49
12/18/2022,TXK,AR,ASW,CE,Federal Contract Tower,5,0,18,0,23,0,4,13,0,17,5,4,31,0,40,20,0,20,60
12/19/2022,TXK,AR,ASW,CE,Federal Contract Tower,6,1,6,2,15,0,2,7,0,9,6,3,13,2,24,0,0,0,24
12/20/2022,TXK,AR,ASW,CE,Federal Contract Tower,5,3,18,0,26,0,12,21,0,33,5,15,39,0,59,40,0,40,99
12/21/2022,TXK,AR,ASW,CE,Federal Contract Tower,5,2,17,4,28,0,6,29,4,39,5,8,46,8,67,32,30,62,129
12/22/2022,TXK,AR,ASW,CE,Federal Contract Tower,4,2,12,0,18,0,0,0,0,0,4,2,12,0,18,2,0,2,20
12/23/2022,TXK,AR,ASW,CE,Federal Contract Tower,5,1,13,0,19,0,6,10,0,16,5,7,23,0,35,12,0,12,47
12/24/2022,TXK,AR,ASW,CE,Federal Contract Tower,6,4,14,0,24,0,13,11,0,24,6,17,25,0,48,20,0,20,68
12/25/2022,TXK,AR,ASW,CE,Federal Contract Tower,2,0,11,0,13,0,16,12,0,28,2,16,23,0,41,16,0,16,57
12/26/2022,TXK,AR,ASW,CE,Federal Contract Tower,4,2,11,0,17,0,8,34,0,42,4,10,45,0,59,10,0,10,69
12/27/2022,TXK,AR,ASW,CE,Federal Contract Tower,5,4,13,3,25,0,0,19,0,19,5,4,32,3,44,8,0,8,52
12/28/2022,TXK,AR,ASW,CE,Federal Contract Tower,5,0,22,0,27,0,3,17,0,20,5,3,39,0,47,14,0,14,61
12/29/2022,TXK,AR,ASW,CE,Federal Contract Tower,5,5,17,0,27,0,0,0,0,0,5,5,17,0,27,8,0,8,35
12/30/2022,TXK,AR,ASW,CE,Federal Contract Tower,5,5,18,0,28,0,4,9,0,13,5,9,27,0,41,0,0,0,41
12/31/2022,TXK,AR,ASW,CE,Federal Contract Tower,6,5,11,0,22,0,4,17,2,23,6,9,28,2,45,10,6,16,61
01/01/2023,TXK,AR,ASW,CE,Federal Contract Tower,3,3,21,0,27,0,9,15,0,24,3,12,36,0,51,10,0,10,61
01/02/2023,TXK,AR,ASW,CE,Federal Contract Tower,4,2,10,0,16,0,0,0,0,0,4,2,10,0,16,2,0,2,18
01/03/2023,TXK,AR,ASW,CE,Federal Contract Tower,5,0,16,2,23,0,9,24,0,33,5,9,40,2,56,80,0,80,136
01/04/2023,TXK,AR,ASW,CE,Federal Contract Tower,5,2,21,5,33,0,9,28,0,37,5,11,49,5,70,44,8,52,122
01/05/2023,TXK,AR,ASW,CE,Federal Contract Tower,5,0,11,1,17,0,4,18,0,22,5,4,29,1,39,26,0,26,65
01/06/2023,TXK,AR,ASW,CE,Federal Contract Tower,5,5,16,1,27,0,3,13,0,16,5,8,29,1,43,4,2,6,49
01/07/2023,TXK,AR,ASW,CE,Federal Contract Tower,5,1,10,0,16,0,9,12,0,21,5,10,22,0,37,16,0,16,53
01/08/2023,TXK,AR,ASW,CE,Federal Contract Tower,5,4,16,1,26,0,9,19,4,32,5,13,35,5,58,28,10,38,96
01/09/2023,TXK,AR,ASW,CE,Federal Contract Tower,5,3,13,0,21,0,4,16,0,20,5,7,29,0,41,12,0,12,53
01/10/2023,TXK,AR,ASW,CE,Federal Contract Tower,6,3,12,1,22,0,0,25,2,27,6,3,37,3,49,24,0,24,73
01/11/2023,TXK,AR,ASW,CE,Federal Contract Tower,6,7,26,0,39,0,4,20,0,24,6,11,46,0,63,26,0,26,89
01/12/2023,TXK,AR,ASW,CE,Federal Contract Tower,5,4,8,1,18,0,8,3,0,11,5,12,11,1,29,10,0,10,39
01/13/2023,TXK,AR,ASW,CE,Federal Contract Tower,5,0,33,0,38,0,10,20,2,32,5,10,53,2,70,38,0,38,108
01/14/2023,TXK,AR,ASW,CE,Federal Contract Tower,4,1,23,0,28,0,1,26,0,27,4,2,49,0,55,34,0,34,89
01/15/2023,TXK,AR,ASW,CE,Federal Contract Tower,3,4,14,2,23,0,4,12,0,16,3,8,26,2,39,20,0,20,59
01/16/2023,TXK,AR,ASW,CE,Federal Contract Tower,6,0,21,0,27,0,0,10,0,10,6,0,31,0,37,6,0,6,43
01/17/2023,TXK,AR,ASW,CE,Federal Contract Tower,6,1,14,2,23,0,8,13,0,21,6,9,27,2,44,56,0,56,100
01/18/2023,TXK,AR,ASW,CE,Federal Contract Tower,6,8,9,3,26,0,2,2,0,4,6,10,11,3,30,6,6,12,42
01/19/2023,TXK,AR,ASW,CE,Federal Contract Tower,5,2,18,2,27,0,8,12,0,20,5,10,30,2,47,20,0,20,67
01/20/2023,TXK,AR,ASW,CE,Federal Contract Tower,5,2,21,4,32,0,14,13,0,27,5,16,34,4,59,44,10,54,113
01/21/2023,TXK,AR,ASW,CE,Federal Contract Tower,6,2,13,16,37,0,7,6,6,19,6,9,19,22,56,32,56,88,144
01/22/2023,TXK,AR,ASW,CE,Federal Contract Tower,6,2,9,0,17,0,3,3,0,6,6,5,12,0,23,8,0,8,31
01/23/2023,TXK,AR,ASW,CE,Federal Contract Tower,5,3,21,0,29,0,4,16,0,20,5,7,37,0,49,30,0,30,79
01/24/2023,TXK,AR,ASW,CE,Federal Contract Tower,4,2,2,3,11,0,0,0,0,0,4,2,2,3,11,2,2,4,15
01/25/2023,TXK,AR,ASW,CE,Federal Contract Tower,6,2,10,10,28,0,8,8,6,22,6,10,18,16,50,24,10,34,84
01/26/2023,TXK,AR,ASW,CE,Federal Contract Tower,5,5,14,0,24,0,7,10,0,17,5,12,24,0,41,34,0,34,75
01/27/2023,TXK,AR,ASW,CE,Federal Contract Tower,5,1,20,0,26,0,2,25,0,27,5,3,45,0,53,20,0,20,73
01/28/2023,TXK,AR,ASW,CE,Federal Contract Tower,6,3,6,0,15,0,0,0,0,0,6,3,6,0,15,0,0,0,15
01/29/2023,TXK,AR,ASW,CE,Federal Contract Tower,5,2,19,0,26,0,0,0,0,0,5,2,19,0,26,0,0,0,26
01/30/2023,TXK,AR,ASW,CE,Federal Contract Tower,6,0,11,0,17,0,0,0,0,0,6,0,11,0,17,0,0,0,17
01/31/2023,TXK,AR,ASW,CE,Federal Contract Tower,1,2,5,0,8,0,0,0,0,0,1,2,5,0,8,0,0,0,8
02/01/2023,TXK,AR,ASW,CE,Federal Contract Tower,0,3,1,0,4,0,0,0,0,0,0,3,1,0,4,0,0,0,4
02/02/2023,TXK,AR,ASW,CE,Federal Contract Tower,3,2,6,0,11,0,0,0,0,0,3,2,6,0,11,0,0,0,11
02/03/2023,TXK,AR,ASW,CE,Federal Contract Tower,5,0,13,0,18,0,17,19,0,36,5,17,32,0,54,48,0,48,102
02/04/2023,TXK,AR,ASW,CE,Federal Contract Tower,5,0,22,0,27,0,6,16,0,22,5,6,38,0,49,24,0,24,73
02/05/2023,TXK,AR,ASW,CE,Federal Contract Tower,6,3,21,4,34,0,14,17,0,31,6,17,38,4,65,30,6,36,101
02/06/2023,TXK,AR,ASW,CE,Federal Contract Tower,5,1,16,0,22,0,6,8,1,15,5,7,24,1,37,14,0,14,51
02/07/2023,TXK,AR,ASW,CE,Federal Contract Tower,3,2,16,4,25,0,4,15,9,28,3,6,31,13,53,12,56,68,121
02/08/2023,TXK,AR,ASW,CE,Federal Contract Tower,5,2,5,0,12,0,0,0,0,0,5,2,5,0,12,4,0,4,16
02/09/2023,TXK,AR,ASW,CE,Federal Contract Tower,5,4,28,1,38,0,6,18,9,33,5,10,46,10,71,28,0,28,99
02/10/2023,TXK,AR,ASW,CE,Federal Contract Tower,6,3,16,0,25,0,0,1,0,1,6,3,17,0,26,0,0,0,26
02/11/2023,TXK,AR,ASW,CE,Federal Contract Tower,5,6,20,3,34,0,10,19,5,34,5,16,39,8,68,24,2,26,94
02/12/2023,TXK,AR,ASW,CE,Federal Contract Tower,5,2,22,1,30,0,0,16,9,25,5,2,38,10,55,32,0,32,87
02/13/2023,TXK,AR,ASW,CE,Federal Contract Tower,5,2,25,3,35,0,4,39,0,43,5,6,64,3,78,32,0,32,110
02/14/2023,TXK,AR,ASW,CE,Federal Contract Tower,4,2,20,3,29,0,2,3,0,5,4,4,23,3,34,18,2,20,54
02/15/2023,TXK,AR,ASW,CE,Federal Contract Tower,4,6,20,3,33,0,4,13,2,19,4,10,33,5,52,16,2,18,70
02/16/2023,TXK,AR,ASW,CE,Federal Contract Tower,5,10,20,3,38,0,10,11,2,23,5,20,31,5,61,18,2,20,81
02/17/2023,TXK,AR,ASW,CE,Federal Contract Tower,5,5,21,0,31,0,6,32,0,38,5,11,53,0,69,86,0,86,155
02/18/2023,TXK,AR,ASW,CE,Federal Contract Tower,4,1,20,0,25,0,3,24,0,27,4,4,44,0,52,16,0,16,68
02/19/2023,TXK,AR,ASW,CE,Federal Contract Tower,5,3,22,0,30,0,12,19,0,31,5,15,41,0,61,38,0,38,99
02/20/2023,TXK,AR,ASW,CE,Federal Contract Tower,5,8,24,5,42,0,4,26,0,30,5,12,50,5,72,38,6,44,116
02/21/2023,TXK,AR,ASW,CE,Federal Contract Tower,5,7,25,4,41,0,6,15,13,34,5,13,40,17,75,14,58,72,147
02/22/2023,TXK,AR,ASW,CE,Federal Contract Tower,5,1,10,0,16,0,6,3,4,13,5,7,13,4,29,10,0,10,39
02/23/2023,TXK,AR,ASW,CE,Federal Contract Tower,5,5,24,2,36,0,2,10,0,12,5,7,34,2,48,42,4,46,94
02/24/2023,TXK,AR,ASW,CE,Federal Contract Tower,6,7,13,2,28,0,0,1,0,1,6,7,14,2,29,6,0,6,35
02/25/2023,TXK,AR,ASW,CE,Federal Contract Tower,6,4,13,0,23,0,0,0,0,0,6,4,13,0,23,2,0,2,25
02/26/2023,TXK,AR,ASW,CE,Federal Contract Tower,5,2,6,0,13,0,0,2,0,2,5,2,8,0,15,0,0,0,15
02/27/2023,TXK,AR,ASW,CE,Federal Contract Tower,5,11,6,5,27,0,11,18,0,29,5,22,24,5,56,68,6,74,130
02/28/2023,TXK,AR,ASW,CE,Federal Contract Tower,5,6,34,0,45,0,7,38,0,45,5,13,72,0,90,36,0,36,126
03/01/2023,TXK,AR,ASW,CE,Federal Contract Tower,4,2,5,1,12,0,1,11,0,12,4,3,16,1,24,25,0,25,49
03/02/2023,TXK,AR,ASW,CE,Federal Contract Tower,4,1,4,0,9,0,1,0,0,1,4,2,4,0,10,2,0,2,12
03/03/2023,TXK,AR,ASW,CE,Federal Contract Tower,5,8,5,5,23,0,1,12,1,14,5,9,17,6,37,6,4,10,47
03/04/2023,TXK,AR,ASW,CE,Federal Contract Tower,6,1,13,4,24,0,9,29,1,39,6,10,42,5,63,30,0,30,93
03/05/2023,TXK,AR,ASW,CE,Federal Contract Tower,6,8,27,6,47,0,12,19,1,32,6,20,46,7,79,16,8,24,103
03/06/2023,TXK,AR,ASW,CE,Federal Contract Tower,6,4,22,0,32,0,13,20,0,33,6,17,42,0,65,36,0,36,101
03/07/2023,TXK,AR,ASW,CE,Federal Contract Tower,4,8,22,0,34,0,4,22,0,26,4,12,44,0,60,92,0,92,152
03/08/2023,TXK,AR,ASW,CE,Federal Contract Tower,4,5,18,0,27,0,0,0,0,0,4,5,18,0,27,6,0,6,33
03/09/2023,TXK,AR,ASW,CE,Federal Contract Tower,5,5,7,0,17,0,0,10,0,10,5,5,17,0,27,14,0,14,41
03/10/2023,TXK,AR,ASW,CE,Federal Contract Tower,5,3,27,4,39,0,11,14,2,27,5,14,41,6,66,20,20,40,106
03/11/2023,TXK,AR,ASW,CE,Federal Contract Tower,5,1,15,0,21,0,2,4,0,6,5,3,19,0,27,2,0,2,29
03/12/2023,TXK,AR,ASW,CE,Federal Contract Tower,5,2,15,5,27,0,8,12,3,23,5,10,27,8,50,18,8,26,76
03/13/2023,TXK,AR,ASW,CE,Federal Contract Tower,5,6,23,0,34,0,6,21,0,27,5,12,44,0,61,14,0,14,75
03/14/2023,TXK,AR,ASW,CE,Federal Contract Tower,4,1,18,0,23,0,7,55,2,64,4,8,73,2,87,34,0,34,121
03/15/2023,TXK,AR,ASW,CE,Federal Contract Tower,4,0,31,3,38,0,5,25,2,32,4,5,56,5,70,42,6,48,118
03/16/2023,TXK,AR,ASW,CE,Federal Contract Tower,3,0,14,0,17,0,0,0,0,0,3,0,14,0,17,2,0,2,19
03/17/2023,TXK,AR,ASW,CE,Federal Contract Tower,5,0,14,0,19,0,10,14,0,24,5,10,28,0,43,30,0,30,73
03/18/2023,TXK,AR,ASW,CE,Federal Contract Tower,5,1,17,3,26,0,6,32,0,38,5,7,49,3,64,14,0,14,78
03/19/2023,TXK,AR,ASW,CE,Federal Contract Tower,5,2,20,0,27,0,10,11,0,21,5,12,31,0,48,18,0,18,66
03/20/2023,TXK,AR,ASW,CE,Federal Contract Tower,5,4,9,0,18,0,8,8,0,16,5,12,17,0,34,17,0,17,51
03/21/2023,TXK,AR,ASW,CE,Federal Contract Tower,4,9,12,0,25,0,2,9,0,11,4,11,21,0,36,29,0,29,65
03/22/2023,TXK,AR,ASW,CE,Federal Contract Tower,4,4,16,0,24,0,11,4,4,19,4,15,20,4,43,28,10,38,81
03/23/2023,TXK,AR,ASW,CE,Federal Contract Tower,5,5,13,0,23,0,4,12,0,16,5,9,25,0,39,6,0,6,45
03/24/2023,TXK,AR,ASW,CE,Federal Contract Tower,4,4,4,2,14,0,0,3,0,3,4,4,7,2,17,3,0,3,20
03/25/2023,TXK,AR,ASW,CE,Federal Contract Tower,5,2,18,2,27,0,6,28,0,34,5,8,46,2,61,21,0,21,82
03/26/2023,TXK,AR,ASW,CE,Federal Contract Tower,5,3,16,0,24,0,3,40,0,43,5,6,56,0,67,47,0,47,114
03/27/2023,TXK,AR,ASW,CE,Federal Contract Tower,5,3,30,0,38,0,3,26,0,29,5,6,56,0,67,22,0,22,89
03/28/2023,TXK,AR,ASW,CE,Federal Contract Tower,4,4,30,2,40,0,4,25,2,31,4,8,55,4,71,21,0,21,92
03/29/2023,TXK,AR,ASW,CE,Federal Contract Tower,4,0,27,2,33,0,2,45,5,52,4,2,72,7,85,75,0,75,160
03/30/2023,TXK,AR,ASW,CE,Federal Contract Tower,5,1,36,3,45,0,15,13,2,30,5,16,49,5,75,42,2,44,119
03/31/2023,TXK,AR,ASW,CE,Federal Contract Tower,5,0,11,0,16,0,1,4,0,5,5,1,15,0,21,2,0,2,23
04/01/2023,TXK,AR,ASW,CE,Federal Contract Tower,4,11,17,3,35,0,3,23,0,26,4,14,40,3,61,58,2,60,121
04/02/2023,TXK,AR,ASW,CE,Federal Contract Tower,6,0,17,0,23,0,1,13,0,14,6,1,30,0,37,6,0,6,43
04/03/2023,TXK,AR,ASW,CE,Federal Contract Tower,5,4,11,5,25,0,1,12,0,13,5,5,23,5,38,28,0,28,66
04/04/2023,TXK,AR,ASW,CE,Federal Contract Tower,6,6,13,2,27,0,2,5,6,13,6,8,18,8,40,24,0,24,64
04/05/2023,TXK,AR,ASW,CE,Federal Contract Tower,6,12,5,0,23,0,0,3,0,3,6,12,8,0,26,4,0,4,30
04/06/2023,TXK,AR,ASW,CE,Federal Contract Tower,4,5,12,0,21,0,7,10,0,17,4,12,22,0,38,12,0,12,50
04/07/2023,TXK,AR,ASW,CE,Federal Contract Tower,5,4,11,0,20,0,3,9,0,12,5,7,20,0,32,18,0,18,50
04/08/2023,TXK,AR,ASW,CE,Federal Contract Tower,4,2,16,5,27,0,3,17,0,20,4,5,33,5,47,11,6,17,64
04/09/2023,TXK,AR,ASW,CE,Federal Contract Tower,4,0,11,0,15,0,1,3,0,4,4,1,14,0,19,4,0,4,23
04/10/2023,TXK,AR,ASW,CE,Federal Contract Tower,6,3,18,0,27,0,4,15,4,23,6,7,33,4,50,22,0,22,72
04/11/2023,TXK,AR,ASW,CE,Federal Contract Tower,5,5,19,0,29,0,7,17,2,26,5,12,36,2,55,16,0,16,71
04/12/2023,TXK,AR,ASW,CE,Federal Contract Tower,5,1,27,2,35,0,10,34,8,52,5,11,61,10,87,38,0,38,125
04/13/2023,TXK,AR,ASW,CE,Federal Contract Tower,5,5,18,0,28,0,14,8,0,22,5,19,26,0,50,28,0,28,78
04/14/2023,TXK,AR,ASW,CE,Federal Contract Tower,5,4,18,6,33,0,9,35,1,45,5,13,53,7,78,40,6,46,124
04/15/2023,TXK,AR,ASW,CE,Federal Contract Tower,6,2,12,0,20,0,3,10,0,13,6,5,22,0,33,16,0,16,49
04/16/2023,TXK,AR,ASW,CE,Federal Contract Tower,4,4,20,0,28,0,10,17,0,27,4,14,37,0,55,16,0,16,71
04/17/2023,TXK,AR,ASW,CE,Federal Contract Tower,5,3,26,2,36,0,6,26,0,32,5,9,52,2,68,24,0,24,92
04/18/2023,TXK,AR,ASW,CE,Federal Contract Tower,5,3,8,0,16,0,1,14,0,15,5,4,22,0,31,6,0,6,37
04/19/2023,TXK,AR,ASW,CE,Federal Contract Tower,6,8,24,3,41,0,5,10,5,20,6,13,34,8,61,24,2,26,87
04/20/2023,TXK,AR,ASW,CE,Federal Contract Tower,4,0,6,2,12,0,0,4,0,4,4,0,10,2,16,0,0,0,16
04/21/2023,TXK,AR,ASW,CE,Federal Contract Tower,4,4,20,0,28,0,0,8,0,8,4,4,28,0,36,10,0,10,46
04/22/2023,TXK,AR,ASW,CE,Federal Contract Tower,5,0,25,0,30,0,0,11,0,11,5,0,36,0,41,31,0,31,72
04/23/2023,TXK,AR,ASW,CE,Federal Contract Tower,5,3,8,1,17,0,6,8,0,14,5,9,16,1,31,10,2,12,43
04/24/2023,TXK,AR,ASW,CE,Federal Contract Tower,5,7,20,1,33,0,6,15,0,21,5,13,35,1,54,10,2,12,66
04/25/2023,TXK,AR,ASW,CE,Federal Contract Tower,5,11,14,0,30,0,0,11,0,11,5,11,25,0,41,22,0,22,63
04/26/2023,TXK,AR,ASW,CE,Federal Contract Tower,4,3,22,0,29,0,0,1,3,4,4,3,23,3,33,0,0,0,33
04/27/2023,TXK,AR,ASW,CE,Federal Contract Tower,5,5,12,4,26,0,12,4,1,17,5,17,16,5,43,22,0,22,65
04/28/2023,TXK,AR,ASW,CE,Federal Contract Tower,5,5,19,7,36,0,1,18,1,20,5,6,37,8,56,14,0,14,70
04/29/2023,TXK,AR,ASW,CE,Federal Contract Tower,5,0,10,0,15,0,6,0,0,6,5,6,10,0,21,6,0,6,27
04/30/2023,TXK,AR,ASW,CE,Federal Contract Tower,5,5,20,0,30,0,3,20,1,24,5,8,40,1,54,40,4,44,98
05/01/2023,TXK,AR,ASW,CE,Federal Contract Tower,4,2,16,0,22,0,3,24,0,27,4,5,40,0,49,24,0,24,73
05/02/2023,TXK,AR,ASW,CE,Federal Contract Tower,5,5,29,4,43,0,4,24,1,29,5,9,53,5,72,28,20,48,120
05/03/2023,TXK,AR,ASW,CE,Federal Contract Tower,5,6,18,2,31,0,1,23,2,26,5,7,41,4,57,12,0,12,69
05/04/2023,TXK,AR,ASW,CE,Federal Contract Tower,5,4,18,3,30,0,3,16,0,19,5,7,34,3,49,4,0,4,53
05/05/2023,TXK,AR,ASW,CE,Federal Contract Tower,5,9,13,0,27,0,2,5,0,7,5,11,18,0,34,2,0,2,36
05/06/2023,TXK,AR,ASW,CE,Federal Contract Tower,5,5,9,0,19,0,4,4,0,8,5,9,13,0,27,0,0,0,27
05/07/2023,TXK,AR,ASW,CE,Federal Contract Tower,5,2,14,0,21,0,6,9,2,17,5,8,23,2,38,4,0,4,42
05/08/2023,TXK,AR,ASW,CE,Federal Contract Tower,5,0,14,1,20,0,6,6,13,25,5,6,20,14,45,0,8,8,53
05/09/2023,TXK,AR,ASW,CE,Federal Contract Tower,6,2,13,0,21,0,0,21,2,23,6,2,34,2,44,24,0,24,68
05/10/2023,TXK,AR,ASW,CE,Federal Contract Tower,6,0,11,0,17,0,0,8,0,8,6,0,19,0,25,2,0,2,27
05/11/2023,TXK,AR,ASW,CE,Federal Contract Tower,6,14,15,2,37,0,3,11,2,16,6,17,26,4,53,14,6,20,73
05/12/2023,TXK,AR,ASW,CE,Federal Contract Tower,5,8,11,0,24,0,5,4,2,11,5,13,15,2,35,0,0,0,35
05/13/2023,TXK,AR,ASW,CE,Federal Contract Tower,5,5,6,2,18,0,0,8,1,9,5,5,14,3,27,26,0,26,53
05/14/2023,TXK,AR,ASW,CE,Federal Contract Tower,5,5,8,0,18,0,12,5,0,17,5,17,13,0,35,18,0,18,53
05/15/2023,TXK,AR,ASW,CE,Federal Contract Tower,5,3,14,0,22,0,12,12,0,24,5,15,26,0,46,30,0,30,76
05/16/2023,TXK,AR,ASW,CE,Federal Contract Tower,5,3,15,0,23,0,1,18,3,22,5,4,33,3,45,20,0,20,65
05/17/2023,TXK,AR,ASW,CE,Federal Contract Tower,5,4,17,1,27,0,6,9,2,17,5,10,26,3,44,24,2,26,70
05/18/2023,TXK,AR,ASW,CE,Federal Contract Tower,5,5,43,2,55,0,5,32,1,38,5,10,75,3,93,56,18,74,167
05/19/2023,TXK,AR,ASW,CE,Federal Contract Tower,5,0,4,2,11,0,2,17,2,21,5,2,21,4,32,20,0,20,52
05/20/2023,TXK,AR,ASW,CE,Federal Contract Tower,5,4,15,0,24,0,5,11,4,20,5,9,26,4,44,30,0,30,74
05/21/2023,TXK,AR,ASW,CE,Federal Contract Tower,5,1,21,0,27,0,4,21,5,30,5,5,42,5,57,20,0,20,77
05/22/2023,TXK,AR,ASW,CE,Federal Contract Tower,5,6,12,0,23,0,2,32,2,36,5,8,44,2,59,8,0,8,67
05/23/2023,TXK,AR,ASW,CE,Federal Contract Tower,5,6,20,4,35,0,6,28,2,36,5,12,48,6,71,2,8,10,81
05/24/2023,TXK,AR,ASW,CE,Federal Contract Tower,5,5,15,2,27,0,4,24,0,28,5,9,39,2,55,10,0,10,65
05/25/2023,TXK,AR,ASW,CE,Federal Contract Tower,5,3,24,0,32,0,2,20,0,22,5,5,44,0,54,22,0,22,76
05/26/2023,TXK,AR,ASW,CE,Federal Contract Tower,5,4,20,8,37,0,4,24,1,29,5,8,44,9,66,14,6,20,86
05/27/2023,TXK,AR,ASW,CE,Federal Contract Tower,4,1,6,2,13,0,10,7,0,17,4,11,13,2,30,0,0,0,30
05/28/2023,TXK,AR,ASW,CE,Federal Contract Tower,4,2,9,3,18,0,7,10,0,17,4,9,19,3,35,10,2,12,47
05/29/2023,TXK,AR,ASW,CE,Federal Contract Tower,4,3,7,2,16,0,7,20,0,27,4,10,27,2,43,48,0,48,91
05/30/2023,TXK,AR,ASW,CE,Federal Contract Tower,4,6,17,2,29,0,5,19,1,25,4,11,36,3,54,20,22,42,96
05/31/2023,TXK,AR,ASW,CE,Federal Contract Tower,5,1,20,3,29,0,4,13,1,18,5,5,33,4,47,12,22,34,81
06/01/2023,TXK,AR,ASW,CE,Federal Contract Tower,5,7,24,5,41,0,6,19,1,26,5,13,43,6,67,38,12,50,117
06/02/2023,TXK,AR,ASW,CE,Federal Contract Tower,5,3,25,5,38,0,7,23,3,33,5,10,48,8,71,10,16,26,97
06/03/2023,TXK,AR,ASW,CE,Federal Contract Tower,5,3,8,0,16,0,4,11,2,17,5,7,19,2,33,12,0,12,45
06/04/2023,TXK,AR,ASW,CE,Federal Contract Tower,5,1,12,0,18,0,2,20,8,30,5,3,32,8,48,30,12,42,90
06/05/2023,TXK,AR,ASW,CE,Federal Contract Tower,5,2,8,7,22,0,7,3,4,14,5,9,11,11,36,12,16,28,64
06/06/2023,TXK,AR,ASW,CE,Federal Contract Tower,5,2,17,0,24,0,7,18,0,25,5,9,35,0,49,18,0,18,67
06/07/2023,TXK,AR,ASW,CE,Federal Contract Tower,5,0,12,0,17,0,0,11,0,11,5,0,23,0,28,18,0,18,46
06/08/2023,TXK,AR,ASW,CE,Federal Contract Tower,5,8,16,0,29,0,10,11,0,21,5,18,27,0,50,22,0,22,72
06/09/2023,TXK,AR,ASW,CE,Federal Contract Tower,5,3,11,7,26,0,3,17,1,21,5,6,28,8,47,14,0,14,61
06/10/2023,TXK,AR,ASW,CE,Federal Contract Tower,5,3,13,0,21,0,4,9,0,13,5,7,22,0,34,20,0,20,54
06/11/2023,TXK,AR,ASW,CE,Federal Contract Tower,5,3,14,0,22,0,9,13,0,22,5,12,27,0,44,44,0,44,88
06/12/2023,TXK,AR,ASW,CE,Federal Contract Tower,5,6,12,0,23,0,1,6,0,7,5,7,18,0,30,2,0,2,32
06/13/2023,TXK,AR,ASW,CE,Federal Contract Tower,5,0,11,0,16,0,1,0,0,1,5,1,11,0,17,0,0,0,17
06/14/2023,TXK,AR,ASW,CE,Federal Contract Tower,4,2,9,3,18,0,0,2,0,2,4,2,11,3,20,6,0,6,26
06/15/2023,TXK,AR,ASW,CE,Federal Contract Tower,5,5,17,0,27,0,4,15,0,19,5,9,32,0,46,10,0,10,56
06/16/2023,TXK,AR,ASW,CE,Federal Contract Tower,5,3,15,6,29,0,4,8,5,17,5,7,23,11,46,8,4,12,58
06/17/2023,TXK,AR,ASW,CE,Federal Contract Tower,5,8,9,0,22,0,4,6,0,10,5,12,15,0,32,2,0,2,34
06/18/2023,TXK,AR,ASW,CE,Federal Contract Tower,5,0,8,0,13,0,4,3,0,7,5,4,11,0,20,2,0,2,22
06/19/2023,TXK,AR,ASW,CE,Federal Contract Tower,5,2,23,0,30,0,5,12,0,17,5,7,35,0,47,28,0,28,75
06/20/2023,TXK,AR,ASW,CE,Federal Contract Tower,5,1,17,1,24,0,7,10,0,17,5,8,27,1,41,4,2,6,47
06/21/2023,TXK,AR,ASW,CE,Federal Contract Tower,7,1,25,0,33,0,5,27,0,32,7,6,52,0,65,30,0,30,95
06/22/2023,TXK,AR,ASW,CE,Federal Contract Tower,7,3,11,3,24,0,11,33,3,47,7,14,44,6,71,60,0,60,131
06/23/2023,TXK,AR,ASW,CE,Federal Contract Tower,5,1,30,0,36,0,6,17,0,23,5,7,47,0,59,20,0,20,79
06/24/2023,TXK,AR,ASW,CE,Federal Contract Tower,5,8,10,0,23,0,9,18,0,27,5,17,28,0,50,26,0,26,76
06/25/2023,TXK,AR,ASW,CE,Federal Contract Tower,5,5,8,3,21,0,3,6,0,9,5,8,14,3,30,0,0,0,30
06/26/2023,TXK,AR,ASW,CE,Federal Contract Tower,5,3,10,0,18,0,1,5,0,6,5,4,15,0,24,0,0,0,24
06/27/2023,TXK,AR,ASW,CE,Federal Contract Tower,5,3,13,2,23,0,2,26,0,28,5,5,39,2,51,56,0,56,107
06/28/2023,TXK,AR,ASW,CE,Federal Contract Tower,5,5,22,2,34,0,9,27,0,36,5,14,49,2,70,38,0,38,108
06/29/2023,TXK,AR,ASW,CE,Federal Contract Tower,5,6,22,1,34,0,7,19,0,26,5,13,41,1,60,26,2,28,88
06/30/2023,TXK,AR,ASW,CE,Federal Contract Tower,5,3,12,0,20,0,11,6,2,19,5,14,18,2,39,28,0,28,67
07/01/2023,TXK,AR,ASW,CE,Federal Contract Tower,5,3,15,0,23,0,3,11,0,14,5,6,26,0,37,18,0,18,55
07/02/2023,TXK,AR,ASW,CE,Federal Contract Tower,5,0,4,0,9,0,6,7,0,13,5,6,11,0,22,4,0,4,26
07/03/2023,TXK,AR,ASW,CE,Federal Contract Tower,4,1,4,0,9,0,1,3,0,4,4,2,7,0,13,6,0,6,19
07/04/2023,TXK,AR,ASW,CE,Federal Contract Tower,5,0,2,0,7,0,3,9,0,12,5,3,11,0,19,0,0,0,19
07/05/2023,TXK,AR,ASW,CE,Federal Contract Tower,5,4,15,2,26,0,5,10,0,15,5,9,25,2,41,28,2,30,71
07/06/2023,TXK,AR,ASW,CE,Federal Contract Tower,5,1,11,4,21,0,2,9,2,13,5,3,20,6,34,0,6,6,40
07/07/2023,TXK,AR,ASW,CE,Federal Contract Tower,5,1,11,4,21,0,4,7,1,12,5,5,18,5,33,16,6,22,55
07/08/2023,TXK,AR,ASW,CE,Federal Contract Tower,5,2,18,0,25,0,0,4,0,4,5,2,22,0,29,8,0,8,37
07/09/2023,TXK,AR,ASW,CE,Federal Contract Tower,5,2,5,0,12,0,3,5,0,8,5,5,10,0,20,2,0,2,22
07/10/2023,TXK,AR,ASW,CE,Federal Contract Tower,5,1,15,2,23,0,13,4,0,17,5,14,19,2,40,0,0,0,40
07/11/2023,TXK,AR,ASW,CE,Federal Contract Tower,5,4,14,0,23,0,6,12,0,18,5,10,26,0,41,14,0,14,55
07/12/2023,TXK,AR,ASW,CE,Federal Contract Tower,5,0,13,0,18,0,5,6,0,11,5,5,19,0,29,14,0,14,43
07/13/2023,TXK,AR,ASW,CE,Federal Contract Tower,5,8,16,0,29,0,6,6,4,16,5,14,22,4,45,8,0,8,53
07/14/2023,TXK,AR,ASW,CE,Federal Contract Tower,8,6,9,1,24,0,5,7,0,12,8,11,16,1,36,8,2,10,46
07/15/2023,TXK,AR,ASW,CE,Federal Contract Tower,5,2,18,0,25,0,5,9,0,14,5,7,27,0,39,6,0,6,45
07/16/2023,TXK,AR,ASW,CE,Federal Contract Tower,5,5,12,0,22,0,0,5,0,5,5,5,17,0,27,0,0,0,27
07/17/2023,TXK,AR,ASW,CE,Federal Contract Tower,5,5,13,0,23,0,5,16,0,21,5,10,29,0,44,4,0,4,48
07/18/2023,TXK,AR,ASW,CE,Federal Contract Tower,5,4,17,0,26,0,4,5,0,9,5,8,22,0,35,0,0,0,35
07/19/2023,TXK,AR,ASW,CE,Federal Contract Tower,6,11,27,0,44,0,4,12,0,16,6,15,39,0,60,12,0,12,72
07/20/2023,TXK,AR,ASW,CE,Federal Contract Tower,6,8,24,0,38,0,5,22,0,27,6,13,46,0,65,12,0,12,77
07/21/2023,TXK,AR,ASW,CE,Federal Contract Tower,5,2,18,4,29,0,4,12,1,17,5,6,30,5,46,8,4,12,58
07/22/2023,TXK,AR,ASW,CE,Federal Contract Tower,5,0,5,0,10,0,13,24,0,37,5,13,29,0,47,26,0,26,73
07/23/2023,TXK,AR,ASW,CE,Federal Contract Tower,5,1,20,2,28,0,5,18,2,25,5,6,38,4,53,18,10,28,81
07/24/2023,TXK,AR,ASW,CE,Federal Contract Tower,5,4,20,2,31,0,14,12,2,28,5,18,32,4,59,8,4,12,71
07/25/2023,TXK,AR,ASW,CE,Federal Contract Tower,5,7,16,9,37,0,5,4,9,18,5,12,20,18,55,2,0,2,57
07/26/2023,TXK,AR,ASW,CE,Federal Contract Tower,5,3,21,0,29,0,11,5,0,16,5,14,26,0,45,16,0,16,61
07/27/2023,TXK,AR,ASW,CE,Federal Contract Tower,5,4,24,1,34,0,6,8,1,15,5,10,32,2,49,16,0,16,65
07/28/2023,TXK,AR,ASW,CE,Federal Contract Tower,5,1,19,0,25,0,8,17,0,25,5,9,36,0,50,22,0,22,72
07/29/2023,TXK,AR,ASW,CE,Federal Contract Tower,5,4,11,3,23,0,3,7,0,10,5,7,18,3,33,8,0,8,41
07/30/2023,TXK,AR,ASW,CE,Federal Contract Tower,5,4,13,0,22,0,1,7,1,9,5,5,20,1,31,2,0,2,33
07/31/2023,TXK,AR,ASW,CE,Federal Contract Tower,5,4,12,3,24,0,6,6,0,12,5,10,18,3,36,2,20,22,58
08/01/2023,TXK,AR,ASW,CE,Federal Contract Tower,5,6,11,6,28,0,4,21,4,29,5,10,32,10,57,0,0,0,57
08/02/2023,TXK,AR,ASW,CE,Federal Contract Tower,5,4,18,2,29,0,5,9,3,17,5,9,27,5,46,10,0,10,56
08/03/2023,TXK,AR,ASW,CE,Federal Contract Tower,4,1,14,4,23,0,9,14,4,27,4,10,28,8,50,44,0,44,94
08/04/2023,TXK,AR,ASW,CE,Federal Contract Tower,5,3,15,0,23,0,12,11,0,23,5,15,26,0,46,24,0,24,70
08/05/2023,TXK,AR,ASW,CE,Federal Contract Tower,5,3,13,0,21,0,11,15,0,26,5,14,28,0,47,8,0,8,55
08/06/2023,TXK,AR,ASW,CE,Federal Contract Tower,5,5,8,0,18,0,1,12,0,13,5,6,20,0,31,0,0,0,31
08/07/2023,TXK,AR,ASW,CE,Federal Contract Tower,5,4,11,1,21,0,8,10,1,19,5,12,21,2,40,4,0,4,44
08/08/2023,TXK,AR,ASW,CE,Federal Contract Tower,6,0,8,0,14,0,5,8,0,13,6,5,16,0,27,0,0,0,27
08/09/2023,TXK,AR,ASW,CE,Federal Contract Tower,5,3,14,0,22,0,2,11,0,13,5,5,25,0,35,14,0,14,49
08/10/2023,TXK,AR,ASW,CE,Federal Contract Tower,5,6,21,1,33,0,4,9,0,13,5,10,30,1,46,14,2,16,62
08/11/2023,TXK,AR,ASW,CE,Federal Contract Tower,5,4,14,11,34,0,6,5,0,11,5,10,19,11,45,2,20,22,67
08/12/2023,TXK,AR,ASW,CE,Federal Contract Tower,5,2,9,1,17,0,6,5,1,12,5,8,14,2,29,2,0,2,31
08/13/2023,TXK,AR,ASW,CE,Federal Contract Tower,5,2,10,0,17,0,4,15,0,19,5,6,25,0,36,22,0,22,58
08/14/2023,TXK,AR,ASW,CE,Federal Contract Tower,4,5,22,2,33,0,2,14,0,16,4,7,36,2,49,8,2,10,59
08/15/2023,TXK,AR,ASW,CE,Federal Contract Tower,5,8,15,1,29,0,9,12,0,21,5,17,27,1,50,16,0,16,66
08/16/2023,TXK,AR,ASW,CE,Federal Contract Tower,5,11,21,0,37,0,8,12,0,20,5,19,33,0,57,16,0,16,73
08/17/2023,TXK,AR,ASW,CE,Federal Contract Tower,5,5,18,0,28,0,10,17,0,27,5,15,35,0,55,26,0,26,81
08/18/2023,TXK,AR,ASW,CE,Federal Contract Tower,5,4,19,0,28,0,16,8,2,26,5,20,27,2,54,30,0,30,84
08/19/2023,TXK,AR,ASW,CE,Federal Contract Tower,5,4,6,0,15,0,6,9,0,15,5,10,15,0,30,6,0,6,36
08/20/2023,TXK,AR,ASW,CE,Federal Contract Tower,5,5,19,0,29,0,7,23,0,30,5,12,42,0,59,12,0,12,71
08/21/2023,TXK,AR,ASW,CE,Federal Contract Tower,5,4,17,0,26,0,8,7,0,15,5,12,24,0,41,0,0,0,41
08/22/2023,TXK,AR,ASW,CE,Federal Contract Tower,5,2,7,0,14,0,12,10,0,22,5,14,17,0,36,16,0,16,52
08/23/2023,TXK,AR,ASW,CE,Federal Contract Tower,5,5,15,0,25,0,12,12,2,26,5,17,27,2,51,20,0,20,71
08/24/2023,TXK,AR,ASW,CE,Federal Contract Tower,5,4,9,1,19,0,4,11,1,16,5,8,20,2,35,2,0,2,37
08/25/2023,TXK,AR,ASW,CE,Federal Contract Tower,5,6,13,5,29,0,5,16,0,21,5,11,29,5,50,20,8,28,78
08/26/2023,TXK,AR,ASW,CE,Federal Contract Tower,5,5,4,0,14,0,6,28,0,34,5,11,32,0,48,24,0,24,72
08/27/2023,TXK,AR,ASW,CE,Federal Contract Tower,5,3,9,0,17,0,5,15,0,20,5,8,24,0,37,30,0,30,67
08/28/2023,TXK,AR,ASW,CE,Federal Contract Tower,5,3,14,0,22,0,5,6,0,11,5,8,20,0,33,0,0,0,33
08/29/2023,TXK,AR,ASW,CE,Federal Contract Tower,5,7,17,0,29,0,15,13,1,29,5,22,30,1,58,18,0,18,76
08/30/2023,TXK,AR,ASW,CE,Federal Contract Tower,5,6,15,0,26,0,6,16,0,22,5,12,31,0,48,8,0,8,56
08/31/2023,TXK,AR,ASW,CE,Federal Contract Tower,5,0,16,0,21,0,8,14,0,22,5,8,30,0,43,22,0,22,65
