01/01/2000,TYR,TX,ASW,CE,Federal Contract Tower,0,9,10,0,19,0,9,21,0,30,0,18,31,0,49,0,0,0,49
01/02/2000,TYR,TX,ASW,CE,Federal Contract Tower,0,20,23,0,43,0,0,45,0,45,0,20,68,0,88,10,0,10,98
01/03/2000,TYR,TX,ASW,CE,Federal Contract Tower,0,26,29,0,55,0,11,49,0,60,0,37,78,0,115,72,0,72,187
01/04/2000,TYR,TX,ASW,CE,Federal Contract Tower,0,34,39,0,73,0,10,65,0,75,0,44,104,0,148,88,0,88,236
01/05/2000,TYR,TX,ASW,CE,Federal Contract Tower,0,30,35,0,65,0,7,120,2,129,0,37,155,2,194,216,0,216,410
01/06/2000,TYR,TX,ASW,CE,Federal Contract Tower,0,39,58,0,97,0,0,84,4,88,0,39,142,4,185,160,4,164,349
01/07/2000,TYR,TX,ASW,CE,Federal Contract Tower,0,32,51,0,83,0,0,74,0,74,0,32,125,0,157,224,0,224,381
01/08/2000,TYR,TX,ASW,CE,Federal Contract Tower,0,23,35,0,58,0,0,35,0,35,0,23,70,0,93,88,0,88,181
01/09/2000,TYR,TX,ASW,CE,Federal Contract Tower,0,17,19,0,36,0,1,67,0,68,0,18,86,0,104,14,0,14,118
01/10/2000,TYR,TX,ASW,CE,Federal Contract Tower,0,30,35,1,66,0,5,117,2,124,0,35,152,3,190,190,0,190,380
01/11/2000,TYR,TX,ASW,CE,Federal Contract Tower,0,34,39,0,73,0,4,113,0,117,0,38,152,0,190,196,0,196,386
01/12/2000,TYR,TX,ASW,CE,Federal Contract Tower,0,36,48,0,84,0,0,88,0,88,0,36,136,0,172,132,0,132,304
01/13/2000,TYR,TX,ASW,CE,Federal Contract Tower,0,37,47,1,85,0,0,106,1,107,0,37,153,2,192,136,0,136,328
01/14/2000,TYR,TX,ASW,CE,Federal Contract Tower,0,28,32,0,60,0,7,126,0,133,0,35,158,0,193,172,0,172,365
01/15/2000,TYR,TX,ASW,CE,Federal Contract Tower,0,22,36,0,58,0,0,147,0,147,0,22,183,0,205,154,0,154,359
01/16/2000,TYR,TX,ASW,CE,Federal Contract Tower,0,21,29,0,50,0,0,84,0,84,0,21,113,0,134,16,0,16,150
01/17/2000,TYR,TX,ASW,CE,Federal Contract Tower,0,32,47,0,79,0,0,118,0,118,0,32,165,0,197,196,0,196,393
01/18/2000,TYR,TX,ASW,CE,Federal Contract Tower,0,44,59,0,103,0,0,143,4,147,0,44,202,4,250,222,0,222,472
01/19/2000,TYR,TX,ASW,CE,Federal Contract Tower,0,33,40,0,73,0,7,92,0,99,0,40,132,0,172,100,0,100,272
01/20/2000,TYR,TX,ASW,CE,Federal Contract Tower,0,35,42,0,77,0,1,136,2,139,0,36,178,2,216,140,0,140,356
01/21/2000,TYR,TX,ASW,CE,Federal Contract Tower,0,30,37,0,67,0,5,106,0,111,0,35,143,0,178,150,0,150,328
01/22/2000,TYR,TX,ASW,CE,Federal Contract Tower,0,22,28,0,50,0,1,46,0,47,0,23,74,0,97,48,0,48,145
01/23/2000,TYR,TX,ASW,CE,Federal Contract Tower,0,23,30,0,53,0,0,81,0,81,0,23,111,0,134,24,0,24,158
01/24/2000,TYR,TX,ASW,CE,Federal Contract Tower,0,23,28,0,51,0,3,87,0,90,0,26,115,0,141,140,0,140,281
01/25/2000,TYR,TX,ASW,CE,Federal Contract Tower,0,33,40,0,73,0,0,93,0,93,0,33,133,0,166,134,0,134,300
01/26/2000,TYR,TX,ASW,CE,Federal Contract Tower,0,37,45,0,82,0,0,110,0,110,0,37,155,0,192,114,0,114,306
01/27/2000,TYR,TX,ASW,CE,Federal Contract Tower,0,11,14,0,25,0,0,0,0,0,0,11,14,0,25,0,0,0,25
01/28/2000,TYR,TX,ASW,CE,Federal Contract Tower,0,27,32,0,59,0,0,2,0,2,0,27,34,0,61,0,0,0,61
01/29/2000,TYR,TX,ASW,CE,Federal Contract Tower,0,15,19,0,34,0,5,9,2,16,0,20,28,2,50,2,0,2,52
01/30/2000,TYR,TX,ASW,CE,Federal Contract Tower,0,17,21,0,38,0,4,79,0,83,0,21,100,0,121,24,0,24,145
01/31/2000,TYR,TX,ASW,CE,Federal Contract Tower,0,36,47,0,83,0,0,86,0,86,0,36,133,0,169,110,0,110,279
02/01/2000,TYR,TX,ASW,CE,Federal Contract Tower,0,36,50,0,86,0,12,61,0,73,0,48,111,0,159,150,0,150,309
02/02/2000,TYR,TX,ASW,CE,Federal Contract Tower,0,38,67,0,105,0,0,116,0,116,0,38,183,0,221,134,0,134,355
02/03/2000,TYR,TX,ASW,CE,Federal Contract Tower,0,35,55,0,90,0,0,145,0,145,0,35,200,0,235,156,0,156,391
02/04/2000,TYR,TX,ASW,CE,Federal Contract Tower,0,27,49,0,76,0,0,135,0,135,0,27,184,0,211,154,0,154,365
02/05/2000,TYR,TX,ASW,CE,Federal Contract Tower,0,15,21,0,36,0,7,143,0,150,0,22,164,0,186,122,0,122,308
02/06/2000,TYR,TX,ASW,CE,Federal Contract Tower,0,14,19,0,33,0,7,89,0,96,0,21,108,0,129,28,0,28,157
02/07/2000,TYR,TX,ASW,CE,Federal Contract Tower,0,34,52,0,86,0,0,78,0,78,0,34,130,0,164,212,0,212,376
02/08/2000,TYR,TX,ASW,CE,Federal Contract Tower,0,29,39,0,68,0,9,132,0,141,0,38,171,0,209,114,0,114,323
02/09/2000,TYR,TX,ASW,CE,Federal Contract Tower,0,40,57,0,97,0,0,117,0,117,0,40,174,0,214,146,0,146,360
02/10/2000,TYR,TX,ASW,CE,Federal Contract Tower,0,39,60,0,99,0,0,126,0,126,0,39,186,0,225,154,0,154,379
02/11/2000,TYR,TX,ASW,CE,Federal Contract Tower,0,28,48,0,76,0,0,86,0,86,0,28,134,0,162,130,0,130,292
02/12/2000,TYR,TX,ASW,CE,Federal Contract Tower,0,23,47,0,70,0,0,90,0,90,0,23,137,0,160,84,0,84,244
02/13/2000,TYR,TX,ASW,CE,Federal Contract Tower,0,18,25,0,43,0,3,25,0,28,0,21,50,0,71,26,0,26,97
02/14/2000,TYR,TX,ASW,CE,Federal Contract Tower,0,30,40,0,70,0,3,141,2,146,0,33,181,2,216,116,0,116,332
02/15/2000,TYR,TX,ASW,CE,Federal Contract Tower,0,38,55,0,93,0,2,83,0,85,0,40,138,0,178,112,0,112,290
02/16/2000,TYR,TX,ASW,CE,Federal Contract Tower,0,37,92,0,129,0,0,80,0,80,0,37,172,0,209,152,0,152,361
02/17/2000,TYR,TX,ASW,CE,Federal Contract Tower,0,34,48,0,82,0,15,38,0,53,0,49,86,0,135,40,0,40,175
02/18/2000,TYR,TX,ASW,CE,Federal Contract Tower,0,36,53,0,89,0,3,84,0,87,0,39,137,0,176,112,0,112,288
02/19/2000,TYR,TX,ASW,CE,Federal Contract Tower,0,13,20,0,33,0,9,128,0,137,0,22,148,0,170,124,0,124,294
02/20/2000,TYR,TX,ASW,CE,Federal Contract Tower,0,17,26,0,43,0,5,126,0,131,0,22,152,0,174,74,0,74,248
02/21/2000,TYR,TX,ASW,CE,Federal Contract Tower,0,28,40,0,68,0,4,122,0,126,0,32,162,0,194,186,0,186,380
02/22/2000,TYR,TX,ASW,CE,Federal Contract Tower,0,34,48,0,82,0,3,39,0,42,0,37,87,0,124,62,0,62,186
02/23/2000,TYR,TX,ASW,CE,Federal Contract Tower,0,35,55,0,90,0,0,75,0,75,0,35,130,0,165,60,0,60,225
02/24/2000,TYR,TX,ASW,CE,Federal Contract Tower,0,39,66,0,105,0,0,83,0,83,0,39,149,0,188,98,0,98,286
02/25/2000,TYR,TX,ASW,CE,Federal Contract Tower,0,27,40,0,67,2,5,4,0,11,2,32,44,0,78,18,0,18,96
02/26/2000,TYR,TX,ASW,CE,Federal Contract Tower,0,15,22,0,37,0,9,43,0,52,0,24,65,0,89,44,0,44,133
02/27/2000,TYR,TX,ASW,CE,Federal Contract Tower,0,14,20,0,34,0,6,122,0,128,0,20,142,0,162,105,0,105,267
02/28/2000,TYR,TX,ASW,CE,Federal Contract Tower,0,32,51,0,83,0,0,154,0,154,0,32,205,0,237,173,0,173,410
02/29/2000,TYR,TX,ASW,CE,Federal Contract Tower,0,40,57,0,97,0,0,75,0,75,0,40,132,0,172,197,0,197,369
03/01/2000,TYR,TX,ASW,CE,Federal Contract Tower,0,40,51,0,91,0,2,147,0,149,0,42,198,0,240,166,0,166,406
03/02/2000,TYR,TX,ASW,CE,Federal Contract Tower,0,40,52,0,92,0,0,82,0,82,0,40,134,0,174,234,0,234,408
03/03/2000,TYR,TX,ASW,CE,Federal Contract Tower,0,33,42,0,75,0,0,60,0,60,0,33,102,0,135,46,0,46,181
03/04/2000,TYR,TX,ASW,CE,Federal Contract Tower,0,22,41,0,63,0,0,160,0,160,0,22,201,0,223,140,0,140,363
03/05/2000,TYR,TX,ASW,CE,Federal Contract Tower,0,19,23,0,42,0,2,114,1,117,0,21,137,1,159,66,0,66,225
03/06/2000,TYR,TX,ASW,CE,Federal Contract Tower,0,41,56,0,97,0,0,68,2,70,0,41,124,2,167,170,0,170,337
03/07/2000,TYR,TX,ASW,CE,Federal Contract Tower,0,34,43,0,77,0,8,68,0,76,0,42,111,0,153,52,0,52,205
03/08/2000,TYR,TX,ASW,CE,Federal Contract Tower,0,37,52,0,89,0,0,96,0,96,0,37,148,0,185,109,0,109,294
03/09/2000,TYR,TX,ASW,CE,Federal Contract Tower,0,47,60,0,107,0,0,151,0,151,0,47,211,0,258,204,0,204,462
03/10/2000,TYR,TX,ASW,CE,Federal Contract Tower,0,28,35,0,63,0,5,26,0,31,0,33,61,0,94,50,0,50,144
03/11/2000,TYR,TX,ASW,CE,Federal Contract Tower,0,27,34,0,61,0,0,101,0,101,0,27,135,0,162,78,0,78,240
03/12/2000,TYR,TX,ASW,CE,Federal Contract Tower,0,19,23,0,42,0,2,137,0,139,0,21,160,0,181,58,0,58,239
03/13/2000,TYR,TX,ASW,CE,Federal Contract Tower,0,33,43,0,76,0,0,128,0,128,0,33,171,0,204,175,0,175,379
03/14/2000,TYR,TX,ASW,CE,Federal Contract Tower,0,24,32,1,57,0,13,101,1,115,0,37,133,2,172,151,2,153,325
03/15/2000,TYR,TX,ASW,CE,Federal Contract Tower,0,36,65,0,101,0,0,20,0,20,0,36,85,0,121,20,0,20,141
03/16/2000,TYR,TX,ASW,CE,Federal Contract Tower,0,33,51,0,84,0,0,66,0,66,0,33,117,0,150,84,0,84,234
03/17/2000,TYR,TX,ASW,CE,Federal Contract Tower,0,39,51,0,90,0,0,1,0,1,0,39,52,0,91,12,0,12,103
03/18/2000,TYR,TX,ASW,CE,Federal Contract Tower,0,25,37,0,62,0,0,36,0,36,0,25,73,0,98,28,0,28,126
03/19/2000,TYR,TX,ASW,CE,Federal Contract Tower,0,17,23,0,40,0,5,39,0,44,0,22,62,0,84,10,0,10,94
03/20/2000,TYR,TX,ASW,CE,Federal Contract Tower,0,33,43,0,76,0,5,132,0,137,0,38,175,0,213,204,0,204,417
03/21/2000,TYR,TX,ASW,CE,Federal Contract Tower,0,34,46,0,80,0,7,51,0,58,0,41,97,0,138,98,0,98,236
03/22/2000,TYR,TX,ASW,CE,Federal Contract Tower,0,41,56,0,97,0,0,85,2,87,0,41,141,2,184,156,0,156,340
03/23/2000,TYR,TX,ASW,CE,Federal Contract Tower,0,28,38,0,66,0,4,98,0,102,0,32,136,0,168,162,0,162,330
03/24/2000,TYR,TX,ASW,CE,Federal Contract Tower,0,34,60,0,94,0,0,109,0,109,0,34,169,0,203,94,0,94,297
03/25/2000,TYR,TX,ASW,CE,Federal Contract Tower,0,21,28,0,49,0,1,54,0,55,0,22,82,0,104,120,0,120,224
03/26/2000,TYR,TX,ASW,CE,Federal Contract Tower,0,17,22,0,39,0,6,40,2,48,0,23,62,2,87,48,0,48,135
03/27/2000,TYR,TX,ASW,CE,Federal Contract Tower,0,33,43,0,76,0,2,182,0,184,0,35,225,0,260,224,0,224,484
03/28/2000,TYR,TX,ASW,CE,Federal Contract Tower,0,32,42,0,74,0,13,97,4,114,0,45,139,4,188,195,0,195,383
03/29/2000,TYR,TX,ASW,CE,Federal Contract Tower,0,38,49,0,87,0,1,81,0,82,0,39,130,0,169,142,0,142,311
03/30/2000,TYR,TX,ASW,CE,Federal Contract Tower,0,37,60,0,97,0,0,155,1,156,0,37,215,1,253,186,0,186,439
03/31/2000,TYR,TX,ASW,CE,Federal Contract Tower,0,32,43,0,75,0,4,177,1,182,0,36,220,1,257,270,0,270,527
04/01/2000,TYR,TX,ASW,CE,Federal Contract Tower,0,14,14,0,28,0,1,40,0,41,0,15,54,0,69,16,0,16,85
04/02/2000,TYR,TX,ASW,CE,Federal Contract Tower,0,19,22,0,41,0,0,1,0,1,0,19,23,0,42,0,0,0,42
04/03/2000,TYR,TX,ASW,CE,Federal Contract Tower,0,38,42,0,80,0,13,26,0,39,0,51,68,0,119,30,0,30,149
04/04/2000,TYR,TX,ASW,CE,Federal Contract Tower,0,34,39,0,73,0,7,136,0,143,0,41,175,0,216,190,0,190,406
04/05/2000,TYR,TX,ASW,CE,Federal Contract Tower,0,41,45,0,86,0,2,138,0,140,0,43,183,0,226,202,0,202,428
04/06/2000,TYR,TX,ASW,CE,Federal Contract Tower,0,37,42,0,79,0,2,87,0,89,0,39,129,0,168,180,0,180,348
04/07/2000,TYR,TX,ASW,CE,Federal Contract Tower,0,43,50,0,93,0,0,114,0,114,0,43,164,0,207,82,0,82,289
04/08/2000,TYR,TX,ASW,CE,Federal Contract Tower,0,17,19,0,36,0,6,148,2,156,0,23,167,2,192,122,0,122,314
04/09/2000,TYR,TX,ASW,CE,Federal Contract Tower,0,19,25,0,44,0,0,137,0,137,0,19,162,0,181,44,0,44,225
04/10/2000,TYR,TX,ASW,CE,Federal Contract Tower,0,36,41,0,77,0,2,115,1,118,0,38,156,1,195,218,0,218,413
04/11/2000,TYR,TX,ASW,CE,Federal Contract Tower,0,31,34,0,65,0,9,23,0,32,0,40,57,0,97,87,0,87,184
04/12/2000,TYR,TX,ASW,CE,Federal Contract Tower,0,40,59,0,99,0,0,14,0,14,0,40,73,0,113,0,0,0,113
04/13/2000,TYR,TX,ASW,CE,Federal Contract Tower,0,41,75,0,116,0,0,51,0,51,0,41,126,0,167,96,0,96,263
04/14/2000,TYR,TX,ASW,CE,Federal Contract Tower,0,39,55,0,94,0,0,38,0,38,0,39,93,0,132,158,0,158,290
04/15/2000,TYR,TX,ASW,CE,Federal Contract Tower,0,23,33,0,56,0,0,44,0,44,0,23,77,0,100,30,0,30,130
04/16/2000,TYR,TX,ASW,CE,Federal Contract Tower,0,22,26,0,48,0,0,26,0,26,0,22,52,0,74,112,0,112,186
04/17/2000,TYR,TX,ASW,CE,Federal Contract Tower,0,34,41,0,75,0,9,136,0,145,0,43,177,0,220,228,0,228,448
04/18/2000,TYR,TX,ASW,CE,Federal Contract Tower,0,27,32,0,59,0,11,98,0,109,0,38,130,0,168,184,0,184,352
04/19/2000,TYR,TX,ASW,CE,Federal Contract Tower,0,44,51,0,95,1,1,68,0,70,1,45,119,0,165,90,0,90,255
04/20/2000,TYR,TX,ASW,CE,Federal Contract Tower,0,36,42,0,78,0,6,142,0,148,0,42,184,0,226,188,0,188,414
04/21/2000,TYR,TX,ASW,CE,Federal Contract Tower,0,36,50,0,86,0,0,182,0,182,0,36,232,0,268,110,0,110,378
04/22/2000,TYR,TX,ASW,CE,Federal Contract Tower,0,24,32,0,56,0,0,127,0,127,0,24,159,0,183,107,0,107,290
04/23/2000,TYR,TX,ASW,CE,Federal Contract Tower,0,20,25,0,45,0,2,20,0,22,0,22,45,0,67,2,0,2,69
04/24/2000,TYR,TX,ASW,CE,Federal Contract Tower,0,33,40,0,73,0,9,95,0,104,0,42,135,0,177,249,0,249,426
04/25/2000,TYR,TX,ASW,CE,Federal Contract Tower,0,38,45,0,83,0,9,158,0,167,0,47,203,0,250,254,0,254,504
04/26/2000,TYR,TX,ASW,CE,Federal Contract Tower,0,35,42,0,77,0,2,159,2,163,0,37,201,2,240,162,0,162,402
04/27/2000,TYR,TX,ASW,CE,Federal Contract Tower,0,34,41,0,75,0,8,73,0,81,0,42,114,0,156,132,0,132,288
04/28/2000,TYR,TX,ASW,CE,Federal Contract Tower,0,33,38,0,71,0,10,185,0,195,0,43,223,0,266,306,0,306,572
04/29/2000,TYR,TX,ASW,CE,Federal Contract Tower,0,22,35,0,57,0,0,147,0,147,0,22,182,0,204,132,0,132,336
04/30/2000,TYR,TX,ASW,CE,Federal Contract Tower,0,20,31,0,51,0,0,15,0,15,0,20,46,0,66,6,0,6,72
05/01/2000,TYR,TX,ASW,CE,Federal Contract Tower,0,31,38,0,69,0,8,53,0,61,0,39,91,0,130,68,0,68,198
05/02/2000,TYR,TX,ASW,CE,Federal Contract Tower,0,38,45,0,83,0,4,171,0,175,0,42,216,0,258,116,0,116,374
05/03/2000,TYR,TX,ASW,CE,Federal Contract Tower,0,46,55,0,101,0,3,79,0,82,0,49,134,0,183,126,0,126,309
05/04/2000,TYR,TX,ASW,CE,Federal Contract Tower,0,34,45,0,79,0,0,33,0,33,0,34,78,0,112,64,0,64,176
05/05/2000,TYR,TX,ASW,CE,Federal Contract Tower,0,43,57,0,100,1,0,42,0,43,1,43,99,0,143,54,0,54,197
05/06/2000,TYR,TX,ASW,CE,Federal Contract Tower,0,26,32,0,58,0,0,58,0,58,0,26,90,0,116,24,0,24,140
05/07/2000,TYR,TX,ASW,CE,Federal Contract Tower,0,23,30,0,53,0,0,53,0,53,0,23,83,0,106,34,0,34,140
05/08/2000,TYR,TX,ASW,CE,Federal Contract Tower,0,36,49,0,85,0,0,123,0,123,0,36,172,0,208,132,0,132,340
05/09/2000,TYR,TX,ASW,CE,Federal Contract Tower,0,42,59,0,101,0,0,93,0,93,0,42,152,0,194,210,0,210,404
05/10/2000,TYR,TX,ASW,CE,Federal Contract Tower,0,49,58,0,107,0,12,89,0,101,0,61,147,0,208,195,0,195,403
05/11/2000,TYR,TX,ASW,CE,Federal Contract Tower,0,39,53,1,93,0,0,91,1,92,0,39,144,2,185,94,0,94,279
05/12/2000,TYR,TX,ASW,CE,Federal Contract Tower,0,37,53,0,90,0,0,65,0,65,0,37,118,0,155,106,0,106,261
05/13/2000,TYR,TX,ASW,CE,Federal Contract Tower,0,17,20,0,37,0,6,119,0,125,0,23,139,0,162,110,0,110,272
05/14/2000,TYR,TX,ASW,CE,Federal Contract Tower,0,16,19,0,35,0,4,103,0,107,0,20,122,0,142,84,0,84,226
05/15/2000,TYR,TX,ASW,CE,Federal Contract Tower,0,41,52,1,94,0,0,142,5,147,0,41,194,6,241,194,0,194,435
05/16/2000,TYR,TX,ASW,CE,Federal Contract Tower,0,44,56,0,100,0,0,89,0,89,0,44,145,0,189,78,0,78,267
05/17/2000,TYR,TX,ASW,CE,Federal Contract Tower,0,33,39,0,72,0,17,86,0,103,0,50,125,0,175,46,0,46,221
05/18/2000,TYR,TX,ASW,CE,Federal Contract Tower,0,44,54,0,98,0,1,75,0,76,0,45,129,0,174,130,0,130,304
05/19/2000,TYR,TX,ASW,CE,Federal Contract Tower,0,30,37,0,67,0,1,9,0,10,0,31,46,0,77,4,0,4,81
05/20/2000,TYR,TX,ASW,CE,Federal Contract Tower,0,22,27,0,49,0,2,74,0,76,0,24,101,0,125,12,0,12,137
05/21/2000,TYR,TX,ASW,CE,Federal Contract Tower,0,20,26,0,46,0,3,93,1,97,0,23,119,1,143,40,0,40,183
05/22/2000,TYR,TX,ASW,CE,Federal Contract Tower,0,30,37,0,67,0,8,145,0,153,0,38,182,0,220,210,0,210,430
05/23/2000,TYR,TX,ASW,CE,Federal Contract Tower,0,35,43,0,78,0,3,176,0,179,0,38,219,0,257,74,0,74,331
05/24/2000,TYR,TX,ASW,CE,Federal Contract Tower,0,37,46,0,83,0,6,106,0,112,0,43,152,0,195,98,0,98,293
05/25/2000,TYR,TX,ASW,CE,Federal Contract Tower,0,35,44,0,79,0,2,133,0,135,0,37,177,0,214,212,0,212,426
05/26/2000,TYR,TX,ASW,CE,Federal Contract Tower,0,35,49,0,84,0,0,97,0,97,0,35,146,0,181,78,0,78,259
05/27/2000,TYR,TX,ASW,CE,Federal Contract Tower,0,17,24,0,41,0,0,42,0,42,0,17,66,0,83,80,0,80,163
05/28/2000,TYR,TX,ASW,CE,Federal Contract Tower,0,15,20,0,35,0,11,95,0,106,0,26,115,0,141,26,0,26,167
05/29/2000,TYR,TX,ASW,CE,Federal Contract Tower,0,19,27,0,46,0,0,137,0,137,0,19,164,0,183,120,0,120,303
05/30/2000,TYR,TX,ASW,CE,Federal Contract Tower,0,37,46,0,83,0,0,105,3,108,0,37,151,3,191,208,0,208,399
05/31/2000,TYR,TX,ASW,CE,Federal Contract Tower,0,33,42,0,75,0,17,158,4,179,0,50,200,4,254,172,0,172,426
06/01/2000,TYR,TX,ASW,CE,Federal Contract Tower,0,41,52,0,93,0,1,183,0,184,0,42,235,0,277,376,2,378,655
06/02/2000,TYR,TX,ASW,CE,Federal Contract Tower,0,38,49,0,87,0,0,147,3,150,0,38,196,3,237,176,2,178,415
06/03/2000,TYR,TX,ASW,CE,Federal Contract Tower,0,21,26,0,47,0,1,59,0,60,0,22,85,0,107,94,0,94,201
06/04/2000,TYR,TX,ASW,CE,Federal Contract Tower,0,14,17,0,31,0,2,4,0,6,0,16,21,0,37,4,0,4,41
06/05/2000,TYR,TX,ASW,CE,Federal Contract Tower,0,37,49,0,86,0,0,91,0,91,0,37,140,0,177,125,0,125,302
06/06/2000,TYR,TX,ASW,CE,Federal Contract Tower,0,38,47,0,85,0,1,137,0,138,0,39,184,0,223,121,0,121,344
06/07/2000,TYR,TX,ASW,CE,Federal Contract Tower,0,38,48,0,86,0,2,184,0,186,0,40,232,0,272,238,0,238,510
06/08/2000,TYR,TX,ASW,CE,Federal Contract Tower,0,36,45,0,81,0,3,130,0,133,0,39,175,0,214,238,0,238,452
06/09/2000,TYR,TX,ASW,CE,Federal Contract Tower,0,33,59,0,92,0,0,42,0,42,0,33,101,0,134,40,0,40,174
06/10/2000,TYR,TX,ASW,CE,Federal Contract Tower,0,18,33,0,51,0,0,50,0,50,0,18,83,0,101,78,0,78,179
06/11/2000,TYR,TX,ASW,CE,Federal Contract Tower,0,19,25,0,44,0,0,19,0,19,0,19,44,0,63,40,0,40,103
06/12/2000,TYR,TX,ASW,CE,Federal Contract Tower,0,35,44,0,79,0,1,89,0,90,0,36,133,0,169,180,0,180,349
06/13/2000,TYR,TX,ASW,CE,Federal Contract Tower,0,41,53,0,94,0,0,137,0,137,0,41,190,0,231,88,0,88,319
06/14/2000,TYR,TX,ASW,CE,Federal Contract Tower,0,34,42,0,76,0,7,70,0,77,0,41,112,0,153,128,0,128,281
06/15/2000,TYR,TX,ASW,CE,Federal Contract Tower,0,40,60,0,100,0,0,75,0,75,0,40,135,0,175,134,0,134,309
06/16/2000,TYR,TX,ASW,CE,Federal Contract Tower,0,37,48,0,85,0,4,111,0,115,0,41,159,0,200,132,0,132,332
06/17/2000,TYR,TX,ASW,CE,Federal Contract Tower,0,22,29,0,51,0,4,41,0,45,0,26,70,0,96,102,0,102,198
06/18/2000,TYR,TX,ASW,CE,Federal Contract Tower,0,16,23,0,39,0,6,7,0,13,0,22,30,0,52,10,0,10,62
06/19/2000,TYR,TX,ASW,CE,Federal Contract Tower,0,35,46,0,81,0,5,40,0,45,0,40,86,0,126,48,0,48,174
06/20/2000,TYR,TX,ASW,CE,Federal Contract Tower,0,42,59,0,101,0,0,83,0,83,0,42,142,0,184,133,0,133,317
06/21/2000,TYR,TX,ASW,CE,Federal Contract Tower,0,43,57,0,100,0,2,80,0,82,0,45,137,0,182,140,0,140,322
06/22/2000,TYR,TX,ASW,CE,Federal Contract Tower,0,46,70,0,116,0,0,129,0,129,0,46,199,0,245,236,0,236,481
06/23/2000,TYR,TX,ASW,CE,Federal Contract Tower,0,39,51,0,90,0,1,166,0,167,0,40,217,0,257,210,0,210,467
06/24/2000,TYR,TX,ASW,CE,Federal Contract Tower,0,27,50,0,77,0,0,170,0,170,0,27,220,0,247,122,0,122,369
06/25/2000,TYR,TX,ASW,CE,Federal Contract Tower,0,21,28,0,49,0,3,71,0,74,0,24,99,0,123,20,0,20,143
06/26/2000,TYR,TX,ASW,CE,Federal Contract Tower,0,31,42,0,73,0,1,87,0,88,0,32,129,0,161,152,0,152,313
06/27/2000,TYR,TX,ASW,CE,Federal Contract Tower,0,43,57,0,100,0,7,39,0,46,0,50,96,0,146,62,0,62,208
06/28/2000,TYR,TX,ASW,CE,Federal Contract Tower,0,42,56,0,98,0,13,131,0,144,0,55,187,0,242,304,0,304,546
06/29/2000,TYR,TX,ASW,CE,Federal Contract Tower,0,39,54,0,93,0,0,129,0,129,0,39,183,0,222,164,0,164,386
06/30/2000,TYR,TX,ASW,CE,Federal Contract Tower,0,37,50,0,87,0,5,100,0,105,0,42,150,0,192,88,0,88,280
07/01/2000,TYR,TX,ASW,CE,Federal Contract Tower,0,23,36,0,59,0,0,75,0,75,0,23,111,0,134,122,0,122,256
07/02/2000,TYR,TX,ASW,CE,Federal Contract Tower,0,19,22,0,41,0,0,39,0,39,0,19,61,0,80,4,0,4,84
07/03/2000,TYR,TX,ASW,CE,Federal Contract Tower,0,23,39,0,62,0,0,122,0,122,0,23,161,0,184,257,0,257,441
07/04/2000,TYR,TX,ASW,CE,Federal Contract Tower,0,18,21,0,39,0,4,97,0,101,0,22,118,0,140,124,0,124,264
07/05/2000,TYR,TX,ASW,CE,Federal Contract Tower,0,35,41,0,76,0,0,118,0,118,0,35,159,0,194,153,0,153,347
07/06/2000,TYR,TX,ASW,CE,Federal Contract Tower,0,37,47,0,84,0,0,148,0,148,0,37,195,0,232,182,0,182,414
07/07/2000,TYR,TX,ASW,CE,Federal Contract Tower,0,35,40,0,75,0,3,120,0,123,0,38,160,0,198,160,0,160,358
07/08/2000,TYR,TX,ASW,CE,Federal Contract Tower,0,23,27,0,50,0,10,125,0,135,0,33,152,0,185,100,0,100,285
07/09/2000,TYR,TX,ASW,CE,Federal Contract Tower,0,19,22,0,41,0,0,85,0,85,0,19,107,0,126,6,0,6,132
07/10/2000,TYR,TX,ASW,CE,Federal Contract Tower,0,27,31,1,59,0,1,131,1,133,0,28,162,2,192,62,0,62,254
07/11/2000,TYR,TX,ASW,CE,Federal Contract Tower,0,34,39,1,74,0,4,130,4,138,0,38,169,5,212,171,0,171,383
07/12/2000,TYR,TX,ASW,CE,Federal Contract Tower,0,33,39,0,72,0,4,136,0,140,0,37,175,0,212,232,4,236,448
07/13/2000,TYR,TX,ASW,CE,Federal Contract Tower,0,34,40,0,74,0,5,140,0,145,0,39,180,0,219,182,0,182,401
07/14/2000,TYR,TX,ASW,CE,Federal Contract Tower,0,32,37,1,70,0,8,131,1,140,0,40,168,2,210,210,0,210,420
07/15/2000,TYR,TX,ASW,CE,Federal Contract Tower,0,19,22,0,41,0,2,149,0,151,0,21,171,0,192,132,0,132,324
07/16/2000,TYR,TX,ASW,CE,Federal Contract Tower,0,19,26,0,45,0,0,90,0,90,0,19,116,0,135,36,0,36,171
07/17/2000,TYR,TX,ASW,CE,Federal Contract Tower,0,41,49,0,90,0,0,127,0,127,0,41,176,0,217,145,0,145,362
07/18/2000,TYR,TX,ASW,CE,Federal Contract Tower,0,32,39,0,71,0,3,127,0,130,0,35,166,0,201,205,0,205,406
07/19/2000,TYR,TX,ASW,CE,Federal Contract Tower,0,36,44,0,80,0,0,147,3,150,0,36,191,3,230,192,0,192,422
07/20/2000,TYR,TX,ASW,CE,Federal Contract Tower,0,32,38,0,70,0,5,125,0,130,0,37,163,0,200,94,0,94,294
07/21/2000,TYR,TX,ASW,CE,Federal Contract Tower,0,30,37,0,67,0,6,147,0,153,0,36,184,0,220,196,0,196,416
07/22/2000,TYR,TX,ASW,CE,Federal Contract Tower,0,23,34,0,57,0,0,117,1,118,0,23,151,1,175,156,0,156,331
07/23/2000,TYR,TX,ASW,CE,Federal Contract Tower,0,18,23,0,41,0,2,68,0,70,0,20,91,0,111,6,0,6,117
07/24/2000,TYR,TX,ASW,CE,Federal Contract Tower,0,28,34,0,62,0,7,101,0,108,0,35,135,0,170,56,0,56,226
07/25/2000,TYR,TX,ASW,CE,Federal Contract Tower,0,35,43,0,78,0,4,156,0,160,0,39,199,0,238,188,0,188,426
07/26/2000,TYR,TX,ASW,CE,Federal Contract Tower,0,48,58,0,106,0,7,137,0,144,0,55,195,0,250,208,0,208,458
07/27/2000,TYR,TX,ASW,CE,Federal Contract Tower,0,36,47,0,83,0,0,121,0,121,0,36,168,0,204,146,0,146,350
07/28/2000,TYR,TX,ASW,CE,Federal Contract Tower,0,38,45,0,83,0,0,137,0,137,0,38,182,0,220,222,0,222,442
07/29/2000,TYR,TX,ASW,CE,Federal Contract Tower,0,21,25,0,46,0,2,96,0,98,0,23,121,0,144,172,0,172,316
07/30/2000,TYR,TX,ASW,CE,Federal Contract Tower,0,14,17,0,31,0,5,55,0,60,0,19,72,0,91,14,0,14,105
07/31/2000,TYR,TX,ASW,CE,Federal Contract Tower,0,35,53,0,88,0,0,138,0,138,0,35,191,0,226,128,0,128,354
08/01/2000,TYR,TX,ASW,CE,Federal Contract Tower,0,37,36,0,73,0,0,117,0,117,0,37,153,0,190,144,0,144,334
08/02/2000,TYR,TX,ASW,CE,Federal Contract Tower,0,32,29,0,61,0,3,123,0,126,0,35,152,0,187,196,0,196,383
08/03/2000,TYR,TX,ASW,CE,Federal Contract Tower,0,37,35,0,72,0,2,136,0,138,0,39,171,0,210,220,0,220,430
08/04/2000,TYR,TX,ASW,CE,Federal Contract Tower,0,35,34,0,69,0,1,128,0,129,0,36,162,0,198,132,0,132,330
08/05/2000,TYR,TX,ASW,CE,Federal Contract Tower,0,21,20,0,41,0,0,125,0,125,0,21,145,0,166,118,0,118,284
08/06/2000,TYR,TX,ASW,CE,Federal Contract Tower,0,16,16,0,32,0,0,65,0,65,0,16,81,0,97,40,0,40,137
08/07/2000,TYR,TX,ASW,CE,Federal Contract Tower,0,33,34,0,67,0,0,121,0,121,0,33,155,0,188,168,0,168,356
08/08/2000,TYR,TX,ASW,CE,Federal Contract Tower,0,35,33,0,68,0,4,96,0,100,0,39,129,0,168,198,0,198,366
08/09/2000,TYR,TX,ASW,CE,Federal Contract Tower,0,39,43,0,82,0,0,137,0,137,0,39,180,0,219,184,0,184,403
08/10/2000,TYR,TX,ASW,CE,Federal Contract Tower,0,29,28,0,57,2,10,135,0,147,2,39,163,0,204,202,0,202,406
08/11/2000,TYR,TX,ASW,CE,Federal Contract Tower,0,40,39,0,79,0,0,167,0,167,0,40,206,0,246,140,0,140,386
08/12/2000,TYR,TX,ASW,CE,Federal Contract Tower,0,13,13,1,27,0,8,438,4,450,0,21,451,5,477,40,7,47,524
08/13/2000,TYR,TX,ASW,CE,Federal Contract Tower,0,18,16,0,34,0,0,65,0,65,0,18,81,0,99,10,0,10,109
08/14/2000,TYR,TX,ASW,CE,Federal Contract Tower,0,32,29,1,62,0,3,115,1,119,0,35,144,2,181,82,0,82,263
08/15/2000,TYR,TX,ASW,CE,Federal Contract Tower,0,38,36,0,74,0,3,146,0,149,0,41,182,0,223,291,0,291,514
08/16/2000,TYR,TX,ASW,CE,Federal Contract Tower,0,40,37,0,77,0,2,152,0,154,0,42,189,0,231,304,0,304,535
08/17/2000,TYR,TX,ASW,CE,Federal Contract Tower,0,36,34,0,70,0,0,184,2,186,0,36,218,2,256,348,0,348,604
08/18/2000,TYR,TX,ASW,CE,Federal Contract Tower,0,32,29,0,61,0,0,110,0,110,0,32,139,0,171,162,0,162,333
08/19/2000,TYR,TX,ASW,CE,Federal Contract Tower,0,13,12,0,25,0,8,127,0,135,0,21,139,0,160,138,0,138,298
08/20/2000,TYR,TX,ASW,CE,Federal Contract Tower,0,17,21,0,38,0,0,56,0,56,0,17,77,0,94,18,0,18,112
08/21/2000,TYR,TX,ASW,CE,Federal Contract Tower,0,38,35,0,73,0,1,100,0,101,0,39,135,0,174,118,0,118,292
08/22/2000,TYR,TX,ASW,CE,Federal Contract Tower,0,32,29,0,61,0,10,107,0,117,0,42,136,0,178,120,0,120,298
08/23/2000,TYR,TX,ASW,CE,Federal Contract Tower,0,34,30,0,64,0,3,125,0,128,0,37,155,0,192,244,0,244,436
08/24/2000,TYR,TX,ASW,CE,Federal Contract Tower,0,39,39,0,78,0,0,157,7,164,0,39,196,7,242,322,2,324,566
08/25/2000,TYR,TX,ASW,CE,Federal Contract Tower,0,33,30,0,63,0,7,149,0,156,0,40,179,0,219,189,0,189,408
08/26/2000,TYR,TX,ASW,CE,Federal Contract Tower,0,21,22,0,43,0,0,172,2,174,0,21,194,2,217,120,0,120,337
08/27/2000,TYR,TX,ASW,CE,Federal Contract Tower,0,18,19,0,37,0,0,94,1,95,0,18,113,1,132,22,0,22,154
08/28/2000,TYR,TX,ASW,CE,Federal Contract Tower,0,40,39,0,79,0,0,114,0,114,0,40,153,0,193,236,2,238,431
08/29/2000,TYR,TX,ASW,CE,Federal Contract Tower,0,38,40,0,78,0,0,122,0,122,0,38,162,0,200,193,0,193,393
08/30/2000,TYR,TX,ASW,CE,Federal Contract Tower,0,30,27,0,57,0,8,134,0,142,0,38,161,0,199,266,0,266,465
08/31/2000,TYR,TX,ASW,CE,Federal Contract Tower,0,39,40,0,79,0,0,148,0,148,0,39,188,0,227,132,0,132,359
09/01/2000,TYR,TX,ASW,CE,Federal Contract Tower,0,36,46,0,82,0,0,120,0,120,0,36,166,0,202,142,0,142,344
09/02/2000,TYR,TX,ASW,CE,Federal Contract Tower,0,17,21,0,38,0,4,118,3,125,0,21,139,3,163,70,0,70,233
09/03/2000,TYR,TX,ASW,CE,Federal Contract Tower,0,9,9,0,18,0,5,60,0,65,0,14,69,0,83,34,0,34,117
09/04/2000,TYR,TX,ASW,CE,Federal Contract Tower,0,16,18,0,34,0,7,117,0,124,0,23,135,0,158,136,0,136,294
09/05/2000,TYR,TX,ASW,CE,Federal Contract Tower,0,41,48,0,89,0,1,112,0,113,0,42,160,0,202,154,0,154,356
09/06/2000,TYR,TX,ASW,CE,Federal Contract Tower,0,30,35,0,65,0,10,123,2,135,0,40,158,2,200,186,2,188,388
09/07/2000,TYR,TX,ASW,CE,Federal Contract Tower,0,33,39,0,72,0,3,129,0,132,0,36,168,0,204,124,0,124,328
09/08/2000,TYR,TX,ASW,CE,Federal Contract Tower,0,37,46,0,83,0,0,78,0,78,0,37,124,0,161,84,0,84,245
09/09/2000,TYR,TX,ASW,CE,Federal Contract Tower,0,21,37,0,58,0,0,74,0,74,0,21,111,0,132,104,0,104,236
09/10/2000,TYR,TX,ASW,CE,Federal Contract Tower,0,20,24,0,44,0,0,67,0,67,0,20,91,0,111,12,0,12,123
09/11/2000,TYR,TX,ASW,CE,Federal Contract Tower,0,28,32,0,60,0,5,101,4,110,0,33,133,4,170,161,0,161,331
09/12/2000,TYR,TX,ASW,CE,Federal Contract Tower,0,30,39,0,69,0,0,58,0,58,0,30,97,0,127,131,0,131,258
09/13/2000,TYR,TX,ASW,CE,Federal Contract Tower,0,36,51,0,87,0,0,115,0,115,0,36,166,0,202,194,0,194,396
09/14/2000,TYR,TX,ASW,CE,Federal Contract Tower,0,36,58,0,94,0,0,137,0,137,0,36,195,0,231,186,0,186,417
09/15/2000,TYR,TX,ASW,CE,Federal Contract Tower,0,37,45,0,82,0,1,128,0,129,0,38,173,0,211,106,0,106,317
09/16/2000,TYR,TX,ASW,CE,Federal Contract Tower,0,14,19,0,33,0,6,154,0,160,0,20,173,0,193,148,0,148,341
09/17/2000,TYR,TX,ASW,CE,Federal Contract Tower,0,21,27,0,48,0,1,101,0,102,0,22,128,0,150,18,0,18,168
09/18/2000,TYR,TX,ASW,CE,Federal Contract Tower,0,27,33,0,60,0,6,113,0,119,0,33,146,0,179,126,0,126,305
09/19/2000,TYR,TX,ASW,CE,Federal Contract Tower,0,35,43,0,78,0,4,142,0,146,0,39,185,0,224,190,0,190,414
09/20/2000,TYR,TX,ASW,CE,Federal Contract Tower,0,38,62,0,100,0,0,79,0,79,0,38,141,0,179,106,0,106,285
09/21/2000,TYR,TX,ASW,CE,Federal Contract Tower,0,38,47,0,85,2,4,114,0,120,2,42,161,0,205,203,0,203,408
09/22/2000,TYR,TX,ASW,CE,Federal Contract Tower,0,39,65,0,104,0,0,57,0,57,0,39,122,0,161,48,0,48,209
09/23/2000,TYR,TX,ASW,CE,Federal Contract Tower,0,17,22,0,39,0,5,62,1,68,0,22,84,1,107,36,0,36,143
09/24/2000,TYR,TX,ASW,CE,Federal Contract Tower,0,17,29,0,46,0,0,14,0,14,0,17,43,0,60,4,0,4,64
09/25/2000,TYR,TX,ASW,CE,Federal Contract Tower,0,34,42,0,76,0,0,60,2,62,0,34,102,2,138,34,40,74,212
09/26/2000,TYR,TX,ASW,CE,Federal Contract Tower,0,33,40,0,73,0,5,159,2,166,0,38,199,2,239,194,0,194,433
09/27/2000,TYR,TX,ASW,CE,Federal Contract Tower,0,38,49,0,87,0,0,195,0,195,0,38,244,0,282,252,0,252,534
09/28/2000,TYR,TX,ASW,CE,Federal Contract Tower,0,38,46,0,84,0,0,173,2,175,0,38,219,2,259,120,0,120,379
09/29/2000,TYR,TX,ASW,CE,Federal Contract Tower,0,29,37,0,66,0,10,161,0,171,0,39,198,0,237,202,0,202,439
09/30/2000,TYR,TX,ASW,CE,Federal Contract Tower,0,22,28,0,50,0,0,137,0,137,0,22,165,0,187,98,0,98,285
10/01/2000,TYR,TX,ASW,CE,Federal Contract Tower,0,20,28,0,48,0,0,73,0,73,0,20,101,0,121,8,0,8,129
10/02/2000,TYR,TX,ASW,CE,Federal Contract Tower,0,26,38,0,64,0,15,70,0,85,0,41,108,0,149,90,0,90,239
10/03/2000,TYR,TX,ASW,CE,Federal Contract Tower,0,39,54,0,93,0,6,87,0,93,0,45,141,0,186,174,0,174,360
10/04/2000,TYR,TX,ASW,CE,Federal Contract Tower,0,36,53,0,89,0,0,118,0,118,0,36,171,0,207,268,0,268,475
10/05/2000,TYR,TX,ASW,CE,Federal Contract Tower,0,38,58,0,96,0,0,38,0,38,0,38,96,0,134,71,0,71,205
10/06/2000,TYR,TX,ASW,CE,Federal Contract Tower,0,34,50,0,84,0,0,0,0,0,0,34,50,0,84,18,0,18,102
10/07/2000,TYR,TX,ASW,CE,Federal Contract Tower,0,18,25,0,43,0,3,37,0,40,0,21,62,0,83,18,0,18,101
10/08/2000,TYR,TX,ASW,CE,Federal Contract Tower,0,14,18,0,32,0,5,58,0,63,0,19,76,0,95,42,0,42,137
10/09/2000,TYR,TX,ASW,CE,Federal Contract Tower,0,31,42,0,73,0,1,121,0,122,0,32,163,0,195,155,0,155,350
10/10/2000,TYR,TX,ASW,CE,Federal Contract Tower,0,38,53,0,91,0,2,138,0,140,0,40,191,0,231,214,0,214,445
10/11/2000,TYR,TX,ASW,CE,Federal Contract Tower,0,37,59,0,96,0,0,159,0,159,0,37,218,0,255,264,0,264,519
10/12/2000,TYR,TX,ASW,CE,Federal Contract Tower,0,36,50,0,86,0,2,126,0,128,0,38,176,0,214,150,0,150,364
10/13/2000,TYR,TX,ASW,CE,Federal Contract Tower,0,29,42,0,71,0,6,100,0,106,0,35,142,0,177,87,0,87,264
10/14/2000,TYR,TX,ASW,CE,Federal Contract Tower,0,21,31,0,52,0,1,86,0,87,0,22,117,0,139,100,0,100,239
10/15/2000,TYR,TX,ASW,CE,Federal Contract Tower,0,19,27,0,46,2,0,32,0,34,2,19,59,0,80,12,0,12,92
10/16/2000,TYR,TX,ASW,CE,Federal Contract Tower,0,25,36,0,61,0,5,6,0,11,0,30,42,0,72,22,0,22,94
10/17/2000,TYR,TX,ASW,CE,Federal Contract Tower,0,34,49,0,83,0,7,70,2,79,0,41,119,2,162,66,0,66,228
10/18/2000,TYR,TX,ASW,CE,Federal Contract Tower,0,38,55,0,93,0,2,134,2,138,0,40,189,2,231,186,0,186,417
10/19/2000,TYR,TX,ASW,CE,Federal Contract Tower,0,30,43,0,73,0,6,157,0,163,0,36,200,0,236,175,0,175,411
10/20/2000,TYR,TX,ASW,CE,Federal Contract Tower,0,33,48,0,81,0,4,116,0,120,0,37,164,0,201,159,0,159,360
10/21/2000,TYR,TX,ASW,CE,Federal Contract Tower,0,18,26,0,44,0,2,49,0,51,0,20,75,0,95,58,0,58,153
10/22/2000,TYR,TX,ASW,CE,Federal Contract Tower,0,17,26,0,43,0,2,12,0,14,0,19,38,0,57,26,0,26,83
10/23/2000,TYR,TX,ASW,CE,Federal Contract Tower,0,35,56,0,91,0,0,51,0,51,0,35,107,0,142,66,0,66,208
10/24/2000,TYR,TX,ASW,CE,Federal Contract Tower,0,38,63,0,101,0,0,130,2,132,0,38,193,2,233,202,0,202,435
10/25/2000,TYR,TX,ASW,CE,Federal Contract Tower,0,36,55,0,91,0,0,118,0,118,0,36,173,0,209,192,0,192,401
10/26/2000,TYR,TX,ASW,CE,Federal Contract Tower,0,40,65,0,105,0,0,41,2,43,0,40,106,2,148,52,0,52,200
10/27/2000,TYR,TX,ASW,CE,Federal Contract Tower,0,38,65,0,103,0,0,151,0,151,0,38,216,0,254,188,0,188,442
10/28/2000,TYR,TX,ASW,CE,Federal Contract Tower,0,19,35,0,54,0,0,152,0,152,0,19,187,0,206,80,0,80,286
10/29/2000,TYR,TX,ASW,CE,Federal Contract Tower,0,15,22,0,37,0,3,15,0,18,0,18,37,0,55,0,0,0,55
10/30/2000,TYR,TX,ASW,CE,Federal Contract Tower,0,31,50,0,81,0,0,83,0,83,0,31,133,0,164,82,0,82,246
10/31/2000,TYR,TX,ASW,CE,Federal Contract Tower,0,37,74,0,111,0,0,112,2,114,0,37,186,2,225,158,0,158,383
11/01/2000,TYR,TX,ASW,CE,Federal Contract Tower,0,26,47,0,73,0,0,25,2,27,0,26,72,2,100,50,0,50,150
11/02/2000,TYR,TX,ASW,CE,Federal Contract Tower,0,36,62,0,98,0,0,148,0,148,0,36,210,0,246,199,0,199,445
11/03/2000,TYR,TX,ASW,CE,Federal Contract Tower,0,26,24,0,50,0,11,0,0,11,0,37,24,0,61,0,0,0,61
11/04/2000,TYR,TX,ASW,CE,Federal Contract Tower,0,24,32,0,56,0,1,2,0,3,0,25,34,0,59,6,0,6,65
11/05/2000,TYR,TX,ASW,CE,Federal Contract Tower,0,15,18,0,33,0,1,0,0,1,0,16,18,0,34,0,0,0,34
11/06/2000,TYR,TX,ASW,CE,Federal Contract Tower,0,28,37,0,65,0,1,117,2,120,0,29,154,2,185,92,0,92,277
11/07/2000,TYR,TX,ASW,CE,Federal Contract Tower,0,32,46,0,78,0,0,78,4,82,0,32,124,4,160,144,0,144,304
11/08/2000,TYR,TX,ASW,CE,Federal Contract Tower,0,26,28,0,54,0,8,0,0,8,0,34,28,0,62,0,0,0,62
11/09/2000,TYR,TX,ASW,CE,Federal Contract Tower,0,38,52,0,90,0,0,142,0,142,0,38,194,0,232,234,0,234,466
11/10/2000,TYR,TX,ASW,CE,Federal Contract Tower,0,11,14,0,25,0,29,175,0,204,0,40,189,0,229,132,0,132,361
11/11/2000,TYR,TX,ASW,CE,Federal Contract Tower,0,18,28,0,46,0,0,5,0,5,0,18,33,0,51,0,0,0,51
11/12/2000,TYR,TX,ASW,CE,Federal Contract Tower,0,10,12,0,22,0,2,0,0,2,0,12,12,0,24,0,0,0,24
11/13/2000,TYR,TX,ASW,CE,Federal Contract Tower,0,33,47,0,80,0,3,122,0,125,0,36,169,0,205,88,0,88,293
11/14/2000,TYR,TX,ASW,CE,Federal Contract Tower,0,33,49,0,82,0,0,155,0,155,0,33,204,0,237,216,0,216,453
11/15/2000,TYR,TX,ASW,CE,Federal Contract Tower,0,37,60,0,97,0,0,130,0,130,0,37,190,0,227,148,0,148,375
11/16/2000,TYR,TX,ASW,CE,Federal Contract Tower,0,36,73,0,109,0,0,16,0,16,0,36,89,0,125,8,0,8,133
11/17/2000,TYR,TX,ASW,CE,Federal Contract Tower,0,36,51,0,87,0,3,132,1,136,0,39,183,1,223,106,2,108,331
11/18/2000,TYR,TX,ASW,CE,Federal Contract Tower,0,15,23,0,38,0,5,12,0,17,0,20,35,0,55,52,0,52,107
11/19/2000,TYR,TX,ASW,CE,Federal Contract Tower,0,13,20,0,33,0,8,86,0,94,0,21,106,0,127,18,0,18,145
11/20/2000,TYR,TX,ASW,CE,Federal Contract Tower,0,30,44,0,74,0,4,157,0,161,0,34,201,0,235,182,0,182,417
11/21/2000,TYR,TX,ASW,CE,Federal Contract Tower,0,38,67,0,105,0,0,184,0,184,0,38,251,0,289,206,0,206,495
11/22/2000,TYR,TX,ASW,CE,Federal Contract Tower,0,40,58,0,98,0,2,103,0,105,0,42,161,0,203,64,0,64,267
11/23/2000,TYR,TX,ASW,CE,Federal Contract Tower,0,7,7,0,14,0,5,0,0,5,0,12,7,0,19,0,0,0,19
11/24/2000,TYR,TX,ASW,CE,Federal Contract Tower,0,20,25,0,45,0,5,0,0,5,0,25,25,0,50,6,0,6,56
11/25/2000,TYR,TX,ASW,CE,Federal Contract Tower,0,18,28,0,46,0,0,113,0,113,0,18,141,0,159,56,0,56,215
11/26/2000,TYR,TX,ASW,CE,Federal Contract Tower,0,17,25,0,42,0,6,98,0,104,0,23,123,0,146,30,0,30,176
11/27/2000,TYR,TX,ASW,CE,Federal Contract Tower,0,26,38,0,64,0,9,121,0,130,0,35,159,0,194,144,0,144,338
11/28/2000,TYR,TX,ASW,CE,Federal Contract Tower,0,36,58,0,94,0,0,121,0,121,0,36,179,0,215,266,0,266,481
11/29/2000,TYR,TX,ASW,CE,Federal Contract Tower,0,33,46,0,79,0,5,133,0,138,0,38,179,0,217,186,0,186,403
11/30/2000,TYR,TX,ASW,CE,Federal Contract Tower,0,37,57,0,94,0,0,133,0,133,0,37,190,0,227,120,0,120,347
12/01/2000,TYR,TX,ASW,CE,Federal Contract Tower,0,40,42,0,82,0,0,76,2,78,0,40,118,2,160,163,0,163,323
12/02/2000,TYR,TX,ASW,CE,Federal Contract Tower,0,21,22,0,43,0,1,63,0,64,0,22,85,0,107,141,0,141,248
12/03/2000,TYR,TX,ASW,CE,Federal Contract Tower,0,19,48,0,67,0,0,52,0,52,0,19,100,0,119,40,0,40,159
12/04/2000,TYR,TX,ASW,CE,Federal Contract Tower,0,30,35,0,65,0,0,117,0,117,0,30,152,0,182,226,0,226,408
12/05/2000,TYR,TX,ASW,CE,Federal Contract Tower,0,34,37,0,71,0,0,132,0,132,0,34,169,0,203,184,0,184,387
12/06/2000,TYR,TX,ASW,CE,Federal Contract Tower,0,33,41,0,74,0,0,31,0,31,0,33,72,0,105,68,0,68,173
12/07/2000,TYR,TX,ASW,CE,Federal Contract Tower,0,34,43,1,78,0,0,153,3,156,0,34,196,4,234,157,0,157,391
12/08/2000,TYR,TX,ASW,CE,Federal Contract Tower,0,36,37,0,73,1,0,152,0,153,1,36,189,0,226,297,0,297,523
12/09/2000,TYR,TX,ASW,CE,Federal Contract Tower,0,18,29,1,48,0,0,174,1,175,0,18,203,2,223,100,0,100,323
12/10/2000,TYR,TX,ASW,CE,Federal Contract Tower,0,22,37,0,59,0,0,21,0,21,0,22,58,0,80,4,0,4,84
12/11/2000,TYR,TX,ASW,CE,Federal Contract Tower,0,30,31,0,61,0,3,10,0,13,0,33,41,0,74,62,0,62,136
12/12/2000,TYR,TX,ASW,CE,Federal Contract Tower,0,26,26,0,52,0,5,56,0,61,0,31,82,0,113,80,0,80,193
12/13/2000,TYR,TX,ASW,CE,Federal Contract Tower,0,16,12,0,28,0,7,0,0,7,0,23,12,0,35,6,0,6,41
12/14/2000,TYR,TX,ASW,CE,Federal Contract Tower,0,38,39,1,78,0,0,117,0,117,0,38,156,1,195,159,12,171,366
12/15/2000,TYR,TX,ASW,CE,Federal Contract Tower,0,19,24,0,43,0,0,5,0,5,0,19,29,0,48,0,0,0,48
12/16/2000,TYR,TX,ASW,CE,Federal Contract Tower,0,19,18,0,37,0,2,34,0,36,0,21,52,0,73,44,0,44,117
12/17/2000,TYR,TX,ASW,CE,Federal Contract Tower,0,19,19,0,38,0,0,122,0,122,0,19,141,0,160,62,0,62,222
12/18/2000,TYR,TX,ASW,CE,Federal Contract Tower,0,35,34,0,69,0,0,79,0,79,0,35,113,0,148,106,0,106,254
12/19/2000,TYR,TX,ASW,CE,Federal Contract Tower,0,32,34,0,66,0,0,117,2,119,0,32,151,2,185,164,0,164,349
12/20/2000,TYR,TX,ASW,CE,Federal Contract Tower,0,29,30,0,59,0,0,54,2,56,0,29,84,2,115,80,0,80,195
12/21/2000,TYR,TX,ASW,CE,Federal Contract Tower,0,31,32,0,63,0,0,95,0,95,0,31,127,0,158,62,0,62,220
12/22/2000,TYR,TX,ASW,CE,Federal Contract Tower,0,33,32,0,65,0,3,90,0,93,0,36,122,0,158,72,0,72,230
12/23/2000,TYR,TX,ASW,CE,Federal Contract Tower,0,21,25,0,46,0,0,33,0,33,0,21,58,0,79,74,0,74,153
12/24/2000,TYR,TX,ASW,CE,Federal Contract Tower,0,15,15,0,30,0,2,7,0,9,0,17,22,0,39,4,0,4,43
12/25/2000,TYR,TX,ASW,CE,Federal Contract Tower,0,5,1,0,6,0,4,0,0,4,0,9,1,0,10,0,0,0,10
12/26/2000,TYR,TX,ASW,CE,Federal Contract Tower,0,23,15,0,38,0,9,0,0,9,0,32,15,0,47,0,0,0,47
12/27/2000,TYR,TX,ASW,CE,Federal Contract Tower,0,11,8,0,19,0,3,0,0,3,0,14,8,0,22,0,0,0,22
12/28/2000,TYR,TX,ASW,CE,Federal Contract Tower,0,29,36,0,65,0,0,21,0,21,0,29,57,0,86,12,0,12,98
12/29/2000,TYR,TX,ASW,CE,Federal Contract Tower,0,30,30,0,60,0,4,83,0,87,0,34,113,0,147,58,0,58,205
12/30/2000,TYR,TX,ASW,CE,Federal Contract Tower,0,15,15,0,30,0,3,103,0,106,0,18,118,0,136,56,0,56,192
12/31/2000,TYR,TX,ASW,CE,Federal Contract Tower,0,7,6,0,13,0,4,6,0,10,0,11,12,0,23,14,0,14,37
01/01/2001,TYR,TX,ASW,CE,Federal Contract Tower,0,10,12,0,22,0,0,12,0,12,0,10,24,0,34,0,0,0,34
01/02/2001,TYR,TX,ASW,CE,Federal Contract Tower,0,22,26,0,48,0,1,45,0,46,0,23,71,0,94,58,0,58,152
01/03/2001,TYR,TX,ASW,CE,Federal Contract Tower,0,28,33,0,61,0,3,62,0,65,0,31,95,0,126,38,0,38,164
01/04/2001,TYR,TX,ASW,CE,Federal Contract Tower,0,30,36,0,66,0,7,106,0,113,0,37,142,0,179,124,0,124,303
01/05/2001,TYR,TX,ASW,CE,Federal Contract Tower,0,29,33,0,62,0,4,129,0,133,0,33,162,0,195,116,0,116,311
01/06/2001,TYR,TX,ASW,CE,Federal Contract Tower,0,17,19,0,36,0,2,157,0,159,0,19,176,0,195,104,0,104,299
01/07/2001,TYR,TX,ASW,CE,Federal Contract Tower,0,19,22,0,41,0,0,44,2,46,0,19,66,2,87,16,0,16,103
01/08/2001,TYR,TX,ASW,CE,Federal Contract Tower,0,28,36,0,64,0,0,94,0,94,0,28,130,0,158,44,0,44,202
01/09/2001,TYR,TX,ASW,CE,Federal Contract Tower,0,29,42,0,71,0,0,144,0,144,0,29,186,0,215,152,0,152,367
01/10/2001,TYR,TX,ASW,CE,Federal Contract Tower,0,28,33,0,61,0,0,50,0,50,0,28,83,0,111,86,0,86,197
01/11/2001,TYR,TX,ASW,CE,Federal Contract Tower,0,28,46,0,74,0,0,17,0,17,0,28,63,0,91,16,0,16,107
01/12/2001,TYR,TX,ASW,CE,Federal Contract Tower,0,27,40,0,67,0,0,8,0,8,0,27,48,0,75,10,0,10,85
01/13/2001,TYR,TX,ASW,CE,Federal Contract Tower,0,15,18,0,33,0,4,2,0,6,0,19,20,0,39,6,0,6,45
01/14/2001,TYR,TX,ASW,CE,Federal Contract Tower,0,14,18,0,32,0,3,102,0,105,0,17,120,0,137,12,0,12,149
01/15/2001,TYR,TX,ASW,CE,Federal Contract Tower,0,20,31,0,51,0,0,162,0,162,0,20,193,0,213,169,0,169,382
01/16/2001,TYR,TX,ASW,CE,Federal Contract Tower,0,27,34,0,61,0,0,2,0,2,0,27,36,0,63,24,0,24,87
01/17/2001,TYR,TX,ASW,CE,Federal Contract Tower,0,27,33,0,60,0,0,0,0,0,0,27,33,0,60,0,0,0,60
01/18/2001,TYR,TX,ASW,CE,Federal Contract Tower,0,29,37,0,66,0,0,1,0,1,0,29,38,0,67,0,0,0,67
01/19/2001,TYR,TX,ASW,CE,Federal Contract Tower,0,31,42,0,73,0,0,92,4,96,0,31,134,4,169,88,0,88,257
01/20/2001,TYR,TX,ASW,CE,Federal Contract Tower,0,17,21,0,38,0,2,137,0,139,0,19,158,0,177,82,0,82,259
01/21/2001,TYR,TX,ASW,CE,Federal Contract Tower,0,16,24,0,40,0,0,21,0,21,0,16,45,0,61,20,0,20,81
01/22/2001,TYR,TX,ASW,CE,Federal Contract Tower,0,19,23,0,42,0,6,107,0,113,0,25,130,0,155,126,0,126,281
01/23/2001,TYR,TX,ASW,CE,Federal Contract Tower,0,25,31,0,56,0,2,168,0,170,0,27,199,0,226,300,0,300,526
01/24/2001,TYR,TX,ASW,CE,Federal Contract Tower,0,29,35,0,64,0,4,135,0,139,0,33,170,0,203,202,0,202,405
01/25/2001,TYR,TX,ASW,CE,Federal Contract Tower,0,30,37,0,67,0,4,140,0,144,0,34,177,0,211,187,0,187,398
01/26/2001,TYR,TX,ASW,CE,Federal Contract Tower,0,32,44,0,76,0,0,115,2,117,0,32,159,2,193,262,2,264,457
01/27/2001,TYR,TX,ASW,CE,Federal Contract Tower,0,18,23,0,41,0,1,5,0,6,0,19,28,0,47,18,0,18,65
01/28/2001,TYR,TX,ASW,CE,Federal Contract Tower,0,14,18,0,32,0,7,2,0,9,0,21,20,0,41,8,0,8,49
01/29/2001,TYR,TX,ASW,CE,Federal Contract Tower,0,25,32,0,57,0,0,97,0,97,0,25,129,0,154,150,0,150,304
01/30/2001,TYR,TX,ASW,CE,Federal Contract Tower,0,29,37,0,66,0,0,139,0,139,0,29,176,0,205,236,0,236,441
01/31/2001,TYR,TX,ASW,CE,Federal Contract Tower,0,32,40,0,72,0,2,146,0,148,0,34,186,0,220,210,0,210,430
02/01/2001,TYR,TX,ASW,CE,Federal Contract Tower,0,31,42,0,73,0,1,165,0,166,0,32,207,0,239,158,0,158,397
02/02/2001,TYR,TX,ASW,CE,Federal Contract Tower,0,21,28,0,49,0,10,150,0,160,0,31,178,0,209,154,0,154,363
02/03/2001,TYR,TX,ASW,CE,Federal Contract Tower,0,16,22,0,38,0,15,173,0,188,0,31,195,0,226,134,0,134,360
02/04/2001,TYR,TX,ASW,CE,Federal Contract Tower,0,18,24,0,42,0,0,117,0,117,0,18,141,0,159,22,0,22,181
02/05/2001,TYR,TX,ASW,CE,Federal Contract Tower,0,28,39,0,67,0,0,160,0,160,0,28,199,0,227,196,0,196,423
02/06/2001,TYR,TX,ASW,CE,Federal Contract Tower,0,31,43,0,74,0,1,135,0,136,0,32,178,0,210,120,0,120,330
02/07/2001,TYR,TX,ASW,CE,Federal Contract Tower,0,33,67,0,100,0,0,84,0,84,0,33,151,0,184,142,0,142,326
02/08/2001,TYR,TX,ASW,CE,Federal Contract Tower,0,32,45,0,77,0,2,24,0,26,0,34,69,0,103,54,0,54,157
02/09/2001,TYR,TX,ASW,CE,Federal Contract Tower,0,26,37,0,63,0,8,45,0,53,0,34,82,0,116,86,0,86,202
02/10/2001,TYR,TX,ASW,CE,Federal Contract Tower,0,19,30,0,49,0,0,127,0,127,0,19,157,0,176,100,0,100,276
02/11/2001,TYR,TX,ASW,CE,Federal Contract Tower,0,16,23,0,39,0,4,0,0,4,0,20,23,0,43,0,0,0,43
02/12/2001,TYR,TX,ASW,CE,Federal Contract Tower,0,12,24,0,36,0,0,5,0,5,0,12,29,0,41,2,0,2,43
02/13/2001,TYR,TX,ASW,CE,Federal Contract Tower,0,10,15,0,25,0,5,1,0,6,0,15,16,0,31,10,0,10,41
02/14/2001,TYR,TX,ASW,CE,Federal Contract Tower,0,29,52,0,81,0,0,26,0,26,0,29,78,0,107,96,0,96,203
02/15/2001,TYR,TX,ASW,CE,Federal Contract Tower,0,25,31,0,56,0,6,0,0,6,0,31,31,0,62,6,0,6,68
02/16/2001,TYR,TX,ASW,CE,Federal Contract Tower,0,29,42,0,71,0,1,13,0,14,0,30,55,0,85,14,0,14,99
02/17/2001,TYR,TX,ASW,CE,Federal Contract Tower,0,18,27,0,45,0,5,137,0,142,0,23,164,0,187,86,0,86,273
02/18/2001,TYR,TX,ASW,CE,Federal Contract Tower,0,14,22,0,36,0,6,132,0,138,0,20,154,0,174,54,0,54,228
02/19/2001,TYR,TX,ASW,CE,Federal Contract Tower,0,25,37,0,62,0,2,117,4,123,0,27,154,4,185,182,0,182,367
02/20/2001,TYR,TX,ASW,CE,Federal Contract Tower,0,29,68,0,97,0,0,85,2,87,0,29,153,2,184,190,0,190,374
02/21/2001,TYR,TX,ASW,CE,Federal Contract Tower,0,28,63,0,91,0,0,18,0,18,0,28,81,0,109,18,0,18,127
02/22/2001,TYR,TX,ASW,CE,Federal Contract Tower,0,32,49,0,81,0,0,153,0,153,0,32,202,0,234,122,0,122,356
02/23/2001,TYR,TX,ASW,CE,Federal Contract Tower,0,24,42,0,66,0,0,35,0,35,0,24,77,0,101,58,0,58,159
02/24/2001,TYR,TX,ASW,CE,Federal Contract Tower,0,10,16,0,26,0,3,10,0,13,0,13,26,0,39,6,0,6,45
02/25/2001,TYR,TX,ASW,CE,Federal Contract Tower,0,17,25,0,42,0,3,131,0,134,0,20,156,0,176,42,0,42,218
02/26/2001,TYR,TX,ASW,CE,Federal Contract Tower,0,26,52,0,78,0,0,100,0,100,0,26,152,0,178,178,0,178,356
02/27/2001,TYR,TX,ASW,CE,Federal Contract Tower,0,10,11,0,21,0,5,0,0,5,0,15,11,0,26,0,0,0,26
02/28/2001,TYR,TX,ASW,CE,Federal Contract Tower,0,19,16,0,35,0,12,0,0,12,0,31,16,0,47,0,0,0,47
03/01/2001,TYR,TX,ASW,CE,Federal Contract Tower,0,24,30,0,54,0,3,0,0,3,0,27,30,0,57,0,0,0,57
03/02/2001,TYR,TX,ASW,CE,Federal Contract Tower,0,35,52,0,87,0,0,9,0,9,0,35,61,0,96,2,0,2,98
03/03/2001,TYR,TX,ASW,CE,Federal Contract Tower,0,18,24,0,42,0,2,0,0,2,0,20,24,0,44,4,0,4,48
03/04/2001,TYR,TX,ASW,CE,Federal Contract Tower,0,20,27,0,47,0,2,113,0,115,0,22,140,0,162,76,0,76,238
03/05/2001,TYR,TX,ASW,CE,Federal Contract Tower,0,23,31,0,54,0,5,163,0,168,0,28,194,0,222,188,0,188,410
03/06/2001,TYR,TX,ASW,CE,Federal Contract Tower,0,28,49,0,77,0,0,198,0,198,0,28,247,0,275,370,0,370,645
03/07/2001,TYR,TX,ASW,CE,Federal Contract Tower,0,29,53,0,82,0,0,186,0,186,0,29,239,0,268,255,0,255,523
03/08/2001,TYR,TX,ASW,CE,Federal Contract Tower,0,29,44,0,73,0,0,91,0,91,0,29,135,0,164,186,0,186,350
03/09/2001,TYR,TX,ASW,CE,Federal Contract Tower,0,29,53,0,82,0,0,173,0,173,0,29,226,0,255,252,0,252,507
03/10/2001,TYR,TX,ASW,CE,Federal Contract Tower,0,20,34,0,54,0,0,159,0,159,0,20,193,0,213,176,0,176,389
03/11/2001,TYR,TX,ASW,CE,Federal Contract Tower,0,12,15,0,27,0,3,3,0,6,0,15,18,0,33,0,0,0,33
03/12/2001,TYR,TX,ASW,CE,Federal Contract Tower,0,21,29,0,50,0,7,119,2,128,0,28,148,2,178,112,0,112,290
03/13/2001,TYR,TX,ASW,CE,Federal Contract Tower,0,30,44,0,74,0,0,176,0,176,0,30,220,0,250,280,0,280,530
03/14/2001,TYR,TX,ASW,CE,Federal Contract Tower,0,24,34,0,58,0,3,9,0,12,0,27,43,0,70,26,0,26,96
03/15/2001,TYR,TX,ASW,CE,Federal Contract Tower,0,24,34,0,58,0,4,44,0,48,0,28,78,0,106,18,0,18,124
03/16/2001,TYR,TX,ASW,CE,Federal Contract Tower,0,24,36,0,60,0,7,164,0,171,0,31,200,0,231,230,0,230,461
03/17/2001,TYR,TX,ASW,CE,Federal Contract Tower,0,15,22,0,37,0,4,102,0,106,0,19,124,0,143,146,0,146,289
03/18/2001,TYR,TX,ASW,CE,Federal Contract Tower,0,15,23,0,38,0,6,44,0,50,0,21,67,0,88,24,0,24,112
03/19/2001,TYR,TX,ASW,CE,Federal Contract Tower,0,24,37,0,61,0,3,109,0,112,0,27,146,0,173,170,0,170,343
03/20/2001,TYR,TX,ASW,CE,Federal Contract Tower,0,29,44,0,73,0,0,152,0,152,0,29,196,0,225,275,0,275,500
03/21/2001,TYR,TX,ASW,CE,Federal Contract Tower,0,30,62,0,92,0,0,153,0,153,0,30,215,0,245,236,0,236,481
03/22/2001,TYR,TX,ASW,CE,Federal Contract Tower,0,30,54,0,84,0,0,160,0,160,0,30,214,0,244,267,0,267,511
03/23/2001,TYR,TX,ASW,CE,Federal Contract Tower,0,28,42,0,70,0,0,121,3,124,0,28,163,3,194,210,2,212,406
03/24/2001,TYR,TX,ASW,CE,Federal Contract Tower,0,12,18,0,30,0,8,0,0,8,0,20,18,0,38,16,0,16,54
03/25/2001,TYR,TX,ASW,CE,Federal Contract Tower,0,14,22,0,36,0,5,91,0,96,0,19,113,0,132,75,0,75,207
03/26/2001,TYR,TX,ASW,CE,Federal Contract Tower,0,19,28,0,47,0,8,122,0,130,0,27,150,0,177,220,0,220,397
03/27/2001,TYR,TX,ASW,CE,Federal Contract Tower,0,25,53,0,78,0,0,45,0,45,0,25,98,0,123,100,0,100,223
03/28/2001,TYR,TX,ASW,CE,Federal Contract Tower,0,26,31,0,57,0,6,0,0,6,0,32,31,0,63,6,0,6,69
03/29/2001,TYR,TX,ASW,CE,Federal Contract Tower,0,27,41,0,68,0,5,4,0,9,0,32,45,0,77,32,0,32,109
03/30/2001,TYR,TX,ASW,CE,Federal Contract Tower,0,30,60,0,90,0,0,102,0,102,0,30,162,0,192,162,0,162,354
03/31/2001,TYR,TX,ASW,CE,Federal Contract Tower,0,21,35,0,56,0,0,137,0,137,0,21,172,0,193,170,0,170,363
04/01/2001,TYR,TX,ASW,CE,Federal Contract Tower,0,13,18,0,31,0,7,101,0,108,0,20,119,0,139,52,0,52,191
04/02/2001,TYR,TX,ASW,CE,Federal Contract Tower,0,26,44,0,70,0,0,43,0,43,0,26,87,0,113,78,0,78,191
04/03/2001,TYR,TX,ASW,CE,Federal Contract Tower,0,29,63,0,92,0,0,75,0,75,0,29,138,0,167,236,0,236,403
04/04/2001,TYR,TX,ASW,CE,Federal Contract Tower,0,27,53,0,80,0,0,39,0,39,0,27,92,0,119,203,0,203,322
04/05/2001,TYR,TX,ASW,CE,Federal Contract Tower,0,27,60,0,87,0,0,81,0,81,0,27,141,0,168,160,0,160,328
04/06/2001,TYR,TX,ASW,CE,Federal Contract Tower,0,28,55,1,84,0,0,66,0,66,0,28,121,1,150,94,2,96,246
04/07/2001,TYR,TX,ASW,CE,Federal Contract Tower,0,19,24,0,43,0,0,79,0,79,0,19,103,0,122,87,0,87,209
04/08/2001,TYR,TX,ASW,CE,Federal Contract Tower,0,21,28,0,49,0,0,52,0,52,0,21,80,0,101,18,0,18,119
04/09/2001,TYR,TX,ASW,CE,Federal Contract Tower,0,26,54,0,80,0,0,131,0,131,0,26,185,0,211,230,0,230,441
04/10/2001,TYR,TX,ASW,CE,Federal Contract Tower,0,29,55,0,84,0,0,55,0,55,0,29,110,0,139,82,0,82,221
04/11/2001,TYR,TX,ASW,CE,Federal Contract Tower,0,29,43,0,72,0,6,75,0,81,0,35,118,0,153,84,0,84,237
04/12/2001,TYR,TX,ASW,CE,Federal Contract Tower,0,30,42,0,72,0,0,116,0,116,0,30,158,0,188,120,0,120,308
04/13/2001,TYR,TX,ASW,CE,Federal Contract Tower,0,31,37,4,72,0,0,105,0,105,0,31,142,4,177,96,0,96,273
04/14/2001,TYR,TX,ASW,CE,Federal Contract Tower,0,19,32,0,51,0,0,37,0,37,0,19,69,0,88,68,0,68,156
04/15/2001,TYR,TX,ASW,CE,Federal Contract Tower,0,20,19,0,39,0,0,43,0,43,0,20,62,0,82,22,0,22,104
04/16/2001,TYR,TX,ASW,CE,Federal Contract Tower,0,25,63,0,88,0,0,142,0,142,0,25,205,0,230,190,0,190,420
04/17/2001,TYR,TX,ASW,CE,Federal Contract Tower,0,26,55,0,81,0,0,93,0,93,0,26,148,0,174,124,0,124,298
04/18/2001,TYR,TX,ASW,CE,Federal Contract Tower,0,29,29,2,60,0,0,153,0,153,0,29,182,2,213,168,0,168,381
04/19/2001,TYR,TX,ASW,CE,Federal Contract Tower,0,30,51,0,81,0,0,117,0,117,0,30,168,0,198,130,0,130,328
04/20/2001,TYR,TX,ASW,CE,Federal Contract Tower,0,32,36,0,68,0,0,61,2,63,0,32,97,2,131,226,0,226,357
04/21/2001,TYR,TX,ASW,CE,Federal Contract Tower,0,28,27,2,57,0,0,52,0,52,0,28,79,2,109,68,0,68,177
04/22/2001,TYR,TX,ASW,CE,Federal Contract Tower,0,23,24,0,47,0,0,24,0,24,0,23,48,0,71,0,0,0,71
04/23/2001,TYR,TX,ASW,CE,Federal Contract Tower,0,29,44,0,73,0,0,61,0,61,0,29,105,0,134,146,0,146,280
04/24/2001,TYR,TX,ASW,CE,Federal Contract Tower,0,33,37,2,72,0,7,174,0,181,0,40,211,2,253,222,0,222,475
04/25/2001,TYR,TX,ASW,CE,Federal Contract Tower,0,28,36,0,64,0,0,187,0,187,0,28,223,0,251,251,0,251,502
04/26/2001,TYR,TX,ASW,CE,Federal Contract Tower,0,30,50,0,80,0,0,179,0,179,0,30,229,0,259,238,0,238,497
04/27/2001,TYR,TX,ASW,CE,Federal Contract Tower,0,31,29,0,60,0,0,155,0,155,0,31,184,0,215,210,0,210,425
04/28/2001,TYR,TX,ASW,CE,Federal Contract Tower,0,19,9,0,28,0,0,159,2,161,0,19,168,2,189,54,0,54,243
04/29/2001,TYR,TX,ASW,CE,Federal Contract Tower,0,22,11,0,33,0,0,83,0,83,0,22,94,0,116,26,0,26,142
04/30/2001,TYR,TX,ASW,CE,Federal Contract Tower,0,27,25,0,52,0,0,123,0,123,0,27,148,0,175,186,0,186,361
05/01/2001,TYR,TX,ASW,CE,Federal Contract Tower,0,31,20,0,51,0,0,103,0,103,0,31,123,0,154,172,0,172,326
05/02/2001,TYR,TX,ASW,CE,Federal Contract Tower,0,32,72,0,104,0,0,95,0,95,0,32,167,0,199,203,0,203,402
05/03/2001,TYR,TX,ASW,CE,Federal Contract Tower,0,35,41,6,82,0,0,111,0,111,0,35,152,6,193,194,0,194,387
05/04/2001,TYR,TX,ASW,CE,Federal Contract Tower,0,34,43,0,77,0,0,35,0,35,0,34,78,0,112,76,0,76,188
05/05/2001,TYR,TX,ASW,CE,Federal Contract Tower,0,18,32,0,50,0,0,57,0,57,0,18,89,0,107,59,0,59,166
05/06/2001,TYR,TX,ASW,CE,Federal Contract Tower,0,14,18,0,32,0,5,15,0,20,0,19,33,0,52,10,0,10,62
05/07/2001,TYR,TX,ASW,CE,Federal Contract Tower,0,26,29,0,55,0,0,90,2,92,0,26,119,2,147,134,0,134,281
05/08/2001,TYR,TX,ASW,CE,Federal Contract Tower,0,29,40,0,69,0,0,67,0,67,0,29,107,0,136,152,0,152,288
05/09/2001,TYR,TX,ASW,CE,Federal Contract Tower,0,30,47,0,77,0,0,144,0,144,0,30,191,0,221,248,0,248,469
05/10/2001,TYR,TX,ASW,CE,Federal Contract Tower,0,33,68,3,104,0,0,121,0,121,0,33,189,3,225,214,0,214,439
05/11/2001,TYR,TX,ASW,CE,Federal Contract Tower,0,35,38,3,76,0,0,124,0,124,0,35,162,3,200,142,0,142,342
05/12/2001,TYR,TX,ASW,CE,Federal Contract Tower,0,21,16,0,37,0,0,65,0,65,0,21,81,0,102,60,0,60,162
05/13/2001,TYR,TX,ASW,CE,Federal Contract Tower,0,20,13,0,33,0,0,88,0,88,0,20,101,0,121,58,0,58,179
05/14/2001,TYR,TX,ASW,CE,Federal Contract Tower,0,26,36,0,62,0,0,143,0,143,0,26,179,0,205,216,0,216,421
05/15/2001,TYR,TX,ASW,CE,Federal Contract Tower,0,33,28,0,61,0,0,154,0,154,0,33,182,0,215,180,0,180,395
05/16/2001,TYR,TX,ASW,CE,Federal Contract Tower,0,31,70,0,101,0,0,113,0,113,0,31,183,0,214,98,0,98,312
05/17/2001,TYR,TX,ASW,CE,Federal Contract Tower,0,27,49,1,77,0,0,114,0,114,0,27,163,1,191,128,0,128,319
05/18/2001,TYR,TX,ASW,CE,Federal Contract Tower,0,30,29,0,59,0,0,108,0,108,0,30,137,0,167,88,0,88,255
05/19/2001,TYR,TX,ASW,CE,Federal Contract Tower,0,21,28,0,49,0,0,89,0,89,0,21,117,0,138,62,0,62,200
05/20/2001,TYR,TX,ASW,CE,Federal Contract Tower,0,19,30,0,49,0,0,24,0,24,0,19,54,0,73,22,0,22,95
05/21/2001,TYR,TX,ASW,CE,Federal Contract Tower,0,26,35,0,61,0,0,53,0,53,0,26,88,0,114,80,0,80,194
05/22/2001,TYR,TX,ASW,CE,Federal Contract Tower,0,27,28,2,57,0,0,184,0,184,0,27,212,2,241,204,0,204,445
05/23/2001,TYR,TX,ASW,CE,Federal Contract Tower,0,31,33,0,64,0,0,145,0,145,0,31,178,0,209,228,0,228,437
05/24/2001,TYR,TX,ASW,CE,Federal Contract Tower,0,28,27,0,55,0,0,169,0,169,0,28,196,0,224,178,0,178,402
05/25/2001,TYR,TX,ASW,CE,Federal Contract Tower,0,31,14,0,45,0,0,166,0,166,0,31,180,0,211,228,0,228,439
05/26/2001,TYR,TX,ASW,CE,Federal Contract Tower,0,16,13,0,29,0,0,68,0,68,0,16,81,0,97,98,0,98,195
05/27/2001,TYR,TX,ASW,CE,Federal Contract Tower,0,14,13,0,27,0,0,46,0,46,0,14,59,0,73,32,0,32,105
05/28/2001,TYR,TX,ASW,CE,Federal Contract Tower,0,22,25,0,47,0,0,92,0,92,0,22,117,0,139,220,0,220,359
05/29/2001,TYR,TX,ASW,CE,Federal Contract Tower,0,29,33,0,62,0,0,97,0,97,0,29,130,0,159,158,0,158,317
05/30/2001,TYR,TX,ASW,CE,Federal Contract Tower,0,30,61,0,91,0,0,77,0,77,0,30,138,0,168,302,0,302,470
05/31/2001,TYR,TX,ASW,CE,Federal Contract Tower,0,31,20,0,51,0,0,73,0,73,0,31,93,0,124,108,0,108,232
06/01/2001,TYR,TX,ASW,CE,Federal Contract Tower,0,31,20,0,51,0,0,160,0,160,0,31,180,0,211,235,0,235,446
06/02/2001,TYR,TX,ASW,CE,Federal Contract Tower,0,23,30,0,53,0,0,117,0,117,0,23,147,0,170,117,0,117,287
06/03/2001,TYR,TX,ASW,CE,Federal Contract Tower,0,19,15,0,34,0,1,47,0,48,0,20,62,0,82,50,0,50,132
06/04/2001,TYR,TX,ASW,CE,Federal Contract Tower,0,27,34,0,61,0,0,73,0,73,0,27,107,0,134,62,0,62,196
06/05/2001,TYR,TX,ASW,CE,Federal Contract Tower,0,26,36,0,62,0,0,76,0,76,0,26,112,0,138,138,0,138,276
06/06/2001,TYR,TX,ASW,CE,Federal Contract Tower,0,27,42,0,69,0,0,5,0,5,0,27,47,0,74,16,0,16,90
06/07/2001,TYR,TX,ASW,CE,Federal Contract Tower,0,33,55,0,88,0,0,29,0,29,0,33,84,0,117,42,2,44,161
06/08/2001,TYR,TX,ASW,CE,Federal Contract Tower,0,29,29,0,58,0,0,71,0,71,0,29,100,0,129,98,8,106,235
06/09/2001,TYR,TX,ASW,CE,Federal Contract Tower,0,20,29,1,50,0,0,181,3,184,0,20,210,4,234,114,0,114,348
06/10/2001,TYR,TX,ASW,CE,Federal Contract Tower,0,18,20,2,40,0,0,71,0,71,0,18,91,2,111,28,0,28,139
06/11/2001,TYR,TX,ASW,CE,Federal Contract Tower,0,27,52,0,79,0,0,160,0,160,0,27,212,0,239,242,0,242,481
06/12/2001,TYR,TX,ASW,CE,Federal Contract Tower,0,28,43,0,71,0,1,186,0,187,0,29,229,0,258,338,0,338,596
06/13/2001,TYR,TX,ASW,CE,Federal Contract Tower,0,30,50,0,80,0,0,97,0,97,0,30,147,0,177,136,0,136,313
06/14/2001,TYR,TX,ASW,CE,Federal Contract Tower,0,28,60,0,88,0,0,82,0,82,0,28,142,0,170,121,0,121,291
06/15/2001,TYR,TX,ASW,CE,Federal Contract Tower,0,31,33,0,64,0,0,147,0,147,0,31,180,0,211,208,0,208,419
06/16/2001,TYR,TX,ASW,CE,Federal Contract Tower,0,19,23,0,42,0,0,119,0,119,0,19,142,0,161,60,0,60,221
06/17/2001,TYR,TX,ASW,CE,Federal Contract Tower,0,20,13,0,33,0,0,88,0,88,0,20,101,0,121,38,0,38,159
06/18/2001,TYR,TX,ASW,CE,Federal Contract Tower,0,26,24,0,50,0,0,148,4,152,0,26,172,4,202,242,0,242,444
06/19/2001,TYR,TX,ASW,CE,Federal Contract Tower,0,28,36,0,64,0,0,142,4,146,0,28,178,4,210,142,0,142,352
06/20/2001,TYR,TX,ASW,CE,Federal Contract Tower,0,31,27,3,61,0,0,132,3,135,0,31,159,6,196,194,2,196,392
06/21/2001,TYR,TX,ASW,CE,Federal Contract Tower,0,26,52,1,79,0,0,118,5,123,0,26,170,6,202,175,0,175,377
06/22/2001,TYR,TX,ASW,CE,Federal Contract Tower,0,33,51,0,84,0,0,117,7,124,0,33,168,7,208,138,8,146,354
06/23/2001,TYR,TX,ASW,CE,Federal Contract Tower,0,22,22,0,44,0,6,122,1,129,0,28,144,1,173,88,0,88,261
06/24/2001,TYR,TX,ASW,CE,Federal Contract Tower,0,22,19,0,41,0,0,82,0,82,0,22,101,0,123,42,0,42,165
06/25/2001,TYR,TX,ASW,CE,Federal Contract Tower,0,26,36,0,62,0,0,126,8,134,0,26,162,8,196,164,0,164,360
06/26/2001,TYR,TX,ASW,CE,Federal Contract Tower,0,30,41,0,71,0,0,152,0,152,0,30,193,0,223,279,0,279,502
06/27/2001,TYR,TX,ASW,CE,Federal Contract Tower,0,29,42,0,71,0,0,53,0,53,0,29,95,0,124,107,0,107,231
06/28/2001,TYR,TX,ASW,CE,Federal Contract Tower,0,30,18,0,48,0,0,81,0,81,0,30,99,0,129,144,0,144,273
06/29/2001,TYR,TX,ASW,CE,Federal Contract Tower,0,29,34,0,63,0,0,76,0,76,0,29,110,0,139,163,0,163,302
06/30/2001,TYR,TX,ASW,CE,Federal Contract Tower,0,20,15,0,35,0,0,12,0,12,0,20,27,0,47,16,0,16,63
07/01/2001,TYR,TX,ASW,CE,Federal Contract Tower,0,22,14,0,36,0,0,27,0,27,0,22,41,0,63,22,0,22,85
07/02/2001,TYR,TX,ASW,CE,Federal Contract Tower,0,23,20,0,43,0,0,142,0,142,0,23,162,0,185,194,0,194,379
07/03/2001,TYR,TX,ASW,CE,Federal Contract Tower,0,26,23,0,49,0,0,136,0,136,0,26,159,0,185,191,0,191,376
07/04/2001,TYR,TX,ASW,CE,Federal Contract Tower,0,18,23,0,41,0,0,135,0,135,0,18,158,0,176,214,0,214,390
07/05/2001,TYR,TX,ASW,CE,Federal Contract Tower,0,25,47,0,72,0,0,161,0,161,0,25,208,0,233,230,0,230,463
07/06/2001,TYR,TX,ASW,CE,Federal Contract Tower,0,29,23,0,52,0,0,130,0,130,0,29,153,0,182,258,0,258,440
07/07/2001,TYR,TX,ASW,CE,Federal Contract Tower,0,22,26,0,48,0,0,133,0,133,0,22,159,0,181,96,0,96,277
07/08/2001,TYR,TX,ASW,CE,Federal Contract Tower,0,20,13,0,33,0,0,93,0,93,0,20,106,0,126,36,0,36,162
07/09/2001,TYR,TX,ASW,CE,Federal Contract Tower,0,31,25,0,56,0,0,142,0,142,0,31,167,0,198,222,0,222,420
07/10/2001,TYR,TX,ASW,CE,Federal Contract Tower,0,29,37,0,66,0,0,175,0,175,0,29,212,0,241,258,0,258,499
07/11/2001,TYR,TX,ASW,CE,Federal Contract Tower,0,32,34,2,68,0,2,159,0,161,0,34,193,2,229,176,0,176,405
07/12/2001,TYR,TX,ASW,CE,Federal Contract Tower,0,31,35,0,66,0,0,171,0,171,0,31,206,0,237,184,0,184,421
07/13/2001,TYR,TX,ASW,CE,Federal Contract Tower,0,34,39,0,73,0,0,152,0,152,0,34,191,0,225,104,0,104,329
07/14/2001,TYR,TX,ASW,CE,Federal Contract Tower,0,21,26,0,47,0,0,64,0,64,0,21,90,0,111,134,0,134,245
07/15/2001,TYR,TX,ASW,CE,Federal Contract Tower,0,20,14,0,34,0,0,59,0,59,0,20,73,0,93,114,0,114,207
07/16/2001,TYR,TX,ASW,CE,Federal Contract Tower,0,25,28,0,53,0,0,135,1,136,0,25,163,1,189,190,2,192,381
07/17/2001,TYR,TX,ASW,CE,Federal Contract Tower,0,28,43,0,71,0,0,145,0,145,0,28,188,0,216,259,0,259,475
07/18/2001,TYR,TX,ASW,CE,Federal Contract Tower,0,29,55,0,84,0,0,148,0,148,0,29,203,0,232,226,0,226,458
07/19/2001,TYR,TX,ASW,CE,Federal Contract Tower,0,28,31,0,59,0,0,150,1,151,0,28,181,1,210,295,2,297,507
07/20/2001,TYR,TX,ASW,CE,Federal Contract Tower,0,28,22,2,52,0,1,136,0,137,0,29,158,2,189,166,0,166,355
07/21/2001,TYR,TX,ASW,CE,Federal Contract Tower,0,19,13,0,32,0,0,113,0,113,0,19,126,0,145,80,0,80,225
07/22/2001,TYR,TX,ASW,CE,Federal Contract Tower,0,20,6,0,26,0,0,82,0,82,0,20,88,0,108,50,0,50,158
07/23/2001,TYR,TX,ASW,CE,Federal Contract Tower,0,28,36,2,66,0,0,108,0,108,0,28,144,2,174,100,0,100,274
07/24/2001,TYR,TX,ASW,CE,Federal Contract Tower,0,28,26,0,54,0,1,118,0,119,0,29,144,0,173,154,0,154,327
07/25/2001,TYR,TX,ASW,CE,Federal Contract Tower,0,28,49,5,82,0,1,167,0,168,0,29,216,5,250,162,0,162,412
07/26/2001,TYR,TX,ASW,CE,Federal Contract Tower,0,36,41,0,77,0,0,170,0,170,0,36,211,0,247,166,0,166,413
07/27/2001,TYR,TX,ASW,CE,Federal Contract Tower,0,31,36,1,68,0,1,163,1,165,0,32,199,2,233,210,0,210,443
07/28/2001,TYR,TX,ASW,CE,Federal Contract Tower,0,21,39,0,60,0,1,61,0,62,0,22,100,0,122,60,0,60,182
07/29/2001,TYR,TX,ASW,CE,Federal Contract Tower,0,20,14,0,34,0,0,51,0,51,0,20,65,0,85,20,0,20,105
07/30/2001,TYR,TX,ASW,CE,Federal Contract Tower,0,24,31,0,55,0,0,168,2,170,0,24,199,2,225,172,0,172,397
07/31/2001,TYR,TX,ASW,CE,Federal Contract Tower,0,31,31,0,62,0,0,157,1,158,0,31,188,1,220,148,0,148,368
08/01/2001,TYR,TX,ASW,CE,Federal Contract Tower,0,30,39,0,69,0,0,211,1,212,0,30,250,1,281,242,0,242,523
08/02/2001,TYR,TX,ASW,CE,Federal Contract Tower,0,28,34,0,62,0,5,171,2,178,0,33,205,2,240,162,0,162,402
08/03/2001,TYR,TX,ASW,CE,Federal Contract Tower,0,19,23,0,42,0,13,159,4,176,0,32,182,4,218,112,0,112,330
08/04/2001,TYR,TX,ASW,CE,Federal Contract Tower,0,17,19,0,36,0,4,140,0,144,0,21,159,0,180,96,0,96,276
08/05/2001,TYR,TX,ASW,CE,Federal Contract Tower,0,22,28,0,50,0,0,81,0,81,0,22,109,0,131,2,0,2,133
08/06/2001,TYR,TX,ASW,CE,Federal Contract Tower,0,25,46,0,71,0,0,108,0,108,0,25,154,0,179,164,0,164,343
08/07/2001,TYR,TX,ASW,CE,Federal Contract Tower,0,27,31,0,58,0,4,190,0,194,0,31,221,0,252,260,0,260,512
08/08/2001,TYR,TX,ASW,CE,Federal Contract Tower,0,30,50,0,80,0,0,212,0,212,0,30,262,0,292,460,0,460,752
08/09/2001,TYR,TX,ASW,CE,Federal Contract Tower,0,31,33,0,64,0,0,208,0,208,0,31,241,0,272,474,0,474,746
08/10/2001,TYR,TX,ASW,CE,Federal Contract Tower,0,39,44,0,83,0,0,166,0,166,0,39,210,0,249,516,0,516,765
08/11/2001,TYR,TX,ASW,CE,Federal Contract Tower,0,20,18,0,38,0,0,154,0,154,0,20,172,0,192,380,0,380,572
08/12/2001,TYR,TX,ASW,CE,Federal Contract Tower,0,21,14,0,35,0,0,68,0,68,0,21,82,0,103,86,0,86,189
08/13/2001,TYR,TX,ASW,CE,Federal Contract Tower,0,28,11,2,41,0,0,144,0,144,0,28,155,2,185,582,0,582,767
08/14/2001,TYR,TX,ASW,CE,Federal Contract Tower,0,29,25,0,54,0,0,198,0,198,0,29,223,0,252,562,0,562,814
08/15/2001,TYR,TX,ASW,CE,Federal Contract Tower,0,32,55,0,87,0,0,147,2,149,0,32,202,2,236,388,0,388,624
08/16/2001,TYR,TX,ASW,CE,Federal Contract Tower,0,31,23,0,54,0,0,211,0,211,0,31,234,0,265,496,0,496,761
08/17/2001,TYR,TX,ASW,CE,Federal Contract Tower,0,29,34,0,63,0,0,97,0,97,0,29,131,0,160,158,0,158,318
08/18/2001,TYR,TX,ASW,CE,Federal Contract Tower,0,23,5,0,28,0,1,12,0,13,0,24,17,0,41,30,0,30,71
08/19/2001,TYR,TX,ASW,CE,Federal Contract Tower,0,23,13,0,36,0,0,98,0,98,0,23,111,0,134,144,0,144,278
08/20/2001,TYR,TX,ASW,CE,Federal Contract Tower,0,27,40,0,67,0,0,208,8,216,0,27,248,8,283,445,0,445,728
08/21/2001,TYR,TX,ASW,CE,Federal Contract Tower,0,32,48,0,80,0,0,203,2,205,0,32,251,2,285,284,0,284,569
08/22/2001,TYR,TX,ASW,CE,Federal Contract Tower,0,35,40,0,75,0,0,181,0,181,0,35,221,0,256,152,0,152,408
08/23/2001,TYR,TX,ASW,CE,Federal Contract Tower,0,30,37,0,67,0,0,185,0,185,0,30,222,0,252,134,0,134,386
08/24/2001,TYR,TX,ASW,CE,Federal Contract Tower,0,29,29,0,58,0,0,140,0,140,0,29,169,0,198,176,0,176,374
08/25/2001,TYR,TX,ASW,CE,Federal Contract Tower,0,20,22,0,42,0,1,118,0,119,0,21,140,0,161,144,0,144,305
08/26/2001,TYR,TX,ASW,CE,Federal Contract Tower,0,19,16,0,35,0,0,41,0,41,0,19,57,0,76,22,0,22,98
08/27/2001,TYR,TX,ASW,CE,Federal Contract Tower,0,24,39,0,63,0,0,87,3,90,0,24,126,3,153,119,0,119,272
08/28/2001,TYR,TX,ASW,CE,Federal Contract Tower,0,26,43,0,69,0,0,123,1,124,0,26,166,1,193,212,0,212,405
08/29/2001,TYR,TX,ASW,CE,Federal Contract Tower,0,27,55,0,82,0,0,82,2,84,0,27,137,2,166,166,0,166,332
08/30/2001,TYR,TX,ASW,CE,Federal Contract Tower,0,29,90,2,121,0,0,3,0,3,0,29,93,2,124,18,0,18,142
08/31/2001,TYR,TX,ASW,CE,Federal Contract Tower,0,31,60,0,91,0,0,3,0,3,0,31,63,0,94,2,0,2,96
09/01/2001,TYR,TX,ASW,CE,Federal Contract Tower,0,15,22,0,37,0,16,41,0,57,0,31,63,0,94,2,0,2,96
09/02/2001,TYR,TX,ASW,CE,Federal Contract Tower,0,14,13,0,27,0,0,38,0,38,0,14,51,0,65,27,0,27,92
09/03/2001,TYR,TX,ASW,CE,Federal Contract Tower,0,25,34,0,59,0,0,105,4,109,0,25,139,4,168,74,0,74,242
09/04/2001,TYR,TX,ASW,CE,Federal Contract Tower,0,32,31,0,63,0,0,36,0,36,0,32,67,0,99,168,0,168,267
09/05/2001,TYR,TX,ASW,CE,Federal Contract Tower,0,32,52,0,84,0,1,235,1,237,0,33,287,1,321,296,0,296,617
09/06/2001,TYR,TX,ASW,CE,Federal Contract Tower,0,30,48,0,78,0,1,66,0,67,0,31,114,0,145,52,0,52,197
09/07/2001,TYR,TX,ASW,CE,Federal Contract Tower,0,30,32,0,62,0,2,137,0,139,0,32,169,0,201,148,0,148,349
09/08/2001,TYR,TX,ASW,CE,Federal Contract Tower,0,20,22,1,43,0,0,66,0,66,0,20,88,1,109,26,2,28,137
09/09/2001,TYR,TX,ASW,CE,Federal Contract Tower,0,19,23,0,42,0,0,24,0,24,0,19,47,0,66,0,0,0,66
09/10/2001,TYR,TX,ASW,CE,Federal Contract Tower,0,24,26,0,50,0,0,226,0,226,0,24,252,0,276,222,0,222,498
09/11/2001,TYR,TX,ASW,CE,Federal Contract Tower,0,5,1,0,6,0,0,14,0,14,0,5,15,0,20,14,0,14,34
09/12/2001,TYR,TX,ASW,CE,Federal Contract Tower,0,0,4,0,4,0,0,0,0,0,0,0,4,0,4,0,0,0,4
09/13/2001,TYR,TX,ASW,CE,Federal Contract Tower,0,9,4,0,13,0,0,0,0,0,0,9,4,0,13,0,0,0,13
09/14/2001,TYR,TX,ASW,CE,Federal Contract Tower,0,30,12,0,42,0,0,0,0,0,0,30,12,0,42,0,0,0,42
09/15/2001,TYR,TX,ASW,CE,Federal Contract Tower,0,22,22,0,44,0,0,0,0,0,0,22,22,0,44,0,0,0,44
09/16/2001,TYR,TX,ASW,CE,Federal Contract Tower,0,20,22,0,42,0,0,0,0,0,0,20,22,0,42,0,0,0,42
09/17/2001,TYR,TX,ASW,CE,Federal Contract Tower,0,28,107,0,135,0,0,0,0,0,0,28,107,0,135,0,0,0,135
09/18/2001,TYR,TX,ASW,CE,Federal Contract Tower,0,33,72,0,105,0,0,0,0,0,0,33,72,0,105,0,0,0,105
09/19/2001,TYR,TX,ASW,CE,Federal Contract Tower,0,28,82,0,110,0,0,0,0,0,0,28,82,0,110,0,0,0,110
09/20/2001,TYR,TX,ASW,CE,Federal Contract Tower,0,25,93,0,118,0,0,0,0,0,0,25,93,0,118,0,0,0,118
09/21/2001,TYR,TX,ASW,CE,Federal Contract Tower,0,21,75,0,96,0,1,13,0,14,0,22,88,0,110,4,0,4,114
09/22/2001,TYR,TX,ASW,CE,Federal Contract Tower,0,19,36,0,55,0,0,38,0,38,0,19,74,0,93,38,0,38,131
09/23/2001,TYR,TX,ASW,CE,Federal Contract Tower,0,17,29,0,46,0,0,29,0,29,0,17,58,0,75,34,0,34,109
09/24/2001,TYR,TX,ASW,CE,Federal Contract Tower,0,26,49,0,75,0,0,137,0,137,0,26,186,0,212,212,0,212,424
09/25/2001,TYR,TX,ASW,CE,Federal Contract Tower,0,33,44,0,77,0,0,280,0,280,0,33,324,0,357,263,0,263,620
09/26/2001,TYR,TX,ASW,CE,Federal Contract Tower,0,35,49,0,84,0,2,245,0,247,0,37,294,0,331,324,0,324,655
09/27/2001,TYR,TX,ASW,CE,Federal Contract Tower,0,28,51,0,79,0,1,200,2,203,0,29,251,2,282,224,0,224,506
09/28/2001,TYR,TX,ASW,CE,Federal Contract Tower,0,26,42,0,68,0,0,191,0,191,0,26,233,0,259,325,0,325,584
09/29/2001,TYR,TX,ASW,CE,Federal Contract Tower,0,17,34,0,51,0,0,188,0,188,0,17,222,0,239,286,0,286,525
09/30/2001,TYR,TX,ASW,CE,Federal Contract Tower,0,14,30,0,44,0,0,95,0,95,0,14,125,0,139,74,0,74,213
10/01/2001,TYR,TX,ASW,CE,Federal Contract Tower,0,21,37,0,58,0,0,190,0,190,0,21,227,0,248,293,0,293,541
10/02/2001,TYR,TX,ASW,CE,Federal Contract Tower,0,25,34,0,59,0,0,238,0,238,0,25,272,0,297,394,0,394,691
10/03/2001,TYR,TX,ASW,CE,Federal Contract Tower,0,24,35,3,62,0,0,253,0,253,0,24,288,3,315,416,4,420,735
10/04/2001,TYR,TX,ASW,CE,Federal Contract Tower,0,28,52,0,80,0,0,196,0,196,0,28,248,0,276,378,0,378,654
10/05/2001,TYR,TX,ASW,CE,Federal Contract Tower,0,22,64,0,86,0,0,36,0,36,0,22,100,0,122,165,0,165,287
10/06/2001,TYR,TX,ASW,CE,Federal Contract Tower,0,19,24,0,43,0,0,145,0,145,0,19,169,0,188,206,0,206,394
10/07/2001,TYR,TX,ASW,CE,Federal Contract Tower,0,15,112,0,127,0,0,12,0,12,0,15,124,0,139,48,0,48,187
10/08/2001,TYR,TX,ASW,CE,Federal Contract Tower,0,19,38,0,57,0,0,213,0,213,0,19,251,0,270,606,0,606,876
10/09/2001,TYR,TX,ASW,CE,Federal Contract Tower,0,25,67,4,96,0,0,14,0,14,0,25,81,4,110,18,4,22,132
10/10/2001,TYR,TX,ASW,CE,Federal Contract Tower,0,30,89,0,119,0,0,47,0,47,0,30,136,0,166,118,0,118,284
10/11/2001,TYR,TX,ASW,CE,Federal Contract Tower,0,27,41,0,68,0,0,95,0,95,0,27,136,0,163,358,0,358,521
10/12/2001,TYR,TX,ASW,CE,Federal Contract Tower,4,35,46,0,85,0,0,174,0,174,4,35,220,0,259,382,0,382,641
10/13/2001,TYR,TX,ASW,CE,Federal Contract Tower,0,17,33,0,50,0,0,11,0,11,0,17,44,0,61,18,0,18,79
10/14/2001,TYR,TX,ASW,CE,Federal Contract Tower,0,15,33,0,48,0,0,164,0,164,0,15,197,0,212,298,0,298,510
10/15/2001,TYR,TX,ASW,CE,Federal Contract Tower,2,23,41,0,66,0,0,241,0,241,2,23,282,0,307,442,0,442,749
10/16/2001,TYR,TX,ASW,CE,Federal Contract Tower,0,27,50,0,77,0,3,245,0,248,0,30,295,0,325,408,0,408,733
10/17/2001,TYR,TX,ASW,CE,Federal Contract Tower,0,27,32,0,59,0,0,249,0,249,0,27,281,0,308,430,0,430,738
10/18/2001,TYR,TX,ASW,CE,Federal Contract Tower,0,26,42,0,68,0,0,223,0,223,0,26,265,0,291,430,0,430,721
10/19/2001,TYR,TX,ASW,CE,Federal Contract Tower,0,25,56,0,81,0,0,231,0,231,0,25,287,0,312,358,0,358,670
10/20/2001,TYR,TX,ASW,CE,Federal Contract Tower,0,17,25,0,42,0,0,178,0,178,0,17,203,0,220,350,0,350,570
10/21/2001,TYR,TX,ASW,CE,Federal Contract Tower,0,14,13,0,27,0,0,107,0,107,0,14,120,0,134,202,0,202,336
10/22/2001,TYR,TX,ASW,CE,Federal Contract Tower,0,23,47,2,72,0,0,61,1,62,0,23,108,3,134,158,20,178,312
10/23/2001,TYR,TX,ASW,CE,Federal Contract Tower,0,24,51,7,82,0,0,119,0,119,0,24,170,7,201,237,0,237,438
10/24/2001,TYR,TX,ASW,CE,Federal Contract Tower,0,24,57,0,81,0,0,136,0,136,0,24,193,0,217,179,0,179,396
10/25/2001,TYR,TX,ASW,CE,Federal Contract Tower,0,23,37,1,61,0,0,254,1,255,0,23,291,2,316,298,0,298,614
10/26/2001,TYR,TX,ASW,CE,Federal Contract Tower,0,21,38,0,59,0,0,246,0,246,0,21,284,0,305,314,0,314,619
10/27/2001,TYR,TX,ASW,CE,Federal Contract Tower,0,18,24,0,42,0,0,208,1,209,0,18,232,1,251,224,0,224,475
10/28/2001,TYR,TX,ASW,CE,Federal Contract Tower,0,15,15,0,30,0,0,153,1,154,0,15,168,1,184,146,0,146,330
10/29/2001,TYR,TX,ASW,CE,Federal Contract Tower,0,20,42,0,62,0,0,231,0,231,0,20,273,0,293,352,0,352,645
10/30/2001,TYR,TX,ASW,CE,Federal Contract Tower,0,26,62,0,88,0,0,272,0,272,0,26,334,0,360,414,0,414,774
10/31/2001,TYR,TX,ASW,CE,Federal Contract Tower,0,20,44,4,68,0,0,231,0,231,0,20,275,4,299,306,0,306,605
11/01/2001,TYR,TX,ASW,CE,Federal Contract Tower,0,25,44,0,69,0,2,76,0,78,0,27,120,0,147,120,0,120,267
11/02/2001,TYR,TX,ASW,CE,Federal Contract Tower,0,25,70,0,95,0,1,120,0,121,0,26,190,0,216,172,0,172,388
11/03/2001,TYR,TX,ASW,CE,Federal Contract Tower,0,17,13,0,30,0,0,154,0,154,0,17,167,0,184,212,0,212,396
11/04/2001,TYR,TX,ASW,CE,Federal Contract Tower,0,14,21,0,35,0,1,117,0,118,0,15,138,0,153,108,0,108,261
11/05/2001,TYR,TX,ASW,CE,Federal Contract Tower,0,23,48,0,71,0,3,218,0,221,0,26,266,0,292,346,0,346,638
11/06/2001,TYR,TX,ASW,CE,Federal Contract Tower,0,24,52,0,76,0,3,293,0,296,0,27,345,0,372,446,0,446,818
11/07/2001,TYR,TX,ASW,CE,Federal Contract Tower,0,28,51,0,79,0,2,240,0,242,0,30,291,0,321,392,0,392,713
11/08/2001,TYR,TX,ASW,CE,Federal Contract Tower,0,32,48,0,80,0,0,129,2,131,0,32,177,2,211,156,0,156,367
11/09/2001,TYR,TX,ASW,CE,Federal Contract Tower,0,25,107,2,134,0,0,2,0,2,0,25,109,2,136,4,0,4,140
11/10/2001,TYR,TX,ASW,CE,Federal Contract Tower,0,17,38,0,55,0,1,103,0,104,0,18,141,0,159,190,0,190,349
11/11/2001,TYR,TX,ASW,CE,Federal Contract Tower,0,14,48,0,62,0,0,90,0,90,0,14,138,0,152,135,0,135,287
11/12/2001,TYR,TX,ASW,CE,Federal Contract Tower,0,17,68,0,85,0,0,7,0,7,0,17,75,0,92,22,0,22,114
11/13/2001,TYR,TX,ASW,CE,Federal Contract Tower,0,24,65,0,89,0,1,203,0,204,0,25,268,0,293,316,0,316,609
11/14/2001,TYR,TX,ASW,CE,Federal Contract Tower,0,27,74,0,101,0,1,142,0,143,0,28,216,0,244,236,0,236,480
11/15/2001,TYR,TX,ASW,CE,Federal Contract Tower,0,24,51,1,76,0,3,257,1,261,0,27,308,2,337,300,0,300,637
11/16/2001,TYR,TX,ASW,CE,Federal Contract Tower,0,24,39,2,65,0,0,250,0,250,0,24,289,2,315,277,0,277,592
11/17/2001,TYR,TX,ASW,CE,Federal Contract Tower,0,18,41,0,59,0,0,198,0,198,0,18,239,0,257,184,0,184,441
11/18/2001,TYR,TX,ASW,CE,Federal Contract Tower,0,24,20,0,44,0,0,120,0,120,0,24,140,0,164,98,0,98,262
11/19/2001,TYR,TX,ASW,CE,Federal Contract Tower,0,25,59,0,84,0,1,17,0,18,0,26,76,0,102,62,0,62,164
11/20/2001,TYR,TX,ASW,CE,Federal Contract Tower,0,27,40,0,67,0,1,317,0,318,0,28,357,0,385,466,0,466,851
11/21/2001,TYR,TX,ASW,CE,Federal Contract Tower,0,27,37,0,64,0,3,294,0,297,0,30,331,0,361,446,0,446,807
11/22/2001,TYR,TX,ASW,CE,Federal Contract Tower,0,14,20,0,34,0,0,139,0,139,0,14,159,0,173,384,0,384,557
11/23/2001,TYR,TX,ASW,CE,Federal Contract Tower,0,18,31,0,49,0,3,87,0,90,0,21,118,0,139,102,0,102,241
11/24/2001,TYR,TX,ASW,CE,Federal Contract Tower,0,13,19,0,32,0,10,133,0,143,0,23,152,0,175,186,0,186,361
11/25/2001,TYR,TX,ASW,CE,Federal Contract Tower,0,14,32,0,46,0,4,215,2,221,0,18,247,2,267,414,0,414,681
11/26/2001,TYR,TX,ASW,CE,Federal Contract Tower,0,19,33,0,52,0,2,59,0,61,0,21,92,0,113,222,0,222,335
11/27/2001,TYR,TX,ASW,CE,Federal Contract Tower,0,25,39,0,64,0,3,202,4,209,0,28,241,4,273,536,0,536,809
11/28/2001,TYR,TX,ASW,CE,Federal Contract Tower,0,16,9,0,25,0,0,0,0,0,0,16,9,0,25,0,0,0,25
11/29/2001,TYR,TX,ASW,CE,Federal Contract Tower,0,24,19,0,43,0,1,2,0,3,0,25,21,0,46,0,0,0,46
11/30/2001,TYR,TX,ASW,CE,Federal Contract Tower,0,23,50,0,73,0,1,252,0,253,0,24,302,0,326,520,0,520,846
12/01/2001,TYR,TX,ASW,CE,Federal Contract Tower,0,17,16,0,33,0,2,281,0,283,0,19,297,0,316,502,0,502,818
12/02/2001,TYR,TX,ASW,CE,Federal Contract Tower,0,14,53,0,67,0,1,191,2,194,0,15,244,2,261,486,0,486,747
12/03/2001,TYR,TX,ASW,CE,Federal Contract Tower,0,26,53,0,79,0,0,186,0,186,0,26,239,0,265,594,0,594,859
12/04/2001,TYR,TX,ASW,CE,Federal Contract Tower,0,23,57,4,84,0,1,245,0,246,0,24,302,4,330,576,0,576,906
12/05/2001,TYR,TX,ASW,CE,Federal Contract Tower,0,29,56,5,90,0,0,159,3,162,0,29,215,8,252,440,4,444,696
12/06/2001,TYR,TX,ASW,CE,Federal Contract Tower,0,25,65,0,90,0,3,169,0,172,0,28,234,0,262,266,0,266,528
12/07/2001,TYR,TX,ASW,CE,Federal Contract Tower,1,24,81,0,106,0,0,51,0,51,1,24,132,0,157,94,0,94,251
12/08/2001,TYR,TX,ASW,CE,Federal Contract Tower,0,16,22,2,40,0,0,143,2,145,0,16,165,4,185,232,0,232,417
12/09/2001,TYR,TX,ASW,CE,Federal Contract Tower,0,16,14,0,30,0,0,198,2,200,0,16,212,2,230,262,0,262,492
12/10/2001,TYR,TX,ASW,CE,Federal Contract Tower,0,21,38,4,63,0,2,277,42,321,0,23,315,46,384,490,0,490,874
12/11/2001,TYR,TX,ASW,CE,Federal Contract Tower,0,25,41,4,70,0,0,117,0,117,0,25,158,4,187,214,0,214,401
12/12/2001,TYR,TX,ASW,CE,Federal Contract Tower,0,22,42,0,64,0,1,19,0,20,0,23,61,0,84,102,0,102,186
12/13/2001,TYR,TX,ASW,CE,Federal Contract Tower,0,22,37,1,60,0,2,10,0,12,0,24,47,1,72,28,0,28,100
12/14/2001,TYR,TX,ASW,CE,Federal Contract Tower,0,25,34,0,59,0,0,288,11,299,0,25,322,11,358,228,0,228,586
12/15/2001,TYR,TX,ASW,CE,Federal Contract Tower,0,19,22,0,41,0,0,50,0,50,0,19,72,0,91,48,0,48,139
12/16/2001,TYR,TX,ASW,CE,Federal Contract Tower,0,17,19,0,36,0,1,1,0,2,0,18,20,0,38,4,0,4,42
12/17/2001,TYR,TX,ASW,CE,Federal Contract Tower,0,22,59,0,81,0,2,111,0,113,0,24,170,0,194,80,0,80,274
12/18/2001,TYR,TX,ASW,CE,Federal Contract Tower,0,26,39,0,65,0,0,288,0,288,0,26,327,0,353,248,0,248,601
12/19/2001,TYR,TX,ASW,CE,Federal Contract Tower,0,30,51,0,81,0,0,210,0,210,0,30,261,0,291,278,0,278,569
12/20/2001,TYR,TX,ASW,CE,Federal Contract Tower,0,26,39,3,68,0,2,219,0,221,0,28,258,3,289,302,2,304,593
12/21/2001,TYR,TX,ASW,CE,Federal Contract Tower,0,23,39,0,62,0,1,209,0,210,0,24,248,0,272,195,0,195,467
12/22/2001,TYR,TX,ASW,CE,Federal Contract Tower,0,16,21,0,37,0,0,17,0,17,0,16,38,0,54,22,0,22,76
12/23/2001,TYR,TX,ASW,CE,Federal Contract Tower,0,15,11,0,26,0,1,130,0,131,0,16,141,0,157,46,0,46,203
12/24/2001,TYR,TX,ASW,CE,Federal Contract Tower,0,16,6,0,22,0,1,123,0,124,0,17,129,0,146,180,0,180,326
12/25/2001,TYR,TX,ASW,CE,Federal Contract Tower,0,12,2,0,14,0,0,22,1,23,0,12,24,1,37,0,0,0,37
12/26/2001,TYR,TX,ASW,CE,Federal Contract Tower,0,22,28,0,50,0,4,155,0,159,0,26,183,0,209,198,0,198,407
12/27/2001,TYR,TX,ASW,CE,Federal Contract Tower,0,23,18,0,41,0,2,189,0,191,0,25,207,0,232,342,0,342,574
12/28/2001,TYR,TX,ASW,CE,Federal Contract Tower,0,24,24,0,48,0,2,212,0,214,0,26,236,0,262,234,0,234,496
12/29/2001,TYR,TX,ASW,CE,Federal Contract Tower,0,18,25,0,43,0,2,130,0,132,0,20,155,0,175,134,0,134,309
12/30/2001,TYR,TX,ASW,CE,Federal Contract Tower,0,18,17,0,35,0,0,57,0,57,0,18,74,0,92,68,0,68,160
12/31/2001,TYR,TX,ASW,CE,Federal Contract Tower,0,18,8,0,26,0,1,25,0,26,0,19,33,0,52,46,0,46,98
01/01/2002,TYR,TX,ASW,CE,Federal Contract Tower,0,15,9,0,24,0,0,12,0,12,0,15,21,0,36,2,0,2,38
01/02/2002,TYR,TX,ASW,CE,Federal Contract Tower,0,22,48,0,70,0,2,148,0,150,0,24,196,0,220,234,0,234,454
01/03/2002,TYR,TX,ASW,CE,Federal Contract Tower,0,22,40,0,62,0,2,230,0,232,0,24,270,0,294,368,0,368,662
01/04/2002,TYR,TX,ASW,CE,Federal Contract Tower,0,24,27,0,51,0,1,203,0,204,0,25,230,0,255,342,0,342,597
01/05/2002,TYR,TX,ASW,CE,Federal Contract Tower,0,15,36,0,51,0,0,2,0,2,0,15,38,0,53,8,0,8,61
01/06/2002,TYR,TX,ASW,CE,Federal Contract Tower,0,14,50,0,64,0,0,138,0,138,0,14,188,0,202,114,0,114,316
01/07/2002,TYR,TX,ASW,CE,Federal Contract Tower,0,19,25,0,44,0,3,187,0,190,0,22,212,0,234,288,0,288,522
01/08/2002,TYR,TX,ASW,CE,Federal Contract Tower,0,24,25,0,49,0,2,188,0,190,0,26,213,0,239,296,0,296,535
01/09/2002,TYR,TX,ASW,CE,Federal Contract Tower,0,22,65,0,87,0,2,209,0,211,0,24,274,0,298,280,0,280,578
01/10/2002,TYR,TX,ASW,CE,Federal Contract Tower,0,28,74,0,102,0,0,102,0,102,0,28,176,0,204,258,0,258,462
01/11/2002,TYR,TX,ASW,CE,Federal Contract Tower,0,27,32,7,66,0,2,213,27,242,0,29,245,34,308,356,0,356,664
01/12/2002,TYR,TX,ASW,CE,Federal Contract Tower,0,16,29,0,45,0,1,144,1,146,0,17,173,1,191,100,0,100,291
01/13/2002,TYR,TX,ASW,CE,Federal Contract Tower,0,14,16,0,30,0,0,102,0,102,0,14,118,0,132,100,0,100,232
01/14/2002,TYR,TX,ASW,CE,Federal Contract Tower,0,20,38,0,58,0,3,205,0,208,0,23,243,0,266,332,0,332,598
01/15/2002,TYR,TX,ASW,CE,Federal Contract Tower,0,22,43,0,65,0,2,194,0,196,0,24,237,0,261,302,0,302,563
01/16/2002,TYR,TX,ASW,CE,Federal Contract Tower,0,24,64,0,88,0,2,144,0,146,0,26,208,0,234,342,0,342,576
01/17/2002,TYR,TX,ASW,CE,Federal Contract Tower,0,26,43,0,69,0,1,0,0,1,0,27,43,0,70,0,0,0,70
01/18/2002,TYR,TX,ASW,CE,Federal Contract Tower,0,23,64,0,87,0,0,8,0,8,0,23,72,0,95,18,0,18,113
01/19/2002,TYR,TX,ASW,CE,Federal Contract Tower,0,21,19,0,40,0,0,53,0,53,0,21,72,0,93,90,0,90,183
01/20/2002,TYR,TX,ASW,CE,Federal Contract Tower,0,15,37,0,52,0,0,102,0,102,0,15,139,0,154,150,0,150,304
01/21/2002,TYR,TX,ASW,CE,Federal Contract Tower,0,18,28,0,46,0,0,228,0,228,0,18,256,0,274,354,0,354,628
01/22/2002,TYR,TX,ASW,CE,Federal Contract Tower,0,21,73,0,94,0,0,17,0,17,0,21,90,0,111,44,0,44,155
01/23/2002,TYR,TX,ASW,CE,Federal Contract Tower,0,23,47,2,72,0,0,46,0,46,0,23,93,2,118,104,0,104,222
01/24/2002,TYR,TX,ASW,CE,Federal Contract Tower,0,26,28,0,54,0,0,3,0,3,0,26,31,0,57,2,0,2,59
01/25/2002,TYR,TX,ASW,CE,Federal Contract Tower,0,26,23,0,49,0,1,216,0,217,0,27,239,0,266,290,0,290,556
01/26/2002,TYR,TX,ASW,CE,Federal Contract Tower,0,16,10,0,26,0,0,172,0,172,0,16,182,0,198,252,0,252,450
01/27/2002,TYR,TX,ASW,CE,Federal Contract Tower,0,15,9,0,24,0,5,106,0,111,0,20,115,0,135,134,0,134,269
01/28/2002,TYR,TX,ASW,CE,Federal Contract Tower,0,34,73,0,107,0,0,63,0,63,0,34,136,0,170,206,0,206,376
01/29/2002,TYR,TX,ASW,CE,Federal Contract Tower,0,25,55,0,80,0,2,97,0,99,0,27,152,0,179,252,0,252,431
01/30/2002,TYR,TX,ASW,CE,Federal Contract Tower,0,26,62,0,88,0,0,79,0,79,0,26,141,0,167,172,0,172,339
01/31/2002,TYR,TX,ASW,CE,Federal Contract Tower,1,19,32,0,52,0,1,11,0,12,1,20,43,0,64,22,0,22,86
02/01/2002,TYR,TX,ASW,CE,Federal Contract Tower,0,31,31,0,62,0,2,153,0,155,0,33,184,0,217,186,0,186,403
02/02/2002,TYR,TX,ASW,CE,Federal Contract Tower,0,16,20,0,36,0,7,141,0,148,0,23,161,0,184,88,0,88,272
02/03/2002,TYR,TX,ASW,CE,Federal Contract Tower,0,14,18,4,36,0,3,59,0,62,0,17,77,4,98,42,0,42,140
02/04/2002,TYR,TX,ASW,CE,Federal Contract Tower,0,20,30,0,50,0,1,147,0,148,0,21,177,0,198,246,0,246,444
02/05/2002,TYR,TX,ASW,CE,Federal Contract Tower,0,12,12,0,24,0,0,0,0,0,0,12,12,0,24,0,0,0,24
02/06/2002,TYR,TX,ASW,CE,Federal Contract Tower,0,21,17,0,38,0,0,3,0,3,0,21,20,0,41,4,0,4,45
02/07/2002,TYR,TX,ASW,CE,Federal Contract Tower,0,22,45,0,67,0,2,108,2,112,0,24,153,2,179,200,0,200,379
02/08/2002,TYR,TX,ASW,CE,Federal Contract Tower,0,25,21,0,46,0,2,183,2,187,0,27,204,2,233,172,0,172,405
02/09/2002,TYR,TX,ASW,CE,Federal Contract Tower,0,16,19,0,35,0,0,70,0,70,0,16,89,0,105,88,0,88,193
02/10/2002,TYR,TX,ASW,CE,Federal Contract Tower,0,16,20,0,36,0,1,31,0,32,0,17,51,0,68,26,0,26,94
02/11/2002,TYR,TX,ASW,CE,Federal Contract Tower,0,21,42,0,63,0,2,200,0,202,0,23,242,0,265,220,0,220,485
02/12/2002,TYR,TX,ASW,CE,Federal Contract Tower,0,24,67,2,93,0,3,170,0,173,0,27,237,2,266,232,4,236,502
02/13/2002,TYR,TX,ASW,CE,Federal Contract Tower,0,20,35,0,55,0,4,177,1,182,0,24,212,1,237,285,0,285,522
02/14/2002,TYR,TX,ASW,CE,Federal Contract Tower,0,25,36,0,61,0,2,171,1,174,0,27,207,1,235,284,0,284,519
02/15/2002,TYR,TX,ASW,CE,Federal Contract Tower,0,22,27,0,49,0,0,105,0,105,0,22,132,0,154,180,0,180,334
02/16/2002,TYR,TX,ASW,CE,Federal Contract Tower,0,18,17,0,35,0,0,146,0,146,0,18,163,0,181,116,0,116,297
02/17/2002,TYR,TX,ASW,CE,Federal Contract Tower,0,17,14,0,31,0,0,74,0,74,0,17,88,0,105,14,0,14,119
02/18/2002,TYR,TX,ASW,CE,Federal Contract Tower,0,19,39,1,59,0,0,96,1,97,0,19,135,2,156,237,0,237,393
02/19/2002,TYR,TX,ASW,CE,Federal Contract Tower,0,23,12,0,35,0,2,22,0,24,0,25,34,0,59,60,0,60,119
02/20/2002,TYR,TX,ASW,CE,Federal Contract Tower,0,27,35,2,64,0,2,188,2,192,0,29,223,4,256,306,4,310,566
02/21/2002,TYR,TX,ASW,CE,Federal Contract Tower,0,27,50,0,77,0,3,167,0,170,0,30,217,0,247,266,0,266,513
02/22/2002,TYR,TX,ASW,CE,Federal Contract Tower,0,25,23,1,49,0,1,251,0,252,0,26,274,1,301,354,2,356,657
02/23/2002,TYR,TX,ASW,CE,Federal Contract Tower,0,16,21,2,39,0,0,171,0,171,0,16,192,2,210,224,0,224,434
02/24/2002,TYR,TX,ASW,CE,Federal Contract Tower,0,17,15,0,32,0,0,82,0,82,0,17,97,0,114,30,0,30,144
02/25/2002,TYR,TX,ASW,CE,Federal Contract Tower,0,17,47,0,64,0,2,123,0,125,0,19,170,0,189,204,0,204,393
02/26/2002,TYR,TX,ASW,CE,Federal Contract Tower,0,24,12,0,36,0,0,21,0,21,0,24,33,0,57,24,0,24,81
02/27/2002,TYR,TX,ASW,CE,Federal Contract Tower,0,20,56,0,76,0,0,187,0,187,0,20,243,0,263,329,0,329,592
02/28/2002,TYR,TX,ASW,CE,Federal Contract Tower,0,25,33,0,58,0,1,170,0,171,0,26,203,0,229,186,0,186,415
03/01/2002,TYR,TX,ASW,CE,Federal Contract Tower,0,20,22,0,42,0,6,6,0,12,0,26,28,0,54,50,0,50,104
03/02/2002,TYR,TX,ASW,CE,Federal Contract Tower,0,15,8,0,23,0,1,5,0,6,0,16,13,0,29,0,0,0,29
03/03/2002,TYR,TX,ASW,CE,Federal Contract Tower,0,14,11,0,25,0,1,46,0,47,0,15,57,0,72,48,0,48,120
03/04/2002,TYR,TX,ASW,CE,Federal Contract Tower,0,20,35,0,55,0,3,164,0,167,0,23,199,0,222,260,0,260,482
03/05/2002,TYR,TX,ASW,CE,Federal Contract Tower,0,26,34,0,60,0,4,167,0,171,0,30,201,0,231,196,0,196,427
03/06/2002,TYR,TX,ASW,CE,Federal Contract Tower,0,24,53,0,77,0,2,64,0,66,0,26,117,0,143,174,0,174,317
03/07/2002,TYR,TX,ASW,CE,Federal Contract Tower,0,29,48,0,77,0,0,104,0,104,0,29,152,0,181,210,0,210,391
03/08/2002,TYR,TX,ASW,CE,Federal Contract Tower,0,26,23,0,49,0,1,21,0,22,0,27,44,0,71,34,0,34,105
03/09/2002,TYR,TX,ASW,CE,Federal Contract Tower,0,18,23,0,41,0,1,48,0,49,0,19,71,0,90,24,0,24,114
03/10/2002,TYR,TX,ASW,CE,Federal Contract Tower,0,14,43,0,57,0,0,88,0,88,0,14,131,0,145,72,0,72,217
03/11/2002,TYR,TX,ASW,CE,Federal Contract Tower,0,16,20,0,36,0,0,68,0,68,0,16,88,0,104,214,0,214,318
03/12/2002,TYR,TX,ASW,CE,Federal Contract Tower,0,24,68,0,92,0,2,159,0,161,0,26,227,0,253,506,0,506,759
03/13/2002,TYR,TX,ASW,CE,Federal Contract Tower,0,22,31,0,53,0,0,220,0,220,0,22,251,0,273,336,0,336,609
03/14/2002,TYR,TX,ASW,CE,Federal Contract Tower,0,24,36,0,60,0,4,51,0,55,0,28,87,0,115,6,0,6,121
03/15/2002,TYR,TX,ASW,CE,Federal Contract Tower,0,31,38,0,69,0,1,87,0,88,0,32,125,0,157,381,0,381,538
03/16/2002,TYR,TX,ASW,CE,Federal Contract Tower,0,18,42,0,60,0,1,60,1,62,0,19,102,1,122,218,0,218,340
03/17/2002,TYR,TX,ASW,CE,Federal Contract Tower,0,17,19,1,37,0,0,1,0,1,0,17,20,1,38,0,0,0,38
03/18/2002,TYR,TX,ASW,CE,Federal Contract Tower,0,24,14,2,40,0,0,8,0,8,0,24,22,2,48,14,0,14,62
03/19/2002,TYR,TX,ASW,CE,Federal Contract Tower,0,28,22,0,50,0,0,69,0,69,0,28,91,0,119,360,0,360,479
03/20/2002,TYR,TX,ASW,CE,Federal Contract Tower,0,27,34,0,61,0,1,5,0,6,0,28,39,0,67,18,0,18,85
03/21/2002,TYR,TX,ASW,CE,Federal Contract Tower,0,24,52,0,76,0,0,278,0,278,0,24,330,0,354,356,0,356,710
03/22/2002,TYR,TX,ASW,CE,Federal Contract Tower,0,24,29,0,53,0,5,201,0,206,0,29,230,0,259,530,0,530,789
03/23/2002,TYR,TX,ASW,CE,Federal Contract Tower,0,15,29,0,44,0,1,236,0,237,0,16,265,0,281,366,0,366,647
03/24/2002,TYR,TX,ASW,CE,Federal Contract Tower,0,14,25,0,39,0,1,39,0,40,0,15,64,0,79,70,0,70,149
03/25/2002,TYR,TX,ASW,CE,Federal Contract Tower,0,24,46,0,70,0,0,61,0,61,0,24,107,0,131,222,0,222,353
03/26/2002,TYR,TX,ASW,CE,Federal Contract Tower,0,26,45,0,71,0,0,239,0,239,0,26,284,0,310,734,0,734,1044
03/27/2002,TYR,TX,ASW,CE,Federal Contract Tower,0,25,31,0,56,0,0,302,0,302,0,25,333,0,358,758,0,758,1116
03/28/2002,TYR,TX,ASW,CE,Federal Contract Tower,0,28,56,0,84,0,3,170,0,173,0,31,226,0,257,282,0,282,539
03/29/2002,TYR,TX,ASW,CE,Federal Contract Tower,0,20,26,0,46,0,3,84,0,87,0,23,110,0,133,190,0,190,323
03/30/2002,TYR,TX,ASW,CE,Federal Contract Tower,0,16,11,0,27,0,1,0,0,1,0,17,11,0,28,0,0,0,28
03/31/2002,TYR,TX,ASW,CE,Federal Contract Tower,0,15,40,0,55,0,0,31,0,31,0,15,71,0,86,30,0,30,116
04/01/2002,TYR,TX,ASW,CE,Federal Contract Tower,0,22,57,0,79,0,0,242,0,242,0,22,299,0,321,444,0,444,765
04/02/2002,TYR,TX,ASW,CE,Federal Contract Tower,0,23,32,0,55,0,1,194,0,195,0,24,226,0,250,374,0,374,624
04/03/2002,TYR,TX,ASW,CE,Federal Contract Tower,0,24,42,0,66,0,0,190,0,190,0,24,232,0,256,204,0,204,460
04/04/2002,TYR,TX,ASW,CE,Federal Contract Tower,0,29,32,2,63,0,1,217,2,220,0,30,249,4,283,278,4,282,565
04/05/2002,TYR,TX,ASW,CE,Federal Contract Tower,0,26,34,0,60,0,3,223,0,226,0,29,257,0,286,360,0,360,646
04/06/2002,TYR,TX,ASW,CE,Federal Contract Tower,0,19,17,0,36,0,5,121,0,126,0,24,138,0,162,144,0,144,306
04/07/2002,TYR,TX,ASW,CE,Federal Contract Tower,0,12,22,0,34,0,0,6,0,6,0,12,28,0,40,2,0,2,42
04/08/2002,TYR,TX,ASW,CE,Federal Contract Tower,0,19,26,0,45,0,3,66,0,69,0,22,92,0,114,194,0,194,308
04/09/2002,TYR,TX,ASW,CE,Federal Contract Tower,0,25,58,0,83,0,1,76,0,77,0,26,134,0,160,239,0,239,399
04/10/2002,TYR,TX,ASW,CE,Federal Contract Tower,0,24,55,0,79,0,0,238,0,238,0,24,293,0,317,406,0,406,723
04/11/2002,TYR,TX,ASW,CE,Federal Contract Tower,0,24,38,0,62,0,3,306,0,309,0,27,344,0,371,520,0,520,891
04/12/2002,TYR,TX,ASW,CE,Federal Contract Tower,0,21,34,0,55,0,1,267,0,268,0,22,301,0,323,448,0,448,771
04/13/2002,TYR,TX,ASW,CE,Federal Contract Tower,0,20,27,0,47,0,1,132,0,133,0,21,159,0,180,342,0,342,522
04/14/2002,TYR,TX,ASW,CE,Federal Contract Tower,0,15,33,0,48,0,0,57,0,57,0,15,90,0,105,24,0,24,129
04/15/2002,TYR,TX,ASW,CE,Federal Contract Tower,0,21,62,0,83,0,1,175,0,176,0,22,237,0,259,505,0,505,764
04/16/2002,TYR,TX,ASW,CE,Federal Contract Tower,0,26,53,0,79,0,1,43,0,44,0,27,96,0,123,132,0,132,255
04/17/2002,TYR,TX,ASW,CE,Federal Contract Tower,0,23,64,0,87,0,0,188,0,188,0,23,252,0,275,420,0,420,695
04/18/2002,TYR,TX,ASW,CE,Federal Contract Tower,0,29,66,1,96,0,0,208,1,209,0,29,274,2,305,372,0,372,677
04/19/2002,TYR,TX,ASW,CE,Federal Contract Tower,0,28,25,2,55,0,1,193,0,194,0,29,218,2,249,474,2,476,725
04/20/2002,TYR,TX,ASW,CE,Federal Contract Tower,0,17,25,0,42,0,0,138,0,138,0,17,163,0,180,228,0,228,408
04/21/2002,TYR,TX,ASW,CE,Federal Contract Tower,0,13,23,0,36,0,0,26,0,26,0,13,49,0,62,6,0,6,68
04/22/2002,TYR,TX,ASW,CE,Federal Contract Tower,0,19,62,0,81,0,4,264,0,268,0,23,326,0,349,488,0,488,837
04/23/2002,TYR,TX,ASW,CE,Federal Contract Tower,0,25,56,0,81,0,1,202,0,203,0,26,258,0,284,476,0,476,760
04/24/2002,TYR,TX,ASW,CE,Federal Contract Tower,0,27,66,0,93,0,0,173,0,173,0,27,239,0,266,288,0,288,554
04/25/2002,TYR,TX,ASW,CE,Federal Contract Tower,0,31,50,1,82,0,2,168,1,171,0,33,218,2,253,338,0,338,591
04/26/2002,TYR,TX,ASW,CE,Federal Contract Tower,0,23,84,0,107,0,0,128,0,128,0,23,212,0,235,318,0,318,553
04/27/2002,TYR,TX,ASW,CE,Federal Contract Tower,0,21,22,0,43,0,8,68,0,76,0,29,90,0,119,72,0,72,191
04/28/2002,TYR,TX,ASW,CE,Federal Contract Tower,0,16,31,0,47,0,0,117,0,117,0,16,148,0,164,76,0,76,240
04/29/2002,TYR,TX,ASW,CE,Federal Contract Tower,0,20,35,0,55,0,3,184,0,187,0,23,219,0,242,276,0,276,518
04/30/2002,TYR,TX,ASW,CE,Federal Contract Tower,0,27,38,0,65,0,3,218,0,221,0,30,256,0,286,250,0,250,536
05/01/2002,TYR,TX,ASW,CE,Federal Contract Tower,0,27,59,0,86,0,1,155,0,156,0,28,214,0,242,156,0,156,398
05/02/2002,TYR,TX,ASW,CE,Federal Contract Tower,0,25,78,0,103,0,5,81,1,87,0,30,159,1,190,246,0,246,436
05/03/2002,TYR,TX,ASW,CE,Federal Contract Tower,0,25,43,0,68,0,0,1,0,1,0,25,44,0,69,14,0,14,83
05/04/2002,TYR,TX,ASW,CE,Federal Contract Tower,0,19,17,0,36,0,0,115,0,115,0,19,132,0,151,144,0,144,295
05/05/2002,TYR,TX,ASW,CE,Federal Contract Tower,0,16,23,2,41,0,2,39,0,41,0,18,62,2,82,46,0,46,128
05/06/2002,TYR,TX,ASW,CE,Federal Contract Tower,0,24,67,0,91,0,0,199,0,199,0,24,266,0,290,224,0,224,514
05/07/2002,TYR,TX,ASW,CE,Federal Contract Tower,0,28,75,2,105,0,0,156,0,156,0,28,231,2,261,126,0,126,387
05/08/2002,TYR,TX,ASW,CE,Federal Contract Tower,0,27,62,0,89,0,1,108,0,109,0,28,170,0,198,48,0,48,246
05/09/2002,TYR,TX,ASW,CE,Federal Contract Tower,0,25,80,0,105,0,0,140,0,140,0,25,220,0,245,182,0,182,427
05/10/2002,TYR,TX,ASW,CE,Federal Contract Tower,0,28,40,0,68,0,0,255,0,255,0,28,295,0,323,296,0,296,619
05/11/2002,TYR,TX,ASW,CE,Federal Contract Tower,0,17,35,0,52,0,0,117,0,117,0,17,152,0,169,156,0,156,325
05/12/2002,TYR,TX,ASW,CE,Federal Contract Tower,0,15,16,0,31,0,0,67,0,67,0,15,83,0,98,62,0,62,160
05/13/2002,TYR,TX,ASW,CE,Federal Contract Tower,0,24,37,0,61,0,1,239,2,242,0,25,276,2,303,226,0,226,529
05/14/2002,TYR,TX,ASW,CE,Federal Contract Tower,0,25,55,0,80,0,1,296,7,304,0,26,351,7,384,288,0,288,672
05/15/2002,TYR,TX,ASW,CE,Federal Contract Tower,0,24,37,0,61,0,0,299,6,305,0,24,336,6,366,298,2,300,666
05/16/2002,TYR,TX,ASW,CE,Federal Contract Tower,0,25,70,4,99,0,3,95,4,102,0,28,165,8,201,180,0,180,381
05/17/2002,TYR,TX,ASW,CE,Federal Contract Tower,0,21,28,0,49,0,0,15,2,17,0,21,43,2,66,22,0,22,88
05/18/2002,TYR,TX,ASW,CE,Federal Contract Tower,0,16,19,0,35,0,1,190,0,191,0,17,209,0,226,158,0,158,384
05/19/2002,TYR,TX,ASW,CE,Federal Contract Tower,0,15,18,0,33,0,0,134,0,134,0,15,152,0,167,94,0,94,261
05/20/2002,TYR,TX,ASW,CE,Federal Contract Tower,0,17,67,0,84,0,7,304,0,311,0,24,371,0,395,570,0,570,965
05/21/2002,TYR,TX,ASW,CE,Federal Contract Tower,0,21,48,0,69,0,8,282,0,290,0,29,330,0,359,200,0,200,559
05/22/2002,TYR,TX,ASW,CE,Federal Contract Tower,0,25,45,0,70,0,0,250,0,250,0,25,295,0,320,294,0,294,614
05/23/2002,TYR,TX,ASW,CE,Federal Contract Tower,0,27,44,0,71,0,4,177,0,181,0,31,221,0,252,338,0,338,590
05/24/2002,TYR,TX,ASW,CE,Federal Contract Tower,0,28,43,0,71,0,0,205,0,205,0,28,248,0,276,222,0,222,498
05/25/2002,TYR,TX,ASW,CE,Federal Contract Tower,0,18,46,0,64,0,0,58,0,58,0,18,104,0,122,54,0,54,176
05/26/2002,TYR,TX,ASW,CE,Federal Contract Tower,0,11,10,0,21,0,2,73,0,75,0,13,83,0,96,52,0,52,148
05/27/2002,TYR,TX,ASW,CE,Federal Contract Tower,0,22,20,0,42,0,0,75,0,75,0,22,95,0,117,92,0,92,209
05/28/2002,TYR,TX,ASW,CE,Federal Contract Tower,0,23,32,0,55,0,2,175,0,177,0,25,207,0,232,418,0,418,650
05/29/2002,TYR,TX,ASW,CE,Federal Contract Tower,0,27,42,0,69,0,0,111,0,111,0,27,153,0,180,244,0,244,424
05/30/2002,TYR,TX,ASW,CE,Federal Contract Tower,0,24,59,0,83,0,0,102,4,106,0,24,161,4,189,240,0,240,429
05/31/2002,TYR,TX,ASW,CE,Federal Contract Tower,0,29,44,0,73,0,0,211,4,215,0,29,255,4,288,272,0,272,560
06/01/2002,TYR,TX,ASW,CE,Federal Contract Tower,0,20,20,0,40,0,1,206,0,207,0,21,226,0,247,190,0,190,437
06/02/2002,TYR,TX,ASW,CE,Federal Contract Tower,0,15,25,0,40,0,0,141,0,141,0,15,166,0,181,14,0,14,195
06/03/2002,TYR,TX,ASW,CE,Federal Contract Tower,0,28,51,0,79,0,0,192,0,192,0,28,243,0,271,392,0,392,663
06/04/2002,TYR,TX,ASW,CE,Federal Contract Tower,0,30,73,2,105,0,3,145,0,148,0,33,218,2,253,240,0,240,493
06/05/2002,TYR,TX,ASW,CE,Federal Contract Tower,0,23,47,0,70,0,1,158,0,159,0,24,205,0,229,314,0,314,543
06/06/2002,TYR,TX,ASW,CE,Federal Contract Tower,0,19,41,0,60,0,0,195,0,195,0,19,236,0,255,486,0,486,741
06/07/2002,TYR,TX,ASW,CE,Federal Contract Tower,0,24,41,0,65,0,5,196,0,201,0,29,237,0,266,162,0,162,428
06/08/2002,TYR,TX,ASW,CE,Federal Contract Tower,0,17,38,0,55,0,1,89,0,90,0,18,127,0,145,82,0,82,227
06/09/2002,TYR,TX,ASW,CE,Federal Contract Tower,0,13,16,0,29,0,0,48,0,48,0,13,64,0,77,4,0,4,81
06/10/2002,TYR,TX,ASW,CE,Federal Contract Tower,0,23,68,0,91,0,0,83,4,87,0,23,151,4,178,264,8,272,450
06/11/2002,TYR,TX,ASW,CE,Federal Contract Tower,0,29,71,0,100,0,1,132,2,135,0,30,203,2,235,268,0,268,503
06/12/2002,TYR,TX,ASW,CE,Federal Contract Tower,0,26,67,0,93,0,1,164,2,167,0,27,231,2,260,256,0,256,516
06/13/2002,TYR,TX,ASW,CE,Federal Contract Tower,0,30,41,0,71,0,1,143,0,144,0,31,184,0,215,205,0,205,420
06/14/2002,TYR,TX,ASW,CE,Federal Contract Tower,0,22,42,0,64,0,0,168,0,168,0,22,210,0,232,220,0,220,452
06/15/2002,TYR,TX,ASW,CE,Federal Contract Tower,0,18,38,0,56,0,1,210,0,211,0,19,248,0,267,208,0,208,475
06/16/2002,TYR,TX,ASW,CE,Federal Contract Tower,0,24,20,0,44,0,2,38,0,40,0,26,58,0,84,6,0,6,90
06/17/2002,TYR,TX,ASW,CE,Federal Contract Tower,0,31,66,0,97,0,0,197,0,197,0,31,263,0,294,208,0,208,502
06/18/2002,TYR,TX,ASW,CE,Federal Contract Tower,0,30,26,0,56,0,2,202,0,204,0,32,228,0,260,197,0,197,457
06/19/2002,TYR,TX,ASW,CE,Federal Contract Tower,0,31,45,0,76,0,0,186,2,188,0,31,231,2,264,278,0,278,542
06/20/2002,TYR,TX,ASW,CE,Federal Contract Tower,0,28,53,0,81,0,0,68,3,71,0,28,121,3,152,46,0,46,198
06/21/2002,TYR,TX,ASW,CE,Federal Contract Tower,0,31,33,0,64,0,1,152,0,153,0,32,185,0,217,292,0,292,509
06/22/2002,TYR,TX,ASW,CE,Federal Contract Tower,0,17,13,0,30,0,0,143,0,143,0,17,156,0,173,92,0,92,265
06/23/2002,TYR,TX,ASW,CE,Federal Contract Tower,0,15,33,0,48,0,0,69,0,69,0,15,102,0,117,70,0,70,187
06/24/2002,TYR,TX,ASW,CE,Federal Contract Tower,0,28,27,0,55,0,2,177,0,179,0,30,204,0,234,390,0,390,624
06/25/2002,TYR,TX,ASW,CE,Federal Contract Tower,0,33,47,0,80,0,0,54,0,54,0,33,101,0,134,106,0,106,240
06/26/2002,TYR,TX,ASW,CE,Federal Contract Tower,0,28,42,0,70,0,4,30,0,34,0,32,72,0,104,54,0,54,158
06/27/2002,TYR,TX,ASW,CE,Federal Contract Tower,0,27,88,0,115,0,0,72,0,72,0,27,160,0,187,132,0,132,319
06/28/2002,TYR,TX,ASW,CE,Federal Contract Tower,0,25,48,0,73,0,1,102,0,103,0,26,150,0,176,154,0,154,330
06/29/2002,TYR,TX,ASW,CE,Federal Contract Tower,0,21,17,0,38,0,0,4,0,4,0,21,21,0,42,0,0,0,42
06/30/2002,TYR,TX,ASW,CE,Federal Contract Tower,0,17,32,0,49,0,0,18,0,18,0,17,50,0,67,18,0,18,85
07/01/2002,TYR,TX,ASW,CE,Federal Contract Tower,0,22,25,0,47,0,0,120,0,120,0,22,145,0,167,260,0,260,427
07/02/2002,TYR,TX,ASW,CE,Federal Contract Tower,0,25,38,0,63,0,2,84,0,86,0,27,122,0,149,102,0,102,251
07/03/2002,TYR,TX,ASW,CE,Federal Contract Tower,6,27,54,0,87,0,0,119,4,123,6,27,173,4,210,166,0,166,376
07/04/2002,TYR,TX,ASW,CE,Federal Contract Tower,0,9,24,0,33,0,5,70,0,75,0,14,94,0,108,96,0,96,204
07/05/2002,TYR,TX,ASW,CE,Federal Contract Tower,0,22,22,0,44,0,0,139,0,139,0,22,161,0,183,241,0,241,424
07/06/2002,TYR,TX,ASW,CE,Federal Contract Tower,0,18,18,0,36,0,21,91,0,112,0,39,109,0,148,104,0,104,252
07/07/2002,TYR,TX,ASW,CE,Federal Contract Tower,0,17,28,0,45,0,0,67,0,67,0,17,95,0,112,20,0,20,132
07/08/2002,TYR,TX,ASW,CE,Federal Contract Tower,0,23,44,0,67,0,2,142,0,144,0,25,186,0,211,306,0,306,517
07/09/2002,TYR,TX,ASW,CE,Federal Contract Tower,0,28,36,0,64,0,2,188,2,192,0,30,224,2,256,326,0,326,582
07/10/2002,TYR,TX,ASW,CE,Federal Contract Tower,0,25,56,0,81,0,0,186,0,186,0,25,242,0,267,228,0,228,495
07/11/2002,TYR,TX,ASW,CE,Federal Contract Tower,0,27,50,0,77,0,2,168,0,170,0,29,218,0,247,314,0,314,561
07/12/2002,TYR,TX,ASW,CE,Federal Contract Tower,0,26,22,0,48,0,0,113,0,113,0,26,135,0,161,192,0,192,353
07/13/2002,TYR,TX,ASW,CE,Federal Contract Tower,0,18,16,0,34,0,0,94,0,94,0,18,110,0,128,240,0,240,368
07/14/2002,TYR,TX,ASW,CE,Federal Contract Tower,0,14,37,0,51,0,0,40,2,42,0,14,77,2,93,24,0,24,117
07/15/2002,TYR,TX,ASW,CE,Federal Contract Tower,0,22,33,0,55,0,9,104,2,115,0,31,137,2,170,274,0,274,444
07/16/2002,TYR,TX,ASW,CE,Federal Contract Tower,0,27,42,0,69,0,0,0,0,0,0,27,42,0,69,2,0,2,71
07/17/2002,TYR,TX,ASW,CE,Federal Contract Tower,0,22,107,0,129,0,0,75,0,75,0,22,182,0,204,186,0,186,390
07/18/2002,TYR,TX,ASW,CE,Federal Contract Tower,0,31,64,1,96,0,7,160,1,168,0,38,224,2,264,234,4,238,502
07/19/2002,TYR,TX,ASW,CE,Federal Contract Tower,0,27,22,0,49,0,0,196,3,199,0,27,218,3,248,260,0,260,508
07/20/2002,TYR,TX,ASW,CE,Federal Contract Tower,0,18,25,0,43,0,2,181,0,183,0,20,206,0,226,168,0,168,394
07/21/2002,TYR,TX,ASW,CE,Federal Contract Tower,0,16,9,0,25,0,0,91,0,91,0,16,100,0,116,24,0,24,140
07/22/2002,TYR,TX,ASW,CE,Federal Contract Tower,0,25,37,0,62,0,0,212,0,212,0,25,249,0,274,280,0,280,554
07/23/2002,TYR,TX,ASW,CE,Federal Contract Tower,0,21,35,0,56,0,0,183,0,183,0,21,218,0,239,198,0,198,437
07/24/2002,TYR,TX,ASW,CE,Federal Contract Tower,0,28,50,0,78,0,1,168,0,169,0,29,218,0,247,176,0,176,423
07/25/2002,TYR,TX,ASW,CE,Federal Contract Tower,0,29,40,2,71,0,4,173,0,177,0,33,213,2,248,132,0,132,380
07/26/2002,TYR,TX,ASW,CE,Federal Contract Tower,0,29,42,0,71,0,1,190,0,191,0,30,232,0,262,204,0,204,466
07/27/2002,TYR,TX,ASW,CE,Federal Contract Tower,0,19,14,0,33,0,0,83,0,83,0,19,97,0,116,54,0,54,170
07/28/2002,TYR,TX,ASW,CE,Federal Contract Tower,0,16,18,0,34,0,0,44,0,44,0,16,62,0,78,12,0,12,90
07/29/2002,TYR,TX,ASW,CE,Federal Contract Tower,0,20,74,0,94,0,4,112,0,116,0,24,186,0,210,270,0,270,480
07/30/2002,TYR,TX,ASW,CE,Federal Contract Tower,0,25,100,0,125,0,5,147,0,152,0,30,247,0,277,204,0,204,481
07/31/2002,TYR,TX,ASW,CE,Federal Contract Tower,0,29,69,0,98,0,0,176,0,176,0,29,245,0,274,166,0,166,440
08/01/2002,TYR,TX,ASW,CE,Federal Contract Tower,0,24,46,0,70,0,1,180,4,185,0,25,226,4,255,270,0,270,525
08/02/2002,TYR,TX,ASW,CE,Federal Contract Tower,0,27,25,2,54,0,0,204,0,204,0,27,229,2,258,230,0,230,488
08/03/2002,TYR,TX,ASW,CE,Federal Contract Tower,0,17,28,0,45,0,0,125,0,125,0,17,153,0,170,122,0,122,292
08/04/2002,TYR,TX,ASW,CE,Federal Contract Tower,0,15,21,1,37,0,0,86,0,86,0,15,107,1,123,24,0,24,147
08/05/2002,TYR,TX,ASW,CE,Federal Contract Tower,0,20,42,2,64,0,0,163,0,163,0,20,205,2,227,236,0,236,463
08/06/2002,TYR,TX,ASW,CE,Federal Contract Tower,0,26,59,0,85,0,10,148,2,160,0,36,207,2,245,286,0,286,531
08/07/2002,TYR,TX,ASW,CE,Federal Contract Tower,0,24,32,0,56,0,0,174,2,176,0,24,206,2,232,392,0,392,624
08/08/2002,TYR,TX,ASW,CE,Federal Contract Tower,0,21,57,4,82,0,0,200,0,200,0,21,257,4,282,338,0,338,620
08/09/2002,TYR,TX,ASW,CE,Federal Contract Tower,0,23,60,0,83,0,0,180,0,180,0,23,240,0,263,228,0,228,491
08/10/2002,TYR,TX,ASW,CE,Federal Contract Tower,0,26,13,0,39,0,0,88,0,88,0,26,101,0,127,130,0,130,257
08/11/2002,TYR,TX,ASW,CE,Federal Contract Tower,0,16,35,0,51,0,0,124,0,124,0,16,159,0,175,114,0,114,289
08/12/2002,TYR,TX,ASW,CE,Federal Contract Tower,0,23,69,4,96,0,0,159,0,159,0,23,228,4,255,242,0,242,497
08/13/2002,TYR,TX,ASW,CE,Federal Contract Tower,0,29,69,0,98,0,0,135,0,135,0,29,204,0,233,230,0,230,463
08/14/2002,TYR,TX,ASW,CE,Federal Contract Tower,0,25,40,0,65,0,0,117,0,117,0,25,157,0,182,200,0,200,382
08/15/2002,TYR,TX,ASW,CE,Federal Contract Tower,0,27,77,6,110,0,0,64,0,64,0,27,141,6,174,138,4,142,316
08/16/2002,TYR,TX,ASW,CE,Federal Contract Tower,0,26,49,0,75,0,1,112,0,113,0,27,161,0,188,246,0,246,434
08/17/2002,TYR,TX,ASW,CE,Federal Contract Tower,0,16,26,0,42,0,0,126,2,128,0,16,152,2,170,140,6,146,316
08/18/2002,TYR,TX,ASW,CE,Federal Contract Tower,0,15,23,0,38,0,4,74,4,82,0,19,97,4,120,34,0,34,154
08/19/2002,TYR,TX,ASW,CE,Federal Contract Tower,0,21,31,0,52,0,0,155,2,157,0,21,186,2,209,252,0,252,461
08/20/2002,TYR,TX,ASW,CE,Federal Contract Tower,0,26,46,0,72,0,0,145,0,145,0,26,191,0,217,156,0,156,373
08/21/2002,TYR,TX,ASW,CE,Federal Contract Tower,0,27,29,0,56,0,0,192,0,192,0,27,221,0,248,204,0,204,452
08/22/2002,TYR,TX,ASW,CE,Federal Contract Tower,0,26,36,0,62,0,1,119,0,120,0,27,155,0,182,94,0,94,276
08/23/2002,TYR,TX,ASW,CE,Federal Contract Tower,0,25,39,0,64,0,1,151,0,152,0,26,190,0,216,236,0,236,452
08/24/2002,TYR,TX,ASW,CE,Federal Contract Tower,0,17,24,0,41,0,0,104,0,104,0,17,128,0,145,86,0,86,231
08/25/2002,TYR,TX,ASW,CE,Federal Contract Tower,0,16,18,0,34,0,2,51,0,53,0,18,69,0,87,12,0,12,99
08/26/2002,TYR,TX,ASW,CE,Federal Contract Tower,0,23,24,0,47,0,0,138,0,138,0,23,162,0,185,256,0,256,441
08/27/2002,TYR,TX,ASW,CE,Federal Contract Tower,0,23,25,0,48,0,0,48,0,48,0,23,73,0,96,80,0,80,176
08/28/2002,TYR,TX,ASW,CE,Federal Contract Tower,0,30,55,0,85,0,0,173,0,173,0,30,228,0,258,366,0,366,624
08/29/2002,TYR,TX,ASW,CE,Federal Contract Tower,0,26,41,0,67,0,4,184,0,188,0,30,225,0,255,476,0,476,731
08/30/2002,TYR,TX,ASW,CE,Federal Contract Tower,0,21,36,0,57,0,5,142,0,147,0,26,178,0,204,282,0,282,486
08/31/2002,TYR,TX,ASW,CE,Federal Contract Tower,0,12,22,0,34,0,0,137,0,137,0,12,159,0,171,314,0,314,485
09/01/2002,TYR,TX,ASW,CE,Federal Contract Tower,0,5,7,0,12,0,5,56,0,61,0,10,63,0,73,24,0,24,97
09/02/2002,TYR,TX,ASW,CE,Federal Contract Tower,0,7,26,0,33,0,7,97,0,104,0,14,123,0,137,82,0,82,219
09/03/2002,TYR,TX,ASW,CE,Federal Contract Tower,0,13,35,9,57,0,5,167,1,173,0,18,202,10,230,380,8,388,618
09/04/2002,TYR,TX,ASW,CE,Federal Contract Tower,0,18,42,0,60,0,8,138,0,146,0,26,180,0,206,410,0,410,616
09/05/2002,TYR,TX,ASW,CE,Federal Contract Tower,0,22,56,0,78,0,8,205,0,213,0,30,261,0,291,428,0,428,719
09/06/2002,TYR,TX,ASW,CE,Federal Contract Tower,0,23,29,1,53,0,5,188,1,194,0,28,217,2,247,338,8,346,593
09/07/2002,TYR,TX,ASW,CE,Federal Contract Tower,0,16,19,1,36,0,5,87,1,93,0,21,106,2,129,48,2,50,179
09/08/2002,TYR,TX,ASW,CE,Federal Contract Tower,0,12,26,0,38,0,7,7,0,14,0,19,33,0,52,10,0,10,62
09/09/2002,TYR,TX,ASW,CE,Federal Contract Tower,0,19,35,0,54,0,5,145,0,150,0,24,180,0,204,302,0,302,506
09/10/2002,TYR,TX,ASW,CE,Federal Contract Tower,0,21,18,0,39,0,7,154,0,161,0,28,172,0,200,262,0,262,462
09/11/2002,TYR,TX,ASW,CE,Federal Contract Tower,0,25,31,0,56,0,5,149,0,154,0,30,180,0,210,234,0,234,444
09/12/2002,TYR,TX,ASW,CE,Federal Contract Tower,0,22,46,0,68,0,5,119,0,124,0,27,165,0,192,126,0,126,318
09/13/2002,TYR,TX,ASW,CE,Federal Contract Tower,0,22,42,0,64,0,7,137,2,146,0,29,179,2,210,144,0,144,354
09/14/2002,TYR,TX,ASW,CE,Federal Contract Tower,0,11,38,0,49,0,5,84,0,89,0,16,122,0,138,166,0,166,304
09/15/2002,TYR,TX,ASW,CE,Federal Contract Tower,0,11,47,0,58,0,7,48,0,55,0,18,95,0,113,38,0,38,151
09/16/2002,TYR,TX,ASW,CE,Federal Contract Tower,0,15,30,1,46,0,6,96,0,102,0,21,126,1,148,150,0,150,298
09/17/2002,TYR,TX,ASW,CE,Federal Contract Tower,0,26,53,0,79,0,5,116,0,121,0,31,169,0,200,170,0,170,370
09/18/2002,TYR,TX,ASW,CE,Federal Contract Tower,0,26,141,0,167,0,0,0,0,0,0,26,141,0,167,118,0,118,285
09/19/2002,TYR,TX,ASW,CE,Federal Contract Tower,0,19,22,0,41,0,5,14,0,19,0,24,36,0,60,10,0,10,70
09/20/2002,TYR,TX,ASW,CE,Federal Contract Tower,0,18,36,0,54,0,6,209,0,215,0,24,245,0,269,212,0,212,481
09/21/2002,TYR,TX,ASW,CE,Federal Contract Tower,0,10,32,0,42,0,5,163,0,168,0,15,195,0,210,166,0,166,376
09/22/2002,TYR,TX,ASW,CE,Federal Contract Tower,0,11,17,0,28,0,7,110,0,117,0,18,127,0,145,56,0,56,201
09/23/2002,TYR,TX,ASW,CE,Federal Contract Tower,0,15,59,0,74,0,5,175,0,180,0,20,234,0,254,204,0,204,458
09/24/2002,TYR,TX,ASW,CE,Federal Contract Tower,0,18,48,0,66,0,5,193,0,198,0,23,241,0,264,218,0,218,482
09/25/2002,TYR,TX,ASW,CE,Federal Contract Tower,0,23,37,0,60,0,5,169,0,174,0,28,206,0,234,204,0,204,438
09/26/2002,TYR,TX,ASW,CE,Federal Contract Tower,0,23,39,0,62,0,4,139,1,144,0,27,178,1,206,96,0,96,302
09/27/2002,TYR,TX,ASW,CE,Federal Contract Tower,0,22,37,0,59,0,6,194,0,200,0,28,231,0,259,250,0,250,509
09/28/2002,TYR,TX,ASW,CE,Federal Contract Tower,0,12,28,0,40,0,4,106,0,110,0,16,134,0,150,88,0,88,238
09/29/2002,TYR,TX,ASW,CE,Federal Contract Tower,0,11,24,0,35,0,4,80,0,84,0,15,104,0,119,46,0,46,165
09/30/2002,TYR,TX,ASW,CE,Federal Contract Tower,0,17,31,0,48,0,4,188,0,192,0,21,219,0,240,182,0,182,422
10/01/2002,TYR,TX,ASW,CE,Federal Contract Tower,0,27,54,0,81,0,0,73,0,73,0,27,127,0,154,88,0,88,242
10/02/2002,TYR,TX,ASW,CE,Federal Contract Tower,0,28,68,0,96,0,0,136,0,136,0,28,204,0,232,215,0,215,447
10/03/2002,TYR,TX,ASW,CE,Federal Contract Tower,0,27,49,0,76,0,0,138,0,138,0,27,187,0,214,210,0,210,424
10/04/2002,TYR,TX,ASW,CE,Federal Contract Tower,0,29,17,0,46,0,0,170,0,170,0,29,187,0,216,154,0,154,370
10/05/2002,TYR,TX,ASW,CE,Federal Contract Tower,0,17,18,0,35,0,0,153,0,153,0,17,171,0,188,94,0,94,282
10/06/2002,TYR,TX,ASW,CE,Federal Contract Tower,0,15,32,0,47,0,0,28,0,28,0,15,60,0,75,6,0,6,81
10/07/2002,TYR,TX,ASW,CE,Federal Contract Tower,0,22,59,0,81,0,0,18,0,18,0,22,77,0,99,40,0,40,139
10/08/2002,TYR,TX,ASW,CE,Federal Contract Tower,0,25,101,0,126,0,0,56,0,56,0,25,157,0,182,228,0,228,410
10/09/2002,TYR,TX,ASW,CE,Federal Contract Tower,0,37,36,0,73,0,0,0,0,0,0,37,36,0,73,6,0,6,79
10/10/2002,TYR,TX,ASW,CE,Federal Contract Tower,0,28,85,0,113,0,0,8,0,8,0,28,93,0,121,34,0,34,155
10/11/2002,TYR,TX,ASW,CE,Federal Contract Tower,0,27,51,6,84,0,2,146,4,152,0,29,197,10,236,238,0,238,474
10/12/2002,TYR,TX,ASW,CE,Federal Contract Tower,0,17,35,0,52,0,1,163,0,164,0,18,198,0,216,240,0,240,456
10/13/2002,TYR,TX,ASW,CE,Federal Contract Tower,0,17,53,0,70,0,0,29,0,29,0,17,82,0,99,12,0,12,111
10/14/2002,TYR,TX,ASW,CE,Federal Contract Tower,0,19,42,0,61,0,1,191,0,192,0,20,233,0,253,166,0,166,419
10/15/2002,TYR,TX,ASW,CE,Federal Contract Tower,0,24,42,0,66,0,0,211,0,211,0,24,253,0,277,220,0,220,497
10/16/2002,TYR,TX,ASW,CE,Federal Contract Tower,0,28,47,0,75,0,3,176,0,179,0,31,223,0,254,206,0,206,460
10/17/2002,TYR,TX,ASW,CE,Federal Contract Tower,0,23,69,2,94,0,0,225,0,225,0,23,294,2,319,252,0,252,571
10/18/2002,TYR,TX,ASW,CE,Federal Contract Tower,0,23,58,0,81,0,1,137,0,138,0,24,195,0,219,192,0,192,411
10/19/2002,TYR,TX,ASW,CE,Federal Contract Tower,0,18,35,0,53,0,0,9,0,9,0,18,44,0,62,4,0,4,66
10/20/2002,TYR,TX,ASW,CE,Federal Contract Tower,0,15,56,0,71,0,0,1,0,1,0,15,57,0,72,18,0,18,90
10/21/2002,TYR,TX,ASW,CE,Federal Contract Tower,0,24,47,2,73,0,0,43,0,43,0,24,90,2,116,98,0,98,214
10/22/2002,TYR,TX,ASW,CE,Federal Contract Tower,0,33,58,4,95,0,0,3,0,3,0,33,61,4,98,8,0,8,106
10/23/2002,TYR,TX,ASW,CE,Federal Contract Tower,0,30,66,0,96,0,0,85,0,85,0,30,151,0,181,300,0,300,481
10/24/2002,TYR,TX,ASW,CE,Federal Contract Tower,0,28,58,0,86,0,0,3,0,3,0,28,61,0,89,12,0,12,101
10/25/2002,TYR,TX,ASW,CE,Federal Contract Tower,0,21,33,0,54,0,0,0,0,0,0,21,33,0,54,6,0,6,60
10/26/2002,TYR,TX,ASW,CE,Federal Contract Tower,0,17,50,0,67,0,0,0,0,0,0,17,50,0,67,4,0,4,71
10/27/2002,TYR,TX,ASW,CE,Federal Contract Tower,0,14,32,0,46,0,0,0,0,0,0,14,32,0,46,0,0,0,46
10/28/2002,TYR,TX,ASW,CE,Federal Contract Tower,0,25,33,0,58,0,0,0,0,0,0,25,33,0,58,16,0,16,74
10/29/2002,TYR,TX,ASW,CE,Federal Contract Tower,0,25,61,2,88,0,0,138,0,138,0,25,199,2,226,212,0,212,438
10/30/2002,TYR,TX,ASW,CE,Federal Contract Tower,0,25,93,0,118,0,0,144,0,144,0,25,237,0,262,374,0,374,636
10/31/2002,TYR,TX,ASW,CE,Federal Contract Tower,0,23,68,0,91,0,1,130,0,131,0,24,198,0,222,316,0,316,538
11/01/2002,TYR,TX,ASW,CE,Federal Contract Tower,0,22,55,0,77,0,3,77,0,80,0,25,132,0,157,262,0,262,419
11/02/2002,TYR,TX,ASW,CE,Federal Contract Tower,0,14,38,0,52,0,1,43,0,44,0,15,81,0,96,69,0,69,165
11/03/2002,TYR,TX,ASW,CE,Federal Contract Tower,0,12,32,0,44,0,2,0,0,2,0,14,32,0,46,4,0,4,50
11/04/2002,TYR,TX,ASW,CE,Federal Contract Tower,0,18,50,0,68,0,0,3,1,4,0,18,53,1,72,16,0,16,88
11/05/2002,TYR,TX,ASW,CE,Federal Contract Tower,0,26,45,0,71,0,0,117,0,117,0,26,162,0,188,256,0,256,444
11/06/2002,TYR,TX,ASW,CE,Federal Contract Tower,0,26,44,0,70,0,0,249,0,249,0,26,293,0,319,462,0,462,781
11/07/2002,TYR,TX,ASW,CE,Federal Contract Tower,0,24,49,0,73,0,0,269,0,269,0,24,318,0,342,456,0,456,798
11/08/2002,TYR,TX,ASW,CE,Federal Contract Tower,0,21,40,0,61,0,3,170,0,173,0,24,210,0,234,172,0,172,406
11/09/2002,TYR,TX,ASW,CE,Federal Contract Tower,0,16,17,0,33,0,4,51,0,55,0,20,68,0,88,4,0,4,92
11/10/2002,TYR,TX,ASW,CE,Federal Contract Tower,0,13,21,0,34,0,0,87,0,87,0,13,108,0,121,52,0,52,173
11/11/2002,TYR,TX,ASW,CE,Federal Contract Tower,0,21,20,0,41,0,0,220,0,220,0,21,240,0,261,242,0,242,503
11/12/2002,TYR,TX,ASW,CE,Federal Contract Tower,0,27,27,2,56,0,5,190,0,195,0,32,217,2,251,196,0,196,447
11/13/2002,TYR,TX,ASW,CE,Federal Contract Tower,0,27,43,0,70,0,4,206,0,210,0,31,249,0,280,162,0,162,442
11/14/2002,TYR,TX,ASW,CE,Federal Contract Tower,0,30,59,0,89,0,0,166,0,166,0,30,225,0,255,262,0,262,517
11/15/2002,TYR,TX,ASW,CE,Federal Contract Tower,0,23,36,0,59,0,3,186,0,189,0,26,222,0,248,184,0,184,432
11/16/2002,TYR,TX,ASW,CE,Federal Contract Tower,0,21,15,0,36,0,0,121,0,121,0,21,136,0,157,232,0,232,389
11/17/2002,TYR,TX,ASW,CE,Federal Contract Tower,0,18,20,0,38,0,0,68,0,68,0,18,88,0,106,26,0,26,132
11/18/2002,TYR,TX,ASW,CE,Federal Contract Tower,0,22,39,0,61,0,0,137,0,137,0,22,176,0,198,160,0,160,358
11/19/2002,TYR,TX,ASW,CE,Federal Contract Tower,0,22,29,0,51,0,1,239,0,240,0,23,268,0,291,318,0,318,609
11/20/2002,TYR,TX,ASW,CE,Federal Contract Tower,0,26,55,0,81,0,0,214,0,214,0,26,269,0,295,310,0,310,605
11/21/2002,TYR,TX,ASW,CE,Federal Contract Tower,0,25,47,0,72,0,2,259,0,261,0,27,306,0,333,324,0,324,657
11/22/2002,TYR,TX,ASW,CE,Federal Contract Tower,0,28,33,0,61,0,0,253,0,253,0,28,286,0,314,320,0,320,634
11/23/2002,TYR,TX,ASW,CE,Federal Contract Tower,0,19,35,0,54,0,0,175,0,175,0,19,210,0,229,106,0,106,335
11/24/2002,TYR,TX,ASW,CE,Federal Contract Tower,0,17,21,0,38,0,2,67,0,69,0,19,88,0,107,8,0,8,115
11/25/2002,TYR,TX,ASW,CE,Federal Contract Tower,0,24,102,0,126,0,0,40,0,40,0,24,142,0,166,138,0,138,304
11/26/2002,TYR,TX,ASW,CE,Federal Contract Tower,0,23,53,0,76,0,3,89,0,92,0,26,142,0,168,240,0,240,408
11/27/2002,TYR,TX,ASW,CE,Federal Contract Tower,0,24,24,0,48,0,5,241,0,246,0,29,265,0,294,342,0,342,636
11/28/2002,TYR,TX,ASW,CE,Federal Contract Tower,0,8,9,0,17,0,0,74,0,74,0,8,83,0,91,112,0,112,203
11/29/2002,TYR,TX,ASW,CE,Federal Contract Tower,0,18,24,0,42,0,0,181,0,181,0,18,205,0,223,160,0,160,383
11/30/2002,TYR,TX,ASW,CE,Federal Contract Tower,0,17,14,1,32,0,0,121,2,123,0,17,135,3,155,90,0,90,245
12/01/2002,TYR,TX,ASW,CE,Federal Contract Tower,0,19,13,0,32,0,0,104,0,104,0,19,117,0,136,70,0,70,206
12/02/2002,TYR,TX,ASW,CE,Federal Contract Tower,0,22,20,0,42,0,0,169,2,171,0,22,189,2,213,260,0,260,473
12/03/2002,TYR,TX,ASW,CE,Federal Contract Tower,0,24,47,0,71,0,0,1,0,1,0,24,48,0,72,0,0,0,72
12/04/2002,TYR,TX,ASW,CE,Federal Contract Tower,0,29,61,0,90,0,0,1,0,1,0,29,62,0,91,12,0,12,103
12/05/2002,TYR,TX,ASW,CE,Federal Contract Tower,0,29,31,1,61,0,0,138,2,140,0,29,169,3,201,246,0,246,447
12/06/2002,TYR,TX,ASW,CE,Federal Contract Tower,0,23,35,1,59,0,2,183,1,186,0,25,218,2,245,294,0,294,539
12/07/2002,TYR,TX,ASW,CE,Federal Contract Tower,0,15,23,0,38,0,0,177,0,177,0,15,200,0,215,188,0,188,403
12/08/2002,TYR,TX,ASW,CE,Federal Contract Tower,0,17,35,0,52,0,0,24,0,24,0,17,59,0,76,64,0,64,140
12/09/2002,TYR,TX,ASW,CE,Federal Contract Tower,0,25,87,0,112,0,3,9,0,12,0,28,96,0,124,20,0,20,144
12/10/2002,TYR,TX,ASW,CE,Federal Contract Tower,0,23,85,0,108,0,0,53,2,55,0,23,138,2,163,182,0,182,345
12/11/2002,TYR,TX,ASW,CE,Federal Contract Tower,0,27,66,0,93,0,1,167,0,168,0,28,233,0,261,334,0,334,595
12/12/2002,TYR,TX,ASW,CE,Federal Contract Tower,0,27,71,0,98,0,0,13,0,13,0,27,84,0,111,140,0,140,251
12/13/2002,TYR,TX,ASW,CE,Federal Contract Tower,0,29,44,0,73,0,0,125,0,125,0,29,169,0,198,222,0,222,420
12/14/2002,TYR,TX,ASW,CE,Federal Contract Tower,0,16,6,0,22,0,0,184,0,184,0,16,190,0,206,106,0,106,312
12/15/2002,TYR,TX,ASW,CE,Federal Contract Tower,0,13,15,0,28,0,0,115,0,115,0,13,130,0,143,50,0,50,193
12/16/2002,TYR,TX,ASW,CE,Federal Contract Tower,0,23,53,0,76,0,0,124,0,124,0,23,177,0,200,216,0,216,416
12/17/2002,TYR,TX,ASW,CE,Federal Contract Tower,0,29,50,0,79,0,7,59,0,66,0,36,109,0,145,86,0,86,231
12/18/2002,TYR,TX,ASW,CE,Federal Contract Tower,0,33,38,0,71,0,0,116,1,117,0,33,154,1,188,154,0,154,342
12/19/2002,TYR,TX,ASW,CE,Federal Contract Tower,1,31,53,0,85,0,6,170,0,176,1,37,223,0,261,320,0,320,581
12/20/2002,TYR,TX,ASW,CE,Federal Contract Tower,0,25,42,0,67,0,2,193,0,195,0,27,235,0,262,202,0,202,464
12/21/2002,TYR,TX,ASW,CE,Federal Contract Tower,0,20,14,0,34,0,2,87,0,89,0,22,101,0,123,52,0,52,175
12/22/2002,TYR,TX,ASW,CE,Federal Contract Tower,0,15,30,0,45,0,0,72,0,72,0,15,102,0,117,32,0,32,149
12/23/2002,TYR,TX,ASW,CE,Federal Contract Tower,0,20,5,0,25,0,4,0,0,4,0,24,5,0,29,2,0,2,31
12/24/2002,TYR,TX,ASW,CE,Federal Contract Tower,0,22,17,0,39,0,0,3,0,3,0,22,20,0,42,2,0,2,44
12/25/2002,TYR,TX,ASW,CE,Federal Contract Tower,0,12,2,0,14,0,0,16,0,16,0,12,18,0,30,16,0,16,46
12/26/2002,TYR,TX,ASW,CE,Federal Contract Tower,0,26,21,0,47,0,2,108,0,110,0,28,129,0,157,104,0,104,261
12/27/2002,TYR,TX,ASW,CE,Federal Contract Tower,0,26,16,0,42,0,2,131,0,133,0,28,147,0,175,100,0,100,275
12/28/2002,TYR,TX,ASW,CE,Federal Contract Tower,0,18,13,0,31,0,4,139,0,143,0,22,152,0,174,144,0,144,318
12/29/2002,TYR,TX,ASW,CE,Federal Contract Tower,0,15,45,0,60,0,0,0,0,0,0,15,45,0,60,36,0,36,96
12/30/2002,TYR,TX,ASW,CE,Federal Contract Tower,0,7,15,0,22,0,8,14,0,22,0,15,29,0,44,16,0,16,60
12/31/2002,TYR,TX,ASW,CE,Federal Contract Tower,0,24,20,0,44,0,0,32,0,32,0,24,52,0,76,20,0,20,96
01/01/2003,TYR,TX,ASW,CE,Federal Contract Tower,0,15,12,0,27,0,0,36,0,36,0,15,48,0,63,2,0,2,65
01/02/2003,TYR,TX,ASW,CE,Federal Contract Tower,0,27,25,0,52,0,0,78,0,78,0,27,103,0,130,68,0,68,198
01/03/2003,TYR,TX,ASW,CE,Federal Contract Tower,0,21,21,0,42,0,4,122,2,128,0,25,143,2,170,40,0,40,210
01/04/2003,TYR,TX,ASW,CE,Federal Contract Tower,0,16,10,0,26,0,1,121,0,122,0,17,131,0,148,82,0,82,230
01/05/2003,TYR,TX,ASW,CE,Federal Contract Tower,0,14,14,0,28,0,0,66,0,66,0,14,80,0,94,38,0,38,132
01/06/2003,TYR,TX,ASW,CE,Federal Contract Tower,0,19,26,0,45,0,0,152,1,153,0,19,178,1,198,256,10,266,464
01/07/2003,TYR,TX,ASW,CE,Federal Contract Tower,0,29,46,0,75,0,0,161,0,161,0,29,207,0,236,286,0,286,522
01/08/2003,TYR,TX,ASW,CE,Federal Contract Tower,0,30,40,0,70,0,0,150,0,150,0,30,190,0,220,218,0,218,438
01/09/2003,TYR,TX,ASW,CE,Federal Contract Tower,0,22,52,0,74,0,0,130,0,130,0,22,182,0,204,198,0,198,402
01/10/2003,TYR,TX,ASW,CE,Federal Contract Tower,0,24,28,0,52,0,0,138,0,138,0,24,166,0,190,168,0,168,358
01/11/2003,TYR,TX,ASW,CE,Federal Contract Tower,0,15,13,0,28,0,0,65,0,65,0,15,78,0,93,53,0,53,146
01/12/2003,TYR,TX,ASW,CE,Federal Contract Tower,0,13,9,0,22,0,0,5,0,5,0,13,14,0,27,6,0,6,33
01/13/2003,TYR,TX,ASW,CE,Federal Contract Tower,0,24,46,2,72,0,0,54,0,54,0,24,100,2,126,122,0,122,248
01/14/2003,TYR,TX,ASW,CE,Federal Contract Tower,0,26,63,0,89,0,1,78,0,79,0,27,141,0,168,144,0,144,312
01/15/2003,TYR,TX,ASW,CE,Federal Contract Tower,0,26,53,0,79,0,3,2,0,5,0,29,55,0,84,0,0,0,84
01/16/2003,TYR,TX,ASW,CE,Federal Contract Tower,0,25,42,0,67,0,0,72,0,72,0,25,114,0,139,152,0,152,291
01/17/2003,TYR,TX,ASW,CE,Federal Contract Tower,0,24,34,0,58,0,0,188,0,188,0,24,222,0,246,214,0,214,460
01/18/2003,TYR,TX,ASW,CE,Federal Contract Tower,0,15,15,0,30,0,0,121,0,121,0,15,136,0,151,118,0,118,269
01/19/2003,TYR,TX,ASW,CE,Federal Contract Tower,0,14,15,0,29,0,0,62,0,62,0,14,77,0,91,68,0,68,159
01/20/2003,TYR,TX,ASW,CE,Federal Contract Tower,0,18,48,0,66,0,0,122,0,122,0,18,170,0,188,298,0,298,486
01/21/2003,TYR,TX,ASW,CE,Federal Contract Tower,0,24,24,0,48,0,0,126,0,126,0,24,150,0,174,256,0,256,430
01/22/2003,TYR,TX,ASW,CE,Federal Contract Tower,0,30,51,2,83,0,0,84,0,84,0,30,135,2,167,137,0,137,304
01/23/2003,TYR,TX,ASW,CE,Federal Contract Tower,0,27,22,0,49,0,0,123,0,123,0,27,145,0,172,216,0,216,388
01/24/2003,TYR,TX,ASW,CE,Federal Contract Tower,0,26,33,0,59,0,0,166,0,166,0,26,199,0,225,134,0,134,359
01/25/2003,TYR,TX,ASW,CE,Federal Contract Tower,0,14,17,0,31,0,0,27,0,27,0,14,44,0,58,28,0,28,86
01/26/2003,TYR,TX,ASW,CE,Federal Contract Tower,0,13,24,0,37,0,0,11,0,11,0,13,35,0,48,18,0,18,66
01/27/2003,TYR,TX,ASW,CE,Federal Contract Tower,0,20,31,0,51,0,0,119,0,119,0,20,150,0,170,250,0,250,420
01/28/2003,TYR,TX,ASW,CE,Federal Contract Tower,0,23,61,0,84,0,0,24,0,24,0,23,85,0,108,46,0,46,154
01/29/2003,TYR,TX,ASW,CE,Federal Contract Tower,0,24,92,0,116,0,0,2,0,2,0,24,94,0,118,45,0,45,163
01/30/2003,TYR,TX,ASW,CE,Federal Contract Tower,0,22,79,0,101,0,2,8,0,10,0,24,87,0,111,30,0,30,141
01/31/2003,TYR,TX,ASW,CE,Federal Contract Tower,0,19,57,0,76,0,2,126,0,128,0,21,183,0,204,235,0,235,439
02/01/2003,TYR,TX,ASW,CE,Federal Contract Tower,0,15,22,0,37,0,0,142,0,142,0,15,164,0,179,84,0,84,263
02/02/2003,TYR,TX,ASW,CE,Federal Contract Tower,0,15,19,0,34,0,1,16,0,17,0,16,35,0,51,6,0,6,57
02/03/2003,TYR,TX,ASW,CE,Federal Contract Tower,0,26,38,0,64,0,0,55,0,55,0,26,93,0,119,14,0,14,133
02/04/2003,TYR,TX,ASW,CE,Federal Contract Tower,0,27,38,0,65,0,0,171,0,171,0,27,209,0,236,215,0,215,451
02/05/2003,TYR,TX,ASW,CE,Federal Contract Tower,0,27,33,0,60,0,0,93,0,93,0,27,126,0,153,62,0,62,215
02/06/2003,TYR,TX,ASW,CE,Federal Contract Tower,0,27,57,2,86,0,0,0,0,0,0,27,57,2,86,2,0,2,88
02/07/2003,TYR,TX,ASW,CE,Federal Contract Tower,0,24,46,1,71,0,1,120,0,121,0,25,166,1,192,190,0,190,382
02/08/2003,TYR,TX,ASW,CE,Federal Contract Tower,0,17,14,0,31,0,0,77,0,77,0,17,91,0,108,190,0,190,298
02/09/2003,TYR,TX,ASW,CE,Federal Contract Tower,0,15,15,0,30,0,0,2,0,2,0,15,17,0,32,0,0,0,32
02/10/2003,TYR,TX,ASW,CE,Federal Contract Tower,0,28,35,2,65,0,0,183,1,184,0,28,218,3,249,326,2,328,577
02/11/2003,TYR,TX,ASW,CE,Federal Contract Tower,0,23,34,0,57,0,1,208,0,209,0,24,242,0,266,354,0,354,620
02/12/2003,TYR,TX,ASW,CE,Federal Contract Tower,0,30,36,0,66,0,0,134,2,136,0,30,170,2,202,386,0,386,588
02/13/2003,TYR,TX,ASW,CE,Federal Contract Tower,0,26,49,0,75,0,0,100,0,100,0,26,149,0,175,454,0,454,629
02/14/2003,TYR,TX,ASW,CE,Federal Contract Tower,0,24,13,0,37,0,2,10,0,12,0,26,23,0,49,0,0,0,49
02/15/2003,TYR,TX,ASW,CE,Federal Contract Tower,0,15,32,0,47,0,0,5,0,5,0,15,37,0,52,0,0,0,52
02/16/2003,TYR,TX,ASW,CE,Federal Contract Tower,0,14,13,1,28,0,0,16,0,16,0,14,29,1,44,8,2,10,54
02/17/2003,TYR,TX,ASW,CE,Federal Contract Tower,0,18,27,0,45,0,1,214,0,215,0,19,241,0,260,438,0,438,698
02/18/2003,TYR,TX,ASW,CE,Federal Contract Tower,0,24,42,0,66,0,0,135,0,135,0,24,177,0,201,470,0,470,671
02/19/2003,TYR,TX,ASW,CE,Federal Contract Tower,0,24,68,0,92,0,0,0,0,0,0,24,68,0,92,20,0,20,112
02/20/2003,TYR,TX,ASW,CE,Federal Contract Tower,0,23,21,0,44,0,0,0,0,0,0,23,21,0,44,0,0,0,44
02/21/2003,TYR,TX,ASW,CE,Federal Contract Tower,0,15,15,0,30,0,0,0,0,0,0,15,15,0,30,0,0,0,30
02/22/2003,TYR,TX,ASW,CE,Federal Contract Tower,0,24,23,0,47,0,0,136,0,136,0,24,159,0,183,536,0,536,719
02/23/2003,TYR,TX,ASW,CE,Federal Contract Tower,0,17,14,0,31,0,0,49,0,49,0,17,63,0,80,78,0,78,158
02/24/2003,TYR,TX,ASW,CE,Federal Contract Tower,0,12,19,0,31,0,0,124,0,124,0,12,143,0,155,402,0,402,557
02/25/2003,TYR,TX,ASW,CE,Federal Contract Tower,0,12,9,0,21,0,0,0,0,0,0,12,9,0,21,0,0,0,21
02/26/2003,TYR,TX,ASW,CE,Federal Contract Tower,0,16,13,0,29,0,0,0,0,0,0,16,13,0,29,0,0,0,29
02/27/2003,TYR,TX,ASW,CE,Federal Contract Tower,0,36,51,0,87,0,1,23,0,24,0,37,74,0,111,0,0,0,111
02/28/2003,TYR,TX,ASW,CE,Federal Contract Tower,0,22,67,0,89,0,0,3,0,3,0,22,70,0,92,6,0,6,98
03/01/2003,TYR,TX,ASW,CE,Federal Contract Tower,0,17,18,2,37,0,0,28,0,28,0,17,46,2,65,216,0,216,281
03/02/2003,TYR,TX,ASW,CE,Federal Contract Tower,0,16,18,0,34,0,0,99,0,99,0,16,117,0,133,300,0,300,433
03/03/2003,TYR,TX,ASW,CE,Federal Contract Tower,0,21,65,0,86,0,1,75,0,76,0,22,140,0,162,244,0,244,406
03/04/2003,TYR,TX,ASW,CE,Federal Contract Tower,0,27,32,1,60,0,0,57,1,58,0,27,89,2,118,184,0,184,302
03/05/2003,TYR,TX,ASW,CE,Federal Contract Tower,0,25,46,0,71,0,0,7,0,7,0,25,53,0,78,34,0,34,112
03/06/2003,TYR,TX,ASW,CE,Federal Contract Tower,0,26,33,0,59,0,0,309,0,309,0,26,342,0,368,512,0,512,880
03/07/2003,TYR,TX,ASW,CE,Federal Contract Tower,0,29,44,2,75,0,6,220,0,226,0,35,264,2,301,260,0,260,561
03/08/2003,TYR,TX,ASW,CE,Federal Contract Tower,0,22,33,0,55,0,0,180,0,180,0,22,213,0,235,354,0,354,589
03/09/2003,TYR,TX,ASW,CE,Federal Contract Tower,0,14,22,0,36,0,0,107,0,107,0,14,129,0,143,224,0,224,367
03/10/2003,TYR,TX,ASW,CE,Federal Contract Tower,0,22,16,0,38,0,0,181,0,181,0,22,197,0,219,378,0,378,597
03/11/2003,TYR,TX,ASW,CE,Federal Contract Tower,0,26,31,0,57,0,0,220,0,220,0,26,251,0,277,394,0,394,671
03/12/2003,TYR,TX,ASW,CE,Federal Contract Tower,0,27,54,0,81,0,0,58,0,58,0,27,112,0,139,328,0,328,467
03/13/2003,TYR,TX,ASW,CE,Federal Contract Tower,0,26,27,0,53,0,1,191,0,192,0,27,218,0,245,292,0,292,537
03/14/2003,TYR,TX,ASW,CE,Federal Contract Tower,0,25,54,0,79,0,2,222,0,224,0,27,276,0,303,450,0,450,753
03/15/2003,TYR,TX,ASW,CE,Federal Contract Tower,0,17,11,0,28,0,2,206,0,208,0,19,217,0,236,364,0,364,600
03/16/2003,TYR,TX,ASW,CE,Federal Contract Tower,0,12,13,0,25,0,1,102,0,103,0,13,115,0,128,214,0,214,342
03/17/2003,TYR,TX,ASW,CE,Federal Contract Tower,0,21,30,0,51,0,0,164,0,164,0,21,194,0,215,472,0,472,687
03/18/2003,TYR,TX,ASW,CE,Federal Contract Tower,0,32,22,0,54,0,0,17,0,17,0,32,39,0,71,10,0,10,81
03/19/2003,TYR,TX,ASW,CE,Federal Contract Tower,0,27,36,0,63,0,0,198,0,198,0,27,234,0,261,308,0,308,569
03/20/2003,TYR,TX,ASW,CE,Federal Contract Tower,0,25,30,0,55,0,0,187,0,187,0,25,217,0,242,326,0,326,568
03/21/2003,TYR,TX,ASW,CE,Federal Contract Tower,0,27,37,0,64,0,0,239,0,239,0,27,276,0,303,438,0,438,741
03/22/2003,TYR,TX,ASW,CE,Federal Contract Tower,0,17,34,0,51,0,0,153,0,153,0,17,187,0,204,230,0,230,434
03/23/2003,TYR,TX,ASW,CE,Federal Contract Tower,0,17,25,0,42,0,0,71,0,71,0,17,96,0,113,92,0,92,205
03/24/2003,TYR,TX,ASW,CE,Federal Contract Tower,0,22,21,0,43,0,0,231,0,231,0,22,252,0,274,366,0,366,640
03/25/2003,TYR,TX,ASW,CE,Federal Contract Tower,0,27,63,0,90,0,0,28,0,28,0,27,91,0,118,153,0,153,271
03/26/2003,TYR,TX,ASW,CE,Federal Contract Tower,0,28,48,0,76,0,0,200,0,200,0,28,248,0,276,374,0,374,650
03/27/2003,TYR,TX,ASW,CE,Federal Contract Tower,0,28,57,1,86,0,0,128,1,129,0,28,185,2,215,130,0,130,345
03/28/2003,TYR,TX,ASW,CE,Federal Contract Tower,0,24,22,0,46,0,2,195,0,197,0,26,217,0,243,414,0,414,657
03/29/2003,TYR,TX,ASW,CE,Federal Contract Tower,0,16,25,0,41,0,2,97,0,99,0,18,122,0,140,128,0,128,268
03/30/2003,TYR,TX,ASW,CE,Federal Contract Tower,0,12,15,0,27,0,1,123,0,124,0,13,138,0,151,160,0,160,311
03/31/2003,TYR,TX,ASW,CE,Federal Contract Tower,0,22,29,0,51,0,0,267,0,267,0,22,296,0,318,373,0,373,691
04/01/2003,TYR,TX,ASW,CE,Federal Contract Tower,0,32,17,0,49,0,0,111,0,111,0,32,128,0,160,88,0,88,248
04/02/2003,TYR,TX,ASW,CE,Federal Contract Tower,0,27,26,1,54,0,1,173,8,182,0,28,199,9,236,174,0,174,410
04/03/2003,TYR,TX,ASW,CE,Federal Contract Tower,0,29,47,0,76,0,0,85,0,85,0,29,132,0,161,138,0,138,299
04/04/2003,TYR,TX,ASW,CE,Federal Contract Tower,0,33,39,0,72,0,1,100,0,101,0,34,139,0,173,218,0,218,391
04/05/2003,TYR,TX,ASW,CE,Federal Contract Tower,0,14,35,0,49,0,0,44,0,44,0,14,79,0,93,76,0,76,169
04/06/2003,TYR,TX,ASW,CE,Federal Contract Tower,0,3,16,0,19,0,0,6,0,6,0,3,22,0,25,0,0,0,25
04/07/2003,TYR,TX,ASW,CE,Federal Contract Tower,0,9,47,0,56,0,0,197,0,197,0,9,244,0,253,372,0,372,625
04/08/2003,TYR,TX,ASW,CE,Federal Contract Tower,0,28,24,0,52,0,0,199,0,199,0,28,223,0,251,172,0,172,423
04/09/2003,TYR,TX,ASW,CE,Federal Contract Tower,0,24,25,2,51,0,0,244,0,244,0,24,269,2,295,354,8,362,657
04/10/2003,TYR,TX,ASW,CE,Federal Contract Tower,0,24,25,0,49,0,0,289,0,289,0,24,314,0,338,510,0,510,848
04/11/2003,TYR,TX,ASW,CE,Federal Contract Tower,0,21,28,0,49,0,2,264,0,266,0,23,292,0,315,568,0,568,883
04/12/2003,TYR,TX,ASW,CE,Federal Contract Tower,0,16,17,0,33,0,2,168,0,170,0,18,185,0,203,288,0,288,491
04/13/2003,TYR,TX,ASW,CE,Federal Contract Tower,0,15,13,0,28,0,2,115,2,119,0,17,128,2,147,304,0,304,451
04/14/2003,TYR,TX,ASW,CE,Federal Contract Tower,0,28,29,0,57,0,0,201,0,201,0,28,230,0,258,470,0,470,728
04/15/2003,TYR,TX,ASW,CE,Federal Contract Tower,0,30,45,0,75,0,0,131,0,131,0,30,176,0,206,340,0,340,546
04/16/2003,TYR,TX,ASW,CE,Federal Contract Tower,0,27,27,2,56,0,0,143,1,144,0,27,170,3,200,252,4,256,456
04/17/2003,TYR,TX,ASW,CE,Federal Contract Tower,0,25,25,0,50,0,0,319,0,319,0,25,344,0,369,630,0,630,999
04/18/2003,TYR,TX,ASW,CE,Federal Contract Tower,0,26,50,0,76,0,0,139,0,139,0,26,189,0,215,224,0,224,439
04/19/2003,TYR,TX,ASW,CE,Federal Contract Tower,0,14,3,0,17,0,0,12,0,12,0,14,15,0,29,16,0,16,45
04/20/2003,TYR,TX,ASW,CE,Federal Contract Tower,0,17,13,0,30,0,0,60,0,60,0,17,73,0,90,128,0,128,218
04/21/2003,TYR,TX,ASW,CE,Federal Contract Tower,0,19,40,0,59,0,0,239,0,239,0,19,279,0,298,544,0,544,842
04/22/2003,TYR,TX,ASW,CE,Federal Contract Tower,0,28,50,0,78,0,0,240,0,240,0,28,290,0,318,636,0,636,954
04/23/2003,TYR,TX,ASW,CE,Federal Contract Tower,0,26,56,0,82,0,0,48,0,48,0,26,104,0,130,84,0,84,214
04/24/2003,TYR,TX,ASW,CE,Federal Contract Tower,0,27,47,0,74,0,0,99,0,99,0,27,146,0,173,196,0,196,369
04/25/2003,TYR,TX,ASW,CE,Federal Contract Tower,0,27,33,2,62,0,0,268,0,268,0,27,301,2,330,368,0,368,698
04/26/2003,TYR,TX,ASW,CE,Federal Contract Tower,0,18,16,0,34,0,1,224,0,225,0,19,240,0,259,352,0,352,611
04/27/2003,TYR,TX,ASW,CE,Federal Contract Tower,0,14,16,1,31,0,0,127,3,130,0,14,143,4,161,72,0,72,233
04/28/2003,TYR,TX,ASW,CE,Federal Contract Tower,0,23,37,0,60,0,0,208,0,208,0,23,245,0,268,300,0,300,568
04/29/2003,TYR,TX,ASW,CE,Federal Contract Tower,0,28,28,0,56,0,1,172,0,173,0,29,200,0,229,276,0,276,505
04/30/2003,TYR,TX,ASW,CE,Federal Contract Tower,0,27,41,0,68,0,0,193,2,195,0,27,234,2,263,304,0,304,567
05/01/2003,TYR,TX,ASW,CE,Federal Contract Tower,0,28,41,0,69,0,0,123,0,123,0,28,164,0,192,276,0,276,468
05/02/2003,TYR,TX,ASW,CE,Federal Contract Tower,0,28,58,0,86,0,2,120,0,122,0,30,178,0,208,232,0,232,440
05/03/2003,TYR,TX,ASW,CE,Federal Contract Tower,0,19,48,0,67,0,0,18,0,18,0,19,66,0,85,30,0,30,115
05/04/2003,TYR,TX,ASW,CE,Federal Contract Tower,0,16,35,0,51,0,0,2,0,2,0,16,37,0,53,0,0,0,53
05/05/2003,TYR,TX,ASW,CE,Federal Contract Tower,0,21,51,2,74,0,0,12,0,12,0,21,63,2,86,48,0,48,134
05/06/2003,TYR,TX,ASW,CE,Federal Contract Tower,0,26,63,0,89,0,0,50,0,50,0,26,113,0,139,222,0,222,361
05/07/2003,TYR,TX,ASW,CE,Federal Contract Tower,0,24,61,0,85,0,0,119,0,119,0,24,180,0,204,196,0,196,400
05/08/2003,TYR,TX,ASW,CE,Federal Contract Tower,0,28,64,0,92,0,0,157,2,159,0,28,221,2,251,224,0,224,475
05/09/2003,TYR,TX,ASW,CE,Federal Contract Tower,0,28,37,0,65,0,0,128,0,128,0,28,165,0,193,196,0,196,389
05/10/2003,TYR,TX,ASW,CE,Federal Contract Tower,0,19,30,1,50,0,0,33,0,33,0,19,63,1,83,14,0,14,97
05/11/2003,TYR,TX,ASW,CE,Federal Contract Tower,0,13,12,0,25,0,0,77,0,77,0,13,89,0,102,52,0,52,154
05/12/2003,TYR,TX,ASW,CE,Federal Contract Tower,0,21,30,0,51,0,0,212,0,212,0,21,242,0,263,266,0,266,529
05/13/2003,TYR,TX,ASW,CE,Federal Contract Tower,0,30,63,0,93,0,0,97,0,97,0,30,160,0,190,155,0,155,345
05/14/2003,TYR,TX,ASW,CE,Federal Contract Tower,0,24,35,0,59,0,1,179,0,180,0,25,214,0,239,344,0,344,583
05/15/2003,TYR,TX,ASW,CE,Federal Contract Tower,0,28,34,0,62,0,0,175,0,175,0,28,209,0,237,452,0,452,689
05/16/2003,TYR,TX,ASW,CE,Federal Contract Tower,0,23,19,0,42,0,1,82,0,83,0,24,101,0,125,168,0,168,293
05/17/2003,TYR,TX,ASW,CE,Federal Contract Tower,0,16,23,0,39,0,0,93,0,93,0,16,116,0,132,182,0,182,314
05/18/2003,TYR,TX,ASW,CE,Federal Contract Tower,0,15,15,0,30,0,0,142,0,142,0,15,157,0,172,178,0,178,350
05/19/2003,TYR,TX,ASW,CE,Federal Contract Tower,0,22,31,0,53,0,2,236,0,238,0,24,267,0,291,242,0,242,533
05/20/2003,TYR,TX,ASW,CE,Federal Contract Tower,0,25,31,0,56,0,0,35,0,35,0,25,66,0,91,98,0,98,189
05/21/2003,TYR,TX,ASW,CE,Federal Contract Tower,0,29,38,0,67,0,1,118,0,119,0,30,156,0,186,350,0,350,536
05/22/2003,TYR,TX,ASW,CE,Federal Contract Tower,0,27,29,0,56,0,2,253,0,255,0,29,282,0,311,344,0,344,655
05/23/2003,TYR,TX,ASW,CE,Federal Contract Tower,0,26,33,0,59,0,1,290,1,292,0,27,323,1,351,350,0,350,701
05/24/2003,TYR,TX,ASW,CE,Federal Contract Tower,0,15,5,0,20,0,1,121,0,122,0,16,126,0,142,162,0,162,304
05/25/2003,TYR,TX,ASW,CE,Federal Contract Tower,0,15,9,0,24,0,0,20,0,20,0,15,29,0,44,10,0,10,54
05/26/2003,TYR,TX,ASW,CE,Federal Contract Tower,0,15,17,0,32,0,0,16,0,16,0,15,33,0,48,12,0,12,60
05/27/2003,TYR,TX,ASW,CE,Federal Contract Tower,0,26,28,0,54,0,0,262,0,262,0,26,290,0,316,306,0,306,622
05/28/2003,TYR,TX,ASW,CE,Federal Contract Tower,0,28,39,8,75,0,0,239,1,240,0,28,278,9,315,460,8,468,783
05/29/2003,TYR,TX,ASW,CE,Federal Contract Tower,0,26,59,0,85,0,1,239,0,240,0,27,298,0,325,474,0,474,799
05/30/2003,TYR,TX,ASW,CE,Federal Contract Tower,0,27,41,0,68,0,1,271,0,272,0,28,312,0,340,568,0,568,908
05/31/2003,TYR,TX,ASW,CE,Federal Contract Tower,0,16,19,0,35,0,2,168,0,170,0,18,187,0,205,398,0,398,603
06/01/2003,TYR,TX,ASW,CE,Federal Contract Tower,0,17,19,0,36,0,0,101,0,101,0,17,120,0,137,188,0,188,325
06/02/2003,TYR,TX,ASW,CE,Federal Contract Tower,0,21,38,0,59,0,1,123,0,124,0,22,161,0,183,588,0,588,771
06/03/2003,TYR,TX,ASW,CE,Federal Contract Tower,0,28,43,0,71,0,0,272,0,272,0,28,315,0,343,490,0,490,833
06/04/2003,TYR,TX,ASW,CE,Federal Contract Tower,0,30,34,0,64,0,1,246,0,247,0,31,280,0,311,584,0,584,895
06/05/2003,TYR,TX,ASW,CE,Federal Contract Tower,0,31,62,0,93,0,0,103,0,103,0,31,165,0,196,284,0,284,480
06/06/2003,TYR,TX,ASW,CE,Federal Contract Tower,0,28,68,0,96,0,1,60,0,61,0,29,128,0,157,134,0,134,291
06/07/2003,TYR,TX,ASW,CE,Federal Contract Tower,0,18,19,0,37,0,4,228,0,232,0,22,247,0,269,520,0,520,789
06/08/2003,TYR,TX,ASW,CE,Federal Contract Tower,0,14,18,0,32,0,0,74,0,74,0,14,92,0,106,174,0,174,280
06/09/2003,TYR,TX,ASW,CE,Federal Contract Tower,0,23,43,0,66,0,0,266,0,266,0,23,309,0,332,436,0,436,768
06/10/2003,TYR,TX,ASW,CE,Federal Contract Tower,0,27,57,0,84,0,0,157,0,157,0,27,214,0,241,296,0,296,537
06/11/2003,TYR,TX,ASW,CE,Federal Contract Tower,0,26,36,0,62,0,0,174,0,174,0,26,210,0,236,316,0,316,552
06/12/2003,TYR,TX,ASW,CE,Federal Contract Tower,0,24,22,0,46,0,0,84,0,84,0,24,106,0,130,102,0,102,232
06/13/2003,TYR,TX,ASW,CE,Federal Contract Tower,0,32,26,0,58,0,0,14,0,14,0,32,40,0,72,6,0,6,78
06/14/2003,TYR,TX,ASW,CE,Federal Contract Tower,0,18,23,0,41,0,0,124,0,124,0,18,147,0,165,282,0,282,447
06/15/2003,TYR,TX,ASW,CE,Federal Contract Tower,0,22,26,1,49,0,0,12,0,12,0,22,38,1,61,2,2,4,65
06/16/2003,TYR,TX,ASW,CE,Federal Contract Tower,0,20,43,0,63,0,1,11,0,12,0,21,54,0,75,22,0,22,97
06/17/2003,TYR,TX,ASW,CE,Federal Contract Tower,0,29,35,0,64,0,0,22,0,22,0,29,57,0,86,96,0,96,182
06/18/2003,TYR,TX,ASW,CE,Federal Contract Tower,0,29,44,0,73,0,0,113,0,113,0,29,157,0,186,134,0,134,320
06/19/2003,TYR,TX,ASW,CE,Federal Contract Tower,0,26,39,0,65,0,1,226,0,227,0,27,265,0,292,222,0,222,514
06/20/2003,TYR,TX,ASW,CE,Federal Contract Tower,0,25,30,0,55,0,1,228,0,229,0,26,258,0,284,206,0,206,490
06/21/2003,TYR,TX,ASW,CE,Federal Contract Tower,0,20,30,0,50,0,1,123,0,124,0,21,153,0,174,246,0,246,420
06/22/2003,TYR,TX,ASW,CE,Federal Contract Tower,0,18,24,8,50,0,0,88,1,89,0,18,112,9,139,158,10,168,307
06/23/2003,TYR,TX,ASW,CE,Federal Contract Tower,0,22,56,0,78,0,0,178,2,180,0,22,234,2,258,290,0,290,548
06/24/2003,TYR,TX,ASW,CE,Federal Contract Tower,0,34,45,0,79,0,0,156,2,158,0,34,201,2,237,318,0,318,555
06/25/2003,TYR,TX,ASW,CE,Federal Contract Tower,0,29,59,0,88,0,0,149,0,149,0,29,208,0,237,264,0,264,501
06/26/2003,TYR,TX,ASW,CE,Federal Contract Tower,0,29,46,0,75,0,3,88,0,91,0,32,134,0,166,230,0,230,396
06/27/2003,TYR,TX,ASW,CE,Federal Contract Tower,0,30,55,0,85,0,0,216,2,218,0,30,271,2,303,354,0,354,657
06/28/2003,TYR,TX,ASW,CE,Federal Contract Tower,0,19,22,0,41,0,1,191,0,192,0,20,213,0,233,326,0,326,559
06/29/2003,TYR,TX,ASW,CE,Federal Contract Tower,0,16,28,0,44,0,1,125,0,126,0,17,153,0,170,154,0,154,324
06/30/2003,TYR,TX,ASW,CE,Federal Contract Tower,0,24,34,1,59,0,0,149,0,149,0,24,183,1,208,304,2,306,514
07/01/2003,TYR,TX,ASW,CE,Federal Contract Tower,0,30,25,0,55,0,1,196,0,197,0,31,221,0,252,434,0,434,686
07/02/2003,TYR,TX,ASW,CE,Federal Contract Tower,0,26,23,0,49,0,0,240,4,244,0,26,263,4,293,350,0,350,643
07/03/2003,TYR,TX,ASW,CE,Federal Contract Tower,0,24,25,0,49,0,1,282,3,286,0,25,307,3,335,480,0,480,815
07/04/2003,TYR,TX,ASW,CE,Federal Contract Tower,0,11,13,0,24,0,1,102,2,105,0,12,115,2,129,172,0,172,301
07/05/2003,TYR,TX,ASW,CE,Federal Contract Tower,0,13,15,2,30,0,1,66,0,67,0,14,81,2,97,178,8,186,283
07/06/2003,TYR,TX,ASW,CE,Federal Contract Tower,0,14,24,0,38,0,0,67,0,67,0,14,91,0,105,74,0,74,179
07/07/2003,TYR,TX,ASW,CE,Federal Contract Tower,0,22,52,0,74,0,0,127,0,127,0,22,179,0,201,346,0,346,547
07/08/2003,TYR,TX,ASW,CE,Federal Contract Tower,0,26,34,0,60,0,0,222,0,222,0,26,256,0,282,554,0,554,836
07/09/2003,TYR,TX,ASW,CE,Federal Contract Tower,0,22,61,2,85,0,1,174,0,175,0,23,235,2,260,380,0,380,640
07/10/2003,TYR,TX,ASW,CE,Federal Contract Tower,0,22,41,0,63,0,0,221,0,221,0,22,262,0,284,438,0,438,722
07/11/2003,TYR,TX,ASW,CE,Federal Contract Tower,0,24,49,1,74,0,1,197,5,203,0,25,246,6,277,270,2,272,549
07/12/2003,TYR,TX,ASW,CE,Federal Contract Tower,0,20,39,0,59,0,0,153,0,153,0,20,192,0,212,255,0,255,467
07/13/2003,TYR,TX,ASW,CE,Federal Contract Tower,0,15,29,0,44,0,0,144,0,144,0,15,173,0,188,316,0,316,504
07/14/2003,TYR,TX,ASW,CE,Federal Contract Tower,0,21,34,0,55,0,0,171,0,171,0,21,205,0,226,230,0,230,456
07/15/2003,TYR,TX,ASW,CE,Federal Contract Tower,0,26,19,0,45,0,0,201,0,201,0,26,220,0,246,240,0,240,486
07/16/2003,TYR,TX,ASW,CE,Federal Contract Tower,0,25,33,0,58,0,0,149,0,149,0,25,182,0,207,198,0,198,405
07/17/2003,TYR,TX,ASW,CE,Federal Contract Tower,0,24,24,0,48,0,1,137,0,138,0,25,161,0,186,176,0,176,362
07/18/2003,TYR,TX,ASW,CE,Federal Contract Tower,0,27,17,4,48,0,1,208,0,209,0,28,225,4,257,158,0,158,415
07/19/2003,TYR,TX,ASW,CE,Federal Contract Tower,0,19,27,0,46,0,1,150,0,151,0,20,177,0,197,174,0,174,371
07/20/2003,TYR,TX,ASW,CE,Federal Contract Tower,0,12,13,0,25,0,1,93,0,94,0,13,106,0,119,34,0,34,153
07/21/2003,TYR,TX,ASW,CE,Federal Contract Tower,0,20,45,0,65,0,0,174,0,174,0,20,219,0,239,206,0,206,445
07/22/2003,TYR,TX,ASW,CE,Federal Contract Tower,0,25,41,0,66,0,2,117,0,119,0,27,158,0,185,196,0,196,381
07/23/2003,TYR,TX,ASW,CE,Federal Contract Tower,0,31,36,0,67,0,1,162,0,163,0,32,198,0,230,206,0,206,436
07/24/2003,TYR,TX,ASW,CE,Federal Contract Tower,0,29,37,0,66,0,1,217,0,218,0,30,254,0,284,254,0,254,538
07/25/2003,TYR,TX,ASW,CE,Federal Contract Tower,0,28,74,3,105,0,2,162,0,164,0,30,236,3,269,214,0,214,483
07/26/2003,TYR,TX,ASW,CE,Federal Contract Tower,0,18,49,0,67,0,0,101,0,101,0,18,150,0,168,204,0,204,372
07/27/2003,TYR,TX,ASW,CE,Federal Contract Tower,0,13,18,2,33,0,2,69,2,73,0,15,87,4,106,50,8,58,164
07/28/2003,TYR,TX,ASW,CE,Federal Contract Tower,0,21,88,0,109,0,1,168,0,169,0,22,256,0,278,352,0,352,630
07/29/2003,TYR,TX,ASW,CE,Federal Contract Tower,0,26,36,0,62,0,3,145,0,148,0,29,181,0,210,224,0,224,434
07/30/2003,TYR,TX,ASW,CE,Federal Contract Tower,0,26,51,0,77,0,0,120,0,120,0,26,171,0,197,210,0,210,407
07/31/2003,TYR,TX,ASW,CE,Federal Contract Tower,0,24,25,0,49,0,1,106,0,107,0,25,131,0,156,162,0,162,318
08/01/2003,TYR,TX,ASW,CE,Federal Contract Tower,0,26,42,0,68,0,1,147,2,150,0,27,189,2,218,110,0,110,328
08/02/2003,TYR,TX,ASW,CE,Federal Contract Tower,0,19,38,8,65,0,2,125,0,127,0,21,163,8,192,222,8,230,422
08/03/2003,TYR,TX,ASW,CE,Federal Contract Tower,0,14,21,0,35,0,7,90,0,97,0,21,111,0,132,78,0,78,210
08/04/2003,TYR,TX,ASW,CE,Federal Contract Tower,0,20,25,0,45,0,1,174,0,175,0,21,199,0,220,254,0,254,474
08/05/2003,TYR,TX,ASW,CE,Federal Contract Tower,0,24,41,0,65,0,1,142,0,143,0,25,183,0,208,142,0,142,350
08/06/2003,TYR,TX,ASW,CE,Federal Contract Tower,0,27,46,0,73,0,1,151,0,152,0,28,197,0,225,114,0,114,339
08/07/2003,TYR,TX,ASW,CE,Federal Contract Tower,0,27,58,0,85,0,0,158,0,158,0,27,216,0,243,202,0,202,445
08/08/2003,TYR,TX,ASW,CE,Federal Contract Tower,0,30,28,0,58,0,0,162,0,162,0,30,190,0,220,138,0,138,358
08/09/2003,TYR,TX,ASW,CE,Federal Contract Tower,0,16,15,0,31,0,5,96,0,101,0,21,111,0,132,78,0,78,210
08/10/2003,TYR,TX,ASW,CE,Federal Contract Tower,0,16,25,0,41,0,0,84,0,84,0,16,109,0,125,72,0,72,197
08/11/2003,TYR,TX,ASW,CE,Federal Contract Tower,0,22,21,0,43,0,0,79,0,79,0,22,100,0,122,56,0,56,178
08/12/2003,TYR,TX,ASW,CE,Federal Contract Tower,0,23,33,0,56,0,1,111,0,112,0,24,144,0,168,168,0,168,336
08/13/2003,TYR,TX,ASW,CE,Federal Contract Tower,0,24,31,0,55,0,2,152,0,154,0,26,183,0,209,278,0,278,487
08/14/2003,TYR,TX,ASW,CE,Federal Contract Tower,0,27,45,0,72,0,0,77,0,77,0,27,122,0,149,258,0,258,407
08/15/2003,TYR,TX,ASW,CE,Federal Contract Tower,0,17,1,0,18,0,16,195,0,211,0,33,196,0,229,162,0,162,391
08/16/2003,TYR,TX,ASW,CE,Federal Contract Tower,0,19,17,0,36,0,0,100,0,100,0,19,117,0,136,160,0,160,296
08/17/2003,TYR,TX,ASW,CE,Federal Contract Tower,0,17,27,0,44,0,1,99,0,100,0,18,126,0,144,112,0,112,256
08/18/2003,TYR,TX,ASW,CE,Federal Contract Tower,0,30,35,0,65,0,0,140,0,140,0,30,175,0,205,252,0,252,457
08/19/2003,TYR,TX,ASW,CE,Federal Contract Tower,0,30,32,0,62,0,1,169,0,170,0,31,201,0,232,294,0,294,526
08/20/2003,TYR,TX,ASW,CE,Federal Contract Tower,0,27,44,0,71,0,3,173,0,176,0,30,217,0,247,252,0,252,499
08/21/2003,TYR,TX,ASW,CE,Federal Contract Tower,0,33,23,0,56,0,1,129,0,130,0,34,152,0,186,184,0,184,370
08/22/2003,TYR,TX,ASW,CE,Federal Contract Tower,0,30,41,0,71,0,2,174,3,179,0,32,215,3,250,208,30,238,488
08/23/2003,TYR,TX,ASW,CE,Federal Contract Tower,0,20,21,0,41,0,1,121,0,122,0,21,142,0,163,140,0,140,303
08/24/2003,TYR,TX,ASW,CE,Federal Contract Tower,0,20,15,0,35,0,0,73,0,73,0,20,88,0,108,166,0,166,274
08/25/2003,TYR,TX,ASW,CE,Federal Contract Tower,0,26,26,0,52,0,1,138,0,139,0,27,164,0,191,194,0,194,385
08/26/2003,TYR,TX,ASW,CE,Federal Contract Tower,0,28,16,0,44,0,3,98,0,101,0,31,114,0,145,222,0,222,367
08/27/2003,TYR,TX,ASW,CE,Federal Contract Tower,0,30,40,0,70,0,1,141,2,144,0,31,181,2,214,216,4,220,434
08/28/2003,TYR,TX,ASW,CE,Federal Contract Tower,0,31,63,0,94,0,0,109,0,109,0,31,172,0,203,250,0,250,453
08/29/2003,TYR,TX,ASW,CE,Federal Contract Tower,0,33,61,0,94,0,0,119,0,119,0,33,180,0,213,224,0,224,437
08/30/2003,TYR,TX,ASW,CE,Federal Contract Tower,0,18,10,0,28,0,0,44,0,44,0,18,54,0,72,98,0,98,170
08/31/2003,TYR,TX,ASW,CE,Federal Contract Tower,0,14,13,0,27,0,2,5,0,7,0,16,18,0,34,24,0,24,58
09/01/2003,TYR,TX,ASW,CE,Federal Contract Tower,0,19,24,3,46,0,0,8,0,8,0,19,32,3,54,60,4,64,118
09/02/2003,TYR,TX,ASW,CE,Federal Contract Tower,0,31,57,0,88,0,1,142,0,143,0,32,199,0,231,376,0,376,607
09/03/2003,TYR,TX,ASW,CE,Federal Contract Tower,0,32,24,2,58,0,1,172,0,173,0,33,196,2,231,222,0,222,453
09/04/2003,TYR,TX,ASW,CE,Federal Contract Tower,0,31,26,2,59,0,0,143,2,145,0,31,169,4,204,382,0,382,586
09/05/2003,TYR,TX,ASW,CE,Federal Contract Tower,0,33,63,2,98,0,0,172,0,172,0,33,235,2,270,398,0,398,668
09/06/2003,TYR,TX,ASW,CE,Federal Contract Tower,0,19,11,0,30,0,0,133,0,133,0,19,144,0,163,324,0,324,487
09/07/2003,TYR,TX,ASW,CE,Federal Contract Tower,0,17,18,2,37,0,1,98,0,99,0,18,116,2,136,146,0,146,282
09/08/2003,TYR,TX,ASW,CE,Federal Contract Tower,0,24,43,0,67,0,1,113,0,114,0,25,156,0,181,330,0,330,511
09/09/2003,TYR,TX,ASW,CE,Federal Contract Tower,0,29,31,0,60,0,2,152,0,154,0,31,183,0,214,296,0,296,510
09/10/2003,TYR,TX,ASW,CE,Federal Contract Tower,0,32,76,0,108,0,1,121,0,122,0,33,197,0,230,220,0,220,450
09/11/2003,TYR,TX,ASW,CE,Federal Contract Tower,0,26,44,0,70,0,0,42,0,42,0,26,86,0,112,146,0,146,258
09/12/2003,TYR,TX,ASW,CE,Federal Contract Tower,0,30,43,1,74,0,2,12,1,15,0,32,55,2,89,93,0,93,182
09/13/2003,TYR,TX,ASW,CE,Federal Contract Tower,0,18,22,0,40,0,0,115,0,115,0,18,137,0,155,300,0,300,455
09/14/2003,TYR,TX,ASW,CE,Federal Contract Tower,0,18,13,2,33,0,0,91,0,91,0,18,104,2,124,146,0,146,270
09/15/2003,TYR,TX,ASW,CE,Federal Contract Tower,0,29,26,0,55,0,1,197,0,198,0,30,223,0,253,340,0,340,593
09/16/2003,TYR,TX,ASW,CE,Federal Contract Tower,0,31,31,0,62,0,1,196,0,197,0,32,227,0,259,348,0,348,607
09/17/2003,TYR,TX,ASW,CE,Federal Contract Tower,0,31,27,0,58,0,0,190,0,190,0,31,217,0,248,272,0,272,520
09/18/2003,TYR,TX,ASW,CE,Federal Contract Tower,0,32,39,0,71,0,3,157,0,160,0,35,196,0,231,246,0,246,477
09/19/2003,TYR,TX,ASW,CE,Federal Contract Tower,0,32,39,0,71,0,0,158,0,158,0,32,197,0,229,226,0,226,455
09/20/2003,TYR,TX,ASW,CE,Federal Contract Tower,0,18,25,0,43,0,2,104,0,106,0,20,129,0,149,146,0,146,295
09/21/2003,TYR,TX,ASW,CE,Federal Contract Tower,0,17,25,1,43,0,0,25,0,25,0,17,50,1,68,0,0,0,68
09/22/2003,TYR,TX,ASW,CE,Federal Contract Tower,0,30,24,1,55,0,1,103,0,104,0,31,127,1,159,202,0,202,361
09/23/2003,TYR,TX,ASW,CE,Federal Contract Tower,0,36,66,0,102,0,1,185,0,186,0,37,251,0,288,364,0,364,652
09/24/2003,TYR,TX,ASW,CE,Federal Contract Tower,0,31,36,2,69,0,1,200,0,201,0,32,236,2,270,282,2,284,554
09/25/2003,TYR,TX,ASW,CE,Federal Contract Tower,0,35,41,3,79,0,2,191,0,193,0,37,232,3,272,376,3,379,651
09/26/2003,TYR,TX,ASW,CE,Federal Contract Tower,0,32,54,0,86,0,1,189,0,190,0,33,243,0,276,420,0,420,696
09/27/2003,TYR,TX,ASW,CE,Federal Contract Tower,0,19,28,0,47,0,0,143,0,143,0,19,171,0,190,298,0,298,488
09/28/2003,TYR,TX,ASW,CE,Federal Contract Tower,0,18,21,0,39,0,0,106,0,106,0,18,127,0,145,106,0,106,251
09/29/2003,TYR,TX,ASW,CE,Federal Contract Tower,0,27,14,0,41,0,1,191,0,192,0,28,205,0,233,476,0,476,709
09/30/2003,TYR,TX,ASW,CE,Federal Contract Tower,0,32,27,0,59,0,1,219,0,220,0,33,246,0,279,624,0,624,903
10/01/2003,TYR,TX,ASW,CE,Federal Contract Tower,0,27,45,0,72,0,3,207,2,212,0,30,252,2,284,490,14,504,788
10/02/2003,TYR,TX,ASW,CE,Federal Contract Tower,0,31,39,0,70,0,0,201,1,202,0,31,240,1,272,414,16,430,702
10/03/2003,TYR,TX,ASW,CE,Federal Contract Tower,0,30,43,2,75,0,0,221,2,223,0,30,264,4,298,483,0,483,781
10/04/2003,TYR,TX,ASW,CE,Federal Contract Tower,0,16,18,0,34,0,0,116,0,116,0,16,134,0,150,214,0,214,364
10/05/2003,TYR,TX,ASW,CE,Federal Contract Tower,0,19,30,0,49,0,0,3,0,3,0,19,33,0,52,4,0,4,56
10/06/2003,TYR,TX,ASW,CE,Federal Contract Tower,0,26,26,2,54,0,1,26,0,27,0,27,52,2,81,102,0,102,183
10/07/2003,TYR,TX,ASW,CE,Federal Contract Tower,0,26,29,0,55,0,1,105,0,106,0,27,134,0,161,278,0,278,439
10/08/2003,TYR,TX,ASW,CE,Federal Contract Tower,0,35,45,0,80,0,1,67,0,68,0,36,112,0,148,158,0,158,306
10/09/2003,TYR,TX,ASW,CE,Federal Contract Tower,0,37,34,0,71,0,0,5,0,5,0,37,39,0,76,18,0,18,94
10/10/2003,TYR,TX,ASW,CE,Federal Contract Tower,0,30,82,0,112,0,2,81,0,83,0,32,163,0,195,198,0,198,393
10/11/2003,TYR,TX,ASW,CE,Federal Contract Tower,0,19,21,0,40,0,0,129,0,129,0,19,150,0,169,392,0,392,561
10/12/2003,TYR,TX,ASW,CE,Federal Contract Tower,0,18,22,0,40,0,0,78,0,78,0,18,100,0,118,137,0,137,255
10/13/2003,TYR,TX,ASW,CE,Federal Contract Tower,0,26,45,2,73,0,1,169,1,171,0,27,214,3,244,250,8,258,502
10/14/2003,TYR,TX,ASW,CE,Federal Contract Tower,0,34,29,0,63,0,3,146,0,149,0,37,175,0,212,136,0,136,348
10/15/2003,TYR,TX,ASW,CE,Federal Contract Tower,0,32,23,0,55,0,3,211,2,216,0,35,234,2,271,237,0,237,508
10/16/2003,TYR,TX,ASW,CE,Federal Contract Tower,0,31,29,2,62,0,3,172,0,175,0,34,201,2,237,240,10,250,487
10/17/2003,TYR,TX,ASW,CE,Federal Contract Tower,0,31,50,0,81,0,0,195,0,195,0,31,245,0,276,140,0,140,416
10/18/2003,TYR,TX,ASW,CE,Federal Contract Tower,0,18,30,0,48,0,0,148,0,148,0,18,178,0,196,112,0,112,308
10/19/2003,TYR,TX,ASW,CE,Federal Contract Tower,0,19,19,0,38,0,0,85,0,85,0,19,104,0,123,114,0,114,237
10/20/2003,TYR,TX,ASW,CE,Federal Contract Tower,0,32,22,0,54,0,2,191,0,193,0,34,213,0,247,256,0,256,503
10/21/2003,TYR,TX,ASW,CE,Federal Contract Tower,0,31,42,0,73,0,1,198,1,200,0,32,240,1,273,244,2,246,519
10/22/2003,TYR,TX,ASW,CE,Federal Contract Tower,0,34,38,0,72,0,0,202,2,204,0,34,240,2,276,234,0,234,510
10/23/2003,TYR,TX,ASW,CE,Federal Contract Tower,0,31,49,1,81,0,0,200,0,200,0,31,249,1,281,348,6,354,635
10/24/2003,TYR,TX,ASW,CE,Federal Contract Tower,0,38,41,0,79,0,0,212,0,212,0,38,253,0,291,442,0,442,733
10/25/2003,TYR,TX,ASW,CE,Federal Contract Tower,0,18,23,0,41,0,0,45,0,45,0,18,68,0,86,108,0,108,194
10/26/2003,TYR,TX,ASW,CE,Federal Contract Tower,0,21,29,3,53,0,0,46,0,46,0,21,75,3,99,22,0,22,121
10/27/2003,TYR,TX,ASW,CE,Federal Contract Tower,0,29,51,0,80,0,0,167,0,167,0,29,218,0,247,222,0,222,469
10/28/2003,TYR,TX,ASW,CE,Federal Contract Tower,0,32,39,0,71,0,0,206,0,206,0,32,245,0,277,346,0,346,623
10/29/2003,TYR,TX,ASW,CE,Federal Contract Tower,0,33,33,0,66,0,1,208,2,211,0,34,241,2,277,220,0,220,497
10/30/2003,TYR,TX,ASW,CE,Federal Contract Tower,0,29,43,2,74,0,1,125,0,126,0,30,168,2,200,342,0,342,542
10/31/2003,TYR,TX,ASW,CE,Federal Contract Tower,0,37,64,0,101,0,0,122,0,122,0,37,186,0,223,450,0,450,673
11/01/2003,TYR,TX,ASW,CE,Federal Contract Tower,0,18,46,0,64,0,2,93,3,98,0,20,139,3,162,272,0,272,434
11/02/2003,TYR,TX,ASW,CE,Federal Contract Tower,0,14,18,0,32,0,1,45,0,46,0,15,63,0,78,50,0,50,128
11/03/2003,TYR,TX,ASW,CE,Federal Contract Tower,0,29,49,0,78,0,1,135,0,136,0,30,184,0,214,218,0,218,432
11/04/2003,TYR,TX,ASW,CE,Federal Contract Tower,0,34,31,0,65,0,1,224,0,225,0,35,255,0,290,478,0,478,768
11/05/2003,TYR,TX,ASW,CE,Federal Contract Tower,0,31,46,2,79,0,1,167,0,168,0,32,213,2,247,430,6,436,683
11/06/2003,TYR,TX,ASW,CE,Federal Contract Tower,0,28,45,0,73,0,3,16,0,19,0,31,61,0,92,64,0,64,156
11/07/2003,TYR,TX,ASW,CE,Federal Contract Tower,0,30,41,0,71,0,0,0,0,0,0,30,41,0,71,0,0,0,71
11/08/2003,TYR,TX,ASW,CE,Federal Contract Tower,0,19,21,0,40,0,0,0,0,0,0,19,21,0,40,0,0,0,40
11/09/2003,TYR,TX,ASW,CE,Federal Contract Tower,0,17,28,4,49,0,0,17,0,17,0,17,45,4,66,70,0,70,136
11/10/2003,TYR,TX,ASW,CE,Federal Contract Tower,0,27,47,0,74,0,0,185,0,185,0,27,232,0,259,196,0,196,455
11/11/2003,TYR,TX,ASW,CE,Federal Contract Tower,0,28,46,0,74,0,0,88,0,88,0,28,134,0,162,234,0,234,396
11/12/2003,TYR,TX,ASW,CE,Federal Contract Tower,0,32,61,0,93,0,1,132,0,133,0,33,193,0,226,480,0,480,706
11/13/2003,TYR,TX,ASW,CE,Federal Contract Tower,0,32,25,0,57,0,0,191,0,191,0,32,216,0,248,494,0,494,742
11/14/2003,TYR,TX,ASW,CE,Federal Contract Tower,0,32,44,0,76,0,0,177,0,177,0,32,221,0,253,214,0,214,467
11/15/2003,TYR,TX,ASW,CE,Federal Contract Tower,0,20,39,0,59,0,0,7,0,7,0,20,46,0,66,6,0,6,72
11/16/2003,TYR,TX,ASW,CE,Federal Contract Tower,0,18,35,1,54,0,0,9,0,9,0,18,44,1,63,36,2,38,101
11/17/2003,TYR,TX,ASW,CE,Federal Contract Tower,0,25,13,0,38,0,0,2,0,2,0,25,15,0,40,0,0,0,40
11/18/2003,TYR,TX,ASW,CE,Federal Contract Tower,0,35,32,0,67,0,1,82,0,83,0,36,114,0,150,52,0,52,202
11/19/2003,TYR,TX,ASW,CE,Federal Contract Tower,0,34,26,0,60,0,1,242,0,243,0,35,268,0,303,300,0,300,603
11/20/2003,TYR,TX,ASW,CE,Federal Contract Tower,0,36,33,0,69,0,3,235,0,238,0,39,268,0,307,420,0,420,727
11/21/2003,TYR,TX,ASW,CE,Federal Contract Tower,0,30,33,0,63,0,0,123,4,127,0,30,156,4,190,238,0,238,428
11/22/2003,TYR,TX,ASW,CE,Federal Contract Tower,0,18,18,0,36,0,0,55,0,55,0,18,73,0,91,38,0,38,129
11/23/2003,TYR,TX,ASW,CE,Federal Contract Tower,0,18,15,0,33,0,0,15,0,15,0,18,30,0,48,6,0,6,54
11/24/2003,TYR,TX,ASW,CE,Federal Contract Tower,0,26,21,0,47,0,2,177,0,179,0,28,198,0,226,314,0,314,540
11/25/2003,TYR,TX,ASW,CE,Federal Contract Tower,0,34,23,0,57,0,2,196,0,198,0,36,219,0,255,377,0,377,632
11/26/2003,TYR,TX,ASW,CE,Federal Contract Tower,0,27,39,0,66,0,0,74,0,74,0,27,113,0,140,216,0,216,356
11/27/2003,TYR,TX,ASW,CE,Federal Contract Tower,0,16,13,0,29,0,0,37,0,37,0,16,50,0,66,56,0,56,122
11/28/2003,TYR,TX,ASW,CE,Federal Contract Tower,0,26,12,0,38,0,0,99,0,99,0,26,111,0,137,80,0,80,217
11/29/2003,TYR,TX,ASW,CE,Federal Contract Tower,0,17,25,0,42,0,0,88,0,88,0,17,113,0,130,76,0,76,206
11/30/2003,TYR,TX,ASW,CE,Federal Contract Tower,0,18,29,0,47,0,1,97,0,98,0,19,126,0,145,172,0,172,317
12/01/2003,TYR,TX,ASW,CE,Federal Contract Tower,0,15,22,0,37,0,14,135,0,149,0,29,157,0,186,259,0,259,445
12/02/2003,TYR,TX,ASW,CE,Federal Contract Tower,0,15,19,0,34,0,13,142,0,155,0,28,161,0,189,302,0,302,491
12/03/2003,TYR,TX,ASW,CE,Federal Contract Tower,0,26,38,0,64,0,11,121,0,132,0,37,159,0,196,308,0,308,504
12/04/2003,TYR,TX,ASW,CE,Federal Contract Tower,0,27,38,0,65,0,8,162,0,170,0,35,200,0,235,314,0,314,549
12/05/2003,TYR,TX,ASW,CE,Federal Contract Tower,0,27,33,0,60,0,5,140,0,145,0,32,173,0,205,230,0,230,435
12/06/2003,TYR,TX,ASW,CE,Federal Contract Tower,0,25,57,0,82,0,0,108,0,108,0,25,165,0,190,268,0,268,458
12/07/2003,TYR,TX,ASW,CE,Federal Contract Tower,0,23,46,0,69,0,0,40,0,40,0,23,86,0,109,52,0,52,161
12/08/2003,TYR,TX,ASW,CE,Federal Contract Tower,0,17,14,0,31,0,13,123,0,136,0,30,137,0,167,132,0,132,299
12/09/2003,TYR,TX,ASW,CE,Federal Contract Tower,0,15,15,0,30,0,18,52,0,70,0,33,67,0,100,50,0,50,150
12/10/2003,TYR,TX,ASW,CE,Federal Contract Tower,0,28,35,0,63,0,5,125,0,130,0,33,160,0,193,240,0,240,433
12/11/2003,TYR,TX,ASW,CE,Federal Contract Tower,0,23,34,0,57,0,10,136,0,146,0,33,170,0,203,244,0,244,447
12/12/2003,TYR,TX,ASW,CE,Federal Contract Tower,0,30,36,0,66,0,4,43,0,47,0,34,79,0,113,114,0,114,227
12/13/2003,TYR,TX,ASW,CE,Federal Contract Tower,0,22,32,0,54,0,0,0,0,0,0,22,32,0,54,0,0,0,54
12/14/2003,TYR,TX,ASW,CE,Federal Contract Tower,0,20,13,0,33,0,0,81,0,81,0,20,94,0,114,104,0,104,218
12/15/2003,TYR,TX,ASW,CE,Federal Contract Tower,0,15,32,0,47,0,12,55,0,67,0,27,87,0,114,56,0,56,170
12/16/2003,TYR,TX,ASW,CE,Federal Contract Tower,0,14,13,1,28,0,18,84,1,103,0,32,97,2,131,164,0,164,295
12/17/2003,TYR,TX,ASW,CE,Federal Contract Tower,0,18,27,0,45,0,24,101,0,125,0,42,128,0,170,140,0,140,310
12/18/2003,TYR,TX,ASW,CE,Federal Contract Tower,0,24,42,0,66,0,7,55,0,62,0,31,97,0,128,58,0,58,186
12/19/2003,TYR,TX,ASW,CE,Federal Contract Tower,0,24,68,0,92,0,6,44,5,55,0,30,112,5,147,100,0,100,247
12/20/2003,TYR,TX,ASW,CE,Federal Contract Tower,0,19,21,0,40,0,0,112,0,112,0,19,133,0,152,120,0,120,272
12/21/2003,TYR,TX,ASW,CE,Federal Contract Tower,0,15,15,0,30,0,5,32,0,37,0,20,47,0,67,12,0,12,79
12/22/2003,TYR,TX,ASW,CE,Federal Contract Tower,0,24,23,0,47,0,5,26,0,31,0,29,49,0,78,6,0,6,84
12/23/2003,TYR,TX,ASW,CE,Federal Contract Tower,0,17,14,0,31,0,14,72,0,86,0,31,86,0,117,36,0,36,153
12/24/2003,TYR,TX,ASW,CE,Federal Contract Tower,0,12,19,0,31,0,18,60,0,78,0,30,79,0,109,76,0,76,185
12/25/2003,TYR,TX,ASW,CE,Federal Contract Tower,0,12,9,0,21,0,1,18,0,19,0,13,27,0,40,26,0,26,66
12/26/2003,TYR,TX,ASW,CE,Federal Contract Tower,0,16,13,0,29,0,20,66,0,86,0,36,79,0,115,60,0,60,175
12/27/2003,TYR,TX,ASW,CE,Federal Contract Tower,0,19,27,0,46,0,0,0,0,0,0,19,27,0,46,0,0,0,46
12/28/2003,TYR,TX,ASW,CE,Federal Contract Tower,0,18,17,0,35,0,0,0,0,0,0,18,17,0,35,0,0,0,35
12/29/2003,TYR,TX,ASW,CE,Federal Contract Tower,0,0,0,0,0,0,31,85,0,116,0,31,85,0,116,38,0,38,154
12/30/2003,TYR,TX,ASW,CE,Federal Contract Tower,0,0,0,0,0,0,40,106,2,148,0,40,106,2,148,68,0,68,216
12/31/2003,TYR,TX,ASW,CE,Federal Contract Tower,0,0,0,0,0,0,27,81,0,108,0,27,81,0,108,44,0,44,152
01/01/2004,TYR,TX,ASW,CE,Federal Contract Tower,0,14,11,0,25,0,0,0,0,0,0,14,11,0,25,6,0,6,31
01/02/2004,TYR,TX,ASW,CE,Federal Contract Tower,0,32,31,0,63,0,0,13,0,13,0,32,44,0,76,0,0,0,76
01/03/2004,TYR,TX,ASW,CE,Federal Contract Tower,0,18,16,0,34,0,0,24,0,24,0,18,40,0,58,10,0,10,68
01/04/2004,TYR,TX,ASW,CE,Federal Contract Tower,0,16,22,0,38,0,0,5,0,5,0,16,27,0,43,4,0,4,47
01/05/2004,TYR,TX,ASW,CE,Federal Contract Tower,0,24,12,0,36,0,1,32,0,33,0,25,44,0,69,4,0,4,73
01/06/2004,TYR,TX,ASW,CE,Federal Contract Tower,0,26,18,0,44,0,1,61,0,62,0,27,79,0,106,90,0,90,196
01/07/2004,TYR,TX,ASW,CE,Federal Contract Tower,0,32,27,0,59,0,1,41,0,42,0,33,68,0,101,24,0,24,125
01/08/2004,TYR,TX,ASW,CE,Federal Contract Tower,0,24,19,0,43,0,0,0,0,0,0,24,19,0,43,0,0,0,43
01/09/2004,TYR,TX,ASW,CE,Federal Contract Tower,0,28,32,0,60,0,0,72,0,72,0,28,104,0,132,22,0,22,154
01/10/2004,TYR,TX,ASW,CE,Federal Contract Tower,0,15,13,0,28,0,0,53,0,53,0,15,66,0,81,18,0,18,99
01/11/2004,TYR,TX,ASW,CE,Federal Contract Tower,0,19,13,0,32,0,0,62,0,62,0,19,75,0,94,58,0,58,152
01/12/2004,TYR,TX,ASW,CE,Federal Contract Tower,0,25,19,0,44,0,1,41,0,42,0,26,60,0,86,10,0,10,96
01/13/2004,TYR,TX,ASW,CE,Federal Contract Tower,0,26,38,0,64,0,1,34,0,35,0,27,72,0,99,18,0,18,117
01/14/2004,TYR,TX,ASW,CE,Federal Contract Tower,0,26,21,0,47,0,1,7,0,8,0,27,28,0,55,0,0,0,55
01/15/2004,TYR,TX,ASW,CE,Federal Contract Tower,0,29,45,0,74,0,0,20,0,20,0,29,65,0,94,26,0,26,120
01/16/2004,TYR,TX,ASW,CE,Federal Contract Tower,0,27,24,0,51,0,1,7,0,8,0,28,31,0,59,42,0,42,101
01/17/2004,TYR,TX,ASW,CE,Federal Contract Tower,0,18,31,0,49,0,0,12,0,12,0,18,43,0,61,18,0,18,79
01/18/2004,TYR,TX,ASW,CE,Federal Contract Tower,0,20,32,0,52,0,0,0,0,0,0,20,32,0,52,16,0,16,68
01/19/2004,TYR,TX,ASW,CE,Federal Contract Tower,0,25,20,0,45,0,1,83,0,84,0,26,103,0,129,101,0,101,230
01/20/2004,TYR,TX,ASW,CE,Federal Contract Tower,0,29,19,0,48,0,1,60,0,61,0,30,79,0,109,20,0,20,129
01/21/2004,TYR,TX,ASW,CE,Federal Contract Tower,0,32,31,0,63,0,1,85,0,86,0,33,116,0,149,86,0,86,235
01/22/2004,TYR,TX,ASW,CE,Federal Contract Tower,0,27,31,0,58,0,2,67,0,69,0,29,98,0,127,72,0,72,199
01/23/2004,TYR,TX,ASW,CE,Federal Contract Tower,0,26,33,0,59,0,0,49,0,49,0,26,82,0,108,48,0,48,156
01/24/2004,TYR,TX,ASW,CE,Federal Contract Tower,0,15,17,0,32,0,0,2,0,2,0,15,19,0,34,0,0,0,34
01/25/2004,TYR,TX,ASW,CE,Federal Contract Tower,0,23,8,0,31,0,0,73,0,73,0,23,81,0,104,56,0,56,160
01/26/2004,TYR,TX,ASW,CE,Federal Contract Tower,0,25,40,0,65,0,0,21,0,21,0,25,61,0,86,36,0,36,122
01/27/2004,TYR,TX,ASW,CE,Federal Contract Tower,0,28,24,2,54,0,1,51,0,52,0,29,75,2,106,116,10,126,232
01/28/2004,TYR,TX,ASW,CE,Federal Contract Tower,0,25,19,0,44,0,5,86,0,91,0,30,105,0,135,156,0,156,291
01/29/2004,TYR,TX,ASW,CE,Federal Contract Tower,0,26,23,2,51,0,3,27,0,30,0,29,50,2,81,66,0,66,147
01/30/2004,TYR,TX,ASW,CE,Federal Contract Tower,0,40,38,0,78,0,0,36,0,36,0,40,74,0,114,92,0,92,206
01/31/2004,TYR,TX,ASW,CE,Federal Contract Tower,0,17,25,0,42,0,0,4,0,4,0,17,29,0,46,0,0,0,46
02/01/2004,TYR,TX,ASW,CE,Federal Contract Tower,0,14,20,0,34,0,0,24,0,24,0,14,44,0,58,36,0,36,94
02/02/2004,TYR,TX,ASW,CE,Federal Contract Tower,0,23,19,0,42,0,1,28,2,31,0,24,47,2,73,48,0,48,121
02/03/2004,TYR,TX,ASW,CE,Federal Contract Tower,0,24,15,0,39,0,1,65,0,66,0,25,80,0,105,94,0,94,199
02/04/2004,TYR,TX,ASW,CE,Federal Contract Tower,0,24,14,0,38,0,0,1,0,1,0,24,15,0,39,0,0,0,39
02/05/2004,TYR,TX,ASW,CE,Federal Contract Tower,0,26,23,0,49,0,0,7,0,7,0,26,30,0,56,0,0,0,56
02/06/2004,TYR,TX,ASW,CE,Federal Contract Tower,0,23,32,0,55,0,1,56,2,59,0,24,88,2,114,14,0,14,128
02/07/2004,TYR,TX,ASW,CE,Federal Contract Tower,0,14,17,0,31,0,2,67,0,69,0,16,84,0,100,32,0,32,132
02/08/2004,TYR,TX,ASW,CE,Federal Contract Tower,0,14,14,4,32,0,0,43,0,43,0,14,57,4,75,32,0,32,107
02/09/2004,TYR,TX,ASW,CE,Federal Contract Tower,0,24,23,0,47,0,0,0,0,0,0,24,23,0,47,2,0,2,49
02/10/2004,TYR,TX,ASW,CE,Federal Contract Tower,0,27,39,0,66,0,0,15,0,15,0,27,54,0,81,2,0,2,83
02/11/2004,TYR,TX,ASW,CE,Federal Contract Tower,0,27,33,0,60,0,0,0,0,0,0,27,33,0,60,6,0,6,66
02/12/2004,TYR,TX,ASW,CE,Federal Contract Tower,0,25,38,0,63,0,1,27,0,28,0,26,65,0,91,32,0,32,123
02/13/2004,TYR,TX,ASW,CE,Federal Contract Tower,0,25,26,2,53,0,0,25,0,25,0,25,51,2,78,38,0,38,116
02/14/2004,TYR,TX,ASW,CE,Federal Contract Tower,0,19,6,0,25,0,0,2,0,2,0,19,8,0,27,2,0,2,29
02/15/2004,TYR,TX,ASW,CE,Federal Contract Tower,0,18,12,0,30,0,0,61,0,61,0,18,73,0,91,80,0,80,171
02/16/2004,TYR,TX,ASW,CE,Federal Contract Tower,0,21,19,0,40,0,0,44,0,44,0,21,63,0,84,54,0,54,138
02/17/2004,TYR,TX,ASW,CE,Federal Contract Tower,0,29,19,0,48,0,1,70,0,71,0,30,89,0,119,114,0,114,233
02/18/2004,TYR,TX,ASW,CE,Federal Contract Tower,0,26,29,0,55,0,0,75,0,75,0,26,104,0,130,120,0,120,250
02/19/2004,TYR,TX,ASW,CE,Federal Contract Tower,0,37,24,0,61,0,0,39,0,39,0,37,63,0,100,137,0,137,237
02/20/2004,TYR,TX,ASW,CE,Federal Contract Tower,0,26,34,0,60,0,0,66,0,66,0,26,100,0,126,18,0,18,144
02/21/2004,TYR,TX,ASW,CE,Federal Contract Tower,0,15,27,0,42,0,0,72,0,72,0,15,99,0,114,30,0,30,144
02/22/2004,TYR,TX,ASW,CE,Federal Contract Tower,0,15,23,0,38,0,0,49,0,49,0,15,72,0,87,40,0,40,127
02/23/2004,TYR,TX,ASW,CE,Federal Contract Tower,0,28,31,0,59,0,0,4,2,6,0,28,35,2,65,12,0,12,77
02/24/2004,TYR,TX,ASW,CE,Federal Contract Tower,0,27,15,0,42,0,0,0,0,0,0,27,15,0,42,2,0,2,44
02/25/2004,TYR,TX,ASW,CE,Federal Contract Tower,0,25,33,0,58,0,0,1,0,1,0,25,34,0,59,2,0,2,61
02/26/2004,TYR,TX,ASW,CE,Federal Contract Tower,0,38,23,0,61,0,2,78,0,80,0,40,101,0,141,118,0,118,259
02/27/2004,TYR,TX,ASW,CE,Federal Contract Tower,0,35,32,0,67,0,0,87,0,87,0,35,119,0,154,124,0,124,278
02/28/2004,TYR,TX,ASW,CE,Federal Contract Tower,0,14,28,0,42,0,0,43,0,43,0,14,71,0,85,4,0,4,89
02/29/2004,TYR,TX,ASW,CE,Federal Contract Tower,0,12,30,0,42,0,0,5,0,5,0,12,35,0,47,18,0,18,65
03/01/2004,TYR,TX,ASW,CE,Federal Contract Tower,0,34,18,0,52,0,0,67,0,67,0,34,85,0,119,54,0,54,173
03/02/2004,TYR,TX,ASW,CE,Federal Contract Tower,0,62,23,0,85,0,0,50,0,50,0,62,73,0,135,62,0,62,197
03/03/2004,TYR,TX,ASW,CE,Federal Contract Tower,0,27,38,0,65,0,1,13,0,14,0,28,51,0,79,10,0,10,89
03/04/2004,TYR,TX,ASW,CE,Federal Contract Tower,0,30,17,0,47,0,1,14,0,15,0,31,31,0,62,16,0,16,78
03/05/2004,TYR,TX,ASW,CE,Federal Contract Tower,0,56,36,0,92,0,0,71,0,71,0,56,107,0,163,88,0,88,251
03/06/2004,TYR,TX,ASW,CE,Federal Contract Tower,0,25,30,0,55,0,2,92,0,94,0,27,122,0,149,50,0,50,199
03/07/2004,TYR,TX,ASW,CE,Federal Contract Tower,0,30,20,0,50,0,0,57,3,60,0,30,77,3,110,42,2,44,154
03/08/2004,TYR,TX,ASW,CE,Federal Contract Tower,0,34,21,0,55,0,0,65,4,69,0,34,86,4,124,86,0,86,210
03/09/2004,TYR,TX,ASW,CE,Federal Contract Tower,0,24,33,0,57,0,3,60,0,63,0,27,93,0,120,108,0,108,228
03/10/2004,TYR,TX,ASW,CE,Federal Contract Tower,0,34,26,0,60,0,1,85,4,90,0,35,111,4,150,88,2,90,240
03/11/2004,TYR,TX,ASW,CE,Federal Contract Tower,0,27,23,6,56,0,5,72,0,77,0,32,95,6,133,86,6,92,225
03/12/2004,TYR,TX,ASW,CE,Federal Contract Tower,0,27,23,0,50,0,0,63,0,63,0,27,86,0,113,56,0,56,169
03/13/2004,TYR,TX,ASW,CE,Federal Contract Tower,0,31,6,0,37,0,5,42,0,47,0,36,48,0,84,90,0,90,174
03/14/2004,TYR,TX,ASW,CE,Federal Contract Tower,0,17,20,0,37,0,0,8,0,8,0,17,28,0,45,0,0,0,45
03/15/2004,TYR,TX,ASW,CE,Federal Contract Tower,0,25,25,0,50,0,0,52,0,52,0,25,77,0,102,50,0,50,152
03/16/2004,TYR,TX,ASW,CE,Federal Contract Tower,0,29,21,1,51,0,3,105,1,109,0,32,126,2,160,134,0,134,294
03/17/2004,TYR,TX,ASW,CE,Federal Contract Tower,0,29,54,0,83,0,2,73,0,75,0,31,127,0,158,120,0,120,278
03/18/2004,TYR,TX,ASW,CE,Federal Contract Tower,0,25,44,0,69,0,0,73,2,75,0,25,117,2,144,100,0,100,244
03/19/2004,TYR,TX,ASW,CE,Federal Contract Tower,0,25,29,0,54,0,0,55,1,56,0,25,84,1,110,140,0,140,250
03/20/2004,TYR,TX,ASW,CE,Federal Contract Tower,0,14,22,0,36,0,0,71,0,71,0,14,93,0,107,134,0,134,241
03/21/2004,TYR,TX,ASW,CE,Federal Contract Tower,0,16,11,0,27,0,0,66,0,66,0,16,77,0,93,72,0,72,165
03/22/2004,TYR,TX,ASW,CE,Federal Contract Tower,0,26,22,0,48,0,0,72,0,72,0,26,94,0,120,146,0,146,266
03/23/2004,TYR,TX,ASW,CE,Federal Contract Tower,0,27,23,0,50,0,2,90,0,92,0,29,113,0,142,62,0,62,204
03/24/2004,TYR,TX,ASW,CE,Federal Contract Tower,0,31,22,0,53,0,0,35,0,35,0,31,57,0,88,72,0,72,160
03/25/2004,TYR,TX,ASW,CE,Federal Contract Tower,0,33,42,0,75,0,2,57,0,59,0,35,99,0,134,114,0,114,248
03/26/2004,TYR,TX,ASW,CE,Federal Contract Tower,0,27,45,8,80,0,3,61,0,64,0,30,106,8,144,52,0,52,196
03/27/2004,TYR,TX,ASW,CE,Federal Contract Tower,0,15,28,0,43,0,0,58,0,58,0,15,86,0,101,64,0,64,165
03/28/2004,TYR,TX,ASW,CE,Federal Contract Tower,0,17,19,1,37,1,0,26,0,27,1,17,45,1,64,26,0,26,90
03/29/2004,TYR,TX,ASW,CE,Federal Contract Tower,0,24,19,0,43,0,0,123,0,123,0,24,142,0,166,254,0,254,420
03/30/2004,TYR,TX,ASW,CE,Federal Contract Tower,0,31,26,0,57,0,1,104,0,105,0,32,130,0,162,138,0,138,300
03/31/2004,TYR,TX,ASW,CE,Federal Contract Tower,0,30,20,0,50,0,0,100,0,100,0,30,120,0,150,0,0,0,150
04/01/2004,TYR,TX,ASW,CE,Federal Contract Tower,0,26,29,0,55,0,0,72,0,72,0,26,101,0,127,92,0,92,219
04/02/2004,TYR,TX,ASW,CE,Federal Contract Tower,0,27,30,0,57,0,1,69,0,70,0,28,99,0,127,76,0,76,203
04/03/2004,TYR,TX,ASW,CE,Federal Contract Tower,0,16,26,1,43,0,0,61,3,64,0,16,87,4,107,60,0,60,167
04/04/2004,TYR,TX,ASW,CE,Federal Contract Tower,0,17,22,0,39,0,2,59,2,63,0,19,81,2,102,64,0,64,166
04/05/2004,TYR,TX,ASW,CE,Federal Contract Tower,0,24,25,2,51,0,1,66,0,67,0,25,91,2,118,168,2,170,288
04/06/2004,TYR,TX,ASW,CE,Federal Contract Tower,0,29,27,0,56,0,4,44,0,48,0,33,71,0,104,124,0,124,228
04/07/2004,TYR,TX,ASW,CE,Federal Contract Tower,0,34,28,2,64,0,1,48,0,49,0,35,76,2,113,102,0,102,215
04/08/2004,TYR,TX,ASW,CE,Federal Contract Tower,0,29,32,0,61,0,2,107,0,109,0,31,139,0,170,198,0,198,368
04/09/2004,TYR,TX,ASW,CE,Federal Contract Tower,0,33,39,0,72,0,1,74,0,75,0,34,113,0,147,178,0,178,325
04/10/2004,TYR,TX,ASW,CE,Federal Contract Tower,0,23,17,0,40,0,1,37,0,38,0,24,54,0,78,102,0,102,180
04/11/2004,TYR,TX,ASW,CE,Federal Contract Tower,0,14,14,0,28,0,0,2,0,2,0,14,16,0,30,2,0,2,32
04/12/2004,TYR,TX,ASW,CE,Federal Contract Tower,0,25,35,0,60,0,1,33,0,34,0,26,68,0,94,48,0,48,142
04/13/2004,TYR,TX,ASW,CE,Federal Contract Tower,0,31,31,0,62,0,0,87,0,87,0,31,118,0,149,124,0,124,273
04/14/2004,TYR,TX,ASW,CE,Federal Contract Tower,0,30,20,0,50,0,5,98,0,103,0,35,118,0,153,119,0,119,272
04/15/2004,TYR,TX,ASW,CE,Federal Contract Tower,0,22,19,2,43,0,1,88,0,89,0,23,107,2,132,48,8,56,188
04/16/2004,TYR,TX,ASW,CE,Federal Contract Tower,0,24,21,0,45,0,0,74,1,75,0,24,95,1,120,50,0,50,170
04/17/2004,TYR,TX,ASW,CE,Federal Contract Tower,0,14,36,8,58,0,0,42,1,43,0,14,78,9,101,36,14,50,151
04/18/2004,TYR,TX,ASW,CE,Federal Contract Tower,0,16,19,0,35,0,1,21,0,22,0,17,40,0,57,8,0,8,65
04/19/2004,TYR,TX,ASW,CE,Federal Contract Tower,0,26,12,0,38,0,0,38,0,38,0,26,50,0,76,88,0,88,164
04/20/2004,TYR,TX,ASW,CE,Federal Contract Tower,0,28,38,0,66,0,0,30,0,30,0,28,68,0,96,60,0,60,156
04/21/2004,TYR,TX,ASW,CE,Federal Contract Tower,0,26,25,4,55,0,1,21,0,22,0,27,46,4,77,2,0,2,79
04/22/2004,TYR,TX,ASW,CE,Federal Contract Tower,0,27,26,0,53,0,1,41,5,47,0,28,67,5,100,8,4,12,112
04/23/2004,TYR,TX,ASW,CE,Federal Contract Tower,0,27,31,0,58,0,0,59,0,59,0,27,90,0,117,78,0,78,195
04/24/2004,TYR,TX,ASW,CE,Federal Contract Tower,0,18,15,0,33,0,0,10,0,10,0,18,25,0,43,10,0,10,53
04/25/2004,TYR,TX,ASW,CE,Federal Contract Tower,0,17,14,0,31,0,0,44,0,44,0,17,58,0,75,34,0,34,109
04/26/2004,TYR,TX,ASW,CE,Federal Contract Tower,0,24,18,0,42,0,5,60,0,65,0,29,78,0,107,50,0,50,157
04/27/2004,TYR,TX,ASW,CE,Federal Contract Tower,0,29,37,0,66,0,2,92,0,94,0,31,129,0,160,172,0,172,332
04/28/2004,TYR,TX,ASW,CE,Federal Contract Tower,0,31,36,0,67,0,1,106,0,107,0,32,142,0,174,156,0,156,330
04/29/2004,TYR,TX,ASW,CE,Federal Contract Tower,0,25,34,0,59,0,1,19,0,20,0,26,53,0,79,4,0,4,83
04/30/2004,TYR,TX,ASW,CE,Federal Contract Tower,0,32,25,10,67,0,0,49,2,51,0,32,74,12,118,62,8,70,188
05/01/2004,TYR,TX,ASW,CE,Federal Contract Tower,0,19,14,0,33,0,0,0,0,0,0,19,14,0,33,0,0,0,33
05/02/2004,TYR,TX,ASW,CE,Federal Contract Tower,0,21,12,0,33,0,1,104,0,105,0,22,116,0,138,80,0,80,218
05/03/2004,TYR,TX,ASW,CE,Federal Contract Tower,0,30,24,0,54,0,1,78,2,81,0,31,102,2,135,146,0,146,281
05/04/2004,TYR,TX,ASW,CE,Federal Contract Tower,0,30,36,0,66,0,0,50,0,50,0,30,86,0,116,90,0,90,206
05/05/2004,TYR,TX,ASW,CE,Federal Contract Tower,0,31,30,0,61,0,3,77,0,80,0,34,107,0,141,102,0,102,243
05/06/2004,TYR,TX,ASW,CE,Federal Contract Tower,0,29,28,0,57,0,4,89,2,95,0,33,117,2,152,104,0,104,256
05/07/2004,TYR,TX,ASW,CE,Federal Contract Tower,0,29,52,0,81,0,0,83,10,93,0,29,135,10,174,96,0,96,270
05/08/2004,TYR,TX,ASW,CE,Federal Contract Tower,0,18,23,0,41,0,0,55,0,55,0,18,78,0,96,36,0,36,132
05/09/2004,TYR,TX,ASW,CE,Federal Contract Tower,0,20,16,2,38,0,0,52,0,52,0,20,68,2,90,54,4,58,148
05/10/2004,TYR,TX,ASW,CE,Federal Contract Tower,0,27,26,0,53,0,0,31,0,31,0,27,57,0,84,58,0,58,142
05/11/2004,TYR,TX,ASW,CE,Federal Contract Tower,0,40,64,0,104,0,0,32,0,32,0,40,96,0,136,52,0,52,188
05/12/2004,TYR,TX,ASW,CE,Federal Contract Tower,0,30,41,0,71,0,0,34,0,34,0,30,75,0,105,68,0,68,173
05/13/2004,TYR,TX,ASW,CE,Federal Contract Tower,0,23,31,0,54,0,1,15,0,16,0,24,46,0,70,10,0,10,80
05/14/2004,TYR,TX,ASW,CE,Federal Contract Tower,0,32,35,4,71,0,0,31,0,31,0,32,66,4,102,30,0,30,132
05/15/2004,TYR,TX,ASW,CE,Federal Contract Tower,0,26,40,0,66,0,0,58,0,58,0,26,98,0,124,106,0,106,230
05/16/2004,TYR,TX,ASW,CE,Federal Contract Tower,0,22,10,0,32,0,0,58,0,58,0,22,68,0,90,116,0,116,206
05/17/2004,TYR,TX,ASW,CE,Federal Contract Tower,0,26,32,2,60,0,0,35,0,35,0,26,67,2,95,106,0,106,201
05/18/2004,TYR,TX,ASW,CE,Federal Contract Tower,0,37,58,0,95,0,3,82,0,85,0,40,140,0,180,152,0,152,332
05/19/2004,TYR,TX,ASW,CE,Federal Contract Tower,0,32,31,0,63,0,0,73,2,75,0,32,104,2,138,138,0,138,276
05/20/2004,TYR,TX,ASW,CE,Federal Contract Tower,0,29,38,0,67,0,9,49,1,59,0,38,87,1,126,68,2,70,196
05/21/2004,TYR,TX,ASW,CE,Federal Contract Tower,0,24,22,0,46,0,5,73,0,78,0,29,95,0,124,106,0,106,230
05/22/2004,TYR,TX,ASW,CE,Federal Contract Tower,0,17,21,0,38,0,7,75,0,82,0,24,96,0,120,18,0,18,138
05/23/2004,TYR,TX,ASW,CE,Federal Contract Tower,0,17,26,0,43,0,0,35,0,35,0,17,61,0,78,30,0,30,108
05/24/2004,TYR,TX,ASW,CE,Federal Contract Tower,0,28,26,0,54,0,0,59,0,59,0,28,85,0,113,50,0,50,163
05/25/2004,TYR,TX,ASW,CE,Federal Contract Tower,0,31,35,0,66,0,1,56,3,60,0,32,91,3,126,104,4,108,234
05/26/2004,TYR,TX,ASW,CE,Federal Contract Tower,0,34,46,0,80,0,0,65,0,65,0,34,111,0,145,69,0,69,214
05/27/2004,TYR,TX,ASW,CE,Federal Contract Tower,6,29,48,0,83,0,0,65,0,65,6,29,113,0,148,30,0,30,178
05/28/2004,TYR,TX,ASW,CE,Federal Contract Tower,0,29,44,0,73,0,1,108,0,109,0,30,152,0,182,60,0,60,242
05/29/2004,TYR,TX,ASW,CE,Federal Contract Tower,0,23,24,0,47,0,0,47,0,47,0,23,71,0,94,22,0,22,116
05/30/2004,TYR,TX,ASW,CE,Federal Contract Tower,0,18,23,0,41,0,0,29,0,29,0,18,52,0,70,14,0,14,84
05/31/2004,TYR,TX,ASW,CE,Federal Contract Tower,0,28,9,0,37,0,0,46,0,46,0,28,55,0,83,58,0,58,141
06/01/2004,TYR,TX,ASW,CE,Federal Contract Tower,0,33,37,0,70,0,0,62,0,62,0,33,99,0,132,80,0,80,212
06/02/2004,TYR,TX,ASW,CE,Federal Contract Tower,0,23,26,0,49,0,2,72,0,74,0,25,98,0,123,50,0,50,173
06/03/2004,TYR,TX,ASW,CE,Federal Contract Tower,0,31,36,0,67,0,12,21,0,33,0,43,57,0,100,60,0,60,160
06/04/2004,TYR,TX,ASW,CE,Federal Contract Tower,0,20,24,0,44,0,6,59,0,65,0,26,83,0,109,24,0,24,133
06/05/2004,TYR,TX,ASW,CE,Federal Contract Tower,0,20,23,0,43,0,11,26,0,37,0,31,49,0,80,26,0,26,106
06/06/2004,TYR,TX,ASW,CE,Federal Contract Tower,0,14,18,0,32,0,7,40,0,47,0,21,58,0,79,42,0,42,121
06/07/2004,TYR,TX,ASW,CE,Federal Contract Tower,0,22,26,0,48,0,4,13,0,17,0,26,39,0,65,70,0,70,135
06/08/2004,TYR,TX,ASW,CE,Federal Contract Tower,0,19,22,0,41,0,3,1,0,4,0,22,23,0,45,0,0,0,45
06/09/2004,TYR,TX,ASW,CE,Federal Contract Tower,0,33,36,0,69,0,2,34,0,36,0,35,70,0,105,62,0,62,167
06/10/2004,TYR,TX,ASW,CE,Federal Contract Tower,0,25,32,0,57,0,0,44,2,46,0,25,76,2,103,10,0,10,113
06/11/2004,TYR,TX,ASW,CE,Federal Contract Tower,0,27,38,0,65,0,0,74,9,83,0,27,112,9,148,52,0,52,200
06/12/2004,TYR,TX,ASW,CE,Federal Contract Tower,0,17,22,0,39,0,0,59,0,59,0,17,81,0,98,70,0,70,168
06/13/2004,TYR,TX,ASW,CE,Federal Contract Tower,0,18,25,1,44,0,0,77,1,78,0,18,102,2,122,70,0,70,192
06/14/2004,TYR,TX,ASW,CE,Federal Contract Tower,0,25,29,1,55,0,0,53,1,54,0,25,82,2,109,50,0,50,159
06/15/2004,TYR,TX,ASW,CE,Federal Contract Tower,0,22,24,0,46,0,6,36,0,42,0,28,60,0,88,62,0,62,150
06/16/2004,TYR,TX,ASW,CE,Federal Contract Tower,0,25,27,0,52,0,6,74,0,80,0,31,101,0,132,150,0,150,282
06/17/2004,TYR,TX,ASW,CE,Federal Contract Tower,0,36,39,0,75,0,18,80,0,98,0,54,119,0,173,106,0,106,279
06/18/2004,TYR,TX,ASW,CE,Federal Contract Tower,0,20,21,1,42,0,4,62,1,67,0,24,83,2,109,34,0,34,143
06/19/2004,TYR,TX,ASW,CE,Federal Contract Tower,0,20,21,0,41,0,4,54,0,58,0,24,75,0,99,10,0,10,109
06/20/2004,TYR,TX,ASW,CE,Federal Contract Tower,0,18,22,0,40,0,0,71,0,71,0,18,93,0,111,42,0,42,153
06/21/2004,TYR,TX,ASW,CE,Federal Contract Tower,0,26,28,0,54,0,4,39,0,43,0,30,67,0,97,48,0,48,145
06/22/2004,TYR,TX,ASW,CE,Federal Contract Tower,0,19,20,0,39,0,6,24,0,30,0,25,44,0,69,20,0,20,89
06/23/2004,TYR,TX,ASW,CE,Federal Contract Tower,0,45,49,0,94,0,0,48,0,48,0,45,97,0,142,72,0,72,214
06/24/2004,TYR,TX,ASW,CE,Federal Contract Tower,0,39,47,1,87,0,0,42,1,43,0,39,89,2,130,42,20,62,192
06/25/2004,TYR,TX,ASW,CE,Federal Contract Tower,0,31,34,0,65,0,0,45,0,45,0,31,79,0,110,116,0,116,226
06/26/2004,TYR,TX,ASW,CE,Federal Contract Tower,0,20,22,0,42,0,6,15,0,21,0,26,37,0,63,24,0,24,87
06/27/2004,TYR,TX,ASW,CE,Federal Contract Tower,0,15,17,0,32,0,0,15,0,15,0,15,32,0,47,14,0,14,61
06/28/2004,TYR,TX,ASW,CE,Federal Contract Tower,0,30,33,0,63,1,0,35,2,38,1,30,68,2,101,60,0,60,161
06/29/2004,TYR,TX,ASW,CE,Federal Contract Tower,0,33,43,0,76,10,0,2,0,12,10,33,45,0,88,32,0,32,120
06/30/2004,TYR,TX,ASW,CE,Federal Contract Tower,0,23,44,0,67,0,0,23,0,23,0,23,67,0,90,6,0,6,96
07/01/2004,TYR,TX,ASW,CE,Federal Contract Tower,0,36,38,0,74,0,0,42,0,42,0,36,80,0,116,96,0,96,212
07/02/2004,TYR,TX,ASW,CE,Federal Contract Tower,0,30,30,0,60,0,0,77,0,77,0,30,107,0,137,134,0,134,271
07/03/2004,TYR,TX,ASW,CE,Federal Contract Tower,0,19,19,0,38,0,0,44,0,44,0,19,63,0,82,22,0,22,104
07/04/2004,TYR,TX,ASW,CE,Federal Contract Tower,0,10,9,0,19,0,2,47,0,49,0,12,56,0,68,40,0,40,108
07/05/2004,TYR,TX,ASW,CE,Federal Contract Tower,0,29,34,0,63,0,0,97,0,97,0,29,131,0,160,180,0,180,340
07/06/2004,TYR,TX,ASW,CE,Federal Contract Tower,0,36,39,0,75,0,0,54,0,54,0,36,93,0,129,102,0,102,231
07/07/2004,TYR,TX,ASW,CE,Federal Contract Tower,0,37,36,0,73,0,11,53,0,64,0,48,89,0,137,182,0,182,319
07/08/2004,TYR,TX,ASW,CE,Federal Contract Tower,0,38,38,0,76,0,1,77,0,78,0,39,115,0,154,238,0,238,392
07/09/2004,TYR,TX,ASW,CE,Federal Contract Tower,0,39,42,0,81,0,0,77,0,77,0,39,119,0,158,88,0,88,246
07/10/2004,TYR,TX,ASW,CE,Federal Contract Tower,0,20,21,0,41,0,3,61,0,64,0,23,82,0,105,96,0,96,201
07/11/2004,TYR,TX,ASW,CE,Federal Contract Tower,0,26,27,0,53,0,3,70,0,73,0,29,97,0,126,110,0,110,236
07/12/2004,TYR,TX,ASW,CE,Federal Contract Tower,0,33,34,1,68,0,0,95,5,100,0,33,129,6,168,130,0,130,298
07/13/2004,TYR,TX,ASW,CE,Federal Contract Tower,0,32,33,0,65,0,7,84,0,91,0,39,117,0,156,128,0,128,284
07/14/2004,TYR,TX,ASW,CE,Federal Contract Tower,0,30,31,1,62,0,0,94,1,95,0,30,125,2,157,142,0,142,299
07/15/2004,TYR,TX,ASW,CE,Federal Contract Tower,0,27,28,1,56,0,12,56,1,69,0,39,84,2,125,106,0,106,231
07/16/2004,TYR,TX,ASW,CE,Federal Contract Tower,0,24,25,0,49,0,7,82,0,89,0,31,107,0,138,136,0,136,274
07/17/2004,TYR,TX,ASW,CE,Federal Contract Tower,0,23,23,0,46,0,0,56,0,56,0,23,79,0,102,36,0,36,138
07/18/2004,TYR,TX,ASW,CE,Federal Contract Tower,0,16,17,0,33,0,2,48,0,50,0,18,65,0,83,32,0,32,115
07/19/2004,TYR,TX,ASW,CE,Federal Contract Tower,0,20,20,1,41,0,8,71,1,80,0,28,91,2,121,36,0,36,157
07/20/2004,TYR,TX,ASW,CE,Federal Contract Tower,0,28,28,1,57,0,3,75,1,79,0,31,103,2,136,112,0,112,248
07/21/2004,TYR,TX,ASW,CE,Federal Contract Tower,0,29,35,1,65,0,0,67,4,71,0,29,102,5,136,96,0,96,232
07/22/2004,TYR,TX,ASW,CE,Federal Contract Tower,0,28,31,1,60,0,0,76,5,81,0,28,107,6,141,78,8,86,227
07/23/2004,TYR,TX,ASW,CE,Federal Contract Tower,0,31,36,0,67,0,0,111,4,115,0,31,147,4,182,84,0,84,266
07/24/2004,TYR,TX,ASW,CE,Federal Contract Tower,0,26,27,0,53,0,4,70,7,81,0,30,97,7,134,44,4,48,182
07/25/2004,TYR,TX,ASW,CE,Federal Contract Tower,0,17,24,0,41,0,0,41,3,44,0,17,65,3,85,24,0,24,109
07/26/2004,TYR,TX,ASW,CE,Federal Contract Tower,0,29,33,0,62,0,0,33,0,33,0,29,66,0,95,32,0,32,127
07/27/2004,TYR,TX,ASW,CE,Federal Contract Tower,0,33,35,0,68,0,6,77,2,85,0,39,112,2,153,68,0,68,221
07/28/2004,TYR,TX,ASW,CE,Federal Contract Tower,0,29,38,0,67,0,0,54,0,54,0,29,92,0,121,48,0,48,169
07/29/2004,TYR,TX,ASW,CE,Federal Contract Tower,0,33,37,0,70,0,0,17,0,17,0,33,54,0,87,14,0,14,101
07/30/2004,TYR,TX,ASW,CE,Federal Contract Tower,0,31,32,0,63,0,4,80,0,84,0,35,112,0,147,86,0,86,233
07/31/2004,TYR,TX,ASW,CE,Federal Contract Tower,0,16,18,0,34,0,5,48,0,53,0,21,66,0,87,60,0,60,147
08/01/2004,TYR,TX,ASW,CE,Federal Contract Tower,0,19,18,0,37,0,4,51,0,55,0,23,69,0,92,38,0,38,130
08/02/2004,TYR,TX,ASW,CE,Federal Contract Tower,0,30,29,0,59,0,0,55,0,55,0,30,84,0,114,44,0,44,158
08/03/2004,TYR,TX,ASW,CE,Federal Contract Tower,0,29,27,0,56,0,9,58,1,68,0,38,85,1,124,110,2,112,236
08/04/2004,TYR,TX,ASW,CE,Federal Contract Tower,0,34,31,0,65,0,1,72,0,73,0,35,103,0,138,128,0,128,266
08/05/2004,TYR,TX,ASW,CE,Federal Contract Tower,0,33,31,0,64,0,0,92,0,92,0,33,123,0,156,98,0,98,254
08/06/2004,TYR,TX,ASW,CE,Federal Contract Tower,0,27,24,0,51,0,4,75,0,79,0,31,99,0,130,92,0,92,222
08/07/2004,TYR,TX,ASW,CE,Federal Contract Tower,0,15,14,0,29,0,1,96,0,97,0,16,110,0,126,88,0,88,214
08/08/2004,TYR,TX,ASW,CE,Federal Contract Tower,0,16,14,0,30,0,4,34,0,38,0,20,48,0,68,26,0,26,94
08/09/2004,TYR,TX,ASW,CE,Federal Contract Tower,0,30,27,1,58,0,4,76,1,81,0,34,103,2,139,138,0,138,277
08/10/2004,TYR,TX,ASW,CE,Federal Contract Tower,0,39,36,1,76,0,0,55,13,68,0,39,91,14,144,166,38,204,348
08/11/2004,TYR,TX,ASW,CE,Federal Contract Tower,0,32,29,1,62,0,0,37,3,40,0,32,66,4,102,110,0,110,212
08/12/2004,TYR,TX,ASW,CE,Federal Contract Tower,0,31,27,1,59,0,3,108,3,114,0,34,135,4,173,74,0,74,247
08/13/2004,TYR,TX,ASW,CE,Federal Contract Tower,0,31,29,1,61,0,0,108,0,108,0,31,137,1,169,90,0,90,259
08/14/2004,TYR,TX,ASW,CE,Federal Contract Tower,0,22,21,0,43,0,0,102,0,102,0,22,123,0,145,98,0,98,243
08/15/2004,TYR,TX,ASW,CE,Federal Contract Tower,0,16,15,0,31,0,1,89,0,90,0,17,104,0,121,88,0,88,209
08/16/2004,TYR,TX,ASW,CE,Federal Contract Tower,0,24,21,0,45,0,3,56,0,59,0,27,77,0,104,52,0,52,156
08/17/2004,TYR,TX,ASW,CE,Federal Contract Tower,0,28,25,0,53,0,6,85,0,91,0,34,110,0,144,88,0,88,232
08/18/2004,TYR,TX,ASW,CE,Federal Contract Tower,0,39,36,0,75,0,0,94,4,98,0,39,130,4,173,104,4,108,281
08/19/2004,TYR,TX,ASW,CE,Federal Contract Tower,0,30,26,0,56,0,1,18,0,19,0,31,44,0,75,26,0,26,101
08/20/2004,TYR,TX,ASW,CE,Federal Contract Tower,0,36,32,0,68,0,4,87,1,92,0,40,119,1,160,130,0,130,290
08/21/2004,TYR,TX,ASW,CE,Federal Contract Tower,0,16,21,0,37,0,0,33,8,41,0,16,54,8,78,44,0,44,122
08/22/2004,TYR,TX,ASW,CE,Federal Contract Tower,0,17,19,0,36,0,0,19,0,19,0,17,38,0,55,8,0,8,63
08/23/2004,TYR,TX,ASW,CE,Federal Contract Tower,0,25,21,0,46,0,2,31,0,33,0,27,52,0,79,52,0,52,131
08/24/2004,TYR,TX,ASW,CE,Federal Contract Tower,0,30,27,0,57,0,0,54,2,56,0,30,81,2,113,62,0,62,175
08/25/2004,TYR,TX,ASW,CE,Federal Contract Tower,0,34,30,0,64,0,0,96,0,96,0,34,126,0,160,122,0,122,282
08/26/2004,TYR,TX,ASW,CE,Federal Contract Tower,0,35,32,0,67,0,0,69,0,69,0,35,101,0,136,138,0,138,274
08/27/2004,TYR,TX,ASW,CE,Federal Contract Tower,0,36,32,0,68,0,2,67,2,71,0,38,99,2,139,70,0,70,209
08/28/2004,TYR,TX,ASW,CE,Federal Contract Tower,0,24,21,0,45,0,0,32,0,32,0,24,53,0,77,32,0,32,109
08/29/2004,TYR,TX,ASW,CE,Federal Contract Tower,0,18,17,0,35,0,0,70,0,70,0,18,87,0,105,40,0,40,145
08/30/2004,TYR,TX,ASW,CE,Federal Contract Tower,0,27,23,0,50,0,0,49,4,53,0,27,72,4,103,30,8,38,141
08/31/2004,TYR,TX,ASW,CE,Federal Contract Tower,0,29,26,0,55,0,5,87,3,95,0,34,113,3,150,72,2,74,224
09/01/2004,TYR,TX,ASW,CE,Federal Contract Tower,0,35,29,1,65,0,0,91,1,92,0,35,120,2,157,126,0,126,283
09/02/2004,TYR,TX,ASW,CE,Federal Contract Tower,0,35,29,0,64,0,2,92,0,94,0,37,121,0,158,112,0,112,270
09/03/2004,TYR,TX,ASW,CE,Federal Contract Tower,0,40,34,0,74,0,7,86,0,93,0,47,120,0,167,92,0,92,259
09/04/2004,TYR,TX,ASW,CE,Federal Contract Tower,0,22,19,1,42,0,5,69,5,79,0,27,88,6,121,68,0,68,189
09/05/2004,TYR,TX,ASW,CE,Federal Contract Tower,0,11,10,0,21,0,3,32,0,35,0,14,42,0,56,60,0,60,116
09/06/2004,TYR,TX,ASW,CE,Federal Contract Tower,0,17,15,0,32,0,1,29,0,30,0,18,44,0,62,14,0,14,76
09/07/2004,TYR,TX,ASW,CE,Federal Contract Tower,0,23,19,0,42,0,12,83,0,95,0,35,102,0,137,72,0,72,209
09/08/2004,TYR,TX,ASW,CE,Federal Contract Tower,0,30,26,0,56,0,3,69,0,72,0,33,95,0,128,64,0,64,192
09/09/2004,TYR,TX,ASW,CE,Federal Contract Tower,0,33,29,0,62,0,3,90,0,93,0,36,119,0,155,84,0,84,239
09/10/2004,TYR,TX,ASW,CE,Federal Contract Tower,0,33,29,0,62,0,1,89,0,90,0,34,118,0,152,104,0,104,256
09/11/2004,TYR,TX,ASW,CE,Federal Contract Tower,0,26,22,0,48,0,0,96,0,96,0,26,118,0,144,80,0,80,224
09/12/2004,TYR,TX,ASW,CE,Federal Contract Tower,0,17,19,1,37,0,0,71,0,71,0,17,90,1,108,56,2,58,166
09/13/2004,TYR,TX,ASW,CE,Federal Contract Tower,0,28,24,0,52,0,3,58,0,61,0,31,82,0,113,50,0,50,163
09/14/2004,TYR,TX,ASW,CE,Federal Contract Tower,0,33,27,0,60,0,1,61,2,64,0,34,88,2,124,94,0,94,218
09/15/2004,TYR,TX,ASW,CE,Federal Contract Tower,0,34,30,0,64,0,0,74,7,81,0,34,104,7,145,66,9,75,220
09/16/2004,TYR,TX,ASW,CE,Federal Contract Tower,0,29,24,0,53,0,2,68,0,70,0,31,92,0,123,88,0,88,211
09/17/2004,TYR,TX,ASW,CE,Federal Contract Tower,0,33,27,0,60,0,6,96,0,102,0,39,123,0,162,120,0,120,282
09/18/2004,TYR,TX,ASW,CE,Federal Contract Tower,0,19,18,0,37,0,0,83,0,83,0,19,101,0,120,52,0,52,172
09/19/2004,TYR,TX,ASW,CE,Federal Contract Tower,0,17,13,0,30,0,1,72,5,78,0,18,85,5,108,78,10,88,196
09/20/2004,TYR,TX,ASW,CE,Federal Contract Tower,0,26,21,0,47,0,5,42,0,47,0,31,63,0,94,28,0,28,122
09/21/2004,TYR,TX,ASW,CE,Federal Contract Tower,0,33,28,0,61,0,2,56,0,58,0,35,84,0,119,74,0,74,193
09/22/2004,TYR,TX,ASW,CE,Federal Contract Tower,0,32,27,0,59,0,1,68,4,73,0,33,95,4,132,92,0,92,224
09/23/2004,TYR,TX,ASW,CE,Federal Contract Tower,0,37,35,0,72,0,0,78,0,78,0,37,113,0,150,72,0,72,222
09/24/2004,TYR,TX,ASW,CE,Federal Contract Tower,0,31,33,0,64,0,0,33,6,39,0,31,66,6,103,6,0,6,109
09/25/2004,TYR,TX,ASW,CE,Federal Contract Tower,0,27,23,0,50,0,0,39,0,39,0,27,62,0,89,70,0,70,159
09/26/2004,TYR,TX,ASW,CE,Federal Contract Tower,0,17,16,0,33,0,0,54,1,55,0,17,70,1,88,38,0,38,126
09/27/2004,TYR,TX,ASW,CE,Federal Contract Tower,0,26,23,0,49,0,0,77,0,77,0,26,100,0,126,40,0,40,166
09/28/2004,TYR,TX,ASW,CE,Federal Contract Tower,0,31,26,0,57,0,2,67,0,69,0,33,93,0,126,54,0,54,180
09/29/2004,TYR,TX,ASW,CE,Federal Contract Tower,0,32,27,0,59,0,3,76,0,79,0,35,103,0,138,98,0,98,236
09/30/2004,TYR,TX,ASW,CE,Federal Contract Tower,0,28,23,0,51,0,3,70,0,73,0,31,93,0,124,34,0,34,158
10/01/2004,TYR,TX,ASW,CE,Federal Contract Tower,0,36,36,0,72,0,0,74,0,74,0,36,110,0,146,116,0,116,262
10/02/2004,TYR,TX,ASW,CE,Federal Contract Tower,0,22,19,0,41,0,3,57,0,60,0,25,76,0,101,76,0,76,177
10/03/2004,TYR,TX,ASW,CE,Federal Contract Tower,0,20,26,0,46,0,0,47,0,47,0,20,73,0,93,110,0,110,203
10/04/2004,TYR,TX,ASW,CE,Federal Contract Tower,0,28,28,0,56,0,0,72,3,75,0,28,100,3,131,112,2,114,245
10/05/2004,TYR,TX,ASW,CE,Federal Contract Tower,0,30,24,0,54,0,0,83,0,83,0,30,107,0,137,78,0,78,215
10/06/2004,TYR,TX,ASW,CE,Federal Contract Tower,0,30,23,0,53,0,0,45,1,46,0,30,68,1,99,30,0,30,129
10/07/2004,TYR,TX,ASW,CE,Federal Contract Tower,0,32,22,0,54,0,0,26,0,26,0,32,48,0,80,32,0,32,112
10/08/2004,TYR,TX,ASW,CE,Federal Contract Tower,0,33,69,0,102,0,0,12,0,12,0,33,81,0,114,34,0,34,148
10/09/2004,TYR,TX,ASW,CE,Federal Contract Tower,0,21,25,0,46,0,0,0,0,0,0,21,25,0,46,0,0,0,46
10/10/2004,TYR,TX,ASW,CE,Federal Contract Tower,0,20,28,0,48,0,0,0,0,0,0,20,28,0,48,6,0,6,54
10/11/2004,TYR,TX,ASW,CE,Federal Contract Tower,0,25,44,0,69,0,1,37,0,38,0,26,81,0,107,14,0,14,121
10/12/2004,TYR,TX,ASW,CE,Federal Contract Tower,0,28,23,0,51,0,1,70,0,71,0,29,93,0,122,36,0,36,158
10/13/2004,TYR,TX,ASW,CE,Federal Contract Tower,0,30,35,0,65,0,0,85,0,85,0,30,120,0,150,78,0,78,228
10/14/2004,TYR,TX,ASW,CE,Federal Contract Tower,0,28,20,0,48,0,4,37,0,41,0,32,57,0,89,34,0,34,123
10/15/2004,TYR,TX,ASW,CE,Federal Contract Tower,0,37,37,0,74,0,0,98,0,98,0,37,135,0,172,76,0,76,248
10/16/2004,TYR,TX,ASW,CE,Federal Contract Tower,0,29,11,0,40,0,0,89,6,95,0,29,100,6,135,58,0,58,193
10/17/2004,TYR,TX,ASW,CE,Federal Contract Tower,0,19,22,0,41,0,0,39,0,39,0,19,61,0,80,20,0,20,100
10/18/2004,TYR,TX,ASW,CE,Federal Contract Tower,0,27,31,0,58,0,1,67,0,68,0,28,98,0,126,62,0,62,188
10/19/2004,TYR,TX,ASW,CE,Federal Contract Tower,0,35,11,2,48,0,7,61,1,69,0,42,72,3,117,52,2,54,171
10/20/2004,TYR,TX,ASW,CE,Federal Contract Tower,0,30,35,1,66,0,0,34,0,34,0,30,69,1,100,40,0,40,140
10/21/2004,TYR,TX,ASW,CE,Federal Contract Tower,0,30,26,0,56,0,0,46,0,46,0,30,72,0,102,60,0,60,162
10/22/2004,TYR,TX,ASW,CE,Federal Contract Tower,0,33,37,4,74,0,0,48,0,48,0,33,85,4,122,20,0,20,142
10/23/2004,TYR,TX,ASW,CE,Federal Contract Tower,0,21,21,0,42,0,0,39,0,39,0,21,60,0,81,30,0,30,111
10/24/2004,TYR,TX,ASW,CE,Federal Contract Tower,0,20,21,1,42,0,0,29,1,30,0,20,50,2,72,10,2,12,84
10/25/2004,TYR,TX,ASW,CE,Federal Contract Tower,0,22,27,0,49,0,3,24,0,27,0,25,51,0,76,34,0,34,110
10/26/2004,TYR,TX,ASW,CE,Federal Contract Tower,0,37,21,0,58,0,6,66,0,72,0,43,87,0,130,164,0,164,294
10/27/2004,TYR,TX,ASW,CE,Federal Contract Tower,0,36,26,0,62,0,0,62,0,62,0,36,88,0,124,116,0,116,240
10/28/2004,TYR,TX,ASW,CE,Federal Contract Tower,0,34,24,2,60,0,1,35,0,36,0,35,59,2,96,50,0,50,146
10/29/2004,TYR,TX,ASW,CE,Federal Contract Tower,0,37,46,0,83,0,0,42,1,43,0,37,88,1,126,82,0,82,208
10/30/2004,TYR,TX,ASW,CE,Federal Contract Tower,0,23,10,0,33,0,0,63,0,63,0,23,73,0,96,46,0,46,142
10/31/2004,TYR,TX,ASW,CE,Federal Contract Tower,0,20,17,0,37,0,0,23,0,23,0,20,40,0,60,28,0,28,88
11/01/2004,TYR,TX,ASW,CE,Federal Contract Tower,0,24,29,0,53,0,0,12,0,12,0,24,41,0,65,18,0,18,83
11/02/2004,TYR,TX,ASW,CE,Federal Contract Tower,0,31,20,0,51,0,0,8,0,8,0,31,28,0,59,0,0,0,59
11/03/2004,TYR,TX,ASW,CE,Federal Contract Tower,0,32,33,0,65,0,0,20,0,20,0,32,53,0,85,44,0,44,129
11/04/2004,TYR,TX,ASW,CE,Federal Contract Tower,0,28,28,0,56,0,0,72,3,75,0,28,100,3,131,112,2,114,245
11/05/2004,TYR,TX,ASW,CE,Federal Contract Tower,0,27,29,0,56,0,0,82,0,82,0,27,111,0,138,74,0,74,212
11/06/2004,TYR,TX,ASW,CE,Federal Contract Tower,0,24,17,0,41,0,0,94,0,94,0,24,111,0,135,58,0,58,193
11/07/2004,TYR,TX,ASW,CE,Federal Contract Tower,0,20,22,0,42,0,0,45,0,45,0,20,67,0,87,64,0,64,151
11/08/2004,TYR,TX,ASW,CE,Federal Contract Tower,0,27,26,1,54,0,1,60,2,63,0,28,86,3,117,144,12,156,273
11/09/2004,TYR,TX,ASW,CE,Federal Contract Tower,0,31,18,0,49,0,7,95,1,103,0,38,113,1,152,184,2,186,338
11/10/2004,TYR,TX,ASW,CE,Federal Contract Tower,0,30,34,0,64,0,5,58,0,63,0,35,92,0,127,90,0,90,217
11/11/2004,TYR,TX,ASW,CE,Federal Contract Tower,0,28,36,0,64,0,4,22,0,26,0,32,58,0,90,34,0,34,124
11/12/2004,TYR,TX,ASW,CE,Federal Contract Tower,0,33,46,0,79,0,8,55,0,63,0,41,101,0,142,100,0,100,242
11/13/2004,TYR,TX,ASW,CE,Federal Contract Tower,0,31,56,0,87,0,4,26,0,30,0,35,82,0,117,64,0,64,181
11/14/2004,TYR,TX,ASW,CE,Federal Contract Tower,0,20,35,0,55,0,0,5,0,5,0,20,40,0,60,22,0,22,82
11/15/2004,TYR,TX,ASW,CE,Federal Contract Tower,0,26,46,2,74,0,0,11,0,11,0,26,57,2,85,28,0,28,113
11/16/2004,TYR,TX,ASW,CE,Federal Contract Tower,0,35,33,0,68,0,0,41,2,43,0,35,74,2,111,106,0,106,217
11/17/2004,TYR,TX,ASW,CE,Federal Contract Tower,0,29,22,0,51,0,0,0,0,0,0,29,22,0,51,0,0,0,51
11/18/2004,TYR,TX,ASW,CE,Federal Contract Tower,0,30,28,0,58,0,1,11,0,12,0,31,39,0,70,28,0,28,98
11/19/2004,TYR,TX,ASW,CE,Federal Contract Tower,0,26,38,0,64,0,0,72,0,72,0,26,110,0,136,72,0,72,208
11/20/2004,TYR,TX,ASW,CE,Federal Contract Tower,0,23,48,0,71,0,0,32,0,32,0,23,80,0,103,128,0,128,231
11/21/2004,TYR,TX,ASW,CE,Federal Contract Tower,0,18,28,0,46,0,0,13,0,13,0,18,41,0,59,46,0,46,105
11/22/2004,TYR,TX,ASW,CE,Federal Contract Tower,0,20,6,0,26,0,0,0,0,0,0,20,6,0,26,0,0,0,26
11/23/2004,TYR,TX,ASW,CE,Federal Contract Tower,1,26,31,0,58,0,0,0,0,0,1,26,31,0,58,0,0,0,58
11/24/2004,TYR,TX,ASW,CE,Federal Contract Tower,0,30,52,0,82,0,0,33,0,33,0,30,85,0,115,38,0,38,153
11/25/2004,TYR,TX,ASW,CE,Federal Contract Tower,0,15,8,0,23,0,0,40,0,40,0,15,48,0,63,24,0,24,87
11/26/2004,TYR,TX,ASW,CE,Federal Contract Tower,0,24,30,0,54,0,0,42,0,42,0,24,72,0,96,80,0,80,176
11/27/2004,TYR,TX,ASW,CE,Federal Contract Tower,0,27,17,0,44,0,0,47,0,47,0,27,64,0,91,22,0,22,113
11/28/2004,TYR,TX,ASW,CE,Federal Contract Tower,0,22,28,0,50,0,0,84,0,84,0,22,112,0,134,82,0,82,216
11/29/2004,TYR,TX,ASW,CE,Federal Contract Tower,0,26,29,0,55,0,0,5,0,5,0,26,34,0,60,4,0,4,64
11/30/2004,TYR,TX,ASW,CE,Federal Contract Tower,0,29,25,0,54,0,0,21,0,21,0,29,46,0,75,24,0,24,99
12/01/2004,TYR,TX,ASW,CE,Federal Contract Tower,0,29,30,4,63,0,0,81,4,85,0,29,111,8,148,164,10,174,322
12/02/2004,TYR,TX,ASW,CE,Federal Contract Tower,0,26,26,0,52,0,0,102,0,102,0,26,128,0,154,60,0,60,214
12/03/2004,TYR,TX,ASW,CE,Federal Contract Tower,0,30,33,0,63,0,1,70,0,71,0,31,103,0,134,56,0,56,190
12/04/2004,TYR,TX,ASW,CE,Federal Contract Tower,0,19,15,0,34,0,0,62,0,62,0,19,77,0,96,44,0,44,140
12/05/2004,TYR,TX,ASW,CE,Federal Contract Tower,0,21,26,0,47,0,0,2,0,2,0,21,28,0,49,4,0,4,53
12/06/2004,TYR,TX,ASW,CE,Federal Contract Tower,0,27,11,0,38,0,0,10,0,10,0,27,21,0,48,11,0,11,59
12/07/2004,TYR,TX,ASW,CE,Federal Contract Tower,2,37,23,0,62,0,0,83,0,83,2,37,106,0,145,108,0,108,253
12/08/2004,TYR,TX,ASW,CE,Federal Contract Tower,0,34,21,0,55,0,0,50,0,50,0,34,71,0,105,111,0,111,216
12/09/2004,TYR,TX,ASW,CE,Federal Contract Tower,0,34,24,0,58,0,1,79,10,90,0,35,103,10,148,100,0,100,248
12/10/2004,TYR,TX,ASW,CE,Federal Contract Tower,0,27,16,0,43,0,0,79,0,79,0,27,95,0,122,66,0,66,188
12/11/2004,TYR,TX,ASW,CE,Federal Contract Tower,0,19,19,13,51,0,0,90,1,91,0,19,109,14,142,62,30,92,234
12/12/2004,TYR,TX,ASW,CE,Federal Contract Tower,0,31,25,0,56,0,0,82,0,82,0,31,107,0,138,90,0,90,228
12/13/2004,TYR,TX,ASW,CE,Federal Contract Tower,0,28,27,0,55,0,0,72,6,78,0,28,99,6,133,54,0,54,187
12/14/2004,TYR,TX,ASW,CE,Federal Contract Tower,0,30,25,0,55,0,0,69,14,83,0,30,94,14,138,82,8,90,228
12/15/2004,TYR,TX,ASW,CE,Federal Contract Tower,0,29,27,5,61,0,0,54,1,55,0,29,81,6,116,82,4,86,202
12/16/2004,TYR,TX,ASW,CE,Federal Contract Tower,0,34,43,0,77,0,0,1,0,1,0,34,44,0,78,38,0,38,116
12/17/2004,TYR,TX,ASW,CE,Federal Contract Tower,0,30,36,0,66,0,0,40,0,40,0,30,76,0,106,74,0,74,180
12/18/2004,TYR,TX,ASW,CE,Federal Contract Tower,0,18,18,0,36,0,0,68,0,68,0,18,86,0,104,52,0,52,156
12/19/2004,TYR,TX,ASW,CE,Federal Contract Tower,0,21,12,0,33,0,0,54,0,54,0,21,66,0,87,50,0,50,137
12/20/2004,TYR,TX,ASW,CE,Federal Contract Tower,0,28,30,0,58,0,6,47,0,53,0,34,77,0,111,58,0,58,169
12/21/2004,TYR,TX,ASW,CE,Federal Contract Tower,0,24,18,0,42,0,0,50,0,50,0,24,68,0,92,70,0,70,162
12/22/2004,TYR,TX,ASW,CE,Federal Contract Tower,0,22,5,0,27,0,0,3,0,3,0,22,8,0,30,0,0,0,30
12/23/2004,TYR,TX,ASW,CE,Federal Contract Tower,0,32,28,0,60,0,0,53,0,53,0,32,81,0,113,56,0,56,169
12/24/2004,TYR,TX,ASW,CE,Federal Contract Tower,0,27,7,0,34,0,1,26,0,27,0,28,33,0,61,8,0,8,69
12/25/2004,TYR,TX,ASW,CE,Federal Contract Tower,0,16,5,0,21,0,0,11,0,11,0,16,16,0,32,22,0,22,54
12/26/2004,TYR,TX,ASW,CE,Federal Contract Tower,0,23,18,0,41,0,0,47,1,48,0,23,65,1,89,46,0,46,135
12/27/2004,TYR,TX,ASW,CE,Federal Contract Tower,0,28,16,0,44,0,1,97,0,98,0,29,113,0,142,72,0,72,214
12/28/2004,TYR,TX,ASW,CE,Federal Contract Tower,0,27,20,0,47,0,0,80,0,80,0,27,100,0,127,202,0,202,329
12/29/2004,TYR,TX,ASW,CE,Federal Contract Tower,0,28,18,0,46,0,0,21,0,21,0,28,39,0,67,60,0,60,127
12/30/2004,TYR,TX,ASW,CE,Federal Contract Tower,0,30,25,0,55,0,0,47,0,47,0,30,72,0,102,88,0,88,190
12/31/2004,TYR,TX,ASW,CE,Federal Contract Tower,0,24,24,0,48,0,0,17,0,17,0,24,41,0,65,4,0,4,69
01/01/2005,TYR,TX,ASW,CE,Federal Contract Tower,0,17,30,0,47,0,0,16,0,16,0,17,46,0,63,8,0,8,71
01/02/2005,TYR,TX,ASW,CE,Federal Contract Tower,0,17,9,0,26,0,0,6,0,6,0,17,15,0,32,0,0,0,32
01/03/2005,TYR,TX,ASW,CE,Federal Contract Tower,0,27,20,0,47,0,1,26,0,27,0,28,46,0,74,6,0,6,80
01/04/2005,TYR,TX,ASW,CE,Federal Contract Tower,0,24,23,0,47,0,0,15,0,15,0,24,38,0,62,30,0,30,92
01/05/2005,TYR,TX,ASW,CE,Federal Contract Tower,0,27,18,0,45,0,0,3,0,3,0,27,21,0,48,2,0,2,50
01/06/2005,TYR,TX,ASW,CE,Federal Contract Tower,0,29,26,0,55,0,1,32,2,35,0,30,58,2,90,64,0,64,154
01/07/2005,TYR,TX,ASW,CE,Federal Contract Tower,0,31,17,0,48,0,0,0,0,0,0,31,17,0,48,0,0,0,48
01/08/2005,TYR,TX,ASW,CE,Federal Contract Tower,0,22,21,8,51,0,0,80,0,80,0,22,101,8,131,66,6,72,203
01/09/2005,TYR,TX,ASW,CE,Federal Contract Tower,0,22,24,0,46,0,0,74,0,74,0,22,98,0,120,58,0,58,178
01/10/2005,TYR,TX,ASW,CE,Federal Contract Tower,0,30,26,0,56,0,0,47,0,47,0,30,73,0,103,36,0,36,139
01/11/2005,TYR,TX,ASW,CE,Federal Contract Tower,0,31,29,0,60,0,0,36,2,38,0,31,65,2,98,68,16,84,182
01/12/2005,TYR,TX,ASW,CE,Federal Contract Tower,0,30,15,0,45,0,0,20,0,20,0,30,35,0,65,4,0,4,69
01/13/2005,TYR,TX,ASW,CE,Federal Contract Tower,0,32,34,0,66,0,0,65,0,65,0,32,99,0,131,106,0,106,237
01/14/2005,TYR,TX,ASW,CE,Federal Contract Tower,0,27,37,0,64,0,0,115,0,115,0,27,152,0,179,206,0,206,385
01/15/2005,TYR,TX,ASW,CE,Federal Contract Tower,0,19,19,0,38,0,0,92,0,92,0,19,111,0,130,146,0,146,276
01/16/2005,TYR,TX,ASW,CE,Federal Contract Tower,0,25,14,0,39,0,0,81,0,81,0,25,95,0,120,94,0,94,214
01/17/2005,TYR,TX,ASW,CE,Federal Contract Tower,0,27,28,0,55,0,1,84,0,85,0,28,112,0,140,94,0,94,234
01/18/2005,TYR,TX,ASW,CE,Federal Contract Tower,0,35,17,0,52,0,0,58,0,58,0,35,75,0,110,72,0,72,182
01/19/2005,TYR,TX,ASW,CE,Federal Contract Tower,0,29,16,1,46,0,0,52,0,52,0,29,68,1,98,78,0,78,176
01/20/2005,TYR,TX,ASW,CE,Federal Contract Tower,0,24,32,0,56,0,0,72,8,80,0,24,104,8,136,78,0,78,214
01/21/2005,TYR,TX,ASW,CE,Federal Contract Tower,0,29,28,0,57,0,0,57,4,61,0,29,85,4,118,66,4,70,188
01/22/2005,TYR,TX,ASW,CE,Federal Contract Tower,0,19,11,0,30,0,0,43,0,43,0,19,54,0,73,78,0,78,151
01/23/2005,TYR,TX,ASW,CE,Federal Contract Tower,0,23,17,12,52,0,1,51,0,52,0,24,68,12,104,98,0,98,202
01/24/2005,TYR,TX,ASW,CE,Federal Contract Tower,0,23,9,0,32,0,1,42,0,43,0,24,51,0,75,44,0,44,119
01/25/2005,TYR,TX,ASW,CE,Federal Contract Tower,0,25,20,0,45,0,0,82,0,82,0,25,102,0,127,82,0,82,209
01/26/2005,TYR,TX,ASW,CE,Federal Contract Tower,0,29,24,0,53,0,0,82,0,82,0,29,106,0,135,80,0,80,215
01/27/2005,TYR,TX,ASW,CE,Federal Contract Tower,0,28,13,0,41,0,0,7,0,7,0,28,20,0,48,8,0,8,56
01/28/2005,TYR,TX,ASW,CE,Federal Contract Tower,0,31,27,0,58,0,0,1,0,1,0,31,28,0,59,0,0,0,59
01/29/2005,TYR,TX,ASW,CE,Federal Contract Tower,0,21,20,4,45,0,0,24,0,24,0,21,44,4,69,62,0,62,131
01/30/2005,TYR,TX,ASW,CE,Federal Contract Tower,0,17,16,0,33,0,2,13,0,15,0,19,29,0,48,0,0,0,48
01/31/2005,TYR,TX,ASW,CE,Federal Contract Tower,0,24,21,0,45,0,0,0,0,0,0,24,21,0,45,0,0,0,45
02/01/2005,TYR,TX,ASW,CE,Federal Contract Tower,3,22,18,0,43,0,0,4,0,4,3,22,22,0,47,2,0,2,49
02/02/2005,TYR,TX,ASW,CE,Federal Contract Tower,0,27,30,0,57,0,1,11,0,12,0,28,41,0,69,16,0,16,85
02/03/2005,TYR,TX,ASW,CE,Federal Contract Tower,1,28,35,0,64,0,0,60,0,60,1,28,95,0,124,82,0,82,206
02/04/2005,TYR,TX,ASW,CE,Federal Contract Tower,0,34,28,0,62,0,0,82,0,82,0,34,110,0,144,34,0,34,178
02/05/2005,TYR,TX,ASW,CE,Federal Contract Tower,0,31,14,8,53,0,0,60,0,60,0,31,74,8,113,86,0,86,199
02/06/2005,TYR,TX,ASW,CE,Federal Contract Tower,0,37,16,0,53,0,0,36,0,36,0,37,52,0,89,58,0,58,147
02/07/2005,TYR,TX,ASW,CE,Federal Contract Tower,0,23,8,0,31,0,1,10,0,11,0,24,18,0,42,2,0,2,44
02/08/2005,TYR,TX,ASW,CE,Federal Contract Tower,0,31,26,0,57,0,0,2,0,2,0,31,28,0,59,2,0,2,61
02/09/2005,TYR,TX,ASW,CE,Federal Contract Tower,0,31,16,2,49,0,0,46,0,46,0,31,62,2,95,48,8,56,151
02/10/2005,TYR,TX,ASW,CE,Federal Contract Tower,0,28,29,0,57,0,4,56,0,60,0,32,85,0,117,52,2,54,171
02/11/2005,TYR,TX,ASW,CE,Federal Contract Tower,0,27,20,2,49,0,2,65,2,69,0,29,85,4,118,76,16,92,210
02/12/2005,TYR,TX,ASW,CE,Federal Contract Tower,0,17,17,0,34,0,1,39,0,40,0,18,56,0,74,42,0,42,116
02/13/2005,TYR,TX,ASW,CE,Federal Contract Tower,0,20,19,0,39,0,0,44,2,46,0,20,63,2,85,18,0,18,103
02/14/2005,TYR,TX,ASW,CE,Federal Contract Tower,0,29,14,0,43,0,1,71,0,72,0,30,85,0,115,58,0,58,173
02/15/2005,TYR,TX,ASW,CE,Federal Contract Tower,0,29,25,2,56,0,0,62,0,62,0,29,87,2,118,62,0,62,180
02/16/2005,TYR,TX,ASW,CE,Federal Contract Tower,0,31,27,0,58,0,0,44,0,44,0,31,71,0,102,40,0,40,142
02/17/2005,TYR,TX,ASW,CE,Federal Contract Tower,0,34,55,0,89,0,0,78,0,78,0,34,133,0,167,140,0,140,307
02/18/2005,TYR,TX,ASW,CE,Federal Contract Tower,0,25,27,0,52,0,0,50,0,50,0,25,77,0,102,80,0,80,182
02/19/2005,TYR,TX,ASW,CE,Federal Contract Tower,0,17,7,0,24,0,0,38,0,38,0,17,45,0,62,66,0,66,128
02/20/2005,TYR,TX,ASW,CE,Federal Contract Tower,0,24,7,0,31,0,0,35,0,35,0,24,42,0,66,24,0,24,90
02/21/2005,TYR,TX,ASW,CE,Federal Contract Tower,0,24,29,0,53,0,1,90,4,95,0,25,119,4,148,128,0,128,276
02/22/2005,TYR,TX,ASW,CE,Federal Contract Tower,0,28,25,0,53,0,0,59,0,59,0,28,84,0,112,104,0,104,216
02/23/2005,TYR,TX,ASW,CE,Federal Contract Tower,0,27,20,0,47,0,0,6,0,6,0,27,26,0,53,4,0,4,57
02/24/2005,TYR,TX,ASW,CE,Federal Contract Tower,0,25,55,0,80,0,0,17,0,17,0,25,72,0,97,14,0,14,111
02/25/2005,TYR,TX,ASW,CE,Federal Contract Tower,0,35,24,6,65,0,1,95,3,99,0,36,119,9,164,126,16,142,306
02/26/2005,TYR,TX,ASW,CE,Federal Contract Tower,0,45,18,0,63,0,0,39,0,39,0,45,57,0,102,130,0,130,232
02/27/2005,TYR,TX,ASW,CE,Federal Contract Tower,0,24,9,0,33,0,0,12,0,12,0,24,21,0,45,18,0,18,63
02/28/2005,TYR,TX,ASW,CE,Federal Contract Tower,0,41,18,0,59,0,0,82,0,82,0,41,100,0,141,102,0,102,243
03/01/2005,TYR,TX,ASW,CE,Federal Contract Tower,0,27,24,3,54,0,2,51,7,60,0,29,75,10,114,50,4,54,168
03/02/2005,TYR,TX,ASW,CE,Federal Contract Tower,0,36,25,0,61,0,0,13,2,15,0,36,38,2,76,66,0,66,142
03/03/2005,TYR,TX,ASW,CE,Federal Contract Tower,0,28,40,0,68,0,0,76,0,76,0,28,116,0,144,202,0,202,346
03/04/2005,TYR,TX,ASW,CE,Federal Contract Tower,0,30,29,0,59,0,0,37,0,37,0,30,66,0,96,86,0,86,182
03/05/2005,TYR,TX,ASW,CE,Federal Contract Tower,0,31,14,8,53,0,0,60,0,60,0,31,74,8,113,86,0,86,199
03/06/2005,TYR,TX,ASW,CE,Federal Contract Tower,0,37,16,0,53,0,0,36,0,36,0,37,52,0,89,58,0,58,147
03/07/2005,TYR,TX,ASW,CE,Federal Contract Tower,0,25,19,0,44,0,1,39,0,40,0,26,58,0,84,14,0,14,98
03/08/2005,TYR,TX,ASW,CE,Federal Contract Tower,0,30,24,0,54,0,1,122,0,123,0,31,146,0,177,96,0,96,273
03/09/2005,TYR,TX,ASW,CE,Federal Contract Tower,0,30,14,0,44,0,0,54,0,54,0,30,68,0,98,44,0,44,142
03/10/2005,TYR,TX,ASW,CE,Federal Contract Tower,0,35,34,0,69,0,0,69,0,69,0,35,103,0,138,120,0,120,258
03/11/2005,TYR,TX,ASW,CE,Federal Contract Tower,0,32,35,2,69,0,1,78,0,79,0,33,113,2,148,102,0,102,250
03/12/2005,TYR,TX,ASW,CE,Federal Contract Tower,0,29,8,0,37,0,1,80,0,81,0,30,88,0,118,54,0,54,172
03/13/2005,TYR,TX,ASW,CE,Federal Contract Tower,0,30,25,6,61,0,4,35,0,39,0,34,60,6,100,40,0,40,140
03/14/2005,TYR,TX,ASW,CE,Federal Contract Tower,0,34,21,0,55,0,1,81,0,82,0,35,102,0,137,52,0,52,189
03/15/2005,TYR,TX,ASW,CE,Federal Contract Tower,0,31,17,0,48,0,0,16,2,18,0,31,33,2,66,40,2,42,108
03/16/2005,TYR,TX,ASW,CE,Federal Contract Tower,0,30,14,4,48,0,0,35,0,35,0,30,49,4,83,12,0,12,95
03/17/2005,TYR,TX,ASW,CE,Federal Contract Tower,0,32,33,0,65,0,0,77,0,77,0,32,110,0,142,144,0,144,286
03/18/2005,TYR,TX,ASW,CE,Federal Contract Tower,0,27,26,0,53,0,3,78,0,81,0,30,104,0,134,116,0,116,250
03/19/2005,TYR,TX,ASW,CE,Federal Contract Tower,0,21,19,0,40,0,1,93,0,94,0,22,112,0,134,98,0,98,232
03/20/2005,TYR,TX,ASW,CE,Federal Contract Tower,0,18,17,2,37,0,1,54,0,55,0,19,71,2,92,40,0,40,132
03/21/2005,TYR,TX,ASW,CE,Federal Contract Tower,0,30,14,0,44,0,0,12,0,12,0,30,26,0,56,4,0,4,60
03/22/2005,TYR,TX,ASW,CE,Federal Contract Tower,0,25,12,0,37,0,1,40,2,43,0,26,52,2,80,8,0,8,88
03/23/2005,TYR,TX,ASW,CE,Federal Contract Tower,0,27,25,0,52,0,0,94,0,94,0,27,119,0,146,140,0,140,286
03/24/2005,TYR,TX,ASW,CE,Federal Contract Tower,0,31,30,0,61,0,1,51,0,52,0,32,81,0,113,86,0,86,199
03/25/2005,TYR,TX,ASW,CE,Federal Contract Tower,0,29,31,0,60,0,0,82,2,84,0,29,113,2,144,138,16,154,298
03/26/2005,TYR,TX,ASW,CE,Federal Contract Tower,0,13,7,0,20,0,0,3,0,3,0,13,10,0,23,4,0,4,27
03/27/2005,TYR,TX,ASW,CE,Federal Contract Tower,0,17,24,0,41,0,0,11,0,11,0,17,35,0,52,4,0,4,56
03/28/2005,TYR,TX,ASW,CE,Federal Contract Tower,0,28,26,0,54,0,0,97,0,97,0,28,123,0,151,112,0,112,263
03/29/2005,TYR,TX,ASW,CE,Federal Contract Tower,0,29,31,0,60,0,0,38,0,38,0,29,69,0,98,66,0,66,164
03/30/2005,TYR,TX,ASW,CE,Federal Contract Tower,0,31,39,0,70,0,1,70,0,71,0,32,109,0,141,86,0,86,227
03/31/2005,TYR,TX,ASW,CE,Federal Contract Tower,0,21,22,0,43,0,1,66,2,69,0,22,88,2,112,110,0,110,222
04/01/2005,TYR,TX,ASW,CE,Federal Contract Tower,0,32,31,3,66,0,0,52,0,52,0,32,83,3,118,24,4,28,146
04/02/2005,TYR,TX,ASW,CE,Federal Contract Tower,0,20,17,0,37,0,0,85,0,85,0,20,102,0,122,78,0,78,200
04/03/2005,TYR,TX,ASW,CE,Federal Contract Tower,0,21,19,0,40,0,0,95,0,95,0,21,114,0,135,78,0,78,213
04/04/2005,TYR,TX,ASW,CE,Federal Contract Tower,0,25,19,2,46,0,0,49,0,49,0,25,68,2,95,34,0,34,129
04/05/2005,TYR,TX,ASW,CE,Federal Contract Tower,0,33,22,0,55,0,0,24,2,26,0,33,46,2,81,46,0,46,127
04/06/2005,TYR,TX,ASW,CE,Federal Contract Tower,0,28,19,0,47,0,0,36,0,36,0,28,55,0,83,22,0,22,105
04/07/2005,TYR,TX,ASW,CE,Federal Contract Tower,0,28,48,0,76,0,1,82,2,85,0,29,130,2,161,114,0,114,275
04/08/2005,TYR,TX,ASW,CE,Federal Contract Tower,0,28,26,1,55,0,0,116,2,118,0,28,142,3,173,78,0,78,251
04/09/2005,TYR,TX,ASW,CE,Federal Contract Tower,0,16,28,0,44,0,1,50,0,51,0,17,78,0,95,20,0,20,115
04/10/2005,TYR,TX,ASW,CE,Federal Contract Tower,0,33,17,0,50,0,0,24,0,24,0,33,41,0,74,32,0,32,106
04/11/2005,TYR,TX,ASW,CE,Federal Contract Tower,0,41,21,3,65,0,0,71,0,71,0,41,92,3,136,58,0,58,194
04/12/2005,TYR,TX,ASW,CE,Federal Contract Tower,0,29,21,0,50,0,2,83,0,85,0,31,104,0,135,98,0,98,233
04/13/2005,TYR,TX,ASW,CE,Federal Contract Tower,0,34,27,0,61,0,0,67,0,67,0,34,94,0,128,117,0,117,245
04/14/2005,TYR,TX,ASW,CE,Federal Contract Tower,0,32,21,0,53,0,0,75,0,75,0,32,96,0,128,144,0,144,272
04/15/2005,TYR,TX,ASW,CE,Federal Contract Tower,0,31,21,0,52,0,1,59,0,60,0,32,80,0,112,62,0,62,174
04/16/2005,TYR,TX,ASW,CE,Federal Contract Tower,0,18,7,0,25,0,0,58,0,58,0,18,65,0,83,44,0,44,127
04/17/2005,TYR,TX,ASW,CE,Federal Contract Tower,0,19,21,4,44,0,0,68,0,68,0,19,89,4,112,78,8,86,198
04/18/2005,TYR,TX,ASW,CE,Federal Contract Tower,0,23,21,0,44,0,0,16,2,18,0,23,37,2,62,12,16,28,90
04/19/2005,TYR,TX,ASW,CE,Federal Contract Tower,0,31,22,0,53,0,0,41,0,41,0,31,63,0,94,34,0,34,128
04/20/2005,TYR,TX,ASW,CE,Federal Contract Tower,0,33,33,0,66,0,0,42,0,42,0,33,75,0,108,94,0,94,202
04/21/2005,TYR,TX,ASW,CE,Federal Contract Tower,0,29,45,0,74,0,0,31,0,31,0,29,76,0,105,42,0,42,147
04/22/2005,TYR,TX,ASW,CE,Federal Contract Tower,0,30,40,0,70,0,0,64,0,64,0,30,104,0,134,56,0,56,190
04/23/2005,TYR,TX,ASW,CE,Federal Contract Tower,0,45,15,0,60,0,2,86,4,92,0,47,101,4,152,116,0,116,268
04/24/2005,TYR,TX,ASW,CE,Federal Contract Tower,0,31,26,0,57,0,0,73,0,73,0,31,99,0,130,58,0,58,188
04/25/2005,TYR,TX,ASW,CE,Federal Contract Tower,0,22,14,0,36,0,0,44,0,44,0,22,58,0,80,46,0,46,126
04/26/2005,TYR,TX,ASW,CE,Federal Contract Tower,0,31,32,0,63,0,0,66,0,66,0,31,98,0,129,58,0,58,187
04/27/2005,TYR,TX,ASW,CE,Federal Contract Tower,0,31,20,2,53,0,0,141,2,143,0,31,161,4,196,138,0,138,334
04/28/2005,TYR,TX,ASW,CE,Federal Contract Tower,0,39,26,0,65,0,0,61,0,61,0,39,87,0,126,38,0,38,164
04/29/2005,TYR,TX,ASW,CE,Federal Contract Tower,0,29,28,3,60,0,0,25,1,26,0,29,53,4,86,20,4,24,110
04/30/2005,TYR,TX,ASW,CE,Federal Contract Tower,0,18,18,8,44,0,1,62,0,63,0,19,80,8,107,70,32,102,209
05/01/2005,TYR,TX,ASW,CE,Federal Contract Tower,0,17,10,0,27,0,1,74,0,75,0,18,84,0,102,36,0,36,138
05/02/2005,TYR,TX,ASW,CE,Federal Contract Tower,0,27,15,0,42,0,0,42,0,42,0,27,57,0,84,36,0,36,120
05/03/2005,TYR,TX,ASW,CE,Federal Contract Tower,0,29,21,0,50,0,0,39,2,41,0,29,60,2,91,20,0,20,111
05/04/2005,TYR,TX,ASW,CE,Federal Contract Tower,0,30,15,0,45,0,0,23,0,23,0,30,38,0,68,26,0,26,94
05/05/2005,TYR,TX,ASW,CE,Federal Contract Tower,0,32,54,0,86,0,0,78,0,78,0,32,132,0,164,90,0,90,254
05/06/2005,TYR,TX,ASW,CE,Federal Contract Tower,0,28,28,0,56,0,0,77,0,77,0,28,105,0,133,54,0,54,187
05/07/2005,TYR,TX,ASW,CE,Federal Contract Tower,0,27,48,3,78,0,0,77,0,77,0,27,125,3,155,102,6,108,263
05/08/2005,TYR,TX,ASW,CE,Federal Contract Tower,0,27,18,0,45,0,0,4,0,4,0,27,22,0,49,6,0,6,55
05/09/2005,TYR,TX,ASW,CE,Federal Contract Tower,0,30,32,0,62,0,0,17,0,17,0,30,49,0,79,14,0,14,93
05/10/2005,TYR,TX,ASW,CE,Federal Contract Tower,0,24,31,0,55,0,1,60,0,61,0,25,91,0,116,66,0,66,182
05/11/2005,TYR,TX,ASW,CE,Federal Contract Tower,0,26,16,0,42,0,2,57,2,61,0,28,73,2,103,68,0,68,171
05/12/2005,TYR,TX,ASW,CE,Federal Contract Tower,0,35,36,0,71,0,1,43,0,44,0,36,79,0,115,60,0,60,175
05/13/2005,TYR,TX,ASW,CE,Federal Contract Tower,0,30,24,2,56,0,1,65,1,67,0,31,89,3,123,54,0,54,177
05/14/2005,TYR,TX,ASW,CE,Federal Contract Tower,0,20,21,0,41,0,0,74,0,74,0,20,95,0,115,80,0,80,195
05/15/2005,TYR,TX,ASW,CE,Federal Contract Tower,0,24,33,0,57,0,2,74,0,76,0,26,107,0,133,58,0,58,191
05/16/2005,TYR,TX,ASW,CE,Federal Contract Tower,0,24,29,0,53,0,3,55,0,58,0,27,84,0,111,54,0,54,165
05/17/2005,TYR,TX,ASW,CE,Federal Contract Tower,0,27,29,0,56,0,0,92,0,92,0,27,121,0,148,64,0,64,212
05/18/2005,TYR,TX,ASW,CE,Federal Contract Tower,0,26,18,0,44,0,2,27,2,31,0,28,45,2,75,42,0,42,117
05/19/2005,TYR,TX,ASW,CE,Federal Contract Tower,0,30,33,0,63,0,0,32,0,32,0,30,65,0,95,28,0,28,123
05/20/2005,TYR,TX,ASW,CE,Federal Contract Tower,0,29,40,0,69,0,0,56,0,56,0,29,96,0,125,48,0,48,173
05/21/2005,TYR,TX,ASW,CE,Federal Contract Tower,0,17,17,0,34,0,0,69,0,69,0,17,86,0,103,34,0,34,137
05/22/2005,TYR,TX,ASW,CE,Federal Contract Tower,0,20,11,0,31,0,0,58,0,58,0,20,69,0,89,50,0,50,139
05/23/2005,TYR,TX,ASW,CE,Federal Contract Tower,0,29,30,0,59,0,1,41,0,42,0,30,71,0,101,8,0,8,109
05/24/2005,TYR,TX,ASW,CE,Federal Contract Tower,0,27,24,0,51,0,0,86,0,86,0,27,110,0,137,40,0,40,177
05/25/2005,TYR,TX,ASW,CE,Federal Contract Tower,0,32,35,0,67,0,2,37,0,39,0,34,72,0,106,22,0,22,128
05/26/2005,TYR,TX,ASW,CE,Federal Contract Tower,0,37,25,0,62,0,0,38,0,38,0,37,63,0,100,42,0,42,142
05/27/2005,TYR,TX,ASW,CE,Federal Contract Tower,0,27,30,0,57,0,2,59,1,62,0,29,89,1,119,62,2,64,183
05/28/2005,TYR,TX,ASW,CE,Federal Contract Tower,0,24,20,0,44,0,1,35,0,36,0,25,55,0,80,51,0,51,131
05/29/2005,TYR,TX,ASW,CE,Federal Contract Tower,0,21,18,0,39,0,0,23,0,23,0,21,41,0,62,16,0,16,78
05/30/2005,TYR,TX,ASW,CE,Federal Contract Tower,0,28,17,0,45,0,0,16,0,16,0,28,33,0,61,0,0,0,61
05/31/2005,TYR,TX,ASW,CE,Federal Contract Tower,0,24,42,0,66,0,1,51,0,52,0,25,93,0,118,22,0,22,140
06/01/2005,TYR,TX,ASW,CE,Federal Contract Tower,0,31,35,0,66,0,1,50,0,51,0,32,85,0,117,56,0,56,173
06/02/2005,TYR,TX,ASW,CE,Federal Contract Tower,0,28,21,0,49,0,0,41,0,41,0,28,62,0,90,44,0,44,134
06/03/2005,TYR,TX,ASW,CE,Federal Contract Tower,0,28,9,2,39,0,0,55,7,62,0,28,64,9,101,50,24,74,175
06/04/2005,TYR,TX,ASW,CE,Federal Contract Tower,0,27,25,0,52,0,0,53,0,53,0,27,78,0,105,70,0,70,175
06/05/2005,TYR,TX,ASW,CE,Federal Contract Tower,0,21,14,0,35,0,0,41,0,41,0,21,55,0,76,24,0,24,100
06/06/2005,TYR,TX,ASW,CE,Federal Contract Tower,0,23,19,3,45,0,1,59,0,60,0,24,78,3,105,40,0,40,145
06/07/2005,TYR,TX,ASW,CE,Federal Contract Tower,0,32,40,0,72,0,0,33,0,33,0,32,73,0,105,12,0,12,117
06/08/2005,TYR,TX,ASW,CE,Federal Contract Tower,0,35,29,0,64,0,0,38,0,38,0,35,67,0,102,32,0,32,134
06/09/2005,TYR,TX,ASW,CE,Federal Contract Tower,0,29,32,0,61,0,0,48,0,48,0,29,80,0,109,60,0,60,169
06/10/2005,TYR,TX,ASW,CE,Federal Contract Tower,0,32,33,0,65,0,1,69,0,70,0,33,102,0,135,72,0,72,207
06/11/2005,TYR,TX,ASW,CE,Federal Contract Tower,0,29,21,0,50,0,0,76,2,78,0,29,97,2,128,80,0,80,208
06/12/2005,TYR,TX,ASW,CE,Federal Contract Tower,0,22,22,0,44,0,2,65,0,67,0,24,87,0,111,58,0,58,169
06/13/2005,TYR,TX,ASW,CE,Federal Contract Tower,0,25,27,2,54,0,1,56,0,57,0,26,83,2,111,40,0,40,151
06/14/2005,TYR,TX,ASW,CE,Federal Contract Tower,0,28,26,0,54,0,0,84,0,84,0,28,110,0,138,80,0,80,218
06/15/2005,TYR,TX,ASW,CE,Federal Contract Tower,0,29,13,0,42,0,1,85,0,86,0,30,98,0,128,46,0,46,174
06/16/2005,TYR,TX,ASW,CE,Federal Contract Tower,0,33,23,0,56,0,0,78,0,78,0,33,101,0,134,28,0,28,162
06/17/2005,TYR,TX,ASW,CE,Federal Contract Tower,0,26,28,0,54,0,0,48,0,48,0,26,76,0,102,34,0,34,136
06/18/2005,TYR,TX,ASW,CE,Federal Contract Tower,0,17,22,0,39,0,0,16,0,16,0,17,38,0,55,6,0,6,61
06/19/2005,TYR,TX,ASW,CE,Federal Contract Tower,0,30,9,1,40,0,0,68,4,72,0,30,77,5,112,20,2,22,134
06/20/2005,TYR,TX,ASW,CE,Federal Contract Tower,0,28,22,0,50,0,0,92,0,92,0,28,114,0,142,92,0,92,234
06/21/2005,TYR,TX,ASW,CE,Federal Contract Tower,0,28,32,0,60,0,0,84,0,84,0,28,116,0,144,108,0,108,252
06/22/2005,TYR,TX,ASW,CE,Federal Contract Tower,0,29,17,2,48,0,0,61,2,63,0,29,78,4,111,86,0,86,197
06/23/2005,TYR,TX,ASW,CE,Federal Contract Tower,0,30,29,0,59,0,1,75,1,77,0,31,104,1,136,116,2,118,254
06/24/2005,TYR,TX,ASW,CE,Federal Contract Tower,0,34,25,0,59,0,0,97,2,99,0,34,122,2,158,154,0,154,312
06/25/2005,TYR,TX,ASW,CE,Federal Contract Tower,0,32,15,0,47,0,0,91,0,91,0,32,106,0,138,158,0,158,296
06/26/2005,TYR,TX,ASW,CE,Federal Contract Tower,0,21,17,0,38,0,0,76,0,76,0,21,93,0,114,34,0,34,148
06/27/2005,TYR,TX,ASW,CE,Federal Contract Tower,0,32,16,0,48,0,2,75,0,77,0,34,91,0,125,104,0,104,229
06/28/2005,TYR,TX,ASW,CE,Federal Contract Tower,0,31,14,3,48,0,1,95,1,97,0,32,109,4,145,110,6,116,261
06/29/2005,TYR,TX,ASW,CE,Federal Contract Tower,0,31,19,0,50,0,0,97,0,97,0,31,116,0,147,106,0,106,253
06/30/2005,TYR,TX,ASW,CE,Federal Contract Tower,0,29,23,2,54,0,2,62,0,64,0,31,85,2,118,92,0,92,210
07/01/2005,TYR,TX,ASW,CE,Federal Contract Tower,0,28,24,0,52,0,2,55,0,57,0,30,79,0,109,38,0,38,147
07/02/2005,TYR,TX,ASW,CE,Federal Contract Tower,0,19,17,0,36,0,1,52,0,53,0,20,69,0,89,50,0,50,139
07/03/2005,TYR,TX,ASW,CE,Federal Contract Tower,0,21,4,0,25,0,0,46,0,46,0,21,50,0,71,26,0,26,97
07/04/2005,TYR,TX,ASW,CE,Federal Contract Tower,0,20,4,0,24,0,0,42,0,42,0,20,46,0,66,16,0,16,82
07/05/2005,TYR,TX,ASW,CE,Federal Contract Tower,0,32,12,0,44,0,4,75,0,79,0,36,87,0,123,92,0,92,215
07/06/2005,TYR,TX,ASW,CE,Federal Contract Tower,0,27,14,0,41,0,1,62,2,65,0,28,76,2,106,78,4,82,188
07/07/2005,TYR,TX,ASW,CE,Federal Contract Tower,0,31,42,0,73,0,0,44,0,44,0,31,86,0,117,68,0,68,185
07/08/2005,TYR,TX,ASW,CE,Federal Contract Tower,0,29,29,2,60,0,1,67,0,68,0,30,96,2,128,82,0,82,210
07/09/2005,TYR,TX,ASW,CE,Federal Contract Tower,0,21,17,0,38,0,1,70,0,71,0,22,87,0,109,84,0,84,193
07/10/2005,TYR,TX,ASW,CE,Federal Contract Tower,0,26,12,0,38,0,0,37,0,37,0,26,49,0,75,16,0,16,91
07/11/2005,TYR,TX,ASW,CE,Federal Contract Tower,0,26,23,0,49,0,1,46,0,47,0,27,69,0,96,14,0,14,110
07/12/2005,TYR,TX,ASW,CE,Federal Contract Tower,0,41,33,0,74,0,0,85,0,85,0,41,118,0,159,106,0,106,265
07/13/2005,TYR,TX,ASW,CE,Federal Contract Tower,0,30,20,0,50,0,2,45,0,47,0,32,65,0,97,74,0,74,171
07/14/2005,TYR,TX,ASW,CE,Federal Contract Tower,0,33,31,0,64,0,0,47,0,47,0,33,78,0,111,40,0,40,151
07/15/2005,TYR,TX,ASW,CE,Federal Contract Tower,0,27,25,0,52,0,0,26,0,26,0,27,51,0,78,102,0,102,180
07/16/2005,TYR,TX,ASW,CE,Federal Contract Tower,0,38,25,0,63,0,1,21,4,26,0,39,46,4,89,68,0,68,157
07/17/2005,TYR,TX,ASW,CE,Federal Contract Tower,0,24,16,0,40,0,0,20,2,22,0,24,36,2,62,12,0,12,74
07/18/2005,TYR,TX,ASW,CE,Federal Contract Tower,0,32,33,0,65,0,1,40,4,45,0,33,73,4,110,32,0,32,142
07/19/2005,TYR,TX,ASW,CE,Federal Contract Tower,0,31,13,0,44,0,0,56,0,56,0,31,69,0,100,104,0,104,204
07/20/2005,TYR,TX,ASW,CE,Federal Contract Tower,0,28,24,0,52,0,1,49,0,50,0,29,73,0,102,120,0,120,222
07/21/2005,TYR,TX,ASW,CE,Federal Contract Tower,0,37,23,0,60,0,0,82,0,82,0,37,105,0,142,138,0,138,280
07/22/2005,TYR,TX,ASW,CE,Federal Contract Tower,0,29,36,0,65,0,0,54,2,56,0,29,90,2,121,110,0,110,231
07/23/2005,TYR,TX,ASW,CE,Federal Contract Tower,0,19,12,0,31,0,1,64,0,65,0,20,76,0,96,72,0,72,168
07/24/2005,TYR,TX,ASW,CE,Federal Contract Tower,0,21,19,0,40,0,2,32,0,34,0,23,51,0,74,28,0,28,102
07/25/2005,TYR,TX,ASW,CE,Federal Contract Tower,0,24,12,0,36,0,0,83,0,83,0,24,95,0,119,72,0,72,191
07/26/2005,TYR,TX,ASW,CE,Federal Contract Tower,0,32,27,0,59,0,3,35,0,38,0,35,62,0,97,10,0,10,107
07/27/2005,TYR,TX,ASW,CE,Federal Contract Tower,0,30,20,0,50,0,0,45,0,45,0,30,65,0,95,16,0,16,111
07/28/2005,TYR,TX,ASW,CE,Federal Contract Tower,0,27,44,0,71,0,0,67,0,67,0,27,111,0,138,32,0,32,170
07/29/2005,TYR,TX,ASW,CE,Federal Contract Tower,0,28,25,0,53,0,0,68,0,68,0,28,93,0,121,68,0,68,189
07/30/2005,TYR,TX,ASW,CE,Federal Contract Tower,0,22,18,0,40,0,0,54,0,54,0,22,72,0,94,40,0,40,134
07/31/2005,TYR,TX,ASW,CE,Federal Contract Tower,0,24,18,0,42,0,2,50,0,52,0,26,68,0,94,24,0,24,118
08/01/2005,TYR,TX,ASW,CE,Federal Contract Tower,0,24,13,0,37,0,5,60,0,65,0,29,73,0,102,88,0,88,190
08/02/2005,TYR,TX,ASW,CE,Federal Contract Tower,0,29,24,1,54,0,4,50,0,54,0,33,74,1,108,50,0,50,158
08/03/2005,TYR,TX,ASW,CE,Federal Contract Tower,0,30,21,0,51,0,1,61,0,62,0,31,82,0,113,52,0,52,165
08/04/2005,TYR,TX,ASW,CE,Federal Contract Tower,0,37,32,0,69,0,0,82,0,82,0,37,114,0,151,68,0,68,219
08/05/2005,TYR,TX,ASW,CE,Federal Contract Tower,0,27,44,0,71,0,1,73,0,74,0,28,117,0,145,86,0,86,231
08/06/2005,TYR,TX,ASW,CE,Federal Contract Tower,0,17,21,0,38,0,1,68,0,69,0,18,89,0,107,72,0,72,179
08/07/2005,TYR,TX,ASW,CE,Federal Contract Tower,0,23,12,0,35,0,0,50,0,50,0,23,62,0,85,38,0,38,123
08/08/2005,TYR,TX,ASW,CE,Federal Contract Tower,0,24,17,0,41,0,1,45,2,48,0,25,62,2,89,18,0,18,107
08/09/2005,TYR,TX,ASW,CE,Federal Contract Tower,0,29,18,0,47,0,0,38,8,46,0,29,56,8,93,44,0,44,137
08/10/2005,TYR,TX,ASW,CE,Federal Contract Tower,0,28,27,0,55,0,0,48,9,57,0,28,75,9,112,82,0,82,194
08/11/2005,TYR,TX,ASW,CE,Federal Contract Tower,0,28,39,1,68,0,2,47,6,55,0,30,86,7,123,42,0,42,165
08/12/2005,TYR,TX,ASW,CE,Federal Contract Tower,0,32,25,0,57,0,0,57,6,63,0,32,82,6,120,80,0,80,200
08/13/2005,TYR,TX,ASW,CE,Federal Contract Tower,0,19,10,0,29,0,8,99,10,117,0,27,109,10,146,148,8,156,302
08/14/2005,TYR,TX,ASW,CE,Federal Contract Tower,0,22,14,0,36,0,0,41,0,41,0,22,55,0,77,38,0,38,115
08/15/2005,TYR,TX,ASW,CE,Federal Contract Tower,0,26,33,0,59,0,2,35,0,37,0,28,68,0,96,66,0,66,162
08/16/2005,TYR,TX,ASW,CE,Federal Contract Tower,0,33,24,0,57,0,0,56,0,56,0,33,80,0,113,48,0,48,161
08/17/2005,TYR,TX,ASW,CE,Federal Contract Tower,0,32,23,0,55,0,0,74,0,74,0,32,97,0,129,78,0,78,207
08/18/2005,TYR,TX,ASW,CE,Federal Contract Tower,0,33,40,0,73,0,0,56,2,58,0,33,96,2,131,72,0,72,203
08/19/2005,TYR,TX,ASW,CE,Federal Contract Tower,0,38,26,0,64,0,0,65,0,65,0,38,91,0,129,62,0,62,191
08/20/2005,TYR,TX,ASW,CE,Federal Contract Tower,0,25,27,3,55,0,2,71,0,73,0,27,98,3,128,90,16,106,234
08/21/2005,TYR,TX,ASW,CE,Federal Contract Tower,0,19,21,0,40,0,1,44,0,45,0,20,65,0,85,32,0,32,117
08/22/2005,TYR,TX,ASW,CE,Federal Contract Tower,0,31,20,0,51,0,1,50,0,51,0,32,70,0,102,52,0,52,154
08/23/2005,TYR,TX,ASW,CE,Federal Contract Tower,0,26,21,0,47,0,2,68,0,70,0,28,89,0,117,60,0,60,177
08/24/2005,TYR,TX,ASW,CE,Federal Contract Tower,0,27,22,0,49,0,1,79,0,80,0,28,101,0,129,106,0,106,235
08/25/2005,TYR,TX,ASW,CE,Federal Contract Tower,0,34,26,0,60,0,0,76,0,76,0,34,102,0,136,60,0,60,196
08/26/2005,TYR,TX,ASW,CE,Federal Contract Tower,0,33,31,0,64,0,0,72,0,72,0,33,103,0,136,70,0,70,206
08/27/2005,TYR,TX,ASW,CE,Federal Contract Tower,0,19,10,0,29,0,1,61,4,66,0,20,71,4,95,80,0,80,175
08/28/2005,TYR,TX,ASW,CE,Federal Contract Tower,0,24,17,0,41,0,0,46,0,46,0,24,63,0,87,62,0,62,149
08/29/2005,TYR,TX,ASW,CE,Federal Contract Tower,0,27,20,0,47,0,3,52,0,55,0,30,72,0,102,46,0,46,148
08/30/2005,TYR,TX,ASW,CE,Federal Contract Tower,0,29,35,1,65,0,0,90,2,92,0,29,125,3,157,56,8,64,221
08/31/2005,TYR,TX,ASW,CE,Federal Contract Tower,0,27,27,0,54,0,1,79,2,82,0,28,106,2,136,120,0,120,256
09/01/2005,TYR,TX,ASW,CE,Federal Contract Tower,0,28,28,0,56,0,1,70,0,71,0,29,98,0,127,72,0,72,199
09/02/2005,TYR,TX,ASW,CE,Federal Contract Tower,0,41,29,0,70,0,3,84,0,87,0,44,113,0,157,104,0,104,261
09/03/2005,TYR,TX,ASW,CE,Federal Contract Tower,0,17,16,0,33,0,0,95,3,98,0,17,111,3,131,74,0,74,205
09/04/2005,TYR,TX,ASW,CE,Federal Contract Tower,0,18,17,0,35,0,0,54,2,56,0,18,71,2,91,38,0,38,129
09/05/2005,TYR,TX,ASW,CE,Federal Contract Tower,0,22,16,0,38,0,1,71,0,72,0,23,87,0,110,52,0,52,162
09/06/2005,TYR,TX,ASW,CE,Federal Contract Tower,0,30,33,0,63,0,1,40,0,41,0,31,73,0,104,12,0,12,116
09/07/2005,TYR,TX,ASW,CE,Federal Contract Tower,0,34,32,0,66,0,1,61,0,62,0,35,93,0,128,64,0,64,192
09/08/2005,TYR,TX,ASW,CE,Federal Contract Tower,0,40,21,0,61,0,0,71,0,71,0,40,92,0,132,54,0,54,186
09/09/2005,TYR,TX,ASW,CE,Federal Contract Tower,0,34,27,1,62,0,1,63,1,65,0,35,90,2,127,106,8,114,241
09/10/2005,TYR,TX,ASW,CE,Federal Contract Tower,0,22,15,2,39,0,1,79,3,83,0,23,94,5,122,70,22,92,214
09/11/2005,TYR,TX,ASW,CE,Federal Contract Tower,0,24,16,2,42,0,0,27,0,27,0,24,43,2,69,8,0,8,77
09/12/2005,TYR,TX,ASW,CE,Federal Contract Tower,0,26,29,0,55,0,0,35,0,35,0,26,64,0,90,38,0,38,128
09/13/2005,TYR,TX,ASW,CE,Federal Contract Tower,0,30,36,0,66,0,1,36,0,37,0,31,72,0,103,32,0,32,135
09/14/2005,TYR,TX,ASW,CE,Federal Contract Tower,0,33,31,0,64,0,0,60,0,60,0,33,91,0,124,86,0,86,210
09/15/2005,TYR,TX,ASW,CE,Federal Contract Tower,0,39,24,0,63,0,0,30,0,30,0,39,54,0,93,4,0,4,97
09/16/2005,TYR,TX,ASW,CE,Federal Contract Tower,0,29,27,0,56,0,0,31,0,31,0,29,58,0,87,48,0,48,135
09/17/2005,TYR,TX,ASW,CE,Federal Contract Tower,0,25,7,0,32,0,1,83,0,84,0,26,90,0,116,122,0,122,238
09/18/2005,TYR,TX,ASW,CE,Federal Contract Tower,0,21,17,0,38,0,0,65,0,65,0,21,82,0,103,84,0,84,187
09/19/2005,TYR,TX,ASW,CE,Federal Contract Tower,0,29,16,0,45,0,2,61,0,63,0,31,77,0,108,56,0,56,164
09/20/2005,TYR,TX,ASW,CE,Federal Contract Tower,0,27,21,0,48,0,1,71,1,73,0,28,92,1,121,52,0,52,173
09/21/2005,TYR,TX,ASW,CE,Federal Contract Tower,0,32,23,0,55,0,0,70,7,77,0,32,93,7,132,66,14,80,212
09/22/2005,TYR,TX,ASW,CE,Federal Contract Tower,0,29,58,0,87,0,0,126,0,126,0,29,184,0,213,56,0,56,269
09/23/2005,TYR,TX,ASW,CE,Federal Contract Tower,0,25,24,0,49,0,0,71,1,72,0,25,95,1,121,50,0,50,171
09/24/2005,TYR,TX,ASW,CE,Federal Contract Tower,0,6,0,0,6,0,0,1,0,1,0,6,1,0,7,0,0,0,7
09/25/2005,TYR,TX,ASW,CE,Federal Contract Tower,0,15,11,0,26,0,0,66,0,66,0,15,77,0,92,52,0,52,144
09/26/2005,TYR,TX,ASW,CE,Federal Contract Tower,0,30,15,0,45,0,5,76,0,81,0,35,91,0,126,42,0,42,168
09/27/2005,TYR,TX,ASW,CE,Federal Contract Tower,0,29,20,0,49,0,0,45,0,45,0,29,65,0,94,22,0,22,116
09/28/2005,TYR,TX,ASW,CE,Federal Contract Tower,0,28,25,0,53,0,0,45,0,45,0,28,70,0,98,60,0,60,158
09/29/2005,TYR,TX,ASW,CE,Federal Contract Tower,0,28,18,1,47,0,0,40,1,41,0,28,58,2,88,96,0,96,184
09/30/2005,TYR,TX,ASW,CE,Federal Contract Tower,0,41,34,0,75,0,2,88,0,90,0,43,122,0,165,122,0,122,287
10/01/2005,TYR,TX,ASW,CE,Federal Contract Tower,0,20,29,0,49,0,0,72,0,72,0,20,101,0,121,92,0,92,213
10/02/2005,TYR,TX,ASW,CE,Federal Contract Tower,0,24,17,0,41,0,0,66,0,66,0,24,83,0,107,82,0,82,189
10/03/2005,TYR,TX,ASW,CE,Federal Contract Tower,0,34,15,0,49,0,2,61,0,63,0,36,76,0,112,12,0,12,124
10/04/2005,TYR,TX,ASW,CE,Federal Contract Tower,0,27,28,0,55,0,0,59,8,67,0,27,87,8,122,42,0,42,164
10/05/2005,TYR,TX,ASW,CE,Federal Contract Tower,0,33,11,0,44,0,0,87,0,87,0,33,98,0,131,98,0,98,229
10/06/2005,TYR,TX,ASW,CE,Federal Contract Tower,0,26,13,0,39,0,0,23,0,23,0,26,36,0,62,28,0,28,90
10/07/2005,TYR,TX,ASW,CE,Federal Contract Tower,0,29,24,0,53,0,0,38,0,38,0,29,62,0,91,56,0,56,147
10/08/2005,TYR,TX,ASW,CE,Federal Contract Tower,0,21,13,0,34,0,0,50,0,50,0,21,63,0,84,22,0,22,106
10/09/2005,TYR,TX,ASW,CE,Federal Contract Tower,0,21,0,0,21,0,3,94,12,109,0,24,94,12,130,48,0,48,178
10/10/2005,TYR,TX,ASW,CE,Federal Contract Tower,0,30,22,0,52,0,0,36,0,36,0,30,58,0,88,42,0,42,130
10/11/2005,TYR,TX,ASW,CE,Federal Contract Tower,0,29,34,0,63,0,3,42,0,45,0,32,76,0,108,48,0,48,156
10/12/2005,TYR,TX,ASW,CE,Federal Contract Tower,0,34,39,0,73,0,0,43,0,43,0,34,82,0,116,28,0,28,144
10/13/2005,TYR,TX,ASW,CE,Federal Contract Tower,0,39,20,0,59,0,0,66,0,66,0,39,86,0,125,68,0,68,193
10/14/2005,TYR,TX,ASW,CE,Federal Contract Tower,0,37,23,0,60,0,2,72,0,74,0,39,95,0,134,62,0,62,196
10/15/2005,TYR,TX,ASW,CE,Federal Contract Tower,0,25,16,0,41,0,0,67,0,67,0,25,83,0,108,68,0,68,176
10/16/2005,TYR,TX,ASW,CE,Federal Contract Tower,0,24,23,0,47,0,0,55,0,55,0,24,78,0,102,66,0,66,168
10/17/2005,TYR,TX,ASW,CE,Federal Contract Tower,0,28,19,0,47,0,1,75,2,78,0,29,94,2,125,68,0,68,193
10/18/2005,TYR,TX,ASW,CE,Federal Contract Tower,0,29,12,0,41,0,2,95,10,107,0,31,107,10,148,76,0,76,224
10/19/2005,TYR,TX,ASW,CE,Federal Contract Tower,0,32,21,0,53,0,2,83,0,85,0,34,104,0,138,66,0,66,204
10/20/2005,TYR,TX,ASW,CE,Federal Contract Tower,0,38,23,0,61,0,3,56,0,59,0,41,79,0,120,78,0,78,198
10/21/2005,TYR,TX,ASW,CE,Federal Contract Tower,0,31,36,0,67,0,0,99,0,99,0,31,135,0,166,84,0,84,250
10/22/2005,TYR,TX,ASW,CE,Federal Contract Tower,0,31,27,0,58,0,2,100,0,102,0,33,127,0,160,108,0,108,268
10/23/2005,TYR,TX,ASW,CE,Federal Contract Tower,0,28,11,0,39,0,1,51,0,52,0,29,62,0,91,14,0,14,105
10/24/2005,TYR,TX,ASW,CE,Federal Contract Tower,0,36,16,0,52,0,2,61,0,63,0,38,77,0,115,38,0,38,153
10/25/2005,TYR,TX,ASW,CE,Federal Contract Tower,0,31,13,0,44,0,2,76,0,78,0,33,89,0,122,30,0,30,152
10/26/2005,TYR,TX,ASW,CE,Federal Contract Tower,0,31,21,0,52,0,1,84,0,85,0,32,105,0,137,108,0,108,245
10/27/2005,TYR,TX,ASW,CE,Federal Contract Tower,0,35,29,0,64,0,2,80,0,82,0,37,109,0,146,94,0,94,240
10/28/2005,TYR,TX,ASW,CE,Federal Contract Tower,0,36,31,0,67,0,0,82,0,82,0,36,113,0,149,52,0,52,201
10/29/2005,TYR,TX,ASW,CE,Federal Contract Tower,0,39,10,4,53,0,1,93,0,94,0,40,103,4,147,80,0,80,227
10/30/2005,TYR,TX,ASW,CE,Federal Contract Tower,0,22,25,0,47,0,0,81,0,81,0,22,106,0,128,110,0,110,238
10/31/2005,TYR,TX,ASW,CE,Federal Contract Tower,0,24,7,0,31,0,0,6,0,6,0,24,13,0,37,2,0,2,39
11/01/2005,TYR,TX,ASW,CE,Federal Contract Tower,0,27,31,0,58,0,2,69,0,71,0,29,100,0,129,62,0,62,191
11/02/2005,TYR,TX,ASW,CE,Federal Contract Tower,0,34,21,0,55,0,0,110,0,110,0,34,131,0,165,60,0,60,225
11/03/2005,TYR,TX,ASW,CE,Federal Contract Tower,0,31,21,0,52,0,1,60,0,61,0,32,81,0,113,72,0,72,185
11/04/2005,TYR,TX,ASW,CE,Federal Contract Tower,0,32,17,0,49,0,0,58,0,58,0,32,75,0,107,60,0,60,167
11/05/2005,TYR,TX,ASW,CE,Federal Contract Tower,0,29,16,0,45,0,0,41,0,41,0,29,57,0,86,54,0,54,140
11/06/2005,TYR,TX,ASW,CE,Federal Contract Tower,0,30,10,0,40,0,0,65,2,67,0,30,75,2,107,58,0,58,165
11/07/2005,TYR,TX,ASW,CE,Federal Contract Tower,0,43,17,0,60,0,0,54,0,54,0,43,71,0,114,44,0,44,158
11/08/2005,TYR,TX,ASW,CE,Federal Contract Tower,0,26,31,0,57,0,1,69,0,70,0,27,100,0,127,66,0,66,193
11/09/2005,TYR,TX,ASW,CE,Federal Contract Tower,0,30,35,0,65,0,0,49,0,49,0,30,84,0,114,26,0,26,140
11/10/2005,TYR,TX,ASW,CE,Federal Contract Tower,0,30,27,0,57,0,0,64,0,64,0,30,91,0,121,126,0,126,247
11/11/2005,TYR,TX,ASW,CE,Federal Contract Tower,0,28,35,0,63,0,3,79,0,82,0,31,114,0,145,132,0,132,277
11/12/2005,TYR,TX,ASW,CE,Federal Contract Tower,0,26,22,0,48,0,0,44,0,44,0,26,66,0,92,50,0,50,142
11/13/2005,TYR,TX,ASW,CE,Federal Contract Tower,0,23,27,0,50,0,1,43,0,44,0,24,70,0,94,26,0,26,120
11/14/2005,TYR,TX,ASW,CE,Federal Contract Tower,0,27,20,0,47,0,1,33,0,34,0,28,53,0,81,20,0,20,101
11/15/2005,TYR,TX,ASW,CE,Federal Contract Tower,0,25,14,0,39,0,0,38,2,40,0,25,52,2,79,22,0,22,101
11/16/2005,TYR,TX,ASW,CE,Federal Contract Tower,0,32,32,0,64,0,4,103,0,107,0,36,135,0,171,112,0,112,283
11/17/2005,TYR,TX,ASW,CE,Federal Contract Tower,0,33,36,1,70,0,2,71,0,73,0,35,107,1,143,76,2,78,221
11/18/2005,TYR,TX,ASW,CE,Federal Contract Tower,0,33,28,0,61,0,1,119,0,120,0,34,147,0,181,198,0,198,379
11/19/2005,TYR,TX,ASW,CE,Federal Contract Tower,0,47,15,0,62,0,0,106,0,106,0,47,121,0,168,120,0,120,288
11/20/2005,TYR,TX,ASW,CE,Federal Contract Tower,0,24,12,0,36,0,0,59,0,59,0,24,71,0,95,44,0,44,139
11/21/2005,TYR,TX,ASW,CE,Federal Contract Tower,0,35,20,0,55,0,0,62,0,62,0,35,82,0,117,24,0,24,141
11/22/2005,TYR,TX,ASW,CE,Federal Contract Tower,0,36,27,0,63,0,2,80,2,84,0,38,107,2,147,86,0,86,233
11/23/2005,TYR,TX,ASW,CE,Federal Contract Tower,0,33,29,0,62,0,1,147,0,148,0,34,176,0,210,156,0,156,366
11/24/2005,TYR,TX,ASW,CE,Federal Contract Tower,0,19,3,0,22,0,0,40,0,40,0,19,43,0,62,18,0,18,80
11/25/2005,TYR,TX,ASW,CE,Federal Contract Tower,0,19,32,0,51,0,0,39,0,39,0,19,71,0,90,126,0,126,216
11/26/2005,TYR,TX,ASW,CE,Federal Contract Tower,0,20,6,0,26,0,0,15,0,15,0,20,21,0,41,14,0,14,55
11/27/2005,TYR,TX,ASW,CE,Federal Contract Tower,0,22,20,0,42,0,0,21,0,21,0,22,41,0,63,2,0,2,65
11/28/2005,TYR,TX,ASW,CE,Federal Contract Tower,0,25,21,0,46,0,1,63,0,64,0,26,84,0,110,112,0,112,222
11/29/2005,TYR,TX,ASW,CE,Federal Contract Tower,0,26,33,0,59,0,2,56,3,61,0,28,89,3,120,46,16,62,182
11/30/2005,TYR,TX,ASW,CE,Federal Contract Tower,0,26,0,0,26,0,3,80,1,84,0,29,80,1,110,62,2,64,174
12/01/2005,TYR,TX,ASW,CE,Federal Contract Tower,0,28,7,0,35,0,2,52,0,54,0,30,59,0,89,34,0,34,123
12/02/2005,TYR,TX,ASW,CE,Federal Contract Tower,0,28,20,0,48,2,7,47,3,59,2,35,67,3,107,60,0,60,167
12/03/2005,TYR,TX,ASW,CE,Federal Contract Tower,0,19,7,0,26,0,0,43,0,43,0,19,50,0,69,66,0,66,135
12/04/2005,TYR,TX,ASW,CE,Federal Contract Tower,0,22,17,0,39,0,0,35,0,35,0,22,52,0,74,16,0,16,90
12/05/2005,TYR,TX,ASW,CE,Federal Contract Tower,0,29,21,0,50,0,1,61,0,62,0,30,82,0,112,64,0,64,176
12/06/2005,TYR,TX,ASW,CE,Federal Contract Tower,0,30,24,0,54,0,3,130,0,133,0,33,154,0,187,84,0,84,271
12/07/2005,TYR,TX,ASW,CE,Federal Contract Tower,0,22,23,0,45,0,0,17,0,17,0,22,40,0,62,10,0,10,72
12/08/2005,TYR,TX,ASW,CE,Federal Contract Tower,0,36,15,0,51,0,0,39,0,39,0,36,54,0,90,32,0,32,122
12/09/2005,TYR,TX,ASW,CE,Federal Contract Tower,0,29,22,0,51,0,2,54,0,56,0,31,76,0,107,42,0,42,149
12/10/2005,TYR,TX,ASW,CE,Federal Contract Tower,2,22,32,0,56,0,0,69,6,75,2,22,101,6,131,114,0,114,245
12/11/2005,TYR,TX,ASW,CE,Federal Contract Tower,0,37,11,0,48,0,0,56,0,56,0,37,67,0,104,42,0,42,146
12/12/2005,TYR,TX,ASW,CE,Federal Contract Tower,0,30,14,0,44,0,6,64,0,70,0,36,78,0,114,46,0,46,160
12/13/2005,TYR,TX,ASW,CE,Federal Contract Tower,0,27,28,0,55,0,0,42,0,42,0,27,70,0,97,34,0,34,131
12/14/2005,TYR,TX,ASW,CE,Federal Contract Tower,0,26,22,0,48,0,0,14,0,14,0,26,36,0,62,26,0,26,88
12/15/2005,TYR,TX,ASW,CE,Federal Contract Tower,0,26,20,0,46,0,0,71,1,72,0,26,91,1,118,56,0,56,174
12/16/2005,TYR,TX,ASW,CE,Federal Contract Tower,0,29,11,0,40,0,0,61,0,61,0,29,72,0,101,62,0,62,163
12/17/2005,TYR,TX,ASW,CE,Federal Contract Tower,0,19,8,1,28,0,0,37,1,38,0,19,45,2,66,100,2,102,168
12/18/2005,TYR,TX,ASW,CE,Federal Contract Tower,0,21,9,0,30,0,2,51,0,53,0,23,60,0,83,34,0,34,117
12/19/2005,TYR,TX,ASW,CE,Federal Contract Tower,0,34,16,0,50,0,0,68,2,70,0,34,84,2,120,60,0,60,180
12/20/2005,TYR,TX,ASW,CE,Federal Contract Tower,0,35,24,0,59,0,0,9,0,9,0,35,33,0,68,4,0,4,72
12/21/2005,TYR,TX,ASW,CE,Federal Contract Tower,0,25,25,0,50,0,0,30,0,30,0,25,55,0,80,40,0,40,120
12/22/2005,TYR,TX,ASW,CE,Federal Contract Tower,0,33,27,0,60,0,0,53,0,53,0,33,80,0,113,48,0,48,161
12/23/2005,TYR,TX,ASW,CE,Federal Contract Tower,0,27,17,0,44,0,2,91,0,93,0,29,108,0,137,68,0,68,205
12/24/2005,TYR,TX,ASW,CE,Federal Contract Tower,0,15,13,0,28,0,0,46,0,46,0,15,59,0,74,22,0,22,96
12/25/2005,TYR,TX,ASW,CE,Federal Contract Tower,0,20,8,0,28,0,0,30,0,30,0,20,38,0,58,18,0,18,76
12/26/2005,TYR,TX,ASW,CE,Federal Contract Tower,0,24,12,0,36,0,0,77,0,77,0,24,89,0,113,54,0,54,167
12/27/2005,TYR,TX,ASW,CE,Federal Contract Tower,0,30,14,0,44,0,0,68,0,68,0,30,82,0,112,94,0,94,206
12/28/2005,TYR,TX,ASW,CE,Federal Contract Tower,0,24,9,0,33,0,2,79,0,81,0,26,88,0,114,78,0,78,192
12/29/2005,TYR,TX,ASW,CE,Federal Contract Tower,0,33,34,0,67,0,2,81,0,83,0,35,115,0,150,90,0,90,240
12/30/2005,TYR,TX,ASW,CE,Federal Contract Tower,0,29,25,0,54,0,0,44,0,44,0,29,69,0,98,46,0,46,144
12/31/2005,TYR,TX,ASW,CE,Federal Contract Tower,0,22,11,0,33,0,2,71,0,73,0,24,82,0,106,48,0,48,154
01/01/2006,TYR,TX,ASW,CE,Federal Contract Tower,0,21,4,0,25,0,0,31,0,31,0,21,35,0,56,14,0,14,70
01/02/2006,TYR,TX,ASW,CE,Federal Contract Tower,0,27,14,0,41,0,0,58,0,58,0,27,72,0,99,36,0,36,135
01/03/2006,TYR,TX,ASW,CE,Federal Contract Tower,0,29,13,0,42,0,2,66,0,68,0,31,79,0,110,118,0,118,228
01/04/2006,TYR,TX,ASW,CE,Federal Contract Tower,0,25,10,0,35,0,1,56,0,57,0,26,66,0,92,64,0,64,156
01/05/2006,TYR,TX,ASW,CE,Federal Contract Tower,0,25,28,0,53,0,0,72,0,72,0,25,100,0,125,134,0,134,259
01/06/2006,TYR,TX,ASW,CE,Federal Contract Tower,0,28,22,0,50,0,1,87,2,90,0,29,109,2,140,96,6,102,242
01/07/2006,TYR,TX,ASW,CE,Federal Contract Tower,0,21,16,0,37,0,0,79,4,83,0,21,95,4,120,102,6,108,228
01/08/2006,TYR,TX,ASW,CE,Federal Contract Tower,0,20,13,0,33,0,0,27,2,29,0,20,40,2,62,20,6,26,88
01/09/2006,TYR,TX,ASW,CE,Federal Contract Tower,0,30,26,0,56,0,1,50,1,52,0,31,76,1,108,36,4,40,148
01/10/2006,TYR,TX,ASW,CE,Federal Contract Tower,0,28,23,0,51,0,2,44,0,46,0,30,67,0,97,34,0,34,131
01/11/2006,TYR,TX,ASW,CE,Federal Contract Tower,0,26,17,0,43,0,0,80,0,80,0,26,97,0,123,94,0,94,217
01/12/2006,TYR,TX,ASW,CE,Federal Contract Tower,0,30,32,2,64,0,1,35,2,38,0,31,67,4,102,20,0,20,122
01/13/2006,TYR,TX,ASW,CE,Federal Contract Tower,0,34,21,0,55,0,0,60,1,61,0,34,81,1,116,78,2,80,196
01/14/2006,TYR,TX,ASW,CE,Federal Contract Tower,0,26,20,0,46,0,1,107,0,108,0,27,127,0,154,142,0,142,296
01/15/2006,TYR,TX,ASW,CE,Federal Contract Tower,0,23,7,0,30,0,0,35,0,35,0,23,42,0,65,32,0,32,97
01/16/2006,TYR,TX,ASW,CE,Federal Contract Tower,0,26,40,0,66,0,1,9,0,10,0,27,49,0,76,48,0,48,124
01/17/2006,TYR,TX,ASW,CE,Federal Contract Tower,0,26,14,0,40,0,2,32,0,34,0,28,46,0,74,6,0,6,80
01/18/2006,TYR,TX,ASW,CE,Federal Contract Tower,0,27,25,0,52,0,2,71,0,73,0,29,96,0,125,102,0,102,227
01/19/2006,TYR,TX,ASW,CE,Federal Contract Tower,0,26,21,0,47,0,1,52,0,53,0,27,73,0,100,60,0,60,160
01/20/2006,TYR,TX,ASW,CE,Federal Contract Tower,0,29,22,3,54,0,0,45,0,45,0,29,67,3,99,58,4,62,161
01/21/2006,TYR,TX,ASW,CE,Federal Contract Tower,0,19,9,0,28,0,2,80,0,82,0,21,89,0,110,102,0,102,212
01/22/2006,TYR,TX,ASW,CE,Federal Contract Tower,0,20,19,0,39,0,0,0,0,0,0,20,19,0,39,2,0,2,41
01/23/2006,TYR,TX,ASW,CE,Federal Contract Tower,0,30,18,0,48,0,0,41,0,41,0,30,59,0,89,10,0,10,99
01/24/2006,TYR,TX,ASW,CE,Federal Contract Tower,0,26,25,0,51,0,3,63,0,66,0,29,88,0,117,62,0,62,179
01/25/2006,TYR,TX,ASW,CE,Federal Contract Tower,0,28,20,0,48,0,1,89,0,90,0,29,109,0,138,102,0,102,240
01/26/2006,TYR,TX,ASW,CE,Federal Contract Tower,0,34,19,0,53,0,0,67,0,67,0,34,86,0,120,176,0,176,296
01/27/2006,TYR,TX,ASW,CE,Federal Contract Tower,0,34,43,0,77,0,2,80,0,82,0,36,123,0,159,94,0,94,253
01/28/2006,TYR,TX,ASW,CE,Federal Contract Tower,0,23,9,1,33,0,0,0,0,0,0,23,9,1,33,2,0,2,35
01/29/2006,TYR,TX,ASW,CE,Federal Contract Tower,0,29,15,0,44,0,0,73,2,75,0,29,88,2,119,76,0,76,195
01/30/2006,TYR,TX,ASW,CE,Federal Contract Tower,0,27,14,0,41,0,2,86,0,88,0,29,100,0,129,56,0,56,185
01/31/2006,TYR,TX,ASW,CE,Federal Contract Tower,0,21,18,0,39,0,8,70,0,78,0,29,88,0,117,54,0,54,171
02/01/2006,TYR,TX,ASW,CE,Federal Contract Tower,0,31,50,0,81,0,0,35,0,35,0,31,85,0,116,38,0,38,154
02/02/2006,TYR,TX,ASW,CE,Federal Contract Tower,0,26,36,0,62,0,0,32,0,32,0,26,68,0,94,60,0,60,154
02/03/2006,TYR,TX,ASW,CE,Federal Contract Tower,0,32,30,0,62,0,0,27,1,28,0,32,57,1,90,38,0,38,128
02/04/2006,TYR,TX,ASW,CE,Federal Contract Tower,0,25,18,0,43,0,0,110,1,111,0,25,128,1,154,150,4,154,308
02/05/2006,TYR,TX,ASW,CE,Federal Contract Tower,0,21,22,0,43,0,2,22,12,36,0,23,44,12,79,52,2,54,133
02/06/2006,TYR,TX,ASW,CE,Federal Contract Tower,0,26,16,0,42,0,2,62,2,66,0,28,78,2,108,34,0,34,142
02/07/2006,TYR,TX,ASW,CE,Federal Contract Tower,0,29,9,6,44,0,1,74,0,75,0,30,83,6,119,90,6,96,215
02/08/2006,TYR,TX,ASW,CE,Federal Contract Tower,0,30,21,0,51,0,1,107,0,108,0,31,128,0,159,94,0,94,253
02/09/2006,TYR,TX,ASW,CE,Federal Contract Tower,0,34,24,0,58,0,1,68,0,69,0,35,92,0,127,76,0,76,203
02/10/2006,TYR,TX,ASW,CE,Federal Contract Tower,0,31,28,0,59,0,0,0,0,0,0,31,28,0,59,2,0,2,61
02/11/2006,TYR,TX,ASW,CE,Federal Contract Tower,0,25,17,0,42,0,0,64,4,68,0,25,81,4,110,50,2,52,162
02/12/2006,TYR,TX,ASW,CE,Federal Contract Tower,0,31,11,0,42,0,0,71,0,71,0,31,82,0,113,70,0,70,183
02/13/2006,TYR,TX,ASW,CE,Federal Contract Tower,0,33,15,0,48,0,2,92,0,94,0,35,107,0,142,54,0,54,196
02/14/2006,TYR,TX,ASW,CE,Federal Contract Tower,0,28,16,0,44,0,2,49,0,51,0,30,65,0,95,46,0,46,141
02/15/2006,TYR,TX,ASW,CE,Federal Contract Tower,0,39,26,0,65,0,0,36,0,36,0,39,62,0,101,40,0,40,141
02/16/2006,TYR,TX,ASW,CE,Federal Contract Tower,0,30,33,0,63,0,0,46,2,48,0,30,79,2,111,22,0,22,133
02/17/2006,TYR,TX,ASW,CE,Federal Contract Tower,0,30,23,0,53,0,2,16,0,18,0,32,39,0,71,18,0,18,89
02/18/2006,TYR,TX,ASW,CE,Federal Contract Tower,0,19,9,0,28,0,0,0,0,0,0,19,9,0,28,0,0,0,28
02/19/2006,TYR,TX,ASW,CE,Federal Contract Tower,0,14,13,0,27,0,0,12,0,12,0,14,25,0,39,2,0,2,41
02/20/2006,TYR,TX,ASW,CE,Federal Contract Tower,0,24,15,0,39,0,0,0,0,0,0,24,15,0,39,0,0,0,39
02/21/2006,TYR,TX,ASW,CE,Federal Contract Tower,0,19,28,0,47,0,0,0,0,0,0,19,28,0,47,0,0,0,47
02/22/2006,TYR,TX,ASW,CE,Federal Contract Tower,0,16,32,0,48,0,0,0,0,0,0,16,32,0,48,0,0,0,48
02/23/2006,TYR,TX,ASW,CE,Federal Contract Tower,0,34,30,0,64,0,0,55,2,57,0,34,85,2,121,26,0,26,147
02/24/2006,TYR,TX,ASW,CE,Federal Contract Tower,0,33,30,0,63,0,0,38,0,38,0,33,68,0,101,80,0,80,181
02/25/2006,TYR,TX,ASW,CE,Federal Contract Tower,0,18,25,0,43,0,0,3,0,3,0,18,28,0,46,16,0,16,62
02/26/2006,TYR,TX,ASW,CE,Federal Contract Tower,0,23,22,0,45,0,0,81,0,81,0,23,103,0,126,100,0,100,226
02/27/2006,TYR,TX,ASW,CE,Federal Contract Tower,0,27,21,0,48,0,1,65,2,68,0,28,86,2,116,60,2,62,178
02/28/2006,TYR,TX,ASW,CE,Federal Contract Tower,0,22,15,0,37,0,6,87,0,93,0,28,102,0,130,96,0,96,226
03/01/2006,TYR,TX,ASW,CE,Federal Contract Tower,0,30,31,0,61,0,1,61,0,62,0,31,92,0,123,110,0,110,233
03/02/2006,TYR,TX,ASW,CE,Federal Contract Tower,0,23,33,0,56,0,0,51,0,51,0,23,84,0,107,46,0,46,153
03/03/2006,TYR,TX,ASW,CE,Federal Contract Tower,0,32,23,0,55,0,1,66,0,67,0,33,89,0,122,116,0,116,238
03/04/2006,TYR,TX,ASW,CE,Federal Contract Tower,0,30,15,0,45,0,0,68,2,70,0,30,83,2,115,80,0,80,195
03/05/2006,TYR,TX,ASW,CE,Federal Contract Tower,0,16,9,0,25,0,0,45,1,46,0,16,54,1,71,44,0,44,115
03/06/2006,TYR,TX,ASW,CE,Federal Contract Tower,0,23,35,0,58,0,0,42,0,42,0,23,77,0,100,86,0,86,186
03/07/2006,TYR,TX,ASW,CE,Federal Contract Tower,0,28,27,0,55,0,1,18,0,19,0,29,45,0,74,18,0,18,92
03/08/2006,TYR,TX,ASW,CE,Federal Contract Tower,0,29,19,0,48,0,3,31,1,35,0,32,50,1,83,30,0,30,113
03/09/2006,TYR,TX,ASW,CE,Federal Contract Tower,0,29,15,0,44,0,0,43,0,43,0,29,58,0,87,32,0,32,119
03/10/2006,TYR,TX,ASW,CE,Federal Contract Tower,0,27,34,0,61,0,2,57,2,61,0,29,91,2,122,56,0,56,178
03/11/2006,TYR,TX,ASW,CE,Federal Contract Tower,0,28,25,0,53,0,0,54,0,54,0,28,79,0,107,138,0,138,245
03/12/2006,TYR,TX,ASW,CE,Federal Contract Tower,0,20,17,0,37,0,0,40,0,40,0,20,57,0,77,24,0,24,101
03/13/2006,TYR,TX,ASW,CE,Federal Contract Tower,0,21,9,0,30,0,2,49,0,51,0,23,58,0,81,66,0,66,147
03/14/2006,TYR,TX,ASW,CE,Federal Contract Tower,0,23,22,0,45,0,4,93,0,97,0,27,115,0,142,62,0,62,204
03/15/2006,TYR,TX,ASW,CE,Federal Contract Tower,0,21,13,0,34,0,3,77,0,80,0,24,90,0,114,98,0,98,212
03/16/2006,TYR,TX,ASW,CE,Federal Contract Tower,0,23,24,0,47,0,8,29,0,37,0,31,53,0,84,64,0,64,148
03/17/2006,TYR,TX,ASW,CE,Federal Contract Tower,0,23,18,0,41,0,3,44,0,47,0,26,62,0,88,32,0,32,120
03/18/2006,TYR,TX,ASW,CE,Federal Contract Tower,0,16,14,0,30,0,0,7,0,7,0,16,21,0,37,18,0,18,55
03/19/2006,TYR,TX,ASW,CE,Federal Contract Tower,0,20,16,0,36,0,0,0,0,0,0,20,16,0,36,0,0,0,36
03/20/2006,TYR,TX,ASW,CE,Federal Contract Tower,0,38,37,0,75,0,1,25,0,26,0,39,62,0,101,60,0,60,161
03/21/2006,TYR,TX,ASW,CE,Federal Contract Tower,0,29,0,0,29,0,2,86,2,90,0,31,86,2,119,62,0,62,181
03/22/2006,TYR,TX,ASW,CE,Federal Contract Tower,0,25,21,0,46,0,0,49,0,49,0,25,70,0,95,64,0,64,159
03/23/2006,TYR,TX,ASW,CE,Federal Contract Tower,0,23,26,0,49,0,1,27,1,29,0,24,53,1,78,104,0,104,182
03/24/2006,TYR,TX,ASW,CE,Federal Contract Tower,0,25,16,0,41,0,1,92,1,94,0,26,108,1,135,78,0,78,213
03/25/2006,TYR,TX,ASW,CE,Federal Contract Tower,0,16,7,0,23,0,1,143,0,144,0,17,150,0,167,96,0,96,263
03/26/2006,TYR,TX,ASW,CE,Federal Contract Tower,0,13,7,0,20,0,2,53,0,55,0,15,60,0,75,32,0,32,107
03/27/2006,TYR,TX,ASW,CE,Federal Contract Tower,0,22,22,0,44,0,1,34,0,35,0,23,56,0,79,54,0,54,133
03/28/2006,TYR,TX,ASW,CE,Federal Contract Tower,0,27,20,0,47,0,1,30,0,31,0,28,50,0,78,24,0,24,102
03/29/2006,TYR,TX,ASW,CE,Federal Contract Tower,0,29,22,0,51,0,1,19,0,20,0,30,41,0,71,16,0,16,87
03/30/2006,TYR,TX,ASW,CE,Federal Contract Tower,0,19,45,0,64,0,4,26,0,30,0,23,71,0,94,72,0,72,166
03/31/2006,TYR,TX,ASW,CE,Federal Contract Tower,0,24,38,6,68,0,1,68,3,72,0,25,106,9,140,156,40,196,336
04/01/2006,TYR,TX,ASW,CE,Federal Contract Tower,0,9,1,0,10,0,16,54,1,71,0,25,55,1,81,96,0,96,177
04/02/2006,TYR,TX,ASW,CE,Federal Contract Tower,0,20,31,0,51,0,1,30,0,31,0,21,61,0,82,18,0,18,100
04/03/2006,TYR,TX,ASW,CE,Federal Contract Tower,0,24,19,1,44,0,3,104,0,107,0,27,123,1,151,108,0,108,259
04/04/2006,TYR,TX,ASW,CE,Federal Contract Tower,0,20,35,0,55,0,5,74,8,87,0,25,109,8,142,88,0,88,230
04/05/2006,TYR,TX,ASW,CE,Federal Contract Tower,0,21,31,0,52,0,4,40,0,44,0,25,71,0,96,16,0,16,112
04/06/2006,TYR,TX,ASW,CE,Federal Contract Tower,0,32,36,0,68,0,5,41,0,46,0,37,77,0,114,58,0,58,172
04/07/2006,TYR,TX,ASW,CE,Federal Contract Tower,0,40,30,0,70,0,2,54,0,56,0,42,84,0,126,44,0,44,170
04/08/2006,TYR,TX,ASW,CE,Federal Contract Tower,0,33,19,0,52,0,0,50,4,54,0,33,69,4,106,66,0,66,172
04/09/2006,TYR,TX,ASW,CE,Federal Contract Tower,0,22,13,0,35,0,1,60,0,61,0,23,73,0,96,30,0,30,126
04/10/2006,TYR,TX,ASW,CE,Federal Contract Tower,0,23,21,0,44,0,3,51,0,54,0,26,72,0,98,70,0,70,168
04/11/2006,TYR,TX,ASW,CE,Federal Contract Tower,0,26,27,0,53,0,7,64,0,71,0,33,91,0,124,62,0,62,186
04/12/2006,TYR,TX,ASW,CE,Federal Contract Tower,0,28,26,3,57,0,3,70,0,73,0,31,96,3,130,136,0,136,266
04/13/2006,TYR,TX,ASW,CE,Federal Contract Tower,0,25,25,0,50,0,0,57,0,57,0,25,82,0,107,64,0,64,171
04/14/2006,TYR,TX,ASW,CE,Federal Contract Tower,0,22,12,0,34,0,0,67,0,67,0,22,79,0,101,44,0,44,145
04/15/2006,TYR,TX,ASW,CE,Federal Contract Tower,0,20,25,0,45,0,0,63,4,67,0,20,88,4,112,86,0,86,198
04/16/2006,TYR,TX,ASW,CE,Federal Contract Tower,0,20,22,0,42,0,0,35,0,35,0,20,57,0,77,16,0,16,93
04/17/2006,TYR,TX,ASW,CE,Federal Contract Tower,0,21,21,0,42,0,2,52,0,54,0,23,73,0,96,80,0,80,176
04/18/2006,TYR,TX,ASW,CE,Federal Contract Tower,0,30,25,0,55,0,5,98,0,103,0,35,123,0,158,124,0,124,282
04/19/2006,TYR,TX,ASW,CE,Federal Contract Tower,0,27,27,0,54,0,0,84,0,84,0,27,111,0,138,76,0,76,214
04/20/2006,TYR,TX,ASW,CE,Federal Contract Tower,0,32,27,0,59,0,1,53,0,54,0,33,80,0,113,78,0,78,191
04/21/2006,TYR,TX,ASW,CE,Federal Contract Tower,0,28,42,0,70,0,0,47,0,47,0,28,89,0,117,28,0,28,145
04/22/2006,TYR,TX,ASW,CE,Federal Contract Tower,0,30,20,0,50,0,2,130,0,132,0,32,150,0,182,72,0,72,254
04/23/2006,TYR,TX,ASW,CE,Federal Contract Tower,0,35,19,0,54,0,0,68,0,68,0,35,87,0,122,86,0,86,208
04/24/2006,TYR,TX,ASW,CE,Federal Contract Tower,0,43,27,0,70,0,2,59,2,63,0,45,86,2,133,106,0,106,239
04/25/2006,TYR,TX,ASW,CE,Federal Contract Tower,0,27,19,0,46,0,2,16,0,18,0,29,35,0,64,22,0,22,86
04/26/2006,TYR,TX,ASW,CE,Federal Contract Tower,0,32,34,0,66,0,2,39,10,51,0,34,73,10,117,52,2,54,171
04/27/2006,TYR,TX,ASW,CE,Federal Contract Tower,0,23,45,2,70,0,3,98,0,101,0,26,143,2,171,134,6,140,311
04/28/2006,TYR,TX,ASW,CE,Federal Contract Tower,0,24,23,0,47,0,0,22,0,22,0,24,45,0,69,44,0,44,113
04/29/2006,TYR,TX,ASW,CE,Federal Contract Tower,0,20,9,0,29,0,0,15,4,19,0,20,24,4,48,20,0,20,68
04/30/2006,TYR,TX,ASW,CE,Federal Contract Tower,0,18,10,0,28,0,0,88,0,88,0,18,98,0,116,72,0,72,188
05/01/2006,TYR,TX,ASW,CE,Federal Contract Tower,0,23,12,0,35,0,2,67,4,73,0,25,79,4,108,72,0,72,180
05/02/2006,TYR,TX,ASW,CE,Federal Contract Tower,0,32,12,0,44,0,1,34,4,39,0,33,46,4,83,12,0,12,95
05/03/2006,TYR,TX,ASW,CE,Federal Contract Tower,0,28,28,0,56,0,0,45,0,45,0,28,73,0,101,34,0,34,135
05/04/2006,TYR,TX,ASW,CE,Federal Contract Tower,0,30,41,0,71,0,1,29,3,33,0,31,70,3,104,62,0,62,166
05/05/2006,TYR,TX,ASW,CE,Federal Contract Tower,0,29,30,0,59,0,1,45,0,46,0,30,75,0,105,24,0,24,129
05/06/2006,TYR,TX,ASW,CE,Federal Contract Tower,0,20,10,0,30,0,0,10,0,10,0,20,20,0,40,22,0,22,62
05/07/2006,TYR,TX,ASW,CE,Federal Contract Tower,0,26,27,0,53,0,0,20,0,20,0,26,47,0,73,46,0,46,119
05/08/2006,TYR,TX,ASW,CE,Federal Contract Tower,0,40,13,0,53,0,0,35,0,35,0,40,48,0,88,28,0,28,116
05/09/2006,TYR,TX,ASW,CE,Federal Contract Tower,0,42,24,0,66,0,0,22,0,22,0,42,46,0,88,46,0,46,134
05/10/2006,TYR,TX,ASW,CE,Federal Contract Tower,0,30,24,0,54,0,0,34,0,34,0,30,58,0,88,24,0,24,112
05/11/2006,TYR,TX,ASW,CE,Federal Contract Tower,0,25,17,0,42,0,1,73,1,75,0,26,90,1,117,72,0,72,189
05/12/2006,TYR,TX,ASW,CE,Federal Contract Tower,0,24,19,0,43,0,5,64,0,69,0,29,83,0,112,34,0,34,146
05/13/2006,TYR,TX,ASW,CE,Federal Contract Tower,0,23,17,0,40,0,2,71,0,73,0,25,88,0,113,64,0,64,177
05/14/2006,TYR,TX,ASW,CE,Federal Contract Tower,0,13,15,0,28,0,1,34,0,35,0,14,49,0,63,0,0,0,63
05/15/2006,TYR,TX,ASW,CE,Federal Contract Tower,0,15,21,0,36,0,4,49,0,53,0,19,70,0,89,30,0,30,119
05/16/2006,TYR,TX,ASW,CE,Federal Contract Tower,0,21,33,0,54,0,3,70,0,73,0,24,103,0,127,106,0,106,233
05/17/2006,TYR,TX,ASW,CE,Federal Contract Tower,0,23,30,0,53,0,4,72,0,76,0,27,102,0,129,52,0,52,181
05/18/2006,TYR,TX,ASW,CE,Federal Contract Tower,0,30,16,0,46,0,5,69,0,74,0,35,85,0,120,104,0,104,224
05/19/2006,TYR,TX,ASW,CE,Federal Contract Tower,0,27,23,0,50,0,0,51,0,51,0,27,74,0,101,24,0,24,125
05/20/2006,TYR,TX,ASW,CE,Federal Contract Tower,0,15,12,0,27,0,0,59,0,59,0,15,71,0,86,22,0,22,108
05/21/2006,TYR,TX,ASW,CE,Federal Contract Tower,0,16,14,0,30,0,2,49,2,53,0,18,63,2,83,34,2,36,119
05/22/2006,TYR,TX,ASW,CE,Federal Contract Tower,0,23,21,0,44,0,2,52,0,54,0,25,73,0,98,22,0,22,120
05/23/2006,TYR,TX,ASW,CE,Federal Contract Tower,0,24,26,0,50,0,2,64,0,66,0,26,90,0,116,74,0,74,190
05/24/2006,TYR,TX,ASW,CE,Federal Contract Tower,0,26,22,0,48,0,1,35,0,36,0,27,57,0,84,22,0,22,106
05/25/2006,TYR,TX,ASW,CE,Federal Contract Tower,0,35,16,0,51,0,1,49,1,51,0,36,65,1,102,54,0,54,156
05/26/2006,TYR,TX,ASW,CE,Federal Contract Tower,0,24,24,0,48,0,0,64,0,64,0,24,88,0,112,66,0,66,178
05/27/2006,TYR,TX,ASW,CE,Federal Contract Tower,0,15,13,0,28,0,0,40,0,40,0,15,53,0,68,28,0,28,96
05/28/2006,TYR,TX,ASW,CE,Federal Contract Tower,0,11,13,0,24,0,0,31,0,31,0,11,44,0,55,20,0,20,75
05/29/2006,TYR,TX,ASW,CE,Federal Contract Tower,0,16,14,0,30,0,0,63,0,63,0,16,77,0,93,54,0,54,147
05/30/2006,TYR,TX,ASW,CE,Federal Contract Tower,0,23,20,0,43,0,1,48,0,49,0,24,68,0,92,32,0,32,124
05/31/2006,TYR,TX,ASW,CE,Federal Contract Tower,0,22,17,0,39,0,2,55,0,57,0,24,72,0,96,93,0,93,189
06/01/2006,TYR,TX,ASW,CE,Federal Contract Tower,0,18,19,0,37,0,0,32,6,38,0,18,51,6,75,30,4,34,109
06/02/2006,TYR,TX,ASW,CE,Federal Contract Tower,0,21,23,0,44,0,2,62,0,64,0,23,85,0,108,38,0,38,146
06/03/2006,TYR,TX,ASW,CE,Federal Contract Tower,0,16,17,0,33,0,2,53,0,55,0,18,70,0,88,50,0,50,138
06/04/2006,TYR,TX,ASW,CE,Federal Contract Tower,0,18,21,0,39,0,0,38,0,38,0,18,59,0,77,30,0,30,107
06/05/2006,TYR,TX,ASW,CE,Federal Contract Tower,0,17,14,0,31,0,3,37,0,40,0,20,51,0,71,20,0,20,91
06/06/2006,TYR,TX,ASW,CE,Federal Contract Tower,0,26,26,2,54,0,1,42,1,44,0,27,68,3,98,28,8,36,134
06/07/2006,TYR,TX,ASW,CE,Federal Contract Tower,0,26,19,0,45,0,0,54,0,54,0,26,73,0,99,22,0,22,121
06/08/2006,TYR,TX,ASW,CE,Federal Contract Tower,0,33,9,0,42,0,1,50,0,51,0,34,59,0,93,24,0,24,117
06/09/2006,TYR,TX,ASW,CE,Federal Contract Tower,0,30,20,0,50,0,1,56,0,57,0,31,76,0,107,72,0,72,179
06/10/2006,TYR,TX,ASW,CE,Federal Contract Tower,0,25,6,0,31,0,10,67,0,77,0,35,73,0,108,78,0,78,186
06/11/2006,TYR,TX,ASW,CE,Federal Contract Tower,0,19,11,0,30,0,1,59,0,60,0,20,70,0,90,72,0,72,162
06/12/2006,TYR,TX,ASW,CE,Federal Contract Tower,0,25,20,0,45,0,3,51,0,54,0,28,71,0,99,34,0,34,133
06/13/2006,TYR,TX,ASW,CE,Federal Contract Tower,0,24,16,0,40,0,2,49,0,51,0,26,65,0,91,48,0,48,139
06/14/2006,TYR,TX,ASW,CE,Federal Contract Tower,0,26,17,0,43,0,0,55,0,55,0,26,72,0,98,50,0,50,148
06/15/2006,TYR,TX,ASW,CE,Federal Contract Tower,0,25,24,0,49,0,0,55,0,55,0,25,79,0,104,54,0,54,158
06/16/2006,TYR,TX,ASW,CE,Federal Contract Tower,0,27,16,1,44,0,2,40,0,42,0,29,56,1,86,52,0,52,138
06/17/2006,TYR,TX,ASW,CE,Federal Contract Tower,0,20,7,0,27,0,0,20,0,20,0,20,27,0,47,20,0,20,67
06/18/2006,TYR,TX,ASW,CE,Federal Contract Tower,0,13,10,1,24,0,0,26,0,26,0,13,36,1,50,54,0,54,104
06/19/2006,TYR,TX,ASW,CE,Federal Contract Tower,0,25,13,0,38,0,3,38,0,41,0,28,51,0,79,32,0,32,111
06/20/2006,TYR,TX,ASW,CE,Federal Contract Tower,0,28,9,0,37,0,1,42,0,43,0,29,51,0,80,34,0,34,114
06/21/2006,TYR,TX,ASW,CE,Federal Contract Tower,0,33,23,0,56,0,1,40,6,47,0,34,63,6,103,72,0,72,175
06/22/2006,TYR,TX,ASW,CE,Federal Contract Tower,0,21,15,0,36,0,1,66,2,69,0,22,81,2,105,68,0,68,173
06/23/2006,TYR,TX,ASW,CE,Federal Contract Tower,0,35,23,0,58,0,3,58,3,64,0,38,81,3,122,18,0,18,140
06/24/2006,TYR,TX,ASW,CE,Federal Contract Tower,0,17,18,0,35,0,1,42,0,43,0,18,60,0,78,22,0,22,100
06/25/2006,TYR,TX,ASW,CE,Federal Contract Tower,0,15,19,0,34,0,0,56,0,56,0,15,75,0,90,40,0,40,130
06/26/2006,TYR,TX,ASW,CE,Federal Contract Tower,0,30,13,0,43,0,0,50,0,50,0,30,63,0,93,54,0,54,147
06/27/2006,TYR,TX,ASW,CE,Federal Contract Tower,0,25,24,0,49,0,1,69,0,70,0,26,93,0,119,16,0,16,135
06/28/2006,TYR,TX,ASW,CE,Federal Contract Tower,0,29,13,0,42,0,1,86,0,87,0,30,99,0,129,72,0,72,201
06/29/2006,TYR,TX,ASW,CE,Federal Contract Tower,0,23,17,0,40,0,2,71,2,75,0,25,88,2,115,58,0,58,173
06/30/2006,TYR,TX,ASW,CE,Federal Contract Tower,0,27,20,0,47,0,0,77,0,77,0,27,97,0,124,64,0,64,188
07/01/2006,TYR,TX,ASW,CE,Federal Contract Tower,0,14,9,0,23,0,0,55,0,55,0,14,64,0,78,70,0,70,148
07/02/2006,TYR,TX,ASW,CE,Federal Contract Tower,0,16,14,0,30,0,0,51,0,51,0,16,65,0,81,56,0,56,137
07/03/2006,TYR,TX,ASW,CE,Federal Contract Tower,0,19,13,0,32,0,1,46,0,47,0,20,59,0,79,58,0,58,137
07/04/2006,TYR,TX,ASW,CE,Federal Contract Tower,0,28,9,0,37,0,0,38,0,38,0,28,47,0,75,90,0,90,165
07/05/2006,TYR,TX,ASW,CE,Federal Contract Tower,0,33,19,0,52,0,0,29,0,29,0,33,48,0,81,34,0,34,115
07/06/2006,TYR,TX,ASW,CE,Federal Contract Tower,0,28,18,0,46,0,0,20,0,20,0,28,38,0,66,32,0,32,98
07/07/2006,TYR,TX,ASW,CE,Federal Contract Tower,0,27,19,0,46,0,0,84,0,84,0,27,103,0,130,90,0,90,220
07/08/2006,TYR,TX,ASW,CE,Federal Contract Tower,0,18,6,0,24,0,0,54,2,56,0,18,60,2,80,22,4,26,106
07/09/2006,TYR,TX,ASW,CE,Federal Contract Tower,0,18,9,0,27,0,0,50,0,50,0,18,59,0,77,26,0,26,103
07/10/2006,TYR,TX,ASW,CE,Federal Contract Tower,0,19,18,6,43,0,2,39,0,41,0,21,57,6,84,30,6,36,120
07/11/2006,TYR,TX,ASW,CE,Federal Contract Tower,0,32,21,0,53,0,1,56,0,57,0,33,77,0,110,70,0,70,180
07/12/2006,TYR,TX,ASW,CE,Federal Contract Tower,0,24,14,2,40,0,1,52,0,53,0,25,66,2,93,36,0,36,129
07/13/2006,TYR,TX,ASW,CE,Federal Contract Tower,0,25,16,0,41,0,0,44,2,46,0,25,60,2,87,48,0,48,135
07/14/2006,TYR,TX,ASW,CE,Federal Contract Tower,0,26,30,1,57,0,2,63,1,66,0,28,93,2,123,46,0,46,169
07/15/2006,TYR,TX,ASW,CE,Federal Contract Tower,0,28,7,0,35,0,3,86,0,89,0,31,93,0,124,91,0,91,215
07/16/2006,TYR,TX,ASW,CE,Federal Contract Tower,0,23,10,0,33,0,0,60,0,60,0,23,70,0,93,58,0,58,151
07/17/2006,TYR,TX,ASW,CE,Federal Contract Tower,0,22,16,0,38,0,1,25,0,26,0,23,41,0,64,32,0,32,96
07/18/2006,TYR,TX,ASW,CE,Federal Contract Tower,0,28,21,0,49,0,4,63,0,67,0,32,84,0,116,46,0,46,162
07/19/2006,TYR,TX,ASW,CE,Federal Contract Tower,0,25,18,0,43,0,0,53,0,53,0,25,71,0,96,34,0,34,130
07/20/2006,TYR,TX,ASW,CE,Federal Contract Tower,0,23,16,0,39,0,0,54,0,54,0,23,70,0,93,56,0,56,149
07/21/2006,TYR,TX,ASW,CE,Federal Contract Tower,0,25,33,0,58,0,1,88,0,89,0,26,121,0,147,82,0,82,229
07/22/2006,TYR,TX,ASW,CE,Federal Contract Tower,0,17,13,0,30,0,0,51,0,51,0,17,64,0,81,28,0,28,109
07/23/2006,TYR,TX,ASW,CE,Federal Contract Tower,0,16,13,0,29,0,0,52,0,52,0,16,65,0,81,58,0,58,139
07/24/2006,TYR,TX,ASW,CE,Federal Contract Tower,0,22,20,0,42,0,1,42,0,43,0,23,62,0,85,26,0,26,111
07/25/2006,TYR,TX,ASW,CE,Federal Contract Tower,0,26,25,0,51,0,6,49,2,57,0,32,74,2,108,44,2,46,154
07/26/2006,TYR,TX,ASW,CE,Federal Contract Tower,0,22,37,0,59,0,0,27,0,27,0,22,64,0,86,14,0,14,100
07/27/2006,TYR,TX,ASW,CE,Federal Contract Tower,0,22,38,0,60,0,1,26,0,27,0,23,64,0,87,10,0,10,97
07/28/2006,TYR,TX,ASW,CE,Federal Contract Tower,0,32,14,0,46,0,6,33,0,39,0,38,47,0,85,26,0,26,111
07/29/2006,TYR,TX,ASW,CE,Federal Contract Tower,0,13,12,0,25,0,0,59,2,61,0,13,71,2,86,54,0,54,140
07/30/2006,TYR,TX,ASW,CE,Federal Contract Tower,0,23,5,0,28,0,0,59,0,59,0,23,64,0,87,34,0,34,121
07/31/2006,TYR,TX,ASW,CE,Federal Contract Tower,0,23,11,0,34,0,1,42,0,43,0,24,53,0,77,28,0,28,105
08/01/2006,TYR,TX,ASW,CE,Federal Contract Tower,0,26,10,0,36,0,1,65,0,66,0,27,75,0,102,42,0,42,144
08/02/2006,TYR,TX,ASW,CE,Federal Contract Tower,0,29,18,2,49,0,4,63,0,67,0,33,81,2,116,58,0,58,174
08/03/2006,TYR,TX,ASW,CE,Federal Contract Tower,0,30,13,0,43,0,0,44,0,44,0,30,57,0,87,34,0,34,121
08/04/2006,TYR,TX,ASW,CE,Federal Contract Tower,0,27,22,0,49,0,0,50,0,50,0,27,72,0,99,54,4,58,157
08/05/2006,TYR,TX,ASW,CE,Federal Contract Tower,0,17,7,0,24,0,0,53,0,53,0,17,60,0,77,38,0,38,115
08/06/2006,TYR,TX,ASW,CE,Federal Contract Tower,0,21,11,0,32,0,0,37,0,37,0,21,48,0,69,40,0,40,109
08/07/2006,TYR,TX,ASW,CE,Federal Contract Tower,0,26,13,0,39,0,1,32,0,33,0,27,45,0,72,26,0,26,98
08/08/2006,TYR,TX,ASW,CE,Federal Contract Tower,0,21,14,0,35,0,4,59,3,66,0,25,73,3,101,46,0,46,147
08/09/2006,TYR,TX,ASW,CE,Federal Contract Tower,0,28,11,0,39,0,0,75,1,76,0,28,86,1,115,30,0,30,145
08/10/2006,TYR,TX,ASW,CE,Federal Contract Tower,0,24,16,0,40,0,1,46,4,51,0,25,62,4,91,22,0,22,113
08/11/2006,TYR,TX,ASW,CE,Federal Contract Tower,0,34,16,0,50,0,4,72,2,78,0,38,88,2,128,30,0,30,158
08/12/2006,TYR,TX,ASW,CE,Federal Contract Tower,0,26,9,0,35,0,1,46,0,47,0,27,55,0,82,38,0,38,120
08/13/2006,TYR,TX,ASW,CE,Federal Contract Tower,0,20,7,0,27,0,0,59,0,59,0,20,66,0,86,30,0,30,116
08/14/2006,TYR,TX,ASW,CE,Federal Contract Tower,0,25,11,0,36,0,1,27,2,30,0,26,38,2,66,18,0,18,84
08/15/2006,TYR,TX,ASW,CE,Federal Contract Tower,0,30,21,0,51,0,0,51,0,51,0,30,72,0,102,72,0,72,174
08/16/2006,TYR,TX,ASW,CE,Federal Contract Tower,0,26,13,0,39,0,2,55,2,59,0,28,68,2,98,34,0,34,132
08/17/2006,TYR,TX,ASW,CE,Federal Contract Tower,0,24,20,0,44,0,0,56,0,56,0,24,76,0,100,24,0,24,124
08/18/2006,TYR,TX,ASW,CE,Federal Contract Tower,0,26,20,0,46,0,0,54,0,54,0,26,74,0,100,8,0,8,108
08/19/2006,TYR,TX,ASW,CE,Federal Contract Tower,0,16,11,8,35,0,0,61,0,61,0,16,72,8,96,66,18,84,180
08/20/2006,TYR,TX,ASW,CE,Federal Contract Tower,0,14,7,0,21,0,0,58,0,58,0,14,65,0,79,34,0,34,113
08/21/2006,TYR,TX,ASW,CE,Federal Contract Tower,0,22,7,0,29,0,0,47,4,51,0,22,54,4,80,22,6,28,108
08/22/2006,TYR,TX,ASW,CE,Federal Contract Tower,0,24,11,0,35,0,4,30,0,34,0,28,41,0,69,38,0,38,107
08/23/2006,TYR,TX,ASW,CE,Federal Contract Tower,0,27,11,0,38,0,1,37,0,38,0,28,48,0,76,28,0,28,104
08/24/2006,TYR,TX,ASW,CE,Federal Contract Tower,0,29,27,0,56,0,0,68,0,68,0,29,95,0,124,56,0,56,180
08/25/2006,TYR,TX,ASW,CE,Federal Contract Tower,0,27,11,1,39,0,0,64,1,65,0,27,75,2,104,56,2,58,162
08/26/2006,TYR,TX,ASW,CE,Federal Contract Tower,0,15,12,0,27,0,4,43,0,47,0,19,55,0,74,42,6,48,122
08/27/2006,TYR,TX,ASW,CE,Federal Contract Tower,0,25,29,0,54,0,0,41,2,43,0,25,70,2,97,56,0,56,153
08/28/2006,TYR,TX,ASW,CE,Federal Contract Tower,0,30,9,0,39,0,1,29,18,48,0,31,38,18,87,18,0,18,105
08/29/2006,TYR,TX,ASW,CE,Federal Contract Tower,0,23,24,0,47,0,1,51,0,52,0,24,75,0,99,48,0,48,147
08/30/2006,TYR,TX,ASW,CE,Federal Contract Tower,0,23,29,0,52,0,0,57,0,57,0,23,86,0,109,54,0,54,163
08/31/2006,TYR,TX,ASW,CE,Federal Contract Tower,0,28,31,0,59,0,0,98,0,98,0,28,129,0,157,56,0,56,213
09/01/2006,TYR,TX,ASW,CE,Federal Contract Tower,0,24,34,6,64,0,0,83,0,83,0,24,117,6,147,60,4,64,211
09/02/2006,TYR,TX,ASW,CE,Federal Contract Tower,0,15,15,0,30,0,2,75,0,77,0,17,90,0,107,106,0,106,213
09/03/2006,TYR,TX,ASW,CE,Federal Contract Tower,0,11,7,0,18,0,0,49,0,49,0,11,56,0,67,44,0,44,111
09/04/2006,TYR,TX,ASW,CE,Federal Contract Tower,0,17,29,2,48,0,0,49,0,49,0,17,78,2,97,48,0,48,145
09/05/2006,TYR,TX,ASW,CE,Federal Contract Tower,0,26,38,3,67,0,0,31,1,32,0,26,69,4,99,18,0,18,117
09/06/2006,TYR,TX,ASW,CE,Federal Contract Tower,0,23,12,0,35,0,1,32,2,35,0,24,44,2,70,20,0,20,90
09/07/2006,TYR,TX,ASW,CE,Federal Contract Tower,0,20,13,0,33,0,6,48,0,54,0,26,61,0,87,28,0,28,115
09/08/2006,TYR,TX,ASW,CE,Federal Contract Tower,0,23,18,0,41,0,0,62,2,64,0,23,80,2,105,48,0,48,153
09/09/2006,TYR,TX,ASW,CE,Federal Contract Tower,0,16,10,2,28,0,3,37,0,40,0,19,47,2,68,16,6,22,90
09/10/2006,TYR,TX,ASW,CE,Federal Contract Tower,0,15,9,0,24,0,0,45,0,45,0,15,54,0,69,24,0,24,93
09/11/2006,TYR,TX,ASW,CE,Federal Contract Tower,0,31,9,0,40,0,1,29,0,30,0,32,38,0,70,24,0,24,94
09/12/2006,TYR,TX,ASW,CE,Federal Contract Tower,0,27,16,12,55,0,0,80,0,80,0,27,96,12,135,84,0,84,219
09/13/2006,TYR,TX,ASW,CE,Federal Contract Tower,0,25,21,0,46,0,0,76,0,76,0,25,97,0,122,72,0,72,194
09/14/2006,TYR,TX,ASW,CE,Federal Contract Tower,0,27,18,0,45,0,0,61,0,61,0,27,79,0,106,54,0,54,160
09/15/2006,TYR,TX,ASW,CE,Federal Contract Tower,0,24,21,2,47,0,2,54,2,58,0,26,75,4,105,40,6,46,151
09/16/2006,TYR,TX,ASW,CE,Federal Contract Tower,0,19,5,0,24,0,0,34,0,34,0,19,39,0,58,36,0,36,94
09/17/2006,TYR,TX,ASW,CE,Federal Contract Tower,0,26,12,0,38,0,0,22,1,23,0,26,34,1,61,14,0,14,75
09/18/2006,TYR,TX,ASW,CE,Federal Contract Tower,0,23,17,0,40,0,0,28,0,28,0,23,45,0,68,22,0,22,90
09/19/2006,TYR,TX,ASW,CE,Federal Contract Tower,0,29,15,0,44,0,1,70,5,76,0,30,85,5,120,26,0,26,146
09/20/2006,TYR,TX,ASW,CE,Federal Contract Tower,0,22,24,1,47,0,0,43,0,43,0,22,67,1,90,16,8,24,114
09/21/2006,TYR,TX,ASW,CE,Federal Contract Tower,0,26,20,0,46,0,0,55,4,59,0,26,75,4,105,60,0,60,165
09/22/2006,TYR,TX,ASW,CE,Federal Contract Tower,0,21,13,0,34,0,0,21,2,23,0,21,34,2,57,8,0,8,65
09/23/2006,TYR,TX,ASW,CE,Federal Contract Tower,0,19,9,0,28,0,0,7,0,7,0,19,16,0,35,16,0,16,51
09/24/2006,TYR,TX,ASW,CE,Federal Contract Tower,0,16,14,0,30,0,1,43,0,44,0,17,57,0,74,64,0,64,138
09/25/2006,TYR,TX,ASW,CE,Federal Contract Tower,0,26,21,0,47,0,1,54,0,55,0,27,75,0,102,62,0,62,164
09/26/2006,TYR,TX,ASW,CE,Federal Contract Tower,0,26,27,0,53,0,3,89,3,95,0,29,116,3,148,128,0,128,276
09/27/2006,TYR,TX,ASW,CE,Federal Contract Tower,0,24,34,0,58,0,10,47,0,57,0,34,81,0,115,56,0,56,171
09/28/2006,TYR,TX,ASW,CE,Federal Contract Tower,0,30,11,0,41,0,0,50,0,50,0,30,61,0,91,32,0,32,123
09/29/2006,TYR,TX,ASW,CE,Federal Contract Tower,0,26,23,0,49,0,0,73,1,74,0,26,96,1,123,48,0,48,171
09/30/2006,TYR,TX,ASW,CE,Federal Contract Tower,0,16,16,0,32,0,0,45,0,45,0,16,61,0,77,22,0,22,99
10/01/2006,TYR,TX,ASW,CE,Federal Contract Tower,0,14,7,0,21,0,0,57,0,57,0,14,64,0,78,34,0,34,112
10/02/2006,TYR,TX,ASW,CE,Federal Contract Tower,0,22,17,0,39,0,3,49,0,52,0,25,66,0,91,42,0,42,133
10/03/2006,TYR,TX,ASW,CE,Federal Contract Tower,0,22,26,0,48,0,1,69,0,70,0,23,95,0,118,92,0,92,210
10/04/2006,TYR,TX,ASW,CE,Federal Contract Tower,0,25,16,0,41,0,0,57,0,57,0,25,73,0,98,82,0,82,180
10/05/2006,TYR,TX,ASW,CE,Federal Contract Tower,0,24,21,0,45,0,0,76,0,76,0,24,97,0,121,86,0,86,207
10/06/2006,TYR,TX,ASW,CE,Federal Contract Tower,0,23,19,0,42,0,0,67,0,67,0,23,86,0,109,50,0,50,159
10/07/2006,TYR,TX,ASW,CE,Federal Contract Tower,0,14,6,0,20,0,2,181,0,183,0,16,187,0,203,178,0,178,381
10/08/2006,TYR,TX,ASW,CE,Federal Contract Tower,0,15,17,0,32,0,1,51,2,54,0,16,68,2,86,24,0,24,110
10/09/2006,TYR,TX,ASW,CE,Federal Contract Tower,0,20,23,16,59,0,1,62,0,63,0,21,85,16,122,32,10,42,164
10/10/2006,TYR,TX,ASW,CE,Federal Contract Tower,0,25,28,0,53,0,0,13,0,13,0,25,41,0,66,20,0,20,86
10/11/2006,TYR,TX,ASW,CE,Federal Contract Tower,0,25,26,0,51,0,0,69,4,73,0,25,95,4,124,64,0,64,188
10/12/2006,TYR,TX,ASW,CE,Federal Contract Tower,0,24,19,0,43,0,0,25,2,27,0,24,44,2,70,46,0,46,116
10/13/2006,TYR,TX,ASW,CE,Federal Contract Tower,0,26,21,1,48,0,0,57,2,59,0,26,78,3,107,44,6,50,157
10/14/2006,TYR,TX,ASW,CE,Federal Contract Tower,0,15,14,8,37,0,0,58,0,58,0,15,72,8,95,38,16,54,149
10/15/2006,TYR,TX,ASW,CE,Federal Contract Tower,0,15,27,0,42,0,0,1,0,1,0,15,28,0,43,0,0,0,43
10/16/2006,TYR,TX,ASW,CE,Federal Contract Tower,0,23,9,0,32,0,0,1,0,1,0,23,10,0,33,0,0,0,33
10/17/2006,TYR,TX,ASW,CE,Federal Contract Tower,0,33,12,0,45,0,0,77,0,77,0,33,89,0,122,84,0,84,206
10/18/2006,TYR,TX,ASW,CE,Federal Contract Tower,0,18,26,0,44,0,1,49,0,50,0,19,75,0,94,54,0,54,148
10/19/2006,TYR,TX,ASW,CE,Federal Contract Tower,0,30,11,0,41,0,0,49,0,49,0,30,60,0,90,26,0,26,116
10/20/2006,TYR,TX,ASW,CE,Federal Contract Tower,0,23,27,0,50,0,1,85,1,87,0,24,112,1,137,70,0,70,207
10/21/2006,TYR,TX,ASW,CE,Federal Contract Tower,0,15,13,0,28,0,1,62,0,63,0,16,75,0,91,96,0,96,187
10/22/2006,TYR,TX,ASW,CE,Federal Contract Tower,0,21,18,0,39,0,0,81,0,81,0,21,99,0,120,62,0,62,182
10/23/2006,TYR,TX,ASW,CE,Federal Contract Tower,0,24,19,0,43,0,1,50,0,51,0,25,69,0,94,72,0,72,166
10/24/2006,TYR,TX,ASW,CE,Federal Contract Tower,0,25,33,0,58,0,4,82,3,89,0,29,115,3,147,158,2,160,307
10/25/2006,TYR,TX,ASW,CE,Federal Contract Tower,0,28,31,0,59,0,0,5,0,5,0,28,36,0,64,4,0,4,68
10/26/2006,TYR,TX,ASW,CE,Federal Contract Tower,0,26,26,0,52,0,1,22,0,23,0,27,48,0,75,62,0,62,137
10/27/2006,TYR,TX,ASW,CE,Federal Contract Tower,0,31,19,4,54,0,0,39,2,41,0,31,58,6,95,14,2,16,111
10/28/2006,TYR,TX,ASW,CE,Federal Contract Tower,0,14,18,5,37,0,3,92,0,95,0,17,110,5,132,76,8,84,216
10/29/2006,TYR,TX,ASW,CE,Federal Contract Tower,0,34,4,0,38,0,0,75,0,75,0,34,79,0,113,78,0,78,191
10/30/2006,TYR,TX,ASW,CE,Federal Contract Tower,0,23,23,0,46,0,1,36,0,37,0,24,59,0,83,22,0,22,105
10/31/2006,TYR,TX,ASW,CE,Federal Contract Tower,0,26,22,0,48,0,0,66,0,66,0,26,88,0,114,92,0,92,206
11/01/2006,TYR,TX,ASW,CE,Federal Contract Tower,0,23,34,0,57,0,1,19,0,20,0,24,53,0,77,32,0,32,109
11/02/2006,TYR,TX,ASW,CE,Federal Contract Tower,0,24,21,0,45,0,0,52,2,54,0,24,73,2,99,30,0,30,129
11/03/2006,TYR,TX,ASW,CE,Federal Contract Tower,0,24,32,0,56,0,0,79,0,79,0,24,111,0,135,94,0,94,229
11/04/2006,TYR,TX,ASW,CE,Federal Contract Tower,0,18,13,0,31,0,0,71,0,71,0,18,84,0,102,46,0,46,148
11/05/2006,TYR,TX,ASW,CE,Federal Contract Tower,0,27,12,0,39,0,0,31,0,31,0,27,43,0,70,14,0,14,84
11/06/2006,TYR,TX,ASW,CE,Federal Contract Tower,0,21,5,0,26,0,0,2,0,2,0,21,7,0,28,0,0,0,28
11/07/2006,TYR,TX,ASW,CE,Federal Contract Tower,0,22,20,0,42,0,1,68,0,69,0,23,88,0,111,90,0,90,201
11/08/2006,TYR,TX,ASW,CE,Federal Contract Tower,0,28,27,0,55,0,0,92,1,93,0,28,119,1,148,66,2,68,216
11/09/2006,TYR,TX,ASW,CE,Federal Contract Tower,0,24,32,0,56,0,0,42,0,42,0,24,74,0,98,56,0,56,154
11/10/2006,TYR,TX,ASW,CE,Federal Contract Tower,0,23,13,0,36,0,2,48,1,51,0,25,61,1,87,66,0,66,153
11/11/2006,TYR,TX,ASW,CE,Federal Contract Tower,0,14,4,0,18,0,0,55,0,55,0,14,59,0,73,38,0,38,111
11/12/2006,TYR,TX,ASW,CE,Federal Contract Tower,0,19,18,0,37,0,0,64,0,64,0,19,82,0,101,58,0,58,159
11/13/2006,TYR,TX,ASW,CE,Federal Contract Tower,0,23,22,0,45,0,2,46,0,48,0,25,68,0,93,50,0,50,143
11/14/2006,TYR,TX,ASW,CE,Federal Contract Tower,0,24,30,0,54,0,1,20,0,21,0,25,50,0,75,54,0,54,129
11/15/2006,TYR,TX,ASW,CE,Federal Contract Tower,0,27,22,0,49,0,0,7,0,7,0,27,29,0,56,2,0,2,58
11/16/2006,TYR,TX,ASW,CE,Federal Contract Tower,0,34,26,0,60,0,0,52,0,52,0,34,78,0,112,54,0,54,166
11/17/2006,TYR,TX,ASW,CE,Federal Contract Tower,0,28,31,3,62,0,0,82,2,84,0,28,113,5,146,104,0,104,250
11/18/2006,TYR,TX,ASW,CE,Federal Contract Tower,0,19,9,0,28,0,0,117,0,117,0,19,126,0,145,102,0,102,247
11/19/2006,TYR,TX,ASW,CE,Federal Contract Tower,0,16,8,0,24,0,8,97,0,105,0,24,105,0,129,102,0,102,231
11/20/2006,TYR,TX,ASW,CE,Federal Contract Tower,0,23,13,0,36,0,0,41,2,43,0,23,54,2,79,80,0,80,159
11/21/2006,TYR,TX,ASW,CE,Federal Contract Tower,0,26,31,0,57,0,2,95,0,97,0,28,126,0,154,60,0,60,214
11/22/2006,TYR,TX,ASW,CE,Federal Contract Tower,0,25,20,0,45,0,0,77,0,77,0,25,97,0,122,46,0,46,168
11/23/2006,TYR,TX,ASW,CE,Federal Contract Tower,0,20,8,0,28,0,2,38,0,40,0,22,46,0,68,14,0,14,82
11/24/2006,TYR,TX,ASW,CE,Federal Contract Tower,0,20,17,0,37,0,5,54,0,59,0,25,71,0,96,58,0,58,154
11/25/2006,TYR,TX,ASW,CE,Federal Contract Tower,0,20,13,0,33,0,0,61,0,61,0,20,74,0,94,54,0,54,148
11/26/2006,TYR,TX,ASW,CE,Federal Contract Tower,0,20,30,0,50,0,0,55,0,55,0,20,85,0,105,30,0,30,135
11/27/2006,TYR,TX,ASW,CE,Federal Contract Tower,0,24,22,0,46,0,0,14,2,16,0,24,36,2,62,8,0,8,70
11/28/2006,TYR,TX,ASW,CE,Federal Contract Tower,0,27,42,0,69,0,0,21,0,21,0,27,63,0,90,48,0,48,138
11/29/2006,TYR,TX,ASW,CE,Federal Contract Tower,0,31,32,0,63,0,0,21,0,21,0,31,53,0,84,16,0,16,100
11/30/2006,TYR,TX,ASW,CE,Federal Contract Tower,0,19,8,2,29,0,2,4,0,6,0,21,12,2,35,0,0,0,35
12/01/2006,TYR,TX,ASW,CE,Federal Contract Tower,0,24,26,0,50,0,0,31,0,31,0,24,57,0,81,18,0,18,99
12/02/2006,TYR,TX,ASW,CE,Federal Contract Tower,0,20,21,0,41,0,0,62,0,62,0,20,83,0,103,54,0,54,157
12/03/2006,TYR,TX,ASW,CE,Federal Contract Tower,0,15,11,0,26,0,0,62,0,62,0,15,73,0,88,90,0,90,178
12/04/2006,TYR,TX,ASW,CE,Federal Contract Tower,0,25,15,0,40,0,2,55,0,57,0,27,70,0,97,30,0,30,127
12/05/2006,TYR,TX,ASW,CE,Federal Contract Tower,0,22,25,0,47,0,0,60,0,60,0,22,85,0,107,72,0,72,179
12/06/2006,TYR,TX,ASW,CE,Federal Contract Tower,0,24,25,2,51,0,0,53,2,55,0,24,78,4,106,58,0,58,164
12/07/2006,TYR,TX,ASW,CE,Federal Contract Tower,0,23,30,0,53,0,0,57,0,57,0,23,87,0,110,114,0,114,224
12/08/2006,TYR,TX,ASW,CE,Federal Contract Tower,0,22,31,7,60,0,3,67,4,74,0,25,98,11,134,26,6,32,166
12/09/2006,TYR,TX,ASW,CE,Federal Contract Tower,0,15,12,0,27,0,0,50,0,50,0,15,62,0,77,66,0,66,143
12/10/2006,TYR,TX,ASW,CE,Federal Contract Tower,0,16,10,0,26,0,0,10,0,10,0,16,20,0,36,10,0,10,46
12/11/2006,TYR,TX,ASW,CE,Federal Contract Tower,0,19,18,0,37,0,0,6,0,6,0,19,24,0,43,2,0,2,45
12/12/2006,TYR,TX,ASW,CE,Federal Contract Tower,0,22,16,0,38,0,1,82,0,83,0,23,98,0,121,90,0,90,211
12/13/2006,TYR,TX,ASW,CE,Federal Contract Tower,0,22,29,1,52,0,0,87,0,87,0,22,116,1,139,70,6,76,215
12/14/2006,TYR,TX,ASW,CE,Federal Contract Tower,0,23,27,0,50,0,0,64,0,64,0,23,91,0,114,76,0,76,190
12/15/2006,TYR,TX,ASW,CE,Federal Contract Tower,0,23,26,0,49,0,0,38,0,38,0,23,64,0,87,86,0,86,173
12/16/2006,TYR,TX,ASW,CE,Federal Contract Tower,0,28,24,0,52,0,0,28,2,30,0,28,52,2,82,46,0,46,128
12/17/2006,TYR,TX,ASW,CE,Federal Contract Tower,0,21,16,1,38,0,0,42,1,43,0,21,58,2,81,52,0,52,133
12/18/2006,TYR,TX,ASW,CE,Federal Contract Tower,0,21,17,10,48,0,0,22,0,22,0,21,39,10,70,130,10,140,210
12/19/2006,TYR,TX,ASW,CE,Federal Contract Tower,0,26,22,0,48,0,0,0,0,0,0,26,22,0,48,0,0,0,48
12/20/2006,TYR,TX,ASW,CE,Federal Contract Tower,0,31,17,0,48,0,0,5,1,6,0,31,22,1,54,8,2,10,64
12/21/2006,TYR,TX,ASW,CE,Federal Contract Tower,0,21,24,0,45,0,4,56,0,60,0,25,80,0,105,74,0,74,179
12/22/2006,TYR,TX,ASW,CE,Federal Contract Tower,0,27,31,0,58,0,1,78,0,79,0,28,109,0,137,50,0,50,187
12/23/2006,TYR,TX,ASW,CE,Federal Contract Tower,0,16,14,0,30,0,0,57,0,57,0,16,71,0,87,38,0,38,125
12/24/2006,TYR,TX,ASW,CE,Federal Contract Tower,0,13,9,0,22,0,0,0,0,0,0,13,9,0,22,0,0,0,22
12/25/2006,TYR,TX,ASW,CE,Federal Contract Tower,0,11,3,0,14,0,6,10,0,16,0,17,13,0,30,0,0,0,30
12/26/2006,TYR,TX,ASW,CE,Federal Contract Tower,0,25,13,0,38,0,8,66,2,76,0,33,79,2,114,62,0,62,176
12/27/2006,TYR,TX,ASW,CE,Federal Contract Tower,0,25,19,0,44,0,0,66,2,68,0,25,85,2,112,50,0,50,162
12/28/2006,TYR,TX,ASW,CE,Federal Contract Tower,0,28,17,0,45,0,0,40,2,42,0,28,57,2,87,44,0,44,131
12/29/2006,TYR,TX,ASW,CE,Federal Contract Tower,0,21,13,0,34,0,0,1,0,1,0,21,14,0,35,2,0,2,37
12/30/2006,TYR,TX,ASW,CE,Federal Contract Tower,0,17,12,0,29,0,0,17,0,17,0,17,29,0,46,36,0,36,82
12/31/2006,TYR,TX,ASW,CE,Federal Contract Tower,0,11,6,0,17,0,1,42,0,43,0,12,48,0,60,30,0,30,90
01/01/2007,TYR,TX,ASW,CE,Federal Contract Tower,0,14,7,0,21,0,0,46,0,46,0,14,53,0,67,42,0,42,109
01/02/2007,TYR,TX,ASW,CE,Federal Contract Tower,0,23,29,0,52,0,1,43,0,44,0,24,72,0,96,44,0,44,140
01/03/2007,TYR,TX,ASW,CE,Federal Contract Tower,0,27,24,2,53,0,0,49,0,49,0,27,73,2,102,84,0,84,186
01/04/2007,TYR,TX,ASW,CE,Federal Contract Tower,0,25,22,0,47,0,1,0,0,1,0,26,22,0,48,0,0,0,48
01/05/2007,TYR,TX,ASW,CE,Federal Contract Tower,0,30,27,0,57,0,0,25,0,25,0,30,52,0,82,12,0,12,94
01/06/2007,TYR,TX,ASW,CE,Federal Contract Tower,0,22,14,0,36,0,0,38,2,40,0,22,52,2,76,52,12,64,140
01/07/2007,TYR,TX,ASW,CE,Federal Contract Tower,0,17,17,4,38,0,0,47,0,47,0,17,64,4,85,52,0,52,137
01/08/2007,TYR,TX,ASW,CE,Federal Contract Tower,0,24,8,5,37,0,1,84,3,88,0,25,92,8,125,102,2,104,229
01/09/2007,TYR,TX,ASW,CE,Federal Contract Tower,0,25,20,0,45,0,6,77,14,97,0,31,97,14,142,94,0,94,236
01/10/2007,TYR,TX,ASW,CE,Federal Contract Tower,0,28,24,2,54,0,2,95,0,97,0,30,119,2,151,122,10,132,283
01/11/2007,TYR,TX,ASW,CE,Federal Contract Tower,0,26,26,0,52,0,0,20,0,20,0,26,46,0,72,22,0,22,94
01/12/2007,TYR,TX,ASW,CE,Federal Contract Tower,0,41,32,0,73,0,0,16,0,16,0,41,48,0,89,32,0,32,121
01/13/2007,TYR,TX,ASW,CE,Federal Contract Tower,0,9,8,0,17,0,0,0,0,0,0,9,8,0,17,0,0,0,17
01/14/2007,TYR,TX,ASW,CE,Federal Contract Tower,0,17,9,0,26,0,0,0,0,0,0,17,9,0,26,0,0,0,26
01/15/2007,TYR,TX,ASW,CE,Federal Contract Tower,0,11,9,0,20,0,0,2,0,2,0,11,11,0,22,2,0,2,24
01/16/2007,TYR,TX,ASW,CE,Federal Contract Tower,0,25,7,0,32,0,0,13,0,13,0,25,20,0,45,16,0,16,61
01/17/2007,TYR,TX,ASW,CE,Federal Contract Tower,0,16,7,0,23,0,0,5,0,5,0,16,12,0,28,12,0,12,40
01/18/2007,TYR,TX,ASW,CE,Federal Contract Tower,0,24,29,0,53,0,1,11,0,12,0,25,40,0,65,14,0,14,79
01/19/2007,TYR,TX,ASW,CE,Federal Contract Tower,0,23,15,2,40,0,4,21,0,25,0,27,36,2,65,36,16,52,117
01/20/2007,TYR,TX,ASW,CE,Federal Contract Tower,0,13,8,0,21,0,0,4,0,4,0,13,12,0,25,10,13,23,48
01/21/2007,TYR,TX,ASW,CE,Federal Contract Tower,0,15,3,0,18,0,0,53,0,53,0,15,56,0,71,56,0,56,127
01/22/2007,TYR,TX,ASW,CE,Federal Contract Tower,0,24,7,0,31,0,6,40,0,46,0,30,47,0,77,44,0,44,121
01/23/2007,TYR,TX,ASW,CE,Federal Contract Tower,0,35,27,0,62,0,0,52,0,52,0,35,79,0,114,76,0,76,190
01/24/2007,TYR,TX,ASW,CE,Federal Contract Tower,0,23,33,0,56,0,0,51,0,51,0,23,84,0,107,32,0,32,139
01/25/2007,TYR,TX,ASW,CE,Federal Contract Tower,0,25,30,0,55,0,0,68,0,68,0,25,98,0,123,78,0,78,201
01/26/2007,TYR,TX,ASW,CE,Federal Contract Tower,0,29,10,0,39,0,1,74,0,75,0,30,84,0,114,68,0,68,182
01/27/2007,TYR,TX,ASW,CE,Federal Contract Tower,0,15,18,2,35,0,0,34,0,34,0,15,52,2,69,34,6,40,109
01/28/2007,TYR,TX,ASW,CE,Federal Contract Tower,0,17,7,0,24,0,0,76,0,76,0,17,83,0,100,66,0,66,166
01/29/2007,TYR,TX,ASW,CE,Federal Contract Tower,0,43,20,0,63,0,1,61,0,62,0,44,81,0,125,68,0,68,193
01/30/2007,TYR,TX,ASW,CE,Federal Contract Tower,0,24,27,0,51,0,1,51,0,52,0,25,78,0,103,38,0,38,141
01/31/2007,TYR,TX,ASW,CE,Federal Contract Tower,0,24,23,0,47,0,0,28,0,28,0,24,51,0,75,22,0,22,97
02/01/2007,TYR,TX,ASW,CE,Federal Contract Tower,0,23,22,0,45,0,0,0,0,0,0,23,22,0,45,0,0,0,45
02/02/2007,TYR,TX,ASW,CE,Federal Contract Tower,0,22,33,0,55,0,1,49,0,50,0,23,82,0,105,54,0,54,159
02/03/2007,TYR,TX,ASW,CE,Federal Contract Tower,0,17,15,0,32,0,0,63,2,65,0,17,78,2,97,52,0,52,149
02/04/2007,TYR,TX,ASW,CE,Federal Contract Tower,0,13,20,0,33,0,2,75,0,77,0,15,95,0,110,70,0,70,180
02/05/2007,TYR,TX,ASW,CE,Federal Contract Tower,0,21,17,0,38,0,1,47,4,52,0,22,64,4,90,42,0,42,132
02/06/2007,TYR,TX,ASW,CE,Federal Contract Tower,0,25,17,0,42,0,1,58,0,59,0,26,75,0,101,32,0,32,133
02/07/2007,TYR,TX,ASW,CE,Federal Contract Tower,0,23,32,0,55,0,1,21,2,24,0,24,53,2,79,14,0,14,93
02/08/2007,TYR,TX,ASW,CE,Federal Contract Tower,0,24,47,0,71,0,1,0,0,1,0,25,47,0,72,6,0,6,78
02/09/2007,TYR,TX,ASW,CE,Federal Contract Tower,0,21,21,2,44,0,0,12,0,12,0,21,33,2,56,18,0,18,74
02/10/2007,TYR,TX,ASW,CE,Federal Contract Tower,0,14,8,0,22,0,3,47,0,50,0,17,55,0,72,68,0,68,140
02/11/2007,TYR,TX,ASW,CE,Federal Contract Tower,0,14,23,0,37,0,2,14,0,16,0,16,37,0,53,44,0,44,97
02/12/2007,TYR,TX,ASW,CE,Federal Contract Tower,0,24,7,0,31,0,0,0,0,0,0,24,7,0,31,6,0,6,37
02/13/2007,TYR,TX,ASW,CE,Federal Contract Tower,0,24,30,0,54,0,0,18,0,18,0,24,48,0,72,26,0,26,98
02/14/2007,TYR,TX,ASW,CE,Federal Contract Tower,0,25,14,0,39,0,0,26,0,26,0,25,40,0,65,38,0,38,103
02/15/2007,TYR,TX,ASW,CE,Federal Contract Tower,0,24,27,0,51,0,0,23,6,29,0,24,50,6,80,52,0,52,132
02/16/2007,TYR,TX,ASW,CE,Federal Contract Tower,0,22,15,3,40,0,1,72,0,73,0,23,87,3,113,22,4,26,139
02/17/2007,TYR,TX,ASW,CE,Federal Contract Tower,0,17,20,0,37,0,0,39,0,39,0,17,59,0,76,38,0,38,114
02/18/2007,TYR,TX,ASW,CE,Federal Contract Tower,0,13,18,0,31,0,0,91,0,91,0,13,109,0,122,70,0,70,192
02/19/2007,TYR,TX,ASW,CE,Federal Contract Tower,0,21,11,1,33,0,0,65,0,65,0,21,76,1,98,28,0,28,126
02/20/2007,TYR,TX,ASW,CE,Federal Contract Tower,0,25,29,0,54,0,0,29,2,31,0,25,58,2,85,34,0,34,119
02/21/2007,TYR,TX,ASW,CE,Federal Contract Tower,0,26,29,0,55,0,1,96,0,97,0,27,125,0,152,72,0,72,224
02/22/2007,TYR,TX,ASW,CE,Federal Contract Tower,0,27,18,0,45,0,1,88,2,91,0,28,106,2,136,54,0,54,190
02/23/2007,TYR,TX,ASW,CE,Federal Contract Tower,0,26,24,0,50,0,1,46,0,47,0,27,70,0,97,52,0,52,149
02/24/2007,TYR,TX,ASW,CE,Federal Contract Tower,0,19,12,6,37,0,0,10,1,11,0,19,22,7,48,8,44,52,100
02/25/2007,TYR,TX,ASW,CE,Federal Contract Tower,0,15,21,0,36,0,0,91,0,91,0,15,112,0,127,70,0,70,197
02/26/2007,TYR,TX,ASW,CE,Federal Contract Tower,0,19,21,0,40,0,3,53,0,56,0,22,74,0,96,72,0,72,168
02/27/2007,TYR,TX,ASW,CE,Federal Contract Tower,0,22,31,4,57,0,2,88,0,90,0,24,119,4,147,86,4,90,237
02/28/2007,TYR,TX,ASW,CE,Federal Contract Tower,0,22,26,0,48,0,0,17,0,17,0,22,43,0,65,8,0,8,73
03/01/2007,TYR,TX,ASW,CE,Federal Contract Tower,0,22,18,0,40,0,5,41,2,48,0,27,59,2,88,22,0,22,110
03/02/2007,TYR,TX,ASW,CE,Federal Contract Tower,0,22,11,0,33,0,5,64,2,71,0,27,75,2,104,14,0,14,118
03/03/2007,TYR,TX,ASW,CE,Federal Contract Tower,0,15,11,0,26,0,0,66,0,66,0,15,77,0,92,66,0,66,158
03/04/2007,TYR,TX,ASW,CE,Federal Contract Tower,0,16,11,10,37,0,0,82,0,82,0,16,93,10,119,52,4,56,175
03/05/2007,TYR,TX,ASW,CE,Federal Contract Tower,0,23,7,0,30,0,0,92,0,92,0,23,99,0,122,76,0,76,198
03/06/2007,TYR,TX,ASW,CE,Federal Contract Tower,0,29,14,0,43,0,0,72,8,80,0,29,86,8,123,60,0,60,183
03/07/2007,TYR,TX,ASW,CE,Federal Contract Tower,0,27,18,0,45,0,3,64,2,69,0,30,82,2,114,44,0,44,158
03/08/2007,TYR,TX,ASW,CE,Federal Contract Tower,0,35,19,0,54,0,1,78,0,79,0,36,97,0,133,102,0,102,235
03/09/2007,TYR,TX,ASW,CE,Federal Contract Tower,0,22,15,0,37,0,7,68,0,75,0,29,83,0,112,44,0,44,156
03/10/2007,TYR,TX,ASW,CE,Federal Contract Tower,0,15,24,0,39,0,0,95,0,95,0,15,119,0,134,84,0,84,218
03/11/2007,TYR,TX,ASW,CE,Federal Contract Tower,0,14,16,0,30,0,0,21,0,21,0,14,37,0,51,56,0,56,107
03/12/2007,TYR,TX,ASW,CE,Federal Contract Tower,0,22,6,0,28,0,0,0,0,0,0,22,6,0,28,6,0,6,34
03/13/2007,TYR,TX,ASW,CE,Federal Contract Tower,0,29,19,0,48,0,0,8,0,8,0,29,27,0,56,32,0,32,88
03/14/2007,TYR,TX,ASW,CE,Federal Contract Tower,0,24,21,0,45,0,0,8,0,8,0,24,29,0,53,10,0,10,63
03/15/2007,TYR,TX,ASW,CE,Federal Contract Tower,0,22,25,2,49,0,1,40,0,41,0,23,65,2,90,6,2,8,98
03/16/2007,TYR,TX,ASW,CE,Federal Contract Tower,0,25,11,2,38,0,0,31,0,31,0,25,42,2,69,16,0,16,85
03/17/2007,TYR,TX,ASW,CE,Federal Contract Tower,0,16,13,2,31,0,0,81,0,81,0,16,94,2,112,74,0,74,186
03/18/2007,TYR,TX,ASW,CE,Federal Contract Tower,0,20,16,0,36,0,0,16,0,16,0,20,32,0,52,20,0,20,72
03/19/2007,TYR,TX,ASW,CE,Federal Contract Tower,0,42,19,0,61,0,0,32,0,32,0,42,51,0,93,38,0,38,131
03/20/2007,TYR,TX,ASW,CE,Federal Contract Tower,0,34,28,0,62,0,0,35,0,35,0,34,63,0,97,46,0,46,143
03/21/2007,TYR,TX,ASW,CE,Federal Contract Tower,0,24,32,0,56,0,0,21,0,21,0,24,53,0,77,8,0,8,85
03/22/2007,TYR,TX,ASW,CE,Federal Contract Tower,0,29,26,0,55,0,0,42,1,43,0,29,68,1,98,32,0,32,130
03/23/2007,TYR,TX,ASW,CE,Federal Contract Tower,0,33,27,0,60,0,0,36,1,37,0,33,63,1,97,48,0,48,145
03/24/2007,TYR,TX,ASW,CE,Federal Contract Tower,0,22,15,0,37,0,0,32,3,35,0,22,47,3,72,68,0,68,140
03/25/2007,TYR,TX,ASW,CE,Federal Contract Tower,0,15,17,0,32,0,0,16,0,16,0,15,33,0,48,14,0,14,62
03/26/2007,TYR,TX,ASW,CE,Federal Contract Tower,0,26,16,0,42,0,0,8,0,8,0,26,24,0,50,2,0,2,52
03/27/2007,TYR,TX,ASW,CE,Federal Contract Tower,0,23,26,0,49,0,0,22,0,22,0,23,48,0,71,48,0,48,119
03/28/2007,TYR,TX,ASW,CE,Federal Contract Tower,0,29,43,0,72,0,0,53,2,55,0,29,96,2,127,100,0,100,227
03/29/2007,TYR,TX,ASW,CE,Federal Contract Tower,0,25,32,0,57,0,0,16,4,20,0,25,48,4,77,12,0,12,89
03/30/2007,TYR,TX,ASW,CE,Federal Contract Tower,0,23,29,0,52,0,0,16,0,16,0,23,45,0,68,19,0,19,87
03/31/2007,TYR,TX,ASW,CE,Federal Contract Tower,0,17,12,0,29,0,0,67,1,68,0,17,79,1,97,32,0,32,129
04/01/2007,TYR,TX,ASW,CE,Federal Contract Tower,0,19,10,0,29,0,0,92,0,92,0,19,102,0,121,86,0,86,207
04/02/2007,TYR,TX,ASW,CE,Federal Contract Tower,0,21,31,0,52,0,0,79,0,79,0,21,110,0,131,72,0,72,203
04/03/2007,TYR,TX,ASW,CE,Federal Contract Tower,0,27,38,4,69,0,1,58,0,59,0,28,96,4,128,38,10,48,176
04/04/2007,TYR,TX,ASW,CE,Federal Contract Tower,0,23,33,4,60,0,2,57,0,59,0,25,90,4,119,66,0,66,185
04/05/2007,TYR,TX,ASW,CE,Federal Contract Tower,0,28,34,3,65,0,0,75,1,76,0,28,109,4,141,66,0,66,207
04/06/2007,TYR,TX,ASW,CE,Federal Contract Tower,0,21,28,0,49,0,2,42,1,45,0,23,70,1,94,50,0,50,144
04/07/2007,TYR,TX,ASW,CE,Federal Contract Tower,0,12,1,0,13,0,1,2,0,3,0,13,3,0,16,2,0,2,18
04/08/2007,TYR,TX,ASW,CE,Federal Contract Tower,0,16,15,0,31,0,2,28,0,30,0,18,43,0,61,24,0,24,85
04/09/2007,TYR,TX,ASW,CE,Federal Contract Tower,0,19,20,0,39,0,0,47,0,47,0,19,67,0,86,52,0,52,138
04/10/2007,TYR,TX,ASW,CE,Federal Contract Tower,0,24,31,0,55,0,1,4,2,7,0,25,35,2,62,14,0,14,76
04/11/2007,TYR,TX,ASW,CE,Federal Contract Tower,0,23,30,2,55,0,1,57,1,59,0,24,87,3,114,40,0,40,154
04/12/2007,TYR,TX,ASW,CE,Federal Contract Tower,0,22,29,0,51,0,1,34,0,35,0,23,63,0,86,4,0,4,90
04/13/2007,TYR,TX,ASW,CE,Federal Contract Tower,0,24,23,0,47,0,5,11,0,16,0,29,34,0,63,12,0,12,75
04/14/2007,TYR,TX,ASW,CE,Federal Contract Tower,0,12,10,0,22,0,5,13,0,18,0,17,23,0,40,6,0,6,46
04/15/2007,TYR,TX,ASW,CE,Federal Contract Tower,0,18,15,0,33,0,0,102,0,102,0,18,117,0,135,78,0,78,213
04/16/2007,TYR,TX,ASW,CE,Federal Contract Tower,0,24,21,0,45,0,0,58,0,58,0,24,79,0,103,26,0,26,129
04/17/2007,TYR,TX,ASW,CE,Federal Contract Tower,0,27,20,0,47,0,5,27,0,32,0,32,47,0,79,44,0,44,123
04/18/2007,TYR,TX,ASW,CE,Federal Contract Tower,0,26,40,0,66,0,0,25,0,25,0,26,65,0,91,18,0,18,109
04/19/2007,TYR,TX,ASW,CE,Federal Contract Tower,0,27,31,0,58,0,2,71,0,73,0,29,102,0,131,68,0,68,199
04/20/2007,TYR,TX,ASW,CE,Federal Contract Tower,0,27,18,0,45,0,5,51,1,57,0,32,69,1,102,38,0,38,140
04/21/2007,TYR,TX,ASW,CE,Federal Contract Tower,0,33,15,0,48,0,1,57,0,58,0,34,72,0,106,44,0,44,150
04/22/2007,TYR,TX,ASW,CE,Federal Contract Tower,0,15,16,0,31,0,11,26,0,37,0,26,42,0,68,16,0,16,84
04/23/2007,TYR,TX,ASW,CE,Federal Contract Tower,0,24,35,0,59,0,0,25,0,25,0,24,60,0,84,22,0,22,106
04/24/2007,TYR,TX,ASW,CE,Federal Contract Tower,0,25,17,0,42,0,0,16,0,16,0,25,33,0,58,24,0,24,82
04/25/2007,TYR,TX,ASW,CE,Federal Contract Tower,0,28,15,2,45,0,3,38,0,41,0,31,53,2,86,80,0,80,166
04/26/2007,TYR,TX,ASW,CE,Federal Contract Tower,0,26,24,0,50,0,0,64,7,71,0,26,88,7,121,60,0,60,181
04/27/2007,TYR,TX,ASW,CE,Federal Contract Tower,0,23,19,6,48,0,0,68,2,70,0,23,87,8,118,108,22,130,248
04/28/2007,TYR,TX,ASW,CE,Federal Contract Tower,0,28,16,0,44,0,1,84,0,85,0,29,100,0,129,84,0,84,213
04/29/2007,TYR,TX,ASW,CE,Federal Contract Tower,0,16,11,0,27,0,0,69,0,69,0,16,80,0,96,36,0,36,132
04/30/2007,TYR,TX,ASW,CE,Federal Contract Tower,0,22,17,0,39,0,1,32,0,33,0,23,49,0,72,72,0,72,144
05/01/2007,TYR,TX,ASW,CE,Federal Contract Tower,0,25,18,0,43,0,1,5,0,6,0,26,23,0,49,10,0,10,59
05/02/2007,TYR,TX,ASW,CE,Federal Contract Tower,0,34,39,9,82,0,1,25,0,26,0,35,64,9,108,42,0,42,150
05/03/2007,TYR,TX,ASW,CE,Federal Contract Tower,0,17,18,0,35,0,2,3,0,5,0,19,21,0,40,4,0,4,44
05/04/2007,TYR,TX,ASW,CE,Federal Contract Tower,0,33,35,0,68,0,2,33,1,36,0,35,68,1,104,72,2,74,178
05/05/2007,TYR,TX,ASW,CE,Federal Contract Tower,0,21,18,0,39,0,0,19,0,19,0,21,37,0,58,50,0,50,108
05/06/2007,TYR,TX,ASW,CE,Federal Contract Tower,0,20,24,0,44,0,0,50,0,50,0,20,74,0,94,42,0,42,136
05/07/2007,TYR,TX,ASW,CE,Federal Contract Tower,0,24,28,2,54,0,1,58,9,68,0,25,86,11,122,90,6,96,218
05/08/2007,TYR,TX,ASW,CE,Federal Contract Tower,0,26,38,0,64,0,1,42,0,43,0,27,80,0,107,50,0,50,157
05/09/2007,TYR,TX,ASW,CE,Federal Contract Tower,0,28,38,0,66,0,1,28,0,29,0,29,66,0,95,58,0,58,153
05/10/2007,TYR,TX,ASW,CE,Federal Contract Tower,0,26,30,0,56,0,0,27,0,27,0,26,57,0,83,70,0,70,153
05/11/2007,TYR,TX,ASW,CE,Federal Contract Tower,0,24,32,2,58,0,5,64,0,69,0,29,96,2,127,16,0,16,143
05/12/2007,TYR,TX,ASW,CE,Federal Contract Tower,0,14,13,0,27,0,1,52,0,53,0,15,65,0,80,38,0,38,118
05/13/2007,TYR,TX,ASW,CE,Federal Contract Tower,0,33,15,2,50,0,2,53,1,56,0,35,68,3,106,24,2,26,132
05/14/2007,TYR,TX,ASW,CE,Federal Contract Tower,0,22,24,0,46,0,0,42,1,43,0,22,66,1,89,50,0,50,139
05/15/2007,TYR,TX,ASW,CE,Federal Contract Tower,0,24,41,0,65,0,1,51,0,52,0,25,92,0,117,46,0,46,163
05/16/2007,TYR,TX,ASW,CE,Federal Contract Tower,0,25,30,0,55,0,1,64,0,65,0,26,94,0,120,56,0,56,176
05/17/2007,TYR,TX,ASW,CE,Federal Contract Tower,0,27,22,0,49,0,7,76,0,83,0,34,98,0,132,108,0,108,240
05/18/2007,TYR,TX,ASW,CE,Federal Contract Tower,0,26,23,2,51,0,1,62,1,64,0,27,85,3,115,78,2,80,195
05/19/2007,TYR,TX,ASW,CE,Federal Contract Tower,0,21,22,5,48,0,0,78,5,83,0,21,100,10,131,110,10,120,251
05/20/2007,TYR,TX,ASW,CE,Federal Contract Tower,0,15,0,0,15,0,0,78,0,78,0,15,78,0,93,52,0,52,145
05/21/2007,TYR,TX,ASW,CE,Federal Contract Tower,0,32,25,0,57,0,0,31,0,31,0,32,56,0,88,54,0,54,142
05/22/2007,TYR,TX,ASW,CE,Federal Contract Tower,0,28,18,0,46,0,1,10,0,11,0,29,28,0,57,52,0,52,109
05/23/2007,TYR,TX,ASW,CE,Federal Contract Tower,0,26,34,0,60,0,0,47,2,49,0,26,81,2,109,54,0,54,163
05/24/2007,TYR,TX,ASW,CE,Federal Contract Tower,0,30,31,0,61,0,0,33,0,33,0,30,64,0,94,76,0,76,170
05/25/2007,TYR,TX,ASW,CE,Federal Contract Tower,0,18,31,0,49,0,2,34,0,36,0,20,65,0,85,40,0,40,125
05/26/2007,TYR,TX,ASW,CE,Federal Contract Tower,0,20,26,0,46,0,0,15,0,15,0,20,41,0,61,44,0,44,105
05/27/2007,TYR,TX,ASW,CE,Federal Contract Tower,0,13,7,0,20,0,0,10,0,10,0,13,17,0,30,14,0,14,44
05/28/2007,TYR,TX,ASW,CE,Federal Contract Tower,0,20,16,0,36,0,0,51,0,51,0,20,67,0,87,108,0,108,195
05/29/2007,TYR,TX,ASW,CE,Federal Contract Tower,0,25,31,0,56,0,0,7,0,7,0,25,38,0,63,10,0,10,73
05/30/2007,TYR,TX,ASW,CE,Federal Contract Tower,0,25,19,0,44,0,0,17,0,17,0,25,36,0,61,40,0,40,101
05/31/2007,TYR,TX,ASW,CE,Federal Contract Tower,0,23,19,0,42,0,2,62,0,64,0,25,81,0,106,86,0,86,192
06/01/2007,TYR,TX,ASW,CE,Federal Contract Tower,0,30,22,0,52,0,2,57,0,59,0,32,79,0,111,66,0,66,177
06/02/2007,TYR,TX,ASW,CE,Federal Contract Tower,0,29,10,0,39,0,0,60,0,60,0,29,70,0,99,118,0,118,217
06/03/2007,TYR,TX,ASW,CE,Federal Contract Tower,0,19,24,0,43,0,0,28,0,28,0,19,52,0,71,32,0,32,103
06/04/2007,TYR,TX,ASW,CE,Federal Contract Tower,0,26,19,0,45,0,2,58,0,60,0,28,77,0,105,62,0,62,167
06/05/2007,TYR,TX,ASW,CE,Federal Contract Tower,0,25,14,0,39,0,6,112,0,118,0,31,126,0,157,96,0,96,253
06/06/2007,TYR,TX,ASW,CE,Federal Contract Tower,0,29,24,2,55,0,1,78,0,79,0,30,102,2,134,136,0,136,270
06/07/2007,TYR,TX,ASW,CE,Federal Contract Tower,0,20,37,4,61,0,1,48,0,49,0,21,85,4,110,42,6,48,158
06/08/2007,TYR,TX,ASW,CE,Federal Contract Tower,0,22,23,7,52,0,3,61,0,64,0,25,84,7,116,94,4,98,214
06/09/2007,TYR,TX,ASW,CE,Federal Contract Tower,0,24,21,0,45,0,0,28,0,28,0,24,49,0,73,66,0,66,139
06/10/2007,TYR,TX,ASW,CE,Federal Contract Tower,0,27,21,0,48,0,0,56,0,56,0,27,77,0,104,38,0,38,142
06/11/2007,TYR,TX,ASW,CE,Federal Contract Tower,0,22,13,0,35,0,7,60,0,67,0,29,73,0,102,80,0,80,182
06/12/2007,TYR,TX,ASW,CE,Federal Contract Tower,0,26,13,1,40,0,2,52,6,60,0,28,65,7,100,30,2,32,132
06/13/2007,TYR,TX,ASW,CE,Federal Contract Tower,0,29,26,0,55,0,1,63,0,64,0,30,89,0,119,62,0,62,181
06/14/2007,TYR,TX,ASW,CE,Federal Contract Tower,0,23,34,0,57,0,0,69,0,69,0,23,103,0,126,116,8,124,250
06/15/2007,TYR,TX,ASW,CE,Federal Contract Tower,0,22,27,1,50,0,0,21,1,22,0,22,48,2,72,24,0,24,96
06/16/2007,TYR,TX,ASW,CE,Federal Contract Tower,0,22,9,0,31,0,0,10,0,10,0,22,19,0,41,18,0,18,59
06/17/2007,TYR,TX,ASW,CE,Federal Contract Tower,0,26,9,0,35,0,0,7,1,8,0,26,16,1,43,24,0,24,67
06/18/2007,TYR,TX,ASW,CE,Federal Contract Tower,0,24,8,0,32,0,1,39,0,40,0,25,47,0,72,44,0,44,116
06/19/2007,TYR,TX,ASW,CE,Federal Contract Tower,0,24,44,1,69,0,0,54,1,55,0,24,98,2,124,78,0,78,202
06/20/2007,TYR,TX,ASW,CE,Federal Contract Tower,0,23,28,0,51,0,1,29,0,30,0,24,57,0,81,58,0,58,139
06/21/2007,TYR,TX,ASW,CE,Federal Contract Tower,0,15,34,0,49,0,2,35,0,37,0,17,69,0,86,108,0,108,194
06/22/2007,TYR,TX,ASW,CE,Federal Contract Tower,0,38,34,0,72,0,1,48,0,49,0,39,82,0,121,98,0,98,219
06/23/2007,TYR,TX,ASW,CE,Federal Contract Tower,0,12,10,2,24,0,1,53,8,62,0,13,63,10,86,62,16,78,164
06/24/2007,TYR,TX,ASW,CE,Federal Contract Tower,0,16,23,13,52,0,2,31,2,35,0,18,54,15,87,38,0,38,125
06/25/2007,TYR,TX,ASW,CE,Federal Contract Tower,0,27,26,0,53,0,3,20,0,23,0,30,46,0,76,18,0,18,94
06/26/2007,TYR,TX,ASW,CE,Federal Contract Tower,0,22,37,0,59,0,2,38,0,40,0,24,75,0,99,86,0,86,185
06/27/2007,TYR,TX,ASW,CE,Federal Contract Tower,0,28,28,0,56,0,3,36,2,41,0,31,64,2,97,98,0,98,195
06/28/2007,TYR,TX,ASW,CE,Federal Contract Tower,0,32,38,0,70,0,0,51,0,51,0,32,89,0,121,102,0,102,223
06/29/2007,TYR,TX,ASW,CE,Federal Contract Tower,0,32,15,0,47,0,3,51,0,54,0,35,66,0,101,62,0,62,163
06/30/2007,TYR,TX,ASW,CE,Federal Contract Tower,0,34,24,0,58,0,0,75,2,77,0,34,99,2,135,86,10,96,231
07/01/2007,TYR,TX,ASW,CE,Federal Contract Tower,0,11,10,0,21,0,0,17,2,19,0,11,27,2,40,14,0,14,54
07/02/2007,TYR,TX,ASW,CE,Federal Contract Tower,0,27,14,2,43,0,2,17,0,19,0,29,31,2,62,14,0,14,76
07/03/2007,TYR,TX,ASW,CE,Federal Contract Tower,0,24,17,0,41,0,2,28,0,30,0,26,45,0,71,18,0,18,89
07/04/2007,TYR,TX,ASW,CE,Federal Contract Tower,0,15,4,0,19,0,0,4,0,4,0,15,8,0,23,6,0,6,29
07/05/2007,TYR,TX,ASW,CE,Federal Contract Tower,0,19,18,0,37,0,0,12,0,12,0,19,30,0,49,26,0,26,75
07/06/2007,TYR,TX,ASW,CE,Federal Contract Tower,0,17,23,0,40,0,0,22,0,22,0,17,45,0,62,42,0,42,104
07/07/2007,TYR,TX,ASW,CE,Federal Contract Tower,0,21,12,0,33,0,0,68,0,68,0,21,80,0,101,54,0,54,155
07/08/2007,TYR,TX,ASW,CE,Federal Contract Tower,0,19,18,0,37,0,0,38,0,38,0,19,56,0,75,30,0,30,105
07/09/2007,TYR,TX,ASW,CE,Federal Contract Tower,0,21,17,0,38,0,1,44,0,45,0,22,61,0,83,24,0,24,107
07/10/2007,TYR,TX,ASW,CE,Federal Contract Tower,0,34,26,1,61,0,1,59,0,60,0,35,85,1,121,116,0,116,237
07/11/2007,TYR,TX,ASW,CE,Federal Contract Tower,0,31,22,1,54,0,1,84,0,85,0,32,106,1,139,104,2,106,245
07/12/2007,TYR,TX,ASW,CE,Federal Contract Tower,0,27,30,0,57,0,0,50,0,50,0,27,80,0,107,132,0,132,239
07/13/2007,TYR,TX,ASW,CE,Federal Contract Tower,0,25,10,0,35,0,2,35,1,38,0,27,45,1,73,18,0,18,91
07/14/2007,TYR,TX,ASW,CE,Federal Contract Tower,0,22,20,0,42,0,0,27,0,27,0,22,47,0,69,18,0,18,87
07/15/2007,TYR,TX,ASW,CE,Federal Contract Tower,0,15,16,0,31,0,1,92,0,93,0,16,108,0,124,114,0,114,238
07/16/2007,TYR,TX,ASW,CE,Federal Contract Tower,0,22,15,0,37,0,4,73,1,78,0,26,88,1,115,48,0,48,163
07/17/2007,TYR,TX,ASW,CE,Federal Contract Tower,0,28,18,0,46,0,1,73,3,77,0,29,91,3,123,72,0,72,195
07/18/2007,TYR,TX,ASW,CE,Federal Contract Tower,0,33,22,0,55,0,1,83,1,85,0,34,105,1,140,118,0,118,258
07/19/2007,TYR,TX,ASW,CE,Federal Contract Tower,0,25,45,0,70,0,0,44,2,46,0,25,89,2,116,28,0,28,144
07/20/2007,TYR,TX,ASW,CE,Federal Contract Tower,0,27,15,0,42,0,0,18,0,18,0,27,33,0,60,0,0,0,60
07/21/2007,TYR,TX,ASW,CE,Federal Contract Tower,0,15,18,0,33,0,1,49,0,50,0,16,67,0,83,62,0,62,145
07/22/2007,TYR,TX,ASW,CE,Federal Contract Tower,0,17,10,0,27,0,0,33,0,33,0,17,43,0,60,14,0,14,74
07/23/2007,TYR,TX,ASW,CE,Federal Contract Tower,0,28,17,0,45,0,1,48,0,49,0,29,65,0,94,30,0,30,124
07/24/2007,TYR,TX,ASW,CE,Federal Contract Tower,0,25,23,0,48,0,2,78,2,82,0,27,101,2,130,96,0,96,226
07/25/2007,TYR,TX,ASW,CE,Federal Contract Tower,0,30,30,1,61,0,0,63,4,67,0,30,93,5,128,70,2,72,200
07/26/2007,TYR,TX,ASW,CE,Federal Contract Tower,0,27,14,0,41,0,1,58,0,59,0,28,72,0,100,28,0,28,128
07/27/2007,TYR,TX,ASW,CE,Federal Contract Tower,0,21,12,2,35,0,6,45,1,52,0,27,57,3,87,70,0,70,157
07/28/2007,TYR,TX,ASW,CE,Federal Contract Tower,0,18,5,0,23,0,0,29,0,29,0,18,34,0,52,24,0,24,76
07/29/2007,TYR,TX,ASW,CE,Federal Contract Tower,0,18,19,4,41,0,5,32,0,37,0,23,51,4,78,22,0,22,100
07/30/2007,TYR,TX,ASW,CE,Federal Contract Tower,0,29,21,0,50,0,1,36,0,37,0,30,57,0,87,20,0,20,107
07/31/2007,TYR,TX,ASW,CE,Federal Contract Tower,0,26,22,0,48,0,1,37,0,38,0,27,59,0,86,68,0,68,154
08/01/2007,TYR,TX,ASW,CE,Federal Contract Tower,0,37,27,0,64,0,2,15,0,17,0,39,42,0,81,32,0,32,113
08/02/2007,TYR,TX,ASW,CE,Federal Contract Tower,0,30,19,1,50,0,2,45,2,49,0,32,64,3,99,46,0,46,145
08/03/2007,TYR,TX,ASW,CE,Federal Contract Tower,0,29,18,1,48,0,1,80,1,82,0,30,98,2,130,82,0,82,212
08/04/2007,TYR,TX,ASW,CE,Federal Contract Tower,0,18,15,0,33,0,1,79,1,81,0,19,94,1,114,52,0,52,166
08/05/2007,TYR,TX,ASW,CE,Federal Contract Tower,0,18,15,2,35,0,0,70,1,71,0,18,85,3,106,54,0,54,160
08/06/2007,TYR,TX,ASW,CE,Federal Contract Tower,0,25,28,0,53,0,9,69,0,78,0,34,97,0,131,50,0,50,181
08/07/2007,TYR,TX,ASW,CE,Federal Contract Tower,0,30,15,0,45,0,5,75,0,80,0,35,90,0,125,142,0,142,267
08/08/2007,TYR,TX,ASW,CE,Federal Contract Tower,0,36,20,2,58,0,1,56,0,57,0,37,76,2,115,58,4,62,177
08/09/2007,TYR,TX,ASW,CE,Federal Contract Tower,0,31,22,0,53,0,0,47,0,47,0,31,69,0,100,32,0,32,132
08/10/2007,TYR,TX,ASW,CE,Federal Contract Tower,0,27,21,0,48,0,2,69,0,71,0,29,90,0,119,70,0,70,189
08/11/2007,TYR,TX,ASW,CE,Federal Contract Tower,0,17,13,0,30,0,1,65,0,66,0,18,78,0,96,62,0,62,158
08/12/2007,TYR,TX,ASW,CE,Federal Contract Tower,0,21,18,0,39,0,0,51,0,51,0,21,69,0,90,50,0,50,140
08/13/2007,TYR,TX,ASW,CE,Federal Contract Tower,0,30,8,0,38,0,2,61,0,63,0,32,69,0,101,36,0,36,137
08/14/2007,TYR,TX,ASW,CE,Federal Contract Tower,0,33,23,0,56,0,0,71,3,74,0,33,94,3,130,60,0,60,190
08/15/2007,TYR,TX,ASW,CE,Federal Contract Tower,0,31,18,0,49,0,0,52,4,56,0,31,70,4,105,72,12,84,189
08/16/2007,TYR,TX,ASW,CE,Federal Contract Tower,0,23,30,2,55,0,1,36,0,37,0,24,66,2,92,14,0,14,106
08/17/2007,TYR,TX,ASW,CE,Federal Contract Tower,0,25,14,0,39,0,0,52,0,52,0,25,66,0,91,50,0,50,141
08/18/2007,TYR,TX,ASW,CE,Federal Contract Tower,0,18,18,0,36,0,0,22,0,22,0,18,40,0,58,18,0,18,76
08/19/2007,TYR,TX,ASW,CE,Federal Contract Tower,0,18,23,5,46,0,0,39,1,40,0,18,62,6,86,58,0,58,144
08/20/2007,TYR,TX,ASW,CE,Federal Contract Tower,0,27,18,0,45,0,4,42,0,46,0,31,60,0,91,98,0,98,189
08/21/2007,TYR,TX,ASW,CE,Federal Contract Tower,0,29,11,2,42,0,8,67,0,75,0,37,78,2,117,68,10,78,195
08/22/2007,TYR,TX,ASW,CE,Federal Contract Tower,0,25,25,0,50,0,6,57,0,63,0,31,82,0,113,42,0,42,155
08/23/2007,TYR,TX,ASW,CE,Federal Contract Tower,0,32,19,0,51,0,3,43,0,46,0,35,62,0,97,39,0,39,136
08/24/2007,TYR,TX,ASW,CE,Federal Contract Tower,0,23,24,1,48,0,3,51,0,54,0,26,75,1,102,44,0,44,146
08/25/2007,TYR,TX,ASW,CE,Federal Contract Tower,0,19,12,1,32,0,1,92,0,93,0,20,104,1,125,114,0,114,239
08/26/2007,TYR,TX,ASW,CE,Federal Contract Tower,0,16,11,1,28,0,2,39,1,42,0,18,50,2,70,18,0,18,88
08/27/2007,TYR,TX,ASW,CE,Federal Contract Tower,0,21,19,0,40,0,2,61,0,63,0,23,80,0,103,36,0,36,139
08/28/2007,TYR,TX,ASW,CE,Federal Contract Tower,0,27,16,0,43,0,5,61,0,66,0,32,77,0,109,88,0,88,197
08/29/2007,TYR,TX,ASW,CE,Federal Contract Tower,0,34,13,0,47,0,4,40,3,47,0,38,53,3,94,58,2,60,154
08/30/2007,TYR,TX,ASW,CE,Federal Contract Tower,0,27,12,0,39,0,9,36,3,48,0,36,48,3,87,14,0,14,101
08/31/2007,TYR,TX,ASW,CE,Federal Contract Tower,0,22,29,0,51,0,10,44,3,57,0,32,73,3,108,40,0,40,148
09/01/2007,TYR,TX,ASW,CE,Federal Contract Tower,0,19,13,0,32,0,1,56,0,57,0,20,69,0,89,38,0,38,127
09/02/2007,TYR,TX,ASW,CE,Federal Contract Tower,0,13,11,0,24,0,1,42,0,43,0,14,53,0,67,20,0,20,87
09/03/2007,TYR,TX,ASW,CE,Federal Contract Tower,0,18,21,0,39,0,1,19,0,20,0,19,40,0,59,28,0,28,87
09/04/2007,TYR,TX,ASW,CE,Federal Contract Tower,0,29,18,0,47,0,7,48,0,55,0,36,66,0,102,48,0,48,150
09/05/2007,TYR,TX,ASW,CE,Federal Contract Tower,0,29,21,0,50,0,1,8,0,9,0,30,29,0,59,12,0,12,71
09/06/2007,TYR,TX,ASW,CE,Federal Contract Tower,0,29,34,8,71,0,4,48,0,52,0,33,82,8,123,36,0,36,159
09/07/2007,TYR,TX,ASW,CE,Federal Contract Tower,0,32,30,1,63,0,2,62,2,66,0,34,92,3,129,60,0,60,189
09/08/2007,TYR,TX,ASW,CE,Federal Contract Tower,0,22,23,0,45,0,0,47,0,47,0,22,70,0,92,52,0,52,144
09/09/2007,TYR,TX,ASW,CE,Federal Contract Tower,0,24,12,2,38,0,1,47,0,48,0,25,59,2,86,30,0,30,116
09/10/2007,TYR,TX,ASW,CE,Federal Contract Tower,0,39,20,0,59,0,1,37,0,38,0,40,57,0,97,10,0,10,107
09/11/2007,TYR,TX,ASW,CE,Federal Contract Tower,0,29,27,0,56,0,1,39,0,40,0,30,66,0,96,34,0,34,130
09/12/2007,TYR,TX,ASW,CE,Federal Contract Tower,0,33,36,4,73,0,1,74,2,77,0,34,110,6,150,56,0,56,206
09/13/2007,TYR,TX,ASW,CE,Federal Contract Tower,0,26,32,0,58,0,1,41,0,42,0,27,73,0,100,48,0,48,148
09/14/2007,TYR,TX,ASW,CE,Federal Contract Tower,0,21,21,2,44,0,5,64,0,69,0,26,85,2,113,76,8,84,197
09/15/2007,TYR,TX,ASW,CE,Federal Contract Tower,0,19,14,4,37,0,1,76,9,86,0,20,90,13,123,78,28,106,229
09/16/2007,TYR,TX,ASW,CE,Federal Contract Tower,0,21,9,0,30,0,0,50,2,52,0,21,59,2,82,52,0,52,134
09/17/2007,TYR,TX,ASW,CE,Federal Contract Tower,0,21,7,0,28,0,7,91,0,98,0,28,98,0,126,58,0,58,184
09/18/2007,TYR,TX,ASW,CE,Federal Contract Tower,0,32,27,0,59,0,2,61,0,63,0,34,88,0,122,58,0,58,180
09/19/2007,TYR,TX,ASW,CE,Federal Contract Tower,0,25,24,0,49,0,4,30,0,34,0,29,54,0,83,30,0,30,113
09/20/2007,TYR,TX,ASW,CE,Federal Contract Tower,0,26,36,0,62,0,7,63,0,70,0,33,99,0,132,24,0,24,156
09/21/2007,TYR,TX,ASW,CE,Federal Contract Tower,0,28,23,0,51,0,1,79,0,80,0,29,102,0,131,76,0,76,207
09/22/2007,TYR,TX,ASW,CE,Federal Contract Tower,0,20,9,0,29,0,0,78,0,78,0,20,87,0,107,52,0,52,159
09/23/2007,TYR,TX,ASW,CE,Federal Contract Tower,0,19,25,0,44,0,0,29,0,29,0,19,54,0,73,38,0,38,111
09/24/2007,TYR,TX,ASW,CE,Federal Contract Tower,0,19,0,0,19,0,11,61,1,73,0,30,61,1,92,22,2,24,116
09/25/2007,TYR,TX,ASW,CE,Federal Contract Tower,0,28,16,0,44,0,3,39,1,43,0,31,55,1,87,46,0,46,133
09/26/2007,TYR,TX,ASW,CE,Federal Contract Tower,0,32,21,0,53,0,1,31,1,33,0,33,52,1,86,40,2,42,128
09/27/2007,TYR,TX,ASW,CE,Federal Contract Tower,0,28,27,0,55,0,3,53,2,58,0,31,80,2,113,46,0,46,159
09/28/2007,TYR,TX,ASW,CE,Federal Contract Tower,0,30,35,0,65,0,2,77,2,81,0,32,112,2,146,88,6,94,240
09/29/2007,TYR,TX,ASW,CE,Federal Contract Tower,0,18,17,2,37,0,3,104,0,107,0,21,121,2,144,74,0,74,218
09/30/2007,TYR,TX,ASW,CE,Federal Contract Tower,0,20,14,0,34,0,0,38,0,38,0,20,52,0,72,46,0,46,118
10/01/2007,TYR,TX,ASW,CE,Federal Contract Tower,0,26,11,4,41,0,1,26,1,28,0,27,37,5,69,18,2,20,89
10/02/2007,TYR,TX,ASW,CE,Federal Contract Tower,0,29,10,1,40,0,1,56,0,57,0,30,66,1,97,86,0,86,183
10/03/2007,TYR,TX,ASW,CE,Federal Contract Tower,0,34,16,2,52,0,1,51,2,54,0,35,67,4,106,34,4,38,144
10/04/2007,TYR,TX,ASW,CE,Federal Contract Tower,0,31,25,0,56,0,1,73,0,74,0,32,98,0,130,84,0,84,214
10/05/2007,TYR,TX,ASW,CE,Federal Contract Tower,0,31,36,2,69,0,2,59,1,62,0,33,95,3,131,56,0,56,187
10/06/2007,TYR,TX,ASW,CE,Federal Contract Tower,0,17,18,0,35,0,0,18,0,18,0,17,36,0,53,18,0,18,71
10/07/2007,TYR,TX,ASW,CE,Federal Contract Tower,0,21,16,0,37,0,0,44,0,44,0,21,60,0,81,20,0,20,101
10/08/2007,TYR,TX,ASW,CE,Federal Contract Tower,0,22,8,1,31,0,1,28,0,29,0,23,36,1,60,10,0,10,70
10/09/2007,TYR,TX,ASW,CE,Federal Contract Tower,0,34,20,1,55,0,3,53,0,56,0,37,73,1,111,86,0,86,197
10/10/2007,TYR,TX,ASW,CE,Federal Contract Tower,0,27,23,0,50,0,1,118,0,119,0,28,141,0,169,106,0,106,275
10/11/2007,TYR,TX,ASW,CE,Federal Contract Tower,0,28,22,0,50,0,2,100,2,104,0,30,122,2,154,86,0,86,240
10/12/2007,TYR,TX,ASW,CE,Federal Contract Tower,0,30,15,0,45,0,1,87,0,88,0,31,102,0,133,104,0,104,237
10/13/2007,TYR,TX,ASW,CE,Federal Contract Tower,0,17,5,0,22,0,1,73,0,74,0,18,78,0,96,36,0,36,132
10/14/2007,TYR,TX,ASW,CE,Federal Contract Tower,0,18,14,0,32,0,0,41,0,41,0,18,55,0,73,54,0,54,127
10/15/2007,TYR,TX,ASW,CE,Federal Contract Tower,0,27,7,0,34,0,1,5,0,6,0,28,12,0,40,0,0,0,40
10/16/2007,TYR,TX,ASW,CE,Federal Contract Tower,0,30,29,0,59,0,1,31,0,32,0,31,60,0,91,38,0,38,129
10/17/2007,TYR,TX,ASW,CE,Federal Contract Tower,0,40,26,0,66,0,3,21,0,24,0,43,47,0,90,52,0,52,142
10/18/2007,TYR,TX,ASW,CE,Federal Contract Tower,0,29,23,0,52,0,0,76,0,76,0,29,99,0,128,80,0,80,208
10/19/2007,TYR,TX,ASW,CE,Federal Contract Tower,0,28,18,0,46,0,4,95,0,99,0,32,113,0,145,86,0,86,231
10/20/2007,TYR,TX,ASW,CE,Federal Contract Tower,0,17,20,4,41,0,1,85,0,86,0,18,105,4,127,76,6,82,209
10/21/2007,TYR,TX,ASW,CE,Federal Contract Tower,0,32,20,0,52,0,1,54,0,55,0,33,74,0,107,56,0,56,163
10/22/2007,TYR,TX,ASW,CE,Federal Contract Tower,0,24,20,0,44,0,2,1,0,3,0,26,21,0,47,0,0,0,47
10/23/2007,TYR,TX,ASW,CE,Federal Contract Tower,0,30,30,0,60,0,3,40,0,43,0,33,70,0,103,40,0,40,143
10/24/2007,TYR,TX,ASW,CE,Federal Contract Tower,0,31,25,0,56,0,3,72,0,75,0,34,97,0,131,70,0,70,201
10/25/2007,TYR,TX,ASW,CE,Federal Contract Tower,0,25,17,0,42,0,6,86,0,92,0,31,103,0,134,90,0,90,224
10/26/2007,TYR,TX,ASW,CE,Federal Contract Tower,0,30,13,1,44,0,4,109,3,116,0,34,122,4,160,144,0,144,304
10/27/2007,TYR,TX,ASW,CE,Federal Contract Tower,0,22,12,0,34,0,0,94,0,94,0,22,106,0,128,88,0,88,216
10/28/2007,TYR,TX,ASW,CE,Federal Contract Tower,0,14,10,0,24,0,1,72,0,73,0,15,82,0,97,34,0,34,131
10/29/2007,TYR,TX,ASW,CE,Federal Contract Tower,0,22,10,0,32,0,3,64,0,67,0,25,74,0,99,36,0,36,135
10/30/2007,TYR,TX,ASW,CE,Federal Contract Tower,0,27,24,0,51,0,4,78,0,82,0,31,102,0,133,40,0,40,173
10/31/2007,TYR,TX,ASW,CE,Federal Contract Tower,0,29,15,0,44,0,3,77,0,80,0,32,92,0,124,68,0,68,192
11/01/2007,TYR,TX,ASW,CE,Federal Contract Tower,0,31,41,1,73,0,1,47,0,48,0,32,88,1,121,20,2,22,143
11/02/2007,TYR,TX,ASW,CE,Federal Contract Tower,0,40,20,0,60,0,8,66,0,74,0,48,86,0,134,120,0,120,254
11/03/2007,TYR,TX,ASW,CE,Federal Contract Tower,0,16,15,0,31,0,1,72,0,73,0,17,87,0,104,48,0,48,152
11/04/2007,TYR,TX,ASW,CE,Federal Contract Tower,0,17,18,0,35,0,0,59,0,59,0,17,77,0,94,48,0,48,142
11/05/2007,TYR,TX,ASW,CE,Federal Contract Tower,0,23,15,0,38,0,2,47,2,51,0,25,62,2,89,92,0,92,181
11/06/2007,TYR,TX,ASW,CE,Federal Contract Tower,0,40,21,0,61,0,5,78,0,83,0,45,99,0,144,84,0,84,228
11/07/2007,TYR,TX,ASW,CE,Federal Contract Tower,0,28,9,0,37,0,3,79,0,82,0,31,88,0,119,102,0,102,221
11/08/2007,TYR,TX,ASW,CE,Federal Contract Tower,0,29,29,2,60,0,1,67,0,68,0,30,96,2,128,70,26,96,224
11/09/2007,TYR,TX,ASW,CE,Federal Contract Tower,0,31,30,0,61,0,3,76,0,79,0,34,106,0,140,94,0,94,234
11/10/2007,TYR,TX,ASW,CE,Federal Contract Tower,0,18,11,0,29,0,0,50,0,50,0,18,61,0,79,80,0,80,159
11/11/2007,TYR,TX,ASW,CE,Federal Contract Tower,0,17,21,0,38,0,1,36,1,38,0,18,57,1,76,50,0,50,126
11/12/2007,TYR,TX,ASW,CE,Federal Contract Tower,0,20,29,0,49,0,6,34,0,40,0,26,63,0,89,28,2,30,119
11/13/2007,TYR,TX,ASW,CE,Federal Contract Tower,0,29,28,0,57,0,7,60,0,67,0,36,88,0,124,166,0,166,290
11/14/2007,TYR,TX,ASW,CE,Federal Contract Tower,0,30,24,2,56,0,3,52,0,55,0,33,76,2,111,78,6,84,195
11/15/2007,TYR,TX,ASW,CE,Federal Contract Tower,0,30,19,0,49,0,3,74,8,85,0,33,93,8,134,76,0,76,210
11/16/2007,TYR,TX,ASW,CE,Federal Contract Tower,0,27,21,0,48,0,3,85,0,88,0,30,106,0,136,138,0,138,274
11/17/2007,TYR,TX,ASW,CE,Federal Contract Tower,0,17,23,0,40,0,2,103,0,105,0,19,126,0,145,110,0,110,255
11/18/2007,TYR,TX,ASW,CE,Federal Contract Tower,0,25,10,0,35,0,3,63,0,66,0,28,73,0,101,98,0,98,199
11/19/2007,TYR,TX,ASW,CE,Federal Contract Tower,0,21,9,0,30,0,2,39,0,41,0,23,48,0,71,36,0,36,107
11/20/2007,TYR,TX,ASW,CE,Federal Contract Tower,0,34,34,0,68,0,2,48,0,50,0,36,82,0,118,96,0,96,214
11/21/2007,TYR,TX,ASW,CE,Federal Contract Tower,0,26,35,0,61,0,7,20,0,27,0,33,55,0,88,52,0,52,140
11/22/2007,TYR,TX,ASW,CE,Federal Contract Tower,0,15,4,0,19,0,0,14,0,14,0,15,18,0,33,4,0,4,37
11/23/2007,TYR,TX,ASW,CE,Federal Contract Tower,0,25,16,0,41,0,0,55,0,55,0,25,71,0,96,54,0,54,150
11/24/2007,TYR,TX,ASW,CE,Federal Contract Tower,0,18,16,0,34,0,0,0,0,0,0,18,16,0,34,0,0,0,34
11/25/2007,TYR,TX,ASW,CE,Federal Contract Tower,0,21,20,0,41,0,0,0,0,0,0,21,20,0,41,0,0,0,41
11/26/2007,TYR,TX,ASW,CE,Federal Contract Tower,0,27,16,0,43,0,2,34,0,36,0,29,50,0,79,28,0,28,107
11/27/2007,TYR,TX,ASW,CE,Federal Contract Tower,0,27,26,0,53,0,3,76,0,79,0,30,102,0,132,96,0,96,228
11/28/2007,TYR,TX,ASW,CE,Federal Contract Tower,0,30,30,0,60,0,2,38,0,40,0,32,68,0,100,42,0,42,142
11/29/2007,TYR,TX,ASW,CE,Federal Contract Tower,0,35,24,0,59,0,0,81,0,81,0,35,105,0,140,46,0,46,186
11/30/2007,TYR,TX,ASW,CE,Federal Contract Tower,0,26,16,0,42,0,0,44,0,44,0,26,60,0,86,60,0,60,146
12/01/2007,TYR,TX,ASW,CE,Federal Contract Tower,0,17,22,0,39,0,0,30,0,30,0,17,52,0,69,38,0,38,107
12/02/2007,TYR,TX,ASW,CE,Federal Contract Tower,0,17,15,0,32,0,1,19,0,20,0,18,34,0,52,24,0,24,76
12/03/2007,TYR,TX,ASW,CE,Federal Contract Tower,0,25,12,0,37,0,5,72,0,77,0,30,84,0,114,88,0,88,202
12/04/2007,TYR,TX,ASW,CE,Federal Contract Tower,0,23,34,0,57,0,3,86,0,89,0,26,120,0,146,68,0,68,214
12/05/2007,TYR,TX,ASW,CE,Federal Contract Tower,0,23,25,1,49,0,1,53,0,54,0,24,78,1,103,42,2,44,147
12/06/2007,TYR,TX,ASW,CE,Federal Contract Tower,0,25,28,0,53,0,3,53,2,58,0,28,81,2,111,44,0,44,155
12/07/2007,TYR,TX,ASW,CE,Federal Contract Tower,0,30,36,0,66,0,0,24,0,24,0,30,60,0,90,12,0,12,102
12/08/2007,TYR,TX,ASW,CE,Federal Contract Tower,0,20,19,0,39,0,1,44,0,45,0,21,63,0,84,68,2,70,154
12/09/2007,TYR,TX,ASW,CE,Federal Contract Tower,0,21,23,0,44,0,0,10,0,10,0,21,33,0,54,10,0,10,64
12/10/2007,TYR,TX,ASW,CE,Federal Contract Tower,0,30,17,0,47,0,0,0,0,0,0,30,17,0,47,0,0,0,47
12/11/2007,TYR,TX,ASW,CE,Federal Contract Tower,0,31,23,0,54,0,1,24,0,25,0,32,47,0,79,34,0,34,113
12/12/2007,TYR,TX,ASW,CE,Federal Contract Tower,0,26,27,0,53,0,0,0,0,0,0,26,27,0,53,8,0,8,61
12/13/2007,TYR,TX,ASW,CE,Federal Contract Tower,0,23,24,0,47,0,1,54,0,55,0,24,78,0,102,42,2,44,146
12/14/2007,TYR,TX,ASW,CE,Federal Contract Tower,0,21,26,0,47,0,0,0,0,0,0,21,26,0,47,6,2,8,55
12/15/2007,TYR,TX,ASW,CE,Federal Contract Tower,0,16,8,0,24,0,0,12,0,12,0,16,20,0,36,4,0,4,40
12/16/2007,TYR,TX,ASW,CE,Federal Contract Tower,0,16,11,0,27,0,0,84,0,84,0,16,95,0,111,32,0,32,143
12/17/2007,TYR,TX,ASW,CE,Federal Contract Tower,0,22,19,1,42,0,4,95,0,99,0,26,114,1,141,60,0,60,201
12/18/2007,TYR,TX,ASW,CE,Federal Contract Tower,0,30,19,0,49,0,3,44,2,49,0,33,63,2,98,64,0,64,162
12/19/2007,TYR,TX,ASW,CE,Federal Contract Tower,0,25,7,6,38,0,1,46,0,47,0,26,53,6,85,28,2,30,115
12/20/2007,TYR,TX,ASW,CE,Federal Contract Tower,0,25,28,2,55,0,3,74,0,77,0,28,102,2,132,34,0,34,166
12/21/2007,TYR,TX,ASW,CE,Federal Contract Tower,0,31,24,0,55,0,0,81,0,81,0,31,105,0,136,82,0,82,218
12/22/2007,TYR,TX,ASW,CE,Federal Contract Tower,0,17,13,2,32,0,5,29,0,34,0,22,42,2,66,28,0,28,94
12/23/2007,TYR,TX,ASW,CE,Federal Contract Tower,0,19,8,0,27,0,2,74,0,76,0,21,82,0,103,72,0,72,175
12/24/2007,TYR,TX,ASW,CE,Federal Contract Tower,0,17,13,0,30,0,10,60,0,70,0,27,73,0,100,32,0,32,132
12/25/2007,TYR,TX,ASW,CE,Federal Contract Tower,0,19,3,0,22,0,0,20,0,20,0,19,23,0,42,0,0,0,42
12/26/2007,TYR,TX,ASW,CE,Federal Contract Tower,0,26,18,0,44,0,0,1,0,1,0,26,19,0,45,2,0,2,47
12/27/2007,TYR,TX,ASW,CE,Federal Contract Tower,0,32,33,0,65,0,2,24,0,26,0,34,57,0,91,27,0,27,118
12/28/2007,TYR,TX,ASW,CE,Federal Contract Tower,0,28,19,0,47,0,2,63,0,65,0,30,82,0,112,40,0,40,152
12/29/2007,TYR,TX,ASW,CE,Federal Contract Tower,0,21,15,0,36,0,0,121,0,121,0,21,136,0,157,62,0,62,219
12/30/2007,TYR,TX,ASW,CE,Federal Contract Tower,0,19,13,0,32,0,0,63,0,63,0,19,76,0,95,44,0,44,139
12/31/2007,TYR,TX,ASW,CE,Federal Contract Tower,0,20,5,0,25,0,5,48,0,53,0,25,53,0,78,66,0,66,144
01/01/2008,TYR,TX,ASW,CE,Federal Contract Tower,0,19,5,0,24,0,1,45,0,46,0,20,50,0,70,60,0,60,130
01/02/2008,TYR,TX,ASW,CE,Federal Contract Tower,0,22,14,0,36,0,4,52,0,56,0,26,66,0,92,18,0,18,110
01/03/2008,TYR,TX,ASW,CE,Federal Contract Tower,0,24,10,0,34,0,6,49,0,55,0,30,59,0,89,50,0,50,139
01/04/2008,TYR,TX,ASW,CE,Federal Contract Tower,0,22,21,0,43,0,5,57,0,62,0,27,78,0,105,70,0,70,175
01/05/2008,TYR,TX,ASW,CE,Federal Contract Tower,0,16,22,0,38,0,1,22,0,23,0,17,44,0,61,16,0,16,77
01/06/2008,TYR,TX,ASW,CE,Federal Contract Tower,0,19,13,0,32,0,0,50,0,50,0,19,63,0,82,34,0,34,116
01/07/2008,TYR,TX,ASW,CE,Federal Contract Tower,0,29,26,0,55,0,6,17,4,27,0,35,43,4,82,12,0,12,94
01/08/2008,TYR,TX,ASW,CE,Federal Contract Tower,0,28,24,0,52,0,5,32,0,37,0,33,56,0,89,26,0,26,115
01/09/2008,TYR,TX,ASW,CE,Federal Contract Tower,0,27,10,0,37,0,3,86,0,89,0,30,96,0,126,76,0,76,202
01/10/2008,TYR,TX,ASW,CE,Federal Contract Tower,0,28,11,0,39,0,6,32,0,38,0,34,43,0,77,38,0,38,115
01/11/2008,TYR,TX,ASW,CE,Federal Contract Tower,0,25,18,0,43,0,3,93,0,96,0,28,111,0,139,48,0,48,187
01/12/2008,TYR,TX,ASW,CE,Federal Contract Tower,0,11,10,0,21,0,22,58,0,80,0,33,68,0,101,56,0,56,157
01/13/2008,TYR,TX,ASW,CE,Federal Contract Tower,0,20,5,4,29,0,1,69,0,70,0,21,74,4,99,22,4,26,125
01/14/2008,TYR,TX,ASW,CE,Federal Contract Tower,0,24,11,0,35,0,3,51,0,54,0,27,62,0,89,22,0,22,111
01/15/2008,TYR,TX,ASW,CE,Federal Contract Tower,0,29,20,2,51,0,8,61,2,71,0,37,81,4,122,56,0,56,178
01/16/2008,TYR,TX,ASW,CE,Federal Contract Tower,0,27,25,0,52,0,1,0,0,1,0,28,25,0,53,4,0,4,57
01/17/2008,TYR,TX,ASW,CE,Federal Contract Tower,0,30,15,0,45,0,1,51,0,52,0,31,66,0,97,14,0,14,111
01/18/2008,TYR,TX,ASW,CE,Federal Contract Tower,0,26,12,0,38,0,1,19,0,20,0,27,31,0,58,10,0,10,68
01/19/2008,TYR,TX,ASW,CE,Federal Contract Tower,0,17,10,0,27,0,0,74,0,74,0,17,84,0,101,30,0,30,131
01/20/2008,TYR,TX,ASW,CE,Federal Contract Tower,0,18,15,0,33,0,2,57,0,59,0,20,72,0,92,38,0,38,130
01/21/2008,TYR,TX,ASW,CE,Federal Contract Tower,2,23,17,0,42,0,6,14,0,20,2,29,31,0,62,12,0,12,74
01/22/2008,TYR,TX,ASW,CE,Federal Contract Tower,0,14,17,0,31,0,0,0,0,0,0,14,17,0,31,0,0,0,31
01/23/2008,TYR,TX,ASW,CE,Federal Contract Tower,0,22,29,0,51,0,2,39,0,41,0,24,68,0,92,30,0,30,122
01/24/2008,TYR,TX,ASW,CE,Federal Contract Tower,0,29,22,0,51,0,2,65,0,67,0,31,87,0,118,30,0,30,148
01/25/2008,TYR,TX,ASW,CE,Federal Contract Tower,0,21,19,0,40,0,0,0,0,0,0,21,19,0,40,0,0,0,40
01/26/2008,TYR,TX,ASW,CE,Federal Contract Tower,0,15,12,2,29,0,0,0,0,0,0,15,12,2,29,0,0,0,29
01/27/2008,TYR,TX,ASW,CE,Federal Contract Tower,0,15,9,0,24,0,0,87,2,89,0,15,96,2,113,42,0,42,155
01/28/2008,TYR,TX,ASW,CE,Federal Contract Tower,0,26,13,0,39,0,1,6,0,7,0,27,19,0,46,0,0,0,46
01/29/2008,TYR,TX,ASW,CE,Federal Contract Tower,0,24,12,0,36,0,6,34,0,40,0,30,46,0,76,12,0,12,88
01/30/2008,TYR,TX,ASW,CE,Federal Contract Tower,0,23,31,3,57,0,4,71,6,81,0,27,102,9,138,52,2,54,192
01/31/2008,TYR,TX,ASW,CE,Federal Contract Tower,0,27,21,0,48,0,1,26,0,27,0,28,47,0,75,36,0,36,111
02/01/2008,TYR,TX,ASW,CE,Federal Contract Tower,0,29,22,3,54,0,0,88,2,90,0,29,110,5,144,76,2,78,222
02/02/2008,TYR,TX,ASW,CE,Federal Contract Tower,0,17,14,0,31,0,1,97,1,99,0,18,111,1,130,68,0,68,198
02/03/2008,TYR,TX,ASW,CE,Federal Contract Tower,0,17,16,7,40,0,0,17,0,17,0,17,33,7,57,38,4,42,99
02/04/2008,TYR,TX,ASW,CE,Federal Contract Tower,0,31,18,0,49,0,1,22,2,25,0,32,40,2,74,4,2,6,80
02/05/2008,TYR,TX,ASW,CE,Federal Contract Tower,0,27,19,0,46,0,1,16,1,18,0,28,35,1,64,14,0,14,78
02/06/2008,TYR,TX,ASW,CE,Federal Contract Tower,0,23,21,0,44,0,2,84,0,86,0,25,105,0,130,105,0,105,235
02/07/2008,TYR,TX,ASW,CE,Federal Contract Tower,0,25,27,0,52,0,2,50,3,55,0,27,77,3,107,60,0,60,167
02/08/2008,TYR,TX,ASW,CE,Federal Contract Tower,0,14,0,0,14,0,11,75,0,86,0,25,75,0,100,32,0,32,132
02/09/2008,TYR,TX,ASW,CE,Federal Contract Tower,0,16,8,0,24,0,0,105,0,105,0,16,113,0,129,98,0,98,227
02/10/2008,TYR,TX,ASW,CE,Federal Contract Tower,0,15,13,0,28,0,1,96,1,98,0,16,109,1,126,96,2,98,224
02/11/2008,TYR,TX,ASW,CE,Federal Contract Tower,0,22,17,0,39,0,3,20,0,23,0,25,37,0,62,18,0,18,80
02/12/2008,TYR,TX,ASW,CE,Federal Contract Tower,0,24,8,0,32,0,0,13,1,14,0,24,21,1,46,8,0,8,54
02/13/2008,TYR,TX,ASW,CE,Federal Contract Tower,0,26,28,0,54,0,3,95,2,100,0,29,123,2,154,64,0,64,218
02/14/2008,TYR,TX,ASW,CE,Federal Contract Tower,0,26,17,1,44,0,4,47,2,53,0,30,64,3,97,52,0,52,149
02/15/2008,TYR,TX,ASW,CE,Federal Contract Tower,0,25,20,0,45,0,1,16,0,17,0,26,36,0,62,42,0,42,104
02/16/2008,TYR,TX,ASW,CE,Federal Contract Tower,0,13,5,1,19,0,0,1,0,1,0,13,6,1,20,0,0,0,20
02/17/2008,TYR,TX,ASW,CE,Federal Contract Tower,0,18,17,1,36,0,2,32,0,34,0,20,49,1,70,14,0,14,84
02/18/2008,TYR,TX,ASW,CE,Federal Contract Tower,0,21,24,0,45,0,1,81,0,82,0,22,105,0,127,84,0,84,211
02/19/2008,TYR,TX,ASW,CE,Federal Contract Tower,0,26,15,0,41,0,2,76,1,79,0,28,91,1,120,82,2,84,204
02/20/2008,TYR,TX,ASW,CE,Federal Contract Tower,0,23,28,0,51,0,1,35,0,36,0,24,63,0,87,76,0,76,163
02/21/2008,TYR,TX,ASW,CE,Federal Contract Tower,0,21,24,0,45,0,0,0,0,0,0,21,24,0,45,2,0,2,47
02/22/2008,TYR,TX,ASW,CE,Federal Contract Tower,0,21,50,0,71,0,0,0,0,0,0,21,50,0,71,14,4,18,89
02/23/2008,TYR,TX,ASW,CE,Federal Contract Tower,0,22,15,2,39,0,0,72,1,73,0,22,87,3,112,50,8,58,170
02/24/2008,TYR,TX,ASW,CE,Federal Contract Tower,0,15,27,0,42,0,1,75,0,76,0,16,102,0,118,98,0,98,216
02/25/2008,TYR,TX,ASW,CE,Federal Contract Tower,0,23,14,0,37,0,0,43,0,43,0,23,57,0,80,24,0,24,104
02/26/2008,TYR,TX,ASW,CE,Federal Contract Tower,1,24,20,0,45,0,4,49,4,57,1,28,69,4,102,42,0,42,144
02/27/2008,TYR,TX,ASW,CE,Federal Contract Tower,1,29,49,0,79,0,3,112,0,115,1,32,161,0,194,208,0,208,402
02/28/2008,TYR,TX,ASW,CE,Federal Contract Tower,0,19,30,0,49,0,9,40,0,49,0,28,70,0,98,62,0,62,160
02/29/2008,TYR,TX,ASW,CE,Federal Contract Tower,0,25,12,1,38,0,0,33,2,35,0,25,45,3,73,64,0,64,137
03/01/2008,TYR,TX,ASW,CE,Federal Contract Tower,0,17,14,0,31,0,0,52,0,52,0,17,66,0,83,74,0,74,157
03/02/2008,TYR,TX,ASW,CE,Federal Contract Tower,0,22,10,2,34,0,0,13,0,13,0,22,23,2,47,0,0,0,47
03/03/2008,TYR,TX,ASW,CE,Federal Contract Tower,0,20,9,0,29,0,0,2,0,2,0,20,11,0,31,4,0,4,35
03/04/2008,TYR,TX,ASW,CE,Federal Contract Tower,0,30,22,0,52,0,1,127,0,128,0,31,149,0,180,156,0,156,336
03/05/2008,TYR,TX,ASW,CE,Federal Contract Tower,0,23,15,1,39,0,5,77,1,83,0,28,92,2,122,54,6,60,182
03/06/2008,TYR,TX,ASW,CE,Federal Contract Tower,0,20,25,4,49,0,0,28,0,28,0,20,53,4,77,72,0,72,149
03/07/2008,TYR,TX,ASW,CE,Federal Contract Tower,0,20,9,0,29,0,1,25,0,26,0,21,34,0,55,46,0,46,101
03/08/2008,TYR,TX,ASW,CE,Federal Contract Tower,0,23,17,0,40,0,2,122,2,126,0,25,139,2,166,102,0,102,268
03/09/2008,TYR,TX,ASW,CE,Federal Contract Tower,0,16,10,0,26,0,1,59,0,60,0,17,69,0,86,38,0,38,124
03/10/2008,TYR,TX,ASW,CE,Federal Contract Tower,0,26,22,0,48,0,0,0,0,0,0,26,22,0,48,4,0,4,52
03/11/2008,TYR,TX,ASW,CE,Federal Contract Tower,0,19,20,0,39,0,1,25,0,26,0,20,45,0,65,34,0,34,99
03/12/2008,TYR,TX,ASW,CE,Federal Contract Tower,0,21,13,1,35,0,8,74,0,82,0,29,87,1,117,102,0,102,219
03/13/2008,TYR,TX,ASW,CE,Federal Contract Tower,0,23,24,0,47,0,5,35,0,40,0,28,59,0,87,64,0,64,151
03/14/2008,TYR,TX,ASW,CE,Federal Contract Tower,0,26,14,2,42,0,2,58,0,60,0,28,72,2,102,69,0,69,171
03/15/2008,TYR,TX,ASW,CE,Federal Contract Tower,0,19,9,0,28,0,20,63,0,83,0,39,72,0,111,74,0,74,185
03/16/2008,TYR,TX,ASW,CE,Federal Contract Tower,0,19,15,0,34,0,0,62,0,62,0,19,77,0,96,64,0,64,160
03/17/2008,TYR,TX,ASW,CE,Federal Contract Tower,0,26,9,0,35,0,0,19,0,19,0,26,28,0,54,18,0,18,72
03/18/2008,TYR,TX,ASW,CE,Federal Contract Tower,0,22,8,0,30,0,1,1,0,2,0,23,9,0,32,4,0,4,36
03/19/2008,TYR,TX,ASW,CE,Federal Contract Tower,0,28,18,1,47,0,2,36,3,41,0,30,54,4,88,48,0,48,136
03/20/2008,TYR,TX,ASW,CE,Federal Contract Tower,0,19,29,0,48,0,8,93,0,101,0,27,122,0,149,106,0,106,255
03/21/2008,TYR,TX,ASW,CE,Federal Contract Tower,0,22,10,2,34,0,6,96,0,102,0,28,106,2,136,92,0,92,228
03/22/2008,TYR,TX,ASW,CE,Federal Contract Tower,0,15,10,0,25,0,1,103,0,104,0,16,113,0,129,104,0,104,233
03/23/2008,TYR,TX,ASW,CE,Federal Contract Tower,0,12,6,0,18,0,5,27,0,32,0,17,33,0,50,15,0,15,65
03/24/2008,TYR,TX,ASW,CE,Federal Contract Tower,0,24,17,0,41,0,13,96,0,109,0,37,113,0,150,78,0,78,228
03/25/2008,TYR,TX,ASW,CE,Federal Contract Tower,0,25,12,0,37,0,2,67,0,69,0,27,79,0,106,42,0,42,148
03/26/2008,TYR,TX,ASW,CE,Federal Contract Tower,0,27,27,0,54,0,0,50,0,50,0,27,77,0,104,56,0,56,160
03/27/2008,TYR,TX,ASW,CE,Federal Contract Tower,0,27,46,0,73,0,1,45,2,48,0,28,91,2,121,48,4,52,173
03/28/2008,TYR,TX,ASW,CE,Federal Contract Tower,0,28,28,0,56,0,0,27,0,27,0,28,55,0,83,88,0,88,171
03/29/2008,TYR,TX,ASW,CE,Federal Contract Tower,0,16,9,0,25,0,0,11,0,11,0,16,20,0,36,0,0,0,36
03/30/2008,TYR,TX,ASW,CE,Federal Contract Tower,0,22,15,0,37,0,0,4,0,4,0,22,19,0,41,10,0,10,51
03/31/2008,TYR,TX,ASW,CE,Federal Contract Tower,0,34,18,0,52,0,2,12,0,14,0,36,30,0,66,8,0,8,74
04/01/2008,TYR,TX,ASW,CE,Federal Contract Tower,0,25,42,0,67,0,2,39,0,41,0,27,81,0,108,68,0,68,176
04/02/2008,TYR,TX,ASW,CE,Federal Contract Tower,0,29,33,0,62,0,0,13,0,13,0,29,46,0,75,43,0,43,118
04/03/2008,TYR,TX,ASW,CE,Federal Contract Tower,0,27,16,2,45,0,0,15,0,15,0,27,31,2,60,32,0,32,92
04/04/2008,TYR,TX,ASW,CE,Federal Contract Tower,0,21,18,0,39,0,1,15,0,16,0,22,33,0,55,10,0,10,65
04/05/2008,TYR,TX,ASW,CE,Federal Contract Tower,0,17,24,0,41,0,0,146,0,146,0,17,170,0,187,108,0,108,295
04/06/2008,TYR,TX,ASW,CE,Federal Contract Tower,0,19,16,0,35,0,0,127,0,127,0,19,143,0,162,50,0,50,212
04/07/2008,TYR,TX,ASW,CE,Federal Contract Tower,0,25,29,0,54,0,2,59,0,61,0,27,88,0,115,80,0,80,195
04/08/2008,TYR,TX,ASW,CE,Federal Contract Tower,0,27,22,0,49,0,2,37,0,39,0,29,59,0,88,42,0,42,130
04/09/2008,TYR,TX,ASW,CE,Federal Contract Tower,0,27,46,0,73,0,0,13,0,13,0,27,59,0,86,33,0,33,119
04/10/2008,TYR,TX,ASW,CE,Federal Contract Tower,0,26,21,0,47,0,0,32,0,32,0,26,53,0,79,44,0,44,123
04/11/2008,TYR,TX,ASW,CE,Federal Contract Tower,0,25,27,0,52,0,3,98,1,102,0,28,125,1,154,100,0,100,254
04/12/2008,TYR,TX,ASW,CE,Federal Contract Tower,0,14,22,0,36,0,2,77,3,82,0,16,99,3,118,64,0,64,182
04/13/2008,TYR,TX,ASW,CE,Federal Contract Tower,0,17,10,0,27,0,1,64,0,65,0,18,74,0,92,23,0,23,115
04/14/2008,TYR,TX,ASW,CE,Federal Contract Tower,0,25,22,0,47,0,3,80,0,83,0,28,102,0,130,62,0,62,192
04/15/2008,TYR,TX,ASW,CE,Federal Contract Tower,0,23,18,0,41,0,4,65,0,69,0,27,83,0,110,58,0,58,168
04/16/2008,TYR,TX,ASW,CE,Federal Contract Tower,0,23,24,0,47,0,3,69,1,73,0,26,93,1,120,46,2,48,168
04/17/2008,TYR,TX,ASW,CE,Federal Contract Tower,0,26,43,0,69,0,3,28,0,31,0,29,71,0,100,24,0,24,124
04/18/2008,TYR,TX,ASW,CE,Federal Contract Tower,0,19,21,0,40,0,4,79,0,83,0,23,100,0,123,50,0,50,173
04/19/2008,TYR,TX,ASW,CE,Federal Contract Tower,0,12,18,0,30,0,2,90,3,95,0,14,108,3,125,80,0,80,205
04/20/2008,TYR,TX,ASW,CE,Federal Contract Tower,0,17,11,0,28,0,0,54,0,54,0,17,65,0,82,22,0,22,104
04/21/2008,TYR,TX,ASW,CE,Federal Contract Tower,0,20,22,0,42,0,5,54,2,61,0,25,76,2,103,52,0,52,155
04/22/2008,TYR,TX,ASW,CE,Federal Contract Tower,0,23,28,0,51,0,3,42,0,45,0,26,70,0,96,48,0,48,144
04/23/2008,TYR,TX,ASW,CE,Federal Contract Tower,0,25,31,1,57,0,1,45,0,46,0,26,76,1,103,48,0,48,151
04/24/2008,TYR,TX,ASW,CE,Federal Contract Tower,0,25,22,0,47,0,3,42,0,45,0,28,64,0,92,34,0,34,126
04/25/2008,TYR,TX,ASW,CE,Federal Contract Tower,0,24,42,0,66,0,5,47,0,52,0,29,89,0,118,89,1,90,208
04/26/2008,TYR,TX,ASW,CE,Federal Contract Tower,0,16,20,0,36,0,1,93,1,95,0,17,113,1,131,100,2,102,233
04/27/2008,TYR,TX,ASW,CE,Federal Contract Tower,0,20,15,4,39,0,0,23,1,24,0,20,38,5,63,16,2,18,81
04/28/2008,TYR,TX,ASW,CE,Federal Contract Tower,0,23,18,0,41,0,4,82,0,86,0,27,100,0,127,59,0,59,186
04/29/2008,TYR,TX,ASW,CE,Federal Contract Tower,0,24,32,0,56,0,4,89,0,93,0,28,121,0,149,88,0,88,237
04/30/2008,TYR,TX,ASW,CE,Federal Contract Tower,0,28,36,1,65,0,1,56,0,57,0,29,92,1,122,56,2,58,180
05/01/2008,TYR,TX,ASW,CE,Federal Contract Tower,0,24,47,0,71,0,3,29,0,32,0,27,76,0,103,26,0,26,129
05/02/2008,TYR,TX,ASW,CE,Federal Contract Tower,0,25,12,0,37,0,1,44,0,45,0,26,56,0,82,36,0,36,118
05/03/2008,TYR,TX,ASW,CE,Federal Contract Tower,0,16,10,0,26,0,0,78,0,78,0,16,88,0,104,62,0,62,166
05/04/2008,TYR,TX,ASW,CE,Federal Contract Tower,0,18,17,0,35,0,0,88,2,90,0,18,105,2,125,40,4,44,169
05/05/2008,TYR,TX,ASW,CE,Federal Contract Tower,0,21,13,4,38,0,2,15,0,17,0,23,28,4,55,50,0,50,105
05/06/2008,TYR,TX,ASW,CE,Federal Contract Tower,0,25,32,0,57,0,1,11,0,12,0,26,43,0,69,24,0,24,93
05/07/2008,TYR,TX,ASW,CE,Federal Contract Tower,0,34,20,0,54,0,1,15,1,17,0,35,35,1,71,14,2,16,87
05/08/2008,TYR,TX,ASW,CE,Federal Contract Tower,0,28,40,2,70,0,1,92,0,93,0,29,132,2,163,108,0,108,271
05/09/2008,TYR,TX,ASW,CE,Federal Contract Tower,0,27,31,6,64,0,2,84,0,86,0,29,115,6,150,64,4,68,218
05/10/2008,TYR,TX,ASW,CE,Federal Contract Tower,0,20,34,0,54,0,0,18,0,18,0,20,52,0,72,26,0,26,98
05/11/2008,TYR,TX,ASW,CE,Federal Contract Tower,0,17,14,0,31,0,2,43,0,45,0,19,57,0,76,36,0,36,112
05/12/2008,TYR,TX,ASW,CE,Federal Contract Tower,0,22,10,1,33,0,2,80,4,86,0,24,90,5,119,58,0,58,177
05/13/2008,TYR,TX,ASW,CE,Federal Contract Tower,0,27,23,0,50,0,0,3,0,3,0,27,26,0,53,6,0,6,59
05/14/2008,TYR,TX,ASW,CE,Federal Contract Tower,0,25,25,0,50,0,0,26,0,26,0,25,51,0,76,48,0,48,124
05/15/2008,TYR,TX,ASW,CE,Federal Contract Tower,0,27,44,0,71,0,2,24,2,28,0,29,68,2,99,42,0,42,141
05/16/2008,TYR,TX,ASW,CE,Federal Contract Tower,0,26,42,1,69,0,2,136,1,139,0,28,178,2,208,122,0,122,330
05/17/2008,TYR,TX,ASW,CE,Federal Contract Tower,0,16,5,0,21,0,0,154,3,157,0,16,159,3,178,120,4,124,302
05/18/2008,TYR,TX,ASW,CE,Federal Contract Tower,0,18,18,0,36,0,0,90,0,90,0,18,108,0,126,32,0,32,158
05/19/2008,TYR,TX,ASW,CE,Federal Contract Tower,0,21,17,0,38,0,3,78,0,81,0,24,95,0,119,72,0,72,191
05/20/2008,TYR,TX,ASW,CE,Federal Contract Tower,0,25,31,0,56,0,2,105,0,107,0,27,136,0,163,98,0,98,261
05/21/2008,TYR,TX,ASW,CE,Federal Contract Tower,0,35,34,0,69,0,1,85,0,86,0,36,119,0,155,62,0,62,217
05/22/2008,TYR,TX,ASW,CE,Federal Contract Tower,0,28,22,0,50,0,1,68,2,71,0,29,90,2,121,30,0,30,151
05/23/2008,TYR,TX,ASW,CE,Federal Contract Tower,0,27,33,2,62,0,0,59,0,59,0,27,92,2,121,120,2,122,243
05/24/2008,TYR,TX,ASW,CE,Federal Contract Tower,0,17,15,0,32,0,0,45,0,45,0,17,60,0,77,48,0,48,125
05/25/2008,TYR,TX,ASW,CE,Federal Contract Tower,0,11,19,0,30,0,2,51,0,53,0,13,70,0,83,34,0,34,117
05/26/2008,TYR,TX,ASW,CE,Federal Contract Tower,0,21,15,0,36,0,0,46,0,46,0,21,61,0,82,36,0,36,118
05/27/2008,TYR,TX,ASW,CE,Federal Contract Tower,0,22,12,0,34,0,2,24,0,26,0,24,36,0,60,64,0,64,124
05/28/2008,TYR,TX,ASW,CE,Federal Contract Tower,0,27,33,0,60,0,2,105,0,107,0,29,138,0,167,88,0,88,255
05/29/2008,TYR,TX,ASW,CE,Federal Contract Tower,0,27,30,0,57,0,0,72,0,72,0,27,102,0,129,79,0,79,208
05/30/2008,TYR,TX,ASW,CE,Federal Contract Tower,0,26,20,0,46,0,1,95,0,96,0,27,115,0,142,192,0,192,334
05/31/2008,TYR,TX,ASW,CE,Federal Contract Tower,0,21,13,0,34,0,2,75,0,77,0,23,88,0,111,82,0,82,193
06/01/2008,TYR,TX,ASW,CE,Federal Contract Tower,0,31,26,0,57,0,0,61,0,61,0,31,87,0,118,34,0,34,152
06/02/2008,TYR,TX,ASW,CE,Federal Contract Tower,0,21,29,0,50,0,4,93,0,97,0,25,122,0,147,84,0,84,231
06/03/2008,TYR,TX,ASW,CE,Federal Contract Tower,0,25,16,0,41,0,5,76,0,81,0,30,92,0,122,52,0,52,174
06/04/2008,TYR,TX,ASW,CE,Federal Contract Tower,0,32,15,0,47,0,0,60,0,60,0,32,75,0,107,66,0,66,173
06/05/2008,TYR,TX,ASW,CE,Federal Contract Tower,0,26,19,0,45,0,2,28,0,30,0,28,47,0,75,2,0,2,77
06/06/2008,TYR,TX,ASW,CE,Federal Contract Tower,0,25,27,1,53,0,1,28,0,29,0,26,55,1,82,26,0,26,108
06/07/2008,TYR,TX,ASW,CE,Federal Contract Tower,0,16,14,2,32,0,1,40,1,42,0,17,54,3,74,30,8,38,112
06/08/2008,TYR,TX,ASW,CE,Federal Contract Tower,0,20,16,0,36,0,0,43,0,43,0,20,59,0,79,24,0,24,103
06/09/2008,TYR,TX,ASW,CE,Federal Contract Tower,0,29,21,0,50,0,2,44,1,47,0,31,65,1,97,46,2,48,145
06/10/2008,TYR,TX,ASW,CE,Federal Contract Tower,0,29,26,0,55,0,5,46,0,51,0,34,72,0,106,52,0,52,158
06/11/2008,TYR,TX,ASW,CE,Federal Contract Tower,0,31,31,0,62,0,2,63,0,65,0,33,94,0,127,52,0,52,179
06/12/2008,TYR,TX,ASW,CE,Federal Contract Tower,0,30,22,0,52,0,3,82,2,87,0,33,104,2,139,102,0,102,241
06/13/2008,TYR,TX,ASW,CE,Federal Contract Tower,0,31,13,0,44,0,4,69,0,73,0,35,82,0,117,42,0,42,159
06/14/2008,TYR,TX,ASW,CE,Federal Contract Tower,0,18,17,0,35,0,1,56,0,57,0,19,73,0,92,46,0,46,138
06/15/2008,TYR,TX,ASW,CE,Federal Contract Tower,0,17,15,0,32,0,0,60,0,60,0,17,75,0,92,17,0,17,109
06/16/2008,TYR,TX,ASW,CE,Federal Contract Tower,0,21,11,0,32,0,5,54,0,59,0,26,65,0,91,38,0,38,129
06/17/2008,TYR,TX,ASW,CE,Federal Contract Tower,0,25,15,1,41,0,4,47,1,52,0,29,62,2,93,80,2,82,175
06/18/2008,TYR,TX,ASW,CE,Federal Contract Tower,0,28,23,0,51,0,0,78,0,78,0,28,101,0,129,76,0,76,205
06/19/2008,TYR,TX,ASW,CE,Federal Contract Tower,0,32,24,0,56,0,0,52,0,52,0,32,76,0,108,52,0,52,160
06/20/2008,TYR,TX,ASW,CE,Federal Contract Tower,0,28,30,0,58,0,1,78,0,79,0,29,108,0,137,54,0,54,191
06/21/2008,TYR,TX,ASW,CE,Federal Contract Tower,0,18,14,0,32,0,0,70,0,70,0,18,84,0,102,68,0,68,170
06/22/2008,TYR,TX,ASW,CE,Federal Contract Tower,0,18,14,0,32,0,0,75,1,76,0,18,89,1,108,50,0,50,158
06/23/2008,TYR,TX,ASW,CE,Federal Contract Tower,0,22,16,0,38,0,3,101,2,106,0,25,117,2,144,76,0,76,220
06/24/2008,TYR,TX,ASW,CE,Federal Contract Tower,0,21,11,0,32,0,3,70,0,73,0,24,81,0,105,122,0,122,227
06/25/2008,TYR,TX,ASW,CE,Federal Contract Tower,0,27,35,0,62,0,5,55,2,62,0,32,90,2,124,92,0,92,216
06/26/2008,TYR,TX,ASW,CE,Federal Contract Tower,0,21,25,0,46,0,1,70,2,73,0,22,95,2,119,30,0,30,149
06/27/2008,TYR,TX,ASW,CE,Federal Contract Tower,0,26,26,0,52,0,6,50,0,56,0,32,76,0,108,38,0,38,146
06/28/2008,TYR,TX,ASW,CE,Federal Contract Tower,0,29,21,0,50,0,2,72,0,74,0,31,93,0,124,82,0,82,206
06/29/2008,TYR,TX,ASW,CE,Federal Contract Tower,0,14,10,0,24,0,0,26,0,26,0,14,36,0,50,6,0,6,56
06/30/2008,TYR,TX,ASW,CE,Federal Contract Tower,0,22,11,0,33,0,3,59,0,62,0,25,70,0,95,102,0,102,197
07/01/2008,TYR,TX,ASW,CE,Federal Contract Tower,0,21,22,0,43,0,3,99,0,102,0,24,121,0,145,58,0,58,203
07/02/2008,TYR,TX,ASW,CE,Federal Contract Tower,0,26,25,0,51,0,1,98,0,99,0,27,123,0,150,118,0,118,268
07/03/2008,TYR,TX,ASW,CE,Federal Contract Tower,0,26,17,4,47,0,3,99,2,104,0,29,116,6,151,68,0,68,219
07/04/2008,TYR,TX,ASW,CE,Federal Contract Tower,0,16,10,0,26,0,0,73,0,73,0,16,83,0,99,40,0,40,139
07/05/2008,TYR,TX,ASW,CE,Federal Contract Tower,0,17,32,0,49,0,0,106,0,106,0,17,138,0,155,64,0,64,219
07/06/2008,TYR,TX,ASW,CE,Federal Contract Tower,0,18,11,1,30,0,0,69,0,69,0,18,80,1,99,32,0,32,131
07/07/2008,TYR,TX,ASW,CE,Federal Contract Tower,0,29,7,0,36,0,3,77,0,80,0,32,84,0,116,82,0,82,198
07/08/2008,TYR,TX,ASW,CE,Federal Contract Tower,0,31,20,0,51,0,2,81,0,83,0,33,101,0,134,150,0,150,284
07/09/2008,TYR,TX,ASW,CE,Federal Contract Tower,0,29,17,0,46,0,13,63,0,76,0,42,80,0,122,112,0,112,234
07/10/2008,TYR,TX,ASW,CE,Federal Contract Tower,0,23,22,1,46,0,4,56,0,60,0,27,78,1,106,124,2,126,232
07/11/2008,TYR,TX,ASW,CE,Federal Contract Tower,0,24,20,0,44,0,4,90,0,94,0,28,110,0,138,98,0,98,236
07/12/2008,TYR,TX,ASW,CE,Federal Contract Tower,0,16,16,0,32,0,1,71,0,72,0,17,87,0,104,62,0,62,166
07/13/2008,TYR,TX,ASW,CE,Federal Contract Tower,0,18,11,0,29,0,0,49,2,51,0,18,60,2,80,26,0,26,106
07/14/2008,TYR,TX,ASW,CE,Federal Contract Tower,0,34,24,0,58,0,0,59,1,60,0,34,83,1,118,96,2,98,216
07/15/2008,TYR,TX,ASW,CE,Federal Contract Tower,0,38,17,4,59,0,3,57,0,60,0,41,74,4,119,76,0,76,195
07/16/2008,TYR,TX,ASW,CE,Federal Contract Tower,0,23,18,0,41,0,1,73,0,74,0,24,91,0,115,76,0,76,191
07/17/2008,TYR,TX,ASW,CE,Federal Contract Tower,0,23,37,0,60,0,1,106,6,113,0,24,143,6,173,120,0,120,293
07/18/2008,TYR,TX,ASW,CE,Federal Contract Tower,0,26,14,2,42,0,1,99,2,102,0,27,113,4,144,48,2,50,194
07/19/2008,TYR,TX,ASW,CE,Federal Contract Tower,0,18,19,0,37,0,5,50,4,59,0,23,69,4,96,18,4,22,118
07/20/2008,TYR,TX,ASW,CE,Federal Contract Tower,0,22,23,0,45,0,0,66,0,66,0,22,89,0,111,38,0,38,149
07/21/2008,TYR,TX,ASW,CE,Federal Contract Tower,0,25,23,0,48,0,2,83,14,99,0,27,106,14,147,42,28,70,217
07/22/2008,TYR,TX,ASW,CE,Federal Contract Tower,0,27,12,0,39,0,4,58,4,66,0,31,70,4,105,50,0,50,155
07/23/2008,TYR,TX,ASW,CE,Federal Contract Tower,0,47,21,2,70,0,61,10,0,71,0,108,31,2,141,26,0,26,167
07/24/2008,TYR,TX,ASW,CE,Federal Contract Tower,0,29,22,4,55,0,0,33,4,37,0,29,55,8,92,40,0,40,132
07/25/2008,TYR,TX,ASW,CE,Federal Contract Tower,0,29,22,0,51,0,0,65,20,85,0,29,87,20,136,50,6,56,192
07/26/2008,TYR,TX,ASW,CE,Federal Contract Tower,0,17,8,0,25,0,0,87,1,88,0,17,95,1,113,104,0,104,217
07/27/2008,TYR,TX,ASW,CE,Federal Contract Tower,0,19,15,0,34,0,0,79,0,79,0,19,94,0,113,16,0,16,129
07/28/2008,TYR,TX,ASW,CE,Federal Contract Tower,0,25,19,0,44,0,4,68,0,72,0,29,87,0,116,92,0,92,208
07/29/2008,TYR,TX,ASW,CE,Federal Contract Tower,0,24,17,0,41,0,0,61,0,61,0,24,78,0,102,4,0,4,106
07/30/2008,TYR,TX,ASW,CE,Federal Contract Tower,0,29,26,0,55,0,3,73,0,76,0,32,99,0,131,42,0,42,173
07/31/2008,TYR,TX,ASW,CE,Federal Contract Tower,0,26,29,0,55,0,4,40,0,44,0,30,69,0,99,44,0,44,143
08/01/2008,TYR,TX,ASW,CE,Federal Contract Tower,0,24,16,0,40,0,2,43,0,45,0,26,59,0,85,54,0,54,139
08/02/2008,TYR,TX,ASW,CE,Federal Contract Tower,0,18,16,0,34,0,2,63,0,65,0,20,79,0,99,58,0,58,157
08/03/2008,TYR,TX,ASW,CE,Federal Contract Tower,0,21,19,0,40,0,0,38,0,38,0,21,57,0,78,10,0,10,88
08/04/2008,TYR,TX,ASW,CE,Federal Contract Tower,0,27,15,0,42,0,3,45,0,48,0,30,60,0,90,2,0,2,92
08/05/2008,TYR,TX,ASW,CE,Federal Contract Tower,0,17,22,0,39,0,4,41,0,45,0,21,63,0,84,42,0,42,126
08/06/2008,TYR,TX,ASW,CE,Federal Contract Tower,0,27,27,0,54,0,1,41,0,42,0,28,68,0,96,44,0,44,140
08/07/2008,TYR,TX,ASW,CE,Federal Contract Tower,0,28,32,0,60,0,3,87,2,92,0,31,119,2,152,60,0,60,212
08/08/2008,TYR,TX,ASW,CE,Federal Contract Tower,0,26,27,0,53,0,2,60,0,62,0,28,87,0,115,26,0,26,141
08/09/2008,TYR,TX,ASW,CE,Federal Contract Tower,0,16,17,0,33,0,1,39,0,40,0,17,56,0,73,20,0,20,93
08/10/2008,TYR,TX,ASW,CE,Federal Contract Tower,0,19,10,2,31,0,0,38,0,38,0,19,48,2,69,20,0,20,89
08/11/2008,TYR,TX,ASW,CE,Federal Contract Tower,0,27,24,0,51,0,0,16,0,16,0,27,40,0,67,28,0,28,95
08/12/2008,TYR,TX,ASW,CE,Federal Contract Tower,0,31,26,0,57,0,1,22,0,23,0,32,48,0,80,36,0,36,116
08/13/2008,TYR,TX,ASW,CE,Federal Contract Tower,0,26,32,0,58,0,1,71,0,72,0,27,103,0,130,40,0,40,170
08/14/2008,TYR,TX,ASW,CE,Federal Contract Tower,0,26,21,0,47,0,3,80,0,83,0,29,101,0,130,44,0,44,174
08/15/2008,TYR,TX,ASW,CE,Federal Contract Tower,0,21,17,0,38,0,1,28,0,29,0,22,45,0,67,26,0,26,93
08/16/2008,TYR,TX,ASW,CE,Federal Contract Tower,0,17,17,0,34,0,0,27,0,27,0,17,44,0,61,12,0,12,73
08/17/2008,TYR,TX,ASW,CE,Federal Contract Tower,0,18,30,0,48,0,0,43,0,43,0,18,73,0,91,40,0,40,131
08/18/2008,TYR,TX,ASW,CE,Federal Contract Tower,0,24,23,0,47,0,7,15,0,22,0,31,38,0,69,26,0,26,95
08/19/2008,TYR,TX,ASW,CE,Federal Contract Tower,0,27,11,0,38,0,1,0,0,1,0,28,11,0,39,0,0,0,39
08/20/2008,TYR,TX,ASW,CE,Federal Contract Tower,0,24,22,0,46,0,1,14,0,15,0,25,36,0,61,14,0,14,75
08/21/2008,TYR,TX,ASW,CE,Federal Contract Tower,0,28,21,0,49,0,0,33,0,33,0,28,54,0,82,17,0,17,99
08/22/2008,TYR,TX,ASW,CE,Federal Contract Tower,0,26,21,0,47,0,3,57,0,60,0,29,78,0,107,32,0,32,139
08/23/2008,TYR,TX,ASW,CE,Federal Contract Tower,0,19,9,0,28,0,1,61,0,62,0,20,70,0,90,25,0,25,115
08/24/2008,TYR,TX,ASW,CE,Federal Contract Tower,0,17,12,1,30,0,0,50,0,50,0,17,62,1,80,52,4,56,136
08/25/2008,TYR,TX,ASW,CE,Federal Contract Tower,0,26,11,0,37,0,2,55,2,59,0,28,66,2,96,70,0,70,166
08/26/2008,TYR,TX,ASW,CE,Federal Contract Tower,0,29,17,0,46,0,2,92,0,94,0,31,109,0,140,74,0,74,214
08/27/2008,TYR,TX,ASW,CE,Federal Contract Tower,0,28,25,0,53,0,2,70,0,72,0,30,95,0,125,60,0,60,185
08/28/2008,TYR,TX,ASW,CE,Federal Contract Tower,0,31,34,0,65,0,4,55,0,59,0,35,89,0,124,102,0,102,226
08/29/2008,TYR,TX,ASW,CE,Federal Contract Tower,0,32,22,0,54,0,1,70,0,71,0,33,92,0,125,122,0,122,247
08/30/2008,TYR,TX,ASW,CE,Federal Contract Tower,0,19,15,0,34,0,0,67,0,67,0,19,82,0,101,52,0,52,153
08/31/2008,TYR,TX,ASW,CE,Federal Contract Tower,0,14,5,0,19,0,0,58,0,58,0,14,63,0,77,40,0,40,117
09/01/2008,TYR,TX,ASW,CE,Federal Contract Tower,0,19,4,0,23,0,0,46,0,46,0,19,50,0,69,40,0,40,109
09/02/2008,TYR,TX,ASW,CE,Federal Contract Tower,0,29,13,0,42,0,0,1,0,1,0,29,14,0,43,6,0,6,49
09/03/2008,TYR,TX,ASW,CE,Federal Contract Tower,0,21,29,0,50,0,0,2,0,2,0,21,31,0,52,18,0,18,70
09/04/2008,TYR,TX,ASW,CE,Federal Contract Tower,0,22,19,0,41,0,2,51,0,53,0,24,70,0,94,22,0,22,116
09/05/2008,TYR,TX,ASW,CE,Federal Contract Tower,0,20,26,0,46,0,3,94,0,97,0,23,120,0,143,56,0,56,199
09/06/2008,TYR,TX,ASW,CE,Federal Contract Tower,0,10,17,0,27,0,2,61,0,63,0,12,78,0,90,38,0,38,128
09/07/2008,TYR,TX,ASW,CE,Federal Contract Tower,0,16,10,0,26,0,0,75,0,75,0,16,85,0,101,54,0,54,155
09/08/2008,TYR,TX,ASW,CE,Federal Contract Tower,0,20,22,0,42,0,1,61,0,62,0,21,83,0,104,52,0,52,156
09/09/2008,TYR,TX,ASW,CE,Federal Contract Tower,0,24,23,0,47,0,2,12,0,14,0,26,35,0,61,8,0,8,69
09/10/2008,TYR,TX,ASW,CE,Federal Contract Tower,0,19,24,0,43,0,13,18,0,31,0,32,42,0,74,50,0,50,124
09/11/2008,TYR,TX,ASW,CE,Federal Contract Tower,0,22,27,4,53,0,2,42,0,44,0,24,69,4,97,38,2,40,137
09/12/2008,TYR,TX,ASW,CE,Federal Contract Tower,0,14,13,0,27,0,1,41,0,42,0,15,54,0,69,58,0,58,127
09/13/2008,TYR,TX,ASW,CE,Federal Contract Tower,0,1,0,0,1,0,0,0,0,0,0,1,0,0,1,0,0,0,1
09/14/2008,TYR,TX,ASW,CE,Federal Contract Tower,0,6,10,0,16,0,1,19,2,22,0,7,29,2,38,14,0,14,52
09/15/2008,TYR,TX,ASW,CE,Federal Contract Tower,0,20,19,2,41,0,3,65,0,68,0,23,84,2,109,40,0,40,149
09/16/2008,TYR,TX,ASW,CE,Federal Contract Tower,0,18,18,2,38,0,2,92,1,95,0,20,110,3,133,60,2,62,195
09/17/2008,TYR,TX,ASW,CE,Federal Contract Tower,0,21,25,0,46,0,4,98,0,102,0,25,123,0,148,114,0,114,262
09/18/2008,TYR,TX,ASW,CE,Federal Contract Tower,0,21,29,0,50,0,2,76,0,78,0,23,105,0,128,132,0,132,260
09/19/2008,TYR,TX,ASW,CE,Federal Contract Tower,0,21,28,2,51,0,3,93,0,96,0,24,121,2,147,112,0,112,259
09/20/2008,TYR,TX,ASW,CE,Federal Contract Tower,0,24,14,0,38,0,1,72,0,73,0,25,86,0,111,58,0,58,169
09/21/2008,TYR,TX,ASW,CE,Federal Contract Tower,0,15,18,1,34,0,0,43,0,43,0,15,61,1,77,48,12,60,137
09/22/2008,TYR,TX,ASW,CE,Federal Contract Tower,0,18,9,0,27,0,5,85,0,90,0,23,94,0,117,126,0,126,243
09/23/2008,TYR,TX,ASW,CE,Federal Contract Tower,0,19,17,0,36,0,4,53,0,57,0,23,70,0,93,40,0,40,133
09/24/2008,TYR,TX,ASW,CE,Federal Contract Tower,0,19,32,0,51,0,3,72,0,75,0,22,104,0,126,52,0,52,178
09/25/2008,TYR,TX,ASW,CE,Federal Contract Tower,0,21,28,0,49,0,2,73,0,75,0,23,101,0,124,78,0,78,202
09/26/2008,TYR,TX,ASW,CE,Federal Contract Tower,0,22,17,0,39,0,2,64,0,66,0,24,81,0,105,54,0,54,159
09/27/2008,TYR,TX,ASW,CE,Federal Contract Tower,0,13,12,0,25,0,1,63,0,64,0,14,75,0,89,34,0,34,123
09/28/2008,TYR,TX,ASW,CE,Federal Contract Tower,0,13,16,0,29,0,0,65,0,65,0,13,81,0,94,22,0,22,116
09/29/2008,TYR,TX,ASW,CE,Federal Contract Tower,0,21,10,1,32,0,3,79,3,85,0,24,89,4,117,48,6,54,171
09/30/2008,TYR,TX,ASW,CE,Federal Contract Tower,0,20,24,0,44,0,3,82,0,85,0,23,106,0,129,50,0,50,179
10/01/2008,TYR,TX,ASW,CE,Federal Contract Tower,0,18,9,0,27,0,3,65,1,69,0,21,74,1,96,72,0,72,168
10/02/2008,TYR,TX,ASW,CE,Federal Contract Tower,0,21,15,0,36,0,2,70,0,72,0,23,85,0,108,76,0,76,184
10/03/2008,TYR,TX,ASW,CE,Federal Contract Tower,0,22,18,0,40,0,3,96,0,99,0,25,114,0,139,76,0,76,215
10/04/2008,TYR,TX,ASW,CE,Federal Contract Tower,0,13,11,0,24,0,1,97,2,100,0,14,108,2,124,72,0,72,196
10/05/2008,TYR,TX,ASW,CE,Federal Contract Tower,0,16,19,0,35,0,0,50,0,50,0,16,69,0,85,54,0,54,139
10/06/2008,TYR,TX,ASW,CE,Federal Contract Tower,0,18,14,1,33,0,2,23,1,26,0,20,37,2,59,52,0,52,111
10/07/2008,TYR,TX,ASW,CE,Federal Contract Tower,0,29,9,0,38,0,13,42,0,55,0,42,51,0,93,38,0,38,131
10/08/2008,TYR,TX,ASW,CE,Federal Contract Tower,0,19,30,0,49,0,7,78,0,85,0,26,108,0,134,96,0,96,230
10/09/2008,TYR,TX,ASW,CE,Federal Contract Tower,0,24,8,0,32,0,2,99,0,101,0,26,107,0,133,78,0,78,211
10/10/2008,TYR,TX,ASW,CE,Federal Contract Tower,0,22,17,1,40,0,0,93,0,93,0,22,110,1,133,64,16,80,213
10/11/2008,TYR,TX,ASW,CE,Federal Contract Tower,0,13,18,0,31,0,0,58,0,58,0,13,76,0,89,100,0,100,189
10/12/2008,TYR,TX,ASW,CE,Federal Contract Tower,0,14,18,0,32,0,0,38,0,38,0,14,56,0,70,70,0,70,140
10/13/2008,TYR,TX,ASW,CE,Federal Contract Tower,0,22,18,6,46,0,1,34,0,35,0,23,52,6,81,24,18,42,123
10/14/2008,TYR,TX,ASW,CE,Federal Contract Tower,0,19,25,0,44,0,1,56,0,57,0,20,81,0,101,22,0,22,123
10/15/2008,TYR,TX,ASW,CE,Federal Contract Tower,0,21,26,0,47,0,0,9,0,9,0,21,35,0,56,6,0,6,62
10/16/2008,TYR,TX,ASW,CE,Federal Contract Tower,0,27,52,0,79,0,0,1,0,1,0,27,53,0,80,28,0,28,108
10/17/2008,TYR,TX,ASW,CE,Federal Contract Tower,0,23,28,0,51,0,2,79,0,81,0,25,107,0,132,24,0,24,156
10/18/2008,TYR,TX,ASW,CE,Federal Contract Tower,0,12,11,1,24,0,1,75,0,76,0,13,86,1,100,62,0,62,162
10/19/2008,TYR,TX,ASW,CE,Federal Contract Tower,0,19,25,2,46,0,0,72,0,72,0,19,97,2,118,38,4,42,160
10/20/2008,TYR,TX,ASW,CE,Federal Contract Tower,0,17,7,0,24,0,3,83,0,86,0,20,90,0,110,126,0,126,236
10/21/2008,TYR,TX,ASW,CE,Federal Contract Tower,0,19,26,0,45,0,4,77,2,83,0,23,103,2,128,122,0,122,250
10/22/2008,TYR,TX,ASW,CE,Federal Contract Tower,0,0,20,22,42,0,3,30,1,34,0,3,50,23,76,18,0,18,94
10/23/2008,TYR,TX,ASW,CE,Federal Contract Tower,0,24,15,1,40,0,3,73,1,77,0,27,88,2,117,86,0,86,203
10/24/2008,TYR,TX,ASW,CE,Federal Contract Tower,0,21,15,0,36,0,2,81,0,83,0,23,96,0,119,106,0,106,225
10/25/2008,TYR,TX,ASW,CE,Federal Contract Tower,0,11,8,0,19,0,1,60,0,61,0,12,68,0,80,36,0,36,116
10/26/2008,TYR,TX,ASW,CE,Federal Contract Tower,0,17,12,0,29,0,0,73,0,73,0,17,85,0,102,84,0,84,186
10/27/2008,TYR,TX,ASW,CE,Federal Contract Tower,0,26,11,0,37,0,1,70,0,71,0,27,81,0,108,26,0,26,134
10/28/2008,TYR,TX,ASW,CE,Federal Contract Tower,0,19,20,0,39,0,2,88,0,90,0,21,108,0,129,80,0,80,209
10/29/2008,TYR,TX,ASW,CE,Federal Contract Tower,0,21,32,0,53,0,2,91,0,93,0,23,123,0,146,80,0,80,226
10/30/2008,TYR,TX,ASW,CE,Federal Contract Tower,0,23,18,0,41,0,2,69,0,71,0,25,87,0,112,72,0,72,184
10/31/2008,TYR,TX,ASW,CE,Federal Contract Tower,0,27,31,0,58,0,0,107,0,107,0,27,138,0,165,168,0,168,333
11/01/2008,TYR,TX,ASW,CE,Federal Contract Tower,0,12,16,0,28,0,0,62,0,62,0,12,78,0,90,24,0,24,114
11/02/2008,TYR,TX,ASW,CE,Federal Contract Tower,0,10,14,1,25,0,0,81,0,81,0,10,95,1,106,60,0,60,166
11/03/2008,TYR,TX,ASW,CE,Federal Contract Tower,0,20,7,1,28,0,1,88,0,89,0,21,95,1,117,124,8,132,249
11/04/2008,TYR,TX,ASW,CE,Federal Contract Tower,0,19,14,1,34,0,3,70,4,77,0,22,84,5,111,30,4,34,145
11/05/2008,TYR,TX,ASW,CE,Federal Contract Tower,0,18,31,0,49,0,2,28,1,31,0,20,59,1,80,24,0,24,104
11/06/2008,TYR,TX,ASW,CE,Federal Contract Tower,0,25,27,0,52,0,0,39,0,39,0,25,66,0,91,102,0,102,193
11/07/2008,TYR,TX,ASW,CE,Federal Contract Tower,0,26,27,7,60,0,16,75,4,95,0,42,102,11,155,80,52,132,287
11/08/2008,TYR,TX,ASW,CE,Federal Contract Tower,0,15,14,0,29,0,1,51,0,52,0,16,65,0,81,32,0,32,113
11/09/2008,TYR,TX,ASW,CE,Federal Contract Tower,0,16,17,0,33,0,4,61,0,65,0,20,78,0,98,72,0,72,170
11/10/2008,TYR,TX,ASW,CE,Federal Contract Tower,0,22,19,0,41,0,0,11,0,11,0,22,30,0,52,6,0,6,58
11/11/2008,TYR,TX,ASW,CE,Federal Contract Tower,0,18,19,0,37,0,1,4,0,5,0,19,23,0,42,10,0,10,52
11/12/2008,TYR,TX,ASW,CE,Federal Contract Tower,0,21,22,0,43,0,1,51,0,52,0,22,73,0,95,48,0,48,143
11/13/2008,TYR,TX,ASW,CE,Federal Contract Tower,0,28,31,0,59,0,0,83,3,86,0,28,114,3,145,48,0,48,193
11/14/2008,TYR,TX,ASW,CE,Federal Contract Tower,0,25,20,3,48,0,0,35,0,35,0,25,55,3,83,26,2,28,111
11/15/2008,TYR,TX,ASW,CE,Federal Contract Tower,0,11,10,0,21,0,1,85,0,86,0,12,95,0,107,44,0,44,151
11/16/2008,TYR,TX,ASW,CE,Federal Contract Tower,0,14,13,0,27,0,0,95,0,95,0,14,108,0,122,68,0,68,190
11/17/2008,TYR,TX,ASW,CE,Federal Contract Tower,0,19,15,0,34,0,0,65,0,65,0,19,80,0,99,56,0,56,155
11/18/2008,TYR,TX,ASW,CE,Federal Contract Tower,0,24,23,0,47,0,1,90,0,91,0,25,113,0,138,64,0,64,202
11/19/2008,TYR,TX,ASW,CE,Federal Contract Tower,0,25,31,0,56,0,1,86,0,87,0,26,117,0,143,100,0,100,243
11/20/2008,TYR,TX,ASW,CE,Federal Contract Tower,0,24,23,0,47,0,1,74,0,75,0,25,97,0,122,92,0,92,214
11/21/2008,TYR,TX,ASW,CE,Federal Contract Tower,0,26,24,0,50,0,1,79,0,80,0,27,103,0,130,74,0,74,204
11/22/2008,TYR,TX,ASW,CE,Federal Contract Tower,0,13,9,2,24,0,2,52,0,54,0,15,61,2,78,54,0,54,132
11/23/2008,TYR,TX,ASW,CE,Federal Contract Tower,0,16,19,0,35,0,2,13,0,15,0,18,32,0,50,8,0,8,58
11/24/2008,TYR,TX,ASW,CE,Federal Contract Tower,0,20,9,0,29,0,8,14,0,22,0,28,23,0,51,8,0,8,59
11/25/2008,TYR,TX,ASW,CE,Federal Contract Tower,0,25,28,0,53,0,5,92,0,97,0,30,120,0,150,80,0,80,230
11/26/2008,TYR,TX,ASW,CE,Federal Contract Tower,0,26,27,0,53,0,2,77,0,79,0,28,104,0,132,74,0,74,206
11/27/2008,TYR,TX,ASW,CE,Federal Contract Tower,0,13,7,0,20,0,0,17,0,17,0,13,24,0,37,18,0,18,55
11/28/2008,TYR,TX,ASW,CE,Federal Contract Tower,0,22,21,0,43,0,0,0,0,0,0,22,21,0,43,4,0,4,47
11/29/2008,TYR,TX,ASW,CE,Federal Contract Tower,0,17,27,0,44,0,0,29,0,29,0,17,56,0,73,26,0,26,99
11/30/2008,TYR,TX,ASW,CE,Federal Contract Tower,0,15,14,0,29,0,0,32,0,32,0,15,46,0,61,2,0,2,63
12/01/2008,TYR,TX,ASW,CE,Federal Contract Tower,0,20,13,0,33,0,1,25,0,26,0,21,38,0,59,10,0,10,69
12/02/2008,TYR,TX,ASW,CE,Federal Contract Tower,0,21,17,0,38,0,0,36,2,38,0,21,53,2,76,14,0,14,90
12/03/2008,TYR,TX,ASW,CE,Federal Contract Tower,0,21,15,0,36,0,0,21,0,21,0,21,36,0,57,0,0,0,57
12/04/2008,TYR,TX,ASW,CE,Federal Contract Tower,0,21,11,0,32,0,0,49,0,49,0,21,60,0,81,36,0,36,117
12/05/2008,TYR,TX,ASW,CE,Federal Contract Tower,0,23,10,0,33,0,0,61,0,61,0,23,71,0,94,14,0,14,108
12/06/2008,TYR,TX,ASW,CE,Federal Contract Tower,0,16,5,0,21,0,3,46,0,49,0,19,51,0,70,48,0,48,118
12/07/2008,TYR,TX,ASW,CE,Federal Contract Tower,0,18,6,0,24,0,18,48,0,66,0,36,54,0,90,80,0,80,170
12/08/2008,TYR,TX,ASW,CE,Federal Contract Tower,0,23,17,0,40,0,7,29,0,36,0,30,46,0,76,22,0,22,98
12/09/2008,TYR,TX,ASW,CE,Federal Contract Tower,0,22,8,0,30,0,0,18,0,18,0,22,26,0,48,14,0,14,62
12/10/2008,TYR,TX,ASW,CE,Federal Contract Tower,0,17,25,0,42,0,0,14,0,14,0,17,39,0,56,2,0,2,58
12/11/2008,TYR,TX,ASW,CE,Federal Contract Tower,0,23,16,0,39,0,1,90,0,91,0,24,106,0,130,120,0,120,250
12/12/2008,TYR,TX,ASW,CE,Federal Contract Tower,0,23,20,0,43,0,0,79,2,81,0,23,99,2,124,56,0,56,180
12/13/2008,TYR,TX,ASW,CE,Federal Contract Tower,0,13,8,0,21,0,0,23,0,23,0,13,31,0,44,10,0,10,54
12/14/2008,TYR,TX,ASW,CE,Federal Contract Tower,0,14,11,0,25,0,0,19,0,19,0,14,30,0,44,16,0,16,60
12/15/2008,TYR,TX,ASW,CE,Federal Contract Tower,0,13,4,0,17,0,0,1,0,1,0,13,5,0,18,0,0,0,18
12/16/2008,TYR,TX,ASW,CE,Federal Contract Tower,0,19,11,0,30,0,0,0,0,0,0,19,11,0,30,0,0,0,30
12/17/2008,TYR,TX,ASW,CE,Federal Contract Tower,0,33,8,0,41,0,0,0,0,0,0,33,8,0,41,0,0,0,41
12/18/2008,TYR,TX,ASW,CE,Federal Contract Tower,0,19,19,0,38,0,0,0,0,0,0,19,19,0,38,0,0,0,38
12/19/2008,TYR,TX,ASW,CE,Federal Contract Tower,0,24,12,1,37,0,0,75,1,76,0,24,87,2,113,108,0,108,221
12/20/2008,TYR,TX,ASW,CE,Federal Contract Tower,0,12,9,0,21,0,8,27,0,35,0,20,36,0,56,68,0,68,124
12/21/2008,TYR,TX,ASW,CE,Federal Contract Tower,0,12,10,0,22,0,3,49,0,52,0,15,59,0,74,56,0,56,130
12/22/2008,TYR,TX,ASW,CE,Federal Contract Tower,0,18,12,0,30,0,3,32,0,35,0,21,44,0,65,16,0,16,81
12/23/2008,TYR,TX,ASW,CE,Federal Contract Tower,0,26,29,0,55,0,0,1,0,1,0,26,30,0,56,26,0,26,82
12/24/2008,TYR,TX,ASW,CE,Federal Contract Tower,0,27,3,0,30,0,1,34,0,35,0,28,37,0,65,22,0,22,87
12/25/2008,TYR,TX,ASW,CE,Federal Contract Tower,0,13,1,0,14,0,0,7,0,7,0,13,8,0,21,0,0,0,21
12/26/2008,TYR,TX,ASW,CE,Federal Contract Tower,0,24,14,0,38,0,0,1,0,1,0,24,15,0,39,0,0,0,39
12/27/2008,TYR,TX,ASW,CE,Federal Contract Tower,0,15,13,0,28,0,0,10,0,10,0,15,23,0,38,4,0,4,42
12/28/2008,TYR,TX,ASW,CE,Federal Contract Tower,0,13,15,0,28,0,0,106,0,106,0,13,121,0,134,50,0,50,184
12/29/2008,TYR,TX,ASW,CE,Federal Contract Tower,0,21,26,0,47,0,1,72,2,75,0,22,98,2,122,68,0,68,190
12/30/2008,TYR,TX,ASW,CE,Federal Contract Tower,0,23,16,0,39,0,1,73,0,74,0,24,89,0,113,48,0,48,161
12/31/2008,TYR,TX,ASW,CE,Federal Contract Tower,0,19,5,0,24,0,1,60,0,61,0,20,65,0,85,26,0,26,111
01/01/2009,TYR,TX,ASW,CE,Federal Contract Tower,0,15,7,0,22,0,0,42,0,42,0,15,49,0,64,20,0,20,84
01/02/2009,TYR,TX,ASW,CE,Federal Contract Tower,0,23,18,0,41,0,0,35,3,38,0,23,53,3,79,30,0,30,109
01/03/2009,TYR,TX,ASW,CE,Federal Contract Tower,0,16,13,0,29,0,0,21,0,21,0,16,34,0,50,12,0,12,62
01/04/2009,TYR,TX,ASW,CE,Federal Contract Tower,0,17,22,0,39,0,1,14,0,15,0,18,36,0,54,6,0,6,60
01/05/2009,TYR,TX,ASW,CE,Federal Contract Tower,0,18,8,0,26,0,0,0,0,0,0,18,8,0,26,4,0,4,30
01/06/2009,TYR,TX,ASW,CE,Federal Contract Tower,0,22,19,0,41,0,1,41,0,42,0,23,60,0,83,68,0,68,151
01/07/2009,TYR,TX,ASW,CE,Federal Contract Tower,0,24,21,0,45,0,1,55,0,56,0,25,76,0,101,82,0,82,183
01/08/2009,TYR,TX,ASW,CE,Federal Contract Tower,0,28,19,0,47,0,1,95,0,96,0,29,114,0,143,78,0,78,221
01/09/2009,TYR,TX,ASW,CE,Federal Contract Tower,0,27,15,0,42,0,0,35,0,35,0,27,50,0,77,30,0,30,107
01/10/2009,TYR,TX,ASW,CE,Federal Contract Tower,0,12,16,0,28,0,0,33,0,33,0,12,49,0,61,40,0,40,101
01/11/2009,TYR,TX,ASW,CE,Federal Contract Tower,0,17,11,0,28,0,0,94,0,94,0,17,105,0,122,59,12,71,193
01/12/2009,TYR,TX,ASW,CE,Federal Contract Tower,0,24,22,3,49,0,0,43,0,43,0,24,65,3,92,70,6,76,168
01/13/2009,TYR,TX,ASW,CE,Federal Contract Tower,0,25,20,0,45,0,1,49,0,50,0,26,69,0,95,48,0,48,143
01/14/2009,TYR,TX,ASW,CE,Federal Contract Tower,0,24,18,0,42,0,1,79,0,80,0,25,97,0,122,80,0,80,202
01/15/2009,TYR,TX,ASW,CE,Federal Contract Tower,0,21,25,0,46,0,1,84,0,85,0,22,109,0,131,52,0,52,183
01/16/2009,TYR,TX,ASW,CE,Federal Contract Tower,0,26,21,3,50,0,1,47,3,51,0,27,68,6,101,0,0,0,101
01/17/2009,TYR,TX,ASW,CE,Federal Contract Tower,0,11,14,1,26,0,1,15,0,16,0,12,29,1,42,22,2,24,66
01/18/2009,TYR,TX,ASW,CE,Federal Contract Tower,0,19,13,0,32,0,4,57,0,61,0,23,70,0,93,52,4,56,149
01/19/2009,TYR,TX,ASW,CE,Federal Contract Tower,0,20,11,0,31,0,3,53,0,56,0,23,64,0,87,32,0,32,119
01/20/2009,TYR,TX,ASW,CE,Federal Contract Tower,0,29,23,0,52,0,4,61,0,65,0,33,84,0,117,38,0,38,155
01/21/2009,TYR,TX,ASW,CE,Federal Contract Tower,0,26,26,0,52,0,6,75,0,81,0,32,101,0,133,62,0,62,195
01/22/2009,TYR,TX,ASW,CE,Federal Contract Tower,0,20,26,0,46,0,9,64,0,73,0,29,90,0,119,62,0,62,181
01/23/2009,TYR,TX,ASW,CE,Federal Contract Tower,0,31,30,0,61,0,1,74,0,75,0,32,104,0,136,90,0,90,226
01/24/2009,TYR,TX,ASW,CE,Federal Contract Tower,0,18,20,0,38,0,0,18,0,18,0,18,38,0,56,46,0,46,102
01/25/2009,TYR,TX,ASW,CE,Federal Contract Tower,0,17,36,0,53,0,0,60,0,60,0,17,96,0,113,56,0,56,169
01/26/2009,TYR,TX,ASW,CE,Federal Contract Tower,0,21,15,1,37,0,0,0,0,0,0,21,15,1,37,0,0,0,37
01/27/2009,TYR,TX,ASW,CE,Federal Contract Tower,0,18,6,0,24,0,0,0,0,0,0,18,6,0,24,0,0,0,24
01/28/2009,TYR,TX,ASW,CE,Federal Contract Tower,0,23,13,0,36,0,0,10,0,10,0,23,23,0,46,14,0,14,60
01/29/2009,TYR,TX,ASW,CE,Federal Contract Tower,0,25,23,0,48,0,0,44,0,44,0,25,67,0,92,50,0,50,142
01/30/2009,TYR,TX,ASW,CE,Federal Contract Tower,0,27,15,0,42,0,0,79,0,79,0,27,94,0,121,76,0,76,197
01/31/2009,TYR,TX,ASW,CE,Federal Contract Tower,0,14,9,0,23,0,6,83,1,90,0,20,92,1,113,86,24,110,223
02/01/2009,TYR,TX,ASW,CE,Federal Contract Tower,0,15,14,0,29,0,0,32,0,32,0,15,46,0,61,18,0,18,79
02/02/2009,TYR,TX,ASW,CE,Federal Contract Tower,0,21,19,0,40,0,1,50,0,51,0,22,69,0,91,30,0,30,121
02/03/2009,TYR,TX,ASW,CE,Federal Contract Tower,0,24,10,0,34,0,1,64,1,66,0,25,74,1,100,53,0,53,153
02/04/2009,TYR,TX,ASW,CE,Federal Contract Tower,0,25,21,0,46,0,2,88,3,93,0,27,109,3,139,64,0,64,203
02/05/2009,TYR,TX,ASW,CE,Federal Contract Tower,0,24,14,0,38,0,1,54,0,55,0,25,68,0,93,18,0,18,111
02/06/2009,TYR,TX,ASW,CE,Federal Contract Tower,0,25,29,0,54,0,1,40,0,41,0,26,69,0,95,8,0,8,103
02/07/2009,TYR,TX,ASW,CE,Federal Contract Tower,0,12,12,0,24,0,1,33,0,34,0,13,45,0,58,26,0,26,84
02/08/2009,TYR,TX,ASW,CE,Federal Contract Tower,0,16,15,0,31,0,0,41,0,41,0,16,56,0,72,24,0,24,96
02/09/2009,TYR,TX,ASW,CE,Federal Contract Tower,0,24,17,0,41,0,0,4,0,4,0,24,21,0,45,2,0,2,47
02/10/2009,TYR,TX,ASW,CE,Federal Contract Tower,0,26,17,0,43,0,0,6,0,6,0,26,23,0,49,2,0,2,51
02/11/2009,TYR,TX,ASW,CE,Federal Contract Tower,0,23,12,0,35,0,1,57,0,58,0,24,69,0,93,28,0,28,121
02/12/2009,TYR,TX,ASW,CE,Federal Contract Tower,0,27,23,0,50,0,2,121,0,123,0,29,144,0,173,90,0,90,263
02/13/2009,TYR,TX,ASW,CE,Federal Contract Tower,0,29,15,1,45,0,1,20,0,21,0,30,35,1,66,28,0,28,94
02/14/2009,TYR,TX,ASW,CE,Federal Contract Tower,0,13,12,0,25,0,0,52,0,52,0,13,64,0,77,58,0,58,135
02/15/2009,TYR,TX,ASW,CE,Federal Contract Tower,0,22,20,0,42,0,13,36,0,49,0,35,56,0,91,6,6,12,103
02/16/2009,TYR,TX,ASW,CE,Federal Contract Tower,0,22,13,0,35,0,49,20,10,79,0,71,33,10,114,66,0,66,180
02/17/2009,TYR,TX,ASW,CE,Federal Contract Tower,0,28,24,0,52,0,2,0,0,2,0,30,24,0,54,6,0,6,60
02/18/2009,TYR,TX,ASW,CE,Federal Contract Tower,0,25,17,0,42,0,3,72,0,75,0,28,89,0,117,90,0,90,207
02/19/2009,TYR,TX,ASW,CE,Federal Contract Tower,0,26,21,0,47,0,0,69,0,69,0,26,90,0,116,62,0,62,178
02/20/2009,TYR,TX,ASW,CE,Federal Contract Tower,0,28,16,0,44,0,2,83,0,85,0,30,99,0,129,152,0,152,281
02/21/2009,TYR,TX,ASW,CE,Federal Contract Tower,0,15,8,0,23,0,0,26,0,26,0,15,34,0,49,82,0,82,131
02/22/2009,TYR,TX,ASW,CE,Federal Contract Tower,0,17,18,0,35,0,0,106,0,106,0,17,124,0,141,68,0,68,209
02/23/2009,TYR,TX,ASW,CE,Federal Contract Tower,0,24,11,0,35,0,1,60,0,61,0,25,71,0,96,66,0,66,162
02/24/2009,TYR,TX,ASW,CE,Federal Contract Tower,0,24,19,0,43,0,1,55,0,56,0,25,74,0,99,36,0,36,135
02/25/2009,TYR,TX,ASW,CE,Federal Contract Tower,0,23,34,0,57,0,1,20,0,21,0,24,54,0,78,6,0,6,84
02/26/2009,TYR,TX,ASW,CE,Federal Contract Tower,0,24,25,0,49,0,30,0,0,30,0,54,25,0,79,36,0,36,115
02/27/2009,TYR,TX,ASW,CE,Federal Contract Tower,0,26,25,0,51,0,0,41,0,41,0,26,66,0,92,58,0,58,150
02/28/2009,TYR,TX,ASW,CE,Federal Contract Tower,0,14,13,0,27,0,4,13,0,17,0,18,26,0,44,12,0,12,56
03/01/2009,TYR,TX,ASW,CE,Federal Contract Tower,0,18,11,0,29,0,4,83,2,89,0,22,94,2,118,36,0,36,154
03/02/2009,TYR,TX,ASW,CE,Federal Contract Tower,0,24,13,1,38,0,1,87,0,88,0,25,100,1,126,82,6,88,214
03/03/2009,TYR,TX,ASW,CE,Federal Contract Tower,0,20,14,0,34,0,3,51,0,54,0,23,65,0,88,38,0,38,126
03/04/2009,TYR,TX,ASW,CE,Federal Contract Tower,0,20,25,0,45,0,2,62,0,64,0,22,87,0,109,74,0,74,183
03/05/2009,TYR,TX,ASW,CE,Federal Contract Tower,0,24,24,0,48,0,2,47,0,49,0,26,71,0,97,52,0,52,149
03/06/2009,TYR,TX,ASW,CE,Federal Contract Tower,0,21,19,2,42,0,3,49,0,52,0,24,68,2,94,80,0,80,174
03/07/2009,TYR,TX,ASW,CE,Federal Contract Tower,0,13,14,0,27,0,1,34,0,35,0,14,48,0,62,18,0,18,80
03/08/2009,TYR,TX,ASW,CE,Federal Contract Tower,0,16,15,0,31,0,0,27,0,27,0,16,42,0,58,10,0,10,68
03/09/2009,TYR,TX,ASW,CE,Federal Contract Tower,0,23,22,0,45,0,1,39,0,40,0,24,61,0,85,84,0,84,169
03/10/2009,TYR,TX,ASW,CE,Federal Contract Tower,0,22,15,0,37,0,4,32,3,39,0,26,47,3,76,20,0,20,96
03/11/2009,TYR,TX,ASW,CE,Federal Contract Tower,0,23,24,0,47,0,0,0,0,0,0,23,24,0,47,6,0,6,53
03/12/2009,TYR,TX,ASW,CE,Federal Contract Tower,0,20,14,0,34,0,0,0,2,2,0,20,14,2,36,0,0,0,36
03/13/2009,TYR,TX,ASW,CE,Federal Contract Tower,0,26,12,0,38,0,0,0,0,0,0,26,12,0,38,4,0,4,42
03/14/2009,TYR,TX,ASW,CE,Federal Contract Tower,0,14,17,0,31,0,0,8,0,8,0,14,25,0,39,52,0,52,91
03/15/2009,TYR,TX,ASW,CE,Federal Contract Tower,0,17,20,0,37,0,0,6,2,8,0,17,26,2,45,20,0,20,65
03/16/2009,TYR,TX,ASW,CE,Federal Contract Tower,0,25,6,0,31,0,1,61,1,63,0,26,67,1,94,48,0,48,142
03/17/2009,TYR,TX,ASW,CE,Federal Contract Tower,0,23,19,9,51,0,1,40,0,41,0,24,59,9,92,38,14,52,144
03/18/2009,TYR,TX,ASW,CE,Federal Contract Tower,0,21,16,0,37,0,1,111,0,112,0,22,127,0,149,78,0,78,227
03/19/2009,TYR,TX,ASW,CE,Federal Contract Tower,0,21,13,0,34,0,2,72,2,76,0,23,85,2,110,70,0,70,180
03/20/2009,TYR,TX,ASW,CE,Federal Contract Tower,0,26,14,1,41,0,6,77,1,84,0,32,91,2,125,92,0,92,217
03/21/2009,TYR,TX,ASW,CE,Federal Contract Tower,0,12,8,1,21,0,12,77,1,90,0,24,85,2,111,54,0,54,165
03/22/2009,TYR,TX,ASW,CE,Federal Contract Tower,0,16,18,0,34,0,0,38,0,38,0,16,56,0,72,14,0,14,86
03/23/2009,TYR,TX,ASW,CE,Federal Contract Tower,0,22,13,1,36,0,0,18,1,19,0,22,31,2,55,21,0,21,76
03/24/2009,TYR,TX,ASW,CE,Federal Contract Tower,0,23,25,0,48,0,0,7,0,7,0,23,32,0,55,0,0,0,55
03/25/2009,TYR,TX,ASW,CE,Federal Contract Tower,0,20,14,0,34,0,0,30,0,30,0,20,44,0,64,86,0,86,150
03/26/2009,TYR,TX,ASW,CE,Federal Contract Tower,0,22,36,0,58,0,0,3,0,3,0,22,39,0,61,4,0,4,65
03/27/2009,TYR,TX,ASW,CE,Federal Contract Tower,0,23,15,0,38,0,0,13,0,13,0,23,28,0,51,14,0,14,65
03/28/2009,TYR,TX,ASW,CE,Federal Contract Tower,0,11,14,0,25,0,18,30,0,48,0,29,44,0,73,25,0,25,98
03/29/2009,TYR,TX,ASW,CE,Federal Contract Tower,0,15,8,0,23,0,0,158,0,158,0,15,166,0,181,152,0,152,333
03/30/2009,TYR,TX,ASW,CE,Federal Contract Tower,0,22,16,0,38,0,0,41,0,41,0,22,57,0,79,72,0,72,151
03/31/2009,TYR,TX,ASW,CE,Federal Contract Tower,0,22,22,0,44,0,1,62,1,64,0,23,84,1,108,52,0,52,160
04/01/2009,TYR,TX,ASW,CE,Federal Contract Tower,0,22,7,0,29,0,9,84,0,93,0,31,91,0,122,82,0,82,204
04/02/2009,TYR,TX,ASW,CE,Federal Contract Tower,0,21,12,1,34,0,1,16,0,17,0,22,28,1,51,22,4,26,77
04/03/2009,TYR,TX,ASW,CE,Federal Contract Tower,0,24,18,0,42,0,6,107,2,115,0,30,125,2,157,198,0,198,355
04/04/2009,TYR,TX,ASW,CE,Federal Contract Tower,0,12,19,0,31,0,0,54,0,54,0,12,73,0,85,12,0,12,97
04/05/2009,TYR,TX,ASW,CE,Federal Contract Tower,0,15,10,0,25,0,0,30,0,30,0,15,40,0,55,0,0,0,55
04/06/2009,TYR,TX,ASW,CE,Federal Contract Tower,0,22,27,0,49,0,0,47,0,47,0,22,74,0,96,42,0,42,138
04/07/2009,TYR,TX,ASW,CE,Federal Contract Tower,0,23,19,0,42,0,0,93,0,93,0,23,112,0,135,120,0,120,255
04/08/2009,TYR,TX,ASW,CE,Federal Contract Tower,0,22,28,0,50,0,0,64,0,64,0,22,92,0,114,72,0,72,186
04/09/2009,TYR,TX,ASW,CE,Federal Contract Tower,0,20,35,0,55,0,0,28,1,29,0,20,63,1,84,6,0,6,90
04/10/2009,TYR,TX,ASW,CE,Federal Contract Tower,0,24,26,0,50,0,2,80,0,82,0,26,106,0,132,48,0,48,180
04/11/2009,TYR,TX,ASW,CE,Federal Contract Tower,0,18,21,0,39,0,8,54,0,62,0,26,75,0,101,90,0,90,191
04/12/2009,TYR,TX,ASW,CE,Federal Contract Tower,0,20,14,0,34,0,0,17,0,17,0,20,31,0,51,16,0,16,67
04/13/2009,TYR,TX,ASW,CE,Federal Contract Tower,0,23,29,0,52,0,5,22,0,27,0,28,51,0,79,20,0,20,99
04/14/2009,TYR,TX,ASW,CE,Federal Contract Tower,0,23,27,0,50,0,8,112,0,120,0,31,139,0,170,192,0,192,362
04/15/2009,TYR,TX,ASW,CE,Federal Contract Tower,0,23,23,0,46,0,1,104,0,105,0,24,127,0,151,146,0,146,297
04/16/2009,TYR,TX,ASW,CE,Federal Contract Tower,0,26,21,1,48,0,1,51,1,53,0,27,72,2,101,59,4,63,164
04/17/2009,TYR,TX,ASW,CE,Federal Contract Tower,0,12,10,0,22,0,1,19,2,22,0,13,29,2,44,50,0,50,94
04/18/2009,TYR,TX,ASW,CE,Federal Contract Tower,0,17,9,0,26,0,0,5,0,5,0,17,14,0,31,0,0,0,31
04/19/2009,TYR,TX,ASW,CE,Federal Contract Tower,0,18,10,1,29,0,0,44,0,44,0,18,54,1,73,16,0,16,89
04/20/2009,TYR,TX,ASW,CE,Federal Contract Tower,0,24,7,0,31,0,4,113,2,119,0,28,120,2,150,218,0,218,368
04/21/2009,TYR,TX,ASW,CE,Federal Contract Tower,0,21,13,1,35,0,2,123,1,126,0,23,136,2,161,188,0,188,349
04/22/2009,TYR,TX,ASW,CE,Federal Contract Tower,0,21,19,1,41,0,0,72,5,77,0,21,91,6,118,108,8,116,234
04/23/2009,TYR,TX,ASW,CE,Federal Contract Tower,0,24,12,0,36,0,2,57,1,60,0,26,69,1,96,38,0,38,134
04/24/2009,TYR,TX,ASW,CE,Federal Contract Tower,0,24,28,0,52,0,2,51,1,54,0,26,79,1,106,88,2,90,196
04/25/2009,TYR,TX,ASW,CE,Federal Contract Tower,0,16,3,0,19,0,10,25,0,35,0,26,28,0,54,46,0,46,100
04/26/2009,TYR,TX,ASW,CE,Federal Contract Tower,0,17,15,0,32,0,1,22,4,27,0,18,37,4,59,6,0,6,65
04/27/2009,TYR,TX,ASW,CE,Federal Contract Tower,0,18,21,0,39,0,6,9,0,15,0,24,30,0,54,0,0,0,54
04/28/2009,TYR,TX,ASW,CE,Federal Contract Tower,0,27,14,0,41,0,1,1,0,2,0,28,15,0,43,0,0,0,43
04/29/2009,TYR,TX,ASW,CE,Federal Contract Tower,0,20,24,0,44,0,2,33,0,35,0,22,57,0,79,136,0,136,215
04/30/2009,TYR,TX,ASW,CE,Federal Contract Tower,0,26,29,0,55,0,0,82,1,83,0,26,111,1,138,96,0,96,234
05/01/2009,TYR,TX,ASW,CE,Federal Contract Tower,0,25,30,0,55,0,2,37,0,39,0,27,67,0,94,30,0,30,124
05/02/2009,TYR,TX,ASW,CE,Federal Contract Tower,0,13,13,0,26,0,0,23,0,23,0,13,36,0,49,20,0,20,69
05/03/2009,TYR,TX,ASW,CE,Federal Contract Tower,0,13,9,0,22,0,0,2,0,2,0,13,11,0,24,12,0,12,36
05/04/2009,TYR,TX,ASW,CE,Federal Contract Tower,0,22,16,0,38,0,2,38,0,40,0,24,54,0,78,170,0,170,248
05/05/2009,TYR,TX,ASW,CE,Federal Contract Tower,0,25,24,0,49,0,1,43,0,44,0,26,67,0,93,78,0,78,171
05/06/2009,TYR,TX,ASW,CE,Federal Contract Tower,0,23,20,0,43,0,1,25,0,26,0,24,45,0,69,32,0,32,101
05/07/2009,TYR,TX,ASW,CE,Federal Contract Tower,0,28,28,1,57,0,0,46,0,46,0,28,74,1,103,20,2,22,125
05/08/2009,TYR,TX,ASW,CE,Federal Contract Tower,0,25,29,5,59,0,4,42,0,46,0,29,71,5,105,30,4,34,139
05/09/2009,TYR,TX,ASW,CE,Federal Contract Tower,0,18,16,0,34,0,0,56,0,56,0,18,72,0,90,12,0,12,102
05/10/2009,TYR,TX,ASW,CE,Federal Contract Tower,0,14,20,0,34,0,0,20,0,20,0,14,40,0,54,0,0,0,54
05/11/2009,TYR,TX,ASW,CE,Federal Contract Tower,0,18,18,0,36,0,3,15,0,18,0,21,33,0,54,22,0,22,76
05/12/2009,TYR,TX,ASW,CE,Federal Contract Tower,0,21,33,0,54,0,4,29,0,33,0,25,62,0,87,66,0,66,153
05/13/2009,TYR,TX,ASW,CE,Federal Contract Tower,0,24,26,1,51,0,6,51,0,57,0,30,77,1,108,36,2,38,146
05/14/2009,TYR,TX,ASW,CE,Federal Contract Tower,0,17,28,0,45,0,5,45,4,54,0,22,73,4,99,82,2,84,183
05/15/2009,TYR,TX,ASW,CE,Federal Contract Tower,0,20,24,0,44,0,4,52,0,56,0,24,76,0,100,58,0,58,158
05/16/2009,TYR,TX,ASW,CE,Federal Contract Tower,0,16,8,0,24,0,4,11,0,15,0,20,19,0,39,28,0,28,67
05/17/2009,TYR,TX,ASW,CE,Federal Contract Tower,0,16,12,2,30,0,0,87,0,87,0,16,99,2,117,48,0,48,165
05/18/2009,TYR,TX,ASW,CE,Federal Contract Tower,0,22,8,0,30,0,2,113,0,115,0,24,121,0,145,166,0,166,311
05/19/2009,TYR,TX,ASW,CE,Federal Contract Tower,0,23,20,0,43,0,4,117,4,125,0,27,137,4,168,124,0,124,292
05/20/2009,TYR,TX,ASW,CE,Federal Contract Tower,0,23,17,0,40,0,3,85,0,88,0,26,102,0,128,44,0,44,172
05/21/2009,TYR,TX,ASW,CE,Federal Contract Tower,0,25,20,0,45,0,2,80,5,87,0,27,100,5,132,72,0,72,204
05/22/2009,TYR,TX,ASW,CE,Federal Contract Tower,0,24,23,0,47,0,12,62,0,74,0,36,85,0,121,48,0,48,169
05/23/2009,TYR,TX,ASW,CE,Federal Contract Tower,0,17,14,0,31,0,0,25,0,25,0,17,39,0,56,0,0,0,56
05/24/2009,TYR,TX,ASW,CE,Federal Contract Tower,0,15,12,2,29,0,0,20,0,20,0,15,32,2,49,0,0,0,49
05/25/2009,TYR,TX,ASW,CE,Federal Contract Tower,0,18,20,0,38,0,2,84,0,86,0,20,104,0,124,98,0,98,222
05/26/2009,TYR,TX,ASW,CE,Federal Contract Tower,0,25,15,0,40,0,4,39,2,45,0,29,54,2,85,22,0,22,107
05/27/2009,TYR,TX,ASW,CE,Federal Contract Tower,0,19,23,2,44,0,3,68,0,71,0,22,91,2,115,110,0,110,225
05/28/2009,TYR,TX,ASW,CE,Federal Contract Tower,0,22,27,0,49,0,2,84,0,86,0,24,111,0,135,86,0,86,221
05/29/2009,TYR,TX,ASW,CE,Federal Contract Tower,0,27,21,0,48,0,3,102,2,107,0,30,123,2,155,200,0,200,355
05/30/2009,TYR,TX,ASW,CE,Federal Contract Tower,0,16,13,0,29,0,1,91,0,92,0,17,104,0,121,78,0,78,199
05/31/2009,TYR,TX,ASW,CE,Federal Contract Tower,0,18,16,0,34,0,0,56,0,56,0,18,72,0,90,12,0,12,102
06/01/2009,TYR,TX,ASW,CE,Federal Contract Tower,0,22,9,0,31,0,3,36,0,39,0,25,45,0,70,46,0,46,116
06/02/2009,TYR,TX,ASW,CE,Federal Contract Tower,0,27,19,0,46,0,2,44,0,46,0,29,63,0,92,52,0,52,144
06/03/2009,TYR,TX,ASW,CE,Federal Contract Tower,0,20,16,0,36,0,3,39,0,42,0,23,55,0,78,68,0,68,146
06/04/2009,TYR,TX,ASW,CE,Federal Contract Tower,0,23,44,0,67,0,2,82,0,84,0,25,126,0,151,60,0,60,211
06/05/2009,TYR,TX,ASW,CE,Federal Contract Tower,0,27,21,0,48,0,4,72,10,86,0,31,93,10,134,108,0,108,242
06/06/2009,TYR,TX,ASW,CE,Federal Contract Tower,0,15,13,0,28,0,4,58,0,62,0,19,71,0,90,44,0,44,134
06/07/2009,TYR,TX,ASW,CE,Federal Contract Tower,0,20,24,0,44,0,2,71,0,73,0,22,95,0,117,100,0,100,217
06/08/2009,TYR,TX,ASW,CE,Federal Contract Tower,0,20,21,0,41,0,2,83,0,85,0,22,104,0,126,76,0,76,202
06/09/2009,TYR,TX,ASW,CE,Federal Contract Tower,0,21,29,0,50,0,5,55,0,60,0,26,84,0,110,90,0,90,200
06/10/2009,TYR,TX,ASW,CE,Federal Contract Tower,0,23,22,0,45,0,3,33,0,36,0,26,55,0,81,30,0,30,111
06/11/2009,TYR,TX,ASW,CE,Federal Contract Tower,0,27,10,0,37,0,9,18,0,27,0,36,28,0,64,4,0,4,68
06/12/2009,TYR,TX,ASW,CE,Federal Contract Tower,0,28,22,0,50,0,4,48,0,52,0,32,70,0,102,84,0,84,186
06/13/2009,TYR,TX,ASW,CE,Federal Contract Tower,0,14,15,0,29,0,11,61,0,72,0,25,76,0,101,58,0,58,159
06/14/2009,TYR,TX,ASW,CE,Federal Contract Tower,0,16,15,0,31,0,0,49,0,49,0,16,64,0,80,42,0,42,122
06/15/2009,TYR,TX,ASW,CE,Federal Contract Tower,0,18,12,0,30,0,3,75,0,78,0,21,87,0,108,106,0,106,214
06/16/2009,TYR,TX,ASW,CE,Federal Contract Tower,0,20,20,0,40,0,3,74,0,77,0,23,94,0,117,46,0,46,163
06/17/2009,TYR,TX,ASW,CE,Federal Contract Tower,0,21,23,0,44,0,9,99,0,108,0,30,122,0,152,122,0,122,274
06/18/2009,TYR,TX,ASW,CE,Federal Contract Tower,0,22,21,0,43,0,3,81,1,85,0,25,102,1,128,80,0,80,208
06/19/2009,TYR,TX,ASW,CE,Federal Contract Tower,0,25,24,0,49,0,1,108,0,109,0,26,132,0,158,66,0,66,224
06/20/2009,TYR,TX,ASW,CE,Federal Contract Tower,0,16,13,6,35,0,0,65,1,66,0,16,78,7,101,44,22,66,167
06/21/2009,TYR,TX,ASW,CE,Federal Contract Tower,0,16,12,0,28,0,0,45,0,45,0,16,57,0,73,6,0,6,79
06/22/2009,TYR,TX,ASW,CE,Federal Contract Tower,0,26,11,0,37,0,3,65,0,68,0,29,76,0,105,42,0,42,147
06/23/2009,TYR,TX,ASW,CE,Federal Contract Tower,0,21,18,0,39,0,4,81,3,88,0,25,99,3,127,184,0,184,311
06/24/2009,TYR,TX,ASW,CE,Federal Contract Tower,0,29,19,0,48,0,3,94,0,97,0,32,113,0,145,154,0,154,299
06/25/2009,TYR,TX,ASW,CE,Federal Contract Tower,0,23,21,0,44,0,7,71,0,78,0,30,92,0,122,72,0,72,194
06/26/2009,TYR,TX,ASW,CE,Federal Contract Tower,0,24,23,0,47,0,5,103,0,108,0,29,126,0,155,142,0,142,297
06/27/2009,TYR,TX,ASW,CE,Federal Contract Tower,0,17,20,0,37,0,7,98,0,105,0,24,118,0,142,210,0,210,352
06/28/2009,TYR,TX,ASW,CE,Federal Contract Tower,0,23,20,0,43,0,0,65,0,65,0,23,85,0,108,42,0,42,150
06/29/2009,TYR,TX,ASW,CE,Federal Contract Tower,0,22,11,0,33,0,7,42,2,51,0,29,53,2,84,38,0,38,122
06/30/2009,TYR,TX,ASW,CE,Federal Contract Tower,0,23,19,0,42,0,7,59,0,66,0,30,78,0,108,125,0,125,233
07/01/2009,TYR,TX,ASW,CE,Federal Contract Tower,0,20,29,0,49,0,2,41,0,43,0,22,70,0,92,44,0,44,136
07/02/2009,TYR,TX,ASW,CE,Federal Contract Tower,0,26,10,3,39,0,8,73,8,89,0,34,83,11,128,116,0,116,244
07/03/2009,TYR,TX,ASW,CE,Federal Contract Tower,0,18,21,0,39,0,3,79,1,83,0,21,100,1,122,100,2,102,224
07/04/2009,TYR,TX,ASW,CE,Federal Contract Tower,0,10,6,0,16,0,2,54,3,59,0,12,60,3,75,46,4,50,125
07/05/2009,TYR,TX,ASW,CE,Federal Contract Tower,0,14,9,1,24,0,3,23,0,26,0,17,32,1,50,28,0,28,78
07/06/2009,TYR,TX,ASW,CE,Federal Contract Tower,0,22,22,0,44,0,3,44,0,47,0,25,66,0,91,28,0,28,119
07/07/2009,TYR,TX,ASW,CE,Federal Contract Tower,0,22,21,0,43,0,6,61,0,67,0,28,82,0,110,72,0,72,182
07/08/2009,TYR,TX,ASW,CE,Federal Contract Tower,0,21,16,0,37,0,3,48,0,51,0,24,64,0,88,30,0,30,118
07/09/2009,TYR,TX,ASW,CE,Federal Contract Tower,0,20,18,2,40,0,7,111,0,118,0,27,129,2,158,112,0,112,270
07/10/2009,TYR,TX,ASW,CE,Federal Contract Tower,0,20,22,0,42,0,10,74,0,84,0,30,96,0,126,102,0,102,228
07/11/2009,TYR,TX,ASW,CE,Federal Contract Tower,0,14,14,0,28,0,4,41,0,45,0,18,55,0,73,82,0,82,155
07/12/2009,TYR,TX,ASW,CE,Federal Contract Tower,0,14,11,0,25,0,0,53,0,53,0,14,64,0,78,62,0,62,140
07/13/2009,TYR,TX,ASW,CE,Federal Contract Tower,0,21,5,0,26,0,3,69,0,72,0,24,74,0,98,42,0,42,140
07/14/2009,TYR,TX,ASW,CE,Federal Contract Tower,0,24,21,0,45,0,3,54,0,57,0,27,75,0,102,90,0,90,192
07/15/2009,TYR,TX,ASW,CE,Federal Contract Tower,0,20,23,0,43,0,5,107,0,112,0,25,130,0,155,142,0,142,297
07/16/2009,TYR,TX,ASW,CE,Federal Contract Tower,0,22,18,0,40,0,6,56,0,62,0,28,74,0,102,22,0,22,124
07/17/2009,TYR,TX,ASW,CE,Federal Contract Tower,0,23,20,0,43,0,5,57,2,64,0,28,77,2,107,50,0,50,157
07/18/2009,TYR,TX,ASW,CE,Federal Contract Tower,0,16,12,0,28,0,3,74,0,77,0,19,86,0,105,66,0,66,171
07/19/2009,TYR,TX,ASW,CE,Federal Contract Tower,0,23,11,0,34,0,0,63,0,63,0,23,74,0,97,34,0,34,131
07/20/2009,TYR,TX,ASW,CE,Federal Contract Tower,0,21,17,0,38,0,4,43,1,48,0,25,60,1,86,72,0,72,158
07/21/2009,TYR,TX,ASW,CE,Federal Contract Tower,0,21,15,0,36,0,3,37,2,42,0,24,52,2,78,70,0,70,148
07/22/2009,TYR,TX,ASW,CE,Federal Contract Tower,0,25,5,0,30,0,3,60,1,64,0,28,65,1,94,74,4,78,172
07/23/2009,TYR,TX,ASW,CE,Federal Contract Tower,0,24,7,0,31,0,3,73,4,80,0,27,80,4,111,96,0,96,207
07/24/2009,TYR,TX,ASW,CE,Federal Contract Tower,0,22,15,2,39,0,2,72,0,74,0,24,87,2,113,72,2,74,187
07/25/2009,TYR,TX,ASW,CE,Federal Contract Tower,0,14,11,0,25,0,1,70,0,71,0,15,81,0,96,62,0,62,158
07/26/2009,TYR,TX,ASW,CE,Federal Contract Tower,0,23,18,0,41,0,0,43,0,43,0,23,61,0,84,32,0,32,116
07/27/2009,TYR,TX,ASW,CE,Federal Contract Tower,0,22,19,0,41,0,2,29,0,31,0,24,48,0,72,18,0,18,90
07/28/2009,TYR,TX,ASW,CE,Federal Contract Tower,0,22,10,0,32,0,3,54,0,57,0,25,64,0,89,54,0,54,143
07/29/2009,TYR,TX,ASW,CE,Federal Contract Tower,0,19,17,0,36,0,3,25,0,28,0,22,42,0,64,28,0,28,92
07/30/2009,TYR,TX,ASW,CE,Federal Contract Tower,0,23,16,0,39,0,10,21,0,31,0,33,37,0,70,62,0,62,132
07/31/2009,TYR,TX,ASW,CE,Federal Contract Tower,0,22,17,0,39,0,2,81,0,83,0,24,98,0,122,112,0,112,234
08/01/2009,TYR,TX,ASW,CE,Federal Contract Tower,0,14,15,0,29,0,0,4,0,4,0,14,19,0,33,0,0,0,33
08/02/2009,TYR,TX,ASW,CE,Federal Contract Tower,0,13,16,0,29,0,2,54,0,56,0,15,70,0,85,38,0,38,123
08/03/2009,TYR,TX,ASW,CE,Federal Contract Tower,0,22,13,0,35,0,6,61,0,67,0,28,74,0,102,34,0,34,136
08/04/2009,TYR,TX,ASW,CE,Federal Contract Tower,0,24,29,0,53,0,5,65,0,70,0,29,94,0,123,102,0,102,225
08/05/2009,TYR,TX,ASW,CE,Federal Contract Tower,0,23,17,0,40,0,2,61,0,63,0,25,78,0,103,66,0,66,169
08/06/2009,TYR,TX,ASW,CE,Federal Contract Tower,0,20,22,0,42,0,11,80,0,91,0,31,102,0,133,68,2,70,203
08/07/2009,TYR,TX,ASW,CE,Federal Contract Tower,0,23,20,0,43,0,3,69,0,72,0,26,89,0,115,70,0,70,185
08/08/2009,TYR,TX,ASW,CE,Federal Contract Tower,0,14,14,0,28,0,3,63,0,66,0,17,77,0,94,41,0,41,135
08/09/2009,TYR,TX,ASW,CE,Federal Contract Tower,0,13,12,0,25,0,1,22,0,23,0,14,34,0,48,24,0,24,72
08/10/2009,TYR,TX,ASW,CE,Federal Contract Tower,0,22,15,0,37,0,3,47,0,50,0,25,62,0,87,38,0,38,125
08/11/2009,TYR,TX,ASW,CE,Federal Contract Tower,0,21,16,0,37,0,3,67,0,70,0,24,83,0,107,110,0,110,217
08/12/2009,TYR,TX,ASW,CE,Federal Contract Tower,0,23,14,0,37,0,3,45,0,48,0,26,59,0,85,28,0,28,113
08/13/2009,TYR,TX,ASW,CE,Federal Contract Tower,0,24,10,0,34,0,3,66,0,69,0,27,76,0,103,36,0,36,139
08/14/2009,TYR,TX,ASW,CE,Federal Contract Tower,0,20,20,0,40,0,3,107,0,110,0,23,127,0,150,116,0,116,266
08/15/2009,TYR,TX,ASW,CE,Federal Contract Tower,0,15,13,0,28,0,0,53,0,53,0,15,66,0,81,34,0,34,115
08/16/2009,TYR,TX,ASW,CE,Federal Contract Tower,0,13,13,0,26,0,0,33,0,33,0,13,46,0,59,44,0,44,103
08/17/2009,TYR,TX,ASW,CE,Federal Contract Tower,0,22,16,0,38,0,3,40,0,43,0,25,56,0,81,15,0,15,96
08/18/2009,TYR,TX,ASW,CE,Federal Contract Tower,0,26,14,0,40,0,4,49,0,53,0,30,63,0,93,46,0,46,139
08/19/2009,TYR,TX,ASW,CE,Federal Contract Tower,0,21,35,1,57,0,3,48,1,52,0,24,83,2,109,70,10,80,189
08/20/2009,TYR,TX,ASW,CE,Federal Contract Tower,0,23,22,0,45,0,5,47,0,52,0,28,69,0,97,52,0,52,149
08/21/2009,TYR,TX,ASW,CE,Federal Contract Tower,0,25,24,3,52,0,1,45,1,47,0,26,69,4,99,30,10,40,139
08/22/2009,TYR,TX,ASW,CE,Federal Contract Tower,0,19,9,0,28,0,8,86,0,94,0,27,95,0,122,84,0,84,206
08/23/2009,TYR,TX,ASW,CE,Federal Contract Tower,0,15,17,0,32,0,3,54,0,57,0,18,71,0,89,54,0,54,143
08/24/2009,TYR,TX,ASW,CE,Federal Contract Tower,0,19,18,0,37,0,3,30,0,33,0,22,48,0,70,14,0,14,84
08/25/2009,TYR,TX,ASW,CE,Federal Contract Tower,0,21,17,2,40,0,3,83,0,86,0,24,100,2,126,58,2,60,186
08/26/2009,TYR,TX,ASW,CE,Federal Contract Tower,0,21,20,1,42,0,3,66,1,70,0,24,86,2,112,34,0,34,146
08/27/2009,TYR,TX,ASW,CE,Federal Contract Tower,0,22,23,0,45,0,3,53,0,56,0,25,76,0,101,60,0,60,161
08/28/2009,TYR,TX,ASW,CE,Federal Contract Tower,0,23,22,0,45,0,2,64,0,66,0,25,86,0,111,52,0,52,163
08/29/2009,TYR,TX,ASW,CE,Federal Contract Tower,0,16,12,0,28,0,1,75,0,76,0,17,87,0,104,42,0,42,146
08/30/2009,TYR,TX,ASW,CE,Federal Contract Tower,0,16,7,0,23,0,0,37,1,38,0,16,44,1,61,34,0,34,95
08/31/2009,TYR,TX,ASW,CE,Federal Contract Tower,0,21,16,0,37,0,3,46,2,51,0,24,62,2,88,14,0,14,102
09/01/2009,TYR,TX,ASW,CE,Federal Contract Tower,0,20,12,0,32,0,4,103,2,109,0,24,115,2,141,68,0,68,209
09/02/2009,TYR,TX,ASW,CE,Federal Contract Tower,0,18,15,0,33,0,4,68,0,72,0,22,83,0,105,38,0,38,143
09/03/2009,TYR,TX,ASW,CE,Federal Contract Tower,0,22,30,0,52,0,4,58,0,62,0,26,88,0,114,26,0,26,140
09/04/2009,TYR,TX,ASW,CE,Federal Contract Tower,0,23,19,0,42,0,2,46,0,48,0,25,65,0,90,48,0,48,138
09/05/2009,TYR,TX,ASW,CE,Federal Contract Tower,0,12,8,0,20,0,3,29,0,32,0,15,37,0,52,30,0,30,82
09/06/2009,TYR,TX,ASW,CE,Federal Contract Tower,0,12,7,0,19,0,2,35,0,37,0,14,42,0,56,22,0,22,78
09/07/2009,TYR,TX,ASW,CE,Federal Contract Tower,0,16,12,0,28,0,7,76,0,83,0,23,88,0,111,52,0,52,163
09/08/2009,TYR,TX,ASW,CE,Federal Contract Tower,0,23,17,0,40,0,8,56,0,64,0,31,73,0,104,48,0,48,152
09/09/2009,TYR,TX,ASW,CE,Federal Contract Tower,0,18,15,1,34,0,4,67,0,71,0,22,82,1,105,56,2,58,163
09/10/2009,TYR,TX,ASW,CE,Federal Contract Tower,0,21,19,0,40,0,4,45,1,50,0,25,64,1,90,32,0,32,122
09/11/2009,TYR,TX,ASW,CE,Federal Contract Tower,0,29,22,0,51,0,0,18,0,18,0,29,40,0,69,8,0,8,77
09/12/2009,TYR,TX,ASW,CE,Federal Contract Tower,0,18,10,0,28,0,0,3,0,3,0,18,13,0,31,0,0,0,31
09/13/2009,TYR,TX,ASW,CE,Federal Contract Tower,0,13,15,0,28,0,0,7,0,7,0,13,22,0,35,2,0,2,37
09/14/2009,TYR,TX,ASW,CE,Federal Contract Tower,0,32,14,0,46,0,0,0,0,0,0,32,14,0,46,0,0,0,46
09/15/2009,TYR,TX,ASW,CE,Federal Contract Tower,0,27,28,0,55,0,2,29,0,31,0,29,57,0,86,24,0,24,110
09/16/2009,TYR,TX,ASW,CE,Federal Contract Tower,0,27,27,0,54,0,0,11,0,11,0,27,38,0,65,8,0,8,73
09/17/2009,TYR,TX,ASW,CE,Federal Contract Tower,0,26,27,0,53,0,2,8,0,10,0,28,35,0,63,0,0,0,63
09/18/2009,TYR,TX,ASW,CE,Federal Contract Tower,0,26,35,0,61,0,1,21,0,22,0,27,56,0,83,32,0,32,115
09/19/2009,TYR,TX,ASW,CE,Federal Contract Tower,0,21,33,0,54,0,2,26,0,28,0,23,59,0,82,54,0,54,136
09/20/2009,TYR,TX,ASW,CE,Federal Contract Tower,0,18,15,0,33,0,5,48,0,53,0,23,63,0,86,48,0,48,134
09/21/2009,TYR,TX,ASW,CE,Federal Contract Tower,0,23,12,0,35,0,7,54,0,61,0,30,66,0,96,46,0,46,142
09/22/2009,TYR,TX,ASW,CE,Federal Contract Tower,0,25,12,0,37,0,0,7,7,14,0,25,19,7,51,0,2,2,53
09/23/2009,TYR,TX,ASW,CE,Federal Contract Tower,0,22,29,4,55,0,7,33,0,40,0,29,62,4,95,32,4,36,131
09/24/2009,TYR,TX,ASW,CE,Federal Contract Tower,0,22,23,0,45,0,7,44,0,51,0,29,67,0,96,36,0,36,132
09/25/2009,TYR,TX,ASW,CE,Federal Contract Tower,0,23,20,0,43,0,2,74,0,76,0,25,94,0,119,80,0,80,199
09/26/2009,TYR,TX,ASW,CE,Federal Contract Tower,0,16,8,0,24,0,0,50,0,50,0,16,58,0,74,72,0,72,146
09/27/2009,TYR,TX,ASW,CE,Federal Contract Tower,0,17,31,0,48,0,0,75,0,75,0,17,106,0,123,30,0,30,153
09/28/2009,TYR,TX,ASW,CE,Federal Contract Tower,0,18,9,0,27,0,9,47,0,56,0,27,56,0,83,22,0,22,105
09/29/2009,TYR,TX,ASW,CE,Federal Contract Tower,0,23,23,0,46,0,4,85,1,90,0,27,108,1,136,38,0,38,174
09/30/2009,TYR,TX,ASW,CE,Federal Contract Tower,0,19,25,0,44,0,3,61,1,65,0,22,86,1,109,34,2,36,145
10/01/2009,TYR,TX,ASW,CE,Federal Contract Tower,2,29,18,0,49,0,0,15,0,15,2,29,33,0,64,4,0,4,68
10/02/2009,TYR,TX,ASW,CE,Federal Contract Tower,2,25,14,0,41,0,2,54,1,57,2,27,68,1,98,20,2,22,120
10/03/2009,TYR,TX,ASW,CE,Federal Contract Tower,0,17,13,0,30,0,10,35,0,45,0,27,48,0,75,28,0,28,103
10/04/2009,TYR,TX,ASW,CE,Federal Contract Tower,2,17,19,0,38,0,0,0,0,0,2,17,19,0,38,4,0,4,42
10/05/2009,TYR,TX,ASW,CE,Federal Contract Tower,2,24,28,0,54,0,1,17,0,18,2,25,45,0,72,6,0,6,78
10/06/2009,TYR,TX,ASW,CE,Federal Contract Tower,2,22,14,0,38,0,7,17,0,24,2,29,31,0,62,14,0,14,76
10/07/2009,TYR,TX,ASW,CE,Federal Contract Tower,3,24,46,0,73,0,2,15,0,17,3,26,61,0,90,32,0,32,122
10/08/2009,TYR,TX,ASW,CE,Federal Contract Tower,1,29,23,0,53,0,9,25,0,34,1,38,48,0,87,6,0,6,93
10/09/2009,TYR,TX,ASW,CE,Federal Contract Tower,1,16,15,0,32,0,0,0,0,0,1,16,15,0,32,0,0,0,32
10/10/2009,TYR,TX,ASW,CE,Federal Contract Tower,3,16,34,0,53,0,0,3,0,3,3,16,37,0,56,8,0,8,64
10/11/2009,TYR,TX,ASW,CE,Federal Contract Tower,2,12,22,0,36,0,0,0,0,0,2,12,22,0,36,0,0,0,36
10/12/2009,TYR,TX,ASW,CE,Federal Contract Tower,3,30,16,0,49,0,0,0,0,0,3,30,16,0,49,0,0,0,49
10/13/2009,TYR,TX,ASW,CE,Federal Contract Tower,2,21,9,0,32,0,0,0,0,0,2,21,9,0,32,0,0,0,32
10/14/2009,TYR,TX,ASW,CE,Federal Contract Tower,4,23,23,0,50,0,0,2,0,2,4,23,25,0,52,20,0,20,72
10/15/2009,TYR,TX,ASW,CE,Federal Contract Tower,1,24,35,0,60,0,0,6,0,6,1,24,41,0,66,6,0,6,72
10/16/2009,TYR,TX,ASW,CE,Federal Contract Tower,4,19,35,0,58,0,0,55,0,55,4,19,90,0,113,34,0,34,147
10/17/2009,TYR,TX,ASW,CE,Federal Contract Tower,0,14,5,1,20,0,4,48,1,53,0,18,53,2,73,30,0,30,103
10/18/2009,TYR,TX,ASW,CE,Federal Contract Tower,3,18,13,0,34,0,0,69,0,69,3,18,82,0,103,50,0,50,153
10/19/2009,TYR,TX,ASW,CE,Federal Contract Tower,1,21,17,0,39,0,1,74,0,75,1,22,91,0,114,64,0,64,178
10/20/2009,TYR,TX,ASW,CE,Federal Contract Tower,3,21,29,0,53,0,1,77,5,83,3,22,106,5,136,62,12,74,210
10/21/2009,TYR,TX,ASW,CE,Federal Contract Tower,2,25,32,0,59,0,0,33,0,33,2,25,65,0,92,70,0,70,162
10/22/2009,TYR,TX,ASW,CE,Federal Contract Tower,1,27,21,0,49,0,0,3,0,3,1,27,24,0,52,0,0,0,52
10/23/2009,TYR,TX,ASW,CE,Federal Contract Tower,3,23,25,0,51,0,3,75,4,82,3,26,100,4,133,78,8,86,219
10/24/2009,TYR,TX,ASW,CE,Federal Contract Tower,1,15,19,0,35,0,4,73,2,79,1,19,92,2,114,36,3,39,153
10/25/2009,TYR,TX,ASW,CE,Federal Contract Tower,3,11,21,0,35,0,10,39,0,49,3,21,60,0,84,22,0,22,106
10/26/2009,TYR,TX,ASW,CE,Federal Contract Tower,2,24,13,0,39,0,0,0,0,0,2,24,13,0,39,0,0,0,39
10/27/2009,TYR,TX,ASW,CE,Federal Contract Tower,4,21,35,0,60,0,2,50,0,52,4,23,85,0,112,50,0,50,162
10/28/2009,TYR,TX,ASW,CE,Federal Contract Tower,3,20,38,0,61,0,7,59,5,71,3,27,97,5,132,134,0,134,266
10/29/2009,TYR,TX,ASW,CE,Federal Contract Tower,2,17,11,0,30,0,4,2,0,6,2,21,13,0,36,4,0,4,40
10/30/2009,TYR,TX,ASW,CE,Federal Contract Tower,4,27,31,0,62,0,1,70,0,71,4,28,101,0,133,94,0,94,227
10/31/2009,TYR,TX,ASW,CE,Federal Contract Tower,3,15,10,0,28,0,0,88,0,88,3,15,98,0,116,122,0,122,238
11/01/2009,TYR,TX,ASW,CE,Federal Contract Tower,4,17,11,0,32,0,0,56,0,56,4,17,67,0,88,82,0,82,170
11/02/2009,TYR,TX,ASW,CE,Federal Contract Tower,3,17,15,0,35,0,0,55,0,55,3,17,70,0,90,65,0,65,155
11/03/2009,TYR,TX,ASW,CE,Federal Contract Tower,4,16,20,2,42,0,7,73,3,83,4,23,93,5,125,62,6,68,193
11/04/2009,TYR,TX,ASW,CE,Federal Contract Tower,4,18,35,0,57,0,3,78,0,81,4,21,113,0,138,114,0,114,252
11/05/2009,TYR,TX,ASW,CE,Federal Contract Tower,4,22,22,0,48,0,3,86,2,91,4,25,108,2,139,56,0,56,195
11/06/2009,TYR,TX,ASW,CE,Federal Contract Tower,3,19,23,0,45,0,1,81,0,82,3,20,104,0,127,46,0,46,173
11/07/2009,TYR,TX,ASW,CE,Federal Contract Tower,4,13,14,0,31,0,1,30,0,31,4,14,44,0,62,74,0,74,136
11/08/2009,TYR,TX,ASW,CE,Federal Contract Tower,4,16,20,0,40,0,0,32,0,32,4,16,52,0,72,54,0,54,126
11/09/2009,TYR,TX,ASW,CE,Federal Contract Tower,4,18,19,0,41,0,3,58,0,61,4,21,77,0,102,100,0,100,202
11/10/2009,TYR,TX,ASW,CE,Federal Contract Tower,4,21,20,0,45,0,0,76,1,77,4,21,96,1,122,72,0,72,194
11/11/2009,TYR,TX,ASW,CE,Federal Contract Tower,4,15,17,1,37,0,2,76,0,78,4,17,93,1,115,92,0,92,207
11/12/2009,TYR,TX,ASW,CE,Federal Contract Tower,4,22,24,0,50,0,1,51,2,54,4,23,75,2,104,48,0,48,152
11/13/2009,TYR,TX,ASW,CE,Federal Contract Tower,3,21,23,0,47,0,1,59,2,62,3,22,82,2,109,42,0,42,151
11/14/2009,TYR,TX,ASW,CE,Federal Contract Tower,2,15,27,0,44,0,5,52,0,57,2,20,79,0,101,32,0,32,133
11/15/2009,TYR,TX,ASW,CE,Federal Contract Tower,2,24,39,0,65,0,2,13,0,15,2,26,52,0,80,4,0,4,84
11/16/2009,TYR,TX,ASW,CE,Federal Contract Tower,4,15,14,0,33,0,2,35,0,37,4,17,49,0,70,18,0,18,88
11/17/2009,TYR,TX,ASW,CE,Federal Contract Tower,4,18,18,0,40,0,4,69,0,73,4,22,87,0,113,102,0,102,215
11/18/2009,TYR,TX,ASW,CE,Federal Contract Tower,4,17,25,1,47,0,5,95,1,101,4,22,120,2,148,110,4,114,262
11/19/2009,TYR,TX,ASW,CE,Federal Contract Tower,4,24,22,0,50,0,0,85,0,85,4,24,107,0,135,74,0,74,209
11/20/2009,TYR,TX,ASW,CE,Federal Contract Tower,2,23,16,0,41,0,1,18,0,19,2,24,34,0,60,26,0,26,86
11/21/2009,TYR,TX,ASW,CE,Federal Contract Tower,3,13,22,0,38,0,0,33,0,33,3,13,55,0,71,48,0,48,119
11/22/2009,TYR,TX,ASW,CE,Federal Contract Tower,4,12,23,0,39,0,0,49,0,49,4,12,72,0,88,38,0,38,126
11/23/2009,TYR,TX,ASW,CE,Federal Contract Tower,4,25,25,0,54,0,3,55,0,58,4,28,80,0,112,62,0,62,174
11/24/2009,TYR,TX,ASW,CE,Federal Contract Tower,4,17,34,4,59,0,3,95,2,100,4,20,129,6,159,106,12,118,277
11/25/2009,TYR,TX,ASW,CE,Federal Contract Tower,3,21,18,0,42,0,5,107,0,112,3,26,125,0,154,70,0,70,224
11/26/2009,TYR,TX,ASW,CE,Federal Contract Tower,4,7,3,0,14,0,0,36,0,36,4,7,39,0,50,30,0,30,80
11/27/2009,TYR,TX,ASW,CE,Federal Contract Tower,5,14,19,0,38,0,2,42,0,44,5,16,61,0,82,64,0,64,146
11/28/2009,TYR,TX,ASW,CE,Federal Contract Tower,4,17,32,0,53,0,2,56,0,58,4,19,88,0,111,36,0,36,147
11/29/2009,TYR,TX,ASW,CE,Federal Contract Tower,4,19,19,0,42,0,0,4,0,4,4,19,23,0,46,0,0,0,46
11/30/2009,TYR,TX,ASW,CE,Federal Contract Tower,4,16,21,0,41,0,2,47,0,49,4,18,68,0,90,48,0,48,138
12/01/2009,TYR,TX,ASW,CE,Federal Contract Tower,4,19,23,1,47,0,0,33,1,34,4,19,56,2,81,50,0,50,131
12/02/2009,TYR,TX,ASW,CE,Federal Contract Tower,4,22,22,0,48,0,0,11,0,11,4,22,33,0,59,20,0,20,79
12/03/2009,TYR,TX,ASW,CE,Federal Contract Tower,3,19,29,0,51,0,3,76,5,84,3,22,105,5,135,62,0,62,197
12/04/2009,TYR,TX,ASW,CE,Federal Contract Tower,3,18,32,0,53,0,0,9,0,9,3,18,41,0,62,6,0,6,68
12/05/2009,TYR,TX,ASW,CE,Federal Contract Tower,4,11,13,0,28,0,5,52,0,57,4,16,65,0,85,70,0,70,155
12/06/2009,TYR,TX,ASW,CE,Federal Contract Tower,4,11,14,0,29,0,0,4,0,4,4,11,18,0,33,0,0,0,33
12/07/2009,TYR,TX,ASW,CE,Federal Contract Tower,4,21,16,0,41,0,2,0,0,2,4,23,16,0,43,4,0,4,47
12/08/2009,TYR,TX,ASW,CE,Federal Contract Tower,4,23,15,0,42,0,0,0,0,0,4,23,15,0,42,6,0,6,48
12/09/2009,TYR,TX,ASW,CE,Federal Contract Tower,1,19,23,4,47,0,9,69,1,79,1,28,92,5,126,54,0,54,180
12/10/2009,TYR,TX,ASW,CE,Federal Contract Tower,4,18,24,6,52,0,3,64,0,67,4,21,88,6,119,28,0,28,147
12/11/2009,TYR,TX,ASW,CE,Federal Contract Tower,4,22,24,2,52,0,2,46,0,48,4,24,70,2,100,48,0,48,148
12/12/2009,TYR,TX,ASW,CE,Federal Contract Tower,4,15,4,0,23,0,0,0,0,0,4,15,4,0,23,0,0,0,23
12/13/2009,TYR,TX,ASW,CE,Federal Contract Tower,4,7,13,0,24,0,1,26,3,30,4,8,39,3,54,10,0,10,64
12/14/2009,TYR,TX,ASW,CE,Federal Contract Tower,4,15,16,0,35,0,10,47,0,57,4,25,63,0,92,68,0,68,160
12/15/2009,TYR,TX,ASW,CE,Federal Contract Tower,4,15,18,0,37,0,2,46,1,49,4,17,64,1,86,48,0,48,134
12/16/2009,TYR,TX,ASW,CE,Federal Contract Tower,4,17,23,1,45,0,5,71,2,78,4,22,94,3,123,38,4,42,165
12/17/2009,TYR,TX,ASW,CE,Federal Contract Tower,5,19,24,0,48,0,0,80,2,82,5,19,104,2,130,70,0,70,200
12/18/2009,TYR,TX,ASW,CE,Federal Contract Tower,4,25,19,0,48,0,3,37,0,40,4,28,56,0,88,24,0,24,112
12/19/2009,TYR,TX,ASW,CE,Federal Contract Tower,4,9,14,0,27,0,1,43,0,44,4,10,57,0,71,22,0,22,93
12/20/2009,TYR,TX,ASW,CE,Federal Contract Tower,4,11,19,0,34,0,0,65,0,65,4,11,84,0,99,28,0,28,127
12/21/2009,TYR,TX,ASW,CE,Federal Contract Tower,3,18,20,0,41,0,4,73,0,77,3,22,93,0,118,70,0,70,188
12/22/2009,TYR,TX,ASW,CE,Federal Contract Tower,5,23,17,0,45,0,0,34,0,34,5,23,51,0,79,44,0,44,123
12/23/2009,TYR,TX,ASW,CE,Federal Contract Tower,5,21,15,0,41,0,0,0,0,0,5,21,15,0,41,0,0,0,41
12/24/2009,TYR,TX,ASW,CE,Federal Contract Tower,3,13,10,0,26,0,0,1,0,1,3,13,11,0,27,0,0,0,27
12/25/2009,TYR,TX,ASW,CE,Federal Contract Tower,3,11,3,0,17,0,0,15,0,15,3,11,18,0,32,8,0,8,40
12/26/2009,TYR,TX,ASW,CE,Federal Contract Tower,3,9,9,0,21,0,9,50,0,59,3,18,59,0,80,68,0,68,148
12/27/2009,TYR,TX,ASW,CE,Federal Contract Tower,5,15,17,0,37,0,0,72,0,72,5,15,89,0,109,68,0,68,177
12/28/2009,TYR,TX,ASW,CE,Federal Contract Tower,4,17,14,0,35,0,6,67,2,75,4,23,81,2,110,30,2,32,142
12/29/2009,TYR,TX,ASW,CE,Federal Contract Tower,3,25,17,0,45,0,3,50,0,53,3,28,67,0,98,30,0,30,128
12/30/2009,TYR,TX,ASW,CE,Federal Contract Tower,4,27,25,0,56,0,0,8,0,8,4,27,33,0,64,18,0,18,82
12/31/2009,TYR,TX,ASW,CE,Federal Contract Tower,4,14,17,0,35,0,0,0,0,0,4,14,17,0,35,2,0,2,37
01/01/2010,TYR,TX,ASW,CE,Federal Contract Tower,4,12,3,0,19,0,0,37,0,37,4,12,40,0,56,26,0,26,82
01/02/2010,TYR,TX,ASW,CE,Federal Contract Tower,4,12,17,0,33,0,0,57,2,59,4,12,74,2,92,36,0,36,128
01/03/2010,TYR,TX,ASW,CE,Federal Contract Tower,4,14,24,0,42,0,0,33,0,33,4,14,57,0,75,12,0,12,87
01/04/2010,TYR,TX,ASW,CE,Federal Contract Tower,4,21,23,0,48,0,3,33,0,36,4,24,56,0,84,42,0,42,126
01/05/2010,TYR,TX,ASW,CE,Federal Contract Tower,4,16,15,0,35,0,3,78,7,88,4,19,93,7,123,62,0,62,185
01/06/2010,TYR,TX,ASW,CE,Federal Contract Tower,4,21,19,0,44,0,0,46,0,46,4,21,65,0,90,42,0,42,132
01/07/2010,TYR,TX,ASW,CE,Federal Contract Tower,4,16,8,0,28,0,3,6,6,15,4,19,14,6,43,4,0,4,47
01/08/2010,TYR,TX,ASW,CE,Federal Contract Tower,4,22,15,2,43,0,2,34,4,40,4,24,49,6,83,18,8,26,109
01/09/2010,TYR,TX,ASW,CE,Federal Contract Tower,3,7,8,0,18,0,3,27,0,30,3,10,35,0,48,10,0,10,58
01/10/2010,TYR,TX,ASW,CE,Federal Contract Tower,4,14,13,0,31,0,2,41,0,43,4,16,54,0,74,34,0,34,108
01/11/2010,TYR,TX,ASW,CE,Federal Contract Tower,4,15,11,0,30,0,5,42,0,47,4,20,53,0,77,56,0,56,133
01/12/2010,TYR,TX,ASW,CE,Federal Contract Tower,4,19,17,0,40,0,6,69,0,75,4,25,86,0,115,56,0,56,171
01/13/2010,TYR,TX,ASW,CE,Federal Contract Tower,4,20,33,1,58,0,4,67,5,76,4,24,100,6,134,74,0,74,208
01/14/2010,TYR,TX,ASW,CE,Federal Contract Tower,4,22,35,0,61,0,2,27,0,29,4,24,62,0,90,8,0,8,98
01/15/2010,TYR,TX,ASW,CE,Federal Contract Tower,4,20,27,0,51,0,1,26,0,27,4,21,53,0,78,28,0,28,106
01/16/2010,TYR,TX,ASW,CE,Federal Contract Tower,4,12,8,0,24,0,9,0,0,9,4,21,8,0,33,0,0,0,33
01/17/2010,TYR,TX,ASW,CE,Federal Contract Tower,4,19,11,0,34,0,0,41,0,41,4,19,52,0,75,32,0,32,107
01/18/2010,TYR,TX,ASW,CE,Federal Contract Tower,4,19,20,0,43,0,1,46,0,47,4,20,66,0,90,30,0,30,120
01/19/2010,TYR,TX,ASW,CE,Federal Contract Tower,4,24,25,1,54,0,2,49,2,53,4,26,74,3,107,44,0,44,151
01/20/2010,TYR,TX,ASW,CE,Federal Contract Tower,3,20,34,0,57,0,1,29,2,32,3,21,63,2,89,26,0,26,115
01/21/2010,TYR,TX,ASW,CE,Federal Contract Tower,4,21,24,0,49,0,1,73,2,76,4,22,97,2,125,60,0,60,185
01/22/2010,TYR,TX,ASW,CE,Federal Contract Tower,4,20,28,2,54,0,1,73,0,74,4,21,101,2,128,38,2,40,168
01/23/2010,TYR,TX,ASW,CE,Federal Contract Tower,1,18,17,0,36,0,0,3,0,3,1,18,20,0,39,2,0,2,41
01/24/2010,TYR,TX,ASW,CE,Federal Contract Tower,4,14,23,0,41,0,2,46,0,48,4,16,69,0,89,44,0,44,133
01/25/2010,TYR,TX,ASW,CE,Federal Contract Tower,3,24,17,0,44,0,8,58,0,66,3,32,75,0,110,58,0,58,168
01/26/2010,TYR,TX,ASW,CE,Federal Contract Tower,4,18,30,0,52,0,6,92,0,98,4,24,122,0,150,112,0,112,262
01/27/2010,TYR,TX,ASW,CE,Federal Contract Tower,4,19,17,0,40,0,0,56,0,56,4,19,73,0,96,116,0,116,212
01/28/2010,TYR,TX,ASW,CE,Federal Contract Tower,4,26,13,0,43,0,0,31,0,31,4,26,44,0,74,82,0,82,156
01/29/2010,TYR,TX,ASW,CE,Federal Contract Tower,3,24,0,0,27,0,0,6,0,6,3,24,6,0,33,2,0,2,35
01/30/2010,TYR,TX,ASW,CE,Federal Contract Tower,2,14,10,0,26,0,0,16,0,16,2,14,26,0,42,58,0,58,100
01/31/2010,TYR,TX,ASW,CE,Federal Contract Tower,4,11,15,0,30,0,0,68,0,68,4,11,83,0,98,108,0,108,206
02/01/2010,TYR,TX,ASW,CE,Federal Contract Tower,4,20,14,0,38,0,0,63,0,63,4,20,77,0,101,84,0,84,185
02/02/2010,TYR,TX,ASW,CE,Federal Contract Tower,3,19,29,3,54,0,7,65,3,75,3,26,94,6,129,30,0,30,159
02/03/2010,TYR,TX,ASW,CE,Federal Contract Tower,4,28,34,1,67,0,3,8,0,11,4,31,42,1,78,20,2,22,100
02/04/2010,TYR,TX,ASW,CE,Federal Contract Tower,3,23,16,0,42,0,0,0,0,0,3,23,16,0,42,0,0,0,42
02/05/2010,TYR,TX,ASW,CE,Federal Contract Tower,4,20,26,0,50,0,0,30,6,36,4,20,56,6,86,42,2,44,130
02/06/2010,TYR,TX,ASW,CE,Federal Contract Tower,4,12,15,0,31,0,0,51,0,51,4,12,66,0,82,46,0,46,128
02/07/2010,TYR,TX,ASW,CE,Federal Contract Tower,4,13,11,3,31,0,0,25,0,25,4,13,36,3,56,8,4,12,68
02/08/2010,TYR,TX,ASW,CE,Federal Contract Tower,4,16,6,0,26,0,0,0,0,0,4,16,6,0,26,0,0,0,26
02/09/2010,TYR,TX,ASW,CE,Federal Contract Tower,4,25,13,0,42,0,0,72,0,72,4,25,85,0,114,44,0,44,158
02/10/2010,TYR,TX,ASW,CE,Federal Contract Tower,4,26,11,0,41,0,2,71,0,73,4,28,82,0,114,120,0,120,234
02/11/2010,TYR,TX,ASW,CE,Federal Contract Tower,0,14,10,0,24,0,0,0,0,0,0,14,10,0,24,0,0,0,24
02/12/2010,TYR,TX,ASW,CE,Federal Contract Tower,2,6,12,0,20,0,0,14,0,14,2,6,26,0,34,24,0,24,58
02/13/2010,TYR,TX,ASW,CE,Federal Contract Tower,4,12,13,0,29,0,0,21,0,21,4,12,34,0,50,8,0,8,58
02/14/2010,TYR,TX,ASW,CE,Federal Contract Tower,4,9,5,0,18,0,0,8,0,8,4,9,13,0,26,6,0,6,32
02/15/2010,TYR,TX,ASW,CE,Federal Contract Tower,3,13,8,0,24,0,1,68,0,69,3,14,76,0,93,64,0,64,157
02/16/2010,TYR,TX,ASW,CE,Federal Contract Tower,4,20,26,0,50,0,1,102,0,103,4,21,128,0,153,58,0,58,211
02/17/2010,TYR,TX,ASW,CE,Federal Contract Tower,4,25,26,0,55,0,0,106,0,106,4,25,132,0,161,62,0,62,223
02/18/2010,TYR,TX,ASW,CE,Federal Contract Tower,2,26,24,0,52,0,1,78,2,81,2,27,102,2,133,46,0,46,179
02/19/2010,TYR,TX,ASW,CE,Federal Contract Tower,4,18,22,0,44,0,1,60,0,61,4,19,82,0,105,104,0,104,209
02/20/2010,TYR,TX,ASW,CE,Federal Contract Tower,4,12,12,11,39,0,0,40,10,50,4,12,52,21,89,16,14,30,119
02/21/2010,TYR,TX,ASW,CE,Federal Contract Tower,4,16,5,0,25,0,0,11,0,11,4,16,16,0,36,6,0,6,42
02/22/2010,TYR,TX,ASW,CE,Federal Contract Tower,6,16,15,0,37,0,0,16,0,16,6,16,31,0,53,14,0,14,67
02/23/2010,TYR,TX,ASW,CE,Federal Contract Tower,1,26,8,0,35,0,0,4,0,4,1,26,12,0,39,20,0,20,59
02/24/2010,TYR,TX,ASW,CE,Federal Contract Tower,4,18,27,0,49,0,1,96,2,99,4,19,123,2,148,166,0,166,314
02/25/2010,TYR,TX,ASW,CE,Federal Contract Tower,4,24,23,0,51,0,1,65,0,66,4,25,88,0,117,114,0,114,231
02/26/2010,TYR,TX,ASW,CE,Federal Contract Tower,4,22,23,0,49,0,0,0,0,0,4,22,23,0,49,0,0,0,49
02/27/2010,TYR,TX,ASW,CE,Federal Contract Tower,4,13,9,0,26,0,0,70,0,70,4,13,79,0,96,44,0,44,140
02/28/2010,TYR,TX,ASW,CE,Federal Contract Tower,4,12,13,0,29,0,0,48,0,48,4,12,61,0,77,30,0,30,107
03/01/2010,TYR,TX,ASW,CE,Federal Contract Tower,4,24,25,0,53,0,0,3,0,3,4,24,28,0,56,0,0,0,56
03/02/2010,TYR,TX,ASW,CE,Federal Contract Tower,4,25,25,0,54,0,0,89,0,89,4,25,114,0,143,46,0,46,189
03/03/2010,TYR,TX,ASW,CE,Federal Contract Tower,4,21,15,0,40,0,1,98,0,99,4,22,113,0,139,74,0,74,213
03/04/2010,TYR,TX,ASW,CE,Federal Contract Tower,4,25,20,0,49,0,1,85,0,86,4,26,105,0,135,78,0,78,213
03/05/2010,TYR,TX,ASW,CE,Federal Contract Tower,5,22,16,0,43,0,2,108,0,110,5,24,124,0,153,100,0,100,253
03/06/2010,TYR,TX,ASW,CE,Federal Contract Tower,5,12,16,0,33,0,1,136,0,137,5,13,152,0,170,150,0,150,320
03/07/2010,TYR,TX,ASW,CE,Federal Contract Tower,4,13,12,0,29,0,0,45,0,45,4,13,57,0,74,22,0,22,96
03/08/2010,TYR,TX,ASW,CE,Federal Contract Tower,8,25,17,0,50,0,0,11,0,11,8,25,28,0,61,4,0,4,65
03/09/2010,TYR,TX,ASW,CE,Federal Contract Tower,4,18,15,2,39,0,2,70,2,74,4,20,85,4,113,48,12,60,173
03/10/2010,TYR,TX,ASW,CE,Federal Contract Tower,4,24,17,0,45,0,2,25,0,27,4,26,42,0,72,48,0,48,120
03/11/2010,TYR,TX,ASW,CE,Federal Contract Tower,5,24,16,0,45,0,0,65,0,65,5,24,81,0,110,64,0,64,174
03/12/2010,TYR,TX,ASW,CE,Federal Contract Tower,3,20,21,1,45,0,0,54,0,54,3,20,75,1,99,32,0,32,131
03/13/2010,TYR,TX,ASW,CE,Federal Contract Tower,2,13,7,0,22,0,0,67,0,67,2,13,74,0,89,76,0,76,165
03/14/2010,TYR,TX,ASW,CE,Federal Contract Tower,4,17,16,0,37,0,0,79,0,79,4,17,95,0,116,92,0,92,208
03/15/2010,TYR,TX,ASW,CE,Federal Contract Tower,4,18,10,4,36,0,4,90,0,94,4,22,100,4,130,38,6,44,174
03/16/2010,TYR,TX,ASW,CE,Federal Contract Tower,4,15,37,0,56,0,1,48,0,49,4,16,85,0,105,94,0,94,199
03/17/2010,TYR,TX,ASW,CE,Federal Contract Tower,4,20,18,0,42,0,1,83,0,84,4,21,101,0,126,96,0,96,222
03/18/2010,TYR,TX,ASW,CE,Federal Contract Tower,4,19,22,0,45,0,1,87,3,91,4,20,109,3,136,76,0,76,212
03/19/2010,TYR,TX,ASW,CE,Federal Contract Tower,3,20,16,0,39,0,0,58,0,58,3,20,74,0,97,38,0,38,135
03/20/2010,TYR,TX,ASW,CE,Federal Contract Tower,1,18,4,0,23,0,0,1,0,1,1,18,5,0,24,0,0,0,24
03/21/2010,TYR,TX,ASW,CE,Federal Contract Tower,0,13,18,0,31,0,0,0,0,0,0,13,18,0,31,0,0,0,31
03/22/2010,TYR,TX,ASW,CE,Federal Contract Tower,3,20,20,0,43,0,2,65,0,67,3,22,85,0,110,100,0,100,210
03/23/2010,TYR,TX,ASW,CE,Federal Contract Tower,4,16,17,0,37,0,4,95,4,103,4,20,112,4,140,61,0,61,201
03/24/2010,TYR,TX,ASW,CE,Federal Contract Tower,4,35,24,0,63,0,0,19,2,21,4,35,43,2,84,22,14,36,120
03/25/2010,TYR,TX,ASW,CE,Federal Contract Tower,3,28,39,0,70,0,3,51,1,55,3,31,90,1,125,76,0,76,201
03/26/2010,TYR,TX,ASW,CE,Federal Contract Tower,5,18,16,0,39,0,3,86,2,91,5,21,102,2,130,64,0,64,194
03/27/2010,TYR,TX,ASW,CE,Federal Contract Tower,4,13,11,0,28,0,0,60,0,60,4,13,71,0,88,28,0,28,116
03/28/2010,TYR,TX,ASW,CE,Federal Contract Tower,4,10,15,0,29,0,0,52,0,52,4,10,67,0,81,24,0,24,105
03/29/2010,TYR,TX,ASW,CE,Federal Contract Tower,4,20,16,0,40,0,1,82,0,83,4,21,98,0,123,52,0,52,175
03/30/2010,TYR,TX,ASW,CE,Federal Contract Tower,4,21,32,0,57,0,2,73,3,78,4,23,105,3,135,58,0,58,193
03/31/2010,TYR,TX,ASW,CE,Federal Contract Tower,4,18,21,0,43,0,0,46,0,46,4,18,67,0,89,18,0,18,107
04/01/2010,TYR,TX,ASW,CE,Federal Contract Tower,2,15,23,2,42,0,3,42,1,46,2,18,65,3,88,48,4,52,140
04/02/2010,TYR,TX,ASW,CE,Federal Contract Tower,4,21,17,0,42,0,0,14,0,14,4,21,31,0,56,8,0,8,64
04/03/2010,TYR,TX,ASW,CE,Federal Contract Tower,4,13,13,0,30,0,1,74,0,75,4,14,87,0,105,70,0,70,175
04/04/2010,TYR,TX,ASW,CE,Federal Contract Tower,4,15,13,0,32,0,0,23,0,23,4,15,36,0,55,6,0,6,61
04/05/2010,TYR,TX,ASW,CE,Federal Contract Tower,4,22,37,0,63,0,1,40,0,41,4,23,77,0,104,80,0,80,184
04/06/2010,TYR,TX,ASW,CE,Federal Contract Tower,4,19,28,0,51,0,0,38,0,38,4,19,66,0,89,18,0,18,107
04/07/2010,TYR,TX,ASW,CE,Federal Contract Tower,3,21,12,0,36,0,0,26,0,26,3,21,38,0,62,20,0,20,82
04/08/2010,TYR,TX,ASW,CE,Federal Contract Tower,4,18,23,0,45,0,2,92,2,96,4,20,115,2,141,112,0,112,253
04/09/2010,TYR,TX,ASW,CE,Federal Contract Tower,4,21,17,1,43,0,1,33,0,34,4,22,50,1,77,14,2,16,93
04/10/2010,TYR,TX,ASW,CE,Federal Contract Tower,4,10,5,0,19,0,1,84,2,87,4,11,89,2,106,80,0,80,186
04/11/2010,TYR,TX,ASW,CE,Federal Contract Tower,4,13,12,0,29,0,0,40,2,42,4,13,52,2,71,10,0,10,81
04/12/2010,TYR,TX,ASW,CE,Federal Contract Tower,4,18,23,0,45,0,1,60,0,61,4,19,83,0,106,28,0,28,134
04/13/2010,TYR,TX,ASW,CE,Federal Contract Tower,4,19,24,0,47,0,1,80,0,81,4,20,104,0,128,14,0,14,142
04/14/2010,TYR,TX,ASW,CE,Federal Contract Tower,4,16,11,2,33,0,2,70,2,74,4,18,81,4,107,40,2,42,149
04/15/2010,TYR,TX,ASW,CE,Federal Contract Tower,4,19,43,1,67,0,1,37,1,39,4,20,80,2,106,56,0,56,162
04/16/2010,TYR,TX,ASW,CE,Federal Contract Tower,4,19,21,3,47,0,0,43,23,66,4,19,64,26,113,58,6,64,177
04/17/2010,TYR,TX,ASW,CE,Federal Contract Tower,4,12,10,0,26,0,1,20,0,21,4,13,30,0,47,24,0,24,71
04/18/2010,TYR,TX,ASW,CE,Federal Contract Tower,4,13,22,0,39,0,0,7,0,7,4,13,29,0,46,0,0,0,46
04/19/2010,TYR,TX,ASW,CE,Federal Contract Tower,4,23,27,0,54,0,1,42,0,43,4,24,69,0,97,26,0,26,123
04/20/2010,TYR,TX,ASW,CE,Federal Contract Tower,4,15,29,0,48,0,0,69,0,69,4,15,98,0,117,50,0,50,167
04/21/2010,TYR,TX,ASW,CE,Federal Contract Tower,4,22,33,0,59,0,3,93,0,96,4,25,126,0,155,112,0,112,267
04/22/2010,TYR,TX,ASW,CE,Federal Contract Tower,4,18,39,0,61,0,0,23,0,23,4,18,62,0,84,18,0,18,102
04/23/2010,TYR,TX,ASW,CE,Federal Contract Tower,4,19,23,0,46,0,0,15,0,15,4,19,38,0,61,0,0,0,61
04/24/2010,TYR,TX,ASW,CE,Federal Contract Tower,4,10,14,0,28,0,1,43,0,44,4,11,57,0,72,12,0,12,84
04/25/2010,TYR,TX,ASW,CE,Federal Contract Tower,4,13,14,0,31,0,0,67,0,67,4,13,81,0,98,36,0,36,134
04/26/2010,TYR,TX,ASW,CE,Federal Contract Tower,4,18,15,2,39,0,1,62,0,63,4,19,77,2,102,44,4,48,150
04/27/2010,TYR,TX,ASW,CE,Federal Contract Tower,4,19,21,0,44,0,0,68,0,68,4,19,89,0,112,58,0,58,170
04/28/2010,TYR,TX,ASW,CE,Federal Contract Tower,4,22,21,0,47,0,2,70,0,72,4,24,91,0,119,50,0,50,169
04/29/2010,TYR,TX,ASW,CE,Federal Contract Tower,5,32,12,0,49,0,0,29,0,29,5,32,41,0,78,6,0,6,84
04/30/2010,TYR,TX,ASW,CE,Federal Contract Tower,4,22,34,0,60,0,0,12,0,12,4,22,46,0,72,10,0,10,82
05/01/2010,TYR,TX,ASW,CE,Federal Contract Tower,4,12,8,0,24,0,0,21,0,21,4,12,29,0,45,10,0,10,55
05/02/2010,TYR,TX,ASW,CE,Federal Contract Tower,4,18,10,0,32,0,0,60,0,60,4,18,70,0,92,42,0,42,134
05/03/2010,TYR,TX,ASW,CE,Federal Contract Tower,3,27,15,0,45,0,0,70,0,70,3,27,85,0,115,68,0,68,183
05/04/2010,TYR,TX,ASW,CE,Federal Contract Tower,4,20,21,0,45,0,1,87,4,92,4,21,108,4,137,98,0,98,235
05/05/2010,TYR,TX,ASW,CE,Federal Contract Tower,4,19,17,0,40,0,2,86,0,88,4,21,103,0,128,74,0,74,202
05/06/2010,TYR,TX,ASW,CE,Federal Contract Tower,4,19,16,1,40,0,1,53,2,56,4,20,69,3,96,42,28,70,166
05/07/2010,TYR,TX,ASW,CE,Federal Contract Tower,4,20,23,4,51,0,0,40,0,40,4,20,63,4,91,26,16,42,133
05/08/2010,TYR,TX,ASW,CE,Federal Contract Tower,4,13,9,0,26,0,1,67,0,68,4,14,76,0,94,64,0,64,158
05/09/2010,TYR,TX,ASW,CE,Federal Contract Tower,4,20,10,0,34,0,1,34,0,35,4,21,44,0,69,4,0,4,73
05/10/2010,TYR,TX,ASW,CE,Federal Contract Tower,4,24,19,0,47,0,0,13,0,13,4,24,32,0,60,16,0,16,76
05/11/2010,TYR,TX,ASW,CE,Federal Contract Tower,4,21,37,0,62,0,2,39,0,41,4,23,76,0,103,12,0,12,115
05/12/2010,TYR,TX,ASW,CE,Federal Contract Tower,4,19,23,0,46,0,0,23,0,23,4,19,46,0,69,26,0,26,95
05/13/2010,TYR,TX,ASW,CE,Federal Contract Tower,4,22,19,0,45,0,2,46,0,48,4,24,65,0,93,42,0,42,135
05/14/2010,TYR,TX,ASW,CE,Federal Contract Tower,1,23,34,1,59,0,0,25,1,26,1,23,59,2,85,4,26,30,115
05/15/2010,TYR,TX,ASW,CE,Federal Contract Tower,5,12,11,0,28,0,1,28,0,29,5,13,39,0,57,20,0,20,77
05/16/2010,TYR,TX,ASW,CE,Federal Contract Tower,3,12,12,0,27,0,0,69,0,69,3,12,81,0,96,58,0,58,154
05/17/2010,TYR,TX,ASW,CE,Federal Contract Tower,7,19,24,0,50,0,0,64,0,64,7,19,88,0,114,76,0,76,190
05/18/2010,TYR,TX,ASW,CE,Federal Contract Tower,4,19,22,0,45,0,1,83,0,84,4,20,105,0,129,116,0,116,245
05/19/2010,TYR,TX,ASW,CE,Federal Contract Tower,4,24,28,0,56,0,4,28,4,36,4,28,56,4,92,16,0,16,108
05/20/2010,TYR,TX,ASW,CE,Federal Contract Tower,5,18,22,0,45,0,0,16,0,16,5,18,38,0,61,28,0,28,89
05/21/2010,TYR,TX,ASW,CE,Federal Contract Tower,5,22,28,0,55,0,1,31,0,32,5,23,59,0,87,50,0,50,137
05/22/2010,TYR,TX,ASW,CE,Federal Contract Tower,4,11,12,0,27,0,0,160,0,160,4,11,172,0,187,84,0,84,271
05/23/2010,TYR,TX,ASW,CE,Federal Contract Tower,4,13,24,1,42,0,0,72,1,73,4,13,96,2,115,30,2,32,147
05/24/2010,TYR,TX,ASW,CE,Federal Contract Tower,4,21,19,1,45,0,0,54,0,54,4,21,73,1,99,36,0,36,135
05/25/2010,TYR,TX,ASW,CE,Federal Contract Tower,4,21,25,0,50,0,0,79,6,85,4,21,104,6,135,66,6,72,207
05/26/2010,TYR,TX,ASW,CE,Federal Contract Tower,4,19,21,0,44,0,0,62,5,67,4,19,83,5,111,82,0,82,193
05/27/2010,TYR,TX,ASW,CE,Federal Contract Tower,3,28,17,0,48,0,1,101,0,102,3,29,118,0,150,180,0,180,330
05/28/2010,TYR,TX,ASW,CE,Federal Contract Tower,4,21,26,0,51,0,0,141,0,141,4,21,167,0,192,170,0,170,362
05/29/2010,TYR,TX,ASW,CE,Federal Contract Tower,4,11,10,0,25,0,1,131,0,132,4,12,141,0,157,64,0,64,221
05/30/2010,TYR,TX,ASW,CE,Federal Contract Tower,4,16,12,0,32,0,0,35,0,35,4,16,47,0,67,8,0,8,75
05/31/2010,TYR,TX,ASW,CE,Federal Contract Tower,4,12,5,0,21,0,0,51,0,51,4,12,56,0,72,26,0,26,98
06/01/2010,TYR,TX,ASW,CE,Federal Contract Tower,2,29,25,0,56,0,0,64,0,64,2,29,89,0,120,54,0,54,174
06/02/2010,TYR,TX,ASW,CE,Federal Contract Tower,6,23,20,0,49,0,0,57,0,57,6,23,77,0,106,58,0,58,164
06/03/2010,TYR,TX,ASW,CE,Federal Contract Tower,4,14,24,0,42,0,0,35,0,35,4,14,59,0,77,30,0,30,107
06/04/2010,TYR,TX,ASW,CE,Federal Contract Tower,4,21,16,0,41,0,0,35,0,35,4,21,51,0,76,38,0,38,114
06/05/2010,TYR,TX,ASW,CE,Federal Contract Tower,4,10,14,0,28,0,1,60,0,61,4,11,74,0,89,38,0,38,127
06/06/2010,TYR,TX,ASW,CE,Federal Contract Tower,4,14,34,0,52,0,0,36,0,36,4,14,70,0,88,38,0,38,126
06/07/2010,TYR,TX,ASW,CE,Federal Contract Tower,4,23,21,0,48,0,0,46,0,46,4,23,67,0,94,14,0,14,108
06/08/2010,TYR,TX,ASW,CE,Federal Contract Tower,4,22,17,0,43,0,0,33,0,33,4,22,50,0,76,28,0,28,104
06/09/2010,TYR,TX,ASW,CE,Federal Contract Tower,4,18,8,0,30,0,0,9,0,9,4,18,17,0,39,40,0,40,79
06/10/2010,TYR,TX,ASW,CE,Federal Contract Tower,2,17,11,0,30,0,0,5,0,5,2,17,16,0,35,29,0,29,64
06/11/2010,TYR,TX,ASW,CE,Federal Contract Tower,4,18,21,0,43,0,1,44,0,45,4,19,65,0,88,38,0,38,126
06/12/2010,TYR,TX,ASW,CE,Federal Contract Tower,4,11,26,0,41,0,0,63,2,65,4,11,89,2,106,44,0,44,150
06/13/2010,TYR,TX,ASW,CE,Federal Contract Tower,4,13,16,0,33,0,0,41,0,41,4,13,57,0,74,48,0,48,122
06/14/2010,TYR,TX,ASW,CE,Federal Contract Tower,4,19,12,0,35,0,0,38,0,38,4,19,50,0,73,32,0,32,105
06/15/2010,TYR,TX,ASW,CE,Federal Contract Tower,4,23,23,0,50,0,0,67,0,67,4,23,90,0,117,66,0,66,183
06/16/2010,TYR,TX,ASW,CE,Federal Contract Tower,4,21,28,0,53,0,0,53,0,53,4,21,81,0,106,72,0,72,178
06/17/2010,TYR,TX,ASW,CE,Federal Contract Tower,4,22,34,0,60,0,0,92,5,97,4,22,126,5,157,54,6,60,217
06/18/2010,TYR,TX,ASW,CE,Federal Contract Tower,4,23,23,0,50,0,0,60,0,60,4,23,83,0,110,6,0,6,116
06/19/2010,TYR,TX,ASW,CE,Federal Contract Tower,4,15,20,0,39,0,0,85,26,111,4,15,105,26,150,56,0,56,206
06/20/2010,TYR,TX,ASW,CE,Federal Contract Tower,4,12,11,0,27,0,0,48,0,48,4,12,59,0,75,12,0,12,87
06/21/2010,TYR,TX,ASW,CE,Federal Contract Tower,4,23,3,0,30,0,1,60,4,65,4,24,63,4,95,64,0,64,159
06/22/2010,TYR,TX,ASW,CE,Federal Contract Tower,4,27,17,0,48,0,1,85,0,86,4,28,102,0,134,56,0,56,190
06/23/2010,TYR,TX,ASW,CE,Federal Contract Tower,6,22,19,0,47,0,0,41,0,41,6,22,60,0,88,40,0,40,128
06/24/2010,TYR,TX,ASW,CE,Federal Contract Tower,4,22,34,3,63,0,0,13,0,13,4,22,47,3,76,18,0,18,94
06/25/2010,TYR,TX,ASW,CE,Federal Contract Tower,4,13,27,0,44,0,0,31,3,34,4,13,58,3,78,24,0,24,102
06/26/2010,TYR,TX,ASW,CE,Federal Contract Tower,4,14,27,0,45,0,0,59,0,59,4,14,86,0,104,52,0,52,156
06/27/2010,TYR,TX,ASW,CE,Federal Contract Tower,4,14,19,0,37,0,0,44,0,44,4,14,63,0,81,14,0,14,95
06/28/2010,TYR,TX,ASW,CE,Federal Contract Tower,5,18,19,1,43,0,3,45,1,49,5,21,64,2,92,54,0,54,146
06/29/2010,TYR,TX,ASW,CE,Federal Contract Tower,4,25,19,0,48,0,0,28,1,29,4,25,47,1,77,40,0,40,117
06/30/2010,TYR,TX,ASW,CE,Federal Contract Tower,4,19,22,2,47,0,2,6,0,8,4,21,28,2,55,6,0,6,61
07/01/2010,TYR,TX,ASW,CE,Federal Contract Tower,4,18,34,0,56,0,0,28,1,29,4,18,62,1,85,18,6,24,109
07/02/2010,TYR,TX,ASW,CE,Federal Contract Tower,3,16,20,3,42,0,0,1,1,2,3,16,21,4,44,8,16,24,68
07/03/2010,TYR,TX,ASW,CE,Federal Contract Tower,4,11,33,2,50,0,0,29,6,35,4,11,62,8,85,34,0,34,119
07/04/2010,TYR,TX,ASW,CE,Federal Contract Tower,4,3,8,1,16,0,0,11,1,12,4,3,19,2,28,14,2,16,44
07/05/2010,TYR,TX,ASW,CE,Federal Contract Tower,4,15,15,1,35,0,0,46,0,46,4,15,61,1,81,26,0,26,107
07/06/2010,TYR,TX,ASW,CE,Federal Contract Tower,4,24,22,0,50,0,0,73,0,73,4,24,95,0,123,76,0,76,199
07/07/2010,TYR,TX,ASW,CE,Federal Contract Tower,4,17,21,0,42,0,0,14,0,14,4,17,35,0,56,26,0,26,82
07/08/2010,TYR,TX,ASW,CE,Federal Contract Tower,3,19,23,1,46,0,0,34,1,35,3,19,57,2,81,54,2,56,137
07/09/2010,TYR,TX,ASW,CE,Federal Contract Tower,4,24,14,4,46,0,0,33,3,36,4,24,47,7,82,68,0,68,150
07/10/2010,TYR,TX,ASW,CE,Federal Contract Tower,4,13,11,0,28,0,0,7,0,7,4,13,18,0,35,6,0,6,41
07/11/2010,TYR,TX,ASW,CE,Federal Contract Tower,4,11,12,0,27,0,0,54,0,54,4,11,66,0,81,24,0,24,105
07/12/2010,TYR,TX,ASW,CE,Federal Contract Tower,4,20,27,5,56,0,0,26,1,27,4,20,53,6,83,10,0,10,93
07/13/2010,TYR,TX,ASW,CE,Federal Contract Tower,4,27,36,0,67,0,0,70,1,71,4,27,106,1,138,106,0,106,244
07/14/2010,TYR,TX,ASW,CE,Federal Contract Tower,4,22,18,0,44,0,0,64,2,66,4,22,82,2,110,42,0,42,152
07/15/2010,TYR,TX,ASW,CE,Federal Contract Tower,6,19,16,0,41,0,0,72,1,73,6,19,88,1,114,82,0,82,196
07/16/2010,TYR,TX,ASW,CE,Federal Contract Tower,4,17,11,0,32,0,0,57,5,62,4,17,68,5,94,106,6,112,206
07/17/2010,TYR,TX,ASW,CE,Federal Contract Tower,4,10,5,0,19,0,1,71,0,72,4,11,76,0,91,60,0,60,151
07/18/2010,TYR,TX,ASW,CE,Federal Contract Tower,4,12,23,1,40,0,0,49,1,50,4,12,72,2,90,2,0,2,92
07/19/2010,TYR,TX,ASW,CE,Federal Contract Tower,4,21,28,2,55,0,0,46,0,46,4,21,74,2,101,36,0,36,137
07/20/2010,TYR,TX,ASW,CE,Federal Contract Tower,4,22,29,0,55,0,0,60,0,60,4,22,89,0,115,76,0,76,191
07/21/2010,TYR,TX,ASW,CE,Federal Contract Tower,4,20,9,0,33,0,0,33,2,35,4,20,42,2,68,30,0,30,98
07/22/2010,TYR,TX,ASW,CE,Federal Contract Tower,4,23,14,0,41,0,1,38,0,39,4,24,52,0,80,20,0,20,100
07/23/2010,TYR,TX,ASW,CE,Federal Contract Tower,14,19,33,0,66,0,1,62,0,63,14,20,95,0,129,24,0,24,153
07/24/2010,TYR,TX,ASW,CE,Federal Contract Tower,4,13,21,0,38,0,0,76,0,76,4,13,97,0,114,52,0,52,166
07/25/2010,TYR,TX,ASW,CE,Federal Contract Tower,4,10,14,1,29,0,0,53,1,54,4,10,67,2,83,34,0,34,117
07/26/2010,TYR,TX,ASW,CE,Federal Contract Tower,4,24,11,0,39,0,0,27,0,27,4,24,38,0,66,6,0,6,72
07/27/2010,TYR,TX,ASW,CE,Federal Contract Tower,4,22,11,0,37,0,0,30,0,30,4,22,41,0,67,44,0,44,111
07/28/2010,TYR,TX,ASW,CE,Federal Contract Tower,4,20,28,0,52,0,0,17,0,17,4,20,45,0,69,26,0,26,95
07/29/2010,TYR,TX,ASW,CE,Federal Contract Tower,4,22,33,0,59,0,0,52,2,54,4,22,85,2,113,72,0,72,185
07/30/2010,TYR,TX,ASW,CE,Federal Contract Tower,4,24,14,0,42,0,0,63,0,63,4,24,77,0,105,34,0,34,139
07/31/2010,TYR,TX,ASW,CE,Federal Contract Tower,4,9,9,0,22,0,0,69,0,69,4,9,78,0,91,28,0,28,119
08/01/2010,TYR,TX,ASW,CE,Federal Contract Tower,4,10,17,0,31,0,0,36,0,36,4,10,53,0,67,12,0,12,79
08/02/2010,TYR,TX,ASW,CE,Federal Contract Tower,4,22,27,0,53,0,0,57,0,57,4,22,84,0,110,72,0,72,182
08/03/2010,TYR,TX,ASW,CE,Federal Contract Tower,4,20,15,0,39,0,0,72,2,74,4,20,87,2,113,92,2,94,207
08/04/2010,TYR,TX,ASW,CE,Federal Contract Tower,4,23,26,0,53,0,0,59,0,59,4,23,85,0,112,88,0,88,200
08/05/2010,TYR,TX,ASW,CE,Federal Contract Tower,4,19,20,0,43,0,1,46,0,47,4,20,66,0,90,106,0,106,196
08/06/2010,TYR,TX,ASW,CE,Federal Contract Tower,5,21,10,0,36,0,0,72,0,72,5,21,82,0,108,54,0,54,162
08/07/2010,TYR,TX,ASW,CE,Federal Contract Tower,4,15,21,0,40,0,0,62,0,62,4,15,83,0,102,56,0,56,158
08/08/2010,TYR,TX,ASW,CE,Federal Contract Tower,4,10,11,0,25,0,54,0,0,54,4,64,11,0,79,48,0,48,127
08/09/2010,TYR,TX,ASW,CE,Federal Contract Tower,4,20,15,0,39,0,0,60,0,60,4,20,75,0,99,28,0,28,127
08/10/2010,TYR,TX,ASW,CE,Federal Contract Tower,4,22,15,0,41,0,0,51,0,51,4,22,66,0,92,32,0,32,124
08/11/2010,TYR,TX,ASW,CE,Federal Contract Tower,4,20,16,0,40,0,1,67,4,72,4,21,83,4,112,74,0,74,186
08/12/2010,TYR,TX,ASW,CE,Federal Contract Tower,4,27,28,0,59,0,5,40,0,45,4,32,68,0,104,48,0,48,152
08/13/2010,TYR,TX,ASW,CE,Federal Contract Tower,4,20,15,0,39,0,0,53,0,53,4,20,68,0,92,20,0,20,112
08/14/2010,TYR,TX,ASW,CE,Federal Contract Tower,4,8,13,0,25,0,1,44,0,45,4,9,57,0,70,60,0,60,130
08/15/2010,TYR,TX,ASW,CE,Federal Contract Tower,4,19,13,0,36,0,0,47,0,47,4,19,60,0,83,52,0,52,135
08/16/2010,TYR,TX,ASW,CE,Federal Contract Tower,4,17,15,0,36,0,0,47,0,47,4,17,62,0,83,58,0,58,141
08/17/2010,TYR,TX,ASW,CE,Federal Contract Tower,4,20,21,0,45,0,0,76,0,76,4,20,97,0,121,44,0,44,165
08/18/2010,TYR,TX,ASW,CE,Federal Contract Tower,4,18,27,1,50,0,0,46,0,46,4,18,73,1,96,56,2,58,154
08/19/2010,TYR,TX,ASW,CE,Federal Contract Tower,4,20,25,3,52,0,0,50,6,56,4,20,75,9,108,106,4,110,218
08/20/2010,TYR,TX,ASW,CE,Federal Contract Tower,4,20,29,0,53,0,0,42,0,42,4,20,71,0,95,54,0,54,149
08/21/2010,TYR,TX,ASW,CE,Federal Contract Tower,4,10,18,0,32,0,0,106,0,106,4,10,124,0,138,44,0,44,182
08/22/2010,TYR,TX,ASW,CE,Federal Contract Tower,4,11,10,1,26,0,0,63,0,63,4,11,73,1,89,24,2,26,115
08/23/2010,TYR,TX,ASW,CE,Federal Contract Tower,4,23,15,0,42,0,0,45,1,46,4,23,60,1,88,22,0,22,110
08/24/2010,TYR,TX,ASW,CE,Federal Contract Tower,4,20,17,0,41,0,0,57,5,62,4,20,74,5,103,12,0,12,115
08/25/2010,TYR,TX,ASW,CE,Federal Contract Tower,4,20,21,0,45,0,0,76,1,77,4,20,97,1,122,80,0,80,202
08/26/2010,TYR,TX,ASW,CE,Federal Contract Tower,4,21,33,0,58,0,1,66,1,68,4,22,99,1,126,128,0,128,254
08/27/2010,TYR,TX,ASW,CE,Federal Contract Tower,4,20,19,1,44,0,0,66,0,66,4,20,85,1,110,74,0,74,184
08/28/2010,TYR,TX,ASW,CE,Federal Contract Tower,4,15,13,0,32,0,2,74,0,76,4,17,87,0,108,38,0,38,146
08/29/2010,TYR,TX,ASW,CE,Federal Contract Tower,3,12,17,0,32,0,0,32,0,32,3,12,49,0,64,18,0,18,82
08/30/2010,TYR,TX,ASW,CE,Federal Contract Tower,5,17,17,0,39,0,0,21,0,21,5,17,38,0,60,10,0,10,70
08/31/2010,TYR,TX,ASW,CE,Federal Contract Tower,4,20,25,0,49,0,0,42,0,42,4,20,67,0,91,34,0,34,125
09/01/2010,TYR,TX,ASW,CE,Federal Contract Tower,4,28,29,0,61,0,0,29,2,31,4,28,58,2,92,26,0,26,118
09/02/2010,TYR,TX,ASW,CE,Federal Contract Tower,4,26,18,0,48,0,0,16,0,16,4,26,34,0,64,32,0,32,96
09/03/2010,TYR,TX,ASW,CE,Federal Contract Tower,4,21,28,0,53,0,0,37,0,37,4,21,65,0,90,34,0,34,124
09/04/2010,TYR,TX,ASW,CE,Federal Contract Tower,4,13,13,0,30,0,6,80,0,86,4,19,93,0,116,36,0,36,152
09/05/2010,TYR,TX,ASW,CE,Federal Contract Tower,4,8,4,0,16,0,0,60,0,60,4,8,64,0,76,52,0,52,128
09/06/2010,TYR,TX,ASW,CE,Federal Contract Tower,4,11,10,0,25,0,0,47,0,47,4,11,57,0,72,12,0,12,84
09/07/2010,TYR,TX,ASW,CE,Federal Contract Tower,4,13,21,0,38,0,0,2,0,2,4,13,23,0,40,0,0,0,40
09/08/2010,TYR,TX,ASW,CE,Federal Contract Tower,4,17,9,0,30,0,0,9,0,9,4,17,18,0,39,2,0,2,41
09/09/2010,TYR,TX,ASW,CE,Federal Contract Tower,4,20,23,0,47,0,0,18,0,18,4,20,41,0,65,14,0,14,79
09/10/2010,TYR,TX,ASW,CE,Federal Contract Tower,4,17,33,4,58,0,1,46,3,50,4,18,79,7,108,66,2,68,176
09/11/2010,TYR,TX,ASW,CE,Federal Contract Tower,4,11,8,0,23,0,0,30,5,35,4,11,38,5,58,18,4,22,80
09/12/2010,TYR,TX,ASW,CE,Federal Contract Tower,4,11,19,0,34,0,0,41,1,42,4,11,60,1,76,22,0,22,98
09/13/2010,TYR,TX,ASW,CE,Federal Contract Tower,4,22,22,0,48,0,0,51,12,63,4,22,73,12,111,90,0,90,201
09/14/2010,TYR,TX,ASW,CE,Federal Contract Tower,4,15,24,0,43,0,1,52,0,53,4,16,76,0,96,64,0,64,160
09/15/2010,TYR,TX,ASW,CE,Federal Contract Tower,4,20,22,0,46,0,0,79,2,81,4,20,101,2,127,58,0,58,185
09/16/2010,TYR,TX,ASW,CE,Federal Contract Tower,4,24,24,0,52,0,0,66,1,67,4,24,90,1,119,134,0,134,253
09/17/2010,TYR,TX,ASW,CE,Federal Contract Tower,4,20,22,0,46,0,1,66,0,67,4,21,88,0,113,58,0,58,171
09/18/2010,TYR,TX,ASW,CE,Federal Contract Tower,4,13,17,0,34,0,0,55,2,57,4,13,72,2,91,16,2,18,109
09/19/2010,TYR,TX,ASW,CE,Federal Contract Tower,4,13,19,2,38,0,0,69,0,69,4,13,88,2,107,40,0,40,147
09/20/2010,TYR,TX,ASW,CE,Federal Contract Tower,4,22,22,1,49,0,0,59,0,59,4,22,81,1,108,60,0,60,168
09/21/2010,TYR,TX,ASW,CE,Federal Contract Tower,4,17,9,0,30,0,0,44,0,44,4,17,53,0,74,50,0,50,124
09/22/2010,TYR,TX,ASW,CE,Federal Contract Tower,4,19,33,0,56,0,0,54,2,56,4,19,87,2,112,44,0,44,156
09/23/2010,TYR,TX,ASW,CE,Federal Contract Tower,4,22,29,0,55,0,0,27,4,31,4,22,56,4,86,38,0,38,124
09/24/2010,TYR,TX,ASW,CE,Federal Contract Tower,4,21,23,0,48,0,1,48,0,49,4,22,71,0,97,38,0,38,135
09/25/2010,TYR,TX,ASW,CE,Federal Contract Tower,4,10,12,0,26,0,1,23,0,24,4,11,35,0,50,20,0,20,70
09/26/2010,TYR,TX,ASW,CE,Federal Contract Tower,4,14,26,0,44,0,0,21,0,21,4,14,47,0,65,14,0,14,79
09/27/2010,TYR,TX,ASW,CE,Federal Contract Tower,4,19,16,0,39,0,0,49,1,50,4,19,65,1,89,52,2,54,143
09/28/2010,TYR,TX,ASW,CE,Federal Contract Tower,4,18,19,2,43,0,0,96,0,96,4,18,115,2,139,54,0,54,193
09/29/2010,TYR,TX,ASW,CE,Federal Contract Tower,4,22,24,0,50,0,0,57,0,57,4,22,81,0,107,84,0,84,191
09/30/2010,TYR,TX,ASW,CE,Federal Contract Tower,4,23,18,0,45,0,0,79,0,79,4,23,97,0,124,160,0,160,284
10/01/2010,TYR,TX,ASW,CE,Federal Contract Tower,4,24,24,0,52,0,1,51,0,52,4,25,75,0,104,16,0,16,120
10/02/2010,TYR,TX,ASW,CE,Federal Contract Tower,4,12,24,0,40,0,1,38,0,39,4,13,62,0,79,84,0,84,163
10/03/2010,TYR,TX,ASW,CE,Federal Contract Tower,4,13,9,0,26,0,0,58,0,58,4,13,67,0,84,24,0,24,108
10/04/2010,TYR,TX,ASW,CE,Federal Contract Tower,4,19,12,0,35,0,0,68,0,68,4,19,80,0,103,92,0,92,195
10/05/2010,TYR,TX,ASW,CE,Federal Contract Tower,4,18,28,0,50,0,0,61,0,61,4,18,89,0,111,118,0,118,229
10/06/2010,TYR,TX,ASW,CE,Federal Contract Tower,4,19,18,1,42,0,0,80,1,81,4,19,98,2,123,42,0,42,165
10/07/2010,TYR,TX,ASW,CE,Federal Contract Tower,4,27,31,0,62,0,0,58,0,58,4,27,89,0,120,86,0,86,206
10/08/2010,TYR,TX,ASW,CE,Federal Contract Tower,3,16,23,0,42,0,1,13,0,14,3,17,36,0,56,14,0,14,70
10/09/2010,TYR,TX,ASW,CE,Federal Contract Tower,4,8,13,1,26,0,1,59,2,62,4,9,72,3,88,16,4,20,108
10/10/2010,TYR,TX,ASW,CE,Federal Contract Tower,4,11,9,0,24,0,0,67,0,67,4,11,76,0,91,56,0,56,147
10/11/2010,TYR,TX,ASW,CE,Federal Contract Tower,4,17,13,0,34,0,0,13,0,13,4,17,26,0,47,4,0,4,51
10/12/2010,TYR,TX,ASW,CE,Federal Contract Tower,4,15,20,0,39,0,0,84,0,84,4,15,104,0,123,46,0,46,169
10/13/2010,TYR,TX,ASW,CE,Federal Contract Tower,4,18,20,0,42,0,0,88,0,88,4,18,108,0,130,60,0,60,190
10/14/2010,TYR,TX,ASW,CE,Federal Contract Tower,4,20,31,0,55,0,0,85,0,85,4,20,116,0,140,104,0,104,244
10/15/2010,TYR,TX,ASW,CE,Federal Contract Tower,4,21,29,0,54,0,2,105,1,108,4,23,134,1,162,30,0,30,192
10/16/2010,TYR,TX,ASW,CE,Federal Contract Tower,4,9,15,0,28,0,1,76,0,77,4,10,91,0,105,50,0,50,155
10/17/2010,TYR,TX,ASW,CE,Federal Contract Tower,4,18,33,0,55,0,0,82,0,82,4,18,115,0,137,42,0,42,179
10/18/2010,TYR,TX,ASW,CE,Federal Contract Tower,4,21,30,0,55,0,0,40,0,40,4,21,70,0,95,82,0,82,177
10/19/2010,TYR,TX,ASW,CE,Federal Contract Tower,4,21,30,0,55,0,0,42,0,42,4,21,72,0,97,44,0,44,141
10/20/2010,TYR,TX,ASW,CE,Federal Contract Tower,4,19,15,0,38,0,0,60,2,62,4,19,75,2,100,48,0,48,148
10/21/2010,TYR,TX,ASW,CE,Federal Contract Tower,4,23,22,0,49,0,0,67,0,67,4,23,89,0,116,108,0,108,224
10/22/2010,TYR,TX,ASW,CE,Federal Contract Tower,4,21,44,0,69,0,0,33,0,33,4,21,77,0,102,28,0,28,130
10/23/2010,TYR,TX,ASW,CE,Federal Contract Tower,3,14,13,0,30,0,0,21,1,22,3,14,34,1,52,18,4,22,74
10/24/2010,TYR,TX,ASW,CE,Federal Contract Tower,4,20,23,1,48,0,0,7,0,7,4,20,30,1,55,6,0,6,61
10/25/2010,TYR,TX,ASW,CE,Federal Contract Tower,4,20,22,0,46,0,0,24,0,24,4,20,46,0,70,28,0,28,98
10/26/2010,TYR,TX,ASW,CE,Federal Contract Tower,4,18,14,0,36,0,0,77,0,77,4,18,91,0,113,124,0,124,237
10/27/2010,TYR,TX,ASW,CE,Federal Contract Tower,4,18,24,0,46,0,0,68,0,68,4,18,92,0,114,30,0,30,144
10/28/2010,TYR,TX,ASW,CE,Federal Contract Tower,4,20,20,0,44,0,0,55,0,55,4,20,75,0,99,52,0,52,151
10/29/2010,TYR,TX,ASW,CE,Federal Contract Tower,4,22,22,0,48,0,0,74,0,74,4,22,96,0,122,58,0,58,180
10/30/2010,TYR,TX,ASW,CE,Federal Contract Tower,3,13,15,0,31,0,1,63,0,64,3,14,78,0,95,32,0,32,127
10/31/2010,TYR,TX,ASW,CE,Federal Contract Tower,4,13,9,0,26,0,0,57,0,57,4,13,66,0,83,20,0,20,103
11/01/2010,TYR,TX,ASW,CE,Federal Contract Tower,4,20,26,0,50,0,0,23,0,23,4,20,49,0,73,16,0,16,89
11/02/2010,TYR,TX,ASW,CE,Federal Contract Tower,3,20,19,0,42,0,0,0,0,0,3,20,19,0,42,2,0,2,44
11/03/2010,TYR,TX,ASW,CE,Federal Contract Tower,5,17,14,2,38,0,0,1,0,1,5,17,15,2,39,0,0,0,39
11/04/2010,TYR,TX,ASW,CE,Federal Contract Tower,4,20,17,1,42,0,0,61,0,61,4,20,78,1,103,48,0,48,151
11/05/2010,TYR,TX,ASW,CE,Federal Contract Tower,4,19,17,0,40,0,0,80,0,80,4,19,97,0,120,8,0,8,128
11/06/2010,TYR,TX,ASW,CE,Federal Contract Tower,4,14,11,0,29,0,7,77,0,84,4,21,88,0,113,36,0,36,149
11/07/2010,TYR,TX,ASW,CE,Federal Contract Tower,4,13,13,0,30,0,0,71,0,71,4,13,84,0,101,52,0,52,153
11/08/2010,TYR,TX,ASW,CE,Federal Contract Tower,4,20,11,0,35,0,0,60,0,60,4,20,71,0,95,48,0,48,143
11/09/2010,TYR,TX,ASW,CE,Federal Contract Tower,4,24,25,0,53,0,0,88,1,89,4,24,113,1,142,106,0,106,248
11/10/2010,TYR,TX,ASW,CE,Federal Contract Tower,4,18,19,0,41,0,0,29,0,29,4,18,48,0,70,16,0,16,86
11/11/2010,TYR,TX,ASW,CE,Federal Contract Tower,4,16,18,0,38,0,0,30,0,30,4,16,48,0,68,24,0,24,92
11/12/2010,TYR,TX,ASW,CE,Federal Contract Tower,4,24,18,2,48,0,0,28,1,29,4,24,46,3,77,28,8,36,113
11/13/2010,TYR,TX,ASW,CE,Federal Contract Tower,4,11,21,0,36,0,0,46,0,46,4,11,67,0,82,72,0,72,154
11/14/2010,TYR,TX,ASW,CE,Federal Contract Tower,4,13,15,0,32,0,0,84,0,84,4,13,99,0,116,82,0,82,198
11/15/2010,TYR,TX,ASW,CE,Federal Contract Tower,4,13,22,0,39,0,0,17,0,17,4,13,39,0,56,22,0,22,78
11/16/2010,TYR,TX,ASW,CE,Federal Contract Tower,4,21,23,0,48,0,0,61,0,61,4,21,84,0,109,64,0,64,173
11/17/2010,TYR,TX,ASW,CE,Federal Contract Tower,4,18,28,0,50,0,0,83,0,83,4,18,111,0,133,82,0,82,215
11/18/2010,TYR,TX,ASW,CE,Federal Contract Tower,4,24,31,2,61,0,0,78,0,78,4,24,109,2,139,92,0,92,231
11/19/2010,TYR,TX,ASW,CE,Federal Contract Tower,3,25,19,2,49,0,1,67,0,68,3,26,86,2,117,44,0,44,161
11/20/2010,TYR,TX,ASW,CE,Federal Contract Tower,4,15,32,0,51,0,0,37,0,37,4,15,69,0,88,60,0,60,148
11/21/2010,TYR,TX,ASW,CE,Federal Contract Tower,4,20,20,0,44,0,0,40,0,40,4,20,60,0,84,20,0,20,104
11/22/2010,TYR,TX,ASW,CE,Federal Contract Tower,4,18,22,0,44,0,0,11,0,11,4,18,33,0,55,12,0,12,67
11/23/2010,TYR,TX,ASW,CE,Federal Contract Tower,4,19,28,1,52,0,0,60,1,61,4,19,88,2,113,62,0,62,175
11/24/2010,TYR,TX,ASW,CE,Federal Contract Tower,4,20,33,0,57,0,0,32,0,32,4,20,65,0,89,25,0,25,114
11/25/2010,TYR,TX,ASW,CE,Federal Contract Tower,4,7,7,0,18,0,0,3,0,3,4,7,10,0,21,2,0,2,23
11/26/2010,TYR,TX,ASW,CE,Federal Contract Tower,4,14,13,0,31,0,0,45,0,45,4,14,58,0,76,44,0,44,120
11/27/2010,TYR,TX,ASW,CE,Federal Contract Tower,4,13,27,0,44,0,1,62,0,63,4,14,89,0,107,46,0,46,153
11/28/2010,TYR,TX,ASW,CE,Federal Contract Tower,4,18,14,0,36,0,0,49,0,49,4,18,63,0,85,19,0,19,104
11/29/2010,TYR,TX,ASW,CE,Federal Contract Tower,4,20,11,0,35,0,0,14,0,14,4,20,25,0,49,12,0,12,61
11/30/2010,TYR,TX,ASW,CE,Federal Contract Tower,4,18,22,2,46,0,0,39,4,43,4,18,61,6,89,52,0,52,141
12/01/2010,TYR,TX,ASW,CE,Federal Contract Tower,4,16,21,0,41,0,0,61,0,61,4,16,82,0,102,70,0,70,172
12/02/2010,TYR,TX,ASW,CE,Federal Contract Tower,4,24,11,0,39,0,0,57,8,65,4,24,68,8,104,38,0,38,142
12/03/2010,TYR,TX,ASW,CE,Federal Contract Tower,4,17,17,0,38,0,0,96,2,98,4,17,113,2,136,68,0,68,204
12/04/2010,TYR,TX,ASW,CE,Federal Contract Tower,4,12,11,0,27,0,0,55,0,55,4,12,66,0,82,42,0,42,124
12/05/2010,TYR,TX,ASW,CE,Federal Contract Tower,4,13,12,1,30,0,0,52,1,53,4,13,64,2,83,26,0,26,109
12/06/2010,TYR,TX,ASW,CE,Federal Contract Tower,4,19,11,0,34,0,0,49,0,49,4,19,60,0,83,6,0,6,89
12/07/2010,TYR,TX,ASW,CE,Federal Contract Tower,4,20,20,0,44,10,0,56,0,66,14,20,76,0,110,31,0,31,141
12/08/2010,TYR,TX,ASW,CE,Federal Contract Tower,4,19,21,0,44,0,0,39,0,39,4,19,60,0,83,54,0,54,137
12/09/2010,TYR,TX,ASW,CE,Federal Contract Tower,2,15,33,0,50,0,0,58,0,58,2,15,91,0,108,6,0,6,114
12/10/2010,TYR,TX,ASW,CE,Federal Contract Tower,4,21,17,2,44,0,1,49,2,52,4,22,66,4,96,18,6,24,120
12/11/2010,TYR,TX,ASW,CE,Federal Contract Tower,4,15,10,0,29,0,0,30,3,33,4,15,40,3,62,4,0,4,66
12/12/2010,TYR,TX,ASW,CE,Federal Contract Tower,4,12,9,0,25,0,0,37,0,37,4,12,46,0,62,8,0,8,70
12/13/2010,TYR,TX,ASW,CE,Federal Contract Tower,4,21,22,0,47,0,0,48,0,48,4,21,70,0,95,20,0,20,115
12/14/2010,TYR,TX,ASW,CE,Federal Contract Tower,4,24,19,0,47,0,1,58,0,59,4,25,77,0,106,42,0,42,148
12/15/2010,TYR,TX,ASW,CE,Federal Contract Tower,4,16,18,0,38,0,0,35,0,35,4,16,53,0,73,28,0,28,101
12/16/2010,TYR,TX,ASW,CE,Federal Contract Tower,2,27,21,0,50,0,0,45,0,45,2,27,66,0,95,64,0,64,159
12/17/2010,TYR,TX,ASW,CE,Federal Contract Tower,4,18,19,1,42,0,1,62,0,63,4,19,81,1,105,18,2,20,125
12/18/2010,TYR,TX,ASW,CE,Federal Contract Tower,4,13,17,0,34,0,0,88,0,88,4,13,105,0,122,22,0,22,144
12/19/2010,TYR,TX,ASW,CE,Federal Contract Tower,4,11,18,0,33,0,0,53,0,53,4,11,71,0,86,54,0,54,140
12/20/2010,TYR,TX,ASW,CE,Federal Contract Tower,4,25,19,0,48,0,0,6,0,6,4,25,25,0,54,0,0,0,54
12/21/2010,TYR,TX,ASW,CE,Federal Contract Tower,4,20,22,0,46,0,0,46,0,46,4,20,68,0,92,38,0,38,130
12/22/2010,TYR,TX,ASW,CE,Federal Contract Tower,4,21,27,0,52,0,0,25,0,25,4,21,52,0,77,50,0,50,127
12/23/2010,TYR,TX,ASW,CE,Federal Contract Tower,4,24,40,0,68,0,1,45,0,46,4,25,85,0,114,30,0,30,144
12/24/2010,TYR,TX,ASW,CE,Federal Contract Tower,4,18,2,0,24,0,0,5,0,5,4,18,7,0,29,3,0,3,32
12/25/2010,TYR,TX,ASW,CE,Federal Contract Tower,4,9,5,0,18,0,0,12,0,12,4,9,17,0,30,0,0,0,30
12/26/2010,TYR,TX,ASW,CE,Federal Contract Tower,4,11,20,0,35,0,1,52,0,53,4,12,72,0,88,8,0,8,96
12/27/2010,TYR,TX,ASW,CE,Federal Contract Tower,4,25,16,0,45,0,0,53,0,53,4,25,69,0,98,22,0,22,120
12/28/2010,TYR,TX,ASW,CE,Federal Contract Tower,5,26,15,0,46,0,2,2,0,4,5,28,17,0,50,2,0,2,52
12/29/2010,TYR,TX,ASW,CE,Federal Contract Tower,4,20,22,0,46,0,0,12,0,12,4,20,34,0,58,0,0,0,58
12/30/2010,TYR,TX,ASW,CE,Federal Contract Tower,4,20,15,0,39,0,0,19,0,19,4,20,34,0,58,20,0,20,78
12/31/2010,TYR,TX,ASW,CE,Federal Contract Tower,4,11,13,0,28,0,0,31,0,31,4,11,44,0,59,18,0,18,77
01/01/2011,TYR,TX,ASW,CE,Federal Contract Tower,4,7,8,0,19,0,0,28,0,28,4,7,36,0,47,6,0,6,53
01/02/2011,TYR,TX,ASW,CE,Federal Contract Tower,4,11,13,0,28,0,0,14,0,14,4,11,27,0,42,28,0,28,70
01/03/2011,TYR,TX,ASW,CE,Federal Contract Tower,4,23,13,0,40,0,0,63,0,63,4,23,76,0,103,44,0,44,147
01/04/2011,TYR,TX,ASW,CE,Federal Contract Tower,3,17,32,3,55,0,0,42,0,42,3,17,74,3,97,70,4,74,171
01/05/2011,TYR,TX,ASW,CE,Federal Contract Tower,4,19,12,0,35,0,0,37,2,39,4,19,49,2,74,34,0,34,108
01/06/2011,TYR,TX,ASW,CE,Federal Contract Tower,4,20,13,0,37,0,0,103,0,103,4,20,116,0,140,102,0,102,242
01/07/2011,TYR,TX,ASW,CE,Federal Contract Tower,4,25,29,0,58,0,0,102,0,102,4,25,131,0,160,144,0,144,304
01/08/2011,TYR,TX,ASW,CE,Federal Contract Tower,4,9,12,0,25,0,3,72,0,75,4,12,84,0,100,60,0,60,160
01/09/2011,TYR,TX,ASW,CE,Federal Contract Tower,1,7,2,0,10,0,0,1,0,1,1,7,3,0,11,0,0,0,11
01/10/2011,TYR,TX,ASW,CE,Federal Contract Tower,1,21,23,0,45,0,0,1,0,1,1,21,24,0,46,0,0,0,46
01/11/2011,TYR,TX,ASW,CE,Federal Contract Tower,4,21,19,0,44,0,0,35,1,36,4,21,54,1,80,46,0,46,126
01/12/2011,TYR,TX,ASW,CE,Federal Contract Tower,4,24,28,0,56,0,0,35,2,37,4,24,63,2,93,41,0,41,134
01/13/2011,TYR,TX,ASW,CE,Federal Contract Tower,4,26,37,0,67,0,0,51,0,51,4,26,88,0,118,56,0,56,174
01/14/2011,TYR,TX,ASW,CE,Federal Contract Tower,4,23,16,0,43,0,0,67,0,67,4,23,83,0,110,58,0,58,168
01/15/2011,TYR,TX,ASW,CE,Federal Contract Tower,4,13,22,0,39,0,0,0,0,0,4,13,22,0,39,2,0,2,41
01/16/2011,TYR,TX,ASW,CE,Federal Contract Tower,4,13,5,0,22,0,0,0,0,0,4,13,5,0,22,6,0,6,28
01/17/2011,TYR,TX,ASW,CE,Federal Contract Tower,4,18,13,0,35,0,1,0,0,1,4,19,13,0,36,2,0,2,38
01/18/2011,TYR,TX,ASW,CE,Federal Contract Tower,4,20,26,0,50,1,0,16,1,18,5,20,42,1,68,12,0,12,80
01/19/2011,TYR,TX,ASW,CE,Federal Contract Tower,4,20,33,0,57,0,0,34,1,35,4,20,67,1,92,14,0,14,106
01/20/2011,TYR,TX,ASW,CE,Federal Contract Tower,4,20,19,0,43,0,0,5,0,5,4,20,24,0,48,0,0,0,48
01/21/2011,TYR,TX,ASW,CE,Federal Contract Tower,4,20,23,0,47,0,0,92,0,92,4,20,115,0,139,30,0,30,169
01/22/2011,TYR,TX,ASW,CE,Federal Contract Tower,4,9,12,0,25,0,1,106,0,107,4,10,118,0,132,90,0,90,222
01/23/2011,TYR,TX,ASW,CE,Federal Contract Tower,4,11,18,0,33,0,0,33,0,33,4,11,51,0,66,52,0,52,118
01/24/2011,TYR,TX,ASW,CE,Federal Contract Tower,4,22,23,1,50,0,0,62,0,62,4,22,85,1,112,114,0,114,226
01/25/2011,TYR,TX,ASW,CE,Federal Contract Tower,4,17,30,0,51,0,0,39,0,39,4,17,69,0,90,68,0,68,158
01/26/2011,TYR,TX,ASW,CE,Federal Contract Tower,4,16,22,0,42,0,0,53,0,53,4,16,75,0,95,76,0,76,171
01/27/2011,TYR,TX,ASW,CE,Federal Contract Tower,4,20,29,1,54,0,1,92,1,94,4,21,121,2,148,14,0,14,162
01/28/2011,TYR,TX,ASW,CE,Federal Contract Tower,4,19,28,0,51,0,0,112,2,114,4,19,140,2,165,162,0,162,327
01/29/2011,TYR,TX,ASW,CE,Federal Contract Tower,4,11,6,0,21,1,1,89,0,91,5,12,95,0,112,36,0,36,148
01/30/2011,TYR,TX,ASW,CE,Federal Contract Tower,4,14,24,0,42,0,0,10,0,10,4,14,34,0,52,6,0,6,58
01/31/2011,TYR,TX,ASW,CE,Federal Contract Tower,2,21,11,0,34,0,0,0,0,0,2,21,11,0,34,0,0,0,34
02/01/2011,TYR,TX,ASW,CE,Federal Contract Tower,0,6,1,0,7,0,0,4,0,4,0,6,5,0,11,0,0,0,11
02/02/2011,TYR,TX,ASW,CE,Federal Contract Tower,1,13,13,0,27,0,0,33,1,34,1,13,46,1,61,66,0,66,127
02/03/2011,TYR,TX,ASW,CE,Federal Contract Tower,1,18,17,0,36,0,0,21,0,21,1,18,38,0,57,48,0,48,105
02/04/2011,TYR,TX,ASW,CE,Federal Contract Tower,2,6,1,0,9,0,0,5,0,5,2,6,6,0,14,2,0,2,16
02/05/2011,TYR,TX,ASW,CE,Federal Contract Tower,4,12,18,0,34,0,1,40,0,41,4,13,58,0,75,20,0,20,95
02/06/2011,TYR,TX,ASW,CE,Federal Contract Tower,4,14,8,0,26,0,0,21,0,21,4,14,29,0,47,22,0,22,69
02/07/2011,TYR,TX,ASW,CE,Federal Contract Tower,4,21,17,0,42,0,0,25,0,25,4,21,42,0,67,22,0,22,89
02/08/2011,TYR,TX,ASW,CE,Federal Contract Tower,4,18,22,0,44,0,0,84,1,85,4,18,106,1,129,64,2,66,195
02/09/2011,TYR,TX,ASW,CE,Federal Contract Tower,2,11,1,0,14,0,0,3,0,3,2,11,4,0,17,4,0,4,21
02/10/2011,TYR,TX,ASW,CE,Federal Contract Tower,4,24,18,0,46,0,1,32,0,33,4,25,50,0,79,45,0,45,124
02/11/2011,TYR,TX,ASW,CE,Federal Contract Tower,4,20,22,0,46,0,0,84,0,84,4,20,106,0,130,54,0,54,184
02/12/2011,TYR,TX,ASW,CE,Federal Contract Tower,4,10,21,0,35,0,0,92,1,93,4,10,113,1,128,38,0,38,166
02/13/2011,TYR,TX,ASW,CE,Federal Contract Tower,4,13,16,0,33,0,0,47,0,47,4,13,63,0,80,64,0,64,144
02/14/2011,TYR,TX,ASW,CE,Federal Contract Tower,4,15,27,0,46,0,0,50,0,50,4,15,77,0,96,48,0,48,144
02/15/2011,TYR,TX,ASW,CE,Federal Contract Tower,4,21,44,0,69,0,0,49,0,49,4,21,93,0,118,26,0,26,144
02/16/2011,TYR,TX,ASW,CE,Federal Contract Tower,4,21,23,0,48,0,0,27,0,27,4,21,50,0,75,20,0,20,95
02/17/2011,TYR,TX,ASW,CE,Federal Contract Tower,4,24,53,0,81,0,0,60,0,60,4,24,113,0,141,112,0,112,253
02/18/2011,TYR,TX,ASW,CE,Federal Contract Tower,4,21,35,0,60,0,0,27,0,27,4,21,62,0,87,44,0,44,131
02/19/2011,TYR,TX,ASW,CE,Federal Contract Tower,4,10,40,0,54,0,3,53,0,56,4,13,93,0,110,92,0,92,202
02/20/2011,TYR,TX,ASW,CE,Federal Contract Tower,3,13,14,0,30,0,0,19,0,19,3,13,33,0,49,12,0,12,61
02/21/2011,TYR,TX,ASW,CE,Federal Contract Tower,4,19,32,0,55,0,0,46,0,46,4,19,78,0,101,42,0,42,143
02/22/2011,TYR,TX,ASW,CE,Federal Contract Tower,4,19,25,0,48,0,1,81,0,82,4,20,106,0,130,74,0,74,204
02/23/2011,TYR,TX,ASW,CE,Federal Contract Tower,4,17,28,0,49,0,0,21,0,21,4,17,49,0,70,100,0,100,170
02/24/2011,TYR,TX,ASW,CE,Federal Contract Tower,4,20,32,0,56,0,0,12,0,12,4,20,44,0,68,42,0,42,110
02/25/2011,TYR,TX,ASW,CE,Federal Contract Tower,4,15,17,0,36,0,0,68,0,68,4,15,85,0,104,66,0,66,170
02/26/2011,TYR,TX,ASW,CE,Federal Contract Tower,4,12,24,0,40,0,0,10,0,10,4,12,34,0,50,12,0,12,62
02/27/2011,TYR,TX,ASW,CE,Federal Contract Tower,4,13,19,0,36,0,0,14,0,14,4,13,33,0,50,8,0,8,58
02/28/2011,TYR,TX,ASW,CE,Federal Contract Tower,4,24,13,0,41,0,0,47,0,47,4,24,60,0,88,40,0,40,128
03/01/2011,TYR,TX,ASW,CE,Federal Contract Tower,4,19,36,0,59,0,1,122,1,124,4,20,158,1,183,92,0,92,275
03/02/2011,TYR,TX,ASW,CE,Federal Contract Tower,3,16,20,0,39,0,0,96,4,100,3,16,116,4,139,100,0,100,239
03/03/2011,TYR,TX,ASW,CE,Federal Contract Tower,4,22,18,1,45,0,0,72,1,73,4,22,90,2,118,96,0,96,214
03/04/2011,TYR,TX,ASW,CE,Federal Contract Tower,4,21,33,0,58,0,1,26,0,27,4,22,59,0,85,22,0,22,107
03/05/2011,TYR,TX,ASW,CE,Federal Contract Tower,4,12,13,0,29,0,0,22,0,22,4,12,35,0,51,28,0,28,79
03/06/2011,TYR,TX,ASW,CE,Federal Contract Tower,4,16,16,0,36,0,0,71,0,71,4,16,87,0,107,61,0,61,168
03/07/2011,TYR,TX,ASW,CE,Federal Contract Tower,3,20,20,0,43,0,0,46,0,46,3,20,66,0,89,56,0,56,145
03/08/2011,TYR,TX,ASW,CE,Federal Contract Tower,4,20,9,0,33,0,0,10,0,10,4,20,19,0,43,0,0,0,43
03/09/2011,TYR,TX,ASW,CE,Federal Contract Tower,3,23,17,0,43,0,0,54,0,54,3,23,71,0,97,44,0,44,141
03/10/2011,TYR,TX,ASW,CE,Federal Contract Tower,4,24,15,0,43,0,0,100,4,104,4,24,115,4,147,112,0,112,259
03/11/2011,TYR,TX,ASW,CE,Federal Contract Tower,2,23,24,4,53,0,0,64,0,64,2,23,88,4,117,18,2,20,137
03/12/2011,TYR,TX,ASW,CE,Federal Contract Tower,3,12,17,0,32,0,0,108,0,108,3,12,125,0,140,28,0,28,168
03/13/2011,TYR,TX,ASW,CE,Federal Contract Tower,4,13,32,0,49,0,0,62,0,62,4,13,94,0,111,10,0,10,121
03/14/2011,TYR,TX,ASW,CE,Federal Contract Tower,4,15,13,0,32,0,0,13,0,13,4,15,26,0,45,8,0,8,53
03/15/2011,TYR,TX,ASW,CE,Federal Contract Tower,4,18,15,0,37,0,1,78,0,79,4,19,93,0,116,120,0,120,236
03/16/2011,TYR,TX,ASW,CE,Federal Contract Tower,4,13,27,0,44,0,0,52,1,53,4,13,79,1,97,68,0,68,165
03/17/2011,TYR,TX,ASW,CE,Federal Contract Tower,3,20,38,0,61,0,0,43,2,45,3,20,81,2,106,26,0,26,132
03/18/2011,TYR,TX,ASW,CE,Federal Contract Tower,4,19,28,0,51,0,0,77,0,77,4,19,105,0,128,28,0,28,156
03/19/2011,TYR,TX,ASW,CE,Federal Contract Tower,2,15,21,1,39,0,0,73,0,73,2,15,94,1,112,42,0,42,154
03/20/2011,TYR,TX,ASW,CE,Federal Contract Tower,4,14,10,1,29,0,0,36,0,36,4,14,46,1,65,16,0,16,81
03/21/2011,TYR,TX,ASW,CE,Federal Contract Tower,2,13,24,0,39,0,1,53,0,54,2,14,77,0,93,50,0,50,143
03/22/2011,TYR,TX,ASW,CE,Federal Contract Tower,4,11,24,0,39,0,1,25,0,26,4,12,49,0,65,24,0,24,89
03/23/2011,TYR,TX,ASW,CE,Federal Contract Tower,4,16,19,0,39,0,1,61,0,62,4,17,80,0,101,112,0,112,213
03/24/2011,TYR,TX,ASW,CE,Federal Contract Tower,3,27,16,0,46,0,0,92,0,92,3,27,108,0,138,106,0,106,244
03/25/2011,TYR,TX,ASW,CE,Federal Contract Tower,4,18,27,0,49,0,0,32,0,32,4,18,59,0,81,18,0,18,99
03/26/2011,TYR,TX,ASW,CE,Federal Contract Tower,4,10,13,0,27,0,1,46,0,47,4,11,59,0,74,36,0,36,110
03/27/2011,TYR,TX,ASW,CE,Federal Contract Tower,4,13,29,0,46,0,0,22,0,22,4,13,51,0,68,36,0,36,104
03/28/2011,TYR,TX,ASW,CE,Federal Contract Tower,1,20,40,0,61,0,0,21,0,21,1,20,61,0,82,58,0,58,140
03/29/2011,TYR,TX,ASW,CE,Federal Contract Tower,3,21,36,2,62,0,0,13,0,13,3,21,49,2,75,56,0,56,131
03/30/2011,TYR,TX,ASW,CE,Federal Contract Tower,4,17,24,0,45,0,1,21,0,22,4,18,45,0,67,56,0,56,123
03/31/2011,TYR,TX,ASW,CE,Federal Contract Tower,3,16,21,0,40,0,0,103,0,103,3,16,124,0,143,134,0,134,277
04/01/2011,TYR,TX,ASW,CE,Federal Contract Tower,4,21,17,0,42,0,1,72,0,73,4,22,89,0,115,38,0,38,153
04/02/2011,TYR,TX,ASW,CE,Federal Contract Tower,4,11,14,0,29,0,1,87,0,88,4,12,101,0,117,48,0,48,165
04/03/2011,TYR,TX,ASW,CE,Federal Contract Tower,4,12,22,0,38,0,0,40,0,40,4,12,62,0,78,32,0,32,110
04/04/2011,TYR,TX,ASW,CE,Federal Contract Tower,5,14,7,0,26,0,2,18,0,20,5,16,25,0,46,12,0,12,58
04/05/2011,TYR,TX,ASW,CE,Federal Contract Tower,3,21,28,0,52,0,1,120,0,121,3,22,148,0,173,128,0,128,301
04/06/2011,TYR,TX,ASW,CE,Federal Contract Tower,2,18,9,0,29,0,2,36,0,38,2,20,45,0,67,18,0,18,85
04/07/2011,TYR,TX,ASW,CE,Federal Contract Tower,2,21,26,0,49,0,1,33,0,34,2,22,59,0,83,68,0,68,151
04/08/2011,TYR,TX,ASW,CE,Federal Contract Tower,2,23,22,0,47,0,1,46,0,47,2,24,68,0,94,60,0,60,154
04/09/2011,TYR,TX,ASW,CE,Federal Contract Tower,2,16,4,0,22,0,0,59,0,59,2,16,63,0,81,78,0,78,159
04/10/2011,TYR,TX,ASW,CE,Federal Contract Tower,2,12,6,0,20,0,0,22,0,22,2,12,28,0,42,18,0,18,60
04/11/2011,TYR,TX,ASW,CE,Federal Contract Tower,2,19,18,0,39,0,1,48,0,49,2,20,66,0,88,14,0,14,102
04/12/2011,TYR,TX,ASW,CE,Federal Contract Tower,2,18,19,0,39,0,1,93,0,94,2,19,112,0,133,86,0,86,219
04/13/2011,TYR,TX,ASW,CE,Federal Contract Tower,2,21,12,0,35,0,1,32,0,33,2,22,44,0,68,60,0,60,128
04/14/2011,TYR,TX,ASW,CE,Federal Contract Tower,2,27,35,0,64,0,5,31,0,36,2,32,66,0,100,50,0,50,150
04/15/2011,TYR,TX,ASW,CE,Federal Contract Tower,2,18,15,0,35,0,1,41,2,44,2,19,56,2,79,16,0,16,95
04/16/2011,TYR,TX,ASW,CE,Federal Contract Tower,2,14,7,0,23,0,0,72,0,72,2,14,79,0,95,28,0,28,123
04/17/2011,TYR,TX,ASW,CE,Federal Contract Tower,2,16,3,0,21,0,0,38,0,38,2,16,41,0,59,10,0,10,69
04/18/2011,TYR,TX,ASW,CE,Federal Contract Tower,2,26,17,0,45,0,1,21,0,22,2,27,38,0,67,12,0,12,79
04/19/2011,TYR,TX,ASW,CE,Federal Contract Tower,2,20,28,0,50,0,1,31,0,32,2,21,59,0,82,40,0,40,122
04/20/2011,TYR,TX,ASW,CE,Federal Contract Tower,2,21,20,0,43,0,1,21,0,22,2,22,41,0,65,24,0,24,89
04/21/2011,TYR,TX,ASW,CE,Federal Contract Tower,2,24,31,0,57,0,0,24,0,24,2,24,55,0,81,10,0,10,91
04/22/2011,TYR,TX,ASW,CE,Federal Contract Tower,2,22,13,0,37,0,3,25,0,28,2,25,38,0,65,0,0,0,65
04/23/2011,TYR,TX,ASW,CE,Federal Contract Tower,2,12,16,0,30,0,0,56,0,56,2,12,72,0,86,30,0,30,116
04/24/2011,TYR,TX,ASW,CE,Federal Contract Tower,2,21,16,0,39,0,0,20,0,20,2,21,36,0,59,4,0,4,63
04/25/2011,TYR,TX,ASW,CE,Federal Contract Tower,0,17,18,0,35,0,4,0,0,4,0,21,18,0,39,4,0,4,43
04/26/2011,TYR,TX,ASW,CE,Federal Contract Tower,2,20,27,0,49,0,0,3,0,3,2,20,30,0,52,17,0,17,69
04/27/2011,TYR,TX,ASW,CE,Federal Contract Tower,2,28,30,3,63,0,1,36,2,39,2,29,66,5,102,0,0,0,102
04/28/2011,TYR,TX,ASW,CE,Federal Contract Tower,2,19,32,0,53,0,3,120,4,127,2,22,152,4,180,90,0,90,270
04/29/2011,TYR,TX,ASW,CE,Federal Contract Tower,2,20,20,0,42,0,1,84,0,85,2,21,104,0,127,36,0,36,163
04/30/2011,TYR,TX,ASW,CE,Federal Contract Tower,2,13,16,0,31,0,0,17,0,17,2,13,33,0,48,0,0,0,48
05/01/2011,TYR,TX,ASW,CE,Federal Contract Tower,0,15,20,0,35,0,0,14,0,14,0,15,34,0,49,22,0,22,71
05/02/2011,TYR,TX,ASW,CE,Federal Contract Tower,2,20,11,0,33,0,0,0,0,0,2,20,11,0,33,0,0,0,33
05/03/2011,TYR,TX,ASW,CE,Federal Contract Tower,2,16,15,0,33,0,1,12,0,13,2,17,27,0,46,78,0,78,124
05/04/2011,TYR,TX,ASW,CE,Federal Contract Tower,2,20,15,0,37,0,1,106,0,107,2,21,121,0,144,80,0,80,224
05/05/2011,TYR,TX,ASW,CE,Federal Contract Tower,2,19,31,0,52,0,1,84,0,85,2,20,115,0,137,116,0,116,253
05/06/2011,TYR,TX,ASW,CE,Federal Contract Tower,2,23,19,0,44,0,2,70,0,72,2,25,89,0,116,76,0,76,192
05/07/2011,TYR,TX,ASW,CE,Federal Contract Tower,2,14,22,0,38,0,0,60,0,60,2,14,82,0,98,32,0,32,130
05/08/2011,TYR,TX,ASW,CE,Federal Contract Tower,2,13,15,0,30,0,0,44,0,44,2,13,59,0,74,24,0,24,98
05/09/2011,TYR,TX,ASW,CE,Federal Contract Tower,2,16,19,0,37,0,5,39,0,44,2,21,58,0,81,58,0,58,139
05/10/2011,TYR,TX,ASW,CE,Federal Contract Tower,2,17,29,0,48,0,14,21,2,37,2,31,50,2,85,34,0,34,119
05/11/2011,TYR,TX,ASW,CE,Federal Contract Tower,1,18,23,0,42,0,1,24,0,25,1,19,47,0,67,32,0,32,99
05/12/2011,TYR,TX,ASW,CE,Federal Contract Tower,2,14,16,6,38,0,2,44,0,46,2,16,60,6,84,18,0,18,102
05/13/2011,TYR,TX,ASW,CE,Federal Contract Tower,2,19,22,0,43,0,2,69,0,71,2,21,91,0,114,6,0,6,120
05/14/2011,TYR,TX,ASW,CE,Federal Contract Tower,2,13,16,0,31,0,1,45,0,46,2,14,61,0,77,12,0,12,89
05/15/2011,TYR,TX,ASW,CE,Federal Contract Tower,2,14,16,0,32,0,0,71,0,71,2,14,87,0,103,84,0,84,187
05/16/2011,TYR,TX,ASW,CE,Federal Contract Tower,2,23,18,0,43,0,1,73,0,74,2,24,91,0,117,50,0,50,167
05/17/2011,TYR,TX,ASW,CE,Federal Contract Tower,2,21,23,0,46,0,0,32,0,32,2,21,55,0,78,80,0,80,158
05/18/2011,TYR,TX,ASW,CE,Federal Contract Tower,2,22,25,0,49,0,1,63,0,64,2,23,88,0,113,72,0,72,185
05/19/2011,TYR,TX,ASW,CE,Federal Contract Tower,2,29,28,4,63,0,1,25,0,26,2,30,53,4,89,26,2,28,117
05/20/2011,TYR,TX,ASW,CE,Federal Contract Tower,0,23,18,0,41,0,0,2,0,2,0,23,20,0,43,6,0,6,49
05/21/2011,TYR,TX,ASW,CE,Federal Contract Tower,4,15,18,0,37,0,4,7,0,11,4,19,25,0,48,26,0,26,74
05/22/2011,TYR,TX,ASW,CE,Federal Contract Tower,2,20,20,0,42,0,0,30,0,30,2,20,50,0,72,12,0,12,84
05/23/2011,TYR,TX,ASW,CE,Federal Contract Tower,2,25,29,0,56,0,1,56,0,57,2,26,85,0,113,34,0,34,147
05/24/2011,TYR,TX,ASW,CE,Federal Contract Tower,2,23,11,0,36,0,1,53,2,56,2,24,64,2,92,54,0,54,146
05/25/2011,TYR,TX,ASW,CE,Federal Contract Tower,2,21,39,0,62,0,1,50,2,53,2,22,89,2,115,24,0,24,139
05/26/2011,TYR,TX,ASW,CE,Federal Contract Tower,2,22,21,2,47,0,1,101,0,102,2,23,122,2,149,100,0,100,249
05/27/2011,TYR,TX,ASW,CE,Federal Contract Tower,2,21,20,0,43,0,2,69,0,71,2,23,89,0,114,76,0,76,190
05/28/2011,TYR,TX,ASW,CE,Federal Contract Tower,2,17,11,0,30,0,1,51,0,52,2,18,62,0,82,16,0,16,98
05/29/2011,TYR,TX,ASW,CE,Federal Contract Tower,2,9,7,0,18,0,0,30,0,30,2,9,37,0,48,8,0,8,56
05/30/2011,TYR,TX,ASW,CE,Federal Contract Tower,2,17,18,0,37,0,0,42,0,42,2,17,60,0,79,74,0,74,153
05/31/2011,TYR,TX,ASW,CE,Federal Contract Tower,2,25,19,0,46,0,0,55,0,55,2,25,74,0,101,24,0,24,125
06/01/2011,TYR,TX,ASW,CE,Federal Contract Tower,2,16,12,0,30,0,3,60,0,63,2,19,72,0,93,76,0,76,169
06/02/2011,TYR,TX,ASW,CE,Federal Contract Tower,2,21,14,0,37,0,2,93,0,95,2,23,107,0,132,74,0,74,206
06/03/2011,TYR,TX,ASW,CE,Federal Contract Tower,2,20,17,2,41,0,1,86,0,87,2,21,103,2,128,32,0,32,160
06/04/2011,TYR,TX,ASW,CE,Federal Contract Tower,2,15,8,1,26,0,0,88,0,88,2,15,96,1,114,30,0,30,144
06/05/2011,TYR,TX,ASW,CE,Federal Contract Tower,2,17,26,0,45,0,0,56,0,56,2,17,82,0,101,32,0,32,133
06/06/2011,TYR,TX,ASW,CE,Federal Contract Tower,2,18,22,1,43,0,2,58,0,60,2,20,80,1,103,48,0,48,151
06/07/2011,TYR,TX,ASW,CE,Federal Contract Tower,2,18,16,0,36,0,2,50,0,52,2,20,66,0,88,78,0,78,166
06/08/2011,TYR,TX,ASW,CE,Federal Contract Tower,2,16,14,0,32,0,4,51,0,55,2,20,65,0,87,24,0,24,111
06/09/2011,TYR,TX,ASW,CE,Federal Contract Tower,2,18,15,0,35,0,3,50,0,53,2,21,65,0,88,20,0,20,108
06/10/2011,TYR,TX,ASW,CE,Federal Contract Tower,3,17,7,0,27,0,3,43,0,46,3,20,50,0,73,52,0,52,125
06/11/2011,TYR,TX,ASW,CE,Federal Contract Tower,2,13,21,0,36,0,1,79,0,80,2,14,100,0,116,42,0,42,158
06/12/2011,TYR,TX,ASW,CE,Federal Contract Tower,2,15,15,1,33,0,0,56,0,56,2,15,71,1,89,10,0,10,99
06/13/2011,TYR,TX,ASW,CE,Federal Contract Tower,2,17,16,0,35,0,2,61,0,63,2,19,77,0,98,34,0,34,132
06/14/2011,TYR,TX,ASW,CE,Federal Contract Tower,2,20,20,0,42,0,2,61,0,63,2,22,81,0,105,26,0,26,131
06/15/2011,TYR,TX,ASW,CE,Federal Contract Tower,2,19,18,0,39,0,2,58,0,60,2,21,76,0,99,10,0,10,109
06/16/2011,TYR,TX,ASW,CE,Federal Contract Tower,2,19,18,0,39,0,3,79,0,82,2,22,97,0,121,72,0,72,193
06/17/2011,TYR,TX,ASW,CE,Federal Contract Tower,2,18,25,0,45,0,0,56,0,56,2,18,81,0,101,22,0,22,123
06/18/2011,TYR,TX,ASW,CE,Federal Contract Tower,2,19,12,0,33,0,0,29,0,29,2,19,41,0,62,12,0,12,74
06/19/2011,TYR,TX,ASW,CE,Federal Contract Tower,2,14,16,0,32,0,0,38,2,40,2,14,54,2,72,4,0,4,76
06/20/2011,TYR,TX,ASW,CE,Federal Contract Tower,2,21,12,0,35,0,2,38,0,40,2,23,50,0,75,18,0,18,93
06/21/2011,TYR,TX,ASW,CE,Federal Contract Tower,0,25,17,0,42,0,0,19,0,19,0,25,36,0,61,6,0,6,67
06/22/2011,TYR,TX,ASW,CE,Federal Contract Tower,2,19,19,0,40,0,2,67,0,69,2,21,86,0,109,124,0,124,233
06/23/2011,TYR,TX,ASW,CE,Federal Contract Tower,2,15,22,0,39,0,7,58,0,65,2,22,80,0,104,8,0,8,112
06/24/2011,TYR,TX,ASW,CE,Federal Contract Tower,2,17,27,0,46,0,7,87,0,94,2,24,114,0,140,28,0,28,168
06/25/2011,TYR,TX,ASW,CE,Federal Contract Tower,2,19,29,0,50,0,1,55,0,56,2,20,84,0,106,30,0,30,136
06/26/2011,TYR,TX,ASW,CE,Federal Contract Tower,2,12,11,0,25,0,0,39,0,39,2,12,50,0,64,14,0,14,78
06/27/2011,TYR,TX,ASW,CE,Federal Contract Tower,2,19,13,0,34,0,9,48,0,57,2,28,61,0,91,16,0,16,107
06/28/2011,TYR,TX,ASW,CE,Federal Contract Tower,2,18,11,0,31,0,2,76,0,78,2,20,87,0,109,36,0,36,145
06/29/2011,TYR,TX,ASW,CE,Federal Contract Tower,2,18,25,0,45,0,6,70,0,76,2,24,95,0,121,44,0,44,165
06/30/2011,TYR,TX,ASW,CE,Federal Contract Tower,2,17,22,2,43,0,5,50,6,61,2,22,72,8,104,10,0,10,114
07/01/2011,TYR,TX,ASW,CE,Federal Contract Tower,0,22,13,0,35,0,3,75,3,81,0,25,88,3,116,62,0,62,178
07/02/2011,TYR,TX,ASW,CE,Federal Contract Tower,1,12,5,0,18,0,1,77,4,82,1,13,82,4,100,12,0,12,112
07/03/2011,TYR,TX,ASW,CE,Federal Contract Tower,3,7,8,1,19,0,0,62,1,63,3,7,70,2,82,18,6,24,106
07/04/2011,TYR,TX,ASW,CE,Federal Contract Tower,2,13,1,0,16,0,0,32,0,32,2,13,33,0,48,14,0,14,62
07/05/2011,TYR,TX,ASW,CE,Federal Contract Tower,2,20,10,1,33,0,4,58,0,62,2,24,68,1,95,38,0,38,133
07/06/2011,TYR,TX,ASW,CE,Federal Contract Tower,2,22,14,0,38,0,2,30,2,34,2,24,44,2,72,28,0,28,100
07/07/2011,TYR,TX,ASW,CE,Federal Contract Tower,2,18,15,0,35,0,4,51,0,55,2,22,66,0,90,68,0,68,158
07/08/2011,TYR,TX,ASW,CE,Federal Contract Tower,2,21,7,0,30,0,1,43,0,44,2,22,50,0,74,6,0,6,80
07/09/2011,TYR,TX,ASW,CE,Federal Contract Tower,2,10,14,0,26,0,0,55,0,55,2,10,69,0,81,20,0,20,101
07/10/2011,TYR,TX,ASW,CE,Federal Contract Tower,2,12,21,0,35,0,0,70,0,70,2,12,91,0,105,26,0,26,131
07/11/2011,TYR,TX,ASW,CE,Federal Contract Tower,2,20,1,2,25,0,2,43,1,46,2,22,44,3,71,20,0,20,91
07/12/2011,TYR,TX,ASW,CE,Federal Contract Tower,2,20,17,3,42,0,0,61,7,68,2,20,78,10,110,44,0,44,154
07/13/2011,TYR,TX,ASW,CE,Federal Contract Tower,2,21,16,0,39,0,2,46,7,55,2,23,62,7,94,14,0,14,108
07/14/2011,TYR,TX,ASW,CE,Federal Contract Tower,2,24,20,0,46,0,4,45,1,50,2,28,65,1,96,6,0,6,102
07/15/2011,TYR,TX,ASW,CE,Federal Contract Tower,2,17,12,0,31,0,0,53,4,57,2,17,65,4,88,36,0,36,124
07/16/2011,TYR,TX,ASW,CE,Federal Contract Tower,2,13,14,0,29,0,1,53,0,54,2,14,67,0,83,24,0,24,107
07/17/2011,TYR,TX,ASW,CE,Federal Contract Tower,2,17,19,0,38,0,0,54,0,54,2,17,73,0,92,8,0,8,100
07/18/2011,TYR,TX,ASW,CE,Federal Contract Tower,2,20,16,0,38,0,3,24,0,27,2,23,40,0,65,20,0,20,85
07/19/2011,TYR,TX,ASW,CE,Federal Contract Tower,2,23,13,0,38,0,2,37,0,39,2,25,50,0,77,16,0,16,93
07/20/2011,TYR,TX,ASW,CE,Federal Contract Tower,2,22,13,0,37,0,1,43,0,44,2,23,56,0,81,104,0,104,185
07/21/2011,TYR,TX,ASW,CE,Federal Contract Tower,2,19,18,0,39,0,1,57,0,58,2,20,75,0,97,85,0,85,182
07/22/2011,TYR,TX,ASW,CE,Federal Contract Tower,2,19,9,0,30,0,0,72,0,72,2,19,81,0,102,62,0,62,164
07/23/2011,TYR,TX,ASW,CE,Federal Contract Tower,2,11,13,0,26,0,0,55,0,55,2,11,68,0,81,40,0,40,121
07/24/2011,TYR,TX,ASW,CE,Federal Contract Tower,2,13,9,0,24,0,0,34,0,34,2,13,43,0,58,2,0,2,60
07/25/2011,TYR,TX,ASW,CE,Federal Contract Tower,2,26,9,2,39,0,1,56,2,59,2,27,65,4,98,68,2,70,168
07/26/2011,TYR,TX,ASW,CE,Federal Contract Tower,2,27,26,0,55,0,3,52,0,55,2,30,78,0,110,46,0,46,156
07/27/2011,TYR,TX,ASW,CE,Federal Contract Tower,2,19,7,0,28,0,2,45,0,47,2,21,52,0,75,0,0,0,75
07/28/2011,TYR,TX,ASW,CE,Federal Contract Tower,2,22,18,0,42,0,2,31,0,33,2,24,49,0,75,16,0,16,91
07/29/2011,TYR,TX,ASW,CE,Federal Contract Tower,2,16,19,0,37,0,1,56,0,57,2,17,75,0,94,32,0,32,126
07/30/2011,TYR,TX,ASW,CE,Federal Contract Tower,2,13,16,0,31,0,5,53,0,58,2,18,69,0,89,20,0,20,109
07/31/2011,TYR,TX,ASW,CE,Federal Contract Tower,2,17,14,0,33,0,1,38,0,39,2,18,52,0,72,12,0,12,84
08/01/2011,TYR,TX,ASW,CE,Federal Contract Tower,2,23,17,0,42,0,2,51,0,53,2,25,68,0,95,42,0,42,137
08/02/2011,TYR,TX,ASW,CE,Federal Contract Tower,2,15,14,2,33,0,2,46,4,52,2,17,60,6,85,22,2,24,109
08/03/2011,TYR,TX,ASW,CE,Federal Contract Tower,2,16,8,0,26,0,6,24,6,36,2,22,32,6,62,30,0,30,92
08/04/2011,TYR,TX,ASW,CE,Federal Contract Tower,2,18,18,0,38,0,12,43,4,59,2,30,61,4,97,12,0,12,109
08/05/2011,TYR,TX,ASW,CE,Federal Contract Tower,2,15,16,0,33,0,12,32,0,44,2,27,48,0,77,32,0,32,109
08/06/2011,TYR,TX,ASW,CE,Federal Contract Tower,2,11,10,4,27,0,1,50,2,53,2,12,60,6,80,6,0,6,86
08/07/2011,TYR,TX,ASW,CE,Federal Contract Tower,2,12,9,0,23,0,0,21,0,21,2,12,30,0,44,6,0,6,50
08/08/2011,TYR,TX,ASW,CE,Federal Contract Tower,2,17,9,0,28,0,3,35,0,38,2,20,44,0,66,18,0,18,84
08/09/2011,TYR,TX,ASW,CE,Federal Contract Tower,2,18,29,0,49,0,2,27,0,29,2,20,56,0,78,16,0,16,94
08/10/2011,TYR,TX,ASW,CE,Federal Contract Tower,4,18,16,0,38,0,2,46,0,48,4,20,62,0,86,34,0,34,120
08/11/2011,TYR,TX,ASW,CE,Federal Contract Tower,3,25,16,0,44,0,1,26,0,27,3,26,42,0,71,6,0,6,77
08/12/2011,TYR,TX,ASW,CE,Federal Contract Tower,2,15,14,0,31,0,2,43,0,45,2,17,57,0,76,12,0,12,88
08/13/2011,TYR,TX,ASW,CE,Federal Contract Tower,2,10,19,0,31,0,3,34,0,37,2,13,53,0,68,70,0,70,138
08/14/2011,TYR,TX,ASW,CE,Federal Contract Tower,2,17,9,0,28,0,0,31,0,31,2,17,40,0,59,8,0,8,67
08/15/2011,TYR,TX,ASW,CE,Federal Contract Tower,2,17,16,0,35,0,1,51,0,52,2,18,67,0,87,16,0,16,103
08/16/2011,TYR,TX,ASW,CE,Federal Contract Tower,2,15,22,0,39,0,1,30,0,31,2,16,52,0,70,8,0,8,78
08/17/2011,TYR,TX,ASW,CE,Federal Contract Tower,2,20,12,0,34,0,2,32,0,34,2,22,44,0,68,0,0,0,68
08/18/2011,TYR,TX,ASW,CE,Federal Contract Tower,2,23,14,0,39,0,0,45,0,45,2,23,59,0,84,36,0,36,120
08/19/2011,TYR,TX,ASW,CE,Federal Contract Tower,2,19,14,0,35,0,3,44,2,49,2,22,58,2,84,32,0,32,116
08/20/2011,TYR,TX,ASW,CE,Federal Contract Tower,2,14,4,0,20,0,1,69,0,70,2,15,73,0,90,22,0,22,112
08/21/2011,TYR,TX,ASW,CE,Federal Contract Tower,2,15,14,0,31,0,0,53,0,53,2,15,67,0,84,36,0,36,120
08/22/2011,TYR,TX,ASW,CE,Federal Contract Tower,2,18,11,0,31,0,0,35,0,35,2,18,46,0,66,14,0,14,80
08/23/2011,TYR,TX,ASW,CE,Federal Contract Tower,2,17,10,0,29,0,2,47,0,49,2,19,57,0,78,6,0,6,84
08/24/2011,TYR,TX,ASW,CE,Federal Contract Tower,2,16,26,0,44,0,3,46,0,49,2,19,72,0,93,34,0,34,127
08/25/2011,TYR,TX,ASW,CE,Federal Contract Tower,2,18,18,0,38,0,4,47,0,51,2,22,65,0,89,64,0,64,153
08/26/2011,TYR,TX,ASW,CE,Federal Contract Tower,2,17,9,0,28,0,3,47,0,50,2,20,56,0,78,28,0,28,106
08/27/2011,TYR,TX,ASW,CE,Federal Contract Tower,0,10,5,0,15,0,2,48,0,50,0,12,53,0,65,12,0,12,77
08/28/2011,TYR,TX,ASW,CE,Federal Contract Tower,2,11,11,0,24,0,0,30,0,30,2,11,41,0,54,32,0,32,86
08/29/2011,TYR,TX,ASW,CE,Federal Contract Tower,2,22,17,1,42,0,2,26,0,28,2,24,43,1,70,6,0,6,76
08/30/2011,TYR,TX,ASW,CE,Federal Contract Tower,2,19,22,0,43,0,2,62,2,66,2,21,84,2,109,46,0,46,155
08/31/2011,TYR,TX,ASW,CE,Federal Contract Tower,2,22,18,0,42,0,1,54,4,59,2,23,72,4,101,42,2,44,145
09/01/2011,TYR,TX,ASW,CE,Federal Contract Tower,2,18,19,0,39,0,2,44,0,46,2,20,63,0,85,44,0,44,129
09/02/2011,TYR,TX,ASW,CE,Federal Contract Tower,2,16,22,0,40,0,3,64,0,67,2,19,86,0,107,60,0,60,167
09/03/2011,TYR,TX,ASW,CE,Federal Contract Tower,0,12,12,0,24,0,1,66,0,67,0,13,78,0,91,18,0,18,109
09/04/2011,TYR,TX,ASW,CE,Federal Contract Tower,2,10,14,0,26,0,2,17,0,19,2,12,31,0,45,0,0,0,45
09/05/2011,TYR,TX,ASW,CE,Federal Contract Tower,0,13,17,0,30,0,0,30,0,30,0,13,47,0,60,6,0,6,66
09/06/2011,TYR,TX,ASW,CE,Federal Contract Tower,2,13,14,0,29,0,3,43,0,46,2,16,57,0,75,6,0,6,81
09/07/2011,TYR,TX,ASW,CE,Federal Contract Tower,2,22,12,0,36,0,3,48,0,51,2,25,60,0,87,16,0,16,103
09/08/2011,TYR,TX,ASW,CE,Federal Contract Tower,2,19,22,2,45,0,0,48,5,53,2,19,70,7,98,24,22,46,144
09/09/2011,TYR,TX,ASW,CE,Federal Contract Tower,2,17,21,0,40,0,1,60,1,62,2,18,81,1,102,104,0,104,206
09/10/2011,TYR,TX,ASW,CE,Federal Contract Tower,0,12,16,0,28,0,0,77,0,77,0,12,93,0,105,30,0,30,135
09/11/2011,TYR,TX,ASW,CE,Federal Contract Tower,2,13,8,0,23,0,0,49,0,49,2,13,57,0,72,18,0,18,90
09/12/2011,TYR,TX,ASW,CE,Federal Contract Tower,2,21,15,0,38,0,2,46,2,50,2,23,61,2,88,4,0,4,92
09/13/2011,TYR,TX,ASW,CE,Federal Contract Tower,2,22,20,0,44,0,2,56,0,58,2,24,76,0,102,30,0,30,132
09/14/2011,TYR,TX,ASW,CE,Federal Contract Tower,0,21,12,2,35,0,2,27,0,29,0,23,39,2,64,30,0,30,94
09/15/2011,TYR,TX,ASW,CE,Federal Contract Tower,2,25,25,0,52,0,0,32,0,32,2,25,57,0,84,6,0,6,90
09/16/2011,TYR,TX,ASW,CE,Federal Contract Tower,4,25,11,0,40,0,7,51,0,58,4,32,62,0,98,34,0,34,132
09/17/2011,TYR,TX,ASW,CE,Federal Contract Tower,0,15,11,0,26,0,0,42,0,42,0,15,53,0,68,72,0,72,140
09/18/2011,TYR,TX,ASW,CE,Federal Contract Tower,2,16,18,0,36,0,0,34,0,34,2,16,52,0,70,4,0,4,74
09/19/2011,TYR,TX,ASW,CE,Federal Contract Tower,2,22,13,5,42,0,2,24,0,26,2,24,37,5,68,8,8,16,84
09/20/2011,TYR,TX,ASW,CE,Federal Contract Tower,2,17,20,1,40,0,4,88,2,94,2,21,108,3,134,60,0,60,194
09/21/2011,TYR,TX,ASW,CE,Federal Contract Tower,2,17,20,0,39,0,3,57,0,60,2,20,77,0,99,52,0,52,151
09/22/2011,TYR,TX,ASW,CE,Federal Contract Tower,2,20,13,1,36,0,2,40,0,42,2,22,53,1,78,0,0,0,78
09/23/2011,TYR,TX,ASW,CE,Federal Contract Tower,2,16,11,0,29,0,2,47,0,49,2,18,58,0,78,20,0,20,98
09/24/2011,TYR,TX,ASW,CE,Federal Contract Tower,0,15,8,0,23,0,2,63,0,65,0,17,71,0,88,24,0,24,112
09/25/2011,TYR,TX,ASW,CE,Federal Contract Tower,2,14,14,0,30,0,0,41,0,41,2,14,55,0,71,0,0,0,71
09/26/2011,TYR,TX,ASW,CE,Federal Contract Tower,2,17,13,0,32,0,2,54,0,56,2,19,67,0,88,50,0,50,138
09/27/2011,TYR,TX,ASW,CE,Federal Contract Tower,2,16,16,0,34,0,2,59,0,61,2,18,75,0,95,28,0,28,123
09/28/2011,TYR,TX,ASW,CE,Federal Contract Tower,2,18,9,0,29,0,2,50,0,52,2,20,59,0,81,14,0,14,95
09/29/2011,TYR,TX,ASW,CE,Federal Contract Tower,2,21,18,0,41,0,1,52,0,53,2,22,70,0,94,2,0,2,96
09/30/2011,TYR,TX,ASW,CE,Federal Contract Tower,2,23,20,0,45,0,2,71,0,73,2,25,91,0,118,66,0,66,184
10/01/2011,TYR,TX,ASW,CE,Federal Contract Tower,0,15,9,0,24,0,0,73,0,73,0,15,82,0,97,12,0,12,109
10/02/2011,TYR,TX,ASW,CE,Federal Contract Tower,2,13,13,0,28,0,0,54,0,54,2,13,67,0,82,34,0,34,116
10/03/2011,TYR,TX,ASW,CE,Federal Contract Tower,2,15,21,0,38,0,2,73,0,75,2,17,94,0,113,38,0,38,151
10/04/2011,TYR,TX,ASW,CE,Federal Contract Tower,2,23,17,0,42,0,0,58,0,58,2,23,75,0,100,24,0,24,124
10/05/2011,TYR,TX,ASW,CE,Federal Contract Tower,0,21,19,2,42,0,7,46,0,53,0,28,65,2,95,12,0,12,107
10/06/2011,TYR,TX,ASW,CE,Federal Contract Tower,2,18,32,0,52,0,2,60,0,62,2,20,92,0,114,16,0,16,130
10/07/2011,TYR,TX,ASW,CE,Federal Contract Tower,2,17,22,0,41,0,1,30,0,31,2,18,52,0,72,8,0,8,80
10/08/2011,TYR,TX,ASW,CE,Federal Contract Tower,0,12,12,0,24,0,0,38,0,38,0,12,50,0,62,10,0,10,72
10/09/2011,TYR,TX,ASW,CE,Federal Contract Tower,2,12,21,0,35,0,0,8,0,8,2,12,29,0,43,14,0,14,57
10/10/2011,TYR,TX,ASW,CE,Federal Contract Tower,2,26,21,0,49,0,1,47,0,48,2,27,68,0,97,36,0,36,133
10/11/2011,TYR,TX,ASW,CE,Federal Contract Tower,2,16,20,0,38,0,3,55,0,58,2,19,75,0,96,22,0,22,118
10/12/2011,TYR,TX,ASW,CE,Federal Contract Tower,2,18,16,0,36,0,2,36,0,38,2,20,52,0,74,14,0,14,88
10/13/2011,TYR,TX,ASW,CE,Federal Contract Tower,2,24,17,0,43,0,4,70,0,74,2,28,87,0,117,42,0,42,159
10/14/2011,TYR,TX,ASW,CE,Federal Contract Tower,2,21,24,0,47,0,2,66,0,68,2,23,90,0,115,56,0,56,171
10/15/2011,TYR,TX,ASW,CE,Federal Contract Tower,0,14,13,0,27,0,6,60,0,66,0,20,73,0,93,22,0,22,115
10/16/2011,TYR,TX,ASW,CE,Federal Contract Tower,2,21,12,0,35,0,0,78,0,78,2,21,90,0,113,32,0,32,145
10/17/2011,TYR,TX,ASW,CE,Federal Contract Tower,2,20,10,6,38,0,1,43,0,44,2,21,53,6,82,44,4,48,130
10/18/2011,TYR,TX,ASW,CE,Federal Contract Tower,2,17,16,0,35,0,4,26,0,30,2,21,42,0,65,4,0,4,69
10/19/2011,TYR,TX,ASW,CE,Federal Contract Tower,2,23,17,0,42,0,2,39,0,41,2,25,56,0,83,18,0,18,101
10/20/2011,TYR,TX,ASW,CE,Federal Contract Tower,2,17,16,2,37,0,7,46,1,54,2,24,62,3,91,14,14,28,119
10/21/2011,TYR,TX,ASW,CE,Federal Contract Tower,2,15,15,1,33,0,3,34,4,41,2,18,49,5,74,24,6,30,104
10/22/2011,TYR,TX,ASW,CE,Federal Contract Tower,0,12,16,0,28,0,3,60,0,63,0,15,76,0,91,40,0,40,131
10/23/2011,TYR,TX,ASW,CE,Federal Contract Tower,2,11,13,0,26,0,0,24,0,24,2,11,37,0,50,0,0,0,50
10/24/2011,TYR,TX,ASW,CE,Federal Contract Tower,2,18,12,0,32,0,2,55,0,57,2,20,67,0,89,44,0,44,133
10/25/2011,TYR,TX,ASW,CE,Federal Contract Tower,2,22,40,0,64,0,4,35,4,43,2,26,75,4,107,32,0,32,139
10/26/2011,TYR,TX,ASW,CE,Federal Contract Tower,2,23,16,0,41,0,1,38,0,39,2,24,54,0,80,20,0,20,100
10/27/2011,TYR,TX,ASW,CE,Federal Contract Tower,2,23,24,0,49,0,0,3,0,3,2,23,27,0,52,0,0,0,52
10/28/2011,TYR,TX,ASW,CE,Federal Contract Tower,1,22,29,0,52,0,4,17,0,21,1,26,46,0,73,14,0,14,87
10/29/2011,TYR,TX,ASW,CE,Federal Contract Tower,0,13,12,0,25,0,1,65,0,66,0,14,77,0,91,22,0,22,113
10/30/2011,TYR,TX,ASW,CE,Federal Contract Tower,2,15,9,0,26,0,0,52,0,52,2,15,61,0,78,4,0,4,82
10/31/2011,TYR,TX,ASW,CE,Federal Contract Tower,2,21,14,0,37,0,2,59,2,63,2,23,73,2,100,56,0,56,156
11/01/2011,TYR,TX,ASW,CE,Federal Contract Tower,2,18,20,1,41,0,4,62,1,67,2,22,82,2,108,38,2,40,148
11/02/2011,TYR,TX,ASW,CE,Federal Contract Tower,2,23,20,0,45,0,5,33,0,38,2,28,53,0,83,6,0,6,89
11/03/2011,TYR,TX,ASW,CE,Federal Contract Tower,1,21,9,0,31,0,5,25,0,30,1,26,34,0,61,6,0,6,67
11/04/2011,TYR,TX,ASW,CE,Federal Contract Tower,2,18,12,0,32,0,21,72,0,93,2,39,84,0,125,46,0,46,171
11/05/2011,TYR,TX,ASW,CE,Federal Contract Tower,0,11,4,0,15,0,1,52,0,53,0,12,56,0,68,20,0,20,88
11/06/2011,TYR,TX,ASW,CE,Federal Contract Tower,2,16,7,0,25,0,0,28,0,28,2,16,35,0,53,0,0,0,53
11/07/2011,TYR,TX,ASW,CE,Federal Contract Tower,2,19,11,0,32,0,2,32,0,34,2,21,43,0,66,14,0,14,80
11/08/2011,TYR,TX,ASW,CE,Federal Contract Tower,2,18,10,0,30,0,3,6,0,9,2,21,16,0,39,14,0,14,53
11/09/2011,TYR,TX,ASW,CE,Federal Contract Tower,2,19,25,0,46,0,0,61,0,61,2,19,86,0,107,10,0,10,117
11/10/2011,TYR,TX,ASW,CE,Federal Contract Tower,2,22,20,0,44,0,4,88,0,92,2,26,108,0,136,20,0,20,156
11/11/2011,TYR,TX,ASW,CE,Federal Contract Tower,2,20,17,0,39,0,0,59,2,61,2,20,76,2,100,26,0,26,126
11/12/2011,TYR,TX,ASW,CE,Federal Contract Tower,0,8,15,0,23,0,0,54,0,54,0,8,69,0,77,36,0,36,113
11/13/2011,TYR,TX,ASW,CE,Federal Contract Tower,2,17,20,1,40,0,1,19,0,20,2,18,39,1,60,10,0,10,70
11/14/2011,TYR,TX,ASW,CE,Federal Contract Tower,2,21,15,0,38,0,2,26,0,28,2,23,41,0,66,14,0,14,80
11/15/2011,TYR,TX,ASW,CE,Federal Contract Tower,2,20,27,0,49,0,1,7,0,8,2,21,34,0,57,0,0,0,57
11/16/2011,TYR,TX,ASW,CE,Federal Contract Tower,2,22,28,0,52,0,9,21,0,30,2,31,49,0,82,32,0,32,114
11/17/2011,TYR,TX,ASW,CE,Federal Contract Tower,2,22,14,0,38,0,17,81,0,98,2,39,95,0,136,74,0,74,210
11/18/2011,TYR,TX,ASW,CE,Federal Contract Tower,1,18,25,4,48,0,11,72,0,83,1,29,97,4,131,74,10,84,215
11/19/2011,TYR,TX,ASW,CE,Federal Contract Tower,2,13,12,0,27,0,1,23,0,24,2,14,35,0,51,8,0,8,59
11/20/2011,TYR,TX,ASW,CE,Federal Contract Tower,2,14,25,20,61,0,0,14,0,14,2,14,39,20,75,0,0,0,75
11/21/2011,TYR,TX,ASW,CE,Federal Contract Tower,2,20,17,2,41,0,1,13,0,14,2,21,30,2,55,18,0,18,73
11/22/2011,TYR,TX,ASW,CE,Federal Contract Tower,0,24,41,2,67,0,1,2,0,3,0,25,43,2,70,4,0,4,74
11/23/2011,TYR,TX,ASW,CE,Federal Contract Tower,0,23,23,0,46,0,1,31,0,32,0,24,54,0,78,48,0,48,126
11/24/2011,TYR,TX,ASW,CE,Federal Contract Tower,1,10,12,0,23,0,0,0,0,0,1,10,12,0,23,0,0,0,23
11/25/2011,TYR,TX,ASW,CE,Federal Contract Tower,2,10,13,0,25,0,4,14,0,18,2,14,27,0,43,0,0,0,43
11/26/2011,TYR,TX,ASW,CE,Federal Contract Tower,2,18,15,0,35,0,1,5,0,6,2,19,20,0,41,0,0,0,41
11/27/2011,TYR,TX,ASW,CE,Federal Contract Tower,2,19,14,0,35,0,0,35,0,35,2,19,49,0,70,0,0,0,70
11/28/2011,TYR,TX,ASW,CE,Federal Contract Tower,2,20,11,0,33,0,2,59,0,61,2,22,70,0,94,44,0,44,138
11/29/2011,TYR,TX,ASW,CE,Federal Contract Tower,0,16,26,2,44,0,19,51,2,72,0,35,77,4,116,76,0,76,192
11/30/2011,TYR,TX,ASW,CE,Federal Contract Tower,0,23,14,0,37,0,4,47,0,51,0,27,61,0,88,40,0,40,128
12/01/2011,TYR,TX,ASW,CE,Federal Contract Tower,0,21,38,0,59,0,8,46,0,54,0,29,84,0,113,42,0,42,155
12/02/2011,TYR,TX,ASW,CE,Federal Contract Tower,2,22,17,0,41,0,8,19,0,27,2,30,36,0,68,10,0,10,78
12/03/2011,TYR,TX,ASW,CE,Federal Contract Tower,2,13,14,0,29,0,1,3,0,4,2,14,17,0,33,0,0,0,33
12/04/2011,TYR,TX,ASW,CE,Federal Contract Tower,2,13,20,2,37,0,0,0,0,0,2,13,20,2,37,0,0,0,37
12/05/2011,TYR,TX,ASW,CE,Federal Contract Tower,2,19,9,0,30,0,0,1,0,1,2,19,10,0,31,0,0,0,31
12/06/2011,TYR,TX,ASW,CE,Federal Contract Tower,0,23,16,0,39,0,1,3,0,4,0,24,19,0,43,14,0,14,57
12/07/2011,TYR,TX,ASW,CE,Federal Contract Tower,0,20,20,0,40,0,2,115,4,121,0,22,135,4,161,48,0,48,209
12/08/2011,TYR,TX,ASW,CE,Federal Contract Tower,2,22,10,0,34,0,0,65,0,65,2,22,75,0,99,72,0,72,171
12/09/2011,TYR,TX,ASW,CE,Federal Contract Tower,2,28,28,0,58,0,2,34,0,36,2,30,62,0,94,58,0,58,152
12/10/2011,TYR,TX,ASW,CE,Federal Contract Tower,2,11,14,0,27,0,0,54,0,54,2,11,68,0,81,32,0,32,113
12/11/2011,TYR,TX,ASW,CE,Federal Contract Tower,2,11,8,0,21,0,0,83,0,83,2,11,91,0,104,78,0,78,182
12/12/2011,TYR,TX,ASW,CE,Federal Contract Tower,2,17,26,0,45,0,7,39,0,46,2,24,65,0,91,44,0,44,135
12/13/2011,TYR,TX,ASW,CE,Federal Contract Tower,0,21,23,0,44,0,5,14,0,19,0,26,37,0,63,64,0,64,127
12/14/2011,TYR,TX,ASW,CE,Federal Contract Tower,0,25,22,2,49,0,1,2,0,3,0,26,24,2,52,2,0,2,54
12/15/2011,TYR,TX,ASW,CE,Federal Contract Tower,2,21,27,2,52,0,0,4,2,6,2,21,31,4,58,0,0,0,58
12/16/2011,TYR,TX,ASW,CE,Federal Contract Tower,2,24,27,4,57,0,1,4,0,5,2,25,31,4,62,2,0,2,64
12/17/2011,TYR,TX,ASW,CE,Federal Contract Tower,0,14,14,0,28,0,2,71,0,73,0,16,85,0,101,34,0,34,135
12/18/2011,TYR,TX,ASW,CE,Federal Contract Tower,0,16,19,0,35,0,0,37,2,39,0,16,56,2,74,26,0,26,100
12/19/2011,TYR,TX,ASW,CE,Federal Contract Tower,2,15,12,1,30,0,1,31,0,32,2,16,43,1,62,52,0,52,114
12/20/2011,TYR,TX,ASW,CE,Federal Contract Tower,0,23,18,0,41,0,0,66,1,67,0,23,84,1,108,52,2,54,162
12/21/2011,TYR,TX,ASW,CE,Federal Contract Tower,1,21,20,0,42,0,3,50,1,54,1,24,70,1,96,43,0,43,139
12/22/2011,TYR,TX,ASW,CE,Federal Contract Tower,1,20,20,0,41,0,1,10,0,11,1,21,30,0,52,0,0,0,52
12/23/2011,TYR,TX,ASW,CE,Federal Contract Tower,2,23,20,0,45,0,1,6,0,7,2,24,26,0,52,0,0,0,52
12/24/2011,TYR,TX,ASW,CE,Federal Contract Tower,2,8,6,0,16,0,1,0,0,1,2,9,6,0,17,0,0,0,17
12/25/2011,TYR,TX,ASW,CE,Federal Contract Tower,0,9,11,0,20,0,0,0,0,0,0,9,11,0,20,0,0,0,20
12/26/2011,TYR,TX,ASW,CE,Federal Contract Tower,2,12,14,0,28,0,0,2,0,2,2,12,16,0,30,0,0,0,30
12/27/2011,TYR,TX,ASW,CE,Federal Contract Tower,0,21,23,0,44,0,9,56,0,65,0,30,79,0,109,28,0,28,137
12/28/2011,TYR,TX,ASW,CE,Federal Contract Tower,0,21,23,0,44,0,7,50,0,57,0,28,73,0,101,12,0,12,113
12/29/2011,TYR,TX,ASW,CE,Federal Contract Tower,2,20,24,1,47,0,2,34,0,36,2,22,58,1,83,34,0,34,117
12/30/2011,TYR,TX,ASW,CE,Federal Contract Tower,2,19,11,0,32,0,3,68,0,71,2,22,79,0,103,48,0,48,151
12/31/2011,TYR,TX,ASW,CE,Federal Contract Tower,2,10,12,0,24,0,4,17,0,21,2,14,29,0,45,42,0,42,87
01/01/2012,TYR,TX,ASW,CE,Federal Contract Tower,2,15,11,0,28,0,0,37,0,37,2,15,48,0,65,16,0,16,81
01/02/2012,TYR,TX,ASW,CE,Federal Contract Tower,2,16,19,0,37,0,0,51,0,51,2,16,70,0,88,50,0,50,138
01/03/2012,TYR,TX,ASW,CE,Federal Contract Tower,0,22,13,2,37,0,1,48,0,49,0,23,61,2,86,54,0,54,140
01/04/2012,TYR,TX,ASW,CE,Federal Contract Tower,0,13,10,0,23,0,2,53,0,55,0,15,63,0,78,106,0,106,184
01/05/2012,TYR,TX,ASW,CE,Federal Contract Tower,2,25,19,1,47,0,1,66,0,67,2,26,85,1,114,38,0,38,152
01/06/2012,TYR,TX,ASW,CE,Federal Contract Tower,2,17,21,0,40,0,2,41,0,43,2,19,62,0,83,40,0,40,123
01/07/2012,TYR,TX,ASW,CE,Federal Contract Tower,2,18,17,0,37,0,0,59,0,59,2,18,76,0,96,136,0,136,232
01/08/2012,TYR,TX,ASW,CE,Federal Contract Tower,2,23,13,0,38,0,0,32,0,32,2,23,45,0,70,32,0,32,102
01/09/2012,TYR,TX,ASW,CE,Federal Contract Tower,2,17,2,0,21,0,0,0,0,0,2,17,2,0,21,0,0,0,21
01/10/2012,TYR,TX,ASW,CE,Federal Contract Tower,0,20,24,1,45,0,0,0,0,0,0,20,24,1,45,2,0,2,47
01/11/2012,TYR,TX,ASW,CE,Federal Contract Tower,0,21,16,0,37,0,5,71,2,78,0,26,87,2,115,56,0,56,171
01/12/2012,TYR,TX,ASW,CE,Federal Contract Tower,2,19,27,0,48,0,9,20,0,29,2,28,47,0,77,14,0,14,91
01/13/2012,TYR,TX,ASW,CE,Federal Contract Tower,2,19,21,0,42,0,6,52,0,58,2,25,73,0,100,104,0,104,204
01/14/2012,TYR,TX,ASW,CE,Federal Contract Tower,2,14,4,0,20,0,1,82,0,83,2,15,86,0,103,16,0,16,119
01/15/2012,TYR,TX,ASW,CE,Federal Contract Tower,2,13,6,0,21,0,0,54,0,54,2,13,60,0,75,36,0,36,111
01/16/2012,TYR,TX,ASW,CE,Federal Contract Tower,2,16,23,0,41,0,1,19,0,20,2,17,42,0,61,6,0,6,67
01/17/2012,TYR,TX,ASW,CE,Federal Contract Tower,0,13,23,2,38,0,1,34,0,35,0,14,57,2,73,18,0,18,91
01/18/2012,TYR,TX,ASW,CE,Federal Contract Tower,0,14,26,0,40,0,2,65,0,67,0,16,91,0,107,70,0,70,177
01/19/2012,TYR,TX,ASW,CE,Federal Contract Tower,2,18,18,0,38,0,1,55,0,56,2,19,73,0,94,46,0,46,140
01/20/2012,TYR,TX,ASW,CE,Federal Contract Tower,2,17,24,0,43,0,1,30,0,31,2,18,54,0,74,12,0,12,86
01/21/2012,TYR,TX,ASW,CE,Federal Contract Tower,0,13,29,0,42,0,0,2,0,2,0,13,31,0,44,0,0,0,44
01/22/2012,TYR,TX,ASW,CE,Federal Contract Tower,0,16,13,0,29,0,0,22,0,22,0,16,35,0,51,12,0,12,63
01/23/2012,TYR,TX,ASW,CE,Federal Contract Tower,2,18,12,2,34,0,2,78,0,80,2,20,90,2,114,54,0,54,168
01/24/2012,TYR,TX,ASW,CE,Federal Contract Tower,0,18,25,0,43,0,0,43,1,44,0,18,68,1,87,57,2,59,146
01/25/2012,TYR,TX,ASW,CE,Federal Contract Tower,0,19,16,0,35,0,1,0,0,1,0,20,16,0,36,0,0,0,36
01/26/2012,TYR,TX,ASW,CE,Federal Contract Tower,2,17,28,0,47,0,2,19,0,21,2,19,47,0,68,32,0,32,100
01/27/2012,TYR,TX,ASW,CE,Federal Contract Tower,2,19,19,0,40,0,9,58,0,67,2,28,77,0,107,64,0,64,171
01/28/2012,TYR,TX,ASW,CE,Federal Contract Tower,2,11,9,0,22,0,3,76,0,79,2,14,85,0,101,50,0,50,151
01/29/2012,TYR,TX,ASW,CE,Federal Contract Tower,2,13,14,0,29,0,0,50,0,50,2,13,64,0,79,12,0,12,91
01/30/2012,TYR,TX,ASW,CE,Federal Contract Tower,2,19,13,0,34,0,2,74,0,76,2,21,87,0,110,30,0,30,140
01/31/2012,TYR,TX,ASW,CE,Federal Contract Tower,0,16,48,0,64,0,2,22,0,24,0,18,70,0,88,8,0,8,96
02/01/2012,TYR,TX,ASW,CE,Federal Contract Tower,0,21,24,0,45,0,2,23,0,25,0,23,47,0,70,74,0,74,144
02/02/2012,TYR,TX,ASW,CE,Federal Contract Tower,0,22,20,1,43,0,1,5,0,6,0,23,25,1,49,32,0,32,81
02/03/2012,TYR,TX,ASW,CE,Federal Contract Tower,0,13,17,1,31,0,2,4,0,6,0,15,21,1,37,18,0,18,55
02/04/2012,TYR,TX,ASW,CE,Federal Contract Tower,1,15,6,0,22,0,0,24,0,24,1,15,30,0,46,18,0,18,64
02/05/2012,TYR,TX,ASW,CE,Federal Contract Tower,0,18,13,0,31,0,0,29,0,29,0,18,42,0,60,6,0,6,66
02/06/2012,TYR,TX,ASW,CE,Federal Contract Tower,0,24,13,0,37,0,2,67,5,74,0,26,80,5,111,76,0,76,187
02/07/2012,TYR,TX,ASW,CE,Federal Contract Tower,0,17,14,0,31,0,3,42,0,45,0,20,56,0,76,62,0,62,138
02/08/2012,TYR,TX,ASW,CE,Federal Contract Tower,0,22,35,0,57,0,2,60,0,62,0,24,95,0,119,68,0,68,187
02/09/2012,TYR,TX,ASW,CE,Federal Contract Tower,0,23,28,0,51,0,2,47,1,50,0,25,75,1,101,18,0,18,119
02/10/2012,TYR,TX,ASW,CE,Federal Contract Tower,0,18,16,0,34,0,2,28,0,30,0,20,44,0,64,34,0,34,98
02/11/2012,TYR,TX,ASW,CE,Federal Contract Tower,0,14,13,0,27,0,1,53,0,54,0,15,66,0,81,28,0,28,109
02/12/2012,TYR,TX,ASW,CE,Federal Contract Tower,0,13,10,0,23,0,0,57,2,59,0,13,67,2,82,58,0,58,140
02/13/2012,TYR,TX,ASW,CE,Federal Contract Tower,0,23,6,0,29,0,0,0,0,0,0,23,6,0,29,0,0,0,29
02/14/2012,TYR,TX,ASW,CE,Federal Contract Tower,0,24,27,0,51,0,0,2,0,2,0,24,29,0,53,0,0,0,53
02/15/2012,TYR,TX,ASW,CE,Federal Contract Tower,0,15,25,0,40,0,1,2,0,3,0,16,27,0,43,0,0,0,43
02/16/2012,TYR,TX,ASW,CE,Federal Contract Tower,0,18,22,0,40,0,2,13,0,15,0,20,35,0,55,18,0,18,73
02/17/2012,TYR,TX,ASW,CE,Federal Contract Tower,0,21,31,0,52,0,1,10,0,11,0,22,41,0,63,38,0,38,101
02/18/2012,TYR,TX,ASW,CE,Federal Contract Tower,0,17,13,0,30,0,0,0,0,0,0,17,13,0,30,0,0,0,30
02/19/2012,TYR,TX,ASW,CE,Federal Contract Tower,0,14,34,0,48,0,0,84,0,84,0,14,118,0,132,44,0,44,176
02/20/2012,TYR,TX,ASW,CE,Federal Contract Tower,0,21,35,0,56,0,1,38,0,39,0,22,73,0,95,52,0,52,147
02/21/2012,TYR,TX,ASW,CE,Federal Contract Tower,0,24,17,0,41,0,5,81,0,86,0,29,98,0,127,74,0,74,201
02/22/2012,TYR,TX,ASW,CE,Federal Contract Tower,0,26,25,0,51,0,3,49,4,56,0,29,74,4,107,58,0,58,165
02/23/2012,TYR,TX,ASW,CE,Federal Contract Tower,0,22,21,0,43,0,5,23,2,30,0,27,44,2,73,18,0,18,91
02/24/2012,TYR,TX,ASW,CE,Federal Contract Tower,0,23,23,6,52,0,2,32,0,34,0,25,55,6,86,40,0,40,126
02/25/2012,TYR,TX,ASW,CE,Federal Contract Tower,0,15,13,2,30,0,0,76,0,76,0,15,89,2,106,64,16,80,186
02/26/2012,TYR,TX,ASW,CE,Federal Contract Tower,0,21,18,0,39,0,0,54,0,54,0,21,72,0,93,38,0,38,131
02/27/2012,TYR,TX,ASW,CE,Federal Contract Tower,0,22,23,0,45,0,1,64,0,65,0,23,87,0,110,68,0,68,178
02/28/2012,TYR,TX,ASW,CE,Federal Contract Tower,0,20,23,0,43,0,1,13,0,14,0,21,36,0,57,0,0,0,57
02/29/2012,TYR,TX,ASW,CE,Federal Contract Tower,0,18,25,2,45,0,2,46,4,52,0,20,71,6,97,34,0,34,131
03/01/2012,TYR,TX,ASW,CE,Federal Contract Tower,0,20,13,0,33,0,4,27,18,49,0,24,40,18,82,18,0,18,100
03/02/2012,TYR,TX,ASW,CE,Federal Contract Tower,0,19,8,1,28,0,5,16,0,21,0,24,24,1,49,21,4,25,74
03/03/2012,TYR,TX,ASW,CE,Federal Contract Tower,0,16,15,0,31,0,0,76,0,76,0,16,91,0,107,48,0,48,155
03/04/2012,TYR,TX,ASW,CE,Federal Contract Tower,0,16,11,0,27,0,0,55,0,55,0,16,66,0,82,44,0,44,126
03/05/2012,TYR,TX,ASW,CE,Federal Contract Tower,0,18,7,0,25,0,1,68,0,69,0,19,75,0,94,40,0,40,134
03/06/2012,TYR,TX,ASW,CE,Federal Contract Tower,0,22,14,0,36,0,9,21,0,30,0,31,35,0,66,40,0,40,106
03/07/2012,TYR,TX,ASW,CE,Federal Contract Tower,0,16,28,0,44,0,1,14,4,19,0,17,42,4,63,0,0,0,63
03/08/2012,TYR,TX,ASW,CE,Federal Contract Tower,0,24,14,1,39,0,0,0,0,0,0,24,14,1,39,0,0,0,39
03/09/2012,TYR,TX,ASW,CE,Federal Contract Tower,0,13,14,1,28,0,2,12,1,15,0,15,26,2,43,0,0,0,43
03/10/2012,TYR,TX,ASW,CE,Federal Contract Tower,0,14,11,0,25,0,2,13,0,15,0,16,24,0,40,8,0,8,48
03/11/2012,TYR,TX,ASW,CE,Federal Contract Tower,0,14,13,0,27,0,0,4,0,4,0,14,17,0,31,0,0,0,31
03/12/2012,TYR,TX,ASW,CE,Federal Contract Tower,0,16,17,0,33,0,3,69,0,72,0,19,86,0,105,36,0,36,141
03/13/2012,TYR,TX,ASW,CE,Federal Contract Tower,0,18,20,0,38,0,2,33,0,35,0,20,53,0,73,4,0,4,77
03/14/2012,TYR,TX,ASW,CE,Federal Contract Tower,0,18,21,0,39,0,20,37,0,57,0,38,58,0,96,78,0,78,174
03/15/2012,TYR,TX,ASW,CE,Federal Contract Tower,0,20,27,0,47,0,3,22,0,25,0,23,49,0,72,20,0,20,92
03/16/2012,TYR,TX,ASW,CE,Federal Contract Tower,0,17,31,0,48,0,7,13,0,20,0,24,44,0,68,8,0,8,76
03/17/2012,TYR,TX,ASW,CE,Federal Contract Tower,0,15,23,0,38,0,4,31,0,35,0,19,54,0,73,40,0,40,113
03/18/2012,TYR,TX,ASW,CE,Federal Contract Tower,0,15,20,0,35,0,0,19,0,19,0,15,39,0,54,0,0,0,54
03/19/2012,TYR,TX,ASW,CE,Federal Contract Tower,0,20,8,0,28,0,0,3,0,3,0,20,11,0,31,0,0,0,31
03/20/2012,TYR,TX,ASW,CE,Federal Contract Tower,0,11,6,0,17,0,1,1,0,2,0,12,7,0,19,0,0,0,19
03/21/2012,TYR,TX,ASW,CE,Federal Contract Tower,0,18,24,0,42,0,4,36,3,43,0,22,60,3,85,31,0,31,116
03/22/2012,TYR,TX,ASW,CE,Federal Contract Tower,0,22,25,0,47,0,1,57,0,58,0,23,82,0,105,24,0,24,129
03/23/2012,TYR,TX,ASW,CE,Federal Contract Tower,0,22,8,0,30,0,4,67,0,71,0,26,75,0,101,78,0,78,179
03/24/2012,TYR,TX,ASW,CE,Federal Contract Tower,0,15,13,0,28,0,0,96,0,96,0,15,109,0,124,28,0,28,152
03/25/2012,TYR,TX,ASW,CE,Federal Contract Tower,0,17,10,8,35,0,0,85,0,85,0,17,95,8,120,46,0,46,166
03/26/2012,TYR,TX,ASW,CE,Federal Contract Tower,0,19,16,0,35,0,3,71,0,74,0,22,87,0,109,20,0,20,129
03/27/2012,TYR,TX,ASW,CE,Federal Contract Tower,0,19,33,0,52,0,0,90,0,90,0,19,123,0,142,64,0,64,206
03/28/2012,TYR,TX,ASW,CE,Federal Contract Tower,0,21,24,0,45,0,2,52,4,58,0,23,76,4,103,36,0,36,139
03/29/2012,TYR,TX,ASW,CE,Federal Contract Tower,0,19,15,0,34,0,2,29,2,33,0,21,44,2,67,0,0,0,67
03/30/2012,TYR,TX,ASW,CE,Federal Contract Tower,0,16,21,0,37,0,2,26,0,28,0,18,47,0,65,18,0,18,83
03/31/2012,TYR,TX,ASW,CE,Federal Contract Tower,0,12,8,0,20,0,1,28,0,29,0,13,36,0,49,24,0,24,73
04/01/2012,TYR,TX,ASW,CE,Federal Contract Tower,0,19,11,0,30,0,0,26,0,26,0,19,37,0,56,16,0,16,72
04/02/2012,TYR,TX,ASW,CE,Federal Contract Tower,0,21,23,6,50,0,2,28,2,32,0,23,51,8,82,36,0,36,118
04/03/2012,TYR,TX,ASW,CE,Federal Contract Tower,0,12,23,0,35,0,2,5,2,9,0,14,28,2,44,0,0,0,44
04/04/2012,TYR,TX,ASW,CE,Federal Contract Tower,0,16,29,0,45,0,3,34,0,37,0,19,63,0,82,12,0,12,94
04/05/2012,TYR,TX,ASW,CE,Federal Contract Tower,0,19,17,0,36,0,0,0,0,0,0,19,17,0,36,0,0,0,36
04/06/2012,TYR,TX,ASW,CE,Federal Contract Tower,0,15,6,0,21,0,6,60,0,66,0,21,66,0,87,56,0,56,143
04/07/2012,TYR,TX,ASW,CE,Federal Contract Tower,0,13,14,0,27,0,4,73,0,77,0,17,87,0,104,90,0,90,194
04/08/2012,TYR,TX,ASW,CE,Federal Contract Tower,0,16,10,0,26,0,0,19,0,19,0,16,29,0,45,0,0,0,45
04/09/2012,TYR,TX,ASW,CE,Federal Contract Tower,0,17,24,0,41,0,1,40,0,41,0,18,64,0,82,36,0,36,118
04/10/2012,TYR,TX,ASW,CE,Federal Contract Tower,0,18,18,0,36,0,0,70,0,70,0,18,88,0,106,56,0,56,162
04/11/2012,TYR,TX,ASW,CE,Federal Contract Tower,0,17,14,0,31,0,0,57,4,61,0,17,71,4,92,26,0,26,118
04/12/2012,TYR,TX,ASW,CE,Federal Contract Tower,0,21,33,0,54,0,1,54,0,55,0,22,87,0,109,32,0,32,141
04/13/2012,TYR,TX,ASW,CE,Federal Contract Tower,0,20,28,0,48,0,4,15,7,26,0,24,43,7,74,2,0,2,76
04/14/2012,TYR,TX,ASW,CE,Federal Contract Tower,0,15,14,0,29,0,1,24,0,25,0,16,38,0,54,2,0,2,56
04/15/2012,TYR,TX,ASW,CE,Federal Contract Tower,0,14,12,0,26,0,0,4,1,5,0,14,16,1,31,0,0,0,31
04/16/2012,TYR,TX,ASW,CE,Federal Contract Tower,0,14,15,0,29,0,2,24,0,26,0,16,39,0,55,0,0,0,55
04/17/2012,TYR,TX,ASW,CE,Federal Contract Tower,0,23,13,1,37,0,8,78,10,96,0,31,91,11,133,56,0,56,189
04/18/2012,TYR,TX,ASW,CE,Federal Contract Tower,0,23,20,0,43,0,10,75,1,86,0,33,95,1,129,40,2,42,171
04/19/2012,TYR,TX,ASW,CE,Federal Contract Tower,0,16,16,0,32,0,8,73,0,81,0,24,89,0,113,40,0,40,153
04/20/2012,TYR,TX,ASW,CE,Federal Contract Tower,0,22,26,0,48,0,4,0,0,4,0,26,26,0,52,30,0,30,82
04/21/2012,TYR,TX,ASW,CE,Federal Contract Tower,0,14,10,0,24,0,4,71,0,75,0,18,81,0,99,36,0,36,135
04/22/2012,TYR,TX,ASW,CE,Federal Contract Tower,0,14,15,2,31,0,0,79,0,79,0,14,94,2,110,68,0,68,178
04/23/2012,TYR,TX,ASW,CE,Federal Contract Tower,0,17,8,0,25,0,1,59,0,60,0,18,67,0,85,44,0,44,129
04/24/2012,TYR,TX,ASW,CE,Federal Contract Tower,0,21,14,0,35,0,1,54,1,56,0,22,68,1,91,38,0,38,129
04/25/2012,TYR,TX,ASW,CE,Federal Contract Tower,0,20,17,0,37,0,3,37,0,40,0,23,54,0,77,8,0,8,85
04/26/2012,TYR,TX,ASW,CE,Federal Contract Tower,0,23,20,0,43,0,6,39,0,45,0,29,59,0,88,12,0,12,100
04/27/2012,TYR,TX,ASW,CE,Federal Contract Tower,0,17,22,0,39,0,9,29,0,38,0,26,51,0,77,8,0,8,85
04/28/2012,TYR,TX,ASW,CE,Federal Contract Tower,0,13,23,0,36,0,0,37,0,37,0,13,60,0,73,14,0,14,87
04/29/2012,TYR,TX,ASW,CE,Federal Contract Tower,0,16,14,0,30,0,0,40,0,40,0,16,54,0,70,20,0,20,90
04/30/2012,TYR,TX,ASW,CE,Federal Contract Tower,0,24,20,0,44,0,2,32,0,34,0,26,52,0,78,10,0,10,88
05/01/2012,TYR,TX,ASW,CE,Federal Contract Tower,0,20,8,0,28,0,3,42,0,45,0,23,50,0,73,12,0,12,85
05/02/2012,TYR,TX,ASW,CE,Federal Contract Tower,0,15,35,0,50,0,9,45,0,54,0,24,80,0,104,58,0,58,162
05/03/2012,TYR,TX,ASW,CE,Federal Contract Tower,0,16,25,0,41,0,21,57,0,78,0,37,82,0,119,60,0,60,179
05/04/2012,TYR,TX,ASW,CE,Federal Contract Tower,0,19,16,0,35,0,2,46,0,48,0,21,62,0,83,16,0,16,99
05/05/2012,TYR,TX,ASW,CE,Federal Contract Tower,0,13,16,0,29,0,2,36,0,38,0,15,52,0,67,46,0,46,113
05/06/2012,TYR,TX,ASW,CE,Federal Contract Tower,0,15,25,0,40,0,0,32,0,32,0,15,57,0,72,32,0,32,104
05/07/2012,TYR,TX,ASW,CE,Federal Contract Tower,0,21,20,0,41,0,1,46,0,47,0,22,66,0,88,24,0,24,112
05/08/2012,TYR,TX,ASW,CE,Federal Contract Tower,0,15,17,0,32,0,1,21,0,22,0,16,38,0,54,4,0,4,58
05/09/2012,TYR,TX,ASW,CE,Federal Contract Tower,0,20,22,0,42,0,0,71,0,71,0,20,93,0,113,38,0,38,151
05/10/2012,TYR,TX,ASW,CE,Federal Contract Tower,0,20,23,0,43,0,7,42,0,49,0,27,65,0,92,30,0,30,122
05/11/2012,TYR,TX,ASW,CE,Federal Contract Tower,0,19,16,6,41,0,6,23,2,31,0,25,39,8,72,38,24,62,134
05/12/2012,TYR,TX,ASW,CE,Federal Contract Tower,0,12,30,0,42,0,1,15,0,16,0,13,45,0,58,8,0,8,66
05/13/2012,TYR,TX,ASW,CE,Federal Contract Tower,0,14,7,0,21,0,0,43,0,43,0,14,50,0,64,34,0,34,98
05/14/2012,TYR,TX,ASW,CE,Federal Contract Tower,0,16,23,0,39,0,2,80,6,88,0,18,103,6,127,80,0,80,207
05/15/2012,TYR,TX,ASW,CE,Federal Contract Tower,0,16,24,0,40,0,2,34,0,36,0,18,58,0,76,36,0,36,112
05/16/2012,TYR,TX,ASW,CE,Federal Contract Tower,0,14,26,0,40,0,7,58,2,67,0,21,84,2,107,38,0,38,145
05/17/2012,TYR,TX,ASW,CE,Federal Contract Tower,0,23,30,0,53,0,5,38,0,43,0,28,68,0,96,8,0,8,104
05/18/2012,TYR,TX,ASW,CE,Federal Contract Tower,0,18,21,0,39,0,4,70,0,74,0,22,91,0,113,96,0,96,209
05/19/2012,TYR,TX,ASW,CE,Federal Contract Tower,0,13,6,0,19,0,3,66,0,69,0,16,72,0,88,42,0,42,130
05/20/2012,TYR,TX,ASW,CE,Federal Contract Tower,0,11,12,0,23,0,0,70,0,70,0,11,82,0,93,66,0,66,159
05/21/2012,TYR,TX,ASW,CE,Federal Contract Tower,0,18,11,0,29,0,1,50,2,53,0,19,61,2,82,36,0,36,118
05/22/2012,TYR,TX,ASW,CE,Federal Contract Tower,0,23,30,0,53,0,0,48,2,50,0,23,78,2,103,32,0,32,135
05/23/2012,TYR,TX,ASW,CE,Federal Contract Tower,0,16,10,0,26,0,1,67,1,69,0,17,77,1,95,16,2,18,113
05/24/2012,TYR,TX,ASW,CE,Federal Contract Tower,0,19,25,0,44,0,2,23,0,25,0,21,48,0,69,34,0,34,103
05/25/2012,TYR,TX,ASW,CE,Federal Contract Tower,0,17,16,0,33,0,1,43,0,44,0,18,59,0,77,6,0,6,83
05/26/2012,TYR,TX,ASW,CE,Federal Contract Tower,0,13,12,0,25,0,0,32,0,32,0,13,44,0,57,12,0,12,69
05/27/2012,TYR,TX,ASW,CE,Federal Contract Tower,0,12,8,0,20,0,0,31,0,31,0,12,39,0,51,4,0,4,55
05/28/2012,TYR,TX,ASW,CE,Federal Contract Tower,0,14,11,0,25,0,0,64,0,64,0,14,75,0,89,22,0,22,111
05/29/2012,TYR,TX,ASW,CE,Federal Contract Tower,0,14,19,0,33,0,8,41,0,49,0,22,60,0,82,32,0,32,114
05/30/2012,TYR,TX,ASW,CE,Federal Contract Tower,0,17,13,0,30,0,2,19,0,21,0,19,32,0,51,12,0,12,63
05/31/2012,TYR,TX,ASW,CE,Federal Contract Tower,0,16,22,0,38,0,8,13,0,21,0,24,35,0,59,20,0,20,79
06/01/2012,TYR,TX,ASW,CE,Federal Contract Tower,0,20,15,0,35,0,10,60,0,70,0,30,75,0,105,116,0,116,221
06/02/2012,TYR,TX,ASW,CE,Federal Contract Tower,0,13,11,4,28,0,1,56,0,57,0,14,67,4,85,24,0,24,109
06/03/2012,TYR,TX,ASW,CE,Federal Contract Tower,0,11,22,0,33,0,0,60,0,60,0,11,82,0,93,30,0,30,123
06/04/2012,TYR,TX,ASW,CE,Federal Contract Tower,0,20,18,0,38,0,3,35,13,51,0,23,53,13,89,26,0,26,115
06/05/2012,TYR,TX,ASW,CE,Federal Contract Tower,0,22,21,0,43,0,1,35,0,36,0,23,56,0,79,20,0,20,99
06/06/2012,TYR,TX,ASW,CE,Federal Contract Tower,0,27,12,0,39,0,0,46,0,46,0,27,58,0,85,30,0,30,115
06/07/2012,TYR,TX,ASW,CE,Federal Contract Tower,0,22,15,0,37,0,1,39,0,40,0,23,54,0,77,30,0,30,107
06/08/2012,TYR,TX,ASW,CE,Federal Contract Tower,0,14,15,0,29,0,3,48,2,53,0,17,63,2,82,14,0,14,96
06/09/2012,TYR,TX,ASW,CE,Federal Contract Tower,0,8,6,0,14,0,1,72,0,73,0,9,78,0,87,102,0,102,189
06/10/2012,TYR,TX,ASW,CE,Federal Contract Tower,0,14,20,0,34,0,0,58,0,58,0,14,78,0,92,18,0,18,110
06/11/2012,TYR,TX,ASW,CE,Federal Contract Tower,0,14,10,0,24,0,1,54,0,55,0,15,64,0,79,0,0,0,79
06/12/2012,TYR,TX,ASW,CE,Federal Contract Tower,0,18,15,0,33,0,2,27,0,29,0,20,42,0,62,4,0,4,66
06/13/2012,TYR,TX,ASW,CE,Federal Contract Tower,0,20,7,0,27,0,0,34,4,38,0,20,41,4,65,32,0,32,97
06/14/2012,TYR,TX,ASW,CE,Federal Contract Tower,0,23,30,0,53,0,1,42,0,43,0,24,72,0,96,46,0,46,142
06/15/2012,TYR,TX,ASW,CE,Federal Contract Tower,0,20,12,0,32,0,1,1,0,2,0,21,13,0,34,104,0,104,138
06/16/2012,TYR,TX,ASW,CE,Federal Contract Tower,0,13,13,0,26,0,1,33,0,34,0,14,46,0,60,20,0,20,80
06/17/2012,TYR,TX,ASW,CE,Federal Contract Tower,0,15,19,0,34,0,0,41,0,41,0,15,60,0,75,0,0,0,75
06/18/2012,TYR,TX,ASW,CE,Federal Contract Tower,0,21,20,0,41,0,2,50,0,52,0,23,70,0,93,18,0,18,111
06/19/2012,TYR,TX,ASW,CE,Federal Contract Tower,0,19,18,0,37,0,6,45,0,51,0,25,63,0,88,44,0,44,132
06/20/2012,TYR,TX,ASW,CE,Federal Contract Tower,0,20,26,0,46,0,8,50,1,59,0,28,76,1,105,30,2,32,137
06/21/2012,TYR,TX,ASW,CE,Federal Contract Tower,0,22,18,0,40,0,6,55,4,65,0,28,73,4,105,56,0,56,161
06/22/2012,TYR,TX,ASW,CE,Federal Contract Tower,0,21,12,0,33,0,13,58,3,74,0,34,70,3,107,58,0,58,165
06/23/2012,TYR,TX,ASW,CE,Federal Contract Tower,0,16,12,0,28,0,8,70,0,78,0,24,82,0,106,54,0,54,160
06/24/2012,TYR,TX,ASW,CE,Federal Contract Tower,0,15,18,4,37,0,0,57,0,57,0,15,75,4,94,52,0,52,146
06/25/2012,TYR,TX,ASW,CE,Federal Contract Tower,0,18,9,0,27,0,1,59,0,60,0,19,68,0,87,12,0,12,99
06/26/2012,TYR,TX,ASW,CE,Federal Contract Tower,0,27,21,0,48,0,1,52,1,54,0,28,73,1,102,84,0,84,186
06/27/2012,TYR,TX,ASW,CE,Federal Contract Tower,0,24,17,0,41,0,4,51,0,55,0,28,68,0,96,54,0,54,150
06/28/2012,TYR,TX,ASW,CE,Federal Contract Tower,0,23,28,0,51,0,2,59,2,63,0,25,87,2,114,34,0,34,148
06/29/2012,TYR,TX,ASW,CE,Federal Contract Tower,0,20,20,0,40,0,4,58,0,62,0,24,78,0,102,32,0,32,134
06/30/2012,TYR,TX,ASW,CE,Federal Contract Tower,2,15,12,0,29,0,10,44,0,54,2,25,56,0,83,56,0,56,139
07/01/2012,TYR,TX,ASW,CE,Federal Contract Tower,0,15,13,0,28,0,0,39,0,39,0,15,52,0,67,0,0,0,67
07/02/2012,TYR,TX,ASW,CE,Federal Contract Tower,0,22,16,0,38,0,1,47,0,48,0,23,63,0,86,50,0,50,136
07/03/2012,TYR,TX,ASW,CE,Federal Contract Tower,2,21,19,0,42,0,1,74,0,75,2,22,93,0,117,46,0,46,163
07/04/2012,TYR,TX,ASW,CE,Federal Contract Tower,0,12,6,1,19,0,0,34,4,38,0,12,40,5,57,30,2,32,89
07/05/2012,TYR,TX,ASW,CE,Federal Contract Tower,0,16,15,0,31,0,1,75,0,76,0,17,90,0,107,32,0,32,139
07/06/2012,TYR,TX,ASW,CE,Federal Contract Tower,0,14,13,3,30,0,3,88,0,91,0,17,101,3,121,36,0,36,157
07/07/2012,TYR,TX,ASW,CE,Federal Contract Tower,0,10,7,0,17,0,0,98,0,98,0,10,105,0,115,94,0,94,209
07/08/2012,TYR,TX,ASW,CE,Federal Contract Tower,0,18,13,1,32,0,0,32,0,32,0,18,45,1,64,26,0,26,90
07/09/2012,TYR,TX,ASW,CE,Federal Contract Tower,0,19,23,0,42,0,1,16,0,17,0,20,39,0,59,0,0,0,59
07/10/2012,TYR,TX,ASW,CE,Federal Contract Tower,0,17,25,0,42,0,4,9,2,15,0,21,34,2,57,8,0,8,65
07/11/2012,TYR,TX,ASW,CE,Federal Contract Tower,0,17,15,1,33,0,6,15,2,23,0,23,30,3,56,18,0,18,74
07/12/2012,TYR,TX,ASW,CE,Federal Contract Tower,0,18,24,0,42,0,4,24,3,31,0,22,48,3,73,12,0,12,85
07/13/2012,TYR,TX,ASW,CE,Federal Contract Tower,0,18,17,1,36,0,5,36,1,42,0,23,53,2,78,20,2,22,100
07/14/2012,TYR,TX,ASW,CE,Federal Contract Tower,0,12,15,17,44,0,1,39,1,41,0,13,54,18,85,38,22,60,145
07/15/2012,TYR,TX,ASW,CE,Federal Contract Tower,0,16,13,1,30,0,0,24,0,24,0,16,37,1,54,10,0,10,64
07/16/2012,TYR,TX,ASW,CE,Federal Contract Tower,0,17,23,0,40,0,5,66,0,71,0,22,89,0,111,84,0,84,195
07/17/2012,TYR,TX,ASW,CE,Federal Contract Tower,0,18,20,1,39,0,2,55,1,58,0,20,75,2,97,42,2,44,141
07/18/2012,TYR,TX,ASW,CE,Federal Contract Tower,0,25,16,0,41,0,0,63,0,63,0,25,79,0,104,46,0,46,150
07/19/2012,TYR,TX,ASW,CE,Federal Contract Tower,0,30,23,0,53,0,1,96,0,97,0,31,119,0,150,42,0,42,192
07/20/2012,TYR,TX,ASW,CE,Federal Contract Tower,0,23,17,2,42,0,4,76,0,80,0,27,93,2,122,76,0,76,198
07/21/2012,TYR,TX,ASW,CE,Federal Contract Tower,0,11,11,0,22,0,0,52,0,52,0,11,63,0,74,18,0,18,92
07/22/2012,TYR,TX,ASW,CE,Federal Contract Tower,0,18,13,0,31,0,0,62,0,62,0,18,75,0,93,26,0,26,119
07/23/2012,TYR,TX,ASW,CE,Federal Contract Tower,0,16,11,1,28,0,1,34,0,35,0,17,45,1,63,64,2,66,129
07/24/2012,TYR,TX,ASW,CE,Federal Contract Tower,0,22,19,0,41,0,4,62,0,66,0,26,81,0,107,82,0,82,189
07/25/2012,TYR,TX,ASW,CE,Federal Contract Tower,0,22,19,0,41,0,3,62,0,65,0,25,81,0,106,78,0,78,184
07/26/2012,TYR,TX,ASW,CE,Federal Contract Tower,0,22,17,1,40,0,10,38,1,49,0,32,55,2,89,56,0,56,145
07/27/2012,TYR,TX,ASW,CE,Federal Contract Tower,0,22,21,2,45,0,5,23,0,28,0,27,44,2,73,36,0,36,109
07/28/2012,TYR,TX,ASW,CE,Federal Contract Tower,0,13,13,0,26,0,6,52,0,58,0,19,65,0,84,18,0,18,102
07/29/2012,TYR,TX,ASW,CE,Federal Contract Tower,0,14,2,0,16,0,0,60,0,60,0,14,62,0,76,14,0,14,90
07/30/2012,TYR,TX,ASW,CE,Federal Contract Tower,0,17,18,0,35,0,1,65,0,66,0,18,83,0,101,44,0,44,145
07/31/2012,TYR,TX,ASW,CE,Federal Contract Tower,0,19,12,0,31,0,1,53,0,54,0,20,65,0,85,66,0,66,151
08/01/2012,TYR,TX,ASW,CE,Federal Contract Tower,0,21,15,0,36,0,0,78,0,78,0,21,93,0,114,84,0,84,198
08/02/2012,TYR,TX,ASW,CE,Federal Contract Tower,0,19,15,0,34,0,1,60,0,61,0,20,75,0,95,80,0,80,175
08/03/2012,TYR,TX,ASW,CE,Federal Contract Tower,0,15,16,0,31,0,2,44,0,46,0,17,60,0,77,76,0,76,153
08/04/2012,TYR,TX,ASW,CE,Federal Contract Tower,0,15,11,0,26,0,0,49,0,49,0,15,60,0,75,0,0,0,75
08/05/2012,TYR,TX,ASW,CE,Federal Contract Tower,0,11,23,0,34,0,0,51,0,51,0,11,74,0,85,0,0,0,85
08/06/2012,TYR,TX,ASW,CE,Federal Contract Tower,0,15,7,0,22,0,1,40,0,41,0,16,47,0,63,0,0,0,63
08/07/2012,TYR,TX,ASW,CE,Federal Contract Tower,0,18,12,0,30,0,9,54,0,63,0,27,66,0,93,52,0,52,145
08/08/2012,TYR,TX,ASW,CE,Federal Contract Tower,0,18,19,0,37,0,3,43,0,46,0,21,62,0,83,44,0,44,127
08/09/2012,TYR,TX,ASW,CE,Federal Contract Tower,0,16,17,0,33,0,1,49,0,50,0,17,66,0,83,50,0,50,133
08/10/2012,TYR,TX,ASW,CE,Federal Contract Tower,0,16,15,2,33,0,4,44,0,48,0,20,59,2,81,60,0,60,141
08/11/2012,TYR,TX,ASW,CE,Federal Contract Tower,0,11,11,0,22,0,3,70,0,73,0,14,81,0,95,14,0,14,109
08/12/2012,TYR,TX,ASW,CE,Federal Contract Tower,0,12,18,0,30,0,0,41,0,41,0,12,59,0,71,42,0,42,113
08/13/2012,TYR,TX,ASW,CE,Federal Contract Tower,0,16,4,0,20,0,1,46,0,47,0,17,50,0,67,62,0,62,129
08/14/2012,TYR,TX,ASW,CE,Federal Contract Tower,0,18,15,0,33,0,1,71,0,72,0,19,86,0,105,38,0,38,143
08/15/2012,TYR,TX,ASW,CE,Federal Contract Tower,0,19,23,0,42,0,1,30,2,33,0,20,53,2,75,14,0,14,89
08/16/2012,TYR,TX,ASW,CE,Federal Contract Tower,0,21,15,0,36,0,1,37,0,38,0,22,52,0,74,22,0,22,96
08/17/2012,TYR,TX,ASW,CE,Federal Contract Tower,0,18,19,1,38,0,3,41,1,45,0,21,60,2,83,41,0,41,124
08/18/2012,TYR,TX,ASW,CE,Federal Contract Tower,2,15,3,0,20,0,0,15,0,15,2,15,18,0,35,82,0,82,117
08/19/2012,TYR,TX,ASW,CE,Federal Contract Tower,0,15,18,0,33,0,0,37,0,37,0,15,55,0,70,0,0,0,70
08/20/2012,TYR,TX,ASW,CE,Federal Contract Tower,0,19,8,0,27,0,1,67,0,68,0,20,75,0,95,32,0,32,127
08/21/2012,TYR,TX,ASW,CE,Federal Contract Tower,0,17,14,0,31,0,7,34,0,41,0,24,48,0,72,66,0,66,138
08/22/2012,TYR,TX,ASW,CE,Federal Contract Tower,0,24,33,0,57,0,14,73,0,87,0,38,106,0,144,36,0,36,180
08/23/2012,TYR,TX,ASW,CE,Federal Contract Tower,0,22,19,0,41,0,3,51,0,54,0,25,70,0,95,18,0,18,113
08/24/2012,TYR,TX,ASW,CE,Federal Contract Tower,0,18,16,0,34,0,2,44,2,48,0,20,60,2,82,42,0,42,124
08/25/2012,TYR,TX,ASW,CE,Federal Contract Tower,4,17,15,0,36,0,0,13,0,13,4,17,28,0,49,2,0,2,51
08/26/2012,TYR,TX,ASW,CE,Federal Contract Tower,0,14,6,0,20,0,0,21,0,21,0,14,27,0,41,0,0,0,41
08/27/2012,TYR,TX,ASW,CE,Federal Contract Tower,0,19,5,0,24,0,1,31,0,32,0,20,36,0,56,60,0,60,116
08/28/2012,TYR,TX,ASW,CE,Federal Contract Tower,2,20,8,0,30,0,1,57,1,59,2,21,65,1,89,80,0,80,169
08/29/2012,TYR,TX,ASW,CE,Federal Contract Tower,0,22,8,0,30,0,0,53,5,58,0,22,61,5,88,38,0,38,126
08/30/2012,TYR,TX,ASW,CE,Federal Contract Tower,0,23,8,0,31,0,0,47,3,50,0,23,55,3,81,60,0,60,141
08/31/2012,TYR,TX,ASW,CE,Federal Contract Tower,0,16,23,4,43,0,1,40,5,46,0,17,63,9,89,14,0,14,103
09/01/2012,TYR,TX,ASW,CE,Federal Contract Tower,0,10,16,1,27,0,5,23,2,30,0,15,39,3,57,16,0,16,73
09/02/2012,TYR,TX,ASW,CE,Federal Contract Tower,0,8,11,0,19,0,0,29,0,29,0,8,40,0,48,4,0,4,52
09/03/2012,TYR,TX,ASW,CE,Federal Contract Tower,0,13,18,0,31,0,2,73,0,75,0,15,91,0,106,48,0,48,154
09/04/2012,TYR,TX,ASW,CE,Federal Contract Tower,0,20,9,0,29,0,7,75,0,82,0,27,84,0,111,84,0,84,195
09/05/2012,TYR,TX,ASW,CE,Federal Contract Tower,0,19,17,0,36,0,8,34,0,42,0,27,51,0,78,62,0,62,140
09/06/2012,TYR,TX,ASW,CE,Federal Contract Tower,0,19,16,0,35,0,4,43,0,47,0,23,59,0,82,48,0,48,130
09/07/2012,TYR,TX,ASW,CE,Federal Contract Tower,0,20,16,0,36,0,1,40,0,41,0,21,56,0,77,6,0,6,83
09/08/2012,TYR,TX,ASW,CE,Federal Contract Tower,0,14,10,1,25,0,3,31,0,34,0,17,41,1,59,4,0,4,63
09/09/2012,TYR,TX,ASW,CE,Federal Contract Tower,0,13,7,0,20,0,0,46,0,46,0,13,53,0,66,32,0,32,98
09/10/2012,TYR,TX,ASW,CE,Federal Contract Tower,0,16,12,0,28,0,1,48,0,49,0,17,60,0,77,24,0,24,101
09/11/2012,TYR,TX,ASW,CE,Federal Contract Tower,0,18,12,0,30,0,1,39,1,41,0,19,51,1,71,4,0,4,75
09/12/2012,TYR,TX,ASW,CE,Federal Contract Tower,0,17,12,2,31,0,0,52,0,52,0,17,64,2,83,46,0,46,129
09/13/2012,TYR,TX,ASW,CE,Federal Contract Tower,0,17,23,4,44,0,2,13,0,15,0,19,36,4,59,32,0,32,91
09/14/2012,TYR,TX,ASW,CE,Federal Contract Tower,0,16,29,0,45,0,2,14,0,16,0,18,43,0,61,20,0,20,81
09/15/2012,TYR,TX,ASW,CE,Federal Contract Tower,0,14,19,0,33,0,0,23,0,23,0,14,42,0,56,2,0,2,58
09/16/2012,TYR,TX,ASW,CE,Federal Contract Tower,0,15,26,0,41,0,0,3,0,3,0,15,29,0,44,0,0,0,44
09/17/2012,TYR,TX,ASW,CE,Federal Contract Tower,0,22,32,0,54,0,1,14,0,15,0,23,46,0,69,14,0,14,83
09/18/2012,TYR,TX,ASW,CE,Federal Contract Tower,0,17,19,2,38,0,1,80,1,82,0,18,99,3,120,78,2,80,200
09/19/2012,TYR,TX,ASW,CE,Federal Contract Tower,0,18,16,2,36,0,8,107,0,115,0,26,123,2,151,74,0,74,225
09/20/2012,TYR,TX,ASW,CE,Federal Contract Tower,0,18,20,0,38,0,1,96,0,97,0,19,116,0,135,114,0,114,249
09/21/2012,TYR,TX,ASW,CE,Federal Contract Tower,0,17,19,0,36,0,1,83,0,84,0,18,102,0,120,158,0,158,278
09/22/2012,TYR,TX,ASW,CE,Federal Contract Tower,0,12,20,0,32,0,6,53,0,59,0,18,73,0,91,60,0,60,151
09/23/2012,TYR,TX,ASW,CE,Federal Contract Tower,0,12,11,0,23,0,0,60,0,60,0,12,71,0,83,20,0,20,103
09/24/2012,TYR,TX,ASW,CE,Federal Contract Tower,0,18,16,0,34,0,1,77,0,78,0,19,93,0,112,74,0,74,186
09/25/2012,TYR,TX,ASW,CE,Federal Contract Tower,0,15,31,1,47,0,2,43,0,45,0,17,74,1,92,20,0,20,112
09/26/2012,TYR,TX,ASW,CE,Federal Contract Tower,0,22,27,0,49,0,11,69,0,80,0,33,96,0,129,46,0,46,175
09/27/2012,TYR,TX,ASW,CE,Federal Contract Tower,0,19,26,0,45,0,11,65,0,76,0,30,91,0,121,80,0,80,201
09/28/2012,TYR,TX,ASW,CE,Federal Contract Tower,0,18,19,0,37,0,2,36,1,39,0,20,55,1,76,104,10,114,190
09/29/2012,TYR,TX,ASW,CE,Federal Contract Tower,0,13,9,0,22,0,2,6,0,8,0,15,15,0,30,26,0,26,56
09/30/2012,TYR,TX,ASW,CE,Federal Contract Tower,0,16,19,0,35,0,0,11,0,11,0,16,30,0,46,18,0,18,64
10/01/2012,TYR,TX,ASW,CE,Federal Contract Tower,0,15,23,0,38,0,1,58,0,59,0,16,81,0,97,28,0,28,125
10/02/2012,TYR,TX,ASW,CE,Federal Contract Tower,0,19,11,2,32,0,3,57,4,64,0,22,68,6,96,54,0,54,150
10/03/2012,TYR,TX,ASW,CE,Federal Contract Tower,0,20,22,0,42,0,9,81,1,91,0,29,103,1,133,86,0,86,219
10/04/2012,TYR,TX,ASW,CE,Federal Contract Tower,0,25,20,0,45,0,2,49,1,52,0,27,69,1,97,52,2,54,151
10/05/2012,TYR,TX,ASW,CE,Federal Contract Tower,0,24,21,0,45,0,7,35,1,43,0,31,56,1,88,42,6,48,136
10/06/2012,TYR,TX,ASW,CE,Federal Contract Tower,0,15,37,0,52,0,1,0,0,1,0,16,37,0,53,0,0,0,53
10/07/2012,TYR,TX,ASW,CE,Federal Contract Tower,0,12,16,0,28,0,0,34,0,34,0,12,50,0,62,0,0,0,62
10/08/2012,TYR,TX,ASW,CE,Federal Contract Tower,0,16,14,0,30,0,1,40,0,41,0,17,54,0,71,0,0,0,71
10/09/2012,TYR,TX,ASW,CE,Federal Contract Tower,0,17,22,3,42,0,10,34,1,45,0,27,56,4,87,52,0,52,139
10/10/2012,TYR,TX,ASW,CE,Federal Contract Tower,0,20,27,0,47,0,5,27,0,32,0,25,54,0,79,46,0,46,125
10/11/2012,TYR,TX,ASW,CE,Federal Contract Tower,2,16,26,0,44,0,2,17,0,19,2,18,43,0,63,30,0,30,93
10/12/2012,TYR,TX,ASW,CE,Federal Contract Tower,0,21,28,0,49,0,1,38,0,39,0,22,66,0,88,70,0,70,158
10/13/2012,TYR,TX,ASW,CE,Federal Contract Tower,0,13,16,0,29,0,1,19,6,26,0,14,35,6,55,4,0,4,59
10/14/2012,TYR,TX,ASW,CE,Federal Contract Tower,2,18,14,0,34,0,0,44,0,44,2,18,58,0,78,0,0,0,78
10/15/2012,TYR,TX,ASW,CE,Federal Contract Tower,0,15,15,0,30,0,1,78,0,79,0,16,93,0,109,30,0,30,139
10/16/2012,TYR,TX,ASW,CE,Federal Contract Tower,0,17,30,2,49,0,3,51,0,54,0,20,81,2,103,32,2,34,137
10/17/2012,TYR,TX,ASW,CE,Federal Contract Tower,0,20,19,0,39,0,3,21,0,24,0,23,40,0,63,10,0,10,73
10/18/2012,TYR,TX,ASW,CE,Federal Contract Tower,0,20,26,0,46,0,3,66,1,70,0,23,92,1,116,28,0,28,144
10/19/2012,TYR,TX,ASW,CE,Federal Contract Tower,0,19,30,0,49,0,4,72,0,76,0,23,102,0,125,122,0,122,247
10/20/2012,TYR,TX,ASW,CE,Federal Contract Tower,0,14,15,0,29,0,2,71,0,73,0,16,86,0,102,28,0,28,130
10/21/2012,TYR,TX,ASW,CE,Federal Contract Tower,0,16,30,0,46,0,0,38,0,38,0,16,68,0,84,4,0,4,88
10/22/2012,TYR,TX,ASW,CE,Federal Contract Tower,0,15,21,2,38,0,1,24,0,25,0,16,45,2,63,18,0,18,81
10/23/2012,TYR,TX,ASW,CE,Federal Contract Tower,0,25,29,0,54,0,7,24,0,31,0,32,53,0,85,20,0,20,105
10/24/2012,TYR,TX,ASW,CE,Federal Contract Tower,0,21,34,0,55,0,2,36,1,39,0,23,70,1,94,22,0,22,116
10/25/2012,TYR,TX,ASW,CE,Federal Contract Tower,0,16,42,1,59,0,8,26,0,34,0,24,68,1,93,38,0,38,131
10/26/2012,TYR,TX,ASW,CE,Federal Contract Tower,0,24,22,0,46,0,1,15,0,16,0,25,37,0,62,16,0,16,78
10/27/2012,TYR,TX,ASW,CE,Federal Contract Tower,0,12,17,4,33,0,1,86,1,88,0,13,103,5,121,18,0,18,139
10/28/2012,TYR,TX,ASW,CE,Federal Contract Tower,0,13,14,0,27,0,0,71,0,71,0,13,85,0,98,14,0,14,112
10/29/2012,TYR,TX,ASW,CE,Federal Contract Tower,0,20,11,0,31,0,1,74,0,75,0,21,85,0,106,42,0,42,148
10/30/2012,TYR,TX,ASW,CE,Federal Contract Tower,0,21,12,0,33,0,1,63,0,64,0,22,75,0,97,34,0,34,131
10/31/2012,TYR,TX,ASW,CE,Federal Contract Tower,0,23,22,3,48,0,4,78,0,82,0,27,100,3,130,26,0,26,156
11/01/2012,TYR,TX,ASW,CE,Federal Contract Tower,0,23,20,0,43,0,4,54,0,58,0,27,74,0,101,24,0,24,125
11/02/2012,TYR,TX,ASW,CE,Federal Contract Tower,0,17,17,0,34,0,4,76,0,80,0,21,93,0,114,26,0,26,140
11/03/2012,TYR,TX,ASW,CE,Federal Contract Tower,0,12,22,0,34,0,0,16,0,16,0,12,38,0,50,24,0,24,74
11/04/2012,TYR,TX,ASW,CE,Federal Contract Tower,0,14,17,0,31,0,0,50,0,50,0,14,67,0,81,6,0,6,87
11/05/2012,TYR,TX,ASW,CE,Federal Contract Tower,0,15,16,0,31,0,1,34,0,35,0,16,50,0,66,30,0,30,96
11/06/2012,TYR,TX,ASW,CE,Federal Contract Tower,0,17,25,0,42,0,3,66,0,69,0,20,91,0,111,66,0,66,177
11/07/2012,TYR,TX,ASW,CE,Federal Contract Tower,0,18,17,0,35,0,8,58,0,66,0,26,75,0,101,48,0,48,149
11/08/2012,TYR,TX,ASW,CE,Federal Contract Tower,0,17,23,2,42,0,1,49,0,50,0,18,72,2,92,26,0,26,118
11/09/2012,TYR,TX,ASW,CE,Federal Contract Tower,0,19,30,0,49,0,2,29,14,45,0,21,59,14,94,16,0,16,110
11/10/2012,TYR,TX,ASW,CE,Federal Contract Tower,0,13,5,0,18,0,1,21,0,22,0,14,26,0,40,2,0,2,42
11/11/2012,TYR,TX,ASW,CE,Federal Contract Tower,0,18,21,0,39,0,0,9,1,10,0,18,30,1,49,0,0,0,49
11/12/2012,TYR,TX,ASW,CE,Federal Contract Tower,0,17,15,0,32,0,2,68,0,70,0,19,83,0,102,26,0,26,128
11/13/2012,TYR,TX,ASW,CE,Federal Contract Tower,0,18,25,0,43,0,5,51,0,56,0,23,76,0,99,38,0,38,137
11/14/2012,TYR,TX,ASW,CE,Federal Contract Tower,0,22,20,0,42,0,8,65,2,75,0,30,85,2,117,48,0,48,165
11/15/2012,TYR,TX,ASW,CE,Federal Contract Tower,0,22,32,2,56,0,5,34,1,40,0,27,66,3,96,32,4,36,132
11/16/2012,TYR,TX,ASW,CE,Federal Contract Tower,0,19,12,0,31,0,1,64,3,68,0,20,76,3,99,144,6,150,249
11/17/2012,TYR,TX,ASW,CE,Federal Contract Tower,0,9,12,0,21,0,2,81,0,83,0,11,93,0,104,26,0,26,130
11/18/2012,TYR,TX,ASW,CE,Federal Contract Tower,0,14,10,0,24,0,0,49,0,49,0,14,59,0,73,12,0,12,85
11/19/2012,TYR,TX,ASW,CE,Federal Contract Tower,0,19,17,0,36,0,1,47,0,48,0,20,64,0,84,66,0,66,150
11/20/2012,TYR,TX,ASW,CE,Federal Contract Tower,0,23,20,0,43,0,2,95,0,97,0,25,115,0,140,74,0,74,214
11/21/2012,TYR,TX,ASW,CE,Federal Contract Tower,0,19,20,0,39,0,3,101,0,104,0,22,121,0,143,36,0,36,179
11/22/2012,TYR,TX,ASW,CE,Federal Contract Tower,0,9,1,0,10,0,0,33,0,33,0,9,34,0,43,14,0,14,57
11/23/2012,TYR,TX,ASW,CE,Federal Contract Tower,0,10,13,0,23,0,2,26,0,28,0,12,39,0,51,20,0,20,71
11/24/2012,TYR,TX,ASW,CE,Federal Contract Tower,0,9,13,0,22,0,2,57,0,59,0,11,70,0,81,34,0,34,115
11/25/2012,TYR,TX,ASW,CE,Federal Contract Tower,0,13,17,0,30,0,0,63,0,63,0,13,80,0,93,24,0,24,117
11/26/2012,TYR,TX,ASW,CE,Federal Contract Tower,0,18,18,1,37,0,1,38,1,40,0,19,56,2,77,16,0,16,93
11/27/2012,TYR,TX,ASW,CE,Federal Contract Tower,0,15,18,1,34,0,1,55,3,59,0,16,73,4,93,66,4,70,163
11/28/2012,TYR,TX,ASW,CE,Federal Contract Tower,0,16,18,0,34,0,8,47,0,55,0,24,65,0,89,42,0,42,131
11/29/2012,TYR,TX,ASW,CE,Federal Contract Tower,0,17,10,0,27,0,3,57,0,60,0,20,67,0,87,46,0,46,133
11/30/2012,TYR,TX,ASW,CE,Federal Contract Tower,2,18,19,0,39,0,1,16,0,17,2,19,35,0,56,0,0,0,56
12/01/2012,TYR,TX,ASW,CE,Federal Contract Tower,0,14,20,0,34,0,1,18,0,19,0,15,38,0,53,14,0,14,67
12/02/2012,TYR,TX,ASW,CE,Federal Contract Tower,0,10,10,0,20,0,0,23,0,23,0,10,33,0,43,0,0,0,43
12/03/2012,TYR,TX,ASW,CE,Federal Contract Tower,0,16,12,0,28,0,1,40,0,41,0,17,52,0,69,22,0,22,91
12/04/2012,TYR,TX,ASW,CE,Federal Contract Tower,0,17,31,0,48,0,1,21,0,22,0,18,52,0,70,6,0,6,76
12/05/2012,TYR,TX,ASW,CE,Federal Contract Tower,0,19,27,0,46,0,1,39,2,42,0,20,66,2,88,26,0,26,114
12/06/2012,TYR,TX,ASW,CE,Federal Contract Tower,0,21,32,0,53,0,0,41,0,41,0,21,73,0,94,24,0,24,118
12/07/2012,TYR,TX,ASW,CE,Federal Contract Tower,0,19,38,0,57,0,5,28,0,33,0,24,66,0,90,48,0,48,138
12/08/2012,TYR,TX,ASW,CE,Federal Contract Tower,0,10,19,0,29,0,0,17,0,17,0,10,36,0,46,4,0,4,50
12/09/2012,TYR,TX,ASW,CE,Federal Contract Tower,0,16,17,0,33,0,0,8,0,8,0,16,25,0,41,0,0,0,41
12/10/2012,TYR,TX,ASW,CE,Federal Contract Tower,0,18,11,0,29,0,1,37,13,51,0,19,48,13,80,2,0,2,82
12/11/2012,TYR,TX,ASW,CE,Federal Contract Tower,0,16,19,0,35,0,0,61,0,61,0,16,80,0,96,42,0,42,138
12/12/2012,TYR,TX,ASW,CE,Federal Contract Tower,0,15,20,0,35,0,1,96,0,97,0,16,116,0,132,38,0,38,170
12/13/2012,TYR,TX,ASW,CE,Federal Contract Tower,0,22,25,0,47,0,0,60,0,60,0,22,85,0,107,2,2,4,111
12/14/2012,TYR,TX,ASW,CE,Federal Contract Tower,0,20,37,0,57,0,1,31,0,32,0,21,68,0,89,28,0,28,117
12/15/2012,TYR,TX,ASW,CE,Federal Contract Tower,0,12,5,0,17,0,1,42,0,43,0,13,47,0,60,30,0,30,90
12/16/2012,TYR,TX,ASW,CE,Federal Contract Tower,0,12,25,0,37,0,0,26,0,26,0,12,51,0,63,0,0,0,63
12/17/2012,TYR,TX,ASW,CE,Federal Contract Tower,0,15,11,0,26,0,1,59,0,60,0,16,70,0,86,42,0,42,128
12/18/2012,TYR,TX,ASW,CE,Federal Contract Tower,0,16,18,1,35,0,0,51,1,52,0,16,69,2,87,50,12,62,149
12/19/2012,TYR,TX,ASW,CE,Federal Contract Tower,0,24,26,0,50,0,1,11,0,12,0,25,37,0,62,6,0,6,68
12/20/2012,TYR,TX,ASW,CE,Federal Contract Tower,0,21,11,0,32,0,0,37,4,41,0,21,48,4,73,6,0,6,79
12/21/2012,TYR,TX,ASW,CE,Federal Contract Tower,0,15,21,1,37,0,3,75,0,78,0,18,96,1,115,41,0,41,156
12/22/2012,TYR,TX,ASW,CE,Federal Contract Tower,0,12,3,0,15,0,0,44,0,44,0,12,47,0,59,4,0,4,63
12/23/2012,TYR,TX,ASW,CE,Federal Contract Tower,0,12,27,0,39,0,0,47,0,47,0,12,74,0,86,22,0,22,108
12/24/2012,TYR,TX,ASW,CE,Federal Contract Tower,0,10,6,0,16,0,0,27,0,27,0,10,33,0,43,8,0,8,51
12/25/2012,TYR,TX,ASW,CE,Federal Contract Tower,0,6,1,0,7,0,0,0,0,0,0,6,1,0,7,2,0,2,9
12/26/2012,TYR,TX,ASW,CE,Federal Contract Tower,0,17,20,0,37,0,5,17,0,22,0,22,37,0,59,8,0,8,67
12/27/2012,TYR,TX,ASW,CE,Federal Contract Tower,0,17,30,0,47,0,5,34,0,39,0,22,64,0,86,16,0,16,102
12/28/2012,TYR,TX,ASW,CE,Federal Contract Tower,0,16,16,2,34,0,0,2,0,2,0,16,18,2,36,12,0,12,48
12/29/2012,TYR,TX,ASW,CE,Federal Contract Tower,0,8,7,0,15,0,2,71,0,73,0,10,78,0,88,12,0,12,100
12/30/2012,TYR,TX,ASW,CE,Federal Contract Tower,0,11,7,0,18,0,0,38,0,38,0,11,45,0,56,0,0,0,56
12/31/2012,TYR,TX,ASW,CE,Federal Contract Tower,0,18,4,0,22,0,0,0,0,0,0,18,4,0,22,0,0,0,22
01/01/2013,TYR,TX,ASW,CE,Federal Contract Tower,0,13,8,0,21,0,0,0,0,0,0,13,8,0,21,10,0,10,31
01/02/2013,TYR,TX,ASW,CE,Federal Contract Tower,0,17,23,0,40,0,1,33,0,34,0,18,56,0,74,6,0,6,80
01/03/2013,TYR,TX,ASW,CE,Federal Contract Tower,0,19,5,0,24,0,0,48,0,48,0,19,53,0,72,24,0,24,96
01/04/2013,TYR,TX,ASW,CE,Federal Contract Tower,0,15,17,0,32,0,1,21,0,22,0,16,38,0,54,30,0,30,84
01/05/2013,TYR,TX,ASW,CE,Federal Contract Tower,0,14,18,0,32,0,1,47,2,50,0,15,65,2,82,16,4,20,102
01/06/2013,TYR,TX,ASW,CE,Federal Contract Tower,0,10,16,0,26,0,0,78,0,78,0,10,94,0,104,22,0,22,126
01/07/2013,TYR,TX,ASW,CE,Federal Contract Tower,0,16,3,0,19,0,1,90,0,91,0,17,93,0,110,42,0,42,152
01/08/2013,TYR,TX,ASW,CE,Federal Contract Tower,0,22,6,0,28,0,0,4,0,4,0,22,10,0,32,0,0,0,32
01/09/2013,TYR,TX,ASW,CE,Federal Contract Tower,0,17,3,0,20,0,0,0,0,0,0,17,3,0,20,0,0,0,20
01/10/2013,TYR,TX,ASW,CE,Federal Contract Tower,0,17,27,0,44,0,1,58,4,63,0,18,85,4,107,18,0,18,125
01/11/2013,TYR,TX,ASW,CE,Federal Contract Tower,0,12,7,0,19,0,3,51,0,54,0,15,58,0,73,14,0,14,87
01/12/2013,TYR,TX,ASW,CE,Federal Contract Tower,0,11,8,0,19,0,0,0,0,0,0,11,8,0,19,0,0,0,19
01/13/2013,TYR,TX,ASW,CE,Federal Contract Tower,0,14,7,0,21,0,0,18,0,18,0,14,25,0,39,0,0,0,39
01/14/2013,TYR,TX,ASW,CE,Federal Contract Tower,0,14,8,0,22,0,1,40,0,41,0,15,48,0,63,38,0,38,101
01/15/2013,TYR,TX,ASW,CE,Federal Contract Tower,0,10,8,0,18,0,0,0,0,0,0,10,8,0,18,0,0,0,18
01/16/2013,TYR,TX,ASW,CE,Federal Contract Tower,0,18,14,0,32,0,1,49,0,50,0,19,63,0,82,2,0,2,84
01/17/2013,TYR,TX,ASW,CE,Federal Contract Tower,0,19,19,1,39,0,1,59,0,60,0,20,78,1,99,38,12,50,149
01/18/2013,TYR,TX,ASW,CE,Federal Contract Tower,0,12,13,1,26,0,0,78,0,78,0,12,91,1,104,46,0,46,150
01/19/2013,TYR,TX,ASW,CE,Federal Contract Tower,0,8,6,0,14,0,1,73,0,74,0,9,79,0,88,32,0,32,120
01/20/2013,TYR,TX,ASW,CE,Federal Contract Tower,0,10,7,0,17,0,0,52,0,52,0,10,59,0,69,2,0,2,71
01/21/2013,TYR,TX,ASW,CE,Federal Contract Tower,0,13,7,0,20,0,1,60,1,62,0,14,67,1,82,58,2,60,142
01/22/2013,TYR,TX,ASW,CE,Federal Contract Tower,0,14,17,2,33,0,7,53,2,62,0,21,70,4,95,26,0,26,121
01/23/2013,TYR,TX,ASW,CE,Federal Contract Tower,0,18,12,0,30,0,5,43,0,48,0,23,55,0,78,26,0,26,104
01/24/2013,TYR,TX,ASW,CE,Federal Contract Tower,0,14,20,0,34,0,4,8,0,12,0,18,28,0,46,6,0,6,52
01/25/2013,TYR,TX,ASW,CE,Federal Contract Tower,0,16,40,0,56,0,0,22,0,22,0,16,62,0,78,8,0,8,86
01/26/2013,TYR,TX,ASW,CE,Federal Contract Tower,0,9,8,0,17,0,0,0,0,0,0,9,8,0,17,0,0,0,17
01/27/2013,TYR,TX,ASW,CE,Federal Contract Tower,0,21,19,0,40,0,0,18,0,18,0,21,37,0,58,12,0,12,70
01/28/2013,TYR,TX,ASW,CE,Federal Contract Tower,0,13,12,0,25,0,2,15,0,17,0,15,27,0,42,0,0,0,42
01/29/2013,TYR,TX,ASW,CE,Federal Contract Tower,0,14,8,0,22,0,1,7,0,8,0,15,15,0,30,0,0,0,30
01/30/2013,TYR,TX,ASW,CE,Federal Contract Tower,0,20,20,0,40,0,3,41,0,44,0,23,61,0,84,4,0,4,88
01/31/2013,TYR,TX,ASW,CE,Federal Contract Tower,0,18,12,0,30,0,1,71,0,72,0,19,83,0,102,56,0,56,158
02/01/2013,TYR,TX,ASW,CE,Federal Contract Tower,0,16,25,1,42,0,1,68,1,70,0,17,93,2,112,4,0,4,116
02/02/2013,TYR,TX,ASW,CE,Federal Contract Tower,0,11,12,0,23,0,1,76,0,77,0,12,88,0,100,16,0,16,116
02/03/2013,TYR,TX,ASW,CE,Federal Contract Tower,0,13,12,5,30,0,0,87,0,87,0,13,99,5,117,12,8,20,137
02/04/2013,TYR,TX,ASW,CE,Federal Contract Tower,0,17,18,1,36,0,1,13,0,14,0,18,31,1,50,0,0,0,50
02/05/2013,TYR,TX,ASW,CE,Federal Contract Tower,0,23,25,0,48,0,3,9,0,12,0,26,34,0,60,12,0,12,72
02/06/2013,TYR,TX,ASW,CE,Federal Contract Tower,2,21,20,0,43,0,0,0,0,0,2,21,20,0,43,0,0,0,43
02/07/2013,TYR,TX,ASW,CE,Federal Contract Tower,0,15,31,2,48,0,2,9,5,16,0,17,40,7,64,28,2,30,94
02/08/2013,TYR,TX,ASW,CE,Federal Contract Tower,0,15,24,0,39,0,2,56,0,58,0,17,80,0,97,20,0,20,117
02/09/2013,TYR,TX,ASW,CE,Federal Contract Tower,0,10,24,1,35,0,0,0,0,0,0,10,24,1,35,14,0,14,49
02/10/2013,TYR,TX,ASW,CE,Federal Contract Tower,0,10,20,0,30,0,0,41,0,41,0,10,61,0,71,10,0,10,81
02/11/2013,TYR,TX,ASW,CE,Federal Contract Tower,0,13,12,0,25,0,1,24,0,25,0,14,36,0,50,6,0,6,56
02/12/2013,TYR,TX,ASW,CE,Federal Contract Tower,0,24,20,0,44,0,1,1,0,2,0,25,21,0,46,0,0,0,46
02/13/2013,TYR,TX,ASW,CE,Federal Contract Tower,0,17,21,0,38,0,2,33,0,35,0,19,54,0,73,16,0,16,89
02/14/2013,TYR,TX,ASW,CE,Federal Contract Tower,0,17,18,0,35,0,1,64,0,65,0,18,82,0,100,80,1,81,181
02/15/2013,TYR,TX,ASW,CE,Federal Contract Tower,0,17,15,1,33,0,3,41,14,58,0,20,56,15,91,30,18,48,139
02/16/2013,TYR,TX,ASW,CE,Federal Contract Tower,0,14,13,0,27,0,0,78,0,78,0,14,91,0,105,18,0,18,123
02/17/2013,TYR,TX,ASW,CE,Federal Contract Tower,0,14,14,0,28,0,0,60,0,60,0,14,74,0,88,20,0,20,108
02/18/2013,TYR,TX,ASW,CE,Federal Contract Tower,0,15,15,0,30,0,1,21,0,22,0,16,36,0,52,6,0,6,58
02/19/2013,TYR,TX,ASW,CE,Federal Contract Tower,0,16,24,0,40,0,1,98,0,99,0,17,122,0,139,78,0,78,217
02/20/2013,TYR,TX,ASW,CE,Federal Contract Tower,0,18,15,0,33,0,3,11,0,14,0,21,26,0,47,4,0,4,51
02/21/2013,TYR,TX,ASW,CE,Federal Contract Tower,0,19,11,0,30,0,3,3,1,7,0,22,14,1,37,14,0,14,51
02/22/2013,TYR,TX,ASW,CE,Federal Contract Tower,0,16,20,0,36,0,2,53,0,55,0,18,73,0,91,56,0,56,147
02/23/2013,TYR,TX,ASW,CE,Federal Contract Tower,0,13,6,0,19,0,2,68,0,70,0,15,74,0,89,86,0,86,175
02/24/2013,TYR,TX,ASW,CE,Federal Contract Tower,0,16,8,0,24,0,0,44,0,44,0,16,52,0,68,40,0,40,108
02/25/2013,TYR,TX,ASW,CE,Federal Contract Tower,0,12,7,1,20,0,0,9,2,11,0,12,16,3,31,18,10,28,59
02/26/2013,TYR,TX,ASW,CE,Federal Contract Tower,0,17,31,0,48,0,1,32,0,33,0,18,63,0,81,16,0,16,97
02/27/2013,TYR,TX,ASW,CE,Federal Contract Tower,0,18,27,0,45,0,1,52,0,53,0,19,79,0,98,30,0,30,128
02/28/2013,TYR,TX,ASW,CE,Federal Contract Tower,0,21,24,0,45,0,0,37,0,37,0,21,61,0,82,12,0,12,94
03/01/2013,TYR,TX,ASW,CE,Federal Contract Tower,0,19,17,0,36,0,1,52,0,53,0,20,69,0,89,64,0,64,153
03/02/2013,TYR,TX,ASW,CE,Federal Contract Tower,0,11,11,0,22,0,1,40,0,41,0,12,51,0,63,52,0,52,115
03/03/2013,TYR,TX,ASW,CE,Federal Contract Tower,0,13,12,0,25,0,0,36,0,36,0,13,48,0,61,18,0,18,79
03/04/2013,TYR,TX,ASW,CE,Federal Contract Tower,0,15,22,0,37,0,2,23,2,27,0,17,45,2,64,22,0,22,86
03/05/2013,TYR,TX,ASW,CE,Federal Contract Tower,0,20,29,0,49,0,0,30,0,30,0,20,59,0,79,36,0,36,115
03/06/2013,TYR,TX,ASW,CE,Federal Contract Tower,16,19,0,0,35,0,1,75,0,76,16,20,75,0,111,58,0,58,169
03/07/2013,TYR,TX,ASW,CE,Federal Contract Tower,0,17,21,0,38,0,2,53,1,56,0,19,74,1,94,48,4,52,146
03/08/2013,TYR,TX,ASW,CE,Federal Contract Tower,0,17,21,0,38,0,2,53,1,56,0,19,74,1,94,48,4,52,146
03/09/2013,TYR,TX,ASW,CE,Federal Contract Tower,0,12,14,0,26,0,0,12,0,12,0,12,26,0,38,48,0,48,86
03/10/2013,TYR,TX,ASW,CE,Federal Contract Tower,0,15,15,0,30,0,1,48,0,49,0,16,63,0,79,28,0,28,107
03/11/2013,TYR,TX,ASW,CE,Federal Contract Tower,0,12,17,0,29,0,0,33,0,33,0,12,50,0,62,90,0,90,152
03/12/2013,TYR,TX,ASW,CE,Federal Contract Tower,0,18,11,0,29,0,1,62,0,63,0,19,73,0,92,44,0,44,136
03/13/2013,TYR,TX,ASW,CE,Federal Contract Tower,0,21,12,0,33,0,1,83,0,84,0,22,95,0,117,64,0,64,181
03/14/2013,TYR,TX,ASW,CE,Federal Contract Tower,0,20,13,0,33,0,0,59,0,59,0,20,72,0,92,104,0,104,196
03/15/2013,TYR,TX,ASW,CE,Federal Contract Tower,0,13,17,0,30,0,1,51,1,53,0,14,68,1,83,46,0,46,129
03/16/2013,TYR,TX,ASW,CE,Federal Contract Tower,0,17,17,0,34,0,1,63,1,65,0,18,80,1,99,24,0,24,123
03/17/2013,TYR,TX,ASW,CE,Federal Contract Tower,0,13,17,3,33,0,0,40,1,41,0,13,57,4,74,20,18,38,112
03/18/2013,TYR,TX,ASW,CE,Federal Contract Tower,0,18,17,0,35,0,5,29,0,34,0,23,46,0,69,94,0,94,163
03/19/2013,TYR,TX,ASW,CE,Federal Contract Tower,0,19,24,2,45,0,1,65,1,67,0,20,89,3,112,64,18,82,194
03/20/2013,TYR,TX,ASW,CE,Federal Contract Tower,0,22,27,0,49,0,0,78,0,78,0,22,105,0,127,26,0,26,153
03/21/2013,TYR,TX,ASW,CE,Federal Contract Tower,0,0,21,30,51,0,1,38,0,39,0,1,59,30,90,22,0,22,112
03/22/2013,TYR,TX,ASW,CE,Federal Contract Tower,0,16,21,0,37,0,0,10,0,10,0,16,31,0,47,6,0,6,53
03/23/2013,TYR,TX,ASW,CE,Federal Contract Tower,0,12,13,0,25,0,0,0,0,0,0,12,13,0,25,2,0,2,27
03/24/2013,TYR,TX,ASW,CE,Federal Contract Tower,0,14,15,0,29,0,0,20,0,20,0,14,35,0,49,40,0,40,89
03/25/2013,TYR,TX,ASW,CE,Federal Contract Tower,0,20,10,2,32,0,0,37,0,37,0,20,47,2,69,18,0,18,87
03/26/2013,TYR,TX,ASW,CE,Federal Contract Tower,0,18,19,2,39,0,1,72,0,73,0,19,91,2,112,46,0,46,158
03/27/2013,TYR,TX,ASW,CE,Federal Contract Tower,0,21,20,0,41,0,0,58,0,58,0,21,78,0,99,58,0,58,157
03/28/2013,TYR,TX,ASW,CE,Federal Contract Tower,0,18,42,1,61,0,0,27,1,28,0,18,69,2,89,62,0,62,151
03/29/2013,TYR,TX,ASW,CE,Federal Contract Tower,0,22,28,0,50,0,0,39,0,39,0,22,67,0,89,76,0,76,165
03/30/2013,TYR,TX,ASW,CE,Federal Contract Tower,0,16,29,0,45,0,0,11,0,11,0,16,40,0,56,18,0,18,74
03/31/2013,TYR,TX,ASW,CE,Federal Contract Tower,0,14,20,0,34,0,0,18,0,18,0,14,38,0,52,14,0,14,66
04/01/2013,TYR,TX,ASW,CE,Federal Contract Tower,0,14,25,0,39,0,0,51,0,51,0,14,76,0,90,54,0,54,144
04/02/2013,TYR,TX,ASW,CE,Federal Contract Tower,0,20,19,0,39,0,0,18,0,18,0,20,37,0,57,32,0,32,89
04/03/2013,TYR,TX,ASW,CE,Federal Contract Tower,0,23,11,3,37,0,0,5,0,5,0,23,16,3,42,4,0,4,46
04/04/2013,TYR,TX,ASW,CE,Federal Contract Tower,0,21,43,2,66,0,0,14,0,14,0,21,57,2,80,16,0,16,96
04/05/2013,TYR,TX,ASW,CE,Federal Contract Tower,1,17,22,0,40,0,1,49,1,51,1,18,71,1,91,56,1,57,148
04/06/2013,TYR,TX,ASW,CE,Federal Contract Tower,1,12,16,0,29,0,1,40,0,41,1,13,56,0,70,25,0,25,95
04/07/2013,TYR,TX,ASW,CE,Federal Contract Tower,1,12,18,0,31,0,1,43,0,44,1,13,61,0,75,29,2,31,106
04/08/2013,TYR,TX,ASW,CE,Federal Contract Tower,0,17,18,0,35,0,0,16,0,16,0,17,34,0,51,26,0,26,77
04/09/2013,TYR,TX,ASW,CE,Federal Contract Tower,0,26,13,0,39,0,0,23,4,27,0,26,36,4,66,26,0,26,92
04/10/2013,TYR,TX,ASW,CE,Federal Contract Tower,0,12,9,0,21,0,0,1,0,1,0,12,10,0,22,0,0,0,22
04/11/2013,TYR,TX,ASW,CE,Federal Contract Tower,0,18,22,0,40,0,0,40,0,40,0,18,62,0,80,36,0,36,116
04/12/2013,TYR,TX,ASW,CE,Federal Contract Tower,2,19,16,0,37,0,0,88,0,88,2,19,104,0,125,106,0,106,231
04/13/2013,TYR,TX,ASW,CE,Federal Contract Tower,2,9,12,0,23,0,0,71,0,71,2,9,83,0,94,16,0,16,110
04/14/2013,TYR,TX,ASW,CE,Federal Contract Tower,0,13,13,0,26,0,0,44,0,44,0,13,57,0,70,54,0,54,124
04/15/2013,TYR,TX,ASW,CE,Federal Contract Tower,0,18,12,0,30,0,0,39,0,39,0,18,51,0,69,36,0,36,105
04/16/2013,TYR,TX,ASW,CE,Federal Contract Tower,0,15,25,5,45,0,0,42,2,44,0,15,67,7,89,36,24,60,149
04/17/2013,TYR,TX,ASW,CE,Federal Contract Tower,0,21,15,0,36,0,0,18,0,18,0,21,33,0,54,10,0,10,64
04/18/2013,TYR,TX,ASW,CE,Federal Contract Tower,0,15,14,0,29,0,0,6,0,6,0,15,20,0,35,0,0,0,35
04/19/2013,TYR,TX,ASW,CE,Federal Contract Tower,2,19,23,0,44,0,0,81,0,81,2,19,104,0,125,82,0,82,207
04/20/2013,TYR,TX,ASW,CE,Federal Contract Tower,2,12,15,0,29,0,2,67,0,69,2,14,82,0,98,56,0,56,154
04/21/2013,TYR,TX,ASW,CE,Federal Contract Tower,2,11,29,0,42,0,0,46,0,46,2,11,75,0,88,38,0,38,126
04/22/2013,TYR,TX,ASW,CE,Federal Contract Tower,2,17,13,0,32,0,0,50,0,50,2,17,63,0,82,52,0,52,134
04/23/2013,TYR,TX,ASW,CE,Federal Contract Tower,2,19,18,1,40,0,0,16,0,16,2,19,34,1,56,22,0,22,78
04/24/2013,TYR,TX,ASW,CE,Federal Contract Tower,2,16,15,0,33,0,1,37,0,38,2,17,52,0,71,8,0,8,79
04/25/2013,TYR,TX,ASW,CE,Federal Contract Tower,2,16,25,0,43,0,0,39,0,39,2,16,64,0,82,74,0,74,156
04/26/2013,TYR,TX,ASW,CE,Federal Contract Tower,2,21,27,0,50,0,1,28,0,29,2,22,55,0,79,58,0,58,137
04/27/2013,TYR,TX,ASW,CE,Federal Contract Tower,0,15,20,0,35,0,1,25,0,26,0,16,45,0,61,0,0,0,61
04/28/2013,TYR,TX,ASW,CE,Federal Contract Tower,2,10,21,0,33,0,6,78,0,84,2,16,99,0,117,42,0,42,159
04/29/2013,TYR,TX,ASW,CE,Federal Contract Tower,2,12,15,0,29,0,13,61,0,74,2,25,76,0,103,26,0,26,129
04/30/2013,TYR,TX,ASW,CE,Federal Contract Tower,2,16,24,0,42,0,7,49,4,60,2,23,73,4,102,46,0,46,148
05/01/2013,TYR,TX,ASW,CE,Federal Contract Tower,2,17,17,0,36,0,3,24,0,27,2,20,41,0,63,18,0,18,81
05/02/2013,TYR,TX,ASW,CE,Federal Contract Tower,2,15,20,0,37,0,0,0,2,2,2,15,20,2,39,2,0,2,41
05/03/2013,TYR,TX,ASW,CE,Federal Contract Tower,0,18,20,0,38,0,3,48,2,53,0,21,68,2,91,26,0,26,117
05/04/2013,TYR,TX,ASW,CE,Federal Contract Tower,2,10,8,0,20,0,3,76,0,79,2,13,84,0,99,50,0,50,149
05/05/2013,TYR,TX,ASW,CE,Federal Contract Tower,2,10,13,0,25,0,4,50,0,54,2,14,63,0,79,0,0,0,79
05/06/2013,TYR,TX,ASW,CE,Federal Contract Tower,2,14,22,0,38,0,1,76,0,77,2,15,98,0,115,60,0,60,175
05/07/2013,TYR,TX,ASW,CE,Federal Contract Tower,2,20,26,0,48,0,0,79,0,79,2,20,105,0,127,60,0,60,187
05/08/2013,TYR,TX,ASW,CE,Federal Contract Tower,2,21,18,0,41,0,3,66,0,69,2,24,84,0,110,34,0,34,144
05/09/2013,TYR,TX,ASW,CE,Federal Contract Tower,0,17,24,0,41,0,0,3,0,3,0,17,27,0,44,22,0,22,66
05/10/2013,TYR,TX,ASW,CE,Federal Contract Tower,0,18,20,0,38,0,0,30,0,30,0,18,50,0,68,22,0,22,90
05/11/2013,TYR,TX,ASW,CE,Federal Contract Tower,0,10,14,2,26,0,0,100,1,101,0,10,114,3,127,76,0,76,203
05/12/2013,TYR,TX,ASW,CE,Federal Contract Tower,2,14,11,0,27,0,0,36,0,36,2,14,47,0,63,32,0,32,95
05/13/2013,TYR,TX,ASW,CE,Federal Contract Tower,2,17,16,0,35,0,1,80,0,81,2,18,96,0,116,48,0,48,164
05/14/2013,TYR,TX,ASW,CE,Federal Contract Tower,5,10,27,0,42,0,2,56,0,58,5,12,83,0,100,30,0,30,130
05/15/2013,TYR,TX,ASW,CE,Federal Contract Tower,7,9,23,0,39,0,4,3,0,7,7,13,26,0,46,2,0,2,48
05/16/2013,TYR,TX,ASW,CE,Federal Contract Tower,6,16,36,0,58,0,7,26,0,33,6,23,62,0,91,36,0,36,127
05/17/2013,TYR,TX,ASW,CE,Federal Contract Tower,2,20,23,0,45,0,0,44,0,44,2,20,67,0,89,16,0,16,105
05/18/2013,TYR,TX,ASW,CE,Federal Contract Tower,4,14,10,0,28,0,0,49,0,49,4,14,59,0,77,16,0,16,93
05/19/2013,TYR,TX,ASW,CE,Federal Contract Tower,2,11,28,0,41,0,6,23,0,29,2,17,51,0,70,0,0,0,70
05/20/2013,TYR,TX,ASW,CE,Federal Contract Tower,2,17,31,0,50,0,7,6,0,13,2,24,37,0,63,0,0,0,63
05/21/2013,TYR,TX,ASW,CE,Federal Contract Tower,2,15,25,0,42,0,8,7,0,15,2,23,32,0,57,0,0,0,57
05/22/2013,TYR,TX,ASW,CE,Federal Contract Tower,2,22,18,4,46,0,1,52,0,53,2,23,70,4,99,0,0,0,99
05/23/2013,TYR,TX,ASW,CE,Federal Contract Tower,2,17,20,0,39,0,0,45,0,45,2,17,65,0,84,16,0,16,100
05/24/2013,TYR,TX,ASW,CE,Federal Contract Tower,0,25,37,0,62,0,1,36,0,37,0,26,73,0,99,12,0,12,111
05/25/2013,TYR,TX,ASW,CE,Federal Contract Tower,4,15,14,0,33,0,0,47,0,47,4,15,61,0,80,8,0,8,88
05/26/2013,TYR,TX,ASW,CE,Federal Contract Tower,2,12,30,0,44,0,6,27,0,33,2,18,57,0,77,20,0,20,97
05/27/2013,TYR,TX,ASW,CE,Federal Contract Tower,2,11,17,0,30,0,0,39,0,39,2,11,56,0,69,16,0,16,85
05/28/2013,TYR,TX,ASW,CE,Federal Contract Tower,4,16,20,0,40,0,11,49,0,60,4,27,69,0,100,64,0,64,164
05/29/2013,TYR,TX,ASW,CE,Federal Contract Tower,3,19,26,0,48,0,9,14,0,23,3,28,40,0,71,4,0,4,75
05/30/2013,TYR,TX,ASW,CE,Federal Contract Tower,0,20,14,0,34,0,6,21,0,27,0,26,35,0,61,10,0,10,71
05/31/2013,TYR,TX,ASW,CE,Federal Contract Tower,2,15,25,0,42,0,48,3,0,51,2,63,28,0,93,22,0,22,115
06/01/2013,TYR,TX,ASW,CE,Federal Contract Tower,1,14,13,0,28,0,9,52,0,61,1,23,65,0,89,36,0,36,125
06/02/2013,TYR,TX,ASW,CE,Federal Contract Tower,2,10,16,0,28,0,0,77,0,77,2,10,93,0,105,0,0,0,105
06/03/2013,TYR,TX,ASW,CE,Federal Contract Tower,2,14,14,0,30,0,7,65,2,74,2,21,79,2,104,14,0,14,118
06/04/2013,TYR,TX,ASW,CE,Federal Contract Tower,2,14,14,0,30,0,3,55,0,58,2,17,69,0,88,22,0,22,110
06/05/2013,TYR,TX,ASW,CE,Federal Contract Tower,2,16,10,0,28,0,3,45,0,48,2,19,55,0,76,18,0,18,94
06/06/2013,TYR,TX,ASW,CE,Federal Contract Tower,0,23,23,0,46,0,2,8,0,10,0,25,31,0,56,2,0,2,58
06/07/2013,TYR,TX,ASW,CE,Federal Contract Tower,0,18,28,0,46,0,0,72,0,72,0,18,100,0,118,44,0,44,162
06/08/2013,TYR,TX,ASW,CE,Federal Contract Tower,0,15,9,0,24,0,62,0,0,62,0,77,9,0,86,22,0,22,108
06/09/2013,TYR,TX,ASW,CE,Federal Contract Tower,0,15,10,4,29,0,20,36,2,58,0,35,46,6,87,50,0,50,137
06/10/2013,TYR,TX,ASW,CE,Federal Contract Tower,0,14,18,1,33,0,13,55,0,68,0,27,73,1,101,14,0,14,115
06/11/2013,TYR,TX,ASW,CE,Federal Contract Tower,4,24,18,0,46,0,5,67,0,72,4,29,85,0,118,76,0,76,194
06/12/2013,TYR,TX,ASW,CE,Federal Contract Tower,0,21,24,0,45,0,9,46,0,55,0,30,70,0,100,34,0,34,134
06/13/2013,TYR,TX,ASW,CE,Federal Contract Tower,0,18,13,1,32,0,0,74,0,74,0,18,87,1,106,92,0,92,198
06/14/2013,TYR,TX,ASW,CE,Federal Contract Tower,0,20,21,0,41,0,45,0,0,45,0,65,21,0,86,32,0,32,118
06/15/2013,TYR,TX,ASW,CE,Federal Contract Tower,0,14,10,0,24,0,4,32,0,36,0,18,42,0,60,44,0,44,104
06/16/2013,TYR,TX,ASW,CE,Federal Contract Tower,0,13,20,0,33,0,3,44,0,47,0,16,64,0,80,22,0,22,102
06/17/2013,TYR,TX,ASW,CE,Federal Contract Tower,0,15,9,0,24,0,1,45,2,48,0,16,54,2,72,18,0,18,90
06/18/2013,TYR,TX,ASW,CE,Federal Contract Tower,0,15,13,0,28,0,4,21,0,25,0,19,34,0,53,30,0,30,83
06/19/2013,TYR,TX,ASW,CE,Federal Contract Tower,0,13,18,0,31,0,4,40,0,44,0,17,58,0,75,18,0,18,93
06/20/2013,TYR,TX,ASW,CE,Federal Contract Tower,0,22,31,0,53,0,7,74,0,81,0,29,105,0,134,64,0,64,198
06/21/2013,TYR,TX,ASW,CE,Federal Contract Tower,0,15,23,0,38,0,0,82,2,84,0,15,105,2,122,50,8,58,180
06/22/2013,TYR,TX,ASW,CE,Federal Contract Tower,0,16,20,0,36,0,1,55,0,56,0,17,75,0,92,46,0,46,138
06/23/2013,TYR,TX,ASW,CE,Federal Contract Tower,0,13,20,0,33,0,12,54,0,66,0,25,74,0,99,0,0,0,99
06/24/2013,TYR,TX,ASW,CE,Federal Contract Tower,0,21,16,0,37,0,3,34,0,37,0,24,50,0,74,24,0,24,98
06/25/2013,TYR,TX,ASW,CE,Federal Contract Tower,0,22,12,0,34,0,3,29,0,32,0,25,41,0,66,34,0,34,100
06/26/2013,TYR,TX,ASW,CE,Federal Contract Tower,0,16,15,0,31,0,5,56,0,61,0,21,71,0,92,60,0,60,152
06/27/2013,TYR,TX,ASW,CE,Federal Contract Tower,0,18,17,0,35,0,7,53,0,60,0,25,70,0,95,26,0,26,121
06/28/2013,TYR,TX,ASW,CE,Federal Contract Tower,0,19,28,2,49,0,2,49,11,62,0,21,77,13,111,46,8,54,165
06/29/2013,TYR,TX,ASW,CE,Federal Contract Tower,0,16,18,0,34,0,5,56,1,62,0,21,74,1,96,30,0,30,126
06/30/2013,TYR,TX,ASW,CE,Federal Contract Tower,0,11,17,0,28,0,1,29,0,30,0,12,46,0,58,0,0,0,58
07/01/2013,TYR,TX,ASW,CE,Federal Contract Tower,0,18,14,0,32,0,19,53,0,72,0,37,67,0,104,14,0,14,118
07/02/2013,TYR,TX,ASW,CE,Federal Contract Tower,0,17,20,0,37,0,11,75,0,86,0,28,95,0,123,10,0,10,133
07/03/2013,TYR,TX,ASW,CE,Federal Contract Tower,0,18,19,0,37,0,8,60,0,68,0,26,79,0,105,44,0,44,149
07/04/2013,TYR,TX,ASW,CE,Federal Contract Tower,0,8,7,0,15,0,2,23,1,26,0,10,30,1,41,30,0,30,71
07/05/2013,TYR,TX,ASW,CE,Federal Contract Tower,0,20,7,0,27,0,0,67,0,67,0,20,74,0,94,34,0,34,128
07/06/2013,TYR,TX,ASW,CE,Federal Contract Tower,0,18,10,0,28,0,0,95,1,96,0,18,105,1,124,64,0,64,188
07/07/2013,TYR,TX,ASW,CE,Federal Contract Tower,0,10,12,0,22,0,12,43,0,55,0,22,55,0,77,28,0,28,105
07/08/2013,TYR,TX,ASW,CE,Federal Contract Tower,0,16,15,0,31,0,15,45,0,60,0,31,60,0,91,8,0,8,99
07/09/2013,TYR,TX,ASW,CE,Federal Contract Tower,0,15,15,2,32,0,6,48,0,54,0,21,63,2,86,42,0,42,128
07/10/2013,TYR,TX,ASW,CE,Federal Contract Tower,0,21,10,3,34,0,10,58,0,68,0,31,68,3,102,60,0,60,162
07/11/2013,TYR,TX,ASW,CE,Federal Contract Tower,0,26,25,4,55,0,2,54,0,56,0,28,79,4,111,76,0,76,187
07/12/2013,TYR,TX,ASW,CE,Federal Contract Tower,0,19,17,0,36,0,1,61,4,66,0,20,78,4,102,88,8,96,198
07/13/2013,TYR,TX,ASW,CE,Federal Contract Tower,0,16,11,0,27,0,1,36,0,37,0,17,47,0,64,26,0,26,90
07/14/2013,TYR,TX,ASW,CE,Federal Contract Tower,0,17,22,0,39,0,0,21,0,21,0,17,43,0,60,6,0,6,66
07/15/2013,TYR,TX,ASW,CE,Federal Contract Tower,0,21,15,0,36,0,6,6,0,12,0,27,21,0,48,34,0,34,82
07/16/2013,TYR,TX,ASW,CE,Federal Contract Tower,0,25,19,0,44,0,11,18,0,29,0,36,37,0,73,6,0,6,79
07/17/2013,TYR,TX,ASW,CE,Federal Contract Tower,0,19,10,0,29,0,3,18,0,21,0,22,28,0,50,0,0,0,50
07/18/2013,TYR,TX,ASW,CE,Federal Contract Tower,0,23,20,0,43,0,2,47,0,49,0,25,67,0,92,6,0,6,98
07/19/2013,TYR,TX,ASW,CE,Federal Contract Tower,0,19,24,0,43,0,4,16,0,20,0,23,40,0,63,6,0,6,69
07/20/2013,TYR,TX,ASW,CE,Federal Contract Tower,0,18,23,0,41,0,1,60,0,61,0,19,83,0,102,18,0,18,120
07/21/2013,TYR,TX,ASW,CE,Federal Contract Tower,0,10,16,2,28,0,2,28,0,30,0,12,44,2,58,26,0,26,84
07/22/2013,TYR,TX,ASW,CE,Federal Contract Tower,0,19,14,2,35,0,5,40,0,45,0,24,54,2,80,14,0,14,94
07/23/2013,TYR,TX,ASW,CE,Federal Contract Tower,0,15,19,0,34,0,5,41,0,46,0,20,60,0,80,26,0,26,106
07/24/2013,TYR,TX,ASW,CE,Federal Contract Tower,0,14,22,4,40,0,20,32,0,52,0,34,54,4,92,26,0,26,118
07/25/2013,TYR,TX,ASW,CE,Federal Contract Tower,0,18,33,0,51,0,1,65,0,66,0,19,98,0,117,70,0,70,187
07/26/2013,TYR,TX,ASW,CE,Federal Contract Tower,0,16,16,0,32,0,1,34,0,35,0,17,50,0,67,38,0,38,105
07/27/2013,TYR,TX,ASW,CE,Federal Contract Tower,0,16,18,0,34,0,2,9,0,11,0,18,27,0,45,0,0,0,45
07/28/2013,TYR,TX,ASW,CE,Federal Contract Tower,0,11,7,1,19,0,4,63,0,67,0,15,70,1,86,68,0,68,154
07/29/2013,TYR,TX,ASW,CE,Federal Contract Tower,0,17,14,2,33,0,13,42,0,55,0,30,56,2,88,42,0,42,130
07/30/2013,TYR,TX,ASW,CE,Federal Contract Tower,0,16,23,0,39,0,14,55,0,69,0,30,78,0,108,48,0,48,156
07/31/2013,TYR,TX,ASW,CE,Federal Contract Tower,0,12,21,0,33,0,5,48,0,53,0,17,69,0,86,26,0,26,112
08/01/2013,TYR,TX,ASW,CE,Federal Contract Tower,0,19,33,0,52,0,0,55,1,56,0,19,88,1,108,42,0,42,150
08/02/2013,TYR,TX,ASW,CE,Federal Contract Tower,0,16,21,0,37,0,0,60,0,60,0,16,81,0,97,14,0,14,111
08/03/2013,TYR,TX,ASW,CE,Federal Contract Tower,0,15,6,1,22,0,2,37,0,39,0,17,43,1,61,18,8,26,87
08/04/2013,TYR,TX,ASW,CE,Federal Contract Tower,0,12,11,0,23,0,5,43,0,48,0,17,54,0,71,12,0,12,83
08/05/2013,TYR,TX,ASW,CE,Federal Contract Tower,0,18,12,0,30,0,5,54,0,59,0,23,66,0,89,50,0,50,139
08/06/2013,TYR,TX,ASW,CE,Federal Contract Tower,0,20,23,0,43,0,4,51,1,56,0,24,74,1,99,62,10,72,171
08/07/2013,TYR,TX,ASW,CE,Federal Contract Tower,0,13,19,9,41,0,3,61,0,64,0,16,80,9,105,18,0,18,123
08/08/2013,TYR,TX,ASW,CE,Federal Contract Tower,0,17,30,0,47,0,5,50,0,55,0,22,80,0,102,34,0,34,136
08/09/2013,TYR,TX,ASW,CE,Federal Contract Tower,0,25,24,0,49,0,1,66,0,67,0,26,90,0,116,42,0,42,158
08/10/2013,TYR,TX,ASW,CE,Federal Contract Tower,0,15,9,0,24,0,10,51,0,61,0,25,60,0,85,56,0,56,141
08/11/2013,TYR,TX,ASW,CE,Federal Contract Tower,0,13,19,0,32,0,3,44,2,49,0,16,63,2,81,14,0,14,95
08/12/2013,TYR,TX,ASW,CE,Federal Contract Tower,0,16,13,0,29,0,9,55,2,66,0,25,68,2,95,32,0,32,127
08/13/2013,TYR,TX,ASW,CE,Federal Contract Tower,0,21,19,0,40,0,7,27,0,34,0,28,46,0,74,20,0,20,94
08/14/2013,TYR,TX,ASW,CE,Federal Contract Tower,0,17,10,0,27,0,2,32,0,34,0,19,42,0,61,10,0,10,71
08/15/2013,TYR,TX,ASW,CE,Federal Contract Tower,0,21,25,0,46,0,6,51,0,57,0,27,76,0,103,14,0,14,117
08/16/2013,TYR,TX,ASW,CE,Federal Contract Tower,0,19,10,0,29,0,0,65,0,65,0,19,75,0,94,98,0,98,192
08/17/2013,TYR,TX,ASW,CE,Federal Contract Tower,0,12,13,0,25,0,14,111,0,125,0,26,124,0,150,70,0,70,220
08/18/2013,TYR,TX,ASW,CE,Federal Contract Tower,0,13,16,0,29,0,14,41,0,55,0,27,57,0,84,40,0,40,124
08/19/2013,TYR,TX,ASW,CE,Federal Contract Tower,0,18,21,0,39,0,5,46,0,51,0,23,67,0,90,32,0,32,122
08/20/2013,TYR,TX,ASW,CE,Federal Contract Tower,0,17,29,0,46,0,5,57,1,63,0,22,86,1,109,38,0,38,147
08/21/2013,TYR,TX,ASW,CE,Federal Contract Tower,0,17,22,3,42,0,3,61,0,64,0,20,83,3,106,44,0,44,150
08/22/2013,TYR,TX,ASW,CE,Federal Contract Tower,0,16,18,2,36,0,2,29,1,32,0,18,47,3,68,31,2,33,101
08/23/2013,TYR,TX,ASW,CE,Federal Contract Tower,0,23,18,0,41,0,1,73,1,75,0,24,91,1,116,66,2,68,184
08/24/2013,TYR,TX,ASW,CE,Federal Contract Tower,0,18,16,0,34,0,3,53,0,56,0,21,69,0,90,36,0,36,126
08/25/2013,TYR,TX,ASW,CE,Federal Contract Tower,0,14,8,0,22,0,7,38,0,45,0,21,46,0,67,34,0,34,101
08/26/2013,TYR,TX,ASW,CE,Federal Contract Tower,0,13,12,2,27,0,2,47,0,49,0,15,59,2,76,92,2,94,170
08/27/2013,TYR,TX,ASW,CE,Federal Contract Tower,2,13,24,0,39,0,5,42,0,47,2,18,66,0,86,22,0,22,108
08/28/2013,TYR,TX,ASW,CE,Federal Contract Tower,2,17,16,0,35,0,4,43,0,47,2,21,59,0,82,2,0,2,84
08/29/2013,TYR,TX,ASW,CE,Federal Contract Tower,2,18,19,0,39,0,2,70,0,72,2,20,89,0,111,46,0,46,157
08/30/2013,TYR,TX,ASW,CE,Federal Contract Tower,2,20,22,0,44,0,0,51,0,51,2,20,73,0,95,32,0,32,127
08/31/2013,TYR,TX,ASW,CE,Federal Contract Tower,2,9,13,0,24,0,6,37,0,43,2,15,50,0,67,68,0,68,135
09/01/2013,TYR,TX,ASW,CE,Federal Contract Tower,0,7,6,0,13,0,15,28,0,43,0,22,34,0,56,24,0,24,80
09/02/2013,TYR,TX,ASW,CE,Federal Contract Tower,0,15,10,0,25,0,2,40,0,42,0,17,50,0,67,8,0,8,75
09/03/2013,TYR,TX,ASW,CE,Federal Contract Tower,2,16,14,0,32,0,6,36,0,42,2,22,50,0,74,52,0,52,126
09/04/2013,TYR,TX,ASW,CE,Federal Contract Tower,2,19,17,0,38,0,12,43,0,55,2,31,60,0,93,38,0,38,131
09/05/2013,TYR,TX,ASW,CE,Federal Contract Tower,2,19,23,2,46,0,1,54,2,57,2,20,77,4,103,74,0,74,177
09/06/2013,TYR,TX,ASW,CE,Federal Contract Tower,2,15,10,2,29,0,0,65,0,65,2,15,75,2,94,52,0,52,146
09/07/2013,TYR,TX,ASW,CE,Federal Contract Tower,2,11,11,0,24,0,4,51,0,55,2,15,62,0,79,42,0,42,121
09/08/2013,TYR,TX,ASW,CE,Federal Contract Tower,2,9,15,2,28,0,1,43,0,44,2,10,58,2,72,40,4,44,116
09/09/2013,TYR,TX,ASW,CE,Federal Contract Tower,2,16,23,0,41,0,3,32,0,35,2,19,55,0,76,28,0,28,104
09/10/2013,TYR,TX,ASW,CE,Federal Contract Tower,2,11,12,0,25,0,6,57,0,63,2,17,69,0,88,24,0,24,112
09/11/2013,TYR,TX,ASW,CE,Federal Contract Tower,2,21,20,0,43,0,2,38,0,40,2,23,58,0,83,49,0,49,132
09/12/2013,TYR,TX,ASW,CE,Federal Contract Tower,2,17,24,0,43,0,0,51,0,51,2,17,75,0,94,58,0,58,152
09/13/2013,TYR,TX,ASW,CE,Federal Contract Tower,0,21,19,0,40,0,0,41,0,41,0,21,60,0,81,36,0,36,117
09/14/2013,TYR,TX,ASW,CE,Federal Contract Tower,2,11,15,0,28,0,2,61,0,63,2,13,76,0,91,50,0,50,141
09/15/2013,TYR,TX,ASW,CE,Federal Contract Tower,2,11,18,0,31,0,13,45,0,58,2,24,63,0,89,0,0,0,89
09/16/2013,TYR,TX,ASW,CE,Federal Contract Tower,2,13,19,2,36,0,3,60,0,63,2,16,79,2,99,76,0,76,175
09/17/2013,TYR,TX,ASW,CE,Federal Contract Tower,2,19,19,0,40,0,6,27,0,33,2,25,46,0,73,10,0,10,83
09/18/2013,TYR,TX,ASW,CE,Federal Contract Tower,2,14,17,0,33,0,0,46,0,46,2,14,63,0,79,26,0,26,105
09/19/2013,TYR,TX,ASW,CE,Federal Contract Tower,2,20,14,2,38,0,1,38,0,39,2,21,52,2,77,4,0,4,81
09/20/2013,TYR,TX,ASW,CE,Federal Contract Tower,0,15,22,0,37,0,3,1,1,5,0,18,23,1,42,2,0,2,44
09/21/2013,TYR,TX,ASW,CE,Federal Contract Tower,0,13,16,0,29,0,4,31,0,35,0,17,47,0,64,6,0,6,70
09/22/2013,TYR,TX,ASW,CE,Federal Contract Tower,0,11,17,0,28,0,6,61,0,67,0,17,78,0,95,40,0,40,135
09/23/2013,TYR,TX,ASW,CE,Federal Contract Tower,2,15,20,0,37,0,11,81,0,92,2,26,101,0,129,84,0,84,213
09/24/2013,TYR,TX,ASW,CE,Federal Contract Tower,2,16,18,0,36,0,9,39,0,48,2,25,57,0,84,26,0,26,110
09/25/2013,TYR,TX,ASW,CE,Federal Contract Tower,2,14,23,0,39,0,3,56,0,59,2,17,79,0,98,56,0,56,154
09/26/2013,TYR,TX,ASW,CE,Federal Contract Tower,2,19,15,0,36,0,6,75,0,81,2,25,90,0,117,86,0,86,203
09/27/2013,TYR,TX,ASW,CE,Federal Contract Tower,2,14,16,1,33,0,1,57,0,58,2,15,73,1,91,44,2,46,137
09/28/2013,TYR,TX,ASW,CE,Federal Contract Tower,2,20,9,0,31,0,1,17,2,20,2,21,26,2,51,0,0,0,51
09/29/2013,TYR,TX,ASW,CE,Federal Contract Tower,0,12,36,0,48,0,0,9,0,9,0,12,45,0,57,0,0,0,57
09/30/2013,TYR,TX,ASW,CE,Federal Contract Tower,2,17,32,0,51,0,1,49,0,50,2,18,81,0,101,40,0,40,141
10/01/2013,TYR,TX,ASW,CE,Federal Contract Tower,2,24,32,0,58,0,0,28,0,28,2,24,60,0,86,42,0,42,128
10/02/2013,TYR,TX,ASW,CE,Federal Contract Tower,2,24,21,0,47,0,41,1,0,42,2,65,22,0,89,2,0,2,91
10/03/2013,TYR,TX,ASW,CE,Federal Contract Tower,2,25,37,0,64,0,2,42,0,44,2,27,79,0,108,56,0,56,164
10/04/2013,TYR,TX,ASW,CE,Federal Contract Tower,2,20,21,0,43,0,2,71,2,75,2,22,92,2,118,84,0,84,202
10/05/2013,TYR,TX,ASW,CE,Federal Contract Tower,4,9,15,1,29,0,2,16,1,19,4,11,31,2,48,18,6,24,72
10/06/2013,TYR,TX,ASW,CE,Federal Contract Tower,2,10,20,0,32,0,3,51,0,54,2,13,71,0,86,30,0,30,116
10/07/2013,TYR,TX,ASW,CE,Federal Contract Tower,2,13,21,2,38,0,14,57,0,71,2,27,78,2,109,38,0,38,147
10/08/2013,TYR,TX,ASW,CE,Federal Contract Tower,2,22,10,0,34,0,7,56,0,63,2,29,66,0,97,20,0,20,117
10/09/2013,TYR,TX,ASW,CE,Federal Contract Tower,2,17,40,0,59,0,11,74,0,85,2,28,114,0,144,36,0,36,180
10/10/2013,TYR,TX,ASW,CE,Federal Contract Tower,2,28,19,0,49,0,2,54,0,56,2,30,73,0,105,38,0,38,143
10/11/2013,TYR,TX,ASW,CE,Federal Contract Tower,2,17,5,0,24,0,1,67,2,70,2,18,72,2,94,52,0,52,146
10/12/2013,TYR,TX,ASW,CE,Federal Contract Tower,0,14,11,0,25,0,1,3,1,5,0,15,14,1,30,0,0,0,30
10/13/2013,TYR,TX,ASW,CE,Federal Contract Tower,2,11,35,0,48,0,0,0,0,0,2,11,35,0,48,10,0,10,58
10/14/2013,TYR,TX,ASW,CE,Federal Contract Tower,2,16,21,0,39,0,4,4,0,8,2,20,25,0,47,0,0,0,47
10/15/2013,TYR,TX,ASW,CE,Federal Contract Tower,2,16,9,0,27,0,0,3,0,3,2,16,12,0,30,0,0,0,30
10/16/2013,TYR,TX,ASW,CE,Federal Contract Tower,2,19,20,0,41,0,0,0,0,0,2,19,20,0,41,4,0,4,45
10/17/2013,TYR,TX,ASW,CE,Federal Contract Tower,2,17,23,0,42,0,0,71,0,71,2,17,94,0,113,132,0,132,245
10/18/2013,TYR,TX,ASW,CE,Federal Contract Tower,2,18,29,0,49,0,0,50,0,50,2,18,79,0,99,42,0,42,141
10/19/2013,TYR,TX,ASW,CE,Federal Contract Tower,0,14,16,0,30,0,3,36,0,39,0,17,52,0,69,24,0,24,93
10/20/2013,TYR,TX,ASW,CE,Federal Contract Tower,2,11,21,0,34,0,2,52,0,54,2,13,73,0,88,22,0,22,110
10/21/2013,TYR,TX,ASW,CE,Federal Contract Tower,2,12,15,0,29,0,5,35,0,40,2,17,50,0,69,14,0,14,83
10/22/2013,TYR,TX,ASW,CE,Federal Contract Tower,2,15,14,3,34,0,3,38,0,41,2,18,52,3,75,20,2,22,97
10/23/2013,TYR,TX,ASW,CE,Federal Contract Tower,2,17,15,0,34,0,5,81,0,86,2,22,96,0,120,64,0,64,184
10/24/2013,TYR,TX,ASW,CE,Federal Contract Tower,2,17,15,4,38,0,2,73,0,75,2,19,88,4,113,88,0,88,201
10/25/2013,TYR,TX,ASW,CE,Federal Contract Tower,2,14,18,0,34,0,0,57,0,57,2,14,75,0,91,60,0,60,151
10/26/2013,TYR,TX,ASW,CE,Federal Contract Tower,2,12,22,0,36,0,2,37,0,39,2,14,59,0,75,74,0,74,149
10/27/2013,TYR,TX,ASW,CE,Federal Contract Tower,2,12,25,0,39,0,5,10,0,15,2,17,35,0,54,42,0,42,96
10/28/2013,TYR,TX,ASW,CE,Federal Contract Tower,2,13,15,0,30,0,5,29,0,34,2,18,44,0,64,64,0,64,128
10/29/2013,TYR,TX,ASW,CE,Federal Contract Tower,2,14,22,0,38,0,16,0,0,16,2,30,22,0,54,6,0,6,60
10/30/2013,TYR,TX,ASW,CE,Federal Contract Tower,2,14,10,0,26,0,1,0,0,1,2,15,10,0,27,0,0,0,27
10/31/2013,TYR,TX,ASW,CE,Federal Contract Tower,2,19,14,0,35,0,0,21,0,21,2,19,35,0,56,0,0,0,56
11/01/2013,TYR,TX,ASW,CE,Federal Contract Tower,2,20,15,1,38,0,1,81,5,87,2,21,96,6,125,92,8,100,225
11/02/2013,TYR,TX,ASW,CE,Federal Contract Tower,2,11,19,0,32,0,6,51,0,57,2,17,70,0,89,40,0,40,129
11/03/2013,TYR,TX,ASW,CE,Federal Contract Tower,2,10,26,0,38,0,4,61,0,65,2,14,87,0,103,28,0,28,131
11/04/2013,TYR,TX,ASW,CE,Federal Contract Tower,2,19,32,0,53,0,2,7,0,9,2,21,39,0,62,6,0,6,68
11/05/2013,TYR,TX,ASW,CE,Federal Contract Tower,2,14,31,0,47,0,1,6,0,7,2,15,37,0,54,2,0,2,56
11/06/2013,TYR,TX,ASW,CE,Federal Contract Tower,4,10,43,0,57,0,1,9,0,10,4,11,52,0,67,44,0,44,111
11/07/2013,TYR,TX,ASW,CE,Federal Contract Tower,2,21,38,0,61,0,8,61,2,71,2,29,99,2,132,80,0,80,212
11/08/2013,TYR,TX,ASW,CE,Federal Contract Tower,2,16,13,0,31,0,1,67,0,68,2,17,80,0,99,74,0,74,173
11/09/2013,TYR,TX,ASW,CE,Federal Contract Tower,2,13,20,0,35,0,1,47,1,49,2,14,67,1,84,20,2,22,106
11/10/2013,TYR,TX,ASW,CE,Federal Contract Tower,2,15,19,0,36,0,12,66,1,79,2,27,85,1,115,28,2,30,145
11/11/2013,TYR,TX,ASW,CE,Federal Contract Tower,2,16,13,0,31,0,1,68,0,69,2,17,81,0,100,38,0,38,138
11/12/2013,TYR,TX,ASW,CE,Federal Contract Tower,2,11,14,0,27,0,4,12,4,20,2,15,26,4,47,4,2,6,53
11/13/2013,TYR,TX,ASW,CE,Federal Contract Tower,2,11,18,0,31,0,7,61,0,68,2,18,79,0,99,63,0,63,162
11/14/2013,TYR,TX,ASW,CE,Federal Contract Tower,2,12,15,0,29,0,0,57,0,57,2,12,72,0,86,10,0,10,96
11/15/2013,TYR,TX,ASW,CE,Federal Contract Tower,2,15,22,0,39,0,1,51,0,52,2,16,73,0,91,26,0,26,117
11/16/2013,TYR,TX,ASW,CE,Federal Contract Tower,0,14,26,0,40,0,0,11,0,11,0,14,37,0,51,34,0,34,85
11/17/2013,TYR,TX,ASW,CE,Federal Contract Tower,2,10,38,0,50,0,2,61,0,63,2,12,99,0,113,42,0,42,155
11/18/2013,TYR,TX,ASW,CE,Federal Contract Tower,2,16,22,0,40,0,12,35,0,47,2,28,57,0,87,0,0,0,87
11/19/2013,TYR,TX,ASW,CE,Federal Contract Tower,2,14,14,0,30,0,6,40,0,46,2,20,54,0,76,32,0,32,108
11/20/2013,TYR,TX,ASW,CE,Federal Contract Tower,2,21,28,2,53,0,18,43,2,63,2,39,71,4,116,30,0,30,146
11/21/2013,TYR,TX,ASW,CE,Federal Contract Tower,0,25,28,0,53,0,0,6,0,6,0,25,34,0,59,18,0,18,77
11/22/2013,TYR,TX,ASW,CE,Federal Contract Tower,2,25,13,0,40,0,0,0,0,0,2,25,13,0,40,0,0,0,40
11/23/2013,TYR,TX,ASW,CE,Federal Contract Tower,0,16,16,0,32,0,2,0,0,2,0,18,16,0,34,0,0,0,34
11/24/2013,TYR,TX,ASW,CE,Federal Contract Tower,0,10,10,0,20,0,0,22,0,22,0,10,32,0,42,6,0,6,48
11/25/2013,TYR,TX,ASW,CE,Federal Contract Tower,2,10,6,0,18,0,0,0,0,0,2,10,6,0,18,0,0,0,18
11/26/2013,TYR,TX,ASW,CE,Federal Contract Tower,0,19,20,0,39,0,0,20,0,20,0,19,40,0,59,2,0,2,61
11/27/2013,TYR,TX,ASW,CE,Federal Contract Tower,0,20,29,0,49,0,6,85,0,91,0,26,114,0,140,20,0,20,160
11/28/2013,TYR,TX,ASW,CE,Federal Contract Tower,0,7,3,0,10,0,10,35,0,45,0,17,38,0,55,12,0,12,67
11/29/2013,TYR,TX,ASW,CE,Federal Contract Tower,0,13,21,0,34,0,14,59,0,73,0,27,80,0,107,60,0,60,167
11/30/2013,TYR,TX,ASW,CE,Federal Contract Tower,0,13,23,0,36,0,2,32,0,34,0,15,55,0,70,54,0,54,124
12/01/2013,TYR,TX,ASW,CE,Federal Contract Tower,0,17,27,0,44,0,5,10,0,15,0,22,37,0,59,0,0,0,59
12/02/2013,TYR,TX,ASW,CE,Federal Contract Tower,0,24,18,0,42,0,7,32,0,39,0,31,50,0,81,20,0,20,101
12/03/2013,TYR,TX,ASW,CE,Federal Contract Tower,0,15,20,0,35,0,2,49,2,53,0,17,69,2,88,16,0,16,104
12/04/2013,TYR,TX,ASW,CE,Federal Contract Tower,0,19,17,0,36,0,15,60,4,79,0,34,77,4,115,44,0,44,159
12/05/2013,TYR,TX,ASW,CE,Federal Contract Tower,0,12,15,0,27,0,1,6,0,7,0,13,21,0,34,10,0,10,44
12/06/2013,TYR,TX,ASW,CE,Federal Contract Tower,0,10,11,0,21,0,0,0,0,0,0,10,11,0,21,0,0,0,21
12/07/2013,TYR,TX,ASW,CE,Federal Contract Tower,0,8,10,0,18,0,0,0,0,0,0,8,10,0,18,0,0,0,18
12/08/2013,TYR,TX,ASW,CE,Federal Contract Tower,0,9,13,0,22,0,1,0,0,1,0,10,13,0,23,0,0,0,23
12/09/2013,TYR,TX,ASW,CE,Federal Contract Tower,0,16,15,0,31,0,0,0,0,0,0,16,15,0,31,0,0,0,31
12/10/2013,TYR,TX,ASW,CE,Federal Contract Tower,0,22,26,0,48,0,5,47,0,52,0,27,73,0,100,28,0,28,128
12/11/2013,TYR,TX,ASW,CE,Federal Contract Tower,0,21,20,0,41,0,5,55,0,60,0,26,75,0,101,22,0,22,123
12/12/2013,TYR,TX,ASW,CE,Federal Contract Tower,0,22,19,0,41,0,0,50,0,50,0,22,69,0,91,6,0,6,97
12/13/2013,TYR,TX,ASW,CE,Federal Contract Tower,0,23,20,0,43,0,0,2,0,2,0,23,22,0,45,6,0,6,51
12/14/2013,TYR,TX,ASW,CE,Federal Contract Tower,0,16,16,0,32,0,0,0,0,0,0,16,16,0,32,4,0,4,36
12/15/2013,TYR,TX,ASW,CE,Federal Contract Tower,0,14,14,0,28,0,6,82,0,88,0,20,96,0,116,30,0,30,146
12/16/2013,TYR,TX,ASW,CE,Federal Contract Tower,0,20,18,0,38,0,7,44,0,51,0,27,62,0,89,14,0,14,103
12/17/2013,TYR,TX,ASW,CE,Federal Contract Tower,0,18,18,0,36,0,17,42,0,59,0,35,60,0,95,18,0,18,113
12/18/2013,TYR,TX,ASW,CE,Federal Contract Tower,0,24,26,0,50,0,8,55,1,64,0,32,81,1,114,80,0,80,194
12/19/2013,TYR,TX,ASW,CE,Federal Contract Tower,0,25,24,0,49,0,3,22,0,25,0,28,46,0,74,8,0,8,82
12/20/2013,TYR,TX,ASW,CE,Federal Contract Tower,0,21,33,4,58,0,4,11,0,15,0,25,44,4,73,50,0,50,123
12/21/2013,TYR,TX,ASW,CE,Federal Contract Tower,0,15,12,0,27,0,1,1,0,2,0,16,13,0,29,0,0,0,29
12/22/2013,TYR,TX,ASW,CE,Federal Contract Tower,0,12,18,0,30,0,4,4,0,8,0,16,22,0,38,6,0,6,44
12/23/2013,TYR,TX,ASW,CE,Federal Contract Tower,0,21,12,0,33,0,7,60,0,67,0,28,72,0,100,38,0,38,138
12/24/2013,TYR,TX,ASW,CE,Federal Contract Tower,0,16,14,0,30,0,5,55,0,60,0,21,69,0,90,16,0,16,106
12/25/2013,TYR,TX,ASW,CE,Federal Contract Tower,0,11,2,0,13,0,0,8,0,8,0,11,10,0,21,8,0,8,29
12/26/2013,TYR,TX,ASW,CE,Federal Contract Tower,0,16,16,0,32,0,0,55,0,55,0,16,71,0,87,36,0,36,123
12/27/2013,TYR,TX,ASW,CE,Federal Contract Tower,0,19,24,2,45,0,0,42,0,42,0,19,66,2,87,60,0,60,147
12/28/2013,TYR,TX,ASW,CE,Federal Contract Tower,0,9,18,0,27,0,1,41,0,42,0,10,59,0,69,36,0,36,105
12/29/2013,TYR,TX,ASW,CE,Federal Contract Tower,0,16,21,0,37,0,2,41,0,43,0,18,62,0,80,36,0,36,116
12/30/2013,TYR,TX,ASW,CE,Federal Contract Tower,0,14,19,0,33,0,2,24,0,26,0,16,43,0,59,16,0,16,75
12/31/2013,TYR,TX,ASW,CE,Federal Contract Tower,0,14,12,0,26,0,7,43,0,50,0,21,55,0,76,14,0,14,90
01/01/2014,TYR,TX,ASW,CE,Federal Contract Tower,0,12,6,0,18,0,3,32,0,35,0,15,38,0,53,18,0,18,71
01/02/2014,TYR,TX,ASW,CE,Federal Contract Tower,0,20,11,0,31,0,5,31,0,36,0,25,42,0,67,10,0,10,77
01/03/2014,TYR,TX,ASW,CE,Federal Contract Tower,0,14,16,0,30,0,10,48,0,58,0,24,64,0,88,20,0,20,108
01/04/2014,TYR,TX,ASW,CE,Federal Contract Tower,0,12,17,0,29,0,7,26,0,33,0,19,43,0,62,0,0,0,62
01/05/2014,TYR,TX,ASW,CE,Federal Contract Tower,0,12,7,0,19,0,5,15,0,20,0,17,22,0,39,16,0,16,55
01/06/2014,TYR,TX,ASW,CE,Federal Contract Tower,0,15,17,0,32,0,2,41,0,43,0,17,58,0,75,38,0,38,113
01/07/2014,TYR,TX,ASW,CE,Federal Contract Tower,0,18,7,2,27,0,6,37,0,43,0,24,44,2,70,30,0,30,100
01/08/2014,TYR,TX,ASW,CE,Federal Contract Tower,0,19,9,0,28,0,4,13,0,17,0,23,22,0,45,0,0,0,45
01/09/2014,TYR,TX,ASW,CE,Federal Contract Tower,0,17,19,0,36,0,0,0,0,0,0,17,19,0,36,0,0,0,36
01/10/2014,TYR,TX,ASW,CE,Federal Contract Tower,0,18,25,0,43,0,0,2,0,2,0,18,27,0,45,0,0,0,45
01/11/2014,TYR,TX,ASW,CE,Federal Contract Tower,0,10,8,4,22,0,3,85,2,90,0,13,93,6,112,84,2,86,198
01/12/2014,TYR,TX,ASW,CE,Federal Contract Tower,0,17,10,0,27,0,2,43,0,45,0,19,53,0,72,14,0,14,86
01/13/2014,TYR,TX,ASW,CE,Federal Contract Tower,0,16,12,0,28,0,10,38,2,50,0,26,50,2,78,32,0,32,110
01/14/2014,TYR,TX,ASW,CE,Federal Contract Tower,0,22,8,0,30,0,12,78,3,93,0,34,86,3,123,74,0,74,197
01/15/2014,TYR,TX,ASW,CE,Federal Contract Tower,0,22,12,0,34,0,12,59,4,75,0,34,71,4,109,74,0,74,183
01/16/2014,TYR,TX,ASW,CE,Federal Contract Tower,0,20,13,0,33,0,2,56,0,58,0,22,69,0,91,42,0,42,133
01/17/2014,TYR,TX,ASW,CE,Federal Contract Tower,0,19,15,2,36,0,0,0,0,0,0,19,15,2,36,50,0,50,86
01/18/2014,TYR,TX,ASW,CE,Federal Contract Tower,0,10,5,0,15,0,7,73,0,80,0,17,78,0,95,28,0,28,123
01/19/2014,TYR,TX,ASW,CE,Federal Contract Tower,0,13,15,0,28,0,4,73,0,77,0,17,88,0,105,32,0,32,137
01/20/2014,TYR,TX,ASW,CE,Federal Contract Tower,0,14,22,0,36,0,5,45,0,50,0,19,67,0,86,20,0,20,106
01/21/2014,TYR,TX,ASW,CE,Federal Contract Tower,0,22,22,0,44,0,5,35,0,40,0,27,57,0,84,40,0,40,124
01/22/2014,TYR,TX,ASW,CE,Federal Contract Tower,0,18,12,0,30,0,2,74,2,78,0,20,86,2,108,68,0,68,176
01/23/2014,TYR,TX,ASW,CE,Federal Contract Tower,0,22,14,0,36,0,2,20,0,22,0,24,34,0,58,8,0,8,66
01/24/2014,TYR,TX,ASW,CE,Federal Contract Tower,0,17,7,1,25,0,1,42,0,43,0,18,49,1,68,44,1,45,113
01/25/2014,TYR,TX,ASW,CE,Federal Contract Tower,0,14,11,0,25,0,9,53,0,62,0,23,64,0,87,10,0,10,97
01/26/2014,TYR,TX,ASW,CE,Federal Contract Tower,0,14,13,0,27,0,8,58,0,66,0,22,71,0,93,14,0,14,107
01/27/2014,TYR,TX,ASW,CE,Federal Contract Tower,0,17,18,0,35,0,3,16,0,19,0,20,34,0,54,0,0,0,54
01/28/2014,TYR,TX,ASW,CE,Federal Contract Tower,0,11,11,0,22,0,14,33,0,47,0,25,44,0,69,24,0,24,93
01/29/2014,TYR,TX,ASW,CE,Federal Contract Tower,0,18,35,0,53,0,16,41,0,57,0,34,76,0,110,40,0,40,150
01/30/2014,TYR,TX,ASW,CE,Federal Contract Tower,0,17,30,0,47,0,3,24,0,27,0,20,54,0,74,30,0,30,104
01/31/2014,TYR,TX,ASW,CE,Federal Contract Tower,0,17,23,0,40,0,2,34,0,36,0,19,57,0,76,84,0,84,160
02/01/2014,TYR,TX,ASW,CE,Federal Contract Tower,0,14,30,0,44,0,0,2,0,2,0,14,32,0,46,0,0,0,46
02/02/2014,TYR,TX,ASW,CE,Federal Contract Tower,0,6,5,0,11,0,0,0,0,0,0,6,5,0,11,0,0,0,11
02/03/2014,TYR,TX,ASW,CE,Federal Contract Tower,0,20,8,0,28,0,0,7,0,7,0,20,15,0,35,0,0,0,35
02/04/2014,TYR,TX,ASW,CE,Federal Contract Tower,0,22,17,0,39,0,0,1,0,1,0,22,18,0,40,0,0,0,40
02/05/2014,TYR,TX,ASW,CE,Federal Contract Tower,0,18,20,0,38,0,0,41,0,41,0,18,61,0,79,6,0,6,85
02/06/2014,TYR,TX,ASW,CE,Federal Contract Tower,0,13,16,0,29,0,2,22,0,24,0,15,38,0,53,6,0,6,59
02/07/2014,TYR,TX,ASW,CE,Federal Contract Tower,0,20,17,0,37,0,0,13,0,13,0,20,30,0,50,12,0,12,62
02/08/2014,TYR,TX,ASW,CE,Federal Contract Tower,0,17,9,0,26,0,0,15,0,15,0,17,24,0,41,12,0,12,53
02/09/2014,TYR,TX,ASW,CE,Federal Contract Tower,0,9,22,0,31,0,4,18,0,22,0,13,40,0,53,20,0,20,73
02/10/2014,TYR,TX,ASW,CE,Federal Contract Tower,0,18,8,0,26,0,1,0,0,1,0,19,8,0,27,0,0,0,27
02/11/2014,TYR,TX,ASW,CE,Federal Contract Tower,0,4,9,0,13,0,0,5,0,5,0,4,14,0,18,2,0,2,20
02/12/2014,TYR,TX,ASW,CE,Federal Contract Tower,0,16,23,0,39,0,4,73,0,77,0,20,96,0,116,22,0,22,138
02/13/2014,TYR,TX,ASW,CE,Federal Contract Tower,0,20,18,1,39,0,4,79,0,83,0,24,97,1,122,86,2,88,210
02/14/2014,TYR,TX,ASW,CE,Federal Contract Tower,0,17,21,0,38,0,4,53,0,57,0,21,74,0,95,16,0,16,111
02/15/2014,TYR,TX,ASW,CE,Federal Contract Tower,0,13,22,0,35,0,4,75,0,79,0,17,97,0,114,44,0,44,158
02/16/2014,TYR,TX,ASW,CE,Federal Contract Tower,0,11,30,0,41,0,6,36,20,62,0,17,66,20,103,34,0,34,137
02/17/2014,TYR,TX,ASW,CE,Federal Contract Tower,0,18,18,0,36,0,15,26,0,41,0,33,44,0,77,28,0,28,105
02/18/2014,TYR,TX,ASW,CE,Federal Contract Tower,0,15,26,9,50,0,0,61,0,61,0,15,87,9,111,10,0,10,121
02/19/2014,TYR,TX,ASW,CE,Federal Contract Tower,0,22,37,0,59,0,6,22,0,28,0,28,59,0,87,22,0,22,109
02/20/2014,TYR,TX,ASW,CE,Federal Contract Tower,0,16,16,1,33,0,5,18,0,23,0,21,34,1,56,4,2,6,62
02/21/2014,TYR,TX,ASW,CE,Federal Contract Tower,0,17,13,0,30,0,0,86,0,86,0,17,99,0,116,58,0,58,174
02/22/2014,TYR,TX,ASW,CE,Federal Contract Tower,0,14,9,0,23,0,0,82,0,82,0,14,91,0,105,52,0,52,157
02/23/2014,TYR,TX,ASW,CE,Federal Contract Tower,0,16,7,0,23,0,5,32,0,37,0,21,39,0,60,8,0,8,68
02/24/2014,TYR,TX,ASW,CE,Federal Contract Tower,0,19,28,0,47,0,4,9,0,13,0,23,37,0,60,6,0,6,66
02/25/2014,TYR,TX,ASW,CE,Federal Contract Tower,0,24,12,0,36,0,4,6,0,10,0,28,18,0,46,12,0,12,58
02/26/2014,TYR,TX,ASW,CE,Federal Contract Tower,0,20,25,3,48,0,11,26,0,37,0,31,51,3,85,12,12,24,109
02/27/2014,TYR,TX,ASW,CE,Federal Contract Tower,0,15,38,0,53,0,12,77,0,89,0,27,115,0,142,62,0,62,204
02/28/2014,TYR,TX,ASW,CE,Federal Contract Tower,0,29,21,0,50,0,1,16,0,17,0,30,37,0,67,26,0,26,93
03/01/2014,TYR,TX,ASW,CE,Federal Contract Tower,0,27,27,0,54,0,5,17,0,22,0,32,44,0,76,12,0,12,88
03/02/2014,TYR,TX,ASW,CE,Federal Contract Tower,0,3,3,0,6,0,0,0,0,0,0,3,3,0,6,0,0,0,6
03/03/2014,TYR,TX,ASW,CE,Federal Contract Tower,0,4,3,0,7,0,0,0,0,0,0,4,3,0,7,0,0,0,7
03/04/2014,TYR,TX,ASW,CE,Federal Contract Tower,0,22,21,0,43,0,0,9,0,9,0,22,30,0,52,0,0,0,52
03/05/2014,TYR,TX,ASW,CE,Federal Contract Tower,0,18,21,6,45,0,4,44,0,48,0,22,65,6,93,4,0,4,97
03/06/2014,TYR,TX,ASW,CE,Federal Contract Tower,0,20,20,0,40,0,0,73,0,73,0,20,93,0,113,34,0,34,147
03/07/2014,TYR,TX,ASW,CE,Federal Contract Tower,0,23,17,0,40,0,0,46,0,46,0,23,63,0,86,28,0,28,114
03/08/2014,TYR,TX,ASW,CE,Federal Contract Tower,0,21,25,0,46,0,0,2,0,2,0,21,27,0,48,26,0,26,74
03/09/2014,TYR,TX,ASW,CE,Federal Contract Tower,0,14,17,0,31,0,14,16,0,30,0,28,33,0,61,26,0,26,87
03/10/2014,TYR,TX,ASW,CE,Federal Contract Tower,0,19,9,0,28,0,8,45,0,53,0,27,54,0,81,34,0,34,115
03/11/2014,TYR,TX,ASW,CE,Federal Contract Tower,0,24,23,0,47,0,11,27,4,42,0,35,50,4,89,42,0,42,131
03/12/2014,TYR,TX,ASW,CE,Federal Contract Tower,0,15,11,0,26,0,8,27,6,41,0,23,38,6,67,6,0,6,73
03/13/2014,TYR,TX,ASW,CE,Federal Contract Tower,0,20,13,0,33,0,0,84,2,86,0,20,97,2,119,124,0,124,243
03/14/2014,TYR,TX,ASW,CE,Federal Contract Tower,0,22,20,0,42,0,3,66,0,69,0,25,86,0,111,94,0,94,205
03/15/2014,TYR,TX,ASW,CE,Federal Contract Tower,0,11,24,0,35,0,3,0,0,3,0,14,24,0,38,4,0,4,42
03/16/2014,TYR,TX,ASW,CE,Federal Contract Tower,0,14,16,0,30,0,2,12,0,14,0,16,28,0,44,6,0,6,50
03/17/2014,TYR,TX,ASW,CE,Federal Contract Tower,0,16,13,0,29,0,11,76,0,87,0,27,89,0,116,40,0,40,156
03/18/2014,TYR,TX,ASW,CE,Federal Contract Tower,0,20,16,0,36,0,6,25,2,33,0,26,41,2,69,6,0,6,75
03/19/2014,TYR,TX,ASW,CE,Federal Contract Tower,0,16,24,0,40,0,4,42,0,46,0,20,66,0,86,30,0,30,116
03/20/2014,TYR,TX,ASW,CE,Federal Contract Tower,0,20,15,0,35,0,0,76,0,76,0,20,91,0,111,38,0,38,149
03/21/2014,TYR,TX,ASW,CE,Federal Contract Tower,0,21,22,3,46,0,0,77,3,80,0,21,99,6,126,64,16,80,206
03/22/2014,TYR,TX,ASW,CE,Federal Contract Tower,0,17,20,0,37,0,0,5,0,5,0,17,25,0,42,2,0,2,44
03/23/2014,TYR,TX,ASW,CE,Federal Contract Tower,0,17,22,0,39,0,0,19,0,19,0,17,41,0,58,10,0,10,68
03/24/2014,TYR,TX,ASW,CE,Federal Contract Tower,0,18,15,0,33,0,12,63,0,75,0,30,78,0,108,90,0,90,198
03/25/2014,TYR,TX,ASW,CE,Federal Contract Tower,0,16,28,3,47,0,2,58,1,61,0,18,86,4,108,48,4,52,160
03/26/2014,TYR,TX,ASW,CE,Federal Contract Tower,0,22,23,12,57,0,10,17,0,27,0,32,40,12,84,10,0,10,94
03/27/2014,TYR,TX,ASW,CE,Federal Contract Tower,0,21,21,0,42,0,0,0,0,0,0,21,21,0,42,0,0,0,42
03/28/2014,TYR,TX,ASW,CE,Federal Contract Tower,0,22,35,0,57,0,1,15,0,16,0,23,50,0,73,26,0,26,99
03/29/2014,TYR,TX,ASW,CE,Federal Contract Tower,0,17,13,0,30,0,3,86,0,89,0,20,99,0,119,12,0,12,131
03/30/2014,TYR,TX,ASW,CE,Federal Contract Tower,0,12,10,0,22,0,1,68,0,69,0,13,78,0,91,14,0,14,105
03/31/2014,TYR,TX,ASW,CE,Federal Contract Tower,0,16,20,0,36,0,10,33,0,43,0,26,53,0,79,8,0,8,87
04/01/2014,TYR,TX,ASW,CE,Federal Contract Tower,0,20,39,0,59,0,8,21,0,29,0,28,60,0,88,42,0,42,130
04/02/2014,TYR,TX,ASW,CE,Federal Contract Tower,0,19,37,0,56,0,2,10,0,12,0,21,47,0,68,12,0,12,80
04/03/2014,TYR,TX,ASW,CE,Federal Contract Tower,0,25,24,0,49,0,0,10,0,10,0,25,34,0,59,0,0,0,59
04/04/2014,TYR,TX,ASW,CE,Federal Contract Tower,0,21,26,0,47,0,0,62,0,62,0,21,88,0,109,48,0,48,157
04/05/2014,TYR,TX,ASW,CE,Federal Contract Tower,0,11,8,0,19,0,0,37,0,37,0,11,45,0,56,18,0,18,74
04/06/2014,TYR,TX,ASW,CE,Federal Contract Tower,0,12,9,0,21,0,0,1,0,1,0,12,10,0,22,0,0,0,22
04/07/2014,TYR,TX,ASW,CE,Federal Contract Tower,0,20,29,0,49,0,11,22,0,33,0,31,51,0,82,24,0,24,106
04/08/2014,TYR,TX,ASW,CE,Federal Contract Tower,0,15,14,2,31,0,7,42,0,49,0,22,56,2,80,28,0,28,108
04/09/2014,TYR,TX,ASW,CE,Federal Contract Tower,0,22,16,0,38,0,9,64,2,75,0,31,80,2,113,42,0,42,155
04/10/2014,TYR,TX,ASW,CE,Federal Contract Tower,0,21,27,0,48,0,3,38,0,41,0,24,65,0,89,12,0,12,101
04/11/2014,TYR,TX,ASW,CE,Federal Contract Tower,0,20,22,4,46,0,0,37,0,37,0,20,59,4,83,10,4,14,97
04/12/2014,TYR,TX,ASW,CE,Federal Contract Tower,0,11,7,0,18,0,7,33,0,40,0,18,40,0,58,32,0,32,90
04/13/2014,TYR,TX,ASW,CE,Federal Contract Tower,0,13,19,0,32,0,6,1,0,7,0,19,20,0,39,0,0,0,39
04/14/2014,TYR,TX,ASW,CE,Federal Contract Tower,0,18,27,0,45,0,4,7,0,11,0,22,34,0,56,10,0,10,66
04/15/2014,TYR,TX,ASW,CE,Federal Contract Tower,0,13,20,1,34,0,4,57,0,61,0,17,77,1,95,66,0,66,161
04/16/2014,TYR,TX,ASW,CE,Federal Contract Tower,0,18,21,0,39,0,7,83,0,90,0,25,104,0,129,88,0,88,217
04/17/2014,TYR,TX,ASW,CE,Federal Contract Tower,0,19,37,1,57,0,2,64,2,68,0,21,101,3,125,98,2,100,225
04/18/2014,TYR,TX,ASW,CE,Federal Contract Tower,0,19,12,0,31,0,0,90,0,90,0,19,102,0,121,82,0,82,203
04/19/2014,TYR,TX,ASW,CE,Federal Contract Tower,0,10,15,0,25,0,3,77,0,80,0,13,92,0,105,70,0,70,175
04/20/2014,TYR,TX,ASW,CE,Federal Contract Tower,0,14,21,0,35,0,17,21,0,38,0,31,42,0,73,46,0,46,119
04/21/2014,TYR,TX,ASW,CE,Federal Contract Tower,0,19,29,0,48,0,5,12,0,17,0,24,41,0,65,20,0,20,85
04/22/2014,TYR,TX,ASW,CE,Federal Contract Tower,0,20,30,0,50,0,6,52,0,58,0,26,82,0,108,88,0,88,196
04/23/2014,TYR,TX,ASW,CE,Federal Contract Tower,0,22,11,1,34,0,10,77,3,90,0,32,88,4,124,14,2,16,140
04/24/2014,TYR,TX,ASW,CE,Federal Contract Tower,0,24,26,0,50,0,6,34,4,44,0,30,60,4,94,56,0,56,150
04/25/2014,TYR,TX,ASW,CE,Federal Contract Tower,0,20,15,0,35,0,7,74,5,86,0,27,89,5,121,76,0,76,197
04/26/2014,TYR,TX,ASW,CE,Federal Contract Tower,0,13,11,0,24,0,4,23,0,27,0,17,34,0,51,38,0,38,89
04/27/2014,TYR,TX,ASW,CE,Federal Contract Tower,0,10,9,0,19,0,20,13,0,33,0,30,22,0,52,18,0,18,70
04/28/2014,TYR,TX,ASW,CE,Federal Contract Tower,0,21,14,0,35,0,9,30,0,39,0,30,44,0,74,40,0,40,114
04/29/2014,TYR,TX,ASW,CE,Federal Contract Tower,0,19,20,0,39,0,9,39,8,56,0,28,59,8,95,26,0,26,121
04/30/2014,TYR,TX,ASW,CE,Federal Contract Tower,0,16,22,4,42,0,12,43,1,56,0,28,65,5,98,32,4,36,134
05/01/2014,TYR,TX,ASW,CE,Federal Contract Tower,0,15,12,0,27,0,0,60,0,60,0,15,72,0,87,108,0,108,195
05/02/2014,TYR,TX,ASW,CE,Federal Contract Tower,0,20,20,0,40,0,0,63,0,63,0,20,83,0,103,42,0,42,145
05/03/2014,TYR,TX,ASW,CE,Federal Contract Tower,0,10,4,0,14,0,7,62,0,69,0,17,66,0,83,60,0,60,143
05/04/2014,TYR,TX,ASW,CE,Federal Contract Tower,0,14,28,0,42,0,10,52,14,76,0,24,80,14,118,34,0,34,152
05/05/2014,TYR,TX,ASW,CE,Federal Contract Tower,0,17,17,0,34,0,8,25,4,37,0,25,42,4,71,4,0,4,75
05/06/2014,TYR,TX,ASW,CE,Federal Contract Tower,0,19,28,7,54,0,1,46,0,47,0,20,74,7,101,16,0,16,117
05/07/2014,TYR,TX,ASW,CE,Federal Contract Tower,0,17,63,0,80,0,6,29,0,35,0,23,92,0,115,100,0,100,215
05/08/2014,TYR,TX,ASW,CE,Federal Contract Tower,0,21,21,0,42,0,5,2,0,7,0,26,23,0,49,0,0,0,49
05/09/2014,TYR,TX,ASW,CE,Federal Contract Tower,0,19,32,0,51,0,1,26,1,28,0,20,58,1,79,24,2,26,105
05/10/2014,TYR,TX,ASW,CE,Federal Contract Tower,0,15,18,2,35,0,7,25,4,36,0,22,43,6,71,52,16,68,139
05/11/2014,TYR,TX,ASW,CE,Federal Contract Tower,0,11,21,0,32,0,0,15,0,15,0,11,36,0,47,28,0,28,75
05/12/2014,TYR,TX,ASW,CE,Federal Contract Tower,0,14,22,2,38,0,9,5,0,14,0,23,27,2,52,36,0,36,88
05/13/2014,TYR,TX,ASW,CE,Federal Contract Tower,0,24,16,0,40,0,0,5,0,5,0,24,21,0,45,8,0,8,53
05/14/2014,TYR,TX,ASW,CE,Federal Contract Tower,0,23,20,0,43,0,5,51,0,56,0,28,71,0,99,30,0,30,129
05/15/2014,TYR,TX,ASW,CE,Federal Contract Tower,0,21,17,0,38,0,0,73,0,73,0,21,90,0,111,58,0,58,169
05/16/2014,TYR,TX,ASW,CE,Federal Contract Tower,0,25,15,0,40,0,0,68,0,68,0,25,83,0,108,44,0,44,152
05/17/2014,TYR,TX,ASW,CE,Federal Contract Tower,2,8,20,0,30,0,3,53,0,56,2,11,73,0,86,42,0,42,128
05/18/2014,TYR,TX,ASW,CE,Federal Contract Tower,2,11,22,2,37,0,4,42,0,46,2,15,64,2,83,50,0,50,133
05/19/2014,TYR,TX,ASW,CE,Federal Contract Tower,0,19,29,0,48,0,0,42,0,42,0,19,71,0,90,42,0,42,132
05/20/2014,TYR,TX,ASW,CE,Federal Contract Tower,0,20,19,8,47,0,8,27,0,35,0,28,46,8,82,36,0,36,118
05/21/2014,TYR,TX,ASW,CE,Federal Contract Tower,0,20,23,6,49,0,15,27,6,48,0,35,50,12,97,40,4,44,141
05/22/2014,TYR,TX,ASW,CE,Federal Contract Tower,0,23,57,0,80,0,2,63,1,66,0,25,120,1,146,82,0,82,228
05/23/2014,TYR,TX,ASW,CE,Federal Contract Tower,0,23,39,2,64,0,2,53,0,55,0,25,92,2,119,52,0,52,171
05/24/2014,TYR,TX,ASW,CE,Federal Contract Tower,2,16,12,0,30,0,16,37,0,53,2,32,49,0,83,10,0,10,93
05/25/2014,TYR,TX,ASW,CE,Federal Contract Tower,6,15,18,0,39,0,5,21,0,26,6,20,39,0,65,20,0,20,85
05/26/2014,TYR,TX,ASW,CE,Federal Contract Tower,2,11,25,0,38,0,0,18,0,18,2,11,43,0,56,22,0,22,78
05/27/2014,TYR,TX,ASW,CE,Federal Contract Tower,0,16,14,0,30,0,1,3,0,4,0,17,17,0,34,6,0,6,40
05/28/2014,TYR,TX,ASW,CE,Federal Contract Tower,0,16,31,6,53,0,2,33,0,35,0,18,64,6,88,30,0,30,118
05/29/2014,TYR,TX,ASW,CE,Federal Contract Tower,0,30,28,2,60,0,0,40,0,40,0,30,68,2,100,62,0,62,162
05/30/2014,TYR,TX,ASW,CE,Federal Contract Tower,0,18,22,0,40,0,0,16,0,16,0,18,38,0,56,0,0,0,56
05/31/2014,TYR,TX,ASW,CE,Federal Contract Tower,0,13,16,0,29,0,0,5,0,5,0,13,21,0,34,0,0,0,34
06/01/2014,TYR,TX,ASW,CE,Federal Contract Tower,2,16,36,0,54,0,0,30,0,30,2,16,66,0,84,40,0,40,124
06/02/2014,TYR,TX,ASW,CE,Federal Contract Tower,2,20,19,0,41,0,7,41,2,50,2,27,60,2,91,22,0,22,113
06/03/2014,TYR,TX,ASW,CE,Federal Contract Tower,0,17,34,0,51,0,6,60,0,66,0,23,94,0,117,72,0,72,189
06/04/2014,TYR,TX,ASW,CE,Federal Contract Tower,0,17,35,0,52,0,6,48,0,54,0,23,83,0,106,22,0,22,128
06/05/2014,TYR,TX,ASW,CE,Federal Contract Tower,0,33,29,2,64,0,2,38,0,40,0,35,67,2,104,62,0,62,166
06/06/2014,TYR,TX,ASW,CE,Federal Contract Tower,0,18,37,0,55,0,2,67,0,69,0,20,104,0,124,42,0,42,166
06/07/2014,TYR,TX,ASW,CE,Federal Contract Tower,2,12,16,0,30,0,6,59,6,71,2,18,75,6,101,28,0,28,129
06/08/2014,TYR,TX,ASW,CE,Federal Contract Tower,0,7,23,3,33,0,0,23,0,23,0,7,46,3,56,6,0,6,62
06/09/2014,TYR,TX,ASW,CE,Federal Contract Tower,0,13,11,0,24,0,0,5,0,5,0,13,16,0,29,0,0,0,29
06/10/2014,TYR,TX,ASW,CE,Federal Contract Tower,0,30,11,7,48,0,6,44,0,50,0,36,55,7,98,60,0,60,158
06/11/2014,TYR,TX,ASW,CE,Federal Contract Tower,2,23,12,8,45,0,10,94,1,105,2,33,106,9,150,46,6,52,202
06/12/2014,TYR,TX,ASW,CE,Federal Contract Tower,0,21,17,1,39,0,0,11,2,13,0,21,28,3,52,0,0,0,52
06/13/2014,TYR,TX,ASW,CE,Federal Contract Tower,0,17,14,0,31,0,2,73,0,75,0,19,87,0,106,118,0,118,224
06/14/2014,TYR,TX,ASW,CE,Federal Contract Tower,0,15,29,0,44,0,4,34,0,38,0,19,63,0,82,4,0,4,86
06/15/2014,TYR,TX,ASW,CE,Federal Contract Tower,0,17,15,0,32,0,4,32,0,36,0,21,47,0,68,12,0,12,80
06/16/2014,TYR,TX,ASW,CE,Federal Contract Tower,3,19,28,0,50,0,1,35,0,36,3,20,63,0,86,72,0,72,158
06/17/2014,TYR,TX,ASW,CE,Federal Contract Tower,4,21,23,2,50,0,4,41,0,45,4,25,64,2,95,48,0,48,143
06/18/2014,TYR,TX,ASW,CE,Federal Contract Tower,0,33,26,0,59,0,10,20,2,32,0,43,46,2,91,38,0,38,129
06/19/2014,TYR,TX,ASW,CE,Federal Contract Tower,0,20,46,0,66,0,0,46,1,47,0,20,92,1,113,58,0,58,171
06/20/2014,TYR,TX,ASW,CE,Federal Contract Tower,0,16,32,1,49,0,3,56,1,60,0,19,88,2,109,74,0,74,183
06/21/2014,TYR,TX,ASW,CE,Federal Contract Tower,2,11,14,0,27,0,0,69,0,69,2,11,83,0,96,26,0,26,122
06/22/2014,TYR,TX,ASW,CE,Federal Contract Tower,0,13,23,0,36,0,0,11,0,11,0,13,34,0,47,18,0,18,65
06/23/2014,TYR,TX,ASW,CE,Federal Contract Tower,2,17,24,0,43,0,0,19,0,19,2,17,43,0,62,14,0,14,76
06/24/2014,TYR,TX,ASW,CE,Federal Contract Tower,4,7,19,0,30,0,3,18,0,21,4,10,37,0,51,28,0,28,79
06/25/2014,TYR,TX,ASW,CE,Federal Contract Tower,0,17,25,0,42,0,0,0,0,0,0,17,25,0,42,4,0,4,46
06/26/2014,TYR,TX,ASW,CE,Federal Contract Tower,1,22,18,0,41,0,0,27,0,27,1,22,45,0,68,14,0,14,82
06/27/2014,TYR,TX,ASW,CE,Federal Contract Tower,0,11,44,2,57,0,0,13,2,15,0,11,57,4,72,8,0,8,80
06/28/2014,TYR,TX,ASW,CE,Federal Contract Tower,5,11,20,0,36,0,4,19,0,23,5,15,39,0,59,0,0,0,59
06/29/2014,TYR,TX,ASW,CE,Federal Contract Tower,5,11,31,0,47,0,14,43,0,57,5,25,74,0,104,50,0,50,154
06/30/2014,TYR,TX,ASW,CE,Federal Contract Tower,2,15,17,0,34,0,12,41,0,53,2,27,58,0,87,44,0,44,131
07/01/2014,TYR,TX,ASW,CE,Federal Contract Tower,0,20,17,0,37,0,8,44,0,52,0,28,61,0,89,56,0,56,145
07/02/2014,TYR,TX,ASW,CE,Federal Contract Tower,2,23,19,0,44,0,7,64,0,71,2,30,83,0,115,58,0,58,173
07/03/2014,TYR,TX,ASW,CE,Federal Contract Tower,0,24,23,0,47,0,1,28,0,29,0,25,51,0,76,64,0,64,140
07/04/2014,TYR,TX,ASW,CE,Federal Contract Tower,0,11,8,0,19,0,3,36,0,39,0,14,44,0,58,24,0,24,82
07/05/2014,TYR,TX,ASW,CE,Federal Contract Tower,1,15,13,0,29,0,3,130,0,133,1,18,143,0,162,26,0,26,188
07/06/2014,TYR,TX,ASW,CE,Federal Contract Tower,2,12,23,0,37,0,11,51,0,62,2,23,74,0,99,44,0,44,143
07/07/2014,TYR,TX,ASW,CE,Federal Contract Tower,2,18,17,0,37,0,16,55,0,71,2,34,72,0,108,74,0,74,182
07/08/2014,TYR,TX,ASW,CE,Federal Contract Tower,0,22,21,0,43,0,10,68,0,78,0,32,89,0,121,128,0,128,249
07/09/2014,TYR,TX,ASW,CE,Federal Contract Tower,2,24,27,0,53,0,8,62,0,70,2,32,89,0,123,44,0,44,167
07/10/2014,TYR,TX,ASW,CE,Federal Contract Tower,0,27,11,0,38,0,2,70,0,72,0,29,81,0,110,70,0,70,180
07/11/2014,TYR,TX,ASW,CE,Federal Contract Tower,0,19,19,0,38,0,1,86,0,87,0,20,105,0,125,96,0,96,221
07/12/2014,TYR,TX,ASW,CE,Federal Contract Tower,0,10,9,2,21,0,6,93,1,100,0,16,102,3,121,92,6,98,219
07/13/2014,TYR,TX,ASW,CE,Federal Contract Tower,2,16,15,0,33,0,6,46,4,56,2,22,61,4,89,2,0,2,91
07/14/2014,TYR,TX,ASW,CE,Federal Contract Tower,4,22,11,0,37,0,7,65,0,72,4,29,76,0,109,40,0,40,149
07/15/2014,TYR,TX,ASW,CE,Federal Contract Tower,0,19,25,0,44,0,5,24,0,29,0,24,49,0,73,42,0,42,115
07/16/2014,TYR,TX,ASW,CE,Federal Contract Tower,0,19,37,8,64,0,6,42,0,48,0,25,79,8,112,22,0,22,134
07/17/2014,TYR,TX,ASW,CE,Federal Contract Tower,0,10,25,0,35,0,0,2,0,2,0,10,27,0,37,0,0,0,37
07/18/2014,TYR,TX,ASW,CE,Federal Contract Tower,0,30,27,2,59,0,0,2,0,2,0,30,29,2,61,14,2,16,77
07/19/2014,TYR,TX,ASW,CE,Federal Contract Tower,2,12,34,0,48,0,0,18,0,18,2,12,52,0,66,6,0,6,72
07/20/2014,TYR,TX,ASW,CE,Federal Contract Tower,2,16,17,0,35,0,1,50,0,51,2,17,67,0,86,8,0,8,94
07/21/2014,TYR,TX,ASW,CE,Federal Contract Tower,2,16,31,0,49,0,17,58,1,76,2,33,89,1,125,66,0,66,191
07/22/2014,TYR,TX,ASW,CE,Federal Contract Tower,0,18,27,0,45,0,9,49,0,58,0,27,76,0,103,59,0,59,162
07/23/2014,TYR,TX,ASW,CE,Federal Contract Tower,0,18,30,0,48,0,6,50,2,58,0,24,80,2,106,32,0,32,138
07/24/2014,TYR,TX,ASW,CE,Federal Contract Tower,0,25,29,2,56,0,5,74,0,79,0,30,103,2,135,66,0,66,201
07/25/2014,TYR,TX,ASW,CE,Federal Contract Tower,0,23,12,0,35,0,2,43,0,45,0,25,55,0,80,51,0,51,131
07/26/2014,TYR,TX,ASW,CE,Federal Contract Tower,0,13,20,0,33,0,3,88,0,91,0,16,108,0,124,30,0,30,154
07/27/2014,TYR,TX,ASW,CE,Federal Contract Tower,2,13,27,0,42,0,3,49,0,52,2,16,76,0,94,6,0,6,100
07/28/2014,TYR,TX,ASW,CE,Federal Contract Tower,0,16,19,0,35,0,3,11,0,14,0,19,30,0,49,0,0,0,49
07/29/2014,TYR,TX,ASW,CE,Federal Contract Tower,0,19,10,0,29,0,10,26,0,36,0,29,36,0,65,48,0,48,113
07/30/2014,TYR,TX,ASW,CE,Federal Contract Tower,0,23,24,0,47,0,4,38,2,44,0,27,62,2,91,40,0,40,131
07/31/2014,TYR,TX,ASW,CE,Federal Contract Tower,0,20,26,0,46,0,0,5,0,5,0,20,31,0,51,0,0,0,51
08/01/2014,TYR,TX,ASW,CE,Federal Contract Tower,0,22,32,4,58,0,0,11,0,11,0,22,43,4,69,10,0,10,79
08/02/2014,TYR,TX,ASW,CE,Federal Contract Tower,0,14,13,0,27,0,0,22,0,22,0,14,35,0,49,40,0,40,89
08/03/2014,TYR,TX,ASW,CE,Federal Contract Tower,2,11,32,0,45,0,2,56,0,58,2,13,88,0,103,76,0,76,179
08/04/2014,TYR,TX,ASW,CE,Federal Contract Tower,1,18,7,0,26,0,7,50,0,57,1,25,57,0,83,22,0,22,105
08/05/2014,TYR,TX,ASW,CE,Federal Contract Tower,0,18,30,0,48,0,4,53,0,57,0,22,83,0,105,26,0,26,131
08/06/2014,TYR,TX,ASW,CE,Federal Contract Tower,4,19,33,0,56,0,3,55,0,58,4,22,88,0,114,54,0,54,168
08/07/2014,TYR,TX,ASW,CE,Federal Contract Tower,0,28,20,1,49,0,0,56,2,58,0,28,76,3,107,54,0,54,161
08/08/2014,TYR,TX,ASW,CE,Federal Contract Tower,0,24,17,2,43,0,3,56,0,59,0,27,73,2,102,62,0,62,164
08/09/2014,TYR,TX,ASW,CE,Federal Contract Tower,1,18,10,0,29,0,2,48,0,50,1,20,58,0,79,22,0,22,101
08/10/2014,TYR,TX,ASW,CE,Federal Contract Tower,4,14,17,0,35,0,6,34,0,40,4,20,51,0,75,12,0,12,87
08/11/2014,TYR,TX,ASW,CE,Federal Contract Tower,0,25,25,0,50,0,5,46,0,51,0,30,71,0,101,60,0,60,161
08/12/2014,TYR,TX,ASW,CE,Federal Contract Tower,0,20,38,0,58,0,3,34,0,37,0,23,72,0,95,12,0,12,107
08/13/2014,TYR,TX,ASW,CE,Federal Contract Tower,0,21,27,2,50,0,6,38,0,44,0,27,65,2,94,22,0,22,116
08/14/2014,TYR,TX,ASW,CE,Federal Contract Tower,0,22,18,0,40,0,0,54,0,54,0,22,72,0,94,24,0,24,118
08/15/2014,TYR,TX,ASW,CE,Federal Contract Tower,0,21,17,3,41,0,0,51,0,51,0,21,68,3,92,32,0,32,124
08/16/2014,TYR,TX,ASW,CE,Federal Contract Tower,2,13,8,0,23,0,5,73,0,78,2,18,81,0,101,16,0,16,117
08/17/2014,TYR,TX,ASW,CE,Federal Contract Tower,2,16,16,0,34,0,2,16,0,18,2,18,32,0,52,12,0,12,64
08/18/2014,TYR,TX,ASW,CE,Federal Contract Tower,2,17,21,0,40,0,4,31,0,35,2,21,52,0,75,88,0,88,163
08/19/2014,TYR,TX,ASW,CE,Federal Contract Tower,2,21,25,0,48,0,10,61,0,71,2,31,86,0,119,28,0,28,147
08/20/2014,TYR,TX,ASW,CE,Federal Contract Tower,0,16,25,0,41,0,0,37,2,39,0,16,62,2,80,32,0,32,112
08/21/2014,TYR,TX,ASW,CE,Federal Contract Tower,0,20,42,0,62,0,10,31,0,41,0,30,73,0,103,4,0,4,107
08/22/2014,TYR,TX,ASW,CE,Federal Contract Tower,0,21,20,0,41,0,3,42,0,45,0,24,62,0,86,51,0,51,137
08/23/2014,TYR,TX,ASW,CE,Federal Contract Tower,1,10,18,0,29,0,3,48,0,51,1,13,66,0,80,38,0,38,118
08/24/2014,TYR,TX,ASW,CE,Federal Contract Tower,2,14,19,5,40,0,1,35,0,36,2,15,54,5,76,24,2,26,102
08/25/2014,TYR,TX,ASW,CE,Federal Contract Tower,2,15,19,0,36,0,14,39,2,55,2,29,58,2,91,28,0,28,119
08/26/2014,TYR,TX,ASW,CE,Federal Contract Tower,1,23,26,2,52,0,10,55,0,65,1,33,81,2,117,34,4,38,155
08/27/2014,TYR,TX,ASW,CE,Federal Contract Tower,0,30,20,0,50,0,6,50,0,56,0,36,70,0,106,46,0,46,152
08/28/2014,TYR,TX,ASW,CE,Federal Contract Tower,0,21,26,0,47,0,4,47,0,51,0,25,73,0,98,12,0,12,110
08/29/2014,TYR,TX,ASW,CE,Federal Contract Tower,0,18,18,0,36,0,1,19,0,20,0,19,37,0,56,18,0,18,74
08/30/2014,TYR,TX,ASW,CE,Federal Contract Tower,3,14,18,0,35,0,6,36,0,42,3,20,54,0,77,70,0,70,147
08/31/2014,TYR,TX,ASW,CE,Federal Contract Tower,0,9,20,0,29,0,0,8,0,8,0,9,28,0,37,20,0,20,57
09/01/2014,TYR,TX,ASW,CE,Federal Contract Tower,2,13,38,0,53,0,13,47,0,60,2,26,85,0,113,32,0,32,145
09/02/2014,TYR,TX,ASW,CE,Federal Contract Tower,0,21,16,0,37,0,2,19,0,21,0,23,35,0,58,2,0,2,60
09/03/2014,TYR,TX,ASW,CE,Federal Contract Tower,0,13,9,0,22,0,0,39,0,39,0,13,48,0,61,6,0,6,67
09/04/2014,TYR,TX,ASW,CE,Federal Contract Tower,0,19,19,0,38,1,1,29,1,32,1,20,48,1,70,20,2,22,92
09/05/2014,TYR,TX,ASW,CE,Federal Contract Tower,0,21,25,2,48,0,2,47,0,49,0,23,72,2,97,66,6,72,169
09/06/2014,TYR,TX,ASW,CE,Federal Contract Tower,3,11,7,2,23,0,0,48,0,48,3,11,55,2,71,40,0,40,111
09/07/2014,TYR,TX,ASW,CE,Federal Contract Tower,0,16,26,0,42,0,0,13,0,13,0,16,39,0,55,2,0,2,57
09/08/2014,TYR,TX,ASW,CE,Federal Contract Tower,2,17,16,4,39,0,4,33,0,37,2,21,49,4,76,54,0,54,130
09/09/2014,TYR,TX,ASW,CE,Federal Contract Tower,2,17,30,0,49,0,8,74,0,82,2,25,104,0,131,54,0,54,185
09/10/2014,TYR,TX,ASW,CE,Federal Contract Tower,0,23,35,0,58,0,2,55,0,57,0,25,90,0,115,88,0,88,203
09/11/2014,TYR,TX,ASW,CE,Federal Contract Tower,0,20,29,0,49,0,0,17,0,17,0,20,46,0,66,2,0,2,68
09/12/2014,TYR,TX,ASW,CE,Federal Contract Tower,0,12,21,0,33,0,0,0,0,0,0,12,21,0,33,0,0,0,33
09/13/2014,TYR,TX,ASW,CE,Federal Contract Tower,0,11,26,2,39,0,0,3,0,3,0,11,29,2,42,14,4,18,60
09/14/2014,TYR,TX,ASW,CE,Federal Contract Tower,3,10,12,0,25,0,4,44,0,48,3,14,56,0,73,10,0,10,83
09/15/2014,TYR,TX,ASW,CE,Federal Contract Tower,2,17,18,0,37,0,6,39,0,45,2,23,57,0,82,18,0,18,100
09/16/2014,TYR,TX,ASW,CE,Federal Contract Tower,2,19,27,0,48,0,5,39,0,44,2,24,66,0,92,14,18,32,124
09/17/2014,TYR,TX,ASW,CE,Federal Contract Tower,0,23,14,1,38,0,2,26,1,29,0,25,40,2,67,14,0,14,81
09/18/2014,TYR,TX,ASW,CE,Federal Contract Tower,2,21,32,0,55,0,0,30,0,30,2,21,62,0,85,6,0,6,91
09/19/2014,TYR,TX,ASW,CE,Federal Contract Tower,2,20,29,4,55,0,7,25,0,32,2,27,54,4,87,20,0,20,107
09/20/2014,TYR,TX,ASW,CE,Federal Contract Tower,0,17,27,0,44,0,2,64,0,66,0,19,91,0,110,32,0,32,142
09/21/2014,TYR,TX,ASW,CE,Federal Contract Tower,2,16,17,8,43,0,4,58,0,62,2,20,75,8,105,10,0,10,115
09/22/2014,TYR,TX,ASW,CE,Federal Contract Tower,5,12,10,0,27,0,14,41,0,55,5,26,51,0,82,22,0,22,104
09/23/2014,TYR,TX,ASW,CE,Federal Contract Tower,2,18,21,0,41,0,10,73,0,83,2,28,94,0,124,26,0,26,150
09/24/2014,TYR,TX,ASW,CE,Federal Contract Tower,0,20,33,0,53,0,0,59,2,61,0,20,92,2,114,22,0,22,136
09/25/2014,TYR,TX,ASW,CE,Federal Contract Tower,0,23,14,4,41,0,5,79,0,84,0,28,93,4,125,40,0,40,165
09/26/2014,TYR,TX,ASW,CE,Federal Contract Tower,2,18,17,0,37,0,0,68,0,68,2,18,85,0,105,28,0,28,133
09/27/2014,TYR,TX,ASW,CE,Federal Contract Tower,2,15,18,4,39,0,7,34,7,48,2,22,52,11,87,8,14,22,109
09/28/2014,TYR,TX,ASW,CE,Federal Contract Tower,2,17,16,0,35,0,8,61,0,69,2,25,77,0,104,0,0,0,104
09/29/2014,TYR,TX,ASW,CE,Federal Contract Tower,2,17,27,0,46,0,8,43,0,51,2,25,70,0,97,10,0,10,107
09/30/2014,TYR,TX,ASW,CE,Federal Contract Tower,1,21,20,0,42,0,9,59,0,68,1,30,79,0,110,52,0,52,162
10/01/2014,TYR,TX,ASW,CE,Federal Contract Tower,0,20,30,0,50,0,2,40,0,42,0,22,70,0,92,10,0,10,102
10/02/2014,TYR,TX,ASW,CE,Federal Contract Tower,0,14,24,0,38,0,11,10,0,21,0,25,34,0,59,8,0,8,67
10/03/2014,TYR,TX,ASW,CE,Federal Contract Tower,0,22,38,0,60,0,4,51,2,57,0,26,89,2,117,22,0,22,139
10/04/2014,TYR,TX,ASW,CE,Federal Contract Tower,0,14,21,0,35,0,6,68,0,74,0,20,89,0,109,42,0,42,151
10/05/2014,TYR,TX,ASW,CE,Federal Contract Tower,2,10,23,0,35,0,0,33,6,39,2,10,56,6,74,4,4,8,82
10/06/2014,TYR,TX,ASW,CE,Federal Contract Tower,2,12,21,0,35,0,6,24,0,30,2,18,45,0,65,6,0,6,71
10/07/2014,TYR,TX,ASW,CE,Federal Contract Tower,0,29,26,0,55,0,2,21,0,23,0,31,47,0,78,28,0,28,106
10/08/2014,TYR,TX,ASW,CE,Federal Contract Tower,0,25,38,0,63,0,0,28,0,28,0,25,66,0,91,0,0,0,91
10/09/2014,TYR,TX,ASW,CE,Federal Contract Tower,0,27,31,0,58,0,0,35,2,37,0,27,66,2,95,18,0,18,113
10/10/2014,TYR,TX,ASW,CE,Federal Contract Tower,2,21,19,0,42,0,0,25,0,25,2,21,44,0,67,42,0,42,109
10/11/2014,TYR,TX,ASW,CE,Federal Contract Tower,6,16,9,0,31,0,0,0,0,0,6,16,9,0,31,0,0,0,31
10/12/2014,TYR,TX,ASW,CE,Federal Contract Tower,0,14,37,0,51,0,1,4,0,5,0,15,41,0,56,18,0,18,74
10/13/2014,TYR,TX,ASW,CE,Federal Contract Tower,0,17,12,0,29,0,0,3,0,3,0,17,15,0,32,2,0,2,34
10/14/2014,TYR,TX,ASW,CE,Federal Contract Tower,1,18,24,0,43,0,8,63,0,71,1,26,87,0,114,28,0,28,142
10/15/2014,TYR,TX,ASW,CE,Federal Contract Tower,0,24,23,10,57,0,14,80,4,98,0,38,103,14,155,22,14,36,191
10/16/2014,TYR,TX,ASW,CE,Federal Contract Tower,0,22,27,1,50,0,8,60,0,68,0,30,87,1,118,32,6,38,156
10/17/2014,TYR,TX,ASW,CE,Federal Contract Tower,0,29,26,0,55,0,3,58,2,63,0,32,84,2,118,34,0,34,152
10/18/2014,TYR,TX,ASW,CE,Federal Contract Tower,0,14,16,0,30,0,0,72,0,72,0,14,88,0,102,26,0,26,128
10/19/2014,TYR,TX,ASW,CE,Federal Contract Tower,2,15,27,2,46,0,9,61,0,70,2,24,88,2,116,2,4,6,122
10/20/2014,TYR,TX,ASW,CE,Federal Contract Tower,2,19,18,0,39,0,2,52,0,54,2,21,70,0,93,100,0,100,193
10/21/2014,TYR,TX,ASW,CE,Federal Contract Tower,2,28,22,2,54,0,2,63,1,66,2,30,85,3,120,20,0,20,140
10/22/2014,TYR,TX,ASW,CE,Federal Contract Tower,0,19,31,2,52,0,2,69,2,73,0,21,100,4,125,34,0,34,159
10/23/2014,TYR,TX,ASW,CE,Federal Contract Tower,0,23,31,0,54,0,17,69,0,86,0,40,100,0,140,72,0,72,212
10/24/2014,TYR,TX,ASW,CE,Federal Contract Tower,0,23,28,0,51,0,5,84,0,89,0,28,112,0,140,34,0,34,174
10/25/2014,TYR,TX,ASW,CE,Federal Contract Tower,1,16,10,0,27,0,0,181,0,181,1,16,191,0,208,16,0,16,224
10/26/2014,TYR,TX,ASW,CE,Federal Contract Tower,2,13,10,0,25,0,0,50,0,50,2,13,60,0,75,32,0,32,107
10/27/2014,TYR,TX,ASW,CE,Federal Contract Tower,2,17,17,0,36,0,9,36,16,61,2,26,53,16,97,20,0,20,117
10/28/2014,TYR,TX,ASW,CE,Federal Contract Tower,0,18,26,0,44,0,0,15,0,15,0,18,41,0,59,36,0,36,95
10/29/2014,TYR,TX,ASW,CE,Federal Contract Tower,0,27,16,8,51,0,0,41,0,41,0,27,57,8,92,42,0,42,134
10/30/2014,TYR,TX,ASW,CE,Federal Contract Tower,0,27,19,0,46,0,5,61,0,66,0,32,80,0,112,24,0,24,136
10/31/2014,TYR,TX,ASW,CE,Federal Contract Tower,0,20,13,0,33,0,0,58,0,58,0,20,71,0,91,26,0,26,117
11/01/2014,TYR,TX,ASW,CE,Federal Contract Tower,0,15,21,0,36,0,0,47,0,47,0,15,68,0,83,14,0,14,97
11/02/2014,TYR,TX,ASW,CE,Federal Contract Tower,0,19,17,0,36,0,2,39,0,41,0,21,56,0,77,16,0,16,93
11/03/2014,TYR,TX,ASW,CE,Federal Contract Tower,2,17,18,0,37,0,8,33,8,49,2,25,51,8,86,34,4,38,124
11/04/2014,TYR,TX,ASW,CE,Federal Contract Tower,0,35,20,0,55,0,0,7,0,7,0,35,27,0,62,6,0,6,68
11/05/2014,TYR,TX,ASW,CE,Federal Contract Tower,0,28,20,0,48,0,0,0,0,0,0,28,20,0,48,8,0,8,56
11/06/2014,TYR,TX,ASW,CE,Federal Contract Tower,0,24,24,0,48,0,5,45,0,50,0,29,69,0,98,30,0,30,128
11/07/2014,TYR,TX,ASW,CE,Federal Contract Tower,0,26,23,0,49,0,1,80,0,81,0,27,103,0,130,26,0,26,156
11/08/2014,TYR,TX,ASW,CE,Federal Contract Tower,3,9,17,0,29,0,1,40,0,41,3,10,57,0,70,22,0,22,92
11/09/2014,TYR,TX,ASW,CE,Federal Contract Tower,2,15,22,0,39,0,14,58,0,72,2,29,80,0,111,34,0,34,145
11/10/2014,TYR,TX,ASW,CE,Federal Contract Tower,2,18,27,0,47,0,18,27,9,54,2,36,54,9,101,46,0,46,147
11/11/2014,TYR,TX,ASW,CE,Federal Contract Tower,0,29,20,0,49,0,3,12,0,15,0,32,32,0,64,36,0,36,100
11/12/2014,TYR,TX,ASW,CE,Federal Contract Tower,0,19,22,0,41,0,4,45,0,49,0,23,67,0,90,34,0,34,124
11/13/2014,TYR,TX,ASW,CE,Federal Contract Tower,0,24,18,0,42,0,0,40,0,40,0,24,58,0,82,36,0,36,118
11/14/2014,TYR,TX,ASW,CE,Federal Contract Tower,0,28,29,0,57,0,0,38,1,39,0,28,67,1,96,26,2,28,124
11/15/2014,TYR,TX,ASW,CE,Federal Contract Tower,2,8,18,0,28,0,8,13,0,21,2,16,31,0,49,18,0,18,67
11/16/2014,TYR,TX,ASW,CE,Federal Contract Tower,3,12,17,0,32,0,0,0,0,0,3,12,17,0,32,0,0,0,32
11/17/2014,TYR,TX,ASW,CE,Federal Contract Tower,2,23,15,0,40,0,1,30,0,31,2,24,45,0,71,20,0,20,91
11/18/2014,TYR,TX,ASW,CE,Federal Contract Tower,0,19,19,0,38,0,2,49,11,62,0,21,68,11,100,40,0,40,140
11/19/2014,TYR,TX,ASW,CE,Federal Contract Tower,0,20,16,0,36,0,14,42,0,56,0,34,58,0,92,34,0,34,126
11/20/2014,TYR,TX,ASW,CE,Federal Contract Tower,0,20,24,0,44,0,2,27,0,29,0,22,51,0,73,25,0,25,98
11/21/2014,TYR,TX,ASW,CE,Federal Contract Tower,0,25,28,0,53,0,0,0,0,0,0,25,28,0,53,10,0,10,63
11/22/2014,TYR,TX,ASW,CE,Federal Contract Tower,0,13,6,0,19,0,2,7,0,9,0,15,13,0,28,6,0,6,34
11/23/2014,TYR,TX,ASW,CE,Federal Contract Tower,2,13,11,0,26,0,5,24,0,29,2,18,35,0,55,10,0,10,65
11/24/2014,TYR,TX,ASW,CE,Federal Contract Tower,2,12,15,3,32,0,10,60,0,70,2,22,75,3,102,28,0,28,130
11/25/2014,TYR,TX,ASW,CE,Federal Contract Tower,0,18,15,0,33,0,2,61,0,63,0,20,76,0,96,20,0,20,116
11/26/2014,TYR,TX,ASW,CE,Federal Contract Tower,0,21,26,0,47,0,3,83,0,86,0,24,109,0,133,4,0,4,137
11/27/2014,TYR,TX,ASW,CE,Federal Contract Tower,0,7,8,0,15,0,2,33,0,35,0,9,41,0,50,20,0,20,70
11/28/2014,TYR,TX,ASW,CE,Federal Contract Tower,0,16,10,0,26,0,1,37,0,38,0,17,47,0,64,4,0,4,68
11/29/2014,TYR,TX,ASW,CE,Federal Contract Tower,0,18,13,0,31,0,4,30,0,34,0,22,43,0,65,8,0,8,73
11/30/2014,TYR,TX,ASW,CE,Federal Contract Tower,2,10,28,0,40,0,6,22,0,28,2,16,50,0,68,2,0,2,70
12/01/2014,TYR,TX,ASW,CE,Federal Contract Tower,2,18,25,0,45,0,2,2,0,4,2,20,27,0,49,8,0,8,57
12/02/2014,TYR,TX,ASW,CE,Federal Contract Tower,2,13,14,2,31,0,5,17,0,22,2,18,31,2,53,82,0,82,135
12/03/2014,TYR,TX,ASW,CE,Federal Contract Tower,0,25,19,0,44,0,0,10,0,10,0,25,29,0,54,10,0,10,64
12/04/2014,TYR,TX,ASW,CE,Federal Contract Tower,0,22,30,0,52,0,0,25,0,25,0,22,55,0,77,36,0,36,113
12/05/2014,TYR,TX,ASW,CE,Federal Contract Tower,0,21,25,0,46,0,5,13,0,18,0,26,38,0,64,18,0,18,82
12/06/2014,TYR,TX,ASW,CE,Federal Contract Tower,0,14,9,0,23,0,2,56,0,58,0,16,65,0,81,30,0,30,111
12/07/2014,TYR,TX,ASW,CE,Federal Contract Tower,2,13,31,1,47,0,3,40,1,44,2,16,71,2,91,20,0,20,111
12/08/2014,TYR,TX,ASW,CE,Federal Contract Tower,0,18,13,0,31,0,6,52,0,58,0,24,65,0,89,50,0,50,139
12/09/2014,TYR,TX,ASW,CE,Federal Contract Tower,0,11,19,0,30,0,6,57,2,65,0,17,76,2,95,46,0,46,141
12/10/2014,TYR,TX,ASW,CE,Federal Contract Tower,2,22,24,0,48,0,6,74,0,80,2,28,98,0,128,102,0,102,230
12/11/2014,TYR,TX,ASW,CE,Federal Contract Tower,0,14,42,0,56,0,0,1,0,1,0,14,43,0,57,0,0,0,57
12/12/2014,TYR,TX,ASW,CE,Federal Contract Tower,0,17,33,0,50,0,5,21,0,26,0,22,54,0,76,60,0,60,136
12/13/2014,TYR,TX,ASW,CE,Federal Contract Tower,0,16,20,0,36,0,2,42,0,44,0,18,62,0,80,36,0,36,116
12/14/2014,TYR,TX,ASW,CE,Federal Contract Tower,2,14,11,0,27,0,0,19,0,19,2,14,30,0,46,38,0,38,84
12/15/2014,TYR,TX,ASW,CE,Federal Contract Tower,2,17,19,2,40,0,7,46,4,57,2,24,65,6,97,48,0,48,145
12/16/2014,TYR,TX,ASW,CE,Federal Contract Tower,0,24,31,0,55,0,3,48,0,51,0,27,79,0,106,16,0,16,122
12/17/2014,TYR,TX,ASW,CE,Federal Contract Tower,0,23,23,0,46,0,7,22,0,29,0,30,45,0,75,40,0,40,115
12/18/2014,TYR,TX,ASW,CE,Federal Contract Tower,0,17,39,0,56,0,0,0,0,0,0,17,39,0,56,0,0,0,56
12/19/2014,TYR,TX,ASW,CE,Federal Contract Tower,0,16,16,0,32,0,0,0,0,0,0,16,16,0,32,4,0,4,36
12/20/2014,TYR,TX,ASW,CE,Federal Contract Tower,0,16,29,0,45,0,1,2,0,3,0,17,31,0,48,10,0,10,58
12/21/2014,TYR,TX,ASW,CE,Federal Contract Tower,2,8,23,0,33,0,2,5,0,7,2,10,28,0,40,8,0,8,48
12/22/2014,TYR,TX,ASW,CE,Federal Contract Tower,2,18,27,0,47,0,13,32,0,45,2,31,59,0,92,36,0,36,128
12/23/2014,TYR,TX,ASW,CE,Federal Contract Tower,2,18,17,0,37,0,2,9,0,11,2,20,26,0,48,10,0,10,58
12/24/2014,TYR,TX,ASW,CE,Federal Contract Tower,0,10,19,0,29,0,0,20,0,20,0,10,39,0,49,14,0,14,63
12/25/2014,TYR,TX,ASW,CE,Federal Contract Tower,0,11,2,0,13,0,0,18,0,18,0,11,20,0,31,10,0,10,41
12/26/2014,TYR,TX,ASW,CE,Federal Contract Tower,0,19,16,0,35,0,0,1,0,1,0,19,17,0,36,0,0,0,36
12/27/2014,TYR,TX,ASW,CE,Federal Contract Tower,0,13,14,0,27,0,0,0,0,0,0,13,14,0,27,2,0,2,29
12/28/2014,TYR,TX,ASW,CE,Federal Contract Tower,2,12,23,0,37,0,0,11,0,11,2,12,34,0,48,14,0,14,62
12/29/2014,TYR,TX,ASW,CE,Federal Contract Tower,2,12,27,0,41,0,0,0,0,0,2,12,27,0,41,0,0,0,41
12/30/2014,TYR,TX,ASW,CE,Federal Contract Tower,0,16,9,0,25,0,3,31,0,34,0,19,40,0,59,10,0,10,69
12/31/2014,TYR,TX,ASW,CE,Federal Contract Tower,0,12,7,0,19,0,2,29,0,31,0,14,36,0,50,34,0,34,84
01/01/2015,TYR,TX,ASW,CE,Federal Contract Tower,0,6,5,0,11,0,0,0,0,0,0,6,5,0,11,0,0,0,11
01/02/2015,TYR,TX,ASW,CE,Federal Contract Tower,0,13,7,0,20,0,0,0,0,0,0,13,7,0,20,0,0,0,20
01/03/2015,TYR,TX,ASW,CE,Federal Contract Tower,0,12,19,0,31,0,0,1,0,1,0,12,20,0,32,12,0,12,44
01/04/2015,TYR,TX,ASW,CE,Federal Contract Tower,2,9,20,0,31,0,4,44,0,48,2,13,64,0,79,10,0,10,89
01/05/2015,TYR,TX,ASW,CE,Federal Contract Tower,2,12,11,0,25,0,7,65,0,72,2,19,76,0,97,36,0,36,133
01/06/2015,TYR,TX,ASW,CE,Federal Contract Tower,0,14,21,0,35,0,2,69,0,71,0,16,90,0,106,22,0,22,128
01/07/2015,TYR,TX,ASW,CE,Federal Contract Tower,0,17,29,0,46,0,0,36,0,36,0,17,65,0,82,0,0,0,82
01/08/2015,TYR,TX,ASW,CE,Federal Contract Tower,0,20,14,0,34,0,9,90,0,99,0,29,104,0,133,78,0,78,211
01/09/2015,TYR,TX,ASW,CE,Federal Contract Tower,0,17,13,0,30,0,2,15,0,17,0,19,28,0,47,10,0,10,57
01/10/2015,TYR,TX,ASW,CE,Federal Contract Tower,0,11,11,2,24,0,0,16,0,16,0,11,27,2,40,8,0,8,48
01/11/2015,TYR,TX,ASW,CE,Federal Contract Tower,2,14,14,0,30,0,0,0,0,0,2,14,14,0,30,0,0,0,30
01/12/2015,TYR,TX,ASW,CE,Federal Contract Tower,0,22,14,0,36,0,18,5,0,23,0,40,19,0,59,20,0,20,79
01/13/2015,TYR,TX,ASW,CE,Federal Contract Tower,2,21,10,0,33,0,4,4,0,8,2,25,14,0,41,8,0,8,49
01/14/2015,TYR,TX,ASW,CE,Federal Contract Tower,0,23,15,0,38,0,2,33,0,35,0,25,48,0,73,30,0,30,103
01/15/2015,TYR,TX,ASW,CE,Federal Contract Tower,0,19,26,0,45,0,8,51,0,59,0,27,77,0,104,30,0,30,134
01/16/2015,TYR,TX,ASW,CE,Federal Contract Tower,0,17,17,0,34,0,5,78,0,83,0,22,95,0,117,30,0,30,147
01/17/2015,TYR,TX,ASW,CE,Federal Contract Tower,0,12,18,0,30,0,0,54,0,54,0,12,72,0,84,24,0,24,108
01/18/2015,TYR,TX,ASW,CE,Federal Contract Tower,0,15,28,0,43,0,5,67,0,72,0,20,95,0,115,0,0,0,115
01/19/2015,TYR,TX,ASW,CE,Federal Contract Tower,0,21,20,0,41,0,10,77,0,87,0,31,97,0,128,32,0,32,160
01/20/2015,TYR,TX,ASW,CE,Federal Contract Tower,0,14,16,0,30,0,2,45,0,47,0,16,61,0,77,18,0,18,95
01/21/2015,TYR,TX,ASW,CE,Federal Contract Tower,0,23,16,0,39,0,2,59,0,61,0,25,75,0,100,26,0,26,126
01/22/2015,TYR,TX,ASW,CE,Federal Contract Tower,0,18,9,0,27,0,0,0,0,0,0,18,9,0,27,0,0,0,27
01/23/2015,TYR,TX,ASW,CE,Federal Contract Tower,0,21,10,0,31,0,0,36,0,36,0,21,46,0,67,18,0,18,85
01/24/2015,TYR,TX,ASW,CE,Federal Contract Tower,0,14,7,6,27,0,0,78,2,80,0,14,85,8,107,46,0,46,153
01/25/2015,TYR,TX,ASW,CE,Federal Contract Tower,0,10,11,0,21,0,4,50,0,54,0,14,61,0,75,18,0,18,93
01/26/2015,TYR,TX,ASW,CE,Federal Contract Tower,2,13,25,0,40,0,12,63,0,75,2,25,88,0,115,66,0,66,181
01/27/2015,TYR,TX,ASW,CE,Federal Contract Tower,2,18,32,1,53,0,6,90,0,96,2,24,122,1,149,148,2,150,299
01/28/2015,TYR,TX,ASW,CE,Federal Contract Tower,0,12,21,0,33,0,8,54,0,62,0,20,75,0,95,36,0,36,131
01/29/2015,TYR,TX,ASW,CE,Federal Contract Tower,0,22,32,0,54,0,3,34,2,39,0,25,66,2,93,62,0,62,155
01/30/2015,TYR,TX,ASW,CE,Federal Contract Tower,0,15,20,1,36,0,5,56,4,65,0,20,76,5,101,64,4,68,169
01/31/2015,TYR,TX,ASW,CE,Federal Contract Tower,0,15,22,0,37,0,0,21,0,21,0,15,43,0,58,8,0,8,66
02/01/2015,TYR,TX,ASW,CE,Federal Contract Tower,0,13,8,0,21,0,0,4,0,4,0,13,12,0,25,0,0,0,25
02/02/2015,TYR,TX,ASW,CE,Federal Contract Tower,0,19,15,2,36,0,8,55,0,63,0,27,70,2,99,52,0,52,151
02/03/2015,TYR,TX,ASW,CE,Federal Contract Tower,0,14,26,0,40,0,4,66,0,70,0,18,92,0,110,46,0,46,156
02/04/2015,TYR,TX,ASW,CE,Federal Contract Tower,0,19,41,0,60,0,0,35,4,39,0,19,76,4,99,30,0,30,129
02/05/2015,TYR,TX,ASW,CE,Federal Contract Tower,0,14,24,0,38,0,0,0,0,0,0,14,24,0,38,0,0,0,38
02/06/2015,TYR,TX,ASW,CE,Federal Contract Tower,0,23,41,2,66,0,2,44,4,50,0,25,85,6,116,74,0,74,190
02/07/2015,TYR,TX,ASW,CE,Federal Contract Tower,0,13,16,0,29,0,0,32,0,32,0,13,48,0,61,46,0,46,107
02/08/2015,TYR,TX,ASW,CE,Federal Contract Tower,2,17,17,0,36,0,8,51,0,59,2,25,68,0,95,60,0,60,155
02/09/2015,TYR,TX,ASW,CE,Federal Contract Tower,0,19,28,0,47,0,3,71,0,74,0,22,99,0,121,22,0,22,143
02/10/2015,TYR,TX,ASW,CE,Federal Contract Tower,0,16,18,0,34,0,10,66,0,76,0,26,84,0,110,76,0,76,186
02/11/2015,TYR,TX,ASW,CE,Federal Contract Tower,0,17,29,0,46,0,4,74,0,78,0,21,103,0,124,108,0,108,232
02/12/2015,TYR,TX,ASW,CE,Federal Contract Tower,0,21,22,0,43,0,12,49,0,61,0,33,71,0,104,142,0,142,246
02/13/2015,TYR,TX,ASW,CE,Federal Contract Tower,0,19,25,0,44,0,19,77,2,98,0,38,102,2,142,78,0,78,220
02/14/2015,TYR,TX,ASW,CE,Federal Contract Tower,0,9,14,0,23,0,1,85,0,86,0,10,99,0,109,36,0,36,145
02/15/2015,TYR,TX,ASW,CE,Federal Contract Tower,0,16,30,0,46,0,0,15,0,15,0,16,45,0,61,16,0,16,77
02/16/2015,TYR,TX,ASW,CE,Federal Contract Tower,0,16,10,0,26,0,0,0,0,0,0,16,10,0,26,0,0,0,26
02/17/2015,TYR,TX,ASW,CE,Federal Contract Tower,0,18,17,0,35,0,0,16,0,16,0,18,33,0,51,18,0,18,69
02/18/2015,TYR,TX,ASW,CE,Federal Contract Tower,0,17,29,0,46,0,4,95,0,99,0,21,124,0,145,98,0,98,243
02/19/2015,TYR,TX,ASW,CE,Federal Contract Tower,0,20,19,0,39,0,0,67,4,71,0,20,86,4,110,60,6,66,176
02/20/2015,TYR,TX,ASW,CE,Federal Contract Tower,0,15,37,0,52,0,0,9,0,9,0,15,46,0,61,28,0,28,89
02/21/2015,TYR,TX,ASW,CE,Federal Contract Tower,0,15,10,0,25,0,0,0,0,0,0,15,10,0,25,0,0,0,25
02/22/2015,TYR,TX,ASW,CE,Federal Contract Tower,0,12,17,0,29,0,0,0,0,0,0,12,17,0,29,0,0,0,29
02/23/2015,TYR,TX,ASW,CE,Federal Contract Tower,0,5,2,0,7,0,0,0,0,0,0,5,2,0,7,0,0,0,7
02/24/2015,TYR,TX,ASW,CE,Federal Contract Tower,0,9,19,0,28,0,0,2,0,2,0,9,21,0,30,4,0,4,34
02/25/2015,TYR,TX,ASW,CE,Federal Contract Tower,0,11,14,0,25,0,3,2,0,5,0,14,16,0,30,0,0,0,30
02/26/2015,TYR,TX,ASW,CE,Federal Contract Tower,0,20,43,0,63,0,4,11,0,15,0,24,54,0,78,30,0,30,108
02/27/2015,TYR,TX,ASW,CE,Federal Contract Tower,0,13,24,0,37,0,0,10,0,10,0,13,34,0,47,32,0,32,79
02/28/2015,TYR,TX,ASW,CE,Federal Contract Tower,0,1,25,0,26,0,1,21,0,22,0,2,46,0,48,32,0,32,80
03/01/2015,TYR,TX,ASW,CE,Federal Contract Tower,0,10,15,0,25,0,0,0,0,0,0,10,15,0,25,0,0,0,25
03/02/2015,TYR,TX,ASW,CE,Federal Contract Tower,0,11,9,0,20,0,0,0,0,0,0,11,9,0,20,0,0,0,20
03/03/2015,TYR,TX,ASW,CE,Federal Contract Tower,0,19,24,0,43,0,0,4,0,4,0,19,28,0,47,6,0,6,53
03/04/2015,TYR,TX,ASW,CE,Federal Contract Tower,0,10,4,0,14,0,0,0,0,0,0,10,4,0,14,0,0,0,14
03/05/2015,TYR,TX,ASW,CE,Federal Contract Tower,0,10,13,0,23,0,4,26,0,30,0,14,39,0,53,42,0,42,95
03/06/2015,TYR,TX,ASW,CE,Federal Contract Tower,0,15,34,0,49,0,0,83,0,83,0,15,117,0,132,30,0,30,162
03/07/2015,TYR,TX,ASW,CE,Federal Contract Tower,0,19,20,0,39,0,2,102,1,105,0,21,122,1,144,104,0,104,248
03/08/2015,TYR,TX,ASW,CE,Federal Contract Tower,0,12,23,0,35,0,0,0,0,0,0,12,23,0,35,0,0,0,35
03/09/2015,TYR,TX,ASW,CE,Federal Contract Tower,0,16,16,0,32,0,0,0,0,0,0,16,16,0,32,0,0,0,32
03/10/2015,TYR,TX,ASW,CE,Federal Contract Tower,0,20,22,0,42,0,3,0,0,3,0,23,22,0,45,4,0,4,49
03/11/2015,TYR,TX,ASW,CE,Federal Contract Tower,0,16,15,0,31,0,3,13,0,16,0,19,28,0,47,28,0,28,75
03/12/2015,TYR,TX,ASW,CE,Federal Contract Tower,0,21,15,0,36,0,0,0,0,0,0,21,15,0,36,0,0,0,36
03/13/2015,TYR,TX,ASW,CE,Federal Contract Tower,0,19,20,0,39,0,0,0,0,0,0,19,20,0,39,4,0,4,43
03/14/2015,TYR,TX,ASW,CE,Federal Contract Tower,0,17,28,0,45,0,0,31,0,31,0,17,59,0,76,10,0,10,86
03/15/2015,TYR,TX,ASW,CE,Federal Contract Tower,0,14,25,0,39,0,4,51,0,55,0,18,76,0,94,28,0,28,122
03/16/2015,TYR,TX,ASW,CE,Federal Contract Tower,0,19,15,0,34,0,6,90,0,96,0,25,105,0,130,98,0,98,228
03/17/2015,TYR,TX,ASW,CE,Federal Contract Tower,0,19,26,2,47,0,4,42,0,46,0,23,68,2,93,30,0,30,123
03/18/2015,TYR,TX,ASW,CE,Federal Contract Tower,0,16,20,0,36,0,2,6,0,8,0,18,26,0,44,4,0,4,48
03/19/2015,TYR,TX,ASW,CE,Federal Contract Tower,0,19,18,0,37,0,2,2,0,4,0,21,20,0,41,0,0,0,41
03/20/2015,TYR,TX,ASW,CE,Federal Contract Tower,0,15,11,0,26,0,0,5,0,5,0,15,16,0,31,6,0,6,37
03/21/2015,TYR,TX,ASW,CE,Federal Contract Tower,0,15,28,0,43,0,0,0,0,0,0,15,28,0,43,0,0,0,43
03/22/2015,TYR,TX,ASW,CE,Federal Contract Tower,0,8,14,0,22,0,6,15,0,21,0,14,29,0,43,30,0,30,73
03/23/2015,TYR,TX,ASW,CE,Federal Contract Tower,0,18,20,0,38,0,5,76,0,81,0,23,96,0,119,64,0,64,183
03/24/2015,TYR,TX,ASW,CE,Federal Contract Tower,0,18,24,0,42,0,3,59,0,62,0,21,83,0,104,36,0,36,140
03/25/2015,TYR,TX,ASW,CE,Federal Contract Tower,0,17,42,1,60,0,6,49,1,56,0,23,91,2,116,18,0,18,134
03/26/2015,TYR,TX,ASW,CE,Federal Contract Tower,0,21,57,2,80,0,5,32,4,41,0,26,89,6,121,34,0,34,155
03/27/2015,TYR,TX,ASW,CE,Federal Contract Tower,0,15,33,0,48,0,2,75,0,77,0,17,108,0,125,96,0,96,221
03/28/2015,TYR,TX,ASW,CE,Federal Contract Tower,0,16,10,0,26,0,9,87,0,96,0,25,97,0,122,106,0,106,228
03/29/2015,TYR,TX,ASW,CE,Federal Contract Tower,0,13,23,0,36,0,4,39,2,45,0,17,62,2,81,16,0,16,97
03/30/2015,TYR,TX,ASW,CE,Federal Contract Tower,0,16,29,0,45,0,8,31,0,39,0,24,60,0,84,18,0,18,102
03/31/2015,TYR,TX,ASW,CE,Federal Contract Tower,0,20,22,0,42,0,10,26,0,36,0,30,48,0,78,56,0,56,134
04/01/2015,TYR,TX,ASW,CE,Federal Contract Tower,0,18,26,0,44,0,2,8,0,10,0,20,34,0,54,8,0,8,62
04/02/2015,TYR,TX,ASW,CE,Federal Contract Tower,0,19,28,0,47,0,2,25,0,27,0,21,53,0,74,4,0,4,78
04/03/2015,TYR,TX,ASW,CE,Federal Contract Tower,0,15,17,0,32,0,0,13,0,13,0,15,30,0,45,0,6,6,51
04/04/2015,TYR,TX,ASW,CE,Federal Contract Tower,0,20,12,0,32,0,2,103,0,105,0,22,115,0,137,54,0,54,191
04/05/2015,TYR,TX,ASW,CE,Federal Contract Tower,0,12,12,0,24,0,0,0,0,0,0,12,12,0,24,0,0,0,24
04/06/2015,TYR,TX,ASW,CE,Federal Contract Tower,0,15,22,0,37,0,1,23,0,24,0,16,45,0,61,6,0,6,67
04/07/2015,TYR,TX,ASW,CE,Federal Contract Tower,0,13,28,0,41,0,9,28,0,37,0,22,56,0,78,18,0,18,96
04/08/2015,TYR,TX,ASW,CE,Federal Contract Tower,0,19,35,0,54,0,6,20,0,26,0,25,55,0,80,10,0,10,90
04/09/2015,TYR,TX,ASW,CE,Federal Contract Tower,0,19,19,0,38,0,0,12,0,12,0,19,31,0,50,0,0,0,50
04/10/2015,TYR,TX,ASW,CE,Federal Contract Tower,0,18,28,2,48,0,1,50,0,51,0,19,78,2,99,42,0,42,141
04/11/2015,TYR,TX,ASW,CE,Federal Contract Tower,0,15,7,0,22,0,5,75,0,80,0,20,82,0,102,44,0,44,146
04/12/2015,TYR,TX,ASW,CE,Federal Contract Tower,0,12,17,0,29,0,8,3,0,11,0,20,20,0,40,0,0,0,40
04/13/2015,TYR,TX,ASW,CE,Federal Contract Tower,0,20,17,0,37,0,8,2,0,10,0,28,19,0,47,0,0,0,47
04/14/2015,TYR,TX,ASW,CE,Federal Contract Tower,0,36,28,6,70,0,0,0,0,0,0,36,28,6,70,2,0,2,72
04/15/2015,TYR,TX,ASW,CE,Federal Contract Tower,0,22,33,0,55,0,10,45,0,55,0,32,78,0,110,46,0,46,156
04/16/2015,TYR,TX,ASW,CE,Federal Contract Tower,0,16,12,0,28,0,4,23,0,27,0,20,35,0,55,20,0,20,75
04/17/2015,TYR,TX,ASW,CE,Federal Contract Tower,0,17,16,0,33,0,11,15,4,30,0,28,31,4,63,2,0,2,65
04/18/2015,TYR,TX,ASW,CE,Federal Contract Tower,1,10,25,0,36,0,3,21,4,28,1,13,46,4,64,30,0,30,94
04/19/2015,TYR,TX,ASW,CE,Federal Contract Tower,1,11,15,0,27,0,3,35,0,38,1,14,50,0,65,44,0,44,109
04/20/2015,TYR,TX,ASW,CE,Federal Contract Tower,0,19,31,0,50,0,10,56,0,66,0,29,87,0,116,68,0,68,184
04/21/2015,TYR,TX,ASW,CE,Federal Contract Tower,0,15,22,0,37,0,9,42,4,55,0,24,64,4,92,74,0,74,166
04/22/2015,TYR,TX,ASW,CE,Federal Contract Tower,0,16,14,0,30,0,12,25,0,37,0,28,39,0,67,52,0,52,119
04/23/2015,TYR,TX,ASW,CE,Federal Contract Tower,0,23,43,0,66,0,1,12,0,13,0,24,55,0,79,44,0,44,123
04/24/2015,TYR,TX,ASW,CE,Federal Contract Tower,0,14,20,0,34,0,12,6,0,18,0,26,26,0,52,0,0,0,52
04/25/2015,TYR,TX,ASW,CE,Federal Contract Tower,0,12,20,0,32,0,14,73,0,87,0,26,93,0,119,26,0,26,145
04/26/2015,TYR,TX,ASW,CE,Federal Contract Tower,0,10,29,0,39,0,4,40,0,44,0,14,69,0,83,46,0,46,129
04/27/2015,TYR,TX,ASW,CE,Federal Contract Tower,0,13,21,2,36,0,6,26,0,32,0,19,47,2,68,4,0,4,72
04/28/2015,TYR,TX,ASW,CE,Federal Contract Tower,0,18,17,0,35,0,0,8,0,8,0,18,25,0,43,6,0,6,49
04/29/2015,TYR,TX,ASW,CE,Federal Contract Tower,0,15,32,0,47,0,4,113,0,117,0,19,145,0,164,88,0,88,252
04/30/2015,TYR,TX,ASW,CE,Federal Contract Tower,0,26,24,0,50,0,3,76,0,79,0,29,100,0,129,52,0,52,181
05/01/2015,TYR,TX,ASW,CE,Federal Contract Tower,0,15,32,0,47,0,14,79,0,93,0,29,111,0,140,24,0,24,164
05/02/2015,TYR,TX,ASW,CE,Federal Contract Tower,0,18,12,0,30,0,9,69,0,78,0,27,81,0,108,28,0,28,136
05/03/2015,TYR,TX,ASW,CE,Federal Contract Tower,0,15,25,0,40,0,10,58,0,68,0,25,83,0,108,22,0,22,130
05/04/2015,TYR,TX,ASW,CE,Federal Contract Tower,0,17,31,4,52,0,4,44,0,48,0,21,75,4,100,46,0,46,146
05/05/2015,TYR,TX,ASW,CE,Federal Contract Tower,0,18,20,0,38,0,11,12,0,23,0,29,32,0,61,0,0,0,61
05/06/2015,TYR,TX,ASW,CE,Federal Contract Tower,0,21,27,0,48,0,4,33,0,37,0,25,60,0,85,8,0,8,93
05/07/2015,TYR,TX,ASW,CE,Federal Contract Tower,0,24,23,0,47,0,5,33,0,38,0,29,56,0,85,34,0,34,119
05/08/2015,TYR,TX,ASW,CE,Federal Contract Tower,0,18,30,0,48,0,5,5,0,10,0,23,35,0,58,0,0,0,58
05/09/2015,TYR,TX,ASW,CE,Federal Contract Tower,0,16,9,0,25,0,0,6,0,6,0,16,15,0,31,0,0,0,31
05/10/2015,TYR,TX,ASW,CE,Federal Contract Tower,0,5,10,0,15,0,3,2,0,5,0,8,12,0,20,8,0,8,28
05/11/2015,TYR,TX,ASW,CE,Federal Contract Tower,0,18,31,0,49,0,3,27,0,30,0,21,58,0,79,8,0,8,87
05/12/2015,TYR,TX,ASW,CE,Federal Contract Tower,0,20,26,0,46,0,0,15,0,15,0,20,41,0,61,2,0,2,63
05/13/2015,TYR,TX,ASW,CE,Federal Contract Tower,0,21,14,0,35,0,0,8,0,8,0,21,22,0,43,0,0,0,43
05/14/2015,TYR,TX,ASW,CE,Federal Contract Tower,0,23,28,0,51,0,0,21,0,21,0,23,49,0,72,32,0,32,104
05/15/2015,TYR,TX,ASW,CE,Federal Contract Tower,0,22,25,0,47,0,0,9,1,10,0,22,34,1,57,44,0,44,101
05/16/2015,TYR,TX,ASW,CE,Federal Contract Tower,0,12,19,0,31,0,0,23,0,23,0,12,42,0,54,12,0,12,66
05/17/2015,TYR,TX,ASW,CE,Federal Contract Tower,0,10,13,0,23,0,6,19,0,25,0,16,32,0,48,2,0,2,50
05/18/2015,TYR,TX,ASW,CE,Federal Contract Tower,0,22,15,0,37,0,0,22,0,22,0,22,37,0,59,24,0,24,83
05/19/2015,TYR,TX,ASW,CE,Federal Contract Tower,0,19,39,0,58,0,0,9,0,9,0,19,48,0,67,12,0,12,79
05/20/2015,TYR,TX,ASW,CE,Federal Contract Tower,0,17,16,0,33,0,11,45,0,56,0,28,61,0,89,36,0,36,125
05/21/2015,TYR,TX,ASW,CE,Federal Contract Tower,0,22,25,0,47,0,0,0,0,0,0,22,25,0,47,8,0,8,55
05/22/2015,TYR,TX,ASW,CE,Federal Contract Tower,0,18,33,0,51,0,0,53,0,53,0,18,86,0,104,54,0,54,158
05/23/2015,TYR,TX,ASW,CE,Federal Contract Tower,0,13,18,0,31,0,0,7,0,7,0,13,25,0,38,8,0,8,46
05/24/2015,TYR,TX,ASW,CE,Federal Contract Tower,0,16,5,0,21,0,0,2,0,2,0,16,7,0,23,0,0,0,23
05/25/2015,TYR,TX,ASW,CE,Federal Contract Tower,0,15,11,0,26,0,0,3,0,3,0,15,14,0,29,0,0,0,29
05/26/2015,TYR,TX,ASW,CE,Federal Contract Tower,0,21,20,0,41,0,6,27,0,33,0,27,47,0,74,48,0,48,122
05/27/2015,TYR,TX,ASW,CE,Federal Contract Tower,0,18,20,0,38,0,0,39,0,39,0,18,59,0,77,38,0,38,115
05/28/2015,TYR,TX,ASW,CE,Federal Contract Tower,0,17,18,0,35,0,2,56,0,58,0,19,74,0,93,50,0,50,143
05/29/2015,TYR,TX,ASW,CE,Federal Contract Tower,0,18,24,0,42,0,3,29,1,33,0,21,53,1,75,12,0,12,87
05/30/2015,TYR,TX,ASW,CE,Federal Contract Tower,0,11,21,0,32,0,0,15,0,15,0,11,36,0,47,6,0,6,53
05/31/2015,TYR,TX,ASW,CE,Federal Contract Tower,0,14,24,0,38,0,10,46,6,62,0,24,70,6,100,0,0,0,100
06/01/2015,TYR,TX,ASW,CE,Federal Contract Tower,0,27,24,0,51,0,13,64,0,77,0,40,88,0,128,58,0,58,186
06/02/2015,TYR,TX,ASW,CE,Federal Contract Tower,0,19,20,0,39,0,7,64,0,71,0,26,84,0,110,32,0,32,142
06/03/2015,TYR,TX,ASW,CE,Federal Contract Tower,0,18,9,2,29,0,2,84,0,86,0,20,93,2,115,56,0,56,171
06/04/2015,TYR,TX,ASW,CE,Federal Contract Tower,0,22,27,0,49,0,2,68,0,70,0,24,95,0,119,26,0,26,145
06/05/2015,TYR,TX,ASW,CE,Federal Contract Tower,0,17,21,0,38,0,6,88,0,94,0,23,109,0,132,84,0,84,216
06/06/2015,TYR,TX,ASW,CE,Federal Contract Tower,0,12,10,0,22,0,0,65,0,65,0,12,75,0,87,32,0,32,119
06/07/2015,TYR,TX,ASW,CE,Federal Contract Tower,0,10,12,0,22,0,4,51,0,55,0,14,63,0,77,28,0,28,105
06/08/2015,TYR,TX,ASW,CE,Federal Contract Tower,0,16,16,0,32,0,6,60,16,82,0,22,76,16,114,74,0,74,188
06/09/2015,TYR,TX,ASW,CE,Federal Contract Tower,0,20,11,0,31,0,4,41,0,45,0,24,52,0,76,4,0,4,80
06/10/2015,TYR,TX,ASW,CE,Federal Contract Tower,0,15,16,0,31,0,4,76,0,80,0,19,92,0,111,38,0,38,149
06/11/2015,TYR,TX,ASW,CE,Federal Contract Tower,0,18,26,0,44,0,3,45,2,50,0,21,71,2,94,64,0,64,158
06/12/2015,TYR,TX,ASW,CE,Federal Contract Tower,0,20,21,0,41,0,1,35,0,36,0,21,56,0,77,12,0,12,89
06/13/2015,TYR,TX,ASW,CE,Federal Contract Tower,0,15,12,0,27,0,3,14,0,17,0,18,26,0,44,0,0,0,44
06/14/2015,TYR,TX,ASW,CE,Federal Contract Tower,0,15,15,0,30,0,2,8,0,10,0,17,23,0,40,0,0,0,40
06/15/2015,TYR,TX,ASW,CE,Federal Contract Tower,0,18,12,0,30,0,5,26,16,47,0,23,38,16,77,14,0,14,91
06/16/2015,TYR,TX,ASW,CE,Federal Contract Tower,0,15,20,0,35,0,2,7,0,9,0,17,27,0,44,0,0,0,44
06/17/2015,TYR,TX,ASW,CE,Federal Contract Tower,0,11,9,0,20,0,0,7,0,7,0,11,16,0,27,6,0,6,33
06/18/2015,TYR,TX,ASW,CE,Federal Contract Tower,0,26,13,0,39,0,0,12,0,12,0,26,25,0,51,8,0,8,59
06/19/2015,TYR,TX,ASW,CE,Federal Contract Tower,0,19,26,0,45,0,4,45,0,49,0,23,71,0,94,54,0,54,148
06/20/2015,TYR,TX,ASW,CE,Federal Contract Tower,0,13,24,0,37,0,0,31,0,31,0,13,55,0,68,56,0,56,124
06/21/2015,TYR,TX,ASW,CE,Federal Contract Tower,0,11,18,0,29,0,0,4,0,4,0,11,22,0,33,18,0,18,51
06/22/2015,TYR,TX,ASW,CE,Federal Contract Tower,0,16,15,0,31,0,2,61,6,69,0,18,76,6,100,36,2,38,138
06/23/2015,TYR,TX,ASW,CE,Federal Contract Tower,0,26,23,0,49,0,5,73,0,78,0,31,96,0,127,34,0,34,161
06/24/2015,TYR,TX,ASW,CE,Federal Contract Tower,0,24,25,0,49,0,7,77,0,84,0,31,102,0,133,68,0,68,201
06/25/2015,TYR,TX,ASW,CE,Federal Contract Tower,0,21,31,0,52,0,0,66,0,66,0,21,97,0,118,60,0,60,178
06/26/2015,TYR,TX,ASW,CE,Federal Contract Tower,0,25,20,0,45,0,2,50,2,54,0,27,70,2,99,34,4,38,137
06/27/2015,TYR,TX,ASW,CE,Federal Contract Tower,0,11,3,2,16,0,0,14,8,22,0,11,17,10,38,8,0,8,46
06/28/2015,TYR,TX,ASW,CE,Federal Contract Tower,0,14,25,0,39,0,0,54,0,54,0,14,79,0,93,34,0,34,127
06/29/2015,TYR,TX,ASW,CE,Federal Contract Tower,0,15,19,1,35,0,9,17,0,26,0,24,36,1,61,10,0,10,71
06/30/2015,TYR,TX,ASW,CE,Federal Contract Tower,0,13,14,0,27,0,11,51,0,62,0,24,65,0,89,32,0,32,121
07/01/2015,TYR,TX,ASW,CE,Federal Contract Tower,0,20,12,0,32,0,2,60,0,62,0,22,72,0,94,2,0,2,96
07/02/2015,TYR,TX,ASW,CE,Federal Contract Tower,0,16,21,0,37,0,6,82,0,88,0,22,103,0,125,102,0,102,227
07/03/2015,TYR,TX,ASW,CE,Federal Contract Tower,0,15,13,0,28,0,3,14,0,17,0,18,27,0,45,22,0,22,67
07/04/2015,TYR,TX,ASW,CE,Federal Contract Tower,0,9,5,0,14,0,0,45,0,45,0,9,50,0,59,0,0,0,59
07/05/2015,TYR,TX,ASW,CE,Federal Contract Tower,0,13,14,0,27,0,8,41,0,49,0,21,55,0,76,32,0,32,108
07/06/2015,TYR,TX,ASW,CE,Federal Contract Tower,0,14,21,0,35,0,10,48,0,58,0,24,69,0,93,46,0,46,139
07/07/2015,TYR,TX,ASW,CE,Federal Contract Tower,0,14,23,4,41,0,11,29,0,40,0,25,52,4,81,18,0,18,99
07/08/2015,TYR,TX,ASW,CE,Federal Contract Tower,0,15,12,0,27,0,0,34,0,34,0,15,46,0,61,38,0,38,99
07/09/2015,TYR,TX,ASW,CE,Federal Contract Tower,0,22,22,0,44,0,8,60,0,68,0,30,82,0,112,52,0,52,164
07/10/2015,TYR,TX,ASW,CE,Federal Contract Tower,0,17,29,0,46,0,8,64,0,72,0,25,93,0,118,10,0,10,128
07/11/2015,TYR,TX,ASW,CE,Federal Contract Tower,0,16,12,8,36,0,1,36,2,39,0,17,48,10,75,14,0,14,89
07/12/2015,TYR,TX,ASW,CE,Federal Contract Tower,0,11,22,0,33,0,4,54,0,58,0,15,76,0,91,8,0,8,99
07/13/2015,TYR,TX,ASW,CE,Federal Contract Tower,0,18,23,0,41,0,25,60,0,85,0,43,83,0,126,22,0,22,148
07/14/2015,TYR,TX,ASW,CE,Federal Contract Tower,0,16,20,0,36,0,5,47,0,52,0,21,67,0,88,30,0,30,118
07/15/2015,TYR,TX,ASW,CE,Federal Contract Tower,0,20,9,0,29,0,4,62,0,66,0,24,71,0,95,6,0,6,101
07/16/2015,TYR,TX,ASW,CE,Federal Contract Tower,0,18,19,0,37,0,8,49,0,57,0,26,68,0,94,46,0,46,140
07/17/2015,TYR,TX,ASW,CE,Federal Contract Tower,0,16,20,0,36,0,5,53,0,58,0,21,73,0,94,0,14,14,108
07/18/2015,TYR,TX,ASW,CE,Federal Contract Tower,0,17,21,0,38,0,4,38,0,42,0,21,59,0,80,18,0,18,98
07/19/2015,TYR,TX,ASW,CE,Federal Contract Tower,0,13,12,8,33,0,0,40,0,40,0,13,52,8,73,24,10,34,107
07/20/2015,TYR,TX,ASW,CE,Federal Contract Tower,0,7,16,0,23,0,9,49,0,58,0,16,65,0,81,22,0,22,103
07/21/2015,TYR,TX,ASW,CE,Federal Contract Tower,0,18,33,0,51,0,4,82,0,86,0,22,115,0,137,38,0,38,175
07/22/2015,TYR,TX,ASW,CE,Federal Contract Tower,0,20,6,0,26,0,4,54,0,58,0,24,60,0,84,10,0,10,94
07/23/2015,TYR,TX,ASW,CE,Federal Contract Tower,0,17,21,0,38,0,2,66,0,68,0,19,87,0,106,24,0,24,130
07/24/2015,TYR,TX,ASW,CE,Federal Contract Tower,0,14,11,0,25,0,3,44,0,47,0,17,55,0,72,34,0,34,106
07/25/2015,TYR,TX,ASW,CE,Federal Contract Tower,0,10,12,0,22,0,0,61,0,61,0,10,73,0,83,16,0,16,99
07/26/2015,TYR,TX,ASW,CE,Federal Contract Tower,0,11,26,0,37,0,0,36,0,36,0,11,62,0,73,12,0,12,85
07/27/2015,TYR,TX,ASW,CE,Federal Contract Tower,0,20,15,0,35,0,10,21,0,31,0,30,36,0,66,0,0,0,66
07/28/2015,TYR,TX,ASW,CE,Federal Contract Tower,0,18,12,0,30,0,11,46,0,57,0,29,58,0,87,20,0,20,107
07/30/2015,TYR,TX,ASW,CE,Federal Contract Tower,0,18,16,0,34,0,9,55,2,66,0,27,71,2,100,58,0,58,158
07/31/2015,TYR,TX,ASW,CE,Federal Contract Tower,0,15,18,0,33,0,13,36,0,49,0,28,54,0,82,46,0,46,128
08/01/2015,TYR,TX,ASW,CE,Federal Contract Tower,0,17,36,0,53,0,6,48,0,54,0,23,84,0,107,1,0,1,108
08/02/2015,TYR,TX,ASW,CE,Federal Contract Tower,0,10,13,0,23,0,10,68,0,78,0,20,81,0,101,36,0,36,137
08/03/2015,TYR,TX,ASW,CE,Federal Contract Tower,0,19,11,0,30,0,4,48,0,52,0,23,59,0,82,4,0,4,86
08/04/2015,TYR,TX,ASW,CE,Federal Contract Tower,0,18,22,0,40,0,7,57,0,64,0,25,79,0,104,40,0,40,144
08/05/2015,TYR,TX,ASW,CE,Federal Contract Tower,0,21,12,0,33,0,4,55,0,59,0,25,67,0,92,42,0,42,134
08/06/2015,TYR,TX,ASW,CE,Federal Contract Tower,0,16,7,0,23,0,8,54,0,62,0,24,61,0,85,22,0,22,107
08/07/2015,TYR,TX,ASW,CE,Federal Contract Tower,0,17,8,1,26,0,17,33,0,50,0,34,41,1,76,32,2,34,110
08/08/2015,TYR,TX,ASW,CE,Federal Contract Tower,0,13,9,2,24,0,4,41,0,45,0,17,50,2,69,24,0,24,93
08/09/2015,TYR,TX,ASW,CE,Federal Contract Tower,0,9,12,0,21,0,2,42,0,44,0,11,54,0,65,0,0,0,65
08/10/2015,TYR,TX,ASW,CE,Federal Contract Tower,0,16,16,1,33,0,4,41,1,46,0,20,57,2,79,42,0,42,121
08/11/2015,TYR,TX,ASW,CE,Federal Contract Tower,0,15,17,0,32,0,6,44,0,50,0,21,61,0,82,14,0,14,96
08/12/2015,TYR,TX,ASW,CE,Federal Contract Tower,0,15,17,0,32,0,11,52,0,63,0,26,69,0,95,26,0,26,121
08/13/2015,TYR,TX,ASW,CE,Federal Contract Tower,0,22,14,0,36,0,1,60,0,61,0,23,74,0,97,32,0,32,129
08/14/2015,TYR,TX,ASW,CE,Federal Contract Tower,0,20,31,2,53,0,6,56,0,62,0,26,87,2,115,80,0,80,195
08/15/2015,TYR,TX,ASW,CE,Federal Contract Tower,0,16,9,0,25,0,4,70,0,74,0,20,79,0,99,16,0,16,115
08/16/2015,TYR,TX,ASW,CE,Federal Contract Tower,0,15,10,0,25,0,6,26,0,32,0,21,36,0,57,2,0,2,59
08/17/2015,TYR,TX,ASW,CE,Federal Contract Tower,0,17,18,0,35,0,8,43,0,51,0,25,61,0,86,12,0,12,98
08/18/2015,TYR,TX,ASW,CE,Federal Contract Tower,0,18,19,0,37,0,8,81,0,89,0,26,100,0,126,24,0,24,150
08/19/2015,TYR,TX,ASW,CE,Federal Contract Tower,0,19,30,4,53,0,3,19,0,22,0,22,49,4,75,46,0,46,121
08/20/2015,TYR,TX,ASW,CE,Federal Contract Tower,0,13,18,0,31,0,0,2,0,2,0,13,20,0,33,2,0,2,35
08/21/2015,TYR,TX,ASW,CE,Federal Contract Tower,0,22,26,0,48,0,5,23,2,30,0,27,49,2,78,2,0,2,80
08/22/2015,TYR,TX,ASW,CE,Federal Contract Tower,0,15,10,0,25,0,6,36,1,43,0,21,46,1,68,24,0,24,92
08/23/2015,TYR,TX,ASW,CE,Federal Contract Tower,0,14,18,0,32,0,8,33,0,41,0,22,51,0,73,0,0,0,73
08/24/2015,TYR,TX,ASW,CE,Federal Contract Tower,0,19,20,0,39,0,20,60,0,80,0,39,80,0,119,44,0,44,163
08/25/2015,TYR,TX,ASW,CE,Federal Contract Tower,0,20,12,0,32,0,12,45,0,57,0,32,57,0,89,38,0,38,127
08/26/2015,TYR,TX,ASW,CE,Federal Contract Tower,0,23,22,0,45,0,17,90,0,107,0,40,112,0,152,90,0,90,242
08/27/2015,TYR,TX,ASW,CE,Federal Contract Tower,0,23,21,0,44,0,2,77,0,79,0,25,98,0,123,28,0,28,151
08/28/2015,TYR,TX,ASW,CE,Federal Contract Tower,0,14,18,0,32,0,8,82,0,90,0,22,100,0,122,32,0,32,154
08/29/2015,TYR,TX,ASW,CE,Federal Contract Tower,0,11,11,0,22,0,12,45,0,57,0,23,56,0,79,0,0,0,79
08/30/2015,TYR,TX,ASW,CE,Federal Contract Tower,0,12,8,0,20,0,3,42,0,45,0,15,50,0,65,0,0,0,65
08/31/2015,TYR,TX,ASW,CE,Federal Contract Tower,0,20,22,0,42,0,8,49,0,57,0,28,71,0,99,56,0,56,155
09/01/2015,TYR,TX,ASW,CE,Federal Contract Tower,0,16,27,0,43,0,6,50,0,56,0,22,77,0,99,50,0,50,149
09/02/2015,TYR,TX,ASW,CE,Federal Contract Tower,0,17,20,0,37,0,4,43,0,47,0,21,63,0,84,26,0,26,110
09/03/2015,TYR,TX,ASW,CE,Federal Contract Tower,0,21,38,0,59,0,2,68,2,72,0,23,106,2,131,24,0,24,155
09/04/2015,TYR,TX,ASW,CE,Federal Contract Tower,0,19,40,0,59,0,4,44,0,48,0,23,84,0,107,30,0,30,137
09/05/2015,TYR,TX,ASW,CE,Federal Contract Tower,0,16,12,0,28,0,6,39,0,45,0,22,51,0,73,14,0,14,87
09/06/2015,TYR,TX,ASW,CE,Federal Contract Tower,0,12,12,0,24,0,0,35,0,35,0,12,47,0,59,10,0,10,69
09/07/2015,TYR,TX,ASW,CE,Federal Contract Tower,0,14,6,0,20,0,12,52,0,64,0,26,58,0,84,40,0,40,124
09/08/2015,TYR,TX,ASW,CE,Federal Contract Tower,0,24,22,0,46,0,15,49,0,64,0,39,71,0,110,5,0,5,115
09/09/2015,TYR,TX,ASW,CE,Federal Contract Tower,0,17,21,0,38,0,4,22,0,26,0,21,43,0,64,20,0,20,84
09/10/2015,TYR,TX,ASW,CE,Federal Contract Tower,0,16,16,2,34,0,0,27,0,27,0,16,43,2,61,38,0,38,99
09/11/2015,TYR,TX,ASW,CE,Federal Contract Tower,0,19,16,0,35,0,12,32,0,44,0,31,48,0,79,6,0,6,85
09/12/2015,TYR,TX,ASW,CE,Federal Contract Tower,0,7,5,7,19,0,11,39,0,50,0,18,44,7,69,14,0,14,83
09/13/2015,TYR,TX,ASW,CE,Federal Contract Tower,0,18,20,0,38,0,8,47,0,55,0,26,67,0,93,0,0,0,93
09/14/2015,TYR,TX,ASW,CE,Federal Contract Tower,0,20,10,0,30,0,13,66,2,81,0,33,76,2,111,66,0,66,177
09/15/2015,TYR,TX,ASW,CE,Federal Contract Tower,0,19,30,0,49,0,16,25,0,41,0,35,55,0,90,12,0,12,102
09/16/2015,TYR,TX,ASW,CE,Federal Contract Tower,0,20,21,0,41,0,0,27,0,27,0,20,48,0,68,22,0,22,90
09/17/2015,TYR,TX,ASW,CE,Federal Contract Tower,0,19,37,0,56,0,13,83,2,98,0,32,120,2,154,22,0,22,176
09/18/2015,TYR,TX,ASW,CE,Federal Contract Tower,0,19,32,0,51,0,10,58,0,68,0,29,90,0,119,22,0,22,141
09/19/2015,TYR,TX,ASW,CE,Federal Contract Tower,0,11,16,0,27,0,2,42,0,44,0,13,58,0,71,22,0,22,93
09/20/2015,TYR,TX,ASW,CE,Federal Contract Tower,0,12,20,0,32,0,20,44,0,64,0,32,64,0,96,6,0,6,102
09/21/2015,TYR,TX,ASW,CE,Federal Contract Tower,0,17,18,0,35,0,6,68,0,74,0,23,86,0,109,62,0,62,171
09/22/2015,TYR,TX,ASW,CE,Federal Contract Tower,0,20,23,0,43,0,7,71,0,78,0,27,94,0,121,60,0,60,181
09/23/2015,TYR,TX,ASW,CE,Federal Contract Tower,0,20,13,0,33,0,6,89,0,95,0,26,102,0,128,50,0,50,178
09/24/2015,TYR,TX,ASW,CE,Federal Contract Tower,0,24,26,1,51,0,2,84,1,87,0,26,110,2,138,18,0,18,156
09/25/2015,TYR,TX,ASW,CE,Federal Contract Tower,0,19,14,0,33,0,6,34,0,40,0,25,48,0,73,38,0,38,111
09/26/2015,TYR,TX,ASW,CE,Federal Contract Tower,0,11,15,0,26,0,1,62,0,63,0,12,77,0,89,36,0,36,125
09/27/2015,TYR,TX,ASW,CE,Federal Contract Tower,0,16,19,0,35,0,10,23,0,33,0,26,42,0,68,0,0,0,68
09/28/2015,TYR,TX,ASW,CE,Federal Contract Tower,0,16,21,0,37,0,6,27,2,35,0,22,48,2,72,22,0,22,94
09/29/2015,TYR,TX,ASW,CE,Federal Contract Tower,0,20,18,2,40,0,3,30,0,33,0,23,48,2,73,12,0,12,85
09/30/2015,TYR,TX,ASW,CE,Federal Contract Tower,0,19,13,0,32,0,9,78,0,87,0,28,91,0,119,42,0,42,161
10/01/2015,TYR,TX,ASW,CE,Federal Contract Tower,0,22,34,0,56,0,5,47,0,52,0,27,81,0,108,52,0,52,160
10/02/2015,TYR,TX,ASW,CE,Federal Contract Tower,0,22,24,0,46,0,9,79,0,88,0,31,103,0,134,32,0,32,166
10/03/2015,TYR,TX,ASW,CE,Federal Contract Tower,0,9,10,0,19,0,10,59,0,69,0,19,69,0,88,12,0,12,100
10/04/2015,TYR,TX,ASW,CE,Federal Contract Tower,0,13,21,0,34,0,2,51,0,53,0,15,72,0,87,24,0,24,111
10/05/2015,TYR,TX,ASW,CE,Federal Contract Tower,0,22,19,0,41,0,10,64,0,74,0,32,83,0,115,68,0,68,183
10/06/2015,TYR,TX,ASW,CE,Federal Contract Tower,0,22,26,0,48,0,13,49,0,62,0,35,75,0,110,42,0,42,152
10/07/2015,TYR,TX,ASW,CE,Federal Contract Tower,0,19,21,0,40,0,33,65,0,98,0,52,86,0,138,46,0,46,184
10/08/2015,TYR,TX,ASW,CE,Federal Contract Tower,0,21,28,0,49,0,2,46,1,49,0,23,74,1,98,50,0,50,148
10/09/2015,TYR,TX,ASW,CE,Federal Contract Tower,0,18,29,0,47,0,12,37,0,49,0,30,66,0,96,6,0,6,102
10/10/2015,TYR,TX,ASW,CE,Federal Contract Tower,0,22,15,0,37,0,12,56,0,68,0,34,71,0,105,0,0,0,105
10/11/2015,TYR,TX,ASW,CE,Federal Contract Tower,0,14,10,0,24,0,10,38,0,48,0,24,48,0,72,16,0,16,88
10/12/2015,TYR,TX,ASW,CE,Federal Contract Tower,0,17,19,0,36,0,18,39,0,57,0,35,58,0,93,16,0,16,109
10/13/2015,TYR,TX,ASW,CE,Federal Contract Tower,0,21,30,0,51,0,0,70,0,70,0,21,100,0,121,38,0,38,159
10/14/2015,TYR,TX,ASW,CE,Federal Contract Tower,0,21,23,0,44,0,4,64,0,68,0,25,87,0,112,40,0,40,152
10/15/2015,TYR,TX,ASW,CE,Federal Contract Tower,0,29,30,0,59,0,0,42,0,42,0,29,72,0,101,26,0,26,127
10/16/2015,TYR,TX,ASW,CE,Federal Contract Tower,0,22,21,0,43,0,9,58,0,67,0,31,79,0,110,8,0,8,118
10/17/2015,TYR,TX,ASW,CE,Federal Contract Tower,0,17,12,0,29,0,4,46,0,50,0,21,58,0,79,2,0,2,81
10/18/2015,TYR,TX,ASW,CE,Federal Contract Tower,0,19,29,0,48,0,4,47,0,51,0,23,76,0,99,0,0,0,99
10/19/2015,TYR,TX,ASW,CE,Federal Contract Tower,0,23,10,0,33,0,10,49,0,59,0,33,59,0,92,28,0,28,120
10/20/2015,TYR,TX,ASW,CE,Federal Contract Tower,0,23,24,0,47,0,11,45,0,56,0,34,69,0,103,44,0,44,147
10/21/2015,TYR,TX,ASW,CE,Federal Contract Tower,0,25,40,0,65,0,0,24,2,26,0,25,64,2,91,10,0,10,101
10/22/2015,TYR,TX,ASW,CE,Federal Contract Tower,0,22,23,0,45,0,2,35,0,37,0,24,58,0,82,12,0,12,94
10/23/2015,TYR,TX,ASW,CE,Federal Contract Tower,0,13,10,0,23,0,0,0,0,0,0,13,10,0,23,0,0,0,23
10/24/2015,TYR,TX,ASW,CE,Federal Contract Tower,0,11,4,0,15,0,0,0,0,0,0,11,4,0,15,0,0,0,15
10/25/2015,TYR,TX,ASW,CE,Federal Contract Tower,0,17,24,2,43,0,0,0,0,0,0,17,24,2,43,0,0,0,43
10/26/2015,TYR,TX,ASW,CE,Federal Contract Tower,0,22,10,0,32,0,10,11,0,21,0,32,21,0,53,2,0,2,55
10/27/2015,TYR,TX,ASW,CE,Federal Contract Tower,0,23,29,0,52,0,16,26,0,42,0,39,55,0,94,6,0,6,100
10/28/2015,TYR,TX,ASW,CE,Federal Contract Tower,0,22,14,0,36,0,0,63,1,64,0,22,77,1,100,26,2,28,128
10/29/2015,TYR,TX,ASW,CE,Federal Contract Tower,0,21,23,0,44,0,2,77,0,79,0,23,100,0,123,4,0,4,127
10/30/2015,TYR,TX,ASW,CE,Federal Contract Tower,0,18,11,0,29,0,0,12,0,12,0,18,23,0,41,0,0,0,41
10/31/2015,TYR,TX,ASW,CE,Federal Contract Tower,0,19,16,4,39,0,0,2,0,2,0,19,18,4,41,0,0,0,41
11/01/2015,TYR,TX,ASW,CE,Federal Contract Tower,0,15,13,0,28,0,0,0,0,0,0,15,13,0,28,0,0,0,28
11/02/2015,TYR,TX,ASW,CE,Federal Contract Tower,0,23,29,0,52,0,6,26,0,32,0,29,55,0,84,28,0,28,112
11/03/2015,TYR,TX,ASW,CE,Federal Contract Tower,0,26,29,1,56,0,0,48,0,48,0,26,77,1,104,22,4,26,130
11/04/2015,TYR,TX,ASW,CE,Federal Contract Tower,0,25,26,0,51,0,0,40,0,40,0,25,66,0,91,28,0,28,119
11/05/2015,TYR,TX,ASW,CE,Federal Contract Tower,0,19,14,0,33,0,1,2,0,3,0,20,16,0,36,0,0,0,36
11/06/2015,TYR,TX,ASW,CE,Federal Contract Tower,0,16,13,3,32,0,0,20,0,20,0,16,33,3,52,8,0,8,60
11/07/2015,TYR,TX,ASW,CE,Federal Contract Tower,0,15,12,0,27,0,0,0,0,0,0,15,12,0,27,0,0,0,27
11/08/2015,TYR,TX,ASW,CE,Federal Contract Tower,0,15,9,0,24,0,10,55,0,65,0,25,64,0,89,12,0,12,101
11/09/2015,TYR,TX,ASW,CE,Federal Contract Tower,0,24,21,0,45,0,12,59,0,71,0,36,80,0,116,36,0,36,152
11/10/2015,TYR,TX,ASW,CE,Federal Contract Tower,0,31,33,0,64,0,14,63,0,77,0,45,96,0,141,38,0,38,179
11/11/2015,TYR,TX,ASW,CE,Federal Contract Tower,0,28,23,0,51,0,3,1,0,4,0,31,24,0,55,0,0,0,55
11/12/2015,TYR,TX,ASW,CE,Federal Contract Tower,0,18,21,2,41,0,9,105,0,114,0,27,126,2,155,74,0,74,229
11/13/2015,TYR,TX,ASW,CE,Federal Contract Tower,0,18,21,0,39,0,6,57,0,63,0,24,78,0,102,6,0,6,108
11/14/2015,TYR,TX,ASW,CE,Federal Contract Tower,0,12,13,0,25,0,7,61,0,68,0,19,74,0,93,20,0,20,113
11/15/2015,TYR,TX,ASW,CE,Federal Contract Tower,0,13,28,0,41,0,0,35,0,35,0,13,63,0,76,14,0,14,90
11/16/2015,TYR,TX,ASW,CE,Federal Contract Tower,0,18,27,1,46,0,1,0,0,1,0,19,27,1,47,0,0,0,47
11/17/2015,TYR,TX,ASW,CE,Federal Contract Tower,0,15,15,3,33,0,0,6,1,7,0,15,21,4,40,2,0,2,42
11/18/2015,TYR,TX,ASW,CE,Federal Contract Tower,0,21,31,1,53,0,16,87,0,103,0,37,118,1,156,42,0,42,198
11/19/2015,TYR,TX,ASW,CE,Federal Contract Tower,0,18,48,0,66,0,5,80,5,90,0,23,128,5,156,30,0,30,186
11/20/2015,TYR,TX,ASW,CE,Federal Contract Tower,0,26,22,0,48,0,18,92,0,110,0,44,114,0,158,40,0,40,198
11/21/2015,TYR,TX,ASW,CE,Federal Contract Tower,0,16,5,0,21,0,8,16,0,24,0,24,21,0,45,12,0,12,57
11/22/2015,TYR,TX,ASW,CE,Federal Contract Tower,0,12,16,0,28,0,2,42,0,44,0,14,58,0,72,22,0,22,94
11/23/2015,TYR,TX,ASW,CE,Federal Contract Tower,0,20,4,0,24,0,20,68,0,88,0,40,72,0,112,42,0,42,154
11/24/2015,TYR,TX,ASW,CE,Federal Contract Tower,0,20,33,0,53,0,14,47,0,61,0,34,80,0,114,38,0,38,152
11/25/2015,TYR,TX,ASW,CE,Federal Contract Tower,0,23,30,0,53,0,4,51,0,55,0,27,81,0,108,12,0,12,120
11/26/2015,TYR,TX,ASW,CE,Federal Contract Tower,0,10,6,0,16,0,0,0,0,0,0,10,6,0,16,0,0,0,16
11/27/2015,TYR,TX,ASW,CE,Federal Contract Tower,0,10,15,0,25,0,0,0,0,0,0,10,15,0,25,0,0,0,25
11/28/2015,TYR,TX,ASW,CE,Federal Contract Tower,0,19,8,0,27,0,0,0,0,0,0,19,8,0,27,0,0,0,27
11/29/2015,TYR,TX,ASW,CE,Federal Contract Tower,0,17,24,0,41,0,0,0,0,0,0,17,24,0,41,0,0,0,41
11/30/2015,TYR,TX,ASW,CE,Federal Contract Tower,0,24,17,0,41,0,0,0,0,0,0,24,17,0,41,0,0,0,41
12/01/2015,TYR,TX,ASW,CE,Federal Contract Tower,0,23,26,0,49,0,4,55,0,59,0,27,81,0,108,42,0,42,150
12/02/2015,TYR,TX,ASW,CE,Federal Contract Tower,0,33,41,0,74,0,9,66,2,77,0,42,107,2,151,62,0,62,213
12/03/2015,TYR,TX,ASW,CE,Federal Contract Tower,0,30,22,0,52,0,11,58,0,69,0,41,80,0,121,52,0,52,173
12/04/2015,TYR,TX,ASW,CE,Federal Contract Tower,0,27,26,0,53,0,6,86,0,92,0,33,112,0,145,26,0,26,171
12/05/2015,TYR,TX,ASW,CE,Federal Contract Tower,0,13,4,0,17,0,9,40,0,49,0,22,44,0,66,10,0,10,76
12/06/2015,TYR,TX,ASW,CE,Federal Contract Tower,0,15,6,0,21,0,7,55,0,62,0,22,61,0,83,6,0,6,89
12/07/2015,TYR,TX,ASW,CE,Federal Contract Tower,0,18,16,0,34,0,1,59,0,60,0,19,75,0,94,44,0,44,138
12/08/2015,TYR,TX,ASW,CE,Federal Contract Tower,0,19,22,0,41,0,0,61,1,62,0,19,83,1,103,28,0,28,131
12/09/2015,TYR,TX,ASW,CE,Federal Contract Tower,0,24,23,2,49,0,9,83,1,93,0,33,106,3,142,14,0,14,156
12/10/2015,TYR,TX,ASW,CE,Federal Contract Tower,0,25,18,3,46,0,0,0,0,0,0,25,18,3,46,24,0,24,70
12/11/2015,TYR,TX,ASW,CE,Federal Contract Tower,0,23,23,0,46,0,4,29,0,33,0,27,52,0,79,8,0,8,87
12/12/2015,TYR,TX,ASW,CE,Federal Contract Tower,0,13,17,0,30,0,0,11,0,11,0,13,28,0,41,26,0,26,67
12/13/2015,TYR,TX,ASW,CE,Federal Contract Tower,0,15,7,0,22,0,6,1,0,7,0,21,8,0,29,0,0,0,29
12/14/2015,TYR,TX,ASW,CE,Federal Contract Tower,0,25,15,0,40,0,9,38,0,47,0,34,53,0,87,36,0,36,123
12/15/2015,TYR,TX,ASW,CE,Federal Contract Tower,0,19,24,4,47,0,6,43,0,49,0,25,67,4,96,38,0,38,134
12/16/2015,TYR,TX,ASW,CE,Federal Contract Tower,0,23,19,0,42,0,2,51,0,53,0,25,70,0,95,64,0,64,159
12/17/2015,TYR,TX,ASW,CE,Federal Contract Tower,0,18,29,1,48,0,5,65,4,74,0,23,94,5,122,22,0,22,144
12/18/2015,TYR,TX,ASW,CE,Federal Contract Tower,0,14,19,2,35,0,10,52,0,62,0,24,71,2,97,4,0,4,101
12/19/2015,TYR,TX,ASW,CE,Federal Contract Tower,0,13,10,3,26,0,12,71,0,83,0,25,81,3,109,38,0,38,147
12/20/2015,TYR,TX,ASW,CE,Federal Contract Tower,0,11,15,0,26,0,6,15,0,21,0,17,30,0,47,44,0,44,91
12/21/2015,TYR,TX,ASW,CE,Federal Contract Tower,0,15,16,0,31,0,13,17,0,30,0,28,33,0,61,2,0,2,63
12/22/2015,TYR,TX,ASW,CE,Federal Contract Tower,0,25,25,2,52,0,12,67,0,79,0,37,92,2,131,36,0,36,167
12/23/2015,TYR,TX,ASW,CE,Federal Contract Tower,0,15,28,0,43,0,2,36,0,38,0,17,64,0,81,20,0,20,101
12/24/2015,TYR,TX,ASW,CE,Federal Contract Tower,0,13,13,0,26,0,6,26,0,32,0,19,39,0,58,56,0,56,114
12/25/2015,TYR,TX,ASW,CE,Federal Contract Tower,0,7,0,0,7,0,6,1,0,7,0,13,1,0,14,0,0,0,14
12/26/2015,TYR,TX,ASW,CE,Federal Contract Tower,0,14,16,0,30,0,3,2,0,5,0,17,18,0,35,0,0,0,35
12/27/2015,TYR,TX,ASW,CE,Federal Contract Tower,0,3,3,0,6,0,0,0,0,0,0,3,3,0,6,0,0,0,6
12/28/2015,TYR,TX,ASW,CE,Federal Contract Tower,0,16,16,0,32,0,0,6,0,6,0,16,22,0,38,0,0,0,38
12/29/2015,TYR,TX,ASW,CE,Federal Contract Tower,0,16,20,0,36,0,2,19,0,21,0,18,39,0,57,26,0,26,83
12/30/2015,TYR,TX,ASW,CE,Federal Contract Tower,0,15,21,0,36,0,0,37,0,37,0,15,58,0,73,90,0,90,163
12/31/2015,TYR,TX,ASW,CE,Federal Contract Tower,0,10,23,0,33,0,4,47,0,51,0,14,70,0,84,38,0,38,122
01/01/2016,TYR,TX,ASW,CE,Federal Contract Tower,0,13,11,0,24,0,6,19,0,25,0,19,30,0,49,8,0,8,57
01/02/2016,TYR,TX,ASW,CE,Federal Contract Tower,0,11,22,0,33,0,2,33,0,35,0,13,55,0,68,28,0,28,96
01/03/2016,TYR,TX,ASW,CE,Federal Contract Tower,0,7,16,0,23,0,8,42,0,50,0,15,58,0,73,12,0,12,85
01/04/2016,TYR,TX,ASW,CE,Federal Contract Tower,0,12,20,0,32,0,8,59,0,67,0,20,79,0,99,22,0,22,121
01/05/2016,TYR,TX,ASW,CE,Federal Contract Tower,0,19,33,0,52,0,4,36,0,40,0,23,69,0,92,28,0,28,120
01/06/2016,TYR,TX,ASW,CE,Federal Contract Tower,0,21,12,1,34,0,2,25,3,30,0,23,37,4,64,22,0,22,86
01/07/2016,TYR,TX,ASW,CE,Federal Contract Tower,0,30,34,4,68,0,0,7,0,7,0,30,41,4,75,0,0,0,75
01/08/2016,TYR,TX,ASW,CE,Federal Contract Tower,0,13,28,3,44,0,2,10,0,12,0,15,38,3,56,0,0,0,56
01/09/2016,TYR,TX,ASW,CE,Federal Contract Tower,0,14,30,0,44,0,8,6,0,14,0,22,36,0,58,0,0,0,58
01/10/2016,TYR,TX,ASW,CE,Federal Contract Tower,0,10,16,0,26,0,10,27,0,37,0,20,43,0,63,32,0,32,95
01/11/2016,TYR,TX,ASW,CE,Federal Contract Tower,0,16,7,0,23,0,5,48,0,53,0,21,55,0,76,90,0,90,166
01/12/2016,TYR,TX,ASW,CE,Federal Contract Tower,0,17,25,0,42,0,6,66,0,72,0,23,91,0,114,34,0,34,148
01/13/2016,TYR,TX,ASW,CE,Federal Contract Tower,0,18,26,0,44,0,8,63,0,71,0,26,89,0,115,42,0,42,157
01/14/2016,TYR,TX,ASW,CE,Federal Contract Tower,0,15,19,0,34,0,1,35,0,36,0,16,54,0,70,42,0,42,112
01/15/2016,TYR,TX,ASW,CE,Federal Contract Tower,0,15,21,0,36,0,8,56,0,64,0,23,77,0,100,30,0,30,130
01/16/2016,TYR,TX,ASW,CE,Federal Contract Tower,0,10,11,0,21,0,4,7,0,11,0,14,18,0,32,20,0,20,52
01/17/2016,TYR,TX,ASW,CE,Federal Contract Tower,0,12,19,0,31,0,4,47,0,51,0,16,66,0,82,12,0,12,94
01/18/2016,TYR,TX,ASW,CE,Federal Contract Tower,0,17,24,0,41,0,10,52,0,62,0,27,76,0,103,60,0,60,163
01/19/2016,TYR,TX,ASW,CE,Federal Contract Tower,0,19,34,0,53,0,15,29,0,44,0,34,63,0,97,8,0,8,105
01/20/2016,TYR,TX,ASW,CE,Federal Contract Tower,0,19,29,0,48,0,11,59,0,70,0,30,88,0,118,18,0,18,136
01/21/2016,TYR,TX,ASW,CE,Federal Contract Tower,0,17,16,0,33,0,0,0,0,0,0,17,16,0,33,0,0,0,33
01/22/2016,TYR,TX,ASW,CE,Federal Contract Tower,0,16,15,0,31,0,10,36,0,46,0,26,51,0,77,8,0,8,85
01/23/2016,TYR,TX,ASW,CE,Federal Contract Tower,0,12,11,0,23,0,14,77,0,91,0,26,88,0,114,36,0,36,150
01/24/2016,TYR,TX,ASW,CE,Federal Contract Tower,0,14,12,0,26,0,0,30,0,30,0,14,42,0,56,20,0,20,76
01/25/2016,TYR,TX,ASW,CE,Federal Contract Tower,0,13,11,0,24,0,0,37,0,37,0,13,48,0,61,50,0,50,111
01/26/2016,TYR,TX,ASW,CE,Federal Contract Tower,0,20,16,0,36,0,10,42,0,52,0,30,58,0,88,26,0,26,114
01/27/2016,TYR,TX,ASW,CE,Federal Contract Tower,0,16,13,2,31,0,27,70,0,97,0,43,83,2,128,44,0,44,172
01/28/2016,TYR,TX,ASW,CE,Federal Contract Tower,0,23,25,0,48,0,5,70,0,75,0,28,95,0,123,62,0,62,185
01/29/2016,TYR,TX,ASW,CE,Federal Contract Tower,0,15,24,0,39,0,8,73,0,81,0,23,97,0,120,38,0,38,158
01/30/2016,TYR,TX,ASW,CE,Federal Contract Tower,0,15,16,0,31,0,6,40,0,46,0,21,56,0,77,12,0,12,89
01/31/2016,TYR,TX,ASW,CE,Federal Contract Tower,0,12,14,0,26,0,6,28,0,34,0,18,42,0,60,0,0,0,60
02/01/2016,TYR,TX,ASW,CE,Federal Contract Tower,0,17,25,0,42,0,8,22,2,32,0,25,47,2,74,56,0,56,130
02/02/2016,TYR,TX,ASW,CE,Federal Contract Tower,0,24,13,0,37,0,20,36,0,56,0,44,49,0,93,20,0,20,113
02/03/2016,TYR,TX,ASW,CE,Federal Contract Tower,0,15,14,0,29,0,7,45,0,52,0,22,59,0,81,8,0,8,89
02/04/2016,TYR,TX,ASW,CE,Federal Contract Tower,0,20,19,0,39,0,5,59,0,64,0,25,78,0,103,14,0,14,117
02/05/2016,TYR,TX,ASW,CE,Federal Contract Tower,0,19,7,0,26,0,5,63,1,69,0,24,70,1,95,132,0,132,227
02/06/2016,TYR,TX,ASW,CE,Federal Contract Tower,0,13,10,0,23,0,6,26,0,32,0,19,36,0,55,0,0,0,55
02/07/2016,TYR,TX,ASW,CE,Federal Contract Tower,0,9,18,0,27,0,10,42,0,52,0,19,60,0,79,0,0,0,79
02/08/2016,TYR,TX,ASW,CE,Federal Contract Tower,0,19,22,0,41,0,4,37,0,41,0,23,59,0,82,26,0,26,108
02/09/2016,TYR,TX,ASW,CE,Federal Contract Tower,0,21,17,0,38,0,22,75,0,97,0,43,92,0,135,64,0,64,199
02/10/2016,TYR,TX,ASW,CE,Federal Contract Tower,0,20,19,0,39,0,21,40,0,61,0,41,59,0,100,48,0,48,148
02/11/2016,TYR,TX,ASW,CE,Federal Contract Tower,0,20,21,0,41,0,8,80,0,88,0,28,101,0,129,52,0,52,181
02/12/2016,TYR,TX,ASW,CE,Federal Contract Tower,0,17,33,2,52,0,6,51,0,57,0,23,84,2,109,70,0,70,179
02/13/2016,TYR,TX,ASW,CE,Federal Contract Tower,0,11,8,0,19,0,2,52,0,54,0,13,60,0,73,64,2,66,139
02/14/2016,TYR,TX,ASW,CE,Federal Contract Tower,0,11,5,0,16,0,18,13,0,31,0,29,18,0,47,6,0,6,53
02/15/2016,TYR,TX,ASW,CE,Federal Contract Tower,0,16,13,0,29,0,12,28,0,40,0,28,41,0,69,10,0,10,79
02/16/2016,TYR,TX,ASW,CE,Federal Contract Tower,0,20,12,0,32,0,30,57,0,87,0,50,69,0,119,50,0,50,169
02/17/2016,TYR,TX,ASW,CE,Federal Contract Tower,0,21,14,0,35,0,14,95,0,109,0,35,109,0,144,94,0,94,238
02/18/2016,TYR,TX,ASW,CE,Federal Contract Tower,0,19,15,0,34,0,8,37,0,45,0,27,52,0,79,62,0,62,141
02/19/2016,TYR,TX,ASW,CE,Federal Contract Tower,0,22,22,0,44,0,3,34,0,37,0,25,56,0,81,8,0,8,89
02/20/2016,TYR,TX,ASW,CE,Federal Contract Tower,0,22,33,0,55,0,8,3,0,11,0,30,36,0,66,2,0,2,68
02/21/2016,TYR,TX,ASW,CE,Federal Contract Tower,0,16,21,0,37,0,6,5,0,11,0,22,26,0,48,26,0,26,74
02/22/2016,TYR,TX,ASW,CE,Federal Contract Tower,0,21,29,0,50,0,0,0,0,0,0,21,29,0,50,22,0,22,72
02/23/2016,TYR,TX,ASW,CE,Federal Contract Tower,0,21,23,0,44,0,0,0,0,0,0,21,23,0,44,0,0,0,44
02/24/2016,TYR,TX,ASW,CE,Federal Contract Tower,0,21,14,2,37,0,4,69,0,73,0,25,83,2,110,42,0,42,152
02/25/2016,TYR,TX,ASW,CE,Federal Contract Tower,0,21,23,0,44,0,4,89,0,93,0,25,112,0,137,82,0,82,219
02/26/2016,TYR,TX,ASW,CE,Federal Contract Tower,0,19,16,0,35,0,12,113,0,125,0,31,129,0,160,62,0,62,222
02/27/2016,TYR,TX,ASW,CE,Federal Contract Tower,0,14,16,0,30,0,10,99,0,109,0,24,115,0,139,50,0,50,189
02/28/2016,TYR,TX,ASW,CE,Federal Contract Tower,0,12,14,0,26,0,6,22,0,28,0,18,36,0,54,0,0,0,54
02/29/2016,TYR,TX,ASW,CE,Federal Contract Tower,0,17,25,0,42,0,12,23,0,35,0,29,48,0,77,16,0,16,93
03/01/2016,TYR,TX,ASW,CE,Federal Contract Tower,0,20,21,1,42,0,4,22,1,27,0,24,43,2,69,2,0,2,71
03/02/2016,TYR,TX,ASW,CE,Federal Contract Tower,0,17,13,2,32,0,8,98,0,106,0,25,111,2,138,42,0,42,180
03/03/2016,TYR,TX,ASW,CE,Federal Contract Tower,0,19,16,0,35,0,8,50,0,58,0,27,66,0,93,8,0,8,101
03/04/2016,TYR,TX,ASW,CE,Federal Contract Tower,0,17,15,0,32,0,10,81,0,91,0,27,96,0,123,86,0,86,209
03/05/2016,TYR,TX,ASW,CE,Federal Contract Tower,0,14,16,0,30,0,6,87,0,93,0,20,103,0,123,96,0,96,219
03/06/2016,TYR,TX,ASW,CE,Federal Contract Tower,0,13,10,0,23,0,10,25,0,35,0,23,35,0,58,0,0,0,58
03/07/2016,TYR,TX,ASW,CE,Federal Contract Tower,0,17,23,2,42,0,3,10,0,13,0,20,33,2,55,20,0,20,75
03/08/2016,TYR,TX,ASW,CE,Federal Contract Tower,0,12,23,0,35,0,0,0,0,0,0,12,23,0,35,0,0,0,35
03/09/2016,TYR,TX,ASW,CE,Federal Contract Tower,0,13,8,0,21,0,0,0,0,0,0,13,8,0,21,0,0,0,21
03/10/2016,TYR,TX,ASW,CE,Federal Contract Tower,0,21,18,0,39,0,1,2,0,3,0,22,20,0,42,2,0,2,44
03/11/2016,TYR,TX,ASW,CE,Federal Contract Tower,0,15,14,0,29,0,8,1,0,9,0,23,15,0,38,0,0,0,38
03/12/2016,TYR,TX,ASW,CE,Federal Contract Tower,0,13,14,0,27,0,4,5,0,9,0,17,19,0,36,6,0,6,42
03/13/2016,TYR,TX,ASW,CE,Federal Contract Tower,0,13,17,0,30,0,12,36,0,48,0,25,53,0,78,50,0,50,128
03/14/2016,TYR,TX,ASW,CE,Federal Contract Tower,0,18,16,0,34,0,12,46,0,58,0,30,62,0,92,56,0,56,148
03/15/2016,TYR,TX,ASW,CE,Federal Contract Tower,0,16,21,0,37,0,2,61,2,65,0,18,82,2,102,40,0,40,142
03/16/2016,TYR,TX,ASW,CE,Federal Contract Tower,0,14,12,0,26,0,6,70,0,76,0,20,82,0,102,84,0,84,186
03/17/2016,TYR,TX,ASW,CE,Federal Contract Tower,0,15,20,0,35,0,0,7,0,7,0,15,27,0,42,2,0,2,44
03/18/2016,TYR,TX,ASW,CE,Federal Contract Tower,0,28,42,0,70,0,12,2,0,14,0,40,44,0,84,0,0,0,84
03/19/2016,TYR,TX,ASW,CE,Federal Contract Tower,0,15,8,0,23,0,9,46,0,55,0,24,54,0,78,6,0,6,84
03/20/2016,TYR,TX,ASW,CE,Federal Contract Tower,0,12,15,0,27,0,12,68,0,80,0,24,83,0,107,28,0,28,135
03/21/2016,TYR,TX,ASW,CE,Federal Contract Tower,0,13,15,0,28,0,21,84,0,105,0,34,99,0,133,98,0,98,231
03/22/2016,TYR,TX,ASW,CE,Federal Contract Tower,0,18,25,0,43,0,16,29,0,45,0,34,54,0,88,12,0,12,100
03/23/2016,TYR,TX,ASW,CE,Federal Contract Tower,0,16,17,0,33,0,5,17,0,22,0,21,34,0,55,4,0,4,59
03/24/2016,TYR,TX,ASW,CE,Federal Contract Tower,0,20,16,0,36,0,6,23,0,29,0,26,39,0,65,10,0,10,75
03/25/2016,TYR,TX,ASW,CE,Federal Contract Tower,0,19,17,0,36,0,13,118,0,131,0,32,135,0,167,128,0,128,295
03/26/2016,TYR,TX,ASW,CE,Federal Contract Tower,0,15,8,0,23,0,16,80,0,96,0,31,88,0,119,106,0,106,225
03/27/2016,TYR,TX,ASW,CE,Federal Contract Tower,0,11,13,0,24,0,12,12,0,24,0,23,25,0,48,16,0,16,64
03/28/2016,TYR,TX,ASW,CE,Federal Contract Tower,0,18,15,0,33,0,18,88,0,106,0,36,103,0,139,124,0,124,263
03/29/2016,TYR,TX,ASW,CE,Federal Contract Tower,0,15,38,0,53,0,21,43,2,66,0,36,81,2,119,14,0,14,133
03/30/2016,TYR,TX,ASW,CE,Federal Contract Tower,0,18,5,0,23,0,0,1,0,1,0,18,6,0,24,0,0,0,24
03/31/2016,TYR,TX,ASW,CE,Federal Contract Tower,0,19,36,0,55,0,2,0,0,2,0,21,36,0,57,68,0,68,125
04/01/2016,TYR,TX,ASW,CE,Federal Contract Tower,0,29,31,0,60,0,5,41,0,46,0,34,72,0,106,24,0,24,130
04/02/2016,TYR,TX,ASW,CE,Federal Contract Tower,0,13,12,6,31,0,6,65,2,73,0,19,77,8,104,76,22,98,202
04/03/2016,TYR,TX,ASW,CE,Federal Contract Tower,0,11,15,0,26,0,14,78,2,94,0,25,93,2,120,28,0,28,148
04/04/2016,TYR,TX,ASW,CE,Federal Contract Tower,0,19,16,2,37,0,21,59,2,82,0,40,75,4,119,66,0,66,185
04/05/2016,TYR,TX,ASW,CE,Federal Contract Tower,0,14,19,2,35,0,5,54,2,61,0,19,73,4,96,34,0,34,130
04/06/2016,TYR,TX,ASW,CE,Federal Contract Tower,0,18,15,0,33,0,4,59,1,64,0,22,74,1,97,46,0,46,143
04/07/2016,TYR,TX,ASW,CE,Federal Contract Tower,0,20,13,0,33,0,13,86,2,101,0,33,99,2,134,118,0,118,252
04/08/2016,TYR,TX,ASW,CE,Federal Contract Tower,0,18,22,0,40,0,9,44,0,53,0,27,66,0,93,88,0,88,181
04/09/2016,TYR,TX,ASW,CE,Federal Contract Tower,0,10,11,0,21,0,13,73,0,86,0,23,84,0,107,54,0,54,161
04/10/2016,TYR,TX,ASW,CE,Federal Contract Tower,0,11,25,0,36,0,8,0,0,8,0,19,25,0,44,8,0,8,52
04/11/2016,TYR,TX,ASW,CE,Federal Contract Tower,0,8,21,5,34,0,0,23,0,23,0,8,44,5,57,12,2,14,71
04/12/2016,TYR,TX,ASW,CE,Federal Contract Tower,0,20,19,0,39,0,18,29,0,47,0,38,48,0,86,80,0,80,166
04/13/2016,TYR,TX,ASW,CE,Federal Contract Tower,0,29,23,0,52,0,2,20,0,22,0,31,43,0,74,28,0,28,102
04/14/2016,TYR,TX,ASW,CE,Federal Contract Tower,0,25,63,0,88,0,0,0,0,0,0,25,63,0,88,0,0,0,88
04/15/2016,TYR,TX,ASW,CE,Federal Contract Tower,0,24,32,0,56,0,4,31,0,35,0,28,63,0,91,82,0,82,173
04/16/2016,TYR,TX,ASW,CE,Federal Contract Tower,0,14,17,0,31,0,12,4,0,16,0,26,21,0,47,0,0,0,47
04/17/2016,TYR,TX,ASW,CE,Federal Contract Tower,0,4,15,0,19,0,1,0,0,1,0,5,15,0,20,0,0,0,20
04/18/2016,TYR,TX,ASW,CE,Federal Contract Tower,0,14,36,0,50,0,2,6,0,8,0,16,42,0,58,14,0,14,72
04/19/2016,TYR,TX,ASW,CE,Federal Contract Tower,0,13,22,3,38,0,0,9,0,9,0,13,31,3,47,26,0,26,73
04/20/2016,TYR,TX,ASW,CE,Federal Contract Tower,0,17,7,0,24,0,4,12,0,16,0,21,19,0,40,48,0,48,88
04/21/2016,TYR,TX,ASW,CE,Federal Contract Tower,0,20,23,0,43,0,3,36,0,39,0,23,59,0,82,20,0,20,102
04/22/2016,TYR,TX,ASW,CE,Federal Contract Tower,0,11,18,0,29,0,32,95,0,127,0,43,113,0,156,74,0,74,230
04/23/2016,TYR,TX,ASW,CE,Federal Contract Tower,0,13,16,4,33,0,19,86,0,105,0,32,102,4,138,36,0,36,174
04/24/2016,TYR,TX,ASW,CE,Federal Contract Tower,0,9,22,0,31,0,30,28,0,58,0,39,50,0,89,12,0,12,101
04/25/2016,TYR,TX,ASW,CE,Federal Contract Tower,0,15,19,0,34,0,17,33,2,52,0,32,52,2,86,34,0,34,120
04/26/2016,TYR,TX,ASW,CE,Federal Contract Tower,0,19,17,0,36,0,6,28,0,34,0,25,45,0,70,22,0,22,92
04/27/2016,TYR,TX,ASW,CE,Federal Contract Tower,0,13,27,0,40,0,4,57,0,61,0,17,84,0,101,36,0,36,137
04/28/2016,TYR,TX,ASW,CE,Federal Contract Tower,0,16,37,0,53,0,9,82,0,91,0,25,119,0,144,64,0,64,208
04/29/2016,TYR,TX,ASW,CE,Federal Contract Tower,0,11,10,0,21,0,8,8,0,16,0,19,18,0,37,18,0,18,55
04/30/2016,TYR,TX,ASW,CE,Federal Contract Tower,0,15,11,0,26,0,9,36,0,45,0,24,47,0,71,0,0,0,71
05/01/2016,TYR,TX,ASW,CE,Federal Contract Tower,0,10,15,0,25,0,11,47,0,58,0,21,62,0,83,48,4,52,135
05/02/2016,TYR,TX,ASW,CE,Federal Contract Tower,0,11,25,0,36,0,7,31,6,44,0,18,56,6,80,38,0,38,118
05/03/2016,TYR,TX,ASW,CE,Federal Contract Tower,0,14,18,0,32,0,10,87,0,97,0,24,105,0,129,62,0,62,191
05/04/2016,TYR,TX,ASW,CE,Federal Contract Tower,0,19,15,0,34,0,9,63,1,73,0,28,78,1,107,66,0,66,173
05/05/2016,TYR,TX,ASW,CE,Federal Contract Tower,0,16,14,0,30,0,16,80,0,96,0,32,94,0,126,52,0,52,178
05/06/2016,TYR,TX,ASW,CE,Federal Contract Tower,0,17,26,0,43,0,20,45,0,65,0,37,71,0,108,48,0,48,156
05/07/2016,TYR,TX,ASW,CE,Federal Contract Tower,0,12,14,0,26,0,16,85,0,101,0,28,99,0,127,30,0,30,157
05/08/2016,TYR,TX,ASW,CE,Federal Contract Tower,0,13,29,0,42,0,9,10,2,21,0,22,39,2,63,0,0,0,63
05/09/2016,TYR,TX,ASW,CE,Federal Contract Tower,0,12,9,0,21,0,19,11,0,30,0,31,20,0,51,18,0,18,69
05/10/2016,TYR,TX,ASW,CE,Federal Contract Tower,0,18,25,1,44,0,9,45,1,55,0,27,70,2,99,14,0,14,113
05/11/2016,TYR,TX,ASW,CE,Federal Contract Tower,0,14,26,0,40,0,9,22,0,31,0,23,48,0,71,10,0,10,81
05/12/2016,TYR,TX,ASW,CE,Federal Contract Tower,0,15,30,0,45,0,17,45,0,62,0,32,75,0,107,66,0,66,173
05/13/2016,TYR,TX,ASW,CE,Federal Contract Tower,0,14,32,0,46,0,27,91,0,118,0,41,123,0,164,66,0,66,230
05/14/2016,TYR,TX,ASW,CE,Federal Contract Tower,0,12,13,0,25,0,11,22,0,33,0,23,35,0,58,60,0,60,118
05/15/2016,TYR,TX,ASW,CE,Federal Contract Tower,0,10,13,0,23,0,10,21,0,31,0,20,34,0,54,26,0,26,80
05/16/2016,TYR,TX,ASW,CE,Federal Contract Tower,0,21,30,0,51,0,3,18,0,21,0,24,48,0,72,44,0,44,116
05/17/2016,TYR,TX,ASW,CE,Federal Contract Tower,0,17,24,0,41,0,6,27,0,33,0,23,51,0,74,44,0,44,118
05/18/2016,TYR,TX,ASW,CE,Federal Contract Tower,0,17,25,0,42,0,0,5,0,5,0,17,30,0,47,2,0,2,49
05/19/2016,TYR,TX,ASW,CE,Federal Contract Tower,0,20,13,0,33,0,5,2,0,7,0,25,15,0,40,8,0,8,48
05/20/2016,TYR,TX,ASW,CE,Federal Contract Tower,0,16,24,0,40,0,0,39,0,39,0,16,63,0,79,4,0,4,83
05/21/2016,TYR,TX,ASW,CE,Federal Contract Tower,0,8,7,0,15,0,45,328,0,373,0,53,335,0,388,34,0,34,422
05/22/2016,TYR,TX,ASW,CE,Federal Contract Tower,0,16,19,0,35,0,4,50,0,54,0,20,69,0,89,38,0,38,127
05/23/2016,TYR,TX,ASW,CE,Federal Contract Tower,0,11,19,0,30,0,26,26,0,52,0,37,45,0,82,26,0,26,108
05/24/2016,TYR,TX,ASW,CE,Federal Contract Tower,0,21,25,0,46,0,26,29,0,55,0,47,54,0,101,66,0,66,167
05/25/2016,TYR,TX,ASW,CE,Federal Contract Tower,0,21,22,0,43,0,13,37,0,50,0,34,59,0,93,28,0,28,121
05/26/2016,TYR,TX,ASW,CE,Federal Contract Tower,0,24,10,0,34,0,5,2,0,7,0,29,12,0,41,0,0,0,41
05/27/2016,TYR,TX,ASW,CE,Federal Contract Tower,0,12,11,0,23,0,7,7,0,14,0,19,18,0,37,14,0,14,51
05/28/2016,TYR,TX,ASW,CE,Federal Contract Tower,0,10,23,0,33,0,10,7,0,17,0,20,30,0,50,0,0,0,50
05/29/2016,TYR,TX,ASW,CE,Federal Contract Tower,0,7,12,0,19,0,14,42,0,56,0,21,54,0,75,0,0,0,75
05/30/2016,TYR,TX,ASW,CE,Federal Contract Tower,0,13,8,0,21,0,9,49,0,58,0,22,57,0,79,32,0,32,111
05/31/2016,TYR,TX,ASW,CE,Federal Contract Tower,0,12,35,2,49,0,1,35,0,36,0,13,70,2,85,20,0,20,105
06/01/2016,TYR,TX,ASW,CE,Federal Contract Tower,0,20,11,0,31,0,1,21,0,22,0,21,32,0,53,10,0,10,63
06/02/2016,TYR,TX,ASW,CE,Federal Contract Tower,0,12,8,0,20,0,0,0,0,0,0,12,8,0,20,0,0,0,20
06/03/2016,TYR,TX,ASW,CE,Federal Contract Tower,0,13,8,0,21,0,0,3,2,5,0,13,11,2,26,0,0,0,26
06/04/2016,TYR,TX,ASW,CE,Federal Contract Tower,0,7,28,0,35,0,4,2,0,6,0,11,30,0,41,0,0,0,41
06/05/2016,TYR,TX,ASW,CE,Federal Contract Tower,0,16,20,0,36,0,6,67,0,73,0,22,87,0,109,24,0,24,133
06/06/2016,TYR,TX,ASW,CE,Federal Contract Tower,0,16,15,0,31,0,32,72,0,104,0,48,87,0,135,16,0,16,151
06/07/2016,TYR,TX,ASW,CE,Federal Contract Tower,0,12,25,0,37,0,3,83,0,86,0,15,108,0,123,22,0,22,145
06/08/2016,TYR,TX,ASW,CE,Federal Contract Tower,0,15,10,0,25,0,5,73,0,78,0,20,83,0,103,28,0,28,131
06/09/2016,TYR,TX,ASW,CE,Federal Contract Tower,0,11,18,0,29,0,2,78,0,80,0,13,96,0,109,34,0,34,143
06/10/2016,TYR,TX,ASW,CE,Federal Contract Tower,0,14,28,0,42,0,10,46,0,56,0,24,74,0,98,12,0,12,110
06/11/2016,TYR,TX,ASW,CE,Federal Contract Tower,0,14,25,2,41,0,8,19,2,29,0,22,44,4,70,2,0,2,72
06/12/2016,TYR,TX,ASW,CE,Federal Contract Tower,0,10,23,0,33,0,4,16,0,20,0,14,39,0,53,22,0,22,75
06/13/2016,TYR,TX,ASW,CE,Federal Contract Tower,0,8,32,1,41,0,4,3,0,7,0,12,35,1,48,0,0,0,48
06/14/2016,TYR,TX,ASW,CE,Federal Contract Tower,0,14,20,0,34,0,9,40,0,49,0,23,60,0,83,28,0,28,111
06/15/2016,TYR,TX,ASW,CE,Federal Contract Tower,0,13,21,0,34,0,5,43,2,50,0,18,64,2,84,56,0,56,140
06/16/2016,TYR,TX,ASW,CE,Federal Contract Tower,0,11,26,0,37,0,11,50,0,61,0,22,76,0,98,18,0,18,116
06/17/2016,TYR,TX,ASW,CE,Federal Contract Tower,0,10,20,0,30,0,12,53,0,65,0,22,73,0,95,24,0,24,119
06/18/2016,TYR,TX,ASW,CE,Federal Contract Tower,0,9,20,0,29,0,3,37,0,40,0,12,57,0,69,24,0,24,93
06/19/2016,TYR,TX,ASW,CE,Federal Contract Tower,0,15,15,0,30,0,12,22,0,34,0,27,37,0,64,2,0,2,66
06/20/2016,TYR,TX,ASW,CE,Federal Contract Tower,0,16,17,0,33,0,20,48,0,68,0,36,65,0,101,52,0,52,153
06/21/2016,TYR,TX,ASW,CE,Federal Contract Tower,0,12,25,0,37,0,9,78,0,87,0,21,103,0,124,26,0,26,150
06/22/2016,TYR,TX,ASW,CE,Federal Contract Tower,0,12,26,1,39,0,7,79,1,87,0,19,105,2,126,48,0,48,174
06/23/2016,TYR,TX,ASW,CE,Federal Contract Tower,0,14,34,0,48,0,14,101,0,115,0,28,135,0,163,18,0,18,181
06/24/2016,TYR,TX,ASW,CE,Federal Contract Tower,0,14,20,0,34,0,14,49,0,63,0,28,69,0,97,22,0,22,119
06/25/2016,TYR,TX,ASW,CE,Federal Contract Tower,0,10,11,0,21,0,2,42,0,44,0,12,53,0,65,12,0,12,77
06/26/2016,TYR,TX,ASW,CE,Federal Contract Tower,0,7,17,0,24,0,8,35,0,43,0,15,52,0,67,10,0,10,77
06/27/2016,TYR,TX,ASW,CE,Federal Contract Tower,0,14,14,0,28,0,11,31,0,42,0,25,45,0,70,46,0,46,116
06/28/2016,TYR,TX,ASW,CE,Federal Contract Tower,0,12,17,0,29,0,6,43,0,49,0,18,60,0,78,24,0,24,102
06/29/2016,TYR,TX,ASW,CE,Federal Contract Tower,0,12,20,0,32,0,2,42,0,44,0,14,62,0,76,30,0,30,106
06/30/2016,TYR,TX,ASW,CE,Federal Contract Tower,0,19,26,0,45,0,6,68,0,74,0,25,94,0,119,38,0,38,157
07/01/2016,TYR,TX,ASW,CE,Federal Contract Tower,0,24,23,0,47,0,11,73,0,84,0,35,96,0,131,44,0,44,175
07/02/2016,TYR,TX,ASW,CE,Federal Contract Tower,0,13,15,0,28,0,6,60,0,66,0,19,75,0,94,18,0,18,112
07/03/2016,TYR,TX,ASW,CE,Federal Contract Tower,0,8,11,0,19,0,18,25,0,43,0,26,36,0,62,28,0,28,90
07/04/2016,TYR,TX,ASW,CE,Federal Contract Tower,0,8,5,0,13,0,5,10,0,15,0,13,15,0,28,10,0,10,38
07/05/2016,TYR,TX,ASW,CE,Federal Contract Tower,0,20,20,5,45,0,8,31,1,40,0,28,51,6,85,4,0,4,89
07/06/2016,TYR,TX,ASW,CE,Federal Contract Tower,0,16,22,0,38,0,9,47,0,56,0,25,69,0,94,22,0,22,116
07/07/2016,TYR,TX,ASW,CE,Federal Contract Tower,0,13,17,0,30,0,10,54,0,64,0,23,71,0,94,18,0,18,112
07/08/2016,TYR,TX,ASW,CE,Federal Contract Tower,0,14,16,0,30,0,15,42,0,57,0,29,58,0,87,16,0,16,103
07/09/2016,TYR,TX,ASW,CE,Federal Contract Tower,0,13,20,0,33,0,6,33,0,39,0,19,53,0,72,44,0,44,116
07/10/2016,TYR,TX,ASW,CE,Federal Contract Tower,0,12,24,1,37,0,8,21,0,29,0,20,45,1,66,0,0,0,66
07/11/2016,TYR,TX,ASW,CE,Federal Contract Tower,0,14,13,0,27,0,8,29,0,37,0,22,42,0,64,4,0,4,68
07/12/2016,TYR,TX,ASW,CE,Federal Contract Tower,0,18,29,0,47,0,5,44,0,49,0,23,73,0,96,16,0,16,112
07/13/2016,TYR,TX,ASW,CE,Federal Contract Tower,0,19,22,0,41,0,6,28,0,34,0,25,50,0,75,28,0,28,103
07/14/2016,TYR,TX,ASW,CE,Federal Contract Tower,0,18,26,0,44,0,5,46,0,51,0,23,72,0,95,44,0,44,139
07/15/2016,TYR,TX,ASW,CE,Federal Contract Tower,0,17,18,0,35,0,6,39,2,47,0,23,57,2,82,90,0,90,172
07/16/2016,TYR,TX,ASW,CE,Federal Contract Tower,0,8,26,0,34,0,8,66,0,74,0,16,92,0,108,12,0,12,120
07/17/2016,TYR,TX,ASW,CE,Federal Contract Tower,0,13,8,0,21,0,10,48,0,58,0,23,56,0,79,12,0,12,91
07/18/2016,TYR,TX,ASW,CE,Federal Contract Tower,0,13,24,0,37,0,17,37,0,54,0,30,61,0,91,28,0,28,119
07/19/2016,TYR,TX,ASW,CE,Federal Contract Tower,0,17,20,0,37,0,11,59,0,70,0,28,79,0,107,12,0,12,119
07/20/2016,TYR,TX,ASW,CE,Federal Contract Tower,0,20,22,0,42,0,9,64,0,73,0,29,86,0,115,22,0,22,137
07/22/2016,TYR,TX,ASW,CE,Federal Contract Tower,0,13,20,0,33,0,18,48,0,66,0,31,68,0,99,0,0,0,99
07/23/2016,TYR,TX,ASW,CE,Federal Contract Tower,0,12,6,0,18,0,7,80,0,87,0,19,86,0,105,0,0,0,105
07/24/2016,TYR,TX,ASW,CE,Federal Contract Tower,0,10,13,0,23,0,8,45,0,53,0,18,58,0,76,18,0,18,94
07/25/2016,TYR,TX,ASW,CE,Federal Contract Tower,0,12,13,0,25,0,3,35,1,39,0,15,48,1,64,14,2,16,80
07/26/2016,TYR,TX,ASW,CE,Federal Contract Tower,0,15,8,0,23,0,11,48,0,59,0,26,56,0,82,88,0,88,170
07/27/2016,TYR,TX,ASW,CE,Federal Contract Tower,0,16,14,0,30,0,3,30,0,33,0,19,44,0,63,20,0,20,83
07/28/2016,TYR,TX,ASW,CE,Federal Contract Tower,0,16,16,0,32,0,21,27,2,50,0,37,43,2,82,20,0,20,102
07/29/2016,TYR,TX,ASW,CE,Federal Contract Tower,0,14,19,4,37,0,5,35,0,40,0,19,54,4,77,18,0,18,95
07/30/2016,TYR,TX,ASW,CE,Federal Contract Tower,0,9,10,0,19,0,25,73,0,98,0,34,83,0,117,34,0,34,151
07/31/2016,TYR,TX,ASW,CE,Federal Contract Tower,0,10,18,0,28,0,14,71,0,85,0,24,89,0,113,14,0,14,127
08/01/2016,TYR,TX,ASW,CE,Federal Contract Tower,0,14,10,0,24,0,14,70,4,88,0,28,80,4,112,66,0,66,178
08/02/2016,TYR,TX,ASW,CE,Federal Contract Tower,0,18,14,0,32,0,2,63,0,65,0,20,77,0,97,30,0,30,127
08/04/2016,TYR,TX,ASW,CE,Federal Contract Tower,0,14,23,0,37,0,10,58,0,68,0,24,81,0,105,22,0,22,127
08/05/2016,TYR,TX,ASW,CE,Federal Contract Tower,0,17,20,0,37,0,0,65,0,65,0,17,85,0,102,24,0,24,126
08/06/2016,TYR,TX,ASW,CE,Federal Contract Tower,0,19,14,0,33,0,6,60,0,66,0,25,74,0,99,44,0,44,143
08/07/2016,TYR,TX,ASW,CE,Federal Contract Tower,0,13,10,0,23,0,10,63,0,73,0,23,73,0,96,14,0,14,110
08/08/2016,TYR,TX,ASW,CE,Federal Contract Tower,0,16,11,0,27,0,13,67,0,80,0,29,78,0,107,80,0,80,187
08/09/2016,TYR,TX,ASW,CE,Federal Contract Tower,0,15,23,0,38,0,12,112,1,125,0,27,135,1,163,28,0,28,191
08/10/2016,TYR,TX,ASW,CE,Federal Contract Tower,0,20,28,0,48,0,23,67,1,91,0,43,95,1,139,20,0,20,159
08/11/2016,TYR,TX,ASW,CE,Federal Contract Tower,0,20,20,0,40,0,4,58,0,62,0,24,78,0,102,66,0,66,168
08/12/2016,TYR,TX,ASW,CE,Federal Contract Tower,0,12,28,0,40,0,2,62,0,64,0,14,90,0,104,44,0,44,148
08/13/2016,TYR,TX,ASW,CE,Federal Contract Tower,0,10,13,0,23,0,0,11,0,11,0,10,24,0,34,18,0,18,52
08/14/2016,TYR,TX,ASW,CE,Federal Contract Tower,0,13,22,0,35,0,17,15,0,32,0,30,37,0,67,6,0,6,73
08/15/2016,TYR,TX,ASW,CE,Federal Contract Tower,0,17,9,0,26,0,0,2,0,2,0,17,11,0,28,0,0,0,28
08/16/2016,TYR,TX,ASW,CE,Federal Contract Tower,0,19,24,0,43,0,0,0,0,0,0,19,24,0,43,0,0,0,43
08/17/2016,TYR,TX,ASW,CE,Federal Contract Tower,0,11,21,0,32,0,0,0,0,0,0,11,21,0,32,0,0,0,32
08/18/2016,TYR,TX,ASW,CE,Federal Contract Tower,0,13,43,0,56,0,0,0,0,0,0,13,43,0,56,0,0,0,56
08/19/2016,TYR,TX,ASW,CE,Federal Contract Tower,0,21,16,0,37,0,0,10,0,10,0,21,26,0,47,8,0,8,55
08/20/2016,TYR,TX,ASW,CE,Federal Contract Tower,0,13,12,0,25,0,0,9,0,9,0,13,21,0,34,2,0,2,36
08/21/2016,TYR,TX,ASW,CE,Federal Contract Tower,0,13,15,0,28,0,2,20,0,22,0,15,35,0,50,8,0,8,58
08/22/2016,TYR,TX,ASW,CE,Federal Contract Tower,0,15,18,0,33,0,7,11,0,18,0,22,29,0,51,4,0,4,55
08/23/2016,TYR,TX,ASW,CE,Federal Contract Tower,0,25,46,0,71,0,13,41,0,54,0,38,87,0,125,48,0,48,173
08/24/2016,TYR,TX,ASW,CE,Federal Contract Tower,0,18,30,0,48,0,0,52,0,52,0,18,82,0,100,36,0,36,136
08/25/2016,TYR,TX,ASW,CE,Federal Contract Tower,29,25,0,0,54,0,8,37,0,45,29,33,37,0,99,64,0,64,163
08/26/2016,TYR,TX,ASW,CE,Federal Contract Tower,0,13,19,0,32,0,0,17,0,17,0,13,36,0,49,0,0,0,49
08/27/2016,TYR,TX,ASW,CE,Federal Contract Tower,0,25,19,0,44,0,6,34,0,40,0,31,53,0,84,40,0,40,124
08/28/2016,TYR,TX,ASW,CE,Federal Contract Tower,0,12,12,0,24,0,14,17,0,31,0,26,29,0,55,12,0,12,67
08/29/2016,TYR,TX,ASW,CE,Federal Contract Tower,0,14,5,0,19,0,9,36,4,49,0,23,41,4,68,36,0,36,104
08/30/2016,TYR,TX,ASW,CE,Federal Contract Tower,0,14,27,0,41,0,7,88,3,98,0,21,115,3,139,98,8,106,245
08/31/2016,TYR,TX,ASW,CE,Federal Contract Tower,0,18,31,1,50,0,5,73,2,80,0,23,104,3,130,49,2,51,181
09/01/2016,TYR,TX,ASW,CE,Federal Contract Tower,0,15,15,0,30,0,2,68,2,72,0,17,83,2,102,14,0,14,116
09/02/2016,TYR,TX,ASW,CE,Federal Contract Tower,0,11,22,0,33,0,10,60,0,70,0,21,82,0,103,12,0,12,115
09/03/2016,TYR,TX,ASW,CE,Federal Contract Tower,0,9,13,0,22,0,7,68,0,75,0,16,81,0,97,8,0,8,105
09/04/2016,TYR,TX,ASW,CE,Federal Contract Tower,0,7,19,0,26,0,0,52,3,55,0,7,71,3,81,12,0,12,93
09/05/2016,TYR,TX,ASW,CE,Federal Contract Tower,0,13,23,0,36,0,0,46,0,46,0,13,69,0,82,32,0,32,114
09/06/2016,TYR,TX,ASW,CE,Federal Contract Tower,0,12,31,0,43,0,4,47,0,51,0,16,78,0,94,16,0,16,110
09/07/2016,TYR,TX,ASW,CE,Federal Contract Tower,0,16,20,0,36,0,8,59,0,67,0,24,79,0,103,134,0,134,237
09/08/2016,TYR,TX,ASW,CE,Federal Contract Tower,0,20,35,0,55,0,0,34,2,36,0,20,69,2,91,0,0,0,91
09/09/2016,TYR,TX,ASW,CE,Federal Contract Tower,0,20,21,0,41,0,4,57,0,61,0,24,78,0,102,72,0,72,174
09/10/2016,TYR,TX,ASW,CE,Federal Contract Tower,0,9,8,0,17,0,8,27,0,35,0,17,35,0,52,0,0,0,52
09/11/2016,TYR,TX,ASW,CE,Federal Contract Tower,0,14,11,0,25,0,10,60,0,70,0,24,71,0,95,30,0,30,125
09/12/2016,TYR,TX,ASW,CE,Federal Contract Tower,0,19,22,0,41,0,23,55,1,79,0,42,77,1,120,36,0,36,156
09/13/2016,TYR,TX,ASW,CE,Federal Contract Tower,0,17,28,1,46,0,32,81,1,114,0,49,109,2,160,74,0,74,234
09/14/2016,TYR,TX,ASW,CE,Federal Contract Tower,0,13,19,0,32,0,17,53,0,70,0,30,72,0,102,36,0,36,138
09/15/2016,TYR,TX,ASW,CE,Federal Contract Tower,0,16,30,0,46,0,18,59,0,77,0,34,89,0,123,64,0,64,187
09/16/2016,TYR,TX,ASW,CE,Federal Contract Tower,0,15,15,3,33,0,19,50,2,71,0,34,65,5,104,50,0,50,154
09/17/2016,TYR,TX,ASW,CE,Federal Contract Tower,0,9,9,0,18,0,8,33,0,41,0,17,42,0,59,18,0,18,77
09/18/2016,TYR,TX,ASW,CE,Federal Contract Tower,0,13,21,0,34,0,16,37,0,53,0,29,58,0,87,28,0,28,115
09/19/2016,TYR,TX,ASW,CE,Federal Contract Tower,0,19,19,3,41,0,4,47,1,52,0,23,66,4,93,70,0,70,163
09/20/2016,TYR,TX,ASW,CE,Federal Contract Tower,0,13,27,4,44,0,2,62,2,66,0,15,89,6,110,62,0,62,172
09/21/2016,TYR,TX,ASW,CE,Federal Contract Tower,0,17,19,0,36,0,1,49,0,50,0,18,68,0,86,22,0,22,108
09/22/2016,TYR,TX,ASW,CE,Federal Contract Tower,0,14,27,0,41,0,5,66,0,71,0,19,93,0,112,108,0,108,220
09/23/2016,TYR,TX,ASW,CE,Federal Contract Tower,0,16,26,0,42,0,4,36,0,40,0,20,62,0,82,40,0,40,122
09/24/2016,TYR,TX,ASW,CE,Federal Contract Tower,0,7,12,0,19,0,6,24,0,30,0,13,36,0,49,6,0,6,55
09/25/2016,TYR,TX,ASW,CE,Federal Contract Tower,0,9,14,0,23,0,2,3,0,5,0,11,17,0,28,2,0,2,30
09/26/2016,TYR,TX,ASW,CE,Federal Contract Tower,0,19,26,0,45,0,4,8,0,12,0,23,34,0,57,25,0,25,82
09/27/2016,TYR,TX,ASW,CE,Federal Contract Tower,0,14,24,2,40,0,4,33,0,37,0,18,57,2,77,16,0,16,93
09/28/2016,TYR,TX,ASW,CE,Federal Contract Tower,0,20,33,0,53,0,4,60,2,66,0,24,93,2,119,48,0,48,167
09/29/2016,TYR,TX,ASW,CE,Federal Contract Tower,0,17,21,0,38,0,7,96,0,103,0,24,117,0,141,90,0,90,231
09/30/2016,TYR,TX,ASW,CE,Federal Contract Tower,0,14,15,0,29,0,4,46,0,50,0,18,61,0,79,14,0,14,93
10/01/2016,TYR,TX,ASW,CE,Federal Contract Tower,0,13,13,0,26,0,6,103,0,109,0,19,116,0,135,48,0,48,183
10/02/2016,TYR,TX,ASW,CE,Federal Contract Tower,0,15,10,0,25,0,10,50,0,60,0,25,60,0,85,8,0,8,93
10/03/2016,TYR,TX,ASW,CE,Federal Contract Tower,0,19,18,0,37,0,13,81,0,94,0,32,99,0,131,108,8,116,247
10/04/2016,TYR,TX,ASW,CE,Federal Contract Tower,0,16,30,0,46,0,8,59,0,67,0,24,89,0,113,32,0,32,145
10/05/2016,TYR,TX,ASW,CE,Federal Contract Tower,0,15,39,0,54,0,5,39,0,44,0,20,78,0,98,22,0,22,120
10/06/2016,TYR,TX,ASW,CE,Federal Contract Tower,0,17,40,0,57,0,7,61,0,68,0,24,101,0,125,84,0,84,209
10/07/2016,TYR,TX,ASW,CE,Federal Contract Tower,0,15,35,0,50,0,3,37,0,40,0,18,72,0,90,67,0,67,157
10/08/2016,TYR,TX,ASW,CE,Federal Contract Tower,0,9,10,0,19,0,0,58,0,58,0,9,68,0,77,10,0,10,87
10/09/2016,TYR,TX,ASW,CE,Federal Contract Tower,0,8,13,0,21,0,58,0,0,58,0,66,13,0,79,36,0,36,115
10/10/2016,TYR,TX,ASW,CE,Federal Contract Tower,0,13,28,0,41,0,9,50,0,59,0,22,78,0,100,26,0,26,126
10/11/2016,TYR,TX,ASW,CE,Federal Contract Tower,0,12,39,1,52,0,15,55,0,70,0,27,94,1,122,70,0,70,192
10/12/2016,TYR,TX,ASW,CE,Federal Contract Tower,0,17,37,2,56,0,20,98,0,118,0,37,135,2,174,132,0,132,306
10/13/2016,TYR,TX,ASW,CE,Federal Contract Tower,0,22,40,0,62,0,2,14,0,16,0,24,54,0,78,18,0,18,96
10/14/2016,TYR,TX,ASW,CE,Federal Contract Tower,0,16,25,0,41,0,2,17,0,19,0,18,42,0,60,22,0,22,82
10/15/2016,TYR,TX,ASW,CE,Federal Contract Tower,0,7,15,0,22,0,0,15,0,15,0,7,30,0,37,2,0,2,39
10/16/2016,TYR,TX,ASW,CE,Federal Contract Tower,0,9,37,0,46,0,0,19,0,19,0,9,56,0,65,0,0,0,65
10/17/2016,TYR,TX,ASW,CE,Federal Contract Tower,0,13,24,0,37,0,17,27,0,44,0,30,51,0,81,52,0,52,133
10/18/2016,TYR,TX,ASW,CE,Federal Contract Tower,0,17,33,0,50,0,10,56,0,66,0,27,89,0,116,38,0,38,154
10/19/2016,TYR,TX,ASW,CE,Federal Contract Tower,0,17,38,0,55,0,13,40,0,53,0,30,78,0,108,4,0,4,112
10/20/2016,TYR,TX,ASW,CE,Federal Contract Tower,0,16,28,0,44,0,2,23,0,25,0,18,51,0,69,0,0,0,69
10/21/2016,TYR,TX,ASW,CE,Federal Contract Tower,0,11,39,0,50,0,3,90,0,93,0,14,129,0,143,86,0,86,229
10/22/2016,TYR,TX,ASW,CE,Federal Contract Tower,0,10,13,0,23,0,13,142,0,155,0,23,155,0,178,28,0,28,206
10/23/2016,TYR,TX,ASW,CE,Federal Contract Tower,0,12,27,0,39,0,13,66,0,79,0,25,93,0,118,16,0,16,134
10/24/2016,TYR,TX,ASW,CE,Federal Contract Tower,0,12,15,0,27,0,9,54,5,68,0,21,69,5,95,62,0,62,157
10/25/2016,TYR,TX,ASW,CE,Federal Contract Tower,0,14,32,0,46,0,2,57,0,59,0,16,89,0,105,40,0,40,145
10/26/2016,TYR,TX,ASW,CE,Federal Contract Tower,0,12,32,0,44,0,2,69,2,73,0,14,101,2,117,48,0,48,165
10/27/2016,TYR,TX,ASW,CE,Federal Contract Tower,0,17,25,0,42,0,18,70,0,88,0,35,95,0,130,36,0,36,166
10/28/2016,TYR,TX,ASW,CE,Federal Contract Tower,0,13,19,0,32,0,13,69,0,82,0,26,88,0,114,108,0,108,222
10/29/2016,TYR,TX,ASW,CE,Federal Contract Tower,0,12,10,0,22,0,2,58,0,60,0,14,68,0,82,10,0,10,92
10/30/2016,TYR,TX,ASW,CE,Federal Contract Tower,0,8,27,0,35,0,8,34,0,42,0,16,61,0,77,0,0,0,77
10/31/2016,TYR,TX,ASW,CE,Federal Contract Tower,0,9,13,0,22,0,7,51,0,58,0,16,64,0,80,44,0,44,124
11/01/2016,TYR,TX,ASW,CE,Federal Contract Tower,0,15,35,0,50,0,3,46,0,49,0,18,81,0,99,24,0,24,123
11/03/2016,TYR,TX,ASW,CE,Federal Contract Tower,0,16,29,1,46,0,0,6,0,6,0,16,35,1,52,2,6,8,60
11/04/2016,TYR,TX,ASW,CE,Federal Contract Tower,0,12,34,0,46,0,0,3,2,5,0,12,37,2,51,4,0,4,55
11/05/2016,TYR,TX,ASW,CE,Federal Contract Tower,0,7,16,0,23,0,2,30,0,32,0,9,46,0,55,4,0,4,59
11/06/2016,TYR,TX,ASW,CE,Federal Contract Tower,0,22,14,0,36,0,0,18,0,18,0,22,32,0,54,20,0,20,74
11/07/2016,TYR,TX,ASW,CE,Federal Contract Tower,0,17,25,0,42,0,2,2,0,4,0,19,27,0,46,6,0,6,52
11/08/2016,TYR,TX,ASW,CE,Federal Contract Tower,0,12,28,0,40,0,2,23,0,25,0,14,51,0,65,6,0,6,71
11/09/2016,TYR,TX,ASW,CE,Federal Contract Tower,0,15,21,0,36,0,11,47,0,58,0,26,68,0,94,0,0,0,94
11/10/2016,TYR,TX,ASW,CE,Federal Contract Tower,0,22,28,0,50,0,2,76,0,78,0,24,104,0,128,22,0,22,150
11/11/2016,TYR,TX,ASW,CE,Federal Contract Tower,0,10,17,0,27,0,1,60,0,61,0,11,77,0,88,28,0,28,116
11/12/2016,TYR,TX,ASW,CE,Federal Contract Tower,0,7,10,0,17,0,0,51,0,51,0,7,61,0,68,16,0,16,84
11/13/2016,TYR,TX,ASW,CE,Federal Contract Tower,0,12,17,0,29,0,5,74,0,79,0,17,91,0,108,24,0,24,132
11/14/2016,TYR,TX,ASW,CE,Federal Contract Tower,0,14,22,0,36,0,8,59,0,67,0,22,81,0,103,42,0,42,145
11/15/2016,TYR,TX,ASW,CE,Federal Contract Tower,0,16,19,0,35,0,6,63,0,69,0,22,82,0,104,34,0,34,138
11/16/2016,TYR,TX,ASW,CE,Federal Contract Tower,0,12,23,0,35,0,2,57,0,59,0,14,80,0,94,10,0,10,104
11/17/2016,TYR,TX,ASW,CE,Federal Contract Tower,0,14,37,0,51,0,0,18,0,18,0,14,55,0,69,0,0,0,69
11/18/2016,TYR,TX,ASW,CE,Federal Contract Tower,0,10,20,0,30,0,0,8,0,8,0,10,28,0,38,8,0,8,46
11/19/2016,TYR,TX,ASW,CE,Federal Contract Tower,0,6,15,0,21,0,0,67,0,67,0,6,82,0,88,16,0,16,104
11/20/2016,TYR,TX,ASW,CE,Federal Contract Tower,0,10,16,0,26,0,13,46,0,59,0,23,62,0,85,14,0,14,99
11/21/2016,TYR,TX,ASW,CE,Federal Contract Tower,0,16,18,0,34,0,9,68,0,77,0,25,86,0,111,46,0,46,157
11/22/2016,TYR,TX,ASW,CE,Federal Contract Tower,0,18,20,0,38,0,2,22,0,24,0,20,42,0,62,8,0,8,70
11/23/2016,TYR,TX,ASW,CE,Federal Contract Tower,0,17,32,0,49,0,0,53,0,53,0,17,85,0,102,14,0,14,116
11/24/2016,TYR,TX,ASW,CE,Federal Contract Tower,0,8,7,0,15,0,6,10,0,16,0,14,17,0,31,2,0,2,33
11/25/2016,TYR,TX,ASW,CE,Federal Contract Tower,0,17,21,0,38,0,0,28,0,28,0,17,49,0,66,14,0,14,80
11/26/2016,TYR,TX,ASW,CE,Federal Contract Tower,0,9,24,0,33,0,0,22,0,22,0,9,46,0,55,14,0,14,69
11/27/2016,TYR,TX,ASW,CE,Federal Contract Tower,0,20,23,0,43,0,0,18,0,18,0,20,41,0,61,0,0,0,61
11/28/2016,TYR,TX,ASW,CE,Federal Contract Tower,0,9,14,0,23,0,0,6,0,6,0,9,20,0,29,12,0,12,41
11/29/2016,TYR,TX,ASW,CE,Federal Contract Tower,0,13,26,0,39,0,8,81,0,89,0,21,107,0,128,54,0,54,182
11/30/2016,TYR,TX,ASW,CE,Federal Contract Tower,0,13,14,0,27,0,8,43,0,51,0,21,57,0,78,46,0,46,124
12/01/2016,TYR,TX,ASW,CE,Federal Contract Tower,0,14,15,0,29,0,13,48,0,61,0,27,63,0,90,22,0,22,112
12/02/2016,TYR,TX,ASW,CE,Federal Contract Tower,0,11,19,0,30,0,0,37,0,37,0,11,56,0,67,2,0,2,69
12/03/2016,TYR,TX,ASW,CE,Federal Contract Tower,0,9,14,0,23,0,0,0,0,0,0,9,14,0,23,0,0,0,23
12/04/2016,TYR,TX,ASW,CE,Federal Contract Tower,0,13,16,0,29,0,2,1,0,3,0,15,17,0,32,0,0,0,32
12/05/2016,TYR,TX,ASW,CE,Federal Contract Tower,0,15,21,0,36,0,0,0,0,0,0,15,21,0,36,0,0,0,36
12/06/2016,TYR,TX,ASW,CE,Federal Contract Tower,0,12,31,0,43,0,0,0,0,0,0,12,31,0,43,2,0,2,45
12/07/2016,TYR,TX,ASW,CE,Federal Contract Tower,0,20,31,0,51,0,2,5,0,7,0,22,36,0,58,18,0,18,76
12/08/2016,TYR,TX,ASW,CE,Federal Contract Tower,0,12,29,0,41,0,3,10,0,13,0,15,39,0,54,6,0,6,60
12/09/2016,TYR,TX,ASW,CE,Federal Contract Tower,0,10,22,0,32,0,2,45,2,49,0,12,67,2,81,34,0,34,115
12/10/2016,TYR,TX,ASW,CE,Federal Contract Tower,0,8,26,0,34,0,0,40,0,40,0,8,66,0,74,12,0,12,86
12/11/2016,TYR,TX,ASW,CE,Federal Contract Tower,0,8,10,0,18,0,0,10,0,10,0,8,20,0,28,6,0,6,34
12/12/2016,TYR,TX,ASW,CE,Federal Contract Tower,0,14,18,0,32,0,1,11,0,12,0,15,29,0,44,10,0,10,54
12/13/2016,TYR,TX,ASW,CE,Federal Contract Tower,0,16,23,0,39,0,0,2,0,2,0,16,25,0,41,0,0,0,41
12/14/2016,TYR,TX,ASW,CE,Federal Contract Tower,0,20,34,0,54,0,2,22,0,24,0,22,56,0,78,20,0,20,98
12/15/2016,TYR,TX,ASW,CE,Federal Contract Tower,0,19,45,0,64,0,2,12,0,14,0,21,57,0,78,22,0,22,100
12/16/2016,TYR,TX,ASW,CE,Federal Contract Tower,0,12,26,0,38,0,0,2,0,2,0,12,28,0,40,0,0,0,40
12/17/2016,TYR,TX,ASW,CE,Federal Contract Tower,0,14,17,0,31,0,4,4,0,8,0,18,21,0,39,0,0,0,39
12/18/2016,TYR,TX,ASW,CE,Federal Contract Tower,0,7,10,0,17,0,2,31,0,33,0,9,41,0,50,0,0,0,50
12/19/2016,TYR,TX,ASW,CE,Federal Contract Tower,0,14,9,1,24,0,8,47,0,55,0,22,56,1,79,24,0,24,103
12/20/2016,TYR,TX,ASW,CE,Federal Contract Tower,0,16,26,0,42,0,9,80,0,89,0,25,106,0,131,16,0,16,147
12/21/2016,TYR,TX,ASW,CE,Federal Contract Tower,0,16,17,0,33,0,13,72,0,85,0,29,89,0,118,60,0,60,178
12/22/2016,TYR,TX,ASW,CE,Federal Contract Tower,0,17,21,0,38,0,9,58,0,67,0,26,79,0,105,24,0,24,129
12/23/2016,TYR,TX,ASW,CE,Federal Contract Tower,0,13,19,0,32,0,0,2,0,2,0,13,21,0,34,0,0,0,34
12/24/2016,TYR,TX,ASW,CE,Federal Contract Tower,0,9,11,0,20,0,0,1,0,1,0,9,12,0,21,2,0,2,23
12/25/2016,TYR,TX,ASW,CE,Federal Contract Tower,0,8,2,0,10,0,0,0,0,0,0,8,2,0,10,0,0,0,10
12/26/2016,TYR,TX,ASW,CE,Federal Contract Tower,0,18,20,0,38,0,0,5,0,5,0,18,25,0,43,18,0,18,61
12/27/2016,TYR,TX,ASW,CE,Federal Contract Tower,0,12,26,0,38,0,11,58,0,69,0,23,84,0,107,26,0,26,133
12/28/2016,TYR,TX,ASW,CE,Federal Contract Tower,0,12,7,0,19,0,0,2,0,2,0,12,9,0,21,10,0,10,31
12/29/2016,TYR,TX,ASW,CE,Federal Contract Tower,0,15,23,1,39,0,8,53,1,62,0,23,76,2,101,26,0,26,127
12/30/2016,TYR,TX,ASW,CE,Federal Contract Tower,0,11,23,0,34,0,2,45,0,47,0,13,68,0,81,16,0,16,97
12/31/2016,TYR,TX,ASW,CE,Federal Contract Tower,0,14,8,0,22,0,0,16,0,16,0,14,24,0,38,26,0,26,64
01/01/2017,TYR,TX,ASW,CE,Federal Contract Tower,0,7,9,0,16,0,0,1,0,1,0,7,10,0,17,0,0,0,17
01/02/2017,TYR,TX,ASW,CE,Federal Contract Tower,0,9,10,0,19,0,10,39,0,49,0,19,49,0,68,38,0,38,106
01/03/2017,TYR,TX,ASW,CE,Federal Contract Tower,0,14,17,0,31,0,12,40,0,52,0,26,57,0,83,16,0,16,99
01/04/2017,TYR,TX,ASW,CE,Federal Contract Tower,0,15,20,0,35,0,8,43,0,51,0,23,63,0,86,56,0,56,142
01/05/2017,TYR,TX,ASW,CE,Federal Contract Tower,0,12,15,0,27,0,6,11,0,17,0,18,26,0,44,22,0,22,66
01/06/2017,TYR,TX,ASW,CE,Federal Contract Tower,0,11,13,0,24,0,3,12,0,15,0,14,25,0,39,12,0,12,51
01/07/2017,TYR,TX,ASW,CE,Federal Contract Tower,0,10,9,0,19,0,0,38,0,38,0,10,47,0,57,6,0,6,63
01/08/2017,TYR,TX,ASW,CE,Federal Contract Tower,0,8,17,0,25,0,7,54,6,67,0,15,71,6,92,26,0,26,118
01/09/2017,TYR,TX,ASW,CE,Federal Contract Tower,0,11,13,0,24,0,6,13,0,19,0,17,26,0,43,6,0,6,49
01/10/2017,TYR,TX,ASW,CE,Federal Contract Tower,0,11,17,0,28,0,8,21,0,29,0,19,38,0,57,10,0,10,67
01/11/2017,TYR,TX,ASW,CE,Federal Contract Tower,0,14,13,0,27,0,2,15,0,17,0,16,28,0,44,18,0,18,62
01/12/2017,TYR,TX,ASW,CE,Federal Contract Tower,0,11,36,0,47,0,8,32,0,40,0,19,68,0,87,34,0,34,121
01/13/2017,TYR,TX,ASW,CE,Federal Contract Tower,0,13,22,0,35,0,0,6,0,6,0,13,28,0,41,0,0,0,41
01/14/2017,TYR,TX,ASW,CE,Federal Contract Tower,0,12,16,0,28,0,0,4,0,4,0,12,20,0,32,0,0,0,32
01/15/2017,TYR,TX,ASW,CE,Federal Contract Tower,0,8,9,0,17,0,0,0,0,0,0,8,9,0,17,0,0,0,17
01/16/2017,TYR,TX,ASW,CE,Federal Contract Tower,0,18,34,0,52,0,0,5,0,5,0,18,39,0,57,12,0,12,69
01/17/2017,TYR,TX,ASW,CE,Federal Contract Tower,0,14,24,0,38,0,12,18,0,30,0,26,42,0,68,14,0,14,82
01/18/2017,TYR,TX,ASW,CE,Federal Contract Tower,0,14,13,0,27,0,0,0,0,0,0,14,13,0,27,0,0,0,27
01/19/2017,TYR,TX,ASW,CE,Federal Contract Tower,0,13,35,0,48,0,0,5,0,5,0,13,40,0,53,0,0,0,53
01/20/2017,TYR,TX,ASW,CE,Federal Contract Tower,0,16,38,0,54,0,0,74,0,74,0,16,112,0,128,16,0,16,144
01/21/2017,TYR,TX,ASW,CE,Federal Contract Tower,0,11,14,0,25,0,0,3,0,3,0,11,17,0,28,14,1,15,43
01/22/2017,TYR,TX,ASW,CE,Federal Contract Tower,0,9,14,0,23,0,0,15,0,15,0,9,29,0,38,18,0,18,56
01/23/2017,TYR,TX,ASW,CE,Federal Contract Tower,0,13,20,0,33,0,4,72,0,76,0,17,92,0,109,84,0,84,193
01/24/2017,TYR,TX,ASW,CE,Federal Contract Tower,0,15,21,0,36,0,0,47,0,47,0,15,68,0,83,10,0,10,93
01/25/2017,TYR,TX,ASW,CE,Federal Contract Tower,0,14,23,0,37,0,8,60,0,68,0,22,83,0,105,36,0,36,141
01/26/2017,TYR,TX,ASW,CE,Federal Contract Tower,0,20,13,0,33,0,12,75,0,87,0,32,88,0,120,32,0,32,152
01/27/2017,TYR,TX,ASW,CE,Federal Contract Tower,0,19,26,0,45,0,6,64,0,70,0,25,90,0,115,42,0,42,157
01/28/2017,TYR,TX,ASW,CE,Federal Contract Tower,0,10,9,0,19,0,9,69,0,78,0,19,78,0,97,34,0,34,131
01/29/2017,TYR,TX,ASW,CE,Federal Contract Tower,0,7,14,0,21,0,4,37,0,41,0,11,51,0,62,8,0,8,70
01/30/2017,TYR,TX,ASW,CE,Federal Contract Tower,0,17,22,0,39,0,17,65,0,82,0,34,87,0,121,56,0,56,177
01/31/2017,TYR,TX,ASW,CE,Federal Contract Tower,0,14,20,0,34,0,2,74,0,76,0,16,94,0,110,12,0,12,122
02/01/2017,TYR,TX,ASW,CE,Federal Contract Tower,0,14,25,0,39,0,8,46,2,56,0,22,71,2,95,18,0,18,113
02/02/2017,TYR,TX,ASW,CE,Federal Contract Tower,0,17,27,0,44,0,0,1,0,1,0,17,28,0,45,0,0,0,45
02/03/2017,TYR,TX,ASW,CE,Federal Contract Tower,0,13,15,0,28,0,0,27,0,27,0,13,42,0,55,30,0,30,85
02/04/2017,TYR,TX,ASW,CE,Federal Contract Tower,0,7,15,0,22,0,2,25,2,29,0,9,40,2,51,36,0,36,87
02/05/2017,TYR,TX,ASW,CE,Federal Contract Tower,0,9,19,0,28,0,0,1,0,1,0,9,20,0,29,0,0,0,29
02/06/2017,TYR,TX,ASW,CE,Federal Contract Tower,0,15,19,1,35,0,6,7,0,13,0,21,26,1,48,24,0,24,72
02/07/2017,TYR,TX,ASW,CE,Federal Contract Tower,0,12,23,0,35,0,7,55,0,62,0,19,78,0,97,16,0,16,113
02/08/2017,TYR,TX,ASW,CE,Federal Contract Tower,0,13,19,0,32,0,27,67,0,94,0,40,86,0,126,38,0,38,164
02/09/2017,TYR,TX,ASW,CE,Federal Contract Tower,0,18,43,0,61,0,6,109,0,115,0,24,152,0,176,48,0,48,224
02/10/2017,TYR,TX,ASW,CE,Federal Contract Tower,0,11,33,0,44,0,4,36,0,40,0,15,69,0,84,20,0,20,104
02/11/2017,TYR,TX,ASW,CE,Federal Contract Tower,0,8,13,0,21,0,4,23,0,27,0,12,36,0,48,8,0,8,56
02/12/2017,TYR,TX,ASW,CE,Federal Contract Tower,0,7,36,0,43,0,2,23,0,25,0,9,59,0,68,28,0,28,96
02/13/2017,TYR,TX,ASW,CE,Federal Contract Tower,0,11,15,0,26,0,18,16,0,34,0,29,31,0,60,26,0,26,86
02/14/2017,TYR,TX,ASW,CE,Federal Contract Tower,0,17,9,0,26,0,0,1,0,1,0,17,10,0,27,0,0,0,27
02/15/2017,TYR,TX,ASW,CE,Federal Contract Tower,0,11,20,0,31,0,7,64,0,71,0,18,84,0,102,28,0,28,130
02/16/2017,TYR,TX,ASW,CE,Federal Contract Tower,0,13,18,0,31,0,7,98,0,105,0,20,116,0,136,44,0,44,180
02/17/2017,TYR,TX,ASW,CE,Federal Contract Tower,0,10,27,0,37,0,11,49,0,60,0,21,76,0,97,18,0,18,115
02/19/2017,TYR,TX,ASW,CE,Federal Contract Tower,0,7,24,0,31,0,0,8,0,8,0,7,32,0,39,4,0,4,43
02/20/2017,TYR,TX,ASW,CE,Federal Contract Tower,0,13,10,0,23,0,3,6,0,9,0,16,16,0,32,42,0,42,74
02/21/2017,TYR,TX,ASW,CE,Federal Contract Tower,0,14,38,0,52,0,4,38,0,42,0,18,76,0,94,30,0,30,124
02/22/2017,TYR,TX,ASW,CE,Federal Contract Tower,0,16,38,0,54,0,12,79,0,91,0,28,117,0,145,20,0,20,165
02/23/2017,TYR,TX,ASW,CE,Federal Contract Tower,0,15,22,0,37,0,17,67,0,84,0,32,89,0,121,6,0,6,127
02/24/2017,TYR,TX,ASW,CE,Federal Contract Tower,0,14,32,0,46,0,6,29,0,35,0,20,61,0,81,22,0,22,103
02/25/2017,TYR,TX,ASW,CE,Federal Contract Tower,0,14,10,0,24,0,6,71,0,77,0,20,81,0,101,4,0,4,105
02/26/2017,TYR,TX,ASW,CE,Federal Contract Tower,0,10,34,0,44,0,6,21,0,27,0,16,55,0,71,0,0,0,71
02/27/2017,TYR,TX,ASW,CE,Federal Contract Tower,0,12,23,0,35,0,7,9,0,16,0,19,32,0,51,18,0,18,69
02/28/2017,TYR,TX,ASW,CE,Federal Contract Tower,0,13,37,1,51,0,5,27,0,32,0,18,64,1,83,18,4,22,105
03/01/2017,TYR,TX,ASW,CE,Federal Contract Tower,0,15,22,0,37,0,11,28,0,39,0,26,50,0,76,18,0,18,94
03/02/2017,TYR,TX,ASW,CE,Federal Contract Tower,0,13,29,1,43,0,9,98,6,113,0,22,127,7,156,32,0,32,188
03/03/2017,TYR,TX,ASW,CE,Federal Contract Tower,0,12,35,0,47,0,2,65,0,67,0,14,100,0,114,28,0,28,142
03/04/2017,TYR,TX,ASW,CE,Federal Contract Tower,0,13,20,0,33,0,4,32,0,36,0,17,52,0,69,28,0,28,97
03/05/2017,TYR,TX,ASW,CE,Federal Contract Tower,0,12,28,0,40,0,0,2,0,2,0,12,30,0,42,0,0,0,42
03/06/2017,TYR,TX,ASW,CE,Federal Contract Tower,0,11,26,1,38,0,0,17,0,17,0,11,43,1,55,24,0,24,79
03/07/2017,TYR,TX,ASW,CE,Federal Contract Tower,0,18,22,0,40,0,1,55,7,63,0,19,77,7,103,32,0,32,135
03/08/2017,TYR,TX,ASW,CE,Federal Contract Tower,0,22,21,0,43,0,18,72,0,90,0,40,93,0,133,44,0,44,177
03/09/2017,TYR,TX,ASW,CE,Federal Contract Tower,0,18,20,0,38,0,5,27,0,32,0,23,47,0,70,12,0,12,82
03/10/2017,TYR,TX,ASW,CE,Federal Contract Tower,0,12,26,0,38,0,4,16,0,20,0,16,42,0,58,0,0,0,58
03/11/2017,TYR,TX,ASW,CE,Federal Contract Tower,0,14,29,0,43,0,2,30,0,32,0,16,59,0,75,8,0,8,83
03/12/2017,TYR,TX,ASW,CE,Federal Contract Tower,0,12,19,0,31,0,6,14,0,20,0,18,33,0,51,18,0,18,69
03/13/2017,TYR,TX,ASW,CE,Federal Contract Tower,0,11,18,0,29,0,16,22,1,39,0,27,40,1,68,8,0,8,76
03/14/2017,TYR,TX,ASW,CE,Federal Contract Tower,0,15,18,0,33,0,13,103,0,116,0,28,121,0,149,26,0,26,175
03/15/2017,TYR,TX,ASW,CE,Federal Contract Tower,0,23,12,0,35,0,2,63,1,66,0,25,75,1,101,44,0,44,145
03/16/2017,TYR,TX,ASW,CE,Federal Contract Tower,0,18,23,0,41,0,5,39,0,44,0,23,62,0,85,74,0,74,159
03/17/2017,TYR,TX,ASW,CE,Federal Contract Tower,0,18,14,0,32,0,5,21,0,26,0,23,35,0,58,16,0,16,74
03/18/2017,TYR,TX,ASW,CE,Federal Contract Tower,0,15,35,0,50,0,16,32,0,48,0,31,67,0,98,14,0,14,112
03/19/2017,TYR,TX,ASW,CE,Federal Contract Tower,0,8,15,0,23,0,6,53,0,59,0,14,68,0,82,2,0,2,84
03/20/2017,TYR,TX,ASW,CE,Federal Contract Tower,0,17,13,0,30,0,8,36,0,44,0,25,49,0,74,18,0,18,92
03/21/2017,TYR,TX,ASW,CE,Federal Contract Tower,0,12,22,0,34,0,11,82,0,93,0,23,104,0,127,34,0,34,161
03/22/2017,TYR,TX,ASW,CE,Federal Contract Tower,0,14,16,0,30,0,2,20,2,24,0,16,36,2,54,54,0,54,108
03/23/2017,TYR,TX,ASW,CE,Federal Contract Tower,0,13,36,0,49,0,0,30,5,35,0,13,66,5,84,58,0,58,142
03/24/2017,TYR,TX,ASW,CE,Federal Contract Tower,0,12,19,0,31,0,2,11,0,13,0,14,30,0,44,12,0,12,56
03/25/2017,TYR,TX,ASW,CE,Federal Contract Tower,0,11,11,0,22,0,1,57,0,58,0,12,68,0,80,22,0,22,102
03/26/2017,TYR,TX,ASW,CE,Federal Contract Tower,0,6,10,0,16,0,4,26,0,30,0,10,36,0,46,0,0,0,46
03/27/2017,TYR,TX,ASW,CE,Federal Contract Tower,0,15,34,3,52,0,7,46,0,53,0,22,80,3,105,52,2,54,159
03/28/2017,TYR,TX,ASW,CE,Federal Contract Tower,0,23,33,1,57,0,2,31,4,37,0,25,64,5,94,44,0,44,138
03/29/2017,TYR,TX,ASW,CE,Federal Contract Tower,0,22,30,0,52,0,7,18,2,27,0,29,48,2,79,6,0,6,85
03/30/2017,TYR,TX,ASW,CE,Federal Contract Tower,0,20,14,0,34,0,9,51,0,60,0,29,65,0,94,32,0,32,126
03/31/2017,TYR,TX,ASW,CE,Federal Contract Tower,0,13,32,2,47,0,2,65,0,67,0,15,97,2,114,52,0,52,166
04/01/2017,TYR,TX,ASW,CE,Federal Contract Tower,0,11,15,0,26,0,2,38,1,41,0,13,53,1,67,22,0,22,89
04/02/2017,TYR,TX,ASW,CE,Federal Contract Tower,0,5,6,0,11,0,0,1,0,1,0,5,7,0,12,0,0,0,12
04/03/2017,TYR,TX,ASW,CE,Federal Contract Tower,0,13,26,0,39,0,10,57,2,69,0,23,83,2,108,10,0,10,118
04/04/2017,TYR,TX,ASW,CE,Federal Contract Tower,0,12,25,0,37,0,12,69,0,81,0,24,94,0,118,16,0,16,134
04/05/2017,TYR,TX,ASW,CE,Federal Contract Tower,0,18,27,1,46,0,10,22,0,32,0,28,49,1,78,6,0,6,84
04/06/2017,TYR,TX,ASW,CE,Federal Contract Tower,0,19,19,1,39,0,17,81,0,98,0,36,100,1,137,60,0,60,197
04/07/2017,TYR,TX,ASW,CE,Federal Contract Tower,0,18,24,1,43,0,6,53,0,59,0,24,77,1,102,44,0,44,146
04/08/2017,TYR,TX,ASW,CE,Federal Contract Tower,0,11,4,0,15,0,11,43,0,54,0,22,47,0,69,24,0,24,93
04/09/2017,TYR,TX,ASW,CE,Federal Contract Tower,0,11,24,0,35,0,9,48,0,57,0,20,72,0,92,26,0,26,118
04/10/2017,TYR,TX,ASW,CE,Federal Contract Tower,0,12,25,0,37,0,0,13,0,13,0,12,38,0,50,18,0,18,68
04/11/2017,TYR,TX,ASW,CE,Federal Contract Tower,0,8,14,0,22,0,0,7,0,7,0,8,21,0,29,0,0,0,29
04/12/2017,TYR,TX,ASW,CE,Federal Contract Tower,0,15,23,0,38,0,6,18,2,26,0,21,41,2,64,14,0,14,78
04/13/2017,TYR,TX,ASW,CE,Federal Contract Tower,0,15,22,0,37,0,0,29,0,29,0,15,51,0,66,0,0,0,66
04/14/2017,TYR,TX,ASW,CE,Federal Contract Tower,0,13,24,0,37,0,0,42,0,42,0,13,66,0,79,52,0,52,131
04/15/2017,TYR,TX,ASW,CE,Federal Contract Tower,0,11,11,0,22,0,0,46,0,46,0,11,57,0,68,16,0,16,84
04/16/2017,TYR,TX,ASW,CE,Federal Contract Tower,0,6,15,0,21,0,4,15,0,19,0,10,30,0,40,40,0,40,80
04/17/2017,TYR,TX,ASW,CE,Federal Contract Tower,0,9,19,0,28,0,0,15,0,15,0,9,34,0,43,4,0,4,47
04/18/2017,TYR,TX,ASW,CE,Federal Contract Tower,0,19,40,2,61,0,0,30,1,31,0,19,70,3,92,12,2,14,106
04/19/2017,TYR,TX,ASW,CE,Federal Contract Tower,0,16,32,0,48,0,0,27,0,27,0,16,59,0,75,4,0,4,79
04/20/2017,TYR,TX,ASW,CE,Federal Contract Tower,0,21,36,0,57,0,7,28,1,36,0,28,64,1,93,2,0,2,95
04/21/2017,TYR,TX,ASW,CE,Federal Contract Tower,0,15,27,2,44,0,0,39,0,39,0,15,66,2,83,24,2,26,109
04/22/2017,TYR,TX,ASW,CE,Federal Contract Tower,0,14,23,0,37,0,1,12,0,13,0,15,35,0,50,14,0,14,64
04/23/2017,TYR,TX,ASW,CE,Federal Contract Tower,0,8,15,0,23,0,3,66,4,73,0,11,81,4,96,12,0,12,108
04/24/2017,TYR,TX,ASW,CE,Federal Contract Tower,0,12,39,0,51,0,15,61,0,76,0,27,100,0,127,42,0,42,169
04/25/2017,TYR,TX,ASW,CE,Federal Contract Tower,0,16,18,0,34,0,1,37,2,40,0,17,55,2,74,8,0,8,82
04/26/2017,TYR,TX,ASW,CE,Federal Contract Tower,0,13,42,0,55,0,3,8,0,11,0,16,50,0,66,2,0,2,68
04/27/2017,TYR,TX,ASW,CE,Federal Contract Tower,0,15,27,0,42,0,1,89,0,90,0,16,116,0,132,44,0,44,176
04/28/2017,TYR,TX,ASW,CE,Federal Contract Tower,0,10,25,0,35,0,0,20,0,20,0,10,45,0,55,10,0,10,65
04/29/2017,TYR,TX,ASW,CE,Federal Contract Tower,0,13,8,0,21,0,0,0,0,0,0,13,8,0,21,0,0,0,21
04/30/2017,TYR,TX,ASW,CE,Federal Contract Tower,0,9,15,0,24,0,5,11,0,16,0,14,26,0,40,0,0,0,40
05/01/2017,TYR,TX,ASW,CE,Federal Contract Tower,0,13,21,0,34,0,2,78,0,80,0,15,99,0,114,34,0,34,148
05/02/2017,TYR,TX,ASW,CE,Federal Contract Tower,0,18,26,0,44,0,4,71,2,77,0,22,97,2,121,32,0,32,153
05/03/2017,TYR,TX,ASW,CE,Federal Contract Tower,0,11,17,0,28,0,0,3,0,3,0,11,20,0,31,0,0,0,31
05/04/2017,TYR,TX,ASW,CE,Federal Contract Tower,0,16,24,0,40,0,11,59,0,70,0,27,83,0,110,14,0,14,124
05/05/2017,TYR,TX,ASW,CE,Federal Contract Tower,0,13,30,0,43,0,0,63,0,63,0,13,93,0,106,6,0,6,112
05/06/2017,TYR,TX,ASW,CE,Federal Contract Tower,0,15,13,0,28,0,0,72,0,72,0,15,85,0,100,14,0,14,114
05/07/2017,TYR,TX,ASW,CE,Federal Contract Tower,0,8,20,0,28,0,15,89,0,104,0,23,109,0,132,14,0,14,146
05/08/2017,TYR,TX,ASW,CE,Federal Contract Tower,0,13,11,0,24,0,8,63,2,73,0,21,74,2,97,36,0,36,133
05/09/2017,TYR,TX,ASW,CE,Federal Contract Tower,0,21,28,0,49,0,2,37,3,42,0,23,65,3,91,22,2,24,115
05/10/2017,TYR,TX,ASW,CE,Federal Contract Tower,0,15,28,0,43,0,1,17,2,20,0,16,45,2,63,24,0,24,87
05/11/2017,TYR,TX,ASW,CE,Federal Contract Tower,0,10,30,0,40,0,1,19,0,20,0,11,49,0,60,6,0,6,66
05/12/2017,TYR,TX,ASW,CE,Federal Contract Tower,0,13,17,0,30,0,1,56,0,57,0,14,73,0,87,70,0,70,157
05/13/2017,TYR,TX,ASW,CE,Federal Contract Tower,0,16,13,0,29,0,0,67,0,67,0,16,80,0,96,108,0,108,204
05/14/2017,TYR,TX,ASW,CE,Federal Contract Tower,0,8,12,0,20,0,0,49,0,49,0,8,61,0,69,32,0,32,101
05/15/2017,TYR,TX,ASW,CE,Federal Contract Tower,0,15,23,1,39,0,3,55,1,59,0,18,78,2,98,40,0,40,138
05/16/2017,TYR,TX,ASW,CE,Federal Contract Tower,0,14,33,0,47,0,11,44,0,55,0,25,77,0,102,36,0,36,138
05/17/2017,TYR,TX,ASW,CE,Federal Contract Tower,0,14,30,0,44,0,2,13,2,17,0,16,43,2,61,0,0,0,61
05/18/2017,TYR,TX,ASW,CE,Federal Contract Tower,0,17,35,1,53,0,4,19,1,24,0,21,54,2,77,32,0,32,109
05/19/2017,TYR,TX,ASW,CE,Federal Contract Tower,0,16,18,0,34,0,17,23,1,41,0,33,41,1,75,34,0,34,109
05/20/2017,TYR,TX,ASW,CE,Federal Contract Tower,0,13,12,0,25,0,0,0,0,0,0,13,12,0,25,30,0,30,55
05/21/2017,TYR,TX,ASW,CE,Federal Contract Tower,0,6,18,0,24,0,2,17,0,19,0,8,35,0,43,0,0,0,43
05/22/2017,TYR,TX,ASW,CE,Federal Contract Tower,0,12,16,0,28,0,2,3,0,5,0,14,19,0,33,0,0,0,33
05/23/2017,TYR,TX,ASW,CE,Federal Contract Tower,0,17,34,0,51,0,4,15,0,19,0,21,49,0,70,52,0,52,122
05/24/2017,TYR,TX,ASW,CE,Federal Contract Tower,0,11,16,0,27,0,4,66,0,70,0,15,82,0,97,2,0,2,99
05/25/2017,TYR,TX,ASW,CE,Federal Contract Tower,0,11,24,0,35,0,4,84,0,88,0,15,108,0,123,32,0,32,155
05/26/2017,TYR,TX,ASW,CE,Federal Contract Tower,0,25,14,0,39,0,11,35,0,46,0,36,49,0,85,16,0,16,101
05/27/2017,TYR,TX,ASW,CE,Federal Contract Tower,0,13,24,0,37,0,6,9,0,15,0,19,33,0,52,48,0,48,100
05/28/2017,TYR,TX,ASW,CE,Federal Contract Tower,0,12,23,0,35,0,0,9,0,9,0,12,32,0,44,0,0,0,44
05/29/2017,TYR,TX,ASW,CE,Federal Contract Tower,0,14,20,0,34,0,4,15,0,19,0,18,35,0,53,24,0,24,77
05/30/2017,TYR,TX,ASW,CE,Federal Contract Tower,0,13,24,0,37,0,6,42,0,48,0,19,66,0,85,48,0,48,133
05/31/2017,TYR,TX,ASW,CE,Federal Contract Tower,0,17,26,1,44,0,7,47,3,57,0,24,73,4,101,74,0,74,175
06/01/2017,TYR,TX,ASW,CE,Federal Contract Tower,0,20,20,0,40,0,4,26,0,30,0,24,46,0,70,6,0,6,76
06/02/2017,TYR,TX,ASW,CE,Federal Contract Tower,0,8,26,0,34,0,2,7,0,9,0,10,33,0,43,12,0,12,55
06/03/2017,TYR,TX,ASW,CE,Federal Contract Tower,0,10,9,0,19,0,0,6,0,6,0,10,15,0,25,8,0,8,33
06/04/2017,TYR,TX,ASW,CE,Federal Contract Tower,0,6,12,0,18,0,0,1,0,1,0,6,13,0,19,8,0,8,27
06/05/2017,TYR,TX,ASW,CE,Federal Contract Tower,0,11,20,0,31,0,10,22,0,32,0,21,42,0,63,30,0,30,93
06/06/2017,TYR,TX,ASW,CE,Federal Contract Tower,0,14,28,0,42,0,2,35,0,37,0,16,63,0,79,10,0,10,89
06/07/2017,TYR,TX,ASW,CE,Federal Contract Tower,0,14,23,0,37,0,5,49,0,54,0,19,72,0,91,32,0,32,123
06/08/2017,TYR,TX,ASW,CE,Federal Contract Tower,0,14,35,5,54,0,5,69,0,74,0,19,104,5,128,54,0,54,182
06/09/2017,TYR,TX,ASW,CE,Federal Contract Tower,0,11,15,0,26,0,0,39,0,39,0,11,54,0,65,12,0,12,77
06/10/2017,TYR,TX,ASW,CE,Federal Contract Tower,0,11,15,0,26,0,3,80,0,83,0,14,95,0,109,22,0,22,131
06/11/2017,TYR,TX,ASW,CE,Federal Contract Tower,0,11,33,0,44,0,2,48,0,50,0,13,81,0,94,36,0,36,130
06/12/2017,TYR,TX,ASW,CE,Federal Contract Tower,0,20,23,0,43,0,9,44,0,53,0,29,67,0,96,40,0,40,136
06/13/2017,TYR,TX,ASW,CE,Federal Contract Tower,0,14,20,0,34,0,6,59,0,65,0,20,79,0,99,26,0,26,125
06/14/2017,TYR,TX,ASW,CE,Federal Contract Tower,0,13,30,0,43,0,9,52,4,65,0,22,82,4,108,12,0,12,120
06/15/2017,TYR,TX,ASW,CE,Federal Contract Tower,0,16,18,0,34,0,13,34,0,47,0,29,52,0,81,4,0,4,85
06/16/2017,TYR,TX,ASW,CE,Federal Contract Tower,0,12,29,0,41,0,16,52,0,68,0,28,81,0,109,28,0,28,137
06/17/2017,TYR,TX,ASW,CE,Federal Contract Tower,0,8,23,0,31,0,5,20,0,25,0,13,43,0,56,20,0,20,76
06/18/2017,TYR,TX,ASW,CE,Federal Contract Tower,0,26,13,0,39,0,0,12,0,12,0,26,25,0,51,8,0,8,59
06/19/2017,TYR,TX,ASW,CE,Federal Contract Tower,0,19,26,0,45,0,4,45,0,49,0,23,71,0,94,54,0,54,148
06/20/2017,TYR,TX,ASW,CE,Federal Contract Tower,0,13,24,0,37,0,0,31,0,31,0,13,55,0,68,56,0,56,124
06/21/2017,TYR,TX,ASW,CE,Federal Contract Tower,0,14,25,0,39,0,7,67,0,74,0,21,92,0,113,26,0,26,139
06/22/2017,TYR,TX,ASW,CE,Federal Contract Tower,0,16,15,0,31,0,2,61,6,69,0,18,76,6,100,36,2,38,138
06/23/2017,TYR,TX,ASW,CE,Federal Contract Tower,0,13,22,0,35,0,3,32,0,35,0,16,54,0,70,38,0,38,108
06/24/2017,TYR,TX,ASW,CE,Federal Contract Tower,0,7,6,0,13,0,0,6,0,6,0,7,12,0,19,24,0,24,43
06/25/2017,TYR,TX,ASW,CE,Federal Contract Tower,0,21,31,0,52,0,0,66,0,66,0,21,97,0,118,60,0,60,178
06/26/2017,TYR,TX,ASW,CE,Federal Contract Tower,0,15,22,0,37,0,8,44,0,52,0,23,66,0,89,46,0,46,135
06/27/2017,TYR,TX,ASW,CE,Federal Contract Tower,0,15,19,0,34,0,3,37,0,40,0,18,56,0,74,48,0,48,122
06/28/2017,TYR,TX,ASW,CE,Federal Contract Tower,0,15,24,0,39,0,14,80,0,94,0,29,104,0,133,72,0,72,205
06/29/2017,TYR,TX,ASW,CE,Federal Contract Tower,18,36,0,0,54,0,2,27,1,30,18,38,27,1,84,20,0,20,104
06/30/2017,TYR,TX,ASW,CE,Federal Contract Tower,0,12,14,0,26,0,3,45,0,48,0,15,59,0,74,18,0,18,92
07/01/2017,TYR,TX,ASW,CE,Federal Contract Tower,0,7,12,0,19,0,0,18,6,24,0,7,30,6,43,24,2,26,69
07/02/2017,TYR,TX,ASW,CE,Federal Contract Tower,0,11,11,0,22,0,6,22,1,29,0,17,33,1,51,8,0,8,59
07/03/2017,TYR,TX,ASW,CE,Federal Contract Tower,0,13,9,0,22,0,2,32,0,34,0,15,41,0,56,16,0,16,72
07/04/2017,TYR,TX,ASW,CE,Federal Contract Tower,0,8,7,0,15,0,2,24,0,26,0,10,31,0,41,14,0,14,55
07/05/2017,TYR,TX,ASW,CE,Federal Contract Tower,0,8,15,0,23,0,7,13,0,20,0,15,28,0,43,0,0,0,43
07/06/2017,TYR,TX,ASW,CE,Federal Contract Tower,0,13,26,0,39,0,12,37,0,49,0,25,63,0,88,12,0,12,100
07/07/2017,TYR,TX,ASW,CE,Federal Contract Tower,0,19,11,0,30,0,2,30,0,32,0,21,41,0,62,38,0,38,100
07/08/2017,TYR,TX,ASW,CE,Federal Contract Tower,0,17,14,0,31,0,1,33,0,34,0,18,47,0,65,0,0,0,65
07/09/2017,TYR,TX,ASW,CE,Federal Contract Tower,0,8,12,0,20,0,1,14,0,15,0,9,26,0,35,2,0,2,37
07/10/2017,TYR,TX,ASW,CE,Federal Contract Tower,0,11,19,0,30,0,5,24,0,29,0,16,43,0,59,34,0,34,93
07/11/2017,TYR,TX,ASW,CE,Federal Contract Tower,0,14,13,0,27,0,7,62,0,69,0,21,75,0,96,18,0,18,114
07/12/2017,TYR,TX,ASW,CE,Federal Contract Tower,0,14,34,0,48,0,6,46,0,52,0,20,80,0,100,12,0,12,112
07/13/2017,TYR,TX,ASW,CE,Federal Contract Tower,0,16,21,0,37,0,2,38,0,40,0,18,59,0,77,12,0,12,89
07/14/2017,TYR,TX,ASW,CE,Federal Contract Tower,0,19,20,0,39,0,0,23,0,23,0,19,43,0,62,24,0,24,86
07/15/2017,TYR,TX,ASW,CE,Federal Contract Tower,0,13,17,0,30,0,1,42,0,43,0,14,59,0,73,2,0,2,75
07/16/2017,TYR,TX,ASW,CE,Federal Contract Tower,0,11,14,0,25,0,9,19,0,28,0,20,33,0,53,0,0,0,53
07/17/2017,TYR,TX,ASW,CE,Federal Contract Tower,0,12,18,0,30,0,10,59,0,69,0,22,77,0,99,44,0,44,143
07/18/2017,TYR,TX,ASW,CE,Federal Contract Tower,0,16,27,0,43,0,6,61,1,68,0,22,88,1,111,30,0,30,141
07/19/2017,TYR,TX,ASW,CE,Federal Contract Tower,0,15,20,0,35,0,2,45,0,47,0,17,65,0,82,32,0,32,114
07/20/2017,TYR,TX,ASW,CE,Federal Contract Tower,0,15,15,0,30,0,5,70,0,75,0,20,85,0,105,20,0,20,125
07/21/2017,TYR,TX,ASW,CE,Federal Contract Tower,0,10,21,1,32,0,1,37,3,41,0,11,58,4,73,20,0,20,93
07/22/2017,TYR,TX,ASW,CE,Federal Contract Tower,0,14,18,0,32,0,0,42,0,42,0,14,60,0,74,0,0,0,74
07/23/2017,TYR,TX,ASW,CE,Federal Contract Tower,0,8,14,0,22,0,1,21,0,22,0,9,35,0,44,24,0,24,68
07/24/2017,TYR,TX,ASW,CE,Federal Contract Tower,0,12,30,0,42,0,2,33,2,37,0,14,63,2,79,30,0,30,109
07/25/2017,TYR,TX,ASW,CE,Federal Contract Tower,0,19,21,0,40,0,12,58,0,70,0,31,79,0,110,80,0,80,190
07/26/2017,TYR,TX,ASW,CE,Federal Contract Tower,0,14,21,0,35,0,4,49,1,54,0,18,70,1,89,6,0,6,95
07/27/2017,TYR,TX,ASW,CE,Federal Contract Tower,0,18,18,0,36,0,3,57,0,60,0,21,75,0,96,0,0,0,96
07/28/2017,TYR,TX,ASW,CE,Federal Contract Tower,0,15,32,0,47,0,5,33,0,38,0,20,65,0,85,18,0,18,103
07/29/2017,TYR,TX,ASW,CE,Federal Contract Tower,0,9,20,0,29,0,2,56,0,58,0,11,76,0,87,34,0,34,121
07/30/2017,TYR,TX,ASW,CE,Federal Contract Tower,0,10,15,0,25,0,2,47,0,49,0,12,62,0,74,22,0,22,96
07/31/2017,TYR,TX,ASW,CE,Federal Contract Tower,0,16,13,0,29,0,6,74,3,83,0,22,87,3,112,38,2,40,152
08/01/2017,TYR,TX,ASW,CE,Federal Contract Tower,0,19,27,0,46,0,4,63,0,67,0,23,90,0,113,10,0,10,123
08/02/2017,TYR,TX,ASW,CE,Federal Contract Tower,0,13,20,0,33,0,0,0,0,0,0,13,20,0,33,0,0,0,33
08/03/2017,TYR,TX,ASW,CE,Federal Contract Tower,0,16,17,0,33,0,3,24,0,27,0,19,41,0,60,18,0,18,78
08/04/2017,TYR,TX,ASW,CE,Federal Contract Tower,0,21,17,0,38,0,6,55,0,61,0,27,72,0,99,2,0,2,101
08/05/2017,TYR,TX,ASW,CE,Federal Contract Tower,0,16,4,0,20,0,14,50,0,64,0,30,54,0,84,26,0,26,110
08/06/2017,TYR,TX,ASW,CE,Federal Contract Tower,0,9,24,0,33,0,9,19,0,28,0,18,43,0,61,4,0,4,65
08/07/2017,TYR,TX,ASW,CE,Federal Contract Tower,0,14,15,0,29,0,2,9,0,11,0,16,24,0,40,12,0,12,52
08/08/2017,TYR,TX,ASW,CE,Federal Contract Tower,0,16,29,0,45,0,0,12,0,12,0,16,41,0,57,4,0,4,61
08/09/2017,TYR,TX,ASW,CE,Federal Contract Tower,0,17,20,0,37,0,9,9,0,18,0,26,29,0,55,20,0,20,75
08/10/2017,TYR,TX,ASW,CE,Federal Contract Tower,0,15,46,1,62,0,3,20,1,24,0,18,66,2,86,8,0,8,94
08/11/2017,TYR,TX,ASW,CE,Federal Contract Tower,0,20,28,0,48,0,3,31,0,34,0,23,59,0,82,0,0,0,82
08/12/2017,TYR,TX,ASW,CE,Federal Contract Tower,0,13,15,0,28,0,2,35,0,37,0,15,50,0,65,34,0,34,99
08/13/2017,TYR,TX,ASW,CE,Federal Contract Tower,0,17,14,0,31,0,0,4,0,4,0,17,18,0,35,0,0,0,35
08/14/2017,TYR,TX,ASW,CE,Federal Contract Tower,0,16,18,0,34,0,6,36,0,42,0,22,54,0,76,12,0,12,88
08/15/2017,TYR,TX,ASW,CE,Federal Contract Tower,0,17,19,0,36,0,14,53,1,68,0,31,72,1,104,18,0,18,122
08/16/2017,TYR,TX,ASW,CE,Federal Contract Tower,0,18,37,0,55,0,7,57,0,64,0,25,94,0,119,46,0,46,165
08/17/2017,TYR,TX,ASW,CE,Federal Contract Tower,0,14,14,0,28,0,1,20,0,21,0,15,34,0,49,22,0,22,71
08/18/2017,TYR,TX,ASW,CE,Federal Contract Tower,0,16,25,0,41,0,6,44,0,50,0,22,69,0,91,12,0,12,103
08/19/2017,TYR,TX,ASW,CE,Federal Contract Tower,0,9,18,0,27,0,1,69,0,70,0,10,87,0,97,26,0,26,123
08/20/2017,TYR,TX,ASW,CE,Federal Contract Tower,0,7,21,0,28,0,2,59,0,61,0,9,80,0,89,16,0,16,105
08/21/2017,TYR,TX,ASW,CE,Federal Contract Tower,0,15,19,0,34,0,5,52,0,57,0,20,71,0,91,64,0,64,155
08/22/2017,TYR,TX,ASW,CE,Federal Contract Tower,0,14,25,0,39,0,12,82,0,94,0,26,107,0,133,16,0,16,149
08/23/2017,TYR,TX,ASW,CE,Federal Contract Tower,0,18,40,0,58,0,7,35,0,42,0,25,75,0,100,0,0,0,100
08/24/2017,TYR,TX,ASW,CE,Federal Contract Tower,0,18,51,0,69,0,7,14,0,21,0,25,65,0,90,0,0,0,90
08/25/2017,TYR,TX,ASW,CE,Federal Contract Tower,0,16,22,4,42,0,3,74,0,77,0,19,96,4,119,18,0,18,137
08/26/2017,TYR,TX,ASW,CE,Federal Contract Tower,0,14,8,0,22,0,1,21,0,22,0,15,29,0,44,0,0,0,44
08/27/2017,TYR,TX,ASW,CE,Federal Contract Tower,0,10,22,0,32,0,0,8,0,8,0,10,30,0,40,0,0,0,40
08/28/2017,TYR,TX,ASW,CE,Federal Contract Tower,0,14,30,0,44,0,6,24,2,32,0,20,54,2,76,46,0,46,122
08/29/2017,TYR,TX,ASW,CE,Federal Contract Tower,0,14,15,0,29,0,12,36,2,50,0,26,51,2,79,52,0,52,131
08/30/2017,TYR,TX,ASW,CE,Federal Contract Tower,0,19,28,0,47,0,8,19,0,27,0,27,47,0,74,10,0,10,84
08/31/2017,TYR,TX,ASW,CE,Federal Contract Tower,0,16,23,0,39,0,5,50,0,55,0,21,73,0,94,6,0,6,100
09/01/2017,TYR,TX,ASW,CE,Federal Contract Tower,0,35,26,0,61,0,6,68,0,74,0,41,94,0,135,12,0,12,147
09/02/2017,TYR,TX,ASW,CE,Federal Contract Tower,0,11,10,0,21,0,11,50,0,61,0,22,60,0,82,42,0,42,124
09/03/2017,TYR,TX,ASW,CE,Federal Contract Tower,0,6,11,0,17,0,6,38,0,44,0,12,49,0,61,0,0,0,61
09/04/2017,TYR,TX,ASW,CE,Federal Contract Tower,0,15,17,0,32,0,6,37,0,43,0,21,54,0,75,34,0,34,109
09/05/2017,TYR,TX,ASW,CE,Federal Contract Tower,0,13,18,0,31,0,1,43,0,44,0,14,61,0,75,18,0,18,93
09/06/2017,TYR,TX,ASW,CE,Federal Contract Tower,0,13,12,0,25,0,8,58,0,66,0,21,70,0,91,8,0,8,99
09/07/2017,TYR,TX,ASW,CE,Federal Contract Tower,0,20,15,0,35,0,5,68,0,73,0,25,83,0,108,28,0,28,136
09/08/2017,TYR,TX,ASW,CE,Federal Contract Tower,0,17,12,0,29,0,0,70,13,83,0,17,82,13,112,28,0,28,140
09/09/2017,TYR,TX,ASW,CE,Federal Contract Tower,0,14,23,0,37,0,9,83,0,92,0,23,106,0,129,22,0,22,151
09/10/2017,TYR,TX,ASW,CE,Federal Contract Tower,0,14,11,0,25,0,9,65,0,74,0,23,76,0,99,26,0,26,125
09/11/2017,TYR,TX,ASW,CE,Federal Contract Tower,0,16,19,0,35,0,17,46,0,63,0,33,65,0,98,12,0,12,110
09/12/2017,TYR,TX,ASW,CE,Federal Contract Tower,0,22,31,1,54,0,20,46,1,67,0,42,77,2,121,2,0,2,123
09/13/2017,TYR,TX,ASW,CE,Federal Contract Tower,0,16,24,0,40,0,11,49,0,60,0,27,73,0,100,34,0,34,134
09/14/2017,TYR,TX,ASW,CE,Federal Contract Tower,0,17,25,0,42,0,15,47,10,72,0,32,72,10,114,10,0,10,124
09/15/2017,TYR,TX,ASW,CE,Federal Contract Tower,0,22,30,0,52,0,20,59,0,79,0,42,89,0,131,10,0,10,141
09/16/2017,TYR,TX,ASW,CE,Federal Contract Tower,0,17,13,0,30,0,14,37,2,53,0,31,50,2,83,24,0,24,107
09/17/2017,TYR,TX,ASW,CE,Federal Contract Tower,0,17,21,0,38,0,0,36,0,36,0,17,57,0,74,0,0,0,74
09/18/2017,TYR,TX,ASW,CE,Federal Contract Tower,0,17,20,0,37,0,5,26,0,31,0,22,46,0,68,10,0,10,78
09/19/2017,TYR,TX,ASW,CE,Federal Contract Tower,0,19,20,0,39,0,10,18,0,28,0,29,38,0,67,0,0,0,67
09/20/2017,TYR,TX,ASW,CE,Federal Contract Tower,0,22,24,0,46,0,0,25,0,25,0,22,49,0,71,10,0,10,81
09/21/2017,TYR,TX,ASW,CE,Federal Contract Tower,0,22,22,0,44,0,3,50,0,53,0,25,72,0,97,6,0,6,103
09/22/2017,TYR,TX,ASW,CE,Federal Contract Tower,0,18,30,0,48,0,12,47,0,59,0,30,77,0,107,0,0,0,107
09/23/2017,TYR,TX,ASW,CE,Federal Contract Tower,0,14,19,0,33,0,3,43,0,46,0,17,62,0,79,6,0,6,85
09/24/2017,TYR,TX,ASW,CE,Federal Contract Tower,0,15,22,0,37,0,4,31,0,35,0,19,53,0,72,0,0,0,72
09/25/2017,TYR,TX,ASW,CE,Federal Contract Tower,0,16,17,0,33,0,10,38,0,48,0,26,55,0,81,24,0,24,105
09/26/2017,TYR,TX,ASW,CE,Federal Contract Tower,0,19,29,1,49,0,4,48,1,53,0,23,77,2,102,24,0,24,126
09/27/2017,TYR,TX,ASW,CE,Federal Contract Tower,0,17,14,0,31,0,2,36,0,38,0,19,50,0,69,44,0,44,113
09/28/2017,TYR,TX,ASW,CE,Federal Contract Tower,0,15,23,0,38,0,7,24,0,31,0,22,47,0,69,22,0,22,91
09/29/2017,TYR,TX,ASW,CE,Federal Contract Tower,0,21,24,0,45,0,4,49,0,53,0,25,73,0,98,6,0,6,104
09/30/2017,TYR,TX,ASW,CE,Federal Contract Tower,0,15,17,0,32,0,6,71,0,77,0,21,88,0,109,12,0,12,121
10/01/2017,TYR,TX,ASW,CE,Federal Contract Tower,0,12,15,0,27,0,0,60,1,61,0,12,75,1,88,8,0,8,96
10/02/2017,TYR,TX,ASW,CE,Federal Contract Tower,0,18,27,0,45,0,4,27,1,32,0,22,54,1,77,14,0,14,91
10/03/2017,TYR,TX,ASW,CE,Federal Contract Tower,0,17,19,0,36,0,0,1,0,1,0,17,20,0,37,0,0,0,37
10/04/2017,TYR,TX,ASW,CE,Federal Contract Tower,0,17,23,0,40,0,2,37,0,39,0,19,60,0,79,28,0,28,107
10/05/2017,TYR,TX,ASW,CE,Federal Contract Tower,0,15,18,0,33,0,2,0,0,2,0,17,18,0,35,24,0,24,59
10/06/2017,TYR,TX,ASW,CE,Federal Contract Tower,0,17,24,0,41,0,0,67,0,67,0,17,91,0,108,16,0,16,124
10/07/2017,TYR,TX,ASW,CE,Federal Contract Tower,0,10,19,0,29,0,2,48,2,52,0,12,67,2,81,10,0,10,91
10/08/2017,TYR,TX,ASW,CE,Federal Contract Tower,0,13,18,0,31,0,8,56,0,64,0,21,74,0,95,36,0,36,131
10/09/2017,TYR,TX,ASW,CE,Federal Contract Tower,0,16,18,0,34,0,6,47,0,53,0,22,65,0,87,18,0,18,105
10/10/2017,TYR,TX,ASW,CE,Federal Contract Tower,0,15,19,0,34,0,13,48,0,61,0,28,67,0,95,24,0,24,119
10/11/2017,TYR,TX,ASW,CE,Federal Contract Tower,0,17,14,0,31,0,12,54,2,68,0,29,68,2,99,10,0,10,109
10/12/2017,TYR,TX,ASW,CE,Federal Contract Tower,0,21,23,0,44,0,9,56,0,65,0,30,79,0,109,36,0,36,145
10/13/2017,TYR,TX,ASW,CE,Federal Contract Tower,0,19,27,0,46,0,2,63,0,65,0,21,90,0,111,16,0,16,127
10/14/2017,TYR,TX,ASW,CE,Federal Contract Tower,0,12,9,0,21,0,2,78,0,80,0,14,87,0,101,8,0,8,109
10/15/2017,TYR,TX,ASW,CE,Federal Contract Tower,0,13,12,0,25,0,11,13,0,24,0,24,25,0,49,6,0,6,55
10/16/2017,TYR,TX,ASW,CE,Federal Contract Tower,0,18,26,0,44,0,8,35,2,45,0,26,61,2,89,8,0,8,97
10/17/2017,TYR,TX,ASW,CE,Federal Contract Tower,0,21,28,0,49,0,2,80,0,82,0,23,108,0,131,12,0,12,143
10/18/2017,TYR,TX,ASW,CE,Federal Contract Tower,0,20,17,2,39,0,1,62,2,65,0,21,79,4,104,2,0,2,106
10/19/2017,TYR,TX,ASW,CE,Federal Contract Tower,0,26,47,0,73,0,69,0,0,69,0,95,47,0,142,30,0,30,172
10/20/2017,TYR,TX,ASW,CE,Federal Contract Tower,0,22,34,0,56,0,2,27,0,29,0,24,61,0,85,8,0,8,93
10/21/2017,TYR,TX,ASW,CE,Federal Contract Tower,0,18,30,0,48,0,0,11,0,11,0,18,41,0,59,26,0,26,85
10/22/2017,TYR,TX,ASW,CE,Federal Contract Tower,0,24,50,2,76,0,1,17,0,18,0,25,67,2,94,0,0,0,94
10/23/2017,TYR,TX,ASW,CE,Federal Contract Tower,0,18,10,0,28,0,33,45,0,78,0,51,55,0,106,26,0,26,132
10/24/2017,TYR,TX,ASW,CE,Federal Contract Tower,0,17,19,0,36,0,0,20,0,20,0,17,39,0,56,0,0,0,56
10/25/2017,TYR,TX,ASW,CE,Federal Contract Tower,0,18,20,0,38,0,6,76,0,82,0,24,96,0,120,20,0,20,140
10/26/2017,TYR,TX,ASW,CE,Federal Contract Tower,0,18,29,0,47,0,2,49,0,51,0,20,78,0,98,38,0,38,136
10/27/2017,TYR,TX,ASW,CE,Federal Contract Tower,11,3,28,0,42,0,6,40,0,46,11,9,68,0,88,20,0,20,108
10/28/2017,TYR,TX,ASW,CE,Federal Contract Tower,8,3,25,0,36,0,2,45,0,47,8,5,70,0,83,16,0,16,99
10/29/2017,TYR,TX,ASW,CE,Federal Contract Tower,10,1,9,0,20,0,0,47,0,47,10,1,56,0,67,0,0,0,67
10/30/2017,TYR,TX,ASW,CE,Federal Contract Tower,10,10,20,2,42,0,2,39,0,41,10,12,59,2,83,6,0,6,89
10/31/2017,TYR,TX,ASW,CE,Federal Contract Tower,8,5,22,1,36,0,2,17,0,19,8,7,39,1,55,14,0,14,69
11/01/2017,TYR,TX,ASW,CE,Federal Contract Tower,10,9,12,0,31,0,0,17,0,17,10,9,29,0,48,24,0,24,72
11/02/2017,TYR,TX,ASW,CE,Federal Contract Tower,7,12,32,0,51,0,9,23,0,32,7,21,55,0,83,18,0,18,101
11/03/2017,TYR,TX,ASW,CE,Federal Contract Tower,10,4,34,0,48,0,6,18,0,24,10,10,52,0,72,10,0,10,82
11/04/2017,TYR,TX,ASW,CE,Federal Contract Tower,8,8,28,0,44,0,0,15,0,15,8,8,43,0,59,4,0,4,63
11/05/2017,TYR,TX,ASW,CE,Federal Contract Tower,9,0,24,0,33,0,7,20,0,27,9,7,44,0,60,0,0,0,60
11/06/2017,TYR,TX,ASW,CE,Federal Contract Tower,10,6,18,0,34,0,17,25,0,42,10,23,43,0,76,28,0,28,104
11/07/2017,TYR,TX,ASW,CE,Federal Contract Tower,8,13,28,0,49,0,0,4,0,4,8,13,32,0,53,24,0,24,77
11/08/2017,TYR,TX,ASW,CE,Federal Contract Tower,7,7,21,0,35,0,0,0,0,0,7,7,21,0,35,0,0,0,35
11/09/2017,TYR,TX,ASW,CE,Federal Contract Tower,10,8,39,0,57,0,2,49,0,51,10,10,88,0,108,50,0,50,158
11/10/2017,TYR,TX,ASW,CE,Federal Contract Tower,11,10,21,2,44,0,1,87,0,88,11,11,108,2,132,58,0,58,190
11/11/2017,TYR,TX,ASW,CE,Federal Contract Tower,4,9,19,0,32,0,4,28,0,32,4,13,47,0,64,0,0,0,64
11/12/2017,TYR,TX,ASW,CE,Federal Contract Tower,10,4,20,0,34,0,0,18,0,18,10,4,38,0,52,12,0,12,64
11/13/2017,TYR,TX,ASW,CE,Federal Contract Tower,10,8,29,0,47,0,0,4,0,4,10,8,33,0,51,6,0,6,57
11/14/2017,TYR,TX,ASW,CE,Federal Contract Tower,8,6,26,0,40,0,6,45,0,51,8,12,71,0,91,26,0,26,117
11/15/2017,TYR,TX,ASW,CE,Federal Contract Tower,8,7,31,0,46,0,9,16,0,25,8,16,47,0,71,4,0,4,75
11/16/2017,TYR,TX,ASW,CE,Federal Contract Tower,7,14,30,2,53,0,3,4,0,7,7,17,34,2,60,10,0,10,70
11/17/2017,TYR,TX,ASW,CE,Federal Contract Tower,7,6,22,0,35,0,4,8,0,12,7,10,30,0,47,6,0,6,53
11/18/2017,TYR,TX,ASW,CE,Federal Contract Tower,5,9,20,0,34,0,0,11,0,11,5,9,31,0,45,2,0,2,47
11/19/2017,TYR,TX,ASW,CE,Federal Contract Tower,8,0,28,0,36,0,6,72,0,78,8,6,100,0,114,20,0,20,134
11/20/2017,TYR,TX,ASW,CE,Federal Contract Tower,10,10,31,2,53,0,6,59,0,65,10,16,90,2,118,26,0,26,144
11/21/2017,TYR,TX,ASW,CE,Federal Contract Tower,8,16,42,0,66,0,0,29,0,29,8,16,71,0,95,4,0,4,99
11/22/2017,TYR,TX,ASW,CE,Federal Contract Tower,8,8,23,0,39,0,4,67,0,71,8,12,90,0,110,4,0,4,114
11/23/2017,TYR,TX,ASW,CE,Federal Contract Tower,4,4,7,0,15,0,0,22,0,22,4,4,29,0,37,10,0,10,47
11/24/2017,TYR,TX,ASW,CE,Federal Contract Tower,7,6,14,0,27,0,0,50,0,50,7,6,64,0,77,10,0,10,87
11/25/2017,TYR,TX,ASW,CE,Federal Contract Tower,4,11,21,0,36,0,0,43,0,43,4,11,64,0,79,4,0,4,83
11/26/2017,TYR,TX,ASW,CE,Federal Contract Tower,10,3,27,0,40,0,4,84,0,88,10,7,111,0,128,26,0,26,154
11/27/2017,TYR,TX,ASW,CE,Federal Contract Tower,10,11,13,0,34,0,16,64,0,80,10,27,77,0,114,40,0,40,154
11/28/2017,TYR,TX,ASW,CE,Federal Contract Tower,9,11,26,0,46,0,3,58,0,61,9,14,84,0,107,14,0,14,121
11/29/2017,TYR,TX,ASW,CE,Federal Contract Tower,0,7,12,35,54,0,4,44,0,48,0,11,56,35,102,22,0,22,124
11/30/2017,TYR,TX,ASW,CE,Federal Contract Tower,11,15,18,0,44,0,10,83,0,93,11,25,101,0,137,48,0,48,185
12/01/2017,TYR,TX,ASW,CE,Federal Contract Tower,8,4,25,0,37,0,1,53,0,54,8,5,78,0,91,18,0,18,109
12/02/2017,TYR,TX,ASW,CE,Federal Contract Tower,4,5,11,0,20,0,1,85,0,86,4,6,96,0,106,26,0,26,132
12/03/2017,TYR,TX,ASW,CE,Federal Contract Tower,10,4,25,0,39,0,10,32,0,42,10,14,57,0,81,14,0,14,95
12/04/2017,TYR,TX,ASW,CE,Federal Contract Tower,10,6,31,0,47,0,2,4,0,6,10,8,35,0,53,0,0,0,53
12/05/2017,TYR,TX,ASW,CE,Federal Contract Tower,8,12,20,0,40,0,4,19,4,27,8,16,39,4,67,28,0,28,95
12/06/2017,TYR,TX,ASW,CE,Federal Contract Tower,8,6,34,0,48,0,0,29,0,29,8,6,63,0,77,32,0,32,109
12/07/2017,TYR,TX,ASW,CE,Federal Contract Tower,10,6,29,0,45,0,0,0,0,0,10,6,29,0,45,28,0,28,73
12/08/2017,TYR,TX,ASW,CE,Federal Contract Tower,10,11,15,0,36,0,1,51,0,52,10,12,66,0,88,10,0,10,98
12/09/2017,TYR,TX,ASW,CE,Federal Contract Tower,4,4,16,0,24,0,0,42,2,44,4,4,58,2,68,14,0,14,82
12/10/2017,TYR,TX,ASW,CE,Federal Contract Tower,10,2,21,0,33,0,8,39,0,47,10,10,60,0,80,12,0,12,92
12/11/2017,TYR,TX,ASW,CE,Federal Contract Tower,10,6,29,1,46,0,13,56,0,69,10,19,85,1,115,32,0,32,147
12/12/2017,TYR,TX,ASW,CE,Federal Contract Tower,7,12,19,0,38,0,12,40,0,52,7,24,59,0,90,0,0,0,90
12/13/2017,TYR,TX,ASW,CE,Federal Contract Tower,7,12,18,0,37,0,15,63,0,78,7,27,81,0,115,22,0,22,137
12/14/2017,TYR,TX,ASW,CE,Federal Contract Tower,9,11,26,3,49,0,0,58,0,58,9,11,84,3,107,0,38,38,145
12/15/2017,TYR,TX,ASW,CE,Federal Contract Tower,7,3,16,0,26,0,0,72,0,72,7,3,88,0,98,0,0,0,98
12/16/2017,TYR,TX,ASW,CE,Federal Contract Tower,2,6,13,0,21,0,0,17,0,17,2,6,30,0,38,0,0,0,38
12/17/2017,TYR,TX,ASW,CE,Federal Contract Tower,7,4,24,0,35,0,0,1,0,1,7,4,25,0,36,0,0,0,36
12/18/2017,TYR,TX,ASW,CE,Federal Contract Tower,8,3,15,0,26,0,0,1,0,1,8,3,16,0,27,0,0,0,27
12/19/2017,TYR,TX,ASW,CE,Federal Contract Tower,5,6,19,0,30,0,0,0,0,0,5,6,19,0,30,0,0,0,30
12/20/2017,TYR,TX,ASW,CE,Federal Contract Tower,6,11,31,0,48,0,7,16,0,23,6,18,47,0,71,0,0,0,71
12/21/2017,TYR,TX,ASW,CE,Federal Contract Tower,10,8,25,0,43,0,4,54,0,58,10,12,79,0,101,56,0,56,157
12/22/2017,TYR,TX,ASW,CE,Federal Contract Tower,7,5,5,0,17,0,0,0,0,0,7,5,5,0,17,0,0,0,17
12/23/2017,TYR,TX,ASW,CE,Federal Contract Tower,2,4,18,0,24,0,0,0,0,0,2,4,18,0,24,2,0,2,26
12/24/2017,TYR,TX,ASW,CE,Federal Contract Tower,9,3,16,0,28,0,0,0,0,0,9,3,16,0,28,0,0,0,28
12/25/2017,TYR,TX,ASW,CE,Federal Contract Tower,8,1,2,0,11,0,2,30,0,32,8,3,32,0,43,18,0,18,61
12/26/2017,TYR,TX,ASW,CE,Federal Contract Tower,7,3,20,0,30,0,0,2,0,2,7,3,22,0,32,0,0,0,32
12/27/2017,TYR,TX,ASW,CE,Federal Contract Tower,7,11,24,0,42,0,0,12,0,12,7,11,36,0,54,16,0,16,70
12/28/2017,TYR,TX,ASW,CE,Federal Contract Tower,8,6,13,0,27,0,1,16,0,17,8,7,29,0,44,6,0,6,50
12/29/2017,TYR,TX,ASW,CE,Federal Contract Tower,7,8,14,0,29,0,1,17,0,18,7,9,31,0,47,36,0,36,83
12/30/2017,TYR,TX,ASW,CE,Federal Contract Tower,2,7,17,0,26,0,0,0,0,0,2,7,17,0,26,0,0,0,26
12/31/2017,TYR,TX,ASW,CE,Federal Contract Tower,3,2,7,0,12,0,0,0,0,0,3,2,7,0,12,0,0,0,12
01/01/2018,TYR,TX,ASW,CE,Federal Contract Tower,6,5,9,0,20,0,0,16,0,16,6,5,25,0,36,8,0,8,44
01/02/2018,TYR,TX,ASW,CE,Federal Contract Tower,7,7,19,0,33,0,15,28,0,43,7,22,47,0,76,8,0,8,84
01/03/2018,TYR,TX,ASW,CE,Federal Contract Tower,7,9,11,0,27,0,1,18,0,19,7,10,29,0,46,0,0,0,46
01/04/2018,TYR,TX,ASW,CE,Federal Contract Tower,8,7,20,0,35,0,0,29,0,29,8,7,49,0,64,0,0,0,64
01/05/2018,TYR,TX,ASW,CE,Federal Contract Tower,7,3,21,0,31,0,0,79,0,79,7,3,100,0,110,8,0,8,118
01/06/2018,TYR,TX,ASW,CE,Federal Contract Tower,2,5,12,0,19,0,0,68,0,68,2,5,80,0,87,8,0,8,95
01/07/2018,TYR,TX,ASW,CE,Federal Contract Tower,5,4,15,0,24,0,0,6,0,6,5,4,21,0,30,0,0,0,30
01/08/2018,TYR,TX,ASW,CE,Federal Contract Tower,8,4,19,0,31,0,9,37,0,46,8,13,56,0,77,18,0,18,95
01/09/2018,TYR,TX,ASW,CE,Federal Contract Tower,5,5,37,2,49,0,0,0,0,0,5,5,37,2,49,0,0,0,49
01/10/2018,TYR,TX,ASW,CE,Federal Contract Tower,8,5,25,0,38,0,0,0,0,0,8,5,25,0,38,0,0,0,38
01/11/2018,TYR,TX,ASW,CE,Federal Contract Tower,6,11,35,0,52,0,4,2,0,6,6,15,37,0,58,0,0,0,58
01/12/2018,TYR,TX,ASW,CE,Federal Contract Tower,4,3,23,0,30,0,3,48,0,51,4,6,71,0,81,2,0,2,83
01/13/2018,TYR,TX,ASW,CE,Federal Contract Tower,4,3,12,0,19,0,3,52,0,55,4,6,64,0,74,16,0,16,90
01/14/2018,TYR,TX,ASW,CE,Federal Contract Tower,7,0,7,0,14,0,6,65,0,71,7,6,72,0,85,0,0,0,85
01/15/2018,TYR,TX,ASW,CE,Federal Contract Tower,6,5,21,0,32,0,0,24,0,24,6,5,45,0,56,16,0,16,72
01/16/2018,TYR,TX,ASW,CE,Federal Contract Tower,2,0,5,0,7,0,2,3,0,5,2,2,8,0,12,0,0,0,12
01/17/2018,TYR,TX,ASW,CE,Federal Contract Tower,7,6,9,0,22,0,2,33,0,35,7,8,42,0,57,0,0,0,57
01/18/2018,TYR,TX,ASW,CE,Federal Contract Tower,8,2,31,0,41,0,3,32,0,35,8,5,63,0,76,38,0,38,114
01/19/2018,TYR,TX,ASW,CE,Federal Contract Tower,8,2,24,0,34,0,1,20,0,21,8,3,44,0,55,4,0,4,59
01/20/2018,TYR,TX,ASW,CE,Federal Contract Tower,4,7,28,0,39,0,0,0,0,0,4,7,28,0,39,0,0,0,39
01/21/2018,TYR,TX,ASW,CE,Federal Contract Tower,5,8,6,0,19,0,0,3,0,3,5,8,9,0,22,0,0,0,22
01/22/2018,TYR,TX,ASW,CE,Federal Contract Tower,6,10,19,0,35,0,2,42,0,44,6,12,61,0,79,16,0,16,95
01/23/2018,TYR,TX,ASW,CE,Federal Contract Tower,6,7,16,0,29,0,5,48,0,53,6,12,64,0,82,26,0,26,108
01/24/2018,TYR,TX,ASW,CE,Federal Contract Tower,8,10,31,0,49,0,7,68,0,75,8,17,99,0,124,0,0,0,124
01/25/2018,TYR,TX,ASW,CE,Federal Contract Tower,6,11,23,0,40,0,13,77,0,90,6,24,100,0,130,26,0,26,156
01/26/2018,TYR,TX,ASW,CE,Federal Contract Tower,7,12,33,1,53,0,0,30,1,31,7,12,63,2,84,0,0,0,84
01/27/2018,TYR,TX,ASW,CE,Federal Contract Tower,4,3,18,0,25,0,0,0,0,0,4,3,18,0,25,0,0,0,25
01/28/2018,TYR,TX,ASW,CE,Federal Contract Tower,7,2,17,0,26,0,3,87,0,90,7,5,104,0,116,12,0,12,128
01/29/2018,TYR,TX,ASW,CE,Federal Contract Tower,9,6,20,0,35,0,7,45,0,52,9,13,65,0,87,0,0,0,87
01/30/2018,TYR,TX,ASW,CE,Federal Contract Tower,6,6,24,0,36,0,1,84,0,85,6,7,108,0,121,34,0,34,155
01/31/2018,TYR,TX,ASW,CE,Federal Contract Tower,8,4,19,0,31,0,4,29,0,33,8,8,48,0,64,8,0,8,72
02/01/2018,TYR,TX,ASW,CE,Federal Contract Tower,7,12,30,0,49,0,0,37,0,37,7,12,67,0,86,2,0,2,88
02/02/2018,TYR,TX,ASW,CE,Federal Contract Tower,6,7,20,0,33,0,2,46,0,48,6,9,66,0,81,28,0,28,109
02/03/2018,TYR,TX,ASW,CE,Federal Contract Tower,4,8,17,0,29,0,1,16,0,17,4,9,33,0,46,14,0,14,60
02/04/2018,TYR,TX,ASW,CE,Federal Contract Tower,7,2,18,0,27,0,2,33,0,35,7,4,51,0,62,14,0,14,76
02/05/2018,TYR,TX,ASW,CE,Federal Contract Tower,7,7,22,0,36,0,0,39,0,39,7,7,61,0,75,6,0,6,81
02/06/2018,TYR,TX,ASW,CE,Federal Contract Tower,4,4,27,0,35,0,0,0,0,0,4,4,27,0,35,0,0,0,35
02/07/2018,TYR,TX,ASW,CE,Federal Contract Tower,6,8,37,0,51,0,5,5,0,10,6,13,42,0,61,0,0,0,61
02/08/2018,TYR,TX,ASW,CE,Federal Contract Tower,7,17,30,0,54,0,6,121,2,129,7,23,151,2,183,52,0,52,235
02/09/2018,TYR,TX,ASW,CE,Federal Contract Tower,7,7,22,0,36,0,0,10,0,10,7,7,32,0,46,0,0,0,46
02/10/2018,TYR,TX,ASW,CE,Federal Contract Tower,3,5,3,0,11,0,0,0,0,0,3,5,3,0,11,0,0,0,11
02/11/2018,TYR,TX,ASW,CE,Federal Contract Tower,5,2,11,0,18,0,2,0,0,2,5,4,11,0,20,0,0,0,20
02/12/2018,TYR,TX,ASW,CE,Federal Contract Tower,8,4,19,0,31,0,12,14,0,26,8,16,33,0,57,4,0,4,61
02/13/2018,TYR,TX,ASW,CE,Federal Contract Tower,6,10,15,0,31,0,0,0,0,0,6,10,15,0,31,0,0,0,31
02/14/2018,TYR,TX,ASW,CE,Federal Contract Tower,3,1,12,0,16,0,0,0,0,0,3,1,12,0,16,0,0,0,16
02/15/2018,TYR,TX,ASW,CE,Federal Contract Tower,8,13,13,0,34,0,0,0,0,0,8,13,13,0,34,0,0,0,34
02/16/2018,TYR,TX,ASW,CE,Federal Contract Tower,8,12,20,0,40,0,0,11,0,11,8,12,31,0,51,4,0,4,55
02/17/2018,TYR,TX,ASW,CE,Federal Contract Tower,6,7,5,0,18,0,0,0,0,0,6,7,5,0,18,0,0,0,18
02/18/2018,TYR,TX,ASW,CE,Federal Contract Tower,7,2,23,0,32,0,0,1,0,1,7,2,24,0,33,0,0,0,33
02/19/2018,TYR,TX,ASW,CE,Federal Contract Tower,8,9,31,0,48,0,0,12,0,12,8,9,43,0,60,8,0,8,68
02/20/2018,TYR,TX,ASW,CE,Federal Contract Tower,5,4,12,0,21,0,1,4,0,5,5,5,16,0,26,0,0,0,26
02/21/2018,TYR,TX,ASW,CE,Federal Contract Tower,3,1,12,0,16,0,0,0,0,0,3,1,12,0,16,0,0,0,16
02/22/2018,TYR,TX,ASW,CE,Federal Contract Tower,3,9,14,0,26,0,0,0,0,0,3,9,14,0,26,0,0,0,26
02/23/2018,TYR,TX,ASW,CE,Federal Contract Tower,7,7,19,8,41,0,2,5,0,7,7,9,24,8,48,6,0,6,54
02/24/2018,TYR,TX,ASW,CE,Federal Contract Tower,6,5,4,0,15,0,0,1,0,1,6,5,5,0,16,0,0,0,16
02/25/2018,TYR,TX,ASW,CE,Federal Contract Tower,7,1,33,0,41,0,6,47,0,53,7,7,80,0,94,22,0,22,116
02/26/2018,TYR,TX,ASW,CE,Federal Contract Tower,8,6,34,1,49,0,25,59,3,87,8,31,93,4,136,46,0,46,182
02/27/2018,TYR,TX,ASW,CE,Federal Contract Tower,7,9,19,0,35,0,0,4,0,4,7,9,23,0,39,0,0,0,39
02/28/2018,TYR,TX,ASW,CE,Federal Contract Tower,7,11,18,1,37,0,0,4,0,4,7,11,22,1,41,14,0,14,55
03/01/2018,TYR,TX,ASW,CE,Federal Contract Tower,4,8,38,0,50,0,2,26,0,28,4,10,64,0,78,0,0,0,78
03/02/2018,TYR,TX,ASW,CE,Federal Contract Tower,8,8,20,0,36,0,1,100,0,101,8,9,120,0,137,32,0,32,169
03/03/2018,TYR,TX,ASW,CE,Federal Contract Tower,6,2,42,0,50,0,2,102,0,104,6,4,144,0,154,10,0,10,164
03/04/2018,TYR,TX,ASW,CE,Federal Contract Tower,8,5,7,0,20,0,4,9,0,13,8,9,16,0,33,0,0,0,33
03/05/2018,TYR,TX,ASW,CE,Federal Contract Tower,8,4,27,0,39,0,4,22,0,26,8,8,49,0,65,0,0,0,65
03/06/2018,TYR,TX,ASW,CE,Federal Contract Tower,8,9,24,0,41,0,3,78,0,81,8,12,102,0,122,10,0,10,132
03/07/2018,TYR,TX,ASW,CE,Federal Contract Tower,8,7,16,0,31,0,2,58,0,60,8,9,74,0,91,10,0,10,101
03/08/2018,TYR,TX,ASW,CE,Federal Contract Tower,8,7,30,0,45,0,1,51,0,52,8,8,81,0,97,16,0,16,113
03/09/2018,TYR,TX,ASW,CE,Federal Contract Tower,7,5,27,0,39,0,4,59,0,63,7,9,86,0,102,10,0,10,112
03/10/2018,TYR,TX,ASW,CE,Federal Contract Tower,6,8,27,0,41,0,1,58,0,59,6,9,85,0,100,22,0,22,122
03/11/2018,TYR,TX,ASW,CE,Federal Contract Tower,8,6,13,0,27,0,0,19,0,19,8,6,32,0,46,2,0,2,48
03/12/2018,TYR,TX,ASW,CE,Federal Contract Tower,8,4,32,0,44,0,5,73,0,78,8,9,105,0,122,28,0,28,150
03/13/2018,TYR,TX,ASW,CE,Federal Contract Tower,7,12,34,0,53,0,1,48,0,49,7,13,82,0,102,22,0,22,124
03/14/2018,TYR,TX,ASW,CE,Federal Contract Tower,9,10,19,0,38,0,4,78,0,82,9,14,97,0,120,20,0,20,140
03/15/2018,TYR,TX,ASW,CE,Federal Contract Tower,7,9,23,0,39,0,5,51,0,56,7,14,74,0,95,8,0,8,103
03/16/2018,TYR,TX,ASW,CE,Federal Contract Tower,9,10,27,2,48,0,0,41,0,41,9,10,68,2,89,12,8,20,109
03/17/2018,TYR,TX,ASW,CE,Federal Contract Tower,7,12,25,0,44,0,1,19,0,20,7,13,44,0,64,12,0,12,76
03/18/2018,TYR,TX,ASW,CE,Federal Contract Tower,8,6,16,0,30,0,0,14,0,14,8,6,30,0,44,10,0,10,54
03/19/2018,TYR,TX,ASW,CE,Federal Contract Tower,8,7,30,0,45,0,4,28,0,32,8,11,58,0,77,0,0,0,77
03/21/2018,TYR,TX,ASW,CE,Federal Contract Tower,7,11,23,0,41,0,3,73,2,78,7,14,96,2,119,40,0,40,159
03/22/2018,TYR,TX,ASW,CE,Federal Contract Tower,7,8,39,0,54,0,3,50,0,53,7,11,89,0,107,34,0,34,141
03/23/2018,TYR,TX,ASW,CE,Federal Contract Tower,8,10,31,0,49,0,4,34,0,38,8,14,65,0,87,20,0,20,107
03/24/2018,TYR,TX,ASW,CE,Federal Contract Tower,6,14,19,0,39,0,1,23,0,24,6,15,42,0,63,10,0,10,73
03/25/2018,TYR,TX,ASW,CE,Federal Contract Tower,8,6,23,0,37,0,4,7,0,11,8,10,30,0,48,6,0,6,54
03/26/2018,TYR,TX,ASW,CE,Federal Contract Tower,7,6,27,3,43,0,7,16,1,24,7,13,43,4,67,2,0,2,69
03/27/2018,TYR,TX,ASW,CE,Federal Contract Tower,2,3,25,0,30,0,2,6,0,8,2,5,31,0,38,0,0,0,38
03/28/2018,TYR,TX,ASW,CE,Federal Contract Tower,7,6,20,0,33,0,0,0,0,0,7,6,20,0,33,0,0,0,33
03/29/2018,TYR,TX,ASW,CE,Federal Contract Tower,7,7,37,0,51,0,3,20,0,23,7,10,57,0,74,4,0,4,78
03/30/2018,TYR,TX,ASW,CE,Federal Contract Tower,8,9,32,0,49,0,0,92,2,94,8,9,124,2,143,6,0,6,149
03/31/2018,TYR,TX,ASW,CE,Federal Contract Tower,6,3,13,0,22,0,0,54,0,54,6,3,67,0,76,8,0,8,84
04/01/2018,TYR,TX,ASW,CE,Federal Contract Tower,9,1,23,2,35,0,1,12,0,13,9,2,35,2,48,20,4,24,72
04/02/2018,TYR,TX,ASW,CE,Federal Contract Tower,7,6,39,0,52,0,2,5,0,7,7,8,44,0,59,10,0,10,69
04/03/2018,TYR,TX,ASW,CE,Federal Contract Tower,7,7,15,0,29,0,2,10,0,12,7,9,25,0,41,0,0,0,41
04/04/2018,TYR,TX,ASW,CE,Federal Contract Tower,8,9,18,0,35,0,0,65,0,65,8,9,83,0,100,4,0,4,104
04/05/2018,TYR,TX,ASW,CE,Federal Contract Tower,7,6,29,0,42,0,0,33,1,34,7,6,62,1,76,2,0,2,78
04/06/2018,TYR,TX,ASW,CE,Federal Contract Tower,6,6,25,0,37,0,0,6,0,6,6,6,31,0,43,12,0,12,55
04/07/2018,TYR,TX,ASW,CE,Federal Contract Tower,4,8,8,0,20,0,0,0,0,0,4,8,8,0,20,0,0,0,20
04/08/2018,TYR,TX,ASW,CE,Federal Contract Tower,5,2,40,0,47,0,7,36,0,43,5,9,76,0,90,6,0,6,96
04/09/2018,TYR,TX,ASW,CE,Federal Contract Tower,7,6,32,0,45,0,2,37,0,39,7,8,69,0,84,18,0,18,102
04/10/2018,TYR,TX,ASW,CE,Federal Contract Tower,7,6,24,0,37,0,13,77,2,92,7,19,101,2,129,28,0,28,157
04/11/2018,TYR,TX,ASW,CE,Federal Contract Tower,7,7,22,0,36,0,2,66,0,68,7,9,88,0,104,2,0,2,106
04/12/2018,TYR,TX,ASW,CE,Federal Contract Tower,7,13,29,0,49,0,2,17,0,19,7,15,46,0,68,20,0,20,88
04/13/2018,TYR,TX,ASW,CE,Federal Contract Tower,5,7,12,0,24,0,0,2,0,2,5,7,14,0,26,2,0,2,28
04/14/2018,TYR,TX,ASW,CE,Federal Contract Tower,5,4,1,0,10,0,5,21,0,26,5,9,22,0,36,8,0,8,44
04/15/2018,TYR,TX,ASW,CE,Federal Contract Tower,5,1,17,0,23,0,0,35,0,35,5,1,52,0,58,0,0,0,58
04/16/2018,TYR,TX,ASW,CE,Federal Contract Tower,7,6,25,2,40,0,8,79,0,87,7,14,104,2,127,78,0,78,205
04/17/2018,TYR,TX,ASW,CE,Federal Contract Tower,7,5,25,0,37,0,2,28,0,30,7,7,53,0,67,6,0,6,73
04/18/2018,TYR,TX,ASW,CE,Federal Contract Tower,7,7,33,0,47,0,2,44,0,46,7,9,77,0,93,4,0,4,97
04/19/2018,TYR,TX,ASW,CE,Federal Contract Tower,7,11,26,0,44,0,9,61,0,70,7,20,87,0,114,20,0,20,134
04/20/2018,TYR,TX,ASW,CE,Federal Contract Tower,7,5,20,0,32,0,4,68,0,72,7,9,88,0,104,40,0,40,144
04/21/2018,TYR,TX,ASW,CE,Federal Contract Tower,6,3,8,0,17,0,0,13,0,13,6,3,21,0,30,0,0,0,30
04/22/2018,TYR,TX,ASW,CE,Federal Contract Tower,5,6,24,0,35,0,4,21,4,29,5,10,45,4,64,0,6,6,70
04/23/2018,TYR,TX,ASW,CE,Federal Contract Tower,7,5,29,0,41,0,4,34,0,38,7,9,63,0,79,42,0,42,121
04/24/2018,TYR,TX,ASW,CE,Federal Contract Tower,7,3,25,0,35,0,7,75,0,82,7,10,100,0,117,26,0,26,143
04/25/2018,TYR,TX,ASW,CE,Federal Contract Tower,7,8,24,0,39,0,1,24,0,25,7,9,48,0,64,18,0,18,82
04/26/2018,TYR,TX,ASW,CE,Federal Contract Tower,7,10,16,0,33,0,0,69,0,69,7,10,85,0,102,10,0,10,112
04/27/2018,TYR,TX,ASW,CE,Federal Contract Tower,7,5,43,0,55,0,2,66,0,68,7,7,109,0,123,14,0,14,137
04/28/2018,TYR,TX,ASW,CE,Federal Contract Tower,4,6,9,1,20,0,1,75,2,78,4,7,84,3,98,36,10,46,144
04/29/2018,TYR,TX,ASW,CE,Federal Contract Tower,5,1,17,0,23,0,2,48,0,50,5,3,65,0,73,56,0,56,129
04/30/2018,TYR,TX,ASW,CE,Federal Contract Tower,8,7,46,0,61,0,10,25,0,35,8,17,71,0,96,28,0,28,124
05/01/2018,TYR,TX,ASW,CE,Federal Contract Tower,7,12,29,2,50,0,3,25,2,30,7,15,54,4,80,20,0,20,100
05/02/2018,TYR,TX,ASW,CE,Federal Contract Tower,7,4,22,2,35,0,4,13,0,17,7,8,35,2,52,14,0,14,66
05/03/2018,TYR,TX,ASW,CE,Federal Contract Tower,5,7,22,0,34,0,0,6,0,6,5,7,28,0,40,0,0,0,40
05/04/2018,TYR,TX,ASW,CE,Federal Contract Tower,5,6,23,0,34,0,0,3,0,3,5,6,26,0,37,0,0,0,37
05/05/2018,TYR,TX,ASW,CE,Federal Contract Tower,6,2,20,0,28,0,3,215,0,218,6,5,235,0,246,22,0,22,268
05/06/2018,TYR,TX,ASW,CE,Federal Contract Tower,5,0,31,0,36,0,6,56,0,62,5,6,87,0,98,44,0,44,142
05/07/2018,TYR,TX,ASW,CE,Federal Contract Tower,8,7,20,0,35,0,0,53,0,53,8,7,73,0,88,16,0,16,104
05/08/2018,TYR,TX,ASW,CE,Federal Contract Tower,6,11,26,0,43,0,10,39,0,49,6,21,65,0,92,18,0,18,110
05/09/2018,TYR,TX,ASW,CE,Federal Contract Tower,6,9,46,0,61,0,1,84,0,85,6,10,130,0,146,74,0,74,220
05/10/2018,TYR,TX,ASW,CE,Federal Contract Tower,7,9,30,0,46,0,10,65,0,75,7,19,95,0,121,34,0,34,155
05/11/2018,TYR,TX,ASW,CE,Federal Contract Tower,8,6,50,2,66,0,1,38,0,39,8,7,88,2,105,14,12,26,131
05/12/2018,TYR,TX,ASW,CE,Federal Contract Tower,8,19,20,0,47,0,1,30,0,31,8,20,50,0,78,18,0,18,96
05/13/2018,TYR,TX,ASW,CE,Federal Contract Tower,5,2,30,0,37,0,4,52,0,56,5,6,82,0,93,24,0,24,117
05/14/2018,TYR,TX,ASW,CE,Federal Contract Tower,7,6,32,6,51,0,7,22,0,29,7,13,54,6,80,10,16,26,106
05/15/2018,TYR,TX,ASW,CE,Federal Contract Tower,5,5,40,0,50,0,5,35,0,40,5,10,75,0,90,4,0,4,94
05/16/2018,TYR,TX,ASW,CE,Federal Contract Tower,6,3,26,0,35,0,0,72,0,72,6,3,98,0,107,46,0,46,153
05/17/2018,TYR,TX,ASW,CE,Federal Contract Tower,7,4,18,0,29,0,0,58,0,58,7,4,76,0,87,2,0,2,89
05/18/2018,TYR,TX,ASW,CE,Federal Contract Tower,8,10,23,0,41,0,2,55,0,57,8,12,78,0,98,14,0,14,112
05/19/2018,TYR,TX,ASW,CE,Federal Contract Tower,7,5,22,0,34,0,0,34,2,36,7,5,56,2,70,66,0,66,136
05/20/2018,TYR,TX,ASW,CE,Federal Contract Tower,7,1,11,0,19,0,0,12,0,12,7,1,23,0,31,8,0,8,39
05/21/2018,TYR,TX,ASW,CE,Federal Contract Tower,8,10,21,0,39,0,9,49,0,58,8,19,70,0,97,10,0,10,107
05/22/2018,TYR,TX,ASW,CE,Federal Contract Tower,9,10,31,0,50,0,0,34,0,34,9,10,65,0,84,6,0,6,90
05/23/2018,TYR,TX,ASW,CE,Federal Contract Tower,7,11,18,0,36,0,2,54,0,56,7,13,72,0,92,18,0,18,110
05/24/2018,TYR,TX,ASW,CE,Federal Contract Tower,6,7,30,0,43,0,0,69,0,69,6,7,99,0,112,12,0,12,124
05/25/2018,TYR,TX,ASW,CE,Federal Contract Tower,5,7,27,0,39,0,2,66,0,68,5,9,93,0,107,52,0,52,159
05/26/2018,TYR,TX,ASW,CE,Federal Contract Tower,6,2,17,0,25,0,0,46,0,46,6,2,63,0,71,2,0,2,73
05/27/2018,TYR,TX,ASW,CE,Federal Contract Tower,6,2,5,0,13,0,4,48,0,52,6,6,53,0,65,18,0,18,83
05/28/2018,TYR,TX,ASW,CE,Federal Contract Tower,8,3,21,0,32,0,7,44,0,51,8,10,65,0,83,10,0,10,93
05/29/2018,TYR,TX,ASW,CE,Federal Contract Tower,7,11,36,0,54,0,5,0,0,5,7,16,36,0,59,10,0,10,69
05/30/2018,TYR,TX,ASW,CE,Federal Contract Tower,6,10,35,0,51,0,0,58,1,59,6,10,93,1,110,32,0,32,142
05/31/2018,TYR,TX,ASW,CE,Federal Contract Tower,7,7,22,0,36,0,5,27,0,32,7,12,49,0,68,2,0,2,70
06/01/2018,TYR,TX,ASW,CE,Federal Contract Tower,8,6,18,0,32,0,0,47,0,47,8,6,65,0,79,6,0,6,85
06/02/2018,TYR,TX,ASW,CE,Federal Contract Tower,7,5,18,0,30,0,0,29,1,30,7,5,47,1,60,0,0,0,60
06/03/2018,TYR,TX,ASW,CE,Federal Contract Tower,6,1,18,0,25,0,2,42,1,45,6,3,60,1,70,6,0,6,76
06/04/2018,TYR,TX,ASW,CE,Federal Contract Tower,7,6,18,0,31,0,1,37,0,38,7,7,55,0,69,26,0,26,95
06/05/2018,TYR,TX,ASW,CE,Federal Contract Tower,8,6,9,0,23,0,0,0,0,0,8,6,9,0,23,6,0,6,29
06/06/2018,TYR,TX,ASW,CE,Federal Contract Tower,8,12,26,0,46,0,4,45,0,49,8,16,71,0,95,0,0,0,95
06/07/2018,TYR,TX,ASW,CE,Federal Contract Tower,5,10,30,0,45,0,3,53,0,56,5,13,83,0,101,24,0,24,125
06/08/2018,TYR,TX,ASW,CE,Federal Contract Tower,9,12,11,0,32,0,0,86,0,86,9,12,97,0,118,62,0,62,180
06/09/2018,TYR,TX,ASW,CE,Federal Contract Tower,7,8,15,0,30,0,0,67,0,67,7,8,82,0,97,16,0,16,113
06/10/2018,TYR,TX,ASW,CE,Federal Contract Tower,5,0,18,0,23,0,0,26,0,26,5,0,44,0,49,0,0,0,49
06/11/2018,TYR,TX,ASW,CE,Federal Contract Tower,7,8,20,0,35,0,8,44,0,52,7,16,64,0,87,44,0,44,131
06/12/2018,TYR,TX,ASW,CE,Federal Contract Tower,7,16,23,0,46,0,3,19,0,22,7,19,42,0,68,22,0,22,90
06/13/2018,TYR,TX,ASW,CE,Federal Contract Tower,7,8,25,1,41,0,4,24,3,31,7,12,49,4,72,38,0,38,110
06/14/2018,TYR,TX,ASW,CE,Federal Contract Tower,7,10,29,0,46,0,5,63,0,68,7,15,92,0,114,0,0,0,114
06/15/2018,TYR,TX,ASW,CE,Federal Contract Tower,8,7,25,0,40,0,2,33,0,35,8,9,58,0,75,0,0,0,75
06/16/2018,TYR,TX,ASW,CE,Federal Contract Tower,7,4,23,0,34,0,1,41,0,42,7,5,64,0,76,0,0,0,76
06/17/2018,TYR,TX,ASW,CE,Federal Contract Tower,6,5,13,0,24,0,0,15,0,15,6,5,28,0,39,14,0,14,53
06/18/2018,TYR,TX,ASW,CE,Federal Contract Tower,7,2,13,0,22,0,7,9,0,16,7,9,22,0,38,20,0,20,58
06/19/2018,TYR,TX,ASW,CE,Federal Contract Tower,7,4,11,0,22,0,3,8,0,11,7,7,19,0,33,22,0,22,55
06/20/2018,TYR,TX,ASW,CE,Federal Contract Tower,7,4,8,0,19,0,1,9,0,10,7,5,17,0,29,0,0,0,29
06/21/2018,TYR,TX,ASW,CE,Federal Contract Tower,7,12,38,0,57,0,1,16,0,17,7,13,54,0,74,4,0,4,78
06/22/2018,TYR,TX,ASW,CE,Federal Contract Tower,7,3,27,1,38,0,5,44,2,51,7,8,71,3,89,22,0,22,111
06/23/2018,TYR,TX,ASW,CE,Federal Contract Tower,7,4,14,0,25,0,1,66,0,67,7,5,80,0,92,22,0,22,114
06/24/2018,TYR,TX,ASW,CE,Federal Contract Tower,5,2,19,0,26,0,5,38,2,45,5,7,57,2,71,18,0,18,89
06/25/2018,TYR,TX,ASW,CE,Federal Contract Tower,5,7,33,0,45,0,12,47,0,59,5,19,80,0,104,16,0,16,120
06/26/2018,TYR,TX,ASW,CE,Federal Contract Tower,8,9,41,5,63,0,8,56,0,64,8,17,97,5,127,54,0,54,181
06/27/2018,TYR,TX,ASW,CE,Federal Contract Tower,7,4,18,0,29,0,1,61,0,62,7,5,79,0,91,42,0,42,133
06/28/2018,TYR,TX,ASW,CE,Federal Contract Tower,7,8,32,0,47,0,3,64,0,67,7,11,96,0,114,20,0,20,134
06/29/2018,TYR,TX,ASW,CE,Federal Contract Tower,7,4,27,0,38,0,1,62,0,63,7,5,89,0,101,22,0,22,123
06/30/2018,TYR,TX,ASW,CE,Federal Contract Tower,7,7,13,0,27,0,2,42,0,44,7,9,55,0,71,6,0,6,77
07/01/2018,TYR,TX,ASW,CE,Federal Contract Tower,3,3,24,0,30,0,17,31,0,48,3,20,55,0,78,8,0,8,86
07/02/2018,TYR,TX,ASW,CE,Federal Contract Tower,7,8,11,0,26,0,7,53,0,60,7,15,64,0,86,26,0,26,112
07/03/2018,TYR,TX,ASW,CE,Federal Contract Tower,6,7,17,0,30,0,9,49,0,58,6,16,66,0,88,34,0,34,122
07/04/2018,TYR,TX,ASW,CE,Federal Contract Tower,4,4,12,0,20,0,0,10,0,10,4,4,22,0,30,0,0,0,30
07/05/2018,TYR,TX,ASW,CE,Federal Contract Tower,3,8,17,0,28,0,1,35,0,36,3,9,52,0,64,72,0,72,136
07/06/2018,TYR,TX,ASW,CE,Federal Contract Tower,7,4,22,0,33,0,1,36,0,37,7,5,58,0,70,12,0,12,82
07/07/2018,TYR,TX,ASW,CE,Federal Contract Tower,7,6,7,0,20,0,0,42,0,42,7,6,49,0,62,0,0,0,62
07/08/2018,TYR,TX,ASW,CE,Federal Contract Tower,5,7,23,0,35,0,0,28,0,28,5,7,51,0,63,16,0,16,79
07/09/2018,TYR,TX,ASW,CE,Federal Contract Tower,5,5,26,0,36,0,0,3,0,3,5,5,29,0,39,0,0,0,39
07/10/2018,TYR,TX,ASW,CE,Federal Contract Tower,5,8,28,0,41,0,2,15,0,17,5,10,43,0,58,4,0,4,62
07/11/2018,TYR,TX,ASW,CE,Federal Contract Tower,7,9,23,0,39,0,3,51,0,54,7,12,74,0,93,20,0,20,113
07/12/2018,TYR,TX,ASW,CE,Federal Contract Tower,5,4,18,0,27,0,4,43,4,51,5,8,61,4,78,2,0,2,80
07/13/2018,TYR,TX,ASW,CE,Federal Contract Tower,6,12,29,0,47,0,7,59,0,66,6,19,88,0,113,32,0,32,145
07/14/2018,TYR,TX,ASW,CE,Federal Contract Tower,5,4,20,0,29,0,3,68,0,71,5,7,88,0,100,12,0,12,112
07/15/2018,TYR,TX,ASW,CE,Federal Contract Tower,6,3,18,0,27,0,11,54,0,65,6,14,72,0,92,24,0,24,116
07/16/2018,TYR,TX,ASW,CE,Federal Contract Tower,7,4,24,0,35,0,6,58,0,64,7,10,82,0,99,28,0,28,127
07/17/2018,TYR,TX,ASW,CE,Federal Contract Tower,7,8,27,0,42,0,9,56,0,65,7,17,83,0,107,16,0,16,123
07/18/2018,TYR,TX,ASW,CE,Federal Contract Tower,7,9,18,0,34,0,20,65,2,87,7,29,83,2,121,14,0,14,135
07/19/2018,TYR,TX,ASW,CE,Federal Contract Tower,5,5,10,0,20,0,6,49,0,55,5,11,59,0,75,20,0,20,95
07/20/2018,TYR,TX,ASW,CE,Federal Contract Tower,7,6,17,0,30,0,17,55,0,72,7,23,72,0,102,8,0,8,110
07/21/2018,TYR,TX,ASW,CE,Federal Contract Tower,7,4,14,0,25,0,2,39,0,41,7,6,53,0,66,6,0,6,72
07/22/2018,TYR,TX,ASW,CE,Federal Contract Tower,5,2,14,0,21,0,11,36,0,47,5,13,50,0,68,8,0,8,76
07/23/2018,TYR,TX,ASW,CE,Federal Contract Tower,7,2,27,0,36,0,6,51,3,60,7,8,78,3,96,20,0,20,116
07/24/2018,TYR,TX,ASW,CE,Federal Contract Tower,6,9,16,0,31,0,1,44,1,46,6,10,60,1,77,18,0,18,95
07/25/2018,TYR,TX,ASW,CE,Federal Contract Tower,9,10,22,0,41,0,6,52,0,58,9,16,74,0,99,62,0,62,161
07/26/2018,TYR,TX,ASW,CE,Federal Contract Tower,7,13,25,0,45,0,2,50,0,52,7,15,75,0,97,10,0,10,107
07/27/2018,TYR,TX,ASW,CE,Federal Contract Tower,6,7,13,0,26,0,9,47,0,56,6,16,60,0,82,16,0,16,98
07/28/2018,TYR,TX,ASW,CE,Federal Contract Tower,7,3,9,0,19,0,2,37,2,41,7,5,46,2,60,2,4,6,66
07/29/2018,TYR,TX,ASW,CE,Federal Contract Tower,5,2,11,0,18,0,0,43,0,43,5,2,54,0,61,14,0,14,75
07/30/2018,TYR,TX,ASW,CE,Federal Contract Tower,7,7,21,0,35,0,7,20,0,27,7,14,41,0,62,6,0,6,68
07/31/2018,TYR,TX,ASW,CE,Federal Contract Tower,7,10,18,0,35,0,10,49,0,59,7,20,67,0,94,36,0,36,130
08/01/2018,TYR,TX,ASW,CE,Federal Contract Tower,7,5,18,0,30,0,4,87,3,94,7,9,105,3,124,42,2,44,168
08/02/2018,TYR,TX,ASW,CE,Federal Contract Tower,6,5,28,0,39,0,14,78,0,92,6,19,106,0,131,18,0,18,149
08/03/2018,TYR,TX,ASW,CE,Federal Contract Tower,6,3,30,0,39,0,2,53,1,56,6,5,83,1,95,24,0,24,119
08/04/2018,TYR,TX,ASW,CE,Federal Contract Tower,7,3,7,0,17,0,3,68,0,71,7,6,75,0,88,8,0,8,96
08/05/2018,TYR,TX,ASW,CE,Federal Contract Tower,5,0,16,0,21,0,10,49,0,59,5,10,65,0,80,12,0,12,92
08/06/2018,TYR,TX,ASW,CE,Federal Contract Tower,7,5,22,0,34,0,5,42,2,49,7,10,64,2,83,10,0,10,93
08/07/2018,TYR,TX,ASW,CE,Federal Contract Tower,7,7,21,0,35,0,1,45,2,48,7,8,66,2,83,18,0,18,101
08/08/2018,TYR,TX,ASW,CE,Federal Contract Tower,7,9,21,0,37,0,12,36,1,49,7,21,57,1,86,10,0,10,96
08/09/2018,TYR,TX,ASW,CE,Federal Contract Tower,7,17,20,0,44,0,10,41,0,51,7,27,61,0,95,56,0,56,151
08/10/2018,TYR,TX,ASW,CE,Federal Contract Tower,7,5,16,0,28,0,1,22,0,23,7,6,38,0,51,24,0,24,75
08/11/2018,TYR,TX,ASW,CE,Federal Contract Tower,7,12,13,0,32,0,0,9,0,9,7,12,22,0,41,12,0,12,53
08/12/2018,TYR,TX,ASW,CE,Federal Contract Tower,4,3,7,0,14,0,0,2,0,2,4,3,9,0,16,0,0,0,16
08/13/2018,TYR,TX,ASW,CE,Federal Contract Tower,6,7,10,0,23,0,9,10,0,19,6,16,20,0,42,18,0,18,60
08/14/2018,TYR,TX,ASW,CE,Federal Contract Tower,7,5,25,0,37,0,8,33,0,41,7,13,58,0,78,24,0,24,102
08/15/2018,TYR,TX,ASW,CE,Federal Contract Tower,7,8,18,0,33,0,2,34,4,40,7,10,52,4,73,18,0,18,91
08/16/2018,TYR,TX,ASW,CE,Federal Contract Tower,7,6,18,0,31,0,6,56,1,63,7,12,74,1,94,14,0,14,108
08/17/2018,TYR,TX,ASW,CE,Federal Contract Tower,7,3,22,0,32,0,7,52,0,59,7,10,74,0,91,6,0,6,97
08/18/2018,TYR,TX,ASW,CE,Federal Contract Tower,7,5,20,2,34,0,2,69,0,71,7,7,89,2,105,16,2,18,123
08/19/2018,TYR,TX,ASW,CE,Federal Contract Tower,5,9,17,0,31,0,5,50,0,55,5,14,67,0,86,14,0,14,100
08/20/2018,TYR,TX,ASW,CE,Federal Contract Tower,7,5,14,0,26,0,9,52,0,61,7,14,66,0,87,20,0,20,107
08/21/2018,TYR,TX,ASW,CE,Federal Contract Tower,7,7,18,0,32,0,1,66,0,67,7,8,84,0,99,46,0,46,145
08/22/2018,TYR,TX,ASW,CE,Federal Contract Tower,6,4,19,0,29,0,8,73,0,81,6,12,92,0,110,10,0,10,120
08/23/2018,TYR,TX,ASW,CE,Federal Contract Tower,7,3,16,0,26,0,6,50,0,56,7,9,66,0,82,24,0,24,106
08/24/2018,TYR,TX,ASW,CE,Federal Contract Tower,6,2,22,0,30,0,5,59,0,64,6,7,81,0,94,12,0,12,106
08/25/2018,TYR,TX,ASW,CE,Federal Contract Tower,7,1,15,0,23,0,4,54,0,58,7,5,69,0,81,20,0,20,101
08/26/2018,TYR,TX,ASW,CE,Federal Contract Tower,6,2,14,0,22,0,6,66,0,72,6,8,80,0,94,30,0,30,124
08/27/2018,TYR,TX,ASW,CE,Federal Contract Tower,7,4,12,1,24,0,13,49,1,63,7,17,61,2,87,4,0,4,91
08/28/2018,TYR,TX,ASW,CE,Federal Contract Tower,7,6,19,0,32,0,1,35,2,38,7,7,54,2,70,20,0,20,90
08/29/2018,TYR,TX,ASW,CE,Federal Contract Tower,7,7,20,0,34,0,12,13,0,25,7,19,33,0,59,0,0,0,59
08/30/2018,TYR,TX,ASW,CE,Federal Contract Tower,7,9,21,0,37,0,8,48,0,56,7,17,69,0,93,64,0,64,157
08/31/2018,TYR,TX,ASW,CE,Federal Contract Tower,7,5,24,0,36,0,3,39,0,42,7,8,63,0,78,4,0,4,82
09/01/2018,TYR,TX,ASW,CE,Federal Contract Tower,6,6,14,0,26,0,0,31,0,31,6,6,45,0,57,0,0,0,57
09/02/2018,TYR,TX,ASW,CE,Federal Contract Tower,5,0,9,0,14,0,0,9,0,9,5,0,18,0,23,0,0,0,23
09/03/2018,TYR,TX,ASW,CE,Federal Contract Tower,7,9,12,0,28,0,0,2,0,2,7,9,14,0,30,0,0,0,30
09/04/2018,TYR,TX,ASW,CE,Federal Contract Tower,7,5,27,0,39,0,2,8,0,10,7,7,35,0,49,6,0,6,55
09/05/2018,TYR,TX,ASW,CE,Federal Contract Tower,7,8,18,0,33,0,9,59,0,68,7,17,77,0,101,48,0,48,149
09/06/2018,TYR,TX,ASW,CE,Federal Contract Tower,7,8,31,0,46,0,2,31,0,33,7,10,62,0,79,22,0,22,101
09/07/2018,TYR,TX,ASW,CE,Federal Contract Tower,7,5,12,0,24,0,4,20,0,24,7,9,32,0,48,0,0,0,48
09/08/2018,TYR,TX,ASW,CE,Federal Contract Tower,7,6,11,0,24,0,0,0,2,2,7,6,11,2,26,0,0,0,26
09/09/2018,TYR,TX,ASW,CE,Federal Contract Tower,6,1,26,0,33,0,1,13,0,14,6,2,39,0,47,0,0,0,47
09/10/2018,TYR,TX,ASW,CE,Federal Contract Tower,11,13,27,0,51,0,0,1,0,1,11,13,28,0,52,0,0,0,52
09/11/2018,TYR,TX,ASW,CE,Federal Contract Tower,6,6,18,0,30,0,2,5,0,7,6,8,23,0,37,6,0,6,43
09/12/2018,TYR,TX,ASW,CE,Federal Contract Tower,7,6,26,0,39,0,0,16,1,17,7,6,42,1,56,16,0,16,72
09/13/2018,TYR,TX,ASW,CE,Federal Contract Tower,7,5,33,0,45,0,0,37,4,41,7,5,70,4,86,18,0,18,104
09/14/2018,TYR,TX,ASW,CE,Federal Contract Tower,9,8,28,0,45,0,3,42,0,45,9,11,70,0,90,24,0,24,114
09/15/2018,TYR,TX,ASW,CE,Federal Contract Tower,7,2,13,0,22,0,4,48,0,52,7,6,61,0,74,52,0,52,126
09/16/2018,TYR,TX,ASW,CE,Federal Contract Tower,7,1,16,0,24,0,7,47,0,54,7,8,63,0,78,0,0,0,78
09/17/2018,TYR,TX,ASW,CE,Federal Contract Tower,9,4,27,1,41,0,3,47,1,51,9,7,74,2,92,18,0,18,110
09/18/2018,TYR,TX,ASW,CE,Federal Contract Tower,7,15,24,1,47,0,20,62,1,83,7,35,86,2,130,64,0,64,194
09/19/2018,TYR,TX,ASW,CE,Federal Contract Tower,7,6,28,0,41,0,6,58,0,64,7,12,86,0,105,4,0,4,109
09/20/2018,TYR,TX,ASW,CE,Federal Contract Tower,8,5,17,0,30,0,3,59,0,62,8,8,76,0,92,46,0,46,138
09/21/2018,TYR,TX,ASW,CE,Federal Contract Tower,8,6,26,0,40,0,0,13,0,13,8,6,39,0,53,2,0,2,55
09/22/2018,TYR,TX,ASW,CE,Federal Contract Tower,6,5,5,0,16,0,0,0,0,0,6,5,5,0,16,0,0,0,16
09/23/2018,TYR,TX,ASW,CE,Federal Contract Tower,7,4,24,0,35,0,2,1,0,3,7,6,25,0,38,0,0,0,38
09/24/2018,TYR,TX,ASW,CE,Federal Contract Tower,9,8,21,0,38,0,4,3,0,7,9,12,24,0,45,0,0,0,45
09/25/2018,TYR,TX,ASW,CE,Federal Contract Tower,7,7,25,2,41,0,2,19,0,21,7,9,44,2,62,0,0,0,62
09/26/2018,TYR,TX,ASW,CE,Federal Contract Tower,7,6,29,0,42,0,0,7,0,7,7,6,36,0,49,0,0,0,49
09/27/2018,TYR,TX,ASW,CE,Federal Contract Tower,9,11,29,1,50,0,0,14,0,14,9,11,43,1,64,12,0,12,76
09/28/2018,TYR,TX,ASW,CE,Federal Contract Tower,9,9,35,0,53,0,1,25,0,26,9,10,60,0,79,0,0,0,79
09/29/2018,TYR,TX,ASW,CE,Federal Contract Tower,7,3,13,0,23,0,0,8,0,8,7,3,21,0,31,0,0,0,31
09/30/2018,TYR,TX,ASW,CE,Federal Contract Tower,7,5,25,0,37,0,0,6,0,6,7,5,31,0,43,0,0,0,43
10/01/2018,TYR,TX,ASW,CE,Federal Contract Tower,9,13,28,1,51,0,3,20,2,25,9,16,48,3,76,36,0,36,112
10/02/2018,TYR,TX,ASW,CE,Federal Contract Tower,5,5,24,6,40,0,2,59,2,63,5,7,83,8,103,8,0,8,111
10/03/2018,TYR,TX,ASW,CE,Federal Contract Tower,7,7,25,0,39,0,3,54,0,57,7,10,79,0,96,6,0,6,102
10/04/2018,TYR,TX,ASW,CE,Federal Contract Tower,9,8,41,1,59,0,4,51,0,55,9,12,92,1,114,24,0,24,138
10/05/2018,TYR,TX,ASW,CE,Federal Contract Tower,9,10,41,0,60,0,1,41,0,42,9,11,82,0,102,8,0,8,110
10/06/2018,TYR,TX,ASW,CE,Federal Contract Tower,6,5,31,0,42,0,3,23,0,26,6,8,54,0,68,20,0,20,88
10/07/2018,TYR,TX,ASW,CE,Federal Contract Tower,6,4,31,0,41,0,0,27,0,27,6,4,58,0,68,38,0,38,106
10/08/2018,TYR,TX,ASW,CE,Federal Contract Tower,11,5,28,0,44,0,9,20,0,29,11,14,48,0,73,0,0,0,73
10/09/2018,TYR,TX,ASW,CE,Federal Contract Tower,3,9,16,0,28,0,1,1,0,2,3,10,17,0,30,0,0,0,30
10/10/2018,TYR,TX,ASW,CE,Federal Contract Tower,6,13,19,0,38,0,11,49,0,60,6,24,68,0,98,46,0,46,144
10/11/2018,TYR,TX,ASW,CE,Federal Contract Tower,9,6,30,0,45,0,1,65,0,66,9,7,95,0,111,40,0,40,151
10/12/2018,TYR,TX,ASW,CE,Federal Contract Tower,8,11,36,0,55,0,6,46,0,52,8,17,82,0,107,16,0,16,123
10/13/2018,TYR,TX,ASW,CE,Federal Contract Tower,2,9,12,0,23,0,0,0,0,0,2,9,12,0,23,0,0,0,23
10/14/2018,TYR,TX,ASW,CE,Federal Contract Tower,7,3,17,0,27,0,0,19,0,19,7,3,36,0,46,6,0,6,52
10/15/2018,TYR,TX,ASW,CE,Federal Contract Tower,8,4,1,0,13,0,0,0,0,0,8,4,1,0,13,0,0,0,13
10/16/2018,TYR,TX,ASW,CE,Federal Contract Tower,6,12,22,0,40,0,0,0,0,0,6,12,22,0,40,0,0,0,40
10/17/2018,TYR,TX,ASW,CE,Federal Contract Tower,7,10,34,0,51,0,1,2,0,3,7,11,36,0,54,0,0,0,54
10/18/2018,TYR,TX,ASW,CE,Federal Contract Tower,9,4,38,0,51,0,6,35,0,41,9,10,73,0,92,26,0,26,118
10/19/2018,TYR,TX,ASW,CE,Federal Contract Tower,9,13,18,0,40,0,0,4,0,4,9,13,22,0,44,0,0,0,44
10/20/2018,TYR,TX,ASW,CE,Federal Contract Tower,7,9,13,0,29,0,0,22,0,22,7,9,35,0,51,12,0,12,63
10/21/2018,TYR,TX,ASW,CE,Federal Contract Tower,6,10,34,0,50,0,2,65,0,67,6,12,99,0,117,20,0,20,137
10/22/2018,TYR,TX,ASW,CE,Federal Contract Tower,9,6,16,0,31,0,9,72,4,85,9,15,88,4,116,66,0,66,182
10/23/2018,TYR,TX,ASW,CE,Federal Contract Tower,7,5,23,0,35,0,6,61,4,71,7,11,84,4,106,22,0,22,128
10/24/2018,TYR,TX,ASW,CE,Federal Contract Tower,7,8,22,0,37,0,2,0,0,2,7,10,22,0,39,14,0,14,53
10/25/2018,TYR,TX,ASW,CE,Federal Contract Tower,14,9,27,0,50,0,0,4,0,4,14,9,31,0,54,0,0,0,54
10/26/2018,TYR,TX,ASW,CE,Federal Contract Tower,9,10,31,0,50,0,4,64,0,68,9,14,95,0,118,18,0,18,136
10/27/2018,TYR,TX,ASW,CE,Federal Contract Tower,6,5,7,0,18,0,9,67,0,76,6,14,74,0,94,16,0,16,110
10/29/2018,TYR,TX,ASW,CE,Federal Contract Tower,9,4,21,0,34,0,12,53,0,65,9,16,74,0,99,36,0,36,135
10/30/2018,TYR,TX,ASW,CE,Federal Contract Tower,7,5,31,0,43,0,3,39,2,44,7,8,70,2,87,24,0,24,111
10/31/2018,TYR,TX,ASW,CE,Federal Contract Tower,4,5,8,0,17,0,0,4,0,4,4,5,12,0,21,0,0,0,21
11/01/2018,TYR,TX,ASW,CE,Federal Contract Tower,9,14,20,0,43,0,2,25,0,27,9,16,45,0,70,0,0,0,70
11/02/2018,TYR,TX,ASW,CE,Federal Contract Tower,8,5,17,0,30,0,7,64,0,71,8,12,81,0,101,44,0,44,145
11/03/2018,TYR,TX,ASW,CE,Federal Contract Tower,7,4,11,2,24,0,3,39,2,44,7,7,50,4,68,4,2,6,74
11/04/2018,TYR,TX,ASW,CE,Federal Contract Tower,8,8,24,0,40,0,0,35,2,37,8,8,59,2,77,4,0,4,81
11/05/2018,TYR,TX,ASW,CE,Federal Contract Tower,9,3,24,0,36,0,8,9,0,17,9,11,33,0,53,0,0,0,53
11/06/2018,TYR,TX,ASW,CE,Federal Contract Tower,6,12,25,0,43,0,9,44,0,53,6,21,69,0,96,20,0,20,116
11/07/2018,TYR,TX,ASW,CE,Federal Contract Tower,6,7,28,0,41,0,0,0,0,0,6,7,28,0,41,0,0,0,41
11/08/2018,TYR,TX,ASW,CE,Federal Contract Tower,10,7,33,0,50,0,0,0,0,0,10,7,33,0,50,0,0,0,50
11/09/2018,TYR,TX,ASW,CE,Federal Contract Tower,10,8,26,0,44,0,4,26,2,32,10,12,52,2,76,0,0,0,76
11/10/2018,TYR,TX,ASW,CE,Federal Contract Tower,9,6,19,0,34,0,0,76,0,76,9,6,95,0,110,30,0,30,140
11/11/2018,TYR,TX,ASW,CE,Federal Contract Tower,8,4,25,0,37,0,11,13,0,24,8,15,38,0,61,16,0,16,77
11/12/2018,TYR,TX,ASW,CE,Federal Contract Tower,6,7,14,0,27,0,1,0,0,1,6,8,14,0,28,0,0,0,28
11/13/2018,TYR,TX,ASW,CE,Federal Contract Tower,7,6,20,0,33,0,0,17,0,17,7,6,37,0,50,0,0,0,50
11/14/2018,TYR,TX,ASW,CE,Federal Contract Tower,7,7,27,0,41,0,9,51,0,60,7,16,78,0,101,6,0,6,107
11/15/2018,TYR,TX,ASW,CE,Federal Contract Tower,9,5,29,0,43,0,3,106,0,109,9,8,135,0,152,22,0,22,174
11/16/2018,TYR,TX,ASW,CE,Federal Contract Tower,8,8,30,0,46,0,24,89,2,115,8,32,119,2,161,4,0,4,165
11/17/2018,TYR,TX,ASW,CE,Federal Contract Tower,7,3,15,0,25,0,14,79,0,93,7,17,94,0,118,22,0,22,140
11/18/2018,TYR,TX,ASW,CE,Federal Contract Tower,7,1,30,0,38,0,10,20,0,30,7,11,50,0,68,0,0,0,68
11/19/2018,TYR,TX,ASW,CE,Federal Contract Tower,8,12,16,0,36,0,10,34,0,44,8,22,50,0,80,10,0,10,90
11/20/2018,TYR,TX,ASW,CE,Federal Contract Tower,9,12,42,0,63,0,8,82,2,92,9,20,124,2,155,24,0,24,179
11/21/2018,TYR,TX,ASW,CE,Federal Contract Tower,9,8,23,0,40,0,2,29,0,31,9,10,52,0,71,0,0,0,71
11/22/2018,TYR,TX,ASW,CE,Federal Contract Tower,4,6,1,0,11,0,8,14,0,22,4,14,15,0,33,0,0,0,33
11/23/2018,TYR,TX,ASW,CE,Federal Contract Tower,6,3,13,0,22,0,2,13,0,15,6,5,26,0,37,2,0,2,39
11/24/2018,TYR,TX,ASW,CE,Federal Contract Tower,8,5,15,0,28,0,0,48,1,49,8,5,63,1,77,8,0,8,85
11/25/2018,TYR,TX,ASW,CE,Federal Contract Tower,7,7,31,3,48,0,6,14,0,20,7,13,45,3,68,0,0,0,68
11/26/2018,TYR,TX,ASW,CE,Federal Contract Tower,9,5,19,0,33,0,6,50,0,56,9,11,69,0,89,30,0,30,119
11/27/2018,TYR,TX,ASW,CE,Federal Contract Tower,7,7,24,0,38,0,3,49,0,52,7,10,73,0,90,36,0,36,126
11/28/2018,TYR,TX,ASW,CE,Federal Contract Tower,7,7,20,0,34,0,8,43,0,51,7,15,63,0,85,0,0,0,85
11/29/2018,TYR,TX,ASW,CE,Federal Contract Tower,7,10,18,0,35,0,6,11,0,17,7,16,29,0,52,0,0,0,52
11/30/2018,TYR,TX,ASW,CE,Federal Contract Tower,8,8,19,2,37,0,2,2,0,4,8,10,21,2,41,0,0,0,41
12/01/2018,TYR,TX,ASW,CE,Federal Contract Tower,6,5,9,0,20,0,5,21,0,26,6,10,30,0,46,0,0,0,46
12/02/2018,TYR,TX,ASW,CE,Federal Contract Tower,7,0,11,0,18,0,6,66,0,72,7,6,77,0,90,14,0,14,104
12/03/2018,TYR,TX,ASW,CE,Federal Contract Tower,10,4,32,0,46,0,14,29,0,43,10,18,61,0,89,28,0,28,117
12/04/2018,TYR,TX,ASW,CE,Federal Contract Tower,7,12,25,9,53,0,2,54,0,56,7,14,79,9,109,34,6,40,149
12/05/2018,TYR,TX,ASW,CE,Federal Contract Tower,7,14,40,0,61,0,7,86,0,93,7,21,126,0,154,78,0,78,232
12/06/2018,TYR,TX,ASW,CE,Federal Contract Tower,9,8,24,0,41,0,2,17,0,19,9,10,41,0,60,24,0,24,84
12/07/2018,TYR,TX,ASW,CE,Federal Contract Tower,7,5,13,0,25,0,0,0,0,0,7,5,13,0,25,0,0,0,25
12/08/2018,TYR,TX,ASW,CE,Federal Contract Tower,6,7,9,0,22,0,0,0,0,0,6,7,9,0,22,0,0,0,22
12/09/2018,TYR,TX,ASW,CE,Federal Contract Tower,7,6,24,0,37,0,2,9,0,11,7,8,33,0,48,8,0,8,56
12/10/2018,TYR,TX,ASW,CE,Federal Contract Tower,8,6,23,0,37,0,14,74,0,88,8,20,97,0,125,92,0,92,217
12/11/2018,TYR,TX,ASW,CE,Federal Contract Tower,8,5,23,0,36,0,4,62,0,66,8,9,85,0,102,18,0,18,120
12/12/2018,TYR,TX,ASW,CE,Federal Contract Tower,7,8,32,0,47,0,13,14,0,27,7,21,46,0,74,30,0,30,104
12/13/2018,TYR,TX,ASW,CE,Federal Contract Tower,8,13,18,0,39,0,1,1,0,2,8,14,19,0,41,4,0,4,45
12/14/2018,TYR,TX,ASW,CE,Federal Contract Tower,8,9,23,0,40,0,0,1,0,1,8,9,24,0,41,0,0,0,41
12/15/2018,TYR,TX,ASW,CE,Federal Contract Tower,6,5,16,0,27,0,3,56,0,59,6,8,72,0,86,42,0,42,128
12/16/2018,TYR,TX,ASW,CE,Federal Contract Tower,7,1,17,0,25,0,10,84,0,94,7,11,101,0,119,36,0,36,155
12/17/2018,TYR,TX,ASW,CE,Federal Contract Tower,10,9,21,0,40,0,5,51,0,56,10,14,72,0,96,22,0,22,118
12/18/2018,TYR,TX,ASW,CE,Federal Contract Tower,5,11,26,0,42,0,8,30,0,38,5,19,56,0,80,0,0,0,80
12/19/2018,TYR,TX,ASW,CE,Federal Contract Tower,7,17,33,0,57,0,1,0,0,1,7,18,33,0,58,0,0,0,58
12/20/2018,TYR,TX,ASW,CE,Federal Contract Tower,7,9,20,0,36,0,11,35,0,46,7,20,55,0,82,2,0,2,84
12/21/2018,TYR,TX,ASW,CE,Federal Contract Tower,6,13,31,0,50,0,3,103,0,106,6,16,134,0,156,74,0,74,230
12/22/2018,TYR,TX,ASW,CE,Federal Contract Tower,7,7,17,0,31,0,10,45,0,55,7,17,62,0,86,8,0,8,94
12/23/2018,TYR,TX,ASW,CE,Federal Contract Tower,6,4,26,0,36,0,2,35,0,37,6,6,61,0,73,2,0,2,75
12/24/2018,TYR,TX,ASW,CE,Federal Contract Tower,6,6,15,0,27,0,9,43,0,52,6,15,58,0,79,14,0,14,93
12/25/2018,TYR,TX,ASW,CE,Federal Contract Tower,6,1,3,0,10,0,0,2,0,2,6,1,5,0,12,10,0,10,22
12/26/2018,TYR,TX,ASW,CE,Federal Contract Tower,5,6,16,0,27,0,1,7,0,8,5,7,23,0,35,0,0,0,35
12/27/2018,TYR,TX,ASW,CE,Federal Contract Tower,6,12,20,0,38,0,4,26,0,30,6,16,46,0,68,8,0,8,76
12/28/2018,TYR,TX,ASW,CE,Federal Contract Tower,7,11,29,0,47,0,5,47,0,52,7,16,76,0,99,18,0,18,117
12/29/2018,TYR,TX,ASW,CE,Federal Contract Tower,5,8,20,0,33,0,5,38,0,43,5,13,58,0,76,4,0,4,80
12/30/2018,TYR,TX,ASW,CE,Federal Contract Tower,6,2,21,0,29,0,2,0,0,2,6,4,21,0,31,0,0,0,31
12/31/2018,TYR,TX,ASW,CE,Federal Contract Tower,6,2,12,0,20,0,9,18,0,27,6,11,30,0,47,0,0,0,47
01/01/2019,TYR,TX,ASW,CE,Federal Contract Tower,7,1,13,0,21,0,2,9,0,11,7,3,22,0,32,4,0,4,36
01/02/2019,TYR,TX,ASW,CE,Federal Contract Tower,9,10,25,0,44,0,0,0,0,0,9,10,25,0,44,0,0,0,44
01/03/2019,TYR,TX,ASW,CE,Federal Contract Tower,5,4,12,0,21,0,0,0,0,0,5,4,12,0,21,0,0,0,21
01/04/2019,TYR,TX,ASW,CE,Federal Contract Tower,7,10,39,0,56,0,9,44,2,55,7,19,83,2,111,34,6,40,151
01/05/2019,TYR,TX,ASW,CE,Federal Contract Tower,3,10,22,4,39,0,3,98,0,101,3,13,120,4,140,26,2,28,168
01/06/2019,TYR,TX,ASW,CE,Federal Contract Tower,7,2,15,0,24,0,1,42,0,43,7,3,57,0,67,10,0,10,77
01/07/2019,TYR,TX,ASW,CE,Federal Contract Tower,7,9,34,0,50,0,11,25,0,36,7,20,59,0,86,2,0,2,88
01/08/2019,TYR,TX,ASW,CE,Federal Contract Tower,7,8,23,0,38,0,11,52,0,63,7,19,75,0,101,54,0,54,155
01/09/2019,TYR,TX,ASW,CE,Federal Contract Tower,7,4,18,0,29,0,5,73,0,78,7,9,91,0,107,16,0,16,123
01/10/2019,TYR,TX,ASW,CE,Federal Contract Tower,6,5,39,2,52,0,7,45,0,52,6,12,84,2,104,20,0,20,124
01/11/2019,TYR,TX,ASW,CE,Federal Contract Tower,7,6,22,0,35,0,8,19,0,27,7,14,41,0,62,4,0,4,66
01/12/2019,TYR,TX,ASW,CE,Federal Contract Tower,4,5,12,1,22,0,4,20,0,24,4,9,32,1,46,0,0,0,46
01/13/2019,TYR,TX,ASW,CE,Federal Contract Tower,7,4,19,0,30,0,4,17,0,21,7,8,36,0,51,68,0,68,119
01/14/2019,TYR,TX,ASW,CE,Federal Contract Tower,6,5,43,0,54,0,5,15,0,20,6,10,58,0,74,6,0,6,80
01/15/2019,TYR,TX,ASW,CE,Federal Contract Tower,6,9,38,3,56,0,0,32,1,33,6,9,70,4,89,14,0,14,103
01/16/2019,TYR,TX,ASW,CE,Federal Contract Tower,6,4,25,0,35,0,5,2,0,7,6,9,27,0,42,0,0,0,42
01/17/2019,TYR,TX,ASW,CE,Federal Contract Tower,8,8,35,0,51,0,2,46,0,48,8,10,81,0,99,12,0,12,111
01/18/2019,TYR,TX,ASW,CE,Federal Contract Tower,7,10,38,0,55,0,0,5,0,5,7,10,43,0,60,6,0,6,66
01/19/2019,TYR,TX,ASW,CE,Federal Contract Tower,4,3,5,0,12,0,1,7,0,8,4,4,12,0,20,0,0,0,20
01/20/2019,TYR,TX,ASW,CE,Federal Contract Tower,7,0,31,0,38,0,7,43,0,50,7,7,74,0,88,8,0,8,96
01/21/2019,TYR,TX,ASW,CE,Federal Contract Tower,7,6,36,0,49,0,9,58,0,67,7,15,94,0,116,24,0,24,140
01/22/2019,TYR,TX,ASW,CE,Federal Contract Tower,7,6,34,0,47,0,1,16,0,17,7,7,50,0,64,2,0,2,66
01/23/2019,TYR,TX,ASW,CE,Federal Contract Tower,7,6,32,0,45,0,1,19,0,20,7,7,51,0,65,10,0,10,75
01/24/2019,TYR,TX,ASW,CE,Federal Contract Tower,7,4,29,0,40,0,12,90,1,103,7,16,119,1,143,102,2,104,247
01/25/2019,TYR,TX,ASW,CE,Federal Contract Tower,7,6,26,0,39,0,5,62,0,67,7,11,88,0,106,16,0,16,122
01/26/2019,TYR,TX,ASW,CE,Federal Contract Tower,4,5,15,0,24,0,4,66,0,70,4,9,81,0,94,34,0,34,128
01/27/2019,TYR,TX,ASW,CE,Federal Contract Tower,7,2,15,0,24,0,5,66,0,71,7,7,81,0,95,18,0,18,113
01/28/2019,TYR,TX,ASW,CE,Federal Contract Tower,7,3,24,0,34,0,9,28,0,37,7,12,52,0,71,0,0,0,71
01/29/2019,TYR,TX,ASW,CE,Federal Contract Tower,7,17,22,0,46,0,2,62,0,64,7,19,84,0,110,44,0,44,154
01/30/2019,TYR,TX,ASW,CE,Federal Contract Tower,7,5,28,0,40,0,2,55,0,57,7,7,83,0,97,24,0,24,121
01/31/2019,TYR,TX,ASW,CE,Federal Contract Tower,7,5,35,0,47,0,8,30,0,38,7,13,65,0,85,14,0,14,99
02/01/2019,TYR,TX,ASW,CE,Federal Contract Tower,5,6,34,0,45,0,2,13,0,15,5,8,47,0,60,44,0,44,104
02/02/2019,TYR,TX,ASW,CE,Federal Contract Tower,4,7,30,0,41,0,1,6,0,7,4,8,36,0,48,0,0,0,48
02/03/2019,TYR,TX,ASW,CE,Federal Contract Tower,7,2,29,0,38,0,0,0,0,0,7,2,29,0,38,0,0,0,38
02/04/2019,TYR,TX,ASW,CE,Federal Contract Tower,7,11,32,0,50,0,7,38,0,45,7,18,70,0,95,16,0,16,111
02/05/2019,TYR,TX,ASW,CE,Federal Contract Tower,7,8,33,0,48,0,0,22,4,26,7,8,55,4,74,36,0,36,110
02/06/2019,TYR,TX,ASW,CE,Federal Contract Tower,7,5,39,0,51,0,0,1,0,1,7,5,40,0,52,0,0,0,52
02/07/2019,TYR,TX,ASW,CE,Federal Contract Tower,6,6,14,0,26,0,2,3,2,7,6,8,17,2,33,0,0,0,33
02/08/2019,TYR,TX,ASW,CE,Federal Contract Tower,7,1,25,0,33,0,0,31,0,31,7,1,56,0,64,10,0,10,74
02/09/2019,TYR,TX,ASW,CE,Federal Contract Tower,4,3,6,0,13,0,0,2,0,2,4,3,8,0,15,2,0,2,17
02/10/2019,TYR,TX,ASW,CE,Federal Contract Tower,7,2,27,0,36,0,0,0,0,0,7,2,27,0,36,0,0,0,36
02/11/2019,TYR,TX,ASW,CE,Federal Contract Tower,5,6,15,0,26,0,0,0,0,0,5,6,15,0,26,6,0,6,32
02/12/2019,TYR,TX,ASW,CE,Federal Contract Tower,7,8,26,2,43,0,7,72,2,81,7,15,98,4,124,36,0,36,160
02/13/2019,TYR,TX,ASW,CE,Federal Contract Tower,7,10,29,1,47,0,8,59,0,67,7,18,88,1,114,26,14,40,154
02/14/2019,TYR,TX,ASW,CE,Federal Contract Tower,7,10,16,1,34,0,5,22,0,27,7,15,38,1,61,6,0,6,67
02/15/2019,TYR,TX,ASW,CE,Federal Contract Tower,6,6,29,0,41,0,9,55,0,64,6,15,84,0,105,2,0,2,107
02/16/2019,TYR,TX,ASW,CE,Federal Contract Tower,5,8,4,0,17,0,0,0,0,0,5,8,4,0,17,0,0,0,17
02/17/2019,TYR,TX,ASW,CE,Federal Contract Tower,7,1,20,0,28,0,12,41,3,56,7,13,61,3,84,26,0,26,110
02/18/2019,TYR,TX,ASW,CE,Federal Contract Tower,7,8,26,0,41,0,10,71,0,81,7,18,97,0,122,28,0,28,150
02/19/2019,TYR,TX,ASW,CE,Federal Contract Tower,6,5,23,0,34,0,1,0,0,1,6,6,23,0,35,0,0,0,35
02/20/2019,TYR,TX,ASW,CE,Federal Contract Tower,4,8,33,0,45,0,2,50,0,52,4,10,83,0,97,48,0,48,145
02/21/2019,TYR,TX,ASW,CE,Federal Contract Tower,7,5,30,0,42,0,1,5,0,6,7,6,35,0,48,0,0,0,48
02/22/2019,TYR,TX,ASW,CE,Federal Contract Tower,7,6,22,0,35,0,0,0,0,0,7,6,22,0,35,0,0,0,35
02/23/2019,TYR,TX,ASW,CE,Federal Contract Tower,4,6,5,2,17,0,3,17,0,20,4,9,22,2,37,46,10,56,93
02/24/2019,TYR,TX,ASW,CE,Federal Contract Tower,6,3,19,0,28,0,8,69,0,77,6,11,88,0,105,44,0,44,149
02/25/2019,TYR,TX,ASW,CE,Federal Contract Tower,7,6,31,0,44,0,6,86,0,92,7,12,117,0,136,74,0,74,210
02/26/2019,TYR,TX,ASW,CE,Federal Contract Tower,7,6,38,2,53,0,0,0,0,0,7,6,38,2,53,0,0,0,53
02/27/2019,TYR,TX,ASW,CE,Federal Contract Tower,4,22,37,0,63,0,0,2,0,2,4,22,39,0,65,0,0,0,65
02/28/2019,TYR,TX,ASW,CE,Federal Contract Tower,6,6,36,0,48,0,0,0,0,0,6,6,36,0,48,0,0,0,48
03/01/2019,TYR,TX,ASW,CE,Federal Contract Tower,7,11,27,0,45,0,2,12,1,15,7,13,39,1,60,26,0,26,86
03/02/2019,TYR,TX,ASW,CE,Federal Contract Tower,5,2,20,0,27,0,0,0,0,0,5,2,20,0,27,0,0,0,27
03/03/2019,TYR,TX,ASW,CE,Federal Contract Tower,7,9,13,0,29,0,2,0,1,3,7,11,13,1,32,0,0,0,32
03/04/2019,TYR,TX,ASW,CE,Federal Contract Tower,7,13,27,0,47,0,4,28,2,34,7,17,55,2,81,20,0,20,101
03/05/2019,TYR,TX,ASW,CE,Federal Contract Tower,7,6,13,0,26,0,19,75,0,94,7,25,88,0,120,36,0,36,156
03/06/2019,TYR,TX,ASW,CE,Federal Contract Tower,5,7,32,3,47,0,1,75,1,77,5,8,107,4,124,112,0,112,236
03/07/2019,TYR,TX,ASW,CE,Federal Contract Tower,7,15,32,4,58,0,4,5,5,14,7,19,37,9,72,2,0,2,74
03/08/2019,TYR,TX,ASW,CE,Federal Contract Tower,7,4,29,2,42,0,3,27,0,30,7,7,56,2,72,6,0,6,78
03/09/2019,TYR,TX,ASW,CE,Federal Contract Tower,5,2,16,0,23,0,4,22,0,26,5,6,38,0,49,44,0,44,93
03/10/2019,TYR,TX,ASW,CE,Federal Contract Tower,7,0,21,0,28,0,5,48,0,53,7,5,69,0,81,20,0,20,101
03/11/2019,TYR,TX,ASW,CE,Federal Contract Tower,7,4,31,2,44,0,7,28,0,35,7,11,59,2,79,46,0,46,125
03/12/2019,TYR,TX,ASW,CE,Federal Contract Tower,7,14,34,0,55,0,0,1,0,1,7,14,35,0,56,0,0,0,56
03/13/2019,TYR,TX,ASW,CE,Federal Contract Tower,5,4,16,0,25,0,1,11,0,12,5,5,27,0,37,0,0,0,37
03/14/2019,TYR,TX,ASW,CE,Federal Contract Tower,7,8,28,0,43,0,9,59,0,68,7,17,87,0,111,18,0,18,129
03/15/2019,TYR,TX,ASW,CE,Federal Contract Tower,6,3,37,0,46,0,7,95,4,106,6,10,132,4,152,42,0,42,194
03/16/2019,TYR,TX,ASW,CE,Federal Contract Tower,5,4,24,0,33,0,12,77,0,89,5,16,101,0,122,40,0,40,162
03/17/2019,TYR,TX,ASW,CE,Federal Contract Tower,7,1,22,0,30,0,22,85,0,107,7,23,107,0,137,30,0,30,167
03/18/2019,TYR,TX,ASW,CE,Federal Contract Tower,7,11,25,0,43,0,13,82,0,95,7,24,107,0,138,86,0,86,224
03/19/2019,TYR,TX,ASW,CE,Federal Contract Tower,7,7,33,0,47,0,22,63,0,85,7,29,96,0,132,56,0,56,188
03/20/2019,TYR,TX,ASW,CE,Federal Contract Tower,5,5,23,0,33,0,12,73,0,85,5,17,96,0,118,36,0,36,154
03/21/2019,TYR,TX,ASW,CE,Federal Contract Tower,7,9,27,0,43,0,13,67,0,80,7,22,94,0,123,8,0,8,131
03/22/2019,TYR,TX,ASW,CE,Federal Contract Tower,6,6,23,0,35,0,10,66,0,76,6,16,89,0,111,14,0,14,125
03/23/2019,TYR,TX,ASW,CE,Federal Contract Tower,5,7,18,0,30,0,4,20,0,24,5,11,38,0,54,8,0,8,62
03/24/2019,TYR,TX,ASW,CE,Federal Contract Tower,7,0,15,0,22,0,4,20,0,24,7,4,35,0,46,8,0,8,54
03/25/2019,TYR,TX,ASW,CE,Federal Contract Tower,6,3,29,4,42,0,0,56,0,56,6,3,85,4,98,16,0,16,114
03/26/2019,TYR,TX,ASW,CE,Federal Contract Tower,8,6,29,0,43,0,13,110,3,126,8,19,139,3,169,30,0,30,199
03/27/2019,TYR,TX,ASW,CE,Federal Contract Tower,5,8,28,0,41,0,3,74,1,78,5,11,102,1,119,62,0,62,181
03/28/2019,TYR,TX,ASW,CE,Federal Contract Tower,7,16,27,0,50,0,9,47,0,56,7,25,74,0,106,24,0,24,130
03/29/2019,TYR,TX,ASW,CE,Federal Contract Tower,7,4,30,0,41,0,2,23,0,25,7,6,53,0,66,6,0,6,72
03/30/2019,TYR,TX,ASW,CE,Federal Contract Tower,3,6,5,0,14,0,0,12,0,12,3,6,17,0,26,0,0,0,26
03/31/2019,TYR,TX,ASW,CE,Federal Contract Tower,7,2,32,0,41,0,8,64,0,72,7,10,96,0,113,18,0,18,131
04/01/2019,TYR,TX,ASW,CE,Federal Contract Tower,8,6,20,0,34,0,10,74,0,84,8,16,94,0,118,60,0,60,178
04/02/2019,TYR,TX,ASW,CE,Federal Contract Tower,7,5,30,0,42,0,10,80,0,90,7,15,110,0,132,30,0,30,162
04/03/2019,TYR,TX,ASW,CE,Federal Contract Tower,5,9,40,2,56,0,2,37,0,39,5,11,77,2,95,18,0,18,113
04/04/2019,TYR,TX,ASW,CE,Federal Contract Tower,7,13,24,0,44,0,3,14,0,17,7,16,38,0,61,12,0,12,73
04/05/2019,TYR,TX,ASW,CE,Federal Contract Tower,7,7,28,0,42,0,5,22,0,27,7,12,50,0,69,24,0,24,93
04/06/2019,TYR,TX,ASW,CE,Federal Contract Tower,5,5,2,0,12,0,0,0,0,0,5,5,2,0,12,0,0,0,12
04/07/2019,TYR,TX,ASW,CE,Federal Contract Tower,5,0,15,0,20,0,0,1,0,1,5,0,16,0,21,0,0,0,21
04/08/2019,TYR,TX,ASW,CE,Federal Contract Tower,6,8,30,0,44,0,8,56,0,64,6,16,86,0,108,32,0,32,140
04/09/2019,TYR,TX,ASW,CE,Federal Contract Tower,7,6,32,0,45,0,16,100,4,120,7,22,132,4,165,52,0,52,217
04/11/2019,TYR,TX,ASW,CE,Federal Contract Tower,7,4,33,0,44,0,7,59,0,66,7,11,92,0,110,24,0,24,134
04/12/2019,TYR,TX,ASW,CE,Federal Contract Tower,7,6,29,0,42,0,2,51,2,55,7,8,80,2,97,52,0,52,149
04/13/2019,TYR,TX,ASW,CE,Federal Contract Tower,3,5,4,0,12,0,2,1,0,3,3,7,5,0,15,0,0,0,15
04/14/2019,TYR,TX,ASW,CE,Federal Contract Tower,7,2,20,0,29,0,3,23,0,26,7,5,43,0,55,6,0,6,61
04/15/2019,TYR,TX,ASW,CE,Federal Contract Tower,7,11,28,0,46,0,5,48,0,53,7,16,76,0,99,30,0,30,129
04/16/2019,TYR,TX,ASW,CE,Federal Contract Tower,7,11,24,0,42,0,4,40,0,44,7,15,64,0,86,26,0,26,112
04/17/2019,TYR,TX,ASW,CE,Federal Contract Tower,4,6,31,0,41,0,0,0,0,0,4,6,31,0,41,0,0,0,41
04/18/2019,TYR,TX,ASW,CE,Federal Contract Tower,7,12,20,0,39,0,2,9,0,11,7,14,29,0,50,6,0,6,56
04/19/2019,TYR,TX,ASW,CE,Federal Contract Tower,7,3,43,0,53,0,3,75,0,78,7,6,118,0,131,22,0,22,153
04/20/2019,TYR,TX,ASW,CE,Federal Contract Tower,4,5,16,0,25,0,9,114,0,123,4,14,130,0,148,44,0,44,192
04/21/2019,TYR,TX,ASW,CE,Federal Contract Tower,7,2,7,0,16,0,16,36,0,52,7,18,43,0,68,8,0,8,76
04/22/2019,TYR,TX,ASW,CE,Federal Contract Tower,7,4,36,0,47,0,9,36,0,45,7,13,72,0,92,8,0,8,100
04/23/2019,TYR,TX,ASW,CE,Federal Contract Tower,7,7,26,0,40,0,14,24,4,42,7,21,50,4,82,0,0,0,82
04/24/2019,TYR,TX,ASW,CE,Federal Contract Tower,6,2,13,0,21,0,0,3,0,3,6,2,16,0,24,0,0,0,24
04/25/2019,TYR,TX,ASW,CE,Federal Contract Tower,7,16,33,0,56,0,6,47,0,53,7,22,80,0,109,6,0,6,115
04/26/2019,TYR,TX,ASW,CE,Federal Contract Tower,7,8,28,0,43,0,1,77,0,78,7,9,105,0,121,14,0,14,135
04/27/2019,TYR,TX,ASW,CE,Federal Contract Tower,5,9,18,0,32,0,4,49,0,53,5,13,67,0,85,6,0,6,91
04/28/2019,TYR,TX,ASW,CE,Federal Contract Tower,6,4,21,0,31,0,4,29,0,33,6,8,50,0,64,24,0,24,88
04/29/2019,TYR,TX,ASW,CE,Federal Contract Tower,6,12,35,0,53,0,1,28,0,29,6,13,63,0,82,10,0,10,92
04/30/2019,TYR,TX,ASW,CE,Federal Contract Tower,6,12,40,0,58,0,4,11,0,15,6,16,51,0,73,0,0,0,73
05/01/2019,TYR,TX,ASW,CE,Federal Contract Tower,5,5,27,2,39,0,4,11,0,15,5,9,38,2,54,0,0,0,54
05/02/2019,TYR,TX,ASW,CE,Federal Contract Tower,4,7,22,2,35,0,0,9,0,9,4,7,31,2,44,0,0,0,44
05/03/2019,TYR,TX,ASW,CE,Federal Contract Tower,6,12,14,0,32,0,0,7,0,7,6,12,21,0,39,0,0,0,39
05/04/2019,TYR,TX,ASW,CE,Federal Contract Tower,7,6,26,0,39,0,9,23,0,32,7,15,49,0,71,0,0,0,71
05/05/2019,TYR,TX,ASW,CE,Federal Contract Tower,6,4,24,0,34,0,3,68,0,71,6,7,92,0,105,32,0,32,137
05/06/2019,TYR,TX,ASW,CE,Federal Contract Tower,7,8,30,0,45,0,0,89,18,107,7,8,119,18,152,34,0,34,186
05/07/2019,TYR,TX,ASW,CE,Federal Contract Tower,7,8,23,0,38,0,6,24,0,30,7,14,47,0,68,42,0,42,110
05/08/2019,TYR,TX,ASW,CE,Federal Contract Tower,3,8,4,0,15,0,0,2,0,2,3,8,6,0,17,0,0,0,17
05/09/2019,TYR,TX,ASW,CE,Federal Contract Tower,7,6,44,2,59,0,0,2,2,4,7,6,46,4,63,2,0,2,65
05/10/2019,TYR,TX,ASW,CE,Federal Contract Tower,7,7,27,0,41,0,0,9,0,9,7,7,36,0,50,24,0,24,74
05/11/2019,TYR,TX,ASW,CE,Federal Contract Tower,5,8,7,0,20,0,0,0,0,0,5,8,7,0,20,0,0,0,20
05/12/2019,TYR,TX,ASW,CE,Federal Contract Tower,8,0,34,0,42,0,0,47,0,47,8,0,81,0,89,20,0,20,109
05/13/2019,TYR,TX,ASW,CE,Federal Contract Tower,6,9,20,0,35,0,4,64,0,68,6,13,84,0,103,14,0,14,117
05/14/2019,TYR,TX,ASW,CE,Federal Contract Tower,6,5,39,2,52,0,2,79,0,81,6,7,118,2,133,0,0,0,133
05/15/2019,TYR,TX,ASW,CE,Federal Contract Tower,7,8,19,0,34,0,8,83,0,91,7,16,102,0,125,0,0,0,125
05/16/2019,TYR,TX,ASW,CE,Federal Contract Tower,7,7,28,0,42,0,7,63,0,70,7,14,91,0,112,14,0,14,126
05/17/2019,TYR,TX,ASW,CE,Federal Contract Tower,7,8,26,2,43,0,1,28,0,29,7,9,54,2,72,46,0,46,118
05/18/2019,TYR,TX,ASW,CE,Federal Contract Tower,1,4,6,0,11,0,8,5,0,13,1,12,11,0,24,2,0,2,26
05/19/2019,TYR,TX,ASW,CE,Federal Contract Tower,8,5,13,0,26,0,4,44,0,48,8,9,57,0,74,36,0,36,110
05/20/2019,TYR,TX,ASW,CE,Federal Contract Tower,7,7,33,0,47,0,10,26,0,36,7,17,59,0,83,18,0,18,101
05/21/2019,TYR,TX,ASW,CE,Federal Contract Tower,3,4,22,0,29,0,0,16,0,16,3,4,38,0,45,0,0,0,45
05/22/2019,TYR,TX,ASW,CE,Federal Contract Tower,7,9,53,0,69,0,3,32,0,35,7,12,85,0,104,24,0,24,128
05/23/2019,TYR,TX,ASW,CE,Federal Contract Tower,9,6,34,0,49,0,6,18,0,24,9,12,52,0,73,14,0,14,87
05/24/2019,TYR,TX,ASW,CE,Federal Contract Tower,9,7,25,0,41,0,2,46,0,48,9,9,71,0,89,22,0,22,111
05/25/2019,TYR,TX,ASW,CE,Federal Contract Tower,10,7,25,0,42,0,5,28,0,33,10,12,53,0,75,20,0,20,95
05/26/2019,TYR,TX,ASW,CE,Federal Contract Tower,8,3,17,0,28,0,6,30,0,36,8,9,47,0,64,2,0,2,66
05/27/2019,TYR,TX,ASW,CE,Federal Contract Tower,7,3,23,2,35,0,12,42,0,54,7,15,65,2,89,44,0,44,133
05/28/2019,TYR,TX,ASW,CE,Federal Contract Tower,8,6,41,0,55,0,6,17,0,23,8,12,58,0,78,24,0,24,102
05/30/2019,TYR,TX,ASW,CE,Federal Contract Tower,11,8,29,1,49,0,7,22,1,30,11,15,51,2,79,12,0,12,91
05/31/2019,TYR,TX,ASW,CE,Federal Contract Tower,6,5,33,0,44,0,4,45,0,49,6,9,78,0,93,22,0,22,115
06/01/2019,TYR,TX,ASW,CE,Federal Contract Tower,6,0,29,0,35,0,0,51,0,51,6,0,80,0,86,20,0,20,106
06/02/2019,TYR,TX,ASW,CE,Federal Contract Tower,8,0,20,0,28,0,9,30,0,39,8,9,50,0,67,24,0,24,91
06/03/2019,TYR,TX,ASW,CE,Federal Contract Tower,7,4,17,0,28,0,17,60,0,77,7,21,77,0,105,18,0,18,123
06/04/2019,TYR,TX,ASW,CE,Federal Contract Tower,7,6,36,1,50,0,7,49,1,57,7,13,85,2,107,26,0,26,133
06/05/2019,TYR,TX,ASW,CE,Federal Contract Tower,8,6,18,0,32,0,5,3,0,8,8,11,21,0,40,30,0,30,70
06/06/2019,TYR,TX,ASW,CE,Federal Contract Tower,7,7,26,0,40,0,0,18,0,18,7,7,44,0,58,20,0,20,78
06/07/2019,TYR,TX,ASW,CE,Federal Contract Tower,8,10,19,0,37,0,1,36,0,37,8,11,55,0,74,26,0,26,100
06/08/2019,TYR,TX,ASW,CE,Federal Contract Tower,6,3,34,0,43,0,3,70,0,73,6,6,104,0,116,6,0,6,122
06/09/2019,TYR,TX,ASW,CE,Federal Contract Tower,9,5,17,0,31,0,3,33,0,36,9,8,50,0,67,12,0,12,79
06/10/2019,TYR,TX,ASW,CE,Federal Contract Tower,7,7,28,0,42,0,4,47,2,53,7,11,75,2,95,58,0,58,153
06/11/2019,TYR,TX,ASW,CE,Federal Contract Tower,8,10,16,0,34,0,8,72,2,82,8,18,88,2,116,54,0,54,170
06/12/2019,TYR,TX,ASW,CE,Federal Contract Tower,7,7,17,0,31,0,10,53,0,63,7,17,70,0,94,10,0,10,104
06/14/2019,TYR,TX,ASW,CE,Federal Contract Tower,7,4,17,0,28,0,8,49,0,57,7,12,66,0,85,14,0,14,99
06/15/2019,TYR,TX,ASW,CE,Federal Contract Tower,6,5,18,0,29,0,7,22,0,29,6,12,40,0,58,0,0,0,58
06/16/2019,TYR,TX,ASW,CE,Federal Contract Tower,3,2,20,0,25,0,0,3,0,3,3,2,23,0,28,0,0,0,28
06/17/2019,TYR,TX,ASW,CE,Federal Contract Tower,7,2,12,0,21,0,3,20,0,23,7,5,32,0,44,40,0,40,84
06/18/2019,TYR,TX,ASW,CE,Federal Contract Tower,7,6,21,0,34,0,1,38,0,39,7,7,59,0,73,10,0,10,83
06/19/2019,TYR,TX,ASW,CE,Federal Contract Tower,6,3,23,0,32,0,0,33,0,33,6,3,56,0,65,28,0,28,93
06/20/2019,TYR,TX,ASW,CE,Federal Contract Tower,7,11,22,0,40,0,0,54,0,54,7,11,76,0,94,14,0,14,108
06/21/2019,TYR,TX,ASW,CE,Federal Contract Tower,8,5,13,1,27,0,6,38,1,45,8,11,51,2,72,2,0,2,74
06/22/2019,TYR,TX,ASW,CE,Federal Contract Tower,7,5,17,0,29,0,8,14,0,22,7,13,31,0,51,18,0,18,69
06/23/2019,TYR,TX,ASW,CE,Federal Contract Tower,6,5,26,0,37,0,0,9,0,9,6,5,35,0,46,4,0,4,50
06/24/2019,TYR,TX,ASW,CE,Federal Contract Tower,5,8,16,0,29,0,5,34,0,39,5,13,50,0,68,34,0,34,102
06/25/2019,TYR,TX,ASW,CE,Federal Contract Tower,7,13,23,0,43,0,1,34,0,35,7,14,57,0,78,12,0,12,90
06/26/2019,TYR,TX,ASW,CE,Federal Contract Tower,7,5,39,0,51,0,4,31,0,35,7,9,70,0,86,4,0,4,90
06/27/2019,TYR,TX,ASW,CE,Federal Contract Tower,7,12,29,0,48,0,1,29,0,30,7,13,58,0,78,18,0,18,96
06/28/2019,TYR,TX,ASW,CE,Federal Contract Tower,7,9,17,0,33,0,6,45,0,51,7,15,62,0,84,10,0,10,94
06/29/2019,TYR,TX,ASW,CE,Federal Contract Tower,8,12,19,0,39,0,3,28,0,31,8,15,47,0,70,0,0,0,70
06/30/2019,TYR,TX,ASW,CE,Federal Contract Tower,9,3,22,0,34,0,1,30,0,31,9,4,52,0,65,20,0,20,85
07/01/2019,TYR,TX,ASW,CE,Federal Contract Tower,7,3,36,0,46,0,3,25,0,28,7,6,61,0,74,14,0,14,88
07/02/2019,TYR,TX,ASW,CE,Federal Contract Tower,9,7,21,0,37,0,0,26,0,26,9,7,47,0,63,28,0,28,91
07/03/2019,TYR,TX,ASW,CE,Federal Contract Tower,5,5,8,0,18,0,0,16,0,16,5,5,24,0,34,4,0,4,38
07/04/2019,TYR,TX,ASW,CE,Federal Contract Tower,6,1,19,0,26,0,4,43,0,47,6,5,62,0,73,0,0,0,73
07/05/2019,TYR,TX,ASW,CE,Federal Contract Tower,6,6,13,0,25,0,1,52,1,54,6,7,65,1,79,20,0,20,99
07/06/2019,TYR,TX,ASW,CE,Federal Contract Tower,6,5,11,0,22,0,12,116,0,128,6,17,127,0,150,4,0,4,154
07/07/2019,TYR,TX,ASW,CE,Federal Contract Tower,8,3,24,0,35,0,7,65,0,72,8,10,89,0,107,24,0,24,131
07/08/2019,TYR,TX,ASW,CE,Federal Contract Tower,5,5,16,0,26,0,8,41,0,49,5,13,57,0,75,20,0,20,95
07/09/2019,TYR,TX,ASW,CE,Federal Contract Tower,8,7,23,0,38,0,6,40,0,46,8,13,63,0,84,24,0,24,108
07/10/2019,TYR,TX,ASW,CE,Federal Contract Tower,6,8,23,0,37,0,2,51,0,53,6,10,74,0,90,12,0,12,102
07/11/2019,TYR,TX,ASW,CE,Federal Contract Tower,6,7,27,0,40,0,4,52,0,56,6,11,79,0,96,0,0,0,96
07/12/2019,TYR,TX,ASW,CE,Federal Contract Tower,7,6,23,0,36,0,0,58,0,58,7,6,81,0,94,14,0,14,108
07/13/2019,TYR,TX,ASW,CE,Federal Contract Tower,8,11,12,0,31,0,21,2,0,23,8,32,14,0,54,0,0,0,54
07/14/2019,TYR,TX,ASW,CE,Federal Contract Tower,9,5,30,0,44,0,0,8,0,8,9,5,38,0,52,0,0,0,52
07/15/2019,TYR,TX,ASW,CE,Federal Contract Tower,7,3,28,0,38,0,7,28,0,35,7,10,56,0,73,16,0,16,89
07/16/2019,TYR,TX,ASW,CE,Federal Contract Tower,9,9,25,0,43,0,3,47,1,51,9,12,72,1,94,16,0,16,110
07/17/2019,TYR,TX,ASW,CE,Federal Contract Tower,7,9,30,2,48,0,4,26,1,31,7,13,56,3,79,12,0,12,91
07/18/2019,TYR,TX,ASW,CE,Federal Contract Tower,9,10,24,0,43,0,4,40,0,44,9,14,64,0,87,8,0,8,95
07/19/2019,TYR,TX,ASW,CE,Federal Contract Tower,7,3,23,0,33,0,3,44,0,47,7,6,67,0,80,4,0,4,84
07/20/2019,TYR,TX,ASW,CE,Federal Contract Tower,8,6,20,0,34,0,10,28,0,38,8,16,48,0,72,30,0,30,102
07/21/2019,TYR,TX,ASW,CE,Federal Contract Tower,9,5,16,0,30,0,4,19,0,23,9,9,35,0,53,0,0,0,53
07/22/2019,TYR,TX,ASW,CE,Federal Contract Tower,7,2,21,0,30,0,3,33,0,36,7,5,54,0,66,0,0,0,66
07/23/2019,TYR,TX,ASW,CE,Federal Contract Tower,10,4,39,1,54,0,1,30,2,33,10,5,69,3,87,34,0,34,121
07/24/2019,TYR,TX,ASW,CE,Federal Contract Tower,7,4,46,0,57,0,1,57,0,58,7,5,103,0,115,38,0,38,153
07/25/2019,TYR,TX,ASW,CE,Federal Contract Tower,9,7,35,0,51,0,7,37,0,44,9,14,72,0,95,40,0,40,135
07/26/2019,TYR,TX,ASW,CE,Federal Contract Tower,7,7,24,2,40,0,9,54,0,63,7,16,78,2,103,12,0,12,115
07/27/2019,TYR,TX,ASW,CE,Federal Contract Tower,7,1,24,0,32,0,6,45,0,51,7,7,69,0,83,2,0,2,85
07/28/2019,TYR,TX,ASW,CE,Federal Contract Tower,9,7,26,0,42,0,11,23,0,34,9,18,49,0,76,0,0,0,76
07/29/2019,TYR,TX,ASW,CE,Federal Contract Tower,8,10,27,0,45,0,2,21,0,23,8,12,48,0,68,0,0,0,68
07/30/2019,TYR,TX,ASW,CE,Federal Contract Tower,9,5,15,0,29,0,11,44,0,55,9,16,59,0,84,64,0,64,148
07/31/2019,TYR,TX,ASW,CE,Federal Contract Tower,7,6,25,0,38,0,11,39,0,50,7,17,64,0,88,42,0,42,130
08/01/2019,TYR,TX,ASW,CE,Federal Contract Tower,8,8,17,0,33,0,10,55,4,69,8,18,72,4,102,40,0,40,142
08/02/2019,TYR,TX,ASW,CE,Federal Contract Tower,7,6,20,0,33,0,3,40,0,43,7,9,60,0,76,10,0,10,86
08/03/2019,TYR,TX,ASW,CE,Federal Contract Tower,7,7,18,0,32,0,6,12,0,18,7,13,30,0,50,36,0,36,86
08/04/2019,TYR,TX,ASW,CE,Federal Contract Tower,8,2,15,0,25,0,9,20,0,29,8,11,35,0,54,6,0,6,60
08/05/2019,TYR,TX,ASW,CE,Federal Contract Tower,6,2,24,1,33,0,3,34,2,39,6,5,58,3,72,44,0,44,116
08/06/2019,TYR,TX,ASW,CE,Federal Contract Tower,11,8,25,0,44,0,1,37,0,38,11,9,62,0,82,28,0,28,110
08/07/2019,TYR,TX,ASW,CE,Federal Contract Tower,7,6,30,0,43,0,9,66,2,77,7,15,96,2,120,34,0,34,154
08/08/2019,TYR,TX,ASW,CE,Federal Contract Tower,9,4,24,0,37,0,5,37,1,43,9,9,61,1,80,24,0,24,104
08/09/2019,TYR,TX,ASW,CE,Federal Contract Tower,6,11,33,2,52,0,9,31,0,40,6,20,64,2,92,6,12,18,110
08/10/2019,TYR,TX,ASW,CE,Federal Contract Tower,7,2,34,0,43,0,8,31,0,39,7,10,65,0,82,18,0,18,100
08/11/2019,TYR,TX,ASW,CE,Federal Contract Tower,8,5,34,0,47,0,4,32,0,36,8,9,66,0,83,4,0,4,87
08/12/2019,TYR,TX,ASW,CE,Federal Contract Tower,7,6,30,0,43,0,7,43,0,50,7,13,73,0,93,28,0,28,121
08/13/2019,TYR,TX,ASW,CE,Federal Contract Tower,9,3,25,0,37,0,4,41,0,45,9,7,66,0,82,12,0,12,94
08/14/2019,TYR,TX,ASW,CE,Federal Contract Tower,5,13,26,0,44,0,9,24,0,33,5,22,50,0,77,0,0,0,77
08/15/2019,TYR,TX,ASW,CE,Federal Contract Tower,9,4,23,0,36,0,7,39,0,46,9,11,62,0,82,2,0,2,84
08/16/2019,TYR,TX,ASW,CE,Federal Contract Tower,7,9,24,1,41,0,6,50,3,59,7,15,74,4,100,4,0,4,104
08/17/2019,TYR,TX,ASW,CE,Federal Contract Tower,7,5,23,0,35,0,7,40,0,47,7,12,63,0,82,6,0,6,88
08/18/2019,TYR,TX,ASW,CE,Federal Contract Tower,9,3,16,0,28,0,2,24,1,27,9,5,40,1,55,4,0,4,59
08/19/2019,TYR,TX,ASW,CE,Federal Contract Tower,7,4,25,0,36,0,2,48,0,50,7,6,73,0,86,4,0,4,90
08/20/2019,TYR,TX,ASW,CE,Federal Contract Tower,9,8,28,0,45,0,6,47,0,53,9,14,75,0,98,28,0,28,126
08/21/2019,TYR,TX,ASW,CE,Federal Contract Tower,7,11,36,0,54,0,5,54,0,59,7,16,90,0,113,48,0,48,161
08/22/2019,TYR,TX,ASW,CE,Federal Contract Tower,9,10,30,1,50,0,6,55,1,62,9,16,85,2,112,8,6,14,126
08/23/2019,TYR,TX,ASW,CE,Federal Contract Tower,6,8,31,0,45,0,4,36,0,40,6,12,67,0,85,42,0,42,127
08/24/2019,TYR,TX,ASW,CE,Federal Contract Tower,6,7,22,0,35,0,2,18,0,20,6,9,40,0,55,6,0,6,61
08/25/2019,TYR,TX,ASW,CE,Federal Contract Tower,9,4,43,0,56,0,1,11,0,12,9,5,54,0,68,10,0,10,78
08/26/2019,TYR,TX,ASW,CE,Federal Contract Tower,8,3,13,0,24,0,6,40,0,46,8,9,53,0,70,6,0,6,76
08/27/2019,TYR,TX,ASW,CE,Federal Contract Tower,7,5,8,0,20,0,0,22,0,22,7,5,30,0,42,0,0,0,42
08/28/2019,TYR,TX,ASW,CE,Federal Contract Tower,7,4,13,2,26,0,6,24,0,30,7,10,37,2,56,34,0,34,90
08/29/2019,TYR,TX,ASW,CE,Federal Contract Tower,9,6,30,0,45,0,5,49,0,54,9,11,79,0,99,36,0,36,135
08/30/2019,TYR,TX,ASW,CE,Federal Contract Tower,5,4,30,0,39,0,9,33,0,42,5,13,63,0,81,4,0,4,85
08/31/2019,TYR,TX,ASW,CE,Federal Contract Tower,5,7,9,0,21,0,4,11,0,15,5,11,20,0,36,10,0,10,46
09/01/2019,TYR,TX,ASW,CE,Federal Contract Tower,8,3,9,0,20,0,4,39,0,43,8,7,48,0,63,0,0,0,63
09/02/2019,TYR,TX,ASW,CE,Federal Contract Tower,8,3,26,0,37,0,7,52,0,59,8,10,78,0,96,36,0,36,132
09/03/2019,TYR,TX,ASW,CE,Federal Contract Tower,10,7,12,0,29,0,9,36,0,45,10,16,48,0,74,14,0,14,88
09/04/2019,TYR,TX,ASW,CE,Federal Contract Tower,9,6,17,0,32,0,6,28,0,34,9,12,45,0,66,4,0,4,70
09/05/2019,TYR,TX,ASW,CE,Federal Contract Tower,11,8,30,0,49,0,15,55,0,70,11,23,85,0,119,48,0,48,167
09/06/2019,TYR,TX,ASW,CE,Federal Contract Tower,9,7,24,3,43,0,10,64,1,75,9,17,88,4,118,8,0,8,126
09/07/2019,TYR,TX,ASW,CE,Federal Contract Tower,8,2,16,8,34,0,2,49,0,51,8,4,65,8,85,44,0,44,129
09/08/2019,TYR,TX,ASW,CE,Federal Contract Tower,11,1,16,0,28,0,2,42,0,44,11,3,58,0,72,10,0,10,82
09/09/2019,TYR,TX,ASW,CE,Federal Contract Tower,8,3,29,0,40,0,8,29,0,37,8,11,58,0,77,16,0,16,93
09/10/2019,TYR,TX,ASW,CE,Federal Contract Tower,11,5,32,0,48,0,6,27,0,33,11,11,59,0,81,8,0,8,89
09/11/2019,TYR,TX,ASW,CE,Federal Contract Tower,9,5,22,0,36,0,3,24,0,27,9,8,46,0,63,0,0,0,63
09/12/2019,TYR,TX,ASW,CE,Federal Contract Tower,11,17,31,0,59,0,1,38,0,39,11,18,69,0,98,42,0,42,140
09/13/2019,TYR,TX,ASW,CE,Federal Contract Tower,10,5,33,0,48,0,14,28,2,44,10,19,61,2,92,10,0,10,102
09/14/2019,TYR,TX,ASW,CE,Federal Contract Tower,8,6,24,0,38,0,0,0,0,0,8,6,24,0,38,10,0,10,48
09/15/2019,TYR,TX,ASW,CE,Federal Contract Tower,11,6,29,0,46,0,5,41,0,46,11,11,70,0,92,6,0,6,98
09/16/2019,TYR,TX,ASW,CE,Federal Contract Tower,9,4,20,0,33,0,4,41,0,45,9,8,61,0,78,20,0,20,98
09/17/2019,TYR,TX,ASW,CE,Federal Contract Tower,11,7,35,0,53,0,2,26,0,28,11,9,61,0,81,0,0,0,81
09/18/2019,TYR,TX,ASW,CE,Federal Contract Tower,9,4,27,1,41,0,1,10,1,12,9,5,37,2,53,0,0,0,53
09/19/2019,TYR,TX,ASW,CE,Federal Contract Tower,11,14,25,0,50,0,0,0,0,0,11,14,25,0,50,0,0,0,50
09/20/2019,TYR,TX,ASW,CE,Federal Contract Tower,6,5,29,0,40,0,7,5,0,12,6,12,34,0,52,10,0,10,62
09/21/2019,TYR,TX,ASW,CE,Federal Contract Tower,8,5,28,2,43,0,3,32,0,35,8,8,60,2,78,0,0,0,78
09/22/2019,TYR,TX,ASW,CE,Federal Contract Tower,11,7,33,0,51,0,4,20,0,24,11,11,53,0,75,0,0,0,75
09/23/2019,TYR,TX,ASW,CE,Federal Contract Tower,9,9,25,0,43,0,19,37,0,56,9,28,62,0,99,6,0,6,105
09/24/2019,TYR,TX,ASW,CE,Federal Contract Tower,9,2,20,0,31,0,6,25,0,31,9,8,45,0,62,0,0,0,62
09/25/2019,TYR,TX,ASW,CE,Federal Contract Tower,9,7,26,22,64,0,6,46,0,52,9,13,72,22,116,26,0,26,142
09/26/2019,TYR,TX,ASW,CE,Federal Contract Tower,10,6,30,0,46,0,4,37,0,41,10,10,67,0,87,64,0,64,151
09/27/2019,TYR,TX,ASW,CE,Federal Contract Tower,9,3,38,0,50,0,12,22,0,34,9,15,60,0,84,10,0,10,94
09/28/2019,TYR,TX,ASW,CE,Federal Contract Tower,8,5,45,0,58,0,19,36,0,55,8,24,81,0,113,0,0,0,113
09/29/2019,TYR,TX,ASW,CE,Federal Contract Tower,10,5,19,0,34,0,3,29,0,32,10,8,48,0,66,0,0,0,66
09/30/2019,TYR,TX,ASW,CE,Federal Contract Tower,9,4,37,0,50,0,8,42,0,50,9,12,79,0,100,36,0,36,136
10/01/2019,TYR,TX,ASW,CE,Federal Contract Tower,12,6,29,0,47,0,7,30,0,37,12,13,59,0,84,12,0,12,96
10/02/2019,TYR,TX,ASW,CE,Federal Contract Tower,9,7,43,2,61,0,5,43,0,48,9,12,86,2,109,28,0,28,137
10/03/2019,TYR,TX,ASW,CE,Federal Contract Tower,11,12,14,0,37,0,3,31,0,34,11,15,45,0,71,20,0,20,91
10/04/2019,TYR,TX,ASW,CE,Federal Contract Tower,9,7,31,0,47,0,7,37,0,44,9,14,68,0,91,26,0,26,117
10/05/2019,TYR,TX,ASW,CE,Federal Contract Tower,6,6,14,0,26,0,6,30,0,36,6,12,44,0,62,0,0,0,62
10/06/2019,TYR,TX,ASW,CE,Federal Contract Tower,12,3,24,0,39,0,3,27,0,30,12,6,51,0,69,0,0,0,69
10/07/2019,TYR,TX,ASW,CE,Federal Contract Tower,7,5,27,0,39,0,2,14,3,19,7,7,41,3,58,0,0,0,58
10/08/2019,TYR,TX,ASW,CE,Federal Contract Tower,11,5,36,0,52,0,10,56,0,66,11,15,92,0,118,4,0,4,122
10/09/2019,TYR,TX,ASW,CE,Federal Contract Tower,9,11,30,2,52,0,4,34,0,38,9,15,64,2,90,6,2,8,98
10/10/2019,TYR,TX,ASW,CE,Federal Contract Tower,11,6,37,0,54,0,6,27,0,33,11,12,64,0,87,0,0,0,87
10/11/2019,TYR,TX,ASW,CE,Federal Contract Tower,8,8,18,0,34,0,2,6,0,8,8,10,24,0,42,0,0,0,42
10/12/2019,TYR,TX,ASW,CE,Federal Contract Tower,6,5,9,0,20,0,10,42,0,52,6,15,51,0,72,62,0,62,134
10/13/2019,TYR,TX,ASW,CE,Federal Contract Tower,11,7,23,0,41,0,2,30,0,32,11,9,53,0,73,14,0,14,87
10/14/2019,TYR,TX,ASW,CE,Federal Contract Tower,9,12,29,0,50,0,4,7,0,11,9,16,36,0,61,0,0,0,61
10/15/2019,TYR,TX,ASW,CE,Federal Contract Tower,12,6,24,0,42,0,2,0,0,2,12,8,24,0,44,0,0,0,44
10/16/2019,TYR,TX,ASW,CE,Federal Contract Tower,6,11,29,0,46,0,3,41,0,44,6,14,70,0,90,0,0,0,90
10/17/2019,TYR,TX,ASW,CE,Federal Contract Tower,13,7,28,0,48,0,8,33,0,41,13,15,61,0,89,36,0,36,125
10/18/2019,TYR,TX,ASW,CE,Federal Contract Tower,8,10,47,0,65,0,7,55,0,62,8,17,102,0,127,16,0,16,143
10/19/2019,TYR,TX,ASW,CE,Federal Contract Tower,7,4,19,0,30,0,11,36,0,47,7,15,55,0,77,34,0,34,111
10/20/2019,TYR,TX,ASW,CE,Federal Contract Tower,13,6,26,0,45,0,0,19,4,23,13,6,45,4,68,0,0,0,68
10/21/2019,TYR,TX,ASW,CE,Federal Contract Tower,8,10,7,0,25,0,4,28,2,34,8,14,35,2,59,22,0,22,81
10/22/2019,TYR,TX,ASW,CE,Federal Contract Tower,11,5,18,0,34,0,7,53,0,60,11,12,71,0,94,42,0,42,136
10/23/2019,TYR,TX,ASW,CE,Federal Contract Tower,8,5,20,0,33,0,10,47,0,57,8,15,67,0,90,6,0,6,96
10/24/2019,TYR,TX,ASW,CE,Federal Contract Tower,8,9,33,0,50,0,5,11,0,16,8,14,44,0,66,6,0,6,72
10/25/2019,TYR,TX,ASW,CE,Federal Contract Tower,7,4,34,0,45,0,0,0,0,0,7,4,34,0,45,0,0,0,45
10/26/2019,TYR,TX,ASW,CE,Federal Contract Tower,6,8,21,0,35,0,5,14,0,19,6,13,35,0,54,18,0,18,72
10/27/2019,TYR,TX,ASW,CE,Federal Contract Tower,11,4,17,0,32,0,0,0,0,0,11,4,17,0,32,2,0,2,34
10/28/2019,TYR,TX,ASW,CE,Federal Contract Tower,13,7,23,2,45,0,5,4,0,9,13,12,27,2,54,0,0,0,54
10/29/2019,TYR,TX,ASW,CE,Federal Contract Tower,4,10,21,0,35,0,0,6,0,6,4,10,27,0,41,0,0,0,41
10/30/2019,TYR,TX,ASW,CE,Federal Contract Tower,12,10,24,0,46,0,0,0,0,0,12,10,24,0,46,0,0,0,46
10/31/2019,TYR,TX,ASW,CE,Federal Contract Tower,10,4,24,0,38,0,0,45,0,45,10,4,69,0,83,8,0,8,91
11/01/2019,TYR,TX,ASW,CE,Federal Contract Tower,7,8,27,2,44,0,4,33,0,37,7,12,60,2,81,12,0,12,93
11/02/2019,TYR,TX,ASW,CE,Federal Contract Tower,6,5,13,0,24,0,3,60,0,63,6,8,73,0,87,10,0,10,97
11/03/2019,TYR,TX,ASW,CE,Federal Contract Tower,10,12,35,0,57,0,2,70,0,72,10,14,105,0,129,26,0,26,155
11/04/2019,TYR,TX,ASW,CE,Federal Contract Tower,8,6,30,0,44,0,4,23,0,27,8,10,53,0,71,22,0,22,93
11/05/2019,TYR,TX,ASW,CE,Federal Contract Tower,9,14,29,0,52,0,1,2,0,3,9,15,31,0,55,0,0,0,55
11/06/2019,TYR,TX,ASW,CE,Federal Contract Tower,7,8,45,0,60,0,2,33,0,35,7,10,78,0,95,6,0,6,101
11/07/2019,TYR,TX,ASW,CE,Federal Contract Tower,9,7,20,0,36,0,0,0,0,0,9,7,20,0,36,0,0,0,36
11/08/2019,TYR,TX,ASW,CE,Federal Contract Tower,9,5,43,0,57,0,3,53,0,56,9,8,96,0,113,26,0,26,139
11/09/2019,TYR,TX,ASW,CE,Federal Contract Tower,6,2,16,0,24,0,3,55,0,58,6,5,71,0,82,14,0,14,96
11/10/2019,TYR,TX,ASW,CE,Federal Contract Tower,11,3,30,0,44,0,2,51,0,53,11,5,81,0,97,32,0,32,129
11/11/2019,TYR,TX,ASW,CE,Federal Contract Tower,10,3,14,0,27,0,0,4,0,4,10,3,18,0,31,4,0,4,35
11/12/2019,TYR,TX,ASW,CE,Federal Contract Tower,12,14,28,0,54,0,3,40,0,43,12,17,68,0,97,10,0,10,107
11/13/2019,TYR,TX,ASW,CE,Federal Contract Tower,8,6,32,0,46,0,4,53,0,57,8,10,85,0,103,12,0,12,115
11/14/2019,TYR,TX,ASW,CE,Federal Contract Tower,8,9,31,0,48,0,0,17,0,17,8,9,48,0,65,0,0,0,65
11/15/2019,TYR,TX,ASW,CE,Federal Contract Tower,9,9,27,0,45,0,5,56,0,61,9,14,83,0,106,0,0,0,106
11/16/2019,TYR,TX,ASW,CE,Federal Contract Tower,6,3,25,0,34,0,1,47,0,48,6,4,72,0,82,28,0,28,110
11/17/2019,TYR,TX,ASW,CE,Federal Contract Tower,8,0,23,0,31,0,10,48,0,58,8,10,71,0,89,20,0,20,109
11/18/2019,TYR,TX,ASW,CE,Federal Contract Tower,10,3,23,0,36,0,5,67,0,72,10,8,90,0,108,24,0,24,132
11/19/2019,TYR,TX,ASW,CE,Federal Contract Tower,8,7,28,0,43,0,5,69,0,74,8,12,97,0,117,42,0,42,159
11/20/2019,TYR,TX,ASW,CE,Federal Contract Tower,9,6,38,0,53,0,5,7,0,12,9,11,45,0,65,0,0,0,65
11/21/2019,TYR,TX,ASW,CE,Federal Contract Tower,8,10,26,0,44,0,2,2,0,4,8,12,28,0,48,0,0,0,48
11/22/2019,TYR,TX,ASW,CE,Federal Contract Tower,8,11,39,0,58,0,0,0,0,0,8,11,39,0,58,0,0,0,58
11/23/2019,TYR,TX,ASW,CE,Federal Contract Tower,5,3,20,0,28,0,6,42,0,48,5,9,62,0,76,30,0,30,106
11/24/2019,TYR,TX,ASW,CE,Federal Contract Tower,7,1,31,0,39,0,1,53,0,54,7,2,84,0,93,36,0,36,129
11/25/2019,TYR,TX,ASW,CE,Federal Contract Tower,10,15,29,0,54,0,0,69,0,69,10,15,98,0,123,24,0,24,147
11/26/2019,TYR,TX,ASW,CE,Federal Contract Tower,7,12,26,0,45,0,7,15,0,22,7,19,41,0,67,0,0,0,67
11/27/2019,TYR,TX,ASW,CE,Federal Contract Tower,8,6,27,0,41,0,5,63,0,68,8,11,90,0,109,10,0,10,119
11/28/2019,TYR,TX,ASW,CE,Federal Contract Tower,4,2,4,0,10,0,0,0,0,0,4,2,4,0,10,0,0,0,10
11/29/2019,TYR,TX,ASW,CE,Federal Contract Tower,6,5,22,0,33,0,1,1,0,2,6,6,23,0,35,0,0,0,35
11/30/2019,TYR,TX,ASW,CE,Federal Contract Tower,7,11,10,0,28,0,6,16,0,22,7,17,26,0,50,2,0,2,52
12/01/2019,TYR,TX,ASW,CE,Federal Contract Tower,9,3,19,0,31,0,1,35,0,36,9,4,54,0,67,12,0,12,79
12/02/2019,TYR,TX,ASW,CE,Federal Contract Tower,9,14,28,0,51,0,6,44,0,50,9,20,72,0,101,32,0,32,133
12/03/2019,TYR,TX,ASW,CE,Federal Contract Tower,8,5,28,0,41,0,2,45,0,47,8,7,73,0,88,10,0,10,98
12/04/2019,TYR,TX,ASW,CE,Federal Contract Tower,9,5,29,0,43,0,7,56,0,63,9,12,85,0,106,14,0,14,120
12/05/2019,TYR,TX,ASW,CE,Federal Contract Tower,9,6,20,0,35,0,7,37,0,44,9,13,57,0,79,8,0,8,87
12/06/2019,TYR,TX,ASW,CE,Federal Contract Tower,11,5,19,0,35,0,2,11,0,13,11,7,30,0,48,6,0,6,54
12/07/2019,TYR,TX,ASW,CE,Federal Contract Tower,6,7,9,0,22,0,5,27,8,40,6,12,36,8,62,52,0,52,114
12/08/2019,TYR,TX,ASW,CE,Federal Contract Tower,8,6,12,0,26,0,1,19,0,20,8,7,31,0,46,4,0,4,50
12/09/2019,TYR,TX,ASW,CE,Federal Contract Tower,12,5,19,1,37,0,11,32,0,43,12,16,51,1,80,38,0,38,118
12/10/2019,TYR,TX,ASW,CE,Federal Contract Tower,12,10,27,0,49,0,0,0,0,0,12,10,27,0,49,0,0,0,49
12/11/2019,TYR,TX,ASW,CE,Federal Contract Tower,9,4,22,0,35,0,2,67,0,69,9,6,89,0,104,52,0,52,156
12/12/2019,TYR,TX,ASW,CE,Federal Contract Tower,10,3,32,0,45,0,8,37,0,45,10,11,69,0,90,18,0,18,108
12/13/2019,TYR,TX,ASW,CE,Federal Contract Tower,11,4,27,1,43,0,4,37,2,43,11,8,64,3,86,20,0,20,106
12/14/2019,TYR,TX,ASW,CE,Federal Contract Tower,4,3,11,0,18,0,4,35,0,39,4,7,46,0,57,18,0,18,75
12/15/2019,TYR,TX,ASW,CE,Federal Contract Tower,7,9,12,2,30,0,5,13,0,18,7,14,25,2,48,14,0,14,62
12/16/2019,TYR,TX,ASW,CE,Federal Contract Tower,10,6,19,0,35,0,0,0,0,0,10,6,19,0,35,0,0,0,35
12/17/2019,TYR,TX,ASW,CE,Federal Contract Tower,8,16,32,0,56,0,1,44,0,45,8,17,76,0,101,6,0,6,107
12/18/2019,TYR,TX,ASW,CE,Federal Contract Tower,8,5,32,0,45,0,5,46,0,51,8,10,78,0,96,26,0,26,122
12/19/2019,TYR,TX,ASW,CE,Federal Contract Tower,8,6,33,0,47,0,2,56,0,58,8,8,89,0,105,34,0,34,139
12/20/2019,TYR,TX,ASW,CE,Federal Contract Tower,10,11,21,2,44,0,1,33,0,34,10,12,54,2,78,6,0,6,84
12/21/2019,TYR,TX,ASW,CE,Federal Contract Tower,6,5,14,0,25,0,1,19,0,20,6,6,33,0,45,0,0,0,45
12/22/2019,TYR,TX,ASW,CE,Federal Contract Tower,13,12,15,0,40,0,4,54,0,58,13,16,69,0,98,38,0,38,136
12/23/2019,TYR,TX,ASW,CE,Federal Contract Tower,8,11,30,0,49,0,2,39,0,41,8,13,69,0,90,18,0,18,108
12/24/2019,TYR,TX,ASW,CE,Federal Contract Tower,7,9,7,0,23,0,0,20,0,20,7,9,27,0,43,30,0,30,73
12/25/2019,TYR,TX,ASW,CE,Federal Contract Tower,6,3,8,0,17,0,5,21,0,26,6,8,29,0,43,10,0,10,53
12/26/2019,TYR,TX,ASW,CE,Federal Contract Tower,7,4,14,0,25,0,4,13,0,17,7,8,27,0,42,6,0,6,48
12/27/2019,TYR,TX,ASW,CE,Federal Contract Tower,9,4,28,0,41,0,4,16,0,20,9,8,44,0,61,4,0,4,65
12/28/2019,TYR,TX,ASW,CE,Federal Contract Tower,9,11,19,0,39,0,0,0,0,0,9,11,19,0,39,4,0,4,43
12/29/2019,TYR,TX,ASW,CE,Federal Contract Tower,8,2,13,0,23,0,0,19,0,19,8,2,32,0,42,24,0,24,66
12/30/2019,TYR,TX,ASW,CE,Federal Contract Tower,10,5,19,0,34,0,4,43,0,47,10,9,62,0,81,10,0,10,91
12/31/2019,TYR,TX,ASW,CE,Federal Contract Tower,9,6,18,0,33,0,7,56,0,63,9,13,74,0,96,28,0,28,124
01/01/2020,TYR,TX,ASW,CE,Federal Contract Tower,8,4,9,0,21,0,7,14,0,21,8,11,23,0,42,22,0,22,64
01/02/2020,TYR,TX,ASW,CE,Federal Contract Tower,9,11,12,0,32,0,0,4,0,4,9,11,16,0,36,0,0,0,36
01/03/2020,TYR,TX,ASW,CE,Federal Contract Tower,8,5,24,0,37,0,2,4,0,6,8,7,28,0,43,0,0,0,43
01/04/2020,TYR,TX,ASW,CE,Federal Contract Tower,8,4,21,0,33,0,4,58,0,62,8,8,79,0,95,20,0,20,115
01/05/2020,TYR,TX,ASW,CE,Federal Contract Tower,7,5,14,0,26,0,3,36,0,39,7,8,50,0,65,60,0,60,125
01/06/2020,TYR,TX,ASW,CE,Federal Contract Tower,10,7,24,2,43,0,3,40,0,43,10,10,64,2,86,64,0,64,150
01/07/2020,TYR,TX,ASW,CE,Federal Contract Tower,7,3,31,0,41,0,0,48,1,49,7,3,79,1,90,26,0,26,116
01/08/2020,TYR,TX,ASW,CE,Federal Contract Tower,7,3,22,0,32,0,5,33,0,38,7,8,55,0,70,26,0,26,96
01/09/2020,TYR,TX,ASW,CE,Federal Contract Tower,8,4,17,0,29,0,2,2,0,4,8,6,19,0,33,0,0,0,33
01/10/2020,TYR,TX,ASW,CE,Federal Contract Tower,6,2,6,0,14,0,1,1,0,2,6,3,7,0,16,0,0,0,16
01/11/2020,TYR,TX,ASW,CE,Federal Contract Tower,7,2,10,0,19,0,0,9,0,9,7,2,19,0,28,4,0,4,32
01/12/2020,TYR,TX,ASW,CE,Federal Contract Tower,7,3,30,0,40,0,0,29,0,29,7,3,59,0,69,50,0,50,119
01/13/2020,TYR,TX,ASW,CE,Federal Contract Tower,11,9,30,0,50,0,0,20,0,20,11,9,50,0,70,48,0,48,118
01/14/2020,TYR,TX,ASW,CE,Federal Contract Tower,8,8,28,0,44,0,0,0,0,0,8,8,28,0,44,0,0,0,44
01/15/2020,TYR,TX,ASW,CE,Federal Contract Tower,8,6,26,0,40,0,3,5,0,8,8,9,31,0,48,4,0,4,52
01/16/2020,TYR,TX,ASW,CE,Federal Contract Tower,9,13,35,0,57,0,0,0,0,0,9,13,35,0,57,0,0,0,57
01/17/2020,TYR,TX,ASW,CE,Federal Contract Tower,11,5,29,0,45,0,0,0,0,0,11,5,29,0,45,4,0,4,49
01/18/2020,TYR,TX,ASW,CE,Federal Contract Tower,6,4,11,0,21,0,0,42,0,42,6,4,53,0,63,20,0,20,83
01/19/2020,TYR,TX,ASW,CE,Federal Contract Tower,7,1,13,0,21,0,1,67,0,68,7,2,80,0,89,4,0,4,93
01/20/2020,TYR,TX,ASW,CE,Federal Contract Tower,12,3,18,0,33,0,6,69,0,75,12,9,87,0,108,76,0,76,184
01/21/2020,TYR,TX,ASW,CE,Federal Contract Tower,7,8,40,0,55,0,4,65,0,69,7,12,105,0,124,32,0,32,156
01/22/2020,TYR,TX,ASW,CE,Federal Contract Tower,7,6,15,0,28,0,0,0,0,0,7,6,15,0,28,0,0,0,28
01/23/2020,TYR,TX,ASW,CE,Federal Contract Tower,7,6,20,0,33,0,5,11,2,18,7,11,31,2,51,2,0,2,53
01/24/2020,TYR,TX,ASW,CE,Federal Contract Tower,11,5,17,0,33,0,6,57,0,63,11,11,74,0,96,32,0,32,128
01/25/2020,TYR,TX,ASW,CE,Federal Contract Tower,7,5,14,0,26,0,2,71,0,73,7,7,85,0,99,26,0,26,125
01/26/2020,TYR,TX,ASW,CE,Federal Contract Tower,11,2,37,0,50,0,0,29,0,29,11,2,66,0,79,30,0,30,109
01/27/2020,TYR,TX,ASW,CE,Federal Contract Tower,8,8,22,0,38,0,5,45,0,50,8,13,67,0,88,66,0,66,154
01/28/2020,TYR,TX,ASW,CE,Federal Contract Tower,7,9,10,0,26,0,0,0,0,0,7,9,10,0,26,0,0,0,26
01/29/2020,TYR,TX,ASW,CE,Federal Contract Tower,7,12,28,0,47,0,0,2,0,2,7,12,30,0,49,0,0,0,49
01/30/2020,TYR,TX,ASW,CE,Federal Contract Tower,12,14,26,0,52,0,0,1,0,1,12,14,27,0,53,0,0,0,53
01/31/2020,TYR,TX,ASW,CE,Federal Contract Tower,11,7,33,0,51,0,6,23,0,29,11,13,56,0,80,24,0,24,104
02/01/2020,TYR,TX,ASW,CE,Federal Contract Tower,6,4,12,0,22,0,5,74,0,79,6,9,86,0,101,38,0,38,139
02/02/2020,TYR,TX,ASW,CE,Federal Contract Tower,7,0,22,0,29,0,9,46,0,55,7,9,68,0,84,52,0,52,136
02/03/2020,TYR,TX,ASW,CE,Federal Contract Tower,8,3,20,2,33,0,1,11,0,12,8,4,31,2,45,20,0,20,65
02/04/2020,TYR,TX,ASW,CE,Federal Contract Tower,7,6,12,0,25,0,5,2,0,7,7,11,14,0,32,0,0,0,32
02/05/2020,TYR,TX,ASW,CE,Federal Contract Tower,7,2,12,0,21,0,0,0,0,0,7,2,12,0,21,0,0,0,21
02/06/2020,TYR,TX,ASW,CE,Federal Contract Tower,8,7,16,0,31,0,6,19,0,25,8,13,35,0,56,18,0,18,74
02/07/2020,TYR,TX,ASW,CE,Federal Contract Tower,8,11,27,0,46,0,4,63,0,67,8,15,90,0,113,44,0,44,157
02/08/2020,TYR,TX,ASW,CE,Federal Contract Tower,7,6,23,0,36,0,6,80,0,86,7,12,103,0,122,6,0,6,128
02/09/2020,TYR,TX,ASW,CE,Federal Contract Tower,7,3,11,0,21,0,0,1,0,1,7,3,12,0,22,6,0,6,28
02/10/2020,TYR,TX,ASW,CE,Federal Contract Tower,10,3,13,0,26,0,0,0,0,0,10,3,13,0,26,0,0,0,26
02/11/2020,TYR,TX,ASW,CE,Federal Contract Tower,7,5,15,0,27,0,0,0,0,0,7,5,15,0,27,0,0,0,27
02/12/2020,TYR,TX,ASW,CE,Federal Contract Tower,7,6,21,0,34,0,0,1,0,1,7,6,22,0,35,0,0,0,35
02/13/2020,TYR,TX,ASW,CE,Federal Contract Tower,9,11,30,0,50,0,3,19,3,25,9,14,49,3,75,24,0,24,99
02/14/2020,TYR,TX,ASW,CE,Federal Contract Tower,7,7,24,0,38,0,8,67,2,77,7,15,91,2,115,76,0,76,191
02/15/2020,TYR,TX,ASW,CE,Federal Contract Tower,5,8,20,0,33,0,4,45,0,49,5,12,65,0,82,18,0,18,100
02/16/2020,TYR,TX,ASW,CE,Federal Contract Tower,8,3,28,0,39,0,4,43,0,47,8,7,71,0,86,12,0,12,98
02/17/2020,TYR,TX,ASW,CE,Federal Contract Tower,11,3,31,0,45,0,0,5,0,5,11,3,36,0,50,0,0,0,50
02/18/2020,TYR,TX,ASW,CE,Federal Contract Tower,6,11,18,0,35,0,0,0,0,0,6,11,18,0,35,0,0,0,35
02/19/2020,TYR,TX,ASW,CE,Federal Contract Tower,6,6,22,0,34,0,0,0,0,0,6,6,22,0,34,0,0,0,34
02/20/2020,TYR,TX,ASW,CE,Federal Contract Tower,7,4,19,0,30,0,1,4,0,5,7,5,23,0,35,0,0,0,35
02/21/2020,TYR,TX,ASW,CE,Federal Contract Tower,10,10,29,1,50,0,7,82,1,90,10,17,111,2,140,42,0,42,182
02/22/2020,TYR,TX,ASW,CE,Federal Contract Tower,7,4,17,4,32,0,4,64,0,68,7,8,81,4,100,34,0,34,134
02/23/2020,TYR,TX,ASW,CE,Federal Contract Tower,11,7,23,0,41,0,0,0,0,0,11,7,23,0,41,0,0,0,41
02/24/2020,TYR,TX,ASW,CE,Federal Contract Tower,9,7,26,2,44,0,3,18,0,21,9,10,44,2,65,6,0,6,71
02/25/2020,TYR,TX,ASW,CE,Federal Contract Tower,8,12,30,0,50,0,6,48,2,56,8,18,78,2,106,4,0,4,110
02/26/2020,TYR,TX,ASW,CE,Federal Contract Tower,6,8,17,0,31,0,1,15,0,16,6,9,32,0,47,4,0,4,51
02/27/2020,TYR,TX,ASW,CE,Federal Contract Tower,8,8,19,0,35,0,5,58,0,63,8,13,77,0,98,38,0,38,136
02/28/2020,TYR,TX,ASW,CE,Federal Contract Tower,10,4,25,0,39,0,9,85,0,94,10,13,110,0,133,44,0,44,177
02/29/2020,TYR,TX,ASW,CE,Federal Contract Tower,8,4,15,0,27,0,11,55,0,66,8,15,70,0,93,18,0,18,111
03/01/2020,TYR,TX,ASW,CE,Federal Contract Tower,7,4,11,0,22,0,7,3,0,10,7,11,14,0,32,0,0,0,32
03/02/2020,TYR,TX,ASW,CE,Federal Contract Tower,12,4,18,0,34,0,5,12,0,17,12,9,30,0,51,24,0,24,75
03/03/2020,TYR,TX,ASW,CE,Federal Contract Tower,7,7,22,0,36,0,0,11,0,11,7,7,33,0,47,12,0,12,59
03/04/2020,TYR,TX,ASW,CE,Federal Contract Tower,6,4,9,0,19,0,3,0,0,3,6,7,9,0,22,0,0,0,22
03/05/2020,TYR,TX,ASW,CE,Federal Contract Tower,7,5,41,0,53,0,9,100,0,109,7,14,141,0,162,76,0,76,238
03/06/2020,TYR,TX,ASW,CE,Federal Contract Tower,7,9,26,0,42,0,13,65,0,78,7,22,91,0,120,36,0,36,156
03/07/2020,TYR,TX,ASW,CE,Federal Contract Tower,2,6,23,0,31,0,6,87,4,97,2,12,110,4,128,72,0,72,200
03/08/2020,TYR,TX,ASW,CE,Federal Contract Tower,7,4,22,0,33,0,4,33,0,37,7,8,55,0,70,26,0,26,96
03/09/2020,TYR,TX,ASW,CE,Federal Contract Tower,9,8,17,0,34,0,0,1,0,1,9,8,18,0,35,8,0,8,43
03/10/2020,TYR,TX,ASW,CE,Federal Contract Tower,6,6,20,0,32,0,2,29,0,31,6,8,49,0,63,14,0,14,77
03/11/2020,TYR,TX,ASW,CE,Federal Contract Tower,5,6,42,0,53,0,3,16,0,19,5,9,58,0,72,4,0,4,76
03/12/2020,TYR,TX,ASW,CE,Federal Contract Tower,6,5,26,0,37,0,4,4,0,8,6,9,30,0,45,0,0,0,45
03/13/2020,TYR,TX,ASW,CE,Federal Contract Tower,6,7,14,0,27,0,5,9,0,14,6,12,23,0,41,14,0,14,55
03/14/2020,TYR,TX,ASW,CE,Federal Contract Tower,2,4,18,2,26,0,7,5,0,12,2,11,23,2,38,26,0,26,64
03/15/2020,TYR,TX,ASW,CE,Federal Contract Tower,10,1,11,0,22,0,0,3,0,3,10,1,14,0,25,0,0,0,25
03/16/2020,TYR,TX,ASW,CE,Federal Contract Tower,6,5,14,0,25,0,0,2,0,2,6,5,16,0,27,0,0,0,27
03/17/2020,TYR,TX,ASW,CE,Federal Contract Tower,3,12,12,0,27,0,2,0,0,2,3,14,12,0,29,0,0,0,29
03/18/2020,TYR,TX,ASW,CE,Federal Contract Tower,6,8,13,0,27,0,3,15,0,18,6,11,28,0,45,8,0,8,53
03/19/2020,TYR,TX,ASW,CE,Federal Contract Tower,3,5,5,0,13,0,2,6,0,8,3,7,11,0,21,2,0,2,23
03/20/2020,TYR,TX,ASW,CE,Federal Contract Tower,5,6,10,0,21,0,0,2,0,2,5,6,12,0,23,0,0,0,23
03/21/2020,TYR,TX,ASW,CE,Federal Contract Tower,2,2,10,0,14,0,0,6,0,6,2,2,16,0,20,18,0,18,38
03/22/2020,TYR,TX,ASW,CE,Federal Contract Tower,0,0,0,0,0,0,0,0,0,0,0,0,0,0,0,0,0,0,0
03/23/2020,TYR,TX,ASW,CE,Federal Contract Tower,8,3,11,0,22,0,0,1,0,1,8,3,12,0,23,0,0,0,23
03/24/2020,TYR,TX,ASW,CE,Federal Contract Tower,3,4,15,0,22,0,1,32,0,33,3,5,47,0,55,24,0,24,79
03/25/2020,TYR,TX,ASW,CE,Federal Contract Tower,2,5,17,0,24,0,8,74,0,82,2,13,91,0,106,58,0,58,164
03/26/2020,TYR,TX,ASW,CE,Federal Contract Tower,2,3,5,0,10,0,6,39,0,45,2,9,44,0,55,26,0,26,81
03/27/2020,TYR,TX,ASW,CE,Federal Contract Tower,4,2,17,2,25,0,9,18,2,29,4,11,35,4,54,22,0,22,76
03/28/2020,TYR,TX,ASW,CE,Federal Contract Tower,3,5,0,0,8,0,0,8,0,8,3,5,8,0,16,20,0,20,36
03/29/2020,TYR,TX,ASW,CE,Federal Contract Tower,2,3,6,0,11,0,0,62,0,62,2,3,68,0,73,26,0,26,99
03/30/2020,TYR,TX,ASW,CE,Federal Contract Tower,3,3,4,0,10,0,0,3,0,3,3,3,7,0,13,0,0,0,13
03/31/2020,TYR,TX,ASW,CE,Federal Contract Tower,1,5,23,0,29,0,1,16,0,17,1,6,39,0,46,36,0,36,82
04/01/2020,TYR,TX,ASW,CE,Federal Contract Tower,7,3,8,0,18,0,2,72,0,74,7,5,80,0,92,52,0,52,144
04/02/2020,TYR,TX,ASW,CE,Federal Contract Tower,4,6,10,0,20,0,2,8,0,10,4,8,18,0,30,2,0,2,32
04/03/2020,TYR,TX,ASW,CE,Federal Contract Tower,4,4,4,0,12,0,0,0,0,0,4,4,4,0,12,0,0,0,12
04/04/2020,TYR,TX,ASW,CE,Federal Contract Tower,0,5,1,0,6,0,0,0,0,0,0,5,1,0,6,0,0,0,6
04/05/2020,TYR,TX,ASW,CE,Federal Contract Tower,2,9,25,0,36,0,0,6,0,6,2,9,31,0,42,4,0,4,46
04/06/2020,TYR,TX,ASW,CE,Federal Contract Tower,5,3,14,0,22,0,0,23,0,23,5,3,37,0,45,10,0,10,55
04/07/2020,TYR,TX,ASW,CE,Federal Contract Tower,6,4,6,0,16,0,8,35,0,43,6,12,41,0,59,28,0,28,87
04/08/2020,TYR,TX,ASW,CE,Federal Contract Tower,4,3,3,0,10,0,6,30,0,36,4,9,33,0,46,30,0,30,76
04/09/2020,TYR,TX,ASW,CE,Federal Contract Tower,4,4,6,0,14,0,3,16,0,19,4,7,22,0,33,10,0,10,43
04/10/2020,TYR,TX,ASW,CE,Federal Contract Tower,3,2,4,0,9,0,6,56,0,62,3,8,60,0,71,36,0,36,107
04/11/2020,TYR,TX,ASW,CE,Federal Contract Tower,3,1,7,0,11,0,4,4,0,8,3,5,11,0,19,0,0,0,19
04/12/2020,TYR,TX,ASW,CE,Federal Contract Tower,2,1,7,0,10,0,0,3,0,3,2,1,10,0,13,0,0,0,13
04/13/2020,TYR,TX,ASW,CE,Federal Contract Tower,3,3,17,0,23,0,0,42,0,42,3,3,59,0,65,16,0,16,81
04/14/2020,TYR,TX,ASW,CE,Federal Contract Tower,3,4,16,0,23,0,3,30,0,33,3,7,46,0,56,24,0,24,80
04/15/2020,TYR,TX,ASW,CE,Federal Contract Tower,2,4,14,0,20,0,3,61,0,64,2,7,75,0,84,16,0,16,100
04/16/2020,TYR,TX,ASW,CE,Federal Contract Tower,4,3,11,0,18,0,9,57,0,66,4,12,68,0,84,42,0,42,126
04/17/2020,TYR,TX,ASW,CE,Federal Contract Tower,6,2,20,0,28,0,1,7,0,8,6,3,27,0,36,6,0,6,42
04/18/2020,TYR,TX,ASW,CE,Federal Contract Tower,2,3,9,0,14,0,8,30,0,38,2,11,39,0,52,64,0,64,116
04/19/2020,TYR,TX,ASW,CE,Federal Contract Tower,2,2,7,0,11,0,0,10,0,10,2,2,17,0,21,12,0,12,33
04/20/2020,TYR,TX,ASW,CE,Federal Contract Tower,2,4,7,0,13,0,2,37,0,39,2,6,44,0,52,46,0,46,98
04/21/2020,TYR,TX,ASW,CE,Federal Contract Tower,1,3,9,0,13,0,7,54,0,61,1,10,63,0,74,40,0,40,114
04/22/2020,TYR,TX,ASW,CE,Federal Contract Tower,3,3,5,0,11,0,1,2,0,3,3,4,7,0,14,6,0,6,20
04/23/2020,TYR,TX,ASW,CE,Federal Contract Tower,4,4,13,0,21,0,11,56,0,67,4,15,69,0,88,16,0,16,104
04/24/2020,TYR,TX,ASW,CE,Federal Contract Tower,4,2,4,0,10,0,3,37,0,40,4,5,41,0,50,16,0,16,66
04/25/2020,TYR,TX,ASW,CE,Federal Contract Tower,2,5,11,0,18,0,6,46,0,52,2,11,57,0,70,14,0,14,84
04/26/2020,TYR,TX,ASW,CE,Federal Contract Tower,4,0,19,0,23,0,0,71,0,71,4,0,90,0,94,16,0,16,110
04/27/2020,TYR,TX,ASW,CE,Federal Contract Tower,3,2,16,0,21,0,2,13,0,15,3,4,29,0,36,10,0,10,46
04/28/2020,TYR,TX,ASW,CE,Federal Contract Tower,4,5,11,0,20,0,3,10,0,13,4,8,21,0,33,0,0,0,33
04/29/2020,TYR,TX,ASW,CE,Federal Contract Tower,2,3,10,0,15,0,1,35,0,36,2,4,45,0,51,4,0,4,55
04/30/2020,TYR,TX,ASW,CE,Federal Contract Tower,2,6,20,0,28,0,13,105,0,118,2,19,125,0,146,30,0,30,176
05/01/2020,TYR,TX,ASW,CE,Federal Contract Tower,1,3,25,3,32,0,0,35,0,35,1,3,60,3,67,52,2,54,121
05/02/2020,TYR,TX,ASW,CE,Federal Contract Tower,3,3,9,0,15,0,0,29,0,29,3,3,38,0,44,32,0,32,76
05/03/2020,TYR,TX,ASW,CE,Federal Contract Tower,1,0,11,0,12,0,2,29,0,31,1,2,40,0,43,0,0,0,43
05/04/2020,TYR,TX,ASW,CE,Federal Contract Tower,3,2,6,0,11,0,1,35,0,36,3,3,41,0,47,16,0,16,63
05/05/2020,TYR,TX,ASW,CE,Federal Contract Tower,4,1,13,0,18,0,2,32,0,34,4,3,45,0,52,20,0,20,72
05/06/2020,TYR,TX,ASW,CE,Federal Contract Tower,2,3,13,0,18,0,6,80,0,86,2,9,93,0,104,38,0,38,142
05/07/2020,TYR,TX,ASW,CE,Federal Contract Tower,5,2,24,0,31,0,1,43,0,44,5,3,67,0,75,24,0,24,99
05/08/2020,TYR,TX,ASW,CE,Federal Contract Tower,4,6,17,0,27,0,1,17,0,18,4,7,34,0,45,4,0,4,49
05/09/2020,TYR,TX,ASW,CE,Federal Contract Tower,4,3,11,0,18,0,2,64,0,66,4,5,75,0,84,34,0,34,118
05/10/2020,TYR,TX,ASW,CE,Federal Contract Tower,5,4,17,0,26,0,1,55,0,56,5,5,72,0,82,10,0,10,92
05/11/2020,TYR,TX,ASW,CE,Federal Contract Tower,4,4,14,0,22,0,1,2,0,3,4,5,16,0,25,46,0,46,71
05/12/2020,TYR,TX,ASW,CE,Federal Contract Tower,4,4,5,0,13,0,2,11,0,13,4,6,16,0,26,2,0,2,28
05/13/2020,TYR,TX,ASW,CE,Federal Contract Tower,4,6,24,0,34,0,3,20,0,23,4,9,44,0,57,48,0,48,105
05/14/2020,TYR,TX,ASW,CE,Federal Contract Tower,4,5,22,0,31,0,8,37,0,45,4,13,59,0,76,72,0,72,148
05/15/2020,TYR,TX,ASW,CE,Federal Contract Tower,3,2,31,0,36,0,6,17,0,23,3,8,48,0,59,44,0,44,103
05/16/2020,TYR,TX,ASW,CE,Federal Contract Tower,3,3,2,0,8,0,0,0,0,0,3,3,2,0,8,0,0,0,8
05/17/2020,TYR,TX,ASW,CE,Federal Contract Tower,6,2,19,0,27,0,5,22,0,27,6,7,41,0,54,14,0,14,68
05/18/2020,TYR,TX,ASW,CE,Federal Contract Tower,4,2,21,0,27,0,8,65,0,73,4,10,86,0,100,56,0,56,156
05/19/2020,TYR,TX,ASW,CE,Federal Contract Tower,4,5,16,0,25,0,4,66,0,70,4,9,82,0,95,46,0,46,141
05/20/2020,TYR,TX,ASW,CE,Federal Contract Tower,4,5,27,0,36,0,2,19,0,21,4,7,46,0,57,22,0,22,79
05/21/2020,TYR,TX,ASW,CE,Federal Contract Tower,4,4,33,0,41,0,4,5,0,9,4,8,38,0,50,0,0,0,50
05/22/2020,TYR,TX,ASW,CE,Federal Contract Tower,4,5,23,0,32,0,2,10,0,12,4,7,33,0,44,10,0,10,54
05/23/2020,TYR,TX,ASW,CE,Federal Contract Tower,4,6,11,0,21,0,1,31,0,32,4,7,42,0,53,8,0,8,61
05/24/2020,TYR,TX,ASW,CE,Federal Contract Tower,6,0,9,0,15,0,0,6,0,6,6,0,15,0,21,0,0,0,21
05/25/2020,TYR,TX,ASW,CE,Federal Contract Tower,4,2,21,0,27,0,0,4,0,4,4,2,25,0,31,0,0,0,31
05/26/2020,TYR,TX,ASW,CE,Federal Contract Tower,4,3,14,0,21,0,1,21,0,22,4,4,35,0,43,8,0,8,51
05/27/2020,TYR,TX,ASW,CE,Federal Contract Tower,4,5,12,0,21,0,2,36,2,40,4,7,48,2,61,36,0,36,97
05/28/2020,TYR,TX,ASW,CE,Federal Contract Tower,4,3,18,0,25,0,0,41,0,41,4,3,59,0,66,10,0,10,76
05/29/2020,TYR,TX,ASW,CE,Federal Contract Tower,4,7,6,0,17,0,9,76,0,85,4,16,82,0,102,58,0,58,160
05/30/2020,TYR,TX,ASW,CE,Federal Contract Tower,4,2,16,0,22,0,9,64,0,73,4,11,80,0,95,32,0,32,127
05/31/2020,TYR,TX,ASW,CE,Federal Contract Tower,6,5,17,0,28,0,7,55,0,62,6,12,72,0,90,4,0,4,94
06/01/2020,TYR,TX,ASW,CE,Federal Contract Tower,4,2,24,0,30,0,3,52,0,55,4,5,76,0,85,6,0,6,91
06/02/2020,TYR,TX,ASW,CE,Federal Contract Tower,3,7,12,0,22,0,7,35,0,42,3,14,47,0,64,16,0,16,80
06/03/2020,TYR,TX,ASW,CE,Federal Contract Tower,4,4,23,0,31,0,5,64,0,69,4,9,87,0,100,40,0,40,140
06/04/2020,TYR,TX,ASW,CE,Federal Contract Tower,4,10,16,0,30,0,4,50,0,54,4,14,66,0,84,10,0,10,94
06/05/2020,TYR,TX,ASW,CE,Federal Contract Tower,4,3,22,0,29,0,5,80,0,85,4,8,102,0,114,58,0,58,172
06/06/2020,TYR,TX,ASW,CE,Federal Contract Tower,3,2,32,0,37,0,3,53,0,56,3,5,85,0,93,56,0,56,149
06/07/2020,TYR,TX,ASW,CE,Federal Contract Tower,4,3,19,0,26,0,8,33,0,41,4,11,52,0,67,10,0,10,77
06/08/2020,TYR,TX,ASW,CE,Federal Contract Tower,4,4,9,0,17,0,3,44,0,47,4,7,53,0,64,26,0,26,90
06/09/2020,TYR,TX,ASW,CE,Federal Contract Tower,4,10,22,0,36,0,4,21,0,25,4,14,43,0,61,6,0,6,67
06/10/2020,TYR,TX,ASW,CE,Federal Contract Tower,4,5,17,0,26,0,5,53,0,58,4,10,70,0,84,20,0,20,104
06/11/2020,TYR,TX,ASW,CE,Federal Contract Tower,4,5,35,0,44,0,6,75,0,81,4,11,110,0,125,38,0,38,163
06/12/2020,TYR,TX,ASW,CE,Federal Contract Tower,4,7,21,0,32,0,3,65,2,70,4,10,86,2,102,34,4,38,140
06/13/2020,TYR,TX,ASW,CE,Federal Contract Tower,4,6,12,0,22,0,2,63,0,65,4,8,75,0,87,24,0,24,111
06/14/2020,TYR,TX,ASW,CE,Federal Contract Tower,4,1,14,0,19,0,4,44,0,48,4,5,58,0,67,4,0,4,71
06/15/2020,TYR,TX,ASW,CE,Federal Contract Tower,4,2,15,0,21,0,7,53,0,60,4,9,68,0,81,46,0,46,127
06/16/2020,TYR,TX,ASW,CE,Federal Contract Tower,4,6,21,0,31,0,10,42,0,52,4,16,63,0,83,20,0,20,103
06/17/2020,TYR,TX,ASW,CE,Federal Contract Tower,4,6,8,0,18,0,4,59,2,65,4,10,67,2,83,24,0,24,107
06/18/2020,TYR,TX,ASW,CE,Federal Contract Tower,5,5,20,0,30,0,7,65,0,72,5,12,85,0,102,40,0,40,142
06/19/2020,TYR,TX,ASW,CE,Federal Contract Tower,4,5,13,0,22,0,7,41,0,48,4,12,54,0,70,28,0,28,98
06/20/2020,TYR,TX,ASW,CE,Federal Contract Tower,4,5,15,0,24,0,2,40,0,42,4,7,55,0,66,40,0,40,106
06/21/2020,TYR,TX,ASW,CE,Federal Contract Tower,4,3,18,0,25,0,2,12,0,14,4,5,30,0,39,2,0,2,41
06/22/2020,TYR,TX,ASW,CE,Federal Contract Tower,5,4,10,0,19,0,3,26,0,29,5,7,36,0,48,14,0,14,62
06/23/2020,TYR,TX,ASW,CE,Federal Contract Tower,4,5,17,0,26,0,11,13,2,26,4,16,30,2,52,0,0,0,52
06/24/2020,TYR,TX,ASW,CE,Federal Contract Tower,4,8,23,0,35,0,3,19,0,22,4,11,42,0,57,0,0,0,57
06/25/2020,TYR,TX,ASW,CE,Federal Contract Tower,4,9,28,0,41,0,3,20,2,25,4,12,48,2,66,0,0,0,66
06/26/2020,TYR,TX,ASW,CE,Federal Contract Tower,4,3,36,0,43,0,4,3,0,7,4,7,39,0,50,0,0,0,50
06/27/2020,TYR,TX,ASW,CE,Federal Contract Tower,4,8,29,0,41,0,2,11,0,13,4,10,40,0,54,0,0,0,54
06/28/2020,TYR,TX,ASW,CE,Federal Contract Tower,4,5,12,0,21,0,2,10,0,12,4,7,22,0,33,6,0,6,39
06/29/2020,TYR,TX,ASW,CE,Federal Contract Tower,4,4,24,0,32,0,3,23,0,26,4,7,47,0,58,24,0,24,82
06/30/2020,TYR,TX,ASW,CE,Federal Contract Tower,4,5,20,0,29,0,2,24,0,26,4,7,44,0,55,10,0,10,65
07/01/2020,TYR,TX,ASW,CE,Federal Contract Tower,4,10,36,0,50,0,6,28,0,34,4,16,64,0,84,24,0,24,108
07/02/2020,TYR,TX,ASW,CE,Federal Contract Tower,3,6,30,1,40,0,1,37,4,42,3,7,67,5,82,45,22,67,149
07/03/2020,TYR,TX,ASW,CE,Federal Contract Tower,4,2,21,0,27,0,0,99,9,108,4,2,120,9,135,18,8,26,161
07/04/2020,TYR,TX,ASW,CE,Federal Contract Tower,4,0,5,0,9,0,2,77,10,89,4,2,82,10,98,0,14,14,112
07/05/2020,TYR,TX,ASW,CE,Federal Contract Tower,3,2,15,0,20,0,1,29,0,30,3,3,44,0,50,6,0,6,56
07/06/2020,TYR,TX,ASW,CE,Federal Contract Tower,4,10,18,1,33,0,1,6,0,7,4,11,24,1,40,0,0,0,40
07/07/2020,TYR,TX,ASW,CE,Federal Contract Tower,4,8,7,5,24,0,1,5,0,6,4,9,12,5,30,4,0,4,34
07/08/2020,TYR,TX,ASW,CE,Federal Contract Tower,4,10,18,1,33,0,4,24,0,28,4,14,42,1,61,14,0,14,75
07/09/2020,TYR,TX,ASW,CE,Federal Contract Tower,4,3,39,0,46,0,7,59,0,66,4,10,98,0,112,16,0,16,128
07/10/2020,TYR,TX,ASW,CE,Federal Contract Tower,4,5,20,0,29,0,13,53,0,66,4,18,73,0,95,10,0,10,105
07/11/2020,TYR,TX,ASW,CE,Federal Contract Tower,4,4,15,0,23,0,1,79,0,80,4,5,94,0,103,44,0,44,147
07/12/2020,TYR,TX,ASW,CE,Federal Contract Tower,4,2,19,0,25,0,1,38,0,39,4,3,57,0,64,14,0,14,78
07/13/2020,TYR,TX,ASW,CE,Federal Contract Tower,4,7,12,0,23,0,1,44,0,45,4,8,56,0,68,20,0,20,88
07/14/2020,TYR,TX,ASW,CE,Federal Contract Tower,4,7,15,0,26,0,4,50,0,54,4,11,65,0,80,14,0,14,94
07/15/2020,TYR,TX,ASW,CE,Federal Contract Tower,4,11,20,2,37,0,5,53,3,61,4,16,73,5,98,54,0,54,152
07/16/2020,TYR,TX,ASW,CE,Federal Contract Tower,3,4,24,0,31,0,5,53,0,58,3,9,77,0,89,82,0,82,171
07/17/2020,TYR,TX,ASW,CE,Federal Contract Tower,4,7,12,0,23,0,5,59,0,64,4,12,71,0,87,8,0,8,95
07/18/2020,TYR,TX,ASW,CE,Federal Contract Tower,3,2,13,0,18,0,15,51,0,66,3,17,64,0,84,36,0,36,120
07/19/2020,TYR,TX,ASW,CE,Federal Contract Tower,4,2,22,0,28,0,5,55,0,60,4,7,77,0,88,28,0,28,116
07/20/2020,TYR,TX,ASW,CE,Federal Contract Tower,4,3,19,0,26,0,3,54,0,57,4,6,73,0,83,30,0,30,113
07/21/2020,TYR,TX,ASW,CE,Federal Contract Tower,3,5,14,0,22,0,3,16,0,19,3,8,30,0,41,0,0,0,41
07/22/2020,TYR,TX,ASW,CE,Federal Contract Tower,2,6,16,0,24,0,4,11,0,15,2,10,27,0,39,2,0,2,41
07/23/2020,TYR,TX,ASW,CE,Federal Contract Tower,4,7,21,0,32,0,1,52,0,53,4,8,73,0,85,28,0,28,113
07/24/2020,TYR,TX,ASW,CE,Federal Contract Tower,4,5,22,0,31,0,4,46,0,50,4,9,68,0,81,38,0,38,119
07/25/2020,TYR,TX,ASW,CE,Federal Contract Tower,4,8,12,2,26,0,0,17,0,17,4,8,29,2,43,28,0,28,71
07/26/2020,TYR,TX,ASW,CE,Federal Contract Tower,5,7,8,0,20,0,0,19,0,19,5,7,27,0,39,0,0,0,39
07/27/2020,TYR,TX,ASW,CE,Federal Contract Tower,4,9,33,0,46,0,1,21,0,22,4,10,54,0,68,32,0,32,100
07/28/2020,TYR,TX,ASW,CE,Federal Contract Tower,4,6,13,0,23,0,5,19,0,24,4,11,32,0,47,4,0,4,51
07/29/2020,TYR,TX,ASW,CE,Federal Contract Tower,4,6,15,0,25,0,1,41,0,42,4,7,56,0,67,16,0,16,83
07/30/2020,TYR,TX,ASW,CE,Federal Contract Tower,4,6,29,0,39,0,7,58,0,65,4,13,87,0,104,36,0,36,140
07/31/2020,TYR,TX,ASW,CE,Federal Contract Tower,4,11,26,0,41,0,4,42,0,46,4,15,68,0,87,32,0,32,119
08/01/2020,TYR,TX,ASW,CE,Federal Contract Tower,4,6,18,0,28,0,4,65,0,69,4,10,83,0,97,8,0,8,105
08/02/2020,TYR,TX,ASW,CE,Federal Contract Tower,4,4,16,0,24,0,4,61,0,65,4,8,77,0,89,28,0,28,117
08/03/2020,TYR,TX,ASW,CE,Federal Contract Tower,4,2,11,0,17,0,3,58,1,62,4,5,69,1,79,0,0,0,79
08/04/2020,TYR,TX,ASW,CE,Federal Contract Tower,4,5,17,0,26,0,6,45,0,51,4,11,62,0,77,48,0,48,125
08/05/2020,TYR,TX,ASW,CE,Federal Contract Tower,4,9,13,0,26,0,8,14,0,22,4,17,27,0,48,12,0,12,60
08/06/2020,TYR,TX,ASW,CE,Federal Contract Tower,5,10,12,0,27,0,4,53,0,57,5,14,65,0,84,54,0,54,138
08/07/2020,TYR,TX,ASW,CE,Federal Contract Tower,5,1,21,0,27,0,6,50,2,58,5,7,71,2,85,26,0,26,111
08/08/2020,TYR,TX,ASW,CE,Federal Contract Tower,4,3,12,0,19,0,2,52,0,54,4,5,64,0,73,0,0,0,73
08/09/2020,TYR,TX,ASW,CE,Federal Contract Tower,4,2,24,0,30,0,0,41,0,41,4,2,65,0,71,12,0,12,83
08/10/2020,TYR,TX,ASW,CE,Federal Contract Tower,4,6,16,0,26,0,1,39,0,40,4,7,55,0,66,20,0,20,86
08/11/2020,TYR,TX,ASW,CE,Federal Contract Tower,4,7,14,0,25,0,4,23,0,27,4,11,37,0,52,6,0,6,58
08/12/2020,TYR,TX,ASW,CE,Federal Contract Tower,4,3,18,2,27,0,1,42,0,43,4,4,60,2,70,34,0,34,104
08/13/2020,TYR,TX,ASW,CE,Federal Contract Tower,4,8,26,0,38,0,1,54,0,55,4,9,80,0,93,28,0,28,121
08/14/2020,TYR,TX,ASW,CE,Federal Contract Tower,7,2,19,0,28,0,3,49,0,52,7,5,68,0,80,34,0,34,114
08/15/2020,TYR,TX,ASW,CE,Federal Contract Tower,4,7,11,0,22,0,3,50,0,53,4,10,61,0,75,6,0,6,81
08/16/2020,TYR,TX,ASW,CE,Federal Contract Tower,5,5,18,0,28,0,4,37,0,41,5,9,55,0,69,18,0,18,87
08/17/2020,TYR,TX,ASW,CE,Federal Contract Tower,6,9,20,0,35,0,3,25,0,28,6,12,45,0,63,0,0,0,63
08/18/2020,TYR,TX,ASW,CE,Federal Contract Tower,4,7,9,0,20,0,2,48,0,50,4,9,57,0,70,4,0,4,74
08/19/2020,TYR,TX,ASW,CE,Federal Contract Tower,4,3,18,0,25,0,11,44,0,55,4,14,62,0,80,36,0,36,116
08/20/2020,TYR,TX,ASW,CE,Federal Contract Tower,4,6,24,2,36,0,4,35,0,39,4,10,59,2,75,12,0,12,87
08/21/2020,TYR,TX,ASW,CE,Federal Contract Tower,4,7,18,0,29,0,11,42,0,53,4,18,60,0,82,0,0,0,82
08/22/2020,TYR,TX,ASW,CE,Federal Contract Tower,4,5,12,0,21,0,4,82,0,86,4,9,94,0,107,62,0,62,169
08/23/2020,TYR,TX,ASW,CE,Federal Contract Tower,4,5,13,0,22,0,4,25,0,29,4,9,38,0,51,4,0,4,55
08/24/2020,TYR,TX,ASW,CE,Federal Contract Tower,4,6,24,0,34,0,4,37,0,41,4,10,61,0,75,4,0,4,79
08/25/2020,TYR,TX,ASW,CE,Federal Contract Tower,4,22,18,0,44,0,9,39,0,48,4,31,57,0,92,42,0,42,134
08/26/2020,TYR,TX,ASW,CE,Federal Contract Tower,2,11,7,0,20,0,1,15,0,16,2,12,22,0,36,0,0,0,36
08/27/2020,TYR,TX,ASW,CE,Federal Contract Tower,3,3,4,0,10,0,4,22,0,26,3,7,26,0,36,0,0,0,36
08/28/2020,TYR,TX,ASW,CE,Federal Contract Tower,4,6,27,0,37,0,7,20,0,27,4,13,47,0,64,0,0,0,64
08/29/2020,TYR,TX,ASW,CE,Federal Contract Tower,4,6,7,0,17,0,6,51,0,57,4,12,58,0,74,24,0,24,98
08/30/2020,TYR,TX,ASW,CE,Federal Contract Tower,4,6,10,0,20,0,0,30,0,30,4,6,40,0,50,10,0,10,60
08/31/2020,TYR,TX,ASW,CE,Federal Contract Tower,4,5,20,0,29,0,6,30,0,36,4,11,50,0,65,48,0,48,113
09/01/2020,TYR,TX,ASW,CE,Federal Contract Tower,2,5,15,2,24,0,4,8,0,12,2,9,23,2,36,0,0,0,36
09/02/2020,TYR,TX,ASW,CE,Federal Contract Tower,4,6,16,0,26,0,2,2,0,4,4,8,18,0,30,0,0,0,30
09/03/2020,TYR,TX,ASW,CE,Federal Contract Tower,5,7,27,0,39,0,1,6,0,7,5,8,33,0,46,0,0,0,46
09/04/2020,TYR,TX,ASW,CE,Federal Contract Tower,3,10,33,0,46,0,2,23,0,25,3,12,56,0,71,4,0,4,75
09/05/2020,TYR,TX,ASW,CE,Federal Contract Tower,5,6,14,0,25,0,0,32,0,32,5,6,46,0,57,28,0,28,85
09/06/2020,TYR,TX,ASW,CE,Federal Contract Tower,4,3,16,0,23,0,0,35,0,35,4,3,51,0,58,26,0,26,84
09/07/2020,TYR,TX,ASW,CE,Federal Contract Tower,4,4,19,0,27,0,6,56,0,62,4,10,75,0,89,44,0,44,133
09/08/2020,TYR,TX,ASW,CE,Federal Contract Tower,4,11,25,0,40,0,0,20,0,20,4,11,45,0,60,6,0,6,66
09/09/2020,TYR,TX,ASW,CE,Federal Contract Tower,3,7,19,0,29,0,3,40,0,43,3,10,59,0,72,12,0,12,84
09/10/2020,TYR,TX,ASW,CE,Federal Contract Tower,5,10,47,0,62,0,1,1,0,2,5,11,48,0,64,0,0,0,64
09/11/2020,TYR,TX,ASW,CE,Federal Contract Tower,3,20,21,0,44,0,1,29,0,30,3,21,50,0,74,14,0,14,88
09/12/2020,TYR,TX,ASW,CE,Federal Contract Tower,4,2,14,0,20,0,1,45,2,48,4,3,59,2,68,32,0,32,100
09/13/2020,TYR,TX,ASW,CE,Federal Contract Tower,4,4,17,0,25,0,0,52,0,52,4,4,69,0,77,22,0,22,99
09/14/2020,TYR,TX,ASW,CE,Federal Contract Tower,4,3,35,0,42,0,0,31,0,31,4,3,66,0,73,22,0,22,95
09/15/2020,TYR,TX,ASW,CE,Federal Contract Tower,4,22,24,0,50,0,3,41,0,44,4,25,65,0,94,26,0,26,120
09/16/2020,TYR,TX,ASW,CE,Federal Contract Tower,3,8,36,0,47,0,1,54,0,55,3,9,90,0,102,22,0,22,124
09/17/2020,TYR,TX,ASW,CE,Federal Contract Tower,4,4,25,2,35,0,2,23,0,25,4,6,48,2,60,0,0,0,60
09/18/2020,TYR,TX,ASW,CE,Federal Contract Tower,4,4,31,0,39,0,8,33,0,41,4,12,64,0,80,18,0,18,98
09/19/2020,TYR,TX,ASW,CE,Federal Contract Tower,4,4,10,0,18,0,1,40,0,41,4,5,50,0,59,16,0,16,75
09/20/2020,TYR,TX,ASW,CE,Federal Contract Tower,4,3,19,0,26,0,4,23,0,27,4,7,42,0,53,6,0,6,59
09/21/2020,TYR,TX,ASW,CE,Federal Contract Tower,4,8,3,0,15,0,0,2,0,2,4,8,5,0,17,0,0,0,17
09/22/2020,TYR,TX,ASW,CE,Federal Contract Tower,7,7,22,0,36,0,0,0,0,0,7,7,22,0,36,0,0,0,36
09/23/2020,TYR,TX,ASW,CE,Federal Contract Tower,4,5,26,0,35,0,1,0,0,1,4,6,26,0,36,0,0,0,36
09/24/2020,TYR,TX,ASW,CE,Federal Contract Tower,4,9,33,0,46,0,2,24,0,26,4,11,57,0,72,16,0,16,88
09/25/2020,TYR,TX,ASW,CE,Federal Contract Tower,4,9,35,0,48,0,3,52,2,57,4,12,87,2,105,62,0,62,167
09/26/2020,TYR,TX,ASW,CE,Federal Contract Tower,4,2,31,0,37,0,2,29,0,31,4,4,60,0,68,22,0,22,90
09/27/2020,TYR,TX,ASW,CE,Federal Contract Tower,4,4,33,0,41,0,0,18,0,18,4,4,51,0,59,4,0,4,63
09/28/2020,TYR,TX,ASW,CE,Federal Contract Tower,3,5,36,0,44,0,3,24,0,27,3,8,60,0,71,32,0,32,103
09/29/2020,TYR,TX,ASW,CE,Federal Contract Tower,4,10,30,0,44,0,0,42,0,42,4,10,72,0,86,0,0,0,86
09/30/2020,TYR,TX,ASW,CE,Federal Contract Tower,4,12,20,0,36,0,4,60,0,64,4,16,80,0,100,48,0,48,148
10/01/2020,TYR,TX,ASW,CE,Federal Contract Tower,4,6,17,1,28,4,58,1,0,63,8,64,18,1,91,56,4,60,151
10/02/2020,TYR,TX,ASW,CE,Federal Contract Tower,4,4,32,0,40,0,8,41,0,49,4,12,73,0,89,12,0,12,101
10/03/2020,TYR,TX,ASW,CE,Federal Contract Tower,4,4,19,0,27,0,1,101,0,102,4,5,120,0,129,8,0,8,137
10/04/2020,TYR,TX,ASW,CE,Federal Contract Tower,4,1,23,0,28,0,3,38,0,41,4,4,61,0,69,42,0,42,111
10/05/2020,TYR,TX,ASW,CE,Federal Contract Tower,4,8,16,0,28,0,4,51,0,55,4,12,67,0,83,64,0,64,147
10/06/2020,TYR,TX,ASW,CE,Federal Contract Tower,4,15,25,0,44,0,13,74,0,87,4,28,99,0,131,34,0,34,165
10/07/2020,TYR,TX,ASW,CE,Federal Contract Tower,6,12,27,0,45,0,10,48,0,58,6,22,75,0,103,14,0,14,117
10/08/2020,TYR,TX,ASW,CE,Federal Contract Tower,6,5,44,0,55,0,4,20,0,24,6,9,64,0,79,28,0,28,107
10/09/2020,TYR,TX,ASW,CE,Federal Contract Tower,5,7,27,0,39,0,1,4,0,5,5,8,31,0,44,0,0,0,44
10/10/2020,TYR,TX,ASW,CE,Federal Contract Tower,3,2,14,0,19,0,0,52,0,52,3,2,66,0,71,24,0,24,95
10/11/2020,TYR,TX,ASW,CE,Federal Contract Tower,6,6,13,0,25,0,3,44,0,47,6,9,57,0,72,24,0,24,96
10/12/2020,TYR,TX,ASW,CE,Federal Contract Tower,8,1,31,0,40,0,9,31,0,40,8,10,62,0,80,26,0,26,106
10/13/2020,TYR,TX,ASW,CE,Federal Contract Tower,6,5,22,1,34,0,7,79,0,86,6,12,101,1,120,28,0,28,148
10/14/2020,TYR,TX,ASW,CE,Federal Contract Tower,7,9,15,2,33,0,3,52,0,55,7,12,67,2,88,12,0,12,100
10/15/2020,TYR,TX,ASW,CE,Federal Contract Tower,6,7,56,0,69,0,5,5,0,10,6,12,61,0,79,6,0,6,85
10/16/2020,TYR,TX,ASW,CE,Federal Contract Tower,6,7,21,0,34,0,5,39,0,44,6,12,60,0,78,10,0,10,88
10/17/2020,TYR,TX,ASW,CE,Federal Contract Tower,4,4,27,0,35,0,2,20,0,22,4,6,47,0,57,12,0,12,69
10/18/2020,TYR,TX,ASW,CE,Federal Contract Tower,5,6,21,0,32,0,0,10,0,10,5,6,31,0,42,0,0,0,42
10/19/2020,TYR,TX,ASW,CE,Federal Contract Tower,6,7,34,0,47,0,4,26,0,30,6,11,60,0,77,0,0,0,77
10/20/2020,TYR,TX,ASW,CE,Federal Contract Tower,6,9,28,0,43,0,5,29,0,34,6,14,57,0,77,68,0,68,145
10/21/2020,TYR,TX,ASW,CE,Federal Contract Tower,6,6,35,1,48,0,1,20,0,21,6,7,55,1,69,16,18,34,103
10/22/2020,TYR,TX,ASW,CE,Federal Contract Tower,6,6,37,0,49,0,2,29,1,32,6,8,66,1,81,18,0,18,99
10/23/2020,TYR,TX,ASW,CE,Federal Contract Tower,6,11,24,0,41,0,0,7,0,7,6,11,31,0,48,0,0,0,48
10/24/2020,TYR,TX,ASW,CE,Federal Contract Tower,4,5,18,0,27,0,5,37,0,42,4,10,55,0,69,0,0,0,69
10/25/2020,TYR,TX,ASW,CE,Federal Contract Tower,5,1,37,0,43,0,0,0,0,0,5,1,37,0,43,0,0,0,43
10/26/2020,TYR,TX,ASW,CE,Federal Contract Tower,6,5,17,0,28,0,0,0,0,0,6,5,17,0,28,4,0,4,32
10/27/2020,TYR,TX,ASW,CE,Federal Contract Tower,1,0,15,0,16,0,0,0,0,0,1,0,15,0,16,0,0,0,16
10/28/2020,TYR,TX,ASW,CE,Federal Contract Tower,8,8,4,0,20,0,0,0,0,0,8,8,4,0,20,0,0,0,20
10/29/2020,TYR,TX,ASW,CE,Federal Contract Tower,6,15,36,0,57,0,2,20,0,22,6,17,56,0,79,6,0,6,85
10/30/2020,TYR,TX,ASW,CE,Federal Contract Tower,6,7,41,0,54,0,8,75,0,83,6,15,116,0,137,8,0,8,145
10/31/2020,TYR,TX,ASW,CE,Federal Contract Tower,2,9,22,0,33,0,1,69,0,70,2,10,91,0,103,6,0,6,109
11/01/2020,TYR,TX,ASW,CE,Federal Contract Tower,6,3,20,0,29,0,0,36,0,36,6,3,56,0,65,6,0,6,71
11/02/2020,TYR,TX,ASW,CE,Federal Contract Tower,5,4,12,0,21,0,2,48,0,50,5,6,60,0,71,30,0,30,101
11/03/2020,TYR,TX,ASW,CE,Federal Contract Tower,6,5,19,0,30,0,4,43,0,47,6,9,62,0,77,26,0,26,103
11/04/2020,TYR,TX,ASW,CE,Federal Contract Tower,5,12,19,0,36,0,1,55,0,56,5,13,74,0,92,24,0,24,116
11/06/2020,TYR,TX,ASW,CE,Federal Contract Tower,6,14,35,0,55,0,7,63,0,70,6,21,98,0,125,6,0,6,131
11/07/2020,TYR,TX,ASW,CE,Federal Contract Tower,4,9,7,0,20,0,2,59,2,63,4,11,66,2,83,58,0,58,141
11/08/2020,TYR,TX,ASW,CE,Federal Contract Tower,6,7,40,0,53,0,1,11,0,12,6,8,51,0,65,0,0,0,65
11/09/2020,TYR,TX,ASW,CE,Federal Contract Tower,4,10,25,0,39,0,5,22,0,27,4,15,47,0,66,18,0,18,84
11/10/2020,TYR,TX,ASW,CE,Federal Contract Tower,6,38,25,1,70,0,3,24,1,28,6,41,49,2,98,6,0,6,104
11/11/2020,TYR,TX,ASW,CE,Federal Contract Tower,5,9,31,0,45,0,5,55,2,62,5,14,86,2,107,78,4,82,189
11/12/2020,TYR,TX,ASW,CE,Federal Contract Tower,5,8,22,0,35,0,1,55,0,56,5,9,77,0,91,84,0,84,175
11/13/2020,TYR,TX,ASW,CE,Federal Contract Tower,3,8,17,0,28,0,65,54,0,119,3,73,71,0,147,18,0,18,165
11/14/2020,TYR,TX,ASW,CE,Federal Contract Tower,5,4,19,0,28,0,0,9,0,9,5,4,28,0,37,6,0,6,43
11/15/2020,TYR,TX,ASW,CE,Federal Contract Tower,5,2,21,0,28,0,2,32,0,34,5,4,53,0,62,4,0,4,66
11/16/2020,TYR,TX,ASW,CE,Federal Contract Tower,6,3,11,0,20,0,5,50,0,55,6,8,61,0,75,10,0,10,85
11/17/2020,TYR,TX,ASW,CE,Federal Contract Tower,5,7,15,0,27,0,0,71,2,73,5,7,86,2,100,12,0,12,112
11/18/2020,TYR,TX,ASW,CE,Federal Contract Tower,6,8,16,0,30,0,1,40,0,41,6,9,56,0,71,0,0,0,71
11/19/2020,TYR,TX,ASW,CE,Federal Contract Tower,3,9,16,0,28,0,16,34,0,50,3,25,50,0,78,4,0,4,82
11/20/2020,TYR,TX,ASW,CE,Federal Contract Tower,5,12,45,0,62,0,3,25,0,28,5,15,70,0,90,0,0,0,90
11/21/2020,TYR,TX,ASW,CE,Federal Contract Tower,5,9,13,0,27,0,0,50,0,50,5,9,63,0,77,12,0,12,89
11/22/2020,TYR,TX,ASW,CE,Federal Contract Tower,5,3,31,0,39,0,0,8,0,8,5,3,39,0,47,0,0,0,47
11/23/2020,TYR,TX,ASW,CE,Federal Contract Tower,5,9,21,2,37,0,2,32,1,35,5,11,53,3,72,48,2,50,122
11/24/2020,TYR,TX,ASW,CE,Federal Contract Tower,5,12,23,2,42,0,2,3,0,5,5,14,26,2,47,0,0,0,47
11/25/2020,TYR,TX,ASW,CE,Federal Contract Tower,5,11,25,0,41,0,0,45,0,45,5,11,70,0,86,24,0,24,110
11/26/2020,TYR,TX,ASW,CE,Federal Contract Tower,0,0,3,0,3,0,0,13,0,13,0,0,16,0,16,12,0,12,28
11/27/2020,TYR,TX,ASW,CE,Federal Contract Tower,4,10,14,0,28,0,0,1,0,1,4,10,15,0,29,0,0,0,29
11/28/2020,TYR,TX,ASW,CE,Federal Contract Tower,7,8,19,0,34,0,0,4,0,4,7,8,23,0,38,0,0,0,38
11/29/2020,TYR,TX,ASW,CE,Federal Contract Tower,7,5,25,0,37,0,1,11,0,12,7,6,36,0,49,6,0,6,55
11/30/2020,TYR,TX,ASW,CE,Federal Contract Tower,7,5,16,0,28,0,0,38,0,38,7,5,54,0,66,2,0,2,68
12/01/2020,TYR,TX,ASW,CE,Federal Contract Tower,5,18,20,0,43,0,1,39,0,40,5,19,59,0,83,18,0,18,101
12/02/2020,TYR,TX,ASW,CE,Federal Contract Tower,5,11,26,0,42,0,0,0,0,0,5,11,26,0,42,0,0,0,42
12/03/2020,TYR,TX,ASW,CE,Federal Contract Tower,3,3,19,0,25,0,2,8,0,10,3,5,27,0,35,6,0,6,41
12/04/2020,TYR,TX,ASW,CE,Federal Contract Tower,4,10,15,0,29,0,3,37,0,40,4,13,52,0,69,36,0,36,105
12/05/2020,TYR,TX,ASW,CE,Federal Contract Tower,3,5,21,4,33,0,1,78,0,79,3,6,99,4,112,44,0,44,156
12/06/2020,TYR,TX,ASW,CE,Federal Contract Tower,5,4,18,0,27,0,4,29,0,33,5,8,47,0,60,28,0,28,88
12/07/2020,TYR,TX,ASW,CE,Federal Contract Tower,5,7,24,0,36,0,1,48,0,49,5,8,72,0,85,48,0,48,133
12/08/2020,TYR,TX,ASW,CE,Federal Contract Tower,4,13,23,0,40,0,0,47,0,47,4,13,70,0,87,36,0,36,123
12/09/2020,TYR,TX,ASW,CE,Federal Contract Tower,4,9,36,0,49,0,4,41,0,45,4,13,77,0,94,6,0,6,100
12/10/2020,TYR,TX,ASW,CE,Federal Contract Tower,3,5,36,0,44,0,4,47,0,51,3,9,83,0,95,24,0,24,119
12/11/2020,TYR,TX,ASW,CE,Federal Contract Tower,5,3,11,0,19,0,0,0,0,0,5,3,11,0,19,0,0,0,19
12/12/2020,TYR,TX,ASW,CE,Federal Contract Tower,3,5,24,0,32,0,1,59,4,64,3,6,83,4,96,6,0,6,102
12/13/2020,TYR,TX,ASW,CE,Federal Contract Tower,5,2,6,0,13,0,0,0,0,0,5,2,6,0,13,0,0,0,13
12/14/2020,TYR,TX,ASW,CE,Federal Contract Tower,6,2,25,10,43,0,1,49,0,50,6,3,74,10,93,34,0,34,127
12/15/2020,TYR,TX,ASW,CE,Federal Contract Tower,5,6,21,0,32,0,0,0,0,0,5,6,21,0,32,0,0,0,32
12/16/2020,TYR,TX,ASW,CE,Federal Contract Tower,5,9,25,0,39,0,1,16,0,17,5,10,41,0,56,32,0,32,88
12/17/2020,TYR,TX,ASW,CE,Federal Contract Tower,13,7,35,5,60,0,1,63,0,64,13,8,98,5,124,26,6,32,156
12/18/2020,TYR,TX,ASW,CE,Federal Contract Tower,9,3,26,0,38,0,6,40,0,46,9,9,66,0,84,0,0,0,84
12/19/2020,TYR,TX,ASW,CE,Federal Contract Tower,7,3,23,2,35,0,0,0,0,0,7,3,23,2,35,0,0,0,35
12/20/2020,TYR,TX,ASW,CE,Federal Contract Tower,8,5,36,0,49,0,0,38,0,38,8,5,74,0,87,8,0,8,95
12/21/2020,TYR,TX,ASW,CE,Federal Contract Tower,6,2,16,0,24,0,1,56,0,57,6,3,72,0,81,20,0,20,101
12/22/2020,TYR,TX,ASW,CE,Federal Contract Tower,11,11,22,1,45,0,4,62,3,69,11,15,84,4,114,26,0,26,140
12/23/2020,TYR,TX,ASW,CE,Federal Contract Tower,9,11,17,0,37,0,5,5,0,10,9,16,22,0,47,4,0,4,51
12/24/2020,TYR,TX,ASW,CE,Federal Contract Tower,6,6,13,0,25,0,4,26,0,30,6,10,39,0,55,0,0,0,55
12/25/2020,TYR,TX,ASW,CE,Federal Contract Tower,4,1,9,0,14,0,6,17,0,23,4,7,26,0,37,10,0,10,47
12/26/2020,TYR,TX,ASW,CE,Federal Contract Tower,7,11,19,0,37,0,2,30,5,37,7,13,49,5,74,10,0,10,84
12/27/2020,TYR,TX,ASW,CE,Federal Contract Tower,9,5,26,0,40,0,0,16,0,16,9,5,42,0,56,0,0,0,56
12/28/2020,TYR,TX,ASW,CE,Federal Contract Tower,10,8,32,0,50,0,0,32,0,32,10,8,64,0,82,18,0,18,100
12/29/2020,TYR,TX,ASW,CE,Federal Contract Tower,9,5,23,0,37,0,4,23,0,27,9,9,46,0,64,14,0,14,78
12/30/2020,TYR,TX,ASW,CE,Federal Contract Tower,5,12,11,0,28,0,0,4,0,4,5,12,15,0,32,10,0,10,42
12/31/2020,TYR,TX,ASW,CE,Federal Contract Tower,7,5,2,0,14,0,0,0,0,0,7,5,2,0,14,0,0,0,14
01/01/2021,TYR,TX,ASW,CE,Federal Contract Tower,7,2,3,0,12,0,0,7,0,7,7,2,10,0,19,18,0,18,37
01/02/2021,TYR,TX,ASW,CE,Federal Contract Tower,9,6,26,0,41,0,2,67,0,69,9,8,93,0,110,26,0,26,136
01/03/2021,TYR,TX,ASW,CE,Federal Contract Tower,9,1,15,0,25,0,3,29,0,32,9,4,44,0,57,0,0,0,57
01/04/2021,TYR,TX,ASW,CE,Federal Contract Tower,9,3,20,0,32,0,4,64,0,68,9,7,84,0,100,46,0,46,146
01/06/2021,TYR,TX,ASW,CE,Federal Contract Tower,8,6,27,0,41,0,1,1,0,2,8,7,28,0,43,0,0,0,43
01/07/2021,TYR,TX,ASW,CE,Federal Contract Tower,7,7,22,0,36,0,2,9,0,11,7,9,31,0,47,2,0,2,49
01/08/2021,TYR,TX,ASW,CE,Federal Contract Tower,8,11,20,0,39,0,1,12,2,15,8,12,32,2,54,28,0,28,82
01/09/2021,TYR,TX,ASW,CE,Federal Contract Tower,8,4,17,0,29,0,0,0,0,0,8,4,17,0,29,28,0,28,57
01/11/2021,TYR,TX,ASW,CE,Federal Contract Tower,7,2,6,0,15,0,0,9,0,9,7,2,15,0,24,34,0,34,58
01/12/2021,TYR,TX,ASW,CE,Federal Contract Tower,8,5,14,0,27,0,1,37,0,38,8,6,51,0,65,0,0,0,65
01/13/2021,TYR,TX,ASW,CE,Federal Contract Tower,8,9,20,1,38,0,1,42,4,47,8,10,62,5,85,32,4,36,121
01/14/2021,TYR,TX,ASW,CE,Federal Contract Tower,9,7,14,0,30,0,2,25,0,27,9,9,39,0,57,12,0,12,69
01/15/2021,TYR,TX,ASW,CE,Federal Contract Tower,8,3,20,0,31,0,6,20,0,26,8,9,40,0,57,4,0,4,61
01/16/2021,TYR,TX,ASW,CE,Federal Contract Tower,7,6,21,0,34,0,6,56,1,63,7,12,77,1,97,18,0,18,115
01/17/2021,TYR,TX,ASW,CE,Federal Contract Tower,9,4,8,0,21,0,1,44,2,47,9,5,52,2,68,22,0,22,90
01/18/2021,TYR,TX,ASW,CE,Federal Contract Tower,8,8,14,0,30,0,1,55,0,56,8,9,69,0,86,32,0,32,118
01/20/2021,TYR,TX,ASW,CE,Federal Contract Tower,5,6,19,0,30,0,0,1,0,1,5,6,20,0,31,0,0,0,31
01/21/2021,TYR,TX,ASW,CE,Federal Contract Tower,8,4,50,0,62,0,0,5,0,5,8,4,55,0,67,0,0,0,67
01/22/2021,TYR,TX,ASW,CE,Federal Contract Tower,9,5,29,0,43,0,0,0,0,0,9,5,29,0,43,0,0,0,43
01/23/2021,TYR,TX,ASW,CE,Federal Contract Tower,11,4,13,0,28,0,0,0,0,0,11,4,13,0,28,0,0,0,28
01/24/2021,TYR,TX,ASW,CE,Federal Contract Tower,1,5,17,0,23,0,0,0,0,0,1,5,17,0,23,0,0,0,23
01/25/2021,TYR,TX,ASW,CE,Federal Contract Tower,8,4,38,0,50,0,3,34,0,37,8,7,72,0,87,12,0,12,99
01/26/2021,TYR,TX,ASW,CE,Federal Contract Tower,8,10,36,0,54,0,3,70,0,73,8,13,106,0,127,38,0,38,165
01/27/2021,TYR,TX,ASW,CE,Federal Contract Tower,8,4,14,0,26,0,1,43,0,44,8,5,57,0,70,6,0,6,76
01/28/2021,TYR,TX,ASW,CE,Federal Contract Tower,8,7,25,0,40,0,1,42,0,43,8,8,67,0,83,30,0,30,113
01/29/2021,TYR,TX,ASW,CE,Federal Contract Tower,9,2,21,6,38,0,9,39,0,48,9,11,60,6,86,12,0,12,98
01/30/2021,TYR,TX,ASW,CE,Federal Contract Tower,6,9,11,1,27,0,0,3,1,4,6,9,14,2,31,0,0,0,31
02/01/2021,TYR,TX,ASW,CE,Federal Contract Tower,9,5,16,0,30,0,3,56,0,59,9,8,72,0,89,56,0,56,145
02/02/2021,TYR,TX,ASW,CE,Federal Contract Tower,8,9,24,0,41,0,5,61,0,66,8,14,85,0,107,22,0,22,129
02/03/2021,TYR,TX,ASW,CE,Federal Contract Tower,8,9,17,0,34,0,1,69,0,70,8,10,86,0,104,16,0,16,120
02/04/2021,TYR,TX,ASW,CE,Federal Contract Tower,9,14,21,0,44,0,2,21,1,24,9,16,42,1,68,20,0,20,88
02/05/2021,TYR,TX,ASW,CE,Federal Contract Tower,11,5,25,0,41,0,1,45,3,49,11,6,70,3,90,8,0,8,98
02/06/2021,TYR,TX,ASW,CE,Federal Contract Tower,8,6,17,2,33,0,0,0,0,0,8,6,17,2,33,0,0,0,33
02/07/2021,TYR,TX,ASW,CE,Federal Contract Tower,8,0,13,0,21,0,2,41,0,43,8,2,54,0,64,26,0,26,90
02/08/2021,TYR,TX,ASW,CE,Federal Contract Tower,7,6,39,0,52,0,1,17,0,18,7,7,56,0,70,36,0,36,106
02/09/2021,TYR,TX,ASW,CE,Federal Contract Tower,8,10,22,0,40,0,3,2,0,5,8,13,24,0,45,0,0,0,45
02/10/2021,TYR,TX,ASW,CE,Federal Contract Tower,3,0,13,0,16,0,0,0,0,0,3,0,13,0,16,0,0,0,16
02/11/2021,TYR,TX,ASW,CE,Federal Contract Tower,9,0,8,0,17,0,0,0,0,0,9,0,8,0,17,0,0,0,17
02/12/2021,TYR,TX,ASW,CE,Federal Contract Tower,11,4,11,2,28,0,0,0,0,0,11,4,11,2,28,0,0,0,28
02/13/2021,TYR,TX,ASW,CE,Federal Contract Tower,4,4,5,0,13,0,0,0,0,0,4,4,5,0,13,0,0,0,13
02/14/2021,TYR,TX,ASW,CE,Federal Contract Tower,0,0,0,0,0,0,0,0,0,0,0,0,0,0,0,0,0,0,0
02/16/2021,TYR,TX,ASW,CE,Federal Contract Tower,0,0,0,0,0,0,0,0,0,0,0,0,0,0,0,0,0,0,0
02/17/2021,TYR,TX,ASW,CE,Federal Contract Tower,0,0,0,0,0,0,0,0,0,0,0,0,0,0,0,0,0,0,0
02/18/2021,TYR,TX,ASW,CE,Federal Contract Tower,0,0,0,0,0,0,0,0,0,0,0,0,0,0,0,0,0,0,0
02/19/2021,TYR,TX,ASW,CE,Federal Contract Tower,0,0,0,0,0,0,0,0,0,0,0,0,0,0,0,0,0,0,0
02/20/2021,TYR,TX,ASW,CE,Federal Contract Tower,1,0,6,0,7,0,1,22,0,23,1,1,28,0,30,16,0,16,46
02/21/2021,TYR,TX,ASW,CE,Federal Contract Tower,8,0,16,1,25,0,0,16,0,16,8,0,32,1,41,46,0,46,87
02/22/2021,TYR,TX,ASW,CE,Federal Contract Tower,7,6,27,2,42,0,0,59,0,59,7,6,86,2,101,50,0,50,151
02/23/2021,TYR,TX,ASW,CE,Federal Contract Tower,8,5,29,2,44,0,13,65,0,78,8,18,94,2,122,12,0,12,134
02/24/2021,TYR,TX,ASW,CE,Federal Contract Tower,6,12,31,2,51,0,1,37,0,38,6,13,68,2,89,14,0,14,103
02/25/2021,TYR,TX,ASW,CE,Federal Contract Tower,7,11,34,4,56,0,2,10,0,12,7,13,44,4,68,12,0,12,80
02/26/2021,TYR,TX,ASW,CE,Federal Contract Tower,9,11,22,0,42,0,0,0,0,0,9,11,22,0,42,0,0,0,42
02/27/2021,TYR,TX,ASW,CE,Federal Contract Tower,5,2,9,0,16,0,1,8,0,9,5,3,17,0,25,26,0,26,51
02/28/2021,TYR,TX,ASW,CE,Federal Contract Tower,9,6,12,0,27,0,0,2,0,2,9,6,14,0,29,0,0,0,29
03/01/2021,TYR,TX,ASW,CE,Federal Contract Tower,9,5,38,0,52,0,0,1,0,1,9,5,39,0,53,0,0,0,53
03/02/2021,TYR,TX,ASW,CE,Federal Contract Tower,8,8,39,1,56,0,5,64,1,70,8,13,103,2,126,32,2,34,160
03/03/2021,TYR,TX,ASW,CE,Federal Contract Tower,6,11,23,0,40,0,3,108,0,111,6,14,131,0,151,48,0,48,199
03/04/2021,TYR,TX,ASW,CE,Federal Contract Tower,10,12,17,0,39,0,2,64,2,68,10,14,81,2,107,48,0,48,155
03/05/2021,TYR,TX,ASW,CE,Federal Contract Tower,10,5,33,0,48,0,0,2,0,2,10,5,35,0,50,0,0,0,50
03/07/2021,TYR,TX,ASW,CE,Federal Contract Tower,9,3,27,0,39,0,2,61,0,63,9,5,88,0,102,24,0,24,126
03/08/2021,TYR,TX,ASW,CE,Federal Contract Tower,10,9,10,0,29,0,4,45,0,49,10,13,55,0,78,20,0,20,98
03/09/2021,TYR,TX,ASW,CE,Federal Contract Tower,9,4,29,0,42,0,2,20,0,22,9,6,49,0,64,26,0,26,90
03/11/2021,TYR,TX,ASW,CE,Federal Contract Tower,9,12,40,0,61,0,8,17,1,26,9,20,57,1,87,14,0,14,101
03/12/2021,TYR,TX,ASW,CE,Federal Contract Tower,9,11,30,0,50,0,2,11,0,13,9,13,41,0,63,6,0,6,69
03/13/2021,TYR,TX,ASW,CE,Federal Contract Tower,5,6,24,14,49,0,0,13,33,46,5,6,37,47,95,18,40,58,153
03/14/2021,TYR,TX,ASW,CE,Federal Contract Tower,12,13,16,7,48,0,1,0,0,1,12,14,16,7,49,0,0,0,49
03/15/2021,TYR,TX,ASW,CE,Federal Contract Tower,9,2,14,0,25,0,1,41,2,44,9,3,55,2,69,36,0,36,105
03/16/2021,TYR,TX,ASW,CE,Federal Contract Tower,10,7,30,0,47,0,1,18,0,19,10,8,48,0,66,18,0,18,84
03/17/2021,TYR,TX,ASW,CE,Federal Contract Tower,5,3,8,0,16,0,5,18,3,26,5,8,26,3,42,0,0,0,42
03/18/2021,TYR,TX,ASW,CE,Federal Contract Tower,7,6,27,1,41,0,7,18,0,25,7,13,45,1,66,34,0,34,100
03/19/2021,TYR,TX,ASW,CE,Federal Contract Tower,9,4,42,0,55,0,4,47,0,51,9,8,89,0,106,26,0,26,132
03/20/2021,TYR,TX,ASW,CE,Federal Contract Tower,6,1,29,0,36,0,1,82,0,83,6,2,111,0,119,46,0,46,165
03/21/2021,TYR,TX,ASW,CE,Federal Contract Tower,9,9,32,0,50,0,2,33,0,35,9,11,65,0,85,28,0,28,113
03/22/2021,TYR,TX,ASW,CE,Federal Contract Tower,8,4,30,0,42,0,2,10,0,12,8,6,40,0,54,20,0,20,74
03/23/2021,TYR,TX,ASW,CE,Federal Contract Tower,10,11,17,0,38,0,6,36,0,42,10,17,53,0,80,4,0,4,84
03/24/2021,TYR,TX,ASW,CE,Federal Contract Tower,8,2,25,1,36,0,3,21,1,25,8,5,46,2,61,0,0,0,61
03/25/2021,TYR,TX,ASW,CE,Federal Contract Tower,7,9,20,0,36,0,2,20,0,22,7,11,40,0,58,22,0,22,80
03/26/2021,TYR,TX,ASW,CE,Federal Contract Tower,9,3,42,1,55,0,8,73,0,81,9,11,115,1,136,48,0,48,184
03/27/2021,TYR,TX,ASW,CE,Federal Contract Tower,5,6,15,0,26,0,2,4,3,9,5,8,19,3,35,2,0,2,37
03/28/2021,TYR,TX,ASW,CE,Federal Contract Tower,10,5,35,1,51,0,2,39,0,41,10,7,74,1,92,14,0,14,106
03/29/2021,TYR,TX,ASW,CE,Federal Contract Tower,9,6,17,0,32,0,1,63,0,64,9,7,80,0,96,14,0,14,110
03/30/2021,TYR,TX,ASW,CE,Federal Contract Tower,9,9,38,6,62,0,2,9,0,11,9,11,47,6,73,16,0,16,89
03/31/2021,TYR,TX,ASW,CE,Federal Contract Tower,9,8,31,0,48,0,1,16,0,17,9,9,47,0,65,0,0,0,65
04/01/2021,TYR,TX,ASW,CE,Federal Contract Tower,7,8,30,9,54,0,1,80,0,81,7,9,110,9,135,48,0,48,183
04/02/2021,TYR,TX,ASW,CE,Federal Contract Tower,7,12,21,0,40,0,1,74,0,75,7,13,95,0,115,50,0,50,165
04/03/2021,TYR,TX,ASW,CE,Federal Contract Tower,5,4,5,0,14,0,0,34,0,34,5,4,39,0,48,0,0,0,48
04/04/2021,TYR,TX,ASW,CE,Federal Contract Tower,6,3,14,0,23,0,0,39,0,39,6,3,53,0,62,30,0,30,92
04/05/2021,TYR,TX,ASW,CE,Federal Contract Tower,7,6,29,0,42,0,6,32,0,38,7,12,61,0,80,32,0,32,112
04/07/2021,TYR,TX,ASW,CE,Federal Contract Tower,6,7,33,0,46,0,3,19,0,22,6,10,52,0,68,0,0,0,68
04/08/2021,TYR,TX,ASW,CE,Federal Contract Tower,7,6,15,0,28,0,1,58,1,60,7,7,73,1,88,44,2,46,134
04/09/2021,TYR,TX,ASW,CE,Federal Contract Tower,8,2,35,0,45,0,1,8,0,9,8,3,43,0,54,0,0,0,54
04/10/2021,TYR,TX,ASW,CE,Federal Contract Tower,7,3,18,0,28,0,0,41,2,43,7,3,59,2,71,12,0,12,83
04/11/2021,TYR,TX,ASW,CE,Federal Contract Tower,8,8,10,0,26,0,0,62,2,64,8,8,72,2,90,18,0,18,108
04/12/2021,TYR,TX,ASW,CE,Federal Contract Tower,7,19,25,1,52,0,2,59,0,61,7,21,84,1,113,86,2,88,201
04/13/2021,TYR,TX,ASW,CE,Federal Contract Tower,6,3,18,0,27,0,2,27,0,29,6,5,45,0,56,24,0,24,80
04/14/2021,TYR,TX,ASW,CE,Federal Contract Tower,6,4,38,0,48,0,0,0,0,0,6,4,38,0,48,0,0,0,48
04/15/2021,TYR,TX,ASW,CE,Federal Contract Tower,6,5,39,0,50,0,4,15,0,19,6,9,54,0,69,8,0,8,77
04/16/2021,TYR,TX,ASW,CE,Federal Contract Tower,7,7,25,0,39,0,0,0,0,0,7,7,25,0,39,0,0,0,39
04/17/2021,TYR,TX,ASW,CE,Federal Contract Tower,7,6,38,0,51,0,0,6,0,6,7,6,44,0,57,2,0,2,59
04/18/2021,TYR,TX,ASW,CE,Federal Contract Tower,7,2,32,0,41,0,2,57,2,61,7,4,89,2,102,18,0,18,120
04/19/2021,TYR,TX,ASW,CE,Federal Contract Tower,8,7,19,4,38,0,2,72,0,74,8,9,91,4,112,80,8,88,200
04/20/2021,TYR,TX,ASW,CE,Federal Contract Tower,6,5,28,0,39,0,7,35,0,42,6,12,63,0,81,38,0,38,119
04/22/2021,TYR,TX,ASW,CE,Federal Contract Tower,6,17,25,6,54,0,5,69,0,74,6,22,94,6,128,46,0,46,174
04/23/2021,TYR,TX,ASW,CE,Federal Contract Tower,7,4,28,0,39,0,0,0,0,0,7,4,28,0,39,0,0,0,39
04/24/2021,TYR,TX,ASW,CE,Federal Contract Tower,6,5,16,0,27,0,1,44,3,48,6,6,60,3,75,34,0,34,109
04/25/2021,TYR,TX,ASW,CE,Federal Contract Tower,7,9,24,0,40,0,0,60,2,62,7,9,84,2,102,16,0,16,118
04/26/2021,TYR,TX,ASW,CE,Federal Contract Tower,8,7,16,1,32,0,1,43,0,44,8,8,59,1,76,54,0,54,130
04/28/2021,TYR,TX,ASW,CE,Federal Contract Tower,6,9,14,3,32,0,1,7,0,8,6,10,21,3,40,0,0,0,40
04/29/2021,TYR,TX,ASW,CE,Federal Contract Tower,6,6,29,0,41,0,4,6,0,10,6,10,35,0,51,2,0,2,53
04/30/2021,TYR,TX,ASW,CE,Federal Contract Tower,12,7,22,0,41,0,0,1,0,1,12,7,23,0,42,0,0,0,42
05/01/2021,TYR,TX,ASW,CE,Federal Contract Tower,7,3,12,0,22,0,4,10,0,14,7,7,22,0,36,18,0,18,54
05/02/2021,TYR,TX,ASW,CE,Federal Contract Tower,7,3,40,0,50,0,0,20,0,20,7,3,60,0,70,14,0,14,84
05/03/2021,TYR,TX,ASW,CE,Federal Contract Tower,7,5,21,0,33,0,1,34,1,36,7,6,55,1,69,14,0,14,83
05/04/2021,TYR,TX,ASW,CE,Federal Contract Tower,6,6,14,0,26,0,2,24,0,26,6,8,38,0,52,0,0,0,52
05/05/2021,TYR,TX,ASW,CE,Federal Contract Tower,6,14,16,1,37,0,4,94,4,102,6,18,110,5,139,22,0,22,161
05/06/2021,TYR,TX,ASW,CE,Federal Contract Tower,7,6,30,1,44,0,9,58,1,68,7,15,88,2,112,30,0,30,142
05/07/2021,TYR,TX,ASW,CE,Federal Contract Tower,7,6,31,0,44,0,1,74,0,75,7,7,105,0,119,32,0,32,151
05/08/2021,TYR,TX,ASW,CE,Federal Contract Tower,5,5,18,0,28,0,2,17,0,19,5,7,35,0,47,4,0,4,51
05/09/2021,TYR,TX,ASW,CE,Federal Contract Tower,7,0,18,1,26,0,0,5,2,7,7,0,23,3,33,0,0,0,33
05/10/2021,TYR,TX,ASW,CE,Federal Contract Tower,7,5,30,0,42,0,0,0,0,0,7,5,30,0,42,2,0,2,44
05/11/2021,TYR,TX,ASW,CE,Federal Contract Tower,3,2,20,0,25,0,0,0,0,0,3,2,20,0,25,0,0,0,25
05/12/2021,TYR,TX,ASW,CE,Federal Contract Tower,6,9,36,0,51,0,0,1,0,1,6,9,37,0,52,0,0,0,52
05/13/2021,TYR,TX,ASW,CE,Federal Contract Tower,8,4,28,0,40,0,2,64,1,67,8,6,92,1,107,72,10,82,189
05/14/2021,TYR,TX,ASW,CE,Federal Contract Tower,7,4,26,0,37,0,1,65,0,66,7,5,91,0,103,40,0,40,143
05/15/2021,TYR,TX,ASW,CE,Federal Contract Tower,5,4,24,0,33,0,0,81,2,83,5,4,105,2,116,20,10,30,146
05/16/2021,TYR,TX,ASW,CE,Federal Contract Tower,5,1,27,0,33,0,0,5,0,5,5,1,32,0,38,6,0,6,44
05/17/2021,TYR,TX,ASW,CE,Federal Contract Tower,7,4,23,0,34,0,0,5,0,5,7,4,28,0,39,18,0,18,57
05/18/2021,TYR,TX,ASW,CE,Federal Contract Tower,7,4,10,0,21,0,2,6,0,8,7,6,16,0,29,0,0,0,29
05/19/2021,TYR,TX,ASW,CE,Federal Contract Tower,6,7,16,0,29,0,1,16,0,17,6,8,32,0,46,30,0,30,76
05/20/2021,TYR,TX,ASW,CE,Federal Contract Tower,7,3,15,0,25,0,1,3,2,6,7,4,18,2,31,0,0,0,31
05/21/2021,TYR,TX,ASW,CE,Federal Contract Tower,7,5,25,0,37,0,3,4,0,7,7,8,29,0,44,0,0,0,44
05/22/2021,TYR,TX,ASW,CE,Federal Contract Tower,5,8,31,0,44,0,0,7,0,7,5,8,38,0,51,0,0,0,51
05/23/2021,TYR,TX,ASW,CE,Federal Contract Tower,7,3,34,0,44,0,1,28,0,29,7,4,62,0,73,20,0,20,93
05/24/2021,TYR,TX,ASW,CE,Federal Contract Tower,7,2,20,1,30,0,1,13,2,16,7,3,33,3,46,10,0,10,56
05/25/2021,TYR,TX,ASW,CE,Federal Contract Tower,8,3,41,0,52,0,1,12,0,13,8,4,53,0,65,32,0,32,97
05/26/2021,TYR,TX,ASW,CE,Federal Contract Tower,8,4,33,4,49,0,4,17,0,21,8,8,50,4,70,20,0,20,90
05/27/2021,TYR,TX,ASW,CE,Federal Contract Tower,8,4,36,1,49,0,3,54,0,57,8,7,90,1,106,20,6,26,132
05/28/2021,TYR,TX,ASW,CE,Federal Contract Tower,7,10,39,0,56,0,1,17,0,18,7,11,56,0,74,94,0,94,168
05/29/2021,TYR,TX,ASW,CE,Federal Contract Tower,5,1,16,0,22,0,6,34,0,40,5,7,50,0,62,36,0,36,98
05/30/2021,TYR,TX,ASW,CE,Federal Contract Tower,7,2,22,0,31,0,0,21,0,21,7,2,43,0,52,10,0,10,62
05/31/2021,TYR,TX,ASW,CE,Federal Contract Tower,7,4,28,0,39,0,1,27,0,28,7,5,55,0,67,46,0,46,113
06/01/2021,TYR,TX,ASW,CE,Federal Contract Tower,7,6,28,0,41,0,1,12,0,13,7,7,40,0,54,0,0,0,54
06/02/2021,TYR,TX,ASW,CE,Federal Contract Tower,7,5,20,0,32,0,3,43,0,46,7,8,63,0,78,90,0,90,168
06/03/2021,TYR,TX,ASW,CE,Federal Contract Tower,7,3,30,0,40,0,7,64,0,71,7,10,94,0,111,134,0,134,245
06/04/2021,TYR,TX,ASW,CE,Federal Contract Tower,7,3,21,0,31,0,1,18,0,19,7,4,39,0,50,18,0,18,68
06/05/2021,TYR,TX,ASW,CE,Federal Contract Tower,6,7,18,2,33,0,1,6,0,7,6,8,24,2,40,0,0,0,40
06/06/2021,TYR,TX,ASW,CE,Federal Contract Tower,7,0,18,0,25,0,0,16,0,16,7,0,34,0,41,2,0,2,43
06/07/2021,TYR,TX,ASW,CE,Federal Contract Tower,3,12,11,0,26,0,0,6,0,6,3,12,17,0,32,0,0,0,32
06/08/2021,TYR,TX,ASW,CE,Federal Contract Tower,5,7,14,2,28,0,5,12,0,17,5,12,26,2,45,12,0,12,57
06/09/2021,TYR,TX,ASW,CE,Federal Contract Tower,7,11,21,3,42,0,3,23,3,29,7,14,44,6,71,20,0,20,91
06/10/2021,TYR,TX,ASW,CE,Federal Contract Tower,7,11,35,0,53,0,1,4,2,7,7,12,39,2,60,88,0,88,148
06/11/2021,TYR,TX,ASW,CE,Federal Contract Tower,7,4,38,0,49,0,3,38,6,47,7,7,76,6,96,26,0,26,122
06/12/2021,TYR,TX,ASW,CE,Federal Contract Tower,8,3,21,0,32,0,2,21,0,23,8,5,42,0,55,4,0,4,59
06/13/2021,TYR,TX,ASW,CE,Federal Contract Tower,7,6,28,0,41,0,6,71,0,77,7,12,99,0,118,42,0,42,160
06/14/2021,TYR,TX,ASW,CE,Federal Contract Tower,7,6,22,0,35,0,3,60,4,67,7,9,82,4,102,60,0,60,162
06/15/2021,TYR,TX,ASW,CE,Federal Contract Tower,5,12,24,0,41,0,0,63,0,63,5,12,87,0,104,22,0,22,126
06/16/2021,TYR,TX,ASW,CE,Federal Contract Tower,7,9,27,0,43,0,1,60,4,65,7,10,87,4,108,20,0,20,128
06/17/2021,TYR,TX,ASW,CE,Federal Contract Tower,7,10,25,0,42,0,0,35,0,35,7,10,60,0,77,72,0,72,149
06/18/2021,TYR,TX,ASW,CE,Federal Contract Tower,7,8,27,0,42,0,8,71,8,87,7,16,98,8,129,36,0,36,165
06/19/2021,TYR,TX,ASW,CE,Federal Contract Tower,6,9,22,0,37,0,2,55,1,58,6,11,77,1,95,0,0,0,95
06/20/2021,TYR,TX,ASW,CE,Federal Contract Tower,7,9,25,0,41,0,0,34,2,36,7,9,59,2,77,18,0,18,95
06/21/2021,TYR,TX,ASW,CE,Federal Contract Tower,5,8,20,0,33,0,1,13,0,14,5,9,33,0,47,0,0,0,47
06/22/2021,TYR,TX,ASW,CE,Federal Contract Tower,5,14,29,0,48,0,2,50,2,54,5,16,79,2,102,28,0,28,130
06/23/2021,TYR,TX,ASW,CE,Federal Contract Tower,7,4,27,2,40,0,0,32,0,32,7,4,59,2,72,20,0,20,92
06/24/2021,TYR,TX,ASW,CE,Federal Contract Tower,7,10,41,0,58,0,1,52,0,53,7,11,93,0,111,52,0,52,163
06/25/2021,TYR,TX,ASW,CE,Federal Contract Tower,7,8,14,0,29,0,1,34,0,35,7,9,48,0,64,36,0,36,100
06/26/2021,TYR,TX,ASW,CE,Federal Contract Tower,6,9,18,4,37,0,2,30,4,36,6,11,48,8,73,8,46,54,127
06/27/2021,TYR,TX,ASW,CE,Federal Contract Tower,5,2,22,0,29,0,0,16,0,16,5,2,38,0,45,32,0,32,77
06/28/2021,TYR,TX,ASW,CE,Federal Contract Tower,6,4,15,0,25,0,1,6,0,7,6,5,21,0,32,2,0,2,34
06/29/2021,TYR,TX,ASW,CE,Federal Contract Tower,5,9,19,8,41,0,0,9,2,11,5,9,28,10,52,12,4,16,68
06/30/2021,TYR,TX,ASW,CE,Federal Contract Tower,7,8,25,4,44,0,1,45,5,51,7,9,70,9,95,6,0,6,101
07/01/2021,TYR,TX,ASW,CE,Federal Contract Tower,4,5,13,8,30,0,4,45,14,63,4,9,58,22,93,22,12,34,127
07/02/2021,TYR,TX,ASW,CE,Federal Contract Tower,2,4,14,0,20,0,1,28,0,29,2,5,42,0,49,10,0,10,59
07/03/2021,TYR,TX,ASW,CE,Federal Contract Tower,5,5,18,0,28,0,0,100,4,104,5,5,118,4,132,82,2,84,216
07/04/2021,TYR,TX,ASW,CE,Federal Contract Tower,5,1,31,0,37,0,1,47,0,48,5,2,78,0,85,0,0,0,85
07/05/2021,TYR,TX,ASW,CE,Federal Contract Tower,7,4,18,1,30,0,6,45,0,51,7,10,63,1,81,0,0,0,81
07/06/2021,TYR,TX,ASW,CE,Federal Contract Tower,5,3,23,1,32,0,5,27,0,32,5,8,50,1,64,22,0,22,86
07/07/2021,TYR,TX,ASW,CE,Federal Contract Tower,6,5,18,0,29,0,0,36,0,36,6,5,54,0,65,20,0,20,85
07/08/2021,TYR,TX,ASW,CE,Federal Contract Tower,5,1,17,0,23,0,2,49,0,51,5,3,66,0,74,68,0,68,142
07/09/2021,TYR,TX,ASW,CE,Federal Contract Tower,7,7,18,0,32,0,1,8,0,9,7,8,26,0,41,0,0,0,41
07/10/2021,TYR,TX,ASW,CE,Federal Contract Tower,6,7,39,0,52,0,0,18,1,19,6,7,57,1,71,6,0,6,77
07/11/2021,TYR,TX,ASW,CE,Federal Contract Tower,7,3,15,0,25,0,1,11,0,12,7,4,26,0,37,0,0,0,37
07/12/2021,TYR,TX,ASW,CE,Federal Contract Tower,5,4,36,0,45,0,0,38,0,38,5,4,74,0,83,12,0,12,95
07/13/2021,TYR,TX,ASW,CE,Federal Contract Tower,5,7,33,5,50,0,1,49,1,51,5,8,82,6,101,22,8,30,131
07/14/2021,TYR,TX,ASW,CE,Federal Contract Tower,6,5,23,0,34,0,3,37,0,40,6,8,60,0,74,32,0,32,106
07/15/2021,TYR,TX,ASW,CE,Federal Contract Tower,7,9,40,0,56,0,2,26,0,28,7,11,66,0,84,18,0,18,102
07/16/2021,TYR,TX,ASW,CE,Federal Contract Tower,7,10,24,2,43,0,0,34,0,34,7,10,58,2,77,18,0,18,95
07/17/2021,TYR,TX,ASW,CE,Federal Contract Tower,6,2,45,8,61,0,0,35,0,35,6,2,80,8,96,6,0,6,102
07/18/2021,TYR,TX,ASW,CE,Federal Contract Tower,7,2,23,0,32,0,0,36,0,36,7,2,59,0,68,12,0,12,80
07/19/2021,TYR,TX,ASW,CE,Federal Contract Tower,5,4,9,0,18,0,0,2,0,2,5,4,11,0,20,0,0,0,20
07/20/2021,TYR,TX,ASW,CE,Federal Contract Tower,5,9,22,0,36,0,0,22,0,22,5,9,44,0,58,0,0,0,58
07/21/2021,TYR,TX,ASW,CE,Federal Contract Tower,7,11,21,0,39,0,6,41,0,47,7,17,62,0,86,12,0,12,98
07/23/2021,TYR,TX,ASW,CE,Federal Contract Tower,7,7,34,0,48,0,3,32,0,35,7,10,66,0,83,16,0,16,99
07/24/2021,TYR,TX,ASW,CE,Federal Contract Tower,6,6,24,0,36,0,2,48,0,50,6,8,72,0,86,18,0,18,104
07/25/2021,TYR,TX,ASW,CE,Federal Contract Tower,7,6,17,0,30,0,2,50,0,52,7,8,67,0,82,8,0,8,90
07/26/2021,TYR,TX,ASW,CE,Federal Contract Tower,7,5,32,0,44,0,2,37,2,41,7,7,69,2,85,12,0,12,97
07/27/2021,TYR,TX,ASW,CE,Federal Contract Tower,5,6,26,2,39,0,2,36,0,38,5,8,62,2,77,0,0,0,77
07/28/2021,TYR,TX,ASW,CE,Federal Contract Tower,8,8,16,2,34,0,2,39,4,45,8,10,55,6,79,22,0,22,101
07/29/2021,TYR,TX,ASW,CE,Federal Contract Tower,7,11,17,2,37,0,0,44,0,44,7,11,61,2,81,0,6,6,87
07/30/2021,TYR,TX,ASW,CE,Federal Contract Tower,8,3,26,0,37,0,6,42,2,50,8,9,68,2,87,16,0,16,103
07/31/2021,TYR,TX,ASW,CE,Federal Contract Tower,6,12,27,0,45,0,10,73,0,83,6,22,100,0,128,46,0,46,174
08/01/2021,TYR,TX,ASW,CE,Federal Contract Tower,5,5,19,0,29,0,0,46,0,46,5,5,65,0,75,0,0,0,75
08/02/2021,TYR,TX,ASW,CE,Federal Contract Tower,7,8,7,2,24,0,0,2,0,2,7,8,9,2,26,0,0,0,26
08/03/2021,TYR,TX,ASW,CE,Federal Contract Tower,4,10,23,0,37,0,2,41,0,43,4,12,64,0,80,22,0,22,102
08/04/2021,TYR,TX,ASW,CE,Federal Contract Tower,7,12,27,2,48,0,0,1,0,1,7,12,28,2,49,32,0,32,81
08/05/2021,TYR,TX,ASW,CE,Federal Contract Tower,6,4,25,0,35,0,14,48,0,62,6,18,73,0,97,48,0,48,145
08/06/2021,TYR,TX,ASW,CE,Federal Contract Tower,7,9,23,0,39,0,4,49,0,53,7,13,72,0,92,40,0,40,132
08/07/2021,TYR,TX,ASW,CE,Federal Contract Tower,6,8,24,0,38,0,2,17,5,24,6,10,41,5,62,36,0,36,98
08/08/2021,TYR,TX,ASW,CE,Federal Contract Tower,9,4,26,0,39,0,2,28,0,30,9,6,54,0,69,16,0,16,85
08/10/2021,TYR,TX,ASW,CE,Federal Contract Tower,4,7,25,0,36,0,0,25,0,25,4,7,50,0,61,28,0,28,89
08/11/2021,TYR,TX,ASW,CE,Federal Contract Tower,7,5,28,0,40,0,0,40,0,40,7,5,68,0,80,20,0,20,100
08/12/2021,TYR,TX,ASW,CE,Federal Contract Tower,7,5,18,0,30,0,0,0,0,0,7,5,18,0,30,16,0,16,46
08/13/2021,TYR,TX,ASW,CE,Federal Contract Tower,7,8,33,0,48,0,5,51,2,58,7,13,84,2,106,12,0,12,118
08/14/2021,TYR,TX,ASW,CE,Federal Contract Tower,8,5,19,0,32,0,1,21,0,22,8,6,40,0,54,26,0,26,80
08/15/2021,TYR,TX,ASW,CE,Federal Contract Tower,7,2,11,0,20,0,4,25,0,29,7,6,36,0,49,2,0,2,51
08/16/2021,TYR,TX,ASW,CE,Federal Contract Tower,7,2,16,0,25,0,4,22,0,26,7,6,38,0,51,14,0,14,65
08/17/2021,TYR,TX,ASW,CE,Federal Contract Tower,2,8,16,0,26,0,35,0,0,35,2,43,16,0,61,10,0,10,71
08/18/2021,TYR,TX,ASW,CE,Federal Contract Tower,6,5,24,0,35,0,3,10,0,13,6,8,34,0,48,2,0,2,50
08/19/2021,TYR,TX,ASW,CE,Federal Contract Tower,7,9,36,0,52,0,0,31,1,32,7,9,67,1,84,50,0,50,134
08/20/2021,TYR,TX,ASW,CE,Federal Contract Tower,8,8,35,0,51,0,3,41,0,44,8,11,76,0,95,38,0,38,133
08/21/2021,TYR,TX,ASW,CE,Federal Contract Tower,6,5,31,14,56,0,4,56,0,60,6,9,87,14,116,34,10,44,160
08/22/2021,TYR,TX,ASW,CE,Federal Contract Tower,7,2,21,0,30,0,0,31,0,31,7,2,52,0,61,0,0,0,61
08/23/2021,TYR,TX,ASW,CE,Federal Contract Tower,7,6,17,0,30,0,0,66,0,66,7,6,83,0,96,42,0,42,138
08/24/2021,TYR,TX,ASW,CE,Federal Contract Tower,6,9,13,2,30,0,2,55,2,59,6,11,68,4,89,20,0,20,109
08/25/2021,TYR,TX,ASW,CE,Federal Contract Tower,7,4,13,0,24,0,4,60,0,64,7,8,73,0,88,82,0,82,170
08/26/2021,TYR,TX,ASW,CE,Federal Contract Tower,7,5,21,1,34,0,2,34,0,36,7,7,55,1,70,52,0,52,122
08/27/2021,TYR,TX,ASW,CE,Federal Contract Tower,7,6,40,0,53,0,3,29,0,32,7,9,69,0,85,26,0,26,111
08/28/2021,TYR,TX,ASW,CE,Federal Contract Tower,6,6,10,0,22,0,4,12,0,16,6,10,22,0,38,2,0,2,40
08/29/2021,TYR,TX,ASW,CE,Federal Contract Tower,7,1,19,0,27,0,0,13,0,13,7,1,32,0,40,0,0,0,40
08/30/2021,TYR,TX,ASW,CE,Federal Contract Tower,6,12,13,1,32,0,12,43,1,56,6,24,56,2,88,48,0,48,136
08/31/2021,TYR,TX,ASW,CE,Federal Contract Tower,6,14,7,0,27,0,7,51,0,58,6,21,58,0,85,22,0,22,107
09/01/2021,TYR,TX,ASW,CE,Federal Contract Tower,7,10,17,0,34,0,7,43,0,50,7,17,60,0,84,38,0,38,122
09/02/2021,TYR,TX,ASW,CE,Federal Contract Tower,7,11,26,0,44,0,1,34,0,35,7,12,60,0,79,18,0,18,97
09/03/2021,TYR,TX,ASW,CE,Federal Contract Tower,7,3,33,6,49,0,4,39,0,43,7,7,72,6,92,0,0,0,92
09/04/2021,TYR,TX,ASW,CE,Federal Contract Tower,6,3,11,0,20,0,0,53,0,53,6,3,64,0,73,54,0,54,127
09/05/2021,TYR,TX,ASW,CE,Federal Contract Tower,6,2,11,0,19,0,2,16,0,18,6,4,27,0,37,8,0,8,45
09/06/2021,TYR,TX,ASW,CE,Federal Contract Tower,6,2,28,0,36,0,1,39,0,40,6,3,67,0,76,38,0,38,114
09/07/2021,TYR,TX,ASW,CE,Federal Contract Tower,6,9,26,1,42,0,5,31,0,36,6,14,57,1,78,16,0,16,94
09/08/2021,TYR,TX,ASW,CE,Federal Contract Tower,5,12,29,0,46,0,9,56,2,67,5,21,85,2,113,90,0,90,203
09/09/2021,TYR,TX,ASW,CE,Federal Contract Tower,4,5,20,0,29,0,0,52,1,53,4,5,72,1,82,59,0,59,141
09/10/2021,TYR,TX,ASW,CE,Federal Contract Tower,5,6,54,0,65,0,3,48,1,52,5,9,102,1,117,20,0,20,137
09/11/2021,TYR,TX,ASW,CE,Federal Contract Tower,7,5,14,0,26,0,1,60,0,61,7,6,74,0,87,4,0,4,91
09/12/2021,TYR,TX,ASW,CE,Federal Contract Tower,5,7,30,0,42,0,0,46,0,46,5,7,76,0,88,8,0,8,96
09/13/2021,TYR,TX,ASW,CE,Federal Contract Tower,6,9,23,0,38,0,0,8,0,8,6,9,31,0,46,10,0,10,56
09/14/2021,TYR,TX,ASW,CE,Federal Contract Tower,6,8,34,0,48,0,0,2,0,2,6,8,36,0,50,4,0,4,54
09/15/2021,TYR,TX,ASW,CE,Federal Contract Tower,5,4,22,0,31,0,0,10,0,10,5,4,32,0,41,14,0,14,55
09/16/2021,TYR,TX,ASW,CE,Federal Contract Tower,5,9,22,0,36,0,0,32,0,32,5,9,54,0,68,62,0,62,130
09/17/2021,TYR,TX,ASW,CE,Federal Contract Tower,4,9,22,1,36,0,3,40,0,43,4,12,62,1,79,20,0,20,99
09/18/2021,TYR,TX,ASW,CE,Federal Contract Tower,6,5,30,0,41,0,0,30,1,31,6,5,60,1,72,4,0,4,76
09/19/2021,TYR,TX,ASW,CE,Federal Contract Tower,6,5,17,6,34,0,3,22,2,27,6,8,39,8,61,32,0,32,93
09/20/2021,TYR,TX,ASW,CE,Federal Contract Tower,6,10,15,0,31,0,0,18,0,18,6,10,33,0,49,14,0,14,63
09/21/2021,TYR,TX,ASW,CE,Federal Contract Tower,6,5,16,0,27,0,2,15,0,17,6,7,31,0,44,0,0,0,44
09/22/2021,TYR,TX,ASW,CE,Federal Contract Tower,5,9,13,3,30,0,5,52,2,59,5,14,65,5,89,124,4,128,217
09/23/2021,TYR,TX,ASW,CE,Federal Contract Tower,5,3,27,0,35,0,0,54,0,54,5,3,81,0,89,26,0,26,115
09/24/2021,TYR,TX,ASW,CE,Federal Contract Tower,5,5,26,0,36,0,5,52,0,57,5,10,78,0,93,38,0,38,131
09/25/2021,TYR,TX,ASW,CE,Federal Contract Tower,6,3,17,0,26,0,10,51,0,61,6,13,68,0,87,22,0,22,109
09/26/2021,TYR,TX,ASW,CE,Federal Contract Tower,5,4,19,0,28,0,2,44,0,46,5,6,63,0,74,12,0,12,86
09/27/2021,TYR,TX,ASW,CE,Federal Contract Tower,6,9,22,5,42,0,4,48,1,53,6,13,70,6,95,36,8,44,139
09/28/2021,TYR,TX,ASW,CE,Federal Contract Tower,6,12,16,0,34,0,3,25,0,28,6,15,41,0,62,6,0,6,68
09/29/2021,TYR,TX,ASW,CE,Federal Contract Tower,5,4,21,0,30,0,3,30,4,37,5,7,51,4,67,22,0,22,89
09/30/2021,TYR,TX,ASW,CE,Federal Contract Tower,5,7,26,0,38,0,1,14,0,15,5,8,40,0,53,26,0,26,79
10/01/2021,TYR,TX,ASW,CE,Federal Contract Tower,4,6,25,0,35,0,2,8,0,10,4,8,33,0,45,0,0,0,45
10/02/2021,TYR,TX,ASW,CE,Federal Contract Tower,6,2,17,0,25,0,0,12,0,12,6,2,29,0,37,0,0,0,37
10/03/2021,TYR,TX,ASW,CE,Federal Contract Tower,5,4,20,0,29,0,1,43,0,44,5,5,63,0,73,12,0,12,85
10/04/2021,TYR,TX,ASW,CE,Federal Contract Tower,6,5,27,0,38,0,1,62,0,63,6,6,89,0,101,50,0,50,151
10/05/2021,TYR,TX,ASW,CE,Federal Contract Tower,6,18,23,0,47,10,0,0,0,10,16,18,23,0,57,10,0,10,67
10/06/2021,TYR,TX,ASW,CE,Federal Contract Tower,5,7,17,1,30,0,1,49,3,53,5,8,66,4,83,54,0,54,137
10/07/2021,TYR,TX,ASW,CE,Federal Contract Tower,7,11,34,2,54,0,16,56,0,72,7,27,90,2,126,66,4,70,196
10/08/2021,TYR,TX,ASW,CE,Federal Contract Tower,6,7,28,0,41,0,4,48,0,52,6,11,76,0,93,18,0,18,111
10/09/2021,TYR,TX,ASW,CE,Federal Contract Tower,6,9,20,0,35,0,1,65,0,66,6,10,85,0,101,32,0,32,133
10/10/2021,TYR,TX,ASW,CE,Federal Contract Tower,6,5,23,0,34,0,0,12,0,12,6,5,35,0,46,0,0,0,46
10/11/2021,TYR,TX,ASW,CE,Federal Contract Tower,6,9,18,4,37,0,3,41,0,44,6,12,59,4,81,18,0,18,99
10/13/2021,TYR,TX,ASW,CE,Federal Contract Tower,8,4,23,0,35,0,3,13,0,16,8,7,36,0,51,14,0,14,65
10/14/2021,TYR,TX,ASW,CE,Federal Contract Tower,8,28,39,0,75,0,0,22,1,23,8,28,61,1,98,58,2,60,158
10/15/2021,TYR,TX,ASW,CE,Federal Contract Tower,7,12,49,0,68,0,1,14,3,18,7,13,63,3,86,8,0,8,94
10/16/2021,TYR,TX,ASW,CE,Federal Contract Tower,6,8,30,0,44,0,6,75,0,81,6,14,105,0,125,70,0,70,195
10/17/2021,TYR,TX,ASW,CE,Federal Contract Tower,5,7,23,0,35,0,4,61,0,65,5,11,84,0,100,24,0,24,124
10/18/2021,TYR,TX,ASW,CE,Federal Contract Tower,6,12,24,0,42,0,2,74,0,76,6,14,98,0,118,46,0,46,164
10/19/2021,TYR,TX,ASW,CE,Federal Contract Tower,6,10,20,0,36,0,63,0,0,63,6,73,20,0,99,46,0,46,145
10/20/2021,TYR,TX,ASW,CE,Federal Contract Tower,7,11,18,0,36,0,0,77,0,77,7,11,95,0,113,76,0,76,189
10/21/2021,TYR,TX,ASW,CE,Federal Contract Tower,7,5,32,0,44,0,0,75,1,76,7,5,107,1,120,58,0,58,178
10/22/2021,TYR,TX,ASW,CE,Federal Contract Tower,7,10,23,4,44,0,0,56,0,56,7,10,79,4,100,46,8,54,154
10/23/2021,TYR,TX,ASW,CE,Federal Contract Tower,6,10,27,0,43,0,8,24,0,32,6,18,51,0,75,12,0,12,87
10/24/2021,TYR,TX,ASW,CE,Federal Contract Tower,7,14,33,2,56,0,0,26,0,26,7,14,59,2,82,0,0,0,82
10/25/2021,TYR,TX,ASW,CE,Federal Contract Tower,6,10,39,0,55,0,11,45,2,58,6,21,84,2,113,46,0,46,159
10/26/2021,TYR,TX,ASW,CE,Federal Contract Tower,5,10,29,4,48,0,0,23,0,23,5,10,52,4,71,42,0,42,113
10/27/2021,TYR,TX,ASW,CE,Federal Contract Tower,8,9,14,0,31,0,6,10,0,16,8,15,24,0,47,0,0,0,47
10/28/2021,TYR,TX,ASW,CE,Federal Contract Tower,4,4,22,1,31,0,1,5,1,7,4,5,27,2,38,0,4,4,42
10/29/2021,TYR,TX,ASW,CE,Federal Contract Tower,7,7,22,0,36,0,2,23,0,25,7,9,45,0,61,4,0,4,65
10/30/2021,TYR,TX,ASW,CE,Federal Contract Tower,6,3,29,0,38,0,3,72,0,75,6,6,101,0,113,16,0,16,129
10/31/2021,TYR,TX,ASW,CE,Federal Contract Tower,7,2,21,0,30,0,3,91,0,94,7,5,112,0,124,50,0,50,174
11/01/2021,TYR,TX,ASW,CE,Federal Contract Tower,6,8,41,0,55,0,0,82,0,82,6,8,123,0,137,52,0,52,189
11/02/2021,TYR,TX,ASW,CE,Federal Contract Tower,5,18,36,0,59,0,9,46,0,55,5,27,82,0,114,70,0,70,184
11/03/2021,TYR,TX,ASW,CE,Federal Contract Tower,9,8,13,0,30,0,0,0,0,0,9,8,13,0,30,2,0,2,32
11/04/2021,TYR,TX,ASW,CE,Federal Contract Tower,9,18,38,3,68,0,1,48,2,51,9,19,86,5,119,20,4,24,143
11/05/2021,TYR,TX,ASW,CE,Federal Contract Tower,8,8,29,2,47,0,0,50,0,50,8,8,79,2,97,20,6,26,123
11/06/2021,TYR,TX,ASW,CE,Federal Contract Tower,9,7,30,2,48,0,2,75,4,81,9,9,105,6,129,16,6,22,151
11/07/2021,TYR,TX,ASW,CE,Federal Contract Tower,9,2,34,4,49,0,0,62,0,62,9,2,96,4,111,24,0,24,135
11/08/2021,TYR,TX,ASW,CE,Federal Contract Tower,8,11,41,0,60,0,1,62,0,63,8,12,103,0,123,52,0,52,175
11/09/2021,TYR,TX,ASW,CE,Federal Contract Tower,6,6,28,0,40,0,4,40,0,44,6,10,68,0,84,44,0,44,128
11/10/2021,TYR,TX,ASW,CE,Federal Contract Tower,7,8,46,0,61,0,2,19,0,21,7,10,65,0,82,14,0,14,96
11/11/2021,TYR,TX,ASW,CE,Federal Contract Tower,9,4,28,0,41,0,6,57,0,63,9,10,85,0,104,24,0,24,128
11/12/2021,TYR,TX,ASW,CE,Federal Contract Tower,10,10,18,0,38,0,0,56,0,56,10,10,74,0,94,14,0,14,108
11/13/2021,TYR,TX,ASW,CE,Federal Contract Tower,8,8,33,0,49,0,0,78,0,78,8,8,111,0,127,4,0,4,131
11/14/2021,TYR,TX,ASW,CE,Federal Contract Tower,9,2,25,0,36,0,0,60,0,60,9,2,85,0,96,16,0,16,112
11/15/2021,TYR,TX,ASW,CE,Federal Contract Tower,8,8,35,0,51,0,0,41,0,41,8,8,76,0,92,52,0,52,144
11/16/2021,TYR,TX,ASW,CE,Federal Contract Tower,6,7,29,0,42,0,0,14,0,14,6,7,43,0,56,0,0,0,56
11/17/2021,TYR,TX,ASW,CE,Federal Contract Tower,9,10,27,2,48,0,1,29,2,32,9,11,56,4,80,36,0,36,116
11/18/2021,TYR,TX,ASW,CE,Federal Contract Tower,7,11,42,0,60,0,4,48,0,52,7,15,90,0,112,54,0,54,166
11/19/2021,TYR,TX,ASW,CE,Federal Contract Tower,7,12,39,0,58,0,3,69,0,72,7,15,108,0,130,46,0,46,176
11/20/2021,TYR,TX,ASW,CE,Federal Contract Tower,6,13,23,0,42,0,6,70,0,76,6,19,93,0,118,16,0,16,134
11/21/2021,TYR,TX,ASW,CE,Federal Contract Tower,6,7,45,0,58,0,0,6,0,6,6,7,51,0,64,12,0,12,76
11/22/2021,TYR,TX,ASW,CE,Federal Contract Tower,7,9,31,0,47,0,2,64,0,66,7,11,95,0,113,22,0,22,135
11/23/2021,TYR,TX,ASW,CE,Federal Contract Tower,7,10,21,0,38,0,0,71,0,71,7,10,92,0,109,60,0,60,169
11/24/2021,TYR,TX,ASW,CE,Federal Contract Tower,7,8,24,3,42,0,3,30,0,33,7,11,54,3,75,66,2,68,143
11/25/2021,TYR,TX,ASW,CE,Federal Contract Tower,5,0,5,0,10,0,1,7,0,8,5,1,12,0,18,8,0,8,26
11/26/2021,TYR,TX,ASW,CE,Federal Contract Tower,3,7,12,0,22,0,1,53,0,54,3,8,65,0,76,12,0,12,88
11/27/2021,TYR,TX,ASW,CE,Federal Contract Tower,6,6,32,0,44,0,2,31,0,33,6,8,63,0,77,16,0,16,93
11/28/2021,TYR,TX,ASW,CE,Federal Contract Tower,6,9,20,0,35,0,0,29,0,29,6,9,49,0,64,16,0,16,80
11/29/2021,TYR,TX,ASW,CE,Federal Contract Tower,7,10,35,3,55,0,6,59,0,65,7,16,94,3,120,58,0,58,178
11/30/2021,TYR,TX,ASW,CE,Federal Contract Tower,6,13,26,0,45,0,7,59,6,72,6,20,85,6,117,30,2,32,149
12/01/2021,TYR,TX,ASW,CE,Federal Contract Tower,9,8,40,0,57,0,0,61,0,61,9,8,101,0,118,102,0,102,220
12/02/2021,TYR,TX,ASW,CE,Federal Contract Tower,10,4,25,0,39,0,1,46,0,47,10,5,71,0,86,32,0,32,118
12/03/2021,TYR,TX,ASW,CE,Federal Contract Tower,9,5,14,0,28,0,1,13,0,14,9,6,27,0,42,0,0,0,42
12/04/2021,TYR,TX,ASW,CE,Federal Contract Tower,8,5,12,0,25,0,1,12,0,13,8,6,24,0,38,28,0,28,66
12/05/2021,TYR,TX,ASW,CE,Federal Contract Tower,9,1,23,0,33,0,0,9,0,9,9,1,32,0,42,10,0,10,52
12/06/2021,TYR,TX,ASW,CE,Federal Contract Tower,8,13,19,2,42,0,2,20,0,22,8,15,39,2,64,30,0,30,94
12/07/2021,TYR,TX,ASW,CE,Federal Contract Tower,9,7,27,2,45,0,4,39,0,43,9,11,66,2,88,30,0,30,118
12/08/2021,TYR,TX,ASW,CE,Federal Contract Tower,8,11,33,0,52,0,2,18,0,20,8,13,51,0,72,47,0,47,119
12/09/2021,TYR,TX,ASW,CE,Federal Contract Tower,9,9,38,0,56,0,0,30,0,30,9,9,68,0,86,16,0,16,102
12/10/2021,TYR,TX,ASW,CE,Federal Contract Tower,9,5,35,0,49,0,7,11,0,18,9,12,46,0,67,0,0,0,67
12/11/2021,TYR,TX,ASW,CE,Federal Contract Tower,8,11,19,0,38,0,3,42,0,45,8,14,61,0,83,20,0,20,103
12/12/2021,TYR,TX,ASW,CE,Federal Contract Tower,9,4,17,0,30,0,0,67,0,67,9,4,84,0,97,40,0,40,137
12/13/2021,TYR,TX,ASW,CE,Federal Contract Tower,7,7,25,0,39,0,1,43,0,44,7,8,68,0,83,40,0,40,123
12/14/2021,TYR,TX,ASW,CE,Federal Contract Tower,7,9,38,4,58,0,0,5,0,5,7,9,43,4,63,34,0,34,97
12/15/2021,TYR,TX,ASW,CE,Federal Contract Tower,8,6,6,0,20,0,6,3,0,9,8,12,9,0,29,0,0,0,29
12/16/2021,TYR,TX,ASW,CE,Federal Contract Tower,9,5,41,0,55,0,0,7,0,7,9,5,48,0,62,16,0,16,78
12/17/2021,TYR,TX,ASW,CE,Federal Contract Tower,8,12,37,0,57,0,3,20,0,23,8,15,57,0,80,0,0,0,80
12/18/2021,TYR,TX,ASW,CE,Federal Contract Tower,7,5,16,0,28,0,0,3,0,3,7,5,19,0,31,0,0,0,31
12/19/2021,TYR,TX,ASW,CE,Federal Contract Tower,9,6,29,8,52,0,2,71,0,73,9,8,100,8,125,68,0,68,193
12/20/2021,TYR,TX,ASW,CE,Federal Contract Tower,7,5,26,0,38,0,0,8,0,8,7,5,34,0,46,26,0,26,72
12/21/2021,TYR,TX,ASW,CE,Federal Contract Tower,9,14,15,0,38,0,0,68,0,68,9,14,83,0,106,10,0,10,116
12/22/2021,TYR,TX,ASW,CE,Federal Contract Tower,8,9,43,0,60,0,7,77,0,84,8,16,120,0,144,70,0,70,214
12/23/2021,TYR,TX,ASW,CE,Federal Contract Tower,8,10,25,0,43,0,1,18,0,19,8,11,43,0,62,16,0,16,78
12/24/2021,TYR,TX,ASW,CE,Federal Contract Tower,5,3,6,0,14,0,0,3,0,3,5,3,9,0,17,0,0,0,17
12/25/2021,TYR,TX,ASW,CE,Federal Contract Tower,6,4,3,0,13,0,0,15,0,15,6,4,18,0,28,2,0,2,30
12/26/2021,TYR,TX,ASW,CE,Federal Contract Tower,7,3,24,0,34,0,0,11,0,11,7,3,35,0,45,0,0,0,45
12/27/2021,TYR,TX,ASW,CE,Federal Contract Tower,9,10,23,1,43,0,0,20,1,21,9,10,43,2,64,22,0,22,86
12/28/2021,TYR,TX,ASW,CE,Federal Contract Tower,6,6,18,0,30,0,4,15,0,19,6,10,33,0,49,6,0,6,55
12/29/2021,TYR,TX,ASW,CE,Federal Contract Tower,9,6,19,0,34,0,0,12,0,12,9,6,31,0,46,14,0,14,60
12/30/2021,TYR,TX,ASW,CE,Federal Contract Tower,7,6,35,0,48,0,4,70,0,74,7,10,105,0,122,42,0,42,164
12/31/2021,TYR,TX,ASW,CE,Federal Contract Tower,6,6,27,0,39,0,0,12,0,12,6,6,39,0,51,52,0,52,103
01/01/2022,TYR,TX,ASW,CE,Federal Contract Tower,5,0,13,0,18,0,0,9,0,9,5,0,22,0,27,0,0,0,27
01/02/2022,TYR,TX,ASW,CE,Federal Contract Tower,7,1,21,0,29,0,1,15,0,16,7,2,36,0,45,12,0,12,57
01/03/2022,TYR,TX,ASW,CE,Federal Contract Tower,9,5,11,0,25,0,4,80,0,84,9,9,91,0,109,50,0,50,159
01/04/2022,TYR,TX,ASW,CE,Federal Contract Tower,8,8,17,0,33,0,0,39,0,39,8,8,56,0,72,12,0,12,84
01/05/2022,TYR,TX,ASW,CE,Federal Contract Tower,7,6,19,0,32,0,0,35,4,39,7,6,54,4,71,40,0,40,111
01/06/2022,TYR,TX,ASW,CE,Federal Contract Tower,9,5,23,0,37,0,0,39,2,41,9,5,62,2,78,4,0,4,82
01/07/2022,TYR,TX,ASW,CE,Federal Contract Tower,8,6,38,0,52,0,1,58,0,59,8,7,96,0,111,54,0,54,165
01/08/2022,TYR,TX,ASW,CE,Federal Contract Tower,7,3,3,0,13,0,0,0,0,0,7,3,3,0,13,0,0,0,13
01/09/2022,TYR,TX,ASW,CE,Federal Contract Tower,10,8,38,0,56,0,0,8,0,8,10,8,46,0,64,4,0,4,68
01/10/2022,TYR,TX,ASW,CE,Federal Contract Tower,8,9,28,2,47,0,0,43,0,43,8,9,71,2,90,56,8,64,154
01/11/2022,TYR,TX,ASW,CE,Federal Contract Tower,9,8,26,0,43,0,2,49,0,51,9,10,75,0,94,17,0,17,111
01/12/2022,TYR,TX,ASW,CE,Federal Contract Tower,9,7,29,0,45,0,2,70,0,72,9,9,99,0,117,52,0,52,169
01/13/2022,TYR,TX,ASW,CE,Federal Contract Tower,9,7,41,0,57,0,0,70,0,70,9,7,111,0,127,38,0,38,165
01/14/2022,TYR,TX,ASW,CE,Federal Contract Tower,10,7,14,4,35,0,1,53,0,54,10,8,67,4,89,52,0,52,141
01/15/2022,TYR,TX,ASW,CE,Federal Contract Tower,8,5,0,0,13,0,0,1,0,1,8,5,1,0,14,0,0,0,14
01/16/2022,TYR,TX,ASW,CE,Federal Contract Tower,9,3,30,0,42,0,6,48,0,54,9,9,78,0,96,4,0,4,100
01/17/2022,TYR,TX,ASW,CE,Federal Contract Tower,9,7,12,0,28,0,5,106,1,112,9,12,118,1,140,86,0,86,226
01/18/2022,TYR,TX,ASW,CE,Federal Contract Tower,10,7,24,3,44,0,0,16,1,17,10,7,40,4,61,12,0,12,73
01/19/2022,TYR,TX,ASW,CE,Federal Contract Tower,9,6,37,0,52,0,1,4,0,5,9,7,41,0,57,6,0,6,63
01/20/2022,TYR,TX,ASW,CE,Federal Contract Tower,7,11,19,0,37,0,7,21,0,28,7,18,40,0,65,28,0,28,93
01/21/2022,TYR,TX,ASW,CE,Federal Contract Tower,8,4,39,2,53,0,5,55,0,60,8,9,94,2,113,76,6,82,195
01/22/2022,TYR,TX,ASW,CE,Federal Contract Tower,8,8,12,4,32,0,8,106,0,114,8,16,118,4,146,90,0,90,236
01/23/2022,TYR,TX,ASW,CE,Federal Contract Tower,8,3,29,0,40,0,2,71,0,73,8,5,100,0,113,10,0,10,123
01/24/2022,TYR,TX,ASW,CE,Federal Contract Tower,6,7,29,0,42,0,0,3,0,3,6,7,32,0,45,2,0,2,47
01/25/2022,TYR,TX,ASW,CE,Federal Contract Tower,8,9,27,0,44,0,1,29,0,30,8,10,56,0,74,40,0,40,114
01/26/2022,TYR,TX,ASW,CE,Federal Contract Tower,10,10,20,0,40,0,2,58,0,60,10,12,78,0,100,88,0,88,188
01/27/2022,TYR,TX,ASW,CE,Federal Contract Tower,9,7,30,0,46,0,4,39,0,43,9,11,69,0,89,40,0,40,129
01/28/2022,TYR,TX,ASW,CE,Federal Contract Tower,8,8,23,2,41,0,6,49,0,55,8,14,72,2,96,20,0,20,116
01/29/2022,TYR,TX,ASW,CE,Federal Contract Tower,7,3,28,1,39,0,7,53,1,61,7,10,81,2,100,32,4,36,136
01/30/2022,TYR,TX,ASW,CE,Federal Contract Tower,9,0,27,0,36,0,2,60,0,62,9,2,87,0,98,32,0,32,130
01/31/2022,TYR,TX,ASW,CE,Federal Contract Tower,7,12,26,0,45,0,4,4,0,8,7,16,30,0,53,10,0,10,63
02/01/2022,TYR,TX,ASW,CE,Federal Contract Tower,7,7,53,3,70,0,2,13,1,16,7,9,66,4,86,0,0,0,86
02/02/2022,TYR,TX,ASW,CE,Federal Contract Tower,7,3,15,0,25,0,0,0,0,0,7,3,15,0,25,0,0,0,25
02/03/2022,TYR,TX,ASW,CE,Federal Contract Tower,0,0,3,0,3,0,0,0,0,0,0,0,3,0,3,0,0,0,3
02/04/2022,TYR,TX,ASW,CE,Federal Contract Tower,4,2,12,0,18,0,1,8,0,9,4,3,20,0,27,0,0,0,27
02/05/2022,TYR,TX,ASW,CE,Federal Contract Tower,7,9,11,1,28,0,5,26,6,37,7,14,37,7,65,12,0,12,77
02/06/2022,TYR,TX,ASW,CE,Federal Contract Tower,9,1,26,0,36,0,9,50,5,64,9,10,76,5,100,50,0,50,150
02/07/2022,TYR,TX,ASW,CE,Federal Contract Tower,7,7,19,0,33,0,12,58,2,72,7,19,77,2,105,38,0,38,143
02/08/2022,TYR,TX,ASW,CE,Federal Contract Tower,8,5,26,2,41,0,3,56,0,59,8,8,82,2,100,20,0,20,120
02/09/2022,TYR,TX,ASW,CE,Federal Contract Tower,8,4,37,0,49,0,1,96,0,97,8,5,133,0,146,56,0,56,202
02/10/2022,TYR,TX,ASW,CE,Federal Contract Tower,9,6,32,0,47,0,3,66,0,69,9,9,98,0,116,48,0,48,164
02/11/2022,TYR,TX,ASW,CE,Federal Contract Tower,7,7,40,0,54,0,5,72,1,78,7,12,112,1,132,34,0,34,166
02/12/2022,TYR,TX,ASW,CE,Federal Contract Tower,6,3,12,0,21,0,1,21,1,23,6,4,33,1,44,18,0,18,62
02/13/2022,TYR,TX,ASW,CE,Federal Contract Tower,9,3,27,0,39,0,6,59,0,65,9,9,86,0,104,66,0,66,170
02/14/2022,TYR,TX,ASW,CE,Federal Contract Tower,7,7,25,0,39,0,5,47,1,53,7,12,72,1,92,34,0,34,126
02/15/2022,TYR,TX,ASW,CE,Federal Contract Tower,8,5,18,4,35,0,7,29,3,39,8,12,47,7,74,20,0,20,94
02/16/2022,TYR,TX,ASW,CE,Federal Contract Tower,8,9,36,0,53,0,1,8,0,9,8,10,44,0,62,6,0,6,68
02/17/2022,TYR,TX,ASW,CE,Federal Contract Tower,9,7,36,0,52,0,1,7,0,8,9,8,43,0,60,20,0,20,80
02/18/2022,TYR,TX,ASW,CE,Federal Contract Tower,9,6,31,2,48,0,6,75,0,81,9,12,106,2,129,62,0,62,191
02/19/2022,TYR,TX,ASW,CE,Federal Contract Tower,7,4,23,0,34,0,5,92,6,103,7,9,115,6,137,72,2,74,211
02/20/2022,TYR,TX,ASW,CE,Federal Contract Tower,9,4,16,0,29,0,2,28,8,38,9,6,44,8,67,14,4,18,85
02/21/2022,TYR,TX,ASW,CE,Federal Contract Tower,8,3,28,0,39,0,0,3,0,3,8,3,31,0,42,0,0,0,42
02/22/2022,TYR,TX,ASW,CE,Federal Contract Tower,7,9,24,0,40,0,0,24,0,24,7,9,48,0,64,14,0,14,78
02/23/2022,TYR,TX,ASW,CE,Federal Contract Tower,2,3,14,0,19,0,0,1,0,1,2,3,15,0,20,0,0,0,20
02/24/2022,TYR,TX,ASW,CE,Federal Contract Tower,1,1,8,0,10,0,0,0,0,0,1,1,8,0,10,0,0,0,10
02/25/2022,TYR,TX,ASW,CE,Federal Contract Tower,9,7,25,0,41,0,1,12,0,13,9,8,37,0,54,24,0,24,78
02/26/2022,TYR,TX,ASW,CE,Federal Contract Tower,4,5,12,0,21,0,0,0,0,0,4,5,12,0,21,0,0,0,21
02/27/2022,TYR,TX,ASW,CE,Federal Contract Tower,9,2,34,0,45,0,6,48,0,54,9,8,82,0,99,44,0,44,143
02/28/2022,TYR,TX,ASW,CE,Federal Contract Tower,7,3,48,0,58,0,5,51,0,56,7,8,99,0,114,22,0,22,136
03/01/2022,TYR,TX,ASW,CE,Federal Contract Tower,7,3,23,2,35,0,14,84,0,98,7,17,107,2,133,38,10,48,181
03/02/2022,TYR,TX,ASW,CE,Federal Contract Tower,9,5,8,2,24,0,4,68,1,73,9,9,76,3,97,54,8,62,159
03/03/2022,TYR,TX,ASW,CE,Federal Contract Tower,6,6,37,4,53,0,11,81,2,94,6,17,118,6,147,28,0,28,175
03/04/2022,TYR,TX,ASW,CE,Federal Contract Tower,7,8,43,0,58,0,4,46,0,50,7,12,89,0,108,36,0,36,144
03/05/2022,TYR,TX,ASW,CE,Federal Contract Tower,7,4,20,0,31,0,0,11,3,14,7,4,31,3,45,44,0,44,89
03/06/2022,TYR,TX,ASW,CE,Federal Contract Tower,9,6,15,0,30,0,0,6,0,6,9,6,21,0,36,0,0,0,36
03/07/2022,TYR,TX,ASW,CE,Federal Contract Tower,8,3,30,4,45,0,0,24,0,24,8,3,54,4,69,0,0,0,69
03/08/2022,TYR,TX,ASW,CE,Federal Contract Tower,7,8,18,0,33,0,0,2,0,2,7,8,20,0,35,0,0,0,35
03/09/2022,TYR,TX,ASW,CE,Federal Contract Tower,8,8,39,5,60,0,0,70,3,73,8,8,109,8,133,34,2,36,169
03/10/2022,TYR,TX,ASW,CE,Federal Contract Tower,7,10,36,1,54,0,2,78,0,80,7,12,114,1,134,18,0,18,152
03/11/2022,TYR,TX,ASW,CE,Federal Contract Tower,7,8,23,0,38,0,0,10,1,11,7,8,33,1,49,16,0,16,65
03/12/2022,TYR,TX,ASW,CE,Federal Contract Tower,7,4,33,0,44,0,4,92,4,100,7,8,125,4,144,8,0,8,152
03/13/2022,TYR,TX,ASW,CE,Federal Contract Tower,8,4,9,4,25,0,0,44,0,44,8,4,53,4,69,8,0,8,77
03/14/2022,TYR,TX,ASW,CE,Federal Contract Tower,5,2,20,0,27,0,1,12,0,13,5,3,32,0,40,2,0,2,42
03/15/2022,TYR,TX,ASW,CE,Federal Contract Tower,8,7,22,0,37,0,1,27,0,28,8,8,49,0,65,28,0,28,93
03/16/2022,TYR,TX,ASW,CE,Federal Contract Tower,8,7,31,0,46,0,3,39,0,42,8,10,70,0,88,68,0,68,156
03/17/2022,TYR,TX,ASW,CE,Federal Contract Tower,7,6,17,2,32,0,14,18,0,32,7,20,35,2,64,26,0,26,90
03/18/2022,TYR,TX,ASW,CE,Federal Contract Tower,3,7,28,2,40,0,1,20,0,21,3,8,48,2,61,4,0,4,65
03/19/2022,TYR,TX,ASW,CE,Federal Contract Tower,6,9,24,2,41,0,3,78,5,86,6,12,102,7,127,40,0,40,167
03/20/2022,TYR,TX,ASW,CE,Federal Contract Tower,7,2,23,0,32,0,0,62,0,62,7,2,85,0,94,12,0,12,106
03/21/2022,TYR,TX,ASW,CE,Federal Contract Tower,4,9,11,0,24,0,0,1,0,1,4,9,12,0,25,0,0,0,25
03/22/2022,TYR,TX,ASW,CE,Federal Contract Tower,10,11,28,0,49,0,2,7,0,9,10,13,35,0,58,22,0,22,80
03/23/2022,TYR,TX,ASW,CE,Federal Contract Tower,6,3,24,0,33,0,3,62,2,67,6,6,86,2,100,52,0,52,152
03/24/2022,TYR,TX,ASW,CE,Federal Contract Tower,7,9,18,0,34,0,1,68,2,71,7,10,86,2,105,144,0,144,249
03/25/2022,TYR,TX,ASW,CE,Federal Contract Tower,6,11,45,6,68,0,2,100,0,102,6,13,145,6,170,70,0,70,240
03/26/2022,TYR,TX,ASW,CE,Federal Contract Tower,6,9,21,1,37,0,2,109,6,117,6,11,130,7,154,58,0,58,212
03/27/2022,TYR,TX,ASW,CE,Federal Contract Tower,7,2,22,0,31,0,0,52,0,52,7,2,74,0,83,6,0,6,89
03/28/2022,TYR,TX,ASW,CE,Federal Contract Tower,8,3,15,6,32,0,4,35,0,39,8,7,50,6,71,54,10,64,135
03/29/2022,TYR,TX,ASW,CE,Federal Contract Tower,7,10,31,6,54,0,0,9,0,9,7,10,40,6,63,0,0,0,63
03/30/2022,TYR,TX,ASW,CE,Federal Contract Tower,8,8,15,0,31,0,1,10,0,11,8,9,25,0,42,6,0,6,48
03/31/2022,TYR,TX,ASW,CE,Federal Contract Tower,7,11,31,0,49,0,2,48,0,50,7,13,79,0,99,16,0,16,115
04/01/2022,TYR,TX,ASW,CE,Federal Contract Tower,7,5,21,0,33,0,2,56,0,58,7,7,77,0,91,50,0,50,141
04/02/2022,TYR,TX,ASW,CE,Federal Contract Tower,6,9,29,0,44,0,0,76,4,80,6,9,105,4,124,10,6,16,140
04/03/2022,TYR,TX,ASW,CE,Federal Contract Tower,7,6,34,0,47,0,3,46,0,49,7,9,80,0,96,14,0,14,110
04/04/2022,TYR,TX,ASW,CE,Federal Contract Tower,10,10,34,1,55,0,2,13,0,15,10,12,47,1,70,8,0,8,78
04/05/2022,TYR,TX,ASW,CE,Federal Contract Tower,7,9,30,0,46,0,3,28,0,31,7,12,58,0,77,40,0,40,117
04/06/2022,TYR,TX,ASW,CE,Federal Contract Tower,7,7,22,0,36,0,1,24,0,25,7,8,46,0,61,8,0,8,69
04/07/2022,TYR,TX,ASW,CE,Federal Contract Tower,7,5,27,0,39,0,0,36,0,36,7,5,63,0,75,38,0,38,113
04/08/2022,TYR,TX,ASW,CE,Federal Contract Tower,8,7,35,1,51,0,1,32,0,33,8,8,67,1,84,0,0,0,84
04/09/2022,TYR,TX,ASW,CE,Federal Contract Tower,7,3,18,0,28,0,1,54,0,55,7,4,72,0,83,20,0,20,103
04/10/2022,TYR,TX,ASW,CE,Federal Contract Tower,7,3,20,0,30,0,0,11,0,11,7,3,31,0,41,0,0,0,41
04/11/2022,TYR,TX,ASW,CE,Federal Contract Tower,8,15,20,0,43,0,0,16,0,16,8,15,36,0,59,14,0,14,73
04/12/2022,TYR,TX,ASW,CE,Federal Contract Tower,6,10,30,0,46,0,0,5,0,5,6,10,35,0,51,16,0,16,67
04/13/2022,TYR,TX,ASW,CE,Federal Contract Tower,3,7,15,0,25,0,0,9,0,9,3,7,24,0,34,6,0,6,40
04/14/2022,TYR,TX,ASW,CE,Federal Contract Tower,7,6,36,0,49,2,90,0,0,92,9,96,36,0,141,44,0,44,185
04/15/2022,TYR,TX,ASW,CE,Federal Contract Tower,7,10,45,0,62,0,0,14,0,14,7,10,59,0,76,20,0,20,96
04/16/2022,TYR,TX,ASW,CE,Federal Contract Tower,7,5,34,0,46,0,2,6,0,8,7,7,40,0,54,12,0,12,66
04/17/2022,TYR,TX,ASW,CE,Federal Contract Tower,7,11,25,0,43,0,0,1,0,1,7,11,26,0,44,0,0,0,44
04/18/2022,TYR,TX,ASW,CE,Federal Contract Tower,7,12,68,0,87,0,10,56,0,66,7,22,124,0,153,66,0,66,219
04/19/2022,TYR,TX,ASW,CE,Federal Contract Tower,7,13,32,0,52,0,3,36,0,39,7,16,68,0,91,30,0,30,121
04/20/2022,TYR,TX,ASW,CE,Federal Contract Tower,7,11,38,0,56,0,0,7,0,7,7,11,45,0,63,0,0,0,63
04/21/2022,TYR,TX,ASW,CE,Federal Contract Tower,6,22,64,0,92,0,1,29,0,30,6,23,93,0,122,24,0,24,146
04/22/2022,TYR,TX,ASW,CE,Federal Contract Tower,6,10,34,0,50,0,0,23,0,23,6,10,57,0,73,22,0,22,95
04/23/2022,TYR,TX,ASW,CE,Federal Contract Tower,8,7,13,0,28,0,1,6,0,7,8,8,19,0,35,0,0,0,35
04/24/2022,TYR,TX,ASW,CE,Federal Contract Tower,6,2,26,0,34,0,1,4,0,5,6,3,30,0,39,0,0,0,39
04/25/2022,TYR,TX,ASW,CE,Federal Contract Tower,6,9,18,0,33,0,0,2,0,2,6,9,20,0,35,0,0,0,35
04/26/2022,TYR,TX,ASW,CE,Federal Contract Tower,7,8,30,3,48,0,8,87,8,103,7,16,117,11,151,84,0,84,235
04/27/2022,TYR,TX,ASW,CE,Federal Contract Tower,8,6,22,0,36,0,2,80,0,82,8,8,102,0,118,50,0,50,168
04/28/2022,TYR,TX,ASW,CE,Federal Contract Tower,6,3,21,0,30,0,1,57,0,58,6,4,78,0,88,68,0,68,156
04/29/2022,TYR,TX,ASW,CE,Federal Contract Tower,7,12,25,0,44,0,2,27,0,29,7,14,52,0,73,6,0,6,79
04/30/2022,TYR,TX,ASW,CE,Federal Contract Tower,7,5,22,0,34,0,0,14,0,14,7,5,36,0,48,8,0,8,56
05/01/2022,TYR,TX,ASW,CE,Federal Contract Tower,7,2,21,0,30,0,0,48,0,48,7,2,69,0,78,12,0,12,90
05/02/2022,TYR,TX,ASW,CE,Federal Contract Tower,6,11,29,0,46,0,2,10,0,12,6,13,39,0,58,0,0,0,58
05/03/2022,TYR,TX,ASW,CE,Federal Contract Tower,7,8,37,6,58,0,0,15,0,15,7,8,52,6,73,16,14,30,103
05/04/2022,TYR,TX,ASW,CE,Federal Contract Tower,7,13,30,0,50,0,0,14,0,14,7,13,44,0,64,16,0,16,80
05/05/2022,TYR,TX,ASW,CE,Federal Contract Tower,5,5,16,0,26,0,0,1,0,1,5,5,17,0,27,0,0,0,27
05/06/2022,TYR,TX,ASW,CE,Federal Contract Tower,5,11,32,0,48,0,3,68,9,80,5,14,100,9,128,40,0,40,168
05/07/2022,TYR,TX,ASW,CE,Federal Contract Tower,5,5,28,0,38,0,2,43,0,45,5,7,71,0,83,16,0,16,99
05/08/2022,TYR,TX,ASW,CE,Federal Contract Tower,5,4,19,0,28,0,4,33,0,37,5,8,52,0,65,0,0,0,65
05/09/2022,TYR,TX,ASW,CE,Federal Contract Tower,5,7,36,0,48,0,0,28,2,30,5,7,64,2,78,24,0,24,102
05/10/2022,TYR,TX,ASW,CE,Federal Contract Tower,5,11,43,0,59,0,0,36,0,36,5,11,79,0,95,28,0,28,123
05/11/2022,TYR,TX,ASW,CE,Federal Contract Tower,5,14,25,0,44,0,1,46,0,47,5,15,71,0,91,8,0,8,99
05/12/2022,TYR,TX,ASW,CE,Federal Contract Tower,5,5,21,0,31,0,4,71,0,75,5,9,92,0,106,42,0,42,148
05/13/2022,TYR,TX,ASW,CE,Federal Contract Tower,5,9,23,0,37,0,4,65,0,69,5,13,88,0,106,58,0,58,164
05/14/2022,TYR,TX,ASW,CE,Federal Contract Tower,5,7,11,0,23,0,0,179,0,179,5,7,190,0,202,10,0,10,212
05/15/2022,TYR,TX,ASW,CE,Federal Contract Tower,5,7,18,0,30,0,2,47,3,52,5,9,65,3,82,2,0,2,84
05/16/2022,TYR,TX,ASW,CE,Federal Contract Tower,5,8,21,0,34,0,7,56,0,63,5,15,77,0,97,74,0,74,171
05/17/2022,TYR,TX,ASW,CE,Federal Contract Tower,5,4,26,1,36,0,2,52,3,57,5,6,78,4,93,56,0,56,149
05/18/2022,TYR,TX,ASW,CE,Federal Contract Tower,5,7,38,0,50,0,3,31,0,34,5,10,69,0,84,30,0,30,114
05/19/2022,TYR,TX,ASW,CE,Federal Contract Tower,5,9,27,0,41,0,0,29,4,33,5,9,56,4,74,6,0,6,80
05/20/2022,TYR,TX,ASW,CE,Federal Contract Tower,3,6,33,0,42,0,1,28,0,29,3,7,61,0,71,22,0,22,93
05/21/2022,TYR,TX,ASW,CE,Federal Contract Tower,5,7,20,9,41,0,0,17,3,20,5,7,37,12,61,0,0,0,61
05/22/2022,TYR,TX,ASW,CE,Federal Contract Tower,4,2,36,0,42,0,0,0,0,0,4,2,36,0,42,0,0,0,42
05/23/2022,TYR,TX,ASW,CE,Federal Contract Tower,5,5,33,0,43,0,2,23,0,25,5,7,56,0,68,28,0,28,96
05/24/2022,TYR,TX,ASW,CE,Federal Contract Tower,5,3,23,0,31,0,0,0,0,0,5,3,23,0,31,0,0,0,31
05/25/2022,TYR,TX,ASW,CE,Federal Contract Tower,5,9,27,0,41,0,0,7,0,7,5,9,34,0,48,6,0,6,54
05/26/2022,TYR,TX,ASW,CE,Federal Contract Tower,5,11,32,0,48,0,1,49,0,50,5,12,81,0,98,42,0,42,140
05/27/2022,TYR,TX,ASW,CE,Federal Contract Tower,5,12,29,1,47,0,5,76,4,85,5,17,105,5,132,12,28,40,172
05/28/2022,TYR,TX,ASW,CE,Federal Contract Tower,5,4,24,0,33,0,0,64,0,64,5,4,88,0,97,58,0,58,155
05/29/2022,TYR,TX,ASW,CE,Federal Contract Tower,5,5,6,0,16,0,0,8,0,8,5,5,14,0,24,2,0,2,26
05/30/2022,TYR,TX,ASW,CE,Federal Contract Tower,5,2,30,0,37,0,0,9,0,9,5,2,39,0,46,0,0,0,46
05/31/2022,TYR,TX,ASW,CE,Federal Contract Tower,5,16,14,2,37,0,1,55,0,56,5,17,69,2,93,118,0,118,211
06/01/2022,TYR,TX,ASW,CE,Federal Contract Tower,2,19,28,0,49,0,2,32,0,34,2,21,60,0,83,4,0,4,87
06/02/2022,TYR,TX,ASW,CE,Federal Contract Tower,4,9,29,0,42,0,0,19,0,19,4,9,48,0,61,4,0,4,65
06/03/2022,TYR,TX,ASW,CE,Federal Contract Tower,5,8,41,0,54,0,0,13,2,15,5,8,54,2,69,18,0,18,87
06/04/2022,TYR,TX,ASW,CE,Federal Contract Tower,5,7,28,0,40,0,2,33,0,35,5,9,61,0,75,30,0,30,105
06/05/2022,TYR,TX,ASW,CE,Federal Contract Tower,4,2,27,0,33,0,0,35,0,35,4,2,62,0,68,8,0,8,76
06/06/2022,TYR,TX,ASW,CE,Federal Contract Tower,4,2,15,0,21,0,0,27,0,27,4,2,42,0,48,26,6,32,80
06/07/2022,TYR,TX,ASW,CE,Federal Contract Tower,5,12,28,0,45,0,0,42,4,46,5,12,70,4,91,36,0,36,127
06/08/2022,TYR,TX,ASW,CE,Federal Contract Tower,5,10,51,0,66,0,0,40,0,40,5,10,91,0,106,26,0,26,132
06/09/2022,TYR,TX,ASW,CE,Federal Contract Tower,6,10,37,4,57,0,0,43,0,43,6,10,80,4,100,84,0,84,184
06/10/2022,TYR,TX,ASW,CE,Federal Contract Tower,5,10,27,0,42,0,0,41,0,41,5,10,68,0,83,18,0,18,101
06/11/2022,TYR,TX,ASW,CE,Federal Contract Tower,5,5,15,0,25,0,6,44,0,50,5,11,59,0,75,20,0,20,95
06/12/2022,TYR,TX,ASW,CE,Federal Contract Tower,5,4,15,0,24,0,6,43,2,51,5,10,58,2,75,16,0,16,91
06/13/2022,TYR,TX,ASW,CE,Federal Contract Tower,5,7,14,7,33,0,2,36,0,38,5,9,50,7,71,28,0,28,99
06/14/2022,TYR,TX,ASW,CE,Federal Contract Tower,5,8,31,0,44,0,3,27,0,30,5,11,58,0,74,32,0,32,106
06/15/2022,TYR,TX,ASW,CE,Federal Contract Tower,5,8,37,0,50,0,1,35,0,36,5,9,72,0,86,14,0,14,100
06/16/2022,TYR,TX,ASW,CE,Federal Contract Tower,5,9,21,0,35,0,4,55,0,59,5,13,76,0,94,88,0,88,182
06/17/2022,TYR,TX,ASW,CE,Federal Contract Tower,4,10,25,0,39,0,1,59,0,60,4,11,84,0,99,40,0,40,139
06/18/2022,TYR,TX,ASW,CE,Federal Contract Tower,5,3,9,0,17,0,1,51,0,52,5,4,60,0,69,46,0,46,115
06/19/2022,TYR,TX,ASW,CE,Federal Contract Tower,5,3,23,0,31,0,2,24,0,26,5,5,47,0,57,4,0,4,61
06/20/2022,TYR,TX,ASW,CE,Federal Contract Tower,5,11,30,0,46,0,0,44,0,44,5,11,74,0,90,38,0,38,128
06/21/2022,TYR,TX,ASW,CE,Federal Contract Tower,5,7,27,0,39,0,6,61,0,67,5,13,88,0,106,66,0,66,172
06/22/2022,TYR,TX,ASW,CE,Federal Contract Tower,5,10,27,0,42,0,3,46,0,49,5,13,73,0,91,34,0,34,125
06/23/2022,TYR,TX,ASW,CE,Federal Contract Tower,5,5,34,0,44,0,2,51,0,53,5,7,85,0,97,14,0,14,111
06/24/2022,TYR,TX,ASW,CE,Federal Contract Tower,5,12,23,1,41,0,6,65,1,72,5,18,88,2,113,26,6,32,145
06/25/2022,TYR,TX,ASW,CE,Federal Contract Tower,5,7,37,0,49,0,7,37,0,44,5,14,74,0,93,6,0,6,99
06/26/2022,TYR,TX,ASW,CE,Federal Contract Tower,4,6,34,0,44,0,1,39,0,40,4,7,73,0,84,30,0,30,114
06/27/2022,TYR,TX,ASW,CE,Federal Contract Tower,5,7,37,6,55,0,0,48,0,48,5,7,85,6,103,44,10,54,157
06/29/2022,TYR,TX,ASW,CE,Federal Contract Tower,5,5,14,1,25,0,0,71,0,71,5,5,85,1,96,10,8,18,114
06/30/2022,TYR,TX,ASW,CE,Federal Contract Tower,5,8,19,2,34,0,4,41,3,48,5,12,60,5,82,26,0,26,108
07/01/2022,TYR,TX,ASW,CE,Federal Contract Tower,5,6,23,0,34,0,0,45,1,46,5,6,68,1,80,34,4,38,118
07/02/2022,TYR,TX,ASW,CE,Federal Contract Tower,5,3,27,0,35,0,0,65,1,66,5,3,92,1,101,12,0,12,113
07/03/2022,TYR,TX,ASW,CE,Federal Contract Tower,4,4,13,0,21,0,2,60,0,62,4,6,73,0,83,6,0,6,89
07/04/2022,TYR,TX,ASW,CE,Federal Contract Tower,5,4,14,0,23,0,2,22,1,25,5,6,36,1,48,0,0,0,48
07/05/2022,TYR,TX,ASW,CE,Federal Contract Tower,4,5,19,0,28,0,3,40,0,43,4,8,59,0,71,50,0,50,121
07/06/2022,TYR,TX,ASW,CE,Federal Contract Tower,4,3,32,0,39,0,10,47,2,59,4,13,79,2,98,38,0,38,136
07/07/2022,TYR,TX,ASW,CE,Federal Contract Tower,7,5,41,0,53,0,5,45,0,50,7,10,86,0,103,68,0,68,171
07/08/2022,TYR,TX,ASW,CE,Federal Contract Tower,5,9,25,1,40,0,3,41,3,47,5,12,66,4,87,26,0,26,113
07/09/2022,TYR,TX,ASW,CE,Federal Contract Tower,5,6,15,0,26,0,3,38,3,44,5,9,53,3,70,24,0,24,94
07/10/2022,TYR,TX,ASW,CE,Federal Contract Tower,5,4,25,0,34,0,0,35,0,35,5,4,60,0,69,10,0,10,79
07/11/2022,TYR,TX,ASW,CE,Federal Contract Tower,5,13,14,0,32,0,2,46,0,48,5,15,60,0,80,48,0,48,128
07/12/2022,TYR,TX,ASW,CE,Federal Contract Tower,4,18,29,0,51,0,2,57,0,59,4,20,86,0,110,26,0,26,136
07/13/2022,TYR,TX,ASW,CE,Federal Contract Tower,5,11,16,0,32,0,0,53,0,53,5,11,69,0,85,67,0,67,152
07/14/2022,TYR,TX,ASW,CE,Federal Contract Tower,4,4,21,0,29,0,0,28,0,28,4,4,49,0,57,12,0,12,69
07/15/2022,TYR,TX,ASW,CE,Federal Contract Tower,5,16,21,0,42,0,6,52,0,58,5,22,73,0,100,60,0,60,160
07/16/2022,TYR,TX,ASW,CE,Federal Contract Tower,4,13,21,0,38,0,3,63,0,66,4,16,84,0,104,44,0,44,148
07/17/2022,TYR,TX,ASW,CE,Federal Contract Tower,5,8,22,0,35,0,6,56,0,62,5,14,78,0,97,22,0,22,119
07/18/2022,TYR,TX,ASW,CE,Federal Contract Tower,5,2,27,0,34,0,1,44,0,45,5,3,71,0,79,76,0,76,155
07/19/2022,TYR,TX,ASW,CE,Federal Contract Tower,4,13,26,0,43,0,3,46,0,49,4,16,72,0,92,56,0,56,148
07/20/2022,TYR,TX,ASW,CE,Federal Contract Tower,4,8,37,0,49,0,5,24,0,29,4,13,61,0,78,12,0,12,90
07/21/2022,TYR,TX,ASW,CE,Federal Contract Tower,5,9,28,0,42,0,1,37,0,38,5,10,65,0,80,48,0,48,128
07/22/2022,TYR,TX,ASW,CE,Federal Contract Tower,6,7,25,0,38,0,1,40,0,41,6,8,65,0,79,0,0,0,79
07/23/2022,TYR,TX,ASW,CE,Federal Contract Tower,5,5,17,0,27,0,2,15,4,21,5,7,32,4,48,0,0,0,48
07/24/2022,TYR,TX,ASW,CE,Federal Contract Tower,5,2,24,0,31,0,2,33,0,35,5,4,57,0,66,14,0,14,80
07/25/2022,TYR,TX,ASW,CE,Federal Contract Tower,5,11,14,2,32,0,2,39,0,41,5,13,53,2,73,22,6,28,101
07/26/2022,TYR,TX,ASW,CE,Federal Contract Tower,4,12,28,0,44,0,4,40,2,46,4,16,68,2,90,18,0,18,108
07/27/2022,TYR,TX,ASW,CE,Federal Contract Tower,4,13,24,2,43,0,13,37,0,50,4,26,61,2,93,34,8,42,135
07/28/2022,TYR,TX,ASW,CE,Federal Contract Tower,5,10,19,0,34,0,1,47,0,48,5,11,66,0,82,4,0,4,86
07/29/2022,TYR,TX,ASW,CE,Federal Contract Tower,5,1,36,0,42,0,3,32,0,35,5,4,68,0,77,34,0,34,111
07/30/2022,TYR,TX,ASW,CE,Federal Contract Tower,5,10,24,0,39,0,2,26,0,28,5,12,50,0,67,4,0,4,71
07/31/2022,TYR,TX,ASW,CE,Federal Contract Tower,5,5,29,0,39,0,4,41,0,45,5,9,70,0,84,8,0,8,92
08/01/2022,TYR,TX,ASW,CE,Federal Contract Tower,5,6,22,0,33,0,0,43,0,43,5,6,65,0,76,12,0,12,88
08/02/2022,TYR,TX,ASW,CE,Federal Contract Tower,5,6,33,2,46,0,0,35,0,35,5,6,68,2,81,28,6,34,115
08/03/2022,TYR,TX,ASW,CE,Federal Contract Tower,3,9,24,0,36,0,4,39,0,43,3,13,63,0,79,24,0,24,103
08/04/2022,TYR,TX,ASW,CE,Federal Contract Tower,5,8,28,0,41,0,6,66,2,74,5,14,94,2,115,24,0,24,139
08/05/2022,TYR,TX,ASW,CE,Federal Contract Tower,5,9,28,0,42,0,10,45,0,55,5,19,73,0,97,20,0,20,117
08/06/2022,TYR,TX,ASW,CE,Federal Contract Tower,6,3,24,0,33,0,2,26,0,28,6,5,50,0,61,8,0,8,69
08/07/2022,TYR,TX,ASW,CE,Federal Contract Tower,5,1,17,2,25,0,2,26,0,28,5,3,43,2,53,0,0,0,53
08/08/2022,TYR,TX,ASW,CE,Federal Contract Tower,5,11,28,0,44,0,8,41,0,49,5,19,69,0,93,0,0,0,93
08/09/2022,TYR,TX,ASW,CE,Federal Contract Tower,5,12,18,3,38,0,0,30,2,32,5,12,48,5,70,64,0,64,134
08/10/2022,TYR,TX,ASW,CE,Federal Contract Tower,5,6,24,0,35,0,4,33,0,37,5,10,57,0,72,16,0,16,88
08/11/2022,TYR,TX,ASW,CE,Federal Contract Tower,5,16,26,0,47,0,10,51,0,61,5,26,77,0,108,20,0,20,128
08/12/2022,TYR,TX,ASW,CE,Federal Contract Tower,5,15,27,0,47,0,4,39,2,45,5,19,66,2,92,6,0,6,98
08/13/2022,TYR,TX,ASW,CE,Federal Contract Tower,5,4,11,0,20,0,1,30,3,34,5,5,41,3,54,24,6,30,84
08/14/2022,TYR,TX,ASW,CE,Federal Contract Tower,5,6,29,0,40,0,2,41,1,44,5,8,70,1,84,18,2,20,104
08/15/2022,TYR,TX,ASW,CE,Federal Contract Tower,5,4,23,4,36,0,4,47,0,51,5,8,70,4,87,14,0,14,101
08/16/2022,TYR,TX,ASW,CE,Federal Contract Tower,5,11,16,2,34,0,4,44,2,50,5,15,60,4,84,24,4,28,112
08/17/2022,TYR,TX,ASW,CE,Federal Contract Tower,7,16,32,2,57,0,16,42,0,58,7,32,74,2,115,16,0,16,131
08/18/2022,TYR,TX,ASW,CE,Federal Contract Tower,5,6,36,1,48,0,0,6,32,38,5,6,42,33,86,10,80,90,176
08/19/2022,TYR,TX,ASW,CE,Federal Contract Tower,7,10,31,0,48,0,0,35,14,49,7,10,66,14,97,6,80,86,183
08/20/2022,TYR,TX,ASW,CE,Federal Contract Tower,5,12,25,6,48,0,0,11,25,36,5,12,36,31,84,38,18,56,140
08/21/2022,TYR,TX,ASW,CE,Federal Contract Tower,4,5,25,0,34,0,0,4,0,4,4,5,29,0,38,0,0,0,38
08/22/2022,TYR,TX,ASW,CE,Federal Contract Tower,5,4,20,0,29,0,0,0,0,0,5,4,20,0,29,0,0,0,29
08/23/2022,TYR,TX,ASW,CE,Federal Contract Tower,4,13,38,0,55,0,0,3,0,3,4,13,41,0,58,0,0,0,58
08/24/2022,TYR,TX,ASW,CE,Federal Contract Tower,4,7,46,0,57,0,0,5,0,5,4,7,51,0,62,18,0,18,80
08/25/2022,TYR,TX,ASW,CE,Federal Contract Tower,4,12,51,0,67,0,2,10,0,12,4,14,61,0,79,28,0,28,107
08/26/2022,TYR,TX,ASW,CE,Federal Contract Tower,7,7,19,0,33,0,2,47,8,57,7,9,66,8,90,34,0,34,124
08/27/2022,TYR,TX,ASW,CE,Federal Contract Tower,4,4,25,0,33,0,0,69,0,69,4,4,94,0,102,60,0,60,162
08/28/2022,TYR,TX,ASW,CE,Federal Contract Tower,7,5,20,0,32,0,4,48,0,52,7,9,68,0,84,6,0,6,90
08/29/2022,TYR,TX,ASW,CE,Federal Contract Tower,4,6,39,0,49,0,2,19,0,21,4,8,58,0,70,6,0,6,76
08/30/2022,TYR,TX,ASW,CE,Federal Contract Tower,5,15,24,0,44,0,0,4,0,4,5,15,28,0,48,0,0,0,48
08/31/2022,TYR,TX,ASW,CE,Federal Contract Tower,4,8,52,0,64,0,3,54,0,57,4,11,106,0,121,32,0,32,153
09/01/2022,TYR,TX,ASW,CE,Federal Contract Tower,5,4,18,0,27,0,0,31,0,31,5,4,49,0,58,22,0,22,80
09/02/2022,TYR,TX,ASW,CE,Federal Contract Tower,8,3,24,0,35,0,0,12,0,12,8,3,36,0,47,0,0,0,47
09/03/2022,TYR,TX,ASW,CE,Federal Contract Tower,3,2,12,0,17,0,10,33,0,43,3,12,45,0,60,24,0,24,84
09/04/2022,TYR,TX,ASW,CE,Federal Contract Tower,3,4,6,0,13,0,2,24,0,26,3,6,30,0,39,18,0,18,57
09/05/2022,TYR,TX,ASW,CE,Federal Contract Tower,5,6,33,0,44,0,2,64,0,66,5,8,97,0,110,70,0,70,180
09/06/2022,TYR,TX,ASW,CE,Federal Contract Tower,5,6,9,0,20,0,2,28,0,30,5,8,37,0,50,12,0,12,62
09/07/2022,TYR,TX,ASW,CE,Federal Contract Tower,5,9,24,0,38,0,3,36,2,41,5,12,60,2,79,22,0,22,101
09/08/2022,TYR,TX,ASW,CE,Federal Contract Tower,5,4,22,0,31,0,0,43,0,43,5,4,65,0,74,28,0,28,102
09/09/2022,TYR,TX,ASW,CE,Federal Contract Tower,5,8,14,0,27,0,0,50,0,50,5,8,64,0,77,52,0,52,129
09/10/2022,TYR,TX,ASW,CE,Federal Contract Tower,5,5,21,6,37,0,0,49,2,51,5,5,70,8,88,38,0,38,126
09/11/2022,TYR,TX,ASW,CE,Federal Contract Tower,5,0,15,0,20,0,2,49,0,51,5,2,64,0,71,30,0,30,101
09/12/2022,TYR,TX,ASW,CE,Federal Contract Tower,5,6,16,0,27,0,2,45,0,47,5,8,61,0,74,28,0,28,102
09/13/2022,TYR,TX,ASW,CE,Federal Contract Tower,5,7,23,0,35,0,4,74,0,78,5,11,97,0,113,48,0,48,161
09/14/2022,TYR,TX,ASW,CE,Federal Contract Tower,5,4,18,0,27,0,14,64,2,80,5,18,82,2,107,56,0,56,163
09/15/2022,TYR,TX,ASW,CE,Federal Contract Tower,5,11,27,0,43,0,7,40,0,47,5,18,67,0,90,24,0,24,114
09/16/2022,TYR,TX,ASW,CE,Federal Contract Tower,5,11,30,0,46,0,2,70,2,74,5,13,100,2,120,48,2,50,170
09/17/2022,TYR,TX,ASW,CE,Federal Contract Tower,5,4,35,2,46,0,0,26,2,28,5,4,61,4,74,16,0,16,90
09/18/2022,TYR,TX,ASW,CE,Federal Contract Tower,5,4,42,0,51,0,0,50,0,50,5,4,92,0,101,4,0,4,105
09/19/2022,TYR,TX,ASW,CE,Federal Contract Tower,5,6,24,0,35,0,4,59,0,63,5,10,83,0,98,42,0,42,140
09/20/2022,TYR,TX,ASW,CE,Federal Contract Tower,5,9,26,0,40,0,4,54,0,58,5,13,80,0,98,100,0,100,198
09/21/2022,TYR,TX,ASW,CE,Federal Contract Tower,5,7,19,2,33,0,3,52,0,55,5,10,71,2,88,20,0,20,108
09/22/2022,TYR,TX,ASW,CE,Federal Contract Tower,5,7,25,0,37,0,4,66,0,70,5,11,91,0,107,102,0,102,209
09/23/2022,TYR,TX,ASW,CE,Federal Contract Tower,5,13,37,0,55,0,3,45,0,48,5,16,82,0,103,56,0,56,159
09/24/2022,TYR,TX,ASW,CE,Federal Contract Tower,5,7,12,0,24,0,6,37,0,43,5,13,49,0,67,2,0,2,69
09/25/2022,TYR,TX,ASW,CE,Federal Contract Tower,5,4,17,0,26,0,0,25,0,25,5,4,42,0,51,10,0,10,61
09/26/2022,TYR,TX,ASW,CE,Federal Contract Tower,5,10,25,0,40,0,0,58,0,58,5,10,83,0,98,42,0,42,140
09/27/2022,TYR,TX,ASW,CE,Federal Contract Tower,5,6,30,0,41,0,7,58,0,65,5,13,88,0,106,120,0,120,226
09/28/2022,TYR,TX,ASW,CE,Federal Contract Tower,5,3,32,0,40,0,8,65,0,73,5,11,97,0,113,50,0,50,163
09/29/2022,TYR,TX,ASW,CE,Federal Contract Tower,5,10,24,0,39,0,3,80,0,83,5,13,104,0,122,78,0,78,200
09/30/2022,TYR,TX,ASW,CE,Federal Contract Tower,5,3,22,0,30,0,5,56,2,63,5,8,78,2,93,40,0,40,133
10/01/2022,TYR,TX,ASW,CE,Federal Contract Tower,5,4,17,0,26,0,2,44,0,46,5,6,61,0,72,36,0,36,108
10/02/2022,TYR,TX,ASW,CE,Federal Contract Tower,5,0,19,2,26,0,0,33,0,33,5,0,52,2,59,20,0,20,79
10/03/2022,TYR,TX,ASW,CE,Federal Contract Tower,5,4,21,0,30,0,0,34,0,34,5,4,55,0,64,50,0,50,114
10/04/2022,TYR,TX,ASW,CE,Federal Contract Tower,5,6,33,4,48,0,0,60,2,62,5,6,93,6,110,20,6,26,136
10/05/2022,TYR,TX,ASW,CE,Federal Contract Tower,5,7,24,19,55,0,4,56,6,66,5,11,80,25,121,0,0,0,121
10/06/2022,TYR,TX,ASW,CE,Federal Contract Tower,4,5,31,0,40,0,1,95,0,96,4,6,126,0,136,64,0,64,200
10/07/2022,TYR,TX,ASW,CE,Federal Contract Tower,5,3,47,0,55,0,2,48,0,50,5,5,95,0,105,42,0,42,147
10/08/2022,TYR,TX,ASW,CE,Federal Contract Tower,4,4,18,0,26,0,8,50,0,58,4,12,68,0,84,12,0,12,96
10/09/2022,TYR,TX,ASW,CE,Federal Contract Tower,4,8,25,0,37,0,0,43,0,43,4,8,68,0,80,6,0,6,86
10/10/2022,TYR,TX,ASW,CE,Federal Contract Tower,4,9,31,0,44,0,0,57,0,57,4,9,88,0,101,76,0,76,177
10/11/2022,TYR,TX,ASW,CE,Federal Contract Tower,4,11,24,0,39,0,0,49,0,49,4,11,73,0,88,44,0,44,132
10/12/2022,TYR,TX,ASW,CE,Federal Contract Tower,4,16,22,0,42,0,0,26,0,26,4,16,48,0,68,14,0,14,82
10/13/2022,TYR,TX,ASW,CE,Federal Contract Tower,4,20,28,0,52,0,2,57,0,59,4,22,85,0,111,86,0,86,197
10/14/2022,TYR,TX,ASW,CE,Federal Contract Tower,4,18,26,9,57,0,1,61,8,70,4,19,87,17,127,0,0,0,127
10/15/2022,TYR,TX,ASW,CE,Federal Contract Tower,4,5,24,0,33,0,0,31,0,31,4,5,55,0,64,6,0,6,70
10/16/2022,TYR,TX,ASW,CE,Federal Contract Tower,4,14,24,0,42,0,0,0,0,0,4,14,24,0,42,0,0,0,42
10/17/2022,TYR,TX,ASW,CE,Federal Contract Tower,4,4,33,0,41,0,6,36,0,42,4,10,69,0,83,62,0,62,145
10/18/2022,TYR,TX,ASW,CE,Federal Contract Tower,4,14,32,0,50,0,2,35,0,37,4,16,67,0,87,44,0,44,131
10/19/2022,TYR,TX,ASW,CE,Federal Contract Tower,6,10,19,0,35,0,4,60,0,64,6,14,79,0,99,102,0,102,201
10/20/2022,TYR,TX,ASW,CE,Federal Contract Tower,3,12,39,0,54,0,0,63,0,63,3,12,102,0,117,38,0,38,155
10/21/2022,TYR,TX,ASW,CE,Federal Contract Tower,4,12,36,2,54,0,5,58,1,64,4,17,94,3,118,18,0,18,136
10/22/2022,TYR,TX,ASW,CE,Federal Contract Tower,5,4,30,0,39,0,0,11,0,11,5,4,41,0,50,0,0,0,50
10/23/2022,TYR,TX,ASW,CE,Federal Contract Tower,2,6,32,0,40,0,0,15,0,15,2,6,47,0,55,0,0,0,55
10/24/2022,TYR,TX,ASW,CE,Federal Contract Tower,5,9,24,0,38,0,0,4,0,4,5,9,28,0,42,16,0,16,58
10/25/2022,TYR,TX,ASW,CE,Federal Contract Tower,5,4,28,0,37,0,0,43,0,43,5,4,71,0,80,12,0,12,92
10/26/2022,TYR,TX,ASW,CE,Federal Contract Tower,4,7,16,6,33,0,7,82,2,91,4,14,98,8,124,54,8,62,186
10/27/2022,TYR,TX,ASW,CE,Federal Contract Tower,4,10,32,0,46,0,5,68,0,73,4,15,100,0,119,94,0,94,213
10/28/2022,TYR,TX,ASW,CE,Federal Contract Tower,5,5,12,0,22,0,1,1,0,2,5,6,13,0,24,0,0,0,24
10/29/2022,TYR,TX,ASW,CE,Federal Contract Tower,4,9,31,0,44,0,0,3,0,3,4,9,34,0,47,0,0,0,47
10/30/2022,TYR,TX,ASW,CE,Federal Contract Tower,4,0,46,0,50,0,0,41,0,41,4,0,87,0,91,12,0,12,103
10/31/2022,TYR,TX,ASW,CE,Federal Contract Tower,4,6,22,0,32,0,1,57,0,58,4,7,79,0,90,106,0,106,196
11/01/2022,TYR,TX,ASW,CE,Federal Contract Tower,4,3,23,3,33,0,7,64,0,71,4,10,87,3,104,80,0,80,184
11/02/2022,TYR,TX,ASW,CE,Federal Contract Tower,4,8,30,4,46,0,0,40,3,43,4,8,70,7,89,42,0,42,131
11/03/2022,TYR,TX,ASW,CE,Federal Contract Tower,5,12,48,0,65,0,11,12,0,23,5,23,60,0,88,0,0,0,88
11/04/2022,TYR,TX,ASW,CE,Federal Contract Tower,3,1,19,0,23,0,0,9,0,9,3,1,28,0,32,0,0,0,32
11/05/2022,TYR,TX,ASW,CE,Federal Contract Tower,5,10,32,3,50,0,8,60,4,72,5,18,92,7,122,24,10,34,156
11/06/2022,TYR,TX,ASW,CE,Federal Contract Tower,5,6,40,0,51,0,0,22,0,22,5,6,62,0,73,14,0,14,87
11/07/2022,TYR,TX,ASW,CE,Federal Contract Tower,5,10,35,0,50,0,0,24,0,24,5,10,59,0,74,16,0,16,90
11/08/2022,TYR,TX,ASW,CE,Federal Contract Tower,5,6,25,0,36,0,0,14,0,14,5,6,39,0,50,0,0,0,50
11/09/2022,TYR,TX,ASW,CE,Federal Contract Tower,5,9,32,0,46,0,2,48,0,50,5,11,80,0,96,24,0,24,120
11/10/2022,TYR,TX,ASW,CE,Federal Contract Tower,5,10,37,0,52,0,28,0,0,28,5,38,37,0,80,24,14,38,118
11/11/2022,TYR,TX,ASW,CE,Federal Contract Tower,5,3,10,0,18,0,0,0,0,0,5,3,10,0,18,0,0,0,18
11/12/2022,TYR,TX,ASW,CE,Federal Contract Tower,5,7,17,0,29,0,1,41,2,44,5,8,58,2,73,6,4,10,83
11/13/2022,TYR,TX,ASW,CE,Federal Contract Tower,4,8,27,0,39,0,11,51,0,62,4,19,78,0,101,22,0,22,123
11/14/2022,TYR,TX,ASW,CE,Federal Contract Tower,5,3,17,0,25,0,0,4,2,6,5,3,21,2,31,8,0,8,39
11/15/2022,TYR,TX,ASW,CE,Federal Contract Tower,5,6,15,0,26,0,0,5,0,5,5,6,20,0,31,16,0,16,47
11/16/2022,TYR,TX,ASW,CE,Federal Contract Tower,5,15,25,0,45,0,7,87,0,94,5,22,112,0,139,52,14,66,205
11/17/2022,TYR,TX,ASW,CE,Federal Contract Tower,5,15,30,0,50,0,6,71,0,77,5,21,101,0,127,24,0,24,151
11/18/2022,TYR,TX,ASW,CE,Federal Contract Tower,5,13,36,2,56,0,1,92,5,98,5,14,128,7,154,38,18,56,210
11/19/2022,TYR,TX,ASW,CE,Federal Contract Tower,4,6,33,3,46,0,3,42,0,45,4,9,75,3,91,12,10,22,113
11/20/2022,TYR,TX,ASW,CE,Federal Contract Tower,5,8,33,14,60,0,3,59,4,66,5,11,92,18,126,38,20,58,184
11/21/2022,TYR,TX,ASW,CE,Federal Contract Tower,5,14,19,0,38,0,1,47,0,48,5,15,66,0,86,120,0,120,206
11/22/2022,TYR,TX,ASW,CE,Federal Contract Tower,5,6,36,14,61,0,6,53,1,60,5,12,89,15,121,64,0,64,185
11/23/2022,TYR,TX,ASW,CE,Federal Contract Tower,5,10,43,0,58,0,0,34,0,34,5,10,77,0,92,8,0,8,100
11/24/2022,TYR,TX,ASW,CE,Federal Contract Tower,4,3,2,0,9,0,0,0,0,0,4,3,2,0,9,0,0,0,9
11/25/2022,TYR,TX,ASW,CE,Federal Contract Tower,5,11,16,0,32,0,0,0,0,0,5,11,16,0,32,4,0,4,36
11/26/2022,TYR,TX,ASW,CE,Federal Contract Tower,5,6,25,0,36,0,0,1,0,1,5,6,26,0,37,0,0,0,37
11/27/2022,TYR,TX,ASW,CE,Federal Contract Tower,5,8,41,0,54,0,3,76,5,84,5,11,117,5,138,50,0,50,188
11/28/2022,TYR,TX,ASW,CE,Federal Contract Tower,5,5,32,0,42,0,4,65,0,69,5,9,97,0,111,78,0,78,189
11/29/2022,TYR,TX,ASW,CE,Federal Contract Tower,5,11,14,2,32,0,2,13,2,17,5,13,27,4,49,12,8,20,69
11/30/2022,TYR,TX,ASW,CE,Federal Contract Tower,5,6,29,10,50,0,2,72,8,82,5,8,101,18,132,104,0,104,236
12/01/2022,TYR,TX,ASW,CE,Federal Contract Tower,5,11,19,0,35,0,0,51,0,51,5,11,70,0,86,28,0,28,114
12/02/2022,TYR,TX,ASW,CE,Federal Contract Tower,5,12,19,0,36,0,0,0,0,0,5,12,19,0,36,0,0,0,36
12/03/2022,TYR,TX,ASW,CE,Federal Contract Tower,5,5,32,0,42,0,0,10,0,10,5,5,42,0,52,28,0,28,80
12/04/2022,TYR,TX,ASW,CE,Federal Contract Tower,4,7,44,0,55,0,0,23,0,23,4,7,67,0,78,16,0,16,94
12/05/2022,TYR,TX,ASW,CE,Federal Contract Tower,5,7,23,0,35,0,0,9,0,9,5,7,32,0,44,0,0,0,44
12/06/2022,TYR,TX,ASW,CE,Federal Contract Tower,5,20,48,0,73,0,2,18,0,20,5,22,66,0,93,48,0,48,141
12/07/2022,TYR,TX,ASW,CE,Federal Contract Tower,3,11,30,0,44,0,0,19,0,19,3,11,49,0,63,32,0,32,95
12/08/2022,TYR,TX,ASW,CE,Federal Contract Tower,5,29,49,0,83,0,1,6,1,8,5,30,55,1,91,6,0,6,97
12/09/2022,TYR,TX,ASW,CE,Federal Contract Tower,5,8,45,0,58,0,0,5,0,5,5,8,50,0,63,2,0,2,65
12/10/2022,TYR,TX,ASW,CE,Federal Contract Tower,2,4,11,0,17,0,0,8,7,15,2,4,19,7,32,6,0,6,38
12/11/2022,TYR,TX,ASW,CE,Federal Contract Tower,5,2,25,0,32,0,0,1,0,1,5,2,26,0,33,0,0,0,33
12/12/2022,TYR,TX,ASW,CE,Federal Contract Tower,5,11,18,0,34,0,0,1,0,1,5,11,19,0,35,0,0,0,35
12/13/2022,TYR,TX,ASW,CE,Federal Contract Tower,5,7,12,0,24,0,0,5,0,5,5,7,17,0,29,0,0,0,29
12/14/2022,TYR,TX,ASW,CE,Federal Contract Tower,5,7,39,0,51,0,3,26,0,29,5,10,65,0,80,0,0,0,80
12/15/2022,TYR,TX,ASW,CE,Federal Contract Tower,5,9,35,0,49,0,2,56,4,62,5,11,91,4,111,70,0,70,181
12/16/2022,TYR,TX,ASW,CE,Federal Contract Tower,5,11,26,0,42,0,2,27,0,29,5,13,53,0,71,0,0,0,71
12/17/2022,TYR,TX,ASW,CE,Federal Contract Tower,5,5,27,0,37,0,7,70,0,77,5,12,97,0,114,66,0,66,180
12/18/2022,TYR,TX,ASW,CE,Federal Contract Tower,5,4,21,0,30,0,2,38,2,42,5,6,59,2,72,16,0,16,88
12/19/2022,TYR,TX,ASW,CE,Federal Contract Tower,3,3,9,0,15,0,0,2,0,2,3,3,11,0,17,0,0,0,17
12/20/2022,TYR,TX,ASW,CE,Federal Contract Tower,7,14,22,4,47,0,0,9,0,9,7,14,31,4,56,14,0,14,70
12/21/2022,TYR,TX,ASW,CE,Federal Contract Tower,3,5,32,1,41,0,3,52,1,56,3,8,84,2,97,28,4,32,129
12/22/2022,TYR,TX,ASW,CE,Federal Contract Tower,5,8,10,0,23,0,0,0,0,0,5,8,10,0,23,0,0,0,23
12/23/2022,TYR,TX,ASW,CE,Federal Contract Tower,5,6,15,0,26,0,2,8,0,10,5,8,23,0,36,6,0,6,42
12/24/2022,TYR,TX,ASW,CE,Federal Contract Tower,5,2,9,0,16,0,0,8,0,8,5,2,17,0,24,0,0,0,24
12/25/2022,TYR,TX,ASW,CE,Federal Contract Tower,2,7,3,0,12,0,2,9,0,11,2,9,12,0,23,10,0,10,33
12/26/2022,TYR,TX,ASW,CE,Federal Contract Tower,5,10,16,0,31,0,1,47,0,48,5,11,63,0,79,52,0,52,131
12/27/2022,TYR,TX,ASW,CE,Federal Contract Tower,6,6,22,0,34,0,1,70,2,73,6,7,92,2,107,16,0,16,123
12/28/2022,TYR,TX,ASW,CE,Federal Contract Tower,5,8,6,0,19,0,2,38,0,40,5,10,44,0,59,26,0,26,85
12/29/2022,TYR,TX,ASW,CE,Federal Contract Tower,4,3,18,0,25,0,0,5,0,5,4,3,23,0,30,4,0,4,34
12/30/2022,TYR,TX,ASW,CE,Federal Contract Tower,6,3,16,0,25,0,0,1,0,1,6,3,17,0,26,0,0,0,26
12/31/2022,TYR,TX,ASW,CE,Federal Contract Tower,3,4,8,0,15,0,0,36,1,37,3,4,44,1,52,12,0,12,64
01/01/2023,TYR,TX,ASW,CE,Federal Contract Tower,3,3,13,0,19,0,0,20,0,20,3,3,33,0,39,0,0,0,39
01/02/2023,TYR,TX,ASW,CE,Federal Contract Tower,5,2,17,0,24,0,0,4,0,4,5,2,21,0,28,0,0,0,28
01/03/2023,TYR,TX,ASW,CE,Federal Contract Tower,5,9,29,0,43,0,0,47,0,47,5,9,76,0,90,16,0,16,106
01/04/2023,TYR,TX,ASW,CE,Federal Contract Tower,5,10,7,4,26,0,11,41,0,52,5,21,48,4,78,24,0,24,102
01/05/2023,TYR,TX,ASW,CE,Federal Contract Tower,5,13,31,0,49,0,4,71,0,75,5,17,102,0,124,30,0,30,154
01/06/2023,TYR,TX,ASW,CE,Federal Contract Tower,5,6,33,0,44,0,0,61,0,61,5,6,94,0,105,64,0,64,169
01/07/2023,TYR,TX,ASW,CE,Federal Contract Tower,5,3,27,0,35,0,0,8,0,8,5,3,35,0,43,8,0,8,51
01/08/2023,TYR,TX,ASW,CE,Federal Contract Tower,5,5,25,0,35,0,11,56,5,72,5,16,81,5,107,18,0,18,125
01/09/2023,TYR,TX,ASW,CE,Federal Contract Tower,5,4,13,6,28,0,2,55,0,57,5,6,68,6,85,48,10,58,143
01/10/2023,TYR,TX,ASW,CE,Federal Contract Tower,5,10,16,10,41,0,2,37,0,39,5,12,53,10,80,26,8,34,114
01/11/2023,TYR,TX,ASW,CE,Federal Contract Tower,5,11,17,8,41,0,0,53,2,55,5,11,70,10,96,52,0,52,148
01/12/2023,TYR,TX,ASW,CE,Federal Contract Tower,5,8,10,0,23,0,0,17,0,17,5,8,27,0,40,2,0,2,42
01/13/2023,TYR,TX,ASW,CE,Federal Contract Tower,6,4,15,2,27,0,10,67,8,85,6,14,82,10,112,80,0,80,192
01/14/2023,TYR,TX,ASW,CE,Federal Contract Tower,4,6,16,0,26,0,2,71,0,73,4,8,87,0,99,56,0,56,155
01/15/2023,TYR,TX,ASW,CE,Federal Contract Tower,2,0,12,0,14,0,0,7,3,10,2,0,19,3,24,0,0,0,24
01/16/2023,TYR,TX,ASW,CE,Federal Contract Tower,7,7,21,0,35,0,6,25,0,31,7,13,46,0,66,68,0,68,134
01/17/2023,TYR,TX,ASW,CE,Federal Contract Tower,6,11,26,6,49,0,5,56,0,61,6,16,82,6,110,50,6,56,166
01/18/2023,TYR,TX,ASW,CE,Federal Contract Tower,6,9,16,0,31,0,0,19,0,19,6,9,35,0,50,16,0,16,66
01/19/2023,TYR,TX,ASW,CE,Federal Contract Tower,5,12,41,2,60,0,0,52,0,52,5,12,93,2,112,26,0,26,138
01/20/2023,TYR,TX,ASW,CE,Federal Contract Tower,5,5,20,0,30,0,2,64,0,66,5,7,84,0,96,10,0,10,106
01/21/2023,TYR,TX,ASW,CE,Federal Contract Tower,5,4,21,0,30,0,0,13,0,13,5,4,34,0,43,24,0,24,67
01/22/2023,TYR,TX,ASW,CE,Federal Contract Tower,5,8,35,0,48,0,0,26,0,26,5,8,61,0,74,20,0,20,94
01/23/2023,TYR,TX,ASW,CE,Federal Contract Tower,5,4,34,4,47,0,2,75,6,83,5,6,109,10,130,88,6,94,224
01/24/2023,TYR,TX,ASW,CE,Federal Contract Tower,5,8,11,0,24,0,0,1,0,1,5,8,12,0,25,0,0,0,25
01/25/2023,TYR,TX,ASW,CE,Federal Contract Tower,7,11,38,0,56,0,2,25,0,27,7,13,63,0,83,86,0,86,169
01/26/2023,TYR,TX,ASW,CE,Federal Contract Tower,5,8,22,0,35,0,0,72,2,74,5,8,94,2,109,62,0,62,171
01/27/2023,TYR,TX,ASW,CE,Federal Contract Tower,5,15,31,0,51,0,0,96,0,96,5,15,127,0,147,94,0,94,241
01/28/2023,TYR,TX,ASW,CE,Federal Contract Tower,7,12,12,0,31,0,0,0,0,0,7,12,12,0,31,0,0,0,31
01/29/2023,TYR,TX,ASW,CE,Federal Contract Tower,5,0,10,0,15,0,0,0,0,0,5,0,10,0,15,0,0,0,15
01/30/2023,TYR,TX,ASW,CE,Federal Contract Tower,2,0,7,0,9,0,0,0,0,0,2,0,7,0,9,0,0,0,9
01/31/2023,TYR,TX,ASW,CE,Federal Contract Tower,0,0,7,0,7,0,0,0,0,0,0,0,7,0,7,0,0,0,7
02/01/2023,TYR,TX,ASW,CE,Federal Contract Tower,0,0,10,0,10,0,0,0,0,0,0,0,10,0,10,0,0,0,10
02/02/2023,TYR,TX,ASW,CE,Federal Contract Tower,1,4,15,0,20,0,0,0,0,0,1,4,15,0,20,0,0,0,20
02/03/2023,TYR,TX,ASW,CE,Federal Contract Tower,7,9,33,0,49,0,4,57,4,65,7,13,90,4,114,36,0,36,150
02/04/2023,TYR,TX,ASW,CE,Federal Contract Tower,5,4,16,0,25,0,2,46,1,49,5,6,62,1,74,48,0,48,122
02/05/2023,TYR,TX,ASW,CE,Federal Contract Tower,5,9,11,2,27,0,3,29,1,33,5,12,40,3,60,44,0,44,104
02/06/2023,TYR,TX,ASW,CE,Federal Contract Tower,5,6,28,1,40,0,0,13,0,13,5,6,41,1,53,6,0,6,59
02/07/2023,TYR,TX,ASW,CE,Federal Contract Tower,4,5,12,4,25,0,1,4,0,5,4,6,16,4,30,0,0,0,30
02/08/2023,TYR,TX,ASW,CE,Federal Contract Tower,4,5,14,0,23,0,0,0,0,0,4,5,14,0,23,0,0,0,23
02/09/2023,TYR,TX,ASW,CE,Federal Contract Tower,5,6,19,4,34,0,1,69,4,74,5,7,88,8,108,46,20,66,174
02/10/2023,TYR,TX,ASW,CE,Federal Contract Tower,5,6,18,0,29,0,1,18,0,19,5,7,36,0,48,14,0,14,62
02/11/2023,TYR,TX,ASW,CE,Federal Contract Tower,5,7,30,2,44,0,0,26,4,30,5,7,56,6,74,16,0,16,90
02/12/2023,TYR,TX,ASW,CE,Federal Contract Tower,5,4,15,1,25,0,6,64,0,70,5,10,79,1,95,70,0,70,165
02/13/2023,TYR,TX,ASW,CE,Federal Contract Tower,4,3,35,8,50,0,6,88,3,97,4,9,123,11,147,36,0,36,183
02/14/2023,TYR,TX,ASW,CE,Federal Contract Tower,4,4,26,0,34,0,2,10,0,12,4,6,36,0,46,50,0,50,96
02/15/2023,TYR,TX,ASW,CE,Federal Contract Tower,4,12,21,1,38,0,2,18,4,24,4,14,39,5,62,16,0,16,78
02/16/2023,TYR,TX,ASW,CE,Federal Contract Tower,5,5,31,9,50,0,8,36,2,46,5,13,67,11,96,76,0,76,172
02/17/2023,TYR,TX,ASW,CE,Federal Contract Tower,5,8,16,0,29,0,3,85,1,89,5,11,101,1,118,34,0,34,152
02/18/2023,TYR,TX,ASW,CE,Federal Contract Tower,5,4,22,0,31,0,1,78,0,79,5,5,100,0,110,14,0,14,124
02/19/2023,TYR,TX,ASW,CE,Federal Contract Tower,5,3,11,0,19,0,0,50,0,50,5,3,61,0,69,24,0,24,93
02/20/2023,TYR,TX,ASW,CE,Federal Contract Tower,5,9,28,0,42,0,0,29,0,29,5,9,57,0,71,6,0,6,77
02/21/2023,TYR,TX,ASW,CE,Federal Contract Tower,5,8,40,0,53,0,0,58,0,58,5,8,98,0,111,18,0,18,129
02/22/2023,TYR,TX,ASW,CE,Federal Contract Tower,5,7,10,0,22,0,2,20,0,22,5,9,30,0,44,28,0,28,72
02/24/2023,TYR,TX,ASW,CE,Federal Contract Tower,5,3,34,0,42,0,2,6,0,8,5,5,40,0,50,10,0,10,60
02/25/2023,TYR,TX,ASW,CE,Federal Contract Tower,5,8,3,2,18,0,0,0,0,0,5,8,3,2,18,0,0,0,18
02/26/2023,TYR,TX,ASW,CE,Federal Contract Tower,5,3,30,0,38,0,0,6,0,6,5,3,36,0,44,6,0,6,50
02/27/2023,TYR,TX,ASW,CE,Federal Contract Tower,5,11,23,11,50,0,2,77,2,81,5,13,100,13,131,114,48,162,293
02/28/2023,TYR,TX,ASW,CE,Federal Contract Tower,5,11,39,8,63,0,5,98,0,103,5,16,137,8,166,62,18,80,246
03/01/2023,TYR,TX,ASW,CE,Federal Contract Tower,4,10,20,0,34,0,0,9,0,9,4,10,29,0,43,26,0,26,69
03/02/2023,TYR,TX,ASW,CE,Federal Contract Tower,5,1,18,0,24,0,3,6,2,11,5,4,24,2,35,0,0,0,35
03/03/2023,TYR,TX,ASW,CE,Federal Contract Tower,5,6,32,2,45,0,3,36,0,39,5,9,68,2,84,14,0,14,98
03/04/2023,TYR,TX,ASW,CE,Federal Contract Tower,5,8,18,0,31,0,0,109,2,111,5,8,127,2,142,20,8,28,170
03/05/2023,TYR,TX,ASW,CE,Federal Contract Tower,5,7,24,0,36,0,4,50,2,56,5,11,74,2,92,12,4,16,108
03/06/2023,TYR,TX,ASW,CE,Federal Contract Tower,5,7,30,8,50,0,1,44,0,45,5,8,74,8,95,58,14,72,167
03/07/2023,TYR,TX,ASW,CE,Federal Contract Tower,4,13,36,0,53,0,0,26,0,26,4,13,62,0,79,40,0,40,119
03/09/2023,TYR,TX,ASW,CE,Federal Contract Tower,3,5,42,0,50,0,0,17,0,17,3,5,59,0,67,10,0,10,77
03/10/2023,TYR,TX,ASW,CE,Federal Contract Tower,5,6,30,0,41,0,0,0,0,0,5,6,30,0,41,4,0,4,45
03/11/2023,TYR,TX,ASW,CE,Federal Contract Tower,5,10,16,0,31,0,0,15,0,15,5,10,31,0,46,6,0,6,52
03/12/2023,TYR,TX,ASW,CE,Federal Contract Tower,5,4,24,0,33,0,1,25,1,27,5,5,49,1,60,0,0,0,60
03/13/2023,TYR,TX,ASW,CE,Federal Contract Tower,4,7,15,0,26,0,2,69,0,71,4,9,84,0,97,56,0,56,153
03/14/2023,TYR,TX,ASW,CE,Federal Contract Tower,4,13,16,0,33,0,8,64,0,72,4,21,80,0,105,20,0,20,125
03/15/2023,TYR,TX,ASW,CE,Federal Contract Tower,4,15,27,0,46,0,1,63,0,64,4,16,90,0,110,16,0,16,126
03/16/2023,TYR,TX,ASW,CE,Federal Contract Tower,3,6,15,0,24,0,0,3,0,3,3,6,18,0,27,0,0,0,27
03/17/2023,TYR,TX,ASW,CE,Federal Contract Tower,5,9,25,0,39,0,0,22,0,22,5,9,47,0,61,0,0,0,61
03/18/2023,TYR,TX,ASW,CE,Federal Contract Tower,5,6,11,0,22,0,0,65,0,65,5,6,76,0,87,34,0,34,121
03/19/2023,TYR,TX,ASW,CE,Federal Contract Tower,5,1,30,0,36,0,2,48,0,50,5,3,78,0,86,0,0,0,86
03/20/2023,TYR,TX,ASW,CE,Federal Contract Tower,5,5,31,0,41,0,4,51,0,55,5,9,82,0,96,52,0,52,148
03/21/2023,TYR,TX,ASW,CE,Federal Contract Tower,4,6,38,0,48,0,0,4,0,4,4,6,42,0,52,0,0,0,52
03/22/2023,TYR,TX,ASW,CE,Federal Contract Tower,3,14,40,0,57,0,2,10,2,14,3,16,50,2,71,6,0,6,77
03/23/2023,TYR,TX,ASW,CE,Federal Contract Tower,5,7,27,0,39,0,1,19,0,20,5,8,46,0,59,10,0,10,69
03/24/2023,TYR,TX,ASW,CE,Federal Contract Tower,7,6,28,0,41,0,0,11,0,11,7,6,39,0,52,6,0,6,58
03/25/2023,TYR,TX,ASW,CE,Federal Contract Tower,5,6,27,0,38,0,5,73,0,78,5,11,100,0,116,30,0,30,146
03/26/2023,TYR,TX,ASW,CE,Federal Contract Tower,5,8,42,0,55,0,6,66,0,72,5,14,108,0,127,56,0,56,183
03/27/2023,TYR,TX,ASW,CE,Federal Contract Tower,5,13,27,0,45,0,1,69,0,70,5,14,96,0,115,82,0,82,197
03/28/2023,TYR,TX,ASW,CE,Federal Contract Tower,4,10,26,0,40,0,2,57,0,59,4,12,83,0,99,12,0,12,111
03/29/2023,TYR,TX,ASW,CE,Federal Contract Tower,4,12,14,0,30,0,4,44,0,48,4,16,58,0,78,42,0,42,120
03/30/2023,TYR,TX,ASW,CE,Federal Contract Tower,5,5,33,0,43,0,0,10,0,10,5,5,43,0,53,0,0,0,53
03/31/2023,TYR,TX,ASW,CE,Federal Contract Tower,6,7,14,0,27,0,0,10,0,10,6,7,24,0,37,4,0,4,41
04/01/2023,TYR,TX,ASW,CE,Federal Contract Tower,5,14,15,0,34,0,9,93,0,102,5,23,108,0,136,98,0,98,234
04/02/2023,TYR,TX,ASW,CE,Federal Contract Tower,3,13,27,2,45,0,0,15,0,15,3,13,42,2,60,18,0,18,78
04/03/2023,TYR,TX,ASW,CE,Federal Contract Tower,5,9,14,0,28,0,2,46,0,48,5,11,60,0,76,24,0,24,100
04/04/2023,TYR,TX,ASW,CE,Federal Contract Tower,5,6,40,6,57,0,2,7,0,9,5,8,47,6,66,4,6,10,76
04/05/2023,TYR,TX,ASW,CE,Federal Contract Tower,5,5,25,0,35,0,3,24,0,27,5,8,49,0,62,16,0,16,78
04/06/2023,TYR,TX,ASW,CE,Federal Contract Tower,4,6,26,0,36,0,0,2,0,2,4,6,28,0,38,2,0,2,40
04/07/2023,TYR,TX,ASW,CE,Federal Contract Tower,4,11,21,0,36,0,0,0,0,0,4,11,21,0,36,0,0,0,36
04/08/2023,TYR,TX,ASW,CE,Federal Contract Tower,3,7,21,0,31,0,0,36,0,36,3,7,57,0,67,22,0,22,89
04/09/2023,TYR,TX,ASW,CE,Federal Contract Tower,3,2,19,0,24,0,0,21,0,21,3,2,40,0,45,8,0,8,53
04/10/2023,TYR,TX,ASW,CE,Federal Contract Tower,5,12,51,0,68,0,7,46,0,53,5,19,97,0,121,36,0,36,157
04/11/2023,TYR,TX,ASW,CE,Federal Contract Tower,5,8,36,0,49,0,18,70,0,88,5,26,106,0,137,110,0,110,247
04/12/2023,TYR,TX,ASW,CE,Federal Contract Tower,4,10,22,4,40,0,9,64,0,73,4,19,86,4,113,48,0,48,161
04/13/2023,TYR,TX,ASW,CE,Federal Contract Tower,3,10,30,0,43,0,10,43,0,53,3,20,73,0,96,96,0,96,192
04/14/2023,TYR,TX,ASW,CE,Federal Contract Tower,5,8,31,1,45,0,1,34,6,41,5,9,65,7,86,32,0,32,118
04/15/2023,TYR,TX,ASW,CE,Federal Contract Tower,4,9,22,0,35,0,0,29,0,29,4,9,51,0,64,20,0,20,84
04/16/2023,TYR,TX,ASW,CE,Federal Contract Tower,4,6,30,0,40,0,4,47,0,51,4,10,77,0,91,6,0,6,97
04/17/2023,TYR,TX,ASW,CE,Federal Contract Tower,5,9,30,7,51,0,9,77,2,88,5,18,107,9,139,70,14,84,223
04/18/2023,TYR,TX,ASW,CE,Federal Contract Tower,5,13,30,0,48,0,2,9,0,11,5,15,39,0,59,12,0,12,71
04/19/2023,TYR,TX,ASW,CE,Federal Contract Tower,4,12,21,5,42,0,0,11,5,16,4,12,32,10,58,4,0,4,62
04/20/2023,TYR,TX,ASW,CE,Federal Contract Tower,4,7,27,0,38,0,0,7,0,7,4,7,34,0,45,8,0,8,53
04/21/2023,TYR,TX,ASW,CE,Federal Contract Tower,6,8,29,0,43,0,10,13,0,23,6,18,42,0,66,12,0,12,78
04/22/2023,TYR,TX,ASW,CE,Federal Contract Tower,4,4,34,0,42,0,23,70,0,93,4,27,104,0,135,20,0,20,155
04/23/2023,TYR,TX,ASW,CE,Federal Contract Tower,4,2,33,0,39,0,0,3,0,3,4,2,36,0,42,4,0,4,46
04/24/2023,TYR,TX,ASW,CE,Federal Contract Tower,5,7,36,0,48,0,11,43,0,54,5,18,79,0,102,30,0,30,132
04/25/2023,TYR,TX,ASW,CE,Federal Contract Tower,5,13,25,0,43,0,0,23,0,23,5,13,48,0,66,56,0,56,122
04/26/2023,TYR,TX,ASW,CE,Federal Contract Tower,3,10,24,0,37,0,0,0,0,0,3,10,24,0,37,0,0,0,37
04/27/2023,TYR,TX,ASW,CE,Federal Contract Tower,3,8,30,0,41,0,1,9,0,10,3,9,39,0,51,0,0,0,51
04/28/2023,TYR,TX,ASW,CE,Federal Contract Tower,4,5,37,0,46,0,4,56,0,60,4,9,93,0,106,66,0,66,172
04/29/2023,TYR,TX,ASW,CE,Federal Contract Tower,5,10,12,0,27,0,0,6,0,6,5,10,18,0,33,0,0,0,33
04/30/2023,TYR,TX,ASW,CE,Federal Contract Tower,5,7,23,0,35,0,19,67,7,93,5,26,90,7,128,54,0,54,182
05/01/2023,TYR,TX,ASW,CE,Federal Contract Tower,5,7,17,3,32,0,4,50,0,54,5,11,67,3,86,52,2,54,140
05/02/2023,TYR,TX,ASW,CE,Federal Contract Tower,5,9,31,6,51,0,13,44,0,57,5,22,75,6,108,48,0,48,156
05/03/2023,TYR,TX,ASW,CE,Federal Contract Tower,4,7,21,0,32,0,7,65,0,72,4,14,86,0,104,28,0,28,132
05/04/2023,TYR,TX,ASW,CE,Federal Contract Tower,4,15,39,0,58,0,19,41,0,60,4,34,80,0,118,22,0,22,140
05/05/2023,TYR,TX,ASW,CE,Federal Contract Tower,4,6,29,0,39,0,2,25,0,27,4,8,54,0,66,2,0,2,68
05/06/2023,TYR,TX,ASW,CE,Federal Contract Tower,5,10,33,0,48,0,3,41,1,45,5,13,74,1,93,4,0,4,97
05/07/2023,TYR,TX,ASW,CE,Federal Contract Tower,5,3,27,0,35,0,0,8,0,8,5,3,35,0,43,0,0,0,43
05/08/2023,TYR,TX,ASW,CE,Federal Contract Tower,5,8,18,0,31,0,0,11,0,11,5,8,29,0,42,0,0,0,42
05/09/2023,TYR,TX,ASW,CE,Federal Contract Tower,5,10,33,0,48,0,3,25,0,28,5,13,58,0,76,36,0,36,112
05/10/2023,TYR,TX,ASW,CE,Federal Contract Tower,5,7,11,0,23,0,0,0,2,2,5,7,11,2,25,0,0,0,25
05/11/2023,TYR,TX,ASW,CE,Federal Contract Tower,5,12,27,0,44,0,2,12,1,15,5,14,39,1,59,8,0,8,67
05/12/2023,TYR,TX,ASW,CE,Federal Contract Tower,5,8,49,0,62,0,2,20,0,22,5,10,69,0,84,12,0,12,96
05/13/2023,TYR,TX,ASW,CE,Federal Contract Tower,6,10,5,0,21,0,3,16,0,19,6,13,21,0,40,0,0,0,40
05/14/2023,TYR,TX,ASW,CE,Federal Contract Tower,4,2,25,0,31,0,2,2,0,4,4,4,27,0,35,16,0,16,51
05/15/2023,TYR,TX,ASW,CE,Federal Contract Tower,5,12,21,1,39,0,3,31,0,34,5,15,52,1,73,22,0,22,95
05/16/2023,TYR,TX,ASW,CE,Federal Contract Tower,5,10,28,0,43,0,1,19,0,20,5,11,47,0,63,6,0,6,69
05/17/2023,TYR,TX,ASW,CE,Federal Contract Tower,6,10,47,1,64,0,20,48,1,69,6,30,95,2,133,28,0,28,161
05/18/2023,TYR,TX,ASW,CE,Federal Contract Tower,4,8,34,3,49,0,13,74,1,88,4,21,108,4,137,62,17,79,216
05/19/2023,TYR,TX,ASW,CE,Federal Contract Tower,7,10,26,0,43,0,5,124,2,131,7,15,150,2,174,58,0,58,232
05/20/2023,TYR,TX,ASW,CE,Federal Contract Tower,4,15,23,0,42,0,2,25,0,27,4,17,48,0,69,0,0,0,69
05/22/2023,TYR,TX,ASW,CE,Federal Contract Tower,5,9,32,1,47,0,6,75,0,81,5,15,107,1,128,16,0,16,144
05/23/2023,TYR,TX,ASW,CE,Federal Contract Tower,5,8,26,0,39,0,9,46,2,57,5,17,72,2,96,56,0,56,152
05/24/2023,TYR,TX,ASW,CE,Federal Contract Tower,5,9,19,0,33,0,6,36,0,42,5,15,55,0,75,12,0,12,87
05/25/2023,TYR,TX,ASW,CE,Federal Contract Tower,5,9,48,0,62,0,6,45,0,51,5,15,93,0,113,44,0,44,157
05/26/2023,TYR,TX,ASW,CE,Federal Contract Tower,5,14,43,1,63,0,2,40,0,42,5,16,83,1,105,22,0,22,127
05/27/2023,TYR,TX,ASW,CE,Federal Contract Tower,4,11,16,1,32,0,7,34,0,41,4,18,50,1,73,0,0,0,73
05/28/2023,TYR,TX,ASW,CE,Federal Contract Tower,3,7,16,0,26,0,8,33,2,43,3,15,49,2,69,6,0,6,75
05/29/2023,TYR,TX,ASW,CE,Federal Contract Tower,5,7,30,0,42,0,6,31,1,38,5,13,61,1,80,34,0,34,114
05/30/2023,TYR,TX,ASW,CE,Federal Contract Tower,5,10,14,0,29,0,5,31,0,36,5,15,45,0,65,10,0,10,75
05/31/2023,TYR,TX,ASW,CE,Federal Contract Tower,5,10,16,0,31,0,8,51,0,59,5,18,67,0,90,14,0,14,104
06/01/2023,TYR,TX,ASW,CE,Federal Contract Tower,5,9,28,0,42,0,10,69,0,79,5,19,97,0,121,40,0,40,161
06/02/2023,TYR,TX,ASW,CE,Federal Contract Tower,5,9,17,0,31,0,8,68,3,79,5,17,85,3,110,60,0,60,170
06/03/2023,TYR,TX,ASW,CE,Federal Contract Tower,4,14,21,0,39,0,5,25,0,30,4,19,46,0,69,0,0,0,69
06/04/2023,TYR,TX,ASW,CE,Federal Contract Tower,5,7,21,0,33,0,2,20,0,22,5,9,41,0,55,20,0,20,75
06/06/2023,TYR,TX,ASW,CE,Federal Contract Tower,5,16,18,8,47,0,7,39,0,46,5,23,57,8,93,18,14,32,125
06/07/2023,TYR,TX,ASW,CE,Federal Contract Tower,7,6,20,0,33,0,14,35,2,51,7,20,55,2,84,14,0,14,98
06/08/2023,TYR,TX,ASW,CE,Federal Contract Tower,4,17,17,1,39,0,6,32,0,38,4,23,49,1,77,10,0,10,87
06/09/2023,TYR,TX,ASW,CE,Federal Contract Tower,4,6,25,0,35,0,7,51,0,58,4,13,76,0,93,22,0,22,115
06/10/2023,TYR,TX,ASW,CE,Federal Contract Tower,5,3,12,0,20,0,0,21,0,21,5,3,33,0,41,10,0,10,51
06/11/2023,TYR,TX,ASW,CE,Federal Contract Tower,5,11,24,0,40,0,2,33,0,35,5,13,57,0,75,10,0,10,85
06/12/2023,TYR,TX,ASW,CE,Federal Contract Tower,3,6,20,0,29,0,0,28,0,28,3,6,48,0,57,36,0,36,93
06/13/2023,TYR,TX,ASW,CE,Federal Contract Tower,5,7,25,0,37,0,0,3,0,3,5,7,28,0,40,2,0,2,42
06/14/2023,TYR,TX,ASW,CE,Federal Contract Tower,5,9,30,0,44,0,0,3,0,3,5,9,33,0,47,0,0,0,47
06/15/2023,TYR,TX,ASW,CE,Federal Contract Tower,4,5,33,0,42,0,0,5,0,5,4,5,38,0,47,0,0,0,47
06/16/2023,TYR,TX,ASW,CE,Federal Contract Tower,4,18,20,6,48,0,7,25,0,32,4,25,45,6,80,32,0,32,112
06/17/2023,TYR,TX,ASW,CE,Federal Contract Tower,4,6,22,0,32,0,0,12,0,12,4,6,34,0,44,6,0,6,50
06/18/2023,TYR,TX,ASW,CE,Federal Contract Tower,5,3,20,0,28,0,14,0,0,14,5,17,20,0,42,0,0,0,42
06/19/2023,TYR,TX,ASW,CE,Federal Contract Tower,5,4,34,0,43,0,4,26,0,30,5,8,60,0,73,26,0,26,99
06/20/2023,TYR,TX,ASW,CE,Federal Contract Tower,5,9,30,0,44,0,0,9,0,9,5,9,39,0,53,0,0,0,53
06/21/2023,TYR,TX,ASW,CE,Federal Contract Tower,5,18,38,0,61,0,0,7,0,7,5,18,45,0,68,8,0,8,76
06/22/2023,TYR,TX,ASW,CE,Federal Contract Tower,5,16,25,2,48,0,5,64,0,69,5,21,89,2,117,54,6,60,177
06/23/2023,TYR,TX,ASW,CE,Federal Contract Tower,7,4,20,0,31,0,8,38,0,46,7,12,58,0,77,30,0,30,107
06/24/2023,TYR,TX,ASW,CE,Federal Contract Tower,5,13,24,0,42,0,10,59,0,69,5,23,83,0,111,20,0,20,131
06/25/2023,TYR,TX,ASW,CE,Federal Contract Tower,4,3,20,0,27,0,5,40,0,45,4,8,60,0,72,10,0,10,82
06/26/2023,TYR,TX,ASW,CE,Federal Contract Tower,5,8,13,0,26,0,9,23,0,32,5,17,36,0,58,10,0,10,68
06/27/2023,TYR,TX,ASW,CE,Federal Contract Tower,5,11,14,0,30,0,2,47,0,49,5,13,61,0,79,28,0,28,107
06/28/2023,TYR,TX,ASW,CE,Federal Contract Tower,5,10,25,5,45,0,9,32,1,42,5,19,57,6,87,38,0,38,125
06/29/2023,TYR,TX,ASW,CE,Federal Contract Tower,5,6,22,3,36,0,4,29,11,44,5,10,51,14,80,14,0,14,94
06/30/2023,TYR,TX,ASW,CE,Federal Contract Tower,4,5,17,2,28,0,8,42,2,52,4,13,59,4,80,20,2,22,102
07/01/2023,TYR,TX,ASW,CE,Federal Contract Tower,5,19,39,0,63,0,7,96,9,112,5,26,135,9,175,12,0,12,187
07/02/2023,TYR,TX,ASW,CE,Federal Contract Tower,5,6,10,0,21,0,12,51,0,63,5,18,61,0,84,10,0,10,94
07/03/2023,TYR,TX,ASW,CE,Federal Contract Tower,4,8,11,3,26,0,6,43,0,49,4,14,54,3,75,52,0,52,127
07/04/2023,TYR,TX,ASW,CE,Federal Contract Tower,5,2,13,0,20,0,4,35,0,39,5,6,48,0,59,46,0,46,105
07/05/2023,TYR,TX,ASW,CE,Federal Contract Tower,5,6,13,2,26,0,10,42,1,53,5,16,55,3,79,74,0,74,153
07/06/2023,TYR,TX,ASW,CE,Federal Contract Tower,5,13,21,0,39,0,0,47,0,47,5,13,68,0,86,32,0,32,118
07/07/2023,TYR,TX,ASW,CE,Federal Contract Tower,5,10,21,1,37,0,7,46,0,53,5,17,67,1,90,30,0,30,120
07/08/2023,TYR,TX,ASW,CE,Federal Contract Tower,5,13,13,2,33,0,8,72,0,80,5,21,85,2,113,38,0,38,151
07/09/2023,TYR,TX,ASW,CE,Federal Contract Tower,7,7,25,0,39,0,2,23,0,25,7,9,48,0,64,12,0,12,76
07/10/2023,TYR,TX,ASW,CE,Federal Contract Tower,5,7,13,0,25,0,7,21,1,29,5,14,34,1,54,28,0,28,82
07/11/2023,TYR,TX,ASW,CE,Federal Contract Tower,4,10,13,0,27,0,4,12,0,16,4,14,25,0,43,8,0,8,51
07/12/2023,TYR,TX,ASW,CE,Federal Contract Tower,5,14,29,0,48,0,5,30,0,35,5,19,59,0,83,2,0,2,85
07/13/2023,TYR,TX,ASW,CE,Federal Contract Tower,4,11,23,0,38,0,2,25,0,27,4,13,48,0,65,38,0,38,103
07/14/2023,TYR,TX,ASW,CE,Federal Contract Tower,5,13,33,0,51,0,2,34,0,36,5,15,67,0,87,12,0,12,99
07/15/2023,TYR,TX,ASW,CE,Federal Contract Tower,5,10,28,4,47,0,1,38,0,39,5,11,66,4,86,44,0,44,130
07/16/2023,TYR,TX,ASW,CE,Federal Contract Tower,5,1,21,0,27,0,4,27,0,31,5,5,48,0,58,22,0,22,80
07/17/2023,TYR,TX,ASW,CE,Federal Contract Tower,4,10,22,0,36,0,6,58,0,64,4,16,80,0,100,20,0,20,120
07/18/2023,TYR,TX,ASW,CE,Federal Contract Tower,5,4,25,0,34,0,8,41,0,49,5,12,66,0,83,34,0,34,117
07/19/2023,TYR,TX,ASW,CE,Federal Contract Tower,5,10,23,0,38,0,4,32,0,36,5,14,55,0,74,46,0,46,120
07/20/2023,TYR,TX,ASW,CE,Federal Contract Tower,5,14,24,0,43,0,10,25,0,35,5,24,49,0,78,2,0,2,80
07/21/2023,TYR,TX,ASW,CE,Federal Contract Tower,5,7,16,0,28,0,4,37,0,41,5,11,53,0,69,38,0,38,107
07/22/2023,TYR,TX,ASW,CE,Federal Contract Tower,4,10,16,0,30,0,0,30,0,30,4,10,46,0,60,20,0,20,80
07/23/2023,TYR,TX,ASW,CE,Federal Contract Tower,4,13,21,0,38,0,0,43,0,43,4,13,64,0,81,8,0,8,89
07/24/2023,TYR,TX,ASW,CE,Federal Contract Tower,4,7,16,0,27,0,8,48,0,56,4,15,64,0,83,36,0,36,119
07/25/2023,TYR,TX,ASW,CE,Federal Contract Tower,5,13,25,2,45,0,2,43,0,45,5,15,68,2,90,80,0,80,170
07/26/2023,TYR,TX,ASW,CE,Federal Contract Tower,5,9,15,0,29,0,9,43,0,52,5,18,58,0,81,24,0,24,105
07/27/2023,TYR,TX,ASW,CE,Federal Contract Tower,4,11,31,0,46,0,4,39,0,43,4,15,70,0,89,20,0,20,109
07/28/2023,TYR,TX,ASW,CE,Federal Contract Tower,5,9,18,0,32,0,2,43,0,45,5,11,61,0,77,28,0,28,105
07/29/2023,TYR,TX,ASW,CE,Federal Contract Tower,5,8,18,1,32,0,2,49,0,51,5,10,67,1,83,28,0,28,111
07/30/2023,TYR,TX,ASW,CE,Federal Contract Tower,4,8,34,2,48,0,0,42,0,42,4,8,76,2,90,26,4,30,120
07/31/2023,TYR,TX,ASW,CE,Federal Contract Tower,5,8,15,0,28,0,3,44,1,48,5,11,59,1,76,38,0,38,114
08/01/2023,TYR,TX,ASW,CE,Federal Contract Tower,5,9,16,0,30,0,2,47,3,52,5,11,63,3,82,46,10,56,138
08/02/2023,TYR,TX,ASW,CE,Federal Contract Tower,4,7,32,0,43,0,5,34,0,39,4,12,66,0,82,14,0,14,96
08/03/2023,TYR,TX,ASW,CE,Federal Contract Tower,3,7,34,6,50,0,3,56,0,59,3,10,90,6,109,6,0,6,115
08/04/2023,TYR,TX,ASW,CE,Federal Contract Tower,5,10,14,0,29,0,7,44,0,51,5,17,58,0,80,30,0,30,110
08/05/2023,TYR,TX,ASW,CE,Federal Contract Tower,5,14,15,0,34,0,2,46,0,48,5,16,61,0,82,18,0,18,100
08/06/2023,TYR,TX,ASW,CE,Federal Contract Tower,5,2,25,0,32,0,2,43,0,45,5,4,68,0,77,0,0,0,77
08/07/2023,TYR,TX,ASW,CE,Federal Contract Tower,5,9,25,3,42,0,2,31,1,34,5,11,56,4,76,18,16,34,110
08/08/2023,TYR,TX,ASW,CE,Federal Contract Tower,5,11,21,0,37,0,4,21,0,25,5,15,42,0,62,24,0,24,86
08/09/2023,TYR,TX,ASW,CE,Federal Contract Tower,4,7,28,0,39,0,0,18,0,18,4,7,46,0,57,6,0,6,63
08/10/2023,TYR,TX,ASW,CE,Federal Contract Tower,4,10,20,0,34,0,1,31,0,32,4,11,51,0,66,14,0,14,80
08/11/2023,TYR,TX,ASW,CE,Federal Contract Tower,5,9,30,1,45,0,2,37,0,39,5,11,67,1,84,0,0,0,84
08/12/2023,TYR,TX,ASW,CE,Federal Contract Tower,5,11,14,4,34,0,2,10,0,12,5,13,24,4,46,6,0,6,52
08/13/2023,TYR,TX,ASW,CE,Federal Contract Tower,5,7,12,0,24,0,10,17,0,27,5,17,29,0,51,4,0,4,55
08/14/2023,TYR,TX,ASW,CE,Federal Contract Tower,5,5,20,0,30,0,2,38,1,41,5,7,58,1,71,42,0,42,113
08/15/2023,TYR,TX,ASW,CE,Federal Contract Tower,5,12,21,0,38,0,35,46,6,87,5,47,67,6,125,30,0,30,155
08/16/2023,TYR,TX,ASW,CE,Federal Contract Tower,5,9,20,0,34,0,4,48,0,52,5,13,68,0,86,22,0,22,108
08/17/2023,TYR,TX,ASW,CE,Federal Contract Tower,4,8,26,1,39,0,4,65,0,69,4,12,91,1,108,86,0,86,194
08/18/2023,TYR,TX,ASW,CE,Federal Contract Tower,5,7,31,2,45,0,6,61,0,67,5,13,92,2,112,52,22,74,186
08/19/2023,TYR,TX,ASW,CE,Federal Contract Tower,4,2,24,0,30,0,6,52,0,58,4,8,76,0,88,28,0,28,116
08/20/2023,TYR,TX,ASW,CE,Federal Contract Tower,5,4,15,0,24,0,2,34,0,36,5,6,49,0,60,24,0,24,84
08/21/2023,TYR,TX,ASW,CE,Federal Contract Tower,5,9,31,0,45,0,2,18,0,20,5,11,49,0,65,22,0,22,87
08/22/2023,TYR,TX,ASW,CE,Federal Contract Tower,3,13,23,0,39,0,6,18,0,24,3,19,41,0,63,14,0,14,77
08/23/2023,TYR,TX,ASW,CE,Federal Contract Tower,5,11,34,4,54,0,4,41,0,45,5,15,75,4,99,40,0,40,139
08/24/2023,TYR,TX,ASW,CE,Federal Contract Tower,4,9,23,0,36,0,4,32,0,36,4,13,55,0,72,8,0,8,80
08/25/2023,TYR,TX,ASW,CE,Federal Contract Tower,4,10,13,1,28,0,4,31,1,36,4,14,44,2,64,22,2,24,88
08/26/2023,TYR,TX,ASW,CE,Federal Contract Tower,6,9,19,2,36,0,2,38,1,41,6,11,57,3,77,36,0,36,113
08/27/2023,TYR,TX,ASW,CE,Federal Contract Tower,5,5,29,0,39,0,4,27,0,31,5,9,56,0,70,26,0,26,96
08/28/2023,TYR,TX,ASW,CE,Federal Contract Tower,3,8,35,0,46,0,0,17,0,17,3,8,52,0,63,12,0,12,75
08/29/2023,TYR,TX,ASW,CE,Federal Contract Tower,3,10,23,6,42,0,8,71,1,80,3,18,94,7,122,72,0,72,194
08/30/2023,TYR,TX,ASW,CE,Federal Contract Tower,4,5,25,4,38,0,8,48,0,56,4,13,73,4,94,24,12,36,130
08/31/2023,TYR,TX,ASW,CE,Federal Contract Tower,4,6,22,3,35,0,7,46,0,53,4,13,68,3,88,68,0,68,156
