01/01/2000,TYS,TN,ASO,ES,Towers with Radar,36,34,39,0,109,9,0,28,0,37,45,34,67,0,146,48,0,48,194
01/02/2000,TYS,TN,ASO,ES,Towers with Radar,57,40,63,1,161,0,0,48,0,48,57,40,111,1,209,36,0,36,245
01/03/2000,TYS,TN,ASO,ES,Towers with Radar,66,63,54,17,200,24,0,0,0,24,90,63,54,17,224,70,14,84,308
01/04/2000,TYS,TN,ASO,ES,Towers with Radar,80,78,68,26,252,1,10,0,27,38,81,88,68,53,290,40,18,58,348
01/05/2000,TYS,TN,ASO,ES,Towers with Radar,78,94,114,35,321,0,0,36,8,44,78,94,150,43,365,100,12,112,477
01/06/2000,TYS,TN,ASO,ES,Towers with Radar,86,73,92,28,279,9,0,62,9,80,95,73,154,37,359,155,12,167,526
01/07/2000,TYS,TN,ASO,ES,Towers with Radar,69,88,96,30,283,0,11,23,29,63,69,99,119,59,346,94,62,156,502
01/08/2000,TYS,TN,ASO,ES,Towers with Radar,60,54,64,20,198,0,0,47,45,92,60,54,111,65,290,98,72,170,460
01/09/2000,TYS,TN,ASO,ES,Towers with Radar,46,46,47,6,145,10,5,0,0,15,56,51,47,6,160,8,0,8,168
01/10/2000,TYS,TN,ASO,ES,Towers with Radar,61,59,64,10,194,2,17,23,0,42,63,76,87,10,236,52,12,64,300
01/11/2000,TYS,TN,ASO,ES,Towers with Radar,91,74,105,32,302,0,0,57,40,97,91,74,162,72,399,72,34,106,505
01/12/2000,TYS,TN,ASO,ES,Towers with Radar,72,94,103,32,301,0,7,58,47,112,72,101,161,79,413,126,74,200,613
01/13/2000,TYS,TN,ASO,ES,Towers with Radar,65,92,100,30,287,0,6,40,15,61,65,98,140,45,348,22,32,54,402
01/14/2000,TYS,TN,ASO,ES,Towers with Radar,80,83,90,27,280,0,3,68,3,74,80,86,158,30,354,92,34,126,480
01/15/2000,TYS,TN,ASO,ES,Towers with Radar,46,45,48,5,144,12,2,55,0,69,58,47,103,5,213,68,0,68,281
01/16/2000,TYS,TN,ASO,ES,Towers with Radar,57,35,60,0,152,16,0,11,0,27,73,35,71,0,179,24,0,24,203
01/17/2000,TYS,TN,ASO,ES,Towers with Radar,62,55,69,20,206,0,0,51,1,52,62,55,120,21,258,74,2,76,334
01/18/2000,TYS,TN,ASO,ES,Towers with Radar,69,82,91,27,269,0,11,9,6,26,69,93,100,33,295,20,8,28,323
01/19/2000,TYS,TN,ASO,ES,Towers with Radar,87,89,105,31,312,0,0,87,8,95,87,89,192,39,407,90,10,100,507
01/20/2000,TYS,TN,ASO,ES,Towers with Radar,78,72,83,24,257,15,0,7,10,32,93,72,90,34,289,22,40,62,351
01/21/2000,TYS,TN,ASO,ES,Towers with Radar,88,57,93,27,265,15,0,60,20,95,103,57,153,47,360,84,30,114,474
01/22/2000,TYS,TN,ASO,ES,Towers with Radar,33,31,20,2,86,19,19,0,0,38,52,50,20,2,124,26,16,42,166
01/23/2000,TYS,TN,ASO,ES,Towers with Radar,32,30,27,2,91,28,1,0,0,29,60,31,27,2,120,6,0,6,126
01/24/2000,TYS,TN,ASO,ES,Towers with Radar,58,75,84,25,242,0,26,28,7,61,58,101,112,32,303,16,22,38,341
01/25/2000,TYS,TN,ASO,ES,Towers with Radar,67,71,93,27,258,0,0,46,13,59,67,71,139,40,317,64,28,92,409
01/26/2000,TYS,TN,ASO,ES,Towers with Radar,84,87,97,29,297,0,1,14,0,15,84,88,111,29,312,64,10,74,386
01/27/2000,TYS,TN,ASO,ES,Towers with Radar,86,74,93,28,281,0,0,66,10,76,86,74,159,38,357,84,36,120,477
01/28/2000,TYS,TN,ASO,ES,Towers with Radar,66,70,78,10,224,0,13,38,0,51,66,83,116,10,275,66,0,66,341
01/29/2000,TYS,TN,ASO,ES,Towers with Radar,29,27,22,1,79,21,14,0,0,35,50,41,22,1,114,4,0,4,118
01/30/2000,TYS,TN,ASO,ES,Towers with Radar,34,30,33,1,98,33,0,0,0,33,67,30,33,1,131,0,0,0,131
01/31/2000,TYS,TN,ASO,ES,Towers with Radar,64,63,68,6,201,0,26,21,0,47,64,89,89,6,248,40,0,40,288
02/01/2000,TYS,TN,ASO,ES,Towers with Radar,67,90,114,39,310,0,11,19,28,58,67,101,133,67,368,70,40,110,478
02/02/2000,TYS,TN,ASO,ES,Towers with Radar,69,79,101,26,275,0,29,34,0,63,69,108,135,26,338,106,40,146,484
02/03/2000,TYS,TN,ASO,ES,Towers with Radar,85,72,102,25,284,2,0,70,0,72,87,72,172,25,356,36,24,60,416
02/04/2000,TYS,TN,ASO,ES,Towers with Radar,74,74,92,32,272,0,9,21,11,41,74,83,113,43,313,48,14,62,375
02/05/2000,TYS,TN,ASO,ES,Towers with Radar,47,46,57,9,159,9,12,36,0,57,56,58,93,9,216,138,8,146,362
02/06/2000,TYS,TN,ASO,ES,Towers with Radar,51,40,62,21,174,18,0,31,6,55,69,40,93,27,229,80,14,94,323
02/07/2000,TYS,TN,ASO,ES,Towers with Radar,68,65,81,25,239,18,6,38,0,62,86,71,119,25,301,52,4,56,357
02/08/2000,TYS,TN,ASO,ES,Towers with Radar,82,91,113,39,325,0,4,64,31,99,82,95,177,70,424,130,60,190,614
02/09/2000,TYS,TN,ASO,ES,Towers with Radar,92,84,114,39,329,0,0,44,42,86,92,84,158,81,415,24,14,38,453
02/10/2000,TYS,TN,ASO,ES,Towers with Radar,94,79,113,38,324,4,0,79,8,91,98,79,192,46,415,76,22,98,513
02/11/2000,TYS,TN,ASO,ES,Towers with Radar,81,91,114,39,325,0,4,27,23,54,81,95,141,62,379,108,16,124,503
02/12/2000,TYS,TN,ASO,ES,Towers with Radar,43,42,49,0,134,15,6,0,0,21,58,48,49,0,155,12,0,12,167
02/13/2000,TYS,TN,ASO,ES,Towers with Radar,38,37,37,16,128,29,0,0,3,32,67,37,37,19,160,10,0,10,170
02/14/2000,TYS,TN,ASO,ES,Towers with Radar,70,71,87,30,258,0,6,0,18,24,70,77,87,48,282,23,20,43,325
02/15/2000,TYS,TN,ASO,ES,Towers with Radar,74,93,118,39,324,0,0,83,11,94,74,93,201,50,418,90,22,112,530
02/16/2000,TYS,TN,ASO,ES,Towers with Radar,86,83,103,34,306,6,5,63,1,75,92,88,166,35,381,62,10,72,453
02/17/2000,TYS,TN,ASO,ES,Towers with Radar,84,79,121,40,324,0,0,47,50,97,84,79,168,90,421,28,46,74,495
02/18/2000,TYS,TN,ASO,ES,Towers with Radar,62,60,76,5,203,19,10,10,0,39,81,70,86,5,242,20,0,20,262
02/19/2000,TYS,TN,ASO,ES,Towers with Radar,53,23,53,4,133,44,0,0,0,44,97,23,53,4,177,0,0,0,177
02/20/2000,TYS,TN,ASO,ES,Towers with Radar,56,40,68,13,177,17,0,37,0,54,73,40,105,13,231,104,0,104,335
02/21/2000,TYS,TN,ASO,ES,Towers with Radar,69,56,83,4,212,9,0,78,0,87,78,56,161,4,299,102,0,102,401
02/22/2000,TYS,TN,ASO,ES,Towers with Radar,75,81,103,27,286,0,9,56,0,65,75,90,159,27,351,92,14,106,457
02/23/2000,TYS,TN,ASO,ES,Towers with Radar,72,94,121,40,327,0,6,81,17,104,72,100,202,57,431,116,26,142,573
02/24/2000,TYS,TN,ASO,ES,Towers with Radar,67,99,125,41,332,0,15,79,18,112,67,114,204,59,444,48,30,78,522
02/25/2000,TYS,TN,ASO,ES,Towers with Radar,80,80,105,35,300,0,0,56,23,79,80,80,161,58,379,108,10,118,497
02/26/2000,TYS,TN,ASO,ES,Towers with Radar,55,36,66,21,178,20,0,73,9,102,75,36,139,30,280,44,6,50,330
02/27/2000,TYS,TN,ASO,ES,Towers with Radar,58,47,69,13,187,2,0,11,0,13,60,47,80,13,200,26,0,26,226
02/28/2000,TYS,TN,ASO,ES,Towers with Radar,69,72,92,30,263,0,13,49,26,88,69,85,141,56,351,70,46,116,467
02/29/2000,TYS,TN,ASO,ES,Towers with Radar,90,85,110,36,321,0,0,59,23,82,90,85,169,59,403,124,16,140,543
03/01/2000,TYS,TN,ASO,ES,Towers with Radar,94,55,123,37,309,17,0,46,15,78,111,55,169,52,387,10,2,12,399
03/02/2000,TYS,TN,ASO,ES,Towers with Radar,87,68,114,35,304,20,0,62,15,97,107,68,176,50,401,78,33,111,512
03/03/2000,TYS,TN,ASO,ES,Towers with Radar,98,69,135,41,343,0,0,36,59,95,98,69,171,100,438,80,34,114,552
03/04/2000,TYS,TN,ASO,ES,Towers with Radar,42,40,56,17,155,16,15,13,8,52,58,55,69,25,207,33,12,45,252
03/05/2000,TYS,TN,ASO,ES,Towers with Radar,62,51,81,25,219,5,0,88,6,99,67,51,169,31,318,90,6,96,414
03/06/2000,TYS,TN,ASO,ES,Towers with Radar,78,71,103,31,283,6,0,77,1,84,84,71,180,32,367,76,8,84,451
03/07/2000,TYS,TN,ASO,ES,Towers with Radar,77,92,128,39,336,0,6,96,36,138,77,98,224,75,474,40,14,54,528
03/08/2000,TYS,TN,ASO,ES,Towers with Radar,83,85,118,36,322,0,10,71,14,95,83,95,189,50,417,74,12,86,503
03/09/2000,TYS,TN,ASO,ES,Towers with Radar,85,74,112,23,294,8,0,52,0,60,93,74,164,23,354,14,14,28,382
03/10/2000,TYS,TN,ASO,ES,Towers with Radar,85,80,112,31,308,2,0,58,0,60,87,80,170,31,368,70,16,86,454
03/11/2000,TYS,TN,ASO,ES,Towers with Radar,38,36,42,4,120,23,9,0,0,32,61,45,42,4,152,12,0,12,164
03/12/2000,TYS,TN,ASO,ES,Towers with Radar,58,29,77,20,184,30,0,26,0,56,88,29,103,20,240,78,0,78,318
03/13/2000,TYS,TN,ASO,ES,Towers with Radar,81,74,106,31,292,0,0,66,0,66,81,74,172,31,358,102,16,118,476
03/14/2000,TYS,TN,ASO,ES,Towers with Radar,69,86,120,36,311,0,14,87,11,112,69,100,207,47,423,52,70,122,545
03/15/2000,TYS,TN,ASO,ES,Towers with Radar,70,80,113,34,297,0,18,27,42,87,70,98,140,76,384,48,38,86,470
03/16/2000,TYS,TN,ASO,ES,Towers with Radar,65,72,100,28,265,0,35,0,0,35,65,107,100,28,300,6,10,16,316
03/17/2000,TYS,TN,ASO,ES,Towers with Radar,91,78,130,11,310,0,0,60,0,60,91,78,190,11,370,56,0,56,426
03/18/2000,TYS,TN,ASO,ES,Towers with Radar,58,34,76,3,171,15,0,75,0,90,73,34,151,3,261,108,0,108,369
03/19/2000,TYS,TN,ASO,ES,Towers with Radar,50,44,65,2,161,27,0,6,0,33,77,44,71,2,194,16,0,16,210
03/20/2000,TYS,TN,ASO,ES,Towers with Radar,75,69,98,25,267,31,4,14,0,49,106,73,112,25,316,62,30,92,408
03/21/2000,TYS,TN,ASO,ES,Towers with Radar,63,74,105,31,273,0,23,47,12,82,63,97,152,43,355,58,30,88,443
03/22/2000,TYS,TN,ASO,ES,Towers with Radar,81,91,128,38,338,0,1,45,48,94,81,92,173,86,432,80,50,130,562
03/23/2000,TYS,TN,ASO,ES,Towers with Radar,81,86,128,37,332,0,0,98,18,116,81,86,226,55,448,60,10,70,518
03/24/2000,TYS,TN,ASO,ES,Towers with Radar,86,85,120,35,326,0,2,63,10,75,86,87,183,45,401,40,28,68,469
03/25/2000,TYS,TN,ASO,ES,Towers with Radar,54,50,71,10,185,4,6,33,0,43,58,56,104,10,228,27,40,67,295
03/26/2000,TYS,TN,ASO,ES,Towers with Radar,59,52,87,25,223,0,0,61,0,61,59,52,148,25,284,46,2,48,332
03/27/2000,TYS,TN,ASO,ES,Towers with Radar,61,68,97,27,253,0,33,6,0,39,61,101,103,27,292,24,22,46,338
03/28/2000,TYS,TN,ASO,ES,Towers with Radar,66,70,99,29,264,0,33,18,6,57,66,103,117,35,321,20,18,38,359
03/29/2000,TYS,TN,ASO,ES,Towers with Radar,72,86,122,36,316,0,18,39,4,61,72,104,161,40,377,128,16,144,521
03/30/2000,TYS,TN,ASO,ES,Towers with Radar,90,71,118,34,313,1,0,28,18,47,91,71,146,52,360,68,8,76,436
03/31/2000,TYS,TN,ASO,ES,Towers with Radar,81,77,116,34,308,0,0,67,23,90,81,77,183,57,398,106,40,146,544
04/01/2000,TYS,TN,ASO,ES,Towers with Radar,58,48,88,20,214,2,0,69,8,79,60,48,157,28,293,76,4,80,373
04/02/2000,TYS,TN,ASO,ES,Towers with Radar,44,43,61,14,162,18,0,0,0,18,62,43,61,14,180,10,14,24,204
04/03/2000,TYS,TN,ASO,ES,Towers with Radar,52,58,60,3,173,24,22,0,0,46,76,80,60,3,219,0,0,0,219
04/04/2000,TYS,TN,ASO,ES,Towers with Radar,74,82,111,20,287,13,9,29,0,51,87,91,140,20,338,40,18,58,396
04/05/2000,TYS,TN,ASO,ES,Towers with Radar,65,89,120,28,302,0,22,49,30,101,65,111,169,58,403,57,42,99,502
04/06/2000,TYS,TN,ASO,ES,Towers with Radar,86,88,131,30,335,0,0,66,10,76,86,88,197,40,411,78,28,106,517
04/07/2000,TYS,TN,ASO,ES,Towers with Radar,76,86,131,30,323,0,0,35,30,65,76,86,166,60,388,26,22,48,436
04/08/2000,TYS,TN,ASO,ES,Towers with Radar,43,48,55,9,155,9,8,0,0,17,52,56,55,9,172,16,0,16,188
04/09/2000,TYS,TN,ASO,ES,Towers with Radar,60,32,90,21,203,7,0,65,7,79,67,32,155,28,282,94,12,106,388
04/10/2000,TYS,TN,ASO,ES,Towers with Radar,68,81,109,18,276,0,21,78,0,99,68,102,187,18,375,56,6,62,437
04/11/2000,TYS,TN,ASO,ES,Towers with Radar,67,105,142,33,347,0,13,45,13,71,67,118,187,46,418,22,13,35,453
04/12/2000,TYS,TN,ASO,ES,Towers with Radar,67,103,139,32,341,0,14,27,24,65,67,117,166,56,406,82,16,98,504
04/13/2000,TYS,TN,ASO,ES,Towers with Radar,82,106,144,33,365,0,3,15,15,33,82,109,159,48,398,16,0,16,414
04/14/2000,TYS,TN,ASO,ES,Towers with Radar,90,95,137,32,354,4,0,50,3,57,94,95,187,35,411,86,8,94,505
04/15/2000,TYS,TN,ASO,ES,Towers with Radar,57,50,86,13,206,15,0,13,0,28,72,50,99,13,234,64,8,72,306
04/16/2000,TYS,TN,ASO,ES,Towers with Radar,51,50,77,17,195,7,0,41,2,50,58,50,118,19,245,78,12,90,335
04/17/2000,TYS,TN,ASO,ES,Towers with Radar,57,63,86,8,214,5,30,16,0,51,62,93,102,8,265,48,0,48,313
04/18/2000,TYS,TN,ASO,ES,Towers with Radar,65,105,143,32,345,0,5,53,31,89,65,110,196,63,434,62,16,78,512
04/19/2000,TYS,TN,ASO,ES,Towers with Radar,70,89,123,28,310,0,3,72,13,88,70,92,195,41,398,88,80,168,566
04/20/2000,TYS,TN,ASO,ES,Towers with Radar,77,86,119,26,308,0,4,73,8,85,77,90,192,34,393,32,42,74,467
04/21/2000,TYS,TN,ASO,ES,Towers with Radar,70,76,105,23,274,9,1,1,24,35,79,77,106,47,309,28,16,44,353
04/22/2000,TYS,TN,ASO,ES,Towers with Radar,53,46,79,8,186,13,0,32,0,45,66,46,111,8,231,50,0,50,281
04/23/2000,TYS,TN,ASO,ES,Towers with Radar,44,43,66,6,159,19,0,27,0,46,63,43,93,6,205,22,2,24,229
04/24/2000,TYS,TN,ASO,ES,Towers with Radar,67,72,100,15,254,23,1,13,0,37,90,73,113,15,291,8,0,8,299
04/25/2000,TYS,TN,ASO,ES,Towers with Radar,78,89,123,19,309,0,6,36,0,42,78,95,159,19,351,40,0,40,391
04/26/2000,TYS,TN,ASO,ES,Towers with Radar,73,88,121,27,309,0,0,71,27,98,73,88,192,54,407,79,52,131,538
04/27/2000,TYS,TN,ASO,ES,Towers with Radar,67,74,103,16,260,0,3,66,0,69,67,77,169,16,329,34,8,42,371
04/28/2000,TYS,TN,ASO,ES,Towers with Radar,61,73,115,19,268,0,0,41,0,41,61,73,156,19,309,42,14,56,365
04/29/2000,TYS,TN,ASO,ES,Towers with Radar,40,33,60,11,144,13,0,25,0,38,53,33,85,11,182,36,16,52,234
04/30/2000,TYS,TN,ASO,ES,Towers with Radar,44,30,76,17,167,0,0,61,26,87,44,30,137,43,254,28,34,62,316
05/01/2000,TYS,TN,ASO,ES,Towers with Radar,57,82,101,20,260,0,16,48,14,78,57,98,149,34,338,48,32,80,418
05/02/2000,TYS,TN,ASO,ES,Towers with Radar,67,90,108,22,287,0,13,37,5,55,67,103,145,27,342,42,32,74,416
05/03/2000,TYS,TN,ASO,ES,Towers with Radar,68,87,105,21,281,4,15,34,15,68,72,102,139,36,349,45,19,64,413
05/04/2000,TYS,TN,ASO,ES,Towers with Radar,61,106,128,25,320,0,8,34,10,52,61,114,162,35,372,52,10,62,434
05/05/2000,TYS,TN,ASO,ES,Towers with Radar,63,110,133,26,332,0,5,72,26,103,63,115,205,52,435,76,22,98,533
05/06/2000,TYS,TN,ASO,ES,Towers with Radar,50,57,77,16,200,0,0,140,12,152,50,57,217,28,352,137,48,185,537
05/07/2000,TYS,TN,ASO,ES,Towers with Radar,48,61,80,15,204,0,0,103,0,103,48,61,183,15,307,34,0,34,341
05/08/2000,TYS,TN,ASO,ES,Towers with Radar,70,77,107,21,275,10,0,63,13,86,80,77,170,34,361,130,22,152,513
05/09/2000,TYS,TN,ASO,ES,Towers with Radar,73,95,126,25,319,0,0,34,14,48,73,95,160,39,367,88,24,112,479
05/10/2000,TYS,TN,ASO,ES,Towers with Radar,76,68,117,23,284,20,0,76,7,103,96,68,193,30,387,82,34,116,503
05/11/2000,TYS,TN,ASO,ES,Towers with Radar,75,100,131,26,332,0,0,81,12,93,75,100,212,38,425,98,36,134,559
05/12/2000,TYS,TN,ASO,ES,Towers with Radar,75,92,120,24,311,0,0,58,22,80,75,92,178,46,391,8,12,20,411
05/13/2000,TYS,TN,ASO,ES,Towers with Radar,38,49,58,12,157,20,5,10,0,35,58,54,68,12,192,34,0,34,226
05/14/2000,TYS,TN,ASO,ES,Towers with Radar,45,44,69,14,172,20,0,42,9,71,65,44,111,23,243,86,0,86,329
05/15/2000,TYS,TN,ASO,ES,Towers with Radar,67,85,103,17,272,4,6,57,0,67,71,91,160,17,339,46,2,48,387
05/16/2000,TYS,TN,ASO,ES,Towers with Radar,66,103,125,24,318,0,20,79,8,107,66,123,204,32,425,96,18,114,539
05/17/2000,TYS,TN,ASO,ES,Towers with Radar,60,118,144,28,350,0,10,58,18,86,60,128,202,46,436,86,10,96,532
05/18/2000,TYS,TN,ASO,ES,Towers with Radar,62,98,120,23,303,0,11,54,10,75,62,109,174,33,378,18,16,34,412
05/19/2000,TYS,TN,ASO,ES,Towers with Radar,68,97,119,23,307,0,21,14,12,47,68,118,133,35,354,22,16,38,392
05/20/2000,TYS,TN,ASO,ES,Towers with Radar,44,44,62,13,163,33,0,0,2,35,77,44,62,15,198,44,10,54,252
05/21/2000,TYS,TN,ASO,ES,Towers with Radar,50,38,76,14,178,22,0,0,10,32,72,38,76,24,210,84,2,86,296
05/22/2000,TYS,TN,ASO,ES,Towers with Radar,68,86,106,13,273,0,17,45,0,62,68,103,151,13,335,50,0,50,385
05/23/2000,TYS,TN,ASO,ES,Towers with Radar,68,88,109,13,278,0,25,23,0,48,68,113,132,13,326,42,16,58,384
05/24/2000,TYS,TN,ASO,ES,Towers with Radar,59,87,107,12,265,0,34,6,0,40,59,121,113,12,305,26,0,26,331
05/25/2000,TYS,TN,ASO,ES,Towers with Radar,85,98,132,25,340,0,0,21,0,21,85,98,153,25,361,48,2,50,411
05/26/2000,TYS,TN,ASO,ES,Towers with Radar,84,67,128,24,303,18,0,41,4,63,102,67,169,28,366,118,6,124,490
05/27/2000,TYS,TN,ASO,ES,Towers with Radar,42,30,64,1,137,26,0,18,0,44,68,30,82,1,181,22,0,22,203
05/28/2000,TYS,TN,ASO,ES,Towers with Radar,34,42,43,1,120,10,12,0,0,22,44,54,43,1,142,22,0,22,164
05/29/2000,TYS,TN,ASO,ES,Towers with Radar,38,69,94,18,219,0,0,32,5,37,38,69,126,23,256,134,8,142,398
05/30/2000,TYS,TN,ASO,ES,Towers with Radar,79,85,120,23,307,2,0,56,26,84,81,85,176,49,391,88,28,116,507
05/31/2000,TYS,TN,ASO,ES,Towers with Radar,66,82,100,19,267,16,10,84,34,144,82,92,184,53,411,118,26,144,555
06/01/2000,TYS,TN,ASO,ES,Towers with Radar,82,98,98,29,307,11,0,78,5,94,93,98,176,34,401,118,6,124,525
06/02/2000,TYS,TN,ASO,ES,Towers with Radar,80,94,102,30,306,0,0,68,16,84,80,94,170,46,390,96,12,108,498
06/03/2000,TYS,TN,ASO,ES,Towers with Radar,42,54,51,8,155,29,0,16,0,45,71,54,67,8,200,38,0,38,238
06/04/2000,TYS,TN,ASO,ES,Towers with Radar,59,69,65,22,215,0,0,0,8,8,59,69,65,30,223,30,16,46,269
06/05/2000,TYS,TN,ASO,ES,Towers with Radar,72,91,87,25,275,6,7,7,5,25,78,98,94,30,300,10,4,14,314
06/06/2000,TYS,TN,ASO,ES,Towers with Radar,85,87,103,30,305,11,0,91,11,113,96,87,194,41,418,50,40,90,508
06/07/2000,TYS,TN,ASO,ES,Towers with Radar,80,110,105,31,326,0,8,96,31,135,80,118,201,62,461,106,30,136,597
06/08/2000,TYS,TN,ASO,ES,Towers with Radar,79,83,95,28,285,18,0,62,29,109,97,83,157,57,394,110,26,136,530
06/09/2000,TYS,TN,ASO,ES,Towers with Radar,69,108,106,31,314,0,0,57,17,74,69,108,163,48,388,116,0,116,504
06/10/2000,TYS,TN,ASO,ES,Towers with Radar,43,52,52,15,162,17,0,24,8,49,60,52,76,23,211,70,26,96,307
06/11/2000,TYS,TN,ASO,ES,Towers with Radar,54,68,67,20,209,0,0,39,1,40,54,68,106,21,249,72,14,86,335
06/12/2000,TYS,TN,ASO,ES,Towers with Radar,72,91,87,25,275,5,11,23,18,57,77,102,110,43,332,106,0,106,438
06/13/2000,TYS,TN,ASO,ES,Towers with Radar,79,108,103,30,320,0,6,62,19,87,79,114,165,49,407,42,52,94,501
06/14/2000,TYS,TN,ASO,ES,Towers with Radar,63,86,82,23,254,0,10,25,11,46,63,96,107,34,300,58,12,70,370
06/15/2000,TYS,TN,ASO,ES,Towers with Radar,69,98,94,26,287,0,13,38,22,73,69,111,132,48,360,64,24,88,448
06/16/2000,TYS,TN,ASO,ES,Towers with Radar,83,103,104,21,311,0,0,8,0,8,83,103,112,21,319,28,0,28,347
06/17/2000,TYS,TN,ASO,ES,Towers with Radar,45,48,55,3,151,22,0,8,0,30,67,48,63,3,181,50,0,50,231
06/18/2000,TYS,TN,ASO,ES,Towers with Radar,46,56,54,8,164,14,5,0,0,19,60,61,54,8,183,16,0,16,199
06/19/2000,TYS,TN,ASO,ES,Towers with Radar,77,92,97,27,293,0,0,41,1,42,77,92,138,28,335,104,2,106,441
06/20/2000,TYS,TN,ASO,ES,Towers with Radar,78,102,100,28,308,0,0,67,1,68,78,102,167,29,376,40,10,50,426
06/21/2000,TYS,TN,ASO,ES,Towers with Radar,83,103,100,28,314,1,1,39,11,52,84,104,139,39,366,108,8,116,482
06/22/2000,TYS,TN,ASO,ES,Towers with Radar,71,119,122,34,346,0,0,100,5,105,71,119,222,39,451,92,30,122,573
06/23/2000,TYS,TN,ASO,ES,Towers with Radar,66,111,108,30,315,0,8,104,16,128,66,119,212,46,443,118,10,128,571
06/24/2000,TYS,TN,ASO,ES,Towers with Radar,42,51,50,10,153,15,18,40,0,73,57,69,90,10,226,92,0,92,318
06/25/2000,TYS,TN,ASO,ES,Towers with Radar,54,40,65,18,177,22,0,40,3,65,76,40,105,21,242,100,0,100,342
06/26/2000,TYS,TN,ASO,ES,Towers with Radar,72,88,86,24,270,5,15,43,0,63,77,103,129,24,333,66,6,72,405
06/27/2000,TYS,TN,ASO,ES,Towers with Radar,73,95,92,26,286,0,22,23,16,61,73,117,115,42,347,70,20,90,437
06/28/2000,TYS,TN,ASO,ES,Towers with Radar,77,98,93,24,292,0,19,0,0,19,77,117,93,24,311,10,0,10,321
06/29/2000,TYS,TN,ASO,ES,Towers with Radar,70,111,106,30,317,0,15,42,12,69,70,126,148,42,386,94,30,124,510
06/30/2000,TYS,TN,ASO,ES,Towers with Radar,78,118,129,36,361,0,0,79,52,131,78,118,208,88,492,76,68,144,636
07/01/2000,TYS,TN,ASO,ES,Towers with Radar,56,57,71,7,191,26,0,42,0,68,82,57,113,7,259,98,0,98,357
07/02/2000,TYS,TN,ASO,ES,Towers with Radar,38,52,49,0,139,9,10,53,0,72,47,62,102,0,211,86,0,86,297
07/03/2000,TYS,TN,ASO,ES,Towers with Radar,41,68,62,5,176,0,17,85,0,102,41,85,147,5,278,72,0,72,350
07/04/2000,TYS,TN,ASO,ES,Towers with Radar,40,56,51,7,154,5,10,16,0,31,45,66,67,7,185,22,0,22,207
07/05/2000,TYS,TN,ASO,ES,Towers with Radar,57,106,97,24,284,0,17,36,23,76,57,123,133,47,360,78,24,102,462
07/06/2000,TYS,TN,ASO,ES,Towers with Radar,69,106,97,24,296,0,19,47,2,68,69,125,144,26,364,40,6,46,410
07/07/2000,TYS,TN,ASO,ES,Towers with Radar,64,102,93,23,282,0,13,61,10,84,64,115,154,33,366,101,18,119,485
07/08/2000,TYS,TN,ASO,ES,Towers with Radar,55,76,70,10,211,0,12,45,0,57,55,88,115,10,268,50,6,56,324
07/09/2000,TYS,TN,ASO,ES,Towers with Radar,45,64,69,17,195,0,0,35,29,64,45,64,104,46,259,24,32,56,315
07/10/2000,TYS,TN,ASO,ES,Towers with Radar,64,70,80,19,233,20,0,67,0,87,84,70,147,19,320,130,4,134,454
07/11/2000,TYS,TN,ASO,ES,Towers with Radar,71,97,89,22,279,2,22,27,6,57,73,119,116,28,336,88,0,88,424
07/12/2000,TYS,TN,ASO,ES,Towers with Radar,80,111,101,25,317,4,7,36,8,55,84,118,137,33,372,60,24,84,456
07/13/2000,TYS,TN,ASO,ES,Towers with Radar,77,116,107,26,326,0,0,40,13,53,77,116,147,39,379,58,14,72,451
07/14/2000,TYS,TN,ASO,ES,Towers with Radar,66,100,93,23,282,0,0,34,1,35,66,100,127,24,317,76,14,90,407
07/15/2000,TYS,TN,ASO,ES,Towers with Radar,51,71,65,10,197,14,1,43,0,58,65,72,108,10,255,74,2,76,331
07/16/2000,TYS,TN,ASO,ES,Towers with Radar,57,49,72,18,196,3,0,75,16,94,60,49,147,34,290,114,0,114,404
07/17/2000,TYS,TN,ASO,ES,Towers with Radar,71,89,91,22,273,11,0,78,10,99,82,89,169,32,372,78,16,94,466
07/18/2000,TYS,TN,ASO,ES,Towers with Radar,76,96,97,23,292,0,0,102,4,106,76,96,199,27,398,110,16,126,524
07/19/2000,TYS,TN,ASO,ES,Towers with Radar,82,110,103,24,319,0,3,16,37,56,82,113,119,61,375,56,22,78,453
07/20/2000,TYS,TN,ASO,ES,Towers with Radar,69,106,99,23,297,0,17,95,8,120,69,123,194,31,417,116,24,140,557
07/21/2000,TYS,TN,ASO,ES,Towers with Radar,67,119,114,27,327,0,0,74,17,91,67,119,188,44,418,110,6,116,534
07/22/2000,TYS,TN,ASO,ES,Towers with Radar,55,74,69,5,203,4,17,50,0,71,59,91,119,5,274,112,0,112,386
07/23/2000,TYS,TN,ASO,ES,Towers with Radar,61,51,77,14,203,12,0,20,0,32,73,51,97,14,235,42,0,42,277
07/24/2000,TYS,TN,ASO,ES,Towers with Radar,78,97,98,23,296,7,0,1,5,13,85,97,99,28,309,122,8,130,439
07/25/2000,TYS,TN,ASO,ES,Towers with Radar,94,97,122,29,342,0,0,41,20,61,94,97,163,49,403,94,22,116,519
07/26/2000,TYS,TN,ASO,ES,Towers with Radar,64,111,104,24,303,0,7,63,1,71,64,118,167,25,374,106,48,154,528
07/27/2000,TYS,TN,ASO,ES,Towers with Radar,65,115,107,25,312,0,0,75,12,87,65,115,182,37,399,78,20,98,497
07/28/2000,TYS,TN,ASO,ES,Towers with Radar,79,82,99,23,283,1,0,37,9,47,80,82,136,32,330,52,18,70,400
07/29/2000,TYS,TN,ASO,ES,Towers with Radar,53,70,66,1,190,22,2,16,0,40,75,72,82,1,230,54,0,54,284
07/30/2000,TYS,TN,ASO,ES,Towers with Radar,50,74,62,15,201,0,25,0,0,25,50,99,62,15,226,14,4,18,244
07/31/2000,TYS,TN,ASO,ES,Towers with Radar,60,80,75,18,233,11,7,33,19,70,71,87,108,37,303,62,62,124,427
08/01/2000,TYS,TN,ASO,ES,Towers with Radar,74,101,113,26,314,0,0,65,12,77,74,101,178,38,391,156,2,158,549
08/02/2000,TYS,TN,ASO,ES,Towers with Radar,60,103,112,26,301,0,16,22,0,38,60,119,134,26,339,10,10,20,359
08/03/2000,TYS,TN,ASO,ES,Towers with Radar,69,105,115,27,316,0,37,11,4,52,69,142,126,31,368,95,14,109,477
08/04/2000,TYS,TN,ASO,ES,Towers with Radar,65,109,119,26,319,0,34,32,0,66,65,143,151,26,385,72,10,82,467
08/05/2000,TYS,TN,ASO,ES,Towers with Radar,57,75,82,19,233,0,5,21,9,35,57,80,103,28,268,72,14,86,354
08/06/2000,TYS,TN,ASO,ES,Towers with Radar,36,71,78,18,203,0,16,27,8,51,36,87,105,26,254,42,0,42,296
08/07/2000,TYS,TN,ASO,ES,Towers with Radar,69,81,99,23,272,22,0,33,6,61,91,81,132,29,333,116,24,140,473
08/08/2000,TYS,TN,ASO,ES,Towers with Radar,84,103,121,28,336,4,0,59,29,92,88,103,180,57,428,64,42,106,534
08/09/2000,TYS,TN,ASO,ES,Towers with Radar,82,102,126,29,339,0,0,71,45,116,82,102,197,74,455,42,44,86,541
08/10/2000,TYS,TN,ASO,ES,Towers with Radar,77,107,124,29,337,0,0,45,24,69,77,107,169,53,406,50,24,74,480
08/11/2000,TYS,TN,ASO,ES,Towers with Radar,77,109,125,29,340,0,0,28,38,66,77,109,153,67,406,76,6,82,488
08/12/2000,TYS,TN,ASO,ES,Towers with Radar,43,54,62,2,161,15,0,51,0,66,58,54,113,2,227,62,0,62,289
08/13/2000,TYS,TN,ASO,ES,Towers with Radar,46,61,73,8,188,0,0,84,0,84,46,61,157,8,272,82,0,82,354
08/14/2000,TYS,TN,ASO,ES,Towers with Radar,67,89,97,17,270,8,8,62,0,78,75,97,159,17,348,72,8,80,428
08/15/2000,TYS,TN,ASO,ES,Towers with Radar,68,94,105,24,291,0,13,62,4,79,68,107,167,28,370,166,20,186,556
08/16/2000,TYS,TN,ASO,ES,Towers with Radar,70,94,105,24,293,0,20,80,2,102,70,114,185,26,395,80,28,108,503
08/17/2000,TYS,TN,ASO,ES,Towers with Radar,68,95,106,24,293,0,7,35,18,60,68,102,141,42,353,50,24,74,427
08/18/2000,TYS,TN,ASO,ES,Towers with Radar,72,74,103,16,265,35,0,13,0,48,107,74,116,16,313,44,0,44,357
08/19/2000,TYS,TN,ASO,ES,Towers with Radar,52,34,75,11,172,30,0,56,0,86,82,34,131,11,258,106,2,108,366
08/20/2000,TYS,TN,ASO,ES,Towers with Radar,55,58,78,6,197,2,0,23,0,25,57,58,101,6,222,78,0,78,300
08/21/2000,TYS,TN,ASO,ES,Towers with Radar,59,101,112,19,291,0,17,61,0,78,59,118,173,19,369,126,12,138,507
08/22/2000,TYS,TN,ASO,ES,Towers with Radar,72,103,115,25,315,0,8,49,21,78,72,111,164,46,393,88,28,116,509
08/23/2000,TYS,TN,ASO,ES,Towers with Radar,70,101,112,25,308,0,5,29,13,47,70,106,141,38,355,58,48,106,461
08/24/2000,TYS,TN,ASO,ES,Towers with Radar,81,99,117,26,323,7,0,41,13,61,88,99,158,39,384,36,12,48,432
08/25/2000,TYS,TN,ASO,ES,Towers with Radar,68,108,122,25,323,0,0,52,0,52,68,108,174,25,375,98,20,118,493
08/26/2000,TYS,TN,ASO,ES,Towers with Radar,52,54,74,16,196,16,0,47,1,64,68,54,121,17,260,98,8,106,366
08/27/2000,TYS,TN,ASO,ES,Towers with Radar,46,27,66,8,147,32,0,16,0,48,78,27,82,8,195,26,0,26,221
08/28/2000,TYS,TN,ASO,ES,Towers with Radar,66,99,110,24,299,0,2,36,7,45,66,101,146,31,344,74,6,80,424
08/29/2000,TYS,TN,ASO,ES,Towers with Radar,70,98,110,24,302,0,18,54,2,74,70,116,164,26,376,66,36,102,478
08/30/2000,TYS,TN,ASO,ES,Towers with Radar,81,93,116,26,316,0,0,76,31,107,81,93,192,57,423,86,36,122,545
08/31/2000,TYS,TN,ASO,ES,Towers with Radar,80,88,114,25,307,20,0,55,44,119,100,88,169,69,426,58,44,102,528
09/01/2000,TYS,TN,ASO,ES,Towers with Radar,87,86,121,30,324,2,0,28,24,54,89,86,149,54,378,84,12,96,474
09/02/2000,TYS,TN,ASO,ES,Towers with Radar,48,50,66,5,169,8,0,19,0,27,56,50,85,5,196,110,0,110,306
09/03/2000,TYS,TN,ASO,ES,Towers with Radar,32,51,59,3,145,0,13,21,0,34,32,64,80,3,179,56,0,56,235
09/04/2000,TYS,TN,ASO,ES,Towers with Radar,41,66,80,11,198,0,0,52,0,52,41,66,132,11,250,38,0,38,288
09/05/2000,TYS,TN,ASO,ES,Towers with Radar,63,103,119,29,314,0,19,17,18,54,63,122,136,47,368,56,2,58,426
09/06/2000,TYS,TN,ASO,ES,Towers with Radar,81,107,124,31,343,0,14,48,34,96,81,121,172,65,439,10,38,48,487
09/07/2000,TYS,TN,ASO,ES,Towers with Radar,74,107,125,31,337,0,3,67,6,76,74,110,192,37,413,102,28,130,543
09/08/2000,TYS,TN,ASO,ES,Towers with Radar,68,115,133,33,349,0,1,49,38,88,68,116,182,71,437,51,22,73,510
09/09/2000,TYS,TN,ASO,ES,Towers with Radar,49,51,68,4,172,18,0,39,0,57,67,51,107,4,229,104,0,104,333
09/10/2000,TYS,TN,ASO,ES,Towers with Radar,50,64,74,18,206,0,3,62,2,67,50,67,136,20,273,192,0,192,465
09/11/2000,TYS,TN,ASO,ES,Towers with Radar,77,80,107,26,290,14,0,46,9,69,91,80,153,35,359,58,60,118,477
09/12/2000,TYS,TN,ASO,ES,Towers with Radar,75,90,105,12,282,2,32,44,0,78,77,122,149,12,360,56,4,60,420
09/13/2000,TYS,TN,ASO,ES,Towers with Radar,83,97,115,28,323,7,0,63,5,75,90,97,178,33,398,62,24,86,484
09/14/2000,TYS,TN,ASO,ES,Towers with Radar,76,92,107,19,294,14,2,79,0,95,90,94,186,19,389,90,0,90,479
09/15/2000,TYS,TN,ASO,ES,Towers with Radar,87,91,126,30,334,0,0,94,34,128,87,91,220,64,462,142,4,146,608
09/16/2000,TYS,TN,ASO,ES,Towers with Radar,64,54,94,2,214,0,0,108,0,108,64,54,202,2,322,74,10,84,406
09/17/2000,TYS,TN,ASO,ES,Towers with Radar,69,48,96,23,236,4,0,99,15,118,73,48,195,38,354,144,4,148,502
09/18/2000,TYS,TN,ASO,ES,Towers with Radar,71,83,99,16,269,16,9,65,0,90,87,92,164,16,359,140,32,172,531
09/19/2000,TYS,TN,ASO,ES,Towers with Radar,76,90,106,25,297,10,17,56,20,103,86,107,162,45,400,96,16,112,512
09/20/2000,TYS,TN,ASO,ES,Towers with Radar,76,100,118,28,322,0,8,43,11,62,76,108,161,39,384,70,0,70,454
09/21/2000,TYS,TN,ASO,ES,Towers with Radar,72,100,118,26,316,0,15,49,0,64,72,115,167,26,380,56,6,62,442
09/22/2000,TYS,TN,ASO,ES,Towers with Radar,75,99,117,23,314,0,12,24,0,36,75,111,141,23,350,20,26,46,396
09/23/2000,TYS,TN,ASO,ES,Towers with Radar,53,58,73,17,201,5,0,7,2,14,58,58,80,19,215,14,6,20,235
09/24/2000,TYS,TN,ASO,ES,Towers with Radar,48,39,44,15,146,24,0,0,5,29,72,39,44,20,175,54,0,54,229
09/25/2000,TYS,TN,ASO,ES,Towers with Radar,67,79,84,22,252,28,3,0,20,51,95,82,84,42,303,2,20,22,325
09/26/2000,TYS,TN,ASO,ES,Towers with Radar,82,98,129,31,340,0,0,43,32,75,82,98,172,63,415,108,34,142,557
09/27/2000,TYS,TN,ASO,ES,Towers with Radar,83,98,116,27,324,0,5,68,13,86,83,103,184,40,410,74,4,78,488
09/28/2000,TYS,TN,ASO,ES,Towers with Radar,79,93,110,11,293,1,16,83,0,100,80,109,193,11,393,94,4,98,491
09/29/2000,TYS,TN,ASO,ES,Towers with Radar,78,99,118,28,323,0,9,64,4,77,78,108,182,32,400,226,12,238,638
09/30/2000,TYS,TN,ASO,ES,Towers with Radar,55,55,75,1,186,3,0,66,0,69,58,55,141,1,255,60,0,60,315
10/01/2000,TYS,TN,ASO,ES,Towers with Radar,58,62,88,19,227,0,0,66,0,66,58,62,154,19,293,94,0,94,387
10/02/2000,TYS,TN,ASO,ES,Towers with Radar,56,86,96,25,263,0,27,58,13,98,56,113,154,38,361,80,20,100,461
10/03/2000,TYS,TN,ASO,ES,Towers with Radar,71,90,101,27,289,7,39,71,15,132,78,129,172,42,421,126,62,188,609
10/04/2000,TYS,TN,ASO,ES,Towers with Radar,72,95,106,28,301,0,29,79,9,117,72,124,185,37,418,78,2,80,498
10/05/2000,TYS,TN,ASO,ES,Towers with Radar,74,102,114,19,309,0,22,54,0,76,74,124,168,19,385,88,14,102,487
10/06/2000,TYS,TN,ASO,ES,Towers with Radar,76,103,124,32,335,0,0,16,29,45,76,103,140,61,380,30,32,62,442
10/07/2000,TYS,TN,ASO,ES,Towers with Radar,49,55,70,19,193,13,0,37,1,51,62,55,107,20,244,50,4,54,298
10/08/2000,TYS,TN,ASO,ES,Towers with Radar,48,68,75,20,211,0,5,52,6,63,48,73,127,26,274,69,1,70,344
10/09/2000,TYS,TN,ASO,ES,Towers with Radar,63,51,90,24,228,26,0,56,7,89,89,51,146,31,317,108,12,120,437
10/10/2000,TYS,TN,ASO,ES,Towers with Radar,71,91,101,21,284,11,1,59,0,71,82,92,160,21,355,88,8,96,451
10/11/2000,TYS,TN,ASO,ES,Towers with Radar,77,98,109,29,313,4,2,106,0,112,81,100,215,29,425,90,6,96,521
10/12/2000,TYS,TN,ASO,ES,Towers with Radar,71,116,130,34,351,0,12,76,15,103,71,128,206,49,454,106,34,140,594
10/13/2000,TYS,TN,ASO,ES,Towers with Radar,67,104,117,31,319,0,15,60,6,81,67,119,177,37,400,64,14,78,478
10/14/2000,TYS,TN,ASO,ES,Towers with Radar,50,62,73,8,193,10,0,79,0,89,60,62,152,8,282,70,8,78,360
10/15/2000,TYS,TN,ASO,ES,Towers with Radar,58,48,84,17,207,15,0,54,0,69,73,48,138,17,276,138,4,142,418
10/16/2000,TYS,TN,ASO,ES,Towers with Radar,75,94,107,25,301,1,5,74,0,80,76,99,181,25,381,66,6,72,453
10/17/2000,TYS,TN,ASO,ES,Towers with Radar,74,92,105,27,298,2,20,78,17,117,76,112,183,44,415,38,6,44,459
10/18/2000,TYS,TN,ASO,ES,Towers with Radar,86,96,125,32,339,0,0,55,44,99,86,96,180,76,438,30,42,72,510
10/19/2000,TYS,TN,ASO,ES,Towers with Radar,73,90,103,26,292,11,10,71,15,107,84,100,174,41,399,70,40,110,509
10/20/2000,TYS,TN,ASO,ES,Towers with Radar,76,111,130,33,350,0,0,71,15,86,76,111,201,48,436,26,8,34,470
10/21/2000,TYS,TN,ASO,ES,Towers with Radar,61,65,112,15,253,0,0,44,0,44,61,65,156,15,297,52,4,56,353
10/22/2000,TYS,TN,ASO,ES,Towers with Radar,67,41,98,25,231,0,0,25,1,26,67,41,123,26,257,68,4,72,329
10/23/2000,TYS,TN,ASO,ES,Towers with Radar,82,87,116,29,314,3,0,10,29,42,85,87,126,58,356,54,40,94,450
10/24/2000,TYS,TN,ASO,ES,Towers with Radar,76,95,108,27,306,10,9,34,19,72,86,104,142,46,378,36,32,68,446
10/25/2000,TYS,TN,ASO,ES,Towers with Radar,69,103,118,30,320,0,13,64,29,106,69,116,182,59,426,118,32,150,576
10/26/2000,TYS,TN,ASO,ES,Towers with Radar,62,103,117,30,312,0,19,50,16,85,62,122,167,46,397,84,10,94,491
10/27/2000,TYS,TN,ASO,ES,Towers with Radar,62,106,121,31,320,0,5,21,41,67,62,111,142,72,387,50,20,70,457
10/28/2000,TYS,TN,ASO,ES,Towers with Radar,50,47,71,18,186,27,0,34,14,75,77,47,105,32,261,60,6,66,327
10/29/2000,TYS,TN,ASO,ES,Towers with Radar,54,53,79,20,206,0,0,62,14,76,54,53,141,34,282,96,10,106,388
10/30/2000,TYS,TN,ASO,ES,Towers with Radar,62,77,88,22,249,13,17,63,3,96,75,94,151,25,345,150,0,150,495
10/31/2000,TYS,TN,ASO,ES,Towers with Radar,68,86,96,24,274,19,22,35,44,120,87,108,131,68,394,108,50,158,552
11/01/2000,TYS,TN,ASO,ES,Towers with Radar,72,105,106,25,308,0,37,68,23,128,72,142,174,48,436,104,8,112,548
11/02/2000,TYS,TN,ASO,ES,Towers with Radar,63,111,112,27,313,0,41,75,33,149,63,152,187,60,462,96,0,96,558
11/03/2000,TYS,TN,ASO,ES,Towers with Radar,77,119,126,30,352,0,0,19,39,58,77,119,145,69,410,6,12,18,428
11/04/2000,TYS,TN,ASO,ES,Towers with Radar,60,67,80,20,227,7,0,0,3,10,67,67,80,23,237,2,30,32,269
11/05/2000,TYS,TN,ASO,ES,Towers with Radar,57,63,83,20,223,0,0,77,26,103,57,63,160,46,326,90,0,90,416
11/06/2000,TYS,TN,ASO,ES,Towers with Radar,66,98,98,23,285,0,19,39,16,74,66,117,137,39,359,72,40,112,471
11/07/2000,TYS,TN,ASO,ES,Towers with Radar,68,112,113,27,320,0,11,11,11,33,68,123,124,38,353,12,6,18,371
11/08/2000,TYS,TN,ASO,ES,Towers with Radar,65,102,102,12,281,0,29,30,0,59,65,131,132,12,340,22,4,26,366
11/09/2000,TYS,TN,ASO,ES,Towers with Radar,64,89,90,21,264,0,26,8,10,44,64,115,98,31,308,14,12,26,334
11/10/2000,TYS,TN,ASO,ES,Towers with Radar,89,103,122,16,330,12,0,19,0,31,101,103,141,16,361,102,0,102,463
11/11/2000,TYS,TN,ASO,ES,Towers with Radar,63,44,88,21,216,19,0,108,3,130,82,44,196,24,346,70,0,70,416
11/12/2000,TYS,TN,ASO,ES,Towers with Radar,59,63,81,19,222,1,0,79,9,89,60,63,160,28,311,100,0,100,411
11/13/2000,TYS,TN,ASO,ES,Towers with Radar,73,101,101,15,290,17,1,36,0,54,90,102,137,15,344,8,34,42,386
11/14/2000,TYS,TN,ASO,ES,Towers with Radar,81,111,115,27,334,0,0,63,48,111,81,111,178,75,445,68,8,76,521
11/15/2000,TYS,TN,ASO,ES,Towers with Radar,67,129,131,30,357,0,10,95,24,129,67,139,226,54,486,64,24,88,574
11/16/2000,TYS,TN,ASO,ES,Towers with Radar,81,110,113,21,325,0,12,19,0,31,81,122,132,21,356,52,0,52,408
11/17/2000,TYS,TN,ASO,ES,Towers with Radar,82,113,118,27,340,0,0,37,36,73,82,113,155,63,413,36,28,64,477
11/18/2000,TYS,TN,ASO,ES,Towers with Radar,58,79,83,19,239,0,0,69,3,72,58,79,152,22,311,48,12,60,371
11/19/2000,TYS,TN,ASO,ES,Towers with Radar,44,58,60,11,173,4,13,11,0,28,48,71,71,11,201,28,0,28,229
11/20/2000,TYS,TN,ASO,ES,Towers with Radar,73,94,101,23,291,8,0,35,29,72,81,94,136,52,363,44,14,58,421
11/21/2000,TYS,TN,ASO,ES,Towers with Radar,67,121,124,28,340,0,4,77,20,101,67,125,201,48,441,70,12,82,523
11/22/2000,TYS,TN,ASO,ES,Towers with Radar,90,121,127,29,367,0,0,58,4,62,90,121,185,33,429,46,12,58,487
11/23/2000,TYS,TN,ASO,ES,Towers with Radar,34,36,47,1,118,32,0,16,0,48,66,36,63,1,166,54,0,54,220
11/24/2000,TYS,TN,ASO,ES,Towers with Radar,49,65,67,0,181,8,1,34,0,43,57,66,101,0,224,44,0,44,268
11/25/2000,TYS,TN,ASO,ES,Towers with Radar,45,60,62,0,167,4,9,31,0,44,49,69,93,0,211,44,0,44,255
11/26/2000,TYS,TN,ASO,ES,Towers with Radar,51,78,102,0,231,0,0,22,0,22,51,78,124,0,253,16,0,16,269
11/27/2000,TYS,TN,ASO,ES,Towers with Radar,77,95,106,16,294,10,0,77,0,87,87,95,183,16,381,68,4,72,453
11/28/2000,TYS,TN,ASO,ES,Towers with Radar,82,110,113,26,331,2,4,79,17,102,84,114,192,43,433,96,16,112,545
11/29/2000,TYS,TN,ASO,ES,Towers with Radar,72,95,99,22,288,17,0,34,12,63,89,95,133,34,351,52,10,62,413
11/30/2000,TYS,TN,ASO,ES,Towers with Radar,76,103,103,24,306,11,4,38,22,75,87,107,141,46,381,104,8,112,493
12/01/2000,TYS,TN,ASO,ES,Towers with Radar,66,122,98,25,311,0,0,108,38,146,66,122,206,63,457,28,24,52,509
12/02/2000,TYS,TN,ASO,ES,Towers with Radar,44,62,47,12,165,10,13,23,3,49,54,75,70,15,214,104,10,114,328
12/03/2000,TYS,TN,ASO,ES,Towers with Radar,42,49,43,5,139,23,0,0,0,23,65,49,43,5,162,0,0,0,162
12/04/2000,TYS,TN,ASO,ES,Towers with Radar,77,93,82,21,273,2,0,21,25,48,79,93,103,46,321,70,44,114,435
12/05/2000,TYS,TN,ASO,ES,Towers with Radar,91,110,97,24,322,0,0,77,11,88,91,110,174,35,410,106,4,110,520
12/06/2000,TYS,TN,ASO,ES,Towers with Radar,74,78,78,20,250,26,0,51,9,86,100,78,129,29,336,100,10,110,446
12/07/2000,TYS,TN,ASO,ES,Towers with Radar,86,112,91,23,312,6,0,88,1,95,92,112,179,24,407,130,0,130,537
12/08/2000,TYS,TN,ASO,ES,Towers with Radar,67,109,83,21,280,0,13,66,11,90,67,122,149,32,370,44,0,44,414
12/09/2000,TYS,TN,ASO,ES,Towers with Radar,51,72,55,12,190,6,1,82,0,89,57,73,137,12,279,180,8,188,467
12/10/2000,TYS,TN,ASO,ES,Towers with Radar,61,52,64,2,179,3,0,47,0,50,64,52,111,2,229,122,0,122,351
12/11/2000,TYS,TN,ASO,ES,Towers with Radar,63,103,79,20,265,0,1,13,21,35,63,104,92,41,300,46,26,72,372
12/12/2000,TYS,TN,ASO,ES,Towers with Radar,77,120,92,23,312,0,13,52,11,76,77,133,144,34,388,32,18,50,438
12/13/2000,TYS,TN,ASO,ES,Towers with Radar,49,88,68,17,222,0,19,14,15,48,49,107,82,32,270,22,14,36,306
12/14/2000,TYS,TN,ASO,ES,Towers with Radar,64,52,111,2,229,0,0,0,0,0,64,52,111,2,229,14,29,43,272
12/15/2000,TYS,TN,ASO,ES,Towers with Radar,70,124,96,23,313,0,2,34,44,80,70,126,130,67,393,82,18,100,493
12/16/2000,TYS,TN,ASO,ES,Towers with Radar,39,53,42,8,142,14,11,0,0,25,53,64,42,8,167,10,28,38,205
12/17/2000,TYS,TN,ASO,ES,Towers with Radar,39,44,41,9,133,22,0,1,14,37,61,44,42,23,170,14,18,32,202
12/18/2000,TYS,TN,ASO,ES,Towers with Radar,70,107,87,21,285,0,0,34,22,56,70,107,121,43,341,62,36,98,439
12/19/2000,TYS,TN,ASO,ES,Towers with Radar,64,86,56,16,222,29,4,0,9,42,93,90,56,25,264,4,16,20,284
12/20/2000,TYS,TN,ASO,ES,Towers with Radar,89,102,94,22,307,6,0,78,0,84,95,102,172,22,391,36,0,36,427
12/21/2000,TYS,TN,ASO,ES,Towers with Radar,61,92,72,9,234,0,33,17,0,50,61,125,89,9,284,0,0,0,284
12/22/2000,TYS,TN,ASO,ES,Towers with Radar,71,96,75,2,244,8,25,55,0,88,79,121,130,2,332,70,0,70,402
12/23/2000,TYS,TN,ASO,ES,Towers with Radar,47,63,49,4,163,14,3,48,0,65,61,66,97,4,228,68,10,78,306
12/24/2000,TYS,TN,ASO,ES,Towers with Radar,30,40,32,0,102,12,18,0,0,30,42,58,32,0,132,18,0,18,150
12/25/2000,TYS,TN,ASO,ES,Towers with Radar,31,42,29,0,102,7,23,0,0,30,38,65,29,0,132,2,0,2,134
12/26/2000,TYS,TN,ASO,ES,Towers with Radar,49,84,66,0,199,0,26,15,0,41,49,110,81,0,240,84,0,84,324
12/27/2000,TYS,TN,ASO,ES,Towers with Radar,55,75,59,5,194,4,43,3,0,50,59,118,62,5,244,16,6,22,266
12/28/2000,TYS,TN,ASO,ES,Towers with Radar,57,92,72,17,238,0,19,35,17,71,57,111,107,34,309,60,52,112,421
12/29/2000,TYS,TN,ASO,ES,Towers with Radar,59,82,62,9,212,6,23,24,0,53,65,105,86,9,265,46,0,46,311
12/30/2000,TYS,TN,ASO,ES,Towers with Radar,38,52,18,0,108,25,8,0,0,33,63,60,18,0,141,40,0,40,181
12/31/2000,TYS,TN,ASO,ES,Towers with Radar,37,55,42,0,134,0,5,11,0,16,37,60,53,0,150,18,0,18,168
01/01/2001,TYS,TN,ASO,ES,Towers with Radar,30,48,24,0,102,5,20,0,0,25,35,68,24,0,127,6,0,6,133
01/02/2001,TYS,TN,ASO,ES,Towers with Radar,71,97,90,13,271,0,0,64,0,64,71,97,154,13,335,40,2,42,377
01/03/2001,TYS,TN,ASO,ES,Towers with Radar,58,117,89,23,287,0,7,62,9,78,58,124,151,32,365,26,18,44,409
01/04/2001,TYS,TN,ASO,ES,Towers with Radar,73,109,91,24,297,8,0,58,18,84,81,109,149,42,381,162,28,190,571
01/05/2001,TYS,TN,ASO,ES,Towers with Radar,65,107,81,21,274,1,2,75,3,81,66,109,156,24,355,64,16,80,435
01/06/2001,TYS,TN,ASO,ES,Towers with Radar,45,73,57,12,187,7,0,82,0,89,52,73,139,12,276,138,24,162,438
01/07/2001,TYS,TN,ASO,ES,Towers with Radar,48,59,61,16,184,19,0,50,0,69,67,59,111,16,253,90,0,90,343
01/08/2001,TYS,TN,ASO,ES,Towers with Radar,57,87,69,7,220,28,0,0,0,28,85,87,69,7,248,16,0,16,264
01/09/2001,TYS,TN,ASO,ES,Towers with Radar,72,125,98,25,320,0,0,48,17,65,72,125,146,42,385,44,18,62,447
01/10/2001,TYS,TN,ASO,ES,Towers with Radar,86,116,107,28,337,2,0,90,25,117,88,116,197,53,454,92,22,114,568
01/11/2001,TYS,TN,ASO,ES,Towers with Radar,76,110,93,24,303,5,0,47,15,67,81,110,140,39,370,82,14,96,466
01/12/2001,TYS,TN,ASO,ES,Towers with Radar,68,128,57,12,265,0,2,2,0,4,68,130,59,12,269,0,0,0,269
01/13/2001,TYS,TN,ASO,ES,Towers with Radar,44,58,35,5,142,3,0,0,0,3,47,58,35,5,145,0,0,0,145
01/14/2001,TYS,TN,ASO,ES,Towers with Radar,45,65,46,4,160,0,2,0,0,2,45,67,46,4,162,8,0,8,170
01/15/2001,TYS,TN,ASO,ES,Towers with Radar,55,88,77,17,237,0,0,55,0,55,55,88,132,17,292,38,0,38,330
01/16/2001,TYS,TN,ASO,ES,Towers with Radar,69,120,92,23,304,0,0,61,0,61,69,120,153,23,365,58,12,70,435
01/17/2001,TYS,TN,ASO,ES,Towers with Radar,76,110,93,23,302,12,0,9,19,40,88,110,102,42,342,28,16,44,386
01/18/2001,TYS,TN,ASO,ES,Towers with Radar,61,129,78,29,297,0,2,0,0,2,61,131,78,29,299,0,2,2,301
01/19/2001,TYS,TN,ASO,ES,Towers with Radar,57,90,70,2,219,4,16,5,0,25,61,106,75,2,244,10,0,10,254
01/20/2001,TYS,TN,ASO,ES,Towers with Radar,33,51,33,10,127,21,16,0,8,45,54,67,33,18,172,2,34,36,208
01/21/2001,TYS,TN,ASO,ES,Towers with Radar,45,67,55,14,181,6,0,46,20,72,51,67,101,34,253,48,14,62,315
01/22/2001,TYS,TN,ASO,ES,Towers with Radar,53,112,85,22,272,0,20,58,19,97,53,132,143,41,369,20,32,52,421
01/23/2001,TYS,TN,ASO,ES,Towers with Radar,60,124,94,24,302,0,13,82,20,115,60,137,176,44,417,58,68,126,543
01/24/2001,TYS,TN,ASO,ES,Towers with Radar,67,114,86,23,290,0,7,53,4,64,67,121,139,27,354,64,14,78,432
01/25/2001,TYS,TN,ASO,ES,Towers with Radar,66,130,98,26,320,0,0,61,20,81,66,130,159,46,401,82,30,112,513
01/26/2001,TYS,TN,ASO,ES,Towers with Radar,65,109,83,22,279,0,10,8,19,37,65,119,91,41,316,91,44,135,451
01/27/2001,TYS,TN,ASO,ES,Towers with Radar,46,72,56,8,182,4,4,50,0,58,50,76,106,8,240,68,0,68,308
01/28/2001,TYS,TN,ASO,ES,Towers with Radar,46,80,61,12,199,0,3,26,0,29,46,83,87,12,228,82,0,82,310
01/29/2001,TYS,TN,ASO,ES,Towers with Radar,59,99,75,4,237,0,24,37,0,61,59,123,112,4,298,26,0,26,324
01/30/2001,TYS,TN,ASO,ES,Towers with Radar,63,121,92,24,300,0,4,22,14,40,63,125,114,38,340,22,18,40,380
01/31/2001,TYS,TN,ASO,ES,Towers with Radar,63,121,92,24,300,0,23,37,26,86,63,144,129,50,386,54,20,74,460
02/01/2001,TYS,TN,ASO,ES,Towers with Radar,58,118,97,30,303,0,4,56,22,82,58,122,153,52,385,62,40,102,487
02/02/2001,TYS,TN,ASO,ES,Towers with Radar,61,99,90,27,277,16,0,42,27,85,77,99,132,54,362,84,50,134,496
02/03/2001,TYS,TN,ASO,ES,Towers with Radar,44,72,66,21,203,8,0,94,9,111,52,72,160,30,314,50,0,50,364
02/04/2001,TYS,TN,ASO,ES,Towers with Radar,40,71,60,18,189,6,0,47,4,57,46,71,107,22,246,136,0,136,382
02/05/2001,TYS,TN,ASO,ES,Towers with Radar,48,94,78,24,244,0,9,29,16,54,48,103,107,40,298,110,36,146,444
02/06/2001,TYS,TN,ASO,ES,Towers with Radar,61,110,92,28,291,1,3,54,29,87,62,113,146,57,378,126,12,138,516
02/07/2001,TYS,TN,ASO,ES,Towers with Radar,58,123,103,31,315,0,1,77,62,140,58,124,180,93,455,94,38,132,587
02/08/2001,TYS,TN,ASO,ES,Towers with Radar,55,127,111,33,326,0,0,92,52,144,55,127,203,85,470,86,32,118,588
02/09/2001,TYS,TN,ASO,ES,Towers with Radar,55,99,82,25,261,2,11,16,3,32,57,110,98,28,293,28,36,64,357
02/10/2001,TYS,TN,ASO,ES,Towers with Radar,43,75,64,3,185,7,0,27,0,34,50,75,91,3,219,86,0,86,305
02/11/2001,TYS,TN,ASO,ES,Towers with Radar,38,69,58,2,167,6,2,37,0,45,44,71,95,2,212,134,0,134,346
02/12/2001,TYS,TN,ASO,ES,Towers with Radar,51,96,69,24,240,0,22,0,0,22,51,118,69,24,262,8,22,30,292
02/13/2001,TYS,TN,ASO,ES,Towers with Radar,60,112,94,22,288,0,10,0,0,10,60,122,94,22,298,2,0,2,300
02/14/2001,TYS,TN,ASO,ES,Towers with Radar,57,99,66,25,247,2,25,0,1,28,59,124,66,26,275,2,0,2,277
02/15/2001,TYS,TN,ASO,ES,Towers with Radar,66,83,97,29,275,1,0,13,14,28,67,83,110,43,303,12,11,23,326
02/16/2001,TYS,TN,ASO,ES,Towers with Radar,53,108,62,25,248,0,2,3,0,5,53,110,65,25,253,2,0,2,255
02/17/2001,TYS,TN,ASO,ES,Towers with Radar,44,71,64,6,185,14,0,33,0,47,58,71,97,6,232,108,0,108,340
02/18/2001,TYS,TN,ASO,ES,Towers with Radar,45,79,67,7,198,0,0,76,0,76,45,79,143,7,274,88,0,88,362
02/19/2001,TYS,TN,ASO,ES,Towers with Radar,51,81,76,4,212,2,0,97,0,99,53,81,173,4,311,146,0,146,457
02/20/2001,TYS,TN,ASO,ES,Towers with Radar,65,124,111,32,332,0,0,72,24,96,65,124,183,56,428,76,14,90,518
02/21/2001,TYS,TN,ASO,ES,Towers with Radar,67,117,99,18,301,0,0,50,0,50,67,117,149,18,351,28,16,44,395
02/22/2001,TYS,TN,ASO,ES,Towers with Radar,59,113,92,16,280,0,2,0,0,2,59,115,92,16,282,0,2,2,284
02/23/2001,TYS,TN,ASO,ES,Towers with Radar,65,116,121,35,337,0,0,52,38,90,65,116,173,73,427,68,18,86,513
02/24/2001,TYS,TN,ASO,ES,Towers with Radar,34,59,50,14,157,6,18,48,24,96,40,77,98,38,253,26,4,30,283
02/25/2001,TYS,TN,ASO,ES,Towers with Radar,40,69,57,17,183,11,0,10,16,37,51,69,67,33,220,44,0,44,264
02/26/2001,TYS,TN,ASO,ES,Towers with Radar,57,110,98,29,294,0,0,103,12,115,57,110,201,41,409,126,2,128,537
02/27/2001,TYS,TN,ASO,ES,Towers with Radar,62,119,98,29,308,0,8,83,11,102,62,127,181,40,410,80,0,80,490
02/28/2001,TYS,TN,ASO,ES,Towers with Radar,62,111,91,27,291,8,17,7,14,46,70,128,98,41,337,78,8,86,423
03/01/2001,TYS,TN,ASO,ES,Towers with Radar,62,117,113,34,326,0,0,75,24,99,62,117,188,58,425,104,84,188,613
03/02/2001,TYS,TN,ASO,ES,Towers with Radar,63,119,111,33,326,0,0,39,12,51,63,119,150,45,377,34,56,90,467
03/03/2001,TYS,TN,ASO,ES,Towers with Radar,43,69,74,22,208,9,0,12,19,40,52,69,86,41,248,112,20,132,380
03/04/2001,TYS,TN,ASO,ES,Towers with Radar,32,60,49,13,154,13,8,0,0,21,45,68,49,13,175,2,0,2,177
03/05/2001,TYS,TN,ASO,ES,Towers with Radar,45,83,77,10,215,5,30,18,0,53,50,113,95,10,268,28,0,28,296
03/06/2001,TYS,TN,ASO,ES,Towers with Radar,51,96,86,26,259,15,19,26,1,61,66,115,112,27,320,31,8,39,359
03/07/2001,TYS,TN,ASO,ES,Towers with Radar,58,130,121,37,346,0,0,54,18,72,58,130,175,55,418,104,40,144,562
03/08/2001,TYS,TN,ASO,ES,Towers with Radar,58,122,111,34,325,0,0,82,6,88,58,122,193,40,413,96,8,104,517
03/09/2001,TYS,TN,ASO,ES,Towers with Radar,64,115,109,33,321,3,0,58,13,74,67,115,167,46,395,60,4,64,459
03/10/2001,TYS,TN,ASO,ES,Towers with Radar,44,63,74,13,194,3,0,90,0,93,47,63,164,13,287,148,0,148,435
03/11/2001,TYS,TN,ASO,ES,Towers with Radar,41,69,80,5,195,0,0,99,0,99,41,69,179,5,294,90,0,90,384
03/12/2001,TYS,TN,ASO,ES,Towers with Radar,48,92,75,25,240,0,22,0,7,29,48,114,75,32,269,0,10,10,279
03/13/2001,TYS,TN,ASO,ES,Towers with Radar,54,103,93,28,278,12,13,10,2,37,66,116,103,30,315,6,4,10,325
03/14/2001,TYS,TN,ASO,ES,Towers with Radar,64,126,132,40,362,0,0,102,39,141,64,126,234,79,503,62,36,98,601
03/15/2001,TYS,TN,ASO,ES,Towers with Radar,63,118,107,20,308,1,3,43,0,47,64,121,150,20,355,28,8,36,391
03/16/2001,TYS,TN,ASO,ES,Towers with Radar,57,120,109,33,319,0,15,34,21,70,57,135,143,54,389,70,42,112,501
03/17/2001,TYS,TN,ASO,ES,Towers with Radar,48,71,82,19,220,4,0,68,0,72,52,71,150,19,292,178,12,190,482
03/18/2001,TYS,TN,ASO,ES,Towers with Radar,37,70,63,11,181,8,6,49,0,63,45,76,112,11,244,72,0,72,316
03/19/2001,TYS,TN,ASO,ES,Towers with Radar,53,105,95,28,281,0,12,65,2,79,53,117,160,30,360,46,8,54,414
03/20/2001,TYS,TN,ASO,ES,Towers with Radar,43,82,55,11,191,17,39,0,0,56,60,121,55,11,247,6,0,6,253
03/21/2001,TYS,TN,ASO,ES,Towers with Radar,59,116,95,31,301,0,26,0,20,46,59,142,95,51,347,26,14,40,387
03/22/2001,TYS,TN,ASO,ES,Towers with Radar,58,121,110,32,321,0,11,35,26,72,58,132,145,58,393,126,12,138,531
03/23/2001,TYS,TN,ASO,ES,Towers with Radar,59,113,107,31,310,0,0,55,26,81,59,113,162,57,391,114,34,148,539
03/24/2001,TYS,TN,ASO,ES,Towers with Radar,40,64,68,6,178,6,0,51,0,57,46,64,119,6,235,92,0,92,327
03/25/2001,TYS,TN,ASO,ES,Towers with Radar,45,61,89,26,221,0,0,56,12,68,45,61,145,38,289,78,0,78,367
03/26/2001,TYS,TN,ASO,ES,Towers with Radar,52,96,89,26,263,0,7,23,9,39,52,103,112,35,302,74,14,88,390
03/27/2001,TYS,TN,ASO,ES,Towers with Radar,59,116,108,31,314,0,0,47,17,64,59,116,155,48,378,74,42,116,494
03/28/2001,TYS,TN,ASO,ES,Towers with Radar,59,130,119,35,343,0,1,59,21,81,59,131,178,56,424,162,40,202,626
03/29/2001,TYS,TN,ASO,ES,Towers with Radar,67,124,98,33,322,1,5,0,32,38,68,129,98,65,360,6,0,6,366
03/30/2001,TYS,TN,ASO,ES,Towers with Radar,68,112,115,28,323,0,0,10,0,10,68,112,125,28,333,76,0,76,409
03/31/2001,TYS,TN,ASO,ES,Towers with Radar,48,56,81,9,194,2,0,15,0,17,50,56,96,9,211,104,0,104,315
04/01/2001,TYS,TN,ASO,ES,Towers with Radar,30,49,57,6,142,14,13,10,0,37,44,62,67,6,179,30,8,38,217
04/02/2001,TYS,TN,ASO,ES,Towers with Radar,53,89,103,10,255,0,16,55,0,71,53,105,158,10,326,208,6,214,540
04/03/2001,TYS,TN,ASO,ES,Towers with Radar,51,82,92,19,244,10,28,0,0,38,61,110,92,19,282,4,4,8,290
04/04/2001,TYS,TN,ASO,ES,Towers with Radar,61,103,121,33,318,0,0,48,2,50,61,103,169,35,368,68,8,76,444
04/05/2001,TYS,TN,ASO,ES,Towers with Radar,57,107,145,40,349,0,0,50,9,59,57,107,195,49,408,82,8,90,498
04/06/2001,TYS,TN,ASO,ES,Towers with Radar,62,99,116,32,309,0,0,57,15,72,62,99,173,47,381,88,22,110,491
04/07/2001,TYS,TN,ASO,ES,Towers with Radar,46,52,88,24,210,0,0,71,11,82,46,52,159,35,292,56,20,76,368
04/08/2001,TYS,TN,ASO,ES,Towers with Radar,45,63,83,23,214,0,0,63,22,85,45,63,146,45,299,60,16,76,375
04/09/2001,TYS,TN,ASO,ES,Towers with Radar,51,83,94,25,253,2,5,48,0,55,53,88,142,25,308,124,10,134,442
04/10/2001,TYS,TN,ASO,ES,Towers with Radar,62,101,114,32,309,5,4,60,3,72,67,105,174,35,381,44,14,58,439
04/11/2001,TYS,TN,ASO,ES,Towers with Radar,59,102,115,32,308,0,1,66,14,81,59,103,181,46,389,58,10,68,457
04/12/2001,TYS,TN,ASO,ES,Towers with Radar,69,79,127,35,310,10,0,30,1,41,79,79,157,36,351,40,3,43,394
04/13/2001,TYS,TN,ASO,ES,Towers with Radar,59,95,111,24,289,0,0,16,0,16,59,95,127,24,305,46,0,46,351
04/14/2001,TYS,TN,ASO,ES,Towers with Radar,42,55,78,10,185,0,0,82,0,82,42,55,160,10,267,86,0,86,353
04/15/2001,TYS,TN,ASO,ES,Towers with Radar,30,49,45,15,139,7,6,0,0,13,37,55,45,15,152,36,0,36,188
04/16/2001,TYS,TN,ASO,ES,Towers with Radar,57,91,104,28,280,3,23,55,1,82,60,114,159,29,362,20,0,20,382
04/17/2001,TYS,TN,ASO,ES,Towers with Radar,54,85,97,26,262,7,24,0,20,51,61,109,97,46,313,12,6,18,331
04/18/2001,TYS,TN,ASO,ES,Towers with Radar,58,118,135,36,347,0,2,75,41,118,58,120,210,77,465,100,12,112,577
04/19/2001,TYS,TN,ASO,ES,Towers with Radar,61,100,114,31,306,0,11,75,13,99,61,111,189,44,405,154,28,182,587
04/20/2001,TYS,TN,ASO,ES,Towers with Radar,55,94,118,32,299,0,0,19,57,76,55,94,137,89,375,168,89,257,632
04/21/2001,TYS,TN,ASO,ES,Towers with Radar,41,59,74,20,194,9,0,48,17,74,50,59,122,37,268,98,4,102,370
04/22/2001,TYS,TN,ASO,ES,Towers with Radar,45,58,82,22,207,3,0,72,23,98,48,58,154,45,305,114,22,136,441
04/23/2001,TYS,TN,ASO,ES,Towers with Radar,57,90,105,28,280,17,22,53,4,96,74,112,158,32,376,74,30,104,480
04/24/2001,TYS,TN,ASO,ES,Towers with Radar,59,104,121,32,316,0,8,29,4,41,59,112,150,36,357,48,10,58,415
04/25/2001,TYS,TN,ASO,ES,Towers with Radar,59,106,123,33,321,0,1,70,32,103,59,107,193,65,424,118,16,134,558
04/26/2001,TYS,TN,ASO,ES,Towers with Radar,58,106,133,36,333,0,0,80,37,117,58,106,213,73,450,110,32,142,592
04/27/2001,TYS,TN,ASO,ES,Towers with Radar,54,103,119,32,308,0,5,84,7,96,54,108,203,39,404,142,8,150,554
04/28/2001,TYS,TN,ASO,ES,Towers with Radar,36,52,66,1,155,14,0,159,0,173,50,52,225,1,328,206,0,206,534
04/29/2001,TYS,TN,ASO,ES,Towers with Radar,36,55,65,17,173,6,0,60,7,73,42,55,125,24,246,182,0,182,428
04/30/2001,TYS,TN,ASO,ES,Towers with Radar,51,85,98,12,246,0,20,50,0,70,51,105,148,12,316,60,4,64,380
05/01/2001,TYS,TN,ASO,ES,Towers with Radar,56,102,105,28,291,0,10,70,8,88,56,112,175,36,379,140,20,160,539
05/02/2001,TYS,TN,ASO,ES,Towers with Radar,55,110,114,30,309,0,9,45,20,74,55,119,159,50,383,66,42,108,491
05/03/2001,TYS,TN,ASO,ES,Towers with Radar,57,110,127,34,328,0,0,58,33,91,57,110,185,67,419,132,16,148,567
05/04/2001,TYS,TN,ASO,ES,Towers with Radar,56,109,114,31,310,0,0,86,25,111,56,109,200,56,421,133,10,143,564
05/05/2001,TYS,TN,ASO,ES,Towers with Radar,36,54,69,19,178,8,0,60,29,97,44,54,129,48,275,118,28,146,421
05/06/2001,TYS,TN,ASO,ES,Towers with Radar,41,68,78,21,208,0,0,48,9,57,41,68,126,30,265,90,26,116,381
05/07/2001,TYS,TN,ASO,ES,Towers with Radar,47,101,104,28,280,0,16,9,2,27,47,117,113,30,307,28,8,36,343
05/08/2001,TYS,TN,ASO,ES,Towers with Radar,57,111,105,31,304,0,7,0,13,20,57,118,105,44,324,62,6,68,392
05/09/2001,TYS,TN,ASO,ES,Towers with Radar,54,111,125,34,324,0,0,9,36,45,54,111,134,70,369,40,22,62,431
05/10/2001,TYS,TN,ASO,ES,Towers with Radar,56,117,123,33,329,0,0,59,6,65,56,117,182,39,394,109,26,135,529
05/11/2001,TYS,TN,ASO,ES,Towers with Radar,61,111,118,31,321,0,0,33,15,48,61,111,151,46,369,126,20,146,515
05/12/2001,TYS,TN,ASO,ES,Towers with Radar,37,55,71,7,170,10,0,22,0,32,47,55,93,7,202,72,0,72,274
05/13/2001,TYS,TN,ASO,ES,Towers with Radar,31,57,59,13,160,10,6,44,0,60,41,63,103,13,220,98,0,98,318
05/14/2001,TYS,TN,ASO,ES,Towers with Radar,44,81,85,15,225,2,21,88,0,111,46,102,173,15,336,126,0,126,462
05/15/2001,TYS,TN,ASO,ES,Towers with Radar,53,101,106,27,287,0,18,72,5,95,53,119,178,32,382,76,36,112,494
05/16/2001,TYS,TN,ASO,ES,Towers with Radar,56,104,109,28,297,0,7,68,6,81,56,111,177,34,378,70,22,92,470
05/17/2001,TYS,TN,ASO,ES,Towers with Radar,57,113,125,32,327,0,0,73,21,94,57,113,198,53,421,42,52,94,515
05/18/2001,TYS,TN,ASO,ES,Towers with Radar,58,103,109,28,298,0,7,27,17,51,58,110,136,45,349,82,4,86,435
05/19/2001,TYS,TN,ASO,ES,Towers with Radar,28,49,52,8,137,18,1,19,0,38,46,50,71,8,175,58,6,64,239
05/20/2001,TYS,TN,ASO,ES,Towers with Radar,39,55,73,18,185,4,0,30,0,34,43,55,103,18,219,122,4,126,345
05/21/2001,TYS,TN,ASO,ES,Towers with Radar,44,79,81,12,216,7,15,0,0,22,51,94,81,12,238,12,0,12,250
05/22/2001,TYS,TN,ASO,ES,Towers with Radar,56,101,106,27,290,4,5,28,10,47,60,106,134,37,337,28,16,44,381
05/23/2001,TYS,TN,ASO,ES,Towers with Radar,59,113,132,35,339,0,0,89,16,105,59,113,221,51,444,94,35,129,573
05/24/2001,TYS,TN,ASO,ES,Towers with Radar,55,103,109,26,293,0,15,2,0,17,55,118,111,26,310,14,4,18,328
05/25/2001,TYS,TN,ASO,ES,Towers with Radar,53,97,118,31,299,0,0,44,27,71,53,97,162,58,370,76,6,82,452
05/26/2001,TYS,TN,ASO,ES,Towers with Radar,31,51,57,9,148,13,0,37,0,50,44,51,94,9,198,80,0,80,278
05/27/2001,TYS,TN,ASO,ES,Towers with Radar,30,54,55,5,144,6,0,37,0,43,36,54,92,5,187,62,0,62,249
05/28/2001,TYS,TN,ASO,ES,Towers with Radar,38,67,61,8,174,4,0,0,0,4,42,67,61,8,178,2,0,2,180
05/29/2001,TYS,TN,ASO,ES,Towers with Radar,47,105,108,28,288,0,3,68,17,88,47,108,176,45,376,128,16,144,520
05/30/2001,TYS,TN,ASO,ES,Towers with Radar,56,102,105,27,290,2,8,59,3,72,58,110,164,30,362,160,10,170,532
05/31/2001,TYS,TN,ASO,ES,Towers with Radar,53,95,98,17,263,11,14,47,0,72,64,109,145,17,335,72,32,104,439
06/01/2001,TYS,TN,ASO,ES,Towers with Radar,49,86,72,26,233,11,18,0,3,32,60,104,72,29,265,20,32,52,317
06/02/2001,TYS,TN,ASO,ES,Towers with Radar,36,50,65,19,170,18,0,38,18,74,54,50,103,37,244,114,16,130,374
06/03/2001,TYS,TN,ASO,ES,Towers with Radar,40,59,71,21,191,12,0,62,2,76,52,59,133,23,267,114,0,114,381
06/04/2001,TYS,TN,ASO,ES,Towers with Radar,47,83,84,25,239,0,7,21,16,44,47,90,105,41,283,114,30,144,427
06/05/2001,TYS,TN,ASO,ES,Towers with Radar,58,102,104,30,294,6,12,68,2,88,64,114,172,32,382,98,2,100,482
06/06/2001,TYS,TN,ASO,ES,Towers with Radar,49,85,87,25,246,7,21,19,16,63,56,106,106,41,309,132,12,144,453
06/07/2001,TYS,TN,ASO,ES,Towers with Radar,61,102,124,36,323,0,0,36,1,37,61,102,160,37,360,76,8,84,444
06/08/2001,TYS,TN,ASO,ES,Towers with Radar,55,107,117,34,313,0,0,29,32,61,55,107,146,66,374,132,12,144,518
06/09/2001,TYS,TN,ASO,ES,Towers with Radar,40,48,71,18,177,9,0,89,0,98,49,48,160,18,275,130,16,146,421
06/10/2001,TYS,TN,ASO,ES,Towers with Radar,40,57,79,23,199,0,0,76,13,89,40,57,155,36,288,162,6,168,456
06/11/2001,TYS,TN,ASO,ES,Towers with Radar,48,106,108,31,293,0,0,62,23,85,48,106,170,54,378,148,4,152,530
06/12/2001,TYS,TN,ASO,ES,Towers with Radar,52,108,111,33,304,0,9,74,2,85,52,117,185,35,389,104,26,130,519
06/13/2001,TYS,TN,ASO,ES,Towers with Radar,55,105,110,26,296,0,0,55,0,55,55,105,165,26,351,146,22,168,519
06/14/2001,TYS,TN,ASO,ES,Towers with Radar,69,110,124,36,339,3,0,21,28,52,72,110,145,64,391,124,16,140,531
06/15/2001,TYS,TN,ASO,ES,Towers with Radar,59,100,105,30,294,1,2,15,27,45,60,102,120,57,339,74,16,90,429
06/16/2001,TYS,TN,ASO,ES,Towers with Radar,41,62,72,11,186,13,0,43,0,56,54,62,115,11,242,62,4,66,308
06/17/2001,TYS,TN,ASO,ES,Towers with Radar,35,56,61,16,168,9,0,32,0,41,44,56,93,16,209,146,0,146,355
06/18/2001,TYS,TN,ASO,ES,Towers with Radar,47,90,94,26,257,0,28,78,8,114,47,118,172,34,371,116,34,150,521
06/19/2001,TYS,TN,ASO,ES,Towers with Radar,57,109,114,32,312,0,21,83,22,126,57,130,197,54,438,80,24,104,542
06/20/2001,TYS,TN,ASO,ES,Towers with Radar,57,119,124,34,334,0,14,81,23,118,57,133,205,57,452,148,26,174,626
06/21/2001,TYS,TN,ASO,ES,Towers with Radar,57,104,109,30,300,0,19,46,23,88,57,123,155,53,388,146,26,172,560
06/22/2001,TYS,TN,ASO,ES,Towers with Radar,57,76,105,29,267,0,0,7,16,23,57,76,112,45,290,18,10,28,318
06/23/2001,TYS,TN,ASO,ES,Towers with Radar,43,56,77,16,192,9,0,53,0,62,52,56,130,16,254,134,18,152,406
06/24/2001,TYS,TN,ASO,ES,Towers with Radar,40,61,70,19,190,1,0,54,9,64,41,61,124,28,254,126,10,136,390
06/25/2001,TYS,TN,ASO,ES,Towers with Radar,49,84,87,19,239,0,10,61,0,71,49,94,148,19,310,108,14,122,432
06/26/2001,TYS,TN,ASO,ES,Towers with Radar,54,91,95,26,266,2,24,33,17,76,56,115,128,43,342,60,12,72,414
06/27/2001,TYS,TN,ASO,ES,Towers with Radar,57,97,101,22,277,4,10,48,0,62,61,107,149,22,339,62,16,78,417
06/28/2001,TYS,TN,ASO,ES,Towers with Radar,55,114,121,34,324,0,0,109,6,115,55,114,230,40,439,76,6,82,521
06/29/2001,TYS,TN,ASO,ES,Towers with Radar,56,109,112,23,300,0,1,32,0,33,56,110,144,23,333,78,8,86,419
06/30/2001,TYS,TN,ASO,ES,Towers with Radar,43,59,74,5,181,3,0,24,0,27,46,59,98,5,208,24,0,24,232
07/01/2001,TYS,TN,ASO,ES,Towers with Radar,43,60,80,23,206,1,0,41,17,59,44,60,121,40,265,134,0,134,399
07/02/2001,TYS,TN,ASO,ES,Towers with Radar,51,108,104,29,292,0,0,87,1,88,51,108,191,30,380,108,17,125,505
07/03/2001,TYS,TN,ASO,ES,Towers with Radar,58,114,108,31,311,0,8,39,13,60,58,122,147,44,371,106,8,114,485
07/04/2001,TYS,TN,ASO,ES,Towers with Radar,29,58,51,9,147,12,11,0,0,23,41,69,51,9,170,44,2,46,216
07/05/2001,TYS,TN,ASO,ES,Towers with Radar,54,101,100,28,283,5,0,12,7,24,59,101,112,35,307,34,6,40,347
07/06/2001,TYS,TN,ASO,ES,Towers with Radar,52,103,112,31,298,0,0,80,10,90,52,103,192,41,388,132,12,144,532
07/07/2001,TYS,TN,ASO,ES,Towers with Radar,41,63,76,5,185,9,0,78,0,87,50,63,154,5,272,90,6,96,368
07/08/2001,TYS,TN,ASO,ES,Towers with Radar,40,65,75,2,182,2,0,42,0,44,42,65,117,2,226,60,0,60,286
07/09/2001,TYS,TN,ASO,ES,Towers with Radar,42,103,97,12,254,0,9,76,0,85,42,112,173,12,339,90,6,96,435
07/10/2001,TYS,TN,ASO,ES,Towers with Radar,52,115,111,31,309,0,0,83,4,87,52,115,194,35,396,70,26,96,492
07/11/2001,TYS,TN,ASO,ES,Towers with Radar,58,113,107,30,308,0,9,52,22,83,58,122,159,52,391,84,24,108,499
07/12/2001,TYS,TN,ASO,ES,Towers with Radar,57,114,108,30,309,0,4,113,9,126,57,118,221,39,435,135,8,143,578
07/13/2001,TYS,TN,ASO,ES,Towers with Radar,53,104,98,26,281,5,12,39,23,79,58,116,137,49,360,110,32,142,502
07/14/2001,TYS,TN,ASO,ES,Towers with Radar,38,68,72,19,197,9,0,85,5,99,47,68,157,24,296,116,42,158,454
07/15/2001,TYS,TN,ASO,ES,Towers with Radar,38,65,72,15,190,6,0,70,0,76,44,65,142,15,266,166,6,172,438
07/16/2001,TYS,TN,ASO,ES,Towers with Radar,49,115,114,30,308,0,0,70,39,109,49,115,184,69,417,74,76,150,567
07/17/2001,TYS,TN,ASO,ES,Towers with Radar,61,93,112,30,296,22,0,80,7,109,83,93,192,37,405,63,36,99,504
07/18/2001,TYS,TN,ASO,ES,Towers with Radar,55,121,120,32,328,0,0,46,7,53,55,121,166,39,381,58,6,64,445
07/19/2001,TYS,TN,ASO,ES,Towers with Radar,57,130,130,35,352,0,0,33,18,51,57,130,163,53,403,38,10,48,451
07/20/2001,TYS,TN,ASO,ES,Towers with Radar,56,106,97,23,282,0,15,0,0,15,56,121,97,23,297,30,0,30,327
07/21/2001,TYS,TN,ASO,ES,Towers with Radar,44,67,81,5,197,1,0,44,0,45,45,67,125,5,242,98,0,98,340
07/22/2001,TYS,TN,ASO,ES,Towers with Radar,38,61,71,10,180,11,0,29,0,40,49,61,100,10,220,57,0,57,277
07/23/2001,TYS,TN,ASO,ES,Towers with Radar,47,101,97,15,260,0,16,43,0,59,47,117,140,15,319,86,20,106,425
07/24/2001,TYS,TN,ASO,ES,Towers with Radar,56,128,123,33,340,0,0,59,14,73,56,128,182,47,413,132,54,186,599
07/25/2001,TYS,TN,ASO,ES,Towers with Radar,54,103,100,26,283,2,26,1,0,29,56,129,101,26,312,32,10,42,354
07/26/2001,TYS,TN,ASO,ES,Towers with Radar,52,127,123,33,335,0,0,20,24,44,52,127,143,57,379,98,8,106,485
07/27/2001,TYS,TN,ASO,ES,Towers with Radar,51,105,101,26,283,0,15,21,0,36,51,120,122,26,319,108,0,108,427
07/28/2001,TYS,TN,ASO,ES,Towers with Radar,38,72,70,5,185,13,0,9,0,22,51,72,79,5,207,62,0,62,269
07/29/2001,TYS,TN,ASO,ES,Towers with Radar,34,64,63,0,161,9,5,8,0,22,43,69,71,0,183,4,0,4,187
07/30/2001,TYS,TN,ASO,ES,Towers with Radar,50,112,108,29,299,0,13,26,18,57,50,125,134,47,356,68,18,86,442
07/31/2001,TYS,TN,ASO,ES,Towers with Radar,53,103,97,26,279,5,34,68,5,112,58,137,165,31,391,94,0,94,485
08/01/2001,TYS,TN,ASO,ES,Towers with Radar,55,111,105,27,298,5,4,41,0,50,60,115,146,27,348,90,6,96,444
08/02/2001,TYS,TN,ASO,ES,Towers with Radar,58,123,127,33,341,0,0,18,33,51,58,123,145,66,392,66,4,70,462
08/03/2001,TYS,TN,ASO,ES,Towers with Radar,53,111,90,28,282,0,3,0,14,17,53,114,90,42,299,50,14,64,363
08/04/2001,TYS,TN,ASO,ES,Towers with Radar,32,66,58,6,162,19,3,0,0,22,51,69,58,6,184,42,2,44,228
08/05/2001,TYS,TN,ASO,ES,Towers with Radar,39,74,74,20,207,4,0,27,7,38,43,74,101,27,245,78,10,88,333
08/06/2001,TYS,TN,ASO,ES,Towers with Radar,49,112,111,29,301,0,0,54,18,72,49,112,165,47,373,71,22,93,466
08/07/2001,TYS,TN,ASO,ES,Towers with Radar,53,116,109,29,307,0,8,65,32,105,53,124,174,61,412,108,54,162,574
08/08/2001,TYS,TN,ASO,ES,Towers with Radar,55,117,109,29,310,0,5,39,9,53,55,122,148,38,363,36,16,52,415
08/09/2001,TYS,TN,ASO,ES,Towers with Radar,57,115,107,14,293,2,15,40,0,57,59,130,147,14,350,38,6,44,394
08/10/2001,TYS,TN,ASO,ES,Towers with Radar,53,108,101,16,278,10,18,21,0,49,63,126,122,16,327,45,5,50,377
08/11/2001,TYS,TN,ASO,ES,Towers with Radar,37,70,69,12,188,18,0,7,0,25,55,70,76,12,213,74,0,74,287
08/12/2001,TYS,TN,ASO,ES,Towers with Radar,36,73,68,10,187,9,1,5,0,15,45,74,73,10,202,54,0,54,256
08/13/2001,TYS,TN,ASO,ES,Towers with Radar,45,96,89,22,252,0,27,12,0,39,45,123,101,22,291,46,16,62,353
08/14/2001,TYS,TN,ASO,ES,Towers with Radar,65,124,122,32,343,0,0,84,30,114,65,124,206,62,457,112,26,138,595
08/15/2001,TYS,TN,ASO,ES,Towers with Radar,59,122,114,29,324,0,0,82,21,103,59,122,196,50,427,104,32,136,563
08/16/2001,TYS,TN,ASO,ES,Towers with Radar,57,129,123,31,340,0,0,64,15,79,57,129,187,46,419,100,16,116,535
08/17/2001,TYS,TN,ASO,ES,Towers with Radar,53,113,129,33,328,0,0,60,27,87,53,113,189,60,415,70,4,74,489
08/18/2001,TYS,TN,ASO,ES,Towers with Radar,40,73,75,17,205,12,0,61,0,73,52,73,136,17,278,128,8,136,414
08/19/2001,TYS,TN,ASO,ES,Towers with Radar,38,70,70,12,190,4,0,24,0,28,42,70,94,12,218,62,6,68,286
08/20/2001,TYS,TN,ASO,ES,Towers with Radar,46,112,106,22,286,0,23,84,0,107,46,135,190,22,393,74,0,74,467
08/21/2001,TYS,TN,ASO,ES,Towers with Radar,49,103,98,25,275,0,16,56,16,88,49,119,154,41,363,139,16,155,518
08/22/2001,TYS,TN,ASO,ES,Towers with Radar,56,120,116,30,322,0,0,87,3,90,56,120,203,33,412,68,12,80,492
08/23/2001,TYS,TN,ASO,ES,Towers with Radar,56,118,112,28,314,0,4,56,37,97,56,122,168,65,411,108,16,124,535
08/24/2001,TYS,TN,ASO,ES,Towers with Radar,55,117,121,31,324,0,0,6,11,17,55,117,127,42,341,76,4,80,421
08/25/2001,TYS,TN,ASO,ES,Towers with Radar,36,69,68,1,174,20,0,24,0,44,56,69,92,1,218,96,6,102,320
08/26/2001,TYS,TN,ASO,ES,Towers with Radar,42,71,78,11,202,1,0,40,0,41,43,71,118,11,243,86,6,92,335
08/27/2001,TYS,TN,ASO,ES,Towers with Radar,52,102,98,14,266,11,0,34,0,45,63,102,132,14,311,82,0,82,393
08/28/2001,TYS,TN,ASO,ES,Towers with Radar,54,113,107,28,302,0,4,78,7,89,54,117,185,35,391,52,10,62,453
08/29/2001,TYS,TN,ASO,ES,Towers with Radar,54,123,125,32,334,0,0,77,25,102,54,123,202,57,436,70,12,82,518
08/30/2001,TYS,TN,ASO,ES,Towers with Radar,59,128,123,31,341,0,0,39,3,42,59,128,162,34,383,15,18,33,416
08/31/2001,TYS,TN,ASO,ES,Towers with Radar,50,99,94,10,253,3,9,27,0,39,53,108,121,10,292,10,14,24,316
09/01/2001,TYS,TN,ASO,ES,Towers with Radar,37,65,75,12,189,17,0,3,0,20,54,65,78,12,209,6,0,6,215
09/02/2001,TYS,TN,ASO,ES,Towers with Radar,29,65,56,6,156,8,1,0,0,9,37,66,56,6,165,48,0,48,213
09/03/2001,TYS,TN,ASO,ES,Towers with Radar,39,81,78,5,203,1,0,7,0,8,40,81,85,5,211,38,0,38,249
09/04/2001,TYS,TN,ASO,ES,Towers with Radar,44,126,113,26,309,0,4,37,33,74,44,130,150,59,383,66,6,72,455
09/05/2001,TYS,TN,ASO,ES,Towers with Radar,56,128,122,28,334,0,0,67,30,97,56,128,189,58,431,14,6,20,451
09/06/2001,TYS,TN,ASO,ES,Towers with Radar,54,120,109,24,307,5,7,73,15,100,59,127,182,39,407,44,0,44,451
09/07/2001,TYS,TN,ASO,ES,Towers with Radar,57,120,115,26,318,0,0,57,31,88,57,120,172,57,406,44,10,54,460
09/08/2001,TYS,TN,ASO,ES,Towers with Radar,31,69,65,4,169,18,0,38,0,56,49,69,103,4,225,44,0,44,269
09/09/2001,TYS,TN,ASO,ES,Towers with Radar,35,79,71,16,201,6,5,37,11,59,41,84,108,27,260,54,10,64,324
09/10/2001,TYS,TN,ASO,ES,Towers with Radar,43,112,102,24,281,0,17,29,21,67,43,129,131,45,348,19,11,30,378
09/11/2001,TYS,TN,ASO,ES,Towers with Radar,14,27,30,7,78,6,0,8,8,22,20,27,38,15,100,30,0,30,130
09/12/2001,TYS,TN,ASO,ES,Towers with Radar,0,3,1,1,5,1,1,0,2,4,1,4,1,3,9,0,0,0,9
09/13/2001,TYS,TN,ASO,ES,Towers with Radar,15,35,4,5,59,6,41,0,0,47,21,76,4,5,106,0,0,0,106
09/14/2001,TYS,TN,ASO,ES,Towers with Radar,36,79,39,17,171,8,48,0,10,66,44,127,39,27,237,2,6,8,245
09/15/2001,TYS,TN,ASO,ES,Towers with Radar,32,59,76,18,185,0,0,6,1,7,32,59,82,19,192,6,24,30,222
09/16/2001,TYS,TN,ASO,ES,Towers with Radar,28,71,66,14,179,0,0,4,0,4,28,71,70,14,183,6,0,6,189
09/17/2001,TYS,TN,ASO,ES,Towers with Radar,36,120,103,26,285,0,9,0,2,11,36,129,103,28,296,28,24,52,348
09/18/2001,TYS,TN,ASO,ES,Towers with Radar,46,129,130,30,335,0,0,12,31,43,46,129,142,61,378,18,4,22,400
09/19/2001,TYS,TN,ASO,ES,Towers with Radar,49,108,83,18,258,12,20,0,0,32,61,128,83,18,290,2,0,2,292
09/20/2001,TYS,TN,ASO,ES,Towers with Radar,61,111,121,27,320,0,0,8,19,27,61,111,129,46,347,4,16,20,367
09/21/2001,TYS,TN,ASO,ES,Towers with Radar,47,125,114,18,304,0,7,23,0,30,47,132,137,18,334,4,0,4,338
09/22/2001,TYS,TN,ASO,ES,Towers with Radar,24,55,50,1,130,16,5,41,0,62,40,60,91,1,192,68,28,96,288
09/23/2001,TYS,TN,ASO,ES,Towers with Radar,36,68,74,16,194,2,0,30,1,33,38,68,104,17,227,98,10,108,335
09/24/2001,TYS,TN,ASO,ES,Towers with Radar,81,73,84,24,262,2,0,1,0,3,83,73,85,24,265,2,0,2,267
09/25/2001,TYS,TN,ASO,ES,Towers with Radar,53,117,106,24,300,1,18,56,3,78,54,135,162,27,378,84,48,132,510
09/26/2001,TYS,TN,ASO,ES,Towers with Radar,53,115,119,27,314,0,0,98,13,111,53,115,217,40,425,66,26,92,517
09/27/2001,TYS,TN,ASO,ES,Towers with Radar,51,124,112,25,312,0,10,84,2,96,51,134,196,27,408,80,18,98,506
09/28/2001,TYS,TN,ASO,ES,Towers with Radar,47,118,107,24,296,0,6,69,11,86,47,124,176,35,382,42,70,112,494
09/29/2001,TYS,TN,ASO,ES,Towers with Radar,38,60,74,17,189,2,0,81,4,87,40,60,155,21,276,27,12,39,315
09/30/2001,TYS,TN,ASO,ES,Towers with Radar,45,75,96,17,233,0,0,116,0,116,45,75,212,17,349,56,2,58,407
10/01/2001,TYS,TN,ASO,ES,Towers with Radar,34,97,94,23,248,2,22,53,0,77,36,119,147,23,325,40,14,54,379
10/02/2001,TYS,TN,ASO,ES,Towers with Radar,43,123,120,25,311,5,7,49,0,61,48,130,169,25,372,98,18,116,488
10/03/2001,TYS,TN,ASO,ES,Towers with Radar,44,120,131,32,327,0,0,79,18,97,44,120,210,50,424,76,14,90,514
10/04/2001,TYS,TN,ASO,ES,Towers with Radar,44,123,123,30,320,1,0,102,12,115,45,123,225,42,435,154,6,160,595
10/05/2001,TYS,TN,ASO,ES,Towers with Radar,46,107,129,32,314,0,0,51,8,59,46,107,180,40,373,102,12,114,487
10/06/2001,TYS,TN,ASO,ES,Towers with Radar,33,75,91,3,202,10,0,36,0,46,43,75,127,3,248,36,0,36,284
10/07/2001,TYS,TN,ASO,ES,Towers with Radar,31,75,89,4,199,0,0,61,0,61,31,75,150,4,260,78,0,78,338
10/08/2001,TYS,TN,ASO,ES,Towers with Radar,30,95,96,9,230,0,0,71,0,71,30,95,167,9,301,102,0,102,403
10/09/2001,TYS,TN,ASO,ES,Towers with Radar,41,123,120,29,313,0,9,48,0,57,41,132,168,29,370,20,0,20,390
10/10/2001,TYS,TN,ASO,ES,Towers with Radar,42,121,119,22,304,0,13,68,0,81,42,134,187,22,385,10,10,20,405
10/11/2001,TYS,TN,ASO,ES,Towers with Radar,39,134,134,33,340,0,0,52,10,62,39,134,186,43,402,42,12,54,456
10/12/2001,TYS,TN,ASO,ES,Towers with Radar,37,115,113,28,293,0,7,25,16,48,37,122,138,44,341,82,16,98,439
10/13/2001,TYS,TN,ASO,ES,Towers with Radar,21,62,60,11,154,14,6,6,0,26,35,68,66,11,180,76,68,144,324
10/14/2001,TYS,TN,ASO,ES,Towers with Radar,28,72,77,19,196,7,0,16,8,31,35,72,93,27,227,6,14,20,247
10/15/2001,TYS,TN,ASO,ES,Towers with Radar,33,124,128,31,316,0,0,44,34,78,33,124,172,65,394,74,26,100,494
10/16/2001,TYS,TN,ASO,ES,Towers with Radar,43,124,123,30,320,0,8,6,17,31,43,132,129,47,351,10,16,26,377
10/17/2001,TYS,TN,ASO,ES,Towers with Radar,39,120,120,28,307,0,14,55,2,71,39,134,175,30,378,76,4,80,458
10/18/2001,TYS,TN,ASO,ES,Towers with Radar,47,121,131,31,330,0,0,70,6,76,47,121,201,37,406,122,24,146,552
10/19/2001,TYS,TN,ASO,ES,Towers with Radar,40,119,118,19,296,0,9,50,0,59,40,128,168,19,355,112,8,120,475
10/20/2001,TYS,TN,ASO,ES,Towers with Radar,27,75,75,1,178,10,4,43,0,57,37,79,118,1,235,123,0,123,358
10/21/2001,TYS,TN,ASO,ES,Towers with Radar,32,77,89,16,214,0,0,70,0,70,32,77,159,16,284,94,2,96,380
10/22/2001,TYS,TN,ASO,ES,Towers with Radar,38,103,103,24,268,4,14,73,5,96,42,117,176,29,364,68,16,84,448
10/23/2001,TYS,TN,ASO,ES,Towers with Radar,41,116,115,27,299,0,10,29,2,41,41,126,144,29,340,60,14,74,414
10/24/2001,TYS,TN,ASO,ES,Towers with Radar,40,117,118,28,303,0,0,8,25,33,40,117,126,53,336,60,36,96,432
10/25/2001,TYS,TN,ASO,ES,Towers with Radar,40,123,122,29,314,0,3,51,26,80,40,126,173,55,394,84,36,120,514
10/26/2001,TYS,TN,ASO,ES,Towers with Radar,38,105,105,22,270,0,7,41,0,48,38,112,146,22,318,12,8,20,338
10/27/2001,TYS,TN,ASO,ES,Towers with Radar,31,69,88,7,195,10,0,66,0,76,41,69,154,7,271,76,2,78,349
10/28/2001,TYS,TN,ASO,ES,Towers with Radar,28,83,100,19,230,0,0,63,0,63,28,83,163,19,293,126,0,126,419
10/29/2001,TYS,TN,ASO,ES,Towers with Radar,31,110,107,7,255,0,10,103,0,113,31,120,210,7,368,102,0,102,470
10/30/2001,TYS,TN,ASO,ES,Towers with Radar,43,124,122,29,318,0,5,75,30,110,43,129,197,59,428,126,58,184,612
10/31/2001,TYS,TN,ASO,ES,Towers with Radar,37,103,101,24,265,11,23,85,4,123,48,126,186,28,388,76,14,90,478
11/01/2001,TYS,TN,ASO,ES,Towers with Radar,35,146,111,39,331,0,0,72,0,72,35,146,183,39,403,202,16,218,621
11/02/2001,TYS,TN,ASO,ES,Towers with Radar,35,141,102,37,315,1,9,31,9,50,36,150,133,46,365,96,12,108,473
11/03/2001,TYS,TN,ASO,ES,Towers with Radar,23,94,71,26,214,6,0,42,0,48,29,94,113,26,262,96,12,108,370
11/04/2001,TYS,TN,ASO,ES,Towers with Radar,27,94,85,30,236,0,0,46,6,52,27,94,131,36,288,74,12,86,374
11/05/2001,TYS,TN,ASO,ES,Towers with Radar,25,151,109,39,324,0,6,79,19,104,25,157,188,58,428,74,10,84,512
11/06/2001,TYS,TN,ASO,ES,Towers with Radar,38,151,109,39,337,6,16,60,20,102,44,167,169,59,439,154,34,188,627
11/07/2001,TYS,TN,ASO,ES,Towers with Radar,39,150,116,42,347,0,0,84,10,94,39,150,200,52,441,186,22,208,649
11/08/2001,TYS,TN,ASO,ES,Towers with Radar,36,150,115,41,342,0,0,63,26,89,36,150,178,67,431,108,32,140,571
11/09/2001,TYS,TN,ASO,ES,Towers with Radar,38,153,111,40,342,0,3,66,24,93,38,156,177,64,435,110,12,122,557
11/10/2001,TYS,TN,ASO,ES,Towers with Radar,23,96,69,10,198,10,13,64,0,87,33,109,133,10,285,114,0,114,399
11/11/2001,TYS,TN,ASO,ES,Towers with Radar,28,107,79,20,234,0,0,95,0,95,28,107,174,20,329,126,0,126,455
11/12/2001,TYS,TN,ASO,ES,Towers with Radar,27,106,76,16,225,1,24,73,0,98,28,130,149,16,323,82,4,86,409
11/13/2001,TYS,TN,ASO,ES,Towers with Radar,34,169,124,44,371,0,0,56,16,72,34,169,180,60,443,18,16,34,477
11/14/2001,TYS,TN,ASO,ES,Towers with Radar,35,154,111,40,340,0,27,74,23,124,35,181,185,63,464,44,36,80,544
11/15/2001,TYS,TN,ASO,ES,Towers with Radar,36,154,111,39,340,0,30,50,31,111,36,184,161,70,451,56,8,64,515
11/16/2001,TYS,TN,ASO,ES,Towers with Radar,37,145,118,41,341,0,0,63,51,114,37,145,181,92,455,92,26,118,573
11/17/2001,TYS,TN,ASO,ES,Towers with Radar,23,91,68,18,200,6,0,62,0,68,29,91,130,18,268,100,0,100,368
11/18/2001,TYS,TN,ASO,ES,Towers with Radar,27,107,94,33,261,0,0,44,10,54,27,107,138,43,315,72,0,72,387
11/19/2001,TYS,TN,ASO,ES,Towers with Radar,66,115,81,33,295,1,6,54,13,74,67,121,135,46,369,94,34,128,497
11/20/2001,TYS,TN,ASO,ES,Towers with Radar,40,145,115,40,340,18,0,48,17,83,58,145,163,57,423,152,28,180,603
11/21/2001,TYS,TN,ASO,ES,Towers with Radar,30,168,121,31,350,0,5,109,0,114,30,173,230,31,464,124,28,152,616
11/22/2001,TYS,TN,ASO,ES,Towers with Radar,12,56,41,2,111,0,34,20,0,54,12,90,61,2,165,36,0,36,201
11/23/2001,TYS,TN,ASO,ES,Towers with Radar,21,100,72,4,197,0,3,40,0,43,21,103,112,4,240,26,0,26,266
11/24/2001,TYS,TN,ASO,ES,Towers with Radar,18,73,53,11,155,14,9,15,0,38,32,82,68,11,193,10,0,10,203
11/25/2001,TYS,TN,ASO,ES,Towers with Radar,29,107,100,22,258,0,0,65,0,65,29,107,165,22,323,72,10,82,405
11/26/2001,TYS,TN,ASO,ES,Towers with Radar,31,143,103,29,306,0,14,40,0,54,31,157,143,29,360,114,0,114,474
11/27/2001,TYS,TN,ASO,ES,Towers with Radar,39,153,110,39,341,4,11,20,21,56,43,164,130,60,397,92,46,138,535
11/28/2001,TYS,TN,ASO,ES,Towers with Radar,32,131,94,25,282,1,17,54,0,72,33,148,148,25,354,84,18,102,456
11/29/2001,TYS,TN,ASO,ES,Towers with Radar,31,124,90,15,260,8,31,28,0,67,39,155,118,15,327,24,0,24,351
11/30/2001,TYS,TN,ASO,ES,Towers with Radar,33,132,95,33,293,3,19,28,5,55,36,151,123,38,348,104,0,104,452
12/01/2001,TYS,TN,ASO,ES,Towers with Radar,25,81,62,16,184,5,0,64,9,78,30,81,126,25,262,90,8,98,360
12/02/2001,TYS,TN,ASO,ES,Towers with Radar,26,87,67,17,197,2,0,62,29,93,28,87,129,46,290,128,10,138,428
12/03/2001,TYS,TN,ASO,ES,Towers with Radar,29,134,86,22,271,0,14,53,2,69,29,148,139,24,340,50,22,72,412
12/04/2001,TYS,TN,ASO,ES,Towers with Radar,34,167,115,29,345,0,0,37,28,65,34,167,152,57,410,124,28,152,562
12/05/2001,TYS,TN,ASO,ES,Towers with Radar,29,151,97,25,302,0,9,44,24,77,29,160,141,49,379,62,26,88,467
12/06/2001,TYS,TN,ASO,ES,Towers with Radar,39,172,111,28,350,0,1,34,25,60,39,173,145,53,410,86,24,110,520
12/07/2001,TYS,TN,ASO,ES,Towers with Radar,36,159,98,24,317,0,3,0,0,3,36,162,98,24,320,6,4,10,330
12/08/2001,TYS,TN,ASO,ES,Towers with Radar,24,89,59,5,177,12,0,20,0,32,36,89,79,5,209,6,2,8,217
12/09/2001,TYS,TN,ASO,ES,Towers with Radar,27,98,64,3,192,0,3,30,0,33,27,101,94,3,225,98,0,98,323
12/10/2001,TYS,TN,ASO,ES,Towers with Radar,27,129,84,1,241,0,20,10,0,30,27,149,94,1,271,0,0,0,271
12/11/2001,TYS,TN,ASO,ES,Towers with Radar,40,147,117,29,333,0,0,39,14,53,40,147,156,43,386,46,0,46,432
12/12/2001,TYS,TN,ASO,ES,Towers with Radar,37,140,115,29,321,0,0,75,43,118,37,140,190,72,439,78,14,92,531
12/13/2001,TYS,TN,ASO,ES,Towers with Radar,38,152,99,25,314,0,8,23,5,36,38,160,122,30,350,18,0,18,368
12/14/2001,TYS,TN,ASO,ES,Towers with Radar,38,143,94,23,298,9,10,3,11,33,47,153,97,34,331,30,14,44,375
12/15/2001,TYS,TN,ASO,ES,Towers with Radar,32,97,77,16,222,4,0,62,0,66,36,97,139,16,288,100,0,100,388
12/16/2001,TYS,TN,ASO,ES,Towers with Radar,25,95,64,13,197,1,0,80,0,81,26,95,144,13,278,118,0,118,396
12/17/2001,TYS,TN,ASO,ES,Towers with Radar,31,123,81,20,255,0,17,10,4,31,31,140,91,24,286,14,4,18,304
12/18/2001,TYS,TN,ASO,ES,Towers with Radar,43,149,105,25,322,3,0,70,38,111,46,149,175,63,433,122,28,150,583
12/19/2001,TYS,TN,ASO,ES,Towers with Radar,39,149,103,20,311,0,0,80,0,80,39,149,183,20,391,24,2,26,417
12/20/2001,TYS,TN,ASO,ES,Towers with Radar,39,147,96,23,305,2,6,88,22,118,41,153,184,45,423,102,32,134,557
12/21/2001,TYS,TN,ASO,ES,Towers with Radar,38,141,93,13,285,2,0,69,0,71,40,141,162,13,356,106,4,110,466
12/22/2001,TYS,TN,ASO,ES,Towers with Radar,28,82,69,2,181,9,0,62,0,71,37,82,131,2,252,58,0,58,310
12/23/2001,TYS,TN,ASO,ES,Towers with Radar,17,62,29,2,110,10,25,0,0,35,27,87,29,2,145,24,0,24,169
12/24/2001,TYS,TN,ASO,ES,Towers with Radar,24,87,57,2,170,17,18,15,0,50,41,105,72,2,220,34,0,34,254
12/25/2001,TYS,TN,ASO,ES,Towers with Radar,16,57,36,2,111,2,24,1,0,27,18,81,37,2,138,0,0,0,138
12/26/2001,TYS,TN,ASO,ES,Towers with Radar,31,127,82,2,242,0,12,25,0,37,31,139,107,2,279,24,0,24,303
12/27/2001,TYS,TN,ASO,ES,Towers with Radar,32,126,81,20,259,0,17,24,9,50,32,143,105,29,309,38,4,42,351
12/28/2001,TYS,TN,ASO,ES,Towers with Radar,30,129,83,20,262,0,10,11,4,25,30,139,94,24,287,22,10,32,319
12/29/2001,TYS,TN,ASO,ES,Towers with Radar,24,90,60,1,175,4,0,33,0,37,28,90,93,1,212,62,0,62,274
12/30/2001,TYS,TN,ASO,ES,Towers with Radar,22,90,58,2,172,0,0,49,0,49,22,90,107,2,221,66,0,66,287
12/31/2001,TYS,TN,ASO,ES,Towers with Radar,28,103,66,2,199,0,15,18,0,33,28,118,84,2,232,20,0,20,252
01/01/2002,TYS,TN,ASO,ES,Towers with Radar,19,83,55,2,159,4,0,10,0,14,23,83,65,2,173,26,0,26,199
01/02/2002,TYS,TN,ASO,ES,Towers with Radar,27,130,78,22,257,7,11,28,0,46,34,141,106,22,303,28,6,34,337
01/03/2002,TYS,TN,ASO,ES,Towers with Radar,25,124,74,10,233,0,20,10,0,30,25,144,84,10,263,52,0,52,315
01/04/2002,TYS,TN,ASO,ES,Towers with Radar,28,146,89,25,288,0,0,75,16,91,28,146,164,41,379,88,0,88,467
01/05/2002,TYS,TN,ASO,ES,Towers with Radar,21,96,58,15,190,3,10,67,0,80,24,106,125,15,270,98,0,98,368
01/06/2002,TYS,TN,ASO,ES,Towers with Radar,12,56,17,2,87,11,29,0,0,40,23,85,17,2,127,2,0,2,129
01/07/2002,TYS,TN,ASO,ES,Towers with Radar,26,120,47,19,212,1,39,0,0,40,27,159,47,19,252,48,12,60,312
01/08/2002,TYS,TN,ASO,ES,Towers with Radar,32,154,93,26,305,0,10,33,10,53,32,164,126,36,358,52,14,66,424
01/09/2002,TYS,TN,ASO,ES,Towers with Radar,33,153,97,27,310,0,0,61,17,78,33,153,158,44,388,68,14,82,470
01/10/2002,TYS,TN,ASO,ES,Towers with Radar,35,160,101,28,324,14,0,33,0,47,49,160,134,28,371,60,4,64,435
01/11/2002,TYS,TN,ASO,ES,Towers with Radar,27,158,103,28,316,0,0,48,17,65,27,158,151,45,381,78,4,82,463
01/12/2002,TYS,TN,ASO,ES,Towers with Radar,20,84,57,7,168,12,0,22,0,34,32,84,79,7,202,16,10,26,228
01/13/2002,TYS,TN,ASO,ES,Towers with Radar,23,100,62,12,197,0,0,52,0,52,23,100,114,12,249,100,0,100,349
01/14/2002,TYS,TN,ASO,ES,Towers with Radar,21,147,90,25,283,0,11,11,14,36,21,158,101,39,319,32,8,40,359
01/15/2002,TYS,TN,ASO,ES,Towers with Radar,34,144,93,25,296,3,0,48,14,65,37,144,141,39,361,46,30,76,437
01/16/2002,TYS,TN,ASO,ES,Towers with Radar,30,146,96,26,298,0,0,60,8,68,30,146,156,34,366,98,24,122,488
01/17/2002,TYS,TN,ASO,ES,Towers with Radar,33,156,103,28,320,0,0,72,30,102,33,156,175,58,422,54,64,118,540
01/18/2002,TYS,TN,ASO,ES,Towers with Radar,38,163,103,28,332,12,0,20,37,69,50,163,123,65,401,104,38,142,543
01/19/2002,TYS,TN,ASO,ES,Towers with Radar,12,55,16,3,86,10,33,0,0,43,22,88,16,3,129,4,10,14,143
01/20/2002,TYS,TN,ASO,ES,Towers with Radar,22,92,61,17,192,0,0,33,3,36,22,92,94,20,228,56,52,108,336
01/21/2002,TYS,TN,ASO,ES,Towers with Radar,21,122,77,9,229,0,0,46,0,46,21,122,123,9,275,20,0,20,295
01/22/2002,TYS,TN,ASO,ES,Towers with Radar,36,161,106,29,332,0,0,76,11,87,36,161,182,40,419,172,38,210,629
01/23/2002,TYS,TN,ASO,ES,Towers with Radar,31,146,59,6,242,0,2,0,0,2,31,148,59,6,244,8,0,8,252
01/24/2002,TYS,TN,ASO,ES,Towers with Radar,30,131,74,22,257,4,15,0,3,22,34,146,74,25,279,0,6,6,285
01/25/2002,TYS,TN,ASO,ES,Towers with Radar,32,165,107,29,333,0,0,56,6,62,32,165,163,35,395,99,22,121,516
01/26/2002,TYS,TN,ASO,ES,Towers with Radar,23,100,62,17,202,1,0,76,3,80,24,100,138,20,282,122,0,122,404
01/27/2002,TYS,TN,ASO,ES,Towers with Radar,25,100,80,22,227,0,0,66,24,90,25,100,146,46,317,119,10,129,446
01/28/2002,TYS,TN,ASO,ES,Towers with Radar,25,143,88,16,272,0,19,71,0,90,25,162,159,16,362,50,0,50,412
01/29/2002,TYS,TN,ASO,ES,Towers with Radar,31,151,100,26,308,0,0,61,0,61,31,151,161,26,369,60,38,98,467
01/30/2002,TYS,TN,ASO,ES,Towers with Radar,33,162,108,29,332,0,0,50,33,83,33,162,158,62,415,24,24,48,463
01/31/2002,TYS,TN,ASO,ES,Towers with Radar,31,149,92,24,296,0,0,37,23,60,31,149,129,47,356,24,4,28,384
02/01/2002,TYS,TN,ASO,ES,Towers with Radar,36,153,108,34,331,6,0,17,26,49,42,153,125,60,380,14,12,26,406
02/02/2002,TYS,TN,ASO,ES,Towers with Radar,22,89,68,21,200,2,0,47,26,75,24,89,115,47,275,64,29,93,368
02/03/2002,TYS,TN,ASO,ES,Towers with Radar,22,97,68,21,208,0,4,13,12,29,22,101,81,33,237,28,0,28,265
02/04/2002,TYS,TN,ASO,ES,Towers with Radar,29,128,90,28,275,0,16,7,3,26,29,144,97,31,301,38,10,48,349
02/05/2002,TYS,TN,ASO,ES,Towers with Radar,36,147,110,34,327,0,0,42,41,83,36,147,152,75,410,68,34,102,512
02/06/2002,TYS,TN,ASO,ES,Towers with Radar,28,119,78,26,251,0,31,0,11,42,28,150,78,37,293,22,18,40,333
02/07/2002,TYS,TN,ASO,ES,Towers with Radar,30,131,92,21,274,5,36,7,0,48,35,167,99,21,322,2,8,10,332
02/08/2002,TYS,TN,ASO,ES,Towers with Radar,28,150,114,27,319,0,0,62,0,62,28,150,176,27,381,38,2,40,421
02/09/2002,TYS,TN,ASO,ES,Towers with Radar,21,93,65,5,184,1,4,67,0,72,22,97,132,5,256,78,2,80,336
02/10/2002,TYS,TN,ASO,ES,Towers with Radar,19,86,61,5,171,4,11,8,0,23,23,97,69,5,194,4,0,4,198
02/11/2002,TYS,TN,ASO,ES,Towers with Radar,30,132,92,30,284,0,11,19,10,40,30,143,111,40,324,26,8,34,358
02/12/2002,TYS,TN,ASO,ES,Towers with Radar,35,159,122,38,354,0,0,75,50,125,35,159,197,88,479,104,31,135,614
02/13/2002,TYS,TN,ASO,ES,Towers with Radar,32,155,120,38,345,0,0,58,24,82,32,155,178,62,427,44,52,96,523
02/14/2002,TYS,TN,ASO,ES,Towers with Radar,32,150,109,34,325,0,0,59,21,80,32,150,168,55,405,78,24,102,507
02/15/2002,TYS,TN,ASO,ES,Towers with Radar,31,140,96,31,298,5,11,43,19,78,36,151,139,50,376,32,2,34,410
02/16/2002,TYS,TN,ASO,ES,Towers with Radar,22,98,68,22,210,0,0,36,13,49,22,98,104,35,259,80,4,84,343
02/17/2002,TYS,TN,ASO,ES,Towers with Radar,23,100,72,13,208,0,0,45,0,45,23,100,117,13,253,80,12,92,345
02/18/2002,TYS,TN,ASO,ES,Towers with Radar,27,120,85,5,237,3,0,61,0,64,30,120,146,5,301,104,0,104,405
02/19/2002,TYS,TN,ASO,ES,Towers with Radar,36,152,113,36,337,4,0,40,39,83,40,152,153,75,420,78,28,106,526
02/20/2002,TYS,TN,ASO,ES,Towers with Radar,29,131,90,18,268,3,27,1,0,31,32,158,91,18,299,18,6,24,323
02/21/2002,TYS,TN,ASO,ES,Towers with Radar,34,139,106,33,312,4,0,61,7,72,38,139,167,40,384,36,48,84,468
02/22/2002,TYS,TN,ASO,ES,Towers with Radar,29,151,125,39,344,0,0,22,10,32,29,151,147,49,376,86,4,90,466
02/23/2002,TYS,TN,ASO,ES,Towers with Radar,20,89,63,19,191,9,0,40,0,49,29,89,103,19,240,74,2,76,316
02/24/2002,TYS,TN,ASO,ES,Towers with Radar,20,104,71,22,217,0,0,63,1,64,20,104,134,23,281,84,0,84,365
02/25/2002,TYS,TN,ASO,ES,Towers with Radar,22,130,89,15,256,0,17,68,0,85,22,147,157,15,341,68,14,82,423
02/26/2002,TYS,TN,ASO,ES,Towers with Radar,31,142,97,30,300,3,10,37,9,59,34,152,134,39,359,26,36,62,421
02/27/2002,TYS,TN,ASO,ES,Towers with Radar,34,153,105,33,325,2,11,17,8,38,36,164,122,41,363,14,38,52,415
02/28/2002,TYS,TN,ASO,ES,Towers with Radar,33,156,118,37,344,0,0,64,18,82,33,156,182,55,426,56,30,86,512
03/01/2002,TYS,TN,ASO,ES,Towers with Radar,33,141,107,31,312,5,8,44,26,83,38,149,151,57,395,100,12,112,507
03/02/2002,TYS,TN,ASO,ES,Towers with Radar,13,57,27,13,110,13,23,0,0,36,26,80,27,13,146,22,4,26,172
03/03/2002,TYS,TN,ASO,ES,Towers with Radar,19,81,62,18,180,5,18,3,0,26,24,99,65,18,206,2,0,2,208
03/04/2002,TYS,TN,ASO,ES,Towers with Radar,27,114,88,25,254,12,0,42,6,60,39,114,130,31,314,71,6,77,391
03/05/2002,TYS,TN,ASO,ES,Towers with Radar,30,143,119,34,326,0,0,84,66,150,30,143,203,100,476,106,46,152,628
03/06/2002,TYS,TN,ASO,ES,Towers with Radar,33,139,106,32,310,1,0,95,43,139,34,139,201,75,449,126,20,146,595
03/07/2002,TYS,TN,ASO,ES,Towers with Radar,30,144,116,35,325,0,0,64,46,110,30,144,180,81,435,108,20,128,563
03/08/2002,TYS,TN,ASO,ES,Towers with Radar,33,133,113,34,313,0,0,45,32,77,33,133,158,66,390,86,42,128,518
03/09/2002,TYS,TN,ASO,ES,Towers with Radar,13,56,27,3,99,12,32,0,0,44,25,88,27,3,143,10,0,10,153
03/10/2002,TYS,TN,ASO,ES,Towers with Radar,21,96,78,15,210,0,0,97,0,97,21,96,175,15,307,206,0,206,513
03/11/2002,TYS,TN,ASO,ES,Towers with Radar,18,136,102,21,277,0,14,80,0,94,18,150,182,21,371,80,12,92,463
03/12/2002,TYS,TN,ASO,ES,Towers with Radar,29,140,105,32,306,0,1,0,2,3,29,141,105,34,309,14,6,20,329
03/13/2002,TYS,TN,ASO,ES,Towers with Radar,38,154,131,39,362,0,0,37,1,38,38,154,168,40,400,38,2,40,440
03/14/2002,TYS,TN,ASO,ES,Towers with Radar,34,144,124,37,339,0,0,71,28,99,34,144,195,65,438,110,14,124,562
03/15/2002,TYS,TN,ASO,ES,Towers with Radar,34,138,107,31,310,3,0,29,23,55,37,138,136,54,365,114,18,132,497
03/16/2002,TYS,TN,ASO,ES,Towers with Radar,22,94,70,21,207,9,13,28,3,53,31,107,98,24,260,82,0,82,342
03/17/2002,TYS,TN,ASO,ES,Towers with Radar,24,82,37,8,151,1,0,2,0,3,25,82,39,8,154,0,0,0,154
03/18/2002,TYS,TN,ASO,ES,Towers with Radar,27,128,96,15,266,0,12,6,0,18,27,140,102,15,284,6,28,34,318
03/19/2002,TYS,TN,ASO,ES,Towers with Radar,32,137,103,30,302,0,2,51,11,64,32,139,154,41,366,64,32,96,462
03/20/2002,TYS,TN,ASO,ES,Towers with Radar,30,121,85,27,263,7,17,0,0,24,37,138,85,27,287,28,14,42,329
03/21/2002,TYS,TN,ASO,ES,Towers with Radar,31,137,113,33,314,0,0,79,5,84,31,137,192,38,398,48,22,70,468
03/22/2002,TYS,TN,ASO,ES,Towers with Radar,32,133,109,32,306,0,0,100,13,113,32,133,209,45,419,90,8,98,517
03/23/2002,TYS,TN,ASO,ES,Towers with Radar,27,90,85,6,208,0,0,89,0,89,27,90,174,6,297,126,0,126,423
03/24/2002,TYS,TN,ASO,ES,Towers with Radar,26,95,82,22,225,1,0,72,0,73,27,95,154,22,298,62,0,62,360
03/25/2002,TYS,TN,ASO,ES,Towers with Radar,29,117,88,26,260,0,26,21,4,51,29,143,109,30,311,56,8,64,375
03/26/2002,TYS,TN,ASO,ES,Towers with Radar,29,115,87,26,257,5,20,11,14,50,34,135,98,40,307,2,8,10,317
03/27/2002,TYS,TN,ASO,ES,Towers with Radar,34,148,112,33,327,0,3,3,14,20,34,151,115,47,347,50,34,84,431
03/28/2002,TYS,TN,ASO,ES,Towers with Radar,31,147,131,38,347,0,0,120,17,137,31,147,251,55,484,102,44,146,630
03/29/2002,TYS,TN,ASO,ES,Towers with Radar,32,126,95,20,273,2,3,75,0,80,34,129,170,20,353,44,0,44,397
03/30/2002,TYS,TN,ASO,ES,Towers with Radar,33,77,60,0,170,0,1,0,0,1,33,78,60,0,171,16,0,16,187
03/31/2002,TYS,TN,ASO,ES,Towers with Radar,17,71,36,0,124,5,22,0,0,27,22,93,36,0,151,6,0,6,157
04/01/2002,TYS,TN,ASO,ES,Towers with Radar,26,142,116,11,295,0,3,73,0,76,26,145,189,11,371,48,0,48,419
04/02/2002,TYS,TN,ASO,ES,Towers with Radar,32,142,115,29,318,1,6,46,27,80,33,148,161,56,398,18,46,64,462
04/03/2002,TYS,TN,ASO,ES,Towers with Radar,18,52,52,15,137,14,0,0,25,39,32,52,52,40,176,62,4,66,242
04/04/2002,TYS,TN,ASO,ES,Towers with Radar,31,138,112,28,309,0,8,62,15,85,31,146,174,43,394,60,28,88,482
04/05/2002,TYS,TN,ASO,ES,Towers with Radar,28,137,123,31,319,0,0,78,22,100,28,137,201,53,419,106,14,120,539
04/06/2002,TYS,TN,ASO,ES,Towers with Radar,23,93,92,17,225,0,0,93,0,93,23,93,185,17,318,76,4,80,398
04/07/2002,TYS,TN,ASO,ES,Towers with Radar,23,92,85,21,221,0,0,38,2,40,23,92,123,23,261,36,0,36,297
04/08/2002,TYS,TN,ASO,ES,Towers with Radar,25,126,102,16,269,0,11,22,0,33,25,137,124,16,302,16,0,16,318
04/09/2002,TYS,TN,ASO,ES,Towers with Radar,30,129,105,14,278,13,16,6,0,35,43,145,111,14,313,4,0,4,317
04/10/2002,TYS,TN,ASO,ES,Towers with Radar,32,151,133,34,350,0,0,38,13,51,32,151,171,47,401,72,18,90,491
04/11/2002,TYS,TN,ASO,ES,Towers with Radar,32,147,133,35,347,0,0,80,13,93,32,147,213,48,440,78,24,102,542
04/12/2002,TYS,TN,ASO,ES,Towers with Radar,31,137,121,32,321,0,0,36,2,38,31,137,157,34,359,52,6,58,417
04/13/2002,TYS,TN,ASO,ES,Towers with Radar,21,88,78,11,198,5,0,19,0,24,26,88,97,11,222,54,8,62,284
04/14/2002,TYS,TN,ASO,ES,Towers with Radar,24,90,86,22,222,0,0,32,15,47,24,90,118,37,269,72,36,108,377
04/15/2002,TYS,TN,ASO,ES,Towers with Radar,24,128,104,27,283,0,20,57,4,81,24,148,161,31,364,62,14,76,440
04/16/2002,TYS,TN,ASO,ES,Towers with Radar,30,138,111,29,308,1,5,79,21,106,31,143,190,50,414,67,16,83,497
04/17/2002,TYS,TN,ASO,ES,Towers with Radar,29,129,103,27,288,9,6,68,3,86,38,135,171,30,374,18,22,40,414
04/18/2002,TYS,TN,ASO,ES,Towers with Radar,31,149,124,32,336,0,0,76,39,115,31,149,200,71,451,88,32,120,571
04/19/2002,TYS,TN,ASO,ES,Towers with Radar,31,163,130,34,358,0,56,52,3,111,31,219,182,37,469,82,12,94,563
04/20/2002,TYS,TN,ASO,ES,Towers with Radar,18,84,67,18,187,7,11,35,8,61,25,95,102,26,248,78,10,88,336
04/21/2002,TYS,TN,ASO,ES,Towers with Radar,22,98,78,21,219,4,0,24,5,33,26,98,102,26,252,70,12,82,334
04/22/2002,TYS,TN,ASO,ES,Towers with Radar,26,140,112,29,307,0,1,44,15,60,26,141,156,44,367,92,18,110,477
04/23/2002,TYS,TN,ASO,ES,Towers with Radar,35,149,124,33,341,0,0,82,20,102,35,149,206,53,443,120,10,130,573
04/24/2002,TYS,TN,ASO,ES,Towers with Radar,31,140,112,29,312,1,5,31,26,63,32,145,143,55,375,24,40,64,439
04/25/2002,TYS,TN,ASO,ES,Towers with Radar,32,152,122,32,338,0,0,82,21,103,32,152,204,53,441,80,54,134,575
04/26/2002,TYS,TN,ASO,ES,Towers with Radar,29,146,130,34,339,0,0,73,17,90,29,146,203,51,429,70,38,108,537
04/27/2002,TYS,TN,ASO,ES,Towers with Radar,23,93,84,7,207,3,0,132,0,135,26,93,216,7,342,168,0,168,510
04/28/2002,TYS,TN,ASO,ES,Towers with Radar,15,71,56,2,144,6,20,4,0,30,21,91,60,2,174,4,0,4,178
04/29/2002,TYS,TN,ASO,ES,Towers with Radar,27,138,110,16,291,0,29,67,0,96,27,167,177,16,387,56,18,74,461
04/30/2002,TYS,TN,ASO,ES,Towers with Radar,30,145,117,30,322,0,16,58,32,106,30,161,175,62,428,102,30,132,560
05/01/2002,TYS,TN,ASO,ES,Towers with Radar,33,150,114,29,326,0,12,0,20,32,33,162,114,49,358,34,4,38,396
05/02/2002,TYS,TN,ASO,ES,Towers with Radar,29,125,70,25,249,0,22,0,6,28,29,147,70,31,277,24,18,42,319
05/03/2002,TYS,TN,ASO,ES,Towers with Radar,27,106,97,24,254,0,0,9,10,19,27,106,106,34,273,16,32,48,321
05/04/2002,TYS,TN,ASO,ES,Towers with Radar,22,86,77,16,201,7,0,5,0,12,29,86,82,16,213,2,6,8,221
05/05/2002,TYS,TN,ASO,ES,Towers with Radar,23,88,82,10,203,0,0,59,0,59,23,88,141,10,262,144,0,144,406
05/06/2002,TYS,TN,ASO,ES,Towers with Radar,26,138,110,27,301,0,18,25,15,58,26,156,135,42,359,80,8,88,447
05/07/2002,TYS,TN,ASO,ES,Towers with Radar,30,135,108,27,300,0,7,21,30,58,30,142,129,57,358,94,32,126,484
05/08/2002,TYS,TN,ASO,ES,Towers with Radar,32,157,125,32,346,0,1,36,25,62,32,158,161,57,408,96,18,114,522
05/09/2002,TYS,TN,ASO,ES,Towers with Radar,31,137,110,28,306,0,18,27,3,48,31,155,137,31,354,32,12,44,398
05/10/2002,TYS,TN,ASO,ES,Towers with Radar,33,144,115,10,302,2,2,23,0,27,35,146,138,10,329,60,20,80,409
05/11/2002,TYS,TN,ASO,ES,Towers with Radar,18,81,65,2,166,5,5,56,0,66,23,86,121,2,232,110,0,110,342
05/12/2002,TYS,TN,ASO,ES,Towers with Radar,21,93,75,10,199,5,2,4,0,11,26,95,79,10,210,14,10,24,234
05/13/2002,TYS,TN,ASO,ES,Towers with Radar,22,97,78,3,200,3,41,0,0,44,25,138,78,3,244,10,8,18,262
05/14/2002,TYS,TN,ASO,ES,Towers with Radar,38,159,138,35,370,0,0,88,22,110,38,159,226,57,480,192,28,220,700
05/15/2002,TYS,TN,ASO,ES,Towers with Radar,32,148,130,33,343,0,0,87,19,106,32,148,217,52,449,138,38,176,625
05/16/2002,TYS,TN,ASO,ES,Towers with Radar,32,153,127,32,344,0,0,73,30,103,32,153,200,62,447,98,26,124,571
05/17/2002,TYS,TN,ASO,ES,Towers with Radar,31,137,110,28,306,2,8,28,29,67,33,145,138,57,373,54,14,68,441
05/18/2002,TYS,TN,ASO,ES,Towers with Radar,20,80,71,12,183,12,0,11,0,23,32,80,82,12,206,114,12,126,332
05/19/2002,TYS,TN,ASO,ES,Towers with Radar,25,98,88,22,233,2,0,85,0,87,27,98,173,22,320,90,0,90,410
05/20/2002,TYS,TN,ASO,ES,Towers with Radar,28,141,113,27,309,0,9,46,0,55,28,150,159,27,364,166,12,178,542
05/21/2002,TYS,TN,ASO,ES,Towers with Radar,36,154,130,32,352,3,0,87,17,107,39,154,217,49,459,90,36,126,585
05/22/2002,TYS,TN,ASO,ES,Towers with Radar,33,155,133,33,354,0,0,86,14,100,33,155,219,47,454,68,10,78,532
05/23/2002,TYS,TN,ASO,ES,Towers with Radar,31,154,130,32,347,0,0,104,10,114,31,154,234,42,461,74,14,88,549
05/24/2002,TYS,TN,ASO,ES,Towers with Radar,32,141,124,31,328,0,0,85,2,87,32,141,209,33,415,86,22,108,523
05/25/2002,TYS,TN,ASO,ES,Towers with Radar,19,87,69,7,182,8,0,67,0,75,27,87,136,7,257,37,3,40,297
05/26/2002,TYS,TN,ASO,ES,Towers with Radar,17,79,62,4,162,7,8,31,0,46,24,87,93,4,208,60,0,60,268
05/27/2002,TYS,TN,ASO,ES,Towers with Radar,20,106,83,3,212,0,2,25,0,27,20,108,108,3,239,46,0,46,285
05/28/2002,TYS,TN,ASO,ES,Towers with Radar,25,135,107,27,294,0,18,44,12,74,25,153,151,39,368,82,24,106,474
05/29/2002,TYS,TN,ASO,ES,Towers with Radar,32,138,109,27,306,0,8,66,14,88,32,146,175,41,394,110,10,120,514
05/30/2002,TYS,TN,ASO,ES,Towers with Radar,30,143,124,31,328,0,0,57,20,77,30,143,181,51,405,102,0,102,507
05/31/2002,TYS,TN,ASO,ES,Towers with Radar,32,143,113,28,316,1,3,78,10,92,33,146,191,38,408,76,6,82,490
06/01/2002,TYS,TN,ASO,ES,Towers with Radar,25,83,71,19,198,1,0,34,11,46,26,83,105,30,244,96,12,108,352
06/02/2002,TYS,TN,ASO,ES,Towers with Radar,24,91,71,17,203,5,3,29,0,37,29,94,100,17,240,52,2,54,294
06/03/2002,TYS,TN,ASO,ES,Towers with Radar,26,125,97,26,274,0,21,65,9,95,26,146,162,35,369,72,23,95,464
06/04/2002,TYS,TN,ASO,ES,Towers with Radar,34,126,97,26,283,0,5,59,15,79,34,131,156,41,362,34,32,66,428
06/05/2002,TYS,TN,ASO,ES,Towers with Radar,34,132,102,27,295,0,4,40,21,65,34,136,142,48,360,98,16,114,474
06/06/2002,TYS,TN,ASO,ES,Towers with Radar,36,139,107,14,296,2,18,73,0,93,38,157,180,14,389,20,2,22,411
06/07/2002,TYS,TN,ASO,ES,Towers with Radar,37,144,124,35,340,0,0,73,2,75,37,144,197,37,415,88,8,96,511
06/08/2002,TYS,TN,ASO,ES,Towers with Radar,23,92,71,9,195,12,4,41,0,57,35,96,112,9,252,110,0,110,362
06/09/2002,TYS,TN,ASO,ES,Towers with Radar,27,95,86,24,232,0,0,82,15,97,27,95,168,39,329,80,6,86,415
06/10/2002,TYS,TN,ASO,ES,Towers with Radar,27,134,103,29,293,0,18,62,5,85,27,152,165,34,378,24,0,24,402
06/11/2002,TYS,TN,ASO,ES,Towers with Radar,34,135,104,29,302,0,10,68,10,88,34,145,172,39,390,46,20,66,456
06/12/2002,TYS,TN,ASO,ES,Towers with Radar,36,143,118,33,330,0,0,91,3,94,36,143,209,36,424,102,24,126,550
06/13/2002,TYS,TN,ASO,ES,Towers with Radar,29,117,90,12,248,10,23,30,0,63,39,140,120,12,311,22,0,22,333
06/14/2002,TYS,TN,ASO,ES,Towers with Radar,35,141,109,23,308,3,6,26,0,35,38,147,135,23,343,126,8,134,477
06/15/2002,TYS,TN,ASO,ES,Towers with Radar,25,84,77,10,196,4,0,68,0,72,29,84,145,10,268,110,0,110,378
06/16/2002,TYS,TN,ASO,ES,Towers with Radar,25,93,77,16,211,0,0,80,0,80,25,93,157,16,291,92,4,96,387
06/17/2002,TYS,TN,ASO,ES,Towers with Radar,27,135,102,30,294,0,23,74,12,109,27,158,176,42,403,84,10,94,497
06/18/2002,TYS,TN,ASO,ES,Towers with Radar,34,138,105,21,298,0,8,77,0,85,34,146,182,21,383,94,20,114,497
06/19/2002,TYS,TN,ASO,ES,Towers with Radar,30,137,104,29,300,0,9,68,4,81,30,146,172,33,381,90,0,90,471
06/20/2002,TYS,TN,ASO,ES,Towers with Radar,33,149,116,33,331,0,0,47,26,73,33,149,163,59,404,94,70,164,568
06/21/2002,TYS,TN,ASO,ES,Towers with Radar,36,138,118,33,325,0,0,62,37,99,36,138,180,70,424,56,6,62,486
06/22/2002,TYS,TN,ASO,ES,Towers with Radar,25,93,74,7,199,5,0,58,0,63,30,93,132,7,262,76,0,76,338
06/23/2002,TYS,TN,ASO,ES,Towers with Radar,27,97,82,17,223,8,0,9,0,17,35,97,91,17,240,30,0,30,270
06/24/2002,TYS,TN,ASO,ES,Towers with Radar,27,114,86,15,242,0,21,30,0,51,27,135,116,15,293,72,0,72,365
06/25/2002,TYS,TN,ASO,ES,Towers with Radar,31,131,99,27,288,0,8,48,10,66,31,139,147,37,354,44,10,54,408
06/26/2002,TYS,TN,ASO,ES,Towers with Radar,35,143,114,31,323,0,0,47,32,79,35,143,161,63,402,90,76,166,568
06/27/2002,TYS,TN,ASO,ES,Towers with Radar,35,141,107,23,306,2,4,20,0,26,37,145,127,23,332,24,22,46,378
06/28/2002,TYS,TN,ASO,ES,Towers with Radar,30,138,120,33,321,0,0,35,16,51,30,138,155,49,372,30,14,44,416
06/29/2002,TYS,TN,ASO,ES,Towers with Radar,22,80,67,4,173,9,0,25,0,34,31,80,92,4,207,140,0,140,347
06/30/2002,TYS,TN,ASO,ES,Towers with Radar,25,98,77,9,209,1,0,40,0,41,26,98,117,9,250,60,0,60,310
07/01/2002,TYS,TN,ASO,ES,Towers with Radar,26,129,92,24,271,0,21,36,11,68,26,150,128,35,339,37,10,47,386
07/02/2002,TYS,TN,ASO,ES,Towers with Radar,30,141,101,17,289,0,1,37,0,38,30,142,138,17,327,48,0,48,375
07/03/2002,TYS,TN,ASO,ES,Towers with Radar,30,158,119,32,339,0,0,59,5,64,30,158,178,37,403,49,10,59,462
07/04/2002,TYS,TN,ASO,ES,Towers with Radar,15,84,61,8,168,0,15,14,0,29,15,99,75,8,197,44,4,48,245
07/05/2002,TYS,TN,ASO,ES,Towers with Radar,23,107,77,2,209,0,16,39,0,55,23,123,116,2,264,102,0,102,366
07/06/2002,TYS,TN,ASO,ES,Towers with Radar,21,96,69,12,198,4,0,46,0,50,25,96,115,12,248,30,0,30,278
07/07/2002,TYS,TN,ASO,ES,Towers with Radar,22,96,78,2,198,0,0,59,0,59,22,96,137,2,257,120,0,120,377
07/08/2002,TYS,TN,ASO,ES,Towers with Radar,24,142,102,28,296,0,0,63,34,97,24,142,165,62,393,104,14,118,511
07/09/2002,TYS,TN,ASO,ES,Towers with Radar,30,141,101,28,300,1,5,37,30,73,31,146,138,58,373,108,16,124,497
07/10/2002,TYS,TN,ASO,ES,Towers with Radar,32,145,104,28,309,0,8,43,8,59,32,153,147,36,368,38,22,60,428
07/11/2002,TYS,TN,ASO,ES,Towers with Radar,32,143,108,30,313,0,0,38,7,45,32,143,146,37,358,70,4,74,432
07/12/2002,TYS,TN,ASO,ES,Towers with Radar,32,151,118,32,333,0,0,7,33,40,32,151,125,65,373,68,35,103,476
07/13/2002,TYS,TN,ASO,ES,Towers with Radar,19,87,64,3,173,8,0,21,0,29,27,87,85,3,202,4,0,4,206
07/14/2002,TYS,TN,ASO,ES,Towers with Radar,20,91,65,18,194,3,5,1,2,11,23,96,66,20,205,24,34,58,263
07/15/2002,TYS,TN,ASO,ES,Towers with Radar,24,134,96,25,279,0,4,24,0,28,24,138,120,25,307,32,0,32,339
07/16/2002,TYS,TN,ASO,ES,Towers with Radar,29,138,98,27,292,4,11,47,2,64,33,149,145,29,356,72,14,86,442
07/17/2002,TYS,TN,ASO,ES,Towers with Radar,31,145,103,29,308,1,0,36,7,44,32,145,139,36,352,46,22,68,420
07/18/2002,TYS,TN,ASO,ES,Towers with Radar,31,142,114,32,319,0,0,87,7,94,31,142,201,39,413,56,8,64,477
07/19/2002,TYS,TN,ASO,ES,Towers with Radar,27,138,106,29,300,0,0,39,12,51,27,138,145,41,351,70,0,70,421
07/20/2002,TYS,TN,ASO,ES,Towers with Radar,19,90,63,18,190,12,2,8,5,27,31,92,71,23,217,102,0,102,319
07/21/2002,TYS,TN,ASO,ES,Towers with Radar,25,98,80,18,221,4,0,43,0,47,29,98,123,18,268,140,6,146,414
07/22/2002,TYS,TN,ASO,ES,Towers with Radar,32,146,102,26,306,6,22,45,0,73,38,168,147,26,379,70,0,70,449
07/23/2002,TYS,TN,ASO,ES,Towers with Radar,32,146,103,20,301,6,15,41,0,62,38,161,144,20,363,44,2,46,409
07/24/2002,TYS,TN,ASO,ES,Towers with Radar,31,152,107,29,319,0,1,21,29,51,31,153,128,58,370,70,24,94,464
07/25/2002,TYS,TN,ASO,ES,Towers with Radar,31,148,106,29,314,0,0,48,12,60,31,148,154,41,374,66,34,100,474
07/26/2002,TYS,TN,ASO,ES,Towers with Radar,32,149,115,31,327,0,0,43,27,70,32,149,158,58,397,138,46,184,581
07/27/2002,TYS,TN,ASO,ES,Towers with Radar,21,93,71,19,204,7,0,29,9,45,28,93,100,28,249,64,8,72,321
07/28/2002,TYS,TN,ASO,ES,Towers with Radar,19,101,71,12,203,0,0,53,0,53,19,101,124,12,256,70,2,72,328
07/29/2002,TYS,TN,ASO,ES,Towers with Radar,24,148,104,28,304,0,4,30,33,67,24,152,134,61,371,156,6,162,533
07/30/2002,TYS,TN,ASO,ES,Towers with Radar,27,128,90,24,269,4,17,45,11,77,31,145,135,35,346,90,14,104,450
07/31/2002,TYS,TN,ASO,ES,Towers with Radar,30,140,99,26,295,0,6,77,22,105,30,146,176,48,400,62,22,84,484
08/01/2002,TYS,TN,ASO,ES,Towers with Radar,35,146,108,37,326,11,0,37,27,75,46,146,145,64,401,82,22,104,505
08/02/2002,TYS,TN,ASO,ES,Towers with Radar,28,148,106,37,319,0,0,37,38,75,28,148,143,75,394,62,32,94,488
08/03/2002,TYS,TN,ASO,ES,Towers with Radar,24,95,75,26,220,9,0,47,0,56,33,95,122,26,276,82,0,82,358
08/04/2002,TYS,TN,ASO,ES,Towers with Radar,22,91,69,25,207,4,0,31,8,43,26,91,100,33,250,70,2,72,322
08/05/2002,TYS,TN,ASO,ES,Towers with Radar,25,120,83,18,246,0,26,44,0,70,25,146,127,18,316,66,8,74,390
08/06/2002,TYS,TN,ASO,ES,Towers with Radar,31,142,98,34,305,0,17,52,0,69,31,159,150,34,374,62,32,94,468
08/07/2002,TYS,TN,ASO,ES,Towers with Radar,35,161,116,41,353,0,0,77,26,103,35,161,193,67,456,72,30,102,558
08/08/2002,TYS,TN,ASO,ES,Towers with Radar,31,147,102,36,316,0,4,64,15,83,31,151,166,51,399,66,30,96,495
08/09/2002,TYS,TN,ASO,ES,Towers with Radar,30,146,107,37,320,0,0,57,36,93,30,146,164,73,413,68,8,76,489
08/10/2002,TYS,TN,ASO,ES,Towers with Radar,25,96,76,21,218,2,0,41,0,43,27,96,117,21,261,79,6,85,346
08/11/2002,TYS,TN,ASO,ES,Towers with Radar,21,100,76,26,223,0,0,30,20,50,21,100,106,46,273,52,16,68,341
08/12/2002,TYS,TN,ASO,ES,Towers with Radar,25,141,98,34,298,0,4,57,12,73,25,145,155,46,371,56,10,66,437
08/13/2002,TYS,TN,ASO,ES,Towers with Radar,32,148,102,35,317,0,9,32,24,65,32,157,134,59,382,110,4,114,496
08/14/2002,TYS,TN,ASO,ES,Towers with Radar,34,147,108,37,326,0,0,52,23,75,34,147,160,60,401,66,12,78,479
08/15/2002,TYS,TN,ASO,ES,Towers with Radar,32,155,114,40,341,0,0,54,27,81,32,155,168,67,422,116,24,140,562
08/16/2002,TYS,TN,ASO,ES,Towers with Radar,29,145,100,35,309,0,0,18,16,34,29,145,118,51,343,50,32,82,425
08/17/2002,TYS,TN,ASO,ES,Towers with Radar,19,90,61,23,193,6,6,17,28,57,25,96,78,51,250,30,27,57,307
08/18/2002,TYS,TN,ASO,ES,Towers with Radar,20,95,65,11,191,4,7,35,0,46,24,102,100,11,237,68,0,68,305
08/19/2002,TYS,TN,ASO,ES,Towers with Radar,25,137,93,17,272,0,23,41,0,64,25,160,134,17,336,74,20,94,430
08/20/2002,TYS,TN,ASO,ES,Towers with Radar,32,148,101,36,317,1,10,61,11,83,33,158,162,47,400,118,48,166,566
08/21/2002,TYS,TN,ASO,ES,Towers with Radar,30,141,96,34,301,2,15,49,13,79,32,156,145,47,380,78,18,96,476
08/22/2002,TYS,TN,ASO,ES,Towers with Radar,32,148,100,35,315,3,13,72,8,96,35,161,172,43,411,126,16,142,553
08/23/2002,TYS,TN,ASO,ES,Towers with Radar,29,150,111,39,329,0,0,66,18,84,29,150,177,57,413,66,54,120,533
08/24/2002,TYS,TN,ASO,ES,Towers with Radar,23,92,73,26,214,4,0,41,0,45,27,92,114,26,259,102,1,103,362
08/25/2002,TYS,TN,ASO,ES,Towers with Radar,21,95,68,8,192,2,0,7,0,9,23,95,75,8,201,26,0,26,227
08/26/2002,TYS,TN,ASO,ES,Towers with Radar,24,131,89,31,275,0,18,11,8,37,24,149,100,39,312,64,18,82,394
08/27/2002,TYS,TN,ASO,ES,Towers with Radar,32,148,101,36,317,1,8,44,10,63,33,156,145,46,380,44,32,76,456
08/28/2002,TYS,TN,ASO,ES,Towers with Radar,34,156,107,31,328,0,0,67,0,67,34,156,174,31,395,76,28,104,499
08/29/2002,TYS,TN,ASO,ES,Towers with Radar,30,147,106,37,320,0,0,66,19,85,30,147,172,56,405,114,72,186,591
08/30/2002,TYS,TN,ASO,ES,Towers with Radar,32,150,106,36,324,0,0,53,31,84,32,150,159,67,408,90,8,98,506
08/31/2002,TYS,TN,ASO,ES,Towers with Radar,16,77,53,2,148,7,16,43,0,66,23,93,96,2,214,48,0,48,262
09/01/2002,TYS,TN,ASO,ES,Towers with Radar,13,69,55,2,139,6,19,23,0,48,19,88,78,2,187,18,0,18,205
09/02/2002,TYS,TN,ASO,ES,Towers with Radar,17,93,74,5,189,3,2,28,0,33,20,95,102,5,222,54,0,54,276
09/03/2002,TYS,TN,ASO,ES,Towers with Radar,28,143,114,33,318,0,11,57,19,87,28,154,171,52,405,81,12,93,498
09/04/2002,TYS,TN,ASO,ES,Towers with Radar,30,152,122,35,339,0,0,49,16,65,30,152,171,51,404,20,8,28,432
09/05/2002,TYS,TN,ASO,ES,Towers with Radar,28,138,111,32,309,3,11,86,3,103,31,149,197,35,412,96,30,126,538
09/06/2002,TYS,TN,ASO,ES,Towers with Radar,28,139,113,33,313,2,0,79,33,114,30,139,192,66,427,90,38,128,555
09/07/2002,TYS,TN,ASO,ES,Towers with Radar,21,91,82,24,218,5,0,53,11,69,26,91,135,35,287,98,34,132,419
09/08/2002,TYS,TN,ASO,ES,Towers with Radar,20,95,90,27,232,0,0,73,10,83,20,95,163,37,315,100,4,104,419
09/09/2002,TYS,TN,ASO,ES,Towers with Radar,22,123,99,22,266,0,24,59,0,83,22,147,158,22,349,44,4,48,397
09/10/2002,TYS,TN,ASO,ES,Towers with Radar,28,137,110,32,307,0,10,71,12,93,28,147,181,44,400,66,68,134,534
09/11/2002,TYS,TN,ASO,ES,Towers with Radar,27,134,108,31,300,1,14,31,22,68,28,148,139,53,368,42,18,60,428
09/12/2002,TYS,TN,ASO,ES,Towers with Radar,28,149,126,36,339,0,0,86,19,105,28,149,212,55,444,98,22,120,564
09/13/2002,TYS,TN,ASO,ES,Towers with Radar,30,146,138,40,354,0,0,37,63,100,30,146,175,103,454,58,14,72,526
09/14/2002,TYS,TN,ASO,ES,Towers with Radar,16,79,55,19,169,6,9,0,3,18,22,88,55,22,187,12,30,42,229
09/15/2002,TYS,TN,ASO,ES,Towers with Radar,17,84,67,21,189,2,2,0,5,9,19,86,67,26,198,20,16,36,234
09/16/2002,TYS,TN,ASO,ES,Towers with Radar,22,136,109,30,297,0,14,33,0,47,22,150,142,30,344,78,0,78,422
09/17/2002,TYS,TN,ASO,ES,Towers with Radar,28,151,123,36,338,0,0,3,16,19,28,151,126,52,357,30,6,36,393
09/18/2002,TYS,TN,ASO,ES,Towers with Radar,29,145,116,21,311,7,18,10,0,35,36,163,126,21,346,90,0,90,436
09/19/2002,TYS,TN,ASO,ES,Towers with Radar,25,157,137,40,359,0,0,63,8,71,25,157,200,48,430,90,24,114,544
09/20/2002,TYS,TN,ASO,ES,Towers with Radar,33,153,131,39,356,12,0,54,27,93,45,153,185,66,449,54,20,74,523
09/21/2002,TYS,TN,ASO,ES,Towers with Radar,33,116,100,5,254,0,2,2,0,4,33,118,102,5,258,18,0,18,276
09/22/2002,TYS,TN,ASO,ES,Towers with Radar,2,3,49,4,58,0,0,48,0,48,2,3,97,4,106,8,0,8,114
09/23/2002,TYS,TN,ASO,ES,Towers with Radar,23,131,106,31,291,0,14,55,33,102,23,145,161,64,393,96,22,118,511
09/24/2002,TYS,TN,ASO,ES,Towers with Radar,29,143,116,32,320,2,4,65,18,89,31,147,181,50,409,98,16,114,523
09/25/2002,TYS,TN,ASO,ES,Towers with Radar,24,144,120,17,305,0,0,18,0,18,24,144,138,17,323,6,0,6,329
09/26/2002,TYS,TN,ASO,ES,Towers with Radar,29,151,99,3,282,0,2,0,0,2,29,153,99,3,284,6,0,6,290
09/27/2002,TYS,TN,ASO,ES,Towers with Radar,24,119,95,14,252,6,26,3,0,35,30,145,98,14,287,6,2,8,295
09/28/2002,TYS,TN,ASO,ES,Towers with Radar,20,88,80,4,192,0,0,50,0,50,20,88,130,4,242,98,20,118,360
09/29/2002,TYS,TN,ASO,ES,Towers with Radar,22,105,90,18,235,0,0,58,0,58,22,105,148,18,293,88,0,88,381
09/30/2002,TYS,TN,ASO,ES,Towers with Radar,23,130,104,29,286,0,10,51,24,85,23,140,155,53,371,116,28,144,515
10/01/2002,TYS,TN,ASO,ES,Towers with Radar,34,141,141,25,341,0,0,84,34,118,34,141,225,59,459,85,41,126,585
10/02/2002,TYS,TN,ASO,ES,Towers with Radar,29,144,119,21,313,0,6,59,1,66,29,150,178,22,379,86,4,90,469
10/03/2002,TYS,TN,ASO,ES,Towers with Radar,34,141,142,25,342,0,0,83,34,117,34,141,225,59,459,85,41,126,585
10/04/2002,TYS,TN,ASO,ES,Towers with Radar,26,133,109,19,287,6,11,25,1,43,32,144,134,20,330,18,10,28,358
10/05/2002,TYS,TN,ASO,ES,Towers with Radar,19,99,92,16,226,0,0,50,21,71,19,99,142,37,297,94,24,118,415
10/06/2002,TYS,TN,ASO,ES,Towers with Radar,22,107,94,17,240,3,0,75,12,90,25,107,169,29,330,78,14,92,422
10/07/2002,TYS,TN,ASO,ES,Towers with Radar,22,137,113,20,292,0,4,20,21,45,22,141,133,41,337,76,8,84,421
10/08/2002,TYS,TN,ASO,ES,Towers with Radar,30,148,126,22,326,1,0,20,11,32,31,148,146,33,358,36,0,36,394
10/09/2002,TYS,TN,ASO,ES,Towers with Radar,30,154,128,22,334,0,7,23,3,33,30,161,151,25,367,28,0,28,395
10/10/2002,TYS,TN,ASO,ES,Towers with Radar,44,149,128,2,323,0,1,1,0,2,44,150,129,2,325,2,0,2,327
10/11/2002,TYS,TN,ASO,ES,Towers with Radar,30,141,116,14,301,0,4,2,0,6,30,145,118,14,307,46,0,46,353
10/12/2002,TYS,TN,ASO,ES,Towers with Radar,20,99,82,3,204,7,0,6,0,13,27,99,88,3,217,12,0,12,229
10/13/2002,TYS,TN,ASO,ES,Towers with Radar,19,99,85,7,210,0,0,19,0,19,19,99,104,7,229,122,0,122,351
10/14/2002,TYS,TN,ASO,ES,Towers with Radar,23,109,103,6,241,0,0,81,0,81,23,109,184,6,322,112,0,112,434
10/15/2002,TYS,TN,ASO,ES,Towers with Radar,28,138,115,20,301,2,23,0,15,40,30,161,115,35,341,84,0,84,425
10/16/2002,TYS,TN,ASO,ES,Towers with Radar,33,160,132,23,348,0,5,29,15,49,33,165,161,38,397,44,28,72,469
10/17/2002,TYS,TN,ASO,ES,Towers with Radar,34,165,137,24,360,0,7,60,13,80,34,172,197,37,440,112,6,118,558
10/18/2002,TYS,TN,ASO,ES,Towers with Radar,27,159,135,24,345,0,0,86,12,98,27,159,221,36,443,84,4,88,531
10/19/2002,TYS,TN,ASO,ES,Towers with Radar,19,91,79,14,203,3,0,43,8,54,22,91,122,22,257,80,0,80,337
10/20/2002,TYS,TN,ASO,ES,Towers with Radar,23,98,75,13,209,1,0,0,0,1,24,98,75,13,210,28,10,38,248
10/21/2002,TYS,TN,ASO,ES,Towers with Radar,23,144,119,18,304,0,10,23,0,33,23,154,142,18,337,30,6,36,373
10/22/2002,TYS,TN,ASO,ES,Towers with Radar,30,157,132,23,342,0,0,75,10,85,30,157,207,33,427,66,26,92,519
10/23/2002,TYS,TN,ASO,ES,Towers with Radar,30,147,122,21,320,0,14,49,8,71,30,161,171,29,391,98,0,98,489
10/24/2002,TYS,TN,ASO,ES,Towers with Radar,29,147,120,18,314,0,12,0,0,12,29,159,120,18,326,36,0,36,362
10/25/2002,TYS,TN,ASO,ES,Towers with Radar,30,154,128,22,334,0,1,9,9,19,30,155,137,31,353,48,10,58,411
10/26/2002,TYS,TN,ASO,ES,Towers with Radar,26,94,106,3,229,5,0,13,0,18,31,94,119,3,247,2,0,2,249
10/27/2002,TYS,TN,ASO,ES,Towers with Radar,23,99,114,12,248,0,0,50,0,50,23,99,164,12,298,46,6,52,350
10/28/2002,TYS,TN,ASO,ES,Towers with Radar,24,112,93,5,234,3,40,4,0,47,27,152,97,5,281,4,0,4,285
10/29/2002,TYS,TN,ASO,ES,Towers with Radar,22,108,77,3,210,7,43,0,0,50,29,151,77,3,260,2,4,6,266
10/30/2002,TYS,TN,ASO,ES,Towers with Radar,30,143,119,21,313,5,6,32,12,55,35,149,151,33,368,36,16,52,420
10/31/2002,TYS,TN,ASO,ES,Towers with Radar,27,130,108,19,284,2,19,40,7,68,29,149,148,26,352,78,28,106,458
11/01/2002,TYS,TN,ASO,ES,Towers with Radar,28,141,114,29,312,0,0,52,23,75,28,141,166,52,387,56,34,90,477
11/02/2002,TYS,TN,ASO,ES,Towers with Radar,18,97,72,19,206,9,0,83,17,109,27,97,155,36,315,66,32,98,413
11/03/2002,TYS,TN,ASO,ES,Towers with Radar,18,98,69,18,203,1,1,39,9,50,19,99,108,27,253,50,22,72,325
11/04/2002,TYS,TN,ASO,ES,Towers with Radar,19,147,105,27,298,0,0,9,1,10,19,147,114,28,308,12,2,14,322
11/05/2002,TYS,TN,ASO,ES,Towers with Radar,27,155,79,13,274,0,2,1,0,3,27,157,80,13,277,2,0,2,279
11/06/2002,TYS,TN,ASO,ES,Towers with Radar,29,163,114,29,335,0,17,5,11,33,29,180,119,40,368,14,16,30,398
11/07/2002,TYS,TN,ASO,ES,Towers with Radar,27,176,123,32,358,0,6,74,20,100,27,182,197,52,458,78,24,102,560
11/08/2002,TYS,TN,ASO,ES,Towers with Radar,29,152,121,29,331,1,0,158,0,159,30,152,279,29,490,58,20,78,568
11/09/2002,TYS,TN,ASO,ES,Towers with Radar,23,105,99,2,229,0,0,96,0,96,23,105,195,2,325,71,0,71,396
11/10/2002,TYS,TN,ASO,ES,Towers with Radar,16,89,69,2,176,6,0,28,0,34,22,89,97,2,210,28,0,28,238
11/11/2002,TYS,TN,ASO,ES,Towers with Radar,20,136,97,27,280,0,0,44,18,62,20,136,141,45,342,92,8,100,442
11/12/2002,TYS,TN,ASO,ES,Towers with Radar,26,168,117,32,343,0,7,7,42,56,26,175,124,74,399,82,18,100,499
11/13/2002,TYS,TN,ASO,ES,Towers with Radar,25,173,125,33,356,0,0,84,22,106,25,173,209,55,462,172,20,192,654
11/14/2002,TYS,TN,ASO,ES,Towers with Radar,27,166,116,31,340,0,5,100,23,128,27,171,216,54,468,114,52,166,634
11/15/2002,TYS,TN,ASO,ES,Towers with Radar,24,144,101,27,296,4,11,11,19,45,28,155,112,46,341,48,50,98,439
11/16/2002,TYS,TN,ASO,ES,Towers with Radar,13,79,49,9,150,15,12,0,0,27,28,91,49,9,177,8,154,162,339
11/17/2002,TYS,TN,ASO,ES,Towers with Radar,14,84,60,12,170,3,22,0,0,25,17,106,60,12,195,10,22,32,227
11/18/2002,TYS,TN,ASO,ES,Towers with Radar,19,149,104,28,300,0,0,53,12,65,19,149,157,40,365,100,18,118,483
11/19/2002,TYS,TN,ASO,ES,Towers with Radar,25,148,102,23,298,0,6,16,0,22,25,154,118,23,320,8,12,20,340
11/20/2002,TYS,TN,ASO,ES,Towers with Radar,27,158,108,30,323,2,0,0,21,23,29,158,108,51,346,52,8,60,406
11/21/2002,TYS,TN,ASO,ES,Towers with Radar,26,157,121,32,336,0,0,10,38,48,26,157,131,70,384,18,6,24,408
11/22/2002,TYS,TN,ASO,ES,Towers with Radar,21,126,87,24,258,3,17,2,12,34,24,143,89,36,292,52,10,62,354
11/23/2002,TYS,TN,ASO,ES,Towers with Radar,16,97,67,1,181,4,4,86,0,94,20,101,153,1,275,134,0,134,409
11/24/2002,TYS,TN,ASO,ES,Towers with Radar,15,95,65,13,188,0,14,75,0,89,15,109,140,13,277,86,0,86,363
11/25/2002,TYS,TN,ASO,ES,Towers with Radar,18,129,89,23,259,0,13,62,38,113,18,142,151,61,372,116,60,176,548
11/26/2002,TYS,TN,ASO,ES,Towers with Radar,28,155,123,31,337,0,0,52,21,73,28,155,175,52,410,92,44,136,546
11/27/2002,TYS,TN,ASO,ES,Towers with Radar,26,151,119,30,326,0,0,6,0,6,26,151,125,30,332,28,12,40,372
11/28/2002,TYS,TN,ASO,ES,Towers with Radar,9,60,27,0,96,0,30,0,0,30,9,90,27,0,126,12,0,12,138
11/29/2002,TYS,TN,ASO,ES,Towers with Radar,12,94,66,2,174,0,15,44,0,59,12,109,110,2,233,36,30,66,299
11/30/2002,TYS,TN,ASO,ES,Towers with Radar,16,94,66,2,178,2,7,30,0,39,18,101,96,2,217,27,0,27,244
12/01/2002,TYS,TN,ASO,ES,Towers with Radar,18,113,92,7,230,0,0,65,0,65,18,113,157,7,295,58,0,58,353
12/02/2002,TYS,TN,ASO,ES,Towers with Radar,18,137,91,23,269,0,14,17,28,59,18,151,108,51,328,16,34,50,378
12/03/2002,TYS,TN,ASO,ES,Towers with Radar,31,165,108,27,331,0,1,50,28,79,31,166,158,55,410,70,18,88,498
12/04/2002,TYS,TN,ASO,ES,Towers with Radar,27,132,55,2,216,0,2,0,0,2,27,134,55,2,218,8,0,8,226
12/05/2002,TYS,TN,ASO,ES,Towers with Radar,27,135,89,23,274,4,22,8,6,40,31,157,97,29,314,6,0,6,320
12/06/2002,TYS,TN,ASO,ES,Towers with Radar,32,153,113,28,326,0,0,44,49,93,32,153,157,77,419,68,12,80,499
12/07/2002,TYS,TN,ASO,ES,Towers with Radar,22,102,72,18,214,3,0,101,5,109,25,102,173,23,323,92,2,94,417
12/08/2002,TYS,TN,ASO,ES,Towers with Radar,21,99,69,11,200,1,0,66,0,67,22,99,135,11,267,130,4,134,401
12/09/2002,TYS,TN,ASO,ES,Towers with Radar,21,132,87,12,252,0,23,44,0,67,21,155,131,12,319,57,4,61,380
12/10/2002,TYS,TN,ASO,ES,Towers with Radar,30,151,100,25,306,2,0,20,28,50,32,151,120,53,356,36,22,58,414
12/11/2002,TYS,TN,ASO,ES,Towers with Radar,31,152,104,26,313,10,0,22,9,41,41,152,126,35,354,4,6,10,364
12/12/2002,TYS,TN,ASO,ES,Towers with Radar,31,161,131,33,356,0,0,20,33,53,31,161,151,66,409,24,18,42,451
12/13/2002,TYS,TN,ASO,ES,Towers with Radar,24,125,67,2,218,16,15,0,0,31,40,140,67,2,249,12,0,12,261
12/14/2002,TYS,TN,ASO,ES,Towers with Radar,16,78,41,2,137,3,17,0,0,20,19,95,41,2,157,24,0,24,181
12/15/2002,TYS,TN,ASO,ES,Towers with Radar,19,99,66,1,185,4,1,73,0,78,23,100,139,1,263,103,0,103,366
12/16/2002,TYS,TN,ASO,ES,Towers with Radar,23,147,101,25,296,0,0,69,25,94,23,147,170,50,390,110,12,122,512
12/17/2002,TYS,TN,ASO,ES,Towers with Radar,33,148,111,28,320,0,0,59,35,94,33,148,170,63,414,58,33,91,505
12/18/2002,TYS,TN,ASO,ES,Towers with Radar,37,156,123,31,347,2,0,82,35,119,39,156,205,66,466,122,20,142,608
12/19/2002,TYS,TN,ASO,ES,Towers with Radar,28,145,94,24,291,5,20,0,7,32,33,165,94,31,323,12,23,35,358
12/20/2002,TYS,TN,ASO,ES,Towers with Radar,31,155,102,26,314,0,0,47,6,53,31,155,149,32,367,30,0,30,397
12/21/2002,TYS,TN,ASO,ES,Towers with Radar,22,101,78,19,220,0,0,99,0,99,22,101,177,19,319,140,4,144,463
12/22/2002,TYS,TN,ASO,ES,Towers with Radar,19,98,65,16,198,0,1,8,20,29,19,99,73,36,227,84,28,112,339
12/23/2002,TYS,TN,ASO,ES,Towers with Radar,22,129,85,3,239,0,10,63,0,73,22,139,148,3,312,94,0,94,406
12/24/2002,TYS,TN,ASO,ES,Towers with Radar,14,75,22,0,111,15,53,0,0,68,29,128,22,0,179,0,0,0,179
12/25/2002,TYS,TN,ASO,ES,Towers with Radar,8,49,10,0,67,0,38,0,0,38,8,87,10,0,105,0,0,0,105
12/26/2002,TYS,TN,ASO,ES,Towers with Radar,26,142,95,13,276,0,0,35,0,35,26,142,130,13,311,56,2,58,369
12/27/2002,TYS,TN,ASO,ES,Towers with Radar,23,130,93,23,269,0,0,66,2,68,23,130,159,25,337,47,12,59,396
12/28/2002,TYS,TN,ASO,ES,Towers with Radar,18,88,62,0,168,0,0,76,0,76,18,88,138,0,244,80,0,80,324
12/29/2002,TYS,TN,ASO,ES,Towers with Radar,17,96,66,0,179,0,0,91,0,91,17,96,157,0,270,78,0,78,348
12/30/2002,TYS,TN,ASO,ES,Towers with Radar,16,148,97,23,284,0,11,38,22,71,16,159,135,45,355,97,24,121,476
12/31/2002,TYS,TN,ASO,ES,Towers with Radar,22,114,75,18,229,5,3,11,22,41,27,117,86,40,270,62,40,102,372
01/01/2003,TYS,TN,ASO,ES,Towers with Radar,14,73,39,0,126,1,14,0,0,15,15,87,39,0,141,16,0,16,157
01/02/2003,TYS,TN,ASO,ES,Towers with Radar,20,129,78,23,250,0,8,0,21,29,20,137,78,44,279,20,18,38,317
01/03/2003,TYS,TN,ASO,ES,Towers with Radar,26,137,58,25,246,17,17,0,23,57,43,154,58,48,303,6,42,48,351
01/04/2003,TYS,TN,ASO,ES,Towers with Radar,15,90,72,3,180,0,0,94,0,94,15,90,166,3,274,180,0,180,454
01/05/2003,TYS,TN,ASO,ES,Towers with Radar,17,89,57,4,167,5,8,35,0,48,22,97,92,4,215,103,0,103,318
01/06/2003,TYS,TN,ASO,ES,Towers with Radar,17,118,76,4,215,0,32,18,0,50,17,150,94,4,265,24,8,32,297
01/07/2003,TYS,TN,ASO,ES,Towers with Radar,28,146,94,26,294,1,7,33,29,70,29,153,127,55,364,30,24,54,418
01/08/2003,TYS,TN,ASO,ES,Towers with Radar,22,127,92,26,267,0,0,55,17,72,22,127,147,43,339,46,6,52,391
01/09/2003,TYS,TN,ASO,ES,Towers with Radar,28,145,98,28,299,0,0,51,13,64,28,145,149,41,363,74,12,86,449
01/10/2003,TYS,TN,ASO,ES,Towers with Radar,24,126,85,24,259,0,0,49,35,84,24,126,134,59,343,62,12,74,417
01/11/2003,TYS,TN,ASO,ES,Towers with Radar,16,90,66,19,191,0,0,94,15,109,16,90,160,34,300,112,22,134,434
01/12/2003,TYS,TN,ASO,ES,Towers with Radar,18,92,80,20,210,0,0,55,0,55,18,92,135,20,265,78,10,88,353
01/13/2003,TYS,TN,ASO,ES,Towers with Radar,27,151,99,28,305,0,0,27,22,49,27,151,126,50,354,54,35,89,443
01/14/2003,TYS,TN,ASO,ES,Towers with Radar,27,142,93,26,288,0,2,44,10,56,27,144,137,36,344,12,0,12,356
01/15/2003,TYS,TN,ASO,ES,Towers with Radar,30,143,113,30,316,0,0,66,45,111,30,143,179,75,427,20,48,68,495
01/16/2003,TYS,TN,ASO,ES,Towers with Radar,26,125,84,22,257,9,0,15,10,34,35,125,99,32,291,12,16,28,319
01/17/2003,TYS,TN,ASO,ES,Towers with Radar,22,109,65,11,207,7,33,0,0,40,29,142,65,11,247,10,0,10,257
01/18/2003,TYS,TN,ASO,ES,Towers with Radar,14,73,48,13,148,1,16,21,10,48,15,89,69,23,196,46,16,62,258
01/19/2003,TYS,TN,ASO,ES,Towers with Radar,18,85,56,15,174,5,8,6,17,36,23,93,62,32,210,46,18,64,274
01/20/2003,TYS,TN,ASO,ES,Towers with Radar,23,115,76,6,220,1,4,57,0,62,24,119,133,6,282,74,0,74,356
01/21/2003,TYS,TN,ASO,ES,Towers with Radar,28,141,92,25,286,0,9,6,15,30,28,150,98,40,316,24,40,64,380
01/22/2003,TYS,TN,ASO,ES,Towers with Radar,29,143,93,25,290,3,3,29,16,51,32,146,122,41,341,66,0,66,407
01/23/2003,TYS,TN,ASO,ES,Towers with Radar,23,114,68,1,206,6,30,0,0,36,29,144,68,1,242,23,0,23,265
01/24/2003,TYS,TN,ASO,ES,Towers with Radar,25,133,87,23,268,0,18,17,8,43,25,151,104,31,311,42,10,52,363
01/25/2003,TYS,TN,ASO,ES,Towers with Radar,16,89,65,5,175,0,0,53,0,53,16,89,118,5,228,20,0,20,248
01/26/2003,TYS,TN,ASO,ES,Towers with Radar,14,73,48,4,139,8,16,27,0,51,22,89,75,4,190,52,4,56,246
01/27/2003,TYS,TN,ASO,ES,Towers with Radar,17,156,103,28,304,0,0,34,25,59,17,156,137,53,363,54,34,88,451
01/28/2003,TYS,TN,ASO,ES,Towers with Radar,28,139,90,24,281,0,0,37,9,46,28,139,127,33,327,44,16,60,387
01/29/2003,TYS,TN,ASO,ES,Towers with Radar,19,54,58,8,139,9,0,44,0,53,28,54,102,8,192,0,8,8,200
01/30/2003,TYS,TN,ASO,ES,Towers with Radar,30,135,102,27,294,0,0,42,0,42,30,135,144,27,336,10,2,12,348
01/31/2003,TYS,TN,ASO,ES,Towers with Radar,28,143,92,25,288,0,0,33,38,71,28,143,125,63,359,8,30,38,397
02/01/2003,TYS,TN,ASO,ES,Towers with Radar,18,88,58,14,178,3,1,40,0,44,21,89,98,14,222,30,24,54,276
02/02/2003,TYS,TN,ASO,ES,Towers with Radar,20,90,65,15,190,3,0,93,2,98,23,90,158,17,288,78,20,98,386
02/03/2003,TYS,TN,ASO,ES,Towers with Radar,23,116,74,8,221,0,32,24,0,56,23,148,98,8,277,46,6,52,329
02/04/2003,TYS,TN,ASO,ES,Towers with Radar,27,136,87,22,272,2,4,36,0,42,29,140,123,22,314,46,15,61,375
02/05/2003,TYS,TN,ASO,ES,Towers with Radar,33,149,113,28,323,0,0,83,25,108,33,149,196,53,431,88,28,116,547
02/06/2003,TYS,TN,ASO,ES,Towers with Radar,24,120,67,20,231,16,32,0,30,78,40,152,67,50,309,20,46,66,375
02/07/2003,TYS,TN,ASO,ES,Towers with Radar,23,148,98,8,277,0,0,0,0,0,23,148,98,8,277,0,0,0,277
02/08/2003,TYS,TN,ASO,ES,Towers with Radar,14,102,66,16,198,0,9,90,0,99,14,111,156,16,297,78,6,84,381
02/09/2003,TYS,TN,ASO,ES,Towers with Radar,17,96,62,4,179,0,10,54,0,64,17,106,116,4,243,60,0,60,303
02/10/2003,TYS,TN,ASO,ES,Towers with Radar,21,108,69,17,215,2,32,2,2,38,23,140,71,19,253,16,0,16,269
02/11/2003,TYS,TN,ASO,ES,Towers with Radar,28,139,88,21,276,5,13,48,12,78,33,152,136,33,354,42,14,56,410
02/12/2003,TYS,TN,ASO,ES,Towers with Radar,31,137,96,23,287,1,0,65,13,79,32,137,161,36,366,18,18,36,402
02/13/2003,TYS,TN,ASO,ES,Towers with Radar,33,136,103,25,297,0,0,130,9,139,33,136,233,34,436,122,8,130,566
02/14/2003,TYS,TN,ASO,ES,Towers with Radar,23,112,71,6,212,8,19,9,0,36,31,131,80,6,248,10,0,10,258
02/15/2003,TYS,TN,ASO,ES,Towers with Radar,18,88,24,1,131,1,2,1,0,4,19,90,25,1,135,0,0,0,135
02/16/2003,TYS,TN,ASO,ES,Towers with Radar,12,59,38,1,110,8,13,8,0,29,20,72,46,1,139,8,0,8,147
02/17/2003,TYS,TN,ASO,ES,Towers with Radar,17,86,55,0,158,8,16,2,0,26,25,102,57,0,184,0,0,0,184
02/18/2003,TYS,TN,ASO,ES,Towers with Radar,28,164,108,26,326,0,0,10,8,18,28,164,118,34,344,92,0,92,436
02/19/2003,TYS,TN,ASO,ES,Towers with Radar,29,154,98,24,305,0,3,69,36,108,29,157,167,60,413,80,8,88,501
02/20/2003,TYS,TN,ASO,ES,Towers with Radar,26,146,115,28,315,0,0,23,14,37,26,146,138,42,352,10,6,16,368
02/21/2003,TYS,TN,ASO,ES,Towers with Radar,27,141,93,22,283,0,0,10,9,19,27,141,103,31,302,16,0,16,318
02/22/2003,TYS,TN,ASO,ES,Towers with Radar,12,58,21,2,93,9,37,0,0,46,21,95,21,2,139,14,0,14,153
02/23/2003,TYS,TN,ASO,ES,Towers with Radar,18,85,58,11,172,1,0,46,0,47,19,85,104,11,219,86,0,86,305
02/24/2003,TYS,TN,ASO,ES,Towers with Radar,22,140,89,21,272,0,12,12,36,60,22,152,101,57,332,60,20,80,412
02/25/2003,TYS,TN,ASO,ES,Towers with Radar,22,106,68,17,213,4,39,5,7,55,26,145,73,24,268,46,28,74,342
02/26/2003,TYS,TN,ASO,ES,Towers with Radar,30,122,62,2,216,0,3,0,0,3,30,125,62,2,219,0,6,6,225
02/27/2003,TYS,TN,ASO,ES,Towers with Radar,25,118,71,15,229,12,30,0,0,42,37,148,71,15,271,4,0,4,275
02/28/2003,TYS,TN,ASO,ES,Towers with Radar,28,143,106,26,303,0,0,17,13,30,28,143,123,39,333,94,18,112,445
03/01/2003,TYS,TN,ASO,ES,Towers with Radar,19,97,80,20,216,0,0,60,16,76,19,97,140,36,292,62,14,76,368
03/02/2003,TYS,TN,ASO,ES,Towers with Radar,21,87,65,7,180,4,6,2,0,12,25,93,67,7,192,68,20,88,280
03/03/2003,TYS,TN,ASO,ES,Towers with Radar,31,132,100,16,279,0,14,85,0,99,31,146,185,16,378,138,0,138,516
03/04/2003,TYS,TN,ASO,ES,Towers with Radar,33,139,110,27,309,0,0,88,43,131,33,139,198,70,440,182,42,224,664
03/05/2003,TYS,TN,ASO,ES,Towers with Radar,37,155,116,30,338,1,3,35,7,46,38,158,151,37,384,50,8,58,442
03/06/2003,TYS,TN,ASO,ES,Towers with Radar,37,158,122,32,349,0,0,45,13,58,37,158,167,45,407,84,12,96,503
03/07/2003,TYS,TN,ASO,ES,Towers with Radar,32,139,105,27,303,0,2,70,7,79,32,141,175,34,382,118,8,126,508
03/08/2003,TYS,TN,ASO,ES,Towers with Radar,21,94,72,18,205,0,0,48,0,48,21,94,120,18,253,108,0,108,361
03/09/2003,TYS,TN,ASO,ES,Towers with Radar,20,87,66,17,190,6,5,63,0,74,26,92,129,17,264,82,0,82,346
03/10/2003,TYS,TN,ASO,ES,Towers with Radar,21,133,100,26,280,0,16,70,12,98,21,149,170,38,378,70,24,94,472
03/11/2003,TYS,TN,ASO,ES,Towers with Radar,31,128,101,26,286,3,0,80,1,84,34,128,181,27,370,42,14,56,426
03/12/2003,TYS,TN,ASO,ES,Towers with Radar,31,149,113,29,322,0,0,89,4,93,31,149,202,33,415,64,16,80,495
03/13/2003,TYS,TN,ASO,ES,Towers with Radar,36,153,119,31,339,0,0,34,16,50,36,153,153,47,389,76,18,94,483
03/14/2003,TYS,TN,ASO,ES,Towers with Radar,32,142,118,23,315,0,0,66,0,66,32,142,184,23,381,94,8,102,483
03/15/2003,TYS,TN,ASO,ES,Towers with Radar,20,87,67,7,181,5,0,23,0,28,25,87,90,7,209,70,0,70,279
03/16/2003,TYS,TN,ASO,ES,Towers with Radar,25,83,86,22,216,0,0,25,2,27,25,83,111,24,243,86,0,86,329
03/17/2003,TYS,TN,ASO,ES,Towers with Radar,25,125,93,20,263,0,18,24,0,42,25,143,117,20,305,35,26,61,366
03/18/2003,TYS,TN,ASO,ES,Towers with Radar,33,141,104,27,305,4,9,28,0,41,37,150,132,27,346,79,0,79,425
03/19/2003,TYS,TN,ASO,ES,Towers with Radar,25,111,82,4,222,7,35,12,0,54,32,146,94,4,276,30,0,30,306
03/20/2003,TYS,TN,ASO,ES,Towers with Radar,28,123,91,19,261,8,16,35,0,59,36,139,126,19,320,48,14,62,382
03/21/2003,TYS,TN,ASO,ES,Towers with Radar,27,156,118,30,331,0,0,10,27,37,27,156,128,57,368,58,6,64,432
03/22/2003,TYS,TN,ASO,ES,Towers with Radar,23,94,75,10,202,1,0,63,0,64,24,94,138,10,266,65,0,65,331
03/23/2003,TYS,TN,ASO,ES,Towers with Radar,23,86,75,19,203,4,0,51,8,63,27,86,126,27,266,96,6,102,368
03/24/2003,TYS,TN,ASO,ES,Towers with Radar,26,138,102,26,292,0,6,46,3,55,26,144,148,29,347,40,8,48,395
03/25/2003,TYS,TN,ASO,ES,Towers with Radar,31,141,104,26,302,0,8,31,52,91,31,149,135,78,393,94,28,122,515
03/26/2003,TYS,TN,ASO,ES,Towers with Radar,35,153,116,26,330,0,0,29,0,29,35,153,145,26,359,38,0,38,397
03/27/2003,TYS,TN,ASO,ES,Towers with Radar,33,145,115,29,322,0,0,71,37,108,33,145,186,66,430,86,18,104,534
03/28/2003,TYS,TN,ASO,ES,Towers with Radar,33,140,104,26,303,3,0,43,7,53,36,140,147,33,356,46,8,54,410
03/29/2003,TYS,TN,ASO,ES,Towers with Radar,19,80,55,4,158,13,0,0,0,13,32,80,55,4,171,6,0,6,177
03/30/2003,TYS,TN,ASO,ES,Towers with Radar,20,89,65,5,179,3,3,14,0,20,23,92,79,5,199,24,0,24,223
03/31/2003,TYS,TN,ASO,ES,Towers with Radar,28,124,92,23,267,3,19,40,6,68,31,143,132,29,335,88,10,98,433
04/01/2003,TYS,TN,ASO,ES,Towers with Radar,33,137,109,24,303,3,0,56,5,64,36,137,165,29,367,10,0,10,377
04/02/2003,TYS,TN,ASO,ES,Towers with Radar,31,143,106,23,303,0,0,63,14,77,31,143,169,37,380,18,0,18,398
04/03/2003,TYS,TN,ASO,ES,Towers with Radar,35,163,121,27,346,1,0,62,0,63,36,163,183,27,409,98,10,108,517
04/04/2003,TYS,TN,ASO,ES,Towers with Radar,29,136,98,21,284,7,0,18,0,25,36,136,116,21,309,68,18,86,395
04/05/2003,TYS,TN,ASO,ES,Towers with Radar,18,84,64,9,175,10,0,52,0,62,28,84,116,9,237,74,2,76,313
04/06/2003,TYS,TN,ASO,ES,Towers with Radar,18,93,85,19,215,0,0,31,3,34,18,93,116,22,249,46,20,66,315
04/07/2003,TYS,TN,ASO,ES,Towers with Radar,19,94,28,9,150,3,59,0,0,62,22,153,28,9,212,32,0,32,244
04/08/2003,TYS,TN,ASO,ES,Towers with Radar,30,156,125,28,339,0,0,9,58,67,30,156,134,86,406,22,2,24,430
04/09/2003,TYS,TN,ASO,ES,Towers with Radar,31,156,95,25,307,0,14,0,14,28,31,170,95,39,335,16,0,16,351
04/10/2003,TYS,TN,ASO,ES,Towers with Radar,21,103,74,5,203,5,43,3,0,51,26,146,77,5,254,0,14,14,268
04/11/2003,TYS,TN,ASO,ES,Towers with Radar,24,147,125,28,324,0,0,47,42,89,24,147,172,70,413,54,8,62,475
04/12/2003,TYS,TN,ASO,ES,Towers with Radar,20,89,85,9,203,0,0,102,0,102,20,89,187,9,305,101,0,101,406
04/13/2003,TYS,TN,ASO,ES,Towers with Radar,22,88,78,15,203,0,0,91,0,91,22,88,169,15,294,132,0,132,426
04/14/2003,TYS,TN,ASO,ES,Towers with Radar,21,125,89,11,246,0,28,77,0,105,21,153,166,11,351,110,0,110,461
04/15/2003,TYS,TN,ASO,ES,Towers with Radar,28,138,99,23,288,2,10,44,5,61,30,148,143,28,349,62,6,68,417
04/16/2003,TYS,TN,ASO,ES,Towers with Radar,26,124,89,20,259,0,14,63,5,82,26,138,152,25,341,56,0,56,397
04/17/2003,TYS,TN,ASO,ES,Towers with Radar,26,124,89,20,259,2,17,6,6,31,28,141,95,26,290,6,4,10,300
04/18/2003,TYS,TN,ASO,ES,Towers with Radar,27,148,105,24,304,0,0,28,14,42,27,148,133,38,346,26,0,26,372
04/19/2003,TYS,TN,ASO,ES,Towers with Radar,19,92,66,5,182,1,0,51,0,52,20,92,117,5,234,42,2,44,278
04/20/2003,TYS,TN,ASO,ES,Towers with Radar,17,80,56,0,153,6,9,7,0,22,23,89,63,0,175,6,0,6,181
04/21/2003,TYS,TN,ASO,ES,Towers with Radar,20,128,90,17,255,0,12,22,0,34,20,140,112,17,289,26,2,28,317
04/22/2003,TYS,TN,ASO,ES,Towers with Radar,32,142,120,26,320,0,0,52,26,78,32,142,172,52,398,40,26,66,464
04/23/2003,TYS,TN,ASO,ES,Towers with Radar,31,142,111,24,308,1,0,68,23,92,32,142,179,47,400,76,30,106,506
04/24/2003,TYS,TN,ASO,ES,Towers with Radar,31,153,108,24,316,0,0,34,4,38,31,153,142,28,354,10,8,18,372
04/25/2003,TYS,TN,ASO,ES,Towers with Radar,25,127,90,20,262,4,9,19,16,48,29,136,109,36,310,18,8,26,336
04/26/2003,TYS,TN,ASO,ES,Towers with Radar,16,90,69,15,190,0,0,0,10,10,16,90,69,25,200,18,26,44,244
04/27/2003,TYS,TN,ASO,ES,Towers with Radar,19,94,72,16,201,0,0,33,0,33,19,94,105,16,234,82,0,82,316
04/28/2003,TYS,TN,ASO,ES,Towers with Radar,25,126,89,19,259,4,17,52,6,79,29,143,141,25,338,30,2,32,370
04/29/2003,TYS,TN,ASO,ES,Towers with Radar,28,138,98,21,285,0,19,61,1,81,28,157,159,22,366,44,16,60,426
04/30/2003,TYS,TN,ASO,ES,Towers with Radar,31,150,111,25,317,0,0,67,16,83,31,150,178,41,400,74,4,78,478
05/01/2003,TYS,TN,ASO,ES,Towers with Radar,31,145,91,23,290,1,3,22,6,32,32,148,113,29,322,58,12,70,392
05/02/2003,TYS,TN,ASO,ES,Towers with Radar,34,145,99,24,302,1,0,56,0,57,35,145,155,24,359,18,0,18,377
05/03/2003,TYS,TN,ASO,ES,Towers with Radar,18,101,63,16,198,0,2,3,25,30,18,103,66,41,228,56,22,78,306
05/04/2003,TYS,TN,ASO,ES,Towers with Radar,18,106,80,20,224,0,0,64,39,103,18,106,144,59,327,118,0,118,445
05/05/2003,TYS,TN,ASO,ES,Towers with Radar,16,87,38,3,144,0,59,0,0,59,16,146,38,3,203,0,0,0,203
05/06/2003,TYS,TN,ASO,ES,Towers with Radar,24,106,38,10,178,10,53,0,0,63,34,159,38,10,241,18,0,18,259
05/07/2003,TYS,TN,ASO,ES,Towers with Radar,24,113,63,2,202,10,44,0,0,54,34,157,63,2,256,8,0,8,264
05/08/2003,TYS,TN,ASO,ES,Towers with Radar,31,147,94,25,297,0,0,17,14,31,31,147,111,39,328,40,16,56,384
05/09/2003,TYS,TN,ASO,ES,Towers with Radar,33,153,100,17,303,4,0,32,0,36,37,153,132,17,339,56,0,56,395
05/10/2003,TYS,TN,ASO,ES,Towers with Radar,19,85,54,14,172,1,8,22,3,34,20,93,76,17,206,66,2,68,274
05/11/2003,TYS,TN,ASO,ES,Towers with Radar,16,77,44,5,142,5,20,0,0,25,21,97,44,5,167,4,0,4,171
05/12/2003,TYS,TN,ASO,ES,Towers with Radar,23,150,94,25,292,0,0,54,13,67,23,150,148,38,359,44,12,56,415
05/13/2003,TYS,TN,ASO,ES,Towers with Radar,30,164,108,28,330,0,0,87,54,141,30,164,195,82,471,64,12,76,547
05/14/2003,TYS,TN,ASO,ES,Towers with Radar,31,155,101,26,313,0,0,39,7,46,31,155,140,33,359,36,36,72,431
05/15/2003,TYS,TN,ASO,ES,Towers with Radar,28,158,102,27,315,0,0,39,3,42,28,158,141,30,357,20,10,30,387
05/16/2003,TYS,TN,ASO,ES,Towers with Radar,31,147,100,26,304,0,0,0,30,30,31,147,100,56,334,42,12,54,388
05/17/2003,TYS,TN,ASO,ES,Towers with Radar,15,73,42,12,142,5,34,0,3,42,20,107,42,15,184,6,2,8,192
05/18/2003,TYS,TN,ASO,ES,Towers with Radar,22,103,66,15,206,9,0,35,0,44,31,103,101,15,250,72,0,72,322
05/19/2003,TYS,TN,ASO,ES,Towers with Radar,26,150,93,24,293,0,0,37,15,52,26,150,130,39,345,56,24,80,425
05/20/2003,TYS,TN,ASO,ES,Towers with Radar,32,150,92,23,297,3,4,16,28,51,35,154,108,51,348,26,62,88,436
05/21/2003,TYS,TN,ASO,ES,Towers with Radar,28,135,83,21,267,1,16,2,5,24,29,151,85,26,291,0,6,6,297
05/22/2003,TYS,TN,ASO,ES,Towers with Radar,34,154,113,29,330,0,0,39,34,73,34,154,152,63,403,40,32,72,475
05/23/2003,TYS,TN,ASO,ES,Towers with Radar,31,143,113,23,310,0,0,31,0,31,31,143,144,23,341,42,34,76,417
05/24/2003,TYS,TN,ASO,ES,Towers with Radar,20,94,62,2,178,0,0,93,0,93,20,94,155,2,271,133,0,133,404
05/25/2003,TYS,TN,ASO,ES,Towers with Radar,19,91,56,1,167,13,4,25,0,42,32,95,81,1,209,130,0,130,339
05/26/2003,TYS,TN,ASO,ES,Towers with Radar,20,115,78,12,225,0,0,60,0,60,20,115,138,12,285,70,0,70,355
05/27/2003,TYS,TN,ASO,ES,Towers with Radar,28,141,98,25,292,0,0,73,21,94,28,141,171,46,386,59,18,77,463
05/28/2003,TYS,TN,ASO,ES,Towers with Radar,36,160,110,28,334,0,0,94,8,102,36,160,204,36,436,74,12,86,522
05/29/2003,TYS,TN,ASO,ES,Towers with Radar,31,149,92,21,293,3,0,32,0,35,34,149,124,21,328,14,16,30,358
05/30/2003,TYS,TN,ASO,ES,Towers with Radar,27,141,93,23,284,0,0,43,16,59,27,141,136,39,343,46,12,58,401
05/31/2003,TYS,TN,ASO,ES,Towers with Radar,16,75,47,2,140,9,22,16,0,47,25,97,63,2,187,20,0,20,207
06/01/2003,TYS,TN,ASO,ES,Towers with Radar,22,102,70,19,213,2,7,37,8,54,24,109,107,27,267,82,32,114,381
06/02/2003,TYS,TN,ASO,ES,Towers with Radar,28,148,101,28,305,0,7,63,19,89,28,155,164,47,394,24,4,28,422
06/03/2003,TYS,TN,ASO,ES,Towers with Radar,27,121,82,23,253,3,25,13,12,53,30,146,95,35,306,18,22,40,346
06/04/2003,TYS,TN,ASO,ES,Towers with Radar,32,151,114,27,324,0,0,55,0,55,32,151,169,27,379,24,16,40,419
06/05/2003,TYS,TN,ASO,ES,Towers with Radar,32,149,108,31,320,0,0,100,19,119,32,149,208,50,439,58,24,82,521
06/06/2003,TYS,TN,ASO,ES,Towers with Radar,29,138,94,27,288,1,18,30,17,66,30,156,124,44,354,56,0,56,410
06/07/2003,TYS,TN,ASO,ES,Towers with Radar,21,103,52,21,197,2,4,0,9,15,23,107,52,30,212,24,12,36,248
06/08/2003,TYS,TN,ASO,ES,Towers with Radar,24,106,87,25,242,0,0,41,37,78,24,106,128,62,320,42,24,66,386
06/09/2003,TYS,TN,ASO,ES,Towers with Radar,21,116,79,7,223,0,32,64,0,96,21,148,143,7,319,56,0,56,375
06/10/2003,TYS,TN,ASO,ES,Towers with Radar,30,142,96,28,296,0,8,58,11,77,30,150,154,39,373,46,28,74,447
06/11/2003,TYS,TN,ASO,ES,Towers with Radar,29,138,94,27,288,1,11,39,1,52,30,149,133,28,340,42,0,42,382
06/12/2003,TYS,TN,ASO,ES,Towers with Radar,30,140,95,18,283,6,19,22,0,47,36,159,117,18,330,44,2,46,376
06/13/2003,TYS,TN,ASO,ES,Towers with Radar,28,135,92,27,282,3,5,4,9,21,31,140,96,36,303,46,12,58,361
06/14/2003,TYS,TN,ASO,ES,Towers with Radar,19,95,65,3,182,4,4,15,0,23,23,99,80,3,205,44,0,44,249
06/15/2003,TYS,TN,ASO,ES,Towers with Radar,21,102,70,17,210,4,5,7,0,16,25,107,77,17,226,60,0,60,286
06/16/2003,TYS,TN,ASO,ES,Towers with Radar,27,141,94,28,290,0,0,12,2,14,27,141,106,30,304,60,0,60,364
06/17/2003,TYS,TN,ASO,ES,Towers with Radar,31,145,97,13,286,7,4,32,0,43,38,149,129,13,329,36,8,44,373
06/18/2003,TYS,TN,ASO,ES,Towers with Radar,36,150,114,33,333,1,0,5,26,32,37,150,119,59,365,16,10,26,391
06/19/2003,TYS,TN,ASO,ES,Towers with Radar,35,161,111,32,339,5,0,20,11,36,40,161,131,43,375,90,12,102,477
06/20/2003,TYS,TN,ASO,ES,Towers with Radar,31,144,114,32,321,0,0,55,54,109,31,144,169,86,430,84,44,128,558
06/21/2003,TYS,TN,ASO,ES,Towers with Radar,19,107,71,10,207,0,8,63,0,71,19,115,134,10,278,44,0,44,322
06/22/2003,TYS,TN,ASO,ES,Towers with Radar,23,109,75,19,226,0,0,61,0,61,23,109,136,19,287,102,0,102,389
06/23/2003,TYS,TN,ASO,ES,Towers with Radar,22,130,87,14,253,0,29,88,0,117,22,159,175,14,370,70,0,70,440
06/24/2003,TYS,TN,ASO,ES,Towers with Radar,31,148,103,29,311,0,0,106,6,112,31,148,209,35,423,72,16,88,511
06/25/2003,TYS,TN,ASO,ES,Towers with Radar,32,154,103,26,315,1,5,71,0,77,33,159,174,26,392,76,36,112,504
06/26/2003,TYS,TN,ASO,ES,Towers with Radar,35,160,113,32,340,0,0,26,15,41,35,160,139,47,381,20,16,36,417
06/27/2003,TYS,TN,ASO,ES,Towers with Radar,33,154,124,35,346,0,0,1,21,22,33,154,125,56,368,48,22,70,438
06/28/2003,TYS,TN,ASO,ES,Towers with Radar,22,103,73,3,201,7,0,25,0,32,29,103,98,3,233,95,0,95,328
06/29/2003,TYS,TN,ASO,ES,Towers with Radar,24,112,81,23,240,0,0,36,6,42,24,112,117,29,282,32,26,58,340
06/30/2003,TYS,TN,ASO,ES,Towers with Radar,22,142,95,27,286,0,1,32,0,33,22,143,127,27,319,72,0,72,391
07/01/2003,TYS,TN,ASO,ES,Towers with Radar,29,135,79,10,253,7,25,0,0,32,36,160,79,10,285,4,0,4,289
07/02/2003,TYS,TN,ASO,ES,Towers with Radar,31,147,90,24,292,2,12,0,14,28,33,159,90,38,320,14,6,20,340
07/03/2003,TYS,TN,ASO,ES,Towers with Radar,28,148,101,26,303,0,0,55,19,74,28,148,156,45,377,64,3,67,444
07/04/2003,TYS,TN,ASO,ES,Towers with Radar,17,80,51,9,157,4,5,0,0,9,21,85,51,9,166,16,2,18,184
07/05/2003,TYS,TN,ASO,ES,Towers with Radar,20,89,60,3,172,0,0,28,0,28,20,89,88,3,200,54,0,54,254
07/06/2003,TYS,TN,ASO,ES,Towers with Radar,24,94,67,5,190,1,0,9,0,10,25,94,76,5,200,70,0,70,270
07/07/2003,TYS,TN,ASO,ES,Towers with Radar,29,142,89,23,283,0,10,11,1,22,29,152,100,24,305,52,16,68,373
07/08/2003,TYS,TN,ASO,ES,Towers with Radar,24,151,95,26,296,0,0,66,22,88,24,151,161,48,384,67,20,87,471
07/09/2003,TYS,TN,ASO,ES,Towers with Radar,30,143,92,25,290,2,0,53,17,72,32,143,145,42,362,58,18,76,438
07/10/2003,TYS,TN,ASO,ES,Towers with Radar,28,140,88,24,280,5,12,52,5,74,33,152,140,29,354,28,6,34,388
07/11/2003,TYS,TN,ASO,ES,Towers with Radar,31,148,95,26,300,0,0,16,30,46,31,148,111,56,346,66,6,72,418
07/12/2003,TYS,TN,ASO,ES,Towers with Radar,20,99,62,17,198,0,9,46,13,68,20,108,108,30,266,130,12,142,408
07/13/2003,TYS,TN,ASO,ES,Towers with Radar,23,111,68,16,218,2,0,11,0,13,25,111,79,16,231,80,0,80,311
07/14/2003,TYS,TN,ASO,ES,Towers with Radar,23,140,86,24,273,0,12,34,15,61,23,152,120,39,334,52,6,58,392
07/15/2003,TYS,TN,ASO,ES,Towers with Radar,30,151,93,25,299,3,1,75,19,98,33,152,168,44,397,86,0,86,483
07/16/2003,TYS,TN,ASO,ES,Towers with Radar,32,170,105,29,336,0,9,11,13,33,32,179,116,42,369,12,0,12,381
07/17/2003,TYS,TN,ASO,ES,Towers with Radar,30,146,108,29,313,0,0,72,18,90,30,146,180,47,403,54,32,86,489
07/18/2003,TYS,TN,ASO,ES,Towers with Radar,30,157,97,27,311,0,2,53,19,74,30,159,150,46,385,88,14,102,487
07/19/2003,TYS,TN,ASO,ES,Towers with Radar,23,104,68,19,214,0,0,17,4,21,23,104,85,23,235,54,10,64,299
07/20/2003,TYS,TN,ASO,ES,Towers with Radar,23,111,73,18,225,0,0,24,0,24,23,111,97,18,249,20,0,20,269
07/21/2003,TYS,TN,ASO,ES,Towers with Radar,25,125,77,20,247,5,19,27,3,54,30,144,104,23,301,46,6,52,353
07/22/2003,TYS,TN,ASO,ES,Towers with Radar,26,145,90,24,285,0,0,23,8,31,26,145,113,32,316,10,4,14,330
07/23/2003,TYS,TN,ASO,ES,Towers with Radar,35,175,108,29,347,0,1,34,21,56,35,176,142,50,403,48,4,52,455
07/24/2003,TYS,TN,ASO,ES,Towers with Radar,33,159,105,28,325,0,0,102,19,121,33,159,207,47,446,84,4,88,534
07/25/2003,TYS,TN,ASO,ES,Towers with Radar,31,156,106,28,321,0,0,68,25,93,31,156,174,53,414,84,0,84,498
07/26/2003,TYS,TN,ASO,ES,Towers with Radar,19,104,68,7,198,0,0,69,0,69,19,104,137,7,267,46,2,48,315
07/27/2003,TYS,TN,ASO,ES,Towers with Radar,21,109,71,6,207,0,0,45,0,45,21,109,116,6,252,54,2,56,308
07/28/2003,TYS,TN,ASO,ES,Towers with Radar,24,136,85,12,257,0,25,38,0,63,24,161,123,12,320,58,14,72,392
07/29/2003,TYS,TN,ASO,ES,Towers with Radar,30,145,92,24,291,16,0,24,3,43,46,145,116,27,334,54,24,78,412
07/30/2003,TYS,TN,ASO,ES,Towers with Radar,33,161,106,28,328,0,0,36,14,50,33,161,142,42,378,52,0,52,430
07/31/2003,TYS,TN,ASO,ES,Towers with Radar,26,127,79,19,251,6,31,14,0,51,32,158,93,19,302,6,16,22,324
08/01/2003,TYS,TN,ASO,ES,Towers with Radar,29,134,96,20,279,0,8,11,12,31,29,142,107,32,310,48,5,53,363
08/02/2003,TYS,TN,ASO,ES,Towers with Radar,21,94,67,14,196,7,8,18,6,39,28,102,85,20,235,98,0,98,333
08/03/2003,TYS,TN,ASO,ES,Towers with Radar,21,94,66,14,195,1,14,0,0,15,22,108,66,14,210,32,2,34,244
08/04/2003,TYS,TN,ASO,ES,Towers with Radar,24,135,96,20,275,0,11,58,0,69,24,146,154,20,344,58,12,70,414
08/05/2003,TYS,TN,ASO,ES,Towers with Radar,32,151,107,23,313,0,0,38,16,54,32,151,145,39,367,90,26,116,483
08/06/2003,TYS,TN,ASO,ES,Towers with Radar,32,145,103,22,302,0,14,17,24,55,32,159,120,46,357,16,28,44,401
08/07/2003,TYS,TN,ASO,ES,Towers with Radar,32,145,103,22,302,0,14,11,7,32,32,159,114,29,334,12,34,46,380
08/08/2003,TYS,TN,ASO,ES,Towers with Radar,31,148,116,26,321,0,0,54,34,88,31,148,170,60,409,100,44,144,553
08/09/2003,TYS,TN,ASO,ES,Towers with Radar,21,98,70,16,205,3,0,22,1,26,24,98,92,17,231,78,4,82,313
08/10/2003,TYS,TN,ASO,ES,Towers with Radar,24,113,84,12,233,0,0,13,0,13,24,113,97,12,246,20,0,20,266
08/11/2003,TYS,TN,ASO,ES,Towers with Radar,27,141,100,22,290,0,11,18,10,39,27,152,118,32,329,24,0,24,353
08/12/2003,TYS,TN,ASO,ES,Towers with Radar,33,147,121,27,328,0,0,60,29,89,33,147,181,56,417,38,16,54,471
08/13/2003,TYS,TN,ASO,ES,Towers with Radar,33,150,114,25,322,0,0,52,7,59,33,150,166,32,381,42,12,54,435
08/14/2003,TYS,TN,ASO,ES,Towers with Radar,31,147,105,23,306,3,5,59,10,77,34,152,164,33,383,86,12,98,481
08/15/2003,TYS,TN,ASO,ES,Towers with Radar,29,138,104,23,294,0,0,46,16,62,29,138,150,39,356,72,50,122,478
08/16/2003,TYS,TN,ASO,ES,Towers with Radar,17,79,57,13,166,0,27,3,2,32,17,106,60,15,198,44,0,44,242
08/17/2003,TYS,TN,ASO,ES,Towers with Radar,22,113,79,18,232,0,0,3,4,7,22,113,82,22,239,62,0,62,301
08/18/2003,TYS,TN,ASO,ES,Towers with Radar,24,128,90,16,258,0,27,44,0,71,24,155,134,16,329,52,28,80,409
08/19/2003,TYS,TN,ASO,ES,Towers with Radar,32,160,112,20,324,0,5,80,0,85,32,165,192,20,409,67,6,73,482
08/20/2003,TYS,TN,ASO,ES,Towers with Radar,32,150,108,23,313,4,0,38,7,49,36,150,146,30,362,18,24,42,404
08/21/2003,TYS,TN,ASO,ES,Towers with Radar,36,160,117,25,338,1,0,31,29,61,37,160,148,54,399,116,12,128,527
08/22/2003,TYS,TN,ASO,ES,Towers with Radar,29,144,115,24,312,0,0,21,15,36,29,144,136,39,348,84,18,102,450
08/23/2003,TYS,TN,ASO,ES,Towers with Radar,22,102,74,16,214,3,0,34,6,43,25,102,108,22,257,86,6,92,349
08/24/2003,TYS,TN,ASO,ES,Towers with Radar,25,112,85,18,240,2,0,57,0,59,27,112,142,18,299,56,0,56,355
08/25/2003,TYS,TN,ASO,ES,Towers with Radar,24,140,98,21,283,0,24,35,16,75,24,164,133,37,358,26,2,28,386
08/26/2003,TYS,TN,ASO,ES,Towers with Radar,36,149,122,26,333,0,0,85,26,111,36,149,207,52,444,88,10,98,542
08/27/2003,TYS,TN,ASO,ES,Towers with Radar,32,153,107,23,315,3,3,45,4,55,35,156,152,27,370,24,36,60,430
08/28/2003,TYS,TN,ASO,ES,Towers with Radar,36,160,119,25,340,5,0,35,2,42,41,160,154,27,382,40,6,46,428
08/29/2003,TYS,TN,ASO,ES,Towers with Radar,29,147,116,25,317,0,0,32,34,66,29,147,148,59,383,60,56,116,499
08/30/2003,TYS,TN,ASO,ES,Towers with Radar,21,95,69,2,187,6,0,42,0,48,27,95,111,2,235,40,0,40,275
08/31/2003,TYS,TN,ASO,ES,Towers with Radar,15,73,51,1,140,8,24,25,0,57,23,97,76,1,197,82,0,82,279
09/01/2003,TYS,TN,ASO,ES,Towers with Radar,21,109,82,25,237,0,0,20,1,21,21,109,102,26,258,84,2,86,344
09/02/2003,TYS,TN,ASO,ES,Towers with Radar,26,149,111,33,319,0,0,35,46,81,26,149,146,79,400,100,20,120,520
09/03/2003,TYS,TN,ASO,ES,Towers with Radar,23,119,85,26,253,8,31,0,7,46,31,150,85,33,299,2,17,19,318
09/04/2003,TYS,TN,ASO,ES,Towers with Radar,27,145,106,32,310,4,4,30,33,71,31,149,136,65,381,72,22,94,475
09/05/2003,TYS,TN,ASO,ES,Towers with Radar,24,143,105,32,304,0,9,97,48,154,24,152,202,80,458,92,32,124,582
09/06/2003,TYS,TN,ASO,ES,Towers with Radar,20,105,77,22,224,3,2,74,0,79,23,107,151,22,303,66,30,96,399
09/07/2003,TYS,TN,ASO,ES,Towers with Radar,23,100,88,12,223,2,0,13,0,15,25,100,101,12,238,12,0,12,250
09/08/2003,TYS,TN,ASO,ES,Towers with Radar,25,152,113,34,324,0,0,38,23,61,25,152,151,57,385,86,18,104,489
09/09/2003,TYS,TN,ASO,ES,Towers with Radar,28,152,113,34,327,0,0,39,15,54,28,152,152,49,381,64,10,74,455
09/10/2003,TYS,TN,ASO,ES,Towers with Radar,26,149,109,32,316,0,13,28,4,45,26,162,137,36,361,28,14,42,403
09/11/2003,TYS,TN,ASO,ES,Towers with Radar,28,146,110,33,317,0,0,72,6,78,28,146,182,39,395,34,16,50,445
09/12/2003,TYS,TN,ASO,ES,Towers with Radar,32,148,123,36,339,0,0,57,18,75,32,148,180,54,414,68,2,70,484
09/13/2003,TYS,TN,ASO,ES,Towers with Radar,18,95,70,7,190,1,0,57,0,58,19,95,127,7,248,48,4,52,300
09/14/2003,TYS,TN,ASO,ES,Towers with Radar,15,105,77,6,203,0,11,35,0,46,15,116,112,6,249,108,0,108,357
09/15/2003,TYS,TN,ASO,ES,Towers with Radar,21,121,87,7,236,0,34,2,0,36,21,155,89,7,272,10,0,10,282
09/16/2003,TYS,TN,ASO,ES,Towers with Radar,22,150,108,32,312,0,11,91,11,113,22,161,199,43,425,60,8,68,493
09/17/2003,TYS,TN,ASO,ES,Towers with Radar,29,153,117,36,335,3,0,43,53,99,32,153,160,89,434,56,0,56,490
09/18/2003,TYS,TN,ASO,ES,Towers with Radar,27,150,109,34,320,1,11,32,22,66,28,161,141,56,386,48,6,54,440
09/19/2003,TYS,TN,ASO,ES,Towers with Radar,28,143,112,35,318,1,0,71,30,102,29,143,183,65,420,24,14,38,458
09/20/2003,TYS,TN,ASO,ES,Towers with Radar,20,91,79,25,215,3,0,22,11,36,23,91,101,36,251,34,4,38,289
09/21/2003,TYS,TN,ASO,ES,Towers with Radar,19,112,88,27,246,0,0,34,1,35,19,112,122,28,281,52,8,60,341
09/22/2003,TYS,TN,ASO,ES,Towers with Radar,18,112,76,9,215,0,43,0,0,43,18,155,76,9,258,6,0,6,264
09/23/2003,TYS,TN,ASO,ES,Towers with Radar,31,145,121,37,334,1,0,63,9,73,32,145,184,46,407,34,10,44,451
09/24/2003,TYS,TN,ASO,ES,Towers with Radar,29,157,113,35,334,3,2,53,8,66,32,159,166,43,400,82,24,106,506
09/25/2003,TYS,TN,ASO,ES,Towers with Radar,28,160,119,35,342,0,0,58,15,73,28,160,177,50,415,64,16,80,495
09/26/2003,TYS,TN,ASO,ES,Towers with Radar,29,149,130,39,347,0,0,64,39,103,29,149,194,78,450,90,14,104,554
09/27/2003,TYS,TN,ASO,ES,Towers with Radar,18,98,71,3,190,12,0,7,0,19,30,98,78,3,209,6,0,6,215
09/28/2003,TYS,TN,ASO,ES,Towers with Radar,17,118,95,6,236,0,0,72,0,72,17,118,167,6,308,20,0,20,328
09/29/2003,TYS,TN,ASO,ES,Towers with Radar,23,136,99,26,284,0,24,64,0,88,23,160,163,26,372,68,10,78,450
09/30/2003,TYS,TN,ASO,ES,Towers with Radar,25,139,101,27,292,5,20,80,0,105,30,159,181,27,397,64,24,88,485
10/01/2003,TYS,TN,ASO,ES,Towers with Radar,32,141,131,35,339,2,0,94,24,120,34,141,225,59,459,85,41,126,585
10/02/2003,TYS,TN,ASO,ES,Towers with Radar,29,158,118,32,337,3,3,31,33,70,32,161,149,65,407,86,80,166,573
10/03/2003,TYS,TN,ASO,ES,Towers with Radar,27,159,134,36,356,0,0,43,56,99,27,159,177,92,455,16,4,20,475
10/04/2003,TYS,TN,ASO,ES,Towers with Radar,14,77,58,2,151,7,25,9,0,41,21,102,67,2,192,86,0,86,278
10/05/2003,TYS,TN,ASO,ES,Towers with Radar,22,111,89,23,245,1,0,15,0,16,23,111,104,23,261,102,0,102,363
10/06/2003,TYS,TN,ASO,ES,Towers with Radar,18,142,106,29,295,0,19,54,11,84,18,161,160,40,379,34,32,66,445
10/07/2003,TYS,TN,ASO,ES,Towers with Radar,25,139,104,22,290,1,15,54,0,70,26,154,158,22,360,76,0,76,436
10/08/2003,TYS,TN,ASO,ES,Towers with Radar,27,160,120,32,339,0,0,61,14,75,27,160,181,46,414,48,32,80,494
10/09/2003,TYS,TN,ASO,ES,Towers with Radar,30,165,138,38,371,0,0,30,27,57,30,165,168,65,428,56,18,74,502
10/10/2003,TYS,TN,ASO,ES,Towers with Radar,27,150,113,17,307,6,14,24,0,44,33,164,137,17,351,36,0,36,387
10/11/2003,TYS,TN,ASO,ES,Towers with Radar,23,108,100,17,248,0,0,55,0,55,23,108,155,17,303,72,12,84,387
10/12/2003,TYS,TN,ASO,ES,Towers with Radar,16,124,104,13,257,0,0,96,0,96,16,124,200,13,353,89,2,91,444
10/13/2003,TYS,TN,ASO,ES,Towers with Radar,23,126,95,6,250,0,4,37,0,41,23,130,132,6,291,28,0,28,319
10/14/2003,TYS,TN,ASO,ES,Towers with Radar,23,121,73,7,224,6,49,0,0,55,29,170,73,7,279,10,0,10,289
10/15/2003,TYS,TN,ASO,ES,Towers with Radar,28,156,121,25,330,0,0,99,0,99,28,156,220,25,429,38,6,44,473
10/16/2003,TYS,TN,ASO,ES,Towers with Radar,29,166,126,35,356,5,0,76,8,89,34,166,202,43,445,88,4,92,537
10/17/2003,TYS,TN,ASO,ES,Towers with Radar,23,150,113,18,304,0,10,30,0,40,23,160,143,18,344,88,8,96,440
10/18/2003,TYS,TN,ASO,ES,Towers with Radar,20,107,86,4,217,5,0,61,0,66,25,107,147,4,283,122,0,122,405
10/19/2003,TYS,TN,ASO,ES,Towers with Radar,21,114,90,16,241,2,0,73,0,75,23,114,163,16,316,16,0,16,332
10/20/2003,TYS,TN,ASO,ES,Towers with Radar,17,157,116,33,323,0,6,54,8,68,17,163,170,41,391,38,34,72,463
10/21/2003,TYS,TN,ASO,ES,Towers with Radar,26,147,108,30,311,0,11,42,11,64,26,158,150,41,375,46,26,72,447
10/22/2003,TYS,TN,ASO,ES,Towers with Radar,28,162,119,33,342,3,7,18,35,63,31,169,137,68,405,36,10,46,451
10/23/2003,TYS,TN,ASO,ES,Towers with Radar,27,152,116,33,328,4,0,32,12,48,31,152,148,45,376,64,12,76,452
10/24/2003,TYS,TN,ASO,ES,Towers with Radar,27,153,114,31,325,2,0,39,16,57,29,153,153,47,382,78,10,88,470
10/25/2003,TYS,TN,ASO,ES,Towers with Radar,18,100,77,10,205,6,0,47,0,53,24,100,124,10,258,50,0,50,308
10/26/2003,TYS,TN,ASO,ES,Towers with Radar,20,111,85,7,223,3,0,13,0,16,23,111,98,7,239,36,8,44,283
10/27/2003,TYS,TN,ASO,ES,Towers with Radar,16,134,99,19,268,0,28,22,0,50,16,162,121,19,318,24,0,24,342
10/28/2003,TYS,TN,ASO,ES,Towers with Radar,27,170,141,38,376,0,0,31,30,61,27,170,172,68,437,8,26,34,471
10/29/2003,TYS,TN,ASO,ES,Towers with Radar,25,158,120,34,337,0,0,44,40,84,25,158,164,74,421,78,32,110,531
10/30/2003,TYS,TN,ASO,ES,Towers with Radar,25,141,104,28,298,0,15,51,12,78,25,156,155,40,376,124,18,142,518
10/31/2003,TYS,TN,ASO,ES,Towers with Radar,21,119,87,24,251,4,31,40,20,95,25,150,127,44,346,52,18,70,416
11/01/2003,TYS,TN,ASO,ES,Towers with Radar,20,107,74,10,211,4,0,67,0,71,24,107,141,10,282,114,0,114,396
11/02/2003,TYS,TN,ASO,ES,Towers with Radar,19,107,74,22,222,4,0,71,1,76,23,107,145,23,298,64,2,66,364
11/03/2003,TYS,TN,ASO,ES,Towers with Radar,25,155,106,31,317,0,5,53,32,90,25,160,159,63,407,82,30,112,519
11/04/2003,TYS,TN,ASO,ES,Towers with Radar,25,169,125,37,356,0,0,41,66,107,25,169,166,103,463,47,32,79,542
11/05/2003,TYS,TN,ASO,ES,Towers with Radar,24,143,96,16,279,0,28,0,0,28,24,171,96,16,307,48,0,48,355
11/06/2003,TYS,TN,ASO,ES,Towers with Radar,28,158,108,31,325,0,11,5,0,16,28,169,113,31,341,14,6,20,361
11/07/2003,TYS,TN,ASO,ES,Towers with Radar,27,142,130,38,337,0,0,26,33,59,27,142,156,71,396,28,0,28,424
11/08/2003,TYS,TN,ASO,ES,Towers with Radar,18,99,68,7,192,4,3,34,0,41,22,102,102,7,233,106,0,106,339
11/09/2003,TYS,TN,ASO,ES,Towers with Radar,17,114,83,13,227,0,0,61,0,61,17,114,144,13,288,96,2,98,386
11/10/2003,TYS,TN,ASO,ES,Towers with Radar,21,138,94,26,279,0,16,77,0,93,21,154,171,26,372,134,8,142,514
11/11/2003,TYS,TN,ASO,ES,Towers with Radar,24,131,90,4,249,3,0,64,0,67,27,131,154,4,316,40,0,40,356
11/12/2003,TYS,TN,ASO,ES,Towers with Radar,26,144,98,25,293,2,20,7,0,29,28,164,105,25,322,34,0,34,356
11/13/2003,TYS,TN,ASO,ES,Towers with Radar,24,167,120,36,347,0,0,26,54,80,24,167,146,90,427,34,12,46,473
11/14/2003,TYS,TN,ASO,ES,Towers with Radar,30,159,128,38,355,0,0,76,39,115,30,159,204,77,470,44,36,80,550
11/15/2003,TYS,TN,ASO,ES,Towers with Radar,21,106,80,18,225,8,0,27,0,35,29,106,107,18,260,56,0,56,316
11/16/2003,TYS,TN,ASO,ES,Towers with Radar,19,113,73,5,210,8,5,0,0,13,27,118,73,5,223,6,12,18,241
11/17/2003,TYS,TN,ASO,ES,Towers with Radar,17,164,110,29,320,0,0,22,0,22,17,164,132,29,342,4,0,4,346
11/18/2003,TYS,TN,ASO,ES,Towers with Radar,19,114,71,20,224,22,33,0,0,55,41,147,71,20,279,8,0,8,287
11/19/2003,TYS,TN,ASO,ES,Towers with Radar,24,143,96,29,292,5,31,10,0,46,29,174,106,29,338,76,9,85,423
11/20/2003,TYS,TN,ASO,ES,Towers with Radar,30,160,126,39,355,0,0,99,61,160,30,160,225,100,515,45,34,79,594
11/21/2003,TYS,TN,ASO,ES,Towers with Radar,24,168,113,34,339,0,1,82,16,99,24,169,195,50,438,66,8,74,512
11/22/2003,TYS,TN,ASO,ES,Towers with Radar,18,104,82,8,212,0,0,84,0,84,18,104,166,8,296,90,4,94,390
11/23/2003,TYS,TN,ASO,ES,Towers with Radar,15,110,73,11,209,0,3,60,0,63,15,113,133,11,272,104,0,104,376
11/24/2003,TYS,TN,ASO,ES,Towers with Radar,20,116,78,23,237,0,36,5,5,46,20,152,83,28,283,70,8,78,361
11/25/2003,TYS,TN,ASO,ES,Towers with Radar,27,164,123,36,350,0,0,72,23,95,27,164,195,59,445,104,20,124,569
11/26/2003,TYS,TN,ASO,ES,Towers with Radar,27,167,118,15,327,0,0,53,0,53,27,167,171,15,380,38,14,52,432
11/27/2003,TYS,TN,ASO,ES,Towers with Radar,11,64,29,1,105,1,35,0,0,36,12,99,29,1,141,10,0,10,151
11/28/2003,TYS,TN,ASO,ES,Towers with Radar,14,85,35,4,138,5,33,0,0,38,19,118,35,4,176,4,0,4,180
11/29/2003,TYS,TN,ASO,ES,Towers with Radar,19,101,74,3,197,4,0,45,0,49,23,101,119,3,246,104,0,104,350
11/30/2003,TYS,TN,ASO,ES,Towers with Radar,24,119,100,12,255,0,0,57,0,57,24,119,157,12,312,94,4,98,410
12/01/2003,TYS,TN,ASO,ES,Towers with Radar,24,153,92,22,291,0,0,28,10,38,24,153,120,32,329,60,38,98,427
12/02/2003,TYS,TN,ASO,ES,Towers with Radar,31,165,112,27,335,0,0,70,40,110,31,165,182,67,445,58,8,66,511
12/03/2003,TYS,TN,ASO,ES,Towers with Radar,26,161,104,25,316,0,0,35,6,41,26,161,139,31,357,34,20,54,411
12/04/2003,TYS,TN,ASO,ES,Towers with Radar,25,142,85,16,268,1,19,8,0,28,26,161,93,16,296,4,0,4,300
12/05/2003,TYS,TN,ASO,ES,Towers with Radar,20,120,72,12,224,8,27,1,0,36,28,147,73,12,260,2,0,2,262
12/06/2003,TYS,TN,ASO,ES,Towers with Radar,16,96,48,14,174,9,8,0,5,22,25,104,48,19,196,14,0,14,210
12/07/2003,TYS,TN,ASO,ES,Towers with Radar,17,114,82,20,233,0,0,74,1,75,17,114,156,21,308,52,18,70,378
12/08/2003,TYS,TN,ASO,ES,Towers with Radar,16,155,92,23,286,0,5,60,13,78,16,160,152,36,364,142,0,142,506
12/09/2003,TYS,TN,ASO,ES,Towers with Radar,28,166,110,27,331,0,0,36,26,62,28,166,146,53,393,72,32,104,497
12/10/2003,TYS,TN,ASO,ES,Towers with Radar,24,150,89,22,285,9,13,2,16,40,33,163,91,38,325,4,6,10,335
12/11/2003,TYS,TN,ASO,ES,Towers with Radar,28,165,111,27,331,0,0,10,16,26,28,165,121,43,357,16,18,34,391
12/12/2003,TYS,TN,ASO,ES,Towers with Radar,30,157,109,27,323,3,0,46,16,65,33,157,155,43,388,72,18,90,478
12/13/2003,TYS,TN,ASO,ES,Towers with Radar,16,99,59,15,189,3,2,3,6,14,19,101,62,21,203,56,14,70,273
12/14/2003,TYS,TN,ASO,ES,Towers with Radar,16,96,58,14,184,6,18,0,1,25,22,114,58,15,209,2,0,2,211
12/15/2003,TYS,TN,ASO,ES,Towers with Radar,22,171,108,27,328,0,0,69,11,80,22,171,177,38,408,72,14,86,494
12/16/2003,TYS,TN,ASO,ES,Towers with Radar,30,163,109,27,329,8,0,42,2,52,38,163,151,29,381,20,12,32,413
12/17/2003,TYS,TN,ASO,ES,Towers with Radar,26,164,105,26,321,0,0,53,10,63,26,164,158,36,384,10,6,16,400
12/18/2003,TYS,TN,ASO,ES,Towers with Radar,27,167,98,25,317,3,5,37,2,47,30,172,135,27,364,28,0,28,392
12/19/2003,TYS,TN,ASO,ES,Towers with Radar,22,141,83,21,267,5,15,10,8,38,27,156,93,29,305,12,2,14,319
12/20/2003,TYS,TN,ASO,ES,Towers with Radar,19,111,75,18,223,0,0,24,7,31,19,111,99,25,254,82,4,86,340
12/21/2003,TYS,TN,ASO,ES,Towers with Radar,15,99,57,8,179,1,6,43,0,50,16,105,100,8,229,50,0,50,279
12/22/2003,TYS,TN,ASO,ES,Towers with Radar,16,149,87,13,265,0,13,37,0,50,16,162,124,13,315,30,0,30,345
12/23/2003,TYS,TN,ASO,ES,Towers with Radar,24,147,86,0,257,9,8,27,0,44,33,155,113,0,301,22,0,22,323
12/24/2003,TYS,TN,ASO,ES,Towers with Radar,17,106,35,3,161,9,39,0,0,48,26,145,35,3,209,26,0,26,235
12/25/2003,TYS,TN,ASO,ES,Towers with Radar,9,68,39,0,116,0,36,0,0,36,9,104,39,0,152,10,0,10,162
12/26/2003,TYS,TN,ASO,ES,Towers with Radar,21,139,82,0,242,0,0,57,0,57,21,139,139,0,299,52,0,52,351
12/27/2003,TYS,TN,ASO,ES,Towers with Radar,15,102,62,0,179,0,0,39,0,39,15,102,101,0,218,54,0,54,272
12/28/2003,TYS,TN,ASO,ES,Towers with Radar,15,110,65,0,190,0,0,34,0,34,15,110,99,0,224,42,0,42,266
12/29/2003,TYS,TN,ASO,ES,Towers with Radar,15,143,82,20,260,0,16,0,29,45,15,159,82,49,305,28,28,56,361
12/30/2003,TYS,TN,ASO,ES,Towers with Radar,22,163,104,26,315,0,0,57,19,76,22,163,161,45,391,54,40,94,485
12/31/2003,TYS,TN,ASO,ES,Towers with Radar,15,122,71,1,209,0,12,24,0,36,15,134,95,1,245,44,0,44,289
01/01/2004,TYS,TN,ASO,ES,Towers with Radar,7,96,60,0,163,0,11,33,0,44,7,107,93,0,207,30,0,30,237
01/02/2004,TYS,TN,ASO,ES,Towers with Radar,20,114,67,0,201,0,26,0,0,26,20,140,67,0,227,78,0,78,305
01/03/2004,TYS,TN,ASO,ES,Towers with Radar,13,103,68,2,186,0,0,5,0,5,13,103,73,2,191,74,0,74,265
01/04/2004,TYS,TN,ASO,ES,Towers with Radar,14,116,73,5,208,0,3,25,0,28,14,119,98,5,236,0,0,0,236
01/05/2004,TYS,TN,ASO,ES,Towers with Radar,15,119,52,23,209,0,30,0,16,46,15,149,52,39,255,6,6,12,267
01/06/2004,TYS,TN,ASO,ES,Towers with Radar,33,144,103,33,313,8,0,25,14,47,41,144,128,47,360,20,16,36,396
01/07/2004,TYS,TN,ASO,ES,Towers with Radar,32,157,103,31,323,0,0,60,0,60,32,157,163,31,383,32,16,48,431
01/08/2004,TYS,TN,ASO,ES,Towers with Radar,28,138,87,23,276,5,18,3,0,26,33,156,90,23,302,4,2,6,308
01/09/2004,TYS,TN,ASO,ES,Towers with Radar,24,117,55,25,221,6,14,0,32,52,30,131,55,57,273,14,0,14,287
01/10/2004,TYS,TN,ASO,ES,Towers with Radar,19,101,66,22,208,0,0,6,25,31,19,101,72,47,239,42,28,70,309
01/11/2004,TYS,TN,ASO,ES,Towers with Radar,19,101,66,22,208,0,0,6,25,31,19,101,72,47,239,42,28,70,309
01/12/2004,TYS,TN,ASO,ES,Towers with Radar,23,146,91,30,290,0,14,49,3,66,23,160,140,33,356,40,26,66,422
01/13/2004,TYS,TN,ASO,ES,Towers with Radar,33,148,101,34,316,11,0,48,35,94,44,148,149,69,410,64,10,74,484
01/14/2004,TYS,TN,ASO,ES,Towers with Radar,31,150,108,35,324,0,0,19,29,48,31,150,127,64,372,14,30,44,416
01/15/2004,TYS,TN,ASO,ES,Towers with Radar,30,168,106,35,339,0,0,43,15,58,30,168,149,50,397,26,24,50,447
01/16/2004,TYS,TN,ASO,ES,Towers with Radar,31,145,110,36,322,0,0,63,26,89,31,145,173,62,411,38,6,44,455
01/17/2004,TYS,TN,ASO,ES,Towers with Radar,17,91,56,7,171,12,1,12,0,25,29,92,68,7,196,28,2,30,226
01/18/2004,TYS,TN,ASO,ES,Towers with Radar,16,85,45,9,155,5,22,0,0,27,21,107,45,9,182,4,0,4,186
01/19/2004,TYS,TN,ASO,ES,Towers with Radar,27,127,86,12,252,1,0,70,0,71,28,127,156,12,323,35,0,35,358
01/20/2004,TYS,TN,ASO,ES,Towers with Radar,29,149,92,31,301,0,6,56,11,73,29,155,148,42,374,36,20,56,430
01/21/2004,TYS,TN,ASO,ES,Towers with Radar,28,160,103,35,326,0,0,56,23,79,28,160,159,58,405,84,12,96,501
01/22/2004,TYS,TN,ASO,ES,Towers with Radar,29,148,93,31,301,1,0,37,19,57,30,148,130,50,358,26,0,26,384
01/23/2004,TYS,TN,ASO,ES,Towers with Radar,29,145,99,32,305,0,0,67,12,79,29,145,166,44,384,78,8,86,470
01/24/2004,TYS,TN,ASO,ES,Towers with Radar,19,99,60,16,194,3,8,46,0,57,22,107,106,16,251,28,8,36,287
01/25/2004,TYS,TN,ASO,ES,Towers with Radar,15,81,49,2,147,10,22,9,0,41,25,103,58,2,188,2,0,2,190
01/26/2004,TYS,TN,ASO,ES,Towers with Radar,21,138,90,30,279,0,0,8,21,29,21,138,98,51,308,20,0,20,328
01/27/2004,TYS,TN,ASO,ES,Towers with Radar,22,116,60,24,222,9,18,0,17,44,31,134,60,41,266,8,10,18,284
01/28/2004,TYS,TN,ASO,ES,Towers with Radar,31,161,110,36,338,0,0,84,5,89,31,161,194,41,427,72,26,98,525
01/29/2004,TYS,TN,ASO,ES,Towers with Radar,29,149,91,31,300,3,5,67,8,83,32,154,158,39,383,40,28,68,451
01/30/2004,TYS,TN,ASO,ES,Towers with Radar,29,150,92,31,302,3,11,39,1,54,32,161,131,32,356,66,0,66,422
01/31/2004,TYS,TN,ASO,ES,Towers with Radar,18,94,58,12,182,6,2,84,0,92,24,96,142,12,274,138,0,138,412
02/01/2004,TYS,TN,ASO,ES,Towers with Radar,14,102,69,6,191,0,3,64,0,67,14,105,133,6,258,68,0,68,326
02/02/2004,TYS,TN,ASO,ES,Towers with Radar,21,110,74,3,208,0,37,11,0,48,21,147,85,3,256,12,0,12,268
02/03/2004,TYS,TN,ASO,ES,Towers with Radar,27,133,90,28,278,3,23,4,13,43,30,156,94,41,321,16,6,22,343
02/04/2004,TYS,TN,ASO,ES,Towers with Radar,30,152,103,26,311,0,1,61,0,62,30,153,164,26,373,76,32,108,481
02/05/2004,TYS,TN,ASO,ES,Towers with Radar,25,119,71,25,240,8,40,0,3,51,33,159,71,28,291,22,8,30,321
02/06/2004,TYS,TN,ASO,ES,Towers with Radar,26,124,72,16,238,3,33,0,0,36,29,157,72,16,274,10,0,10,284
02/07/2004,TYS,TN,ASO,ES,Towers with Radar,16,77,30,13,136,7,23,0,0,30,23,100,30,13,166,2,0,2,168
02/08/2004,TYS,TN,ASO,ES,Towers with Radar,18,109,78,23,228,0,0,64,0,64,18,109,142,23,292,70,14,84,376
02/09/2004,TYS,TN,ASO,ES,Towers with Radar,28,145,98,31,302,0,9,23,28,60,28,154,121,59,362,64,22,86,448
02/10/2004,TYS,TN,ASO,ES,Towers with Radar,33,152,112,36,333,0,0,32,18,50,33,152,144,54,383,26,25,51,434
02/11/2004,TYS,TN,ASO,ES,Towers with Radar,32,153,106,33,324,0,0,23,13,36,32,153,129,46,360,32,8,40,400
02/12/2004,TYS,TN,ASO,ES,Towers with Radar,26,137,87,29,279,0,17,0,5,22,26,154,87,34,301,12,0,12,313
02/13/2004,TYS,TN,ASO,ES,Towers with Radar,37,142,121,20,320,6,0,53,0,59,43,142,174,20,379,104,0,104,483
02/14/2004,TYS,TN,ASO,ES,Towers with Radar,20,96,63,2,181,2,7,53,0,62,22,103,116,2,243,40,6,46,289
02/15/2004,TYS,TN,ASO,ES,Towers with Radar,19,88,58,1,166,8,18,5,0,31,27,106,63,1,197,2,0,2,199
02/16/2004,TYS,TN,ASO,ES,Towers with Radar,27,107,97,1,232,0,0,32,0,32,27,107,129,1,264,60,0,60,324
02/17/2004,TYS,TN,ASO,ES,Towers with Radar,30,146,102,33,311,2,0,14,9,25,32,146,116,42,336,6,24,30,366
02/18/2004,TYS,TN,ASO,ES,Towers with Radar,33,154,109,34,330,1,0,79,2,82,34,154,188,36,412,26,20,46,458
02/19/2004,TYS,TN,ASO,ES,Towers with Radar,27,145,99,31,302,0,0,42,29,71,27,145,141,60,373,48,70,118,491
02/20/2004,TYS,TN,ASO,ES,Towers with Radar,32,145,110,34,321,0,0,13,41,54,32,145,123,75,375,20,22,42,417
02/21/2004,TYS,TN,ASO,ES,Towers with Radar,18,99,66,11,194,0,1,42,0,43,18,100,108,11,237,60,0,60,297
02/22/2004,TYS,TN,ASO,ES,Towers with Radar,32,145,110,34,321,0,0,13,41,54,32,145,123,75,375,20,22,42,417
02/23/2004,TYS,TN,ASO,ES,Towers with Radar,21,150,112,35,318,0,0,32,33,65,21,150,144,68,383,74,114,188,571
02/24/2004,TYS,TN,ASO,ES,Towers with Radar,32,160,108,33,333,0,0,21,51,72,32,160,129,84,405,72,42,114,519
02/25/2004,TYS,TN,ASO,ES,Towers with Radar,30,156,115,37,338,0,0,36,43,79,30,156,151,80,417,56,38,94,511
02/26/2004,TYS,TN,ASO,ES,Towers with Radar,20,101,66,9,196,2,38,0,0,40,22,139,66,9,236,6,0,6,242
02/27/2004,TYS,TN,ASO,ES,Towers with Radar,33,141,111,36,321,2,0,42,24,68,35,141,153,60,389,43,41,84,473
02/28/2004,TYS,TN,ASO,ES,Towers with Radar,21,99,73,4,197,4,0,97,0,101,25,99,170,4,298,122,0,122,420
02/29/2004,TYS,TN,ASO,ES,Towers with Radar,20,110,74,9,213,0,2,86,0,88,20,112,160,9,301,58,0,58,359
03/01/2004,TYS,TN,ASO,ES,Towers with Radar,21,107,75,15,218,0,40,13,6,59,21,147,88,21,277,46,13,59,336
03/02/2004,TYS,TN,ASO,ES,Towers with Radar,28,124,83,18,253,3,23,0,3,29,31,147,83,21,282,0,0,0,282
03/03/2004,TYS,TN,ASO,ES,Towers with Radar,36,151,115,24,326,0,0,20,22,42,36,151,135,46,368,50,4,54,422
03/04/2004,TYS,TN,ASO,ES,Towers with Radar,32,140,106,22,300,0,0,45,27,72,32,140,151,49,372,54,28,82,454
03/05/2004,TYS,TN,ASO,ES,Towers with Radar,26,120,74,18,238,5,18,0,16,39,31,138,74,34,277,4,30,34,311
03/06/2004,TYS,TN,ASO,ES,Towers with Radar,22,96,69,8,195,2,0,30,0,32,24,96,99,8,227,24,0,24,251
03/07/2004,TYS,TN,ASO,ES,Towers with Radar,21,97,69,15,202,1,4,25,1,31,22,101,94,16,233,14,0,14,247
03/08/2004,TYS,TN,ASO,ES,Towers with Radar,29,129,96,17,271,0,0,79,0,79,29,129,175,17,350,22,10,32,382
03/09/2004,TYS,TN,ASO,ES,Towers with Radar,25,114,76,17,232,6,33,0,6,45,31,147,76,23,277,52,0,52,329
03/10/2004,TYS,TN,ASO,ES,Towers with Radar,36,149,118,25,328,0,0,31,36,67,36,149,149,61,395,72,72,144,539
03/11/2004,TYS,TN,ASO,ES,Towers with Radar,29,149,105,22,305,0,3,36,13,52,29,152,141,35,357,12,16,28,385
03/12/2004,TYS,TN,ASO,ES,Towers with Radar,30,142,113,24,309,0,0,62,8,70,30,142,175,32,379,58,4,62,441
03/13/2004,TYS,TN,ASO,ES,Towers with Radar,22,98,70,9,199,0,0,49,0,49,22,98,119,9,248,36,16,52,300
03/14/2004,TYS,TN,ASO,ES,Towers with Radar,15,98,70,15,198,0,9,6,0,15,15,107,76,15,213,12,0,12,225
03/15/2004,TYS,TN,ASO,ES,Towers with Radar,25,149,106,6,286,0,2,34,0,36,25,151,140,6,322,16,0,16,338
03/16/2004,TYS,TN,ASO,ES,Towers with Radar,29,146,104,22,301,0,6,25,13,44,29,152,129,35,345,16,32,48,393
03/17/2004,TYS,TN,ASO,ES,Towers with Radar,31,150,109,17,307,0,0,64,0,64,31,150,173,17,371,68,0,68,439
03/18/2004,TYS,TN,ASO,ES,Towers with Radar,31,146,102,19,298,5,5,39,0,49,36,151,141,19,347,32,0,32,379
03/19/2004,TYS,TN,ASO,ES,Towers with Radar,34,140,117,25,316,0,0,79,34,113,34,140,196,59,429,78,20,98,527
03/20/2004,TYS,TN,ASO,ES,Towers with Radar,19,85,59,12,175,8,4,28,3,43,27,89,87,15,218,42,0,42,260
03/21/2004,TYS,TN,ASO,ES,Towers with Radar,21,109,80,16,226,0,0,23,2,25,21,109,103,18,251,76,4,80,331
03/22/2004,TYS,TN,ASO,ES,Towers with Radar,24,131,91,14,260,0,12,15,0,27,24,143,106,14,287,126,0,126,413
03/23/2004,TYS,TN,ASO,ES,Towers with Radar,31,141,98,20,290,1,14,73,11,99,32,155,171,31,389,60,6,66,455
03/24/2004,TYS,TN,ASO,ES,Towers with Radar,28,132,92,5,257,4,16,62,0,82,32,148,154,5,339,102,0,102,441
03/25/2004,TYS,TN,ASO,ES,Towers with Radar,31,143,99,20,293,8,4,57,11,80,39,147,156,31,373,94,20,114,487
03/26/2004,TYS,TN,ASO,ES,Towers with Radar,33,138,108,22,301,3,0,58,15,76,36,138,166,37,377,80,16,96,473
03/27/2004,TYS,TN,ASO,ES,Towers with Radar,23,97,89,7,216,0,0,74,0,74,23,97,163,7,290,56,2,58,348
03/28/2004,TYS,TN,ASO,ES,Towers with Radar,27,101,87,11,226,2,0,91,0,93,29,101,178,11,319,76,0,76,395
03/29/2004,TYS,TN,ASO,ES,Towers with Radar,22,127,88,8,245,0,28,29,0,57,22,155,117,8,302,114,0,114,416
03/30/2004,TYS,TN,ASO,ES,Towers with Radar,31,139,97,20,287,0,5,31,7,43,31,144,128,27,330,48,34,82,412
03/31/2004,TYS,TN,ASO,ES,Towers with Radar,34,153,111,19,317,6,0,14,0,20,40,153,125,19,337,18,0,18,355
04/01/2004,TYS,TN,ASO,ES,Towers with Radar,25,133,99,20,277,11,14,40,0,65,36,147,139,20,342,16,36,52,394
04/02/2004,TYS,TN,ASO,ES,Towers with Radar,27,141,105,30,303,2,3,20,5,30,29,144,125,35,333,56,2,58,391
04/03/2004,TYS,TN,ASO,ES,Towers with Radar,19,93,79,21,212,0,0,44,0,44,19,93,123,21,256,48,10,58,314
04/04/2004,TYS,TN,ASO,ES,Towers with Radar,21,108,85,24,238,0,0,14,17,31,21,108,99,41,269,6,12,18,287
04/05/2004,TYS,TN,ASO,ES,Towers with Radar,21,155,115,33,324,0,4,64,18,86,21,159,179,51,410,71,34,105,515
04/06/2004,TYS,TN,ASO,ES,Towers with Radar,28,146,109,32,315,2,5,44,30,81,30,151,153,62,396,23,50,73,469
04/07/2004,TYS,TN,ASO,ES,Towers with Radar,27,155,115,31,328,0,1,60,0,61,27,156,175,31,389,38,28,66,455
04/08/2004,TYS,TN,ASO,ES,Towers with Radar,23,132,98,26,279,0,16,56,0,72,23,148,154,26,351,62,18,80,431
04/09/2004,TYS,TN,ASO,ES,Towers with Radar,27,149,117,34,327,0,0,47,43,90,27,149,164,77,417,104,18,122,539
04/10/2004,TYS,TN,ASO,ES,Towers with Radar,17,96,72,8,193,0,1,16,0,17,17,97,88,8,210,62,0,62,272
04/11/2004,TYS,TN,ASO,ES,Towers with Radar,20,105,68,5,198,4,5,0,0,9,24,110,68,5,207,8,0,8,215
04/12/2004,TYS,TN,ASO,ES,Towers with Radar,14,125,93,19,251,0,25,0,0,25,14,150,93,19,276,0,0,0,276
04/13/2004,TYS,TN,ASO,ES,Towers with Radar,23,122,74,26,245,8,30,0,11,49,31,152,74,37,294,0,0,0,294
04/14/2004,TYS,TN,ASO,ES,Towers with Radar,26,157,117,19,319,0,4,39,0,43,26,161,156,19,362,70,28,98,460
04/15/2004,TYS,TN,ASO,ES,Towers with Radar,27,159,139,41,366,0,0,74,5,79,27,159,213,46,445,72,4,76,521
04/16/2004,TYS,TN,ASO,ES,Towers with Radar,28,150,117,20,315,0,0,95,0,95,28,150,212,20,410,102,12,114,524
04/17/2004,TYS,TN,ASO,ES,Towers with Radar,18,101,74,22,215,0,0,77,0,77,18,101,151,22,292,74,0,74,366
04/18/2004,TYS,TN,ASO,ES,Towers with Radar,19,106,92,11,228,0,0,72,0,72,19,106,164,11,300,44,2,46,346
04/19/2004,TYS,TN,ASO,ES,Towers with Radar,17,139,102,32,290,0,15,64,6,85,17,154,166,38,375,44,14,58,433
04/20/2004,TYS,TN,ASO,ES,Towers with Radar,28,157,126,37,348,0,0,56,24,80,28,157,182,61,428,72,46,118,546
04/21/2004,TYS,TN,ASO,ES,Towers with Radar,25,140,103,28,296,8,11,39,0,58,33,151,142,28,354,54,15,69,423
04/22/2004,TYS,TN,ASO,ES,Towers with Radar,27,148,108,33,316,1,3,22,7,33,28,151,130,40,349,64,30,94,443
04/23/2004,TYS,TN,ASO,ES,Towers with Radar,28,138,114,34,314,5,0,38,4,47,33,138,152,38,361,82,10,92,453
04/24/2004,TYS,TN,ASO,ES,Towers with Radar,15,84,61,9,169,9,9,21,0,39,24,93,82,9,208,62,0,62,270
04/25/2004,TYS,TN,ASO,ES,Towers with Radar,30,154,122,35,341,7,0,99,19,125,37,154,221,54,466,116,2,118,584
04/26/2004,TYS,TN,ASO,ES,Towers with Radar,16,133,98,16,263,0,31,26,0,57,16,164,124,16,320,56,16,72,392
04/27/2004,TYS,TN,ASO,ES,Towers with Radar,29,159,117,34,339,0,5,17,45,67,29,164,134,79,406,69,22,91,497
04/28/2004,TYS,TN,ASO,ES,Towers with Radar,30,156,120,35,341,3,0,91,5,99,33,156,211,40,440,62,0,62,502
04/29/2004,TYS,TN,ASO,ES,Towers with Radar,30,154,122,35,341,7,0,99,19,125,37,154,221,54,466,116,2,118,584
04/30/2004,TYS,TN,ASO,ES,Towers with Radar,25,156,116,34,331,0,0,13,33,46,25,156,129,67,377,60,16,76,453
05/01/2004,TYS,TN,ASO,ES,Towers with Radar,15,84,59,8,166,4,10,23,0,37,19,94,82,8,203,54,12,66,269
05/02/2004,TYS,TN,ASO,ES,Towers with Radar,20,111,68,12,211,4,2,0,0,6,24,113,68,12,217,6,8,14,231
05/03/2004,TYS,TN,ASO,ES,Towers with Radar,15,151,108,27,301,0,15,9,30,54,15,166,117,57,355,56,10,66,421
05/04/2004,TYS,TN,ASO,ES,Towers with Radar,29,159,121,30,339,8,0,54,7,69,37,159,175,37,408,64,12,76,484
05/05/2004,TYS,TN,ASO,ES,Towers with Radar,28,164,117,29,338,0,5,63,2,70,28,169,180,31,408,82,6,88,496
05/06/2004,TYS,TN,ASO,ES,Towers with Radar,27,150,109,25,311,4,0,72,0,76,31,150,181,25,387,110,14,124,511
05/07/2004,TYS,TN,ASO,ES,Towers with Radar,28,144,113,28,313,0,0,61,11,72,28,144,174,39,385,90,2,92,477
05/08/2004,TYS,TN,ASO,ES,Towers with Radar,17,93,67,9,186,4,11,31,0,46,21,104,98,9,232,66,0,66,298
05/09/2004,TYS,TN,ASO,ES,Towers with Radar,16,93,67,8,184,1,24,17,0,42,17,117,84,8,226,32,0,32,258
05/10/2004,TYS,TN,ASO,ES,Towers with Radar,17,128,91,13,249,0,20,45,0,65,17,148,136,13,314,52,2,54,368
05/11/2004,TYS,TN,ASO,ES,Towers with Radar,28,160,117,28,333,0,0,34,39,73,28,160,151,67,406,30,42,72,478
05/12/2004,TYS,TN,ASO,ES,Towers with Radar,30,159,123,30,342,4,0,23,33,60,34,159,146,63,402,94,46,140,542
05/13/2004,TYS,TN,ASO,ES,Towers with Radar,26,143,106,27,302,2,0,29,11,42,28,143,135,38,344,66,56,122,466
05/14/2004,TYS,TN,ASO,ES,Towers with Radar,27,144,110,27,308,1,0,44,19,64,28,144,154,46,372,74,24,98,470
05/15/2004,TYS,TN,ASO,ES,Towers with Radar,17,94,68,9,188,4,15,9,0,28,21,109,77,9,216,60,0,60,276
05/16/2004,TYS,TN,ASO,ES,Towers with Radar,18,109,79,3,209,5,0,18,0,23,23,109,97,3,232,46,0,46,278
05/17/2004,TYS,TN,ASO,ES,Towers with Radar,16,151,112,28,307,0,0,15,27,42,16,151,127,55,349,51,14,65,414
05/18/2004,TYS,TN,ASO,ES,Towers with Radar,25,145,107,22,299,2,0,43,0,45,27,145,150,22,344,54,6,60,404
05/19/2004,TYS,TN,ASO,ES,Towers with Radar,28,170,127,33,358,0,0,25,9,34,28,170,152,42,392,46,10,56,448
05/20/2004,TYS,TN,ASO,ES,Towers with Radar,27,154,130,33,344,0,0,106,13,119,27,154,236,46,463,52,14,66,529
05/21/2004,TYS,TN,ASO,ES,Towers with Radar,26,155,110,27,318,3,0,57,0,60,29,155,167,27,378,34,10,44,422
05/22/2004,TYS,TN,ASO,ES,Towers with Radar,13,77,54,7,151,8,15,36,0,59,21,92,90,7,210,60,4,64,274
05/23/2004,TYS,TN,ASO,ES,Towers with Radar,18,106,77,4,205,5,0,27,0,32,23,106,104,4,237,30,0,30,267
05/24/2004,TYS,TN,ASO,ES,Towers with Radar,13,142,100,25,280,0,25,24,10,59,13,167,124,35,339,52,5,57,396
05/25/2004,TYS,TN,ASO,ES,Towers with Radar,25,159,125,31,340,0,0,59,31,90,25,159,184,62,430,42,50,92,522
05/26/2004,TYS,TN,ASO,ES,Towers with Radar,24,149,105,26,304,0,6,39,2,47,24,155,144,28,351,32,2,34,385
05/27/2004,TYS,TN,ASO,ES,Towers with Radar,22,160,115,29,326,0,0,34,34,68,22,160,149,63,394,62,38,100,494
05/28/2004,TYS,TN,ASO,ES,Towers with Radar,28,163,117,29,337,0,0,21,2,23,28,163,138,31,360,60,10,70,430
05/29/2004,TYS,TN,ASO,ES,Towers with Radar,16,98,69,2,185,1,3,13,0,17,17,101,82,2,202,98,0,98,300
05/30/2004,TYS,TN,ASO,ES,Towers with Radar,13,78,54,0,145,3,23,2,0,28,16,101,56,0,173,6,0,6,179
05/31/2004,TYS,TN,ASO,ES,Towers with Radar,9,90,63,7,169,0,15,28,0,43,9,105,91,7,212,18,0,18,230
06/01/2004,TYS,TN,ASO,ES,Towers with Radar,21,152,111,34,318,0,0,109,3,112,21,152,220,37,430,48,4,52,482
06/02/2004,TYS,TN,ASO,ES,Towers with Radar,25,140,97,30,292,11,15,43,0,69,36,155,140,30,361,48,10,58,419
06/03/2004,TYS,TN,ASO,ES,Towers with Radar,27,156,108,33,324,0,7,50,1,58,27,163,158,34,382,22,36,58,440
06/04/2004,TYS,TN,ASO,ES,Towers with Radar,24,137,95,28,284,0,8,40,1,49,24,145,135,29,333,30,2,32,365
06/05/2004,TYS,TN,ASO,ES,Towers with Radar,16,88,61,18,183,4,11,40,10,65,20,99,101,28,248,80,28,108,356
06/06/2004,TYS,TN,ASO,ES,Towers with Radar,17,108,76,22,223,0,3,36,17,56,17,111,112,39,279,46,2,48,327
06/07/2004,TYS,TN,ASO,ES,Towers with Radar,17,124,86,26,253,0,25,14,19,58,17,149,100,45,311,50,14,64,375
06/08/2004,TYS,TN,ASO,ES,Towers with Radar,25,138,89,29,281,3,16,0,10,29,28,154,89,39,310,34,14,48,358
06/09/2004,TYS,TN,ASO,ES,Towers with Radar,24,155,109,33,321,0,0,39,14,53,24,155,148,47,374,38,22,60,434
06/10/2004,TYS,TN,ASO,ES,Towers with Radar,26,143,99,19,287,4,1,52,0,57,30,144,151,19,344,40,14,54,398
06/11/2004,TYS,TN,ASO,ES,Towers with Radar,28,150,107,11,296,0,0,45,0,45,28,150,152,11,341,50,0,50,391
06/12/2004,TYS,TN,ASO,ES,Towers with Radar,16,85,60,3,164,6,9,27,0,42,22,94,87,3,206,66,0,66,272
06/13/2004,TYS,TN,ASO,ES,Towers with Radar,23,108,88,16,235,2,0,8,0,10,25,108,96,16,245,48,0,48,293
06/14/2004,TYS,TN,ASO,ES,Towers with Radar,22,143,99,30,294,0,8,37,17,62,22,151,136,47,356,74,46,120,476
06/15/2004,TYS,TN,ASO,ES,Towers with Radar,23,132,62,28,245,7,15,0,12,34,30,147,62,40,279,22,6,28,307
06/16/2004,TYS,TN,ASO,ES,Towers with Radar,29,149,116,36,330,4,0,29,9,42,33,149,145,45,372,56,26,82,454
06/17/2004,TYS,TN,ASO,ES,Towers with Radar,26,149,102,32,309,3,1,61,6,71,29,150,163,38,380,74,20,94,474
06/18/2004,TYS,TN,ASO,ES,Towers with Radar,23,144,112,32,311,0,0,22,0,22,23,144,134,32,333,66,10,76,409
06/19/2004,TYS,TN,ASO,ES,Towers with Radar,17,97,66,7,187,1,4,29,0,34,18,101,95,7,221,86,10,96,317
06/20/2004,TYS,TN,ASO,ES,Towers with Radar,16,112,87,23,238,0,0,57,0,57,16,112,144,23,295,10,8,18,313
06/21/2004,TYS,TN,ASO,ES,Towers with Radar,16,130,89,27,262,0,14,30,5,49,16,144,119,32,311,102,22,124,435
06/22/2004,TYS,TN,ASO,ES,Towers with Radar,25,145,99,30,299,1,16,32,0,49,26,161,131,30,348,32,12,44,392
06/23/2004,TYS,TN,ASO,ES,Towers with Radar,23,140,96,25,284,0,9,4,0,13,23,149,100,25,297,10,0,10,307
06/24/2004,TYS,TN,ASO,ES,Towers with Radar,26,159,136,41,362,0,0,24,70,94,26,159,160,111,456,58,40,98,554
06/25/2004,TYS,TN,ASO,ES,Towers with Radar,22,125,79,22,248,11,2,0,0,13,33,127,79,22,261,2,0,2,263
06/26/2004,TYS,TN,ASO,ES,Towers with Radar,19,102,73,6,200,1,0,0,0,1,20,102,73,6,201,42,8,50,251
06/27/2004,TYS,TN,ASO,ES,Towers with Radar,20,112,79,13,224,11,0,32,0,43,31,112,111,13,267,56,0,56,323
06/28/2004,TYS,TN,ASO,ES,Towers with Radar,17,147,100,31,295,0,7,27,18,52,17,154,127,49,347,4,2,6,353
06/29/2004,TYS,TN,ASO,ES,Towers with Radar,24,149,124,37,334,0,0,81,42,123,24,149,205,79,457,56,14,70,527
06/30/2004,TYS,TN,ASO,ES,Towers with Radar,27,148,102,29,306,1,11,3,0,15,28,159,105,29,321,90,6,96,417
07/01/2004,TYS,TN,ASO,ES,Towers with Radar,30,156,116,34,336,0,0,12,34,46,30,156,128,68,382,20,0,20,402
07/02/2004,TYS,TN,ASO,ES,Towers with Radar,24,135,95,4,258,0,4,13,0,17,24,139,108,4,275,50,0,50,325
07/03/2004,TYS,TN,ASO,ES,Towers with Radar,14,89,49,10,162,0,4,0,0,4,14,93,49,10,166,20,0,20,186
07/04/2004,TYS,TN,ASO,ES,Towers with Radar,11,61,43,0,115,2,22,0,0,24,13,83,43,0,139,22,0,22,161
07/05/2004,TYS,TN,ASO,ES,Towers with Radar,10,109,80,17,216,0,0,15,0,15,10,109,95,17,231,82,0,82,313
07/06/2004,TYS,TN,ASO,ES,Towers with Radar,21,137,97,28,283,0,22,68,1,91,21,159,165,29,374,38,0,38,412
07/07/2004,TYS,TN,ASO,ES,Towers with Radar,24,132,94,19,269,1,21,47,0,69,25,153,141,19,338,98,10,108,446
07/08/2004,TYS,TN,ASO,ES,Towers with Radar,24,150,110,32,316,0,0,64,3,67,24,150,174,35,383,122,26,148,531
07/09/2004,TYS,TN,ASO,ES,Towers with Radar,29,137,113,33,312,4,0,48,57,109,33,137,161,90,421,78,26,104,525
07/10/2004,TYS,TN,ASO,ES,Towers with Radar,18,97,69,16,200,0,2,50,0,52,18,99,119,16,252,70,0,70,322
07/11/2004,TYS,TN,ASO,ES,Towers with Radar,17,113,89,26,245,0,0,6,24,30,17,113,95,50,275,38,0,38,313
07/12/2004,TYS,TN,ASO,ES,Towers with Radar,22,127,86,26,261,0,20,0,14,34,22,147,86,40,295,40,8,48,343
07/13/2004,TYS,TN,ASO,ES,Towers with Radar,27,143,105,30,305,0,0,69,17,86,27,143,174,47,391,170,8,178,569
07/14/2004,TYS,TN,ASO,ES,Towers with Radar,21,147,104,28,300,0,3,54,0,57,21,150,158,28,357,68,2,70,427
07/15/2004,TYS,TN,ASO,ES,Towers with Radar,24,152,109,33,318,0,0,61,25,86,24,152,170,58,404,80,30,110,514
07/16/2004,TYS,TN,ASO,ES,Towers with Radar,21,152,114,35,322,0,0,92,20,112,21,152,206,55,434,140,12,152,586
07/17/2004,TYS,TN,ASO,ES,Towers with Radar,14,84,54,4,156,13,17,0,0,30,27,101,54,4,186,28,0,28,214
07/18/2004,TYS,TN,ASO,ES,Towers with Radar,19,106,76,21,222,0,0,17,0,17,19,106,93,21,239,36,0,36,275
07/19/2004,TYS,TN,ASO,ES,Towers with Radar,24,139,97,15,275,2,6,83,0,91,26,145,180,15,366,86,0,86,452
07/20/2004,TYS,TN,ASO,ES,Towers with Radar,27,142,106,33,308,3,0,70,11,84,30,142,176,44,392,66,26,92,484
07/21/2004,TYS,TN,ASO,ES,Towers with Radar,26,137,105,18,286,0,0,95,0,95,26,137,200,18,381,104,24,128,509
07/22/2004,TYS,TN,ASO,ES,Towers with Radar,30,155,120,36,341,1,0,39,19,59,31,155,159,55,400,124,16,140,540
07/23/2004,TYS,TN,ASO,ES,Towers with Radar,27,152,107,32,318,0,0,55,1,56,27,152,162,33,374,76,0,76,450
07/24/2004,TYS,TN,ASO,ES,Towers with Radar,19,106,73,3,201,6,10,42,0,58,25,116,115,3,259,48,6,54,313
07/25/2004,TYS,TN,ASO,ES,Towers with Radar,20,117,70,4,211,9,2,0,0,11,29,119,70,4,222,41,0,41,263
07/26/2004,TYS,TN,ASO,ES,Towers with Radar,25,141,88,29,283,10,5,0,11,26,35,146,88,40,309,30,16,46,355
07/27/2004,TYS,TN,ASO,ES,Towers with Radar,28,148,110,30,316,2,0,10,0,12,30,148,120,30,328,26,6,32,360
07/28/2004,TYS,TN,ASO,ES,Towers with Radar,23,158,110,32,323,0,10,80,21,111,23,168,190,53,434,90,8,98,532
07/29/2004,TYS,TN,ASO,ES,Towers with Radar,29,161,132,40,362,0,0,53,20,73,29,161,185,60,435,44,68,112,547
07/30/2004,TYS,TN,ASO,ES,Towers with Radar,26,155,108,31,320,0,5,34,0,39,26,160,142,31,359,77,2,79,438
07/31/2004,TYS,TN,ASO,ES,Towers with Radar,13,74,51,12,150,1,37,12,0,50,14,111,63,12,200,68,0,68,268
08/01/2004,TYS,TN,ASO,ES,Towers with Radar,18,124,83,16,241,0,0,7,0,7,18,124,90,16,248,60,0,60,308
08/02/2004,TYS,TN,ASO,ES,Towers with Radar,26,145,98,16,285,2,9,43,0,54,28,154,141,16,339,124,0,124,463
08/03/2004,TYS,TN,ASO,ES,Towers with Radar,28,151,101,25,305,0,17,38,22,77,28,168,139,47,382,82,10,92,474
08/04/2004,TYS,TN,ASO,ES,Towers with Radar,30,155,117,30,332,0,0,41,25,66,30,155,158,55,398,40,8,48,446
08/05/2004,TYS,TN,ASO,ES,Towers with Radar,27,144,87,10,268,9,23,0,0,32,36,167,87,10,300,22,10,32,332
08/06/2004,TYS,TN,ASO,ES,Towers with Radar,25,155,106,27,313,0,0,81,7,88,25,155,187,34,401,100,0,100,501
08/07/2004,TYS,TN,ASO,ES,Towers with Radar,19,98,66,8,191,6,14,62,0,82,25,112,128,8,273,62,2,64,337
08/08/2004,TYS,TN,ASO,ES,Towers with Radar,19,119,81,12,231,0,16,41,0,57,19,135,122,12,288,112,2,114,402
08/09/2004,TYS,TN,ASO,ES,Towers with Radar,19,143,96,24,282,0,13,66,7,86,19,156,162,31,368,42,20,62,430
08/10/2004,TYS,TN,ASO,ES,Towers with Radar,28,153,106,28,315,0,0,61,20,81,28,153,167,48,396,134,6,140,536
08/11/2004,TYS,TN,ASO,ES,Towers with Radar,22,159,127,33,341,0,0,30,50,80,22,159,157,83,421,112,2,114,535
08/12/2004,TYS,TN,ASO,ES,Towers with Radar,29,167,119,31,346,0,0,11,10,21,29,167,130,41,367,0,0,0,367
08/13/2004,TYS,TN,ASO,ES,Towers with Radar,29,144,114,30,317,0,0,56,19,75,29,144,170,49,392,70,6,76,468
08/14/2004,TYS,TN,ASO,ES,Towers with Radar,18,107,72,8,205,3,11,35,0,49,21,118,107,8,254,100,12,112,366
08/15/2004,TYS,TN,ASO,ES,Towers with Radar,21,120,81,21,243,1,0,35,8,44,22,120,116,29,287,110,2,112,399
08/16/2004,TYS,TN,ASO,ES,Towers with Radar,27,157,105,28,317,0,8,56,2,66,27,165,161,30,383,32,0,32,415
08/17/2004,TYS,TN,ASO,ES,Towers with Radar,27,157,105,28,317,0,8,56,2,66,27,165,161,30,383,32,0,32,415
08/18/2004,TYS,TN,ASO,ES,Towers with Radar,24,152,112,29,317,0,0,59,29,88,24,152,171,58,405,102,2,104,509
08/19/2004,TYS,TN,ASO,ES,Towers with Radar,23,156,104,28,311,0,0,69,6,75,23,156,173,34,386,44,6,50,436
08/20/2004,TYS,TN,ASO,ES,Towers with Radar,26,148,100,20,294,0,0,37,0,37,26,148,137,20,331,26,6,32,363
08/21/2004,TYS,TN,ASO,ES,Towers with Radar,18,104,53,4,179,2,15,0,0,17,20,119,53,4,196,20,0,20,216
08/22/2004,TYS,TN,ASO,ES,Towers with Radar,20,128,88,7,243,0,0,46,0,46,20,128,134,7,289,36,0,36,325
08/23/2004,TYS,TN,ASO,ES,Towers with Radar,25,145,102,27,299,0,0,30,14,44,25,145,132,41,343,41,0,41,384
08/24/2004,TYS,TN,ASO,ES,Towers with Radar,27,155,104,27,313,6,0,33,7,46,33,155,137,34,359,42,16,58,417
08/25/2004,TYS,TN,ASO,ES,Towers with Radar,25,147,97,12,281,0,3,32,0,35,25,150,129,12,316,48,0,48,364
08/26/2004,TYS,TN,ASO,ES,Towers with Radar,30,157,116,25,328,5,0,45,0,50,35,157,161,25,378,44,16,60,438
08/27/2004,TYS,TN,ASO,ES,Towers with Radar,26,164,112,28,330,0,0,45,4,49,26,164,157,32,379,42,12,54,433
08/28/2004,TYS,TN,ASO,ES,Towers with Radar,17,98,64,15,194,5,7,24,0,36,22,105,88,15,230,54,12,66,296
08/29/2004,TYS,TN,ASO,ES,Towers with Radar,22,119,85,22,248,5,0,34,2,41,27,119,119,24,289,54,0,54,343
08/30/2004,TYS,TN,ASO,ES,Towers with Radar,22,127,84,21,254,6,16,15,6,43,28,143,99,27,297,62,0,62,359
08/31/2004,TYS,TN,ASO,ES,Towers with Radar,24,134,88,21,267,4,26,49,0,79,28,160,137,21,346,100,6,106,452
09/01/2004,TYS,TN,ASO,ES,Towers with Radar,26,148,104,31,309,0,0,73,3,76,26,148,177,34,385,40,38,78,463
09/02/2004,TYS,TN,ASO,ES,Towers with Radar,24,157,113,34,328,0,0,26,8,34,24,157,139,42,362,66,0,66,428
09/03/2004,TYS,TN,ASO,ES,Towers with Radar,26,154,121,36,337,0,0,15,24,39,26,154,136,60,376,48,26,74,450
09/04/2004,TYS,TN,ASO,ES,Towers with Radar,20,102,67,18,207,0,2,17,0,19,20,104,84,18,226,79,0,79,305
09/05/2004,TYS,TN,ASO,ES,Towers with Radar,16,88,71,21,196,0,0,47,8,55,16,88,118,29,251,36,0,36,287
09/06/2004,TYS,TN,ASO,ES,Towers with Radar,20,102,67,11,200,2,10,30,0,42,22,112,97,11,242,74,8,82,324
09/07/2004,TYS,TN,ASO,ES,Towers with Radar,21,110,63,14,208,5,38,0,0,43,26,148,63,14,251,0,0,0,251
09/08/2004,TYS,TN,ASO,ES,Towers with Radar,24,124,64,24,236,6,37,0,2,45,30,161,64,26,281,10,8,18,299
09/09/2004,TYS,TN,ASO,ES,Towers with Radar,29,157,115,34,335,0,0,38,31,69,29,157,153,65,404,56,26,82,486
09/10/2004,TYS,TN,ASO,ES,Towers with Radar,22,158,114,34,328,0,0,84,21,105,22,158,198,55,433,48,8,56,489
09/11/2004,TYS,TN,ASO,ES,Towers with Radar,17,95,63,19,194,0,12,77,0,89,17,107,140,19,283,78,0,78,361
09/12/2004,TYS,TN,ASO,ES,Towers with Radar,18,121,93,28,260,0,0,54,10,64,18,121,147,38,324,42,2,44,368
09/13/2004,TYS,TN,ASO,ES,Towers with Radar,25,149,98,26,298,0,21,53,0,74,25,170,151,26,372,104,0,104,476
09/14/2004,TYS,TN,ASO,ES,Towers with Radar,26,160,126,38,350,0,0,52,54,106,26,160,178,92,456,90,38,128,584
09/15/2004,TYS,TN,ASO,ES,Towers with Radar,26,156,103,33,318,0,0,58,5,63,26,156,161,38,381,66,24,90,471
09/16/2004,TYS,TN,ASO,ES,Towers with Radar,26,141,91,28,286,13,15,8,3,39,39,156,99,31,325,8,0,8,333
09/17/2004,TYS,TN,ASO,ES,Towers with Radar,19,105,44,9,177,16,40,0,0,56,35,145,44,9,233,6,0,6,239
09/18/2004,TYS,TN,ASO,ES,Towers with Radar,20,108,72,10,210,6,0,45,0,51,26,108,117,10,261,50,2,52,313
09/19/2004,TYS,TN,ASO,ES,Towers with Radar,22,123,79,15,239,2,7,70,0,79,24,130,149,15,318,60,0,60,378
09/20/2004,TYS,TN,ASO,ES,Towers with Radar,26,144,93,29,292,0,12,59,8,79,26,156,152,37,371,26,24,50,421
09/21/2004,TYS,TN,ASO,ES,Towers with Radar,26,153,99,29,307,0,12,58,16,86,26,165,157,45,393,32,8,40,433
09/22/2004,TYS,TN,ASO,ES,Towers with Radar,32,175,115,34,356,0,0,59,11,70,32,175,174,45,426,34,16,50,476
09/23/2004,TYS,TN,ASO,ES,Towers with Radar,32,156,114,34,336,9,0,71,4,84,41,156,185,38,420,26,30,56,476
09/24/2004,TYS,TN,ASO,ES,Towers with Radar,31,157,109,33,330,3,0,55,6,64,34,157,164,39,394,36,2,38,432
09/25/2004,TYS,TN,ASO,ES,Towers with Radar,19,110,73,17,219,0,0,14,0,14,19,110,87,17,233,50,18,68,301
09/26/2004,TYS,TN,ASO,ES,Towers with Radar,25,124,92,27,268,0,0,29,6,35,25,124,121,33,303,16,0,16,319
09/27/2004,TYS,TN,ASO,ES,Towers with Radar,22,124,80,20,246,5,36,7,0,48,27,160,87,20,294,40,16,56,350
09/28/2004,TYS,TN,ASO,ES,Towers with Radar,24,142,92,13,271,0,13,18,0,31,24,155,110,13,302,18,8,26,328
09/29/2004,TYS,TN,ASO,ES,Towers with Radar,29,158,104,13,304,9,0,53,0,62,38,158,157,13,366,18,0,18,384
09/30/2004,TYS,TN,ASO,ES,Towers with Radar,31,168,110,21,330,0,0,41,0,41,31,168,151,21,371,46,20,66,437
10/01/2004,TYS,TN,ASO,ES,Towers with Radar,31,166,121,2,320,0,3,46,0,49,31,169,167,2,369,630,0,630,999
10/02/2004,TYS,TN,ASO,ES,Towers with Radar,27,113,111,3,254,0,0,10,0,10,27,113,121,3,264,13,0,13,277
10/03/2004,TYS,TN,ASO,ES,Towers with Radar,24,123,125,12,284,0,0,19,0,19,24,123,144,12,303,25,2,27,330
10/04/2004,TYS,TN,ASO,ES,Towers with Radar,19,141,90,46,296,0,0,47,0,47,19,141,137,46,343,12,6,18,361
10/05/2004,TYS,TN,ASO,ES,Towers with Radar,24,164,85,64,337,0,2,58,8,68,24,166,143,72,405,49,20,69,474
10/06/2004,TYS,TN,ASO,ES,Towers with Radar,27,165,121,37,350,0,2,61,11,74,27,167,182,48,424,42,20,62,486
10/07/2004,TYS,TN,ASO,ES,Towers with Radar,26,157,139,17,339,0,3,66,3,72,26,160,205,20,411,27,22,49,460
10/08/2004,TYS,TN,ASO,ES,Towers with Radar,20,145,103,18,286,0,0,41,2,43,20,145,144,20,329,52,28,80,409
10/09/2004,TYS,TN,ASO,ES,Towers with Radar,19,117,69,12,217,0,0,17,6,23,19,117,86,18,240,21,10,31,271
10/10/2004,TYS,TN,ASO,ES,Towers with Radar,16,121,73,7,217,0,0,21,8,29,16,121,94,15,246,15,2,17,263
10/11/2004,TYS,TN,ASO,ES,Towers with Radar,21,126,83,10,240,0,0,30,0,30,21,126,113,10,270,25,2,27,297
10/12/2004,TYS,TN,ASO,ES,Towers with Radar,34,170,115,11,330,0,0,8,0,8,34,170,123,11,338,5,2,7,345
10/13/2004,TYS,TN,ASO,ES,Towers with Radar,30,181,116,15,342,0,0,1,0,1,30,181,117,15,343,5,0,5,348
10/14/2004,TYS,TN,ASO,ES,Towers with Radar,33,162,106,32,333,0,0,7,0,7,33,162,113,32,340,6,28,34,374
10/15/2004,TYS,TN,ASO,ES,Towers with Radar,23,146,83,38,290,0,1,16,12,29,23,147,99,50,319,16,18,34,353
10/16/2004,TYS,TN,ASO,ES,Towers with Radar,19,101,43,2,165,0,0,36,0,36,19,101,79,2,201,31,0,31,232
10/17/2004,TYS,TN,ASO,ES,Towers with Radar,23,121,81,23,248,0,0,47,1,48,23,121,128,24,296,28,10,38,334
10/18/2004,TYS,TN,ASO,ES,Towers with Radar,22,152,74,35,283,0,0,16,0,16,22,152,90,35,299,13,10,23,322
10/19/2004,TYS,TN,ASO,ES,Towers with Radar,29,163,88,8,288,0,1,6,10,17,29,164,94,18,305,34,6,40,345
10/20/2004,TYS,TN,ASO,ES,Towers with Radar,37,152,108,39,336,0,1,15,0,16,37,153,123,39,352,11,28,39,391
10/21/2004,TYS,TN,ASO,ES,Towers with Radar,23,180,143,42,388,0,1,24,0,25,23,181,167,42,413,29,8,37,450
10/22/2004,TYS,TN,ASO,ES,Towers with Radar,40,174,136,37,387,0,0,21,10,31,40,174,157,47,418,10,54,64,482
10/23/2004,TYS,TN,ASO,ES,Towers with Radar,20,115,113,4,252,0,0,17,6,23,20,115,130,10,275,31,12,43,318
10/24/2004,TYS,TN,ASO,ES,Towers with Radar,17,129,125,25,296,0,0,25,10,35,17,129,150,35,331,6,30,36,367
10/25/2004,TYS,TN,ASO,ES,Towers with Radar,32,149,100,38,319,0,3,38,5,46,32,152,138,43,365,25,48,73,438
10/26/2004,TYS,TN,ASO,ES,Towers with Radar,27,164,128,55,374,0,0,54,16,70,27,164,182,71,444,25,24,49,493
10/27/2004,TYS,TN,ASO,ES,Towers with Radar,26,161,121,23,331,0,0,16,9,25,26,161,137,32,356,44,0,44,400
10/28/2004,TYS,TN,ASO,ES,Towers with Radar,30,162,109,19,320,0,0,18,0,18,30,162,127,19,338,23,4,27,365
10/29/2004,TYS,TN,ASO,ES,Towers with Radar,22,146,102,9,279,0,0,12,7,19,22,146,114,16,298,19,0,19,317
10/30/2004,TYS,TN,ASO,ES,Towers with Radar,12,64,32,5,113,0,0,13,1,14,12,64,45,6,127,9,0,9,136
10/31/2004,TYS,TN,ASO,ES,Towers with Radar,18,124,81,3,226,0,0,26,1,27,18,124,107,4,253,23,0,23,276
11/01/2004,TYS,TN,ASO,ES,Combined TRACON& Tower with Radar,20,162,90,38,310,0,0,39,1,40,20,162,129,39,350,40,0,40,390
11/02/2004,TYS,TN,ASO,ES,Combined TRACON& Tower with Radar,24,161,83,36,304,0,1,11,0,12,24,162,94,36,316,21,18,39,355
11/03/2004,TYS,TN,ASO,ES,Combined TRACON& Tower with Radar,24,180,99,24,327,0,0,1,2,3,24,180,100,26,330,5,14,19,349
11/04/2004,TYS,TN,ASO,ES,Combined TRACON& Tower with Radar,24,179,103,47,353,0,0,14,2,16,24,179,117,49,369,73,24,97,466
11/05/2004,TYS,TN,ASO,ES,Combined TRACON& Tower with Radar,22,175,124,55,376,0,1,71,14,86,22,176,195,69,462,45,24,69,531
11/06/2004,TYS,TN,ASO,ES,Combined TRACON& Tower with Radar,16,119,115,25,275,0,0,71,10,81,16,119,186,35,356,16,40,56,412
11/07/2004,TYS,TN,ASO,ES,Combined TRACON& Tower with Radar,23,139,92,43,297,0,0,61,7,68,23,139,153,50,365,45,22,67,432
11/08/2004,TYS,TN,ASO,ES,Combined TRACON& Tower with Radar,26,169,88,16,299,0,0,46,10,56,26,169,134,26,355,41,4,45,400
11/09/2004,TYS,TN,ASO,ES,Combined TRACON& Tower with Radar,27,168,106,63,364,0,0,57,6,63,27,168,163,69,427,29,16,45,472
11/10/2004,TYS,TN,ASO,ES,Combined TRACON& Tower with Radar,21,181,110,21,333,0,0,50,1,51,21,181,160,22,384,11,2,13,397
11/11/2004,TYS,TN,ASO,ES,Combined TRACON& Tower with Radar,23,156,106,13,298,0,0,12,2,14,23,156,118,15,312,24,0,24,336
11/12/2004,TYS,TN,ASO,ES,Combined TRACON& Tower with Radar,19,182,114,4,319,0,0,0,0,0,19,182,114,4,319,4,0,4,323
11/13/2004,TYS,TN,ASO,ES,Combined TRACON& Tower with Radar,24,126,37,4,191,0,0,38,0,38,24,126,75,4,229,31,0,31,260
11/14/2004,TYS,TN,ASO,ES,Combined TRACON& Tower with Radar,11,136,72,7,226,0,3,86,0,89,11,139,158,7,315,31,4,35,350
11/15/2004,TYS,TN,ASO,ES,Combined TRACON& Tower with Radar,24,158,77,33,292,0,0,52,3,55,24,158,129,36,347,17,8,25,372
11/16/2004,TYS,TN,ASO,ES,Combined TRACON& Tower with Radar,27,168,128,25,348,0,1,40,12,53,27,169,168,37,401,48,6,54,455
11/17/2004,TYS,TN,ASO,ES,Combined TRACON& Tower with Radar,20,176,104,33,333,0,0,46,8,54,20,176,150,41,387,4,12,16,403
11/18/2004,TYS,TN,ASO,ES,Combined TRACON& Tower with Radar,14,103,93,33,243,0,0,28,4,32,14,103,121,37,275,13,2,15,290
11/19/2004,TYS,TN,ASO,ES,Combined TRACON& Tower with Radar,20,155,123,56,354,0,0,23,20,43,20,155,146,76,397,30,14,44,441
11/20/2004,TYS,TN,ASO,ES,Combined TRACON& Tower with Radar,14,126,35,10,185,0,0,0,16,16,14,126,35,26,201,0,14,14,215
11/21/2004,TYS,TN,ASO,ES,Combined TRACON& Tower with Radar,14,149,64,27,254,0,0,6,8,14,14,149,70,35,268,4,14,18,286
11/22/2004,TYS,TN,ASO,ES,Combined TRACON& Tower with Radar,23,162,102,4,291,0,1,21,2,24,23,163,123,6,315,58,0,58,373
11/23/2004,TYS,TN,ASO,ES,Combined TRACON& Tower with Radar,33,249,79,34,395,0,0,0,0,0,33,249,79,34,395,1,0,1,396
11/24/2004,TYS,TN,ASO,ES,Combined TRACON& Tower with Radar,22,97,46,2,167,0,0,3,0,3,22,97,49,2,170,3,0,3,173
11/25/2004,TYS,TN,ASO,ES,Combined TRACON& Tower with Radar,4,118,33,0,155,0,0,5,0,5,4,118,38,0,160,2,0,2,162
11/26/2004,TYS,TN,ASO,ES,Combined TRACON& Tower with Radar,19,155,35,1,210,0,0,43,2,45,19,155,78,3,255,23,0,23,278
11/27/2004,TYS,TN,ASO,ES,Combined TRACON& Tower with Radar,16,136,56,0,208,0,0,17,0,17,16,136,73,0,225,23,0,23,248
11/28/2004,TYS,TN,ASO,ES,Combined TRACON& Tower with Radar,17,148,98,1,264,0,0,34,2,36,17,148,132,3,300,35,0,35,335
11/29/2004,TYS,TN,ASO,ES,Combined TRACON& Tower with Radar,34,161,75,16,286,3,0,48,1,52,37,161,123,17,338,45,0,45,383
11/30/2004,TYS,TN,ASO,ES,Combined TRACON& Tower with Radar,39,161,100,49,349,0,1,3,2,6,39,162,103,51,355,4,9,13,368
12/01/2004,TYS,TN,ASO,ES,Combined TRACON& Tower with Radar,34,162,97,20,313,0,1,34,10,45,34,163,131,30,358,39,0,39,397
12/02/2004,TYS,TN,ASO,ES,Combined TRACON& Tower with Radar,28,169,110,18,325,0,1,40,5,46,28,170,150,23,371,29,22,51,422
12/03/2004,TYS,TN,ASO,ES,Combined TRACON& Tower with Radar,26,180,65,32,303,0,0,66,5,71,26,180,131,37,374,55,0,55,429
12/04/2004,TYS,TN,ASO,ES,Combined TRACON& Tower with Radar,20,129,49,10,208,0,1,77,21,99,20,130,126,31,307,53,0,53,360
12/05/2004,TYS,TN,ASO,ES,Combined TRACON& Tower with Radar,19,136,63,11,229,0,0,29,0,29,19,136,92,11,258,33,0,33,291
12/06/2004,TYS,TN,ASO,ES,Combined TRACON& Tower with Radar,24,156,61,12,253,0,0,0,0,0,24,156,61,12,253,0,0,0,253
12/07/2004,TYS,TN,ASO,ES,Combined TRACON& Tower with Radar,27,170,69,27,293,0,1,4,1,6,27,171,73,28,299,2,8,10,309
12/08/2004,TYS,TN,ASO,ES,Combined TRACON& Tower with Radar,34,180,105,25,344,0,0,71,13,84,34,180,176,38,428,42,22,64,492
12/09/2004,TYS,TN,ASO,ES,Combined TRACON& Tower with Radar,12,188,90,25,315,0,0,0,2,2,12,188,90,27,317,0,0,0,317
12/10/2004,TYS,TN,ASO,ES,Combined TRACON& Tower with Radar,31,165,101,27,324,0,0,10,6,16,31,165,111,33,340,18,8,26,366
12/11/2004,TYS,TN,ASO,ES,Combined TRACON& Tower with Radar,13,124,47,0,184,0,0,4,0,4,13,124,51,0,188,3,0,3,191
12/12/2004,TYS,TN,ASO,ES,Combined TRACON& Tower with Radar,21,128,83,2,234,0,0,35,0,35,21,128,118,2,269,16,0,16,285
12/13/2004,TYS,TN,ASO,ES,Combined TRACON& Tower with Radar,27,160,97,33,317,0,0,14,7,21,27,160,111,40,338,28,36,64,402
12/14/2004,TYS,TN,ASO,ES,Combined TRACON& Tower with Radar,30,179,116,29,354,0,0,11,9,20,30,179,127,38,374,9,28,37,411
12/15/2004,TYS,TN,ASO,ES,Combined TRACON& Tower with Radar,23,169,143,61,396,0,2,49,5,56,23,171,192,66,452,28,14,42,494
12/16/2004,TYS,TN,ASO,ES,Combined TRACON& Tower with Radar,19,164,127,51,361,0,1,38,5,44,19,165,165,56,405,9,12,21,426
12/17/2004,TYS,TN,ASO,ES,Combined TRACON& Tower with Radar,17,103,70,40,230,0,1,26,8,35,17,104,96,48,265,25,38,63,328
12/18/2004,TYS,TN,ASO,ES,Combined TRACON& Tower with Radar,15,125,53,19,212,0,0,40,12,52,15,125,93,31,264,40,8,48,312
12/19/2004,TYS,TN,ASO,ES,Combined TRACON& Tower with Radar,13,124,23,0,160,0,0,0,4,4,13,124,23,4,164,1,4,5,169
12/20/2004,TYS,TN,ASO,ES,Combined TRACON& Tower with Radar,18,162,94,10,284,0,1,34,5,40,18,163,128,15,324,37,14,51,375
12/21/2004,TYS,TN,ASO,ES,Combined TRACON& Tower with Radar,27,172,126,63,388,0,1,17,10,28,27,173,143,73,416,46,10,56,472
12/22/2004,TYS,TN,ASO,ES,Combined TRACON& Tower with Radar,21,153,77,18,269,0,0,12,7,19,21,153,89,25,288,1,40,41,329
12/23/2004,TYS,TN,ASO,ES,Combined TRACON& Tower with Radar,11,133,50,2,196,0,0,3,0,3,11,133,53,2,199,8,0,8,207
12/24/2004,TYS,TN,ASO,ES,Combined TRACON& Tower with Radar,18,133,44,0,195,0,0,11,0,11,18,133,55,0,206,4,0,4,210
12/25/2004,TYS,TN,ASO,ES,Combined TRACON& Tower with Radar,21,99,15,2,137,0,0,6,0,6,21,99,21,2,143,0,0,0,143
12/26/2004,TYS,TN,ASO,ES,Combined TRACON& Tower with Radar,17,120,65,0,202,0,0,27,0,27,17,120,92,0,229,7,0,7,236
12/27/2004,TYS,TN,ASO,ES,Combined TRACON& Tower with Radar,21,154,79,5,259,0,3,32,0,35,21,157,111,5,294,13,0,13,307
12/28/2004,TYS,TN,ASO,ES,Combined TRACON& Tower with Radar,26,159,81,14,280,0,2,39,0,41,26,161,120,14,321,48,10,58,379
12/29/2004,TYS,TN,ASO,ES,Combined TRACON& Tower with Radar,20,179,75,37,311,0,0,45,0,45,20,179,120,37,356,53,16,69,425
12/30/2004,TYS,TN,ASO,ES,Combined TRACON& Tower with Radar,25,166,76,22,289,0,0,27,0,27,25,166,103,22,316,0,12,12,328
12/31/2004,TYS,TN,ASO,ES,Combined TRACON& Tower with Radar,18,149,50,4,221,0,0,14,0,14,18,149,64,4,235,8,0,8,243
01/01/2005,TYS,TN,ASO,ES,Combined TRACON& Tower with Radar,7,80,31,0,118,0,0,28,0,28,7,80,59,0,146,13,0,13,159
01/02/2005,TYS,TN,ASO,ES,Combined TRACON& Tower with Radar,21,142,92,0,255,0,0,2,0,2,21,142,94,0,257,5,0,5,262
01/03/2005,TYS,TN,ASO,ES,Combined TRACON& Tower with Radar,36,161,80,2,279,0,0,31,0,31,36,161,111,2,310,18,0,18,328
01/04/2005,TYS,TN,ASO,ES,Combined TRACON& Tower with Radar,28,170,102,42,342,0,0,12,4,16,28,170,114,46,358,30,62,92,450
01/05/2005,TYS,TN,ASO,ES,Combined TRACON& Tower with Radar,27,160,106,47,340,0,0,29,4,33,27,160,135,51,373,12,16,28,401
01/06/2005,TYS,TN,ASO,ES,Combined TRACON& Tower with Radar,26,178,87,25,316,0,0,5,1,6,26,178,92,26,322,6,36,42,364
01/07/2005,TYS,TN,ASO,ES,Combined TRACON& Tower with Radar,26,172,68,33,299,0,0,9,2,11,26,172,77,35,310,1,13,14,324
01/08/2005,TYS,TN,ASO,ES,Combined TRACON& Tower with Radar,20,117,42,3,182,0,0,24,13,37,20,117,66,16,219,43,0,43,262
01/09/2005,TYS,TN,ASO,ES,Combined TRACON& Tower with Radar,31,115,44,7,197,0,1,68,6,75,31,116,112,13,272,35,0,35,307
01/10/2005,TYS,TN,ASO,ES,Combined TRACON& Tower with Radar,26,172,81,43,322,0,1,38,1,40,26,173,119,44,362,29,22,51,413
01/11/2005,TYS,TN,ASO,ES,Combined TRACON& Tower with Radar,37,160,100,73,370,0,0,2,7,9,37,160,102,80,379,8,24,32,411
01/12/2005,TYS,TN,ASO,ES,Combined TRACON& Tower with Radar,30,164,122,85,401,0,0,39,3,42,30,164,161,88,443,44,10,54,497
01/13/2005,TYS,TN,ASO,ES,Combined TRACON& Tower with Radar,28,172,68,15,283,0,0,4,8,12,28,172,72,23,295,0,16,16,311
01/14/2005,TYS,TN,ASO,ES,Combined TRACON& Tower with Radar,31,163,103,6,303,0,1,33,4,38,31,164,136,10,341,45,2,47,388
01/15/2005,TYS,TN,ASO,ES,Combined TRACON& Tower with Radar,49,89,31,2,171,0,1,75,0,76,49,90,106,2,247,35,0,35,282
01/16/2005,TYS,TN,ASO,ES,Combined TRACON& Tower with Radar,22,130,64,0,216,0,0,31,0,31,22,130,95,0,247,15,0,15,262
01/17/2005,TYS,TN,ASO,ES,Combined TRACON& Tower with Radar,18,129,96,15,258,0,0,56,0,56,18,129,152,15,314,20,0,20,334
01/18/2005,TYS,TN,ASO,ES,Combined TRACON& Tower with Radar,23,178,94,42,337,0,2,52,21,75,23,180,146,63,412,54,18,72,484
01/19/2005,TYS,TN,ASO,ES,Combined TRACON& Tower with Radar,32,178,87,26,323,0,0,48,21,69,32,178,135,47,392,24,14,38,430
01/20/2005,TYS,TN,ASO,ES,Combined TRACON& Tower with Radar,31,166,102,54,353,0,0,25,19,44,31,166,127,73,397,7,40,47,444
01/21/2005,TYS,TN,ASO,ES,Combined TRACON& Tower with Radar,28,168,100,43,339,0,1,43,21,65,28,169,143,64,404,74,16,90,494
01/22/2005,TYS,TN,ASO,ES,Combined TRACON& Tower with Radar,17,103,43,12,175,0,0,1,3,4,17,103,44,15,179,1,0,1,180
01/23/2005,TYS,TN,ASO,ES,Combined TRACON& Tower with Radar,15,123,41,3,182,0,0,22,15,37,15,123,63,18,219,15,2,17,236
01/24/2005,TYS,TN,ASO,ES,Combined TRACON& Tower with Radar,22,169,74,25,290,0,0,33,4,37,22,169,107,29,327,26,28,54,381
01/25/2005,TYS,TN,ASO,ES,Combined TRACON& Tower with Radar,29,173,115,29,346,0,0,41,11,52,29,173,156,40,398,22,26,48,446
01/26/2005,TYS,TN,ASO,ES,Combined TRACON& Tower with Radar,36,161,98,41,336,0,1,37,8,46,36,162,135,49,382,19,18,37,419
01/27/2005,TYS,TN,ASO,ES,Combined TRACON& Tower with Radar,33,170,120,57,380,0,1,30,4,35,33,171,150,61,415,29,84,113,528
01/28/2005,TYS,TN,ASO,ES,Combined TRACON& Tower with Radar,22,170,70,24,286,0,0,35,15,50,22,170,105,39,336,74,15,89,425
01/29/2005,TYS,TN,ASO,ES,Combined TRACON& Tower with Radar,21,72,18,0,111,0,0,0,0,0,21,72,18,0,111,0,0,0,111
01/30/2005,TYS,TN,ASO,ES,Combined TRACON& Tower with Radar,11,115,36,1,163,0,0,1,0,1,11,115,37,1,164,0,0,0,164
01/31/2005,TYS,TN,ASO,ES,Combined TRACON& Tower with Radar,18,167,87,14,286,0,0,19,2,21,18,167,106,16,307,37,16,53,360
02/01/2005,TYS,TN,ASO,ES,Combined TRACON& Tower with Radar,28,164,84,37,313,0,1,14,3,18,28,165,98,40,331,31,6,37,368
02/02/2005,TYS,TN,ASO,ES,Combined TRACON& Tower with Radar,25,154,117,61,357,0,1,8,0,9,25,155,125,61,366,27,8,35,401
02/03/2005,TYS,TN,ASO,ES,Combined TRACON& Tower with Radar,25,170,84,34,313,0,0,0,1,1,25,170,84,35,314,4,4,8,322
02/04/2005,TYS,TN,ASO,ES,Combined TRACON& Tower with Radar,25,147,127,39,338,0,0,73,17,90,25,147,200,56,428,39,24,63,491
02/05/2005,TYS,TN,ASO,ES,Combined TRACON& Tower with Radar,25,114,18,16,173,0,0,74,18,92,25,114,92,34,265,39,35,74,339
02/06/2005,TYS,TN,ASO,ES,Combined TRACON& Tower with Radar,26,127,44,15,212,0,0,66,18,84,26,127,110,33,296,31,20,51,347
02/07/2005,TYS,TN,ASO,ES,Combined TRACON& Tower with Radar,23,170,97,52,342,0,0,62,4,66,23,170,159,56,408,14,4,18,426
02/08/2005,TYS,TN,ASO,ES,Combined TRACON& Tower with Radar,29,178,104,23,334,0,0,1,0,1,29,178,105,23,335,0,0,0,335
02/09/2005,TYS,TN,ASO,ES,Combined TRACON& Tower with Radar,31,173,91,35,330,0,0,0,0,0,31,173,91,35,330,0,8,8,338
02/10/2005,TYS,TN,ASO,ES,Combined TRACON& Tower with Radar,26,183,84,39,332,0,0,3,0,3,26,183,87,39,335,26,6,32,367
02/11/2005,TYS,TN,ASO,ES,Combined TRACON& Tower with Radar,29,178,119,20,346,0,2,53,5,60,29,180,172,25,406,28,16,44,450
02/12/2005,TYS,TN,ASO,ES,Combined TRACON& Tower with Radar,50,97,19,27,193,0,0,83,1,84,50,97,102,28,277,89,20,109,386
02/13/2005,TYS,TN,ASO,ES,Combined TRACON& Tower with Radar,21,123,71,8,223,0,0,3,0,3,21,123,74,8,226,8,0,8,234
02/14/2005,TYS,TN,ASO,ES,Combined TRACON& Tower with Radar,14,169,97,10,290,0,0,5,0,5,14,169,102,10,295,2,24,26,321
02/15/2005,TYS,TN,ASO,ES,Combined TRACON& Tower with Radar,33,166,122,27,348,0,1,19,4,24,33,167,141,31,372,32,0,32,404
02/16/2005,TYS,TN,ASO,ES,Combined TRACON& Tower with Radar,25,183,104,24,336,0,3,11,2,16,25,186,115,26,352,10,0,10,362
02/17/2005,TYS,TN,ASO,ES,Combined TRACON& Tower with Radar,29,177,139,45,390,0,11,56,2,69,29,188,195,47,459,30,4,34,493
02/18/2005,TYS,TN,ASO,ES,Combined TRACON& Tower with Radar,26,167,108,25,326,0,0,55,18,73,26,167,163,43,399,48,8,56,455
02/19/2005,TYS,TN,ASO,ES,Combined TRACON& Tower with Radar,20,124,59,10,213,0,2,49,12,63,20,126,108,22,276,53,8,61,337
02/20/2005,TYS,TN,ASO,ES,Combined TRACON& Tower with Radar,23,116,55,0,194,0,0,0,2,2,23,116,55,2,196,2,0,2,198
02/21/2005,TYS,TN,ASO,ES,Combined TRACON& Tower with Radar,12,161,76,0,249,0,0,5,0,5,12,161,81,0,254,17,0,17,271
02/22/2005,TYS,TN,ASO,ES,Combined TRACON& Tower with Radar,24,192,127,58,401,0,0,38,0,38,24,192,165,58,439,53,18,71,510
02/23/2005,TYS,TN,ASO,ES,Combined TRACON& Tower with Radar,34,177,84,65,360,0,1,44,13,58,34,178,128,78,418,36,12,48,466
02/24/2005,TYS,TN,ASO,ES,Combined TRACON& Tower with Radar,27,181,151,54,413,0,0,7,2,9,27,181,158,56,422,7,26,33,455
02/25/2005,TYS,TN,ASO,ES,Combined TRACON& Tower with Radar,21,158,114,43,336,0,0,51,8,59,21,158,165,51,395,72,62,134,529
02/26/2005,TYS,TN,ASO,ES,Combined TRACON& Tower with Radar,27,119,26,2,174,0,1,110,0,111,27,120,136,2,285,49,0,49,334
02/27/2005,TYS,TN,ASO,ES,Combined TRACON& Tower with Radar,15,132,47,48,242,0,0,35,0,35,15,132,82,48,277,56,53,109,386
02/28/2005,TYS,TN,ASO,ES,Combined TRACON& Tower with Radar,9,168,88,0,265,0,0,1,1,2,9,168,89,1,267,0,0,0,267
03/01/2005,TYS,TN,ASO,ES,Combined TRACON& Tower with Radar,23,187,87,20,317,0,1,3,0,4,23,188,90,20,321,2,6,8,329
03/02/2005,TYS,TN,ASO,ES,Combined TRACON& Tower with Radar,32,175,134,58,399,0,0,52,7,59,32,175,186,65,458,68,34,102,560
03/03/2005,TYS,TN,ASO,ES,Combined TRACON& Tower with Radar,24,181,139,38,382,0,0,0,0,0,24,181,139,38,382,34,12,46,428
03/04/2005,TYS,TN,ASO,ES,Combined TRACON& Tower with Radar,22,184,104,28,338,0,3,41,14,58,22,187,145,42,396,22,20,42,438
03/05/2005,TYS,TN,ASO,ES,Combined TRACON& Tower with Radar,18,125,55,6,204,0,0,26,15,41,18,125,81,21,245,18,0,18,263
03/06/2005,TYS,TN,ASO,ES,Combined TRACON& Tower with Radar,14,135,90,6,245,0,0,64,4,68,14,135,154,10,313,105,6,111,424
03/07/2005,TYS,TN,ASO,ES,Combined TRACON& Tower with Radar,13,171,73,32,289,0,0,13,0,13,13,171,86,32,302,9,6,15,317
03/08/2005,TYS,TN,ASO,ES,Combined TRACON& Tower with Radar,24,182,95,14,315,0,0,13,0,13,24,182,108,14,328,0,0,0,328
03/09/2005,TYS,TN,ASO,ES,Combined TRACON& Tower with Radar,33,175,128,38,374,0,1,39,11,51,33,176,167,49,425,37,0,37,462
03/10/2005,TYS,TN,ASO,ES,Combined TRACON& Tower with Radar,26,181,131,33,371,0,1,47,5,53,26,182,178,38,424,20,6,26,450
03/11/2005,TYS,TN,ASO,ES,Combined TRACON& Tower with Radar,24,173,82,32,311,0,0,11,2,13,24,173,93,34,324,8,32,40,364
03/12/2005,TYS,TN,ASO,ES,Combined TRACON& Tower with Radar,32,110,39,0,181,0,0,11,0,11,32,110,50,0,192,15,0,15,207
03/13/2005,TYS,TN,ASO,ES,Combined TRACON& Tower with Radar,20,132,44,13,209,0,0,35,1,36,20,132,79,14,245,71,12,83,328
03/14/2005,TYS,TN,ASO,ES,Combined TRACON& Tower with Radar,11,183,125,29,348,0,0,39,0,39,11,183,164,29,387,52,48,100,487
03/15/2005,TYS,TN,ASO,ES,Combined TRACON& Tower with Radar,36,173,104,52,365,0,1,41,0,42,36,174,145,52,407,57,24,81,488
03/16/2005,TYS,TN,ASO,ES,Combined TRACON& Tower with Radar,27,170,99,12,308,0,0,1,0,1,27,170,100,12,309,1,0,1,310
03/17/2005,TYS,TN,ASO,ES,Combined TRACON& Tower with Radar,29,185,71,42,327,0,0,15,0,15,29,185,86,42,342,9,22,31,373
03/18/2005,TYS,TN,ASO,ES,Combined TRACON& Tower with Radar,35,195,134,16,380,0,0,40,6,46,35,195,174,22,426,20,100,120,546
03/19/2005,TYS,TN,ASO,ES,Combined TRACON& Tower with Radar,16,134,44,4,198,0,0,36,8,44,16,134,80,12,242,39,30,69,311
03/20/2005,TYS,TN,ASO,ES,Combined TRACON& Tower with Radar,19,129,75,2,225,0,10,51,2,63,19,139,126,4,288,61,0,61,349
03/21/2005,TYS,TN,ASO,ES,Combined TRACON& Tower with Radar,19,171,100,42,332,0,2,51,2,55,19,173,151,44,387,31,18,49,436
03/22/2005,TYS,TN,ASO,ES,Combined TRACON& Tower with Radar,22,183,68,30,303,0,0,17,1,18,22,183,85,31,321,3,14,17,338
03/23/2005,TYS,TN,ASO,ES,Combined TRACON& Tower with Radar,33,183,104,20,340,0,0,5,2,7,33,183,109,22,347,4,8,12,359
03/24/2005,TYS,TN,ASO,ES,Combined TRACON& Tower with Radar,30,181,139,73,423,0,3,42,2,47,30,184,181,75,470,33,46,79,549
03/25/2005,TYS,TN,ASO,ES,Combined TRACON& Tower with Radar,22,174,94,26,316,0,1,38,2,41,22,175,132,28,357,21,26,47,404
03/26/2005,TYS,TN,ASO,ES,Combined TRACON& Tower with Radar,18,127,59,0,204,0,0,54,0,54,18,127,113,0,258,40,0,40,298
03/27/2005,TYS,TN,ASO,ES,Combined TRACON& Tower with Radar,17,139,31,0,187,0,0,2,0,2,17,139,33,0,189,3,0,3,192
03/28/2005,TYS,TN,ASO,ES,Combined TRACON& Tower with Radar,39,93,93,7,232,0,0,5,0,5,39,93,98,7,237,1,0,1,238
03/29/2005,TYS,TN,ASO,ES,Combined TRACON& Tower with Radar,26,181,117,40,364,0,0,55,9,64,26,181,172,49,428,63,32,95,523
03/30/2005,TYS,TN,ASO,ES,Combined TRACON& Tower with Radar,24,185,128,25,362,0,0,0,0,0,24,185,128,25,362,27,12,39,401
03/31/2005,TYS,TN,ASO,ES,Combined TRACON& Tower with Radar,22,169,128,66,385,0,1,22,1,24,22,170,150,67,409,9,20,29,438
04/01/2005,TYS,TN,ASO,ES,Combined TRACON& Tower with Radar,22,168,77,13,280,0,0,7,4,11,22,168,84,17,291,3,0,3,294
04/02/2005,TYS,TN,ASO,ES,Combined TRACON& Tower with Radar,22,130,38,16,206,0,0,4,0,4,22,130,42,16,210,2,0,2,212
04/03/2005,TYS,TN,ASO,ES,Combined TRACON& Tower with Radar,32,113,76,14,235,0,0,62,0,62,32,113,138,14,297,34,0,34,331
04/04/2005,TYS,TN,ASO,ES,Combined TRACON& Tower with Radar,17,165,142,55,379,0,1,56,5,62,17,166,198,60,441,11,44,55,496
04/05/2005,TYS,TN,ASO,ES,Combined TRACON& Tower with Radar,23,174,124,43,364,0,0,63,9,72,23,174,187,52,436,4,12,16,452
04/06/2005,TYS,TN,ASO,ES,Combined TRACON& Tower with Radar,30,178,104,33,345,0,2,32,12,46,30,180,136,45,391,16,20,36,427
04/07/2005,TYS,TN,ASO,ES,Combined TRACON& Tower with Radar,40,175,88,36,339,0,1,4,6,11,40,176,92,42,350,3,20,23,373
04/08/2005,TYS,TN,ASO,ES,Combined TRACON& Tower with Radar,23,185,107,23,338,0,0,5,3,8,23,185,112,26,346,1,0,1,347
04/09/2005,TYS,TN,ASO,ES,Combined TRACON& Tower with Radar,82,67,48,5,202,0,30,47,2,79,82,97,95,7,281,22,0,22,303
04/10/2005,TYS,TN,ASO,ES,Combined TRACON& Tower with Radar,26,128,89,7,250,0,0,71,0,71,26,128,160,7,321,29,0,29,350
04/11/2005,TYS,TN,ASO,ES,Combined TRACON& Tower with Radar,12,167,78,22,279,0,1,30,11,42,12,168,108,33,321,3,16,19,340
04/12/2005,TYS,TN,ASO,ES,Combined TRACON& Tower with Radar,29,166,125,19,339,0,1,3,4,8,29,167,128,23,347,14,0,14,361
04/13/2005,TYS,TN,ASO,ES,Combined TRACON& Tower with Radar,31,169,100,37,337,0,0,9,2,11,31,169,109,39,348,15,8,23,371
04/14/2005,TYS,TN,ASO,ES,Combined TRACON& Tower with Radar,28,214,123,86,451,0,1,42,8,51,28,215,165,94,502,35,40,75,577
04/15/2005,TYS,TN,ASO,ES,Combined TRACON& Tower with Radar,29,174,97,32,332,0,1,52,6,59,29,175,149,38,391,63,3,66,457
04/16/2005,TYS,TN,ASO,ES,Combined TRACON& Tower with Radar,16,137,48,1,202,0,1,60,2,63,16,138,108,3,265,38,0,38,303
04/17/2005,TYS,TN,ASO,ES,Combined TRACON& Tower with Radar,17,140,70,12,239,0,0,56,10,66,17,140,126,22,305,21,0,21,326
04/18/2005,TYS,TN,ASO,ES,Combined TRACON& Tower with Radar,18,174,101,26,319,0,1,43,15,59,18,175,144,41,378,15,14,29,407
04/19/2005,TYS,TN,ASO,ES,Combined TRACON& Tower with Radar,22,185,119,49,375,0,1,52,9,62,22,186,171,58,437,29,22,51,488
04/20/2005,TYS,TN,ASO,ES,Combined TRACON& Tower with Radar,28,181,126,29,364,0,0,57,23,80,28,181,183,52,444,46,16,62,506
04/21/2005,TYS,TN,ASO,ES,Combined TRACON& Tower with Radar,23,189,101,46,359,0,0,29,17,46,23,189,130,63,405,36,58,94,499
04/22/2005,TYS,TN,ASO,ES,Combined TRACON& Tower with Radar,27,183,52,8,270,0,0,17,8,25,27,183,69,16,295,26,0,26,321
04/23/2005,TYS,TN,ASO,ES,Combined TRACON& Tower with Radar,20,121,34,4,179,2,1,18,14,35,22,122,52,18,214,5,0,5,219
04/24/2005,TYS,TN,ASO,ES,Combined TRACON& Tower with Radar,17,145,39,0,201,0,0,16,19,35,17,145,55,19,236,15,63,78,314
04/25/2005,TYS,TN,ASO,ES,Combined TRACON& Tower with Radar,11,176,105,43,335,0,1,47,6,54,11,177,152,49,389,18,20,38,427
04/26/2005,TYS,TN,ASO,ES,Combined TRACON& Tower with Radar,24,185,109,34,352,0,0,22,4,26,24,185,131,38,378,29,14,43,421
04/27/2005,TYS,TN,ASO,ES,Combined TRACON& Tower with Radar,34,168,111,52,365,0,1,28,22,51,34,169,139,74,416,27,20,47,463
04/28/2005,TYS,TN,ASO,ES,Combined TRACON& Tower with Radar,24,174,118,25,341,0,0,9,10,19,24,174,127,35,360,19,0,19,379
04/29/2005,TYS,TN,ASO,ES,Combined TRACON& Tower with Radar,25,171,82,3,281,0,0,1,0,1,25,171,83,3,282,6,0,6,288
04/30/2005,TYS,TN,ASO,ES,Combined TRACON& Tower with Radar,19,130,29,5,183,0,2,3,0,5,19,132,32,5,188,1,0,1,189
05/01/2005,TYS,TN,ASO,ES,Combined TRACON& Tower with Radar,21,128,46,15,210,0,0,53,0,53,21,128,99,15,263,48,0,48,311
05/02/2005,TYS,TN,ASO,ES,Combined TRACON& Tower with Radar,14,156,92,32,294,0,0,42,11,53,14,156,134,43,347,66,6,72,419
05/03/2005,TYS,TN,ASO,ES,Combined TRACON& Tower with Radar,26,173,112,38,349,0,14,47,12,73,26,187,159,50,422,55,24,79,501
05/04/2005,TYS,TN,ASO,ES,Combined TRACON& Tower with Radar,31,178,127,21,357,0,0,43,11,54,31,178,170,32,411,43,2,45,456
05/05/2005,TYS,TN,ASO,ES,Combined TRACON& Tower with Radar,45,159,120,32,356,0,1,3,4,8,45,160,123,36,364,2,0,2,366
05/06/2005,TYS,TN,ASO,ES,Combined TRACON& Tower with Radar,24,176,120,21,341,0,0,51,18,69,24,176,171,39,410,53,6,59,469
05/07/2005,TYS,TN,ASO,ES,Combined TRACON& Tower with Radar,72,74,55,6,207,0,0,44,0,44,72,74,99,6,251,46,0,46,297
05/08/2005,TYS,TN,ASO,ES,Combined TRACON& Tower with Radar,12,132,41,3,188,0,0,52,1,53,12,132,93,4,241,50,0,50,291
05/09/2005,TYS,TN,ASO,ES,Combined TRACON& Tower with Radar,10,169,114,11,304,0,1,54,12,67,10,170,168,23,371,4,8,12,383
05/10/2005,TYS,TN,ASO,ES,Combined TRACON& Tower with Radar,31,169,127,35,362,0,1,17,8,26,31,170,144,43,388,3,11,14,402
05/11/2005,TYS,TN,ASO,ES,Combined TRACON& Tower with Radar,34,156,135,27,352,0,1,44,10,55,34,157,179,37,407,23,20,43,450
05/12/2005,TYS,TN,ASO,ES,Combined TRACON& Tower with Radar,18,170,115,34,337,0,0,56,15,71,18,170,171,49,408,14,10,24,432
05/13/2005,TYS,TN,ASO,ES,Combined TRACON& Tower with Radar,21,177,114,39,351,0,0,33,6,39,21,177,147,45,390,54,0,54,444
05/14/2005,TYS,TN,ASO,ES,Combined TRACON& Tower with Radar,21,119,32,10,182,0,0,2,9,11,21,119,34,19,193,3,0,3,196
05/15/2005,TYS,TN,ASO,ES,Combined TRACON& Tower with Radar,28,134,75,9,246,0,0,45,14,59,28,134,120,23,305,19,18,37,342
05/16/2005,TYS,TN,ASO,ES,Combined TRACON& Tower with Radar,18,159,115,9,301,0,0,54,2,56,18,159,169,11,357,30,6,36,393
05/17/2005,TYS,TN,ASO,ES,Combined TRACON& Tower with Radar,28,176,113,18,335,0,0,55,11,66,28,176,168,29,401,73,36,109,510
05/18/2005,TYS,TN,ASO,ES,Combined TRACON& Tower with Radar,28,175,130,21,354,0,0,51,0,51,28,175,181,21,405,50,6,56,461
05/19/2005,TYS,TN,ASO,ES,Combined TRACON& Tower with Radar,34,164,118,13,329,0,0,52,14,66,34,164,170,27,395,58,18,76,471
05/20/2005,TYS,TN,ASO,ES,Combined TRACON& Tower with Radar,32,171,88,3,294,0,0,5,9,14,32,171,93,12,308,18,0,18,326
05/21/2005,TYS,TN,ASO,ES,Combined TRACON& Tower with Radar,21,127,51,1,200,0,0,39,16,55,21,127,90,17,255,31,16,47,302
05/22/2005,TYS,TN,ASO,ES,Combined TRACON& Tower with Radar,14,134,68,6,222,0,0,31,4,35,14,134,99,10,257,16,18,34,291
05/23/2005,TYS,TN,ASO,ES,Combined TRACON& Tower with Radar,13,170,93,18,294,0,2,30,5,37,13,172,123,23,331,53,12,65,396
05/24/2005,TYS,TN,ASO,ES,Combined TRACON& Tower with Radar,25,183,120,36,364,0,4,31,15,50,25,187,151,51,414,42,14,56,470
05/25/2005,TYS,TN,ASO,ES,Combined TRACON& Tower with Radar,28,171,121,42,362,0,0,58,18,76,28,171,179,60,438,33,4,37,475
05/26/2005,TYS,TN,ASO,ES,Combined TRACON& Tower with Radar,24,119,103,39,285,0,0,0,0,0,24,119,103,39,285,26,6,32,317
05/27/2005,TYS,TN,ASO,ES,Combined TRACON& Tower with Radar,22,167,104,31,324,0,1,66,3,70,22,168,170,34,394,53,12,65,459
05/28/2005,TYS,TN,ASO,ES,Combined TRACON& Tower with Radar,19,117,48,4,188,0,1,56,1,58,19,118,104,5,246,40,6,46,292
05/29/2005,TYS,TN,ASO,ES,Combined TRACON& Tower with Radar,12,127,56,5,200,0,0,53,0,53,12,127,109,5,253,2,2,4,257
05/30/2005,TYS,TN,ASO,ES,Combined TRACON& Tower with Radar,23,121,72,2,218,0,0,21,2,23,23,121,93,4,241,35,0,35,276
05/31/2005,TYS,TN,ASO,ES,Combined TRACON& Tower with Radar,16,147,88,32,283,0,2,39,4,45,16,149,127,36,328,65,18,83,411
06/01/2005,TYS,TN,ASO,ES,Combined TRACON& Tower with Radar,26,169,104,0,299,0,1,6,4,11,26,170,110,4,310,6,0,6,316
06/02/2005,TYS,TN,ASO,ES,Combined TRACON& Tower with Radar,31,160,106,30,327,0,0,26,4,30,31,160,132,34,357,9,40,49,406
06/03/2005,TYS,TN,ASO,ES,Combined TRACON& Tower with Radar,24,166,115,68,373,0,0,11,8,19,24,166,126,76,392,6,18,24,416
06/04/2005,TYS,TN,ASO,ES,Combined TRACON& Tower with Radar,19,119,72,8,218,0,0,32,11,43,19,119,104,19,261,30,0,30,291
06/05/2005,TYS,TN,ASO,ES,Combined TRACON& Tower with Radar,10,130,51,14,205,0,0,17,0,17,10,130,68,14,222,26,0,26,248
06/06/2005,TYS,TN,ASO,ES,Combined TRACON& Tower with Radar,15,154,95,12,276,0,3,22,4,29,15,157,117,16,305,23,20,43,348
06/07/2005,TYS,TN,ASO,ES,Combined TRACON& Tower with Radar,25,176,108,32,341,0,2,38,20,60,25,178,146,52,401,38,70,108,509
06/08/2005,TYS,TN,ASO,ES,Combined TRACON& Tower with Radar,32,151,103,17,303,0,1,16,15,32,32,152,119,32,335,26,24,50,385
06/09/2005,TYS,TN,ASO,ES,Combined TRACON& Tower with Radar,31,154,105,45,335,0,1,17,12,30,31,155,122,57,365,11,6,17,382
06/10/2005,TYS,TN,ASO,ES,Combined TRACON& Tower with Radar,21,161,77,52,311,0,0,24,5,29,21,161,101,57,340,12,10,22,362
06/11/2005,TYS,TN,ASO,ES,Combined TRACON& Tower with Radar,42,103,74,3,222,0,0,4,0,4,42,103,78,3,226,3,0,3,229
06/12/2005,TYS,TN,ASO,ES,Combined TRACON& Tower with Radar,30,119,52,9,210,0,0,19,0,19,30,119,71,9,229,10,0,10,239
06/13/2005,TYS,TN,ASO,ES,Combined TRACON& Tower with Radar,17,144,93,28,282,0,1,29,3,33,17,145,122,31,315,6,2,8,323
06/14/2005,TYS,TN,ASO,ES,Combined TRACON& Tower with Radar,31,158,108,34,331,0,1,46,24,71,31,159,154,58,402,48,70,118,520
06/15/2005,TYS,TN,ASO,ES,Combined TRACON& Tower with Radar,37,161,106,23,327,0,0,64,15,79,37,161,170,38,406,53,28,81,487
06/16/2005,TYS,TN,ASO,ES,Combined TRACON& Tower with Radar,37,163,113,32,345,0,0,65,28,93,37,163,178,60,438,65,12,77,515
06/17/2005,TYS,TN,ASO,ES,Combined TRACON& Tower with Radar,22,159,87,39,307,0,3,55,17,75,22,162,142,56,382,37,20,57,439
06/18/2005,TYS,TN,ASO,ES,Combined TRACON& Tower with Radar,26,104,47,7,184,0,0,62,2,64,26,104,109,9,248,0,0,0,248
06/19/2005,TYS,TN,ASO,ES,Combined TRACON& Tower with Radar,53,90,54,18,215,0,0,52,3,55,53,90,106,21,270,34,0,34,304
06/20/2005,TYS,TN,ASO,ES,Combined TRACON& Tower with Radar,55,125,83,8,271,0,4,21,7,32,55,129,104,15,303,40,0,40,343
06/21/2005,TYS,TN,ASO,ES,Combined TRACON& Tower with Radar,48,139,102,64,353,0,3,51,24,78,48,142,153,88,431,73,42,115,546
06/22/2005,TYS,TN,ASO,ES,Combined TRACON& Tower with Radar,34,160,116,13,323,0,5,52,14,71,34,165,168,27,394,79,6,85,479
06/23/2005,TYS,TN,ASO,ES,Combined TRACON& Tower with Radar,34,164,91,43,332,0,3,41,17,61,34,167,132,60,393,75,72,147,540
06/24/2005,TYS,TN,ASO,ES,Combined TRACON& Tower with Radar,25,157,99,52,333,0,0,45,16,61,25,157,144,68,394,77,34,111,505
06/25/2005,TYS,TN,ASO,ES,Combined TRACON& Tower with Radar,23,122,64,3,212,0,4,40,4,48,23,126,104,7,260,0,0,0,260
06/26/2005,TYS,TN,ASO,ES,Combined TRACON& Tower with Radar,25,113,63,5,206,0,0,32,2,34,25,113,95,7,240,17,0,17,257
06/27/2005,TYS,TN,ASO,ES,Combined TRACON& Tower with Radar,49,130,77,18,274,0,0,21,15,36,49,130,98,33,310,33,12,45,355
06/28/2005,TYS,TN,ASO,ES,Combined TRACON& Tower with Radar,30,155,106,37,328,0,0,47,8,55,30,155,153,45,383,11,2,13,396
06/29/2005,TYS,TN,ASO,ES,Combined TRACON& Tower with Radar,38,168,95,38,339,0,1,32,18,51,38,169,127,56,390,28,7,35,425
06/30/2005,TYS,TN,ASO,ES,Combined TRACON& Tower with Radar,35,152,142,41,370,0,0,57,14,71,35,152,199,55,441,52,28,80,521
07/01/2005,TYS,TN,ASO,ES,Combined TRACON& Tower with Radar,22,163,72,7,264,0,2,20,2,24,22,165,92,9,288,41,7,48,336
07/02/2005,TYS,TN,ASO,ES,Combined TRACON& Tower with Radar,26,113,58,0,197,0,0,57,0,57,26,113,115,0,254,60,0,60,314
07/03/2005,TYS,TN,ASO,ES,Combined TRACON& Tower with Radar,26,104,25,2,157,0,0,10,0,10,26,104,35,2,167,7,0,7,174
07/04/2005,TYS,TN,ASO,ES,Combined TRACON& Tower with Radar,17,120,45,9,191,0,0,20,0,20,17,120,65,9,211,25,2,27,238
07/05/2005,TYS,TN,ASO,ES,Combined TRACON& Tower with Radar,18,159,108,23,308,0,1,14,4,19,18,160,122,27,327,37,28,65,392
07/06/2005,TYS,TN,ASO,ES,Combined TRACON& Tower with Radar,51,163,84,15,313,0,1,4,8,13,51,164,88,23,326,22,26,48,374
07/07/2005,TYS,TN,ASO,ES,Combined TRACON& Tower with Radar,37,157,62,23,279,0,0,7,2,9,37,157,69,25,288,44,6,50,338
07/08/2005,TYS,TN,ASO,ES,Combined TRACON& Tower with Radar,26,152,93,31,302,0,0,51,31,82,26,152,144,62,384,51,58,109,493
07/09/2005,TYS,TN,ASO,ES,Combined TRACON& Tower with Radar,31,109,57,4,201,0,0,81,5,86,31,109,138,9,287,78,14,92,379
07/10/2005,TYS,TN,ASO,ES,Combined TRACON& Tower with Radar,11,130,39,5,185,0,0,26,3,29,11,130,65,8,214,11,0,11,225
07/11/2005,TYS,TN,ASO,ES,Combined TRACON& Tower with Radar,36,163,45,8,252,0,0,9,0,9,36,163,54,8,261,10,0,10,271
07/12/2005,TYS,TN,ASO,ES,Combined TRACON& Tower with Radar,30,167,123,30,350,0,0,49,16,65,30,167,172,46,415,24,14,38,453
07/13/2005,TYS,TN,ASO,ES,Combined TRACON& Tower with Radar,26,151,98,3,278,0,0,4,4,8,26,151,102,7,286,0,8,8,294
07/14/2005,TYS,TN,ASO,ES,Combined TRACON& Tower with Radar,28,166,94,43,331,0,1,3,14,18,28,167,97,57,349,0,40,40,389
07/15/2005,TYS,TN,ASO,ES,Combined TRACON& Tower with Radar,38,164,92,41,335,0,0,30,9,39,38,164,122,50,374,75,0,75,449
07/16/2005,TYS,TN,ASO,ES,Combined TRACON& Tower with Radar,20,121,53,3,197,0,0,21,1,22,20,121,74,4,219,42,0,42,261
07/17/2005,TYS,TN,ASO,ES,Combined TRACON& Tower with Radar,12,29,57,6,104,0,100,24,3,127,12,129,81,9,231,16,0,16,247
07/18/2005,TYS,TN,ASO,ES,Combined TRACON& Tower with Radar,14,148,76,11,249,0,0,27,8,35,14,148,103,19,284,72,8,80,364
07/19/2005,TYS,TN,ASO,ES,Combined TRACON& Tower with Radar,25,172,102,3,302,0,0,31,10,41,25,172,133,13,343,17,8,25,368
07/20/2005,TYS,TN,ASO,ES,Combined TRACON& Tower with Radar,35,151,111,30,327,0,0,45,11,56,35,151,156,41,383,44,16,60,443
07/21/2005,TYS,TN,ASO,ES,Combined TRACON& Tower with Radar,32,165,103,26,326,0,0,35,14,49,32,165,138,40,375,53,19,72,447
07/22/2005,TYS,TN,ASO,ES,Combined TRACON& Tower with Radar,34,161,99,34,328,0,1,52,8,61,34,162,151,42,389,53,2,55,444
07/23/2005,TYS,TN,ASO,ES,Combined TRACON& Tower with Radar,24,116,39,5,184,0,0,54,0,54,24,116,93,5,238,80,0,80,318
07/24/2005,TYS,TN,ASO,ES,Combined TRACON& Tower with Radar,18,127,60,14,219,0,1,57,0,58,18,128,117,14,277,45,6,51,328
07/25/2005,TYS,TN,ASO,ES,Combined TRACON& Tower with Radar,24,149,92,24,289,0,1,28,6,35,24,150,120,30,324,32,0,32,356
07/26/2005,TYS,TN,ASO,ES,Combined TRACON& Tower with Radar,28,167,78,27,300,0,1,42,14,57,28,168,120,41,357,73,12,85,442
07/27/2005,TYS,TN,ASO,ES,Combined TRACON& Tower with Radar,19,168,90,24,301,0,0,25,12,37,19,168,115,36,338,46,0,46,384
07/28/2005,TYS,TN,ASO,ES,Combined TRACON& Tower with Radar,25,176,123,21,345,0,0,27,4,31,25,176,150,25,376,37,2,39,415
07/29/2005,TYS,TN,ASO,ES,Combined TRACON& Tower with Radar,22,164,125,30,341,0,1,18,20,39,22,165,143,50,380,44,0,44,424
07/30/2005,TYS,TN,ASO,ES,Combined TRACON& Tower with Radar,25,100,44,12,181,0,1,31,10,42,25,101,75,22,223,87,16,103,326
07/31/2005,TYS,TN,ASO,ES,Combined TRACON& Tower with Radar,16,131,66,6,219,0,0,26,10,36,16,131,92,16,255,31,0,31,286
08/01/2005,TYS,TN,ASO,ES,Combined TRACON& Tower with Radar,16,170,84,11,281,0,0,0,0,0,16,170,84,11,281,19,8,27,308
08/02/2005,TYS,TN,ASO,ES,Combined TRACON& Tower with Radar,22,171,89,6,288,0,0,55,26,81,22,171,144,32,369,58,28,86,455
08/03/2005,TYS,TN,ASO,ES,Combined TRACON& Tower with Radar,26,163,102,35,326,0,0,40,7,47,26,163,142,42,373,75,20,95,468
08/04/2005,TYS,TN,ASO,ES,Combined TRACON& Tower with Radar,26,166,94,60,346,0,1,60,11,72,26,167,154,71,418,22,8,30,448
08/05/2005,TYS,TN,ASO,ES,Combined TRACON& Tower with Radar,26,158,82,44,310,0,1,62,13,76,26,159,144,57,386,51,18,69,455
08/06/2005,TYS,TN,ASO,ES,Combined TRACON& Tower with Radar,21,121,42,10,194,2,0,43,2,47,23,121,85,12,241,32,0,32,273
08/07/2005,TYS,TN,ASO,ES,Combined TRACON& Tower with Radar,10,123,66,12,211,0,0,1,0,1,10,123,67,12,212,1,0,1,213
08/08/2005,TYS,TN,ASO,ES,Combined TRACON& Tower with Radar,24,147,68,13,252,0,0,13,1,14,24,147,81,14,266,16,0,16,282
08/09/2005,TYS,TN,ASO,ES,Combined TRACON& Tower with Radar,30,171,115,85,401,0,2,41,20,63,30,173,156,105,464,84,58,142,606
08/10/2005,TYS,TN,ASO,ES,Combined TRACON& Tower with Radar,23,172,85,22,302,0,1,46,15,62,23,173,131,37,364,45,28,73,437
08/11/2005,TYS,TN,ASO,ES,Combined TRACON& Tower with Radar,26,157,126,46,355,0,1,53,9,63,26,158,179,55,418,48,12,60,478
08/12/2005,TYS,TN,ASO,ES,Combined TRACON& Tower with Radar,33,155,90,36,314,0,0,34,9,43,33,155,124,45,357,39,10,49,406
08/13/2005,TYS,TN,ASO,ES,Combined TRACON& Tower with Radar,20,107,49,4,180,0,0,26,0,26,20,107,75,4,206,20,0,20,226
08/14/2005,TYS,TN,ASO,ES,Combined TRACON& Tower with Radar,31,134,72,18,255,0,0,9,0,9,31,134,81,18,264,9,0,9,273
08/15/2005,TYS,TN,ASO,ES,Combined TRACON& Tower with Radar,36,146,69,4,255,0,0,46,2,48,36,146,115,6,303,57,12,69,372
08/16/2005,TYS,TN,ASO,ES,Combined TRACON& Tower with Radar,48,144,104,37,333,0,0,62,10,72,48,144,166,47,405,71,26,97,502
08/17/2005,TYS,TN,ASO,ES,Combined TRACON& Tower with Radar,22,166,98,19,305,0,1,36,3,40,22,167,134,22,345,54,10,64,409
08/18/2005,TYS,TN,ASO,ES,Combined TRACON& Tower with Radar,36,163,87,21,307,0,1,4,3,8,36,164,91,24,315,1,12,13,328
08/19/2005,TYS,TN,ASO,ES,Combined TRACON& Tower with Radar,20,105,42,3,170,0,0,36,0,36,20,105,78,3,206,80,0,80,286
08/20/2005,TYS,TN,ASO,ES,Combined TRACON& Tower with Radar,20,105,42,3,170,0,0,36,0,36,20,105,78,3,206,80,0,80,286
08/21/2005,TYS,TN,ASO,ES,Combined TRACON& Tower with Radar,13,133,60,11,217,0,2,30,0,32,13,135,90,11,249,42,0,42,291
08/22/2005,TYS,TN,ASO,ES,Combined TRACON& Tower with Radar,25,162,78,23,288,0,1,37,0,38,25,163,115,23,326,31,12,43,369
08/23/2005,TYS,TN,ASO,ES,Combined TRACON& Tower with Radar,34,168,106,22,330,0,0,40,13,53,34,168,146,35,383,48,8,56,439
08/24/2005,TYS,TN,ASO,ES,Combined TRACON& Tower with Radar,26,170,97,45,338,0,1,56,10,67,26,171,153,55,405,32,16,48,453
08/25/2005,TYS,TN,ASO,ES,Combined TRACON& Tower with Radar,23,173,117,28,341,0,0,52,8,60,23,173,169,36,401,65,8,73,474
08/26/2005,TYS,TN,ASO,ES,Combined TRACON& Tower with Radar,19,165,85,45,314,0,1,43,3,47,19,166,128,48,361,52,12,64,425
08/27/2005,TYS,TN,ASO,ES,Combined TRACON& Tower with Radar,20,119,71,12,222,0,5,46,1,52,20,124,117,13,274,71,0,71,345
08/28/2005,TYS,TN,ASO,ES,Combined TRACON& Tower with Radar,15,131,51,15,212,0,8,24,0,32,15,139,75,15,244,13,0,13,257
08/29/2005,TYS,TN,ASO,ES,Combined TRACON& Tower with Radar,18,153,56,8,235,0,0,14,0,14,18,153,70,8,249,10,0,10,259
08/30/2005,TYS,TN,ASO,ES,Combined TRACON& Tower with Radar,29,160,33,8,230,0,0,1,0,1,29,160,34,8,231,8,0,8,239
08/31/2005,TYS,TN,ASO,ES,Combined TRACON& Tower with Radar,23,174,98,15,310,0,0,42,11,53,23,174,140,26,363,71,6,77,440
09/01/2005,TYS,TN,ASO,ES,Combined TRACON& Tower with Radar,31,170,45,59,305,0,2,0,9,11,31,172,45,68,316,31,20,51,367
09/02/2005,TYS,TN,ASO,ES,Combined TRACON& Tower with Radar,20,175,83,27,305,0,0,67,13,80,20,175,150,40,385,63,0,63,448
09/03/2005,TYS,TN,ASO,ES,Combined TRACON& Tower with Radar,18,122,72,9,221,0,2,36,2,40,18,124,108,11,261,36,0,36,297
09/04/2005,TYS,TN,ASO,ES,Combined TRACON& Tower with Radar,8,113,37,2,160,0,0,38,6,44,8,113,75,8,204,15,0,15,219
09/05/2005,TYS,TN,ASO,ES,Combined TRACON& Tower with Radar,15,138,70,12,235,0,0,59,0,59,15,138,129,12,294,18,0,18,312
09/06/2005,TYS,TN,ASO,ES,Combined TRACON& Tower with Radar,19,167,108,27,321,0,0,50,4,54,19,167,158,31,375,36,0,36,411
09/07/2005,TYS,TN,ASO,ES,Combined TRACON& Tower with Radar,33,161,80,42,316,0,0,41,13,54,33,161,121,55,370,41,28,69,439
09/08/2005,TYS,TN,ASO,ES,Combined TRACON& Tower with Radar,20,174,129,16,339,0,0,30,15,45,20,174,159,31,384,60,12,72,456
09/09/2005,TYS,TN,ASO,ES,Combined TRACON& Tower with Radar,19,162,92,97,370,0,5,50,10,65,19,167,142,107,435,71,38,109,544
09/10/2005,TYS,TN,ASO,ES,Combined TRACON& Tower with Radar,15,117,62,12,206,0,0,49,4,53,15,117,111,16,259,43,0,43,302
09/11/2005,TYS,TN,ASO,ES,Combined TRACON& Tower with Radar,20,132,58,18,228,0,2,31,2,35,20,134,89,20,263,11,4,15,278
09/12/2005,TYS,TN,ASO,ES,Combined TRACON& Tower with Radar,24,162,77,19,282,0,1468,1063,211,2742,24,1630,1140,230,3024,310,60,370,3394
09/13/2005,TYS,TN,ASO,ES,Combined TRACON& Tower with Radar,24,172,101,53,350,0,1,43,7,51,24,173,144,60,401,19,30,49,450
09/14/2005,TYS,TN,ASO,ES,Combined TRACON& Tower with Radar,40,141,97,42,320,0,2,37,12,51,40,143,134,54,371,16,0,16,387
09/15/2005,TYS,TN,ASO,ES,Combined TRACON& Tower with Radar,21,188,91,44,344,0,0,32,7,39,21,188,123,51,383,20,44,64,447
09/16/2005,TYS,TN,ASO,ES,Combined TRACON& Tower with Radar,26,172,103,31,332,0,1,11,1,13,26,173,114,32,345,3,6,9,354
09/17/2005,TYS,TN,ASO,ES,Combined TRACON& Tower with Radar,12,122,47,6,187,0,3,30,18,51,12,125,77,24,238,34,0,34,272
09/18/2005,TYS,TN,ASO,ES,Combined TRACON& Tower with Radar,23,131,89,35,278,0,6,46,3,55,23,137,135,38,333,19,0,19,352
09/19/2005,TYS,TN,ASO,ES,Combined TRACON& Tower with Radar,21,168,100,41,330,0,0,41,6,47,21,168,141,47,377,16,20,36,413
09/20/2005,TYS,TN,ASO,ES,Combined TRACON& Tower with Radar,25,171,108,19,323,0,1,45,7,53,25,172,153,26,376,32,18,50,426
09/21/2005,TYS,TN,ASO,ES,Combined TRACON& Tower with Radar,32,162,90,30,314,0,1,39,19,59,32,163,129,49,373,4,0,4,377
09/22/2005,TYS,TN,ASO,ES,Combined TRACON& Tower with Radar,25,175,116,52,368,0,2,52,8,62,25,177,168,60,430,8,34,42,472
09/23/2005,TYS,TN,ASO,ES,Combined TRACON& Tower with Radar,18,166,103,34,321,0,2,58,7,67,18,168,161,41,388,29,24,53,441
09/24/2005,TYS,TN,ASO,ES,Combined TRACON& Tower with Radar,14,108,28,4,154,0,0,22,0,22,14,108,50,4,176,14,0,14,190
09/25/2005,TYS,TN,ASO,ES,Combined TRACON& Tower with Radar,11,144,56,5,216,0,0,45,0,45,11,144,101,5,261,7,0,7,268
09/26/2005,TYS,TN,ASO,ES,Combined TRACON& Tower with Radar,21,180,76,7,284,0,0,2,2,4,21,180,78,9,288,1,0,1,289
09/27/2005,TYS,TN,ASO,ES,Combined TRACON& Tower with Radar,27,168,109,44,348,0,2,50,6,58,27,170,159,50,406,88,54,142,548
09/28/2005,TYS,TN,ASO,ES,Combined TRACON& Tower with Radar,22,183,95,9,309,0,4,36,3,43,22,187,131,12,352,21,4,25,377
09/29/2005,TYS,TN,ASO,ES,Combined TRACON& Tower with Radar,31,173,90,5,299,6,2,35,5,48,37,175,125,10,347,34,0,34,381
09/30/2005,TYS,TN,ASO,ES,Combined TRACON& Tower with Radar,29,167,116,17,329,0,2,57,5,64,29,169,173,22,393,28,8,36,429
10/01/2005,TYS,TN,ASO,ES,Combined TRACON& Tower with Radar,15,142,130,6,293,0,0,46,0,46,15,142,176,6,339,23,0,23,362
10/02/2005,TYS,TN,ASO,ES,Combined TRACON& Tower with Radar,11,134,124,14,283,0,0,29,0,29,11,134,153,14,312,11,2,13,325
10/03/2005,TYS,TN,ASO,ES,Combined TRACON& Tower with Radar,15,171,92,23,301,0,0,28,1,29,15,171,120,24,330,20,0,20,350
10/04/2005,TYS,TN,ASO,ES,Combined TRACON& Tower with Radar,82,107,112,19,320,0,0,39,2,41,82,107,151,21,361,32,16,48,409
10/05/2005,TYS,TN,ASO,ES,Combined TRACON& Tower with Radar,14,159,116,27,316,0,0,41,11,52,14,159,157,38,368,28,0,28,396
10/06/2005,TYS,TN,ASO,ES,Combined TRACON& Tower with Radar,28,170,133,43,374,0,0,8,1,9,28,170,141,44,383,48,0,48,431
10/07/2005,TYS,TN,ASO,ES,Combined TRACON& Tower with Radar,24,172,155,29,380,0,0,3,6,9,24,172,158,35,389,6,0,6,395
10/08/2005,TYS,TN,ASO,ES,Combined TRACON& Tower with Radar,19,141,170,6,336,0,0,5,0,5,19,141,175,6,341,27,0,27,368
10/09/2005,TYS,TN,ASO,ES,Combined TRACON& Tower with Radar,14,135,113,1,263,0,0,11,0,11,14,135,124,1,274,5,0,5,279
10/10/2005,TYS,TN,ASO,ES,Combined TRACON& Tower with Radar,27,150,83,26,286,1,0,16,0,17,28,150,99,26,303,0,0,0,303
10/11/2005,TYS,TN,ASO,ES,Combined TRACON& Tower with Radar,25,163,133,6,327,0,0,32,0,32,25,163,165,6,359,17,0,17,376
10/12/2005,TYS,TN,ASO,ES,Combined TRACON& Tower with Radar,22,171,89,64,346,0,0,30,2,32,22,171,119,66,378,68,12,80,458
10/13/2005,TYS,TN,ASO,ES,Combined TRACON& Tower with Radar,21,196,113,35,365,0,0,27,3,30,21,196,140,38,395,40,10,50,445
10/14/2005,TYS,TN,ASO,ES,Combined TRACON& Tower with Radar,30,147,98,47,322,0,1,24,21,46,30,148,122,68,368,21,50,71,439
10/15/2005,TYS,TN,ASO,ES,Combined TRACON& Tower with Radar,13,115,41,16,185,0,1,56,24,81,13,116,97,40,266,10,28,38,304
10/16/2005,TYS,TN,ASO,ES,Combined TRACON& Tower with Radar,12,128,79,12,231,0,0,58,15,73,12,128,137,27,304,34,2,36,340
10/17/2005,TYS,TN,ASO,ES,Combined TRACON& Tower with Radar,51,140,89,39,319,0,2,67,8,77,51,142,156,47,396,9,20,29,425
10/18/2005,TYS,TN,ASO,ES,Combined TRACON& Tower with Radar,26,167,82,35,310,0,1,44,24,69,26,168,126,59,379,33,76,109,488
10/19/2005,TYS,TN,ASO,ES,Combined TRACON& Tower with Radar,23,178,121,77,399,0,2,59,13,74,23,180,180,90,473,16,8,24,497
10/20/2005,TYS,TN,ASO,ES,Combined TRACON& Tower with Radar,22,200,118,47,387,0,1,42,8,51,22,201,160,55,438,70,38,108,546
10/21/2005,TYS,TN,ASO,ES,Combined TRACON& Tower with Radar,28,174,96,30,328,0,0,25,12,37,28,174,121,42,365,14,20,34,399
10/22/2005,TYS,TN,ASO,ES,Combined TRACON& Tower with Radar,16,115,73,7,211,0,0,10,0,10,16,115,83,7,221,28,0,28,249
10/23/2005,TYS,TN,ASO,ES,Combined TRACON& Tower with Radar,11,140,103,18,272,0,0,22,2,24,11,140,125,20,296,8,2,10,306
10/24/2005,TYS,TN,ASO,ES,Combined TRACON& Tower with Radar,13,183,76,54,326,0,0,9,10,19,13,183,85,64,345,7,0,7,352
10/25/2005,TYS,TN,ASO,ES,Combined TRACON& Tower with Radar,25,171,90,54,340,0,0,15,17,32,25,171,105,71,372,38,44,82,454
10/26/2005,TYS,TN,ASO,ES,Combined TRACON& Tower with Radar,24,176,91,52,343,0,4,47,24,75,24,180,138,76,418,22,10,32,450
10/27/2005,TYS,TN,ASO,ES,Combined TRACON& Tower with Radar,20,182,108,55,365,0,2,36,17,55,20,184,144,72,420,41,8,49,469
10/28/2005,TYS,TN,ASO,ES,Combined TRACON& Tower with Radar,25,180,126,75,406,0,1,46,12,59,25,181,172,87,465,13,28,41,506
10/29/2005,TYS,TN,ASO,ES,Combined TRACON& Tower with Radar,16,125,76,3,220,0,0,69,1,70,16,125,145,4,290,31,0,31,321
10/30/2005,TYS,TN,ASO,ES,Combined TRACON& Tower with Radar,12,148,107,17,284,0,0,60,1,61,12,148,167,18,345,3,6,9,354
10/31/2005,TYS,TN,ASO,ES,Combined TRACON& Tower with Radar,27,149,91,49,316,0,0,37,2,39,27,149,128,51,355,24,26,50,405
11/01/2005,TYS,TN,ASO,ES,Combined TRACON& Tower with Radar,20,161,126,32,339,0,0,25,16,41,20,161,151,48,380,33,14,47,427
11/02/2005,TYS,TN,ASO,ES,Combined TRACON& Tower with Radar,21,169,138,48,376,0,2,37,4,43,21,171,175,52,419,6,30,36,455
11/03/2005,TYS,TN,ASO,ES,Combined TRACON& Tower with Radar,39,161,91,43,334,0,2,48,12,62,39,163,139,55,396,42,30,72,468
11/04/2005,TYS,TN,ASO,ES,Combined TRACON& Tower with Radar,22,158,92,62,334,0,4,40,12,56,22,162,132,74,390,19,30,49,439
11/05/2005,TYS,TN,ASO,ES,Combined TRACON& Tower with Radar,33,104,83,6,226,0,0,40,20,60,33,104,123,26,286,7,18,25,311
11/06/2005,TYS,TN,ASO,ES,Combined TRACON& Tower with Radar,10,128,91,14,243,0,0,16,5,21,10,128,107,19,264,3,0,3,267
11/07/2005,TYS,TN,ASO,ES,Combined TRACON& Tower with Radar,21,172,109,41,343,0,1,22,11,34,21,173,131,52,377,36,14,50,427
11/08/2005,TYS,TN,ASO,ES,Combined TRACON& Tower with Radar,21,173,109,41,344,0,0,22,11,33,21,173,131,52,377,36,14,50,427
11/09/2005,TYS,TN,ASO,ES,Combined TRACON& Tower with Radar,21,165,86,75,347,0,0,28,6,34,21,165,114,81,381,23,44,67,448
11/10/2005,TYS,TN,ASO,ES,Combined TRACON& Tower with Radar,31,169,71,55,326,0,3,49,12,64,31,172,120,67,390,29,36,65,455
11/11/2005,TYS,TN,ASO,ES,Combined TRACON& Tower with Radar,20,142,99,8,269,0,1,59,4,64,20,143,158,12,333,38,0,38,371
11/12/2005,TYS,TN,ASO,ES,Combined TRACON& Tower with Radar,19,120,80,7,226,0,0,55,2,57,19,120,135,9,283,54,6,60,343
11/13/2005,TYS,TN,ASO,ES,Combined TRACON& Tower with Radar,9,129,78,2,218,0,0,12,0,12,9,129,90,2,230,4,0,4,234
11/14/2005,TYS,TN,ASO,ES,Combined TRACON& Tower with Radar,13,183,86,27,309,0,0,0,0,0,13,183,86,27,309,0,12,12,321
11/15/2005,TYS,TN,ASO,ES,Combined TRACON& Tower with Radar,47,119,79,41,286,0,0,11,9,20,47,119,90,50,306,33,16,49,355
11/16/2005,TYS,TN,ASO,ES,Combined TRACON& Tower with Radar,24,169,111,28,332,0,0,15,6,21,24,169,126,34,353,5,18,23,376
11/17/2005,TYS,TN,ASO,ES,Combined TRACON& Tower with Radar,16,177,109,52,354,0,1,58,11,70,16,178,167,63,424,37,48,85,509
11/18/2005,TYS,TN,ASO,ES,Combined TRACON& Tower with Radar,21,174,115,44,354,0,1,57,30,88,21,175,172,74,442,29,58,87,529
11/19/2005,TYS,TN,ASO,ES,Combined TRACON& Tower with Radar,10,114,64,19,207,0,1,74,15,90,10,115,138,34,297,22,12,34,331
11/20/2005,TYS,TN,ASO,ES,Combined TRACON& Tower with Radar,8,123,75,19,225,0,2,35,5,42,8,125,110,24,267,5,20,25,292
11/21/2005,TYS,TN,ASO,ES,Combined TRACON& Tower with Radar,9,169,72,5,255,0,2,5,0,7,9,171,77,5,262,0,0,0,262
11/22/2005,TYS,TN,ASO,ES,Combined TRACON& Tower with Radar,22,173,83,35,313,0,0,4,11,15,22,173,87,46,328,25,34,59,387
11/23/2005,TYS,TN,ASO,ES,Combined TRACON& Tower with Radar,9,182,95,25,311,0,1,29,6,36,9,183,124,31,347,18,26,44,391
11/24/2005,TYS,TN,ASO,ES,Combined TRACON& Tower with Radar,7,110,21,0,138,0,0,20,0,20,7,110,41,0,158,2,0,2,160
11/25/2005,TYS,TN,ASO,ES,Combined TRACON& Tower with Radar,20,127,55,0,202,0,6,26,0,32,20,133,81,0,234,9,0,9,243
11/26/2005,TYS,TN,ASO,ES,Combined TRACON& Tower with Radar,13,116,51,0,180,0,0,52,0,52,13,116,103,0,232,41,0,41,273
11/27/2005,TYS,TN,ASO,ES,Combined TRACON& Tower with Radar,6,133,94,1,234,0,0,9,0,9,6,133,103,1,243,6,0,6,249
11/28/2005,TYS,TN,ASO,ES,Combined TRACON& Tower with Radar,26,157,50,31,264,0,0,3,0,3,26,157,53,31,267,4,4,8,275
11/29/2005,TYS,TN,ASO,ES,Combined TRACON& Tower with Radar,27,164,67,67,325,0,3,28,10,41,27,167,95,77,366,6,41,47,413
11/30/2005,TYS,TN,ASO,ES,Combined TRACON& Tower with Radar,31,163,104,34,332,0,2,51,5,58,31,165,155,39,390,29,24,53,443
12/01/2005,TYS,TN,ASO,ES,Combined TRACON& Tower with Radar,20,169,103,32,324,0,0,45,9,54,20,169,148,41,378,48,54,102,480
12/02/2005,TYS,TN,ASO,ES,Combined TRACON& Tower with Radar,28,148,95,44,315,0,1,42,22,65,28,149,137,66,380,44,0,44,424
12/03/2005,TYS,TN,ASO,ES,Combined TRACON& Tower with Radar,36,78,40,15,169,0,1,8,6,15,36,79,48,21,184,25,20,45,229
12/04/2005,TYS,TN,ASO,ES,Combined TRACON& Tower with Radar,13,127,95,0,235,0,0,2,0,2,13,127,97,0,237,0,0,0,237
12/05/2005,TYS,TN,ASO,ES,Combined TRACON& Tower with Radar,22,85,39,5,151,0,0,3,3,6,22,85,42,8,157,1,0,1,158
12/06/2005,TYS,TN,ASO,ES,Combined TRACON& Tower with Radar,21,159,122,37,339,0,3,39,13,55,21,162,161,50,394,48,48,96,490
12/07/2005,TYS,TN,ASO,ES,Combined TRACON& Tower with Radar,14,162,86,31,293,0,2,57,3,62,14,164,143,34,355,29,34,63,418
12/08/2005,TYS,TN,ASO,ES,Combined TRACON& Tower with Radar,27,166,105,52,350,0,1,10,3,14,27,167,115,55,364,8,12,20,384
12/09/2005,TYS,TN,ASO,ES,Combined TRACON& Tower with Radar,30,156,105,39,330,0,0,39,6,45,30,156,144,45,375,26,66,92,467
12/10/2005,TYS,TN,ASO,ES,Combined TRACON& Tower with Radar,21,98,60,2,181,0,0,41,1,42,21,98,101,3,223,18,0,18,241
12/11/2005,TYS,TN,ASO,ES,Combined TRACON& Tower with Radar,9,126,49,4,188,0,0,11,1,12,9,126,60,5,200,22,0,22,222
12/12/2005,TYS,TN,ASO,ES,Combined TRACON& Tower with Radar,19,120,80,7,226,0,0,55,2,57,19,120,135,9,283,54,6,60,343
12/13/2005,TYS,TN,ASO,ES,Combined TRACON& Tower with Radar,22,174,113,21,330,0,2,48,12,62,22,176,161,33,392,30,4,34,426
12/14/2005,TYS,TN,ASO,ES,Combined TRACON& Tower with Radar,24,151,112,26,313,0,1,25,7,33,24,152,137,33,346,110,14,124,470
12/15/2005,TYS,TN,ASO,ES,Combined TRACON& Tower with Radar,22,175,96,23,316,0,0,1,0,1,22,175,97,23,317,7,2,9,326
12/16/2005,TYS,TN,ASO,ES,Combined TRACON& Tower with Radar,22,151,114,67,354,0,0,57,30,87,22,151,171,97,441,27,72,99,540
12/17/2005,TYS,TN,ASO,ES,Combined TRACON& Tower with Radar,28,98,66,1,193,0,0,75,16,91,28,98,141,17,284,65,0,65,349
12/18/2005,TYS,TN,ASO,ES,Combined TRACON& Tower with Radar,13,111,55,8,187,0,0,33,17,50,13,111,88,25,237,18,6,24,261
12/19/2005,TYS,TN,ASO,ES,Combined TRACON& Tower with Radar,18,154,73,38,283,0,0,35,6,41,18,154,108,44,324,25,36,61,385
12/20/2005,TYS,TN,ASO,ES,Combined TRACON& Tower with Radar,24,167,93,38,322,0,0,42,14,56,24,167,135,52,378,24,36,60,438
12/21/2005,TYS,TN,ASO,ES,Combined TRACON& Tower with Radar,15,171,81,22,289,0,0,47,4,51,15,171,128,26,340,50,8,58,398
12/22/2005,TYS,TN,ASO,ES,Combined TRACON& Tower with Radar,58,130,99,23,310,0,2,46,2,50,58,132,145,25,360,38,15,53,413
12/23/2005,TYS,TN,ASO,ES,Combined TRACON& Tower with Radar,21,151,49,1,222,0,0,56,0,56,21,151,105,1,278,17,0,17,295
12/24/2005,TYS,TN,ASO,ES,Combined TRACON& Tower with Radar,19,90,29,0,138,0,0,35,0,35,19,90,64,0,173,25,0,25,198
12/25/2005,TYS,TN,ASO,ES,Combined TRACON& Tower with Radar,6,107,16,0,129,0,0,0,0,0,6,107,16,0,129,0,0,0,129
12/26/2005,TYS,TN,ASO,ES,Combined TRACON& Tower with Radar,13,119,73,0,205,0,0,6,0,6,13,119,79,0,211,0,0,0,211
12/27/2005,TYS,TN,ASO,ES,Combined TRACON& Tower with Radar,16,156,67,35,274,0,1,69,0,70,16,157,136,35,344,36,18,54,398
12/28/2005,TYS,TN,ASO,ES,Combined TRACON& Tower with Radar,14,169,58,26,267,0,2,5,1,8,14,171,63,27,275,10,4,14,289
12/29/2005,TYS,TN,ASO,ES,Combined TRACON& Tower with Radar,20,153,51,17,241,0,0,6,0,6,20,153,57,17,247,16,6,22,269
12/30/2005,TYS,TN,ASO,ES,Combined TRACON& Tower with Radar,2,18,16,0,36,0,0,0,0,0,2,18,16,0,36,0,0,0,36
12/31/2005,TYS,TN,ASO,ES,Combined TRACON& Tower with Radar,17,99,33,0,149,0,0,40,0,40,17,99,73,0,189,10,0,10,199
01/01/2006,TYS,TN,ASO,ES,Combined TRACON& Tower with Radar,9,97,34,0,140,0,0,24,0,24,9,97,58,0,164,15,0,15,179
01/02/2006,TYS,TN,ASO,ES,Combined TRACON& Tower with Radar,5,116,41,0,162,0,0,2,0,2,5,116,43,0,164,5,0,5,169
01/03/2006,TYS,TN,ASO,ES,Combined TRACON& Tower with Radar,18,153,84,3,258,0,1,14,4,19,18,154,98,7,277,4,0,4,281
01/04/2006,TYS,TN,ASO,ES,Combined TRACON& Tower with Radar,14,157,82,70,323,0,0,40,14,54,14,157,122,84,377,18,38,56,433
01/05/2006,TYS,TN,ASO,ES,Combined TRACON& Tower with Radar,21,153,81,28,283,0,0,13,6,19,21,153,94,34,302,17,16,33,335
01/06/2006,TYS,TN,ASO,ES,Combined TRACON& Tower with Radar,25,144,71,34,274,0,0,10,22,32,25,144,81,56,306,6,18,24,330
01/07/2006,TYS,TN,ASO,ES,Combined TRACON& Tower with Radar,26,86,44,11,167,0,0,74,329,403,26,86,118,340,570,10,19,29,599
01/08/2006,TYS,TN,ASO,ES,Combined TRACON& Tower with Radar,17,101,50,10,178,0,0,38,7,45,17,101,88,17,223,14,0,14,237
01/09/2006,TYS,TN,ASO,ES,Combined TRACON& Tower with Radar,17,148,59,70,294,0,2,18,1,21,17,150,77,71,315,31,38,69,384
01/10/2006,TYS,TN,ASO,ES,Combined TRACON& Tower with Radar,35,140,99,56,330,0,1,24,9,34,35,141,123,65,364,18,8,26,390
01/11/2006,TYS,TN,ASO,ES,Combined TRACON& Tower with Radar,20,156,84,32,292,0,4,28,15,47,20,160,112,47,339,5,6,11,350
01/12/2006,TYS,TN,ASO,ES,Combined TRACON& Tower with Radar,22,147,105,56,330,0,3,97,9,109,22,150,202,65,439,41,30,71,510
01/13/2006,TYS,TN,ASO,ES,Combined TRACON& Tower with Radar,21,136,73,12,242,0,0,7,2,9,21,136,80,14,251,5,18,23,274
01/14/2006,TYS,TN,ASO,ES,Combined TRACON& Tower with Radar,34,73,31,5,143,0,0,2,0,2,34,73,33,5,145,2,0,2,147
01/15/2006,TYS,TN,ASO,ES,Combined TRACON& Tower with Radar,10,109,63,1,183,13,0,56,16,85,23,109,119,17,268,50,0,50,318
01/16/2006,TYS,TN,ASO,ES,Combined TRACON& Tower with Radar,26,109,89,16,240,0,0,31,1,32,26,109,120,17,272,50,0,50,322
01/17/2006,TYS,TN,ASO,ES,Combined TRACON& Tower with Radar,22,149,60,1,232,0,0,2,1,3,22,149,62,2,235,2,2,4,239
01/18/2006,TYS,TN,ASO,ES,Combined TRACON& Tower with Radar,24,140,77,36,277,0,0,23,15,38,24,140,100,51,315,32,18,50,365
01/19/2006,TYS,TN,ASO,ES,Combined TRACON& Tower with Radar,33,139,112,48,332,0,0,48,14,62,33,139,160,62,394,4,18,22,416
01/20/2006,TYS,TN,ASO,ES,Combined TRACON& Tower with Radar,30,138,108,50,326,0,0,75,33,108,30,138,183,83,434,12,38,50,484
01/21/2006,TYS,TN,ASO,ES,Combined TRACON& Tower with Radar,14,92,49,10,165,0,0,3,3,6,14,92,52,13,171,6,26,32,203
01/22/2006,TYS,TN,ASO,ES,Combined TRACON& Tower with Radar,6,106,60,3,175,0,0,3,7,10,6,106,63,10,185,14,0,14,199
01/23/2006,TYS,TN,ASO,ES,Combined TRACON& Tower with Radar,13,150,49,59,271,0,0,0,0,0,13,150,49,59,271,0,0,0,271
01/24/2006,TYS,TN,ASO,ES,Combined TRACON& Tower with Radar,25,140,129,50,344,0,1,36,11,48,25,141,165,61,392,32,28,60,452
01/25/2006,TYS,TN,ASO,ES,Combined TRACON& Tower with Radar,23,143,73,51,290,0,1,22,5,28,23,144,95,56,318,16,30,46,364
01/26/2006,TYS,TN,ASO,ES,Combined TRACON& Tower with Radar,18,140,69,64,291,0,1,60,28,89,18,141,129,92,380,29,22,51,431
01/27/2006,TYS,TN,ASO,ES,Combined TRACON& Tower with Radar,28,142,74,43,287,0,0,66,13,79,28,142,140,56,366,35,24,59,425
01/28/2006,TYS,TN,ASO,ES,Combined TRACON& Tower with Radar,23,83,61,21,188,0,0,81,4,85,23,83,142,25,273,55,10,65,338
01/29/2006,TYS,TN,ASO,ES,Combined TRACON& Tower with Radar,12,102,50,15,179,0,0,5,0,5,12,102,55,15,184,2,0,2,186
01/30/2006,TYS,TN,ASO,ES,Combined TRACON& Tower with Radar,16,149,80,36,281,0,2,32,11,45,16,151,112,47,326,7,16,23,349
01/31/2006,TYS,TN,ASO,ES,Combined TRACON& Tower with Radar,16,156,102,59,333,0,1,23,12,36,16,157,125,71,369,32,40,72,441
02/01/2006,TYS,TN,ASO,ES,Combined TRACON& Tower with Radar,22,151,111,44,328,0,3,49,7,59,22,154,160,51,387,83,0,83,470
02/02/2006,TYS,TN,ASO,ES,Combined TRACON& Tower with Radar,27,150,108,66,351,0,1,23,11,35,27,151,131,77,386,10,36,46,432
02/03/2006,TYS,TN,ASO,ES,Combined TRACON& Tower with Radar,25,141,84,47,297,0,0,22,16,38,25,141,106,63,335,28,50,78,413
02/04/2006,TYS,TN,ASO,ES,Combined TRACON& Tower with Radar,53,56,19,1,129,0,1,0,15,16,53,57,19,16,145,6,22,28,173
02/05/2006,TYS,TN,ASO,ES,Combined TRACON& Tower with Radar,8,108,34,8,158,0,2,22,10,34,8,110,56,18,192,30,20,50,242
02/06/2006,TYS,TN,ASO,ES,Combined TRACON& Tower with Radar,11,143,77,36,267,0,0,21,0,21,11,143,98,36,288,48,22,70,358
02/07/2006,TYS,TN,ASO,ES,Combined TRACON& Tower with Radar,27,133,101,71,332,0,1,43,4,48,27,134,144,75,380,18,48,66,446
02/08/2006,TYS,TN,ASO,ES,Combined TRACON& Tower with Radar,33,135,96,47,311,0,1,33,2,36,33,136,129,49,347,44,2,46,393
02/09/2006,TYS,TN,ASO,ES,Combined TRACON& Tower with Radar,17,156,93,65,331,0,0,38,6,44,17,156,131,71,375,68,44,112,487
02/10/2006,TYS,TN,ASO,ES,Combined TRACON& Tower with Radar,15,147,66,63,291,0,0,22,7,29,15,147,88,70,320,18,20,38,358
02/11/2006,TYS,TN,ASO,ES,Combined TRACON& Tower with Radar,16,88,20,12,136,0,0,0,0,0,16,88,20,12,136,2,0,2,138
02/12/2006,TYS,TN,ASO,ES,Combined TRACON& Tower with Radar,14,100,28,2,144,0,0,5,0,5,14,100,33,2,149,1,0,1,150
02/13/2006,TYS,TN,ASO,ES,Combined TRACON& Tower with Radar,14,133,62,11,220,0,0,34,7,41,14,133,96,18,261,19,22,41,302
02/14/2006,TYS,TN,ASO,ES,Combined TRACON& Tower with Radar,23,148,81,50,302,0,1,57,7,65,23,149,138,57,367,36,28,64,431
02/15/2006,TYS,TN,ASO,ES,Combined TRACON& Tower with Radar,25,162,112,32,331,0,1,38,9,48,25,163,150,41,379,30,26,56,435
02/16/2006,TYS,TN,ASO,ES,Combined TRACON& Tower with Radar,24,148,114,56,342,0,1,28,20,49,24,149,142,76,391,48,60,108,499
02/17/2006,TYS,TN,ASO,ES,Combined TRACON& Tower with Radar,28,151,82,58,319,0,0,16,12,28,28,151,98,70,347,21,38,59,406
02/18/2006,TYS,TN,ASO,ES,Combined TRACON& Tower with Radar,15,80,18,1,114,0,3,1,0,4,15,83,19,1,118,4,0,4,122
02/19/2006,TYS,TN,ASO,ES,Combined TRACON& Tower with Radar,8,107,54,1,170,0,0,15,22,37,8,107,69,23,207,22,14,36,243
02/20/2006,TYS,TN,ASO,ES,Combined TRACON& Tower with Radar,14,123,60,4,201,0,1,25,0,26,14,124,85,4,227,22,0,22,249
02/21/2006,TYS,TN,ASO,ES,Combined TRACON& Tower with Radar,41,144,130,71,386,0,0,35,1,36,41,144,165,72,422,46,18,64,486
02/22/2006,TYS,TN,ASO,ES,Combined TRACON& Tower with Radar,20,152,75,54,301,0,0,1,0,1,20,152,76,54,302,1,0,1,303
02/23/2006,TYS,TN,ASO,ES,Combined TRACON& Tower with Radar,18,155,117,43,333,0,0,40,22,62,18,155,157,65,395,37,42,79,474
02/24/2006,TYS,TN,ASO,ES,Combined TRACON& Tower with Radar,23,156,87,35,301,0,0,48,3,51,23,156,135,38,352,55,10,65,417
02/25/2006,TYS,TN,ASO,ES,Combined TRACON& Tower with Radar,60,55,50,5,170,0,0,51,1,52,60,55,101,6,222,29,8,37,259
02/26/2006,TYS,TN,ASO,ES,Combined TRACON& Tower with Radar,21,109,55,8,193,0,0,41,0,41,21,109,96,8,234,19,0,19,253
02/27/2006,TYS,TN,ASO,ES,Combined TRACON& Tower with Radar,14,150,83,14,261,0,2,28,7,37,14,152,111,21,298,26,12,38,336
02/28/2006,TYS,TN,ASO,ES,Combined TRACON& Tower with Radar,16,145,75,54,290,0,1,40,10,51,16,146,115,64,341,42,0,42,383
03/01/2006,TYS,TN,ASO,ES,Combined TRACON& Tower with Radar,22,146,103,33,304,0,1,28,13,42,22,147,131,46,346,10,34,44,390
03/02/2006,TYS,TN,ASO,ES,Combined TRACON& Tower with Radar,23,157,74,57,311,0,1,17,15,33,23,158,91,72,344,19,24,43,387
03/03/2006,TYS,TN,ASO,ES,Combined TRACON& Tower with Radar,22,149,99,17,287,0,0,34,24,58,22,149,133,41,345,69,16,85,430
03/04/2006,TYS,TN,ASO,ES,Combined TRACON& Tower with Radar,51,64,51,5,171,0,0,88,12,100,51,64,139,17,271,65,0,65,336
03/05/2006,TYS,TN,ASO,ES,Combined TRACON& Tower with Radar,43,71,45,9,168,0,0,56,13,69,43,71,101,22,237,23,40,63,300
03/06/2006,TYS,TN,ASO,ES,Combined TRACON& Tower with Radar,16,156,82,37,291,0,1,9,0,10,16,157,91,37,301,32,10,42,343
03/07/2006,TYS,TN,ASO,ES,Combined TRACON& Tower with Radar,28,151,81,29,289,0,1,48,6,55,28,152,129,35,344,61,24,85,429
03/08/2006,TYS,TN,ASO,ES,Combined TRACON& Tower with Radar,28,151,81,29,289,0,1,48,6,55,28,152,129,35,344,61,24,85,429
03/09/2006,TYS,TN,ASO,ES,Combined TRACON& Tower with Radar,25,162,110,29,326,0,0,25,14,39,25,162,135,43,365,9,6,15,380
03/10/2006,TYS,TN,ASO,ES,Combined TRACON& Tower with Radar,21,165,86,50,322,0,0,44,5,49,21,165,130,55,371,35,6,41,412
03/11/2006,TYS,TN,ASO,ES,Combined TRACON& Tower with Radar,14,92,32,3,141,0,1,43,8,52,14,93,75,11,193,19,0,19,212
03/12/2006,TYS,TN,ASO,ES,Combined TRACON& Tower with Radar,11,124,70,13,218,0,0,25,1,26,11,124,95,14,244,3,0,3,247
03/13/2006,TYS,TN,ASO,ES,Combined TRACON& Tower with Radar,6,138,72,7,223,0,1,5,0,6,6,139,77,7,229,40,11,51,280
03/14/2006,TYS,TN,ASO,ES,Combined TRACON& Tower with Radar,26,162,120,43,351,0,0,32,9,41,26,162,152,52,392,11,26,37,429
03/15/2006,TYS,TN,ASO,ES,Combined TRACON& Tower with Radar,22,157,115,27,321,0,0,67,7,74,22,157,182,34,395,34,20,54,449
03/16/2006,TYS,TN,ASO,ES,Combined TRACON& Tower with Radar,19,157,121,51,348,0,1,58,10,69,19,158,179,61,417,38,20,58,475
03/17/2006,TYS,TN,ASO,ES,Combined TRACON& Tower with Radar,29,144,83,29,285,0,0,36,12,48,29,144,119,41,333,23,42,65,398
03/18/2006,TYS,TN,ASO,ES,Combined TRACON& Tower with Radar,19,97,58,0,174,0,0,67,9,76,19,97,125,9,250,48,6,54,304
03/19/2006,TYS,TN,ASO,ES,Combined TRACON& Tower with Radar,7,105,67,1,180,0,0,31,7,38,7,105,98,8,218,16,0,16,234
03/20/2006,TYS,TN,ASO,ES,Combined TRACON& Tower with Radar,17,152,47,37,253,0,0,0,1,1,17,152,47,38,254,3,0,3,257
03/21/2006,TYS,TN,ASO,ES,Combined TRACON& Tower with Radar,23,150,87,26,286,0,0,3,2,5,23,150,90,28,291,5,0,5,296
03/22/2006,TYS,TN,ASO,ES,Combined TRACON& Tower with Radar,19,166,89,52,326,0,1,54,1,56,19,167,143,53,382,38,20,58,440
03/23/2006,TYS,TN,ASO,ES,Combined TRACON& Tower with Radar,12,160,82,47,301,0,0,58,7,65,12,160,140,54,366,16,10,26,392
03/24/2006,TYS,TN,ASO,ES,Combined TRACON& Tower with Radar,20,145,69,24,258,0,0,29,5,34,20,145,98,29,292,10,6,16,308
03/25/2006,TYS,TN,ASO,ES,Combined TRACON& Tower with Radar,15,102,27,5,149,0,1,27,1,29,15,103,54,6,178,42,12,54,232
03/26/2006,TYS,TN,ASO,ES,Combined TRACON& Tower with Radar,12,114,75,6,207,0,2,33,1,36,12,116,108,7,243,18,0,18,261
03/27/2006,TYS,TN,ASO,ES,Combined TRACON& Tower with Radar,14,167,85,28,294,0,0,55,8,63,14,167,140,36,357,41,0,41,398
03/28/2006,TYS,TN,ASO,ES,Combined TRACON& Tower with Radar,21,161,83,65,330,0,0,17,4,21,21,161,100,69,351,28,28,56,407
03/29/2006,TYS,TN,ASO,ES,Combined TRACON& Tower with Radar,21,161,96,53,331,0,0,61,7,68,21,161,157,60,399,37,20,57,456
03/30/2006,TYS,TN,ASO,ES,Combined TRACON& Tower with Radar,19,164,96,64,343,0,0,46,5,51,19,164,142,69,394,63,28,91,485
03/31/2006,TYS,TN,ASO,ES,Combined TRACON& Tower with Radar,23,143,91,56,313,0,0,24,3,27,23,143,115,59,340,12,10,22,362
04/01/2006,TYS,TN,ASO,ES,Combined TRACON& Tower with Radar,16,94,49,26,185,0,0,28,1,29,16,94,77,27,214,29,12,41,255
04/02/2006,TYS,TN,ASO,ES,Combined TRACON& Tower with Radar,7,114,64,7,192,0,0,21,0,21,7,114,85,7,213,41,0,41,254
04/03/2006,TYS,TN,ASO,ES,Combined TRACON& Tower with Radar,15,170,87,50,322,0,1,9,3,13,15,171,96,53,335,3,20,23,358
04/04/2006,TYS,TN,ASO,ES,Combined TRACON& Tower with Radar,18,148,96,37,299,0,2,34,0,36,18,150,130,37,335,48,40,88,423
04/05/2006,TYS,TN,ASO,ES,Combined TRACON& Tower with Radar,22,156,86,34,298,0,0,49,5,54,22,156,135,39,352,26,20,46,398
04/06/2006,TYS,TN,ASO,ES,Combined TRACON& Tower with Radar,19,163,121,45,348,0,0,43,8,51,19,163,164,53,399,33,0,33,432
04/07/2006,TYS,TN,ASO,ES,Combined TRACON& Tower with Radar,24,147,84,18,273,0,0,16,4,20,24,147,100,22,293,14,14,28,321
04/08/2006,TYS,TN,ASO,ES,Combined TRACON& Tower with Radar,17,97,38,2,154,0,0,4,1,5,17,97,42,3,159,18,0,18,177
04/09/2006,TYS,TN,ASO,ES,Combined TRACON& Tower with Radar,14,104,82,7,207,0,0,64,2,66,14,104,146,9,273,66,0,66,339
04/10/2006,TYS,TN,ASO,ES,Combined TRACON& Tower with Radar,15,156,79,17,267,0,2,49,10,61,15,158,128,27,328,55,12,67,395
04/11/2006,TYS,TN,ASO,ES,Combined TRACON& Tower with Radar,25,153,106,57,341,0,2,62,7,71,25,155,168,64,412,94,84,178,590
04/12/2006,TYS,TN,ASO,ES,Combined TRACON& Tower with Radar,22,156,94,37,309,0,0,34,5,39,22,156,128,42,348,43,26,69,417
04/13/2006,TYS,TN,ASO,ES,Combined TRACON& Tower with Radar,23,158,127,42,350,0,0,42,8,50,23,158,169,50,400,56,18,74,474
04/14/2006,TYS,TN,ASO,ES,Combined TRACON& Tower with Radar,21,153,52,40,266,0,1,45,4,50,21,154,97,44,316,9,8,17,333
04/15/2006,TYS,TN,ASO,ES,Combined TRACON& Tower with Radar,15,94,43,1,153,0,7,46,1,54,15,101,89,2,207,37,0,37,244
04/16/2006,TYS,TN,ASO,ES,Combined TRACON& Tower with Radar,9,117,59,3,188,0,0,31,0,31,9,117,90,3,219,6,0,6,225
04/17/2006,TYS,TN,ASO,ES,Combined TRACON& Tower with Radar,15,160,114,43,332,0,19,29,4,52,15,179,143,47,384,14,28,42,426
04/18/2006,TYS,TN,ASO,ES,Combined TRACON& Tower with Radar,14,162,121,70,367,0,3,40,5,48,14,165,161,75,415,30,42,72,487
04/19/2006,TYS,TN,ASO,ES,Combined TRACON& Tower with Radar,21,164,98,28,311,0,1,18,5,24,21,165,116,33,335,11,22,33,368
04/20/2006,TYS,TN,ASO,ES,Combined TRACON& Tower with Radar,24,178,79,46,327,0,0,12,9,21,24,178,91,55,348,23,24,47,395
04/21/2006,TYS,TN,ASO,ES,Combined TRACON& Tower with Radar,19,153,59,10,241,0,0,5,2,7,19,153,64,12,248,22,0,22,270
04/22/2006,TYS,TN,ASO,ES,Combined TRACON& Tower with Radar,16,106,37,2,161,0,0,25,7,32,16,106,62,9,193,48,0,48,241
04/23/2006,TYS,TN,ASO,ES,Combined TRACON& Tower with Radar,2,118,73,11,204,0,1,58,2,61,2,119,131,13,265,42,0,42,307
04/24/2006,TYS,TN,ASO,ES,Combined TRACON& Tower with Radar,14,158,80,0,252,0,2,28,23,53,14,160,108,23,305,39,0,39,344
04/25/2006,TYS,TN,ASO,ES,Combined TRACON& Tower with Radar,21,164,103,48,336,0,2,46,21,69,21,166,149,69,405,28,42,70,475
04/26/2006,TYS,TN,ASO,ES,Combined TRACON& Tower with Radar,20,164,107,24,315,0,0,10,3,13,20,164,117,27,328,18,0,18,346
04/27/2006,TYS,TN,ASO,ES,Combined TRACON& Tower with Radar,19,165,125,43,352,0,2,53,10,65,19,167,178,53,417,24,42,66,483
04/28/2006,TYS,TN,ASO,ES,Combined TRACON& Tower with Radar,23,151,108,43,325,0,1,66,17,84,23,152,174,60,409,35,58,93,502
04/29/2006,TYS,TN,ASO,ES,Combined TRACON& Tower with Radar,11,100,38,4,153,0,0,0,0,0,11,100,38,4,153,28,0,28,181
04/30/2006,TYS,TN,ASO,ES,Combined TRACON& Tower with Radar,8,108,55,2,173,0,0,17,2,19,8,108,72,4,192,11,8,19,211
05/01/2006,TYS,TN,ASO,ES,Combined TRACON& Tower with Radar,17,155,87,38,297,0,1,43,4,48,17,156,130,42,345,79,28,107,452
05/02/2006,TYS,TN,ASO,ES,Combined TRACON& Tower with Radar,21,152,76,35,284,0,3,27,4,34,21,155,103,39,318,11,0,11,329
05/03/2006,TYS,TN,ASO,ES,Combined TRACON& Tower with Radar,20,159,91,20,290,0,2,48,6,56,20,161,139,26,346,54,10,64,410
05/04/2006,TYS,TN,ASO,ES,Combined TRACON& Tower with Radar,24,155,99,25,303,0,0,25,3,28,24,155,124,28,331,40,17,57,388
05/05/2006,TYS,TN,ASO,ES,Combined TRACON& Tower with Radar,26,145,107,21,299,0,1,10,3,14,26,146,117,24,313,14,4,18,331
05/06/2006,TYS,TN,ASO,ES,Combined TRACON& Tower with Radar,20,94,56,4,174,0,2,71,6,79,20,96,127,10,253,51,0,51,304
05/07/2006,TYS,TN,ASO,ES,Combined TRACON& Tower with Radar,7,120,71,11,209,0,0,0,0,0,7,120,71,11,209,6,0,6,215
05/08/2006,TYS,TN,ASO,ES,Combined TRACON& Tower with Radar,17,141,100,8,266,0,0,29,2,31,17,141,129,10,297,52,24,76,373
05/09/2006,TYS,TN,ASO,ES,Combined TRACON& Tower with Radar,26,148,116,50,340,0,0,16,3,19,26,148,132,53,359,41,24,65,424
05/10/2006,TYS,TN,ASO,ES,Combined TRACON& Tower with Radar,28,148,83,26,285,0,0,5,0,5,28,148,88,26,290,39,24,63,353
05/11/2006,TYS,TN,ASO,ES,Combined TRACON& Tower with Radar,29,152,104,47,332,0,0,9,1,10,29,152,113,48,342,22,24,46,388
05/12/2006,TYS,TN,ASO,ES,Combined TRACON& Tower with Radar,24,156,95,30,305,0,0,17,4,21,24,156,112,34,326,16,2,18,344
05/13/2006,TYS,TN,ASO,ES,Combined TRACON& Tower with Radar,23,34,55,13,125,0,64,52,9,125,23,98,107,22,250,30,54,84,334
05/14/2006,TYS,TN,ASO,ES,Combined TRACON& Tower with Radar,7,111,45,4,167,0,0,12,0,12,7,111,57,4,179,11,0,11,190
05/15/2006,TYS,TN,ASO,ES,Combined TRACON& Tower with Radar,20,149,96,60,325,0,0,19,1,20,20,149,115,61,345,26,2,28,373
05/16/2006,TYS,TN,ASO,ES,Combined TRACON& Tower with Radar,27,150,101,24,302,0,2,17,12,31,27,152,118,36,333,18,18,36,369
05/17/2006,TYS,TN,ASO,ES,Combined TRACON& Tower with Radar,24,163,124,49,360,0,2,27,7,36,24,165,151,56,396,30,20,50,446
05/18/2006,TYS,TN,ASO,ES,Combined TRACON& Tower with Radar,24,159,113,69,365,0,2,25,14,41,24,161,138,83,406,19,12,31,437
05/19/2006,TYS,TN,ASO,ES,Combined TRACON& Tower with Radar,27,142,90,45,304,0,1,37,20,58,27,143,127,65,362,26,10,36,398
05/20/2006,TYS,TN,ASO,ES,Combined TRACON& Tower with Radar,16,99,54,1,170,0,1,29,3,33,16,100,83,4,203,8,0,8,211
05/21/2006,TYS,TN,ASO,ES,Combined TRACON& Tower with Radar,12,108,49,17,186,0,0,11,4,15,12,108,60,21,201,14,0,14,215
05/22/2006,TYS,TN,ASO,ES,Combined TRACON& Tower with Radar,16,149,75,4,244,0,3,29,9,41,16,152,104,13,285,22,10,32,317
05/23/2006,TYS,TN,ASO,ES,Combined TRACON& Tower with Radar,28,149,93,46,316,0,0,64,18,82,28,149,157,64,398,74,60,134,532
05/24/2006,TYS,TN,ASO,ES,Combined TRACON& Tower with Radar,23,153,98,46,320,0,1,56,15,72,23,154,154,61,392,50,26,76,468
05/25/2006,TYS,TN,ASO,ES,Combined TRACON& Tower with Radar,27,163,91,41,322,0,1,13,6,20,27,164,104,47,342,17,20,37,379
05/26/2006,TYS,TN,ASO,ES,Combined TRACON& Tower with Radar,30,142,99,26,297,0,1,30,1,32,30,143,129,27,329,28,22,50,379
05/27/2006,TYS,TN,ASO,ES,Combined TRACON& Tower with Radar,10,94,36,0,140,0,14,69,0,83,10,108,105,0,223,61,0,61,284
05/28/2006,TYS,TN,ASO,ES,Combined TRACON& Tower with Radar,11,108,52,0,171,0,0,54,0,54,11,108,106,0,225,61,0,61,286
05/29/2006,TYS,TN,ASO,ES,Combined TRACON& Tower with Radar,9,103,61,3,176,0,3,45,3,51,9,106,106,6,227,15,6,21,248
05/30/2006,TYS,TN,ASO,ES,Combined TRACON& Tower with Radar,16,162,82,17,277,0,0,39,3,42,16,162,121,20,319,47,10,57,376
05/31/2006,TYS,TN,ASO,ES,Combined TRACON& Tower with Radar,20,153,109,49,331,0,0,21,12,33,20,153,130,61,364,48,40,88,452
06/01/2006,TYS,TN,ASO,ES,Combined TRACON& Tower with Radar,20,153,104,55,332,0,2,26,18,46,20,155,130,73,378,17,12,29,407
06/02/2006,TYS,TN,ASO,ES,Combined TRACON& Tower with Radar,29,160,73,38,300,0,0,8,22,30,29,160,81,60,330,17,16,33,363
06/03/2006,TYS,TN,ASO,ES,Combined TRACON& Tower with Radar,17,97,81,14,209,0,0,43,25,68,17,97,124,39,277,39,25,64,341
06/04/2006,TYS,TN,ASO,ES,Combined TRACON& Tower with Radar,11,102,58,9,180,0,0,35,6,41,11,102,93,15,221,5,0,5,226
06/05/2006,TYS,TN,ASO,ES,Combined TRACON& Tower with Radar,16,150,61,10,237,0,2,49,9,60,16,152,110,19,297,21,0,21,318
06/06/2006,TYS,TN,ASO,ES,Combined TRACON& Tower with Radar,25,161,83,36,305,0,1,47,21,69,25,162,130,57,374,42,62,104,478
06/07/2006,TYS,TN,ASO,ES,Combined TRACON& Tower with Radar,25,160,106,44,335,0,3,43,18,64,25,163,149,62,399,68,46,114,513
06/08/2006,TYS,TN,ASO,ES,Combined TRACON& Tower with Radar,21,163,101,45,330,0,6,56,10,72,21,169,157,55,402,56,18,74,476
06/09/2006,TYS,TN,ASO,ES,Combined TRACON& Tower with Radar,20,159,74,44,297,0,1,60,21,82,20,160,134,65,379,41,56,97,476
06/10/2006,TYS,TN,ASO,ES,Combined TRACON& Tower with Radar,11,100,52,11,174,0,1,58,0,59,11,101,110,11,233,17,8,25,258
06/11/2006,TYS,TN,ASO,ES,Combined TRACON& Tower with Radar,8,19,52,11,90,0,100,34,0,134,8,119,86,11,224,13,0,13,237
06/12/2006,TYS,TN,ASO,ES,Combined TRACON& Tower with Radar,21,156,92,63,332,0,0,22,3,25,21,156,114,66,357,27,4,31,388
06/13/2006,TYS,TN,ASO,ES,Combined TRACON& Tower with Radar,20,158,110,42,330,0,1,62,17,80,20,159,172,59,410,54,40,94,504
06/14/2006,TYS,TN,ASO,ES,Combined TRACON& Tower with Radar,16,162,117,25,320,0,0,43,14,57,16,162,160,39,377,19,8,27,404
06/15/2006,TYS,TN,ASO,ES,Combined TRACON& Tower with Radar,22,161,87,45,315,0,0,87,24,111,22,161,174,69,426,49,20,69,495
06/16/2006,TYS,TN,ASO,ES,Combined TRACON& Tower with Radar,25,155,99,63,342,0,0,42,10,52,25,155,141,73,394,50,4,54,448
06/17/2006,TYS,TN,ASO,ES,Combined TRACON& Tower with Radar,25,158,99,63,345,0,0,42,10,52,25,158,141,73,397,50,4,54,451
06/18/2006,TYS,TN,ASO,ES,Combined TRACON& Tower with Radar,9,116,60,10,195,0,0,34,0,34,9,116,94,10,229,38,0,38,267
06/19/2006,TYS,TN,ASO,ES,Combined TRACON& Tower with Radar,10,154,117,22,303,0,1,24,5,30,10,155,141,27,333,35,10,45,378
06/20/2006,TYS,TN,ASO,ES,Combined TRACON& Tower with Radar,20,161,117,34,332,0,2,62,13,77,20,163,179,47,409,26,44,70,479
06/21/2006,TYS,TN,ASO,ES,Combined TRACON& Tower with Radar,20,156,117,43,336,0,2,49,5,56,20,158,166,48,392,25,18,43,435
06/22/2006,TYS,TN,ASO,ES,Combined TRACON& Tower with Radar,18,166,128,79,391,0,0,54,35,89,18,166,182,114,480,19,61,80,560
06/23/2006,TYS,TN,ASO,ES,Combined TRACON& Tower with Radar,20,158,95,69,342,0,0,25,20,45,20,158,120,89,387,9,18,27,414
06/24/2006,TYS,TN,ASO,ES,Combined TRACON& Tower with Radar,16,101,58,25,200,0,0,18,23,41,16,101,76,48,241,30,4,34,275
06/25/2006,TYS,TN,ASO,ES,Combined TRACON& Tower with Radar,13,106,44,4,167,0,0,5,14,19,13,106,49,18,186,10,0,10,196
06/26/2006,TYS,TN,ASO,ES,Combined TRACON& Tower with Radar,17,152,74,34,277,0,0,4,0,4,17,152,78,34,281,6,0,6,287
06/27/2006,TYS,TN,ASO,ES,Combined TRACON& Tower with Radar,29,159,112,54,354,0,0,28,9,37,29,159,140,63,391,36,30,66,457
06/28/2006,TYS,TN,ASO,ES,Combined TRACON& Tower with Radar,21,155,115,36,327,0,0,49,19,68,21,155,164,55,395,21,32,53,448
06/29/2006,TYS,TN,ASO,ES,Combined TRACON& Tower with Radar,18,161,100,25,304,0,0,67,20,87,18,161,167,45,391,45,18,63,454
06/30/2006,TYS,TN,ASO,ES,Combined TRACON& Tower with Radar,20,161,123,29,333,0,0,71,12,83,20,161,194,41,416,52,18,70,486
07/01/2006,TYS,TN,ASO,ES,Combined TRACON& Tower with Radar,13,105,52,11,181,0,0,54,6,60,13,105,106,17,241,38,6,44,285
07/02/2006,TYS,TN,ASO,ES,Combined TRACON& Tower with Radar,11,113,26,3,153,0,0,32,7,39,11,113,58,10,192,20,0,20,212
07/03/2006,TYS,TN,ASO,ES,Combined TRACON& Tower with Radar,12,132,33,1,178,0,0,42,2,44,12,132,75,3,222,49,0,49,271
07/04/2006,TYS,TN,ASO,ES,Combined TRACON& Tower with Radar,7,109,36,3,155,0,1,33,7,41,7,110,69,10,196,10,8,18,214
07/05/2006,TYS,TN,ASO,ES,Combined TRACON& Tower with Radar,25,164,68,19,276,0,1,8,13,22,25,165,76,32,298,16,14,30,328
07/06/2006,TYS,TN,ASO,ES,Combined TRACON& Tower with Radar,22,150,84,37,293,0,0,43,20,63,22,150,127,57,356,20,12,32,388
07/07/2006,TYS,TN,ASO,ES,Combined TRACON& Tower with Radar,21,155,82,40,298,0,0,64,22,86,21,155,146,62,384,67,42,109,493
07/08/2006,TYS,TN,ASO,ES,Combined TRACON& Tower with Radar,14,104,39,22,179,0,4,71,38,113,14,108,110,60,292,80,22,102,394
07/09/2006,TYS,TN,ASO,ES,Combined TRACON& Tower with Radar,12,123,54,18,207,0,0,45,13,58,12,123,99,31,265,8,18,26,291
07/10/2006,TYS,TN,ASO,ES,Combined TRACON& Tower with Radar,11,156,91,36,294,0,0,18,4,22,11,156,109,40,316,18,0,18,334
07/11/2006,TYS,TN,ASO,ES,Combined TRACON& Tower with Radar,15,158,69,22,264,0,0,37,7,44,15,158,106,29,308,37,2,39,347
07/12/2006,TYS,TN,ASO,ES,Combined TRACON& Tower with Radar,17,169,101,18,305,0,0,39,7,46,17,169,140,25,351,25,40,65,416
07/13/2006,TYS,TN,ASO,ES,Combined TRACON& Tower with Radar,20,158,105,39,322,0,1,28,11,40,20,159,133,50,362,50,30,80,442
07/14/2006,TYS,TN,ASO,ES,Combined TRACON& Tower with Radar,17,160,82,53,312,0,0,22,5,27,17,160,104,58,339,29,12,41,380
07/15/2006,TYS,TN,ASO,ES,Combined TRACON& Tower with Radar,17,106,80,6,209,0,1,38,0,39,17,107,118,6,248,28,0,28,276
07/16/2006,TYS,TN,ASO,ES,Combined TRACON& Tower with Radar,10,118,54,6,188,0,0,44,0,44,10,118,98,6,232,30,8,38,270
07/17/2006,TYS,TN,ASO,ES,Combined TRACON& Tower with Radar,10,153,85,34,282,0,1,64,3,68,10,154,149,37,350,58,14,72,422
07/18/2006,TYS,TN,ASO,ES,Combined TRACON& Tower with Radar,20,168,106,27,321,0,0,48,14,62,20,168,154,41,383,43,16,59,442
07/19/2006,TYS,TN,ASO,ES,Combined TRACON& Tower with Radar,20,177,112,52,361,0,1,38,15,54,20,178,150,67,415,27,12,39,454
07/20/2006,TYS,TN,ASO,ES,Combined TRACON& Tower with Radar,20,158,115,48,341,0,0,37,20,57,20,158,152,68,398,36,68,104,502
07/21/2006,TYS,TN,ASO,ES,Combined TRACON& Tower with Radar,14,158,93,17,282,0,1,25,20,46,14,159,118,37,328,21,0,21,349
07/22/2006,TYS,TN,ASO,ES,Combined TRACON& Tower with Radar,17,112,57,8,194,0,3,9,23,35,17,115,66,31,229,20,0,20,249
07/23/2006,TYS,TN,ASO,ES,Combined TRACON& Tower with Radar,11,116,57,13,197,0,7,21,10,38,11,123,78,23,235,20,8,28,263
07/24/2006,TYS,TN,ASO,ES,Combined TRACON& Tower with Radar,14,160,76,56,306,0,3,24,3,30,14,163,100,59,336,8,30,38,374
07/25/2006,TYS,TN,ASO,ES,Combined TRACON& Tower with Radar,21,159,109,18,307,0,1,36,17,54,21,160,145,35,361,38,10,48,409
07/26/2006,TYS,TN,ASO,ES,Combined TRACON& Tower with Radar,18,168,94,29,309,0,0,56,12,68,18,168,150,41,377,14,24,38,415
07/27/2006,TYS,TN,ASO,ES,Combined TRACON& Tower with Radar,22,149,106,51,328,0,0,26,25,51,22,149,132,76,379,20,24,44,423
07/28/2006,TYS,TN,ASO,ES,Combined TRACON& Tower with Radar,16,169,104,47,336,0,0,24,15,39,16,169,128,62,375,42,16,58,433
07/29/2006,TYS,TN,ASO,ES,Combined TRACON& Tower with Radar,14,107,35,4,160,0,2,21,3,26,14,109,56,7,186,8,12,20,206
07/30/2006,TYS,TN,ASO,ES,Combined TRACON& Tower with Radar,8,116,62,21,207,0,0,19,1,20,8,116,81,22,227,16,0,16,243
07/31/2006,TYS,TN,ASO,ES,Combined TRACON& Tower with Radar,15,153,76,51,295,0,1,35,9,45,15,154,111,60,340,37,0,37,377
08/01/2006,TYS,TN,ASO,ES,Combined TRACON& Tower with Radar,19,163,100,60,342,0,0,47,8,55,19,163,147,68,397,78,18,96,493
08/02/2006,TYS,TN,ASO,ES,Combined TRACON& Tower with Radar,19,168,77,27,291,0,2,38,7,47,19,170,115,34,338,30,44,74,412
08/03/2006,TYS,TN,ASO,ES,Combined TRACON& Tower with Radar,22,170,112,36,340,0,0,63,16,79,22,170,175,52,419,42,32,74,493
08/04/2006,TYS,TN,ASO,ES,Combined TRACON& Tower with Radar,22,160,91,25,298,0,2,29,5,36,22,162,120,30,334,62,12,74,408
08/05/2006,TYS,TN,ASO,ES,Combined TRACON& Tower with Radar,13,111,62,15,201,0,0,39,13,52,13,111,101,28,253,28,12,40,293
08/06/2006,TYS,TN,ASO,ES,Combined TRACON& Tower with Radar,11,125,46,9,191,0,0,18,19,37,11,125,64,28,228,8,2,10,238
08/07/2006,TYS,TN,ASO,ES,Combined TRACON& Tower with Radar,9,167,74,39,289,0,3,36,5,44,9,170,110,44,333,27,28,55,388
08/08/2006,TYS,TN,ASO,ES,Combined TRACON& Tower with Radar,22,168,100,25,315,0,3,25,6,34,22,171,125,31,349,37,32,69,418
08/09/2006,TYS,TN,ASO,ES,Combined TRACON& Tower with Radar,28,172,114,31,345,0,2,29,5,36,28,174,143,36,381,19,8,27,408
08/10/2006,TYS,TN,ASO,ES,Combined TRACON& Tower with Radar,30,165,101,49,345,0,0,30,14,44,30,165,131,63,389,33,54,87,476
08/11/2006,TYS,TN,ASO,ES,Combined TRACON& Tower with Radar,17,161,102,31,311,0,0,14,1,15,17,161,116,32,326,53,14,67,393
08/12/2006,TYS,TN,ASO,ES,Combined TRACON& Tower with Radar,15,108,55,2,180,0,0,10,0,10,15,108,65,2,190,18,0,18,208
08/13/2006,TYS,TN,ASO,ES,Combined TRACON& Tower with Radar,10,126,70,5,211,0,0,22,0,22,10,126,92,5,233,29,0,29,262
08/14/2006,TYS,TN,ASO,ES,Combined TRACON& Tower with Radar,12,157,65,2,236,0,1,33,11,45,12,158,98,13,281,17,6,23,304
08/15/2006,TYS,TN,ASO,ES,Combined TRACON& Tower with Radar,28,178,132,21,359,0,0,17,6,23,28,178,149,27,382,35,18,53,435
08/16/2006,TYS,TN,ASO,ES,Combined TRACON& Tower with Radar,21,172,110,42,345,0,1,34,25,60,21,173,144,67,405,6,14,20,425
08/17/2006,TYS,TN,ASO,ES,Combined TRACON& Tower with Radar,18,174,101,32,325,0,14,58,36,108,18,188,159,68,433,52,18,70,503
08/18/2006,TYS,TN,ASO,ES,Combined TRACON& Tower with Radar,15,166,106,12,299,0,0,46,31,77,15,166,152,43,376,22,18,40,416
08/19/2006,TYS,TN,ASO,ES,Combined TRACON& Tower with Radar,15,101,51,7,174,0,5,22,14,41,15,106,73,21,215,30,30,60,275
08/20/2006,TYS,TN,ASO,ES,Combined TRACON& Tower with Radar,11,119,48,14,192,0,0,4,5,9,11,119,52,19,201,3,30,33,234
08/21/2006,TYS,TN,ASO,ES,Combined TRACON& Tower with Radar,13,156,89,23,281,0,0,15,2,17,13,156,104,25,298,29,0,29,327
08/22/2006,TYS,TN,ASO,ES,Combined TRACON& Tower with Radar,22,158,113,71,364,0,2,20,0,22,22,160,133,71,386,17,12,29,415
08/23/2006,TYS,TN,ASO,ES,Combined TRACON& Tower with Radar,19,168,140,38,365,0,2,49,16,67,19,170,189,54,432,57,70,127,559
08/24/2006,TYS,TN,ASO,ES,Combined TRACON& Tower with Radar,20,150,134,60,364,0,3,62,20,85,20,153,196,80,449,29,78,107,556
08/25/2006,TYS,TN,ASO,ES,Combined TRACON& Tower with Radar,20,155,115,75,365,0,0,38,13,51,20,155,153,88,416,20,16,36,452
08/26/2006,TYS,TN,ASO,ES,Combined TRACON& Tower with Radar,15,105,50,18,188,0,0,35,4,39,15,105,85,22,227,12,4,16,243
08/27/2006,TYS,TN,ASO,ES,Combined TRACON& Tower with Radar,13,120,59,25,217,0,0,24,3,27,13,120,83,28,244,11,0,11,255
08/28/2006,TYS,TN,ASO,ES,Combined TRACON& Tower with Radar,14,161,103,13,291,0,0,17,4,21,14,161,120,17,312,38,38,76,388
08/29/2006,TYS,TN,ASO,ES,Combined TRACON& Tower with Radar,24,155,99,22,300,0,0,17,3,20,24,155,116,25,320,28,0,28,348
08/30/2006,TYS,TN,ASO,ES,Combined TRACON& Tower with Radar,25,156,145,39,365,0,1,20,6,27,25,157,165,45,392,20,26,46,438
08/31/2006,TYS,TN,ASO,ES,Combined TRACON& Tower with Radar,21,164,68,21,274,0,1,18,4,23,21,165,86,25,297,3,0,3,300
09/01/2006,TYS,TN,ASO,ES,Combined TRACON& Tower with Radar,16,157,123,26,322,0,2,15,10,27,16,159,138,36,349,34,20,54,403
09/02/2006,TYS,TN,ASO,ES,Combined TRACON& Tower with Radar,15,102,56,0,173,0,0,25,0,25,15,102,81,0,198,11,0,11,209
09/03/2006,TYS,TN,ASO,ES,Combined TRACON& Tower with Radar,5,109,40,4,158,0,0,18,0,18,5,109,58,4,176,12,0,12,188
09/04/2006,TYS,TN,ASO,ES,Combined TRACON& Tower with Radar,5,109,40,4,158,0,0,18,0,18,5,109,58,4,176,12,0,12,188
09/05/2006,TYS,TN,ASO,ES,Combined TRACON& Tower with Radar,8,147,125,58,338,0,0,22,12,34,8,147,147,70,372,11,48,59,431
09/06/2006,TYS,TN,ASO,ES,Combined TRACON& Tower with Radar,21,163,125,40,349,0,0,30,2,32,21,163,155,42,381,0,38,38,419
09/07/2006,TYS,TN,ASO,ES,Combined TRACON& Tower with Radar,18,169,91,35,313,0,1,49,24,74,18,170,140,59,387,24,30,54,441
09/08/2006,TYS,TN,ASO,ES,Combined TRACON& Tower with Radar,23,161,107,54,345,0,4,40,31,75,23,165,147,85,420,4,8,12,432
09/09/2006,TYS,TN,ASO,ES,Combined TRACON& Tower with Radar,20,91,66,18,195,0,1,39,13,53,20,92,105,31,248,42,10,52,300
09/10/2006,TYS,TN,ASO,ES,Combined TRACON& Tower with Radar,18,101,67,20,206,0,0,42,5,47,18,101,109,25,253,34,0,34,287
09/11/2006,TYS,TN,ASO,ES,Combined TRACON& Tower with Radar,23,150,73,24,270,0,1,27,2,30,23,151,100,26,300,24,12,36,336
09/12/2006,TYS,TN,ASO,ES,Combined TRACON& Tower with Radar,23,167,97,47,334,0,1,12,12,25,23,168,109,59,359,12,36,48,407
09/13/2006,TYS,TN,ASO,ES,Combined TRACON& Tower with Radar,25,165,113,47,350,1,0,6,0,7,26,165,119,47,357,16,6,22,379
09/14/2006,TYS,TN,ASO,ES,Combined TRACON& Tower with Radar,25,173,139,81,418,0,2,57,25,84,25,175,196,106,502,32,58,90,592
09/15/2006,TYS,TN,ASO,ES,Combined TRACON& Tower with Radar,25,163,124,51,363,0,1,67,16,84,25,164,191,67,447,18,24,42,489
09/16/2006,TYS,TN,ASO,ES,Combined TRACON& Tower with Radar,18,98,93,16,225,0,4,59,22,85,18,102,152,38,310,28,16,44,354
09/17/2006,TYS,TN,ASO,ES,Combined TRACON& Tower with Radar,16,121,141,14,292,0,0,48,20,68,16,121,189,34,360,8,6,14,374
09/18/2006,TYS,TN,ASO,ES,Combined TRACON& Tower with Radar,19,154,77,34,284,0,0,17,0,17,19,154,94,34,301,2,10,12,313
09/19/2006,TYS,TN,ASO,ES,Combined TRACON& Tower with Radar,23,156,69,27,275,0,2,46,4,52,23,158,115,31,327,9,34,43,370
09/20/2006,TYS,TN,ASO,ES,Combined TRACON& Tower with Radar,24,163,98,17,302,0,3,47,17,67,24,166,145,34,369,36,6,42,411
09/21/2006,TYS,TN,ASO,ES,Combined TRACON& Tower with Radar,24,172,84,37,317,0,5,80,19,104,24,177,164,56,421,57,30,87,508
09/22/2006,TYS,TN,ASO,ES,Combined TRACON& Tower with Radar,20,157,103,38,318,0,0,27,2,29,20,157,130,40,347,5,0,5,352
09/23/2006,TYS,TN,ASO,ES,Combined TRACON& Tower with Radar,29,85,21,0,135,0,0,10,0,10,29,85,31,0,145,2,0,2,147
09/24/2006,TYS,TN,ASO,ES,Combined TRACON& Tower with Radar,19,126,60,11,216,0,3,11,0,14,19,129,71,11,230,7,0,7,237
09/25/2006,TYS,TN,ASO,ES,Combined TRACON& Tower with Radar,18,162,100,5,285,0,0,52,7,59,18,162,152,12,344,30,8,38,382
09/26/2006,TYS,TN,ASO,ES,Combined TRACON& Tower with Radar,19,167,92,18,296,0,1,46,106,153,19,168,138,124,449,15,8,23,472
09/27/2006,TYS,TN,ASO,ES,Combined TRACON& Tower with Radar,16,165,128,13,322,0,1,47,9,57,16,166,175,22,379,14,10,24,403
09/28/2006,TYS,TN,ASO,ES,Combined TRACON& Tower with Radar,23,174,108,37,342,0,0,5,2,7,23,174,113,39,349,4,39,43,392
09/29/2006,TYS,TN,ASO,ES,Combined TRACON& Tower with Radar,23,166,128,12,329,0,1,41,16,58,23,167,169,28,387,18,12,30,417
09/30/2006,TYS,TN,ASO,ES,Combined TRACON& Tower with Radar,17,93,62,0,172,0,0,45,0,45,17,93,107,0,217,18,0,18,235
10/01/2006,TYS,TN,ASO,ES,Combined TRACON& Tower with Radar,10,121,86,2,219,0,0,21,0,21,10,121,107,2,240,14,0,14,254
10/02/2006,TYS,TN,ASO,ES,Combined TRACON& Tower with Radar,18,141,68,54,281,0,1,53,9,63,18,142,121,63,344,9,0,9,353
10/03/2006,TYS,TN,ASO,ES,Combined TRACON& Tower with Radar,12,153,94,69,328,0,0,36,14,50,12,153,130,83,378,32,36,68,446
10/04/2006,TYS,TN,ASO,ES,Combined TRACON& Tower with Radar,30,173,114,32,349,0,3,33,4,40,30,176,147,36,389,26,18,44,433
10/05/2006,TYS,TN,ASO,ES,Combined TRACON& Tower with Radar,22,173,109,37,341,0,0,28,20,48,22,173,137,57,389,8,20,28,417
10/06/2006,TYS,TN,ASO,ES,Combined TRACON& Tower with Radar,22,157,126,60,365,0,1,48,22,71,22,158,174,82,436,43,14,57,493
10/07/2006,TYS,TN,ASO,ES,Combined TRACON& Tower with Radar,25,86,87,10,208,1,0,77,11,89,26,86,164,21,297,20,4,24,321
10/08/2006,TYS,TN,ASO,ES,Combined TRACON& Tower with Radar,15,113,78,0,206,0,0,37,10,47,15,113,115,10,253,25,0,25,278
10/09/2006,TYS,TN,ASO,ES,Combined TRACON& Tower with Radar,12,136,87,20,255,0,1,30,0,31,12,137,117,20,286,20,0,20,306
10/10/2006,TYS,TN,ASO,ES,Combined TRACON& Tower with Radar,16,170,118,22,326,0,7,52,14,73,16,177,170,36,399,28,18,46,445
10/11/2006,TYS,TN,ASO,ES,Combined TRACON& Tower with Radar,21,156,106,26,309,0,2,11,3,16,21,158,117,29,325,8,12,20,345
10/12/2006,TYS,TN,ASO,ES,Combined TRACON& Tower with Radar,25,155,125,82,387,0,0,29,9,38,25,155,154,91,425,23,58,81,506
10/13/2006,TYS,TN,ASO,ES,Combined TRACON& Tower with Radar,30,147,110,31,318,0,1,44,31,76,30,148,154,62,394,25,22,47,441
10/14/2006,TYS,TN,ASO,ES,Combined TRACON& Tower with Radar,20,103,77,20,220,0,2,47,31,80,20,105,124,51,300,52,50,102,402
10/15/2006,TYS,TN,ASO,ES,Combined TRACON& Tower with Radar,16,95,83,18,212,0,1,29,10,40,16,96,112,28,252,13,4,17,269
10/16/2006,TYS,TN,ASO,ES,Combined TRACON& Tower with Radar,14,151,65,30,260,0,0,13,0,13,14,151,78,30,273,18,12,30,303
10/17/2006,TYS,TN,ASO,ES,Combined TRACON& Tower with Radar,23,160,95,54,332,0,0,3,0,3,23,160,98,54,335,0,36,36,371
10/18/2006,TYS,TN,ASO,ES,Combined TRACON& Tower with Radar,26,171,112,31,340,0,2,20,7,29,26,173,132,38,369,15,0,15,384
10/19/2006,TYS,TN,ASO,ES,Combined TRACON& Tower with Radar,27,171,93,18,309,0,1,1,0,2,27,172,94,18,311,1,0,1,312
10/20/2006,TYS,TN,ASO,ES,Combined TRACON& Tower with Radar,30,155,163,37,385,0,2,27,9,38,30,157,190,46,423,26,10,36,459
10/21/2006,TYS,TN,ASO,ES,Combined TRACON& Tower with Radar,23,114,106,11,254,0,3,43,1,47,23,117,149,12,301,29,0,29,330
10/22/2006,TYS,TN,ASO,ES,Combined TRACON& Tower with Radar,15,111,80,4,210,0,0,14,0,14,15,111,94,4,224,9,0,9,233
10/23/2006,TYS,TN,ASO,ES,Combined TRACON& Tower with Radar,16,161,86,21,284,0,0,25,2,27,16,161,111,23,311,18,0,18,329
10/24/2006,TYS,TN,ASO,ES,Combined TRACON& Tower with Radar,20,175,120,12,327,0,4,50,10,64,20,179,170,22,391,32,34,66,457
10/25/2006,TYS,TN,ASO,ES,Combined TRACON& Tower with Radar,25,166,117,67,375,0,3,49,1,53,25,169,166,68,428,37,12,49,477
10/26/2006,TYS,TN,ASO,ES,Combined TRACON& Tower with Radar,23,158,116,30,327,0,4,10,0,14,23,162,126,30,341,42,52,94,435
10/27/2006,TYS,TN,ASO,ES,Combined TRACON& Tower with Radar,34,154,76,17,281,0,0,0,0,0,34,154,76,17,281,9,0,9,290
10/28/2006,TYS,TN,ASO,ES,Combined TRACON& Tower with Radar,21,100,50,15,186,0,1,14,3,18,21,101,64,18,204,6,8,14,218
10/29/2006,TYS,TN,ASO,ES,Combined TRACON& Tower with Radar,18,118,98,2,236,0,5,41,0,46,18,123,139,2,282,25,0,25,307
10/30/2006,TYS,TN,ASO,ES,Combined TRACON& Tower with Radar,11,155,108,18,292,0,3,48,2,53,11,158,156,20,345,32,22,54,399
10/31/2006,TYS,TN,ASO,ES,Combined TRACON& Tower with Radar,17,150,125,48,340,0,0,26,1,27,17,150,151,49,367,2,16,18,385
11/01/2006,TYS,TN,ASO,ES,Combined TRACON& Tower with Radar,28,170,102,36,336,0,2,8,3,13,28,172,110,39,349,4,14,18,367
11/02/2006,TYS,TN,ASO,ES,Combined TRACON& Tower with Radar,30,161,92,18,301,0,4,38,6,48,30,165,130,24,349,49,20,69,418
11/03/2006,TYS,TN,ASO,ES,Combined TRACON& Tower with Radar,38,143,150,33,364,0,6,68,19,93,38,149,218,52,457,41,32,73,530
11/04/2006,TYS,TN,ASO,ES,Combined TRACON& Tower with Radar,22,107,124,25,278,0,3,35,18,56,22,110,159,43,334,20,4,24,358
11/05/2006,TYS,TN,ASO,ES,Combined TRACON& Tower with Radar,14,134,109,36,293,0,4,41,12,57,14,138,150,48,350,13,6,19,369
11/06/2006,TYS,TN,ASO,ES,Combined TRACON& Tower with Radar,11,155,87,57,310,0,1,29,3,33,11,156,116,60,343,52,26,78,421
11/07/2006,TYS,TN,ASO,ES,Combined TRACON& Tower with Radar,19,173,111,31,334,0,1,4,0,5,19,174,115,31,339,4,0,4,343
11/08/2006,TYS,TN,ASO,ES,Combined TRACON& Tower with Radar,28,197,150,64,439,0,3,15,1,19,28,200,165,65,458,5,0,5,463
11/09/2006,TYS,TN,ASO,ES,Combined TRACON& Tower with Radar,12,118,82,38,250,0,8,28,9,45,12,126,110,47,295,24,18,42,337
11/10/2006,TYS,TN,ASO,ES,Combined TRACON& Tower with Radar,25,153,85,8,271,0,4,58,3,65,25,157,143,11,336,14,0,14,350
11/11/2006,TYS,TN,ASO,ES,Combined TRACON& Tower with Radar,25,95,59,8,187,0,0,1,1,2,25,95,60,9,189,4,0,4,193
11/12/2006,TYS,TN,ASO,ES,Combined TRACON& Tower with Radar,15,99,57,19,190,0,0,23,3,26,15,99,80,22,216,37,0,37,253
11/13/2006,TYS,TN,ASO,ES,Combined TRACON& Tower with Radar,34,153,97,37,321,0,2,29,0,31,34,155,126,37,352,29,30,59,411
11/14/2006,TYS,TN,ASO,ES,Combined TRACON& Tower with Radar,22,167,103,34,326,0,2,31,10,43,22,169,134,44,369,36,32,68,437
11/15/2006,TYS,TN,ASO,ES,Combined TRACON& Tower with Radar,23,157,63,14,257,0,1,1,1,3,23,158,64,15,260,2,0,2,262
11/16/2006,TYS,TN,ASO,ES,Combined TRACON& Tower with Radar,31,158,97,74,360,0,2,0,8,10,31,160,97,82,370,7,22,29,399
11/17/2006,TYS,TN,ASO,ES,Combined TRACON& Tower with Radar,26,153,132,55,366,0,1,27,14,42,26,154,159,69,408,10,46,56,464
11/18/2006,TYS,TN,ASO,ES,Combined TRACON& Tower with Radar,19,99,78,13,209,0,0,48,10,58,19,99,126,23,267,27,42,69,336
11/19/2006,TYS,TN,ASO,ES,Combined TRACON& Tower with Radar,17,115,68,6,206,0,1,10,8,19,17,116,78,14,225,17,0,17,242
11/20/2006,TYS,TN,ASO,ES,Combined TRACON& Tower with Radar,17,152,77,18,264,0,0,15,4,19,17,152,92,22,283,21,0,21,304
11/21/2006,TYS,TN,ASO,ES,Combined TRACON& Tower with Radar,28,161,128,58,375,0,2,45,5,52,28,163,173,63,427,41,8,49,476
11/22/2006,TYS,TN,ASO,ES,Combined TRACON& Tower with Radar,25,158,123,6,312,0,2,50,4,56,25,160,173,10,368,73,0,73,441
11/23/2006,TYS,TN,ASO,ES,Combined TRACON& Tower with Radar,6,90,18,0,114,0,0,32,0,32,6,90,50,0,146,5,0,5,151
11/24/2006,TYS,TN,ASO,ES,Combined TRACON& Tower with Radar,24,119,50,1,194,0,3,52,0,55,24,122,102,1,249,49,0,49,298
11/25/2006,TYS,TN,ASO,ES,Combined TRACON& Tower with Radar,13,113,64,0,190,0,0,56,0,56,13,113,120,0,246,45,0,45,291
11/26/2006,TYS,TN,ASO,ES,Combined TRACON& Tower with Radar,17,127,119,1,264,0,1,65,2,68,17,128,184,3,332,34,0,34,366
11/27/2006,TYS,TN,ASO,ES,Combined TRACON& Tower with Radar,20,167,96,58,341,0,4,38,2,44,20,171,134,60,385,11,6,17,402
11/28/2006,TYS,TN,ASO,ES,Combined TRACON& Tower with Radar,22,157,96,76,351,0,0,38,3,41,22,157,134,79,392,30,32,62,454
11/29/2006,TYS,TN,ASO,ES,Combined TRACON& Tower with Radar,26,163,85,44,318,0,0,26,8,34,26,163,111,52,352,38,46,84,436
11/30/2006,TYS,TN,ASO,ES,Combined TRACON& Tower with Radar,22,174,82,56,334,0,0,3,10,13,22,174,85,66,347,10,16,26,373
12/01/2006,TYS,TN,ASO,ES,Combined TRACON& Tower with Radar,28,138,55,25,246,0,2,6,11,19,28,140,61,36,265,5,4,9,274
12/02/2006,TYS,TN,ASO,ES,Combined TRACON& Tower with Radar,17,90,61,4,172,0,2,65,4,71,17,92,126,8,243,26,0,26,269
12/03/2006,TYS,TN,ASO,ES,Combined TRACON& Tower with Radar,18,105,61,38,222,0,0,25,10,35,18,105,86,48,257,24,4,28,285
12/04/2006,TYS,TN,ASO,ES,Combined TRACON& Tower with Radar,19,156,80,23,278,0,1,36,2,39,19,157,116,25,317,8,6,14,331
12/05/2006,TYS,TN,ASO,ES,Combined TRACON& Tower with Radar,28,166,96,3,293,0,0,63,33,96,28,166,159,36,389,19,30,49,438
12/06/2006,TYS,TN,ASO,ES,Combined TRACON& Tower with Radar,32,151,115,44,342,0,1,68,2,71,32,152,183,46,413,47,10,57,470
12/07/2006,TYS,TN,ASO,ES,Combined TRACON& Tower with Radar,30,150,98,18,296,0,1,20,7,28,30,151,118,25,324,21,6,27,351
12/08/2006,TYS,TN,ASO,ES,Combined TRACON& Tower with Radar,25,161,104,43,333,0,1,41,9,51,25,162,145,52,384,45,18,63,447
12/09/2006,TYS,TN,ASO,ES,Combined TRACON& Tower with Radar,17,98,33,0,148,0,2,70,4,76,17,100,103,4,224,65,0,65,289
12/10/2006,TYS,TN,ASO,ES,Combined TRACON& Tower with Radar,14,112,63,2,191,0,3,51,0,54,14,115,114,2,245,18,0,18,263
12/11/2006,TYS,TN,ASO,ES,Combined TRACON& Tower with Radar,21,158,70,72,321,0,1,27,11,39,21,159,97,83,360,13,54,67,427
12/12/2006,TYS,TN,ASO,ES,Combined TRACON& Tower with Radar,35,161,103,49,348,0,0,24,3,27,35,161,127,52,375,41,8,49,424
12/13/2006,TYS,TN,ASO,ES,Combined TRACON& Tower with Radar,33,162,98,52,345,0,1,35,4,40,33,163,133,56,385,18,32,50,435
12/14/2006,TYS,TN,ASO,ES,Combined TRACON& Tower with Radar,29,145,123,38,335,0,1,30,14,45,29,146,153,52,380,22,20,42,422
12/15/2006,TYS,TN,ASO,ES,Combined TRACON& Tower with Radar,28,159,107,59,353,0,3,46,3,52,28,162,153,62,405,52,6,58,463
12/16/2006,TYS,TN,ASO,ES,Combined TRACON& Tower with Radar,19,98,50,8,175,0,0,48,8,56,19,98,98,16,231,54,0,54,285
12/17/2006,TYS,TN,ASO,ES,Combined TRACON& Tower with Radar,17,104,80,15,216,0,0,35,8,43,17,104,115,23,259,31,4,35,294
12/18/2006,TYS,TN,ASO,ES,Combined TRACON& Tower with Radar,19,150,74,38,281,0,1,54,6,61,19,151,128,44,342,24,24,48,390
12/19/2006,TYS,TN,ASO,ES,Combined TRACON& Tower with Radar,29,150,122,51,352,0,1,12,15,28,29,151,134,66,380,28,56,84,464
12/20/2006,TYS,TN,ASO,ES,Combined TRACON& Tower with Radar,30,152,82,48,312,0,1,17,7,25,30,153,99,55,337,14,28,42,379
12/21/2006,TYS,TN,ASO,ES,Combined TRACON& Tower with Radar,28,151,80,28,287,0,1,15,1,17,28,152,95,29,304,35,16,51,355
12/22/2006,TYS,TN,ASO,ES,Combined TRACON& Tower with Radar,28,154,55,1,238,0,0,0,0,0,28,154,55,1,238,5,0,5,243
12/23/2006,TYS,TN,ASO,ES,Combined TRACON& Tower with Radar,18,103,79,3,203,0,0,16,0,16,18,103,95,3,219,11,0,11,230
12/24/2006,TYS,TN,ASO,ES,Combined TRACON& Tower with Radar,16,96,22,0,134,0,0,17,0,17,16,96,39,0,151,26,0,26,177
12/25/2006,TYS,TN,ASO,ES,Combined TRACON& Tower with Radar,15,107,10,0,132,0,1,0,0,1,15,108,10,0,133,6,0,6,139
12/26/2006,TYS,TN,ASO,ES,Combined TRACON& Tower with Radar,19,157,42,1,219,0,0,0,0,0,19,157,42,1,219,2,0,2,221
12/27/2006,TYS,TN,ASO,ES,Combined TRACON& Tower with Radar,23,158,88,36,305,0,1,50,8,59,23,159,138,44,364,34,12,46,410
12/28/2006,TYS,TN,ASO,ES,Combined TRACON& Tower with Radar,19,157,64,14,254,0,2,59,2,63,19,159,123,16,317,30,10,40,357
12/29/2006,TYS,TN,ASO,ES,Combined TRACON& Tower with Radar,20,148,78,6,252,0,1,51,1,53,20,149,129,7,305,40,10,50,355
12/30/2006,TYS,TN,ASO,ES,Combined TRACON& Tower with Radar,20,102,43,1,166,0,0,21,0,21,20,102,64,1,187,28,4,32,219
12/31/2006,TYS,TN,ASO,ES,Combined TRACON& Tower with Radar,16,94,21,0,131,0,0,3,0,3,16,94,24,0,134,15,0,15,149
01/01/2007,TYS,TN,ASO,ES,Combined TRACON& Tower with Radar,17,103,54,0,174,0,0,3,0,3,17,103,57,0,177,20,0,20,197
01/02/2007,TYS,TN,ASO,ES,Combined TRACON& Tower with Radar,19,158,74,1,252,0,0,24,0,24,19,158,98,1,276,9,0,9,285
01/03/2007,TYS,TN,ASO,ES,Combined TRACON& Tower with Radar,26,161,81,0,268,0,1,35,1,37,26,162,116,1,305,23,0,23,328
01/04/2007,TYS,TN,ASO,ES,Combined TRACON& Tower with Radar,24,148,60,77,309,0,2,45,3,50,24,150,105,80,359,53,122,175,534
01/05/2007,TYS,TN,ASO,ES,Combined TRACON& Tower with Radar,31,147,66,32,276,0,0,10,12,22,31,147,76,44,298,20,10,30,328
01/06/2007,TYS,TN,ASO,ES,Combined TRACON& Tower with Radar,13,102,67,0,182,0,0,24,19,43,13,102,91,19,225,29,0,29,254
01/07/2007,TYS,TN,ASO,ES,Combined TRACON& Tower with Radar,19,120,26,9,174,0,0,6,10,16,19,120,32,19,190,5,0,5,195
01/08/2007,TYS,TN,ASO,ES,Combined TRACON& Tower with Radar,17,147,99,52,315,0,1,46,0,47,17,148,145,52,362,24,16,40,402
01/09/2007,TYS,TN,ASO,ES,Combined TRACON& Tower with Radar,17,132,75,29,253,0,0,8,4,12,17,132,83,33,265,7,32,39,304
01/10/2007,TYS,TN,ASO,ES,Combined TRACON& Tower with Radar,34,144,114,44,336,0,8,68,8,84,34,152,182,52,420,18,44,62,482
01/11/2007,TYS,TN,ASO,ES,Combined TRACON& Tower with Radar,24,139,97,45,305,0,2,35,13,50,24,141,132,58,355,24,66,90,445
01/12/2007,TYS,TN,ASO,ES,Combined TRACON& Tower with Radar,29,143,104,16,292,0,2,25,5,32,29,145,129,21,324,22,0,22,346
01/13/2007,TYS,TN,ASO,ES,Combined TRACON& Tower with Radar,18,87,44,0,149,0,2,65,0,67,18,89,109,0,216,78,4,82,298
01/14/2007,TYS,TN,ASO,ES,Combined TRACON& Tower with Radar,14,94,42,0,150,0,0,19,0,19,14,94,61,0,169,9,0,9,178
01/15/2007,TYS,TN,ASO,ES,Combined TRACON& Tower with Radar,18,120,61,0,199,0,0,3,0,3,18,120,64,0,202,9,0,9,211
01/16/2007,TYS,TN,ASO,ES,Combined TRACON& Tower with Radar,27,142,76,9,254,0,0,11,3,14,27,142,87,12,268,7,6,13,281
01/17/2007,TYS,TN,ASO,ES,Combined TRACON& Tower with Radar,24,153,93,15,285,0,0,31,4,35,24,153,124,19,320,15,28,43,363
01/18/2007,TYS,TN,ASO,ES,Combined TRACON& Tower with Radar,19,146,104,89,358,0,0,1,0,1,19,146,105,89,359,3,0,3,362
01/19/2007,TYS,TN,ASO,ES,Combined TRACON& Tower with Radar,31,131,88,58,308,0,8,31,14,53,31,139,119,72,361,14,36,50,411
01/20/2007,TYS,TN,ASO,ES,Combined TRACON& Tower with Radar,17,87,45,22,171,0,16,54,22,92,17,103,99,44,263,79,34,113,376
01/21/2007,TYS,TN,ASO,ES,Combined TRACON& Tower with Radar,14,92,27,1,134,0,0,0,4,4,14,92,27,5,138,1,2,3,141
01/22/2007,TYS,TN,ASO,ES,Combined TRACON& Tower with Radar,26,149,76,45,296,0,0,5,0,5,26,149,81,45,301,5,23,28,329
01/23/2007,TYS,TN,ASO,ES,Combined TRACON& Tower with Radar,27,143,97,54,321,0,4,26,9,39,27,147,123,63,360,33,0,33,393
01/24/2007,TYS,TN,ASO,ES,Combined TRACON& Tower with Radar,27,153,113,34,327,0,7,45,13,65,27,160,158,47,392,34,6,40,432
01/25/2007,TYS,TN,ASO,ES,Combined TRACON& Tower with Radar,24,163,92,34,313,0,4,23,11,38,24,167,115,45,351,2,38,40,391
01/26/2007,TYS,TN,ASO,ES,Combined TRACON& Tower with Radar,27,137,100,10,274,0,2,41,10,53,27,139,141,20,327,21,0,21,348
01/27/2007,TYS,TN,ASO,ES,Combined TRACON& Tower with Radar,13,87,44,12,156,0,1,73,1,75,13,88,117,13,231,43,0,43,274
01/28/2007,TYS,TN,ASO,ES,Combined TRACON& Tower with Radar,13,102,46,19,180,0,0,7,0,7,13,102,53,19,187,9,0,9,196
01/29/2007,TYS,TN,ASO,ES,Combined TRACON& Tower with Radar,20,136,61,13,230,0,6,12,4,22,20,142,73,17,252,10,28,38,290
01/30/2007,TYS,TN,ASO,ES,Combined TRACON& Tower with Radar,28,143,85,38,294,0,3,22,4,29,28,146,107,42,323,8,4,12,335
01/31/2007,TYS,TN,ASO,ES,Combined TRACON& Tower with Radar,26,149,113,46,334,0,2,28,4,34,26,151,141,50,368,26,18,44,412
02/01/2007,TYS,TN,ASO,ES,Combined TRACON& Tower with Radar,21,154,47,18,240,0,0,4,0,4,21,154,51,18,244,3,2,5,249
02/02/2007,TYS,TN,ASO,ES,Combined TRACON& Tower with Radar,30,139,82,30,281,0,0,0,6,6,30,139,82,36,287,3,6,9,296
02/03/2007,TYS,TN,ASO,ES,Combined TRACON& Tower with Radar,19,84,41,24,168,0,2,39,23,64,19,86,80,47,232,21,12,33,265
02/04/2007,TYS,TN,ASO,ES,Combined TRACON& Tower with Radar,13,97,36,3,149,0,3,13,7,23,13,100,49,10,172,31,6,37,209
02/05/2007,TYS,TN,ASO,ES,Combined TRACON& Tower with Radar,22,145,78,29,274,0,1,37,3,41,22,146,115,32,315,30,16,46,361
02/06/2007,TYS,TN,ASO,ES,Combined TRACON& Tower with Radar,25,125,76,21,247,0,1,30,8,39,25,126,106,29,286,31,14,45,331
02/07/2007,TYS,TN,ASO,ES,Combined TRACON& Tower with Radar,25,148,98,28,299,0,1,25,9,35,25,149,123,37,334,10,0,10,344
02/08/2007,TYS,TN,ASO,ES,Combined TRACON& Tower with Radar,23,156,122,38,339,0,3,32,13,48,23,159,154,51,387,8,8,16,403
02/09/2007,TYS,TN,ASO,ES,Combined TRACON& Tower with Radar,30,149,113,21,313,0,2,41,0,43,30,151,154,21,356,46,0,46,402
02/10/2007,TYS,TN,ASO,ES,Combined TRACON& Tower with Radar,15,87,39,9,150,0,4,49,0,53,15,91,88,9,203,43,0,43,246
02/11/2007,TYS,TN,ASO,ES,Combined TRACON& Tower with Radar,13,102,61,15,191,0,0,34,0,34,13,102,95,15,225,112,0,112,337
02/12/2007,TYS,TN,ASO,ES,Combined TRACON& Tower with Radar,19,148,72,39,278,0,3,27,1,31,19,151,99,40,309,8,2,10,319
02/13/2007,TYS,TN,ASO,ES,Combined TRACON& Tower with Radar,28,116,58,39,241,0,0,4,2,6,28,116,62,41,247,7,38,45,292
02/14/2007,TYS,TN,ASO,ES,Combined TRACON& Tower with Radar,27,128,79,12,246,0,1,9,6,16,27,129,88,18,262,24,4,28,290
02/15/2007,TYS,TN,ASO,ES,Combined TRACON& Tower with Radar,26,150,99,18,293,0,6,46,4,56,26,156,145,22,349,48,0,48,397
02/16/2007,TYS,TN,ASO,ES,Combined TRACON& Tower with Radar,21,153,86,18,278,1,6,37,17,61,22,159,123,35,339,10,40,50,389
02/17/2007,TYS,TN,ASO,ES,Combined TRACON& Tower with Radar,21,100,37,8,166,0,1,8,7,16,21,101,45,15,182,12,0,12,194
02/18/2007,TYS,TN,ASO,ES,Combined TRACON& Tower with Radar,14,114,56,0,184,0,0,26,3,29,14,114,82,3,213,13,0,13,226
02/19/2007,TYS,TN,ASO,ES,Combined TRACON& Tower with Radar,21,122,64,2,209,0,3,36,0,39,21,125,100,2,248,51,0,51,299
02/20/2007,TYS,TN,ASO,ES,Combined TRACON& Tower with Radar,32,161,83,12,288,0,1,16,3,20,32,162,99,15,308,18,0,18,326
02/21/2007,TYS,TN,ASO,ES,Combined TRACON& Tower with Radar,24,158,127,28,337,0,1,17,4,22,24,159,144,32,359,3,10,13,372
02/22/2007,TYS,TN,ASO,ES,Combined TRACON& Tower with Radar,44,148,95,18,305,1,7,60,9,77,45,155,155,27,382,24,26,50,432
02/23/2007,TYS,TN,ASO,ES,Combined TRACON& Tower with Radar,31,154,96,36,317,0,4,73,8,85,31,158,169,44,402,20,0,20,422
02/24/2007,TYS,TN,ASO,ES,Combined TRACON& Tower with Radar,23,96,61,7,187,0,5,51,0,56,23,101,112,7,243,31,2,33,276
02/25/2007,TYS,TN,ASO,ES,Combined TRACON& Tower with Radar,15,85,43,5,148,0,0,10,1,11,15,85,53,6,159,9,0,9,168
02/26/2007,TYS,TN,ASO,ES,Combined TRACON& Tower with Radar,20,145,79,17,261,0,6,40,7,53,20,151,119,24,314,60,10,70,384
02/27/2007,TYS,TN,ASO,ES,Combined TRACON& Tower with Radar,28,147,117,56,348,0,1,73,16,90,28,148,190,72,438,21,22,43,481
02/28/2007,TYS,TN,ASO,ES,Combined TRACON& Tower with Radar,23,146,134,62,365,0,0,66,21,87,23,146,200,83,452,61,24,85,537
03/01/2007,TYS,TN,ASO,ES,Combined TRACON& Tower with Radar,0,0,0,0,0,29,138,60,5,232,29,138,60,5,232,6,0,6,238
03/02/2007,TYS,TN,ASO,ES,Combined TRACON& Tower with Radar,34,152,87,18,291,0,0,60,11,71,34,152,147,29,362,32,0,32,394
03/03/2007,TYS,TN,ASO,ES,Combined TRACON& Tower with Radar,19,102,37,7,165,0,0,34,10,44,19,102,71,17,209,18,0,18,227
03/04/2007,TYS,TN,ASO,ES,Combined TRACON& Tower with Radar,12,114,64,1,191,0,0,32,7,39,12,114,96,8,230,57,0,57,287
03/05/2007,TYS,TN,ASO,ES,Combined TRACON& Tower with Radar,31,140,75,30,276,0,1,102,0,103,31,141,177,30,379,47,6,53,432
03/06/2007,TYS,TN,ASO,ES,Combined TRACON& Tower with Radar,33,161,101,47,342,0,0,42,8,50,33,161,143,55,392,18,48,66,458
03/07/2007,TYS,TN,ASO,ES,Combined TRACON& Tower with Radar,28,143,87,45,303,0,2,53,19,74,28,145,140,64,377,25,4,29,406
03/08/2007,TYS,TN,ASO,ES,Combined TRACON& Tower with Radar,33,149,94,4,280,0,8,56,53,117,33,157,150,57,397,50,38,88,485
03/09/2007,TYS,TN,ASO,ES,Combined TRACON& Tower with Radar,29,145,78,30,282,0,4,70,10,84,29,149,148,40,366,52,26,78,444
03/10/2007,TYS,TN,ASO,ES,Combined TRACON& Tower with Radar,19,95,54,3,171,0,1,35,3,39,19,96,89,6,210,24,0,24,234
03/11/2007,TYS,TN,ASO,ES,Combined TRACON& Tower with Radar,19,95,54,3,171,0,1,36,3,40,19,96,90,6,211,24,0,24,235
03/12/2007,TYS,TN,ASO,ES,Combined TRACON& Tower with Radar,28,144,78,40,290,0,7,46,11,64,28,151,124,51,354,44,4,48,402
03/13/2007,TYS,TN,ASO,ES,Combined TRACON& Tower with Radar,33,144,104,63,344,0,1,53,26,80,33,145,157,89,424,31,26,57,481
03/14/2007,TYS,TN,ASO,ES,Combined TRACON& Tower with Radar,30,153,98,64,345,0,4,22,31,57,30,157,120,95,402,10,28,38,440
03/15/2007,TYS,TN,ASO,ES,Combined TRACON& Tower with Radar,26,157,80,55,318,0,0,23,13,36,26,157,103,68,354,10,22,32,386
03/16/2007,TYS,TN,ASO,ES,Combined TRACON& Tower with Radar,38,139,81,51,309,0,0,6,2,8,38,139,87,53,317,7,22,29,346
03/17/2007,TYS,TN,ASO,ES,Combined TRACON& Tower with Radar,10,103,56,7,176,0,1,44,14,59,10,104,100,21,235,38,16,54,289
03/18/2007,TYS,TN,ASO,ES,Combined TRACON& Tower with Radar,15,103,70,20,208,0,0,42,1,43,15,103,112,21,251,61,0,61,312
03/19/2007,TYS,TN,ASO,ES,Combined TRACON& Tower with Radar,18,151,48,28,245,0,2,14,0,16,18,153,62,28,261,13,6,19,280
03/20/2007,TYS,TN,ASO,ES,Combined TRACON& Tower with Radar,27,158,86,47,318,0,1,11,5,17,27,159,97,52,335,18,18,36,371
03/21/2007,TYS,TN,ASO,ES,Combined TRACON& Tower with Radar,34,165,99,72,370,0,3,17,4,24,34,168,116,76,394,55,16,71,465
03/22/2007,TYS,TN,ASO,ES,Combined TRACON& Tower with Radar,30,147,89,28,294,0,8,79,7,94,30,155,168,35,388,17,20,37,425
03/23/2007,TYS,TN,ASO,ES,Combined TRACON& Tower with Radar,31,152,96,57,336,0,1,77,7,85,31,153,173,64,421,74,14,88,509
03/24/2007,TYS,TN,ASO,ES,Combined TRACON& Tower with Radar,13,105,55,2,175,0,0,65,1,66,13,105,120,3,241,40,4,44,285
03/25/2007,TYS,TN,ASO,ES,Combined TRACON& Tower with Radar,14,113,79,11,217,0,2,66,1,69,14,115,145,12,286,119,12,131,417
03/26/2007,TYS,TN,ASO,ES,Combined TRACON& Tower with Radar,23,152,75,18,268,0,1,60,2,63,23,153,135,20,331,60,0,60,391
03/27/2007,TYS,TN,ASO,ES,Combined TRACON& Tower with Radar,28,149,100,69,346,0,2,26,24,52,28,151,126,93,398,8,28,36,434
03/28/2007,TYS,TN,ASO,ES,Combined TRACON& Tower with Radar,28,147,134,19,328,0,1,23,2,26,28,148,157,21,354,14,8,22,376
03/29/2007,TYS,TN,ASO,ES,Combined TRACON& Tower with Radar,33,158,139,49,379,0,0,40,13,53,33,158,179,62,432,16,2,18,450
03/30/2007,TYS,TN,ASO,ES,Combined TRACON& Tower with Radar,32,157,95,25,309,0,1,42,9,52,32,158,137,34,361,38,2,40,401
03/31/2007,TYS,TN,ASO,ES,Combined TRACON& Tower with Radar,15,91,44,4,154,0,7,38,2,47,15,98,82,6,201,37,6,43,244
04/01/2007,TYS,TN,ASO,ES,Combined TRACON& Tower with Radar,16,115,59,1,191,0,0,9,0,9,16,115,68,1,200,5,0,5,205
04/02/2007,TYS,TN,ASO,ES,Combined TRACON& Tower with Radar,23,154,75,41,293,0,2,43,0,45,23,156,118,41,338,38,0,38,376
04/03/2007,TYS,TN,ASO,ES,Combined TRACON& Tower with Radar,24,154,93,49,320,0,3,38,17,58,24,157,131,66,378,13,12,25,403
04/04/2007,TYS,TN,ASO,ES,Combined TRACON& Tower with Radar,35,161,78,19,293,0,2,17,6,25,35,163,95,25,318,14,0,14,332
04/05/2007,TYS,TN,ASO,ES,Combined TRACON& Tower with Radar,33,156,111,42,342,0,0,61,14,75,33,156,172,56,417,30,8,38,455
04/06/2007,TYS,TN,ASO,ES,Combined TRACON& Tower with Radar,33,155,82,28,298,0,1,50,11,62,33,156,132,39,360,62,10,72,432
04/07/2007,TYS,TN,ASO,ES,Combined TRACON& Tower with Radar,19,92,41,0,152,0,0,29,0,29,19,92,70,0,181,19,0,19,200
04/08/2007,TYS,TN,ASO,ES,Combined TRACON& Tower with Radar,11,123,51,2,187,0,0,28,0,28,11,123,79,2,215,26,0,26,241
04/09/2007,TYS,TN,ASO,ES,Combined TRACON& Tower with Radar,23,144,109,17,293,0,2,38,4,44,23,146,147,21,337,22,8,30,367
04/10/2007,TYS,TN,ASO,ES,Combined TRACON& Tower with Radar,33,153,83,71,340,0,0,42,28,70,33,153,125,99,410,15,41,56,466
04/11/2007,TYS,TN,ASO,ES,Combined TRACON& Tower with Radar,28,149,72,15,264,0,0,2,9,11,28,149,74,24,275,4,10,14,289
04/12/2007,TYS,TN,ASO,ES,Combined TRACON& Tower with Radar,28,152,93,55,328,0,2,31,2,35,28,154,124,57,363,18,58,76,439
04/13/2007,TYS,TN,ASO,ES,Combined TRACON& Tower with Radar,38,149,99,22,308,0,0,50,5,55,38,149,149,27,363,34,0,34,397
04/14/2007,TYS,TN,ASO,ES,Combined TRACON& Tower with Radar,17,93,25,4,139,0,0,2,0,2,17,93,27,4,141,7,0,7,148
04/15/2007,TYS,TN,ASO,ES,Combined TRACON& Tower with Radar,14,109,55,2,180,0,3,4,2,9,14,112,59,4,189,16,0,16,205
04/16/2007,TYS,TN,ASO,ES,Combined TRACON& Tower with Radar,26,144,71,40,281,0,7,34,5,46,26,151,105,45,327,12,24,36,363
04/17/2007,TYS,TN,ASO,ES,Combined TRACON& Tower with Radar,29,154,103,38,324,0,3,80,5,88,29,157,183,43,412,40,8,48,460
04/18/2007,TYS,TN,ASO,ES,Combined TRACON& Tower with Radar,27,154,125,71,377,0,0,43,5,48,27,154,168,76,425,44,0,44,469
04/19/2007,TYS,TN,ASO,ES,Combined TRACON& Tower with Radar,26,152,126,42,346,0,2,35,12,49,26,154,161,54,395,20,40,60,455
04/20/2007,TYS,TN,ASO,ES,Combined TRACON& Tower with Radar,30,140,119,53,342,0,1,62,0,63,30,141,181,53,405,34,6,40,445
04/21/2007,TYS,TN,ASO,ES,Combined TRACON& Tower with Radar,14,98,41,3,156,0,1,70,0,71,14,99,111,3,227,36,4,40,267
04/22/2007,TYS,TN,ASO,ES,Combined TRACON& Tower with Radar,11,114,63,3,191,0,5,60,0,65,11,119,123,3,256,37,0,37,293
04/23/2007,TYS,TN,ASO,ES,Combined TRACON& Tower with Radar,22,152,99,14,287,0,2,65,5,72,22,154,164,19,359,28,10,38,397
04/24/2007,TYS,TN,ASO,ES,Combined TRACON& Tower with Radar,26,148,98,50,322,0,1,21,2,24,26,149,119,52,346,50,6,56,402
04/25/2007,TYS,TN,ASO,ES,Combined TRACON& Tower with Radar,27,147,92,58,324,0,6,44,7,57,27,153,136,65,381,19,24,43,424
04/26/2007,TYS,TN,ASO,ES,Combined TRACON& Tower with Radar,25,153,90,23,291,0,2,10,1,13,25,155,100,24,304,14,12,26,330
04/27/2007,TYS,TN,ASO,ES,Combined TRACON& Tower with Radar,32,151,121,63,367,0,3,30,7,40,32,154,151,70,407,35,0,35,442
04/28/2007,TYS,TN,ASO,ES,Combined TRACON& Tower with Radar,16,101,35,2,154,0,3,45,0,48,16,104,80,2,202,28,14,42,244
04/29/2007,TYS,TN,ASO,ES,Combined TRACON& Tower with Radar,8,131,75,30,244,0,3,71,2,76,8,134,146,32,320,44,0,44,364
04/30/2007,TYS,TN,ASO,ES,Combined TRACON& Tower with Radar,25,146,78,32,281,0,0,72,3,75,25,146,150,35,356,21,0,21,377
05/01/2007,TYS,TN,ASO,ES,Combined TRACON& Tower with Radar,32,155,93,43,323,0,2,67,4,73,32,157,160,47,396,42,14,56,452
05/02/2007,TYS,TN,ASO,ES,Combined TRACON& Tower with Radar,35,161,98,28,322,0,6,29,21,56,35,167,127,49,378,37,26,63,441
05/03/2007,TYS,TN,ASO,ES,Combined TRACON& Tower with Radar,27,143,101,19,290,0,6,17,11,34,27,149,118,30,324,42,28,70,394
05/04/2007,TYS,TN,ASO,ES,Combined TRACON& Tower with Radar,34,148,87,65,334,0,2,18,12,32,34,150,105,77,366,38,11,49,415
05/05/2007,TYS,TN,ASO,ES,Combined TRACON& Tower with Radar,12,103,46,8,169,0,1,3,3,7,12,104,49,11,176,6,0,6,182
05/06/2007,TYS,TN,ASO,ES,Combined TRACON& Tower with Radar,20,106,45,7,178,0,3,29,7,39,20,109,74,14,217,19,0,19,236
05/07/2007,TYS,TN,ASO,ES,Combined TRACON& Tower with Radar,22,148,72,33,275,0,2,55,7,64,22,150,127,40,339,26,14,40,379
05/08/2007,TYS,TN,ASO,ES,Combined TRACON& Tower with Radar,28,151,85,52,316,0,4,48,6,58,28,155,133,58,374,17,28,45,419
05/09/2007,TYS,TN,ASO,ES,Combined TRACON& Tower with Radar,29,142,118,39,328,0,4,48,13,65,29,146,166,52,393,27,38,65,458
05/10/2007,TYS,TN,ASO,ES,Combined TRACON& Tower with Radar,25,143,103,72,343,0,3,44,18,65,25,146,147,90,408,21,32,53,461
05/11/2007,TYS,TN,ASO,ES,Combined TRACON& Tower with Radar,31,143,100,31,305,0,0,37,5,42,31,143,137,36,347,49,6,55,402
05/12/2007,TYS,TN,ASO,ES,Combined TRACON& Tower with Radar,36,97,33,6,172,0,0,33,0,33,36,97,66,6,205,21,0,21,226
05/13/2007,TYS,TN,ASO,ES,Combined TRACON& Tower with Radar,13,113,55,15,196,0,0,39,1,40,13,113,94,16,236,10,0,10,246
05/14/2007,TYS,TN,ASO,ES,Combined TRACON& Tower with Radar,22,161,93,8,284,0,4,55,3,62,22,165,148,11,346,73,2,75,421
05/15/2007,TYS,TN,ASO,ES,Combined TRACON& Tower with Radar,29,140,115,36,320,0,2,47,6,55,29,142,162,42,375,24,16,40,415
05/16/2007,TYS,TN,ASO,ES,Combined TRACON& Tower with Radar,30,148,106,57,341,0,0,11,8,19,30,148,117,65,360,20,6,26,386
05/17/2007,TYS,TN,ASO,ES,Combined TRACON& Tower with Radar,27,155,103,71,356,1,3,35,8,47,28,158,138,79,403,20,6,26,429
05/18/2007,TYS,TN,ASO,ES,Combined TRACON& Tower with Radar,32,151,94,24,301,0,3,34,23,60,32,154,128,47,361,35,14,49,410
05/19/2007,TYS,TN,ASO,ES,Combined TRACON& Tower with Radar,10,109,45,2,166,0,1,70,13,84,10,110,115,15,250,27,6,33,283
05/20/2007,TYS,TN,ASO,ES,Combined TRACON& Tower with Radar,10,119,53,15,197,0,0,39,28,67,10,119,92,43,264,29,6,35,299
05/21/2007,TYS,TN,ASO,ES,Combined TRACON& Tower with Radar,19,147,87,34,287,0,0,69,12,81,19,147,156,46,368,43,12,55,423
05/22/2007,TYS,TN,ASO,ES,Combined TRACON& Tower with Radar,34,145,99,34,312,0,3,56,25,84,34,148,155,59,396,34,18,52,448
05/23/2007,TYS,TN,ASO,ES,Combined TRACON& Tower with Radar,28,145,94,15,282,0,1,46,23,70,28,146,140,38,352,42,8,50,402
05/24/2007,TYS,TN,ASO,ES,Combined TRACON& Tower with Radar,27,151,114,16,308,0,2,62,20,84,27,153,176,36,392,40,6,46,438
05/25/2007,TYS,TN,ASO,ES,Combined TRACON& Tower with Radar,32,155,109,2,298,0,0,68,0,68,32,155,177,2,366,28,0,28,394
05/26/2007,TYS,TN,ASO,ES,Combined TRACON& Tower with Radar,18,96,43,1,158,0,2,49,0,51,18,98,92,1,209,36,0,36,245
05/27/2007,TYS,TN,ASO,ES,Combined TRACON& Tower with Radar,16,114,42,2,174,0,2,35,0,37,16,116,77,2,211,23,0,23,234
05/28/2007,TYS,TN,ASO,ES,Combined TRACON& Tower with Radar,15,115,85,2,217,0,0,40,11,51,15,115,125,13,268,34,4,38,306
05/29/2007,TYS,TN,ASO,ES,Combined TRACON& Tower with Radar,21,135,76,19,251,0,2,67,0,69,21,137,143,19,320,45,14,59,379
05/30/2007,TYS,TN,ASO,ES,Combined TRACON& Tower with Radar,27,144,75,74,320,0,0,55,2,57,27,144,130,76,377,9,42,51,428
05/31/2007,TYS,TN,ASO,ES,Combined TRACON& Tower with Radar,0,0,0,0,0,23,157,163,47,390,23,157,163,47,390,30,20,50,440
06/01/2007,TYS,TN,ASO,ES,Combined TRACON& Tower with Radar,35,147,90,45,317,0,4,50,21,75,35,151,140,66,392,48,4,52,444
06/02/2007,TYS,TN,ASO,ES,Combined TRACON& Tower with Radar,23,102,51,20,196,0,0,14,12,26,23,102,65,32,222,47,0,47,269
06/03/2007,TYS,TN,ASO,ES,Combined TRACON& Tower with Radar,12,112,77,8,209,0,0,7,8,15,12,112,84,16,224,10,0,10,234
06/04/2007,TYS,TN,ASO,ES,Combined TRACON& Tower with Radar,21,126,64,20,231,0,3,53,4,60,21,129,117,24,291,26,8,34,325
06/05/2007,TYS,TN,ASO,ES,Combined TRACON& Tower with Radar,22,146,93,27,288,0,5,41,3,49,22,151,134,30,337,43,36,79,416
06/06/2007,TYS,TN,ASO,ES,Combined TRACON& Tower with Radar,31,154,88,39,312,0,4,43,8,55,31,158,131,47,367,54,12,66,433
06/07/2007,TYS,TN,ASO,ES,Combined TRACON& Tower with Radar,25,152,90,36,303,0,6,55,4,65,25,158,145,40,368,13,10,23,391
06/08/2007,TYS,TN,ASO,ES,Combined TRACON& Tower with Radar,32,135,78,32,277,0,2,38,0,40,32,137,116,32,317,12,14,26,343
06/09/2007,TYS,TN,ASO,ES,Combined TRACON& Tower with Radar,18,113,55,19,205,0,4,45,5,54,18,117,100,24,259,30,16,46,305
06/10/2007,TYS,TN,ASO,ES,Combined TRACON& Tower with Radar,12,120,52,9,193,0,0,27,1,28,12,120,79,10,221,17,4,21,242
06/11/2007,TYS,TN,ASO,ES,Combined TRACON& Tower with Radar,23,140,92,7,262,0,5,32,2,39,23,145,124,9,301,18,0,18,319
06/12/2007,TYS,TN,ASO,ES,Combined TRACON& Tower with Radar,35,144,100,22,301,0,5,61,13,79,35,149,161,35,380,59,26,85,465
06/13/2007,TYS,TN,ASO,ES,Combined TRACON& Tower with Radar,31,158,96,10,295,0,3,50,3,56,31,161,146,13,351,38,0,38,389
06/14/2007,TYS,TN,ASO,ES,Combined TRACON& Tower with Radar,27,143,117,50,337,0,6,35,6,47,27,149,152,56,384,43,24,67,451
06/15/2007,TYS,TN,ASO,ES,Combined TRACON& Tower with Radar,28,147,81,44,300,0,1,60,5,66,28,148,141,49,366,51,4,55,421
06/16/2007,TYS,TN,ASO,ES,Combined TRACON& Tower with Radar,18,112,33,7,170,0,0,46,0,46,18,112,79,7,216,10,2,12,228
06/17/2007,TYS,TN,ASO,ES,Combined TRACON& Tower with Radar,13,126,57,23,219,0,0,32,1,33,13,126,89,24,252,18,10,28,280
06/18/2007,TYS,TN,ASO,ES,Combined TRACON& Tower with Radar,22,154,93,13,282,0,7,37,6,50,22,161,130,19,332,28,8,36,368
06/19/2007,TYS,TN,ASO,ES,Combined TRACON& Tower with Radar,26,138,101,6,271,0,4,41,3,48,26,142,142,9,319,7,0,7,326
06/20/2007,TYS,TN,ASO,ES,Combined TRACON& Tower with Radar,29,145,98,40,312,0,2,41,7,50,29,147,139,47,362,2,12,14,376
06/21/2007,TYS,TN,ASO,ES,Combined TRACON& Tower with Radar,27,162,103,44,336,0,0,106,8,114,27,162,209,52,450,8,46,54,504
06/22/2007,TYS,TN,ASO,ES,Combined TRACON& Tower with Radar,34,146,104,53,337,0,5,64,7,76,34,151,168,60,413,11,16,27,440
06/23/2007,TYS,TN,ASO,ES,Combined TRACON& Tower with Radar,16,105,50,18,189,0,6,38,1,45,16,111,88,19,234,20,0,20,254
06/24/2007,TYS,TN,ASO,ES,Combined TRACON& Tower with Radar,17,116,55,2,190,0,3,26,6,35,17,119,81,8,225,22,0,22,247
06/25/2007,TYS,TN,ASO,ES,Combined TRACON& Tower with Radar,23,146,95,74,338,0,2,32,17,51,23,148,127,91,389,13,58,71,460
06/26/2007,TYS,TN,ASO,ES,Combined TRACON& Tower with Radar,18,120,106,35,279,0,5,29,11,45,18,125,135,46,324,20,20,40,364
06/27/2007,TYS,TN,ASO,ES,Combined TRACON& Tower with Radar,29,140,100,54,323,0,5,54,4,63,29,145,154,58,386,13,14,27,413
06/28/2007,TYS,TN,ASO,ES,Combined TRACON& Tower with Radar,25,150,121,27,323,0,2,35,11,48,25,152,156,38,371,37,20,57,428
06/29/2007,TYS,TN,ASO,ES,Combined TRACON& Tower with Radar,29,146,93,11,279,0,1,27,2,30,29,147,120,13,309,24,0,24,333
06/30/2007,TYS,TN,ASO,ES,Combined TRACON& Tower with Radar,19,107,46,17,189,0,0,37,10,47,19,107,83,27,236,25,30,55,291
07/01/2007,TYS,TN,ASO,ES,Combined TRACON& Tower with Radar,13,116,63,7,199,0,0,27,0,27,13,116,90,7,226,15,0,15,241
07/02/2007,TYS,TN,ASO,ES,Combined TRACON& Tower with Radar,24,131,43,32,230,0,5,26,8,39,24,136,69,40,269,18,0,18,287
07/03/2007,TYS,TN,ASO,ES,Combined TRACON& Tower with Radar,30,130,76,12,248,0,2,34,6,42,30,132,110,18,290,48,2,50,340
07/04/2007,TYS,TN,ASO,ES,Combined TRACON& Tower with Radar,12,96,29,12,149,0,0,41,5,46,12,96,70,17,195,19,10,29,224
07/05/2007,TYS,TN,ASO,ES,Combined TRACON& Tower with Radar,28,137,77,38,280,0,6,62,16,84,28,143,139,54,364,38,22,60,424
07/06/2007,TYS,TN,ASO,ES,Combined TRACON& Tower with Radar,30,130,79,40,279,0,2,35,5,42,30,132,114,45,321,17,10,27,348
07/07/2007,TYS,TN,ASO,ES,Combined TRACON& Tower with Radar,18,108,37,5,168,0,2,31,0,33,18,110,68,5,201,25,0,25,226
07/08/2007,TYS,TN,ASO,ES,Combined TRACON& Tower with Radar,18,114,74,18,224,0,0,40,0,40,18,114,114,18,264,16,0,16,280
07/09/2007,TYS,TN,ASO,ES,Combined TRACON& Tower with Radar,18,141,79,9,247,0,6,21,1,28,18,147,100,10,275,14,12,26,301
07/10/2007,TYS,TN,ASO,ES,Combined TRACON& Tower with Radar,27,148,98,19,292,0,4,47,6,57,27,152,145,25,349,23,26,49,398
07/11/2007,TYS,TN,ASO,ES,Combined TRACON& Tower with Radar,30,154,86,39,309,0,2,33,10,45,30,156,119,49,354,34,26,60,414
07/12/2007,TYS,TN,ASO,ES,Combined TRACON& Tower with Radar,25,156,80,51,312,0,10,82,20,112,25,166,162,71,424,39,14,53,477
07/13/2007,TYS,TN,ASO,ES,Combined TRACON& Tower with Radar,30,149,87,15,281,0,1,68,6,75,30,150,155,21,356,60,0,60,416
07/14/2007,TYS,TN,ASO,ES,Combined TRACON& Tower with Radar,18,107,43,1,169,0,0,70,10,80,18,107,113,11,249,50,6,56,305
07/15/2007,TYS,TN,ASO,ES,Combined TRACON& Tower with Radar,16,108,63,10,197,0,0,33,23,56,16,108,96,33,253,30,0,30,283
07/16/2007,TYS,TN,ASO,ES,Combined TRACON& Tower with Radar,23,158,90,51,322,0,11,34,7,52,23,169,124,58,374,43,26,69,443
07/17/2007,TYS,TN,ASO,ES,Combined TRACON& Tower with Radar,26,146,88,29,289,0,1,44,8,53,26,147,132,37,342,50,18,68,410
07/18/2007,TYS,TN,ASO,ES,Combined TRACON& Tower with Radar,29,149,122,63,363,0,2,26,7,35,29,151,148,70,398,17,22,39,437
07/19/2007,TYS,TN,ASO,ES,Combined TRACON& Tower with Radar,33,148,98,43,322,0,2,38,17,57,33,150,136,60,379,37,20,57,436
07/20/2007,TYS,TN,ASO,ES,Combined TRACON& Tower with Radar,32,153,79,11,275,0,0,23,21,44,32,153,102,32,319,76,24,100,419
07/21/2007,TYS,TN,ASO,ES,Combined TRACON& Tower with Radar,16,101,70,7,194,0,1,62,7,70,16,102,132,14,264,49,0,49,313
07/22/2007,TYS,TN,ASO,ES,Combined TRACON& Tower with Radar,13,116,71,10,210,0,0,45,5,50,13,116,116,15,260,27,6,33,293
07/23/2007,TYS,TN,ASO,ES,Combined TRACON& Tower with Radar,24,144,77,21,266,0,3,46,3,52,24,147,123,24,318,27,42,69,387
07/24/2007,TYS,TN,ASO,ES,Combined TRACON& Tower with Radar,27,146,104,32,309,0,1,48,6,55,27,147,152,38,364,14,4,18,382
07/25/2007,TYS,TN,ASO,ES,Combined TRACON& Tower with Radar,27,150,91,13,281,0,0,27,9,36,27,150,118,22,317,15,22,37,354
07/26/2007,TYS,TN,ASO,ES,Combined TRACON& Tower with Radar,25,151,163,36,375,0,7,46,8,61,25,158,209,44,436,36,8,44,480
07/27/2007,TYS,TN,ASO,ES,Combined TRACON& Tower with Radar,31,148,78,21,278,0,2,43,8,53,31,150,121,29,331,48,8,56,387
07/28/2007,TYS,TN,ASO,ES,Combined TRACON& Tower with Radar,17,101,51,1,170,0,0,3,0,3,17,101,54,1,173,0,0,0,173
07/29/2007,TYS,TN,ASO,ES,Combined TRACON& Tower with Radar,22,112,77,9,220,0,0,18,0,18,22,112,95,9,238,20,0,20,258
07/30/2007,TYS,TN,ASO,ES,Combined TRACON& Tower with Radar,27,155,58,24,264,0,5,31,0,36,27,160,89,24,300,28,34,62,362
07/31/2007,TYS,TN,ASO,ES,Combined TRACON& Tower with Radar,27,154,116,24,321,0,2,41,6,49,27,156,157,30,370,22,6,28,398
08/01/2007,TYS,TN,ASO,ES,Combined TRACON& Tower with Radar,29,158,87,52,326,0,2,52,7,61,29,160,139,59,387,54,8,62,449
08/02/2007,TYS,TN,ASO,ES,Combined TRACON& Tower with Radar,23,147,109,47,326,0,2,53,5,60,23,149,162,52,386,34,22,56,442
08/03/2007,TYS,TN,ASO,ES,Combined TRACON& Tower with Radar,35,145,92,44,316,0,1,42,6,49,35,146,134,50,365,33,2,35,400
08/04/2007,TYS,TN,ASO,ES,Combined TRACON& Tower with Radar,19,107,49,3,178,0,0,47,11,58,19,107,96,14,236,21,0,21,257
08/05/2007,TYS,TN,ASO,ES,Combined TRACON& Tower with Radar,15,118,80,24,237,0,1,20,12,33,15,119,100,36,270,1,2,3,273
08/06/2007,TYS,TN,ASO,ES,Combined TRACON& Tower with Radar,33,136,75,13,257,0,4,29,4,37,33,140,104,17,294,17,2,19,313
08/07/2007,TYS,TN,ASO,ES,Combined TRACON& Tower with Radar,26,158,75,17,276,0,0,48,2,50,26,158,123,19,326,26,4,30,356
08/08/2007,TYS,TN,ASO,ES,Combined TRACON& Tower with Radar,29,155,118,40,342,0,4,36,7,47,29,159,154,47,389,30,26,56,445
08/09/2007,TYS,TN,ASO,ES,Combined TRACON& Tower with Radar,27,145,95,33,300,0,4,50,11,65,27,149,145,44,365,31,42,73,438
08/10/2007,TYS,TN,ASO,ES,Combined TRACON& Tower with Radar,29,147,71,34,281,0,1,45,6,52,29,148,116,40,333,31,10,41,374
08/11/2007,TYS,TN,ASO,ES,Combined TRACON& Tower with Radar,21,102,33,17,173,0,0,27,4,31,21,102,60,21,204,12,4,16,220
08/12/2007,TYS,TN,ASO,ES,Combined TRACON& Tower with Radar,15,118,42,13,188,0,0,24,6,30,15,118,66,19,218,29,0,29,247
08/13/2007,TYS,TN,ASO,ES,Combined TRACON& Tower with Radar,27,139,75,24,265,0,8,47,1,56,27,147,122,25,321,29,14,43,364
08/14/2007,TYS,TN,ASO,ES,Combined TRACON& Tower with Radar,25,148,80,25,278,0,3,52,5,60,25,151,132,30,338,22,26,48,386
08/15/2007,TYS,TN,ASO,ES,Combined TRACON& Tower with Radar,30,149,84,35,298,0,4,47,6,57,30,153,131,41,355,42,16,58,413
08/16/2007,TYS,TN,ASO,ES,Combined TRACON& Tower with Radar,31,166,96,27,320,0,5,52,9,66,31,171,148,36,386,47,32,79,465
08/17/2007,TYS,TN,ASO,ES,Combined TRACON& Tower with Radar,32,152,95,40,319,0,3,43,20,66,32,155,138,60,385,55,12,67,452
08/18/2007,TYS,TN,ASO,ES,Combined TRACON& Tower with Radar,16,108,29,0,153,0,0,66,8,74,16,108,95,8,227,18,0,18,245
08/19/2007,TYS,TN,ASO,ES,Combined TRACON& Tower with Radar,14,112,56,8,190,0,0,27,10,37,14,112,83,18,227,66,4,70,297
08/20/2007,TYS,TN,ASO,ES,Combined TRACON& Tower with Radar,24,134,98,13,269,0,7,45,2,54,24,141,143,15,323,16,6,22,345
08/21/2007,TYS,TN,ASO,ES,Combined TRACON& Tower with Radar,18,150,90,23,281,0,3,29,3,35,18,153,119,26,316,19,6,25,341
08/22/2007,TYS,TN,ASO,ES,Combined TRACON& Tower with Radar,33,153,95,39,320,0,4,40,15,59,33,157,135,54,379,32,30,62,441
08/23/2007,TYS,TN,ASO,ES,Combined TRACON& Tower with Radar,49,150,105,42,346,0,4,51,12,67,49,154,156,54,413,36,12,48,461
08/24/2007,TYS,TN,ASO,ES,Combined TRACON& Tower with Radar,49,137,109,36,331,0,2,54,3,59,49,139,163,39,390,77,18,95,485
08/25/2007,TYS,TN,ASO,ES,Combined TRACON& Tower with Radar,19,98,42,5,164,0,0,35,0,35,19,98,77,5,199,15,0,15,214
08/26/2007,TYS,TN,ASO,ES,Combined TRACON& Tower with Radar,31,121,46,22,220,0,2,26,7,35,31,123,72,29,255,35,2,37,292
08/27/2007,TYS,TN,ASO,ES,Combined TRACON& Tower with Radar,23,146,75,86,330,0,2,22,8,32,23,148,97,94,362,45,14,59,421
08/28/2007,TYS,TN,ASO,ES,Combined TRACON& Tower with Radar,22,144,90,33,289,0,2,57,7,66,22,146,147,40,355,23,28,51,406
08/29/2007,TYS,TN,ASO,ES,Combined TRACON& Tower with Radar,47,151,105,26,329,0,3,44,17,64,47,154,149,43,393,18,28,46,439
08/30/2007,TYS,TN,ASO,ES,Combined TRACON& Tower with Radar,33,147,114,33,327,0,3,23,6,32,33,150,137,39,359,3,10,13,372
08/31/2007,TYS,TN,ASO,ES,Combined TRACON& Tower with Radar,34,146,102,20,302,0,2,38,4,44,34,148,140,24,346,74,12,86,432
09/01/2007,TYS,TN,ASO,ES,Combined TRACON& Tower with Radar,19,95,50,1,165,0,0,33,1,34,19,95,83,2,199,24,0,24,223
09/02/2007,TYS,TN,ASO,ES,Combined TRACON& Tower with Radar,16,103,44,0,163,0,0,19,4,23,16,103,63,4,186,35,4,39,225
09/03/2007,TYS,TN,ASO,ES,Combined TRACON& Tower with Radar,15,122,69,0,206,0,0,29,0,29,15,122,98,0,235,19,0,19,254
09/04/2007,TYS,TN,ASO,ES,Combined TRACON& Tower with Radar,18,152,87,53,310,0,4,37,8,49,18,156,124,61,359,17,14,31,390
09/05/2007,TYS,TN,ASO,ES,Combined TRACON& Tower with Radar,27,152,96,68,343,0,2,55,4,61,27,154,151,72,404,38,24,62,466
09/06/2007,TYS,TN,ASO,ES,Combined TRACON& Tower with Radar,20,155,111,78,364,0,3,72,11,86,20,158,183,89,450,56,40,96,546
09/07/2007,TYS,TN,ASO,ES,Combined TRACON& Tower with Radar,28,149,101,38,316,0,2,54,17,73,28,151,155,55,389,33,22,55,444
09/08/2007,TYS,TN,ASO,ES,Combined TRACON& Tower with Radar,15,99,46,10,170,0,2,45,6,53,15,101,91,16,223,13,6,19,242
09/09/2007,TYS,TN,ASO,ES,Combined TRACON& Tower with Radar,15,127,91,2,235,0,0,32,20,52,15,127,123,22,287,39,2,41,328
09/10/2007,TYS,TN,ASO,ES,Combined TRACON& Tower with Radar,19,149,77,2,247,0,4,43,4,51,19,153,120,6,298,70,0,70,368
09/11/2007,TYS,TN,ASO,ES,Combined TRACON& Tower with Radar,22,148,63,33,266,0,2,0,1,3,22,150,63,34,269,7,26,33,302
09/12/2007,TYS,TN,ASO,ES,Combined TRACON& Tower with Radar,30,148,116,67,361,0,4,83,12,99,30,152,199,79,460,22,4,26,486
09/13/2007,TYS,TN,ASO,ES,Combined TRACON& Tower with Radar,36,149,101,53,339,0,2,74,16,92,36,151,175,69,431,27,76,103,534
09/14/2007,TYS,TN,ASO,ES,Combined TRACON& Tower with Radar,38,157,80,33,308,0,1,3,6,10,38,158,83,39,318,2,10,12,330
09/15/2007,TYS,TN,ASO,ES,Combined TRACON& Tower with Radar,22,94,70,1,187,0,1,57,8,66,22,95,127,9,253,30,0,30,283
09/16/2007,TYS,TN,ASO,ES,Combined TRACON& Tower with Radar,15,122,79,5,221,0,0,46,6,52,15,122,125,11,273,25,0,25,298
09/17/2007,TYS,TN,ASO,ES,Combined TRACON& Tower with Radar,18,157,103,15,293,0,6,42,2,50,18,163,145,17,343,66,0,66,409
09/18/2007,TYS,TN,ASO,ES,Combined TRACON& Tower with Radar,22,138,92,23,275,0,8,51,10,69,22,146,143,33,344,77,24,101,445
09/19/2007,TYS,TN,ASO,ES,Combined TRACON& Tower with Radar,28,148,115,45,336,0,4,69,8,81,28,152,184,53,417,106,28,134,551
09/20/2007,TYS,TN,ASO,ES,Combined TRACON& Tower with Radar,22,146,121,63,352,0,2,58,17,77,22,148,179,80,429,64,124,188,617
09/21/2007,TYS,TN,ASO,ES,Combined TRACON& Tower with Radar,21,162,113,39,335,0,0,60,5,65,21,162,173,44,400,49,18,67,467
09/22/2007,TYS,TN,ASO,ES,Combined TRACON& Tower with Radar,16,99,41,11,167,0,0,55,1,56,16,99,96,12,223,41,0,41,264
09/23/2007,TYS,TN,ASO,ES,Combined TRACON& Tower with Radar,14,116,84,9,223,0,0,38,3,41,14,116,122,12,264,64,0,64,328
09/24/2007,TYS,TN,ASO,ES,Combined TRACON& Tower with Radar,19,152,90,31,292,0,4,44,3,51,19,156,134,34,343,14,0,14,357
09/25/2007,TYS,TN,ASO,ES,Combined TRACON& Tower with Radar,23,145,87,48,303,0,1,50,3,54,23,146,137,51,357,31,10,41,398
09/26/2007,TYS,TN,ASO,ES,Combined TRACON& Tower with Radar,24,149,107,45,325,0,0,54,2,56,24,149,161,47,381,29,20,49,430
09/27/2007,TYS,TN,ASO,ES,Combined TRACON& Tower with Radar,24,159,112,0,295,0,0,20,1,21,24,159,132,1,316,14,20,34,350
09/28/2007,TYS,TN,ASO,ES,Combined TRACON& Tower with Radar,34,145,91,13,283,0,4,60,2,66,34,149,151,15,349,34,2,36,385
09/29/2007,TYS,TN,ASO,ES,Combined TRACON& Tower with Radar,14,94,52,0,160,0,1,58,1,60,14,95,110,1,220,16,0,16,236
09/30/2007,TYS,TN,ASO,ES,Combined TRACON& Tower with Radar,14,116,65,3,198,0,2,40,0,42,14,118,105,3,240,30,0,30,270
10/01/2007,TYS,TN,ASO,ES,Combined TRACON& Tower with Radar,19,147,76,36,278,0,2,43,5,50,19,149,119,41,328,36,34,70,398
10/02/2007,TYS,TN,ASO,ES,Combined TRACON& Tower with Radar,22,149,71,37,279,0,3,42,20,65,22,152,113,57,344,24,30,54,398
10/03/2007,TYS,TN,ASO,ES,Combined TRACON& Tower with Radar,25,160,114,22,321,1,2,32,5,40,26,162,146,27,361,45,8,53,414
10/04/2007,TYS,TN,ASO,ES,Combined TRACON& Tower with Radar,24,159,124,27,334,0,0,27,5,32,24,159,151,32,366,23,10,33,399
10/05/2007,TYS,TN,ASO,ES,Combined TRACON& Tower with Radar,28,149,85,34,296,0,1,34,3,38,28,150,119,37,334,27,42,69,403
10/06/2007,TYS,TN,ASO,ES,Combined TRACON& Tower with Radar,18,112,102,5,237,0,0,43,0,43,18,112,145,5,280,27,8,35,315
10/07/2007,TYS,TN,ASO,ES,Combined TRACON& Tower with Radar,14,125,80,5,224,0,1,51,0,52,14,126,131,5,276,45,0,45,321
10/08/2007,TYS,TN,ASO,ES,Combined TRACON& Tower with Radar,19,127,61,18,225,0,2,38,1,41,19,129,99,19,266,43,10,53,319
10/09/2007,TYS,TN,ASO,ES,Combined TRACON& Tower with Radar,24,155,89,21,289,0,0,29,0,29,24,155,118,21,318,42,10,52,370
10/10/2007,TYS,TN,ASO,ES,Combined TRACON& Tower with Radar,27,159,74,18,278,0,0,58,4,62,27,159,132,22,340,6,0,6,346
10/11/2007,TYS,TN,ASO,ES,Combined TRACON& Tower with Radar,25,155,124,32,336,0,2,47,11,60,25,157,171,43,396,39,34,73,469
10/12/2007,TYS,TN,ASO,ES,Combined TRACON& Tower with Radar,31,163,109,30,333,0,4,60,12,76,31,167,169,42,409,40,4,44,453
10/13/2007,TYS,TN,ASO,ES,Combined TRACON& Tower with Radar,18,100,58,18,194,0,0,42,1,43,18,100,100,19,237,36,8,44,281
10/14/2007,TYS,TN,ASO,ES,Combined TRACON& Tower with Radar,13,122,73,21,229,0,1,36,6,43,13,123,109,27,272,43,0,43,315
10/15/2007,TYS,TN,ASO,ES,Combined TRACON& Tower with Radar,30,138,78,30,276,0,3,67,2,72,30,141,145,32,348,38,10,48,396
10/16/2007,TYS,TN,ASO,ES,Combined TRACON& Tower with Radar,20,164,102,48,334,0,6,45,5,56,20,170,147,53,390,29,28,57,447
10/17/2007,TYS,TN,ASO,ES,Combined TRACON& Tower with Radar,37,152,115,83,387,0,1,29,2,32,37,153,144,85,419,20,14,34,453
10/18/2007,TYS,TN,ASO,ES,Combined TRACON& Tower with Radar,23,156,109,29,317,0,0,18,11,29,23,156,127,40,346,34,28,62,408
10/19/2007,TYS,TN,ASO,ES,Combined TRACON& Tower with Radar,35,148,109,25,317,0,1,37,4,42,35,149,146,29,359,59,10,69,428
10/20/2007,TYS,TN,ASO,ES,Combined TRACON& Tower with Radar,17,99,56,6,178,0,0,43,3,46,17,99,99,9,224,39,0,39,263
10/21/2007,TYS,TN,ASO,ES,Combined TRACON& Tower with Radar,14,116,71,3,204,0,1,60,0,61,14,117,131,3,265,39,0,39,304
10/22/2007,TYS,TN,ASO,ES,Combined TRACON& Tower with Radar,19,150,76,34,279,0,0,11,1,12,19,150,87,35,291,10,0,10,301
10/23/2007,TYS,TN,ASO,ES,Combined TRACON& Tower with Radar,30,149,99,7,285,0,0,4,2,6,30,149,103,9,291,8,10,18,309
10/24/2007,TYS,TN,ASO,ES,Combined TRACON& Tower with Radar,29,168,99,8,304,0,0,7,4,11,29,168,106,12,315,2,0,2,317
10/25/2007,TYS,TN,ASO,ES,Combined TRACON& Tower with Radar,27,153,99,11,290,0,2,34,10,46,27,155,133,21,336,27,26,53,389
10/26/2007,TYS,TN,ASO,ES,Combined TRACON& Tower with Radar,25,150,125,33,333,0,1,34,13,48,25,151,159,46,381,25,28,53,434
10/27/2007,TYS,TN,ASO,ES,Combined TRACON& Tower with Radar,15,106,72,9,202,0,0,42,13,55,15,106,114,22,257,20,38,58,315
10/28/2007,TYS,TN,ASO,ES,Combined TRACON& Tower with Radar,16,121,125,4,266,0,1,26,10,37,16,122,151,14,303,8,0,8,311
10/29/2007,TYS,TN,ASO,ES,Combined TRACON& Tower with Radar,18,154,75,27,274,0,9,56,2,67,18,163,131,29,341,41,6,47,388
10/30/2007,TYS,TN,ASO,ES,Combined TRACON& Tower with Radar,12,156,102,23,293,0,2,48,14,64,12,158,150,37,357,35,24,59,416
10/31/2007,TYS,TN,ASO,ES,Combined TRACON& Tower with Radar,26,152,101,25,304,0,3,37,10,50,26,155,138,35,354,38,2,40,394
11/01/2007,TYS,TN,ASO,ES,Combined TRACON& Tower with Radar,25,162,129,5,321,0,0,51,57,108,25,162,180,62,429,41,0,41,470
11/02/2007,TYS,TN,ASO,ES,Combined TRACON& Tower with Radar,29,147,98,59,333,0,0,79,12,91,29,147,177,71,424,54,18,72,496
11/03/2007,TYS,TN,ASO,ES,Combined TRACON& Tower with Radar,20,91,38,0,149,0,2,56,9,67,20,93,94,9,216,21,6,27,243
11/04/2007,TYS,TN,ASO,ES,Combined TRACON& Tower with Radar,17,123,74,30,244,0,2,49,11,62,17,125,123,41,306,44,6,50,356
11/05/2007,TYS,TN,ASO,ES,Combined TRACON& Tower with Radar,22,150,65,34,271,0,1,22,1,24,22,151,87,35,295,22,28,50,345
11/06/2007,TYS,TN,ASO,ES,Combined TRACON& Tower with Radar,21,162,112,65,360,0,1,33,5,39,21,163,145,70,399,57,32,89,488
11/07/2007,TYS,TN,ASO,ES,Combined TRACON& Tower with Radar,30,152,112,53,347,0,2,59,3,64,30,154,171,56,411,58,56,114,525
11/08/2007,TYS,TN,ASO,ES,Combined TRACON& Tower with Radar,28,146,127,10,311,0,3,48,6,57,28,149,175,16,368,58,0,58,426
11/09/2007,TYS,TN,ASO,ES,Combined TRACON& Tower with Radar,36,148,137,36,357,0,2,41,4,47,36,150,178,40,404,48,6,54,458
11/10/2007,TYS,TN,ASO,ES,Combined TRACON& Tower with Radar,23,107,105,8,243,0,3,43,3,49,23,110,148,11,292,53,0,53,345
11/11/2007,TYS,TN,ASO,ES,Combined TRACON& Tower with Radar,22,118,79,4,223,0,4,26,0,30,22,122,105,4,253,39,0,39,292
11/12/2007,TYS,TN,ASO,ES,Combined TRACON& Tower with Radar,21,132,120,23,296,0,9,40,4,53,21,141,160,27,349,38,0,38,387
11/13/2007,TYS,TN,ASO,ES,Combined TRACON& Tower with Radar,24,142,114,22,302,0,0,28,0,28,24,142,142,22,330,4,0,4,334
11/14/2007,TYS,TN,ASO,ES,Combined TRACON& Tower with Radar,30,164,100,9,303,0,0,17,2,19,30,164,117,11,322,32,22,54,376
11/15/2007,TYS,TN,ASO,ES,Combined TRACON& Tower with Radar,31,145,86,49,311,0,1,14,15,30,31,146,100,64,341,29,10,39,380
11/16/2007,TYS,TN,ASO,ES,Combined TRACON& Tower with Radar,30,152,131,27,340,0,0,77,15,92,30,152,208,42,432,81,32,113,545
11/17/2007,TYS,TN,ASO,ES,Combined TRACON& Tower with Radar,21,96,36,5,158,0,2,58,14,74,21,98,94,19,232,52,4,56,288
11/18/2007,TYS,TN,ASO,ES,Combined TRACON& Tower with Radar,21,117,67,19,224,0,5,31,11,47,21,122,98,30,271,27,22,49,320
11/19/2007,TYS,TN,ASO,ES,Combined TRACON& Tower with Radar,21,148,133,11,313,0,0,22,10,32,21,148,155,21,345,56,22,78,423
11/20/2007,TYS,TN,ASO,ES,Combined TRACON& Tower with Radar,31,141,132,36,340,0,2,26,6,34,31,143,158,42,374,24,18,42,416
11/21/2007,TYS,TN,ASO,ES,Combined TRACON& Tower with Radar,37,150,120,14,321,0,10,25,2,37,37,160,145,16,358,6,10,16,374
11/22/2007,TYS,TN,ASO,ES,Combined TRACON& Tower with Radar,15,77,19,0,111,0,0,3,0,3,15,77,22,0,114,5,0,5,119
11/23/2007,TYS,TN,ASO,ES,Combined TRACON& Tower with Radar,27,108,66,1,202,0,5,41,0,46,27,113,107,1,248,34,0,34,282
11/24/2007,TYS,TN,ASO,ES,Combined TRACON& Tower with Radar,23,101,64,0,188,0,0,49,0,49,23,101,113,0,237,22,0,22,259
11/25/2007,TYS,TN,ASO,ES,Combined TRACON& Tower with Radar,25,140,113,5,283,0,2,11,0,13,25,142,124,5,296,36,0,36,332
11/26/2007,TYS,TN,ASO,ES,Combined TRACON& Tower with Radar,25,148,77,0,250,0,0,0,0,0,25,148,77,0,250,15,0,15,265
11/27/2007,TYS,TN,ASO,ES,Combined TRACON& Tower with Radar,31,153,166,37,387,0,1,32,6,39,31,154,198,43,426,42,8,50,476
11/28/2007,TYS,TN,ASO,ES,Combined TRACON& Tower with Radar,31,145,114,18,308,0,3,58,13,74,31,148,172,31,382,40,18,58,440
11/29/2007,TYS,TN,ASO,ES,Combined TRACON& Tower with Radar,34,151,121,44,350,0,2,50,28,80,34,153,171,72,430,95,6,101,531
11/30/2007,TYS,TN,ASO,ES,Combined TRACON& Tower with Radar,32,146,80,56,314,0,3,63,11,77,32,149,143,67,391,81,12,93,484
12/01/2007,TYS,TN,ASO,ES,Combined TRACON& Tower with Radar,20,97,66,14,197,0,0,65,14,79,20,97,131,28,276,102,0,102,378
12/02/2007,TYS,TN,ASO,ES,Combined TRACON& Tower with Radar,26,113,78,8,225,0,0,16,3,19,26,113,94,11,244,21,8,29,273
12/03/2007,TYS,TN,ASO,ES,Combined TRACON& Tower with Radar,20,135,85,19,259,0,4,48,2,54,20,139,133,21,313,51,6,57,370
12/04/2007,TYS,TN,ASO,ES,Combined TRACON& Tower with Radar,26,145,107,78,356,0,2,55,14,71,26,147,162,92,427,44,52,96,523
12/05/2007,TYS,TN,ASO,ES,Combined TRACON& Tower with Radar,27,143,80,5,255,0,1,38,6,45,27,144,118,11,300,30,6,36,336
12/06/2007,TYS,TN,ASO,ES,Combined TRACON& Tower with Radar,24,147,123,22,316,3,0,52,18,73,27,147,175,40,389,50,26,76,465
12/07/2007,TYS,TN,ASO,ES,Combined TRACON& Tower with Radar,28,151,121,37,337,0,1,62,2,65,28,152,183,39,402,101,10,111,513
12/08/2007,TYS,TN,ASO,ES,Combined TRACON& Tower with Radar,17,95,61,3,176,0,0,3,0,3,17,95,64,3,179,9,0,9,188
12/09/2007,TYS,TN,ASO,ES,Combined TRACON& Tower with Radar,22,106,66,6,200,0,0,1,0,1,22,106,67,6,201,20,0,20,221
12/10/2007,TYS,TN,ASO,ES,Combined TRACON& Tower with Radar,19,149,79,30,277,0,2,24,2,28,19,151,103,32,305,45,18,63,368
12/11/2007,TYS,TN,ASO,ES,Combined TRACON& Tower with Radar,19,149,79,30,277,0,2,24,2,28,19,151,103,32,305,45,18,63,368
12/12/2007,TYS,TN,ASO,ES,Combined TRACON& Tower with Radar,27,162,104,23,316,0,2,9,4,15,27,164,113,27,331,27,18,45,376
12/13/2007,TYS,TN,ASO,ES,Combined TRACON& Tower with Radar,29,153,81,16,279,0,0,6,8,14,29,153,87,24,293,11,0,11,304
12/14/2007,TYS,TN,ASO,ES,Combined TRACON& Tower with Radar,27,147,127,15,316,0,6,55,11,72,27,153,182,26,388,47,0,47,435
12/15/2007,TYS,TN,ASO,ES,Combined TRACON& Tower with Radar,19,100,31,2,152,0,0,21,14,35,19,100,52,16,187,53,6,59,246
12/16/2007,TYS,TN,ASO,ES,Combined TRACON& Tower with Radar,23,109,31,4,167,0,0,3,11,14,23,109,34,15,181,8,0,8,189
12/17/2007,TYS,TN,ASO,ES,Combined TRACON& Tower with Radar,24,142,110,17,293,0,2,44,13,59,24,144,154,30,352,35,16,51,403
12/18/2007,TYS,TN,ASO,ES,Combined TRACON& Tower with Radar,27,148,103,18,296,0,0,49,16,65,27,148,152,34,361,14,16,30,391
12/19/2007,TYS,TN,ASO,ES,Combined TRACON& Tower with Radar,30,150,111,94,385,0,0,29,10,39,30,150,140,104,424,26,22,48,472
12/20/2007,TYS,TN,ASO,ES,Combined TRACON& Tower with Radar,28,150,112,34,324,0,0,9,14,23,28,150,121,48,347,41,30,71,418
12/21/2007,TYS,TN,ASO,ES,Combined TRACON& Tower with Radar,32,139,81,18,270,0,0,14,3,17,32,139,95,21,287,29,22,51,338
12/22/2007,TYS,TN,ASO,ES,Combined TRACON& Tower with Radar,21,102,41,1,165,0,0,31,0,31,21,102,72,1,196,7,0,7,203
12/23/2007,TYS,TN,ASO,ES,Combined TRACON& Tower with Radar,14,110,35,0,159,0,0,5,0,5,14,110,40,0,164,5,0,5,169
12/24/2007,TYS,TN,ASO,ES,Combined TRACON& Tower with Radar,20,106,66,0,192,0,0,0,0,0,20,106,66,0,192,20,0,20,212
12/25/2007,TYS,TN,ASO,ES,Combined TRACON& Tower with Radar,16,87,17,1,121,0,0,6,0,6,16,87,23,1,127,10,0,10,137
12/26/2007,TYS,TN,ASO,ES,Combined TRACON& Tower with Radar,26,140,86,16,268,0,0,27,0,27,26,140,113,16,295,56,6,62,357
12/27/2007,TYS,TN,ASO,ES,Combined TRACON& Tower with Radar,23,147,67,47,284,0,0,20,0,20,23,147,87,47,304,15,46,61,365
12/28/2007,TYS,TN,ASO,ES,Combined TRACON& Tower with Radar,24,140,43,2,209,0,0,0,0,0,24,140,43,2,209,0,0,0,209
12/29/2007,TYS,TN,ASO,ES,Combined TRACON& Tower with Radar,17,112,68,0,197,0,0,39,0,39,17,112,107,0,236,28,0,28,264
12/30/2007,TYS,TN,ASO,ES,Combined TRACON& Tower with Radar,19,109,47,2,177,0,0,0,0,0,19,109,47,2,177,8,0,8,185
12/31/2007,TYS,TN,ASO,ES,Combined TRACON& Tower with Radar,17,127,44,1,189,0,1,15,0,16,17,128,59,1,205,14,0,14,219
01/01/2008,TYS,TN,ASO,ES,Combined TRACON& Tower with Radar,12,103,32,0,147,0,0,12,0,12,12,103,44,0,159,11,0,11,170
01/02/2008,TYS,TN,ASO,ES,Combined TRACON& Tower with Radar,28,146,70,19,263,0,1,5,0,6,28,147,75,19,269,32,18,50,319
01/03/2008,TYS,TN,ASO,ES,Combined TRACON& Tower with Radar,24,147,67,42,280,0,1,40,14,55,24,148,107,56,335,30,32,62,397
01/04/2008,TYS,TN,ASO,ES,Combined TRACON& Tower with Radar,26,149,69,51,295,0,0,53,4,57,26,149,122,55,352,24,32,56,408
01/05/2008,TYS,TN,ASO,ES,Combined TRACON& Tower with Radar,18,84,35,5,142,0,0,60,0,60,18,84,95,5,202,37,0,37,239
01/06/2008,TYS,TN,ASO,ES,Combined TRACON& Tower with Radar,25,100,43,19,187,0,0,17,0,17,25,100,60,19,204,15,0,15,219
01/07/2008,TYS,TN,ASO,ES,Combined TRACON& Tower with Radar,19,143,62,37,261,0,1,37,10,48,19,144,99,47,309,6,26,32,341
01/08/2008,TYS,TN,ASO,ES,Combined TRACON& Tower with Radar,25,157,75,53,310,0,1,17,16,34,25,158,92,69,344,85,38,123,467
01/09/2008,TYS,TN,ASO,ES,Combined TRACON& Tower with Radar,33,136,79,13,261,0,0,15,9,24,33,136,94,22,285,50,6,56,341
01/10/2008,TYS,TN,ASO,ES,Combined TRACON& Tower with Radar,33,136,79,13,261,0,0,15,9,24,33,136,94,22,285,50,6,56,341
01/11/2008,TYS,TN,ASO,ES,Combined TRACON& Tower with Radar,27,147,93,67,334,0,0,32,30,62,27,147,125,97,396,4,42,46,442
01/12/2008,TYS,TN,ASO,ES,Combined TRACON& Tower with Radar,19,88,43,26,176,0,1,73,5,79,19,89,116,31,255,44,0,44,299
01/13/2008,TYS,TN,ASO,ES,Combined TRACON& Tower with Radar,22,104,52,11,189,0,1,16,5,22,22,105,68,16,211,8,6,14,225
01/14/2008,TYS,TN,ASO,ES,Combined TRACON& Tower with Radar,18,136,67,2,223,0,0,20,4,24,18,136,87,6,247,33,0,33,280
01/15/2008,TYS,TN,ASO,ES,Combined TRACON& Tower with Radar,24,137,93,43,297,0,0,37,15,52,24,137,130,58,349,45,14,59,408
01/16/2008,TYS,TN,ASO,ES,Combined TRACON& Tower with Radar,40,139,89,44,312,0,0,36,15,51,40,139,125,59,363,37,10,47,410
01/17/2008,TYS,TN,ASO,ES,Combined TRACON& Tower with Radar,31,144,66,21,262,0,0,0,0,0,31,144,66,21,262,0,0,0,262
01/18/2008,TYS,TN,ASO,ES,Combined TRACON& Tower with Radar,30,138,97,23,288,0,1,60,8,69,30,139,157,31,357,16,18,34,391
01/19/2008,TYS,TN,ASO,ES,Combined TRACON& Tower with Radar,16,87,46,2,151,0,4,18,0,22,16,91,64,2,173,30,0,30,203
01/20/2008,TYS,TN,ASO,ES,Combined TRACON& Tower with Radar,25,102,55,9,191,0,3,32,0,35,25,105,87,9,226,77,4,81,307
01/21/2008,TYS,TN,ASO,ES,Combined TRACON& Tower with Radar,14,117,86,23,240,0,1,32,0,33,14,118,118,23,273,49,38,87,360
01/22/2008,TYS,TN,ASO,ES,Combined TRACON& Tower with Radar,26,142,56,5,229,0,0,0,0,0,26,142,56,5,229,4,0,4,233
01/23/2008,TYS,TN,ASO,ES,Combined TRACON& Tower with Radar,25,143,93,59,320,0,0,17,5,22,25,143,110,64,342,59,26,85,427
01/24/2008,TYS,TN,ASO,ES,Combined TRACON& Tower with Radar,27,154,84,61,326,0,0,20,36,56,27,154,104,97,382,15,54,69,451
01/25/2008,TYS,TN,ASO,ES,Combined TRACON& Tower with Radar,32,137,86,30,285,0,1,43,19,63,32,138,129,49,348,46,24,70,418
01/26/2008,TYS,TN,ASO,ES,Combined TRACON& Tower with Radar,22,89,29,9,149,0,2,15,14,31,22,91,44,23,180,23,0,23,203
01/27/2008,TYS,TN,ASO,ES,Combined TRACON& Tower with Radar,20,108,85,7,220,0,6,25,8,39,20,114,110,15,259,2,0,2,261
01/28/2008,TYS,TN,ASO,ES,Combined TRACON& Tower with Radar,15,148,61,28,252,0,1,36,21,58,15,149,97,49,310,33,30,63,373
01/29/2008,TYS,TN,ASO,ES,Combined TRACON& Tower with Radar,21,137,69,18,245,0,0,6,4,10,21,137,75,22,255,21,36,57,312
01/30/2008,TYS,TN,ASO,ES,Combined TRACON& Tower with Radar,23,147,106,32,308,0,5,43,13,61,23,152,149,45,369,52,26,78,447
01/31/2008,TYS,TN,ASO,ES,Combined TRACON& Tower with Radar,26,138,100,81,345,0,0,26,14,40,26,138,126,95,385,78,42,120,505
02/01/2008,TYS,TN,ASO,ES,Combined TRACON& Tower with Radar,30,141,68,25,264,0,1,3,9,13,30,142,71,34,277,15,12,27,304
02/02/2008,TYS,TN,ASO,ES,Combined TRACON& Tower with Radar,18,89,48,6,161,0,1,69,2,72,18,90,117,8,233,21,1,22,255
02/03/2008,TYS,TN,ASO,ES,Combined TRACON& Tower with Radar,19,108,42,7,176,0,1,22,1,24,19,109,64,8,200,32,0,32,232
02/04/2008,TYS,TN,ASO,ES,Combined TRACON& Tower with Radar,17,134,52,4,207,0,0,2,0,2,17,134,54,4,209,1,0,1,210
02/05/2008,TYS,TN,ASO,ES,Combined TRACON& Tower with Radar,20,131,64,36,251,0,0,13,6,19,20,131,77,42,270,64,22,86,356
02/06/2008,TYS,TN,ASO,ES,Combined TRACON& Tower with Radar,24,133,55,24,236,0,0,8,3,11,24,133,63,27,247,20,22,42,289
02/07/2008,TYS,TN,ASO,ES,Combined TRACON& Tower with Radar,25,138,82,26,271,0,2,55,10,67,25,140,137,36,338,75,36,111,449
02/08/2008,TYS,TN,ASO,ES,Combined TRACON& Tower with Radar,28,155,74,17,274,0,2,67,22,91,28,157,141,39,365,46,18,64,429
02/09/2008,TYS,TN,ASO,ES,Combined TRACON& Tower with Radar,20,85,24,28,157,0,0,50,11,61,20,85,74,39,218,45,8,53,271
02/10/2008,TYS,TN,ASO,ES,Combined TRACON& Tower with Radar,21,102,41,9,173,0,0,25,12,37,21,102,66,21,210,33,0,33,243
02/11/2008,TYS,TN,ASO,ES,Combined TRACON& Tower with Radar,18,140,93,24,275,0,0,46,7,53,18,140,139,31,328,24,24,48,376
02/12/2008,TYS,TN,ASO,ES,Combined TRACON& Tower with Radar,33,132,69,13,247,0,0,8,2,10,33,132,77,15,257,4,0,4,261
02/13/2008,TYS,TN,ASO,ES,Combined TRACON& Tower with Radar,36,132,76,13,257,0,0,1,4,5,36,132,77,17,262,4,0,4,266
02/14/2008,TYS,TN,ASO,ES,Combined TRACON& Tower with Radar,29,138,102,12,281,0,2,47,13,62,29,140,149,25,343,56,38,94,437
02/15/2008,TYS,TN,ASO,ES,Combined TRACON& Tower with Radar,35,141,89,22,287,0,3,52,12,67,35,144,141,34,354,48,2,50,404
02/16/2008,TYS,TN,ASO,ES,Combined TRACON& Tower with Radar,18,90,46,4,158,0,2,49,6,57,18,92,95,10,215,28,18,46,261
02/17/2008,TYS,TN,ASO,ES,Combined TRACON& Tower with Radar,27,101,43,2,173,0,0,0,2,2,27,101,43,4,175,5,8,13,188
02/18/2008,TYS,TN,ASO,ES,Combined TRACON& Tower with Radar,15,118,79,4,216,0,2,8,1,11,15,120,87,5,227,14,0,14,241
02/19/2008,TYS,TN,ASO,ES,Combined TRACON& Tower with Radar,32,141,96,43,312,0,2,28,0,30,32,143,124,43,342,9,10,19,361
02/20/2008,TYS,TN,ASO,ES,Combined TRACON& Tower with Radar,28,138,77,39,282,0,1,36,10,47,28,139,113,49,329,62,21,83,412
02/21/2008,TYS,TN,ASO,ES,Combined TRACON& Tower with Radar,22,127,96,31,276,0,0,31,21,52,22,127,127,52,328,34,68,102,430
02/22/2008,TYS,TN,ASO,ES,Combined TRACON& Tower with Radar,32,145,70,28,275,0,0,2,0,2,32,145,72,28,277,0,2,2,279
02/23/2008,TYS,TN,ASO,ES,Combined TRACON& Tower with Radar,20,88,54,5,167,0,0,22,0,22,20,88,76,5,189,47,20,67,256
02/24/2008,TYS,TN,ASO,ES,Combined TRACON& Tower with Radar,20,110,57,4,191,0,2,10,0,12,20,112,67,4,203,18,0,18,221
02/25/2008,TYS,TN,ASO,ES,Combined TRACON& Tower with Radar,20,136,89,12,257,0,2,53,13,68,20,138,142,25,325,74,0,74,399
02/26/2008,TYS,TN,ASO,ES,Combined TRACON& Tower with Radar,32,138,60,25,255,0,0,5,8,13,32,138,65,33,268,14,14,28,296
02/27/2008,TYS,TN,ASO,ES,Combined TRACON& Tower with Radar,26,140,77,43,286,0,1,12,10,23,26,141,89,53,309,132,74,206,515
02/28/2008,TYS,TN,ASO,ES,Combined TRACON& Tower with Radar,28,148,85,36,297,0,0,45,9,54,28,148,130,45,351,31,26,57,408
02/29/2008,TYS,TN,ASO,ES,Combined TRACON& Tower with Radar,30,137,82,49,298,0,0,18,14,32,30,137,100,63,330,4,44,48,378
03/01/2008,TYS,TN,ASO,ES,Combined TRACON& Tower with Radar,21,90,44,2,157,0,1,45,12,58,21,91,89,14,215,26,2,28,243
03/02/2008,TYS,TN,ASO,ES,Combined TRACON& Tower with Radar,16,114,75,10,215,0,1,59,14,74,16,115,134,24,289,31,0,31,320
03/03/2008,TYS,TN,ASO,ES,Combined TRACON& Tower with Radar,26,139,77,36,278,0,1,18,6,25,26,140,95,42,303,26,12,38,341
03/04/2008,TYS,TN,ASO,ES,Combined TRACON& Tower with Radar,34,139,49,0,222,0,0,0,2,2,34,139,49,2,224,2,0,2,226
03/05/2008,TYS,TN,ASO,ES,Combined TRACON& Tower with Radar,33,149,107,20,309,0,0,18,9,27,33,149,125,29,336,47,0,47,383
03/06/2008,TYS,TN,ASO,ES,Combined TRACON& Tower with Radar,25,158,93,53,329,0,3,80,7,90,25,161,173,60,419,34,48,82,501
03/07/2008,TYS,TN,ASO,ES,Combined TRACON& Tower with Radar,28,134,47,9,218,0,0,1,1,2,28,134,48,10,220,0,16,16,236
03/08/2008,TYS,TN,ASO,ES,Combined TRACON& Tower with Radar,24,98,21,1,144,0,0,3,0,3,24,98,24,1,147,5,0,5,152
03/09/2008,TYS,TN,ASO,ES,Combined TRACON& Tower with Radar,20,115,97,4,236,0,2,55,0,57,20,117,152,4,293,47,2,49,342
03/10/2008,TYS,TN,ASO,ES,Combined TRACON& Tower with Radar,23,143,81,10,257,0,3,36,3,42,23,146,117,13,299,24,18,42,341
03/11/2008,TYS,TN,ASO,ES,Combined TRACON& Tower with Radar,28,147,83,56,314,0,1,33,18,52,28,148,116,74,366,19,36,55,421
03/12/2008,TYS,TN,ASO,ES,Combined TRACON& Tower with Radar,31,143,94,25,293,0,2,65,16,83,31,145,159,41,376,72,30,102,478
03/13/2008,TYS,TN,ASO,ES,Combined TRACON& Tower with Radar,27,155,106,37,325,0,3,52,13,68,27,158,158,50,393,27,16,43,436
03/14/2008,TYS,TN,ASO,ES,Combined TRACON& Tower with Radar,27,151,96,35,309,0,1,9,15,25,27,152,105,50,334,11,36,47,381
03/15/2008,TYS,TN,ASO,ES,Combined TRACON& Tower with Radar,26,101,28,3,158,0,0,7,7,14,26,101,35,10,172,3,28,31,203
03/16/2008,TYS,TN,ASO,ES,Combined TRACON& Tower with Radar,25,115,71,8,219,0,0,35,12,47,25,115,106,20,266,48,6,54,320
03/17/2008,TYS,TN,ASO,ES,Combined TRACON& Tower with Radar,22,149,63,63,297,0,0,34,5,39,22,149,97,68,336,49,26,75,411
03/18/2008,TYS,TN,ASO,ES,Combined TRACON& Tower with Radar,33,136,80,58,307,0,0,13,15,28,33,136,93,73,335,18,36,54,389
03/19/2008,TYS,TN,ASO,ES,Combined TRACON& Tower with Radar,39,147,45,0,231,0,0,0,0,0,39,147,45,0,231,11,0,11,242
03/20/2008,TYS,TN,ASO,ES,Combined TRACON& Tower with Radar,35,139,113,30,317,0,2,47,11,60,35,141,160,41,377,70,16,86,463
03/21/2008,TYS,TN,ASO,ES,Combined TRACON& Tower with Radar,30,137,83,15,265,0,11,91,7,109,30,148,174,22,374,39,6,45,419
03/22/2008,TYS,TN,ASO,ES,Combined TRACON& Tower with Radar,17,93,43,2,155,0,0,78,2,80,17,93,121,4,235,31,0,31,266
03/23/2008,TYS,TN,ASO,ES,Combined TRACON& Tower with Radar,16,121,69,1,207,0,0,15,0,15,16,121,84,1,222,14,0,14,236
03/24/2008,TYS,TN,ASO,ES,Combined TRACON& Tower with Radar,24,140,106,10,280,0,1,11,3,15,24,141,117,13,295,11,0,11,306
03/25/2008,TYS,TN,ASO,ES,Combined TRACON& Tower with Radar,30,153,78,48,309,0,4,30,13,47,30,157,108,61,356,15,20,35,391
03/26/2008,TYS,TN,ASO,ES,Combined TRACON& Tower with Radar,33,146,98,51,328,0,1,32,12,45,33,147,130,63,373,21,56,77,450
03/27/2008,TYS,TN,ASO,ES,Combined TRACON& Tower with Radar,26,150,94,40,310,0,2,46,16,64,26,152,140,56,374,25,24,49,423
03/28/2008,TYS,TN,ASO,ES,Combined TRACON& Tower with Radar,31,143,117,11,302,0,0,17,8,25,31,143,134,19,327,37,4,41,368
03/29/2008,TYS,TN,ASO,ES,Combined TRACON& Tower with Radar,21,84,34,2,141,0,0,1,0,1,21,84,35,2,142,5,0,5,147
03/30/2008,TYS,TN,ASO,ES,Combined TRACON& Tower with Radar,24,108,73,8,213,0,0,8,5,13,24,108,81,13,226,9,4,13,239
03/31/2008,TYS,TN,ASO,ES,Combined TRACON& Tower with Radar,17,152,75,49,293,0,0,18,0,18,17,152,93,49,311,28,34,62,373
04/01/2008,TYS,TN,ASO,ES,Combined TRACON& Tower with Radar,32,144,61,16,253,0,0,9,1,10,32,144,70,17,263,26,2,28,291
04/02/2008,TYS,TN,ASO,ES,Combined TRACON& Tower with Radar,34,138,139,19,330,0,0,56,6,62,34,138,195,25,392,37,59,96,488
04/03/2008,TYS,TN,ASO,ES,Combined TRACON& Tower with Radar,32,148,96,4,280,0,0,4,4,8,32,148,100,8,288,6,16,22,310
04/04/2008,TYS,TN,ASO,ES,Combined TRACON& Tower with Radar,31,137,61,2,231,0,0,1,2,3,31,137,62,4,234,2,6,8,242
04/05/2008,TYS,TN,ASO,ES,Combined TRACON& Tower with Radar,22,88,92,27,229,0,0,3,0,3,22,88,95,27,232,4,0,4,236
04/06/2008,TYS,TN,ASO,ES,Combined TRACON& Tower with Radar,21,118,89,25,253,0,5,45,2,52,21,123,134,27,305,73,14,87,392
04/07/2008,TYS,TN,ASO,ES,Combined TRACON& Tower with Radar,23,139,97,3,262,0,0,52,11,63,23,139,149,14,325,22,46,68,393
04/08/2008,TYS,TN,ASO,ES,Combined TRACON& Tower with Radar,27,141,110,56,334,0,1,31,14,46,27,142,141,70,380,43,56,99,479
04/09/2008,TYS,TN,ASO,ES,Combined TRACON& Tower with Radar,32,148,125,34,339,0,5,35,10,50,32,153,160,44,389,2,26,28,417
04/10/2008,TYS,TN,ASO,ES,Combined TRACON& Tower with Radar,28,144,83,102,357,0,0,35,9,44,28,144,118,111,401,22,46,68,469
04/11/2008,TYS,TN,ASO,ES,Combined TRACON& Tower with Radar,36,138,86,26,286,0,0,10,3,13,36,138,96,29,299,15,8,23,322
04/12/2008,TYS,TN,ASO,ES,Combined TRACON& Tower with Radar,26,85,44,7,162,0,0,14,3,17,26,85,58,10,179,18,8,26,205
04/13/2008,TYS,TN,ASO,ES,Combined TRACON& Tower with Radar,23,106,78,15,222,0,0,14,2,16,23,106,92,17,238,50,2,52,290
04/14/2008,TYS,TN,ASO,ES,Combined TRACON& Tower with Radar,22,134,91,37,284,0,0,5,4,9,22,134,96,41,293,28,32,60,353
04/15/2008,TYS,TN,ASO,ES,Combined TRACON& Tower with Radar,31,151,100,38,320,0,3,42,5,50,31,154,142,43,370,6,36,42,412
04/16/2008,TYS,TN,ASO,ES,Combined TRACON& Tower with Radar,26,148,75,44,293,0,2,61,12,75,26,150,136,56,368,42,31,73,441
04/17/2008,TYS,TN,ASO,ES,Combined TRACON& Tower with Radar,33,140,68,36,277,0,3,44,2,49,33,143,112,38,326,1,4,5,331
04/18/2008,TYS,TN,ASO,ES,Combined TRACON& Tower with Radar,35,148,95,38,316,0,1,55,4,60,35,149,150,42,376,22,60,82,458
04/19/2008,TYS,TN,ASO,ES,Combined TRACON& Tower with Radar,22,80,47,13,162,0,0,4,0,4,22,80,51,13,166,18,6,24,190
04/20/2008,TYS,TN,ASO,ES,Combined TRACON& Tower with Radar,26,112,66,12,216,0,2,29,1,32,26,114,95,13,248,40,2,42,290
04/21/2008,TYS,TN,ASO,ES,Combined TRACON& Tower with Radar,25,136,85,18,264,0,0,41,4,45,25,136,126,22,309,21,14,35,344
04/22/2008,TYS,TN,ASO,ES,Combined TRACON& Tower with Radar,32,138,144,60,374,0,3,0,1,4,32,141,144,61,378,42,98,140,518
04/23/2008,TYS,TN,ASO,ES,Combined TRACON& Tower with Radar,30,141,88,25,284,0,1,57,13,71,30,142,145,38,355,22,50,72,427
04/24/2008,TYS,TN,ASO,ES,Combined TRACON& Tower with Radar,27,143,100,43,313,0,0,71,26,97,27,143,171,69,410,58,32,90,500
04/25/2008,TYS,TN,ASO,ES,Combined TRACON& Tower with Radar,27,145,59,32,263,0,0,35,8,43,27,145,94,40,306,48,22,70,376
04/26/2008,TYS,TN,ASO,ES,Combined TRACON& Tower with Radar,24,85,34,1,144,0,0,31,0,31,24,85,65,1,175,28,0,28,203
04/27/2008,TYS,TN,ASO,ES,Combined TRACON& Tower with Radar,26,109,61,26,222,0,1,5,3,9,26,110,66,29,231,9,0,9,240
04/28/2008,TYS,TN,ASO,ES,Combined TRACON& Tower with Radar,23,136,58,49,266,0,1,13,0,14,23,137,71,49,280,13,34,47,327
04/29/2008,TYS,TN,ASO,ES,Combined TRACON& Tower with Radar,32,135,85,33,285,0,1,39,5,45,32,136,124,38,330,9,30,39,369
04/30/2008,TYS,TN,ASO,ES,Combined TRACON& Tower with Radar,27,151,86,28,292,0,0,69,15,84,27,151,155,43,376,48,0,48,424
05/01/2008,TYS,TN,ASO,ES,Combined TRACON& Tower with Radar,33,153,90,86,362,0,0,38,3,41,33,153,128,89,403,18,54,72,475
05/02/2008,TYS,TN,ASO,ES,Combined TRACON& Tower with Radar,34,131,65,11,241,0,1,32,10,43,34,132,97,21,284,26,4,30,314
05/03/2008,TYS,TN,ASO,ES,Combined TRACON& Tower with Radar,34,131,65,11,241,0,1,32,10,43,34,132,97,21,284,26,4,30,314
05/04/2008,TYS,TN,ASO,ES,Combined TRACON& Tower with Radar,25,104,68,1,198,0,0,58,1,59,25,104,126,2,257,29,0,29,286
05/05/2008,TYS,TN,ASO,ES,Combined TRACON& Tower with Radar,19,143,83,3,248,0,1,46,6,53,19,144,129,9,301,37,0,37,338
05/06/2008,TYS,TN,ASO,ES,Combined TRACON& Tower with Radar,33,143,87,36,299,0,0,55,12,67,33,143,142,48,366,9,48,57,423
05/07/2008,TYS,TN,ASO,ES,Combined TRACON& Tower with Radar,29,146,85,41,301,0,1,33,16,50,29,147,118,57,351,24,14,38,389
05/08/2008,TYS,TN,ASO,ES,Combined TRACON& Tower with Radar,33,145,68,46,292,0,0,2,12,14,33,145,70,58,306,0,26,26,332
05/09/2008,TYS,TN,ASO,ES,Combined TRACON& Tower with Radar,40,139,87,21,287,0,1,21,0,22,40,140,108,21,309,40,0,40,349
05/10/2008,TYS,TN,ASO,ES,Combined TRACON& Tower with Radar,28,86,24,0,138,0,0,26,1,27,28,86,50,1,165,14,0,14,179
05/11/2008,TYS,TN,ASO,ES,Combined TRACON& Tower with Radar,27,106,36,5,174,0,0,3,0,3,27,106,39,5,177,4,0,4,181
05/12/2008,TYS,TN,ASO,ES,Combined TRACON& Tower with Radar,25,144,74,36,279,0,1,41,4,46,25,145,115,40,325,31,42,73,398
05/13/2008,TYS,TN,ASO,ES,Combined TRACON& Tower with Radar,31,132,109,24,296,0,0,49,14,63,31,132,158,38,359,33,16,49,408
05/14/2008,TYS,TN,ASO,ES,Combined TRACON& Tower with Radar,29,153,71,25,278,0,2,7,7,16,29,155,78,32,294,22,32,54,348
05/15/2008,TYS,TN,ASO,ES,Combined TRACON& Tower with Radar,38,138,85,43,304,0,0,8,10,18,38,138,93,53,322,3,12,15,337
05/16/2008,TYS,TN,ASO,ES,Combined TRACON& Tower with Radar,33,139,92,17,281,0,0,17,22,39,33,139,109,39,320,39,8,47,367
05/17/2008,TYS,TN,ASO,ES,Combined TRACON& Tower with Radar,31,99,42,6,178,0,3,48,25,76,31,102,90,31,254,36,30,66,320
05/18/2008,TYS,TN,ASO,ES,Combined TRACON& Tower with Radar,25,100,48,8,181,0,0,9,7,16,25,100,57,15,197,15,2,17,214
05/19/2008,TYS,TN,ASO,ES,Combined TRACON& Tower with Radar,25,140,59,21,245,0,1,52,9,62,25,141,111,30,307,58,4,62,369
05/20/2008,TYS,TN,ASO,ES,Combined TRACON& Tower with Radar,32,133,108,33,306,0,0,22,6,28,32,133,130,39,334,30,16,46,380
05/21/2008,TYS,TN,ASO,ES,Combined TRACON& Tower with Radar,33,149,112,25,319,0,0,61,7,68,33,149,173,32,387,81,28,109,496
05/22/2008,TYS,TN,ASO,ES,Combined TRACON& Tower with Radar,35,148,93,42,318,0,1,39,14,54,35,149,132,56,372,31,22,53,425
05/23/2008,TYS,TN,ASO,ES,Combined TRACON& Tower with Radar,36,148,101,15,300,0,0,36,2,38,36,148,137,17,338,45,6,51,389
05/24/2008,TYS,TN,ASO,ES,Combined TRACON& Tower with Radar,34,83,54,0,171,0,0,49,0,49,34,83,103,0,220,72,0,72,292
05/25/2008,TYS,TN,ASO,ES,Combined TRACON& Tower with Radar,26,89,21,1,137,0,0,52,0,52,26,89,73,1,189,16,0,16,205
05/26/2008,TYS,TN,ASO,ES,Combined TRACON& Tower with Radar,16,118,45,13,192,0,1,43,6,50,16,119,88,19,242,41,6,47,289
05/27/2008,TYS,TN,ASO,ES,Combined TRACON& Tower with Radar,28,127,71,21,247,0,2,13,3,18,28,129,84,24,265,30,12,42,307
05/28/2008,TYS,TN,ASO,ES,Combined TRACON& Tower with Radar,31,147,91,25,294,0,0,2,0,2,31,147,93,25,296,2,4,6,302
05/29/2008,TYS,TN,ASO,ES,Combined TRACON& Tower with Radar,36,148,91,72,347,0,0,29,7,36,36,148,120,79,383,38,79,117,500
05/30/2008,TYS,TN,ASO,ES,Combined TRACON& Tower with Radar,27,143,123,43,336,0,0,18,3,21,27,143,141,46,357,7,14,21,378
05/31/2008,TYS,TN,ASO,ES,Combined TRACON& Tower with Radar,25,89,43,1,158,0,1,31,0,32,25,90,74,1,190,2,0,2,192
06/01/2008,TYS,TN,ASO,ES,Combined TRACON& Tower with Radar,28,108,48,4,188,0,0,7,0,7,28,108,55,4,195,5,0,5,200
06/02/2008,TYS,TN,ASO,ES,Combined TRACON& Tower with Radar,19,144,67,9,239,0,2,24,10,36,19,146,91,19,275,33,2,35,310
06/03/2008,TYS,TN,ASO,ES,Combined TRACON& Tower with Radar,33,141,78,20,272,0,0,27,0,27,33,141,105,20,299,55,22,77,376
06/04/2008,TYS,TN,ASO,ES,Combined TRACON& Tower with Radar,29,134,76,33,272,0,1,28,10,39,29,135,104,43,311,15,48,63,374
06/05/2008,TYS,TN,ASO,ES,Combined TRACON& Tower with Radar,32,140,116,42,330,0,1,78,9,88,32,141,194,51,418,36,22,58,476
06/06/2008,TYS,TN,ASO,ES,Combined TRACON& Tower with Radar,35,135,77,39,286,0,1,46,3,50,35,136,123,42,336,61,26,87,423
06/07/2008,TYS,TN,ASO,ES,Combined TRACON& Tower with Radar,33,91,66,3,193,0,1,30,2,33,33,92,96,5,226,6,0,6,232
06/08/2008,TYS,TN,ASO,ES,Combined TRACON& Tower with Radar,28,110,55,17,210,0,1,16,5,22,28,111,71,22,232,12,0,12,244
06/09/2008,TYS,TN,ASO,ES,Combined TRACON& Tower with Radar,22,132,81,38,273,0,0,24,4,28,22,132,105,42,301,29,12,41,342
06/10/2008,TYS,TN,ASO,ES,Combined TRACON& Tower with Radar,35,139,85,37,296,0,1,36,3,40,35,140,121,40,336,41,16,57,393
06/11/2008,TYS,TN,ASO,ES,Combined TRACON& Tower with Radar,28,140,69,27,264,0,3,40,5,48,28,143,109,32,312,30,26,56,368
06/12/2008,TYS,TN,ASO,ES,Combined TRACON& Tower with Radar,27,145,122,60,354,0,3,35,10,48,27,148,157,70,402,13,46,59,461
06/13/2008,TYS,TN,ASO,ES,Combined TRACON& Tower with Radar,33,136,73,27,269,0,3,38,11,52,33,139,111,38,321,19,12,31,352
06/14/2008,TYS,TN,ASO,ES,Combined TRACON& Tower with Radar,28,90,51,1,170,0,0,11,1,12,28,90,62,2,182,12,0,12,194
06/15/2008,TYS,TN,ASO,ES,Combined TRACON& Tower with Radar,21,119,67,2,209,0,2,28,5,35,21,121,95,7,244,52,0,52,296
06/16/2008,TYS,TN,ASO,ES,Combined TRACON& Tower with Radar,26,128,83,12,249,0,3,35,4,42,26,131,118,16,291,37,36,73,364
06/17/2008,TYS,TN,ASO,ES,Combined TRACON& Tower with Radar,30,142,85,48,305,0,2,56,15,73,30,144,141,63,378,26,26,52,430
06/18/2008,TYS,TN,ASO,ES,Combined TRACON& Tower with Radar,33,151,144,47,375,0,0,53,10,63,33,151,197,57,438,48,0,48,486
06/19/2008,TYS,TN,ASO,ES,Combined TRACON& Tower with Radar,34,154,98,37,323,0,3,71,13,87,34,157,169,50,410,13,12,25,435
06/20/2008,TYS,TN,ASO,ES,Combined TRACON& Tower with Radar,27,147,106,4,284,0,3,46,15,64,27,150,152,19,348,6,8,14,362
06/21/2008,TYS,TN,ASO,ES,Combined TRACON& Tower with Radar,23,97,48,20,188,0,4,30,22,56,23,101,78,42,244,18,50,68,312
06/22/2008,TYS,TN,ASO,ES,Combined TRACON& Tower with Radar,25,125,86,33,269,0,8,26,11,45,25,133,112,44,314,22,4,26,340
06/23/2008,TYS,TN,ASO,ES,Combined TRACON& Tower with Radar,22,151,57,21,251,0,3,41,4,48,22,154,98,25,299,92,28,120,419
06/24/2008,TYS,TN,ASO,ES,Combined TRACON& Tower with Radar,31,151,80,39,301,0,2,40,10,52,31,153,120,49,353,43,26,69,422
06/25/2008,TYS,TN,ASO,ES,Combined TRACON& Tower with Radar,29,141,96,28,294,0,1,38,11,50,29,142,134,39,344,11,20,31,375
06/26/2008,TYS,TN,ASO,ES,Combined TRACON& Tower with Radar,36,139,90,45,310,0,0,34,13,47,36,139,124,58,357,21,18,39,396
06/27/2008,TYS,TN,ASO,ES,Combined TRACON& Tower with Radar,26,142,76,30,274,0,0,35,5,40,26,142,111,35,314,20,24,44,358
06/28/2008,TYS,TN,ASO,ES,Combined TRACON& Tower with Radar,26,100,41,7,174,0,3,23,18,44,26,103,64,25,218,39,0,39,257
06/29/2008,TYS,TN,ASO,ES,Combined TRACON& Tower with Radar,23,136,45,15,219,0,1,5,2,8,23,137,50,17,227,1,0,1,228
06/30/2008,TYS,TN,ASO,ES,Combined TRACON& Tower with Radar,19,129,65,30,243,0,1,11,5,17,19,130,76,35,260,7,34,41,301
07/01/2008,TYS,TN,ASO,ES,Combined TRACON& Tower with Radar,35,137,68,15,255,0,2,58,8,68,35,139,126,23,323,26,14,40,363
07/02/2008,TYS,TN,ASO,ES,Combined TRACON& Tower with Radar,32,135,85,24,276,0,2,35,16,53,32,137,120,40,329,24,6,30,359
07/03/2008,TYS,TN,ASO,ES,Combined TRACON& Tower with Radar,33,144,85,32,294,0,2,51,13,66,33,146,136,45,360,66,52,118,478
07/04/2008,TYS,TN,ASO,ES,Combined TRACON& Tower with Radar,16,87,19,0,122,0,0,15,5,20,16,87,34,5,142,0,0,0,142
07/05/2008,TYS,TN,ASO,ES,Combined TRACON& Tower with Radar,24,88,21,1,134,0,0,6,2,8,24,88,27,3,142,0,0,0,142
07/06/2008,TYS,TN,ASO,ES,Combined TRACON& Tower with Radar,40,115,52,6,213,0,0,27,0,27,40,115,79,6,240,5,0,5,245
07/07/2008,TYS,TN,ASO,ES,Combined TRACON& Tower with Radar,22,135,75,32,264,0,0,28,6,34,22,135,103,38,298,54,6,60,358
07/08/2008,TYS,TN,ASO,ES,Combined TRACON& Tower with Radar,29,139,84,38,290,0,1,23,9,33,29,140,107,47,323,56,4,60,383
07/09/2008,TYS,TN,ASO,ES,Combined TRACON& Tower with Radar,29,147,79,18,273,0,2,17,1,20,29,149,96,19,293,14,4,18,311
07/10/2008,TYS,TN,ASO,ES,Combined TRACON& Tower with Radar,40,142,78,58,318,0,1,3,7,11,40,143,81,65,329,4,22,26,355
07/11/2008,TYS,TN,ASO,ES,Combined TRACON& Tower with Radar,31,146,77,14,268,0,2,46,10,58,31,148,123,24,326,4,28,32,358
07/12/2008,TYS,TN,ASO,ES,Combined TRACON& Tower with Radar,31,88,37,9,165,0,4,36,16,56,31,92,73,25,221,8,8,16,237
07/13/2008,TYS,TN,ASO,ES,Combined TRACON& Tower with Radar,25,119,43,2,189,0,1,6,1,8,25,120,49,3,197,0,0,0,197
07/14/2008,TYS,TN,ASO,ES,Combined TRACON& Tower with Radar,23,137,65,19,244,0,2,39,5,46,23,139,104,24,290,14,18,32,322
07/15/2008,TYS,TN,ASO,ES,Combined TRACON& Tower with Radar,28,135,63,54,280,0,1,57,10,68,28,136,120,64,348,36,22,58,406
07/16/2008,TYS,TN,ASO,ES,Combined TRACON& Tower with Radar,33,144,80,57,314,0,6,46,5,57,33,150,126,62,371,50,62,112,483
07/17/2008,TYS,TN,ASO,ES,Combined TRACON& Tower with Radar,31,140,94,45,310,0,4,42,10,56,31,144,136,55,366,24,44,68,434
07/18/2008,TYS,TN,ASO,ES,Combined TRACON& Tower with Radar,32,129,65,22,248,0,3,43,11,57,32,132,108,33,305,16,16,32,337
07/19/2008,TYS,TN,ASO,ES,Combined TRACON& Tower with Radar,23,95,40,5,163,0,0,51,2,53,23,95,91,7,216,22,2,24,240
07/20/2008,TYS,TN,ASO,ES,Combined TRACON& Tower with Radar,25,113,47,8,193,0,0,20,2,22,25,113,67,10,215,10,4,14,229
07/21/2008,TYS,TN,ASO,ES,Combined TRACON& Tower with Radar,25,139,58,22,244,0,2,35,2,39,25,141,93,24,283,76,10,86,369
07/22/2008,TYS,TN,ASO,ES,Combined TRACON& Tower with Radar,32,133,73,29,267,0,0,29,9,38,32,133,102,38,305,26,12,38,343
07/23/2008,TYS,TN,ASO,ES,Combined TRACON& Tower with Radar,28,136,69,27,260,0,0,22,8,30,28,136,91,35,290,10,14,24,314
07/24/2008,TYS,TN,ASO,ES,Combined TRACON& Tower with Radar,31,145,101,33,310,0,2,44,9,55,31,147,145,42,365,28,18,46,411
07/25/2008,TYS,TN,ASO,ES,Combined TRACON& Tower with Radar,32,145,59,11,247,0,0,20,11,31,32,145,79,22,278,56,0,56,334
07/26/2008,TYS,TN,ASO,ES,Combined TRACON& Tower with Radar,24,96,47,1,168,0,0,5,8,13,24,96,52,9,181,14,0,14,195
07/27/2008,TYS,TN,ASO,ES,Combined TRACON& Tower with Radar,31,117,51,18,217,0,3,22,4,29,31,120,73,22,246,26,0,26,272
07/28/2008,TYS,TN,ASO,ES,Combined TRACON& Tower with Radar,22,137,71,12,242,0,0,27,3,30,22,137,98,15,272,32,12,44,316
07/29/2008,TYS,TN,ASO,ES,Combined TRACON& Tower with Radar,37,147,108,46,338,0,2,41,8,51,37,149,149,54,389,26,22,48,437
07/30/2008,TYS,TN,ASO,ES,Combined TRACON& Tower with Radar,32,146,91,34,303,0,1,20,10,31,32,147,111,44,334,0,28,28,362
07/31/2008,TYS,TN,ASO,ES,Combined TRACON& Tower with Radar,27,143,86,34,290,0,1,13,21,35,27,144,99,55,325,10,20,30,355
08/01/2008,TYS,TN,ASO,ES,Combined TRACON& Tower with Radar,31,133,90,41,295,0,2,33,16,51,31,135,123,57,346,38,42,80,426
08/02/2008,TYS,TN,ASO,ES,Combined TRACON& Tower with Radar,24,94,37,27,182,0,0,22,3,25,24,94,59,30,207,6,40,46,253
08/03/2008,TYS,TN,ASO,ES,Combined TRACON& Tower with Radar,26,111,59,22,218,0,0,31,0,31,26,111,90,22,249,0,12,12,261
08/04/2008,TYS,TN,ASO,ES,Combined TRACON& Tower with Radar,21,129,72,32,254,0,2,58,1,61,21,131,130,33,315,18,42,60,375
08/05/2008,TYS,TN,ASO,ES,Combined TRACON& Tower with Radar,33,129,67,56,285,0,2,35,22,59,33,131,102,78,344,16,52,68,412
08/06/2008,TYS,TN,ASO,ES,Combined TRACON& Tower with Radar,28,146,99,52,325,0,2,30,14,46,28,148,129,66,371,20,28,48,419
08/07/2008,TYS,TN,ASO,ES,Combined TRACON& Tower with Radar,43,139,90,43,315,0,1,28,14,43,43,140,118,57,358,2,10,12,370
08/08/2008,TYS,TN,ASO,ES,Combined TRACON& Tower with Radar,37,146,79,28,290,0,5,71,4,80,37,151,150,32,370,26,20,46,416
08/09/2008,TYS,TN,ASO,ES,Combined TRACON& Tower with Radar,21,98,37,9,165,0,0,35,0,35,21,98,72,9,200,6,0,6,206
08/10/2008,TYS,TN,ASO,ES,Combined TRACON& Tower with Radar,27,111,47,3,188,0,0,49,1,50,27,111,96,4,238,0,2,2,240
08/11/2008,TYS,TN,ASO,ES,Combined TRACON& Tower with Radar,19,134,81,33,267,0,5,51,5,61,19,139,132,38,328,86,12,98,426
08/12/2008,TYS,TN,ASO,ES,Combined TRACON& Tower with Radar,26,140,83,37,286,0,0,46,13,59,26,140,129,50,345,36,22,58,403
08/13/2008,TYS,TN,ASO,ES,Combined TRACON& Tower with Radar,26,144,73,51,294,0,3,56,14,73,26,147,129,65,367,30,22,52,419
08/14/2008,TYS,TN,ASO,ES,Combined TRACON& Tower with Radar,30,142,108,38,318,0,1,45,8,54,30,143,153,46,372,56,20,76,448
08/15/2008,TYS,TN,ASO,ES,Combined TRACON& Tower with Radar,30,130,87,88,335,0,2,51,6,59,30,132,138,94,394,24,50,74,468
08/16/2008,TYS,TN,ASO,ES,Combined TRACON& Tower with Radar,20,99,37,8,164,0,0,30,3,33,20,99,67,11,197,22,0,22,219
08/17/2008,TYS,TN,ASO,ES,Combined TRACON& Tower with Radar,21,117,48,32,218,0,1,17,6,24,21,118,65,38,242,0,6,6,248
08/18/2008,TYS,TN,ASO,ES,Combined TRACON& Tower with Radar,24,128,75,44,271,0,1,35,0,36,24,129,110,44,307,12,14,26,333
08/19/2008,TYS,TN,ASO,ES,Combined TRACON& Tower with Radar,32,144,108,44,328,0,0,45,13,58,32,144,153,57,386,46,28,74,460
08/20/2008,TYS,TN,ASO,ES,Combined TRACON& Tower with Radar,29,130,103,39,301,0,2,44,12,58,29,132,147,51,359,46,66,112,471
08/21/2008,TYS,TN,ASO,ES,Combined TRACON& Tower with Radar,32,142,79,51,304,0,0,44,24,68,32,142,123,75,372,44,70,114,486
08/22/2008,TYS,TN,ASO,ES,Combined TRACON& Tower with Radar,31,140,58,11,240,0,1,46,18,65,31,141,104,29,305,82,6,88,393
08/23/2008,TYS,TN,ASO,ES,Combined TRACON& Tower with Radar,23,92,29,4,148,0,0,50,10,60,23,92,79,14,208,44,0,44,252
08/24/2008,TYS,TN,ASO,ES,Combined TRACON& Tower with Radar,25,103,58,17,203,0,0,21,8,29,25,103,79,25,232,0,4,4,236
08/25/2008,TYS,TN,ASO,ES,Combined TRACON& Tower with Radar,29,150,71,6,256,0,0,18,5,23,29,150,89,11,279,18,0,18,297
08/26/2008,TYS,TN,ASO,ES,Combined TRACON& Tower with Radar,25,132,60,38,255,0,0,0,3,3,25,132,60,41,258,0,12,12,270
08/27/2008,TYS,TN,ASO,ES,Combined TRACON& Tower with Radar,29,135,90,27,281,0,0,9,8,17,29,135,99,35,298,0,0,0,298
08/28/2008,TYS,TN,ASO,ES,Combined TRACON& Tower with Radar,32,136,100,37,305,0,1,24,19,44,32,137,124,56,349,16,10,26,375
08/29/2008,TYS,TN,ASO,ES,Combined TRACON& Tower with Radar,35,143,98,16,292,0,2,40,6,48,35,145,138,22,340,32,2,34,374
08/30/2008,TYS,TN,ASO,ES,Combined TRACON& Tower with Radar,24,80,29,12,145,0,6,22,0,28,24,86,51,12,173,26,0,26,199
08/31/2008,TYS,TN,ASO,ES,Combined TRACON& Tower with Radar,25,84,41,5,155,0,0,30,1,31,25,84,71,6,186,22,0,22,208
09/01/2008,TYS,TN,ASO,ES,Combined TRACON& Tower with Radar,17,111,55,2,185,0,1,22,7,30,17,112,77,9,215,14,0,14,229
09/02/2008,TYS,TN,ASO,ES,Combined TRACON& Tower with Radar,27,129,69,25,250,0,2,43,1,46,27,131,112,26,296,6,0,6,302
09/03/2008,TYS,TN,ASO,ES,Combined TRACON& Tower with Radar,36,123,108,60,327,0,2,29,6,37,36,125,137,66,364,14,62,76,440
09/04/2008,TYS,TN,ASO,ES,Combined TRACON& Tower with Radar,32,118,71,65,286,0,2,26,18,46,32,120,97,83,332,12,38,50,382
09/05/2008,TYS,TN,ASO,ES,Combined TRACON& Tower with Radar,38,129,65,14,246,0,6,29,12,47,38,135,94,26,293,14,2,16,309
09/06/2008,TYS,TN,ASO,ES,Combined TRACON& Tower with Radar,28,80,44,12,164,0,0,18,2,20,28,80,62,14,184,32,0,32,216
09/07/2008,TYS,TN,ASO,ES,Combined TRACON& Tower with Radar,24,105,64,8,201,0,1,32,2,35,24,106,96,10,236,6,0,6,242
09/08/2008,TYS,TN,ASO,ES,Combined TRACON& Tower with Radar,24,131,59,20,234,0,1,21,4,26,24,132,80,24,260,30,16,46,306
09/09/2008,TYS,TN,ASO,ES,Combined TRACON& Tower with Radar,34,137,78,21,270,0,0,4,15,19,34,137,82,36,289,4,24,28,317
09/10/2008,TYS,TN,ASO,ES,Combined TRACON& Tower with Radar,34,133,99,26,292,0,0,20,14,34,34,133,119,40,326,12,52,64,390
09/11/2008,TYS,TN,ASO,ES,Combined TRACON& Tower with Radar,35,139,68,46,288,0,0,15,22,37,35,139,83,68,325,10,76,86,411
09/12/2008,TYS,TN,ASO,ES,Combined TRACON& Tower with Radar,37,123,83,31,274,0,2,22,0,24,37,125,105,31,298,26,40,66,364
09/13/2008,TYS,TN,ASO,ES,Combined TRACON& Tower with Radar,23,71,47,28,169,0,0,33,3,36,23,71,80,31,205,4,20,24,229
09/14/2008,TYS,TN,ASO,ES,Combined TRACON& Tower with Radar,29,100,53,19,201,0,0,7,1,8,29,100,60,20,209,0,0,0,209
09/15/2008,TYS,TN,ASO,ES,Combined TRACON& Tower with Radar,22,124,74,28,248,0,1,21,1,23,22,125,95,29,271,16,36,52,323
09/16/2008,TYS,TN,ASO,ES,Combined TRACON& Tower with Radar,30,123,101,22,276,0,0,44,2,46,30,123,145,24,322,24,0,24,346
09/17/2008,TYS,TN,ASO,ES,Combined TRACON& Tower with Radar,34,124,92,40,290,0,3,37,1,41,34,127,129,41,331,16,0,16,347
09/18/2008,TYS,TN,ASO,ES,Combined TRACON& Tower with Radar,32,122,78,42,274,0,5,50,2,57,32,127,128,44,331,0,30,30,361
09/19/2008,TYS,TN,ASO,ES,Combined TRACON& Tower with Radar,35,137,120,46,338,0,3,50,12,65,35,140,170,58,403,38,10,48,451
09/20/2008,TYS,TN,ASO,ES,Combined TRACON& Tower with Radar,23,92,104,5,224,0,1,40,6,47,23,93,144,11,271,4,0,4,275
09/21/2008,TYS,TN,ASO,ES,Combined TRACON& Tower with Radar,24,116,116,28,284,0,0,21,3,24,24,116,137,31,308,20,2,22,330
09/22/2008,TYS,TN,ASO,ES,Combined TRACON& Tower with Radar,23,128,58,19,228,0,4,42,0,46,23,132,100,19,274,22,6,28,302
09/23/2008,TYS,TN,ASO,ES,Combined TRACON& Tower with Radar,28,125,79,51,283,0,2,39,1,42,28,127,118,52,325,16,22,38,363
09/24/2008,TYS,TN,ASO,ES,Combined TRACON& Tower with Radar,32,124,102,65,323,0,3,64,1,68,32,127,166,66,391,16,46,62,453
09/25/2008,TYS,TN,ASO,ES,Combined TRACON& Tower with Radar,30,129,85,42,286,0,2,40,1,43,30,131,125,43,329,0,32,32,361
09/26/2008,TYS,TN,ASO,ES,Combined TRACON& Tower with Radar,34,131,76,8,249,0,1,13,0,14,34,132,89,8,263,10,0,10,273
09/27/2008,TYS,TN,ASO,ES,Combined TRACON& Tower with Radar,26,83,74,5,188,0,0,10,0,10,26,83,84,5,198,0,0,0,198
09/28/2008,TYS,TN,ASO,ES,Combined TRACON& Tower with Radar,26,106,74,23,229,0,0,32,0,32,26,106,106,23,261,36,10,46,307
09/29/2008,TYS,TN,ASO,ES,Combined TRACON& Tower with Radar,23,126,79,29,257,0,0,48,3,51,23,126,127,32,308,12,0,12,320
09/30/2008,TYS,TN,ASO,ES,Combined TRACON& Tower with Radar,31,127,64,7,229,0,4,36,3,43,31,131,100,10,272,22,2,24,296
10/01/2008,TYS,TN,ASO,ES,Combined TRACON& Tower with Radar,34,117,92,7,250,0,5,48,15,68,34,122,140,22,318,10,2,12,330
10/02/2008,TYS,TN,ASO,ES,Combined TRACON& Tower with Radar,34,121,83,43,281,0,2,55,17,74,34,123,138,60,355,14,44,58,413
10/03/2008,TYS,TN,ASO,ES,Combined TRACON& Tower with Radar,34,122,88,33,277,0,4,59,28,91,34,126,147,61,368,52,58,110,478
10/04/2008,TYS,TN,ASO,ES,Combined TRACON& Tower with Radar,22,80,46,27,175,0,0,32,25,57,22,80,78,52,232,8,34,42,274
10/05/2008,TYS,TN,ASO,ES,Combined TRACON& Tower with Radar,23,108,58,16,205,0,2,44,16,62,23,110,102,32,267,22,6,28,295
10/06/2008,TYS,TN,ASO,ES,Combined TRACON& Tower with Radar,25,121,49,2,197,0,3,45,8,56,25,124,94,10,253,10,4,14,267
10/07/2008,TYS,TN,ASO,ES,Combined TRACON& Tower with Radar,28,125,90,63,306,0,0,44,7,51,28,125,134,70,357,8,32,40,397
10/08/2008,TYS,TN,ASO,ES,Combined TRACON& Tower with Radar,45,127,68,22,262,0,0,0,0,0,45,127,68,22,262,0,0,0,262
10/09/2008,TYS,TN,ASO,ES,Combined TRACON& Tower with Radar,36,136,79,52,303,0,0,15,6,21,36,136,94,58,324,18,16,34,358
10/10/2008,TYS,TN,ASO,ES,Combined TRACON& Tower with Radar,39,131,95,27,292,0,0,47,6,53,39,131,142,33,345,32,0,32,377
10/11/2008,TYS,TN,ASO,ES,Combined TRACON& Tower with Radar,19,91,54,7,171,0,1,61,3,65,19,92,115,10,236,44,0,44,280
10/12/2008,TYS,TN,ASO,ES,Combined TRACON& Tower with Radar,28,105,80,1,214,0,0,30,0,30,28,105,110,1,244,0,0,0,244
10/13/2008,TYS,TN,ASO,ES,Combined TRACON& Tower with Radar,37,104,70,7,218,0,1,49,1,51,37,105,119,8,269,74,0,74,343
10/14/2008,TYS,TN,ASO,ES,Combined TRACON& Tower with Radar,30,129,79,56,294,0,2,41,5,48,30,131,120,61,342,14,32,46,388
10/15/2008,TYS,TN,ASO,ES,Combined TRACON& Tower with Radar,48,116,69,63,296,0,2,51,22,75,48,118,120,85,371,8,40,48,419
10/16/2008,TYS,TN,ASO,ES,Combined TRACON& Tower with Radar,46,132,104,30,312,0,2,40,30,72,46,134,144,60,384,18,24,42,426
10/17/2008,TYS,TN,ASO,ES,Combined TRACON& Tower with Radar,39,141,124,56,360,0,1,14,7,22,39,142,138,63,382,0,28,28,410
10/18/2008,TYS,TN,ASO,ES,Combined TRACON& Tower with Radar,24,75,65,4,168,0,0,23,12,35,24,75,88,16,203,28,28,56,259
10/19/2008,TYS,TN,ASO,ES,Combined TRACON& Tower with Radar,27,121,63,23,234,0,0,50,10,60,27,121,113,33,294,8,26,34,328
10/20/2008,TYS,TN,ASO,ES,Combined TRACON& Tower with Radar,25,124,61,2,212,0,3,45,16,64,25,127,106,18,276,0,0,0,276
10/21/2008,TYS,TN,ASO,ES,Combined TRACON& Tower with Radar,30,123,89,32,274,0,1,42,21,64,30,124,131,53,338,22,12,34,372
10/22/2008,TYS,TN,ASO,ES,Combined TRACON& Tower with Radar,38,117,71,66,292,0,4,52,13,69,38,121,123,79,361,22,36,58,419
10/23/2008,TYS,TN,ASO,ES,Combined TRACON& Tower with Radar,34,140,85,56,315,0,1,69,16,86,34,141,154,72,401,26,44,70,471
10/24/2008,TYS,TN,ASO,ES,Combined TRACON& Tower with Radar,38,135,70,11,254,0,0,2,9,11,38,135,72,20,265,0,0,0,265
10/25/2008,TYS,TN,ASO,ES,Combined TRACON& Tower with Radar,18,84,62,19,183,0,0,15,0,15,18,84,77,19,198,0,0,0,198
10/26/2008,TYS,TN,ASO,ES,Combined TRACON& Tower with Radar,29,105,83,24,241,0,2,37,0,39,29,107,120,24,280,0,0,0,280
10/27/2008,TYS,TN,ASO,ES,Combined TRACON& Tower with Radar,23,127,69,17,236,0,0,23,0,23,23,127,92,17,259,24,6,30,289
10/28/2008,TYS,TN,ASO,ES,Combined TRACON& Tower with Radar,30,121,88,20,259,0,4,18,24,46,30,125,106,44,305,12,4,16,321
10/29/2008,TYS,TN,ASO,ES,Combined TRACON& Tower with Radar,40,114,98,12,264,0,5,48,15,68,40,119,146,27,332,10,14,24,356
10/30/2008,TYS,TN,ASO,ES,Combined TRACON& Tower with Radar,36,124,85,22,267,0,0,57,17,74,36,124,142,39,341,20,16,36,377
10/31/2008,TYS,TN,ASO,ES,Combined TRACON& Tower with Radar,37,121,67,10,235,0,3,48,3,54,37,124,115,13,289,16,6,22,311
11/01/2008,TYS,TN,ASO,ES,Combined TRACON& Tower with Radar,20,78,38,5,141,0,0,46,1,47,20,78,84,6,188,10,0,10,198
11/02/2008,TYS,TN,ASO,ES,Combined TRACON& Tower with Radar,29,102,57,7,195,0,5,30,0,35,29,107,87,7,230,36,0,36,266
11/03/2008,TYS,TN,ASO,ES,Combined TRACON& Tower with Radar,25,132,74,24,255,0,1,47,3,51,25,133,121,27,306,6,24,30,336
11/04/2008,TYS,TN,ASO,ES,Combined TRACON& Tower with Radar,34,124,58,36,252,0,6,67,14,87,34,130,125,50,339,34,36,70,409
11/05/2008,TYS,TN,ASO,ES,Combined TRACON& Tower with Radar,32,129,71,33,265,0,4,46,6,56,32,133,117,39,321,22,16,38,359
11/06/2008,TYS,TN,ASO,ES,Combined TRACON& Tower with Radar,35,131,97,45,308,0,5,64,21,90,35,136,161,66,398,46,34,80,478
11/07/2008,TYS,TN,ASO,ES,Combined TRACON& Tower with Radar,37,140,102,14,293,0,0,7,5,12,37,140,109,19,305,10,6,16,321
11/08/2008,TYS,TN,ASO,ES,Combined TRACON& Tower with Radar,23,84,38,5,150,0,1,44,18,63,23,85,82,23,213,28,20,48,261
11/09/2008,TYS,TN,ASO,ES,Combined TRACON& Tower with Radar,26,107,72,21,226,0,0,32,9,41,26,107,104,30,267,24,0,24,291
11/10/2008,TYS,TN,ASO,ES,Combined TRACON& Tower with Radar,27,115,60,8,210,0,7,43,2,52,27,122,103,10,262,38,0,38,300
11/11/2008,TYS,TN,ASO,ES,Combined TRACON& Tower with Radar,34,101,77,12,224,0,3,34,7,44,34,104,111,19,268,0,0,0,268
11/12/2008,TYS,TN,ASO,ES,Combined TRACON& Tower with Radar,34,131,70,64,299,0,0,24,19,43,34,131,94,83,342,24,52,76,418
11/13/2008,TYS,TN,ASO,ES,Combined TRACON& Tower with Radar,35,129,71,24,259,0,0,0,0,0,35,129,71,24,259,0,0,0,259
11/14/2008,TYS,TN,ASO,ES,Combined TRACON& Tower with Radar,45,126,85,41,297,0,0,1,0,1,45,126,86,41,298,0,0,0,298
11/15/2008,TYS,TN,ASO,ES,Combined TRACON& Tower with Radar,22,88,16,3,129,0,0,4,16,20,22,88,20,19,149,0,12,12,161
11/16/2008,TYS,TN,ASO,ES,Combined TRACON& Tower with Radar,27,106,44,6,183,0,0,10,13,23,27,106,54,19,206,6,0,6,212
11/17/2008,TYS,TN,ASO,ES,Combined TRACON& Tower with Radar,29,124,57,8,218,0,1,35,21,57,29,125,92,29,275,52,6,58,333
11/18/2008,TYS,TN,ASO,ES,Combined TRACON& Tower with Radar,34,127,105,35,301,0,3,40,29,72,34,130,145,64,373,14,48,62,435
11/19/2008,TYS,TN,ASO,ES,Combined TRACON& Tower with Radar,32,119,73,30,254,0,4,58,25,87,32,123,131,55,341,14,64,78,419
11/20/2008,TYS,TN,ASO,ES,Combined TRACON& Tower with Radar,36,129,80,33,278,0,3,61,25,89,36,132,141,58,367,50,48,98,465
11/21/2008,TYS,TN,ASO,ES,Combined TRACON& Tower with Radar,34,134,64,23,255,0,4,31,15,50,34,138,95,38,305,20,6,26,331
11/22/2008,TYS,TN,ASO,ES,Combined TRACON& Tower with Radar,22,80,39,0,141,0,0,28,0,28,22,80,67,0,169,40,6,46,215
11/23/2008,TYS,TN,ASO,ES,Combined TRACON& Tower with Radar,27,106,53,9,195,0,4,39,3,46,27,110,92,12,241,14,6,20,261
11/24/2008,TYS,TN,ASO,ES,Combined TRACON& Tower with Radar,25,128,41,6,200,0,0,2,4,6,25,128,43,10,206,0,0,0,206
11/25/2008,TYS,TN,ASO,ES,Combined TRACON& Tower with Radar,36,135,79,53,303,0,2,45,30,77,36,137,124,83,380,64,30,94,474
11/26/2008,TYS,TN,ASO,ES,Combined TRACON& Tower with Radar,35,139,100,39,313,0,3,52,8,63,35,142,152,47,376,18,24,42,418
11/27/2008,TYS,TN,ASO,ES,Combined TRACON& Tower with Radar,13,65,18,0,96,0,0,23,0,23,13,65,41,0,119,0,0,0,119
11/28/2008,TYS,TN,ASO,ES,Combined TRACON& Tower with Radar,26,98,59,2,185,0,2,28,0,30,26,100,87,2,215,0,0,0,215
11/29/2008,TYS,TN,ASO,ES,Combined TRACON& Tower with Radar,23,94,62,2,181,0,0,7,0,7,23,94,69,2,188,0,0,0,188
11/30/2008,TYS,TN,ASO,ES,Combined TRACON& Tower with Radar,31,121,58,1,211,0,0,1,0,1,31,121,59,1,212,0,0,0,212
12/01/2008,TYS,TN,ASO,ES,Combined TRACON& Tower with Radar,27,127,48,4,206,0,2,2,0,4,27,129,50,4,210,4,4,8,218
12/02/2008,TYS,TN,ASO,ES,Combined TRACON& Tower with Radar,32,128,58,55,273,0,3,24,13,40,32,131,82,68,313,12,8,20,333
12/03/2008,TYS,TN,ASO,ES,Combined TRACON& Tower with Radar,36,121,69,55,281,0,5,46,22,73,36,126,115,77,354,10,72,82,436
12/04/2008,TYS,TN,ASO,ES,Combined TRACON& Tower with Radar,36,132,71,15,254,0,0,0,0,0,36,132,71,15,254,0,0,0,254
12/05/2008,TYS,TN,ASO,ES,Combined TRACON& Tower with Radar,36,133,88,21,278,0,3,35,24,62,36,136,123,45,340,2,8,10,350
12/06/2008,TYS,TN,ASO,ES,Combined TRACON& Tower with Radar,18,83,38,9,148,0,0,16,0,16,18,83,54,9,164,42,0,42,206
12/07/2008,TYS,TN,ASO,ES,Combined TRACON& Tower with Radar,27,103,60,10,200,0,2,32,2,36,27,105,92,12,236,24,0,24,260
12/08/2008,TYS,TN,ASO,ES,Combined TRACON& Tower with Radar,27,124,45,40,236,0,2,36,3,41,27,126,81,43,277,40,18,58,335
12/09/2008,TYS,TN,ASO,ES,Combined TRACON& Tower with Radar,34,117,58,40,249,0,0,14,10,24,34,117,72,50,273,16,34,50,323
12/10/2008,TYS,TN,ASO,ES,Combined TRACON& Tower with Radar,38,120,53,16,227,0,0,1,4,5,38,120,54,20,232,0,12,12,244
12/11/2008,TYS,TN,ASO,ES,Combined TRACON& Tower with Radar,32,128,51,2,213,0,0,0,2,2,32,128,51,4,215,0,0,0,215
12/12/2008,TYS,TN,ASO,ES,Combined TRACON& Tower with Radar,40,132,80,48,300,0,1,35,30,66,40,133,115,78,366,60,30,90,456
12/13/2008,TYS,TN,ASO,ES,Combined TRACON& Tower with Radar,18,86,53,5,162,0,5,52,19,76,18,91,105,24,238,62,0,62,300
12/14/2008,TYS,TN,ASO,ES,Combined TRACON& Tower with Radar,27,116,49,10,202,0,0,25,16,41,27,116,74,26,243,14,0,14,257
12/15/2008,TYS,TN,ASO,ES,Combined TRACON& Tower with Radar,23,125,70,10,228,0,0,7,7,14,23,125,77,17,242,12,8,20,262
12/16/2008,TYS,TN,ASO,ES,Combined TRACON& Tower with Radar,38,117,75,36,266,0,0,0,0,0,38,117,75,36,266,0,0,0,266
12/17/2008,TYS,TN,ASO,ES,Combined TRACON& Tower with Radar,35,137,67,29,268,0,1,0,0,1,35,138,67,29,269,0,0,0,269
12/18/2008,TYS,TN,ASO,ES,Combined TRACON& Tower with Radar,32,124,81,50,287,0,0,2,0,2,32,124,83,50,289,0,0,0,289
12/19/2008,TYS,TN,ASO,ES,Combined TRACON& Tower with Radar,35,120,71,9,235,0,1,14,4,19,35,121,85,13,254,8,26,34,288
12/20/2008,TYS,TN,ASO,ES,Combined TRACON& Tower with Radar,30,86,39,2,157,0,0,15,0,15,30,86,54,2,172,12,0,12,184
12/21/2008,TYS,TN,ASO,ES,Combined TRACON& Tower with Radar,24,96,24,0,144,0,0,13,0,13,24,96,37,0,157,0,0,0,157
12/22/2008,TYS,TN,ASO,ES,Combined TRACON& Tower with Radar,30,108,45,21,204,0,7,42,3,52,30,115,87,24,256,10,0,10,266
12/23/2008,TYS,TN,ASO,ES,Combined TRACON& Tower with Radar,37,118,35,21,211,0,1,22,1,24,37,119,57,22,235,8,20,28,263
12/24/2008,TYS,TN,ASO,ES,Combined TRACON& Tower with Radar,27,105,23,0,155,0,2,7,0,9,27,107,30,0,164,32,0,32,196
12/25/2008,TYS,TN,ASO,ES,Combined TRACON& Tower with Radar,17,91,22,0,130,0,3,13,0,16,17,94,35,0,146,8,0,8,154
12/26/2008,TYS,TN,ASO,ES,Combined TRACON& Tower with Radar,32,127,52,0,211,0,1,5,0,6,32,128,57,0,217,0,0,0,217
12/27/2008,TYS,TN,ASO,ES,Combined TRACON& Tower with Radar,28,83,37,0,148,0,0,21,0,21,28,83,58,0,169,46,0,46,215
12/28/2008,TYS,TN,ASO,ES,Combined TRACON& Tower with Radar,24,108,44,2,178,0,0,13,0,13,24,108,57,2,191,40,0,40,231
12/29/2008,TYS,TN,ASO,ES,Combined TRACON& Tower with Radar,29,117,66,13,225,0,3,36,9,48,29,120,102,22,273,22,0,22,295
12/30/2008,TYS,TN,ASO,ES,Combined TRACON& Tower with Radar,37,116,49,15,217,0,6,75,22,103,37,122,124,37,320,138,16,154,474
12/31/2008,TYS,TN,ASO,ES,Combined TRACON& Tower with Radar,27,107,38,0,172,0,4,22,2,28,27,111,60,2,200,0,0,0,200
01/01/2009,TYS,TN,ASO,ES,Combined TRACON& Tower with Radar,21,92,55,0,168,0,0,42,0,42,21,92,97,0,210,16,0,16,226
01/02/2009,TYS,TN,ASO,ES,Combined TRACON& Tower with Radar,33,127,32,14,206,0,0,2,0,2,33,127,34,14,208,0,0,0,208
01/03/2009,TYS,TN,ASO,ES,Combined TRACON& Tower with Radar,25,99,86,0,210,0,0,2,0,2,25,99,88,0,212,12,0,12,224
01/04/2009,TYS,TN,ASO,ES,Combined TRACON& Tower with Radar,30,102,54,1,187,0,0,6,0,6,30,102,60,1,193,0,4,4,197
01/05/2009,TYS,TN,ASO,ES,Combined TRACON& Tower with Radar,25,117,55,26,223,0,0,2,0,2,25,117,57,26,225,0,0,0,225
01/06/2009,TYS,TN,ASO,ES,Combined TRACON& Tower with Radar,30,116,40,20,206,0,0,0,0,0,30,116,40,20,206,0,0,0,206
01/07/2009,TYS,TN,ASO,ES,Combined TRACON& Tower with Radar,37,122,45,5,209,0,1,6,5,12,37,123,51,10,221,0,0,0,221
01/08/2009,TYS,TN,ASO,ES,Combined TRACON& Tower with Radar,37,118,67,50,272,0,2,25,3,30,37,120,92,53,302,0,18,18,320
01/09/2009,TYS,TN,ASO,ES,Combined TRACON& Tower with Radar,32,120,72,40,264,0,4,82,5,91,32,124,154,45,355,90,12,102,457
01/10/2009,TYS,TN,ASO,ES,Combined TRACON& Tower with Radar,22,75,24,5,126,0,0,5,2,7,22,75,29,7,133,0,0,0,133
01/11/2009,TYS,TN,ASO,ES,Combined TRACON& Tower with Radar,22,92,34,5,153,0,0,1,0,1,22,92,35,5,154,0,0,0,154
01/12/2009,TYS,TN,ASO,ES,Combined TRACON& Tower with Radar,23,112,62,20,217,0,2,38,2,42,23,114,100,22,259,46,40,86,345
01/13/2009,TYS,TN,ASO,ES,Combined TRACON& Tower with Radar,29,118,63,69,279,0,2,17,3,22,29,120,80,72,301,0,20,20,321
01/14/2009,TYS,TN,ASO,ES,Combined TRACON& Tower with Radar,23,115,67,42,247,0,6,37,9,52,23,121,104,51,299,18,24,42,341
01/15/2009,TYS,TN,ASO,ES,Combined TRACON& Tower with Radar,27,122,52,63,264,0,3,22,5,30,27,125,74,68,294,0,60,60,354
01/16/2009,TYS,TN,ASO,ES,Combined TRACON& Tower with Radar,29,120,65,26,240,0,3,38,1,42,29,123,103,27,282,4,20,24,306
01/17/2009,TYS,TN,ASO,ES,Combined TRACON& Tower with Radar,15,77,42,4,138,0,0,23,0,23,15,77,65,4,161,26,0,26,187
01/18/2009,TYS,TN,ASO,ES,Combined TRACON& Tower with Radar,25,87,35,1,148,0,0,13,0,13,25,87,48,1,161,50,0,50,211
01/19/2009,TYS,TN,ASO,ES,Combined TRACON& Tower with Radar,20,110,37,0,167,0,0,3,0,3,20,110,40,0,170,0,0,0,170
01/20/2009,TYS,TN,ASO,ES,Combined TRACON& Tower with Radar,28,113,43,30,214,0,1,7,0,8,28,114,50,30,222,10,22,32,254
01/21/2009,TYS,TN,ASO,ES,Combined TRACON& Tower with Radar,24,120,79,57,280,0,2,51,8,61,24,122,130,65,341,10,16,26,367
01/22/2009,TYS,TN,ASO,ES,Combined TRACON& Tower with Radar,30,115,62,44,251,0,3,60,6,69,30,118,122,50,320,62,36,98,418
01/23/2009,TYS,TN,ASO,ES,Combined TRACON& Tower with Radar,30,125,64,27,246,0,3,31,2,36,30,128,95,29,282,24,8,32,314
01/24/2009,TYS,TN,ASO,ES,Combined TRACON& Tower with Radar,17,78,43,8,146,0,1,28,2,31,17,79,71,10,177,0,0,0,177
01/25/2009,TYS,TN,ASO,ES,Combined TRACON& Tower with Radar,20,94,50,10,174,0,4,33,2,39,20,98,83,12,213,27,0,27,240
01/26/2009,TYS,TN,ASO,ES,Combined TRACON& Tower with Radar,21,122,45,2,190,0,0,10,2,12,21,122,55,4,202,0,0,0,202
01/27/2009,TYS,TN,ASO,ES,Combined TRACON& Tower with Radar,26,103,61,14,204,0,0,0,0,0,26,103,61,14,204,0,0,0,204
01/28/2009,TYS,TN,ASO,ES,Combined TRACON& Tower with Radar,32,115,30,0,177,0,0,1,0,1,32,115,31,0,178,0,12,12,190
01/29/2009,TYS,TN,ASO,ES,Combined TRACON& Tower with Radar,29,116,77,16,238,0,2,41,6,49,29,118,118,22,287,52,24,76,363
01/30/2009,TYS,TN,ASO,ES,Combined TRACON& Tower with Radar,29,121,56,32,238,0,0,29,4,33,29,121,85,36,271,40,34,74,345
01/31/2009,TYS,TN,ASO,ES,Combined TRACON& Tower with Radar,16,76,38,2,132,0,0,85,0,85,16,76,123,2,217,60,0,60,277
02/01/2009,TYS,TN,ASO,ES,Combined TRACON& Tower with Radar,27,104,44,18,193,0,1,35,0,36,27,105,79,18,229,24,0,24,253
02/02/2009,TYS,TN,ASO,ES,Combined TRACON& Tower with Radar,22,102,29,1,154,0,0,4,0,4,22,102,33,1,158,0,0,0,158
02/03/2009,TYS,TN,ASO,ES,Combined TRACON& Tower with Radar,31,107,32,10,180,0,0,18,3,21,31,107,50,13,201,0,8,8,209
02/04/2009,TYS,TN,ASO,ES,Combined TRACON& Tower with Radar,30,111,40,21,202,0,1,14,18,33,30,112,54,39,235,4,34,38,273
02/05/2009,TYS,TN,ASO,ES,Combined TRACON& Tower with Radar,31,119,72,31,253,0,4,36,11,51,31,123,108,42,304,8,10,18,322
02/06/2009,TYS,TN,ASO,ES,Combined TRACON& Tower with Radar,29,115,73,22,239,0,2,61,17,80,29,117,134,39,319,48,0,48,367
02/07/2009,TYS,TN,ASO,ES,Combined TRACON& Tower with Radar,24,84,35,6,149,0,0,44,9,53,24,84,79,15,202,20,6,26,228
02/08/2009,TYS,TN,ASO,ES,Combined TRACON& Tower with Radar,28,97,40,1,166,0,0,28,8,36,28,97,68,9,202,30,0,30,232
02/09/2009,TYS,TN,ASO,ES,Combined TRACON& Tower with Radar,23,109,47,27,206,0,2,44,5,51,23,111,91,32,257,22,64,86,343
02/10/2009,TYS,TN,ASO,ES,Combined TRACON& Tower with Radar,31,106,59,66,262,0,3,30,22,55,31,109,89,88,317,4,44,48,365
02/11/2009,TYS,TN,ASO,ES,Combined TRACON& Tower with Radar,30,125,50,18,223,0,2,4,4,10,30,127,54,22,233,10,0,10,243
02/12/2009,TYS,TN,ASO,ES,Combined TRACON& Tower with Radar,32,117,89,38,276,0,3,52,28,83,32,120,141,66,359,24,36,60,419
02/13/2009,TYS,TN,ASO,ES,Combined TRACON& Tower with Radar,28,119,60,33,240,0,4,69,22,95,28,123,129,55,335,42,20,62,397
02/14/2009,TYS,TN,ASO,ES,Combined TRACON& Tower with Radar,22,86,35,9,152,0,0,3,0,3,22,86,38,9,155,4,0,4,159
02/15/2009,TYS,TN,ASO,ES,Combined TRACON& Tower with Radar,27,105,50,6,188,0,0,36,0,36,27,105,86,6,224,0,0,0,224
02/16/2009,TYS,TN,ASO,ES,Combined TRACON& Tower with Radar,22,111,64,4,201,0,3,49,0,52,22,114,113,4,253,36,0,36,289
02/17/2009,TYS,TN,ASO,ES,Combined TRACON& Tower with Radar,26,119,72,21,238,0,1,50,0,51,26,120,122,21,289,50,0,50,339
02/18/2009,TYS,TN,ASO,ES,Combined TRACON& Tower with Radar,35,127,47,18,227,0,0,1,0,1,35,127,48,18,228,0,6,6,234
02/19/2009,TYS,TN,ASO,ES,Combined TRACON& Tower with Radar,35,116,46,64,261,0,1,21,20,42,35,117,67,84,303,36,32,68,371
02/20/2009,TYS,TN,ASO,ES,Combined TRACON& Tower with Radar,30,117,85,19,251,0,6,61,29,96,30,123,146,48,347,96,26,122,469
02/21/2009,TYS,TN,ASO,ES,Combined TRACON& Tower with Radar,17,78,36,6,137,0,0,46,4,50,17,78,82,10,187,40,4,44,231
02/22/2009,TYS,TN,ASO,ES,Combined TRACON& Tower with Radar,25,102,27,19,173,0,0,9,3,12,25,102,36,22,185,0,8,8,193
02/23/2009,TYS,TN,ASO,ES,Combined TRACON& Tower with Radar,26,110,53,9,198,0,4,51,11,66,26,114,104,20,264,50,6,56,320
02/24/2009,TYS,TN,ASO,ES,Combined TRACON& Tower with Radar,30,118,57,27,232,0,1,59,32,92,30,119,116,59,324,10,26,36,360
02/25/2009,TYS,TN,ASO,ES,Combined TRACON& Tower with Radar,28,119,75,1,223,0,1,42,4,47,28,120,117,5,270,26,4,30,300
02/26/2009,TYS,TN,ASO,ES,Combined TRACON& Tower with Radar,29,120,82,22,253,0,0,26,0,26,29,120,108,22,279,18,18,36,315
02/27/2009,TYS,TN,ASO,ES,Combined TRACON& Tower with Radar,30,122,50,7,209,0,0,0,4,4,30,122,50,11,213,0,0,0,213
02/28/2009,TYS,TN,ASO,ES,Combined TRACON& Tower with Radar,18,77,30,2,127,0,0,0,0,0,18,77,30,2,127,0,0,0,127
03/01/2009,TYS,TN,ASO,ES,Combined TRACON& Tower with Radar,19,101,26,3,149,0,0,0,0,0,19,101,26,3,149,0,0,0,149
03/02/2009,TYS,TN,ASO,ES,Combined TRACON& Tower with Radar,29,103,45,55,232,0,3,28,1,32,29,106,73,56,264,52,36,88,352
03/03/2009,TYS,TN,ASO,ES,Combined TRACON& Tower with Radar,35,114,56,41,246,0,1,28,12,41,35,115,84,53,287,14,28,42,329
03/04/2009,TYS,TN,ASO,ES,Combined TRACON& Tower with Radar,38,116,33,41,228,0,2,49,15,66,38,118,82,56,294,32,20,52,346
03/05/2009,TYS,TN,ASO,ES,Combined TRACON& Tower with Radar,35,122,61,40,258,0,1,52,23,76,35,123,113,63,334,64,26,90,424
03/06/2009,TYS,TN,ASO,ES,Combined TRACON& Tower with Radar,44,117,70,43,274,0,7,16,5,28,44,124,86,48,302,16,20,36,338
03/07/2009,TYS,TN,ASO,ES,Combined TRACON& Tower with Radar,19,78,32,6,135,0,0,28,5,33,19,78,60,11,168,38,24,62,230
03/08/2009,TYS,TN,ASO,ES,Combined TRACON& Tower with Radar,29,97,48,22,196,0,0,11,0,11,29,97,59,22,207,0,10,10,217
03/09/2009,TYS,TN,ASO,ES,Combined TRACON& Tower with Radar,31,116,44,17,208,0,1,53,18,72,31,117,97,35,280,60,0,60,340
03/10/2009,TYS,TN,ASO,ES,Combined TRACON& Tower with Radar,31,117,80,65,293,0,2,26,29,57,31,119,106,94,350,14,80,94,444
03/11/2009,TYS,TN,ASO,ES,Combined TRACON& Tower with Radar,43,115,60,31,249,0,2,21,10,33,43,117,81,41,282,0,52,52,334
03/12/2009,TYS,TN,ASO,ES,Combined TRACON& Tower with Radar,40,122,55,58,275,0,0,25,7,32,40,122,80,65,307,18,52,70,377
03/13/2009,TYS,TN,ASO,ES,Combined TRACON& Tower with Radar,34,127,56,35,252,0,0,27,19,46,34,127,83,54,298,36,20,56,354
03/14/2009,TYS,TN,ASO,ES,Combined TRACON& Tower with Radar,25,84,29,2,140,0,0,0,0,0,25,84,29,2,140,0,0,0,140
03/15/2009,TYS,TN,ASO,ES,Combined TRACON& Tower with Radar,31,108,51,0,190,0,0,4,0,4,31,108,55,0,194,0,0,0,194
03/16/2009,TYS,TN,ASO,ES,Combined TRACON& Tower with Radar,33,111,48,12,204,0,0,0,0,0,33,111,48,12,204,0,0,0,204
03/17/2009,TYS,TN,ASO,ES,Combined TRACON& Tower with Radar,36,112,54,51,253,0,2,43,10,55,36,114,97,61,308,18,34,52,360
03/18/2009,TYS,TN,ASO,ES,Combined TRACON& Tower with Radar,37,118,64,28,247,0,1,48,17,66,37,119,112,45,313,24,32,56,369
03/19/2009,TYS,TN,ASO,ES,Combined TRACON& Tower with Radar,41,119,61,35,256,0,1,30,0,31,41,120,91,35,287,0,24,24,311
03/20/2009,TYS,TN,ASO,ES,Combined TRACON& Tower with Radar,37,116,65,52,270,0,6,56,4,66,37,122,121,56,336,28,40,68,404
03/21/2009,TYS,TN,ASO,ES,Combined TRACON& Tower with Radar,22,84,38,7,151,0,0,35,1,36,22,84,73,8,187,10,0,10,197
03/22/2009,TYS,TN,ASO,ES,Combined TRACON& Tower with Radar,31,109,57,10,207,0,0,55,0,55,31,109,112,10,262,34,4,38,300
03/23/2009,TYS,TN,ASO,ES,Combined TRACON& Tower with Radar,29,120,38,10,197,0,1,34,2,37,29,121,72,12,234,24,0,24,258
03/24/2009,TYS,TN,ASO,ES,Combined TRACON& Tower with Radar,36,114,54,56,260,0,0,32,3,35,36,114,86,59,295,34,20,54,349
03/25/2009,TYS,TN,ASO,ES,Combined TRACON& Tower with Radar,37,113,52,21,223,0,0,2,1,3,37,113,54,22,226,0,4,4,230
03/26/2009,TYS,TN,ASO,ES,Combined TRACON& Tower with Radar,42,120,69,19,250,0,0,9,0,9,42,120,78,19,259,36,4,40,299
03/27/2009,TYS,TN,ASO,ES,Combined TRACON& Tower with Radar,40,121,66,44,271,0,0,13,0,13,40,121,79,44,284,0,0,0,284
03/28/2009,TYS,TN,ASO,ES,Combined TRACON& Tower with Radar,20,76,27,1,124,0,0,9,0,9,20,76,36,1,133,12,0,12,145
03/29/2009,TYS,TN,ASO,ES,Combined TRACON& Tower with Radar,30,104,36,6,176,0,0,4,1,5,30,104,40,7,181,36,28,64,245
03/30/2009,TYS,TN,ASO,ES,Combined TRACON& Tower with Radar,35,134,75,28,272,0,5,68,12,85,35,139,143,40,357,36,28,64,421
03/31/2009,TYS,TN,ASO,ES,Combined TRACON& Tower with Radar,47,163,82,46,338,0,0,20,0,20,47,163,102,46,358,18,24,42,400
04/01/2009,TYS,TN,ASO,ES,Combined TRACON& Tower with Radar,35,109,60,53,257,0,1,25,1,27,35,110,85,54,284,12,10,22,306
04/02/2009,TYS,TN,ASO,ES,Combined TRACON& Tower with Radar,42,112,49,25,228,0,0,24,2,26,42,112,73,27,254,8,38,46,300
04/03/2009,TYS,TN,ASO,ES,Combined TRACON& Tower with Radar,37,122,53,19,231,0,1,7,2,10,37,123,60,21,241,6,8,14,255
04/04/2009,TYS,TN,ASO,ES,Combined TRACON& Tower with Radar,24,81,56,18,179,0,0,107,0,107,24,81,163,18,286,56,16,72,358
04/05/2009,TYS,TN,ASO,ES,Combined TRACON& Tower with Radar,28,104,47,11,190,0,0,21,0,21,28,104,68,11,211,14,0,14,225
04/06/2009,TYS,TN,ASO,ES,Combined TRACON& Tower with Radar,33,115,59,10,217,0,0,7,0,7,33,115,66,10,224,0,0,0,224
04/07/2009,TYS,TN,ASO,ES,Combined TRACON& Tower with Radar,31,112,64,34,241,0,1,9,0,10,31,113,73,34,251,10,8,18,269
04/08/2009,TYS,TN,ASO,ES,Combined TRACON& Tower with Radar,38,117,61,19,235,0,3,39,3,45,38,120,100,22,280,46,0,46,326
04/09/2009,TYS,TN,ASO,ES,Combined TRACON& Tower with Radar,38,129,84,41,292,0,3,51,11,65,38,132,135,52,357,26,28,54,411
04/10/2009,TYS,TN,ASO,ES,Combined TRACON& Tower with Radar,50,115,32,0,197,0,2,10,0,12,50,117,42,0,209,0,0,0,209
04/11/2009,TYS,TN,ASO,ES,Combined TRACON& Tower with Radar,23,74,39,2,138,0,0,19,2,21,23,74,58,4,159,48,0,48,207
04/12/2009,TYS,TN,ASO,ES,Combined TRACON& Tower with Radar,26,105,55,1,187,0,0,31,0,31,26,105,86,1,218,22,0,22,240
04/13/2009,TYS,TN,ASO,ES,Combined TRACON& Tower with Radar,43,110,49,6,208,0,1,4,0,5,43,111,53,6,213,4,30,34,247
04/14/2009,TYS,TN,ASO,ES,Combined TRACON& Tower with Radar,36,116,78,55,285,0,0,14,0,14,36,116,92,55,299,0,20,20,319
04/15/2009,TYS,TN,ASO,ES,Combined TRACON& Tower with Radar,38,112,71,29,250,0,1,16,3,20,38,113,87,32,270,36,12,48,318
04/16/2009,TYS,TN,ASO,ES,Combined TRACON& Tower with Radar,37,124,65,35,261,0,1,79,1,81,37,125,144,36,342,32,0,32,374
04/17/2009,TYS,TN,ASO,ES,Combined TRACON& Tower with Radar,39,114,88,30,271,0,1,91,6,98,39,115,179,36,369,56,10,66,435
04/18/2009,TYS,TN,ASO,ES,Combined TRACON& Tower with Radar,23,76,61,2,162,0,0,50,1,51,23,76,111,3,213,36,0,36,249
04/19/2009,TYS,TN,ASO,ES,Combined TRACON& Tower with Radar,33,93,45,9,180,0,0,0,0,0,33,93,45,9,180,0,0,0,180
04/20/2009,TYS,TN,ASO,ES,Combined TRACON& Tower with Radar,29,110,45,11,195,0,1,9,0,10,29,111,54,11,205,12,0,12,217
04/21/2009,TYS,TN,ASO,ES,Combined TRACON& Tower with Radar,32,113,76,29,250,0,3,21,0,24,32,116,97,29,274,28,20,48,322
04/22/2009,TYS,TN,ASO,ES,Combined TRACON& Tower with Radar,36,110,62,29,237,0,4,57,4,65,36,114,119,33,302,38,44,82,384
04/23/2009,TYS,TN,ASO,ES,Combined TRACON& Tower with Radar,54,119,62,44,279,0,3,61,7,71,54,122,123,51,350,46,46,92,442
04/24/2009,TYS,TN,ASO,ES,Combined TRACON& Tower with Radar,39,120,74,33,266,0,1,38,2,41,39,121,112,35,307,14,8,22,329
04/25/2009,TYS,TN,ASO,ES,Combined TRACON& Tower with Radar,23,67,40,1,131,0,1,55,0,56,23,68,95,1,187,28,0,28,215
04/26/2009,TYS,TN,ASO,ES,Combined TRACON& Tower with Radar,29,92,50,9,180,0,0,47,0,47,29,92,97,9,227,70,0,70,297
04/27/2009,TYS,TN,ASO,ES,Combined TRACON& Tower with Radar,27,112,51,31,221,0,7,32,6,45,27,119,83,37,266,4,20,24,290
04/28/2009,TYS,TN,ASO,ES,Combined TRACON& Tower with Radar,36,118,72,25,251,0,5,37,3,45,36,123,109,28,296,20,20,40,336
04/29/2009,TYS,TN,ASO,ES,Combined TRACON& Tower with Radar,34,118,48,23,223,0,5,23,3,31,34,123,71,26,254,16,18,34,288
04/30/2009,TYS,TN,ASO,ES,Combined TRACON& Tower with Radar,36,122,50,31,239,0,2,32,0,34,36,124,82,31,273,50,12,62,335
05/01/2009,TYS,TN,ASO,ES,Combined TRACON& Tower with Radar,35,126,61,5,227,0,0,7,0,7,35,126,68,5,234,0,6,6,240
05/02/2009,TYS,TN,ASO,ES,Combined TRACON& Tower with Radar,22,79,32,0,133,0,0,1,0,1,22,79,33,0,134,0,0,0,134
05/03/2009,TYS,TN,ASO,ES,Combined TRACON& Tower with Radar,30,97,49,2,178,0,0,0,0,0,30,97,49,2,178,0,0,0,178
05/04/2009,TYS,TN,ASO,ES,Combined TRACON& Tower with Radar,31,114,52,11,208,0,0,8,1,9,31,114,60,12,217,6,20,26,243
05/05/2009,TYS,TN,ASO,ES,Combined TRACON& Tower with Radar,36,129,78,39,282,0,1,8,1,10,36,130,86,40,292,20,6,26,318
05/06/2009,TYS,TN,ASO,ES,Combined TRACON& Tower with Radar,45,117,67,60,289,0,0,0,0,0,45,117,67,60,289,0,46,46,335
05/07/2009,TYS,TN,ASO,ES,Combined TRACON& Tower with Radar,36,116,81,47,280,0,2,30,4,36,36,118,111,51,316,80,20,100,416
05/08/2009,TYS,TN,ASO,ES,Combined TRACON& Tower with Radar,34,126,53,8,221,0,0,4,0,4,34,126,57,8,225,0,0,0,225
05/09/2009,TYS,TN,ASO,ES,Combined TRACON& Tower with Radar,23,80,22,0,125,0,6,3,1,10,23,86,25,1,135,4,0,4,139
05/10/2009,TYS,TN,ASO,ES,Combined TRACON& Tower with Radar,30,101,39,5,175,0,0,32,1,33,30,101,71,6,208,52,6,58,266
05/11/2009,TYS,TN,ASO,ES,Combined TRACON& Tower with Radar,27,119,85,63,294,0,1,28,2,31,27,120,113,65,325,8,32,40,365
05/12/2009,TYS,TN,ASO,ES,Combined TRACON& Tower with Radar,30,113,80,51,274,0,1,52,0,53,30,114,132,51,327,18,18,36,363
05/13/2009,TYS,TN,ASO,ES,Combined TRACON& Tower with Radar,40,116,77,31,264,0,3,46,2,51,40,119,123,33,315,16,4,20,335
05/14/2009,TYS,TN,ASO,ES,Combined TRACON& Tower with Radar,36,124,66,38,264,0,2,31,0,33,36,126,97,38,297,30,12,42,339
05/15/2009,TYS,TN,ASO,ES,Combined TRACON& Tower with Radar,34,122,66,31,253,0,0,26,0,26,34,122,92,31,279,24,8,32,311
05/16/2009,TYS,TN,ASO,ES,Combined TRACON& Tower with Radar,25,81,36,8,150,0,0,8,0,8,25,81,44,8,158,0,0,0,158
05/17/2009,TYS,TN,ASO,ES,Combined TRACON& Tower with Radar,28,98,37,20,183,0,0,16,0,16,28,98,53,20,199,0,6,6,205
05/18/2009,TYS,TN,ASO,ES,Combined TRACON& Tower with Radar,27,121,68,12,228,0,4,63,3,70,27,125,131,15,298,42,0,42,340
05/19/2009,TYS,TN,ASO,ES,Combined TRACON& Tower with Radar,30,116,93,69,308,0,2,69,2,73,30,118,162,71,381,6,52,58,439
05/20/2009,TYS,TN,ASO,ES,Combined TRACON& Tower with Radar,32,124,72,20,248,0,3,53,1,57,32,127,125,21,305,0,10,10,315
05/21/2009,TYS,TN,ASO,ES,Combined TRACON& Tower with Radar,38,127,99,43,307,0,2,38,3,43,38,129,137,46,350,30,46,76,426
05/22/2009,TYS,TN,ASO,ES,Combined TRACON& Tower with Radar,34,128,80,42,284,0,3,34,22,59,34,131,114,64,343,28,50,78,421
05/23/2009,TYS,TN,ASO,ES,Combined TRACON& Tower with Radar,21,80,37,5,143,0,0,34,0,34,21,80,71,5,177,14,0,14,191
05/24/2009,TYS,TN,ASO,ES,Combined TRACON& Tower with Radar,31,82,27,9,149,0,0,7,0,7,31,82,34,9,156,0,0,0,156
05/25/2009,TYS,TN,ASO,ES,Combined TRACON& Tower with Radar,21,108,49,10,188,0,0,9,0,9,21,108,58,10,197,8,0,8,205
05/26/2009,TYS,TN,ASO,ES,Combined TRACON& Tower with Radar,27,117,34,28,206,0,0,5,0,5,27,117,39,28,211,26,10,36,247
05/27/2009,TYS,TN,ASO,ES,Combined TRACON& Tower with Radar,27,110,53,28,218,0,1,3,3,7,27,111,56,31,225,0,0,0,225
05/28/2009,TYS,TN,ASO,ES,Combined TRACON& Tower with Radar,39,116,90,16,261,0,2,8,0,10,39,118,98,16,271,8,36,44,315
05/29/2009,TYS,TN,ASO,ES,Combined TRACON& Tower with Radar,34,126,74,38,272,0,4,29,0,33,34,130,103,38,305,2,22,24,329
05/30/2009,TYS,TN,ASO,ES,Combined TRACON& Tower with Radar,23,80,49,4,156,0,0,47,0,47,23,80,96,4,203,60,0,60,263
05/31/2009,TYS,TN,ASO,ES,Combined TRACON& Tower with Radar,30,91,41,20,182,0,2,39,1,42,30,93,80,21,224,16,0,16,240
06/01/2009,TYS,TN,ASO,ES,Combined TRACON& Tower with Radar,27,112,53,2,194,0,3,37,2,42,27,115,90,4,236,20,2,22,258
06/02/2009,TYS,TN,ASO,ES,Combined TRACON& Tower with Radar,30,117,51,28,226,0,3,35,15,53,30,120,86,43,279,2,46,48,327
06/03/2009,TYS,TN,ASO,ES,Combined TRACON& Tower with Radar,34,120,51,45,250,0,0,29,1,30,34,120,80,46,280,42,8,50,330
06/04/2009,TYS,TN,ASO,ES,Combined TRACON& Tower with Radar,31,140,59,46,276,0,0,21,1,22,31,140,80,47,298,8,32,40,338
06/05/2009,TYS,TN,ASO,ES,Combined TRACON& Tower with Radar,32,127,74,20,253,0,0,12,0,12,32,127,86,20,265,18,0,18,283
06/06/2009,TYS,TN,ASO,ES,Combined TRACON& Tower with Radar,19,104,46,3,172,0,1,56,0,57,19,105,102,3,229,32,0,32,261
06/07/2009,TYS,TN,ASO,ES,Combined TRACON& Tower with Radar,25,106,46,7,184,0,0,35,0,35,25,106,81,7,219,8,0,8,227
06/08/2009,TYS,TN,ASO,ES,Combined TRACON& Tower with Radar,23,123,52,31,229,0,1,34,8,43,23,124,86,39,272,0,10,10,282
06/09/2009,TYS,TN,ASO,ES,Combined TRACON& Tower with Radar,25,112,69,63,269,0,2,29,0,31,25,114,98,63,300,20,12,32,332
06/10/2009,TYS,TN,ASO,ES,Combined TRACON& Tower with Radar,30,123,66,40,259,0,1,26,3,30,30,124,92,43,289,2,6,8,297
06/11/2009,TYS,TN,ASO,ES,Combined TRACON& Tower with Radar,31,119,61,25,236,0,1,21,0,22,31,120,82,25,258,6,0,6,264
06/12/2009,TYS,TN,ASO,ES,Combined TRACON& Tower with Radar,58,130,58,41,287,0,1,25,0,26,58,131,83,41,313,40,6,46,359
06/13/2009,TYS,TN,ASO,ES,Combined TRACON& Tower with Radar,23,92,42,10,167,0,1,32,3,36,23,93,74,13,203,0,0,0,203
06/14/2009,TYS,TN,ASO,ES,Combined TRACON& Tower with Radar,22,106,57,28,213,0,0,23,1,24,22,106,80,29,237,10,0,10,247
06/15/2009,TYS,TN,ASO,ES,Combined TRACON& Tower with Radar,27,121,54,5,207,0,0,18,0,18,27,121,72,5,225,0,0,0,225
06/16/2009,TYS,TN,ASO,ES,Combined TRACON& Tower with Radar,28,125,85,43,281,0,1,42,0,43,28,126,127,43,324,5,12,17,341
06/17/2009,TYS,TN,ASO,ES,Combined TRACON& Tower with Radar,28,135,64,21,248,0,0,26,2,28,28,135,90,23,276,16,8,24,300
06/18/2009,TYS,TN,ASO,ES,Combined TRACON& Tower with Radar,34,125,85,45,289,0,1,64,2,67,34,126,149,47,356,10,0,10,366
06/19/2009,TYS,TN,ASO,ES,Combined TRACON& Tower with Radar,33,116,86,44,279,0,3,78,2,83,33,119,164,46,362,22,18,40,402
06/20/2009,TYS,TN,ASO,ES,Combined TRACON& Tower with Radar,21,86,33,1,141,0,0,43,0,43,21,86,76,1,184,28,0,28,212
06/21/2009,TYS,TN,ASO,ES,Combined TRACON& Tower with Radar,28,106,43,15,192,0,0,14,0,14,28,106,57,15,206,12,0,12,218
06/22/2009,TYS,TN,ASO,ES,Combined TRACON& Tower with Radar,30,118,43,12,203,0,3,9,0,12,30,121,52,12,215,16,0,16,231
06/23/2009,TYS,TN,ASO,ES,Combined TRACON& Tower with Radar,27,128,83,34,272,0,2,61,0,63,27,130,144,34,335,24,10,34,369
06/24/2009,TYS,TN,ASO,ES,Combined TRACON& Tower with Radar,28,128,79,59,294,0,2,63,0,65,28,130,142,59,359,20,20,40,399
06/25/2009,TYS,TN,ASO,ES,Combined TRACON& Tower with Radar,32,132,79,53,296,0,4,67,0,71,32,136,146,53,367,42,14,56,423
06/26/2009,TYS,TN,ASO,ES,Combined TRACON& Tower with Radar,32,138,68,36,274,0,6,40,5,51,32,144,108,41,325,48,10,58,383
06/27/2009,TYS,TN,ASO,ES,Combined TRACON& Tower with Radar,19,89,35,17,160,0,0,27,3,30,19,89,62,20,190,0,36,36,226
06/28/2009,TYS,TN,ASO,ES,Combined TRACON& Tower with Radar,26,105,42,4,177,0,0,12,1,13,26,105,54,5,190,7,0,7,197
06/29/2009,TYS,TN,ASO,ES,Combined TRACON& Tower with Radar,25,120,83,15,243,0,3,57,0,60,25,123,140,15,303,4,6,10,313
06/30/2009,TYS,TN,ASO,ES,Combined TRACON& Tower with Radar,28,125,66,49,268,0,2,57,7,66,28,127,123,56,334,18,20,38,372
07/01/2009,TYS,TN,ASO,ES,Combined TRACON& Tower with Radar,26,127,69,53,275,0,2,37,6,45,26,129,106,59,320,0,30,30,350
07/02/2009,TYS,TN,ASO,ES,Combined TRACON& Tower with Radar,31,129,57,30,247,0,2,27,1,30,31,131,84,31,277,0,14,14,291
07/03/2009,TYS,TN,ASO,ES,Combined TRACON& Tower with Radar,30,106,44,1,181,0,1,50,0,51,30,107,94,1,232,16,0,16,248
07/04/2009,TYS,TN,ASO,ES,Combined TRACON& Tower with Radar,14,74,20,0,108,0,0,31,4,35,14,74,51,4,143,8,8,16,159
07/05/2009,TYS,TN,ASO,ES,Combined TRACON& Tower with Radar,27,105,44,6,182,0,0,5,0,5,27,105,49,6,187,0,0,0,187
07/06/2009,TYS,TN,ASO,ES,Combined TRACON& Tower with Radar,25,126,55,1,207,0,0,9,0,9,25,126,64,1,216,18,0,18,234
07/07/2009,TYS,TN,ASO,ES,Combined TRACON& Tower with Radar,37,121,49,43,250,0,6,53,6,65,37,127,102,49,315,22,30,52,367
07/08/2009,TYS,TN,ASO,ES,Combined TRACON& Tower with Radar,25,127,60,30,242,0,0,46,0,46,25,127,106,30,288,64,10,74,362
07/09/2009,TYS,TN,ASO,ES,Combined TRACON& Tower with Radar,33,125,52,14,224,0,0,32,1,33,33,125,84,15,257,4,20,24,281
07/10/2009,TYS,TN,ASO,ES,Combined TRACON& Tower with Radar,34,125,67,10,236,0,3,39,5,47,34,128,106,15,283,0,40,40,323
07/11/2009,TYS,TN,ASO,ES,Combined TRACON& Tower with Radar,19,84,44,5,152,0,0,41,1,42,19,84,85,6,194,2,0,2,196
07/12/2009,TYS,TN,ASO,ES,Combined TRACON& Tower with Radar,26,94,49,8,177,0,0,12,3,15,26,94,61,11,192,0,0,0,192
07/13/2009,TYS,TN,ASO,ES,Combined TRACON& Tower with Radar,21,124,60,23,228,0,3,35,0,38,21,127,95,23,266,32,6,38,304
07/14/2009,TYS,TN,ASO,ES,Combined TRACON& Tower with Radar,26,129,79,72,306,0,9,66,8,83,26,138,145,80,389,19,20,39,428
07/15/2009,TYS,TN,ASO,ES,Combined TRACON& Tower with Radar,28,120,82,14,244,0,1,28,3,32,28,121,110,17,276,10,8,18,294
07/16/2009,TYS,TN,ASO,ES,Combined TRACON& Tower with Radar,30,120,66,19,235,0,2,13,0,15,30,122,79,19,250,6,0,6,256
07/17/2009,TYS,TN,ASO,ES,Combined TRACON& Tower with Radar,30,126,68,36,260,0,5,25,2,32,30,131,93,38,292,36,16,52,344
07/18/2009,TYS,TN,ASO,ES,Combined TRACON& Tower with Radar,21,84,48,8,161,0,0,59,1,60,21,84,107,9,221,18,0,18,239
07/19/2009,TYS,TN,ASO,ES,Combined TRACON& Tower with Radar,26,109,51,10,196,0,0,25,1,26,26,109,76,11,222,14,0,14,236
07/20/2009,TYS,TN,ASO,ES,Combined TRACON& Tower with Radar,24,125,58,20,227,0,1,30,2,33,24,126,88,22,260,12,12,24,284
07/21/2009,TYS,TN,ASO,ES,Combined TRACON& Tower with Radar,25,123,73,56,277,0,0,50,1,51,25,123,123,57,328,22,24,46,374
07/22/2009,TYS,TN,ASO,ES,Combined TRACON& Tower with Radar,26,126,69,20,241,0,0,19,0,19,26,126,88,20,260,26,20,46,306
07/23/2009,TYS,TN,ASO,ES,Combined TRACON& Tower with Radar,30,123,67,17,237,0,0,25,5,30,30,123,92,22,267,28,16,44,311
07/24/2009,TYS,TN,ASO,ES,Combined TRACON& Tower with Radar,34,124,55,34,247,0,4,44,2,50,34,128,99,36,297,0,0,0,297
07/25/2009,TYS,TN,ASO,ES,Combined TRACON& Tower with Radar,19,91,44,3,157,0,0,55,0,55,19,91,99,3,212,4,16,20,232
07/26/2009,TYS,TN,ASO,ES,Combined TRACON& Tower with Radar,26,103,39,2,170,0,0,11,0,11,26,103,50,2,181,0,0,0,181
07/27/2009,TYS,TN,ASO,ES,Combined TRACON& Tower with Radar,23,117,42,23,205,0,0,17,0,17,23,117,59,23,222,38,40,78,300
07/28/2009,TYS,TN,ASO,ES,Combined TRACON& Tower with Radar,25,128,67,31,251,0,0,25,0,25,25,128,92,31,276,14,14,28,304
07/29/2009,TYS,TN,ASO,ES,Combined TRACON& Tower with Radar,28,125,64,21,238,0,0,12,0,12,28,125,76,21,250,0,8,8,258
07/30/2009,TYS,TN,ASO,ES,Combined TRACON& Tower with Radar,31,129,75,31,266,0,0,5,0,5,31,129,80,31,271,0,10,10,281
07/31/2009,TYS,TN,ASO,ES,Combined TRACON& Tower with Radar,43,126,58,56,283,0,2,8,1,11,43,128,66,57,294,30,6,36,330
08/01/2009,TYS,TN,ASO,ES,Combined TRACON& Tower with Radar,20,90,43,11,164,0,0,21,2,23,20,90,64,13,187,16,0,16,203
08/02/2009,TYS,TN,ASO,ES,Combined TRACON& Tower with Radar,24,101,54,20,199,0,0,12,2,14,24,101,66,22,213,5,0,5,218
08/03/2009,TYS,TN,ASO,ES,Combined TRACON& Tower with Radar,24,136,64,50,274,0,2,48,2,52,24,138,112,52,326,32,28,60,386
08/04/2009,TYS,TN,ASO,ES,Combined TRACON& Tower with Radar,28,128,55,12,223,0,2,29,4,35,28,130,84,16,258,6,6,12,270
08/05/2009,TYS,TN,ASO,ES,Combined TRACON& Tower with Radar,30,128,64,71,293,0,0,29,6,35,30,128,93,77,328,0,30,30,358
08/06/2009,TYS,TN,ASO,ES,Combined TRACON& Tower with Radar,31,131,71,47,280,0,0,34,2,36,31,131,105,49,316,0,28,28,344
08/07/2009,TYS,TN,ASO,ES,Combined TRACON& Tower with Radar,28,130,51,29,238,0,1,54,0,55,28,131,105,29,293,42,0,42,335
08/08/2009,TYS,TN,ASO,ES,Combined TRACON& Tower with Radar,20,89,39,16,164,0,5,39,4,48,20,94,78,20,212,22,38,60,272
08/09/2009,TYS,TN,ASO,ES,Combined TRACON& Tower with Radar,24,103,45,14,186,0,0,26,1,27,24,103,71,15,213,8,0,8,221
08/10/2009,TYS,TN,ASO,ES,Combined TRACON& Tower with Radar,22,132,62,12,228,0,4,40,1,45,22,136,102,13,273,19,0,19,292
08/11/2009,TYS,TN,ASO,ES,Combined TRACON& Tower with Radar,22,126,54,19,221,0,2,20,3,25,22,128,74,22,246,8,10,18,264
08/12/2009,TYS,TN,ASO,ES,Combined TRACON& Tower with Radar,24,122,68,37,251,0,3,24,2,29,24,125,92,39,280,10,50,60,340
08/13/2009,TYS,TN,ASO,ES,Combined TRACON& Tower with Radar,32,126,72,44,274,0,3,37,5,45,32,129,109,49,319,10,32,42,361
08/14/2009,TYS,TN,ASO,ES,Combined TRACON& Tower with Radar,28,123,71,47,269,0,1,39,3,43,28,124,110,50,312,2,10,12,324
08/15/2009,TYS,TN,ASO,ES,Combined TRACON& Tower with Radar,17,88,41,42,188,0,1,40,4,45,17,89,81,46,233,60,18,78,311
08/16/2009,TYS,TN,ASO,ES,Combined TRACON& Tower with Radar,24,103,49,33,209,0,0,32,0,32,24,103,81,33,241,14,0,14,255
08/17/2009,TYS,TN,ASO,ES,Combined TRACON& Tower with Radar,25,120,67,25,237,0,3,22,2,27,25,123,89,27,264,12,10,22,286
08/18/2009,TYS,TN,ASO,ES,Combined TRACON& Tower with Radar,22,132,63,36,253,0,1,23,0,24,22,133,86,36,277,48,6,54,331
08/19/2009,TYS,TN,ASO,ES,Combined TRACON& Tower with Radar,24,126,74,11,235,0,1,10,0,11,24,127,84,11,246,36,8,44,290
08/20/2009,TYS,TN,ASO,ES,Combined TRACON& Tower with Radar,30,138,74,2,244,0,1,8,0,9,30,139,82,2,253,36,0,36,289
08/21/2009,TYS,TN,ASO,ES,Combined TRACON& Tower with Radar,30,123,67,24,244,0,1,34,0,35,30,124,101,24,279,16,2,18,297
08/22/2009,TYS,TN,ASO,ES,Combined TRACON& Tower with Radar,17,87,50,8,162,0,1,35,0,36,17,88,85,8,198,26,0,26,224
08/23/2009,TYS,TN,ASO,ES,Combined TRACON& Tower with Radar,26,104,61,25,216,0,2,23,0,25,26,106,84,25,241,0,0,0,241
08/24/2009,TYS,TN,ASO,ES,Combined TRACON& Tower with Radar,19,145,49,13,226,0,2,42,1,45,19,147,91,14,271,44,0,44,315
08/25/2009,TYS,TN,ASO,ES,Combined TRACON& Tower with Radar,22,131,61,63,277,0,3,53,1,57,22,134,114,64,334,46,18,64,398
08/26/2009,TYS,TN,ASO,ES,Combined TRACON& Tower with Radar,27,133,51,40,251,0,4,32,2,38,27,137,83,42,289,14,40,54,343
08/27/2009,TYS,TN,ASO,ES,Combined TRACON& Tower with Radar,29,131,62,56,278,0,0,32,2,34,29,131,94,58,312,26,32,58,370
08/28/2009,TYS,TN,ASO,ES,Combined TRACON& Tower with Radar,28,118,69,10,225,0,3,6,1,10,28,121,75,11,235,10,0,10,245
08/29/2009,TYS,TN,ASO,ES,Combined TRACON& Tower with Radar,15,91,50,12,168,0,0,9,0,9,15,91,59,12,177,24,0,24,201
08/30/2009,TYS,TN,ASO,ES,Combined TRACON& Tower with Radar,38,110,39,9,196,0,0,19,0,19,38,110,58,9,215,0,4,4,219
08/31/2009,TYS,TN,ASO,ES,Combined TRACON& Tower with Radar,21,136,47,18,222,0,0,44,2,46,21,136,91,20,268,50,10,60,328
09/01/2009,TYS,TN,ASO,ES,Combined TRACON& Tower with Radar,20,115,54,51,240,0,0,25,2,27,20,115,79,53,267,8,16,24,291
09/02/2009,TYS,TN,ASO,ES,Combined TRACON& Tower with Radar,24,123,58,32,237,0,5,27,4,36,24,128,85,36,273,6,46,52,325
09/03/2009,TYS,TN,ASO,ES,Combined TRACON& Tower with Radar,40,120,71,45,276,0,0,11,3,14,40,120,82,48,290,54,34,88,378
09/04/2009,TYS,TN,ASO,ES,Combined TRACON& Tower with Radar,27,124,74,31,256,0,7,29,0,36,27,131,103,31,292,4,22,26,318
09/05/2009,TYS,TN,ASO,ES,Combined TRACON& Tower with Radar,18,69,46,1,134,0,0,16,0,16,18,69,62,1,150,0,0,0,150
09/06/2009,TYS,TN,ASO,ES,Combined TRACON& Tower with Radar,23,76,22,0,121,0,0,8,0,8,23,76,30,0,129,4,0,4,133
09/07/2009,TYS,TN,ASO,ES,Combined TRACON& Tower with Radar,16,111,44,2,173,0,2,17,0,19,16,113,61,2,192,4,0,4,196
09/08/2009,TYS,TN,ASO,ES,Combined TRACON& Tower with Radar,17,120,68,2,207,0,6,23,2,31,17,126,91,4,238,0,0,0,238
09/09/2009,TYS,TN,ASO,ES,Combined TRACON& Tower with Radar,28,115,51,42,236,0,1,25,3,29,28,116,76,45,265,18,38,56,321
09/10/2009,TYS,TN,ASO,ES,Combined TRACON& Tower with Radar,40,120,71,45,276,0,0,11,3,14,40,120,82,48,290,0,50,50,340
09/11/2009,TYS,TN,ASO,ES,Combined TRACON& Tower with Radar,29,121,83,44,277,0,1,22,4,27,29,122,105,48,304,20,58,78,382
09/12/2009,TYS,TN,ASO,ES,Combined TRACON& Tower with Radar,21,81,83,44,229,0,0,28,0,28,21,81,111,44,257,6,30,36,293
09/13/2009,TYS,TN,ASO,ES,Combined TRACON& Tower with Radar,24,102,67,14,207,0,1,40,2,43,24,103,107,16,250,6,10,16,266
09/14/2009,TYS,TN,ASO,ES,Combined TRACON& Tower with Radar,23,128,64,39,254,0,5,38,2,45,23,133,102,41,299,0,42,42,341
09/15/2009,TYS,TN,ASO,ES,Combined TRACON& Tower with Radar,22,121,78,24,245,0,0,14,1,15,22,121,92,25,260,8,0,8,268
09/16/2009,TYS,TN,ASO,ES,Combined TRACON& Tower with Radar,37,122,54,20,233,0,0,1,0,1,37,122,55,20,234,0,12,12,246
09/17/2009,TYS,TN,ASO,ES,Combined TRACON& Tower with Radar,33,124,63,63,283,0,0,5,0,5,33,124,68,63,288,6,38,44,332
09/18/2009,TYS,TN,ASO,ES,Combined TRACON& Tower with Radar,32,132,88,12,264,0,0,12,0,12,32,132,100,12,276,0,2,2,278
09/19/2009,TYS,TN,ASO,ES,Combined TRACON& Tower with Radar,17,84,40,4,145,0,0,0,0,0,17,84,40,4,145,0,0,0,145
09/20/2009,TYS,TN,ASO,ES,Combined TRACON& Tower with Radar,18,107,35,10,170,0,0,2,0,2,18,107,37,10,172,0,0,0,172
09/21/2009,TYS,TN,ASO,ES,Combined TRACON& Tower with Radar,31,128,50,0,209,0,0,3,0,3,31,128,53,0,212,0,0,0,212
09/22/2009,TYS,TN,ASO,ES,Combined TRACON& Tower with Radar,24,113,78,64,279,0,2,16,0,18,24,115,94,64,297,34,42,76,373
09/23/2009,TYS,TN,ASO,ES,Combined TRACON& Tower with Radar,24,119,67,36,246,0,0,36,5,41,24,119,103,41,287,60,20,80,367
09/24/2009,TYS,TN,ASO,ES,Combined TRACON& Tower with Radar,32,124,100,47,303,0,3,29,1,33,32,127,129,48,336,32,42,74,410
09/25/2009,TYS,TN,ASO,ES,Combined TRACON& Tower with Radar,32,130,82,56,300,0,1,15,5,21,32,131,97,61,321,0,26,26,347
09/26/2009,TYS,TN,ASO,ES,Combined TRACON& Tower with Radar,16,81,26,1,124,0,0,0,0,0,16,81,26,1,124,0,0,0,124
09/27/2009,TYS,TN,ASO,ES,Combined TRACON& Tower with Radar,23,108,66,8,205,0,0,41,0,41,23,108,107,8,246,12,0,12,258
09/28/2009,TYS,TN,ASO,ES,Combined TRACON& Tower with Radar,21,124,49,30,224,0,0,27,3,30,21,124,76,33,254,22,34,56,310
09/29/2009,TYS,TN,ASO,ES,Combined TRACON& Tower with Radar,23,121,85,2,231,0,0,42,0,42,23,121,127,2,273,18,2,20,293
09/30/2009,TYS,TN,ASO,ES,Combined TRACON& Tower with Radar,28,120,60,6,214,0,1,57,2,60,28,121,117,8,274,4,0,4,278
10/01/2009,TYS,TN,ASO,ES,Combined TRACON& Tower with Radar,29,127,108,59,323,0,2,37,3,42,29,129,145,62,365,22,60,82,447
10/02/2009,TYS,TN,ASO,ES,Combined TRACON& Tower with Radar,29,129,62,33,253,0,1,25,1,27,29,130,87,34,280,24,0,24,304
10/03/2009,TYS,TN,ASO,ES,Combined TRACON& Tower with Radar,21,79,63,32,195,0,0,34,0,34,21,79,97,32,229,18,18,36,265
10/04/2009,TYS,TN,ASO,ES,Combined TRACON& Tower with Radar,25,101,107,0,233,0,0,43,0,43,25,101,150,0,276,52,0,52,328
10/05/2009,TYS,TN,ASO,ES,Combined TRACON& Tower with Radar,19,129,64,40,252,0,0,10,2,12,19,129,74,42,264,19,30,49,313
10/06/2009,TYS,TN,ASO,ES,Combined TRACON& Tower with Radar,22,118,56,80,276,0,0,14,13,27,22,118,70,93,303,0,72,72,375
10/07/2009,TYS,TN,ASO,ES,Combined TRACON& Tower with Radar,28,118,72,16,234,0,8,44,4,56,28,126,116,20,290,24,38,62,352
10/08/2009,TYS,TN,ASO,ES,Combined TRACON& Tower with Radar,28,127,82,45,282,0,1,55,15,71,28,128,137,60,353,18,62,80,433
10/09/2009,TYS,TN,ASO,ES,Combined TRACON& Tower with Radar,34,125,70,13,242,0,0,14,3,17,34,125,84,16,259,0,0,0,259
10/10/2009,TYS,TN,ASO,ES,Combined TRACON& Tower with Radar,21,102,64,8,195,0,0,13,0,13,21,102,77,8,208,6,0,6,214
10/11/2009,TYS,TN,ASO,ES,Combined TRACON& Tower with Radar,22,108,82,8,220,0,1,13,2,16,22,109,95,10,236,6,0,6,242
10/12/2009,TYS,TN,ASO,ES,Combined TRACON& Tower with Radar,30,120,62,11,223,0,0,3,0,3,30,120,65,11,226,0,0,0,226
10/13/2009,TYS,TN,ASO,ES,Combined TRACON& Tower with Radar,21,124,70,42,257,0,0,18,2,20,21,124,88,44,277,24,28,52,329
10/14/2009,TYS,TN,ASO,ES,Combined TRACON& Tower with Radar,33,118,59,24,234,0,0,0,0,0,33,118,59,24,234,0,6,6,240
10/15/2009,TYS,TN,ASO,ES,Combined TRACON& Tower with Radar,28,121,88,1,238,0,0,0,0,0,28,121,88,1,238,0,0,0,238
10/16/2009,TYS,TN,ASO,ES,Combined TRACON& Tower with Radar,33,136,87,18,274,0,0,10,0,10,33,136,97,18,284,0,0,0,284
10/17/2009,TYS,TN,ASO,ES,Combined TRACON& Tower with Radar,23,80,36,10,149,0,0,11,0,11,23,80,47,10,160,46,22,68,228
10/18/2009,TYS,TN,ASO,ES,Combined TRACON& Tower with Radar,26,103,70,27,226,0,1,40,1,42,26,104,110,28,268,26,30,56,324
10/19/2009,TYS,TN,ASO,ES,Combined TRACON& Tower with Radar,21,126,74,6,227,0,3,55,0,58,21,129,129,6,285,60,0,60,345
10/20/2009,TYS,TN,ASO,ES,Combined TRACON& Tower with Radar,23,119,62,52,256,0,3,42,1,46,23,122,104,53,302,18,32,50,352
10/21/2009,TYS,TN,ASO,ES,Combined TRACON& Tower with Radar,30,118,71,42,261,0,3,62,3,68,30,121,133,45,329,6,26,32,361
10/22/2009,TYS,TN,ASO,ES,Combined TRACON& Tower with Radar,29,125,73,39,266,0,5,46,0,51,29,130,119,39,317,82,42,124,441
10/23/2009,TYS,TN,ASO,ES,Combined TRACON& Tower with Radar,28,126,53,36,243,0,0,3,2,5,28,126,56,38,248,10,0,10,258
10/24/2009,TYS,TN,ASO,ES,Combined TRACON& Tower with Radar,22,80,49,0,151,0,0,14,2,16,22,80,63,2,167,4,0,4,171
10/25/2009,TYS,TN,ASO,ES,Combined TRACON& Tower with Radar,23,104,68,9,204,0,0,42,2,44,23,104,110,11,248,12,0,12,260
10/26/2009,TYS,TN,ASO,ES,Combined TRACON& Tower with Radar,21,124,46,25,216,0,4,45,5,54,21,128,91,30,270,42,42,84,354
10/27/2009,TYS,TN,ASO,ES,Combined TRACON& Tower with Radar,20,120,54,21,215,0,0,3,0,3,20,120,57,21,218,0,0,0,218
10/28/2009,TYS,TN,ASO,ES,Combined TRACON& Tower with Radar,28,126,67,52,273,0,1,57,9,67,28,127,124,61,340,6,64,70,410
10/29/2009,TYS,TN,ASO,ES,Combined TRACON& Tower with Radar,27,121,97,13,258,0,0,36,1,37,27,121,133,14,295,8,0,8,303
10/30/2009,TYS,TN,ASO,ES,Combined TRACON& Tower with Radar,30,124,69,37,260,0,0,21,0,21,30,124,90,37,281,12,26,38,319
10/31/2009,TYS,TN,ASO,ES,Combined TRACON& Tower with Radar,23,76,31,1,131,0,0,7,0,7,23,76,38,1,138,0,0,0,138
11/01/2009,TYS,TN,ASO,ES,Combined TRACON& Tower with Radar,20,98,66,1,185,0,0,24,0,24,20,98,90,1,209,26,0,26,235
11/02/2009,TYS,TN,ASO,ES,Combined TRACON& Tower with Radar,21,128,48,24,221,0,0,41,2,43,21,128,89,26,264,14,20,34,298
11/03/2009,TYS,TN,ASO,ES,Combined TRACON& Tower with Radar,23,113,84,48,268,0,1,53,4,58,23,114,137,52,326,24,18,42,368
11/04/2009,TYS,TN,ASO,ES,Combined TRACON& Tower with Radar,25,116,88,47,276,0,3,45,0,48,25,119,133,47,324,0,16,16,340
11/05/2009,TYS,TN,ASO,ES,Combined TRACON& Tower with Radar,33,126,65,44,268,0,4,42,3,49,33,130,107,47,317,48,42,90,407
11/06/2009,TYS,TN,ASO,ES,Combined TRACON& Tower with Radar,28,125,74,61,288,0,2,55,1,58,28,127,129,62,346,10,32,42,388
11/07/2009,TYS,TN,ASO,ES,Combined TRACON& Tower with Radar,16,88,54,1,159,0,1,56,5,62,16,89,110,6,221,12,0,12,233
11/08/2009,TYS,TN,ASO,ES,Combined TRACON& Tower with Radar,24,103,74,21,222,0,5,52,2,59,24,108,126,23,281,50,0,50,331
11/09/2009,TYS,TN,ASO,ES,Combined TRACON& Tower with Radar,22,118,34,16,190,0,0,46,0,46,22,118,80,16,236,16,0,16,252
11/10/2009,TYS,TN,ASO,ES,Combined TRACON& Tower with Radar,23,114,43,22,202,0,0,0,0,0,23,114,43,22,202,0,0,0,202
11/11/2009,TYS,TN,ASO,ES,Combined TRACON& Tower with Radar,24,113,64,4,205,0,0,9,1,10,24,113,73,5,215,0,0,0,215
11/12/2009,TYS,TN,ASO,ES,Combined TRACON& Tower with Radar,31,123,73,51,278,0,2,51,4,57,31,125,124,55,335,24,4,28,363
11/13/2009,TYS,TN,ASO,ES,Combined TRACON& Tower with Radar,26,125,83,27,261,0,0,47,1,48,26,125,130,28,309,18,12,30,339
11/14/2009,TYS,TN,ASO,ES,Combined TRACON& Tower with Radar,14,82,50,9,155,0,0,54,0,54,14,82,104,9,209,26,0,26,235
11/15/2009,TYS,TN,ASO,ES,Combined TRACON& Tower with Radar,23,105,79,13,220,0,0,46,1,47,23,105,125,14,267,6,0,6,273
11/16/2009,TYS,TN,ASO,ES,Combined TRACON& Tower with Radar,17,127,71,23,238,0,2,37,0,39,17,129,108,23,277,16,0,16,293
11/17/2009,TYS,TN,ASO,ES,Combined TRACON& Tower with Radar,22,111,81,33,247,0,2,17,0,19,22,113,98,33,266,0,0,0,266
11/18/2009,TYS,TN,ASO,ES,Combined TRACON& Tower with Radar,23,125,70,35,253,0,0,1,0,1,23,125,71,35,254,0,0,0,254
11/19/2009,TYS,TN,ASO,ES,Combined TRACON& Tower with Radar,33,128,55,49,265,0,0,22,1,23,33,128,77,50,288,26,24,50,338
11/20/2009,TYS,TN,ASO,ES,Combined TRACON& Tower with Radar,27,125,77,61,290,0,3,40,0,43,27,128,117,61,333,22,78,100,433
11/21/2009,TYS,TN,ASO,ES,Combined TRACON& Tower with Radar,14,91,47,23,175,0,0,53,1,54,14,91,100,24,229,0,0,0,229
11/22/2009,TYS,TN,ASO,ES,Combined TRACON& Tower with Radar,23,112,55,10,200,0,0,3,1,4,23,112,58,11,204,0,0,0,204
11/23/2009,TYS,TN,ASO,ES,Combined TRACON& Tower with Radar,28,122,68,64,282,0,0,13,0,13,28,122,81,64,295,8,18,26,321
11/24/2009,TYS,TN,ASO,ES,Combined TRACON& Tower with Radar,28,134,78,39,279,0,1,16,0,17,28,135,94,39,296,42,18,60,356
11/25/2009,TYS,TN,ASO,ES,Combined TRACON& Tower with Radar,28,138,111,4,281,0,1,47,0,48,28,139,158,4,329,62,0,62,391
11/26/2009,TYS,TN,ASO,ES,Combined TRACON& Tower with Radar,19,75,22,0,116,0,0,13,0,13,19,75,35,0,129,0,0,0,129
11/27/2009,TYS,TN,ASO,ES,Combined TRACON& Tower with Radar,26,83,35,0,144,0,2,18,0,20,26,85,53,0,164,22,0,22,186
11/28/2009,TYS,TN,ASO,ES,Combined TRACON& Tower with Radar,14,105,48,0,167,0,0,58,0,58,14,105,106,0,225,36,0,36,261
11/29/2009,TYS,TN,ASO,ES,Combined TRACON& Tower with Radar,26,121,107,3,257,0,0,30,0,30,26,121,137,3,287,6,0,6,293
11/30/2009,TYS,TN,ASO,ES,Combined TRACON& Tower with Radar,25,127,49,1,202,0,0,5,0,5,25,127,54,1,207,0,0,0,207
12/01/2009,TYS,TN,ASO,ES,Combined TRACON& Tower with Radar,25,130,66,27,248,0,2,35,2,39,25,132,101,29,287,72,14,86,373
12/02/2009,TYS,TN,ASO,ES,Combined TRACON& Tower with Radar,24,122,53,17,216,0,0,3,0,3,24,122,56,17,219,0,0,0,219
12/03/2009,TYS,TN,ASO,ES,Combined TRACON& Tower with Radar,27,130,83,63,303,0,0,10,1,11,27,130,93,64,314,0,0,0,314
12/04/2009,TYS,TN,ASO,ES,Combined TRACON& Tower with Radar,28,130,68,6,232,0,0,9,0,9,28,130,77,6,241,54,0,54,295
12/05/2009,TYS,TN,ASO,ES,Combined TRACON& Tower with Radar,14,87,26,10,137,0,0,5,0,5,14,87,31,10,142,20,0,20,162
12/06/2009,TYS,TN,ASO,ES,Combined TRACON& Tower with Radar,23,102,63,1,189,0,0,32,0,32,23,102,95,1,221,0,0,0,221
12/07/2009,TYS,TN,ASO,ES,Combined TRACON& Tower with Radar,19,121,57,40,237,0,0,15,0,15,19,121,72,40,252,74,18,92,344
12/08/2009,TYS,TN,ASO,ES,Combined TRACON& Tower with Radar,22,99,63,54,238,0,0,4,0,4,22,99,67,54,242,0,22,22,264
12/09/2009,TYS,TN,ASO,ES,Combined TRACON& Tower with Radar,26,125,54,18,223,0,0,2,0,2,26,125,56,18,225,2,0,2,227
12/10/2009,TYS,TN,ASO,ES,Combined TRACON& Tower with Radar,28,137,73,101,339,0,0,35,12,47,28,137,108,113,386,22,48,70,456
12/11/2009,TYS,TN,ASO,ES,Combined TRACON& Tower with Radar,24,124,62,49,259,0,2,44,0,46,24,126,106,49,305,12,22,34,339
12/12/2009,TYS,TN,ASO,ES,Combined TRACON& Tower with Radar,12,86,27,0,125,0,0,26,0,26,12,86,53,0,151,0,0,0,151
12/13/2009,TYS,TN,ASO,ES,Combined TRACON& Tower with Radar,21,108,36,1,166,0,0,0,0,0,21,108,36,1,166,64,0,64,230
12/14/2009,TYS,TN,ASO,ES,Combined TRACON& Tower with Radar,20,124,70,9,223,0,0,16,0,16,20,124,86,9,239,28,0,28,267
12/15/2009,TYS,TN,ASO,ES,Combined TRACON& Tower with Radar,23,133,93,80,329,0,1,16,1,18,23,134,109,81,347,0,30,30,377
12/16/2009,TYS,TN,ASO,ES,Combined TRACON& Tower with Radar,24,124,80,49,277,0,1,60,1,62,24,125,140,50,339,30,42,72,411
12/17/2009,TYS,TN,ASO,ES,Combined TRACON& Tower with Radar,24,136,67,70,297,0,0,48,0,48,24,136,115,70,345,2,0,2,347
12/18/2009,TYS,TN,ASO,ES,Combined TRACON& Tower with Radar,34,118,60,4,216,0,0,0,0,0,34,118,60,4,216,0,0,0,216
12/19/2009,TYS,TN,ASO,ES,Combined TRACON& Tower with Radar,24,90,15,0,129,0,0,2,0,2,24,90,17,0,131,0,0,0,131
12/20/2009,TYS,TN,ASO,ES,Combined TRACON& Tower with Radar,17,95,37,0,149,0,0,5,0,5,17,95,42,0,154,0,0,0,154
12/21/2009,TYS,TN,ASO,ES,Combined TRACON& Tower with Radar,19,127,69,20,235,0,0,23,0,23,19,127,92,20,258,32,18,50,308
12/22/2009,TYS,TN,ASO,ES,Combined TRACON& Tower with Radar,25,137,84,50,296,0,0,44,2,46,25,137,128,52,342,12,36,48,390
12/23/2009,TYS,TN,ASO,ES,Combined TRACON& Tower with Radar,30,130,48,18,226,0,0,30,6,36,30,130,78,24,262,46,4,50,312
12/24/2009,TYS,TN,ASO,ES,Combined TRACON& Tower with Radar,18,87,24,0,129,0,0,6,0,6,18,87,30,0,135,12,12,24,159
12/25/2009,TYS,TN,ASO,ES,Combined TRACON& Tower with Radar,14,94,9,0,117,0,0,0,0,0,14,94,9,0,117,0,0,0,117
12/26/2009,TYS,TN,ASO,ES,Combined TRACON& Tower with Radar,22,96,52,0,170,0,0,25,0,25,22,96,77,0,195,0,0,0,195
12/27/2009,TYS,TN,ASO,ES,Combined TRACON& Tower with Radar,19,116,39,0,174,0,0,19,0,19,19,116,58,0,193,6,0,6,199
12/28/2009,TYS,TN,ASO,ES,Combined TRACON& Tower with Radar,17,129,24,0,170,0,2,36,0,38,17,131,60,0,208,26,0,26,234
12/29/2009,TYS,TN,ASO,ES,Combined TRACON& Tower with Radar,26,113,68,40,247,0,2,35,0,37,26,115,103,40,284,34,22,56,340
12/30/2009,TYS,TN,ASO,ES,Combined TRACON& Tower with Radar,28,125,41,29,223,0,0,39,1,40,28,125,80,30,263,4,16,20,283
12/31/2009,TYS,TN,ASO,ES,Combined TRACON& Tower with Radar,17,100,20,0,137,0,0,0,0,0,17,100,20,0,137,6,0,6,143
01/01/2010,TYS,TN,ASO,ES,Combined TRACON& Tower with Radar,12,89,16,0,117,0,0,8,0,8,12,89,24,0,125,27,0,27,152
01/02/2010,TYS,TN,ASO,ES,Combined TRACON& Tower with Radar,22,111,35,0,168,0,0,16,0,16,22,111,51,0,184,84,0,84,268
01/03/2010,TYS,TN,ASO,ES,Combined TRACON& Tower with Radar,14,119,64,2,199,0,0,15,0,15,14,119,79,2,214,0,0,0,214
01/04/2010,TYS,TN,ASO,ES,Combined TRACON& Tower with Radar,21,126,53,5,205,0,0,7,2,9,21,126,60,7,214,22,0,22,236
01/05/2010,TYS,TN,ASO,ES,Combined TRACON& Tower with Radar,16,121,35,35,207,0,0,17,1,18,16,121,52,36,225,40,0,40,265
01/06/2010,TYS,TN,ASO,ES,Combined TRACON& Tower with Radar,20,124,46,30,220,0,2,29,0,31,20,126,75,30,251,38,34,72,323
01/07/2010,TYS,TN,ASO,ES,Combined TRACON& Tower with Radar,27,112,34,16,189,0,0,9,0,9,27,112,43,16,198,18,12,30,228
01/08/2010,TYS,TN,ASO,ES,Combined TRACON& Tower with Radar,22,130,46,4,202,0,0,0,0,0,22,130,46,4,202,0,0,0,202
01/09/2010,TYS,TN,ASO,ES,Combined TRACON& Tower with Radar,17,74,31,2,124,0,0,26,4,30,17,74,57,6,154,10,0,10,164
01/10/2010,TYS,TN,ASO,ES,Combined TRACON& Tower with Radar,24,102,41,1,168,0,2,23,1,26,24,104,64,2,194,26,0,26,220
01/11/2010,TYS,TN,ASO,ES,Combined TRACON& Tower with Radar,14,121,49,16,200,0,0,23,0,23,14,121,72,16,223,2,26,28,251
01/12/2010,TYS,TN,ASO,ES,Combined TRACON& Tower with Radar,17,109,47,26,199,0,0,16,0,16,17,109,63,26,215,0,28,28,243
01/13/2010,TYS,TN,ASO,ES,Combined TRACON& Tower with Radar,21,123,63,27,234,0,2,51,3,56,21,125,114,30,290,44,20,64,354
01/14/2010,TYS,TN,ASO,ES,Combined TRACON& Tower with Radar,26,131,70,34,261,0,1,48,4,53,26,132,118,38,314,84,10,94,408
01/15/2010,TYS,TN,ASO,ES,Combined TRACON& Tower with Radar,21,120,71,65,277,0,0,54,11,65,21,120,125,76,342,46,82,128,470
01/16/2010,TYS,TN,ASO,ES,Combined TRACON& Tower with Radar,11,78,28,44,161,0,0,39,10,49,11,78,67,54,210,34,22,56,266
01/17/2010,TYS,TN,ASO,ES,Combined TRACON& Tower with Radar,19,89,57,2,167,0,0,4,0,4,19,89,61,2,171,0,0,0,171
01/18/2010,TYS,TN,ASO,ES,Combined TRACON& Tower with Radar,13,122,65,1,201,0,0,40,0,40,13,122,105,1,241,22,0,22,263
01/19/2010,TYS,TN,ASO,ES,Combined TRACON& Tower with Radar,18,114,81,71,284,0,0,32,2,34,18,114,113,73,318,58,74,132,450
01/20/2010,TYS,TN,ASO,ES,Combined TRACON& Tower with Radar,20,128,65,32,245,0,0,4,0,4,20,128,69,32,249,0,4,4,253
01/21/2010,TYS,TN,ASO,ES,Combined TRACON& Tower with Radar,28,127,47,12,214,0,0,8,0,8,28,127,55,12,222,26,0,26,248
01/22/2010,TYS,TN,ASO,ES,Combined TRACON& Tower with Radar,21,129,65,6,221,0,0,7,0,7,21,129,72,6,228,0,0,0,228
01/23/2010,TYS,TN,ASO,ES,Combined TRACON& Tower with Radar,16,82,57,1,156,0,0,16,0,16,16,82,73,1,172,58,0,58,230
01/24/2010,TYS,TN,ASO,ES,Combined TRACON& Tower with Radar,22,105,38,3,168,0,0,0,0,0,22,105,38,3,168,0,0,0,168
01/25/2010,TYS,TN,ASO,ES,Combined TRACON& Tower with Radar,12,123,76,12,223,0,0,7,0,7,12,123,83,12,230,20,0,20,250
01/26/2010,TYS,TN,ASO,ES,Combined TRACON& Tower with Radar,16,120,58,65,259,0,0,10,2,12,16,120,68,67,271,20,16,36,307
01/27/2010,TYS,TN,ASO,ES,Combined TRACON& Tower with Radar,20,122,68,42,252,0,2,65,5,72,20,124,133,47,324,6,40,46,370
01/28/2010,TYS,TN,ASO,ES,Combined TRACON& Tower with Radar,30,123,99,47,299,0,0,43,1,44,30,123,142,48,343,8,44,52,395
01/29/2010,TYS,TN,ASO,ES,Combined TRACON& Tower with Radar,13,113,38,14,178,0,0,12,2,14,13,113,50,16,192,24,4,28,220
01/30/2010,TYS,TN,ASO,ES,Combined TRACON& Tower with Radar,12,60,8,0,80,0,0,0,0,0,12,60,8,0,80,0,0,0,80
01/31/2010,TYS,TN,ASO,ES,Combined TRACON& Tower with Radar,18,104,32,0,154,0,0,23,0,23,18,104,55,0,177,6,0,6,183
02/01/2010,TYS,TN,ASO,ES,Combined TRACON& Tower with Radar,15,117,66,26,224,0,2,32,4,38,15,119,98,30,262,66,14,80,342
02/02/2010,TYS,TN,ASO,ES,Combined TRACON& Tower with Radar,16,117,68,21,222,0,0,0,0,0,16,117,68,21,222,0,0,0,222
02/03/2010,TYS,TN,ASO,ES,Combined TRACON& Tower with Radar,31,125,74,56,286,0,0,47,2,49,31,125,121,58,335,24,30,54,389
02/04/2010,TYS,TN,ASO,ES,Combined TRACON& Tower with Radar,23,134,80,71,308,0,0,20,1,21,23,134,100,72,329,6,44,50,379
02/05/2010,TYS,TN,ASO,ES,Combined TRACON& Tower with Radar,22,125,56,18,221,0,0,0,0,0,22,125,56,18,221,0,0,0,221
02/06/2010,TYS,TN,ASO,ES,Combined TRACON& Tower with Radar,22,74,14,1,111,0,0,2,0,2,22,74,16,1,113,6,0,6,119
02/07/2010,TYS,TN,ASO,ES,Combined TRACON& Tower with Radar,17,88,33,7,145,0,0,5,0,5,17,88,38,7,150,0,0,0,150
02/08/2010,TYS,TN,ASO,ES,Combined TRACON& Tower with Radar,15,130,64,2,211,0,0,38,0,38,15,130,102,2,249,14,0,14,263
02/09/2010,TYS,TN,ASO,ES,Combined TRACON& Tower with Radar,18,101,38,10,167,0,0,0,0,0,18,101,38,10,167,0,0,0,167
02/10/2010,TYS,TN,ASO,ES,Combined TRACON& Tower with Radar,28,105,43,17,193,0,0,1,0,1,28,105,44,17,194,4,0,4,198
02/11/2010,TYS,TN,ASO,ES,Combined TRACON& Tower with Radar,25,116,76,57,274,0,0,38,3,41,25,116,114,60,315,32,26,58,373
02/12/2010,TYS,TN,ASO,ES,Combined TRACON& Tower with Radar,15,115,65,40,235,0,0,12,0,12,15,115,77,40,247,0,26,26,273
02/13/2010,TYS,TN,ASO,ES,Combined TRACON& Tower with Radar,18,76,36,3,133,0,0,33,0,33,18,76,69,3,166,54,0,54,220
02/14/2010,TYS,TN,ASO,ES,Combined TRACON& Tower with Radar,24,89,32,1,146,0,0,5,0,5,24,89,37,1,151,12,0,12,163
02/15/2010,TYS,TN,ASO,ES,Combined TRACON& Tower with Radar,16,106,24,0,146,0,0,2,0,2,16,106,26,0,148,0,0,0,148
02/16/2010,TYS,TN,ASO,ES,Combined TRACON& Tower with Radar,23,128,55,34,240,0,0,8,0,8,23,128,63,34,248,12,4,16,264
02/17/2010,TYS,TN,ASO,ES,Combined TRACON& Tower with Radar,28,120,84,32,264,0,0,17,0,17,28,120,101,32,281,0,20,20,301
02/18/2010,TYS,TN,ASO,ES,Combined TRACON& Tower with Radar,24,122,85,45,276,0,4,58,0,62,24,126,143,45,338,20,42,62,400
02/19/2010,TYS,TN,ASO,ES,Combined TRACON& Tower with Radar,23,126,94,37,280,0,0,101,1,102,23,126,195,38,382,54,0,54,436
02/20/2010,TYS,TN,ASO,ES,Combined TRACON& Tower with Radar,18,82,51,4,155,0,0,58,0,58,18,82,109,4,213,44,0,44,257
02/21/2010,TYS,TN,ASO,ES,Combined TRACON& Tower with Radar,16,100,54,10,180,0,0,45,0,45,16,100,99,10,225,0,1,1,226
02/22/2010,TYS,TN,ASO,ES,Combined TRACON& Tower with Radar,19,117,48,39,223,0,0,2,0,2,19,117,50,39,225,0,0,0,225
02/23/2010,TYS,TN,ASO,ES,Combined TRACON& Tower with Radar,18,113,59,44,234,0,1,0,0,1,18,114,59,44,235,0,0,0,235
02/24/2010,TYS,TN,ASO,ES,Combined TRACON& Tower with Radar,28,118,57,61,264,0,0,6,0,6,28,118,63,61,270,30,40,70,340
02/25/2010,TYS,TN,ASO,ES,Combined TRACON& Tower with Radar,25,124,68,45,262,0,0,15,2,17,25,124,83,47,279,22,12,34,313
02/26/2010,TYS,TN,ASO,ES,Combined TRACON& Tower with Radar,22,121,91,18,252,0,2,51,5,58,22,123,142,23,310,86,22,108,418
02/27/2010,TYS,TN,ASO,ES,Combined TRACON& Tower with Radar,19,80,59,40,198,0,0,39,0,39,19,80,98,40,237,8,10,18,255
02/28/2010,TYS,TN,ASO,ES,Combined TRACON& Tower with Radar,20,100,45,5,170,0,0,11,0,11,20,100,56,5,181,0,0,0,181
03/01/2010,TYS,TN,ASO,ES,Combined TRACON& Tower with Radar,17,130,46,28,221,0,0,35,2,37,17,130,81,30,258,8,14,22,280
03/02/2010,TYS,TN,ASO,ES,Combined TRACON& Tower with Radar,20,115,32,2,169,0,0,0,0,0,20,115,32,2,169,0,0,0,169
03/03/2010,TYS,TN,ASO,ES,Combined TRACON& Tower with Radar,31,115,62,56,264,0,0,7,4,11,31,115,69,60,275,4,28,32,307
03/04/2010,TYS,TN,ASO,ES,Combined TRACON& Tower with Radar,27,127,81,62,297,0,1,48,5,54,27,128,129,67,351,16,16,32,383
03/05/2010,TYS,TN,ASO,ES,Combined TRACON& Tower with Radar,29,115,74,36,254,0,1,69,4,74,29,116,143,40,328,58,26,84,412
03/06/2010,TYS,TN,ASO,ES,Combined TRACON& Tower with Radar,20,84,46,1,151,0,0,51,0,51,20,84,97,1,202,74,0,74,276
03/07/2010,TYS,TN,ASO,ES,Combined TRACON& Tower with Radar,19,107,53,19,198,0,0,44,0,44,19,107,97,19,242,26,0,26,268
03/08/2010,TYS,TN,ASO,ES,Combined TRACON& Tower with Radar,22,126,70,31,249,0,2,40,3,45,22,128,110,34,294,30,16,46,340
03/09/2010,TYS,TN,ASO,ES,Combined TRACON& Tower with Radar,20,123,64,43,250,0,1,26,1,28,20,124,90,44,278,52,32,84,362
03/10/2010,TYS,TN,ASO,ES,Combined TRACON& Tower with Radar,27,131,59,35,252,0,1,19,3,23,27,132,78,38,275,4,10,14,289
03/11/2010,TYS,TN,ASO,ES,Combined TRACON& Tower with Radar,28,125,71,39,263,0,1,9,2,12,28,126,80,41,275,0,14,14,289
03/12/2010,TYS,TN,ASO,ES,Combined TRACON& Tower with Radar,32,120,48,4,204,0,0,1,0,1,32,120,49,4,205,0,0,0,205
03/13/2010,TYS,TN,ASO,ES,Combined TRACON& Tower with Radar,22,75,33,1,131,0,0,8,1,9,22,75,41,2,140,12,0,12,152
03/14/2010,TYS,TN,ASO,ES,Combined TRACON& Tower with Radar,19,92,44,2,157,0,0,0,0,0,19,92,44,2,157,0,0,0,157
03/15/2010,TYS,TN,ASO,ES,Combined TRACON& Tower with Radar,22,117,56,38,233,0,0,3,0,3,22,117,59,38,236,0,0,0,236
03/16/2010,TYS,TN,ASO,ES,Combined TRACON& Tower with Radar,26,122,69,67,284,0,0,22,0,22,26,122,91,67,306,40,24,64,370
03/17/2010,TYS,TN,ASO,ES,Combined TRACON& Tower with Radar,30,129,78,67,304,0,0,16,2,18,30,129,94,69,322,14,18,32,354
03/18/2010,TYS,TN,ASO,ES,Combined TRACON& Tower with Radar,28,133,82,23,266,0,3,41,1,45,28,136,123,24,311,10,10,20,331
03/19/2010,TYS,TN,ASO,ES,Combined TRACON& Tower with Radar,28,139,54,42,263,0,4,52,4,60,28,143,106,46,323,60,8,68,391
03/20/2010,TYS,TN,ASO,ES,Combined TRACON& Tower with Radar,23,80,65,3,171,0,1,78,5,84,23,81,143,8,255,88,0,88,343
03/21/2010,TYS,TN,ASO,ES,Combined TRACON& Tower with Radar,23,108,45,12,188,0,0,9,2,11,23,108,54,14,199,6,4,10,209
03/22/2010,TYS,TN,ASO,ES,Combined TRACON& Tower with Radar,22,127,54,1,204,0,0,1,1,2,22,127,55,2,206,6,4,10,216
03/23/2010,TYS,TN,ASO,ES,Combined TRACON& Tower with Radar,24,121,65,51,261,0,2,19,2,23,24,123,84,53,284,26,8,34,318
03/24/2010,TYS,TN,ASO,ES,Combined TRACON& Tower with Radar,31,128,63,36,258,0,2,49,4,55,31,130,112,40,313,38,26,64,377
03/25/2010,TYS,TN,ASO,ES,Combined TRACON& Tower with Radar,30,139,74,29,272,0,0,11,0,11,30,139,85,29,283,0,0,0,283
03/26/2010,TYS,TN,ASO,ES,Combined TRACON& Tower with Radar,28,137,97,30,292,0,0,9,0,9,28,137,106,30,301,12,0,12,313
03/27/2010,TYS,TN,ASO,ES,Combined TRACON& Tower with Radar,21,93,48,19,181,0,2,53,1,56,21,95,101,20,237,46,0,46,283
03/28/2010,TYS,TN,ASO,ES,Combined TRACON& Tower with Radar,28,108,38,3,177,0,0,3,0,3,28,108,41,3,180,0,0,0,180
03/29/2010,TYS,TN,ASO,ES,Combined TRACON& Tower with Radar,21,133,64,28,246,0,1,7,0,8,21,134,71,28,254,34,6,40,294
03/30/2010,TYS,TN,ASO,ES,Combined TRACON& Tower with Radar,24,112,51,62,249,0,2,44,12,58,24,114,95,74,307,34,40,74,381
03/31/2010,TYS,TN,ASO,ES,Combined TRACON& Tower with Radar,30,122,56,34,242,0,3,48,6,57,30,125,104,40,299,66,28,94,393
04/01/2010,TYS,TN,ASO,ES,Combined TRACON& Tower with Radar,26,126,69,41,262,0,7,57,1,65,26,133,126,42,327,14,6,20,347
04/02/2010,TYS,TN,ASO,ES,Combined TRACON& Tower with Radar,29,130,56,16,231,0,0,34,2,36,29,130,90,18,267,28,0,28,295
04/03/2010,TYS,TN,ASO,ES,Combined TRACON& Tower with Radar,20,80,40,1,141,0,0,15,0,15,20,80,55,1,156,22,0,22,178
04/04/2010,TYS,TN,ASO,ES,Combined TRACON& Tower with Radar,21,98,44,7,170,0,0,37,0,37,21,98,81,7,207,8,2,10,217
04/05/2010,TYS,TN,ASO,ES,Combined TRACON& Tower with Radar,19,126,64,5,214,0,2,33,0,35,19,128,97,5,249,6,0,6,255
04/06/2010,TYS,TN,ASO,ES,Combined TRACON& Tower with Radar,25,118,64,62,269,0,4,29,6,39,25,122,93,68,308,44,54,98,406
04/07/2010,TYS,TN,ASO,ES,Combined TRACON& Tower with Radar,33,122,88,61,304,0,3,15,1,19,33,125,103,62,323,6,8,14,337
04/08/2010,TYS,TN,ASO,ES,Combined TRACON& Tower with Radar,35,128,52,32,247,0,0,9,1,10,35,128,61,33,257,12,18,30,287
04/09/2010,TYS,TN,ASO,ES,Combined TRACON& Tower with Radar,29,130,87,35,281,0,2,58,4,64,29,132,145,39,345,0,0,0,345
04/10/2010,TYS,TN,ASO,ES,Combined TRACON& Tower with Radar,19,83,82,0,184,0,0,70,0,70,19,83,152,0,254,66,0,66,320
04/11/2010,TYS,TN,ASO,ES,Combined TRACON& Tower with Radar,23,109,59,26,217,0,1,38,6,45,23,110,97,32,262,14,30,44,306
04/12/2010,TYS,TN,ASO,ES,Combined TRACON& Tower with Radar,21,129,69,31,250,0,2,48,2,52,21,131,117,33,302,20,30,50,352
04/13/2010,TYS,TN,ASO,ES,Combined TRACON& Tower with Radar,26,129,62,34,251,0,2,45,2,49,26,131,107,36,300,24,8,32,332
04/14/2010,TYS,TN,ASO,ES,Combined TRACON& Tower with Radar,30,124,82,74,310,0,1,50,6,57,30,125,132,80,367,44,36,80,447
04/15/2010,TYS,TN,ASO,ES,Combined TRACON& Tower with Radar,30,121,100,30,281,0,0,35,3,38,30,121,135,33,319,42,6,48,367
04/16/2010,TYS,TN,ASO,ES,Combined TRACON& Tower with Radar,33,141,79,34,287,0,1,47,1,49,33,142,126,35,336,18,8,26,362
04/17/2010,TYS,TN,ASO,ES,Combined TRACON& Tower with Radar,18,85,33,4,140,0,0,28,0,28,18,85,61,4,168,22,0,22,190
04/18/2010,TYS,TN,ASO,ES,Combined TRACON& Tower with Radar,24,113,63,13,213,0,0,35,2,37,24,113,98,15,250,24,0,24,274
04/19/2010,TYS,TN,ASO,ES,Combined TRACON& Tower with Radar,23,125,67,42,257,0,3,27,3,33,23,128,94,45,290,4,30,34,324
04/20/2010,TYS,TN,ASO,ES,Combined TRACON& Tower with Radar,28,126,75,33,262,0,0,2,0,2,28,126,77,33,264,0,0,0,264
04/21/2010,TYS,TN,ASO,ES,Combined TRACON& Tower with Radar,30,127,78,17,252,0,1,36,3,40,30,128,114,20,292,66,8,74,366
04/22/2010,TYS,TN,ASO,ES,Combined TRACON& Tower with Radar,31,133,79,14,257,0,3,59,3,65,31,136,138,17,322,46,0,46,368
04/23/2010,TYS,TN,ASO,ES,Combined TRACON& Tower with Radar,32,134,56,50,272,0,2,34,15,51,32,136,90,65,323,20,38,58,381
04/24/2010,TYS,TN,ASO,ES,Combined TRACON& Tower with Radar,33,90,15,1,139,0,0,8,0,8,33,90,23,1,147,22,0,22,169
04/25/2010,TYS,TN,ASO,ES,Combined TRACON& Tower with Radar,21,108,38,9,176,0,0,11,1,12,21,108,49,10,188,0,4,4,192
04/26/2010,TYS,TN,ASO,ES,Combined TRACON& Tower with Radar,21,141,61,23,246,0,0,8,0,8,21,141,69,23,254,12,6,18,272
04/27/2010,TYS,TN,ASO,ES,Combined TRACON& Tower with Radar,26,127,74,30,257,0,0,7,1,8,26,127,81,31,265,0,0,0,265
04/28/2010,TYS,TN,ASO,ES,Combined TRACON& Tower with Radar,38,133,78,44,293,0,4,41,4,49,38,137,119,48,342,10,30,40,382
04/29/2010,TYS,TN,ASO,ES,Combined TRACON& Tower with Radar,28,131,84,62,305,0,3,54,5,62,28,134,138,67,367,40,30,70,437
04/30/2010,TYS,TN,ASO,ES,Combined TRACON& Tower with Radar,32,127,96,66,321,0,0,35,1,36,32,127,131,67,357,24,16,40,397
05/01/2010,TYS,TN,ASO,ES,Combined TRACON& Tower with Radar,18,74,31,2,125,0,2,9,0,11,18,76,40,2,136,24,0,24,160
05/02/2010,TYS,TN,ASO,ES,Combined TRACON& Tower with Radar,22,117,26,0,165,0,0,1,0,1,22,117,27,0,166,0,0,0,166
05/03/2010,TYS,TN,ASO,ES,Combined TRACON& Tower with Radar,25,126,62,6,219,0,2,25,2,29,25,128,87,8,248,0,0,0,248
05/04/2010,TYS,TN,ASO,ES,Combined TRACON& Tower with Radar,28,137,77,92,334,0,4,36,1,41,28,141,113,93,375,56,84,140,515
05/05/2010,TYS,TN,ASO,ES,Combined TRACON& Tower with Radar,32,133,77,41,283,0,0,45,0,45,32,133,122,41,328,108,20,128,456
05/06/2010,TYS,TN,ASO,ES,Combined TRACON& Tower with Radar,30,135,72,48,285,0,1,62,4,67,30,136,134,52,352,54,36,90,442
05/07/2010,TYS,TN,ASO,ES,Combined TRACON& Tower with Radar,37,131,67,36,271,0,0,29,0,29,37,131,96,36,300,69,6,75,375
05/08/2010,TYS,TN,ASO,ES,Combined TRACON& Tower with Radar,26,89,30,3,148,0,0,37,3,40,26,89,67,6,188,32,0,32,220
05/09/2010,TYS,TN,ASO,ES,Combined TRACON& Tower with Radar,24,113,52,7,196,0,0,38,2,40,24,113,90,9,236,42,0,42,278
05/10/2010,TYS,TN,ASO,ES,Combined TRACON& Tower with Radar,29,132,61,18,240,0,0,32,0,32,29,132,93,18,272,54,30,84,356
05/11/2010,TYS,TN,ASO,ES,Combined TRACON& Tower with Radar,37,126,75,45,283,0,0,22,0,22,37,126,97,45,305,40,26,66,371
05/12/2010,TYS,TN,ASO,ES,Combined TRACON& Tower with Radar,38,115,66,62,281,0,1,18,0,19,38,116,84,62,300,22,40,62,362
05/13/2010,TYS,TN,ASO,ES,Combined TRACON& Tower with Radar,33,130,83,41,287,0,0,28,0,28,33,130,111,41,315,52,28,80,395
05/14/2010,TYS,TN,ASO,ES,Combined TRACON& Tower with Radar,38,124,48,20,230,0,0,36,1,37,38,124,84,21,267,22,22,44,311
05/15/2010,TYS,TN,ASO,ES,Combined TRACON& Tower with Radar,24,83,37,2,146,0,0,25,0,25,24,83,62,2,171,30,0,30,201
05/16/2010,TYS,TN,ASO,ES,Combined TRACON& Tower with Radar,18,108,47,3,176,0,0,2,0,2,18,108,49,3,178,6,0,6,184
05/17/2010,TYS,TN,ASO,ES,Combined TRACON& Tower with Radar,32,135,56,24,247,0,0,15,0,15,32,135,71,24,262,14,2,16,278
05/18/2010,TYS,TN,ASO,ES,Combined TRACON& Tower with Radar,32,124,71,71,298,0,0,31,2,33,32,124,102,73,331,18,24,42,373
05/19/2010,TYS,TN,ASO,ES,Combined TRACON& Tower with Radar,36,129,94,33,292,0,1,45,10,56,36,130,139,43,348,16,20,36,384
05/20/2010,TYS,TN,ASO,ES,Combined TRACON& Tower with Radar,34,131,87,46,298,0,0,32,4,36,34,131,119,50,334,18,36,54,388
05/21/2010,TYS,TN,ASO,ES,Combined TRACON& Tower with Radar,50,133,89,31,303,0,0,12,0,12,50,133,101,31,315,10,6,16,331
05/22/2010,TYS,TN,ASO,ES,Combined TRACON& Tower with Radar,25,78,44,12,159,0,0,26,2,28,25,78,70,14,187,66,4,70,257
05/23/2010,TYS,TN,ASO,ES,Combined TRACON& Tower with Radar,19,113,53,7,192,0,0,34,0,34,19,113,87,7,226,66,2,68,294
05/24/2010,TYS,TN,ASO,ES,Combined TRACON& Tower with Radar,28,135,78,46,287,0,0,48,7,55,28,135,126,53,342,50,70,120,462
05/25/2010,TYS,TN,ASO,ES,Combined TRACON& Tower with Radar,30,126,48,47,251,0,0,20,6,26,30,126,68,53,277,0,42,42,319
05/26/2010,TYS,TN,ASO,ES,Combined TRACON& Tower with Radar,40,133,73,33,279,0,0,36,2,38,40,133,109,35,317,36,2,38,355
05/27/2010,TYS,TN,ASO,ES,Combined TRACON& Tower with Radar,34,130,99,9,272,0,0,45,3,48,34,130,144,12,320,14,0,14,334
05/28/2010,TYS,TN,ASO,ES,Combined TRACON& Tower with Radar,29,139,75,9,252,0,0,14,2,16,29,139,89,11,268,12,8,20,288
05/29/2010,TYS,TN,ASO,ES,Combined TRACON& Tower with Radar,30,79,43,20,172,0,2,7,0,9,30,81,50,20,181,0,0,0,181
05/30/2010,TYS,TN,ASO,ES,Combined TRACON& Tower with Radar,22,94,33,20,169,0,0,7,0,7,22,94,40,20,176,0,0,0,176
05/31/2010,TYS,TN,ASO,ES,Combined TRACON& Tower with Radar,20,110,42,7,179,0,0,4,0,4,20,110,46,7,183,4,0,4,187
06/01/2010,TYS,TN,ASO,ES,Combined TRACON& Tower with Radar,29,133,58,30,250,0,2,29,1,32,29,135,87,31,282,30,0,30,312
06/02/2010,TYS,TN,ASO,ES,Combined TRACON& Tower with Radar,36,133,81,53,303,0,0,34,0,34,36,133,115,53,337,22,40,62,399
06/03/2010,TYS,TN,ASO,ES,Combined TRACON& Tower with Radar,30,130,69,47,276,0,0,28,8,36,30,130,97,55,312,28,22,50,362
06/04/2010,TYS,TN,ASO,ES,Combined TRACON& Tower with Radar,37,131,57,32,257,0,0,25,0,25,37,131,82,32,282,0,0,0,282
06/05/2010,TYS,TN,ASO,ES,Combined TRACON& Tower with Radar,19,100,49,12,180,0,0,23,3,26,19,100,72,15,206,46,12,58,264
06/06/2010,TYS,TN,ASO,ES,Combined TRACON& Tower with Radar,28,109,35,8,180,0,2,4,0,6,28,111,39,8,186,0,0,0,186
06/07/2010,TYS,TN,ASO,ES,Combined TRACON& Tower with Radar,25,132,45,24,226,0,2,40,1,43,25,134,85,25,269,14,0,14,283
06/08/2010,TYS,TN,ASO,ES,Combined TRACON& Tower with Radar,31,129,71,21,252,0,0,43,6,49,31,129,114,27,301,14,12,26,327
06/09/2010,TYS,TN,ASO,ES,Combined TRACON& Tower with Radar,32,131,66,0,229,0,0,5,0,5,32,131,71,0,234,10,0,10,244
06/10/2010,TYS,TN,ASO,ES,Combined TRACON& Tower with Radar,25,132,87,12,256,0,0,19,8,27,25,132,106,20,283,8,18,26,309
06/11/2010,TYS,TN,ASO,ES,Combined TRACON& Tower with Radar,30,136,71,30,267,0,0,23,7,30,30,136,94,37,297,26,88,114,411
06/12/2010,TYS,TN,ASO,ES,Combined TRACON& Tower with Radar,19,98,40,2,159,0,0,25,0,25,19,98,65,2,184,16,0,16,200
06/13/2010,TYS,TN,ASO,ES,Combined TRACON& Tower with Radar,23,112,46,10,191,0,0,11,2,13,23,112,57,12,204,0,0,0,204
06/14/2010,TYS,TN,ASO,ES,Combined TRACON& Tower with Radar,25,124,54,7,210,0,0,28,5,33,25,124,82,12,243,18,0,18,261
06/15/2010,TYS,TN,ASO,ES,Combined TRACON& Tower with Radar,37,139,54,8,238,0,0,21,6,27,37,139,75,14,265,0,24,24,289
06/16/2010,TYS,TN,ASO,ES,Combined TRACON& Tower with Radar,31,126,72,6,235,0,0,27,7,34,31,126,99,13,269,30,6,36,305
06/17/2010,TYS,TN,ASO,ES,Combined TRACON& Tower with Radar,35,139,75,27,276,0,0,57,18,75,35,139,132,45,351,46,38,84,435
06/18/2010,TYS,TN,ASO,ES,Combined TRACON& Tower with Radar,31,122,68,21,242,0,3,32,9,44,31,125,100,30,286,0,2,2,288
06/19/2010,TYS,TN,ASO,ES,Combined TRACON& Tower with Radar,20,100,41,6,167,0,1,33,4,38,20,101,74,10,205,20,4,24,229
06/20/2010,TYS,TN,ASO,ES,Combined TRACON& Tower with Radar,21,109,49,13,192,0,0,31,0,31,21,109,80,13,223,0,2,2,225
06/21/2010,TYS,TN,ASO,ES,Combined TRACON& Tower with Radar,26,129,42,42,239,0,4,44,5,53,26,133,86,47,292,10,12,22,314
06/22/2010,TYS,TN,ASO,ES,Combined TRACON& Tower with Radar,37,138,53,63,291,0,2,50,11,63,37,140,103,74,354,32,16,48,402
06/23/2010,TYS,TN,ASO,ES,Combined TRACON& Tower with Radar,43,126,56,22,247,0,2,26,14,42,43,128,82,36,289,10,4,14,303
06/24/2010,TYS,TN,ASO,ES,Combined TRACON& Tower with Radar,32,129,67,33,261,0,0,36,29,65,32,129,103,62,326,10,34,44,370
06/25/2010,TYS,TN,ASO,ES,Combined TRACON& Tower with Radar,43,135,80,11,269,0,2,35,12,49,43,137,115,23,318,32,32,64,382
06/26/2010,TYS,TN,ASO,ES,Combined TRACON& Tower with Radar,28,94,43,11,176,0,0,29,18,47,28,94,72,29,223,14,4,18,241
06/27/2010,TYS,TN,ASO,ES,Combined TRACON& Tower with Radar,18,94,45,17,174,0,0,23,17,40,18,94,68,34,214,8,0,8,222
06/28/2010,TYS,TN,ASO,ES,Combined TRACON& Tower with Radar,26,141,60,18,245,0,0,21,10,31,26,141,81,28,276,0,0,0,276
06/29/2010,TYS,TN,ASO,ES,Combined TRACON& Tower with Radar,40,132,66,34,272,0,0,25,15,40,40,132,91,49,312,46,0,46,358
06/30/2010,TYS,TN,ASO,ES,Combined TRACON& Tower with Radar,33,140,72,51,296,0,0,52,17,69,33,140,124,68,365,28,38,66,431
07/01/2010,TYS,TN,ASO,ES,Combined TRACON& Tower with Radar,30,136,71,31,268,0,2,56,12,70,30,138,127,43,338,36,20,56,394
07/02/2010,TYS,TN,ASO,ES,Combined TRACON& Tower with Radar,30,120,63,11,224,0,2,32,4,38,30,122,95,15,262,18,0,18,280
07/03/2010,TYS,TN,ASO,ES,Combined TRACON& Tower with Radar,20,84,49,10,163,0,0,23,2,25,20,84,72,12,188,10,12,22,210
07/04/2010,TYS,TN,ASO,ES,Combined TRACON& Tower with Radar,20,84,22,2,128,0,0,14,0,14,20,84,36,2,142,0,0,0,142
07/05/2010,TYS,TN,ASO,ES,Combined TRACON& Tower with Radar,22,114,50,17,203,0,1,31,8,40,22,115,81,25,243,8,0,8,251
07/06/2010,TYS,TN,ASO,ES,Combined TRACON& Tower with Radar,26,122,74,27,249,0,1,43,3,47,26,123,117,30,296,22,6,28,324
07/07/2010,TYS,TN,ASO,ES,Combined TRACON& Tower with Radar,29,122,58,58,267,0,5,35,7,47,29,127,93,65,314,52,42,94,408
07/08/2010,TYS,TN,ASO,ES,Combined TRACON& Tower with Radar,32,119,89,28,268,0,1,51,23,75,32,120,140,51,343,20,12,32,375
07/09/2010,TYS,TN,ASO,ES,Combined TRACON& Tower with Radar,33,133,46,36,248,0,0,19,4,23,33,133,65,40,271,0,42,42,313
07/10/2010,TYS,TN,ASO,ES,Combined TRACON& Tower with Radar,20,101,30,5,156,0,0,15,2,17,20,101,45,7,173,52,4,56,229
07/11/2010,TYS,TN,ASO,ES,Combined TRACON& Tower with Radar,22,111,54,13,200,0,0,42,2,44,22,111,96,15,244,12,24,36,280
07/12/2010,TYS,TN,ASO,ES,Combined TRACON& Tower with Radar,34,126,66,12,238,0,0,8,1,9,34,126,74,13,247,0,0,0,247
07/13/2010,TYS,TN,ASO,ES,Combined TRACON& Tower with Radar,30,127,56,29,242,0,0,7,4,11,30,127,63,33,253,0,0,0,253
07/14/2010,TYS,TN,ASO,ES,Combined TRACON& Tower with Radar,30,131,71,70,302,0,6,33,11,50,30,137,104,81,352,62,30,92,444
07/15/2010,TYS,TN,ASO,ES,Combined TRACON& Tower with Radar,29,133,63,27,252,0,2,40,8,50,29,135,103,35,302,30,42,72,374
07/16/2010,TYS,TN,ASO,ES,Combined TRACON& Tower with Radar,37,126,54,45,262,0,0,55,5,60,37,126,109,50,322,0,0,0,322
07/17/2010,TYS,TN,ASO,ES,Combined TRACON& Tower with Radar,20,91,40,31,182,0,1,16,3,20,20,92,56,34,202,52,48,100,302
07/18/2010,TYS,TN,ASO,ES,Combined TRACON& Tower with Radar,21,109,51,27,208,0,1,23,2,26,21,110,74,29,234,16,0,16,250
07/19/2010,TYS,TN,ASO,ES,Combined TRACON& Tower with Radar,23,134,54,19,230,0,0,11,0,11,23,134,65,19,241,38,12,50,291
07/20/2010,TYS,TN,ASO,ES,Combined TRACON& Tower with Radar,28,126,73,44,271,0,0,33,3,36,28,126,106,47,307,28,36,64,371
07/21/2010,TYS,TN,ASO,ES,Combined TRACON& Tower with Radar,28,134,64,28,254,0,1,31,14,46,28,135,95,42,300,10,0,10,310
07/22/2010,TYS,TN,ASO,ES,Combined TRACON& Tower with Radar,30,123,82,28,263,0,1,33,14,48,30,124,115,42,311,6,20,26,337
07/23/2010,TYS,TN,ASO,ES,Combined TRACON& Tower with Radar,37,119,84,18,258,0,2,54,20,76,37,121,138,38,334,24,8,32,366
07/24/2010,TYS,TN,ASO,ES,Combined TRACON& Tower with Radar,18,87,40,26,171,0,0,43,14,57,18,87,83,40,228,0,0,0,228
07/25/2010,TYS,TN,ASO,ES,Combined TRACON& Tower with Radar,24,104,40,31,199,0,0,25,10,35,24,104,65,41,234,22,24,46,280
07/26/2010,TYS,TN,ASO,ES,Combined TRACON& Tower with Radar,24,137,44,2,207,0,1,21,8,30,24,138,65,10,237,35,16,51,288
07/27/2010,TYS,TN,ASO,ES,Combined TRACON& Tower with Radar,29,125,70,21,245,0,1,39,11,51,29,126,109,32,296,26,22,48,344
07/28/2010,TYS,TN,ASO,ES,Combined TRACON& Tower with Radar,28,127,67,10,232,0,0,23,11,34,28,127,90,21,266,58,6,64,330
07/29/2010,TYS,TN,ASO,ES,Combined TRACON& Tower with Radar,30,131,82,30,273,0,0,22,19,41,30,131,104,49,314,2,30,32,346
07/30/2010,TYS,TN,ASO,ES,Combined TRACON& Tower with Radar,30,135,68,38,271,0,0,28,14,42,30,135,96,52,313,10,20,30,343
07/31/2010,TYS,TN,ASO,ES,Combined TRACON& Tower with Radar,20,95,43,3,161,0,2,8,5,15,20,97,51,8,176,46,20,66,242
08/01/2010,TYS,TN,ASO,ES,Combined TRACON& Tower with Radar,19,110,55,1,185,0,0,14,1,15,19,110,69,2,200,28,0,28,228
08/02/2010,TYS,TN,ASO,ES,Combined TRACON& Tower with Radar,25,129,61,31,246,0,2,28,1,31,25,131,89,32,277,46,10,56,333
08/03/2010,TYS,TN,ASO,ES,Combined TRACON& Tower with Radar,32,134,75,39,280,0,1,26,15,42,32,135,101,54,322,14,36,50,372
08/04/2010,TYS,TN,ASO,ES,Combined TRACON& Tower with Radar,30,134,59,26,249,0,2,31,17,50,30,136,90,43,299,40,48,88,387
08/05/2010,TYS,TN,ASO,ES,Combined TRACON& Tower with Radar,31,133,74,8,246,0,0,32,10,42,31,133,106,18,288,24,0,24,312
08/06/2010,TYS,TN,ASO,ES,Combined TRACON& Tower with Radar,37,124,54,38,253,0,0,11,19,30,37,124,65,57,283,32,46,78,361
08/07/2010,TYS,TN,ASO,ES,Combined TRACON& Tower with Radar,19,93,54,0,166,0,3,41,14,58,19,96,95,14,224,4,0,4,228
08/08/2010,TYS,TN,ASO,ES,Combined TRACON& Tower with Radar,18,106,24,14,162,0,0,23,17,40,18,106,47,31,202,0,8,8,210
08/09/2010,TYS,TN,ASO,ES,Combined TRACON& Tower with Radar,24,131,74,25,254,0,0,44,9,53,24,131,118,34,307,0,0,0,307
08/10/2010,TYS,TN,ASO,ES,Combined TRACON& Tower with Radar,28,129,57,4,218,0,0,44,20,64,28,129,101,24,282,30,4,34,316
08/11/2010,TYS,TN,ASO,ES,Combined TRACON& Tower with Radar,27,126,59,20,232,0,2,46,14,62,27,128,105,34,294,30,24,54,348
08/12/2010,TYS,TN,ASO,ES,Combined TRACON& Tower with Radar,31,120,65,55,271,0,0,27,14,41,31,120,92,69,312,18,110,128,440
08/13/2010,TYS,TN,ASO,ES,Combined TRACON& Tower with Radar,29,118,74,19,240,0,0,29,3,32,29,118,103,22,272,16,0,16,288
08/14/2010,TYS,TN,ASO,ES,Combined TRACON& Tower with Radar,24,92,24,3,143,0,1,20,2,23,24,93,44,5,166,0,0,0,166
08/15/2010,TYS,TN,ASO,ES,Combined TRACON& Tower with Radar,18,108,34,9,169,0,0,24,1,25,18,108,58,10,194,54,0,54,248
08/16/2010,TYS,TN,ASO,ES,Combined TRACON& Tower with Radar,30,124,64,14,232,0,0,13,0,13,30,124,77,14,245,8,0,8,253
08/17/2010,TYS,TN,ASO,ES,Combined TRACON& Tower with Radar,33,115,79,42,269,0,0,21,4,25,33,115,100,46,294,48,32,80,374
08/18/2010,TYS,TN,ASO,ES,Combined TRACON& Tower with Radar,34,122,66,18,240,0,0,23,9,32,34,122,89,27,272,24,18,42,314
08/19/2010,TYS,TN,ASO,ES,Combined TRACON& Tower with Radar,38,121,78,20,257,0,0,15,13,28,38,121,93,33,285,42,22,64,349
08/20/2010,TYS,TN,ASO,ES,Combined TRACON& Tower with Radar,34,121,95,15,265,0,0,34,18,52,34,121,129,33,317,48,10,58,375
08/21/2010,TYS,TN,ASO,ES,Combined TRACON& Tower with Radar,24,80,33,6,143,0,0,5,12,17,24,80,38,18,160,0,0,0,160
08/22/2010,TYS,TN,ASO,ES,Combined TRACON& Tower with Radar,27,111,53,26,217,0,0,26,11,37,27,111,79,37,254,24,32,56,310
08/23/2010,TYS,TN,ASO,ES,Combined TRACON& Tower with Radar,25,129,68,14,236,0,0,36,8,44,25,129,104,22,280,6,52,58,338
08/24/2010,TYS,TN,ASO,ES,Combined TRACON& Tower with Radar,32,122,87,55,296,0,0,50,10,60,32,122,137,65,356,62,52,114,470
08/25/2010,TYS,TN,ASO,ES,Combined TRACON& Tower with Radar,34,121,68,7,230,0,2,40,9,51,34,123,108,16,281,24,70,94,375
08/26/2010,TYS,TN,ASO,ES,Combined TRACON& Tower with Radar,32,127,83,34,276,0,0,31,5,36,32,127,114,39,312,6,62,68,380
08/27/2010,TYS,TN,ASO,ES,Combined TRACON& Tower with Radar,34,121,61,22,238,0,2,41,9,52,34,123,102,31,290,51,20,71,361
08/28/2010,TYS,TN,ASO,ES,Combined TRACON& Tower with Radar,22,87,30,10,149,0,0,39,0,39,22,87,69,10,188,8,0,8,196
08/29/2010,TYS,TN,ASO,ES,Combined TRACON& Tower with Radar,22,111,30,22,185,0,0,30,1,31,22,111,60,23,216,16,0,16,232
08/30/2010,TYS,TN,ASO,ES,Combined TRACON& Tower with Radar,23,122,57,23,225,0,2,35,18,55,23,124,92,41,280,24,0,24,304
08/31/2010,TYS,TN,ASO,ES,Combined TRACON& Tower with Radar,34,113,71,24,242,0,0,39,36,75,34,113,110,60,317,6,18,24,341
09/01/2010,TYS,TN,ASO,ES,Combined TRACON& Tower with Radar,35,121,60,34,250,0,0,41,21,62,35,121,101,55,312,20,28,48,360
09/02/2010,TYS,TN,ASO,ES,Combined TRACON& Tower with Radar,38,120,74,38,270,0,0,28,28,56,38,120,102,66,326,64,26,90,416
09/03/2010,TYS,TN,ASO,ES,Combined TRACON& Tower with Radar,38,121,83,23,265,0,1,30,6,37,38,122,113,29,302,20,0,20,322
09/04/2010,TYS,TN,ASO,ES,Combined TRACON& Tower with Radar,27,82,39,5,153,0,0,33,0,33,27,82,72,5,186,32,6,38,224
09/05/2010,TYS,TN,ASO,ES,Combined TRACON& Tower with Radar,18,77,24,3,122,0,0,20,0,20,18,77,44,3,142,0,0,0,142
09/06/2010,TYS,TN,ASO,ES,Combined TRACON& Tower with Radar,19,106,45,2,172,0,0,38,0,38,19,106,83,2,210,16,0,16,226
09/07/2010,TYS,TN,ASO,ES,Combined TRACON& Tower with Radar,24,115,64,8,211,0,0,26,13,39,24,115,90,21,250,70,34,104,354
09/08/2010,TYS,TN,ASO,ES,Combined TRACON& Tower with Radar,39,119,68,4,230,0,0,7,2,9,39,119,75,6,239,0,0,0,239
09/09/2010,TYS,TN,ASO,ES,Combined TRACON& Tower with Radar,32,126,71,38,267,0,2,30,7,39,32,128,101,45,306,42,12,54,360
09/10/2010,TYS,TN,ASO,ES,Combined TRACON& Tower with Radar,35,123,100,53,311,0,0,28,11,39,35,123,128,64,350,0,88,88,438
09/11/2010,TYS,TN,ASO,ES,Combined TRACON& Tower with Radar,17,99,54,3,173,0,0,17,0,17,17,99,71,3,190,30,2,32,222
09/12/2010,TYS,TN,ASO,ES,Combined TRACON& Tower with Radar,29,108,95,29,261,0,6,18,20,44,29,114,113,49,305,8,26,34,339
09/13/2010,TYS,TN,ASO,ES,Combined TRACON& Tower with Radar,23,117,35,31,206,0,0,44,1,45,23,117,79,32,251,58,6,64,315
09/14/2010,TYS,TN,ASO,ES,Combined TRACON& Tower with Radar,26,118,91,52,287,0,2,46,20,68,26,120,137,72,355,16,20,36,391
09/15/2010,TYS,TN,ASO,ES,Combined TRACON& Tower with Radar,33,117,65,26,241,0,0,33,17,50,33,117,98,43,291,70,52,122,413
09/16/2010,TYS,TN,ASO,ES,Combined TRACON& Tower with Radar,28,133,81,32,274,0,0,22,22,44,28,133,103,54,318,0,26,26,344
09/17/2010,TYS,TN,ASO,ES,Combined TRACON& Tower with Radar,37,125,107,10,279,0,1,42,17,60,37,126,149,27,339,52,80,132,471
09/18/2010,TYS,TN,ASO,ES,Combined TRACON& Tower with Radar,19,102,85,5,211,0,0,34,7,41,19,102,119,12,252,0,0,0,252
09/19/2010,TYS,TN,ASO,ES,Combined TRACON& Tower with Radar,32,107,86,17,242,0,0,22,12,34,32,107,108,29,276,26,14,40,316
09/20/2010,TYS,TN,ASO,ES,Combined TRACON& Tower with Radar,28,122,61,7,218,0,2,35,14,51,28,124,96,21,269,28,10,38,307
09/21/2010,TYS,TN,ASO,ES,Combined TRACON& Tower with Radar,26,129,77,67,299,0,0,23,16,39,26,129,100,83,338,12,36,48,386
09/22/2010,TYS,TN,ASO,ES,Combined TRACON& Tower with Radar,30,121,85,52,288,0,0,15,3,18,30,121,100,55,306,30,8,38,344
09/23/2010,TYS,TN,ASO,ES,Combined TRACON& Tower with Radar,31,135,98,34,298,0,0,46,17,63,31,135,144,51,361,36,56,92,453
09/24/2010,TYS,TN,ASO,ES,Combined TRACON& Tower with Radar,32,126,80,40,278,0,2,37,2,41,32,128,117,42,319,12,16,28,347
09/25/2010,TYS,TN,ASO,ES,Combined TRACON& Tower with Radar,20,93,55,2,170,0,0,24,0,24,20,93,79,2,194,12,0,12,206
09/26/2010,TYS,TN,ASO,ES,Combined TRACON& Tower with Radar,24,98,65,4,191,0,0,0,0,0,24,98,65,4,191,0,0,0,191
09/27/2010,TYS,TN,ASO,ES,Combined TRACON& Tower with Radar,27,122,75,8,232,0,0,0,0,0,27,122,75,8,232,0,0,0,232
09/28/2010,TYS,TN,ASO,ES,Combined TRACON& Tower with Radar,28,115,89,18,250,0,0,24,8,32,28,115,113,26,282,22,26,48,330
09/29/2010,TYS,TN,ASO,ES,Combined TRACON& Tower with Radar,30,126,65,32,253,0,0,37,8,45,30,126,102,40,298,40,40,80,378
09/30/2010,TYS,TN,ASO,ES,Combined TRACON& Tower with Radar,30,130,66,20,246,0,0,24,3,27,30,130,90,23,273,46,50,96,369
10/01/2010,TYS,TN,ASO,ES,Combined TRACON& Tower with Radar,30,128,93,28,279,0,0,50,5,55,30,128,143,33,334,14,4,18,352
10/02/2010,TYS,TN,ASO,ES,Combined TRACON& Tower with Radar,17,87,33,11,148,0,1,34,14,49,17,88,67,25,197,28,20,48,245
10/03/2010,TYS,TN,ASO,ES,Combined TRACON& Tower with Radar,26,109,60,4,199,0,0,6,4,10,26,109,66,8,209,0,0,0,209
10/04/2010,TYS,TN,ASO,ES,Combined TRACON& Tower with Radar,28,118,49,10,205,0,0,14,4,18,28,118,63,14,223,22,0,22,245
10/05/2010,TYS,TN,ASO,ES,Combined TRACON& Tower with Radar,30,116,67,38,251,0,0,31,2,33,30,116,98,40,284,6,14,20,304
10/06/2010,TYS,TN,ASO,ES,Combined TRACON& Tower with Radar,34,120,78,24,256,0,0,31,7,38,34,120,109,31,294,30,0,30,324
10/07/2010,TYS,TN,ASO,ES,Combined TRACON& Tower with Radar,33,124,74,68,299,0,0,41,10,51,33,124,115,78,350,76,82,158,508
10/08/2010,TYS,TN,ASO,ES,Combined TRACON& Tower with Radar,33,132,63,25,253,0,2,55,6,63,33,134,118,31,316,30,2,32,348
10/09/2010,TYS,TN,ASO,ES,Combined TRACON& Tower with Radar,18,93,35,12,158,0,1,46,4,51,18,94,81,16,209,16,22,38,247
10/10/2010,TYS,TN,ASO,ES,Combined TRACON& Tower with Radar,21,101,63,7,192,0,0,32,0,32,21,101,95,7,224,40,0,40,264
10/11/2010,TYS,TN,ASO,ES,Combined TRACON& Tower with Radar,27,113,59,15,214,0,0,38,0,38,27,113,97,15,252,40,0,40,292
10/12/2010,TYS,TN,ASO,ES,Combined TRACON& Tower with Radar,30,121,58,46,255,0,0,23,2,25,30,121,81,48,280,14,20,34,314
10/13/2010,TYS,TN,ASO,ES,Combined TRACON& Tower with Radar,36,121,68,7,232,0,0,20,5,25,36,121,88,12,257,0,0,0,257
10/14/2010,TYS,TN,ASO,ES,Combined TRACON& Tower with Radar,36,124,106,34,300,0,0,25,16,41,36,124,131,50,341,0,38,38,379
10/15/2010,TYS,TN,ASO,ES,Combined TRACON& Tower with Radar,33,129,84,16,262,0,0,39,12,51,33,129,123,28,313,0,0,0,313
10/16/2010,TYS,TN,ASO,ES,Combined TRACON& Tower with Radar,18,85,34,4,141,0,0,37,12,49,18,85,71,16,190,12,26,38,228
10/17/2010,TYS,TN,ASO,ES,Combined TRACON& Tower with Radar,25,107,69,3,204,0,0,34,4,38,25,107,103,7,242,38,24,62,304
10/18/2010,TYS,TN,ASO,ES,Combined TRACON& Tower with Radar,27,125,59,15,226,0,0,35,7,42,27,125,94,22,268,16,20,36,304
10/19/2010,TYS,TN,ASO,ES,Combined TRACON& Tower with Radar,32,117,53,41,243,0,0,37,12,49,32,117,90,53,292,36,12,48,340
10/20/2010,TYS,TN,ASO,ES,Combined TRACON& Tower with Radar,32,121,102,38,293,0,0,26,5,31,32,121,128,43,324,20,26,46,370
10/21/2010,TYS,TN,ASO,ES,Combined TRACON& Tower with Radar,34,132,94,39,299,0,0,39,19,58,34,132,133,58,357,0,0,0,357
10/22/2010,TYS,TN,ASO,ES,Combined TRACON& Tower with Radar,35,129,119,46,329,0,0,50,8,58,35,129,169,54,387,40,16,56,443
10/23/2010,TYS,TN,ASO,ES,Combined TRACON& Tower with Radar,21,95,82,2,200,0,0,57,0,57,21,95,139,2,257,0,0,0,257
10/24/2010,TYS,TN,ASO,ES,Combined TRACON& Tower with Radar,30,115,113,11,269,0,0,44,2,46,30,115,157,13,315,6,0,6,321
10/25/2010,TYS,TN,ASO,ES,Combined TRACON& Tower with Radar,26,136,47,54,263,0,0,14,0,14,26,136,61,54,277,22,48,70,347
10/26/2010,TYS,TN,ASO,ES,Combined TRACON& Tower with Radar,33,127,61,19,240,0,0,8,6,14,33,127,69,25,254,8,0,8,262
10/27/2010,TYS,TN,ASO,ES,Combined TRACON& Tower with Radar,40,107,54,41,242,0,0,11,8,19,40,107,65,49,261,28,68,96,357
10/28/2010,TYS,TN,ASO,ES,Combined TRACON& Tower with Radar,38,138,82,79,337,0,1,57,8,66,38,139,139,87,403,78,68,146,549
10/29/2010,TYS,TN,ASO,ES,Combined TRACON& Tower with Radar,41,129,85,64,319,0,0,34,5,39,41,129,119,69,358,28,22,50,408
10/30/2010,TYS,TN,ASO,ES,Combined TRACON& Tower with Radar,20,88,31,7,146,0,0,36,5,41,20,88,67,12,187,0,0,0,187
10/31/2010,TYS,TN,ASO,ES,Combined TRACON& Tower with Radar,22,107,46,19,194,0,0,38,0,38,22,107,84,19,232,28,0,28,260
11/01/2010,TYS,TN,ASO,ES,Combined TRACON& Tower with Radar,28,130,67,33,258,0,0,39,6,45,28,130,106,39,303,40,72,112,415
11/02/2010,TYS,TN,ASO,ES,Combined TRACON& Tower with Radar,32,105,75,46,258,0,0,32,7,39,32,105,107,53,297,40,24,64,361
11/03/2010,TYS,TN,ASO,ES,Combined TRACON& Tower with Radar,33,116,57,46,252,0,0,7,3,10,33,116,64,49,262,40,40,80,342
11/04/2010,TYS,TN,ASO,ES,Combined TRACON& Tower with Radar,32,117,89,25,263,0,0,8,6,14,32,117,97,31,277,6,12,18,295
11/05/2010,TYS,TN,ASO,ES,Combined TRACON& Tower with Radar,35,116,62,8,221,0,3,8,15,26,35,119,70,23,247,0,0,0,247
11/06/2010,TYS,TN,ASO,ES,Combined TRACON& Tower with Radar,21,81,44,2,148,0,0,13,18,31,21,81,57,20,179,32,0,32,211
11/07/2010,TYS,TN,ASO,ES,Combined TRACON& Tower with Radar,27,114,59,27,227,0,0,30,6,36,27,114,89,33,263,6,24,30,293
11/08/2010,TYS,TN,ASO,ES,Combined TRACON& Tower with Radar,27,116,75,24,242,0,0,46,0,46,27,116,121,24,288,36,8,44,332
11/09/2010,TYS,TN,ASO,ES,Combined TRACON& Tower with Radar,30,117,62,37,246,0,1,51,12,64,30,118,113,49,310,42,22,64,374
11/10/2010,TYS,TN,ASO,ES,Combined TRACON& Tower with Radar,36,109,107,46,298,0,1,58,12,71,36,110,165,58,369,50,64,114,483
11/11/2010,TYS,TN,ASO,ES,Combined TRACON& Tower with Radar,36,121,83,6,246,0,0,43,3,46,36,121,126,9,292,56,0,56,348
11/12/2010,TYS,TN,ASO,ES,Combined TRACON& Tower with Radar,35,113,125,17,290,0,1,44,4,49,35,114,169,21,339,0,0,0,339
11/13/2010,TYS,TN,ASO,ES,Combined TRACON& Tower with Radar,21,92,62,12,187,0,0,52,9,61,21,92,114,21,248,84,4,88,336
11/14/2010,TYS,TN,ASO,ES,Combined TRACON& Tower with Radar,22,112,80,2,216,0,0,15,1,16,22,112,95,3,232,10,0,10,242
11/15/2010,TYS,TN,ASO,ES,Combined TRACON& Tower with Radar,30,114,75,8,227,0,0,1,0,1,30,114,76,8,228,0,0,0,228
11/16/2010,TYS,TN,ASO,ES,Combined TRACON& Tower with Radar,31,121,60,24,236,0,0,3,8,11,31,121,63,32,247,0,2,2,249
11/17/2010,TYS,TN,ASO,ES,Combined TRACON& Tower with Radar,33,118,83,36,270,0,2,34,17,53,33,120,117,53,323,66,40,106,429
11/18/2010,TYS,TN,ASO,ES,Combined TRACON& Tower with Radar,30,121,97,28,276,0,0,31,8,39,30,121,128,36,315,18,10,28,343
11/19/2010,TYS,TN,ASO,ES,Combined TRACON& Tower with Radar,33,117,106,22,278,0,0,52,4,56,33,117,158,26,334,0,0,0,334
11/20/2010,TYS,TN,ASO,ES,Combined TRACON& Tower with Radar,19,88,44,3,154,0,0,47,4,51,19,88,91,7,205,142,0,142,347
11/21/2010,TYS,TN,ASO,ES,Combined TRACON& Tower with Radar,22,102,70,24,218,0,0,33,5,38,22,102,103,29,256,22,6,28,284
11/22/2010,TYS,TN,ASO,ES,Combined TRACON& Tower with Radar,28,103,69,41,241,0,0,42,0,42,28,103,111,41,283,10,0,10,293
11/23/2010,TYS,TN,ASO,ES,Combined TRACON& Tower with Radar,36,123,59,21,239,0,0,3,7,10,36,123,62,28,249,0,14,14,263
11/24/2010,TYS,TN,ASO,ES,Combined TRACON& Tower with Radar,35,131,101,10,277,0,0,10,0,10,35,131,111,10,287,24,0,24,311
11/25/2010,TYS,TN,ASO,ES,Combined TRACON& Tower with Radar,12,66,28,0,106,0,0,7,0,7,12,66,35,0,113,0,0,0,113
11/26/2010,TYS,TN,ASO,ES,Combined TRACON& Tower with Radar,32,76,49,0,157,0,0,11,0,11,32,76,60,0,168,0,0,0,168
11/27/2010,TYS,TN,ASO,ES,Combined TRACON& Tower with Radar,22,115,65,0,202,0,0,18,0,18,22,115,83,0,220,16,12,28,248
11/28/2010,TYS,TN,ASO,ES,Combined TRACON& Tower with Radar,23,136,89,2,250,0,0,29,0,29,23,136,118,2,279,2,0,2,281
11/29/2010,TYS,TN,ASO,ES,Combined TRACON& Tower with Radar,24,122,78,15,239,0,0,16,4,20,24,122,94,19,259,12,0,12,271
11/30/2010,TYS,TN,ASO,ES,Combined TRACON& Tower with Radar,30,116,34,2,182,0,0,0,0,0,30,116,34,2,182,0,0,0,182
12/01/2010,TYS,TN,ASO,ES,Combined TRACON& Tower with Radar,30,118,72,95,315,0,1,6,7,14,30,119,78,102,329,0,48,48,377
12/02/2010,TYS,TN,ASO,ES,Combined TRACON& Tower with Radar,30,125,86,56,297,0,0,28,9,37,30,125,114,65,334,18,50,68,402
12/03/2010,TYS,TN,ASO,ES,Combined TRACON& Tower with Radar,32,129,86,34,281,0,3,50,23,76,32,132,136,57,357,12,6,18,375
12/04/2010,TYS,TN,ASO,ES,Combined TRACON& Tower with Radar,18,87,38,4,147,0,0,4,0,4,18,87,42,4,151,0,0,0,151
12/05/2010,TYS,TN,ASO,ES,Combined TRACON& Tower with Radar,22,121,46,6,195,0,0,5,0,5,22,121,51,6,200,0,0,0,200
12/06/2010,TYS,TN,ASO,ES,Combined TRACON& Tower with Radar,25,128,65,28,246,0,0,9,6,15,25,128,74,34,261,18,12,30,291
12/07/2010,TYS,TN,ASO,ES,Combined TRACON& Tower with Radar,31,117,65,15,228,0,0,21,10,31,31,117,86,25,259,0,2,2,261
12/08/2010,TYS,TN,ASO,ES,Combined TRACON& Tower with Radar,30,115,92,38,275,0,1,33,9,43,30,116,125,47,318,32,26,58,376
12/09/2010,TYS,TN,ASO,ES,Combined TRACON& Tower with Radar,34,116,91,46,287,0,0,44,14,58,34,116,135,60,345,24,50,74,419
12/10/2010,TYS,TN,ASO,ES,Combined TRACON& Tower with Radar,29,131,69,44,273,0,0,34,19,53,29,131,103,63,326,62,18,80,406
12/11/2010,TYS,TN,ASO,ES,Combined TRACON& Tower with Radar,18,91,30,0,139,0,0,13,8,21,18,91,43,8,160,0,48,48,208
12/12/2010,TYS,TN,ASO,ES,Combined TRACON& Tower with Radar,19,88,37,6,150,0,0,0,5,5,19,88,37,11,155,4,0,4,159
12/13/2010,TYS,TN,ASO,ES,Combined TRACON& Tower with Radar,28,118,52,2,200,0,0,2,0,2,28,118,54,2,202,4,0,4,206
12/14/2010,TYS,TN,ASO,ES,Combined TRACON& Tower with Radar,26,118,77,33,254,0,1,23,16,40,26,119,100,49,294,24,30,54,348
12/15/2010,TYS,TN,ASO,ES,Combined TRACON& Tower with Radar,26,124,75,19,244,0,0,18,12,30,26,124,93,31,274,0,0,0,274
12/16/2010,TYS,TN,ASO,ES,Combined TRACON& Tower with Radar,35,117,47,5,204,0,0,0,0,0,35,117,47,5,204,0,0,0,204
12/17/2010,TYS,TN,ASO,ES,Combined TRACON& Tower with Radar,32,118,80,6,236,0,0,9,4,13,32,118,89,10,249,0,10,10,259
12/18/2010,TYS,TN,ASO,ES,Combined TRACON& Tower with Radar,16,104,28,20,168,0,0,10,4,14,16,104,38,24,182,12,30,42,224
12/19/2010,TYS,TN,ASO,ES,Combined TRACON& Tower with Radar,22,118,43,0,183,0,0,18,0,18,22,118,61,0,201,2,0,2,203
12/20/2010,TYS,TN,ASO,ES,Combined TRACON& Tower with Radar,26,120,74,7,227,0,0,29,0,29,26,120,103,7,256,14,10,24,280
12/21/2010,TYS,TN,ASO,ES,Combined TRACON& Tower with Radar,30,119,44,27,220,0,0,2,0,2,30,119,46,27,222,8,0,8,230
12/22/2010,TYS,TN,ASO,ES,Combined TRACON& Tower with Radar,41,126,49,22,238,0,0,4,2,6,41,126,53,24,244,0,12,12,256
12/23/2010,TYS,TN,ASO,ES,Combined TRACON& Tower with Radar,36,122,80,28,266,0,1,26,2,29,36,123,106,30,295,0,0,0,295
12/24/2010,TYS,TN,ASO,ES,Combined TRACON& Tower with Radar,26,95,17,0,138,0,0,13,0,13,26,95,30,0,151,48,10,58,209
12/25/2010,TYS,TN,ASO,ES,Combined TRACON& Tower with Radar,10,70,14,0,94,0,0,0,0,0,10,70,14,0,94,0,0,0,94
12/26/2010,TYS,TN,ASO,ES,Combined TRACON& Tower with Radar,16,109,21,0,146,0,0,0,0,0,16,109,21,0,146,0,0,0,146
12/27/2010,TYS,TN,ASO,ES,Combined TRACON& Tower with Radar,23,120,53,0,196,0,0,29,0,29,23,120,82,0,225,6,0,6,231
12/28/2010,TYS,TN,ASO,ES,Combined TRACON& Tower with Radar,29,124,41,2,196,0,1,27,0,28,29,125,68,2,224,0,0,0,224
12/29/2010,TYS,TN,ASO,ES,Combined TRACON& Tower with Radar,32,111,50,28,221,0,0,32,0,32,32,111,82,28,253,4,24,28,281
12/30/2010,TYS,TN,ASO,ES,Combined TRACON& Tower with Radar,31,133,34,14,212,0,1,22,1,24,31,134,56,15,236,14,8,22,258
12/31/2010,TYS,TN,ASO,ES,Combined TRACON& Tower with Radar,25,91,31,0,147,0,0,25,0,25,25,91,56,0,172,0,0,0,172
01/01/2011,TYS,TN,ASO,ES,Combined TRACON& Tower with Radar,14,78,10,0,102,0,0,0,0,0,14,78,10,0,102,0,0,0,102
01/02/2011,TYS,TN,ASO,ES,Combined TRACON& Tower with Radar,22,107,68,0,197,0,0,31,0,31,22,107,99,0,228,0,0,0,228
01/03/2011,TYS,TN,ASO,ES,Combined TRACON& Tower with Radar,23,115,59,1,198,0,1,42,0,43,23,116,101,1,241,8,0,8,249
01/04/2011,TYS,TN,ASO,ES,Combined TRACON& Tower with Radar,23,119,72,57,271,0,1,21,10,32,23,120,93,67,303,28,12,40,343
01/05/2011,TYS,TN,ASO,ES,Combined TRACON& Tower with Radar,23,114,65,28,230,0,0,19,5,24,23,114,84,33,254,0,10,10,264
01/06/2011,TYS,TN,ASO,ES,Combined TRACON& Tower with Radar,31,132,72,54,289,0,0,22,4,26,31,132,94,58,315,0,18,18,333
01/07/2011,TYS,TN,ASO,ES,Combined TRACON& Tower with Radar,30,122,65,33,250,0,0,5,4,9,30,122,70,37,259,0,26,26,285
01/08/2011,TYS,TN,ASO,ES,Combined TRACON& Tower with Radar,12,87,24,2,125,0,0,0,1,1,12,87,24,3,126,0,0,0,126
01/09/2011,TYS,TN,ASO,ES,Combined TRACON& Tower with Radar,19,100,51,10,180,0,0,20,5,25,19,100,71,15,205,2,16,18,223
01/10/2011,TYS,TN,ASO,ES,Combined TRACON& Tower with Radar,17,92,13,2,124,0,0,0,0,0,17,92,13,2,124,0,0,0,124
01/11/2011,TYS,TN,ASO,ES,Combined TRACON& Tower with Radar,18,74,38,2,132,0,0,0,0,0,18,74,38,2,132,0,0,0,132
01/12/2011,TYS,TN,ASO,ES,Combined TRACON& Tower with Radar,25,122,47,20,214,0,0,3,2,5,25,122,50,22,219,0,12,12,231
01/13/2011,TYS,TN,ASO,ES,Combined TRACON& Tower with Radar,24,131,55,29,239,0,0,11,2,13,24,131,66,31,252,0,8,8,260
01/14/2011,TYS,TN,ASO,ES,Combined TRACON& Tower with Radar,25,123,94,60,302,0,0,39,7,46,25,123,133,67,348,42,32,74,422
01/15/2011,TYS,TN,ASO,ES,Combined TRACON& Tower with Radar,12,87,32,13,144,0,0,35,4,39,12,87,67,17,183,30,12,42,225
01/16/2011,TYS,TN,ASO,ES,Combined TRACON& Tower with Radar,18,98,41,4,161,0,1,22,0,23,18,99,63,4,184,14,0,14,198
01/17/2011,TYS,TN,ASO,ES,Combined TRACON& Tower with Radar,17,109,57,4,187,0,0,12,0,12,17,109,69,4,199,36,0,36,235
01/18/2011,TYS,TN,ASO,ES,Combined TRACON& Tower with Radar,21,114,74,31,240,0,0,9,2,11,21,114,83,33,251,6,2,8,259
01/19/2011,TYS,TN,ASO,ES,Combined TRACON& Tower with Radar,25,119,94,35,273,0,0,9,6,15,25,119,103,41,288,24,14,38,326
01/20/2011,TYS,TN,ASO,ES,Combined TRACON& Tower with Radar,31,128,68,59,286,0,0,30,9,39,31,128,98,68,325,0,0,0,325
01/21/2011,TYS,TN,ASO,ES,Combined TRACON& Tower with Radar,28,124,68,30,250,0,2,40,5,47,28,126,108,35,297,30,26,56,353
01/22/2011,TYS,TN,ASO,ES,Combined TRACON& Tower with Radar,11,81,54,35,181,0,0,50,8,58,11,81,104,43,239,60,28,88,327
01/23/2011,TYS,TN,ASO,ES,Combined TRACON& Tower with Radar,16,105,44,5,170,0,0,39,6,45,16,105,83,11,215,6,8,14,229
01/24/2011,TYS,TN,ASO,ES,Combined TRACON& Tower with Radar,19,117,63,15,214,0,0,29,2,31,19,117,92,17,245,16,36,52,297
01/25/2011,TYS,TN,ASO,ES,Combined TRACON& Tower with Radar,19,115,66,52,252,0,0,13,6,19,19,115,79,58,271,0,92,92,363
01/26/2011,TYS,TN,ASO,ES,Combined TRACON& Tower with Radar,23,121,66,37,247,0,0,1,2,3,23,121,67,39,250,0,0,0,250
01/27/2011,TYS,TN,ASO,ES,Combined TRACON& Tower with Radar,24,124,94,18,260,0,0,27,18,45,24,124,121,36,305,10,34,44,349
01/28/2011,TYS,TN,ASO,ES,Combined TRACON& Tower with Radar,25,122,74,28,249,0,2,46,13,61,25,124,120,41,310,6,8,14,324
01/29/2011,TYS,TN,ASO,ES,Combined TRACON& Tower with Radar,12,92,46,8,158,0,0,40,3,43,12,92,86,11,201,42,0,42,243
01/30/2011,TYS,TN,ASO,ES,Combined TRACON& Tower with Radar,15,118,51,2,186,0,0,39,0,39,15,118,90,2,225,18,0,18,243
01/31/2011,TYS,TN,ASO,ES,Combined TRACON& Tower with Radar,20,125,67,33,245,0,0,34,0,34,20,125,101,33,279,44,20,64,343
02/01/2011,TYS,TN,ASO,ES,Combined TRACON& Tower with Radar,20,96,53,28,197,0,0,13,4,17,20,96,66,32,214,0,0,0,214
02/02/2011,TYS,TN,ASO,ES,Combined TRACON& Tower with Radar,18,91,34,24,167,0,1,8,5,14,18,92,42,29,181,18,8,26,207
02/03/2011,TYS,TN,ASO,ES,Combined TRACON& Tower with Radar,23,114,72,58,267,0,0,23,17,40,23,114,95,75,307,50,74,124,431
02/04/2011,TYS,TN,ASO,ES,Combined TRACON& Tower with Radar,27,99,66,2,194,0,0,3,0,3,27,99,69,2,197,6,40,46,243
02/05/2011,TYS,TN,ASO,ES,Combined TRACON& Tower with Radar,11,71,27,12,121,0,0,1,0,1,11,71,28,12,122,0,0,0,122
02/06/2011,TYS,TN,ASO,ES,Combined TRACON& Tower with Radar,17,93,39,7,156,0,0,29,7,36,17,93,68,14,192,22,0,22,214
02/07/2011,TYS,TN,ASO,ES,Combined TRACON& Tower with Radar,17,118,72,18,225,0,0,29,3,32,17,118,101,21,257,28,10,38,295
02/08/2011,TYS,TN,ASO,ES,Combined TRACON& Tower with Radar,20,117,71,33,241,0,0,21,25,46,20,117,92,58,287,26,32,58,345
02/09/2011,TYS,TN,ASO,ES,Combined TRACON& Tower with Radar,24,128,75,47,274,0,0,22,14,36,24,128,97,61,310,34,52,86,396
02/10/2011,TYS,TN,ASO,ES,Combined TRACON& Tower with Radar,24,122,82,67,295,0,2,34,22,58,24,124,116,89,353,22,92,114,467
02/11/2011,TYS,TN,ASO,ES,Combined TRACON& Tower with Radar,29,134,61,28,252,0,3,49,8,60,29,137,110,36,312,56,94,150,462
02/12/2011,TYS,TN,ASO,ES,Combined TRACON& Tower with Radar,14,75,35,5,129,0,8,41,0,49,14,83,76,5,178,56,0,56,234
02/13/2011,TYS,TN,ASO,ES,Combined TRACON& Tower with Radar,19,104,51,4,178,0,0,49,8,57,19,104,100,12,235,40,14,54,289
02/14/2011,TYS,TN,ASO,ES,Combined TRACON& Tower with Radar,20,120,44,6,190,0,0,29,1,30,20,120,73,7,220,10,10,20,240
02/15/2011,TYS,TN,ASO,ES,Combined TRACON& Tower with Radar,22,122,75,14,233,0,0,40,17,57,22,122,115,31,290,68,46,114,404
02/16/2011,TYS,TN,ASO,ES,Combined TRACON& Tower with Radar,20,118,86,39,263,0,2,53,8,63,20,120,139,47,326,86,58,144,470
02/17/2011,TYS,TN,ASO,ES,Combined TRACON& Tower with Radar,40,126,75,38,279,0,0,34,11,45,40,126,109,49,324,38,24,62,386
02/18/2011,TYS,TN,ASO,ES,Combined TRACON& Tower with Radar,35,121,85,17,258,0,0,9,15,24,35,121,94,32,282,50,6,56,338
02/19/2011,TYS,TN,ASO,ES,Combined TRACON& Tower with Radar,13,81,35,23,152,0,1,63,19,83,13,82,98,42,235,46,42,88,323
02/20/2011,TYS,TN,ASO,ES,Combined TRACON& Tower with Radar,14,88,41,14,157,0,2,29,9,40,14,90,70,23,197,38,6,44,241
02/21/2011,TYS,TN,ASO,ES,Combined TRACON& Tower with Radar,21,107,65,7,200,0,1,12,0,13,21,108,77,7,213,15,0,15,228
02/22/2011,TYS,TN,ASO,ES,Combined TRACON& Tower with Radar,23,125,72,4,224,0,0,22,16,38,23,125,94,20,262,30,0,30,292
02/23/2011,TYS,TN,ASO,ES,Combined TRACON& Tower with Radar,25,115,86,34,260,0,0,34,10,44,25,115,120,44,304,22,14,36,340
02/24/2011,TYS,TN,ASO,ES,Combined TRACON& Tower with Radar,27,126,65,18,236,0,0,0,2,2,27,126,65,20,238,0,18,18,256
02/25/2011,TYS,TN,ASO,ES,Combined TRACON& Tower with Radar,31,119,62,25,237,0,0,21,16,37,31,119,83,41,274,12,2,14,288
02/26/2011,TYS,TN,ASO,ES,Combined TRACON& Tower with Radar,15,81,46,13,155,0,0,55,5,60,15,81,101,18,215,36,0,36,251
02/27/2011,TYS,TN,ASO,ES,Combined TRACON& Tower with Radar,18,96,42,1,157,0,0,5,0,5,18,96,47,1,162,0,0,0,162
02/28/2011,TYS,TN,ASO,ES,Combined TRACON& Tower with Radar,26,111,27,1,165,0,0,0,0,0,26,111,27,1,165,0,0,0,165
03/01/2011,TYS,TN,ASO,ES,Combined TRACON& Tower with Radar,17,96,57,39,209,0,1,36,17,54,17,97,93,56,263,14,52,66,329
03/02/2011,TYS,TN,ASO,ES,Combined TRACON& Tower with Radar,21,111,84,45,261,0,1,40,9,50,21,112,124,54,311,28,28,56,367
03/03/2011,TYS,TN,ASO,ES,Combined TRACON& Tower with Radar,24,121,76,39,260,0,0,41,15,56,24,121,117,54,316,36,46,82,398
03/04/2011,TYS,TN,ASO,ES,Combined TRACON& Tower with Radar,30,121,63,18,232,0,0,26,7,33,30,121,89,25,265,56,48,104,369
03/05/2011,TYS,TN,ASO,ES,Combined TRACON& Tower with Radar,16,87,19,5,127,0,0,5,0,5,16,87,24,5,132,12,0,12,144
03/06/2011,TYS,TN,ASO,ES,Combined TRACON& Tower with Radar,16,105,54,2,177,0,0,4,0,4,16,105,58,2,181,0,0,0,181
03/07/2011,TYS,TN,ASO,ES,Combined TRACON& Tower with Radar,20,125,59,12,216,0,1,17,4,22,20,126,76,16,238,34,0,34,272
03/08/2011,TYS,TN,ASO,ES,Combined TRACON& Tower with Radar,27,119,101,49,296,0,0,33,15,48,27,119,134,64,344,22,37,59,403
03/09/2011,TYS,TN,ASO,ES,Combined TRACON& Tower with Radar,26,111,45,20,202,0,1,1,5,7,26,112,46,25,209,2,14,16,225
03/10/2011,TYS,TN,ASO,ES,Combined TRACON& Tower with Radar,28,131,59,26,244,0,0,3,13,16,28,131,62,39,260,0,16,16,276
03/11/2011,TYS,TN,ASO,ES,Combined TRACON& Tower with Radar,31,132,120,11,294,0,0,24,23,47,31,132,144,34,341,52,20,72,413
03/12/2011,TYS,TN,ASO,ES,Combined TRACON& Tower with Radar,17,91,49,46,203,0,0,34,11,45,17,91,83,57,248,46,4,50,298
03/13/2011,TYS,TN,ASO,ES,Combined TRACON& Tower with Radar,18,116,46,8,188,0,0,28,13,41,18,116,74,21,229,22,10,32,261
03/14/2011,TYS,TN,ASO,ES,Combined TRACON& Tower with Radar,26,122,34,35,217,0,0,8,1,9,26,122,42,36,226,16,16,32,258
03/15/2011,TYS,TN,ASO,ES,Combined TRACON& Tower with Radar,24,122,52,24,222,0,0,5,8,13,24,122,57,32,235,12,42,54,289
03/16/2011,TYS,TN,ASO,ES,Combined TRACON& Tower with Radar,24,124,77,55,280,0,0,34,9,43,24,124,111,64,323,28,76,104,427
03/17/2011,TYS,TN,ASO,ES,Combined TRACON& Tower with Radar,31,115,93,25,264,0,2,39,11,52,31,117,132,36,316,74,90,164,480
03/18/2011,TYS,TN,ASO,ES,Combined TRACON& Tower with Radar,30,124,74,49,277,0,1,54,11,66,30,125,128,60,343,30,50,80,423
03/19/2011,TYS,TN,ASO,ES,Combined TRACON& Tower with Radar,19,90,55,6,170,0,0,38,4,42,19,90,93,10,212,42,22,64,276
03/20/2011,TYS,TN,ASO,ES,Combined TRACON& Tower with Radar,20,121,67,14,222,0,0,19,10,29,20,121,86,24,251,6,0,6,257
03/21/2011,TYS,TN,ASO,ES,Combined TRACON& Tower with Radar,27,120,77,9,233,0,1,18,4,23,27,121,95,13,256,0,22,22,278
03/22/2011,TYS,TN,ASO,ES,Combined TRACON& Tower with Radar,27,115,59,17,218,0,1,33,14,48,27,116,92,31,266,38,30,68,334
03/23/2011,TYS,TN,ASO,ES,Combined TRACON& Tower with Radar,24,125,58,15,222,0,3,9,6,18,24,128,67,21,240,22,0,22,262
03/24/2011,TYS,TN,ASO,ES,Combined TRACON& Tower with Radar,29,130,68,33,260,0,0,44,12,56,29,130,112,45,316,0,0,0,316
03/25/2011,TYS,TN,ASO,ES,Combined TRACON& Tower with Radar,30,126,81,31,268,0,0,26,7,33,30,126,107,38,301,74,28,102,403
03/26/2011,TYS,TN,ASO,ES,Combined TRACON& Tower with Radar,16,88,36,2,142,0,0,7,0,7,16,88,43,2,149,0,0,0,149
03/27/2011,TYS,TN,ASO,ES,Combined TRACON& Tower with Radar,23,117,50,7,197,0,0,6,0,6,23,117,56,7,203,0,0,0,203
03/28/2011,TYS,TN,ASO,ES,Combined TRACON& Tower with Radar,21,133,54,16,224,0,0,8,0,8,21,133,62,16,232,12,0,12,244
03/29/2011,TYS,TN,ASO,ES,Combined TRACON& Tower with Radar,28,133,83,38,282,0,0,47,6,53,28,133,130,44,335,52,146,198,533
03/30/2011,TYS,TN,ASO,ES,Combined TRACON& Tower with Radar,25,131,68,28,252,0,0,0,2,2,25,131,68,30,254,0,0,0,254
03/31/2011,TYS,TN,ASO,ES,Combined TRACON& Tower with Radar,24,124,106,51,305,0,0,2,9,11,24,124,108,60,316,0,50,50,366
04/01/2011,TYS,TN,ASO,ES,Combined TRACON& Tower with Radar,31,124,91,37,283,0,0,27,8,35,31,124,118,45,318,28,6,34,352
04/02/2011,TYS,TN,ASO,ES,Combined TRACON& Tower with Radar,16,83,34,7,140,0,0,31,3,34,16,83,65,10,174,24,0,24,198
04/03/2011,TYS,TN,ASO,ES,Combined TRACON& Tower with Radar,20,105,57,12,194,0,2,55,6,63,20,107,112,18,257,26,0,26,283
04/04/2011,TYS,TN,ASO,ES,Combined TRACON& Tower with Radar,18,103,35,1,157,0,0,7,3,10,18,103,42,4,167,0,0,0,167
04/05/2011,TYS,TN,ASO,ES,Combined TRACON& Tower with Radar,18,114,68,54,254,0,0,26,13,39,18,114,94,67,293,10,68,78,371
04/06/2011,TYS,TN,ASO,ES,Combined TRACON& Tower with Radar,22,112,85,44,263,0,0,41,10,51,22,112,126,54,314,34,26,60,374
04/07/2011,TYS,TN,ASO,ES,Combined TRACON& Tower with Radar,25,115,89,37,266,0,2,32,14,48,25,117,121,51,314,88,24,112,426
04/08/2011,TYS,TN,ASO,ES,Combined TRACON& Tower with Radar,30,122,72,30,254,0,0,15,0,15,30,122,87,30,269,28,16,44,313
04/09/2011,TYS,TN,ASO,ES,Combined TRACON& Tower with Radar,15,97,68,5,185,0,0,16,3,19,15,97,84,8,204,22,12,34,238
04/10/2011,TYS,TN,ASO,ES,Combined TRACON& Tower with Radar,25,101,79,2,207,0,0,44,0,44,25,101,123,2,251,8,0,8,259
04/11/2011,TYS,TN,ASO,ES,Combined TRACON& Tower with Radar,18,121,44,2,185,0,0,12,2,14,18,121,56,4,199,0,0,0,199
04/12/2011,TYS,TN,ASO,ES,Combined TRACON& Tower with Radar,21,107,51,25,204,0,0,3,8,11,21,107,54,33,215,0,0,0,215
04/13/2011,TYS,TN,ASO,ES,Combined TRACON& Tower with Radar,34,110,61,34,239,0,0,51,12,63,34,110,112,46,302,76,32,108,410
04/14/2011,TYS,TN,ASO,ES,Combined TRACON& Tower with Radar,27,121,80,18,246,0,2,57,16,75,27,123,137,34,321,44,10,54,375
04/15/2011,TYS,TN,ASO,ES,Combined TRACON& Tower with Radar,27,107,70,15,219,0,0,6,6,12,27,107,76,21,231,0,0,0,231
04/16/2011,TYS,TN,ASO,ES,Combined TRACON& Tower with Radar,10,83,31,3,127,0,0,8,18,26,10,83,39,21,153,22,0,22,175
04/17/2011,TYS,TN,ASO,ES,Combined TRACON& Tower with Radar,16,107,65,8,196,0,0,54,17,71,16,107,119,25,267,54,34,88,355
04/18/2011,TYS,TN,ASO,ES,Combined TRACON& Tower with Radar,19,116,55,16,206,0,0,40,2,42,19,116,95,18,248,26,28,54,302
04/19/2011,TYS,TN,ASO,ES,Combined TRACON& Tower with Radar,23,106,74,65,268,0,0,25,7,32,23,106,99,72,300,42,84,126,426
04/20/2011,TYS,TN,ASO,ES,Combined TRACON& Tower with Radar,30,111,86,17,244,0,0,17,5,22,30,111,103,22,266,16,12,28,294
04/21/2011,TYS,TN,ASO,ES,Combined TRACON& Tower with Radar,29,124,120,32,305,0,0,32,8,40,29,124,152,40,345,14,44,58,403
04/22/2011,TYS,TN,ASO,ES,Combined TRACON& Tower with Radar,29,109,32,12,182,0,2,30,2,34,29,111,62,14,216,134,14,148,364
04/23/2011,TYS,TN,ASO,ES,Combined TRACON& Tower with Radar,11,84,39,2,136,0,1,31,0,32,11,85,70,2,168,0,0,0,168
04/24/2011,TYS,TN,ASO,ES,Combined TRACON& Tower with Radar,19,109,51,0,179,0,0,15,0,15,19,109,66,0,194,44,4,48,242
04/25/2011,TYS,TN,ASO,ES,Combined TRACON& Tower with Radar,20,116,72,28,236,0,1,23,0,24,20,117,95,28,260,42,14,56,316
04/26/2011,TYS,TN,ASO,ES,Combined TRACON& Tower with Radar,21,115,61,38,235,0,0,15,8,23,21,115,76,46,258,36,32,68,326
04/27/2011,TYS,TN,ASO,ES,Combined TRACON& Tower with Radar,19,83,32,0,134,0,1,4,0,5,19,84,36,0,139,0,0,0,139
04/28/2011,TYS,TN,ASO,ES,Combined TRACON& Tower with Radar,34,134,69,6,243,0,0,39,11,50,34,134,108,17,293,62,12,74,367
04/29/2011,TYS,TN,ASO,ES,Combined TRACON& Tower with Radar,28,130,79,49,286,0,0,39,16,55,28,130,118,65,341,96,34,130,471
04/30/2011,TYS,TN,ASO,ES,Combined TRACON& Tower with Radar,11,90,67,4,172,0,0,59,18,77,11,90,126,22,249,60,20,80,329
05/01/2011,TYS,TN,ASO,ES,Combined TRACON& Tower with Radar,17,101,53,0,171,0,0,25,19,44,17,101,78,19,215,24,0,24,239
05/02/2011,TYS,TN,ASO,ES,Combined TRACON& Tower with Radar,19,115,59,0,193,0,0,19,7,26,19,115,78,7,219,12,0,12,231
05/03/2011,TYS,TN,ASO,ES,Combined TRACON& Tower with Radar,22,117,85,14,238,0,0,3,0,3,22,117,88,14,241,0,0,0,241
05/04/2011,TYS,TN,ASO,ES,Combined TRACON& Tower with Radar,24,109,79,42,254,0,2,24,5,31,24,111,103,47,285,20,18,38,323
05/05/2011,TYS,TN,ASO,ES,Combined TRACON& Tower with Radar,25,115,77,38,255,0,4,41,11,56,25,119,118,49,311,14,20,34,345
05/06/2011,TYS,TN,ASO,ES,Combined TRACON& Tower with Radar,27,118,68,42,255,0,4,18,2,24,27,122,86,44,279,24,40,64,343
05/07/2011,TYS,TN,ASO,ES,Combined TRACON& Tower with Radar,13,82,45,10,150,0,2,40,0,42,13,84,85,10,192,46,0,46,238
05/08/2011,TYS,TN,ASO,ES,Combined TRACON& Tower with Radar,19,103,39,4,165,0,0,18,0,18,19,103,57,4,183,0,0,0,183
05/09/2011,TYS,TN,ASO,ES,Combined TRACON& Tower with Radar,21,125,67,9,222,0,0,26,11,37,21,125,93,20,259,28,0,28,287
05/10/2011,TYS,TN,ASO,ES,Combined TRACON& Tower with Radar,24,109,68,25,226,0,0,23,12,35,24,109,91,37,261,24,36,60,321
05/11/2011,TYS,TN,ASO,ES,Combined TRACON& Tower with Radar,26,99,85,63,273,0,2,34,34,70,26,101,119,97,343,40,58,98,441
05/12/2011,TYS,TN,ASO,ES,Combined TRACON& Tower with Radar,23,120,79,51,273,0,0,38,21,59,23,120,117,72,332,100,36,136,468
05/13/2011,TYS,TN,ASO,ES,Combined TRACON& Tower with Radar,30,112,70,27,239,0,0,15,2,17,30,112,85,29,256,26,2,28,284
05/14/2011,TYS,TN,ASO,ES,Combined TRACON& Tower with Radar,11,76,23,14,124,0,0,13,4,17,11,76,36,18,141,12,16,28,169
05/15/2011,TYS,TN,ASO,ES,Combined TRACON& Tower with Radar,19,105,65,15,204,0,0,2,0,2,19,105,67,15,206,20,0,20,226
05/16/2011,TYS,TN,ASO,ES,Combined TRACON& Tower with Radar,21,118,78,10,227,0,0,12,0,12,21,118,90,10,239,0,0,0,239
05/17/2011,TYS,TN,ASO,ES,Combined TRACON& Tower with Radar,20,118,89,24,251,0,0,7,5,12,20,118,96,29,263,0,20,20,283
05/18/2011,TYS,TN,ASO,ES,Combined TRACON& Tower with Radar,24,111,83,33,251,0,0,7,8,15,24,111,90,41,266,32,12,44,310
05/19/2011,TYS,TN,ASO,ES,Combined TRACON& Tower with Radar,30,129,91,53,303,0,0,52,8,60,30,129,143,61,363,56,22,78,441
05/20/2011,TYS,TN,ASO,ES,Combined TRACON& Tower with Radar,23,115,80,28,246,0,0,47,7,54,23,115,127,35,300,80,24,104,404
05/21/2011,TYS,TN,ASO,ES,Combined TRACON& Tower with Radar,12,85,34,20,151,0,0,23,4,27,12,85,57,24,178,46,16,62,240
05/22/2011,TYS,TN,ASO,ES,Combined TRACON& Tower with Radar,25,110,59,9,203,0,0,31,0,31,25,110,90,9,234,18,0,18,252
05/23/2011,TYS,TN,ASO,ES,Combined TRACON& Tower with Radar,19,126,67,37,249,0,0,30,1,31,19,126,97,38,280,6,42,48,328
05/24/2011,TYS,TN,ASO,ES,Combined TRACON& Tower with Radar,22,114,55,39,230,0,0,20,2,22,22,114,75,41,252,8,20,28,280
05/25/2011,TYS,TN,ASO,ES,Combined TRACON& Tower with Radar,27,104,74,15,220,0,1,44,6,51,27,105,118,21,271,0,6,6,277
05/26/2011,TYS,TN,ASO,ES,Combined TRACON& Tower with Radar,41,112,68,34,255,0,0,11,4,15,41,112,79,38,270,0,42,42,312
05/27/2011,TYS,TN,ASO,ES,Combined TRACON& Tower with Radar,25,122,98,27,272,0,0,28,0,28,25,122,126,27,300,32,14,46,346
05/28/2011,TYS,TN,ASO,ES,Combined TRACON& Tower with Radar,17,92,43,13,165,0,0,41,6,47,17,92,84,19,212,54,0,54,266
05/29/2011,TYS,TN,ASO,ES,Combined TRACON& Tower with Radar,27,91,32,16,166,0,1,41,2,44,27,92,73,18,210,24,0,24,234
05/30/2011,TYS,TN,ASO,ES,Combined TRACON& Tower with Radar,14,103,47,12,176,0,0,32,5,37,14,103,79,17,213,24,8,32,245
05/31/2011,TYS,TN,ASO,ES,Combined TRACON& Tower with Radar,21,115,62,35,233,0,0,33,7,40,21,115,95,42,273,22,12,34,307
06/01/2011,TYS,TN,ASO,ES,Combined TRACON& Tower with Radar,26,112,71,7,216,0,0,55,18,73,26,112,126,25,289,64,2,66,355
06/02/2011,TYS,TN,ASO,ES,Combined TRACON& Tower with Radar,31,117,94,0,242,0,0,23,21,44,31,117,117,21,286,22,26,48,334
06/03/2011,TYS,TN,ASO,ES,Combined TRACON& Tower with Radar,26,113,60,22,221,0,0,35,8,43,26,113,95,30,264,70,4,74,338
06/04/2011,TYS,TN,ASO,ES,Combined TRACON& Tower with Radar,17,87,41,19,164,0,0,50,9,59,17,87,91,28,223,24,18,42,265
06/05/2011,TYS,TN,ASO,ES,Combined TRACON& Tower with Radar,25,101,41,11,178,0,0,25,12,37,25,101,66,23,215,24,12,36,251
06/06/2011,TYS,TN,ASO,ES,Combined TRACON& Tower with Radar,18,118,47,24,207,0,0,38,6,44,18,118,85,30,251,36,10,46,297
06/07/2011,TYS,TN,ASO,ES,Combined TRACON& Tower with Radar,29,123,65,22,239,0,1,46,16,63,29,124,111,38,302,54,16,70,372
06/08/2011,TYS,TN,ASO,ES,Combined TRACON& Tower with Radar,29,115,74,56,274,0,3,28,51,82,29,118,102,107,356,0,44,44,400
06/09/2011,TYS,TN,ASO,ES,Combined TRACON& Tower with Radar,31,126,79,46,282,0,1,32,16,49,31,127,111,62,331,50,30,80,411
06/10/2011,TYS,TN,ASO,ES,Combined TRACON& Tower with Radar,29,110,79,13,231,0,0,36,13,49,29,110,115,26,280,64,8,72,352
06/11/2011,TYS,TN,ASO,ES,Combined TRACON& Tower with Radar,16,93,29,4,142,0,0,21,12,33,16,93,50,16,175,30,22,52,227
06/12/2011,TYS,TN,ASO,ES,Combined TRACON& Tower with Radar,28,118,66,9,221,0,0,22,13,35,28,118,88,22,256,6,0,6,262
06/13/2011,TYS,TN,ASO,ES,Combined TRACON& Tower with Radar,19,122,75,8,224,0,1,27,19,47,19,123,102,27,271,24,40,64,335
06/14/2011,TYS,TN,ASO,ES,Combined TRACON& Tower with Radar,27,119,68,50,264,0,0,43,15,58,27,119,111,65,322,46,82,128,450
06/15/2011,TYS,TN,ASO,ES,Combined TRACON& Tower with Radar,32,105,55,28,220,0,0,20,8,28,32,105,75,36,248,0,2,2,250
06/16/2011,TYS,TN,ASO,ES,Combined TRACON& Tower with Radar,32,122,75,62,291,0,0,37,33,70,32,122,112,95,361,52,46,98,459
06/17/2011,TYS,TN,ASO,ES,Combined TRACON& Tower with Radar,26,124,46,47,243,0,0,47,11,58,26,124,93,58,301,22,18,40,341
06/18/2011,TYS,TN,ASO,ES,Combined TRACON& Tower with Radar,16,98,35,1,150,0,0,23,0,23,16,98,58,1,173,12,0,12,185
06/19/2011,TYS,TN,ASO,ES,Combined TRACON& Tower with Radar,30,111,39,5,185,0,0,4,3,7,30,111,43,8,192,0,0,0,192
06/20/2011,TYS,TN,ASO,ES,Combined TRACON& Tower with Radar,15,115,57,32,219,0,0,51,14,65,15,115,108,46,284,80,14,94,378
06/21/2011,TYS,TN,ASO,ES,Combined TRACON& Tower with Radar,25,118,67,32,242,0,0,32,20,52,25,118,99,52,294,36,28,64,358
06/22/2011,TYS,TN,ASO,ES,Combined TRACON& Tower with Radar,25,109,63,50,247,0,0,14,17,31,25,109,77,67,278,6,20,26,304
06/23/2011,TYS,TN,ASO,ES,Combined TRACON& Tower with Radar,31,130,80,75,316,0,0,14,15,29,31,130,94,90,345,0,36,36,381
06/24/2011,TYS,TN,ASO,ES,Combined TRACON& Tower with Radar,29,122,50,61,262,0,0,30,19,49,29,122,80,80,311,42,14,56,367
06/25/2011,TYS,TN,ASO,ES,Combined TRACON& Tower with Radar,14,91,40,12,157,0,0,22,16,38,14,91,62,28,195,32,8,40,235
06/26/2011,TYS,TN,ASO,ES,Combined TRACON& Tower with Radar,32,125,43,2,202,0,0,14,4,18,32,125,57,6,220,0,4,4,224
06/27/2011,TYS,TN,ASO,ES,Combined TRACON& Tower with Radar,18,124,61,4,207,0,0,29,8,37,18,124,90,12,244,40,4,44,288
06/28/2011,TYS,TN,ASO,ES,Combined TRACON& Tower with Radar,28,123,61,43,255,0,0,27,17,44,28,123,88,60,299,48,24,72,371
06/29/2011,TYS,TN,ASO,ES,Combined TRACON& Tower with Radar,27,131,63,88,309,0,0,43,18,61,27,131,106,106,370,76,68,144,514
06/30/2011,TYS,TN,ASO,ES,Combined TRACON& Tower with Radar,32,123,89,60,304,0,1,44,23,68,32,124,133,83,372,12,40,52,424
07/01/2011,TYS,TN,ASO,ES,Combined TRACON& Tower with Radar,22,126,72,11,231,0,3,41,14,58,22,129,113,25,289,12,0,12,301
07/02/2011,TYS,TN,ASO,ES,Combined TRACON& Tower with Radar,23,83,50,9,165,0,3,36,0,39,23,86,86,9,204,14,0,14,218
07/03/2011,TYS,TN,ASO,ES,Combined TRACON& Tower with Radar,22,81,24,4,131,0,1,26,0,27,22,82,50,4,158,0,0,0,158
07/04/2011,TYS,TN,ASO,ES,Combined TRACON& Tower with Radar,15,86,20,5,126,0,0,17,1,18,15,86,37,6,144,28,6,34,178
07/05/2011,TYS,TN,ASO,ES,Combined TRACON& Tower with Radar,21,126,72,34,253,0,0,17,0,17,21,126,89,34,270,34,18,52,322
07/06/2011,TYS,TN,ASO,ES,Combined TRACON& Tower with Radar,24,118,40,30,212,0,0,18,12,30,24,118,58,42,242,42,10,52,294
07/07/2011,TYS,TN,ASO,ES,Combined TRACON& Tower with Radar,32,122,59,22,235,0,0,24,17,41,32,122,83,39,276,18,6,24,300
07/08/2011,TYS,TN,ASO,ES,Combined TRACON& Tower with Radar,29,115,61,43,248,0,0,13,16,29,29,115,74,59,277,66,10,76,353
07/09/2011,TYS,TN,ASO,ES,Combined TRACON& Tower with Radar,31,90,33,2,156,0,0,20,21,41,31,90,53,23,197,48,22,70,267
07/10/2011,TYS,TN,ASO,ES,Combined TRACON& Tower with Radar,27,112,49,22,210,0,0,21,5,26,27,112,70,27,236,68,0,68,304
07/11/2011,TYS,TN,ASO,ES,Combined TRACON& Tower with Radar,14,115,41,13,183,0,0,21,13,34,14,115,62,26,217,38,6,44,261
07/12/2011,TYS,TN,ASO,ES,Combined TRACON& Tower with Radar,34,128,62,76,300,0,0,15,1,16,34,128,77,77,316,0,34,34,350
07/13/2011,TYS,TN,ASO,ES,Combined TRACON& Tower with Radar,36,115,77,45,273,0,0,37,1,38,36,115,114,46,311,64,20,84,395
07/14/2011,TYS,TN,ASO,ES,Combined TRACON& Tower with Radar,30,120,69,16,235,0,0,21,15,36,30,120,90,31,271,8,22,30,301
07/15/2011,TYS,TN,ASO,ES,Combined TRACON& Tower with Radar,29,123,67,33,252,0,0,12,5,17,29,123,79,38,269,14,12,26,295
07/16/2011,TYS,TN,ASO,ES,Combined TRACON& Tower with Radar,17,90,29,16,152,0,0,25,1,26,17,90,54,17,178,54,0,54,232
07/17/2011,TYS,TN,ASO,ES,Combined TRACON& Tower with Radar,28,109,44,21,202,0,2,26,3,31,28,111,70,24,233,0,0,0,233
07/18/2011,TYS,TN,ASO,ES,Combined TRACON& Tower with Radar,17,125,50,27,219,0,1,23,0,24,17,126,73,27,243,12,2,14,257
07/19/2011,TYS,TN,ASO,ES,Combined TRACON& Tower with Radar,22,127,66,63,278,0,0,28,9,37,22,127,94,72,315,14,68,82,397
07/20/2011,TYS,TN,ASO,ES,Combined TRACON& Tower with Radar,26,134,66,45,271,0,1,31,9,41,26,135,97,54,312,64,8,72,384
07/21/2011,TYS,TN,ASO,ES,Combined TRACON& Tower with Radar,31,125,65,17,238,0,1,28,13,42,31,126,93,30,280,28,24,52,332
07/22/2011,TYS,TN,ASO,ES,Combined TRACON& Tower with Radar,25,124,65,27,241,0,1,36,16,53,25,125,101,43,294,57,24,81,375
07/23/2011,TYS,TN,ASO,ES,Combined TRACON& Tower with Radar,18,91,44,6,159,0,0,34,5,39,18,91,78,11,198,12,8,20,218
07/24/2011,TYS,TN,ASO,ES,Combined TRACON& Tower with Radar,25,108,43,0,176,0,1,15,10,26,25,109,58,10,202,46,0,46,248
07/25/2011,TYS,TN,ASO,ES,Combined TRACON& Tower with Radar,11,111,35,28,185,0,0,7,2,9,11,111,42,30,194,20,30,50,244
07/26/2011,TYS,TN,ASO,ES,Combined TRACON& Tower with Radar,27,127,67,64,285,0,0,24,12,36,27,127,91,76,321,60,48,108,429
07/27/2011,TYS,TN,ASO,ES,Combined TRACON& Tower with Radar,22,115,57,39,233,0,0,44,13,57,22,115,101,52,290,62,14,76,366
07/28/2011,TYS,TN,ASO,ES,Combined TRACON& Tower with Radar,31,125,85,65,306,0,1,47,9,57,31,126,132,74,363,66,68,134,497
07/29/2011,TYS,TN,ASO,ES,Combined TRACON& Tower with Radar,25,117,48,40,230,0,0,23,15,38,25,117,71,55,268,18,28,46,314
07/30/2011,TYS,TN,ASO,ES,Combined TRACON& Tower with Radar,20,96,42,2,160,0,0,30,0,30,20,96,72,2,190,64,18,82,272
07/31/2011,TYS,TN,ASO,ES,Combined TRACON& Tower with Radar,30,111,57,11,209,0,0,24,0,24,30,111,81,11,233,28,2,30,263
08/01/2011,TYS,TN,ASO,ES,Combined TRACON& Tower with Radar,15,124,65,27,231,0,0,38,4,42,15,124,103,31,273,10,26,36,309
08/02/2011,TYS,TN,ASO,ES,Combined TRACON& Tower with Radar,29,123,59,53,264,0,0,33,9,42,29,123,92,62,306,28,32,60,366
08/03/2011,TYS,TN,ASO,ES,Combined TRACON& Tower with Radar,25,130,70,58,283,0,0,24,6,30,25,130,94,64,313,8,52,60,373
08/04/2011,TYS,TN,ASO,ES,Combined TRACON& Tower with Radar,31,119,84,21,255,1,0,22,17,40,32,119,106,38,295,52,40,92,387
08/05/2011,TYS,TN,ASO,ES,Combined TRACON& Tower with Radar,26,120,36,33,215,0,0,20,5,25,26,120,56,38,240,22,24,46,286
08/06/2011,TYS,TN,ASO,ES,Combined TRACON& Tower with Radar,26,92,28,7,153,0,0,19,4,23,26,92,47,11,176,14,0,14,190
08/07/2011,TYS,TN,ASO,ES,Combined TRACON& Tower with Radar,30,102,47,13,192,0,0,20,12,32,30,102,67,25,224,0,0,0,224
08/08/2011,TYS,TN,ASO,ES,Combined TRACON& Tower with Radar,24,140,49,29,242,0,1,24,2,27,24,141,73,31,269,32,8,40,309
08/09/2011,TYS,TN,ASO,ES,Combined TRACON& Tower with Radar,28,125,62,32,247,0,1,28,8,37,28,126,90,40,284,17,10,27,311
08/10/2011,TYS,TN,ASO,ES,Combined TRACON& Tower with Radar,22,120,75,50,267,0,0,19,6,25,22,120,94,56,292,28,28,56,348
08/11/2011,TYS,TN,ASO,ES,Combined TRACON& Tower with Radar,38,115,99,24,276,0,1,29,9,39,38,116,128,33,315,26,34,60,375
08/12/2011,TYS,TN,ASO,ES,Combined TRACON& Tower with Radar,23,112,76,61,272,0,0,34,8,42,23,112,110,69,314,8,60,68,382
08/13/2011,TYS,TN,ASO,ES,Combined TRACON& Tower with Radar,14,83,32,4,133,0,0,27,0,27,14,83,59,4,160,24,4,28,188
08/14/2011,TYS,TN,ASO,ES,Combined TRACON& Tower with Radar,27,103,53,9,192,0,0,19,0,19,27,103,72,9,211,28,2,30,241
08/15/2011,TYS,TN,ASO,ES,Combined TRACON& Tower with Radar,13,129,76,36,254,0,0,25,1,26,13,129,101,37,280,0,40,40,320
08/16/2011,TYS,TN,ASO,ES,Combined TRACON& Tower with Radar,24,125,69,39,257,0,6,44,4,54,24,131,113,43,311,28,34,62,373
08/17/2011,TYS,TN,ASO,ES,Combined TRACON& Tower with Radar,24,112,66,62,264,0,0,31,14,45,24,112,97,76,309,20,26,46,355
08/18/2011,TYS,TN,ASO,ES,Combined TRACON& Tower with Radar,25,119,76,90,310,0,0,36,24,60,25,119,112,114,370,32,58,90,460
08/19/2011,TYS,TN,ASO,ES,Combined TRACON& Tower with Radar,26,118,80,13,237,0,2,37,19,58,26,120,117,32,295,16,46,62,357
08/20/2011,TYS,TN,ASO,ES,Combined TRACON& Tower with Radar,14,83,35,5,137,0,2,35,14,51,14,85,70,19,188,0,24,24,212
08/21/2011,TYS,TN,ASO,ES,Combined TRACON& Tower with Radar,28,96,49,29,202,0,0,23,14,37,28,96,72,43,239,30,30,60,299
08/22/2011,TYS,TN,ASO,ES,Combined TRACON& Tower with Radar,16,122,70,22,230,0,0,41,15,56,16,122,111,37,286,22,68,90,376
08/23/2011,TYS,TN,ASO,ES,Combined TRACON& Tower with Radar,19,119,74,72,284,0,1,46,7,54,19,120,120,79,338,22,54,76,414
08/24/2011,TYS,TN,ASO,ES,Combined TRACON& Tower with Radar,29,114,78,45,266,0,3,57,20,80,29,117,135,65,346,26,30,56,402
08/25/2011,TYS,TN,ASO,ES,Combined TRACON& Tower with Radar,26,122,101,57,306,0,1,45,34,80,26,123,146,91,386,14,48,62,448
08/26/2011,TYS,TN,ASO,ES,Combined TRACON& Tower with Radar,24,117,107,68,316,0,1,47,23,71,24,118,154,91,387,0,0,0,387
08/27/2011,TYS,TN,ASO,ES,Combined TRACON& Tower with Radar,16,82,29,9,136,0,0,43,4,47,16,82,72,13,183,4,68,72,255
08/28/2011,TYS,TN,ASO,ES,Combined TRACON& Tower with Radar,21,99,72,52,244,0,0,35,17,52,21,99,107,69,296,28,0,28,324
08/29/2011,TYS,TN,ASO,ES,Combined TRACON& Tower with Radar,16,117,49,30,212,0,0,35,2,37,16,117,84,32,249,28,12,40,289
08/30/2011,TYS,TN,ASO,ES,Combined TRACON& Tower with Radar,19,110,80,40,249,0,0,22,16,38,19,110,102,56,287,4,26,30,317
08/31/2011,TYS,TN,ASO,ES,Combined TRACON& Tower with Radar,23,119,45,40,227,0,3,34,21,58,23,122,79,61,285,36,12,48,333
09/01/2011,TYS,TN,ASO,ES,Combined TRACON& Tower with Radar,28,117,70,46,261,0,0,48,11,59,28,117,118,57,320,46,26,72,392
09/02/2011,TYS,TN,ASO,ES,Combined TRACON& Tower with Radar,28,129,92,31,280,0,0,32,2,34,28,129,124,33,314,8,30,38,352
09/03/2011,TYS,TN,ASO,ES,Combined TRACON& Tower with Radar,15,80,36,2,133,0,5,21,0,26,15,85,57,2,159,0,0,0,159
09/04/2011,TYS,TN,ASO,ES,Combined TRACON& Tower with Radar,20,80,26,3,129,0,0,16,0,16,20,80,42,3,145,44,0,44,189
09/05/2011,TYS,TN,ASO,ES,Combined TRACON& Tower with Radar,16,111,27,0,154,0,0,0,0,0,16,111,27,0,154,0,0,0,154
09/06/2011,TYS,TN,ASO,ES,Combined TRACON& Tower with Radar,13,120,43,3,179,0,0,4,0,4,13,120,47,3,183,0,0,0,183
09/07/2011,TYS,TN,ASO,ES,Combined TRACON& Tower with Radar,20,113,71,53,257,0,0,1,6,7,20,113,72,59,264,2,28,30,294
09/08/2011,TYS,TN,ASO,ES,Combined TRACON& Tower with Radar,26,120,77,63,286,0,0,10,14,24,26,120,87,77,310,0,76,76,386
09/09/2011,TYS,TN,ASO,ES,Combined TRACON& Tower with Radar,27,114,85,24,250,0,0,24,11,35,27,114,109,35,285,18,52,70,355
09/10/2011,TYS,TN,ASO,ES,Combined TRACON& Tower with Radar,14,83,70,10,177,0,2,23,1,26,14,85,93,11,203,0,0,0,203
09/11/2011,TYS,TN,ASO,ES,Combined TRACON& Tower with Radar,19,109,68,10,206,0,0,20,4,24,19,109,88,14,230,0,0,0,230
09/12/2011,TYS,TN,ASO,ES,Combined TRACON& Tower with Radar,23,114,58,32,227,0,2,20,0,22,23,116,78,32,249,16,26,42,291
09/13/2011,TYS,TN,ASO,ES,Combined TRACON& Tower with Radar,30,100,71,34,235,0,0,24,12,36,30,100,95,46,271,30,12,42,313
09/14/2011,TYS,TN,ASO,ES,Combined TRACON& Tower with Radar,24,110,69,51,254,0,1,17,9,27,24,111,86,60,281,14,52,66,347
09/15/2011,TYS,TN,ASO,ES,Combined TRACON& Tower with Radar,26,131,68,46,271,0,0,3,1,4,26,131,71,47,275,0,36,36,311
09/16/2011,TYS,TN,ASO,ES,Combined TRACON& Tower with Radar,32,118,91,49,290,0,0,38,13,51,32,118,129,62,341,0,28,28,369
09/17/2011,TYS,TN,ASO,ES,Combined TRACON& Tower with Radar,13,77,49,5,144,0,0,12,15,27,13,77,61,20,171,18,0,18,189
09/18/2011,TYS,TN,ASO,ES,Combined TRACON& Tower with Radar,20,104,73,5,202,0,0,34,11,45,20,104,107,16,247,24,22,46,293
09/19/2011,TYS,TN,ASO,ES,Combined TRACON& Tower with Radar,21,118,60,12,211,0,0,22,5,27,21,118,82,17,238,18,10,28,266
09/20/2011,TYS,TN,ASO,ES,Combined TRACON& Tower with Radar,25,101,84,66,276,0,1,25,7,33,25,102,109,73,309,26,42,68,377
09/21/2011,TYS,TN,ASO,ES,Combined TRACON& Tower with Radar,27,106,56,21,210,0,0,8,4,12,27,106,64,25,222,10,12,22,244
09/22/2011,TYS,TN,ASO,ES,Combined TRACON& Tower with Radar,25,117,87,35,264,0,2,10,9,21,25,119,97,44,285,2,38,40,325
09/23/2011,TYS,TN,ASO,ES,Combined TRACON& Tower with Radar,29,115,86,40,270,0,0,5,0,5,29,115,91,40,275,0,52,52,327
09/24/2011,TYS,TN,ASO,ES,Combined TRACON& Tower with Radar,12,84,32,16,144,0,1,36,1,38,12,85,68,17,182,14,32,46,228
09/25/2011,TYS,TN,ASO,ES,Combined TRACON& Tower with Radar,21,109,74,16,220,0,0,38,1,39,21,109,112,17,259,24,0,24,283
09/26/2011,TYS,TN,ASO,ES,Combined TRACON& Tower with Radar,21,122,45,58,246,0,0,19,0,19,21,122,64,58,265,22,36,58,323
09/27/2011,TYS,TN,ASO,ES,Combined TRACON& Tower with Radar,25,108,92,26,251,0,1,40,3,44,25,109,132,29,295,94,66,160,455
09/28/2011,TYS,TN,ASO,ES,Combined TRACON& Tower with Radar,27,103,83,25,238,0,4,63,7,74,27,107,146,32,312,0,0,0,312
09/29/2011,TYS,TN,ASO,ES,Combined TRACON& Tower with Radar,25,119,76,15,235,0,0,33,10,43,25,119,109,25,278,18,10,28,306
09/30/2011,TYS,TN,ASO,ES,Combined TRACON& Tower with Radar,30,108,74,27,239,0,0,27,8,35,30,108,101,35,274,0,0,0,274
10/01/2011,TYS,TN,ASO,ES,Combined TRACON& Tower with Radar,14,86,46,1,147,0,0,28,1,29,14,86,74,2,176,84,48,132,308
10/02/2011,TYS,TN,ASO,ES,Combined TRACON& Tower with Radar,19,118,72,3,212,0,0,31,1,32,19,118,103,4,244,0,0,0,244
10/03/2011,TYS,TN,ASO,ES,Combined TRACON& Tower with Radar,23,114,61,41,239,0,0,27,7,34,23,114,88,48,273,14,8,22,295
10/04/2011,TYS,TN,ASO,ES,Combined TRACON& Tower with Radar,21,100,70,50,241,0,0,30,4,34,21,100,100,54,275,6,54,60,335
10/05/2011,TYS,TN,ASO,ES,Combined TRACON& Tower with Radar,35,99,88,37,259,0,0,29,10,39,35,99,117,47,298,32,22,54,352
10/06/2011,TYS,TN,ASO,ES,Combined TRACON& Tower with Radar,29,125,85,58,297,0,0,52,9,61,29,125,137,67,358,60,24,84,442
10/07/2011,TYS,TN,ASO,ES,Combined TRACON& Tower with Radar,29,124,119,21,293,0,0,52,1,53,29,124,171,22,346,36,26,62,408
10/08/2011,TYS,TN,ASO,ES,Combined TRACON& Tower with Radar,16,94,79,4,193,0,0,35,2,37,16,94,114,6,230,10,0,10,240
10/09/2011,TYS,TN,ASO,ES,Combined TRACON& Tower with Radar,20,123,91,1,235,0,0,37,0,37,20,123,128,1,272,18,0,18,290
10/10/2011,TYS,TN,ASO,ES,Combined TRACON& Tower with Radar,21,111,57,0,189,0,0,11,0,11,21,111,68,0,200,0,0,0,200
10/11/2011,TYS,TN,ASO,ES,Combined TRACON& Tower with Radar,23,105,78,19,225,0,1,4,0,5,23,106,82,19,230,0,0,0,230
10/12/2011,TYS,TN,ASO,ES,Combined TRACON& Tower with Radar,31,105,92,37,265,0,0,3,2,5,31,105,95,39,270,10,22,32,302
10/13/2011,TYS,TN,ASO,ES,Combined TRACON& Tower with Radar,25,111,61,33,230,0,0,1,15,16,25,111,62,48,246,0,16,16,262
10/14/2011,TYS,TN,ASO,ES,Combined TRACON& Tower with Radar,30,124,98,67,319,0,1,33,26,60,30,125,131,93,379,0,120,120,499
10/15/2011,TYS,TN,ASO,ES,Combined TRACON& Tower with Radar,19,99,76,3,197,0,0,35,18,53,19,99,111,21,250,12,0,12,262
10/16/2011,TYS,TN,ASO,ES,Combined TRACON& Tower with Radar,23,117,86,26,252,0,0,34,24,58,23,117,120,50,310,0,4,4,314
10/17/2011,TYS,TN,ASO,ES,Combined TRACON& Tower with Radar,21,118,56,7,202,0,3,29,3,35,21,121,85,10,237,14,6,20,257
10/18/2011,TYS,TN,ASO,ES,Combined TRACON& Tower with Radar,27,103,65,29,224,0,0,30,8,38,27,103,95,37,262,10,34,44,306
10/19/2011,TYS,TN,ASO,ES,Combined TRACON& Tower with Radar,40,112,65,54,271,0,0,0,0,0,40,112,65,54,271,0,6,6,277
10/20/2011,TYS,TN,ASO,ES,Combined TRACON& Tower with Radar,25,119,57,39,240,0,0,4,13,17,25,119,61,52,257,0,82,82,339
10/21/2011,TYS,TN,ASO,ES,Combined TRACON& Tower with Radar,28,116,85,18,247,0,2,37,14,53,28,118,122,32,300,20,38,58,358
10/22/2011,TYS,TN,ASO,ES,Combined TRACON& Tower with Radar,15,96,40,6,157,0,0,36,6,42,15,96,76,12,199,0,0,0,199
10/23/2011,TYS,TN,ASO,ES,Combined TRACON& Tower with Radar,21,122,50,11,204,0,0,27,4,31,21,122,77,15,235,0,0,0,235
10/24/2011,TYS,TN,ASO,ES,Combined TRACON& Tower with Radar,21,112,64,20,217,0,0,44,2,46,21,112,108,22,263,28,20,48,311
10/25/2011,TYS,TN,ASO,ES,Combined TRACON& Tower with Radar,22,102,75,32,231,0,0,36,5,41,22,102,111,37,272,20,26,46,318
10/26/2011,TYS,TN,ASO,ES,Combined TRACON& Tower with Radar,28,118,73,41,260,0,2,36,8,46,28,120,109,49,306,16,60,76,382
10/27/2011,TYS,TN,ASO,ES,Combined TRACON& Tower with Radar,25,115,68,47,255,0,0,16,18,34,25,115,84,65,289,0,62,62,351
10/28/2011,TYS,TN,ASO,ES,Combined TRACON& Tower with Radar,29,123,59,7,218,0,0,0,0,0,29,123,59,7,218,0,0,0,218
10/29/2011,TYS,TN,ASO,ES,Combined TRACON& Tower with Radar,17,92,49,4,162,0,0,25,0,25,17,92,74,4,187,22,0,22,209
10/30/2011,TYS,TN,ASO,ES,Combined TRACON& Tower with Radar,25,115,87,4,231,0,1,35,2,38,25,116,122,6,269,16,0,16,285
10/31/2011,TYS,TN,ASO,ES,Combined TRACON& Tower with Radar,21,117,47,12,197,0,0,10,2,12,21,117,57,14,209,16,12,28,237
11/01/2011,TYS,TN,ASO,ES,Combined TRACON& Tower with Radar,23,104,73,63,263,0,0,37,3,40,23,104,110,66,303,36,134,170,473
11/02/2011,TYS,TN,ASO,ES,Combined TRACON& Tower with Radar,27,110,57,70,264,0,0,43,8,51,27,110,100,78,315,75,87,162,477
11/03/2011,TYS,TN,ASO,ES,Combined TRACON& Tower with Radar,25,115,61,37,238,0,0,11,3,14,25,115,72,40,252,2,14,16,268
11/04/2011,TYS,TN,ASO,ES,Combined TRACON& Tower with Radar,28,114,83,22,247,0,0,8,17,25,28,114,91,39,272,18,18,36,308
11/05/2011,TYS,TN,ASO,ES,Combined TRACON& Tower with Radar,10,87,47,6,150,0,1,34,21,56,10,88,81,27,206,22,16,38,244
11/06/2011,TYS,TN,ASO,ES,Combined TRACON& Tower with Radar,19,106,85,1,211,0,1,39,18,58,19,107,124,19,269,32,2,34,303
11/07/2011,TYS,TN,ASO,ES,Combined TRACON& Tower with Radar,17,112,73,27,229,0,1,39,3,43,17,113,112,30,272,48,24,72,344
11/08/2011,TYS,TN,ASO,ES,Combined TRACON& Tower with Radar,21,105,63,54,243,0,1,51,9,61,21,106,114,63,304,48,34,82,386
11/09/2011,TYS,TN,ASO,ES,Combined TRACON& Tower with Radar,23,113,64,12,212,0,0,22,6,28,23,113,86,18,240,2,28,30,270
11/10/2011,TYS,TN,ASO,ES,Combined TRACON& Tower with Radar,25,117,85,34,261,0,2,26,10,38,25,119,111,44,299,100,38,138,437
11/11/2011,TYS,TN,ASO,ES,Combined TRACON& Tower with Radar,27,114,65,8,214,0,0,36,2,38,27,114,101,10,252,32,8,40,292
11/12/2011,TYS,TN,ASO,ES,Combined TRACON& Tower with Radar,14,87,31,1,133,0,0,32,0,32,14,87,63,1,165,24,0,24,189
11/13/2011,TYS,TN,ASO,ES,Combined TRACON& Tower with Radar,19,98,40,2,159,0,0,19,0,19,19,98,59,2,178,6,0,6,184
11/14/2011,TYS,TN,ASO,ES,Combined TRACON& Tower with Radar,17,104,54,16,191,0,0,2,5,7,17,104,56,21,198,0,20,20,218
11/15/2011,TYS,TN,ASO,ES,Combined TRACON& Tower with Radar,22,103,79,0,204,0,0,1,4,5,22,103,80,4,209,0,2,2,211
11/16/2011,TYS,TN,ASO,ES,Combined TRACON& Tower with Radar,21,103,73,24,221,0,0,0,2,2,21,103,73,26,223,0,18,18,241
11/17/2011,TYS,TN,ASO,ES,Combined TRACON& Tower with Radar,27,109,79,33,248,0,1,20,11,32,27,110,99,44,280,0,10,10,290
11/18/2011,TYS,TN,ASO,ES,Combined TRACON& Tower with Radar,29,106,92,29,256,0,0,30,17,47,29,106,122,46,303,0,0,0,303
11/19/2011,TYS,TN,ASO,ES,Combined TRACON& Tower with Radar,10,90,58,14,172,0,1,14,11,26,10,91,72,25,198,2,130,132,330
11/20/2011,TYS,TN,ASO,ES,Combined TRACON& Tower with Radar,18,96,58,8,180,0,0,16,2,18,18,96,74,10,198,24,14,38,236
11/21/2011,TYS,TN,ASO,ES,Combined TRACON& Tower with Radar,27,97,40,28,192,0,0,0,0,0,27,97,40,28,192,0,12,12,204
11/22/2011,TYS,TN,ASO,ES,Combined TRACON& Tower with Radar,27,96,65,14,202,0,0,8,2,10,27,96,73,16,212,0,0,0,212
11/23/2011,TYS,TN,ASO,ES,Combined TRACON& Tower with Radar,30,115,96,18,259,0,0,18,0,18,30,115,114,18,277,20,8,28,305
11/24/2011,TYS,TN,ASO,ES,Combined TRACON& Tower with Radar,17,54,23,0,94,0,0,13,0,13,17,54,36,0,107,10,0,10,117
11/25/2011,TYS,TN,ASO,ES,Combined TRACON& Tower with Radar,21,73,23,0,117,0,0,30,0,30,21,73,53,0,147,32,0,32,179
11/26/2011,TYS,TN,ASO,ES,Combined TRACON& Tower with Radar,19,101,40,1,161,0,1,19,0,20,19,102,59,1,181,32,0,32,213
11/27/2011,TYS,TN,ASO,ES,Combined TRACON& Tower with Radar,21,122,72,0,215,0,0,1,0,1,21,122,73,0,216,0,0,0,216
11/28/2011,TYS,TN,ASO,ES,Combined TRACON& Tower with Radar,25,114,39,3,181,0,0,0,0,0,25,114,39,3,181,0,0,0,181
11/29/2011,TYS,TN,ASO,ES,Combined TRACON& Tower with Radar,19,96,60,42,217,0,0,2,13,15,19,96,62,55,232,0,0,0,232
11/30/2011,TYS,TN,ASO,ES,Combined TRACON& Tower with Radar,21,108,65,21,215,0,0,35,10,45,21,108,100,31,260,10,2,12,272
12/01/2011,TYS,TN,ASO,ES,Combined TRACON& Tower with Radar,28,112,83,25,248,0,0,29,20,49,28,112,112,45,297,8,56,64,361
12/02/2011,TYS,TN,ASO,ES,Combined TRACON& Tower with Radar,28,113,81,32,254,0,0,37,12,49,28,113,118,44,303,2,88,90,393
12/03/2011,TYS,TN,ASO,ES,Combined TRACON& Tower with Radar,12,81,40,4,137,0,0,32,9,41,12,81,72,13,178,18,0,18,196
12/04/2011,TYS,TN,ASO,ES,Combined TRACON& Tower with Radar,21,97,61,9,188,0,0,17,0,17,21,97,78,9,205,46,0,46,251
12/05/2011,TYS,TN,ASO,ES,Combined TRACON& Tower with Radar,19,111,56,15,201,0,0,15,1,16,19,111,71,16,217,32,14,46,263
12/06/2011,TYS,TN,ASO,ES,Combined TRACON& Tower with Radar,19,98,52,56,225,0,0,0,0,0,19,98,52,56,225,0,0,0,225
12/07/2011,TYS,TN,ASO,ES,Combined TRACON& Tower with Radar,17,108,56,40,221,0,0,1,0,1,17,108,57,40,222,0,18,18,240
12/08/2011,TYS,TN,ASO,ES,Combined TRACON& Tower with Radar,25,106,84,30,245,0,2,39,9,50,25,108,123,39,295,42,40,82,377
12/09/2011,TYS,TN,ASO,ES,Combined TRACON& Tower with Radar,26,111,66,29,232,0,0,20,13,33,26,111,86,42,265,46,30,76,341
12/10/2011,TYS,TN,ASO,ES,Combined TRACON& Tower with Radar,13,70,40,4,127,0,0,42,7,49,13,70,82,11,176,0,0,0,176
12/11/2011,TYS,TN,ASO,ES,Combined TRACON& Tower with Radar,15,91,50,6,162,0,1,35,2,38,15,92,85,8,200,10,10,20,220
12/12/2011,TYS,TN,ASO,ES,Combined TRACON& Tower with Radar,19,105,71,9,204,0,0,28,0,28,19,105,99,9,232,6,8,14,246
12/13/2011,TYS,TN,ASO,ES,Combined TRACON& Tower with Radar,19,110,87,26,242,0,0,17,10,27,19,110,104,36,269,0,0,0,269
12/14/2011,TYS,TN,ASO,ES,Combined TRACON& Tower with Radar,20,116,81,47,264,0,0,36,12,48,20,116,117,59,312,40,72,112,424
12/15/2011,TYS,TN,ASO,ES,Combined TRACON& Tower with Radar,26,111,67,44,248,0,0,13,10,23,26,111,80,54,271,2,14,16,287
12/16/2011,TYS,TN,ASO,ES,Combined TRACON& Tower with Radar,26,105,89,25,245,0,0,0,0,0,26,105,89,25,245,0,0,0,245
12/17/2011,TYS,TN,ASO,ES,Combined TRACON& Tower with Radar,17,78,52,4,151,0,0,38,5,43,17,78,90,9,194,24,6,30,224
12/18/2011,TYS,TN,ASO,ES,Combined TRACON& Tower with Radar,18,91,52,2,163,0,2,56,4,62,18,93,108,6,225,46,0,46,271
12/19/2011,TYS,TN,ASO,ES,Combined TRACON& Tower with Radar,24,106,38,14,182,0,0,28,0,28,24,106,66,14,210,54,8,62,272
12/20/2011,TYS,TN,ASO,ES,Combined TRACON& Tower with Radar,21,112,65,38,236,0,0,23,17,40,21,112,88,55,276,8,60,68,344
12/21/2011,TYS,TN,ASO,ES,Combined TRACON& Tower with Radar,27,96,55,21,199,0,0,5,4,9,27,96,60,25,208,18,26,44,252
12/22/2011,TYS,TN,ASO,ES,Combined TRACON& Tower with Radar,27,98,64,0,189,0,1,11,2,14,27,99,75,2,203,0,6,6,209
12/23/2011,TYS,TN,ASO,ES,Combined TRACON& Tower with Radar,30,118,49,0,197,0,0,11,0,11,30,118,60,0,208,0,0,0,208
12/24/2011,TYS,TN,ASO,ES,Combined TRACON& Tower with Radar,19,73,23,0,115,0,0,11,0,11,19,73,34,0,126,0,0,0,126
12/25/2011,TYS,TN,ASO,ES,Combined TRACON& Tower with Radar,12,74,11,0,97,0,0,3,0,3,12,74,14,0,100,0,0,0,100
12/26/2011,TYS,TN,ASO,ES,Combined TRACON& Tower with Radar,16,105,56,0,177,0,0,15,0,15,16,105,71,0,192,22,0,22,214
12/27/2011,TYS,TN,ASO,ES,Combined TRACON& Tower with Radar,24,100,51,8,183,0,0,0,0,0,24,100,51,8,183,0,0,0,183
12/28/2011,TYS,TN,ASO,ES,Combined TRACON& Tower with Radar,26,102,56,22,206,0,0,35,5,40,26,102,91,27,246,14,30,44,290
12/29/2011,TYS,TN,ASO,ES,Combined TRACON& Tower with Radar,23,97,46,29,195,0,0,32,0,32,23,97,78,29,227,0,12,12,239
12/30/2011,TYS,TN,ASO,ES,Combined TRACON& Tower with Radar,26,103,43,0,172,0,0,23,0,23,26,103,66,0,195,0,0,0,195
12/31/2011,TYS,TN,ASO,ES,Combined TRACON& Tower with Radar,14,74,24,0,112,0,0,36,0,36,14,74,60,0,148,12,0,12,160
01/01/2012,TYS,TN,ASO,ES,Combined TRACON& Tower with Radar,14,75,44,0,133,0,0,5,0,5,14,75,49,0,138,0,0,0,138
01/02/2012,TYS,TN,ASO,ES,Combined TRACON& Tower with Radar,18,99,31,1,149,0,0,7,0,7,18,99,38,1,156,0,0,0,156
01/03/2012,TYS,TN,ASO,ES,Combined TRACON& Tower with Radar,26,95,44,25,190,0,0,25,0,25,26,95,69,25,215,24,10,34,249
01/04/2012,TYS,TN,ASO,ES,Combined TRACON& Tower with Radar,30,94,55,67,246,0,0,22,3,25,30,94,77,70,271,14,76,90,361
01/05/2012,TYS,TN,ASO,ES,Combined TRACON& Tower with Radar,33,95,58,54,240,0,0,36,24,60,33,95,94,78,300,48,74,122,422
01/06/2012,TYS,TN,ASO,ES,Combined TRACON& Tower with Radar,34,102,65,17,218,0,0,29,24,53,34,102,94,41,271,28,56,84,355
01/07/2012,TYS,TN,ASO,ES,Combined TRACON& Tower with Radar,14,75,39,14,142,0,0,13,8,21,14,75,52,22,163,40,10,50,213
01/08/2012,TYS,TN,ASO,ES,Combined TRACON& Tower with Radar,26,85,31,6,148,0,0,4,21,25,26,85,35,27,173,0,6,6,179
01/09/2012,TYS,TN,ASO,ES,Combined TRACON& Tower with Radar,25,91,34,6,156,0,0,0,0,0,25,91,34,6,156,0,0,0,156
01/10/2012,TYS,TN,ASO,ES,Combined TRACON& Tower with Radar,24,97,70,31,222,0,0,21,9,30,24,97,91,40,252,36,28,64,316
01/11/2012,TYS,TN,ASO,ES,Combined TRACON& Tower with Radar,27,92,47,20,186,0,0,2,0,2,27,92,49,20,188,0,38,38,226
01/12/2012,TYS,TN,ASO,ES,Combined TRACON& Tower with Radar,28,91,55,37,211,0,0,2,4,6,28,91,57,41,217,0,34,34,251
01/13/2012,TYS,TN,ASO,ES,Combined TRACON& Tower with Radar,33,100,80,22,235,0,0,13,7,20,33,100,93,29,255,0,38,38,293
01/14/2012,TYS,TN,ASO,ES,Combined TRACON& Tower with Radar,17,67,34,1,119,0,0,42,0,42,17,67,76,1,161,14,0,14,175
01/15/2012,TYS,TN,ASO,ES,Combined TRACON& Tower with Radar,22,77,59,9,167,0,0,41,0,41,22,77,100,9,208,38,0,38,246
01/16/2012,TYS,TN,ASO,ES,Combined TRACON& Tower with Radar,24,97,75,2,198,0,0,22,0,22,24,97,97,2,220,14,0,14,234
01/17/2012,TYS,TN,ASO,ES,Combined TRACON& Tower with Radar,29,80,56,51,216,0,0,3,3,6,29,80,59,54,222,6,18,24,246
01/18/2012,TYS,TN,ASO,ES,Combined TRACON& Tower with Radar,29,86,67,48,230,0,0,22,7,29,29,86,89,55,259,22,80,102,361
01/19/2012,TYS,TN,ASO,ES,Combined TRACON& Tower with Radar,28,104,68,57,257,0,0,28,21,49,28,104,96,78,306,0,0,0,306
01/20/2012,TYS,TN,ASO,ES,Combined TRACON& Tower with Radar,34,88,64,42,228,0,0,18,5,23,34,88,82,47,251,6,14,20,271
01/21/2012,TYS,TN,ASO,ES,Combined TRACON& Tower with Radar,29,64,18,0,111,0,0,0,9,9,29,64,18,9,120,0,16,16,136
01/22/2012,TYS,TN,ASO,ES,Combined TRACON& Tower with Radar,20,88,76,38,222,0,0,3,3,6,20,88,79,41,228,0,26,26,254
01/23/2012,TYS,TN,ASO,ES,Combined TRACON& Tower with Radar,27,107,34,10,178,0,0,10,6,16,27,107,44,16,194,8,14,22,216
01/24/2012,TYS,TN,ASO,ES,Combined TRACON& Tower with Radar,27,101,81,77,286,0,0,41,11,52,27,101,122,88,338,90,52,142,480
01/25/2012,TYS,TN,ASO,ES,Combined TRACON& Tower with Radar,28,99,78,42,247,0,0,53,7,60,28,99,131,49,307,38,38,76,383
01/26/2012,TYS,TN,ASO,ES,Combined TRACON& Tower with Radar,28,99,71,43,241,0,0,4,3,7,28,99,75,46,248,12,40,52,300
01/27/2012,TYS,TN,ASO,ES,Combined TRACON& Tower with Radar,34,98,80,66,278,0,0,24,12,36,34,98,104,78,314,12,52,64,378
01/28/2012,TYS,TN,ASO,ES,Combined TRACON& Tower with Radar,14,73,34,3,124,0,0,36,1,37,14,73,70,4,161,26,0,26,187
01/29/2012,TYS,TN,ASO,ES,Combined TRACON& Tower with Radar,20,84,46,16,166,0,1,43,0,44,20,85,89,16,210,12,6,18,228
01/30/2012,TYS,TN,ASO,ES,Combined TRACON& Tower with Radar,25,91,66,31,213,0,0,33,3,36,25,91,99,34,249,16,24,40,289
01/31/2012,TYS,TN,ASO,ES,Combined TRACON& Tower with Radar,23,84,76,50,233,0,1,30,13,44,23,85,106,63,277,8,8,16,293
02/01/2012,TYS,TN,ASO,ES,Combined TRACON& Tower with Radar,27,91,51,40,209,0,0,0,2,2,27,91,51,42,211,2,10,12,223
02/02/2012,TYS,TN,ASO,ES,Combined TRACON& Tower with Radar,32,98,54,32,216,0,0,35,22,57,32,98,89,54,273,48,30,78,351
02/03/2012,TYS,TN,ASO,ES,Combined TRACON& Tower with Radar,32,90,82,52,256,0,3,37,25,65,32,93,119,77,321,28,42,70,391
02/04/2012,TYS,TN,ASO,ES,Combined TRACON& Tower with Radar,16,69,46,0,131,0,0,1,8,9,16,69,47,8,140,0,198,198,338
02/05/2012,TYS,TN,ASO,ES,Combined TRACON& Tower with Radar,22,82,42,15,161,0,0,10,10,20,22,82,52,25,181,8,0,8,189
02/06/2012,TYS,TN,ASO,ES,Combined TRACON& Tower with Radar,24,98,65,12,199,0,0,18,8,26,24,98,83,20,225,58,22,80,305
02/07/2012,TYS,TN,ASO,ES,Combined TRACON& Tower with Radar,26,83,64,54,227,0,0,33,10,43,26,83,97,64,270,38,40,78,348
02/08/2012,TYS,TN,ASO,ES,Combined TRACON& Tower with Radar,27,81,60,20,188,0,0,17,11,28,27,81,77,31,216,16,18,34,250
02/09/2012,TYS,TN,ASO,ES,Combined TRACON& Tower with Radar,27,110,93,53,283,0,1,40,22,63,27,111,133,75,346,14,48,62,408
02/10/2012,TYS,TN,ASO,ES,Combined TRACON& Tower with Radar,31,98,71,19,219,0,4,7,1,12,31,102,78,20,231,24,50,74,305
02/11/2012,TYS,TN,ASO,ES,Combined TRACON& Tower with Radar,13,72,7,1,93,0,0,1,0,1,13,72,8,1,94,0,0,0,94
02/12/2012,TYS,TN,ASO,ES,Combined TRACON& Tower with Radar,20,84,50,16,170,0,0,29,0,29,20,84,79,16,199,38,0,38,237
02/13/2012,TYS,TN,ASO,ES,Combined TRACON& Tower with Radar,26,93,36,44,199,0,1,28,1,30,26,94,64,45,229,54,38,92,321
02/14/2012,TYS,TN,ASO,ES,Combined TRACON& Tower with Radar,26,89,37,43,195,0,0,0,0,0,26,89,37,43,195,0,0,0,195
02/15/2012,TYS,TN,ASO,ES,Combined TRACON& Tower with Radar,24,93,70,89,276,0,1,12,10,23,24,94,82,99,299,28,60,88,387
02/16/2012,TYS,TN,ASO,ES,Combined TRACON& Tower with Radar,34,98,71,42,245,0,1,7,18,26,34,99,78,60,271,16,6,22,293
02/17/2012,TYS,TN,ASO,ES,Combined TRACON& Tower with Radar,26,119,99,59,303,0,2,30,13,45,26,121,129,72,348,12,88,100,448
02/18/2012,TYS,TN,ASO,ES,Combined TRACON& Tower with Radar,13,77,41,1,132,0,2,43,14,59,13,79,84,15,191,62,0,62,253
02/19/2012,TYS,TN,ASO,ES,Combined TRACON& Tower with Radar,19,88,24,4,135,0,0,0,0,0,19,88,24,4,135,0,0,0,135
02/20/2012,TYS,TN,ASO,ES,Combined TRACON& Tower with Radar,23,99,71,14,207,0,1,19,0,20,23,100,90,14,227,0,0,0,227
02/21/2012,TYS,TN,ASO,ES,Combined TRACON& Tower with Radar,27,107,65,17,216,0,0,17,9,26,27,107,82,26,242,8,28,36,278
02/22/2012,TYS,TN,ASO,ES,Combined TRACON& Tower with Radar,27,96,37,42,202,0,0,5,2,7,27,96,42,44,209,0,24,24,233
02/23/2012,TYS,TN,ASO,ES,Combined TRACON& Tower with Radar,29,104,54,55,242,0,0,4,13,17,29,104,58,68,259,12,60,72,331
02/24/2012,TYS,TN,ASO,ES,Combined TRACON& Tower with Radar,31,108,59,39,237,0,0,10,2,12,31,108,69,41,249,0,30,30,279
02/25/2012,TYS,TN,ASO,ES,Combined TRACON& Tower with Radar,10,77,21,22,130,0,0,27,0,27,10,77,48,22,157,28,12,40,197
02/26/2012,TYS,TN,ASO,ES,Combined TRACON& Tower with Radar,19,101,53,2,175,0,0,47,1,48,19,101,100,3,223,96,0,96,319
02/27/2012,TYS,TN,ASO,ES,Combined TRACON& Tower with Radar,25,102,50,15,192,0,0,22,2,24,25,102,72,17,216,16,6,22,238
02/28/2012,TYS,TN,ASO,ES,Combined TRACON& Tower with Radar,34,95,77,59,265,0,0,33,19,52,34,95,110,78,317,20,44,64,381
02/29/2012,TYS,TN,ASO,ES,Combined TRACON& Tower with Radar,25,99,72,20,216,0,1,0,2,3,25,100,72,22,219,0,4,4,223
03/01/2012,TYS,TN,ASO,ES,Combined TRACON& Tower with Radar,30,98,78,100,306,0,0,45,8,53,30,98,123,108,359,32,118,150,509
03/02/2012,TYS,TN,ASO,ES,Combined TRACON& Tower with Radar,26,95,44,12,177,0,0,7,2,9,26,95,51,14,186,10,0,10,196
03/03/2012,TYS,TN,ASO,ES,Combined TRACON& Tower with Radar,15,94,29,12,150,0,0,22,0,22,15,94,51,12,172,12,14,26,198
03/04/2012,TYS,TN,ASO,ES,Combined TRACON& Tower with Radar,23,88,55,32,198,0,0,17,0,17,23,88,72,32,215,4,4,8,223
03/05/2012,TYS,TN,ASO,ES,Combined TRACON& Tower with Radar,20,103,47,31,201,0,0,15,2,17,20,103,62,33,218,20,44,64,282
03/06/2012,TYS,TN,ASO,ES,Combined TRACON& Tower with Radar,27,94,81,53,255,0,0,43,10,53,27,94,124,63,308,32,78,110,418
03/07/2012,TYS,TN,ASO,ES,Combined TRACON& Tower with Radar,32,96,56,34,218,0,1,26,8,35,32,97,82,42,253,48,28,76,329
03/08/2012,TYS,TN,ASO,ES,Combined TRACON& Tower with Radar,31,105,55,39,230,0,0,18,22,40,31,105,73,61,270,16,44,60,330
03/09/2012,TYS,TN,ASO,ES,Combined TRACON& Tower with Radar,25,103,81,28,237,0,0,34,16,50,25,103,115,44,287,34,12,46,333
03/10/2012,TYS,TN,ASO,ES,Combined TRACON& Tower with Radar,28,79,46,6,159,0,0,64,0,64,28,79,110,6,223,24,0,24,247
03/11/2012,TYS,TN,ASO,ES,Combined TRACON& Tower with Radar,19,94,43,7,163,0,0,28,2,30,19,94,71,9,193,8,10,18,211
03/12/2012,TYS,TN,ASO,ES,Combined TRACON& Tower with Radar,22,101,41,15,179,0,1,23,0,24,22,102,64,15,203,32,2,34,237
03/13/2012,TYS,TN,ASO,ES,Combined TRACON& Tower with Radar,27,96,68,51,242,0,0,24,8,32,27,96,92,59,274,10,38,48,322
03/14/2012,TYS,TN,ASO,ES,Combined TRACON& Tower with Radar,34,101,60,54,249,0,0,48,10,58,34,101,108,64,307,92,78,170,477
03/15/2012,TYS,TN,ASO,ES,Combined TRACON& Tower with Radar,32,111,73,46,262,0,0,27,14,41,32,111,100,60,303,60,54,114,417
03/16/2012,TYS,TN,ASO,ES,Combined TRACON& Tower with Radar,31,116,81,23,251,0,2,26,3,31,31,118,107,26,282,12,24,36,318
03/17/2012,TYS,TN,ASO,ES,Combined TRACON& Tower with Radar,26,83,38,0,147,0,0,25,6,31,26,83,63,6,178,36,0,36,214
03/18/2012,TYS,TN,ASO,ES,Combined TRACON& Tower with Radar,17,88,47,7,159,0,0,31,0,31,17,88,78,7,190,10,0,10,200
03/19/2012,TYS,TN,ASO,ES,Combined TRACON& Tower with Radar,29,101,45,20,195,0,1,29,7,37,29,102,74,27,232,20,16,36,268
03/20/2012,TYS,TN,ASO,ES,Combined TRACON& Tower with Radar,29,97,64,70,260,0,0,27,8,35,29,97,91,78,295,24,36,60,355
03/21/2012,TYS,TN,ASO,ES,Combined TRACON& Tower with Radar,31,95,52,30,208,0,3,32,10,45,31,98,84,40,253,42,32,74,327
03/22/2012,TYS,TN,ASO,ES,Combined TRACON& Tower with Radar,31,98,71,106,306,0,0,32,32,64,31,98,103,138,370,8,120,128,498
03/23/2012,TYS,TN,ASO,ES,Combined TRACON& Tower with Radar,30,107,56,22,215,0,0,5,8,13,30,107,61,30,228,0,32,32,260
03/24/2012,TYS,TN,ASO,ES,Combined TRACON& Tower with Radar,20,81,41,1,143,0,0,12,0,12,20,81,53,1,155,20,32,52,207
03/25/2012,TYS,TN,ASO,ES,Combined TRACON& Tower with Radar,16,105,58,1,180,0,0,20,11,31,16,105,78,12,211,16,6,22,233
03/26/2012,TYS,TN,ASO,ES,Combined TRACON& Tower with Radar,17,104,64,35,220,0,0,60,0,60,17,104,124,35,280,74,2,76,356
03/27/2012,TYS,TN,ASO,ES,Combined TRACON& Tower with Radar,25,95,64,56,240,0,0,33,2,35,25,95,97,58,275,12,40,52,327
03/28/2012,TYS,TN,ASO,ES,Combined TRACON& Tower with Radar,27,95,60,38,220,0,0,19,7,26,27,95,79,45,246,18,54,72,318
03/29/2012,TYS,TN,ASO,ES,Combined TRACON& Tower with Radar,25,110,84,88,307,0,0,38,28,66,25,110,122,116,373,14,48,62,435
03/30/2012,TYS,TN,ASO,ES,Combined TRACON& Tower with Radar,23,106,75,25,229,0,1,21,7,29,23,107,96,32,258,0,42,42,300
03/31/2012,TYS,TN,ASO,ES,Combined TRACON& Tower with Radar,18,78,44,14,154,0,0,21,1,22,18,78,65,15,176,0,0,0,176
04/01/2012,TYS,TN,ASO,ES,Combined TRACON& Tower with Radar,15,103,58,3,179,0,1,29,1,31,15,104,87,4,210,30,0,30,240
04/02/2012,TYS,TN,ASO,ES,Combined TRACON& Tower with Radar,20,108,51,17,196,0,0,28,9,37,20,108,79,26,233,40,22,62,295
04/03/2012,TYS,TN,ASO,ES,Combined TRACON& Tower with Radar,22,101,81,46,250,0,0,15,10,25,22,101,96,56,275,0,20,20,295
04/04/2012,TYS,TN,ASO,ES,Combined TRACON& Tower with Radar,23,99,57,54,233,0,0,19,15,34,23,99,76,69,267,12,12,24,291
04/05/2012,TYS,TN,ASO,ES,Combined TRACON& Tower with Radar,23,113,72,16,224,0,0,8,5,13,23,113,80,21,237,6,26,32,269
04/06/2012,TYS,TN,ASO,ES,Combined TRACON& Tower with Radar,23,108,62,14,207,0,0,34,1,35,23,108,96,15,242,8,10,18,260
04/07/2012,TYS,TN,ASO,ES,Combined TRACON& Tower with Radar,12,78,44,6,140,0,0,41,0,41,12,78,85,6,181,18,0,18,199
04/08/2012,TYS,TN,ASO,ES,Combined TRACON& Tower with Radar,15,93,46,29,183,0,0,19,0,19,15,93,65,29,202,0,2,2,204
04/09/2012,TYS,TN,ASO,ES,Combined TRACON& Tower with Radar,15,111,55,16,197,0,0,26,0,26,15,111,81,16,223,10,10,20,243
04/10/2012,TYS,TN,ASO,ES,Combined TRACON& Tower with Radar,24,92,67,54,237,0,0,18,7,25,24,92,85,61,262,22,62,84,346
04/11/2012,TYS,TN,ASO,ES,Combined TRACON& Tower with Radar,22,106,63,49,240,0,0,17,16,33,22,106,80,65,273,14,0,14,287
04/12/2012,TYS,TN,ASO,ES,Combined TRACON& Tower with Radar,33,114,79,60,286,0,2,33,9,44,33,116,112,69,330,20,50,70,400
04/13/2012,TYS,TN,ASO,ES,Combined TRACON& Tower with Radar,21,108,85,16,230,0,0,47,6,53,21,108,132,22,283,30,8,38,321
04/14/2012,TYS,TN,ASO,ES,Combined TRACON& Tower with Radar,14,75,35,16,140,0,0,27,14,41,14,75,62,30,181,6,4,10,191
04/15/2012,TYS,TN,ASO,ES,Combined TRACON& Tower with Radar,13,97,63,9,182,0,0,24,11,35,13,97,87,20,217,6,12,18,235
04/16/2012,TYS,TN,ASO,ES,Combined TRACON& Tower with Radar,15,102,58,17,192,0,0,11,3,14,15,102,69,20,206,0,0,0,206
04/17/2012,TYS,TN,ASO,ES,Combined TRACON& Tower with Radar,25,101,53,18,197,0,2,7,12,21,25,103,60,30,218,26,10,36,254
04/18/2012,TYS,TN,ASO,ES,Combined TRACON& Tower with Radar,27,95,65,40,227,0,0,1,0,1,27,95,66,40,228,8,0,8,236
04/19/2012,TYS,TN,ASO,ES,Combined TRACON& Tower with Radar,30,106,81,50,267,0,0,32,22,54,30,106,113,72,321,14,74,88,409
04/20/2012,TYS,TN,ASO,ES,Combined TRACON& Tower with Radar,22,107,107,21,257,0,0,25,4,29,22,107,132,25,286,2,36,38,324
04/21/2012,TYS,TN,ASO,ES,Combined TRACON& Tower with Radar,11,85,26,11,133,0,0,5,1,6,11,85,31,12,139,8,0,8,147
04/22/2012,TYS,TN,ASO,ES,Combined TRACON& Tower with Radar,20,109,75,6,210,0,0,7,0,7,20,109,82,6,217,22,0,22,239
04/23/2012,TYS,TN,ASO,ES,Combined TRACON& Tower with Radar,16,103,33,12,164,0,0,9,2,11,16,103,42,14,175,22,4,26,201
04/24/2012,TYS,TN,ASO,ES,Combined TRACON& Tower with Radar,23,101,59,41,224,0,0,12,2,14,23,101,71,43,238,18,58,76,314
04/25/2012,TYS,TN,ASO,ES,Combined TRACON& Tower with Radar,22,107,54,78,261,0,0,30,8,38,22,107,84,86,299,18,52,70,369
04/26/2012,TYS,TN,ASO,ES,Combined TRACON& Tower with Radar,27,111,63,9,210,0,0,7,16,23,27,111,70,25,233,0,22,22,255
04/27/2012,TYS,TN,ASO,ES,Combined TRACON& Tower with Radar,22,117,64,56,259,0,0,47,16,63,22,117,111,72,322,60,80,140,462
04/28/2012,TYS,TN,ASO,ES,Combined TRACON& Tower with Radar,11,77,37,2,127,0,0,23,12,35,11,77,60,14,162,12,12,24,186
04/29/2012,TYS,TN,ASO,ES,Combined TRACON& Tower with Radar,17,104,84,14,219,0,1,40,15,56,17,105,124,29,275,18,50,68,343
04/30/2012,TYS,TN,ASO,ES,Combined TRACON& Tower with Radar,15,112,67,27,221,0,0,20,5,25,15,112,87,32,246,16,8,24,270
05/01/2012,TYS,TN,ASO,ES,Combined TRACON& Tower with Radar,26,97,72,46,241,0,4,25,1,30,26,101,97,47,271,36,14,50,321
05/02/2012,TYS,TN,ASO,ES,Combined TRACON& Tower with Radar,33,91,59,53,236,0,0,30,8,38,33,91,89,61,274,0,84,84,358
05/03/2012,TYS,TN,ASO,ES,Combined TRACON& Tower with Radar,30,108,60,44,242,0,0,33,16,49,30,108,93,60,291,2,16,18,309
05/04/2012,TYS,TN,ASO,ES,Combined TRACON& Tower with Radar,24,108,69,17,218,0,0,30,10,40,24,108,99,27,258,0,80,80,338
05/05/2012,TYS,TN,ASO,ES,Combined TRACON& Tower with Radar,19,73,29,11,132,0,0,37,10,47,19,73,66,21,179,26,28,54,233
05/06/2012,TYS,TN,ASO,ES,Combined TRACON& Tower with Radar,21,92,74,31,218,0,1,43,7,51,21,93,117,38,269,6,0,6,275
05/07/2012,TYS,TN,ASO,ES,Combined TRACON& Tower with Radar,18,105,59,13,195,0,0,7,3,10,18,105,66,16,205,26,12,38,243
05/08/2012,TYS,TN,ASO,ES,Combined TRACON& Tower with Radar,27,99,79,41,246,0,0,4,7,11,27,99,83,48,257,0,68,68,325
05/09/2012,TYS,TN,ASO,ES,Combined TRACON& Tower with Radar,27,107,79,61,274,0,0,20,5,25,27,107,99,66,299,30,90,120,419
05/10/2012,TYS,TN,ASO,ES,Combined TRACON& Tower with Radar,31,107,116,63,317,0,1,64,20,85,31,108,180,83,402,36,104,140,542
05/11/2012,TYS,TN,ASO,ES,Combined TRACON& Tower with Radar,24,110,72,49,255,0,0,35,14,49,24,110,107,63,304,32,52,84,388
05/12/2012,TYS,TN,ASO,ES,Combined TRACON& Tower with Radar,14,77,27,0,118,0,0,27,0,27,14,77,54,0,145,10,0,10,155
05/13/2012,TYS,TN,ASO,ES,Combined TRACON& Tower with Radar,18,86,28,11,143,0,0,1,0,1,18,86,29,11,144,0,0,0,144
05/14/2012,TYS,TN,ASO,ES,Combined TRACON& Tower with Radar,21,108,81,2,212,0,0,4,2,6,21,108,85,4,218,14,10,24,242
05/15/2012,TYS,TN,ASO,ES,Combined TRACON& Tower with Radar,29,98,90,56,273,0,0,7,12,19,29,98,97,68,292,2,100,102,394
05/16/2012,TYS,TN,ASO,ES,Combined TRACON& Tower with Radar,25,107,69,70,271,0,0,24,7,31,25,107,93,77,302,46,148,194,496
05/17/2012,TYS,TN,ASO,ES,Combined TRACON& Tower with Radar,27,111,82,41,261,0,0,33,27,60,27,111,115,68,321,2,36,38,359
05/18/2012,TYS,TN,ASO,ES,Combined TRACON& Tower with Radar,31,105,68,45,249,0,0,18,17,35,31,105,86,62,284,0,0,0,284
05/19/2012,TYS,TN,ASO,ES,Combined TRACON& Tower with Radar,14,76,45,2,137,0,0,27,7,34,14,76,72,9,171,22,0,22,193
05/20/2012,TYS,TN,ASO,ES,Combined TRACON& Tower with Radar,16,89,54,5,164,0,0,33,2,35,16,89,87,7,199,12,0,12,211
05/21/2012,TYS,TN,ASO,ES,Combined TRACON& Tower with Radar,18,107,66,13,204,0,0,13,2,15,18,107,79,15,219,4,0,4,223
05/22/2012,TYS,TN,ASO,ES,Combined TRACON& Tower with Radar,26,93,66,42,227,0,0,3,0,3,26,93,69,42,230,0,0,0,230
05/23/2012,TYS,TN,ASO,ES,Combined TRACON& Tower with Radar,27,106,74,29,236,0,0,20,2,22,27,106,94,31,258,16,36,52,310
05/24/2012,TYS,TN,ASO,ES,Combined TRACON& Tower with Radar,26,105,99,46,276,0,0,44,19,63,26,105,143,65,339,22,65,87,426
05/25/2012,TYS,TN,ASO,ES,Combined TRACON& Tower with Radar,30,103,82,17,232,0,0,41,1,42,30,103,123,18,274,8,26,34,308
05/26/2012,TYS,TN,ASO,ES,Combined TRACON& Tower with Radar,15,77,34,0,126,0,0,17,4,21,15,77,51,4,147,26,0,26,173
05/27/2012,TYS,TN,ASO,ES,Combined TRACON& Tower with Radar,16,77,24,1,118,0,0,19,0,19,16,77,43,1,137,8,0,8,145
05/28/2012,TYS,TN,ASO,ES,Combined TRACON& Tower with Radar,16,100,54,4,174,0,0,27,3,30,16,100,81,7,204,14,6,20,224
05/29/2012,TYS,TN,ASO,ES,Combined TRACON& Tower with Radar,18,100,59,2,179,0,0,19,5,24,18,100,78,7,203,6,0,6,209
05/30/2012,TYS,TN,ASO,ES,Combined TRACON& Tower with Radar,27,106,81,55,269,0,0,36,28,64,27,106,117,83,333,12,98,110,443
05/31/2012,TYS,TN,ASO,ES,Combined TRACON& Tower with Radar,26,91,54,56,227,0,1,33,38,72,26,92,87,94,299,44,72,116,415
06/01/2012,TYS,TN,ASO,ES,Combined TRACON& Tower with Radar,35,105,44,38,222,0,0,10,0,10,35,105,54,38,232,10,4,14,246
06/02/2012,TYS,TN,ASO,ES,Combined TRACON& Tower with Radar,17,75,41,20,153,0,0,25,5,30,17,75,66,25,183,32,0,32,215
06/03/2012,TYS,TN,ASO,ES,Combined TRACON& Tower with Radar,22,83,45,21,171,0,0,24,2,26,22,83,69,23,197,8,0,8,205
06/04/2012,TYS,TN,ASO,ES,Combined TRACON& Tower with Radar,22,106,44,20,192,0,0,25,0,25,22,106,69,20,217,0,0,0,217
06/05/2012,TYS,TN,ASO,ES,Combined TRACON& Tower with Radar,21,102,71,50,244,0,0,30,5,35,21,102,101,55,279,58,26,84,363
06/06/2012,TYS,TN,ASO,ES,Combined TRACON& Tower with Radar,31,99,92,77,299,0,2,31,0,33,31,101,123,77,332,18,44,62,394
06/07/2012,TYS,TN,ASO,ES,Combined TRACON& Tower with Radar,33,111,78,64,286,0,0,47,11,58,33,111,125,75,344,16,68,84,428
06/08/2012,TYS,TN,ASO,ES,Combined TRACON& Tower with Radar,32,104,49,76,261,0,1,37,10,48,32,105,86,86,309,54,34,88,397
06/09/2012,TYS,TN,ASO,ES,Combined TRACON& Tower with Radar,17,88,33,2,140,0,0,20,2,22,17,88,53,4,162,6,0,6,168
06/10/2012,TYS,TN,ASO,ES,Combined TRACON& Tower with Radar,25,102,51,22,200,0,0,16,2,18,25,102,67,24,218,4,0,4,222
06/11/2012,TYS,TN,ASO,ES,Combined TRACON& Tower with Radar,20,107,60,7,194,0,0,2,0,2,20,107,62,7,196,0,0,0,196
06/12/2012,TYS,TN,ASO,ES,Combined TRACON& Tower with Radar,26,102,71,58,257,0,0,18,31,49,26,102,89,89,306,34,58,92,398
06/13/2012,TYS,TN,ASO,ES,Combined TRACON& Tower with Radar,43,105,67,76,291,0,0,35,53,88,43,105,102,129,379,28,94,122,501
06/14/2012,TYS,TN,ASO,ES,Combined TRACON& Tower with Radar,31,111,93,31,266,0,1,35,4,40,31,112,128,35,306,46,4,50,356
06/15/2012,TYS,TN,ASO,ES,Combined TRACON& Tower with Radar,36,97,70,43,246,0,0,33,12,45,36,97,103,55,291,4,26,30,321
06/16/2012,TYS,TN,ASO,ES,Combined TRACON& Tower with Radar,23,82,34,40,179,0,2,20,0,22,23,84,54,40,201,20,0,20,221
06/17/2012,TYS,TN,ASO,ES,Combined TRACON& Tower with Radar,21,104,35,21,181,0,0,17,0,17,21,104,52,21,198,20,0,20,218
06/18/2012,TYS,TN,ASO,ES,Combined TRACON& Tower with Radar,23,98,55,21,197,0,0,32,20,52,23,98,87,41,249,30,16,46,295
06/19/2012,TYS,TN,ASO,ES,Combined TRACON& Tower with Radar,29,100,86,82,297,0,0,32,9,41,29,100,118,91,338,6,64,70,408
06/20/2012,TYS,TN,ASO,ES,Combined TRACON& Tower with Radar,37,109,44,48,238,0,0,27,17,44,37,109,71,65,282,40,70,110,392
06/21/2012,TYS,TN,ASO,ES,Combined TRACON& Tower with Radar,31,103,67,65,266,0,1,41,12,54,31,104,108,77,320,22,24,46,366
06/22/2012,TYS,TN,ASO,ES,Combined TRACON& Tower with Radar,35,92,60,57,244,0,0,28,2,30,35,92,88,59,274,32,34,66,340
06/23/2012,TYS,TN,ASO,ES,Combined TRACON& Tower with Radar,23,82,24,12,141,0,0,30,1,31,23,82,54,13,172,40,22,62,234
06/24/2012,TYS,TN,ASO,ES,Combined TRACON& Tower with Radar,26,103,44,0,173,0,0,29,0,29,26,103,73,0,202,4,0,4,206
06/25/2012,TYS,TN,ASO,ES,Combined TRACON& Tower with Radar,25,100,56,48,229,0,0,33,7,40,25,100,89,55,269,24,74,98,367
06/26/2012,TYS,TN,ASO,ES,Combined TRACON& Tower with Radar,27,107,73,58,265,0,1,66,11,78,27,108,139,69,343,8,44,52,395
06/27/2012,TYS,TN,ASO,ES,Combined TRACON& Tower with Radar,33,104,67,57,261,0,0,40,17,57,33,104,107,74,318,10,68,78,396
06/28/2012,TYS,TN,ASO,ES,Combined TRACON& Tower with Radar,33,102,63,52,250,0,0,65,26,91,33,102,128,78,341,22,82,104,445
06/29/2012,TYS,TN,ASO,ES,Combined TRACON& Tower with Radar,30,103,70,27,230,0,0,27,8,35,30,103,97,35,265,8,2,10,275
06/30/2012,TYS,TN,ASO,ES,Combined TRACON& Tower with Radar,26,82,41,2,151,0,0,21,0,21,26,82,62,2,172,12,0,12,184
07/01/2012,TYS,TN,ASO,ES,Combined TRACON& Tower with Radar,19,89,46,11,165,0,0,14,6,20,19,89,60,17,185,8,0,8,193
07/02/2012,TYS,TN,ASO,ES,Combined TRACON& Tower with Radar,22,95,54,13,184,0,2,19,5,26,22,97,73,18,210,24,8,32,242
07/03/2012,TYS,TN,ASO,ES,Combined TRACON& Tower with Radar,34,95,43,32,204,0,0,29,3,32,34,95,72,35,236,92,34,126,362
07/04/2012,TYS,TN,ASO,ES,Combined TRACON& Tower with Radar,13,75,16,2,106,0,0,26,1,27,13,75,42,3,133,38,0,38,171
07/05/2012,TYS,TN,ASO,ES,Combined TRACON& Tower with Radar,25,84,42,14,165,0,0,18,6,24,25,84,60,20,189,10,10,20,209
07/06/2012,TYS,TN,ASO,ES,Combined TRACON& Tower with Radar,29,94,45,41,209,0,0,16,9,25,29,94,61,50,234,0,36,36,270
07/07/2012,TYS,TN,ASO,ES,Combined TRACON& Tower with Radar,19,82,35,3,139,0,1,33,3,37,19,83,68,6,176,22,0,22,198
07/08/2012,TYS,TN,ASO,ES,Combined TRACON& Tower with Radar,19,100,58,11,188,0,0,21,2,23,19,100,79,13,211,32,8,40,251
07/09/2012,TYS,TN,ASO,ES,Combined TRACON& Tower with Radar,25,109,41,21,196,0,0,10,15,25,25,109,51,36,221,0,14,14,235
07/10/2012,TYS,TN,ASO,ES,Combined TRACON& Tower with Radar,26,106,49,35,216,0,0,10,15,25,26,106,59,50,241,22,12,34,275
07/11/2012,TYS,TN,ASO,ES,Combined TRACON& Tower with Radar,30,114,64,27,235,0,0,7,1,8,30,114,71,28,243,0,10,10,253
07/12/2012,TYS,TN,ASO,ES,Combined TRACON& Tower with Radar,26,117,79,9,231,0,0,1,4,5,26,117,80,13,236,0,58,58,294
07/13/2012,TYS,TN,ASO,ES,Combined TRACON& Tower with Radar,42,99,73,25,239,0,0,10,24,34,42,99,83,49,273,0,144,144,417
07/14/2012,TYS,TN,ASO,ES,Combined TRACON& Tower with Radar,22,94,30,19,165,0,0,8,10,18,22,94,38,29,183,26,60,86,269
07/15/2012,TYS,TN,ASO,ES,Combined TRACON& Tower with Radar,21,106,44,9,180,0,0,11,16,27,21,106,55,25,207,16,12,28,235
07/16/2012,TYS,TN,ASO,ES,Combined TRACON& Tower with Radar,24,112,70,18,224,0,2,26,28,56,24,114,96,46,280,42,22,64,344
07/17/2012,TYS,TN,ASO,ES,Combined TRACON& Tower with Radar,22,108,63,73,266,0,1,30,55,86,22,109,93,128,352,26,62,88,440
07/18/2012,TYS,TN,ASO,ES,Combined TRACON& Tower with Radar,33,104,33,19,189,0,0,17,41,58,33,104,50,60,247,6,44,50,297
07/19/2012,TYS,TN,ASO,ES,Combined TRACON& Tower with Radar,27,113,87,62,289,0,1,21,46,68,27,114,108,108,357,20,66,86,443
07/20/2012,TYS,TN,ASO,ES,Combined TRACON& Tower with Radar,23,109,59,34,225,0,0,18,4,22,23,109,77,38,247,32,14,46,293
07/21/2012,TYS,TN,ASO,ES,Combined TRACON& Tower with Radar,20,99,59,5,183,0,2,28,4,34,20,101,87,9,217,26,0,26,243
07/22/2012,TYS,TN,ASO,ES,Combined TRACON& Tower with Radar,18,104,51,12,185,0,0,23,9,32,18,104,74,21,217,22,0,22,239
07/23/2012,TYS,TN,ASO,ES,Combined TRACON& Tower with Radar,20,107,42,16,185,0,0,22,19,41,20,107,64,35,226,22,6,28,254
07/24/2012,TYS,TN,ASO,ES,Combined TRACON& Tower with Radar,21,119,45,34,219,0,1,21,29,51,21,120,66,63,270,8,58,66,336
07/25/2012,TYS,TN,ASO,ES,Combined TRACON& Tower with Radar,29,112,64,34,239,0,0,28,41,69,29,112,92,75,308,16,42,58,366
07/26/2012,TYS,TN,ASO,ES,Combined TRACON& Tower with Radar,23,107,77,43,250,0,0,32,29,61,23,107,109,72,311,28,122,150,461
07/27/2012,TYS,TN,ASO,ES,Combined TRACON& Tower with Radar,26,112,63,26,227,0,0,31,17,48,26,112,94,43,275,50,62,112,387
07/28/2012,TYS,TN,ASO,ES,Combined TRACON& Tower with Radar,19,90,30,19,158,0,2,35,16,53,19,92,65,35,211,45,10,55,266
07/29/2012,TYS,TN,ASO,ES,Combined TRACON& Tower with Radar,19,109,51,27,206,0,1,25,12,38,19,110,76,39,244,6,18,24,268
07/30/2012,TYS,TN,ASO,ES,Combined TRACON& Tower with Radar,19,115,49,28,211,0,0,36,14,50,19,115,85,42,261,38,20,58,319
07/31/2012,TYS,TN,ASO,ES,Combined TRACON& Tower with Radar,21,104,62,56,243,0,0,23,25,48,21,104,85,81,291,0,38,38,329
08/01/2012,TYS,TN,ASO,ES,Combined TRACON& Tower with Radar,25,103,56,53,237,0,1,17,28,46,25,104,73,81,283,14,30,44,327
08/02/2012,TYS,TN,ASO,ES,Combined TRACON& Tower with Radar,25,112,63,70,270,0,0,27,32,59,25,112,90,102,329,52,112,164,493
08/03/2012,TYS,TN,ASO,ES,Combined TRACON& Tower with Radar,26,112,43,36,217,0,0,17,6,23,26,112,60,42,240,26,14,40,280
08/04/2012,TYS,TN,ASO,ES,Combined TRACON& Tower with Radar,18,95,33,2,148,0,0,19,6,25,18,95,52,8,173,0,0,0,173
08/05/2012,TYS,TN,ASO,ES,Combined TRACON& Tower with Radar,18,105,37,3,163,0,0,12,2,14,18,105,49,5,177,12,0,12,189
08/06/2012,TYS,TN,ASO,ES,Combined TRACON& Tower with Radar,23,109,42,20,194,0,0,10,8,18,23,109,52,28,212,0,0,0,212
08/07/2012,TYS,TN,ASO,ES,Combined TRACON& Tower with Radar,21,119,53,45,238,0,0,5,8,13,21,119,58,53,251,20,64,84,335
08/08/2012,TYS,TN,ASO,ES,Combined TRACON& Tower with Radar,25,112,58,52,247,0,0,19,10,29,25,112,77,62,276,26,30,56,332
08/09/2012,TYS,TN,ASO,ES,Combined TRACON& Tower with Radar,25,103,59,26,213,0,0,1,21,22,25,103,60,47,235,0,46,46,281
08/10/2012,TYS,TN,ASO,ES,Combined TRACON& Tower with Radar,26,107,60,25,218,0,0,5,12,17,26,107,65,37,235,0,30,30,265
08/11/2012,TYS,TN,ASO,ES,Combined TRACON& Tower with Radar,14,89,33,17,153,0,0,29,19,48,14,89,62,36,201,6,12,18,219
08/12/2012,TYS,TN,ASO,ES,Combined TRACON& Tower with Radar,19,103,57,26,205,0,0,55,10,65,19,103,112,36,270,38,10,48,318
08/13/2012,TYS,TN,ASO,ES,Combined TRACON& Tower with Radar,19,118,63,37,237,0,8,25,54,87,19,126,88,91,324,0,0,0,324
08/14/2012,TYS,TN,ASO,ES,Combined TRACON& Tower with Radar,20,105,71,32,228,0,0,6,7,13,20,105,77,39,241,8,12,20,261
08/15/2012,TYS,TN,ASO,ES,Combined TRACON& Tower with Radar,26,108,81,76,291,0,0,17,10,27,26,108,98,86,318,0,42,42,360
08/16/2012,TYS,TN,ASO,ES,Combined TRACON& Tower with Radar,24,115,73,77,289,0,0,23,22,45,24,115,96,99,334,64,44,108,442
08/17/2012,TYS,TN,ASO,ES,Combined TRACON& Tower with Radar,27,112,74,87,300,0,0,20,4,24,27,112,94,91,324,12,30,42,366
08/18/2012,TYS,TN,ASO,ES,Combined TRACON& Tower with Radar,13,83,26,12,134,0,0,29,0,29,13,83,55,12,163,14,0,14,177
08/19/2012,TYS,TN,ASO,ES,Combined TRACON& Tower with Radar,19,101,53,48,221,0,0,8,6,14,19,101,61,54,235,44,12,56,291
08/20/2012,TYS,TN,ASO,ES,Combined TRACON& Tower with Radar,19,103,50,52,224,0,3,18,8,29,19,106,68,60,253,34,62,96,349
08/21/2012,TYS,TN,ASO,ES,Combined TRACON& Tower with Radar,17,100,50,105,272,0,0,15,18,33,17,100,65,123,305,28,72,100,405
08/22/2012,TYS,TN,ASO,ES,Combined TRACON& Tower with Radar,31,105,76,102,314,0,0,37,14,51,31,105,113,116,365,8,40,48,413
08/23/2012,TYS,TN,ASO,ES,Combined TRACON& Tower with Radar,23,123,79,75,300,0,0,31,23,54,23,123,110,98,354,42,46,88,442
08/24/2012,TYS,TN,ASO,ES,Combined TRACON& Tower with Radar,23,110,85,93,311,0,0,27,8,35,23,110,112,101,346,0,160,160,506
08/25/2012,TYS,TN,ASO,ES,Combined TRACON& Tower with Radar,13,84,36,13,146,0,0,40,4,44,13,84,76,17,190,41,44,85,275
08/26/2012,TYS,TN,ASO,ES,Combined TRACON& Tower with Radar,17,100,52,31,200,0,0,43,13,56,17,100,95,44,256,44,6,50,306
08/27/2012,TYS,TN,ASO,ES,Combined TRACON& Tower with Radar,19,102,56,64,241,0,0,27,51,78,19,102,83,115,319,14,82,96,415
08/28/2012,TYS,TN,ASO,ES,Combined TRACON& Tower with Radar,21,112,58,100,291,0,3,14,35,52,21,115,72,135,343,22,72,94,437
08/29/2012,TYS,TN,ASO,ES,Combined TRACON& Tower with Radar,27,108,49,104,288,0,2,11,71,84,27,110,60,175,372,8,132,140,512
08/30/2012,TYS,TN,ASO,ES,Combined TRACON& Tower with Radar,23,116,49,70,258,0,0,15,11,26,23,116,64,81,284,14,48,62,346
08/31/2012,TYS,TN,ASO,ES,Combined TRACON& Tower with Radar,25,120,80,66,291,0,2,20,2,24,25,122,100,68,315,14,12,26,341
09/01/2012,TYS,TN,ASO,ES,Combined TRACON& Tower with Radar,13,74,32,7,126,0,0,11,2,13,13,74,43,9,139,0,0,0,139
09/02/2012,TYS,TN,ASO,ES,Combined TRACON& Tower with Radar,14,67,21,3,105,0,0,11,0,11,14,67,32,3,116,2,0,2,118
09/03/2012,TYS,TN,ASO,ES,Combined TRACON& Tower with Radar,13,84,35,0,132,0,0,11,0,11,13,84,46,0,143,0,0,0,143
09/04/2012,TYS,TN,ASO,ES,Combined TRACON& Tower with Radar,17,107,56,29,209,0,0,6,7,13,17,107,62,36,222,24,6,30,252
09/05/2012,TYS,TN,ASO,ES,Combined TRACON& Tower with Radar,23,105,65,56,249,0,0,20,15,35,23,105,85,71,284,6,90,96,380
09/06/2012,TYS,TN,ASO,ES,Combined TRACON& Tower with Radar,26,111,67,45,249,0,0,17,27,44,26,111,84,72,293,30,88,118,411
09/07/2012,TYS,TN,ASO,ES,Combined TRACON& Tower with Radar,24,115,91,64,294,0,1,22,25,48,24,116,113,89,342,0,94,94,436
09/08/2012,TYS,TN,ASO,ES,Combined TRACON& Tower with Radar,14,78,37,4,133,0,1,6,17,24,14,79,43,21,157,0,4,4,161
09/09/2012,TYS,TN,ASO,ES,Combined TRACON& Tower with Radar,15,110,69,35,229,0,1,24,9,34,15,111,93,44,263,6,6,12,275
09/10/2012,TYS,TN,ASO,ES,Combined TRACON& Tower with Radar,16,105,53,19,193,0,0,13,11,24,16,105,66,30,217,0,12,12,229
09/11/2012,TYS,TN,ASO,ES,Combined TRACON& Tower with Radar,19,115,73,58,265,0,0,26,30,56,19,115,99,88,321,10,60,70,391
09/12/2012,TYS,TN,ASO,ES,Combined TRACON& Tower with Radar,23,104,75,37,239,0,0,24,25,49,23,104,99,62,288,50,24,74,362
09/13/2012,TYS,TN,ASO,ES,Combined TRACON& Tower with Radar,25,111,85,60,281,0,2,26,47,75,25,113,111,107,356,14,48,62,418
09/14/2012,TYS,TN,ASO,ES,Combined TRACON& Tower with Radar,20,106,73,51,250,0,0,31,13,44,20,106,104,64,294,18,32,50,344
09/15/2012,TYS,TN,ASO,ES,Combined TRACON& Tower with Radar,13,76,91,0,180,0,1,24,15,40,13,77,115,15,220,40,4,44,264
09/16/2012,TYS,TN,ASO,ES,Combined TRACON& Tower with Radar,16,99,75,22,212,0,0,12,11,23,16,99,87,33,235,10,8,18,253
09/17/2012,TYS,TN,ASO,ES,Combined TRACON& Tower with Radar,12,101,62,1,176,0,0,1,0,1,12,101,63,1,177,0,0,0,177
09/18/2012,TYS,TN,ASO,ES,Combined TRACON& Tower with Radar,21,105,51,38,215,0,0,4,0,4,21,105,55,38,219,16,14,30,249
09/19/2012,TYS,TN,ASO,ES,Combined TRACON& Tower with Radar,22,114,76,55,267,0,0,31,13,44,22,114,107,68,311,12,92,104,415
09/20/2012,TYS,TN,ASO,ES,Combined TRACON& Tower with Radar,20,116,69,51,256,0,0,28,5,33,20,116,97,56,289,0,30,30,319
09/21/2012,TYS,TN,ASO,ES,Combined TRACON& Tower with Radar,23,112,87,41,263,0,0,34,9,43,23,112,121,50,306,5,28,33,339
09/22/2012,TYS,TN,ASO,ES,Combined TRACON& Tower with Radar,13,75,35,7,130,0,0,19,1,20,13,75,54,8,150,30,8,38,188
09/23/2012,TYS,TN,ASO,ES,Combined TRACON& Tower with Radar,15,107,70,3,195,0,0,39,2,41,15,107,109,5,236,6,0,6,242
09/24/2012,TYS,TN,ASO,ES,Combined TRACON& Tower with Radar,13,106,67,29,215,0,0,25,9,34,13,106,92,38,249,0,6,6,255
09/25/2012,TYS,TN,ASO,ES,Combined TRACON& Tower with Radar,20,118,79,12,229,0,2,20,13,35,20,120,99,25,264,4,6,10,274
09/26/2012,TYS,TN,ASO,ES,Combined TRACON& Tower with Radar,20,106,67,14,207,0,0,27,29,56,20,106,94,43,263,44,34,78,341
09/27/2012,TYS,TN,ASO,ES,Combined TRACON& Tower with Radar,20,107,79,15,221,0,0,25,18,43,20,107,104,33,264,30,0,30,294
09/28/2012,TYS,TN,ASO,ES,Combined TRACON& Tower with Radar,20,110,86,13,229,0,0,9,14,23,20,110,95,27,252,12,8,20,272
09/29/2012,TYS,TN,ASO,ES,Combined TRACON& Tower with Radar,17,77,30,10,134,0,0,10,2,12,17,77,40,12,146,0,0,0,146
09/30/2012,TYS,TN,ASO,ES,Combined TRACON& Tower with Radar,14,101,53,23,191,0,0,12,0,12,14,101,65,23,203,12,14,26,229
10/01/2012,TYS,TN,ASO,ES,Combined TRACON& Tower with Radar,17,106,41,5,169,0,0,5,0,5,17,106,46,5,174,14,0,14,188
10/02/2012,TYS,TN,ASO,ES,Combined TRACON& Tower with Radar,17,102,64,92,275,0,0,6,0,6,17,102,70,92,281,0,50,50,331
10/03/2012,TYS,TN,ASO,ES,Combined TRACON& Tower with Radar,22,113,81,68,284,0,0,24,1,25,22,113,105,69,309,16,34,50,359
10/04/2012,TYS,TN,ASO,ES,Combined TRACON& Tower with Radar,28,116,76,53,273,0,0,28,4,32,28,116,104,57,305,20,32,52,357
10/05/2012,TYS,TN,ASO,ES,Combined TRACON& Tower with Radar,19,104,72,46,241,0,1,28,8,37,19,105,100,54,278,44,10,54,332
10/06/2012,TYS,TN,ASO,ES,Combined TRACON& Tower with Radar,17,65,46,11,139,0,0,7,1,8,17,65,53,12,147,0,0,0,147
10/07/2012,TYS,TN,ASO,ES,Combined TRACON& Tower with Radar,16,104,67,16,203,0,0,7,0,7,16,104,74,16,210,0,0,0,210
10/08/2012,TYS,TN,ASO,ES,Combined TRACON& Tower with Radar,14,101,47,3,165,0,0,1,0,1,14,101,48,3,166,0,0,0,166
10/09/2012,TYS,TN,ASO,ES,Combined TRACON& Tower with Radar,19,110,60,58,247,0,0,7,0,7,19,110,67,58,254,14,16,30,284
10/10/2012,TYS,TN,ASO,ES,Combined TRACON& Tower with Radar,20,115,92,25,252,0,0,11,8,19,20,115,103,33,271,0,24,24,295
10/11/2012,TYS,TN,ASO,ES,Combined TRACON& Tower with Radar,20,108,80,24,232,0,0,32,13,45,20,108,112,37,277,22,0,22,299
10/12/2012,TYS,TN,ASO,ES,Combined TRACON& Tower with Radar,21,107,62,76,266,0,0,19,14,33,21,107,81,90,299,18,16,34,333
10/13/2012,TYS,TN,ASO,ES,Combined TRACON& Tower with Radar,16,70,51,18,155,0,0,33,10,43,16,70,84,28,198,8,16,24,222
10/14/2012,TYS,TN,ASO,ES,Combined TRACON& Tower with Radar,20,96,82,18,216,0,0,14,8,22,20,96,96,26,238,4,8,12,250
10/15/2012,TYS,TN,ASO,ES,Combined TRACON& Tower with Radar,15,110,56,22,203,0,0,19,6,25,15,110,75,28,228,36,0,36,264
10/16/2012,TYS,TN,ASO,ES,Combined TRACON& Tower with Radar,20,111,81,81,293,0,0,56,11,67,20,111,137,92,360,56,54,110,470
10/17/2012,TYS,TN,ASO,ES,Combined TRACON& Tower with Radar,21,118,79,97,315,0,1,33,18,52,21,119,112,115,367,22,74,96,463
10/18/2012,TYS,TN,ASO,ES,Combined TRACON& Tower with Radar,21,125,75,53,274,0,3,15,14,32,21,128,90,67,306,10,70,80,386
10/19/2012,TYS,TN,ASO,ES,Combined TRACON& Tower with Radar,29,114,96,37,276,0,1,20,16,37,29,115,116,53,313,0,0,0,313
10/20/2012,TYS,TN,ASO,ES,Combined TRACON& Tower with Radar,15,74,96,4,189,0,1,34,0,35,15,75,130,4,224,26,0,26,250
10/21/2012,TYS,TN,ASO,ES,Combined TRACON& Tower with Radar,15,117,88,13,233,0,0,53,2,55,15,117,141,15,288,54,0,54,342
10/22/2012,TYS,TN,ASO,ES,Combined TRACON& Tower with Radar,15,108,48,34,205,0,1,27,1,29,15,109,75,35,234,30,2,32,266
10/23/2012,TYS,TN,ASO,ES,Combined TRACON& Tower with Radar,18,115,73,78,284,0,0,28,35,63,18,115,101,113,347,14,64,78,425
10/24/2012,TYS,TN,ASO,ES,Combined TRACON& Tower with Radar,20,112,77,45,254,0,0,42,42,84,20,112,119,87,338,32,56,88,426
10/25/2012,TYS,TN,ASO,ES,Combined TRACON& Tower with Radar,20,116,90,62,288,0,2,36,42,80,20,118,126,104,368,22,148,170,538
10/26/2012,TYS,TN,ASO,ES,Combined TRACON& Tower with Radar,25,106,92,47,270,0,0,37,8,45,25,106,129,55,315,32,26,58,373
10/27/2012,TYS,TN,ASO,ES,Combined TRACON& Tower with Radar,16,70,43,6,135,0,0,1,2,3,16,70,44,8,138,0,0,0,138
10/28/2012,TYS,TN,ASO,ES,Combined TRACON& Tower with Radar,18,98,58,16,190,0,0,0,0,0,18,98,58,16,190,0,0,0,190
10/29/2012,TYS,TN,ASO,ES,Combined TRACON& Tower with Radar,18,87,48,25,178,0,0,11,3,14,18,87,59,28,192,36,12,48,240
10/30/2012,TYS,TN,ASO,ES,Combined TRACON& Tower with Radar,22,81,37,31,171,0,0,1,2,3,22,81,38,33,174,0,18,18,192
10/31/2012,TYS,TN,ASO,ES,Combined TRACON& Tower with Radar,22,92,61,39,214,0,0,30,6,36,22,92,91,45,250,4,38,42,292
11/01/2012,TYS,TN,ASO,ES,Combined TRACON& Tower with Radar,21,111,73,85,290,0,2,31,8,41,21,113,104,93,331,4,144,148,479
11/02/2012,TYS,TN,ASO,ES,Combined TRACON& Tower with Radar,26,106,79,30,241,0,0,44,14,58,26,106,123,44,299,38,50,88,387
11/03/2012,TYS,TN,ASO,ES,Combined TRACON& Tower with Radar,16,70,63,6,155,0,0,27,17,44,16,70,90,23,199,0,10,10,209
11/04/2012,TYS,TN,ASO,ES,Combined TRACON& Tower with Radar,14,105,77,9,205,0,0,18,15,33,14,105,95,24,238,0,20,20,258
11/05/2012,TYS,TN,ASO,ES,Combined TRACON& Tower with Radar,15,103,59,46,223,0,0,11,4,15,15,103,70,50,238,16,26,42,280
11/06/2012,TYS,TN,ASO,ES,Combined TRACON& Tower with Radar,20,101,43,61,225,0,0,5,14,19,20,101,48,75,244,0,32,32,276
11/07/2012,TYS,TN,ASO,ES,Combined TRACON& Tower with Radar,22,108,64,31,225,0,0,2,13,15,22,108,66,44,240,6,44,50,290
11/08/2012,TYS,TN,ASO,ES,Combined TRACON& Tower with Radar,22,108,109,63,302,0,0,28,44,72,22,108,137,107,374,26,86,112,486
11/09/2012,TYS,TN,ASO,ES,Combined TRACON& Tower with Radar,21,117,105,48,291,0,0,37,8,45,21,117,142,56,336,0,19,19,355
11/10/2012,TYS,TN,ASO,ES,Combined TRACON& Tower with Radar,19,73,65,2,159,0,0,13,2,15,19,73,78,4,174,24,0,24,198
11/11/2012,TYS,TN,ASO,ES,Combined TRACON& Tower with Radar,14,104,74,9,201,0,0,23,0,23,14,104,97,9,224,6,0,6,230
11/12/2012,TYS,TN,ASO,ES,Combined TRACON& Tower with Radar,15,101,39,6,161,0,0,2,0,2,15,101,41,6,163,0,0,0,163
11/13/2012,TYS,TN,ASO,ES,Combined TRACON& Tower with Radar,18,104,53,8,183,0,0,33,7,40,18,104,86,15,223,36,0,36,259
11/14/2012,TYS,TN,ASO,ES,Combined TRACON& Tower with Radar,18,107,66,92,283,0,0,28,7,35,18,107,94,99,318,0,72,72,390
11/15/2012,TYS,TN,ASO,ES,Combined TRACON& Tower with Radar,20,108,75,36,239,0,0,26,14,40,20,108,101,50,279,34,26,60,339
11/16/2012,TYS,TN,ASO,ES,Combined TRACON& Tower with Radar,21,104,68,39,232,0,0,22,20,42,21,104,90,59,274,16,26,42,316
11/17/2012,TYS,TN,ASO,ES,Combined TRACON& Tower with Radar,14,74,50,1,139,0,0,34,15,49,14,74,84,16,188,8,24,32,220
11/18/2012,TYS,TN,ASO,ES,Combined TRACON& Tower with Radar,24,86,57,12,179,0,2,33,23,58,24,88,90,35,237,2,14,16,253
11/19/2012,TYS,TN,ASO,ES,Combined TRACON& Tower with Radar,22,78,50,53,203,0,2,16,5,23,22,80,66,58,226,36,46,82,308
11/20/2012,TYS,TN,ASO,ES,Combined TRACON& Tower with Radar,27,101,69,43,240,0,0,25,9,34,27,101,94,52,274,20,54,74,348
11/21/2012,TYS,TN,ASO,ES,Combined TRACON& Tower with Radar,33,106,63,4,206,0,0,42,1,43,33,106,105,5,249,26,28,54,303
11/22/2012,TYS,TN,ASO,ES,Combined TRACON& Tower with Radar,6,52,24,0,82,0,0,17,0,17,6,52,41,0,99,0,0,0,99
11/23/2012,TYS,TN,ASO,ES,Combined TRACON& Tower with Radar,19,62,30,0,111,0,0,10,0,10,19,62,40,0,121,0,0,0,121
11/24/2012,TYS,TN,ASO,ES,Combined TRACON& Tower with Radar,18,91,67,3,179,0,0,31,0,31,18,91,98,3,210,14,0,14,224
11/25/2012,TYS,TN,ASO,ES,Combined TRACON& Tower with Radar,23,127,78,1,229,0,0,22,0,22,23,127,100,1,251,0,0,0,251
11/26/2012,TYS,TN,ASO,ES,Combined TRACON& Tower with Radar,21,109,46,20,196,0,0,7,17,24,21,109,53,37,220,18,20,38,258
11/27/2012,TYS,TN,ASO,ES,Combined TRACON& Tower with Radar,24,95,78,74,271,0,0,1,5,6,24,95,79,79,277,0,16,16,293
11/28/2012,TYS,TN,ASO,ES,Combined TRACON& Tower with Radar,24,97,59,53,233,0,0,19,30,49,24,97,78,83,282,16,46,62,344
11/29/2012,TYS,TN,ASO,ES,Combined TRACON& Tower with Radar,26,104,55,46,231,0,0,25,18,43,26,104,80,64,274,54,48,102,376
11/30/2012,TYS,TN,ASO,ES,Combined TRACON& Tower with Radar,23,108,77,28,236,0,0,26,30,56,23,108,103,58,292,0,26,26,318
12/01/2012,TYS,TN,ASO,ES,Combined TRACON& Tower with Radar,12,72,30,2,116,0,0,27,6,33,12,72,57,8,149,10,0,10,159
12/02/2012,TYS,TN,ASO,ES,Combined TRACON& Tower with Radar,20,98,71,1,190,0,0,27,1,28,20,98,98,2,218,0,0,0,218
12/03/2012,TYS,TN,ASO,ES,Combined TRACON& Tower with Radar,17,91,69,28,205,0,0,42,1,43,17,91,111,29,248,20,32,52,300
12/04/2012,TYS,TN,ASO,ES,Combined TRACON& Tower with Radar,18,99,54,59,230,0,0,22,21,43,18,99,76,80,273,10,26,36,309
12/05/2012,TYS,TN,ASO,ES,Combined TRACON& Tower with Radar,21,93,55,53,222,0,0,19,24,43,21,93,74,77,265,22,48,70,335
12/06/2012,TYS,TN,ASO,ES,Combined TRACON& Tower with Radar,29,100,54,48,231,0,0,23,47,70,29,100,77,95,301,6,72,78,379
12/07/2012,TYS,TN,ASO,ES,Combined TRACON& Tower with Radar,25,109,70,49,253,0,0,24,5,29,25,109,94,54,282,14,4,18,300
12/08/2012,TYS,TN,ASO,ES,Combined TRACON& Tower with Radar,15,67,37,1,120,0,0,22,0,22,15,67,59,1,142,36,0,36,178
12/09/2012,TYS,TN,ASO,ES,Combined TRACON& Tower with Radar,19,95,51,6,171,0,0,8,0,8,19,95,59,6,179,6,0,6,185
12/10/2012,TYS,TN,ASO,ES,Combined TRACON& Tower with Radar,17,94,52,12,175,0,0,3,0,3,17,94,55,12,178,0,0,0,178
12/11/2012,TYS,TN,ASO,ES,Combined TRACON& Tower with Radar,20,100,82,48,250,0,0,7,7,14,20,100,89,55,264,16,12,28,292
12/12/2012,TYS,TN,ASO,ES,Combined TRACON& Tower with Radar,24,96,60,43,223,0,0,24,18,42,24,96,84,61,265,0,16,16,281
12/13/2012,TYS,TN,ASO,ES,Combined TRACON& Tower with Radar,26,116,97,72,311,0,2,45,15,62,26,118,142,87,373,40,68,108,481
12/14/2012,TYS,TN,ASO,ES,Combined TRACON& Tower with Radar,27,102,90,51,270,0,1,31,12,44,27,103,121,63,314,22,12,34,348
12/15/2012,TYS,TN,ASO,ES,Combined TRACON& Tower with Radar,16,72,35,6,129,0,2,28,15,45,16,74,63,21,174,10,28,38,212
12/16/2012,TYS,TN,ASO,ES,Combined TRACON& Tower with Radar,16,88,41,6,151,0,0,2,0,2,16,88,43,6,153,0,0,0,153
12/17/2012,TYS,TN,ASO,ES,Combined TRACON& Tower with Radar,15,102,71,37,225,0,0,0,1,1,15,102,71,38,226,0,6,6,232
12/18/2012,TYS,TN,ASO,ES,Combined TRACON& Tower with Radar,20,105,72,96,293,0,0,19,7,26,20,105,91,103,319,30,34,64,383
12/19/2012,TYS,TN,ASO,ES,Combined TRACON& Tower with Radar,26,109,86,25,246,0,0,29,3,32,26,109,115,28,278,18,16,34,312
12/20/2012,TYS,TN,ASO,ES,Combined TRACON& Tower with Radar,24,99,54,7,184,0,0,8,0,8,24,99,62,7,192,0,0,0,192
12/21/2012,TYS,TN,ASO,ES,Combined TRACON& Tower with Radar,20,106,59,3,188,0,0,5,1,6,20,106,64,4,194,0,0,0,194
12/22/2012,TYS,TN,ASO,ES,Combined TRACON& Tower with Radar,21,87,52,0,160,0,0,45,0,45,21,87,97,0,205,24,0,24,229
12/23/2012,TYS,TN,ASO,ES,Combined TRACON& Tower with Radar,10,86,40,0,136,0,0,11,0,11,10,86,51,0,147,4,0,4,151
12/24/2012,TYS,TN,ASO,ES,Combined TRACON& Tower with Radar,12,66,16,0,94,0,0,0,0,0,12,66,16,0,94,0,0,0,94
12/25/2012,TYS,TN,ASO,ES,Combined TRACON& Tower with Radar,4,66,12,0,82,0,0,0,0,0,4,66,12,0,82,0,0,0,82
12/26/2012,TYS,TN,ASO,ES,Combined TRACON& Tower with Radar,23,85,38,0,146,0,0,0,0,0,23,85,38,0,146,0,0,0,146
12/27/2012,TYS,TN,ASO,ES,Combined TRACON& Tower with Radar,20,106,59,0,185,0,0,10,0,10,20,106,69,0,195,0,0,0,195
12/28/2012,TYS,TN,ASO,ES,Combined TRACON& Tower with Radar,19,96,41,21,177,0,0,19,0,19,19,96,60,21,196,8,0,8,204
12/29/2012,TYS,TN,ASO,ES,Combined TRACON& Tower with Radar,16,74,24,0,114,0,0,2,0,2,16,74,26,0,116,0,0,0,116
12/30/2012,TYS,TN,ASO,ES,Combined TRACON& Tower with Radar,12,85,54,0,151,0,0,36,0,36,12,85,90,0,187,2,0,2,189
12/31/2012,TYS,TN,ASO,ES,Combined TRACON& Tower with Radar,11,76,26,3,116,0,1,11,0,12,11,77,37,3,128,4,0,4,132
01/01/2013,TYS,TN,ASO,ES,Combined TRACON& Tower with Radar,4,73,21,0,98,0,0,0,0,0,4,73,21,0,98,0,0,0,98
01/02/2013,TYS,TN,ASO,ES,Combined TRACON& Tower with Radar,23,104,54,55,236,0,0,6,0,6,23,104,60,55,242,0,18,18,260
01/03/2013,TYS,TN,ASO,ES,Combined TRACON& Tower with Radar,25,87,38,58,208,0,3,16,11,30,25,90,54,69,238,18,48,66,304
01/04/2013,TYS,TN,ASO,ES,Combined TRACON& Tower with Radar,22,99,42,40,203,0,0,24,17,41,22,99,66,57,244,30,26,56,300
01/05/2013,TYS,TN,ASO,ES,Combined TRACON& Tower with Radar,11,71,31,2,115,0,0,21,8,29,11,71,52,10,144,24,0,24,168
01/06/2013,TYS,TN,ASO,ES,Combined TRACON& Tower with Radar,19,89,23,2,133,0,0,7,13,20,19,89,30,15,153,28,0,28,181
01/07/2013,TYS,TN,ASO,ES,Combined TRACON& Tower with Radar,17,91,41,5,154,0,1,20,2,23,17,92,61,7,177,6,0,6,183
01/08/2013,TYS,TN,ASO,ES,Combined TRACON& Tower with Radar,18,89,63,74,244,0,0,31,33,64,18,89,94,107,308,16,40,56,364
01/09/2013,TYS,TN,ASO,ES,Combined TRACON& Tower with Radar,24,93,44,57,218,0,0,3,7,10,24,93,47,64,228,0,14,14,242
01/10/2013,TYS,TN,ASO,ES,Combined TRACON& Tower with Radar,27,95,59,77,258,0,0,14,37,51,27,95,73,114,309,50,84,134,443
01/11/2013,TYS,TN,ASO,ES,Combined TRACON& Tower with Radar,21,98,52,27,198,0,0,2,0,2,21,98,54,27,200,0,44,44,244
01/12/2013,TYS,TN,ASO,ES,Combined TRACON& Tower with Radar,18,54,25,2,99,0,0,12,0,12,18,54,37,2,111,18,0,18,129
01/13/2013,TYS,TN,ASO,ES,Combined TRACON& Tower with Radar,16,87,35,14,152,0,0,10,0,10,16,87,45,14,162,6,2,8,170
01/14/2013,TYS,TN,ASO,ES,Combined TRACON& Tower with Radar,14,82,42,15,153,0,0,0,0,0,14,82,42,15,153,0,0,0,153
01/15/2013,TYS,TN,ASO,ES,Combined TRACON& Tower with Radar,18,79,46,13,156,0,0,0,0,0,18,79,46,13,156,0,0,0,156
01/16/2013,TYS,TN,ASO,ES,Combined TRACON& Tower with Radar,20,95,38,16,169,0,0,0,0,0,20,95,38,16,169,0,0,0,169
01/17/2013,TYS,TN,ASO,ES,Combined TRACON& Tower with Radar,20,87,51,2,160,0,1,1,0,2,20,88,52,2,162,0,0,0,162
01/18/2013,TYS,TN,ASO,ES,Combined TRACON& Tower with Radar,22,102,83,14,221,0,0,31,10,41,22,102,114,24,262,20,4,24,286
01/19/2013,TYS,TN,ASO,ES,Combined TRACON& Tower with Radar,10,50,46,7,113,0,0,36,13,49,10,50,82,20,162,22,0,22,184
01/20/2013,TYS,TN,ASO,ES,Combined TRACON& Tower with Radar,14,81,32,2,129,0,0,20,15,35,14,81,52,17,164,8,38,46,210
01/21/2013,TYS,TN,ASO,ES,Combined TRACON& Tower with Radar,15,82,65,16,178,0,0,27,0,27,15,82,92,16,205,40,0,40,245
01/22/2013,TYS,TN,ASO,ES,Combined TRACON& Tower with Radar,18,83,58,28,187,0,0,25,41,66,18,83,83,69,253,16,76,92,345
01/23/2013,TYS,TN,ASO,ES,Combined TRACON& Tower with Radar,18,73,50,78,219,0,0,17,8,25,18,73,67,86,244,22,96,118,362
01/24/2013,TYS,TN,ASO,ES,Combined TRACON& Tower with Radar,19,93,57,56,225,0,0,21,55,76,19,93,78,111,301,22,82,104,405
01/25/2013,TYS,TN,ASO,ES,Combined TRACON& Tower with Radar,22,63,25,0,110,0,0,0,0,0,22,63,25,0,110,0,0,0,110
01/26/2013,TYS,TN,ASO,ES,Combined TRACON& Tower with Radar,11,60,35,4,110,0,0,21,0,21,11,60,56,4,131,18,0,18,149
01/27/2013,TYS,TN,ASO,ES,Combined TRACON& Tower with Radar,12,85,51,2,150,0,0,20,0,20,12,85,71,2,170,6,0,6,176
01/28/2013,TYS,TN,ASO,ES,Combined TRACON& Tower with Radar,13,98,50,50,211,0,0,11,0,11,13,98,61,50,222,28,40,68,290
01/29/2013,TYS,TN,ASO,ES,Combined TRACON& Tower with Radar,18,88,70,81,257,0,0,6,1,7,18,88,76,82,264,0,20,20,284
01/30/2013,TYS,TN,ASO,ES,Combined TRACON& Tower with Radar,21,83,36,0,140,0,0,0,0,0,21,83,36,0,140,0,0,0,140
01/31/2013,TYS,TN,ASO,ES,Combined TRACON& Tower with Radar,24,111,79,34,248,0,0,17,15,32,24,111,96,49,280,2,42,44,324
02/01/2013,TYS,TN,ASO,ES,Combined TRACON& Tower with Radar,27,100,73,40,240,0,0,23,16,39,27,100,96,56,279,22,16,38,317
02/02/2013,TYS,TN,ASO,ES,Combined TRACON& Tower with Radar,10,65,19,1,95,0,0,5,0,5,10,65,24,1,100,12,16,28,128
02/03/2013,TYS,TN,ASO,ES,Combined TRACON& Tower with Radar,13,95,22,18,148,0,2,5,2,9,13,97,27,20,157,4,4,8,165
02/04/2013,TYS,TN,ASO,ES,Combined TRACON& Tower with Radar,15,90,63,9,177,0,0,33,18,51,15,90,96,27,228,46,36,82,310
02/05/2013,TYS,TN,ASO,ES,Combined TRACON& Tower with Radar,18,90,59,68,235,0,1,24,25,50,18,91,83,93,285,30,56,86,371
02/06/2013,TYS,TN,ASO,ES,Combined TRACON& Tower with Radar,19,89,53,75,236,0,0,36,12,48,19,89,89,87,284,30,84,114,398
02/07/2013,TYS,TN,ASO,ES,Combined TRACON& Tower with Radar,21,88,54,48,211,0,0,16,13,29,21,88,70,61,240,0,0,0,240
02/08/2013,TYS,TN,ASO,ES,Combined TRACON& Tower with Radar,25,92,74,39,230,0,0,6,5,11,25,92,80,44,241,0,28,28,269
02/09/2013,TYS,TN,ASO,ES,Combined TRACON& Tower with Radar,11,59,37,15,122,0,0,57,0,57,11,59,94,15,179,22,0,22,201
02/10/2013,TYS,TN,ASO,ES,Combined TRACON& Tower with Radar,14,96,43,7,160,0,0,16,0,16,14,96,59,7,176,0,0,0,176
02/11/2013,TYS,TN,ASO,ES,Combined TRACON& Tower with Radar,15,86,65,39,205,0,0,5,0,5,15,86,70,39,210,6,0,6,216
02/12/2013,TYS,TN,ASO,ES,Combined TRACON& Tower with Radar,20,90,66,64,240,0,0,27,10,37,20,90,93,74,277,14,32,46,323
02/13/2013,TYS,TN,ASO,ES,Combined TRACON& Tower with Radar,19,100,56,48,223,0,0,0,1,1,19,100,56,49,224,0,12,12,236
02/14/2013,TYS,TN,ASO,ES,Combined TRACON& Tower with Radar,21,93,84,80,278,0,0,30,11,41,21,93,114,91,319,0,0,0,319
02/15/2013,TYS,TN,ASO,ES,Combined TRACON& Tower with Radar,21,110,64,34,229,0,0,22,0,22,21,110,86,34,251,0,84,84,335
02/16/2013,TYS,TN,ASO,ES,Combined TRACON& Tower with Radar,9,64,21,4,98,0,0,7,0,7,9,64,28,4,105,0,0,0,105
02/17/2013,TYS,TN,ASO,ES,Combined TRACON& Tower with Radar,12,93,43,4,152,0,0,27,0,27,12,93,70,4,179,12,0,12,191
02/18/2013,TYS,TN,ASO,ES,Combined TRACON& Tower with Radar,13,100,62,14,189,0,1,36,11,48,13,101,98,25,237,30,18,48,285
02/19/2013,TYS,TN,ASO,ES,Combined TRACON& Tower with Radar,16,107,62,13,198,0,0,8,2,10,16,107,70,15,208,0,12,12,220
02/20/2013,TYS,TN,ASO,ES,Combined TRACON& Tower with Radar,19,106,74,57,256,0,0,17,8,25,19,106,91,65,281,20,84,104,385
02/21/2013,TYS,TN,ASO,ES,Combined TRACON& Tower with Radar,19,95,73,45,232,0,0,28,26,54,19,95,101,71,286,16,42,58,344
02/22/2013,TYS,TN,ASO,ES,Combined TRACON& Tower with Radar,20,98,93,34,245,0,0,10,15,25,20,98,103,49,270,0,50,50,320
02/23/2013,TYS,TN,ASO,ES,Combined TRACON& Tower with Radar,11,72,55,1,139,0,0,5,1,6,11,72,60,2,145,18,0,18,163
02/24/2013,TYS,TN,ASO,ES,Combined TRACON& Tower with Radar,12,101,70,20,203,0,0,49,16,65,12,101,119,36,268,36,10,46,314
02/25/2013,TYS,TN,ASO,ES,Combined TRACON& Tower with Radar,13,94,65,14,186,0,1,15,2,18,13,95,80,16,204,14,36,50,254
02/26/2013,TYS,TN,ASO,ES,Combined TRACON& Tower with Radar,16,96,52,87,251,0,0,6,3,9,16,96,58,90,260,0,0,0,260
02/27/2013,TYS,TN,ASO,ES,Combined TRACON& Tower with Radar,18,106,79,11,214,0,0,7,14,21,18,106,86,25,235,14,26,40,275
02/28/2013,TYS,TN,ASO,ES,Combined TRACON& Tower with Radar,18,104,80,14,216,0,0,18,20,38,18,104,98,34,254,10,0,10,264
03/01/2013,TYS,TN,ASO,ES,Combined TRACON& Tower with Radar,24,99,67,0,190,0,0,3,0,3,24,99,70,0,193,0,0,0,193
03/02/2013,TYS,TN,ASO,ES,Combined TRACON& Tower with Radar,9,70,24,0,103,0,0,6,0,6,9,70,30,0,109,14,0,14,123
03/03/2013,TYS,TN,ASO,ES,Combined TRACON& Tower with Radar,14,91,50,14,169,0,0,11,0,11,14,91,61,14,180,20,0,20,200
03/04/2013,TYS,TN,ASO,ES,Combined TRACON& Tower with Radar,15,95,50,22,182,0,0,20,5,25,15,95,70,27,207,10,32,42,249
03/05/2013,TYS,TN,ASO,ES,Combined TRACON& Tower with Radar,14,94,38,0,146,0,1,2,0,3,14,95,40,0,149,0,0,0,149
03/06/2013,TYS,TN,ASO,ES,Combined TRACON& Tower with Radar,18,91,48,5,162,0,0,2,2,4,18,91,50,7,166,14,46,60,226
03/07/2013,TYS,TN,ASO,ES,Combined TRACON& Tower with Radar,20,116,82,17,235,0,0,19,10,29,20,116,101,27,264,32,38,70,334
03/08/2013,TYS,TN,ASO,ES,Combined TRACON& Tower with Radar,20,112,66,8,206,0,0,41,12,53,20,112,107,20,259,22,4,26,285
03/09/2013,TYS,TN,ASO,ES,Combined TRACON& Tower with Radar,13,75,41,10,139,0,0,49,1,50,13,75,90,11,189,12,0,12,201
03/10/2013,TYS,TN,ASO,ES,Combined TRACON& Tower with Radar,12,92,36,4,144,0,0,21,3,24,12,92,57,7,168,8,0,8,176
03/11/2013,TYS,TN,ASO,ES,Combined TRACON& Tower with Radar,21,91,41,0,153,0,0,1,0,1,21,91,42,0,154,0,0,0,154
03/12/2013,TYS,TN,ASO,ES,Combined TRACON& Tower with Radar,18,100,77,51,246,0,0,21,3,24,18,100,98,54,270,0,28,28,298
03/13/2013,TYS,TN,ASO,ES,Combined TRACON& Tower with Radar,20,90,63,28,201,0,0,20,0,20,20,90,83,28,221,0,32,32,253
03/14/2013,TYS,TN,ASO,ES,Combined TRACON& Tower with Radar,22,101,81,56,260,0,1,48,5,54,22,102,129,61,314,8,92,100,414
03/15/2013,TYS,TN,ASO,ES,Combined TRACON& Tower with Radar,24,123,62,52,261,0,0,29,2,31,24,123,91,54,292,8,38,46,338
03/16/2013,TYS,TN,ASO,ES,Combined TRACON& Tower with Radar,13,76,23,2,114,0,0,11,0,11,13,76,34,2,125,0,0,0,125
03/17/2013,TYS,TN,ASO,ES,Combined TRACON& Tower with Radar,17,95,61,12,185,0,0,14,1,15,17,95,75,13,200,0,0,0,200
03/18/2013,TYS,TN,ASO,ES,Combined TRACON& Tower with Radar,29,89,38,8,164,0,0,2,11,13,29,89,40,19,177,0,14,14,191
03/19/2013,TYS,TN,ASO,ES,Combined TRACON& Tower with Radar,18,100,54,61,233,0,2,30,6,38,18,102,84,67,271,4,68,72,343
03/20/2013,TYS,TN,ASO,ES,Combined TRACON& Tower with Radar,22,98,71,49,240,0,0,37,7,44,22,98,108,56,284,8,54,62,346
03/21/2013,TYS,TN,ASO,ES,Combined TRACON& Tower with Radar,27,104,78,49,258,0,0,31,8,39,27,104,109,57,297,0,46,46,343
03/22/2013,TYS,TN,ASO,ES,Combined TRACON& Tower with Radar,22,102,86,53,263,0,0,24,6,30,22,102,110,59,293,6,74,80,373
03/23/2013,TYS,TN,ASO,ES,Combined TRACON& Tower with Radar,17,73,33,9,132,0,0,5,0,5,17,73,38,9,137,0,0,0,137
03/24/2013,TYS,TN,ASO,ES,Combined TRACON& Tower with Radar,14,94,27,5,140,0,0,1,0,1,14,94,28,5,141,0,0,0,141
03/25/2013,TYS,TN,ASO,ES,Combined TRACON& Tower with Radar,20,93,37,2,152,0,0,0,2,2,20,93,37,4,154,0,0,0,154
03/26/2013,TYS,TN,ASO,ES,Combined TRACON& Tower with Radar,19,98,36,40,193,0,0,8,0,8,19,98,44,40,201,0,42,42,243
03/27/2013,TYS,TN,ASO,ES,Combined TRACON& Tower with Radar,25,94,77,101,297,0,1,24,5,30,25,95,101,106,327,10,64,74,401
03/28/2013,TYS,TN,ASO,ES,Combined TRACON& Tower with Radar,22,99,77,63,261,0,0,45,3,48,22,99,122,66,309,24,48,72,381
03/29/2013,TYS,TN,ASO,ES,Combined TRACON& Tower with Radar,26,92,55,15,188,0,0,11,1,12,26,92,66,16,200,0,0,0,200
03/30/2013,TYS,TN,ASO,ES,Combined TRACON& Tower with Radar,11,72,31,0,114,0,0,23,0,23,11,72,54,0,137,20,0,20,157
03/31/2013,TYS,TN,ASO,ES,Combined TRACON& Tower with Radar,16,88,27,8,139,0,1,2,0,3,16,89,29,8,142,0,0,0,142
04/01/2013,TYS,TN,ASO,ES,Combined TRACON& Tower with Radar,21,108,73,11,213,0,0,16,2,18,21,108,89,13,231,14,20,34,265
04/02/2013,TYS,TN,ASO,ES,Combined TRACON& Tower with Radar,22,115,70,73,280,0,0,35,30,65,22,115,105,103,345,12,56,68,413
04/03/2013,TYS,TN,ASO,ES,Combined TRACON& Tower with Radar,24,100,79,33,236,0,0,20,9,29,24,100,99,42,265,0,24,24,289
04/04/2013,TYS,TN,ASO,ES,Combined TRACON& Tower with Radar,21,107,43,67,238,0,0,2,1,3,21,107,45,68,241,0,0,0,241
04/05/2013,TYS,TN,ASO,ES,Combined TRACON& Tower with Radar,23,118,60,23,224,0,0,16,11,27,23,118,76,34,251,16,44,60,311
04/06/2013,TYS,TN,ASO,ES,Combined TRACON& Tower with Radar,9,76,26,1,112,0,0,35,0,35,9,76,61,1,147,6,0,6,153
04/07/2013,TYS,TN,ASO,ES,Combined TRACON& Tower with Radar,15,96,34,19,164,0,0,16,2,18,15,96,50,21,182,0,8,8,190
04/08/2013,TYS,TN,ASO,ES,Combined TRACON& Tower with Radar,19,99,57,0,175,0,1,20,0,21,19,100,77,0,196,0,0,0,196
04/09/2013,TYS,TN,ASO,ES,Combined TRACON& Tower with Radar,22,104,93,50,269,0,0,26,12,38,22,104,119,62,307,18,10,28,335
04/10/2013,TYS,TN,ASO,ES,Combined TRACON& Tower with Radar,27,95,78,39,239,0,0,27,3,30,27,95,105,42,269,24,44,68,337
04/11/2013,TYS,TN,ASO,ES,Combined TRACON& Tower with Radar,26,112,46,59,243,0,0,5,5,10,26,112,51,64,253,0,0,0,253
04/12/2013,TYS,TN,ASO,ES,Combined TRACON& Tower with Radar,29,114,68,34,245,0,0,24,10,34,29,114,92,44,279,8,26,34,313
04/13/2013,TYS,TN,ASO,ES,Combined TRACON& Tower with Radar,10,76,47,14,147,0,0,51,19,70,10,76,98,33,217,40,58,98,315
04/14/2013,TYS,TN,ASO,ES,Combined TRACON& Tower with Radar,12,119,36,23,190,0,0,24,17,41,12,119,60,40,231,32,0,32,263
04/15/2013,TYS,TN,ASO,ES,Combined TRACON& Tower with Radar,21,98,62,46,227,0,1,19,19,39,21,99,81,65,266,6,30,36,302
04/16/2013,TYS,TN,ASO,ES,Combined TRACON& Tower with Radar,22,104,53,80,259,0,0,32,7,39,22,104,85,87,298,10,40,50,348
04/17/2013,TYS,TN,ASO,ES,Combined TRACON& Tower with Radar,24,103,64,53,244,0,1,9,4,14,24,104,73,57,258,0,26,26,284
04/18/2013,TYS,TN,ASO,ES,Combined TRACON& Tower with Radar,24,87,77,33,221,0,1,28,21,50,24,88,105,54,271,32,60,92,363
04/19/2013,TYS,TN,ASO,ES,Combined TRACON& Tower with Radar,24,109,75,31,239,0,0,2,15,17,24,109,77,46,256,18,22,40,296
04/20/2013,TYS,TN,ASO,ES,Combined TRACON& Tower with Radar,10,81,55,2,148,0,0,44,16,60,10,81,99,18,208,36,0,36,244
04/21/2013,TYS,TN,ASO,ES,Combined TRACON& Tower with Radar,15,105,62,15,197,0,0,31,14,45,15,105,93,29,242,24,30,54,296
04/22/2013,TYS,TN,ASO,ES,Combined TRACON& Tower with Radar,19,103,56,38,216,0,0,32,1,33,19,103,88,39,249,14,0,14,263
04/23/2013,TYS,TN,ASO,ES,Combined TRACON& Tower with Radar,27,101,94,60,282,0,0,34,13,47,27,101,128,73,329,0,0,0,329
04/24/2013,TYS,TN,ASO,ES,Combined TRACON& Tower with Radar,31,109,35,17,192,0,1,5,2,8,31,110,40,19,200,0,8,8,208
04/25/2013,TYS,TN,ASO,ES,Combined TRACON& Tower with Radar,28,107,83,51,269,0,1,40,23,64,28,108,123,74,333,2,52,54,387
04/26/2013,TYS,TN,ASO,ES,Combined TRACON& Tower with Radar,28,120,82,28,258,0,0,44,6,50,28,120,126,34,308,18,92,110,418
04/27/2013,TYS,TN,ASO,ES,Combined TRACON& Tower with Radar,12,72,20,2,106,0,0,0,0,0,12,72,20,2,106,0,0,0,106
04/28/2013,TYS,TN,ASO,ES,Combined TRACON& Tower with Radar,19,105,36,5,165,0,0,0,0,0,19,105,36,5,165,0,0,0,165
04/29/2013,TYS,TN,ASO,ES,Combined TRACON& Tower with Radar,21,100,74,4,199,0,0,11,7,18,21,100,85,11,217,16,0,16,233
04/30/2013,TYS,TN,ASO,ES,Combined TRACON& Tower with Radar,26,108,69,44,247,0,0,28,7,35,26,108,97,51,282,0,10,10,292
05/01/2013,TYS,TN,ASO,ES,Combined TRACON& Tower with Radar,19,121,60,99,299,0,0,28,5,33,19,121,88,104,332,8,178,186,518
05/02/2013,TYS,TN,ASO,ES,Combined TRACON& Tower with Radar,24,113,78,26,241,0,0,26,18,44,24,113,104,44,285,18,26,44,329
05/03/2013,TYS,TN,ASO,ES,Combined TRACON& Tower with Radar,25,114,56,47,242,0,0,10,13,23,25,114,66,60,265,4,56,60,325
05/04/2013,TYS,TN,ASO,ES,Combined TRACON& Tower with Radar,9,83,42,6,140,0,0,5,0,5,9,83,47,6,145,0,0,0,145
05/05/2013,TYS,TN,ASO,ES,Combined TRACON& Tower with Radar,18,102,35,7,162,0,1,0,0,1,18,103,35,7,163,0,0,0,163
05/06/2013,TYS,TN,ASO,ES,Combined TRACON& Tower with Radar,17,106,46,10,179,0,0,7,0,7,17,106,53,10,186,28,16,44,230
05/07/2013,TYS,TN,ASO,ES,Combined TRACON& Tower with Radar,22,115,69,37,243,0,0,16,6,22,22,115,85,43,265,0,56,56,321
05/08/2013,TYS,TN,ASO,ES,Combined TRACON& Tower with Radar,19,105,76,32,232,0,0,18,5,23,19,105,94,37,255,8,36,44,299
05/09/2013,TYS,TN,ASO,ES,Combined TRACON& Tower with Radar,27,126,93,63,309,0,1,49,13,63,27,127,142,76,372,44,118,162,534
05/10/2013,TYS,TN,ASO,ES,Combined TRACON& Tower with Radar,23,122,50,25,220,0,0,11,2,13,23,122,61,27,233,8,52,60,293
05/11/2013,TYS,TN,ASO,ES,Combined TRACON& Tower with Radar,10,78,24,0,112,0,0,13,0,13,10,78,37,0,125,0,0,0,125
05/12/2013,TYS,TN,ASO,ES,Combined TRACON& Tower with Radar,18,106,45,2,171,0,0,30,0,30,18,106,75,2,201,8,0,8,209
05/13/2013,TYS,TN,ASO,ES,Combined TRACON& Tower with Radar,17,104,74,27,222,0,0,44,11,55,17,104,118,38,277,24,30,54,331
05/14/2013,TYS,TN,ASO,ES,Combined TRACON& Tower with Radar,24,104,66,45,239,0,1,23,21,45,24,105,89,66,284,0,56,56,340
05/15/2013,TYS,TN,ASO,ES,Combined TRACON& Tower with Radar,21,113,55,59,248,0,1,51,41,93,21,114,106,100,341,28,104,132,473
05/16/2013,TYS,TN,ASO,ES,Combined TRACON& Tower with Radar,23,119,74,78,294,0,0,36,40,76,23,119,110,118,370,6,52,58,428
05/17/2013,TYS,TN,ASO,ES,Combined TRACON& Tower with Radar,28,114,55,39,236,0,0,31,12,43,28,114,86,51,279,20,52,72,351
05/18/2013,TYS,TN,ASO,ES,Combined TRACON& Tower with Radar,9,77,15,8,109,0,0,6,18,24,9,77,21,26,133,0,0,0,133
05/19/2013,TYS,TN,ASO,ES,Combined TRACON& Tower with Radar,13,109,42,1,165,0,0,2,7,9,13,109,44,8,174,0,20,20,194
05/20/2013,TYS,TN,ASO,ES,Combined TRACON& Tower with Radar,20,107,56,65,248,0,0,14,15,29,20,107,70,80,277,4,14,18,295
05/21/2013,TYS,TN,ASO,ES,Combined TRACON& Tower with Radar,18,103,82,41,244,0,0,28,19,47,18,103,110,60,291,4,48,52,343
05/22/2013,TYS,TN,ASO,ES,Combined TRACON& Tower with Radar,30,123,66,25,244,0,0,13,23,36,30,123,79,48,280,20,10,30,310
05/23/2013,TYS,TN,ASO,ES,Combined TRACON& Tower with Radar,28,112,50,67,257,0,0,13,25,38,28,112,63,92,295,0,58,58,353
05/24/2013,TYS,TN,ASO,ES,Combined TRACON& Tower with Radar,23,125,73,15,236,0,1,30,1,32,23,126,103,16,268,6,4,10,278
05/25/2013,TYS,TN,ASO,ES,Combined TRACON& Tower with Radar,12,74,32,4,122,0,0,28,0,28,12,74,60,4,150,0,0,0,150
05/26/2013,TYS,TN,ASO,ES,Combined TRACON& Tower with Radar,17,90,39,1,147,0,0,17,0,17,17,90,56,1,164,4,0,4,168
05/27/2013,TYS,TN,ASO,ES,Combined TRACON& Tower with Radar,18,95,51,0,164,0,0,35,0,35,18,95,86,0,199,28,0,28,227
05/28/2013,TYS,TN,ASO,ES,Combined TRACON& Tower with Radar,19,111,56,36,222,0,0,26,22,48,19,111,82,58,270,0,32,32,302
05/29/2013,TYS,TN,ASO,ES,Combined TRACON& Tower with Radar,26,117,70,55,268,0,1,33,18,52,26,118,103,73,320,14,72,86,406
05/30/2013,TYS,TN,ASO,ES,Combined TRACON& Tower with Radar,27,100,72,59,258,0,8,62,48,118,27,108,134,107,376,32,148,180,556
05/31/2013,TYS,TN,ASO,ES,Combined TRACON& Tower with Radar,26,113,67,60,266,0,0,35,4,39,26,113,102,64,305,14,70,84,389
06/01/2013,TYS,TN,ASO,ES,Combined TRACON& Tower with Radar,20,77,37,13,147,0,0,42,0,42,20,77,79,13,189,0,0,0,189
06/02/2013,TYS,TN,ASO,ES,Combined TRACON& Tower with Radar,22,106,53,1,182,0,0,7,1,8,22,106,60,2,190,0,0,0,190
06/03/2013,TYS,TN,ASO,ES,Combined TRACON& Tower with Radar,25,99,57,41,222,0,0,20,6,26,25,99,77,47,248,6,86,92,340
06/04/2013,TYS,TN,ASO,ES,Combined TRACON& Tower with Radar,22,109,64,60,255,0,0,33,6,39,22,109,97,66,294,12,62,74,368
06/05/2013,TYS,TN,ASO,ES,Combined TRACON& Tower with Radar,41,97,69,11,218,0,0,15,6,21,41,97,84,17,239,10,2,12,251
06/06/2013,TYS,TN,ASO,ES,Combined TRACON& Tower with Radar,28,106,68,67,269,0,0,9,19,28,28,106,77,86,297,0,42,42,339
06/07/2013,TYS,TN,ASO,ES,Combined TRACON& Tower with Radar,31,111,51,39,232,0,0,14,3,17,31,111,65,42,249,4,18,22,271
06/08/2013,TYS,TN,ASO,ES,Combined TRACON& Tower with Radar,19,78,42,11,150,0,0,6,5,11,19,78,48,16,161,18,24,42,203
06/09/2013,TYS,TN,ASO,ES,Combined TRACON& Tower with Radar,20,100,42,3,165,0,2,3,23,28,20,102,45,26,193,2,64,66,259
06/10/2013,TYS,TN,ASO,ES,Combined TRACON& Tower with Radar,29,101,43,0,173,0,1,7,2,10,29,102,50,2,183,10,0,10,193
06/11/2013,TYS,TN,ASO,ES,Combined TRACON& Tower with Radar,30,114,62,55,261,0,0,42,57,99,30,114,104,112,360,36,86,122,482
06/12/2013,TYS,TN,ASO,ES,Combined TRACON& Tower with Radar,26,102,62,39,229,0,0,44,23,67,26,102,106,62,296,36,180,216,512
06/13/2013,TYS,TN,ASO,ES,Combined TRACON& Tower with Radar,30,102,67,64,263,0,0,21,17,38,30,102,88,81,301,10,82,92,393
06/14/2013,TYS,TN,ASO,ES,Combined TRACON& Tower with Radar,33,109,72,57,271,0,0,28,3,31,33,109,100,60,302,8,122,130,432
06/15/2013,TYS,TN,ASO,ES,Combined TRACON& Tower with Radar,23,78,40,8,149,0,0,32,0,32,23,78,72,8,181,24,100,124,305
06/16/2013,TYS,TN,ASO,ES,Combined TRACON& Tower with Radar,22,106,48,4,180,0,0,17,0,17,22,106,65,4,197,0,0,0,197
06/17/2013,TYS,TN,ASO,ES,Combined TRACON& Tower with Radar,24,108,61,26,219,0,0,2,0,2,24,108,63,26,221,8,0,8,229
06/18/2013,TYS,TN,ASO,ES,Combined TRACON& Tower with Radar,33,109,72,59,273,0,0,13,20,33,33,109,85,79,306,0,68,68,374
06/19/2013,TYS,TN,ASO,ES,Combined TRACON& Tower with Radar,25,109,86,66,286,0,0,38,27,65,25,109,124,93,351,4,98,102,453
06/20/2013,TYS,TN,ASO,ES,Combined TRACON& Tower with Radar,29,120,98,93,340,0,2,46,28,76,29,122,144,121,416,6,72,78,494
06/21/2013,TYS,TN,ASO,ES,Combined TRACON& Tower with Radar,38,109,65,60,272,0,0,41,18,59,38,109,106,78,331,24,42,66,397
06/22/2013,TYS,TN,ASO,ES,Combined TRACON& Tower with Radar,20,93,37,8,158,0,0,22,17,39,20,93,59,25,197,42,10,52,249
06/23/2013,TYS,TN,ASO,ES,Combined TRACON& Tower with Radar,21,112,47,14,194,0,0,15,12,27,21,112,62,26,221,40,10,50,271
06/24/2013,TYS,TN,ASO,ES,Combined TRACON& Tower with Radar,26,98,55,17,196,0,1,29,4,34,26,99,84,21,230,12,4,16,246
06/25/2013,TYS,TN,ASO,ES,Combined TRACON& Tower with Radar,30,110,78,76,294,0,0,21,48,69,30,110,99,124,363,4,86,90,453
06/26/2013,TYS,TN,ASO,ES,Combined TRACON& Tower with Radar,26,107,72,51,256,0,0,10,11,21,26,107,82,62,277,0,74,74,351
06/27/2013,TYS,TN,ASO,ES,Combined TRACON& Tower with Radar,32,109,75,43,259,0,0,11,11,22,32,109,86,54,281,12,82,94,375
06/28/2013,TYS,TN,ASO,ES,Combined TRACON& Tower with Radar,34,98,60,28,220,0,0,20,9,29,34,98,80,37,249,4,10,14,263
06/29/2013,TYS,TN,ASO,ES,Combined TRACON& Tower with Radar,23,88,44,4,159,0,0,34,3,37,23,88,78,7,196,0,0,0,196
06/30/2013,TYS,TN,ASO,ES,Combined TRACON& Tower with Radar,20,97,48,6,171,0,0,23,1,24,20,97,71,7,195,32,4,36,231
07/01/2013,TYS,TN,ASO,ES,Combined TRACON& Tower with Radar,25,94,33,20,172,0,0,8,2,10,25,94,41,22,182,2,10,12,194
07/02/2013,TYS,TN,ASO,ES,Combined TRACON& Tower with Radar,32,91,71,30,224,0,1,37,20,58,32,92,108,50,282,8,38,46,328
07/03/2013,TYS,TN,ASO,ES,Combined TRACON& Tower with Radar,27,101,49,30,207,0,0,12,6,18,27,101,61,36,225,6,0,6,231
07/04/2013,TYS,TN,ASO,ES,Combined TRACON& Tower with Radar,24,61,9,0,94,0,0,4,0,4,24,61,13,0,98,0,0,0,98
07/05/2013,TYS,TN,ASO,ES,Combined TRACON& Tower with Radar,31,76,24,2,133,0,0,2,0,2,31,76,26,2,135,0,0,0,135
07/06/2013,TYS,TN,ASO,ES,Combined TRACON& Tower with Radar,18,80,25,0,123,0,0,0,0,0,18,80,25,0,123,0,0,0,123
07/07/2013,TYS,TN,ASO,ES,Combined TRACON& Tower with Radar,18,97,36,1,152,0,0,5,0,5,18,97,41,1,157,0,0,0,157
07/08/2013,TYS,TN,ASO,ES,Combined TRACON& Tower with Radar,23,104,49,26,202,0,0,28,13,41,23,104,77,39,243,34,0,34,277
07/09/2013,TYS,TN,ASO,ES,Combined TRACON& Tower with Radar,31,109,64,56,260,0,0,23,29,52,31,109,87,85,312,32,42,74,386
07/10/2013,TYS,TN,ASO,ES,Combined TRACON& Tower with Radar,23,106,72,33,234,0,0,9,24,33,23,106,81,57,267,10,20,30,297
07/11/2013,TYS,TN,ASO,ES,Combined TRACON& Tower with Radar,27,107,61,56,251,0,0,10,43,53,27,107,71,99,304,14,60,74,378
07/12/2013,TYS,TN,ASO,ES,Combined TRACON& Tower with Radar,36,108,79,59,282,0,0,29,23,52,36,108,108,82,334,2,56,58,392
07/13/2013,TYS,TN,ASO,ES,Combined TRACON& Tower with Radar,20,75,38,9,142,0,0,14,22,36,20,75,52,31,178,22,64,86,264
07/14/2013,TYS,TN,ASO,ES,Combined TRACON& Tower with Radar,17,105,55,10,187,0,0,29,18,47,17,105,84,28,234,0,2,2,236
07/15/2013,TYS,TN,ASO,ES,Combined TRACON& Tower with Radar,25,103,53,94,275,0,0,17,4,21,25,103,70,98,296,10,54,64,360
07/16/2013,TYS,TN,ASO,ES,Combined TRACON& Tower with Radar,36,110,72,57,275,0,0,27,23,50,36,110,99,80,325,4,62,66,391
07/17/2013,TYS,TN,ASO,ES,Combined TRACON& Tower with Radar,24,103,69,48,244,0,0,27,31,58,24,103,96,79,302,14,90,104,406
07/18/2013,TYS,TN,ASO,ES,Combined TRACON& Tower with Radar,30,104,86,83,303,0,1,22,39,62,30,105,108,122,365,6,26,32,397
07/19/2013,TYS,TN,ASO,ES,Combined TRACON& Tower with Radar,36,98,62,44,240,0,0,35,10,45,36,98,97,54,285,14,20,34,319
07/20/2013,TYS,TN,ASO,ES,Combined TRACON& Tower with Radar,27,73,26,20,146,0,0,22,4,26,27,73,48,24,172,20,6,26,198
07/21/2013,TYS,TN,ASO,ES,Combined TRACON& Tower with Radar,31,105,37,4,177,0,0,4,0,4,31,105,41,4,181,20,0,20,201
07/22/2013,TYS,TN,ASO,ES,Combined TRACON& Tower with Radar,25,101,46,23,195,0,0,10,6,16,25,101,56,29,211,18,16,34,245
07/23/2013,TYS,TN,ASO,ES,Combined TRACON& Tower with Radar,32,105,61,57,255,0,0,11,39,50,32,105,72,96,305,0,0,0,305
07/24/2013,TYS,TN,ASO,ES,Combined TRACON& Tower with Radar,27,104,61,54,246,0,0,12,22,34,27,104,73,76,280,0,0,0,280
07/25/2013,TYS,TN,ASO,ES,Combined TRACON& Tower with Radar,30,108,70,78,286,0,0,27,40,67,30,108,97,118,353,12,80,92,445
07/26/2013,TYS,TN,ASO,ES,Combined TRACON& Tower with Radar,29,114,57,21,221,0,0,20,18,38,29,114,77,39,259,0,0,0,259
07/27/2013,TYS,TN,ASO,ES,Combined TRACON& Tower with Radar,21,75,34,2,132,0,0,17,7,24,21,75,51,9,156,0,14,14,170
07/28/2013,TYS,TN,ASO,ES,Combined TRACON& Tower with Radar,17,102,45,7,171,0,0,27,13,40,17,102,72,20,211,16,2,18,229
07/29/2013,TYS,TN,ASO,ES,Combined TRACON& Tower with Radar,22,111,60,38,231,0,1,17,6,24,22,112,77,44,255,18,34,52,307
07/30/2013,TYS,TN,ASO,ES,Combined TRACON& Tower with Radar,27,109,81,83,300,0,1,37,25,63,27,110,118,108,363,16,94,110,473
07/31/2013,TYS,TN,ASO,ES,Combined TRACON& Tower with Radar,28,109,63,42,242,0,0,13,22,35,28,109,76,64,277,6,16,22,299
08/01/2013,TYS,TN,ASO,ES,Combined TRACON& Tower with Radar,29,113,75,36,253,0,0,33,16,49,29,113,108,52,302,40,64,104,406
08/02/2013,TYS,TN,ASO,ES,Combined TRACON& Tower with Radar,34,113,52,84,283,0,0,21,32,53,34,113,73,116,336,8,58,66,402
08/03/2013,TYS,TN,ASO,ES,Combined TRACON& Tower with Radar,20,76,43,16,155,0,0,20,6,26,20,76,63,22,181,0,4,4,185
08/04/2013,TYS,TN,ASO,ES,Combined TRACON& Tower with Radar,21,98,31,2,152,0,0,17,0,17,21,98,48,2,169,0,4,4,173
08/05/2013,TYS,TN,ASO,ES,Combined TRACON& Tower with Radar,23,100,53,24,200,0,0,19,11,30,23,100,72,35,230,0,0,0,230
08/06/2013,TYS,TN,ASO,ES,Combined TRACON& Tower with Radar,29,110,62,36,237,0,1,9,16,26,29,111,71,52,263,0,46,46,309
08/07/2013,TYS,TN,ASO,ES,Combined TRACON& Tower with Radar,28,112,68,20,228,0,1,6,14,21,28,113,74,34,249,0,26,26,275
08/08/2013,TYS,TN,ASO,ES,Combined TRACON& Tower with Radar,27,116,61,18,222,0,0,6,5,11,27,116,67,23,233,0,0,0,233
08/09/2013,TYS,TN,ASO,ES,Combined TRACON& Tower with Radar,34,111,73,4,222,0,0,9,11,20,34,111,82,15,242,0,4,4,246
08/10/2013,TYS,TN,ASO,ES,Combined TRACON& Tower with Radar,21,81,24,8,134,0,0,9,12,21,21,81,33,20,155,32,0,32,187
08/11/2013,TYS,TN,ASO,ES,Combined TRACON& Tower with Radar,20,116,39,3,178,0,1,8,5,14,20,117,47,8,192,6,0,6,198
08/12/2013,TYS,TN,ASO,ES,Combined TRACON& Tower with Radar,32,100,43,9,184,0,0,16,4,20,32,100,59,13,204,46,0,46,250
08/13/2013,TYS,TN,ASO,ES,Combined TRACON& Tower with Radar,31,105,70,44,250,0,2,18,3,23,31,107,88,47,273,14,44,58,331
08/14/2013,TYS,TN,ASO,ES,Combined TRACON& Tower with Radar,28,103,84,77,292,0,0,26,9,35,28,103,110,86,327,34,52,86,413
08/15/2013,TYS,TN,ASO,ES,Combined TRACON& Tower with Radar,21,121,76,24,242,0,0,29,11,40,21,121,105,35,282,58,38,96,378
08/16/2013,TYS,TN,ASO,ES,Combined TRACON& Tower with Radar,33,112,91,8,244,0,0,18,0,18,33,112,109,8,262,0,24,24,286
08/17/2013,TYS,TN,ASO,ES,Combined TRACON& Tower with Radar,15,74,33,3,125,0,0,13,2,15,15,74,46,5,140,24,0,24,164
08/18/2013,TYS,TN,ASO,ES,Combined TRACON& Tower with Radar,17,104,60,13,194,0,0,5,8,13,17,104,65,21,207,24,16,40,247
08/19/2013,TYS,TN,ASO,ES,Combined TRACON& Tower with Radar,21,106,47,26,200,0,2,12,23,37,21,108,59,49,237,6,56,62,299
08/20/2013,TYS,TN,ASO,ES,Combined TRACON& Tower with Radar,22,111,84,43,260,0,0,12,22,34,22,111,96,65,294,6,22,28,322
08/21/2013,TYS,TN,ASO,ES,Combined TRACON& Tower with Radar,28,104,56,42,230,0,1,13,21,35,28,105,69,63,265,0,154,154,419
08/22/2013,TYS,TN,ASO,ES,Combined TRACON& Tower with Radar,26,106,67,74,273,0,0,43,49,92,26,106,110,123,365,18,84,102,467
08/23/2013,TYS,TN,ASO,ES,Combined TRACON& Tower with Radar,33,109,70,31,243,0,0,35,31,66,33,109,105,62,309,34,26,60,369
08/24/2013,TYS,TN,ASO,ES,Combined TRACON& Tower with Radar,15,71,40,18,144,0,0,16,18,34,15,71,56,36,178,4,34,38,216
08/25/2013,TYS,TN,ASO,ES,Combined TRACON& Tower with Radar,25,95,59,15,194,0,1,36,12,49,25,96,95,27,243,16,0,16,259
08/26/2013,TYS,TN,ASO,ES,Combined TRACON& Tower with Radar,22,106,65,111,304,0,0,26,14,40,22,106,91,125,344,6,94,100,444
08/27/2013,TYS,TN,ASO,ES,Combined TRACON& Tower with Radar,22,101,64,70,257,0,2,24,25,51,22,103,88,95,308,5,90,95,403
08/28/2013,TYS,TN,ASO,ES,Combined TRACON& Tower with Radar,28,93,65,73,259,0,0,30,23,53,28,93,95,96,312,8,78,86,398
08/29/2013,TYS,TN,ASO,ES,Combined TRACON& Tower with Radar,27,105,67,66,265,0,0,31,26,57,27,105,98,92,322,6,30,36,358
08/30/2013,TYS,TN,ASO,ES,Combined TRACON& Tower with Radar,30,109,62,13,214,0,0,39,6,45,30,109,101,19,259,26,20,46,305
08/31/2013,TYS,TN,ASO,ES,Combined TRACON& Tower with Radar,16,70,35,2,123,0,0,17,0,17,16,70,52,2,140,0,0,0,140
09/01/2013,TYS,TN,ASO,ES,Combined TRACON& Tower with Radar,17,62,30,0,109,0,0,11,0,11,17,62,41,0,120,2,0,2,122
09/02/2013,TYS,TN,ASO,ES,Combined TRACON& Tower with Radar,20,92,73,1,186,0,0,11,0,11,20,92,84,1,197,0,0,0,197
09/03/2013,TYS,TN,ASO,ES,Combined TRACON& Tower with Radar,24,115,73,30,242,0,0,28,9,37,24,115,101,39,279,8,6,14,293
09/04/2013,TYS,TN,ASO,ES,Combined TRACON& Tower with Radar,36,94,67,101,298,0,0,27,56,83,36,94,94,157,381,32,99,131,512
09/05/2013,TYS,TN,ASO,ES,Combined TRACON& Tower with Radar,34,91,48,121,294,0,1,33,18,52,34,92,81,139,346,48,80,128,474
09/06/2013,TYS,TN,ASO,ES,Combined TRACON& Tower with Radar,42,99,78,77,296,0,0,31,8,39,42,99,109,85,335,6,20,26,361
09/07/2013,TYS,TN,ASO,ES,Combined TRACON& Tower with Radar,23,65,49,8,145,0,2,24,2,28,23,67,73,10,173,6,2,8,181
09/08/2013,TYS,TN,ASO,ES,Combined TRACON& Tower with Radar,28,92,45,16,181,0,0,15,24,39,28,92,60,40,220,0,134,134,354
09/09/2013,TYS,TN,ASO,ES,Combined TRACON& Tower with Radar,27,87,50,68,232,0,1,28,5,34,27,88,78,73,266,40,70,110,376
09/10/2013,TYS,TN,ASO,ES,Combined TRACON& Tower with Radar,34,93,76,67,270,0,0,31,15,46,34,93,107,82,316,18,52,70,386
09/11/2013,TYS,TN,ASO,ES,Combined TRACON& Tower with Radar,32,82,62,75,251,0,0,23,17,40,32,82,85,92,291,74,72,146,437
09/12/2013,TYS,TN,ASO,ES,Combined TRACON& Tower with Radar,37,83,72,69,261,0,1,16,9,26,37,84,88,78,287,6,34,40,327
09/13/2013,TYS,TN,ASO,ES,Combined TRACON& Tower with Radar,41,93,86,59,279,0,0,35,27,62,41,93,121,86,341,6,26,32,373
09/14/2013,TYS,TN,ASO,ES,Combined TRACON& Tower with Radar,21,62,23,3,109,0,1,27,7,35,21,63,50,10,144,18,10,28,172
09/15/2013,TYS,TN,ASO,ES,Combined TRACON& Tower with Radar,32,83,51,13,179,0,0,24,15,39,32,83,75,28,218,12,2,14,232
09/16/2013,TYS,TN,ASO,ES,Combined TRACON& Tower with Radar,30,87,74,20,211,0,0,31,7,38,30,87,105,27,249,78,38,116,365
09/17/2013,TYS,TN,ASO,ES,Combined TRACON& Tower with Radar,29,90,68,85,272,0,0,23,12,35,29,90,91,97,307,34,82,116,423
09/18/2013,TYS,TN,ASO,ES,Combined TRACON& Tower with Radar,33,97,90,39,259,0,0,14,7,21,33,97,104,46,280,10,14,24,304
09/19/2013,TYS,TN,ASO,ES,Combined TRACON& Tower with Radar,39,92,92,61,284,0,0,27,5,32,39,92,119,66,316,0,76,76,392
09/20/2013,TYS,TN,ASO,ES,Combined TRACON& Tower with Radar,38,96,62,63,259,0,0,24,3,27,38,96,86,66,286,22,56,78,364
09/21/2013,TYS,TN,ASO,ES,Combined TRACON& Tower with Radar,29,65,27,18,139,0,0,2,0,2,29,65,29,18,141,0,0,0,141
09/22/2013,TYS,TN,ASO,ES,Combined TRACON& Tower with Radar,26,93,42,11,172,0,0,31,0,31,26,93,73,11,203,26,0,26,229
09/23/2013,TYS,TN,ASO,ES,Combined TRACON& Tower with Radar,31,86,59,42,218,0,0,15,8,23,31,86,74,50,241,20,42,62,303
09/24/2013,TYS,TN,ASO,ES,Combined TRACON& Tower with Radar,30,100,66,32,228,0,0,22,12,34,30,100,88,44,262,18,38,56,318
09/25/2013,TYS,TN,ASO,ES,Combined TRACON& Tower with Radar,32,101,50,20,203,0,0,0,0,0,32,101,50,20,203,0,0,0,203
09/26/2013,TYS,TN,ASO,ES,Combined TRACON& Tower with Radar,38,105,86,9,238,0,0,27,2,29,38,105,113,11,267,24,0,24,291
09/27/2013,TYS,TN,ASO,ES,Combined TRACON& Tower with Radar,41,94,96,69,300,0,0,32,9,41,41,94,128,78,341,8,22,30,371
09/28/2013,TYS,TN,ASO,ES,Combined TRACON& Tower with Radar,23,58,42,0,123,0,0,18,0,18,23,58,60,0,141,12,2,14,155
09/29/2013,TYS,TN,ASO,ES,Combined TRACON& Tower with Radar,30,85,71,13,199,0,0,12,1,13,30,85,83,14,212,12,8,20,232
09/30/2013,TYS,TN,ASO,ES,Combined TRACON& Tower with Radar,30,82,68,46,226,0,0,19,4,23,30,82,87,50,249,18,34,52,301
10/01/2013,TYS,TN,ASO,ES,Combined TRACON& Tower with Radar,30,97,49,33,209,0,1,20,1,22,30,98,69,34,231,16,0,16,247
10/02/2013,TYS,TN,ASO,ES,Combined TRACON& Tower with Radar,32,96,80,33,241,0,0,26,17,43,32,96,106,50,284,0,30,30,314
10/03/2013,TYS,TN,ASO,ES,Combined TRACON& Tower with Radar,36,98,65,10,209,0,0,28,2,30,36,98,93,12,239,12,6,18,257
10/04/2013,TYS,TN,ASO,ES,Combined TRACON& Tower with Radar,39,91,99,50,279,0,0,17,2,19,39,91,116,52,298,14,20,34,332
10/05/2013,TYS,TN,ASO,ES,Combined TRACON& Tower with Radar,18,78,80,0,176,0,0,21,0,21,18,78,101,0,197,50,0,50,247
10/06/2013,TYS,TN,ASO,ES,Combined TRACON& Tower with Radar,30,102,73,0,205,0,0,16,0,16,30,102,89,0,221,2,0,2,223
10/07/2013,TYS,TN,ASO,ES,Combined TRACON& Tower with Radar,31,89,50,43,213,0,0,9,0,9,31,89,59,43,222,0,16,16,238
10/08/2013,TYS,TN,ASO,ES,Combined TRACON& Tower with Radar,36,100,79,70,285,0,0,37,0,37,36,100,116,70,322,20,34,54,376
10/09/2013,TYS,TN,ASO,ES,Combined TRACON& Tower with Radar,36,104,68,56,264,0,6,34,1,41,36,110,102,57,305,30,54,84,389
10/10/2013,TYS,TN,ASO,ES,Combined TRACON& Tower with Radar,38,96,100,50,284,0,0,29,0,29,38,96,129,50,313,16,10,26,339
10/11/2013,TYS,TN,ASO,ES,Combined TRACON& Tower with Radar,31,103,81,32,247,0,0,18,1,19,31,103,99,33,266,0,0,0,266
10/12/2013,TYS,TN,ASO,ES,Combined TRACON& Tower with Radar,21,58,26,0,105,0,0,29,2,31,21,58,55,2,136,14,0,14,150
10/13/2013,TYS,TN,ASO,ES,Combined TRACON& Tower with Radar,29,82,70,1,182,0,0,13,0,13,29,82,83,1,195,46,0,46,241
10/14/2013,TYS,TN,ASO,ES,Combined TRACON& Tower with Radar,27,93,68,0,188,0,1,17,0,18,27,94,85,0,206,8,0,8,214
10/15/2013,TYS,TN,ASO,ES,Combined TRACON& Tower with Radar,34,97,76,14,221,0,0,16,4,20,34,97,92,18,241,6,10,16,257
10/16/2013,TYS,TN,ASO,ES,Combined TRACON& Tower with Radar,32,98,83,23,236,0,0,18,26,44,32,98,101,49,280,18,86,104,384
10/17/2013,TYS,TN,ASO,ES,Combined TRACON& Tower with Radar,36,95,78,31,240,0,0,2,4,6,36,95,80,35,246,10,44,54,300
10/18/2013,TYS,TN,ASO,ES,Combined TRACON& Tower with Radar,34,95,91,48,268,0,0,36,7,43,34,95,127,55,311,20,60,80,391
10/19/2013,TYS,TN,ASO,ES,Combined TRACON& Tower with Radar,24,69,84,1,178,0,1,20,5,26,24,70,104,6,204,4,4,8,212
10/20/2013,TYS,TN,ASO,ES,Combined TRACON& Tower with Radar,29,99,88,2,218,0,0,51,5,56,29,99,139,7,274,62,18,80,354
10/21/2013,TYS,TN,ASO,ES,Combined TRACON& Tower with Radar,29,93,68,44,234,0,0,28,1,29,29,93,96,45,263,26,26,52,315
10/22/2013,TYS,TN,ASO,ES,Combined TRACON& Tower with Radar,34,93,65,48,240,0,0,9,12,21,34,93,74,60,261,0,56,56,317
10/23/2013,TYS,TN,ASO,ES,Combined TRACON& Tower with Radar,36,95,64,73,268,0,0,6,8,14,36,95,70,81,282,0,68,68,350
10/24/2013,TYS,TN,ASO,ES,Combined TRACON& Tower with Radar,36,102,67,89,294,0,0,21,3,24,36,102,88,92,318,34,82,116,434
10/25/2013,TYS,TN,ASO,ES,Combined TRACON& Tower with Radar,36,93,63,37,229,0,0,30,13,43,36,93,93,50,272,8,26,34,306
10/26/2013,TYS,TN,ASO,ES,Combined TRACON& Tower with Radar,21,58,46,17,142,0,0,28,1,29,21,58,74,18,171,0,0,0,171
10/27/2013,TYS,TN,ASO,ES,Combined TRACON& Tower with Radar,27,98,70,2,197,0,0,20,0,20,27,98,90,2,217,0,0,0,217
10/28/2013,TYS,TN,ASO,ES,Combined TRACON& Tower with Radar,27,93,53,17,190,0,0,12,11,23,27,93,65,28,213,14,22,36,249
10/29/2013,TYS,TN,ASO,ES,Combined TRACON& Tower with Radar,33,93,70,50,246,0,0,24,18,42,33,93,94,68,288,40,34,74,362
10/30/2013,TYS,TN,ASO,ES,Combined TRACON& Tower with Radar,36,101,62,83,282,0,1,31,46,78,36,102,93,129,360,56,92,148,508
10/31/2013,TYS,TN,ASO,ES,Combined TRACON& Tower with Radar,38,95,56,29,218,0,0,12,7,19,38,95,68,36,237,14,10,24,261
11/01/2013,TYS,TN,ASO,ES,Combined TRACON& Tower with Radar,36,92,67,30,225,0,0,24,8,32,36,92,91,38,257,0,10,10,267
11/02/2013,TYS,TN,ASO,ES,Combined TRACON& Tower with Radar,22,68,35,12,137,0,0,14,6,20,22,68,49,18,157,0,4,4,161
11/03/2013,TYS,TN,ASO,ES,Combined TRACON& Tower with Radar,29,85,65,10,189,0,0,28,4,32,29,85,93,14,221,2,0,2,223
11/04/2013,TYS,TN,ASO,ES,Combined TRACON& Tower with Radar,25,95,46,40,206,0,0,26,3,29,25,95,72,43,235,4,0,4,239
11/05/2013,TYS,TN,ASO,ES,Combined TRACON& Tower with Radar,34,93,66,65,258,0,1,45,1,47,34,94,111,66,305,36,30,66,371
11/06/2013,TYS,TN,ASO,ES,Combined TRACON& Tower with Radar,34,93,68,23,218,0,0,23,0,23,34,93,91,23,241,0,10,10,251
11/07/2013,TYS,TN,ASO,ES,Combined TRACON& Tower with Radar,32,111,72,65,280,0,0,12,12,24,32,111,84,77,304,34,22,56,360
11/08/2013,TYS,TN,ASO,ES,Combined TRACON& Tower with Radar,36,118,106,46,306,0,2,28,3,33,36,120,134,49,339,0,52,52,391
11/09/2013,TYS,TN,ASO,ES,Combined TRACON& Tower with Radar,18,74,92,0,184,0,0,26,0,26,18,74,118,0,210,0,0,0,210
11/10/2013,TYS,TN,ASO,ES,Combined TRACON& Tower with Radar,27,105,93,7,232,0,0,27,0,27,27,105,120,7,259,0,0,0,259
11/11/2013,TYS,TN,ASO,ES,Combined TRACON& Tower with Radar,27,88,60,0,175,0,1,27,0,28,27,89,87,0,203,98,0,98,301
11/12/2013,TYS,TN,ASO,ES,Combined TRACON& Tower with Radar,30,82,57,33,202,0,0,9,0,9,30,82,66,33,211,12,0,12,223
11/13/2013,TYS,TN,ASO,ES,Combined TRACON& Tower with Radar,30,100,84,47,261,0,2,33,18,53,30,102,117,65,314,2,20,22,336
11/14/2013,TYS,TN,ASO,ES,Combined TRACON& Tower with Radar,43,91,65,55,254,0,1,37,18,56,43,92,102,73,310,20,30,50,360
11/15/2013,TYS,TN,ASO,ES,Combined TRACON& Tower with Radar,31,99,87,58,275,0,0,12,2,14,31,99,99,60,289,0,10,10,299
11/16/2013,TYS,TN,ASO,ES,Combined TRACON& Tower with Radar,20,69,47,2,138,0,0,20,0,20,20,69,67,2,158,0,0,0,158
11/17/2013,TYS,TN,ASO,ES,Combined TRACON& Tower with Radar,29,85,49,6,169,0,0,5,1,6,29,85,54,7,175,0,0,0,175
11/18/2013,TYS,TN,ASO,ES,Combined TRACON& Tower with Radar,22,81,60,23,186,0,2,25,5,32,22,83,85,28,218,22,2,24,242
11/19/2013,TYS,TN,ASO,ES,Combined TRACON& Tower with Radar,30,96,77,89,292,0,0,39,2,41,30,96,116,91,333,24,14,38,371
11/20/2013,TYS,TN,ASO,ES,Combined TRACON& Tower with Radar,34,88,86,117,325,0,0,39,11,50,34,88,125,128,375,20,54,74,449
11/21/2013,TYS,TN,ASO,ES,Combined TRACON& Tower with Radar,38,93,84,96,311,0,0,9,10,19,38,93,93,106,330,0,54,54,384
11/22/2013,TYS,TN,ASO,ES,Combined TRACON& Tower with Radar,35,98,83,18,234,0,0,0,0,0,35,98,83,18,234,0,0,0,234
11/23/2013,TYS,TN,ASO,ES,Combined TRACON& Tower with Radar,17,69,48,4,138,0,0,6,0,6,17,69,54,4,144,0,0,0,144
11/24/2013,TYS,TN,ASO,ES,Combined TRACON& Tower with Radar,29,75,66,5,175,0,0,17,1,18,29,75,83,6,193,4,0,4,197
11/25/2013,TYS,TN,ASO,ES,Combined TRACON& Tower with Radar,29,76,58,37,200,0,0,25,14,39,29,76,83,51,239,16,52,68,307
11/26/2013,TYS,TN,ASO,ES,Combined TRACON& Tower with Radar,36,86,50,0,172,0,0,0,0,0,36,86,50,0,172,0,0,0,172
11/27/2013,TYS,TN,ASO,ES,Combined TRACON& Tower with Radar,33,111,46,2,192,0,0,2,0,2,33,111,48,2,194,0,0,0,194
11/28/2013,TYS,TN,ASO,ES,Combined TRACON& Tower with Radar,15,54,15,0,84,0,0,15,0,15,15,54,30,0,99,4,0,4,103
11/29/2013,TYS,TN,ASO,ES,Combined TRACON& Tower with Radar,22,58,30,0,110,0,0,21,0,21,22,58,51,0,131,0,0,0,131
11/30/2013,TYS,TN,ASO,ES,Combined TRACON& Tower with Radar,21,75,57,0,153,0,0,22,0,22,21,75,79,0,175,6,0,6,181
12/01/2013,TYS,TN,ASO,ES,Combined TRACON& Tower with Radar,38,102,70,2,212,0,0,45,0,45,38,102,115,2,257,0,0,0,257
12/02/2013,TYS,TN,ASO,ES,Combined TRACON& Tower with Radar,34,84,63,25,206,0,0,9,1,10,34,84,72,26,216,2,0,2,218
12/03/2013,TYS,TN,ASO,ES,Combined TRACON& Tower with Radar,27,82,75,23,207,0,0,5,5,10,27,82,80,28,217,0,50,50,267
12/04/2013,TYS,TN,ASO,ES,Combined TRACON& Tower with Radar,31,81,70,81,263,0,0,15,14,29,31,81,85,95,292,8,68,76,368
12/05/2013,TYS,TN,ASO,ES,Combined TRACON& Tower with Radar,36,91,88,43,258,0,0,7,27,34,36,91,95,70,292,0,0,0,292
12/06/2013,TYS,TN,ASO,ES,Combined TRACON& Tower with Radar,34,79,37,4,154,0,0,0,0,0,34,79,37,4,154,4,84,88,242
12/07/2013,TYS,TN,ASO,ES,Combined TRACON& Tower with Radar,20,60,42,1,123,0,0,1,0,1,20,60,43,1,124,0,0,0,124
12/08/2013,TYS,TN,ASO,ES,Combined TRACON& Tower with Radar,26,67,44,1,138,0,0,0,0,0,26,67,44,1,138,0,0,0,138
12/09/2013,TYS,TN,ASO,ES,Combined TRACON& Tower with Radar,26,78,40,2,146,0,0,1,0,1,26,78,41,2,147,0,0,0,147
12/10/2013,TYS,TN,ASO,ES,Combined TRACON& Tower with Radar,23,78,53,38,192,0,0,9,17,26,23,78,62,55,218,0,56,56,274
12/11/2013,TYS,TN,ASO,ES,Combined TRACON& Tower with Radar,32,85,55,73,245,0,0,27,43,70,32,85,82,116,315,40,78,118,433
12/12/2013,TYS,TN,ASO,ES,Combined TRACON& Tower with Radar,34,98,85,69,286,0,0,35,35,70,34,98,120,104,356,34,68,102,458
12/13/2013,TYS,TN,ASO,ES,Combined TRACON& Tower with Radar,32,99,77,91,299,0,2,36,21,59,32,101,113,112,358,14,22,36,394
12/14/2013,TYS,TN,ASO,ES,Combined TRACON& Tower with Radar,17,58,33,1,109,0,0,0,0,0,17,58,33,1,109,0,0,0,109
12/15/2013,TYS,TN,ASO,ES,Combined TRACON& Tower with Radar,26,77,46,3,152,0,0,5,0,5,26,77,51,3,157,6,0,6,163
12/16/2013,TYS,TN,ASO,ES,Combined TRACON& Tower with Radar,29,98,65,44,236,0,0,21,4,25,29,98,86,48,261,32,22,54,315
12/17/2013,TYS,TN,ASO,ES,Combined TRACON& Tower with Radar,30,90,45,38,203,0,1,25,6,32,30,91,70,44,235,14,52,66,301
12/18/2013,TYS,TN,ASO,ES,Combined TRACON& Tower with Radar,39,89,73,61,262,0,0,27,4,31,39,89,100,65,293,12,28,40,333
12/19/2013,TYS,TN,ASO,ES,Combined TRACON& Tower with Radar,46,86,66,68,266,0,0,25,5,30,46,86,91,73,296,14,82,96,392
12/20/2013,TYS,TN,ASO,ES,Combined TRACON& Tower with Radar,39,103,72,7,221,0,0,17,4,21,39,103,89,11,242,0,16,16,258
12/21/2013,TYS,TN,ASO,ES,Combined TRACON& Tower with Radar,26,68,41,0,135,0,0,7,0,7,26,68,48,0,142,0,0,0,142
12/22/2013,TYS,TN,ASO,ES,Combined TRACON& Tower with Radar,30,77,22,0,129,0,0,1,0,1,30,77,23,0,130,0,0,0,130
12/23/2013,TYS,TN,ASO,ES,Combined TRACON& Tower with Radar,33,74,43,0,150,0,0,2,0,2,33,74,45,0,152,0,0,0,152
12/24/2013,TYS,TN,ASO,ES,Combined TRACON& Tower with Radar,32,62,29,0,123,0,2,4,0,6,32,64,33,0,129,0,0,0,129
12/25/2013,TYS,TN,ASO,ES,Combined TRACON& Tower with Radar,12,48,17,0,77,0,0,9,0,9,12,48,26,0,86,0,0,0,86
12/26/2013,TYS,TN,ASO,ES,Combined TRACON& Tower with Radar,30,80,57,2,169,0,1,22,1,24,30,81,79,3,193,0,0,0,193
12/27/2013,TYS,TN,ASO,ES,Combined TRACON& Tower with Radar,27,93,51,66,237,0,0,27,0,27,27,93,78,66,264,14,34,48,312
12/28/2013,TYS,TN,ASO,ES,Combined TRACON& Tower with Radar,22,72,27,1,122,0,1,14,0,15,22,73,41,1,137,10,0,10,147
12/29/2013,TYS,TN,ASO,ES,Combined TRACON& Tower with Radar,28,73,31,1,133,0,0,1,0,1,28,73,32,1,134,0,0,0,134
12/30/2013,TYS,TN,ASO,ES,Combined TRACON& Tower with Radar,28,79,39,4,150,0,0,7,0,7,28,79,46,4,157,0,0,0,157
12/31/2013,TYS,TN,ASO,ES,Combined TRACON& Tower with Radar,24,72,17,0,113,0,0,19,0,19,24,72,36,0,132,0,0,0,132
01/01/2014,TYS,TN,ASO,ES,Combined TRACON& Tower with Radar,13,61,24,0,98,0,1,20,0,21,13,62,44,0,119,24,0,24,143
01/02/2014,TYS,TN,ASO,ES,Combined TRACON& Tower with Radar,32,74,28,0,134,0,0,2,0,2,32,74,30,0,136,0,0,0,136
01/03/2014,TYS,TN,ASO,ES,Combined TRACON& Tower with Radar,28,81,50,21,180,0,0,19,0,19,28,81,69,21,199,12,18,30,229
01/04/2014,TYS,TN,ASO,ES,Combined TRACON& Tower with Radar,18,63,29,0,110,0,0,17,0,17,18,63,46,0,127,6,0,6,133
01/05/2014,TYS,TN,ASO,ES,Combined TRACON& Tower with Radar,27,66,34,9,136,0,0,8,0,8,27,66,42,9,144,4,0,4,148
01/06/2014,TYS,TN,ASO,ES,Combined TRACON& Tower with Radar,24,64,22,3,113,0,0,2,1,3,24,64,24,4,116,0,0,0,116
01/07/2014,TYS,TN,ASO,ES,Combined TRACON& Tower with Radar,25,66,35,24,150,0,0,12,0,12,25,66,47,24,162,0,0,0,162
01/08/2014,TYS,TN,ASO,ES,Combined TRACON& Tower with Radar,32,80,60,51,223,0,0,16,4,20,32,80,76,55,243,6,110,116,359
01/09/2014,TYS,TN,ASO,ES,Combined TRACON& Tower with Radar,37,82,40,68,227,0,0,11,69,80,37,82,51,137,307,8,142,150,457
01/10/2014,TYS,TN,ASO,ES,Combined TRACON& Tower with Radar,42,78,50,34,204,0,0,14,6,20,42,78,64,40,224,16,20,36,260
01/11/2014,TYS,TN,ASO,ES,Combined TRACON& Tower with Radar,18,54,18,2,92,0,0,2,10,12,18,54,20,12,104,0,0,0,104
01/12/2014,TYS,TN,ASO,ES,Combined TRACON& Tower with Radar,32,58,48,7,145,0,0,38,9,47,32,58,86,16,192,8,66,74,266
01/13/2014,TYS,TN,ASO,ES,Combined TRACON& Tower with Radar,33,76,40,33,182,0,0,23,0,23,33,76,63,33,205,12,0,12,217
01/14/2014,TYS,TN,ASO,ES,Combined TRACON& Tower with Radar,31,69,54,103,257,0,2,17,5,24,31,71,71,108,281,22,46,68,349
01/15/2014,TYS,TN,ASO,ES,Combined TRACON& Tower with Radar,34,76,40,53,203,0,0,6,1,7,34,76,46,54,210,0,14,14,224
01/16/2014,TYS,TN,ASO,ES,Combined TRACON& Tower with Radar,38,74,58,89,259,0,0,14,34,48,38,74,72,123,307,4,132,136,443
01/17/2014,TYS,TN,ASO,ES,Combined TRACON& Tower with Radar,36,86,52,24,198,0,0,13,15,28,36,86,65,39,226,16,14,30,256
01/18/2014,TYS,TN,ASO,ES,Combined TRACON& Tower with Radar,13,54,50,1,118,0,0,45,7,52,13,54,95,8,170,38,56,94,264
01/19/2014,TYS,TN,ASO,ES,Combined TRACON& Tower with Radar,27,60,49,10,146,0,0,23,10,33,27,60,72,20,179,36,0,36,215
01/20/2014,TYS,TN,ASO,ES,Combined TRACON& Tower with Radar,30,69,54,8,161,0,0,22,0,22,30,69,76,8,183,22,0,22,205
01/21/2014,TYS,TN,ASO,ES,Combined TRACON& Tower with Radar,37,76,42,2,157,0,1,9,6,16,37,77,51,8,173,0,0,0,173
01/22/2014,TYS,TN,ASO,ES,Combined TRACON& Tower with Radar,34,73,58,61,226,0,0,26,4,30,34,73,84,65,256,2,126,128,384
01/23/2014,TYS,TN,ASO,ES,Combined TRACON& Tower with Radar,38,77,57,45,217,0,0,18,50,68,38,77,75,95,285,0,134,134,419
01/24/2014,TYS,TN,ASO,ES,Combined TRACON& Tower with Radar,36,76,55,24,191,0,0,18,9,27,36,76,73,33,218,2,46,48,266
01/25/2014,TYS,TN,ASO,ES,Combined TRACON& Tower with Radar,17,60,20,0,97,0,0,10,0,10,17,60,30,0,107,18,0,18,125
01/26/2014,TYS,TN,ASO,ES,Combined TRACON& Tower with Radar,30,74,35,9,148,0,0,16,0,16,30,74,51,9,164,30,0,30,194
01/27/2014,TYS,TN,ASO,ES,Combined TRACON& Tower with Radar,34,78,41,16,169,0,0,13,0,13,34,78,54,16,182,24,6,30,212
01/28/2014,TYS,TN,ASO,ES,Combined TRACON& Tower with Radar,23,75,43,9,150,0,0,3,0,3,23,75,46,9,153,0,0,0,153
01/29/2014,TYS,TN,ASO,ES,Combined TRACON& Tower with Radar,29,74,40,19,162,0,0,18,8,26,29,74,58,27,188,0,8,8,196
01/30/2014,TYS,TN,ASO,ES,Combined TRACON& Tower with Radar,31,80,63,55,229,0,0,12,8,20,31,80,75,63,249,36,32,68,317
01/31/2014,TYS,TN,ASO,ES,Combined TRACON& Tower with Radar,33,91,62,49,235,0,1,23,7,31,33,92,85,56,266,0,104,104,370
02/01/2014,TYS,TN,ASO,ES,Combined TRACON& Tower with Radar,18,58,28,18,122,0,0,26,7,33,18,58,54,25,155,4,0,4,159
02/02/2014,TYS,TN,ASO,ES,Combined TRACON& Tower with Radar,32,53,32,3,120,0,0,0,2,2,32,53,32,5,122,0,84,84,206
02/03/2014,TYS,TN,ASO,ES,Combined TRACON& Tower with Radar,31,63,53,4,151,0,0,6,0,6,31,63,59,4,157,0,0,0,157
02/04/2014,TYS,TN,ASO,ES,Combined TRACON& Tower with Radar,32,70,43,40,185,0,0,6,37,43,32,70,49,77,228,0,140,140,368
02/05/2014,TYS,TN,ASO,ES,Combined TRACON& Tower with Radar,30,85,36,25,176,0,0,6,6,12,30,85,42,31,188,0,12,12,200
02/06/2014,TYS,TN,ASO,ES,Combined TRACON& Tower with Radar,33,72,69,66,240,0,0,17,54,71,33,72,86,120,311,50,154,204,515
02/07/2014,TYS,TN,ASO,ES,Combined TRACON& Tower with Radar,41,84,70,39,234,0,1,24,25,50,41,85,94,64,284,28,60,88,372
02/08/2014,TYS,TN,ASO,ES,Combined TRACON& Tower with Radar,19,49,15,11,94,0,0,12,4,16,19,49,27,15,110,16,8,24,134
02/09/2014,TYS,TN,ASO,ES,Combined TRACON& Tower with Radar,31,57,29,4,121,0,0,12,0,12,31,57,41,4,133,14,0,14,147
02/10/2014,TYS,TN,ASO,ES,Combined TRACON& Tower with Radar,30,85,53,23,191,0,0,4,0,4,30,85,57,23,195,0,0,0,195
02/11/2014,TYS,TN,ASO,ES,Combined TRACON& Tower with Radar,24,67,58,39,188,0,0,15,15,30,24,67,73,54,218,4,34,38,256
02/12/2014,TYS,TN,ASO,ES,Combined TRACON& Tower with Radar,15,57,34,26,132,0,0,4,0,4,15,57,38,26,136,4,6,10,146
02/13/2014,TYS,TN,ASO,ES,Combined TRACON& Tower with Radar,22,57,58,2,139,0,0,9,2,11,22,57,67,4,150,0,0,0,150
02/14/2014,TYS,TN,ASO,ES,Combined TRACON& Tower with Radar,39,95,71,33,238,0,0,22,7,29,39,95,93,40,267,14,10,24,291
02/15/2014,TYS,TN,ASO,ES,Combined TRACON& Tower with Radar,21,52,23,4,100,0,0,6,8,14,21,52,29,12,114,10,8,18,132
02/16/2014,TYS,TN,ASO,ES,Combined TRACON& Tower with Radar,26,74,35,2,137,0,0,34,4,38,26,74,69,6,175,16,20,36,211
02/17/2014,TYS,TN,ASO,ES,Combined TRACON& Tower with Radar,24,76,42,0,142,0,1,16,0,17,24,77,58,0,159,6,0,6,165
02/18/2014,TYS,TN,ASO,ES,Combined TRACON& Tower with Radar,30,79,81,13,203,0,2,33,1,36,30,81,114,14,239,32,26,58,297
02/19/2014,TYS,TN,ASO,ES,Combined TRACON& Tower with Radar,32,84,81,31,228,0,2,14,3,19,32,86,95,34,247,30,12,42,289
02/20/2014,TYS,TN,ASO,ES,Combined TRACON& Tower with Radar,30,89,65,26,210,0,0,26,11,37,30,89,91,37,247,26,22,48,295
02/21/2014,TYS,TN,ASO,ES,Combined TRACON& Tower with Radar,33,92,68,29,222,0,1,55,2,58,33,93,123,31,280,30,58,88,368
02/22/2014,TYS,TN,ASO,ES,Combined TRACON& Tower with Radar,23,63,41,3,130,0,1,45,4,50,23,64,86,7,180,50,0,50,230
02/23/2014,TYS,TN,ASO,ES,Combined TRACON& Tower with Radar,25,87,37,7,156,0,0,35,1,36,25,87,72,8,192,0,4,4,196
02/24/2014,TYS,TN,ASO,ES,Combined TRACON& Tower with Radar,27,85,53,68,233,0,0,40,1,41,27,85,93,69,274,18,66,84,358
02/25/2014,TYS,TN,ASO,ES,Combined TRACON& Tower with Radar,29,95,63,81,268,0,1,28,8,37,29,96,91,89,305,28,56,84,389
02/26/2014,TYS,TN,ASO,ES,Combined TRACON& Tower with Radar,32,96,67,93,288,0,0,13,13,26,32,96,80,106,314,48,136,184,498
02/27/2014,TYS,TN,ASO,ES,Combined TRACON& Tower with Radar,32,91,72,29,224,0,0,40,14,54,32,91,112,43,278,90,118,208,486
02/28/2014,TYS,TN,ASO,ES,Combined TRACON& Tower with Radar,32,92,63,28,215,0,0,43,4,47,32,92,106,32,262,6,18,24,286
03/01/2014,TYS,TN,ASO,ES,Combined TRACON& Tower with Radar,21,52,50,3,126,0,0,26,5,31,21,52,76,8,157,40,0,40,197
03/02/2014,TYS,TN,ASO,ES,Combined TRACON& Tower with Radar,27,75,45,8,155,0,0,15,0,15,27,75,60,8,170,28,0,28,198
03/03/2014,TYS,TN,ASO,ES,Combined TRACON& Tower with Radar,33,67,32,0,132,0,0,0,0,0,33,67,32,0,132,0,0,0,132
03/04/2014,TYS,TN,ASO,ES,Combined TRACON& Tower with Radar,31,91,64,57,243,0,0,12,14,26,31,91,76,71,269,14,56,70,339
03/05/2014,TYS,TN,ASO,ES,Combined TRACON& Tower with Radar,36,85,74,70,265,0,0,42,4,46,36,85,116,74,311,30,74,104,415
03/06/2014,TYS,TN,ASO,ES,Combined TRACON& Tower with Radar,31,95,68,101,295,0,0,33,27,60,31,95,101,128,355,38,264,302,657
03/07/2014,TYS,TN,ASO,ES,Combined TRACON& Tower with Radar,28,101,68,56,253,0,0,29,16,45,28,101,97,72,298,30,70,100,398
03/08/2014,TYS,TN,ASO,ES,Combined TRACON& Tower with Radar,18,61,32,12,123,0,0,38,12,50,18,61,70,24,173,28,10,38,211
03/09/2014,TYS,TN,ASO,ES,Combined TRACON& Tower with Radar,19,86,45,34,184,0,1,45,6,52,19,87,90,40,236,66,24,90,326
03/10/2014,TYS,TN,ASO,ES,Combined TRACON& Tower with Radar,21,97,79,13,210,0,0,11,3,14,21,97,90,16,224,16,0,16,240
03/11/2014,TYS,TN,ASO,ES,Combined TRACON& Tower with Radar,26,94,87,131,338,0,0,40,5,45,26,94,127,136,383,14,164,178,561
03/12/2014,TYS,TN,ASO,ES,Combined TRACON& Tower with Radar,29,88,43,11,171,0,0,1,0,1,29,88,44,11,172,0,34,34,206
03/13/2014,TYS,TN,ASO,ES,Combined TRACON& Tower with Radar,29,95,69,93,286,0,0,31,3,34,29,95,100,96,320,1,120,121,441
03/14/2014,TYS,TN,ASO,ES,Combined TRACON& Tower with Radar,28,102,71,29,230,0,0,22,3,25,28,102,93,32,255,18,40,58,313
03/15/2014,TYS,TN,ASO,ES,Combined TRACON& Tower with Radar,23,66,74,14,177,0,0,29,2,31,23,66,103,16,208,22,12,34,242
03/16/2014,TYS,TN,ASO,ES,Combined TRACON& Tower with Radar,21,85,37,27,170,0,0,3,0,3,21,85,40,27,173,0,0,0,173
03/17/2014,TYS,TN,ASO,ES,Combined TRACON& Tower with Radar,24,84,48,5,161,0,0,0,0,0,24,84,48,5,161,0,18,18,179
03/18/2014,TYS,TN,ASO,ES,Combined TRACON& Tower with Radar,29,97,65,62,253,0,1,1,0,2,29,98,66,62,255,18,30,48,303
03/19/2014,TYS,TN,ASO,ES,Combined TRACON& Tower with Radar,30,98,52,46,226,0,0,16,2,18,30,98,68,48,244,42,46,88,332
03/20/2014,TYS,TN,ASO,ES,Combined TRACON& Tower with Radar,34,102,68,52,256,0,0,35,18,53,34,102,103,70,309,32,206,238,547
03/21/2014,TYS,TN,ASO,ES,Combined TRACON& Tower with Radar,32,94,73,88,287,0,0,29,7,36,32,94,102,95,323,26,98,124,447
03/22/2014,TYS,TN,ASO,ES,Combined TRACON& Tower with Radar,23,58,44,22,147,0,0,20,9,29,23,58,64,31,176,18,2,20,196
03/23/2014,TYS,TN,ASO,ES,Combined TRACON& Tower with Radar,26,108,56,11,201,0,0,6,2,8,26,108,62,13,209,0,42,42,251
03/24/2014,TYS,TN,ASO,ES,Combined TRACON& Tower with Radar,26,88,58,22,194,0,0,22,0,22,26,88,80,22,216,0,0,0,216
03/25/2014,TYS,TN,ASO,ES,Combined TRACON& Tower with Radar,30,96,42,16,184,0,0,5,3,8,30,96,47,19,192,0,0,0,192
03/26/2014,TYS,TN,ASO,ES,Combined TRACON& Tower with Radar,31,87,47,82,247,0,0,19,6,25,31,87,66,88,272,30,84,114,386
03/27/2014,TYS,TN,ASO,ES,Combined TRACON& Tower with Radar,31,102,82,58,273,0,0,25,7,32,31,102,107,65,305,12,34,46,351
03/28/2014,TYS,TN,ASO,ES,Combined TRACON& Tower with Radar,32,99,98,64,293,0,0,9,1,10,32,99,107,65,303,10,38,48,351
03/29/2014,TYS,TN,ASO,ES,Combined TRACON& Tower with Radar,23,67,44,1,135,0,0,2,0,2,23,67,46,1,137,0,0,0,137
03/30/2014,TYS,TN,ASO,ES,Combined TRACON& Tower with Radar,25,100,54,4,183,0,0,31,5,36,25,100,85,9,219,18,0,18,237
03/31/2014,TYS,TN,ASO,ES,Combined TRACON& Tower with Radar,24,81,57,31,193,0,0,29,14,43,24,81,86,45,236,8,12,20,256
04/01/2014,TYS,TN,ASO,ES,Combined TRACON& Tower with Radar,31,77,64,49,221,0,0,22,14,36,31,77,86,63,257,16,34,50,307
04/02/2014,TYS,TN,ASO,ES,Combined TRACON& Tower with Radar,36,82,66,51,235,0,0,31,10,41,36,82,97,61,276,18,78,96,372
04/03/2014,TYS,TN,ASO,ES,Combined TRACON& Tower with Radar,32,82,51,19,184,0,0,8,7,15,32,82,59,26,199,6,9,15,214
04/04/2014,TYS,TN,ASO,ES,Combined TRACON& Tower with Radar,40,92,38,4,174,0,0,2,0,2,40,92,40,4,176,2,0,2,178
04/05/2014,TYS,TN,ASO,ES,Combined TRACON& Tower with Radar,18,55,35,17,125,0,0,24,22,46,18,55,59,39,171,54,44,98,269
04/06/2014,TYS,TN,ASO,ES,Combined TRACON& Tower with Radar,25,85,48,16,174,0,0,22,8,30,25,85,70,24,204,6,0,6,210
04/07/2014,TYS,TN,ASO,ES,Combined TRACON& Tower with Radar,32,79,28,8,147,0,0,2,0,2,32,79,30,8,149,0,0,0,149
04/08/2014,TYS,TN,ASO,ES,Combined TRACON& Tower with Radar,29,95,66,86,276,0,0,15,12,27,29,95,81,98,303,0,0,0,303
04/09/2014,TYS,TN,ASO,ES,Combined TRACON& Tower with Radar,32,86,70,63,251,0,0,26,7,33,32,86,96,70,284,6,8,14,298
04/10/2014,TYS,TN,ASO,ES,Combined TRACON& Tower with Radar,31,99,83,43,256,0,1,34,10,45,31,100,117,53,301,18,36,54,355
04/11/2014,TYS,TN,ASO,ES,Combined TRACON& Tower with Radar,32,96,54,27,209,0,0,22,8,30,32,96,76,35,239,0,12,12,251
04/12/2014,TYS,TN,ASO,ES,Combined TRACON& Tower with Radar,21,67,40,4,132,0,0,23,2,25,21,67,63,6,157,4,0,4,161
04/13/2014,TYS,TN,ASO,ES,Combined TRACON& Tower with Radar,26,82,44,6,158,0,0,25,0,25,26,82,69,6,183,18,0,18,201
04/14/2014,TYS,TN,ASO,ES,Combined TRACON& Tower with Radar,30,83,47,23,183,0,0,4,0,4,30,83,51,23,187,0,10,10,197
04/15/2014,TYS,TN,ASO,ES,Combined TRACON& Tower with Radar,35,87,68,22,212,0,0,3,0,3,35,87,71,22,215,0,36,36,251
04/16/2014,TYS,TN,ASO,ES,Combined TRACON& Tower with Radar,36,89,77,66,268,0,0,28,21,49,36,89,105,87,317,22,124,146,463
04/17/2014,TYS,TN,ASO,ES,Combined TRACON& Tower with Radar,34,99,80,84,297,0,0,37,8,45,34,99,117,92,342,32,126,158,500
04/18/2014,TYS,TN,ASO,ES,Combined TRACON& Tower with Radar,36,87,52,31,206,0,0,16,1,17,36,87,68,32,223,36,44,80,303
04/19/2014,TYS,TN,ASO,ES,Combined TRACON& Tower with Radar,19,58,29,8,114,0,0,35,0,35,19,58,64,8,149,70,0,70,219
04/20/2014,TYS,TN,ASO,ES,Combined TRACON& Tower with Radar,22,77,28,0,127,0,0,18,0,18,22,77,46,0,145,50,0,50,195
04/21/2014,TYS,TN,ASO,ES,Combined TRACON& Tower with Radar,28,111,76,45,260,0,1,28,2,31,28,112,104,47,291,22,2,24,315
04/22/2014,TYS,TN,ASO,ES,Combined TRACON& Tower with Radar,35,100,58,47,240,0,0,6,1,7,35,100,64,48,247,0,10,10,257
04/23/2014,TYS,TN,ASO,ES,Combined TRACON& Tower with Radar,33,91,76,32,232,0,0,27,4,31,33,91,103,36,263,4,16,20,283
04/24/2014,TYS,TN,ASO,ES,Combined TRACON& Tower with Radar,33,87,81,53,254,0,0,22,7,29,33,87,103,60,283,6,70,76,359
04/25/2014,TYS,TN,ASO,ES,Combined TRACON& Tower with Radar,34,98,66,34,232,0,2,15,5,22,34,100,81,39,254,0,0,0,254
04/26/2014,TYS,TN,ASO,ES,Combined TRACON& Tower with Radar,17,62,39,4,122,0,1,40,8,49,17,63,79,12,171,14,14,28,199
04/27/2014,TYS,TN,ASO,ES,Combined TRACON& Tower with Radar,21,93,56,1,171,0,0,29,4,33,21,93,85,5,204,42,18,60,264
04/28/2014,TYS,TN,ASO,ES,Combined TRACON& Tower with Radar,31,80,35,1,147,0,0,10,2,12,31,80,45,3,159,14,2,16,175
04/29/2014,TYS,TN,ASO,ES,Combined TRACON& Tower with Radar,33,82,53,41,209,0,0,3,5,8,33,82,56,46,217,0,30,30,247
04/30/2014,TYS,TN,ASO,ES,Combined TRACON& Tower with Radar,34,80,54,46,214,0,0,7,0,7,34,80,61,46,221,0,22,22,243
05/01/2014,TYS,TN,ASO,ES,Combined TRACON& Tower with Radar,33,93,70,68,264,0,0,26,10,36,33,93,96,78,300,8,94,102,402
05/02/2014,TYS,TN,ASO,ES,Combined TRACON& Tower with Radar,35,108,70,39,252,0,0,46,0,46,35,108,116,39,298,62,36,98,396
05/03/2014,TYS,TN,ASO,ES,Combined TRACON& Tower with Radar,15,60,35,33,143,0,0,34,9,43,15,60,69,42,186,60,54,114,300
05/04/2014,TYS,TN,ASO,ES,Combined TRACON& Tower with Radar,25,95,48,4,172,0,0,45,10,55,25,95,93,14,227,64,28,92,319
05/05/2014,TYS,TN,ASO,ES,Combined TRACON& Tower with Radar,32,82,62,33,209,0,0,21,4,25,32,82,83,37,234,14,28,42,276
05/06/2014,TYS,TN,ASO,ES,Combined TRACON& Tower with Radar,32,101,69,39,241,0,3,31,2,36,32,104,100,41,277,36,36,72,349
05/07/2014,TYS,TN,ASO,ES,Combined TRACON& Tower with Radar,35,89,89,64,277,0,1,48,12,61,35,90,137,76,338,74,98,172,510
05/08/2014,TYS,TN,ASO,ES,Combined TRACON& Tower with Radar,38,94,87,60,279,0,0,22,14,36,38,94,109,74,315,22,64,86,401
05/09/2014,TYS,TN,ASO,ES,Combined TRACON& Tower with Radar,33,101,55,9,198,0,0,6,0,6,33,101,61,9,204,4,0,4,208
05/10/2014,TYS,TN,ASO,ES,Combined TRACON& Tower with Radar,23,60,31,0,114,0,0,10,0,10,23,60,41,0,124,6,0,6,130
05/11/2014,TYS,TN,ASO,ES,Combined TRACON& Tower with Radar,22,81,36,19,158,0,0,23,0,23,22,81,59,19,181,20,12,32,213
05/12/2014,TYS,TN,ASO,ES,Combined TRACON& Tower with Radar,31,104,63,61,259,0,0,32,1,33,31,104,95,62,292,26,26,52,344
05/13/2014,TYS,TN,ASO,ES,Combined TRACON& Tower with Radar,30,85,77,21,213,0,0,23,2,25,30,85,100,23,238,54,0,54,292
05/14/2014,TYS,TN,ASO,ES,Combined TRACON& Tower with Radar,39,87,61,40,227,0,0,16,4,20,39,87,77,44,247,32,46,78,325
05/15/2014,TYS,TN,ASO,ES,Combined TRACON& Tower with Radar,34,91,87,47,259,0,0,7,5,12,34,91,94,52,271,0,18,18,289
05/16/2014,TYS,TN,ASO,ES,Combined TRACON& Tower with Radar,37,91,86,50,264,0,0,14,9,23,37,91,100,59,287,0,46,46,333
05/17/2014,TYS,TN,ASO,ES,Combined TRACON& Tower with Radar,16,75,31,0,122,0,0,11,2,13,16,75,42,2,135,12,0,12,147
05/18/2014,TYS,TN,ASO,ES,Combined TRACON& Tower with Radar,23,101,59,11,194,0,0,20,2,22,23,101,79,13,216,52,22,74,290
05/19/2014,TYS,TN,ASO,ES,Combined TRACON& Tower with Radar,34,87,50,13,184,0,0,21,0,21,34,87,71,13,205,0,0,0,205
05/20/2014,TYS,TN,ASO,ES,Combined TRACON& Tower with Radar,33,92,48,59,232,0,0,31,0,31,33,92,79,59,263,22,36,58,321
05/21/2014,TYS,TN,ASO,ES,Combined TRACON& Tower with Radar,36,94,77,43,250,0,0,11,7,18,36,94,88,50,268,10,51,61,329
05/22/2014,TYS,TN,ASO,ES,Combined TRACON& Tower with Radar,37,86,69,36,228,0,0,17,1,18,37,86,86,37,246,18,36,54,300
05/23/2014,TYS,TN,ASO,ES,Combined TRACON& Tower with Radar,41,99,61,21,222,0,0,21,1,22,41,99,82,22,244,26,0,26,270
05/24/2014,TYS,TN,ASO,ES,Combined TRACON& Tower with Radar,20,59,36,1,116,0,0,25,0,25,20,59,61,1,141,86,0,86,227
05/25/2014,TYS,TN,ASO,ES,Combined TRACON& Tower with Radar,22,75,17,1,115,0,0,9,0,9,22,75,26,1,124,26,0,26,150
05/26/2014,TYS,TN,ASO,ES,Combined TRACON& Tower with Radar,29,79,45,8,161,0,0,19,2,21,29,79,64,10,182,0,0,0,182
05/27/2014,TYS,TN,ASO,ES,Combined TRACON& Tower with Radar,32,88,65,30,215,0,0,19,3,22,32,88,84,33,237,8,56,64,301
05/28/2014,TYS,TN,ASO,ES,Combined TRACON& Tower with Radar,37,79,56,70,242,0,0,22,10,32,37,79,78,80,274,8,94,102,376
05/29/2014,TYS,TN,ASO,ES,Combined TRACON& Tower with Radar,38,92,52,54,236,0,0,11,6,17,38,92,63,60,253,0,44,44,297
05/30/2014,TYS,TN,ASO,ES,Combined TRACON& Tower with Radar,36,92,59,49,236,0,2,33,13,48,36,94,92,62,284,32,42,74,358
05/31/2014,TYS,TN,ASO,ES,Combined TRACON& Tower with Radar,16,60,37,26,139,0,0,15,0,15,16,60,52,26,154,40,0,40,194
06/01/2014,TYS,TN,ASO,ES,Combined TRACON& Tower with Radar,25,90,22,20,157,0,0,8,0,8,25,90,30,20,165,21,0,21,186
06/02/2014,TYS,TN,ASO,ES,Combined TRACON& Tower with Radar,28,98,53,62,241,0,0,32,4,36,28,98,85,66,277,20,48,68,345
06/03/2014,TYS,TN,ASO,ES,Combined TRACON& Tower with Radar,27,84,62,53,226,0,0,20,4,24,27,84,82,57,250,22,14,36,286
06/04/2014,TYS,TN,ASO,ES,Combined TRACON& Tower with Radar,30,102,64,28,224,0,0,22,6,28,30,102,86,34,252,20,28,48,300
06/05/2014,TYS,TN,ASO,ES,Combined TRACON& Tower with Radar,35,93,72,45,245,0,0,18,2,20,35,93,90,47,265,0,0,0,265
06/06/2014,TYS,TN,ASO,ES,Combined TRACON& Tower with Radar,33,86,61,27,207,0,0,19,4,23,33,86,80,31,230,44,64,108,338
06/07/2014,TYS,TN,ASO,ES,Combined TRACON& Tower with Radar,20,63,47,12,142,0,0,44,8,52,20,63,91,20,194,34,0,34,228
06/08/2014,TYS,TN,ASO,ES,Combined TRACON& Tower with Radar,20,87,40,35,182,0,0,12,2,14,20,87,52,37,196,14,0,14,210
06/09/2014,TYS,TN,ASO,ES,Combined TRACON& Tower with Radar,31,81,45,14,171,0,0,9,9,18,31,81,54,23,189,22,0,22,211
06/10/2014,TYS,TN,ASO,ES,Combined TRACON& Tower with Radar,32,80,68,27,207,0,0,13,6,19,32,80,81,33,226,16,18,34,260
06/11/2014,TYS,TN,ASO,ES,Combined TRACON& Tower with Radar,37,93,54,16,200,0,0,4,2,6,37,93,58,18,206,6,12,18,224
06/12/2014,TYS,TN,ASO,ES,Combined TRACON& Tower with Radar,35,81,68,37,221,0,0,6,4,10,35,81,74,41,231,0,52,52,283
06/13/2014,TYS,TN,ASO,ES,Combined TRACON& Tower with Radar,34,90,41,30,195,0,0,10,6,16,34,90,51,36,211,16,20,36,247
06/14/2014,TYS,TN,ASO,ES,Combined TRACON& Tower with Radar,19,73,50,18,160,0,0,46,7,53,19,73,96,25,213,58,0,58,271
06/15/2014,TYS,TN,ASO,ES,Combined TRACON& Tower with Radar,31,89,33,18,171,0,0,13,2,15,31,89,46,20,186,0,4,4,190
06/16/2014,TYS,TN,ASO,ES,Combined TRACON& Tower with Radar,28,90,60,82,260,0,0,25,3,28,28,90,85,85,288,0,20,20,308
06/17/2014,TYS,TN,ASO,ES,Combined TRACON& Tower with Radar,40,89,58,62,249,0,0,31,6,37,40,89,89,68,286,26,70,96,382
06/18/2014,TYS,TN,ASO,ES,Combined TRACON& Tower with Radar,32,79,49,37,197,0,0,26,6,32,32,79,75,43,229,12,44,56,285
06/19/2014,TYS,TN,ASO,ES,Combined TRACON& Tower with Radar,39,89,81,50,259,0,0,29,6,35,39,89,110,56,294,42,38,80,374
06/20/2014,TYS,TN,ASO,ES,Combined TRACON& Tower with Radar,33,88,59,42,222,0,0,32,5,37,33,88,91,47,259,0,72,72,331
06/21/2014,TYS,TN,ASO,ES,Combined TRACON& Tower with Radar,21,71,52,3,147,0,0,23,0,23,21,71,75,3,170,22,0,22,192
06/22/2014,TYS,TN,ASO,ES,Combined TRACON& Tower with Radar,21,96,67,51,235,0,0,13,0,13,21,96,80,51,248,12,80,92,340
06/23/2014,TYS,TN,ASO,ES,Combined TRACON& Tower with Radar,36,95,61,22,214,0,0,27,1,28,36,95,88,23,242,26,0,26,268
06/24/2014,TYS,TN,ASO,ES,Combined TRACON& Tower with Radar,38,87,84,56,265,0,2,31,14,47,38,89,115,70,312,32,16,48,360
06/25/2014,TYS,TN,ASO,ES,Combined TRACON& Tower with Radar,34,90,80,63,267,0,0,22,5,27,34,90,102,68,294,52,56,108,402
06/26/2014,TYS,TN,ASO,ES,Combined TRACON& Tower with Radar,40,85,98,49,272,0,0,29,4,33,40,85,127,53,305,52,74,126,431
06/27/2014,TYS,TN,ASO,ES,Combined TRACON& Tower with Radar,34,89,64,33,220,0,0,17,7,24,34,89,81,40,244,4,54,58,302
06/28/2014,TYS,TN,ASO,ES,Combined TRACON& Tower with Radar,16,71,45,14,146,0,0,11,7,18,16,71,56,21,164,24,10,34,198
06/29/2014,TYS,TN,ASO,ES,Combined TRACON& Tower with Radar,25,85,52,15,177,0,0,9,2,11,25,85,61,17,188,10,90,100,288
06/30/2014,TYS,TN,ASO,ES,Combined TRACON& Tower with Radar,27,80,61,11,179,0,0,10,0,10,27,80,71,11,189,22,0,22,211
07/01/2014,TYS,TN,ASO,ES,Combined TRACON& Tower with Radar,36,81,82,56,255,0,0,33,16,49,36,81,115,72,304,20,26,46,350
07/02/2014,TYS,TN,ASO,ES,Combined TRACON& Tower with Radar,31,86,49,61,227,0,0,29,7,36,31,86,78,68,263,0,82,82,345
07/03/2014,TYS,TN,ASO,ES,Combined TRACON& Tower with Radar,38,78,58,28,202,0,0,37,16,53,38,78,95,44,255,48,28,76,331
07/04/2014,TYS,TN,ASO,ES,Combined TRACON& Tower with Radar,18,60,15,0,93,0,0,23,0,23,18,60,38,0,116,20,0,20,136
07/05/2014,TYS,TN,ASO,ES,Combined TRACON& Tower with Radar,21,55,40,0,116,0,0,30,0,30,21,55,70,0,146,32,0,32,178
07/06/2014,TYS,TN,ASO,ES,Combined TRACON& Tower with Radar,29,95,64,1,189,0,0,28,0,28,29,95,92,1,217,82,0,82,299
07/07/2014,TYS,TN,ASO,ES,Combined TRACON& Tower with Radar,27,95,62,7,191,0,0,23,5,28,27,95,85,12,219,2,0,2,221
07/08/2014,TYS,TN,ASO,ES,Combined TRACON& Tower with Radar,41,81,52,31,205,0,0,17,38,55,41,81,69,69,260,8,64,72,332
07/09/2014,TYS,TN,ASO,ES,Combined TRACON& Tower with Radar,31,102,67,43,243,0,0,19,2,21,31,102,86,45,264,46,12,58,322
07/10/2014,TYS,TN,ASO,ES,Combined TRACON& Tower with Radar,39,110,71,83,303,0,0,22,44,66,39,110,93,127,369,38,72,110,479
07/11/2014,TYS,TN,ASO,ES,Combined TRACON& Tower with Radar,32,89,72,61,254,0,2,51,5,58,32,91,123,66,312,34,30,64,376
07/12/2014,TYS,TN,ASO,ES,Combined TRACON& Tower with Radar,18,69,26,15,128,0,0,27,0,27,18,69,53,15,155,52,26,78,233
07/13/2014,TYS,TN,ASO,ES,Combined TRACON& Tower with Radar,31,89,42,8,170,0,0,26,0,26,31,89,68,8,196,26,0,26,222
07/14/2014,TYS,TN,ASO,ES,Combined TRACON& Tower with Radar,29,92,42,50,213,0,0,16,5,21,29,92,58,55,234,0,44,44,278
07/15/2014,TYS,TN,ASO,ES,Combined TRACON& Tower with Radar,42,89,51,80,262,0,0,15,8,23,42,89,66,88,285,0,32,32,317
07/16/2014,TYS,TN,ASO,ES,Combined TRACON& Tower with Radar,31,111,75,84,301,0,0,46,4,50,31,111,121,88,351,24,88,112,463
07/17/2014,TYS,TN,ASO,ES,Combined TRACON& Tower with Radar,38,95,58,40,231,0,0,34,8,42,38,95,92,48,273,36,36,72,345
07/18/2014,TYS,TN,ASO,ES,Combined TRACON& Tower with Radar,33,87,53,22,195,0,0,9,0,9,33,87,62,22,204,0,24,24,228
07/19/2014,TYS,TN,ASO,ES,Combined TRACON& Tower with Radar,20,74,24,7,125,0,0,3,0,3,20,74,27,7,128,0,0,0,128
07/20/2014,TYS,TN,ASO,ES,Combined TRACON& Tower with Radar,29,96,38,29,192,0,0,13,7,20,29,96,51,36,212,42,52,94,306
07/21/2014,TYS,TN,ASO,ES,Combined TRACON& Tower with Radar,30,94,65,8,197,0,0,16,6,22,30,94,81,14,219,20,12,32,251
07/22/2014,TYS,TN,ASO,ES,Combined TRACON& Tower with Radar,40,90,65,39,234,0,0,44,10,54,40,90,109,49,288,10,46,56,344
07/23/2014,TYS,TN,ASO,ES,Combined TRACON& Tower with Radar,33,89,57,55,234,0,0,7,9,16,33,89,64,64,250,0,108,108,358
07/24/2014,TYS,TN,ASO,ES,Combined TRACON& Tower with Radar,38,98,68,49,253,0,0,7,7,14,38,98,75,56,267,0,74,74,341
07/25/2014,TYS,TN,ASO,ES,Combined TRACON& Tower with Radar,31,93,85,58,267,0,0,50,21,71,31,93,135,79,338,38,28,66,404
07/26/2014,TYS,TN,ASO,ES,Combined TRACON& Tower with Radar,19,71,28,10,128,0,0,27,3,30,19,71,55,13,158,6,0,6,164
07/27/2014,TYS,TN,ASO,ES,Combined TRACON& Tower with Radar,25,87,46,3,161,0,0,6,4,10,25,87,52,7,171,10,0,10,181
07/28/2014,TYS,TN,ASO,ES,Combined TRACON& Tower with Radar,29,89,34,51,203,0,0,33,4,37,29,89,67,55,240,22,70,92,332
07/29/2014,TYS,TN,ASO,ES,Combined TRACON& Tower with Radar,38,93,55,79,265,0,1,35,14,50,38,94,90,93,315,30,10,40,355
07/30/2014,TYS,TN,ASO,ES,Combined TRACON& Tower with Radar,32,95,77,44,248,0,0,45,28,73,32,95,122,72,321,44,46,90,411
07/31/2014,TYS,TN,ASO,ES,Combined TRACON& Tower with Radar,38,97,78,33,246,0,0,23,19,42,38,97,101,52,288,16,22,38,326
08/01/2014,TYS,TN,ASO,ES,Combined TRACON& Tower with Radar,32,95,59,28,214,0,0,26,17,43,32,95,85,45,257,4,10,14,271
08/02/2014,TYS,TN,ASO,ES,Combined TRACON& Tower with Radar,17,72,23,33,145,0,0,34,15,49,17,72,57,48,194,48,24,72,266
08/03/2014,TYS,TN,ASO,ES,Combined TRACON& Tower with Radar,30,92,30,23,175,0,0,19,9,28,30,92,49,32,203,1,74,75,278
08/04/2014,TYS,TN,ASO,ES,Combined TRACON& Tower with Radar,27,94,43,40,204,0,0,26,1,27,27,94,69,41,231,24,20,44,275
08/05/2014,TYS,TN,ASO,ES,Combined TRACON& Tower with Radar,34,105,66,44,249,0,0,32,10,42,34,105,98,54,291,56,60,116,407
08/06/2014,TYS,TN,ASO,ES,Combined TRACON& Tower with Radar,35,103,69,60,267,0,0,25,9,34,35,103,94,69,301,2,64,66,367
08/07/2014,TYS,TN,ASO,ES,Combined TRACON& Tower with Radar,41,94,79,29,243,0,0,22,13,35,41,94,101,42,278,4,32,36,314
08/08/2014,TYS,TN,ASO,ES,Combined TRACON& Tower with Radar,35,91,63,6,195,0,0,3,0,3,35,91,66,6,198,0,10,10,208
08/09/2014,TYS,TN,ASO,ES,Combined TRACON& Tower with Radar,20,74,43,8,145,0,0,11,0,11,20,74,54,8,156,0,0,0,156
08/10/2014,TYS,TN,ASO,ES,Combined TRACON& Tower with Radar,29,89,30,18,166,0,0,11,0,11,29,89,41,18,177,24,8,32,209
08/11/2014,TYS,TN,ASO,ES,Combined TRACON& Tower with Radar,25,94,30,6,155,0,0,11,2,13,25,94,41,8,168,8,4,12,180
08/12/2014,TYS,TN,ASO,ES,Combined TRACON& Tower with Radar,34,95,53,56,238,0,0,8,4,12,34,95,61,60,250,40,14,54,304
08/13/2014,TYS,TN,ASO,ES,Combined TRACON& Tower with Radar,31,108,65,39,243,0,0,33,19,52,31,108,98,58,295,0,0,0,295
08/14/2014,TYS,TN,ASO,ES,Combined TRACON& Tower with Radar,37,101,84,99,321,0,0,43,22,65,37,101,127,121,386,52,28,80,466
08/15/2014,TYS,TN,ASO,ES,Combined TRACON& Tower with Radar,34,97,74,34,239,0,0,29,17,46,34,97,103,51,285,0,68,68,353
08/16/2014,TYS,TN,ASO,ES,Combined TRACON& Tower with Radar,16,67,45,19,147,0,1,35,5,41,16,68,80,24,188,0,0,0,188
08/17/2014,TYS,TN,ASO,ES,Combined TRACON& Tower with Radar,27,91,43,1,162,0,0,7,4,11,27,91,50,5,173,38,0,38,211
08/18/2014,TYS,TN,ASO,ES,Combined TRACON& Tower with Radar,25,94,30,2,151,0,0,9,4,13,25,94,39,6,164,6,0,6,170
08/19/2014,TYS,TN,ASO,ES,Combined TRACON& Tower with Radar,38,85,64,35,222,0,0,12,19,31,38,85,76,54,253,12,22,34,287
08/20/2014,TYS,TN,ASO,ES,Combined TRACON& Tower with Radar,38,78,76,26,218,0,0,12,7,19,38,78,88,33,237,0,34,34,271
08/21/2014,TYS,TN,ASO,ES,Combined TRACON& Tower with Radar,38,88,51,68,245,0,0,27,14,41,38,88,78,82,286,12,60,72,358
08/22/2014,TYS,TN,ASO,ES,Combined TRACON& Tower with Radar,39,90,80,131,340,0,0,46,9,55,39,90,126,140,395,2,42,44,439
08/23/2014,TYS,TN,ASO,ES,Combined TRACON& Tower with Radar,19,68,23,7,117,0,1,12,1,14,19,69,35,8,131,40,6,46,177
08/24/2014,TYS,TN,ASO,ES,Combined TRACON& Tower with Radar,30,92,43,31,196,0,2,24,0,26,30,94,67,31,222,0,8,8,230
08/25/2014,TYS,TN,ASO,ES,Combined TRACON& Tower with Radar,33,83,56,76,248,0,3,33,2,38,33,86,89,78,286,10,88,98,384
08/26/2014,TYS,TN,ASO,ES,Combined TRACON& Tower with Radar,36,94,73,54,257,0,0,39,8,47,36,94,112,62,304,52,44,96,400
08/27/2014,TYS,TN,ASO,ES,Combined TRACON& Tower with Radar,40,91,85,47,263,0,1,27,11,39,40,92,112,58,302,14,40,54,356
08/28/2014,TYS,TN,ASO,ES,Combined TRACON& Tower with Radar,46,92,51,46,235,0,1,36,14,51,46,93,87,60,286,10,30,40,326
08/29/2014,TYS,TN,ASO,ES,Combined TRACON& Tower with Radar,38,84,64,23,209,0,0,40,0,40,38,84,104,23,249,8,0,8,257
08/30/2014,TYS,TN,ASO,ES,Combined TRACON& Tower with Radar,16,64,17,1,98,0,0,19,0,19,16,64,36,1,117,0,0,0,117
08/31/2014,TYS,TN,ASO,ES,Combined TRACON& Tower with Radar,24,60,30,0,114,0,0,1,0,1,24,60,31,0,115,24,0,24,139
09/01/2014,TYS,TN,ASO,ES,Combined TRACON& Tower with Radar,32,76,46,0,154,0,1,24,0,25,32,77,70,0,179,64,0,64,243
09/02/2014,TYS,TN,ASO,ES,Combined TRACON& Tower with Radar,32,87,44,9,172,0,0,31,2,33,32,87,75,11,205,50,0,50,255
09/03/2014,TYS,TN,ASO,ES,Combined TRACON& Tower with Radar,40,83,79,36,238,0,0,13,8,21,40,83,92,44,259,0,18,18,277
09/04/2014,TYS,TN,ASO,ES,Combined TRACON& Tower with Radar,43,77,71,18,209,0,0,19,10,29,43,77,90,28,238,20,2,22,260
09/05/2014,TYS,TN,ASO,ES,Combined TRACON& Tower with Radar,33,85,77,38,233,0,0,14,13,27,33,85,91,51,260,10,20,30,290
09/06/2014,TYS,TN,ASO,ES,Combined TRACON& Tower with Radar,15,64,42,6,127,0,0,11,4,15,15,64,53,10,142,22,34,56,198
09/07/2014,TYS,TN,ASO,ES,Combined TRACON& Tower with Radar,31,83,57,18,189,0,0,21,8,29,31,83,78,26,218,2,14,16,234
09/08/2014,TYS,TN,ASO,ES,Combined TRACON& Tower with Radar,29,84,60,35,208,0,0,9,11,20,29,84,69,46,228,24,12,36,264
09/09/2014,TYS,TN,ASO,ES,Combined TRACON& Tower with Radar,31,87,46,55,219,0,0,20,14,34,31,87,66,69,253,6,48,54,307
09/10/2014,TYS,TN,ASO,ES,Combined TRACON& Tower with Radar,37,89,60,34,220,0,0,31,5,36,37,89,91,39,256,14,12,26,282
09/11/2014,TYS,TN,ASO,ES,Combined TRACON& Tower with Radar,45,96,70,19,230,0,0,12,5,17,45,96,82,24,247,6,22,28,275
09/12/2014,TYS,TN,ASO,ES,Combined TRACON& Tower with Radar,38,94,81,58,271,0,0,16,15,31,38,94,97,73,302,20,28,48,350
09/13/2014,TYS,TN,ASO,ES,Combined TRACON& Tower with Radar,17,59,39,15,130,0,0,11,25,36,17,59,50,40,166,0,0,0,166
09/14/2014,TYS,TN,ASO,ES,Combined TRACON& Tower with Radar,35,81,74,26,216,0,0,39,12,51,35,81,113,38,267,10,48,58,325
09/15/2014,TYS,TN,ASO,ES,Combined TRACON& Tower with Radar,28,86,47,10,171,0,0,9,16,25,28,86,56,26,196,8,2,10,206
09/16/2014,TYS,TN,ASO,ES,Combined TRACON& Tower with Radar,30,90,87,73,280,0,0,19,25,44,30,90,106,98,324,10,80,90,414
09/17/2014,TYS,TN,ASO,ES,Combined TRACON& Tower with Radar,38,107,93,58,296,0,0,46,28,74,38,107,139,86,370,50,0,50,420
09/18/2014,TYS,TN,ASO,ES,Combined TRACON& Tower with Radar,36,108,76,77,297,0,0,44,27,71,36,108,120,104,368,48,8,56,424
09/19/2014,TYS,TN,ASO,ES,Combined TRACON& Tower with Radar,35,101,99,54,289,0,0,29,27,56,35,101,128,81,345,16,36,52,397
09/20/2014,TYS,TN,ASO,ES,Combined TRACON& Tower with Radar,16,65,54,52,187,0,0,41,3,44,16,65,95,55,231,0,0,0,231
09/21/2014,TYS,TN,ASO,ES,Combined TRACON& Tower with Radar,28,83,53,37,201,0,0,17,19,36,28,83,70,56,237,8,0,8,245
09/22/2014,TYS,TN,ASO,ES,Combined TRACON& Tower with Radar,26,97,49,38,210,0,0,34,20,54,26,97,83,58,264,0,42,42,306
09/23/2014,TYS,TN,ASO,ES,Combined TRACON& Tower with Radar,31,85,58,69,243,0,18,30,30,78,31,103,88,99,321,66,10,76,397
09/24/2014,TYS,TN,ASO,ES,Combined TRACON& Tower with Radar,42,95,73,79,289,0,0,36,19,55,42,95,109,98,344,42,44,86,430
09/25/2014,TYS,TN,ASO,ES,Combined TRACON& Tower with Radar,37,85,88,57,267,0,0,45,9,54,37,85,133,66,321,12,56,68,389
09/26/2014,TYS,TN,ASO,ES,Combined TRACON& Tower with Radar,36,81,83,50,250,0,0,29,20,49,36,81,112,70,299,16,48,64,363
09/27/2014,TYS,TN,ASO,ES,Combined TRACON& Tower with Radar,18,52,55,18,143,0,0,13,32,45,18,52,68,50,188,22,150,172,360
09/28/2014,TYS,TN,ASO,ES,Combined TRACON& Tower with Radar,30,74,44,12,160,0,0,17,23,40,30,74,61,35,200,9,0,9,209
09/29/2014,TYS,TN,ASO,ES,Combined TRACON& Tower with Radar,26,85,67,18,196,0,0,14,8,22,26,85,81,26,218,12,6,18,236
09/30/2014,TYS,TN,ASO,ES,Combined TRACON& Tower with Radar,30,87,60,22,199,0,0,16,9,25,30,87,76,31,224,16,8,24,248
10/01/2014,TYS,TN,ASO,ES,Combined TRACON& Tower with Radar,43,77,66,70,256,0,0,43,8,51,43,77,109,78,307,32,12,44,351
10/02/2014,TYS,TN,ASO,ES,Combined TRACON& Tower with Radar,45,100,81,78,304,0,2,50,5,57,45,102,131,83,361,16,56,72,433
10/03/2014,TYS,TN,ASO,ES,Combined TRACON& Tower with Radar,42,82,64,43,231,0,0,9,1,10,42,82,73,44,241,18,0,18,259
10/04/2014,TYS,TN,ASO,ES,Combined TRACON& Tower with Radar,19,60,74,15,168,0,2,16,0,18,19,62,90,15,186,6,24,30,216
10/05/2014,TYS,TN,ASO,ES,Combined TRACON& Tower with Radar,33,86,59,7,185,0,0,35,1,36,33,86,94,8,221,6,0,6,227
10/06/2014,TYS,TN,ASO,ES,Combined TRACON& Tower with Radar,29,79,63,23,194,0,0,11,2,13,29,79,74,25,207,0,8,8,215
10/07/2014,TYS,TN,ASO,ES,Combined TRACON& Tower with Radar,41,76,50,30,197,0,0,10,4,14,41,76,60,34,211,0,28,28,239
10/08/2014,TYS,TN,ASO,ES,Combined TRACON& Tower with Radar,35,79,68,29,211,0,0,30,2,32,35,79,98,31,243,42,34,76,319
10/09/2014,TYS,TN,ASO,ES,Combined TRACON& Tower with Radar,43,93,50,56,242,0,1,21,9,31,43,94,71,65,273,24,12,36,309
10/10/2014,TYS,TN,ASO,ES,Combined TRACON& Tower with Radar,40,104,68,16,228,0,0,4,0,4,40,104,72,16,232,6,0,6,238
10/11/2014,TYS,TN,ASO,ES,Combined TRACON& Tower with Radar,20,62,31,0,113,0,0,3,0,3,20,62,34,0,116,0,0,0,116
10/12/2014,TYS,TN,ASO,ES,Combined TRACON& Tower with Radar,33,81,40,0,154,0,0,1,0,1,33,81,41,0,155,0,0,0,155
10/13/2014,TYS,TN,ASO,ES,Combined TRACON& Tower with Radar,36,87,54,2,179,0,0,11,0,11,36,87,65,2,190,0,0,0,190
10/14/2014,TYS,TN,ASO,ES,Combined TRACON& Tower with Radar,37,84,35,3,159,0,0,6,0,6,37,84,41,3,165,0,0,0,165
10/15/2014,TYS,TN,ASO,ES,Combined TRACON& Tower with Radar,38,77,95,24,234,0,0,11,0,11,38,77,106,24,245,24,22,46,291
10/16/2014,TYS,TN,ASO,ES,Combined TRACON& Tower with Radar,45,108,86,40,279,0,2,12,11,25,45,110,98,51,304,22,18,40,344
10/17/2014,TYS,TN,ASO,ES,Combined TRACON& Tower with Radar,41,94,73,43,251,0,0,25,8,33,41,94,98,51,284,14,42,56,340
10/18/2014,TYS,TN,ASO,ES,Combined TRACON& Tower with Radar,21,58,41,12,132,0,0,24,7,31,21,58,65,19,163,20,42,62,225
10/19/2014,TYS,TN,ASO,ES,Combined TRACON& Tower with Radar,37,89,75,22,223,0,1,26,3,30,37,90,101,25,253,24,0,24,277
10/20/2014,TYS,TN,ASO,ES,Combined TRACON& Tower with Radar,37,84,48,30,199,0,0,15,1,16,37,84,63,31,215,0,4,4,219
10/21/2014,TYS,TN,ASO,ES,Combined TRACON& Tower with Radar,41,87,69,54,251,0,2,29,2,33,41,89,98,56,284,0,26,26,310
10/22/2014,TYS,TN,ASO,ES,Combined TRACON& Tower with Radar,38,94,63,65,260,0,0,28,1,29,38,94,91,66,289,20,76,96,385
10/23/2014,TYS,TN,ASO,ES,Combined TRACON& Tower with Radar,40,110,71,54,275,0,1,23,7,31,40,111,94,61,306,28,36,64,370
10/24/2014,TYS,TN,ASO,ES,Combined TRACON& Tower with Radar,44,96,90,66,296,0,0,41,8,49,44,96,131,74,345,10,38,48,393
10/25/2014,TYS,TN,ASO,ES,Combined TRACON& Tower with Radar,21,65,84,14,184,0,0,29,0,29,21,65,113,14,213,0,0,0,213
10/26/2014,TYS,TN,ASO,ES,Combined TRACON& Tower with Radar,36,88,113,36,273,0,0,44,2,46,36,88,157,38,319,38,30,68,387
10/27/2014,TYS,TN,ASO,ES,Combined TRACON& Tower with Radar,36,83,81,9,209,0,0,28,0,28,36,83,109,9,237,4,0,4,241
10/28/2014,TYS,TN,ASO,ES,Combined TRACON& Tower with Radar,40,85,70,56,251,0,0,20,6,26,40,85,90,62,277,2,48,50,327
10/29/2014,TYS,TN,ASO,ES,Combined TRACON& Tower with Radar,35,84,88,42,249,0,0,22,0,22,35,84,110,42,271,16,8,24,295
10/30/2014,TYS,TN,ASO,ES,Combined TRACON& Tower with Radar,40,91,72,62,265,0,0,47,15,62,40,91,119,77,327,28,58,86,413
10/31/2014,TYS,TN,ASO,ES,Combined TRACON& Tower with Radar,41,74,55,23,193,0,0,11,2,13,41,74,66,25,206,18,22,40,246
11/01/2014,TYS,TN,ASO,ES,Combined TRACON& Tower with Radar,20,57,23,1,101,0,0,3,6,9,20,57,26,7,110,0,0,0,110
11/02/2014,TYS,TN,ASO,ES,Combined TRACON& Tower with Radar,31,79,66,9,185,0,0,42,4,46,31,79,108,13,231,24,56,80,311
11/03/2014,TYS,TN,ASO,ES,Combined TRACON& Tower with Radar,34,94,55,44,227,0,0,25,1,26,34,94,80,45,253,0,66,66,319
11/04/2014,TYS,TN,ASO,ES,Combined TRACON& Tower with Radar,35,84,78,49,246,0,0,40,10,50,35,84,118,59,296,28,40,68,364
11/05/2014,TYS,TN,ASO,ES,Combined TRACON& Tower with Radar,41,76,72,17,206,0,0,4,0,4,41,76,76,17,210,0,10,10,220
11/06/2014,TYS,TN,ASO,ES,Combined TRACON& Tower with Radar,39,106,85,17,247,0,1,12,7,20,39,107,97,24,267,2,6,8,275
11/07/2014,TYS,TN,ASO,ES,Combined TRACON& Tower with Radar,38,92,84,25,239,0,0,24,1,25,38,92,108,26,264,24,38,62,326
11/08/2014,TYS,TN,ASO,ES,Combined TRACON& Tower with Radar,24,58,30,16,128,0,0,18,9,27,24,58,48,25,155,10,16,26,181
11/09/2014,TYS,TN,ASO,ES,Combined TRACON& Tower with Radar,28,99,49,4,180,0,0,24,6,30,28,99,73,10,210,6,44,50,260
11/10/2014,TYS,TN,ASO,ES,Combined TRACON& Tower with Radar,34,94,66,11,205,0,1,32,0,33,34,95,98,11,238,16,12,28,266
11/11/2014,TYS,TN,ASO,ES,Combined TRACON& Tower with Radar,36,87,65,2,190,0,0,26,0,26,36,87,91,2,216,34,0,34,250
11/12/2014,TYS,TN,ASO,ES,Combined TRACON& Tower with Radar,36,88,74,15,213,0,0,5,4,9,36,88,79,19,222,24,20,44,266
11/13/2014,TYS,TN,ASO,ES,Combined TRACON& Tower with Radar,35,96,72,35,238,0,0,3,9,12,35,96,75,44,250,0,52,52,302
11/14/2014,TYS,TN,ASO,ES,Combined TRACON& Tower with Radar,38,98,68,48,252,0,0,22,5,27,38,98,90,53,279,0,42,42,321
11/15/2014,TYS,TN,ASO,ES,Combined TRACON& Tower with Radar,24,56,64,17,161,0,0,20,0,20,24,56,84,17,181,36,42,78,259
11/16/2014,TYS,TN,ASO,ES,Combined TRACON& Tower with Radar,29,91,42,0,162,0,0,3,0,3,29,91,45,0,165,4,0,4,169
11/17/2014,TYS,TN,ASO,ES,Combined TRACON& Tower with Radar,34,88,34,6,162,0,0,2,0,2,34,88,36,6,164,4,0,4,168
11/18/2014,TYS,TN,ASO,ES,Combined TRACON& Tower with Radar,37,91,71,22,221,0,0,25,3,28,37,91,96,25,249,0,2,2,251
11/19/2014,TYS,TN,ASO,ES,Combined TRACON& Tower with Radar,36,90,75,39,240,0,0,30,5,35,36,90,105,44,275,16,40,56,331
11/20/2014,TYS,TN,ASO,ES,Combined TRACON& Tower with Radar,38,92,69,52,251,0,0,28,15,43,38,92,97,67,294,0,76,76,370
11/21/2014,TYS,TN,ASO,ES,Combined TRACON& Tower with Radar,39,97,56,35,227,0,0,44,6,50,39,97,100,41,277,8,54,62,339
11/22/2014,TYS,TN,ASO,ES,Combined TRACON& Tower with Radar,24,61,68,5,158,0,0,25,4,29,24,61,93,9,187,26,6,32,219
11/23/2014,TYS,TN,ASO,ES,Combined TRACON& Tower with Radar,28,86,49,10,173,0,0,3,0,3,28,86,52,10,176,8,0,8,184
11/24/2014,TYS,TN,ASO,ES,Combined TRACON& Tower with Radar,29,69,38,37,173,0,0,14,2,16,29,69,52,39,189,0,31,31,220
11/25/2014,TYS,TN,ASO,ES,Combined TRACON& Tower with Radar,45,89,84,61,279,0,0,41,6,47,45,89,125,67,326,56,104,160,486
11/26/2014,TYS,TN,ASO,ES,Combined TRACON& Tower with Radar,44,94,57,16,211,0,4,19,2,25,44,98,76,18,236,4,40,44,280
11/27/2014,TYS,TN,ASO,ES,Combined TRACON& Tower with Radar,21,38,15,0,74,0,2,5,0,7,21,40,20,0,81,0,0,0,81
11/28/2014,TYS,TN,ASO,ES,Combined TRACON& Tower with Radar,33,51,31,1,116,0,0,22,0,22,33,51,53,1,138,6,0,6,144
11/29/2014,TYS,TN,ASO,ES,Combined TRACON& Tower with Radar,29,84,53,0,166,0,0,12,0,12,29,84,65,0,178,0,0,0,178
11/30/2014,TYS,TN,ASO,ES,Combined TRACON& Tower with Radar,34,99,73,0,206,0,0,13,0,13,34,99,86,0,219,0,0,0,219
12/01/2014,TYS,TN,ASO,ES,Combined TRACON& Tower with Radar,33,98,51,15,197,0,0,9,0,9,33,98,60,15,206,0,0,0,206
12/02/2014,TYS,TN,ASO,ES,Combined TRACON& Tower with Radar,32,87,60,65,244,0,0,6,0,6,32,87,66,65,250,0,22,22,272
12/03/2014,TYS,TN,ASO,ES,Combined TRACON& Tower with Radar,33,79,58,40,210,0,0,7,4,11,33,79,65,44,221,0,0,0,221
12/04/2014,TYS,TN,ASO,ES,Combined TRACON& Tower with Radar,39,90,63,58,250,0,0,14,8,22,39,90,77,66,272,16,74,90,362
12/05/2014,TYS,TN,ASO,ES,Combined TRACON& Tower with Radar,35,93,48,32,208,0,0,20,8,28,35,93,68,40,236,0,0,0,236
12/06/2014,TYS,TN,ASO,ES,Combined TRACON& Tower with Radar,19,64,21,2,106,0,0,0,4,4,19,64,21,6,110,0,0,0,110
12/07/2014,TYS,TN,ASO,ES,Combined TRACON& Tower with Radar,25,71,35,0,131,0,0,33,12,45,25,71,68,12,176,58,10,68,244
12/08/2014,TYS,TN,ASO,ES,Combined TRACON& Tower with Radar,29,85,59,10,183,0,1,28,3,32,29,86,87,13,215,38,0,38,253
12/09/2014,TYS,TN,ASO,ES,Combined TRACON& Tower with Radar,32,69,63,29,193,0,0,11,6,17,32,69,74,35,210,2,18,20,230
12/10/2014,TYS,TN,ASO,ES,Combined TRACON& Tower with Radar,36,85,66,59,246,0,0,17,4,21,36,85,83,63,267,30,112,142,409
12/11/2014,TYS,TN,ASO,ES,Combined TRACON& Tower with Radar,36,78,92,47,253,0,1,38,14,53,36,79,130,61,306,34,42,76,382
12/12/2014,TYS,TN,ASO,ES,Combined TRACON& Tower with Radar,35,83,73,46,237,0,0,32,11,43,35,83,105,57,280,0,0,0,280
12/13/2014,TYS,TN,ASO,ES,Combined TRACON& Tower with Radar,19,62,24,0,105,0,0,15,1,16,19,62,39,1,121,46,50,96,217
12/14/2014,TYS,TN,ASO,ES,Combined TRACON& Tower with Radar,23,85,55,35,198,0,0,12,3,15,23,85,67,38,213,20,0,20,233
12/15/2014,TYS,TN,ASO,ES,Combined TRACON& Tower with Radar,31,80,81,7,199,0,0,15,0,15,31,80,96,7,214,0,0,0,214
12/16/2014,TYS,TN,ASO,ES,Combined TRACON& Tower with Radar,34,82,72,63,251,0,0,6,0,6,34,82,78,63,257,0,40,40,297
12/17/2014,TYS,TN,ASO,ES,Combined TRACON& Tower with Radar,36,84,63,41,224,0,0,12,6,18,36,84,75,47,242,0,32,32,274
12/18/2014,TYS,TN,ASO,ES,Combined TRACON& Tower with Radar,34,89,62,54,239,0,2,16,2,20,34,91,78,56,259,2,68,70,329
12/19/2014,TYS,TN,ASO,ES,Combined TRACON& Tower with Radar,38,101,51,15,205,0,0,25,0,25,38,101,76,15,230,10,64,74,304
12/20/2014,TYS,TN,ASO,ES,Combined TRACON& Tower with Radar,33,69,24,0,126,0,0,5,0,5,33,69,29,0,131,0,0,0,131
12/21/2014,TYS,TN,ASO,ES,Combined TRACON& Tower with Radar,29,77,43,0,149,0,0,4,0,4,29,77,47,0,153,0,0,0,153
12/22/2014,TYS,TN,ASO,ES,Combined TRACON& Tower with Radar,36,84,41,30,191,0,0,18,2,20,36,84,59,32,211,26,46,72,283
12/23/2014,TYS,TN,ASO,ES,Combined TRACON& Tower with Radar,39,86,35,2,162,0,0,0,0,0,39,86,35,2,162,0,0,0,162
12/24/2014,TYS,TN,ASO,ES,Combined TRACON& Tower with Radar,34,64,19,0,117,0,0,0,0,0,34,64,19,0,117,0,0,0,117
12/25/2014,TYS,TN,ASO,ES,Combined TRACON& Tower with Radar,24,60,7,0,91,0,1,11,0,12,24,61,18,0,103,0,0,0,103
12/26/2014,TYS,TN,ASO,ES,Combined TRACON& Tower with Radar,35,92,42,7,176,0,0,26,0,26,35,92,68,7,202,20,6,26,228
12/27/2014,TYS,TN,ASO,ES,Combined TRACON& Tower with Radar,22,80,44,0,146,0,0,21,0,21,22,80,65,0,167,0,0,0,167
12/28/2014,TYS,TN,ASO,ES,Combined TRACON& Tower with Radar,29,87,19,1,136,0,0,0,0,0,29,87,19,1,136,0,0,0,136
12/29/2014,TYS,TN,ASO,ES,Combined TRACON& Tower with Radar,27,84,25,4,140,0,0,0,0,0,27,84,25,4,140,0,0,0,140
12/30/2014,TYS,TN,ASO,ES,Combined TRACON& Tower with Radar,35,92,37,27,191,0,0,11,0,11,35,92,48,27,202,0,0,0,202
12/31/2014,TYS,TN,ASO,ES,Combined TRACON& Tower with Radar,25,65,25,0,115,0,0,41,0,41,25,65,66,0,156,14,0,14,170
01/01/2015,TYS,TN,ASO,ES,Combined TRACON& Tower with Radar,19,69,23,0,111,0,0,12,0,12,19,69,35,0,123,38,0,38,161
01/02/2015,TYS,TN,ASO,ES,Combined TRACON& Tower with Radar,34,83,50,0,167,0,0,0,0,0,34,83,50,0,167,4,0,4,171
01/03/2015,TYS,TN,ASO,ES,Combined TRACON& Tower with Radar,22,72,36,0,130,0,0,4,0,4,22,72,40,0,134,0,0,0,134
01/04/2015,TYS,TN,ASO,ES,Combined TRACON& Tower with Radar,31,85,34,2,152,0,0,0,0,0,31,85,34,2,152,0,0,0,152
01/05/2015,TYS,TN,ASO,ES,Combined TRACON& Tower with Radar,30,87,44,12,173,0,0,27,1,28,30,87,71,13,201,32,22,54,255
01/06/2015,TYS,TN,ASO,ES,Combined TRACON& Tower with Radar,30,76,62,89,257,0,0,26,4,30,30,76,88,93,287,64,94,158,445
01/07/2015,TYS,TN,ASO,ES,Combined TRACON& Tower with Radar,28,81,40,18,167,0,1,5,8,14,28,82,45,26,181,0,104,104,285
01/08/2015,TYS,TN,ASO,ES,Combined TRACON& Tower with Radar,27,104,46,60,237,0,0,18,8,26,27,104,64,68,263,0,84,84,347
01/09/2015,TYS,TN,ASO,ES,Combined TRACON& Tower with Radar,32,78,47,6,163,0,0,9,5,14,32,78,56,11,177,4,0,4,181
01/10/2015,TYS,TN,ASO,ES,Combined TRACON& Tower with Radar,17,61,32,58,168,0,1,30,14,45,17,62,62,72,213,6,134,140,353
01/11/2015,TYS,TN,ASO,ES,Combined TRACON& Tower with Radar,20,66,20,8,114,0,0,18,7,25,20,66,38,15,139,8,32,40,179
01/12/2015,TYS,TN,ASO,ES,Combined TRACON& Tower with Radar,27,80,31,1,139,0,0,0,0,0,27,80,31,1,139,0,0,0,139
01/13/2015,TYS,TN,ASO,ES,Combined TRACON& Tower with Radar,27,85,39,27,178,0,0,4,0,4,27,85,43,27,182,0,12,12,194
01/14/2015,TYS,TN,ASO,ES,Combined TRACON& Tower with Radar,30,76,46,26,178,0,0,4,2,6,30,76,50,28,184,0,22,22,206
01/15/2015,TYS,TN,ASO,ES,Combined TRACON& Tower with Radar,31,80,63,67,241,0,0,9,11,20,31,80,72,78,261,6,122,128,389
01/16/2015,TYS,TN,ASO,ES,Combined TRACON& Tower with Radar,33,85,60,88,266,0,0,57,10,67,33,85,117,98,333,46,30,76,409
01/17/2015,TYS,TN,ASO,ES,Combined TRACON& Tower with Radar,18,54,37,3,112,0,0,17,2,19,18,54,54,5,131,8,0,8,139
01/18/2015,TYS,TN,ASO,ES,Combined TRACON& Tower with Radar,19,71,19,1,110,0,0,13,0,13,19,71,32,1,123,0,0,0,123
01/19/2015,TYS,TN,ASO,ES,Combined TRACON& Tower with Radar,29,77,43,4,153,0,0,24,0,24,29,77,67,4,177,26,0,26,203
01/20/2015,TYS,TN,ASO,ES,Combined TRACON& Tower with Radar,26,76,51,55,208,0,0,30,7,37,26,76,81,62,245,14,46,60,305
01/21/2015,TYS,TN,ASO,ES,Combined TRACON& Tower with Radar,32,83,58,43,216,0,1,28,11,40,32,84,86,54,256,36,42,78,334
01/22/2015,TYS,TN,ASO,ES,Combined TRACON& Tower with Radar,28,90,75,73,266,0,0,28,18,46,28,90,103,91,312,18,94,112,424
01/23/2015,TYS,TN,ASO,ES,Combined TRACON& Tower with Radar,35,87,48,7,177,0,0,0,0,0,35,87,48,7,177,0,2,2,179
01/24/2015,TYS,TN,ASO,ES,Combined TRACON& Tower with Radar,17,61,18,1,97,0,1,12,23,36,17,62,30,24,133,0,40,40,173
01/25/2015,TYS,TN,ASO,ES,Combined TRACON& Tower with Radar,21,73,30,4,128,0,0,19,11,30,21,73,49,15,158,6,2,8,166
01/26/2015,TYS,TN,ASO,ES,Combined TRACON& Tower with Radar,31,73,42,10,156,0,0,7,0,7,31,73,49,10,163,0,0,0,163
01/27/2015,TYS,TN,ASO,ES,Combined TRACON& Tower with Radar,26,74,57,27,184,0,0,5,0,5,26,74,62,27,189,0,28,28,217
01/28/2015,TYS,TN,ASO,ES,Combined TRACON& Tower with Radar,28,76,68,17,189,0,0,38,6,44,28,76,106,23,233,24,36,60,293
01/29/2015,TYS,TN,ASO,ES,Combined TRACON& Tower with Radar,28,82,61,29,200,0,0,21,11,32,28,82,82,40,232,72,52,124,356
01/30/2015,TYS,TN,ASO,ES,Combined TRACON& Tower with Radar,32,86,68,28,214,0,1,22,10,33,32,87,90,38,247,0,74,74,321
01/31/2015,TYS,TN,ASO,ES,Combined TRACON& Tower with Radar,15,55,37,0,107,0,0,24,2,26,15,55,61,2,133,20,0,20,153
02/01/2015,TYS,TN,ASO,ES,Combined TRACON& Tower with Radar,19,58,19,2,98,0,0,5,0,5,19,58,24,2,103,0,0,0,103
02/02/2015,TYS,TN,ASO,ES,Combined TRACON& Tower with Radar,23,68,33,0,124,0,0,7,0,7,23,68,40,0,131,0,0,0,131
02/03/2015,TYS,TN,ASO,ES,Combined TRACON& Tower with Radar,25,88,61,50,224,0,0,40,7,47,25,88,101,57,271,68,100,168,439
02/04/2015,TYS,TN,ASO,ES,Combined TRACON& Tower with Radar,30,94,59,97,280,0,0,30,10,40,30,94,89,107,320,46,54,100,420
02/05/2015,TYS,TN,ASO,ES,Combined TRACON& Tower with Radar,28,95,40,19,182,0,0,21,13,34,28,95,61,32,216,2,34,36,252
02/06/2015,TYS,TN,ASO,ES,Combined TRACON& Tower with Radar,32,93,50,37,212,0,1,32,18,51,32,94,82,55,263,14,56,70,333
02/07/2015,TYS,TN,ASO,ES,Combined TRACON& Tower with Radar,18,58,21,2,99,0,1,23,12,36,18,59,44,14,135,0,0,0,135
02/08/2015,TYS,TN,ASO,ES,Combined TRACON& Tower with Radar,19,73,30,20,142,0,1,5,11,17,19,74,35,31,159,0,38,38,197
02/09/2015,TYS,TN,ASO,ES,Combined TRACON& Tower with Radar,26,74,44,8,152,0,1,0,0,1,26,75,44,8,153,0,0,0,153
02/10/2015,TYS,TN,ASO,ES,Combined TRACON& Tower with Radar,29,82,40,37,188,0,0,7,2,9,29,82,47,39,197,0,54,54,251
02/11/2015,TYS,TN,ASO,ES,Combined TRACON& Tower with Radar,29,82,57,41,209,0,0,26,4,30,29,82,83,45,239,66,66,132,371
02/12/2015,TYS,TN,ASO,ES,Combined TRACON& Tower with Radar,26,91,49,27,193,0,0,13,10,23,26,91,62,37,216,12,18,30,246
02/13/2015,TYS,TN,ASO,ES,Combined TRACON& Tower with Radar,21,98,66,17,202,0,0,41,3,44,21,98,107,20,246,6,42,48,294
02/14/2015,TYS,TN,ASO,ES,Combined TRACON& Tower with Radar,19,58,19,10,106,0,1,14,0,15,19,59,33,10,121,2,0,2,123
02/15/2015,TYS,TN,ASO,ES,Combined TRACON& Tower with Radar,22,78,48,11,159,0,0,16,0,16,22,78,64,11,175,16,14,30,205
02/16/2015,TYS,TN,ASO,ES,Combined TRACON& Tower with Radar,10,30,20,0,60,0,0,0,0,0,10,30,20,0,60,0,0,0,60
02/17/2015,TYS,TN,ASO,ES,Combined TRACON& Tower with Radar,14,67,40,2,123,0,0,5,0,5,14,67,45,2,128,0,0,0,128
02/18/2015,TYS,TN,ASO,ES,Combined TRACON& Tower with Radar,33,104,37,0,174,0,0,2,1,3,33,104,39,1,177,0,0,0,177
02/19/2015,TYS,TN,ASO,ES,Combined TRACON& Tower with Radar,26,86,56,10,178,1,0,3,2,6,27,86,59,12,184,0,10,10,194
02/20/2015,TYS,TN,ASO,ES,Combined TRACON& Tower with Radar,21,94,27,7,149,0,0,11,5,16,21,94,38,12,165,16,10,26,191
02/21/2015,TYS,TN,ASO,ES,Combined TRACON& Tower with Radar,12,58,15,0,85,0,0,0,0,0,12,58,15,0,85,0,0,0,85
02/22/2015,TYS,TN,ASO,ES,Combined TRACON& Tower with Radar,16,78,46,3,143,0,0,0,0,0,16,78,46,3,143,0,0,0,143
02/23/2015,TYS,TN,ASO,ES,Combined TRACON& Tower with Radar,18,85,43,10,156,0,0,6,0,6,18,85,49,10,162,0,8,8,170
02/24/2015,TYS,TN,ASO,ES,Combined TRACON& Tower with Radar,20,86,59,2,167,0,0,2,0,2,20,86,61,2,169,0,0,0,169
02/25/2015,TYS,TN,ASO,ES,Combined TRACON& Tower with Radar,16,82,79,45,222,0,0,15,5,20,16,82,94,50,242,16,42,58,300
02/26/2015,TYS,TN,ASO,ES,Combined TRACON& Tower with Radar,24,89,45,18,176,0,0,9,0,9,24,89,54,18,185,4,24,28,213
02/27/2015,TYS,TN,ASO,ES,Combined TRACON& Tower with Radar,24,92,75,49,240,0,0,16,2,18,24,92,91,51,258,32,42,74,332
02/28/2015,TYS,TN,ASO,ES,Combined TRACON& Tower with Radar,14,52,27,4,97,0,0,30,0,30,14,52,57,4,127,48,0,48,175
03/01/2015,TYS,TN,ASO,ES,Combined TRACON& Tower with Radar,19,74,43,0,136,0,0,6,0,6,19,74,49,0,142,10,0,10,152
03/02/2015,TYS,TN,ASO,ES,Combined TRACON& Tower with Radar,31,92,34,19,176,0,0,8,3,11,31,92,42,22,187,16,32,48,235
03/03/2015,TYS,TN,ASO,ES,Combined TRACON& Tower with Radar,24,82,60,53,219,0,0,9,0,9,24,82,69,53,228,8,72,80,308
03/04/2015,TYS,TN,ASO,ES,Combined TRACON& Tower with Radar,28,84,75,20,207,0,0,1,7,8,28,84,76,27,215,0,22,22,237
03/05/2015,TYS,TN,ASO,ES,Combined TRACON& Tower with Radar,26,79,24,2,131,0,0,0,0,0,26,79,24,2,131,0,0,0,131
03/06/2015,TYS,TN,ASO,ES,Combined TRACON& Tower with Radar,29,90,75,62,256,0,0,41,2,43,29,90,116,64,299,42,91,133,432
03/07/2015,TYS,TN,ASO,ES,Combined TRACON& Tower with Radar,21,58,46,14,139,0,0,33,4,37,21,58,79,18,176,30,52,82,258
03/08/2015,TYS,TN,ASO,ES,Combined TRACON& Tower with Radar,23,85,56,3,167,0,0,49,0,49,23,85,105,3,216,36,0,36,252
03/09/2015,TYS,TN,ASO,ES,Combined TRACON& Tower with Radar,22,97,50,26,195,0,0,19,2,21,22,97,69,28,216,0,36,36,252
03/10/2015,TYS,TN,ASO,ES,Combined TRACON& Tower with Radar,24,93,75,45,237,0,0,11,8,19,24,93,86,53,256,0,42,42,298
03/11/2015,TYS,TN,ASO,ES,Combined TRACON& Tower with Radar,28,103,67,30,228,0,0,3,0,3,28,103,70,30,231,2,50,52,283
03/12/2015,TYS,TN,ASO,ES,Combined TRACON& Tower with Radar,26,107,82,77,292,0,1,36,20,57,26,108,118,97,349,20,106,126,475
03/13/2015,TYS,TN,ASO,ES,Combined TRACON& Tower with Radar,26,99,56,34,215,0,0,1,0,1,26,99,57,34,216,0,0,0,216
03/14/2015,TYS,TN,ASO,ES,Combined TRACON& Tower with Radar,27,72,46,3,148,0,0,0,0,0,27,72,46,3,148,0,0,0,148
03/15/2015,TYS,TN,ASO,ES,Combined TRACON& Tower with Radar,20,87,41,8,156,0,0,34,25,59,20,87,75,33,215,42,16,58,273
03/16/2015,TYS,TN,ASO,ES,Combined TRACON& Tower with Radar,21,91,49,15,176,0,2,40,16,58,21,93,89,31,234,62,58,120,354
03/17/2015,TYS,TN,ASO,ES,Combined TRACON& Tower with Radar,25,85,39,45,194,0,0,22,15,37,25,85,61,60,231,22,86,108,339
03/18/2015,TYS,TN,ASO,ES,Combined TRACON& Tower with Radar,31,91,68,39,229,0,1,27,11,39,31,92,95,50,268,0,78,78,346
03/19/2015,TYS,TN,ASO,ES,Combined TRACON& Tower with Radar,30,101,49,36,216,0,0,0,0,0,30,101,49,36,216,0,0,0,216
03/20/2015,TYS,TN,ASO,ES,Combined TRACON& Tower with Radar,26,80,31,19,156,0,0,0,0,0,26,80,31,19,156,0,0,0,156
03/21/2015,TYS,TN,ASO,ES,Combined TRACON& Tower with Radar,27,63,44,10,144,0,0,25,23,48,27,63,69,33,192,14,38,52,244
03/22/2015,TYS,TN,ASO,ES,Combined TRACON& Tower with Radar,24,79,64,5,172,0,0,22,21,43,24,79,86,26,215,8,8,16,231
03/23/2015,TYS,TN,ASO,ES,Combined TRACON& Tower with Radar,25,87,64,32,208,0,0,29,21,50,25,87,93,53,258,26,0,26,284
03/24/2015,TYS,TN,ASO,ES,Combined TRACON& Tower with Radar,26,88,62,76,252,0,0,33,23,56,26,88,95,99,308,22,70,92,400
03/25/2015,TYS,TN,ASO,ES,Combined TRACON& Tower with Radar,30,89,77,58,254,0,0,25,12,37,30,89,102,70,291,54,80,134,425
03/26/2015,TYS,TN,ASO,ES,Combined TRACON& Tower with Radar,31,88,53,5,177,0,1,6,10,17,31,89,59,15,194,0,0,0,194
03/27/2015,TYS,TN,ASO,ES,Combined TRACON& Tower with Radar,31,91,64,72,258,0,0,15,12,27,31,91,79,84,285,0,40,40,325
03/28/2015,TYS,TN,ASO,ES,Combined TRACON& Tower with Radar,22,61,34,6,123,0,3,24,0,27,22,64,58,6,150,28,0,28,178
03/29/2015,TYS,TN,ASO,ES,Combined TRACON& Tower with Radar,23,79,30,33,165,0,0,25,0,25,23,79,55,33,190,26,0,26,216
03/30/2015,TYS,TN,ASO,ES,Combined TRACON& Tower with Radar,21,98,67,31,217,0,0,24,7,31,21,98,91,38,248,14,48,62,310
03/31/2015,TYS,TN,ASO,ES,Combined TRACON& Tower with Radar,25,86,50,50,211,0,0,33,24,57,25,86,83,74,268,0,78,78,346
04/01/2015,TYS,TN,ASO,ES,Combined TRACON& Tower with Radar,24,85,76,45,230,0,1,37,13,51,24,86,113,58,281,18,102,120,401
04/02/2015,TYS,TN,ASO,ES,Combined TRACON& Tower with Radar,34,89,80,42,245,0,0,9,14,23,34,89,89,56,268,0,124,124,392
04/03/2015,TYS,TN,ASO,ES,Combined TRACON& Tower with Radar,34,96,41,14,185,0,0,1,2,3,34,96,42,16,188,0,0,0,188
04/04/2015,TYS,TN,ASO,ES,Combined TRACON& Tower with Radar,23,51,44,9,127,0,0,31,0,31,23,51,75,9,158,16,6,22,180
04/05/2015,TYS,TN,ASO,ES,Combined TRACON& Tower with Radar,24,75,48,0,147,0,0,27,0,27,24,75,75,0,174,0,0,0,174
04/06/2015,TYS,TN,ASO,ES,Combined TRACON& Tower with Radar,18,101,57,13,189,0,0,11,0,11,18,101,68,13,200,6,24,30,230
04/07/2015,TYS,TN,ASO,ES,Combined TRACON& Tower with Radar,28,82,63,28,201,0,0,2,0,2,28,82,65,28,203,0,12,12,215
04/08/2015,TYS,TN,ASO,ES,Combined TRACON& Tower with Radar,24,88,91,29,232,0,0,14,9,23,24,88,105,38,255,16,86,102,357
04/09/2015,TYS,TN,ASO,ES,Combined TRACON& Tower with Radar,28,92,80,24,224,0,0,26,37,63,28,92,106,61,287,2,14,16,303
04/10/2015,TYS,TN,ASO,ES,Combined TRACON& Tower with Radar,40,89,46,20,195,0,0,2,19,21,40,89,48,39,216,0,0,0,216
04/11/2015,TYS,TN,ASO,ES,Combined TRACON& Tower with Radar,24,63,42,3,132,0,0,46,16,62,24,63,88,19,194,50,52,102,296
04/12/2015,TYS,TN,ASO,ES,Combined TRACON& Tower with Radar,25,80,51,78,234,0,0,38,18,56,25,80,89,96,290,12,20,32,322
04/13/2015,TYS,TN,ASO,ES,Combined TRACON& Tower with Radar,25,88,63,72,248,0,0,16,0,16,25,88,79,72,264,8,60,68,332
04/14/2015,TYS,TN,ASO,ES,Combined TRACON& Tower with Radar,30,88,42,50,210,0,0,3,0,3,30,88,45,50,213,8,22,30,243
04/15/2015,TYS,TN,ASO,ES,Combined TRACON& Tower with Radar,30,98,59,31,218,0,0,1,0,1,30,98,60,31,219,22,4,26,245
04/16/2015,TYS,TN,ASO,ES,Combined TRACON& Tower with Radar,31,105,75,9,220,0,0,7,6,13,31,105,82,15,233,12,96,108,341
04/17/2015,TYS,TN,ASO,ES,Combined TRACON& Tower with Radar,26,108,81,23,238,0,0,14,4,18,26,108,95,27,256,0,0,0,256
04/18/2015,TYS,TN,ASO,ES,Combined TRACON& Tower with Radar,20,66,67,19,172,0,0,18,4,22,20,66,85,23,194,14,28,42,236
04/19/2015,TYS,TN,ASO,ES,Combined TRACON& Tower with Radar,27,88,46,26,187,0,0,3,0,3,27,88,49,26,190,0,0,0,190
04/20/2015,TYS,TN,ASO,ES,Combined TRACON& Tower with Radar,27,90,50,19,186,0,0,9,0,9,27,90,59,19,195,0,2,2,197
04/21/2015,TYS,TN,ASO,ES,Combined TRACON& Tower with Radar,33,86,76,68,263,0,0,49,9,58,33,86,125,77,321,30,62,92,413
04/22/2015,TYS,TN,ASO,ES,Combined TRACON& Tower with Radar,28,90,64,59,241,0,0,22,10,32,28,90,86,69,273,10,74,84,357
04/23/2015,TYS,TN,ASO,ES,Combined TRACON& Tower with Radar,32,91,81,34,238,0,0,51,21,72,32,91,132,55,310,30,38,68,378
04/24/2015,TYS,TN,ASO,ES,Combined TRACON& Tower with Radar,30,96,53,20,199,0,2,45,23,70,30,98,98,43,269,16,34,50,319
04/25/2015,TYS,TN,ASO,ES,Combined TRACON& Tower with Radar,19,59,31,6,115,0,0,11,11,22,19,59,42,17,137,12,34,46,183
04/26/2015,TYS,TN,ASO,ES,Combined TRACON& Tower with Radar,27,75,65,13,180,0,0,14,10,24,27,75,79,23,204,10,2,12,216
04/27/2015,TYS,TN,ASO,ES,Combined TRACON& Tower with Radar,26,90,44,23,183,0,0,22,6,28,26,90,66,29,211,10,42,52,263
04/28/2015,TYS,TN,ASO,ES,Combined TRACON& Tower with Radar,30,96,62,79,267,0,0,24,14,38,30,96,86,93,305,4,36,40,345
04/29/2015,TYS,TN,ASO,ES,Combined TRACON& Tower with Radar,28,87,72,89,276,0,0,24,23,47,28,87,96,112,323,14,130,144,467
04/30/2015,TYS,TN,ASO,ES,Combined TRACON& Tower with Radar,32,103,67,78,280,0,0,13,10,23,32,103,80,88,303,8,78,86,389
05/01/2015,TYS,TN,ASO,ES,Combined TRACON& Tower with Radar,31,92,64,34,221,0,0,29,7,36,31,92,93,41,257,0,10,10,267
05/02/2015,TYS,TN,ASO,ES,Combined TRACON& Tower with Radar,22,47,39,4,112,0,0,45,10,55,22,47,84,14,167,0,14,14,181
05/03/2015,TYS,TN,ASO,ES,Combined TRACON& Tower with Radar,26,73,46,25,170,0,2,33,2,37,26,75,79,27,207,0,0,0,207
05/04/2015,TYS,TN,ASO,ES,Combined TRACON& Tower with Radar,23,86,55,72,236,0,2,22,0,24,23,88,77,72,260,14,76,90,350
05/05/2015,TYS,TN,ASO,ES,Combined TRACON& Tower with Radar,26,96,100,75,297,0,0,43,4,47,26,96,143,79,344,10,88,98,442
05/06/2015,TYS,TN,ASO,ES,Combined TRACON& Tower with Radar,23,93,86,75,277,0,0,41,16,57,23,93,127,91,334,34,64,98,432
05/07/2015,TYS,TN,ASO,ES,Combined TRACON& Tower with Radar,32,96,73,73,274,0,0,27,28,55,32,96,100,101,329,4,84,88,417
05/08/2015,TYS,TN,ASO,ES,Combined TRACON& Tower with Radar,30,87,62,35,214,0,0,40,39,79,30,87,102,74,293,0,72,72,365
05/09/2015,TYS,TN,ASO,ES,Combined TRACON& Tower with Radar,19,63,32,9,123,0,1,23,15,39,19,64,55,24,162,0,0,0,162
05/10/2015,TYS,TN,ASO,ES,Combined TRACON& Tower with Radar,26,70,52,5,153,0,0,24,1,25,26,70,76,6,178,0,0,0,178
05/11/2015,TYS,TN,ASO,ES,Combined TRACON& Tower with Radar,25,93,51,36,205,0,0,14,12,26,25,93,65,48,231,8,4,12,243
05/12/2015,TYS,TN,ASO,ES,Combined TRACON& Tower with Radar,33,87,79,34,233,0,0,14,13,27,33,87,93,47,260,0,30,30,290
05/13/2015,TYS,TN,ASO,ES,Combined TRACON& Tower with Radar,29,94,85,76,284,0,2,35,23,60,29,96,120,99,344,0,128,128,472
05/14/2015,TYS,TN,ASO,ES,Combined TRACON& Tower with Radar,31,105,89,46,271,0,0,26,31,57,31,105,115,77,328,20,72,92,420
05/15/2015,TYS,TN,ASO,ES,Combined TRACON& Tower with Radar,34,96,58,38,226,0,0,30,15,45,34,96,88,53,271,14,48,62,333
05/16/2015,TYS,TN,ASO,ES,Combined TRACON& Tower with Radar,21,61,24,13,119,0,0,11,10,21,21,61,35,23,140,2,0,2,142
05/17/2015,TYS,TN,ASO,ES,Combined TRACON& Tower with Radar,28,91,55,9,183,0,0,7,0,7,28,91,62,9,190,0,72,72,262
05/18/2015,TYS,TN,ASO,ES,Combined TRACON& Tower with Radar,29,92,40,8,169,0,0,14,2,16,29,92,54,10,185,18,0,18,203
05/19/2015,TYS,TN,ASO,ES,Combined TRACON& Tower with Radar,35,86,74,40,235,0,0,27,6,33,35,86,101,46,268,0,46,46,314
05/20/2015,TYS,TN,ASO,ES,Combined TRACON& Tower with Radar,28,102,68,37,235,0,0,30,8,38,28,102,98,45,273,23,50,73,346
05/21/2015,TYS,TN,ASO,ES,Combined TRACON& Tower with Radar,33,90,92,59,274,0,0,12,15,27,33,90,104,74,301,8,50,58,359
05/22/2015,TYS,TN,ASO,ES,Combined TRACON& Tower with Radar,36,96,66,6,204,0,2,37,4,43,36,98,103,10,247,52,12,64,311
05/23/2015,TYS,TN,ASO,ES,Combined TRACON& Tower with Radar,18,50,42,2,112,0,0,28,0,28,18,50,70,2,140,0,0,0,140
05/24/2015,TYS,TN,ASO,ES,Combined TRACON& Tower with Radar,33,60,24,2,119,0,1,25,0,26,33,61,49,2,145,6,6,12,157
05/25/2015,TYS,TN,ASO,ES,Combined TRACON& Tower with Radar,28,71,44,3,146,0,2,14,1,17,28,73,58,4,163,8,0,8,171
05/26/2015,TYS,TN,ASO,ES,Combined TRACON& Tower with Radar,37,88,52,9,186,0,0,15,8,23,37,88,67,17,209,8,28,36,245
05/27/2015,TYS,TN,ASO,ES,Combined TRACON& Tower with Radar,30,87,65,54,236,0,0,26,14,40,30,87,91,68,276,16,120,136,412
05/28/2015,TYS,TN,ASO,ES,Combined TRACON& Tower with Radar,32,94,89,21,236,0,0,12,12,24,32,94,101,33,260,0,38,38,298
05/29/2015,TYS,TN,ASO,ES,Combined TRACON& Tower with Radar,31,100,72,17,220,0,0,18,4,22,31,100,90,21,242,0,10,10,252
05/30/2015,TYS,TN,ASO,ES,Combined TRACON& Tower with Radar,20,62,48,2,132,0,1,32,0,33,20,63,80,2,165,1,0,1,166
05/31/2015,TYS,TN,ASO,ES,Combined TRACON& Tower with Radar,28,85,45,1,159,0,0,9,2,11,28,85,54,3,170,0,0,0,170
06/01/2015,TYS,TN,ASO,ES,Combined TRACON& Tower with Radar,29,82,43,17,171,0,0,5,2,7,29,82,48,19,178,0,16,16,194
06/02/2015,TYS,TN,ASO,ES,Combined TRACON& Tower with Radar,33,88,69,49,239,0,0,11,6,17,33,88,80,55,256,6,134,140,396
06/03/2015,TYS,TN,ASO,ES,Combined TRACON& Tower with Radar,28,92,78,22,220,0,0,10,4,14,28,92,88,26,234,0,36,36,270
06/04/2015,TYS,TN,ASO,ES,Combined TRACON& Tower with Radar,29,95,48,41,213,0,0,19,13,32,29,95,67,54,245,26,112,138,383
06/05/2015,TYS,TN,ASO,ES,Combined TRACON& Tower with Radar,32,91,64,67,254,0,0,19,8,27,32,91,83,75,281,32,18,50,331
06/06/2015,TYS,TN,ASO,ES,Combined TRACON& Tower with Radar,24,64,32,8,128,0,0,31,0,31,24,64,63,8,159,20,0,20,179
06/07/2015,TYS,TN,ASO,ES,Combined TRACON& Tower with Radar,26,86,33,16,161,0,0,12,1,13,26,86,45,17,174,16,12,28,202
06/08/2015,TYS,TN,ASO,ES,Combined TRACON& Tower with Radar,23,95,39,31,188,0,0,14,4,18,23,95,53,35,206,2,64,66,272
06/09/2015,TYS,TN,ASO,ES,Combined TRACON& Tower with Radar,46,88,71,41,246,0,0,14,4,18,46,88,85,45,264,0,0,0,264
06/10/2015,TYS,TN,ASO,ES,Combined TRACON& Tower with Radar,30,96,65,35,226,0,0,17,13,30,30,96,82,48,256,2,44,46,302
06/11/2015,TYS,TN,ASO,ES,Combined TRACON& Tower with Radar,35,93,50,15,193,0,0,28,14,42,35,93,78,29,235,20,26,46,281
06/12/2015,TYS,TN,ASO,ES,Combined TRACON& Tower with Radar,30,104,59,24,217,0,0,23,15,38,30,104,82,39,255,12,44,56,311
06/13/2015,TYS,TN,ASO,ES,Combined TRACON& Tower with Radar,22,78,41,1,142,0,0,29,16,45,22,78,70,17,187,8,36,44,231
06/14/2015,TYS,TN,ASO,ES,Combined TRACON& Tower with Radar,28,95,61,16,200,0,0,24,11,35,28,95,85,27,235,20,40,60,295
06/15/2015,TYS,TN,ASO,ES,Combined TRACON& Tower with Radar,24,103,61,63,251,0,1,19,3,23,24,104,80,66,274,14,68,82,356
06/16/2015,TYS,TN,ASO,ES,Combined TRACON& Tower with Radar,29,81,64,32,206,0,0,24,4,28,29,81,88,36,234,18,28,46,280
06/17/2015,TYS,TN,ASO,ES,Combined TRACON& Tower with Radar,28,80,79,50,237,0,2,17,6,25,28,82,96,56,262,0,48,48,310
06/18/2015,TYS,TN,ASO,ES,Combined TRACON& Tower with Radar,31,95,83,19,228,0,1,22,13,36,31,96,105,32,264,0,28,28,292
06/19/2015,TYS,TN,ASO,ES,Combined TRACON& Tower with Radar,28,102,62,29,221,0,1,30,2,33,28,103,92,31,254,30,28,58,312
06/20/2015,TYS,TN,ASO,ES,Combined TRACON& Tower with Radar,26,66,34,2,128,0,0,13,1,14,26,66,47,3,142,8,0,8,150
06/21/2015,TYS,TN,ASO,ES,Combined TRACON& Tower with Radar,28,88,44,14,174,0,0,28,0,28,28,88,72,14,202,16,0,16,218
06/22/2015,TYS,TN,ASO,ES,Combined TRACON& Tower with Radar,25,106,63,21,215,0,2,38,1,41,25,108,101,22,256,30,28,58,314
06/23/2015,TYS,TN,ASO,ES,Combined TRACON& Tower with Radar,29,96,66,53,244,0,2,15,7,24,29,98,81,60,268,0,12,12,280
06/24/2015,TYS,TN,ASO,ES,Combined TRACON& Tower with Radar,44,96,72,51,263,0,0,21,8,29,44,96,93,59,292,20,84,104,396
06/25/2015,TYS,TN,ASO,ES,Combined TRACON& Tower with Radar,31,101,83,49,264,0,0,26,15,41,31,101,109,64,305,0,0,0,305
06/26/2015,TYS,TN,ASO,ES,Combined TRACON& Tower with Radar,40,106,51,53,250,0,0,11,2,13,40,106,62,55,263,0,28,28,291
06/27/2015,TYS,TN,ASO,ES,Combined TRACON& Tower with Radar,23,66,33,4,126,0,0,2,0,2,23,66,35,4,128,0,0,0,128
06/28/2015,TYS,TN,ASO,ES,Combined TRACON& Tower with Radar,26,92,41,12,171,0,0,30,0,30,26,92,71,12,201,52,0,52,253
06/29/2015,TYS,TN,ASO,ES,Combined TRACON& Tower with Radar,27,88,33,29,177,0,0,27,4,31,27,88,60,33,208,8,8,16,224
06/30/2015,TYS,TN,ASO,ES,Combined TRACON& Tower with Radar,27,88,49,9,173,0,0,20,4,24,27,88,69,13,197,0,12,12,209
07/01/2015,TYS,TN,ASO,ES,Combined TRACON& Tower with Radar,28,97,76,39,240,0,0,12,4,16,28,97,88,43,256,0,0,0,256
07/02/2015,TYS,TN,ASO,ES,Combined TRACON& Tower with Radar,32,93,58,4,187,0,0,5,0,5,32,93,63,4,192,14,36,50,242
07/03/2015,TYS,TN,ASO,ES,Combined TRACON& Tower with Radar,32,79,25,0,136,0,0,9,0,9,32,79,34,0,145,12,0,12,157
07/04/2015,TYS,TN,ASO,ES,Combined TRACON& Tower with Radar,18,52,13,0,83,0,0,2,0,2,18,52,15,0,85,0,0,0,85
07/05/2015,TYS,TN,ASO,ES,Combined TRACON& Tower with Radar,27,92,34,1,154,0,0,4,0,4,27,92,38,1,158,0,0,0,158
07/06/2015,TYS,TN,ASO,ES,Combined TRACON& Tower with Radar,28,96,42,10,176,0,0,31,11,42,28,96,73,21,218,18,4,22,240
07/07/2015,TYS,TN,ASO,ES,Combined TRACON& Tower with Radar,32,89,52,27,200,0,0,25,17,42,32,89,77,44,242,14,58,72,314
07/08/2015,TYS,TN,ASO,ES,Combined TRACON& Tower with Radar,28,88,59,31,206,0,0,34,8,42,28,88,93,39,248,32,42,74,322
07/09/2015,TYS,TN,ASO,ES,Combined TRACON& Tower with Radar,35,87,55,45,222,0,0,27,20,47,35,87,82,65,269,6,58,64,333
07/10/2015,TYS,TN,ASO,ES,Combined TRACON& Tower with Radar,32,98,47,52,229,0,0,33,6,39,32,98,80,58,268,20,14,34,302
07/11/2015,TYS,TN,ASO,ES,Combined TRACON& Tower with Radar,25,68,37,0,130,0,0,17,0,17,25,68,54,0,147,48,0,48,195
07/12/2015,TYS,TN,ASO,ES,Combined TRACON& Tower with Radar,29,93,35,1,158,0,0,14,1,15,29,93,49,2,173,40,10,50,223
07/13/2015,TYS,TN,ASO,ES,Combined TRACON& Tower with Radar,31,76,44,13,164,0,0,22,3,25,31,76,66,16,189,12,6,18,207
07/14/2015,TYS,TN,ASO,ES,Combined TRACON& Tower with Radar,32,93,52,1,178,0,0,3,2,5,32,93,55,3,183,14,0,14,197
07/15/2015,TYS,TN,ASO,ES,Combined TRACON& Tower with Radar,34,87,77,20,218,0,0,34,10,44,34,87,111,30,262,68,8,76,338
07/16/2015,TYS,TN,ASO,ES,Combined TRACON& Tower with Radar,35,87,70,52,244,0,1,35,14,50,35,88,105,66,294,34,84,118,412
07/17/2015,TYS,TN,ASO,ES,Combined TRACON& Tower with Radar,36,102,54,45,237,0,0,37,11,48,36,102,91,56,285,34,60,94,379
07/18/2015,TYS,TN,ASO,ES,Combined TRACON& Tower with Radar,30,71,28,15,144,0,0,23,6,29,30,71,51,21,173,90,22,112,285
07/19/2015,TYS,TN,ASO,ES,Combined TRACON& Tower with Radar,29,89,43,17,178,0,1,18,12,31,29,90,61,29,209,68,40,108,317
07/20/2015,TYS,TN,ASO,ES,Combined TRACON& Tower with Radar,29,104,49,0,182,0,0,17,3,20,29,104,66,3,202,6,0,6,208
07/21/2015,TYS,TN,ASO,ES,Combined TRACON& Tower with Radar,30,89,68,28,215,0,0,26,5,31,30,89,94,33,246,0,0,0,246
07/22/2015,TYS,TN,ASO,ES,Combined TRACON& Tower with Radar,34,99,73,48,254,0,0,33,9,42,34,99,106,57,296,0,6,6,302
07/23/2015,TYS,TN,ASO,ES,Combined TRACON& Tower with Radar,34,89,62,24,209,0,0,6,2,8,34,89,68,26,217,38,26,64,281
07/24/2015,TYS,TN,ASO,ES,Combined TRACON& Tower with Radar,32,93,54,49,228,0,0,29,7,36,32,93,83,56,264,0,0,0,264
07/25/2015,TYS,TN,ASO,ES,Combined TRACON& Tower with Radar,24,67,56,19,166,0,0,47,0,47,24,67,103,19,213,90,54,144,357
07/26/2015,TYS,TN,ASO,ES,Combined TRACON& Tower with Radar,31,86,50,22,189,0,0,20,2,22,31,86,70,24,211,34,0,34,245
07/27/2015,TYS,TN,ASO,ES,Combined TRACON& Tower with Radar,31,102,55,18,206,0,0,20,6,26,31,102,75,24,232,20,14,34,266
07/28/2015,TYS,TN,ASO,ES,Combined TRACON& Tower with Radar,28,97,54,37,216,0,0,18,9,27,28,97,72,46,243,0,0,0,243
07/29/2015,TYS,TN,ASO,ES,Combined TRACON& Tower with Radar,28,91,52,41,212,0,0,24,8,32,28,91,76,49,244,44,90,134,378
07/30/2015,TYS,TN,ASO,ES,Combined TRACON& Tower with Radar,36,89,78,87,290,0,0,34,16,50,36,89,112,103,340,38,92,130,470
07/31/2015,TYS,TN,ASO,ES,Combined TRACON& Tower with Radar,42,104,59,36,241,0,1,44,9,54,42,105,103,45,295,36,16,52,347
08/01/2015,TYS,TN,ASO,ES,Combined TRACON& Tower with Radar,30,70,37,30,167,0,0,32,0,32,30,70,69,30,199,0,0,0,199
08/02/2015,TYS,TN,ASO,ES,Combined TRACON& Tower with Radar,23,95,50,40,208,0,0,47,0,47,23,95,97,40,255,56,0,56,311
08/03/2015,TYS,TN,ASO,ES,Combined TRACON& Tower with Radar,30,104,46,53,233,0,0,22,3,25,30,104,68,56,258,0,0,0,258
08/04/2015,TYS,TN,ASO,ES,Combined TRACON& Tower with Radar,28,96,62,53,239,0,1,17,9,27,28,97,79,62,266,20,36,56,322
08/05/2015,TYS,TN,ASO,ES,Combined TRACON& Tower with Radar,29,107,48,45,229,0,0,10,3,13,29,107,58,48,242,6,40,46,288
08/06/2015,TYS,TN,ASO,ES,Combined TRACON& Tower with Radar,36,98,62,3,199,0,0,2,13,15,36,98,64,16,214,0,70,70,284
08/07/2015,TYS,TN,ASO,ES,Combined TRACON& Tower with Radar,37,93,68,36,234,0,0,21,11,32,37,93,89,47,266,26,0,26,292
08/08/2015,TYS,TN,ASO,ES,Combined TRACON& Tower with Radar,22,76,45,48,191,0,2,32,26,60,22,78,77,74,251,0,18,18,269
08/09/2015,TYS,TN,ASO,ES,Combined TRACON& Tower with Radar,30,83,39,7,159,0,1,31,21,53,30,84,70,28,212,18,26,44,256
08/10/2015,TYS,TN,ASO,ES,Combined TRACON& Tower with Radar,32,83,42,46,203,0,0,11,6,17,32,83,53,52,220,12,36,48,268
08/11/2015,TYS,TN,ASO,ES,Combined TRACON& Tower with Radar,29,91,85,16,221,0,0,10,7,17,29,91,95,23,238,6,16,22,260
08/12/2015,TYS,TN,ASO,ES,Combined TRACON& Tower with Radar,28,93,45,22,188,0,0,26,13,39,28,93,71,35,227,22,30,52,279
08/13/2015,TYS,TN,ASO,ES,Combined TRACON& Tower with Radar,34,94,80,14,222,0,0,38,23,61,34,94,118,37,283,34,40,74,357
08/14/2015,TYS,TN,ASO,ES,Combined TRACON& Tower with Radar,32,96,44,60,232,0,0,18,5,23,32,96,62,65,255,0,0,0,255
08/15/2015,TYS,TN,ASO,ES,Combined TRACON& Tower with Radar,20,72,38,2,132,0,0,15,0,15,20,72,53,2,147,16,0,16,163
08/16/2015,TYS,TN,ASO,ES,Combined TRACON& Tower with Radar,29,96,53,49,227,0,1,17,6,24,29,97,70,55,251,0,0,0,251
08/17/2015,TYS,TN,ASO,ES,Combined TRACON& Tower with Radar,38,94,55,5,192,0,0,13,4,17,38,94,68,9,209,0,0,0,209
08/18/2015,TYS,TN,ASO,ES,Combined TRACON& Tower with Radar,34,75,69,4,182,0,0,1,0,1,34,75,70,4,183,6,0,6,189
08/19/2015,TYS,TN,ASO,ES,Combined TRACON& Tower with Radar,32,75,57,11,175,0,0,4,6,10,32,75,61,17,185,0,10,10,195
08/20/2015,TYS,TN,ASO,ES,Combined TRACON& Tower with Radar,46,73,59,26,204,0,3,6,30,39,46,76,65,56,243,0,46,46,289
08/21/2015,TYS,TN,ASO,ES,Combined TRACON& Tower with Radar,36,89,68,66,259,0,0,24,24,48,36,89,92,90,307,18,24,42,349
08/22/2015,TYS,TN,ASO,ES,Combined TRACON& Tower with Radar,22,63,39,1,125,0,0,43,31,74,22,63,82,32,199,56,4,60,259
08/23/2015,TYS,TN,ASO,ES,Combined TRACON& Tower with Radar,34,82,45,19,180,0,1,19,3,23,34,83,64,22,203,0,44,44,247
08/24/2015,TYS,TN,ASO,ES,Combined TRACON& Tower with Radar,30,76,60,20,186,0,2,12,1,15,30,78,72,21,201,8,0,8,209
08/25/2015,TYS,TN,ASO,ES,Combined TRACON& Tower with Radar,30,92,78,33,233,0,0,33,11,44,30,92,111,44,277,0,0,0,277
08/26/2015,TYS,TN,ASO,ES,Combined TRACON& Tower with Radar,32,80,73,18,203,0,0,41,12,53,32,80,114,30,256,56,42,98,354
08/27/2015,TYS,TN,ASO,ES,Combined TRACON& Tower with Radar,36,82,73,35,226,0,0,35,20,55,36,82,108,55,281,68,44,112,393
08/28/2015,TYS,TN,ASO,ES,Combined TRACON& Tower with Radar,38,89,55,29,211,0,0,44,11,55,38,89,99,40,266,12,60,72,338
08/29/2015,TYS,TN,ASO,ES,Combined TRACON& Tower with Radar,21,60,62,9,152,0,2,31,0,33,21,62,93,9,185,4,28,32,217
08/30/2015,TYS,TN,ASO,ES,Combined TRACON& Tower with Radar,25,77,41,15,158,0,0,10,0,10,25,77,51,15,168,0,0,0,168
08/31/2015,TYS,TN,ASO,ES,Combined TRACON& Tower with Radar,35,84,42,21,182,0,0,37,8,45,35,84,79,29,227,14,16,30,257
09/01/2015,TYS,TN,ASO,ES,Combined TRACON& Tower with Radar,28,87,50,71,236,0,1,23,35,59,28,88,73,106,295,16,72,88,383
09/02/2015,TYS,TN,ASO,ES,Combined TRACON& Tower with Radar,27,87,57,26,197,0,0,24,30,54,27,87,81,56,251,14,90,104,355
09/03/2015,TYS,TN,ASO,ES,Combined TRACON& Tower with Radar,37,93,62,23,215,0,1,19,41,61,37,94,81,64,276,0,132,132,408
09/04/2015,TYS,TN,ASO,ES,Combined TRACON& Tower with Radar,32,101,67,23,223,0,1,29,16,46,32,102,96,39,269,4,36,40,309
09/05/2015,TYS,TN,ASO,ES,Combined TRACON& Tower with Radar,24,50,36,0,110,0,0,11,0,11,24,50,47,0,121,42,0,42,163
09/06/2015,TYS,TN,ASO,ES,Combined TRACON& Tower with Radar,26,47,12,0,85,0,0,11,0,11,26,47,23,0,96,18,0,18,114
09/07/2015,TYS,TN,ASO,ES,Combined TRACON& Tower with Radar,24,77,57,0,158,0,0,30,0,30,24,77,87,0,188,2,0,2,190
09/08/2015,TYS,TN,ASO,ES,Combined TRACON& Tower with Radar,25,80,53,30,188,0,0,27,2,29,25,80,80,32,217,46,0,46,263
09/09/2015,TYS,TN,ASO,ES,Combined TRACON& Tower with Radar,34,81,56,10,181,0,0,14,1,15,34,81,70,11,196,18,38,56,252
09/10/2015,TYS,TN,ASO,ES,Combined TRACON& Tower with Radar,51,79,74,0,204,0,0,6,8,14,51,79,80,8,218,0,12,12,230
09/11/2015,TYS,TN,ASO,ES,Combined TRACON& Tower with Radar,43,96,123,14,276,0,0,17,9,26,43,96,140,23,302,0,32,32,334
09/12/2015,TYS,TN,ASO,ES,Combined TRACON& Tower with Radar,26,94,118,11,249,0,0,4,4,8,26,94,122,15,257,10,10,20,277
09/13/2015,TYS,TN,ASO,ES,Combined TRACON& Tower with Radar,44,90,129,3,266,0,0,14,4,18,44,90,143,7,284,0,4,4,288
09/14/2015,TYS,TN,ASO,ES,Combined TRACON& Tower with Radar,31,90,60,5,186,0,0,29,6,35,31,90,89,11,221,0,0,0,221
09/15/2015,TYS,TN,ASO,ES,Combined TRACON& Tower with Radar,32,89,56,44,221,0,0,26,13,39,32,89,82,57,260,25,78,103,363
09/16/2015,TYS,TN,ASO,ES,Combined TRACON& Tower with Radar,36,90,99,33,258,0,0,27,2,29,36,90,126,35,287,0,0,0,287
09/17/2015,TYS,TN,ASO,ES,Combined TRACON& Tower with Radar,40,92,73,22,227,0,0,34,6,40,40,92,107,28,267,24,30,54,321
09/18/2015,TYS,TN,ASO,ES,Combined TRACON& Tower with Radar,35,91,68,39,233,0,0,34,0,34,35,91,102,39,267,28,38,66,333
09/19/2015,TYS,TN,ASO,ES,Combined TRACON& Tower with Radar,23,64,53,23,163,0,0,35,0,35,23,64,88,23,198,8,0,8,206
09/20/2015,TYS,TN,ASO,ES,Combined TRACON& Tower with Radar,33,86,67,14,200,0,0,26,0,26,33,86,93,14,226,0,12,12,238
09/21/2015,TYS,TN,ASO,ES,Combined TRACON& Tower with Radar,31,86,54,7,178,0,0,21,8,29,31,86,75,15,207,12,2,14,221
09/22/2015,TYS,TN,ASO,ES,Combined TRACON& Tower with Radar,31,87,59,46,223,0,0,15,8,23,31,87,74,54,246,0,0,0,246
09/23/2015,TYS,TN,ASO,ES,Combined TRACON& Tower with Radar,36,88,58,17,199,0,0,31,17,48,36,88,89,34,247,18,44,62,309
09/24/2015,TYS,TN,ASO,ES,Combined TRACON& Tower with Radar,43,99,75,15,232,0,1,28,3,32,43,100,103,18,264,48,16,64,328
09/25/2015,TYS,TN,ASO,ES,Combined TRACON& Tower with Radar,38,96,80,7,221,0,0,0,0,0,38,96,80,7,221,0,0,0,221
09/26/2015,TYS,TN,ASO,ES,Combined TRACON& Tower with Radar,28,63,45,2,138,0,0,7,0,7,28,63,52,2,145,0,0,0,145
09/27/2015,TYS,TN,ASO,ES,Combined TRACON& Tower with Radar,33,82,52,27,194,0,1,21,1,23,33,83,73,28,217,32,0,32,249
09/28/2015,TYS,TN,ASO,ES,Combined TRACON& Tower with Radar,33,87,54,8,182,0,0,14,0,14,33,87,68,8,196,0,0,0,196
09/29/2015,TYS,TN,ASO,ES,Combined TRACON& Tower with Radar,34,84,56,6,180,0,0,2,0,2,34,84,58,6,182,0,0,0,182
09/30/2015,TYS,TN,ASO,ES,Combined TRACON& Tower with Radar,42,86,68,12,208,0,1,10,2,13,42,87,78,14,221,8,28,36,257
10/01/2015,TYS,TN,ASO,ES,Combined TRACON& Tower with Radar,44,83,107,24,258,0,0,8,0,8,44,83,115,24,266,0,0,0,266
10/02/2015,TYS,TN,ASO,ES,Combined TRACON& Tower with Radar,44,99,61,0,204,0,0,0,0,0,44,99,61,0,204,0,0,0,204
10/03/2015,TYS,TN,ASO,ES,Combined TRACON& Tower with Radar,29,59,43,5,136,0,0,0,0,0,29,59,43,5,136,0,0,0,136
10/04/2015,TYS,TN,ASO,ES,Combined TRACON& Tower with Radar,39,73,65,10,187,0,0,14,0,14,39,73,79,10,201,2,0,2,203
10/05/2015,TYS,TN,ASO,ES,Combined TRACON& Tower with Radar,38,89,65,38,230,0,0,29,3,32,38,89,94,41,262,18,20,38,300
10/06/2015,TYS,TN,ASO,ES,Combined TRACON& Tower with Radar,42,77,64,27,210,0,0,45,0,45,42,77,109,27,255,60,4,64,319
10/07/2015,TYS,TN,ASO,ES,Combined TRACON& Tower with Radar,49,84,67,53,253,0,0,26,3,29,49,84,93,56,282,44,40,84,366
10/08/2015,TYS,TN,ASO,ES,Combined TRACON& Tower with Radar,44,90,73,44,251,0,0,27,13,40,44,90,100,57,291,0,0,0,291
10/09/2015,TYS,TN,ASO,ES,Combined TRACON& Tower with Radar,44,83,45,22,194,0,0,15,2,17,44,83,60,24,211,0,52,52,263
10/10/2015,TYS,TN,ASO,ES,Combined TRACON& Tower with Radar,34,51,74,1,160,0,0,2,0,2,34,51,76,1,162,12,20,32,194
10/11/2015,TYS,TN,ASO,ES,Combined TRACON& Tower with Radar,39,73,75,17,204,0,0,30,3,33,39,73,105,20,237,4,32,36,273
10/12/2015,TYS,TN,ASO,ES,Combined TRACON& Tower with Radar,37,90,63,0,190,0,0,21,0,21,37,90,84,0,211,0,0,0,211
10/13/2015,TYS,TN,ASO,ES,Combined TRACON& Tower with Radar,36,78,56,12,182,0,0,26,0,26,36,78,82,12,208,16,8,24,232
10/14/2015,TYS,TN,ASO,ES,Combined TRACON& Tower with Radar,42,92,73,19,226,0,0,26,2,28,42,92,99,21,254,26,40,66,320
10/15/2015,TYS,TN,ASO,ES,Combined TRACON& Tower with Radar,45,91,87,42,265,0,0,36,24,60,45,91,123,66,325,0,0,0,325
10/16/2015,TYS,TN,ASO,ES,Combined TRACON& Tower with Radar,42,93,70,34,239,0,0,19,30,49,42,93,89,64,288,18,164,182,470
10/17/2015,TYS,TN,ASO,ES,Combined TRACON& Tower with Radar,32,59,24,9,124,0,4,28,12,44,32,63,52,21,168,0,0,0,168
10/18/2015,TYS,TN,ASO,ES,Combined TRACON& Tower with Radar,37,82,54,8,181,0,0,24,10,34,37,82,78,18,215,11,0,11,226
10/19/2015,TYS,TN,ASO,ES,Combined TRACON& Tower with Radar,37,80,65,29,211,0,0,15,4,19,37,80,80,33,230,0,14,14,244
10/20/2015,TYS,TN,ASO,ES,Combined TRACON& Tower with Radar,42,86,84,54,266,0,0,31,4,35,42,86,115,58,301,0,52,52,353
10/21/2015,TYS,TN,ASO,ES,Combined TRACON& Tower with Radar,44,85,93,82,304,0,0,36,6,42,44,85,129,88,346,0,0,0,346
10/22/2015,TYS,TN,ASO,ES,Combined TRACON& Tower with Radar,45,80,107,42,274,0,0,56,13,69,45,80,163,55,343,10,30,40,383
10/23/2015,TYS,TN,ASO,ES,Combined TRACON& Tower with Radar,45,79,59,52,235,0,0,26,6,32,45,79,85,58,267,18,16,34,301
10/24/2015,TYS,TN,ASO,ES,Combined TRACON& Tower with Radar,32,55,44,12,143,0,0,22,2,24,32,55,66,14,167,16,74,90,257
10/25/2015,TYS,TN,ASO,ES,Combined TRACON& Tower with Radar,38,74,71,16,199,0,0,10,0,10,38,74,81,16,209,0,0,0,209
10/26/2015,TYS,TN,ASO,ES,Combined TRACON& Tower with Radar,38,74,42,0,154,0,0,2,2,4,38,74,44,2,158,0,0,0,158
10/27/2015,TYS,TN,ASO,ES,Combined TRACON& Tower with Radar,38,79,45,22,184,0,0,4,0,4,38,79,49,22,188,0,0,0,188
10/28/2015,TYS,TN,ASO,ES,Combined TRACON& Tower with Radar,38,74,67,42,221,0,1,4,0,5,38,75,71,42,226,0,0,0,226
10/29/2015,TYS,TN,ASO,ES,Combined TRACON& Tower with Radar,48,90,113,29,280,0,0,40,6,46,48,90,153,35,326,10,6,16,342
10/30/2015,TYS,TN,ASO,ES,Combined TRACON& Tower with Radar,44,77,54,30,205,0,0,48,2,50,44,77,102,32,255,0,26,26,281
10/31/2015,TYS,TN,ASO,ES,Combined TRACON& Tower with Radar,28,48,29,23,128,0,0,23,2,25,28,48,52,25,153,26,20,46,199
11/01/2015,TYS,TN,ASO,ES,Combined TRACON& Tower with Radar,37,70,47,6,160,0,0,5,0,5,37,70,52,6,165,0,0,0,165
11/02/2015,TYS,TN,ASO,ES,Combined TRACON& Tower with Radar,41,85,74,6,206,0,0,1,0,1,41,85,75,6,207,0,0,0,207
11/03/2015,TYS,TN,ASO,ES,Combined TRACON& Tower with Radar,38,91,93,50,272,0,0,24,1,25,38,91,117,51,297,28,0,28,325
11/04/2015,TYS,TN,ASO,ES,Combined TRACON& Tower with Radar,40,81,121,53,295,0,1,39,4,44,40,82,160,57,339,16,30,46,385
11/05/2015,TYS,TN,ASO,ES,Combined TRACON& Tower with Radar,42,88,106,32,268,0,1,22,4,27,42,89,128,36,295,0,42,42,337
11/06/2015,TYS,TN,ASO,ES,Combined TRACON& Tower with Radar,42,100,70,16,228,0,0,13,5,18,42,100,83,21,246,4,14,18,264
11/07/2015,TYS,TN,ASO,ES,Combined TRACON& Tower with Radar,26,61,57,0,144,0,0,2,2,4,26,61,59,2,148,18,18,36,184
11/08/2015,TYS,TN,ASO,ES,Combined TRACON& Tower with Radar,35,84,70,26,215,0,2,37,14,53,35,86,107,40,268,30,38,68,336
11/09/2015,TYS,TN,ASO,ES,Combined TRACON& Tower with Radar,33,78,54,0,165,0,0,0,0,0,33,78,54,0,165,0,0,0,165
11/10/2015,TYS,TN,ASO,ES,Combined TRACON& Tower with Radar,37,90,71,75,273,0,0,32,5,37,37,90,103,80,310,8,38,46,356
11/11/2015,TYS,TN,ASO,ES,Combined TRACON& Tower with Radar,37,75,57,2,171,0,0,22,0,22,37,75,79,2,193,0,0,0,193
11/12/2015,TYS,TN,ASO,ES,Combined TRACON& Tower with Radar,41,84,77,17,219,0,0,20,4,24,41,84,97,21,243,22,6,28,271
11/13/2015,TYS,TN,ASO,ES,Combined TRACON& Tower with Radar,42,80,79,73,274,0,0,35,9,44,42,80,114,82,318,38,110,148,466
11/14/2015,TYS,TN,ASO,ES,Combined TRACON& Tower with Radar,28,57,39,8,132,0,0,34,7,41,28,57,73,15,173,58,68,126,299
11/15/2015,TYS,TN,ASO,ES,Combined TRACON& Tower with Radar,35,67,65,8,175,0,0,38,11,49,35,67,103,19,224,50,0,50,274
11/16/2015,TYS,TN,ASO,ES,Combined TRACON& Tower with Radar,31,79,40,37,187,0,0,30,9,39,31,79,70,46,226,12,84,96,322
11/17/2015,TYS,TN,ASO,ES,Combined TRACON& Tower with Radar,37,84,70,71,262,0,0,18,3,21,37,84,88,74,283,6,66,72,355
11/18/2015,TYS,TN,ASO,ES,Combined TRACON& Tower with Radar,39,83,53,1,176,0,0,9,0,9,39,83,62,1,185,0,0,0,185
11/19/2015,TYS,TN,ASO,ES,Combined TRACON& Tower with Radar,45,87,96,78,306,0,0,41,13,54,45,87,137,91,360,18,116,134,494
11/20/2015,TYS,TN,ASO,ES,Combined TRACON& Tower with Radar,45,80,63,44,232,0,0,53,3,56,45,80,116,47,288,8,36,44,332
11/21/2015,TYS,TN,ASO,ES,Combined TRACON& Tower with Radar,26,55,41,7,129,0,0,31,3,34,26,55,72,10,163,38,6,44,207
11/22/2015,TYS,TN,ASO,ES,Combined TRACON& Tower with Radar,38,67,47,3,155,0,0,23,1,24,38,67,70,4,179,28,0,28,207
11/23/2015,TYS,TN,ASO,ES,Combined TRACON& Tower with Radar,31,66,80,13,190,0,0,38,4,42,31,66,118,17,232,18,20,38,270
11/24/2015,TYS,TN,ASO,ES,Combined TRACON& Tower with Radar,47,82,83,39,251,0,0,24,5,29,47,82,107,44,280,0,68,68,348
11/25/2015,TYS,TN,ASO,ES,Combined TRACON& Tower with Radar,47,98,49,12,206,0,0,31,0,31,47,98,80,12,237,0,0,0,237
11/26/2015,TYS,TN,ASO,ES,Combined TRACON& Tower with Radar,18,43,20,0,81,0,0,11,0,11,18,43,31,0,92,0,0,0,92
11/27/2015,TYS,TN,ASO,ES,Combined TRACON& Tower with Radar,36,61,33,0,130,0,0,38,0,38,36,61,71,0,168,12,0,12,180
11/28/2015,TYS,TN,ASO,ES,Combined TRACON& Tower with Radar,39,80,51,0,170,0,0,18,0,18,39,80,69,0,188,22,0,22,210
11/29/2015,TYS,TN,ASO,ES,Combined TRACON& Tower with Radar,43,88,62,0,193,0,0,2,0,2,43,88,64,0,195,0,0,0,195
11/30/2015,TYS,TN,ASO,ES,Combined TRACON& Tower with Radar,39,83,48,4,174,0,0,0,0,0,39,83,48,4,174,0,0,0,174
12/01/2015,TYS,TN,ASO,ES,Combined TRACON& Tower with Radar,41,83,69,14,207,0,0,0,0,0,41,83,69,14,207,2,6,8,215
12/02/2015,TYS,TN,ASO,ES,Combined TRACON& Tower with Radar,47,82,70,40,239,0,0,11,3,14,47,82,81,43,253,2,20,22,275
12/03/2015,TYS,TN,ASO,ES,Combined TRACON& Tower with Radar,48,77,71,36,232,0,0,27,8,35,48,77,98,44,267,32,28,60,327
12/04/2015,TYS,TN,ASO,ES,Combined TRACON& Tower with Radar,43,81,54,47,225,0,0,38,1,39,43,81,92,48,264,0,26,26,290
12/05/2015,TYS,TN,ASO,ES,Combined TRACON& Tower with Radar,28,47,35,8,118,0,0,38,0,38,28,47,73,8,156,14,10,24,180
12/06/2015,TYS,TN,ASO,ES,Combined TRACON& Tower with Radar,31,71,67,6,175,0,0,41,0,41,31,71,108,6,216,20,0,20,236
12/07/2015,TYS,TN,ASO,ES,Combined TRACON& Tower with Radar,37,69,58,7,171,0,0,20,0,20,37,69,78,7,191,28,4,32,223
12/08/2015,TYS,TN,ASO,ES,Combined TRACON& Tower with Radar,38,67,62,56,223,0,0,18,3,21,38,67,80,59,244,4,48,52,296
12/09/2015,TYS,TN,ASO,ES,Combined TRACON& Tower with Radar,43,76,49,59,227,0,1,15,1,17,43,77,64,60,244,20,46,66,310
12/10/2015,TYS,TN,ASO,ES,Combined TRACON& Tower with Radar,46,76,88,27,237,0,0,19,3,22,46,76,107,30,259,68,6,74,333
12/11/2015,TYS,TN,ASO,ES,Combined TRACON& Tower with Radar,39,81,75,17,212,0,0,19,3,22,39,81,94,20,234,54,6,60,294
12/12/2015,TYS,TN,ASO,ES,Combined TRACON& Tower with Radar,54,68,59,14,195,0,0,37,6,43,54,68,96,20,238,50,0,50,288
12/13/2015,TYS,TN,ASO,ES,Combined TRACON& Tower with Radar,35,68,42,10,155,0,0,9,0,9,35,68,51,10,164,8,0,8,172
12/14/2015,TYS,TN,ASO,ES,Combined TRACON& Tower with Radar,38,74,50,18,180,0,0,0,2,2,38,74,50,20,182,0,12,12,194
12/15/2015,TYS,TN,ASO,ES,Combined TRACON& Tower with Radar,41,78,62,56,237,0,0,20,5,25,41,78,82,61,262,12,34,46,308
12/16/2015,TYS,TN,ASO,ES,Combined TRACON& Tower with Radar,42,77,74,74,267,0,0,19,0,19,42,77,93,74,286,28,32,60,346
12/17/2015,TYS,TN,ASO,ES,Combined TRACON& Tower with Radar,42,90,66,45,243,0,0,1,0,1,42,90,67,45,244,0,0,0,244
12/18/2015,TYS,TN,ASO,ES,Combined TRACON& Tower with Radar,36,86,55,21,198,0,0,17,0,17,36,86,72,21,215,54,0,54,269
12/19/2015,TYS,TN,ASO,ES,Combined TRACON& Tower with Radar,26,66,35,0,127,0,0,39,0,39,26,66,74,0,166,18,0,18,184
12/20/2015,TYS,TN,ASO,ES,Combined TRACON& Tower with Radar,26,66,29,0,121,0,0,25,0,25,26,66,54,0,146,0,0,0,146
12/21/2015,TYS,TN,ASO,ES,Combined TRACON& Tower with Radar,27,71,52,13,163,0,0,7,0,7,27,71,59,13,170,0,12,12,182
12/22/2015,TYS,TN,ASO,ES,Combined TRACON& Tower with Radar,34,82,58,17,191,0,0,2,0,2,34,82,60,17,193,0,4,4,197
12/23/2015,TYS,TN,ASO,ES,Combined TRACON& Tower with Radar,29,82,39,0,150,0,0,0,0,0,29,82,39,0,150,0,0,0,150
12/24/2015,TYS,TN,ASO,ES,Combined TRACON& Tower with Radar,38,57,18,0,113,0,0,6,2,8,38,57,24,2,121,0,0,0,121
12/25/2015,TYS,TN,ASO,ES,Combined TRACON& Tower with Radar,15,56,4,0,75,0,0,0,0,0,15,56,4,0,75,0,0,0,75
12/26/2015,TYS,TN,ASO,ES,Combined TRACON& Tower with Radar,29,60,47,0,136,0,0,12,0,12,29,60,59,0,148,0,0,0,148
12/27/2015,TYS,TN,ASO,ES,Combined TRACON& Tower with Radar,23,79,45,4,151,0,0,15,0,15,23,79,60,4,166,6,6,12,178
12/28/2015,TYS,TN,ASO,ES,Combined TRACON& Tower with Radar,28,70,25,18,141,0,0,8,0,8,28,70,33,18,149,0,0,0,149
12/29/2015,TYS,TN,ASO,ES,Combined TRACON& Tower with Radar,27,73,45,28,173,0,0,9,0,9,27,73,54,28,182,0,60,60,242
12/30/2015,TYS,TN,ASO,ES,Combined TRACON& Tower with Radar,28,73,35,3,139,0,0,3,0,3,28,73,38,3,142,0,16,16,158
12/31/2015,TYS,TN,ASO,ES,Combined TRACON& Tower with Radar,29,71,39,0,139,0,0,2,0,2,29,71,41,0,141,18,0,18,159
01/01/2016,TYS,TN,ASO,ES,Combined TRACON& Tower with Radar,17,66,28,0,111,0,0,8,0,8,17,66,36,0,119,10,0,10,129
01/02/2016,TYS,TN,ASO,ES,Combined TRACON& Tower with Radar,25,66,49,1,141,0,0,23,0,23,25,66,72,1,164,0,0,0,164
01/03/2016,TYS,TN,ASO,ES,Combined TRACON& Tower with Radar,21,80,47,3,151,0,0,16,0,16,21,80,63,3,167,0,0,0,167
01/04/2016,TYS,TN,ASO,ES,Combined TRACON& Tower with Radar,26,81,46,18,171,0,0,18,0,18,26,81,64,18,189,22,0,22,211
01/05/2016,TYS,TN,ASO,ES,Combined TRACON& Tower with Radar,34,73,55,47,209,0,0,11,0,11,34,73,66,47,220,10,32,42,262
01/06/2016,TYS,TN,ASO,ES,Combined TRACON& Tower with Radar,36,65,50,89,240,0,0,22,9,31,36,65,72,98,271,20,34,54,325
01/07/2016,TYS,TN,ASO,ES,Combined TRACON& Tower with Radar,40,73,57,61,231,0,0,14,8,22,40,73,71,69,253,0,38,38,291
01/08/2016,TYS,TN,ASO,ES,Combined TRACON& Tower with Radar,35,70,36,50,191,0,0,12,2,14,35,70,48,52,205,0,0,0,205
01/09/2016,TYS,TN,ASO,ES,Combined TRACON& Tower with Radar,26,55,20,15,116,0,0,12,6,18,26,55,32,21,134,0,0,0,134
01/10/2016,TYS,TN,ASO,ES,Combined TRACON& Tower with Radar,32,68,22,2,124,0,0,6,3,9,32,68,28,5,133,0,0,0,133
01/11/2016,TYS,TN,ASO,ES,Combined TRACON& Tower with Radar,33,76,72,40,221,0,0,18,4,22,33,76,90,44,243,4,28,32,275
01/12/2016,TYS,TN,ASO,ES,Combined TRACON& Tower with Radar,33,71,64,48,216,0,0,15,4,19,33,71,79,52,235,0,42,42,277
01/13/2016,TYS,TN,ASO,ES,Combined TRACON& Tower with Radar,38,73,45,51,207,0,0,26,4,30,38,73,71,55,237,44,12,56,293
01/14/2016,TYS,TN,ASO,ES,Combined TRACON& Tower with Radar,39,83,41,29,192,0,0,16,5,21,39,83,57,34,213,10,20,30,243
01/15/2016,TYS,TN,ASO,ES,Combined TRACON& Tower with Radar,41,82,41,4,168,0,0,1,0,1,41,82,42,4,169,0,0,0,169
01/16/2016,TYS,TN,ASO,ES,Combined TRACON& Tower with Radar,23,48,28,0,99,0,0,2,0,2,23,48,30,0,101,28,0,28,129
01/17/2016,TYS,TN,ASO,ES,Combined TRACON& Tower with Radar,30,55,23,8,116,0,0,5,0,5,30,55,28,8,121,0,0,0,121
01/18/2016,TYS,TN,ASO,ES,Combined TRACON& Tower with Radar,31,76,39,13,159,0,0,17,4,21,31,76,56,17,180,0,8,8,188
01/19/2016,TYS,TN,ASO,ES,Combined TRACON& Tower with Radar,31,72,62,58,223,0,0,29,3,32,31,72,91,61,255,0,0,0,255
01/20/2016,TYS,TN,ASO,ES,Combined TRACON& Tower with Radar,34,76,31,10,151,0,0,0,0,0,34,76,31,10,151,8,16,24,175
01/21/2016,TYS,TN,ASO,ES,Combined TRACON& Tower with Radar,43,81,56,28,208,0,0,6,0,6,43,81,62,28,214,12,22,34,248
01/22/2016,TYS,TN,ASO,ES,Combined TRACON& Tower with Radar,26,62,17,6,111,0,0,0,0,0,26,62,17,6,111,0,0,0,111
01/23/2016,TYS,TN,ASO,ES,Combined TRACON& Tower with Radar,27,37,11,0,75,0,0,0,0,0,27,37,11,0,75,0,0,0,75
01/24/2016,TYS,TN,ASO,ES,Combined TRACON& Tower with Radar,38,48,45,1,132,0,0,19,0,19,38,48,64,1,151,16,0,16,167
01/25/2016,TYS,TN,ASO,ES,Combined TRACON& Tower with Radar,31,62,52,16,161,0,0,27,0,27,31,62,79,16,188,0,14,14,202
01/26/2016,TYS,TN,ASO,ES,Combined TRACON& Tower with Radar,35,73,51,23,182,0,0,1,0,1,35,73,52,23,183,0,0,0,183
01/27/2016,TYS,TN,ASO,ES,Combined TRACON& Tower with Radar,36,69,61,20,186,0,0,12,0,12,36,69,73,20,198,20,0,20,218
01/28/2016,TYS,TN,ASO,ES,Combined TRACON& Tower with Radar,35,67,69,24,195,0,0,16,5,21,35,67,85,29,216,12,0,12,228
01/29/2016,TYS,TN,ASO,ES,Combined TRACON& Tower with Radar,44,75,64,22,205,0,0,34,1,35,44,75,98,23,240,32,0,32,272
01/30/2016,TYS,TN,ASO,ES,Combined TRACON& Tower with Radar,25,55,38,1,119,0,0,31,3,34,25,55,69,4,153,14,0,14,167
01/31/2016,TYS,TN,ASO,ES,Combined TRACON& Tower with Radar,31,59,35,12,137,0,0,7,0,7,31,59,42,12,144,0,0,0,144
02/01/2016,TYS,TN,ASO,ES,Combined TRACON& Tower with Radar,33,77,47,2,159,0,0,2,2,4,33,77,49,4,163,0,8,8,171
02/02/2016,TYS,TN,ASO,ES,Combined TRACON& Tower with Radar,35,70,62,18,185,0,0,14,2,16,35,70,76,20,201,0,0,0,201
02/03/2016,TYS,TN,ASO,ES,Combined TRACON& Tower with Radar,40,67,50,9,166,0,0,3,3,6,40,67,53,12,172,12,34,46,218
02/04/2016,TYS,TN,ASO,ES,Combined TRACON& Tower with Radar,39,80,53,42,214,0,0,15,7,22,39,80,68,49,236,10,36,46,282
02/05/2016,TYS,TN,ASO,ES,Combined TRACON& Tower with Radar,38,76,55,40,209,0,0,34,13,47,38,76,89,53,256,0,0,0,256
02/06/2016,TYS,TN,ASO,ES,Combined TRACON& Tower with Radar,25,51,35,5,116,0,4,27,14,45,25,55,62,19,161,0,0,0,161
02/07/2016,TYS,TN,ASO,ES,Combined TRACON& Tower with Radar,28,53,33,21,135,0,0,17,7,24,28,53,50,28,159,0,4,4,163
02/08/2016,TYS,TN,ASO,ES,Combined TRACON& Tower with Radar,31,67,36,17,151,0,0,6,5,11,31,67,42,22,162,0,26,26,188
02/09/2016,TYS,TN,ASO,ES,Combined TRACON& Tower with Radar,32,75,31,11,149,0,0,4,2,6,32,75,35,13,155,0,2,2,157
02/10/2016,TYS,TN,ASO,ES,Combined TRACON& Tower with Radar,35,72,63,21,191,0,0,18,4,22,35,72,81,25,213,0,0,0,213
02/11/2016,TYS,TN,ASO,ES,Combined TRACON& Tower with Radar,41,73,62,23,199,0,0,29,6,35,41,73,91,29,234,28,40,68,302
02/12/2016,TYS,TN,ASO,ES,Combined TRACON& Tower with Radar,35,95,61,3,194,0,0,3,1,4,35,95,64,4,198,0,0,0,198
02/13/2016,TYS,TN,ASO,ES,Combined TRACON& Tower with Radar,26,37,39,0,102,0,0,26,2,28,26,37,65,2,130,0,0,0,130
02/14/2016,TYS,TN,ASO,ES,Combined TRACON& Tower with Radar,23,69,19,2,113,0,0,3,1,4,23,69,22,3,117,0,0,0,117
02/15/2016,TYS,TN,ASO,ES,Combined TRACON& Tower with Radar,29,78,31,0,138,0,0,0,0,0,29,78,31,0,138,0,0,0,138
02/16/2016,TYS,TN,ASO,ES,Combined TRACON& Tower with Radar,37,71,64,18,190,0,0,2,1,3,37,71,66,19,193,0,28,28,221
02/17/2016,TYS,TN,ASO,ES,Combined TRACON& Tower with Radar,35,78,57,11,181,0,0,3,2,5,35,78,60,13,186,0,26,26,212
02/18/2016,TYS,TN,ASO,ES,Combined TRACON& Tower with Radar,37,92,80,89,298,0,1,39,6,46,37,93,119,95,344,20,122,142,486
02/19/2016,TYS,TN,ASO,ES,Combined TRACON& Tower with Radar,36,75,60,30,201,0,0,41,16,57,36,75,101,46,258,0,52,52,310
02/20/2016,TYS,TN,ASO,ES,Combined TRACON& Tower with Radar,26,48,56,0,130,0,0,2,6,8,26,48,58,6,138,0,96,96,234
02/21/2016,TYS,TN,ASO,ES,Combined TRACON& Tower with Radar,26,64,40,1,131,0,0,0,0,0,26,64,40,1,131,0,0,0,131
02/22/2016,TYS,TN,ASO,ES,Combined TRACON& Tower with Radar,31,71,54,28,184,0,0,8,0,8,31,71,62,28,192,0,0,0,192
02/23/2016,TYS,TN,ASO,ES,Combined TRACON& Tower with Radar,35,82,43,20,180,0,0,1,1,2,35,82,44,21,182,0,4,4,186
02/24/2016,TYS,TN,ASO,ES,Combined TRACON& Tower with Radar,38,68,27,0,133,0,0,0,7,7,38,68,27,7,140,0,30,30,170
02/25/2016,TYS,TN,ASO,ES,Combined TRACON& Tower with Radar,36,75,57,14,182,0,0,1,15,16,36,75,58,29,198,0,14,14,212
02/26/2016,TYS,TN,ASO,ES,Combined TRACON& Tower with Radar,36,78,65,24,203,0,0,49,5,54,36,78,114,29,257,16,26,42,299
02/27/2016,TYS,TN,ASO,ES,Combined TRACON& Tower with Radar,27,54,43,5,129,0,0,46,1,47,27,54,89,6,176,14,0,14,190
02/28/2016,TYS,TN,ASO,ES,Combined TRACON& Tower with Radar,24,77,46,2,149,0,0,40,0,40,24,77,86,2,189,0,0,0,189
02/29/2016,TYS,TN,ASO,ES,Combined TRACON& Tower with Radar,30,85,68,24,207,0,0,22,2,24,30,85,90,26,231,10,0,10,241
03/01/2016,TYS,TN,ASO,ES,Combined TRACON& Tower with Radar,41,96,86,18,241,0,0,15,2,17,41,96,101,20,258,4,6,10,268
03/02/2016,TYS,TN,ASO,ES,Combined TRACON& Tower with Radar,35,79,67,38,219,0,0,8,5,13,35,79,75,43,232,14,0,14,246
03/03/2016,TYS,TN,ASO,ES,Combined TRACON& Tower with Radar,31,79,74,35,219,0,0,6,2,8,31,79,80,37,227,2,78,80,307
03/04/2016,TYS,TN,ASO,ES,Combined TRACON& Tower with Radar,33,97,62,26,218,0,0,12,13,25,33,97,74,39,243,0,44,44,287
03/05/2016,TYS,TN,ASO,ES,Combined TRACON& Tower with Radar,25,52,45,1,123,0,0,42,12,54,25,52,87,13,177,14,22,36,213
03/06/2016,TYS,TN,ASO,ES,Combined TRACON& Tower with Radar,30,71,50,9,160,0,1,43,3,47,30,72,93,12,207,30,30,60,267
03/07/2016,TYS,TN,ASO,ES,Combined TRACON& Tower with Radar,27,86,41,28,182,0,0,28,8,36,27,86,69,36,218,0,0,0,218
03/08/2016,TYS,TN,ASO,ES,Combined TRACON& Tower with Radar,29,83,64,58,234,0,0,52,2,54,29,83,116,60,288,26,40,66,354
03/09/2016,TYS,TN,ASO,ES,Combined TRACON& Tower with Radar,31,84,68,82,265,0,0,37,5,42,31,84,105,87,307,0,66,66,373
03/10/2016,TYS,TN,ASO,ES,Combined TRACON& Tower with Radar,32,87,66,51,236,0,0,29,4,33,32,87,95,55,269,0,60,60,329
03/11/2016,TYS,TN,ASO,ES,Combined TRACON& Tower with Radar,31,87,68,41,227,0,0,13,5,18,31,87,81,46,245,0,46,46,291
03/12/2016,TYS,TN,ASO,ES,Combined TRACON& Tower with Radar,29,53,41,7,130,0,0,18,3,21,29,53,59,10,151,0,0,0,151
03/13/2016,TYS,TN,ASO,ES,Combined TRACON& Tower with Radar,28,65,22,7,122,0,0,2,2,4,28,65,24,9,126,0,12,12,138
03/14/2016,TYS,TN,ASO,ES,Combined TRACON& Tower with Radar,24,86,41,4,155,0,0,10,6,16,24,86,51,10,171,0,0,0,171
03/15/2016,TYS,TN,ASO,ES,Combined TRACON& Tower with Radar,30,84,75,57,246,0,0,39,8,47,30,84,114,65,293,0,8,8,301
03/16/2016,TYS,TN,ASO,ES,Combined TRACON& Tower with Radar,34,95,71,24,224,0,0,27,16,43,34,95,98,40,267,12,28,40,307
03/17/2016,TYS,TN,ASO,ES,Combined TRACON& Tower with Radar,30,76,56,63,225,0,0,44,15,59,30,76,100,78,284,12,94,106,390
03/18/2016,TYS,TN,ASO,ES,Combined TRACON& Tower with Radar,28,82,76,82,268,0,0,37,20,57,28,82,113,102,325,12,104,116,441
03/19/2016,TYS,TN,ASO,ES,Combined TRACON& Tower with Radar,34,60,42,5,141,0,0,23,13,36,34,60,65,18,177,0,0,0,177
03/20/2016,TYS,TN,ASO,ES,Combined TRACON& Tower with Radar,26,73,42,11,152,0,0,13,4,17,26,73,55,15,169,0,0,0,169
03/21/2016,TYS,TN,ASO,ES,Combined TRACON& Tower with Radar,26,79,42,48,195,0,2,24,0,26,26,81,66,48,221,52,36,88,309
03/22/2016,TYS,TN,ASO,ES,Combined TRACON& Tower with Radar,35,80,67,36,218,0,1,28,4,33,35,81,95,40,251,0,42,42,293
03/23/2016,TYS,TN,ASO,ES,Combined TRACON& Tower with Radar,33,81,67,47,228,0,0,19,5,24,33,81,86,52,252,0,54,54,306
03/24/2016,TYS,TN,ASO,ES,Combined TRACON& Tower with Radar,34,80,50,14,178,0,0,8,11,19,34,80,58,25,197,0,22,22,219
03/25/2016,TYS,TN,ASO,ES,Combined TRACON& Tower with Radar,30,92,58,16,196,0,0,23,0,23,30,92,81,16,219,40,18,58,277
03/26/2016,TYS,TN,ASO,ES,Combined TRACON& Tower with Radar,32,53,35,3,123,0,0,52,0,52,32,53,87,3,175,38,6,44,219
03/27/2016,TYS,TN,ASO,ES,Combined TRACON& Tower with Radar,26,76,34,1,137,0,0,2,0,2,26,76,36,1,139,10,0,10,149
03/28/2016,TYS,TN,ASO,ES,Combined TRACON& Tower with Radar,27,85,45,11,168,0,0,33,6,39,27,85,78,17,207,0,0,0,207
03/29/2016,TYS,TN,ASO,ES,Combined TRACON& Tower with Radar,32,73,73,64,242,0,0,52,10,62,32,73,125,74,304,4,62,66,370
03/30/2016,TYS,TN,ASO,ES,Combined TRACON& Tower with Radar,33,76,57,75,241,0,0,39,8,47,33,76,96,83,288,0,90,90,378
03/31/2016,TYS,TN,ASO,ES,Combined TRACON& Tower with Radar,31,73,56,20,180,0,0,1,7,8,31,73,57,27,188,0,32,32,220
04/01/2016,TYS,TN,ASO,ES,Combined TRACON& Tower with Radar,31,92,82,18,223,0,0,18,11,29,31,92,100,29,252,12,66,78,330
04/02/2016,TYS,TN,ASO,ES,Combined TRACON& Tower with Radar,24,57,40,41,162,0,0,22,17,39,24,57,62,58,201,0,22,22,223
04/03/2016,TYS,TN,ASO,ES,Combined TRACON& Tower with Radar,23,75,55,5,158,0,1,30,13,44,23,76,85,18,202,36,10,46,248
04/04/2016,TYS,TN,ASO,ES,Combined TRACON& Tower with Radar,25,84,63,43,215,0,0,43,9,52,25,84,106,52,267,10,62,72,339
04/05/2016,TYS,TN,ASO,ES,Combined TRACON& Tower with Radar,37,79,59,59,234,0,1,23,7,31,37,80,82,66,265,0,58,58,323
04/06/2016,TYS,TN,ASO,ES,Combined TRACON& Tower with Radar,32,89,82,21,224,0,0,14,6,20,32,89,96,27,244,8,56,64,308
04/07/2016,TYS,TN,ASO,ES,Combined TRACON& Tower with Radar,32,87,72,16,207,0,0,6,7,13,32,87,78,23,220,0,16,16,236
04/08/2016,TYS,TN,ASO,ES,Combined TRACON& Tower with Radar,31,95,70,67,263,0,0,12,15,27,31,95,82,82,290,0,42,42,332
04/09/2016,TYS,TN,ASO,ES,Combined TRACON& Tower with Radar,24,57,35,8,124,0,0,9,14,23,24,57,44,22,147,0,58,58,205
04/10/2016,TYS,TN,ASO,ES,Combined TRACON& Tower with Radar,26,79,65,6,176,0,0,32,2,34,26,79,97,8,210,16,0,16,226
04/11/2016,TYS,TN,ASO,ES,Combined TRACON& Tower with Radar,31,86,68,6,191,0,0,29,4,33,31,86,97,10,224,14,0,14,238
04/12/2016,TYS,TN,ASO,ES,Combined TRACON& Tower with Radar,30,74,68,13,185,0,0,20,0,20,30,74,88,13,205,14,12,26,231
04/13/2016,TYS,TN,ASO,ES,Combined TRACON& Tower with Radar,37,80,92,37,246,0,0,46,9,55,37,80,138,46,301,44,34,78,379
04/14/2016,TYS,TN,ASO,ES,Combined TRACON& Tower with Radar,34,80,83,18,215,0,0,28,88,116,34,80,111,106,331,22,40,62,393
04/15/2016,TYS,TN,ASO,ES,Combined TRACON& Tower with Radar,39,80,58,59,236,0,0,28,10,38,39,80,86,69,274,0,216,216,490
04/16/2016,TYS,TN,ASO,ES,Combined TRACON& Tower with Radar,25,58,27,10,120,0,0,59,31,90,25,58,86,41,210,92,122,214,424
04/17/2016,TYS,TN,ASO,ES,Combined TRACON& Tower with Radar,27,58,47,9,141,0,0,59,42,101,27,58,106,51,242,6,14,20,262
04/18/2016,TYS,TN,ASO,ES,Combined TRACON& Tower with Radar,29,73,60,74,236,0,0,51,8,59,29,73,111,82,295,0,0,0,295
04/19/2016,TYS,TN,ASO,ES,Combined TRACON& Tower with Radar,34,84,71,23,212,0,0,43,4,47,34,84,114,27,259,28,44,72,331
04/20/2016,TYS,TN,ASO,ES,Combined TRACON& Tower with Radar,34,84,69,30,217,0,0,29,8,37,34,84,98,38,254,44,32,76,330
04/21/2016,TYS,TN,ASO,ES,Combined TRACON& Tower with Radar,34,89,58,33,214,0,0,15,11,26,34,89,73,44,240,32,0,32,272
04/22/2016,TYS,TN,ASO,ES,Combined TRACON& Tower with Radar,34,83,56,24,197,0,0,2,2,4,34,83,58,26,201,0,0,0,201
04/23/2016,TYS,TN,ASO,ES,Combined TRACON& Tower with Radar,23,55,53,4,135,0,0,23,0,23,23,55,76,4,158,8,0,8,166
04/24/2016,TYS,TN,ASO,ES,Combined TRACON& Tower with Radar,26,74,54,14,168,0,0,34,5,39,26,74,88,19,207,42,14,56,263
04/25/2016,TYS,TN,ASO,ES,Combined TRACON& Tower with Radar,29,80,68,28,205,0,0,22,2,24,29,80,90,30,229,0,0,0,229
04/26/2016,TYS,TN,ASO,ES,Combined TRACON& Tower with Radar,35,78,63,14,190,0,1,18,16,35,35,79,81,30,225,12,0,12,237
04/27/2016,TYS,TN,ASO,ES,Combined TRACON& Tower with Radar,35,84,81,27,227,0,0,18,9,27,35,84,99,36,254,0,60,60,314
04/28/2016,TYS,TN,ASO,ES,Combined TRACON& Tower with Radar,34,91,66,57,248,0,0,16,9,25,34,91,82,66,273,22,66,88,361
04/29/2016,TYS,TN,ASO,ES,Combined TRACON& Tower with Radar,38,82,81,20,221,0,1,51,10,62,38,83,132,30,283,0,0,0,283
04/30/2016,TYS,TN,ASO,ES,Combined TRACON& Tower with Radar,21,57,28,3,109,0,0,7,0,7,21,57,35,3,116,0,0,0,116
05/01/2016,TYS,TN,ASO,ES,Combined TRACON& Tower with Radar,26,75,38,13,152,0,2,10,1,13,26,77,48,14,165,10,0,10,175
05/02/2016,TYS,TN,ASO,ES,Combined TRACON& Tower with Radar,31,86,61,8,186,0,2,14,1,17,31,88,75,9,203,0,0,0,203
05/03/2016,TYS,TN,ASO,ES,Combined TRACON& Tower with Radar,34,80,73,19,206,0,0,15,7,22,34,80,88,26,228,0,0,0,228
05/04/2016,TYS,TN,ASO,ES,Combined TRACON& Tower with Radar,37,83,58,32,210,0,0,23,12,35,37,83,81,44,245,0,0,0,245
05/05/2016,TYS,TN,ASO,ES,Combined TRACON& Tower with Radar,36,93,65,49,243,0,0,7,10,17,36,93,72,59,260,12,50,62,322
05/06/2016,TYS,TN,ASO,ES,Combined TRACON& Tower with Radar,37,95,71,35,238,0,0,43,18,61,37,95,114,53,299,14,52,66,365
05/07/2016,TYS,TN,ASO,ES,Combined TRACON& Tower with Radar,31,60,65,11,167,0,0,31,14,45,31,60,96,25,212,24,30,54,266
05/08/2016,TYS,TN,ASO,ES,Combined TRACON& Tower with Radar,27,91,40,4,162,0,1,26,0,27,27,92,66,4,189,0,0,0,189
05/09/2016,TYS,TN,ASO,ES,Combined TRACON& Tower with Radar,37,84,73,27,221,0,0,11,7,18,37,84,84,34,239,0,0,0,239
05/10/2016,TYS,TN,ASO,ES,Combined TRACON& Tower with Radar,36,92,69,27,224,0,0,17,5,22,36,92,86,32,246,6,42,48,294
05/11/2016,TYS,TN,ASO,ES,Combined TRACON& Tower with Radar,34,93,81,20,228,0,0,12,3,15,34,93,93,23,243,24,16,40,283
05/12/2016,TYS,TN,ASO,ES,Combined TRACON& Tower with Radar,39,87,68,25,219,0,0,21,16,37,39,87,89,41,256,0,4,4,260
05/13/2016,TYS,TN,ASO,ES,Combined TRACON& Tower with Radar,42,89,95,40,266,0,1,38,7,46,42,90,133,47,312,22,66,88,400
05/14/2016,TYS,TN,ASO,ES,Combined TRACON& Tower with Radar,34,65,36,19,154,0,2,18,5,25,34,67,54,24,179,14,10,24,203
05/15/2016,TYS,TN,ASO,ES,Combined TRACON& Tower with Radar,31,89,63,7,190,0,0,23,6,29,31,89,86,13,219,0,6,6,225
05/16/2016,TYS,TN,ASO,ES,Combined TRACON& Tower with Radar,41,80,53,33,207,0,0,30,2,32,41,80,83,35,239,12,26,38,277
05/17/2016,TYS,TN,ASO,ES,Combined TRACON& Tower with Radar,36,85,81,52,254,0,0,27,1,28,36,85,108,53,282,52,40,92,374
05/18/2016,TYS,TN,ASO,ES,Combined TRACON& Tower with Radar,38,82,91,55,266,0,0,8,4,12,38,82,99,59,278,26,96,122,400
05/19/2016,TYS,TN,ASO,ES,Combined TRACON& Tower with Radar,39,83,83,59,264,0,0,25,13,38,39,83,108,72,302,22,100,122,424
05/20/2016,TYS,TN,ASO,ES,Combined TRACON& Tower with Radar,49,91,52,23,215,0,0,4,3,7,49,91,56,26,222,42,6,48,270
05/21/2016,TYS,TN,ASO,ES,Combined TRACON& Tower with Radar,28,61,35,0,124,0,0,3,0,3,28,61,38,0,127,0,0,0,127
05/22/2016,TYS,TN,ASO,ES,Combined TRACON& Tower with Radar,33,88,38,16,175,0,0,18,1,19,33,88,56,17,194,32,28,60,254
05/23/2016,TYS,TN,ASO,ES,Combined TRACON& Tower with Radar,41,93,54,15,203,0,0,39,13,52,41,93,93,28,255,50,54,104,359
05/24/2016,TYS,TN,ASO,ES,Combined TRACON& Tower with Radar,36,92,74,25,227,0,0,49,5,54,36,92,123,30,281,11,28,39,320
05/25/2016,TYS,TN,ASO,ES,Combined TRACON& Tower with Radar,42,74,51,33,200,0,0,37,9,46,42,74,88,42,246,56,12,68,314
05/26/2016,TYS,TN,ASO,ES,Combined TRACON& Tower with Radar,42,75,74,38,229,0,1,24,15,40,42,76,98,53,269,46,100,146,415
05/27/2016,TYS,TN,ASO,ES,Combined TRACON& Tower with Radar,47,94,56,24,221,0,0,20,6,26,47,94,76,30,247,20,22,42,289
05/28/2016,TYS,TN,ASO,ES,Combined TRACON& Tower with Radar,34,60,28,0,122,0,0,10,0,10,34,60,38,0,132,10,0,10,142
05/29/2016,TYS,TN,ASO,ES,Combined TRACON& Tower with Radar,38,57,24,0,119,0,0,14,6,20,38,57,38,6,139,6,0,6,145
05/30/2016,TYS,TN,ASO,ES,Combined TRACON& Tower with Radar,38,84,45,0,167,0,0,24,0,24,38,84,69,0,191,2,0,2,193
05/31/2016,TYS,TN,ASO,ES,Combined TRACON& Tower with Radar,30,73,67,2,172,0,2,25,0,27,30,75,92,2,199,20,0,20,219
06/01/2016,TYS,TN,ASO,ES,Combined TRACON& Tower with Radar,41,83,52,22,198,0,0,29,3,32,41,83,81,25,230,44,46,90,320
06/02/2016,TYS,TN,ASO,ES,Combined TRACON& Tower with Radar,36,78,68,29,211,0,0,24,3,27,36,78,92,32,238,28,12,40,278
06/03/2016,TYS,TN,ASO,ES,Combined TRACON& Tower with Radar,50,77,67,34,228,0,0,20,12,32,50,77,87,46,260,18,8,26,286
06/04/2016,TYS,TN,ASO,ES,Combined TRACON& Tower with Radar,34,60,29,2,125,0,0,14,3,17,34,60,43,5,142,14,0,14,156
06/05/2016,TYS,TN,ASO,ES,Combined TRACON& Tower with Radar,33,62,50,10,155,0,0,0,3,3,33,62,50,13,158,0,8,8,166
06/06/2016,TYS,TN,ASO,ES,Combined TRACON& Tower with Radar,41,84,50,13,188,0,2,23,2,27,41,86,73,15,215,22,12,34,249
06/07/2016,TYS,TN,ASO,ES,Combined TRACON& Tower with Radar,38,83,61,69,251,0,0,37,2,39,38,83,98,71,290,6,88,94,384
06/08/2016,TYS,TN,ASO,ES,Combined TRACON& Tower with Radar,46,88,60,38,232,0,0,54,9,63,46,88,114,47,295,26,40,66,361
06/09/2016,TYS,TN,ASO,ES,Combined TRACON& Tower with Radar,38,96,66,27,227,0,0,38,7,45,38,96,104,34,272,28,44,72,344
06/10/2016,TYS,TN,ASO,ES,Combined TRACON& Tower with Radar,43,87,65,48,243,0,1,63,6,70,43,88,128,54,313,96,138,234,547
06/11/2016,TYS,TN,ASO,ES,Combined TRACON& Tower with Radar,36,66,33,7,142,0,1,33,6,40,36,67,66,13,182,40,20,60,242
06/12/2016,TYS,TN,ASO,ES,Combined TRACON& Tower with Radar,33,71,62,10,176,0,0,37,4,41,33,71,99,14,217,68,0,68,285
06/13/2016,TYS,TN,ASO,ES,Combined TRACON& Tower with Radar,42,85,61,22,210,0,0,22,8,30,42,85,83,30,240,6,44,50,290
06/14/2016,TYS,TN,ASO,ES,Combined TRACON& Tower with Radar,41,83,72,41,237,0,0,20,4,24,41,83,92,45,261,0,44,44,305
06/15/2016,TYS,TN,ASO,ES,Combined TRACON& Tower with Radar,46,97,76,21,240,0,0,17,7,24,46,97,93,28,264,2,26,28,292
06/16/2016,TYS,TN,ASO,ES,Combined TRACON& Tower with Radar,36,85,87,32,240,1,1,41,7,50,37,86,128,39,290,24,56,80,370
06/17/2016,TYS,TN,ASO,ES,Combined TRACON& Tower with Radar,53,86,61,26,226,0,0,35,6,41,53,86,96,32,267,32,18,50,317
06/18/2016,TYS,TN,ASO,ES,Combined TRACON& Tower with Radar,33,64,44,11,152,0,0,48,5,53,33,64,92,16,205,20,0,20,225
06/19/2016,TYS,TN,ASO,ES,Combined TRACON& Tower with Radar,36,87,47,16,186,0,0,41,5,46,36,87,88,21,232,14,12,26,258
06/20/2016,TYS,TN,ASO,ES,Combined TRACON& Tower with Radar,43,78,59,26,206,0,2,30,6,38,43,80,89,32,244,2,6,8,252
06/21/2016,TYS,TN,ASO,ES,Combined TRACON& Tower with Radar,36,78,38,18,170,0,0,14,3,17,36,78,52,21,187,6,0,6,193
06/22/2016,TYS,TN,ASO,ES,Combined TRACON& Tower with Radar,40,90,52,51,233,0,0,24,1,25,40,90,76,52,258,14,38,52,310
06/23/2016,TYS,TN,ASO,ES,Combined TRACON& Tower with Radar,38,82,65,30,215,0,0,34,12,46,38,82,99,42,261,16,46,62,323
06/24/2016,TYS,TN,ASO,ES,Combined TRACON& Tower with Radar,49,87,57,14,207,0,0,18,8,26,49,87,75,22,233,2,20,22,255
06/25/2016,TYS,TN,ASO,ES,Combined TRACON& Tower with Radar,31,57,39,0,127,0,1,28,2,31,31,58,67,2,158,36,0,36,194
06/26/2016,TYS,TN,ASO,ES,Combined TRACON& Tower with Radar,34,68,39,18,159,0,0,25,1,26,34,68,64,19,185,4,0,4,189
06/27/2016,TYS,TN,ASO,ES,Combined TRACON& Tower with Radar,39,79,51,22,191,0,0,17,4,21,39,79,68,26,212,0,40,40,252
06/28/2016,TYS,TN,ASO,ES,Combined TRACON& Tower with Radar,36,78,75,35,224,0,2,48,0,50,36,80,123,35,274,4,70,74,348
06/29/2016,TYS,TN,ASO,ES,Combined TRACON& Tower with Radar,48,83,93,37,261,0,2,40,5,47,48,85,133,42,308,24,38,62,370
06/30/2016,TYS,TN,ASO,ES,Combined TRACON& Tower with Radar,37,99,85,35,256,0,0,48,13,61,37,99,133,48,317,30,72,102,419
07/01/2016,TYS,TN,ASO,ES,Combined TRACON& Tower with Radar,58,77,72,37,244,0,0,45,2,47,58,77,117,39,291,30,58,88,379
07/02/2016,TYS,TN,ASO,ES,Combined TRACON& Tower with Radar,32,62,25,0,119,0,0,31,0,31,32,62,56,0,150,0,14,14,164
07/03/2016,TYS,TN,ASO,ES,Combined TRACON& Tower with Radar,34,54,16,0,104,0,1,14,0,15,34,55,30,0,119,20,0,20,139
07/04/2016,TYS,TN,ASO,ES,Combined TRACON& Tower with Radar,42,47,30,1,120,0,0,15,0,15,42,47,45,1,135,8,0,8,143
07/05/2016,TYS,TN,ASO,ES,Combined TRACON& Tower with Radar,43,72,42,4,161,0,0,11,3,14,43,72,53,7,175,0,0,0,175
07/06/2016,TYS,TN,ASO,ES,Combined TRACON& Tower with Radar,46,79,54,24,203,0,0,9,4,13,46,79,63,28,216,0,30,30,246
07/07/2016,TYS,TN,ASO,ES,Combined TRACON& Tower with Radar,40,71,77,33,221,0,0,4,7,11,40,71,81,40,232,0,42,42,274
07/08/2016,TYS,TN,ASO,ES,Combined TRACON& Tower with Radar,54,79,62,33,228,0,0,36,18,54,54,79,98,51,282,0,50,50,332
07/09/2016,TYS,TN,ASO,ES,Combined TRACON& Tower with Radar,32,60,56,14,162,0,0,37,8,45,32,60,93,22,207,10,42,52,259
07/10/2016,TYS,TN,ASO,ES,Combined TRACON& Tower with Radar,36,74,74,30,214,0,0,44,6,50,36,74,118,36,264,18,0,18,282
07/11/2016,TYS,TN,ASO,ES,Combined TRACON& Tower with Radar,52,78,65,2,197,0,0,31,0,31,52,78,96,2,228,20,0,20,248
07/12/2016,TYS,TN,ASO,ES,Combined TRACON& Tower with Radar,47,83,62,14,206,0,0,26,4,30,47,83,88,18,236,8,12,20,256
07/13/2016,TYS,TN,ASO,ES,Combined TRACON& Tower with Radar,48,76,57,26,207,0,0,37,4,41,48,76,94,30,248,12,38,50,298
07/14/2016,TYS,TN,ASO,ES,Combined TRACON& Tower with Radar,44,98,85,47,274,0,0,17,16,33,44,98,102,63,307,18,34,52,359
07/15/2016,TYS,TN,ASO,ES,Combined TRACON& Tower with Radar,54,81,71,20,226,0,1,53,15,69,54,82,124,35,295,0,14,14,309
07/16/2016,TYS,TN,ASO,ES,Combined TRACON& Tower with Radar,31,68,35,8,142,0,0,29,14,43,31,68,64,22,185,58,20,78,263
07/17/2016,TYS,TN,ASO,ES,Combined TRACON& Tower with Radar,36,68,57,40,201,0,0,34,14,48,36,68,91,54,249,24,12,36,285
07/18/2016,TYS,TN,ASO,ES,Combined TRACON& Tower with Radar,47,72,79,8,206,0,2,26,0,28,47,74,105,8,234,6,12,18,252
07/19/2016,TYS,TN,ASO,ES,Combined TRACON& Tower with Radar,49,85,45,25,204,0,0,24,7,31,49,85,69,32,235,10,20,30,265
07/20/2016,TYS,TN,ASO,ES,Combined TRACON& Tower with Radar,49,79,59,20,207,0,0,25,6,31,49,79,84,26,238,24,52,76,314
07/21/2016,TYS,TN,ASO,ES,Combined TRACON& Tower with Radar,52,73,84,41,250,0,2,35,14,51,52,75,119,55,301,46,54,100,401
07/22/2016,TYS,TN,ASO,ES,Combined TRACON& Tower with Radar,56,78,60,42,236,0,0,37,2,39,56,78,97,44,275,54,18,72,347
07/23/2016,TYS,TN,ASO,ES,Combined TRACON& Tower with Radar,31,55,33,7,126,0,0,21,3,24,31,55,54,10,150,44,12,56,206
07/24/2016,TYS,TN,ASO,ES,Combined TRACON& Tower with Radar,36,65,36,12,149,0,0,35,1,36,36,65,71,13,185,24,32,56,241
07/25/2016,TYS,TN,ASO,ES,Combined TRACON& Tower with Radar,43,70,58,37,208,0,0,26,8,34,43,70,84,45,242,30,16,46,288
07/26/2016,TYS,TN,ASO,ES,Combined TRACON& Tower with Radar,38,86,81,68,273,0,0,32,2,34,38,86,113,70,307,34,78,112,419
07/27/2016,TYS,TN,ASO,ES,Combined TRACON& Tower with Radar,47,76,62,34,219,0,2,41,3,46,47,78,103,37,265,22,34,56,321
07/28/2016,TYS,TN,ASO,ES,Combined TRACON& Tower with Radar,43,87,79,10,219,0,0,21,6,27,43,87,100,16,246,0,84,84,330
07/29/2016,TYS,TN,ASO,ES,Combined TRACON& Tower with Radar,50,80,58,41,229,0,0,11,0,11,50,80,69,41,240,22,14,36,276
07/30/2016,TYS,TN,ASO,ES,Combined TRACON& Tower with Radar,43,55,41,7,146,0,1,14,5,20,43,56,55,12,166,0,0,0,166
07/31/2016,TYS,TN,ASO,ES,Combined TRACON& Tower with Radar,40,71,39,30,180,0,2,18,2,22,40,73,57,32,202,84,0,84,286
08/01/2016,TYS,TN,ASO,ES,Combined TRACON& Tower with Radar,47,73,45,3,168,0,0,33,0,33,47,73,78,3,201,46,12,58,259
08/02/2016,TYS,TN,ASO,ES,Combined TRACON& Tower with Radar,41,76,66,25,208,0,1,21,1,23,41,77,87,26,231,0,0,0,231
08/03/2016,TYS,TN,ASO,ES,Combined TRACON& Tower with Radar,46,79,57,58,240,0,0,36,2,38,46,79,93,60,278,16,92,108,386
08/04/2016,TYS,TN,ASO,ES,Combined TRACON& Tower with Radar,44,82,72,34,232,0,1,25,13,39,44,83,97,47,271,24,56,80,351
08/05/2016,TYS,TN,ASO,ES,Combined TRACON& Tower with Radar,58,77,95,49,279,0,0,29,6,35,58,77,124,55,314,0,0,0,314
08/06/2016,TYS,TN,ASO,ES,Combined TRACON& Tower with Radar,32,60,38,4,134,0,0,29,2,31,32,60,67,6,165,16,0,16,181
08/07/2016,TYS,TN,ASO,ES,Combined TRACON& Tower with Radar,39,74,37,8,158,0,0,12,0,12,39,74,49,8,170,8,8,16,186
08/08/2016,TYS,TN,ASO,ES,Combined TRACON& Tower with Radar,36,71,73,0,180,0,0,13,3,16,36,71,86,3,196,0,0,0,196
08/09/2016,TYS,TN,ASO,ES,Combined TRACON& Tower with Radar,39,80,86,14,219,0,0,27,14,41,39,80,113,28,260,8,8,16,276
08/10/2016,TYS,TN,ASO,ES,Combined TRACON& Tower with Radar,43,81,94,42,260,0,2,27,10,39,43,83,121,52,299,30,78,108,407
08/11/2016,TYS,TN,ASO,ES,Combined TRACON& Tower with Radar,44,79,72,63,258,0,2,23,12,37,44,81,95,75,295,26,32,58,353
08/12/2016,TYS,TN,ASO,ES,Combined TRACON& Tower with Radar,49,81,64,39,233,0,0,23,15,38,49,81,87,54,271,12,42,54,325
08/13/2016,TYS,TN,ASO,ES,Combined TRACON& Tower with Radar,39,63,28,6,136,0,2,22,9,33,39,65,50,15,169,18,0,18,187
08/14/2016,TYS,TN,ASO,ES,Combined TRACON& Tower with Radar,36,74,39,15,164,0,0,14,12,26,36,74,53,27,190,26,32,58,248
08/15/2016,TYS,TN,ASO,ES,Combined TRACON& Tower with Radar,46,79,47,12,184,0,0,15,2,17,46,79,62,14,201,14,10,24,225
08/16/2016,TYS,TN,ASO,ES,Combined TRACON& Tower with Radar,40,85,76,69,270,0,1,25,18,44,40,86,101,87,314,0,46,46,360
08/17/2016,TYS,TN,ASO,ES,Combined TRACON& Tower with Radar,41,72,67,43,223,0,3,28,15,46,41,75,95,58,269,26,34,60,329
08/18/2016,TYS,TN,ASO,ES,Combined TRACON& Tower with Radar,44,86,103,9,242,0,0,16,11,27,44,86,119,20,269,18,18,36,305
08/19/2016,TYS,TN,ASO,ES,Combined TRACON& Tower with Radar,44,77,68,20,209,0,0,12,6,18,44,77,80,26,227,0,0,0,227
08/20/2016,TYS,TN,ASO,ES,Combined TRACON& Tower with Radar,30,51,30,3,114,0,0,4,0,4,30,51,34,3,118,12,0,12,130
08/21/2016,TYS,TN,ASO,ES,Combined TRACON& Tower with Radar,35,73,37,0,145,0,0,8,0,8,35,73,45,0,153,8,0,8,161
08/22/2016,TYS,TN,ASO,ES,Combined TRACON& Tower with Radar,39,77,58,37,211,0,0,45,3,48,39,77,103,40,259,30,14,44,303
08/23/2016,TYS,TN,ASO,ES,Combined TRACON& Tower with Radar,42,81,65,57,245,0,0,48,12,60,42,81,113,69,305,22,70,92,397
08/24/2016,TYS,TN,ASO,ES,Combined TRACON& Tower with Radar,43,67,79,16,205,0,1,27,12,40,43,68,106,28,245,12,16,28,273
08/25/2016,TYS,TN,ASO,ES,Combined TRACON& Tower with Radar,50,85,74,62,271,0,0,27,27,54,50,85,101,89,325,20,72,92,417
08/26/2016,TYS,TN,ASO,ES,Combined TRACON& Tower with Radar,47,70,73,17,207,0,0,30,9,39,47,70,103,26,246,76,22,98,344
08/27/2016,TYS,TN,ASO,ES,Combined TRACON& Tower with Radar,31,55,47,3,136,0,0,36,0,36,31,55,83,3,172,16,0,16,188
08/28/2016,TYS,TN,ASO,ES,Combined TRACON& Tower with Radar,36,73,42,10,161,0,0,19,3,22,36,73,61,13,183,30,0,30,213
08/29/2016,TYS,TN,ASO,ES,Combined TRACON& Tower with Radar,39,70,50,10,169,0,1,28,4,33,39,71,78,14,202,16,10,26,228
08/30/2016,TYS,TN,ASO,ES,Combined TRACON& Tower with Radar,38,65,70,49,222,0,0,29,4,33,38,65,99,53,255,14,42,56,311
08/31/2016,TYS,TN,ASO,ES,Combined TRACON& Tower with Radar,43,70,75,21,209,0,0,33,4,37,43,70,108,25,246,36,22,58,304
09/01/2016,TYS,TN,ASO,ES,Combined TRACON& Tower with Radar,56,82,75,55,268,0,0,21,1,22,56,82,96,56,290,26,54,80,370
09/02/2016,TYS,TN,ASO,ES,Combined TRACON& Tower with Radar,47,86,74,13,220,0,0,35,2,37,47,86,109,15,257,96,0,96,353
09/03/2016,TYS,TN,ASO,ES,Combined TRACON& Tower with Radar,36,47,35,4,122,0,0,30,0,30,36,47,65,4,152,2,0,2,154
09/04/2016,TYS,TN,ASO,ES,Combined TRACON& Tower with Radar,34,39,24,0,97,0,0,19,0,19,34,39,43,0,116,0,0,0,116
09/05/2016,TYS,TN,ASO,ES,Combined TRACON& Tower with Radar,39,79,59,0,177,0,3,31,3,37,39,82,90,3,214,20,0,20,234
09/06/2016,TYS,TN,ASO,ES,Combined TRACON& Tower with Radar,37,74,73,45,229,0,1,45,2,48,37,75,118,47,277,30,20,50,327
09/07/2016,TYS,TN,ASO,ES,Combined TRACON& Tower with Radar,41,75,53,62,231,0,1,25,2,28,41,76,78,64,259,14,28,42,301
09/08/2016,TYS,TN,ASO,ES,Combined TRACON& Tower with Radar,46,86,74,42,248,0,0,29,16,45,46,86,103,58,293,0,120,120,413
09/09/2016,TYS,TN,ASO,ES,Combined TRACON& Tower with Radar,47,76,97,85,305,0,1,45,21,67,47,77,142,106,372,102,6,108,480
09/10/2016,TYS,TN,ASO,ES,Combined TRACON& Tower with Radar,36,51,41,10,138,0,2,21,12,35,36,53,62,22,173,10,22,32,205
09/11/2016,TYS,TN,ASO,ES,Combined TRACON& Tower with Radar,35,63,73,22,193,0,1,23,4,28,35,64,96,26,221,14,0,14,235
09/12/2016,TYS,TN,ASO,ES,Combined TRACON& Tower with Radar,41,79,45,31,196,0,0,26,0,26,41,79,71,31,222,24,16,40,262
09/13/2016,TYS,TN,ASO,ES,Combined TRACON& Tower with Radar,38,76,70,56,240,0,0,31,6,37,38,76,101,62,277,28,38,66,343
09/14/2016,TYS,TN,ASO,ES,Combined TRACON& Tower with Radar,42,75,66,52,235,0,0,28,13,41,42,75,94,65,276,20,94,114,390
09/15/2016,TYS,TN,ASO,ES,Combined TRACON& Tower with Radar,44,87,80,68,279,0,0,35,14,49,44,87,115,82,328,12,82,94,422
09/16/2016,TYS,TN,ASO,ES,Combined TRACON& Tower with Radar,47,82,58,21,208,0,0,24,12,36,47,82,82,33,244,20,8,28,272
09/17/2016,TYS,TN,ASO,ES,Combined TRACON& Tower with Radar,36,58,38,1,133,0,0,22,1,23,36,58,60,2,156,4,0,4,160
09/18/2016,TYS,TN,ASO,ES,Combined TRACON& Tower with Radar,42,81,44,1,168,0,0,1,0,1,42,81,45,1,169,0,0,0,169
09/19/2016,TYS,TN,ASO,ES,Combined TRACON& Tower with Radar,39,77,67,35,218,0,0,16,0,16,39,77,83,35,234,36,0,36,270
09/20/2016,TYS,TN,ASO,ES,Combined TRACON& Tower with Radar,37,75,80,52,244,0,1,26,9,36,37,76,106,61,280,10,34,44,324
09/21/2016,TYS,TN,ASO,ES,Combined TRACON& Tower with Radar,45,72,69,35,221,0,0,34,3,37,45,72,103,38,258,24,36,60,318
09/22/2016,TYS,TN,ASO,ES,Combined TRACON& Tower with Radar,45,77,97,94,313,0,2,38,11,51,45,79,135,105,364,56,82,138,502
09/23/2016,TYS,TN,ASO,ES,Combined TRACON& Tower with Radar,48,77,100,43,268,0,0,57,3,60,48,77,157,46,328,42,84,126,454
09/24/2016,TYS,TN,ASO,ES,Combined TRACON& Tower with Radar,37,58,93,8,196,0,2,29,1,32,37,60,122,9,228,3,12,15,243
09/25/2016,TYS,TN,ASO,ES,Combined TRACON& Tower with Radar,36,75,87,1,199,0,0,37,2,39,36,75,124,3,238,0,0,0,238
09/26/2016,TYS,TN,ASO,ES,Combined TRACON& Tower with Radar,42,89,59,4,194,0,0,10,0,10,42,89,69,4,204,0,2,2,206
09/27/2016,TYS,TN,ASO,ES,Combined TRACON& Tower with Radar,42,84,79,58,263,0,0,27,2,29,42,84,106,60,292,16,56,72,364
09/28/2016,TYS,TN,ASO,ES,Combined TRACON& Tower with Radar,43,80,70,60,253,0,2,25,5,32,43,82,95,65,285,38,48,86,371
09/29/2016,TYS,TN,ASO,ES,Combined TRACON& Tower with Radar,44,79,83,16,222,0,0,7,2,9,44,79,90,18,231,0,0,0,231
09/30/2016,TYS,TN,ASO,ES,Combined TRACON& Tower with Radar,44,80,71,12,207,0,0,32,2,34,44,80,103,14,241,22,0,22,263
10/01/2016,TYS,TN,ASO,ES,Combined TRACON& Tower with Radar,43,43,52,6,144,0,2,37,0,39,43,45,89,6,183,20,0,20,203
10/02/2016,TYS,TN,ASO,ES,Combined TRACON& Tower with Radar,44,63,43,9,159,0,0,20,2,22,44,63,63,11,181,0,0,0,181
10/03/2016,TYS,TN,ASO,ES,Combined TRACON& Tower with Radar,47,69,76,75,267,0,0,31,3,34,47,69,107,78,301,8,66,74,375
10/04/2016,TYS,TN,ASO,ES,Combined TRACON& Tower with Radar,50,64,64,21,199,0,0,27,3,30,50,64,91,24,229,14,16,30,259
10/05/2016,TYS,TN,ASO,ES,Combined TRACON& Tower with Radar,54,80,84,45,263,0,0,42,1,43,54,80,126,46,306,42,14,56,362
10/06/2016,TYS,TN,ASO,ES,Combined TRACON& Tower with Radar,48,86,99,31,264,0,0,29,6,35,48,86,128,37,299,0,10,10,309
10/07/2016,TYS,TN,ASO,ES,Combined TRACON& Tower with Radar,50,88,53,34,225,0,0,28,2,30,50,88,81,36,255,18,0,18,273
10/08/2016,TYS,TN,ASO,ES,Combined TRACON& Tower with Radar,44,44,38,4,130,0,0,3,3,6,44,44,41,7,136,0,0,0,136
10/09/2016,TYS,TN,ASO,ES,Combined TRACON& Tower with Radar,51,73,66,3,193,0,0,23,0,23,51,73,89,3,216,0,0,0,216
10/10/2016,TYS,TN,ASO,ES,Combined TRACON& Tower with Radar,50,72,65,5,192,0,0,20,0,20,50,72,85,5,212,0,0,0,212
10/11/2016,TYS,TN,ASO,ES,Combined TRACON& Tower with Radar,50,81,75,16,222,0,0,30,3,33,50,81,105,19,255,12,44,56,311
10/12/2016,TYS,TN,ASO,ES,Combined TRACON& Tower with Radar,49,74,78,42,243,0,0,30,12,42,49,74,108,54,285,22,84,106,391
10/13/2016,TYS,TN,ASO,ES,Combined TRACON& Tower with Radar,52,76,101,81,310,0,0,29,21,50,52,76,130,102,360,2,92,94,454
10/14/2016,TYS,TN,ASO,ES,Combined TRACON& Tower with Radar,53,87,113,31,284,0,0,33,7,40,53,87,146,38,324,4,44,48,372
10/15/2016,TYS,TN,ASO,ES,Combined TRACON& Tower with Radar,40,77,111,9,237,0,0,17,0,17,40,77,128,9,254,0,0,0,254
10/16/2016,TYS,TN,ASO,ES,Combined TRACON& Tower with Radar,50,82,85,5,222,0,0,25,2,27,50,82,110,7,249,0,0,0,249
10/17/2016,TYS,TN,ASO,ES,Combined TRACON& Tower with Radar,49,74,81,30,234,0,0,30,5,35,49,74,111,35,269,22,10,32,301
10/18/2016,TYS,TN,ASO,ES,Combined TRACON& Tower with Radar,48,71,80,23,222,0,0,33,4,37,48,71,113,27,259,14,20,34,293
10/19/2016,TYS,TN,ASO,ES,Combined TRACON& Tower with Radar,48,87,84,51,270,0,0,62,9,71,48,87,146,60,341,64,72,136,477
10/20/2016,TYS,TN,ASO,ES,Combined TRACON& Tower with Radar,54,97,96,35,282,0,0,16,17,33,54,97,112,52,315,0,56,56,371
10/21/2016,TYS,TN,ASO,ES,Combined TRACON& Tower with Radar,57,86,77,28,248,0,2,12,13,27,57,88,89,41,275,8,6,14,289
10/22/2016,TYS,TN,ASO,ES,Combined TRACON& Tower with Radar,40,53,39,36,168,0,0,32,25,57,40,53,71,61,225,0,36,36,261
10/23/2016,TYS,TN,ASO,ES,Combined TRACON& Tower with Radar,48,71,70,4,193,0,0,39,9,48,48,71,109,13,241,0,0,0,241
10/24/2016,TYS,TN,ASO,ES,Combined TRACON& Tower with Radar,51,73,60,9,193,0,0,34,0,34,51,73,94,9,227,14,18,32,259
10/25/2016,TYS,TN,ASO,ES,Combined TRACON& Tower with Radar,45,74,71,48,238,0,0,23,4,27,45,74,94,52,265,14,58,72,337
10/26/2016,TYS,TN,ASO,ES,Combined TRACON& Tower with Radar,49,72,57,33,211,0,0,25,4,29,49,72,82,37,240,0,34,34,274
10/27/2016,TYS,TN,ASO,ES,Combined TRACON& Tower with Radar,52,81,59,23,215,0,0,16,23,39,52,81,75,46,254,0,32,32,286
10/28/2016,TYS,TN,ASO,ES,Combined TRACON& Tower with Radar,52,75,75,19,221,0,0,36,9,45,52,75,111,28,266,56,14,70,336
10/29/2016,TYS,TN,ASO,ES,Combined TRACON& Tower with Radar,36,55,50,9,150,0,0,35,2,37,36,55,85,11,187,34,8,42,229
10/30/2016,TYS,TN,ASO,ES,Combined TRACON& Tower with Radar,51,68,53,6,178,0,1,35,1,37,51,69,88,7,215,0,8,8,223
10/31/2016,TYS,TN,ASO,ES,Combined TRACON& Tower with Radar,40,57,34,29,160,0,0,25,0,25,40,57,59,29,185,12,18,30,215
11/01/2016,TYS,TN,ASO,ES,Combined TRACON& Tower with Radar,51,64,84,69,268,0,1,45,9,55,51,65,129,78,323,4,20,24,347
11/02/2016,TYS,TN,ASO,ES,Combined TRACON& Tower with Radar,44,73,99,36,252,0,2,27,12,41,44,75,126,48,293,22,24,46,339
11/03/2016,TYS,TN,ASO,ES,Combined TRACON& Tower with Radar,48,82,72,42,244,0,0,32,20,52,48,82,104,62,296,2,60,62,358
11/04/2016,TYS,TN,ASO,ES,Combined TRACON& Tower with Radar,46,90,91,32,259,0,0,43,22,65,46,90,134,54,324,13,78,91,415
11/05/2016,TYS,TN,ASO,ES,Combined TRACON& Tower with Radar,37,56,54,3,150,0,0,23,14,37,37,56,77,17,187,18,46,64,251
11/06/2016,TYS,TN,ASO,ES,Combined TRACON& Tower with Radar,46,79,61,7,193,0,0,19,13,32,46,79,80,20,225,0,6,6,231
11/07/2016,TYS,TN,ASO,ES,Combined TRACON& Tower with Radar,43,71,58,37,209,0,0,44,3,47,43,71,102,40,256,4,38,42,298
11/08/2016,TYS,TN,ASO,ES,Combined TRACON& Tower with Radar,51,71,85,74,281,0,0,9,3,12,51,71,94,77,293,0,12,12,305
11/09/2016,TYS,TN,ASO,ES,Combined TRACON& Tower with Radar,50,76,91,25,242,0,0,27,9,36,50,76,118,34,278,16,14,30,308
11/10/2016,TYS,TN,ASO,ES,Combined TRACON& Tower with Radar,54,77,90,21,242,0,2,38,11,51,54,79,128,32,293,30,32,62,355
11/11/2016,TYS,TN,ASO,ES,Combined TRACON& Tower with Radar,56,75,72,2,205,0,0,40,0,40,56,75,112,2,245,0,0,0,245
11/12/2016,TYS,TN,ASO,ES,Combined TRACON& Tower with Radar,37,58,52,0,147,0,0,28,2,30,37,58,80,2,177,34,0,34,211
11/13/2016,TYS,TN,ASO,ES,Combined TRACON& Tower with Radar,48,71,75,1,195,0,0,27,5,32,48,71,102,6,227,26,0,26,253
11/14/2016,TYS,TN,ASO,ES,Combined TRACON& Tower with Radar,47,83,74,16,220,0,0,18,1,19,47,83,92,17,239,0,0,0,239
11/15/2016,TYS,TN,ASO,ES,Combined TRACON& Tower with Radar,52,66,76,17,211,0,0,11,1,12,52,66,87,18,223,12,12,24,247
11/16/2016,TYS,TN,ASO,ES,Combined TRACON& Tower with Radar,50,80,88,22,240,0,0,39,9,48,50,80,127,31,288,8,12,20,308
11/17/2016,TYS,TN,ASO,ES,Combined TRACON& Tower with Radar,51,78,84,39,252,0,0,34,14,48,51,78,118,53,300,6,61,67,367
11/18/2016,TYS,TN,ASO,ES,Combined TRACON& Tower with Radar,61,83,95,37,276,0,0,26,17,43,61,83,121,54,319,8,14,22,341
11/19/2016,TYS,TN,ASO,ES,Combined TRACON& Tower with Radar,40,55,62,1,158,0,0,24,9,33,40,55,86,10,191,4,0,4,195
11/20/2016,TYS,TN,ASO,ES,Combined TRACON& Tower with Radar,38,85,61,6,190,0,0,33,11,44,38,85,94,17,234,0,0,0,234
11/21/2016,TYS,TN,ASO,ES,Combined TRACON& Tower with Radar,47,57,65,28,197,0,0,51,11,62,47,57,116,39,259,42,26,68,327
11/22/2016,TYS,TN,ASO,ES,Combined TRACON& Tower with Radar,59,78,92,29,258,0,0,32,6,38,59,78,124,35,296,12,8,20,316
11/23/2016,TYS,TN,ASO,ES,Combined TRACON& Tower with Radar,56,76,65,2,199,0,0,34,13,47,56,76,99,15,246,0,0,0,246
11/24/2016,TYS,TN,ASO,ES,Combined TRACON& Tower with Radar,26,36,29,0,91,0,0,2,0,2,26,36,31,0,93,0,0,0,93
11/25/2016,TYS,TN,ASO,ES,Combined TRACON& Tower with Radar,51,49,36,2,138,0,1,7,7,15,51,50,43,9,153,0,0,0,153
11/26/2016,TYS,TN,ASO,ES,Combined TRACON& Tower with Radar,44,68,52,0,164,0,0,12,0,12,44,68,64,0,176,26,0,26,202
11/27/2016,TYS,TN,ASO,ES,Combined TRACON& Tower with Radar,57,87,86,0,230,0,1,37,0,38,57,88,123,0,268,10,0,10,278
11/28/2016,TYS,TN,ASO,ES,Combined TRACON& Tower with Radar,59,70,39,16,184,0,0,8,0,8,59,70,47,16,192,0,8,8,200
11/29/2016,TYS,TN,ASO,ES,Combined TRACON& Tower with Radar,53,66,69,24,212,0,0,14,7,21,53,66,83,31,233,4,10,14,247
11/30/2016,TYS,TN,ASO,ES,Combined TRACON& Tower with Radar,49,74,44,8,175,0,0,0,2,2,49,74,44,10,177,0,0,0,177
12/01/2016,TYS,TN,ASO,ES,Combined TRACON& Tower with Radar,55,68,90,47,260,0,0,38,20,58,55,68,128,67,318,32,40,72,390
12/02/2016,TYS,TN,ASO,ES,Combined TRACON& Tower with Radar,55,77,48,13,193,0,1,53,5,59,55,78,101,18,252,28,40,68,320
12/03/2016,TYS,TN,ASO,ES,Combined TRACON& Tower with Radar,35,51,27,1,114,0,0,19,10,29,35,51,46,11,143,12,10,22,165
12/04/2016,TYS,TN,ASO,ES,Combined TRACON& Tower with Radar,39,73,24,3,139,0,0,0,0,0,39,73,24,3,139,0,0,0,139
12/05/2016,TYS,TN,ASO,ES,Combined TRACON& Tower with Radar,48,83,58,10,199,0,0,0,2,2,48,83,58,12,201,0,0,0,201
12/06/2016,TYS,TN,ASO,ES,Combined TRACON& Tower with Radar,48,76,80,13,217,0,0,0,0,0,48,76,80,13,217,0,0,0,217
12/07/2016,TYS,TN,ASO,ES,Combined TRACON& Tower with Radar,49,84,80,13,226,0,3,23,17,43,49,87,103,30,269,96,10,106,375
12/08/2016,TYS,TN,ASO,ES,Combined TRACON& Tower with Radar,53,81,83,31,248,0,0,31,12,43,53,81,114,43,291,12,38,50,341
12/09/2016,TYS,TN,ASO,ES,Combined TRACON& Tower with Radar,50,75,87,10,222,0,1,33,0,34,50,76,120,10,256,22,12,34,290
12/10/2016,TYS,TN,ASO,ES,Combined TRACON& Tower with Radar,32,45,25,8,110,0,0,33,5,38,32,45,58,13,148,0,0,0,148
12/11/2016,TYS,TN,ASO,ES,Combined TRACON& Tower with Radar,39,60,63,12,174,0,0,22,0,22,39,60,85,12,196,16,8,24,220
12/12/2016,TYS,TN,ASO,ES,Combined TRACON& Tower with Radar,47,69,53,14,183,0,0,1,0,1,47,69,54,14,184,8,0,8,192
12/13/2016,TYS,TN,ASO,ES,Combined TRACON& Tower with Radar,54,80,83,14,231,0,0,0,0,0,54,80,83,14,231,0,12,12,243
12/14/2016,TYS,TN,ASO,ES,Combined TRACON& Tower with Radar,55,68,74,39,236,0,0,16,6,22,55,68,90,45,258,16,20,36,294
12/15/2016,TYS,TN,ASO,ES,Combined TRACON& Tower with Radar,51,75,65,47,238,0,0,12,12,24,51,75,77,59,262,6,74,80,342
12/16/2016,TYS,TN,ASO,ES,Combined TRACON& Tower with Radar,52,81,83,23,239,0,0,33,13,46,52,81,116,36,285,26,98,124,409
12/17/2016,TYS,TN,ASO,ES,Combined TRACON& Tower with Radar,25,48,17,1,91,0,0,0,0,0,25,48,17,1,91,0,0,0,91
12/18/2016,TYS,TN,ASO,ES,Combined TRACON& Tower with Radar,28,66,26,0,120,0,0,1,0,1,28,66,27,0,121,0,0,0,121
12/19/2016,TYS,TN,ASO,ES,Combined TRACON& Tower with Radar,39,74,73,3,189,0,0,4,0,4,39,74,77,3,193,0,0,0,193
12/20/2016,TYS,TN,ASO,ES,Combined TRACON& Tower with Radar,43,82,57,50,232,0,0,5,2,7,43,82,62,52,239,16,44,60,299
12/21/2016,TYS,TN,ASO,ES,Combined TRACON& Tower with Radar,45,90,55,43,233,0,0,11,1,12,45,90,66,44,245,22,20,42,287
12/22/2016,TYS,TN,ASO,ES,Combined TRACON& Tower with Radar,50,81,45,13,189,0,1,37,5,43,50,82,82,18,232,20,12,32,264
12/23/2016,TYS,TN,ASO,ES,Combined TRACON& Tower with Radar,48,70,53,2,173,0,0,21,0,21,48,70,74,2,194,18,0,18,212
12/24/2016,TYS,TN,ASO,ES,Combined TRACON& Tower with Radar,29,52,15,0,96,0,0,0,0,0,29,52,15,0,96,0,0,0,96
12/25/2016,TYS,TN,ASO,ES,Combined TRACON& Tower with Radar,27,50,12,0,89,0,0,11,0,11,27,50,23,0,100,0,0,0,100
12/26/2016,TYS,TN,ASO,ES,Combined TRACON& Tower with Radar,32,71,66,0,169,0,0,13,0,13,32,71,79,0,182,2,0,2,184
12/27/2016,TYS,TN,ASO,ES,Combined TRACON& Tower with Radar,37,76,36,0,149,0,0,4,2,6,37,76,40,2,155,8,0,8,163
12/28/2016,TYS,TN,ASO,ES,Combined TRACON& Tower with Radar,40,72,41,32,185,0,0,33,2,35,40,72,74,34,220,14,48,62,282
12/29/2016,TYS,TN,ASO,ES,Combined TRACON& Tower with Radar,44,73,29,23,169,0,0,21,2,23,44,73,50,25,192,14,34,48,240
12/30/2016,TYS,TN,ASO,ES,Combined TRACON& Tower with Radar,43,73,35,4,155,0,0,21,0,21,43,73,56,4,176,18,8,26,202
12/31/2016,TYS,TN,ASO,ES,Combined TRACON& Tower with Radar,28,49,21,0,98,0,0,13,0,13,28,49,34,0,111,10,0,10,121
01/01/2017,TYS,TN,ASO,ES,Combined TRACON& Tower with Radar,33,57,45,0,135,0,0,0,0,0,33,57,45,0,135,0,0,0,135
01/02/2017,TYS,TN,ASO,ES,Combined TRACON& Tower with Radar,32,72,42,1,147,0,0,0,0,0,32,72,42,1,147,0,0,0,147
01/03/2017,TYS,TN,ASO,ES,Combined TRACON& Tower with Radar,45,63,57,0,165,0,0,1,0,1,45,63,58,0,166,12,0,12,178
01/04/2017,TYS,TN,ASO,ES,Combined TRACON& Tower with Radar,42,66,73,46,227,0,0,25,1,26,42,66,98,47,253,36,24,60,313
01/05/2017,TYS,TN,ASO,ES,Combined TRACON& Tower with Radar,43,73,59,51,226,0,0,12,20,32,43,73,71,71,258,0,40,40,298
01/06/2017,TYS,TN,ASO,ES,Combined TRACON& Tower with Radar,39,66,45,0,150,0,0,2,8,10,39,66,47,8,160,0,0,0,160
01/07/2017,TYS,TN,ASO,ES,Combined TRACON& Tower with Radar,26,45,21,0,92,0,0,4,0,4,26,45,25,0,96,0,0,0,96
01/08/2017,TYS,TN,ASO,ES,Combined TRACON& Tower with Radar,34,75,39,4,152,0,0,17,8,25,34,75,56,12,177,0,32,32,209
01/09/2017,TYS,TN,ASO,ES,Combined TRACON& Tower with Radar,38,62,47,26,173,0,0,50,0,50,38,62,97,26,223,0,12,12,235
01/10/2017,TYS,TN,ASO,ES,Combined TRACON& Tower with Radar,46,73,75,19,213,0,0,14,1,15,46,73,89,20,228,0,20,20,248
01/11/2017,TYS,TN,ASO,ES,Combined TRACON& Tower with Radar,43,67,85,39,234,0,0,13,0,13,43,67,98,39,247,12,90,102,349
01/12/2017,TYS,TN,ASO,ES,Combined TRACON& Tower with Radar,46,77,103,45,271,0,0,23,2,25,46,77,126,47,296,10,36,46,342
01/13/2017,TYS,TN,ASO,ES,Combined TRACON& Tower with Radar,46,80,126,15,267,0,0,15,0,15,46,80,141,15,282,44,12,56,338
01/14/2017,TYS,TN,ASO,ES,Combined TRACON& Tower with Radar,27,41,33,5,106,0,0,12,1,13,27,41,45,6,119,0,0,0,119
01/15/2017,TYS,TN,ASO,ES,Combined TRACON& Tower with Radar,38,42,52,2,134,0,0,12,0,12,38,42,64,2,146,8,0,8,154
01/16/2017,TYS,TN,ASO,ES,Combined TRACON& Tower with Radar,41,62,56,4,163,0,0,21,0,21,41,62,77,4,184,44,0,44,228
01/17/2017,TYS,TN,ASO,ES,Combined TRACON& Tower with Radar,42,67,64,8,181,0,0,3,0,3,42,67,67,8,184,22,0,22,206
01/18/2017,TYS,TN,ASO,ES,Combined TRACON& Tower with Radar,42,62,83,122,309,0,0,37,4,41,42,62,120,126,350,14,166,180,530
01/19/2017,TYS,TN,ASO,ES,Combined TRACON& Tower with Radar,46,69,70,46,231,0,0,7,2,9,46,69,77,48,240,10,46,56,296
01/20/2017,TYS,TN,ASO,ES,Combined TRACON& Tower with Radar,46,67,56,29,198,0,0,14,0,14,46,67,70,29,212,18,6,24,236
01/21/2017,TYS,TN,ASO,ES,Combined TRACON& Tower with Radar,39,42,27,2,110,0,0,8,0,8,39,42,35,2,118,24,12,36,154
01/22/2017,TYS,TN,ASO,ES,Combined TRACON& Tower with Radar,43,52,19,0,114,0,0,7,0,7,43,52,26,0,121,12,0,12,133
01/23/2017,TYS,TN,ASO,ES,Combined TRACON& Tower with Radar,36,62,44,19,161,0,0,0,0,0,36,62,44,19,161,0,0,0,161
01/24/2017,TYS,TN,ASO,ES,Combined TRACON& Tower with Radar,51,63,114,70,298,0,0,39,3,42,51,63,153,73,340,40,30,70,410
01/25/2017,TYS,TN,ASO,ES,Combined TRACON& Tower with Radar,42,61,76,88,267,0,0,23,2,25,42,61,99,90,292,8,72,80,372
01/26/2017,TYS,TN,ASO,ES,Combined TRACON& Tower with Radar,45,70,91,39,245,0,0,30,18,48,45,70,121,57,293,30,48,78,371
01/27/2017,TYS,TN,ASO,ES,Combined TRACON& Tower with Radar,46,70,63,21,200,0,2,24,15,41,46,72,87,36,241,40,18,58,299
01/28/2017,TYS,TN,ASO,ES,Combined TRACON& Tower with Radar,30,44,43,9,126,0,0,28,16,44,30,44,71,25,170,38,32,70,240
01/29/2017,TYS,TN,ASO,ES,Combined TRACON& Tower with Radar,36,64,39,3,142,0,0,6,5,11,36,64,45,8,153,0,0,0,153
01/30/2017,TYS,TN,ASO,ES,Combined TRACON& Tower with Radar,38,70,71,5,184,0,0,24,4,28,38,70,95,9,212,10,10,20,232
01/31/2017,TYS,TN,ASO,ES,Combined TRACON& Tower with Radar,45,65,83,33,226,0,0,46,9,55,45,65,129,42,281,11,26,37,318
02/01/2017,TYS,TN,ASO,ES,Combined TRACON& Tower with Radar,45,65,78,51,239,0,0,24,6,30,45,65,102,57,269,12,30,42,311
02/02/2017,TYS,TN,ASO,ES,Combined TRACON& Tower with Radar,46,78,62,28,214,0,0,16,17,33,46,78,78,45,247,6,70,76,323
02/03/2017,TYS,TN,ASO,ES,Combined TRACON& Tower with Radar,46,71,66,26,209,0,3,36,11,50,46,74,102,37,259,88,16,104,363
02/04/2017,TYS,TN,ASO,ES,Combined TRACON& Tower with Radar,30,42,44,15,131,0,0,47,4,51,30,42,91,19,182,30,66,96,278
02/05/2017,TYS,TN,ASO,ES,Combined TRACON& Tower with Radar,35,52,42,9,138,0,0,10,0,10,35,52,52,9,148,94,0,94,242
02/06/2017,TYS,TN,ASO,ES,Combined TRACON& Tower with Radar,39,74,71,26,210,0,0,2,0,2,39,74,73,26,212,4,36,40,252
02/07/2017,TYS,TN,ASO,ES,Combined TRACON& Tower with Radar,41,68,39,12,160,0,0,6,2,8,41,68,45,14,168,0,0,0,168
02/08/2017,TYS,TN,ASO,ES,Combined TRACON& Tower with Radar,42,68,86,45,241,0,0,6,2,8,42,68,92,47,249,30,8,38,287
02/09/2017,TYS,TN,ASO,ES,Combined TRACON& Tower with Radar,42,72,103,54,271,0,0,25,9,34,42,72,128,63,305,28,70,98,403
02/10/2017,TYS,TN,ASO,ES,Combined TRACON& Tower with Radar,48,72,73,36,229,0,0,46,2,48,48,72,119,38,277,14,32,46,323
02/11/2017,TYS,TN,ASO,ES,Combined TRACON& Tower with Radar,27,42,28,10,107,0,2,4,0,6,27,44,32,10,113,14,0,14,127
02/12/2017,TYS,TN,ASO,ES,Combined TRACON& Tower with Radar,42,61,42,3,148,0,0,11,0,11,42,61,53,3,159,6,0,6,165
02/13/2017,TYS,TN,ASO,ES,Combined TRACON& Tower with Radar,37,68,55,17,177,0,0,36,3,39,37,68,91,20,216,38,30,68,284
02/14/2017,TYS,TN,ASO,ES,Combined TRACON& Tower with Radar,44,76,59,62,241,0,0,23,5,28,44,76,82,67,269,18,30,48,317
02/15/2017,TYS,TN,ASO,ES,Combined TRACON& Tower with Radar,41,66,93,57,257,0,0,11,1,12,41,66,104,58,269,0,46,46,315
02/16/2017,TYS,TN,ASO,ES,Combined TRACON& Tower with Radar,43,86,91,58,278,0,0,39,21,60,43,86,130,79,338,22,44,66,404
02/17/2017,TYS,TN,ASO,ES,Combined TRACON& Tower with Radar,44,86,78,35,243,0,0,87,19,106,44,86,165,54,349,78,52,130,479
02/18/2017,TYS,TN,ASO,ES,Combined TRACON& Tower with Radar,31,44,33,4,112,0,0,9,0,9,31,44,42,4,121,38,28,66,187
02/19/2017,TYS,TN,ASO,ES,Combined TRACON& Tower with Radar,36,58,37,10,141,0,0,20,3,23,36,58,57,13,164,2,0,2,166
02/20/2017,TYS,TN,ASO,ES,Combined TRACON& Tower with Radar,38,76,76,8,198,0,0,58,0,58,38,76,134,8,256,53,8,61,317
02/21/2017,TYS,TN,ASO,ES,Combined TRACON& Tower with Radar,47,81,63,24,215,0,0,30,1,31,47,81,93,25,246,92,22,114,360
02/22/2017,TYS,TN,ASO,ES,Combined TRACON& Tower with Radar,37,77,79,51,244,0,0,4,0,4,37,77,83,51,248,24,0,24,272
02/23/2017,TYS,TN,ASO,ES,Combined TRACON& Tower with Radar,40,68,67,48,223,0,0,36,8,44,40,68,103,56,267,18,44,62,329
02/24/2017,TYS,TN,ASO,ES,Combined TRACON& Tower with Radar,43,73,67,17,200,0,0,36,1,37,43,73,103,18,237,2,10,12,249
02/25/2017,TYS,TN,ASO,ES,Combined TRACON& Tower with Radar,25,50,21,11,107,0,0,20,0,20,25,50,41,11,127,24,0,24,151
02/26/2017,TYS,TN,ASO,ES,Combined TRACON& Tower with Radar,32,70,49,4,155,0,2,30,0,32,32,72,79,4,187,16,0,16,203
02/27/2017,TYS,TN,ASO,ES,Combined TRACON& Tower with Radar,38,71,68,6,183,0,0,18,0,18,38,71,86,6,201,4,0,4,205
02/28/2017,TYS,TN,ASO,ES,Combined TRACON& Tower with Radar,41,81,76,5,203,0,0,7,4,11,41,81,83,9,214,0,0,0,214
03/01/2017,TYS,TN,ASO,ES,Combined TRACON& Tower with Radar,49,77,37,0,163,0,0,1,0,1,49,77,38,0,164,0,0,0,164
03/02/2017,TYS,TN,ASO,ES,Combined TRACON& Tower with Radar,42,78,93,12,225,0,0,32,7,39,42,78,125,19,264,50,68,118,382
03/03/2017,TYS,TN,ASO,ES,Combined TRACON& Tower with Radar,46,75,69,12,202,0,0,45,7,52,46,75,114,19,254,14,4,18,272
03/04/2017,TYS,TN,ASO,ES,Combined TRACON& Tower with Radar,28,47,42,21,138,0,0,51,13,64,28,47,93,34,202,4,0,4,206
03/05/2017,TYS,TN,ASO,ES,Combined TRACON& Tower with Radar,40,55,45,6,146,0,0,30,4,34,40,55,75,10,180,12,0,12,192
03/06/2017,TYS,TN,ASO,ES,Combined TRACON& Tower with Radar,43,76,53,11,183,0,0,31,0,31,43,76,84,11,214,20,10,30,244
03/07/2017,TYS,TN,ASO,ES,Combined TRACON& Tower with Radar,49,76,40,25,190,0,0,3,2,5,49,76,43,27,195,14,16,30,225
03/08/2017,TYS,TN,ASO,ES,Combined TRACON& Tower with Radar,41,84,68,89,282,0,0,41,1,42,41,84,109,90,324,0,0,0,324
03/09/2017,TYS,TN,ASO,ES,Combined TRACON& Tower with Radar,47,82,95,47,271,0,0,45,8,53,47,82,140,55,324,24,60,84,408
03/10/2017,TYS,TN,ASO,ES,Combined TRACON& Tower with Radar,47,89,79,6,221,0,0,16,0,16,47,89,95,6,237,32,0,32,269
03/11/2017,TYS,TN,ASO,ES,Combined TRACON& Tower with Radar,29,55,30,0,114,0,0,12,0,12,29,55,42,0,126,6,0,6,132
03/12/2017,TYS,TN,ASO,ES,Combined TRACON& Tower with Radar,35,56,42,0,133,0,0,38,0,38,35,56,80,0,171,28,0,28,199
03/13/2017,TYS,TN,ASO,ES,Combined TRACON& Tower with Radar,41,57,63,33,194,0,0,18,6,24,41,57,81,39,218,12,26,38,256
03/14/2017,TYS,TN,ASO,ES,Combined TRACON& Tower with Radar,36,68,69,27,200,0,0,5,5,10,36,68,74,32,210,0,0,0,210
03/15/2017,TYS,TN,ASO,ES,Combined TRACON& Tower with Radar,41,82,73,20,216,0,0,19,5,24,41,82,92,25,240,10,18,28,268
03/16/2017,TYS,TN,ASO,ES,Combined TRACON& Tower with Radar,42,74,82,35,233,0,1,39,13,53,42,75,121,48,286,18,86,104,390
03/17/2017,TYS,TN,ASO,ES,Combined TRACON& Tower with Radar,45,73,64,14,196,0,0,15,9,24,45,73,79,23,220,42,52,94,314
03/18/2017,TYS,TN,ASO,ES,Combined TRACON& Tower with Radar,28,60,30,12,130,0,0,22,11,33,28,60,52,23,163,0,0,0,163
03/19/2017,TYS,TN,ASO,ES,Combined TRACON& Tower with Radar,37,70,52,3,162,0,0,26,9,35,37,70,78,12,197,8,0,8,205
03/20/2017,TYS,TN,ASO,ES,Combined TRACON& Tower with Radar,40,77,72,11,200,0,0,55,2,57,40,77,127,13,257,26,2,28,285
03/21/2017,TYS,TN,ASO,ES,Combined TRACON& Tower with Radar,44,69,57,14,184,0,1,19,5,25,44,70,76,19,209,0,2,2,211
03/22/2017,TYS,TN,ASO,ES,Combined TRACON& Tower with Radar,39,76,72,23,210,0,0,37,2,39,39,76,109,25,249,4,18,22,271
03/23/2017,TYS,TN,ASO,ES,Combined TRACON& Tower with Radar,42,93,62,54,251,0,0,27,11,38,42,93,89,65,289,28,72,100,389
03/24/2017,TYS,TN,ASO,ES,Combined TRACON& Tower with Radar,44,91,62,51,248,0,1,28,16,45,44,92,90,67,293,0,96,96,389
03/25/2017,TYS,TN,ASO,ES,Combined TRACON& Tower with Radar,29,57,36,0,122,0,1,35,0,36,29,58,71,0,158,14,0,14,172
03/26/2017,TYS,TN,ASO,ES,Combined TRACON& Tower with Radar,39,62,34,1,136,0,0,11,0,11,39,62,45,1,147,26,0,26,173
03/27/2017,TYS,TN,ASO,ES,Combined TRACON& Tower with Radar,40,79,55,8,182,0,0,16,5,21,40,79,71,13,203,28,10,38,241
03/28/2017,TYS,TN,ASO,ES,Combined TRACON& Tower with Radar,45,93,60,51,249,0,0,23,0,23,45,93,83,51,272,32,52,84,356
03/29/2017,TYS,TN,ASO,ES,Combined TRACON& Tower with Radar,36,87,70,45,238,0,2,41,9,52,36,89,111,54,290,42,66,108,398
03/30/2017,TYS,TN,ASO,ES,Combined TRACON& Tower with Radar,43,81,111,17,252,0,0,24,17,41,43,81,135,34,293,24,34,58,351
03/31/2017,TYS,TN,ASO,ES,Combined TRACON& Tower with Radar,48,97,110,17,272,0,0,14,7,21,48,97,124,24,293,28,34,62,355
04/01/2017,TYS,TN,ASO,ES,Combined TRACON& Tower with Radar,31,57,53,10,151,0,0,30,18,48,31,57,83,28,199,22,24,46,245
04/02/2017,TYS,TN,ASO,ES,Combined TRACON& Tower with Radar,37,70,49,4,160,0,0,42,5,47,37,70,91,9,207,0,0,0,207
04/03/2017,TYS,TN,ASO,ES,Combined TRACON& Tower with Radar,41,79,45,0,165,0,0,2,0,2,41,79,47,0,167,10,0,10,177
04/04/2017,TYS,TN,ASO,ES,Combined TRACON& Tower with Radar,56,65,72,66,259,0,0,48,7,55,56,65,120,73,314,74,54,128,442
04/05/2017,TYS,TN,ASO,ES,Combined TRACON& Tower with Radar,56,64,70,19,209,0,0,18,2,20,56,64,88,21,229,55,22,77,306
04/06/2017,TYS,TN,ASO,ES,Combined TRACON& Tower with Radar,45,85,98,18,246,0,0,3,6,9,45,85,101,24,255,18,14,32,287
04/07/2017,TYS,TN,ASO,ES,Combined TRACON& Tower with Radar,53,86,101,24,264,0,0,32,8,40,53,86,133,32,304,24,46,70,374
04/08/2017,TYS,TN,ASO,ES,Combined TRACON& Tower with Radar,39,38,47,10,134,0,0,32,2,34,39,38,79,12,168,12,22,34,202
04/09/2017,TYS,TN,ASO,ES,Combined TRACON& Tower with Radar,44,64,50,1,159,0,0,38,1,39,44,64,88,2,198,22,0,22,220
04/10/2017,TYS,TN,ASO,ES,Combined TRACON& Tower with Radar,48,66,82,13,209,0,0,34,3,37,48,66,116,16,246,0,28,28,274
04/11/2017,TYS,TN,ASO,ES,Combined TRACON& Tower with Radar,56,66,80,53,255,0,0,32,11,43,56,66,112,64,298,6,36,42,340
04/12/2017,TYS,TN,ASO,ES,Combined TRACON& Tower with Radar,50,69,98,23,240,0,0,35,7,42,50,69,133,30,282,48,38,86,368
04/13/2017,TYS,TN,ASO,ES,Combined TRACON& Tower with Radar,56,69,110,17,252,0,1,49,9,59,56,70,159,26,311,130,38,168,479
04/14/2017,TYS,TN,ASO,ES,Combined TRACON& Tower with Radar,59,73,61,13,206,0,0,45,3,48,59,73,106,16,254,50,28,78,332
04/15/2017,TYS,TN,ASO,ES,Combined TRACON& Tower with Radar,42,37,28,0,107,0,1,44,0,45,42,38,72,0,152,90,0,90,242
04/16/2017,TYS,TN,ASO,ES,Combined TRACON& Tower with Radar,50,48,31,6,135,0,0,14,0,14,50,48,45,6,149,34,12,46,195
04/17/2017,TYS,TN,ASO,ES,Combined TRACON& Tower with Radar,56,63,85,8,212,0,0,1,0,1,56,63,86,8,213,0,8,8,221
04/18/2017,TYS,TN,ASO,ES,Combined TRACON& Tower with Radar,54,63,75,21,213,0,0,0,0,0,54,63,75,21,213,14,18,32,245
04/19/2017,TYS,TN,ASO,ES,Combined TRACON& Tower with Radar,54,61,73,21,209,0,0,22,2,24,54,61,95,23,233,20,0,20,253
04/20/2017,TYS,TN,ASO,ES,Combined TRACON& Tower with Radar,54,68,102,39,263,0,0,24,10,34,54,68,126,49,297,6,42,48,345
04/21/2017,TYS,TN,ASO,ES,Combined TRACON& Tower with Radar,59,62,71,12,204,0,0,27,5,32,59,62,98,17,236,32,0,32,268
04/22/2017,TYS,TN,ASO,ES,Combined TRACON& Tower with Radar,45,38,30,2,115,0,0,13,0,13,45,38,43,2,128,88,0,88,216
04/23/2017,TYS,TN,ASO,ES,Combined TRACON& Tower with Radar,51,74,34,0,159,0,0,0,0,0,51,74,34,0,159,0,0,0,159
04/24/2017,TYS,TN,ASO,ES,Combined TRACON& Tower with Radar,59,65,76,23,223,0,0,11,6,17,59,65,87,29,240,58,62,120,360
04/25/2017,TYS,TN,ASO,ES,Combined TRACON& Tower with Radar,59,73,92,29,253,0,0,32,5,37,59,73,124,34,290,60,8,68,358
04/26/2017,TYS,TN,ASO,ES,Combined TRACON& Tower with Radar,58,72,83,45,258,0,0,60,27,87,58,72,143,72,345,58,62,120,465
04/27/2017,TYS,TN,ASO,ES,Combined TRACON& Tower with Radar,55,69,78,27,229,0,0,22,10,32,55,69,100,37,261,0,30,30,291
04/28/2017,TYS,TN,ASO,ES,Combined TRACON& Tower with Radar,72,58,70,15,215,0,0,45,2,47,72,58,115,17,262,52,6,58,320
04/29/2017,TYS,TN,ASO,ES,Combined TRACON& Tower with Radar,51,34,34,13,132,0,0,25,2,27,51,34,59,15,159,18,0,18,177
04/30/2017,TYS,TN,ASO,ES,Combined TRACON& Tower with Radar,48,52,62,20,182,0,0,11,0,11,48,52,73,20,193,6,0,6,199
05/01/2017,TYS,TN,ASO,ES,Combined TRACON& Tower with Radar,61,56,44,8,169,0,0,8,0,8,61,56,52,8,177,8,0,8,185
05/02/2017,TYS,TN,ASO,ES,Combined TRACON& Tower with Radar,59,60,92,0,211,0,0,46,2,48,59,60,138,2,259,30,0,30,289
05/03/2017,TYS,TN,ASO,ES,Combined TRACON& Tower with Radar,53,67,73,39,232,0,0,52,10,62,53,67,125,49,294,42,54,96,390
05/04/2017,TYS,TN,ASO,ES,Combined TRACON& Tower with Radar,65,73,60,8,206,0,0,10,6,16,65,73,70,14,222,0,42,42,264
05/05/2017,TYS,TN,ASO,ES,Combined TRACON& Tower with Radar,65,66,109,16,256,0,0,3,2,5,65,66,112,18,261,64,44,108,369
05/06/2017,TYS,TN,ASO,ES,Combined TRACON& Tower with Radar,45,40,69,1,155,0,0,20,11,31,45,40,89,12,186,0,0,0,186
05/07/2017,TYS,TN,ASO,ES,Combined TRACON& Tower with Radar,51,59,93,6,209,0,0,60,4,64,51,59,153,10,273,18,0,18,291
05/08/2017,TYS,TN,ASO,ES,Combined TRACON& Tower with Radar,60,66,61,16,203,0,0,38,6,44,60,66,99,22,247,6,10,16,263
05/09/2017,TYS,TN,ASO,ES,Combined TRACON& Tower with Radar,67,65,96,37,265,0,0,32,13,45,67,65,128,50,310,8,40,48,358
05/10/2017,TYS,TN,ASO,ES,Combined TRACON& Tower with Radar,59,75,60,51,245,0,0,31,9,40,59,75,91,60,285,38,60,98,383
05/11/2017,TYS,TN,ASO,ES,Combined TRACON& Tower with Radar,65,70,90,41,266,0,0,23,13,36,65,70,113,54,302,26,66,92,394
05/12/2017,TYS,TN,ASO,ES,Combined TRACON& Tower with Radar,67,68,84,17,236,0,0,7,2,9,67,68,91,19,245,30,34,64,309
05/13/2017,TYS,TN,ASO,ES,Combined TRACON& Tower with Radar,44,34,73,4,155,0,0,17,3,20,44,34,90,7,175,38,12,50,225
05/14/2017,TYS,TN,ASO,ES,Combined TRACON& Tower with Radar,48,73,47,1,169,0,0,29,0,29,48,73,76,1,198,26,0,26,224
05/15/2017,TYS,TN,ASO,ES,Combined TRACON& Tower with Radar,58,56,76,45,235,0,0,46,3,49,58,56,122,48,284,50,38,88,372
05/16/2017,TYS,TN,ASO,ES,Combined TRACON& Tower with Radar,65,58,70,56,249,0,0,42,5,47,65,58,112,61,296,42,38,80,376
05/17/2017,TYS,TN,ASO,ES,Combined TRACON& Tower with Radar,60,70,65,57,252,0,0,51,2,53,60,70,116,59,305,22,58,80,385
05/18/2017,TYS,TN,ASO,ES,Combined TRACON& Tower with Radar,64,58,77,33,232,0,0,31,24,55,64,58,108,57,287,26,78,104,391
05/19/2017,TYS,TN,ASO,ES,Combined TRACON& Tower with Radar,68,69,76,21,234,0,0,33,14,47,68,69,109,35,281,34,52,86,367
05/20/2017,TYS,TN,ASO,ES,Combined TRACON& Tower with Radar,53,41,33,2,129,0,0,26,0,26,53,41,59,2,155,18,0,18,173
05/21/2017,TYS,TN,ASO,ES,Combined TRACON& Tower with Radar,52,63,43,2,160,0,0,8,0,8,52,63,51,2,168,0,0,0,168
05/22/2017,TYS,TN,ASO,ES,Combined TRACON& Tower with Radar,65,57,71,18,211,0,0,31,5,36,65,57,102,23,247,56,30,86,333
05/23/2017,TYS,TN,ASO,ES,Combined TRACON& Tower with Radar,65,56,110,47,278,0,0,3,0,3,65,56,113,47,281,18,14,32,313
05/24/2017,TYS,TN,ASO,ES,Combined TRACON& Tower with Radar,75,76,78,19,248,0,1,23,2,26,75,77,101,21,274,18,18,36,310
05/25/2017,TYS,TN,ASO,ES,Combined TRACON& Tower with Radar,65,67,140,45,317,0,0,16,13,29,65,67,156,58,346,0,34,34,380
05/26/2017,TYS,TN,ASO,ES,Combined TRACON& Tower with Radar,71,63,75,28,237,0,1,80,7,88,71,64,155,35,325,60,22,82,407
05/27/2017,TYS,TN,ASO,ES,Combined TRACON& Tower with Radar,39,40,50,0,129,0,0,22,0,22,39,40,72,0,151,16,0,16,167
05/28/2017,TYS,TN,ASO,ES,Combined TRACON& Tower with Radar,43,43,36,2,124,0,0,11,0,11,43,43,47,2,135,0,0,0,135
05/29/2017,TYS,TN,ASO,ES,Combined TRACON& Tower with Radar,62,56,36,0,154,0,0,16,0,16,62,56,52,0,170,30,0,30,200
05/30/2017,TYS,TN,ASO,ES,Combined TRACON& Tower with Radar,62,55,70,28,215,0,0,19,0,19,62,55,89,28,234,22,24,46,280
05/31/2017,TYS,TN,ASO,ES,Combined TRACON& Tower with Radar,75,59,81,68,283,0,1,48,9,58,75,60,129,77,341,26,132,158,499
06/01/2017,TYS,TN,ASO,ES,Combined TRACON& Tower with Radar,66,58,97,62,283,0,0,32,14,46,66,58,129,76,329,18,104,122,451
06/02/2017,TYS,TN,ASO,ES,Combined TRACON& Tower with Radar,69,64,96,50,279,0,0,64,13,77,69,64,160,63,356,46,20,66,422
06/03/2017,TYS,TN,ASO,ES,Combined TRACON& Tower with Radar,59,32,63,3,157,0,1,51,7,59,59,33,114,10,216,8,0,8,224
06/04/2017,TYS,TN,ASO,ES,Combined TRACON& Tower with Radar,71,55,40,3,169,0,0,14,0,14,71,55,54,3,183,0,0,0,183
06/05/2017,TYS,TN,ASO,ES,Combined TRACON& Tower with Radar,70,58,60,9,197,0,0,4,0,4,70,58,64,9,201,0,0,0,201
06/06/2017,TYS,TN,ASO,ES,Combined TRACON& Tower with Radar,73,54,113,20,260,0,0,19,4,23,73,54,132,24,283,0,36,36,319
06/07/2017,TYS,TN,ASO,ES,Combined TRACON& Tower with Radar,70,57,93,40,260,0,0,44,2,46,70,57,137,42,306,84,34,118,424
06/08/2017,TYS,TN,ASO,ES,Combined TRACON& Tower with Radar,66,72,94,72,304,0,0,45,13,58,66,72,139,85,362,22,42,64,426
06/09/2017,TYS,TN,ASO,ES,Combined TRACON& Tower with Radar,70,71,73,11,225,1,0,44,17,62,71,71,117,28,287,89,0,89,376
06/10/2017,TYS,TN,ASO,ES,Combined TRACON& Tower with Radar,53,48,49,12,162,0,0,44,10,54,53,48,93,22,216,0,0,0,216
06/11/2017,TYS,TN,ASO,ES,Combined TRACON& Tower with Radar,60,52,55,15,182,0,0,30,5,35,60,52,85,20,217,16,0,16,233
06/12/2017,TYS,TN,ASO,ES,Combined TRACON& Tower with Radar,63,58,70,15,206,0,0,23,5,28,63,58,93,20,234,30,24,54,288
06/13/2017,TYS,TN,ASO,ES,Combined TRACON& Tower with Radar,65,61,79,16,221,0,0,45,4,49,65,61,124,20,270,40,36,76,346
06/14/2017,TYS,TN,ASO,ES,Combined TRACON& Tower with Radar,62,59,74,22,217,0,0,32,7,39,62,59,106,29,256,34,14,48,304
06/15/2017,TYS,TN,ASO,ES,Combined TRACON& Tower with Radar,66,67,88,52,273,0,0,25,8,33,66,67,113,60,306,34,12,46,352
06/16/2017,TYS,TN,ASO,ES,Combined TRACON& Tower with Radar,72,77,96,21,266,0,0,34,7,41,72,77,130,28,307,26,32,58,365
06/17/2017,TYS,TN,ASO,ES,Combined TRACON& Tower with Radar,54,40,50,5,149,0,0,40,3,43,54,40,90,8,192,26,0,26,218
06/18/2017,TYS,TN,ASO,ES,Combined TRACON& Tower with Radar,66,75,43,6,190,0,1,15,1,17,66,76,58,7,207,0,6,6,213
06/19/2017,TYS,TN,ASO,ES,Combined TRACON& Tower with Radar,53,60,65,3,181,0,0,7,4,11,53,60,72,7,192,14,26,40,232
06/20/2017,TYS,TN,ASO,ES,Combined TRACON& Tower with Radar,72,63,91,46,272,0,2,44,4,50,72,65,135,50,322,56,34,90,412
06/21/2017,TYS,TN,ASO,ES,Combined TRACON& Tower with Radar,62,68,109,41,280,0,0,24,2,26,62,68,133,43,306,22,34,56,362
06/22/2017,TYS,TN,ASO,ES,Combined TRACON& Tower with Radar,70,75,80,35,260,0,0,10,0,10,70,75,90,35,270,6,44,50,320
06/23/2017,TYS,TN,ASO,ES,Combined TRACON& Tower with Radar,75,55,73,31,234,0,0,9,0,9,75,55,82,31,243,0,8,8,251
06/24/2017,TYS,TN,ASO,ES,Combined TRACON& Tower with Radar,55,45,50,1,151,0,0,15,2,17,55,45,65,3,168,6,0,6,174
06/25/2017,TYS,TN,ASO,ES,Combined TRACON& Tower with Radar,69,51,46,6,172,0,1,30,1,32,69,52,76,7,204,18,12,30,234
06/26/2017,TYS,TN,ASO,ES,Combined TRACON& Tower with Radar,67,58,63,18,206,0,0,71,6,77,67,58,134,24,283,106,8,114,397
06/27/2017,TYS,TN,ASO,ES,Combined TRACON& Tower with Radar,65,60,90,34,249,0,0,51,1,52,65,60,141,35,301,42,34,76,377
06/28/2017,TYS,TN,ASO,ES,Combined TRACON& Tower with Radar,64,66,82,18,230,0,1,49,1,51,64,67,131,19,281,44,28,72,353
06/29/2017,TYS,TN,ASO,ES,Combined TRACON& Tower with Radar,75,65,107,53,300,0,0,54,4,58,75,65,161,57,358,52,66,118,476
06/30/2017,TYS,TN,ASO,ES,Combined TRACON& Tower with Radar,75,76,62,14,227,0,1,4,0,5,75,77,66,14,232,0,0,0,232
07/01/2017,TYS,TN,ASO,ES,Combined TRACON& Tower with Radar,54,47,32,0,133,0,1,15,0,16,54,48,47,0,149,0,0,0,149
07/02/2017,TYS,TN,ASO,ES,Combined TRACON& Tower with Radar,57,36,38,0,131,0,0,12,1,13,57,36,50,1,144,6,0,6,150
07/03/2017,TYS,TN,ASO,ES,Combined TRACON& Tower with Radar,59,31,29,0,119,0,0,4,1,5,59,31,33,1,124,0,0,0,124
07/04/2017,TYS,TN,ASO,ES,Combined TRACON& Tower with Radar,62,37,18,0,117,0,0,3,0,3,62,37,21,0,120,0,0,0,120
07/05/2017,TYS,TN,ASO,ES,Combined TRACON& Tower with Radar,65,52,52,20,189,0,0,23,2,25,65,52,75,22,214,52,26,78,292
07/06/2017,TYS,TN,ASO,ES,Combined TRACON& Tower with Radar,71,57,63,47,238,0,0,18,6,24,71,57,81,53,262,20,120,140,402
07/07/2017,TYS,TN,ASO,ES,Combined TRACON& Tower with Radar,70,55,68,16,209,0,1,33,5,39,70,56,101,21,248,72,42,114,362
07/08/2017,TYS,TN,ASO,ES,Combined TRACON& Tower with Radar,58,41,33,17,149,0,0,15,1,16,58,41,48,18,165,0,0,0,165
07/09/2017,TYS,TN,ASO,ES,Combined TRACON& Tower with Radar,67,58,54,9,188,0,0,35,3,38,67,58,89,12,226,8,0,8,234
07/10/2017,TYS,TN,ASO,ES,Combined TRACON& Tower with Radar,72,53,69,45,239,0,0,49,3,52,72,53,118,48,291,58,50,108,399
07/11/2017,TYS,TN,ASO,ES,Combined TRACON& Tower with Radar,81,61,79,70,291,0,0,41,4,45,81,61,120,74,336,18,64,82,418
07/12/2017,TYS,TN,ASO,ES,Combined TRACON& Tower with Radar,62,64,61,57,244,0,0,51,5,56,62,64,112,62,300,74,40,114,414
07/13/2017,TYS,TN,ASO,ES,Combined TRACON& Tower with Radar,74,62,81,69,286,0,0,44,11,55,74,62,125,80,341,80,70,150,491
07/14/2017,TYS,TN,ASO,ES,Combined TRACON& Tower with Radar,71,64,61,32,228,0,1,25,2,28,71,65,86,34,256,20,30,50,306
07/15/2017,TYS,TN,ASO,ES,Combined TRACON& Tower with Radar,60,44,30,1,135,0,1,15,1,17,60,45,45,2,152,10,0,10,162
07/16/2017,TYS,TN,ASO,ES,Combined TRACON& Tower with Radar,69,56,65,16,206,0,0,21,3,24,69,56,86,19,230,6,2,8,238
07/17/2017,TYS,TN,ASO,ES,Combined TRACON& Tower with Radar,72,55,65,16,208,0,0,33,7,40,72,55,98,23,248,36,18,54,302
07/18/2017,TYS,TN,ASO,ES,Combined TRACON& Tower with Radar,78,74,82,37,271,0,0,64,9,73,78,74,146,46,344,58,32,90,434
07/19/2017,TYS,TN,ASO,ES,Combined TRACON& Tower with Radar,71,61,66,89,287,0,0,49,11,60,71,61,115,100,347,24,130,154,501
07/20/2017,TYS,TN,ASO,ES,Combined TRACON& Tower with Radar,75,58,81,17,231,0,0,40,11,51,75,58,121,28,282,56,38,94,376
07/21/2017,TYS,TN,ASO,ES,Combined TRACON& Tower with Radar,72,54,61,37,224,0,0,39,1,40,72,54,100,38,264,46,14,60,324
07/22/2017,TYS,TN,ASO,ES,Combined TRACON& Tower with Radar,54,44,38,10,146,0,0,20,6,26,54,44,58,16,172,0,0,0,172
07/23/2017,TYS,TN,ASO,ES,Combined TRACON& Tower with Radar,66,54,39,3,162,0,0,13,1,14,66,54,52,4,176,30,0,30,206
07/24/2017,TYS,TN,ASO,ES,Combined TRACON& Tower with Radar,70,61,64,20,215,0,0,15,2,17,70,61,79,22,232,30,28,58,290
07/25/2017,TYS,TN,ASO,ES,Combined TRACON& Tower with Radar,74,62,71,21,228,0,0,22,4,26,74,62,93,25,254,46,14,60,314
07/26/2017,TYS,TN,ASO,ES,Combined TRACON& Tower with Radar,70,61,76,46,253,0,0,24,5,29,70,61,100,51,282,32,52,84,366
07/27/2017,TYS,TN,ASO,ES,Combined TRACON& Tower with Radar,71,53,82,46,252,0,0,22,14,36,71,53,104,60,288,0,82,82,370
07/28/2017,TYS,TN,ASO,ES,Combined TRACON& Tower with Radar,84,54,72,20,230,0,0,2,1,3,84,54,74,21,233,0,0,0,233
07/29/2017,TYS,TN,ASO,ES,Combined TRACON& Tower with Radar,56,44,54,6,160,0,0,17,2,19,56,44,71,8,179,14,6,20,199
07/30/2017,TYS,TN,ASO,ES,Combined TRACON& Tower with Radar,63,56,61,3,183,0,0,42,1,43,63,56,103,4,226,0,0,0,226
07/31/2017,TYS,TN,ASO,ES,Combined TRACON& Tower with Radar,69,62,71,11,213,0,0,39,2,41,69,62,110,13,254,16,0,16,270
08/01/2017,TYS,TN,ASO,ES,Combined TRACON& Tower with Radar,72,57,56,54,239,0,0,42,2,44,72,57,98,56,283,0,34,34,317
08/02/2017,TYS,TN,ASO,ES,Combined TRACON& Tower with Radar,70,54,73,80,277,0,0,38,5,43,70,54,111,85,320,34,42,76,396
08/03/2017,TYS,TN,ASO,ES,Combined TRACON& Tower with Radar,73,54,85,36,248,0,0,24,10,34,73,54,109,46,282,40,88,128,410
08/04/2017,TYS,TN,ASO,ES,Combined TRACON& Tower with Radar,73,51,63,28,215,0,0,9,9,18,73,51,72,37,233,22,54,76,309
08/05/2017,TYS,TN,ASO,ES,Combined TRACON& Tower with Radar,59,39,33,12,143,0,0,31,9,40,59,39,64,21,183,0,0,0,183
08/06/2017,TYS,TN,ASO,ES,Combined TRACON& Tower with Radar,58,56,47,3,164,0,0,28,1,29,58,56,75,4,193,38,0,38,231
08/07/2017,TYS,TN,ASO,ES,Combined TRACON& Tower with Radar,69,64,51,30,214,0,0,4,0,4,69,64,55,30,218,0,0,0,218
08/08/2017,TYS,TN,ASO,ES,Combined TRACON& Tower with Radar,75,57,90,48,270,0,0,23,0,23,75,57,113,48,293,44,14,58,351
08/09/2017,TYS,TN,ASO,ES,Combined TRACON& Tower with Radar,66,70,81,67,284,0,0,33,2,35,66,70,114,69,319,2,62,64,383
08/10/2017,TYS,TN,ASO,ES,Combined TRACON& Tower with Radar,72,62,80,43,257,0,0,18,0,18,72,62,98,43,275,26,20,46,321
08/11/2017,TYS,TN,ASO,ES,Combined TRACON& Tower with Radar,75,60,58,23,216,0,0,12,0,12,75,60,70,23,228,8,42,50,278
08/12/2017,TYS,TN,ASO,ES,Combined TRACON& Tower with Radar,53,50,39,6,148,0,0,5,1,6,53,50,44,7,154,0,0,0,154
08/13/2017,TYS,TN,ASO,ES,Combined TRACON& Tower with Radar,65,59,54,2,180,0,0,18,1,19,65,59,72,3,199,10,0,10,209
08/14/2017,TYS,TN,ASO,ES,Combined TRACON& Tower with Radar,78,62,56,13,209,0,0,12,0,12,78,62,68,13,221,12,10,22,243
08/15/2017,TYS,TN,ASO,ES,Combined TRACON& Tower with Radar,65,53,68,65,251,0,0,27,1,28,65,53,95,66,279,40,32,72,351
08/16/2017,TYS,TN,ASO,ES,Combined TRACON& Tower with Radar,64,63,64,64,255,0,0,28,7,35,64,63,92,71,290,40,38,78,368
08/17/2017,TYS,TN,ASO,ES,Combined TRACON& Tower with Radar,74,56,86,87,303,0,0,29,9,38,74,56,115,96,341,130,152,282,623
08/18/2017,TYS,TN,ASO,ES,Combined TRACON& Tower with Radar,67,59,88,37,251,0,0,31,4,35,67,59,119,41,286,34,14,48,334
08/19/2017,TYS,TN,ASO,ES,Combined TRACON& Tower with Radar,54,40,38,11,143,0,1,45,4,50,54,41,83,15,193,12,18,30,223
08/20/2017,TYS,TN,ASO,ES,Combined TRACON& Tower with Radar,59,52,58,3,172,0,0,57,0,57,59,52,115,3,229,18,0,18,247
08/21/2017,TYS,TN,ASO,ES,Combined TRACON& Tower with Radar,57,72,89,35,253,0,0,63,4,67,57,72,152,39,320,10,34,44,364
08/22/2017,TYS,TN,ASO,ES,Combined TRACON& Tower with Radar,69,65,91,46,271,0,1,41,2,44,69,66,132,48,315,36,64,100,415
08/23/2017,TYS,TN,ASO,ES,Combined TRACON& Tower with Radar,67,61,125,53,306,0,1,27,5,33,67,62,152,58,339,54,66,120,459
08/24/2017,TYS,TN,ASO,ES,Combined TRACON& Tower with Radar,68,53,74,43,238,0,1,49,15,65,68,54,123,58,303,48,58,106,409
08/25/2017,TYS,TN,ASO,ES,Combined TRACON& Tower with Radar,70,58,65,40,233,0,0,45,8,53,70,58,110,48,286,4,54,58,344
08/26/2017,TYS,TN,ASO,ES,Combined TRACON& Tower with Radar,51,32,40,20,143,0,0,30,0,30,51,32,70,20,173,18,24,42,215
08/27/2017,TYS,TN,ASO,ES,Combined TRACON& Tower with Radar,63,39,54,6,162,0,0,45,1,46,63,39,99,7,208,22,0,22,230
08/28/2017,TYS,TN,ASO,ES,Combined TRACON& Tower with Radar,60,53,47,21,181,0,0,33,0,33,60,53,80,21,214,22,4,26,240
08/29/2017,TYS,TN,ASO,ES,Combined TRACON& Tower with Radar,65,55,63,80,263,0,0,39,5,44,65,55,102,85,307,22,30,52,359
08/30/2017,TYS,TN,ASO,ES,Combined TRACON& Tower with Radar,67,53,59,40,219,0,0,17,2,19,67,53,76,42,238,0,22,22,260
08/31/2017,TYS,TN,ASO,ES,Combined TRACON& Tower with Radar,67,52,79,24,222,0,0,1,1,2,67,52,80,25,224,18,0,18,242
09/01/2017,TYS,TN,ASO,ES,Combined TRACON& Tower with Radar,77,62,48,2,189,0,0,5,2,7,77,62,53,4,196,0,0,0,196
09/02/2017,TYS,TN,ASO,ES,Combined TRACON& Tower with Radar,54,36,38,3,131,0,0,0,1,1,54,36,38,4,132,0,0,0,132
09/03/2017,TYS,TN,ASO,ES,Combined TRACON& Tower with Radar,50,33,28,23,134,0,0,26,2,28,50,33,54,25,162,1,22,23,185
09/04/2017,TYS,TN,ASO,ES,Combined TRACON& Tower with Radar,60,41,54,0,155,0,0,26,1,27,60,41,80,1,182,12,0,12,194
09/05/2017,TYS,TN,ASO,ES,Combined TRACON& Tower with Radar,72,47,75,22,216,0,0,9,1,10,72,47,84,23,226,6,0,6,232
09/06/2017,TYS,TN,ASO,ES,Combined TRACON& Tower with Radar,66,59,93,26,244,0,0,50,14,64,66,59,143,40,308,28,24,52,360
09/07/2017,TYS,TN,ASO,ES,Combined TRACON& Tower with Radar,70,47,84,68,269,0,1,30,6,37,70,48,114,74,306,42,80,122,428
09/08/2017,TYS,TN,ASO,ES,Combined TRACON& Tower with Radar,61,51,104,53,269,0,2,55,5,62,61,53,159,58,331,18,82,100,431
09/09/2017,TYS,TN,ASO,ES,Combined TRACON& Tower with Radar,52,38,47,1,138,0,1,7,2,10,52,39,54,3,148,0,0,0,148
09/10/2017,TYS,TN,ASO,ES,Combined TRACON& Tower with Radar,61,51,47,12,171,0,0,29,5,34,61,51,76,17,205,12,10,22,227
09/11/2017,TYS,TN,ASO,ES,Combined TRACON& Tower with Radar,51,48,42,0,141,0,0,15,0,15,51,48,57,0,156,20,0,20,176
09/12/2017,TYS,TN,ASO,ES,Combined TRACON& Tower with Radar,60,44,52,4,160,0,0,10,1,11,60,44,62,5,171,32,24,56,227
09/13/2017,TYS,TN,ASO,ES,Combined TRACON& Tower with Radar,69,45,78,17,209,0,0,16,6,22,69,45,94,23,231,14,18,32,263
09/14/2017,TYS,TN,ASO,ES,Combined TRACON& Tower with Radar,75,51,76,46,248,0,0,14,9,23,75,51,90,55,271,0,70,70,341
09/15/2017,TYS,TN,ASO,ES,Combined TRACON& Tower with Radar,75,54,100,56,285,0,0,33,0,33,75,54,133,56,318,28,84,112,430
09/16/2017,TYS,TN,ASO,ES,Combined TRACON& Tower with Radar,57,33,55,41,186,0,0,35,6,41,57,33,90,47,227,36,72,108,335
09/17/2017,TYS,TN,ASO,ES,Combined TRACON& Tower with Radar,67,45,71,6,189,0,0,26,4,30,67,45,97,10,219,2,0,2,221
09/18/2017,TYS,TN,ASO,ES,Combined TRACON& Tower with Radar,69,48,62,42,221,0,0,45,1,46,69,48,107,43,267,10,26,36,303
09/19/2017,TYS,TN,ASO,ES,Combined TRACON& Tower with Radar,75,50,80,53,258,0,0,30,1,31,75,50,110,54,289,4,28,32,321
09/20/2017,TYS,TN,ASO,ES,Combined TRACON& Tower with Radar,70,48,94,44,256,0,0,37,0,37,70,48,131,44,293,82,28,110,403
09/21/2017,TYS,TN,ASO,ES,Combined TRACON& Tower with Radar,73,55,103,25,256,0,0,54,6,60,73,55,157,31,316,26,46,72,388
09/22/2017,TYS,TN,ASO,ES,Combined TRACON& Tower with Radar,73,57,104,55,289,0,0,44,6,50,73,57,148,61,339,32,102,134,473
09/23/2017,TYS,TN,ASO,ES,Combined TRACON& Tower with Radar,61,43,52,3,159,0,0,26,1,27,61,43,78,4,186,38,0,38,224
09/24/2017,TYS,TN,ASO,ES,Combined TRACON& Tower with Radar,67,53,40,14,174,0,0,33,6,39,67,53,73,20,213,10,0,10,223
09/25/2017,TYS,TN,ASO,ES,Combined TRACON& Tower with Radar,70,50,64,24,208,0,0,34,0,34,70,50,98,24,242,40,16,56,298
09/26/2017,TYS,TN,ASO,ES,Combined TRACON& Tower with Radar,72,47,97,35,251,0,0,53,0,53,72,47,150,35,304,22,22,44,348
09/27/2017,TYS,TN,ASO,ES,Combined TRACON& Tower with Radar,76,63,71,61,271,0,1,40,6,47,76,64,111,67,318,66,40,106,424
09/28/2017,TYS,TN,ASO,ES,Combined TRACON& Tower with Radar,78,59,95,38,270,0,0,42,5,47,78,59,137,43,317,14,50,64,381
09/29/2017,TYS,TN,ASO,ES,Combined TRACON& Tower with Radar,75,66,116,18,275,0,0,45,6,51,75,66,161,24,326,13,8,21,347
09/30/2017,TYS,TN,ASO,ES,Combined TRACON& Tower with Radar,55,41,100,10,206,0,0,35,2,37,55,41,135,12,243,0,0,0,243
10/01/2017,TYS,TN,ASO,ES,Combined TRACON& Tower with Radar,68,58,87,6,219,0,0,36,4,40,68,58,123,10,259,14,22,36,295
10/02/2017,TYS,TN,ASO,ES,Combined TRACON& Tower with Radar,68,50,89,12,219,0,0,23,8,31,68,50,112,20,250,42,26,68,318
10/03/2017,TYS,TN,ASO,ES,Combined TRACON& Tower with Radar,71,55,61,65,252,0,0,41,5,46,71,55,102,70,298,48,48,96,394
10/04/2017,TYS,TN,ASO,ES,Combined TRACON& Tower with Radar,81,55,97,49,282,0,0,37,15,52,81,55,134,64,334,52,66,118,452
10/05/2017,TYS,TN,ASO,ES,Combined TRACON& Tower with Radar,84,51,82,43,260,0,0,48,9,57,84,51,130,52,317,58,30,88,405
10/06/2017,TYS,TN,ASO,ES,Combined TRACON& Tower with Radar,81,57,97,32,267,0,1,50,9,60,81,58,147,41,327,78,60,138,465
10/07/2017,TYS,TN,ASO,ES,Combined TRACON& Tower with Radar,56,38,49,12,155,0,0,15,1,16,56,38,64,13,171,26,0,26,197
10/08/2017,TYS,TN,ASO,ES,Combined TRACON& Tower with Radar,79,44,43,0,166,0,0,0,0,0,79,44,43,0,166,0,0,0,166
10/09/2017,TYS,TN,ASO,ES,Combined TRACON& Tower with Radar,72,41,53,2,168,0,0,20,1,21,72,41,73,3,189,52,0,52,241
10/10/2017,TYS,TN,ASO,ES,Combined TRACON& Tower with Radar,80,63,89,19,251,0,0,21,2,23,80,63,110,21,274,16,0,16,290
10/11/2017,TYS,TN,ASO,ES,Combined TRACON& Tower with Radar,75,62,88,67,292,0,1,12,0,13,75,63,100,67,305,0,80,80,385
10/12/2017,TYS,TN,ASO,ES,Combined TRACON& Tower with Radar,80,50,93,52,275,0,0,44,5,49,80,50,137,57,324,20,78,98,422
10/13/2017,TYS,TN,ASO,ES,Combined TRACON& Tower with Radar,79,74,105,41,299,0,0,44,1,45,79,74,149,42,344,12,28,40,384
10/14/2017,TYS,TN,ASO,ES,Combined TRACON& Tower with Radar,56,49,69,13,187,0,0,11,1,12,56,49,80,14,199,0,12,12,211
10/15/2017,TYS,TN,ASO,ES,Combined TRACON& Tower with Radar,75,53,51,2,181,0,0,4,2,6,75,53,55,4,187,0,0,0,187
10/16/2017,TYS,TN,ASO,ES,Combined TRACON& Tower with Radar,70,63,59,21,213,0,0,28,4,32,70,63,87,25,245,38,42,80,325
10/17/2017,TYS,TN,ASO,ES,Combined TRACON& Tower with Radar,78,53,85,52,268,0,0,62,2,64,78,53,147,54,332,58,54,112,444
10/18/2017,TYS,TN,ASO,ES,Combined TRACON& Tower with Radar,79,43,83,27,232,0,1,51,3,55,79,44,134,30,287,96,18,114,401
10/19/2017,TYS,TN,ASO,ES,Combined TRACON& Tower with Radar,84,53,88,24,249,0,0,67,11,78,84,53,155,35,327,94,68,162,489
10/20/2017,TYS,TN,ASO,ES,Combined TRACON& Tower with Radar,79,59,106,44,288,0,2,54,10,66,79,61,160,54,354,62,88,150,504
10/21/2017,TYS,TN,ASO,ES,Combined TRACON& Tower with Radar,57,36,58,8,159,0,0,40,8,48,57,36,98,16,207,10,10,20,227
10/22/2017,TYS,TN,ASO,ES,Combined TRACON& Tower with Radar,74,46,67,21,208,0,0,22,2,24,74,46,89,23,232,8,10,18,250
10/23/2017,TYS,TN,ASO,ES,Combined TRACON& Tower with Radar,75,53,73,13,214,0,0,5,0,5,75,53,78,13,219,14,0,14,233
10/24/2017,TYS,TN,ASO,ES,Combined TRACON& Tower with Radar,77,54,90,25,246,0,0,38,3,41,77,54,128,28,287,60,10,70,357
10/25/2017,TYS,TN,ASO,ES,Combined TRACON& Tower with Radar,68,53,84,27,232,0,0,42,8,50,68,53,126,35,282,64,20,84,366
10/26/2017,TYS,TN,ASO,ES,Combined TRACON& Tower with Radar,84,56,98,16,254,0,0,65,15,80,84,56,163,31,334,82,12,94,428
10/27/2017,TYS,TN,ASO,ES,Combined TRACON& Tower with Radar,74,64,84,70,292,0,1,44,13,58,74,65,128,83,350,20,46,66,416
10/28/2017,TYS,TN,ASO,ES,Combined TRACON& Tower with Radar,57,45,31,1,134,0,0,0,0,0,57,45,31,1,134,0,0,0,134
10/29/2017,TYS,TN,ASO,ES,Combined TRACON& Tower with Radar,65,57,53,2,177,0,0,5,0,5,65,57,58,2,182,0,0,0,182
10/30/2017,TYS,TN,ASO,ES,Combined TRACON& Tower with Radar,60,46,69,14,189,0,0,47,2,49,60,46,116,16,238,40,28,68,306
10/31/2017,TYS,TN,ASO,ES,Combined TRACON& Tower with Radar,65,45,54,35,199,0,0,45,2,47,65,45,99,37,246,80,28,108,354
11/01/2017,TYS,TN,ASO,ES,Combined TRACON& Tower with Radar,71,49,100,46,266,0,0,35,3,38,71,49,135,49,304,46,0,46,350
11/02/2017,TYS,TN,ASO,ES,Combined TRACON& Tower with Radar,79,47,83,31,240,0,0,36,6,42,79,47,119,37,282,50,68,118,400
11/03/2017,TYS,TN,ASO,ES,Combined TRACON& Tower with Radar,74,57,78,39,248,0,0,4,19,23,74,57,82,58,271,0,96,96,367
11/04/2017,TYS,TN,ASO,ES,Combined TRACON& Tower with Radar,60,32,59,14,165,0,0,9,6,15,60,32,68,20,180,6,52,58,238
11/05/2017,TYS,TN,ASO,ES,Combined TRACON& Tower with Radar,65,62,74,21,222,0,0,20,2,22,65,62,94,23,244,10,0,10,254
11/06/2017,TYS,TN,ASO,ES,Combined TRACON& Tower with Radar,64,51,76,14,205,0,0,13,0,13,64,51,89,14,218,12,12,24,242
11/07/2017,TYS,TN,ASO,ES,Combined TRACON& Tower with Radar,69,44,71,12,196,0,0,8,1,9,69,44,79,13,205,6,0,6,211
11/08/2017,TYS,TN,ASO,ES,Combined TRACON& Tower with Radar,65,52,98,14,229,0,0,0,8,8,65,52,98,22,237,24,26,50,287
11/09/2017,TYS,TN,ASO,ES,Combined TRACON& Tower with Radar,79,74,87,42,282,0,1,17,0,18,79,75,104,42,300,44,30,74,374
11/10/2017,TYS,TN,ASO,ES,Combined TRACON& Tower with Radar,73,58,91,14,236,0,1,58,0,59,73,59,149,14,295,78,0,78,373
11/11/2017,TYS,TN,ASO,ES,Combined TRACON& Tower with Radar,55,34,38,6,133,0,0,43,2,45,55,34,81,8,178,54,0,54,232
11/12/2017,TYS,TN,ASO,ES,Combined TRACON& Tower with Radar,73,47,71,7,198,0,0,13,0,13,73,47,84,7,211,0,0,0,211
11/13/2017,TYS,TN,ASO,ES,Combined TRACON& Tower with Radar,70,54,80,53,257,0,0,20,2,22,70,54,100,55,279,30,74,104,383
11/14/2017,TYS,TN,ASO,ES,Combined TRACON& Tower with Radar,71,51,106,39,267,0,1,39,9,49,71,52,145,48,316,42,36,78,394
11/15/2017,TYS,TN,ASO,ES,Combined TRACON& Tower with Radar,63,54,98,36,251,0,0,41,13,54,63,54,139,49,305,28,32,60,365
11/16/2017,TYS,TN,ASO,ES,Combined TRACON& Tower with Radar,75,53,101,48,277,0,0,58,14,72,75,53,159,62,349,44,134,178,527
11/17/2017,TYS,TN,ASO,ES,Combined TRACON& Tower with Radar,79,60,109,57,305,0,1,50,9,60,79,61,159,66,365,0,0,0,365
11/18/2017,TYS,TN,ASO,ES,Combined TRACON& Tower with Radar,59,35,67,16,177,0,0,8,10,18,59,35,75,26,195,56,124,180,375
11/19/2017,TYS,TN,ASO,ES,Combined TRACON& Tower with Radar,71,60,112,24,267,0,0,20,9,29,71,60,132,33,296,28,52,80,376
11/20/2017,TYS,TN,ASO,ES,Combined TRACON& Tower with Radar,62,42,61,42,207,0,3,47,3,53,62,45,108,45,260,0,0,0,260
11/21/2017,TYS,TN,ASO,ES,Combined TRACON& Tower with Radar,75,57,69,36,237,0,0,37,15,52,75,57,106,51,289,14,44,58,347
11/22/2017,TYS,TN,ASO,ES,Combined TRACON& Tower with Radar,76,51,77,40,244,0,0,27,2,29,76,51,104,42,273,4,52,56,329
11/23/2017,TYS,TN,ASO,ES,Combined TRACON& Tower with Radar,38,24,21,0,83,0,0,14,0,14,38,24,35,0,97,0,0,0,97
11/24/2017,TYS,TN,ASO,ES,Combined TRACON& Tower with Radar,58,33,29,0,120,0,0,20,0,20,58,33,49,0,140,0,0,0,140
11/25/2017,TYS,TN,ASO,ES,Combined TRACON& Tower with Radar,71,44,45,0,160,0,0,26,0,26,71,44,71,0,186,0,0,0,186
11/26/2017,TYS,TN,ASO,ES,Combined TRACON& Tower with Radar,75,66,82,0,223,0,0,31,0,31,75,66,113,0,254,2,16,18,272
11/27/2017,TYS,TN,ASO,ES,Combined TRACON& Tower with Radar,73,56,66,32,227,0,1,39,2,42,73,57,105,34,269,36,44,80,349
11/28/2017,TYS,TN,ASO,ES,Combined TRACON& Tower with Radar,66,62,81,71,280,0,0,39,3,42,66,62,120,74,322,4,54,58,380
11/29/2017,TYS,TN,ASO,ES,Combined TRACON& Tower with Radar,66,53,93,65,277,0,0,35,7,42,66,53,128,72,319,28,110,138,457
11/30/2017,TYS,TN,ASO,ES,Combined TRACON& Tower with Radar,73,65,89,50,277,0,0,24,17,41,73,65,113,67,318,74,78,152,470
12/01/2017,TYS,TN,ASO,ES,Combined TRACON& Tower with Radar,74,53,85,24,236,0,0,35,18,53,74,53,120,42,289,100,24,124,413
12/02/2017,TYS,TN,ASO,ES,Combined TRACON& Tower with Radar,49,36,53,28,166,0,0,37,7,44,49,36,90,35,210,16,52,68,278
12/03/2017,TYS,TN,ASO,ES,Combined TRACON& Tower with Radar,59,46,69,6,180,0,0,22,0,22,59,46,91,6,202,0,0,0,202
12/04/2017,TYS,TN,ASO,ES,Combined TRACON& Tower with Radar,60,55,66,31,212,0,0,43,2,45,60,55,109,33,257,20,4,24,281
12/05/2017,TYS,TN,ASO,ES,Combined TRACON& Tower with Radar,61,59,91,15,226,0,0,0,0,0,61,59,91,15,226,4,0,4,230
12/06/2017,TYS,TN,ASO,ES,Combined TRACON& Tower with Radar,68,58,79,61,266,0,0,41,10,51,68,58,120,71,317,24,28,52,369
12/07/2017,TYS,TN,ASO,ES,Combined TRACON& Tower with Radar,74,62,94,32,262,0,0,56,18,74,74,62,150,50,336,30,56,86,422
12/08/2017,TYS,TN,ASO,ES,Combined TRACON& Tower with Radar,63,63,79,7,212,0,0,7,1,8,63,63,86,8,220,0,0,0,220
12/09/2017,TYS,TN,ASO,ES,Combined TRACON& Tower with Radar,47,49,59,4,159,0,0,31,0,31,47,49,90,4,190,0,0,0,190
12/10/2017,TYS,TN,ASO,ES,Combined TRACON& Tower with Radar,61,47,61,2,171,0,0,16,0,16,61,47,77,2,187,0,0,0,187
12/11/2017,TYS,TN,ASO,ES,Combined TRACON& Tower with Radar,59,54,64,53,230,0,0,28,3,31,59,54,92,56,261,12,0,12,273
12/12/2017,TYS,TN,ASO,ES,Combined TRACON& Tower with Radar,63,57,66,31,217,0,0,13,3,16,63,57,79,34,233,0,10,10,243
12/13/2017,TYS,TN,ASO,ES,Combined TRACON& Tower with Radar,65,64,88,32,249,0,0,46,7,53,65,64,134,39,302,56,24,80,382
12/14/2017,TYS,TN,ASO,ES,Combined TRACON& Tower with Radar,76,61,89,60,286,0,0,54,11,65,76,61,143,71,351,16,62,78,429
12/15/2017,TYS,TN,ASO,ES,Combined TRACON& Tower with Radar,72,68,97,25,262,0,0,18,13,31,72,68,115,38,293,36,0,36,329
12/16/2017,TYS,TN,ASO,ES,Combined TRACON& Tower with Radar,50,46,51,8,155,0,0,38,9,47,50,46,89,17,202,16,0,16,218
12/17/2017,TYS,TN,ASO,ES,Combined TRACON& Tower with Radar,50,51,58,0,159,0,0,8,0,8,50,51,66,0,167,12,0,12,179
12/18/2017,TYS,TN,ASO,ES,Combined TRACON& Tower with Radar,61,59,81,9,210,0,0,5,0,5,61,59,86,9,215,6,0,6,221
12/19/2017,TYS,TN,ASO,ES,Combined TRACON& Tower with Radar,69,59,72,31,231,0,0,24,3,27,69,59,96,34,258,18,14,32,290
12/20/2017,TYS,TN,ASO,ES,Combined TRACON& Tower with Radar,75,51,63,18,207,0,0,0,0,0,75,51,63,18,207,0,0,0,207
12/21/2017,TYS,TN,ASO,ES,Combined TRACON& Tower with Radar,68,62,103,54,287,0,0,1,4,5,68,62,104,58,292,0,94,94,386
12/22/2017,TYS,TN,ASO,ES,Combined TRACON& Tower with Radar,61,80,73,14,228,0,0,15,0,15,61,80,88,14,243,0,0,0,243
12/23/2017,TYS,TN,ASO,ES,Combined TRACON& Tower with Radar,53,48,41,0,142,0,0,0,0,0,53,48,41,0,142,0,0,0,142
12/24/2017,TYS,TN,ASO,ES,Combined TRACON& Tower with Radar,51,40,27,0,118,0,0,0,0,0,51,40,27,0,118,0,0,0,118
12/25/2017,TYS,TN,ASO,ES,Combined TRACON& Tower with Radar,41,38,5,0,84,0,0,10,0,10,41,38,15,0,94,0,0,0,94
12/26/2017,TYS,TN,ASO,ES,Combined TRACON& Tower with Radar,57,50,78,0,185,0,0,32,0,32,57,50,110,0,217,40,0,40,257
12/27/2017,TYS,TN,ASO,ES,Combined TRACON& Tower with Radar,60,65,55,61,241,0,0,25,8,33,60,65,80,69,274,14,24,38,312
12/28/2017,TYS,TN,ASO,ES,Combined TRACON& Tower with Radar,64,62,65,48,239,0,0,45,6,51,64,62,110,54,290,54,70,124,414
12/29/2017,TYS,TN,ASO,ES,Combined TRACON& Tower with Radar,60,53,41,19,173,0,1,33,0,34,60,54,74,19,207,26,0,26,233
12/30/2017,TYS,TN,ASO,ES,Combined TRACON& Tower with Radar,49,58,30,0,137,0,0,13,0,13,49,58,43,0,150,10,0,10,160
12/31/2017,TYS,TN,ASO,ES,Combined TRACON& Tower with Radar,45,53,21,1,120,0,0,4,0,4,45,53,25,1,124,0,0,0,124
01/01/2018,TYS,TN,ASO,ES,Combined TRACON& Tower with Radar,45,39,25,0,109,0,0,16,0,16,45,39,41,0,125,0,0,0,125
01/02/2018,TYS,TN,ASO,ES,Combined TRACON& Tower with Radar,61,56,63,4,184,0,0,12,1,13,61,56,75,5,197,4,0,4,201
01/03/2018,TYS,TN,ASO,ES,Combined TRACON& Tower with Radar,62,52,46,23,183,0,0,24,0,24,62,52,70,23,207,32,62,94,301
01/04/2018,TYS,TN,ASO,ES,Combined TRACON& Tower with Radar,64,48,43,21,176,0,0,24,12,36,64,48,67,33,212,36,68,104,316
01/05/2018,TYS,TN,ASO,ES,Combined TRACON& Tower with Radar,59,53,44,14,170,0,1,29,15,45,59,54,73,29,215,20,52,72,287
01/06/2018,TYS,TN,ASO,ES,Combined TRACON& Tower with Radar,52,40,45,12,149,0,0,31,2,33,52,40,76,14,182,38,8,46,228
01/07/2018,TYS,TN,ASO,ES,Combined TRACON& Tower with Radar,56,48,42,6,152,0,0,17,8,25,56,48,59,14,177,2,0,2,179
01/08/2018,TYS,TN,ASO,ES,Combined TRACON& Tower with Radar,61,41,18,7,127,0,0,0,0,0,61,41,18,7,127,0,0,0,127
01/09/2018,TYS,TN,ASO,ES,Combined TRACON& Tower with Radar,73,49,74,70,266,0,0,10,3,13,73,49,84,73,279,20,42,62,341
01/10/2018,TYS,TN,ASO,ES,Combined TRACON& Tower with Radar,62,52,78,39,231,0,0,29,9,38,62,52,107,48,269,46,64,110,379
01/11/2018,TYS,TN,ASO,ES,Combined TRACON& Tower with Radar,69,41,48,30,188,0,0,3,5,8,69,41,51,35,196,0,2,2,198
01/12/2018,TYS,TN,ASO,ES,Combined TRACON& Tower with Radar,59,56,51,10,176,0,0,0,0,0,59,56,51,10,176,0,0,0,176
01/13/2018,TYS,TN,ASO,ES,Combined TRACON& Tower with Radar,50,32,26,3,111,0,0,4,1,5,50,32,30,4,116,0,0,0,116
01/14/2018,TYS,TN,ASO,ES,Combined TRACON& Tower with Radar,49,37,30,1,117,0,0,16,0,16,49,37,46,1,133,32,0,32,165
01/15/2018,TYS,TN,ASO,ES,Combined TRACON& Tower with Radar,60,41,63,15,179,0,1,37,4,42,60,42,100,19,221,84,6,90,311
01/16/2018,TYS,TN,ASO,ES,Combined TRACON& Tower with Radar,67,41,44,0,152,0,0,5,2,7,67,41,49,2,159,28,0,28,187
01/17/2018,TYS,TN,ASO,ES,Combined TRACON& Tower with Radar,53,44,54,9,160,0,0,10,5,15,53,44,64,14,175,30,0,30,205
01/18/2018,TYS,TN,ASO,ES,Combined TRACON& Tower with Radar,63,49,76,25,213,0,0,36,22,58,63,49,112,47,271,84,60,144,415
01/19/2018,TYS,TN,ASO,ES,Combined TRACON& Tower with Radar,69,57,74,36,236,0,0,46,11,57,69,57,120,47,293,4,76,80,373
01/20/2018,TYS,TN,ASO,ES,Combined TRACON& Tower with Radar,46,40,49,7,142,0,0,28,7,35,46,40,77,14,177,12,0,12,189
01/21/2018,TYS,TN,ASO,ES,Combined TRACON& Tower with Radar,53,51,33,7,144,0,0,18,2,20,53,51,51,9,164,18,26,44,208
01/22/2018,TYS,TN,ASO,ES,Combined TRACON& Tower with Radar,59,46,60,12,177,0,0,22,0,22,59,46,82,12,199,16,8,24,223
01/23/2018,TYS,TN,ASO,ES,Combined TRACON& Tower with Radar,70,55,87,45,257,0,0,35,6,41,70,55,122,51,298,52,18,70,368
01/24/2018,TYS,TN,ASO,ES,Combined TRACON& Tower with Radar,63,50,101,81,295,0,0,27,1,28,63,50,128,82,323,46,44,90,413
01/25/2018,TYS,TN,ASO,ES,Combined TRACON& Tower with Radar,69,59,86,69,283,0,2,51,15,68,69,61,137,84,351,8,64,72,423
01/26/2018,TYS,TN,ASO,ES,Combined TRACON& Tower with Radar,68,58,72,84,282,0,0,55,3,58,68,58,127,87,340,34,60,94,434
01/27/2018,TYS,TN,ASO,ES,Combined TRACON& Tower with Radar,49,39,21,1,110,0,1,35,2,38,49,40,56,3,148,10,0,10,158
01/28/2018,TYS,TN,ASO,ES,Combined TRACON& Tower with Radar,65,42,32,5,144,0,0,0,0,0,65,42,32,5,144,0,0,0,144
01/29/2018,TYS,TN,ASO,ES,Combined TRACON& Tower with Radar,61,42,73,31,207,0,0,34,6,40,61,42,107,37,247,48,58,106,353
01/30/2018,TYS,TN,ASO,ES,Combined TRACON& Tower with Radar,70,50,66,40,226,0,0,28,8,36,70,50,94,48,262,12,42,54,316
01/31/2018,TYS,TN,ASO,ES,Combined TRACON& Tower with Radar,63,53,77,76,269,0,0,58,12,70,63,53,135,88,339,16,60,76,415
02/01/2018,TYS,TN,ASO,ES,Combined TRACON& Tower with Radar,68,43,50,25,186,0,0,12,5,17,68,43,62,30,203,14,22,36,239
02/02/2018,TYS,TN,ASO,ES,Combined TRACON& Tower with Radar,65,47,56,19,187,0,1,34,10,45,65,48,90,29,232,6,24,30,262
02/03/2018,TYS,TN,ASO,ES,Combined TRACON& Tower with Radar,46,41,34,1,122,0,0,37,0,37,46,41,71,1,159,46,0,46,205
02/04/2018,TYS,TN,ASO,ES,Combined TRACON& Tower with Radar,43,34,21,6,104,0,0,0,0,0,43,34,21,6,104,0,0,0,104
02/05/2018,TYS,TN,ASO,ES,Combined TRACON& Tower with Radar,62,49,67,25,203,0,0,35,0,35,62,49,102,25,238,48,14,62,300
02/06/2018,TYS,TN,ASO,ES,Combined TRACON& Tower with Radar,67,52,88,50,257,0,0,13,0,13,67,52,101,50,270,40,38,78,348
02/07/2018,TYS,TN,ASO,ES,Combined TRACON& Tower with Radar,59,59,58,15,191,0,0,2,0,2,59,59,60,15,193,0,0,0,193
02/08/2018,TYS,TN,ASO,ES,Combined TRACON& Tower with Radar,71,57,78,51,257,0,0,50,17,67,71,57,128,68,324,42,62,104,428
02/09/2018,TYS,TN,ASO,ES,Combined TRACON& Tower with Radar,64,51,70,33,218,0,0,64,35,99,64,51,134,68,317,48,26,74,391
02/10/2018,TYS,TN,ASO,ES,Combined TRACON& Tower with Radar,45,43,19,4,111,0,0,0,0,0,45,43,19,4,111,0,0,0,111
02/11/2018,TYS,TN,ASO,ES,Combined TRACON& Tower with Radar,53,40,32,7,132,0,0,1,0,1,53,40,33,7,133,0,0,0,133
02/12/2018,TYS,TN,ASO,ES,Combined TRACON& Tower with Radar,61,47,75,6,189,0,0,1,0,1,61,47,76,6,190,4,0,4,194
02/13/2018,TYS,TN,ASO,ES,Combined TRACON& Tower with Radar,69,53,92,61,275,0,0,6,9,15,69,53,98,70,290,12,6,18,308
02/14/2018,TYS,TN,ASO,ES,Combined TRACON& Tower with Radar,63,56,82,26,227,0,0,4,0,4,63,56,86,26,231,22,0,22,253
02/15/2018,TYS,TN,ASO,ES,Combined TRACON& Tower with Radar,64,69,115,42,290,0,1,8,8,17,64,70,123,50,307,0,27,27,334
02/16/2018,TYS,TN,ASO,ES,Combined TRACON& Tower with Radar,56,76,58,16,206,0,0,1,0,1,56,76,59,16,207,10,0,10,217
02/17/2018,TYS,TN,ASO,ES,Combined TRACON& Tower with Radar,42,51,24,2,119,0,0,4,0,4,42,51,28,2,123,14,0,14,137
02/18/2018,TYS,TN,ASO,ES,Combined TRACON& Tower with Radar,48,53,55,6,162,0,0,39,0,39,48,53,94,6,201,30,0,30,231
02/19/2018,TYS,TN,ASO,ES,Combined TRACON& Tower with Radar,52,50,78,2,182,0,0,22,0,22,52,50,100,2,204,20,8,28,232
02/20/2018,TYS,TN,ASO,ES,Combined TRACON& Tower with Radar,61,69,106,96,332,0,0,21,3,24,61,69,127,99,356,22,70,92,448
02/21/2018,TYS,TN,ASO,ES,Combined TRACON& Tower with Radar,62,63,89,65,279,0,0,12,0,12,62,63,101,65,291,8,14,22,313
02/22/2018,TYS,TN,ASO,ES,Combined TRACON& Tower with Radar,62,90,94,54,300,0,0,45,7,52,62,90,139,61,352,18,32,50,402
02/23/2018,TYS,TN,ASO,ES,Combined TRACON& Tower with Radar,62,74,95,76,307,0,0,36,18,54,62,74,131,94,361,36,56,92,453
02/24/2018,TYS,TN,ASO,ES,Combined TRACON& Tower with Radar,41,52,31,16,140,0,0,16,8,24,41,52,47,24,164,16,16,32,196
02/25/2018,TYS,TN,ASO,ES,Combined TRACON& Tower with Radar,54,61,46,4,165,0,0,4,0,4,54,61,50,4,169,0,0,0,169
02/26/2018,TYS,TN,ASO,ES,Combined TRACON& Tower with Radar,62,64,78,6,210,0,1,17,0,18,62,65,95,6,228,10,0,10,238
02/27/2018,TYS,TN,ASO,ES,Combined TRACON& Tower with Radar,58,70,85,69,282,0,0,63,24,87,58,70,148,93,369,56,0,56,425
02/28/2018,TYS,TN,ASO,ES,Combined TRACON& Tower with Radar,55,63,76,21,215,0,0,0,0,0,55,63,76,21,215,0,0,0,215
03/01/2018,TYS,TN,ASO,ES,Combined TRACON& Tower with Radar,66,53,70,14,203,0,0,0,4,4,66,53,70,18,207,0,22,22,229
03/02/2018,TYS,TN,ASO,ES,Combined TRACON& Tower with Radar,55,55,68,30,208,0,0,50,2,52,55,55,118,32,260,20,52,72,332
03/03/2018,TYS,TN,ASO,ES,Combined TRACON& Tower with Radar,38,62,37,20,157,0,0,37,5,42,38,62,74,25,199,26,44,70,269
03/04/2018,TYS,TN,ASO,ES,Combined TRACON& Tower with Radar,49,56,45,8,158,0,0,27,3,30,49,56,72,11,188,34,12,46,234
03/05/2018,TYS,TN,ASO,ES,Combined TRACON& Tower with Radar,54,57,56,19,186,0,0,42,16,58,54,57,98,35,244,4,24,28,272
03/06/2018,TYS,TN,ASO,ES,Combined TRACON& Tower with Radar,60,68,115,16,259,0,0,9,0,9,60,68,124,16,268,28,0,28,296
03/07/2018,TYS,TN,ASO,ES,Combined TRACON& Tower with Radar,57,65,82,20,224,0,1,21,0,22,57,66,103,20,246,6,6,12,258
03/08/2018,TYS,TN,ASO,ES,Combined TRACON& Tower with Radar,62,55,87,19,223,0,0,20,19,39,62,55,107,38,262,28,34,62,324
03/09/2018,TYS,TN,ASO,ES,Combined TRACON& Tower with Radar,61,65,94,27,247,0,0,53,3,56,61,65,147,30,303,38,64,102,405
03/10/2018,TYS,TN,ASO,ES,Combined TRACON& Tower with Radar,45,47,37,5,134,0,0,7,0,7,45,47,44,5,141,36,0,36,177
03/11/2018,TYS,TN,ASO,ES,Combined TRACON& Tower with Radar,53,50,29,0,132,0,0,1,0,1,53,50,30,0,133,0,0,0,133
03/12/2018,TYS,TN,ASO,ES,Combined TRACON& Tower with Radar,55,53,38,5,151,0,0,6,0,6,55,53,44,5,157,8,0,8,165
03/13/2018,TYS,TN,ASO,ES,Combined TRACON& Tower with Radar,66,59,65,59,249,0,0,53,5,58,66,59,118,64,307,58,86,144,451
03/14/2018,TYS,TN,ASO,ES,Combined TRACON& Tower with Radar,61,66,76,41,244,0,0,40,15,55,61,66,116,56,299,32,100,132,431
03/15/2018,TYS,TN,ASO,ES,Combined TRACON& Tower with Radar,66,61,80,44,251,0,2,40,16,58,66,63,120,60,309,24,116,140,449
03/16/2018,TYS,TN,ASO,ES,Combined TRACON& Tower with Radar,57,58,59,58,232,0,0,51,20,71,57,58,110,78,303,18,28,46,349
03/17/2018,TYS,TN,ASO,ES,Combined TRACON& Tower with Radar,43,50,49,12,154,0,0,25,15,40,43,50,74,27,194,22,28,50,244
03/18/2018,TYS,TN,ASO,ES,Combined TRACON& Tower with Radar,55,63,68,6,192,0,0,25,0,25,55,63,93,6,217,42,32,74,291
03/19/2018,TYS,TN,ASO,ES,Combined TRACON& Tower with Radar,53,55,64,29,201,0,0,21,1,22,53,55,85,30,223,66,34,100,323
03/20/2018,TYS,TN,ASO,ES,Combined TRACON& Tower with Radar,64,54,72,11,201,0,0,15,4,19,64,54,87,15,220,36,6,42,262
03/21/2018,TYS,TN,ASO,ES,Combined TRACON& Tower with Radar,60,41,85,12,198,0,0,2,0,2,60,41,87,12,200,8,0,8,208
03/22/2018,TYS,TN,ASO,ES,Combined TRACON& Tower with Radar,64,60,114,26,264,0,0,85,27,112,64,60,199,53,376,88,34,122,498
03/23/2018,TYS,TN,ASO,ES,Combined TRACON& Tower with Radar,58,52,80,47,237,0,0,53,21,74,58,52,133,68,311,90,28,118,429
03/24/2018,TYS,TN,ASO,ES,Combined TRACON& Tower with Radar,41,53,26,1,121,0,0,2,0,2,41,53,28,1,123,34,0,34,157
03/25/2018,TYS,TN,ASO,ES,Combined TRACON& Tower with Radar,51,59,52,6,168,0,0,20,0,20,51,59,72,6,188,12,0,12,200
03/26/2018,TYS,TN,ASO,ES,Combined TRACON& Tower with Radar,56,52,99,18,225,0,0,21,0,21,56,52,120,18,246,64,0,64,310
03/27/2018,TYS,TN,ASO,ES,Combined TRACON& Tower with Radar,60,65,93,30,248,0,0,47,7,54,60,65,140,37,302,36,48,84,386
03/28/2018,TYS,TN,ASO,ES,Combined TRACON& Tower with Radar,62,70,102,39,273,0,0,37,8,45,62,70,139,47,318,24,6,30,348
03/29/2018,TYS,TN,ASO,ES,Combined TRACON& Tower with Radar,66,65,97,19,247,0,0,24,6,30,66,65,121,25,277,0,10,10,287
03/30/2018,TYS,TN,ASO,ES,Combined TRACON& Tower with Radar,58,59,81,6,204,0,0,26,0,26,58,59,107,6,230,44,16,60,290
03/31/2018,TYS,TN,ASO,ES,Combined TRACON& Tower with Radar,41,54,38,9,142,0,1,68,1,70,41,55,106,10,212,62,20,82,294
04/01/2018,TYS,TN,ASO,ES,Combined TRACON& Tower with Radar,46,60,37,1,144,0,2,14,1,17,46,62,51,2,161,0,12,12,173
04/02/2018,TYS,TN,ASO,ES,Combined TRACON& Tower with Radar,52,55,71,16,194,0,0,35,1,36,52,55,106,17,230,48,12,60,290
04/03/2018,TYS,TN,ASO,ES,Combined TRACON& Tower with Radar,59,56,67,48,230,0,0,31,2,33,59,56,98,50,263,0,0,0,263
04/04/2018,TYS,TN,ASO,ES,Combined TRACON& Tower with Radar,56,61,64,19,200,0,0,48,2,50,56,61,112,21,250,106,38,144,394
04/05/2018,TYS,TN,ASO,ES,Combined TRACON& Tower with Radar,66,67,113,36,282,0,0,101,22,123,66,67,214,58,405,60,76,136,541
04/06/2018,TYS,TN,ASO,ES,Combined TRACON& Tower with Radar,64,61,87,11,223,0,0,23,9,32,64,61,110,20,255,18,8,26,281
04/07/2018,TYS,TN,ASO,ES,Combined TRACON& Tower with Radar,44,56,38,6,144,0,0,0,6,6,44,56,38,12,150,0,28,28,178
04/08/2018,TYS,TN,ASO,ES,Combined TRACON& Tower with Radar,54,60,63,15,192,0,0,58,2,60,54,60,121,17,252,34,0,34,286
04/09/2018,TYS,TN,ASO,ES,Combined TRACON& Tower with Radar,66,58,65,18,207,0,0,18,0,18,66,58,83,18,225,58,0,58,283
04/10/2018,TYS,TN,ASO,ES,Combined TRACON& Tower with Radar,70,58,93,52,273,0,1,65,6,72,70,59,158,58,345,96,60,156,501
04/11/2018,TYS,TN,ASO,ES,Combined TRACON& Tower with Radar,71,67,98,61,297,0,0,60,21,81,71,67,158,82,378,82,104,186,564
04/12/2018,TYS,TN,ASO,ES,Combined TRACON& Tower with Radar,69,59,91,52,271,0,2,61,4,67,69,61,152,56,338,32,62,94,432
04/13/2018,TYS,TN,ASO,ES,Combined TRACON& Tower with Radar,67,59,78,79,283,0,0,43,7,50,67,59,121,86,333,0,32,32,365
04/14/2018,TYS,TN,ASO,ES,Combined TRACON& Tower with Radar,50,49,29,3,131,0,0,16,2,18,50,49,45,5,149,4,0,4,153
04/15/2018,TYS,TN,ASO,ES,Combined TRACON& Tower with Radar,53,62,41,0,156,0,0,0,0,0,53,62,41,0,156,0,0,0,156
04/16/2018,TYS,TN,ASO,ES,Combined TRACON& Tower with Radar,66,51,57,11,185,0,0,4,1,5,66,51,61,12,190,6,0,6,196
04/17/2018,TYS,TN,ASO,ES,Combined TRACON& Tower with Radar,67,64,77,53,261,0,1,58,6,65,67,65,135,59,326,124,42,166,492
04/18/2018,TYS,TN,ASO,ES,Combined TRACON& Tower with Radar,66,53,83,40,242,0,0,53,14,67,66,53,136,54,309,14,48,62,371
04/19/2018,TYS,TN,ASO,ES,Combined TRACON& Tower with Radar,68,60,92,55,275,0,2,33,6,41,68,62,125,61,316,22,78,100,416
04/20/2018,TYS,TN,ASO,ES,Combined TRACON& Tower with Radar,71,57,86,55,269,0,0,73,0,73,71,57,159,55,342,62,106,168,510
04/21/2018,TYS,TN,ASO,ES,Combined TRACON& Tower with Radar,43,57,50,9,159,0,0,53,3,56,43,57,103,12,215,64,4,68,283
04/22/2018,TYS,TN,ASO,ES,Combined TRACON& Tower with Radar,58,59,54,5,176,0,0,8,0,8,58,59,62,5,184,12,0,12,196
04/23/2018,TYS,TN,ASO,ES,Combined TRACON& Tower with Radar,63,57,68,9,197,0,0,8,0,8,63,57,76,9,205,12,0,12,217
04/24/2018,TYS,TN,ASO,ES,Combined TRACON& Tower with Radar,70,62,105,15,252,0,2,11,5,18,70,64,116,20,270,14,0,14,284
04/25/2018,TYS,TN,ASO,ES,Combined TRACON& Tower with Radar,61,67,114,37,279,0,0,29,0,29,61,67,143,37,308,20,26,46,354
04/26/2018,TYS,TN,ASO,ES,Combined TRACON& Tower with Radar,66,73,117,26,282,0,0,3,1,4,66,73,120,27,286,0,66,66,352
04/27/2018,TYS,TN,ASO,ES,Combined TRACON& Tower with Radar,74,71,91,49,285,0,1,34,2,37,74,72,125,51,322,32,12,44,366
04/28/2018,TYS,TN,ASO,ES,Combined TRACON& Tower with Radar,49,55,30,9,143,0,1,76,2,79,49,56,106,11,222,62,0,62,284
04/29/2018,TYS,TN,ASO,ES,Combined TRACON& Tower with Radar,58,56,70,6,190,0,1,72,3,76,58,57,142,9,266,10,0,10,276
04/30/2018,TYS,TN,ASO,ES,Combined TRACON& Tower with Radar,69,56,76,33,234,0,0,68,9,77,69,56,144,42,311,70,26,96,407
05/01/2018,TYS,TN,ASO,ES,Combined TRACON& Tower with Radar,66,57,94,23,240,0,0,67,2,69,66,57,161,25,309,100,26,126,435
05/02/2018,TYS,TN,ASO,ES,Combined TRACON& Tower with Radar,62,69,90,46,267,0,0,77,7,84,62,69,167,53,351,0,0,0,351
05/03/2018,TYS,TN,ASO,ES,Combined TRACON& Tower with Radar,62,63,99,19,243,0,0,69,11,80,62,63,168,30,323,20,12,32,355
05/04/2018,TYS,TN,ASO,ES,Combined TRACON& Tower with Radar,73,69,104,43,289,0,0,49,10,59,73,69,153,53,348,14,28,42,390
05/05/2018,TYS,TN,ASO,ES,Combined TRACON& Tower with Radar,50,55,38,5,148,0,0,38,2,40,50,55,76,7,188,12,0,12,200
05/06/2018,TYS,TN,ASO,ES,Combined TRACON& Tower with Radar,56,58,99,15,228,0,0,41,4,45,56,58,140,19,273,8,0,8,281
05/07/2018,TYS,TN,ASO,ES,Combined TRACON& Tower with Radar,71,57,49,21,198,0,2,47,3,52,71,59,96,24,250,14,16,30,280
05/08/2018,TYS,TN,ASO,ES,Combined TRACON& Tower with Radar,71,63,62,51,247,0,0,47,8,55,71,63,109,59,302,34,42,76,378
05/09/2018,TYS,TN,ASO,ES,Combined TRACON& Tower with Radar,74,71,84,52,281,0,1,72,1,74,74,72,156,53,355,100,60,160,515
05/10/2018,TYS,TN,ASO,ES,Combined TRACON& Tower with Radar,72,69,84,33,258,0,0,50,16,66,72,69,134,49,324,62,58,120,444
05/11/2018,TYS,TN,ASO,ES,Combined TRACON& Tower with Radar,75,76,74,18,243,0,0,67,2,69,75,76,141,20,312,60,0,60,372
05/12/2018,TYS,TN,ASO,ES,Combined TRACON& Tower with Radar,55,53,38,0,146,0,0,67,0,67,55,53,105,0,213,24,0,24,237
05/13/2018,TYS,TN,ASO,ES,Combined TRACON& Tower with Radar,62,72,35,1,170,0,0,27,2,29,62,72,62,3,199,10,0,10,209
05/14/2018,TYS,TN,ASO,ES,Combined TRACON& Tower with Radar,66,48,79,11,204,0,0,69,0,69,66,48,148,11,273,62,6,68,341
05/15/2018,TYS,TN,ASO,ES,Combined TRACON& Tower with Radar,68,53,75,34,230,0,0,52,7,59,68,53,127,41,289,62,46,108,397
05/16/2018,TYS,TN,ASO,ES,Combined TRACON& Tower with Radar,74,61,97,24,256,0,0,42,7,49,74,61,139,31,305,104,26,130,435
05/17/2018,TYS,TN,ASO,ES,Combined TRACON& Tower with Radar,77,78,114,23,292,0,0,38,12,50,77,78,152,35,342,50,38,88,430
05/18/2018,TYS,TN,ASO,ES,Combined TRACON& Tower with Radar,79,56,95,14,244,0,0,26,5,31,79,56,121,19,275,34,8,42,317
05/19/2018,TYS,TN,ASO,ES,Combined TRACON& Tower with Radar,59,49,43,15,166,0,1,11,7,19,59,50,54,22,185,34,16,50,235
05/20/2018,TYS,TN,ASO,ES,Combined TRACON& Tower with Radar,72,65,43,1,181,0,0,17,1,18,72,65,60,2,199,24,0,24,223
05/21/2018,TYS,TN,ASO,ES,Combined TRACON& Tower with Radar,70,56,76,14,216,0,3,47,0,50,70,59,123,14,266,42,10,52,318
05/22/2018,TYS,TN,ASO,ES,Combined TRACON& Tower with Radar,74,71,83,20,248,0,0,24,13,37,74,71,107,33,285,16,20,36,321
05/23/2018,TYS,TN,ASO,ES,Combined TRACON& Tower with Radar,79,60,141,41,321,0,0,64,6,70,79,60,205,47,391,50,32,82,473
05/24/2018,TYS,TN,ASO,ES,Combined TRACON& Tower with Radar,80,69,129,33,311,0,1,81,13,95,80,70,210,46,406,64,38,102,508
05/25/2018,TYS,TN,ASO,ES,Combined TRACON& Tower with Radar,88,76,93,25,282,0,0,57,2,59,88,76,150,27,341,32,34,66,407
05/26/2018,TYS,TN,ASO,ES,Combined TRACON& Tower with Radar,57,50,42,0,149,0,2,15,0,17,57,52,57,0,166,82,0,82,248
05/27/2018,TYS,TN,ASO,ES,Combined TRACON& Tower with Radar,56,42,37,2,137,0,0,10,1,11,56,42,47,3,148,18,0,18,166
05/28/2018,TYS,TN,ASO,ES,Combined TRACON& Tower with Radar,71,52,52,1,176,0,0,4,0,4,71,52,56,1,180,10,0,10,190
05/29/2018,TYS,TN,ASO,ES,Combined TRACON& Tower with Radar,69,56,84,20,229,0,0,11,0,11,69,56,95,20,240,28,22,50,290
05/30/2018,TYS,TN,ASO,ES,Combined TRACON& Tower with Radar,78,56,106,28,268,0,0,20,0,20,78,56,126,28,288,8,24,32,320
05/31/2018,TYS,TN,ASO,ES,Combined TRACON& Tower with Radar,77,52,87,22,238,0,0,19,6,25,77,52,106,28,263,28,26,54,317
06/01/2018,TYS,TN,ASO,ES,Combined TRACON& Tower with Radar,81,55,61,7,204,0,0,12,12,24,81,55,73,19,228,12,14,26,254
06/02/2018,TYS,TN,ASO,ES,Combined TRACON& Tower with Radar,61,54,27,3,145,0,0,35,2,37,61,54,62,5,182,42,0,42,224
06/03/2018,TYS,TN,ASO,ES,Combined TRACON& Tower with Radar,67,52,59,20,198,0,0,20,3,23,67,52,79,23,221,44,40,84,305
06/04/2018,TYS,TN,ASO,ES,Combined TRACON& Tower with Radar,70,60,76,23,229,0,0,65,6,71,70,60,141,29,300,50,28,78,378
06/05/2018,TYS,TN,ASO,ES,Combined TRACON& Tower with Radar,72,64,74,61,271,0,2,66,13,81,72,66,140,74,352,182,24,206,558
06/06/2018,TYS,TN,ASO,ES,Combined TRACON& Tower with Radar,70,64,70,44,248,0,0,100,8,108,70,64,170,52,356,136,56,192,548
06/07/2018,TYS,TN,ASO,ES,Combined TRACON& Tower with Radar,69,77,73,72,291,0,5,59,17,81,69,82,132,89,372,178,98,276,648
06/08/2018,TYS,TN,ASO,ES,Combined TRACON& Tower with Radar,67,74,61,24,226,0,0,72,6,78,67,74,133,30,304,118,6,124,428
06/09/2018,TYS,TN,ASO,ES,Combined TRACON& Tower with Radar,51,57,58,14,180,0,0,38,1,39,51,57,96,15,219,100,0,100,319
06/10/2018,TYS,TN,ASO,ES,Combined TRACON& Tower with Radar,58,68,50,4,180,0,0,20,10,30,58,68,70,14,210,76,0,76,286
06/11/2018,TYS,TN,ASO,ES,Combined TRACON& Tower with Radar,64,61,69,36,230,0,0,32,1,33,64,61,101,37,263,68,10,78,341
06/12/2018,TYS,TN,ASO,ES,Combined TRACON& Tower with Radar,66,71,75,25,237,0,0,52,5,57,66,71,127,30,294,76,40,116,410
06/13/2018,TYS,TN,ASO,ES,Combined TRACON& Tower with Radar,65,72,93,61,291,0,0,30,4,34,65,72,123,65,325,144,30,174,499
06/14/2018,TYS,TN,ASO,ES,Combined TRACON& Tower with Radar,63,70,118,24,275,0,0,45,12,57,63,70,163,36,332,74,48,122,454
06/15/2018,TYS,TN,ASO,ES,Combined TRACON& Tower with Radar,62,66,76,39,243,0,1,49,20,70,62,67,125,59,313,50,30,80,393
06/16/2018,TYS,TN,ASO,ES,Combined TRACON& Tower with Radar,54,56,43,18,171,0,0,47,9,56,54,56,90,27,227,62,8,70,297
06/17/2018,TYS,TN,ASO,ES,Combined TRACON& Tower with Radar,54,59,53,15,181,0,0,21,0,21,54,59,74,15,202,22,0,22,224
06/18/2018,TYS,TN,ASO,ES,Combined TRACON& Tower with Radar,61,52,88,20,221,0,0,30,3,33,61,52,118,23,254,54,14,68,322
06/19/2018,TYS,TN,ASO,ES,Combined TRACON& Tower with Radar,60,57,97,71,285,0,0,48,15,63,60,57,145,86,348,96,132,228,576
06/20/2018,TYS,TN,ASO,ES,Combined TRACON& Tower with Radar,64,74,87,57,282,0,2,66,11,79,64,76,153,68,361,56,46,102,463
06/21/2018,TYS,TN,ASO,ES,Combined TRACON& Tower with Radar,67,71,96,20,254,0,0,19,12,31,67,71,115,32,285,34,0,34,319
06/22/2018,TYS,TN,ASO,ES,Combined TRACON& Tower with Radar,68,69,86,24,247,0,0,23,6,29,68,69,109,30,276,34,16,50,326
06/23/2018,TYS,TN,ASO,ES,Combined TRACON& Tower with Radar,56,55,53,1,165,0,0,24,0,24,56,55,77,1,189,40,0,40,229
06/24/2018,TYS,TN,ASO,ES,Combined TRACON& Tower with Radar,52,66,41,10,169,0,0,19,2,21,52,66,60,12,190,0,0,0,190
06/25/2018,TYS,TN,ASO,ES,Combined TRACON& Tower with Radar,66,64,76,22,228,0,0,31,2,33,66,64,107,24,261,120,30,150,411
06/26/2018,TYS,TN,ASO,ES,Combined TRACON& Tower with Radar,64,68,108,31,271,0,0,53,12,65,64,68,161,43,336,144,26,170,506
06/27/2018,TYS,TN,ASO,ES,Combined TRACON& Tower with Radar,72,75,69,23,239,0,0,24,3,27,72,75,93,26,266,32,6,38,304
06/28/2018,TYS,TN,ASO,ES,Combined TRACON& Tower with Radar,66,64,111,48,289,0,1,14,1,16,66,65,125,49,305,60,34,94,399
06/29/2018,TYS,TN,ASO,ES,Combined TRACON& Tower with Radar,71,84,96,40,291,0,0,43,2,45,71,84,139,42,336,12,0,12,348
06/30/2018,TYS,TN,ASO,ES,Combined TRACON& Tower with Radar,58,55,48,8,169,0,1,49,4,54,58,56,97,12,223,16,8,24,247
07/01/2018,TYS,TN,ASO,ES,Combined TRACON& Tower with Radar,55,74,51,6,186,0,0,11,0,11,55,74,62,6,197,42,0,42,239
07/02/2018,TYS,TN,ASO,ES,Combined TRACON& Tower with Radar,62,52,55,13,182,0,0,21,5,26,62,52,76,18,208,36,24,60,268
07/03/2018,TYS,TN,ASO,ES,Combined TRACON& Tower with Radar,56,55,53,19,183,0,0,44,18,62,56,55,97,37,245,52,62,114,359
07/04/2018,TYS,TN,ASO,ES,Combined TRACON& Tower with Radar,45,52,18,1,116,0,0,25,1,26,45,52,43,2,142,10,0,10,152
07/05/2018,TYS,TN,ASO,ES,Combined TRACON& Tower with Radar,64,58,46,44,212,0,0,31,14,45,64,58,77,58,257,32,48,80,337
07/06/2018,TYS,TN,ASO,ES,Combined TRACON& Tower with Radar,71,72,36,22,201,0,0,17,1,18,71,72,53,23,219,56,6,62,281
07/07/2018,TYS,TN,ASO,ES,Combined TRACON& Tower with Radar,55,59,68,0,182,0,0,12,0,12,55,59,80,0,194,58,0,58,252
07/08/2018,TYS,TN,ASO,ES,Combined TRACON& Tower with Radar,60,78,68,7,213,0,0,33,5,38,60,78,101,12,251,26,0,26,277
07/09/2018,TYS,TN,ASO,ES,Combined TRACON& Tower with Radar,69,68,61,32,230,0,0,48,2,50,69,68,109,34,280,106,18,124,404
07/10/2018,TYS,TN,ASO,ES,Combined TRACON& Tower with Radar,69,70,68,79,286,0,0,75,10,85,69,70,143,89,371,56,82,138,509
07/11/2018,TYS,TN,ASO,ES,Combined TRACON& Tower with Radar,71,74,80,18,243,0,0,64,10,74,71,74,144,28,317,66,70,136,453
07/12/2018,TYS,TN,ASO,ES,Combined TRACON& Tower with Radar,64,73,99,46,282,0,0,63,10,73,64,73,162,56,355,30,36,66,421
07/13/2018,TYS,TN,ASO,ES,Combined TRACON& Tower with Radar,80,90,60,29,259,0,0,65,0,65,80,90,125,29,324,72,58,130,454
07/14/2018,TYS,TN,ASO,ES,Combined TRACON& Tower with Radar,49,70,44,2,165,0,0,31,2,33,49,70,75,4,198,6,0,6,204
07/15/2018,TYS,TN,ASO,ES,Combined TRACON& Tower with Radar,63,66,43,4,176,0,0,35,0,35,63,66,78,4,211,44,0,44,255
07/16/2018,TYS,TN,ASO,ES,Combined TRACON& Tower with Radar,75,71,69,5,220,0,0,27,4,31,75,71,96,9,251,10,0,10,261
07/17/2018,TYS,TN,ASO,ES,Combined TRACON& Tower with Radar,64,71,64,43,242,0,0,35,1,36,64,71,99,44,278,62,18,80,358
07/18/2018,TYS,TN,ASO,ES,Combined TRACON& Tower with Radar,76,84,83,60,303,0,0,73,5,78,76,84,156,65,381,0,0,0,381
07/19/2018,TYS,TN,ASO,ES,Combined TRACON& Tower with Radar,72,65,83,28,248,0,0,39,12,51,72,65,122,40,299,20,32,52,351
07/20/2018,TYS,TN,ASO,ES,Combined TRACON& Tower with Radar,71,67,73,19,230,0,0,40,7,47,71,67,113,26,277,56,0,56,333
07/21/2018,TYS,TN,ASO,ES,Combined TRACON& Tower with Radar,57,54,60,9,180,0,2,45,2,49,57,56,105,11,229,8,0,8,237
07/22/2018,TYS,TN,ASO,ES,Combined TRACON& Tower with Radar,57,55,52,23,187,0,0,20,4,24,57,55,72,27,211,0,0,0,211
07/23/2018,TYS,TN,ASO,ES,Combined TRACON& Tower with Radar,66,74,51,24,215,0,0,11,5,16,66,74,62,29,231,24,26,50,281
07/24/2018,TYS,TN,ASO,ES,Combined TRACON& Tower with Radar,70,79,82,49,280,0,1,27,2,30,70,80,109,51,310,36,8,44,354
07/25/2018,TYS,TN,ASO,ES,Combined TRACON& Tower with Radar,71,69,76,26,242,0,0,44,5,49,71,69,120,31,291,112,44,156,447
07/26/2018,TYS,TN,ASO,ES,Combined TRACON& Tower with Radar,70,70,98,54,292,0,0,40,9,49,70,70,138,63,341,16,64,80,421
07/27/2018,TYS,TN,ASO,ES,Combined TRACON& Tower with Radar,69,70,56,47,242,0,0,54,2,56,69,70,110,49,298,68,30,98,396
07/28/2018,TYS,TN,ASO,ES,Combined TRACON& Tower with Radar,52,52,33,8,145,0,0,25,0,25,52,52,58,8,170,26,0,26,196
07/29/2018,TYS,TN,ASO,ES,Combined TRACON& Tower with Radar,59,59,50,4,172,0,1,39,1,41,59,60,89,5,213,8,0,8,221
07/30/2018,TYS,TN,ASO,ES,Combined TRACON& Tower with Radar,72,61,82,46,261,0,0,38,3,41,72,61,120,49,302,6,18,24,326
07/31/2018,TYS,TN,ASO,ES,Combined TRACON& Tower with Radar,70,63,59,38,230,0,0,19,0,19,70,63,78,38,249,34,38,72,321
08/01/2018,TYS,TN,ASO,ES,Combined TRACON& Tower with Radar,69,74,81,24,248,0,0,4,0,4,69,74,85,24,252,0,2,2,254
08/02/2018,TYS,TN,ASO,ES,Combined TRACON& Tower with Radar,76,70,74,20,240,0,0,2,4,6,76,70,76,24,246,0,18,18,264
08/03/2018,TYS,TN,ASO,ES,Combined TRACON& Tower with Radar,67,66,71,47,251,0,0,17,2,19,67,66,88,49,270,24,10,34,304
08/04/2018,TYS,TN,ASO,ES,Combined TRACON& Tower with Radar,53,62,38,14,167,0,0,40,6,46,53,62,78,20,213,16,12,28,241
08/05/2018,TYS,TN,ASO,ES,Combined TRACON& Tower with Radar,62,56,38,9,165,0,0,24,2,26,62,56,62,11,191,0,0,0,191
08/06/2018,TYS,TN,ASO,ES,Combined TRACON& Tower with Radar,62,81,65,34,242,0,0,40,3,43,62,81,105,37,285,68,44,112,397
08/07/2018,TYS,TN,ASO,ES,Combined TRACON& Tower with Radar,62,65,70,62,259,0,0,46,7,53,62,65,116,69,312,100,52,152,464
08/08/2018,TYS,TN,ASO,ES,Combined TRACON& Tower with Radar,68,71,69,59,267,0,0,26,19,45,68,71,95,78,312,61,74,135,447
08/09/2018,TYS,TN,ASO,ES,Combined TRACON& Tower with Radar,67,66,77,19,229,0,0,19,16,35,67,66,96,35,264,44,18,62,326
08/10/2018,TYS,TN,ASO,ES,Combined TRACON& Tower with Radar,70,73,85,20,248,0,0,10,0,10,70,73,95,20,258,16,22,38,296
08/11/2018,TYS,TN,ASO,ES,Combined TRACON& Tower with Radar,50,53,45,19,167,0,0,9,4,13,50,53,54,23,180,56,22,78,258
08/12/2018,TYS,TN,ASO,ES,Combined TRACON& Tower with Radar,52,63,56,12,183,0,0,29,0,29,52,63,85,12,212,76,8,84,296
08/13/2018,TYS,TN,ASO,ES,Combined TRACON& Tower with Radar,58,62,85,41,246,0,0,64,2,66,58,62,149,43,312,56,12,68,380
08/14/2018,TYS,TN,ASO,ES,Combined TRACON& Tower with Radar,60,70,86,72,288,0,0,69,17,86,60,70,155,89,374,82,246,328,702
08/15/2018,TYS,TN,ASO,ES,Combined TRACON& Tower with Radar,66,67,98,32,263,0,0,74,5,79,66,67,172,37,342,36,34,70,412
08/16/2018,TYS,TN,ASO,ES,Combined TRACON& Tower with Radar,66,77,76,32,251,0,0,47,7,54,66,77,123,39,305,32,22,54,359
08/17/2018,TYS,TN,ASO,ES,Combined TRACON& Tower with Radar,66,69,67,26,228,0,0,34,10,44,66,69,101,36,272,48,16,64,336
08/18/2018,TYS,TN,ASO,ES,Combined TRACON& Tower with Radar,48,55,36,5,144,0,0,13,0,13,48,55,49,5,157,18,0,18,175
08/19/2018,TYS,TN,ASO,ES,Combined TRACON& Tower with Radar,57,68,80,12,217,0,0,7,0,7,57,68,87,12,224,16,0,16,240
08/20/2018,TYS,TN,ASO,ES,Combined TRACON& Tower with Radar,63,72,86,27,248,0,0,26,1,27,63,72,112,28,275,44,0,44,319
08/21/2018,TYS,TN,ASO,ES,Combined TRACON& Tower with Radar,59,70,67,11,207,0,0,22,7,29,59,70,89,18,236,0,6,6,242
08/22/2018,TYS,TN,ASO,ES,Combined TRACON& Tower with Radar,60,73,106,35,274,0,0,46,4,50,60,73,152,39,324,30,50,80,404
08/23/2018,TYS,TN,ASO,ES,Combined TRACON& Tower with Radar,65,89,90,47,291,0,0,72,17,89,65,89,162,64,380,74,84,158,538
08/24/2018,TYS,TN,ASO,ES,Combined TRACON& Tower with Radar,60,68,84,31,243,0,0,65,6,71,60,68,149,37,314,66,14,80,394
08/25/2018,TYS,TN,ASO,ES,Combined TRACON& Tower with Radar,42,46,45,1,134,0,0,38,1,39,42,46,83,2,173,86,0,86,259
08/26/2018,TYS,TN,ASO,ES,Combined TRACON& Tower with Radar,47,67,46,26,186,0,0,34,3,37,47,67,80,29,223,50,12,62,285
08/27/2018,TYS,TN,ASO,ES,Combined TRACON& Tower with Radar,57,79,71,6,213,0,0,53,4,57,57,79,124,10,270,56,12,68,338
08/28/2018,TYS,TN,ASO,ES,Combined TRACON& Tower with Radar,64,77,72,60,273,0,0,51,16,67,64,77,123,76,340,22,28,50,390
08/29/2018,TYS,TN,ASO,ES,Combined TRACON& Tower with Radar,54,79,78,55,266,0,1,46,2,49,54,80,124,57,315,52,38,90,405
08/30/2018,TYS,TN,ASO,ES,Combined TRACON& Tower with Radar,64,76,91,19,250,0,0,37,6,43,64,76,128,25,293,8,32,40,333
08/31/2018,TYS,TN,ASO,ES,Combined TRACON& Tower with Radar,70,82,91,19,262,0,0,26,4,30,70,82,117,23,292,52,22,74,366
09/01/2018,TYS,TN,ASO,ES,Combined TRACON& Tower with Radar,46,53,54,2,155,0,0,34,0,34,46,53,88,2,189,36,0,36,225
09/02/2018,TYS,TN,ASO,ES,Combined TRACON& Tower with Radar,40,44,27,0,111,0,0,18,0,18,40,44,45,0,129,32,0,32,161
09/03/2018,TYS,TN,ASO,ES,Combined TRACON& Tower with Radar,59,70,48,3,180,0,0,25,1,26,59,70,73,4,206,56,0,56,262
09/04/2018,TYS,TN,ASO,ES,Combined TRACON& Tower with Radar,57,62,42,84,245,0,0,33,1,34,57,62,75,85,279,32,66,98,377
09/05/2018,TYS,TN,ASO,ES,Combined TRACON& Tower with Radar,58,69,87,38,252,0,0,24,3,27,58,69,111,41,279,54,46,100,379
09/06/2018,TYS,TN,ASO,ES,Combined TRACON& Tower with Radar,60,74,69,57,260,0,0,43,11,54,60,74,112,68,314,36,86,122,436
09/07/2018,TYS,TN,ASO,ES,Combined TRACON& Tower with Radar,59,79,92,39,269,0,0,44,6,50,59,79,136,45,319,52,36,88,407
09/08/2018,TYS,TN,ASO,ES,Combined TRACON& Tower with Radar,48,45,60,9,162,0,0,41,9,50,48,45,101,18,212,12,2,14,226
09/09/2018,TYS,TN,ASO,ES,Combined TRACON& Tower with Radar,52,62,58,8,180,0,0,9,1,10,52,62,67,9,190,10,0,10,200
09/10/2018,TYS,TN,ASO,ES,Combined TRACON& Tower with Radar,62,64,80,21,227,0,0,14,0,14,62,64,94,21,241,60,0,60,301
09/11/2018,TYS,TN,ASO,ES,Combined TRACON& Tower with Radar,64,70,89,55,278,0,0,18,9,27,64,70,107,64,305,94,10,104,409
09/12/2018,TYS,TN,ASO,ES,Combined TRACON& Tower with Radar,60,71,100,93,324,0,0,35,14,49,60,71,135,107,373,24,52,76,449
09/13/2018,TYS,TN,ASO,ES,Combined TRACON& Tower with Radar,71,73,76,49,269,0,0,47,22,69,71,73,123,71,338,60,90,150,488
09/14/2018,TYS,TN,ASO,ES,Combined TRACON& Tower with Radar,72,82,75,8,237,0,1,59,8,68,72,83,134,16,305,38,0,38,343
09/15/2018,TYS,TN,ASO,ES,Combined TRACON& Tower with Radar,41,52,55,0,148,0,0,13,6,19,41,52,68,6,167,22,0,22,189
09/16/2018,TYS,TN,ASO,ES,Combined TRACON& Tower with Radar,47,74,49,3,173,0,0,2,5,7,47,74,51,8,180,0,2,2,182
09/17/2018,TYS,TN,ASO,ES,Combined TRACON& Tower with Radar,62,67,81,16,226,0,0,0,2,2,62,67,81,18,228,0,0,0,228
09/18/2018,TYS,TN,ASO,ES,Combined TRACON& Tower with Radar,60,70,80,49,259,0,2,33,5,40,60,72,113,54,299,78,22,100,399
09/19/2018,TYS,TN,ASO,ES,Combined TRACON& Tower with Radar,58,94,72,69,293,0,0,55,4,59,58,94,127,73,352,36,104,140,492
09/20/2018,TYS,TN,ASO,ES,Combined TRACON& Tower with Radar,66,61,93,55,275,0,0,52,2,54,66,61,145,57,329,56,24,80,409
09/21/2018,TYS,TN,ASO,ES,Combined TRACON& Tower with Radar,72,79,100,41,292,0,0,35,5,40,72,79,135,46,332,24,46,70,402
09/22/2018,TYS,TN,ASO,ES,Combined TRACON& Tower with Radar,48,58,65,11,182,0,2,28,5,35,48,60,93,16,217,52,0,52,269
09/23/2018,TYS,TN,ASO,ES,Combined TRACON& Tower with Radar,56,73,94,6,229,0,0,20,0,20,56,73,114,6,249,8,0,8,257
09/24/2018,TYS,TN,ASO,ES,Combined TRACON& Tower with Radar,62,78,58,2,200,0,0,23,0,23,62,78,81,2,223,20,0,20,243
09/25/2018,TYS,TN,ASO,ES,Combined TRACON& Tower with Radar,65,72,73,65,275,0,0,37,1,38,65,72,110,66,313,44,38,82,395
09/26/2018,TYS,TN,ASO,ES,Combined TRACON& Tower with Radar,64,73,76,4,217,0,0,0,0,0,64,73,76,4,217,0,14,14,231
09/27/2018,TYS,TN,ASO,ES,Combined TRACON& Tower with Radar,73,76,104,12,265,0,0,8,0,8,73,76,112,12,273,0,0,0,273
09/28/2018,TYS,TN,ASO,ES,Combined TRACON& Tower with Radar,70,87,112,15,284,0,0,13,5,18,70,87,125,20,302,14,0,14,316
09/29/2018,TYS,TN,ASO,ES,Combined TRACON& Tower with Radar,49,65,54,11,179,0,0,38,3,41,49,65,92,14,220,50,0,50,270
09/30/2018,TYS,TN,ASO,ES,Combined TRACON& Tower with Radar,53,71,70,1,195,0,0,46,6,52,53,71,116,7,247,38,0,38,285
10/01/2018,TYS,TN,ASO,ES,Combined TRACON& Tower with Radar,64,75,90,30,259,0,0,43,1,44,64,75,133,31,303,48,26,74,377
10/02/2018,TYS,TN,ASO,ES,Combined TRACON& Tower with Radar,69,76,91,43,279,0,0,42,10,52,69,76,133,53,331,68,90,158,489
10/03/2018,TYS,TN,ASO,ES,Combined TRACON& Tower with Radar,72,78,104,37,291,0,0,58,0,58,72,78,162,37,349,60,64,124,473
10/04/2018,TYS,TN,ASO,ES,Combined TRACON& Tower with Radar,79,82,121,50,332,0,1,38,9,48,79,83,159,59,380,12,38,50,430
10/05/2018,TYS,TN,ASO,ES,Combined TRACON& Tower with Radar,78,92,78,43,291,0,1,50,1,52,78,93,128,44,343,54,18,72,415
10/06/2018,TYS,TN,ASO,ES,Combined TRACON& Tower with Radar,47,64,41,0,152,0,0,47,0,47,47,64,88,0,199,62,0,62,261
10/07/2018,TYS,TN,ASO,ES,Combined TRACON& Tower with Radar,69,61,63,0,193,0,0,31,1,32,69,61,94,1,225,14,0,14,239
10/08/2018,TYS,TN,ASO,ES,Combined TRACON& Tower with Radar,67,76,66,4,213,0,0,37,0,37,67,76,103,4,250,26,0,26,276
10/09/2018,TYS,TN,ASO,ES,Combined TRACON& Tower with Radar,69,79,79,13,240,0,0,39,4,43,69,79,118,17,283,116,4,120,403
10/10/2018,TYS,TN,ASO,ES,Combined TRACON& Tower with Radar,69,80,60,10,219,0,0,26,8,34,69,80,86,18,253,36,14,50,303
10/11/2018,TYS,TN,ASO,ES,Combined TRACON& Tower with Radar,89,87,62,0,238,0,0,13,2,15,89,87,75,2,253,24,20,44,297
10/12/2018,TYS,TN,ASO,ES,Combined TRACON& Tower with Radar,82,75,71,76,304,0,0,74,7,81,82,75,145,83,385,42,0,42,427
10/13/2018,TYS,TN,ASO,ES,Combined TRACON& Tower with Radar,54,54,59,14,181,0,0,20,3,23,54,54,79,17,204,32,0,32,236
10/14/2018,TYS,TN,ASO,ES,Combined TRACON& Tower with Radar,69,59,67,3,198,0,0,11,0,11,69,59,78,3,209,50,0,50,259
10/15/2018,TYS,TN,ASO,ES,Combined TRACON& Tower with Radar,70,75,103,25,273,0,0,21,0,21,70,75,124,25,294,46,30,76,370
10/16/2018,TYS,TN,ASO,ES,Combined TRACON& Tower with Radar,71,76,105,29,281,0,0,4,0,4,71,76,109,29,285,6,6,12,297
10/17/2018,TYS,TN,ASO,ES,Combined TRACON& Tower with Radar,70,82,91,44,287,0,0,40,8,48,70,82,131,52,335,58,46,104,439
10/18/2018,TYS,TN,ASO,ES,Combined TRACON& Tower with Radar,76,76,95,40,287,0,0,60,9,69,76,76,155,49,356,112,110,222,578
10/19/2018,TYS,TN,ASO,ES,Combined TRACON& Tower with Radar,77,72,109,33,291,0,0,56,17,73,77,72,165,50,364,144,8,152,516
10/20/2018,TYS,TN,ASO,ES,Combined TRACON& Tower with Radar,53,52,104,2,211,0,0,9,0,9,53,52,113,2,220,8,0,8,228
10/21/2018,TYS,TN,ASO,ES,Combined TRACON& Tower with Radar,69,61,106,16,252,0,0,70,4,74,69,61,176,20,326,56,0,56,382
10/22/2018,TYS,TN,ASO,ES,Combined TRACON& Tower with Radar,69,74,62,9,214,0,0,54,2,56,69,74,116,11,270,106,0,106,376
10/23/2018,TYS,TN,ASO,ES,Combined TRACON& Tower with Radar,73,74,80,43,270,0,0,87,20,107,73,74,167,63,377,32,60,92,469
10/24/2018,TYS,TN,ASO,ES,Combined TRACON& Tower with Radar,70,81,104,48,303,0,1,69,11,81,70,82,173,59,384,48,70,118,502
10/25/2018,TYS,TN,ASO,ES,Combined TRACON& Tower with Radar,76,75,102,30,283,0,0,55,7,62,76,75,157,37,345,24,65,89,434
10/26/2018,TYS,TN,ASO,ES,Combined TRACON& Tower with Radar,72,75,77,25,249,0,0,1,0,1,72,75,78,25,250,0,0,0,250
10/27/2018,TYS,TN,ASO,ES,Combined TRACON& Tower with Radar,46,49,30,0,125,0,0,1,0,1,46,49,31,0,126,0,0,0,126
10/28/2018,TYS,TN,ASO,ES,Combined TRACON& Tower with Radar,60,82,44,12,198,0,0,20,4,24,60,82,64,16,222,26,6,32,254
10/29/2018,TYS,TN,ASO,ES,Combined TRACON& Tower with Radar,60,74,64,10,208,0,0,72,2,74,60,74,136,12,282,46,36,82,364
10/30/2018,TYS,TN,ASO,ES,Combined TRACON& Tower with Radar,58,69,80,29,236,0,2,68,9,79,58,71,148,38,315,90,30,120,435
10/31/2018,TYS,TN,ASO,ES,Combined TRACON& Tower with Radar,53,67,59,60,239,0,1,55,2,58,53,68,114,62,297,64,50,114,411
11/01/2018,TYS,TN,ASO,ES,Combined TRACON& Tower with Radar,66,82,97,14,259,0,0,18,4,22,66,82,115,18,281,10,10,20,301
11/02/2018,TYS,TN,ASO,ES,Combined TRACON& Tower with Radar,65,77,97,34,273,0,0,13,6,19,65,77,110,40,292,0,0,0,292
11/03/2018,TYS,TN,ASO,ES,Combined TRACON& Tower with Radar,47,51,57,16,171,0,0,54,10,64,47,51,111,26,235,70,46,116,351
11/04/2018,TYS,TN,ASO,ES,Combined TRACON& Tower with Radar,53,84,69,20,226,0,0,43,1,44,53,84,112,21,270,44,10,54,324
11/05/2018,TYS,TN,ASO,ES,Combined TRACON& Tower with Radar,59,75,80,42,256,0,0,22,1,23,59,75,102,43,279,22,14,36,315
11/06/2018,TYS,TN,ASO,ES,Combined TRACON& Tower with Radar,63,79,65,47,254,0,0,26,5,31,63,79,91,52,285,44,38,82,367
11/07/2018,TYS,TN,ASO,ES,Combined TRACON& Tower with Radar,64,67,104,30,265,0,0,58,6,64,64,67,162,36,329,60,18,78,407
11/08/2018,TYS,TN,ASO,ES,Combined TRACON& Tower with Radar,67,75,114,8,264,0,0,43,10,53,67,75,157,18,317,100,52,152,469
11/09/2018,TYS,TN,ASO,ES,Combined TRACON& Tower with Radar,67,76,71,1,215,0,0,0,0,0,67,76,71,1,215,0,0,0,215
11/10/2018,TYS,TN,ASO,ES,Combined TRACON& Tower with Radar,48,56,78,3,185,0,0,57,1,58,48,56,135,4,243,98,0,98,341
11/11/2018,TYS,TN,ASO,ES,Combined TRACON& Tower with Radar,53,74,61,0,188,0,0,46,2,48,53,74,107,2,236,16,0,16,252
11/12/2018,TYS,TN,ASO,ES,Combined TRACON& Tower with Radar,74,81,62,0,217,0,0,0,0,0,74,81,62,0,217,0,0,0,217
11/13/2018,TYS,TN,ASO,ES,Combined TRACON& Tower with Radar,65,78,104,16,263,0,0,3,0,3,65,78,107,16,266,0,0,0,266
11/14/2018,TYS,TN,ASO,ES,Combined TRACON& Tower with Radar,69,79,97,2,247,0,0,7,0,7,69,79,104,2,254,32,0,32,286
11/15/2018,TYS,TN,ASO,ES,Combined TRACON& Tower with Radar,63,71,79,21,234,0,0,1,4,5,63,71,80,25,239,2,10,12,251
11/16/2018,TYS,TN,ASO,ES,Combined TRACON& Tower with Radar,71,77,110,36,294,0,0,74,18,92,71,77,184,54,386,42,24,66,452
11/17/2018,TYS,TN,ASO,ES,Combined TRACON& Tower with Radar,54,51,79,3,187,0,0,54,3,57,54,51,133,6,244,24,0,24,268
11/18/2018,TYS,TN,ASO,ES,Combined TRACON& Tower with Radar,58,63,60,38,219,0,0,49,4,53,58,63,109,42,272,26,20,46,318
11/19/2018,TYS,TN,ASO,ES,Combined TRACON& Tower with Radar,64,64,78,17,223,0,0,60,8,68,64,64,138,25,291,42,10,52,343
11/20/2018,TYS,TN,ASO,ES,Combined TRACON& Tower with Radar,72,82,113,53,320,0,0,37,6,43,72,82,150,59,363,38,20,58,421
11/21/2018,TYS,TN,ASO,ES,Combined TRACON& Tower with Radar,77,87,88,21,273,0,0,55,1,56,77,87,143,22,329,60,6,66,395
11/22/2018,TYS,TN,ASO,ES,Combined TRACON& Tower with Radar,40,42,24,0,106,0,0,19,0,19,40,42,43,0,125,6,0,6,131
11/23/2018,TYS,TN,ASO,ES,Combined TRACON& Tower with Radar,42,44,50,0,136,0,0,28,0,28,42,44,78,0,164,8,0,8,172
11/24/2018,TYS,TN,ASO,ES,Combined TRACON& Tower with Radar,65,72,54,0,191,0,0,0,0,0,65,72,54,0,191,0,0,0,191
11/25/2018,TYS,TN,ASO,ES,Combined TRACON& Tower with Radar,78,85,87,0,250,0,0,23,0,23,78,85,110,0,273,100,0,100,373
11/26/2018,TYS,TN,ASO,ES,Combined TRACON& Tower with Radar,69,81,80,24,254,0,0,9,0,9,69,81,89,24,263,22,12,34,297
11/27/2018,TYS,TN,ASO,ES,Combined TRACON& Tower with Radar,62,97,100,45,304,0,0,23,3,26,62,97,123,48,330,30,58,88,418
11/28/2018,TYS,TN,ASO,ES,Combined TRACON& Tower with Radar,66,84,90,48,288,0,0,57,12,69,66,84,147,60,357,66,66,132,489
11/29/2018,TYS,TN,ASO,ES,Combined TRACON& Tower with Radar,73,73,85,33,264,0,0,16,2,18,73,73,101,35,282,4,8,12,294
11/30/2018,TYS,TN,ASO,ES,Combined TRACON& Tower with Radar,72,82,78,10,242,0,0,1,0,1,72,82,79,10,243,0,0,0,243
12/01/2018,TYS,TN,ASO,ES,Combined TRACON& Tower with Radar,49,47,36,0,132,0,0,0,0,0,49,47,36,0,132,0,0,0,132
12/02/2018,TYS,TN,ASO,ES,Combined TRACON& Tower with Radar,60,71,44,0,175,0,0,25,0,25,60,71,69,0,200,38,0,38,238
12/03/2018,TYS,TN,ASO,ES,Combined TRACON& Tower with Radar,65,67,59,34,225,0,0,33,8,41,65,67,92,42,266,32,6,38,304
12/04/2018,TYS,TN,ASO,ES,Combined TRACON& Tower with Radar,56,64,78,33,231,0,0,25,15,40,56,64,103,48,271,14,58,72,343
12/05/2018,TYS,TN,ASO,ES,Combined TRACON& Tower with Radar,61,77,97,6,241,0,0,41,5,46,61,77,138,11,287,56,0,56,343
12/06/2018,TYS,TN,ASO,ES,Combined TRACON& Tower with Radar,68,80,102,57,307,0,0,44,5,49,68,80,146,62,356,48,90,138,494
12/07/2018,TYS,TN,ASO,ES,Combined TRACON& Tower with Radar,73,82,76,39,270,0,1,52,2,55,73,83,128,41,325,28,24,52,377
12/08/2018,TYS,TN,ASO,ES,Combined TRACON& Tower with Radar,46,38,36,1,121,0,0,2,0,2,46,38,38,1,123,38,0,38,161
12/09/2018,TYS,TN,ASO,ES,Combined TRACON& Tower with Radar,50,57,34,1,142,0,0,0,0,0,50,57,34,1,142,0,0,0,142
12/10/2018,TYS,TN,ASO,ES,Combined TRACON& Tower with Radar,60,61,60,23,204,0,0,17,0,17,60,61,77,23,221,30,24,54,275
12/11/2018,TYS,TN,ASO,ES,Combined TRACON& Tower with Radar,61,69,95,47,272,0,0,87,12,99,61,69,182,59,371,54,50,104,475
12/12/2018,TYS,TN,ASO,ES,Combined TRACON& Tower with Radar,59,73,86,48,266,0,0,61,3,64,59,73,147,51,330,32,36,68,398
12/13/2018,TYS,TN,ASO,ES,Combined TRACON& Tower with Radar,69,83,101,34,287,0,0,50,9,59,69,83,151,43,346,52,10,62,408
12/14/2018,TYS,TN,ASO,ES,Combined TRACON& Tower with Radar,74,80,84,4,242,0,0,13,0,13,74,80,97,4,255,20,0,20,275
12/15/2018,TYS,TN,ASO,ES,Combined TRACON& Tower with Radar,51,45,62,10,168,0,0,5,0,5,51,45,67,10,173,2,0,2,175
12/16/2018,TYS,TN,ASO,ES,Combined TRACON& Tower with Radar,60,64,57,3,184,0,0,1,0,1,60,64,58,3,185,12,0,12,197
12/17/2018,TYS,TN,ASO,ES,Combined TRACON& Tower with Radar,68,68,80,6,222,0,0,55,2,57,68,68,135,8,279,8,0,8,287
12/18/2018,TYS,TN,ASO,ES,Combined TRACON& Tower with Radar,61,69,92,33,255,0,1,86,15,102,61,70,178,48,357,28,36,64,421
12/19/2018,TYS,TN,ASO,ES,Combined TRACON& Tower with Radar,66,77,83,47,273,0,1,80,22,103,66,78,163,69,376,94,78,172,548
12/20/2018,TYS,TN,ASO,ES,Combined TRACON& Tower with Radar,74,73,75,38,260,0,0,4,0,4,74,73,79,38,264,0,10,10,274
12/21/2018,TYS,TN,ASO,ES,Combined TRACON& Tower with Radar,71,80,50,0,201,0,0,0,0,0,71,80,50,0,201,0,0,0,201
12/22/2018,TYS,TN,ASO,ES,Combined TRACON& Tower with Radar,55,75,38,0,168,0,0,32,0,32,55,75,70,0,200,12,0,12,212
12/23/2018,TYS,TN,ASO,ES,Combined TRACON& Tower with Radar,54,82,23,0,159,0,0,5,0,5,54,82,28,0,164,22,0,22,186
12/24/2018,TYS,TN,ASO,ES,Combined TRACON& Tower with Radar,43,49,18,0,110,0,0,28,0,28,43,49,46,0,138,0,0,0,138
12/25/2018,TYS,TN,ASO,ES,Combined TRACON& Tower with Radar,33,65,6,0,104,0,0,7,0,7,33,65,13,0,111,12,0,12,123
12/26/2018,TYS,TN,ASO,ES,Combined TRACON& Tower with Radar,55,73,64,25,217,0,0,43,6,49,55,73,107,31,266,90,52,142,408
12/27/2018,TYS,TN,ASO,ES,Combined TRACON& Tower with Radar,65,68,33,0,166,0,0,5,0,5,65,68,38,0,171,0,0,0,171
12/28/2018,TYS,TN,ASO,ES,Combined TRACON& Tower with Radar,50,64,45,1,160,0,0,5,0,5,50,64,50,1,165,0,0,0,165
12/29/2018,TYS,TN,ASO,ES,Combined TRACON& Tower with Radar,47,69,54,1,171,0,0,20,0,20,47,69,74,1,191,12,0,12,203
12/30/2018,TYS,TN,ASO,ES,Combined TRACON& Tower with Radar,57,69,39,0,165,0,0,26,0,26,57,69,65,0,191,0,0,0,191
12/31/2018,TYS,TN,ASO,ES,Combined TRACON& Tower with Radar,55,63,9,0,127,0,0,10,0,10,55,63,19,0,137,24,0,24,161
01/01/2019,TYS,TN,ASO,ES,Combined TRACON& Tower with Radar,36,60,30,0,126,0,0,12,0,12,36,60,42,0,138,10,0,10,148
01/02/2019,TYS,TN,ASO,ES,Combined TRACON& Tower with Radar,61,66,79,34,240,0,0,24,0,24,61,66,103,34,264,0,0,0,264
01/03/2019,TYS,TN,ASO,ES,Combined TRACON& Tower with Radar,66,77,79,42,264,0,0,5,6,11,66,77,84,48,275,0,38,38,313
01/04/2019,TYS,TN,ASO,ES,Combined TRACON& Tower with Radar,64,83,41,6,194,0,0,15,2,17,64,83,56,8,211,6,8,14,225
01/05/2019,TYS,TN,ASO,ES,Combined TRACON& Tower with Radar,48,54,41,2,145,0,0,56,8,64,48,54,97,10,209,36,0,36,245
01/06/2019,TYS,TN,ASO,ES,Combined TRACON& Tower with Radar,61,72,45,2,180,0,0,42,2,44,61,72,87,4,224,20,16,36,260
01/07/2019,TYS,TN,ASO,ES,Combined TRACON& Tower with Radar,71,69,69,20,229,0,0,39,17,56,71,69,108,37,285,26,8,34,319
01/08/2019,TYS,TN,ASO,ES,Combined TRACON& Tower with Radar,52,63,42,71,228,0,0,10,0,10,52,63,52,71,238,46,16,62,300
01/09/2019,TYS,TN,ASO,ES,Combined TRACON& Tower with Radar,61,82,66,50,259,0,0,42,21,63,61,82,108,71,322,14,62,76,398
01/10/2019,TYS,TN,ASO,ES,Combined TRACON& Tower with Radar,63,71,99,64,297,0,0,47,15,62,63,71,146,79,359,34,60,94,453
01/11/2019,TYS,TN,ASO,ES,Combined TRACON& Tower with Radar,66,71,103,58,298,0,0,52,2,54,66,71,155,60,352,0,76,76,428
01/12/2019,TYS,TN,ASO,ES,Combined TRACON& Tower with Radar,47,55,31,0,133,0,0,9,0,9,47,55,40,0,142,0,0,0,142
01/13/2019,TYS,TN,ASO,ES,Combined TRACON& Tower with Radar,55,65,32,0,152,0,0,0,0,0,55,65,32,0,152,0,0,0,152
01/14/2019,TYS,TN,ASO,ES,Combined TRACON& Tower with Radar,60,63,57,12,192,0,0,5,0,5,60,63,62,12,197,0,0,0,197
01/15/2019,TYS,TN,ASO,ES,Combined TRACON& Tower with Radar,55,91,61,63,270,0,0,30,18,48,55,91,91,81,318,0,0,0,318
01/16/2019,TYS,TN,ASO,ES,Combined TRACON& Tower with Radar,58,76,83,38,255,0,1,17,0,18,58,77,100,38,273,12,12,24,297
01/17/2019,TYS,TN,ASO,ES,Combined TRACON& Tower with Radar,61,72,63,6,202,0,0,2,0,2,61,72,65,6,204,30,18,48,252
01/18/2019,TYS,TN,ASO,ES,Combined TRACON& Tower with Radar,69,76,94,15,254,0,0,2,8,10,69,76,96,23,264,30,0,30,294
01/19/2019,TYS,TN,ASO,ES,Combined TRACON& Tower with Radar,43,46,16,0,105,0,0,1,0,1,43,46,17,0,106,0,0,0,106
01/20/2019,TYS,TN,ASO,ES,Combined TRACON& Tower with Radar,55,51,41,0,147,0,0,14,0,14,55,51,55,0,161,0,0,0,161
01/21/2019,TYS,TN,ASO,ES,Combined TRACON& Tower with Radar,58,77,68,2,205,0,0,52,0,52,58,77,120,2,257,0,0,0,257
01/22/2019,TYS,TN,ASO,ES,Combined TRACON& Tower with Radar,52,66,60,37,215,0,0,56,2,58,52,66,116,39,273,0,0,0,273
01/23/2019,TYS,TN,ASO,ES,Combined TRACON& Tower with Radar,58,61,44,1,164,0,0,9,3,12,58,61,53,4,176,0,28,28,204
01/24/2019,TYS,TN,ASO,ES,Combined TRACON& Tower with Radar,61,81,59,15,216,0,0,9,6,15,61,81,68,21,231,24,8,32,263
01/25/2019,TYS,TN,ASO,ES,Combined TRACON& Tower with Radar,69,71,62,49,251,0,0,88,5,93,69,71,150,54,344,72,50,122,466
01/26/2019,TYS,TN,ASO,ES,Combined TRACON& Tower with Radar,46,57,40,11,154,0,0,53,8,61,46,57,93,19,215,0,0,0,215
01/27/2019,TYS,TN,ASO,ES,Combined TRACON& Tower with Radar,53,55,45,24,177,0,0,15,0,15,53,55,60,24,192,9,0,9,201
01/28/2019,TYS,TN,ASO,ES,Combined TRACON& Tower with Radar,65,56,49,2,172,0,2,60,1,63,65,58,109,3,235,11,0,11,246
01/29/2019,TYS,TN,ASO,ES,Combined TRACON& Tower with Radar,54,59,52,2,167,0,1,20,0,21,54,60,72,2,188,0,0,0,188
01/30/2019,TYS,TN,ASO,ES,Combined TRACON& Tower with Radar,59,61,72,44,236,0,0,33,3,36,59,61,105,47,272,92,58,150,422
01/31/2019,TYS,TN,ASO,ES,Combined TRACON& Tower with Radar,66,54,86,49,255,0,0,62,6,68,66,54,148,55,323,106,58,164,487
02/01/2019,TYS,TN,ASO,ES,Combined TRACON& Tower with Radar,67,75,57,40,239,0,0,36,1,37,67,75,93,41,276,40,56,96,372
02/02/2019,TYS,TN,ASO,ES,Combined TRACON& Tower with Radar,46,53,27,23,149,0,1,42,5,48,46,54,69,28,197,10,0,10,207
02/03/2019,TYS,TN,ASO,ES,Combined TRACON& Tower with Radar,52,54,32,15,153,0,0,44,3,47,52,54,76,18,200,11,0,11,211
02/04/2019,TYS,TN,ASO,ES,Combined TRACON& Tower with Radar,64,66,90,7,227,0,0,33,1,34,64,66,123,8,261,3,0,3,264
02/05/2019,TYS,TN,ASO,ES,Combined TRACON& Tower with Radar,55,66,91,90,302,0,0,41,6,47,55,66,132,96,349,4,40,44,393
02/06/2019,TYS,TN,ASO,ES,Combined TRACON& Tower with Radar,60,70,96,19,245,0,0,3,1,4,60,70,99,20,249,64,12,76,325
02/07/2019,TYS,TN,ASO,ES,Combined TRACON& Tower with Radar,59,82,83,30,254,0,0,23,4,27,59,82,106,34,281,40,68,108,389
02/08/2019,TYS,TN,ASO,ES,Combined TRACON& Tower with Radar,69,73,65,19,226,0,2,53,11,66,69,75,118,30,292,70,18,88,380
02/09/2019,TYS,TN,ASO,ES,Combined TRACON& Tower with Radar,49,51,54,12,166,0,0,65,5,70,49,51,119,17,236,17,25,42,278
02/10/2019,TYS,TN,ASO,ES,Combined TRACON& Tower with Radar,51,61,45,7,164,0,0,4,1,5,51,61,49,8,169,0,0,0,169
02/11/2019,TYS,TN,ASO,ES,Combined TRACON& Tower with Radar,58,65,69,8,200,0,0,1,0,1,58,65,70,8,201,0,0,0,201
02/12/2019,TYS,TN,ASO,ES,Combined TRACON& Tower with Radar,62,66,63,4,195,0,0,4,0,4,62,66,67,4,199,0,32,32,231
02/13/2019,TYS,TN,ASO,ES,Combined TRACON& Tower with Radar,66,86,90,33,275,0,0,65,2,67,66,86,155,35,342,82,36,118,460
02/14/2019,TYS,TN,ASO,ES,Combined TRACON& Tower with Radar,68,112,76,20,276,0,0,49,8,57,68,112,125,28,333,12,56,68,401
02/15/2019,TYS,TN,ASO,ES,Combined TRACON& Tower with Radar,65,94,79,35,273,0,0,16,10,26,65,94,95,45,299,36,17,53,352
02/16/2019,TYS,TN,ASO,ES,Combined TRACON& Tower with Radar,48,62,31,9,150,0,0,7,1,8,48,62,38,10,158,0,0,0,158
02/17/2019,TYS,TN,ASO,ES,Combined TRACON& Tower with Radar,50,65,42,0,157,0,0,0,0,0,50,65,42,0,157,0,0,0,157
02/18/2019,TYS,TN,ASO,ES,Combined TRACON& Tower with Radar,62,73,79,1,215,0,2,38,0,40,62,75,117,1,255,4,0,4,259
02/19/2019,TYS,TN,ASO,ES,Combined TRACON& Tower with Radar,67,82,75,3,227,0,0,15,0,15,67,82,90,3,242,0,0,0,242
02/20/2019,TYS,TN,ASO,ES,Combined TRACON& Tower with Radar,62,67,57,17,203,0,0,8,0,8,62,67,65,17,211,0,0,0,211
02/21/2019,TYS,TN,ASO,ES,Combined TRACON& Tower with Radar,71,77,103,28,279,0,0,1,0,1,71,77,104,28,280,0,48,48,328
02/22/2019,TYS,TN,ASO,ES,Combined TRACON& Tower with Radar,66,85,67,24,242,0,0,1,0,1,66,85,68,24,243,0,8,8,251
02/23/2019,TYS,TN,ASO,ES,Combined TRACON& Tower with Radar,52,51,26,0,129,0,0,0,0,0,52,51,26,0,129,0,0,0,129
02/24/2019,TYS,TN,ASO,ES,Combined TRACON& Tower with Radar,66,74,40,1,181,0,0,20,1,21,66,74,60,2,202,0,0,0,202
02/25/2019,TYS,TN,ASO,ES,Combined TRACON& Tower with Radar,64,82,73,16,235,0,0,105,0,105,64,82,178,16,340,12,10,22,362
02/26/2019,TYS,TN,ASO,ES,Combined TRACON& Tower with Radar,60,82,81,48,271,0,0,72,19,91,60,82,153,67,362,36,86,122,484
02/27/2019,TYS,TN,ASO,ES,Combined TRACON& Tower with Radar,66,80,92,73,311,0,0,87,13,100,66,80,179,86,411,84,50,134,545
02/28/2019,TYS,TN,ASO,ES,Combined TRACON& Tower with Radar,67,78,85,39,269,0,0,21,3,24,67,78,106,42,293,12,48,60,353
03/01/2019,TYS,TN,ASO,ES,Combined TRACON& Tower with Radar,65,76,78,7,226,0,0,2,0,2,65,76,80,7,228,0,0,0,228
03/02/2019,TYS,TN,ASO,ES,Combined TRACON& Tower with Radar,48,71,66,33,218,0,0,29,1,30,48,71,95,34,248,28,34,62,310
03/03/2019,TYS,TN,ASO,ES,Combined TRACON& Tower with Radar,63,73,30,0,166,0,0,0,0,0,63,73,30,0,166,0,0,0,166
03/04/2019,TYS,TN,ASO,ES,Combined TRACON& Tower with Radar,64,78,64,15,221,0,1,25,5,31,64,79,89,20,252,64,10,74,326
03/05/2019,TYS,TN,ASO,ES,Combined TRACON& Tower with Radar,66,86,62,63,277,0,0,64,13,77,66,86,126,76,354,12,76,88,442
03/06/2019,TYS,TN,ASO,ES,Combined TRACON& Tower with Radar,68,74,69,55,266,0,0,85,12,97,68,74,154,67,363,68,60,128,491
03/07/2019,TYS,TN,ASO,ES,Combined TRACON& Tower with Radar,67,82,92,54,295,0,0,77,6,83,67,82,169,60,378,30,32,62,440
03/08/2019,TYS,TN,ASO,ES,Combined TRACON& Tower with Radar,72,71,68,30,241,0,0,4,1,5,72,71,72,31,246,0,0,0,246
03/09/2019,TYS,TN,ASO,ES,Combined TRACON& Tower with Radar,51,72,28,0,151,0,0,4,0,4,51,72,32,0,155,8,0,8,163
03/10/2019,TYS,TN,ASO,ES,Combined TRACON& Tower with Radar,59,73,50,6,188,0,1,35,2,38,59,74,85,8,226,0,0,0,226
03/11/2019,TYS,TN,ASO,ES,Combined TRACON& Tower with Radar,66,70,67,34,237,0,2,40,7,49,66,72,107,41,286,18,10,28,314
03/12/2019,TYS,TN,ASO,ES,Combined TRACON& Tower with Radar,64,79,81,31,255,0,1,73,4,78,64,80,154,35,333,26,60,86,419
03/13/2019,TYS,TN,ASO,ES,Combined TRACON& Tower with Radar,67,73,58,77,275,0,2,81,9,92,67,75,139,86,367,90,76,166,533
03/14/2019,TYS,TN,ASO,ES,Combined TRACON& Tower with Radar,67,72,73,19,231,0,0,29,0,29,67,72,102,19,260,52,0,52,312
03/15/2019,TYS,TN,ASO,ES,Combined TRACON& Tower with Radar,70,77,84,29,260,0,1,32,11,44,70,78,116,40,304,70,20,90,394
03/16/2019,TYS,TN,ASO,ES,Combined TRACON& Tower with Radar,47,65,68,2,182,0,0,44,5,49,47,65,112,7,231,33,0,33,264
03/17/2019,TYS,TN,ASO,ES,Combined TRACON& Tower with Radar,58,70,61,8,197,0,0,56,2,58,58,70,117,10,255,20,0,20,275
03/18/2019,TYS,TN,ASO,ES,Combined TRACON& Tower with Radar,65,66,51,43,225,0,0,41,10,51,65,66,92,53,276,14,54,68,344
03/19/2019,TYS,TN,ASO,ES,Combined TRACON& Tower with Radar,67,81,71,55,274,0,1,59,2,62,67,82,130,57,336,16,56,72,408
03/20/2019,TYS,TN,ASO,ES,Combined TRACON& Tower with Radar,68,67,60,71,266,0,0,67,19,86,68,67,127,90,352,22,134,156,508
03/21/2019,TYS,TN,ASO,ES,Combined TRACON& Tower with Radar,75,76,60,35,246,0,0,23,10,33,75,76,83,45,279,36,76,112,391
03/22/2019,TYS,TN,ASO,ES,Combined TRACON& Tower with Radar,73,65,70,70,278,0,0,53,3,56,73,65,123,73,334,5,27,32,366
03/23/2019,TYS,TN,ASO,ES,Combined TRACON& Tower with Radar,50,66,45,12,173,0,0,36,10,46,50,66,81,22,219,16,17,33,252
03/24/2019,TYS,TN,ASO,ES,Combined TRACON& Tower with Radar,64,74,76,3,217,0,1,39,0,40,64,75,115,3,257,16,0,16,273
03/25/2019,TYS,TN,ASO,ES,Combined TRACON& Tower with Radar,63,78,56,5,202,0,0,22,0,22,63,78,78,5,224,34,0,34,258
03/26/2019,TYS,TN,ASO,ES,Combined TRACON& Tower with Radar,66,76,89,38,269,0,0,26,10,36,66,76,115,48,305,94,18,112,417
03/27/2019,TYS,TN,ASO,ES,Combined TRACON& Tower with Radar,67,70,86,42,265,0,1,108,20,129,67,71,194,62,394,108,64,172,566
03/28/2019,TYS,TN,ASO,ES,Combined TRACON& Tower with Radar,69,82,111,43,305,0,6,98,16,120,69,88,209,59,425,46,86,132,557
03/29/2019,TYS,TN,ASO,ES,Combined TRACON& Tower with Radar,70,80,82,64,296,0,0,60,8,68,70,80,142,72,364,52,24,76,440
03/30/2019,TYS,TN,ASO,ES,Combined TRACON& Tower with Radar,49,81,34,2,166,0,0,20,0,20,49,81,54,2,186,20,0,20,206
03/31/2019,TYS,TN,ASO,ES,Combined TRACON& Tower with Radar,60,90,45,2,197,0,0,26,1,27,60,90,71,3,224,20,0,20,244
04/01/2019,TYS,TN,ASO,ES,Combined TRACON& Tower with Radar,61,73,63,56,253,0,0,33,12,45,61,73,96,68,298,18,78,96,394
04/02/2019,TYS,TN,ASO,ES,Combined TRACON& Tower with Radar,71,67,75,43,256,0,1,41,19,61,71,68,116,62,317,10,82,92,409
04/03/2019,TYS,TN,ASO,ES,Combined TRACON& Tower with Radar,70,75,90,85,320,0,0,47,10,57,70,75,137,95,377,14,128,142,519
04/04/2019,TYS,TN,ASO,ES,Combined TRACON& Tower with Radar,70,77,89,46,282,0,0,51,24,75,70,77,140,70,357,48,124,172,529
04/05/2019,TYS,TN,ASO,ES,Combined TRACON& Tower with Radar,73,67,86,30,256,0,0,13,11,24,73,67,99,41,280,42,54,96,376
04/06/2019,TYS,TN,ASO,ES,Combined TRACON& Tower with Radar,57,54,55,31,197,0,0,26,5,31,57,54,81,36,228,25,41,66,294
04/07/2019,TYS,TN,ASO,ES,Combined TRACON& Tower with Radar,61,70,52,5,188,0,0,19,4,23,61,70,71,9,211,8,0,8,219
04/08/2019,TYS,TN,ASO,ES,Combined TRACON& Tower with Radar,81,75,52,17,225,0,0,1,1,2,81,75,53,18,227,6,0,6,233
04/09/2019,TYS,TN,ASO,ES,Combined TRACON& Tower with Radar,65,69,76,28,238,0,0,22,9,31,65,69,98,37,269,0,24,24,293
04/10/2019,TYS,TN,ASO,ES,Combined TRACON& Tower with Radar,65,71,99,43,278,0,2,58,17,77,65,73,157,60,355,66,66,132,487
04/11/2019,TYS,TN,ASO,ES,Combined TRACON& Tower with Radar,73,75,71,14,233,0,0,51,9,60,73,75,122,23,293,42,42,84,377
04/12/2019,TYS,TN,ASO,ES,Combined TRACON& Tower with Radar,69,76,66,6,217,0,0,14,0,14,69,76,80,6,231,50,22,72,303
04/13/2019,TYS,TN,ASO,ES,Combined TRACON& Tower with Radar,50,51,46,3,150,0,0,27,2,29,50,51,73,5,179,36,0,36,215
04/14/2019,TYS,TN,ASO,ES,Combined TRACON& Tower with Radar,66,75,44,3,188,0,0,2,0,2,66,75,46,3,190,0,0,0,190
04/15/2019,TYS,TN,ASO,ES,Combined TRACON& Tower with Radar,68,72,62,43,245,0,0,19,0,19,68,72,81,43,264,80,18,98,362
04/16/2019,TYS,TN,ASO,ES,Combined TRACON& Tower with Radar,64,89,95,54,302,0,1,58,7,66,64,90,153,61,368,38,44,82,450
04/17/2019,TYS,TN,ASO,ES,Combined TRACON& Tower with Radar,65,73,69,49,256,0,3,59,7,69,65,76,128,56,325,42,60,102,427
04/18/2019,TYS,TN,ASO,ES,Combined TRACON& Tower with Radar,71,71,98,70,310,0,0,33,13,46,71,71,131,83,356,50,52,102,458
04/19/2019,TYS,TN,ASO,ES,Combined TRACON& Tower with Radar,72,75,51,14,212,0,0,3,0,3,72,75,54,14,215,0,15,15,230
04/20/2019,TYS,TN,ASO,ES,Combined TRACON& Tower with Radar,55,50,39,2,146,0,0,0,0,0,55,50,39,2,146,2,0,2,148
04/21/2019,TYS,TN,ASO,ES,Combined TRACON& Tower with Radar,64,62,34,10,170,0,0,21,0,21,64,62,55,10,191,22,0,22,213
04/22/2019,TYS,TN,ASO,ES,Combined TRACON& Tower with Radar,70,76,81,1,228,0,0,84,2,86,70,76,165,3,314,118,0,118,432
04/23/2019,TYS,TN,ASO,ES,Combined TRACON& Tower with Radar,62,82,111,21,276,0,1,82,10,93,62,83,193,31,369,66,34,100,469
04/24/2019,TYS,TN,ASO,ES,Combined TRACON& Tower with Radar,64,81,88,64,297,0,0,75,9,84,64,81,163,73,381,98,72,170,551
04/25/2019,TYS,TN,ASO,ES,Combined TRACON& Tower with Radar,74,82,119,35,310,0,0,33,14,47,74,82,152,49,357,90,74,164,521
04/26/2019,TYS,TN,ASO,ES,Combined TRACON& Tower with Radar,73,71,96,17,257,0,2,13,10,25,73,73,109,27,282,17,22,39,321
04/27/2019,TYS,TN,ASO,ES,Combined TRACON& Tower with Radar,55,53,54,4,166,0,0,71,4,75,55,53,125,8,241,8,6,14,255
04/28/2019,TYS,TN,ASO,ES,Combined TRACON& Tower with Radar,64,70,71,24,229,0,0,17,4,21,64,70,88,28,250,4,14,18,268
04/29/2019,TYS,TN,ASO,ES,Combined TRACON& Tower with Radar,70,80,91,20,261,0,0,55,7,62,70,80,146,27,323,38,22,60,383
04/30/2019,TYS,TN,ASO,ES,Combined TRACON& Tower with Radar,66,79,76,57,278,0,0,62,23,85,66,79,138,80,363,42,54,96,459
05/01/2019,TYS,TN,ASO,ES,Combined TRACON& Tower with Radar,65,79,103,29,276,0,0,41,21,62,65,79,144,50,338,50,22,72,410
05/02/2019,TYS,TN,ASO,ES,Combined TRACON& Tower with Radar,70,79,92,19,260,0,0,32,21,53,70,79,124,40,313,102,42,144,457
05/03/2019,TYS,TN,ASO,ES,Combined TRACON& Tower with Radar,77,85,112,27,301,0,0,20,10,30,77,85,132,37,331,40,10,50,381
05/04/2019,TYS,TN,ASO,ES,Combined TRACON& Tower with Radar,65,49,52,8,174,0,0,34,4,38,65,49,86,12,212,42,0,42,254
05/05/2019,TYS,TN,ASO,ES,Combined TRACON& Tower with Radar,66,70,147,0,283,0,0,25,0,25,66,70,172,0,308,50,0,50,358
05/06/2019,TYS,TN,ASO,ES,Combined TRACON& Tower with Radar,76,79,77,8,240,0,0,51,0,51,76,79,128,8,291,36,10,46,337
05/07/2019,TYS,TN,ASO,ES,Combined TRACON& Tower with Radar,76,79,79,31,265,0,2,56,9,67,76,81,135,40,332,130,20,150,482
05/08/2019,TYS,TN,ASO,ES,Combined TRACON& Tower with Radar,65,76,100,56,297,0,0,59,0,59,65,76,159,56,356,90,38,128,484
05/09/2019,TYS,TN,ASO,ES,Combined TRACON& Tower with Radar,76,83,80,33,272,0,1,31,5,37,76,84,111,38,309,52,8,60,369
05/10/2019,TYS,TN,ASO,ES,Combined TRACON& Tower with Radar,78,78,117,58,331,0,1,32,0,33,78,79,149,58,364,62,32,94,458
05/11/2019,TYS,TN,ASO,ES,Combined TRACON& Tower with Radar,64,57,33,2,156,0,0,0,0,0,64,57,33,2,156,16,0,16,172
05/12/2019,TYS,TN,ASO,ES,Combined TRACON& Tower with Radar,71,79,40,2,192,0,0,1,0,1,71,79,41,2,193,0,0,0,193
05/13/2019,TYS,TN,ASO,ES,Combined TRACON& Tower with Radar,74,80,88,102,344,0,1,45,5,51,74,81,133,107,395,62,14,76,471
05/14/2019,TYS,TN,ASO,ES,Combined TRACON& Tower with Radar,69,75,113,56,313,0,4,69,22,95,69,79,182,78,408,110,50,160,568
05/15/2019,TYS,TN,ASO,ES,Combined TRACON& Tower with Radar,76,84,91,27,278,0,0,41,14,55,76,84,132,41,333,84,26,110,443
05/16/2019,TYS,TN,ASO,ES,Combined TRACON& Tower with Radar,86,87,93,20,286,0,1,53,6,60,86,88,146,26,346,74,12,86,432
05/17/2019,TYS,TN,ASO,ES,Combined TRACON& Tower with Radar,84,89,96,16,285,0,1,51,6,58,84,90,147,22,343,42,28,70,413
05/18/2019,TYS,TN,ASO,ES,Combined TRACON& Tower with Radar,65,56,40,3,164,0,1,36,2,39,65,57,76,5,203,0,0,0,203
05/19/2019,TYS,TN,ASO,ES,Combined TRACON& Tower with Radar,69,81,53,2,205,0,0,21,0,21,69,81,74,2,226,0,0,0,226
05/20/2019,TYS,TN,ASO,ES,Combined TRACON& Tower with Radar,78,75,91,48,292,0,0,47,4,51,78,75,138,52,343,24,34,58,401
05/21/2019,TYS,TN,ASO,ES,Combined TRACON& Tower with Radar,76,91,97,60,324,0,2,74,10,86,76,93,171,70,410,26,74,100,510
05/22/2019,TYS,TN,ASO,ES,Combined TRACON& Tower with Radar,79,78,88,59,304,0,0,60,7,67,79,78,148,66,371,22,42,64,435
05/23/2019,TYS,TN,ASO,ES,Combined TRACON& Tower with Radar,87,78,97,9,271,0,0,57,21,78,87,78,154,30,349,52,46,98,447
05/24/2019,TYS,TN,ASO,ES,Combined TRACON& Tower with Radar,86,83,72,43,284,0,1,54,2,57,86,84,126,45,341,96,72,168,509
05/25/2019,TYS,TN,ASO,ES,Combined TRACON& Tower with Radar,65,66,51,0,182,0,0,37,0,37,65,66,88,0,219,18,0,18,237
05/26/2019,TYS,TN,ASO,ES,Combined TRACON& Tower with Radar,67,50,41,0,158,0,0,19,0,19,67,50,60,0,177,0,0,0,177
05/27/2019,TYS,TN,ASO,ES,Combined TRACON& Tower with Radar,76,69,63,6,214,0,0,29,0,29,76,69,92,6,243,8,0,8,251
05/28/2019,TYS,TN,ASO,ES,Combined TRACON& Tower with Radar,80,65,86,35,266,0,0,41,13,54,80,65,127,48,320,32,86,118,438
05/29/2019,TYS,TN,ASO,ES,Combined TRACON& Tower with Radar,80,78,85,22,265,0,2,30,4,36,80,80,115,26,301,30,18,48,349
05/30/2019,TYS,TN,ASO,ES,Combined TRACON& Tower with Radar,85,81,84,52,302,0,0,39,2,41,85,81,123,54,343,64,38,102,445
05/31/2019,TYS,TN,ASO,ES,Combined TRACON& Tower with Radar,89,79,75,65,308,0,0,35,6,41,89,79,110,71,349,34,54,88,437
06/01/2019,TYS,TN,ASO,ES,Combined TRACON& Tower with Radar,64,56,40,30,190,0,0,32,6,38,64,56,72,36,228,10,10,20,248
06/02/2019,TYS,TN,ASO,ES,Combined TRACON& Tower with Radar,70,80,43,13,206,0,1,26,5,32,70,81,69,18,238,62,0,62,300
06/03/2019,TYS,TN,ASO,ES,Combined TRACON& Tower with Radar,79,81,63,13,236,0,0,40,1,41,79,81,103,14,277,46,12,58,335
06/04/2019,TYS,TN,ASO,ES,Combined TRACON& Tower with Radar,78,75,84,43,280,0,0,72,3,75,78,75,156,46,355,104,34,138,493
06/05/2019,TYS,TN,ASO,ES,Combined TRACON& Tower with Radar,85,70,70,6,231,0,0,30,0,30,85,70,100,6,261,62,8,70,331
06/06/2019,TYS,TN,ASO,ES,Combined TRACON& Tower with Radar,87,95,94,16,292,0,0,7,2,9,87,95,101,18,301,36,24,60,361
06/07/2019,TYS,TN,ASO,ES,Combined TRACON& Tower with Radar,87,84,77,13,261,0,0,2,2,4,87,84,79,15,265,0,0,0,265
06/08/2019,TYS,TN,ASO,ES,Combined TRACON& Tower with Radar,81,72,31,2,186,0,0,3,0,3,81,72,34,2,189,0,0,0,189
06/09/2019,TYS,TN,ASO,ES,Combined TRACON& Tower with Radar,63,74,41,0,178,0,1,3,1,5,63,75,44,1,183,14,0,14,197
06/10/2019,TYS,TN,ASO,ES,Combined TRACON& Tower with Radar,85,78,69,2,234,0,0,8,4,12,85,78,77,6,246,6,0,6,252
06/11/2019,TYS,TN,ASO,ES,Combined TRACON& Tower with Radar,78,77,70,58,283,0,0,69,5,74,78,77,139,63,357,46,58,104,461
06/12/2019,TYS,TN,ASO,ES,Combined TRACON& Tower with Radar,85,83,92,30,290,0,0,24,2,26,85,83,116,32,316,98,40,138,454
06/13/2019,TYS,TN,ASO,ES,Combined TRACON& Tower with Radar,85,88,71,3,247,0,0,39,13,52,85,88,110,16,299,54,14,68,367
06/14/2019,TYS,TN,ASO,ES,Combined TRACON& Tower with Radar,83,85,87,40,295,0,0,81,2,83,83,85,168,42,378,74,0,74,452
06/15/2019,TYS,TN,ASO,ES,Combined TRACON& Tower with Radar,64,69,44,16,193,0,0,53,2,55,64,69,97,18,248,56,0,56,304
06/16/2019,TYS,TN,ASO,ES,Combined TRACON& Tower with Radar,71,73,42,7,193,0,0,21,0,21,71,73,63,7,214,38,0,38,252
06/17/2019,TYS,TN,ASO,ES,Combined TRACON& Tower with Radar,86,77,72,8,243,0,0,29,5,34,86,77,101,13,277,44,18,62,339
06/18/2019,TYS,TN,ASO,ES,Combined TRACON& Tower with Radar,77,79,89,23,268,0,0,4,8,12,77,79,93,31,280,8,48,56,336
06/19/2019,TYS,TN,ASO,ES,Combined TRACON& Tower with Radar,81,79,110,13,283,0,0,20,4,24,81,79,130,17,307,2,0,2,309
06/20/2019,TYS,TN,ASO,ES,Combined TRACON& Tower with Radar,99,73,65,2,239,0,2,18,9,29,99,75,83,11,268,6,42,48,316
06/21/2019,TYS,TN,ASO,ES,Combined TRACON& Tower with Radar,88,68,87,58,301,0,0,78,12,90,88,68,165,70,391,34,30,64,455
06/22/2019,TYS,TN,ASO,ES,Combined TRACON& Tower with Radar,73,61,46,0,180,0,0,15,9,24,73,61,61,9,204,0,2,2,206
06/23/2019,TYS,TN,ASO,ES,Combined TRACON& Tower with Radar,85,69,35,30,219,0,0,22,1,23,85,69,57,31,242,12,0,12,254
06/24/2019,TYS,TN,ASO,ES,Combined TRACON& Tower with Radar,82,70,59,29,240,0,0,37,1,38,82,70,96,30,278,14,36,50,328
06/25/2019,TYS,TN,ASO,ES,Combined TRACON& Tower with Radar,85,72,106,29,292,0,1,68,5,74,85,73,174,34,366,136,40,176,542
06/26/2019,TYS,TN,ASO,ES,Combined TRACON& Tower with Radar,90,75,91,57,313,0,1,79,2,82,90,76,170,59,395,164,58,222,617
06/27/2019,TYS,TN,ASO,ES,Combined TRACON& Tower with Radar,80,80,90,34,284,0,0,73,8,81,80,80,163,42,365,52,38,90,455
06/28/2019,TYS,TN,ASO,ES,Combined TRACON& Tower with Radar,92,78,55,22,247,0,0,66,6,72,92,78,121,28,319,14,8,22,341
06/29/2019,TYS,TN,ASO,ES,Combined TRACON& Tower with Radar,66,64,51,9,190,0,2,71,3,76,66,66,122,12,266,52,0,52,318
06/30/2019,TYS,TN,ASO,ES,Combined TRACON& Tower with Radar,78,54,51,6,189,0,0,45,1,46,78,54,96,7,235,92,0,92,327
07/01/2019,TYS,TN,ASO,ES,Combined TRACON& Tower with Radar,72,67,68,29,236,0,3,64,5,72,72,70,132,34,308,60,14,74,382
07/02/2019,TYS,TN,ASO,ES,Combined TRACON& Tower with Radar,77,57,76,63,273,0,0,53,8,61,77,57,129,71,334,56,26,82,416
07/03/2019,TYS,TN,ASO,ES,Combined TRACON& Tower with Radar,79,64,66,37,246,0,1,45,0,46,79,65,111,37,292,40,48,88,380
07/04/2019,TYS,TN,ASO,ES,Combined TRACON& Tower with Radar,59,42,21,1,123,0,0,15,0,15,59,42,36,1,138,20,0,20,158
07/05/2019,TYS,TN,ASO,ES,Combined TRACON& Tower with Radar,67,50,30,0,147,0,0,32,0,32,67,50,62,0,179,28,0,28,207
07/06/2019,TYS,TN,ASO,ES,Combined TRACON& Tower with Radar,67,55,26,0,148,0,0,14,4,18,67,55,40,4,166,6,0,6,172
07/07/2019,TYS,TN,ASO,ES,Combined TRACON& Tower with Radar,79,70,58,2,209,0,0,26,0,26,79,70,84,2,235,34,0,34,269
07/08/2019,TYS,TN,ASO,ES,Combined TRACON& Tower with Radar,84,78,74,11,247,0,2,42,1,45,84,80,116,12,292,30,20,50,342
07/09/2019,TYS,TN,ASO,ES,Combined TRACON& Tower with Radar,90,71,97,39,297,0,0,76,5,81,90,71,173,44,378,36,38,74,452
07/10/2019,TYS,TN,ASO,ES,Combined TRACON& Tower with Radar,84,74,87,65,310,0,3,65,25,93,84,77,152,90,403,82,104,186,589
07/11/2019,TYS,TN,ASO,ES,Combined TRACON& Tower with Radar,86,63,88,33,270,0,0,14,1,15,86,63,102,34,285,14,14,28,313
07/12/2019,TYS,TN,ASO,ES,Combined TRACON& Tower with Radar,87,79,83,48,297,0,0,42,1,43,87,79,125,49,340,64,44,108,448
07/13/2019,TYS,TN,ASO,ES,Combined TRACON& Tower with Radar,73,57,37,20,187,0,0,17,7,24,73,57,54,27,211,0,50,50,261
07/14/2019,TYS,TN,ASO,ES,Combined TRACON& Tower with Radar,80,74,57,9,220,0,0,25,0,25,80,74,82,9,245,36,4,40,285
07/15/2019,TYS,TN,ASO,ES,Combined TRACON& Tower with Radar,90,61,64,27,242,0,0,70,1,71,90,61,134,28,313,48,0,48,361
07/16/2019,TYS,TN,ASO,ES,Combined TRACON& Tower with Radar,84,80,69,85,318,0,2,78,6,86,84,82,147,91,404,96,52,148,552
07/17/2019,TYS,TN,ASO,ES,Combined TRACON& Tower with Radar,83,74,83,20,260,0,0,5,5,10,83,74,88,25,270,0,0,0,270
07/18/2019,TYS,TN,ASO,ES,Combined TRACON& Tower with Radar,85,73,99,36,293,0,0,19,7,26,85,73,118,43,319,0,52,52,371
07/19/2019,TYS,TN,ASO,ES,Combined TRACON& Tower with Radar,93,69,72,31,265,0,0,60,3,63,93,69,132,34,328,32,46,78,406
07/20/2019,TYS,TN,ASO,ES,Combined TRACON& Tower with Radar,67,69,55,1,192,0,0,26,1,27,67,69,81,2,219,18,0,18,237
07/21/2019,TYS,TN,ASO,ES,Combined TRACON& Tower with Radar,79,54,72,2,207,0,0,18,2,20,79,54,90,4,227,38,0,38,265
07/22/2019,TYS,TN,ASO,ES,Combined TRACON& Tower with Radar,77,60,61,12,210,0,0,8,3,11,77,60,69,15,221,6,0,6,227
07/23/2019,TYS,TN,ASO,ES,Combined TRACON& Tower with Radar,105,78,101,56,340,0,0,15,10,25,105,78,116,66,365,0,0,0,365
07/24/2019,TYS,TN,ASO,ES,Combined TRACON& Tower with Radar,88,78,88,62,316,0,0,79,8,87,88,78,167,70,403,54,38,92,495
07/25/2019,TYS,TN,ASO,ES,Combined TRACON& Tower with Radar,84,79,83,31,277,0,0,47,6,53,84,79,130,37,330,20,26,46,376
07/26/2019,TYS,TN,ASO,ES,Combined TRACON& Tower with Radar,84,77,63,66,290,0,0,48,9,57,84,77,111,75,347,16,9,25,372
07/27/2019,TYS,TN,ASO,ES,Combined TRACON& Tower with Radar,70,64,46,8,188,0,0,46,13,59,70,64,92,21,247,22,4,26,273
07/28/2019,TYS,TN,ASO,ES,Combined TRACON& Tower with Radar,80,72,40,15,207,0,4,35,1,40,80,76,75,16,247,40,0,40,287
07/29/2019,TYS,TN,ASO,ES,Combined TRACON& Tower with Radar,82,73,67,15,237,0,0,51,2,53,82,73,118,17,290,44,22,66,356
07/30/2019,TYS,TN,ASO,ES,Combined TRACON& Tower with Radar,85,73,74,23,255,0,0,52,3,55,85,73,126,26,310,14,30,44,354
07/31/2019,TYS,TN,ASO,ES,Combined TRACON& Tower with Radar,86,78,73,30,267,0,0,47,4,51,86,78,120,34,318,62,10,72,390
08/01/2019,TYS,TN,ASO,ES,Combined TRACON& Tower with Radar,87,81,79,15,262,0,0,44,9,53,87,81,123,24,315,66,48,114,429
08/02/2019,TYS,TN,ASO,ES,Combined TRACON& Tower with Radar,92,78,73,29,272,0,0,40,13,53,92,78,113,42,325,18,14,32,357
08/03/2019,TYS,TN,ASO,ES,Combined TRACON& Tower with Radar,73,55,44,35,207,0,0,26,3,29,73,55,70,38,236,6,16,22,258
08/04/2019,TYS,TN,ASO,ES,Combined TRACON& Tower with Radar,87,66,36,5,194,0,0,21,0,21,87,66,57,5,215,18,0,18,233
08/05/2019,TYS,TN,ASO,ES,Combined TRACON& Tower with Radar,85,77,67,22,251,0,0,39,1,40,85,77,106,23,291,34,34,68,359
08/06/2019,TYS,TN,ASO,ES,Combined TRACON& Tower with Radar,89,65,66,29,249,0,0,51,5,56,89,65,117,34,305,32,24,56,361
08/07/2019,TYS,TN,ASO,ES,Combined TRACON& Tower with Radar,87,65,79,57,288,0,0,31,9,40,87,65,110,66,328,20,70,90,418
08/08/2019,TYS,TN,ASO,ES,Combined TRACON& Tower with Radar,91,72,96,41,300,0,0,28,13,41,91,72,124,54,341,32,42,74,415
08/09/2019,TYS,TN,ASO,ES,Combined TRACON& Tower with Radar,94,64,79,38,275,0,0,42,7,49,94,64,121,45,324,46,40,86,410
08/10/2019,TYS,TN,ASO,ES,Combined TRACON& Tower with Radar,68,55,34,1,158,0,0,30,0,30,68,55,64,1,188,8,0,8,196
08/11/2019,TYS,TN,ASO,ES,Combined TRACON& Tower with Radar,80,66,32,11,189,0,1,40,2,43,80,67,72,13,232,22,16,38,270
08/12/2019,TYS,TN,ASO,ES,Combined TRACON& Tower with Radar,91,62,76,34,263,0,0,40,8,48,91,62,116,42,311,22,16,38,349
08/13/2019,TYS,TN,ASO,ES,Combined TRACON& Tower with Radar,83,70,99,23,275,0,0,54,13,67,83,70,153,36,342,68,50,118,460
08/14/2019,TYS,TN,ASO,ES,Combined TRACON& Tower with Radar,85,74,94,65,318,0,0,38,22,60,85,74,132,87,378,56,68,124,502
08/15/2019,TYS,TN,ASO,ES,Combined TRACON& Tower with Radar,85,78,84,43,290,0,0,69,16,85,85,78,153,59,375,64,28,92,467
08/16/2019,TYS,TN,ASO,ES,Combined TRACON& Tower with Radar,91,78,63,35,267,0,0,55,12,67,91,78,118,47,334,4,20,24,358
08/17/2019,TYS,TN,ASO,ES,Combined TRACON& Tower with Radar,67,51,45,31,194,0,1,32,10,43,67,52,77,41,237,0,56,56,293
08/18/2019,TYS,TN,ASO,ES,Combined TRACON& Tower with Radar,73,56,41,21,191,0,0,22,6,28,73,56,63,27,219,0,4,4,223
08/19/2019,TYS,TN,ASO,ES,Combined TRACON& Tower with Radar,84,75,56,36,251,0,0,36,0,36,84,75,92,36,287,36,16,52,339
08/20/2019,TYS,TN,ASO,ES,Combined TRACON& Tower with Radar,72,73,89,41,275,0,1,36,5,42,72,74,125,46,317,26,32,58,375
08/21/2019,TYS,TN,ASO,ES,Combined TRACON& Tower with Radar,77,89,105,42,313,0,2,58,1,61,77,91,163,43,374,112,26,138,512
08/22/2019,TYS,TN,ASO,ES,Combined TRACON& Tower with Radar,86,80,109,14,289,0,0,27,11,38,86,80,136,25,327,0,14,14,341
08/23/2019,TYS,TN,ASO,ES,Combined TRACON& Tower with Radar,85,81,92,25,283,0,0,39,0,39,85,81,131,25,322,0,0,0,322
08/24/2019,TYS,TN,ASO,ES,Combined TRACON& Tower with Radar,59,56,60,2,177,0,0,17,2,19,59,56,77,4,196,6,0,6,202
08/25/2019,TYS,TN,ASO,ES,Combined TRACON& Tower with Radar,63,69,57,14,203,0,1,12,0,13,63,70,69,14,216,18,0,18,234
08/26/2019,TYS,TN,ASO,ES,Combined TRACON& Tower with Radar,74,71,82,31,258,0,0,9,0,9,74,71,91,31,267,0,0,0,267
08/27/2019,TYS,TN,ASO,ES,Combined TRACON& Tower with Radar,71,77,89,50,287,0,0,23,4,27,71,77,112,54,314,44,26,70,384
08/28/2019,TYS,TN,ASO,ES,Combined TRACON& Tower with Radar,69,79,85,35,268,0,0,55,2,57,69,79,140,37,325,64,50,114,439
08/29/2019,TYS,TN,ASO,ES,Combined TRACON& Tower with Radar,79,77,73,21,250,0,2,47,19,68,79,79,120,40,318,58,40,98,416
08/30/2019,TYS,TN,ASO,ES,Combined TRACON& Tower with Radar,67,92,89,26,274,0,0,60,2,62,67,92,149,28,336,70,0,70,406
08/31/2019,TYS,TN,ASO,ES,Combined TRACON& Tower with Radar,54,57,52,0,163,0,0,34,0,34,54,57,86,0,197,18,0,18,215
09/01/2019,TYS,TN,ASO,ES,Combined TRACON& Tower with Radar,56,57,36,0,149,0,0,34,0,34,56,57,70,0,183,4,0,4,187
09/02/2019,TYS,TN,ASO,ES,Combined TRACON& Tower with Radar,57,82,58,0,197,0,4,24,2,30,57,86,82,2,227,20,0,20,247
09/03/2019,TYS,TN,ASO,ES,Combined TRACON& Tower with Radar,62,68,77,42,249,0,2,43,3,48,62,70,120,45,297,4,4,8,305
09/04/2019,TYS,TN,ASO,ES,Combined TRACON& Tower with Radar,71,63,68,62,264,0,0,46,12,58,71,63,114,74,322,94,62,156,478
09/05/2019,TYS,TN,ASO,ES,Combined TRACON& Tower with Radar,80,75,73,13,241,0,0,61,21,82,80,75,134,34,323,54,10,64,387
09/06/2019,TYS,TN,ASO,ES,Combined TRACON& Tower with Radar,71,74,66,10,221,0,0,68,14,82,71,74,134,24,303,10,6,16,319
09/07/2019,TYS,TN,ASO,ES,Combined TRACON& Tower with Radar,57,68,49,11,185,0,2,34,10,46,57,70,83,21,231,38,0,38,269
09/08/2019,TYS,TN,ASO,ES,Combined TRACON& Tower with Radar,71,72,56,7,206,0,2,29,5,36,71,74,85,12,242,80,0,80,322
09/09/2019,TYS,TN,ASO,ES,Combined TRACON& Tower with Radar,70,81,64,40,255,0,3,73,2,78,70,84,137,42,333,18,42,60,393
09/10/2019,TYS,TN,ASO,ES,Combined TRACON& Tower with Radar,71,78,63,44,256,0,2,64,9,75,71,80,127,53,331,48,16,64,395
09/11/2019,TYS,TN,ASO,ES,Combined TRACON& Tower with Radar,66,80,70,46,262,0,0,76,9,85,66,80,146,55,347,110,122,232,579
09/12/2019,TYS,TN,ASO,ES,Combined TRACON& Tower with Radar,75,101,100,35,311,0,0,58,21,79,75,101,158,56,390,26,64,90,480
09/13/2019,TYS,TN,ASO,ES,Combined TRACON& Tower with Radar,74,84,66,25,249,0,4,59,11,74,74,88,125,36,323,44,12,56,379
09/14/2019,TYS,TN,ASO,ES,Combined TRACON& Tower with Radar,47,73,49,8,177,0,1,38,2,41,47,74,87,10,218,8,0,8,226
09/15/2019,TYS,TN,ASO,ES,Combined TRACON& Tower with Radar,64,83,40,10,197,0,1,24,1,26,64,84,64,11,223,32,10,42,265
09/16/2019,TYS,TN,ASO,ES,Combined TRACON& Tower with Radar,68,68,54,7,197,0,2,47,1,50,68,70,101,8,247,24,0,24,271
09/17/2019,TYS,TN,ASO,ES,Combined TRACON& Tower with Radar,69,86,71,25,251,0,4,42,3,49,69,90,113,28,300,34,18,52,352
09/18/2019,TYS,TN,ASO,ES,Combined TRACON& Tower with Radar,63,91,83,20,257,0,0,62,6,68,63,91,145,26,325,80,24,104,429
09/19/2019,TYS,TN,ASO,ES,Combined TRACON& Tower with Radar,75,86,80,57,298,0,1,51,12,64,75,87,131,69,362,36,76,112,474
09/20/2019,TYS,TN,ASO,ES,Combined TRACON& Tower with Radar,74,94,74,25,267,0,0,53,1,54,74,94,127,26,321,28,22,50,371
09/21/2019,TYS,TN,ASO,ES,Combined TRACON& Tower with Radar,47,72,47,9,175,0,0,31,5,36,47,72,78,14,211,12,0,12,223
09/22/2019,TYS,TN,ASO,ES,Combined TRACON& Tower with Radar,60,76,58,23,217,0,0,41,0,41,60,76,99,23,258,2,6,8,266
09/23/2019,TYS,TN,ASO,ES,Combined TRACON& Tower with Radar,64,63,51,27,205,0,1,32,2,35,64,64,83,29,240,52,22,74,314
09/24/2019,TYS,TN,ASO,ES,Combined TRACON& Tower with Radar,65,85,74,24,248,0,1,45,7,53,65,86,119,31,301,70,14,84,385
09/25/2019,TYS,TN,ASO,ES,Combined TRACON& Tower with Radar,67,89,76,39,271,0,0,74,20,94,67,89,150,59,365,70,86,156,521
09/26/2019,TYS,TN,ASO,ES,Combined TRACON& Tower with Radar,78,96,111,3,288,0,0,40,0,40,78,96,151,3,328,4,0,4,332
09/27/2019,TYS,TN,ASO,ES,Combined TRACON& Tower with Radar,74,83,109,15,281,0,2,27,4,33,74,85,136,19,314,40,0,40,354
09/28/2019,TYS,TN,ASO,ES,Combined TRACON& Tower with Radar,54,70,40,1,165,0,3,38,1,42,54,73,78,2,207,7,0,7,214
09/29/2019,TYS,TN,ASO,ES,Combined TRACON& Tower with Radar,68,71,74,10,223,0,2,32,0,34,68,73,106,10,257,12,0,12,269
09/30/2019,TYS,TN,ASO,ES,Combined TRACON& Tower with Radar,69,79,90,30,268,0,0,56,2,58,69,79,146,32,326,50,8,58,384
10/01/2019,TYS,TN,ASO,ES,Combined TRACON& Tower with Radar,63,75,64,25,227,0,1,76,0,77,63,76,140,25,304,34,16,50,354
10/02/2019,TYS,TN,ASO,ES,Combined TRACON& Tower with Radar,77,82,90,29,278,0,2,65,20,87,77,84,155,49,365,52,58,110,475
10/03/2019,TYS,TN,ASO,ES,Combined TRACON& Tower with Radar,77,99,90,67,333,0,0,60,6,66,77,99,150,73,399,108,42,150,549
10/04/2019,TYS,TN,ASO,ES,Combined TRACON& Tower with Radar,81,94,107,22,304,0,3,46,3,52,81,97,153,25,356,34,10,44,400
10/05/2019,TYS,TN,ASO,ES,Combined TRACON& Tower with Radar,63,83,95,8,249,0,0,50,0,50,63,83,145,8,299,25,0,25,324
10/06/2019,TYS,TN,ASO,ES,Combined TRACON& Tower with Radar,71,88,102,24,285,0,0,11,0,11,71,88,113,24,296,0,0,0,296
10/07/2019,TYS,TN,ASO,ES,Combined TRACON& Tower with Radar,78,76,63,15,232,0,0,13,0,13,78,76,76,15,245,0,16,16,261
10/08/2019,TYS,TN,ASO,ES,Combined TRACON& Tower with Radar,70,81,83,50,284,0,2,38,5,45,70,83,121,55,329,36,28,64,393
10/09/2019,TYS,TN,ASO,ES,Combined TRACON& Tower with Radar,82,79,77,24,262,0,0,29,1,30,82,79,106,25,292,48,8,56,348
10/10/2019,TYS,TN,ASO,ES,Combined TRACON& Tower with Radar,77,81,101,11,270,0,2,45,17,64,77,83,146,28,334,80,0,80,414
10/11/2019,TYS,TN,ASO,ES,Combined TRACON& Tower with Radar,81,105,76,28,290,0,4,68,15,87,81,109,144,43,377,64,16,80,457
10/12/2019,TYS,TN,ASO,ES,Combined TRACON& Tower with Radar,59,69,79,8,215,0,0,10,4,14,59,69,89,12,229,36,0,36,265
10/13/2019,TYS,TN,ASO,ES,Combined TRACON& Tower with Radar,73,88,84,0,245,0,0,45,2,47,73,88,129,2,292,12,0,12,304
10/14/2019,TYS,TN,ASO,ES,Combined TRACON& Tower with Radar,75,88,94,22,279,0,2,76,0,78,75,90,170,22,357,40,0,40,397
10/15/2019,TYS,TN,ASO,ES,Combined TRACON& Tower with Radar,72,77,76,78,303,0,0,57,2,59,72,77,133,80,362,60,54,114,476
10/16/2019,TYS,TN,ASO,ES,Combined TRACON& Tower with Radar,80,84,91,30,285,0,0,25,2,27,80,84,116,32,312,20,0,20,332
10/17/2019,TYS,TN,ASO,ES,Combined TRACON& Tower with Radar,79,94,95,37,305,0,4,68,21,93,79,98,163,58,398,14,40,54,452
10/18/2019,TYS,TN,ASO,ES,Combined TRACON& Tower with Radar,75,78,93,29,275,0,2,59,18,79,75,80,152,47,354,36,20,56,410
10/19/2019,TYS,TN,ASO,ES,Combined TRACON& Tower with Radar,58,66,40,15,179,0,0,24,6,30,58,66,64,21,209,15,16,31,240
10/20/2019,TYS,TN,ASO,ES,Combined TRACON& Tower with Radar,74,81,87,18,260,0,2,11,4,17,74,83,98,22,277,0,22,22,299
10/21/2019,TYS,TN,ASO,ES,Combined TRACON& Tower with Radar,72,89,84,11,256,0,0,25,2,27,72,89,109,13,283,12,0,12,295
10/22/2019,TYS,TN,ASO,ES,Combined TRACON& Tower with Radar,71,81,88,56,296,0,2,53,6,61,71,83,141,62,357,170,48,218,575
10/23/2019,TYS,TN,ASO,ES,Combined TRACON& Tower with Radar,77,95,80,72,324,0,3,84,9,96,77,98,164,81,420,126,14,140,560
10/24/2019,TYS,TN,ASO,ES,Combined TRACON& Tower with Radar,81,89,112,19,301,0,0,75,19,94,81,89,187,38,395,106,44,150,545
10/25/2019,TYS,TN,ASO,ES,Combined TRACON& Tower with Radar,81,90,93,22,286,0,0,19,2,21,81,90,112,24,307,60,12,72,379
10/26/2019,TYS,TN,ASO,ES,Combined TRACON& Tower with Radar,64,71,46,3,184,0,0,14,1,15,64,71,60,4,199,0,0,0,199
10/27/2019,TYS,TN,ASO,ES,Combined TRACON& Tower with Radar,68,91,65,0,224,0,0,24,0,24,68,91,89,0,248,34,0,34,282
10/28/2019,TYS,TN,ASO,ES,Combined TRACON& Tower with Radar,62,78,63,23,226,0,0,41,0,41,62,78,104,23,267,56,16,72,339
10/29/2019,TYS,TN,ASO,ES,Combined TRACON& Tower with Radar,68,83,91,45,287,0,0,48,10,58,68,83,139,55,345,84,56,140,485
10/30/2019,TYS,TN,ASO,ES,Combined TRACON& Tower with Radar,68,76,88,2,234,0,0,3,0,3,68,76,91,2,237,0,0,0,237
10/31/2019,TYS,TN,ASO,ES,Combined TRACON& Tower with Radar,70,80,50,5,205,0,0,2,0,2,70,80,52,5,207,20,14,34,241
11/01/2019,TYS,TN,ASO,ES,Combined TRACON& Tower with Radar,72,81,140,6,299,0,0,49,13,62,72,81,189,19,361,118,10,128,489
11/02/2019,TYS,TN,ASO,ES,Combined TRACON& Tower with Radar,61,59,63,0,183,0,2,30,6,38,61,61,93,6,221,26,0,26,247
11/03/2019,TYS,TN,ASO,ES,Combined TRACON& Tower with Radar,70,75,73,10,228,0,8,67,2,77,70,83,140,12,305,28,12,40,345
11/04/2019,TYS,TN,ASO,ES,Combined TRACON& Tower with Radar,78,76,88,0,242,0,0,74,4,78,78,76,162,4,320,34,0,34,354
11/05/2019,TYS,TN,ASO,ES,Combined TRACON& Tower with Radar,73,86,77,22,258,0,0,67,14,81,73,86,144,36,339,130,36,166,505
11/06/2019,TYS,TN,ASO,ES,Combined TRACON& Tower with Radar,74,88,104,50,316,0,4,74,10,88,74,92,178,60,404,98,16,114,518
11/07/2019,TYS,TN,ASO,ES,Combined TRACON& Tower with Radar,82,84,127,15,308,0,0,12,0,12,82,84,139,15,320,0,0,0,320
11/08/2019,TYS,TN,ASO,ES,Combined TRACON& Tower with Radar,81,85,123,17,306,0,0,44,6,50,81,85,167,23,356,24,10,34,390
11/09/2019,TYS,TN,ASO,ES,Combined TRACON& Tower with Radar,64,62,56,4,186,0,0,58,1,59,64,62,114,5,245,0,0,0,245
11/10/2019,TYS,TN,ASO,ES,Combined TRACON& Tower with Radar,74,75,54,0,203,0,0,38,0,38,74,75,92,0,241,0,0,0,241
11/11/2019,TYS,TN,ASO,ES,Combined TRACON& Tower with Radar,73,59,72,0,204,0,0,48,0,48,73,59,120,0,252,48,0,48,300
11/12/2019,TYS,TN,ASO,ES,Combined TRACON& Tower with Radar,77,75,58,8,218,0,0,10,0,10,77,75,68,8,228,0,0,0,228
11/13/2019,TYS,TN,ASO,ES,Combined TRACON& Tower with Radar,73,76,82,22,253,0,8,45,1,54,73,84,127,23,307,52,10,62,369
11/14/2019,TYS,TN,ASO,ES,Combined TRACON& Tower with Radar,90,77,99,24,290,0,5,49,21,75,90,82,148,45,365,108,36,144,509
11/15/2019,TYS,TN,ASO,ES,Combined TRACON& Tower with Radar,87,83,82,37,289,0,1,42,6,49,87,84,124,43,338,34,26,60,398
11/16/2019,TYS,TN,ASO,ES,Combined TRACON& Tower with Radar,60,62,62,2,186,0,0,38,3,41,60,62,100,5,227,0,0,0,227
11/17/2019,TYS,TN,ASO,ES,Combined TRACON& Tower with Radar,71,74,59,10,214,0,2,21,0,23,71,76,80,10,237,12,0,12,249
11/18/2019,TYS,TN,ASO,ES,Combined TRACON& Tower with Radar,82,88,68,6,244,0,0,31,1,32,82,88,99,7,276,50,0,50,326
11/19/2019,TYS,TN,ASO,ES,Combined TRACON& Tower with Radar,80,92,79,34,285,0,0,39,11,50,80,92,118,45,335,16,18,34,369
11/20/2019,TYS,TN,ASO,ES,Combined TRACON& Tower with Radar,73,86,99,39,297,0,0,63,9,72,73,86,162,48,369,94,62,156,525
11/21/2019,TYS,TN,ASO,ES,Combined TRACON& Tower with Radar,92,87,106,52,337,0,0,71,15,86,92,87,177,67,423,54,26,80,503
11/22/2019,TYS,TN,ASO,ES,Combined TRACON& Tower with Radar,81,85,107,18,291,0,0,4,0,4,81,85,111,18,295,18,12,30,325
11/23/2019,TYS,TN,ASO,ES,Combined TRACON& Tower with Radar,81,54,40,14,189,0,0,2,0,2,81,54,42,14,191,0,0,0,191
11/24/2019,TYS,TN,ASO,ES,Combined TRACON& Tower with Radar,76,88,71,0,235,0,0,20,0,20,76,88,91,0,255,26,0,26,281
11/25/2019,TYS,TN,ASO,ES,Combined TRACON& Tower with Radar,72,73,70,15,230,0,2,48,1,51,72,75,118,16,281,126,16,142,423
11/26/2019,TYS,TN,ASO,ES,Combined TRACON& Tower with Radar,88,85,91,24,288,0,2,55,4,61,88,87,146,28,349,118,14,132,481
11/27/2019,TYS,TN,ASO,ES,Combined TRACON& Tower with Radar,84,75,61,3,223,0,0,15,0,15,84,75,76,3,238,32,0,32,270
11/28/2019,TYS,TN,ASO,ES,Combined TRACON& Tower with Radar,47,37,23,0,107,0,0,24,0,24,47,37,47,0,131,0,0,0,131
11/29/2019,TYS,TN,ASO,ES,Combined TRACON& Tower with Radar,48,52,56,0,156,0,0,27,0,27,48,52,83,0,183,40,0,40,223
11/30/2019,TYS,TN,ASO,ES,Combined TRACON& Tower with Radar,70,91,62,0,223,0,0,0,0,0,70,91,62,0,223,0,0,0,223
12/01/2019,TYS,TN,ASO,ES,Combined TRACON& Tower with Radar,83,108,62,0,253,0,0,11,0,11,83,108,73,0,264,8,0,8,272
12/02/2019,TYS,TN,ASO,ES,Combined TRACON& Tower with Radar,76,81,65,1,223,0,0,12,6,18,76,81,77,7,241,0,0,0,241
12/03/2019,TYS,TN,ASO,ES,Combined TRACON& Tower with Radar,71,81,91,46,289,0,0,27,12,39,71,81,118,58,328,70,8,78,406
12/04/2019,TYS,TN,ASO,ES,Combined TRACON& Tower with Radar,71,74,82,70,297,0,0,43,12,55,71,74,125,82,352,86,84,170,522
12/05/2019,TYS,TN,ASO,ES,Combined TRACON& Tower with Radar,93,64,90,26,273,0,2,55,5,62,93,66,145,31,335,116,58,174,509
12/06/2019,TYS,TN,ASO,ES,Combined TRACON& Tower with Radar,85,73,74,16,248,0,0,51,0,51,85,73,125,16,299,66,4,70,369
12/07/2019,TYS,TN,ASO,ES,Combined TRACON& Tower with Radar,57,50,54,4,165,0,1,35,3,39,57,51,89,7,204,0,6,6,210
12/08/2019,TYS,TN,ASO,ES,Combined TRACON& Tower with Radar,77,66,41,4,188,0,0,28,1,29,77,66,69,5,217,4,4,8,225
12/09/2019,TYS,TN,ASO,ES,Combined TRACON& Tower with Radar,69,60,63,2,194,0,0,15,6,21,69,60,78,8,215,2,4,6,221
12/10/2019,TYS,TN,ASO,ES,Combined TRACON& Tower with Radar,71,83,74,20,248,0,0,0,0,0,71,83,74,20,248,0,0,0,248
12/11/2019,TYS,TN,ASO,ES,Combined TRACON& Tower with Radar,75,81,98,70,324,0,0,68,2,70,75,81,166,72,394,158,68,226,620
12/12/2019,TYS,TN,ASO,ES,Combined TRACON& Tower with Radar,91,81,115,30,317,0,0,74,8,82,91,81,189,38,399,112,38,150,549
12/13/2019,TYS,TN,ASO,ES,Combined TRACON& Tower with Radar,86,83,111,22,302,0,0,4,0,4,86,83,115,22,306,0,0,0,306
12/14/2019,TYS,TN,ASO,ES,Combined TRACON& Tower with Radar,58,51,59,1,169,0,0,10,4,14,58,51,69,5,183,12,0,12,195
12/15/2019,TYS,TN,ASO,ES,Combined TRACON& Tower with Radar,77,63,59,0,199,0,0,38,4,42,77,63,97,4,241,28,6,34,275
12/16/2019,TYS,TN,ASO,ES,Combined TRACON& Tower with Radar,79,69,70,2,220,0,0,40,0,40,79,69,110,2,260,38,4,42,302
12/17/2019,TYS,TN,ASO,ES,Combined TRACON& Tower with Radar,64,80,97,30,271,0,0,3,0,3,64,80,100,30,274,0,6,6,280
12/18/2019,TYS,TN,ASO,ES,Combined TRACON& Tower with Radar,80,60,106,44,290,0,2,84,7,93,80,62,190,51,383,45,26,71,454
12/19/2019,TYS,TN,ASO,ES,Combined TRACON& Tower with Radar,84,64,88,15,251,0,2,47,7,56,84,66,135,22,307,66,34,100,407
12/20/2019,TYS,TN,ASO,ES,Combined TRACON& Tower with Radar,87,65,66,0,218,0,2,69,0,71,87,67,135,0,289,76,0,76,365
12/21/2019,TYS,TN,ASO,ES,Combined TRACON& Tower with Radar,63,57,39,4,163,0,0,24,0,24,63,57,63,4,187,46,0,46,233
12/22/2019,TYS,TN,ASO,ES,Combined TRACON& Tower with Radar,73,58,35,0,166,0,0,6,0,6,73,58,41,0,172,0,0,0,172
12/23/2019,TYS,TN,ASO,ES,Combined TRACON& Tower with Radar,60,56,50,17,183,0,0,17,0,17,60,56,67,17,200,26,14,40,240
12/24/2019,TYS,TN,ASO,ES,Combined TRACON& Tower with Radar,57,41,29,0,127,0,0,19,0,19,57,41,48,0,146,0,2,2,148
12/25/2019,TYS,TN,ASO,ES,Combined TRACON& Tower with Radar,45,41,10,0,96,0,1,6,0,7,45,42,16,0,103,10,0,10,113
12/26/2019,TYS,TN,ASO,ES,Combined TRACON& Tower with Radar,72,78,48,0,198,0,1,49,0,50,72,79,97,0,248,28,0,28,276
12/27/2019,TYS,TN,ASO,ES,Combined TRACON& Tower with Radar,74,61,73,19,227,0,1,40,0,41,74,62,113,19,268,88,20,108,376
12/28/2019,TYS,TN,ASO,ES,Combined TRACON& Tower with Radar,70,62,42,0,174,0,0,40,0,40,70,62,82,0,214,70,0,70,284
12/29/2019,TYS,TN,ASO,ES,Combined TRACON& Tower with Radar,67,62,34,0,163,0,0,10,0,10,67,62,44,0,173,24,0,24,197
12/30/2019,TYS,TN,ASO,ES,Combined TRACON& Tower with Radar,70,72,62,6,210,0,0,48,0,48,70,72,110,6,258,54,0,54,312
12/31/2019,TYS,TN,ASO,ES,Combined TRACON& Tower with Radar,66,48,45,0,159,0,0,36,0,36,66,48,81,0,195,0,0,0,195
01/01/2020,TYS,TN,ASO,ES,Combined TRACON& Tower with Radar,48,52,38,0,138,0,0,41,0,41,48,52,79,0,179,0,0,0,179
01/02/2020,TYS,TN,ASO,ES,Combined TRACON& Tower with Radar,74,69,55,11,209,0,0,0,0,0,74,69,55,11,209,0,0,0,209
01/03/2020,TYS,TN,ASO,ES,Combined TRACON& Tower with Radar,76,59,65,0,200,0,0,0,0,0,76,59,65,0,200,0,0,0,200
01/04/2020,TYS,TN,ASO,ES,Combined TRACON& Tower with Radar,64,52,42,0,158,0,0,1,1,2,64,52,43,1,160,0,0,0,160
01/05/2020,TYS,TN,ASO,ES,Combined TRACON& Tower with Radar,77,56,51,2,186,0,2,29,0,31,77,58,80,2,217,28,0,28,245
01/06/2020,TYS,TN,ASO,ES,Combined TRACON& Tower with Radar,80,49,46,10,185,0,0,31,0,31,80,49,77,10,216,0,0,0,216
01/07/2020,TYS,TN,ASO,ES,Combined TRACON& Tower with Radar,72,56,49,3,180,0,1,38,10,49,72,57,87,13,229,78,40,118,347
01/08/2020,TYS,TN,ASO,ES,Combined TRACON& Tower with Radar,74,48,58,49,229,0,3,43,12,58,74,51,101,61,287,40,44,84,371
01/09/2020,TYS,TN,ASO,ES,Combined TRACON& Tower with Radar,89,60,66,43,258,0,0,50,13,63,89,60,116,56,321,96,24,120,441
01/10/2020,TYS,TN,ASO,ES,Combined TRACON& Tower with Radar,89,57,65,21,232,0,0,28,12,40,89,57,93,33,272,18,24,42,314
01/11/2020,TYS,TN,ASO,ES,Combined TRACON& Tower with Radar,49,37,19,4,109,0,0,1,4,5,49,37,20,8,114,0,0,0,114
01/12/2020,TYS,TN,ASO,ES,Combined TRACON& Tower with Radar,78,48,37,2,165,1,2,42,4,49,79,50,79,6,214,20,0,20,234
01/13/2020,TYS,TN,ASO,ES,Combined TRACON& Tower with Radar,82,70,49,18,219,0,1,56,0,57,82,71,105,18,276,36,64,100,376
01/14/2020,TYS,TN,ASO,ES,Combined TRACON& Tower with Radar,73,50,47,23,193,0,0,0,11,11,73,50,47,34,204,36,58,94,298
01/15/2020,TYS,TN,ASO,ES,Combined TRACON& Tower with Radar,75,49,82,9,215,0,0,9,0,9,75,49,91,9,224,0,0,0,224
01/16/2020,TYS,TN,ASO,ES,Combined TRACON& Tower with Radar,88,56,70,45,259,0,0,67,9,76,88,56,137,54,335,76,12,88,423
01/17/2020,TYS,TN,ASO,ES,Combined TRACON& Tower with Radar,82,63,59,30,234,0,1,41,6,48,82,64,100,36,282,52,14,66,348
01/18/2020,TYS,TN,ASO,ES,Combined TRACON& Tower with Radar,54,43,24,0,121,0,0,0,0,0,54,43,24,0,121,0,0,0,121
01/19/2020,TYS,TN,ASO,ES,Combined TRACON& Tower with Radar,78,42,31,11,162,0,0,31,7,38,78,42,62,18,200,14,14,28,228
01/20/2020,TYS,TN,ASO,ES,Combined TRACON& Tower with Radar,79,54,49,3,185,0,0,13,0,13,79,54,62,3,198,10,0,10,208
01/21/2020,TYS,TN,ASO,ES,Combined TRACON& Tower with Radar,62,66,83,79,290,0,0,35,7,42,62,66,118,86,332,70,88,158,490
01/22/2020,TYS,TN,ASO,ES,Combined TRACON& Tower with Radar,68,57,58,24,207,0,5,43,7,55,68,62,101,31,262,64,100,164,426
01/23/2020,TYS,TN,ASO,ES,Combined TRACON& Tower with Radar,87,49,95,51,282,0,0,36,4,40,87,49,131,55,322,36,54,90,412
01/24/2020,TYS,TN,ASO,ES,Combined TRACON& Tower with Radar,86,54,47,3,190,0,0,2,0,2,86,54,49,3,192,6,0,6,198
01/25/2020,TYS,TN,ASO,ES,Combined TRACON& Tower with Radar,58,46,35,11,150,0,0,15,0,15,58,46,50,11,165,54,10,64,229
01/26/2020,TYS,TN,ASO,ES,Combined TRACON& Tower with Radar,82,58,21,3,164,0,0,24,0,24,82,58,45,3,188,26,0,26,214
01/27/2020,TYS,TN,ASO,ES,Combined TRACON& Tower with Radar,77,66,64,7,214,0,0,5,0,5,77,66,69,7,219,0,0,0,219
01/28/2020,TYS,TN,ASO,ES,Combined TRACON& Tower with Radar,65,67,79,46,257,0,0,54,10,64,65,67,133,56,321,112,36,148,469
01/29/2020,TYS,TN,ASO,ES,Combined TRACON& Tower with Radar,69,59,71,29,228,0,0,45,3,48,69,59,116,32,276,24,24,48,324
01/30/2020,TYS,TN,ASO,ES,Combined TRACON& Tower with Radar,85,65,95,36,281,0,0,42,3,45,85,65,137,39,326,94,62,156,482
01/31/2020,TYS,TN,ASO,ES,Combined TRACON& Tower with Radar,86,70,71,55,282,0,1,17,3,21,86,71,88,58,303,16,62,78,381
02/01/2020,TYS,TN,ASO,ES,Combined TRACON& Tower with Radar,56,45,32,0,133,0,0,0,0,0,56,45,32,0,133,0,0,0,133
02/02/2020,TYS,TN,ASO,ES,Combined TRACON& Tower with Radar,79,43,22,11,155,0,4,44,1,49,79,47,66,12,204,22,0,22,226
02/03/2020,TYS,TN,ASO,ES,Combined TRACON& Tower with Radar,78,56,58,5,197,0,4,81,0,85,78,60,139,5,282,62,0,62,344
02/04/2020,TYS,TN,ASO,ES,Combined TRACON& Tower with Radar,70,63,85,40,258,0,0,4,1,5,70,63,89,41,263,6,56,62,325
02/05/2020,TYS,TN,ASO,ES,Combined TRACON& Tower with Radar,73,55,52,0,180,0,0,0,0,0,73,55,52,0,180,0,0,0,180
02/06/2020,TYS,TN,ASO,ES,Combined TRACON& Tower with Radar,94,58,52,18,222,0,0,0,0,0,94,58,52,18,222,0,0,0,222
02/07/2020,TYS,TN,ASO,ES,Combined TRACON& Tower with Radar,85,54,63,4,206,0,0,15,6,21,85,54,78,10,227,18,18,36,263
02/08/2020,TYS,TN,ASO,ES,Combined TRACON& Tower with Radar,69,58,32,0,159,0,0,2,0,2,69,58,34,0,161,0,0,0,161
02/09/2020,TYS,TN,ASO,ES,Combined TRACON& Tower with Radar,79,43,22,11,155,0,4,44,1,49,79,47,66,12,204,0,0,0,204
02/10/2020,TYS,TN,ASO,ES,Combined TRACON& Tower with Radar,78,56,58,5,197,0,4,81,0,85,78,60,139,5,282,16,6,22,304
02/11/2020,TYS,TN,ASO,ES,Combined TRACON& Tower with Radar,57,46,50,0,153,0,0,0,2,2,57,46,50,2,155,0,14,14,169
02/12/2020,TYS,TN,ASO,ES,Combined TRACON& Tower with Radar,83,60,74,22,239,0,0,5,0,5,83,60,79,22,244,32,16,48,292
02/13/2020,TYS,TN,ASO,ES,Combined TRACON& Tower with Radar,83,65,65,12,225,0,0,11,8,19,83,65,76,20,244,92,10,102,346
02/14/2020,TYS,TN,ASO,ES,Combined TRACON& Tower with Radar,87,81,76,22,266,0,0,83,3,86,87,81,159,25,352,132,26,158,510
02/15/2020,TYS,TN,ASO,ES,Combined TRACON& Tower with Radar,54,36,51,0,141,0,0,60,0,60,54,36,111,0,201,30,0,30,231
02/16/2020,TYS,TN,ASO,ES,Combined TRACON& Tower with Radar,65,60,34,4,163,0,0,26,0,26,65,60,60,4,189,12,0,12,201
02/17/2020,TYS,TN,ASO,ES,Combined TRACON& Tower with Radar,77,58,76,12,223,0,0,78,0,78,77,58,154,12,301,140,0,140,441
02/18/2020,TYS,TN,ASO,ES,Combined TRACON& Tower with Radar,72,63,80,21,236,0,0,0,0,0,72,63,80,21,236,0,0,0,236
02/19/2020,TYS,TN,ASO,ES,Combined TRACON& Tower with Radar,76,67,85,9,237,0,1,39,2,42,76,68,124,11,279,24,22,46,325
02/20/2020,TYS,TN,ASO,ES,Combined TRACON& Tower with Radar,90,81,64,13,248,0,0,3,0,3,90,81,67,13,251,0,12,12,263
02/21/2020,TYS,TN,ASO,ES,Combined TRACON& Tower with Radar,86,67,66,33,252,0,7,76,9,92,86,74,142,42,344,74,28,102,446
02/22/2020,TYS,TN,ASO,ES,Combined TRACON& Tower with Radar,62,41,40,4,147,0,0,79,2,81,62,41,119,6,228,84,18,102,330
02/23/2020,TYS,TN,ASO,ES,Combined TRACON& Tower with Radar,71,76,41,5,193,0,0,31,3,34,71,76,72,8,227,8,0,8,235
02/24/2020,TYS,TN,ASO,ES,Combined TRACON& Tower with Radar,83,69,63,0,215,0,0,2,0,2,83,69,65,0,217,0,0,0,217
02/25/2020,TYS,TN,ASO,ES,Combined TRACON& Tower with Radar,73,70,90,44,277,0,2,29,11,42,73,72,119,55,319,120,48,168,487
02/26/2020,TYS,TN,ASO,ES,Combined TRACON& Tower with Radar,93,69,70,32,264,0,0,9,2,11,93,69,79,34,275,4,38,42,317
02/27/2020,TYS,TN,ASO,ES,Combined TRACON& Tower with Radar,88,67,83,37,275,0,1,51,6,58,88,68,134,43,333,50,44,94,427
02/28/2020,TYS,TN,ASO,ES,Combined TRACON& Tower with Radar,85,82,87,18,272,0,0,15,0,15,85,82,102,18,287,0,32,32,319
02/29/2020,TYS,TN,ASO,ES,Combined TRACON& Tower with Radar,65,44,28,10,147,0,0,54,2,56,65,44,82,12,203,0,34,34,237
03/01/2020,TYS,TN,ASO,ES,Combined TRACON& Tower with Radar,80,61,50,8,199,0,2,49,0,51,80,63,99,8,250,4,0,4,254
03/02/2020,TYS,TN,ASO,ES,Combined TRACON& Tower with Radar,79,54,79,2,214,0,0,0,0,0,79,54,79,2,214,16,0,16,230
03/03/2020,TYS,TN,ASO,ES,Combined TRACON& Tower with Radar,76,68,60,14,218,0,0,22,0,22,76,68,82,14,240,24,0,24,264
03/04/2020,TYS,TN,ASO,ES,Combined TRACON& Tower with Radar,80,58,73,44,255,0,2,80,2,84,80,60,153,46,339,86,64,150,489
03/05/2020,TYS,TN,ASO,ES,Combined TRACON& Tower with Radar,85,70,94,34,283,0,0,57,24,81,85,70,151,58,364,96,120,216,580
03/06/2020,TYS,TN,ASO,ES,Combined TRACON& Tower with Radar,81,64,80,51,276,0,2,26,6,34,81,66,106,57,310,32,0,32,342
03/07/2020,TYS,TN,ASO,ES,Combined TRACON& Tower with Radar,55,45,44,15,159,0,2,53,2,57,55,47,97,17,216,16,20,36,252
03/08/2020,TYS,TN,ASO,ES,Combined TRACON& Tower with Radar,77,64,36,18,195,0,0,55,4,59,77,64,91,22,254,18,22,40,294
03/09/2020,TYS,TN,ASO,ES,Combined TRACON& Tower with Radar,76,60,63,6,205,0,0,63,2,65,76,60,126,8,270,190,6,196,466
03/10/2020,TYS,TN,ASO,ES,Combined TRACON& Tower with Radar,81,73,72,30,256,0,0,6,2,8,81,73,78,32,264,0,136,136,400
03/11/2020,TYS,TN,ASO,ES,Combined TRACON& Tower with Radar,80,62,96,38,276,0,0,30,2,32,80,62,126,40,308,124,52,176,484
03/12/2020,TYS,TN,ASO,ES,Combined TRACON& Tower with Radar,84,74,80,12,250,0,0,25,4,29,84,74,105,16,279,112,0,112,391
03/13/2020,TYS,TN,ASO,ES,Combined TRACON& Tower with Radar,83,81,85,24,273,0,0,32,0,32,83,81,117,24,305,110,46,156,461
03/14/2020,TYS,TN,ASO,ES,Combined TRACON& Tower with Radar,58,50,44,0,152,0,0,28,0,28,58,50,72,0,180,24,0,24,204
03/15/2020,TYS,TN,ASO,ES,Combined TRACON& Tower with Radar,75,56,57,0,188,0,0,0,0,0,75,56,57,0,188,0,0,0,188
03/16/2020,TYS,TN,ASO,ES,Combined TRACON& Tower with Radar,81,72,78,39,270,0,0,10,0,10,81,72,88,39,280,32,0,32,312
03/17/2020,TYS,TN,ASO,ES,Combined TRACON& Tower with Radar,82,66,78,14,240,0,0,2,0,2,82,66,80,14,242,16,0,16,258
03/18/2020,TYS,TN,ASO,ES,Combined TRACON& Tower with Radar,82,64,70,31,247,0,0,24,11,35,82,64,94,42,282,124,28,152,434
03/19/2020,TYS,TN,ASO,ES,Combined TRACON& Tower with Radar,79,61,54,18,212,0,0,52,3,55,79,61,106,21,267,132,10,142,409
03/20/2020,TYS,TN,ASO,ES,Combined TRACON& Tower with Radar,80,65,37,12,194,0,0,5,5,10,80,65,42,17,204,0,40,40,244
03/21/2020,TYS,TN,ASO,ES,Combined TRACON& Tower with Radar,53,45,55,0,153,0,0,8,0,8,53,45,63,0,161,20,0,20,181
03/22/2020,TYS,TN,ASO,ES,Combined TRACON& Tower with Radar,63,48,33,0,144,0,1,15,0,16,63,49,48,0,160,20,0,20,180
03/23/2020,TYS,TN,ASO,ES,Combined TRACON& Tower with Radar,61,38,22,0,121,0,0,0,0,0,61,38,22,0,121,0,0,0,121
03/24/2020,TYS,TN,ASO,ES,Combined TRACON& Tower with Radar,56,48,31,9,144,0,0,7,0,7,56,48,38,9,151,0,0,0,151
03/25/2020,TYS,TN,ASO,ES,Combined TRACON& Tower with Radar,46,35,56,24,161,0,2,38,11,51,46,37,94,35,212,42,52,94,306
03/26/2020,TYS,TN,ASO,ES,Combined TRACON& Tower with Radar,47,37,45,43,172,0,1,61,1,63,47,38,106,44,235,46,44,90,325
03/27/2020,TYS,TN,ASO,ES,Combined TRACON& Tower with Radar,34,34,44,17,129,0,0,28,1,29,34,34,72,18,158,12,14,26,184
03/28/2020,TYS,TN,ASO,ES,Combined TRACON& Tower with Radar,25,33,19,0,77,0,0,10,0,10,25,33,29,0,87,8,0,8,95
03/29/2020,TYS,TN,ASO,ES,Combined TRACON& Tower with Radar,38,41,17,0,96,0,0,7,0,7,38,41,24,0,103,0,0,0,103
03/30/2020,TYS,TN,ASO,ES,Combined TRACON& Tower with Radar,40,35,37,1,113,0,0,35,0,35,40,35,72,1,148,2,0,2,150
03/31/2020,TYS,TN,ASO,ES,Combined TRACON& Tower with Radar,49,28,43,19,139,0,0,1,0,1,49,28,44,19,140,0,0,0,140
04/01/2020,TYS,TN,ASO,ES,Combined TRACON& Tower with Radar,56,39,28,23,146,0,0,6,1,7,56,39,34,24,153,10,34,44,197
04/02/2020,TYS,TN,ASO,ES,Combined TRACON& Tower with Radar,44,32,35,15,126,0,0,51,0,51,44,32,86,15,177,56,8,64,241
04/03/2020,TYS,TN,ASO,ES,Combined TRACON& Tower with Radar,46,29,35,1,111,0,0,43,2,45,46,29,78,3,156,0,0,0,156
04/04/2020,TYS,TN,ASO,ES,Combined TRACON& Tower with Radar,24,21,15,19,79,0,0,30,0,30,24,21,45,19,109,14,10,24,133
04/05/2020,TYS,TN,ASO,ES,Combined TRACON& Tower with Radar,36,22,19,0,77,0,0,18,0,18,36,22,37,0,95,48,0,48,143
04/06/2020,TYS,TN,ASO,ES,Combined TRACON& Tower with Radar,34,23,29,0,86,0,0,40,0,40,34,23,69,0,126,16,0,16,142
04/07/2020,TYS,TN,ASO,ES,Combined TRACON& Tower with Radar,41,19,25,16,101,0,0,14,23,37,41,19,39,39,138,0,86,86,224
04/08/2020,TYS,TN,ASO,ES,Combined TRACON& Tower with Radar,38,16,38,36,128,0,0,9,0,9,38,16,47,36,137,8,22,30,167
04/09/2020,TYS,TN,ASO,ES,Combined TRACON& Tower with Radar,42,19,27,3,91,0,0,36,10,46,42,19,63,13,137,0,6,6,143
04/10/2020,TYS,TN,ASO,ES,Combined TRACON& Tower with Radar,46,23,38,4,111,0,0,30,2,32,46,23,68,6,143,12,0,12,155
04/11/2020,TYS,TN,ASO,ES,Combined TRACON& Tower with Radar,27,19,24,0,70,0,0,51,0,51,27,19,75,0,121,12,0,12,133
04/12/2020,TYS,TN,ASO,ES,Combined TRACON& Tower with Radar,25,17,0,0,42,0,0,1,0,1,25,17,1,0,43,0,0,0,43
04/13/2020,TYS,TN,ASO,ES,Combined TRACON& Tower with Radar,26,18,36,0,80,0,0,9,0,9,26,18,45,0,89,0,0,0,89
04/14/2020,TYS,TN,ASO,ES,Combined TRACON& Tower with Radar,33,20,28,16,97,0,0,24,2,26,33,20,52,18,123,20,16,36,159
04/15/2020,TYS,TN,ASO,ES,Combined TRACON& Tower with Radar,29,13,41,24,107,0,0,50,1,51,29,13,91,25,158,126,22,148,306
04/16/2020,TYS,TN,ASO,ES,Combined TRACON& Tower with Radar,31,20,45,10,106,0,0,33,2,35,31,20,78,12,141,26,12,38,179
04/17/2020,TYS,TN,ASO,ES,Combined TRACON& Tower with Radar,30,11,35,14,90,0,1,26,1,28,30,12,61,15,118,10,0,10,128
04/18/2020,TYS,TN,ASO,ES,Combined TRACON& Tower with Radar,17,13,33,24,87,0,1,15,0,16,17,14,48,24,103,32,0,32,135
04/19/2020,TYS,TN,ASO,ES,Combined TRACON& Tower with Radar,22,13,20,0,55,0,0,11,0,11,22,13,31,0,66,0,0,0,66
04/20/2020,TYS,TN,ASO,ES,Combined TRACON& Tower with Radar,23,11,32,2,68,0,0,12,0,12,23,11,44,2,80,32,0,32,112
04/21/2020,TYS,TN,ASO,ES,Combined TRACON& Tower with Radar,29,14,45,14,102,0,0,23,2,25,29,14,68,16,127,32,12,44,171
04/22/2020,TYS,TN,ASO,ES,Combined TRACON& Tower with Radar,27,10,63,29,129,0,0,62,0,62,27,10,125,29,191,76,70,146,337
04/23/2020,TYS,TN,ASO,ES,Combined TRACON& Tower with Radar,24,13,30,8,75,0,0,6,6,12,24,13,36,14,87,2,38,40,127
04/24/2020,TYS,TN,ASO,ES,Combined TRACON& Tower with Radar,26,13,55,34,128,0,0,38,4,42,26,13,93,38,170,82,22,104,274
04/25/2020,TYS,TN,ASO,ES,Combined TRACON& Tower with Radar,19,13,16,0,48,0,0,6,0,6,19,13,22,0,54,0,0,0,54
04/26/2020,TYS,TN,ASO,ES,Combined TRACON& Tower with Radar,21,9,25,0,55,0,0,1,0,1,21,9,26,0,56,4,0,4,60
04/27/2020,TYS,TN,ASO,ES,Combined TRACON& Tower with Radar,20,11,43,29,103,0,1,71,0,72,20,12,114,29,175,72,20,92,267
04/28/2020,TYS,TN,ASO,ES,Combined TRACON& Tower with Radar,22,14,53,29,118,0,0,57,0,57,22,14,110,29,175,64,18,82,257
04/29/2020,TYS,TN,ASO,ES,Combined TRACON& Tower with Radar,26,15,34,6,81,0,0,5,0,5,26,15,39,6,86,0,6,6,92
04/30/2020,TYS,TN,ASO,ES,Combined TRACON& Tower with Radar,34,13,31,16,94,0,1,7,12,20,34,14,38,28,114,4,28,32,146
05/01/2020,TYS,TN,ASO,ES,Combined TRACON& Tower with Radar,30,17,31,67,145,0,1,64,8,73,30,18,95,75,218,48,88,136,354
05/02/2020,TYS,TN,ASO,ES,Combined TRACON& Tower with Radar,20,14,17,2,53,0,2,50,8,60,20,16,67,10,113,62,0,62,175
05/03/2020,TYS,TN,ASO,ES,Combined TRACON& Tower with Radar,22,9,31,0,62,0,0,26,0,26,22,9,57,0,88,24,0,24,112
05/04/2020,TYS,TN,ASO,ES,Combined TRACON& Tower with Radar,25,23,45,3,96,0,0,28,2,30,25,23,73,5,126,36,0,36,162
05/05/2020,TYS,TN,ASO,ES,Combined TRACON& Tower with Radar,21,21,35,34,111,0,0,10,0,10,21,21,45,34,121,16,16,32,153
05/06/2020,TYS,TN,ASO,ES,Combined TRACON& Tower with Radar,28,15,37,33,113,0,0,12,0,12,28,15,49,33,125,0,14,14,139
05/07/2020,TYS,TN,ASO,ES,Combined TRACON& Tower with Radar,33,18,54,27,132,0,0,68,0,68,33,18,122,27,200,136,24,160,360
05/08/2020,TYS,TN,ASO,ES,Combined TRACON& Tower with Radar,34,26,49,20,129,0,0,4,0,4,34,26,53,20,133,0,26,26,159
05/09/2020,TYS,TN,ASO,ES,Combined TRACON& Tower with Radar,19,17,36,0,72,0,0,47,0,47,19,17,83,0,119,82,0,82,201
05/10/2020,TYS,TN,ASO,ES,Combined TRACON& Tower with Radar,28,18,25,1,72,0,0,20,0,20,28,18,45,1,92,26,0,26,118
05/11/2020,TYS,TN,ASO,ES,Combined TRACON& Tower with Radar,28,34,44,49,155,0,0,36,2,38,28,34,80,51,193,110,40,150,343
05/12/2020,TYS,TN,ASO,ES,Combined TRACON& Tower with Radar,25,14,75,17,131,0,0,76,8,84,25,14,151,25,215,134,24,158,373
05/13/2020,TYS,TN,ASO,ES,Combined TRACON& Tower with Radar,34,19,50,34,137,0,0,40,0,40,34,19,90,34,177,86,44,130,307
05/14/2020,TYS,TN,ASO,ES,Combined TRACON& Tower with Radar,35,28,65,31,159,0,0,55,9,64,35,28,120,40,223,58,28,86,309
05/15/2020,TYS,TN,ASO,ES,Combined TRACON& Tower with Radar,31,28,60,17,136,0,0,58,8,66,31,28,118,25,202,40,22,62,264
05/16/2020,TYS,TN,ASO,ES,Combined TRACON& Tower with Radar,20,22,37,7,86,0,0,60,6,66,20,22,97,13,152,64,6,70,222
05/17/2020,TYS,TN,ASO,ES,Combined TRACON& Tower with Radar,29,31,45,0,105,0,0,31,0,31,29,31,76,0,136,2,0,2,138
05/18/2020,TYS,TN,ASO,ES,Combined TRACON& Tower with Radar,26,20,49,8,103,0,0,14,8,22,26,20,63,16,125,18,8,26,151
05/19/2020,TYS,TN,ASO,ES,Combined TRACON& Tower with Radar,26,19,57,41,143,0,0,9,1,10,26,19,66,42,153,32,14,46,199
05/20/2020,TYS,TN,ASO,ES,Combined TRACON& Tower with Radar,34,23,64,37,158,0,0,16,0,16,34,23,80,37,174,56,18,74,248
05/21/2020,TYS,TN,ASO,ES,Combined TRACON& Tower with Radar,43,25,82,17,167,0,0,45,1,46,43,25,127,18,213,102,0,102,315
05/22/2020,TYS,TN,ASO,ES,Combined TRACON& Tower with Radar,43,26,57,6,132,0,0,21,0,21,43,26,78,6,153,52,0,52,205
05/23/2020,TYS,TN,ASO,ES,Combined TRACON& Tower with Radar,28,18,41,1,88,0,0,50,0,50,28,18,91,1,138,86,0,86,224
05/24/2020,TYS,TN,ASO,ES,Combined TRACON& Tower with Radar,30,18,30,1,79,0,0,18,0,18,30,18,48,1,97,34,0,34,131
05/25/2020,TYS,TN,ASO,ES,Combined TRACON& Tower with Radar,30,22,32,0,84,0,0,26,0,26,30,22,58,0,110,22,0,22,132
05/26/2020,TYS,TN,ASO,ES,Combined TRACON& Tower with Radar,21,18,58,34,131,0,0,37,2,39,21,18,95,36,170,84,14,98,268
05/27/2020,TYS,TN,ASO,ES,Combined TRACON& Tower with Radar,33,37,71,70,211,0,1,34,1,36,33,38,105,71,247,0,0,0,247
05/28/2020,TYS,TN,ASO,ES,Combined TRACON& Tower with Radar,38,33,81,29,181,0,0,21,9,30,38,33,102,38,211,56,6,62,273
05/29/2020,TYS,TN,ASO,ES,Combined TRACON& Tower with Radar,39,34,54,32,159,0,4,46,16,66,39,38,100,48,225,64,50,114,339
05/30/2020,TYS,TN,ASO,ES,Combined TRACON& Tower with Radar,27,15,38,11,91,0,0,33,2,35,27,15,71,13,126,26,16,42,168
05/31/2020,TYS,TN,ASO,ES,Combined TRACON& Tower with Radar,33,35,64,0,132,0,0,35,0,35,33,35,99,0,167,32,0,32,199
06/01/2020,TYS,TN,ASO,ES,Combined TRACON& Tower with Radar,34,20,62,22,138,0,0,65,4,69,34,20,127,26,207,36,6,42,249
06/02/2020,TYS,TN,ASO,ES,Combined TRACON& Tower with Radar,30,15,53,31,129,0,2,57,4,63,30,17,110,35,192,82,8,90,282
06/03/2020,TYS,TN,ASO,ES,Combined TRACON& Tower with Radar,34,23,81,51,189,0,0,62,0,62,34,23,143,51,251,38,18,56,307
06/04/2020,TYS,TN,ASO,ES,Combined TRACON& Tower with Radar,49,26,60,20,155,0,2,36,6,44,49,28,96,26,199,30,18,48,247
06/05/2020,TYS,TN,ASO,ES,Combined TRACON& Tower with Radar,41,39,64,13,157,0,0,17,0,17,41,39,81,13,174,54,2,56,230
06/06/2020,TYS,TN,ASO,ES,Combined TRACON& Tower with Radar,28,18,30,10,86,0,0,32,3,35,28,18,62,13,121,28,24,52,173
06/07/2020,TYS,TN,ASO,ES,Combined TRACON& Tower with Radar,45,17,45,0,107,0,4,29,0,33,45,21,74,0,140,102,72,174,314
06/08/2020,TYS,TN,ASO,ES,Combined TRACON& Tower with Radar,38,26,63,10,137,0,0,42,0,42,38,26,105,10,179,103,32,135,314
06/09/2020,TYS,TN,ASO,ES,Combined TRACON& Tower with Radar,32,24,52,18,126,0,0,39,2,41,32,24,91,20,167,72,14,86,253
06/10/2020,TYS,TN,ASO,ES,Combined TRACON& Tower with Radar,34,20,68,10,132,0,2,17,9,28,34,22,85,19,160,86,16,102,262
06/11/2020,TYS,TN,ASO,ES,Combined TRACON& Tower with Radar,54,30,100,41,225,0,2,61,19,82,54,32,161,60,307,164,32,196,503
06/12/2020,TYS,TN,ASO,ES,Combined TRACON& Tower with Radar,46,39,57,14,156,0,0,48,12,60,46,39,105,26,216,40,30,70,286
06/13/2020,TYS,TN,ASO,ES,Combined TRACON& Tower with Radar,34,24,43,6,107,0,0,66,0,66,34,24,109,6,173,70,0,70,243
06/14/2020,TYS,TN,ASO,ES,Combined TRACON& Tower with Radar,46,26,52,0,124,1,0,34,0,35,47,26,86,0,159,12,0,12,171
06/15/2020,TYS,TN,ASO,ES,Combined TRACON& Tower with Radar,36,20,58,0,114,0,0,47,2,49,36,20,105,2,163,42,0,42,205
06/16/2020,TYS,TN,ASO,ES,Combined TRACON& Tower with Radar,30,29,83,23,165,0,2,58,0,60,30,31,141,23,225,102,16,118,343
06/17/2020,TYS,TN,ASO,ES,Combined TRACON& Tower with Radar,32,22,100,45,199,0,1,33,0,34,32,23,133,45,233,46,26,72,305
06/18/2020,TYS,TN,ASO,ES,Combined TRACON& Tower with Radar,51,33,73,26,183,0,0,23,6,29,51,33,96,32,212,30,28,58,270
06/19/2020,TYS,TN,ASO,ES,Combined TRACON& Tower with Radar,42,35,75,4,156,0,1,26,17,44,42,36,101,21,200,40,4,44,244
06/20/2020,TYS,TN,ASO,ES,Combined TRACON& Tower with Radar,35,18,43,0,96,0,0,44,0,44,35,18,87,0,140,24,0,24,164
06/21/2020,TYS,TN,ASO,ES,Combined TRACON& Tower with Radar,41,35,61,0,137,0,0,25,0,25,41,35,86,0,162,0,0,0,162
06/22/2020,TYS,TN,ASO,ES,Combined TRACON& Tower with Radar,46,23,73,11,153,0,0,25,0,25,46,23,98,11,178,14,8,22,200
06/23/2020,TYS,TN,ASO,ES,Combined TRACON& Tower with Radar,31,24,63,35,153,0,0,25,0,25,31,24,88,35,178,64,12,76,254
06/24/2020,TYS,TN,ASO,ES,Combined TRACON& Tower with Radar,34,29,71,27,161,0,2,57,6,65,34,31,128,33,226,96,30,126,352
06/25/2020,TYS,TN,ASO,ES,Combined TRACON& Tower with Radar,50,34,93,41,218,0,0,43,18,61,50,34,136,59,279,30,34,64,343
06/26/2020,TYS,TN,ASO,ES,Combined TRACON& Tower with Radar,45,40,94,28,207,0,0,33,14,47,45,40,127,42,254,20,32,52,306
06/27/2020,TYS,TN,ASO,ES,Combined TRACON& Tower with Radar,36,19,48,2,105,0,0,11,4,15,36,19,59,6,120,40,24,64,184
06/28/2020,TYS,TN,ASO,ES,Combined TRACON& Tower with Radar,43,22,55,0,120,0,1,6,0,7,43,23,61,0,127,0,0,0,127
06/29/2020,TYS,TN,ASO,ES,Combined TRACON& Tower with Radar,37,29,62,3,131,0,0,25,2,27,37,29,87,5,158,24,0,24,182
06/30/2020,TYS,TN,ASO,ES,Combined TRACON& Tower with Radar,31,26,62,19,138,0,0,43,3,46,31,26,105,22,184,44,20,64,248
07/01/2020,TYS,TN,ASO,ES,Combined TRACON& Tower with Radar,42,29,65,39,175,0,1,12,2,15,42,30,77,41,190,20,28,48,238
07/02/2020,TYS,TN,ASO,ES,Combined TRACON& Tower with Radar,53,37,73,32,195,0,4,26,11,41,53,41,99,43,236,100,16,116,352
07/03/2020,TYS,TN,ASO,ES,Combined TRACON& Tower with Radar,44,31,44,0,119,0,1,47,0,48,44,32,91,0,167,38,0,38,205
07/04/2020,TYS,TN,ASO,ES,Combined TRACON& Tower with Radar,33,16,19,2,70,0,0,20,2,22,33,16,39,4,92,10,6,16,108
07/05/2020,TYS,TN,ASO,ES,Combined TRACON& Tower with Radar,43,28,46,0,117,0,0,8,0,8,43,28,54,0,125,0,0,0,125
07/06/2020,TYS,TN,ASO,ES,Combined TRACON& Tower with Radar,37,31,65,4,137,0,2,50,4,56,37,33,115,8,193,32,0,32,225
07/07/2020,TYS,TN,ASO,ES,Combined TRACON& Tower with Radar,33,42,69,77,221,0,3,49,0,52,33,45,118,77,273,54,80,134,407
07/08/2020,TYS,TN,ASO,ES,Combined TRACON& Tower with Radar,42,51,72,42,207,0,0,47,3,50,42,51,119,45,257,76,24,100,357
07/09/2020,TYS,TN,ASO,ES,Combined TRACON& Tower with Radar,52,45,66,41,204,0,2,28,9,39,52,47,94,50,243,76,32,108,351
07/10/2020,TYS,TN,ASO,ES,Combined TRACON& Tower with Radar,49,56,69,23,197,0,0,67,1,68,49,56,136,24,265,76,14,90,355
07/11/2020,TYS,TN,ASO,ES,Combined TRACON& Tower with Radar,42,38,50,2,132,0,2,63,9,74,42,40,113,11,206,76,0,76,282
07/12/2020,TYS,TN,ASO,ES,Combined TRACON& Tower with Radar,51,39,50,2,142,0,2,15,4,21,51,41,65,6,163,30,0,30,193
07/13/2020,TYS,TN,ASO,ES,Combined TRACON& Tower with Radar,41,39,53,0,133,0,0,61,1,62,41,39,114,1,195,94,2,96,291
07/14/2020,TYS,TN,ASO,ES,Combined TRACON& Tower with Radar,31,45,56,39,171,0,2,68,4,74,31,47,124,43,245,106,44,150,395
07/15/2020,TYS,TN,ASO,ES,Combined TRACON& Tower with Radar,40,44,69,54,207,0,4,60,6,70,40,48,129,60,277,36,36,72,349
07/16/2020,TYS,TN,ASO,ES,Combined TRACON& Tower with Radar,52,50,62,26,190,0,0,48,11,59,52,50,110,37,249,112,0,112,361
07/17/2020,TYS,TN,ASO,ES,Combined TRACON& Tower with Radar,51,46,55,37,189,0,0,62,13,75,51,46,117,50,264,14,0,14,278
07/18/2020,TYS,TN,ASO,ES,Combined TRACON& Tower with Radar,36,40,40,2,118,0,0,57,0,57,36,40,97,2,175,84,0,84,259
07/19/2020,TYS,TN,ASO,ES,Combined TRACON& Tower with Radar,45,44,42,0,131,0,0,25,0,25,45,44,67,0,156,26,0,26,182
07/20/2020,TYS,TN,ASO,ES,Combined TRACON& Tower with Radar,58,43,55,17,173,0,0,55,5,60,58,43,110,22,233,110,14,124,357
07/21/2020,TYS,TN,ASO,ES,Combined TRACON& Tower with Radar,32,39,77,33,181,0,0,73,15,88,32,39,150,48,269,118,10,128,397
07/22/2020,TYS,TN,ASO,ES,Combined TRACON& Tower with Radar,36,52,53,23,164,0,0,53,17,70,36,52,106,40,234,58,20,78,312
07/23/2020,TYS,TN,ASO,ES,Combined TRACON& Tower with Radar,50,47,80,40,217,0,2,41,14,57,50,49,121,54,274,66,24,90,364
07/24/2020,TYS,TN,ASO,ES,Combined TRACON& Tower with Radar,45,58,84,10,197,0,2,29,0,31,45,60,113,10,228,26,0,26,254
07/25/2020,TYS,TN,ASO,ES,Combined TRACON& Tower with Radar,36,44,15,0,95,0,0,40,2,42,36,44,55,2,137,54,0,54,191
07/26/2020,TYS,TN,ASO,ES,Combined TRACON& Tower with Radar,46,49,39,0,134,0,0,32,0,32,46,49,71,0,166,54,0,54,220
07/27/2020,TYS,TN,ASO,ES,Combined TRACON& Tower with Radar,42,44,56,0,142,0,0,54,0,54,42,44,110,0,196,80,0,80,276
07/28/2020,TYS,TN,ASO,ES,Combined TRACON& Tower with Radar,28,42,83,35,188,0,0,39,3,42,28,42,122,38,230,114,22,136,366
07/29/2020,TYS,TN,ASO,ES,Combined TRACON& Tower with Radar,35,45,98,55,233,0,0,39,16,55,35,45,137,71,288,124,40,164,452
07/30/2020,TYS,TN,ASO,ES,Combined TRACON& Tower with Radar,53,46,94,20,213,0,0,19,3,22,53,46,113,23,235,52,30,82,317
07/31/2020,TYS,TN,ASO,ES,Combined TRACON& Tower with Radar,49,38,109,6,202,0,0,33,1,34,49,38,142,7,236,62,0,62,298
08/01/2020,TYS,TN,ASO,ES,Combined TRACON& Tower with Radar,43,31,43,5,122,0,0,35,0,35,43,31,78,5,157,28,0,28,185
08/02/2020,TYS,TN,ASO,ES,Combined TRACON& Tower with Radar,55,30,54,7,146,0,0,21,0,21,55,30,75,7,167,20,0,20,187
08/03/2020,TYS,TN,ASO,ES,Combined TRACON& Tower with Radar,50,33,68,0,151,0,0,29,0,29,50,33,97,0,180,68,0,68,248
08/04/2020,TYS,TN,ASO,ES,Combined TRACON& Tower with Radar,40,41,60,23,164,0,0,58,4,62,40,41,118,27,226,166,0,166,392
08/05/2020,TYS,TN,ASO,ES,Combined TRACON& Tower with Radar,39,40,92,12,183,0,0,52,12,64,39,40,144,24,247,46,0,46,293
08/06/2020,TYS,TN,ASO,ES,Combined TRACON& Tower with Radar,62,38,69,20,189,0,0,8,10,18,62,38,77,30,207,50,50,100,307
08/07/2020,TYS,TN,ASO,ES,Combined TRACON& Tower with Radar,56,41,85,24,206,0,0,67,6,73,56,41,152,30,279,66,34,100,379
08/08/2020,TYS,TN,ASO,ES,Combined TRACON& Tower with Radar,44,28,46,2,120,0,0,54,4,58,44,28,100,6,178,76,0,76,254
08/09/2020,TYS,TN,ASO,ES,Combined TRACON& Tower with Radar,57,40,56,2,155,0,0,49,6,55,57,40,105,8,210,14,0,14,224
08/10/2020,TYS,TN,ASO,ES,Combined TRACON& Tower with Radar,54,36,43,1,134,0,0,19,4,23,54,36,62,5,157,4,20,24,181
08/11/2020,TYS,TN,ASO,ES,Combined TRACON& Tower with Radar,36,50,78,22,186,0,0,45,4,49,36,50,123,26,235,94,10,104,339
08/12/2020,TYS,TN,ASO,ES,Combined TRACON& Tower with Radar,40,41,65,33,179,0,2,50,9,61,40,43,115,42,240,24,24,48,288
08/13/2020,TYS,TN,ASO,ES,Combined TRACON& Tower with Radar,61,45,96,21,223,0,1,34,20,55,61,46,130,41,278,28,22,50,328
08/14/2020,TYS,TN,ASO,ES,Combined TRACON& Tower with Radar,56,40,75,16,187,0,0,16,0,16,56,40,91,16,203,48,18,66,269
08/15/2020,TYS,TN,ASO,ES,Combined TRACON& Tower with Radar,45,29,18,0,92,2,0,4,0,6,47,29,22,0,98,2,0,2,100
08/16/2020,TYS,TN,ASO,ES,Combined TRACON& Tower with Radar,59,41,64,9,173,0,0,33,3,36,59,41,97,12,209,30,0,30,239
08/17/2020,TYS,TN,ASO,ES,Combined TRACON& Tower with Radar,57,32,77,18,184,0,0,61,9,70,57,32,138,27,254,70,12,82,336
08/18/2020,TYS,TN,ASO,ES,Combined TRACON& Tower with Radar,36,37,68,36,177,0,1,78,21,100,36,38,146,57,277,142,52,194,471
08/19/2020,TYS,TN,ASO,ES,Combined TRACON& Tower with Radar,41,33,58,15,147,0,0,35,4,39,41,33,93,19,186,100,0,100,286
08/20/2020,TYS,TN,ASO,ES,Combined TRACON& Tower with Radar,58,45,71,66,240,0,0,49,14,63,58,45,120,80,303,44,42,86,389
08/21/2020,TYS,TN,ASO,ES,Combined TRACON& Tower with Radar,54,35,68,2,159,0,1,13,2,16,54,36,81,4,175,10,2,12,187
08/22/2020,TYS,TN,ASO,ES,Combined TRACON& Tower with Radar,40,36,21,0,97,0,1,15,8,24,40,37,36,8,121,6,0,6,127
08/23/2020,TYS,TN,ASO,ES,Combined TRACON& Tower with Radar,52,42,61,0,155,0,0,25,2,27,52,42,86,2,182,16,0,16,198
08/24/2020,TYS,TN,ASO,ES,Combined TRACON& Tower with Radar,48,38,70,15,171,0,1,42,6,49,48,39,112,21,220,30,0,30,250
08/25/2020,TYS,TN,ASO,ES,Combined TRACON& Tower with Radar,36,43,54,56,189,0,0,47,25,72,36,43,101,81,261,22,50,72,333
08/26/2020,TYS,TN,ASO,ES,Combined TRACON& Tower with Radar,40,38,124,91,293,0,0,48,7,55,40,38,172,98,348,48,120,168,516
08/27/2020,TYS,TN,ASO,ES,Combined TRACON& Tower with Radar,55,37,83,21,196,0,2,61,15,78,55,39,144,36,274,106,32,138,412
08/28/2020,TYS,TN,ASO,ES,Combined TRACON& Tower with Radar,52,46,65,9,172,0,0,19,3,22,52,46,84,12,194,28,4,32,226
08/29/2020,TYS,TN,ASO,ES,Combined TRACON& Tower with Radar,38,38,36,0,112,0,0,11,0,11,38,38,47,0,123,26,0,26,149
08/30/2020,TYS,TN,ASO,ES,Combined TRACON& Tower with Radar,54,46,58,9,167,0,0,36,0,36,54,46,94,9,203,52,0,52,255
08/31/2020,TYS,TN,ASO,ES,Combined TRACON& Tower with Radar,50,40,89,6,185,0,0,29,4,33,50,40,118,10,218,42,16,58,276
09/01/2020,TYS,TN,ASO,ES,Combined TRACON& Tower with Radar,35,35,86,54,210,0,0,52,5,57,35,35,138,59,267,90,38,128,395
09/02/2020,TYS,TN,ASO,ES,Combined TRACON& Tower with Radar,37,43,84,48,212,0,0,57,6,63,37,43,141,54,275,72,38,110,385
09/03/2020,TYS,TN,ASO,ES,Combined TRACON& Tower with Radar,56,45,85,21,207,0,0,42,13,55,56,45,127,34,262,46,24,70,332
09/04/2020,TYS,TN,ASO,ES,Combined TRACON& Tower with Radar,54,45,84,10,193,0,1,42,5,48,54,46,126,15,241,36,0,36,277
09/05/2020,TYS,TN,ASO,ES,Combined TRACON& Tower with Radar,35,28,26,0,89,0,3,45,0,48,35,31,71,0,137,20,0,20,157
09/06/2020,TYS,TN,ASO,ES,Combined TRACON& Tower with Radar,51,31,38,1,121,0,2,47,6,55,51,33,85,7,176,36,0,36,212
09/07/2020,TYS,TN,ASO,ES,Combined TRACON& Tower with Radar,44,48,56,1,149,0,2,37,0,39,44,50,93,1,188,14,0,14,202
09/08/2020,TYS,TN,ASO,ES,Combined TRACON& Tower with Radar,29,44,69,11,153,0,4,60,10,74,29,48,129,21,227,60,10,70,297
09/09/2020,TYS,TN,ASO,ES,Combined TRACON& Tower with Radar,45,37,62,30,174,0,4,73,15,92,45,41,135,45,266,162,84,246,512
09/10/2020,TYS,TN,ASO,ES,Combined TRACON& Tower with Radar,58,49,87,22,216,0,2,59,9,70,58,51,146,31,286,106,4,110,396
09/11/2020,TYS,TN,ASO,ES,Combined TRACON& Tower with Radar,54,46,78,35,213,0,0,48,14,62,54,46,126,49,275,66,8,74,349
09/12/2020,TYS,TN,ASO,ES,Combined TRACON& Tower with Radar,35,36,19,9,99,0,0,24,4,28,35,36,43,13,127,38,22,60,187
09/13/2020,TYS,TN,ASO,ES,Combined TRACON& Tower with Radar,54,40,51,4,149,0,0,16,7,23,54,40,67,11,172,14,14,28,200
09/14/2020,TYS,TN,ASO,ES,Combined TRACON& Tower with Radar,49,36,89,10,184,0,0,47,13,60,49,36,136,23,244,52,0,52,296
09/15/2020,TYS,TN,ASO,ES,Combined TRACON& Tower with Radar,37,45,83,35,200,0,2,57,10,69,37,47,140,45,269,150,68,218,487
09/16/2020,TYS,TN,ASO,ES,Combined TRACON& Tower with Radar,42,42,72,19,175,0,1,37,5,43,42,43,109,24,218,114,52,166,384
09/17/2020,TYS,TN,ASO,ES,Combined TRACON& Tower with Radar,58,46,72,9,185,0,0,3,6,9,58,46,75,15,194,22,10,32,226
09/18/2020,TYS,TN,ASO,ES,Combined TRACON& Tower with Radar,50,53,74,35,212,0,2,24,5,31,50,55,98,40,243,70,52,122,365
09/19/2020,TYS,TN,ASO,ES,Combined TRACON& Tower with Radar,37,34,45,33,149,0,2,30,5,37,37,36,75,38,186,36,118,154,340
09/20/2020,TYS,TN,ASO,ES,Combined TRACON& Tower with Radar,52,45,69,4,170,0,0,25,8,33,52,45,94,12,203,22,0,22,225
09/21/2020,TYS,TN,ASO,ES,Combined TRACON& Tower with Radar,45,40,54,28,167,0,4,47,22,73,45,44,101,50,240,104,32,136,376
09/22/2020,TYS,TN,ASO,ES,Combined TRACON& Tower with Radar,39,34,61,25,159,0,5,56,16,77,39,39,117,41,236,46,20,66,302
09/23/2020,TYS,TN,ASO,ES,Combined TRACON& Tower with Radar,46,64,79,13,202,0,5,62,24,91,46,69,141,37,293,62,10,72,365
09/24/2020,TYS,TN,ASO,ES,Combined TRACON& Tower with Radar,64,65,104,10,243,0,0,0,0,0,64,65,104,10,243,12,0,12,255
09/25/2020,TYS,TN,ASO,ES,Combined TRACON& Tower with Radar,55,64,74,9,202,0,0,1,0,1,55,64,75,9,203,0,0,0,203
09/26/2020,TYS,TN,ASO,ES,Combined TRACON& Tower with Radar,35,30,68,2,135,0,0,16,2,18,35,30,84,4,153,16,0,16,169
09/27/2020,TYS,TN,ASO,ES,Combined TRACON& Tower with Radar,54,47,84,12,197,0,0,28,0,28,54,47,112,12,225,34,0,34,259
09/28/2020,TYS,TN,ASO,ES,Combined TRACON& Tower with Radar,44,49,75,36,204,0,0,37,2,39,44,49,112,38,243,130,12,142,385
09/29/2020,TYS,TN,ASO,ES,Combined TRACON& Tower with Radar,45,47,99,8,199,0,0,13,0,13,45,47,112,8,212,20,0,20,232
09/30/2020,TYS,TN,ASO,ES,Combined TRACON& Tower with Radar,41,42,108,55,246,0,0,73,4,77,41,42,181,59,323,158,22,180,503
10/01/2020,TYS,TN,ASO,ES,Combined TRACON& Tower with Radar,60,60,107,34,261,0,2,76,8,86,60,62,183,42,347,60,32,92,439
10/02/2020,TYS,TN,ASO,ES,Combined TRACON& Tower with Radar,58,53,68,33,212,0,1,45,3,49,58,54,113,36,261,94,0,94,355
10/03/2020,TYS,TN,ASO,ES,Combined TRACON& Tower with Radar,48,30,60,14,152,0,0,35,2,37,48,30,95,16,189,16,46,62,251
10/04/2020,TYS,TN,ASO,ES,Combined TRACON& Tower with Radar,53,47,74,7,181,0,0,34,1,35,53,47,108,8,216,12,0,12,228
10/05/2020,TYS,TN,ASO,ES,Combined TRACON& Tower with Radar,51,46,79,3,179,0,0,57,0,57,51,46,136,3,236,88,8,96,332
10/06/2020,TYS,TN,ASO,ES,Combined TRACON& Tower with Radar,45,40,74,64,223,0,0,62,3,65,45,40,136,67,288,82,126,208,496
10/07/2020,TYS,TN,ASO,ES,Combined TRACON& Tower with Radar,49,41,92,41,223,0,6,62,4,72,49,47,154,45,295,72,68,140,435
10/08/2020,TYS,TN,ASO,ES,Combined TRACON& Tower with Radar,62,50,84,26,222,0,0,51,0,51,62,50,135,26,273,124,54,178,451
10/09/2020,TYS,TN,ASO,ES,Combined TRACON& Tower with Radar,58,55,100,12,225,0,0,29,1,30,58,55,129,13,255,132,4,136,391
10/10/2020,TYS,TN,ASO,ES,Combined TRACON& Tower with Radar,65,39,39,0,143,0,0,0,0,0,65,39,39,0,143,0,0,0,143
10/11/2020,TYS,TN,ASO,ES,Combined TRACON& Tower with Radar,60,48,70,0,178,0,0,2,0,2,60,48,72,0,180,0,0,0,180
10/12/2020,TYS,TN,ASO,ES,Combined TRACON& Tower with Radar,58,58,86,0,202,0,0,19,0,19,58,58,105,0,221,92,0,92,313
10/13/2020,TYS,TN,ASO,ES,Combined TRACON& Tower with Radar,43,43,68,22,176,0,3,43,0,46,43,46,111,22,222,212,22,234,456
10/14/2020,TYS,TN,ASO,ES,Combined TRACON& Tower with Radar,51,35,98,26,210,0,0,52,0,52,51,35,150,26,262,126,30,156,418
10/15/2020,TYS,TN,ASO,ES,Combined TRACON& Tower with Radar,62,63,104,86,315,0,0,36,16,52,62,63,140,102,367,16,62,78,445
10/16/2020,TYS,TN,ASO,ES,Combined TRACON& Tower with Radar,57,51,93,22,223,0,4,21,13,38,57,55,114,35,261,178,48,226,487
10/17/2020,TYS,TN,ASO,ES,Combined TRACON& Tower with Radar,51,40,63,5,159,0,4,35,15,54,51,44,98,20,213,22,22,44,257
10/18/2020,TYS,TN,ASO,ES,Combined TRACON& Tower with Radar,63,46,57,2,168,0,0,30,1,31,63,46,87,3,199,16,0,16,215
10/19/2020,TYS,TN,ASO,ES,Combined TRACON& Tower with Radar,52,51,83,21,207,0,0,55,3,58,52,51,138,24,265,182,12,194,459
10/20/2020,TYS,TN,ASO,ES,Combined TRACON& Tower with Radar,47,33,108,31,219,0,0,63,11,74,47,33,171,42,293,98,34,132,425
10/21/2020,TYS,TN,ASO,ES,Combined TRACON& Tower with Radar,50,35,104,19,208,0,2,65,6,73,50,37,169,25,281,84,22,106,387
10/22/2020,TYS,TN,ASO,ES,Combined TRACON& Tower with Radar,63,56,109,55,283,0,2,55,16,73,63,58,164,71,356,96,36,132,488
10/23/2020,TYS,TN,ASO,ES,Combined TRACON& Tower with Radar,60,54,88,69,271,0,0,48,2,50,60,54,136,71,321,18,10,28,349
10/24/2020,TYS,TN,ASO,ES,Combined TRACON& Tower with Radar,42,49,86,1,178,0,0,8,1,9,42,49,94,2,187,20,0,20,207
10/25/2020,TYS,TN,ASO,ES,Combined TRACON& Tower with Radar,53,61,104,2,220,0,0,10,2,12,53,61,114,4,232,6,0,6,238
10/26/2020,TYS,TN,ASO,ES,Combined TRACON& Tower with Radar,51,54,71,35,211,0,0,21,1,22,51,54,92,36,233,156,22,178,411
10/27/2020,TYS,TN,ASO,ES,Combined TRACON& Tower with Radar,40,47,75,44,206,0,0,24,4,28,40,47,99,48,234,74,18,92,326
10/28/2020,TYS,TN,ASO,ES,Combined TRACON& Tower with Radar,47,42,79,10,178,0,0,0,2,2,47,42,79,12,180,0,0,0,180
10/29/2020,TYS,TN,ASO,ES,Combined TRACON& Tower with Radar,59,52,69,36,216,0,0,8,8,16,59,52,77,44,232,12,38,50,282
10/30/2020,TYS,TN,ASO,ES,Combined TRACON& Tower with Radar,59,46,99,9,213,0,0,39,12,51,59,46,138,21,264,26,0,26,290
10/31/2020,TYS,TN,ASO,ES,Combined TRACON& Tower with Radar,36,27,34,0,97,0,4,47,2,53,36,31,81,2,150,40,0,40,190
11/01/2020,TYS,TN,ASO,ES,Combined TRACON& Tower with Radar,51,42,48,0,141,0,0,16,0,16,51,42,64,0,157,0,0,0,157
11/02/2020,TYS,TN,ASO,ES,Combined TRACON& Tower with Radar,52,42,68,16,178,0,3,64,4,71,52,45,132,20,249,62,26,88,337
11/03/2020,TYS,TN,ASO,ES,Combined TRACON& Tower with Radar,37,32,43,37,149,0,6,71,20,97,37,38,114,57,246,50,52,102,348
11/04/2020,TYS,TN,ASO,ES,Combined TRACON& Tower with Radar,36,31,85,9,161,0,6,88,6,100,36,37,173,15,261,58,48,106,367
11/05/2020,TYS,TN,ASO,ES,Combined TRACON& Tower with Radar,65,42,71,21,199,0,0,46,10,56,65,42,117,31,255,102,50,152,407
11/06/2020,TYS,TN,ASO,ES,Combined TRACON& Tower with Radar,59,44,93,29,225,0,2,57,16,75,59,46,150,45,300,72,0,72,372
11/07/2020,TYS,TN,ASO,ES,Combined TRACON& Tower with Radar,47,26,40,0,113,0,1,31,10,42,47,27,71,10,155,12,0,12,167
11/08/2020,TYS,TN,ASO,ES,Combined TRACON& Tower with Radar,58,36,59,0,153,0,0,21,7,28,58,36,80,7,181,42,0,42,223
11/09/2020,TYS,TN,ASO,ES,Combined TRACON& Tower with Radar,51,47,77,36,211,0,3,66,9,78,51,50,143,45,289,8,64,72,361
11/10/2020,TYS,TN,ASO,ES,Combined TRACON& Tower with Radar,44,36,87,45,212,0,0,58,2,60,44,36,145,47,272,46,42,88,360
11/11/2020,TYS,TN,ASO,ES,Combined TRACON& Tower with Radar,42,39,99,0,180,0,0,5,0,5,42,39,104,0,185,18,0,18,203
11/12/2020,TYS,TN,ASO,ES,Combined TRACON& Tower with Radar,62,63,111,41,277,0,0,8,3,11,62,63,119,44,288,16,0,16,304
11/13/2020,TYS,TN,ASO,ES,Combined TRACON& Tower with Radar,55,39,72,54,220,0,4,53,7,64,55,43,125,61,284,100,8,108,392
11/14/2020,TYS,TN,ASO,ES,Combined TRACON& Tower with Radar,43,31,36,8,118,0,0,51,0,51,43,31,87,8,169,18,0,18,187
11/15/2020,TYS,TN,ASO,ES,Combined TRACON& Tower with Radar,61,37,56,8,162,0,0,16,0,16,61,37,72,8,178,34,0,34,212
11/16/2020,TYS,TN,ASO,ES,Combined TRACON& Tower with Radar,49,52,60,12,173,0,1,53,4,58,49,53,113,16,231,66,14,80,311
11/17/2020,TYS,TN,ASO,ES,Combined TRACON& Tower with Radar,45,35,78,43,201,0,1,69,13,83,45,36,147,56,284,98,46,144,428
11/18/2020,TYS,TN,ASO,ES,Combined TRACON& Tower with Radar,41,61,78,45,225,0,1,56,0,57,41,62,134,45,282,62,6,68,350
11/19/2020,TYS,TN,ASO,ES,Combined TRACON& Tower with Radar,62,43,93,48,246,0,2,73,14,89,62,45,166,62,335,94,48,142,477
11/20/2020,TYS,TN,ASO,ES,Combined TRACON& Tower with Radar,68,53,87,46,254,0,0,58,13,71,68,53,145,59,325,44,24,68,393
11/21/2020,TYS,TN,ASO,ES,Combined TRACON& Tower with Radar,45,28,51,1,125,0,2,41,8,51,45,30,92,9,176,48,0,48,224
11/22/2020,TYS,TN,ASO,ES,Combined TRACON& Tower with Radar,63,42,65,9,179,0,0,30,1,31,63,42,95,10,210,90,0,90,300
11/23/2020,TYS,TN,ASO,ES,Combined TRACON& Tower with Radar,53,36,65,40,194,0,1,60,2,63,53,37,125,42,257,80,24,104,361
11/24/2020,TYS,TN,ASO,ES,Combined TRACON& Tower with Radar,61,44,89,22,216,0,1,63,4,68,61,45,152,26,284,170,42,212,496
11/25/2020,TYS,TN,ASO,ES,Combined TRACON& Tower with Radar,72,41,75,16,204,0,0,18,1,19,72,41,93,17,223,30,14,44,267
11/26/2020,TYS,TN,ASO,ES,Combined TRACON& Tower with Radar,20,16,20,0,56,0,0,7,0,7,20,16,27,0,63,8,0,8,71
11/27/2020,TYS,TN,ASO,ES,Combined TRACON& Tower with Radar,51,26,35,0,112,0,0,41,0,41,51,26,76,0,153,42,0,42,195
11/28/2020,TYS,TN,ASO,ES,Combined TRACON& Tower with Radar,54,45,61,2,162,0,0,32,0,32,54,45,93,2,194,50,0,50,244
11/29/2020,TYS,TN,ASO,ES,Combined TRACON& Tower with Radar,63,45,96,0,204,0,0,29,0,29,63,45,125,0,233,20,0,20,253
11/30/2020,TYS,TN,ASO,ES,Combined TRACON& Tower with Radar,56,30,39,0,125,0,0,5,0,5,56,30,44,0,130,0,0,0,130
12/01/2020,TYS,TN,ASO,ES,Combined TRACON& Tower with Radar,52,33,63,32,180,0,0,25,8,33,52,33,88,40,213,26,12,38,251
12/02/2020,TYS,TN,ASO,ES,Combined TRACON& Tower with Radar,43,36,73,22,174,0,4,68,8,80,43,40,141,30,254,26,18,44,298
12/03/2020,TYS,TN,ASO,ES,Combined TRACON& Tower with Radar,60,34,75,66,235,0,2,58,18,78,60,36,133,84,313,96,42,138,451
12/04/2020,TYS,TN,ASO,ES,Combined TRACON& Tower with Radar,55,34,59,7,155,0,0,6,0,6,55,34,65,7,161,0,84,84,245
12/05/2020,TYS,TN,ASO,ES,Combined TRACON& Tower with Radar,40,34,45,6,125,0,2,32,5,39,40,36,77,11,164,74,0,74,238
12/06/2020,TYS,TN,ASO,ES,Combined TRACON& Tower with Radar,52,36,58,7,153,0,3,26,0,29,52,39,84,7,182,88,0,88,270
12/07/2020,TYS,TN,ASO,ES,Combined TRACON& Tower with Radar,53,33,72,3,161,0,0,5,0,5,53,33,77,3,166,46,0,46,212
12/08/2020,TYS,TN,ASO,ES,Combined TRACON& Tower with Radar,45,31,63,49,188,0,0,63,12,75,45,31,126,61,263,114,70,184,447
12/09/2020,TYS,TN,ASO,ES,Combined TRACON& Tower with Radar,45,44,78,59,226,0,2,75,10,87,45,46,153,69,313,34,14,48,361
12/10/2020,TYS,TN,ASO,ES,Combined TRACON& Tower with Radar,67,45,83,27,222,0,3,58,5,66,67,48,141,32,288,48,30,78,366
12/11/2020,TYS,TN,ASO,ES,Combined TRACON& Tower with Radar,54,39,89,56,238,0,2,51,1,54,54,41,140,57,292,34,6,40,332
12/12/2020,TYS,TN,ASO,ES,Combined TRACON& Tower with Radar,38,26,33,0,97,0,0,8,0,8,38,26,41,0,105,10,0,10,115
12/13/2020,TYS,TN,ASO,ES,Combined TRACON& Tower with Radar,55,37,69,0,161,0,0,29,0,29,55,37,98,0,190,0,0,0,190
12/14/2020,TYS,TN,ASO,ES,Combined TRACON& Tower with Radar,51,30,57,0,138,0,0,2,0,2,51,30,59,0,140,78,0,78,218
12/15/2020,TYS,TN,ASO,ES,Combined TRACON& Tower with Radar,44,32,80,47,203,0,2,42,6,50,44,34,122,53,253,82,44,126,379
12/16/2020,TYS,TN,ASO,ES,Combined TRACON& Tower with Radar,45,25,83,14,167,0,0,6,0,6,45,25,89,14,173,36,0,36,209
12/17/2020,TYS,TN,ASO,ES,Combined TRACON& Tower with Radar,66,34,71,31,202,0,0,9,3,12,66,34,80,34,214,8,78,86,300
12/18/2020,TYS,TN,ASO,ES,Combined TRACON& Tower with Radar,63,47,84,20,214,0,0,60,5,65,63,47,144,25,279,42,12,54,333
12/19/2020,TYS,TN,ASO,ES,Combined TRACON& Tower with Radar,56,45,50,0,151,0,2,44,1,47,56,47,94,1,198,20,0,20,218
12/20/2020,TYS,TN,ASO,ES,Combined TRACON& Tower with Radar,64,30,62,6,162,0,0,7,0,7,64,30,69,6,169,28,0,28,197
12/21/2020,TYS,TN,ASO,ES,Combined TRACON& Tower with Radar,62,35,56,5,158,0,0,31,0,31,62,35,87,5,189,34,0,34,223
12/22/2020,TYS,TN,ASO,ES,Combined TRACON& Tower with Radar,64,38,69,15,186,0,0,57,6,63,64,38,126,21,249,59,14,73,322
12/23/2020,TYS,TN,ASO,ES,Combined TRACON& Tower with Radar,65,31,82,6,184,0,0,60,0,60,65,31,142,6,244,36,10,46,290
12/24/2020,TYS,TN,ASO,ES,Combined TRACON& Tower with Radar,59,19,13,0,91,0,0,0,0,0,59,19,13,0,91,0,0,0,91
12/25/2020,TYS,TN,ASO,ES,Combined TRACON& Tower with Radar,27,18,12,0,57,0,0,2,0,2,27,18,14,0,59,0,0,0,59
12/26/2020,TYS,TN,ASO,ES,Combined TRACON& Tower with Radar,57,39,56,0,152,0,0,21,0,21,57,39,77,0,173,18,0,18,191
12/27/2020,TYS,TN,ASO,ES,Combined TRACON& Tower with Radar,58,38,52,0,148,0,0,43,0,43,58,38,95,0,191,60,0,60,251
12/28/2020,TYS,TN,ASO,ES,Combined TRACON& Tower with Radar,56,34,55,0,145,0,0,20,0,20,56,34,75,0,165,56,0,56,221
12/29/2020,TYS,TN,ASO,ES,Combined TRACON& Tower with Radar,68,31,54,30,183,0,0,54,0,54,68,31,108,30,237,26,20,46,283
12/30/2020,TYS,TN,ASO,ES,Combined TRACON& Tower with Radar,58,37,75,24,194,0,0,45,0,45,58,37,120,24,239,54,0,54,293
12/31/2020,TYS,TN,ASO,ES,Combined TRACON& Tower with Radar,55,26,19,0,100,0,0,0,0,0,55,26,19,0,100,0,0,0,100
01/01/2021,TYS,TN,ASO,ES,Combined TRACON& Tower with Radar,40,22,8,0,70,0,0,0,0,0,40,22,8,0,70,0,0,0,70
01/02/2021,TYS,TN,ASO,ES,Combined TRACON& Tower with Radar,56,35,42,0,133,0,0,29,0,29,56,35,71,0,162,26,0,26,188
01/03/2021,TYS,TN,ASO,ES,Combined TRACON& Tower with Radar,62,35,58,0,155,0,0,14,0,14,62,35,72,0,169,22,0,22,191
01/04/2021,TYS,TN,ASO,ES,Combined TRACON& Tower with Radar,49,35,50,58,192,0,1,54,2,57,49,36,104,60,249,144,10,154,403
01/05/2021,TYS,TN,ASO,ES,Combined TRACON& Tower with Radar,50,27,51,22,150,0,0,38,0,38,50,27,89,22,188,0,0,0,188
01/06/2021,TYS,TN,ASO,ES,Combined TRACON& Tower with Radar,49,34,67,58,208,0,0,72,4,76,49,34,139,62,284,108,96,204,488
01/07/2021,TYS,TN,ASO,ES,Combined TRACON& Tower with Radar,62,33,65,45,205,0,0,22,11,33,62,33,87,56,238,74,70,144,382
01/08/2021,TYS,TN,ASO,ES,Combined TRACON& Tower with Radar,65,28,36,5,134,0,0,0,0,0,65,28,36,5,134,0,0,0,134
01/09/2021,TYS,TN,ASO,ES,Combined TRACON& Tower with Radar,43,22,27,1,93,0,0,5,0,5,43,22,32,1,98,0,0,0,98
01/10/2021,TYS,TN,ASO,ES,Combined TRACON& Tower with Radar,56,26,53,8,143,0,0,40,2,42,56,26,93,10,185,34,0,34,219
01/11/2021,TYS,TN,ASO,ES,Combined TRACON& Tower with Radar,56,31,35,0,122,0,1,3,0,4,56,32,38,0,126,0,0,0,126
01/12/2021,TYS,TN,ASO,ES,Combined TRACON& Tower with Radar,49,31,49,10,139,0,0,15,4,19,49,31,64,14,158,42,32,74,232
01/13/2021,TYS,TN,ASO,ES,Combined TRACON& Tower with Radar,45,42,90,37,214,0,0,5,0,5,45,42,95,37,219,26,28,54,273
01/14/2021,TYS,TN,ASO,ES,Combined TRACON& Tower with Radar,62,39,51,12,164,0,0,39,10,49,62,39,90,22,213,98,14,112,325
01/15/2021,TYS,TN,ASO,ES,Combined TRACON& Tower with Radar,60,37,77,27,201,0,0,19,0,19,60,37,96,27,220,48,44,92,312
01/16/2021,TYS,TN,ASO,ES,Combined TRACON& Tower with Radar,39,27,39,8,113,0,0,2,0,2,39,27,41,8,115,48,0,48,163
01/17/2021,TYS,TN,ASO,ES,Combined TRACON& Tower with Radar,51,24,31,8,114,0,0,17,2,19,51,24,48,10,133,40,0,40,173
01/18/2021,TYS,TN,ASO,ES,Combined TRACON& Tower with Radar,56,29,64,1,150,0,3,50,1,54,56,32,114,2,204,86,0,86,290
01/19/2021,TYS,TN,ASO,ES,Combined TRACON& Tower with Radar,45,31,56,45,177,0,1,47,2,50,45,32,103,47,227,38,50,88,315
01/20/2021,TYS,TN,ASO,ES,Combined TRACON& Tower with Radar,47,25,83,36,191,0,0,65,3,68,47,25,148,39,259,30,28,58,317
01/21/2021,TYS,TN,ASO,ES,Combined TRACON& Tower with Radar,61,28,72,2,163,0,0,1,0,1,61,28,73,2,164,0,58,58,222
01/22/2021,TYS,TN,ASO,ES,Combined TRACON& Tower with Radar,59,26,79,79,243,0,2,52,8,62,59,28,131,87,305,30,0,30,335
01/23/2021,TYS,TN,ASO,ES,Combined TRACON& Tower with Radar,36,21,50,26,133,0,0,59,19,78,36,21,109,45,211,34,116,150,361
01/24/2021,TYS,TN,ASO,ES,Combined TRACON& Tower with Radar,53,24,37,27,141,0,0,19,1,20,53,24,56,28,161,0,0,0,161
01/25/2021,TYS,TN,ASO,ES,Combined TRACON& Tower with Radar,55,25,50,6,136,0,0,0,0,0,55,25,50,6,136,0,0,0,136
01/26/2021,TYS,TN,ASO,ES,Combined TRACON& Tower with Radar,46,19,79,38,182,0,0,64,5,69,46,19,143,43,251,24,66,90,341
01/27/2021,TYS,TN,ASO,ES,Combined TRACON& Tower with Radar,49,32,76,20,177,0,0,43,3,46,49,32,119,23,223,0,0,0,223
01/28/2021,TYS,TN,ASO,ES,Combined TRACON& Tower with Radar,59,32,73,9,173,0,2,32,4,38,59,34,105,13,211,36,0,36,247
01/29/2021,TYS,TN,ASO,ES,Combined TRACON& Tower with Radar,61,29,78,15,183,0,1,58,2,61,61,30,136,17,244,66,14,80,324
01/30/2021,TYS,TN,ASO,ES,Combined TRACON& Tower with Radar,38,22,46,0,106,0,0,15,0,15,38,22,61,0,121,92,0,92,213
01/31/2021,TYS,TN,ASO,ES,Combined TRACON& Tower with Radar,71,27,53,0,151,0,0,0,0,0,71,27,53,0,151,0,0,0,151
02/01/2021,TYS,TN,ASO,ES,Combined TRACON& Tower with Radar,59,17,35,5,116,0,0,0,0,0,59,17,35,5,116,0,0,0,116
02/02/2021,TYS,TN,ASO,ES,Combined TRACON& Tower with Radar,46,22,65,20,153,0,0,46,2,48,46,22,111,22,201,30,16,46,247
02/03/2021,TYS,TN,ASO,ES,Combined TRACON& Tower with Radar,50,23,71,46,190,0,0,67,6,73,50,23,138,52,263,110,28,138,401
02/04/2021,TYS,TN,ASO,ES,Combined TRACON& Tower with Radar,64,22,79,28,193,0,0,36,5,41,64,22,115,33,234,68,50,118,352
02/05/2021,TYS,TN,ASO,ES,Combined TRACON& Tower with Radar,60,37,96,40,233,0,2,42,15,59,60,39,138,55,292,60,38,98,390
02/06/2021,TYS,TN,ASO,ES,Combined TRACON& Tower with Radar,36,25,38,1,100,0,0,35,4,39,36,25,73,5,139,18,0,18,157
02/07/2021,TYS,TN,ASO,ES,Combined TRACON& Tower with Radar,53,21,34,1,109,0,0,5,0,5,53,21,39,1,114,42,0,42,156
02/08/2021,TYS,TN,ASO,ES,Combined TRACON& Tower with Radar,58,41,75,29,203,0,0,57,8,65,58,41,132,37,268,40,56,96,364
02/09/2021,TYS,TN,ASO,ES,Combined TRACON& Tower with Radar,46,28,44,36,154,0,0,40,13,53,46,28,84,49,207,62,84,146,353
02/10/2021,TYS,TN,ASO,ES,Combined TRACON& Tower with Radar,50,33,77,74,234,0,1,60,11,72,50,34,137,85,306,138,30,168,474
02/11/2021,TYS,TN,ASO,ES,Combined TRACON& Tower with Radar,65,42,49,0,156,0,0,0,0,0,65,42,49,0,156,0,0,0,156
02/12/2021,TYS,TN,ASO,ES,Combined TRACON& Tower with Radar,66,37,43,10,156,0,0,3,0,3,66,37,46,10,159,0,0,0,159
02/13/2021,TYS,TN,ASO,ES,Combined TRACON& Tower with Radar,47,34,29,0,110,0,0,1,0,1,47,34,30,0,111,0,0,0,111
02/14/2021,TYS,TN,ASO,ES,Combined TRACON& Tower with Radar,54,24,47,0,125,0,0,1,0,1,54,24,48,0,126,0,0,0,126
02/15/2021,TYS,TN,ASO,ES,Combined TRACON& Tower with Radar,55,24,36,0,115,0,0,4,0,4,55,24,40,0,119,0,0,0,119
02/16/2021,TYS,TN,ASO,ES,Combined TRACON& Tower with Radar,41,26,47,4,118,0,0,10,0,10,41,26,57,4,128,8,38,46,174
02/17/2021,TYS,TN,ASO,ES,Combined TRACON& Tower with Radar,39,22,76,20,157,0,0,73,0,73,39,22,149,20,230,56,46,102,332
02/18/2021,TYS,TN,ASO,ES,Combined TRACON& Tower with Radar,58,16,33,19,126,0,0,0,0,0,58,16,33,19,126,0,0,0,126
02/19/2021,TYS,TN,ASO,ES,Combined TRACON& Tower with Radar,58,36,67,11,172,0,0,45,13,58,58,36,112,24,230,68,0,68,298
02/20/2021,TYS,TN,ASO,ES,Combined TRACON& Tower with Radar,42,20,45,0,107,0,4,69,14,87,42,24,114,14,194,174,18,192,386
02/21/2021,TYS,TN,ASO,ES,Combined TRACON& Tower with Radar,58,30,52,5,145,0,0,46,2,48,58,30,98,7,193,24,0,24,217
02/22/2021,TYS,TN,ASO,ES,Combined TRACON& Tower with Radar,65,28,59,5,157,0,0,18,1,19,65,28,77,6,176,60,0,60,236
02/23/2021,TYS,TN,ASO,ES,Combined TRACON& Tower with Radar,50,32,79,35,196,0,6,86,2,94,50,38,165,37,290,128,36,164,454
02/24/2021,TYS,TN,ASO,ES,Combined TRACON& Tower with Radar,54,29,68,59,210,0,1,76,6,83,54,30,144,65,293,136,114,250,543
02/25/2021,TYS,TN,ASO,ES,Combined TRACON& Tower with Radar,67,32,87,2,188,0,3,63,12,78,67,35,150,14,266,158,0,158,424
02/26/2021,TYS,TN,ASO,ES,Combined TRACON& Tower with Radar,71,41,76,12,200,0,0,1,0,1,71,41,77,12,201,14,0,14,215
02/27/2021,TYS,TN,ASO,ES,Combined TRACON& Tower with Radar,46,33,41,4,124,0,0,0,0,0,46,33,41,4,124,0,0,0,124
02/28/2021,TYS,TN,ASO,ES,Combined TRACON& Tower with Radar,68,26,56,9,159,0,0,3,0,3,68,26,59,9,162,10,0,10,172
03/01/2021,TYS,TN,ASO,ES,Combined TRACON& Tower with Radar,68,28,59,22,177,0,4,20,0,24,68,32,79,22,201,10,0,10,211
03/02/2021,TYS,TN,ASO,ES,Combined TRACON& Tower with Radar,49,20,69,36,174,0,3,67,11,81,49,23,136,47,255,62,30,92,347
03/03/2021,TYS,TN,ASO,ES,Combined TRACON& Tower with Radar,54,27,78,37,196,0,0,72,6,78,54,27,150,43,274,156,20,176,450
03/04/2021,TYS,TN,ASO,ES,Combined TRACON& Tower with Radar,81,36,107,1,225,0,0,57,13,70,81,36,164,14,295,180,6,186,481
03/05/2021,TYS,TN,ASO,ES,Combined TRACON& Tower with Radar,80,33,72,26,211,0,1,41,12,54,80,34,113,38,265,222,12,234,499
03/06/2021,TYS,TN,ASO,ES,Combined TRACON& Tower with Radar,65,29,41,23,158,0,2,60,0,62,65,31,101,23,220,152,36,188,408
03/07/2021,TYS,TN,ASO,ES,Combined TRACON& Tower with Radar,73,30,62,6,171,0,0,40,2,42,73,30,102,8,213,54,0,54,267
03/08/2021,TYS,TN,ASO,ES,Combined TRACON& Tower with Radar,75,31,55,8,169,0,0,58,3,61,75,31,113,11,230,160,0,160,390
03/09/2021,TYS,TN,ASO,ES,Combined TRACON& Tower with Radar,66,24,56,28,174,0,0,63,21,84,66,24,119,49,258,160,54,214,472
03/10/2021,TYS,TN,ASO,ES,Combined TRACON& Tower with Radar,64,30,72,65,231,0,3,62,6,71,64,33,134,71,302,202,36,238,540
03/11/2021,TYS,TN,ASO,ES,Combined TRACON& Tower with Radar,84,55,70,50,259,0,2,44,11,57,84,57,114,61,316,118,64,182,498
03/12/2021,TYS,TN,ASO,ES,Combined TRACON& Tower with Radar,80,49,88,12,229,0,0,29,0,29,80,49,117,12,258,106,0,106,364
03/13/2021,TYS,TN,ASO,ES,Combined TRACON& Tower with Radar,64,38,58,0,160,0,0,16,0,16,64,38,74,0,176,22,0,22,198
03/14/2021,TYS,TN,ASO,ES,Combined TRACON& Tower with Radar,69,46,59,0,174,0,0,16,0,16,69,46,75,0,190,96,0,96,286
03/15/2021,TYS,TN,ASO,ES,Combined TRACON& Tower with Radar,68,32,47,2,149,0,1,41,0,42,68,33,88,2,191,132,0,132,323
03/16/2021,TYS,TN,ASO,ES,Combined TRACON& Tower with Radar,66,46,100,17,229,0,0,13,0,13,66,46,113,17,242,40,0,40,282
03/17/2021,TYS,TN,ASO,ES,Combined TRACON& Tower with Radar,65,28,72,0,165,0,0,3,0,3,65,28,75,0,168,0,0,0,168
03/18/2021,TYS,TN,ASO,ES,Combined TRACON& Tower with Radar,93,51,69,30,243,0,0,17,13,30,93,51,86,43,273,14,54,68,341
03/19/2021,TYS,TN,ASO,ES,Combined TRACON& Tower with Radar,82,66,105,10,263,0,0,15,6,21,82,66,120,16,284,36,12,48,332
03/20/2021,TYS,TN,ASO,ES,Combined TRACON& Tower with Radar,65,29,42,7,143,0,4,74,8,86,65,33,116,15,229,44,0,44,273
03/21/2021,TYS,TN,ASO,ES,Combined TRACON& Tower with Radar,72,37,66,22,197,0,0,54,4,58,72,37,120,26,255,22,0,22,277
03/22/2021,TYS,TN,ASO,ES,Combined TRACON& Tower with Radar,71,29,72,22,194,0,2,67,0,69,71,31,139,22,263,58,24,82,345
03/23/2021,TYS,TN,ASO,ES,Combined TRACON& Tower with Radar,69,26,69,38,202,0,0,49,12,61,69,26,118,50,263,132,40,172,435
03/24/2021,TYS,TN,ASO,ES,Combined TRACON& Tower with Radar,66,36,103,48,253,0,0,52,7,59,66,36,155,55,312,188,46,234,546
03/25/2021,TYS,TN,ASO,ES,Combined TRACON& Tower with Radar,84,34,63,0,181,0,0,4,0,4,84,34,67,0,185,0,0,0,185
03/26/2021,TYS,TN,ASO,ES,Combined TRACON& Tower with Radar,77,49,116,54,296,0,0,63,5,68,77,49,179,59,364,120,32,152,516
03/27/2021,TYS,TN,ASO,ES,Combined TRACON& Tower with Radar,62,23,24,0,109,0,0,3,0,3,62,23,27,0,112,0,0,0,112
03/28/2021,TYS,TN,ASO,ES,Combined TRACON& Tower with Radar,99,45,70,10,224,0,0,8,0,8,99,45,78,10,232,0,6,6,238
03/29/2021,TYS,TN,ASO,ES,Combined TRACON& Tower with Radar,78,39,67,47,231,0,2,62,1,65,78,41,129,48,296,86,28,114,410
03/30/2021,TYS,TN,ASO,ES,Combined TRACON& Tower with Radar,65,41,80,43,229,0,0,59,1,60,65,41,139,44,289,114,56,170,459
03/31/2021,TYS,TN,ASO,ES,Combined TRACON& Tower with Radar,66,34,74,2,176,0,0,0,0,0,66,34,74,2,176,0,16,16,192
04/01/2021,TYS,TN,ASO,ES,Combined TRACON& Tower with Radar,81,54,104,29,268,0,2,49,13,64,81,56,153,42,332,24,10,34,366
04/02/2021,TYS,TN,ASO,ES,Combined TRACON& Tower with Radar,78,47,63,7,195,0,2,50,4,56,78,49,113,11,251,52,0,52,303
04/03/2021,TYS,TN,ASO,ES,Combined TRACON& Tower with Radar,57,37,35,0,129,0,4,48,0,52,57,41,83,0,181,72,0,72,253
04/04/2021,TYS,TN,ASO,ES,Combined TRACON& Tower with Radar,66,41,37,1,145,0,5,29,0,34,66,46,66,1,179,46,0,46,225
04/05/2021,TYS,TN,ASO,ES,Combined TRACON& Tower with Radar,72,49,81,1,203,0,4,47,1,52,72,53,128,2,255,20,0,20,275
04/06/2021,TYS,TN,ASO,ES,Combined TRACON& Tower with Radar,62,43,58,41,204,0,3,53,5,61,62,46,111,46,265,30,18,48,313
04/07/2021,TYS,TN,ASO,ES,Combined TRACON& Tower with Radar,62,38,79,50,229,0,4,65,4,73,62,42,144,54,302,74,58,132,434
04/08/2021,TYS,TN,ASO,ES,Combined TRACON& Tower with Radar,79,49,109,24,261,0,0,15,6,21,79,49,124,30,282,0,12,12,294
04/09/2021,TYS,TN,ASO,ES,Combined TRACON& Tower with Radar,75,57,77,27,236,0,4,62,14,80,75,61,139,41,316,68,8,76,392
04/10/2021,TYS,TN,ASO,ES,Combined TRACON& Tower with Radar,58,41,35,9,143,0,0,2,0,2,58,41,37,9,145,0,0,0,145
04/11/2021,TYS,TN,ASO,ES,Combined TRACON& Tower with Radar,67,53,73,5,198,0,2,37,3,42,67,55,110,8,240,10,0,10,250
04/12/2021,TYS,TN,ASO,ES,Combined TRACON& Tower with Radar,70,44,77,45,236,0,8,48,6,62,70,52,125,51,298,104,26,130,428
04/13/2021,TYS,TN,ASO,ES,Combined TRACON& Tower with Radar,67,47,92,46,252,0,10,64,9,83,67,57,156,55,335,96,62,158,493
04/14/2021,TYS,TN,ASO,ES,Combined TRACON& Tower with Radar,62,50,77,52,241,0,0,36,3,39,62,50,113,55,280,112,24,136,416
04/15/2021,TYS,TN,ASO,ES,Combined TRACON& Tower with Radar,74,77,81,81,313,0,5,39,15,59,74,82,120,96,372,98,120,218,590
04/16/2021,TYS,TN,ASO,ES,Combined TRACON& Tower with Radar,74,57,80,24,235,0,4,67,6,77,74,61,147,30,312,112,32,144,456
04/17/2021,TYS,TN,ASO,ES,Combined TRACON& Tower with Radar,57,38,49,6,150,0,0,34,0,34,57,38,83,6,184,62,0,62,246
04/18/2021,TYS,TN,ASO,ES,Combined TRACON& Tower with Radar,67,58,57,21,203,0,0,29,6,35,67,58,86,27,238,12,0,12,250
04/19/2021,TYS,TN,ASO,ES,Combined TRACON& Tower with Radar,73,58,78,10,219,0,3,54,2,59,73,61,132,12,278,88,0,88,366
04/20/2021,TYS,TN,ASO,ES,Combined TRACON& Tower with Radar,55,49,79,25,208,0,0,70,19,89,55,49,149,44,297,30,14,44,341
04/21/2021,TYS,TN,ASO,ES,Combined TRACON& Tower with Radar,60,37,81,36,214,0,2,11,3,16,60,39,92,39,230,22,36,58,288
04/22/2021,TYS,TN,ASO,ES,Combined TRACON& Tower with Radar,74,71,91,23,259,0,1,62,2,65,74,72,153,25,324,62,40,102,426
04/23/2021,TYS,TN,ASO,ES,Combined TRACON& Tower with Radar,73,56,77,11,217,0,2,51,0,53,73,58,128,11,270,108,10,118,388
04/24/2021,TYS,TN,ASO,ES,Combined TRACON& Tower with Radar,64,32,14,4,114,0,0,2,0,2,64,32,16,4,116,0,0,0,116
04/25/2021,TYS,TN,ASO,ES,Combined TRACON& Tower with Radar,66,49,97,1,213,0,0,22,2,24,66,49,119,3,237,64,0,64,301
04/26/2021,TYS,TN,ASO,ES,Combined TRACON& Tower with Radar,70,66,74,8,218,0,3,78,0,81,70,69,152,8,299,90,18,108,407
04/27/2021,TYS,TN,ASO,ES,Combined TRACON& Tower with Radar,55,56,75,37,223,0,2,58,2,62,55,58,133,39,285,88,20,108,393
04/28/2021,TYS,TN,ASO,ES,Combined TRACON& Tower with Radar,60,54,106,36,256,0,2,38,5,45,60,56,144,41,301,72,10,82,383
04/29/2021,TYS,TN,ASO,ES,Combined TRACON& Tower with Radar,74,55,95,25,249,0,1,22,12,35,74,56,117,37,284,22,18,40,324
04/30/2021,TYS,TN,ASO,ES,Combined TRACON& Tower with Radar,74,57,82,45,258,0,0,48,17,65,74,57,130,62,323,22,46,68,391
05/01/2021,TYS,TN,ASO,ES,Combined TRACON& Tower with Radar,58,45,51,7,161,0,1,43,7,51,58,46,94,14,212,48,16,64,276
05/02/2021,TYS,TN,ASO,ES,Combined TRACON& Tower with Radar,65,52,58,16,191,0,2,27,0,29,65,54,85,16,220,64,0,64,284
05/03/2021,TYS,TN,ASO,ES,Combined TRACON& Tower with Radar,72,39,53,2,166,0,0,3,0,3,72,39,56,2,169,0,0,0,169
05/04/2021,TYS,TN,ASO,ES,Combined TRACON& Tower with Radar,59,44,37,15,155,0,0,4,8,12,59,44,41,23,167,6,70,76,243
05/05/2021,TYS,TN,ASO,ES,Combined TRACON& Tower with Radar,66,44,128,49,287,0,0,22,4,26,66,44,150,53,313,92,12,104,417
05/06/2021,TYS,TN,ASO,ES,Combined TRACON& Tower with Radar,78,49,106,18,251,0,0,73,13,86,78,49,179,31,337,134,30,164,501
05/07/2021,TYS,TN,ASO,ES,Combined TRACON& Tower with Radar,85,58,130,24,297,0,4,48,9,61,85,62,178,33,358,14,6,20,378
05/08/2021,TYS,TN,ASO,ES,Combined TRACON& Tower with Radar,56,33,48,0,137,0,2,27,0,29,56,35,75,0,166,42,0,42,208
05/09/2021,TYS,TN,ASO,ES,Combined TRACON& Tower with Radar,71,49,68,14,202,0,0,16,4,20,71,49,84,18,222,16,0,16,238
05/10/2021,TYS,TN,ASO,ES,Combined TRACON& Tower with Radar,76,50,88,21,235,0,0,5,0,5,76,50,93,21,240,0,0,0,240
05/11/2021,TYS,TN,ASO,ES,Combined TRACON& Tower with Radar,63,32,95,41,231,0,0,58,8,66,63,32,153,49,297,16,34,50,347
05/12/2021,TYS,TN,ASO,ES,Combined TRACON& Tower with Radar,66,41,98,24,229,0,1,46,1,48,66,42,144,25,277,34,34,68,345
05/13/2021,TYS,TN,ASO,ES,Combined TRACON& Tower with Radar,85,57,105,14,261,0,0,52,16,68,85,57,157,30,329,102,0,102,431
05/14/2021,TYS,TN,ASO,ES,Combined TRACON& Tower with Radar,80,64,91,34,269,0,0,54,7,61,80,64,145,41,330,102,80,182,512
05/15/2021,TYS,TN,ASO,ES,Combined TRACON& Tower with Radar,58,45,49,26,178,0,1,30,15,46,58,46,79,41,224,28,52,80,304
05/16/2021,TYS,TN,ASO,ES,Combined TRACON& Tower with Radar,74,50,68,2,194,0,0,34,0,34,74,50,102,2,228,22,0,22,250
05/17/2021,TYS,TN,ASO,ES,Combined TRACON& Tower with Radar,77,57,78,5,217,0,1,62,0,63,77,58,140,5,280,58,0,58,338
05/18/2021,TYS,TN,ASO,ES,Combined TRACON& Tower with Radar,63,47,96,57,263,0,0,52,14,66,63,47,148,71,329,52,36,88,417
05/19/2021,TYS,TN,ASO,ES,Combined TRACON& Tower with Radar,69,49,84,38,240,0,0,42,7,49,69,49,126,45,289,80,68,148,437
05/20/2021,TYS,TN,ASO,ES,Combined TRACON& Tower with Radar,80,85,95,32,292,0,0,52,24,76,80,85,147,56,368,72,42,114,482
05/21/2021,TYS,TN,ASO,ES,Combined TRACON& Tower with Radar,80,43,88,56,267,0,2,55,12,69,80,45,143,68,336,38,66,104,440
05/22/2021,TYS,TN,ASO,ES,Combined TRACON& Tower with Radar,58,36,49,9,152,0,2,38,16,56,58,38,87,25,208,28,86,114,322
05/23/2021,TYS,TN,ASO,ES,Combined TRACON& Tower with Radar,73,58,81,10,222,0,1,34,2,37,73,59,115,12,259,70,0,70,329
05/24/2021,TYS,TN,ASO,ES,Combined TRACON& Tower with Radar,77,43,70,34,224,0,4,49,4,57,77,47,119,38,281,0,30,30,311
05/25/2021,TYS,TN,ASO,ES,Combined TRACON& Tower with Radar,67,51,66,51,235,0,0,44,7,51,67,51,110,58,286,30,104,134,420
05/26/2021,TYS,TN,ASO,ES,Combined TRACON& Tower with Radar,75,51,97,42,265,0,0,48,8,56,75,51,145,50,321,22,42,64,385
05/27/2021,TYS,TN,ASO,ES,Combined TRACON& Tower with Radar,78,75,82,24,259,0,2,26,11,39,78,77,108,35,298,44,14,58,356
05/28/2021,TYS,TN,ASO,ES,Combined TRACON& Tower with Radar,91,52,63,13,219,0,0,8,2,10,91,52,71,15,229,6,20,26,255
05/29/2021,TYS,TN,ASO,ES,Combined TRACON& Tower with Radar,66,43,56,0,165,0,0,7,0,7,66,43,63,0,172,12,0,12,184
05/30/2021,TYS,TN,ASO,ES,Combined TRACON& Tower with Radar,61,38,28,2,129,0,1,10,0,11,61,39,38,2,140,22,0,22,162
05/31/2021,TYS,TN,ASO,ES,Combined TRACON& Tower with Radar,80,51,62,0,193,0,0,33,0,33,80,51,95,0,226,32,0,32,258
06/01/2021,TYS,TN,ASO,ES,Combined TRACON& Tower with Radar,62,47,96,35,240,0,4,40,16,60,62,51,136,51,300,78,74,152,452
06/02/2021,TYS,TN,ASO,ES,Combined TRACON& Tower with Radar,74,48,71,14,207,0,0,41,6,47,74,48,112,20,254,42,10,52,306
06/03/2021,TYS,TN,ASO,ES,Combined TRACON& Tower with Radar,81,64,89,0,234,0,0,15,6,21,81,64,104,6,255,0,36,36,291
06/04/2021,TYS,TN,ASO,ES,Combined TRACON& Tower with Radar,95,50,96,42,283,0,1,31,13,45,95,51,127,55,328,44,44,88,416
06/05/2021,TYS,TN,ASO,ES,Combined TRACON& Tower with Radar,69,46,45,21,181,0,6,25,4,35,69,52,70,25,216,0,10,10,226
06/06/2021,TYS,TN,ASO,ES,Combined TRACON& Tower with Radar,79,50,71,0,200,0,0,16,2,18,79,50,87,2,218,50,0,50,268
06/07/2021,TYS,TN,ASO,ES,Combined TRACON& Tower with Radar,106,42,80,12,240,0,1,14,0,15,106,43,94,12,255,52,12,64,319
06/08/2021,TYS,TN,ASO,ES,Combined TRACON& Tower with Radar,74,43,93,7,217,0,0,28,9,37,74,43,121,16,254,26,18,44,298
06/09/2021,TYS,TN,ASO,ES,Combined TRACON& Tower with Radar,78,40,99,5,222,0,0,22,3,25,78,40,121,8,247,28,12,40,287
06/10/2021,TYS,TN,ASO,ES,Combined TRACON& Tower with Radar,95,51,155,27,328,0,0,13,15,28,95,51,168,42,356,26,38,64,420
06/11/2021,TYS,TN,ASO,ES,Combined TRACON& Tower with Radar,91,44,91,11,237,0,0,3,2,5,91,44,94,13,242,8,4,12,254
06/12/2021,TYS,TN,ASO,ES,Combined TRACON& Tower with Radar,76,47,58,1,182,0,0,12,0,12,76,47,70,1,194,30,0,30,224
06/13/2021,TYS,TN,ASO,ES,Combined TRACON& Tower with Radar,82,65,78,18,243,0,0,26,3,29,82,65,104,21,272,60,0,60,332
06/14/2021,TYS,TN,ASO,ES,Combined TRACON& Tower with Radar,88,40,87,19,234,0,2,64,3,69,88,42,151,22,303,0,0,0,303
06/15/2021,TYS,TN,ASO,ES,Combined TRACON& Tower with Radar,74,33,76,56,239,0,2,80,15,97,74,35,156,71,336,78,70,148,484
06/16/2021,TYS,TN,ASO,ES,Combined TRACON& Tower with Radar,83,37,99,19,238,0,0,70,10,80,83,37,169,29,318,186,40,226,544
06/17/2021,TYS,TN,ASO,ES,Combined TRACON& Tower with Radar,89,51,102,25,267,0,0,81,20,101,89,51,183,45,368,132,42,174,542
06/18/2021,TYS,TN,ASO,ES,Combined TRACON& Tower with Radar,90,57,91,10,248,0,0,59,6,65,90,57,150,16,313,90,0,90,403
06/19/2021,TYS,TN,ASO,ES,Combined TRACON& Tower with Radar,67,37,35,2,141,0,2,49,4,55,67,39,84,6,196,0,0,0,196
06/20/2021,TYS,TN,ASO,ES,Combined TRACON& Tower with Radar,77,41,81,8,207,0,2,23,0,25,77,43,104,8,232,78,0,78,310
06/21/2021,TYS,TN,ASO,ES,Combined TRACON& Tower with Radar,87,44,91,33,255,0,0,25,0,25,87,44,116,33,280,68,22,90,370
06/22/2021,TYS,TN,ASO,ES,Combined TRACON& Tower with Radar,79,51,116,49,295,0,0,28,2,30,79,51,144,51,325,36,44,80,405
06/23/2021,TYS,TN,ASO,ES,Combined TRACON& Tower with Radar,83,48,93,16,240,0,6,65,5,76,83,54,158,21,316,146,20,166,482
06/24/2021,TYS,TN,ASO,ES,Combined TRACON& Tower with Radar,89,64,90,37,280,0,3,60,4,67,89,67,150,41,347,100,24,124,471
06/25/2021,TYS,TN,ASO,ES,Combined TRACON& Tower with Radar,93,54,96,34,277,0,0,38,7,45,93,54,134,41,322,132,12,144,466
06/26/2021,TYS,TN,ASO,ES,Combined TRACON& Tower with Radar,68,37,54,15,174,0,0,44,3,47,68,37,98,18,221,60,20,80,301
06/27/2021,TYS,TN,ASO,ES,Combined TRACON& Tower with Radar,80,52,61,8,201,0,0,20,0,20,80,52,81,8,221,114,0,114,335
06/28/2021,TYS,TN,ASO,ES,Combined TRACON& Tower with Radar,89,43,70,36,238,0,1,55,4,60,89,44,125,40,298,58,22,80,378
06/29/2021,TYS,TN,ASO,ES,Combined TRACON& Tower with Radar,73,43,68,50,234,0,0,41,23,64,73,43,109,73,298,30,128,158,456
06/30/2021,TYS,TN,ASO,ES,Combined TRACON& Tower with Radar,83,59,105,46,293,0,6,48,12,66,83,65,153,58,359,110,38,148,507
07/01/2021,TYS,TN,ASO,ES,Combined TRACON& Tower with Radar,89,49,95,0,233,0,0,33,5,38,89,49,128,5,271,28,10,38,309
07/02/2021,TYS,TN,ASO,ES,Combined TRACON& Tower with Radar,87,55,71,1,214,0,3,20,1,24,87,58,91,2,238,64,0,64,302
07/03/2021,TYS,TN,ASO,ES,Combined TRACON& Tower with Radar,70,46,35,0,151,0,0,21,0,21,70,46,56,0,172,101,0,101,273
07/04/2021,TYS,TN,ASO,ES,Combined TRACON& Tower with Radar,67,36,11,0,114,0,0,16,0,16,67,36,27,0,130,22,0,22,152
07/05/2021,TYS,TN,ASO,ES,Combined TRACON& Tower with Radar,78,57,60,9,204,0,0,31,0,31,78,57,91,9,235,8,0,8,243
07/06/2021,TYS,TN,ASO,ES,Combined TRACON& Tower with Radar,68,46,67,57,238,0,2,75,2,79,68,48,142,59,317,122,98,220,537
07/07/2021,TYS,TN,ASO,ES,Combined TRACON& Tower with Radar,78,45,107,23,253,0,0,43,1,44,78,45,150,24,297,140,18,158,455
07/08/2021,TYS,TN,ASO,ES,Combined TRACON& Tower with Radar,87,56,86,60,289,0,2,37,12,51,87,58,123,72,340,70,138,208,548
07/09/2021,TYS,TN,ASO,ES,Combined TRACON& Tower with Radar,88,50,98,21,257,0,0,15,9,24,88,50,113,30,281,70,8,78,359
07/10/2021,TYS,TN,ASO,ES,Combined TRACON& Tower with Radar,69,43,44,6,162,0,0,7,2,9,69,43,51,8,171,16,10,26,197
07/11/2021,TYS,TN,ASO,ES,Combined TRACON& Tower with Radar,80,37,55,14,186,0,0,3,1,4,80,37,58,15,190,42,0,42,232
07/12/2021,TYS,TN,ASO,ES,Combined TRACON& Tower with Radar,81,43,92,10,226,0,0,24,3,27,81,43,116,13,253,14,0,14,267
07/13/2021,TYS,TN,ASO,ES,Combined TRACON& Tower with Radar,68,54,98,31,251,0,0,40,3,43,68,54,138,34,294,166,22,188,482
07/14/2021,TYS,TN,ASO,ES,Combined TRACON& Tower with Radar,80,57,78,45,260,0,0,69,0,69,80,57,147,45,329,154,92,246,575
07/15/2021,TYS,TN,ASO,ES,Combined TRACON& Tower with Radar,83,65,126,53,327,0,5,67,3,75,83,70,193,56,402,182,24,206,608
07/16/2021,TYS,TN,ASO,ES,Combined TRACON& Tower with Radar,89,57,90,30,266,0,0,48,0,48,89,57,138,30,314,0,0,0,314
07/17/2021,TYS,TN,ASO,ES,Combined TRACON& Tower with Radar,59,38,42,1,140,0,0,6,3,9,59,38,48,4,149,72,0,72,221
07/18/2021,TYS,TN,ASO,ES,Combined TRACON& Tower with Radar,78,45,64,8,195,0,0,3,0,3,78,45,67,8,198,0,0,0,198
07/19/2021,TYS,TN,ASO,ES,Combined TRACON& Tower with Radar,78,49,92,14,233,0,0,17,0,17,78,49,109,14,250,26,8,34,284
07/20/2021,TYS,TN,ASO,ES,Combined TRACON& Tower with Radar,73,43,113,15,244,0,0,58,0,58,73,43,171,15,302,36,16,52,354
07/21/2021,TYS,TN,ASO,ES,Combined TRACON& Tower with Radar,80,56,108,38,282,0,2,93,4,99,80,58,201,42,381,0,52,52,433
07/22/2021,TYS,TN,ASO,ES,Combined TRACON& Tower with Radar,89,52,103,24,268,0,6,74,1,81,89,58,177,25,349,22,10,32,381
07/23/2021,TYS,TN,ASO,ES,Combined TRACON& Tower with Radar,89,52,98,36,275,0,0,92,5,97,89,52,190,41,372,38,24,62,434
07/24/2021,TYS,TN,ASO,ES,Combined TRACON& Tower with Radar,70,58,53,29,210,0,1,39,4,44,70,59,92,33,254,49,0,49,303
07/25/2021,TYS,TN,ASO,ES,Combined TRACON& Tower with Radar,85,59,66,9,219,0,0,26,0,26,85,59,92,9,245,40,0,40,285
07/26/2021,TYS,TN,ASO,ES,Combined TRACON& Tower with Radar,91,56,81,1,229,0,0,33,0,33,91,56,114,1,262,48,0,48,310
07/27/2021,TYS,TN,ASO,ES,Combined TRACON& Tower with Radar,86,52,91,58,287,0,3,38,8,49,86,55,129,66,336,34,98,132,468
07/28/2021,TYS,TN,ASO,ES,Combined TRACON& Tower with Radar,84,62,104,44,294,0,4,66,4,74,84,66,170,48,368,116,8,124,492
07/29/2021,TYS,TN,ASO,ES,Combined TRACON& Tower with Radar,88,51,129,21,289,0,0,69,6,75,88,51,198,27,364,154,20,174,538
07/30/2021,TYS,TN,ASO,ES,Combined TRACON& Tower with Radar,87,62,107,56,312,0,0,52,3,55,87,62,159,59,367,88,26,114,481
07/31/2021,TYS,TN,ASO,ES,Combined TRACON& Tower with Radar,65,45,64,53,227,0,0,25,1,26,65,45,89,54,253,42,28,70,323
08/01/2021,TYS,TN,ASO,ES,Combined TRACON& Tower with Radar,78,45,95,12,230,0,0,17,7,24,78,45,112,19,254,8,0,8,262
08/02/2021,TYS,TN,ASO,ES,Combined TRACON& Tower with Radar,75,47,83,21,226,0,0,69,2,71,75,47,152,23,297,96,0,96,393
08/03/2021,TYS,TN,ASO,ES,Combined TRACON& Tower with Radar,59,47,111,47,264,0,2,62,8,72,59,49,173,55,336,94,18,112,448
08/04/2021,TYS,TN,ASO,ES,Combined TRACON& Tower with Radar,70,50,124,24,268,0,0,22,0,22,70,50,146,24,290,54,46,100,390
08/05/2021,TYS,TN,ASO,ES,Combined TRACON& Tower with Radar,80,60,106,26,272,0,2,39,10,51,80,62,145,36,323,120,8,128,451
08/06/2021,TYS,TN,ASO,ES,Combined TRACON& Tower with Radar,84,55,102,42,283,0,0,58,11,69,84,55,160,53,352,50,26,76,428
08/07/2021,TYS,TN,ASO,ES,Combined TRACON& Tower with Radar,47,47,52,4,150,0,0,24,1,25,47,47,76,5,175,62,10,72,247
08/08/2021,TYS,TN,ASO,ES,Combined TRACON& Tower with Radar,66,52,57,4,179,0,0,42,4,46,66,52,99,8,225,138,0,138,363
08/09/2021,TYS,TN,ASO,ES,Combined TRACON& Tower with Radar,75,49,81,12,217,0,0,64,0,64,75,49,145,12,281,44,0,44,325
08/10/2021,TYS,TN,ASO,ES,Combined TRACON& Tower with Radar,51,56,100,33,240,0,1,26,9,36,51,57,126,42,276,56,82,138,414
08/11/2021,TYS,TN,ASO,ES,Combined TRACON& Tower with Radar,67,69,106,29,271,0,0,66,6,72,67,69,172,35,343,70,42,112,455
08/12/2021,TYS,TN,ASO,ES,Combined TRACON& Tower with Radar,75,71,95,13,254,0,2,70,2,74,75,73,165,15,328,72,8,80,408
08/13/2021,TYS,TN,ASO,ES,Combined TRACON& Tower with Radar,75,49,99,6,229,0,2,58,2,62,75,51,157,8,291,124,16,140,431
08/14/2021,TYS,TN,ASO,ES,Combined TRACON& Tower with Radar,51,49,39,2,141,0,1,31,9,41,51,50,70,11,182,30,4,34,216
08/15/2021,TYS,TN,ASO,ES,Combined TRACON& Tower with Radar,64,54,59,5,182,0,0,2,0,2,64,54,61,5,184,0,0,0,184
08/16/2021,TYS,TN,ASO,ES,Combined TRACON& Tower with Radar,72,47,79,3,201,0,0,26,2,28,72,47,105,5,229,20,0,20,249
08/17/2021,TYS,TN,ASO,ES,Combined TRACON& Tower with Radar,59,62,61,5,187,0,0,0,0,0,59,62,61,5,187,0,0,0,187
08/18/2021,TYS,TN,ASO,ES,Combined TRACON& Tower with Radar,62,51,138,33,284,0,0,48,5,53,62,51,186,38,337,66,38,104,441
08/19/2021,TYS,TN,ASO,ES,Combined TRACON& Tower with Radar,79,64,114,25,282,0,0,33,2,35,79,64,147,27,317,124,16,140,457
08/20/2021,TYS,TN,ASO,ES,Combined TRACON& Tower with Radar,77,53,123,32,285,0,0,24,9,33,77,53,147,41,318,44,28,72,390
08/21/2021,TYS,TN,ASO,ES,Combined TRACON& Tower with Radar,51,46,51,15,163,0,0,19,8,27,51,46,70,23,190,70,0,70,260
08/22/2021,TYS,TN,ASO,ES,Combined TRACON& Tower with Radar,72,70,80,7,229,0,1,15,3,19,72,71,95,10,248,46,0,46,294
08/23/2021,TYS,TN,ASO,ES,Combined TRACON& Tower with Radar,65,46,91,16,218,0,2,51,1,54,65,48,142,17,272,38,0,38,310
08/24/2021,TYS,TN,ASO,ES,Combined TRACON& Tower with Radar,58,52,110,42,262,0,0,72,7,79,58,52,182,49,341,51,14,65,406
08/25/2021,TYS,TN,ASO,ES,Combined TRACON& Tower with Radar,66,57,97,38,258,0,3,53,5,61,66,60,150,43,319,56,20,76,395
08/26/2021,TYS,TN,ASO,ES,Combined TRACON& Tower with Radar,79,53,110,11,253,0,0,54,10,64,79,53,164,21,317,22,80,102,419
08/27/2021,TYS,TN,ASO,ES,Combined TRACON& Tower with Radar,73,57,117,28,275,0,1,54,8,63,73,58,171,36,338,47,0,47,385
08/28/2021,TYS,TN,ASO,ES,Combined TRACON& Tower with Radar,54,55,42,15,166,0,0,18,0,18,54,55,60,15,184,36,0,36,220
08/29/2021,TYS,TN,ASO,ES,Combined TRACON& Tower with Radar,68,61,57,3,189,0,2,32,3,37,68,63,89,6,226,92,0,92,318
08/30/2021,TYS,TN,ASO,ES,Combined TRACON& Tower with Radar,69,53,80,26,228,0,0,54,0,54,69,53,134,26,282,72,28,100,382
08/31/2021,TYS,TN,ASO,ES,Combined TRACON& Tower with Radar,58,37,45,10,150,0,0,2,0,2,58,37,47,10,152,0,0,0,152
09/01/2021,TYS,TN,ASO,ES,Combined TRACON& Tower with Radar,78,47,108,35,268,0,2,15,2,19,78,49,123,37,287,30,12,42,329
09/02/2021,TYS,TN,ASO,ES,Combined TRACON& Tower with Radar,85,60,97,41,283,0,3,82,8,93,85,63,179,49,376,162,94,256,632
09/03/2021,TYS,TN,ASO,ES,Combined TRACON& Tower with Radar,78,59,111,8,256,0,7,62,5,74,78,66,173,13,330,132,16,148,478
09/04/2021,TYS,TN,ASO,ES,Combined TRACON& Tower with Radar,48,44,48,0,140,0,4,44,2,50,48,48,92,2,190,109,0,109,299
09/05/2021,TYS,TN,ASO,ES,Combined TRACON& Tower with Radar,60,34,28,0,122,0,2,13,0,15,60,36,41,0,137,8,0,8,145
09/06/2021,TYS,TN,ASO,ES,Combined TRACON& Tower with Radar,63,67,60,1,191,0,2,21,0,23,63,69,81,1,214,50,0,50,264
09/07/2021,TYS,TN,ASO,ES,Combined TRACON& Tower with Radar,50,54,103,14,221,0,4,54,3,61,50,58,157,17,282,22,12,34,316
09/08/2021,TYS,TN,ASO,ES,Combined TRACON& Tower with Radar,66,55,116,40,277,0,2,26,1,29,66,57,142,41,306,66,16,82,388
09/09/2021,TYS,TN,ASO,ES,Combined TRACON& Tower with Radar,86,67,110,45,308,0,2,80,4,86,86,69,190,49,394,104,40,144,538
09/10/2021,TYS,TN,ASO,ES,Combined TRACON& Tower with Radar,79,56,125,32,292,0,7,77,4,88,79,63,202,36,380,78,52,130,510
09/11/2021,TYS,TN,ASO,ES,Combined TRACON& Tower with Radar,62,38,74,8,182,0,4,44,6,54,62,42,118,14,236,30,0,30,266
09/12/2021,TYS,TN,ASO,ES,Combined TRACON& Tower with Radar,82,50,77,4,213,0,4,34,2,40,82,54,111,6,253,10,0,10,263
09/13/2021,TYS,TN,ASO,ES,Combined TRACON& Tower with Radar,82,50,82,19,233,0,2,38,0,40,82,52,120,19,273,58,14,72,345
09/14/2021,TYS,TN,ASO,ES,Combined TRACON& Tower with Radar,65,41,102,50,258,0,2,68,10,80,65,43,170,60,338,34,76,110,448
09/15/2021,TYS,TN,ASO,ES,Combined TRACON& Tower with Radar,74,45,119,40,278,0,0,48,11,59,74,45,167,51,337,70,54,124,461
09/16/2021,TYS,TN,ASO,ES,Combined TRACON& Tower with Radar,91,66,135,41,333,0,0,64,1,65,91,66,199,42,398,92,54,146,544
09/17/2021,TYS,TN,ASO,ES,Combined TRACON& Tower with Radar,86,61,126,29,302,0,0,34,2,36,86,61,160,31,338,28,38,66,404
09/18/2021,TYS,TN,ASO,ES,Combined TRACON& Tower with Radar,70,46,55,2,173,0,0,18,6,24,70,46,73,8,197,46,14,60,257
09/19/2021,TYS,TN,ASO,ES,Combined TRACON& Tower with Radar,84,55,118,3,260,0,0,6,4,10,84,55,124,7,270,52,18,70,340
09/20/2021,TYS,TN,ASO,ES,Combined TRACON& Tower with Radar,78,46,80,16,220,0,2,16,0,18,78,48,96,16,238,8,6,14,252
09/21/2021,TYS,TN,ASO,ES,Combined TRACON& Tower with Radar,69,42,109,60,280,0,0,13,0,13,69,42,122,60,293,66,36,102,395
09/22/2021,TYS,TN,ASO,ES,Combined TRACON& Tower with Radar,75,50,82,5,212,0,0,13,0,13,75,50,95,5,225,8,0,8,233
09/23/2021,TYS,TN,ASO,ES,Combined TRACON& Tower with Radar,91,46,127,13,277,0,5,91,4,100,91,51,218,17,377,106,0,106,483
09/24/2021,TYS,TN,ASO,ES,Combined TRACON& Tower with Radar,87,62,103,0,252,0,0,76,2,78,87,62,179,2,330,8,0,8,338
09/25/2021,TYS,TN,ASO,ES,Combined TRACON& Tower with Radar,68,38,40,0,146,0,1,38,2,41,68,39,78,2,187,0,0,0,187
09/26/2021,TYS,TN,ASO,ES,Combined TRACON& Tower with Radar,89,58,75,0,222,0,0,46,0,46,89,58,121,0,268,10,0,10,278
09/27/2021,TYS,TN,ASO,ES,Combined TRACON& Tower with Radar,76,43,84,6,209,0,2,51,5,58,76,45,135,11,267,54,0,54,321
09/28/2021,TYS,TN,ASO,ES,Combined TRACON& Tower with Radar,65,50,85,36,236,0,5,64,1,70,65,55,149,37,306,40,52,92,398
09/29/2021,TYS,TN,ASO,ES,Combined TRACON& Tower with Radar,74,62,119,10,265,0,1,75,2,78,74,63,194,12,343,82,18,100,443
09/30/2021,TYS,TN,ASO,ES,Combined TRACON& Tower with Radar,93,68,125,29,315,0,0,48,11,59,93,68,173,40,374,46,4,50,424
10/01/2021,TYS,TN,ASO,ES,Combined TRACON& Tower with Radar,88,62,89,34,273,0,1,65,0,66,88,63,154,34,339,48,16,64,403
10/02/2021,TYS,TN,ASO,ES,Combined TRACON& Tower with Radar,66,45,51,13,175,0,0,30,8,38,66,45,81,21,213,22,0,22,235
10/03/2021,TYS,TN,ASO,ES,Combined TRACON& Tower with Radar,86,59,90,11,246,0,0,2,0,2,86,59,92,11,248,0,0,0,248
10/04/2021,TYS,TN,ASO,ES,Combined TRACON& Tower with Radar,84,42,86,5,217,0,2,39,1,42,84,44,125,6,259,16,0,16,275
10/05/2021,TYS,TN,ASO,ES,Combined TRACON& Tower with Radar,69,55,108,36,268,0,0,10,0,10,69,55,118,36,278,0,18,18,296
10/06/2021,TYS,TN,ASO,ES,Combined TRACON& Tower with Radar,81,83,120,30,314,0,1,27,2,30,81,84,147,32,344,41,59,100,444
10/07/2021,TYS,TN,ASO,ES,Combined TRACON& Tower with Radar,92,59,113,35,299,0,0,33,2,35,92,59,146,37,334,50,36,86,420
10/08/2021,TYS,TN,ASO,ES,Combined TRACON& Tower with Radar,83,87,122,23,315,0,0,25,5,30,83,87,147,28,345,32,28,60,405
10/09/2021,TYS,TN,ASO,ES,Combined TRACON& Tower with Radar,80,50,99,7,236,0,0,20,2,22,80,50,119,9,258,26,0,26,284
10/10/2021,TYS,TN,ASO,ES,Combined TRACON& Tower with Radar,85,65,74,3,227,0,0,42,0,42,85,65,116,3,269,32,0,32,301
10/11/2021,TYS,TN,ASO,ES,Combined TRACON& Tower with Radar,79,64,98,1,242,0,4,52,0,56,79,68,150,1,298,20,0,20,318
10/12/2021,TYS,TN,ASO,ES,Combined TRACON& Tower with Radar,79,44,110,41,274,0,0,31,3,34,79,44,141,44,308,79,17,96,404
10/13/2021,TYS,TN,ASO,ES,Combined TRACON& Tower with Radar,79,62,104,33,278,0,2,37,5,44,79,64,141,38,322,63,31,94,416
10/14/2021,TYS,TN,ASO,ES,Combined TRACON& Tower with Radar,88,73,125,22,308,0,2,38,14,54,88,75,163,36,362,33,10,43,405
10/15/2021,TYS,TN,ASO,ES,Combined TRACON& Tower with Radar,66,98,126,26,316,0,3,49,22,74,66,101,175,48,390,15,0,15,405
10/16/2021,TYS,TN,ASO,ES,Combined TRACON& Tower with Radar,51,100,82,2,235,0,0,14,0,14,51,100,96,2,249,11,0,11,260
10/17/2021,TYS,TN,ASO,ES,Combined TRACON& Tower with Radar,84,81,164,3,332,0,1,36,2,39,84,82,200,5,371,27,0,27,398
10/18/2021,TYS,TN,ASO,ES,Combined TRACON& Tower with Radar,87,56,101,27,271,0,4,52,4,60,87,60,153,31,331,69,12,81,412
10/19/2021,TYS,TN,ASO,ES,Combined TRACON& Tower with Radar,77,49,118,41,285,0,3,80,10,93,77,52,198,51,378,55,33,88,466
10/20/2021,TYS,TN,ASO,ES,Combined TRACON& Tower with Radar,78,48,121,68,315,0,2,74,13,89,78,50,195,81,404,94,54,148,552
10/21/2021,TYS,TN,ASO,ES,Combined TRACON& Tower with Radar,87,59,139,1,286,0,0,17,6,23,87,59,156,7,309,4,39,43,352
10/22/2021,TYS,TN,ASO,ES,Combined TRACON& Tower with Radar,92,67,117,32,308,0,0,43,7,50,92,67,160,39,358,59,22,81,439
10/23/2021,TYS,TN,ASO,ES,Combined TRACON& Tower with Radar,69,42,56,4,171,0,1,30,2,33,69,43,86,6,204,26,0,26,230
10/24/2021,TYS,TN,ASO,ES,Combined TRACON& Tower with Radar,86,51,79,3,219,0,0,40,0,40,86,51,119,3,259,32,0,32,291
10/25/2021,TYS,TN,ASO,ES,Combined TRACON& Tower with Radar,79,56,87,16,238,0,0,20,1,21,79,56,107,17,259,12,16,28,287
10/26/2021,TYS,TN,ASO,ES,Combined TRACON& Tower with Radar,73,47,132,47,299,0,0,30,16,46,73,47,162,63,345,100,16,116,461
10/27/2021,TYS,TN,ASO,ES,Combined TRACON& Tower with Radar,78,64,106,58,306,0,0,89,11,100,78,64,195,69,406,88,44,132,538
10/28/2021,TYS,TN,ASO,ES,Combined TRACON& Tower with Radar,87,57,132,18,294,0,0,21,0,21,87,57,153,18,315,3,0,3,318
10/29/2021,TYS,TN,ASO,ES,Combined TRACON& Tower with Radar,85,69,114,12,280,0,0,0,2,2,85,69,114,14,282,10,8,18,300
10/30/2021,TYS,TN,ASO,ES,Combined TRACON& Tower with Radar,67,47,38,2,154,0,0,0,0,0,67,47,38,2,154,0,0,0,154
10/31/2021,TYS,TN,ASO,ES,Combined TRACON& Tower with Radar,75,61,95,2,233,0,2,13,0,15,75,63,108,2,248,34,0,34,282
11/01/2021,TYS,TN,ASO,ES,Combined TRACON& Tower with Radar,77,53,88,18,236,0,0,75,1,76,77,53,163,19,312,36,0,36,348
11/02/2021,TYS,TN,ASO,ES,Combined TRACON& Tower with Radar,66,45,116,44,271,0,0,70,8,78,66,45,186,52,349,46,32,78,427
11/03/2021,TYS,TN,ASO,ES,Combined TRACON& Tower with Radar,76,36,117,33,262,0,0,59,2,61,76,36,176,35,323,52,19,71,394
11/04/2021,TYS,TN,ASO,ES,Combined TRACON& Tower with Radar,91,56,121,42,310,0,0,6,13,19,91,56,127,55,329,25,15,40,369
11/05/2021,TYS,TN,ASO,ES,Combined TRACON& Tower with Radar,91,43,115,31,280,0,0,45,22,67,91,43,160,53,347,39,27,66,413
11/06/2021,TYS,TN,ASO,ES,Combined TRACON& Tower with Radar,69,38,34,23,164,0,0,37,1,38,69,38,71,24,202,27,6,33,235
11/07/2021,TYS,TN,ASO,ES,Combined TRACON& Tower with Radar,75,50,85,8,218,0,2,43,18,63,75,52,128,26,281,22,6,28,309
11/08/2021,TYS,TN,ASO,ES,Combined TRACON& Tower with Radar,81,67,81,12,241,0,0,67,4,71,81,67,148,16,312,50,13,63,375
11/09/2021,TYS,TN,ASO,ES,Combined TRACON& Tower with Radar,67,56,108,27,258,0,3,93,10,106,67,59,201,37,364,40,16,56,420
11/10/2021,TYS,TN,ASO,ES,Combined TRACON& Tower with Radar,68,56,110,46,280,0,3,82,12,97,68,59,192,58,377,51,51,102,479
11/11/2021,TYS,TN,ASO,ES,Combined TRACON& Tower with Radar,92,62,80,4,238,0,0,12,2,14,92,62,92,6,252,23,0,23,275
11/12/2021,TYS,TN,ASO,ES,Combined TRACON& Tower with Radar,93,67,150,17,327,0,2,51,4,57,93,69,201,21,384,36,6,42,426
11/13/2021,TYS,TN,ASO,ES,Combined TRACON& Tower with Radar,65,75,117,0,257,0,0,52,2,54,65,75,169,2,311,20,0,20,331
11/14/2021,TYS,TN,ASO,ES,Combined TRACON& Tower with Radar,79,72,117,1,269,0,0,34,0,34,79,72,151,1,303,10,0,10,313
11/15/2021,TYS,TN,ASO,ES,Combined TRACON& Tower with Radar,84,62,88,1,235,0,4,50,4,58,84,66,138,5,293,78,0,78,371
11/16/2021,TYS,TN,ASO,ES,Combined TRACON& Tower with Radar,64,43,116,37,260,0,0,28,9,37,64,43,144,46,297,76,15,91,388
11/17/2021,TYS,TN,ASO,ES,Combined TRACON& Tower with Radar,67,60,127,48,302,0,0,56,14,70,67,60,183,62,372,50,20,70,442
11/18/2021,TYS,TN,ASO,ES,Combined TRACON& Tower with Radar,90,69,105,0,264,0,0,7,10,17,90,69,112,10,281,0,15,15,296
11/19/2021,TYS,TN,ASO,ES,Combined TRACON& Tower with Radar,90,65,104,13,272,0,2,58,11,71,90,67,162,24,343,42,36,78,421
11/20/2021,TYS,TN,ASO,ES,Combined TRACON& Tower with Radar,59,56,67,4,186,0,1,42,7,50,59,57,109,11,236,18,2,20,256
11/21/2021,TYS,TN,ASO,ES,Combined TRACON& Tower with Radar,84,58,97,9,248,0,1,21,1,23,84,59,118,10,271,6,6,12,283
11/22/2021,TYS,TN,ASO,ES,Combined TRACON& Tower with Radar,79,52,93,25,249,0,0,40,12,52,79,52,133,37,301,12,24,36,337
11/23/2021,TYS,TN,ASO,ES,Combined TRACON& Tower with Radar,86,62,115,41,304,0,4,51,17,72,86,66,166,58,376,16,46,62,438
11/24/2021,TYS,TN,ASO,ES,Combined TRACON& Tower with Radar,88,55,72,23,238,0,1,39,0,40,88,56,111,23,278,28,30,58,336
11/25/2021,TYS,TN,ASO,ES,Combined TRACON& Tower with Radar,34,30,22,0,86,0,0,9,0,9,34,30,31,0,95,2,0,2,97
11/26/2021,TYS,TN,ASO,ES,Combined TRACON& Tower with Radar,59,52,50,0,161,0,0,20,2,22,59,52,70,2,183,14,0,14,197
11/27/2021,TYS,TN,ASO,ES,Combined TRACON& Tower with Radar,77,47,75,1,200,0,0,20,0,20,77,47,95,1,220,3,0,3,223
11/28/2021,TYS,TN,ASO,ES,Combined TRACON& Tower with Radar,87,58,115,1,261,0,0,35,0,35,87,58,150,1,296,10,0,10,306
11/29/2021,TYS,TN,ASO,ES,Combined TRACON& Tower with Radar,85,51,82,8,226,0,1,40,4,45,85,52,122,12,271,20,9,29,300
11/30/2021,TYS,TN,ASO,ES,Combined TRACON& Tower with Radar,74,48,88,25,235,0,0,75,5,80,74,48,163,30,315,45,8,53,368
12/01/2021,TYS,TN,ASO,ES,Combined TRACON& Tower with Radar,71,49,93,34,247,0,0,51,3,54,71,49,144,37,301,55,28,83,384
12/02/2021,TYS,TN,ASO,ES,Combined TRACON& Tower with Radar,92,59,95,26,272,0,6,47,17,70,92,65,142,43,342,59,14,73,415
12/03/2021,TYS,TN,ASO,ES,Combined TRACON& Tower with Radar,85,61,90,38,274,0,1,54,16,71,85,62,144,54,345,42,7,49,394
12/04/2021,TYS,TN,ASO,ES,Combined TRACON& Tower with Radar,56,45,53,19,173,0,0,20,5,25,56,45,73,24,198,33,0,33,231
12/05/2021,TYS,TN,ASO,ES,Combined TRACON& Tower with Radar,77,44,65,2,188,0,0,15,1,16,77,44,80,3,204,49,0,49,253
12/06/2021,TYS,TN,ASO,ES,Combined TRACON& Tower with Radar,76,60,69,4,209,0,0,3,2,5,76,60,72,6,214,11,0,11,225
12/07/2021,TYS,TN,ASO,ES,Combined TRACON& Tower with Radar,65,55,89,35,244,0,0,63,13,76,65,55,152,48,320,62,20,82,402
12/08/2021,TYS,TN,ASO,ES,Combined TRACON& Tower with Radar,69,64,118,35,286,0,0,43,1,44,69,64,161,36,330,65,28,93,423
12/09/2021,TYS,TN,ASO,ES,Combined TRACON& Tower with Radar,85,62,116,30,293,0,1,69,19,89,85,63,185,49,382,78,8,86,468
12/10/2021,TYS,TN,ASO,ES,Combined TRACON& Tower with Radar,84,57,82,46,269,0,0,2,0,2,84,57,84,46,271,22,6,28,299
12/11/2021,TYS,TN,ASO,ES,Combined TRACON& Tower with Radar,61,51,22,1,135,0,0,1,0,1,61,51,23,1,136,0,0,0,136
12/12/2021,TYS,TN,ASO,ES,Combined TRACON& Tower with Radar,81,54,53,2,190,0,0,35,0,35,81,54,88,2,225,38,0,38,263
12/13/2021,TYS,TN,ASO,ES,Combined TRACON& Tower with Radar,76,57,101,26,260,0,4,71,8,83,76,61,172,34,343,12,0,12,355
12/14/2021,TYS,TN,ASO,ES,Combined TRACON& Tower with Radar,64,48,84,52,248,0,0,73,10,83,64,48,157,62,331,81,32,113,444
12/15/2021,TYS,TN,ASO,ES,Combined TRACON& Tower with Radar,65,53,91,60,269,0,8,70,5,83,65,61,161,65,352,74,12,86,438
12/16/2021,TYS,TN,ASO,ES,Combined TRACON& Tower with Radar,76,68,88,44,276,0,2,34,16,52,76,70,122,60,328,37,13,50,378
12/17/2021,TYS,TN,ASO,ES,Combined TRACON& Tower with Radar,74,60,105,5,244,0,0,6,8,14,74,60,111,13,258,14,0,14,272
12/18/2021,TYS,TN,ASO,ES,Combined TRACON& Tower with Radar,59,50,31,0,140,0,0,2,6,8,59,50,33,6,148,0,8,8,156
12/19/2021,TYS,TN,ASO,ES,Combined TRACON& Tower with Radar,71,58,64,0,193,0,0,0,0,0,71,58,64,0,193,2,0,2,195
12/20/2021,TYS,TN,ASO,ES,Combined TRACON& Tower with Radar,64,54,95,28,241,0,1,63,8,72,64,55,158,36,313,44,0,44,357
12/21/2021,TYS,TN,ASO,ES,Combined TRACON& Tower with Radar,67,61,91,20,239,0,0,50,15,65,67,61,141,35,304,31,21,52,356
12/22/2021,TYS,TN,ASO,ES,Combined TRACON& Tower with Radar,69,72,96,32,269,0,0,45,1,46,69,72,141,33,315,25,12,37,352
12/23/2021,TYS,TN,ASO,ES,Combined TRACON& Tower with Radar,78,62,63,8,211,0,1,44,0,45,78,63,107,8,256,12,10,22,278
12/24/2021,TYS,TN,ASO,ES,Combined TRACON& Tower with Radar,58,38,20,0,116,0,0,16,0,16,58,38,36,0,132,28,0,28,160
12/25/2021,TYS,TN,ASO,ES,Combined TRACON& Tower with Radar,38,42,22,0,102,0,0,0,0,0,38,42,22,0,102,0,0,0,102
12/26/2021,TYS,TN,ASO,ES,Combined TRACON& Tower with Radar,55,61,71,0,187,0,0,18,0,18,55,61,89,0,205,34,2,36,241
12/27/2021,TYS,TN,ASO,ES,Combined TRACON& Tower with Radar,56,58,71,8,193,0,0,17,0,17,56,58,88,8,210,4,0,4,214
12/28/2021,TYS,TN,ASO,ES,Combined TRACON& Tower with Radar,62,44,66,32,204,0,0,17,0,17,62,44,83,32,221,6,29,35,256
12/29/2021,TYS,TN,ASO,ES,Combined TRACON& Tower with Radar,56,53,74,14,197,0,0,4,0,4,56,53,78,14,201,4,0,4,205
12/30/2021,TYS,TN,ASO,ES,Combined TRACON& Tower with Radar,77,56,88,2,223,0,0,4,0,4,77,56,92,2,227,16,0,16,243
12/31/2021,TYS,TN,ASO,ES,Combined TRACON& Tower with Radar,57,36,39,0,132,0,0,6,0,6,57,36,45,0,138,0,0,0,138
01/01/2022,TYS,TN,ASO,ES,Combined TRACON& Tower with Radar,41,42,27,0,110,0,0,5,0,5,41,42,32,0,115,4,0,4,119
01/02/2022,TYS,TN,ASO,ES,Combined TRACON& Tower with Radar,59,44,64,0,167,0,0,1,0,1,59,44,65,0,168,0,0,0,168
01/03/2022,TYS,TN,ASO,ES,Combined TRACON& Tower with Radar,62,47,56,0,165,0,0,5,0,5,62,47,61,0,170,0,0,0,170
01/04/2022,TYS,TN,ASO,ES,Combined TRACON& Tower with Radar,47,36,61,29,173,0,1,14,5,20,47,37,75,34,193,4,5,9,202
01/05/2022,TYS,TN,ASO,ES,Combined TRACON& Tower with Radar,54,46,67,43,210,0,2,30,4,36,54,48,97,47,246,4,24,28,274
01/06/2022,TYS,TN,ASO,ES,Combined TRACON& Tower with Radar,74,44,37,1,156,0,0,11,7,18,74,44,48,8,174,2,20,22,196
01/07/2022,TYS,TN,ASO,ES,Combined TRACON& Tower with Radar,74,37,55,28,194,0,0,27,4,31,74,37,82,32,225,31,13,44,269
01/08/2022,TYS,TN,ASO,ES,Combined TRACON& Tower with Radar,44,35,45,15,139,0,0,57,19,76,44,35,102,34,215,39,18,57,272
01/09/2022,TYS,TN,ASO,ES,Combined TRACON& Tower with Radar,67,42,55,3,167,0,0,0,0,0,67,42,55,3,167,0,0,0,167
01/10/2022,TYS,TN,ASO,ES,Combined TRACON& Tower with Radar,68,38,93,42,241,0,0,42,2,44,68,38,135,44,285,12,12,24,309
01/11/2022,TYS,TN,ASO,ES,Combined TRACON& Tower with Radar,59,40,74,38,211,0,0,61,4,65,59,40,135,42,276,25,29,54,330
01/12/2022,TYS,TN,ASO,ES,Combined TRACON& Tower with Radar,67,48,81,30,226,0,0,56,9,65,67,48,137,39,291,18,37,55,346
01/13/2022,TYS,TN,ASO,ES,Combined TRACON& Tower with Radar,79,42,113,45,279,0,2,39,10,51,79,44,152,55,330,35,26,61,391
01/14/2022,TYS,TN,ASO,ES,Combined TRACON& Tower with Radar,80,47,118,22,267,0,0,59,4,63,80,47,177,26,330,40,28,68,398
01/15/2022,TYS,TN,ASO,ES,Combined TRACON& Tower with Radar,46,38,26,3,113,0,0,17,0,17,46,38,43,3,130,37,0,37,167
01/16/2022,TYS,TN,ASO,ES,Combined TRACON& Tower with Radar,46,31,20,0,97,0,0,0,0,0,46,31,20,0,97,0,0,0,97
01/17/2022,TYS,TN,ASO,ES,Combined TRACON& Tower with Radar,66,44,58,0,168,0,0,2,0,2,66,44,60,0,170,0,0,0,170
01/18/2022,TYS,TN,ASO,ES,Combined TRACON& Tower with Radar,58,53,85,15,211,1,2,56,3,62,59,55,141,18,273,7,10,17,290
01/19/2022,TYS,TN,ASO,ES,Combined TRACON& Tower with Radar,59,46,92,23,220,0,0,28,0,28,59,46,120,23,248,25,20,45,293
01/20/2022,TYS,TN,ASO,ES,Combined TRACON& Tower with Radar,83,39,63,2,187,0,0,2,2,4,83,39,65,4,191,0,9,9,200
01/21/2022,TYS,TN,ASO,ES,Combined TRACON& Tower with Radar,85,44,83,8,220,0,0,10,8,18,85,44,93,16,238,10,12,22,260
01/22/2022,TYS,TN,ASO,ES,Combined TRACON& Tower with Radar,48,35,41,0,124,0,0,28,6,34,48,35,69,6,158,49,0,49,207
01/23/2022,TYS,TN,ASO,ES,Combined TRACON& Tower with Radar,79,38,59,1,177,0,0,36,8,44,79,38,95,9,221,26,0,26,247
01/24/2022,TYS,TN,ASO,ES,Combined TRACON& Tower with Radar,71,36,59,14,180,0,0,32,3,35,71,36,91,17,215,9,6,15,230
01/25/2022,TYS,TN,ASO,ES,Combined TRACON& Tower with Radar,62,45,57,53,217,0,0,42,8,50,62,45,99,61,267,80,28,108,375
01/26/2022,TYS,TN,ASO,ES,Combined TRACON& Tower with Radar,66,52,100,30,248,0,2,73,10,85,66,54,173,40,333,66,30,96,429
01/27/2022,TYS,TN,ASO,ES,Combined TRACON& Tower with Radar,81,54,98,38,271,0,1,69,6,76,81,55,167,44,347,35,52,87,434
01/28/2022,TYS,TN,ASO,ES,Combined TRACON& Tower with Radar,89,45,73,7,214,0,0,18,2,20,89,45,91,9,234,3,20,23,257
01/29/2022,TYS,TN,ASO,ES,Combined TRACON& Tower with Radar,47,42,29,0,118,0,2,23,0,25,47,44,52,0,143,34,0,34,177
01/30/2022,TYS,TN,ASO,ES,Combined TRACON& Tower with Radar,71,35,52,0,158,0,8,30,3,41,71,43,82,3,199,8,0,8,207
01/31/2022,TYS,TN,ASO,ES,Combined TRACON& Tower with Radar,72,45,66,22,205,0,4,64,12,80,72,49,130,34,285,23,3,26,311
02/01/2022,TYS,TN,ASO,ES,Combined TRACON& Tower with Radar,57,48,89,32,226,0,6,86,3,95,57,54,175,35,321,55,14,69,390
02/02/2022,TYS,TN,ASO,ES,Combined TRACON& Tower with Radar,61,42,64,4,171,0,0,22,2,24,61,42,86,6,195,12,0,12,207
02/03/2022,TYS,TN,ASO,ES,Combined TRACON& Tower with Radar,64,43,57,0,164,0,0,1,0,1,64,43,58,0,165,0,0,0,165
02/04/2022,TYS,TN,ASO,ES,Combined TRACON& Tower with Radar,64,43,43,3,153,0,0,1,0,1,64,43,44,3,154,0,0,0,154
02/05/2022,TYS,TN,ASO,ES,Combined TRACON& Tower with Radar,45,32,43,4,124,0,7,38,7,52,45,39,81,11,176,45,6,51,227
02/06/2022,TYS,TN,ASO,ES,Combined TRACON& Tower with Radar,67,39,60,6,172,0,3,48,2,53,67,42,108,8,225,7,0,7,232
02/07/2022,TYS,TN,ASO,ES,Combined TRACON& Tower with Radar,65,61,82,48,256,0,6,69,6,81,65,67,151,54,337,103,40,143,480
02/08/2022,TYS,TN,ASO,ES,Combined TRACON& Tower with Radar,61,56,85,56,258,0,2,64,6,72,61,58,149,62,330,42,34,76,406
02/09/2022,TYS,TN,ASO,ES,Combined TRACON& Tower with Radar,61,55,80,64,260,0,0,56,12,68,61,55,136,76,328,83,41,124,452
02/10/2022,TYS,TN,ASO,ES,Combined TRACON& Tower with Radar,75,55,90,38,258,0,8,51,10,69,75,63,141,48,327,31,10,41,368
02/11/2022,TYS,TN,ASO,ES,Combined TRACON& Tower with Radar,72,46,85,37,240,0,0,37,9,46,72,46,122,46,286,40,20,60,346
02/12/2022,TYS,TN,ASO,ES,Combined TRACON& Tower with Radar,45,36,42,7,130,0,2,43,0,45,45,38,85,7,175,44,17,61,236
02/13/2022,TYS,TN,ASO,ES,Combined TRACON& Tower with Radar,64,41,54,2,161,0,2,24,0,26,64,43,78,2,187,54,0,54,241
02/14/2022,TYS,TN,ASO,ES,Combined TRACON& Tower with Radar,67,46,88,13,214,0,0,40,10,50,67,46,128,23,264,32,12,44,308
02/15/2022,TYS,TN,ASO,ES,Combined TRACON& Tower with Radar,60,47,99,46,252,0,10,74,10,94,60,57,173,56,346,49,28,77,423
02/16/2022,TYS,TN,ASO,ES,Combined TRACON& Tower with Radar,72,36,105,15,228,0,0,46,2,48,72,36,151,17,276,10,4,14,290
02/17/2022,TYS,TN,ASO,ES,Combined TRACON& Tower with Radar,81,36,80,3,200,0,0,8,0,8,81,36,88,3,208,8,0,8,216
02/18/2022,TYS,TN,ASO,ES,Combined TRACON& Tower with Radar,84,42,118,38,282,0,0,18,2,20,84,42,136,40,302,64,0,64,366
02/19/2022,TYS,TN,ASO,ES,Combined TRACON& Tower with Radar,62,40,42,0,144,0,5,70,2,77,62,45,112,2,221,21,0,21,242
02/20/2022,TYS,TN,ASO,ES,Combined TRACON& Tower with Radar,64,49,53,8,174,0,4,52,0,56,64,53,105,8,230,16,0,16,246
02/21/2022,TYS,TN,ASO,ES,Combined TRACON& Tower with Radar,73,43,97,2,215,0,0,35,0,35,73,43,132,2,250,42,2,44,294
02/22/2022,TYS,TN,ASO,ES,Combined TRACON& Tower with Radar,66,54,78,22,220,0,0,16,0,16,66,54,94,22,236,8,12,20,256
02/23/2022,TYS,TN,ASO,ES,Combined TRACON& Tower with Radar,67,60,89,44,260,0,0,15,0,15,67,60,104,44,275,31,36,67,342
02/24/2022,TYS,TN,ASO,ES,Combined TRACON& Tower with Radar,73,51,74,11,209,0,2,4,0,6,73,53,78,11,215,3,2,5,220
02/25/2022,TYS,TN,ASO,ES,Combined TRACON& Tower with Radar,75,45,93,24,237,0,0,25,3,28,75,45,118,27,265,67,14,81,346
02/26/2022,TYS,TN,ASO,ES,Combined TRACON& Tower with Radar,58,40,45,45,188,0,0,11,0,11,58,40,56,45,199,32,8,40,239
02/27/2022,TYS,TN,ASO,ES,Combined TRACON& Tower with Radar,66,51,61,4,182,0,2,14,1,17,66,53,75,5,199,0,0,0,199
02/28/2022,TYS,TN,ASO,ES,Combined TRACON& Tower with Radar,72,49,73,24,218,0,7,52,9,68,72,56,125,33,286,28,6,34,320
03/01/2022,TYS,TN,ASO,ES,Combined TRACON& Tower with Radar,65,66,82,50,263,0,11,80,9,100,65,77,162,59,363,77,38,115,478
03/02/2022,TYS,TN,ASO,ES,Combined TRACON& Tower with Radar,67,51,88,35,241,0,4,88,9,101,67,55,176,44,342,60,33,93,435
03/03/2022,TYS,TN,ASO,ES,Combined TRACON& Tower with Radar,78,65,102,26,271,0,5,59,16,80,78,70,161,42,351,77,23,100,451
03/04/2022,TYS,TN,ASO,ES,Combined TRACON& Tower with Radar,88,60,90,15,253,0,2,64,4,70,88,62,154,19,323,78,10,88,411
03/05/2022,TYS,TN,ASO,ES,Combined TRACON& Tower with Radar,58,47,50,6,161,0,0,25,6,31,58,47,75,12,192,60,0,60,252
03/06/2022,TYS,TN,ASO,ES,Combined TRACON& Tower with Radar,66,47,63,0,176,0,2,25,5,32,66,49,88,5,208,6,0,6,214
03/07/2022,TYS,TN,ASO,ES,Combined TRACON& Tower with Radar,77,42,37,0,156,0,0,12,0,12,77,42,49,0,168,6,0,6,174
03/08/2022,TYS,TN,ASO,ES,Combined TRACON& Tower with Radar,71,45,101,50,267,0,0,45,4,49,71,45,146,54,316,63,46,109,425
03/09/2022,TYS,TN,ASO,ES,Combined TRACON& Tower with Radar,73,48,94,17,232,0,0,7,0,7,73,48,101,17,239,6,18,24,263
03/10/2022,TYS,TN,ASO,ES,Combined TRACON& Tower with Radar,80,54,111,29,274,0,0,59,17,76,80,54,170,46,350,100,21,121,471
03/11/2022,TYS,TN,ASO,ES,Combined TRACON& Tower with Radar,95,54,113,70,332,0,0,38,14,52,95,54,151,84,384,54,8,62,446
03/12/2022,TYS,TN,ASO,ES,Combined TRACON& Tower with Radar,59,36,45,8,148,0,0,4,0,4,59,36,49,8,152,0,0,0,152
03/13/2022,TYS,TN,ASO,ES,Combined TRACON& Tower with Radar,75,47,65,8,195,0,4,42,2,48,75,51,107,10,243,18,16,34,277
03/14/2022,TYS,TN,ASO,ES,Combined TRACON& Tower with Radar,82,39,80,29,230,0,10,52,24,86,82,49,132,53,316,36,29,65,381
03/15/2022,TYS,TN,ASO,ES,Combined TRACON& Tower with Radar,73,47,79,53,252,0,2,64,18,84,73,49,143,71,336,50,43,93,429
03/16/2022,TYS,TN,ASO,ES,Combined TRACON& Tower with Radar,80,43,97,16,236,0,1,14,0,15,80,44,111,16,251,16,18,34,285
03/17/2022,TYS,TN,ASO,ES,Combined TRACON& Tower with Radar,85,60,142,34,321,0,5,46,12,63,85,65,188,46,384,22,34,56,440
03/18/2022,TYS,TN,ASO,ES,Combined TRACON& Tower with Radar,86,59,75,38,258,0,0,20,7,27,86,59,95,45,285,28,42,70,355
03/19/2022,TYS,TN,ASO,ES,Combined TRACON& Tower with Radar,69,41,62,5,177,0,1,12,0,13,69,42,74,5,190,0,0,0,190
03/20/2022,TYS,TN,ASO,ES,Combined TRACON& Tower with Radar,75,43,104,6,228,0,0,52,3,55,75,43,156,9,283,44,2,46,329
03/21/2022,TYS,TN,ASO,ES,Combined TRACON& Tower with Radar,72,44,102,22,240,0,5,69,2,76,72,49,171,24,316,70,51,121,437
03/22/2022,TYS,TN,ASO,ES,Combined TRACON& Tower with Radar,68,41,68,49,226,0,0,52,2,54,68,41,120,51,280,6,51,57,337
03/23/2022,TYS,TN,ASO,ES,Combined TRACON& Tower with Radar,79,51,76,27,233,0,0,7,0,7,79,51,83,27,240,6,16,22,262
03/24/2022,TYS,TN,ASO,ES,Combined TRACON& Tower with Radar,85,50,104,40,279,0,0,75,10,85,85,50,179,50,364,40,24,64,428
03/25/2022,TYS,TN,ASO,ES,Combined TRACON& Tower with Radar,82,43,86,24,235,0,0,29,8,37,82,43,115,32,272,63,18,81,353
03/26/2022,TYS,TN,ASO,ES,Combined TRACON& Tower with Radar,63,34,46,1,144,0,0,18,4,22,63,34,64,5,166,20,24,44,210
03/27/2022,TYS,TN,ASO,ES,Combined TRACON& Tower with Radar,68,49,76,5,198,0,6,40,4,50,68,55,116,9,248,41,0,41,289
03/28/2022,TYS,TN,ASO,ES,Combined TRACON& Tower with Radar,80,41,90,34,245,0,5,60,4,69,80,46,150,38,314,56,18,74,388
03/29/2022,TYS,TN,ASO,ES,Combined TRACON& Tower with Radar,60,44,84,58,246,0,5,64,21,90,60,49,148,79,336,62,135,197,533
03/30/2022,TYS,TN,ASO,ES,Combined TRACON& Tower with Radar,78,58,94,26,256,0,0,28,15,43,78,58,122,41,299,31,40,71,370
03/31/2022,TYS,TN,ASO,ES,Combined TRACON& Tower with Radar,75,52,111,32,270,0,0,15,22,37,75,52,126,54,307,8,33,41,348
04/01/2022,TYS,TN,ASO,ES,Combined TRACON& Tower with Radar,85,60,142,27,314,0,6,69,22,97,85,66,211,49,411,30,8,38,449
04/02/2022,TYS,TN,ASO,ES,Combined TRACON& Tower with Radar,58,33,38,0,129,0,6,60,19,85,58,39,98,19,214,53,0,53,267
04/03/2022,TYS,TN,ASO,ES,Combined TRACON& Tower with Radar,68,61,124,15,268,0,8,108,20,136,68,69,232,35,404,31,4,35,439
04/04/2022,TYS,TN,ASO,ES,Combined TRACON& Tower with Radar,82,45,95,3,225,0,0,79,0,79,82,45,174,3,304,46,4,50,354
04/05/2022,TYS,TN,ASO,ES,Combined TRACON& Tower with Radar,67,48,86,26,227,0,0,23,10,33,67,48,109,36,260,41,20,61,321
04/06/2022,TYS,TN,ASO,ES,Combined TRACON& Tower with Radar,76,43,84,30,233,0,0,15,0,15,76,43,99,30,248,42,0,42,290
04/07/2022,TYS,TN,ASO,ES,Combined TRACON& Tower with Radar,75,53,103,22,253,0,2,63,15,80,75,55,166,37,333,31,22,53,386
04/08/2022,TYS,TN,ASO,ES,Combined TRACON& Tower with Radar,78,73,74,2,227,0,2,10,14,26,78,75,84,16,253,22,6,28,281
04/09/2022,TYS,TN,ASO,ES,Combined TRACON& Tower with Radar,66,36,41,13,156,0,0,12,9,21,66,36,53,22,177,0,0,0,177
04/10/2022,TYS,TN,ASO,ES,Combined TRACON& Tower with Radar,61,51,87,5,204,0,2,66,11,79,61,53,153,16,283,75,0,75,358
04/11/2022,TYS,TN,ASO,ES,Combined TRACON& Tower with Radar,68,53,83,5,209,0,0,24,7,31,68,53,107,12,240,24,10,34,274
04/12/2022,TYS,TN,ASO,ES,Combined TRACON& Tower with Radar,69,55,98,1,223,0,0,19,0,19,69,55,117,1,242,38,0,38,280
04/13/2022,TYS,TN,ASO,ES,Combined TRACON& Tower with Radar,79,56,93,8,236,0,0,31,6,37,79,56,124,14,273,14,0,14,287
04/14/2022,TYS,TN,ASO,ES,Combined TRACON& Tower with Radar,83,72,129,53,337,0,2,42,11,55,83,74,171,64,392,85,8,93,485
04/15/2022,TYS,TN,ASO,ES,Combined TRACON& Tower with Radar,83,63,88,27,261,0,3,90,9,102,83,66,178,36,363,84,12,96,459
04/16/2022,TYS,TN,ASO,ES,Combined TRACON& Tower with Radar,65,41,55,3,164,0,0,11,1,12,65,41,66,4,176,22,0,22,198
04/17/2022,TYS,TN,ASO,ES,Combined TRACON& Tower with Radar,72,51,62,11,196,0,1,15,0,16,72,52,77,11,212,14,0,14,226
04/18/2022,TYS,TN,ASO,ES,Combined TRACON& Tower with Radar,76,60,116,14,266,0,0,6,0,6,76,60,122,14,272,9,0,9,281
04/19/2022,TYS,TN,ASO,ES,Combined TRACON& Tower with Radar,67,54,98,29,248,0,0,74,7,81,67,54,172,36,329,67,24,91,420
04/20/2022,TYS,TN,ASO,ES,Combined TRACON& Tower with Radar,78,45,86,24,233,0,2,66,5,73,78,47,152,29,306,40,42,82,388
04/21/2022,TYS,TN,ASO,ES,Combined TRACON& Tower with Radar,82,70,108,25,285,0,5,52,7,64,82,75,160,32,349,14,30,44,393
04/22/2022,TYS,TN,ASO,ES,Combined TRACON& Tower with Radar,89,62,117,46,314,0,1,52,14,67,89,63,169,60,381,21,4,25,406
04/23/2022,TYS,TN,ASO,ES,Combined TRACON& Tower with Radar,65,42,53,17,177,0,2,52,14,68,65,44,105,31,245,46,14,60,305
04/24/2022,TYS,TN,ASO,ES,Combined TRACON& Tower with Radar,63,66,73,22,224,0,2,39,12,53,63,68,112,34,277,15,4,19,296
04/25/2022,TYS,TN,ASO,ES,Combined TRACON& Tower with Radar,75,52,91,49,267,0,1,46,3,50,75,53,137,52,317,24,24,48,365
04/26/2022,TYS,TN,ASO,ES,Combined TRACON& Tower with Radar,71,75,103,19,268,0,2,10,1,13,71,77,113,20,281,2,6,8,289
04/27/2022,TYS,TN,ASO,ES,Combined TRACON& Tower with Radar,78,58,78,34,248,0,0,92,2,94,78,58,170,36,342,73,15,88,430
04/28/2022,TYS,TN,ASO,ES,Combined TRACON& Tower with Radar,79,72,122,33,306,0,0,56,13,69,79,72,178,46,375,23,23,46,421
04/29/2022,TYS,TN,ASO,ES,Combined TRACON& Tower with Radar,87,58,100,39,284,0,0,60,5,65,87,58,160,44,349,48,32,80,429
04/30/2022,TYS,TN,ASO,ES,Combined TRACON& Tower with Radar,66,43,40,3,152,0,0,36,2,38,66,43,76,5,190,54,0,54,244
05/01/2022,TYS,TN,ASO,ES,Combined TRACON& Tower with Radar,71,47,86,12,216,0,0,7,1,8,71,47,93,13,224,4,0,4,228
05/02/2022,TYS,TN,ASO,ES,Combined TRACON& Tower with Radar,78,47,73,18,216,0,1,70,0,71,78,48,143,18,287,28,28,56,343
05/03/2022,TYS,TN,ASO,ES,Combined TRACON& Tower with Radar,66,55,93,40,254,0,0,39,2,41,66,55,132,42,295,36,16,52,347
05/04/2022,TYS,TN,ASO,ES,Combined TRACON& Tower with Radar,80,59,97,6,242,0,0,36,5,41,80,59,133,11,283,8,1,9,292
05/05/2022,TYS,TN,ASO,ES,Combined TRACON& Tower with Radar,86,50,97,65,298,0,1,56,13,70,86,51,153,78,368,28,60,88,456
05/06/2022,TYS,TN,ASO,ES,Combined TRACON& Tower with Radar,85,47,59,6,197,0,0,3,0,3,85,47,62,6,200,4,0,4,204
05/07/2022,TYS,TN,ASO,ES,Combined TRACON& Tower with Radar,72,29,50,5,156,0,0,4,5,9,72,29,54,10,165,0,0,0,165
05/08/2022,TYS,TN,ASO,ES,Combined TRACON& Tower with Radar,76,57,72,3,208,0,0,4,4,8,76,57,76,7,216,5,0,5,221
05/09/2022,TYS,TN,ASO,ES,Combined TRACON& Tower with Radar,81,37,95,25,238,0,0,70,12,82,81,37,165,37,320,29,20,49,369
05/10/2022,TYS,TN,ASO,ES,Combined TRACON& Tower with Radar,70,49,86,35,240,0,0,61,12,73,70,49,147,47,313,12,8,20,333
05/11/2022,TYS,TN,ASO,ES,Combined TRACON& Tower with Radar,75,34,80,68,257,0,0,69,4,73,75,34,149,72,330,66,32,98,428
05/12/2022,TYS,TN,ASO,ES,Combined TRACON& Tower with Radar,93,51,102,41,287,0,0,57,15,72,93,51,159,56,359,64,59,123,482
05/13/2022,TYS,TN,ASO,ES,Combined TRACON& Tower with Radar,81,42,97,36,256,0,0,54,4,58,81,42,151,40,314,65,18,83,397
05/14/2022,TYS,TN,ASO,ES,Combined TRACON& Tower with Radar,74,30,37,13,154,0,0,25,0,25,74,30,62,13,179,37,0,37,216
05/15/2022,TYS,TN,ASO,ES,Combined TRACON& Tower with Radar,73,41,75,5,194,0,0,25,2,27,73,41,100,7,221,14,0,14,235
05/16/2022,TYS,TN,ASO,ES,Combined TRACON& Tower with Radar,80,44,108,49,281,0,0,49,0,49,80,44,157,49,330,38,6,44,374
05/17/2022,TYS,TN,ASO,ES,Combined TRACON& Tower with Radar,68,54,102,32,256,0,0,76,15,91,68,54,178,47,347,49,17,66,413
05/18/2022,TYS,TN,ASO,ES,Combined TRACON& Tower with Radar,76,43,95,38,252,0,0,66,7,73,76,43,161,45,325,68,30,98,423
05/19/2022,TYS,TN,ASO,ES,Combined TRACON& Tower with Radar,85,41,127,51,304,0,0,31,15,46,85,41,158,66,350,53,46,99,449
05/20/2022,TYS,TN,ASO,ES,Combined TRACON& Tower with Radar,90,42,104,40,276,0,2,55,14,71,90,44,159,54,347,88,46,134,481
05/21/2022,TYS,TN,ASO,ES,Combined TRACON& Tower with Radar,69,40,65,1,175,0,0,28,9,37,69,40,93,10,212,45,6,51,263
05/22/2022,TYS,TN,ASO,ES,Combined TRACON& Tower with Radar,70,58,86,7,221,0,0,11,8,19,70,58,97,15,240,8,0,8,248
05/23/2022,TYS,TN,ASO,ES,Combined TRACON& Tower with Radar,86,40,83,0,209,0,0,1,0,1,86,40,84,0,210,0,0,0,210
05/24/2022,TYS,TN,ASO,ES,Combined TRACON& Tower with Radar,71,42,113,43,269,0,2,21,10,33,71,44,134,53,302,30,2,32,334
05/25/2022,TYS,TN,ASO,ES,Combined TRACON& Tower with Radar,77,47,97,59,280,0,0,65,11,76,77,47,162,70,356,35,36,71,427
05/26/2022,TYS,TN,ASO,ES,Combined TRACON& Tower with Radar,83,44,85,18,230,0,2,1,7,10,83,46,86,25,240,12,14,26,266
05/27/2022,TYS,TN,ASO,ES,Combined TRACON& Tower with Radar,90,59,60,17,226,0,0,22,3,25,90,59,82,20,251,11,10,21,272
05/28/2022,TYS,TN,ASO,ES,Combined TRACON& Tower with Radar,70,39,54,6,169,0,0,32,0,32,70,39,86,6,201,50,0,50,251
05/29/2022,TYS,TN,ASO,ES,Combined TRACON& Tower with Radar,72,36,41,4,153,0,2,34,2,38,72,38,75,6,191,6,0,6,197
05/30/2022,TYS,TN,ASO,ES,Combined TRACON& Tower with Radar,87,46,51,3,187,0,0,34,1,35,87,46,85,4,222,10,0,10,232
05/31/2022,TYS,TN,ASO,ES,Combined TRACON& Tower with Radar,68,51,106,16,241,0,4,61,2,67,68,55,167,18,308,72,0,72,380
06/01/2022,TYS,TN,ASO,ES,Combined TRACON& Tower with Radar,78,48,99,35,260,0,6,77,16,99,78,54,176,51,359,104,22,126,485
06/02/2022,TYS,TN,ASO,ES,Combined TRACON& Tower with Radar,87,40,85,38,250,0,0,37,0,37,87,40,122,38,287,14,10,24,311
06/03/2022,TYS,TN,ASO,ES,Combined TRACON& Tower with Radar,84,49,117,25,275,0,8,35,9,52,84,57,152,34,327,111,0,111,438
06/04/2022,TYS,TN,ASO,ES,Combined TRACON& Tower with Radar,80,37,45,22,184,0,3,74,12,89,80,40,119,34,273,50,14,64,337
06/05/2022,TYS,TN,ASO,ES,Combined TRACON& Tower with Radar,79,60,84,16,239,0,10,39,3,52,79,70,123,19,291,26,2,28,319
06/06/2022,TYS,TN,ASO,ES,Combined TRACON& Tower with Radar,89,44,77,25,235,0,0,61,15,76,89,44,138,40,311,92,18,110,421
06/07/2022,TYS,TN,ASO,ES,Combined TRACON& Tower with Radar,74,46,114,43,277,0,1,7,14,22,74,47,121,57,299,52,40,92,391
06/08/2022,TYS,TN,ASO,ES,Combined TRACON& Tower with Radar,83,55,116,1,255,0,0,11,6,17,83,55,127,7,272,29,1,30,302
06/09/2022,TYS,TN,ASO,ES,Combined TRACON& Tower with Radar,97,71,144,25,337,0,6,59,12,77,97,77,203,37,414,49,31,80,494
06/10/2022,TYS,TN,ASO,ES,Combined TRACON& Tower with Radar,88,60,94,59,301,0,6,59,8,73,88,66,153,67,374,95,36,131,505
06/11/2022,TYS,TN,ASO,ES,Combined TRACON& Tower with Radar,68,51,57,8,184,0,3,52,4,59,68,54,109,12,243,6,2,8,251
06/12/2022,TYS,TN,ASO,ES,Combined TRACON& Tower with Radar,75,41,72,11,199,0,2,22,5,29,75,43,94,16,228,8,0,8,236
06/13/2022,TYS,TN,ASO,ES,Combined TRACON& Tower with Radar,90,57,90,7,244,0,4,54,6,64,90,61,144,13,308,38,0,38,346
06/14/2022,TYS,TN,ASO,ES,Combined TRACON& Tower with Radar,75,57,133,35,300,0,1,64,13,78,75,58,197,48,378,73,32,105,483
06/15/2022,TYS,TN,ASO,ES,Combined TRACON& Tower with Radar,83,54,122,36,295,0,3,64,14,81,83,57,186,50,376,42,33,75,451
06/16/2022,TYS,TN,ASO,ES,Combined TRACON& Tower with Radar,81,41,104,40,266,0,3,75,14,92,81,44,179,54,358,42,41,83,441
06/17/2022,TYS,TN,ASO,ES,Combined TRACON& Tower with Radar,87,44,121,28,280,0,3,53,1,57,87,47,174,29,337,19,4,23,360
06/18/2022,TYS,TN,ASO,ES,Combined TRACON& Tower with Radar,74,38,60,12,184,0,2,29,1,32,74,40,89,13,216,38,12,50,266
06/19/2022,TYS,TN,ASO,ES,Combined TRACON& Tower with Radar,70,40,62,1,173,0,0,20,0,20,70,40,82,1,193,30,0,30,223
06/20/2022,TYS,TN,ASO,ES,Combined TRACON& Tower with Radar,85,42,70,5,202,0,4,72,2,78,85,46,142,7,280,54,0,54,334
06/21/2022,TYS,TN,ASO,ES,Combined TRACON& Tower with Radar,76,53,104,63,296,0,0,87,12,99,76,53,191,75,395,56,46,102,497
06/22/2022,TYS,TN,ASO,ES,Combined TRACON& Tower with Radar,80,46,67,26,219,0,0,66,8,74,80,46,133,34,293,37,10,47,340
06/23/2022,TYS,TN,ASO,ES,Combined TRACON& Tower with Radar,81,53,102,26,262,0,2,66,18,86,81,55,168,44,348,32,16,48,396
06/24/2022,TYS,TN,ASO,ES,Combined TRACON& Tower with Radar,88,53,90,61,292,0,0,73,25,98,88,53,163,86,390,118,40,158,548
06/25/2022,TYS,TN,ASO,ES,Combined TRACON& Tower with Radar,85,41,66,6,198,0,0,43,12,55,85,41,109,18,253,48,4,52,305
06/26/2022,TYS,TN,ASO,ES,Combined TRACON& Tower with Radar,70,44,60,20,194,0,0,23,12,35,70,44,83,32,229,26,10,36,265
06/27/2022,TYS,TN,ASO,ES,Combined TRACON& Tower with Radar,93,44,88,4,229,0,0,15,0,15,93,44,103,4,244,50,0,50,294
06/28/2022,TYS,TN,ASO,ES,Combined TRACON& Tower with Radar,78,55,77,58,268,0,1,78,9,88,78,56,155,67,356,101,30,131,487
06/29/2022,TYS,TN,ASO,ES,Combined TRACON& Tower with Radar,87,45,82,31,245,0,2,63,1,66,87,47,145,32,311,86,31,117,428
06/30/2022,TYS,TN,ASO,ES,Combined TRACON& Tower with Radar,84,47,117,35,283,0,2,63,11,76,84,49,180,46,359,79,30,109,468
07/01/2022,TYS,TN,ASO,ES,Combined TRACON& Tower with Radar,89,61,86,15,251,0,0,63,3,66,89,61,149,18,317,59,8,67,384
07/02/2022,TYS,TN,ASO,ES,Combined TRACON& Tower with Radar,79,38,37,0,154,0,0,30,0,30,79,38,67,0,184,6,0,6,190
07/03/2022,TYS,TN,ASO,ES,Combined TRACON& Tower with Radar,59,45,32,0,136,0,0,8,0,8,59,45,40,0,144,7,0,7,151
07/04/2022,TYS,TN,ASO,ES,Combined TRACON& Tower with Radar,73,34,18,2,127,0,0,16,0,16,73,34,34,2,143,0,0,0,143
07/05/2022,TYS,TN,ASO,ES,Combined TRACON& Tower with Radar,75,48,83,10,216,0,0,78,10,88,75,48,161,20,304,102,4,106,410
07/06/2022,TYS,TN,ASO,ES,Combined TRACON& Tower with Radar,75,38,77,9,199,0,1,69,6,76,75,39,146,15,275,84,2,86,361
07/07/2022,TYS,TN,ASO,ES,Combined TRACON& Tower with Radar,86,48,97,9,240,0,0,27,4,31,86,48,124,13,271,58,28,86,357
07/08/2022,TYS,TN,ASO,ES,Combined TRACON& Tower with Radar,81,47,104,38,270,0,0,94,6,100,81,47,198,44,370,89,2,91,461
07/09/2022,TYS,TN,ASO,ES,Combined TRACON& Tower with Radar,71,36,45,2,154,0,0,0,0,0,71,36,45,2,154,0,0,0,154
07/10/2022,TYS,TN,ASO,ES,Combined TRACON& Tower with Radar,72,45,57,17,191,0,0,10,0,10,72,45,67,17,201,50,0,50,251
07/11/2022,TYS,TN,ASO,ES,Combined TRACON& Tower with Radar,86,46,100,22,254,0,0,43,0,43,86,46,143,22,297,116,18,134,431
07/12/2022,TYS,TN,ASO,ES,Combined TRACON& Tower with Radar,77,42,129,39,287,0,0,87,12,99,77,42,216,51,386,91,14,105,491
07/13/2022,TYS,TN,ASO,ES,Combined TRACON& Tower with Radar,82,53,118,32,285,0,0,62,4,66,82,53,180,36,351,150,18,168,519
07/14/2022,TYS,TN,ASO,ES,Combined TRACON& Tower with Radar,85,51,100,18,254,0,7,109,21,137,85,58,209,39,391,155,11,166,557
07/15/2022,TYS,TN,ASO,ES,Combined TRACON& Tower with Radar,90,57,90,28,265,0,0,107,19,126,90,57,197,47,391,58,6,64,455
07/16/2022,TYS,TN,ASO,ES,Combined TRACON& Tower with Radar,79,34,48,2,163,0,2,57,0,59,79,36,105,2,222,53,0,53,275
07/17/2022,TYS,TN,ASO,ES,Combined TRACON& Tower with Radar,72,44,56,12,184,0,0,24,5,29,72,44,80,17,213,30,0,30,243
07/18/2022,TYS,TN,ASO,ES,Combined TRACON& Tower with Radar,82,41,70,34,227,0,0,47,2,49,82,41,117,36,276,74,25,99,375
07/19/2022,TYS,TN,ASO,ES,Combined TRACON& Tower with Radar,83,38,98,25,244,0,0,47,13,60,83,38,145,38,304,110,27,137,441
07/20/2022,TYS,TN,ASO,ES,Combined TRACON& Tower with Radar,82,49,106,5,242,0,0,55,2,57,82,49,161,7,299,77,0,77,376
07/21/2022,TYS,TN,ASO,ES,Combined TRACON& Tower with Radar,85,63,117,40,305,0,0,44,5,49,85,63,161,45,354,65,2,67,421
07/22/2022,TYS,TN,ASO,ES,Combined TRACON& Tower with Radar,91,40,135,67,333,0,0,63,13,76,91,40,198,80,409,22,22,44,453
07/23/2022,TYS,TN,ASO,ES,Combined TRACON& Tower with Radar,82,45,61,42,230,0,0,80,0,80,82,45,141,42,310,118,4,122,432
07/24/2022,TYS,TN,ASO,ES,Combined TRACON& Tower with Radar,72,46,75,2,195,0,2,44,0,46,72,48,119,2,241,48,0,48,289
07/25/2022,TYS,TN,ASO,ES,Combined TRACON& Tower with Radar,83,42,83,4,212,0,0,28,7,35,83,42,111,11,247,100,0,100,347
07/26/2022,TYS,TN,ASO,ES,Combined TRACON& Tower with Radar,75,45,73,35,228,0,2,41,7,50,75,47,114,42,278,144,26,170,448
07/27/2022,TYS,TN,ASO,ES,Combined TRACON& Tower with Radar,83,35,77,18,213,0,0,71,12,83,83,35,148,30,296,88,16,104,400
07/28/2022,TYS,TN,ASO,ES,Combined TRACON& Tower with Radar,80,33,82,12,207,0,0,43,8,51,80,33,125,20,258,78,0,78,336
07/29/2022,TYS,TN,ASO,ES,Combined TRACON& Tower with Radar,91,44,100,0,235,0,0,24,2,26,91,44,124,2,261,65,0,65,326
07/30/2022,TYS,TN,ASO,ES,Combined TRACON& Tower with Radar,72,37,66,0,175,0,0,41,3,44,72,37,107,3,219,35,0,35,254
07/31/2022,TYS,TN,ASO,ES,Combined TRACON& Tower with Radar,73,38,77,0,188,0,0,7,1,8,73,38,84,1,196,6,0,6,202
08/01/2022,TYS,TN,ASO,ES,Combined TRACON& Tower with Radar,84,46,98,33,261,0,0,17,0,17,84,46,115,33,278,93,1,94,372
08/02/2022,TYS,TN,ASO,ES,Combined TRACON& Tower with Radar,78,50,113,34,275,0,0,79,12,91,78,50,192,46,366,112,16,128,494
08/03/2022,TYS,TN,ASO,ES,Combined TRACON& Tower with Radar,82,39,123,33,277,0,0,101,11,112,82,39,224,44,389,101,37,138,527
08/04/2022,TYS,TN,ASO,ES,Combined TRACON& Tower with Radar,85,55,122,54,316,0,0,60,7,67,85,55,182,61,383,142,5,147,530
08/05/2022,TYS,TN,ASO,ES,Combined TRACON& Tower with Radar,79,58,81,70,288,0,0,45,3,48,79,58,126,73,336,77,0,77,413
08/06/2022,TYS,TN,ASO,ES,Combined TRACON& Tower with Radar,83,36,38,7,164,0,0,32,5,37,83,36,70,12,201,0,0,0,201
08/07/2022,TYS,TN,ASO,ES,Combined TRACON& Tower with Radar,76,38,71,24,209,0,0,30,1,31,76,38,101,25,240,60,4,64,304
08/08/2022,TYS,TN,ASO,ES,Combined TRACON& Tower with Radar,81,34,106,3,224,0,0,61,0,61,81,34,167,3,285,144,0,144,429
08/09/2022,TYS,TN,ASO,ES,Combined TRACON& Tower with Radar,77,32,93,50,252,0,2,57,2,61,77,34,150,52,313,227,0,227,540
08/10/2022,TYS,TN,ASO,ES,Combined TRACON& Tower with Radar,78,56,95,31,260,0,2,43,8,53,78,58,138,39,313,76,24,100,413
08/11/2022,TYS,TN,ASO,ES,Combined TRACON& Tower with Radar,86,48,96,11,241,0,0,9,6,15,86,48,105,17,256,21,23,44,300
08/12/2022,TYS,TN,ASO,ES,Combined TRACON& Tower with Radar,86,55,110,52,303,0,0,92,9,101,86,55,202,61,404,102,8,110,514
08/13/2022,TYS,TN,ASO,ES,Combined TRACON& Tower with Radar,73,34,57,11,175,0,0,84,0,84,73,34,141,11,259,101,0,101,360
08/14/2022,TYS,TN,ASO,ES,Combined TRACON& Tower with Radar,68,54,71,26,219,0,0,97,10,107,68,54,168,36,326,0,0,0,326
08/15/2022,TYS,TN,ASO,ES,Combined TRACON& Tower with Radar,81,42,95,45,263,0,0,83,4,87,81,42,178,49,350,84,30,114,464
08/16/2022,TYS,TN,ASO,ES,Combined TRACON& Tower with Radar,70,50,132,28,280,0,2,67,11,80,70,52,199,39,360,147,10,157,517
08/17/2022,TYS,TN,ASO,ES,Combined TRACON& Tower with Radar,70,45,99,14,228,0,0,83,17,100,70,45,182,31,328,114,26,140,468
08/18/2022,TYS,TN,ASO,ES,Combined TRACON& Tower with Radar,84,50,106,60,300,0,1,121,21,143,84,51,227,81,443,65,10,75,518
08/19/2022,TYS,TN,ASO,ES,Combined TRACON& Tower with Radar,82,40,90,18,230,0,0,79,2,81,82,40,169,20,311,80,18,98,409
08/20/2022,TYS,TN,ASO,ES,Combined TRACON& Tower with Radar,64,40,58,19,181,0,0,26,0,26,64,40,84,19,207,80,17,97,304
08/21/2022,TYS,TN,ASO,ES,Combined TRACON& Tower with Radar,66,60,51,4,181,0,0,17,0,17,66,60,68,4,198,24,0,24,222
08/22/2022,TYS,TN,ASO,ES,Combined TRACON& Tower with Radar,70,44,125,45,284,0,0,46,1,47,70,44,171,46,331,74,4,78,409
08/23/2022,TYS,TN,ASO,ES,Combined TRACON& Tower with Radar,68,44,103,111,326,0,0,110,7,117,68,44,213,118,443,100,58,158,601
08/24/2022,TYS,TN,ASO,ES,Combined TRACON& Tower with Radar,69,52,108,71,300,0,0,96,11,107,69,52,204,82,407,109,36,145,552
08/25/2022,TYS,TN,ASO,ES,Combined TRACON& Tower with Radar,84,51,121,49,305,0,0,67,2,69,84,51,188,51,374,135,9,144,518
08/26/2022,TYS,TN,ASO,ES,Combined TRACON& Tower with Radar,75,44,101,24,244,0,0,38,0,38,75,44,139,24,282,48,8,56,338
08/27/2022,TYS,TN,ASO,ES,Combined TRACON& Tower with Radar,65,32,31,12,140,0,0,63,0,63,65,32,94,12,203,83,5,88,291
08/28/2022,TYS,TN,ASO,ES,Combined TRACON& Tower with Radar,77,49,73,17,216,0,0,57,16,73,77,49,130,33,289,49,0,49,338
08/29/2022,TYS,TN,ASO,ES,Combined TRACON& Tower with Radar,75,34,120,19,248,0,0,89,3,92,75,34,209,22,340,135,6,141,481
08/30/2022,TYS,TN,ASO,ES,Combined TRACON& Tower with Radar,76,38,110,27,251,0,2,69,0,71,76,40,179,27,322,144,6,150,472
08/31/2022,TYS,TN,ASO,ES,Combined TRACON& Tower with Radar,69,44,117,27,257,0,10,104,4,118,69,54,221,31,375,175,16,191,566
09/01/2022,TYS,TN,ASO,ES,Combined TRACON& Tower with Radar,85,50,145,12,292,0,10,111,7,128,85,60,256,19,420,117,0,117,537
09/02/2022,TYS,TN,ASO,ES,Combined TRACON& Tower with Radar,87,54,103,0,244,0,2,73,0,75,87,56,176,0,319,126,0,126,445
09/03/2022,TYS,TN,ASO,ES,Combined TRACON& Tower with Radar,59,32,42,0,133,0,0,9,0,9,59,32,51,0,142,18,0,18,160
09/04/2022,TYS,TN,ASO,ES,Combined TRACON& Tower with Radar,61,32,38,4,135,0,0,18,0,18,61,32,56,4,153,26,0,26,179
09/05/2022,TYS,TN,ASO,ES,Combined TRACON& Tower with Radar,78,54,71,9,212,0,0,6,0,6,78,54,77,9,218,13,0,13,231
09/06/2022,TYS,TN,ASO,ES,Combined TRACON& Tower with Radar,68,55,95,26,244,0,0,30,2,32,68,55,125,28,276,75,0,75,351
09/07/2022,TYS,TN,ASO,ES,Combined TRACON& Tower with Radar,68,49,129,17,263,0,0,37,10,47,68,49,166,27,310,26,0,26,336
09/08/2022,TYS,TN,ASO,ES,Combined TRACON& Tower with Radar,84,45,77,4,210,0,5,79,3,87,84,50,156,7,297,32,0,32,329
09/09/2022,TYS,TN,ASO,ES,Combined TRACON& Tower with Radar,79,42,64,13,198,0,3,31,4,38,79,45,95,17,236,0,7,7,243
09/10/2022,TYS,TN,ASO,ES,Combined TRACON& Tower with Radar,53,46,39,2,140,0,1,2,0,3,53,47,41,2,143,16,0,16,159
09/11/2022,TYS,TN,ASO,ES,Combined TRACON& Tower with Radar,74,48,38,11,171,0,1,11,24,36,74,49,49,35,207,0,0,0,207
09/12/2022,TYS,TN,ASO,ES,Combined TRACON& Tower with Radar,80,52,120,11,263,0,4,37,2,43,80,56,157,13,306,86,6,92,398
09/13/2022,TYS,TN,ASO,ES,Combined TRACON& Tower with Radar,66,50,114,6,236,0,6,79,0,85,66,56,193,6,321,115,12,127,448
09/14/2022,TYS,TN,ASO,ES,Combined TRACON& Tower with Radar,71,47,114,33,265,0,5,85,1,91,71,52,199,34,356,52,19,71,427
09/15/2022,TYS,TN,ASO,ES,Combined TRACON& Tower with Radar,89,65,97,50,301,0,6,71,0,77,89,71,168,50,378,50,10,60,438
09/16/2022,TYS,TN,ASO,ES,Combined TRACON& Tower with Radar,85,54,125,56,320,0,6,59,2,67,85,60,184,58,387,46,10,56,443
09/17/2022,TYS,TN,ASO,ES,Combined TRACON& Tower with Radar,58,40,67,8,173,0,0,52,4,56,58,40,119,12,229,38,8,46,275
09/18/2022,TYS,TN,ASO,ES,Combined TRACON& Tower with Radar,78,70,94,24,266,0,0,27,4,31,78,70,121,28,297,16,0,16,313
09/19/2022,TYS,TN,ASO,ES,Combined TRACON& Tower with Radar,80,46,123,31,280,0,6,56,7,69,80,52,179,38,349,70,8,78,427
09/20/2022,TYS,TN,ASO,ES,Combined TRACON& Tower with Radar,64,49,97,21,231,0,6,73,2,81,64,55,170,23,312,52,2,54,366
09/21/2022,TYS,TN,ASO,ES,Combined TRACON& Tower with Radar,69,65,132,41,307,0,4,71,6,81,69,69,203,47,388,53,26,79,467
09/22/2022,TYS,TN,ASO,ES,Combined TRACON& Tower with Radar,92,48,126,36,302,0,6,51,4,61,92,54,177,40,363,22,18,40,403
09/23/2022,TYS,TN,ASO,ES,Combined TRACON& Tower with Radar,86,62,136,17,301,0,9,71,8,88,86,71,207,25,389,52,2,54,443
09/24/2022,TYS,TN,ASO,ES,Combined TRACON& Tower with Radar,55,62,109,2,228,0,1,43,3,47,55,63,152,5,275,11,0,11,286
09/25/2022,TYS,TN,ASO,ES,Combined TRACON& Tower with Radar,78,50,94,4,226,0,0,15,0,15,78,50,109,4,241,12,0,12,253
09/26/2022,TYS,TN,ASO,ES,Combined TRACON& Tower with Radar,81,43,87,8,219,0,0,54,6,60,81,43,141,14,279,26,0,26,305
09/27/2022,TYS,TN,ASO,ES,Combined TRACON& Tower with Radar,74,49,112,28,263,0,5,79,8,92,74,54,191,36,355,68,2,70,425
09/28/2022,TYS,TN,ASO,ES,Combined TRACON& Tower with Radar,64,58,93,10,225,0,0,75,0,75,64,58,168,10,300,28,6,34,334
09/29/2022,TYS,TN,ASO,ES,Combined TRACON& Tower with Radar,79,47,94,13,233,0,0,53,0,53,79,47,147,13,286,26,10,36,322
09/30/2022,TYS,TN,ASO,ES,Combined TRACON& Tower with Radar,79,54,84,13,230,0,1,40,9,50,79,55,124,22,280,24,6,30,310
10/01/2022,TYS,TN,ASO,ES,Combined TRACON& Tower with Radar,57,41,53,2,153,0,0,6,0,6,57,41,59,2,159,10,0,10,169
10/02/2022,TYS,TN,ASO,ES,Combined TRACON& Tower with Radar,71,47,74,8,200,0,0,11,0,11,71,47,85,8,211,23,0,23,234
10/03/2022,TYS,TN,ASO,ES,Combined TRACON& Tower with Radar,77,43,91,0,211,0,2,47,0,49,77,45,138,0,260,83,0,83,343
10/04/2022,TYS,TN,ASO,ES,Combined TRACON& Tower with Radar,64,47,101,10,222,0,0,90,0,90,64,47,191,10,312,93,10,103,415
10/05/2022,TYS,TN,ASO,ES,Combined TRACON& Tower with Radar,66,58,118,23,265,0,3,118,5,126,66,61,236,28,391,66,12,78,469
10/06/2022,TYS,TN,ASO,ES,Combined TRACON& Tower with Radar,99,65,114,27,305,0,3,80,3,86,99,68,194,30,391,57,0,57,448
10/07/2022,TYS,TN,ASO,ES,Combined TRACON& Tower with Radar,92,63,110,29,294,0,0,88,1,89,92,63,198,30,383,78,7,85,468
10/08/2022,TYS,TN,ASO,ES,Combined TRACON& Tower with Radar,74,38,68,1,181,0,6,54,1,61,74,44,122,2,242,35,0,35,277
10/09/2022,TYS,TN,ASO,ES,Combined TRACON& Tower with Radar,82,55,88,0,225,0,0,45,1,46,82,55,133,1,271,26,0,26,297
10/10/2022,TYS,TN,ASO,ES,Combined TRACON& Tower with Radar,82,58,113,2,255,0,0,87,2,89,82,58,200,4,344,65,0,65,409
10/11/2022,TYS,TN,ASO,ES,Combined TRACON& Tower with Radar,67,43,96,51,257,0,2,74,5,81,67,45,170,56,338,29,16,45,383
10/12/2022,TYS,TN,ASO,ES,Combined TRACON& Tower with Radar,75,35,96,7,213,0,0,30,0,30,75,35,126,7,243,49,2,51,294
10/13/2022,TYS,TN,ASO,ES,Combined TRACON& Tower with Radar,98,66,123,46,333,0,0,39,12,51,98,66,162,58,384,13,17,30,414
10/14/2022,TYS,TN,ASO,ES,Combined TRACON& Tower with Radar,96,74,159,15,344,0,0,73,15,88,96,74,232,30,432,24,14,38,470
10/15/2022,TYS,TN,ASO,ES,Combined TRACON& Tower with Radar,75,79,155,4,313,0,0,50,24,74,75,79,205,28,387,4,12,16,403
10/16/2022,TYS,TN,ASO,ES,Combined TRACON& Tower with Radar,84,73,132,3,292,0,1,28,1,30,84,74,160,4,322,4,0,4,326
10/17/2022,TYS,TN,ASO,ES,Combined TRACON& Tower with Radar,83,48,109,4,244,0,2,57,3,62,83,50,166,7,306,6,0,6,312
10/18/2022,TYS,TN,ASO,ES,Combined TRACON& Tower with Radar,76,37,110,44,267,0,0,60,1,61,76,37,170,45,328,79,6,85,413
10/19/2022,TYS,TN,ASO,ES,Combined TRACON& Tower with Radar,76,57,118,19,270,0,1,63,7,71,76,58,181,26,341,27,20,47,388
10/20/2022,TYS,TN,ASO,ES,Combined TRACON& Tower with Radar,92,64,142,29,327,0,3,86,14,103,92,67,228,43,430,67,11,78,508
10/21/2022,TYS,TN,ASO,ES,Combined TRACON& Tower with Radar,85,61,115,30,291,0,0,71,2,73,85,61,186,32,364,32,13,45,409
10/22/2022,TYS,TN,ASO,ES,Combined TRACON& Tower with Radar,61,41,72,8,182,0,0,38,12,50,61,41,110,20,232,30,0,30,262
10/23/2022,TYS,TN,ASO,ES,Combined TRACON& Tower with Radar,83,65,107,7,262,0,3,36,3,42,83,68,143,10,304,11,5,16,320
10/24/2022,TYS,TN,ASO,ES,Combined TRACON& Tower with Radar,78,43,109,2,232,0,5,90,4,99,78,48,199,6,331,74,0,74,405
10/25/2022,TYS,TN,ASO,ES,Combined TRACON& Tower with Radar,60,45,121,18,244,0,2,74,11,87,60,47,195,29,331,130,16,146,477
10/26/2022,TYS,TN,ASO,ES,Combined TRACON& Tower with Radar,72,60,164,25,321,0,0,23,3,26,72,60,187,28,347,123,2,125,472
10/27/2022,TYS,TN,ASO,ES,Combined TRACON& Tower with Radar,93,50,111,5,259,0,6,75,15,96,93,56,186,20,355,43,7,50,405
10/28/2022,TYS,TN,ASO,ES,Combined TRACON& Tower with Radar,86,55,127,18,286,0,0,118,4,122,86,55,245,22,408,52,14,66,474
10/29/2022,TYS,TN,ASO,ES,Combined TRACON& Tower with Radar,58,56,84,1,199,0,6,66,2,74,58,62,150,3,273,62,0,62,335
10/30/2022,TYS,TN,ASO,ES,Combined TRACON& Tower with Radar,72,68,92,1,233,0,1,20,0,21,72,69,112,1,254,26,0,26,280
10/31/2022,TYS,TN,ASO,ES,Combined TRACON& Tower with Radar,67,39,84,1,191,0,0,9,0,9,67,39,93,1,200,2,0,2,202
11/01/2022,TYS,TN,ASO,ES,Combined TRACON& Tower with Radar,66,55,116,29,266,0,0,61,3,64,66,55,177,32,330,74,15,89,419
11/02/2022,TYS,TN,ASO,ES,Combined TRACON& Tower with Radar,68,53,89,22,232,0,2,55,7,64,68,55,144,29,296,90,12,102,398
11/03/2022,TYS,TN,ASO,ES,Combined TRACON& Tower with Radar,84,49,104,22,259,0,0,89,27,116,84,49,193,49,375,72,15,87,462
11/04/2022,TYS,TN,ASO,ES,Combined TRACON& Tower with Radar,78,58,118,56,310,0,2,59,34,95,78,60,177,90,405,45,31,76,481
11/05/2022,TYS,TN,ASO,ES,Combined TRACON& Tower with Radar,66,42,72,4,184,0,0,10,7,17,66,42,82,11,201,0,0,0,201
11/06/2022,TYS,TN,ASO,ES,Combined TRACON& Tower with Radar,72,60,72,13,217,0,0,29,4,33,72,60,101,17,250,16,0,16,266
11/07/2022,TYS,TN,ASO,ES,Combined TRACON& Tower with Radar,76,50,118,18,262,0,2,32,0,34,76,52,150,18,296,67,2,69,365
11/08/2022,TYS,TN,ASO,ES,Combined TRACON& Tower with Radar,65,67,99,29,260,0,0,101,7,108,65,67,200,36,368,88,15,103,471
11/09/2022,TYS,TN,ASO,ES,Combined TRACON& Tower with Radar,74,40,89,50,253,0,0,109,10,119,74,40,198,60,372,110,22,132,504
11/10/2022,TYS,TN,ASO,ES,Combined TRACON& Tower with Radar,81,53,102,29,265,0,1,60,13,74,81,54,162,42,339,55,30,85,424
11/11/2022,TYS,TN,ASO,ES,Combined TRACON& Tower with Radar,81,59,119,1,260,0,0,0,0,0,81,59,119,1,260,0,0,0,260
11/12/2022,TYS,TN,ASO,ES,Combined TRACON& Tower with Radar,63,56,92,0,211,0,0,5,2,7,63,56,97,2,218,6,0,6,224
11/13/2022,TYS,TN,ASO,ES,Combined TRACON& Tower with Radar,77,64,89,0,230,0,0,16,0,16,77,64,105,0,246,65,0,65,311
11/14/2022,TYS,TN,ASO,ES,Combined TRACON& Tower with Radar,83,46,109,49,287,0,1,80,8,89,83,47,189,57,376,127,55,182,558
11/15/2022,TYS,TN,ASO,ES,Combined TRACON& Tower with Radar,69,45,63,1,178,0,0,0,1,1,69,45,63,2,179,0,0,0,179
11/16/2022,TYS,TN,ASO,ES,Combined TRACON& Tower with Radar,73,49,124,30,276,0,3,59,6,68,73,52,183,36,344,32,7,39,383
11/17/2022,TYS,TN,ASO,ES,Combined TRACON& Tower with Radar,84,70,109,52,315,0,0,56,3,59,84,70,165,55,374,41,30,71,445
11/18/2022,TYS,TN,ASO,ES,Combined TRACON& Tower with Radar,86,43,105,51,285,0,1,36,8,45,86,44,141,59,330,36,8,44,374
11/19/2022,TYS,TN,ASO,ES,Combined TRACON& Tower with Radar,63,52,57,15,187,0,0,44,11,55,63,52,101,26,242,34,2,36,278
11/20/2022,TYS,TN,ASO,ES,Combined TRACON& Tower with Radar,81,69,68,5,223,0,2,57,8,67,81,71,125,13,290,53,0,53,343
11/21/2022,TYS,TN,ASO,ES,Combined TRACON& Tower with Radar,80,45,95,49,269,0,2,82,0,84,80,47,177,49,353,69,15,84,437
11/22/2022,TYS,TN,ASO,ES,Combined TRACON& Tower with Radar,94,67,147,26,334,0,1,88,0,89,94,68,235,26,423,84,25,109,532
11/23/2022,TYS,TN,ASO,ES,Combined TRACON& Tower with Radar,82,48,75,11,216,0,0,54,7,61,82,48,129,18,277,88,8,96,373
11/24/2022,TYS,TN,ASO,ES,Combined TRACON& Tower with Radar,42,30,18,0,90,0,0,9,2,11,42,30,27,2,101,2,0,2,103
11/25/2022,TYS,TN,ASO,ES,Combined TRACON& Tower with Radar,65,33,41,0,139,0,0,8,0,8,65,33,49,0,147,22,0,22,169
11/26/2022,TYS,TN,ASO,ES,Combined TRACON& Tower with Radar,78,45,69,0,192,0,0,23,0,23,78,45,92,0,215,22,0,22,237
11/27/2022,TYS,TN,ASO,ES,Combined TRACON& Tower with Radar,78,58,96,4,236,0,0,1,0,1,78,58,97,4,237,0,0,0,237
11/28/2022,TYS,TN,ASO,ES,Combined TRACON& Tower with Radar,78,37,97,19,231,0,0,41,1,42,78,37,138,20,273,42,0,42,315
11/29/2022,TYS,TN,ASO,ES,Combined TRACON& Tower with Radar,75,33,95,22,225,0,0,61,0,61,75,33,156,22,286,98,10,108,394
11/30/2022,TYS,TN,ASO,ES,Combined TRACON& Tower with Radar,64,54,120,50,288,0,1,47,5,53,64,55,167,55,341,44,33,77,418
12/01/2022,TYS,TN,ASO,ES,Combined TRACON& Tower with Radar,74,47,82,57,260,0,0,89,11,100,74,47,171,68,360,38,40,78,438
12/02/2022,TYS,TN,ASO,ES,Combined TRACON& Tower with Radar,72,43,115,15,245,0,0,56,13,69,72,43,171,28,314,83,21,104,418
12/03/2022,TYS,TN,ASO,ES,Combined TRACON& Tower with Radar,48,41,50,12,151,0,0,8,0,8,48,41,58,12,159,27,0,27,186
12/04/2022,TYS,TN,ASO,ES,Combined TRACON& Tower with Radar,60,41,89,16,206,0,2,57,4,63,60,43,146,20,269,37,18,55,324
12/05/2022,TYS,TN,ASO,ES,Combined TRACON& Tower with Radar,65,36,103,40,244,0,0,8,0,8,65,36,111,40,252,6,0,6,258
12/06/2022,TYS,TN,ASO,ES,Combined TRACON& Tower with Radar,65,41,86,31,223,0,0,0,0,0,65,41,86,31,223,0,0,0,223
12/07/2022,TYS,TN,ASO,ES,Combined TRACON& Tower with Radar,57,37,94,12,200,0,0,1,0,1,57,37,95,12,201,0,0,0,201
12/08/2022,TYS,TN,ASO,ES,Combined TRACON& Tower with Radar,76,48,87,16,227,0,0,0,0,0,76,48,87,16,227,0,0,0,227
12/09/2022,TYS,TN,ASO,ES,Combined TRACON& Tower with Radar,65,44,80,3,192,0,0,0,0,0,65,44,80,3,192,0,0,0,192
12/10/2022,TYS,TN,ASO,ES,Combined TRACON& Tower with Radar,57,53,46,6,162,0,0,16,0,16,57,53,62,6,178,41,10,51,229
12/11/2022,TYS,TN,ASO,ES,Combined TRACON& Tower with Radar,62,53,68,4,187,0,0,1,0,1,62,53,69,4,188,0,0,0,188
12/12/2022,TYS,TN,ASO,ES,Combined TRACON& Tower with Radar,66,60,138,30,294,0,0,37,4,41,66,60,175,34,335,116,20,136,471
12/13/2022,TYS,TN,ASO,ES,Combined TRACON& Tower with Radar,56,56,126,51,289,0,0,61,1,62,56,56,187,52,351,87,25,112,463
12/14/2022,TYS,TN,ASO,ES,Combined TRACON& Tower with Radar,55,46,79,10,190,0,0,3,0,3,55,46,82,10,193,8,0,8,201
12/15/2022,TYS,TN,ASO,ES,Combined TRACON& Tower with Radar,75,39,144,43,301,0,0,33,10,43,75,39,177,53,344,48,42,90,434
12/16/2022,TYS,TN,ASO,ES,Combined TRACON& Tower with Radar,81,46,99,19,245,0,0,69,10,79,81,46,168,29,324,70,26,96,420
12/17/2022,TYS,TN,ASO,ES,Combined TRACON& Tower with Radar,69,40,55,11,175,0,2,36,4,42,69,42,91,15,217,18,25,43,260
12/18/2022,TYS,TN,ASO,ES,Combined TRACON& Tower with Radar,65,31,60,7,163,0,0,52,3,55,65,31,112,10,218,35,14,49,267
12/19/2022,TYS,TN,ASO,ES,Combined TRACON& Tower with Radar,71,44,89,12,216,0,0,65,1,66,71,44,154,13,282,154,10,164,446
12/20/2022,TYS,TN,ASO,ES,Combined TRACON& Tower with Radar,83,46,86,22,237,0,0,66,6,72,83,46,152,28,309,77,17,94,403
12/21/2022,TYS,TN,ASO,ES,Combined TRACON& Tower with Radar,74,46,105,27,252,0,1,66,9,76,74,47,171,36,328,110,10,120,448
12/22/2022,TYS,TN,ASO,ES,Combined TRACON& Tower with Radar,75,40,59,62,236,0,0,14,6,20,75,40,73,68,256,26,46,72,328
12/23/2022,TYS,TN,ASO,ES,Combined TRACON& Tower with Radar,65,47,29,0,141,0,0,4,0,4,65,47,33,0,145,0,0,0,145
12/24/2022,TYS,TN,ASO,ES,Combined TRACON& Tower with Radar,54,29,20,0,103,0,0,2,0,2,54,29,22,0,105,2,0,2,107
12/25/2022,TYS,TN,ASO,ES,Combined TRACON& Tower with Radar,45,30,19,0,94,0,0,5,0,5,45,30,24,0,99,0,0,0,99
12/26/2022,TYS,TN,ASO,ES,Combined TRACON& Tower with Radar,57,51,58,0,166,0,0,7,0,7,57,51,65,0,173,0,0,0,173
12/27/2022,TYS,TN,ASO,ES,Combined TRACON& Tower with Radar,74,49,87,0,210,0,0,36,0,36,74,49,123,0,246,10,0,10,256
12/28/2022,TYS,TN,ASO,ES,Combined TRACON& Tower with Radar,78,43,65,34,220,0,0,64,0,64,78,43,129,34,284,42,16,58,342
12/29/2022,TYS,TN,ASO,ES,Combined TRACON& Tower with Radar,80,39,83,21,223,0,2,64,0,66,80,41,147,21,289,49,18,67,356
12/30/2022,TYS,TN,ASO,ES,Combined TRACON& Tower with Radar,64,51,83,18,216,0,0,43,2,45,64,51,126,20,261,91,27,118,379
12/31/2022,TYS,TN,ASO,ES,Combined TRACON& Tower with Radar,65,40,31,2,138,0,0,3,0,3,65,40,34,2,141,0,0,0,141
01/01/2023,TYS,TN,ASO,ES,Combined TRACON& Tower with Radar,53,31,36,0,120,0,1,15,0,16,53,32,51,0,136,46,0,46,182
01/02/2023,TYS,TN,ASO,ES,Combined TRACON& Tower with Radar,59,47,92,0,198,0,0,38,0,38,59,47,130,0,236,64,0,64,300
01/03/2023,TYS,TN,ASO,ES,Combined TRACON& Tower with Radar,74,38,54,32,198,0,0,6,4,10,74,38,60,36,208,0,20,20,228
01/04/2023,TYS,TN,ASO,ES,Combined TRACON& Tower with Radar,57,45,63,15,180,0,0,44,4,48,57,45,107,19,228,41,0,41,269
01/05/2023,TYS,TN,ASO,ES,Combined TRACON& Tower with Radar,64,45,65,36,210,0,2,80,18,100,64,47,145,54,310,126,12,138,448
01/06/2023,TYS,TN,ASO,ES,Combined TRACON& Tower with Radar,61,39,85,27,212,0,0,78,12,90,61,39,163,39,302,63,5,68,370
01/07/2023,TYS,TN,ASO,ES,Combined TRACON& Tower with Radar,47,24,23,1,95,0,0,28,8,36,47,24,51,9,131,98,0,98,229
01/08/2023,TYS,TN,ASO,ES,Combined TRACON& Tower with Radar,8,7,5,0,20,0,0,3,0,3,8,7,8,0,23,0,0,0,23
01/09/2023,TYS,TN,ASO,ES,Combined TRACON& Tower with Radar,61,40,86,4,191,0,0,52,3,55,61,40,138,7,246,114,0,114,360
01/10/2023,TYS,TN,ASO,ES,Combined TRACON& Tower with Radar,59,37,69,26,191,0,2,51,0,53,59,39,120,26,244,68,8,76,320
01/11/2023,TYS,TN,ASO,ES,Combined TRACON& Tower with Radar,65,39,107,33,244,0,5,28,3,36,65,44,135,36,280,72,40,112,392
01/12/2023,TYS,TN,ASO,ES,Combined TRACON& Tower with Radar,83,41,54,17,195,0,0,4,6,10,83,41,58,23,205,10,6,16,221
01/13/2023,TYS,TN,ASO,ES,Combined TRACON& Tower with Radar,83,50,88,16,237,0,2,0,1,3,83,52,88,17,240,24,0,24,264
01/14/2023,TYS,TN,ASO,ES,Combined TRACON& Tower with Radar,47,40,51,2,140,0,0,32,0,32,47,40,83,2,172,59,0,59,231
01/15/2023,TYS,TN,ASO,ES,Combined TRACON& Tower with Radar,59,37,64,0,160,0,0,65,1,66,59,37,129,1,226,59,0,59,285
01/16/2023,TYS,TN,ASO,ES,Combined TRACON& Tower with Radar,73,38,67,0,178,0,0,48,0,48,73,38,115,0,226,46,0,46,272
01/17/2023,TYS,TN,ASO,ES,Combined TRACON& Tower with Radar,70,43,70,33,216,0,0,4,0,4,70,43,74,33,220,6,20,26,246
01/18/2023,TYS,TN,ASO,ES,Combined TRACON& Tower with Radar,66,40,58,6,170,0,0,0,0,0,66,40,58,6,170,0,0,0,170
01/19/2023,TYS,TN,ASO,ES,Combined TRACON& Tower with Radar,78,44,67,19,208,0,0,28,7,35,78,44,95,26,243,21,6,27,270
01/20/2023,TYS,TN,ASO,ES,Combined TRACON& Tower with Radar,75,57,94,10,236,0,3,94,13,110,75,60,188,23,346,149,2,151,497
01/21/2023,TYS,TN,ASO,ES,Combined TRACON& Tower with Radar,56,37,42,0,135,0,0,59,10,69,56,37,101,10,204,77,0,77,281
01/22/2023,TYS,TN,ASO,ES,Combined TRACON& Tower with Radar,66,34,40,17,157,0,0,2,0,2,66,34,42,17,159,0,4,4,163
01/23/2023,TYS,TN,ASO,ES,Combined TRACON& Tower with Radar,63,47,88,51,249,0,2,22,0,24,63,49,110,51,273,20,27,47,320
01/24/2023,TYS,TN,ASO,ES,Combined TRACON& Tower with Radar,64,42,105,70,281,0,6,76,8,90,64,48,181,78,371,100,36,136,507
01/25/2023,TYS,TN,ASO,ES,Combined TRACON& Tower with Radar,65,36,80,22,203,0,0,12,5,17,65,36,92,27,220,12,14,26,246
01/26/2023,TYS,TN,ASO,ES,Combined TRACON& Tower with Radar,79,50,118,39,286,0,6,33,10,49,79,56,151,49,335,76,16,92,427
01/27/2023,TYS,TN,ASO,ES,Combined TRACON& Tower with Radar,74,43,87,43,247,0,3,106,4,113,74,46,193,47,360,41,7,48,408
01/28/2023,TYS,TN,ASO,ES,Combined TRACON& Tower with Radar,52,38,42,13,145,0,3,62,2,67,52,41,104,15,212,50,0,50,262
01/29/2023,TYS,TN,ASO,ES,Combined TRACON& Tower with Radar,68,27,48,2,145,0,0,3,0,3,68,27,51,2,148,0,0,0,148
01/30/2023,TYS,TN,ASO,ES,Combined TRACON& Tower with Radar,63,29,79,21,192,0,0,2,0,2,63,29,81,21,194,0,0,0,194
01/31/2023,TYS,TN,ASO,ES,Combined TRACON& Tower with Radar,70,38,66,5,179,0,0,0,0,0,70,38,66,5,179,0,0,0,179
02/01/2023,TYS,TN,ASO,ES,Combined TRACON& Tower with Radar,57,36,93,36,222,0,0,0,0,0,57,36,93,36,222,16,0,16,238
02/02/2023,TYS,TN,ASO,ES,Combined TRACON& Tower with Radar,72,46,81,0,199,0,0,1,0,1,72,46,82,0,200,0,0,0,200
02/03/2023,TYS,TN,ASO,ES,Combined TRACON& Tower with Radar,74,36,74,25,209,0,0,109,18,127,74,36,183,43,336,84,6,90,426
02/04/2023,TYS,TN,ASO,ES,Combined TRACON& Tower with Radar,54,34,63,20,171,0,6,62,5,73,54,40,125,25,244,70,28,98,342
02/05/2023,TYS,TN,ASO,ES,Combined TRACON& Tower with Radar,66,38,49,20,173,0,3,41,9,53,66,41,90,29,226,75,11,86,312
02/06/2023,TYS,TN,ASO,ES,Combined TRACON& Tower with Radar,74,40,65,14,193,0,4,60,2,66,74,44,125,16,259,58,6,64,323
02/07/2023,TYS,TN,ASO,ES,Combined TRACON& Tower with Radar,64,41,81,66,252,0,5,56,2,63,64,46,137,68,315,82,46,128,443
02/08/2023,TYS,TN,ASO,ES,Combined TRACON& Tower with Radar,65,52,142,43,302,0,2,18,1,21,65,54,160,44,323,10,9,19,342
02/09/2023,TYS,TN,ASO,ES,Combined TRACON& Tower with Radar,82,41,72,14,209,0,1,18,9,28,82,42,90,23,237,12,0,12,249
02/10/2023,TYS,TN,ASO,ES,Combined TRACON& Tower with Radar,73,40,103,31,247,0,2,58,6,66,73,42,161,37,313,86,7,93,406
02/11/2023,TYS,TN,ASO,ES,Combined TRACON& Tower with Radar,57,26,36,3,122,0,0,33,1,34,57,26,69,4,156,27,0,27,183
02/12/2023,TYS,TN,ASO,ES,Combined TRACON& Tower with Radar,61,37,32,0,130,0,0,2,0,2,61,37,34,0,132,0,0,0,132
02/13/2023,TYS,TN,ASO,ES,Combined TRACON& Tower with Radar,65,43,77,11,196,0,8,70,2,80,65,51,147,13,276,56,26,82,358
02/14/2023,TYS,TN,ASO,ES,Combined TRACON& Tower with Radar,59,41,52,38,190,0,1,56,9,66,59,42,108,47,256,37,8,45,301
02/15/2023,TYS,TN,ASO,ES,Combined TRACON& Tower with Radar,68,52,139,57,316,0,0,13,9,22,68,52,152,66,338,17,24,41,379
02/16/2023,TYS,TN,ASO,ES,Combined TRACON& Tower with Radar,81,50,83,12,226,0,0,10,0,10,81,50,93,12,236,29,0,29,265
02/17/2023,TYS,TN,ASO,ES,Combined TRACON& Tower with Radar,78,50,80,7,215,0,0,5,1,6,78,50,85,8,221,0,0,0,221
02/18/2023,TYS,TN,ASO,ES,Combined TRACON& Tower with Radar,56,30,43,5,134,0,6,50,1,57,56,36,93,6,191,28,2,30,221
02/19/2023,TYS,TN,ASO,ES,Combined TRACON& Tower with Radar,67,43,58,1,169,0,4,44,1,49,67,47,102,2,218,33,0,33,251
02/20/2023,TYS,TN,ASO,ES,Combined TRACON& Tower with Radar,77,38,90,0,205,0,1,22,0,23,77,39,112,0,228,30,0,30,258
02/21/2023,TYS,TN,ASO,ES,Combined TRACON& Tower with Radar,63,47,96,53,259,0,4,41,2,47,63,51,137,55,306,36,12,48,354
02/22/2023,TYS,TN,ASO,ES,Combined TRACON& Tower with Radar,71,48,94,27,240,0,2,32,5,39,71,50,126,32,279,61,12,73,352
02/23/2023,TYS,TN,ASO,ES,Combined TRACON& Tower with Radar,79,51,85,46,261,0,5,27,1,33,79,56,112,47,294,23,25,48,342
02/24/2023,TYS,TN,ASO,ES,Combined TRACON& Tower with Radar,76,49,91,9,225,0,2,60,2,64,76,51,151,11,289,54,13,67,356
02/25/2023,TYS,TN,ASO,ES,Combined TRACON& Tower with Radar,58,31,32,0,121,0,0,0,0,0,58,31,32,0,121,4,0,4,125
02/26/2023,TYS,TN,ASO,ES,Combined TRACON& Tower with Radar,71,35,79,3,188,0,1,3,0,4,71,36,82,3,192,0,0,0,192
02/27/2023,TYS,TN,ASO,ES,Combined TRACON& Tower with Radar,76,40,59,17,192,0,1,7,1,9,76,41,66,18,201,21,4,25,226
02/28/2023,TYS,TN,ASO,ES,Combined TRACON& Tower with Radar,64,45,97,28,234,0,5,90,0,95,64,50,187,28,329,138,8,146,475
03/01/2023,TYS,TN,ASO,ES,Combined TRACON& Tower with Radar,70,39,102,55,266,0,2,52,1,55,70,41,154,56,321,38,45,83,404
03/02/2023,TYS,TN,ASO,ES,Combined TRACON& Tower with Radar,74,46,91,14,225,1,1,10,2,14,75,47,101,16,239,36,8,44,283
03/03/2023,TYS,TN,ASO,ES,Combined TRACON& Tower with Radar,89,38,49,0,176,0,0,8,0,8,89,38,57,0,184,6,0,6,190
03/04/2023,TYS,TN,ASO,ES,Combined TRACON& Tower with Radar,61,50,31,0,142,0,11,62,5,78,61,61,93,5,220,58,0,58,278
03/05/2023,TYS,TN,ASO,ES,Combined TRACON& Tower with Radar,69,46,55,4,174,0,1,74,0,75,69,47,129,4,249,45,0,45,294
03/06/2023,TYS,TN,ASO,ES,Combined TRACON& Tower with Radar,74,33,100,13,220,0,1,69,4,74,74,34,169,17,294,119,10,129,423
03/07/2023,TYS,TN,ASO,ES,Combined TRACON& Tower with Radar,65,45,108,62,280,0,4,69,6,79,65,49,177,68,359,75,48,123,482
03/08/2023,TYS,TN,ASO,ES,Combined TRACON& Tower with Radar,71,36,101,47,255,0,0,55,1,56,71,36,156,48,311,33,24,57,368
03/09/2023,TYS,TN,ASO,ES,Combined TRACON& Tower with Radar,89,37,102,47,275,0,2,42,0,44,89,39,144,47,319,36,36,72,391
03/10/2023,TYS,TN,ASO,ES,Combined TRACON& Tower with Radar,83,41,100,4,228,0,2,23,1,26,83,43,123,5,254,16,0,16,270
03/11/2023,TYS,TN,ASO,ES,Combined TRACON& Tower with Radar,66,43,57,8,174,0,1,42,1,44,66,44,99,9,218,46,0,46,264
03/12/2023,TYS,TN,ASO,ES,Combined TRACON& Tower with Radar,73,51,47,13,184,0,2,0,0,2,73,53,47,13,186,0,0,0,186
03/13/2023,TYS,TN,ASO,ES,Combined TRACON& Tower with Radar,84,40,90,7,221,0,6,30,0,36,84,46,120,7,257,36,0,36,293
03/14/2023,TYS,TN,ASO,ES,Combined TRACON& Tower with Radar,73,40,90,37,240,0,4,45,0,49,73,44,135,37,289,34,19,53,342
03/15/2023,TYS,TN,ASO,ES,Combined TRACON& Tower with Radar,79,43,95,47,264,0,9,82,2,93,79,52,177,49,357,80,34,114,471
03/16/2023,TYS,TN,ASO,ES,Combined TRACON& Tower with Radar,89,44,83,34,250,0,1,63,4,68,89,45,146,38,318,31,4,35,353
03/17/2023,TYS,TN,ASO,ES,Combined TRACON& Tower with Radar,86,54,69,8,217,0,0,1,0,1,86,54,70,8,218,2,0,2,220
03/18/2023,TYS,TN,ASO,ES,Combined TRACON& Tower with Radar,75,41,64,2,182,0,1,37,12,50,75,42,101,14,232,31,13,44,276
03/19/2023,TYS,TN,ASO,ES,Combined TRACON& Tower with Radar,81,40,87,1,209,0,2,31,7,40,81,42,118,8,249,13,0,13,262
03/20/2023,TYS,TN,ASO,ES,Combined TRACON& Tower with Radar,79,27,97,18,221,0,7,100,7,114,79,34,197,25,335,52,26,78,413
03/21/2023,TYS,TN,ASO,ES,Combined TRACON& Tower with Radar,79,30,82,34,225,0,3,82,4,89,79,33,164,38,314,51,22,73,387
03/22/2023,TYS,TN,ASO,ES,Combined TRACON& Tower with Radar,78,43,101,18,240,1,1,1,0,3,79,44,102,18,243,1,43,44,287
03/23/2023,TYS,TN,ASO,ES,Combined TRACON& Tower with Radar,90,38,125,16,269,0,3,57,21,81,90,41,182,37,350,47,38,85,435
03/24/2023,TYS,TN,ASO,ES,Combined TRACON& Tower with Radar,84,39,125,10,258,0,4,28,1,33,84,43,153,11,291,18,4,22,313
03/25/2023,TYS,TN,ASO,ES,Combined TRACON& Tower with Radar,68,34,34,8,144,0,5,23,0,28,68,39,57,8,172,38,6,44,216
03/26/2023,TYS,TN,ASO,ES,Combined TRACON& Tower with Radar,78,39,65,12,194,0,3,48,3,54,78,42,113,15,248,51,0,51,299
03/27/2023,TYS,TN,ASO,ES,Combined TRACON& Tower with Radar,83,42,92,24,241,0,8,62,8,78,83,50,154,32,319,82,10,92,411
03/28/2023,TYS,TN,ASO,ES,Combined TRACON& Tower with Radar,63,45,69,59,236,0,4,54,15,73,63,49,123,74,309,62,44,106,415
03/29/2023,TYS,TN,ASO,ES,Combined TRACON& Tower with Radar,73,40,110,73,296,0,5,93,12,110,73,45,203,85,406,87,25,112,518
03/30/2023,TYS,TN,ASO,ES,Combined TRACON& Tower with Radar,89,43,102,51,285,0,2,91,23,116,89,45,193,74,401,72,48,120,521
03/31/2023,TYS,TN,ASO,ES,Combined TRACON& Tower with Radar,84,39,105,4,232,0,0,15,15,30,84,39,120,19,262,36,0,36,298
04/01/2023,TYS,TN,ASO,ES,Combined TRACON& Tower with Radar,74,36,26,6,142,0,2,4,2,8,74,38,30,8,150,0,0,0,150
04/02/2023,TYS,TN,ASO,ES,Combined TRACON& Tower with Radar,76,51,72,11,210,0,2,66,8,76,76,53,138,19,286,30,0,30,316
04/03/2023,TYS,TN,ASO,ES,Combined TRACON& Tower with Radar,74,42,105,3,224,0,2,23,0,25,74,44,128,3,249,54,0,54,303
04/04/2023,TYS,TN,ASO,ES,Combined TRACON& Tower with Radar,65,51,90,43,249,0,5,41,0,46,65,56,131,43,295,100,17,117,412
04/05/2023,TYS,TN,ASO,ES,Combined TRACON& Tower with Radar,79,51,107,33,270,0,0,50,7,57,79,51,157,40,327,69,10,79,406
04/06/2023,TYS,TN,ASO,ES,Combined TRACON& Tower with Radar,87,53,125,31,296,0,3,49,14,66,87,56,174,45,362,35,73,108,470
04/07/2023,TYS,TN,ASO,ES,Combined TRACON& Tower with Radar,82,47,78,18,225,0,0,2,2,4,82,47,80,20,229,0,0,0,229
04/08/2023,TYS,TN,ASO,ES,Combined TRACON& Tower with Radar,59,44,25,4,132,0,0,0,0,0,59,44,25,4,132,17,0,17,149
04/09/2023,TYS,TN,ASO,ES,Combined TRACON& Tower with Radar,69,37,51,9,166,0,3,26,3,32,69,40,77,12,198,37,0,37,235
04/10/2023,TYS,TN,ASO,ES,Combined TRACON& Tower with Radar,77,71,113,17,278,0,12,82,3,97,77,83,195,20,375,52,22,74,449
04/11/2023,TYS,TN,ASO,ES,Combined TRACON& Tower with Radar,65,48,96,31,240,0,6,114,14,134,65,54,210,45,374,49,43,92,466
04/12/2023,TYS,TN,ASO,ES,Combined TRACON& Tower with Radar,80,45,93,58,276,0,1,100,13,114,80,46,193,71,390,103,45,148,538
04/13/2023,TYS,TN,ASO,ES,Combined TRACON& Tower with Radar,84,67,107,50,308,0,1,51,17,69,84,68,158,67,377,42,28,70,447
04/14/2023,TYS,TN,ASO,ES,Combined TRACON& Tower with Radar,83,52,95,18,248,0,0,18,5,23,83,52,113,23,271,36,7,43,314
04/15/2023,TYS,TN,ASO,ES,Combined TRACON& Tower with Radar,57,52,46,5,160,0,1,35,7,43,57,53,81,12,203,56,10,66,269
04/16/2023,TYS,TN,ASO,ES,Combined TRACON& Tower with Radar,74,41,67,1,183,0,0,16,10,26,74,41,83,11,209,0,53,53,262
04/17/2023,TYS,TN,ASO,ES,Combined TRACON& Tower with Radar,78,53,73,12,216,0,5,49,1,55,78,58,122,13,271,33,0,33,304
04/18/2023,TYS,TN,ASO,ES,Combined TRACON& Tower with Radar,67,46,99,37,249,0,2,100,15,117,67,48,199,52,366,72,53,125,491
04/19/2023,TYS,TN,ASO,ES,Combined TRACON& Tower with Radar,71,58,111,51,291,0,4,92,16,112,71,62,203,67,403,46,37,83,486
04/20/2023,TYS,TN,ASO,ES,Combined TRACON& Tower with Radar,80,56,99,69,304,0,4,64,14,82,80,60,163,83,386,38,40,78,464
04/21/2023,TYS,TN,ASO,ES,Combined TRACON& Tower with Radar,82,63,99,39,283,0,2,38,2,42,82,65,137,41,325,26,0,26,351
04/22/2023,TYS,TN,ASO,ES,Combined TRACON& Tower with Radar,59,50,35,2,146,0,4,16,1,21,59,54,51,3,167,34,0,34,201
04/23/2023,TYS,TN,ASO,ES,Combined TRACON& Tower with Radar,76,65,96,13,250,0,1,52,0,53,76,66,148,13,303,24,6,30,333
04/24/2023,TYS,TN,ASO,ES,Combined TRACON& Tower with Radar,75,60,88,10,233,0,5,70,4,79,75,65,158,14,312,66,0,66,378
04/25/2023,TYS,TN,ASO,ES,Combined TRACON& Tower with Radar,66,49,113,37,265,0,2,86,16,104,66,51,199,53,369,41,23,64,433
04/26/2023,TYS,TN,ASO,ES,Combined TRACON& Tower with Radar,71,56,119,14,260,0,1,18,1,20,71,57,137,15,280,42,20,62,342
04/27/2023,TYS,TN,ASO,ES,Combined TRACON& Tower with Radar,82,53,107,13,255,0,0,10,0,10,82,53,117,13,265,6,6,12,277
04/28/2023,TYS,TN,ASO,ES,Combined TRACON& Tower with Radar,84,52,87,30,253,0,0,12,4,16,84,52,99,34,269,0,19,19,288
04/29/2023,TYS,TN,ASO,ES,Combined TRACON& Tower with Radar,58,34,41,28,161,0,0,54,0,54,58,34,95,28,215,64,46,110,325
04/30/2023,TYS,TN,ASO,ES,Combined TRACON& Tower with Radar,67,48,52,15,182,0,0,13,0,13,67,48,65,15,195,23,0,23,218
05/01/2023,TYS,TN,ASO,ES,Combined TRACON& Tower with Radar,80,58,78,5,221,0,4,35,0,39,80,62,113,5,260,37,0,37,297
05/02/2023,TYS,TN,ASO,ES,Combined TRACON& Tower with Radar,67,47,76,25,215,0,2,42,4,48,67,49,118,29,263,15,31,46,309
05/03/2023,TYS,TN,ASO,ES,Combined TRACON& Tower with Radar,72,54,110,51,287,0,4,60,1,65,72,58,170,52,352,78,23,101,453
05/04/2023,TYS,TN,ASO,ES,Combined TRACON& Tower with Radar,87,57,88,68,300,0,3,83,6,92,87,60,171,74,392,77,14,91,483
05/05/2023,TYS,TN,ASO,ES,Combined TRACON& Tower with Radar,79,46,86,11,222,0,1,44,2,47,79,47,130,13,269,81,19,100,369
05/06/2023,TYS,TN,ASO,ES,Combined TRACON& Tower with Radar,56,41,57,3,157,0,0,37,0,37,56,41,94,3,194,59,0,59,253
05/07/2023,TYS,TN,ASO,ES,Combined TRACON& Tower with Radar,75,51,97,13,236,0,1,25,11,37,75,52,122,24,273,4,12,16,289
05/08/2023,TYS,TN,ASO,ES,Combined TRACON& Tower with Radar,79,40,87,5,211,0,4,27,0,31,79,44,114,5,242,34,0,34,276
05/09/2023,TYS,TN,ASO,ES,Combined TRACON& Tower with Radar,76,55,96,28,255,0,2,64,5,71,76,57,160,33,326,29,22,51,377
05/10/2023,TYS,TN,ASO,ES,Combined TRACON& Tower with Radar,79,59,97,31,266,0,4,92,6,102,79,63,189,37,368,57,29,86,454
05/11/2023,TYS,TN,ASO,ES,Combined TRACON& Tower with Radar,87,41,107,27,262,1,1,62,18,82,88,42,169,45,344,47,39,86,430
05/12/2023,TYS,TN,ASO,ES,Combined TRACON& Tower with Radar,87,44,66,4,201,0,0,29,0,29,87,44,95,4,230,23,0,23,253
05/13/2023,TYS,TN,ASO,ES,Combined TRACON& Tower with Radar,58,43,61,1,163,0,0,28,1,29,58,43,89,2,192,61,0,61,253
05/14/2023,TYS,TN,ASO,ES,Combined TRACON& Tower with Radar,83,43,46,5,177,0,0,11,1,12,83,43,57,6,189,21,0,21,210
05/15/2023,TYS,TN,ASO,ES,Combined TRACON& Tower with Radar,77,37,103,9,226,0,0,15,0,15,77,37,118,9,241,68,0,68,309
05/16/2023,TYS,TN,ASO,ES,Combined TRACON& Tower with Radar,71,54,101,20,246,0,2,16,7,25,71,56,117,27,271,57,8,65,336
05/17/2023,TYS,TN,ASO,ES,Combined TRACON& Tower with Radar,77,60,137,28,302,0,5,83,11,99,77,65,220,39,401,71,26,97,498
05/18/2023,TYS,TN,ASO,ES,Combined TRACON& Tower with Radar,87,62,131,18,298,0,2,79,15,96,87,64,210,33,394,75,20,95,489
05/19/2023,TYS,TN,ASO,ES,Combined TRACON& Tower with Radar,87,61,116,30,294,0,1,67,19,87,87,62,183,49,381,90,15,105,486
05/20/2023,TYS,TN,ASO,ES,Combined TRACON& Tower with Radar,57,38,46,6,147,0,2,6,6,14,57,40,52,12,161,20,0,20,181
05/21/2023,TYS,TN,ASO,ES,Combined TRACON& Tower with Radar,75,47,79,13,214,0,2,35,5,42,75,49,114,18,256,10,2,12,268
05/22/2023,TYS,TN,ASO,ES,Combined TRACON& Tower with Radar,83,57,96,9,245,0,3,58,1,62,83,60,154,10,307,75,2,77,384
05/23/2023,TYS,TN,ASO,ES,Combined TRACON& Tower with Radar,73,58,90,57,278,0,3,78,8,89,73,61,168,65,367,110,50,160,527
05/24/2023,TYS,TN,ASO,ES,Combined TRACON& Tower with Radar,73,68,131,48,320,0,6,97,15,118,73,74,228,63,438,74,19,93,531
05/25/2023,TYS,TN,ASO,ES,Combined TRACON& Tower with Radar,89,54,119,26,288,0,11,85,23,119,89,65,204,49,407,68,20,88,495
05/26/2023,TYS,TN,ASO,ES,Combined TRACON& Tower with Radar,92,50,102,8,252,0,0,57,2,59,92,50,159,10,311,47,0,47,358
05/27/2023,TYS,TN,ASO,ES,Combined TRACON& Tower with Radar,57,44,47,0,148,0,4,64,2,70,57,48,111,2,218,84,0,84,302
05/28/2023,TYS,TN,ASO,ES,Combined TRACON& Tower with Radar,71,31,24,0,126,0,0,0,0,0,71,31,24,0,126,0,0,0,126
05/29/2023,TYS,TN,ASO,ES,Combined TRACON& Tower with Radar,86,41,71,0,198,0,0,20,0,20,86,41,91,0,218,12,0,12,230
05/30/2023,TYS,TN,ASO,ES,Combined TRACON& Tower with Radar,68,46,85,7,206,0,9,51,1,61,68,55,136,8,267,37,0,37,304
05/31/2023,TYS,TN,ASO,ES,Combined TRACON& Tower with Radar,78,54,94,64,290,0,0,60,13,73,78,54,154,77,363,38,62,100,463
06/01/2023,TYS,TN,ASO,ES,Combined TRACON& Tower with Radar,93,64,95,28,280,0,3,51,20,74,93,67,146,48,354,60,24,84,438
06/02/2023,TYS,TN,ASO,ES,Combined TRACON& Tower with Radar,93,50,103,59,305,0,4,62,24,90,93,54,165,83,395,58,52,110,505
06/03/2023,TYS,TN,ASO,ES,Combined TRACON& Tower with Radar,63,54,59,16,192,0,4,34,23,61,63,58,93,39,253,36,17,53,306
06/04/2023,TYS,TN,ASO,ES,Combined TRACON& Tower with Radar,81,52,60,15,208,0,3,32,3,38,81,55,92,18,246,12,0,12,258
06/05/2023,TYS,TN,ASO,ES,Combined TRACON& Tower with Radar,90,52,69,38,249,0,6,46,1,53,90,58,115,39,302,38,40,78,380
06/06/2023,TYS,TN,ASO,ES,Combined TRACON& Tower with Radar,78,54,85,39,256,0,0,68,13,81,78,54,153,52,337,59,37,96,433
06/07/2023,TYS,TN,ASO,ES,Combined TRACON& Tower with Radar,80,48,97,35,260,0,4,24,14,42,80,52,121,49,302,50,46,96,398
06/08/2023,TYS,TN,ASO,ES,Combined TRACON& Tower with Radar,91,51,95,41,278,0,3,52,10,65,91,54,147,51,343,49,38,87,430
06/09/2023,TYS,TN,ASO,ES,Combined TRACON& Tower with Radar,97,53,89,35,274,0,5,69,8,82,97,58,158,43,356,45,12,57,413
06/10/2023,TYS,TN,ASO,ES,Combined TRACON& Tower with Radar,67,49,48,1,165,0,1,53,4,58,67,50,101,5,223,22,0,22,245
06/11/2023,TYS,TN,ASO,ES,Combined TRACON& Tower with Radar,78,48,54,20,200,0,1,9,4,14,78,49,63,24,214,24,12,36,250
06/12/2023,TYS,TN,ASO,ES,Combined TRACON& Tower with Radar,90,58,132,8,288,0,6,32,0,38,90,64,164,8,326,46,2,48,374
06/13/2023,TYS,TN,ASO,ES,Combined TRACON& Tower with Radar,76,40,102,40,258,0,2,87,1,90,76,42,189,41,348,83,33,116,464
06/14/2023,TYS,TN,ASO,ES,Combined TRACON& Tower with Radar,81,49,104,19,253,0,2,61,11,74,81,51,165,30,327,14,18,32,359
06/15/2023,TYS,TN,ASO,ES,Combined TRACON& Tower with Radar,91,50,118,10,269,0,1,45,22,68,91,51,163,32,337,109,0,109,446
06/16/2023,TYS,TN,ASO,ES,Combined TRACON& Tower with Radar,87,61,82,57,287,0,2,66,18,86,87,63,148,75,373,62,34,96,469
06/17/2023,TYS,TN,ASO,ES,Combined TRACON& Tower with Radar,71,37,65,1,174,0,4,46,1,51,71,41,111,2,225,16,0,16,241
06/18/2023,TYS,TN,ASO,ES,Combined TRACON& Tower with Radar,81,43,50,18,192,1,3,21,2,27,82,46,71,20,219,35,0,35,254
06/19/2023,TYS,TN,ASO,ES,Combined TRACON& Tower with Radar,88,47,97,0,232,0,1,6,0,7,88,48,103,0,239,2,0,2,241
06/20/2023,TYS,TN,ASO,ES,Combined TRACON& Tower with Radar,75,50,124,24,273,0,0,11,2,13,75,50,135,26,286,2,0,2,288
06/21/2023,TYS,TN,ASO,ES,Combined TRACON& Tower with Radar,85,44,137,2,268,0,2,14,3,19,85,46,151,5,287,24,0,24,311
06/22/2023,TYS,TN,ASO,ES,Combined TRACON& Tower with Radar,89,65,146,9,309,0,0,4,5,9,89,65,150,14,318,0,19,19,337
06/23/2023,TYS,TN,ASO,ES,Combined TRACON& Tower with Radar,92,41,116,28,277,0,0,22,14,36,92,41,138,42,313,47,2,49,362
06/24/2023,TYS,TN,ASO,ES,Combined TRACON& Tower with Radar,73,37,53,2,165,0,0,51,10,61,73,37,104,12,226,12,0,12,238
06/25/2023,TYS,TN,ASO,ES,Combined TRACON& Tower with Radar,76,55,62,14,207,0,4,38,8,50,76,59,100,22,257,16,0,16,273
06/26/2023,TYS,TN,ASO,ES,Combined TRACON& Tower with Radar,85,50,96,17,248,0,2,54,4,60,85,52,150,21,308,16,24,40,348
06/27/2023,TYS,TN,ASO,ES,Combined TRACON& Tower with Radar,67,55,89,36,247,0,2,68,6,76,67,57,157,42,323,54,23,77,400
06/28/2023,TYS,TN,ASO,ES,Combined TRACON& Tower with Radar,82,60,114,58,314,0,2,73,11,86,82,62,187,69,400,59,16,75,475
06/29/2023,TYS,TN,ASO,ES,Combined TRACON& Tower with Radar,96,48,150,56,350,0,3,26,5,34,96,51,176,61,384,50,9,59,443
06/30/2023,TYS,TN,ASO,ES,Combined TRACON& Tower with Radar,94,52,103,4,253,0,2,32,3,37,94,54,135,7,290,69,8,77,367
07/01/2023,TYS,TN,ASO,ES,Combined TRACON& Tower with Radar,74,47,37,2,160,0,2,31,1,34,74,49,68,3,194,57,2,59,253
07/02/2023,TYS,TN,ASO,ES,Combined TRACON& Tower with Radar,77,36,29,0,142,0,2,18,0,20,77,38,47,0,162,54,0,54,216
07/03/2023,TYS,TN,ASO,ES,Combined TRACON& Tower with Radar,75,31,28,2,136,0,2,23,0,25,75,33,51,2,161,6,0,6,167
07/04/2023,TYS,TN,ASO,ES,Combined TRACON& Tower with Radar,50,27,33,2,112,0,2,24,0,26,50,29,57,2,138,4,0,4,142
07/05/2023,TYS,TN,ASO,ES,Combined TRACON& Tower with Radar,91,35,72,14,212,0,0,36,0,36,91,35,108,14,248,30,14,44,292
07/06/2023,TYS,TN,ASO,ES,Combined TRACON& Tower with Radar,97,33,121,41,292,0,4,64,7,75,97,37,185,48,367,115,14,129,496
07/07/2023,TYS,TN,ASO,ES,Combined TRACON& Tower with Radar,96,30,112,13,251,0,6,56,0,62,96,36,168,13,313,31,10,41,354
07/08/2023,TYS,TN,ASO,ES,Combined TRACON& Tower with Radar,79,38,59,15,191,0,1,57,4,62,79,39,116,19,253,6,0,6,259
07/09/2023,TYS,TN,ASO,ES,Combined TRACON& Tower with Radar,82,33,59,3,177,0,0,4,0,4,82,33,63,3,181,7,0,7,188
07/10/2023,TYS,TN,ASO,ES,Combined TRACON& Tower with Radar,97,33,92,5,227,0,2,37,3,42,97,35,129,8,269,51,0,51,320
07/11/2023,TYS,TN,ASO,ES,Combined TRACON& Tower with Radar,83,34,93,67,277,1,2,84,6,93,84,36,177,73,370,52,24,76,446
07/12/2023,TYS,TN,ASO,ES,Combined TRACON& Tower with Radar,93,46,89,57,285,0,1,75,7,83,93,47,164,64,368,38,45,83,451
07/13/2023,TYS,TN,ASO,ES,Combined TRACON& Tower with Radar,98,47,81,68,294,0,1,49,1,51,98,48,130,69,345,128,35,163,508
07/14/2023,TYS,TN,ASO,ES,Combined TRACON& Tower with Radar,100,47,89,61,297,0,3,51,1,55,100,50,140,62,352,41,8,49,401
07/15/2023,TYS,TN,ASO,ES,Combined TRACON& Tower with Radar,82,41,52,16,191,0,0,18,4,22,82,41,70,20,213,10,8,18,231
07/16/2023,TYS,TN,ASO,ES,Combined TRACON& Tower with Radar,84,37,66,3,190,0,0,26,11,37,84,37,92,14,227,34,0,34,261
07/17/2023,TYS,TN,ASO,ES,Combined TRACON& Tower with Radar,100,48,100,15,263,0,0,41,8,49,100,48,141,23,312,48,10,58,370
07/18/2023,TYS,TN,ASO,ES,Combined TRACON& Tower with Radar,83,43,103,22,251,0,0,37,19,56,83,43,140,41,307,6,10,16,323
07/19/2023,TYS,TN,ASO,ES,Combined TRACON& Tower with Radar,92,52,100,25,269,0,0,30,9,39,92,52,130,34,308,66,32,98,406
07/20/2023,TYS,TN,ASO,ES,Combined TRACON& Tower with Radar,98,59,79,1,237,0,0,3,1,4,98,59,82,2,241,9,0,9,250
07/21/2023,TYS,TN,ASO,ES,Combined TRACON& Tower with Radar,106,56,110,35,307,0,4,28,19,51,106,60,138,54,358,30,0,30,388
07/22/2023,TYS,TN,ASO,ES,Combined TRACON& Tower with Radar,85,38,74,15,212,0,2,39,0,41,85,40,113,15,253,12,8,20,273
07/23/2023,TYS,TN,ASO,ES,Combined TRACON& Tower with Radar,85,49,77,13,224,0,2,57,1,60,85,51,134,14,284,27,0,27,311
07/24/2023,TYS,TN,ASO,ES,Combined TRACON& Tower with Radar,102,43,69,42,256,0,2,57,2,61,102,45,126,44,317,43,58,101,418
07/25/2023,TYS,TN,ASO,ES,Combined TRACON& Tower with Radar,78,49,81,57,265,0,2,41,10,53,78,51,122,67,318,32,20,52,370
07/26/2023,TYS,TN,ASO,ES,Combined TRACON& Tower with Radar,92,45,91,37,265,0,1,86,5,92,92,46,177,42,357,26,35,61,418
07/27/2023,TYS,TN,ASO,ES,Combined TRACON& Tower with Radar,97,52,104,21,274,0,2,50,11,63,97,54,154,32,337,22,12,34,371
07/28/2023,TYS,TN,ASO,ES,Combined TRACON& Tower with Radar,120,43,63,42,268,0,3,39,1,43,120,46,102,43,311,44,24,68,379
07/29/2023,TYS,TN,ASO,ES,Combined TRACON& Tower with Radar,73,37,57,12,179,0,0,29,3,32,73,37,86,15,211,18,0,18,229
07/30/2023,TYS,TN,ASO,ES,Combined TRACON& Tower with Radar,95,42,76,8,221,0,2,18,0,20,95,44,94,8,241,4,0,4,245
07/31/2023,TYS,TN,ASO,ES,Combined TRACON& Tower with Radar,100,46,84,22,252,0,3,54,2,59,100,49,138,24,311,74,4,78,389
08/01/2023,TYS,TN,ASO,ES,Combined TRACON& Tower with Radar,86,50,89,28,253,0,6,83,0,89,86,56,172,28,342,65,24,89,431
08/02/2023,TYS,TN,ASO,ES,Combined TRACON& Tower with Radar,88,54,93,40,275,0,4,71,3,78,88,58,164,43,353,138,20,158,511
08/03/2023,TYS,TN,ASO,ES,Combined TRACON& Tower with Radar,97,51,97,18,263,0,0,4,7,11,97,51,101,25,274,19,55,74,348
08/04/2023,TYS,TN,ASO,ES,Combined TRACON& Tower with Radar,102,38,103,50,293,0,0,33,7,40,102,38,136,57,333,77,10,87,420
08/05/2023,TYS,TN,ASO,ES,Combined TRACON& Tower with Radar,79,28,54,16,177,0,0,59,12,71,79,28,113,28,248,14,2,16,264
08/06/2023,TYS,TN,ASO,ES,Combined TRACON& Tower with Radar,96,56,77,1,230,0,2,14,3,19,96,58,91,4,249,0,6,6,255
08/07/2023,TYS,TN,ASO,ES,Combined TRACON& Tower with Radar,99,41,68,2,210,0,4,24,6,34,99,45,92,8,244,9,0,9,253
08/08/2023,TYS,TN,ASO,ES,Combined TRACON& Tower with Radar,82,48,112,38,280,0,4,57,11,72,82,52,169,49,352,106,31,137,489
08/09/2023,TYS,TN,ASO,ES,Combined TRACON& Tower with Radar,84,53,96,29,262,0,6,61,6,73,84,59,157,35,335,65,3,68,403
08/10/2023,TYS,TN,ASO,ES,Combined TRACON& Tower with Radar,95,52,111,42,300,0,2,9,11,22,95,54,120,53,322,48,4,52,374
08/11/2023,TYS,TN,ASO,ES,Combined TRACON& Tower with Radar,104,47,79,48,278,0,2,35,0,37,104,49,114,48,315,106,4,110,425
08/12/2023,TYS,TN,ASO,ES,Combined TRACON& Tower with Radar,74,33,47,2,156,0,1,32,0,33,74,34,79,2,189,38,0,38,227
08/13/2023,TYS,TN,ASO,ES,Combined TRACON& Tower with Radar,90,54,64,10,218,0,0,24,2,26,90,54,88,12,244,17,0,17,261
08/14/2023,TYS,TN,ASO,ES,Combined TRACON& Tower with Radar,93,43,79,23,238,0,5,32,4,41,93,48,111,27,279,44,21,65,344
08/15/2023,TYS,TN,ASO,ES,Combined TRACON& Tower with Radar,87,51,119,22,279,0,0,36,9,45,87,51,155,31,324,49,16,65,389
08/16/2023,TYS,TN,ASO,ES,Combined TRACON& Tower with Radar,88,46,96,29,259,0,0,84,5,89,88,46,180,34,348,76,16,92,440
08/17/2023,TYS,TN,ASO,ES,Combined TRACON& Tower with Radar,101,67,108,23,299,0,2,59,18,79,101,69,167,41,378,58,30,88,466
08/18/2023,TYS,TN,ASO,ES,Combined TRACON& Tower with Radar,96,45,96,50,287,0,1,65,10,76,96,46,161,60,363,55,44,99,462
08/19/2023,TYS,TN,ASO,ES,Combined TRACON& Tower with Radar,71,35,42,4,152,0,2,44,8,54,71,37,86,12,206,52,18,70,276
08/20/2023,TYS,TN,ASO,ES,Combined TRACON& Tower with Radar,84,49,50,22,205,0,4,45,3,52,84,53,95,25,257,25,8,33,290
08/21/2023,TYS,TN,ASO,ES,Combined TRACON& Tower with Radar,94,48,101,12,255,0,5,71,11,87,94,53,172,23,342,53,4,57,399
08/22/2023,TYS,TN,ASO,ES,Combined TRACON& Tower with Radar,81,35,93,19,228,0,1,83,3,87,81,36,176,22,315,70,4,74,389
08/23/2023,TYS,TN,ASO,ES,Combined TRACON& Tower with Radar,84,52,69,30,235,0,3,65,8,76,84,55,134,38,311,85,16,101,412
08/24/2023,TYS,TN,ASO,ES,Combined TRACON& Tower with Radar,101,56,95,12,264,0,3,44,6,53,101,59,139,18,317,85,0,85,402
08/25/2023,TYS,TN,ASO,ES,Combined TRACON& Tower with Radar,93,54,86,19,252,0,4,43,2,49,93,58,129,21,301,41,15,56,357
08/26/2023,TYS,TN,ASO,ES,Combined TRACON& Tower with Radar,71,38,40,10,159,0,4,48,1,53,71,42,88,11,212,25,0,25,237
08/27/2023,TYS,TN,ASO,ES,Combined TRACON& Tower with Radar,86,39,52,1,178,0,7,15,7,29,86,46,67,8,207,41,0,41,248
08/28/2023,TYS,TN,ASO,ES,Combined TRACON& Tower with Radar,89,51,80,12,232,0,0,9,4,13,89,51,89,16,245,42,0,42,287
08/29/2023,TYS,TN,ASO,ES,Combined TRACON& Tower with Radar,81,47,78,33,239,0,2,12,1,15,81,49,90,34,254,30,0,30,284
08/30/2023,TYS,TN,ASO,ES,Combined TRACON& Tower with Radar,87,55,98,35,275,0,2,38,3,43,87,57,136,38,318,16,3,19,337
08/31/2023,TYS,TN,ASO,ES,Combined TRACON& Tower with Radar,100,58,99,29,286,0,4,54,13,71,100,62,153,42,357,11,10,21,378
