11/01/2015,UAO,OR,ANM,WE,Federal Contract Tower,0,2,21,0,23,0,0,24,0,24,0,2,45,0,47,14,0,14,61
11/02/2015,UAO,OR,ANM,WE,Federal Contract Tower,0,0,48,0,48,0,0,51,0,51,0,0,99,0,99,38,0,38,137
11/03/2015,UAO,OR,ANM,WE,Federal Contract Tower,0,0,30,0,30,0,0,46,0,46,0,0,76,0,76,54,0,54,130
11/04/2015,UAO,OR,ANM,WE,Federal Contract Tower,0,2,24,0,26,0,7,90,0,97,0,9,114,0,123,176,0,176,299
11/05/2015,UAO,OR,ANM,WE,Federal Contract Tower,0,0,24,0,24,0,5,42,0,47,0,5,66,0,71,96,0,96,167
11/06/2015,UAO,OR,ANM,WE,Federal Contract Tower,0,1,26,0,27,0,5,141,4,150,0,6,167,4,177,134,8,142,319
11/07/2015,UAO,OR,ANM,WE,Federal Contract Tower,0,4,21,0,25,0,1,24,0,25,0,5,45,0,50,16,0,16,66
11/08/2015,UAO,OR,ANM,WE,Federal Contract Tower,0,2,35,0,37,0,0,6,0,6,0,2,41,0,43,2,0,2,45
11/09/2015,UAO,OR,ANM,WE,Federal Contract Tower,0,0,20,1,21,0,2,46,3,51,0,2,66,4,72,50,8,58,130
11/10/2015,UAO,OR,ANM,WE,Federal Contract Tower,0,0,29,0,29,0,4,33,2,39,0,4,62,2,68,38,0,38,106
11/11/2015,UAO,OR,ANM,WE,Federal Contract Tower,0,3,37,0,40,0,1,34,0,35,0,4,71,0,75,4,0,4,79
11/12/2015,UAO,OR,ANM,WE,Federal Contract Tower,0,3,32,0,35,0,4,20,0,24,0,7,52,0,59,22,0,22,81
11/13/2015,UAO,OR,ANM,WE,Federal Contract Tower,0,3,21,0,24,0,4,24,0,28,0,7,45,0,52,0,4,4,56
11/14/2015,UAO,OR,ANM,WE,Federal Contract Tower,0,1,11,0,12,0,0,20,0,20,0,1,31,0,32,28,0,28,60
11/15/2015,UAO,OR,ANM,WE,Federal Contract Tower,0,2,14,0,16,0,2,11,0,13,0,4,25,0,29,22,0,22,51
11/16/2015,UAO,OR,ANM,WE,Federal Contract Tower,0,0,23,0,23,0,6,26,0,32,0,6,49,0,55,14,6,20,75
11/17/2015,UAO,OR,ANM,WE,Federal Contract Tower,0,2,11,0,13,0,2,0,0,2,0,4,11,0,15,0,0,0,15
11/18/2015,UAO,OR,ANM,WE,Federal Contract Tower,0,6,36,0,42,0,4,73,0,77,0,10,109,0,119,56,0,56,175
11/19/2015,UAO,OR,ANM,WE,Federal Contract Tower,0,5,20,0,25,0,1,0,0,1,0,6,20,0,26,12,0,12,38
11/20/2015,UAO,OR,ANM,WE,Federal Contract Tower,1,1,39,0,41,0,6,63,0,69,1,7,102,0,110,52,0,52,162
11/21/2015,UAO,OR,ANM,WE,Federal Contract Tower,0,2,20,0,22,1,4,124,1,130,1,6,144,1,152,118,0,118,270
11/22/2015,UAO,OR,ANM,WE,Federal Contract Tower,0,1,14,0,15,2,2,77,1,82,2,3,91,1,97,58,0,58,155
11/23/2015,UAO,OR,ANM,WE,Federal Contract Tower,0,3,19,0,22,0,0,6,2,8,0,3,25,2,30,2,0,2,32
11/24/2015,UAO,OR,ANM,WE,Federal Contract Tower,0,1,21,0,22,0,3,35,0,38,0,4,56,0,60,14,0,14,74
11/25/2015,UAO,OR,ANM,WE,Federal Contract Tower,0,5,22,0,27,0,4,128,3,135,0,9,150,3,162,88,0,88,250
11/26/2015,UAO,OR,ANM,WE,Federal Contract Tower,0,0,5,0,5,0,1,26,0,27,0,1,31,0,32,8,6,14,46
11/27/2015,UAO,OR,ANM,WE,Federal Contract Tower,0,1,13,0,14,0,3,81,0,84,0,4,94,0,98,36,0,36,134
11/28/2015,UAO,OR,ANM,WE,Federal Contract Tower,0,2,10,0,12,10,0,98,0,108,10,2,108,0,120,72,0,72,192
11/29/2015,UAO,OR,ANM,WE,Federal Contract Tower,0,1,37,0,38,0,0,61,0,61,0,1,98,0,99,18,0,18,117
11/30/2015,UAO,OR,ANM,WE,Federal Contract Tower,0,4,18,0,22,0,1,45,0,46,0,5,63,0,68,54,0,54,122
12/01/2015,UAO,OR,ANM,WE,Federal Contract Tower,0,0,19,0,19,0,2,60,0,62,0,2,79,0,81,52,0,52,133
12/02/2015,UAO,OR,ANM,WE,Federal Contract Tower,0,5,8,0,13,0,0,2,0,2,0,5,10,0,15,10,0,10,25
12/03/2015,UAO,OR,ANM,WE,Federal Contract Tower,0,1,16,0,17,0,0,17,0,17,0,1,33,0,34,8,0,8,42
12/04/2015,UAO,OR,ANM,WE,Federal Contract Tower,0,3,17,0,20,1,7,29,0,37,1,10,46,0,57,42,0,42,99
12/05/2015,UAO,OR,ANM,WE,Federal Contract Tower,0,0,5,0,5,0,0,20,0,20,0,0,25,0,25,12,0,12,37
12/06/2015,UAO,OR,ANM,WE,Federal Contract Tower,0,0,16,0,16,0,4,13,0,17,0,4,29,0,33,12,0,12,45
12/07/2015,UAO,OR,ANM,WE,Federal Contract Tower,0,3,11,0,14,0,2,0,0,2,0,5,11,0,16,0,0,0,16
12/08/2015,UAO,OR,ANM,WE,Federal Contract Tower,0,4,9,0,13,0,0,0,0,0,0,4,9,0,13,0,0,0,13
12/09/2015,UAO,OR,ANM,WE,Federal Contract Tower,0,4,18,0,22,0,5,49,2,56,0,9,67,2,78,40,0,40,118
12/10/2015,UAO,OR,ANM,WE,Federal Contract Tower,0,0,10,0,10,0,3,7,0,10,0,3,17,0,20,0,0,0,20
12/11/2015,UAO,OR,ANM,WE,Federal Contract Tower,0,0,11,0,11,0,3,3,1,7,0,3,14,1,18,10,0,10,28
12/12/2015,UAO,OR,ANM,WE,Federal Contract Tower,0,7,3,0,10,0,1,4,0,5,0,8,7,0,15,6,0,6,21
12/13/2015,UAO,OR,ANM,WE,Federal Contract Tower,0,5,14,0,19,0,2,1,0,3,0,7,15,0,22,0,0,0,22
12/14/2015,UAO,OR,ANM,WE,Federal Contract Tower,0,2,15,0,17,0,0,3,0,3,0,2,18,0,20,10,0,10,30
12/15/2015,UAO,OR,ANM,WE,Federal Contract Tower,0,0,25,0,25,0,0,8,0,8,0,0,33,0,33,0,0,0,33
12/16/2015,UAO,OR,ANM,WE,Federal Contract Tower,0,4,23,0,27,0,0,0,0,0,0,4,23,0,27,0,0,0,27
12/17/2015,UAO,OR,ANM,WE,Federal Contract Tower,0,1,15,0,16,0,0,0,0,0,0,1,15,0,16,0,0,0,16
12/18/2015,UAO,OR,ANM,WE,Federal Contract Tower,0,0,27,0,27,0,1,55,0,56,0,1,82,0,83,54,0,54,137
12/19/2015,UAO,OR,ANM,WE,Federal Contract Tower,0,5,22,0,27,0,1,29,0,30,0,6,51,0,57,40,0,40,97
12/20/2015,UAO,OR,ANM,WE,Federal Contract Tower,0,0,16,0,16,0,0,1,0,1,0,0,17,0,17,6,0,6,23
12/21/2015,UAO,OR,ANM,WE,Federal Contract Tower,0,2,1,0,3,0,0,0,0,0,0,2,1,0,3,0,0,0,3
12/22/2015,UAO,OR,ANM,WE,Federal Contract Tower,0,4,13,0,17,0,2,2,0,4,0,6,15,0,21,0,0,0,21
12/23/2015,UAO,OR,ANM,WE,Federal Contract Tower,0,1,16,0,17,0,0,17,0,17,0,1,33,0,34,26,0,26,60
12/24/2015,UAO,OR,ANM,WE,Federal Contract Tower,0,2,7,0,9,0,0,6,0,6,0,2,13,0,15,0,0,0,15
12/25/2015,UAO,OR,ANM,WE,Federal Contract Tower,0,0,0,0,0,0,2,6,0,8,0,2,6,0,8,0,0,0,8
12/26/2015,UAO,OR,ANM,WE,Federal Contract Tower,0,6,13,0,19,0,0,37,0,37,0,6,50,0,56,26,6,32,88
12/27/2015,UAO,OR,ANM,WE,Federal Contract Tower,0,3,19,0,22,0,1,8,0,9,0,4,27,0,31,4,0,4,35
12/28/2015,UAO,OR,ANM,WE,Federal Contract Tower,0,1,12,0,13,0,0,0,0,0,0,1,12,0,13,0,0,0,13
12/29/2015,UAO,OR,ANM,WE,Federal Contract Tower,0,2,23,0,25,0,0,2,0,2,0,2,25,0,27,4,0,4,31
12/30/2015,UAO,OR,ANM,WE,Federal Contract Tower,0,1,14,0,15,0,0,93,0,93,0,1,107,0,108,76,0,76,184
12/31/2015,UAO,OR,ANM,WE,Federal Contract Tower,0,1,6,0,7,0,3,83,0,86,0,4,89,0,93,28,0,28,121
01/01/2016,UAO,OR,ANM,WE,Federal Contract Tower,0,2,4,0,6,0,0,0,0,0,0,2,4,0,6,0,0,0,6
01/02/2016,UAO,OR,ANM,WE,Federal Contract Tower,0,1,7,0,8,0,5,76,0,81,0,6,83,0,89,68,0,68,157
01/03/2016,UAO,OR,ANM,WE,Federal Contract Tower,0,0,2,0,2,0,0,0,0,0,0,0,2,0,2,0,0,0,2
01/04/2016,UAO,OR,ANM,WE,Federal Contract Tower,0,0,22,0,22,0,2,16,0,18,0,2,38,0,40,2,0,2,42
01/05/2016,UAO,OR,ANM,WE,Federal Contract Tower,0,2,23,0,25,0,0,10,0,10,0,2,33,0,35,14,0,14,49
01/06/2016,UAO,OR,ANM,WE,Federal Contract Tower,0,2,23,2,27,0,7,76,2,85,0,9,99,4,112,106,0,106,218
01/07/2016,UAO,OR,ANM,WE,Federal Contract Tower,0,4,47,0,51,0,3,71,0,74,0,7,118,0,125,50,0,50,175
01/08/2016,UAO,OR,ANM,WE,Federal Contract Tower,0,4,19,0,23,0,0,7,0,7,0,4,26,0,30,10,0,10,40
01/09/2016,UAO,OR,ANM,WE,Federal Contract Tower,0,1,20,0,21,0,1,43,0,44,0,2,63,0,65,120,0,120,185
01/10/2016,UAO,OR,ANM,WE,Federal Contract Tower,0,1,11,0,12,0,3,91,0,94,0,4,102,0,106,46,0,46,152
01/11/2016,UAO,OR,ANM,WE,Federal Contract Tower,0,1,28,0,29,0,0,0,0,0,0,1,28,0,29,0,0,0,29
01/12/2016,UAO,OR,ANM,WE,Federal Contract Tower,0,6,27,0,33,0,0,0,0,0,0,6,27,0,33,0,0,0,33
01/13/2016,UAO,OR,ANM,WE,Federal Contract Tower,0,7,36,2,45,0,10,25,0,35,0,17,61,2,80,10,0,10,90
01/14/2016,UAO,OR,ANM,WE,Federal Contract Tower,0,1,26,0,27,0,5,21,0,26,0,6,47,0,53,36,0,36,89
01/15/2016,UAO,OR,ANM,WE,Federal Contract Tower,0,2,20,0,22,0,6,71,0,77,0,8,91,0,99,86,0,86,185
01/16/2016,UAO,OR,ANM,WE,Federal Contract Tower,0,0,7,0,7,0,0,5,0,5,0,0,12,0,12,2,0,2,14
01/17/2016,UAO,OR,ANM,WE,Federal Contract Tower,0,0,24,0,24,0,0,5,0,5,0,0,29,0,29,4,0,4,33
01/18/2016,UAO,OR,ANM,WE,Federal Contract Tower,0,4,44,0,48,0,2,89,0,91,0,6,133,0,139,64,0,64,203
01/19/2016,UAO,OR,ANM,WE,Federal Contract Tower,0,1,22,0,23,0,0,1,2,3,0,1,23,2,26,0,0,0,26
01/20/2016,UAO,OR,ANM,WE,Federal Contract Tower,0,3,35,0,38,0,2,107,2,111,0,5,142,2,149,94,0,94,243
01/21/2016,UAO,OR,ANM,WE,Federal Contract Tower,0,2,14,0,16,0,2,48,0,50,0,4,62,0,66,28,0,28,94
01/22/2016,UAO,OR,ANM,WE,Federal Contract Tower,0,6,25,1,32,0,4,76,0,80,0,10,101,1,112,18,0,18,130
01/23/2016,UAO,OR,ANM,WE,Federal Contract Tower,0,4,23,0,27,0,0,11,0,11,0,4,34,0,38,12,0,12,50
01/24/2016,UAO,OR,ANM,WE,Federal Contract Tower,0,2,38,0,40,0,4,16,0,20,0,6,54,0,60,60,0,60,120
01/25/2016,UAO,OR,ANM,WE,Federal Contract Tower,0,2,34,0,36,0,3,135,0,138,0,5,169,0,174,98,0,98,272
01/26/2016,UAO,OR,ANM,WE,Federal Contract Tower,0,2,40,2,44,0,2,7,0,9,0,4,47,2,53,0,0,0,53
01/27/2016,UAO,OR,ANM,WE,Federal Contract Tower,0,1,26,0,27,0,7,56,0,63,0,8,82,0,90,62,0,62,152
01/28/2016,UAO,OR,ANM,WE,Federal Contract Tower,0,2,29,0,31,0,3,39,0,42,0,5,68,0,73,12,0,12,85
01/29/2016,UAO,OR,ANM,WE,Federal Contract Tower,0,4,23,0,27,0,1,11,0,12,0,5,34,0,39,12,0,12,51
01/30/2016,UAO,OR,ANM,WE,Federal Contract Tower,0,2,7,0,9,0,2,4,0,6,0,4,11,0,15,0,0,0,15
01/31/2016,UAO,OR,ANM,WE,Federal Contract Tower,0,0,24,0,24,0,0,6,0,6,0,0,30,0,30,4,0,4,34
02/01/2016,UAO,OR,ANM,WE,Federal Contract Tower,0,2,17,0,19,0,0,15,2,17,0,2,32,2,36,8,0,8,44
02/02/2016,UAO,OR,ANM,WE,Federal Contract Tower,0,1,36,0,37,0,4,93,2,99,0,5,129,2,136,36,0,36,172
02/03/2016,UAO,OR,ANM,WE,Federal Contract Tower,0,1,24,0,25,0,2,21,0,23,0,3,45,0,48,28,0,28,76
02/04/2016,UAO,OR,ANM,WE,Federal Contract Tower,0,4,24,0,28,0,1,24,2,27,0,5,48,2,55,32,0,32,87
02/05/2016,UAO,OR,ANM,WE,Federal Contract Tower,0,5,17,0,22,0,3,47,0,50,0,8,64,0,72,20,0,20,92
02/06/2016,UAO,OR,ANM,WE,Federal Contract Tower,0,3,13,0,16,0,9,96,0,105,0,12,109,0,121,50,0,50,171
02/07/2016,UAO,OR,ANM,WE,Federal Contract Tower,0,1,11,1,13,0,0,111,0,111,0,1,122,1,124,116,0,116,240
02/08/2016,UAO,OR,ANM,WE,Federal Contract Tower,0,2,29,0,31,0,3,143,0,146,0,5,172,0,177,136,0,136,313
02/09/2016,UAO,OR,ANM,WE,Federal Contract Tower,0,1,18,0,19,0,1,120,0,121,0,2,138,0,140,82,0,82,222
02/10/2016,UAO,OR,ANM,WE,Federal Contract Tower,0,0,36,0,36,0,0,87,0,87,0,0,123,0,123,50,0,50,173
02/11/2016,UAO,OR,ANM,WE,Federal Contract Tower,0,0,16,0,16,0,3,27,0,30,0,3,43,0,46,8,0,8,54
02/12/2016,UAO,OR,ANM,WE,Federal Contract Tower,0,1,35,0,36,0,0,15,0,15,0,1,50,0,51,12,0,12,63
02/13/2016,UAO,OR,ANM,WE,Federal Contract Tower,0,2,17,2,21,0,3,65,0,68,0,5,82,2,89,62,0,62,151
02/14/2016,UAO,OR,ANM,WE,Federal Contract Tower,0,4,25,0,29,0,0,0,0,0,0,4,25,0,29,0,0,0,29
02/15/2016,UAO,OR,ANM,WE,Federal Contract Tower,0,2,26,0,28,0,0,49,0,49,0,2,75,0,77,30,0,30,107
02/16/2016,UAO,OR,ANM,WE,Federal Contract Tower,0,4,41,0,45,0,2,39,0,41,0,6,80,0,86,16,0,16,102
02/17/2016,UAO,OR,ANM,WE,Federal Contract Tower,0,2,21,0,23,0,0,36,0,36,0,2,57,0,59,16,0,16,75
02/18/2016,UAO,OR,ANM,WE,Federal Contract Tower,0,3,9,0,12,0,0,5,4,9,0,3,14,4,21,0,0,0,21
02/19/2016,UAO,OR,ANM,WE,Federal Contract Tower,0,0,16,0,16,0,0,18,0,18,0,0,34,0,34,22,0,22,56
02/20/2016,UAO,OR,ANM,WE,Federal Contract Tower,0,3,14,0,17,0,1,128,0,129,0,4,142,0,146,68,0,68,214
02/21/2016,UAO,OR,ANM,WE,Federal Contract Tower,0,0,16,0,16,0,2,26,0,28,0,2,42,0,44,28,0,28,72
02/22/2016,UAO,OR,ANM,WE,Federal Contract Tower,0,0,14,0,14,0,2,33,0,35,0,2,47,0,49,6,0,6,55
02/23/2016,UAO,OR,ANM,WE,Federal Contract Tower,0,0,20,0,20,0,0,141,0,141,0,0,161,0,161,82,0,82,243
02/24/2016,UAO,OR,ANM,WE,Federal Contract Tower,0,5,27,0,32,0,1,102,0,103,0,6,129,0,135,62,0,62,197
02/25/2016,UAO,OR,ANM,WE,Federal Contract Tower,0,2,29,0,31,0,3,146,0,149,0,5,175,0,180,126,0,126,306
02/26/2016,UAO,OR,ANM,WE,Federal Contract Tower,0,4,23,0,27,0,2,56,0,58,0,6,79,0,85,42,0,42,127
02/27/2016,UAO,OR,ANM,WE,Federal Contract Tower,0,2,23,0,25,0,2,60,0,62,0,4,83,0,87,12,0,12,99
02/28/2016,UAO,OR,ANM,WE,Federal Contract Tower,0,3,15,0,18,0,0,9,0,9,0,3,24,0,27,6,0,6,33
02/29/2016,UAO,OR,ANM,WE,Federal Contract Tower,0,2,31,0,33,0,3,74,0,77,0,5,105,0,110,46,0,46,156
03/01/2016,UAO,OR,ANM,WE,Federal Contract Tower,0,0,13,0,13,0,0,13,0,13,0,0,26,0,26,0,0,0,26
03/02/2016,UAO,OR,ANM,WE,Federal Contract Tower,0,1,14,0,15,0,4,86,0,90,0,5,100,0,105,28,0,28,133
03/03/2016,UAO,OR,ANM,WE,Federal Contract Tower,0,1,28,0,29,0,3,73,0,76,0,4,101,0,105,24,0,24,129
03/04/2016,UAO,OR,ANM,WE,Federal Contract Tower,0,4,20,0,24,0,8,100,0,108,0,12,120,0,132,0,48,48,180
03/05/2016,UAO,OR,ANM,WE,Federal Contract Tower,0,3,21,0,24,0,0,69,4,73,0,3,90,4,97,76,6,82,179
03/06/2016,UAO,OR,ANM,WE,Federal Contract Tower,0,3,22,0,25,0,0,11,2,13,0,3,33,2,38,2,10,12,50
03/07/2016,UAO,OR,ANM,WE,Federal Contract Tower,0,2,12,0,14,0,7,44,0,51,0,9,56,0,65,56,0,56,121
03/08/2016,UAO,OR,ANM,WE,Federal Contract Tower,0,2,21,0,23,0,0,8,0,8,0,2,29,0,31,2,0,2,33
03/09/2016,UAO,OR,ANM,WE,Federal Contract Tower,0,3,19,0,22,0,0,5,0,5,0,3,24,0,27,0,0,0,27
03/10/2016,UAO,OR,ANM,WE,Federal Contract Tower,0,5,29,0,34,0,1,44,0,45,0,6,73,0,79,56,0,56,135
03/11/2016,UAO,OR,ANM,WE,Federal Contract Tower,0,3,27,0,30,0,9,33,0,42,0,12,60,0,72,24,0,24,96
03/12/2016,UAO,OR,ANM,WE,Federal Contract Tower,0,2,14,0,16,0,0,20,0,20,0,2,34,0,36,8,0,8,44
03/13/2016,UAO,OR,ANM,WE,Federal Contract Tower,0,2,15,0,17,0,0,8,0,8,0,2,23,0,25,0,0,0,25
03/14/2016,UAO,OR,ANM,WE,Federal Contract Tower,0,1,16,0,17,0,3,15,0,18,0,4,31,0,35,32,0,32,67
03/15/2016,UAO,OR,ANM,WE,Federal Contract Tower,0,0,25,0,25,0,0,4,0,4,0,0,29,0,29,0,0,0,29
03/16/2016,UAO,OR,ANM,WE,Federal Contract Tower,0,1,26,0,27,0,10,55,0,65,0,11,81,0,92,36,0,36,128
03/17/2016,UAO,OR,ANM,WE,Federal Contract Tower,0,1,25,0,26,0,1,132,0,133,0,2,157,0,159,46,0,46,205
03/18/2016,UAO,OR,ANM,WE,Federal Contract Tower,0,0,18,0,18,0,4,138,0,142,0,4,156,0,160,52,0,52,212
03/19/2016,UAO,OR,ANM,WE,Federal Contract Tower,0,1,26,0,27,0,3,127,21,151,0,4,153,21,178,78,0,78,256
03/20/2016,UAO,OR,ANM,WE,Federal Contract Tower,0,2,23,0,25,0,0,17,0,17,0,2,40,0,42,18,0,18,60
03/21/2016,UAO,OR,ANM,WE,Federal Contract Tower,0,6,14,0,20,0,1,12,0,13,0,7,26,0,33,6,0,6,39
03/22/2016,UAO,OR,ANM,WE,Federal Contract Tower,0,1,29,0,30,0,0,27,0,27,0,1,56,0,57,44,0,44,101
03/23/2016,UAO,OR,ANM,WE,Federal Contract Tower,0,3,32,0,35,0,6,64,0,70,0,9,96,0,105,8,0,8,113
03/24/2016,UAO,OR,ANM,WE,Federal Contract Tower,0,2,27,0,29,0,6,46,2,54,0,8,73,2,83,44,8,52,135
03/25/2016,UAO,OR,ANM,WE,Federal Contract Tower,0,0,22,0,22,0,3,74,0,77,0,3,96,0,99,50,2,52,151
03/26/2016,UAO,OR,ANM,WE,Federal Contract Tower,0,3,20,0,23,0,2,84,0,86,0,5,104,0,109,66,0,66,175
03/27/2016,UAO,OR,ANM,WE,Federal Contract Tower,0,3,13,0,16,0,2,11,0,13,0,5,24,0,29,12,0,12,41
03/28/2016,UAO,OR,ANM,WE,Federal Contract Tower,0,3,21,0,24,0,1,51,0,52,0,4,72,0,76,42,0,42,118
03/29/2016,UAO,OR,ANM,WE,Federal Contract Tower,0,2,21,0,23,0,3,104,0,107,0,5,125,0,130,44,0,44,174
03/30/2016,UAO,OR,ANM,WE,Federal Contract Tower,0,0,30,0,30,0,3,112,0,115,0,3,142,0,145,84,0,84,229
03/31/2016,UAO,OR,ANM,WE,Federal Contract Tower,0,2,23,0,25,0,0,129,0,129,0,2,152,0,154,74,0,74,228
04/01/2016,UAO,OR,ANM,WE,Federal Contract Tower,0,1,18,0,19,0,5,125,0,130,0,6,143,0,149,64,0,64,213
04/02/2016,UAO,OR,ANM,WE,Federal Contract Tower,0,3,16,0,19,0,6,122,0,128,0,9,138,0,147,52,0,52,199
04/03/2016,UAO,OR,ANM,WE,Federal Contract Tower,0,1,13,0,14,0,5,66,0,71,0,6,79,0,85,29,0,29,114
04/04/2016,UAO,OR,ANM,WE,Federal Contract Tower,0,2,25,0,27,0,2,26,0,28,0,4,51,0,55,16,0,16,71
04/05/2016,UAO,OR,ANM,WE,Federal Contract Tower,0,2,32,0,34,0,6,69,0,75,0,8,101,0,109,34,0,34,143
04/06/2016,UAO,OR,ANM,WE,Federal Contract Tower,0,2,29,0,31,0,2,111,0,113,0,4,140,0,144,72,0,72,216
04/07/2016,UAO,OR,ANM,WE,Federal Contract Tower,0,0,21,0,21,0,7,87,0,94,0,7,108,0,115,44,0,44,159
04/08/2016,UAO,OR,ANM,WE,Federal Contract Tower,0,0,32,0,32,0,4,119,0,123,0,4,151,0,155,36,6,42,197
04/09/2016,UAO,OR,ANM,WE,Federal Contract Tower,0,8,47,0,55,0,0,34,0,34,0,8,81,0,89,44,0,44,133
04/10/2016,UAO,OR,ANM,WE,Federal Contract Tower,0,3,29,0,32,0,0,50,0,50,0,3,79,0,82,48,0,48,130
04/11/2016,UAO,OR,ANM,WE,Federal Contract Tower,0,2,36,0,38,0,7,59,0,66,0,9,95,0,104,64,0,64,168
04/12/2016,UAO,OR,ANM,WE,Federal Contract Tower,0,5,22,0,27,0,4,31,0,35,0,9,53,0,62,2,0,2,64
04/13/2016,UAO,OR,ANM,WE,Federal Contract Tower,0,3,25,0,28,0,4,37,0,41,0,7,62,0,69,12,0,12,81
04/14/2016,UAO,OR,ANM,WE,Federal Contract Tower,0,9,23,0,32,0,0,8,2,10,0,9,31,2,42,22,0,22,64
04/15/2016,UAO,OR,ANM,WE,Federal Contract Tower,0,6,16,0,22,0,3,87,0,90,0,9,103,0,112,38,0,38,150
04/16/2016,UAO,OR,ANM,WE,Federal Contract Tower,0,1,27,0,28,0,3,136,3,142,0,4,163,3,170,44,0,44,214
04/17/2016,UAO,OR,ANM,WE,Federal Contract Tower,0,0,9,0,9,0,5,79,0,84,0,5,88,0,93,56,0,56,149
04/18/2016,UAO,OR,ANM,WE,Federal Contract Tower,0,2,21,0,23,0,2,90,0,92,0,4,111,0,115,42,0,42,157
04/19/2016,UAO,OR,ANM,WE,Federal Contract Tower,0,4,26,0,30,0,6,133,0,139,0,10,159,0,169,84,0,84,253
04/20/2016,UAO,OR,ANM,WE,Federal Contract Tower,0,3,18,2,23,0,5,77,0,82,0,8,95,2,105,30,0,30,135
04/21/2016,UAO,OR,ANM,WE,Federal Contract Tower,0,2,20,0,22,0,4,111,0,115,0,6,131,0,137,50,0,50,187
04/22/2016,UAO,OR,ANM,WE,Federal Contract Tower,0,3,35,0,38,0,0,38,0,38,0,3,73,0,76,14,0,14,90
04/23/2016,UAO,OR,ANM,WE,Federal Contract Tower,0,2,25,0,27,0,2,42,2,46,0,4,67,2,73,56,0,56,129
04/24/2016,UAO,OR,ANM,WE,Federal Contract Tower,0,3,18,0,21,0,0,12,0,12,0,3,30,0,33,30,0,30,63
04/25/2016,UAO,OR,ANM,WE,Federal Contract Tower,0,1,20,0,21,0,3,71,0,74,0,4,91,0,95,10,0,10,105
04/26/2016,UAO,OR,ANM,WE,Federal Contract Tower,0,2,25,0,27,0,2,75,9,86,0,4,100,9,113,76,0,76,189
04/27/2016,UAO,OR,ANM,WE,Federal Contract Tower,0,5,33,0,38,0,3,34,0,37,0,8,67,0,75,25,0,25,100
04/28/2016,UAO,OR,ANM,WE,Federal Contract Tower,0,4,21,0,25,0,3,101,0,104,0,7,122,0,129,76,0,76,205
04/29/2016,UAO,OR,ANM,WE,Federal Contract Tower,0,6,24,0,30,0,6,38,0,44,0,12,62,0,74,34,0,34,108
04/30/2016,UAO,OR,ANM,WE,Federal Contract Tower,0,0,19,0,19,0,6,102,0,108,0,6,121,0,127,38,0,38,165
05/01/2016,UAO,OR,ANM,WE,Federal Contract Tower,0,2,13,0,15,0,4,100,2,106,0,6,113,2,121,68,0,68,189
05/02/2016,UAO,OR,ANM,WE,Federal Contract Tower,0,5,26,0,31,0,2,100,0,102,0,7,126,0,133,42,0,42,175
05/03/2016,UAO,OR,ANM,WE,Federal Contract Tower,0,6,29,0,35,0,5,98,0,103,0,11,127,0,138,40,0,40,178
05/04/2016,UAO,OR,ANM,WE,Federal Contract Tower,0,2,32,0,34,0,6,31,2,39,0,8,63,2,73,42,0,42,115
05/05/2016,UAO,OR,ANM,WE,Federal Contract Tower,0,3,30,0,33,0,4,96,0,100,0,7,126,0,133,112,0,112,245
05/06/2016,UAO,OR,ANM,WE,Federal Contract Tower,0,2,32,0,34,0,2,109,2,113,0,4,141,2,147,38,0,38,185
05/07/2016,UAO,OR,ANM,WE,Federal Contract Tower,0,6,7,0,13,0,1,106,0,107,0,7,113,0,120,24,0,24,144
05/08/2016,UAO,OR,ANM,WE,Federal Contract Tower,0,5,21,0,26,0,2,39,0,41,0,7,60,0,67,28,0,28,95
05/09/2016,UAO,OR,ANM,WE,Federal Contract Tower,0,0,21,0,21,0,4,82,0,86,0,4,103,0,107,106,0,106,213
05/10/2016,UAO,OR,ANM,WE,Federal Contract Tower,0,1,18,0,19,0,0,90,0,90,0,1,108,0,109,64,0,64,173
05/11/2016,UAO,OR,ANM,WE,Federal Contract Tower,0,3,41,0,44,0,2,91,0,93,0,5,132,0,137,34,0,34,171
05/12/2016,UAO,OR,ANM,WE,Federal Contract Tower,0,2,17,0,19,0,6,150,0,156,0,8,167,0,175,70,0,70,245
05/13/2016,UAO,OR,ANM,WE,Federal Contract Tower,0,3,29,2,34,0,3,146,2,151,0,6,175,4,185,96,0,96,281
05/14/2016,UAO,OR,ANM,WE,Federal Contract Tower,0,7,14,1,22,0,1,1,0,2,0,8,15,1,24,0,0,0,24
05/15/2016,UAO,OR,ANM,WE,Federal Contract Tower,0,5,44,0,49,0,0,1,0,1,0,5,45,0,50,0,0,0,50
05/16/2016,UAO,OR,ANM,WE,Federal Contract Tower,0,2,29,0,31,0,3,59,0,62,0,5,88,0,93,28,0,28,121
05/17/2016,UAO,OR,ANM,WE,Federal Contract Tower,0,5,52,0,57,0,5,109,1,115,0,10,161,1,172,54,0,54,226
05/18/2016,UAO,OR,ANM,WE,Federal Contract Tower,0,4,26,0,30,0,5,108,0,113,0,9,134,0,143,42,0,42,185
05/19/2016,UAO,OR,ANM,WE,Federal Contract Tower,0,3,25,0,28,0,4,40,0,44,0,7,65,0,72,44,0,44,116
05/20/2016,UAO,OR,ANM,WE,Federal Contract Tower,0,2,36,0,38,0,1,48,0,49,0,3,84,0,87,12,14,26,113
05/21/2016,UAO,OR,ANM,WE,Federal Contract Tower,0,2,19,0,21,0,3,31,0,34,0,5,50,0,55,44,0,44,99
05/22/2016,UAO,OR,ANM,WE,Federal Contract Tower,0,7,23,0,30,0,0,14,0,14,0,7,37,0,44,12,0,12,56
05/23/2016,UAO,OR,ANM,WE,Federal Contract Tower,0,4,35,0,39,0,9,54,0,63,0,13,89,0,102,42,0,42,144
05/24/2016,UAO,OR,ANM,WE,Federal Contract Tower,0,3,31,0,34,0,6,79,0,85,0,9,110,0,119,68,0,68,187
05/25/2016,UAO,OR,ANM,WE,Federal Contract Tower,0,4,34,0,38,0,0,75,0,75,0,4,109,0,113,86,0,86,199
05/26/2016,UAO,OR,ANM,WE,Federal Contract Tower,0,6,49,0,55,0,4,69,0,73,0,10,118,0,128,38,0,38,166
05/27/2016,UAO,OR,ANM,WE,Federal Contract Tower,0,4,22,0,26,0,2,58,2,62,0,6,80,2,88,30,0,30,118
05/28/2016,UAO,OR,ANM,WE,Federal Contract Tower,0,4,11,0,15,0,3,92,0,95,0,7,103,0,110,102,0,102,212
05/29/2016,UAO,OR,ANM,WE,Federal Contract Tower,0,6,17,0,23,0,4,55,0,59,0,10,72,0,82,48,0,48,130
05/30/2016,UAO,OR,ANM,WE,Federal Contract Tower,0,5,43,0,48,0,5,95,0,100,0,10,138,0,148,50,0,50,198
05/31/2016,UAO,OR,ANM,WE,Federal Contract Tower,0,4,18,0,22,0,0,72,0,72,0,4,90,0,94,20,0,20,114
06/01/2016,UAO,OR,ANM,WE,Federal Contract Tower,0,3,17,0,20,0,5,88,0,93,0,8,105,0,113,68,0,68,181
06/02/2016,UAO,OR,ANM,WE,Federal Contract Tower,0,2,41,0,43,0,4,29,0,33,0,6,70,0,76,14,0,14,90
06/03/2016,UAO,OR,ANM,WE,Federal Contract Tower,0,3,26,0,29,0,5,131,0,136,0,8,157,0,165,78,0,78,243
06/04/2016,UAO,OR,ANM,WE,Federal Contract Tower,0,1,9,0,10,0,7,84,0,91,0,8,93,0,101,44,0,44,145
06/05/2016,UAO,OR,ANM,WE,Federal Contract Tower,0,2,12,0,14,0,2,62,0,64,0,4,74,0,78,42,0,42,120
06/06/2016,UAO,OR,ANM,WE,Federal Contract Tower,0,0,27,0,27,0,3,72,3,78,0,3,99,3,105,8,0,8,113
06/07/2016,UAO,OR,ANM,WE,Federal Contract Tower,0,2,28,0,30,0,3,115,2,120,0,5,143,2,150,24,0,24,174
06/08/2016,UAO,OR,ANM,WE,Federal Contract Tower,0,4,27,0,31,0,10,68,0,78,0,14,95,0,109,40,0,40,149
06/09/2016,UAO,OR,ANM,WE,Federal Contract Tower,0,5,25,0,30,0,4,65,2,71,0,9,90,2,101,22,0,22,123
06/10/2016,UAO,OR,ANM,WE,Federal Contract Tower,0,4,32,0,36,0,1,64,0,65,0,5,96,0,101,48,0,48,149
06/11/2016,UAO,OR,ANM,WE,Federal Contract Tower,0,1,29,0,30,0,7,53,0,60,0,8,82,0,90,14,0,14,104
06/12/2016,UAO,OR,ANM,WE,Federal Contract Tower,0,0,33,0,33,0,5,99,0,104,0,5,132,0,137,34,0,34,171
06/13/2016,UAO,OR,ANM,WE,Federal Contract Tower,0,1,18,0,19,0,2,37,3,42,0,3,55,3,61,22,0,22,83
06/14/2016,UAO,OR,ANM,WE,Federal Contract Tower,0,2,10,0,12,0,4,30,4,38,0,6,40,4,50,18,4,22,72
06/15/2016,UAO,OR,ANM,WE,Federal Contract Tower,0,2,32,0,34,0,1,76,2,79,0,3,108,2,113,70,0,70,183
06/16/2016,UAO,OR,ANM,WE,Federal Contract Tower,0,5,23,0,28,0,1,90,0,91,0,6,113,0,119,44,6,50,169
06/17/2016,UAO,OR,ANM,WE,Federal Contract Tower,0,3,37,0,40,0,8,129,0,137,0,11,166,0,177,36,0,36,213
06/18/2016,UAO,OR,ANM,WE,Federal Contract Tower,0,3,26,0,29,0,2,46,0,48,0,5,72,0,77,26,0,26,103
06/19/2016,UAO,OR,ANM,WE,Federal Contract Tower,0,4,9,0,13,0,2,84,0,86,0,6,93,0,99,44,0,44,143
06/20/2016,UAO,OR,ANM,WE,Federal Contract Tower,0,1,24,0,25,0,6,81,0,87,0,7,105,0,112,28,0,28,140
06/21/2016,UAO,OR,ANM,WE,Federal Contract Tower,0,3,18,1,22,0,2,108,0,110,0,5,126,1,132,62,0,62,194
06/22/2016,UAO,OR,ANM,WE,Federal Contract Tower,0,0,25,0,25,0,1,138,0,139,0,1,163,0,164,60,0,60,224
06/23/2016,UAO,OR,ANM,WE,Federal Contract Tower,0,4,31,0,35,0,0,18,0,18,0,4,49,0,53,0,0,0,53
06/24/2016,UAO,OR,ANM,WE,Federal Contract Tower,0,4,44,0,48,0,7,67,3,77,0,11,111,3,125,46,0,46,171
06/25/2016,UAO,OR,ANM,WE,Federal Contract Tower,0,4,10,0,14,0,5,116,11,132,0,9,126,11,146,38,0,38,184
06/26/2016,UAO,OR,ANM,WE,Federal Contract Tower,0,3,13,0,16,0,2,84,0,86,0,5,97,0,102,20,0,20,122
06/27/2016,UAO,OR,ANM,WE,Federal Contract Tower,0,1,43,0,44,0,4,103,1,108,0,5,146,1,152,44,0,44,196
06/28/2016,UAO,OR,ANM,WE,Federal Contract Tower,0,2,26,0,28,0,3,103,0,106,0,5,129,0,134,30,0,30,164
06/29/2016,UAO,OR,ANM,WE,Federal Contract Tower,0,4,27,0,31,0,1,98,0,99,0,5,125,0,130,74,0,74,204
06/30/2016,UAO,OR,ANM,WE,Federal Contract Tower,0,3,33,0,36,0,0,90,0,90,0,3,123,0,126,42,0,42,168
07/01/2016,UAO,OR,ANM,WE,Federal Contract Tower,0,2,29,0,31,0,7,95,0,102,0,9,124,0,133,38,0,38,171
07/02/2016,UAO,OR,ANM,WE,Federal Contract Tower,0,1,18,0,19,0,1,94,0,95,0,2,112,0,114,44,0,44,158
07/03/2016,UAO,OR,ANM,WE,Federal Contract Tower,0,1,19,0,20,0,0,67,0,67,0,1,86,0,87,22,0,22,109
07/04/2016,UAO,OR,ANM,WE,Federal Contract Tower,0,0,9,0,9,0,4,41,0,45,0,4,50,0,54,38,0,38,92
07/05/2016,UAO,OR,ANM,WE,Federal Contract Tower,0,2,40,0,42,0,13,78,0,91,0,15,118,0,133,52,0,52,185
07/06/2016,UAO,OR,ANM,WE,Federal Contract Tower,0,3,34,0,37,0,9,118,1,128,0,12,152,1,165,38,0,38,203
07/07/2016,UAO,OR,ANM,WE,Federal Contract Tower,0,2,53,0,55,0,12,55,0,67,0,14,108,0,122,26,0,26,148
07/08/2016,UAO,OR,ANM,WE,Federal Contract Tower,0,2,23,0,25,0,1,23,0,24,0,3,46,0,49,24,0,24,73
07/09/2016,UAO,OR,ANM,WE,Federal Contract Tower,0,4,22,0,26,0,0,27,3,30,0,4,49,3,56,12,6,18,74
07/10/2016,UAO,OR,ANM,WE,Federal Contract Tower,0,4,30,0,34,0,0,16,0,16,0,4,46,0,50,6,0,6,56
07/11/2016,UAO,OR,ANM,WE,Federal Contract Tower,0,0,18,0,18,0,1,80,0,81,0,1,98,0,99,63,0,63,162
07/12/2016,UAO,OR,ANM,WE,Federal Contract Tower,0,1,32,0,33,0,0,51,0,51,0,1,83,0,84,42,0,42,126
07/13/2016,UAO,OR,ANM,WE,Federal Contract Tower,0,6,19,0,25,0,2,83,0,85,0,8,102,0,110,50,0,50,160
07/14/2016,UAO,OR,ANM,WE,Federal Contract Tower,0,5,21,0,26,0,8,116,0,124,0,13,137,0,150,28,0,28,178
07/15/2016,UAO,OR,ANM,WE,Federal Contract Tower,0,1,27,0,28,0,11,75,0,86,0,12,102,0,114,94,0,94,208
07/16/2016,UAO,OR,ANM,WE,Federal Contract Tower,0,4,28,0,32,0,6,104,10,120,0,10,132,10,152,68,0,68,220
07/17/2016,UAO,OR,ANM,WE,Federal Contract Tower,0,1,31,0,32,0,5,73,1,79,0,6,104,1,111,30,0,30,141
07/18/2016,UAO,OR,ANM,WE,Federal Contract Tower,0,1,19,1,21,0,3,51,0,54,0,4,70,1,75,38,0,38,113
07/19/2016,UAO,OR,ANM,WE,Federal Contract Tower,0,1,16,0,17,0,4,79,0,83,0,5,95,0,100,74,0,74,174
07/20/2016,UAO,OR,ANM,WE,Federal Contract Tower,0,5,31,0,36,0,12,115,0,127,0,17,146,0,163,22,0,22,185
07/21/2016,UAO,OR,ANM,WE,Federal Contract Tower,0,0,38,0,38,0,8,106,0,114,0,8,144,0,152,60,0,60,212
07/22/2016,UAO,OR,ANM,WE,Federal Contract Tower,0,6,28,0,34,0,4,65,0,69,0,10,93,0,103,56,0,56,159
07/23/2016,UAO,OR,ANM,WE,Federal Contract Tower,0,4,19,0,23,0,7,77,0,84,0,11,96,0,107,20,0,20,127
07/24/2016,UAO,OR,ANM,WE,Federal Contract Tower,0,1,20,0,21,0,3,111,1,115,0,4,131,1,136,26,0,26,162
07/25/2016,UAO,OR,ANM,WE,Federal Contract Tower,0,3,20,0,23,0,2,125,0,127,0,5,145,0,150,78,0,78,228
07/26/2016,UAO,OR,ANM,WE,Federal Contract Tower,0,5,27,0,32,0,2,86,3,91,0,7,113,3,123,44,0,44,167
07/27/2016,UAO,OR,ANM,WE,Federal Contract Tower,0,2,17,0,19,0,4,64,4,72,0,6,81,4,91,14,0,14,105
07/28/2016,UAO,OR,ANM,WE,Federal Contract Tower,0,5,27,4,36,0,7,93,0,100,0,12,120,4,136,34,0,34,170
07/29/2016,UAO,OR,ANM,WE,Federal Contract Tower,0,1,21,0,22,0,2,126,0,128,0,3,147,0,150,68,0,68,218
07/30/2016,UAO,OR,ANM,WE,Federal Contract Tower,0,2,22,0,24,0,5,95,0,100,0,7,117,0,124,46,0,46,170
07/31/2016,UAO,OR,ANM,WE,Federal Contract Tower,0,2,10,0,12,0,0,72,0,72,0,2,82,0,84,48,0,48,132
08/01/2016,UAO,OR,ANM,WE,Federal Contract Tower,0,5,30,0,35,0,2,84,0,86,0,7,114,0,121,62,0,62,183
08/02/2016,UAO,OR,ANM,WE,Federal Contract Tower,0,1,32,0,33,0,3,85,0,88,0,4,117,0,121,54,0,54,175
08/03/2016,UAO,OR,ANM,WE,Federal Contract Tower,0,0,30,0,30,0,4,106,2,112,0,4,136,2,142,46,0,46,188
08/04/2016,UAO,OR,ANM,WE,Federal Contract Tower,0,0,20,0,20,0,5,122,2,129,0,5,142,2,149,96,0,96,245
08/05/2016,UAO,OR,ANM,WE,Federal Contract Tower,0,1,30,0,31,0,7,120,0,127,0,8,150,0,158,64,0,64,222
08/06/2016,UAO,OR,ANM,WE,Federal Contract Tower,0,2,12,0,14,0,5,127,2,134,0,7,139,2,148,76,2,78,226
08/07/2016,UAO,OR,ANM,WE,Federal Contract Tower,0,0,20,0,20,0,0,77,0,77,0,0,97,0,97,20,0,20,117
08/08/2016,UAO,OR,ANM,WE,Federal Contract Tower,0,1,23,0,24,0,0,52,0,52,0,1,75,0,76,30,0,30,106
08/09/2016,UAO,OR,ANM,WE,Federal Contract Tower,0,4,38,0,42,0,4,39,0,43,0,8,77,0,85,32,0,32,117
08/10/2016,UAO,OR,ANM,WE,Federal Contract Tower,0,0,30,0,30,0,0,121,0,121,0,0,151,0,151,48,0,48,199
08/11/2016,UAO,OR,ANM,WE,Federal Contract Tower,0,1,39,0,40,0,10,117,0,127,0,11,156,0,167,54,0,54,221
08/12/2016,UAO,OR,ANM,WE,Federal Contract Tower,0,2,21,0,23,0,4,141,4,149,0,6,162,4,172,58,0,58,230
08/13/2016,UAO,OR,ANM,WE,Federal Contract Tower,0,0,18,0,18,0,2,105,0,107,0,2,123,0,125,44,0,44,169
08/14/2016,UAO,OR,ANM,WE,Federal Contract Tower,0,2,15,0,17,0,7,102,4,113,0,9,117,4,130,52,0,52,182
08/15/2016,UAO,OR,ANM,WE,Federal Contract Tower,0,5,21,0,26,0,5,86,0,91,0,10,107,0,117,72,0,72,189
08/16/2016,UAO,OR,ANM,WE,Federal Contract Tower,0,2,19,0,21,0,2,80,0,82,0,4,99,0,103,52,0,52,155
08/17/2016,UAO,OR,ANM,WE,Federal Contract Tower,0,5,28,0,33,0,9,98,0,107,0,14,126,0,140,36,0,36,176
08/18/2016,UAO,OR,ANM,WE,Federal Contract Tower,0,5,31,0,36,0,3,114,0,117,0,8,145,0,153,116,0,116,269
08/19/2016,UAO,OR,ANM,WE,Federal Contract Tower,0,1,16,0,17,0,5,86,0,91,0,6,102,0,108,28,0,28,136
08/20/2016,UAO,OR,ANM,WE,Federal Contract Tower,0,3,17,0,20,0,7,83,11,101,0,10,100,11,121,23,0,23,144
08/21/2016,UAO,OR,ANM,WE,Federal Contract Tower,0,3,16,0,19,0,8,95,0,103,0,11,111,0,122,50,0,50,172
08/22/2016,UAO,OR,ANM,WE,Federal Contract Tower,0,0,32,0,32,0,2,104,0,106,0,2,136,0,138,30,0,30,168
08/23/2016,UAO,OR,ANM,WE,Federal Contract Tower,0,0,36,0,36,0,3,130,0,133,0,3,166,0,169,102,0,102,271
08/24/2016,UAO,OR,ANM,WE,Federal Contract Tower,0,5,33,0,38,0,2,94,0,96,0,7,127,0,134,42,0,42,176
08/25/2016,UAO,OR,ANM,WE,Federal Contract Tower,0,0,27,1,28,0,3,88,5,96,0,3,115,6,124,28,0,28,152
08/26/2016,UAO,OR,ANM,WE,Federal Contract Tower,0,2,26,0,28,0,0,95,1,96,0,2,121,1,124,62,0,62,186
08/27/2016,UAO,OR,ANM,WE,Federal Contract Tower,0,0,37,0,37,0,2,65,0,67,0,2,102,0,104,38,0,38,142
08/28/2016,UAO,OR,ANM,WE,Federal Contract Tower,0,2,19,0,21,0,7,92,8,107,0,9,111,8,128,36,0,36,164
08/29/2016,UAO,OR,ANM,WE,Federal Contract Tower,0,2,29,0,31,0,9,101,2,112,0,11,130,2,143,22,0,22,165
08/30/2016,UAO,OR,ANM,WE,Federal Contract Tower,0,0,2,0,2,0,6,4,0,10,0,6,6,0,12,4,0,4,16
08/31/2016,UAO,OR,ANM,WE,Federal Contract Tower,0,0,19,2,21,0,0,10,0,10,0,0,29,2,31,0,0,0,31
09/01/2016,UAO,OR,ANM,WE,Federal Contract Tower,0,2,32,0,34,0,1,66,0,67,0,3,98,0,101,62,0,62,163
09/02/2016,UAO,OR,ANM,WE,Federal Contract Tower,0,2,31,0,33,0,0,54,0,54,0,2,85,0,87,22,0,22,109
09/03/2016,UAO,OR,ANM,WE,Federal Contract Tower,0,3,30,0,33,0,2,46,0,48,0,5,76,0,81,4,0,4,85
09/04/2016,UAO,OR,ANM,WE,Federal Contract Tower,0,1,20,0,21,0,2,40,0,42,0,3,60,0,63,84,0,84,147
09/05/2016,UAO,OR,ANM,WE,Federal Contract Tower,0,0,8,0,8,0,5,81,0,86,0,5,89,0,94,118,0,118,212
09/06/2016,UAO,OR,ANM,WE,Federal Contract Tower,0,0,36,0,36,0,4,18,0,22,0,4,54,0,58,16,0,16,74
09/07/2016,UAO,OR,ANM,WE,Federal Contract Tower,0,7,32,0,39,0,9,24,4,37,0,16,56,4,76,6,0,6,82
09/08/2016,UAO,OR,ANM,WE,Federal Contract Tower,0,5,38,0,43,0,1,128,0,129,0,6,166,0,172,48,0,48,220
09/09/2016,UAO,OR,ANM,WE,Federal Contract Tower,0,4,33,0,37,0,8,102,0,110,0,12,135,0,147,54,0,54,201
09/10/2016,UAO,OR,ANM,WE,Federal Contract Tower,0,3,16,0,19,0,4,114,2,120,0,7,130,2,139,48,0,48,187
09/11/2016,UAO,OR,ANM,WE,Federal Contract Tower,0,2,23,0,25,0,1,67,0,68,0,3,90,0,93,60,0,60,153
09/12/2016,UAO,OR,ANM,WE,Federal Contract Tower,0,5,23,0,28,0,5,79,0,84,0,10,102,0,112,32,0,32,144
09/13/2016,UAO,OR,ANM,WE,Federal Contract Tower,0,3,22,0,25,0,6,97,3,106,0,9,119,3,131,82,0,82,213
09/14/2016,UAO,OR,ANM,WE,Federal Contract Tower,0,3,36,0,39,0,4,101,0,105,0,7,137,0,144,86,0,86,230
09/15/2016,UAO,OR,ANM,WE,Federal Contract Tower,0,3,24,0,27,0,2,112,0,114,0,5,136,0,141,58,0,58,199
09/16/2016,UAO,OR,ANM,WE,Federal Contract Tower,0,2,31,0,33,0,0,110,1,111,0,2,141,1,144,52,0,52,196
09/17/2016,UAO,OR,ANM,WE,Federal Contract Tower,0,3,14,0,17,0,0,20,0,20,0,3,34,0,37,32,0,32,69
09/18/2016,UAO,OR,ANM,WE,Federal Contract Tower,0,5,41,0,46,0,0,20,0,20,0,5,61,0,66,2,0,2,68
09/19/2016,UAO,OR,ANM,WE,Federal Contract Tower,0,0,37,0,37,0,4,35,0,39,0,4,72,0,76,28,0,28,104
09/20/2016,UAO,OR,ANM,WE,Federal Contract Tower,0,1,29,0,30,0,5,82,0,87,0,6,111,0,117,136,0,136,253
09/21/2016,UAO,OR,ANM,WE,Federal Contract Tower,0,2,25,0,27,0,10,31,0,41,0,12,56,0,68,8,0,8,76
09/22/2016,UAO,OR,ANM,WE,Federal Contract Tower,0,1,37,0,38,0,3,93,1,97,0,4,130,1,135,98,0,98,233
09/23/2016,UAO,OR,ANM,WE,Federal Contract Tower,0,2,29,0,31,0,5,19,0,24,0,7,48,0,55,36,0,36,91
09/24/2016,UAO,OR,ANM,WE,Federal Contract Tower,0,2,18,0,20,0,2,70,0,72,0,4,88,0,92,72,0,72,164
09/25/2016,UAO,OR,ANM,WE,Federal Contract Tower,0,7,32,0,39,0,5,97,1,103,0,12,129,1,142,28,0,28,170
09/26/2016,UAO,OR,ANM,WE,Federal Contract Tower,0,4,25,0,29,0,3,101,3,107,0,7,126,3,136,58,0,58,194
09/27/2016,UAO,OR,ANM,WE,Federal Contract Tower,0,7,33,2,42,0,4,75,2,81,0,11,108,4,123,60,0,60,183
09/28/2016,UAO,OR,ANM,WE,Federal Contract Tower,0,7,43,0,50,0,8,115,0,123,0,15,158,0,173,64,0,64,237
09/29/2016,UAO,OR,ANM,WE,Federal Contract Tower,0,5,33,0,38,0,5,110,0,115,0,10,143,0,153,52,0,52,205
09/30/2016,UAO,OR,ANM,WE,Federal Contract Tower,0,5,13,0,18,0,1,76,0,77,0,6,89,0,95,70,0,70,165
10/01/2016,UAO,OR,ANM,WE,Federal Contract Tower,0,2,12,0,14,0,10,26,0,36,0,12,38,0,50,30,0,30,80
10/02/2016,UAO,OR,ANM,WE,Federal Contract Tower,0,4,24,0,28,0,3,26,0,29,0,7,50,0,57,48,0,48,105
10/03/2016,UAO,OR,ANM,WE,Federal Contract Tower,0,2,31,0,33,0,4,53,0,57,0,6,84,0,90,52,0,52,142
10/04/2016,UAO,OR,ANM,WE,Federal Contract Tower,0,3,24,0,27,0,4,7,0,11,0,7,31,0,38,8,0,8,46
10/05/2016,UAO,OR,ANM,WE,Federal Contract Tower,0,0,32,0,32,0,0,9,0,9,0,0,41,0,41,2,0,2,43
10/06/2016,UAO,OR,ANM,WE,Federal Contract Tower,0,3,32,0,35,0,5,42,0,47,0,8,74,0,82,46,0,46,128
10/07/2016,UAO,OR,ANM,WE,Federal Contract Tower,0,4,37,0,41,0,0,0,0,0,0,4,37,0,41,0,0,0,41
10/08/2016,UAO,OR,ANM,WE,Federal Contract Tower,0,1,36,0,37,0,0,28,0,28,0,1,64,0,65,76,0,76,141
10/09/2016,UAO,OR,ANM,WE,Federal Contract Tower,0,3,23,0,26,0,0,0,0,0,0,3,23,0,26,0,0,0,26
10/10/2016,UAO,OR,ANM,WE,Federal Contract Tower,0,3,28,0,31,0,1,55,0,56,0,4,83,0,87,28,0,28,115
10/11/2016,UAO,OR,ANM,WE,Federal Contract Tower,0,0,32,0,32,0,3,123,0,126,0,3,155,0,158,51,0,51,209
10/12/2016,UAO,OR,ANM,WE,Federal Contract Tower,0,6,26,0,32,0,7,90,0,97,0,13,116,0,129,68,0,68,197
10/13/2016,UAO,OR,ANM,WE,Federal Contract Tower,0,6,20,0,26,0,0,0,0,0,0,6,20,0,26,0,0,0,26
10/14/2016,UAO,OR,ANM,WE,Federal Contract Tower,0,2,9,0,11,0,0,19,0,19,0,2,28,0,30,2,0,2,32
10/15/2016,UAO,OR,ANM,WE,Federal Contract Tower,0,0,5,0,5,0,2,1,0,3,0,2,6,0,8,0,0,0,8
10/16/2016,UAO,OR,ANM,WE,Federal Contract Tower,0,3,17,0,20,0,2,17,0,19,0,5,34,0,39,0,0,0,39
10/17/2016,UAO,OR,ANM,WE,Federal Contract Tower,0,3,26,0,29,0,0,15,0,15,0,3,41,0,44,20,0,20,64
10/18/2016,UAO,OR,ANM,WE,Federal Contract Tower,0,4,32,0,36,0,3,29,0,32,0,7,61,0,68,36,0,36,104
10/19/2016,UAO,OR,ANM,WE,Federal Contract Tower,0,7,44,0,51,0,1,33,0,34,0,8,77,0,85,16,0,16,101
10/20/2016,UAO,OR,ANM,WE,Federal Contract Tower,0,1,32,0,33,0,0,6,0,6,0,1,38,0,39,4,0,4,43
10/21/2016,UAO,OR,ANM,WE,Federal Contract Tower,0,5,38,0,43,0,0,44,0,44,0,5,82,0,87,60,0,60,147
10/22/2016,UAO,OR,ANM,WE,Federal Contract Tower,0,0,19,0,19,0,5,97,0,102,0,5,116,0,121,132,0,132,253
10/23/2016,UAO,OR,ANM,WE,Federal Contract Tower,0,0,18,4,22,0,2,55,4,61,0,2,73,8,83,68,4,72,155
10/24/2016,UAO,OR,ANM,WE,Federal Contract Tower,0,1,24,0,25,0,0,45,0,45,0,1,69,0,70,42,0,42,112
10/25/2016,UAO,OR,ANM,WE,Federal Contract Tower,0,5,28,0,33,0,8,51,2,61,0,13,79,2,94,70,0,70,164
10/26/2016,UAO,OR,ANM,WE,Federal Contract Tower,0,4,28,0,32,0,2,16,0,18,0,6,44,0,50,4,0,4,54
10/27/2016,UAO,OR,ANM,WE,Federal Contract Tower,0,5,36,0,41,0,0,44,2,46,0,5,80,2,87,38,0,38,125
10/28/2016,UAO,OR,ANM,WE,Federal Contract Tower,0,4,28,0,32,0,0,140,0,140,0,4,168,0,172,88,0,88,260
10/29/2016,UAO,OR,ANM,WE,Federal Contract Tower,0,5,22,0,27,0,4,52,0,56,0,9,74,0,83,81,0,81,164
10/30/2016,UAO,OR,ANM,WE,Federal Contract Tower,0,3,32,0,35,0,1,32,0,33,0,4,64,0,68,8,0,8,76
10/31/2016,UAO,OR,ANM,WE,Federal Contract Tower,0,0,37,0,37,0,4,28,0,32,0,4,65,0,69,28,0,28,97
11/01/2016,UAO,OR,ANM,WE,Federal Contract Tower,0,2,28,0,30,0,2,70,0,72,0,4,98,0,102,56,0,56,158
11/02/2016,UAO,OR,ANM,WE,Federal Contract Tower,0,1,36,0,37,0,3,56,0,59,0,4,92,0,96,42,0,42,138
11/03/2016,UAO,OR,ANM,WE,Federal Contract Tower,0,0,23,0,23,0,0,95,0,95,0,0,118,0,118,66,0,66,184
11/04/2016,UAO,OR,ANM,WE,Federal Contract Tower,0,1,27,0,28,0,3,62,0,65,0,4,89,0,93,128,0,128,221
11/05/2016,UAO,OR,ANM,WE,Federal Contract Tower,0,5,26,0,31,0,0,8,0,8,0,5,34,0,39,0,0,0,39
11/06/2016,UAO,OR,ANM,WE,Federal Contract Tower,0,5,38,0,43,0,10,98,1,109,0,15,136,1,152,98,0,98,250
11/07/2016,UAO,OR,ANM,WE,Federal Contract Tower,0,2,18,0,20,0,6,66,10,82,0,8,84,10,102,52,0,52,154
11/08/2016,UAO,OR,ANM,WE,Federal Contract Tower,0,0,23,0,23,0,4,56,0,60,0,4,79,0,83,82,0,82,165
11/09/2016,UAO,OR,ANM,WE,Federal Contract Tower,0,0,40,0,40,0,1,67,0,68,0,1,107,0,108,130,0,130,238
11/10/2016,UAO,OR,ANM,WE,Federal Contract Tower,0,0,27,0,27,0,0,0,0,0,0,0,27,0,27,0,0,0,27
11/11/2016,UAO,OR,ANM,WE,Federal Contract Tower,0,0,36,0,36,0,2,18,0,20,0,2,54,0,56,8,0,8,64
11/12/2016,UAO,OR,ANM,WE,Federal Contract Tower,0,0,27,0,27,0,1,42,0,43,0,1,69,0,70,62,0,62,132
11/13/2016,UAO,OR,ANM,WE,Federal Contract Tower,0,1,39,0,40,0,2,15,0,17,0,3,54,0,57,2,0,2,59
11/14/2016,UAO,OR,ANM,WE,Federal Contract Tower,0,3,32,0,35,0,0,0,0,0,0,3,32,0,35,0,0,0,35
11/15/2016,UAO,OR,ANM,WE,Federal Contract Tower,0,2,27,0,29,0,1,29,2,32,0,3,56,2,61,54,0,54,115
11/16/2016,UAO,OR,ANM,WE,Federal Contract Tower,0,0,45,0,45,0,2,26,0,28,0,2,71,0,73,46,0,46,119
11/17/2016,UAO,OR,ANM,WE,Federal Contract Tower,0,2,35,0,37,0,5,91,0,96,0,7,126,0,133,112,0,112,245
11/18/2016,UAO,OR,ANM,WE,Federal Contract Tower,0,3,32,0,35,0,3,86,0,89,0,6,118,0,124,132,0,132,256
11/19/2016,UAO,OR,ANM,WE,Federal Contract Tower,0,3,24,0,27,0,2,135,0,137,0,5,159,0,164,112,0,112,276
11/20/2016,UAO,OR,ANM,WE,Federal Contract Tower,0,3,35,0,38,0,3,31,0,34,0,6,66,0,72,68,0,68,140
11/21/2016,UAO,OR,ANM,WE,Federal Contract Tower,0,0,45,2,47,0,35,0,0,35,0,35,45,2,82,68,0,68,150
11/22/2016,UAO,OR,ANM,WE,Federal Contract Tower,0,4,37,0,41,0,1,56,0,57,0,5,93,0,98,46,0,46,144
11/23/2016,UAO,OR,ANM,WE,Federal Contract Tower,0,0,30,0,30,0,2,10,0,12,0,2,40,0,42,4,0,4,46
11/24/2016,UAO,OR,ANM,WE,Federal Contract Tower,0,0,3,0,3,0,0,0,0,0,0,0,3,0,3,22,0,22,25
11/25/2016,UAO,OR,ANM,WE,Federal Contract Tower,0,0,6,0,6,0,4,10,0,14,0,4,16,0,20,0,0,0,20
11/26/2016,UAO,OR,ANM,WE,Federal Contract Tower,0,3,22,0,25,0,1,5,0,6,0,4,27,0,31,12,0,12,43
11/27/2016,UAO,OR,ANM,WE,Federal Contract Tower,0,1,30,0,31,0,3,24,0,27,0,4,54,0,58,36,0,36,94
11/28/2016,UAO,OR,ANM,WE,Federal Contract Tower,0,5,20,0,25,0,0,49,0,49,0,5,69,0,74,20,0,20,94
11/29/2016,UAO,OR,ANM,WE,Federal Contract Tower,0,2,33,0,35,0,3,53,0,56,0,5,86,0,91,76,0,76,167
11/30/2016,UAO,OR,ANM,WE,Federal Contract Tower,0,4,27,0,31,0,2,27,0,29,0,6,54,0,60,52,0,52,112
12/01/2016,UAO,OR,ANM,WE,Federal Contract Tower,0,7,24,0,31,0,8,18,0,26,0,15,42,0,57,38,0,38,95
12/02/2016,UAO,OR,ANM,WE,Federal Contract Tower,0,2,12,0,14,0,0,0,0,0,0,2,12,0,14,128,4,132,146
12/03/2016,UAO,OR,ANM,WE,Federal Contract Tower,0,2,16,0,18,0,0,41,0,41,0,2,57,0,59,72,0,72,131
12/04/2016,UAO,OR,ANM,WE,Federal Contract Tower,0,4,16,0,20,0,5,24,0,29,0,9,40,0,49,94,0,94,143
12/05/2016,UAO,OR,ANM,WE,Federal Contract Tower,0,3,9,0,12,0,0,0,0,0,0,3,9,0,12,0,0,0,12
12/06/2016,UAO,OR,ANM,WE,Federal Contract Tower,0,2,10,0,12,0,6,50,1,57,0,8,60,1,69,67,9,76,145
12/07/2016,UAO,OR,ANM,WE,Federal Contract Tower,0,5,12,0,17,0,3,63,1,67,0,8,75,1,84,80,0,80,164
12/08/2016,UAO,OR,ANM,WE,Federal Contract Tower,0,1,10,0,11,0,0,4,0,4,0,1,14,0,15,0,0,0,15
12/09/2016,UAO,OR,ANM,WE,Federal Contract Tower,0,1,11,0,12,0,0,0,0,0,0,1,11,0,12,0,0,0,12
12/10/2016,UAO,OR,ANM,WE,Federal Contract Tower,0,2,12,0,14,0,0,13,0,13,0,2,25,0,27,10,0,10,37
12/11/2016,UAO,OR,ANM,WE,Federal Contract Tower,0,0,12,0,12,0,0,4,0,4,0,0,16,0,16,46,0,46,62
12/12/2016,UAO,OR,ANM,WE,Federal Contract Tower,0,5,14,0,19,0,0,32,0,32,0,5,46,0,51,28,0,28,79
12/13/2016,UAO,OR,ANM,WE,Federal Contract Tower,0,2,21,0,23,0,1,38,3,42,0,3,59,3,65,40,0,40,105
12/14/2016,UAO,OR,ANM,WE,Federal Contract Tower,0,0,9,0,9,0,0,1,0,1,0,0,10,0,10,0,0,0,10
12/15/2016,UAO,OR,ANM,WE,Federal Contract Tower,0,3,7,0,10,0,0,0,0,0,0,3,7,0,10,0,0,0,10
12/16/2016,UAO,OR,ANM,WE,Federal Contract Tower,0,3,26,0,29,0,4,49,0,53,0,7,75,0,82,40,0,40,122
12/17/2016,UAO,OR,ANM,WE,Federal Contract Tower,0,4,13,0,17,0,2,7,0,9,0,6,20,0,26,36,0,36,62
12/18/2016,UAO,OR,ANM,WE,Federal Contract Tower,0,1,13,0,14,0,0,0,0,0,0,1,13,0,14,0,0,0,14
12/19/2016,UAO,OR,ANM,WE,Federal Contract Tower,0,7,16,1,24,0,2,5,0,7,0,9,21,1,31,4,0,4,35
12/20/2016,UAO,OR,ANM,WE,Federal Contract Tower,0,2,43,0,45,0,12,62,0,74,0,14,105,0,119,38,0,38,157
12/21/2016,UAO,OR,ANM,WE,Federal Contract Tower,0,0,23,0,23,0,0,0,0,0,0,0,23,0,23,0,0,0,23
12/22/2016,UAO,OR,ANM,WE,Federal Contract Tower,0,1,18,0,19,0,0,9,0,9,0,1,27,0,28,8,0,8,36
12/23/2016,UAO,OR,ANM,WE,Federal Contract Tower,0,0,18,0,18,0,5,34,0,39,0,5,52,0,57,70,0,70,127
12/24/2016,UAO,OR,ANM,WE,Federal Contract Tower,0,1,6,0,7,0,0,2,0,2,0,1,8,0,9,6,0,6,15
12/25/2016,UAO,OR,ANM,WE,Federal Contract Tower,0,3,1,0,4,0,0,16,0,16,0,3,17,0,20,14,0,14,34
12/26/2016,UAO,OR,ANM,WE,Federal Contract Tower,0,2,23,1,26,0,13,7,2,22,0,15,30,3,48,30,0,30,78
12/27/2016,UAO,OR,ANM,WE,Federal Contract Tower,0,5,34,0,39,0,6,5,0,11,0,11,39,0,50,18,0,18,68
12/28/2016,UAO,OR,ANM,WE,Federal Contract Tower,0,1,17,0,18,0,0,0,0,0,0,1,17,0,18,0,0,0,18
12/29/2016,UAO,OR,ANM,WE,Federal Contract Tower,0,0,22,0,22,0,0,1,0,1,0,0,23,0,23,0,0,0,23
12/30/2016,UAO,OR,ANM,WE,Federal Contract Tower,0,3,12,0,15,0,4,30,0,34,0,7,42,0,49,40,0,40,89
12/31/2016,UAO,OR,ANM,WE,Federal Contract Tower,0,2,12,0,14,0,0,2,0,2,0,2,14,0,16,0,0,0,16
01/01/2017,UAO,OR,ANM,WE,Federal Contract Tower,0,0,10,0,10,0,0,4,0,4,0,0,14,0,14,2,0,2,16
01/02/2017,UAO,OR,ANM,WE,Federal Contract Tower,0,5,13,0,18,0,0,23,0,23,0,5,36,0,41,34,0,34,75
01/03/2017,UAO,OR,ANM,WE,Federal Contract Tower,0,5,24,0,29,0,2,61,0,63,0,7,85,0,92,14,0,14,106
01/04/2017,UAO,OR,ANM,WE,Federal Contract Tower,0,3,13,0,16,0,8,18,0,26,0,11,31,0,42,32,0,32,74
01/05/2017,UAO,OR,ANM,WE,Federal Contract Tower,0,0,13,0,13,0,2,113,0,115,0,2,126,0,128,98,2,100,228
01/06/2017,UAO,OR,ANM,WE,Federal Contract Tower,0,4,10,0,14,0,2,55,0,57,0,6,65,0,71,50,0,50,121
01/07/2017,UAO,OR,ANM,WE,Federal Contract Tower,0,0,2,0,2,0,0,1,0,1,0,0,3,0,3,0,0,0,3
01/08/2017,UAO,OR,ANM,WE,Federal Contract Tower,0,1,7,0,8,0,0,0,0,0,0,1,7,0,8,0,0,0,8
01/09/2017,UAO,OR,ANM,WE,Federal Contract Tower,0,4,12,0,16,0,4,4,0,8,0,8,16,0,24,0,0,0,24
01/10/2017,UAO,OR,ANM,WE,Federal Contract Tower,0,2,12,0,14,0,1,11,0,12,0,3,23,0,26,0,0,0,26
01/11/2017,UAO,OR,ANM,WE,Federal Contract Tower,0,2,12,0,14,0,0,0,0,0,0,2,12,0,14,0,0,0,14
01/12/2017,UAO,OR,ANM,WE,Federal Contract Tower,0,5,11,0,16,0,3,43,0,46,0,8,54,0,62,26,0,26,88
01/13/2017,UAO,OR,ANM,WE,Federal Contract Tower,0,1,16,0,17,0,6,44,0,50,0,7,60,0,67,40,0,40,107
01/14/2017,UAO,OR,ANM,WE,Federal Contract Tower,0,4,6,0,10,0,4,51,0,55,0,8,57,0,65,38,0,38,103
01/15/2017,UAO,OR,ANM,WE,Federal Contract Tower,0,2,8,0,10,0,0,61,0,61,0,2,69,0,71,44,0,44,115
01/16/2017,UAO,OR,ANM,WE,Federal Contract Tower,0,3,23,0,26,0,2,76,0,78,0,5,99,0,104,60,0,60,164
01/17/2017,UAO,OR,ANM,WE,Federal Contract Tower,0,2,11,0,13,0,1,3,0,4,0,3,14,0,17,0,0,0,17
01/18/2017,UAO,OR,ANM,WE,Federal Contract Tower,0,2,16,0,18,0,6,1,0,7,0,8,17,0,25,0,0,0,25
01/19/2017,UAO,OR,ANM,WE,Federal Contract Tower,0,4,20,0,24,0,12,31,2,45,0,16,51,2,69,52,0,52,121
01/20/2017,UAO,OR,ANM,WE,Federal Contract Tower,0,1,15,0,16,0,12,35,2,49,0,13,50,2,65,18,8,26,91
01/21/2017,UAO,OR,ANM,WE,Federal Contract Tower,0,1,26,0,27,0,1,11,0,12,0,2,37,0,39,16,0,16,55
01/22/2017,UAO,OR,ANM,WE,Federal Contract Tower,0,2,14,0,16,0,0,22,0,22,0,2,36,0,38,16,0,16,54
01/23/2017,UAO,OR,ANM,WE,Federal Contract Tower,0,1,23,0,24,0,3,88,0,91,0,4,111,0,115,88,0,88,203
01/24/2017,UAO,OR,ANM,WE,Federal Contract Tower,0,3,28,0,31,0,2,77,0,79,0,5,105,0,110,52,0,52,162
01/25/2017,UAO,OR,ANM,WE,Federal Contract Tower,0,3,34,0,37,0,2,74,0,76,0,5,108,0,113,52,0,52,165
01/26/2017,UAO,OR,ANM,WE,Federal Contract Tower,0,1,44,0,45,0,2,39,0,41,0,3,83,0,86,58,0,58,144
01/27/2017,UAO,OR,ANM,WE,Federal Contract Tower,0,1,15,0,16,0,5,47,0,52,0,6,62,0,68,8,0,8,76
01/28/2017,UAO,OR,ANM,WE,Federal Contract Tower,0,3,19,0,22,0,1,84,0,85,0,4,103,0,107,54,0,54,161
01/29/2017,UAO,OR,ANM,WE,Federal Contract Tower,0,4,28,0,32,0,0,21,0,21,0,4,49,0,53,34,0,34,87
01/30/2017,UAO,OR,ANM,WE,Federal Contract Tower,0,1,27,0,28,0,2,14,0,16,0,3,41,0,44,2,0,2,46
01/31/2017,UAO,OR,ANM,WE,Federal Contract Tower,0,4,20,0,24,0,0,47,0,47,0,4,67,0,71,66,0,66,137
02/01/2017,UAO,OR,ANM,WE,Federal Contract Tower,0,0,14,0,14,0,4,21,0,25,0,4,35,0,39,30,0,30,69
02/02/2017,UAO,OR,ANM,WE,Federal Contract Tower,0,3,10,0,13,0,7,16,0,23,0,10,26,0,36,4,0,4,40
02/03/2017,UAO,OR,ANM,WE,Federal Contract Tower,0,0,13,0,13,0,0,0,0,0,0,0,13,0,13,0,0,0,13
02/04/2017,UAO,OR,ANM,WE,Federal Contract Tower,0,9,11,0,20,0,2,9,0,11,0,11,20,0,31,14,0,14,45
02/05/2017,UAO,OR,ANM,WE,Federal Contract Tower,0,1,9,0,10,0,0,0,0,0,0,1,9,0,10,0,0,0,10
02/06/2017,UAO,OR,ANM,WE,Federal Contract Tower,0,3,10,0,13,0,2,5,0,7,0,5,15,0,20,8,0,8,28
02/07/2017,UAO,OR,ANM,WE,Federal Contract Tower,0,1,16,0,17,0,1,5,0,6,0,2,21,0,23,10,0,10,33
02/08/2017,UAO,OR,ANM,WE,Federal Contract Tower,0,5,13,0,18,0,0,0,0,0,0,5,13,0,18,0,0,0,18
02/09/2017,UAO,OR,ANM,WE,Federal Contract Tower,0,2,27,0,29,0,3,9,0,12,0,5,36,0,41,0,0,0,41
02/10/2017,UAO,OR,ANM,WE,Federal Contract Tower,0,3,15,0,18,0,1,39,0,40,0,4,54,0,58,38,0,38,96
02/11/2017,UAO,OR,ANM,WE,Federal Contract Tower,0,1,19,0,20,0,1,95,0,96,0,2,114,0,116,62,0,62,178
02/12/2017,UAO,OR,ANM,WE,Federal Contract Tower,0,0,20,0,20,0,2,70,0,72,0,2,90,0,92,62,0,62,154
02/13/2017,UAO,OR,ANM,WE,Federal Contract Tower,0,2,17,0,19,0,1,125,2,128,0,3,142,2,147,74,0,74,221
02/14/2017,UAO,OR,ANM,WE,Federal Contract Tower,0,0,13,0,13,0,2,72,0,74,0,2,85,0,87,54,0,54,141
02/15/2017,UAO,OR,ANM,WE,Federal Contract Tower,0,3,20,0,23,0,0,1,0,1,0,3,21,0,24,0,0,0,24
02/16/2017,UAO,OR,ANM,WE,Federal Contract Tower,0,2,28,0,30,0,5,8,0,13,0,7,36,0,43,0,0,0,43
02/17/2017,UAO,OR,ANM,WE,Federal Contract Tower,0,4,23,1,28,0,5,63,1,69,0,9,86,2,97,30,0,30,127
02/18/2017,UAO,OR,ANM,WE,Federal Contract Tower,0,0,17,0,17,0,1,12,0,13,0,1,29,0,30,10,0,10,40
02/19/2017,UAO,OR,ANM,WE,Federal Contract Tower,0,0,12,0,12,0,0,26,0,26,0,0,38,0,38,46,0,46,84
02/20/2017,UAO,OR,ANM,WE,Federal Contract Tower,0,7,21,0,28,0,0,11,0,11,0,7,32,0,39,6,0,6,45
02/21/2017,UAO,OR,ANM,WE,Federal Contract Tower,0,3,22,0,25,0,0,0,0,0,0,3,22,0,25,0,0,0,25
02/23/2017,UAO,OR,ANM,WE,Federal Contract Tower,0,1,27,0,28,0,2,35,0,37,0,3,62,0,65,16,0,16,81
02/24/2017,UAO,OR,ANM,WE,Federal Contract Tower,0,6,20,0,26,0,4,31,0,35,0,10,51,0,61,36,0,36,97
02/25/2017,UAO,OR,ANM,WE,Federal Contract Tower,0,3,23,0,26,0,5,104,0,109,0,8,127,0,135,84,0,84,219
02/26/2017,UAO,OR,ANM,WE,Federal Contract Tower,0,4,19,0,23,0,0,2,0,2,0,4,21,0,25,18,0,18,43
02/27/2017,UAO,OR,ANM,WE,Federal Contract Tower,0,9,19,0,28,0,0,23,0,23,0,9,42,0,51,34,0,34,85
02/28/2017,UAO,OR,ANM,WE,Federal Contract Tower,0,1,14,0,15,0,0,47,0,47,0,1,61,0,62,32,0,32,94
03/01/2017,UAO,OR,ANM,WE,Federal Contract Tower,0,6,31,0,37,0,2,46,0,48,0,8,77,0,85,42,0,42,127
03/02/2017,UAO,OR,ANM,WE,Federal Contract Tower,0,1,21,0,22,0,1,36,0,37,0,2,57,0,59,36,0,36,95
03/03/2017,UAO,OR,ANM,WE,Federal Contract Tower,0,1,23,2,26,0,0,29,0,29,0,1,52,2,55,42,0,42,97
03/04/2017,UAO,OR,ANM,WE,Federal Contract Tower,1,4,22,2,29,0,1,20,0,21,1,5,42,2,50,22,0,22,72
03/05/2017,UAO,OR,ANM,WE,Federal Contract Tower,0,2,13,0,15,0,2,4,0,6,0,4,17,0,21,8,0,8,29
03/06/2017,UAO,OR,ANM,WE,Federal Contract Tower,0,5,6,0,11,0,0,4,2,6,0,5,10,2,17,4,0,4,21
03/07/2017,UAO,OR,ANM,WE,Federal Contract Tower,0,0,23,0,23,0,0,3,0,3,0,0,26,0,26,0,0,0,26
03/08/2017,UAO,OR,ANM,WE,Federal Contract Tower,0,0,23,0,23,0,0,3,0,3,0,0,26,0,26,0,0,0,26
03/09/2017,UAO,OR,ANM,WE,Federal Contract Tower,0,0,22,0,22,0,0,0,0,0,0,0,22,0,22,0,0,0,22
03/10/2017,UAO,OR,ANM,WE,Federal Contract Tower,0,3,20,0,23,0,0,0,0,0,0,3,20,0,23,54,0,54,77
03/11/2017,UAO,OR,ANM,WE,Federal Contract Tower,0,0,12,0,12,0,1,5,0,6,0,1,17,0,18,0,0,0,18
03/12/2017,UAO,OR,ANM,WE,Federal Contract Tower,0,2,27,0,29,0,1,82,0,83,0,3,109,0,112,52,0,52,164
03/13/2017,UAO,OR,ANM,WE,Federal Contract Tower,0,2,24,0,26,0,0,7,0,7,0,2,31,0,33,6,0,6,39
03/14/2017,UAO,OR,ANM,WE,Federal Contract Tower,0,5,22,0,27,0,1,17,0,18,0,6,39,0,45,6,0,6,51
03/15/2017,UAO,OR,ANM,WE,Federal Contract Tower,0,2,17,0,19,0,0,27,0,27,0,2,44,0,46,2,0,2,48
03/16/2017,UAO,OR,ANM,WE,Federal Contract Tower,0,6,31,0,37,0,3,130,0,133,0,9,161,0,170,118,0,118,288
03/17/2017,UAO,OR,ANM,WE,Federal Contract Tower,0,1,19,0,20,0,0,4,0,4,0,1,23,0,24,0,0,0,24
03/18/2017,UAO,OR,ANM,WE,Federal Contract Tower,0,6,22,0,28,0,10,19,0,29,0,16,41,0,57,10,0,10,67
03/19/2017,UAO,OR,ANM,WE,Federal Contract Tower,0,2,30,0,32,0,2,145,0,147,0,4,175,0,179,124,0,124,303
03/20/2017,UAO,OR,ANM,WE,Federal Contract Tower,0,0,13,0,13,0,4,50,0,54,0,4,63,0,67,52,0,52,119
03/21/2017,UAO,OR,ANM,WE,Federal Contract Tower,0,0,29,0,29,0,9,33,0,42,0,9,62,0,71,50,0,50,121
03/22/2017,UAO,OR,ANM,WE,Federal Contract Tower,0,1,28,0,29,0,6,57,0,63,0,7,85,0,92,62,0,62,154
03/23/2017,UAO,OR,ANM,WE,Federal Contract Tower,0,1,29,0,30,0,1,115,0,116,0,2,144,0,146,82,0,82,228
03/24/2017,UAO,OR,ANM,WE,Federal Contract Tower,0,3,29,0,32,0,0,21,0,21,0,3,50,0,53,22,0,22,75
03/25/2017,UAO,OR,ANM,WE,Federal Contract Tower,0,0,21,0,21,0,0,49,0,49,0,0,70,0,70,44,0,44,114
03/26/2017,UAO,OR,ANM,WE,Federal Contract Tower,0,2,18,0,20,0,3,1,0,4,0,5,19,0,24,10,0,10,34
03/27/2017,UAO,OR,ANM,WE,Federal Contract Tower,0,2,16,0,18,0,3,28,0,31,0,5,44,0,49,22,0,22,71
03/28/2017,UAO,OR,ANM,WE,Federal Contract Tower,0,1,22,0,23,0,7,45,0,52,0,8,67,0,75,42,0,42,117
03/29/2017,UAO,OR,ANM,WE,Federal Contract Tower,0,4,11,0,15,0,0,9,0,9,0,4,20,0,24,2,0,2,26
03/30/2017,UAO,OR,ANM,WE,Federal Contract Tower,0,5,14,2,21,0,2,69,0,71,0,7,83,2,92,108,0,108,200
03/31/2017,UAO,OR,ANM,WE,Federal Contract Tower,0,2,27,0,29,0,2,133,2,137,0,4,160,2,166,68,0,68,234
04/01/2017,UAO,OR,ANM,WE,Federal Contract Tower,0,9,29,0,38,0,1,20,0,21,0,10,49,0,59,20,0,20,79
04/02/2017,UAO,OR,ANM,WE,Federal Contract Tower,0,0,26,0,26,0,10,69,0,79,0,10,95,0,105,40,0,40,145
04/03/2017,UAO,OR,ANM,WE,Federal Contract Tower,0,3,22,2,27,0,3,108,0,111,0,6,130,2,138,74,0,74,212
04/04/2017,UAO,OR,ANM,WE,Federal Contract Tower,0,2,15,0,17,0,12,77,0,89,0,14,92,0,106,50,0,50,156
04/05/2017,UAO,OR,ANM,WE,Federal Contract Tower,0,0,19,0,19,0,4,48,0,52,0,4,67,0,71,60,0,60,131
04/06/2017,UAO,OR,ANM,WE,Federal Contract Tower,0,4,24,0,28,0,0,24,0,24,0,4,48,0,52,36,0,36,88
04/07/2017,UAO,OR,ANM,WE,Federal Contract Tower,0,2,7,0,9,0,5,1,0,6,0,7,8,0,15,0,0,0,15
04/08/2017,UAO,OR,ANM,WE,Federal Contract Tower,0,0,13,0,13,0,2,21,0,23,0,2,34,0,36,18,0,18,54
04/09/2017,UAO,OR,ANM,WE,Federal Contract Tower,0,6,11,0,17,0,2,88,0,90,0,8,99,0,107,58,0,58,165
04/10/2017,UAO,OR,ANM,WE,Federal Contract Tower,0,2,24,0,26,0,2,23,0,25,0,4,47,0,51,0,0,0,51
04/11/2017,UAO,OR,ANM,WE,Federal Contract Tower,0,2,18,0,20,0,0,100,2,102,0,2,118,2,122,72,0,72,194
04/12/2017,UAO,OR,ANM,WE,Federal Contract Tower,0,0,30,0,30,0,5,39,0,44,0,5,69,0,74,35,0,35,109
04/13/2017,UAO,OR,ANM,WE,Federal Contract Tower,0,0,31,0,31,0,4,31,0,35,0,4,62,0,66,2,0,2,68
04/14/2017,UAO,OR,ANM,WE,Federal Contract Tower,0,7,33,0,40,0,0,0,0,0,0,7,33,0,40,38,0,38,78
04/15/2017,UAO,OR,ANM,WE,Federal Contract Tower,0,0,14,0,14,0,8,156,0,164,0,8,170,0,178,48,0,48,226
04/16/2017,UAO,OR,ANM,WE,Federal Contract Tower,0,3,10,0,13,0,9,50,0,59,0,12,60,0,72,14,0,14,86
04/17/2017,UAO,OR,ANM,WE,Federal Contract Tower,0,4,24,0,28,0,2,51,0,53,0,6,75,0,81,38,0,38,119
04/18/2017,UAO,OR,ANM,WE,Federal Contract Tower,0,5,25,0,30,0,2,49,0,51,0,7,74,0,81,24,0,24,105
04/19/2017,UAO,OR,ANM,WE,Federal Contract Tower,0,2,21,0,23,0,5,32,0,37,0,7,53,0,60,92,0,92,152
04/20/2017,UAO,OR,ANM,WE,Federal Contract Tower,0,1,22,0,23,0,4,51,0,55,0,5,73,0,78,14,0,14,92
04/21/2017,UAO,OR,ANM,WE,Federal Contract Tower,0,2,27,0,29,0,10,157,0,167,0,12,184,0,196,114,0,114,310
04/22/2017,UAO,OR,ANM,WE,Federal Contract Tower,0,2,16,0,18,0,5,30,0,35,0,7,46,0,53,56,0,56,109
04/23/2017,UAO,OR,ANM,WE,Federal Contract Tower,0,2,24,0,26,0,2,26,0,28,0,4,50,0,54,68,0,68,122
04/24/2017,UAO,OR,ANM,WE,Federal Contract Tower,0,5,28,0,33,0,0,6,0,6,0,5,34,0,39,0,0,0,39
04/25/2017,UAO,OR,ANM,WE,Federal Contract Tower,0,2,33,0,35,0,2,26,0,28,0,4,59,0,63,56,0,56,119
04/26/2017,UAO,OR,ANM,WE,Federal Contract Tower,0,0,42,0,42,0,3,21,0,24,0,3,63,0,66,30,0,30,96
04/27/2017,UAO,OR,ANM,WE,Federal Contract Tower,0,4,37,0,41,0,0,21,0,21,0,4,58,0,62,4,0,4,66
04/28/2017,UAO,OR,ANM,WE,Federal Contract Tower,0,4,31,0,35,0,12,122,1,135,0,16,153,1,170,104,0,104,274
04/29/2017,UAO,OR,ANM,WE,Federal Contract Tower,0,0,22,0,22,0,7,123,3,133,0,7,145,3,155,88,0,88,243
04/30/2017,UAO,OR,ANM,WE,Federal Contract Tower,0,3,23,0,26,0,1,69,1,71,0,4,92,1,97,72,0,72,169
05/01/2017,UAO,OR,ANM,WE,Federal Contract Tower,0,4,30,0,34,0,0,61,0,61,0,4,91,0,95,84,0,84,179
05/02/2017,UAO,OR,ANM,WE,Federal Contract Tower,0,4,49,0,53,0,3,28,0,31,0,7,77,0,84,22,0,22,106
05/03/2017,UAO,OR,ANM,WE,Federal Contract Tower,0,4,31,0,35,0,9,121,3,133,0,13,152,3,168,104,0,104,272
05/04/2017,UAO,OR,ANM,WE,Federal Contract Tower,0,1,18,0,19,0,4,96,0,100,0,5,114,0,119,70,0,70,189
05/05/2017,UAO,OR,ANM,WE,Federal Contract Tower,0,2,34,0,36,0,2,17,0,19,0,4,51,0,55,16,0,16,71
05/06/2017,UAO,OR,ANM,WE,Federal Contract Tower,0,2,16,0,18,0,4,107,0,111,0,6,123,0,129,120,0,120,249
05/07/2017,UAO,OR,ANM,WE,Federal Contract Tower,0,3,18,0,21,0,0,95,0,95,0,3,113,0,116,96,0,96,212
05/08/2017,UAO,OR,ANM,WE,Federal Contract Tower,0,0,27,0,27,0,4,121,0,125,0,4,148,0,152,94,0,94,246
05/09/2017,UAO,OR,ANM,WE,Federal Contract Tower,0,1,11,0,12,0,9,112,0,121,0,10,123,0,133,112,0,112,245
05/10/2017,UAO,OR,ANM,WE,Federal Contract Tower,0,5,26,0,31,0,7,140,0,147,0,12,166,0,178,108,0,108,286
05/11/2017,UAO,OR,ANM,WE,Federal Contract Tower,0,3,37,0,40,0,0,17,0,17,0,3,54,0,57,8,0,8,65
05/12/2017,UAO,OR,ANM,WE,Federal Contract Tower,0,4,22,2,28,0,1,29,1,31,0,5,51,3,59,34,12,46,105
05/13/2017,UAO,OR,ANM,WE,Federal Contract Tower,0,0,14,0,14,0,2,11,0,13,0,2,25,0,27,8,0,8,35
05/14/2017,UAO,OR,ANM,WE,Federal Contract Tower,0,0,23,0,23,0,1,43,0,44,0,1,66,0,67,82,0,82,149
05/15/2017,UAO,OR,ANM,WE,Federal Contract Tower,0,3,35,0,38,0,2,56,0,58,0,5,91,0,96,120,0,120,216
05/16/2017,UAO,OR,ANM,WE,Federal Contract Tower,0,7,16,0,23,0,1,21,0,22,0,8,37,0,45,20,0,20,65
05/17/2017,UAO,OR,ANM,WE,Federal Contract Tower,0,5,29,0,34,0,4,60,3,67,0,9,89,3,101,70,4,74,175
05/18/2017,UAO,OR,ANM,WE,Federal Contract Tower,0,2,42,2,46,0,2,149,0,151,0,4,191,2,197,117,0,117,314
05/19/2017,UAO,OR,ANM,WE,Federal Contract Tower,0,0,37,0,37,0,10,147,4,161,0,10,184,4,198,166,0,166,364
05/20/2017,UAO,OR,ANM,WE,Federal Contract Tower,0,0,27,3,30,0,1,106,16,123,0,1,133,19,153,76,2,78,231
05/21/2017,UAO,OR,ANM,WE,Federal Contract Tower,0,0,20,0,20,0,2,122,0,124,0,2,142,0,144,90,0,90,234
05/22/2017,UAO,OR,ANM,WE,Federal Contract Tower,0,1,31,0,32,0,5,112,0,117,0,6,143,0,149,112,0,112,261
05/23/2017,UAO,OR,ANM,WE,Federal Contract Tower,0,0,34,1,35,0,5,126,0,131,0,5,160,1,166,90,0,90,256
05/24/2017,UAO,OR,ANM,WE,Federal Contract Tower,0,2,26,0,28,0,5,68,5,78,0,7,94,5,106,174,10,184,290
05/25/2017,UAO,OR,ANM,WE,Federal Contract Tower,0,5,31,0,36,0,6,120,0,126,0,11,151,0,162,88,0,88,250
05/26/2017,UAO,OR,ANM,WE,Federal Contract Tower,0,1,39,0,40,0,5,169,0,174,0,6,208,0,214,154,0,154,368
05/27/2017,UAO,OR,ANM,WE,Federal Contract Tower,0,0,14,0,14,0,4,122,0,126,0,4,136,0,140,88,0,88,228
05/28/2017,UAO,OR,ANM,WE,Federal Contract Tower,0,2,13,0,15,0,4,82,0,86,0,6,95,0,101,42,0,42,143
05/29/2017,UAO,OR,ANM,WE,Federal Contract Tower,0,4,41,0,45,0,6,50,0,56,0,10,91,0,101,18,0,18,119
05/30/2017,UAO,OR,ANM,WE,Federal Contract Tower,0,7,38,0,45,0,1,3,0,4,0,8,41,0,49,2,0,2,51
05/31/2017,UAO,OR,ANM,WE,Federal Contract Tower,0,3,30,0,33,0,2,112,0,114,0,5,142,0,147,208,0,208,355
06/01/2017,UAO,OR,ANM,WE,Federal Contract Tower,0,1,22,0,23,0,3,53,0,56,0,4,75,0,79,72,0,72,151
06/02/2017,UAO,OR,ANM,WE,Federal Contract Tower,0,2,35,0,37,0,5,111,0,116,0,7,146,0,153,120,0,120,273
06/03/2017,UAO,OR,ANM,WE,Federal Contract Tower,0,2,12,1,15,0,4,44,0,48,0,6,56,1,63,84,0,84,147
06/04/2017,UAO,OR,ANM,WE,Federal Contract Tower,0,0,24,0,24,0,4,103,1,108,0,4,127,1,132,62,0,62,194
06/05/2017,UAO,OR,ANM,WE,Federal Contract Tower,0,1,27,0,28,0,5,117,0,122,0,6,144,0,150,80,0,80,230
06/06/2017,UAO,OR,ANM,WE,Federal Contract Tower,0,1,24,0,25,0,9,109,0,118,0,10,133,0,143,118,0,118,261
06/07/2017,UAO,OR,ANM,WE,Federal Contract Tower,0,3,31,0,34,0,3,112,0,115,0,6,143,0,149,78,0,78,227
06/08/2017,UAO,OR,ANM,WE,Federal Contract Tower,0,6,39,0,45,0,3,22,0,25,0,9,61,0,70,48,0,48,118
06/09/2017,UAO,OR,ANM,WE,Federal Contract Tower,0,2,35,0,37,0,0,50,0,50,0,2,85,0,87,78,0,78,165
06/10/2017,UAO,OR,ANM,WE,Federal Contract Tower,0,1,13,2,16,0,1,19,0,20,0,2,32,2,36,22,0,22,58
06/11/2017,UAO,OR,ANM,WE,Federal Contract Tower,0,0,28,0,28,0,1,52,0,53,0,1,80,0,81,20,0,20,101
06/12/2017,UAO,OR,ANM,WE,Federal Contract Tower,0,3,22,0,25,0,0,49,0,49,0,3,71,0,74,114,0,114,188
06/13/2017,UAO,OR,ANM,WE,Federal Contract Tower,0,7,32,0,39,0,10,40,0,50,0,17,72,0,89,38,0,38,127
06/14/2017,UAO,OR,ANM,WE,Federal Contract Tower,0,3,22,0,25,0,5,103,0,108,0,8,125,0,133,176,0,176,309
06/15/2017,UAO,OR,ANM,WE,Federal Contract Tower,0,3,25,0,28,0,2,3,0,5,0,5,28,0,33,0,0,0,33
06/16/2017,UAO,OR,ANM,WE,Federal Contract Tower,0,7,43,0,50,0,2,43,0,45,0,9,86,0,95,60,0,60,155
06/17/2017,UAO,OR,ANM,WE,Federal Contract Tower,0,0,26,0,26,0,15,135,8,158,0,15,161,8,184,94,0,94,278
06/18/2017,UAO,OR,ANM,WE,Federal Contract Tower,0,0,30,0,30,0,6,104,0,110,0,6,134,0,140,110,0,110,250
06/19/2017,UAO,OR,ANM,WE,Federal Contract Tower,0,1,18,0,19,0,8,102,1,111,0,9,120,1,130,122,0,122,252
06/20/2017,UAO,OR,ANM,WE,Federal Contract Tower,0,3,23,0,26,0,4,100,0,104,0,7,123,0,130,138,0,138,268
06/21/2017,UAO,OR,ANM,WE,Federal Contract Tower,0,1,41,0,42,0,6,128,0,134,0,7,169,0,176,108,0,108,284
06/22/2017,UAO,OR,ANM,WE,Federal Contract Tower,0,0,28,0,28,0,3,107,0,110,0,3,135,0,138,94,0,94,232
06/23/2017,UAO,OR,ANM,WE,Federal Contract Tower,0,1,30,0,31,0,3,122,0,125,0,4,152,0,156,82,0,82,238
06/24/2017,UAO,OR,ANM,WE,Federal Contract Tower,0,0,16,0,16,0,7,106,0,113,0,7,122,0,129,66,0,66,195
06/25/2017,UAO,OR,ANM,WE,Federal Contract Tower,0,1,25,0,26,0,5,110,0,115,0,6,135,0,141,72,0,72,213
06/26/2017,UAO,OR,ANM,WE,Federal Contract Tower,0,3,16,2,21,0,6,82,0,88,0,9,98,2,109,118,0,118,227
06/27/2017,UAO,OR,ANM,WE,Federal Contract Tower,0,3,33,0,36,0,6,84,0,90,0,9,117,0,126,100,0,100,226
06/28/2017,UAO,OR,ANM,WE,Federal Contract Tower,0,0,40,0,40,0,7,86,0,93,0,7,126,0,133,110,0,110,243
06/29/2017,UAO,OR,ANM,WE,Federal Contract Tower,0,0,26,0,26,0,6,130,0,136,0,6,156,0,162,164,0,164,326
06/30/2017,UAO,OR,ANM,WE,Federal Contract Tower,0,1,31,0,32,0,3,153,0,156,0,4,184,0,188,152,0,152,340
07/01/2017,UAO,OR,ANM,WE,Federal Contract Tower,0,1,39,0,40,0,9,67,0,76,0,10,106,0,116,28,0,28,144
07/02/2017,UAO,OR,ANM,WE,Federal Contract Tower,0,0,24,0,24,0,5,121,0,126,0,5,145,0,150,104,0,104,254
07/03/2017,UAO,OR,ANM,WE,Federal Contract Tower,0,0,31,0,31,0,3,90,0,93,0,3,121,0,124,114,0,114,238
07/04/2017,UAO,OR,ANM,WE,Federal Contract Tower,0,2,19,0,21,0,10,72,0,82,0,12,91,0,103,138,0,138,241
07/05/2017,UAO,OR,ANM,WE,Federal Contract Tower,0,3,21,0,24,0,4,98,0,102,0,7,119,0,126,90,0,90,216
07/06/2017,UAO,OR,ANM,WE,Federal Contract Tower,0,0,26,0,26,0,2,145,0,147,0,2,171,0,173,166,0,166,339
07/07/2017,UAO,OR,ANM,WE,Federal Contract Tower,0,6,54,0,60,0,3,106,0,109,0,9,160,0,169,104,0,104,273
07/08/2017,UAO,OR,ANM,WE,Federal Contract Tower,0,0,28,0,28,0,4,110,0,114,0,4,138,0,142,148,0,148,290
07/09/2017,UAO,OR,ANM,WE,Federal Contract Tower,0,6,21,0,27,0,0,97,0,97,0,6,118,0,124,92,0,92,216
07/10/2017,UAO,OR,ANM,WE,Federal Contract Tower,0,2,29,0,31,0,8,138,2,148,0,10,167,2,179,142,4,146,325
07/11/2017,UAO,OR,ANM,WE,Federal Contract Tower,0,7,17,0,24,0,2,95,0,97,0,9,112,0,121,146,2,148,269
07/12/2017,UAO,OR,ANM,WE,Federal Contract Tower,0,7,34,0,41,0,0,115,10,125,0,7,149,10,166,152,0,152,318
07/13/2017,UAO,OR,ANM,WE,Federal Contract Tower,0,2,34,2,38,0,6,78,2,86,0,8,112,4,124,78,2,80,204
07/14/2017,UAO,OR,ANM,WE,Federal Contract Tower,0,3,18,0,21,0,5,124,0,129,0,8,142,0,150,132,0,132,282
07/15/2017,UAO,OR,ANM,WE,Federal Contract Tower,0,1,28,0,29,0,5,107,0,112,0,6,135,0,141,96,0,96,237
07/16/2017,UAO,OR,ANM,WE,Federal Contract Tower,0,2,22,0,24,0,5,98,0,103,0,7,120,0,127,116,0,116,243
07/17/2017,UAO,OR,ANM,WE,Federal Contract Tower,0,0,19,0,19,0,3,88,0,91,0,3,107,0,110,112,0,112,222
07/18/2017,UAO,OR,ANM,WE,Federal Contract Tower,0,4,19,0,23,0,2,116,0,118,0,6,135,0,141,98,0,98,239
07/19/2017,UAO,OR,ANM,WE,Federal Contract Tower,0,3,28,0,31,0,6,145,3,154,0,9,173,3,185,154,4,158,343
07/20/2017,UAO,OR,ANM,WE,Federal Contract Tower,0,0,40,0,40,0,5,89,0,94,0,5,129,0,134,128,0,128,262
07/21/2017,UAO,OR,ANM,WE,Federal Contract Tower,0,7,30,0,37,0,8,150,0,158,0,15,180,0,195,132,0,132,327
07/22/2017,UAO,OR,ANM,WE,Federal Contract Tower,0,2,18,0,20,0,3,132,5,140,0,5,150,5,160,138,0,138,298
07/23/2017,UAO,OR,ANM,WE,Federal Contract Tower,0,4,26,0,30,0,1,77,0,78,0,5,103,0,108,66,0,66,174
07/24/2017,UAO,OR,ANM,WE,Federal Contract Tower,0,1,38,0,39,0,8,76,0,84,0,9,114,0,123,100,6,106,229
07/25/2017,UAO,OR,ANM,WE,Federal Contract Tower,0,1,34,0,35,0,8,80,0,88,0,9,114,0,123,148,4,152,275
07/26/2017,UAO,OR,ANM,WE,Federal Contract Tower,0,1,21,0,22,0,9,113,0,122,0,10,134,0,144,98,0,98,242
07/27/2017,UAO,OR,ANM,WE,Federal Contract Tower,0,0,35,0,35,0,5,102,0,107,0,5,137,0,142,102,0,102,244
07/28/2017,UAO,OR,ANM,WE,Federal Contract Tower,0,3,36,0,39,0,4,93,0,97,0,7,129,0,136,104,0,104,240
07/29/2017,UAO,OR,ANM,WE,Federal Contract Tower,0,1,25,0,26,0,4,111,0,115,0,5,136,0,141,108,0,108,249
07/30/2017,UAO,OR,ANM,WE,Federal Contract Tower,0,0,24,0,24,0,2,81,0,83,0,2,105,0,107,84,0,84,191
07/31/2017,UAO,OR,ANM,WE,Federal Contract Tower,0,1,23,0,24,0,3,82,0,85,0,4,105,0,109,82,0,82,191
08/01/2017,UAO,OR,ANM,WE,Federal Contract Tower,0,7,25,0,32,0,4,84,0,88,0,11,109,0,120,110,0,110,230
08/02/2017,UAO,OR,ANM,WE,Federal Contract Tower,0,1,17,0,18,0,0,80,2,82,0,1,97,2,100,38,0,38,138
08/03/2017,UAO,OR,ANM,WE,Federal Contract Tower,0,3,25,0,28,0,1,46,0,47,0,4,71,0,75,68,0,68,143
08/04/2017,UAO,OR,ANM,WE,Federal Contract Tower,0,1,34,0,35,0,3,71,0,74,0,4,105,0,109,74,0,74,183
08/05/2017,UAO,OR,ANM,WE,Federal Contract Tower,0,3,16,0,19,0,6,122,0,128,0,9,138,0,147,116,0,116,263
08/06/2017,UAO,OR,ANM,WE,Federal Contract Tower,0,0,26,0,26,0,2,75,0,77,0,2,101,0,103,38,0,38,141
08/07/2017,UAO,OR,ANM,WE,Federal Contract Tower,0,1,31,0,32,0,4,95,0,99,0,5,126,0,131,90,0,90,221
08/08/2017,UAO,OR,ANM,WE,Federal Contract Tower,0,3,32,0,35,0,3,87,0,90,0,6,119,0,125,120,0,120,245
08/09/2017,UAO,OR,ANM,WE,Federal Contract Tower,0,5,40,0,45,0,0,59,0,59,0,5,99,0,104,94,0,94,198
08/10/2017,UAO,OR,ANM,WE,Federal Contract Tower,0,3,33,0,36,0,3,91,0,94,0,6,124,0,130,146,0,146,276
08/11/2017,UAO,OR,ANM,WE,Federal Contract Tower,0,5,27,0,32,0,6,110,0,116,0,11,137,0,148,152,0,152,300
08/12/2017,UAO,OR,ANM,WE,Federal Contract Tower,0,2,30,0,32,0,1,80,0,81,0,3,110,0,113,86,0,86,199
08/13/2017,UAO,OR,ANM,WE,Federal Contract Tower,0,4,44,0,48,0,3,26,0,29,0,7,70,0,77,24,0,24,101
08/14/2017,UAO,OR,ANM,WE,Federal Contract Tower,0,6,30,0,36,0,8,115,0,123,0,14,145,0,159,114,0,114,273
08/15/2017,UAO,OR,ANM,WE,Federal Contract Tower,0,3,18,0,21,0,10,111,0,121,0,13,129,0,142,184,0,184,326
08/16/2017,UAO,OR,ANM,WE,Federal Contract Tower,0,5,19,0,24,0,13,172,0,185,0,18,191,0,209,156,0,156,365
08/17/2017,UAO,OR,ANM,WE,Federal Contract Tower,0,1,31,0,32,0,8,100,0,108,0,9,131,0,140,106,0,106,246
08/18/2017,UAO,OR,ANM,WE,Federal Contract Tower,0,4,19,0,23,0,3,153,0,156,0,7,172,0,179,128,0,128,307
08/19/2017,UAO,OR,ANM,WE,Federal Contract Tower,0,0,22,0,22,0,7,126,5,138,0,7,148,5,160,124,0,124,284
08/20/2017,UAO,OR,ANM,WE,Federal Contract Tower,0,4,20,0,24,0,3,99,0,102,0,7,119,0,126,48,0,48,174
08/21/2017,UAO,OR,ANM,WE,Federal Contract Tower,0,14,26,0,40,0,5,181,0,186,0,19,207,0,226,18,0,18,244
08/22/2017,UAO,OR,ANM,WE,Federal Contract Tower,0,1,37,0,38,0,9,119,0,128,0,10,156,0,166,112,0,112,278
08/23/2017,UAO,OR,ANM,WE,Federal Contract Tower,0,3,33,0,36,0,5,91,0,96,0,8,124,0,132,108,0,108,240
08/24/2017,UAO,OR,ANM,WE,Federal Contract Tower,0,0,21,0,21,0,4,93,0,97,0,4,114,0,118,80,0,80,198
08/25/2017,UAO,OR,ANM,WE,Federal Contract Tower,0,0,26,0,26,0,2,118,0,120,0,2,144,0,146,134,0,134,280
08/26/2017,UAO,OR,ANM,WE,Federal Contract Tower,0,0,12,0,12,0,5,151,0,156,0,5,163,0,168,118,0,118,286
08/27/2017,UAO,OR,ANM,WE,Federal Contract Tower,0,2,10,0,12,0,3,89,0,92,0,5,99,0,104,92,2,94,198
08/28/2017,UAO,OR,ANM,WE,Federal Contract Tower,0,1,23,0,24,0,3,107,1,111,0,4,130,1,135,78,6,84,219
08/29/2017,UAO,OR,ANM,WE,Federal Contract Tower,0,5,41,0,46,0,7,42,0,49,0,12,83,0,95,22,0,22,117
08/30/2017,UAO,OR,ANM,WE,Federal Contract Tower,0,2,20,0,22,0,5,70,0,75,0,7,90,0,97,130,0,130,227
08/31/2017,UAO,OR,ANM,WE,Federal Contract Tower,0,7,35,0,42,0,7,142,0,149,0,14,177,0,191,54,0,54,245
09/01/2017,UAO,OR,ANM,WE,Federal Contract Tower,0,0,30,0,30,0,3,147,0,150,0,3,177,0,180,102,0,102,282
09/02/2017,UAO,OR,ANM,WE,Federal Contract Tower,0,0,17,0,17,0,6,116,0,122,0,6,133,0,139,140,0,140,279
09/03/2017,UAO,OR,ANM,WE,Federal Contract Tower,0,0,32,0,32,0,2,81,0,83,0,2,113,0,115,76,0,76,191
09/04/2017,UAO,OR,ANM,WE,Federal Contract Tower,0,2,36,0,38,0,0,57,0,57,0,2,93,0,95,82,0,82,177
09/05/2017,UAO,OR,ANM,WE,Federal Contract Tower,0,8,43,0,51,0,1,15,0,16,0,9,58,0,67,6,0,6,73
09/06/2017,UAO,OR,ANM,WE,Federal Contract Tower,0,7,46,0,53,0,5,30,0,35,0,12,76,0,88,24,0,24,112
09/07/2017,UAO,OR,ANM,WE,Federal Contract Tower,0,4,25,0,29,0,3,58,0,61,0,7,83,0,90,54,0,54,144
09/08/2017,UAO,OR,ANM,WE,Federal Contract Tower,0,0,45,0,45,0,3,69,0,72,0,3,114,0,117,100,0,100,217
09/09/2017,UAO,OR,ANM,WE,Federal Contract Tower,0,0,19,2,21,0,4,80,16,100,0,4,99,18,121,180,10,190,311
09/10/2017,UAO,OR,ANM,WE,Federal Contract Tower,0,0,34,0,34,0,3,96,0,99,0,3,130,0,133,74,0,74,207
09/11/2017,UAO,OR,ANM,WE,Federal Contract Tower,0,5,36,0,41,0,3,121,0,124,0,8,157,0,165,110,0,110,275
09/12/2017,UAO,OR,ANM,WE,Federal Contract Tower,0,0,49,0,49,0,6,101,3,110,0,6,150,3,159,118,18,136,295
09/13/2017,UAO,OR,ANM,WE,Federal Contract Tower,0,3,22,0,25,0,0,104,0,104,0,3,126,0,129,132,0,132,261
09/14/2017,UAO,OR,ANM,WE,Federal Contract Tower,0,0,35,0,35,0,2,130,0,132,0,2,165,0,167,144,0,144,311
09/15/2017,UAO,OR,ANM,WE,Federal Contract Tower,0,3,37,0,40,0,2,131,0,133,0,5,168,0,173,128,0,128,301
09/16/2017,UAO,OR,ANM,WE,Federal Contract Tower,0,1,28,0,29,0,6,72,0,78,0,7,100,0,107,118,0,118,225
09/17/2017,UAO,OR,ANM,WE,Federal Contract Tower,0,8,45,0,53,0,0,22,0,22,0,8,67,0,75,26,0,26,101
09/18/2017,UAO,OR,ANM,WE,Federal Contract Tower,0,2,47,0,49,0,1,22,0,23,0,3,69,0,72,42,0,42,114
09/19/2017,UAO,OR,ANM,WE,Federal Contract Tower,0,2,34,0,36,0,10,26,0,36,0,12,60,0,72,66,0,66,138
09/20/2017,UAO,OR,ANM,WE,Federal Contract Tower,0,3,25,2,30,0,5,37,0,42,0,8,62,2,72,70,0,70,142
09/21/2017,UAO,OR,ANM,WE,Federal Contract Tower,0,2,31,2,35,0,4,63,0,67,0,6,94,2,102,64,0,64,166
09/22/2017,UAO,OR,ANM,WE,Federal Contract Tower,0,2,22,0,24,0,4,96,0,100,0,6,118,0,124,94,0,94,218
09/23/2017,UAO,OR,ANM,WE,Federal Contract Tower,0,1,12,0,13,0,7,119,5,131,0,8,131,5,144,104,0,104,248
09/24/2017,UAO,OR,ANM,WE,Federal Contract Tower,0,3,12,0,15,0,5,72,1,78,0,8,84,1,93,22,0,22,115
09/25/2017,UAO,OR,ANM,WE,Federal Contract Tower,0,1,28,1,30,0,3,59,1,63,0,4,87,2,93,102,0,102,195
09/26/2017,UAO,OR,ANM,WE,Federal Contract Tower,0,2,26,0,28,0,9,116,2,127,0,11,142,2,155,142,0,142,297
09/27/2017,UAO,OR,ANM,WE,Federal Contract Tower,0,3,27,0,30,0,2,133,0,135,0,5,160,0,165,118,0,118,283
09/28/2017,UAO,OR,ANM,WE,Federal Contract Tower,0,2,18,0,20,0,1,150,0,151,0,3,168,0,171,156,0,156,327
09/29/2017,UAO,OR,ANM,WE,Federal Contract Tower,0,5,47,0,52,0,11,28,0,39,0,16,75,0,91,30,0,30,121
09/30/2017,UAO,OR,ANM,WE,Federal Contract Tower,0,1,20,0,21,0,7,38,0,45,0,8,58,0,66,50,0,50,116
10/01/2017,UAO,OR,ANM,WE,Federal Contract Tower,0,0,24,0,24,0,6,35,0,41,0,6,59,0,65,32,0,32,97
10/02/2017,UAO,OR,ANM,WE,Federal Contract Tower,0,0,34,0,34,0,5,80,0,85,0,5,114,0,119,138,0,138,257
10/03/2017,UAO,OR,ANM,WE,Federal Contract Tower,0,5,31,0,36,0,10,94,0,104,0,15,125,0,140,70,0,70,210
10/04/2017,UAO,OR,ANM,WE,Federal Contract Tower,0,5,19,2,26,0,7,111,0,118,0,12,130,2,144,118,0,118,262
10/05/2017,UAO,OR,ANM,WE,Federal Contract Tower,0,2,29,0,31,0,10,99,0,109,0,12,128,0,140,76,0,76,216
10/06/2017,UAO,OR,ANM,WE,Federal Contract Tower,0,2,31,0,33,0,1,154,0,155,0,3,185,0,188,114,0,114,302
10/07/2017,UAO,OR,ANM,WE,Federal Contract Tower,0,0,23,0,23,0,4,45,0,49,0,4,68,0,72,78,0,78,150
10/08/2017,UAO,OR,ANM,WE,Federal Contract Tower,0,1,35,0,36,0,2,74,0,76,0,3,109,0,112,48,0,48,160
10/09/2017,UAO,OR,ANM,WE,Federal Contract Tower,0,3,20,0,23,0,4,103,0,107,0,7,123,0,130,70,0,70,200
10/10/2017,UAO,OR,ANM,WE,Federal Contract Tower,0,0,38,0,38,0,2,71,0,73,0,2,109,0,111,78,0,78,189
10/11/2017,UAO,OR,ANM,WE,Federal Contract Tower,0,2,29,0,31,0,2,11,0,13,0,4,40,0,44,18,0,18,62
10/12/2017,UAO,OR,ANM,WE,Federal Contract Tower,0,5,21,0,26,0,0,3,0,3,0,5,24,0,29,0,0,0,29
10/13/2017,UAO,OR,ANM,WE,Federal Contract Tower,0,0,27,0,27,0,0,82,0,82,0,0,109,0,109,78,0,78,187
10/14/2017,UAO,OR,ANM,WE,Federal Contract Tower,0,0,16,0,16,0,5,79,0,84,0,5,95,0,100,68,0,68,168
10/15/2017,UAO,OR,ANM,WE,Federal Contract Tower,0,1,28,0,29,0,2,100,1,103,0,3,128,1,132,70,0,70,202
10/17/2017,UAO,OR,ANM,WE,Federal Contract Tower,0,2,23,0,25,0,2,23,0,25,0,4,46,0,50,20,0,20,70
10/18/2017,UAO,OR,ANM,WE,Federal Contract Tower,0,2,33,0,35,0,1,45,0,46,0,3,78,0,81,72,0,72,153
10/19/2017,UAO,OR,ANM,WE,Federal Contract Tower,0,2,29,0,31,0,0,0,0,0,0,2,29,0,31,0,0,0,31
10/20/2017,UAO,OR,ANM,WE,Federal Contract Tower,0,0,22,0,22,0,0,31,0,31,0,0,53,0,53,28,0,28,81
10/21/2017,UAO,OR,ANM,WE,Federal Contract Tower,0,0,6,0,6,0,0,0,0,0,0,0,6,0,6,0,0,0,6
10/22/2017,UAO,OR,ANM,WE,Federal Contract Tower,0,2,43,0,45,0,2,24,0,26,0,4,67,0,71,28,0,28,99
10/23/2017,UAO,OR,ANM,WE,Federal Contract Tower,0,0,32,0,32,0,4,81,0,85,0,4,113,0,117,68,6,74,191
10/24/2017,UAO,OR,ANM,WE,Federal Contract Tower,0,1,18,0,19,0,11,111,0,122,0,12,129,0,141,126,0,126,267
10/25/2017,UAO,OR,ANM,WE,Federal Contract Tower,0,8,36,0,44,0,2,80,2,84,0,10,116,2,128,94,0,94,222
10/26/2017,UAO,OR,ANM,WE,Federal Contract Tower,0,0,29,0,29,0,2,83,0,85,0,2,112,0,114,92,0,92,206
10/27/2017,UAO,OR,ANM,WE,Federal Contract Tower,0,3,24,0,27,0,2,122,6,130,0,5,146,6,157,88,0,88,245
10/28/2017,UAO,OR,ANM,WE,Federal Contract Tower,0,0,16,0,16,0,6,133,0,139,0,6,149,0,155,96,0,96,251
10/29/2017,UAO,OR,ANM,WE,Federal Contract Tower,0,1,28,0,29,0,0,3,0,3,0,1,31,0,32,0,0,0,32
10/30/2017,UAO,OR,ANM,WE,Federal Contract Tower,0,1,10,0,11,0,3,90,0,93,0,4,100,0,104,64,0,64,168
10/31/2017,UAO,OR,ANM,WE,Federal Contract Tower,0,5,14,0,19,0,10,130,0,140,0,15,144,0,159,182,0,182,341
11/01/2017,UAO,OR,ANM,WE,Federal Contract Tower,0,5,34,0,39,0,8,38,2,48,0,13,72,2,87,74,10,84,171
11/02/2017,UAO,OR,ANM,WE,Federal Contract Tower,0,4,22,0,26,0,5,14,0,19,0,9,36,0,45,8,0,8,53
11/03/2017,UAO,OR,ANM,WE,Federal Contract Tower,0,7,30,0,37,0,0,45,0,45,0,7,75,0,82,100,0,100,182
11/04/2017,UAO,OR,ANM,WE,Federal Contract Tower,0,0,30,0,30,0,3,38,0,41,0,3,68,0,71,36,0,36,107
11/05/2017,UAO,OR,ANM,WE,Federal Contract Tower,0,3,17,0,20,0,3,20,0,23,0,6,37,0,43,34,0,34,77
11/06/2017,UAO,OR,ANM,WE,Federal Contract Tower,0,4,30,0,34,0,2,37,0,39,0,6,67,0,73,40,0,40,113
11/07/2017,UAO,OR,ANM,WE,Federal Contract Tower,0,3,28,0,31,0,2,88,0,90,0,5,116,0,121,110,0,110,231
11/08/2017,UAO,OR,ANM,WE,Federal Contract Tower,0,10,32,0,42,0,2,21,0,23,0,12,53,0,65,32,0,32,97
11/09/2017,UAO,OR,ANM,WE,Federal Contract Tower,0,4,24,0,28,0,0,20,0,20,0,4,44,0,48,38,0,38,86
11/10/2017,UAO,OR,ANM,WE,Federal Contract Tower,0,3,28,0,31,0,2,20,0,22,0,5,48,0,53,44,0,44,97
11/11/2017,UAO,OR,ANM,WE,Federal Contract Tower,0,0,15,0,15,0,3,82,0,85,0,3,97,0,100,188,0,188,288
11/12/2017,UAO,OR,ANM,WE,Federal Contract Tower,0,6,27,0,33,0,7,43,0,50,0,13,70,0,83,54,0,54,137
11/13/2017,UAO,OR,ANM,WE,Federal Contract Tower,0,5,7,0,12,0,1,7,0,8,0,6,14,0,20,2,0,2,22
11/14/2017,UAO,OR,ANM,WE,Federal Contract Tower,0,6,32,1,39,0,1,36,2,39,0,7,68,3,78,40,4,44,122
11/15/2017,UAO,OR,ANM,WE,Federal Contract Tower,0,3,22,2,27,0,0,2,0,2,0,3,24,2,29,0,0,0,29
11/16/2017,UAO,OR,ANM,WE,Federal Contract Tower,0,11,16,0,27,0,4,16,0,20,0,15,32,0,47,6,0,6,53
11/17/2017,UAO,OR,ANM,WE,Federal Contract Tower,0,7,41,0,48,0,6,42,0,48,0,13,83,0,96,30,0,30,126
11/18/2017,UAO,OR,ANM,WE,Federal Contract Tower,0,2,46,0,48,0,0,6,0,6,0,2,52,0,54,2,0,2,56
11/19/2017,UAO,OR,ANM,WE,Federal Contract Tower,0,3,42,0,45,0,0,32,0,32,0,3,74,0,77,34,0,34,111
11/20/2017,UAO,OR,ANM,WE,Federal Contract Tower,0,4,53,0,57,0,2,46,0,48,0,6,99,0,105,70,0,70,175
11/21/2017,UAO,OR,ANM,WE,Federal Contract Tower,0,6,31,0,37,0,2,6,0,8,0,8,37,0,45,0,0,0,45
11/22/2017,UAO,OR,ANM,WE,Federal Contract Tower,0,5,45,0,50,0,1,34,0,35,0,6,79,0,85,63,0,63,148
11/23/2017,UAO,OR,ANM,WE,Federal Contract Tower,0,7,18,0,25,0,1,5,0,6,0,8,23,0,31,4,0,4,35
11/24/2017,UAO,OR,ANM,WE,Federal Contract Tower,0,6,34,0,40,0,7,48,0,55,0,13,82,0,95,50,0,50,145
11/25/2017,UAO,OR,ANM,WE,Federal Contract Tower,0,2,40,0,42,0,3,48,0,51,0,5,88,0,93,48,0,48,141
11/26/2017,UAO,OR,ANM,WE,Federal Contract Tower,0,0,38,0,38,0,1,10,0,11,0,1,48,0,49,0,4,4,53
11/27/2017,UAO,OR,ANM,WE,Federal Contract Tower,0,1,22,0,23,0,3,19,0,22,0,4,41,0,45,6,0,6,51
11/28/2017,UAO,OR,ANM,WE,Federal Contract Tower,0,0,30,0,30,0,4,4,0,8,0,4,34,0,38,8,0,8,46
11/29/2017,UAO,OR,ANM,WE,Federal Contract Tower,0,2,49,0,51,0,9,109,0,118,0,11,158,0,169,124,0,124,293
11/30/2017,UAO,OR,ANM,WE,Federal Contract Tower,0,9,23,0,32,0,0,2,0,2,0,9,25,0,34,0,0,0,34
12/01/2017,UAO,OR,ANM,WE,Federal Contract Tower,0,1,32,0,33,0,0,16,0,16,0,1,48,0,49,24,0,24,73
12/02/2017,UAO,OR,ANM,WE,Federal Contract Tower,0,0,21,0,21,0,0,4,0,4,0,0,25,0,25,14,0,14,39
12/03/2017,UAO,OR,ANM,WE,Federal Contract Tower,0,4,33,0,37,0,3,15,0,18,0,7,48,0,55,52,0,52,107
12/04/2017,UAO,OR,ANM,WE,Federal Contract Tower,0,2,47,0,49,0,2,51,0,53,0,4,98,0,102,30,0,30,132
12/05/2017,UAO,OR,ANM,WE,Federal Contract Tower,0,1,30,0,31,0,3,103,0,106,0,4,133,0,137,116,0,116,253
12/06/2017,UAO,OR,ANM,WE,Federal Contract Tower,0,6,23,0,29,0,5,124,0,129,0,11,147,0,158,76,0,76,234
12/07/2017,UAO,OR,ANM,WE,Federal Contract Tower,0,2,13,0,15,0,1,100,0,101,0,3,113,0,116,138,0,138,254
12/08/2017,UAO,OR,ANM,WE,Federal Contract Tower,0,4,25,0,29,0,7,109,0,116,0,11,134,0,145,96,0,96,241
12/09/2017,UAO,OR,ANM,WE,Federal Contract Tower,0,3,20,0,23,0,4,115,0,119,0,7,135,0,142,118,0,118,260
12/10/2017,UAO,OR,ANM,WE,Federal Contract Tower,0,4,24,0,28,0,0,67,0,67,0,4,91,0,95,50,0,50,145
12/11/2017,UAO,OR,ANM,WE,Federal Contract Tower,0,6,31,0,37,0,3,81,0,84,0,9,112,0,121,126,0,126,247
12/12/2017,UAO,OR,ANM,WE,Federal Contract Tower,0,2,40,1,43,0,6,105,18,129,0,8,145,19,172,118,0,118,290
12/13/2017,UAO,OR,ANM,WE,Federal Contract Tower,0,1,32,0,33,0,3,102,0,105,0,4,134,0,138,108,0,108,246
12/14/2017,UAO,OR,ANM,WE,Federal Contract Tower,0,0,37,0,37,0,6,60,0,66,0,6,97,0,103,50,0,50,153
12/15/2017,UAO,OR,ANM,WE,Federal Contract Tower,0,3,32,0,35,0,3,26,0,29,0,6,58,0,64,78,0,78,142
12/16/2017,UAO,OR,ANM,WE,Federal Contract Tower,0,3,15,0,18,0,1,21,0,22,0,4,36,0,40,26,0,26,66
12/17/2017,UAO,OR,ANM,WE,Federal Contract Tower,0,2,30,0,32,0,0,53,0,53,0,2,83,0,85,44,0,44,129
12/18/2017,UAO,OR,ANM,WE,Federal Contract Tower,0,18,24,0,42,0,0,15,0,15,0,18,39,0,57,24,0,24,81
12/19/2017,UAO,OR,ANM,WE,Federal Contract Tower,0,4,18,0,22,0,4,2,0,6,0,8,20,0,28,0,0,0,28
12/20/2017,UAO,OR,ANM,WE,Federal Contract Tower,0,3,25,0,28,0,6,67,0,73,0,9,92,0,101,40,0,40,141
12/21/2017,UAO,OR,ANM,WE,Federal Contract Tower,0,0,14,0,14,0,0,0,0,0,0,0,14,0,14,0,0,0,14
12/22/2017,UAO,OR,ANM,WE,Federal Contract Tower,0,0,10,0,10,0,0,5,0,5,0,0,15,0,15,8,0,8,23
12/23/2017,UAO,OR,ANM,WE,Federal Contract Tower,0,6,10,0,16,0,3,41,0,44,0,9,51,0,60,80,0,80,140
12/24/2017,UAO,OR,ANM,WE,Federal Contract Tower,0,3,5,0,8,0,0,0,0,0,0,3,5,0,8,0,0,0,8
12/25/2017,UAO,OR,ANM,WE,Federal Contract Tower,0,3,3,0,6,0,0,0,0,0,0,3,3,0,6,0,0,0,6
12/26/2017,UAO,OR,ANM,WE,Federal Contract Tower,0,2,23,0,25,0,2,39,0,41,0,4,62,0,66,30,0,30,96
12/27/2017,UAO,OR,ANM,WE,Federal Contract Tower,0,3,21,0,24,0,0,0,0,0,0,3,21,0,24,0,0,0,24
12/28/2017,UAO,OR,ANM,WE,Federal Contract Tower,0,2,22,0,24,0,4,23,0,27,0,6,45,0,51,28,0,28,79
12/29/2017,UAO,OR,ANM,WE,Federal Contract Tower,0,2,14,0,16,0,1,5,0,6,0,3,19,0,22,10,0,10,32
12/30/2017,UAO,OR,ANM,WE,Federal Contract Tower,0,0,34,0,34,0,2,73,0,75,0,2,107,0,109,104,0,104,213
12/31/2017,UAO,OR,ANM,WE,Federal Contract Tower,0,0,10,0,10,0,7,74,0,81,0,7,84,0,91,78,0,78,169
01/01/2018,UAO,OR,ANM,WE,Federal Contract Tower,0,2,14,0,16,0,0,84,0,84,0,2,98,0,100,72,0,72,172
01/02/2018,UAO,OR,ANM,WE,Federal Contract Tower,0,1,30,0,31,0,6,32,0,38,0,7,62,0,69,32,0,32,101
01/03/2018,UAO,OR,ANM,WE,Federal Contract Tower,0,2,30,0,32,0,3,132,2,137,0,5,162,2,169,108,4,112,281
01/04/2018,UAO,OR,ANM,WE,Federal Contract Tower,0,3,22,0,25,0,2,48,0,50,0,5,70,0,75,0,22,22,97
01/05/2018,UAO,OR,ANM,WE,Federal Contract Tower,0,3,22,0,25,0,0,8,0,8,0,3,30,0,33,18,0,18,51
01/06/2018,UAO,OR,ANM,WE,Federal Contract Tower,0,6,18,0,24,0,5,57,0,62,0,11,75,0,86,90,0,90,176
01/07/2018,UAO,OR,ANM,WE,Federal Contract Tower,0,1,14,0,15,0,1,24,0,25,0,2,38,0,40,18,0,18,58
01/08/2018,UAO,OR,ANM,WE,Federal Contract Tower,0,3,23,0,26,0,2,5,0,7,0,5,28,0,33,10,0,10,43
01/09/2018,UAO,OR,ANM,WE,Federal Contract Tower,0,1,29,0,30,0,0,9,0,9,0,1,38,0,39,8,0,8,47
01/10/2018,UAO,OR,ANM,WE,Federal Contract Tower,0,8,36,0,44,0,4,19,0,23,0,12,55,0,67,32,0,32,99
01/11/2018,UAO,OR,ANM,WE,Federal Contract Tower,0,4,25,0,29,0,4,3,0,7,0,8,28,0,36,0,0,0,36
01/12/2018,UAO,OR,ANM,WE,Federal Contract Tower,0,4,36,0,40,0,3,55,0,58,0,7,91,0,98,68,0,68,166
01/13/2018,UAO,OR,ANM,WE,Federal Contract Tower,0,0,31,1,32,0,2,127,9,138,0,2,158,10,170,162,0,162,332
01/14/2018,UAO,OR,ANM,WE,Federal Contract Tower,0,5,20,0,25,0,2,105,0,107,0,7,125,0,132,104,0,104,236
01/15/2018,UAO,OR,ANM,WE,Federal Contract Tower,0,3,24,0,27,0,2,79,0,81,0,5,103,0,108,74,0,74,182
01/16/2018,UAO,OR,ANM,WE,Federal Contract Tower,0,2,33,0,35,0,2,78,0,80,0,4,111,0,115,66,0,66,181
01/17/2018,UAO,OR,ANM,WE,Federal Contract Tower,0,3,22,0,25,0,2,55,0,57,0,5,77,0,82,96,0,96,178
01/18/2018,UAO,OR,ANM,WE,Federal Contract Tower,0,6,19,0,25,0,0,24,0,24,0,6,43,0,49,18,0,18,67
01/19/2018,UAO,OR,ANM,WE,Federal Contract Tower,0,4,17,0,21,0,0,26,0,26,0,4,43,0,47,12,0,12,59
01/20/2018,UAO,OR,ANM,WE,Federal Contract Tower,0,2,19,0,21,0,2,37,0,39,0,4,56,0,60,82,0,82,142
01/21/2018,UAO,OR,ANM,WE,Federal Contract Tower,0,2,13,0,15,0,0,5,0,5,0,2,18,0,20,0,0,0,20
01/22/2018,UAO,OR,ANM,WE,Federal Contract Tower,0,1,41,0,42,0,3,27,0,30,0,4,68,0,72,82,0,82,154
01/23/2018,UAO,OR,ANM,WE,Federal Contract Tower,0,4,27,0,31,0,2,8,0,10,0,6,35,0,41,6,0,6,47
01/24/2018,UAO,OR,ANM,WE,Federal Contract Tower,0,6,16,0,22,0,0,9,0,9,0,6,25,0,31,4,6,10,41
01/25/2018,UAO,OR,ANM,WE,Federal Contract Tower,0,4,22,0,26,0,0,15,0,15,0,4,37,0,41,26,0,26,67
01/26/2018,UAO,OR,ANM,WE,Federal Contract Tower,0,1,49,0,50,0,1,47,0,48,0,2,96,0,98,100,0,100,198
01/27/2018,UAO,OR,ANM,WE,Federal Contract Tower,0,2,31,0,33,0,2,13,0,15,0,4,44,0,48,20,0,20,68
01/28/2018,UAO,OR,ANM,WE,Federal Contract Tower,0,2,43,0,45,0,0,81,0,81,0,2,124,0,126,118,0,118,244
01/29/2018,UAO,OR,ANM,WE,Federal Contract Tower,0,3,24,0,27,0,3,46,0,49,0,6,70,0,76,58,0,58,134
01/30/2018,UAO,OR,ANM,WE,Federal Contract Tower,0,5,23,0,28,0,2,48,0,50,0,7,71,0,78,62,0,62,140
01/31/2018,UAO,OR,ANM,WE,Federal Contract Tower,0,0,31,0,31,0,2,28,0,30,0,2,59,0,61,6,0,6,67
02/01/2018,UAO,OR,ANM,WE,Federal Contract Tower,0,3,50,0,53,0,5,55,0,60,0,8,105,0,113,54,0,54,167
02/02/2018,UAO,OR,ANM,WE,Federal Contract Tower,0,4,47,0,51,0,5,29,0,34,0,9,76,0,85,56,0,56,141
02/03/2018,UAO,OR,ANM,WE,Federal Contract Tower,0,4,51,0,55,0,1,38,0,39,0,5,89,0,94,24,0,24,118
02/04/2018,UAO,OR,ANM,WE,Federal Contract Tower,0,0,46,0,46,0,0,30,0,30,0,0,76,0,76,44,0,44,120
02/05/2018,UAO,OR,ANM,WE,Federal Contract Tower,0,4,67,0,71,0,3,36,0,39,0,7,103,0,110,22,0,22,132
02/06/2018,UAO,OR,ANM,WE,Federal Contract Tower,0,4,32,0,36,0,0,44,2,46,0,4,76,2,82,64,6,70,152
02/07/2018,UAO,OR,ANM,WE,Federal Contract Tower,0,4,42,0,46,0,0,65,0,65,0,4,107,0,111,68,0,68,179
02/08/2018,UAO,OR,ANM,WE,Federal Contract Tower,0,4,40,0,44,0,2,62,0,64,0,6,102,0,108,72,0,72,180
02/09/2018,UAO,OR,ANM,WE,Federal Contract Tower,0,0,44,0,44,0,3,97,0,100,0,3,141,0,144,102,0,102,246
02/10/2018,UAO,OR,ANM,WE,Federal Contract Tower,0,6,27,0,33,0,0,116,0,116,0,6,143,0,149,108,0,108,257
02/11/2018,UAO,OR,ANM,WE,Federal Contract Tower,0,0,33,0,33,0,0,26,0,26,0,0,59,0,59,42,0,42,101
02/12/2018,UAO,OR,ANM,WE,Federal Contract Tower,0,2,20,0,22,0,6,103,0,109,0,8,123,0,131,90,0,90,221
02/13/2018,UAO,OR,ANM,WE,Federal Contract Tower,0,3,25,0,28,0,3,105,0,108,0,6,130,0,136,138,0,138,274
02/14/2018,UAO,OR,ANM,WE,Federal Contract Tower,0,0,12,0,12,0,1,13,0,14,0,1,25,0,26,4,0,4,30
02/15/2018,UAO,OR,ANM,WE,Federal Contract Tower,0,4,36,0,40,0,3,56,0,59,0,7,92,0,99,104,2,106,205
02/16/2018,UAO,OR,ANM,WE,Federal Contract Tower,0,13,35,0,48,0,2,18,0,20,0,15,53,0,68,28,0,28,96
02/17/2018,UAO,OR,ANM,WE,Federal Contract Tower,0,5,7,0,12,0,0,3,0,3,0,5,10,0,15,4,0,4,19
02/18/2018,UAO,OR,ANM,WE,Federal Contract Tower,0,3,11,0,14,0,0,4,0,4,0,3,15,0,18,0,0,0,18
02/19/2018,UAO,OR,ANM,WE,Federal Contract Tower,0,2,27,0,29,0,3,75,0,78,0,5,102,0,107,100,0,100,207
02/20/2018,UAO,OR,ANM,WE,Federal Contract Tower,0,6,12,0,18,0,0,1,0,1,0,6,13,0,19,0,0,0,19
02/21/2018,UAO,OR,ANM,WE,Federal Contract Tower,0,0,17,0,17,0,8,54,0,62,0,8,71,0,79,50,0,50,129
02/22/2018,UAO,OR,ANM,WE,Federal Contract Tower,0,3,19,0,22,0,4,41,0,45,0,7,60,0,67,110,0,110,177
02/23/2018,UAO,OR,ANM,WE,Federal Contract Tower,0,5,19,0,24,0,0,58,0,58,0,5,77,0,82,86,0,86,168
02/24/2018,UAO,OR,ANM,WE,Federal Contract Tower,0,4,23,0,27,0,7,37,0,44,0,11,60,0,71,70,0,70,141
02/25/2018,UAO,OR,ANM,WE,Federal Contract Tower,0,2,15,0,17,0,2,1,0,3,0,4,16,0,20,0,0,0,20
02/26/2018,UAO,OR,ANM,WE,Federal Contract Tower,0,2,37,0,39,0,0,46,0,46,0,2,83,0,85,52,0,52,137
02/27/2018,UAO,OR,ANM,WE,Federal Contract Tower,0,10,8,0,18,0,6,44,0,50,0,16,52,0,68,82,0,82,150
02/28/2018,UAO,OR,ANM,WE,Federal Contract Tower,0,0,25,0,25,0,0,14,0,14,0,0,39,0,39,44,0,44,83
03/01/2018,UAO,OR,ANM,WE,Federal Contract Tower,0,4,30,0,34,0,4,30,0,34,0,8,60,0,68,76,0,76,144
03/02/2018,UAO,OR,ANM,WE,Federal Contract Tower,0,9,37,0,46,0,5,28,0,33,0,14,65,0,79,56,0,56,135
03/03/2018,UAO,OR,ANM,WE,Federal Contract Tower,0,2,30,0,32,0,4,100,0,104,0,6,130,0,136,66,0,66,202
03/04/2018,UAO,OR,ANM,WE,Federal Contract Tower,0,10,30,0,40,0,6,42,0,48,0,16,72,0,88,68,0,68,156
03/05/2018,UAO,OR,ANM,WE,Federal Contract Tower,0,4,23,0,27,0,7,74,0,81,0,11,97,0,108,28,0,28,136
03/06/2018,UAO,OR,ANM,WE,Federal Contract Tower,0,1,38,3,42,0,3,111,0,114,0,4,149,3,156,78,2,80,236
03/07/2018,UAO,OR,ANM,WE,Federal Contract Tower,0,6,47,0,53,0,1,115,0,116,0,7,162,0,169,114,0,114,283
03/08/2018,UAO,OR,ANM,WE,Federal Contract Tower,0,6,11,0,17,0,0,9,0,9,0,6,20,0,26,16,0,16,42
03/09/2018,UAO,OR,ANM,WE,Federal Contract Tower,0,8,37,0,45,0,0,77,0,77,0,8,114,0,122,96,0,96,218
03/10/2018,UAO,OR,ANM,WE,Federal Contract Tower,0,4,13,0,17,0,9,116,0,125,0,13,129,0,142,76,0,76,218
03/11/2018,UAO,OR,ANM,WE,Federal Contract Tower,0,3,20,0,23,0,2,106,0,108,0,5,126,0,131,148,0,148,279
03/12/2018,UAO,OR,ANM,WE,Federal Contract Tower,0,4,28,0,32,0,1,124,0,125,0,5,152,0,157,160,0,160,317
03/13/2018,UAO,OR,ANM,WE,Federal Contract Tower,0,2,28,0,30,0,0,13,2,15,0,2,41,2,45,10,2,12,57
03/14/2018,UAO,OR,ANM,WE,Federal Contract Tower,0,2,43,0,45,0,5,40,0,45,0,7,83,0,90,54,0,54,144
03/15/2018,UAO,OR,ANM,WE,Federal Contract Tower,0,2,29,0,31,0,5,48,0,53,0,7,77,0,84,94,0,94,178
03/16/2018,UAO,OR,ANM,WE,Federal Contract Tower,0,3,31,0,34,0,3,38,0,41,0,6,69,0,75,6,0,6,81
03/17/2018,UAO,OR,ANM,WE,Federal Contract Tower,0,1,11,1,13,0,2,14,3,19,0,3,25,4,32,72,0,72,104
03/18/2018,UAO,OR,ANM,WE,Federal Contract Tower,0,1,30,0,31,0,3,38,0,41,0,4,68,0,72,76,0,76,148
03/19/2018,UAO,OR,ANM,WE,Federal Contract Tower,0,1,22,0,23,0,8,79,0,87,0,9,101,0,110,48,0,48,158
03/20/2018,UAO,OR,ANM,WE,Federal Contract Tower,0,4,25,0,29,0,5,100,0,105,0,9,125,0,134,56,0,56,190
03/21/2018,UAO,OR,ANM,WE,Federal Contract Tower,0,0,44,0,44,0,3,32,0,35,0,3,76,0,79,34,0,34,113
03/22/2018,UAO,OR,ANM,WE,Federal Contract Tower,0,2,23,0,25,0,0,12,0,12,0,2,35,0,37,8,0,8,45
03/23/2018,UAO,OR,ANM,WE,Federal Contract Tower,0,1,19,0,20,0,6,11,0,17,0,7,30,0,37,20,0,20,57
03/24/2018,UAO,OR,ANM,WE,Federal Contract Tower,0,4,11,0,15,0,0,15,0,15,0,4,26,0,30,20,0,20,50
03/25/2018,UAO,OR,ANM,WE,Federal Contract Tower,0,2,38,0,40,0,1,34,0,35,0,3,72,0,75,16,0,16,91
03/26/2018,UAO,OR,ANM,WE,Federal Contract Tower,0,3,24,0,27,0,3,28,4,35,0,6,52,4,62,68,0,68,130
03/27/2018,UAO,OR,ANM,WE,Federal Contract Tower,0,1,47,0,48,0,12,55,0,67,0,13,102,0,115,60,0,60,175
03/28/2018,UAO,OR,ANM,WE,Federal Contract Tower,0,4,35,0,39,0,2,92,0,94,0,6,127,0,133,78,0,78,211
03/29/2018,UAO,OR,ANM,WE,Federal Contract Tower,0,2,23,0,25,0,4,125,0,129,0,6,148,0,154,130,0,130,284
03/30/2018,UAO,OR,ANM,WE,Federal Contract Tower,0,4,20,0,24,0,2,95,0,97,0,6,115,0,121,0,138,138,259
03/31/2018,UAO,OR,ANM,WE,Federal Contract Tower,0,1,25,0,26,0,9,77,0,86,0,10,102,0,112,60,0,60,172
04/01/2018,UAO,OR,ANM,WE,Federal Contract Tower,0,8,20,0,28,0,2,11,0,13,0,10,31,0,41,28,0,28,69
04/02/2018,UAO,OR,ANM,WE,Federal Contract Tower,0,2,33,0,35,0,3,68,0,71,0,5,101,0,106,82,0,82,188
04/03/2018,UAO,OR,ANM,WE,Federal Contract Tower,0,1,26,0,27,0,5,81,0,86,0,6,107,0,113,102,0,102,215
04/04/2018,UAO,OR,ANM,WE,Federal Contract Tower,0,3,32,0,35,0,0,75,0,75,0,3,107,0,110,96,0,96,206
04/05/2018,UAO,OR,ANM,WE,Federal Contract Tower,0,3,33,0,36,0,3,10,0,13,0,6,43,0,49,12,0,12,61
04/06/2018,UAO,OR,ANM,WE,Federal Contract Tower,0,2,40,0,42,0,0,35,0,35,0,2,75,0,77,76,0,76,153
04/07/2018,UAO,OR,ANM,WE,Federal Contract Tower,0,0,7,0,7,0,0,2,0,2,0,0,9,0,9,0,0,0,9
04/08/2018,UAO,OR,ANM,WE,Federal Contract Tower,0,0,15,0,15,0,2,4,0,6,0,2,19,0,21,0,0,0,21
04/09/2018,UAO,OR,ANM,WE,Federal Contract Tower,0,2,28,0,30,0,5,128,0,133,0,7,156,0,163,104,0,104,267
04/10/2018,UAO,OR,ANM,WE,Federal Contract Tower,0,3,36,0,39,0,4,38,0,42,0,7,74,0,81,34,0,34,115
04/11/2018,UAO,OR,ANM,WE,Federal Contract Tower,0,2,44,0,46,0,2,19,0,21,0,4,63,0,67,26,0,26,93
04/12/2018,UAO,OR,ANM,WE,Federal Contract Tower,0,3,22,0,25,0,2,9,0,11,0,5,31,0,36,0,0,0,36
04/13/2018,UAO,OR,ANM,WE,Federal Contract Tower,0,3,33,0,36,0,4,12,0,16,0,7,45,0,52,30,0,30,82
04/14/2018,UAO,OR,ANM,WE,Federal Contract Tower,0,2,48,0,50,0,2,43,0,45,0,4,91,0,95,42,0,42,137
04/15/2018,UAO,OR,ANM,WE,Federal Contract Tower,0,1,27,0,28,0,0,0,0,0,0,1,27,0,28,0,0,0,28
04/16/2018,UAO,OR,ANM,WE,Federal Contract Tower,0,3,9,0,12,0,0,8,0,8,0,3,17,0,20,2,0,2,22
04/17/2018,UAO,OR,ANM,WE,Federal Contract Tower,0,2,24,0,26,0,2,58,0,60,0,4,82,0,86,84,2,86,172
04/18/2018,UAO,OR,ANM,WE,Federal Contract Tower,0,1,42,0,43,0,2,97,0,99,0,3,139,0,142,112,0,112,254
04/19/2018,UAO,OR,ANM,WE,Federal Contract Tower,0,3,27,0,30,0,3,140,0,143,0,6,167,0,173,102,0,102,275
04/20/2018,UAO,OR,ANM,WE,Federal Contract Tower,0,7,42,0,49,0,5,162,0,167,0,12,204,0,216,210,0,210,426
04/21/2018,UAO,OR,ANM,WE,Federal Contract Tower,0,0,10,1,11,0,8,121,7,136,0,8,131,8,147,114,0,114,261
04/22/2018,UAO,OR,ANM,WE,Federal Contract Tower,0,0,17,0,17,0,4,109,0,113,0,4,126,0,130,89,0,89,219
04/23/2018,UAO,OR,ANM,WE,Federal Contract Tower,0,1,17,0,18,0,6,78,0,84,0,7,95,0,102,44,0,44,146
04/24/2018,UAO,OR,ANM,WE,Federal Contract Tower,0,1,36,0,37,0,1,126,1,128,0,2,162,1,165,100,0,100,265
04/25/2018,UAO,OR,ANM,WE,Federal Contract Tower,0,1,45,0,46,0,2,136,0,138,0,3,181,0,184,104,0,104,288
04/26/2018,UAO,OR,ANM,WE,Federal Contract Tower,0,0,49,0,49,0,6,125,0,131,0,6,174,0,180,172,0,172,352
04/27/2018,UAO,OR,ANM,WE,Federal Contract Tower,0,2,45,0,47,0,2,14,0,16,0,4,59,0,63,60,0,60,123
04/28/2018,UAO,OR,ANM,WE,Federal Contract Tower,0,2,46,0,48,0,0,26,0,26,0,2,72,0,74,60,0,60,134
04/29/2018,UAO,OR,ANM,WE,Federal Contract Tower,0,1,26,0,27,0,0,23,0,23,0,1,49,0,50,20,0,20,70
04/30/2018,UAO,OR,ANM,WE,Federal Contract Tower,0,0,31,0,31,0,3,74,0,77,0,3,105,0,108,68,0,68,176
05/01/2018,UAO,OR,ANM,WE,Federal Contract Tower,0,0,35,0,35,0,2,65,0,67,0,2,100,0,102,33,0,33,135
05/02/2018,UAO,OR,ANM,WE,Federal Contract Tower,0,1,40,0,41,0,4,160,0,164,0,5,200,0,205,94,0,94,299
05/03/2018,UAO,OR,ANM,WE,Federal Contract Tower,0,0,31,0,31,0,3,99,0,102,0,3,130,0,133,118,0,118,251
05/04/2018,UAO,OR,ANM,WE,Federal Contract Tower,0,4,50,0,54,0,1,95,0,96,0,5,145,0,150,70,0,70,220
05/05/2018,UAO,OR,ANM,WE,Federal Contract Tower,0,2,8,0,10,0,4,118,0,122,0,6,126,0,132,76,0,76,208
05/06/2018,UAO,OR,ANM,WE,Federal Contract Tower,0,0,40,0,40,0,6,40,0,46,0,6,80,0,86,63,4,67,153
05/07/2018,UAO,OR,ANM,WE,Federal Contract Tower,0,5,24,0,29,0,0,81,0,81,0,5,105,0,110,122,0,122,232
05/08/2018,UAO,OR,ANM,WE,Federal Contract Tower,0,2,11,0,13,0,3,68,0,71,0,5,79,0,84,106,0,106,190
05/09/2018,UAO,OR,ANM,WE,Federal Contract Tower,0,0,54,0,54,0,4,67,0,71,0,4,121,0,125,64,0,64,189
05/10/2018,UAO,OR,ANM,WE,Federal Contract Tower,0,0,60,0,60,0,4,38,0,42,0,4,98,0,102,48,0,48,150
05/11/2018,UAO,OR,ANM,WE,Federal Contract Tower,0,1,43,0,44,0,7,78,0,85,0,8,121,0,129,96,0,96,225
05/12/2018,UAO,OR,ANM,WE,Federal Contract Tower,0,2,27,0,29,0,3,104,0,107,0,5,131,0,136,72,0,72,208
05/13/2018,UAO,OR,ANM,WE,Federal Contract Tower,0,2,11,0,13,0,6,76,0,82,0,8,87,0,95,40,0,40,135
05/14/2018,UAO,OR,ANM,WE,Federal Contract Tower,0,3,34,0,37,0,7,105,5,117,0,10,139,5,154,110,0,110,264
05/15/2018,UAO,OR,ANM,WE,Federal Contract Tower,0,0,42,0,42,0,1,64,0,65,0,1,106,0,107,48,0,48,155
05/16/2018,UAO,OR,ANM,WE,Federal Contract Tower,0,4,33,0,37,0,4,66,0,70,0,8,99,0,107,90,0,90,197
05/17/2018,UAO,OR,ANM,WE,Federal Contract Tower,0,4,43,0,47,0,2,42,0,44,0,6,85,0,91,110,0,110,201
05/18/2018,UAO,OR,ANM,WE,Federal Contract Tower,0,4,31,0,35,0,5,68,0,73,0,9,99,0,108,66,2,68,176
05/19/2018,UAO,OR,ANM,WE,Federal Contract Tower,0,1,44,3,48,0,0,45,8,53,0,1,89,11,101,66,0,66,167
05/20/2018,UAO,OR,ANM,WE,Federal Contract Tower,0,0,43,0,43,0,2,55,0,57,0,2,98,0,100,82,0,82,182
05/21/2018,UAO,OR,ANM,WE,Federal Contract Tower,0,1,40,0,41,0,3,86,0,89,0,4,126,0,130,45,0,45,175
05/22/2018,UAO,OR,ANM,WE,Federal Contract Tower,0,5,21,0,26,0,3,122,0,125,0,8,143,0,151,75,0,75,226
05/23/2018,UAO,OR,ANM,WE,Federal Contract Tower,0,4,27,0,31,0,5,120,2,127,0,9,147,2,158,56,2,58,216
05/24/2018,UAO,OR,ANM,WE,Federal Contract Tower,0,1,38,0,39,0,3,85,0,88,0,4,123,0,127,116,0,116,243
05/25/2018,UAO,OR,ANM,WE,Federal Contract Tower,0,1,34,0,35,0,6,88,0,94,0,7,122,0,129,92,0,92,221
05/26/2018,UAO,OR,ANM,WE,Federal Contract Tower,0,0,37,0,37,0,4,92,0,96,0,4,129,0,133,118,0,118,251
05/27/2018,UAO,OR,ANM,WE,Federal Contract Tower,0,2,8,0,10,0,6,64,0,70,0,8,72,0,80,89,0,89,169
05/28/2018,UAO,OR,ANM,WE,Federal Contract Tower,0,0,19,0,19,0,4,87,0,91,0,4,106,0,110,54,0,54,164
05/29/2018,UAO,OR,ANM,WE,Federal Contract Tower,0,2,28,0,30,0,4,92,0,96,0,6,120,0,126,85,0,85,211
05/30/2018,UAO,OR,ANM,WE,Federal Contract Tower,0,2,33,2,37,0,3,88,0,91,0,5,121,2,128,110,2,112,240
05/31/2018,UAO,OR,ANM,WE,Federal Contract Tower,0,4,31,0,35,0,5,59,0,64,0,9,90,0,99,70,0,70,169
06/01/2018,UAO,OR,ANM,WE,Federal Contract Tower,0,4,37,0,41,0,6,128,0,134,0,10,165,0,175,180,0,180,355
06/02/2018,UAO,OR,ANM,WE,Federal Contract Tower,0,2,16,0,18,0,2,103,0,105,0,4,119,0,123,114,0,114,237
06/03/2018,UAO,OR,ANM,WE,Federal Contract Tower,0,1,24,0,25,0,4,47,2,53,0,5,71,2,78,68,0,68,146
06/04/2018,UAO,OR,ANM,WE,Federal Contract Tower,0,6,20,0,26,0,6,72,0,78,0,12,92,0,104,109,0,109,213
06/05/2018,UAO,OR,ANM,WE,Federal Contract Tower,0,0,25,0,25,0,2,95,0,97,0,2,120,0,122,106,0,106,228
06/06/2018,UAO,OR,ANM,WE,Federal Contract Tower,0,0,26,0,26,0,0,105,0,105,0,0,131,0,131,141,0,141,272
06/07/2018,UAO,OR,ANM,WE,Federal Contract Tower,0,1,55,0,56,0,3,77,0,80,0,4,132,0,136,118,0,118,254
06/08/2018,UAO,OR,ANM,WE,Federal Contract Tower,0,4,49,0,53,0,1,64,0,65,0,5,113,0,118,38,0,38,156
06/09/2018,UAO,OR,ANM,WE,Federal Contract Tower,0,0,25,0,25,0,2,17,0,19,0,2,42,0,44,50,0,50,94
06/10/2018,UAO,OR,ANM,WE,Federal Contract Tower,0,8,23,0,31,0,3,12,0,15,0,11,35,0,46,0,0,0,46
06/11/2018,UAO,OR,ANM,WE,Federal Contract Tower,0,0,27,0,27,0,5,97,0,102,0,5,124,0,129,23,0,23,152
06/12/2018,UAO,OR,ANM,WE,Federal Contract Tower,0,0,34,0,34,0,4,95,0,99,0,4,129,0,133,133,0,133,266
06/13/2018,UAO,OR,ANM,WE,Federal Contract Tower,0,1,61,0,62,0,4,66,0,70,0,5,127,0,132,110,0,110,242
06/14/2018,UAO,OR,ANM,WE,Federal Contract Tower,0,0,62,0,62,0,6,103,0,109,0,6,165,0,171,134,0,134,305
06/15/2018,UAO,OR,ANM,WE,Federal Contract Tower,0,2,32,0,34,0,5,149,0,154,0,7,181,0,188,56,0,56,244
06/16/2018,UAO,OR,ANM,WE,Federal Contract Tower,0,0,16,3,19,0,3,98,4,105,0,3,114,7,124,50,0,50,174
06/17/2018,UAO,OR,ANM,WE,Federal Contract Tower,0,1,12,0,13,0,2,123,0,125,0,3,135,0,138,34,0,34,172
06/18/2018,UAO,OR,ANM,WE,Federal Contract Tower,0,2,40,0,42,0,2,111,0,113,0,4,151,0,155,92,0,92,247
06/19/2018,UAO,OR,ANM,WE,Federal Contract Tower,0,2,25,0,27,0,3,99,0,102,0,5,124,0,129,66,0,66,195
06/20/2018,UAO,OR,ANM,WE,Federal Contract Tower,0,2,50,0,52,0,4,101,0,105,0,6,151,0,157,90,0,90,247
06/21/2018,UAO,OR,ANM,WE,Federal Contract Tower,0,2,53,0,55,0,11,85,0,96,0,13,138,0,151,76,0,76,227
06/22/2018,UAO,OR,ANM,WE,Federal Contract Tower,0,2,51,0,53,0,4,85,0,89,0,6,136,0,142,92,0,92,234
06/23/2018,UAO,OR,ANM,WE,Federal Contract Tower,0,2,36,0,38,0,1,127,0,128,0,3,163,0,166,84,0,84,250
06/24/2018,UAO,OR,ANM,WE,Federal Contract Tower,0,2,16,0,18,0,19,83,0,102,0,21,99,0,120,64,0,64,184
06/25/2018,UAO,OR,ANM,WE,Federal Contract Tower,0,2,51,0,53,0,0,57,0,57,0,2,108,0,110,50,0,50,160
06/26/2018,UAO,OR,ANM,WE,Federal Contract Tower,0,0,27,0,27,0,4,91,0,95,0,4,118,0,122,106,0,106,228
06/27/2018,UAO,OR,ANM,WE,Federal Contract Tower,0,0,22,0,22,0,11,119,0,130,0,11,141,0,152,94,0,94,246
06/28/2018,UAO,OR,ANM,WE,Federal Contract Tower,0,1,28,0,29,0,6,103,0,109,0,7,131,0,138,110,0,110,248
06/29/2018,UAO,OR,ANM,WE,Federal Contract Tower,0,2,34,0,36,0,4,129,0,133,0,6,163,0,169,108,0,108,277
06/30/2018,UAO,OR,ANM,WE,Federal Contract Tower,0,0,25,0,25,0,3,88,0,91,0,3,113,0,116,148,0,148,264
07/01/2018,UAO,OR,ANM,WE,Federal Contract Tower,0,0,19,4,23,0,3,71,2,76,0,3,90,6,99,62,0,62,161
07/02/2018,UAO,OR,ANM,WE,Federal Contract Tower,0,1,36,0,37,0,8,70,0,78,0,9,106,0,115,76,0,76,191
07/03/2018,UAO,OR,ANM,WE,Federal Contract Tower,0,2,23,0,25,0,6,111,0,117,0,8,134,0,142,66,0,66,208
07/04/2018,UAO,OR,ANM,WE,Federal Contract Tower,0,1,17,0,18,0,3,57,0,60,0,4,74,0,78,106,0,106,184
07/05/2018,UAO,OR,ANM,WE,Federal Contract Tower,0,0,26,0,26,0,1,88,0,89,0,1,114,0,115,36,0,36,151
07/06/2018,UAO,OR,ANM,WE,Federal Contract Tower,0,0,33,0,33,0,2,89,0,91,0,2,122,0,124,128,0,128,252
07/07/2018,UAO,OR,ANM,WE,Federal Contract Tower,0,0,17,0,17,0,5,111,0,116,0,5,128,0,133,86,0,86,219
07/08/2018,UAO,OR,ANM,WE,Federal Contract Tower,0,1,29,0,30,0,0,102,0,102,0,1,131,0,132,112,0,112,244
07/09/2018,UAO,OR,ANM,WE,Federal Contract Tower,0,1,54,0,55,0,4,54,0,58,0,5,108,0,113,74,0,74,187
07/10/2018,UAO,OR,ANM,WE,Federal Contract Tower,0,4,30,0,34,0,0,74,0,74,0,4,104,0,108,78,0,78,186
07/11/2018,UAO,OR,ANM,WE,Federal Contract Tower,0,2,13,0,15,0,2,129,1,132,0,4,142,1,147,70,0,70,217
07/12/2018,UAO,OR,ANM,WE,Federal Contract Tower,0,5,28,0,33,0,4,97,0,101,0,9,125,0,134,100,0,100,234
07/13/2018,UAO,OR,ANM,WE,Federal Contract Tower,0,0,31,0,31,0,0,107,0,107,0,0,138,0,138,56,0,56,194
07/14/2018,UAO,OR,ANM,WE,Federal Contract Tower,0,0,16,0,16,0,0,3,118,121,0,0,19,118,137,44,0,44,181
07/15/2018,UAO,OR,ANM,WE,Federal Contract Tower,0,1,16,0,17,0,6,97,0,103,0,7,113,0,120,72,0,72,192
07/16/2018,UAO,OR,ANM,WE,Federal Contract Tower,0,2,32,0,34,0,7,83,4,94,0,9,115,4,128,40,0,40,168
07/17/2018,UAO,OR,ANM,WE,Federal Contract Tower,0,3,35,0,38,0,4,114,0,118,0,7,149,0,156,89,0,89,245
07/18/2018,UAO,OR,ANM,WE,Federal Contract Tower,0,5,24,0,29,0,7,117,0,124,0,12,141,0,153,120,0,120,273
07/19/2018,UAO,OR,ANM,WE,Federal Contract Tower,0,1,21,0,22,0,0,92,0,92,0,1,113,0,114,111,0,111,225
07/20/2018,UAO,OR,ANM,WE,Federal Contract Tower,0,1,31,0,32,0,10,113,0,123,0,11,144,0,155,129,0,129,284
07/21/2018,UAO,OR,ANM,WE,Federal Contract Tower,0,1,13,0,14,0,6,136,0,142,0,7,149,0,156,72,0,72,228
07/22/2018,UAO,OR,ANM,WE,Federal Contract Tower,0,0,16,0,16,0,3,99,0,102,0,3,115,0,118,100,0,100,218
07/23/2018,UAO,OR,ANM,WE,Federal Contract Tower,0,1,21,0,22,0,7,99,0,106,0,8,120,0,128,128,0,128,256
07/24/2018,UAO,OR,ANM,WE,Federal Contract Tower,0,0,13,0,13,0,1,68,0,69,0,1,81,0,82,91,0,91,173
07/25/2018,UAO,OR,ANM,WE,Federal Contract Tower,0,4,28,0,32,0,5,132,0,137,0,9,160,0,169,112,0,112,281
07/26/2018,UAO,OR,ANM,WE,Federal Contract Tower,0,0,21,0,21,0,2,90,2,94,0,2,111,2,115,110,5,115,230
07/27/2018,UAO,OR,ANM,WE,Federal Contract Tower,0,0,20,0,20,0,4,146,0,150,0,4,166,0,170,114,0,114,284
07/28/2018,UAO,OR,ANM,WE,Federal Contract Tower,0,0,16,0,16,0,13,103,0,116,0,13,119,0,132,108,0,108,240
07/29/2018,UAO,OR,ANM,WE,Federal Contract Tower,0,1,16,0,17,0,2,90,0,92,0,3,106,0,109,124,0,124,233
07/30/2018,UAO,OR,ANM,WE,Federal Contract Tower,0,0,23,0,23,0,7,88,0,95,0,7,111,0,118,114,0,114,232
07/31/2018,UAO,OR,ANM,WE,Federal Contract Tower,0,0,11,0,11,0,6,101,0,107,0,6,112,0,118,132,0,132,250
08/01/2018,UAO,OR,ANM,WE,Federal Contract Tower,0,3,22,0,25,0,2,96,1,99,0,5,118,1,124,137,0,137,261
08/02/2018,UAO,OR,ANM,WE,Federal Contract Tower,0,4,58,0,62,0,1,94,0,95,0,5,152,0,157,209,0,209,366
08/03/2018,UAO,OR,ANM,WE,Federal Contract Tower,0,1,32,0,33,0,6,63,0,69,0,7,95,0,102,107,0,107,209
08/04/2018,UAO,OR,ANM,WE,Federal Contract Tower,0,0,9,0,9,0,2,107,0,109,0,2,116,0,118,92,0,92,210
08/05/2018,UAO,OR,ANM,WE,Federal Contract Tower,0,2,11,0,13,0,1,97,0,98,0,3,108,0,111,70,4,74,185
08/06/2018,UAO,OR,ANM,WE,Federal Contract Tower,0,0,19,0,19,0,9,108,0,117,0,9,127,0,136,82,0,82,218
08/07/2018,UAO,OR,ANM,WE,Federal Contract Tower,0,0,7,0,7,0,3,125,0,128,0,3,132,0,135,128,0,128,263
08/08/2018,UAO,OR,ANM,WE,Federal Contract Tower,0,5,22,0,27,0,8,113,0,121,0,13,135,0,148,130,0,130,278
08/09/2018,UAO,OR,ANM,WE,Federal Contract Tower,0,2,23,0,25,0,5,133,0,138,0,7,156,0,163,145,0,145,308
08/10/2018,UAO,OR,ANM,WE,Federal Contract Tower,0,0,12,0,12,0,10,119,0,129,0,10,131,0,141,94,0,94,235
08/11/2018,UAO,OR,ANM,WE,Federal Contract Tower,0,0,28,0,28,0,5,61,0,66,0,5,89,0,94,26,0,26,120
08/12/2018,UAO,OR,ANM,WE,Federal Contract Tower,0,1,18,0,19,0,6,92,0,98,0,7,110,0,117,73,0,73,190
08/13/2018,UAO,OR,ANM,WE,Federal Contract Tower,0,0,14,0,14,0,2,94,0,96,0,2,108,0,110,88,0,88,198
08/14/2018,UAO,OR,ANM,WE,Federal Contract Tower,0,4,35,0,39,0,7,46,0,53,0,11,81,0,92,50,0,50,142
08/15/2018,UAO,OR,ANM,WE,Federal Contract Tower,0,4,39,0,43,0,2,72,0,74,0,6,111,0,117,58,0,58,175
08/16/2018,UAO,OR,ANM,WE,Federal Contract Tower,0,3,49,0,52,0,1,76,0,77,0,4,125,0,129,65,0,65,194
08/17/2018,UAO,OR,ANM,WE,Federal Contract Tower,0,0,7,0,7,0,18,95,0,113,0,18,102,0,120,117,0,117,237
08/18/2018,UAO,OR,ANM,WE,Federal Contract Tower,0,0,17,0,17,0,6,120,4,130,0,6,137,4,147,104,0,104,251
08/19/2018,UAO,OR,ANM,WE,Federal Contract Tower,0,2,21,0,23,0,0,76,0,76,0,2,97,0,99,40,0,40,139
08/20/2018,UAO,OR,ANM,WE,Federal Contract Tower,0,7,30,0,37,0,8,48,0,56,0,15,78,0,93,82,0,82,175
08/21/2018,UAO,OR,ANM,WE,Federal Contract Tower,0,2,30,0,32,0,3,38,0,41,0,5,68,0,73,52,0,52,125
08/22/2018,UAO,OR,ANM,WE,Federal Contract Tower,0,3,27,0,30,0,3,43,0,46,0,6,70,0,76,130,0,130,206
08/23/2018,UAO,OR,ANM,WE,Federal Contract Tower,0,3,42,0,45,0,1,21,0,22,0,4,63,0,67,93,0,93,160
08/24/2018,UAO,OR,ANM,WE,Federal Contract Tower,0,3,30,0,33,0,5,111,0,116,0,8,141,0,149,105,0,105,254
08/25/2018,UAO,OR,ANM,WE,Federal Contract Tower,0,1,23,0,24,0,6,124,0,130,0,7,147,0,154,162,0,162,316
08/26/2018,UAO,OR,ANM,WE,Federal Contract Tower,0,3,33,0,36,0,2,63,0,65,0,5,96,0,101,122,0,122,223
08/27/2018,UAO,OR,ANM,WE,Federal Contract Tower,0,5,24,0,29,0,6,88,0,94,0,11,112,0,123,64,0,64,187
08/28/2018,UAO,OR,ANM,WE,Federal Contract Tower,0,7,9,0,16,0,16,135,6,157,0,23,144,6,173,94,0,94,267
08/29/2018,UAO,OR,ANM,WE,Federal Contract Tower,0,2,25,0,27,0,3,120,0,123,0,5,145,0,150,109,8,117,267
08/30/2018,UAO,OR,ANM,WE,Federal Contract Tower,0,2,40,0,42,0,1,79,0,80,0,3,119,0,122,85,0,85,207
08/31/2018,UAO,OR,ANM,WE,Federal Contract Tower,0,0,46,0,46,0,3,99,0,102,0,3,145,0,148,91,0,91,239
09/01/2018,UAO,OR,ANM,WE,Federal Contract Tower,0,1,14,0,15,0,15,120,0,135,0,16,134,0,150,118,0,118,268
09/02/2018,UAO,OR,ANM,WE,Federal Contract Tower,0,2,11,0,13,0,6,82,0,88,0,8,93,0,101,38,0,38,139
09/03/2018,UAO,OR,ANM,WE,Federal Contract Tower,0,0,21,0,21,0,8,98,0,106,0,8,119,0,127,158,0,158,285
09/04/2018,UAO,OR,ANM,WE,Federal Contract Tower,0,0,14,0,14,0,12,117,0,129,0,12,131,0,143,82,0,82,225
09/05/2018,UAO,OR,ANM,WE,Federal Contract Tower,0,2,20,0,22,0,2,116,0,118,0,4,136,0,140,80,0,80,220
09/06/2018,UAO,OR,ANM,WE,Federal Contract Tower,0,1,28,1,30,0,8,99,2,109,0,9,127,3,139,114,4,118,257
09/07/2018,UAO,OR,ANM,WE,Federal Contract Tower,0,1,13,0,14,0,5,91,12,108,0,6,104,12,122,124,2,126,248
09/08/2018,UAO,OR,ANM,WE,Federal Contract Tower,0,2,22,3,27,0,8,68,5,81,0,10,90,8,108,80,0,80,188
09/09/2018,UAO,OR,ANM,WE,Federal Contract Tower,0,5,15,0,20,0,4,86,0,90,0,9,101,0,110,66,0,66,176
09/10/2018,UAO,OR,ANM,WE,Federal Contract Tower,0,2,41,0,43,0,1,47,0,48,0,3,88,0,91,96,0,96,187
09/11/2018,UAO,OR,ANM,WE,Federal Contract Tower,0,2,31,0,33,0,1,35,0,36,0,3,66,0,69,32,0,32,101
09/12/2018,UAO,OR,ANM,WE,Federal Contract Tower,0,4,34,0,38,0,5,28,0,33,0,9,62,0,71,88,0,88,159
09/13/2018,UAO,OR,ANM,WE,Federal Contract Tower,0,2,42,0,44,0,0,63,0,63,0,2,105,0,107,146,0,146,253
09/14/2018,UAO,OR,ANM,WE,Federal Contract Tower,0,3,31,0,34,0,3,86,0,89,0,6,117,0,123,128,0,128,251
09/15/2018,UAO,OR,ANM,WE,Federal Contract Tower,0,3,20,0,23,0,4,71,0,75,0,7,91,0,98,147,0,147,245
09/16/2018,UAO,OR,ANM,WE,Federal Contract Tower,0,2,25,0,27,0,1,29,0,30,0,3,54,0,57,65,0,65,122
09/17/2018,UAO,OR,ANM,WE,Federal Contract Tower,0,3,33,0,36,0,2,85,0,87,0,5,118,0,123,92,0,92,215
09/18/2018,UAO,OR,ANM,WE,Federal Contract Tower,0,0,15,0,15,0,5,166,0,171,0,5,181,0,186,114,0,114,300
09/19/2018,UAO,OR,ANM,WE,Federal Contract Tower,0,0,21,0,21,0,2,126,0,128,0,2,147,0,149,172,0,172,321
09/20/2018,UAO,OR,ANM,WE,Federal Contract Tower,0,0,19,0,19,0,6,90,0,96,0,6,109,0,115,188,0,188,303
09/21/2018,UAO,OR,ANM,WE,Federal Contract Tower,0,0,11,0,11,0,6,132,0,138,0,6,143,0,149,201,0,201,350
09/22/2018,UAO,OR,ANM,WE,Federal Contract Tower,0,2,22,0,24,0,3,39,0,42,0,5,61,0,66,6,0,6,72
09/23/2018,UAO,OR,ANM,WE,Federal Contract Tower,0,1,28,0,29,0,3,87,0,90,0,4,115,0,119,99,0,99,218
09/24/2018,UAO,OR,ANM,WE,Federal Contract Tower,0,0,18,0,18,0,2,100,0,102,0,2,118,0,120,150,0,150,270
09/25/2018,UAO,OR,ANM,WE,Federal Contract Tower,0,2,21,0,23,0,0,130,0,130,0,2,151,0,153,95,0,95,248
09/26/2018,UAO,OR,ANM,WE,Federal Contract Tower,0,2,21,0,23,0,3,131,3,137,0,5,152,3,160,119,0,119,279
09/27/2018,UAO,OR,ANM,WE,Federal Contract Tower,0,2,23,0,25,0,5,148,0,153,0,7,171,0,178,133,0,133,311
09/28/2018,UAO,OR,ANM,WE,Federal Contract Tower,0,2,20,0,22,0,4,162,0,166,0,6,182,0,188,95,0,95,283
09/29/2018,UAO,OR,ANM,WE,Federal Contract Tower,0,4,35,0,39,0,5,74,0,79,0,9,109,0,118,94,0,94,212
09/30/2018,UAO,OR,ANM,WE,Federal Contract Tower,0,0,20,0,20,0,0,42,0,42,0,0,62,0,62,34,0,34,96
10/01/2018,UAO,OR,ANM,WE,Federal Contract Tower,0,2,29,0,31,0,8,74,0,82,0,10,103,0,113,66,0,66,179
10/02/2018,UAO,OR,ANM,WE,Federal Contract Tower,0,1,24,0,25,0,2,89,4,95,0,3,113,4,120,128,0,128,248
10/03/2018,UAO,OR,ANM,WE,Federal Contract Tower,0,1,17,2,20,0,3,111,0,114,0,4,128,2,134,128,0,128,262
10/04/2018,UAO,OR,ANM,WE,Federal Contract Tower,0,2,28,0,30,0,5,103,0,108,0,7,131,0,138,150,0,150,288
10/05/2018,UAO,OR,ANM,WE,Federal Contract Tower,0,1,27,0,28,0,1,20,0,21,0,2,47,0,49,18,0,18,67
10/06/2018,UAO,OR,ANM,WE,Federal Contract Tower,0,0,18,0,18,0,5,47,0,52,0,5,65,0,70,128,0,128,198
10/07/2018,UAO,OR,ANM,WE,Federal Contract Tower,0,0,32,0,32,0,2,7,0,9,0,2,39,0,41,23,0,23,64
10/08/2018,UAO,OR,ANM,WE,Federal Contract Tower,0,3,22,0,25,0,0,0,0,0,0,3,22,0,25,0,0,0,25
10/09/2018,UAO,OR,ANM,WE,Federal Contract Tower,0,3,24,0,27,0,2,61,0,63,0,5,85,0,90,130,0,130,220
10/10/2018,UAO,OR,ANM,WE,Federal Contract Tower,0,1,39,0,40,0,2,85,0,87,0,3,124,0,127,104,0,104,231
10/11/2018,UAO,OR,ANM,WE,Federal Contract Tower,0,0,16,0,16,0,9,103,0,112,0,9,119,0,128,104,0,104,232
10/12/2018,UAO,OR,ANM,WE,Federal Contract Tower,0,3,13,0,16,0,5,130,0,135,0,8,143,0,151,67,0,67,218
10/13/2018,UAO,OR,ANM,WE,Federal Contract Tower,0,1,15,0,16,0,6,142,0,148,0,7,157,0,164,132,0,132,296
10/14/2018,UAO,OR,ANM,WE,Federal Contract Tower,0,0,10,0,10,0,4,68,0,72,0,4,78,0,82,68,0,68,150
10/15/2018,UAO,OR,ANM,WE,Federal Contract Tower,0,3,16,0,19,0,2,108,0,110,0,5,124,0,129,120,0,120,249
10/16/2018,UAO,OR,ANM,WE,Federal Contract Tower,0,1,6,0,7,0,3,135,0,138,0,4,141,0,145,76,0,76,221
10/17/2018,UAO,OR,ANM,WE,Federal Contract Tower,0,1,23,0,24,0,3,97,0,100,0,4,120,0,124,123,0,123,247
10/18/2018,UAO,OR,ANM,WE,Federal Contract Tower,0,3,15,3,21,0,1,124,0,125,0,4,139,3,146,155,2,157,303
10/19/2018,UAO,OR,ANM,WE,Federal Contract Tower,0,1,15,0,16,0,6,74,0,80,0,7,89,0,96,126,0,126,222
10/20/2018,UAO,OR,ANM,WE,Federal Contract Tower,0,3,19,0,22,0,4,81,0,85,0,7,100,0,107,122,0,122,229
10/21/2018,UAO,OR,ANM,WE,Federal Contract Tower,0,2,31,0,33,0,0,84,0,84,0,2,115,0,117,50,0,50,167
10/22/2018,UAO,OR,ANM,WE,Federal Contract Tower,0,0,20,0,20,0,6,78,0,84,0,6,98,0,104,24,0,24,128
10/23/2018,UAO,OR,ANM,WE,Federal Contract Tower,0,0,28,0,28,0,5,28,0,33,0,5,56,0,61,68,0,68,129
10/24/2018,UAO,OR,ANM,WE,Federal Contract Tower,0,1,44,0,45,0,6,48,0,54,0,7,92,0,99,70,0,70,169
10/25/2018,UAO,OR,ANM,WE,Federal Contract Tower,0,2,41,0,43,0,0,59,0,59,0,2,100,0,102,58,0,58,160
10/26/2018,UAO,OR,ANM,WE,Federal Contract Tower,0,1,38,0,39,0,0,9,0,9,0,1,47,0,48,20,0,20,68
10/27/2018,UAO,OR,ANM,WE,Federal Contract Tower,0,3,48,0,51,0,0,14,0,14,0,3,62,0,65,12,0,12,77
10/28/2018,UAO,OR,ANM,WE,Federal Contract Tower,0,1,27,0,28,0,1,14,0,15,0,2,41,0,43,14,0,14,57
10/29/2018,UAO,OR,ANM,WE,Federal Contract Tower,0,2,30,0,32,0,4,19,0,23,0,6,49,0,55,14,0,14,69
10/30/2018,UAO,OR,ANM,WE,Federal Contract Tower,0,2,29,0,31,0,2,5,2,9,0,4,34,2,40,6,0,6,46
10/31/2018,UAO,OR,ANM,WE,Federal Contract Tower,0,3,34,0,37,0,0,6,0,6,0,3,40,0,43,4,0,4,47
11/01/2018,UAO,OR,ANM,WE,Federal Contract Tower,0,1,45,0,46,0,3,40,0,43,0,4,85,0,89,58,0,58,147
11/02/2018,UAO,OR,ANM,WE,Federal Contract Tower,0,3,33,0,36,0,6,54,0,60,0,9,87,0,96,34,0,34,130
11/03/2018,UAO,OR,ANM,WE,Federal Contract Tower,0,0,25,0,25,0,3,81,2,86,0,3,106,2,111,134,4,138,249
11/04/2018,UAO,OR,ANM,WE,Federal Contract Tower,0,2,30,0,32,0,3,40,0,43,0,5,70,0,75,54,0,54,129
11/05/2018,UAO,OR,ANM,WE,Federal Contract Tower,0,0,29,0,29,0,2,26,0,28,0,2,55,0,57,18,0,18,75
11/06/2018,UAO,OR,ANM,WE,Federal Contract Tower,0,2,15,0,17,0,2,52,0,54,0,4,67,0,71,80,0,80,151
11/07/2018,UAO,OR,ANM,WE,Federal Contract Tower,0,0,31,0,31,0,3,50,0,53,0,3,81,0,84,112,0,112,196
11/08/2018,UAO,OR,ANM,WE,Federal Contract Tower,0,7,25,3,35,0,18,103,1,122,0,25,128,4,157,82,0,82,239
11/09/2018,UAO,OR,ANM,WE,Federal Contract Tower,0,8,37,0,45,0,0,76,0,76,0,8,113,0,121,42,0,42,163
11/10/2018,UAO,OR,ANM,WE,Federal Contract Tower,0,0,26,0,26,0,13,49,0,62,0,13,75,0,88,50,0,50,138
11/11/2018,UAO,OR,ANM,WE,Federal Contract Tower,0,0,22,0,22,0,1,81,0,82,0,1,103,0,104,108,0,108,212
11/12/2018,UAO,OR,ANM,WE,Federal Contract Tower,0,0,11,0,11,0,6,89,0,95,0,6,100,0,106,28,0,28,134
11/13/2018,UAO,OR,ANM,WE,Federal Contract Tower,0,2,20,1,23,0,8,75,0,83,0,10,95,1,106,74,0,74,180
11/14/2018,UAO,OR,ANM,WE,Federal Contract Tower,0,2,32,0,34,0,2,29,0,31,0,4,61,0,65,72,0,72,137
11/15/2018,UAO,OR,ANM,WE,Federal Contract Tower,0,0,36,0,36,0,2,31,0,33,0,2,67,0,69,32,0,32,101
11/16/2018,UAO,OR,ANM,WE,Federal Contract Tower,0,0,27,0,27,0,0,68,0,68,0,0,95,0,95,50,0,50,145
11/17/2018,UAO,OR,ANM,WE,Federal Contract Tower,0,1,11,0,12,0,2,75,0,77,0,3,86,0,89,44,0,44,133
11/18/2018,UAO,OR,ANM,WE,Federal Contract Tower,0,3,9,0,12,0,3,119,0,122,0,6,128,0,134,134,0,134,268
11/19/2018,UAO,OR,ANM,WE,Federal Contract Tower,0,3,5,0,8,0,1,121,0,122,0,4,126,0,130,81,0,81,211
11/20/2018,UAO,OR,ANM,WE,Federal Contract Tower,0,8,11,2,21,0,1,111,0,112,0,9,122,2,133,83,0,83,216
11/21/2018,UAO,OR,ANM,WE,Federal Contract Tower,0,5,38,0,43,0,0,15,0,15,0,5,53,0,58,2,0,2,60
11/22/2018,UAO,OR,ANM,WE,Federal Contract Tower,0,0,10,0,10,0,0,0,0,0,0,0,10,0,10,0,0,0,10
11/23/2018,UAO,OR,ANM,WE,Federal Contract Tower,0,5,19,0,24,0,0,2,0,2,0,5,21,0,26,4,0,4,30
11/24/2018,UAO,OR,ANM,WE,Federal Contract Tower,0,0,25,0,25,0,0,0,0,0,0,0,25,0,25,0,0,0,25
11/25/2018,UAO,OR,ANM,WE,Federal Contract Tower,0,1,41,0,42,0,0,0,0,0,0,1,41,0,42,0,0,0,42
11/26/2018,UAO,OR,ANM,WE,Federal Contract Tower,0,1,19,0,20,0,0,54,0,54,0,1,73,0,74,96,0,96,170
11/27/2018,UAO,OR,ANM,WE,Federal Contract Tower,0,1,15,0,16,0,2,18,0,20,0,3,33,0,36,30,0,30,66
11/28/2018,UAO,OR,ANM,WE,Federal Contract Tower,0,1,28,0,29,0,0,16,0,16,0,1,44,0,45,32,0,32,77
11/29/2018,UAO,OR,ANM,WE,Federal Contract Tower,0,0,39,0,39,0,7,86,0,93,0,7,125,0,132,102,0,102,234
11/30/2018,UAO,OR,ANM,WE,Federal Contract Tower,0,0,17,0,17,0,0,19,0,19,0,0,36,0,36,4,0,4,40
12/01/2018,UAO,OR,ANM,WE,Federal Contract Tower,0,1,8,0,9,0,3,4,0,7,0,4,12,0,16,26,0,26,42
12/02/2018,UAO,OR,ANM,WE,Federal Contract Tower,0,4,26,0,30,0,0,22,0,22,0,4,48,0,52,28,0,28,80
12/03/2018,UAO,OR,ANM,WE,Federal Contract Tower,0,6,18,0,24,0,7,88,0,95,0,13,106,0,119,104,0,104,223
12/04/2018,UAO,OR,ANM,WE,Federal Contract Tower,0,7,19,0,26,0,6,86,0,92,0,13,105,0,118,67,0,67,185
12/05/2018,UAO,OR,ANM,WE,Federal Contract Tower,0,2,14,0,16,0,1,71,0,72,0,3,85,0,88,52,0,52,140
12/06/2018,UAO,OR,ANM,WE,Federal Contract Tower,0,2,11,0,13,0,4,83,0,87,0,6,94,0,100,102,0,102,202
12/07/2018,UAO,OR,ANM,WE,Federal Contract Tower,0,2,30,0,32,0,1,97,0,98,0,3,127,0,130,66,0,66,196
12/08/2018,UAO,OR,ANM,WE,Federal Contract Tower,0,1,20,0,21,0,0,27,0,27,0,1,47,0,48,58,0,58,106
12/09/2018,UAO,OR,ANM,WE,Federal Contract Tower,0,0,20,0,20,0,1,7,0,8,0,1,27,0,28,0,0,0,28
12/10/2018,UAO,OR,ANM,WE,Federal Contract Tower,0,2,19,0,21,0,0,0,0,0,0,2,19,0,21,0,0,0,21
12/11/2018,UAO,OR,ANM,WE,Federal Contract Tower,0,1,20,0,21,0,0,1,0,1,0,1,21,0,22,0,0,0,22
12/12/2018,UAO,OR,ANM,WE,Federal Contract Tower,0,0,24,0,24,0,4,45,0,49,0,4,69,0,73,34,0,34,107
12/13/2018,UAO,OR,ANM,WE,Federal Contract Tower,0,0,27,0,27,0,6,97,0,103,0,6,124,0,130,52,0,52,182
12/14/2018,UAO,OR,ANM,WE,Federal Contract Tower,0,1,22,0,23,0,3,44,0,47,0,4,66,0,70,32,0,32,102
12/15/2018,UAO,OR,ANM,WE,Federal Contract Tower,0,1,21,2,24,0,1,90,0,91,0,2,111,2,115,40,0,40,155
12/16/2018,UAO,OR,ANM,WE,Federal Contract Tower,0,1,21,0,22,0,4,6,0,10,0,5,27,0,32,14,0,14,46
12/17/2018,UAO,OR,ANM,WE,Federal Contract Tower,0,0,14,0,14,0,6,39,0,45,0,6,53,0,59,68,0,68,127
12/18/2018,UAO,OR,ANM,WE,Federal Contract Tower,0,2,16,1,19,0,2,9,1,12,0,4,25,2,31,13,0,13,44
12/19/2018,UAO,OR,ANM,WE,Federal Contract Tower,0,0,22,0,22,0,6,79,0,85,0,6,101,0,107,106,0,106,213
12/20/2018,UAO,OR,ANM,WE,Federal Contract Tower,0,4,22,0,26,0,1,8,2,11,0,5,30,2,37,2,6,8,45
12/21/2018,UAO,OR,ANM,WE,Federal Contract Tower,0,1,21,0,22,0,0,55,0,55,0,1,76,0,77,34,0,34,111
12/22/2018,UAO,OR,ANM,WE,Federal Contract Tower,0,2,21,0,23,0,0,11,0,11,0,2,32,0,34,8,0,8,42
12/23/2018,UAO,OR,ANM,WE,Federal Contract Tower,0,0,18,0,18,0,0,14,0,14,0,0,32,0,32,14,0,14,46
12/24/2018,UAO,OR,ANM,WE,Federal Contract Tower,0,2,3,0,5,0,0,10,0,10,0,2,13,0,15,8,0,8,23
12/25/2018,UAO,OR,ANM,WE,Federal Contract Tower,0,0,4,0,4,0,0,12,0,12,0,0,16,0,16,10,0,10,26
12/26/2018,UAO,OR,ANM,WE,Federal Contract Tower,0,5,12,0,17,0,2,1,0,3,0,7,13,0,20,0,0,0,20
12/27/2018,UAO,OR,ANM,WE,Federal Contract Tower,0,0,25,0,25,0,3,35,0,38,0,3,60,0,63,6,0,6,69
12/28/2018,UAO,OR,ANM,WE,Federal Contract Tower,0,5,22,0,27,0,0,8,0,8,0,5,30,0,35,27,0,27,62
12/29/2018,UAO,OR,ANM,WE,Federal Contract Tower,0,2,29,0,31,0,0,5,0,5,0,2,34,0,36,2,0,2,38
12/30/2018,UAO,OR,ANM,WE,Federal Contract Tower,0,2,14,0,16,0,2,32,0,34,0,4,46,0,50,46,0,46,96
12/31/2018,UAO,OR,ANM,WE,Federal Contract Tower,0,3,14,0,17,0,1,89,0,90,0,4,103,0,107,53,0,53,160
01/01/2019,UAO,OR,ANM,WE,Federal Contract Tower,0,6,9,0,15,0,4,89,0,93,0,10,98,0,108,62,0,62,170
01/02/2019,UAO,OR,ANM,WE,Federal Contract Tower,0,3,28,0,31,0,1,65,0,66,0,4,93,0,97,38,0,38,135
01/03/2019,UAO,OR,ANM,WE,Federal Contract Tower,0,5,22,0,27,0,1,30,0,31,0,6,52,0,58,12,0,12,70
01/04/2019,UAO,OR,ANM,WE,Federal Contract Tower,0,3,33,0,36,0,2,36,0,38,0,5,69,0,74,12,0,12,86
01/05/2019,UAO,OR,ANM,WE,Federal Contract Tower,0,1,23,0,24,0,0,4,0,4,0,1,27,0,28,0,0,0,28
01/06/2019,UAO,OR,ANM,WE,Federal Contract Tower,0,2,8,0,10,0,0,0,0,0,0,2,8,0,10,14,0,14,24
01/07/2019,UAO,OR,ANM,WE,Federal Contract Tower,0,3,13,0,16,0,2,50,0,52,0,5,63,0,68,105,0,105,173
01/08/2019,UAO,OR,ANM,WE,Federal Contract Tower,0,2,13,0,15,0,1,28,0,29,0,3,41,0,44,42,0,42,86
01/09/2019,UAO,OR,ANM,WE,Federal Contract Tower,0,0,17,0,17,0,4,40,0,44,0,4,57,0,61,64,0,64,125
01/10/2019,UAO,OR,ANM,WE,Federal Contract Tower,0,3,23,0,26,0,6,69,0,75,0,9,92,0,101,26,0,26,127
01/11/2019,UAO,OR,ANM,WE,Federal Contract Tower,0,0,11,0,11,0,1,85,0,86,0,1,96,0,97,46,0,46,143
01/12/2019,UAO,OR,ANM,WE,Federal Contract Tower,0,2,6,0,8,0,5,113,0,118,0,7,119,0,126,148,0,148,274
01/13/2019,UAO,OR,ANM,WE,Federal Contract Tower,0,3,11,0,14,0,2,79,4,85,0,5,90,4,99,78,0,78,177
01/14/2019,UAO,OR,ANM,WE,Federal Contract Tower,0,4,16,0,20,0,4,88,0,92,0,8,104,0,112,108,0,108,220
01/15/2019,UAO,OR,ANM,WE,Federal Contract Tower,0,4,12,0,16,0,5,74,0,79,0,9,86,0,95,54,0,54,149
01/16/2019,UAO,OR,ANM,WE,Federal Contract Tower,0,1,16,0,17,0,4,54,0,58,0,5,70,0,75,60,0,60,135
01/17/2019,UAO,OR,ANM,WE,Federal Contract Tower,0,7,11,0,18,0,1,9,0,10,0,8,20,0,28,30,0,30,58
01/18/2019,UAO,OR,ANM,WE,Federal Contract Tower,0,2,15,0,17,0,3,31,0,34,0,5,46,0,51,54,2,56,107
01/19/2019,UAO,OR,ANM,WE,Federal Contract Tower,0,3,22,0,25,0,2,50,0,52,0,5,72,0,77,72,0,72,149
01/20/2019,UAO,OR,ANM,WE,Federal Contract Tower,0,0,7,0,7,0,0,0,0,0,0,0,7,0,7,0,0,0,7
01/21/2019,UAO,OR,ANM,WE,Federal Contract Tower,0,1,25,0,26,0,0,14,0,14,0,1,39,0,40,34,0,34,74
01/22/2019,UAO,OR,ANM,WE,Federal Contract Tower,0,4,20,0,24,0,1,15,1,17,0,5,35,1,41,60,2,62,103
01/23/2019,UAO,OR,ANM,WE,Federal Contract Tower,0,3,28,0,31,0,2,44,0,46,0,5,72,0,77,44,0,44,121
01/24/2019,UAO,OR,ANM,WE,Federal Contract Tower,0,1,21,0,22,0,3,57,0,60,0,4,78,0,82,38,0,38,120
01/25/2019,UAO,OR,ANM,WE,Federal Contract Tower,0,2,30,0,32,0,4,80,0,84,0,6,110,0,116,80,0,80,196
01/26/2019,UAO,OR,ANM,WE,Federal Contract Tower,0,2,22,0,24,0,0,0,0,0,0,2,22,0,24,0,0,0,24
01/27/2019,UAO,OR,ANM,WE,Federal Contract Tower,0,1,19,0,20,0,0,0,0,0,0,1,19,0,20,0,0,0,20
01/28/2019,UAO,OR,ANM,WE,Federal Contract Tower,0,0,20,0,20,0,2,90,0,92,0,2,110,0,112,100,0,100,212
01/29/2019,UAO,OR,ANM,WE,Federal Contract Tower,0,0,22,0,22,0,2,112,0,114,0,2,134,0,136,74,0,74,210
01/30/2019,UAO,OR,ANM,WE,Federal Contract Tower,0,3,17,0,20,0,4,113,0,117,0,7,130,0,137,96,0,96,233
01/31/2019,UAO,OR,ANM,WE,Federal Contract Tower,0,0,27,0,27,0,2,104,0,106,0,2,131,0,133,148,0,148,281
02/01/2019,UAO,OR,ANM,WE,Federal Contract Tower,0,0,17,0,17,0,0,14,0,14,0,0,31,0,31,52,0,52,83
02/02/2019,UAO,OR,ANM,WE,Federal Contract Tower,0,4,22,0,26,0,0,5,0,5,0,4,27,0,31,10,0,10,41
02/03/2019,UAO,OR,ANM,WE,Federal Contract Tower,0,2,8,0,10,0,1,7,0,8,0,3,15,0,18,27,0,27,45
02/04/2019,UAO,OR,ANM,WE,Federal Contract Tower,0,0,21,0,21,0,2,3,0,5,0,2,24,0,26,0,0,0,26
02/05/2019,UAO,OR,ANM,WE,Federal Contract Tower,0,2,15,0,17,0,3,25,0,28,0,5,40,0,45,71,0,71,116
02/06/2019,UAO,OR,ANM,WE,Federal Contract Tower,1,5,15,1,22,0,0,51,0,51,1,5,66,1,73,88,0,88,161
02/07/2019,UAO,OR,ANM,WE,Federal Contract Tower,0,0,24,0,24,0,3,114,0,117,0,3,138,0,141,0,0,0,141
02/08/2019,UAO,OR,ANM,WE,Federal Contract Tower,0,0,24,0,24,0,2,52,0,54,0,2,76,0,78,110,0,110,188
02/09/2019,UAO,OR,ANM,WE,Federal Contract Tower,0,0,8,0,8,0,4,4,0,8,0,4,12,0,16,31,0,31,47
02/10/2019,UAO,OR,ANM,WE,Federal Contract Tower,0,0,10,0,10,0,8,53,0,61,0,8,63,0,71,64,0,64,135
02/11/2019,UAO,OR,ANM,WE,Federal Contract Tower,0,4,8,0,12,0,1,0,0,1,0,5,8,0,13,0,0,0,13
02/12/2019,UAO,OR,ANM,WE,Federal Contract Tower,0,2,8,0,10,0,0,1,0,1,0,2,9,0,11,4,0,4,15
02/13/2019,UAO,OR,ANM,WE,Federal Contract Tower,0,2,9,0,11,0,0,7,0,7,0,2,16,0,18,14,0,14,32
02/14/2019,UAO,OR,ANM,WE,Federal Contract Tower,0,2,12,0,14,0,0,5,0,5,0,2,17,0,19,24,0,24,43
02/15/2019,UAO,OR,ANM,WE,Federal Contract Tower,0,0,17,0,17,0,0,42,0,42,0,0,59,0,59,46,0,46,105
02/16/2019,UAO,OR,ANM,WE,Federal Contract Tower,0,1,12,0,13,0,0,1,0,1,0,1,13,0,14,0,0,0,14
02/17/2019,UAO,OR,ANM,WE,Federal Contract Tower,0,1,23,0,24,0,0,29,0,29,0,1,52,0,53,32,0,32,85
02/18/2019,UAO,OR,ANM,WE,Federal Contract Tower,0,2,14,0,16,0,0,45,0,45,0,2,59,0,61,68,0,68,129
02/19/2019,UAO,OR,ANM,WE,Federal Contract Tower,0,0,31,0,31,0,3,24,0,27,0,3,55,0,58,52,0,52,110
02/20/2019,UAO,OR,ANM,WE,Federal Contract Tower,0,3,28,0,31,0,2,23,0,25,0,5,51,0,56,20,0,20,76
02/21/2019,UAO,OR,ANM,WE,Federal Contract Tower,0,0,17,0,17,0,3,180,6,189,0,3,197,6,206,150,0,150,356
02/22/2019,UAO,OR,ANM,WE,Federal Contract Tower,0,19,0,0,19,0,2,38,0,40,0,21,38,0,59,20,0,20,79
02/23/2019,UAO,OR,ANM,WE,Federal Contract Tower,0,0,22,0,22,0,0,6,0,6,0,0,28,0,28,44,0,44,72
02/24/2019,UAO,OR,ANM,WE,Federal Contract Tower,0,0,14,0,14,0,0,0,0,0,0,0,14,0,14,0,0,0,14
02/25/2019,UAO,OR,ANM,WE,Federal Contract Tower,0,0,5,0,5,0,2,0,0,2,0,2,5,0,7,0,0,0,7
02/26/2019,UAO,OR,ANM,WE,Federal Contract Tower,0,1,12,0,13,0,0,20,0,20,0,1,32,0,33,14,0,14,47
02/27/2019,UAO,OR,ANM,WE,Federal Contract Tower,0,1,14,0,15,0,2,10,0,12,0,3,24,0,27,26,0,26,53
02/28/2019,UAO,OR,ANM,WE,Federal Contract Tower,0,2,19,0,21,0,5,41,0,46,0,7,60,0,67,73,0,73,140
03/01/2019,UAO,OR,ANM,WE,Federal Contract Tower,0,1,12,0,13,0,4,119,0,123,0,5,131,0,136,138,0,138,274
03/02/2019,UAO,OR,ANM,WE,Federal Contract Tower,0,0,12,0,12,0,3,148,0,151,0,3,160,0,163,55,2,57,220
03/03/2019,UAO,OR,ANM,WE,Federal Contract Tower,0,0,11,0,11,0,4,80,0,84,0,4,91,0,95,42,0,42,137
03/04/2019,UAO,OR,ANM,WE,Federal Contract Tower,0,0,15,0,15,0,5,110,0,115,0,5,125,0,130,74,0,74,204
03/05/2019,UAO,OR,ANM,WE,Federal Contract Tower,0,0,11,0,11,0,1,111,0,112,0,1,122,0,123,56,0,56,179
03/06/2019,UAO,OR,ANM,WE,Federal Contract Tower,0,0,9,0,9,0,0,2,0,2,0,0,11,0,11,0,0,0,11
03/07/2019,UAO,OR,ANM,WE,Federal Contract Tower,0,0,20,0,20,0,4,31,0,35,0,4,51,0,55,12,0,12,67
03/08/2019,UAO,OR,ANM,WE,Federal Contract Tower,0,1,19,0,20,0,0,2,0,2,0,1,21,0,22,0,0,0,22
03/09/2019,UAO,OR,ANM,WE,Federal Contract Tower,0,2,17,0,19,0,4,87,0,91,0,6,104,0,110,71,0,71,181
03/10/2019,UAO,OR,ANM,WE,Federal Contract Tower,0,2,10,0,12,0,4,123,0,127,0,6,133,0,139,64,0,64,203
03/11/2019,UAO,OR,ANM,WE,Federal Contract Tower,0,3,17,0,20,0,5,72,0,77,0,8,89,0,97,52,0,52,149
03/12/2019,UAO,OR,ANM,WE,Federal Contract Tower,0,0,21,0,21,0,0,18,0,18,0,0,39,0,39,16,0,16,55
03/13/2019,UAO,OR,ANM,WE,Federal Contract Tower,0,0,17,0,17,0,1,77,0,78,0,1,94,0,95,24,0,24,119
03/14/2019,UAO,OR,ANM,WE,Federal Contract Tower,0,0,16,0,16,0,4,112,0,116,0,4,128,0,132,78,0,78,210
03/15/2019,UAO,OR,ANM,WE,Federal Contract Tower,0,1,13,0,14,0,7,112,0,119,0,8,125,0,133,123,0,123,256
03/16/2019,UAO,OR,ANM,WE,Federal Contract Tower,0,1,8,0,9,0,1,94,0,95,0,2,102,0,104,111,0,111,215
03/17/2019,UAO,OR,ANM,WE,Federal Contract Tower,0,1,8,0,9,0,7,103,0,110,0,8,111,0,119,34,0,34,153
03/18/2019,UAO,OR,ANM,WE,Federal Contract Tower,0,2,9,0,11,0,6,49,0,55,0,8,58,0,66,12,0,12,78
03/19/2019,UAO,OR,ANM,WE,Federal Contract Tower,0,0,12,0,12,0,4,75,0,79,0,4,87,0,91,104,0,104,195
03/20/2019,UAO,OR,ANM,WE,Federal Contract Tower,0,0,16,0,16,0,7,87,0,94,0,7,103,0,110,62,0,62,172
03/21/2019,UAO,OR,ANM,WE,Federal Contract Tower,0,0,27,0,27,1,5,43,0,49,1,5,70,0,76,124,0,124,200
03/22/2019,UAO,OR,ANM,WE,Federal Contract Tower,0,1,32,0,33,0,0,14,0,14,0,1,46,0,47,54,0,54,101
03/23/2019,UAO,OR,ANM,WE,Federal Contract Tower,0,2,17,0,19,0,2,19,0,21,0,4,36,0,40,82,0,82,122
03/24/2019,UAO,OR,ANM,WE,Federal Contract Tower,0,1,26,0,27,0,3,56,0,59,0,4,82,0,86,42,0,42,128
03/25/2019,UAO,OR,ANM,WE,Federal Contract Tower,0,0,17,0,17,0,2,29,0,31,0,2,46,0,48,26,0,26,74
03/26/2019,UAO,OR,ANM,WE,Federal Contract Tower,0,1,17,0,18,0,6,119,0,125,0,7,136,0,143,92,0,92,235
03/27/2019,UAO,OR,ANM,WE,Federal Contract Tower,0,1,14,0,15,0,3,26,0,29,0,4,40,0,44,30,0,30,74
03/28/2019,UAO,OR,ANM,WE,Federal Contract Tower,0,3,16,0,19,0,5,61,0,66,0,8,77,0,85,42,0,42,127
03/29/2019,UAO,OR,ANM,WE,Federal Contract Tower,0,1,30,0,31,0,2,52,1,55,0,3,82,1,86,79,0,79,165
03/30/2019,UAO,OR,ANM,WE,Federal Contract Tower,0,0,11,0,11,0,2,89,1,92,0,2,100,1,103,158,0,158,261
03/31/2019,UAO,OR,ANM,WE,Federal Contract Tower,0,0,14,0,14,0,0,81,0,81,0,0,95,0,95,54,0,54,149
04/01/2019,UAO,OR,ANM,WE,Federal Contract Tower,0,1,15,0,16,0,1,56,0,57,0,2,71,0,73,124,0,124,197
04/02/2019,UAO,OR,ANM,WE,Federal Contract Tower,0,0,39,0,39,0,0,13,0,13,0,0,52,0,52,4,0,4,56
04/03/2019,UAO,OR,ANM,WE,Federal Contract Tower,0,3,26,0,29,0,1,32,0,33,0,4,58,0,62,2,0,2,64
04/04/2019,UAO,OR,ANM,WE,Federal Contract Tower,0,3,37,0,40,0,5,55,0,60,0,8,92,0,100,128,0,128,228
04/05/2019,UAO,OR,ANM,WE,Federal Contract Tower,0,1,24,0,25,0,4,11,0,15,0,5,35,0,40,6,0,6,46
04/06/2019,UAO,OR,ANM,WE,Federal Contract Tower,0,2,13,0,15,0,1,9,0,10,0,3,22,0,25,45,0,45,70
04/07/2019,UAO,OR,ANM,WE,Federal Contract Tower,0,0,34,0,34,0,0,16,0,16,0,0,50,0,50,20,0,20,70
04/08/2019,UAO,OR,ANM,WE,Federal Contract Tower,0,2,15,0,17,0,1,5,0,6,0,3,20,0,23,10,0,10,33
04/09/2019,UAO,OR,ANM,WE,Federal Contract Tower,0,0,21,1,22,0,1,37,0,38,0,1,58,1,60,34,0,34,94
04/10/2019,UAO,OR,ANM,WE,Federal Contract Tower,0,2,32,0,34,0,5,21,0,26,0,7,53,0,60,34,0,34,94
04/11/2019,UAO,OR,ANM,WE,Federal Contract Tower,0,2,42,1,45,0,0,7,0,7,0,2,49,1,52,24,0,24,76
04/12/2019,UAO,OR,ANM,WE,Federal Contract Tower,0,0,41,0,41,0,3,74,0,77,0,3,115,0,118,108,0,108,226
04/13/2019,UAO,OR,ANM,WE,Federal Contract Tower,0,2,20,0,22,0,2,11,0,13,0,4,31,0,35,26,0,26,61
04/14/2019,UAO,OR,ANM,WE,Federal Contract Tower,0,0,27,0,27,0,2,27,0,29,0,2,54,0,56,32,0,32,88
04/15/2019,UAO,OR,ANM,WE,Federal Contract Tower,0,0,16,0,16,0,2,59,0,61,0,2,75,0,77,48,0,48,125
04/16/2019,UAO,OR,ANM,WE,Federal Contract Tower,0,1,11,0,12,0,3,20,0,23,0,4,31,0,35,44,0,44,79
04/17/2019,UAO,OR,ANM,WE,Federal Contract Tower,0,2,29,0,31,0,5,78,0,83,0,7,107,0,114,64,0,64,178
04/18/2019,UAO,OR,ANM,WE,Federal Contract Tower,0,3,8,0,11,0,5,136,0,141,0,8,144,0,152,122,0,122,274
04/19/2019,UAO,OR,ANM,WE,Federal Contract Tower,0,1,41,0,42,0,2,45,0,47,0,3,86,0,89,44,0,44,133
04/20/2019,UAO,OR,ANM,WE,Federal Contract Tower,0,0,20,0,20,0,3,77,0,80,0,3,97,0,100,184,0,184,284
04/21/2019,UAO,OR,ANM,WE,Federal Contract Tower,0,0,23,0,23,0,2,42,0,44,0,2,65,0,67,38,0,38,105
04/22/2019,UAO,OR,ANM,WE,Federal Contract Tower,0,1,13,0,14,0,0,85,0,85,0,1,98,0,99,78,0,78,177
04/23/2019,UAO,OR,ANM,WE,Federal Contract Tower,0,0,24,0,24,0,5,69,0,74,0,5,93,0,98,86,0,86,184
04/24/2019,UAO,OR,ANM,WE,Federal Contract Tower,0,4,16,0,20,0,3,105,0,108,0,7,121,0,128,75,0,75,203
04/25/2019,UAO,OR,ANM,WE,Federal Contract Tower,0,0,16,0,16,0,1,124,0,125,0,1,140,0,141,160,0,160,301
04/26/2019,UAO,OR,ANM,WE,Federal Contract Tower,0,0,10,0,10,0,6,126,0,132,0,6,136,0,142,175,0,175,317
04/27/2019,UAO,OR,ANM,WE,Federal Contract Tower,0,0,9,0,9,0,6,75,0,81,0,6,84,0,90,48,0,48,138
04/28/2019,UAO,OR,ANM,WE,Federal Contract Tower,0,0,18,0,18,0,3,112,0,115,0,3,130,0,133,37,0,37,170
04/29/2019,UAO,OR,ANM,WE,Federal Contract Tower,0,3,18,0,21,0,4,93,0,97,0,7,111,0,118,50,0,50,168
04/30/2019,UAO,OR,ANM,WE,Federal Contract Tower,0,2,13,0,15,0,6,97,1,104,0,8,110,1,119,54,0,54,173
05/01/2019,UAO,OR,ANM,WE,Federal Contract Tower,0,0,13,2,15,0,6,127,0,133,0,6,140,2,148,104,0,104,252
05/02/2019,UAO,OR,ANM,WE,Federal Contract Tower,0,2,21,0,23,0,4,93,0,97,0,6,114,0,120,128,0,128,248
05/03/2019,UAO,OR,ANM,WE,Federal Contract Tower,0,2,25,0,27,0,4,141,0,145,0,6,166,0,172,144,0,144,316
05/04/2019,UAO,OR,ANM,WE,Federal Contract Tower,0,0,9,0,9,0,4,125,2,131,0,4,134,2,140,81,2,83,223
05/05/2019,UAO,OR,ANM,WE,Federal Contract Tower,0,0,18,0,18,0,2,84,0,86,0,2,102,0,104,66,0,66,170
05/06/2019,UAO,OR,ANM,WE,Federal Contract Tower,0,0,12,0,12,0,7,125,0,132,0,7,137,0,144,52,0,52,196
05/07/2019,UAO,OR,ANM,WE,Federal Contract Tower,0,2,12,0,14,0,0,96,2,98,0,2,108,2,112,127,0,127,239
05/08/2019,UAO,OR,ANM,WE,Federal Contract Tower,0,0,12,0,12,0,4,108,0,112,0,4,120,0,124,128,0,128,252
05/09/2019,UAO,OR,ANM,WE,Federal Contract Tower,0,1,18,0,19,0,4,94,0,98,0,5,112,0,117,58,0,58,175
05/10/2019,UAO,OR,ANM,WE,Federal Contract Tower,0,0,10,0,10,0,5,159,0,164,0,5,169,0,174,94,0,94,268
05/11/2019,UAO,OR,ANM,WE,Federal Contract Tower,0,1,5,0,6,0,4,134,12,150,0,5,139,12,156,118,0,118,274
05/12/2019,UAO,OR,ANM,WE,Federal Contract Tower,0,0,16,0,16,0,2,88,0,90,0,2,104,0,106,68,0,68,174
05/13/2019,UAO,OR,ANM,WE,Federal Contract Tower,0,2,29,0,31,0,4,82,0,86,0,6,111,0,117,139,0,139,256
05/14/2019,UAO,OR,ANM,WE,Federal Contract Tower,0,1,27,0,28,0,3,17,0,20,0,4,44,0,48,27,0,27,75
05/15/2019,UAO,OR,ANM,WE,Federal Contract Tower,0,0,30,0,30,0,3,39,0,42,0,3,69,0,72,131,0,131,203
05/16/2019,UAO,OR,ANM,WE,Federal Contract Tower,0,1,43,0,44,0,7,30,2,39,0,8,73,2,83,132,2,134,217
05/17/2019,UAO,OR,ANM,WE,Federal Contract Tower,0,1,27,0,28,0,5,45,0,50,0,6,72,0,78,56,0,56,134
05/18/2019,UAO,OR,ANM,WE,Federal Contract Tower,0,0,15,0,15,0,1,64,2,67,0,1,79,2,82,80,0,80,162
05/19/2019,UAO,OR,ANM,WE,Federal Contract Tower,0,0,26,0,26,0,4,36,1,41,0,4,62,1,67,76,0,76,143
05/20/2019,UAO,OR,ANM,WE,Federal Contract Tower,0,0,24,0,24,0,2,55,0,57,0,2,79,0,81,92,0,92,173
05/21/2019,UAO,OR,ANM,WE,Federal Contract Tower,0,0,17,0,17,0,11,56,0,67,0,11,73,0,84,101,0,101,185
05/22/2019,UAO,OR,ANM,WE,Federal Contract Tower,0,3,14,0,17,0,8,85,0,93,0,11,99,0,110,142,0,142,252
05/23/2019,UAO,OR,ANM,WE,Federal Contract Tower,0,0,28,0,28,0,4,113,0,117,0,4,141,0,145,108,0,108,253
05/24/2019,UAO,OR,ANM,WE,Federal Contract Tower,0,0,40,0,40,0,0,33,0,33,0,0,73,0,73,80,0,80,153
05/25/2019,UAO,OR,ANM,WE,Federal Contract Tower,0,0,27,0,27,0,2,5,0,7,0,2,32,0,34,32,0,32,66
05/26/2019,UAO,OR,ANM,WE,Federal Contract Tower,0,0,16,0,16,0,1,49,0,50,0,1,65,0,66,108,0,108,174
05/27/2019,UAO,OR,ANM,WE,Federal Contract Tower,0,0,48,0,48,0,5,19,2,26,0,5,67,2,74,52,0,52,126
05/28/2019,UAO,OR,ANM,WE,Federal Contract Tower,0,2,30,0,32,0,0,39,0,39,0,2,69,0,71,123,0,123,194
05/29/2019,UAO,OR,ANM,WE,Federal Contract Tower,0,0,20,0,20,0,1,76,0,77,0,1,96,0,97,106,0,106,203
05/30/2019,UAO,OR,ANM,WE,Federal Contract Tower,0,1,16,0,17,0,4,115,0,119,0,5,131,0,136,148,0,148,284
05/31/2019,UAO,OR,ANM,WE,Federal Contract Tower,0,1,11,0,12,0,2,127,0,129,0,3,138,0,141,130,0,130,271
06/01/2019,UAO,OR,ANM,WE,Federal Contract Tower,0,9,0,0,9,0,4,96,0,100,0,13,96,0,109,99,0,99,208
06/02/2019,UAO,OR,ANM,WE,Federal Contract Tower,0,2,15,0,17,0,6,80,0,86,0,8,95,0,103,75,0,75,178
06/03/2019,UAO,OR,ANM,WE,Federal Contract Tower,0,0,13,0,13,0,4,107,1,112,0,4,120,1,125,146,0,146,271
06/04/2019,UAO,OR,ANM,WE,Federal Contract Tower,0,0,16,0,16,0,10,147,0,157,0,10,163,0,173,202,0,202,375
06/05/2019,UAO,OR,ANM,WE,Federal Contract Tower,0,1,22,0,23,0,0,79,0,79,0,1,101,0,102,96,0,96,198
06/06/2019,UAO,OR,ANM,WE,Federal Contract Tower,0,0,18,0,18,0,3,112,0,115,0,3,130,0,133,150,0,150,283
06/07/2019,UAO,OR,ANM,WE,Federal Contract Tower,0,0,10,0,10,0,6,35,0,41,0,6,45,0,51,94,0,94,145
06/08/2019,UAO,OR,ANM,WE,Federal Contract Tower,0,0,19,0,19,0,5,112,0,117,0,5,131,0,136,172,0,172,308
06/09/2019,UAO,OR,ANM,WE,Federal Contract Tower,0,0,8,0,8,0,4,130,0,134,0,4,138,0,142,96,0,96,238
06/10/2019,UAO,OR,ANM,WE,Federal Contract Tower,0,0,12,0,12,0,5,139,0,144,0,5,151,0,156,62,0,62,218
06/11/2019,UAO,OR,ANM,WE,Federal Contract Tower,0,1,6,0,7,0,4,117,0,121,0,5,123,0,128,156,0,156,284
06/12/2019,UAO,OR,ANM,WE,Federal Contract Tower,0,2,17,0,19,0,6,78,0,84,0,8,95,0,103,10,0,10,113
06/13/2019,UAO,OR,ANM,WE,Federal Contract Tower,0,0,9,0,9,0,7,81,0,88,0,7,90,0,97,0,0,0,97
06/14/2019,UAO,OR,ANM,WE,Federal Contract Tower,0,0,25,0,25,0,3,147,0,150,0,3,172,0,175,140,0,140,315
06/15/2019,UAO,OR,ANM,WE,Federal Contract Tower,0,0,13,1,14,0,4,98,1,103,0,4,111,2,117,146,0,146,263
06/16/2019,UAO,OR,ANM,WE,Federal Contract Tower,0,0,10,0,10,0,6,82,0,88,0,6,92,0,98,108,0,108,206
06/17/2019,UAO,OR,ANM,WE,Federal Contract Tower,0,0,14,0,14,0,9,96,0,105,0,9,110,0,119,120,0,120,239
06/18/2019,UAO,OR,ANM,WE,Federal Contract Tower,0,0,23,0,23,0,7,99,0,106,0,7,122,0,129,128,0,128,257
06/19/2019,UAO,OR,ANM,WE,Federal Contract Tower,0,0,11,0,11,0,4,88,0,92,0,4,99,0,103,2,0,2,105
06/20/2019,UAO,OR,ANM,WE,Federal Contract Tower,0,1,10,0,11,0,5,48,0,53,0,6,58,0,64,6,0,6,70
06/21/2019,UAO,OR,ANM,WE,Federal Contract Tower,0,0,32,0,32,0,6,110,0,116,0,6,142,0,148,56,0,56,204
06/22/2019,UAO,OR,ANM,WE,Federal Contract Tower,0,0,16,0,16,0,9,97,1,107,0,9,113,1,123,60,0,60,183
06/23/2019,UAO,OR,ANM,WE,Federal Contract Tower,0,3,17,0,20,0,6,91,0,97,0,9,108,0,117,148,0,148,265
06/24/2019,UAO,OR,ANM,WE,Federal Contract Tower,0,0,15,0,15,0,4,127,0,131,0,4,142,0,146,126,0,126,272
06/25/2019,UAO,OR,ANM,WE,Federal Contract Tower,0,0,18,0,18,0,3,90,0,93,0,3,108,0,111,126,0,126,237
06/26/2019,UAO,OR,ANM,WE,Federal Contract Tower,0,1,6,0,7,0,0,70,0,70,0,1,76,0,77,2,0,2,79
06/27/2019,UAO,OR,ANM,WE,Federal Contract Tower,0,0,25,0,25,0,2,15,0,17,0,2,40,0,42,6,0,6,48
06/28/2019,UAO,OR,ANM,WE,Federal Contract Tower,0,4,27,0,31,0,6,78,0,84,0,10,105,0,115,128,0,128,243
06/29/2019,UAO,OR,ANM,WE,Federal Contract Tower,0,2,5,0,7,0,9,107,0,116,0,11,112,0,123,108,0,108,231
06/30/2019,UAO,OR,ANM,WE,Federal Contract Tower,0,0,15,0,15,0,3,134,0,137,0,3,149,0,152,86,0,86,238
07/01/2019,UAO,OR,ANM,WE,Federal Contract Tower,0,0,21,0,21,0,5,62,0,67,0,5,83,0,88,106,0,106,194
07/02/2019,UAO,OR,ANM,WE,Federal Contract Tower,0,1,33,0,34,0,1,63,0,64,0,2,96,0,98,152,0,152,250
07/03/2019,UAO,OR,ANM,WE,Federal Contract Tower,0,1,14,0,15,0,7,134,0,141,0,8,148,0,156,128,0,128,284
07/04/2019,UAO,OR,ANM,WE,Federal Contract Tower,0,1,6,0,7,0,4,61,0,65,0,5,67,0,72,24,0,24,96
07/05/2019,UAO,OR,ANM,WE,Federal Contract Tower,0,1,18,0,19,0,6,44,0,50,0,7,62,0,69,46,0,46,115
07/06/2019,UAO,OR,ANM,WE,Federal Contract Tower,0,0,18,0,18,0,4,77,0,81,0,4,95,0,99,160,0,160,259
07/07/2019,UAO,OR,ANM,WE,Federal Contract Tower,0,1,19,0,20,0,4,81,0,85,0,5,100,0,105,132,0,132,237
07/08/2019,UAO,OR,ANM,WE,Federal Contract Tower,0,0,17,0,17,0,2,118,0,120,0,2,135,0,137,132,0,132,269
07/09/2019,UAO,OR,ANM,WE,Federal Contract Tower,0,0,25,0,25,0,1,111,0,112,0,1,136,0,137,122,0,122,259
07/10/2019,UAO,OR,ANM,WE,Federal Contract Tower,0,1,27,0,28,0,4,53,0,57,0,5,80,0,85,84,0,84,169
07/12/2019,UAO,OR,ANM,WE,Federal Contract Tower,0,1,18,0,19,0,25,141,0,166,0,26,159,0,185,234,0,234,419
07/13/2019,UAO,OR,ANM,WE,Federal Contract Tower,0,3,17,0,20,0,7,119,0,126,0,10,136,0,146,136,0,136,282
07/14/2019,UAO,OR,ANM,WE,Federal Contract Tower,0,0,19,0,19,0,7,95,0,102,0,7,114,0,121,92,0,92,213
07/15/2019,UAO,OR,ANM,WE,Federal Contract Tower,0,1,26,0,27,0,3,72,0,75,0,4,98,0,102,91,0,91,193
07/16/2019,UAO,OR,ANM,WE,Federal Contract Tower,0,1,19,0,20,0,1,103,0,104,0,2,122,0,124,246,0,246,370
07/17/2019,UAO,OR,ANM,WE,Federal Contract Tower,0,0,26,0,26,0,2,81,0,83,0,2,107,0,109,87,0,87,196
07/18/2019,UAO,OR,ANM,WE,Federal Contract Tower,0,0,29,0,29,0,4,75,0,79,0,4,104,0,108,130,0,130,238
07/19/2019,UAO,OR,ANM,WE,Federal Contract Tower,0,1,16,0,17,0,6,142,0,148,0,7,158,0,165,118,0,118,283
07/20/2019,UAO,OR,ANM,WE,Federal Contract Tower,0,0,7,0,7,0,3,114,0,117,0,3,121,0,124,118,0,118,242
07/21/2019,UAO,OR,ANM,WE,Federal Contract Tower,0,0,17,0,17,0,4,119,0,123,0,4,136,0,140,58,0,58,198
07/22/2019,UAO,OR,ANM,WE,Federal Contract Tower,0,0,12,0,12,0,14,88,0,102,0,14,100,0,114,86,0,86,200
07/23/2019,UAO,OR,ANM,WE,Federal Contract Tower,0,2,26,0,28,0,9,98,0,107,0,11,124,0,135,162,0,162,297
07/24/2019,UAO,OR,ANM,WE,Federal Contract Tower,0,0,17,0,17,0,1,95,0,96,0,1,112,0,113,132,0,132,245
07/25/2019,UAO,OR,ANM,WE,Federal Contract Tower,0,3,22,0,25,0,9,99,0,108,0,12,121,0,133,140,0,140,273
07/26/2019,UAO,OR,ANM,WE,Federal Contract Tower,0,0,14,0,14,0,5,141,0,146,0,5,155,0,160,116,0,116,276
07/27/2019,UAO,OR,ANM,WE,Federal Contract Tower,0,0,22,0,22,0,8,62,0,70,0,8,84,0,92,120,0,120,212
07/28/2019,UAO,OR,ANM,WE,Federal Contract Tower,0,0,15,0,15,0,6,94,0,100,0,6,109,0,115,59,0,59,174
07/29/2019,UAO,OR,ANM,WE,Federal Contract Tower,0,0,11,0,11,0,8,116,0,124,0,8,127,0,135,112,0,112,247
07/30/2019,UAO,OR,ANM,WE,Federal Contract Tower,0,0,10,0,10,0,11,83,0,94,0,11,93,0,104,125,0,125,229
07/31/2019,UAO,OR,ANM,WE,Federal Contract Tower,0,0,16,0,16,0,7,88,2,97,0,7,104,2,113,149,0,149,262
08/01/2019,UAO,OR,ANM,WE,Federal Contract Tower,0,5,18,0,23,0,5,105,0,110,0,10,123,0,133,106,0,106,239
08/02/2019,UAO,OR,ANM,WE,Federal Contract Tower,0,2,41,0,43,0,1,78,0,79,0,3,119,0,122,98,0,98,220
08/03/2019,UAO,OR,ANM,WE,Federal Contract Tower,0,0,10,0,10,0,7,108,0,115,0,7,118,0,125,106,0,106,231
08/04/2019,UAO,OR,ANM,WE,Federal Contract Tower,0,0,22,0,22,0,5,82,2,89,0,5,104,2,111,50,0,50,161
08/05/2019,UAO,OR,ANM,WE,Federal Contract Tower,0,1,20,0,21,0,7,128,0,135,0,8,148,0,156,140,1,141,297
08/06/2019,UAO,OR,ANM,WE,Federal Contract Tower,0,0,10,0,10,0,9,108,1,118,0,9,118,1,128,181,0,181,309
08/07/2019,UAO,OR,ANM,WE,Federal Contract Tower,0,2,46,0,48,0,6,59,0,65,0,8,105,0,113,75,0,75,188
08/08/2019,UAO,OR,ANM,WE,Federal Contract Tower,0,0,31,0,31,0,3,19,0,22,0,3,50,0,53,70,0,70,123
08/09/2019,UAO,OR,ANM,WE,Federal Contract Tower,0,3,26,0,29,0,10,95,0,105,0,13,121,0,134,129,0,129,263
08/10/2019,UAO,OR,ANM,WE,Federal Contract Tower,0,0,16,0,16,0,3,39,0,42,0,3,55,0,58,111,0,111,169
08/11/2019,UAO,OR,ANM,WE,Federal Contract Tower,0,1,33,0,34,0,4,83,0,87,0,5,116,0,121,80,0,80,201
08/13/2019,UAO,OR,ANM,WE,Federal Contract Tower,0,6,18,0,24,0,5,123,0,128,0,11,141,0,152,202,0,202,354
08/14/2019,UAO,OR,ANM,WE,Federal Contract Tower,0,0,26,0,26,0,6,187,0,193,0,6,213,0,219,222,0,222,441
08/15/2019,UAO,OR,ANM,WE,Federal Contract Tower,0,0,30,0,30,0,6,130,0,136,0,6,160,0,166,76,0,76,242
08/16/2019,UAO,OR,ANM,WE,Federal Contract Tower,0,1,25,0,26,0,10,149,0,159,0,11,174,0,185,196,0,196,381
08/17/2019,UAO,OR,ANM,WE,Federal Contract Tower,0,5,21,2,28,0,4,119,11,134,0,9,140,13,162,136,0,136,298
08/18/2019,UAO,OR,ANM,WE,Federal Contract Tower,0,2,17,0,19,0,4,78,0,82,0,6,95,0,101,78,0,78,179
08/19/2019,UAO,OR,ANM,WE,Federal Contract Tower,0,4,12,0,16,0,4,77,0,81,0,8,89,0,97,138,0,138,235
08/20/2019,UAO,OR,ANM,WE,Federal Contract Tower,0,0,9,0,9,0,6,119,0,125,0,6,128,0,134,92,0,92,226
08/21/2019,UAO,OR,ANM,WE,Federal Contract Tower,0,4,36,0,40,0,3,49,0,52,0,7,85,0,92,122,0,122,214
08/22/2019,UAO,OR,ANM,WE,Federal Contract Tower,0,2,24,0,26,0,1,130,1,132,0,3,154,1,158,152,2,154,312
08/23/2019,UAO,OR,ANM,WE,Federal Contract Tower,0,2,9,0,11,0,3,151,0,154,0,5,160,0,165,98,0,98,263
08/24/2019,UAO,OR,ANM,WE,Federal Contract Tower,0,1,10,0,11,0,4,129,1,134,0,5,139,1,145,100,0,100,245
08/25/2019,UAO,OR,ANM,WE,Federal Contract Tower,0,0,15,0,15,0,4,110,2,116,0,4,125,2,131,146,0,146,277
08/26/2019,UAO,OR,ANM,WE,Federal Contract Tower,0,0,11,1,12,0,4,114,0,118,0,4,125,1,130,153,0,153,283
08/27/2019,UAO,OR,ANM,WE,Federal Contract Tower,0,1,16,0,17,0,3,90,0,93,0,4,106,0,110,56,0,56,166
08/28/2019,UAO,OR,ANM,WE,Federal Contract Tower,0,2,21,0,23,0,5,137,0,142,0,7,158,0,165,100,2,102,267
08/29/2019,UAO,OR,ANM,WE,Federal Contract Tower,0,3,18,0,21,0,0,114,0,114,0,3,132,0,135,228,0,228,363
08/30/2019,UAO,OR,ANM,WE,Federal Contract Tower,0,0,46,0,46,0,4,140,0,144,0,4,186,0,190,120,0,120,310
08/31/2019,UAO,OR,ANM,WE,Federal Contract Tower,0,0,14,0,14,0,5,102,0,107,0,5,116,0,121,122,0,122,243
09/01/2019,UAO,OR,ANM,WE,Federal Contract Tower,0,0,19,0,19,0,0,68,0,68,0,0,87,0,87,117,0,117,204
09/02/2019,UAO,OR,ANM,WE,Federal Contract Tower,0,1,21,0,22,0,9,103,0,112,0,10,124,0,134,138,0,138,272
09/03/2019,UAO,OR,ANM,WE,Federal Contract Tower,0,3,13,0,16,0,3,127,0,130,0,6,140,0,146,184,0,184,330
09/04/2019,UAO,OR,ANM,WE,Federal Contract Tower,0,4,38,0,42,0,4,87,0,91,0,8,125,0,133,174,0,174,307
09/05/2019,UAO,OR,ANM,WE,Federal Contract Tower,0,0,21,0,21,0,0,119,0,119,0,0,140,0,140,176,0,176,316
09/06/2019,UAO,OR,ANM,WE,Federal Contract Tower,0,1,23,0,24,0,6,117,0,123,0,7,140,0,147,150,0,150,297
09/07/2019,UAO,OR,ANM,WE,Federal Contract Tower,0,1,18,0,19,0,0,12,0,12,0,1,30,0,31,32,0,32,63
09/08/2019,UAO,OR,ANM,WE,Federal Contract Tower,0,2,41,2,45,0,0,13,1,14,0,2,54,3,59,0,0,0,59
09/09/2019,UAO,OR,ANM,WE,Federal Contract Tower,0,1,29,0,30,0,0,32,0,32,0,1,61,0,62,38,0,38,100
09/10/2019,UAO,OR,ANM,WE,Federal Contract Tower,0,6,28,0,34,0,5,35,0,40,0,11,63,0,74,26,0,26,100
09/11/2019,UAO,OR,ANM,WE,Federal Contract Tower,0,2,29,0,31,0,6,80,0,86,0,8,109,0,117,92,0,92,209
09/12/2019,UAO,OR,ANM,WE,Federal Contract Tower,0,0,25,0,25,0,5,120,0,125,0,5,145,0,150,137,0,137,287
09/13/2019,UAO,OR,ANM,WE,Federal Contract Tower,0,1,31,0,32,0,3,77,0,80,0,4,108,0,112,114,0,114,226
09/14/2019,UAO,OR,ANM,WE,Federal Contract Tower,0,1,21,0,22,0,1,109,7,117,0,2,130,7,139,108,0,108,247
09/15/2019,UAO,OR,ANM,WE,Federal Contract Tower,0,0,28,0,28,0,2,4,0,6,0,2,32,0,34,18,0,18,52
09/16/2019,UAO,OR,ANM,WE,Federal Contract Tower,0,5,18,0,23,0,1,23,0,24,0,6,41,0,47,34,0,34,81
09/17/2019,UAO,OR,ANM,WE,Federal Contract Tower,0,2,37,0,39,0,1,8,0,9,0,3,45,0,48,12,0,12,60
09/18/2019,UAO,OR,ANM,WE,Federal Contract Tower,0,2,33,2,37,0,2,38,0,40,0,4,71,2,77,112,0,112,189
09/19/2019,UAO,OR,ANM,WE,Federal Contract Tower,0,0,56,0,56,0,6,102,0,108,0,6,158,0,164,114,0,114,278
09/20/2019,UAO,OR,ANM,WE,Federal Contract Tower,0,2,59,0,61,0,6,60,0,66,0,8,119,0,127,104,0,104,231
09/21/2019,UAO,OR,ANM,WE,Federal Contract Tower,0,0,23,0,23,0,3,82,0,85,0,3,105,0,108,68,0,68,176
09/22/2019,UAO,OR,ANM,WE,Federal Contract Tower,0,0,37,0,37,0,0,8,0,8,0,0,45,0,45,6,0,6,51
09/23/2019,UAO,OR,ANM,WE,Federal Contract Tower,0,1,17,0,18,0,5,115,0,120,0,6,132,0,138,152,0,152,290
09/24/2019,UAO,OR,ANM,WE,Federal Contract Tower,0,2,20,0,22,0,6,57,0,63,0,8,77,0,85,94,1,95,180
09/25/2019,UAO,OR,ANM,WE,Federal Contract Tower,0,0,42,0,42,0,2,89,0,91,0,2,131,0,133,58,0,58,191
09/26/2019,UAO,OR,ANM,WE,Federal Contract Tower,0,2,39,0,41,0,2,47,0,49,0,4,86,0,90,132,0,132,222
09/27/2019,UAO,OR,ANM,WE,Federal Contract Tower,0,2,35,1,38,0,1,57,0,58,0,3,92,1,96,97,0,97,193
09/28/2019,UAO,OR,ANM,WE,Federal Contract Tower,0,0,15,0,15,0,1,58,1,60,0,1,73,1,75,14,0,14,89
09/29/2019,UAO,OR,ANM,WE,Federal Contract Tower,0,1,13,0,14,0,4,27,0,31,0,5,40,0,45,80,0,80,125
09/30/2019,UAO,OR,ANM,WE,Federal Contract Tower,0,1,21,0,22,0,0,154,0,154,0,1,175,0,176,72,0,72,248
10/01/2019,UAO,OR,ANM,WE,Federal Contract Tower,0,0,17,0,17,0,14,150,0,164,0,14,167,0,181,136,0,136,317
10/02/2019,UAO,OR,ANM,WE,Federal Contract Tower,0,0,24,0,24,0,4,105,0,109,0,4,129,0,133,96,0,96,229
10/03/2019,UAO,OR,ANM,WE,Federal Contract Tower,0,5,13,1,19,0,1,18,0,19,0,6,31,1,38,42,0,42,80
10/04/2019,UAO,OR,ANM,WE,Federal Contract Tower,0,2,19,0,21,0,5,67,0,72,0,7,86,0,93,70,0,70,163
10/05/2019,UAO,OR,ANM,WE,Federal Contract Tower,0,0,24,1,25,0,3,80,1,84,0,3,104,2,109,68,0,68,177
10/06/2019,UAO,OR,ANM,WE,Federal Contract Tower,0,7,22,0,29,0,6,103,1,110,0,13,125,1,139,56,0,56,195
10/07/2019,UAO,OR,ANM,WE,Federal Contract Tower,0,0,19,0,19,0,5,116,0,121,0,5,135,0,140,146,0,146,286
10/08/2019,UAO,OR,ANM,WE,Federal Contract Tower,0,0,20,0,20,0,2,50,1,53,0,2,70,1,73,22,0,22,95
10/09/2019,UAO,OR,ANM,WE,Federal Contract Tower,0,0,14,0,14,0,4,157,0,161,0,4,171,0,175,106,0,106,281
10/10/2019,UAO,OR,ANM,WE,Federal Contract Tower,0,0,13,0,13,0,3,125,0,128,0,3,138,0,141,102,0,102,243
10/11/2019,UAO,OR,ANM,WE,Federal Contract Tower,0,0,10,0,10,0,2,134,0,136,0,2,144,0,146,112,0,112,258
10/12/2019,UAO,OR,ANM,WE,Federal Contract Tower,0,2,14,0,16,0,5,131,0,136,0,7,145,0,152,83,0,83,235
10/13/2019,UAO,OR,ANM,WE,Federal Contract Tower,0,1,14,0,15,0,6,79,0,85,0,7,93,0,100,74,0,74,174
10/14/2019,UAO,OR,ANM,WE,Federal Contract Tower,0,0,10,0,10,0,7,123,0,130,0,7,133,0,140,136,0,136,276
10/15/2019,UAO,OR,ANM,WE,Federal Contract Tower,0,0,9,0,9,0,7,110,0,117,0,7,119,0,126,152,0,152,278
10/16/2019,UAO,OR,ANM,WE,Federal Contract Tower,0,0,26,0,26,0,0,4,0,4,0,0,30,0,30,10,0,10,40
10/17/2019,UAO,OR,ANM,WE,Federal Contract Tower,0,3,29,0,32,0,2,8,0,10,0,5,37,0,42,0,0,0,42
10/18/2019,UAO,OR,ANM,WE,Federal Contract Tower,0,1,36,0,37,0,5,45,0,50,0,6,81,0,87,112,0,112,199
10/19/2019,UAO,OR,ANM,WE,Federal Contract Tower,0,0,17,0,17,0,2,9,0,11,0,2,26,0,28,34,0,34,62
10/20/2019,UAO,OR,ANM,WE,Federal Contract Tower,0,0,30,0,30,0,2,11,0,13,0,2,41,0,43,30,0,30,73
10/21/2019,UAO,OR,ANM,WE,Federal Contract Tower,0,4,32,0,36,0,4,37,0,41,0,8,69,0,77,106,0,106,183
10/22/2019,UAO,OR,ANM,WE,Federal Contract Tower,0,0,11,0,11,0,2,71,0,73,0,2,82,0,84,200,0,200,284
10/23/2019,UAO,OR,ANM,WE,Federal Contract Tower,0,2,32,0,34,0,0,54,0,54,0,2,86,0,88,96,0,96,184
10/24/2019,UAO,OR,ANM,WE,Federal Contract Tower,0,1,13,3,17,0,0,156,0,156,0,1,169,3,173,184,0,184,357
10/25/2019,UAO,OR,ANM,WE,Federal Contract Tower,0,0,23,0,23,0,2,98,0,100,0,2,121,0,123,102,4,106,229
10/26/2019,UAO,OR,ANM,WE,Federal Contract Tower,0,0,14,0,14,0,2,139,0,141,0,2,153,0,155,110,0,110,265
10/27/2019,UAO,OR,ANM,WE,Federal Contract Tower,0,2,13,0,15,0,5,104,0,109,0,7,117,0,124,76,0,76,200
10/28/2019,UAO,OR,ANM,WE,Federal Contract Tower,0,0,19,0,19,0,1,121,0,122,0,1,140,0,141,122,0,122,263
10/29/2019,UAO,OR,ANM,WE,Federal Contract Tower,0,0,10,0,10,0,1,47,0,48,0,1,57,0,58,13,3,16,74
10/30/2019,UAO,OR,ANM,WE,Federal Contract Tower,0,2,15,0,17,0,3,121,0,124,0,5,136,0,141,84,0,84,225
10/31/2019,UAO,OR,ANM,WE,Federal Contract Tower,0,0,16,0,16,0,1,125,0,126,0,1,141,0,142,72,1,73,215
11/01/2019,UAO,OR,ANM,WE,Federal Contract Tower,0,1,13,0,14,0,2,135,0,137,0,3,148,0,151,92,0,92,243
11/02/2019,UAO,OR,ANM,WE,Federal Contract Tower,0,1,2,0,3,0,0,158,0,158,0,1,160,0,161,134,0,134,295
11/03/2019,UAO,OR,ANM,WE,Federal Contract Tower,0,1,15,0,16,0,0,119,0,119,0,1,134,0,135,102,0,102,237
11/04/2019,UAO,OR,ANM,WE,Federal Contract Tower,0,0,9,0,9,0,4,57,0,61,0,4,66,0,70,62,0,62,132
11/05/2019,UAO,OR,ANM,WE,Federal Contract Tower,0,0,12,0,12,0,0,0,0,0,0,0,12,0,12,0,0,0,12
11/06/2019,UAO,OR,ANM,WE,Federal Contract Tower,0,1,24,1,26,0,0,90,2,92,0,1,114,3,118,110,8,118,236
11/07/2019,UAO,OR,ANM,WE,Federal Contract Tower,0,0,28,0,28,0,1,75,0,76,0,1,103,0,104,120,0,120,224
11/08/2019,UAO,OR,ANM,WE,Federal Contract Tower,0,0,16,0,16,0,0,88,1,89,0,0,104,1,105,68,0,68,173
11/09/2019,UAO,OR,ANM,WE,Federal Contract Tower,0,2,18,0,20,0,0,2,0,2,0,2,20,0,22,0,0,0,22
11/10/2019,UAO,OR,ANM,WE,Federal Contract Tower,0,0,44,0,44,0,0,0,0,0,0,0,44,0,44,0,0,0,44
11/11/2019,UAO,OR,ANM,WE,Federal Contract Tower,0,0,19,0,19,0,4,129,0,133,0,4,148,0,152,98,0,98,250
11/12/2019,UAO,OR,ANM,WE,Federal Contract Tower,0,4,27,0,31,0,0,0,0,0,0,4,27,0,31,4,0,4,35
11/13/2019,UAO,OR,ANM,WE,Federal Contract Tower,0,0,29,0,29,0,2,70,0,72,0,2,99,0,101,82,0,82,183
11/14/2019,UAO,OR,ANM,WE,Federal Contract Tower,0,0,25,0,25,0,2,86,0,88,0,2,111,0,113,90,0,90,203
11/15/2019,UAO,OR,ANM,WE,Federal Contract Tower,0,3,27,0,30,0,1,28,0,29,0,4,55,0,59,22,0,22,81
11/16/2019,UAO,OR,ANM,WE,Federal Contract Tower,0,4,33,0,37,0,0,17,0,17,0,4,50,0,54,4,0,4,58
11/17/2019,UAO,OR,ANM,WE,Federal Contract Tower,0,0,26,0,26,0,2,37,0,39,0,2,63,0,65,78,0,78,143
11/18/2019,UAO,OR,ANM,WE,Federal Contract Tower,0,1,30,0,31,0,0,12,0,12,0,1,42,0,43,28,0,28,71
11/19/2019,UAO,OR,ANM,WE,Federal Contract Tower,0,1,27,0,28,0,0,59,0,59,0,1,86,0,87,128,0,128,215
11/20/2019,UAO,OR,ANM,WE,Federal Contract Tower,0,0,14,0,14,0,1,145,0,146,0,1,159,0,160,96,0,96,256
11/21/2019,UAO,OR,ANM,WE,Federal Contract Tower,0,1,13,0,14,0,2,122,0,124,0,3,135,0,138,92,0,92,230
11/22/2019,UAO,OR,ANM,WE,Federal Contract Tower,0,3,18,0,21,0,5,141,0,146,0,8,159,0,167,102,0,102,269
11/23/2019,UAO,OR,ANM,WE,Federal Contract Tower,0,1,22,0,23,0,1,85,0,86,0,2,107,0,109,42,0,42,151
11/24/2019,UAO,OR,ANM,WE,Federal Contract Tower,0,0,13,0,13,0,0,21,0,21,0,0,34,0,34,24,0,24,58
11/25/2019,UAO,OR,ANM,WE,Federal Contract Tower,0,1,14,0,15,0,2,66,0,68,0,3,80,0,83,61,0,61,144
11/26/2019,UAO,OR,ANM,WE,Federal Contract Tower,0,0,16,0,16,0,2,44,0,46,0,2,60,0,62,44,0,44,106
11/27/2019,UAO,OR,ANM,WE,Federal Contract Tower,0,2,10,0,12,0,3,65,0,68,0,5,75,0,80,71,0,71,151
11/28/2019,UAO,OR,ANM,WE,Federal Contract Tower,0,0,9,0,9,0,0,17,0,17,0,0,26,0,26,20,0,20,46
11/29/2019,UAO,OR,ANM,WE,Federal Contract Tower,0,0,4,0,4,0,2,104,0,106,0,2,108,0,110,70,0,70,180
11/30/2019,UAO,OR,ANM,WE,Federal Contract Tower,0,0,15,0,15,0,7,75,0,82,0,7,90,0,97,71,0,71,168
12/01/2019,UAO,OR,ANM,WE,Federal Contract Tower,0,2,26,0,28,0,0,21,0,21,0,2,47,0,49,34,0,34,83
12/02/2019,UAO,OR,ANM,WE,Federal Contract Tower,0,2,24,0,26,0,7,87,2,96,0,9,111,2,122,82,0,82,204
12/03/2019,UAO,OR,ANM,WE,Federal Contract Tower,0,0,19,0,19,0,0,46,0,46,0,0,65,0,65,100,0,100,165
12/04/2019,UAO,OR,ANM,WE,Federal Contract Tower,0,0,18,0,18,0,0,27,0,27,0,0,45,0,45,64,0,64,109
12/05/2019,UAO,OR,ANM,WE,Federal Contract Tower,0,0,15,0,15,0,2,35,0,37,0,2,50,0,52,74,0,74,126
12/06/2019,UAO,OR,ANM,WE,Federal Contract Tower,0,1,14,0,15,0,0,89,0,89,0,1,103,0,104,128,0,128,232
12/07/2019,UAO,OR,ANM,WE,Federal Contract Tower,0,3,17,0,20,0,0,0,0,0,0,3,17,0,20,0,0,0,20
12/08/2019,UAO,OR,ANM,WE,Federal Contract Tower,0,3,13,0,16,0,0,6,0,6,0,3,19,0,22,28,0,28,50
12/09/2019,UAO,OR,ANM,WE,Federal Contract Tower,0,0,29,0,29,0,0,21,0,21,0,0,50,0,50,76,0,76,126
12/10/2019,UAO,OR,ANM,WE,Federal Contract Tower,0,1,22,0,23,0,0,0,0,0,0,1,22,0,23,0,0,0,23
12/11/2019,UAO,OR,ANM,WE,Federal Contract Tower,0,0,28,0,28,0,0,26,0,26,0,0,54,0,54,95,0,95,149
12/12/2019,UAO,OR,ANM,WE,Federal Contract Tower,0,0,15,0,15,0,2,13,0,15,0,2,28,0,30,40,0,40,70
12/13/2019,UAO,OR,ANM,WE,Federal Contract Tower,0,3,30,0,33,0,0,3,0,3,0,3,33,0,36,0,0,0,36
12/14/2019,UAO,OR,ANM,WE,Federal Contract Tower,0,0,14,0,14,0,0,43,0,43,0,0,57,0,57,72,0,72,129
12/15/2019,UAO,OR,ANM,WE,Federal Contract Tower,0,1,20,0,21,0,0,36,0,36,0,1,56,0,57,88,0,88,145
12/16/2019,UAO,OR,ANM,WE,Federal Contract Tower,0,1,26,0,27,0,2,151,2,155,0,3,177,2,182,121,0,121,303
12/17/2019,UAO,OR,ANM,WE,Federal Contract Tower,0,0,24,0,24,0,1,115,1,117,0,1,139,1,141,74,0,74,215
12/18/2019,UAO,OR,ANM,WE,Federal Contract Tower,0,0,22,0,22,0,0,40,0,40,0,0,62,0,62,54,0,54,116
12/19/2019,UAO,OR,ANM,WE,Federal Contract Tower,0,0,22,0,22,0,0,3,0,3,0,0,25,0,25,24,0,24,49
12/20/2019,UAO,OR,ANM,WE,Federal Contract Tower,0,1,13,0,14,0,0,5,0,5,0,1,18,0,19,0,0,0,19
12/21/2019,UAO,OR,ANM,WE,Federal Contract Tower,0,2,18,0,20,0,0,4,0,4,0,2,22,0,24,0,0,0,24
12/22/2019,UAO,OR,ANM,WE,Federal Contract Tower,0,0,15,0,15,0,0,5,0,5,0,0,20,0,20,24,0,24,44
12/23/2019,UAO,OR,ANM,WE,Federal Contract Tower,0,1,27,0,28,0,1,43,0,44,0,2,70,0,72,60,0,60,132
12/24/2019,UAO,OR,ANM,WE,Federal Contract Tower,0,0,6,0,6,0,2,3,0,5,0,2,9,0,11,13,0,13,24
12/25/2019,UAO,OR,ANM,WE,Federal Contract Tower,0,0,7,0,7,0,3,6,0,9,0,3,13,0,16,18,0,18,34
12/26/2019,UAO,OR,ANM,WE,Federal Contract Tower,0,0,29,0,29,0,0,50,0,50,0,0,79,0,79,42,0,42,121
12/27/2019,UAO,OR,ANM,WE,Federal Contract Tower,0,2,13,0,15,0,0,15,0,15,0,2,28,0,30,18,0,18,48
12/28/2019,UAO,OR,ANM,WE,Federal Contract Tower,0,1,19,0,20,0,0,1,0,1,0,1,20,0,21,0,0,0,21
12/29/2019,UAO,OR,ANM,WE,Federal Contract Tower,0,3,15,0,18,0,2,39,0,41,0,5,54,0,59,80,0,80,139
12/30/2019,UAO,OR,ANM,WE,Federal Contract Tower,0,1,17,0,18,0,11,115,0,126,0,12,132,0,144,96,0,96,240
12/31/2019,UAO,OR,ANM,WE,Federal Contract Tower,0,1,17,0,18,0,0,22,0,22,0,1,39,0,40,22,0,22,62
01/01/2020,UAO,OR,ANM,WE,Federal Contract Tower,0,0,14,0,14,0,0,12,0,12,0,0,26,0,26,2,0,2,28
01/02/2020,UAO,OR,ANM,WE,Federal Contract Tower,0,0,17,0,17,0,3,24,0,27,0,3,41,0,44,42,0,42,86
01/03/2020,UAO,OR,ANM,WE,Federal Contract Tower,0,3,26,3,32,0,3,96,0,99,0,6,122,3,131,54,0,54,185
01/04/2020,UAO,OR,ANM,WE,Federal Contract Tower,0,4,13,0,17,0,0,37,0,37,0,4,50,0,54,68,0,68,122
01/05/2020,UAO,OR,ANM,WE,Federal Contract Tower,0,0,14,0,14,0,0,20,0,20,0,0,34,0,34,70,0,70,104
01/06/2020,UAO,OR,ANM,WE,Federal Contract Tower,0,2,6,0,8,0,0,1,0,1,0,2,7,0,9,0,0,0,9
01/07/2020,UAO,OR,ANM,WE,Federal Contract Tower,0,0,9,0,9,0,1,24,0,25,0,1,33,0,34,14,0,14,48
01/08/2020,UAO,OR,ANM,WE,Federal Contract Tower,0,0,18,0,18,0,0,49,0,49,0,0,67,0,67,28,0,28,95
01/09/2020,UAO,OR,ANM,WE,Federal Contract Tower,0,0,9,0,9,0,0,8,0,8,0,0,17,0,17,8,0,8,25
01/10/2020,UAO,OR,ANM,WE,Federal Contract Tower,0,2,17,0,19,0,3,5,0,8,0,5,22,0,27,4,0,4,31
01/11/2020,UAO,OR,ANM,WE,Federal Contract Tower,0,1,9,0,10,0,0,28,0,28,0,1,37,0,38,68,0,68,106
01/12/2020,UAO,OR,ANM,WE,Federal Contract Tower,0,0,9,0,9,0,0,8,0,8,0,0,17,0,17,6,0,6,23
01/13/2020,UAO,OR,ANM,WE,Federal Contract Tower,0,6,9,0,15,0,0,0,0,0,0,6,9,0,15,2,0,2,17
01/14/2020,UAO,OR,ANM,WE,Federal Contract Tower,0,0,14,0,14,0,0,62,0,62,0,0,76,0,76,146,0,146,222
01/15/2020,UAO,OR,ANM,WE,Federal Contract Tower,0,0,13,0,13,0,2,29,0,31,0,2,42,0,44,14,0,14,58
01/16/2020,UAO,OR,ANM,WE,Federal Contract Tower,0,0,25,0,25,0,0,29,0,29,0,0,54,0,54,100,0,100,154
01/17/2020,UAO,OR,ANM,WE,Federal Contract Tower,0,1,16,0,17,0,0,39,0,39,0,1,55,0,56,42,0,42,98
01/18/2020,UAO,OR,ANM,WE,Federal Contract Tower,0,0,12,0,12,0,0,14,0,14,0,0,26,0,26,56,0,56,82
01/19/2020,UAO,OR,ANM,WE,Federal Contract Tower,0,0,16,0,16,0,4,110,0,114,0,4,126,0,130,196,0,196,326
01/20/2020,UAO,OR,ANM,WE,Federal Contract Tower,0,0,23,0,23,0,0,92,0,92,0,0,115,0,115,102,0,102,217
01/21/2020,UAO,OR,ANM,WE,Federal Contract Tower,0,2,17,0,19,0,0,18,0,18,0,2,35,0,37,58,0,58,95
01/22/2020,UAO,OR,ANM,WE,Federal Contract Tower,0,0,20,0,20,0,2,29,0,31,0,2,49,0,51,5,0,5,56
01/23/2020,UAO,OR,ANM,WE,Federal Contract Tower,0,0,23,0,23,0,0,8,0,8,0,0,31,0,31,0,0,0,31
01/24/2020,UAO,OR,ANM,WE,Federal Contract Tower,0,2,30,0,32,0,1,92,0,93,0,3,122,0,125,130,0,130,255
01/25/2020,UAO,OR,ANM,WE,Federal Contract Tower,0,1,15,0,16,0,0,97,0,97,0,1,112,0,113,88,0,88,201
01/26/2020,UAO,OR,ANM,WE,Federal Contract Tower,0,1,13,0,14,0,3,31,0,34,0,4,44,0,48,90,0,90,138
01/27/2020,UAO,OR,ANM,WE,Federal Contract Tower,0,0,9,0,9,0,1,39,0,40,0,1,48,0,49,54,0,54,103
01/28/2020,UAO,OR,ANM,WE,Federal Contract Tower,0,0,26,0,26,0,1,6,0,7,0,1,32,0,33,0,0,0,33
01/29/2020,UAO,OR,ANM,WE,Federal Contract Tower,0,0,20,0,20,0,0,13,0,13,0,0,33,0,33,40,0,40,73
01/30/2020,UAO,OR,ANM,WE,Federal Contract Tower,0,0,26,0,26,0,0,81,0,81,0,0,107,0,107,117,0,117,224
01/31/2020,UAO,OR,ANM,WE,Federal Contract Tower,0,1,16,0,17,0,0,48,0,48,0,1,64,0,65,44,0,44,109
02/01/2020,UAO,OR,ANM,WE,Federal Contract Tower,0,2,18,0,20,0,1,30,0,31,0,3,48,0,51,76,0,76,127
02/02/2020,UAO,OR,ANM,WE,Federal Contract Tower,0,0,11,0,11,0,2,37,0,39,0,2,48,0,50,108,0,108,158
02/03/2020,UAO,OR,ANM,WE,Federal Contract Tower,0,0,11,0,11,0,1,94,0,95,0,1,105,0,106,54,0,54,160
02/04/2020,UAO,OR,ANM,WE,Federal Contract Tower,0,0,27,0,27,0,0,87,2,89,0,0,114,2,116,108,4,112,228
02/05/2020,UAO,OR,ANM,WE,Federal Contract Tower,0,0,27,0,27,0,0,8,0,8,0,0,35,0,35,22,0,22,57
02/06/2020,UAO,OR,ANM,WE,Federal Contract Tower,0,0,23,0,23,0,0,29,0,29,0,0,52,0,52,90,0,90,142
02/07/2020,UAO,OR,ANM,WE,Federal Contract Tower,0,1,30,0,31,0,0,30,0,30,0,1,60,0,61,24,0,24,85
02/08/2020,UAO,OR,ANM,WE,Federal Contract Tower,0,0,20,0,20,0,1,46,0,47,0,1,66,0,67,106,0,106,173
02/09/2020,UAO,OR,ANM,WE,Federal Contract Tower,0,2,29,0,31,0,1,43,0,44,0,3,72,0,75,64,0,64,139
02/10/2020,UAO,OR,ANM,WE,Federal Contract Tower,0,0,20,0,20,0,1,122,0,123,0,1,142,0,143,174,0,174,317
02/11/2020,UAO,OR,ANM,WE,Federal Contract Tower,0,0,12,0,12,0,1,9,0,10,0,1,21,0,22,8,0,8,30
02/12/2020,UAO,OR,ANM,WE,Federal Contract Tower,0,0,27,0,27,0,0,61,0,61,0,0,88,0,88,99,0,99,187
02/13/2020,UAO,OR,ANM,WE,Federal Contract Tower,0,2,25,0,27,0,0,0,0,0,0,2,25,0,27,0,0,0,27
02/14/2020,UAO,OR,ANM,WE,Federal Contract Tower,0,0,24,0,24,0,0,75,0,75,0,0,99,0,99,86,0,86,185
02/15/2020,UAO,OR,ANM,WE,Federal Contract Tower,0,1,19,0,20,0,2,6,0,8,0,3,25,0,28,42,0,42,70
02/16/2020,UAO,OR,ANM,WE,Federal Contract Tower,0,0,15,0,15,0,2,41,0,43,0,2,56,0,58,84,0,84,142
02/17/2020,UAO,OR,ANM,WE,Federal Contract Tower,0,0,23,0,23,0,3,125,0,128,0,3,148,0,151,128,0,128,279
02/18/2020,UAO,OR,ANM,WE,Federal Contract Tower,0,0,19,0,19,0,3,121,0,124,0,3,140,0,143,118,0,118,261
02/19/2020,UAO,OR,ANM,WE,Federal Contract Tower,0,0,21,0,21,0,0,120,0,120,0,0,141,0,141,64,0,64,205
02/20/2020,UAO,OR,ANM,WE,Federal Contract Tower,0,1,20,0,21,0,1,114,0,115,0,2,134,0,136,86,0,86,222
02/21/2020,UAO,OR,ANM,WE,Federal Contract Tower,0,2,24,0,26,0,3,141,0,144,0,5,165,0,170,120,0,120,290
02/22/2020,UAO,OR,ANM,WE,Federal Contract Tower,0,1,7,0,8,0,3,108,0,111,0,4,115,0,119,172,0,172,291
02/23/2020,UAO,OR,ANM,WE,Federal Contract Tower,0,2,20,0,22,0,1,7,0,8,0,3,27,0,30,2,0,2,32
02/24/2020,UAO,OR,ANM,WE,Federal Contract Tower,0,2,14,0,16,0,3,104,0,107,0,5,118,0,123,114,0,114,237
02/25/2020,UAO,OR,ANM,WE,Federal Contract Tower,0,1,22,0,23,0,0,142,1,143,0,1,164,1,166,118,0,118,284
02/26/2020,UAO,OR,ANM,WE,Federal Contract Tower,0,0,22,0,22,0,1,75,1,77,0,1,97,1,99,152,0,152,251
02/27/2020,UAO,OR,ANM,WE,Federal Contract Tower,0,0,24,0,24,0,2,93,0,95,0,2,117,0,119,142,0,142,261
02/28/2020,UAO,OR,ANM,WE,Federal Contract Tower,0,1,18,0,19,0,1,76,0,77,0,2,94,0,96,72,0,72,168
02/29/2020,UAO,OR,ANM,WE,Federal Contract Tower,0,0,12,0,12,0,2,20,0,22,0,2,32,0,34,46,0,46,80
03/01/2020,UAO,OR,ANM,WE,Federal Contract Tower,0,6,14,0,20,0,0,66,0,66,0,6,80,0,86,111,0,111,197
03/02/2020,UAO,OR,ANM,WE,Federal Contract Tower,0,2,26,0,28,0,0,34,0,34,0,2,60,0,62,48,0,48,110
03/03/2020,UAO,OR,ANM,WE,Federal Contract Tower,0,0,21,0,21,0,0,62,0,62,0,0,83,0,83,110,0,110,193
03/04/2020,UAO,OR,ANM,WE,Federal Contract Tower,0,0,14,0,14,0,0,90,0,90,0,0,104,0,104,140,0,140,244
03/05/2020,UAO,OR,ANM,WE,Federal Contract Tower,0,1,21,0,22,0,0,107,0,107,0,1,128,0,129,145,0,145,274
03/06/2020,UAO,OR,ANM,WE,Federal Contract Tower,0,2,15,0,17,0,0,1,0,1,0,2,16,0,18,14,0,14,32
03/07/2020,UAO,OR,ANM,WE,Federal Contract Tower,0,1,14,0,15,0,1,17,0,18,0,2,31,0,33,66,0,66,99
03/08/2020,UAO,OR,ANM,WE,Federal Contract Tower,0,0,19,0,19,0,69,0,0,69,0,69,19,0,88,60,0,60,148
03/09/2020,UAO,OR,ANM,WE,Federal Contract Tower,0,0,9,0,9,0,0,4,0,4,0,0,13,0,13,106,0,106,119
03/10/2020,UAO,OR,ANM,WE,Federal Contract Tower,0,2,8,0,10,0,3,139,0,142,0,5,147,0,152,90,0,90,242
03/11/2020,UAO,OR,ANM,WE,Federal Contract Tower,0,0,30,0,30,0,0,133,0,133,0,0,163,0,163,88,0,88,251
03/12/2020,UAO,OR,ANM,WE,Federal Contract Tower,0,0,29,0,29,0,0,101,0,101,0,0,130,0,130,114,0,114,244
03/13/2020,UAO,OR,ANM,WE,Federal Contract Tower,0,2,16,0,18,0,0,6,0,6,0,2,22,0,24,12,0,12,36
03/14/2020,UAO,OR,ANM,WE,Federal Contract Tower,0,0,16,0,16,0,0,4,0,4,0,0,20,0,20,54,0,54,74
03/15/2020,UAO,OR,ANM,WE,Federal Contract Tower,0,2,2,0,4,0,0,39,0,39,0,2,41,0,43,46,0,46,89
03/16/2020,UAO,OR,ANM,WE,Federal Contract Tower,0,0,12,0,12,0,4,82,0,86,0,4,94,0,98,84,0,84,182
03/17/2020,UAO,OR,ANM,WE,Federal Contract Tower,0,0,20,0,20,0,3,103,0,106,0,3,123,0,126,114,0,114,240
03/18/2020,UAO,OR,ANM,WE,Federal Contract Tower,0,0,6,0,6,0,0,98,2,100,0,0,104,2,106,132,0,132,238
03/19/2020,UAO,OR,ANM,WE,Federal Contract Tower,0,0,13,0,13,0,0,90,0,90,0,0,103,0,103,135,0,135,238
03/20/2020,UAO,OR,ANM,WE,Federal Contract Tower,0,0,7,0,7,0,0,98,0,98,0,0,105,0,105,108,0,108,213
03/21/2020,UAO,OR,ANM,WE,Federal Contract Tower,0,2,6,0,8,0,8,100,0,108,0,10,106,0,116,96,0,96,212
03/22/2020,UAO,OR,ANM,WE,Federal Contract Tower,0,0,11,0,11,0,0,76,0,76,0,0,87,0,87,56,0,56,143
03/23/2020,UAO,OR,ANM,WE,Federal Contract Tower,0,3,4,0,7,0,0,9,0,9,0,3,13,0,16,14,0,14,30
03/24/2020,UAO,OR,ANM,WE,Federal Contract Tower,0,1,3,0,4,0,2,5,0,7,0,3,8,0,11,0,0,0,11
03/25/2020,UAO,OR,ANM,WE,Federal Contract Tower,0,0,9,0,9,0,2,48,0,50,0,2,57,0,59,96,0,96,155
03/26/2020,UAO,OR,ANM,WE,Federal Contract Tower,0,0,7,0,7,0,1,46,0,47,0,1,53,0,54,63,0,63,117
03/27/2020,UAO,OR,ANM,WE,Federal Contract Tower,0,0,8,0,8,0,2,8,0,10,0,2,16,0,18,46,0,46,64
03/28/2020,UAO,OR,ANM,WE,Federal Contract Tower,0,0,4,0,4,0,2,17,0,19,0,2,21,0,23,28,0,28,51
03/29/2020,UAO,OR,ANM,WE,Federal Contract Tower,0,0,9,0,9,0,2,16,0,18,0,2,25,0,27,54,0,54,81
03/30/2020,UAO,OR,ANM,WE,Federal Contract Tower,0,0,3,0,3,0,0,15,0,15,0,0,18,0,18,34,0,34,52
03/31/2020,UAO,OR,ANM,WE,Federal Contract Tower,0,1,5,0,6,0,1,33,0,34,0,2,38,0,40,4,0,4,44
04/01/2020,UAO,OR,ANM,WE,Federal Contract Tower,0,0,6,0,6,0,1,3,0,4,0,1,9,0,10,4,0,4,14
04/02/2020,UAO,OR,ANM,WE,Federal Contract Tower,0,0,16,0,16,0,0,28,0,28,0,0,44,0,44,68,0,68,112
04/03/2020,UAO,OR,ANM,WE,Federal Contract Tower,0,1,11,0,12,0,1,26,0,27,0,2,37,0,39,92,0,92,131
04/04/2020,UAO,OR,ANM,WE,Federal Contract Tower,0,0,7,0,7,0,0,19,0,19,0,0,26,0,26,26,0,26,52
04/05/2020,UAO,OR,ANM,WE,Federal Contract Tower,0,0,3,0,3,0,0,49,0,49,0,0,52,0,52,50,0,50,102
04/06/2020,UAO,OR,ANM,WE,Federal Contract Tower,0,2,7,0,9,0,2,50,0,52,0,4,57,0,61,98,0,98,159
04/07/2020,UAO,OR,ANM,WE,Federal Contract Tower,0,1,11,0,12,0,4,95,0,99,0,5,106,0,111,60,0,60,171
04/08/2020,UAO,OR,ANM,WE,Federal Contract Tower,0,0,5,0,5,0,0,107,1,108,0,0,112,1,113,36,0,36,149
04/09/2020,UAO,OR,ANM,WE,Federal Contract Tower,0,2,0,0,2,0,2,91,0,93,0,4,91,0,95,68,0,68,163
04/10/2020,UAO,OR,ANM,WE,Federal Contract Tower,0,1,7,0,8,0,1,95,0,96,0,2,102,0,104,142,0,142,246
04/11/2020,UAO,OR,ANM,WE,Federal Contract Tower,0,0,11,0,11,0,0,60,0,60,0,0,71,0,71,60,0,60,131
04/12/2020,UAO,OR,ANM,WE,Federal Contract Tower,0,0,6,0,6,0,1,49,0,50,0,1,55,0,56,84,0,84,140
04/13/2020,UAO,OR,ANM,WE,Federal Contract Tower,0,0,3,0,3,0,0,63,0,63,0,0,66,0,66,48,0,48,114
04/15/2020,UAO,OR,ANM,WE,Federal Contract Tower,0,0,19,0,19,0,0,55,0,55,0,0,74,0,74,101,0,101,175
04/16/2020,UAO,OR,ANM,WE,Federal Contract Tower,0,1,12,0,13,0,1,91,0,92,0,2,103,0,105,66,0,66,171
04/17/2020,UAO,OR,ANM,WE,Federal Contract Tower,0,0,2,0,2,0,3,98,0,101,0,3,100,0,103,132,0,132,235
04/18/2020,UAO,OR,ANM,WE,Federal Contract Tower,0,2,16,0,18,0,0,11,0,11,0,2,27,0,29,96,0,96,125
04/19/2020,UAO,OR,ANM,WE,Federal Contract Tower,0,1,22,0,23,0,0,73,0,73,0,1,95,0,96,102,0,102,198
04/20/2020,UAO,OR,ANM,WE,Federal Contract Tower,0,1,13,0,14,0,2,116,0,118,0,3,129,0,132,102,0,102,234
04/21/2020,UAO,OR,ANM,WE,Federal Contract Tower,0,0,18,0,18,0,3,45,0,48,0,3,63,0,66,80,0,80,146
04/22/2020,UAO,OR,ANM,WE,Federal Contract Tower,0,0,23,0,23,0,0,2,0,2,0,0,25,0,25,0,0,0,25
04/23/2020,UAO,OR,ANM,WE,Federal Contract Tower,0,0,22,0,22,0,4,75,0,79,0,4,97,0,101,116,0,116,217
04/24/2020,UAO,OR,ANM,WE,Federal Contract Tower,0,2,19,0,21,0,2,16,0,18,0,4,35,0,39,28,0,28,67
04/25/2020,UAO,OR,ANM,WE,Federal Contract Tower,0,0,14,0,14,0,0,7,0,7,0,0,21,0,21,20,0,20,41
04/26/2020,UAO,OR,ANM,WE,Federal Contract Tower,0,0,5,0,5,0,1,89,0,90,0,1,94,0,95,76,0,76,171
04/27/2020,UAO,OR,ANM,WE,Federal Contract Tower,0,0,15,0,15,0,2,34,0,36,0,2,49,0,51,30,0,30,81
04/28/2020,UAO,OR,ANM,WE,Federal Contract Tower,0,0,9,0,9,0,0,130,0,130,0,0,139,0,139,96,0,96,235
04/29/2020,UAO,OR,ANM,WE,Federal Contract Tower,0,0,12,0,12,0,0,68,0,68,0,0,80,0,80,82,0,82,162
04/30/2020,UAO,OR,ANM,WE,Federal Contract Tower,0,0,20,0,20,0,2,73,0,75,0,2,93,0,95,110,0,110,205
05/01/2020,UAO,OR,ANM,WE,Federal Contract Tower,0,0,20,0,20,0,0,94,0,94,0,0,114,0,114,104,0,104,218
05/02/2020,UAO,OR,ANM,WE,Federal Contract Tower,0,3,5,0,8,0,0,22,0,22,0,3,27,0,30,35,0,35,65
05/03/2020,UAO,OR,ANM,WE,Federal Contract Tower,0,0,11,0,11,0,1,41,0,42,0,1,52,0,53,78,0,78,131
05/04/2020,UAO,OR,ANM,WE,Federal Contract Tower,0,2,8,0,10,0,1,86,0,87,0,3,94,0,97,96,0,96,193
05/05/2020,UAO,OR,ANM,WE,Federal Contract Tower,0,0,7,0,7,0,1,72,0,73,0,1,79,0,80,110,0,110,190
05/06/2020,UAO,OR,ANM,WE,Federal Contract Tower,0,6,25,0,31,0,1,38,0,39,0,7,63,0,70,96,0,96,166
05/07/2020,UAO,OR,ANM,WE,Federal Contract Tower,0,1,12,0,13,0,2,115,0,117,0,3,127,0,130,104,0,104,234
05/08/2020,UAO,OR,ANM,WE,Federal Contract Tower,0,2,11,0,13,0,0,85,0,85,0,2,96,0,98,85,0,85,183
05/09/2020,UAO,OR,ANM,WE,Federal Contract Tower,0,0,8,0,8,0,0,109,0,109,0,0,117,0,117,109,0,109,226
05/10/2020,UAO,OR,ANM,WE,Federal Contract Tower,0,0,5,0,5,0,4,67,0,71,0,4,72,0,76,110,0,110,186
05/11/2020,UAO,OR,ANM,WE,Federal Contract Tower,0,0,8,1,9,0,0,62,0,62,0,0,70,1,71,50,0,50,121
05/12/2020,UAO,OR,ANM,WE,Federal Contract Tower,0,0,9,0,9,0,4,37,0,41,0,4,46,0,50,44,0,44,94
05/13/2020,UAO,OR,ANM,WE,Federal Contract Tower,0,2,21,0,23,0,0,67,0,67,0,2,88,0,90,88,0,88,178
05/14/2020,UAO,OR,ANM,WE,Federal Contract Tower,0,0,14,0,14,0,0,23,0,23,0,0,37,0,37,88,0,88,125
05/15/2020,UAO,OR,ANM,WE,Federal Contract Tower,0,3,22,0,25,0,0,128,0,128,0,3,150,0,153,227,0,227,380
05/16/2020,UAO,OR,ANM,WE,Federal Contract Tower,0,2,10,0,12,0,0,82,0,82,0,2,92,0,94,124,1,125,219
05/17/2020,UAO,OR,ANM,WE,Federal Contract Tower,0,2,19,0,21,0,2,43,0,45,0,4,62,0,66,116,0,116,182
05/18/2020,UAO,OR,ANM,WE,Federal Contract Tower,0,0,10,0,10,0,1,6,0,7,0,1,16,0,17,38,0,38,55
05/19/2020,UAO,OR,ANM,WE,Federal Contract Tower,0,0,27,0,27,0,4,72,0,76,0,4,99,0,103,208,0,208,311
05/20/2020,UAO,OR,ANM,WE,Federal Contract Tower,0,0,23,0,23,0,3,35,0,38,0,3,58,0,61,164,0,164,225
05/21/2020,UAO,OR,ANM,WE,Federal Contract Tower,0,0,18,0,18,0,2,34,0,36,0,2,52,0,54,68,0,68,122
05/22/2020,UAO,OR,ANM,WE,Federal Contract Tower,0,2,23,0,25,0,0,77,0,77,0,2,100,0,102,78,0,78,180
05/23/2020,UAO,OR,ANM,WE,Federal Contract Tower,0,5,18,0,23,0,4,144,0,148,0,9,162,0,171,71,0,71,242
05/24/2020,UAO,OR,ANM,WE,Federal Contract Tower,0,1,8,0,9,0,2,86,0,88,0,3,94,0,97,68,0,68,165
05/25/2020,UAO,OR,ANM,WE,Federal Contract Tower,0,1,30,0,31,0,1,78,0,79,0,2,108,0,110,134,0,134,244
05/26/2020,UAO,OR,ANM,WE,Federal Contract Tower,0,2,22,0,24,0,0,65,0,65,0,2,87,0,89,192,0,192,281
05/27/2020,UAO,OR,ANM,WE,Federal Contract Tower,0,0,14,0,14,0,0,141,0,141,0,0,155,0,155,135,0,135,290
05/28/2020,UAO,OR,ANM,WE,Federal Contract Tower,0,1,21,0,22,0,4,114,0,118,0,5,135,0,140,104,0,104,244
05/29/2020,UAO,OR,ANM,WE,Federal Contract Tower,0,3,19,0,22,0,2,146,0,148,0,5,165,0,170,182,0,182,352
05/30/2020,UAO,OR,ANM,WE,Federal Contract Tower,0,0,6,0,6,0,0,20,0,20,0,0,26,0,26,82,0,82,108
05/31/2020,UAO,OR,ANM,WE,Federal Contract Tower,0,0,12,0,12,0,0,58,0,58,0,0,70,0,70,144,0,144,214
06/01/2020,UAO,OR,ANM,WE,Federal Contract Tower,0,1,8,0,9,0,3,103,0,106,0,4,111,0,115,202,0,202,317
06/02/2020,UAO,OR,ANM,WE,Federal Contract Tower,0,0,11,0,11,0,1,111,0,112,0,1,122,0,123,168,0,168,291
06/03/2020,UAO,OR,ANM,WE,Federal Contract Tower,0,1,17,0,18,0,0,112,0,112,0,1,129,0,130,226,0,226,356
06/04/2020,UAO,OR,ANM,WE,Federal Contract Tower,0,0,21,0,21,0,0,87,0,87,0,0,108,0,108,132,1,133,241
06/06/2020,UAO,OR,ANM,WE,Federal Contract Tower,0,0,18,0,18,0,0,18,0,18,0,0,36,0,36,68,0,68,104
06/07/2020,UAO,OR,ANM,WE,Federal Contract Tower,0,1,18,0,19,0,0,31,0,31,0,1,49,0,50,84,0,84,134
06/08/2020,UAO,OR,ANM,WE,Federal Contract Tower,0,2,23,0,25,0,4,60,0,64,0,6,83,0,89,112,0,112,201
06/09/2020,UAO,OR,ANM,WE,Federal Contract Tower,0,4,23,0,27,0,3,6,0,9,0,7,29,0,36,0,0,0,36
06/10/2020,UAO,OR,ANM,WE,Federal Contract Tower,0,2,30,0,32,0,0,58,0,58,0,2,88,0,90,76,0,76,166
06/11/2020,UAO,OR,ANM,WE,Federal Contract Tower,0,1,12,0,13,0,0,124,0,124,0,1,136,0,137,182,0,182,319
06/12/2020,UAO,OR,ANM,WE,Federal Contract Tower,0,3,29,0,32,0,1,7,0,8,0,4,36,0,40,12,0,12,52
06/13/2020,UAO,OR,ANM,WE,Federal Contract Tower,0,0,17,0,17,0,0,2,0,2,0,0,19,0,19,0,0,0,19
06/14/2020,UAO,OR,ANM,WE,Federal Contract Tower,0,1,27,0,28,0,2,88,0,90,0,3,115,0,118,186,0,186,304
06/15/2020,UAO,OR,ANM,WE,Federal Contract Tower,0,0,25,0,25,0,0,13,0,13,0,0,38,0,38,22,0,22,60
06/16/2020,UAO,OR,ANM,WE,Federal Contract Tower,0,0,20,0,20,0,2,32,0,34,0,2,52,0,54,14,0,14,68
06/17/2020,UAO,OR,ANM,WE,Federal Contract Tower,0,0,19,0,19,0,5,148,0,153,0,5,167,0,172,154,0,154,326
06/18/2020,UAO,OR,ANM,WE,Federal Contract Tower,0,4,15,0,19,0,1,157,2,160,0,5,172,2,179,194,0,194,373
06/19/2020,UAO,OR,ANM,WE,Federal Contract Tower,0,2,15,0,17,0,3,147,0,150,0,5,162,0,167,149,0,149,316
06/20/2020,UAO,OR,ANM,WE,Federal Contract Tower,0,1,21,0,22,0,1,13,0,14,0,2,34,0,36,80,0,80,116
06/21/2020,UAO,OR,ANM,WE,Federal Contract Tower,0,0,20,0,20,0,4,69,0,73,0,4,89,0,93,108,0,108,201
06/22/2020,UAO,OR,ANM,WE,Federal Contract Tower,0,1,8,0,9,0,3,142,0,145,0,4,150,0,154,178,0,178,332
06/23/2020,UAO,OR,ANM,WE,Federal Contract Tower,0,1,10,0,11,0,1,140,0,141,0,2,150,0,152,116,0,116,268
06/24/2020,UAO,OR,ANM,WE,Federal Contract Tower,0,1,18,0,19,0,1,69,0,70,0,2,87,0,89,119,0,119,208
06/25/2020,UAO,OR,ANM,WE,Federal Contract Tower,0,3,25,0,28,0,0,112,0,112,0,3,137,0,140,134,0,134,274
06/26/2020,UAO,OR,ANM,WE,Federal Contract Tower,0,0,19,0,19,0,6,134,0,140,0,6,153,0,159,174,0,174,333
06/27/2020,UAO,OR,ANM,WE,Federal Contract Tower,0,0,18,0,18,0,6,82,0,88,0,6,100,0,106,146,0,146,252
06/28/2020,UAO,OR,ANM,WE,Federal Contract Tower,0,2,16,0,18,0,3,48,0,51,0,5,64,0,69,130,0,130,199
06/29/2020,UAO,OR,ANM,WE,Federal Contract Tower,0,4,19,0,23,0,0,0,0,0,0,4,19,0,23,146,0,146,169
06/30/2020,UAO,OR,ANM,WE,Federal Contract Tower,0,1,28,0,29,0,0,67,0,67,0,1,95,0,96,86,0,86,182
07/01/2020,UAO,OR,ANM,WE,Federal Contract Tower,0,1,30,0,31,0,3,94,0,97,0,4,124,0,128,146,0,146,274
07/02/2020,UAO,OR,ANM,WE,Federal Contract Tower,0,1,24,0,25,0,2,101,0,103,0,3,125,0,128,176,0,176,304
07/03/2020,UAO,OR,ANM,WE,Federal Contract Tower,0,6,22,0,28,0,6,81,0,87,0,12,103,0,115,150,0,150,265
07/04/2020,UAO,OR,ANM,WE,Federal Contract Tower,0,1,14,0,15,0,0,58,0,58,0,1,72,0,73,78,0,78,151
07/05/2020,UAO,OR,ANM,WE,Federal Contract Tower,0,1,17,0,18,0,0,94,0,94,0,1,111,0,112,122,0,122,234
07/06/2020,UAO,OR,ANM,WE,Federal Contract Tower,0,0,34,0,34,0,2,98,0,100,0,2,132,0,134,144,0,144,278
07/07/2020,UAO,OR,ANM,WE,Federal Contract Tower,0,1,13,0,14,0,1,11,0,12,0,2,24,0,26,10,0,10,36
07/08/2020,UAO,OR,ANM,WE,Federal Contract Tower,0,0,5,0,5,0,1,25,0,26,0,1,30,0,31,26,0,26,57
07/09/2020,UAO,OR,ANM,WE,Federal Contract Tower,0,1,5,0,6,0,0,32,0,32,0,1,37,0,38,44,0,44,82
07/10/2020,UAO,OR,ANM,WE,Federal Contract Tower,0,3,21,0,24,0,1,164,0,165,0,4,185,0,189,110,0,110,299
07/11/2020,UAO,OR,ANM,WE,Federal Contract Tower,0,1,12,0,13,0,0,106,0,106,0,1,118,0,119,82,0,82,201
07/12/2020,UAO,OR,ANM,WE,Federal Contract Tower,0,1,20,0,21,0,1,68,0,69,0,2,88,0,90,148,0,148,238
07/13/2020,UAO,OR,ANM,WE,Federal Contract Tower,0,2,20,0,22,0,2,135,0,137,0,4,155,0,159,142,0,142,301
07/14/2020,UAO,OR,ANM,WE,Federal Contract Tower,0,0,12,0,12,0,3,168,0,171,0,3,180,0,183,152,0,152,335
07/15/2020,UAO,OR,ANM,WE,Federal Contract Tower,0,0,11,0,11,0,8,46,0,54,0,8,57,0,65,14,0,14,79
07/16/2020,UAO,OR,ANM,WE,Federal Contract Tower,0,0,23,0,23,0,20,130,1,151,0,20,153,1,174,120,0,120,294
07/17/2020,UAO,OR,ANM,WE,Federal Contract Tower,0,3,18,0,21,0,5,125,0,130,0,8,143,0,151,160,0,160,311
07/18/2020,UAO,OR,ANM,WE,Federal Contract Tower,0,0,5,0,5,0,1,129,0,130,0,1,134,0,135,100,0,100,235
07/19/2020,UAO,OR,ANM,WE,Federal Contract Tower,0,0,8,0,8,0,6,135,0,141,0,6,143,0,149,146,0,146,295
07/20/2020,UAO,OR,ANM,WE,Federal Contract Tower,0,1,15,0,16,0,4,159,0,163,0,5,174,0,179,154,0,154,333
07/21/2020,UAO,OR,ANM,WE,Federal Contract Tower,0,0,13,0,13,0,3,138,0,141,0,3,151,0,154,156,0,156,310
07/22/2020,UAO,OR,ANM,WE,Federal Contract Tower,0,1,25,0,26,0,3,99,0,102,0,4,124,0,128,127,0,127,255
07/23/2020,UAO,OR,ANM,WE,Federal Contract Tower,0,6,26,1,33,0,8,104,4,116,0,14,130,5,149,160,0,160,309
07/24/2020,UAO,OR,ANM,WE,Federal Contract Tower,0,2,25,0,27,0,7,127,1,135,0,9,152,1,162,166,0,166,328
07/25/2020,UAO,OR,ANM,WE,Federal Contract Tower,0,0,14,0,14,0,4,132,0,136,0,4,146,0,150,132,0,132,282
07/26/2020,UAO,OR,ANM,WE,Federal Contract Tower,0,3,11,0,14,0,3,112,0,115,0,6,123,0,129,110,0,110,239
07/27/2020,UAO,OR,ANM,WE,Federal Contract Tower,0,3,18,0,21,0,2,138,0,140,0,5,156,0,161,130,0,130,291
07/28/2020,UAO,OR,ANM,WE,Federal Contract Tower,0,3,17,0,20,0,7,127,0,134,0,10,144,0,154,214,0,214,368
07/29/2020,UAO,OR,ANM,WE,Federal Contract Tower,0,1,14,0,15,0,4,137,0,141,0,5,151,0,156,154,0,154,310
07/30/2020,UAO,OR,ANM,WE,Federal Contract Tower,0,1,20,0,21,0,0,113,0,113,0,1,133,0,134,124,10,134,268
07/31/2020,UAO,OR,ANM,WE,Federal Contract Tower,0,1,13,0,14,0,4,126,1,131,0,5,139,1,145,158,0,158,303
08/01/2020,UAO,OR,ANM,WE,Federal Contract Tower,0,0,9,0,9,0,3,72,0,75,0,3,81,0,84,76,0,76,160
08/02/2020,UAO,OR,ANM,WE,Federal Contract Tower,0,0,14,0,14,0,4,96,0,100,0,4,110,0,114,124,0,124,238
08/03/2020,UAO,OR,ANM,WE,Federal Contract Tower,0,0,12,0,12,0,3,96,0,99,0,3,108,0,111,126,0,126,237
08/04/2020,UAO,OR,ANM,WE,Federal Contract Tower,0,1,10,0,11,0,0,113,0,113,0,1,123,0,124,256,0,256,380
08/05/2020,UAO,OR,ANM,WE,Federal Contract Tower,0,3,13,0,16,0,2,108,0,110,0,5,121,0,126,144,0,144,270
08/06/2020,UAO,OR,ANM,WE,Federal Contract Tower,0,1,38,0,39,0,1,49,0,50,0,2,87,0,89,60,0,60,149
08/07/2020,UAO,OR,ANM,WE,Federal Contract Tower,0,5,17,0,22,0,6,149,1,156,0,11,166,1,178,72,0,72,250
08/08/2020,UAO,OR,ANM,WE,Federal Contract Tower,0,2,21,0,23,0,0,109,0,109,0,2,130,0,132,82,0,82,214
08/09/2020,UAO,OR,ANM,WE,Federal Contract Tower,0,4,14,0,18,0,0,109,0,109,0,4,123,0,127,102,0,102,229
08/10/2020,UAO,OR,ANM,WE,Federal Contract Tower,0,2,14,0,16,0,5,115,0,120,0,7,129,0,136,132,0,132,268
08/11/2020,UAO,OR,ANM,WE,Federal Contract Tower,0,0,10,0,10,0,4,43,0,47,0,4,53,0,57,62,0,62,119
08/12/2020,UAO,OR,ANM,WE,Federal Contract Tower,0,0,16,0,16,0,8,101,0,109,0,8,117,0,125,116,0,116,241
08/13/2020,UAO,OR,ANM,WE,Federal Contract Tower,0,2,23,0,25,0,3,119,0,122,0,5,142,0,147,98,0,98,245
08/14/2020,UAO,OR,ANM,WE,Federal Contract Tower,0,0,10,0,10,0,2,163,0,165,0,2,173,0,175,106,0,106,281
08/15/2020,UAO,OR,ANM,WE,Federal Contract Tower,0,0,7,0,7,0,2,132,0,134,0,2,139,0,141,62,0,62,203
08/16/2020,UAO,OR,ANM,WE,Federal Contract Tower,0,0,10,0,10,0,2,70,0,72,0,2,80,0,82,42,0,42,124
08/17/2020,UAO,OR,ANM,WE,Federal Contract Tower,0,0,17,0,17,0,1,99,0,100,0,1,116,0,117,141,0,141,258
08/18/2020,UAO,OR,ANM,WE,Federal Contract Tower,0,0,21,0,21,0,3,110,0,113,0,3,131,0,134,82,0,82,216
08/19/2020,UAO,OR,ANM,WE,Federal Contract Tower,0,2,18,0,20,0,2,102,0,104,0,4,120,0,124,170,0,170,294
08/20/2020,UAO,OR,ANM,WE,Federal Contract Tower,0,0,21,0,21,0,4,105,0,109,0,4,126,0,130,190,0,190,320
08/21/2020,UAO,OR,ANM,WE,Federal Contract Tower,0,1,42,0,43,0,2,63,0,65,0,3,105,0,108,98,0,98,206
08/22/2020,UAO,OR,ANM,WE,Federal Contract Tower,0,0,10,0,10,0,5,112,0,117,0,5,122,0,127,98,0,98,225
08/23/2020,UAO,OR,ANM,WE,Federal Contract Tower,0,0,10,0,10,0,5,86,0,91,0,5,96,0,101,120,0,120,221
08/24/2020,UAO,OR,ANM,WE,Federal Contract Tower,0,3,19,0,22,0,1,98,0,99,0,4,117,0,121,152,0,152,273
08/25/2020,UAO,OR,ANM,WE,Federal Contract Tower,0,0,15,0,15,0,1,118,0,119,0,1,133,0,134,160,0,160,294
08/26/2020,UAO,OR,ANM,WE,Federal Contract Tower,0,1,12,0,13,0,6,123,0,129,0,7,135,0,142,178,0,178,320
08/27/2020,UAO,OR,ANM,WE,Federal Contract Tower,0,1,17,0,18,0,0,135,0,135,0,1,152,0,153,146,0,146,299
08/28/2020,UAO,OR,ANM,WE,Federal Contract Tower,0,3,24,0,27,0,8,130,0,138,0,11,154,0,165,127,0,127,292
08/29/2020,UAO,OR,ANM,WE,Federal Contract Tower,0,0,5,0,5,0,6,93,0,99,0,6,98,0,104,60,0,60,164
08/30/2020,UAO,OR,ANM,WE,Federal Contract Tower,0,4,14,0,18,0,5,103,0,108,0,9,117,0,126,88,0,88,214
08/31/2020,UAO,OR,ANM,WE,Federal Contract Tower,0,3,20,0,23,0,1,97,0,98,0,4,117,0,121,172,0,172,293
09/01/2020,UAO,OR,ANM,WE,Federal Contract Tower,0,1,10,0,11,0,2,123,0,125,0,3,133,0,136,153,0,153,289
09/02/2020,UAO,OR,ANM,WE,Federal Contract Tower,0,2,16,0,18,0,4,123,1,128,0,6,139,1,146,153,0,153,299
09/03/2020,UAO,OR,ANM,WE,Federal Contract Tower,0,1,25,0,26,0,3,100,0,103,0,4,125,0,129,207,0,207,336
09/04/2020,UAO,OR,ANM,WE,Federal Contract Tower,0,3,10,0,13,0,2,128,0,130,0,5,138,0,143,152,0,152,295
09/05/2020,UAO,OR,ANM,WE,Federal Contract Tower,0,0,14,0,14,0,3,102,0,105,0,3,116,0,119,148,0,148,267
09/06/2020,UAO,OR,ANM,WE,Federal Contract Tower,0,0,16,0,16,0,3,123,0,126,0,3,139,0,142,124,0,124,266
09/07/2020,UAO,OR,ANM,WE,Federal Contract Tower,0,2,17,0,19,0,2,74,0,76,0,4,91,0,95,90,0,90,185
09/08/2020,UAO,OR,ANM,WE,Federal Contract Tower,0,1,15,0,16,0,2,29,2,33,0,3,44,2,49,0,0,0,49
09/09/2020,UAO,OR,ANM,WE,Federal Contract Tower,0,0,9,0,9,0,1,7,0,8,0,1,16,0,17,8,0,8,25
09/10/2020,UAO,OR,ANM,WE,Federal Contract Tower,0,0,13,0,13,0,0,0,0,0,0,0,13,0,13,0,0,0,13
09/11/2020,UAO,OR,ANM,WE,Federal Contract Tower,0,0,15,0,15,0,0,0,0,0,0,0,15,0,15,0,0,0,15
09/12/2020,UAO,OR,ANM,WE,Federal Contract Tower,0,0,1,0,1,0,0,0,0,0,0,0,1,0,1,0,0,0,1
09/13/2020,UAO,OR,ANM,WE,Federal Contract Tower,0,0,8,0,8,0,0,0,0,0,0,0,8,0,8,0,0,0,8
09/14/2020,UAO,OR,ANM,WE,Federal Contract Tower,0,0,8,0,8,0,0,0,0,0,0,0,8,0,8,0,0,0,8
09/15/2020,UAO,OR,ANM,WE,Federal Contract Tower,0,0,7,0,7,0,0,0,0,0,0,0,7,0,7,0,0,0,7
09/16/2020,UAO,OR,ANM,WE,Federal Contract Tower,0,0,1,0,1,0,0,0,0,0,0,0,1,0,1,0,0,0,1
09/17/2020,UAO,OR,ANM,WE,Federal Contract Tower,0,0,12,0,12,0,0,0,0,0,0,0,12,0,12,0,0,0,12
09/18/2020,UAO,OR,ANM,WE,Federal Contract Tower,0,1,22,0,23,0,1,16,0,17,0,2,38,0,40,4,0,4,44
09/19/2020,UAO,OR,ANM,WE,Federal Contract Tower,0,1,6,2,9,0,1,53,0,54,0,2,59,2,63,98,0,98,161
09/20/2020,UAO,OR,ANM,WE,Federal Contract Tower,0,2,28,0,30,0,2,109,0,111,0,4,137,0,141,138,0,138,279
09/21/2020,UAO,OR,ANM,WE,Federal Contract Tower,0,0,24,0,24,0,2,116,0,118,0,2,140,0,142,158,0,158,300
09/22/2020,UAO,OR,ANM,WE,Federal Contract Tower,0,0,24,0,24,0,3,121,0,124,0,3,145,0,148,248,0,248,396
09/23/2020,UAO,OR,ANM,WE,Federal Contract Tower,0,2,18,0,20,0,2,26,0,28,0,4,44,0,48,62,0,62,110
09/24/2020,UAO,OR,ANM,WE,Federal Contract Tower,0,0,27,0,27,0,0,55,0,55,0,0,82,0,82,87,0,87,169
09/25/2020,UAO,OR,ANM,WE,Federal Contract Tower,0,1,18,0,19,0,0,7,0,7,0,1,25,0,26,0,0,0,26
09/26/2020,UAO,OR,ANM,WE,Federal Contract Tower,0,1,28,0,29,0,1,74,0,75,0,2,102,0,104,106,0,106,210
09/27/2020,UAO,OR,ANM,WE,Federal Contract Tower,0,0,22,0,22,0,1,130,0,131,0,1,152,0,153,106,0,106,259
09/28/2020,UAO,OR,ANM,WE,Federal Contract Tower,0,2,7,0,9,0,7,120,4,131,0,9,127,4,140,123,0,123,263
09/29/2020,UAO,OR,ANM,WE,Federal Contract Tower,0,0,14,0,14,0,3,132,0,135,0,3,146,0,149,177,0,177,326
09/30/2020,UAO,OR,ANM,WE,Federal Contract Tower,0,0,19,0,19,0,2,155,0,157,0,2,174,0,176,159,0,159,335
10/01/2020,UAO,OR,ANM,WE,Federal Contract Tower,0,1,28,0,29,0,3,53,0,56,0,4,81,0,85,76,0,76,161
10/02/2020,UAO,OR,ANM,WE,Federal Contract Tower,0,0,20,0,20,0,0,102,0,102,0,0,122,0,122,113,0,113,235
10/03/2020,UAO,OR,ANM,WE,Federal Contract Tower,0,1,11,0,12,0,0,100,0,100,0,1,111,0,112,184,0,184,296
10/04/2020,UAO,OR,ANM,WE,Federal Contract Tower,0,0,34,0,34,0,0,69,0,69,0,0,103,0,103,38,0,38,141
10/05/2020,UAO,OR,ANM,WE,Federal Contract Tower,0,0,35,0,35,0,2,99,0,101,0,2,134,0,136,246,0,246,382
10/06/2020,UAO,OR,ANM,WE,Federal Contract Tower,0,0,13,0,13,0,2,149,0,151,0,2,162,0,164,156,0,156,320
10/07/2020,UAO,OR,ANM,WE,Federal Contract Tower,0,4,16,0,20,0,1,124,0,125,0,5,140,0,145,160,0,160,305
10/08/2020,UAO,OR,ANM,WE,Federal Contract Tower,0,2,43,0,45,0,2,74,0,76,0,4,117,0,121,41,0,41,162
10/09/2020,UAO,OR,ANM,WE,Federal Contract Tower,0,2,30,0,32,0,0,115,0,115,0,2,145,0,147,145,0,145,292
10/10/2020,UAO,OR,ANM,WE,Federal Contract Tower,0,2,8,0,10,0,0,36,0,36,0,2,44,0,46,40,0,40,86
10/11/2020,UAO,OR,ANM,WE,Federal Contract Tower,0,1,26,0,27,0,0,6,0,6,0,1,32,0,33,18,0,18,51
10/12/2020,UAO,OR,ANM,WE,Federal Contract Tower,0,2,20,0,22,0,1,84,0,85,0,3,104,0,107,146,0,146,253
10/13/2020,UAO,OR,ANM,WE,Federal Contract Tower,0,0,20,0,20,0,2,18,0,20,0,2,38,0,40,30,0,30,70
10/14/2020,UAO,OR,ANM,WE,Federal Contract Tower,0,2,37,0,39,0,4,84,0,88,0,6,121,0,127,184,0,184,311
10/15/2020,UAO,OR,ANM,WE,Federal Contract Tower,0,3,28,0,31,0,2,165,0,167,0,5,193,0,198,155,0,155,353
10/16/2020,UAO,OR,ANM,WE,Federal Contract Tower,0,0,11,0,11,0,1,161,0,162,0,1,172,0,173,210,0,210,383
10/17/2020,UAO,OR,ANM,WE,Federal Contract Tower,0,0,36,0,36,0,2,69,0,71,0,2,105,0,107,148,0,148,255
10/18/2020,UAO,OR,ANM,WE,Federal Contract Tower,0,0,28,0,28,0,4,62,0,66,0,4,90,0,94,216,0,216,310
10/19/2020,UAO,OR,ANM,WE,Federal Contract Tower,0,2,23,0,25,0,1,93,0,94,0,3,116,0,119,173,0,173,292
10/20/2020,UAO,OR,ANM,WE,Federal Contract Tower,0,0,18,0,18,0,4,108,0,112,0,4,126,0,130,204,0,204,334
10/21/2020,UAO,OR,ANM,WE,Federal Contract Tower,0,1,22,0,23,0,2,89,0,91,0,3,111,0,114,186,0,186,300
10/22/2020,UAO,OR,ANM,WE,Federal Contract Tower,0,0,33,0,33,0,0,0,0,0,0,0,33,0,33,69,0,69,102
10/23/2020,UAO,OR,ANM,WE,Federal Contract Tower,0,2,23,0,25,0,1,61,0,62,0,3,84,0,87,97,0,97,184
10/24/2020,UAO,OR,ANM,WE,Federal Contract Tower,0,3,12,0,15,0,0,60,0,60,0,3,72,0,75,138,0,138,213
10/25/2020,UAO,OR,ANM,WE,Federal Contract Tower,0,0,9,0,9,0,3,76,0,79,0,3,85,0,88,82,0,82,170
10/26/2020,UAO,OR,ANM,WE,Federal Contract Tower,0,2,16,0,18,0,0,121,0,121,0,2,137,0,139,158,0,158,297
10/27/2020,UAO,OR,ANM,WE,Federal Contract Tower,0,2,21,0,23,0,2,97,1,100,0,4,118,1,123,171,0,171,294
10/28/2020,UAO,OR,ANM,WE,Federal Contract Tower,0,1,19,0,20,0,5,114,0,119,0,6,133,0,139,236,0,236,375
10/29/2020,UAO,OR,ANM,WE,Federal Contract Tower,0,0,23,0,23,0,0,86,0,86,0,0,109,0,109,151,0,151,260
10/30/2020,UAO,OR,ANM,WE,Federal Contract Tower,0,1,20,0,21,0,3,42,0,45,0,4,62,0,66,76,0,76,142
10/31/2020,UAO,OR,ANM,WE,Federal Contract Tower,0,1,15,0,16,0,4,113,0,117,0,5,128,0,133,107,0,107,240
11/01/2020,UAO,OR,ANM,WE,Federal Contract Tower,0,2,16,0,18,0,2,120,0,122,0,4,136,0,140,144,0,144,284
11/02/2020,UAO,OR,ANM,WE,Federal Contract Tower,0,5,16,0,21,0,1,121,2,124,0,6,137,2,145,188,2,190,335
11/03/2020,UAO,OR,ANM,WE,Federal Contract Tower,0,3,23,0,26,0,0,24,0,24,0,3,47,0,50,10,0,10,60
11/04/2020,UAO,OR,ANM,WE,Federal Contract Tower,0,3,19,0,22,0,5,29,0,34,0,8,48,0,56,38,0,38,94
11/05/2020,UAO,OR,ANM,WE,Federal Contract Tower,0,3,25,0,28,0,0,0,0,0,0,3,25,0,28,30,0,30,58
11/06/2020,UAO,OR,ANM,WE,Federal Contract Tower,0,2,23,0,25,0,2,31,0,33,0,4,54,0,58,4,0,4,62
11/07/2020,UAO,OR,ANM,WE,Federal Contract Tower,0,4,15,0,19,0,1,30,0,31,0,5,45,0,50,90,0,90,140
11/08/2020,UAO,OR,ANM,WE,Federal Contract Tower,0,0,9,0,9,0,7,128,0,135,0,7,137,0,144,186,0,186,330
11/09/2020,UAO,OR,ANM,WE,Federal Contract Tower,0,1,18,0,19,0,2,54,0,56,0,3,72,0,75,110,0,110,185
11/10/2020,UAO,OR,ANM,WE,Federal Contract Tower,0,3,4,0,7,0,4,9,0,13,0,7,13,0,20,27,0,27,47
11/11/2020,UAO,OR,ANM,WE,Federal Contract Tower,0,1,17,0,18,0,2,87,0,89,0,3,104,0,107,171,0,171,278
11/12/2020,UAO,OR,ANM,WE,Federal Contract Tower,0,0,25,0,25,0,0,61,0,61,0,0,86,0,86,125,0,125,211
11/13/2020,UAO,OR,ANM,WE,Federal Contract Tower,0,2,17,0,19,0,0,30,0,30,0,2,47,0,49,56,0,56,105
11/14/2020,UAO,OR,ANM,WE,Federal Contract Tower,0,0,11,0,11,0,0,11,0,11,0,0,22,0,22,26,0,26,48
11/15/2020,UAO,OR,ANM,WE,Federal Contract Tower,0,2,14,0,16,0,8,56,0,64,0,10,70,0,80,146,0,146,226
11/16/2020,UAO,OR,ANM,WE,Federal Contract Tower,0,1,21,0,22,0,1,30,0,31,0,2,51,0,53,96,0,96,149
11/17/2020,UAO,OR,ANM,WE,Federal Contract Tower,0,4,17,0,21,0,4,13,0,17,0,8,30,0,38,4,0,4,42
11/18/2020,UAO,OR,ANM,WE,Federal Contract Tower,0,1,13,0,14,0,1,2,0,3,0,2,15,0,17,0,0,0,17
11/19/2020,UAO,OR,ANM,WE,Federal Contract Tower,0,2,27,0,29,0,1,46,0,47,0,3,73,0,76,65,0,65,141
11/20/2020,UAO,OR,ANM,WE,Federal Contract Tower,0,0,31,0,31,0,0,0,0,0,0,0,31,0,31,0,0,0,31
11/21/2020,UAO,OR,ANM,WE,Federal Contract Tower,0,7,30,0,37,0,1,2,0,3,0,8,32,0,40,0,0,0,40
11/22/2020,UAO,OR,ANM,WE,Federal Contract Tower,0,0,18,0,18,0,0,2,0,2,0,0,20,0,20,20,0,20,40
11/23/2020,UAO,OR,ANM,WE,Federal Contract Tower,0,2,12,0,14,0,5,41,0,46,0,7,53,0,60,152,0,152,212
11/24/2020,UAO,OR,ANM,WE,Federal Contract Tower,0,4,36,0,40,0,5,48,0,53,0,9,84,0,93,116,0,116,209
11/25/2020,UAO,OR,ANM,WE,Federal Contract Tower,0,2,20,0,22,0,7,18,0,25,0,9,38,0,47,132,0,132,179
11/26/2020,UAO,OR,ANM,WE,Federal Contract Tower,0,1,5,0,6,0,0,12,0,12,0,1,17,0,18,106,0,106,124
11/27/2020,UAO,OR,ANM,WE,Federal Contract Tower,0,1,24,0,25,0,0,0,0,0,0,1,24,0,25,0,0,0,25
11/28/2020,UAO,OR,ANM,WE,Federal Contract Tower,0,3,22,0,25,0,0,0,0,0,0,3,22,0,25,0,0,0,25
11/29/2020,UAO,OR,ANM,WE,Federal Contract Tower,0,2,49,0,51,0,0,0,0,0,0,2,49,0,51,0,0,0,51
11/30/2020,UAO,OR,ANM,WE,Federal Contract Tower,0,1,21,0,22,0,1,62,0,63,0,2,83,0,85,124,0,124,209
12/01/2020,UAO,OR,ANM,WE,Federal Contract Tower,0,0,15,0,15,0,0,82,0,82,0,0,97,0,97,184,0,184,281
12/02/2020,UAO,OR,ANM,WE,Federal Contract Tower,0,2,17,0,19,0,1,117,0,118,0,3,134,0,137,146,0,146,283
12/03/2020,UAO,OR,ANM,WE,Federal Contract Tower,0,0,6,0,6,0,1,93,0,94,0,1,99,0,100,179,0,179,279
12/04/2020,UAO,OR,ANM,WE,Federal Contract Tower,0,2,25,0,27,0,2,127,0,129,0,4,152,0,156,112,0,112,268
12/05/2020,UAO,OR,ANM,WE,Federal Contract Tower,0,1,10,0,11,0,0,102,0,102,0,1,112,0,113,108,0,108,221
12/06/2020,UAO,OR,ANM,WE,Federal Contract Tower,0,0,28,0,28,0,0,0,0,0,0,0,28,0,28,0,0,0,28
12/07/2020,UAO,OR,ANM,WE,Federal Contract Tower,0,1,24,0,25,0,0,31,0,31,0,1,55,0,56,54,0,54,110
12/08/2020,UAO,OR,ANM,WE,Federal Contract Tower,0,1,13,0,14,0,0,37,0,37,0,1,50,0,51,70,0,70,121
12/09/2020,UAO,OR,ANM,WE,Federal Contract Tower,0,0,19,2,21,0,3,76,0,79,0,3,95,2,100,72,0,72,172
12/10/2020,UAO,OR,ANM,WE,Federal Contract Tower,0,1,23,0,24,0,0,8,0,8,0,1,31,0,32,14,0,14,46
12/11/2020,UAO,OR,ANM,WE,Federal Contract Tower,0,1,5,0,6,0,0,22,0,22,0,1,27,0,28,32,0,32,60
12/12/2020,UAO,OR,ANM,WE,Federal Contract Tower,0,0,24,0,24,0,0,69,0,69,0,0,93,0,93,99,0,99,192
12/13/2020,UAO,OR,ANM,WE,Federal Contract Tower,0,0,8,0,8,0,0,0,0,0,0,0,8,0,8,0,0,0,8
12/14/2020,UAO,OR,ANM,WE,Federal Contract Tower,0,2,26,0,28,0,2,51,0,53,0,4,77,0,81,54,0,54,135
12/15/2020,UAO,OR,ANM,WE,Federal Contract Tower,0,2,19,0,21,0,0,11,0,11,0,2,30,0,32,8,0,8,40
12/16/2020,UAO,OR,ANM,WE,Federal Contract Tower,0,5,33,0,38,0,0,26,0,26,0,5,59,0,64,84,0,84,148
12/17/2020,UAO,OR,ANM,WE,Federal Contract Tower,0,2,27,0,29,0,0,32,0,32,0,2,59,0,61,122,0,122,183
12/18/2020,UAO,OR,ANM,WE,Federal Contract Tower,0,1,26,0,27,0,0,101,0,101,0,1,127,0,128,151,0,151,279
12/19/2020,UAO,OR,ANM,WE,Federal Contract Tower,0,0,30,0,30,0,0,7,0,7,0,0,37,0,37,14,0,14,51
12/20/2020,UAO,OR,ANM,WE,Federal Contract Tower,0,1,14,0,15,0,0,1,0,1,0,1,15,0,16,4,0,4,20
12/21/2020,UAO,OR,ANM,WE,Federal Contract Tower,0,2,14,0,16,0,0,6,0,6,0,2,20,0,22,10,0,10,32
12/22/2020,UAO,OR,ANM,WE,Federal Contract Tower,0,3,17,0,20,0,2,73,0,75,0,5,90,0,95,262,0,262,357
12/23/2020,UAO,OR,ANM,WE,Federal Contract Tower,0,1,27,0,28,0,0,61,0,61,0,1,88,0,89,122,0,122,211
12/24/2020,UAO,OR,ANM,WE,Federal Contract Tower,0,1,3,0,4,0,0,0,0,0,0,1,3,0,4,0,0,0,4
12/25/2020,UAO,OR,ANM,WE,Federal Contract Tower,0,0,2,0,2,0,0,2,0,2,0,0,4,0,4,0,0,0,4
12/26/2020,UAO,OR,ANM,WE,Federal Contract Tower,0,0,13,0,13,0,0,20,0,20,0,0,33,0,33,35,0,35,68
12/27/2020,UAO,OR,ANM,WE,Federal Contract Tower,0,3,20,0,23,0,0,86,0,86,0,3,106,0,109,212,0,212,321
12/28/2020,UAO,OR,ANM,WE,Federal Contract Tower,0,3,19,0,22,0,2,133,0,135,0,5,152,0,157,208,0,208,365
12/29/2020,UAO,OR,ANM,WE,Federal Contract Tower,0,0,27,0,27,0,5,48,0,53,0,5,75,0,80,150,0,150,230
12/30/2020,UAO,OR,ANM,WE,Federal Contract Tower,0,1,15,0,16,0,0,3,0,3,0,1,18,0,19,0,0,0,19
12/31/2020,UAO,OR,ANM,WE,Federal Contract Tower,0,3,26,0,29,0,4,28,0,32,0,7,54,0,61,132,0,132,193
01/01/2021,UAO,OR,ANM,WE,Federal Contract Tower,0,2,10,0,12,0,0,31,0,31,0,2,41,0,43,16,0,16,59
01/02/2021,UAO,OR,ANM,WE,Federal Contract Tower,0,0,15,0,15,0,1,0,0,1,0,1,15,0,16,0,0,0,16
01/03/2021,UAO,OR,ANM,WE,Federal Contract Tower,0,2,17,0,19,0,1,56,0,57,0,3,73,0,76,112,0,112,188
01/04/2021,UAO,OR,ANM,WE,Federal Contract Tower,0,2,13,0,15,0,1,21,0,22,0,3,34,0,37,74,0,74,111
01/05/2021,UAO,OR,ANM,WE,Federal Contract Tower,0,0,11,0,11,0,2,52,0,54,0,2,63,0,65,120,0,120,185
01/06/2021,UAO,OR,ANM,WE,Federal Contract Tower,0,2,14,0,16,0,0,1,0,1,0,2,15,0,17,0,0,0,17
01/07/2021,UAO,OR,ANM,WE,Federal Contract Tower,0,1,26,0,27,0,0,106,0,106,0,1,132,0,133,126,0,126,259
01/08/2021,UAO,OR,ANM,WE,Federal Contract Tower,0,1,18,0,19,0,2,48,0,50,0,3,66,0,69,138,0,138,207
01/09/2021,UAO,OR,ANM,WE,Federal Contract Tower,0,0,36,0,36,0,0,4,0,4,0,0,40,0,40,0,0,0,40
01/10/2021,UAO,OR,ANM,WE,Federal Contract Tower,0,4,17,0,21,0,0,2,0,2,0,4,19,0,23,4,0,4,27
01/11/2021,UAO,OR,ANM,WE,Federal Contract Tower,0,0,14,0,14,0,0,73,0,73,0,0,87,0,87,134,0,134,221
01/12/2021,UAO,OR,ANM,WE,Federal Contract Tower,0,1,18,0,19,0,0,0,0,0,0,1,18,0,19,0,0,0,19
01/13/2021,UAO,OR,ANM,WE,Federal Contract Tower,0,0,18,2,20,0,8,134,0,142,0,8,152,2,162,151,0,151,313
01/14/2021,UAO,OR,ANM,WE,Federal Contract Tower,0,2,18,0,20,0,2,121,0,123,0,4,139,0,143,138,0,138,281
01/15/2021,UAO,OR,ANM,WE,Federal Contract Tower,0,0,26,0,26,0,0,0,0,0,0,0,26,0,26,0,0,0,26
01/16/2021,UAO,OR,ANM,WE,Federal Contract Tower,0,4,27,0,31,0,3,26,0,29,0,7,53,0,60,36,0,36,96
01/17/2021,UAO,OR,ANM,WE,Federal Contract Tower,0,0,19,0,19,0,0,18,0,18,0,0,37,0,37,74,0,74,111
01/18/2021,UAO,OR,ANM,WE,Federal Contract Tower,0,1,28,0,29,0,0,80,0,80,0,1,108,0,109,132,0,132,241
01/19/2021,UAO,OR,ANM,WE,Federal Contract Tower,0,3,12,0,15,0,0,129,0,129,0,3,141,0,144,92,0,92,236
01/20/2021,UAO,OR,ANM,WE,Federal Contract Tower,0,3,17,0,20,0,0,134,0,134,0,3,151,0,154,180,0,180,334
01/21/2021,UAO,OR,ANM,WE,Federal Contract Tower,0,0,17,2,19,0,4,19,0,23,0,4,36,2,42,50,0,50,92
01/22/2021,UAO,OR,ANM,WE,Federal Contract Tower,0,2,21,0,23,0,0,122,0,122,0,2,143,0,145,226,0,226,371
01/23/2021,UAO,OR,ANM,WE,Federal Contract Tower,0,0,7,0,7,0,0,153,0,153,0,0,160,0,160,182,0,182,342
01/24/2021,UAO,OR,ANM,WE,Federal Contract Tower,0,0,21,0,21,0,0,2,0,2,0,0,23,0,23,0,0,0,23
01/25/2021,UAO,OR,ANM,WE,Federal Contract Tower,0,2,21,0,23,0,0,4,0,4,0,2,25,0,27,70,0,70,97
01/26/2021,UAO,OR,ANM,WE,Federal Contract Tower,0,3,11,0,14,0,2,28,0,30,0,5,39,0,44,32,0,32,76
01/27/2021,UAO,OR,ANM,WE,Federal Contract Tower,0,22,7,0,29,0,3,11,0,14,0,25,18,0,43,37,0,37,80
01/28/2021,UAO,OR,ANM,WE,Federal Contract Tower,0,4,19,0,23,0,2,34,0,36,0,6,53,0,59,127,4,131,190
01/29/2021,UAO,OR,ANM,WE,Federal Contract Tower,0,0,13,0,13,0,1,41,0,42,0,1,54,0,55,164,0,164,219
01/30/2021,UAO,OR,ANM,WE,Federal Contract Tower,0,0,22,0,22,0,0,61,0,61,0,0,83,0,83,148,0,148,231
01/31/2021,UAO,OR,ANM,WE,Federal Contract Tower,0,1,33,0,34,0,2,30,0,32,0,3,63,0,66,88,0,88,154
02/01/2021,UAO,OR,ANM,WE,Federal Contract Tower,0,1,14,0,15,0,0,4,0,4,0,1,18,0,19,62,0,62,81
02/02/2021,UAO,OR,ANM,WE,Federal Contract Tower,0,0,10,0,10,0,0,28,1,29,0,0,38,1,39,72,0,72,111
02/03/2021,UAO,OR,ANM,WE,Federal Contract Tower,0,0,13,0,13,0,0,74,0,74,0,0,87,0,87,144,0,144,231
02/04/2021,UAO,OR,ANM,WE,Federal Contract Tower,0,1,32,0,33,0,0,51,0,51,0,1,83,0,84,106,0,106,190
02/05/2021,UAO,OR,ANM,WE,Federal Contract Tower,0,4,24,0,28,0,6,50,0,56,0,10,74,0,84,70,0,70,154
02/06/2021,UAO,OR,ANM,WE,Federal Contract Tower,0,0,10,0,10,0,2,31,0,33,0,2,41,0,43,38,0,38,81
02/07/2021,UAO,OR,ANM,WE,Federal Contract Tower,0,0,14,0,14,0,2,74,0,76,0,2,88,0,90,106,0,106,196
02/08/2021,UAO,OR,ANM,WE,Federal Contract Tower,0,0,19,0,19,0,0,83,0,83,0,0,102,0,102,232,0,232,334
02/09/2021,UAO,OR,ANM,WE,Federal Contract Tower,0,0,20,0,20,0,2,160,0,162,0,2,180,0,182,167,0,167,349
02/10/2021,UAO,OR,ANM,WE,Federal Contract Tower,0,6,30,0,36,0,0,139,0,139,0,6,169,0,175,220,4,224,399
02/11/2021,UAO,OR,ANM,WE,Federal Contract Tower,0,3,13,0,16,0,1,2,0,3,0,4,15,0,19,11,0,11,30
02/12/2021,UAO,OR,ANM,WE,Federal Contract Tower,0,1,0,0,1,0,0,0,0,0,0,1,0,0,1,0,0,0,1
02/13/2021,UAO,OR,ANM,WE,Federal Contract Tower,0,0,0,0,0,0,0,0,0,0,0,0,0,0,0,0,0,0,0
02/14/2021,UAO,OR,ANM,WE,Federal Contract Tower,0,0,0,0,0,0,0,0,0,0,0,0,0,0,0,0,0,0,0
02/15/2021,UAO,OR,ANM,WE,Federal Contract Tower,0,0,9,0,9,0,1,1,0,2,0,1,10,0,11,0,0,0,11
02/16/2021,UAO,OR,ANM,WE,Federal Contract Tower,0,0,11,0,11,0,2,16,0,18,0,2,27,0,29,2,0,2,31
02/17/2021,UAO,OR,ANM,WE,Federal Contract Tower,0,0,18,0,18,0,0,43,0,43,0,0,61,0,61,0,0,0,61
02/18/2021,UAO,OR,ANM,WE,Federal Contract Tower,0,0,10,0,10,0,0,1,0,1,0,0,11,0,11,0,0,0,11
02/19/2021,UAO,OR,ANM,WE,Federal Contract Tower,0,3,23,0,26,0,1,22,0,23,0,4,45,0,49,10,0,10,59
02/20/2021,UAO,OR,ANM,WE,Federal Contract Tower,0,1,15,0,16,0,2,55,0,57,0,3,70,0,73,64,0,64,137
02/21/2021,UAO,OR,ANM,WE,Federal Contract Tower,0,0,13,0,13,0,0,10,0,10,0,0,23,0,23,40,0,40,63
02/22/2021,UAO,OR,ANM,WE,Federal Contract Tower,0,1,20,0,21,0,1,9,0,10,0,2,29,0,31,0,0,0,31
02/23/2021,UAO,OR,ANM,WE,Federal Contract Tower,0,0,21,0,21,0,3,37,0,40,0,3,58,0,61,26,0,26,87
02/24/2021,UAO,OR,ANM,WE,Federal Contract Tower,0,2,30,0,32,0,0,102,0,102,0,2,132,0,134,130,0,130,264
02/25/2021,UAO,OR,ANM,WE,Federal Contract Tower,0,1,20,0,21,0,0,5,0,5,0,1,25,0,26,68,0,68,94
02/26/2021,UAO,OR,ANM,WE,Federal Contract Tower,0,3,17,0,20,0,2,32,2,36,0,5,49,2,56,78,0,78,134
02/27/2021,UAO,OR,ANM,WE,Federal Contract Tower,0,1,21,0,22,0,3,129,0,132,0,4,150,0,154,116,0,116,270
02/28/2021,UAO,OR,ANM,WE,Federal Contract Tower,0,2,21,0,23,0,1,152,0,153,0,3,173,0,176,120,0,120,296
03/01/2021,UAO,OR,ANM,WE,Federal Contract Tower,0,5,9,0,14,0,0,97,0,97,0,5,106,0,111,133,0,133,244
03/02/2021,UAO,OR,ANM,WE,Federal Contract Tower,0,0,20,0,20,0,2,77,0,79,0,2,97,0,99,146,0,146,245
03/03/2021,UAO,OR,ANM,WE,Federal Contract Tower,0,3,25,0,28,0,0,149,0,149,0,3,174,0,177,176,0,176,353
03/04/2021,UAO,OR,ANM,WE,Federal Contract Tower,0,4,13,0,17,0,0,89,0,89,0,4,102,0,106,64,0,64,170
03/05/2021,UAO,OR,ANM,WE,Federal Contract Tower,0,2,22,5,29,0,0,13,0,13,0,2,35,5,42,1,0,1,43
03/06/2021,UAO,OR,ANM,WE,Federal Contract Tower,0,3,14,0,17,0,2,62,2,66,0,5,76,2,83,40,0,40,123
03/07/2021,UAO,OR,ANM,WE,Federal Contract Tower,0,0,17,0,17,0,3,31,0,34,0,3,48,0,51,92,0,92,143
03/08/2021,UAO,OR,ANM,WE,Federal Contract Tower,0,2,29,0,31,0,0,61,0,61,0,2,90,0,92,124,0,124,216
03/09/2021,UAO,OR,ANM,WE,Federal Contract Tower,0,2,23,0,25,0,1,86,0,87,0,3,109,0,112,178,0,178,290
03/10/2021,UAO,OR,ANM,WE,Federal Contract Tower,0,5,26,0,31,0,4,69,0,73,0,9,95,0,104,64,0,64,168
03/11/2021,UAO,OR,ANM,WE,Federal Contract Tower,0,0,27,0,27,0,2,130,0,132,0,2,157,0,159,191,0,191,350
03/12/2021,UAO,OR,ANM,WE,Federal Contract Tower,0,0,31,0,31,0,2,158,0,160,0,2,189,0,191,180,0,180,371
03/13/2021,UAO,OR,ANM,WE,Federal Contract Tower,0,0,17,0,17,0,3,155,0,158,0,3,172,0,175,174,0,174,349
03/14/2021,UAO,OR,ANM,WE,Federal Contract Tower,0,1,22,0,23,0,0,19,0,19,0,1,41,0,42,102,0,102,144
03/15/2021,UAO,OR,ANM,WE,Federal Contract Tower,0,2,15,0,17,0,1,75,0,76,0,3,90,0,93,88,0,88,181
03/16/2021,UAO,OR,ANM,WE,Federal Contract Tower,0,0,17,0,17,0,17,132,0,149,0,17,149,0,166,124,0,124,290
03/17/2021,UAO,OR,ANM,WE,Federal Contract Tower,0,0,26,0,26,0,8,143,0,151,0,8,169,0,177,152,0,152,329
03/18/2021,UAO,OR,ANM,WE,Federal Contract Tower,0,4,26,0,30,0,0,39,0,39,0,4,65,0,69,57,0,57,126
03/19/2021,UAO,OR,ANM,WE,Federal Contract Tower,0,0,16,0,16,0,1,19,0,20,0,1,35,0,36,32,0,32,68
03/20/2021,UAO,OR,ANM,WE,Federal Contract Tower,0,0,13,0,13,0,2,8,0,10,0,2,21,0,23,12,0,12,35
03/21/2021,UAO,OR,ANM,WE,Federal Contract Tower,0,3,12,0,15,0,1,48,4,53,0,4,60,4,68,260,0,260,328
03/22/2021,UAO,OR,ANM,WE,Federal Contract Tower,0,7,11,0,18,0,1,33,0,34,0,8,44,0,52,46,0,46,98
03/23/2021,UAO,OR,ANM,WE,Federal Contract Tower,0,1,20,0,21,0,13,123,0,136,0,14,143,0,157,171,0,171,328
03/24/2021,UAO,OR,ANM,WE,Federal Contract Tower,0,1,22,0,23,0,0,10,0,10,0,1,32,0,33,20,0,20,53
03/25/2021,UAO,OR,ANM,WE,Federal Contract Tower,0,0,6,0,6,0,4,65,0,69,0,4,71,0,75,90,0,90,165
03/26/2021,UAO,OR,ANM,WE,Federal Contract Tower,0,0,16,0,16,0,2,127,0,129,0,2,143,0,145,156,0,156,301
03/27/2021,UAO,OR,ANM,WE,Federal Contract Tower,0,1,11,0,12,0,0,156,0,156,0,1,167,0,168,74,0,74,242
03/28/2021,UAO,OR,ANM,WE,Federal Contract Tower,0,3,18,0,21,0,2,18,0,20,0,5,36,0,41,38,0,38,79
03/29/2021,UAO,OR,ANM,WE,Federal Contract Tower,0,0,17,0,17,0,2,43,1,46,0,2,60,1,63,98,0,98,161
03/30/2021,UAO,OR,ANM,WE,Federal Contract Tower,0,1,15,0,16,0,3,137,0,140,0,4,152,0,156,150,0,150,306
03/31/2021,UAO,OR,ANM,WE,Federal Contract Tower,0,3,9,0,12,0,5,205,0,210,0,8,214,0,222,186,0,186,408
04/01/2021,UAO,OR,ANM,WE,Federal Contract Tower,0,10,13,0,23,0,1,143,0,144,0,11,156,0,167,99,0,99,266
04/02/2021,UAO,OR,ANM,WE,Federal Contract Tower,0,2,17,0,19,0,4,136,0,140,0,6,153,0,159,154,0,154,313
04/03/2021,UAO,OR,ANM,WE,Federal Contract Tower,0,2,18,0,20,0,2,130,0,132,0,4,148,0,152,48,0,48,200
04/04/2021,UAO,OR,ANM,WE,Federal Contract Tower,0,2,10,0,12,0,0,61,0,61,0,2,71,0,73,68,0,68,141
04/05/2021,UAO,OR,ANM,WE,Federal Contract Tower,0,1,15,0,16,0,0,109,0,109,0,1,124,0,125,94,0,94,219
04/06/2021,UAO,OR,ANM,WE,Federal Contract Tower,0,2,15,0,17,0,2,100,0,102,0,4,115,0,119,146,0,146,265
04/07/2021,UAO,OR,ANM,WE,Federal Contract Tower,0,5,22,0,27,0,4,72,0,76,0,9,94,0,103,188,0,188,291
04/08/2021,UAO,OR,ANM,WE,Federal Contract Tower,0,1,22,0,23,0,0,77,0,77,0,1,99,0,100,40,0,40,140
04/09/2021,UAO,OR,ANM,WE,Federal Contract Tower,0,0,14,0,14,0,3,123,0,126,0,3,137,0,140,76,0,76,216
04/10/2021,UAO,OR,ANM,WE,Federal Contract Tower,0,2,16,0,18,0,3,49,0,52,0,5,65,0,70,60,0,60,130
04/11/2021,UAO,OR,ANM,WE,Federal Contract Tower,0,0,14,0,14,0,2,115,0,117,0,2,129,0,131,154,0,154,285
04/12/2021,UAO,OR,ANM,WE,Federal Contract Tower,0,2,11,0,13,0,3,97,0,100,0,5,108,0,113,122,0,122,235
04/13/2021,UAO,OR,ANM,WE,Federal Contract Tower,0,0,10,0,10,0,7,64,0,71,0,7,74,0,81,26,0,26,107
04/14/2021,UAO,OR,ANM,WE,Federal Contract Tower,0,0,12,0,12,0,2,102,0,104,0,2,114,0,116,38,0,38,154
04/15/2021,UAO,OR,ANM,WE,Federal Contract Tower,0,3,14,0,17,0,1,123,0,124,0,4,137,0,141,104,0,104,245
04/16/2021,UAO,OR,ANM,WE,Federal Contract Tower,0,1,10,0,11,0,1,106,0,107,0,2,116,0,118,60,0,60,178
04/17/2021,UAO,OR,ANM,WE,Federal Contract Tower,0,4,8,0,12,0,5,143,0,148,0,9,151,0,160,100,0,100,260
04/18/2021,UAO,OR,ANM,WE,Federal Contract Tower,0,1,12,0,13,0,2,103,0,105,0,3,115,0,118,130,0,130,248
04/19/2021,UAO,OR,ANM,WE,Federal Contract Tower,0,2,17,0,19,0,2,87,2,91,0,4,104,2,110,102,4,106,216
04/20/2021,UAO,OR,ANM,WE,Federal Contract Tower,0,0,27,0,27,0,7,95,0,102,0,7,122,0,129,154,22,176,305
04/21/2021,UAO,OR,ANM,WE,Federal Contract Tower,0,0,19,0,19,0,7,133,0,140,0,7,152,0,159,206,0,206,365
04/22/2021,UAO,OR,ANM,WE,Federal Contract Tower,0,1,34,0,35,0,2,77,0,79,0,3,111,0,114,106,0,106,220
04/23/2021,UAO,OR,ANM,WE,Federal Contract Tower,0,0,21,0,21,0,2,142,0,144,0,2,163,0,165,200,0,200,365
04/24/2021,UAO,OR,ANM,WE,Federal Contract Tower,0,0,12,0,12,0,0,3,0,3,0,0,15,0,15,64,0,64,79
04/26/2021,UAO,OR,ANM,WE,Federal Contract Tower,0,3,22,0,25,0,2,51,0,53,0,5,73,0,78,136,0,136,214
04/27/2021,UAO,OR,ANM,WE,Federal Contract Tower,0,0,21,0,21,0,6,90,0,96,0,6,111,0,117,72,0,72,189
04/28/2021,UAO,OR,ANM,WE,Federal Contract Tower,0,1,13,0,14,0,0,122,0,122,0,1,135,0,136,122,0,122,258
04/29/2021,UAO,OR,ANM,WE,Federal Contract Tower,0,1,23,0,24,0,1,145,0,146,0,2,168,0,170,84,0,84,254
04/30/2021,UAO,OR,ANM,WE,Federal Contract Tower,0,6,18,0,24,0,5,101,0,106,0,11,119,0,130,142,0,142,272
05/01/2021,UAO,OR,ANM,WE,Federal Contract Tower,0,2,14,0,16,0,3,76,0,79,0,5,90,0,95,202,0,202,297
05/02/2021,UAO,OR,ANM,WE,Federal Contract Tower,0,0,24,0,24,0,5,112,0,117,0,5,136,0,141,194,0,194,335
05/03/2021,UAO,OR,ANM,WE,Federal Contract Tower,0,1,14,0,15,0,4,62,0,66,0,5,76,0,81,219,0,219,300
05/04/2021,UAO,OR,ANM,WE,Federal Contract Tower,0,6,15,0,21,0,6,138,0,144,0,12,153,0,165,157,0,157,322
05/05/2021,UAO,OR,ANM,WE,Federal Contract Tower,0,4,15,0,19,0,9,129,1,139,0,13,144,1,158,156,0,156,314
05/06/2021,UAO,OR,ANM,WE,Federal Contract Tower,0,0,23,0,23,0,3,58,0,61,0,3,81,0,84,47,0,47,131
05/07/2021,UAO,OR,ANM,WE,Federal Contract Tower,0,3,14,0,17,0,2,45,0,47,0,5,59,0,64,92,0,92,156
05/08/2021,UAO,OR,ANM,WE,Federal Contract Tower,0,0,12,0,12,0,4,94,0,98,0,4,106,0,110,154,0,154,264
05/09/2021,UAO,OR,ANM,WE,Federal Contract Tower,0,0,19,0,19,0,4,52,0,56,0,4,71,0,75,148,0,148,223
05/10/2021,UAO,OR,ANM,WE,Federal Contract Tower,0,1,9,0,10,0,3,102,0,105,0,4,111,0,115,134,0,134,249
05/11/2021,UAO,OR,ANM,WE,Federal Contract Tower,0,0,19,0,19,0,2,127,0,129,0,2,146,0,148,162,0,162,310
05/12/2021,UAO,OR,ANM,WE,Federal Contract Tower,0,2,15,0,17,0,3,126,0,129,0,5,141,0,146,116,0,116,262
05/13/2021,UAO,OR,ANM,WE,Federal Contract Tower,0,2,22,0,24,0,3,108,0,111,0,5,130,0,135,130,0,130,265
05/14/2021,UAO,OR,ANM,WE,Federal Contract Tower,0,1,16,0,17,0,6,127,0,133,0,7,143,0,150,146,0,146,296
05/15/2021,UAO,OR,ANM,WE,Federal Contract Tower,0,3,6,0,9,0,4,114,0,118,0,7,120,0,127,38,0,38,165
05/16/2021,UAO,OR,ANM,WE,Federal Contract Tower,0,2,12,0,14,0,4,109,0,113,0,6,121,0,127,130,0,130,257
05/17/2021,UAO,OR,ANM,WE,Federal Contract Tower,0,1,30,0,31,0,8,60,0,68,0,9,90,0,99,158,0,158,257
05/18/2021,UAO,OR,ANM,WE,Federal Contract Tower,0,1,27,0,28,0,6,53,0,59,0,7,80,0,87,143,0,143,230
05/19/2021,UAO,OR,ANM,WE,Federal Contract Tower,0,5,28,0,33,0,2,57,0,59,0,7,85,0,92,164,0,164,256
05/20/2021,UAO,OR,ANM,WE,Federal Contract Tower,0,2,18,0,20,0,5,64,0,69,0,7,82,0,89,154,0,154,243
05/21/2021,UAO,OR,ANM,WE,Federal Contract Tower,0,1,20,0,21,0,3,96,0,99,0,4,116,0,120,262,0,262,382
05/22/2021,UAO,OR,ANM,WE,Federal Contract Tower,0,4,19,0,23,0,0,120,0,120,0,4,139,0,143,170,0,170,313
05/23/2021,UAO,OR,ANM,WE,Federal Contract Tower,0,0,19,0,19,0,4,43,0,47,0,4,62,0,66,104,0,104,170
05/24/2021,UAO,OR,ANM,WE,Federal Contract Tower,0,3,32,0,35,0,1,8,0,9,0,4,40,0,44,20,0,20,64
05/25/2021,UAO,OR,ANM,WE,Federal Contract Tower,0,0,28,0,28,0,4,38,0,42,0,4,66,0,70,62,0,62,132
05/26/2021,UAO,OR,ANM,WE,Federal Contract Tower,0,3,14,0,17,0,0,153,0,153,0,3,167,0,170,257,0,257,427
05/27/2021,UAO,OR,ANM,WE,Federal Contract Tower,0,1,16,0,17,0,0,26,0,26,0,1,42,0,43,36,0,36,79
05/28/2021,UAO,OR,ANM,WE,Federal Contract Tower,0,2,37,0,39,0,5,134,0,139,0,7,171,0,178,194,0,194,372
05/29/2021,UAO,OR,ANM,WE,Federal Contract Tower,0,0,9,0,9,0,8,147,0,155,0,8,156,0,164,128,0,128,292
05/30/2021,UAO,OR,ANM,WE,Federal Contract Tower,0,1,8,0,9,0,6,92,0,98,0,7,100,0,107,92,0,92,199
05/31/2021,UAO,OR,ANM,WE,Federal Contract Tower,0,0,16,0,16,0,9,124,0,133,0,9,140,0,149,132,0,132,281
06/01/2021,UAO,OR,ANM,WE,Federal Contract Tower,0,0,12,0,12,0,2,126,0,128,0,2,138,0,140,80,0,80,220
06/02/2021,UAO,OR,ANM,WE,Federal Contract Tower,0,6,11,0,17,0,6,131,0,137,0,12,142,0,154,136,0,136,290
06/03/2021,UAO,OR,ANM,WE,Federal Contract Tower,0,4,15,0,19,0,6,119,0,125,0,10,134,0,144,206,0,206,350
06/04/2021,UAO,OR,ANM,WE,Federal Contract Tower,0,7,9,0,16,0,1,124,0,125,0,8,133,0,141,188,0,188,329
06/05/2021,UAO,OR,ANM,WE,Federal Contract Tower,0,3,26,0,29,0,4,37,0,41,0,7,63,0,70,46,0,46,116
06/06/2021,UAO,OR,ANM,WE,Federal Contract Tower,0,5,14,0,19,0,5,53,0,58,0,10,67,0,77,173,2,175,252
06/07/2021,UAO,OR,ANM,WE,Federal Contract Tower,0,3,22,0,25,0,8,90,0,98,0,11,112,0,123,76,6,82,205
06/08/2021,UAO,OR,ANM,WE,Federal Contract Tower,0,0,25,0,25,0,8,95,0,103,0,8,120,0,128,116,0,116,244
06/09/2021,UAO,OR,ANM,WE,Federal Contract Tower,0,0,20,0,20,0,7,149,1,157,0,7,169,1,177,138,0,138,315
06/10/2021,UAO,OR,ANM,WE,Federal Contract Tower,0,0,18,0,18,0,2,86,0,88,0,2,104,0,106,161,0,161,267
06/11/2021,UAO,OR,ANM,WE,Federal Contract Tower,0,4,32,0,36,0,2,65,0,67,0,6,97,0,103,34,0,34,137
06/12/2021,UAO,OR,ANM,WE,Federal Contract Tower,0,10,16,0,26,0,23,91,12,126,0,33,107,12,152,80,0,80,232
06/13/2021,UAO,OR,ANM,WE,Federal Contract Tower,0,5,23,0,28,0,3,9,0,12,0,8,32,0,40,30,0,30,70
06/14/2021,UAO,OR,ANM,WE,Federal Contract Tower,0,4,23,0,27,0,1,32,0,33,0,5,55,0,60,94,0,94,154
06/15/2021,UAO,OR,ANM,WE,Federal Contract Tower,0,1,24,0,25,0,9,82,0,91,0,10,106,0,116,74,0,74,190
06/16/2021,UAO,OR,ANM,WE,Federal Contract Tower,0,2,26,0,28,0,2,179,0,181,0,4,205,0,209,226,0,226,435
06/17/2021,UAO,OR,ANM,WE,Federal Contract Tower,0,2,21,0,23,0,9,173,0,182,0,11,194,0,205,156,0,156,361
06/18/2021,UAO,OR,ANM,WE,Federal Contract Tower,0,0,25,0,25,0,4,175,0,179,0,4,200,0,204,136,0,136,340
06/19/2021,UAO,OR,ANM,WE,Federal Contract Tower,0,0,7,0,7,0,4,146,2,152,0,4,153,2,159,170,0,170,329
06/20/2021,UAO,OR,ANM,WE,Federal Contract Tower,0,0,10,0,10,0,4,114,0,118,0,4,124,0,128,118,0,118,246
06/21/2021,UAO,OR,ANM,WE,Federal Contract Tower,0,0,11,0,11,0,5,95,0,100,0,5,106,0,111,160,0,160,271
06/22/2021,UAO,OR,ANM,WE,Federal Contract Tower,0,1,16,0,17,0,4,132,0,136,0,5,148,0,153,186,0,186,339
06/23/2021,UAO,OR,ANM,WE,Federal Contract Tower,0,1,17,0,18,0,3,134,0,137,0,4,151,0,155,150,0,150,305
06/24/2021,UAO,OR,ANM,WE,Federal Contract Tower,0,1,25,0,26,0,12,123,0,135,0,13,148,0,161,170,0,170,331
06/25/2021,UAO,OR,ANM,WE,Federal Contract Tower,0,3,24,0,27,0,9,101,0,110,0,12,125,0,137,78,0,78,215
06/26/2021,UAO,OR,ANM,WE,Federal Contract Tower,0,4,5,0,9,0,8,83,2,93,0,12,88,2,102,106,0,106,208
06/27/2021,UAO,OR,ANM,WE,Federal Contract Tower,0,4,12,0,16,0,4,66,2,72,0,8,78,2,88,72,0,72,160
06/28/2021,UAO,OR,ANM,WE,Federal Contract Tower,0,1,10,0,11,0,4,53,0,57,0,5,63,0,68,76,0,76,144
06/29/2021,UAO,OR,ANM,WE,Federal Contract Tower,0,6,13,0,19,0,6,145,0,151,0,12,158,0,170,140,0,140,310
06/30/2021,UAO,OR,ANM,WE,Federal Contract Tower,0,3,23,0,26,0,3,78,0,81,0,6,101,0,107,180,0,180,287
07/01/2021,UAO,OR,ANM,WE,Federal Contract Tower,0,1,27,0,28,0,3,90,0,93,0,4,117,0,121,210,0,210,331
07/02/2021,UAO,OR,ANM,WE,Federal Contract Tower,0,1,31,0,32,0,4,117,0,121,0,5,148,0,153,138,0,138,291
07/03/2021,UAO,OR,ANM,WE,Federal Contract Tower,0,2,11,0,13,0,1,91,0,92,0,3,102,0,105,88,0,88,193
07/04/2021,UAO,OR,ANM,WE,Federal Contract Tower,0,0,5,0,5,0,2,56,0,58,0,2,61,0,63,54,0,54,117
07/05/2021,UAO,OR,ANM,WE,Federal Contract Tower,0,0,21,0,21,0,9,119,0,128,0,9,140,0,149,114,0,114,263
07/06/2021,UAO,OR,ANM,WE,Federal Contract Tower,0,0,22,0,22,0,5,113,0,118,0,5,135,0,140,169,0,169,309
07/07/2021,UAO,OR,ANM,WE,Federal Contract Tower,0,1,36,0,37,0,4,69,0,73,0,5,105,0,110,122,0,122,232
07/08/2021,UAO,OR,ANM,WE,Federal Contract Tower,0,0,43,0,43,0,5,113,0,118,0,5,156,0,161,156,0,156,317
07/09/2021,UAO,OR,ANM,WE,Federal Contract Tower,0,2,9,0,11,0,5,169,0,174,0,7,178,0,185,192,0,192,377
07/10/2021,UAO,OR,ANM,WE,Federal Contract Tower,0,0,5,1,6,0,0,123,0,123,0,0,128,1,129,104,0,104,233
07/11/2021,UAO,OR,ANM,WE,Federal Contract Tower,0,1,9,0,10,0,2,120,1,123,0,3,129,1,133,94,0,94,227
07/12/2021,UAO,OR,ANM,WE,Federal Contract Tower,0,0,28,0,28,0,7,97,0,104,0,7,125,0,132,196,0,196,328
07/13/2021,UAO,OR,ANM,WE,Federal Contract Tower,0,5,16,0,21,0,7,140,0,147,0,12,156,0,168,142,0,142,310
07/14/2021,UAO,OR,ANM,WE,Federal Contract Tower,0,3,27,0,30,0,4,116,0,120,0,7,143,0,150,186,0,186,336
07/15/2021,UAO,OR,ANM,WE,Federal Contract Tower,0,0,23,0,23,0,4,96,0,100,0,4,119,0,123,144,0,144,267
07/16/2021,UAO,OR,ANM,WE,Federal Contract Tower,0,7,26,0,33,0,6,132,0,138,0,13,158,0,171,124,0,124,295
07/17/2021,UAO,OR,ANM,WE,Federal Contract Tower,0,1,13,0,14,0,8,134,0,142,0,9,147,0,156,66,0,66,222
07/18/2021,UAO,OR,ANM,WE,Federal Contract Tower,0,2,9,0,11,0,2,105,1,108,0,4,114,1,119,86,0,86,205
07/19/2021,UAO,OR,ANM,WE,Federal Contract Tower,0,3,10,0,13,0,6,94,0,100,0,9,104,0,113,80,0,80,193
07/20/2021,UAO,OR,ANM,WE,Federal Contract Tower,0,1,18,0,19,0,9,94,0,103,0,10,112,0,122,120,0,120,242
07/21/2021,UAO,OR,ANM,WE,Federal Contract Tower,0,2,22,0,24,0,9,87,0,96,0,11,109,0,120,120,0,120,240
07/22/2021,UAO,OR,ANM,WE,Federal Contract Tower,0,4,17,0,21,0,3,133,0,136,0,7,150,0,157,180,0,180,337
07/23/2021,UAO,OR,ANM,WE,Federal Contract Tower,0,2,22,0,24,0,2,127,0,129,0,4,149,0,153,152,0,152,305
07/24/2021,UAO,OR,ANM,WE,Federal Contract Tower,0,0,6,0,6,0,8,155,0,163,0,8,161,0,169,28,0,28,197
07/25/2021,UAO,OR,ANM,WE,Federal Contract Tower,0,0,18,0,18,0,6,129,0,135,0,6,147,0,153,122,0,122,275
07/26/2021,UAO,OR,ANM,WE,Federal Contract Tower,0,2,16,0,18,0,5,91,0,96,0,7,107,0,114,164,0,164,278
07/27/2021,UAO,OR,ANM,WE,Federal Contract Tower,0,0,13,0,13,0,8,118,0,126,0,8,131,0,139,102,0,102,241
07/28/2021,UAO,OR,ANM,WE,Federal Contract Tower,0,0,14,0,14,0,4,120,1,125,0,4,134,1,139,248,0,248,387
07/29/2021,UAO,OR,ANM,WE,Federal Contract Tower,0,3,23,0,26,0,0,114,0,114,0,3,137,0,140,84,0,84,224
07/30/2021,UAO,OR,ANM,WE,Federal Contract Tower,0,0,26,0,26,0,4,132,0,136,0,4,158,0,162,118,0,118,280
07/31/2021,UAO,OR,ANM,WE,Federal Contract Tower,0,1,9,0,10,0,3,133,0,136,0,4,142,0,146,130,0,130,276
08/01/2021,UAO,OR,ANM,WE,Federal Contract Tower,0,0,26,0,26,0,1,133,0,134,0,1,159,0,160,124,0,124,284
08/02/2021,UAO,OR,ANM,WE,Federal Contract Tower,0,0,10,0,10,0,2,131,0,133,0,2,141,0,143,112,0,112,255
08/03/2021,UAO,OR,ANM,WE,Federal Contract Tower,0,3,22,0,25,0,3,142,0,145,0,6,164,0,170,146,0,146,316
08/04/2021,UAO,OR,ANM,WE,Federal Contract Tower,0,1,18,0,19,0,7,119,0,126,0,8,137,0,145,160,0,160,305
08/05/2021,UAO,OR,ANM,WE,Federal Contract Tower,0,4,21,1,26,0,0,138,0,138,0,4,159,1,164,120,0,120,284
08/06/2021,UAO,OR,ANM,WE,Federal Contract Tower,0,2,18,0,20,0,4,92,0,96,0,6,110,0,116,111,0,111,227
08/07/2021,UAO,OR,ANM,WE,Federal Contract Tower,0,6,20,0,26,0,4,109,0,113,0,10,129,0,139,100,0,100,239
08/08/2021,UAO,OR,ANM,WE,Federal Contract Tower,0,2,25,0,27,0,3,132,1,136,0,5,157,1,163,106,0,106,269
08/09/2021,UAO,OR,ANM,WE,Federal Contract Tower,0,2,30,0,32,0,0,0,0,0,0,2,30,0,32,120,0,120,152
08/10/2021,UAO,OR,ANM,WE,Federal Contract Tower,0,0,16,0,16,0,3,155,0,158,0,3,171,0,174,106,0,106,280
08/11/2021,UAO,OR,ANM,WE,Federal Contract Tower,0,0,20,0,20,0,4,128,0,132,0,4,148,0,152,114,0,114,266
08/12/2021,UAO,OR,ANM,WE,Federal Contract Tower,0,2,29,0,31,0,0,110,0,110,0,2,139,0,141,118,0,118,259
08/13/2021,UAO,OR,ANM,WE,Federal Contract Tower,0,3,33,0,36,0,1,90,0,91,0,4,123,0,127,134,0,134,261
08/14/2021,UAO,OR,ANM,WE,Federal Contract Tower,0,1,24,0,25,0,2,109,0,111,0,3,133,0,136,66,0,66,202
08/15/2021,UAO,OR,ANM,WE,Federal Contract Tower,0,0,19,0,19,0,3,114,0,117,0,3,133,0,136,88,0,88,224
08/16/2021,UAO,OR,ANM,WE,Federal Contract Tower,0,0,19,0,19,0,10,102,0,112,0,10,121,0,131,184,0,184,315
08/17/2021,UAO,OR,ANM,WE,Federal Contract Tower,0,3,31,0,34,0,8,118,0,126,0,11,149,0,160,206,0,206,366
08/18/2021,UAO,OR,ANM,WE,Federal Contract Tower,0,10,7,0,17,0,10,126,0,136,0,20,133,0,153,132,0,132,285
08/19/2021,UAO,OR,ANM,WE,Federal Contract Tower,0,1,13,0,14,0,9,132,0,141,0,10,145,0,155,143,0,143,298
08/20/2021,UAO,OR,ANM,WE,Federal Contract Tower,0,1,35,0,36,0,3,79,0,82,0,4,114,0,118,116,0,116,234
08/21/2021,UAO,OR,ANM,WE,Federal Contract Tower,0,1,26,0,27,0,9,67,2,78,0,10,93,2,105,124,0,124,229
08/22/2021,UAO,OR,ANM,WE,Federal Contract Tower,0,1,20,0,21,0,4,74,0,78,0,5,94,0,99,132,0,132,231
08/23/2021,UAO,OR,ANM,WE,Federal Contract Tower,0,1,21,0,22,0,7,105,0,112,0,8,126,0,134,88,0,88,222
08/24/2021,UAO,OR,ANM,WE,Federal Contract Tower,0,0,9,0,9,0,5,140,0,145,0,5,149,0,154,150,0,150,304
08/25/2021,UAO,OR,ANM,WE,Federal Contract Tower,0,1,17,0,18,0,10,109,0,119,0,11,126,0,137,114,0,114,251
08/26/2021,UAO,OR,ANM,WE,Federal Contract Tower,0,0,16,0,16,0,2,44,0,46,0,2,60,0,62,82,0,82,144
08/27/2021,UAO,OR,ANM,WE,Federal Contract Tower,0,4,23,0,27,0,4,123,0,127,0,8,146,0,154,190,0,190,344
08/28/2021,UAO,OR,ANM,WE,Federal Contract Tower,0,17,0,0,17,0,5,141,0,146,0,22,141,0,163,56,0,56,219
08/29/2021,UAO,OR,ANM,WE,Federal Contract Tower,0,3,14,0,17,0,2,106,0,108,0,5,120,0,125,100,0,100,225
08/30/2021,UAO,OR,ANM,WE,Federal Contract Tower,0,3,20,0,23,0,7,108,0,115,0,10,128,0,138,126,0,126,264
08/31/2021,UAO,OR,ANM,WE,Federal Contract Tower,0,0,19,0,19,0,16,119,0,135,0,16,138,0,154,94,0,94,248
09/01/2021,UAO,OR,ANM,WE,Federal Contract Tower,0,2,18,0,20,0,6,121,0,127,0,8,139,0,147,146,0,146,293
09/02/2021,UAO,OR,ANM,WE,Federal Contract Tower,0,2,11,0,13,0,5,120,0,125,0,7,131,0,138,112,0,112,250
09/03/2021,UAO,OR,ANM,WE,Federal Contract Tower,0,0,13,0,13,0,3,158,0,161,0,3,171,0,174,130,0,130,304
09/04/2021,UAO,OR,ANM,WE,Federal Contract Tower,0,1,6,0,7,0,3,115,0,118,0,4,121,0,125,64,0,64,189
09/05/2021,UAO,OR,ANM,WE,Federal Contract Tower,0,0,5,0,5,0,3,100,0,103,0,3,105,0,108,100,0,100,208
09/06/2021,UAO,OR,ANM,WE,Federal Contract Tower,0,1,13,0,14,0,3,108,0,111,0,4,121,0,125,68,0,68,193
09/07/2021,UAO,OR,ANM,WE,Federal Contract Tower,0,3,18,0,21,0,8,96,3,107,0,11,114,3,128,108,0,108,236
09/08/2021,UAO,OR,ANM,WE,Federal Contract Tower,0,5,16,2,23,0,5,121,0,126,0,10,137,2,149,152,0,152,301
09/09/2021,UAO,OR,ANM,WE,Federal Contract Tower,0,2,13,0,15,0,1,90,0,91,0,3,103,0,106,150,0,150,256
09/10/2021,UAO,OR,ANM,WE,Federal Contract Tower,0,1,37,0,38,0,4,65,0,69,0,5,102,0,107,48,0,48,155
09/11/2021,UAO,OR,ANM,WE,Federal Contract Tower,0,0,6,0,6,0,6,124,0,130,0,6,130,0,136,140,2,142,278
09/12/2021,UAO,OR,ANM,WE,Federal Contract Tower,0,1,23,0,24,0,6,64,0,70,0,7,87,0,94,132,0,132,226
09/13/2021,UAO,OR,ANM,WE,Federal Contract Tower,0,0,22,0,22,0,2,114,0,116,0,2,136,0,138,126,0,126,264
09/14/2021,UAO,OR,ANM,WE,Federal Contract Tower,0,2,18,0,20,0,2,133,0,135,0,4,151,0,155,106,0,106,261
09/15/2021,UAO,OR,ANM,WE,Federal Contract Tower,0,5,28,0,33,0,11,127,0,138,0,16,155,0,171,88,1,89,260
09/16/2021,UAO,OR,ANM,WE,Federal Contract Tower,0,2,20,0,22,0,10,133,0,143,0,12,153,0,165,176,0,176,341
09/17/2021,UAO,OR,ANM,WE,Federal Contract Tower,0,5,19,0,24,0,4,71,0,75,0,9,90,0,99,76,0,76,175
09/18/2021,UAO,OR,ANM,WE,Federal Contract Tower,0,3,15,0,18,0,0,5,0,5,0,3,20,0,23,4,0,4,27
09/19/2021,UAO,OR,ANM,WE,Federal Contract Tower,0,3,21,0,24,0,0,15,0,15,0,3,36,0,39,56,0,56,95
09/20/2021,UAO,OR,ANM,WE,Federal Contract Tower,0,1,28,0,29,0,3,90,0,93,0,4,118,0,122,136,0,136,258
09/21/2021,UAO,OR,ANM,WE,Federal Contract Tower,0,5,11,0,16,0,9,133,0,142,0,14,144,0,158,88,0,88,246
09/22/2021,UAO,OR,ANM,WE,Federal Contract Tower,0,2,31,0,33,0,11,70,0,81,0,13,101,0,114,148,0,148,262
09/23/2021,UAO,OR,ANM,WE,Federal Contract Tower,0,3,41,0,44,0,7,100,0,107,0,10,141,0,151,162,0,162,313
09/24/2021,UAO,OR,ANM,WE,Federal Contract Tower,0,2,25,0,27,0,7,146,0,153,0,9,171,0,180,180,0,180,360
09/25/2021,UAO,OR,ANM,WE,Federal Contract Tower,0,2,11,0,13,0,7,170,0,177,0,9,181,0,190,126,0,126,316
09/26/2021,UAO,OR,ANM,WE,Federal Contract Tower,0,1,28,0,29,0,7,50,0,57,0,8,78,0,86,90,0,90,176
09/27/2021,UAO,OR,ANM,WE,Federal Contract Tower,0,1,29,0,30,0,0,3,0,3,0,1,32,0,33,8,0,8,41
09/28/2021,UAO,OR,ANM,WE,Federal Contract Tower,0,4,24,1,29,0,0,16,0,16,0,4,40,1,45,48,0,48,93
09/29/2021,UAO,OR,ANM,WE,Federal Contract Tower,0,1,19,0,20,0,10,110,0,120,0,11,129,0,140,182,0,182,322
09/30/2021,UAO,OR,ANM,WE,Federal Contract Tower,0,1,35,1,37,0,3,21,1,25,0,4,56,2,62,48,0,48,110
10/01/2021,UAO,OR,ANM,WE,Federal Contract Tower,0,0,31,0,31,0,1,105,0,106,0,1,136,0,137,152,0,152,289
10/02/2021,UAO,OR,ANM,WE,Federal Contract Tower,0,1,10,0,11,0,3,114,0,117,0,4,124,0,128,102,0,102,230
10/03/2021,UAO,OR,ANM,WE,Federal Contract Tower,0,1,15,0,16,0,4,154,0,158,0,5,169,0,174,112,0,112,286
10/04/2021,UAO,OR,ANM,WE,Federal Contract Tower,0,1,24,0,25,0,2,61,0,63,0,3,85,0,88,88,0,88,176
10/05/2021,UAO,OR,ANM,WE,Federal Contract Tower,0,1,26,0,27,0,1,15,0,16,0,2,41,0,43,38,0,38,81
10/06/2021,UAO,OR,ANM,WE,Federal Contract Tower,0,1,13,0,14,0,2,60,0,62,0,3,73,0,76,120,0,120,196
10/07/2021,UAO,OR,ANM,WE,Federal Contract Tower,0,0,34,0,34,0,1,115,0,116,0,1,149,0,150,84,0,84,234
10/08/2021,UAO,OR,ANM,WE,Federal Contract Tower,0,1,17,0,18,0,3,107,0,110,0,4,124,0,128,214,0,214,342
10/09/2021,UAO,OR,ANM,WE,Federal Contract Tower,0,1,23,0,24,0,5,81,0,86,0,6,104,0,110,82,0,82,192
10/10/2021,UAO,OR,ANM,WE,Federal Contract Tower,0,1,15,0,16,0,5,17,0,22,0,6,32,0,38,14,0,14,52
10/11/2021,UAO,OR,ANM,WE,Federal Contract Tower,0,1,28,0,29,0,4,86,0,90,0,5,114,0,119,92,0,92,211
10/12/2021,UAO,OR,ANM,WE,Federal Contract Tower,0,0,29,0,29,0,5,89,0,94,0,5,118,0,123,96,0,96,219
10/13/2021,UAO,OR,ANM,WE,Federal Contract Tower,0,0,28,0,28,0,5,12,0,17,0,5,40,0,45,14,0,14,59
10/14/2021,UAO,OR,ANM,WE,Federal Contract Tower,0,5,35,0,40,0,1,32,0,33,0,6,67,0,73,74,0,74,147
10/15/2021,UAO,OR,ANM,WE,Federal Contract Tower,0,2,25,0,27,0,4,98,2,104,0,6,123,2,131,152,0,152,283
10/16/2021,UAO,OR,ANM,WE,Federal Contract Tower,0,3,12,0,15,0,6,149,2,157,0,9,161,2,172,136,0,136,308
10/17/2021,UAO,OR,ANM,WE,Federal Contract Tower,0,2,21,0,23,0,0,37,0,37,0,2,58,0,60,66,0,66,126
10/18/2021,UAO,OR,ANM,WE,Federal Contract Tower,0,1,29,0,30,0,4,87,0,91,0,5,116,0,121,134,0,134,255
10/19/2021,UAO,OR,ANM,WE,Federal Contract Tower,0,3,15,0,18,0,6,164,0,170,0,9,179,0,188,120,0,120,308
10/20/2021,UAO,OR,ANM,WE,Federal Contract Tower,0,3,28,0,31,0,6,39,0,45,0,9,67,0,76,42,8,50,126
10/21/2021,UAO,OR,ANM,WE,Federal Contract Tower,0,3,23,0,26,0,3,115,0,118,0,6,138,0,144,164,0,164,308
10/22/2021,UAO,OR,ANM,WE,Federal Contract Tower,0,4,26,0,30,0,2,11,0,13,0,6,37,0,43,2,0,2,45
10/23/2021,UAO,OR,ANM,WE,Federal Contract Tower,0,2,23,0,25,0,3,6,0,9,0,5,29,0,34,2,0,2,36
10/24/2021,UAO,OR,ANM,WE,Federal Contract Tower,0,3,11,0,14,0,1,1,0,2,0,4,12,0,16,0,0,0,16
10/25/2021,UAO,OR,ANM,WE,Federal Contract Tower,0,10,10,0,20,0,7,5,0,12,0,17,15,0,32,6,0,6,38
10/26/2021,UAO,OR,ANM,WE,Federal Contract Tower,0,0,20,0,20,0,3,3,0,6,0,3,23,0,26,10,0,10,36
10/27/2021,UAO,OR,ANM,WE,Federal Contract Tower,0,0,44,0,44,0,1,55,0,56,0,1,99,0,100,126,0,126,226
10/28/2021,UAO,OR,ANM,WE,Federal Contract Tower,0,0,21,0,21,0,4,15,0,19,0,4,36,0,40,30,0,30,70
10/29/2021,UAO,OR,ANM,WE,Federal Contract Tower,0,1,19,0,20,0,0,56,0,56,0,1,75,0,76,0,0,0,76
10/30/2021,UAO,OR,ANM,WE,Federal Contract Tower,0,0,9,0,9,0,1,74,0,75,0,1,83,0,84,0,0,0,84
10/31/2021,UAO,OR,ANM,WE,Federal Contract Tower,0,2,26,0,28,0,2,128,5,135,0,4,154,5,163,0,0,0,163
11/01/2021,UAO,OR,ANM,WE,Federal Contract Tower,0,0,13,0,13,0,0,15,0,15,0,0,28,0,28,24,0,24,52
11/02/2021,UAO,OR,ANM,WE,Federal Contract Tower,0,7,26,0,33,0,0,59,0,59,0,7,85,0,92,160,0,160,252
11/03/2021,UAO,OR,ANM,WE,Federal Contract Tower,0,1,9,0,10,0,6,84,0,90,0,7,93,0,100,0,0,0,100
11/04/2021,UAO,OR,ANM,WE,Federal Contract Tower,0,1,25,0,26,0,0,0,0,0,0,1,25,0,26,0,0,0,26
11/05/2021,UAO,OR,ANM,WE,Federal Contract Tower,0,2,18,0,20,0,0,128,0,128,0,2,146,0,148,104,0,104,252
11/06/2021,UAO,OR,ANM,WE,Federal Contract Tower,0,1,11,0,12,0,0,10,0,10,0,1,21,0,22,14,0,14,36
11/07/2021,UAO,OR,ANM,WE,Federal Contract Tower,0,1,14,0,15,0,0,25,0,25,0,1,39,0,40,50,0,50,90
11/08/2021,UAO,OR,ANM,WE,Federal Contract Tower,0,3,10,0,13,0,6,134,0,140,0,9,144,0,153,160,0,160,313
11/09/2021,UAO,OR,ANM,WE,Federal Contract Tower,0,2,25,0,27,0,2,38,0,40,0,4,63,0,67,44,0,44,111
11/10/2021,UAO,OR,ANM,WE,Federal Contract Tower,0,3,16,0,19,0,5,94,0,99,0,8,110,0,118,0,0,0,118
11/11/2021,UAO,OR,ANM,WE,Federal Contract Tower,0,2,31,0,33,0,0,3,0,3,0,2,34,0,36,16,0,16,52
11/12/2021,UAO,OR,ANM,WE,Federal Contract Tower,0,1,19,0,20,0,0,1,0,1,0,1,20,0,21,0,0,0,21
11/13/2021,UAO,OR,ANM,WE,Federal Contract Tower,0,4,15,0,19,0,0,0,0,0,0,4,15,0,19,0,0,0,19
11/14/2021,UAO,OR,ANM,WE,Federal Contract Tower,0,2,30,0,32,0,0,41,0,41,0,2,71,0,73,72,0,72,145
11/15/2021,UAO,OR,ANM,WE,Federal Contract Tower,0,0,19,0,19,0,3,11,0,14,0,3,30,0,33,0,0,0,33
11/16/2021,UAO,OR,ANM,WE,Federal Contract Tower,0,5,30,0,35,0,2,148,0,150,0,7,178,0,185,182,0,182,367
11/17/2021,UAO,OR,ANM,WE,Federal Contract Tower,0,2,17,0,19,0,12,146,3,161,0,14,163,3,180,134,0,134,314
11/18/2021,UAO,OR,ANM,WE,Federal Contract Tower,0,4,15,0,19,0,1,43,0,44,0,5,58,0,63,76,0,76,139
11/19/2021,UAO,OR,ANM,WE,Federal Contract Tower,0,6,21,0,27,0,0,78,0,78,0,6,99,0,105,124,0,124,229
11/20/2021,UAO,OR,ANM,WE,Federal Contract Tower,0,1,28,0,29,0,3,127,1,131,0,4,155,1,160,108,0,108,268
11/21/2021,UAO,OR,ANM,WE,Federal Contract Tower,0,2,25,0,27,0,0,5,0,5,0,2,30,0,32,0,0,0,32
11/22/2021,UAO,OR,ANM,WE,Federal Contract Tower,0,3,20,0,23,0,0,17,0,17,0,3,37,0,40,36,0,36,76
11/23/2021,UAO,OR,ANM,WE,Federal Contract Tower,0,6,33,0,39,0,0,54,0,54,0,6,87,0,93,132,0,132,225
11/24/2021,UAO,OR,ANM,WE,Federal Contract Tower,0,2,21,0,23,0,2,38,0,40,0,4,59,0,63,36,0,36,99
11/25/2021,UAO,OR,ANM,WE,Federal Contract Tower,0,1,5,0,6,0,3,13,0,16,0,4,18,0,22,0,0,0,22
11/26/2021,UAO,OR,ANM,WE,Federal Contract Tower,0,0,20,0,20,0,1,8,0,9,0,1,28,0,29,26,0,26,55
11/27/2021,UAO,OR,ANM,WE,Federal Contract Tower,0,1,24,0,25,0,0,1,0,1,0,1,25,0,26,0,0,0,26
11/28/2021,UAO,OR,ANM,WE,Federal Contract Tower,0,3,31,0,34,0,4,83,0,87,0,7,114,0,121,110,0,110,231
11/29/2021,UAO,OR,ANM,WE,Federal Contract Tower,0,2,26,0,28,0,1,27,2,30,0,3,53,2,58,64,0,64,122
11/30/2021,UAO,OR,ANM,WE,Federal Contract Tower,0,3,12,0,15,0,10,53,0,63,0,13,65,0,78,82,0,82,160
12/01/2021,UAO,OR,ANM,WE,Federal Contract Tower,0,3,27,0,30,0,5,106,0,111,0,8,133,0,141,104,0,104,245
12/02/2021,UAO,OR,ANM,WE,Federal Contract Tower,0,3,34,0,37,0,3,81,0,84,0,6,115,0,121,34,0,34,155
12/03/2021,UAO,OR,ANM,WE,Federal Contract Tower,0,2,31,0,33,0,3,124,0,127,0,5,155,0,160,144,0,144,304
12/04/2021,UAO,OR,ANM,WE,Federal Contract Tower,0,6,13,0,19,0,2,4,0,6,0,8,17,0,25,8,0,8,33
12/05/2021,UAO,OR,ANM,WE,Federal Contract Tower,0,0,18,0,18,0,4,124,0,128,0,4,142,0,146,138,6,144,290
12/06/2021,UAO,OR,ANM,WE,Federal Contract Tower,0,5,20,0,25,0,0,0,0,0,0,5,20,0,25,0,0,0,25
12/07/2021,UAO,OR,ANM,WE,Federal Contract Tower,0,6,17,0,23,0,0,1,0,1,0,6,18,0,24,0,0,0,24
12/08/2021,UAO,OR,ANM,WE,Federal Contract Tower,0,7,22,0,29,0,0,81,0,81,0,7,103,0,110,102,0,102,212
12/09/2021,UAO,OR,ANM,WE,Federal Contract Tower,0,8,24,0,32,0,4,13,0,17,0,12,37,0,49,8,0,8,57
12/10/2021,UAO,OR,ANM,WE,Federal Contract Tower,0,7,22,0,29,0,1,14,0,15,0,8,36,0,44,0,0,0,44
12/11/2021,UAO,OR,ANM,WE,Federal Contract Tower,0,2,6,0,8,0,0,0,0,0,0,2,6,0,8,0,0,0,8
12/12/2021,UAO,OR,ANM,WE,Federal Contract Tower,0,1,17,0,18,0,4,20,0,24,0,5,37,0,42,78,0,78,120
12/13/2021,UAO,OR,ANM,WE,Federal Contract Tower,0,2,18,0,20,0,0,7,0,7,0,2,25,0,27,14,0,14,41
12/14/2021,UAO,OR,ANM,WE,Federal Contract Tower,0,3,22,0,25,0,5,111,0,116,0,8,133,0,141,136,0,136,277
12/15/2021,UAO,OR,ANM,WE,Federal Contract Tower,0,3,18,0,21,0,0,4,0,4,0,3,22,0,25,0,0,0,25
12/16/2021,UAO,OR,ANM,WE,Federal Contract Tower,0,1,26,0,27,0,2,24,0,26,0,3,50,0,53,14,0,14,67
12/17/2021,UAO,OR,ANM,WE,Federal Contract Tower,0,0,26,0,26,0,2,8,0,10,0,2,34,0,36,0,0,0,36
12/18/2021,UAO,OR,ANM,WE,Federal Contract Tower,0,4,5,0,9,0,3,9,0,12,0,7,14,0,21,12,0,12,33
12/19/2021,UAO,OR,ANM,WE,Federal Contract Tower,0,3,31,0,34,0,0,0,0,0,0,3,31,0,34,0,0,0,34
12/20/2021,UAO,OR,ANM,WE,Federal Contract Tower,0,4,20,0,24,0,0,0,0,0,0,4,20,0,24,0,0,0,24
12/21/2021,UAO,OR,ANM,WE,Federal Contract Tower,0,4,27,0,31,0,1,34,0,35,0,5,61,0,66,44,0,44,110
12/22/2021,UAO,OR,ANM,WE,Federal Contract Tower,0,2,13,0,15,0,3,32,2,37,0,5,45,2,52,70,2,72,124
12/23/2021,UAO,OR,ANM,WE,Federal Contract Tower,0,5,23,0,28,0,1,51,0,52,0,6,74,0,80,74,0,74,154
12/24/2021,UAO,OR,ANM,WE,Federal Contract Tower,0,2,13,0,15,0,0,0,0,0,0,2,13,0,15,0,0,0,15
12/25/2021,UAO,OR,ANM,WE,Federal Contract Tower,0,1,9,0,10,0,0,0,0,0,0,1,9,0,10,0,0,0,10
12/26/2021,UAO,OR,ANM,WE,Federal Contract Tower,0,1,8,0,9,0,0,0,0,0,0,1,8,0,9,0,0,0,9
12/27/2021,UAO,OR,ANM,WE,Federal Contract Tower,0,6,14,0,20,0,0,0,0,0,0,6,14,0,20,0,0,0,20
12/28/2021,UAO,OR,ANM,WE,Federal Contract Tower,0,0,22,0,22,0,0,0,0,0,0,0,22,0,22,0,0,0,22
12/29/2021,UAO,OR,ANM,WE,Federal Contract Tower,0,1,18,0,19,0,8,69,0,77,0,9,87,0,96,64,0,64,160
12/30/2021,UAO,OR,ANM,WE,Federal Contract Tower,0,0,14,0,14,0,2,6,0,8,0,2,20,0,22,2,0,2,24
12/31/2021,UAO,OR,ANM,WE,Federal Contract Tower,0,2,17,0,19,0,0,34,0,34,0,2,51,0,53,52,0,52,105
01/01/2022,UAO,OR,ANM,WE,Federal Contract Tower,0,1,11,0,12,0,3,51,0,54,0,4,62,0,66,52,0,52,118
01/02/2022,UAO,OR,ANM,WE,Federal Contract Tower,0,1,21,0,22,0,2,42,0,44,0,3,63,0,66,24,0,24,90
01/03/2022,UAO,OR,ANM,WE,Federal Contract Tower,0,1,14,0,15,0,0,2,0,2,0,1,16,0,17,0,0,0,17
01/04/2022,UAO,OR,ANM,WE,Federal Contract Tower,0,3,13,0,16,0,0,0,0,0,0,3,13,0,16,0,0,0,16
01/05/2022,UAO,OR,ANM,WE,Federal Contract Tower,0,4,12,0,16,0,0,4,0,4,0,4,16,0,20,18,0,18,38
01/06/2022,UAO,OR,ANM,WE,Federal Contract Tower,0,6,16,0,22,0,2,0,0,2,0,8,16,0,24,0,0,0,24
01/07/2022,UAO,OR,ANM,WE,Federal Contract Tower,0,6,19,0,25,0,2,15,0,17,0,8,34,0,42,0,0,0,42
01/08/2022,UAO,OR,ANM,WE,Federal Contract Tower,0,3,26,0,29,0,2,108,0,110,0,5,134,0,139,122,0,122,261
01/09/2022,UAO,OR,ANM,WE,Federal Contract Tower,0,3,14,0,17,0,4,128,0,132,0,7,142,0,149,68,0,68,217
01/10/2022,UAO,OR,ANM,WE,Federal Contract Tower,0,0,15,0,15,0,0,27,0,27,0,0,42,0,42,20,0,20,62
01/11/2022,UAO,OR,ANM,WE,Federal Contract Tower,0,4,13,0,17,0,2,58,0,60,0,6,71,0,77,52,0,52,129
01/12/2022,UAO,OR,ANM,WE,Federal Contract Tower,0,2,20,0,22,0,12,96,0,108,0,14,116,0,130,40,0,40,170
01/13/2022,UAO,OR,ANM,WE,Federal Contract Tower,0,5,23,0,28,0,0,1,0,1,0,5,24,0,29,0,0,0,29
01/14/2022,UAO,OR,ANM,WE,Federal Contract Tower,0,5,30,0,35,0,0,94,0,94,0,5,124,0,129,66,0,66,195
01/15/2022,UAO,OR,ANM,WE,Federal Contract Tower,0,1,23,0,24,0,0,0,0,0,0,1,23,0,24,0,0,0,24
01/16/2022,UAO,OR,ANM,WE,Federal Contract Tower,0,0,11,0,11,0,0,60,0,60,0,0,71,0,71,28,0,28,99
01/17/2022,UAO,OR,ANM,WE,Federal Contract Tower,0,1,21,0,22,0,0,0,0,0,0,1,21,0,22,0,0,0,22
01/18/2022,UAO,OR,ANM,WE,Federal Contract Tower,0,2,28,0,30,0,0,4,0,4,0,2,32,0,34,0,0,0,34
01/19/2022,UAO,OR,ANM,WE,Federal Contract Tower,0,2,19,0,21,0,0,0,0,0,0,2,19,0,21,0,0,0,21
01/20/2022,UAO,OR,ANM,WE,Federal Contract Tower,0,4,23,0,27,0,0,67,0,67,0,4,90,0,94,18,6,24,118
01/21/2022,UAO,OR,ANM,WE,Federal Contract Tower,0,1,29,0,30,0,1,65,0,66,0,2,94,0,96,40,0,40,136
01/22/2022,UAO,OR,ANM,WE,Federal Contract Tower,0,2,33,0,35,0,5,118,0,123,0,7,151,0,158,130,0,130,288
01/23/2022,UAO,OR,ANM,WE,Federal Contract Tower,0,1,13,0,14,0,0,107,0,107,0,1,120,0,121,114,0,114,235
01/24/2022,UAO,OR,ANM,WE,Federal Contract Tower,0,0,18,0,18,0,0,0,0,0,0,0,18,0,18,0,0,0,18
01/25/2022,UAO,OR,ANM,WE,Federal Contract Tower,0,0,24,0,24,0,11,112,0,123,0,11,136,0,147,60,0,60,207
01/26/2022,UAO,OR,ANM,WE,Federal Contract Tower,0,1,17,0,18,0,9,135,2,146,0,10,152,2,164,114,4,118,282
01/27/2022,UAO,OR,ANM,WE,Federal Contract Tower,0,3,15,0,18,0,8,110,0,118,0,11,125,0,136,128,0,128,264
01/28/2022,UAO,OR,ANM,WE,Federal Contract Tower,0,1,17,0,18,0,10,144,0,154,0,11,161,0,172,56,0,56,228
01/29/2022,UAO,OR,ANM,WE,Federal Contract Tower,0,1,11,0,12,0,2,113,0,115,0,3,124,0,127,134,0,134,261
01/30/2022,UAO,OR,ANM,WE,Federal Contract Tower,0,2,24,0,26,0,5,41,0,46,0,7,65,0,72,96,0,96,168
01/31/2022,UAO,OR,ANM,WE,Federal Contract Tower,0,3,14,0,17,0,1,26,0,27,0,4,40,0,44,80,0,80,124
02/01/2022,UAO,OR,ANM,WE,Federal Contract Tower,0,2,19,0,21,0,0,20,0,20,0,2,39,0,41,28,0,28,69
02/02/2022,UAO,OR,ANM,WE,Federal Contract Tower,0,5,27,0,32,0,0,0,0,0,0,5,27,0,32,0,0,0,32
02/03/2022,UAO,OR,ANM,WE,Federal Contract Tower,0,5,25,0,30,0,0,70,3,73,0,5,95,3,103,90,4,94,197
02/04/2022,UAO,OR,ANM,WE,Federal Contract Tower,0,5,25,0,30,0,0,18,0,18,0,5,43,0,48,4,0,4,52
02/05/2022,UAO,OR,ANM,WE,Federal Contract Tower,0,2,24,0,26,0,0,56,0,56,0,2,80,0,82,118,0,118,200
02/06/2022,UAO,OR,ANM,WE,Federal Contract Tower,0,2,26,0,28,0,2,63,0,65,0,4,89,0,93,54,0,54,147
02/07/2022,UAO,OR,ANM,WE,Federal Contract Tower,0,0,35,0,35,0,3,40,0,43,0,3,75,0,78,32,0,32,110
02/08/2022,UAO,OR,ANM,WE,Federal Contract Tower,0,2,29,0,31,0,5,54,0,59,0,7,83,0,90,42,0,42,132
02/09/2022,UAO,OR,ANM,WE,Federal Contract Tower,0,7,27,0,34,0,1,86,0,87,0,8,113,0,121,40,0,40,161
02/10/2022,UAO,OR,ANM,WE,Federal Contract Tower,0,2,18,0,20,0,0,28,0,28,0,2,46,0,48,40,0,40,88
02/11/2022,UAO,OR,ANM,WE,Federal Contract Tower,0,3,17,0,20,0,1,134,0,135,0,4,151,0,155,66,0,66,221
02/12/2022,UAO,OR,ANM,WE,Federal Contract Tower,0,0,5,0,5,0,10,140,2,152,0,10,145,2,157,66,0,66,223
02/13/2022,UAO,OR,ANM,WE,Federal Contract Tower,0,2,9,2,13,0,1,109,0,110,0,3,118,2,123,92,0,92,215
02/14/2022,UAO,OR,ANM,WE,Federal Contract Tower,0,2,29,0,31,0,1,9,0,10,0,3,38,0,41,10,0,10,51
02/15/2022,UAO,OR,ANM,WE,Federal Contract Tower,0,4,31,0,35,0,3,54,3,60,0,7,85,3,95,90,8,98,193
02/16/2022,UAO,OR,ANM,WE,Federal Contract Tower,0,1,46,0,47,0,1,24,0,25,0,2,70,0,72,70,0,70,142
02/17/2022,UAO,OR,ANM,WE,Federal Contract Tower,0,2,39,0,41,0,1,43,0,44,0,3,82,0,85,42,0,42,127
02/18/2022,UAO,OR,ANM,WE,Federal Contract Tower,0,0,32,0,32,0,0,103,0,103,0,0,135,0,135,104,0,104,239
02/19/2022,UAO,OR,ANM,WE,Federal Contract Tower,0,1,14,0,15,0,1,12,0,13,0,2,26,0,28,14,0,14,42
02/20/2022,UAO,OR,ANM,WE,Federal Contract Tower,0,1,13,0,14,0,3,41,0,44,0,4,54,0,58,26,0,26,84
02/21/2022,UAO,OR,ANM,WE,Federal Contract Tower,0,4,28,0,32,0,0,9,0,9,0,4,37,0,41,0,0,0,41
02/22/2022,UAO,OR,ANM,WE,Federal Contract Tower,0,2,15,0,17,0,11,76,0,87,0,13,91,0,104,44,0,44,148
02/23/2022,UAO,OR,ANM,WE,Federal Contract Tower,0,1,19,0,20,0,6,146,3,155,0,7,165,3,175,94,0,94,269
02/24/2022,UAO,OR,ANM,WE,Federal Contract Tower,0,2,23,0,25,0,4,63,0,67,0,6,86,0,92,76,0,76,168
02/25/2022,UAO,OR,ANM,WE,Federal Contract Tower,0,2,24,0,26,0,2,156,0,158,0,4,180,0,184,94,0,94,278
02/26/2022,UAO,OR,ANM,WE,Federal Contract Tower,0,2,12,0,14,0,2,78,0,80,0,4,90,0,94,76,0,76,170
02/27/2022,UAO,OR,ANM,WE,Federal Contract Tower,0,1,20,0,21,0,0,22,0,22,0,1,42,0,43,0,0,0,43
02/28/2022,UAO,OR,ANM,WE,Federal Contract Tower,0,2,17,0,19,0,0,5,0,5,0,2,22,0,24,16,0,16,40
03/01/2022,UAO,OR,ANM,WE,Federal Contract Tower,0,2,28,2,32,0,0,13,0,13,0,2,41,2,45,34,0,34,79
03/02/2022,UAO,OR,ANM,WE,Federal Contract Tower,0,1,19,0,20,0,0,8,0,8,0,1,27,0,28,18,0,18,46
03/03/2022,UAO,OR,ANM,WE,Federal Contract Tower,0,0,36,0,36,0,1,92,1,94,0,1,128,1,130,173,2,175,305
03/04/2022,UAO,OR,ANM,WE,Federal Contract Tower,0,1,24,0,25,0,0,50,0,50,0,1,74,0,75,54,0,54,129
03/05/2022,UAO,OR,ANM,WE,Federal Contract Tower,0,1,29,0,30,0,7,89,0,96,0,8,118,0,126,94,0,94,220
03/06/2022,UAO,OR,ANM,WE,Federal Contract Tower,0,0,32,0,32,0,2,98,0,100,0,2,130,0,132,58,0,58,190
03/07/2022,UAO,OR,ANM,WE,Federal Contract Tower,0,0,20,0,20,0,1,99,0,100,0,1,119,0,120,44,0,44,164
03/08/2022,UAO,OR,ANM,WE,Federal Contract Tower,0,2,21,0,23,0,0,39,0,39,0,2,60,0,62,76,0,76,138
03/09/2022,UAO,OR,ANM,WE,Federal Contract Tower,0,1,24,0,25,0,0,91,0,91,0,1,115,0,116,108,0,108,224
03/10/2022,UAO,OR,ANM,WE,Federal Contract Tower,0,2,15,0,17,4,121,0,0,125,4,123,15,0,142,122,0,122,264
03/11/2022,UAO,OR,ANM,WE,Federal Contract Tower,0,0,13,0,13,0,2,169,0,171,0,2,182,0,184,68,0,68,252
03/12/2022,UAO,OR,ANM,WE,Federal Contract Tower,0,2,6,0,8,0,0,72,0,72,0,2,78,0,80,34,0,34,114
03/13/2022,UAO,OR,ANM,WE,Federal Contract Tower,0,0,15,0,15,0,2,3,0,5,0,2,18,0,20,0,0,0,20
03/14/2022,UAO,OR,ANM,WE,Federal Contract Tower,0,1,14,0,15,0,0,50,0,50,0,1,64,0,65,92,0,92,157
03/15/2022,UAO,OR,ANM,WE,Federal Contract Tower,0,5,13,0,18,0,2,40,0,42,0,7,53,0,60,42,0,42,102
03/16/2022,UAO,OR,ANM,WE,Federal Contract Tower,0,1,29,0,30,0,5,150,0,155,0,6,179,0,185,140,0,140,325
03/17/2022,UAO,OR,ANM,WE,Federal Contract Tower,0,2,17,0,19,0,1,67,0,68,0,3,84,0,87,68,0,68,155
03/18/2022,UAO,OR,ANM,WE,Federal Contract Tower,0,0,28,0,28,0,3,48,0,51,0,3,76,0,79,116,0,116,195
03/19/2022,UAO,OR,ANM,WE,Federal Contract Tower,0,4,18,0,22,0,5,32,0,37,0,9,50,0,59,50,0,50,109
03/20/2022,UAO,OR,ANM,WE,Federal Contract Tower,0,1,15,0,16,0,2,53,0,55,0,3,68,0,71,122,0,122,193
03/21/2022,UAO,OR,ANM,WE,Federal Contract Tower,0,6,20,0,26,0,0,0,0,0,0,6,20,0,26,0,0,0,26
03/22/2022,UAO,OR,ANM,WE,Federal Contract Tower,0,2,29,0,31,0,0,86,0,86,0,2,115,0,117,114,0,114,231
03/23/2022,UAO,OR,ANM,WE,Federal Contract Tower,0,7,31,2,40,0,3,19,0,22,0,10,50,2,62,38,0,38,100
03/24/2022,UAO,OR,ANM,WE,Federal Contract Tower,0,3,23,0,26,0,0,119,0,119,0,3,142,0,145,66,0,66,211
03/25/2022,UAO,OR,ANM,WE,Federal Contract Tower,0,1,16,0,17,0,2,109,0,111,0,3,125,0,128,118,0,118,246
03/26/2022,UAO,OR,ANM,WE,Federal Contract Tower,0,0,26,0,26,0,2,102,0,104,0,2,128,0,130,94,4,98,228
03/27/2022,UAO,OR,ANM,WE,Federal Contract Tower,0,3,27,0,30,0,0,59,0,59,0,3,86,0,89,68,0,68,157
03/28/2022,UAO,OR,ANM,WE,Federal Contract Tower,0,1,31,0,32,0,0,70,0,70,0,1,101,0,102,82,0,82,184
03/29/2022,UAO,OR,ANM,WE,Federal Contract Tower,0,1,37,0,38,0,8,66,0,74,0,9,103,0,112,90,0,90,202
03/30/2022,UAO,OR,ANM,WE,Federal Contract Tower,0,0,11,0,11,0,6,63,0,69,0,6,74,0,80,14,0,14,94
03/31/2022,UAO,OR,ANM,WE,Federal Contract Tower,0,0,21,0,21,0,4,122,0,126,0,4,143,0,147,92,0,92,239
04/01/2022,UAO,OR,ANM,WE,Federal Contract Tower,0,0,20,0,20,0,5,104,0,109,0,5,124,0,129,72,0,72,201
04/02/2022,UAO,OR,ANM,WE,Federal Contract Tower,0,2,5,0,7,0,2,123,2,127,0,4,128,2,134,156,0,156,290
04/03/2022,UAO,OR,ANM,WE,Federal Contract Tower,0,5,19,0,24,0,5,46,2,53,0,10,65,2,77,52,0,52,129
04/04/2022,UAO,OR,ANM,WE,Federal Contract Tower,0,0,13,0,13,0,1,7,0,8,0,1,20,0,21,0,0,0,21
04/05/2022,UAO,OR,ANM,WE,Federal Contract Tower,0,4,25,0,29,0,5,75,0,80,0,9,100,0,109,118,0,118,227
04/06/2022,UAO,OR,ANM,WE,Federal Contract Tower,0,0,26,0,26,0,8,136,0,144,0,8,162,0,170,92,0,92,262
04/07/2022,UAO,OR,ANM,WE,Federal Contract Tower,0,3,26,0,29,0,3,154,0,157,0,6,180,0,186,96,0,96,282
04/08/2022,UAO,OR,ANM,WE,Federal Contract Tower,0,2,25,0,27,0,2,27,4,33,0,4,52,4,60,8,0,8,68
04/09/2022,UAO,OR,ANM,WE,Federal Contract Tower,0,2,12,0,14,0,3,56,0,59,0,5,68,0,73,40,0,40,113
04/10/2022,UAO,OR,ANM,WE,Federal Contract Tower,0,4,9,0,13,0,2,11,0,13,0,6,20,0,26,30,0,30,56
04/11/2022,UAO,OR,ANM,WE,Federal Contract Tower,0,3,18,0,21,0,0,1,0,1,0,3,19,0,22,20,0,20,42
04/12/2022,UAO,OR,ANM,WE,Federal Contract Tower,0,2,12,0,14,0,1,2,0,3,0,3,14,0,17,8,0,8,25
04/13/2022,UAO,OR,ANM,WE,Federal Contract Tower,0,2,20,0,22,0,0,9,0,9,0,2,29,0,31,16,0,16,47
04/14/2022,UAO,OR,ANM,WE,Federal Contract Tower,0,0,23,0,23,0,2,17,0,19,0,2,40,0,42,56,0,56,98
04/15/2022,UAO,OR,ANM,WE,Federal Contract Tower,0,1,14,0,15,0,1,90,1,92,0,2,104,1,107,92,2,94,201
04/16/2022,UAO,OR,ANM,WE,Federal Contract Tower,0,0,9,0,9,0,3,42,0,45,0,3,51,0,54,56,0,56,110
04/17/2022,UAO,OR,ANM,WE,Federal Contract Tower,0,0,14,0,14,0,5,100,1,106,0,5,114,1,120,96,2,98,218
04/18/2022,UAO,OR,ANM,WE,Federal Contract Tower,0,2,22,0,24,0,3,16,0,19,0,5,38,0,43,74,0,74,117
04/19/2022,UAO,OR,ANM,WE,Federal Contract Tower,0,0,16,0,16,0,1,10,0,11,0,1,26,0,27,0,0,0,27
04/20/2022,UAO,OR,ANM,WE,Federal Contract Tower,0,5,18,0,23,0,4,8,0,12,0,9,26,0,35,54,0,54,89
04/21/2022,UAO,OR,ANM,WE,Federal Contract Tower,0,2,21,0,23,0,1,13,0,14,0,3,34,0,37,12,0,12,49
04/22/2022,UAO,OR,ANM,WE,Federal Contract Tower,0,2,14,0,16,0,4,98,0,102,0,6,112,0,118,158,0,158,276
04/23/2022,UAO,OR,ANM,WE,Federal Contract Tower,0,1,6,0,7,0,4,169,0,173,0,5,175,0,180,94,0,94,274
04/24/2022,UAO,OR,ANM,WE,Federal Contract Tower,0,0,15,0,15,0,5,127,0,132,0,5,142,0,147,76,0,76,223
04/25/2022,UAO,OR,ANM,WE,Federal Contract Tower,0,3,14,0,17,0,2,35,0,37,0,5,49,0,54,20,0,20,74
04/26/2022,UAO,OR,ANM,WE,Federal Contract Tower,0,3,10,0,13,0,0,45,0,45,0,3,55,0,58,36,0,36,94
04/27/2022,UAO,OR,ANM,WE,Federal Contract Tower,0,2,41,0,43,0,8,86,4,98,0,10,127,4,141,110,0,110,251
04/28/2022,UAO,OR,ANM,WE,Federal Contract Tower,0,3,23,0,26,0,6,60,0,66,0,9,83,0,92,76,0,76,168
04/29/2022,UAO,OR,ANM,WE,Federal Contract Tower,0,2,25,0,27,0,12,74,0,86,0,14,99,0,113,102,0,102,215
04/30/2022,UAO,OR,ANM,WE,Federal Contract Tower,0,6,14,0,20,0,2,25,0,27,0,8,39,0,47,64,0,64,111
05/01/2022,UAO,OR,ANM,WE,Federal Contract Tower,0,4,35,0,39,0,4,64,0,68,0,8,99,0,107,112,0,112,219
05/02/2022,UAO,OR,ANM,WE,Federal Contract Tower,0,1,13,0,14,0,3,11,0,14,0,4,24,0,28,0,0,0,28
05/03/2022,UAO,OR,ANM,WE,Federal Contract Tower,0,1,25,0,26,0,3,137,0,140,0,4,162,0,166,182,0,182,348
05/04/2022,UAO,OR,ANM,WE,Federal Contract Tower,0,7,20,0,27,0,6,191,0,197,0,13,211,0,224,128,0,128,352
05/05/2022,UAO,OR,ANM,WE,Federal Contract Tower,0,2,28,1,31,0,0,0,0,0,0,2,28,1,31,0,0,0,31
05/06/2022,UAO,OR,ANM,WE,Federal Contract Tower,0,0,17,0,17,0,2,5,0,7,0,2,22,0,24,4,0,4,28
05/07/2022,UAO,OR,ANM,WE,Federal Contract Tower,0,2,10,0,12,0,2,24,0,26,0,4,34,0,38,86,0,86,124
05/08/2022,UAO,OR,ANM,WE,Federal Contract Tower,0,1,23,0,24,0,0,4,0,4,0,1,27,0,28,58,0,58,86
05/09/2022,UAO,OR,ANM,WE,Federal Contract Tower,0,1,22,0,23,0,0,25,0,25,0,1,47,0,48,78,0,78,126
05/10/2022,UAO,OR,ANM,WE,Federal Contract Tower,0,7,34,0,41,0,3,113,0,116,0,10,147,0,157,58,0,58,215
05/11/2022,UAO,OR,ANM,WE,Federal Contract Tower,0,3,25,0,28,0,2,128,0,130,0,5,153,0,158,168,4,172,330
05/12/2022,UAO,OR,ANM,WE,Federal Contract Tower,0,5,29,0,34,0,0,17,0,17,0,5,46,0,51,0,0,0,51
05/13/2022,UAO,OR,ANM,WE,Federal Contract Tower,0,2,23,0,25,0,5,90,0,95,0,7,113,0,120,134,0,134,254
05/14/2022,UAO,OR,ANM,WE,Federal Contract Tower,0,2,18,2,22,0,3,26,1,30,0,5,44,3,52,8,0,8,60
05/15/2022,UAO,OR,ANM,WE,Federal Contract Tower,0,2,33,0,35,0,6,54,0,60,0,8,87,0,95,126,0,126,221
05/16/2022,UAO,OR,ANM,WE,Federal Contract Tower,0,3,29,0,32,0,2,103,0,105,0,5,132,0,137,170,0,170,307
05/17/2022,UAO,OR,ANM,WE,Federal Contract Tower,0,1,30,0,31,0,9,134,0,143,0,10,164,0,174,118,0,118,292
05/18/2022,UAO,OR,ANM,WE,Federal Contract Tower,0,6,17,0,23,0,3,9,0,12,0,9,26,0,35,24,0,24,59
05/19/2022,UAO,OR,ANM,WE,Federal Contract Tower,0,2,19,0,21,0,4,75,0,79,0,6,94,0,100,120,0,120,220
05/20/2022,UAO,OR,ANM,WE,Federal Contract Tower,0,5,38,0,43,0,5,119,1,125,0,10,157,1,168,66,0,66,234
05/21/2022,UAO,OR,ANM,WE,Federal Contract Tower,0,0,7,0,7,0,1,155,0,156,0,1,162,0,163,94,0,94,257
05/22/2022,UAO,OR,ANM,WE,Federal Contract Tower,0,4,17,0,21,0,9,118,0,127,0,13,135,0,148,102,0,102,250
05/23/2022,UAO,OR,ANM,WE,Federal Contract Tower,0,12,17,0,29,0,3,117,0,120,0,15,134,0,149,54,0,54,203
05/24/2022,UAO,OR,ANM,WE,Federal Contract Tower,0,2,17,0,19,0,2,110,0,112,0,4,127,0,131,22,0,22,153
05/25/2022,UAO,OR,ANM,WE,Federal Contract Tower,0,2,40,0,42,0,2,84,0,86,0,4,124,0,128,102,0,102,230
05/26/2022,UAO,OR,ANM,WE,Federal Contract Tower,0,5,22,0,27,0,2,96,0,98,0,7,118,0,125,88,0,88,213
05/27/2022,UAO,OR,ANM,WE,Federal Contract Tower,0,9,25,0,34,0,2,66,0,68,0,11,91,0,102,158,0,158,260
05/28/2022,UAO,OR,ANM,WE,Federal Contract Tower,0,2,13,0,15,0,3,6,0,9,0,5,19,0,24,18,0,18,42
05/29/2022,UAO,OR,ANM,WE,Federal Contract Tower,0,1,14,0,15,0,3,28,0,31,0,4,42,0,46,36,0,36,82
05/30/2022,UAO,OR,ANM,WE,Federal Contract Tower,0,4,36,0,40,0,8,75,0,83,0,12,111,0,123,186,0,186,309
05/31/2022,UAO,OR,ANM,WE,Federal Contract Tower,0,4,23,2,29,0,3,142,0,145,0,7,165,2,174,116,0,116,290
06/01/2022,UAO,OR,ANM,WE,Federal Contract Tower,0,3,21,0,24,0,3,134,1,138,0,6,155,1,162,146,0,146,308
06/02/2022,UAO,OR,ANM,WE,Federal Contract Tower,0,10,23,0,33,0,2,142,0,144,0,12,165,0,177,146,0,146,323
06/03/2022,UAO,OR,ANM,WE,Federal Contract Tower,0,0,32,0,32,0,5,74,0,79,0,5,106,0,111,106,0,106,217
06/04/2022,UAO,OR,ANM,WE,Federal Contract Tower,0,0,17,0,17,0,1,8,0,9,0,1,25,0,26,54,0,54,80
06/05/2022,UAO,OR,ANM,WE,Federal Contract Tower,0,2,18,0,20,0,0,20,0,20,0,2,38,0,40,14,0,14,54
06/06/2022,UAO,OR,ANM,WE,Federal Contract Tower,0,2,39,0,41,0,0,56,0,56,0,2,95,0,97,86,0,86,183
06/07/2022,UAO,OR,ANM,WE,Federal Contract Tower,0,1,17,0,18,0,8,146,0,154,0,9,163,0,172,126,0,126,298
06/08/2022,UAO,OR,ANM,WE,Federal Contract Tower,0,0,28,0,28,0,0,136,0,136,0,0,164,0,164,120,0,120,284
06/09/2022,UAO,OR,ANM,WE,Federal Contract Tower,0,1,24,0,25,0,1,109,0,110,0,2,133,0,135,46,0,46,181
06/10/2022,UAO,OR,ANM,WE,Federal Contract Tower,0,3,36,0,39,0,0,16,0,16,0,3,52,0,55,20,0,20,75
06/11/2022,UAO,OR,ANM,WE,Federal Contract Tower,0,0,30,0,30,0,0,21,0,21,0,0,51,0,51,16,0,16,67
06/12/2022,UAO,OR,ANM,WE,Federal Contract Tower,0,2,29,0,31,0,2,12,0,14,0,4,41,0,45,0,0,0,45
06/13/2022,UAO,OR,ANM,WE,Federal Contract Tower,0,2,33,0,35,0,7,62,0,69,0,9,95,0,104,62,0,62,166
06/14/2022,UAO,OR,ANM,WE,Federal Contract Tower,0,1,15,0,16,0,5,92,0,97,0,6,107,0,113,132,0,132,245
06/15/2022,UAO,OR,ANM,WE,Federal Contract Tower,0,1,31,0,32,0,0,190,0,190,0,1,221,0,222,106,0,106,328
06/16/2022,UAO,OR,ANM,WE,Federal Contract Tower,0,1,20,0,21,0,8,129,0,137,0,9,149,0,158,140,0,140,298
06/17/2022,UAO,OR,ANM,WE,Federal Contract Tower,0,4,25,0,29,0,6,0,0,6,0,10,25,0,35,4,0,4,39
06/18/2022,UAO,OR,ANM,WE,Federal Contract Tower,0,6,28,0,34,0,1,48,0,49,0,7,76,0,83,76,0,76,159
06/19/2022,UAO,OR,ANM,WE,Federal Contract Tower,0,2,23,0,25,0,6,30,0,36,0,8,53,0,61,104,0,104,165
06/20/2022,UAO,OR,ANM,WE,Federal Contract Tower,0,6,20,0,26,0,8,111,0,119,0,14,131,0,145,186,0,186,331
06/21/2022,UAO,OR,ANM,WE,Federal Contract Tower,0,3,16,0,19,0,3,163,0,166,0,6,179,0,185,112,0,112,297
06/22/2022,UAO,OR,ANM,WE,Federal Contract Tower,0,7,19,0,26,0,7,156,0,163,0,14,175,0,189,192,0,192,381
06/23/2022,UAO,OR,ANM,WE,Federal Contract Tower,0,2,15,0,17,0,2,159,0,161,0,4,174,0,178,140,0,140,318
06/24/2022,UAO,OR,ANM,WE,Federal Contract Tower,0,7,27,0,34,0,5,150,2,157,0,12,177,2,191,56,0,56,247
06/25/2022,UAO,OR,ANM,WE,Federal Contract Tower,0,0,9,0,9,0,5,138,0,143,0,5,147,0,152,60,0,60,212
06/26/2022,UAO,OR,ANM,WE,Federal Contract Tower,0,1,15,0,16,0,7,92,0,99,0,8,107,0,115,42,0,42,157
06/27/2022,UAO,OR,ANM,WE,Federal Contract Tower,0,0,11,0,11,0,7,145,0,152,0,7,156,0,163,86,0,86,249
06/28/2022,UAO,OR,ANM,WE,Federal Contract Tower,0,2,41,1,44,0,2,108,0,110,0,4,149,1,154,174,0,174,328
06/29/2022,UAO,OR,ANM,WE,Federal Contract Tower,0,2,29,0,31,0,2,109,0,111,0,4,138,0,142,214,0,214,356
06/30/2022,UAO,OR,ANM,WE,Federal Contract Tower,0,1,15,0,16,0,3,171,0,174,0,4,186,0,190,182,0,182,372
07/01/2022,UAO,OR,ANM,WE,Federal Contract Tower,0,5,34,0,39,0,2,113,0,115,0,7,147,0,154,76,0,76,230
07/02/2022,UAO,OR,ANM,WE,Federal Contract Tower,0,4,25,0,29,0,0,43,0,43,0,4,68,0,72,84,0,84,156
07/03/2022,UAO,OR,ANM,WE,Federal Contract Tower,0,1,14,0,15,0,0,49,0,49,0,1,63,0,64,92,0,92,156
07/04/2022,UAO,OR,ANM,WE,Federal Contract Tower,0,2,12,0,14,0,3,65,0,68,0,5,77,0,82,88,0,88,170
07/05/2022,UAO,OR,ANM,WE,Federal Contract Tower,0,6,16,0,22,0,9,89,0,98,0,15,105,0,120,126,0,126,246
07/06/2022,UAO,OR,ANM,WE,Federal Contract Tower,0,0,26,0,26,0,2,47,0,49,0,2,73,0,75,58,0,58,133
07/07/2022,UAO,OR,ANM,WE,Federal Contract Tower,0,7,33,0,40,0,3,91,0,94,0,10,124,0,134,110,0,110,244
07/08/2022,UAO,OR,ANM,WE,Federal Contract Tower,0,1,28,1,30,0,6,133,1,140,0,7,161,2,170,114,0,114,284
07/09/2022,UAO,OR,ANM,WE,Federal Contract Tower,0,2,17,0,19,0,8,93,2,103,0,10,110,2,122,74,0,74,196
07/10/2022,UAO,OR,ANM,WE,Federal Contract Tower,0,2,17,1,20,0,7,105,1,113,0,9,122,2,133,80,0,80,213
07/11/2022,UAO,OR,ANM,WE,Federal Contract Tower,0,1,23,0,24,0,7,131,0,138,0,8,154,0,162,60,0,60,222
07/12/2022,UAO,OR,ANM,WE,Federal Contract Tower,0,4,19,0,23,0,6,136,3,145,0,10,155,3,168,108,0,108,276
07/13/2022,UAO,OR,ANM,WE,Federal Contract Tower,0,3,21,0,24,0,6,169,0,175,0,9,190,0,199,144,0,144,343
07/14/2022,UAO,OR,ANM,WE,Federal Contract Tower,0,3,31,0,34,0,4,146,0,150,0,7,177,0,184,128,0,128,312
07/15/2022,UAO,OR,ANM,WE,Federal Contract Tower,0,5,13,0,18,0,5,149,0,154,0,10,162,0,172,118,0,118,290
07/16/2022,UAO,OR,ANM,WE,Federal Contract Tower,0,8,33,0,41,0,6,37,1,44,0,14,70,1,85,76,0,76,161
07/17/2022,UAO,OR,ANM,WE,Federal Contract Tower,0,0,10,0,10,0,3,115,2,120,0,3,125,2,130,68,0,68,198
07/18/2022,UAO,OR,ANM,WE,Federal Contract Tower,0,7,21,0,28,0,2,115,0,117,0,9,136,0,145,124,0,124,269
07/19/2022,UAO,OR,ANM,WE,Federal Contract Tower,0,1,12,0,13,0,6,113,2,121,0,7,125,2,134,102,0,102,236
07/20/2022,UAO,OR,ANM,WE,Federal Contract Tower,0,4,14,0,18,0,9,126,0,135,0,13,140,0,153,106,0,106,259
07/21/2022,UAO,OR,ANM,WE,Federal Contract Tower,0,0,21,0,21,0,5,111,0,116,0,5,132,0,137,112,0,112,249
07/22/2022,UAO,OR,ANM,WE,Federal Contract Tower,0,3,31,0,34,0,1,92,0,93,0,4,123,0,127,100,0,100,227
07/23/2022,UAO,OR,ANM,WE,Federal Contract Tower,0,6,18,0,24,0,8,97,8,113,0,14,115,8,137,38,0,38,175
07/24/2022,UAO,OR,ANM,WE,Federal Contract Tower,0,2,19,0,21,0,6,76,10,92,0,8,95,10,113,72,0,72,185
07/25/2022,UAO,OR,ANM,WE,Federal Contract Tower,0,3,11,0,14,0,5,103,1,109,0,8,114,1,123,104,0,104,227
07/26/2022,UAO,OR,ANM,WE,Federal Contract Tower,0,1,13,0,14,0,1,90,0,91,0,2,103,0,105,138,0,138,243
07/27/2022,UAO,OR,ANM,WE,Federal Contract Tower,0,1,16,0,17,0,5,97,0,102,0,6,113,0,119,108,0,108,227
07/28/2022,UAO,OR,ANM,WE,Federal Contract Tower,0,9,19,0,28,0,7,111,0,118,0,16,130,0,146,110,0,110,256
07/29/2022,UAO,OR,ANM,WE,Federal Contract Tower,0,6,18,0,24,0,1,94,3,98,0,7,112,3,122,86,0,86,208
07/30/2022,UAO,OR,ANM,WE,Federal Contract Tower,0,1,8,0,9,0,3,89,0,92,0,4,97,0,101,28,0,28,129
07/31/2022,UAO,OR,ANM,WE,Federal Contract Tower,0,5,19,0,24,0,2,80,2,84,0,7,99,2,108,68,2,70,178
08/01/2022,UAO,OR,ANM,WE,Federal Contract Tower,0,6,13,0,19,0,3,112,0,115,0,9,125,0,134,146,0,146,280
08/02/2022,UAO,OR,ANM,WE,Federal Contract Tower,0,2,25,0,27,0,4,120,0,124,0,6,145,0,151,122,0,122,273
08/03/2022,UAO,OR,ANM,WE,Federal Contract Tower,0,2,20,0,22,0,4,133,0,137,0,6,153,0,159,136,0,136,295
08/04/2022,UAO,OR,ANM,WE,Federal Contract Tower,0,4,32,0,36,0,5,134,2,141,0,9,166,2,177,92,0,92,269
08/05/2022,UAO,OR,ANM,WE,Federal Contract Tower,0,5,11,0,16,0,2,123,0,125,0,7,134,0,141,198,0,198,339
08/06/2022,UAO,OR,ANM,WE,Federal Contract Tower,0,7,13,0,20,0,3,96,0,99,0,10,109,0,119,44,0,44,163
08/07/2022,UAO,OR,ANM,WE,Federal Contract Tower,0,4,24,0,28,0,0,88,0,88,0,4,112,0,116,80,0,80,196
08/08/2022,UAO,OR,ANM,WE,Federal Contract Tower,0,3,16,0,19,0,124,4,0,128,0,127,20,0,147,138,0,138,285
08/09/2022,UAO,OR,ANM,WE,Federal Contract Tower,0,2,22,0,24,0,1,96,0,97,0,3,118,0,121,102,0,102,223
08/10/2022,UAO,OR,ANM,WE,Federal Contract Tower,0,1,33,1,35,0,4,132,0,136,0,5,165,1,171,144,0,144,315
08/11/2022,UAO,OR,ANM,WE,Federal Contract Tower,0,3,21,0,24,0,10,160,0,170,0,13,181,0,194,66,0,66,260
08/12/2022,UAO,OR,ANM,WE,Federal Contract Tower,0,1,16,0,17,0,3,132,0,135,0,4,148,0,152,150,0,150,302
08/13/2022,UAO,OR,ANM,WE,Federal Contract Tower,0,3,13,0,16,0,4,97,0,101,0,7,110,0,117,82,0,82,199
08/14/2022,UAO,OR,ANM,WE,Federal Contract Tower,0,6,8,0,14,0,5,110,0,115,0,11,118,0,129,102,0,102,231
08/15/2022,UAO,OR,ANM,WE,Federal Contract Tower,0,3,12,0,15,0,4,150,1,155,0,7,162,1,170,138,0,138,308
08/16/2022,UAO,OR,ANM,WE,Federal Contract Tower,0,5,23,0,28,0,7,132,4,143,0,12,155,4,171,166,0,166,337
08/17/2022,UAO,OR,ANM,WE,Federal Contract Tower,0,3,23,0,26,0,4,146,0,150,0,7,169,0,176,140,0,140,316
08/18/2022,UAO,OR,ANM,WE,Federal Contract Tower,0,4,24,0,28,0,6,141,0,147,0,10,165,0,175,192,0,192,367
08/19/2022,UAO,OR,ANM,WE,Federal Contract Tower,0,9,28,0,37,0,2,103,0,105,0,11,131,0,142,168,0,168,310
08/20/2022,UAO,OR,ANM,WE,Federal Contract Tower,0,8,26,0,34,0,2,76,0,78,0,10,102,0,112,154,0,154,266
08/21/2022,UAO,OR,ANM,WE,Federal Contract Tower,0,6,30,0,36,0,0,108,0,108,0,6,138,0,144,86,0,86,230
08/22/2022,UAO,OR,ANM,WE,Federal Contract Tower,0,0,14,0,14,0,4,110,0,114,0,4,124,0,128,148,0,148,276
08/23/2022,UAO,OR,ANM,WE,Federal Contract Tower,0,0,14,0,14,0,9,145,2,156,0,9,159,2,170,126,0,126,296
08/24/2022,UAO,OR,ANM,WE,Federal Contract Tower,0,4,23,0,27,0,9,132,0,141,0,13,155,0,168,172,0,172,340
08/25/2022,UAO,OR,ANM,WE,Federal Contract Tower,0,3,27,0,30,0,8,114,0,122,0,11,141,0,152,134,0,134,286
08/26/2022,UAO,OR,ANM,WE,Federal Contract Tower,0,4,32,0,36,0,5,90,0,95,0,9,122,0,131,124,0,124,255
08/27/2022,UAO,OR,ANM,WE,Federal Contract Tower,0,0,17,0,17,0,8,121,0,129,0,8,138,0,146,102,0,102,248
08/28/2022,UAO,OR,ANM,WE,Federal Contract Tower,0,4,21,0,25,0,3,103,0,106,0,7,124,0,131,38,0,38,169
08/29/2022,UAO,OR,ANM,WE,Federal Contract Tower,0,4,11,0,15,0,5,137,0,142,0,9,148,0,157,140,0,140,297
08/30/2022,UAO,OR,ANM,WE,Federal Contract Tower,0,0,14,0,14,0,2,110,0,112,0,2,124,0,126,168,0,168,294
08/31/2022,UAO,OR,ANM,WE,Federal Contract Tower,0,3,22,0,25,0,2,121,0,123,0,5,143,0,148,170,0,170,318
09/01/2022,UAO,OR,ANM,WE,Federal Contract Tower,0,1,11,0,12,0,5,127,0,132,0,6,138,0,144,156,0,156,300
09/02/2022,UAO,OR,ANM,WE,Federal Contract Tower,0,2,17,0,19,0,3,116,0,119,0,5,133,0,138,118,0,118,256
09/03/2022,UAO,OR,ANM,WE,Federal Contract Tower,0,1,19,0,20,0,7,65,0,72,0,8,84,0,92,94,0,94,186
09/04/2022,UAO,OR,ANM,WE,Federal Contract Tower,0,2,14,0,16,0,4,89,0,93,0,6,103,0,109,128,0,128,237
09/05/2022,UAO,OR,ANM,WE,Federal Contract Tower,0,2,21,0,23,0,3,113,0,116,0,5,134,0,139,88,0,88,227
09/06/2022,UAO,OR,ANM,WE,Federal Contract Tower,0,5,12,0,17,0,5,129,0,134,0,10,141,0,151,150,0,150,301
09/07/2022,UAO,OR,ANM,WE,Federal Contract Tower,0,1,15,0,16,0,10,120,0,130,0,11,135,0,146,76,0,76,222
09/08/2022,UAO,OR,ANM,WE,Federal Contract Tower,0,0,14,0,14,0,4,150,0,154,0,4,164,0,168,100,0,100,268
09/09/2022,UAO,OR,ANM,WE,Federal Contract Tower,0,0,16,0,16,0,2,52,0,54,0,2,68,0,70,6,0,6,76
09/10/2022,UAO,OR,ANM,WE,Federal Contract Tower,0,3,19,0,22,0,4,20,0,24,0,7,39,0,46,36,0,36,82
09/11/2022,UAO,OR,ANM,WE,Federal Contract Tower,0,1,17,0,18,0,0,74,0,74,0,1,91,0,92,54,0,54,146
09/12/2022,UAO,OR,ANM,WE,Federal Contract Tower,0,8,24,0,32,0,2,54,0,56,0,10,78,0,88,98,0,98,186
09/13/2022,UAO,OR,ANM,WE,Federal Contract Tower,0,1,18,0,19,0,4,117,0,121,0,5,135,0,140,118,0,118,258
09/14/2022,UAO,OR,ANM,WE,Federal Contract Tower,0,0,21,0,21,0,4,138,0,142,0,4,159,0,163,162,0,162,325
09/15/2022,UAO,OR,ANM,WE,Federal Contract Tower,0,3,32,0,35,0,6,119,0,125,0,9,151,0,160,126,0,126,286
09/16/2022,UAO,OR,ANM,WE,Federal Contract Tower,0,4,18,0,22,0,4,114,0,118,0,8,132,0,140,130,0,130,270
09/17/2022,UAO,OR,ANM,WE,Federal Contract Tower,0,3,6,0,9,0,2,118,4,124,0,5,124,4,133,56,0,56,189
09/18/2022,UAO,OR,ANM,WE,Federal Contract Tower,0,6,14,0,20,0,1,78,0,79,0,7,92,0,99,50,0,50,149
09/19/2022,UAO,OR,ANM,WE,Federal Contract Tower,0,3,12,2,17,0,4,127,0,131,0,7,139,2,148,84,0,84,232
09/20/2022,UAO,OR,ANM,WE,Federal Contract Tower,0,3,15,0,18,0,2,124,0,126,0,5,139,0,144,86,0,86,230
09/21/2022,UAO,OR,ANM,WE,Federal Contract Tower,0,1,24,0,25,0,2,140,0,142,0,3,164,0,167,132,0,132,299
09/22/2022,UAO,OR,ANM,WE,Federal Contract Tower,0,5,25,0,30,0,2,83,0,85,0,7,108,0,115,104,0,104,219
09/23/2022,UAO,OR,ANM,WE,Federal Contract Tower,0,4,15,0,19,0,5,140,0,145,0,9,155,0,164,64,0,64,228
09/24/2022,UAO,OR,ANM,WE,Federal Contract Tower,0,1,13,0,14,0,4,124,0,128,0,5,137,0,142,78,0,78,220
09/25/2022,UAO,OR,ANM,WE,Federal Contract Tower,0,2,23,0,25,0,1,101,0,102,0,3,124,0,127,56,0,56,183
09/26/2022,UAO,OR,ANM,WE,Federal Contract Tower,0,4,11,0,15,0,3,121,0,124,0,7,132,0,139,118,0,118,257
09/27/2022,UAO,OR,ANM,WE,Federal Contract Tower,0,3,21,0,24,0,3,147,0,150,0,6,168,0,174,108,0,108,282
09/28/2022,UAO,OR,ANM,WE,Federal Contract Tower,0,2,32,1,35,0,1,22,1,24,0,3,54,2,59,94,0,94,153
09/29/2022,UAO,OR,ANM,WE,Federal Contract Tower,0,3,37,1,41,0,25,1,0,26,0,28,38,1,67,44,0,44,111
09/30/2022,UAO,OR,ANM,WE,Federal Contract Tower,0,3,33,0,36,0,1,81,0,82,0,4,114,0,118,86,0,86,204
10/01/2022,UAO,OR,ANM,WE,Federal Contract Tower,0,0,18,0,18,0,4,120,0,124,0,4,138,0,142,36,0,36,178
10/02/2022,UAO,OR,ANM,WE,Federal Contract Tower,0,1,17,0,18,0,2,98,0,100,0,3,115,0,118,116,0,116,234
10/03/2022,UAO,OR,ANM,WE,Federal Contract Tower,0,3,20,0,23,0,2,115,0,117,0,5,135,0,140,120,0,120,260
10/04/2022,UAO,OR,ANM,WE,Federal Contract Tower,0,2,27,0,29,0,0,21,0,21,0,2,48,0,50,14,0,14,64
10/05/2022,UAO,OR,ANM,WE,Federal Contract Tower,0,1,30,0,31,0,2,33,0,35,0,3,63,0,66,58,0,58,124
10/06/2022,UAO,OR,ANM,WE,Federal Contract Tower,0,0,28,0,28,0,2,90,0,92,0,2,118,0,120,62,0,62,182
10/07/2022,UAO,OR,ANM,WE,Federal Contract Tower,0,5,24,0,29,0,6,83,0,89,0,11,107,0,118,120,0,120,238
10/08/2022,UAO,OR,ANM,WE,Federal Contract Tower,0,3,8,0,11,0,4,81,0,85,0,7,89,0,96,108,0,108,204
10/09/2022,UAO,OR,ANM,WE,Federal Contract Tower,0,3,17,0,20,0,0,94,0,94,0,3,111,0,114,66,0,66,180
10/10/2022,UAO,OR,ANM,WE,Federal Contract Tower,0,7,18,0,25,0,6,98,0,104,0,13,116,0,129,136,0,136,265
10/11/2022,UAO,OR,ANM,WE,Federal Contract Tower,0,0,16,0,16,0,7,126,0,133,0,7,142,0,149,106,0,106,255
10/12/2022,UAO,OR,ANM,WE,Federal Contract Tower,0,3,17,0,20,0,5,175,0,180,0,8,192,0,200,124,0,124,324
10/13/2022,UAO,OR,ANM,WE,Federal Contract Tower,0,5,20,0,25,0,3,140,0,143,0,8,160,0,168,158,0,158,326
10/14/2022,UAO,OR,ANM,WE,Federal Contract Tower,0,8,10,0,18,0,4,110,0,114,0,12,120,0,132,82,0,82,214
10/15/2022,UAO,OR,ANM,WE,Federal Contract Tower,0,6,23,0,29,0,1,17,0,18,0,7,40,0,47,6,0,6,53
10/16/2022,UAO,OR,ANM,WE,Federal Contract Tower,0,3,13,0,16,0,9,111,0,120,0,12,124,0,136,78,0,78,214
10/17/2022,UAO,OR,ANM,WE,Federal Contract Tower,0,2,16,0,18,0,3,94,0,97,0,5,110,0,115,124,0,124,239
10/18/2022,UAO,OR,ANM,WE,Federal Contract Tower,0,0,15,0,15,0,4,32,0,36,0,4,47,0,51,8,0,8,59
10/19/2022,UAO,OR,ANM,WE,Federal Contract Tower,0,0,61,0,61,0,0,12,0,12,0,0,73,0,73,12,0,12,85
10/20/2022,UAO,OR,ANM,WE,Federal Contract Tower,0,3,44,0,47,0,0,0,0,0,0,3,44,0,47,0,0,0,47
10/21/2022,UAO,OR,ANM,WE,Federal Contract Tower,0,2,16,0,18,0,4,53,2,59,0,6,69,2,77,46,6,52,129
10/22/2022,UAO,OR,ANM,WE,Federal Contract Tower,0,4,13,0,17,0,4,47,0,51,0,8,60,0,68,98,0,98,166
10/23/2022,UAO,OR,ANM,WE,Federal Contract Tower,0,1,24,1,26,0,10,95,1,106,0,11,119,2,132,84,0,84,216
10/24/2022,UAO,OR,ANM,WE,Federal Contract Tower,0,2,9,0,11,0,6,0,0,6,0,8,9,0,17,4,0,4,21
10/25/2022,UAO,OR,ANM,WE,Federal Contract Tower,0,0,24,0,24,0,3,27,0,30,0,3,51,0,54,116,0,116,170
10/26/2022,UAO,OR,ANM,WE,Federal Contract Tower,0,2,21,0,23,0,3,87,0,90,0,5,108,0,113,78,0,78,191
10/27/2022,UAO,OR,ANM,WE,Federal Contract Tower,0,2,24,0,26,0,3,174,0,177,0,5,198,0,203,116,0,116,319
10/28/2022,UAO,OR,ANM,WE,Federal Contract Tower,0,1,17,0,18,0,0,6,0,6,0,1,23,0,24,6,0,6,30
10/29/2022,UAO,OR,ANM,WE,Federal Contract Tower,0,2,29,0,31,0,0,1,0,1,0,2,30,0,32,0,0,0,32
10/30/2022,UAO,OR,ANM,WE,Federal Contract Tower,0,4,20,0,24,0,2,70,0,72,0,6,90,0,96,96,0,96,192
10/31/2022,UAO,OR,ANM,WE,Federal Contract Tower,0,7,24,0,31,0,0,0,0,0,0,7,24,0,31,0,0,0,31
11/01/2022,UAO,OR,ANM,WE,Federal Contract Tower,0,1,20,0,21,0,3,33,0,36,0,4,53,0,57,86,0,86,143
11/02/2022,UAO,OR,ANM,WE,Federal Contract Tower,0,0,13,0,13,0,0,15,0,15,0,0,28,0,28,70,0,70,98
11/03/2022,UAO,OR,ANM,WE,Federal Contract Tower,0,3,17,0,20,0,0,65,0,65,0,3,82,0,85,142,0,142,227
11/04/2022,UAO,OR,ANM,WE,Federal Contract Tower,0,7,15,0,22,0,0,0,0,0,0,7,15,0,22,0,0,0,22
11/05/2022,UAO,OR,ANM,WE,Federal Contract Tower,0,7,11,0,18,0,2,46,0,48,0,9,57,0,66,102,0,102,168
11/06/2022,UAO,OR,ANM,WE,Federal Contract Tower,0,5,13,0,18,0,0,1,0,1,0,5,14,0,19,16,0,16,35
11/07/2022,UAO,OR,ANM,WE,Federal Contract Tower,0,2,12,2,16,0,0,13,0,13,0,2,25,2,29,30,0,30,59
11/08/2022,UAO,OR,ANM,WE,Federal Contract Tower,0,2,17,0,19,0,4,133,0,137,0,6,150,0,156,100,0,100,256
11/09/2022,UAO,OR,ANM,WE,Federal Contract Tower,0,6,13,0,19,0,5,142,0,147,0,11,155,0,166,158,0,158,324
11/10/2022,UAO,OR,ANM,WE,Federal Contract Tower,0,9,14,0,23,0,2,131,0,133,0,11,145,0,156,106,0,106,262
11/11/2022,UAO,OR,ANM,WE,Federal Contract Tower,0,2,26,0,28,0,0,71,0,71,0,2,97,0,99,88,0,88,187
11/12/2022,UAO,OR,ANM,WE,Federal Contract Tower,0,3,9,0,12,0,1,124,0,125,0,4,133,0,137,74,0,74,211
11/13/2022,UAO,OR,ANM,WE,Federal Contract Tower,0,3,17,0,20,0,2,50,0,52,0,5,67,0,72,16,0,16,88
11/14/2022,UAO,OR,ANM,WE,Federal Contract Tower,0,4,13,0,17,0,2,74,0,76,0,6,87,0,93,48,0,48,141
11/15/2022,UAO,OR,ANM,WE,Federal Contract Tower,0,4,20,0,24,0,6,111,0,117,0,10,131,0,141,120,0,120,261
11/16/2022,UAO,OR,ANM,WE,Federal Contract Tower,0,5,13,0,18,0,5,125,0,130,0,10,138,0,148,108,0,108,256
11/17/2022,UAO,OR,ANM,WE,Federal Contract Tower,0,5,13,0,18,0,4,57,0,61,0,9,70,0,79,44,0,44,123
11/18/2022,UAO,OR,ANM,WE,Federal Contract Tower,0,4,13,0,17,0,3,130,0,133,0,7,143,0,150,76,0,76,226
11/19/2022,UAO,OR,ANM,WE,Federal Contract Tower,0,4,20,0,24,0,2,119,0,121,0,6,139,0,145,20,0,20,165
11/20/2022,UAO,OR,ANM,WE,Federal Contract Tower,0,6,11,0,17,0,3,103,1,107,0,9,114,1,124,52,0,52,176
11/21/2022,UAO,OR,ANM,WE,Federal Contract Tower,0,2,23,0,25,0,3,102,2,107,0,5,125,2,132,96,4,100,232
11/22/2022,UAO,OR,ANM,WE,Federal Contract Tower,0,5,21,0,26,0,2,20,0,22,0,7,41,0,48,32,0,32,80
11/23/2022,UAO,OR,ANM,WE,Federal Contract Tower,0,0,30,0,30,0,0,0,0,0,0,0,30,0,30,0,0,0,30
11/24/2022,UAO,OR,ANM,WE,Federal Contract Tower,0,2,9,0,11,0,0,0,0,0,0,2,9,0,11,0,0,0,11
11/25/2022,UAO,OR,ANM,WE,Federal Contract Tower,0,3,17,0,20,0,0,0,0,0,0,3,17,0,20,0,0,0,20
11/26/2022,UAO,OR,ANM,WE,Federal Contract Tower,0,2,31,0,33,0,2,29,0,31,0,4,60,0,64,54,0,54,118
11/27/2022,UAO,OR,ANM,WE,Federal Contract Tower,0,7,22,0,29,0,0,8,0,8,0,7,30,0,37,8,0,8,45
11/28/2022,UAO,OR,ANM,WE,Federal Contract Tower,0,5,16,0,21,0,6,58,0,64,0,11,74,0,85,86,0,86,171
11/29/2022,UAO,OR,ANM,WE,Federal Contract Tower,0,3,16,0,19,0,2,4,0,6,0,5,20,0,25,28,0,28,53
11/30/2022,UAO,OR,ANM,WE,Federal Contract Tower,0,0,19,0,19,0,1,22,0,23,0,1,41,0,42,38,0,38,80
12/01/2022,UAO,OR,ANM,WE,Federal Contract Tower,0,4,13,0,17,0,2,50,0,52,0,6,63,0,69,64,0,64,133
12/02/2022,UAO,OR,ANM,WE,Federal Contract Tower,0,2,13,0,15,0,2,72,0,74,0,4,85,0,89,92,0,92,181
12/03/2022,UAO,OR,ANM,WE,Federal Contract Tower,0,0,9,0,9,0,4,92,0,96,0,4,101,0,105,44,0,44,149
12/04/2022,UAO,OR,ANM,WE,Federal Contract Tower,0,2,11,0,13,0,0,1,0,1,0,2,12,0,14,0,0,0,14
12/05/2022,UAO,OR,ANM,WE,Federal Contract Tower,0,4,16,0,20,0,6,39,0,45,0,10,55,0,65,20,0,20,85
12/06/2022,UAO,OR,ANM,WE,Federal Contract Tower,0,2,23,0,25,0,0,7,0,7,0,2,30,0,32,6,0,6,38
12/07/2022,UAO,OR,ANM,WE,Federal Contract Tower,0,2,21,0,23,0,0,0,0,0,0,2,21,0,23,0,0,0,23
12/08/2022,UAO,OR,ANM,WE,Federal Contract Tower,0,2,20,0,22,0,0,2,0,2,0,2,22,0,24,0,0,0,24
12/09/2022,UAO,OR,ANM,WE,Federal Contract Tower,0,6,23,0,29,0,0,8,0,8,0,6,31,0,37,42,0,42,79
12/10/2022,UAO,OR,ANM,WE,Federal Contract Tower,0,6,15,0,21,0,2,37,0,39,0,8,52,0,60,52,0,52,112
12/11/2022,UAO,OR,ANM,WE,Federal Contract Tower,0,1,9,0,10,0,0,3,0,3,0,1,12,0,13,20,0,20,33
12/12/2022,UAO,OR,ANM,WE,Federal Contract Tower,0,2,27,0,29,0,3,45,0,48,0,5,72,0,77,96,0,96,173
12/13/2022,UAO,OR,ANM,WE,Federal Contract Tower,0,1,30,0,31,0,1,61,0,62,0,2,91,0,93,54,0,54,147
12/14/2022,UAO,OR,ANM,WE,Federal Contract Tower,0,3,40,0,43,0,8,99,0,107,0,11,139,0,150,74,0,74,224
12/15/2022,UAO,OR,ANM,WE,Federal Contract Tower,0,0,13,0,13,0,4,139,0,143,0,4,152,0,156,62,0,62,218
12/16/2022,UAO,OR,ANM,WE,Federal Contract Tower,0,6,26,0,32,0,3,161,0,164,0,9,187,0,196,100,0,100,296
12/17/2022,UAO,OR,ANM,WE,Federal Contract Tower,0,3,9,0,12,0,2,142,0,144,0,5,151,0,156,114,0,114,270
12/18/2022,UAO,OR,ANM,WE,Federal Contract Tower,0,8,24,0,32,0,1,2,0,3,0,9,26,0,35,0,0,0,35
12/19/2022,UAO,OR,ANM,WE,Federal Contract Tower,0,3,18,0,21,0,4,7,0,11,0,7,25,0,32,0,0,0,32
12/20/2022,UAO,OR,ANM,WE,Federal Contract Tower,0,4,11,0,15,0,0,1,0,1,0,4,12,0,16,0,0,0,16
12/21/2022,UAO,OR,ANM,WE,Federal Contract Tower,0,5,19,0,24,0,6,98,0,104,0,11,117,0,128,120,0,120,248
12/22/2022,UAO,OR,ANM,WE,Federal Contract Tower,0,3,11,0,14,0,0,11,0,11,0,3,22,0,25,36,0,36,61
12/23/2022,UAO,OR,ANM,WE,Federal Contract Tower,0,0,0,0,0,0,0,0,0,0,0,0,0,0,0,0,0,0,0
12/24/2022,UAO,OR,ANM,WE,Federal Contract Tower,0,0,0,0,0,0,0,0,0,0,0,0,0,0,0,0,0,0,0
12/25/2022,UAO,OR,ANM,WE,Federal Contract Tower,0,5,7,0,12,0,0,1,0,1,0,5,8,0,13,0,0,0,13
12/26/2022,UAO,OR,ANM,WE,Federal Contract Tower,0,4,24,0,28,0,2,10,0,12,0,6,34,0,40,38,0,38,78
12/27/2022,UAO,OR,ANM,WE,Federal Contract Tower,0,1,5,0,6,0,2,0,0,2,0,3,5,0,8,0,0,0,8
12/28/2022,UAO,OR,ANM,WE,Federal Contract Tower,0,2,32,0,34,0,0,23,0,23,0,2,55,0,57,62,0,62,119
12/29/2022,UAO,OR,ANM,WE,Federal Contract Tower,0,5,10,0,15,0,0,0,0,0,0,5,10,0,15,0,0,0,15
12/30/2022,UAO,OR,ANM,WE,Federal Contract Tower,0,5,18,0,23,0,5,27,0,32,0,10,45,0,55,46,0,46,101
12/31/2022,UAO,OR,ANM,WE,Federal Contract Tower,0,5,14,0,19,0,1,12,0,13,0,6,26,0,32,48,0,48,80
01/01/2023,UAO,OR,ANM,WE,Federal Contract Tower,0,3,8,0,11,0,2,52,0,54,0,5,60,0,65,36,0,36,101
01/02/2023,UAO,OR,ANM,WE,Federal Contract Tower,0,0,28,0,28,0,0,9,0,9,0,0,37,0,37,12,0,12,49
01/03/2023,UAO,OR,ANM,WE,Federal Contract Tower,0,1,15,0,16,0,7,75,0,82,0,8,90,0,98,82,0,82,180
01/04/2023,UAO,OR,ANM,WE,Federal Contract Tower,0,2,9,0,11,0,4,33,0,37,0,6,42,0,48,26,0,26,74
01/05/2023,UAO,OR,ANM,WE,Federal Contract Tower,0,2,10,0,12,0,6,24,0,30,0,8,34,0,42,38,0,38,80
01/06/2023,UAO,OR,ANM,WE,Federal Contract Tower,0,1,12,0,13,0,2,86,0,88,0,3,98,0,101,92,0,92,193
01/07/2023,UAO,OR,ANM,WE,Federal Contract Tower,0,5,14,0,19,0,0,47,0,47,0,5,61,0,66,88,0,88,154
01/08/2023,UAO,OR,ANM,WE,Federal Contract Tower,0,3,12,0,15,0,1,3,0,4,0,4,15,0,19,0,0,0,19
01/09/2023,UAO,OR,ANM,WE,Federal Contract Tower,0,1,9,0,10,0,0,8,0,8,0,1,17,0,18,26,0,26,44
01/10/2023,UAO,OR,ANM,WE,Federal Contract Tower,0,6,11,0,17,0,3,130,0,133,0,9,141,0,150,28,0,28,178
01/11/2023,UAO,OR,ANM,WE,Federal Contract Tower,0,6,20,0,26,0,7,71,0,78,0,13,91,0,104,54,0,54,158
01/12/2023,UAO,OR,ANM,WE,Federal Contract Tower,0,4,17,0,21,0,2,35,0,37,0,6,52,0,58,88,0,88,146
01/13/2023,UAO,OR,ANM,WE,Federal Contract Tower,0,8,21,0,29,0,6,23,0,29,0,14,44,0,58,58,0,58,116
01/14/2023,UAO,OR,ANM,WE,Federal Contract Tower,0,4,13,0,17,0,2,48,0,50,0,6,61,0,67,44,0,44,111
01/15/2023,UAO,OR,ANM,WE,Federal Contract Tower,0,5,11,0,16,0,0,0,0,0,0,5,11,0,16,0,0,0,16
01/16/2023,UAO,OR,ANM,WE,Federal Contract Tower,0,5,15,0,20,0,3,97,0,100,0,8,112,0,120,92,0,92,212
01/17/2023,UAO,OR,ANM,WE,Federal Contract Tower,0,6,8,0,14,0,2,18,0,20,0,8,26,0,34,18,0,18,52
01/18/2023,UAO,OR,ANM,WE,Federal Contract Tower,0,8,13,2,23,0,0,2,0,2,0,8,15,2,25,0,0,0,25
01/19/2023,UAO,OR,ANM,WE,Federal Contract Tower,0,3,18,0,21,0,2,5,0,7,0,5,23,0,28,20,0,20,48
01/20/2023,UAO,OR,ANM,WE,Federal Contract Tower,0,5,27,0,32,0,0,0,0,0,0,5,27,0,32,0,0,0,32
01/21/2023,UAO,OR,ANM,WE,Federal Contract Tower,0,3,9,0,12,0,1,16,1,18,0,4,25,1,30,82,0,82,112
01/22/2023,UAO,OR,ANM,WE,Federal Contract Tower,0,2,17,0,19,0,1,78,0,79,0,3,95,0,98,112,0,112,210
01/23/2023,UAO,OR,ANM,WE,Federal Contract Tower,0,4,17,0,21,0,3,66,0,69,0,7,83,0,90,62,0,62,152
01/24/2023,UAO,OR,ANM,WE,Federal Contract Tower,0,6,20,0,26,0,2,49,0,51,0,8,69,0,77,104,0,104,181
01/25/2023,UAO,OR,ANM,WE,Federal Contract Tower,0,0,39,0,39,0,1,0,0,1,0,1,39,0,40,42,0,42,82
01/26/2023,UAO,OR,ANM,WE,Federal Contract Tower,0,5,44,0,49,0,2,15,0,17,0,7,59,0,66,0,0,0,66
01/27/2023,UAO,OR,ANM,WE,Federal Contract Tower,0,2,23,0,25,0,0,28,0,28,0,2,51,0,53,78,0,78,131
01/28/2023,UAO,OR,ANM,WE,Federal Contract Tower,0,7,9,0,16,0,0,15,0,15,0,7,24,0,31,38,0,38,69
01/29/2023,UAO,OR,ANM,WE,Federal Contract Tower,0,1,15,0,16,0,4,84,0,88,0,5,99,0,104,64,0,64,168
01/30/2023,UAO,OR,ANM,WE,Federal Contract Tower,0,2,12,0,14,0,5,170,0,175,0,7,182,0,189,114,0,114,303
01/31/2023,UAO,OR,ANM,WE,Federal Contract Tower,0,2,16,0,18,0,0,112,0,112,0,2,128,0,130,76,0,76,206
02/01/2023,UAO,OR,ANM,WE,Federal Contract Tower,0,5,9,0,14,0,5,125,0,130,0,10,134,0,144,78,0,78,222
02/02/2023,UAO,OR,ANM,WE,Federal Contract Tower,0,1,20,0,21,0,3,97,0,100,0,4,117,0,121,78,0,78,199
02/03/2023,UAO,OR,ANM,WE,Federal Contract Tower,0,6,20,0,26,0,2,2,0,4,0,8,22,0,30,6,0,6,36
02/04/2023,UAO,OR,ANM,WE,Federal Contract Tower,0,8,12,0,20,0,8,63,0,71,0,16,75,0,91,48,0,48,139
02/05/2023,UAO,OR,ANM,WE,Federal Contract Tower,0,5,12,0,17,0,2,2,0,4,0,7,14,0,21,0,0,0,21
02/06/2023,UAO,OR,ANM,WE,Federal Contract Tower,0,6,12,0,18,0,2,24,0,26,0,8,36,0,44,72,0,72,116
02/07/2023,UAO,OR,ANM,WE,Federal Contract Tower,0,2,23,0,25,0,1,18,0,19,0,3,41,0,44,6,0,6,50
02/08/2023,UAO,OR,ANM,WE,Federal Contract Tower,0,3,27,0,30,0,3,92,0,95,0,6,119,0,125,84,0,84,209
02/09/2023,UAO,OR,ANM,WE,Federal Contract Tower,0,3,24,0,27,0,1,145,0,146,0,4,169,0,173,80,0,80,253
02/10/2023,UAO,OR,ANM,WE,Federal Contract Tower,0,5,25,0,30,0,9,48,0,57,0,14,73,0,87,32,0,32,119
02/11/2023,UAO,OR,ANM,WE,Federal Contract Tower,0,2,26,0,28,0,2,76,0,78,0,4,102,0,106,60,0,60,166
02/12/2023,UAO,OR,ANM,WE,Federal Contract Tower,0,3,19,0,22,0,0,7,0,7,0,3,26,0,29,0,0,0,29
02/13/2023,UAO,OR,ANM,WE,Federal Contract Tower,0,3,12,0,15,0,0,2,2,4,0,3,14,2,19,8,0,8,27
02/14/2023,UAO,OR,ANM,WE,Federal Contract Tower,0,6,17,0,23,0,2,31,0,33,0,8,48,0,56,28,0,28,84
02/15/2023,UAO,OR,ANM,WE,Federal Contract Tower,0,1,20,0,21,0,3,121,0,124,0,4,141,0,145,170,0,170,315
02/16/2023,UAO,OR,ANM,WE,Federal Contract Tower,0,1,25,0,26,0,2,89,0,91,0,3,114,0,117,64,0,64,181
02/17/2023,UAO,OR,ANM,WE,Federal Contract Tower,0,3,25,0,28,0,12,118,0,130,0,15,143,0,158,82,0,82,240
02/18/2023,UAO,OR,ANM,WE,Federal Contract Tower,0,1,15,0,16,0,2,25,0,27,0,3,40,0,43,84,0,84,127
02/19/2023,UAO,OR,ANM,WE,Federal Contract Tower,0,1,13,0,14,0,4,39,0,43,0,5,52,0,57,94,0,94,151
02/20/2023,UAO,OR,ANM,WE,Federal Contract Tower,0,1,28,0,29,0,0,37,0,37,0,1,65,0,66,26,0,26,92
02/21/2023,UAO,OR,ANM,WE,Federal Contract Tower,0,3,11,0,14,0,1,7,2,10,0,4,18,2,24,20,0,20,44
02/22/2023,UAO,OR,ANM,WE,Federal Contract Tower,0,3,14,0,17,0,0,0,0,0,0,3,14,0,17,0,0,0,17
02/23/2023,UAO,OR,ANM,WE,Federal Contract Tower,0,1,2,0,3,0,0,10,0,10,0,1,12,0,13,4,0,4,17
02/24/2023,UAO,OR,ANM,WE,Federal Contract Tower,0,1,14,0,15,0,3,49,0,52,0,4,63,0,67,12,0,12,79
02/25/2023,UAO,OR,ANM,WE,Federal Contract Tower,0,5,9,0,14,0,3,127,0,130,0,8,136,0,144,88,0,88,232
02/26/2023,UAO,OR,ANM,WE,Federal Contract Tower,0,6,17,0,23,0,0,0,0,0,0,6,17,0,23,0,0,0,23
02/27/2023,UAO,OR,ANM,WE,Federal Contract Tower,0,3,13,0,16,0,0,14,0,14,0,3,27,0,30,52,0,52,82
02/28/2023,UAO,OR,ANM,WE,Federal Contract Tower,0,1,22,0,23,0,0,0,0,0,0,1,22,0,23,0,0,0,23
03/01/2023,UAO,OR,ANM,WE,Federal Contract Tower,0,4,32,0,36,0,3,59,3,65,0,7,91,3,101,60,0,60,161
03/02/2023,UAO,OR,ANM,WE,Federal Contract Tower,0,0,19,0,19,0,2,24,0,26,0,2,43,0,45,12,0,12,57
03/03/2023,UAO,OR,ANM,WE,Federal Contract Tower,0,3,24,0,27,0,2,13,0,15,0,5,37,0,42,0,0,0,42
03/04/2023,UAO,OR,ANM,WE,Federal Contract Tower,0,2,9,0,11,0,0,10,0,10,0,2,19,0,21,6,0,6,27
03/05/2023,UAO,OR,ANM,WE,Federal Contract Tower,0,4,23,0,27,0,1,3,0,4,0,5,26,0,31,12,0,12,43
03/06/2023,UAO,OR,ANM,WE,Federal Contract Tower,0,5,18,0,23,0,3,49,0,52,0,8,67,0,75,116,0,116,191
03/07/2023,UAO,OR,ANM,WE,Federal Contract Tower,0,2,26,0,28,0,2,48,0,50,0,4,74,0,78,98,0,98,176
03/08/2023,UAO,OR,ANM,WE,Federal Contract Tower,0,5,10,0,15,0,3,15,2,20,0,8,25,2,35,12,4,16,51
03/09/2023,UAO,OR,ANM,WE,Federal Contract Tower,0,5,31,0,36,0,4,26,0,30,0,9,57,0,66,90,0,90,156
03/10/2023,UAO,OR,ANM,WE,Federal Contract Tower,0,1,14,0,15,0,0,41,0,41,0,1,55,0,56,8,0,8,64
03/11/2023,UAO,OR,ANM,WE,Federal Contract Tower,0,1,24,0,25,0,3,162,0,165,0,4,186,0,190,90,0,90,280
03/12/2023,UAO,OR,ANM,WE,Federal Contract Tower,0,2,18,0,20,0,0,1,0,1,0,2,19,0,21,8,0,8,29
03/13/2023,UAO,OR,ANM,WE,Federal Contract Tower,0,2,12,0,14,0,0,0,0,0,0,2,12,0,14,0,0,0,14
03/14/2023,UAO,OR,ANM,WE,Federal Contract Tower,0,1,27,0,28,0,3,103,0,106,0,4,130,0,134,74,0,74,208
03/15/2023,UAO,OR,ANM,WE,Federal Contract Tower,0,1,21,0,22,0,4,94,0,98,0,5,115,0,120,138,0,138,258
03/16/2023,UAO,OR,ANM,WE,Federal Contract Tower,0,3,18,0,21,0,3,155,0,158,0,6,173,0,179,118,0,118,297
03/17/2023,UAO,OR,ANM,WE,Federal Contract Tower,0,3,11,0,14,0,7,148,0,155,0,10,159,0,169,152,0,152,321
03/18/2023,UAO,OR,ANM,WE,Federal Contract Tower,0,1,10,0,11,0,10,160,0,170,0,11,170,0,181,120,0,120,301
03/19/2023,UAO,OR,ANM,WE,Federal Contract Tower,0,7,10,0,17,0,1,32,0,33,0,8,42,0,50,86,0,86,136
03/20/2023,UAO,OR,ANM,WE,Federal Contract Tower,0,2,14,0,16,0,2,3,0,5,0,4,17,0,21,6,0,6,27
03/21/2023,UAO,OR,ANM,WE,Federal Contract Tower,0,8,17,0,25,0,6,108,0,114,0,14,125,0,139,42,0,42,181
03/22/2023,UAO,OR,ANM,WE,Federal Contract Tower,0,1,14,0,15,0,3,124,0,127,0,4,138,0,142,110,0,110,252
03/23/2023,UAO,OR,ANM,WE,Federal Contract Tower,0,3,21,0,24,0,2,0,0,2,0,5,21,0,26,0,0,0,26
03/24/2023,UAO,OR,ANM,WE,Federal Contract Tower,0,4,29,0,33,0,3,2,0,5,0,7,31,0,38,10,0,10,48
03/25/2023,UAO,OR,ANM,WE,Federal Contract Tower,0,2,9,0,11,0,0,6,0,6,0,2,15,0,17,12,0,12,29
03/26/2023,UAO,OR,ANM,WE,Federal Contract Tower,0,4,15,0,19,0,0,11,0,11,0,4,26,0,30,30,0,30,60
03/27/2023,UAO,OR,ANM,WE,Federal Contract Tower,0,4,13,0,17,0,7,87,1,95,0,11,100,1,112,88,0,88,200
03/28/2023,UAO,OR,ANM,WE,Federal Contract Tower,0,4,6,0,10,0,3,12,0,15,0,7,18,0,25,6,0,6,31
03/29/2023,UAO,OR,ANM,WE,Federal Contract Tower,0,0,29,0,29,0,4,79,1,84,0,4,108,1,113,56,0,56,169
03/30/2023,UAO,OR,ANM,WE,Federal Contract Tower,0,3,26,0,29,0,4,68,0,72,0,7,94,0,101,130,0,130,231
03/31/2023,UAO,OR,ANM,WE,Federal Contract Tower,0,1,10,0,11,0,2,9,0,11,0,3,19,0,22,8,0,8,30
04/01/2023,UAO,OR,ANM,WE,Federal Contract Tower,0,1,9,0,10,0,0,6,0,6,0,1,15,0,16,0,0,0,16
04/02/2023,UAO,OR,ANM,WE,Federal Contract Tower,0,5,21,0,26,0,0,7,0,7,0,5,28,0,33,0,0,0,33
04/03/2023,UAO,OR,ANM,WE,Federal Contract Tower,0,5,12,0,17,0,0,12,0,12,0,5,24,0,29,16,0,16,45
04/04/2023,UAO,OR,ANM,WE,Federal Contract Tower,0,5,17,0,22,0,4,27,0,31,0,9,44,0,53,44,0,44,97
04/05/2023,UAO,OR,ANM,WE,Federal Contract Tower,0,3,24,0,27,0,0,73,0,73,0,3,97,0,100,152,0,152,252
04/06/2023,UAO,OR,ANM,WE,Federal Contract Tower,0,2,21,0,23,0,2,45,0,47,0,4,66,0,70,20,0,20,90
04/07/2023,UAO,OR,ANM,WE,Federal Contract Tower,0,1,26,0,27,0,3,17,0,20,0,4,43,0,47,30,0,30,77
04/08/2023,UAO,OR,ANM,WE,Federal Contract Tower,0,4,17,0,21,0,1,164,0,165,0,5,181,0,186,102,0,102,288
04/09/2023,UAO,OR,ANM,WE,Federal Contract Tower,0,0,17,0,17,0,2,5,0,7,0,2,22,0,24,2,0,2,26
04/10/2023,UAO,OR,ANM,WE,Federal Contract Tower,0,3,30,0,33,0,0,0,0,0,0,3,30,0,33,0,0,0,33
04/11/2023,UAO,OR,ANM,WE,Federal Contract Tower,0,2,18,0,20,0,3,34,0,37,0,5,52,0,57,88,0,88,145
04/12/2023,UAO,OR,ANM,WE,Federal Contract Tower,0,4,17,0,21,0,0,89,0,89,0,4,106,0,110,80,0,80,190
04/13/2023,UAO,OR,ANM,WE,Federal Contract Tower,0,0,35,0,35,0,6,99,0,105,0,6,134,0,140,128,0,128,268
04/14/2023,UAO,OR,ANM,WE,Federal Contract Tower,0,1,15,0,16,0,2,163,0,165,0,3,178,0,181,74,0,74,255
04/15/2023,UAO,OR,ANM,WE,Federal Contract Tower,0,3,16,0,19,0,9,112,22,143,0,12,128,22,162,102,4,106,268
04/16/2023,UAO,OR,ANM,WE,Federal Contract Tower,0,2,16,0,18,0,2,2,0,4,0,4,18,0,22,0,0,0,22
04/17/2023,UAO,OR,ANM,WE,Federal Contract Tower,0,4,16,0,20,0,2,21,0,23,0,6,37,0,43,8,0,8,51
04/18/2023,UAO,OR,ANM,WE,Federal Contract Tower,0,5,14,0,19,0,0,4,0,4,0,5,18,0,23,0,0,0,23
04/19/2023,UAO,OR,ANM,WE,Federal Contract Tower,0,2,15,0,17,0,2,13,0,15,0,4,28,0,32,0,0,0,32
04/20/2023,UAO,OR,ANM,WE,Federal Contract Tower,0,3,20,0,23,0,2,14,0,16,0,5,34,0,39,66,0,66,105
04/21/2023,UAO,OR,ANM,WE,Federal Contract Tower,0,6,21,0,27,0,3,80,0,83,0,9,101,0,110,122,0,122,232
04/22/2023,UAO,OR,ANM,WE,Federal Contract Tower,0,4,16,0,20,0,3,71,0,74,0,7,87,0,94,36,0,36,130
04/23/2023,UAO,OR,ANM,WE,Federal Contract Tower,0,0,19,0,19,0,4,22,0,26,0,4,41,0,45,70,0,70,115
04/24/2023,UAO,OR,ANM,WE,Federal Contract Tower,0,1,16,0,17,0,2,86,0,88,0,3,102,0,105,104,0,104,209
04/25/2023,UAO,OR,ANM,WE,Federal Contract Tower,0,1,24,0,25,0,11,146,7,164,0,12,170,7,189,80,0,80,269
04/26/2023,UAO,OR,ANM,WE,Federal Contract Tower,0,3,19,0,22,0,7,141,0,148,0,10,160,0,170,114,0,114,284
04/27/2023,UAO,OR,ANM,WE,Federal Contract Tower,0,4,15,0,19,0,8,162,0,170,0,12,177,0,189,80,0,80,269
04/28/2023,UAO,OR,ANM,WE,Federal Contract Tower,0,0,12,0,12,0,10,155,0,165,0,10,167,0,177,90,0,90,267
04/29/2023,UAO,OR,ANM,WE,Federal Contract Tower,0,2,12,0,14,0,6,138,0,144,0,8,150,0,158,74,0,74,232
04/30/2023,UAO,OR,ANM,WE,Federal Contract Tower,0,0,33,0,33,0,7,38,0,45,0,7,71,0,78,32,0,32,110
05/01/2023,UAO,OR,ANM,WE,Federal Contract Tower,0,3,19,0,22,0,6,67,0,73,0,9,86,0,95,64,0,64,159
05/02/2023,UAO,OR,ANM,WE,Federal Contract Tower,0,1,29,0,30,0,2,69,0,71,0,3,98,0,101,102,0,102,203
05/03/2023,UAO,OR,ANM,WE,Federal Contract Tower,0,9,16,0,25,0,3,95,0,98,0,12,111,0,123,100,0,100,223
05/04/2023,UAO,OR,ANM,WE,Federal Contract Tower,0,2,18,0,20,0,0,5,0,5,0,2,23,0,25,0,0,0,25
05/05/2023,UAO,OR,ANM,WE,Federal Contract Tower,0,6,26,0,32,0,2,55,0,57,0,8,81,0,89,22,0,22,111
05/06/2023,UAO,OR,ANM,WE,Federal Contract Tower,0,1,16,0,17,0,2,66,0,68,0,3,82,0,85,140,0,140,225
05/07/2023,UAO,OR,ANM,WE,Federal Contract Tower,0,0,9,0,9,0,8,91,1,100,0,8,100,1,109,88,0,88,197
05/08/2023,UAO,OR,ANM,WE,Federal Contract Tower,0,4,5,0,9,0,1,65,0,66,0,5,70,0,75,60,0,60,135
05/09/2023,UAO,OR,ANM,WE,Federal Contract Tower,0,3,27,0,30,0,8,89,3,100,0,11,116,3,130,80,0,80,210
05/10/2023,UAO,OR,ANM,WE,Federal Contract Tower,0,3,18,0,21,0,7,127,3,137,0,10,145,3,158,92,0,92,250
05/11/2023,UAO,OR,ANM,WE,Federal Contract Tower,0,3,9,0,12,0,5,161,0,166,0,8,170,0,178,124,0,124,302
05/12/2023,UAO,OR,ANM,WE,Federal Contract Tower,0,11,20,0,31,0,9,194,0,203,0,20,214,0,234,88,0,88,322
05/13/2023,UAO,OR,ANM,WE,Federal Contract Tower,0,0,16,0,16,0,4,126,29,159,0,4,142,29,175,44,0,44,219
05/14/2023,UAO,OR,ANM,WE,Federal Contract Tower,0,4,16,0,20,0,3,58,0,61,0,7,74,0,81,26,0,26,107
05/15/2023,UAO,OR,ANM,WE,Federal Contract Tower,0,1,16,0,17,0,2,93,0,95,0,3,109,0,112,112,0,112,224
05/16/2023,UAO,OR,ANM,WE,Federal Contract Tower,0,2,10,0,12,0,7,109,0,116,0,9,119,0,128,104,0,104,232
05/17/2023,UAO,OR,ANM,WE,Federal Contract Tower,0,4,14,0,18,0,7,114,0,121,0,11,128,0,139,128,0,128,267
05/18/2023,UAO,OR,ANM,WE,Federal Contract Tower,0,3,22,0,25,0,8,118,0,126,0,11,140,0,151,160,0,160,311
05/19/2023,UAO,OR,ANM,WE,Federal Contract Tower,0,3,30,0,33,0,4,92,0,96,0,7,122,0,129,52,0,52,181
05/20/2023,UAO,OR,ANM,WE,Federal Contract Tower,0,3,11,0,14,0,7,95,6,108,0,10,106,6,122,70,0,70,192
05/21/2023,UAO,OR,ANM,WE,Federal Contract Tower,0,4,21,0,25,0,6,70,0,76,0,10,91,0,101,110,0,110,211
05/22/2023,UAO,OR,ANM,WE,Federal Contract Tower,0,8,22,0,30,0,4,77,0,81,0,12,99,0,111,84,0,84,195
05/23/2023,UAO,OR,ANM,WE,Federal Contract Tower,0,2,22,0,24,0,2,140,2,144,0,4,162,2,168,104,0,104,272
05/24/2023,UAO,OR,ANM,WE,Federal Contract Tower,0,2,22,0,24,0,10,83,1,94,0,12,105,1,118,121,0,121,239
05/25/2023,UAO,OR,ANM,WE,Federal Contract Tower,0,6,15,0,21,0,9,135,2,146,0,15,150,2,167,132,0,132,299
05/26/2023,UAO,OR,ANM,WE,Federal Contract Tower,0,3,14,0,17,0,4,111,2,117,0,7,125,2,134,120,0,120,254
05/27/2023,UAO,OR,ANM,WE,Federal Contract Tower,0,2,12,0,14,0,6,72,0,78,0,8,84,0,92,58,0,58,150
05/28/2023,UAO,OR,ANM,WE,Federal Contract Tower,0,1,10,0,11,0,3,77,3,83,0,4,87,3,94,48,10,58,152
05/29/2023,UAO,OR,ANM,WE,Federal Contract Tower,0,6,26,0,32,0,8,96,0,104,0,14,122,0,136,56,0,56,192
05/30/2023,UAO,OR,ANM,WE,Federal Contract Tower,0,2,21,0,23,0,6,100,0,106,0,8,121,0,129,134,0,134,263
05/31/2023,UAO,OR,ANM,WE,Federal Contract Tower,0,2,21,0,23,0,4,97,3,104,0,6,118,3,127,134,0,134,261
06/01/2023,UAO,OR,ANM,WE,Federal Contract Tower,0,1,21,0,22,0,0,116,0,116,0,1,137,0,138,110,0,110,248
06/02/2023,UAO,OR,ANM,WE,Federal Contract Tower,0,2,13,0,15,0,11,126,0,137,0,13,139,0,152,120,0,120,272
06/03/2023,UAO,OR,ANM,WE,Federal Contract Tower,0,2,6,0,8,0,2,98,0,100,0,4,104,0,108,134,0,134,242
06/04/2023,UAO,OR,ANM,WE,Federal Contract Tower,0,9,8,0,17,0,1,64,0,65,0,10,72,0,82,48,0,48,130
06/05/2023,UAO,OR,ANM,WE,Federal Contract Tower,0,1,10,0,11,0,3,83,0,86,0,4,93,0,97,62,0,62,159
06/06/2023,UAO,OR,ANM,WE,Federal Contract Tower,0,1,16,0,17,0,5,141,3,149,0,6,157,3,166,58,0,58,224
06/07/2023,UAO,OR,ANM,WE,Federal Contract Tower,0,1,8,0,9,0,4,120,0,124,0,5,128,0,133,170,0,170,303
06/08/2023,UAO,OR,ANM,WE,Federal Contract Tower,0,3,24,0,27,0,2,105,0,107,0,5,129,0,134,142,0,142,276
06/09/2023,UAO,OR,ANM,WE,Federal Contract Tower,0,9,31,0,40,0,3,37,0,40,0,12,68,0,80,78,0,78,158
06/10/2023,UAO,OR,ANM,WE,Federal Contract Tower,0,3,22,0,25,0,8,114,0,122,0,11,136,0,147,64,0,64,211
06/11/2023,UAO,OR,ANM,WE,Federal Contract Tower,0,1,17,0,18,0,9,70,0,79,0,10,87,0,97,100,0,100,197
06/12/2023,UAO,OR,ANM,WE,Federal Contract Tower,0,3,12,0,15,0,3,112,3,118,0,6,124,3,133,128,0,128,261
06/13/2023,UAO,OR,ANM,WE,Federal Contract Tower,0,4,16,0,20,0,4,102,0,106,0,8,118,0,126,118,0,118,244
06/14/2023,UAO,OR,ANM,WE,Federal Contract Tower,0,9,20,0,29,0,9,88,0,97,0,18,108,0,126,128,0,128,254
06/15/2023,UAO,OR,ANM,WE,Federal Contract Tower,0,4,20,0,24,0,4,100,0,104,0,8,120,0,128,144,0,144,272
06/16/2023,UAO,OR,ANM,WE,Federal Contract Tower,0,1,14,0,15,0,3,97,0,100,0,4,111,0,115,58,0,58,173
06/17/2023,UAO,OR,ANM,WE,Federal Contract Tower,0,1,17,0,18,0,2,64,0,66,0,3,81,0,84,108,0,108,192
06/18/2023,UAO,OR,ANM,WE,Federal Contract Tower,0,4,22,0,26,0,0,11,0,11,0,4,33,0,37,34,0,34,71
06/19/2023,UAO,OR,ANM,WE,Federal Contract Tower,0,4,19,0,23,0,7,36,0,43,0,11,55,0,66,22,0,22,88
06/20/2023,UAO,OR,ANM,WE,Federal Contract Tower,0,5,14,0,19,0,5,51,0,56,0,10,65,0,75,118,0,118,193
06/21/2023,UAO,OR,ANM,WE,Federal Contract Tower,0,5,12,0,17,0,5,114,0,119,0,10,126,0,136,98,0,98,234
06/22/2023,UAO,OR,ANM,WE,Federal Contract Tower,0,2,25,0,27,0,4,122,0,126,0,6,147,0,153,64,0,64,217
06/23/2023,UAO,OR,ANM,WE,Federal Contract Tower,0,4,19,0,23,0,4,114,1,119,0,8,133,1,142,78,0,78,220
06/24/2023,UAO,OR,ANM,WE,Federal Contract Tower,0,1,7,0,8,0,4,103,0,107,0,5,110,0,115,74,0,74,189
06/25/2023,UAO,OR,ANM,WE,Federal Contract Tower,0,1,15,0,16,0,9,105,0,114,0,10,120,0,130,86,0,86,216
06/26/2023,UAO,OR,ANM,WE,Federal Contract Tower,0,3,27,0,30,0,4,63,0,67,0,7,90,0,97,68,0,68,165
06/27/2023,UAO,OR,ANM,WE,Federal Contract Tower,0,2,19,0,21,0,6,67,0,73,0,8,86,0,94,70,0,70,164
06/28/2023,UAO,OR,ANM,WE,Federal Contract Tower,0,3,19,0,22,0,7,109,0,116,0,10,128,0,138,84,0,84,222
06/29/2023,UAO,OR,ANM,WE,Federal Contract Tower,0,3,14,0,17,0,9,103,0,112,0,12,117,0,129,86,0,86,215
06/30/2023,UAO,OR,ANM,WE,Federal Contract Tower,0,1,11,0,12,0,9,120,0,129,0,10,131,0,141,100,0,100,241
07/01/2023,UAO,OR,ANM,WE,Federal Contract Tower,0,5,13,0,18,0,7,85,0,92,0,12,98,0,110,116,0,116,226
07/02/2023,UAO,OR,ANM,WE,Federal Contract Tower,0,1,5,0,6,0,2,74,0,76,0,3,79,0,82,66,0,66,148
07/03/2023,UAO,OR,ANM,WE,Federal Contract Tower,0,2,8,0,10,0,7,91,0,98,0,9,99,0,108,116,0,116,224
07/04/2023,UAO,OR,ANM,WE,Federal Contract Tower,0,0,9,0,9,0,5,77,0,82,0,5,86,0,91,38,0,38,129
07/05/2023,UAO,OR,ANM,WE,Federal Contract Tower,0,6,20,0,26,0,3,89,0,92,0,9,109,0,118,62,0,62,180
07/06/2023,UAO,OR,ANM,WE,Federal Contract Tower,0,0,19,0,19,0,14,112,0,126,0,14,131,0,145,92,0,92,237
07/07/2023,UAO,OR,ANM,WE,Federal Contract Tower,0,5,27,0,32,0,8,86,0,94,0,13,113,0,126,146,0,146,272
07/08/2023,UAO,OR,ANM,WE,Federal Contract Tower,0,2,25,0,27,0,6,84,0,90,0,8,109,0,117,152,0,152,269
07/09/2023,UAO,OR,ANM,WE,Federal Contract Tower,0,2,20,0,22,0,6,77,0,83,0,8,97,0,105,74,0,74,179
07/10/2023,UAO,OR,ANM,WE,Federal Contract Tower,0,7,22,0,29,0,5,81,0,86,0,12,103,0,115,168,0,168,283
07/11/2023,UAO,OR,ANM,WE,Federal Contract Tower,0,1,24,0,25,0,6,128,0,134,0,7,152,0,159,118,0,118,277
07/12/2023,UAO,OR,ANM,WE,Federal Contract Tower,0,6,14,0,20,0,6,102,0,108,0,12,116,0,128,168,0,168,296
07/13/2023,UAO,OR,ANM,WE,Federal Contract Tower,0,1,19,0,20,0,3,105,1,109,0,4,124,1,129,146,0,146,275
07/14/2023,UAO,OR,ANM,WE,Federal Contract Tower,0,0,9,0,9,0,6,112,0,118,0,6,121,0,127,158,0,158,285
07/15/2023,UAO,OR,ANM,WE,Federal Contract Tower,0,4,7,0,11,0,8,96,13,117,0,12,103,13,128,114,0,114,242
07/16/2023,UAO,OR,ANM,WE,Federal Contract Tower,0,2,10,0,12,0,4,97,0,101,0,6,107,0,113,94,0,94,207
07/17/2023,UAO,OR,ANM,WE,Federal Contract Tower,0,4,26,0,30,0,6,94,0,100,0,10,120,0,130,196,0,196,326
07/18/2023,UAO,OR,ANM,WE,Federal Contract Tower,0,1,14,0,15,0,6,136,0,142,0,7,150,0,157,40,0,40,197
07/19/2023,UAO,OR,ANM,WE,Federal Contract Tower,0,5,18,0,23,0,5,133,0,138,0,10,151,0,161,152,0,152,313
07/20/2023,UAO,OR,ANM,WE,Federal Contract Tower,0,5,33,0,38,0,4,97,0,101,0,9,130,0,139,126,0,126,265
07/21/2023,UAO,OR,ANM,WE,Federal Contract Tower,0,4,24,0,28,0,3,72,0,75,0,7,96,0,103,102,0,102,205
07/22/2023,UAO,OR,ANM,WE,Federal Contract Tower,0,0,14,0,14,0,8,117,0,125,0,8,131,0,139,158,0,158,297
07/23/2023,UAO,OR,ANM,WE,Federal Contract Tower,0,3,18,0,21,0,3,103,0,106,0,6,121,0,127,120,0,120,247
07/24/2023,UAO,OR,ANM,WE,Federal Contract Tower,0,7,12,0,19,0,8,67,0,75,0,15,79,0,94,170,0,170,264
07/25/2023,UAO,OR,ANM,WE,Federal Contract Tower,0,1,34,0,35,0,8,94,4,106,0,9,128,4,141,78,0,78,219
07/26/2023,UAO,OR,ANM,WE,Federal Contract Tower,0,2,19,0,21,0,8,118,0,126,0,10,137,0,147,178,0,178,325
07/27/2023,UAO,OR,ANM,WE,Federal Contract Tower,0,2,16,0,18,0,2,119,0,121,0,4,135,0,139,142,0,142,281
07/28/2023,UAO,OR,ANM,WE,Federal Contract Tower,0,3,24,0,27,0,11,106,0,117,0,14,130,0,144,90,0,90,234
07/29/2023,UAO,OR,ANM,WE,Federal Contract Tower,0,2,14,0,16,0,10,99,0,109,0,12,113,0,125,52,0,52,177
07/30/2023,UAO,OR,ANM,WE,Federal Contract Tower,0,0,13,0,13,0,7,67,0,74,0,7,80,0,87,158,0,158,245
07/31/2023,UAO,OR,ANM,WE,Federal Contract Tower,0,3,13,0,16,0,6,95,4,105,0,9,108,4,121,114,0,114,235
08/01/2023,UAO,OR,ANM,WE,Federal Contract Tower,0,4,12,0,16,0,11,115,0,126,0,15,127,0,142,106,0,106,248
08/02/2023,UAO,OR,ANM,WE,Federal Contract Tower,0,0,19,0,19,0,9,94,0,103,0,9,113,0,122,128,0,128,250
08/03/2023,UAO,OR,ANM,WE,Federal Contract Tower,0,3,14,0,17,0,10,118,0,128,0,13,132,0,145,130,0,130,275
08/04/2023,UAO,OR,ANM,WE,Federal Contract Tower,0,1,15,0,16,0,6,113,0,119,0,7,128,0,135,114,0,114,249
08/05/2023,UAO,OR,ANM,WE,Federal Contract Tower,0,2,16,0,18,0,2,113,0,115,0,4,129,0,133,150,0,150,283
08/06/2023,UAO,OR,ANM,WE,Federal Contract Tower,0,0,25,0,25,0,0,63,0,63,0,0,88,0,88,172,0,172,260
08/07/2023,UAO,OR,ANM,WE,Federal Contract Tower,0,0,21,0,21,0,3,86,0,89,0,3,107,0,110,168,0,168,278
08/08/2023,UAO,OR,ANM,WE,Federal Contract Tower,0,7,17,0,24,0,8,103,0,111,0,15,120,0,135,82,0,82,217
08/09/2023,UAO,OR,ANM,WE,Federal Contract Tower,0,2,24,0,26,0,4,111,0,115,0,6,135,0,141,114,0,114,255
08/10/2023,UAO,OR,ANM,WE,Federal Contract Tower,0,0,33,0,33,0,7,106,0,113,0,7,139,0,146,134,0,134,280
08/11/2023,UAO,OR,ANM,WE,Federal Contract Tower,0,1,28,0,29,0,3,108,0,111,0,4,136,0,140,136,0,136,276
08/12/2023,UAO,OR,ANM,WE,Federal Contract Tower,0,3,15,0,18,0,5,107,0,112,0,8,122,0,130,112,0,112,242
08/13/2023,UAO,OR,ANM,WE,Federal Contract Tower,0,6,12,0,18,0,7,73,0,80,0,13,85,0,98,120,0,120,218
08/14/2023,UAO,OR,ANM,WE,Federal Contract Tower,0,5,21,0,26,0,7,73,0,80,0,12,94,0,106,82,0,82,188
08/15/2023,UAO,OR,ANM,WE,Federal Contract Tower,0,0,17,0,17,0,9,59,0,68,0,9,76,0,85,72,0,72,157
08/16/2023,UAO,OR,ANM,WE,Federal Contract Tower,0,1,20,0,21,0,6,78,0,84,0,7,98,0,105,42,0,42,147
08/17/2023,UAO,OR,ANM,WE,Federal Contract Tower,0,4,34,0,38,0,2,89,0,91,0,6,123,0,129,158,0,158,287
08/18/2023,UAO,OR,ANM,WE,Federal Contract Tower,0,5,21,0,26,0,3,132,0,135,0,8,153,0,161,144,0,144,305
08/19/2023,UAO,OR,ANM,WE,Federal Contract Tower,0,5,18,0,23,0,2,126,0,128,0,7,144,0,151,112,0,112,263
08/20/2023,UAO,OR,ANM,WE,Federal Contract Tower,0,11,28,0,39,0,2,47,0,49,0,13,75,0,88,52,0,52,140
08/21/2023,UAO,OR,ANM,WE,Federal Contract Tower,0,4,13,0,17,0,5,79,0,84,0,9,92,0,101,150,0,150,251
08/22/2023,UAO,OR,ANM,WE,Federal Contract Tower,0,3,18,0,21,0,6,96,0,102,0,9,114,0,123,164,0,164,287
08/23/2023,UAO,OR,ANM,WE,Federal Contract Tower,0,4,19,0,23,0,2,124,0,126,0,6,143,0,149,126,0,126,275
08/24/2023,UAO,OR,ANM,WE,Federal Contract Tower,0,4,19,0,23,0,10,115,0,125,0,14,134,0,148,174,0,174,322
08/25/2023,UAO,OR,ANM,WE,Federal Contract Tower,0,5,18,0,23,0,2,89,0,91,0,7,107,0,114,128,0,128,242
08/26/2023,UAO,OR,ANM,WE,Federal Contract Tower,0,2,12,0,14,0,2,110,12,124,0,4,122,12,138,202,0,202,340
08/27/2023,UAO,OR,ANM,WE,Federal Contract Tower,0,7,21,0,28,0,7,80,0,87,0,14,101,0,115,130,0,130,245
08/28/2023,UAO,OR,ANM,WE,Federal Contract Tower,0,6,31,0,37,0,3,17,0,20,0,9,48,0,57,34,0,34,91
08/29/2023,UAO,OR,ANM,WE,Federal Contract Tower,0,0,0,0,0,0,9,107,0,116,0,9,107,0,116,202,0,202,318
08/30/2023,UAO,OR,ANM,WE,Federal Contract Tower,0,2,21,0,23,0,10,100,0,110,0,12,121,0,133,96,0,96,229
08/31/2023,UAO,OR,ANM,WE,Federal Contract Tower,0,3,34,0,37,0,0,0,0,0,0,3,34,0,37,0,0,0,37
