01/01/2000,UCA,NY,AEA,EN,Federal Contract Tower,0,3,2,0,5,0,0,36,0,36,0,3,38,0,41,30,0,30,71
01/02/2000,UCA,NY,AEA,EN,Federal Contract Tower,0,15,11,0,26,0,0,15,0,15,0,15,26,0,41,4,0,4,45
01/03/2000,UCA,NY,AEA,EN,Federal Contract Tower,0,24,16,0,40,0,0,36,0,36,0,24,52,0,76,104,0,104,180
01/04/2000,UCA,NY,AEA,EN,Federal Contract Tower,0,34,19,0,53,0,14,0,0,14,0,48,19,0,67,0,0,0,67
01/05/2000,UCA,NY,AEA,EN,Federal Contract Tower,0,36,20,0,56,0,12,40,0,52,0,48,60,0,108,32,0,32,140
01/06/2000,UCA,NY,AEA,EN,Federal Contract Tower,0,35,19,0,54,0,12,57,0,69,0,47,76,0,123,60,0,60,183
01/07/2000,UCA,NY,AEA,EN,Federal Contract Tower,0,32,19,0,51,0,20,5,0,25,0,52,24,0,76,0,0,0,76
01/08/2000,UCA,NY,AEA,EN,Federal Contract Tower,0,8,7,0,15,0,0,82,0,82,0,8,89,0,97,94,0,94,191
01/09/2000,UCA,NY,AEA,EN,Federal Contract Tower,0,9,6,0,15,0,0,22,0,22,0,9,28,0,37,88,0,88,125
01/10/2000,UCA,NY,AEA,EN,Federal Contract Tower,0,27,17,0,44,0,0,27,0,27,0,27,44,0,71,20,0,20,91
01/11/2000,UCA,NY,AEA,EN,Federal Contract Tower,0,33,19,0,52,0,19,11,0,30,0,52,30,0,82,14,0,14,96
01/12/2000,UCA,NY,AEA,EN,Federal Contract Tower,0,39,22,2,63,0,9,14,6,29,0,48,36,8,92,18,6,24,116
01/13/2000,UCA,NY,AEA,EN,Federal Contract Tower,0,33,18,0,51,2,13,0,0,15,2,46,18,0,66,0,0,0,66
01/14/2000,UCA,NY,AEA,EN,Federal Contract Tower,0,34,20,0,54,0,8,39,0,47,0,42,59,0,101,46,0,46,147
01/15/2000,UCA,NY,AEA,EN,Federal Contract Tower,0,4,2,0,6,0,0,79,0,79,0,4,81,0,85,58,0,58,143
01/16/2000,UCA,NY,AEA,EN,Federal Contract Tower,0,2,0,0,2,0,2,0,0,2,0,4,0,0,4,0,0,0,4
01/17/2000,UCA,NY,AEA,EN,Federal Contract Tower,0,12,15,0,27,0,0,39,0,39,0,12,54,0,66,38,0,38,104
01/18/2000,UCA,NY,AEA,EN,Federal Contract Tower,0,37,27,1,65,0,0,35,8,43,0,37,62,9,108,48,14,62,170
01/19/2000,UCA,NY,AEA,EN,Federal Contract Tower,0,41,23,0,64,0,4,54,0,58,0,45,77,0,122,94,0,94,216
01/20/2000,UCA,NY,AEA,EN,Federal Contract Tower,0,41,28,1,70,0,0,0,9,9,0,41,28,10,79,0,0,0,79
01/21/2000,UCA,NY,AEA,EN,Federal Contract Tower,0,29,18,0,47,0,0,27,0,27,0,29,45,0,74,18,0,18,92
01/22/2000,UCA,NY,AEA,EN,Federal Contract Tower,0,4,5,0,9,0,0,27,0,27,0,4,32,0,36,50,0,50,86
01/23/2000,UCA,NY,AEA,EN,Federal Contract Tower,0,3,2,0,5,0,0,2,0,2,0,3,4,0,7,0,0,0,7
01/24/2000,UCA,NY,AEA,EN,Federal Contract Tower,0,24,13,0,37,0,4,33,1,38,0,28,46,1,75,80,0,80,155
01/25/2000,UCA,NY,AEA,EN,Federal Contract Tower,0,35,19,0,54,0,5,44,0,49,0,40,63,0,103,106,0,106,209
01/26/2000,UCA,NY,AEA,EN,Federal Contract Tower,0,36,19,0,55,0,10,0,0,10,0,46,19,0,65,0,0,0,65
01/27/2000,UCA,NY,AEA,EN,Federal Contract Tower,0,38,20,0,58,0,5,38,0,43,0,43,58,0,101,98,0,98,199
01/28/2000,UCA,NY,AEA,EN,Federal Contract Tower,0,36,19,0,55,0,1,58,0,59,0,37,77,0,114,94,0,94,208
01/29/2000,UCA,NY,AEA,EN,Federal Contract Tower,0,2,4,0,6,0,0,93,0,93,0,2,97,0,99,94,0,94,193
01/30/2000,UCA,NY,AEA,EN,Federal Contract Tower,0,10,6,0,16,0,0,37,0,37,0,10,43,0,53,96,0,96,149
01/31/2000,UCA,NY,AEA,EN,Federal Contract Tower,0,25,14,0,39,0,0,3,0,3,0,25,17,0,42,0,0,0,42
02/01/2000,UCA,NY,AEA,EN,Federal Contract Tower,0,30,17,0,47,0,17,0,0,17,0,47,17,0,64,0,0,0,64
02/02/2000,UCA,NY,AEA,EN,Federal Contract Tower,0,35,20,0,55,0,10,43,0,53,0,45,63,0,108,72,0,72,180
02/03/2000,UCA,NY,AEA,EN,Federal Contract Tower,0,38,21,2,61,0,6,18,0,24,0,44,39,2,85,8,0,8,93
02/04/2000,UCA,NY,AEA,EN,Federal Contract Tower,0,33,18,1,52,0,7,38,0,45,0,40,56,1,97,92,0,92,189
02/05/2000,UCA,NY,AEA,EN,Federal Contract Tower,0,5,5,1,11,0,0,41,4,45,0,5,46,5,56,98,0,98,154
02/06/2000,UCA,NY,AEA,EN,Federal Contract Tower,0,4,3,0,7,0,0,14,0,14,0,4,17,0,21,12,0,12,33
02/07/2000,UCA,NY,AEA,EN,Federal Contract Tower,0,31,24,4,59,0,0,30,18,48,0,31,54,22,107,42,10,52,159
02/08/2000,UCA,NY,AEA,EN,Federal Contract Tower,0,42,34,2,78,0,0,77,0,77,0,42,111,2,155,118,0,118,273
02/09/2000,UCA,NY,AEA,EN,Federal Contract Tower,0,41,29,0,70,0,0,32,0,32,0,41,61,0,102,110,0,110,212
02/10/2000,UCA,NY,AEA,EN,Federal Contract Tower,0,44,37,5,86,2,0,29,5,36,2,44,66,10,122,54,0,54,176
02/11/2000,UCA,NY,AEA,EN,Federal Contract Tower,0,32,18,0,50,0,10,4,0,14,0,42,22,0,64,0,0,0,64
02/12/2000,UCA,NY,AEA,EN,Federal Contract Tower,0,5,4,0,9,0,0,90,0,90,0,5,94,0,99,122,0,122,221
02/13/2000,UCA,NY,AEA,EN,Federal Contract Tower,0,6,7,0,13,0,0,42,0,42,0,6,49,0,55,72,0,72,127
02/14/2000,UCA,NY,AEA,EN,Federal Contract Tower,0,17,8,0,25,0,5,0,0,5,0,22,8,0,30,2,0,2,32
02/15/2000,UCA,NY,AEA,EN,Federal Contract Tower,0,45,23,3,71,0,10,43,0,53,0,55,66,3,124,98,0,98,222
02/16/2000,UCA,NY,AEA,EN,Federal Contract Tower,0,38,20,0,58,0,10,11,0,21,0,48,31,0,79,0,0,0,79
02/17/2000,UCA,NY,AEA,EN,Federal Contract Tower,0,34,19,0,53,0,14,92,0,106,0,48,111,0,159,134,0,134,293
02/18/2000,UCA,NY,AEA,EN,Federal Contract Tower,0,26,10,0,36,0,14,0,0,14,0,40,10,0,50,8,0,8,58
02/19/2000,UCA,NY,AEA,EN,Federal Contract Tower,0,4,2,0,6,0,0,10,0,10,0,4,12,0,16,66,0,66,82
02/20/2000,UCA,NY,AEA,EN,Federal Contract Tower,0,6,4,0,10,0,0,11,0,11,0,6,15,0,21,52,0,52,73
02/21/2000,UCA,NY,AEA,EN,Federal Contract Tower,0,11,9,0,20,0,0,28,0,28,0,11,37,0,48,18,0,18,66
02/22/2000,UCA,NY,AEA,EN,Federal Contract Tower,0,22,11,0,33,0,14,58,0,72,0,36,69,0,105,132,0,132,237
02/23/2000,UCA,NY,AEA,EN,Federal Contract Tower,0,41,23,2,66,0,10,55,8,73,0,51,78,10,139,114,12,126,265
02/24/2000,UCA,NY,AEA,EN,Federal Contract Tower,0,34,18,0,52,0,15,52,0,67,0,49,70,0,119,136,0,136,255
02/25/2000,UCA,NY,AEA,EN,Federal Contract Tower,0,33,18,0,51,0,5,15,0,20,0,38,33,0,71,0,0,0,71
02/26/2000,UCA,NY,AEA,EN,Federal Contract Tower,0,5,7,0,12,0,0,67,0,67,0,5,74,0,79,54,0,54,133
02/27/2000,UCA,NY,AEA,EN,Federal Contract Tower,0,1,3,0,4,0,0,20,0,20,0,1,23,0,24,32,0,32,56
02/28/2000,UCA,NY,AEA,EN,Federal Contract Tower,0,18,10,1,29,0,10,38,2,50,0,28,48,3,79,54,6,60,139
02/29/2000,UCA,NY,AEA,EN,Federal Contract Tower,0,49,27,1,77,0,17,83,0,100,0,66,110,1,177,106,0,106,283
03/01/2000,UCA,NY,AEA,EN,Federal Contract Tower,0,44,28,1,73,0,0,13,2,15,0,44,41,3,88,90,0,90,178
03/02/2000,UCA,NY,AEA,EN,Federal Contract Tower,1,48,30,0,79,2,3,0,0,5,3,51,30,0,84,0,0,0,84
03/03/2000,UCA,NY,AEA,EN,Federal Contract Tower,0,32,20,0,52,0,17,21,0,38,0,49,41,0,90,24,0,24,114
03/04/2000,UCA,NY,AEA,EN,Federal Contract Tower,0,6,9,0,15,0,0,119,0,119,0,6,128,0,134,68,0,68,202
03/05/2000,UCA,NY,AEA,EN,Federal Contract Tower,0,1,1,0,2,0,3,21,0,24,0,4,22,0,26,58,0,58,84
03/06/2000,UCA,NY,AEA,EN,Federal Contract Tower,0,26,18,0,44,0,0,111,0,111,0,26,129,0,155,124,0,124,279
03/07/2000,UCA,NY,AEA,EN,Federal Contract Tower,0,31,20,1,52,0,20,60,2,82,0,51,80,3,134,124,0,124,258
03/08/2000,UCA,NY,AEA,EN,Federal Contract Tower,0,40,26,0,66,0,6,86,0,92,0,46,112,0,158,128,0,128,286
03/09/2000,UCA,NY,AEA,EN,Federal Contract Tower,0,36,24,1,61,0,9,16,0,25,0,45,40,1,86,72,0,72,158
03/10/2000,UCA,NY,AEA,EN,Federal Contract Tower,0,35,23,1,59,0,12,53,0,65,0,47,76,1,124,92,0,92,216
03/11/2000,UCA,NY,AEA,EN,Federal Contract Tower,0,3,2,0,5,0,1,6,0,7,0,4,8,0,12,0,0,0,12
03/12/2000,UCA,NY,AEA,EN,Federal Contract Tower,0,2,1,0,3,0,2,0,0,2,0,4,1,0,5,0,0,0,5
03/13/2000,UCA,NY,AEA,EN,Federal Contract Tower,0,21,13,0,34,0,8,75,0,83,0,29,88,0,117,106,0,106,223
03/14/2000,UCA,NY,AEA,EN,Federal Contract Tower,0,38,23,0,61,0,19,52,0,71,0,57,75,0,132,86,0,86,218
03/15/2000,UCA,NY,AEA,EN,Federal Contract Tower,0,42,26,0,68,0,14,50,0,64,0,56,76,0,132,74,0,74,206
03/16/2000,UCA,NY,AEA,EN,Federal Contract Tower,0,35,21,0,56,0,24,5,0,29,0,59,26,0,85,0,0,0,85
03/17/2000,UCA,NY,AEA,EN,Federal Contract Tower,0,31,18,2,51,0,17,23,0,40,0,48,41,2,91,30,0,30,121
03/18/2000,UCA,NY,AEA,EN,Federal Contract Tower,0,2,5,0,7,0,0,89,0,89,0,2,94,0,96,130,0,130,226
03/19/2000,UCA,NY,AEA,EN,Federal Contract Tower,0,4,3,0,7,0,0,43,0,43,0,4,46,0,50,44,0,44,94
03/20/2000,UCA,NY,AEA,EN,Federal Contract Tower,0,27,19,0,46,2,0,53,0,55,2,27,72,0,101,96,0,96,197
03/21/2000,UCA,NY,AEA,EN,Federal Contract Tower,0,46,29,0,75,2,9,60,0,71,2,55,89,0,146,52,0,52,198
03/22/2000,UCA,NY,AEA,EN,Federal Contract Tower,0,44,41,2,87,0,0,72,1,73,0,44,113,3,160,154,0,154,314
03/23/2000,UCA,NY,AEA,EN,Federal Contract Tower,0,48,50,2,100,0,0,65,8,73,0,48,115,10,173,116,0,116,289
03/24/2000,UCA,NY,AEA,EN,Federal Contract Tower,0,36,22,1,59,0,7,100,1,108,0,43,122,2,167,264,0,264,431
03/25/2000,UCA,NY,AEA,EN,Federal Contract Tower,0,5,8,0,13,0,0,70,0,70,0,5,78,0,83,126,0,126,209
03/26/2000,UCA,NY,AEA,EN,Federal Contract Tower,0,3,2,0,5,0,0,8,0,8,0,3,10,0,13,0,0,0,13
03/27/2000,UCA,NY,AEA,EN,Federal Contract Tower,0,23,15,0,38,0,9,50,0,59,0,32,65,0,97,114,0,114,211
03/28/2000,UCA,NY,AEA,EN,Federal Contract Tower,0,36,20,1,57,0,8,0,7,15,0,44,20,8,72,0,4,4,76
03/29/2000,UCA,NY,AEA,EN,Federal Contract Tower,0,37,22,0,59,0,11,0,0,11,0,48,22,0,70,0,0,0,70
03/30/2000,UCA,NY,AEA,EN,Federal Contract Tower,0,45,28,1,74,0,7,16,24,47,0,52,44,25,121,32,0,32,153
03/31/2000,UCA,NY,AEA,EN,Federal Contract Tower,0,32,20,0,52,0,4,34,0,38,0,36,54,0,90,104,0,104,194
04/01/2000,UCA,NY,AEA,EN,Federal Contract Tower,0,5,3,0,8,0,0,89,0,89,0,5,92,0,97,80,0,80,177
04/02/2000,UCA,NY,AEA,EN,Federal Contract Tower,0,3,6,0,9,0,0,17,2,19,0,3,23,2,28,40,0,40,68
04/03/2000,UCA,NY,AEA,EN,Federal Contract Tower,0,24,15,0,39,0,6,7,0,13,0,30,22,0,52,0,0,0,52
04/04/2000,UCA,NY,AEA,EN,Federal Contract Tower,0,40,24,0,64,0,17,7,0,24,0,57,31,0,88,0,0,0,88
04/05/2000,UCA,NY,AEA,EN,Federal Contract Tower,0,37,22,0,59,0,8,6,0,14,0,45,28,0,73,16,0,16,89
04/06/2000,UCA,NY,AEA,EN,Federal Contract Tower,0,43,27,0,70,0,12,13,0,25,0,55,40,0,95,18,0,18,113
04/07/2000,UCA,NY,AEA,EN,Federal Contract Tower,0,29,18,0,47,0,15,59,1,75,0,44,77,1,122,76,0,76,198
04/08/2000,UCA,NY,AEA,EN,Federal Contract Tower,0,0,1,0,1,0,0,52,0,52,0,0,53,0,53,54,0,54,107
04/09/2000,UCA,NY,AEA,EN,Federal Contract Tower,0,1,0,0,1,0,0,1,0,1,0,1,1,0,2,0,0,0,2
04/10/2000,UCA,NY,AEA,EN,Federal Contract Tower,0,18,12,0,30,0,5,5,0,10,0,23,17,0,40,10,0,10,50
04/11/2000,UCA,NY,AEA,EN,Federal Contract Tower,0,37,23,2,62,0,11,41,0,52,0,48,64,2,114,64,0,64,178
04/12/2000,UCA,NY,AEA,EN,Federal Contract Tower,0,44,27,2,73,1,5,9,1,16,1,49,36,3,89,4,0,4,93
04/13/2000,UCA,NY,AEA,EN,Federal Contract Tower,0,39,24,0,63,2,13,100,0,115,2,52,124,0,178,132,0,132,310
04/14/2000,UCA,NY,AEA,EN,Federal Contract Tower,0,25,16,1,42,0,27,98,0,125,0,52,114,1,167,40,0,40,207
04/15/2000,UCA,NY,AEA,EN,Federal Contract Tower,0,2,6,0,8,0,0,93,0,93,0,2,99,0,101,94,0,94,195
04/16/2000,UCA,NY,AEA,EN,Federal Contract Tower,0,5,5,0,10,0,0,24,0,24,0,5,29,0,34,18,0,18,52
04/17/2000,UCA,NY,AEA,EN,Federal Contract Tower,0,23,15,0,38,0,0,58,0,58,0,23,73,0,96,60,0,60,156
04/18/2000,UCA,NY,AEA,EN,Federal Contract Tower,0,31,17,0,48,0,12,5,0,17,0,43,22,0,65,0,0,0,65
04/19/2000,UCA,NY,AEA,EN,Federal Contract Tower,0,44,26,1,71,0,4,98,1,103,0,48,124,2,174,132,0,132,306
04/20/2000,UCA,NY,AEA,EN,Federal Contract Tower,0,40,23,1,64,0,3,56,18,77,0,43,79,19,141,78,10,88,229
04/21/2000,UCA,NY,AEA,EN,Federal Contract Tower,0,31,18,0,49,2,9,0,0,11,2,40,18,0,60,0,0,0,60
04/22/2000,UCA,NY,AEA,EN,Federal Contract Tower,0,0,6,0,6,0,0,13,0,13,0,0,19,0,19,0,0,0,19
04/23/2000,UCA,NY,AEA,EN,Federal Contract Tower,0,4,6,0,10,3,0,12,0,15,3,4,18,0,25,22,0,22,47
04/24/2000,UCA,NY,AEA,EN,Federal Contract Tower,0,23,15,0,38,0,0,72,0,72,0,23,87,0,110,126,0,126,236
04/25/2000,UCA,NY,AEA,EN,Federal Contract Tower,0,40,24,1,65,0,8,106,7,121,0,48,130,8,186,104,6,110,296
04/26/2000,UCA,NY,AEA,EN,Federal Contract Tower,0,43,25,1,69,0,0,85,7,92,0,43,110,8,161,98,14,112,273
04/27/2000,UCA,NY,AEA,EN,Federal Contract Tower,0,38,23,0,61,0,6,8,0,14,0,44,31,0,75,14,0,14,89
04/28/2000,UCA,NY,AEA,EN,Federal Contract Tower,0,32,20,0,52,0,11,101,0,112,0,43,121,0,164,116,0,116,280
04/29/2000,UCA,NY,AEA,EN,Federal Contract Tower,0,1,5,0,6,0,0,109,0,109,0,1,114,0,115,70,0,70,185
04/30/2000,UCA,NY,AEA,EN,Federal Contract Tower,0,3,4,0,7,0,0,54,0,54,0,3,58,0,61,30,0,30,91
05/01/2000,UCA,NY,AEA,EN,Federal Contract Tower,0,27,30,0,57,0,0,31,1,32,0,27,61,1,89,58,0,58,147
05/02/2000,UCA,NY,AEA,EN,Federal Contract Tower,0,36,33,0,69,0,6,32,0,38,0,42,65,0,107,50,0,50,157
05/03/2000,UCA,NY,AEA,EN,Federal Contract Tower,0,45,41,0,86,0,0,103,0,103,0,45,144,0,189,54,0,54,243
05/04/2000,UCA,NY,AEA,EN,Federal Contract Tower,0,43,40,1,84,0,0,65,2,67,0,43,105,3,151,48,0,48,199
05/05/2000,UCA,NY,AEA,EN,Federal Contract Tower,0,25,22,0,47,0,11,22,0,33,0,36,44,0,80,28,0,28,108
05/06/2000,UCA,NY,AEA,EN,Federal Contract Tower,0,0,2,0,2,0,0,67,2,69,0,0,69,2,71,84,2,86,157
05/07/2000,UCA,NY,AEA,EN,Federal Contract Tower,0,2,2,0,4,0,0,22,0,22,0,2,24,0,26,12,0,12,38
05/08/2000,UCA,NY,AEA,EN,Federal Contract Tower,0,18,17,0,35,0,7,48,0,55,0,25,65,0,90,72,0,72,162
05/09/2000,UCA,NY,AEA,EN,Federal Contract Tower,0,31,29,0,60,0,14,58,0,72,0,45,87,0,132,86,0,86,218
05/10/2000,UCA,NY,AEA,EN,Federal Contract Tower,0,28,25,1,54,0,15,7,3,25,0,43,32,4,79,0,0,0,79
05/11/2000,UCA,NY,AEA,EN,Federal Contract Tower,0,44,39,0,83,2,1,84,0,87,2,45,123,0,170,100,0,100,270
05/12/2000,UCA,NY,AEA,EN,Federal Contract Tower,0,24,22,0,46,0,18,14,0,32,0,42,36,0,78,0,0,0,78
05/13/2000,UCA,NY,AEA,EN,Federal Contract Tower,0,0,2,0,2,2,0,25,0,27,2,0,27,0,29,36,0,36,65
05/14/2000,UCA,NY,AEA,EN,Federal Contract Tower,0,3,10,0,13,0,0,38,0,38,0,3,48,0,51,26,0,26,77
05/15/2000,UCA,NY,AEA,EN,Federal Contract Tower,0,19,18,1,38,0,5,56,0,61,0,24,74,1,99,86,0,86,185
05/16/2000,UCA,NY,AEA,EN,Federal Contract Tower,0,36,32,0,68,0,10,80,0,90,0,46,112,0,158,104,0,104,262
05/17/2000,UCA,NY,AEA,EN,Federal Contract Tower,0,39,35,0,74,0,6,72,0,78,0,45,107,0,152,72,0,72,224
05/18/2000,UCA,NY,AEA,EN,Federal Contract Tower,0,29,23,0,52,0,15,0,0,15,0,44,23,0,67,0,0,0,67
05/19/2000,UCA,NY,AEA,EN,Federal Contract Tower,0,30,27,0,57,0,10,15,0,25,0,40,42,0,82,32,0,32,114
05/20/2000,UCA,NY,AEA,EN,Federal Contract Tower,0,2,3,0,5,0,0,9,0,9,0,2,12,0,14,18,0,18,32
05/21/2000,UCA,NY,AEA,EN,Federal Contract Tower,0,5,11,0,16,0,0,20,0,20,0,5,31,0,36,0,0,0,36
05/22/2000,UCA,NY,AEA,EN,Federal Contract Tower,0,36,49,0,85,0,0,37,0,37,0,36,86,0,122,6,0,6,128
05/23/2000,UCA,NY,AEA,EN,Federal Contract Tower,0,43,43,0,86,2,0,49,0,51,2,43,92,0,137,84,0,84,221
05/24/2000,UCA,NY,AEA,EN,Federal Contract Tower,0,37,32,0,69,0,7,24,4,35,0,44,56,4,104,22,8,30,134
05/25/2000,UCA,NY,AEA,EN,Federal Contract Tower,0,36,32,0,68,0,5,17,1,23,0,41,49,1,91,58,0,58,149
05/26/2000,UCA,NY,AEA,EN,Federal Contract Tower,0,7,5,0,12,0,35,63,0,98,0,42,68,0,110,65,0,65,175
05/27/2000,UCA,NY,AEA,EN,Federal Contract Tower,0,1,1,0,2,0,0,67,0,67,0,1,68,0,69,58,0,58,127
05/28/2000,UCA,NY,AEA,EN,Federal Contract Tower,0,3,9,0,12,0,0,17,0,17,0,3,26,0,29,32,0,32,61
05/29/2000,UCA,NY,AEA,EN,Federal Contract Tower,0,4,15,0,19,0,0,37,8,45,0,4,52,8,64,18,6,24,88
05/30/2000,UCA,NY,AEA,EN,Federal Contract Tower,0,22,19,0,41,0,8,127,3,138,0,30,146,3,179,178,0,178,357
05/31/2000,UCA,NY,AEA,EN,Federal Contract Tower,0,30,26,0,56,0,14,92,0,106,0,44,118,0,162,136,0,136,298
06/01/2000,UCA,NY,AEA,EN,Federal Contract Tower,0,32,24,3,59,0,16,54,18,88,0,48,78,21,147,88,22,110,257
06/02/2000,UCA,NY,AEA,EN,Federal Contract Tower,0,34,26,3,63,0,14,15,1,30,0,48,41,4,93,30,0,30,123
06/03/2000,UCA,NY,AEA,EN,Federal Contract Tower,0,2,8,1,11,0,0,65,0,65,0,2,73,1,76,14,0,14,90
06/04/2000,UCA,NY,AEA,EN,Federal Contract Tower,0,4,10,0,14,0,0,74,0,74,0,4,84,0,88,72,0,72,160
06/05/2000,UCA,NY,AEA,EN,Federal Contract Tower,0,25,22,0,47,1,0,48,0,49,1,25,70,0,96,26,0,26,122
06/06/2000,UCA,NY,AEA,EN,Federal Contract Tower,0,48,38,6,92,0,0,0,16,16,0,48,38,22,108,0,2,2,110
06/07/2000,UCA,NY,AEA,EN,Federal Contract Tower,0,42,51,7,100,0,0,73,25,98,0,42,124,32,198,68,32,100,298
06/08/2000,UCA,NY,AEA,EN,Federal Contract Tower,0,42,33,4,79,0,4,39,14,57,0,46,72,18,136,28,28,56,192
06/09/2000,UCA,NY,AEA,EN,Federal Contract Tower,0,22,17,0,39,0,14,28,0,42,0,36,45,0,81,18,0,18,99
06/10/2000,UCA,NY,AEA,EN,Federal Contract Tower,0,0,7,1,8,0,0,69,1,70,0,0,76,2,78,16,0,16,94
06/11/2000,UCA,NY,AEA,EN,Federal Contract Tower,0,5,6,0,11,0,0,7,0,7,0,5,13,0,18,0,0,0,18
06/12/2000,UCA,NY,AEA,EN,Federal Contract Tower,0,25,24,0,49,0,0,11,0,11,0,25,35,0,60,0,0,0,60
06/13/2000,UCA,NY,AEA,EN,Federal Contract Tower,0,42,33,0,75,0,0,6,0,6,0,42,39,0,81,0,0,0,81
06/14/2000,UCA,NY,AEA,EN,Federal Contract Tower,0,45,42,0,87,0,0,30,0,30,0,45,72,0,117,8,0,8,125
06/15/2000,UCA,NY,AEA,EN,Federal Contract Tower,0,44,35,0,79,0,3,22,0,25,0,47,57,0,104,8,0,8,112
06/16/2000,UCA,NY,AEA,EN,Federal Contract Tower,0,23,18,0,41,0,13,40,0,53,0,36,58,0,94,36,0,36,130
06/17/2000,UCA,NY,AEA,EN,Federal Contract Tower,0,3,5,0,8,0,0,75,0,75,0,3,80,0,83,0,0,0,83
06/18/2000,UCA,NY,AEA,EN,Federal Contract Tower,0,4,8,1,13,0,0,45,3,48,0,4,53,4,61,24,0,24,85
06/19/2000,UCA,NY,AEA,EN,Federal Contract Tower,0,27,21,0,48,0,0,66,0,66,0,27,87,0,114,40,0,40,154
06/20/2000,UCA,NY,AEA,EN,Federal Contract Tower,0,32,25,2,59,0,14,120,2,136,0,46,145,4,195,134,12,146,341
06/21/2000,UCA,NY,AEA,EN,Federal Contract Tower,0,28,22,1,51,0,16,14,0,30,0,44,36,1,81,0,0,0,81
06/22/2000,UCA,NY,AEA,EN,Federal Contract Tower,0,30,24,0,54,0,16,45,0,61,0,46,69,0,115,132,0,132,247
06/23/2000,UCA,NY,AEA,EN,Federal Contract Tower,0,37,35,2,74,0,0,68,0,68,0,37,103,2,142,66,0,66,208
06/24/2000,UCA,NY,AEA,EN,Federal Contract Tower,0,0,2,0,2,0,0,92,2,94,0,0,94,2,96,78,0,78,174
06/25/2000,UCA,NY,AEA,EN,Federal Contract Tower,0,6,5,0,11,0,0,15,0,15,0,6,20,0,26,4,0,4,30
06/26/2000,UCA,NY,AEA,EN,Federal Contract Tower,0,34,26,1,61,2,0,53,0,55,2,34,79,1,116,94,0,94,210
06/27/2000,UCA,NY,AEA,EN,Federal Contract Tower,0,36,27,0,63,0,9,46,0,55,0,45,73,0,118,23,0,23,141
06/28/2000,UCA,NY,AEA,EN,Federal Contract Tower,0,41,31,0,72,0,6,116,0,122,0,47,147,0,194,150,0,150,344
06/29/2000,UCA,NY,AEA,EN,Federal Contract Tower,0,36,28,0,64,0,11,54,0,65,0,47,82,0,129,46,0,46,175
06/30/2000,UCA,NY,AEA,EN,Federal Contract Tower,0,27,20,0,47,0,15,53,0,68,0,42,73,0,115,44,0,44,159
07/01/2000,UCA,NY,AEA,EN,Federal Contract Tower,0,2,4,0,6,0,0,69,0,69,0,2,73,0,75,28,0,28,103
07/02/2000,UCA,NY,AEA,EN,Federal Contract Tower,0,5,4,0,9,0,1,36,0,37,0,6,40,0,46,16,0,16,62
07/03/2000,UCA,NY,AEA,EN,Federal Contract Tower,0,29,20,0,49,0,3,0,1,4,0,32,20,1,53,0,0,0,53
07/04/2000,UCA,NY,AEA,EN,Federal Contract Tower,0,24,19,0,43,0,4,49,0,53,0,28,68,0,96,22,0,22,118
07/05/2000,UCA,NY,AEA,EN,Federal Contract Tower,0,28,29,0,57,0,0,74,0,74,0,28,103,0,131,38,0,38,169
07/06/2000,UCA,NY,AEA,EN,Federal Contract Tower,0,42,33,0,75,0,3,88,0,91,0,45,121,0,166,76,0,76,242
07/07/2000,UCA,NY,AEA,EN,Federal Contract Tower,0,33,26,0,59,0,9,50,0,59,0,42,76,0,118,26,0,26,144
07/08/2000,UCA,NY,AEA,EN,Federal Contract Tower,0,1,2,0,3,0,0,80,0,80,0,1,82,0,83,68,0,68,151
07/09/2000,UCA,NY,AEA,EN,Federal Contract Tower,0,5,9,1,15,0,0,37,1,38,0,5,46,2,53,8,0,8,61
07/10/2000,UCA,NY,AEA,EN,Federal Contract Tower,0,20,15,0,35,0,6,18,0,24,0,26,33,0,59,6,0,6,65
07/11/2000,UCA,NY,AEA,EN,Federal Contract Tower,0,36,28,0,64,0,10,76,0,86,0,46,104,0,150,88,0,88,238
07/12/2000,UCA,NY,AEA,EN,Federal Contract Tower,0,26,20,0,46,0,17,98,0,115,0,43,118,0,161,74,0,74,235
07/13/2000,UCA,NY,AEA,EN,Federal Contract Tower,0,20,16,1,37,0,23,77,0,100,0,43,93,1,137,108,0,108,245
07/14/2000,UCA,NY,AEA,EN,Federal Contract Tower,0,27,20,0,47,0,7,27,0,34,0,34,47,0,81,9,0,9,90
07/15/2000,UCA,NY,AEA,EN,Federal Contract Tower,0,3,3,0,6,0,0,2,0,2,0,3,5,0,8,0,0,0,8
07/16/2000,UCA,NY,AEA,EN,Federal Contract Tower,0,7,9,0,16,0,0,21,0,21,0,7,30,0,37,0,0,0,37
07/17/2000,UCA,NY,AEA,EN,Federal Contract Tower,0,25,19,0,44,0,6,22,0,28,0,31,41,0,72,59,0,59,131
07/18/2000,UCA,NY,AEA,EN,Federal Contract Tower,0,32,24,0,56,0,11,8,3,22,0,43,32,3,78,26,1,27,105
07/19/2000,UCA,NY,AEA,EN,Federal Contract Tower,0,41,30,0,71,0,12,39,0,51,0,53,69,0,122,52,0,52,174
07/20/2000,UCA,NY,AEA,EN,Federal Contract Tower,0,34,25,0,59,0,11,118,0,129,0,45,143,0,188,114,0,114,302
07/21/2000,UCA,NY,AEA,EN,Federal Contract Tower,0,30,22,0,52,0,11,21,0,32,0,41,43,0,84,36,0,36,120
07/22/2000,UCA,NY,AEA,EN,Federal Contract Tower,0,7,7,0,14,0,0,32,2,34,0,7,39,2,48,22,0,22,70
07/23/2000,UCA,NY,AEA,EN,Federal Contract Tower,0,8,10,0,18,0,0,58,0,58,0,8,68,0,76,22,0,22,98
07/24/2000,UCA,NY,AEA,EN,Federal Contract Tower,0,31,36,0,67,0,0,82,1,83,0,31,118,1,150,78,0,78,228
07/25/2000,UCA,NY,AEA,EN,Federal Contract Tower,0,50,45,0,95,0,0,90,0,90,0,50,135,0,185,106,0,106,291
07/26/2000,UCA,NY,AEA,EN,Federal Contract Tower,0,43,41,0,84,0,0,59,0,59,0,43,100,0,143,66,0,66,209
07/27/2000,UCA,NY,AEA,EN,Federal Contract Tower,0,43,38,0,81,0,0,51,1,52,0,43,89,1,133,56,0,56,189
07/28/2000,UCA,NY,AEA,EN,Federal Contract Tower,0,28,20,0,48,0,10,13,1,24,0,38,33,1,72,42,0,42,114
07/29/2000,UCA,NY,AEA,EN,Federal Contract Tower,0,1,6,0,7,0,0,46,0,46,0,1,52,0,53,46,0,46,99
07/30/2000,UCA,NY,AEA,EN,Federal Contract Tower,0,7,8,0,15,0,0,9,0,9,0,7,17,0,24,0,0,0,24
07/31/2000,UCA,NY,AEA,EN,Federal Contract Tower,0,25,18,0,43,0,5,10,0,15,0,30,28,0,58,0,0,0,58
08/01/2000,UCA,NY,AEA,EN,Federal Contract Tower,0,33,24,0,57,0,9,11,0,20,0,42,35,0,77,22,0,22,99
08/02/2000,UCA,NY,AEA,EN,Federal Contract Tower,0,27,19,0,46,0,12,25,1,38,0,39,44,1,84,36,0,36,120
08/03/2000,UCA,NY,AEA,EN,Federal Contract Tower,0,35,25,0,60,0,6,44,0,50,0,41,69,0,110,70,0,70,180
08/04/2000,UCA,NY,AEA,EN,Federal Contract Tower,0,40,31,0,71,0,0,54,0,54,0,40,85,0,125,46,0,46,171
08/05/2000,UCA,NY,AEA,EN,Federal Contract Tower,0,1,3,0,4,0,0,67,0,67,0,1,70,0,71,70,0,70,141
08/06/2000,UCA,NY,AEA,EN,Federal Contract Tower,0,3,6,0,9,0,0,50,0,50,0,3,56,0,59,36,0,36,95
08/07/2000,UCA,NY,AEA,EN,Federal Contract Tower,0,23,17,0,40,0,0,30,0,30,0,23,47,0,70,24,0,24,94
08/08/2000,UCA,NY,AEA,EN,Federal Contract Tower,0,40,28,1,69,0,8,84,1,93,0,48,112,2,162,122,0,122,284
08/09/2000,UCA,NY,AEA,EN,Federal Contract Tower,0,37,27,0,64,0,12,43,0,55,0,49,70,0,119,68,0,68,187
08/10/2000,UCA,NY,AEA,EN,Federal Contract Tower,0,46,32,1,79,0,15,65,1,81,0,61,97,2,160,172,0,172,332
08/11/2000,UCA,NY,AEA,EN,Federal Contract Tower,0,37,26,0,63,0,8,24,0,32,0,45,50,0,95,52,0,52,147
08/12/2000,UCA,NY,AEA,EN,Federal Contract Tower,0,3,6,1,10,0,0,11,2,13,0,3,17,3,23,0,0,0,23
08/13/2000,UCA,NY,AEA,EN,Federal Contract Tower,0,7,9,0,16,0,0,71,0,71,0,7,80,0,87,48,0,48,135
08/14/2000,UCA,NY,AEA,EN,Federal Contract Tower,0,23,22,0,45,0,0,92,0,92,0,23,114,0,137,96,0,96,233
08/15/2000,UCA,NY,AEA,EN,Federal Contract Tower,0,36,29,0,65,0,0,91,2,93,0,36,120,2,158,80,0,80,238
08/16/2000,UCA,NY,AEA,EN,Federal Contract Tower,0,36,25,0,61,0,0,51,0,51,0,36,76,0,112,62,0,62,174
08/17/2000,UCA,NY,AEA,EN,Federal Contract Tower,0,45,33,0,78,0,0,65,6,71,0,45,98,6,149,116,0,116,265
08/18/2000,UCA,NY,AEA,EN,Federal Contract Tower,0,31,22,0,53,0,9,76,0,85,0,40,98,0,138,88,0,88,226
08/19/2000,UCA,NY,AEA,EN,Federal Contract Tower,0,1,6,0,7,0,0,67,0,67,0,1,73,0,74,90,0,90,164
08/20/2000,UCA,NY,AEA,EN,Federal Contract Tower,0,6,9,0,15,0,0,62,0,62,0,6,71,0,77,82,0,82,159
08/21/2000,UCA,NY,AEA,EN,Federal Contract Tower,0,26,19,0,45,0,0,83,0,83,0,26,102,0,128,82,0,82,210
08/22/2000,UCA,NY,AEA,EN,Federal Contract Tower,0,34,23,0,57,0,7,94,0,101,0,41,117,0,158,78,0,78,236
08/23/2000,UCA,NY,AEA,EN,Federal Contract Tower,0,42,30,0,72,0,0,2,0,2,0,42,32,0,74,0,0,0,74
08/24/2000,UCA,NY,AEA,EN,Federal Contract Tower,0,38,27,0,65,0,5,68,1,74,0,43,95,1,139,104,0,104,243
08/25/2000,UCA,NY,AEA,EN,Federal Contract Tower,0,41,28,0,69,0,0,101,3,104,0,41,129,3,173,118,0,118,291
08/26/2000,UCA,NY,AEA,EN,Federal Contract Tower,0,1,3,0,4,0,0,65,4,69,0,1,68,4,73,84,0,84,157
08/27/2000,UCA,NY,AEA,EN,Federal Contract Tower,0,7,7,0,14,0,0,16,0,16,0,7,23,0,30,4,0,4,34
08/28/2000,UCA,NY,AEA,EN,Federal Contract Tower,0,31,22,0,53,2,4,82,0,88,2,35,104,0,141,86,0,86,227
08/29/2000,UCA,NY,AEA,EN,Federal Contract Tower,0,40,28,0,68,0,3,68,1,72,0,43,96,1,140,90,0,90,230
08/30/2000,UCA,NY,AEA,EN,Federal Contract Tower,0,37,25,0,62,0,5,77,2,84,0,42,102,2,146,152,0,152,298
08/31/2000,UCA,NY,AEA,EN,Federal Contract Tower,0,34,23,0,57,0,9,52,0,61,0,43,75,0,118,54,0,54,172
09/01/2000,UCA,NY,AEA,EN,Federal Contract Tower,0,28,21,0,49,0,14,79,0,93,0,42,100,0,142,100,0,100,242
09/02/2000,UCA,NY,AEA,EN,Federal Contract Tower,0,1,3,0,4,0,0,30,0,30,0,1,33,0,34,54,0,54,88
09/03/2000,UCA,NY,AEA,EN,Federal Contract Tower,0,4,3,0,7,0,1,4,0,5,0,5,7,0,12,0,0,0,12
09/04/2000,UCA,NY,AEA,EN,Federal Contract Tower,0,12,11,0,23,0,0,46,0,46,0,12,57,0,69,0,0,0,69
09/05/2000,UCA,NY,AEA,EN,Federal Contract Tower,0,24,18,0,42,0,2,83,0,85,0,26,101,0,127,63,0,63,190
09/06/2000,UCA,NY,AEA,EN,Federal Contract Tower,0,37,28,0,65,0,2,104,0,106,0,39,132,0,171,136,0,136,307
09/07/2000,UCA,NY,AEA,EN,Federal Contract Tower,0,41,32,0,73,0,2,74,0,76,0,43,106,0,149,94,0,94,243
09/08/2000,UCA,NY,AEA,EN,Federal Contract Tower,0,23,18,0,41,0,12,37,0,49,0,35,55,0,90,46,0,46,136
09/09/2000,UCA,NY,AEA,EN,Federal Contract Tower,0,1,4,0,5,0,0,7,0,7,0,1,11,0,12,2,0,2,14
09/10/2000,UCA,NY,AEA,EN,Federal Contract Tower,0,12,8,0,20,0,2,31,0,33,0,14,39,0,53,36,0,36,89
09/11/2000,UCA,NY,AEA,EN,Federal Contract Tower,0,24,24,0,48,0,0,34,0,34,0,24,58,0,82,52,0,52,134
09/12/2000,UCA,NY,AEA,EN,Federal Contract Tower,0,43,34,0,77,0,0,27,0,27,0,43,61,0,104,0,0,0,104
09/13/2000,UCA,NY,AEA,EN,Federal Contract Tower,0,40,34,0,74,1,0,65,0,66,1,40,99,0,140,82,0,82,222
09/14/2000,UCA,NY,AEA,EN,Federal Contract Tower,0,45,34,0,79,1,0,74,0,75,1,45,108,0,154,114,0,114,268
09/15/2000,UCA,NY,AEA,EN,Federal Contract Tower,0,30,20,0,50,0,7,0,0,7,0,37,20,0,57,18,0,18,75
09/16/2000,UCA,NY,AEA,EN,Federal Contract Tower,0,1,2,0,3,0,0,31,0,31,0,1,33,0,34,26,0,26,60
09/17/2000,UCA,NY,AEA,EN,Federal Contract Tower,0,4,3,0,7,0,1,45,0,46,0,5,48,0,53,4,0,4,57
09/18/2000,UCA,NY,AEA,EN,Federal Contract Tower,0,21,15,0,36,0,3,58,0,61,0,24,73,0,97,124,0,124,221
09/19/2000,UCA,NY,AEA,EN,Federal Contract Tower,0,34,25,0,59,0,10,45,0,55,0,44,70,0,114,98,0,98,212
09/20/2000,UCA,NY,AEA,EN,Federal Contract Tower,0,30,22,0,52,0,10,51,0,61,0,40,73,0,113,110,0,110,223
09/21/2000,UCA,NY,AEA,EN,Federal Contract Tower,0,32,18,0,50,0,8,0,0,8,0,40,18,0,58,0,0,0,58
09/22/2000,UCA,NY,AEA,EN,Federal Contract Tower,0,25,17,0,42,0,7,51,0,58,0,32,68,0,100,130,0,130,230
09/23/2000,UCA,NY,AEA,EN,Federal Contract Tower,0,1,1,0,2,0,0,2,0,2,0,1,3,0,4,0,0,0,4
09/24/2000,UCA,NY,AEA,EN,Federal Contract Tower,0,5,4,0,9,0,0,10,0,10,0,5,14,0,19,0,0,0,19
09/25/2000,UCA,NY,AEA,EN,Federal Contract Tower,0,22,15,0,37,4,9,93,0,106,4,31,108,0,143,112,0,112,255
09/26/2000,UCA,NY,AEA,EN,Federal Contract Tower,0,48,39,0,87,0,0,63,6,69,0,48,102,6,156,108,0,108,264
09/27/2000,UCA,NY,AEA,EN,Federal Contract Tower,0,43,33,0,76,0,0,67,0,67,0,43,100,0,143,124,0,124,267
09/28/2000,UCA,NY,AEA,EN,Federal Contract Tower,0,37,26,0,63,0,1,72,0,73,0,38,98,0,136,98,0,98,234
09/29/2000,UCA,NY,AEA,EN,Federal Contract Tower,0,21,15,0,36,0,7,92,3,102,0,28,107,3,138,138,0,138,276
09/30/2000,UCA,NY,AEA,EN,Federal Contract Tower,0,4,2,0,6,0,0,92,11,103,0,4,94,11,109,122,12,134,243
10/01/2000,UCA,NY,AEA,EN,Federal Contract Tower,0,9,8,0,17,0,0,91,0,91,0,9,99,0,108,66,0,66,174
10/02/2000,UCA,NY,AEA,EN,Federal Contract Tower,0,28,22,0,50,0,0,85,1,86,0,28,107,1,136,68,0,68,204
10/03/2000,UCA,NY,AEA,EN,Federal Contract Tower,0,40,33,0,73,0,0,61,0,61,0,40,94,0,134,82,0,82,216
10/04/2000,UCA,NY,AEA,EN,Federal Contract Tower,0,36,30,0,66,0,18,44,0,62,0,54,74,0,128,56,0,56,184
10/05/2000,UCA,NY,AEA,EN,Federal Contract Tower,0,28,25,0,53,0,0,3,0,3,0,28,28,0,56,0,0,0,56
10/06/2000,UCA,NY,AEA,EN,Federal Contract Tower,0,23,19,0,42,0,5,6,0,11,0,28,25,0,53,0,0,0,53
10/07/2000,UCA,NY,AEA,EN,Federal Contract Tower,0,6,6,0,12,0,2,26,0,28,0,8,32,0,40,74,0,74,114
10/08/2000,UCA,NY,AEA,EN,Federal Contract Tower,0,5,4,0,9,0,4,0,0,4,0,9,4,0,13,0,0,0,13
10/09/2000,UCA,NY,AEA,EN,Federal Contract Tower,0,7,6,0,13,0,1,19,0,20,0,8,25,0,33,44,0,44,77
10/10/2000,UCA,NY,AEA,EN,Federal Contract Tower,0,29,24,0,53,0,3,28,0,31,0,32,52,0,84,18,0,18,102
10/11/2000,UCA,NY,AEA,EN,Federal Contract Tower,0,33,26,0,59,0,10,54,2,66,0,43,80,2,125,88,0,88,213
10/12/2000,UCA,NY,AEA,EN,Federal Contract Tower,0,30,23,1,54,0,12,62,0,74,0,42,85,1,128,138,0,138,266
10/13/2000,UCA,NY,AEA,EN,Federal Contract Tower,0,24,19,0,43,0,8,89,0,97,0,32,108,0,140,66,0,66,206
10/14/2000,UCA,NY,AEA,EN,Federal Contract Tower,0,1,0,0,1,0,0,73,0,73,0,1,73,0,74,40,0,40,114
10/15/2000,UCA,NY,AEA,EN,Federal Contract Tower,0,8,6,0,14,0,0,32,0,32,0,8,38,0,46,34,0,34,80
10/16/2000,UCA,NY,AEA,EN,Federal Contract Tower,0,18,25,1,44,0,0,17,1,18,0,18,42,2,62,0,0,0,62
10/17/2000,UCA,NY,AEA,EN,Federal Contract Tower,0,38,38,1,77,0,0,20,0,20,0,38,58,1,97,20,0,20,117
10/18/2000,UCA,NY,AEA,EN,Federal Contract Tower,0,48,43,0,91,0,0,55,0,55,0,48,98,0,146,48,0,48,194
10/19/2000,UCA,NY,AEA,EN,Federal Contract Tower,0,46,39,0,85,0,0,36,0,36,0,46,75,0,121,66,0,66,187
10/20/2000,UCA,NY,AEA,EN,Federal Contract Tower,0,23,17,0,40,1,12,63,0,76,1,35,80,0,116,78,0,78,194
10/21/2000,UCA,NY,AEA,EN,Federal Contract Tower,0,6,4,0,10,0,0,59,0,59,0,6,63,0,69,62,0,62,131
10/22/2000,UCA,NY,AEA,EN,Federal Contract Tower,0,5,5,0,10,0,0,54,0,54,0,5,59,0,64,60,0,60,124
10/23/2000,UCA,NY,AEA,EN,Federal Contract Tower,0,18,17,0,35,0,0,88,0,88,0,18,105,0,123,90,0,90,213
10/24/2000,UCA,NY,AEA,EN,Federal Contract Tower,0,41,32,0,73,0,3,41,4,48,0,44,73,4,121,68,0,68,189
10/25/2000,UCA,NY,AEA,EN,Federal Contract Tower,0,35,27,0,62,0,0,52,0,52,0,35,79,0,114,72,0,72,186
10/26/2000,UCA,NY,AEA,EN,Federal Contract Tower,0,36,27,0,63,0,8,61,1,70,0,44,88,1,133,86,0,86,219
10/27/2000,UCA,NY,AEA,EN,Federal Contract Tower,0,22,16,0,38,0,15,19,0,34,0,37,35,0,72,30,0,30,102
10/28/2000,UCA,NY,AEA,EN,Federal Contract Tower,0,4,3,0,7,0,0,6,0,6,0,4,9,0,13,4,0,4,17
10/29/2000,UCA,NY,AEA,EN,Federal Contract Tower,0,8,5,0,13,0,1,13,0,14,0,9,18,0,27,26,0,26,53
10/30/2000,UCA,NY,AEA,EN,Federal Contract Tower,0,20,14,0,34,0,4,30,0,34,0,24,44,0,68,10,0,10,78
10/31/2000,UCA,NY,AEA,EN,Federal Contract Tower,0,35,27,0,62,1,15,71,2,89,1,50,98,2,151,44,0,44,195
11/01/2000,UCA,NY,AEA,EN,Federal Contract Tower,0,20,16,0,36,0,19,119,5,143,0,39,135,5,179,112,0,112,291
11/02/2000,UCA,NY,AEA,EN,Federal Contract Tower,0,25,20,0,45,0,22,86,13,121,0,47,106,13,166,102,4,106,272
11/03/2000,UCA,NY,AEA,EN,Federal Contract Tower,0,35,27,0,62,0,8,66,0,74,0,43,93,0,136,90,0,90,226
11/04/2000,UCA,NY,AEA,EN,Federal Contract Tower,0,4,6,0,10,0,0,30,0,30,0,4,36,0,40,41,0,41,81
11/05/2000,UCA,NY,AEA,EN,Federal Contract Tower,0,5,3,0,8,0,0,14,0,14,0,5,17,0,22,16,0,16,38
11/06/2000,UCA,NY,AEA,EN,Federal Contract Tower,0,28,26,0,54,0,0,56,0,56,0,28,82,0,110,64,0,64,174
11/07/2000,UCA,NY,AEA,EN,Federal Contract Tower,0,47,39,0,86,0,0,67,0,67,0,47,106,0,153,48,0,48,201
11/08/2000,UCA,NY,AEA,EN,Federal Contract Tower,0,48,39,0,87,0,0,40,0,40,0,48,79,0,127,122,0,122,249
11/09/2000,UCA,NY,AEA,EN,Federal Contract Tower,0,46,37,0,83,2,3,20,0,25,2,49,57,0,108,46,0,46,154
11/10/2000,UCA,NY,AEA,EN,Federal Contract Tower,0,34,21,0,55,0,15,0,0,15,0,49,21,0,70,0,0,0,70
11/11/2000,UCA,NY,AEA,EN,Federal Contract Tower,0,1,7,0,8,0,0,15,0,15,0,1,22,0,23,56,0,56,79
11/12/2000,UCA,NY,AEA,EN,Federal Contract Tower,0,8,11,0,19,0,0,25,0,25,0,8,36,0,44,24,0,24,68
11/13/2000,UCA,NY,AEA,EN,Federal Contract Tower,0,20,16,0,36,0,7,7,0,14,0,27,23,0,50,10,0,10,60
11/14/2000,UCA,NY,AEA,EN,Federal Contract Tower,0,34,28,0,62,0,20,9,0,29,0,54,37,0,91,4,0,4,95
11/15/2000,UCA,NY,AEA,EN,Federal Contract Tower,0,33,27,0,60,0,19,13,0,32,0,52,40,0,92,2,0,2,94
11/16/2000,UCA,NY,AEA,EN,Federal Contract Tower,0,28,24,0,52,0,24,67,0,91,0,52,91,0,143,78,2,80,223
11/17/2000,UCA,NY,AEA,EN,Federal Contract Tower,0,24,20,0,44,0,13,10,0,23,0,37,30,0,67,28,0,28,95
11/18/2000,UCA,NY,AEA,EN,Federal Contract Tower,0,0,0,0,0,0,1,1,0,2,0,1,1,0,2,0,0,0,2
11/19/2000,UCA,NY,AEA,EN,Federal Contract Tower,0,5,4,0,9,0,0,72,2,74,0,5,76,2,83,92,0,92,175
11/20/2000,UCA,NY,AEA,EN,Federal Contract Tower,0,25,19,0,44,0,4,42,0,46,0,29,61,0,90,80,0,80,170
11/21/2000,UCA,NY,AEA,EN,Federal Contract Tower,0,32,27,0,59,2,0,11,0,13,2,32,38,0,72,98,0,98,170
11/22/2000,UCA,NY,AEA,EN,Federal Contract Tower,0,40,34,0,74,0,0,5,0,5,0,40,39,0,79,0,0,0,79
11/23/2000,UCA,NY,AEA,EN,Federal Contract Tower,0,21,10,0,31,0,5,0,0,5,0,26,10,0,36,0,0,0,36
11/24/2000,UCA,NY,AEA,EN,Federal Contract Tower,0,7,4,0,11,0,13,54,0,67,0,20,58,0,78,46,0,46,124
11/25/2000,UCA,NY,AEA,EN,Federal Contract Tower,0,3,3,0,6,0,0,49,0,49,0,3,52,0,55,58,0,58,113
11/26/2000,UCA,NY,AEA,EN,Federal Contract Tower,0,6,5,0,11,0,0,1,0,1,0,6,6,0,12,0,0,0,12
11/27/2000,UCA,NY,AEA,EN,Federal Contract Tower,0,26,42,0,68,1,0,27,0,28,1,26,69,0,96,0,0,0,96
11/28/2000,UCA,NY,AEA,EN,Federal Contract Tower,0,40,35,0,75,1,0,25,0,26,1,40,60,0,101,78,0,78,179
11/29/2000,UCA,NY,AEA,EN,Federal Contract Tower,0,37,29,0,66,0,5,62,0,67,0,42,91,0,133,66,0,66,199
11/30/2000,UCA,NY,AEA,EN,Federal Contract Tower,0,45,42,0,87,0,0,7,1,8,0,45,49,1,95,0,0,0,95
12/01/2000,UCA,NY,AEA,EN,Federal Contract Tower,0,20,16,0,36,0,19,119,5,143,0,39,135,5,179,112,0,112,291
12/02/2000,UCA,NY,AEA,EN,Federal Contract Tower,0,25,20,0,45,0,22,86,13,121,0,47,106,13,166,102,4,106,272
12/03/2000,UCA,NY,AEA,EN,Federal Contract Tower,0,35,27,0,62,0,8,66,0,74,0,43,93,0,136,90,0,90,226
12/04/2000,UCA,NY,AEA,EN,Federal Contract Tower,0,4,6,0,10,0,0,30,0,30,0,4,36,0,40,41,0,41,81
12/05/2000,UCA,NY,AEA,EN,Federal Contract Tower,0,5,3,0,8,0,0,14,0,14,0,5,17,0,22,16,0,16,38
12/06/2000,UCA,NY,AEA,EN,Federal Contract Tower,0,28,26,0,54,0,0,56,0,56,0,28,82,0,110,64,0,64,174
12/07/2000,UCA,NY,AEA,EN,Federal Contract Tower,0,47,39,0,86,0,0,67,0,67,0,47,106,0,153,48,0,48,201
12/08/2000,UCA,NY,AEA,EN,Federal Contract Tower,0,48,39,0,87,0,0,40,0,40,0,48,79,0,127,122,0,122,249
12/09/2000,UCA,NY,AEA,EN,Federal Contract Tower,0,46,37,0,83,2,3,20,0,25,2,49,57,0,108,46,0,46,154
12/10/2000,UCA,NY,AEA,EN,Federal Contract Tower,0,34,21,0,55,0,15,0,0,15,0,49,21,0,70,0,0,0,70
12/11/2000,UCA,NY,AEA,EN,Federal Contract Tower,0,1,7,0,8,0,0,15,0,15,0,1,22,0,23,56,0,56,79
12/12/2000,UCA,NY,AEA,EN,Federal Contract Tower,0,8,11,0,19,0,0,25,0,25,0,8,36,0,44,24,0,24,68
12/13/2000,UCA,NY,AEA,EN,Federal Contract Tower,0,20,16,0,36,0,7,7,0,14,0,27,23,0,50,10,0,10,60
12/14/2000,UCA,NY,AEA,EN,Federal Contract Tower,0,34,28,0,62,0,20,9,0,29,0,54,37,0,91,4,0,4,95
12/15/2000,UCA,NY,AEA,EN,Federal Contract Tower,0,33,27,0,60,0,19,13,0,32,0,52,40,0,92,2,0,2,94
12/16/2000,UCA,NY,AEA,EN,Federal Contract Tower,0,28,24,0,52,0,24,67,0,91,0,52,91,0,143,78,2,80,223
12/17/2000,UCA,NY,AEA,EN,Federal Contract Tower,0,24,20,0,44,0,13,10,0,23,0,37,30,0,67,28,0,28,95
12/18/2000,UCA,NY,AEA,EN,Federal Contract Tower,0,0,0,0,0,0,1,1,0,2,0,1,1,0,2,0,0,0,2
12/19/2000,UCA,NY,AEA,EN,Federal Contract Tower,0,5,4,0,9,0,0,72,2,74,0,5,76,2,83,92,0,92,175
12/20/2000,UCA,NY,AEA,EN,Federal Contract Tower,0,25,19,0,44,0,4,42,0,46,0,29,61,0,90,80,0,80,170
12/21/2000,UCA,NY,AEA,EN,Federal Contract Tower,0,32,27,0,59,2,0,11,0,13,2,32,38,0,72,98,0,98,170
12/22/2000,UCA,NY,AEA,EN,Federal Contract Tower,0,40,34,0,74,0,0,5,0,5,0,40,39,0,79,0,0,0,79
12/23/2000,UCA,NY,AEA,EN,Federal Contract Tower,0,21,10,0,31,0,5,0,0,5,0,26,10,0,36,0,0,0,36
12/24/2000,UCA,NY,AEA,EN,Federal Contract Tower,0,7,4,0,11,0,13,54,0,67,0,20,58,0,78,46,0,46,124
12/25/2000,UCA,NY,AEA,EN,Federal Contract Tower,0,3,3,0,6,0,0,49,0,49,0,3,52,0,55,58,0,58,113
12/26/2000,UCA,NY,AEA,EN,Federal Contract Tower,0,6,5,0,11,0,0,1,0,1,0,6,6,0,12,0,0,0,12
12/27/2000,UCA,NY,AEA,EN,Federal Contract Tower,0,26,42,0,68,1,0,27,0,28,1,26,69,0,96,0,0,0,96
12/28/2000,UCA,NY,AEA,EN,Federal Contract Tower,0,40,35,0,75,1,0,25,0,26,1,40,60,0,101,78,0,78,179
12/29/2000,UCA,NY,AEA,EN,Federal Contract Tower,0,37,29,0,66,0,5,62,0,67,0,42,91,0,133,66,0,66,199
12/30/2000,UCA,NY,AEA,EN,Federal Contract Tower,0,45,42,0,87,0,0,7,1,8,0,45,49,1,95,0,0,0,95
12/31/2000,UCA,NY,AEA,EN,Federal Contract Tower,0,0,0,0,0,0,0,0,0,0,0,0,0,0,0,0,0,0,0
01/01/2001,UCA,NY,AEA,EN,Federal Contract Tower,0,20,16,0,36,0,19,119,5,143,0,39,135,5,179,112,0,112,291
01/02/2001,UCA,NY,AEA,EN,Federal Contract Tower,0,25,20,0,45,0,22,86,13,121,0,47,106,13,166,102,4,106,272
01/03/2001,UCA,NY,AEA,EN,Federal Contract Tower,0,35,27,0,62,0,8,66,0,74,0,43,93,0,136,90,0,90,226
01/04/2001,UCA,NY,AEA,EN,Federal Contract Tower,0,4,6,0,10,0,0,30,0,30,0,4,36,0,40,41,0,41,81
01/05/2001,UCA,NY,AEA,EN,Federal Contract Tower,0,5,3,0,8,0,0,14,0,14,0,5,17,0,22,16,0,16,38
01/06/2001,UCA,NY,AEA,EN,Federal Contract Tower,0,28,26,0,54,0,0,56,0,56,0,28,82,0,110,64,0,64,174
01/07/2001,UCA,NY,AEA,EN,Federal Contract Tower,0,47,39,0,86,0,0,67,0,67,0,47,106,0,153,48,0,48,201
01/08/2001,UCA,NY,AEA,EN,Federal Contract Tower,0,48,39,0,87,0,0,40,0,40,0,48,79,0,127,122,0,122,249
01/09/2001,UCA,NY,AEA,EN,Federal Contract Tower,0,46,37,0,83,2,3,20,0,25,2,49,57,0,108,46,0,46,154
01/10/2001,UCA,NY,AEA,EN,Federal Contract Tower,0,34,21,0,55,0,15,0,0,15,0,49,21,0,70,0,0,0,70
01/11/2001,UCA,NY,AEA,EN,Federal Contract Tower,0,1,7,0,8,0,0,15,0,15,0,1,22,0,23,56,0,56,79
01/12/2001,UCA,NY,AEA,EN,Federal Contract Tower,0,8,11,0,19,0,0,25,0,25,0,8,36,0,44,24,0,24,68
01/13/2001,UCA,NY,AEA,EN,Federal Contract Tower,0,20,16,0,36,0,7,7,0,14,0,27,23,0,50,10,0,10,60
01/14/2001,UCA,NY,AEA,EN,Federal Contract Tower,0,34,28,0,62,0,20,9,0,29,0,54,37,0,91,4,0,4,95
01/15/2001,UCA,NY,AEA,EN,Federal Contract Tower,0,33,27,0,60,0,19,13,0,32,0,52,40,0,92,2,0,2,94
01/16/2001,UCA,NY,AEA,EN,Federal Contract Tower,0,29,22,0,51,0,23,69,0,92,0,52,91,0,143,78,2,80,223
01/17/2001,UCA,NY,AEA,EN,Federal Contract Tower,0,25,19,0,44,0,12,11,0,23,0,37,30,0,67,28,0,28,95
01/18/2001,UCA,NY,AEA,EN,Federal Contract Tower,0,1,0,0,1,0,0,1,0,1,0,1,1,0,2,0,0,0,2
01/19/2001,UCA,NY,AEA,EN,Federal Contract Tower,0,5,4,0,9,0,0,72,2,74,0,5,76,2,83,92,0,92,175
01/20/2001,UCA,NY,AEA,EN,Federal Contract Tower,0,25,19,0,44,0,4,42,0,46,0,29,61,0,90,80,0,80,170
01/21/2001,UCA,NY,AEA,EN,Federal Contract Tower,0,32,27,0,59,2,0,11,0,13,2,32,38,0,72,98,0,98,170
01/22/2001,UCA,NY,AEA,EN,Federal Contract Tower,0,40,34,0,74,0,0,5,0,5,0,40,39,0,79,0,0,0,79
01/23/2001,UCA,NY,AEA,EN,Federal Contract Tower,0,21,10,0,31,0,5,0,0,5,0,26,10,0,36,0,0,0,36
01/24/2001,UCA,NY,AEA,EN,Federal Contract Tower,0,7,4,0,11,0,13,54,0,67,0,20,58,0,78,46,0,46,124
01/25/2001,UCA,NY,AEA,EN,Federal Contract Tower,0,3,3,0,6,0,0,49,0,49,0,3,52,0,55,58,0,58,113
01/26/2001,UCA,NY,AEA,EN,Federal Contract Tower,0,6,5,0,11,0,0,1,0,1,0,6,6,0,12,0,0,0,12
01/27/2001,UCA,NY,AEA,EN,Federal Contract Tower,0,26,42,0,68,1,0,27,0,28,1,26,69,0,96,0,0,0,96
01/28/2001,UCA,NY,AEA,EN,Federal Contract Tower,0,40,35,0,75,1,0,25,0,26,1,40,60,0,101,78,0,78,179
01/29/2001,UCA,NY,AEA,EN,Federal Contract Tower,0,37,29,0,66,0,5,62,0,67,0,42,91,0,133,66,0,66,199
01/30/2001,UCA,NY,AEA,EN,Federal Contract Tower,0,45,42,0,87,0,0,7,1,8,0,45,49,1,95,0,0,0,95
01/31/2001,UCA,NY,AEA,EN,Federal Contract Tower,0,19,12,0,31,0,12,0,10,22,0,31,12,10,53,0,22,22,75
02/01/2001,UCA,NY,AEA,EN,Federal Contract Tower,0,32,20,0,52,0,17,9,0,26,0,49,29,0,78,26,0,26,104
02/02/2001,UCA,NY,AEA,EN,Federal Contract Tower,0,30,19,0,49,0,1,14,0,15,0,31,33,0,64,10,0,10,74
02/03/2001,UCA,NY,AEA,EN,Federal Contract Tower,0,0,2,0,2,0,0,38,0,38,0,0,40,0,40,42,0,42,82
02/04/2001,UCA,NY,AEA,EN,Federal Contract Tower,0,4,6,0,10,0,0,47,1,48,0,4,53,1,58,44,0,44,102
02/05/2001,UCA,NY,AEA,EN,Federal Contract Tower,0,14,10,0,24,0,3,9,0,12,0,17,19,0,36,6,0,6,42
02/06/2001,UCA,NY,AEA,EN,Federal Contract Tower,0,34,22,0,56,0,10,11,0,21,0,44,33,0,77,0,0,0,77
02/07/2001,UCA,NY,AEA,EN,Federal Contract Tower,0,31,20,0,51,0,9,10,0,19,0,40,30,0,70,40,0,40,110
02/08/2001,UCA,NY,AEA,EN,Federal Contract Tower,0,30,19,0,49,0,8,2,0,10,0,38,21,0,59,0,0,0,59
02/09/2001,UCA,NY,AEA,EN,Federal Contract Tower,0,25,15,0,40,0,5,12,0,17,0,30,27,0,57,4,0,4,61
02/10/2001,UCA,NY,AEA,EN,Federal Contract Tower,0,0,0,0,0,0,0,2,0,2,0,0,2,0,2,0,0,0,2
02/11/2001,UCA,NY,AEA,EN,Federal Contract Tower,0,2,3,0,5,2,0,34,0,36,2,2,37,0,41,32,0,32,73
02/12/2001,UCA,NY,AEA,EN,Federal Contract Tower,0,17,12,0,29,2,0,42,0,44,2,17,54,0,73,76,0,76,149
02/13/2001,UCA,NY,AEA,EN,Federal Contract Tower,0,33,21,1,55,0,7,72,1,80,0,40,93,2,135,170,0,170,305
02/14/2001,UCA,NY,AEA,EN,Federal Contract Tower,0,26,10,0,36,0,11,0,0,11,0,37,10,0,47,47,0,47,94
02/15/2001,UCA,NY,AEA,EN,Federal Contract Tower,0,34,22,0,56,0,1,38,0,39,0,35,60,0,95,60,0,60,155
02/16/2001,UCA,NY,AEA,EN,Federal Contract Tower,0,24,14,0,38,0,6,17,0,23,0,30,31,0,61,102,0,102,163
02/17/2001,UCA,NY,AEA,EN,Federal Contract Tower,0,2,1,0,3,0,0,2,0,2,0,2,3,0,5,6,0,6,11
02/18/2001,UCA,NY,AEA,EN,Federal Contract Tower,0,2,4,0,6,1,0,26,0,27,1,2,30,0,33,20,0,20,53
02/19/2001,UCA,NY,AEA,EN,Federal Contract Tower,0,5,7,0,12,0,0,49,0,49,0,5,56,0,61,64,0,64,125
02/20/2001,UCA,NY,AEA,EN,Federal Contract Tower,0,19,12,0,31,0,1,44,0,45,0,20,56,0,76,104,0,104,180
02/21/2001,UCA,NY,AEA,EN,Federal Contract Tower,0,30,17,0,47,0,0,0,0,0,0,30,17,0,47,0,0,0,47
02/22/2001,UCA,NY,AEA,EN,Federal Contract Tower,0,36,23,0,59,0,0,31,2,33,0,36,54,2,92,44,40,84,176
02/23/2001,UCA,NY,AEA,EN,Federal Contract Tower,0,28,17,0,45,0,2,0,0,2,0,30,17,0,47,2,0,2,49
02/24/2001,UCA,NY,AEA,EN,Federal Contract Tower,0,3,6,0,9,0,0,77,0,77,0,3,83,0,86,126,0,126,212
02/25/2001,UCA,NY,AEA,EN,Federal Contract Tower,0,0,0,0,0,0,0,2,0,2,0,0,2,0,2,0,0,0,2
02/26/2001,UCA,NY,AEA,EN,Federal Contract Tower,0,18,11,0,29,0,3,6,0,9,0,21,17,0,38,0,0,0,38
02/27/2001,UCA,NY,AEA,EN,Federal Contract Tower,0,35,22,0,57,0,0,14,0,14,0,35,36,0,71,25,0,25,96
02/28/2001,UCA,NY,AEA,EN,Federal Contract Tower,0,32,20,0,52,0,0,30,2,32,0,32,50,2,84,32,0,32,116
03/01/2001,UCA,NY,AEA,EN,Federal Contract Tower,1,26,15,5,47,0,12,0,13,25,1,38,15,18,72,0,0,0,72
03/02/2001,UCA,NY,AEA,EN,Federal Contract Tower,0,27,24,0,51,0,7,16,0,23,0,34,40,0,74,4,0,4,78
03/03/2001,UCA,NY,AEA,EN,Federal Contract Tower,0,0,11,0,11,0,0,27,0,27,0,0,38,0,38,40,0,40,78
03/04/2001,UCA,NY,AEA,EN,Federal Contract Tower,0,2,9,0,11,0,0,41,0,41,0,2,50,0,52,28,0,28,80
03/05/2001,UCA,NY,AEA,EN,Federal Contract Tower,0,8,7,0,15,0,7,0,0,7,0,15,7,0,22,0,0,0,22
03/06/2001,UCA,NY,AEA,EN,Federal Contract Tower,0,14,8,0,22,0,10,0,0,10,0,24,8,0,32,0,0,0,32
03/07/2001,UCA,NY,AEA,EN,Federal Contract Tower,0,30,26,0,56,0,5,54,0,59,0,35,80,0,115,82,0,82,197
03/08/2001,UCA,NY,AEA,EN,Federal Contract Tower,1,28,25,0,54,1,16,42,0,59,2,44,67,0,113,64,0,64,177
03/09/2001,UCA,NY,AEA,EN,Federal Contract Tower,0,18,10,0,28,0,9,0,0,9,0,27,10,0,37,0,0,0,37
03/10/2001,UCA,NY,AEA,EN,Federal Contract Tower,0,0,3,0,3,2,0,8,0,10,2,0,11,0,13,0,0,0,13
03/11/2001,UCA,NY,AEA,EN,Federal Contract Tower,0,1,3,0,4,0,0,4,0,4,0,1,7,0,8,0,0,0,8
03/12/2001,UCA,NY,AEA,EN,Federal Contract Tower,0,15,14,2,31,0,0,81,0,81,0,15,95,2,112,132,44,176,288
03/13/2001,UCA,NY,AEA,EN,Federal Contract Tower,0,21,14,0,35,0,10,0,0,10,0,31,14,0,45,0,0,0,45
03/14/2001,UCA,NY,AEA,EN,Federal Contract Tower,0,33,17,7,57,0,6,0,27,33,0,39,17,34,90,8,50,58,148
03/15/2001,UCA,NY,AEA,EN,Federal Contract Tower,0,34,28,7,69,0,7,123,6,136,0,41,151,13,205,230,8,238,443
03/16/2001,UCA,NY,AEA,EN,Federal Contract Tower,0,19,14,2,35,0,8,31,0,39,0,27,45,2,74,90,0,90,164
03/17/2001,UCA,NY,AEA,EN,Federal Contract Tower,0,0,1,0,1,0,0,30,0,30,0,0,31,0,31,34,0,34,65
03/18/2001,UCA,NY,AEA,EN,Federal Contract Tower,0,5,3,0,8,0,0,22,0,22,0,5,25,0,30,10,0,10,40
03/19/2001,UCA,NY,AEA,EN,Federal Contract Tower,0,18,13,3,34,0,9,60,0,69,0,27,73,3,103,32,0,32,135
03/20/2001,UCA,NY,AEA,EN,Federal Contract Tower,0,35,29,7,71,0,1,73,6,80,0,36,102,13,151,48,22,70,221
03/21/2001,UCA,NY,AEA,EN,Federal Contract Tower,0,28,22,0,50,0,9,23,0,32,0,37,45,0,82,64,0,64,146
03/22/2001,UCA,NY,AEA,EN,Federal Contract Tower,0,44,20,0,64,0,0,0,0,0,0,44,20,0,64,2,0,2,66
03/23/2001,UCA,NY,AEA,EN,Federal Contract Tower,0,21,18,0,39,0,17,11,0,28,0,38,29,0,67,22,0,22,89
03/24/2001,UCA,NY,AEA,EN,Federal Contract Tower,0,0,1,0,1,0,0,3,0,3,0,0,4,0,4,0,0,0,4
03/25/2001,UCA,NY,AEA,EN,Federal Contract Tower,0,2,5,0,7,2,0,15,0,17,2,2,20,0,24,18,0,18,42
03/26/2001,UCA,NY,AEA,EN,Federal Contract Tower,0,20,15,3,38,2,6,0,10,18,2,26,15,13,56,0,0,0,56
03/27/2001,UCA,NY,AEA,EN,Federal Contract Tower,0,31,23,5,59,0,7,0,2,9,0,38,23,7,68,0,2,2,70
03/28/2001,UCA,NY,AEA,EN,Federal Contract Tower,0,34,28,5,67,0,5,37,0,42,0,39,65,5,109,32,0,32,141
03/29/2001,UCA,NY,AEA,EN,Federal Contract Tower,0,31,26,6,63,0,3,55,1,59,0,34,81,7,122,44,32,76,198
03/30/2001,UCA,NY,AEA,EN,Federal Contract Tower,0,22,10,0,32,0,12,0,0,12,0,34,10,0,44,0,0,0,44
03/31/2001,UCA,NY,AEA,EN,Federal Contract Tower,0,0,6,0,6,0,0,10,0,10,0,0,16,0,16,38,0,38,54
04/01/2001,UCA,NY,AEA,EN,Federal Contract Tower,0,1,14,0,15,0,1,22,0,23,0,2,36,0,38,6,0,6,44
04/02/2001,UCA,NY,AEA,EN,Federal Contract Tower,0,16,21,0,37,0,5,12,0,17,0,21,33,0,54,40,0,40,94
04/03/2001,UCA,NY,AEA,EN,Federal Contract Tower,0,32,16,4,52,0,6,64,2,72,0,38,80,6,124,190,8,198,322
04/04/2001,UCA,NY,AEA,EN,Federal Contract Tower,0,29,14,2,45,0,7,106,6,119,0,36,120,8,164,212,48,260,424
04/05/2001,UCA,NY,AEA,EN,Federal Contract Tower,0,26,20,0,46,0,12,100,0,112,0,38,120,0,158,280,0,280,438
04/06/2001,UCA,NY,AEA,EN,Federal Contract Tower,0,28,18,0,46,0,6,18,0,24,0,34,36,0,70,12,0,12,82
04/07/2001,UCA,NY,AEA,EN,Federal Contract Tower,0,0,5,0,5,0,0,9,0,9,0,0,14,0,14,32,0,32,46
04/08/2001,UCA,NY,AEA,EN,Federal Contract Tower,0,1,14,0,15,0,1,47,0,48,0,2,61,0,63,66,0,66,129
04/09/2001,UCA,NY,AEA,EN,Federal Contract Tower,0,20,5,2,27,0,2,83,8,93,0,22,88,10,120,188,26,214,334
04/10/2001,UCA,NY,AEA,EN,Federal Contract Tower,0,30,19,0,49,0,7,102,3,112,0,37,121,3,161,274,4,278,439
04/11/2001,UCA,NY,AEA,EN,Federal Contract Tower,0,32,19,0,51,0,4,36,0,40,0,36,55,0,91,54,0,54,145
04/12/2001,UCA,NY,AEA,EN,Federal Contract Tower,0,34,11,0,45,0,1,4,0,5,0,35,15,0,50,0,0,0,50
04/13/2001,UCA,NY,AEA,EN,Federal Contract Tower,0,21,16,0,37,0,9,39,2,50,0,30,55,2,87,38,0,38,125
04/14/2001,UCA,NY,AEA,EN,Federal Contract Tower,0,0,0,0,0,0,1,93,0,94,0,1,93,0,94,130,0,130,224
04/15/2001,UCA,NY,AEA,EN,Federal Contract Tower,0,2,4,0,6,0,0,34,0,34,0,2,38,0,40,12,0,12,52
04/16/2001,UCA,NY,AEA,EN,Federal Contract Tower,0,22,10,0,32,0,3,31,0,34,0,25,41,0,66,32,0,32,98
04/17/2001,UCA,NY,AEA,EN,Federal Contract Tower,0,32,31,2,65,0,6,53,3,62,0,38,84,5,127,146,4,150,277
04/18/2001,UCA,NY,AEA,EN,Federal Contract Tower,0,29,11,5,45,0,2,60,5,67,0,31,71,10,112,54,8,62,174
04/19/2001,UCA,NY,AEA,EN,Federal Contract Tower,2,26,15,1,44,0,7,79,4,90,2,33,94,5,134,140,3,143,277
04/20/2001,UCA,NY,AEA,EN,Federal Contract Tower,0,23,9,0,32,0,7,90,0,97,0,30,99,0,129,248,0,248,377
04/21/2001,UCA,NY,AEA,EN,Federal Contract Tower,0,0,18,3,21,0,0,31,7,38,0,0,49,10,59,74,0,74,133
04/22/2001,UCA,NY,AEA,EN,Federal Contract Tower,0,2,3,0,5,0,0,41,0,41,0,2,44,0,46,76,0,76,122
04/23/2001,UCA,NY,AEA,EN,Federal Contract Tower,0,18,27,0,45,0,4,64,0,68,0,22,91,0,113,66,0,66,179
04/24/2001,UCA,NY,AEA,EN,Federal Contract Tower,0,29,17,3,49,0,5,35,5,45,0,34,52,8,94,48,12,60,154
04/25/2001,UCA,NY,AEA,EN,Federal Contract Tower,0,36,19,0,55,0,4,109,0,113,0,40,128,0,168,162,0,162,330
04/26/2001,UCA,NY,AEA,EN,Federal Contract Tower,0,29,12,0,41,0,5,97,0,102,0,34,109,0,143,158,0,158,301
04/27/2001,UCA,NY,AEA,EN,Federal Contract Tower,0,28,14,1,43,0,4,90,5,99,0,32,104,6,142,162,0,162,304
04/28/2001,UCA,NY,AEA,EN,Federal Contract Tower,0,3,4,0,7,0,0,48,0,48,0,3,52,0,55,66,0,66,121
04/29/2001,UCA,NY,AEA,EN,Federal Contract Tower,0,3,9,0,12,0,1,122,0,123,0,4,131,0,135,130,0,130,265
04/30/2001,UCA,NY,AEA,EN,Federal Contract Tower,0,15,10,0,25,0,6,99,0,105,0,21,109,0,130,120,0,120,250
05/01/2001,UCA,NY,AEA,EN,Federal Contract Tower,0,28,14,0,42,0,9,130,0,139,0,37,144,0,181,226,0,226,407
05/02/2001,UCA,NY,AEA,EN,Federal Contract Tower,0,30,13,0,43,0,8,70,0,78,0,38,83,0,121,138,0,138,259
05/03/2001,UCA,NY,AEA,EN,Federal Contract Tower,0,29,9,0,38,0,15,67,4,86,0,44,76,4,124,194,0,194,318
05/04/2001,UCA,NY,AEA,EN,Federal Contract Tower,0,26,9,1,36,0,9,47,5,61,0,35,56,6,97,192,0,192,289
05/05/2001,UCA,NY,AEA,EN,Federal Contract Tower,0,2,4,0,6,0,1,46,0,47,0,3,50,0,53,32,0,32,85
05/06/2001,UCA,NY,AEA,EN,Federal Contract Tower,0,6,4,0,10,0,1,86,0,87,0,7,90,0,97,52,0,52,149
05/07/2001,UCA,NY,AEA,EN,Federal Contract Tower,0,14,14,2,30,0,9,88,0,97,0,23,102,2,127,120,24,144,271
05/08/2001,UCA,NY,AEA,EN,Federal Contract Tower,0,36,10,0,46,0,8,89,0,97,0,44,99,0,143,164,0,164,307
05/09/2001,UCA,NY,AEA,EN,Federal Contract Tower,0,34,25,2,61,0,8,113,4,125,0,42,138,6,186,60,6,66,252
05/10/2001,UCA,NY,AEA,EN,Federal Contract Tower,2,29,13,5,49,0,11,131,11,153,2,40,144,16,202,192,32,224,426
05/11/2001,UCA,NY,AEA,EN,Federal Contract Tower,0,22,8,0,30,0,13,65,0,78,0,35,73,0,108,46,0,46,154
05/12/2001,UCA,NY,AEA,EN,Federal Contract Tower,2,1,11,0,14,0,1,0,0,1,2,2,11,0,15,12,0,12,27
05/13/2001,UCA,NY,AEA,EN,Federal Contract Tower,0,4,5,0,9,0,1,51,0,52,0,5,56,0,61,42,0,42,103
05/14/2001,UCA,NY,AEA,EN,Federal Contract Tower,0,17,17,7,41,0,5,26,7,38,0,22,43,14,79,36,34,70,149
05/15/2001,UCA,NY,AEA,EN,Federal Contract Tower,0,33,25,7,65,0,5,102,24,131,0,38,127,31,196,88,22,110,306
05/16/2001,UCA,NY,AEA,EN,Federal Contract Tower,0,33,29,0,62,0,1,95,5,101,0,34,124,5,163,118,0,118,281
05/17/2001,UCA,NY,AEA,EN,Federal Contract Tower,0,36,30,0,66,0,0,66,0,66,0,36,96,0,132,88,0,88,220
05/18/2001,UCA,NY,AEA,EN,Federal Contract Tower,0,35,25,0,60,0,4,31,0,35,0,39,56,0,95,24,0,24,119
05/19/2001,UCA,NY,AEA,EN,Federal Contract Tower,0,3,24,0,27,0,0,27,0,27,0,3,51,0,54,188,0,188,242
05/20/2001,UCA,NY,AEA,EN,Federal Contract Tower,0,10,28,0,38,0,2,51,0,53,0,12,79,0,91,122,0,122,213
05/21/2001,UCA,NY,AEA,EN,Federal Contract Tower,0,20,22,6,48,0,3,42,6,51,0,23,64,12,99,62,8,70,169
05/22/2001,UCA,NY,AEA,EN,Federal Contract Tower,0,36,16,0,52,0,1,6,0,7,0,37,22,0,59,0,0,0,59
05/23/2001,UCA,NY,AEA,EN,Federal Contract Tower,0,35,20,0,55,0,0,12,2,14,0,35,32,2,69,0,0,0,69
05/24/2001,UCA,NY,AEA,EN,Federal Contract Tower,0,36,29,5,70,0,6,41,5,52,0,42,70,10,122,68,24,92,214
05/25/2001,UCA,NY,AEA,EN,Federal Contract Tower,0,26,15,0,41,0,0,39,0,39,0,26,54,0,80,70,0,70,150
05/26/2001,UCA,NY,AEA,EN,Federal Contract Tower,0,6,26,0,32,0,0,19,0,19,0,6,45,0,51,52,0,52,103
05/27/2001,UCA,NY,AEA,EN,Federal Contract Tower,0,2,13,0,15,0,0,53,0,53,0,2,66,0,68,74,0,74,142
05/28/2001,UCA,NY,AEA,EN,Federal Contract Tower,0,1,12,0,13,0,0,21,2,23,0,1,33,2,36,24,16,40,76
05/29/2001,UCA,NY,AEA,EN,Federal Contract Tower,0,18,33,10,61,0,3,18,0,21,0,21,51,10,82,15,54,69,151
05/30/2001,UCA,NY,AEA,EN,Federal Contract Tower,0,35,33,11,79,0,0,70,20,90,0,35,103,31,169,76,4,80,249
05/31/2001,UCA,NY,AEA,EN,Federal Contract Tower,2,33,20,3,58,0,8,125,1,134,2,41,145,4,192,130,16,146,338
06/01/2001,UCA,NY,AEA,EN,Federal Contract Tower,0,30,29,0,59,0,7,94,0,101,0,37,123,0,160,260,0,260,420
06/02/2001,UCA,NY,AEA,EN,Federal Contract Tower,0,5,23,0,28,0,0,12,0,12,0,5,35,0,40,8,0,8,48
06/03/2001,UCA,NY,AEA,EN,Federal Contract Tower,0,1,12,0,13,0,1,6,0,7,0,2,18,0,20,0,0,0,20
06/04/2001,UCA,NY,AEA,EN,Federal Contract Tower,0,15,35,6,56,0,1,10,6,17,0,16,45,12,73,48,6,54,127
06/05/2001,UCA,NY,AEA,EN,Federal Contract Tower,0,37,41,7,85,0,1,113,16,130,0,38,154,23,215,38,30,68,283
06/06/2001,UCA,NY,AEA,EN,Federal Contract Tower,0,32,22,6,60,0,0,97,5,102,0,32,119,11,162,34,22,56,218
06/07/2001,UCA,NY,AEA,EN,Federal Contract Tower,0,28,15,0,43,0,8,128,0,136,0,36,143,0,179,70,0,70,249
06/08/2001,UCA,NY,AEA,EN,Federal Contract Tower,0,22,9,0,31,0,5,123,1,129,0,27,132,1,160,36,0,36,196
06/09/2001,UCA,NY,AEA,EN,Federal Contract Tower,0,3,1,0,4,0,0,54,0,54,0,3,55,0,58,170,0,170,228
06/10/2001,UCA,NY,AEA,EN,Federal Contract Tower,0,3,12,0,15,0,0,56,0,56,0,3,68,0,71,120,0,120,191
06/11/2001,UCA,NY,AEA,EN,Federal Contract Tower,0,18,20,0,38,0,0,25,0,25,0,18,45,0,63,0,0,0,63
06/12/2001,UCA,NY,AEA,EN,Federal Contract Tower,0,39,24,0,63,0,2,101,5,108,0,41,125,5,171,172,14,186,357
06/13/2001,UCA,NY,AEA,EN,Federal Contract Tower,0,36,6,2,44,0,4,81,2,87,0,40,87,4,131,208,24,232,363
06/14/2001,UCA,NY,AEA,EN,Federal Contract Tower,0,36,14,4,54,0,5,75,5,85,0,41,89,9,139,120,20,140,279
06/15/2001,UCA,NY,AEA,EN,Federal Contract Tower,0,25,26,2,53,0,3,70,0,73,0,28,96,2,126,72,0,72,198
06/16/2001,UCA,NY,AEA,EN,Federal Contract Tower,0,3,34,0,37,0,0,25,0,25,0,3,59,0,62,50,0,50,112
06/17/2001,UCA,NY,AEA,EN,Federal Contract Tower,0,3,10,0,13,0,0,79,0,79,0,3,89,0,92,8,0,8,100
06/18/2001,UCA,NY,AEA,EN,Federal Contract Tower,0,13,24,0,37,0,8,83,4,95,0,21,107,4,132,94,0,94,226
06/19/2001,UCA,NY,AEA,EN,Federal Contract Tower,0,28,23,1,52,0,10,60,0,70,0,38,83,1,122,98,5,103,225
06/20/2001,UCA,NY,AEA,EN,Federal Contract Tower,0,34,19,2,55,0,2,42,2,46,0,36,61,4,101,86,2,88,189
06/21/2001,UCA,NY,AEA,EN,Federal Contract Tower,2,35,27,0,64,0,0,21,2,23,2,35,48,2,87,10,2,12,99
06/22/2001,UCA,NY,AEA,EN,Federal Contract Tower,0,28,12,0,40,0,2,12,0,14,0,30,24,0,54,36,0,36,90
06/23/2001,UCA,NY,AEA,EN,Federal Contract Tower,0,3,20,0,23,0,0,0,0,0,0,3,20,0,23,0,0,0,23
06/24/2001,UCA,NY,AEA,EN,Federal Contract Tower,0,4,47,0,51,0,0,45,0,45,0,4,92,0,96,64,0,64,160
06/25/2001,UCA,NY,AEA,EN,Federal Contract Tower,2,16,23,0,41,0,3,93,0,96,2,19,116,0,137,148,0,148,285
06/26/2001,UCA,NY,AEA,EN,Federal Contract Tower,2,32,9,0,43,0,0,135,0,135,2,32,144,0,178,192,0,192,370
06/27/2001,UCA,NY,AEA,EN,Federal Contract Tower,2,31,22,0,55,0,5,109,8,122,2,36,131,8,177,116,0,116,293
06/28/2001,UCA,NY,AEA,EN,Federal Contract Tower,0,28,16,0,44,0,9,50,2,61,0,37,66,2,105,172,0,172,277
06/29/2001,UCA,NY,AEA,EN,Federal Contract Tower,0,31,23,0,54,0,0,66,0,66,0,31,89,0,120,172,0,172,292
06/30/2001,UCA,NY,AEA,EN,Federal Contract Tower,0,4,23,0,27,0,0,19,0,19,0,4,42,0,46,26,0,26,72
07/01/2001,UCA,NY,AEA,EN,Federal Contract Tower,0,2,12,0,14,0,1,0,0,1,0,3,12,0,15,0,0,0,15
07/02/2001,UCA,NY,AEA,EN,Federal Contract Tower,0,15,16,0,31,0,3,84,0,87,0,18,100,0,118,86,0,86,204
07/03/2001,UCA,NY,AEA,EN,Federal Contract Tower,0,33,15,0,48,0,7,86,0,93,0,40,101,0,141,220,0,220,361
07/04/2001,UCA,NY,AEA,EN,Federal Contract Tower,0,23,4,0,27,0,9,27,0,36,0,32,31,0,63,130,0,130,193
07/05/2001,UCA,NY,AEA,EN,Federal Contract Tower,0,26,22,0,48,0,4,88,0,92,0,30,110,0,140,136,0,136,276
07/06/2001,UCA,NY,AEA,EN,Federal Contract Tower,0,27,12,0,39,0,8,74,0,82,0,35,86,0,121,128,0,128,249
07/07/2001,UCA,NY,AEA,EN,Federal Contract Tower,0,3,14,0,17,0,6,81,0,87,0,9,95,0,104,156,0,156,260
07/08/2001,UCA,NY,AEA,EN,Federal Contract Tower,0,5,11,6,22,0,1,59,10,70,0,6,70,16,92,120,10,130,222
07/09/2001,UCA,NY,AEA,EN,Federal Contract Tower,0,15,31,0,46,0,3,86,0,89,0,18,117,0,135,134,0,134,269
07/10/2001,UCA,NY,AEA,EN,Federal Contract Tower,0,33,26,14,73,0,4,72,0,76,0,37,98,14,149,26,10,36,185
07/11/2001,UCA,NY,AEA,EN,Federal Contract Tower,0,33,38,0,71,0,5,49,0,54,0,38,87,0,125,100,0,100,225
07/12/2001,UCA,NY,AEA,EN,Federal Contract Tower,0,39,23,3,65,0,3,38,10,51,0,42,61,13,116,96,8,104,220
07/13/2001,UCA,NY,AEA,EN,Federal Contract Tower,0,30,18,0,48,0,2,44,0,46,0,32,62,0,94,138,0,138,232
07/14/2001,UCA,NY,AEA,EN,Federal Contract Tower,0,3,11,0,14,0,3,23,0,26,0,6,34,0,40,12,0,12,52
07/15/2001,UCA,NY,AEA,EN,Federal Contract Tower,0,3,25,0,28,0,0,61,0,61,0,3,86,0,89,122,0,122,211
07/16/2001,UCA,NY,AEA,EN,Federal Contract Tower,0,22,18,0,40,0,7,77,0,84,0,29,95,0,124,126,0,126,250
07/17/2001,UCA,NY,AEA,EN,Federal Contract Tower,0,39,36,0,75,0,0,47,2,49,0,39,83,2,124,158,0,158,282
07/18/2001,UCA,NY,AEA,EN,Federal Contract Tower,0,34,25,0,59,0,0,62,0,62,0,34,87,0,121,90,0,90,211
07/19/2001,UCA,NY,AEA,EN,Federal Contract Tower,2,38,18,0,58,0,0,70,0,70,2,38,88,0,128,58,0,58,186
07/20/2001,UCA,NY,AEA,EN,Federal Contract Tower,0,29,12,0,41,0,5,89,0,94,0,34,101,0,135,240,0,240,375
07/21/2001,UCA,NY,AEA,EN,Federal Contract Tower,0,1,2,0,3,0,0,53,0,53,0,1,55,0,56,40,0,40,96
07/22/2001,UCA,NY,AEA,EN,Federal Contract Tower,0,3,5,0,8,0,0,63,0,63,0,3,68,0,71,44,0,44,115
07/23/2001,UCA,NY,AEA,EN,Federal Contract Tower,0,18,22,5,45,0,0,80,6,86,0,18,102,11,131,100,40,140,271
07/24/2001,UCA,NY,AEA,EN,Federal Contract Tower,0,36,19,0,55,0,4,28,8,40,0,40,47,8,95,0,0,0,95
07/25/2001,UCA,NY,AEA,EN,Federal Contract Tower,0,36,16,0,52,0,3,54,2,59,0,39,70,2,111,138,0,138,249
07/26/2001,UCA,NY,AEA,EN,Federal Contract Tower,0,36,26,1,63,0,2,46,5,53,0,38,72,6,116,124,0,124,240
07/27/2001,UCA,NY,AEA,EN,Federal Contract Tower,0,29,17,0,46,0,4,77,2,83,0,33,94,2,129,218,0,218,347
07/28/2001,UCA,NY,AEA,EN,Federal Contract Tower,0,3,8,0,11,0,0,72,0,72,0,3,80,0,83,38,0,38,121
07/29/2001,UCA,NY,AEA,EN,Federal Contract Tower,1,2,9,0,12,0,0,31,1,32,1,2,40,1,44,44,0,44,88
07/30/2001,UCA,NY,AEA,EN,Federal Contract Tower,0,23,40,3,66,0,0,64,0,64,0,23,104,3,130,29,0,29,159
07/31/2001,UCA,NY,AEA,EN,Federal Contract Tower,2,38,18,4,62,0,0,62,7,69,2,38,80,11,131,114,12,126,257
08/01/2001,UCA,NY,AEA,EN,Federal Contract Tower,2,39,19,4,64,0,0,50,0,50,2,39,69,4,114,132,8,140,254
08/02/2001,UCA,NY,AEA,EN,Federal Contract Tower,0,35,13,0,48,0,4,42,0,46,0,39,55,0,94,40,0,40,134
08/03/2001,UCA,NY,AEA,EN,Federal Contract Tower,0,31,19,0,50,0,1,9,0,10,0,32,28,0,60,26,0,26,86
08/04/2001,UCA,NY,AEA,EN,Federal Contract Tower,0,3,16,0,19,0,0,37,0,37,0,3,53,0,56,23,0,23,79
08/05/2001,UCA,NY,AEA,EN,Federal Contract Tower,0,4,25,0,29,2,0,54,0,56,2,4,79,0,85,70,0,70,155
08/06/2001,UCA,NY,AEA,EN,Federal Contract Tower,0,16,16,4,36,0,12,53,0,65,0,28,69,4,101,44,14,58,159
08/07/2001,UCA,NY,AEA,EN,Federal Contract Tower,0,38,39,18,95,0,9,33,0,42,0,47,72,18,137,50,50,100,237
08/08/2001,UCA,NY,AEA,EN,Federal Contract Tower,0,40,13,6,59,0,2,72,0,74,0,42,85,6,133,32,42,74,207
08/09/2001,UCA,NY,AEA,EN,Federal Contract Tower,0,33,19,9,61,0,1,46,0,47,0,34,65,9,108,40,18,58,166
08/10/2001,UCA,NY,AEA,EN,Federal Contract Tower,0,32,15,2,49,0,4,36,1,41,0,36,51,3,90,40,14,54,144
08/11/2001,UCA,NY,AEA,EN,Federal Contract Tower,0,5,9,0,14,0,0,52,2,54,0,5,61,2,68,64,0,64,132
08/12/2001,UCA,NY,AEA,EN,Federal Contract Tower,0,1,18,0,19,0,1,12,0,13,0,2,30,0,32,32,0,32,64
08/13/2001,UCA,NY,AEA,EN,Federal Contract Tower,0,15,13,0,28,0,0,68,0,68,0,15,81,0,96,98,0,98,194
08/14/2001,UCA,NY,AEA,EN,Federal Contract Tower,0,38,22,0,60,0,4,69,0,73,0,42,91,0,133,186,0,186,319
08/15/2001,UCA,NY,AEA,EN,Federal Contract Tower,0,30,21,5,56,0,12,102,7,121,0,42,123,12,177,164,20,184,361
08/16/2001,UCA,NY,AEA,EN,Federal Contract Tower,2,37,24,0,63,0,5,53,0,58,2,42,77,0,121,46,0,46,167
08/17/2001,UCA,NY,AEA,EN,Federal Contract Tower,1,32,28,0,61,0,0,35,0,35,1,32,63,0,96,46,0,46,142
08/18/2001,UCA,NY,AEA,EN,Federal Contract Tower,0,1,7,0,8,0,0,37,0,37,0,1,44,0,45,26,0,26,71
08/19/2001,UCA,NY,AEA,EN,Federal Contract Tower,0,2,8,0,10,0,0,45,0,45,0,2,53,0,55,48,0,48,103
08/20/2001,UCA,NY,AEA,EN,Federal Contract Tower,0,17,17,0,34,0,0,33,0,33,0,17,50,0,67,54,0,54,121
08/21/2001,UCA,NY,AEA,EN,Federal Contract Tower,0,37,19,2,58,0,0,67,2,69,0,37,86,4,127,236,26,262,389
08/22/2001,UCA,NY,AEA,EN,Federal Contract Tower,0,32,20,3,55,0,4,81,3,88,0,36,101,6,143,154,26,180,323
08/23/2001,UCA,NY,AEA,EN,Federal Contract Tower,0,31,24,2,57,0,8,57,2,67,0,39,81,4,124,96,30,126,250
08/24/2001,UCA,NY,AEA,EN,Federal Contract Tower,0,32,12,0,44,0,1,82,0,83,0,33,94,0,127,136,0,136,263
08/25/2001,UCA,NY,AEA,EN,Federal Contract Tower,0,1,9,0,10,0,0,75,0,75,0,1,84,0,85,124,0,124,209
08/26/2001,UCA,NY,AEA,EN,Federal Contract Tower,0,3,18,0,21,0,0,61,0,61,0,3,79,0,82,61,0,61,143
08/27/2001,UCA,NY,AEA,EN,Federal Contract Tower,0,18,32,0,50,0,2,39,0,41,0,20,71,0,91,126,0,126,217
08/28/2001,UCA,NY,AEA,EN,Federal Contract Tower,0,38,23,0,61,2,2,58,0,62,2,40,81,0,123,146,0,146,269
08/29/2001,UCA,NY,AEA,EN,Federal Contract Tower,0,34,20,5,59,0,10,85,4,99,0,44,105,9,158,220,0,220,378
08/30/2001,UCA,NY,AEA,EN,Federal Contract Tower,0,34,16,4,54,0,10,62,3,75,0,44,78,7,129,204,4,208,337
08/31/2001,UCA,NY,AEA,EN,Federal Contract Tower,0,29,24,0,53,0,0,15,0,15,0,29,39,0,68,28,0,28,96
09/01/2001,UCA,NY,AEA,EN,Federal Contract Tower,0,1,12,0,13,0,0,13,0,13,0,1,25,0,26,30,0,30,56
09/02/2001,UCA,NY,AEA,EN,Federal Contract Tower,0,3,10,0,13,0,0,78,0,78,0,3,88,0,91,78,0,78,169
09/03/2001,UCA,NY,AEA,EN,Federal Contract Tower,0,1,9,0,10,0,2,82,0,84,0,3,91,0,94,70,0,70,164
09/04/2001,UCA,NY,AEA,EN,Federal Contract Tower,0,13,31,1,45,0,1,58,1,60,0,14,89,2,105,70,4,74,179
09/05/2001,UCA,NY,AEA,EN,Federal Contract Tower,0,35,15,0,50,0,4,128,2,134,0,39,143,2,184,142,4,146,330
09/06/2001,UCA,NY,AEA,EN,Federal Contract Tower,3,30,15,5,53,2,7,119,5,133,5,37,134,10,186,148,12,160,346
09/07/2001,UCA,NY,AEA,EN,Federal Contract Tower,1,28,8,0,37,0,7,116,2,125,1,35,124,2,162,116,0,116,278
09/08/2001,UCA,NY,AEA,EN,Federal Contract Tower,0,1,0,0,1,0,3,70,0,73,0,4,70,0,74,110,0,110,184
09/09/2001,UCA,NY,AEA,EN,Federal Contract Tower,0,2,7,0,9,0,0,59,0,59,0,2,66,0,68,76,0,76,144
09/10/2001,UCA,NY,AEA,EN,Federal Contract Tower,0,20,24,0,44,0,0,32,0,32,0,20,56,0,76,22,0,22,98
09/11/2001,UCA,NY,AEA,EN,Federal Contract Tower,0,24,4,0,28,0,3,3,0,6,0,27,7,0,34,0,0,0,34
09/12/2001,UCA,NY,AEA,EN,Federal Contract Tower,0,0,0,0,0,0,0,0,0,0,0,0,0,0,0,0,0,0,0
09/13/2001,UCA,NY,AEA,EN,Federal Contract Tower,0,10,0,0,10,0,4,0,0,4,0,14,0,0,14,0,0,0,14
09/14/2001,UCA,NY,AEA,EN,Federal Contract Tower,0,39,0,0,39,0,0,0,0,0,0,39,0,0,39,0,0,0,39
09/15/2001,UCA,NY,AEA,EN,Federal Contract Tower,0,0,7,0,7,0,0,0,0,0,0,0,7,0,7,0,0,0,7
09/16/2001,UCA,NY,AEA,EN,Federal Contract Tower,0,7,6,0,13,0,0,0,0,0,0,7,6,0,13,0,0,0,13
09/17/2001,UCA,NY,AEA,EN,Federal Contract Tower,2,23,17,0,42,0,0,7,0,7,2,23,24,0,49,0,0,0,49
09/18/2001,UCA,NY,AEA,EN,Federal Contract Tower,2,41,31,7,81,0,0,3,5,8,2,41,34,12,89,0,12,12,101
09/19/2001,UCA,NY,AEA,EN,Federal Contract Tower,0,45,42,8,95,0,0,0,0,0,0,45,42,8,95,0,44,44,139
09/20/2001,UCA,NY,AEA,EN,Federal Contract Tower,0,40,24,4,68,0,0,17,3,20,0,40,41,7,88,0,18,18,106
09/21/2001,UCA,NY,AEA,EN,Federal Contract Tower,0,38,27,6,71,0,2,35,7,44,0,40,62,13,115,4,26,30,145
09/22/2001,UCA,NY,AEA,EN,Federal Contract Tower,0,9,22,4,35,0,5,32,53,90,0,14,54,57,125,56,54,110,235
09/23/2001,UCA,NY,AEA,EN,Federal Contract Tower,0,4,14,0,18,0,0,54,0,54,0,4,68,0,72,100,0,100,172
09/24/2001,UCA,NY,AEA,EN,Federal Contract Tower,0,19,14,0,33,0,0,16,0,16,0,19,30,0,49,44,0,44,93
09/25/2001,UCA,NY,AEA,EN,Federal Contract Tower,0,42,22,0,64,0,0,0,0,0,0,42,22,0,64,28,0,28,92
09/26/2001,UCA,NY,AEA,EN,Federal Contract Tower,0,44,10,0,54,0,0,67,0,67,0,44,77,0,121,100,0,100,221
09/27/2001,UCA,NY,AEA,EN,Federal Contract Tower,0,43,14,0,57,0,0,59,0,59,0,43,73,0,116,82,0,82,198
09/28/2001,UCA,NY,AEA,EN,Federal Contract Tower,0,46,29,0,75,0,0,21,0,21,0,46,50,0,96,86,0,86,182
09/29/2001,UCA,NY,AEA,EN,Federal Contract Tower,0,1,15,0,16,0,3,110,0,113,0,4,125,0,129,106,0,106,235
09/30/2001,UCA,NY,AEA,EN,Federal Contract Tower,0,4,20,2,26,0,0,116,0,116,0,4,136,2,142,108,0,108,250
10/01/2001,UCA,NY,AEA,EN,Federal Contract Tower,1,33,27,4,65,1,6,42,0,49,2,39,69,4,114,132,8,140,254
10/02/2001,UCA,NY,AEA,EN,Federal Contract Tower,0,24,20,0,44,0,15,35,0,50,0,39,55,0,94,40,0,40,134
10/03/2001,UCA,NY,AEA,EN,Federal Contract Tower,0,25,21,0,46,0,7,7,0,14,0,32,28,0,60,26,0,26,86
10/04/2001,UCA,NY,AEA,EN,Federal Contract Tower,0,3,8,0,11,0,0,45,0,45,0,3,53,0,56,23,0,23,79
10/05/2001,UCA,NY,AEA,EN,Federal Contract Tower,1,4,12,0,17,1,0,67,0,68,2,4,79,0,85,70,0,70,155
10/06/2001,UCA,NY,AEA,EN,Federal Contract Tower,0,19,16,2,37,0,9,53,2,64,0,28,69,4,101,44,14,58,159
10/07/2001,UCA,NY,AEA,EN,Federal Contract Tower,0,47,39,6,92,0,0,33,12,45,0,47,72,18,137,50,50,100,237
10/08/2001,UCA,NY,AEA,EN,Federal Contract Tower,0,33,28,4,65,0,9,57,2,68,0,42,85,6,133,32,42,74,207
10/09/2001,UCA,NY,AEA,EN,Federal Contract Tower,0,32,27,4,63,0,2,38,5,45,0,34,65,9,108,40,18,58,166
10/10/2001,UCA,NY,AEA,EN,Federal Contract Tower,0,25,21,3,49,0,11,30,0,41,0,36,51,3,90,40,14,54,144
10/11/2001,UCA,NY,AEA,EN,Federal Contract Tower,0,5,7,1,13,0,0,54,1,55,0,5,61,2,68,64,0,64,132
10/12/2001,UCA,NY,AEA,EN,Federal Contract Tower,0,2,9,0,11,0,0,21,0,21,0,2,30,0,32,32,0,32,64
10/13/2001,UCA,NY,AEA,EN,Federal Contract Tower,0,13,13,0,26,0,2,68,0,70,0,15,81,0,96,98,0,98,194
10/14/2001,UCA,NY,AEA,EN,Federal Contract Tower,0,31,25,0,56,0,11,66,0,77,0,42,91,0,133,186,0,186,319
10/15/2001,UCA,NY,AEA,EN,Federal Contract Tower,0,28,24,4,56,0,14,99,8,121,0,42,123,12,177,164,20,184,361
10/16/2001,UCA,NY,AEA,EN,Federal Contract Tower,0,33,27,0,60,2,9,50,0,61,2,42,77,0,121,46,0,46,167
10/17/2001,UCA,NY,AEA,EN,Federal Contract Tower,0,32,27,0,59,1,0,36,0,37,1,32,63,0,96,46,0,46,142
10/18/2001,UCA,NY,AEA,EN,Federal Contract Tower,0,1,4,0,5,0,0,40,0,40,0,1,44,0,45,26,0,26,71
10/19/2001,UCA,NY,AEA,EN,Federal Contract Tower,0,2,5,0,7,0,0,48,0,48,0,2,53,0,55,48,0,48,103
10/20/2001,UCA,NY,AEA,EN,Federal Contract Tower,0,17,16,0,33,0,0,34,0,34,0,17,50,0,67,54,0,54,121
10/21/2001,UCA,NY,AEA,EN,Federal Contract Tower,0,31,25,3,59,0,6,61,1,68,0,37,86,4,127,236,26,262,389
10/22/2001,UCA,NY,AEA,EN,Federal Contract Tower,0,29,24,2,55,0,7,77,4,88,0,36,101,6,143,154,26,180,323
10/23/2001,UCA,NY,AEA,EN,Federal Contract Tower,0,30,25,2,57,0,9,56,2,67,0,39,81,4,124,96,30,126,250
10/24/2001,UCA,NY,AEA,EN,Federal Contract Tower,0,23,19,0,42,0,10,75,0,85,0,33,94,0,127,136,0,136,263
10/25/2001,UCA,NY,AEA,EN,Federal Contract Tower,0,1,5,0,6,0,0,79,0,79,0,1,84,0,85,124,0,124,209
10/26/2001,UCA,NY,AEA,EN,Federal Contract Tower,0,3,9,0,12,0,0,70,0,70,0,3,79,0,82,61,0,61,143
10/27/2001,UCA,NY,AEA,EN,Federal Contract Tower,0,20,22,0,42,0,0,49,0,49,0,20,71,0,91,126,0,126,217
10/28/2001,UCA,NY,AEA,EN,Federal Contract Tower,0,32,26,0,58,2,8,55,0,65,2,40,81,0,123,146,0,146,269
10/29/2001,UCA,NY,AEA,EN,Federal Contract Tower,0,31,24,4,59,0,13,81,5,99,0,44,105,9,158,220,0,220,378
10/30/2001,UCA,NY,AEA,EN,Federal Contract Tower,0,39,8,1,48,0,5,70,6,81,0,44,78,7,129,204,4,208,337
10/31/2001,UCA,NY,AEA,EN,Federal Contract Tower,0,29,8,0,37,0,0,31,0,31,0,29,39,0,68,28,0,28,96
11/01/2001,UCA,NY,AEA,EN,Federal Contract Tower,0,38,28,3,69,0,0,58,2,60,0,38,86,5,129,116,20,136,265
11/02/2001,UCA,NY,AEA,EN,Federal Contract Tower,0,41,11,4,56,0,2,36,1,39,0,43,47,5,95,60,6,66,161
11/03/2001,UCA,NY,AEA,EN,Federal Contract Tower,0,0,11,2,13,0,1,43,0,44,0,1,54,2,57,142,10,152,209
11/04/2001,UCA,NY,AEA,EN,Federal Contract Tower,0,5,8,0,13,0,1,51,0,52,0,6,59,0,65,70,0,70,135
11/05/2001,UCA,NY,AEA,EN,Federal Contract Tower,0,26,9,0,35,0,3,50,0,53,0,29,59,0,88,84,2,86,174
11/06/2001,UCA,NY,AEA,EN,Federal Contract Tower,0,44,13,7,64,1,6,47,1,55,1,50,60,8,119,136,26,162,281
11/07/2001,UCA,NY,AEA,EN,Federal Contract Tower,0,36,23,8,67,0,7,61,2,70,0,43,84,10,137,132,48,180,317
11/08/2001,UCA,NY,AEA,EN,Federal Contract Tower,2,32,15,0,49,0,0,50,0,50,2,32,65,0,99,86,0,86,185
11/09/2001,UCA,NY,AEA,EN,Federal Contract Tower,0,34,18,0,52,0,1,37,0,38,0,35,55,0,90,62,0,62,152
11/10/2001,UCA,NY,AEA,EN,Federal Contract Tower,0,4,6,0,10,0,0,72,0,72,0,4,78,0,82,142,0,142,224
11/11/2001,UCA,NY,AEA,EN,Federal Contract Tower,0,2,13,0,15,0,1,17,0,18,0,3,30,0,33,40,0,40,73
11/12/2001,UCA,NY,AEA,EN,Federal Contract Tower,0,6,18,0,24,0,1,42,2,45,0,7,60,2,69,94,0,94,163
11/13/2001,UCA,NY,AEA,EN,Federal Contract Tower,0,19,29,0,48,0,1,81,0,82,0,20,110,0,130,204,0,204,334
11/14/2001,UCA,NY,AEA,EN,Federal Contract Tower,0,40,31,0,71,0,4,35,2,41,0,44,66,2,112,140,14,154,266
11/15/2001,UCA,NY,AEA,EN,Federal Contract Tower,0,39,43,3,85,0,4,17,1,22,0,43,60,4,107,122,6,128,235
11/16/2001,UCA,NY,AEA,EN,Federal Contract Tower,0,35,27,0,62,0,0,33,1,34,0,35,60,1,96,116,1,117,213
11/17/2001,UCA,NY,AEA,EN,Federal Contract Tower,0,1,7,0,8,0,0,61,0,61,0,1,68,0,69,120,0,120,189
11/18/2001,UCA,NY,AEA,EN,Federal Contract Tower,0,3,10,0,13,0,0,105,1,106,0,3,115,1,119,80,0,80,199
11/19/2001,UCA,NY,AEA,EN,Federal Contract Tower,0,21,11,0,32,0,2,60,0,62,0,23,71,0,94,90,0,90,184
11/20/2001,UCA,NY,AEA,EN,Federal Contract Tower,0,44,11,9,64,0,1,19,1,21,0,45,30,10,85,26,14,40,125
11/21/2001,UCA,NY,AEA,EN,Federal Contract Tower,0,39,24,4,67,0,1,65,8,74,0,40,89,12,141,124,8,132,273
11/22/2001,UCA,NY,AEA,EN,Federal Contract Tower,0,24,1,0,25,0,0,12,0,12,0,24,13,0,37,50,0,50,87
11/23/2001,UCA,NY,AEA,EN,Federal Contract Tower,0,8,16,0,24,0,0,49,0,49,0,8,65,0,73,100,0,100,173
11/24/2001,UCA,NY,AEA,EN,Federal Contract Tower,0,1,7,0,8,0,0,24,0,24,0,1,31,0,32,48,0,48,80
11/25/2001,UCA,NY,AEA,EN,Federal Contract Tower,0,2,16,0,18,0,0,9,0,9,0,2,25,0,27,0,0,0,27
11/26/2001,UCA,NY,AEA,EN,Federal Contract Tower,0,19,19,0,38,2,0,41,0,43,2,19,60,0,81,70,0,70,151
11/27/2001,UCA,NY,AEA,EN,Federal Contract Tower,2,46,17,8,73,0,0,35,5,40,2,46,52,13,113,94,26,120,233
11/28/2001,UCA,NY,AEA,EN,Federal Contract Tower,0,42,16,6,64,0,0,15,0,15,0,42,31,6,79,30,0,30,109
11/29/2001,UCA,NY,AEA,EN,Federal Contract Tower,0,44,29,7,80,0,2,22,1,25,0,46,51,8,105,40,0,40,145
11/30/2001,UCA,NY,AEA,EN,Federal Contract Tower,0,37,18,4,59,0,0,4,0,4,0,37,22,4,63,48,0,48,111
12/01/2001,UCA,NY,AEA,EN,Federal Contract Tower,0,3,29,0,32,0,1,27,0,28,0,4,56,0,60,102,0,102,162
12/02/2001,UCA,NY,AEA,EN,Federal Contract Tower,0,5,5,0,10,0,1,34,0,35,0,6,39,0,45,128,0,128,173
12/03/2001,UCA,NY,AEA,EN,Federal Contract Tower,0,26,17,0,43,0,0,47,0,47,0,26,64,0,90,80,0,80,170
12/04/2001,UCA,NY,AEA,EN,Federal Contract Tower,0,39,26,0,65,0,8,32,3,43,0,47,58,3,108,148,0,148,256
12/05/2001,UCA,NY,AEA,EN,Federal Contract Tower,0,41,27,0,68,0,7,59,0,66,0,48,86,0,134,160,0,160,294
12/06/2001,UCA,NY,AEA,EN,Federal Contract Tower,0,34,23,0,57,2,21,16,11,50,2,55,39,11,107,60,26,86,193
12/07/2001,UCA,NY,AEA,EN,Federal Contract Tower,0,32,16,0,48,0,11,68,7,86,0,43,84,7,134,144,0,144,278
12/08/2001,UCA,NY,AEA,EN,Federal Contract Tower,0,1,1,0,2,0,0,79,0,79,0,1,80,0,81,120,0,120,201
12/09/2001,UCA,NY,AEA,EN,Federal Contract Tower,0,1,12,0,13,0,1,11,0,12,0,2,23,0,25,70,0,70,95
12/10/2001,UCA,NY,AEA,EN,Federal Contract Tower,0,23,16,0,39,0,15,61,0,76,0,38,77,0,115,64,0,64,179
12/11/2001,UCA,NY,AEA,EN,Federal Contract Tower,0,45,21,2,68,0,3,52,1,56,0,48,73,3,124,98,14,112,236
12/12/2001,UCA,NY,AEA,EN,Federal Contract Tower,0,45,24,3,72,0,3,57,6,66,0,48,81,9,138,84,0,84,222
12/13/2001,UCA,NY,AEA,EN,Federal Contract Tower,0,43,18,0,61,0,12,24,0,36,0,55,42,0,97,28,0,28,125
12/14/2001,UCA,NY,AEA,EN,Federal Contract Tower,0,36,24,0,60,0,7,27,0,34,0,43,51,0,94,50,0,50,144
12/15/2001,UCA,NY,AEA,EN,Federal Contract Tower,0,3,9,0,12,0,0,16,0,16,0,3,25,0,28,22,0,22,50
12/16/2001,UCA,NY,AEA,EN,Federal Contract Tower,0,2,7,0,9,0,0,65,0,65,0,2,72,0,74,72,0,72,146
12/17/2001,UCA,NY,AEA,EN,Federal Contract Tower,0,21,7,0,28,0,6,8,0,14,0,27,15,0,42,0,0,0,42
12/18/2001,UCA,NY,AEA,EN,Federal Contract Tower,0,42,15,0,57,0,4,13,0,17,0,46,28,0,74,0,0,0,74
12/19/2001,UCA,NY,AEA,EN,Federal Contract Tower,0,40,28,2,70,0,10,55,2,67,0,50,83,4,137,102,0,102,239
12/20/2001,UCA,NY,AEA,EN,Federal Contract Tower,0,39,13,0,52,0,4,33,0,37,0,43,46,0,89,22,0,22,111
12/21/2001,UCA,NY,AEA,EN,Federal Contract Tower,0,35,16,0,51,0,6,27,0,33,0,41,43,0,84,46,0,46,130
12/22/2001,UCA,NY,AEA,EN,Federal Contract Tower,0,2,10,0,12,0,1,43,0,44,0,3,53,0,56,130,0,130,186
12/23/2001,UCA,NY,AEA,EN,Federal Contract Tower,0,4,1,0,5,0,1,29,0,30,0,5,30,0,35,24,0,24,59
12/24/2001,UCA,NY,AEA,EN,Federal Contract Tower,0,16,9,0,25,0,0,16,1,17,0,16,25,1,42,54,0,54,96
12/25/2001,UCA,NY,AEA,EN,Federal Contract Tower,0,21,1,0,22,0,1,15,0,16,0,22,16,0,38,6,0,6,44
12/26/2001,UCA,NY,AEA,EN,Federal Contract Tower,0,19,3,0,22,0,4,92,0,96,0,23,95,0,118,150,0,150,268
12/27/2001,UCA,NY,AEA,EN,Federal Contract Tower,0,32,27,0,59,0,5,43,0,48,0,37,70,0,107,84,0,84,191
12/28/2001,UCA,NY,AEA,EN,Federal Contract Tower,0,29,11,0,40,0,4,36,0,40,0,33,47,0,80,48,0,48,128
12/29/2001,UCA,NY,AEA,EN,Federal Contract Tower,0,1,9,0,10,0,0,8,0,8,0,1,17,0,18,38,0,38,56
12/30/2001,UCA,NY,AEA,EN,Federal Contract Tower,0,2,4,0,6,0,0,7,0,7,0,2,11,0,13,0,0,0,13
12/31/2001,UCA,NY,AEA,EN,Federal Contract Tower,0,17,9,0,26,0,2,4,0,6,0,19,13,0,32,4,0,4,36
01/01/2002,UCA,NY,AEA,EN,Federal Contract Tower,0,20,7,0,27,0,3,9,0,12,0,23,16,0,39,0,0,0,39
01/02/2002,UCA,NY,AEA,EN,Federal Contract Tower,0,18,22,3,43,0,3,19,0,22,0,21,41,3,65,12,12,24,89
01/03/2002,UCA,NY,AEA,EN,Federal Contract Tower,0,39,16,0,55,0,5,37,2,44,0,44,53,2,99,10,0,10,109
01/04/2002,UCA,NY,AEA,EN,Federal Contract Tower,0,36,19,10,65,0,3,43,0,46,0,39,62,10,111,86,22,108,219
01/05/2002,UCA,NY,AEA,EN,Federal Contract Tower,0,2,3,0,5,0,0,14,5,19,0,2,17,5,24,32,0,32,56
01/06/2002,UCA,NY,AEA,EN,Federal Contract Tower,0,2,4,2,8,0,0,16,4,20,0,2,20,6,28,28,0,28,56
01/07/2002,UCA,NY,AEA,EN,Federal Contract Tower,0,21,11,0,32,0,0,6,0,6,0,21,17,0,38,0,0,0,38
01/08/2002,UCA,NY,AEA,EN,Federal Contract Tower,0,40,20,0,60,0,2,35,0,37,0,42,55,0,97,40,0,40,137
01/09/2002,UCA,NY,AEA,EN,Federal Contract Tower,0,45,4,2,51,0,1,36,0,37,0,46,40,2,88,34,0,34,122
01/10/2002,UCA,NY,AEA,EN,Federal Contract Tower,0,40,20,1,61,2,7,40,5,54,2,47,60,6,115,46,2,48,163
01/11/2002,UCA,NY,AEA,EN,Federal Contract Tower,0,34,9,0,43,0,2,22,0,24,0,36,31,0,67,14,0,14,81
01/12/2002,UCA,NY,AEA,EN,Federal Contract Tower,0,1,0,0,1,0,0,50,0,50,0,1,50,0,51,132,0,132,183
01/13/2002,UCA,NY,AEA,EN,Federal Contract Tower,0,1,2,0,3,0,0,1,0,1,0,1,3,0,4,0,0,0,4
01/14/2002,UCA,NY,AEA,EN,Federal Contract Tower,0,25,13,7,45,0,9,47,16,72,0,34,60,23,117,70,26,96,213
01/15/2002,UCA,NY,AEA,EN,Federal Contract Tower,0,45,10,0,55,0,4,17,0,21,0,49,27,0,76,10,0,10,86
01/16/2002,UCA,NY,AEA,EN,Federal Contract Tower,0,41,18,0,59,0,3,14,0,17,0,44,32,0,76,0,0,0,76
01/17/2002,UCA,NY,AEA,EN,Federal Contract Tower,0,40,10,3,53,0,7,21,0,28,0,47,31,3,81,14,0,14,95
01/18/2002,UCA,NY,AEA,EN,Federal Contract Tower,0,40,9,0,49,0,3,26,0,29,0,43,35,0,78,40,0,40,118
01/19/2002,UCA,NY,AEA,EN,Federal Contract Tower,0,2,15,0,17,0,0,18,0,18,0,2,33,0,35,38,0,38,73
01/20/2002,UCA,NY,AEA,EN,Federal Contract Tower,0,1,8,0,9,0,0,26,0,26,0,1,34,0,35,40,0,40,75
01/21/2002,UCA,NY,AEA,EN,Federal Contract Tower,0,6,4,0,10,0,0,3,0,3,0,6,7,0,13,3,0,3,16
01/22/2002,UCA,NY,AEA,EN,Federal Contract Tower,0,20,23,2,45,0,7,67,1,75,0,27,90,3,120,88,0,88,208
01/23/2002,UCA,NY,AEA,EN,Federal Contract Tower,0,40,19,0,59,0,5,45,0,50,0,45,64,0,109,74,0,74,183
01/24/2002,UCA,NY,AEA,EN,Federal Contract Tower,0,40,16,0,56,0,4,11,0,15,0,44,27,0,71,34,0,34,105
01/25/2002,UCA,NY,AEA,EN,Federal Contract Tower,0,33,15,0,48,0,0,31,2,33,0,33,46,2,81,44,0,44,125
01/26/2002,UCA,NY,AEA,EN,Federal Contract Tower,0,1,0,0,1,0,0,45,0,45,0,1,45,0,46,96,0,96,142
01/27/2002,UCA,NY,AEA,EN,Federal Contract Tower,0,1,7,0,8,0,0,68,0,68,0,1,75,0,76,118,0,118,194
01/28/2002,UCA,NY,AEA,EN,Federal Contract Tower,0,22,16,0,38,0,1,86,0,87,0,23,102,0,125,134,0,134,259
01/29/2002,UCA,NY,AEA,EN,Federal Contract Tower,0,36,31,0,67,0,0,39,0,39,0,36,70,0,106,88,0,88,194
01/30/2002,UCA,NY,AEA,EN,Federal Contract Tower,0,42,33,0,75,0,1,7,0,8,0,43,40,0,83,0,0,0,83
01/31/2002,UCA,NY,AEA,EN,Federal Contract Tower,0,35,5,0,40,0,0,0,0,0,0,35,5,0,40,0,0,0,40
02/01/2002,UCA,NY,AEA,EN,Federal Contract Tower,0,26,15,3,44,0,7,16,4,27,0,33,31,7,71,9,12,21,92
02/02/2002,UCA,NY,AEA,EN,Federal Contract Tower,0,4,3,0,7,0,0,20,0,20,0,4,23,0,27,28,0,28,55
02/03/2002,UCA,NY,AEA,EN,Federal Contract Tower,0,2,4,4,10,0,0,12,8,20,0,2,16,12,30,38,0,38,68
02/04/2002,UCA,NY,AEA,EN,Federal Contract Tower,0,22,14,0,36,0,5,21,0,26,0,27,35,0,62,26,0,26,88
02/05/2002,UCA,NY,AEA,EN,Federal Contract Tower,0,44,22,0,66,0,3,34,2,39,0,47,56,2,105,30,0,30,135
02/06/2002,UCA,NY,AEA,EN,Federal Contract Tower,0,40,12,3,55,0,3,46,0,49,0,43,58,3,104,78,16,94,198
02/07/2002,UCA,NY,AEA,EN,Federal Contract Tower,2,44,13,0,59,0,0,59,1,60,2,44,72,1,119,64,0,64,183
02/08/2002,UCA,NY,AEA,EN,Federal Contract Tower,0,32,25,0,57,0,1,37,0,38,0,33,62,0,95,56,0,56,151
02/09/2002,UCA,NY,AEA,EN,Federal Contract Tower,0,1,13,8,22,0,0,70,0,70,0,1,83,8,92,106,0,106,198
02/10/2002,UCA,NY,AEA,EN,Federal Contract Tower,0,3,4,0,7,0,0,2,0,2,0,3,6,0,9,0,0,0,9
02/11/2002,UCA,NY,AEA,EN,Federal Contract Tower,0,21,6,0,27,0,0,40,0,40,0,21,46,0,67,40,0,40,107
02/12/2002,UCA,NY,AEA,EN,Federal Contract Tower,0,38,11,4,53,0,6,39,2,47,0,44,50,6,100,32,0,32,132
02/13/2002,UCA,NY,AEA,EN,Federal Contract Tower,0,37,9,0,46,0,5,14,0,19,0,42,23,0,65,14,0,14,79
02/14/2002,UCA,NY,AEA,EN,Federal Contract Tower,0,38,19,6,63,0,7,57,5,69,0,45,76,11,132,32,0,32,164
02/15/2002,UCA,NY,AEA,EN,Federal Contract Tower,0,36,14,0,50,0,2,42,0,44,0,38,56,0,94,34,0,34,128
02/16/2002,UCA,NY,AEA,EN,Federal Contract Tower,0,1,14,0,15,0,0,17,0,17,0,1,31,0,32,46,0,46,78
02/17/2002,UCA,NY,AEA,EN,Federal Contract Tower,0,2,5,0,7,0,0,5,0,5,0,2,10,0,12,0,0,0,12
02/18/2002,UCA,NY,AEA,EN,Federal Contract Tower,0,6,3,0,9,0,5,101,8,114,0,11,104,8,123,114,14,128,251
02/19/2002,UCA,NY,AEA,EN,Federal Contract Tower,0,13,21,0,34,0,15,65,3,83,0,28,86,3,117,76,6,82,199
02/20/2002,UCA,NY,AEA,EN,Federal Contract Tower,0,38,13,3,54,0,9,32,1,42,0,47,45,4,96,62,10,72,168
02/21/2002,UCA,NY,AEA,EN,Federal Contract Tower,0,40,17,0,57,0,4,27,1,32,0,44,44,1,89,40,0,40,129
02/22/2002,UCA,NY,AEA,EN,Federal Contract Tower,0,34,8,0,42,0,0,7,1,8,0,34,15,1,50,0,0,0,50
02/23/2002,UCA,NY,AEA,EN,Federal Contract Tower,0,1,13,0,14,0,0,10,0,10,0,1,23,0,24,94,0,94,118
02/24/2002,UCA,NY,AEA,EN,Federal Contract Tower,0,4,5,0,9,0,0,60,0,60,0,4,65,0,69,62,0,62,131
02/25/2002,UCA,NY,AEA,EN,Federal Contract Tower,0,21,12,1,34,0,3,41,3,47,0,24,53,4,81,48,0,48,129
02/26/2002,UCA,NY,AEA,EN,Federal Contract Tower,0,41,7,0,48,0,2,27,5,34,0,43,34,5,82,56,0,56,138
02/27/2002,UCA,NY,AEA,EN,Federal Contract Tower,0,37,11,0,48,0,5,7,0,12,0,42,18,0,60,50,0,50,110
02/28/2002,UCA,NY,AEA,EN,Federal Contract Tower,0,42,15,5,62,0,5,28,8,41,0,47,43,13,103,42,16,58,161
03/01/2002,UCA,NY,AEA,EN,Federal Contract Tower,0,32,32,0,64,0,9,23,0,32,0,41,55,0,96,26,0,26,122
03/02/2002,UCA,NY,AEA,EN,Federal Contract Tower,0,5,8,0,13,0,0,81,0,81,0,5,89,0,94,28,0,28,122
03/03/2002,UCA,NY,AEA,EN,Federal Contract Tower,0,2,4,0,6,0,1,16,0,17,0,3,20,0,23,24,0,24,47
03/04/2002,UCA,NY,AEA,EN,Federal Contract Tower,2,22,11,0,35,0,8,32,0,40,2,30,43,0,75,12,0,12,87
03/05/2002,UCA,NY,AEA,EN,Federal Contract Tower,0,45,9,0,54,0,6,53,4,63,0,51,62,4,117,110,0,110,227
03/06/2002,UCA,NY,AEA,EN,Federal Contract Tower,0,45,13,4,62,0,2,51,9,62,0,47,64,13,124,32,12,44,168
03/07/2002,UCA,NY,AEA,EN,Federal Contract Tower,0,38,15,1,54,0,6,70,0,76,0,44,85,1,130,46,0,46,176
03/08/2002,UCA,NY,AEA,EN,Federal Contract Tower,0,34,23,0,57,0,5,79,1,85,0,39,102,1,142,112,0,112,254
03/09/2002,UCA,NY,AEA,EN,Federal Contract Tower,0,2,3,0,5,0,0,15,0,15,0,2,18,0,20,44,0,44,64
03/10/2002,UCA,NY,AEA,EN,Federal Contract Tower,0,1,4,0,5,0,0,1,0,1,0,1,5,0,6,0,0,0,6
03/11/2002,UCA,NY,AEA,EN,Federal Contract Tower,0,23,10,4,37,0,14,57,0,71,0,37,67,4,108,108,18,126,234
03/12/2002,UCA,NY,AEA,EN,Federal Contract Tower,0,40,18,7,65,0,3,43,3,49,0,43,61,10,114,86,22,108,222
03/13/2002,UCA,NY,AEA,EN,Federal Contract Tower,0,34,25,6,65,0,7,40,0,47,0,41,65,6,112,62,14,76,188
03/14/2002,UCA,NY,AEA,EN,Federal Contract Tower,0,37,11,7,55,0,11,92,5,108,0,48,103,12,163,200,30,230,393
03/15/2002,UCA,NY,AEA,EN,Federal Contract Tower,0,30,21,0,51,0,3,53,0,56,0,33,74,0,107,80,0,80,187
03/16/2002,UCA,NY,AEA,EN,Federal Contract Tower,0,3,1,0,4,0,0,25,0,25,0,3,26,0,29,26,0,26,55
03/17/2002,UCA,NY,AEA,EN,Federal Contract Tower,0,2,9,1,12,0,0,41,1,42,0,2,50,2,54,84,0,84,138
03/18/2002,UCA,NY,AEA,EN,Federal Contract Tower,0,23,8,0,31,0,6,28,0,34,0,29,36,0,65,36,0,36,101
03/19/2002,UCA,NY,AEA,EN,Federal Contract Tower,0,40,12,2,54,0,1,84,0,85,0,41,96,2,139,190,32,222,361
03/20/2002,UCA,NY,AEA,EN,Federal Contract Tower,0,38,9,0,47,0,4,2,0,6,0,42,11,0,53,0,0,0,53
03/21/2002,UCA,NY,AEA,EN,Federal Contract Tower,2,38,15,0,55,0,3,49,0,52,2,41,64,0,107,0,0,0,107
03/22/2002,UCA,NY,AEA,EN,Federal Contract Tower,0,33,6,0,39,0,1,41,0,42,0,34,47,0,81,26,0,26,107
03/23/2002,UCA,NY,AEA,EN,Federal Contract Tower,0,1,5,0,6,0,0,11,0,11,0,1,16,0,17,6,0,6,23
03/24/2002,UCA,NY,AEA,EN,Federal Contract Tower,0,3,15,0,18,0,0,23,0,23,0,3,38,0,41,52,0,52,93
03/25/2002,UCA,NY,AEA,EN,Federal Contract Tower,0,25,26,0,51,0,1,65,0,66,0,26,91,0,117,180,0,180,297
03/26/2002,UCA,NY,AEA,EN,Federal Contract Tower,0,38,14,0,52,0,10,25,0,35,0,48,39,0,87,38,0,38,125
03/27/2002,UCA,NY,AEA,EN,Federal Contract Tower,0,40,20,0,60,0,2,32,0,34,0,42,52,0,94,80,0,80,174
03/28/2002,UCA,NY,AEA,EN,Federal Contract Tower,0,36,27,4,67,0,8,67,7,82,0,44,94,11,149,292,22,314,463
03/29/2002,UCA,NY,AEA,EN,Federal Contract Tower,0,27,12,0,39,0,6,51,0,57,0,33,63,0,96,110,0,110,206
03/30/2002,UCA,NY,AEA,EN,Federal Contract Tower,0,3,4,0,7,0,0,81,0,81,0,3,85,0,88,134,0,134,222
03/31/2002,UCA,NY,AEA,EN,Federal Contract Tower,0,0,0,0,0,0,4,46,0,50,0,4,46,0,50,30,0,30,80
04/01/2002,UCA,NY,AEA,EN,Federal Contract Tower,0,0,13,1,14,0,0,17,86,103,0,0,30,87,117,96,0,96,213
04/02/2002,UCA,NY,AEA,EN,Federal Contract Tower,0,39,20,0,59,0,8,51,2,61,0,47,71,2,120,32,0,32,152
04/03/2002,UCA,NY,AEA,EN,Federal Contract Tower,0,34,10,0,44,0,4,39,0,43,0,38,49,0,87,62,0,62,149
04/04/2002,UCA,NY,AEA,EN,Federal Contract Tower,0,39,18,3,60,0,3,55,1,59,0,42,73,4,119,31,56,87,206
04/05/2002,UCA,NY,AEA,EN,Federal Contract Tower,0,32,18,0,50,0,4,46,0,50,0,36,64,0,100,70,0,70,170
04/06/2002,UCA,NY,AEA,EN,Federal Contract Tower,0,1,3,0,4,0,0,29,0,29,0,1,32,0,33,46,0,46,79
04/07/2002,UCA,NY,AEA,EN,Federal Contract Tower,0,4,11,0,15,0,1,89,1,91,0,5,100,1,106,100,0,100,206
04/08/2002,UCA,NY,AEA,EN,Federal Contract Tower,0,21,8,0,29,0,6,71,0,77,0,27,79,0,106,90,0,90,196
04/09/2002,UCA,NY,AEA,EN,Federal Contract Tower,0,40,16,0,56,0,2,29,0,31,0,42,45,0,87,0,0,0,87
04/10/2002,UCA,NY,AEA,EN,Federal Contract Tower,0,35,14,2,51,0,8,68,0,76,0,43,82,2,127,140,0,140,267
04/11/2002,UCA,NY,AEA,EN,Federal Contract Tower,0,31,8,0,39,0,13,88,2,103,0,44,96,2,142,114,0,114,256
04/12/2002,UCA,NY,AEA,EN,Federal Contract Tower,0,27,8,0,35,0,4,62,0,66,0,31,70,0,101,134,0,134,235
04/13/2002,UCA,NY,AEA,EN,Federal Contract Tower,0,1,17,0,18,0,0,15,0,15,0,1,32,0,33,28,0,28,61
04/14/2002,UCA,NY,AEA,EN,Federal Contract Tower,0,6,7,0,13,0,0,29,0,29,0,6,36,0,42,28,0,28,70
04/15/2002,UCA,NY,AEA,EN,Federal Contract Tower,0,22,11,0,33,0,4,84,0,88,0,26,95,0,121,140,0,140,261
04/16/2002,UCA,NY,AEA,EN,Federal Contract Tower,0,41,14,0,55,0,8,78,0,86,0,49,92,0,141,130,0,130,271
04/17/2002,UCA,NY,AEA,EN,Federal Contract Tower,0,33,10,0,43,0,2,72,0,74,0,35,82,0,117,92,26,118,235
04/18/2002,UCA,NY,AEA,EN,Federal Contract Tower,2,36,14,0,52,0,5,100,0,105,2,41,114,0,157,196,0,196,353
04/19/2002,UCA,NY,AEA,EN,Federal Contract Tower,0,28,11,0,39,0,7,68,0,75,0,35,79,0,114,94,0,94,208
04/20/2002,UCA,NY,AEA,EN,Federal Contract Tower,0,3,5,0,8,1,0,28,0,29,1,3,33,0,37,34,0,34,71
04/21/2002,UCA,NY,AEA,EN,Federal Contract Tower,0,6,11,0,17,0,0,31,0,31,0,6,42,0,48,0,0,0,48
04/22/2002,UCA,NY,AEA,EN,Federal Contract Tower,0,25,5,0,30,0,0,41,0,41,0,25,46,0,71,76,0,76,147
04/23/2002,UCA,NY,AEA,EN,Federal Contract Tower,2,37,23,4,66,0,3,55,1,59,2,40,78,5,125,114,8,122,247
04/24/2002,UCA,NY,AEA,EN,Federal Contract Tower,2,36,15,1,54,0,7,103,4,114,2,43,118,5,168,208,0,208,376
04/25/2002,UCA,NY,AEA,EN,Federal Contract Tower,0,33,18,2,53,0,10,41,0,51,0,43,59,2,104,106,0,106,210
04/26/2002,UCA,NY,AEA,EN,Federal Contract Tower,0,31,5,0,36,0,0,68,0,68,0,31,73,0,104,54,0,54,158
04/27/2002,UCA,NY,AEA,EN,Federal Contract Tower,0,4,2,8,14,0,0,116,0,116,0,4,118,8,130,96,0,96,226
04/28/2002,UCA,NY,AEA,EN,Federal Contract Tower,0,8,4,0,12,0,0,0,0,0,0,8,4,0,12,0,0,0,12
04/29/2002,UCA,NY,AEA,EN,Federal Contract Tower,0,23,14,0,37,0,5,55,3,63,0,28,69,3,100,39,0,39,139
04/30/2002,UCA,NY,AEA,EN,Federal Contract Tower,0,36,17,7,60,0,1,37,7,45,0,37,54,14,105,74,0,74,179
05/01/2002,UCA,NY,AEA,EN,Federal Contract Tower,0,33,12,2,47,0,6,77,0,83,0,39,89,2,130,112,12,124,254
05/02/2002,UCA,NY,AEA,EN,Federal Contract Tower,0,38,22,0,60,0,2,47,2,51,0,40,69,2,111,72,0,72,183
05/03/2002,UCA,NY,AEA,EN,Federal Contract Tower,0,37,7,4,48,0,0,40,0,40,0,37,47,4,88,80,16,96,184
05/04/2002,UCA,NY,AEA,EN,Federal Contract Tower,0,1,9,0,10,0,0,61,0,61,0,1,70,0,71,150,0,150,221
05/05/2002,UCA,NY,AEA,EN,Federal Contract Tower,0,8,6,1,15,0,0,63,2,65,0,8,69,3,80,112,0,112,192
05/06/2002,UCA,NY,AEA,EN,Federal Contract Tower,0,24,17,5,46,0,2,63,3,68,0,26,80,8,114,102,10,112,226
05/07/2002,UCA,NY,AEA,EN,Federal Contract Tower,0,39,23,4,66,0,4,44,2,50,0,43,67,6,116,86,0,86,202
05/08/2002,UCA,NY,AEA,EN,Federal Contract Tower,0,41,22,7,70,0,3,74,3,80,0,44,96,10,150,104,34,138,288
05/09/2002,UCA,NY,AEA,EN,Federal Contract Tower,2,38,12,0,52,0,6,67,0,73,2,44,79,0,125,90,0,90,215
05/10/2002,UCA,NY,AEA,EN,Federal Contract Tower,0,29,11,2,42,1,5,43,0,49,1,34,54,2,91,66,0,66,157
05/11/2002,UCA,NY,AEA,EN,Federal Contract Tower,1,1,5,0,7,0,0,47,0,47,1,1,52,0,54,102,0,102,156
05/12/2002,UCA,NY,AEA,EN,Federal Contract Tower,0,9,12,0,21,0,0,4,0,4,0,9,16,0,25,0,0,0,25
05/13/2002,UCA,NY,AEA,EN,Federal Contract Tower,0,26,5,0,31,0,5,30,0,35,0,31,35,0,66,26,0,26,92
05/14/2002,UCA,NY,AEA,EN,Federal Contract Tower,0,44,27,0,71,0,4,27,0,31,0,48,54,0,102,54,0,54,156
05/15/2002,UCA,NY,AEA,EN,Federal Contract Tower,0,36,14,7,57,0,6,35,5,46,0,42,49,12,103,68,16,84,187
05/16/2002,UCA,NY,AEA,EN,Federal Contract Tower,0,35,26,4,65,0,6,71,10,87,0,41,97,14,152,130,20,150,302
05/17/2002,UCA,NY,AEA,EN,Federal Contract Tower,0,35,20,2,57,0,0,66,4,70,0,35,86,6,127,102,0,102,229
05/18/2002,UCA,NY,AEA,EN,Federal Contract Tower,0,2,9,0,11,0,0,22,0,22,0,2,31,0,33,50,0,50,83
05/19/2002,UCA,NY,AEA,EN,Federal Contract Tower,0,6,8,0,14,0,0,48,3,51,0,6,56,3,65,46,0,46,111
05/20/2002,UCA,NY,AEA,EN,Federal Contract Tower,0,27,21,0,48,0,10,60,1,71,0,37,81,1,119,130,0,130,249
05/21/2002,UCA,NY,AEA,EN,Federal Contract Tower,0,41,20,0,61,0,7,59,5,71,0,48,79,5,132,136,0,136,268
05/22/2002,UCA,NY,AEA,EN,Federal Contract Tower,0,29,15,1,45,0,31,67,9,107,0,60,82,10,152,162,0,162,314
05/23/2002,UCA,NY,AEA,EN,Federal Contract Tower,0,42,20,3,65,0,7,54,0,61,0,49,74,3,126,184,0,184,310
05/24/2002,UCA,NY,AEA,EN,Federal Contract Tower,0,38,32,0,70,0,5,7,0,12,0,43,39,0,82,68,0,68,150
05/25/2002,UCA,NY,AEA,EN,Federal Contract Tower,0,4,9,0,13,0,0,104,0,104,0,4,113,0,117,134,0,134,251
05/26/2002,UCA,NY,AEA,EN,Federal Contract Tower,1,5,9,0,15,0,0,14,0,14,1,5,23,0,29,46,0,46,75
05/27/2002,UCA,NY,AEA,EN,Federal Contract Tower,0,2,12,0,14,0,2,66,7,75,0,4,78,7,89,86,0,86,175
05/28/2002,UCA,NY,AEA,EN,Federal Contract Tower,0,26,20,0,46,0,13,70,0,83,0,39,90,0,129,150,0,150,279
05/29/2002,UCA,NY,AEA,EN,Federal Contract Tower,0,38,22,0,60,0,11,26,0,37,0,49,48,0,97,48,0,48,145
05/30/2002,UCA,NY,AEA,EN,Federal Contract Tower,0,41,30,0,71,0,4,59,0,63,0,45,89,0,134,114,0,114,248
05/31/2002,UCA,NY,AEA,EN,Federal Contract Tower,0,37,12,2,51,0,2,38,3,43,0,39,50,5,94,86,20,106,200
06/01/2002,UCA,NY,AEA,EN,Federal Contract Tower,0,1,1,2,4,0,0,59,30,89,0,1,60,32,93,88,64,152,245
06/02/2002,UCA,NY,AEA,EN,Federal Contract Tower,0,9,15,2,26,0,1,49,32,82,0,10,64,34,108,82,28,110,218
06/03/2002,UCA,NY,AEA,EN,Federal Contract Tower,0,22,11,0,33,0,5,90,0,95,0,27,101,0,128,116,0,116,244
06/04/2002,UCA,NY,AEA,EN,Federal Contract Tower,4,37,16,1,58,0,14,67,6,87,4,51,83,7,145,98,0,98,243
06/05/2002,UCA,NY,AEA,EN,Federal Contract Tower,0,47,13,0,60,0,13,91,0,104,0,60,104,0,164,96,0,96,260
06/06/2002,UCA,NY,AEA,EN,Federal Contract Tower,0,39,31,0,70,0,6,49,0,55,0,45,80,0,125,100,0,100,225
06/07/2002,UCA,NY,AEA,EN,Federal Contract Tower,0,36,19,1,56,0,17,133,6,156,0,53,152,7,212,190,0,190,402
06/08/2002,UCA,NY,AEA,EN,Federal Contract Tower,0,7,6,0,13,0,1,104,0,105,0,8,110,0,118,120,0,120,238
06/09/2002,UCA,NY,AEA,EN,Federal Contract Tower,0,5,11,0,16,0,1,74,0,75,0,6,85,0,91,80,0,80,171
06/10/2002,UCA,NY,AEA,EN,Federal Contract Tower,0,21,25,4,50,0,1,110,12,123,0,22,135,16,173,84,0,84,257
06/11/2002,UCA,NY,AEA,EN,Federal Contract Tower,0,40,27,0,67,0,6,56,0,62,0,46,83,0,129,104,0,104,233
06/12/2002,UCA,NY,AEA,EN,Federal Contract Tower,0,39,33,7,79,0,5,26,1,32,0,44,59,8,111,26,0,26,137
06/13/2002,UCA,NY,AEA,EN,Federal Contract Tower,0,41,31,5,77,0,10,50,11,71,0,51,81,16,148,114,14,128,276
06/14/2002,UCA,NY,AEA,EN,Federal Contract Tower,0,34,14,0,48,0,5,14,0,19,0,39,28,0,67,10,0,10,77
06/15/2002,UCA,NY,AEA,EN,Federal Contract Tower,0,2,5,0,7,0,1,12,0,13,0,3,17,0,20,26,0,26,46
06/16/2002,UCA,NY,AEA,EN,Federal Contract Tower,0,6,5,0,11,0,1,3,0,4,0,7,8,0,15,4,0,4,19
06/17/2002,UCA,NY,AEA,EN,Federal Contract Tower,0,26,15,0,41,0,10,50,0,60,0,36,65,0,101,108,0,108,209
06/18/2002,UCA,NY,AEA,EN,Federal Contract Tower,0,42,13,3,58,0,5,59,0,64,0,47,72,3,122,118,0,118,240
06/19/2002,UCA,NY,AEA,EN,Federal Contract Tower,0,39,18,4,61,0,8,74,1,83,0,47,92,5,144,142,0,142,286
06/20/2002,UCA,NY,AEA,EN,Federal Contract Tower,0,37,17,0,54,0,2,132,0,134,0,39,149,0,188,164,26,190,378
06/21/2002,UCA,NY,AEA,EN,Federal Contract Tower,0,33,14,0,47,0,5,93,0,98,0,38,107,0,145,110,0,110,255
06/22/2002,UCA,NY,AEA,EN,Federal Contract Tower,0,1,8,0,9,0,1,49,0,50,0,2,57,0,59,50,0,50,109
06/23/2002,UCA,NY,AEA,EN,Federal Contract Tower,0,7,14,0,21,0,1,8,0,9,0,8,22,0,30,86,0,86,116
06/24/2002,UCA,NY,AEA,EN,Federal Contract Tower,0,24,12,0,36,0,7,98,0,105,0,31,110,0,141,136,0,136,277
06/25/2002,UCA,NY,AEA,EN,Federal Contract Tower,0,45,25,3,73,0,3,69,6,78,0,48,94,9,151,132,12,144,295
06/26/2002,UCA,NY,AEA,EN,Federal Contract Tower,2,37,28,0,67,0,0,31,2,33,2,37,59,2,100,46,0,46,146
06/27/2002,UCA,NY,AEA,EN,Federal Contract Tower,4,43,12,4,63,0,0,27,6,33,4,43,39,10,96,44,16,60,156
06/28/2002,UCA,NY,AEA,EN,Federal Contract Tower,0,32,20,2,54,0,2,61,8,71,0,34,81,10,125,106,12,118,243
06/29/2002,UCA,NY,AEA,EN,Federal Contract Tower,0,2,5,0,7,0,0,57,0,57,0,2,62,0,64,68,0,68,132
06/30/2002,UCA,NY,AEA,EN,Federal Contract Tower,0,4,11,1,16,0,1,86,2,89,0,5,97,3,105,52,0,52,157
07/01/2002,UCA,NY,AEA,EN,Federal Contract Tower,0,19,19,9,47,0,2,62,9,73,0,21,81,18,120,118,14,132,252
07/02/2002,UCA,NY,AEA,EN,Federal Contract Tower,0,40,35,8,83,0,2,56,19,77,0,42,91,27,160,68,8,76,236
07/03/2002,UCA,NY,AEA,EN,Federal Contract Tower,0,31,16,0,47,0,6,66,0,72,0,37,82,0,119,122,0,122,241
07/04/2002,UCA,NY,AEA,EN,Federal Contract Tower,0,18,0,0,18,0,3,46,0,49,0,21,46,0,67,98,0,98,165
07/05/2002,UCA,NY,AEA,EN,Federal Contract Tower,0,10,8,0,18,0,0,103,0,103,0,10,111,0,121,72,0,72,193
07/06/2002,UCA,NY,AEA,EN,Federal Contract Tower,0,2,5,0,7,0,0,70,0,70,0,2,75,0,77,88,0,88,165
07/07/2002,UCA,NY,AEA,EN,Federal Contract Tower,0,3,17,0,20,0,0,16,0,16,0,3,33,0,36,26,0,26,62
07/08/2002,UCA,NY,AEA,EN,Federal Contract Tower,0,21,14,0,35,0,3,74,0,77,0,24,88,0,112,122,0,122,234
07/09/2002,UCA,NY,AEA,EN,Federal Contract Tower,0,31,27,2,60,0,6,52,0,58,0,37,79,2,118,26,0,26,144
07/10/2002,UCA,NY,AEA,EN,Federal Contract Tower,0,37,9,6,52,0,4,103,4,111,0,41,112,10,163,136,12,148,311
07/11/2002,UCA,NY,AEA,EN,Federal Contract Tower,0,29,29,1,59,0,5,99,3,107,0,34,128,4,166,158,0,158,324
07/12/2002,UCA,NY,AEA,EN,Federal Contract Tower,0,28,8,0,36,0,5,105,4,114,0,33,113,4,150,150,0,150,300
07/13/2002,UCA,NY,AEA,EN,Federal Contract Tower,0,2,8,0,10,0,26,71,0,97,0,28,79,0,107,90,0,90,197
07/14/2002,UCA,NY,AEA,EN,Federal Contract Tower,0,5,7,1,13,0,0,64,0,64,0,5,71,1,77,74,0,74,151
07/15/2002,UCA,NY,AEA,EN,Federal Contract Tower,0,17,12,0,29,0,3,85,0,88,0,20,97,0,117,146,0,146,263
07/16/2002,UCA,NY,AEA,EN,Federal Contract Tower,0,28,17,10,55,0,4,82,12,98,0,32,99,22,153,116,34,150,303
07/17/2002,UCA,NY,AEA,EN,Federal Contract Tower,0,29,17,0,46,0,7,61,0,68,0,36,78,0,114,128,0,128,242
07/18/2002,UCA,NY,AEA,EN,Federal Contract Tower,0,29,26,18,73,0,3,65,0,68,0,32,91,18,141,92,18,110,251
07/19/2002,UCA,NY,AEA,EN,Federal Contract Tower,0,33,18,2,53,0,0,49,4,53,0,33,67,6,106,62,28,90,196
07/20/2002,UCA,NY,AEA,EN,Federal Contract Tower,0,1,8,0,9,0,0,65,0,65,0,1,73,0,74,106,0,106,180
07/21/2002,UCA,NY,AEA,EN,Federal Contract Tower,0,7,10,0,17,0,0,67,4,71,0,7,77,4,88,74,0,74,162
07/22/2002,UCA,NY,AEA,EN,Federal Contract Tower,0,18,24,0,42,0,3,26,0,29,0,21,50,0,71,54,0,54,125
07/23/2002,UCA,NY,AEA,EN,Federal Contract Tower,0,33,36,10,79,0,1,36,6,43,0,34,72,16,122,66,4,70,192
07/24/2002,UCA,NY,AEA,EN,Federal Contract Tower,0,29,7,4,40,0,3,109,14,126,0,32,116,18,166,218,44,262,428
07/25/2002,UCA,NY,AEA,EN,Federal Contract Tower,0,29,38,4,71,0,4,120,3,127,0,33,158,7,198,104,0,104,302
07/26/2002,UCA,NY,AEA,EN,Federal Contract Tower,0,24,23,0,47,0,5,45,0,50,0,29,68,0,97,72,0,72,169
07/27/2002,UCA,NY,AEA,EN,Federal Contract Tower,0,4,19,0,23,0,0,32,0,32,0,4,51,0,55,98,0,98,153
07/28/2002,UCA,NY,AEA,EN,Federal Contract Tower,1,6,12,0,19,0,0,22,2,24,1,6,34,2,43,44,0,44,87
07/29/2002,UCA,NY,AEA,EN,Federal Contract Tower,1,18,22,2,43,1,4,50,4,59,2,22,72,6,102,92,0,92,194
07/30/2002,UCA,NY,AEA,EN,Federal Contract Tower,0,35,10,3,48,0,9,71,9,89,0,44,81,12,137,96,0,96,233
07/31/2002,UCA,NY,AEA,EN,Federal Contract Tower,0,30,18,1,49,0,10,76,5,91,0,40,94,6,140,154,14,168,308
08/01/2002,UCA,NY,AEA,EN,Federal Contract Tower,2,30,24,3,59,0,9,57,7,73,2,39,81,10,132,114,34,148,280
08/02/2002,UCA,NY,AEA,EN,Federal Contract Tower,0,26,13,0,39,0,0,34,0,34,0,26,47,0,73,90,0,90,163
08/03/2002,UCA,NY,AEA,EN,Federal Contract Tower,0,2,8,0,10,0,0,89,0,89,0,2,97,0,99,90,0,90,189
08/04/2002,UCA,NY,AEA,EN,Federal Contract Tower,0,4,12,0,16,0,0,48,0,48,0,4,60,0,64,66,0,66,130
08/05/2002,UCA,NY,AEA,EN,Federal Contract Tower,0,17,13,0,30,0,14,80,0,94,0,31,93,0,124,98,10,108,232
08/06/2002,UCA,NY,AEA,EN,Federal Contract Tower,0,31,12,4,47,0,6,60,1,67,0,37,72,5,114,90,0,90,204
08/07/2002,UCA,NY,AEA,EN,Federal Contract Tower,0,30,14,3,47,0,6,81,6,93,0,36,95,9,140,130,6,136,276
08/08/2002,UCA,NY,AEA,EN,Federal Contract Tower,3,28,24,5,60,1,1,114,11,127,4,29,138,16,187,132,16,148,335
08/09/2002,UCA,NY,AEA,EN,Federal Contract Tower,0,25,12,6,43,0,2,101,7,110,0,27,113,13,153,142,9,151,304
08/10/2002,UCA,NY,AEA,EN,Federal Contract Tower,0,2,9,0,11,0,0,49,0,49,0,2,58,0,60,88,0,88,148
08/11/2002,UCA,NY,AEA,EN,Federal Contract Tower,0,6,9,0,15,0,0,71,0,71,0,6,80,0,86,78,0,78,164
08/12/2002,UCA,NY,AEA,EN,Federal Contract Tower,0,16,10,0,26,0,4,47,6,57,0,20,57,6,83,94,48,142,225
08/13/2002,UCA,NY,AEA,EN,Federal Contract Tower,0,36,20,2,58,0,8,51,0,59,0,44,71,2,117,80,0,80,197
08/14/2002,UCA,NY,AEA,EN,Federal Contract Tower,0,39,29,0,68,0,1,16,0,17,0,40,45,0,85,18,0,18,103
08/15/2002,UCA,NY,AEA,EN,Federal Contract Tower,0,32,27,18,77,0,4,45,10,59,0,36,72,28,136,66,32,98,234
08/16/2002,UCA,NY,AEA,EN,Federal Contract Tower,0,27,15,0,42,0,1,56,4,61,0,28,71,4,103,56,4,60,163
08/17/2002,UCA,NY,AEA,EN,Federal Contract Tower,0,0,8,0,8,0,2,93,6,101,0,2,101,6,109,98,0,98,207
08/18/2002,UCA,NY,AEA,EN,Federal Contract Tower,0,2,8,0,10,0,0,60,0,60,0,2,68,0,70,76,0,76,146
08/19/2002,UCA,NY,AEA,EN,Federal Contract Tower,0,14,11,0,25,0,14,40,2,56,0,28,51,2,81,90,0,90,171
08/20/2002,UCA,NY,AEA,EN,Federal Contract Tower,0,35,30,2,67,0,6,66,5,77,0,41,96,7,144,158,20,178,322
08/21/2002,UCA,NY,AEA,EN,Federal Contract Tower,0,29,15,11,55,0,4,100,7,111,0,33,115,18,166,162,24,186,352
08/22/2002,UCA,NY,AEA,EN,Federal Contract Tower,0,33,17,0,50,0,5,42,0,47,0,38,59,0,97,144,0,144,241
08/23/2002,UCA,NY,AEA,EN,Federal Contract Tower,0,25,16,0,41,0,3,66,2,71,0,28,82,2,112,212,0,212,324
08/24/2002,UCA,NY,AEA,EN,Federal Contract Tower,0,0,8,0,8,0,0,28,0,28,0,0,36,0,36,22,0,22,58
08/25/2002,UCA,NY,AEA,EN,Federal Contract Tower,2,4,13,0,19,0,0,20,2,22,2,4,33,2,41,82,0,82,123
08/26/2002,UCA,NY,AEA,EN,Federal Contract Tower,2,15,17,3,37,0,4,90,1,95,2,19,107,4,132,160,0,160,292
08/27/2002,UCA,NY,AEA,EN,Federal Contract Tower,0,32,16,3,51,0,7,98,0,105,0,39,114,3,156,162,0,162,318
08/28/2002,UCA,NY,AEA,EN,Federal Contract Tower,0,34,17,0,51,0,3,78,0,81,0,37,95,0,132,140,0,140,272
08/29/2002,UCA,NY,AEA,EN,Federal Contract Tower,0,30,27,2,59,0,6,45,0,51,0,36,72,2,110,114,20,134,244
08/30/2002,UCA,NY,AEA,EN,Federal Contract Tower,0,27,22,0,49,0,6,51,1,58,0,33,73,1,107,106,0,106,213
08/31/2002,UCA,NY,AEA,EN,Federal Contract Tower,0,4,7,0,11,0,0,89,0,89,0,4,96,0,100,166,0,166,266
09/01/2002,UCA,NY,AEA,EN,Federal Contract Tower,0,2,5,0,7,0,0,54,0,54,0,2,59,0,61,48,0,48,109
09/02/2002,UCA,NY,AEA,EN,Federal Contract Tower,0,0,6,0,6,0,0,67,2,69,0,0,73,2,75,72,0,72,147
09/03/2002,UCA,NY,AEA,EN,Federal Contract Tower,0,19,17,0,36,0,5,65,0,70,0,24,82,0,106,112,0,112,218
09/04/2002,UCA,NY,AEA,EN,Federal Contract Tower,0,35,24,5,64,0,3,56,8,67,0,38,80,13,131,170,2,172,303
09/05/2002,UCA,NY,AEA,EN,Federal Contract Tower,0,33,17,7,57,0,2,72,6,80,0,35,89,13,137,124,24,148,285
09/06/2002,UCA,NY,AEA,EN,Federal Contract Tower,0,23,13,5,41,0,0,74,0,74,0,23,87,5,115,84,0,84,199
09/07/2002,UCA,NY,AEA,EN,Federal Contract Tower,0,0,7,2,9,0,0,49,2,51,0,0,56,4,60,126,0,126,186
09/08/2002,UCA,NY,AEA,EN,Federal Contract Tower,0,0,4,0,4,0,0,0,66,66,0,0,4,66,70,84,0,84,154
09/09/2002,UCA,NY,AEA,EN,Federal Contract Tower,0,15,12,20,47,0,5,63,2,70,0,20,75,22,117,90,0,90,207
09/10/2002,UCA,NY,AEA,EN,Federal Contract Tower,0,31,30,0,61,0,6,72,0,78,0,37,102,0,139,152,0,152,291
09/11/2002,UCA,NY,AEA,EN,Federal Contract Tower,0,30,15,4,49,0,0,47,8,55,0,30,62,12,104,52,0,52,156
09/12/2002,UCA,NY,AEA,EN,Federal Contract Tower,0,36,24,4,64,0,12,91,4,107,0,48,115,8,171,116,0,116,287
09/13/2002,UCA,NY,AEA,EN,Federal Contract Tower,0,23,9,0,32,0,6,85,7,98,0,29,94,7,130,66,0,66,196
09/14/2002,UCA,NY,AEA,EN,Federal Contract Tower,0,2,11,0,13,0,0,42,0,42,0,2,53,0,55,48,0,48,103
09/15/2002,UCA,NY,AEA,EN,Federal Contract Tower,0,4,4,0,8,0,0,16,0,16,0,4,20,0,24,16,0,16,40
09/16/2002,UCA,NY,AEA,EN,Federal Contract Tower,0,14,13,0,27,0,13,21,0,34,0,27,34,0,61,54,0,54,115
09/17/2002,UCA,NY,AEA,EN,Federal Contract Tower,0,33,36,5,74,0,0,53,29,82,0,33,89,34,156,58,16,74,230
09/18/2002,UCA,NY,AEA,EN,Federal Contract Tower,0,33,19,2,54,0,1,96,7,104,0,34,115,9,158,116,32,148,306
09/19/2002,UCA,NY,AEA,EN,Federal Contract Tower,0,31,32,4,67,0,3,70,10,83,0,34,102,14,150,60,0,60,210
09/20/2002,UCA,NY,AEA,EN,Federal Contract Tower,0,30,17,0,47,0,2,63,2,67,0,32,80,2,114,72,0,72,186
09/21/2002,UCA,NY,AEA,EN,Federal Contract Tower,0,1,11,0,12,0,0,32,0,32,0,1,43,0,44,28,0,28,72
09/22/2002,UCA,NY,AEA,EN,Federal Contract Tower,0,8,14,0,22,0,0,25,0,25,0,8,39,0,47,16,0,16,63
09/23/2002,UCA,NY,AEA,EN,Federal Contract Tower,0,18,17,4,39,0,6,56,4,66,0,24,73,8,105,90,6,96,201
09/24/2002,UCA,NY,AEA,EN,Federal Contract Tower,0,34,16,8,58,0,4,93,18,115,0,38,109,26,173,150,0,150,323
09/25/2002,UCA,NY,AEA,EN,Federal Contract Tower,0,32,22,5,59,0,2,91,30,123,0,34,113,35,182,162,0,162,344
09/26/2002,UCA,NY,AEA,EN,Federal Contract Tower,0,34,30,7,71,0,6,75,10,91,0,40,105,17,162,136,0,136,298
09/27/2002,UCA,NY,AEA,EN,Federal Contract Tower,0,31,24,0,55,0,0,16,0,16,0,31,40,0,71,0,0,0,71
09/28/2002,UCA,NY,AEA,EN,Federal Contract Tower,0,9,14,0,23,0,0,36,0,36,0,9,50,0,59,78,0,78,137
09/29/2002,UCA,NY,AEA,EN,Federal Contract Tower,0,6,8,1,15,0,0,77,3,80,0,6,85,4,95,84,0,84,179
09/30/2002,UCA,NY,AEA,EN,Federal Contract Tower,0,14,17,0,31,0,0,85,0,85,0,14,102,0,116,60,0,60,176
10/01/2002,UCA,NY,AEA,EN,Federal Contract Tower,0,33,29,8,70,0,0,87,12,99,0,33,116,20,169,98,48,146,315
10/02/2002,UCA,NY,AEA,EN,Federal Contract Tower,0,33,16,6,55,0,1,53,3,57,0,34,69,9,112,88,0,88,200
10/03/2002,UCA,NY,AEA,EN,Federal Contract Tower,0,31,42,17,90,0,1,64,9,74,0,32,106,26,164,86,14,100,264
10/04/2002,UCA,NY,AEA,EN,Federal Contract Tower,0,20,10,0,30,0,8,17,0,25,0,28,27,0,55,8,0,8,63
10/05/2002,UCA,NY,AEA,EN,Federal Contract Tower,0,2,6,3,11,0,0,23,4,27,0,2,29,7,38,14,10,24,62
10/06/2002,UCA,NY,AEA,EN,Federal Contract Tower,0,0,9,0,9,0,0,105,9,114,0,0,114,9,123,44,0,44,167
10/07/2002,UCA,NY,AEA,EN,Federal Contract Tower,0,13,13,2,28,0,0,26,2,28,0,13,39,4,56,50,0,50,106
10/08/2002,UCA,NY,AEA,EN,Federal Contract Tower,0,28,22,9,59,0,5,90,3,98,0,33,112,12,157,106,2,108,265
10/09/2002,UCA,NY,AEA,EN,Federal Contract Tower,0,22,32,0,54,0,13,51,0,64,0,35,83,0,118,88,0,88,206
10/10/2002,UCA,NY,AEA,EN,Federal Contract Tower,0,24,20,0,44,0,9,102,3,114,0,33,122,3,158,104,0,104,262
10/11/2002,UCA,NY,AEA,EN,Federal Contract Tower,0,29,25,0,54,0,0,8,0,8,0,29,33,0,62,10,0,10,72
10/12/2002,UCA,NY,AEA,EN,Federal Contract Tower,0,0,6,0,6,0,0,16,0,16,0,0,22,0,22,0,0,0,22
10/13/2002,UCA,NY,AEA,EN,Federal Contract Tower,0,0,16,0,16,0,0,33,0,33,0,0,49,0,49,28,0,28,77
10/14/2002,UCA,NY,AEA,EN,Federal Contract Tower,0,1,12,0,13,0,2,104,1,107,0,3,116,1,120,122,0,122,242
10/15/2002,UCA,NY,AEA,EN,Federal Contract Tower,0,8,9,0,17,0,11,85,4,100,0,19,94,4,117,76,0,76,193
10/16/2002,UCA,NY,AEA,EN,Federal Contract Tower,0,37,11,0,48,0,6,75,3,84,0,43,86,3,132,26,0,26,158
10/17/2002,UCA,NY,AEA,EN,Federal Contract Tower,0,34,22,0,56,0,1,87,3,91,0,35,109,3,147,100,0,100,247
10/18/2002,UCA,NY,AEA,EN,Federal Contract Tower,0,24,21,0,45,0,2,78,0,80,0,26,99,0,125,118,0,118,243
10/19/2002,UCA,NY,AEA,EN,Federal Contract Tower,0,0,1,0,1,0,0,0,0,0,0,0,1,0,1,0,0,0,1
10/20/2002,UCA,NY,AEA,EN,Federal Contract Tower,0,0,0,0,0,0,0,52,0,52,0,0,52,0,52,158,0,158,210
10/21/2002,UCA,NY,AEA,EN,Federal Contract Tower,0,13,13,8,34,0,0,114,5,119,0,13,127,13,153,86,12,98,251
10/22/2002,UCA,NY,AEA,EN,Federal Contract Tower,0,33,18,0,51,0,0,6,0,6,0,33,24,0,57,0,0,0,57
10/23/2002,UCA,NY,AEA,EN,Federal Contract Tower,0,33,17,5,55,0,0,39,2,41,0,33,56,7,96,124,16,140,236
10/24/2002,UCA,NY,AEA,EN,Federal Contract Tower,0,29,30,2,61,0,4,124,0,128,0,33,154,2,189,154,0,154,343
10/25/2002,UCA,NY,AEA,EN,Federal Contract Tower,0,25,11,0,36,0,3,104,2,109,0,28,115,2,145,146,0,146,291
10/26/2002,UCA,NY,AEA,EN,Federal Contract Tower,0,2,8,0,10,0,0,1,0,1,0,2,9,0,11,0,0,0,11
10/27/2002,UCA,NY,AEA,EN,Federal Contract Tower,0,0,5,0,5,0,0,6,1,7,0,0,11,1,12,32,0,32,44
10/28/2002,UCA,NY,AEA,EN,Federal Contract Tower,0,18,13,2,33,0,0,99,8,107,0,18,112,10,140,106,10,116,256
10/29/2002,UCA,NY,AEA,EN,Federal Contract Tower,0,28,24,1,53,0,5,101,0,106,0,33,125,1,159,68,0,68,227
10/30/2002,UCA,NY,AEA,EN,Federal Contract Tower,0,30,23,2,55,0,2,115,6,123,0,32,138,8,178,96,0,96,274
10/31/2002,UCA,NY,AEA,EN,Federal Contract Tower,0,32,25,5,62,0,0,105,4,109,0,32,130,9,171,160,10,170,341
11/01/2002,UCA,NY,AEA,EN,Federal Contract Tower,0,33,13,0,46,0,4,26,4,34,0,37,39,4,80,8,0,8,88
11/02/2002,UCA,NY,AEA,EN,Federal Contract Tower,0,2,1,4,7,0,0,4,2,6,0,2,5,6,13,34,0,34,47
11/03/2002,UCA,NY,AEA,EN,Federal Contract Tower,0,6,7,0,13,0,0,46,0,46,0,6,53,0,59,105,3,108,167
11/04/2002,UCA,NY,AEA,EN,Federal Contract Tower,0,21,11,0,32,0,3,17,0,20,0,24,28,0,52,36,0,36,88
11/05/2002,UCA,NY,AEA,EN,Federal Contract Tower,0,33,23,0,56,0,0,36,0,36,0,33,59,0,92,84,0,84,176
11/06/2002,UCA,NY,AEA,EN,Federal Contract Tower,0,33,15,0,48,0,0,44,0,44,0,33,59,0,92,84,0,84,176
11/07/2002,UCA,NY,AEA,EN,Federal Contract Tower,0,37,17,7,61,0,0,63,5,68,0,37,80,12,129,104,0,104,233
11/08/2002,UCA,NY,AEA,EN,Federal Contract Tower,0,16,9,0,25,0,12,58,0,70,0,28,67,0,95,60,0,60,155
11/09/2002,UCA,NY,AEA,EN,Federal Contract Tower,0,0,3,0,3,0,0,83,4,87,0,0,86,4,90,66,0,66,156
11/10/2002,UCA,NY,AEA,EN,Federal Contract Tower,0,3,1,0,4,0,0,9,2,11,0,3,10,2,15,0,0,0,15
11/11/2002,UCA,NY,AEA,EN,Federal Contract Tower,0,0,7,0,7,0,0,10,0,10,0,0,17,0,17,12,0,12,29
11/12/2002,UCA,NY,AEA,EN,Federal Contract Tower,0,14,29,5,48,0,0,25,5,30,0,14,54,10,78,70,0,70,148
11/13/2002,UCA,NY,AEA,EN,Federal Contract Tower,0,34,32,5,71,0,0,38,7,45,0,34,70,12,116,32,2,34,150
11/14/2002,UCA,NY,AEA,EN,Federal Contract Tower,0,34,15,8,57,0,4,81,5,90,0,38,96,13,147,76,12,88,235
11/15/2002,UCA,NY,AEA,EN,Federal Contract Tower,0,28,16,1,45,0,0,44,3,47,0,28,60,4,92,68,22,90,182
11/16/2002,UCA,NY,AEA,EN,Federal Contract Tower,0,0,1,0,1,0,0,0,0,0,0,0,1,0,1,0,0,0,1
11/17/2002,UCA,NY,AEA,EN,Federal Contract Tower,0,0,0,0,0,0,2,0,0,2,0,2,0,0,2,0,0,0,2
11/18/2002,UCA,NY,AEA,EN,Federal Contract Tower,0,17,9,0,26,0,0,0,1,1,0,17,9,1,27,0,0,0,27
11/19/2002,UCA,NY,AEA,EN,Federal Contract Tower,0,32,16,7,55,0,0,19,5,24,0,32,35,12,79,28,44,72,151
11/20/2002,UCA,NY,AEA,EN,Federal Contract Tower,0,31,21,3,55,0,1,103,3,107,0,32,124,6,162,170,8,178,340
11/21/2002,UCA,NY,AEA,EN,Federal Contract Tower,0,27,23,4,54,0,4,46,0,50,0,31,69,4,104,14,0,14,118
11/22/2002,UCA,NY,AEA,EN,Federal Contract Tower,0,24,18,0,42,0,0,8,0,8,0,24,26,0,50,0,0,0,50
11/23/2002,UCA,NY,AEA,EN,Federal Contract Tower,0,4,2,0,6,0,0,0,0,0,0,4,2,0,6,0,0,0,6
11/24/2002,UCA,NY,AEA,EN,Federal Contract Tower,0,0,7,0,7,0,0,46,0,46,0,0,53,0,53,68,0,68,121
11/25/2002,UCA,NY,AEA,EN,Federal Contract Tower,0,15,17,2,34,0,1,12,0,13,0,16,29,2,47,4,0,4,51
11/26/2002,UCA,NY,AEA,EN,Federal Contract Tower,0,38,31,5,74,0,0,59,5,64,0,38,90,10,138,84,2,86,224
11/27/2002,UCA,NY,AEA,EN,Federal Contract Tower,0,33,13,3,49,0,3,15,4,22,0,36,28,7,71,112,12,124,195
11/28/2002,UCA,NY,AEA,EN,Federal Contract Tower,0,16,11,0,27,0,7,7,0,14,0,23,18,0,41,28,0,28,69
11/29/2002,UCA,NY,AEA,EN,Federal Contract Tower,0,11,1,0,12,0,0,6,0,6,0,11,7,0,18,0,0,0,18
11/30/2002,UCA,NY,AEA,EN,Federal Contract Tower,0,1,2,0,3,0,0,16,0,16,0,1,18,0,19,28,0,28,47
12/01/2002,UCA,NY,AEA,EN,Federal Contract Tower,0,1,4,0,5,0,0,1,0,1,0,1,5,0,6,0,0,0,6
12/02/2002,UCA,NY,AEA,EN,Federal Contract Tower,0,16,18,0,34,0,1,1,0,2,0,17,19,0,36,0,0,0,36
12/03/2002,UCA,NY,AEA,EN,Federal Contract Tower,0,33,22,6,61,0,0,65,14,79,0,33,87,20,140,50,0,50,190
12/04/2002,UCA,NY,AEA,EN,Federal Contract Tower,0,30,29,0,59,0,0,41,0,41,0,30,70,0,100,44,0,44,144
12/05/2002,UCA,NY,AEA,EN,Federal Contract Tower,2,29,22,0,53,0,0,20,0,20,2,29,42,0,73,16,0,16,89
12/06/2002,UCA,NY,AEA,EN,Federal Contract Tower,0,27,24,2,53,1,0,84,8,93,1,27,108,10,146,72,10,82,228
12/07/2002,UCA,NY,AEA,EN,Federal Contract Tower,0,11,6,0,17,0,1,86,0,87,0,12,92,0,104,92,0,92,196
12/08/2002,UCA,NY,AEA,EN,Federal Contract Tower,0,0,10,0,10,0,0,1,0,1,0,0,11,0,11,0,0,0,11
12/09/2002,UCA,NY,AEA,EN,Federal Contract Tower,0,13,7,0,20,0,12,43,0,55,0,25,50,0,75,66,0,66,141
12/10/2002,UCA,NY,AEA,EN,Federal Contract Tower,0,32,13,0,45,0,2,85,0,87,0,34,98,0,132,90,0,90,222
12/11/2002,UCA,NY,AEA,EN,Federal Contract Tower,0,31,18,0,49,0,0,50,0,50,0,31,68,0,99,30,0,30,129
12/12/2002,UCA,NY,AEA,EN,Federal Contract Tower,0,38,9,0,47,0,1,8,0,9,0,39,17,0,56,56,0,56,112
12/13/2002,UCA,NY,AEA,EN,Federal Contract Tower,0,25,14,0,39,0,4,28,0,32,0,29,42,0,71,40,0,40,111
12/14/2002,UCA,NY,AEA,EN,Federal Contract Tower,0,1,2,0,3,0,0,14,0,14,0,1,16,0,17,42,0,42,59
12/15/2002,UCA,NY,AEA,EN,Federal Contract Tower,0,0,5,0,5,0,0,3,0,3,0,0,8,0,8,0,0,0,8
12/16/2002,UCA,NY,AEA,EN,Federal Contract Tower,0,16,8,6,30,0,1,9,4,14,0,17,17,10,44,16,0,16,60
12/17/2002,UCA,NY,AEA,EN,Federal Contract Tower,0,38,15,5,58,0,3,97,5,105,0,41,112,10,163,72,12,84,247
12/18/2002,UCA,NY,AEA,EN,Federal Contract Tower,0,25,16,1,42,0,12,112,9,133,0,37,128,10,175,130,20,150,325
12/19/2002,UCA,NY,AEA,EN,Federal Contract Tower,0,32,21,0,53,0,0,79,5,84,0,32,100,5,137,118,0,118,255
12/20/2002,UCA,NY,AEA,EN,Federal Contract Tower,0,28,18,0,46,0,0,44,0,44,0,28,62,0,90,48,0,48,138
12/21/2002,UCA,NY,AEA,EN,Federal Contract Tower,0,0,4,0,4,0,0,5,0,5,0,0,9,0,9,2,0,2,11
12/22/2002,UCA,NY,AEA,EN,Federal Contract Tower,0,0,18,0,18,0,0,33,0,33,0,0,51,0,51,126,0,126,177
12/23/2002,UCA,NY,AEA,EN,Federal Contract Tower,0,13,21,0,34,0,1,6,0,7,0,14,27,0,41,0,0,0,41
12/24/2002,UCA,NY,AEA,EN,Federal Contract Tower,0,28,0,0,28,0,11,34,0,45,0,39,34,0,73,54,0,54,127
12/25/2002,UCA,NY,AEA,EN,Federal Contract Tower,0,20,0,0,20,0,0,0,0,0,0,20,0,0,20,0,0,0,20
12/26/2002,UCA,NY,AEA,EN,Federal Contract Tower,0,17,0,0,17,0,0,1,0,1,0,17,1,0,18,0,0,0,18
12/27/2002,UCA,NY,AEA,EN,Federal Contract Tower,0,26,11,0,37,0,0,6,0,6,0,26,17,0,43,0,0,0,43
12/28/2002,UCA,NY,AEA,EN,Federal Contract Tower,0,0,1,0,1,0,0,6,0,6,0,0,7,0,7,12,0,12,19
12/29/2002,UCA,NY,AEA,EN,Federal Contract Tower,0,0,11,0,11,0,0,25,0,25,0,0,36,0,36,50,0,50,86
12/30/2002,UCA,NY,AEA,EN,Federal Contract Tower,0,9,10,0,19,0,2,32,5,39,0,11,42,5,58,20,0,20,78
12/31/2002,UCA,NY,AEA,EN,Federal Contract Tower,0,28,6,0,34,0,14,0,0,14,0,42,6,0,48,4,0,4,52
01/01/2003,UCA,NY,AEA,EN,Federal Contract Tower,0,8,19,0,27,0,12,6,0,18,0,20,25,0,45,109,0,109,154
01/02/2003,UCA,NY,AEA,EN,Federal Contract Tower,0,19,5,0,24,0,0,31,0,31,0,19,36,0,55,100,0,100,155
01/03/2003,UCA,NY,AEA,EN,Federal Contract Tower,0,29,0,0,29,0,0,0,0,0,0,29,0,0,29,0,0,0,29
01/04/2003,UCA,NY,AEA,EN,Federal Contract Tower,0,2,3,0,5,0,0,0,0,0,0,2,3,0,5,0,0,0,5
01/05/2003,UCA,NY,AEA,EN,Federal Contract Tower,0,0,3,4,7,0,0,9,14,23,0,0,12,18,30,166,0,166,196
01/06/2003,UCA,NY,AEA,EN,Federal Contract Tower,0,15,22,5,42,0,2,10,9,21,0,17,32,14,63,8,0,8,71
01/07/2003,UCA,NY,AEA,EN,Federal Contract Tower,0,36,17,0,53,0,1,57,0,58,0,37,74,0,111,40,0,40,151
01/08/2003,UCA,NY,AEA,EN,Federal Contract Tower,0,26,17,0,43,0,0,9,0,9,0,26,26,0,52,0,0,0,52
01/09/2003,UCA,NY,AEA,EN,Federal Contract Tower,0,33,16,0,49,0,0,17,0,17,0,33,33,0,66,0,0,0,66
01/10/2003,UCA,NY,AEA,EN,Federal Contract Tower,0,26,16,0,42,0,0,56,0,56,0,26,72,0,98,98,0,98,196
01/11/2003,UCA,NY,AEA,EN,Federal Contract Tower,0,0,1,0,1,0,0,1,0,1,0,0,2,0,2,0,0,0,2
01/12/2003,UCA,NY,AEA,EN,Federal Contract Tower,0,0,6,0,6,0,0,4,0,4,0,0,10,0,10,12,0,12,22
01/13/2003,UCA,NY,AEA,EN,Federal Contract Tower,0,13,6,0,19,0,1,11,0,12,0,14,17,0,31,0,0,0,31
01/14/2003,UCA,NY,AEA,EN,Federal Contract Tower,0,38,9,2,49,0,0,35,0,35,0,38,44,2,84,20,0,20,104
01/15/2003,UCA,NY,AEA,EN,Federal Contract Tower,0,30,10,0,40,0,1,24,2,27,0,31,34,2,67,10,0,10,77
01/16/2003,UCA,NY,AEA,EN,Federal Contract Tower,0,31,18,0,49,0,17,48,0,65,0,48,66,0,114,44,0,44,158
01/17/2003,UCA,NY,AEA,EN,Federal Contract Tower,0,25,10,0,35,0,3,23,0,26,0,28,33,0,61,28,0,28,89
01/18/2003,UCA,NY,AEA,EN,Federal Contract Tower,0,0,4,0,4,0,0,45,2,47,0,0,49,2,51,40,4,44,95
01/19/2003,UCA,NY,AEA,EN,Federal Contract Tower,0,0,3,0,3,0,0,42,0,42,0,0,45,0,45,48,0,48,93
01/20/2003,UCA,NY,AEA,EN,Federal Contract Tower,0,0,2,0,2,0,0,0,0,0,0,0,2,0,2,0,0,0,2
01/21/2003,UCA,NY,AEA,EN,Federal Contract Tower,0,10,13,0,23,0,1,22,0,23,0,11,35,0,46,6,0,6,52
01/22/2003,UCA,NY,AEA,EN,Federal Contract Tower,0,27,16,0,43,0,6,27,0,33,0,33,43,0,76,16,0,16,92
01/23/2003,UCA,NY,AEA,EN,Federal Contract Tower,0,27,16,2,45,0,3,21,0,24,0,30,37,2,69,14,0,14,83
01/24/2003,UCA,NY,AEA,EN,Federal Contract Tower,0,24,13,0,37,0,3,36,0,39,0,27,49,0,76,44,26,70,146
01/25/2003,UCA,NY,AEA,EN,Federal Contract Tower,0,2,3,0,5,0,0,32,0,32,0,2,35,0,37,38,0,38,75
01/26/2003,UCA,NY,AEA,EN,Federal Contract Tower,0,3,5,0,8,0,0,0,0,0,0,3,5,0,8,0,0,0,8
01/27/2003,UCA,NY,AEA,EN,Federal Contract Tower,0,14,18,0,32,0,2,24,0,26,0,16,42,0,58,20,0,20,78
01/28/2003,UCA,NY,AEA,EN,Federal Contract Tower,0,29,17,2,48,0,2,34,0,36,0,31,51,2,84,24,0,24,108
01/29/2003,UCA,NY,AEA,EN,Federal Contract Tower,0,30,19,0,49,0,1,20,2,23,0,31,39,2,72,4,0,4,76
01/30/2003,UCA,NY,AEA,EN,Federal Contract Tower,0,30,9,0,39,0,0,80,3,83,0,30,89,3,122,94,0,94,216
01/31/2003,UCA,NY,AEA,EN,Federal Contract Tower,0,26,10,1,37,0,1,50,3,54,0,27,60,4,91,66,6,72,163
02/01/2003,UCA,NY,AEA,EN,Federal Contract Tower,0,0,1,0,1,0,0,20,0,20,0,0,21,0,21,0,0,0,21
02/02/2003,UCA,NY,AEA,EN,Federal Contract Tower,0,2,2,0,4,0,0,0,0,0,0,2,2,0,4,0,0,0,4
02/03/2003,UCA,NY,AEA,EN,Federal Contract Tower,0,15,21,0,36,0,0,38,0,38,0,15,59,0,74,14,0,14,88
02/04/2003,UCA,NY,AEA,EN,Federal Contract Tower,0,26,13,0,39,0,0,6,0,6,0,26,19,0,45,0,0,0,45
02/05/2003,UCA,NY,AEA,EN,Federal Contract Tower,0,29,14,0,43,0,0,11,0,11,0,29,25,0,54,0,0,0,54
02/06/2003,UCA,NY,AEA,EN,Federal Contract Tower,0,30,29,14,73,0,0,87,23,110,0,30,116,37,183,98,38,136,319
02/07/2003,UCA,NY,AEA,EN,Federal Contract Tower,0,27,18,0,45,0,0,18,2,20,0,27,36,2,65,8,0,8,73
02/08/2003,UCA,NY,AEA,EN,Federal Contract Tower,0,1,9,0,10,0,0,36,1,37,0,1,45,1,47,54,0,54,101
02/09/2003,UCA,NY,AEA,EN,Federal Contract Tower,0,0,2,0,2,0,0,11,0,11,0,0,13,0,13,0,0,0,13
02/10/2003,UCA,NY,AEA,EN,Federal Contract Tower,0,12,8,0,20,0,2,10,0,12,0,14,18,0,32,0,0,0,32
02/11/2003,UCA,NY,AEA,EN,Federal Contract Tower,0,33,10,0,43,0,62,41,0,103,0,95,51,0,146,24,0,24,170
02/12/2003,UCA,NY,AEA,EN,Federal Contract Tower,0,30,6,0,36,0,0,0,0,0,0,30,6,0,36,0,0,0,36
02/13/2003,UCA,NY,AEA,EN,Federal Contract Tower,0,32,27,0,59,0,2,7,0,9,0,34,34,0,68,0,0,0,68
02/14/2003,UCA,NY,AEA,EN,Federal Contract Tower,0,27,17,1,45,0,5,36,0,41,0,32,53,1,86,26,0,26,112
02/15/2003,UCA,NY,AEA,EN,Federal Contract Tower,0,0,5,0,5,0,59,0,4,63,0,59,5,4,68,46,0,46,114
02/16/2003,UCA,NY,AEA,EN,Federal Contract Tower,0,0,0,0,0,0,12,0,0,12,0,12,0,0,12,8,0,8,20
02/17/2003,UCA,NY,AEA,EN,Federal Contract Tower,0,0,0,0,0,0,19,0,0,19,0,19,0,0,19,8,0,8,27
02/18/2003,UCA,NY,AEA,EN,Federal Contract Tower,0,8,19,0,27,0,1,20,0,21,0,9,39,0,48,0,0,0,48
02/19/2003,UCA,NY,AEA,EN,Federal Contract Tower,0,33,17,0,50,0,0,42,0,42,0,33,59,0,92,48,0,48,140
02/20/2003,UCA,NY,AEA,EN,Federal Contract Tower,0,28,28,3,59,0,3,58,13,74,0,31,86,16,133,118,0,118,251
02/21/2003,UCA,NY,AEA,EN,Federal Contract Tower,0,22,19,3,44,0,7,65,3,75,0,29,84,6,119,34,8,42,161
02/22/2003,UCA,NY,AEA,EN,Federal Contract Tower,0,0,1,0,1,0,0,0,0,0,0,0,1,0,1,14,0,14,15
02/23/2003,UCA,NY,AEA,EN,Federal Contract Tower,0,1,5,0,6,0,0,0,0,0,0,1,5,0,6,0,0,0,6
02/24/2003,UCA,NY,AEA,EN,Federal Contract Tower,0,14,7,0,21,0,0,6,0,6,0,14,13,0,27,0,0,0,27
02/25/2003,UCA,NY,AEA,EN,Federal Contract Tower,0,34,20,5,59,0,0,80,5,85,0,34,100,10,144,26,18,44,188
02/26/2003,UCA,NY,AEA,EN,Federal Contract Tower,0,31,29,0,60,0,2,84,2,88,0,33,113,2,148,98,0,98,246
02/27/2003,UCA,NY,AEA,EN,Federal Contract Tower,4,32,15,9,60,0,6,54,0,60,4,38,69,9,120,34,16,50,170
02/28/2003,UCA,NY,AEA,EN,Federal Contract Tower,0,26,23,0,49,0,1,85,0,86,0,27,108,0,135,82,0,82,217
03/01/2003,UCA,NY,AEA,EN,Federal Contract Tower,0,0,9,0,9,0,0,32,6,38,0,0,41,6,47,38,24,62,109
03/02/2003,UCA,NY,AEA,EN,Federal Contract Tower,0,0,2,0,2,0,0,23,0,23,0,0,25,0,25,0,0,0,25
03/03/2003,UCA,NY,AEA,EN,Federal Contract Tower,0,10,5,2,17,0,2,46,16,64,0,12,51,18,81,56,14,70,151
03/04/2003,UCA,NY,AEA,EN,Federal Contract Tower,0,27,29,0,56,0,16,42,2,60,0,43,71,2,116,16,2,18,134
03/05/2003,UCA,NY,AEA,EN,Federal Contract Tower,0,30,18,4,52,0,1,22,4,27,0,31,40,8,79,0,0,0,79
03/06/2003,UCA,NY,AEA,EN,Federal Contract Tower,0,35,33,0,68,0,7,34,0,41,0,42,67,0,109,10,0,10,119
03/07/2003,UCA,NY,AEA,EN,Federal Contract Tower,0,20,13,1,34,0,6,43,5,54,0,26,56,6,88,30,2,32,120
03/08/2003,UCA,NY,AEA,EN,Federal Contract Tower,0,1,26,0,27,0,1,32,0,33,0,2,58,0,60,66,0,66,126
03/09/2003,UCA,NY,AEA,EN,Federal Contract Tower,0,0,1,0,1,0,0,0,0,0,0,0,1,0,1,0,0,0,1
03/10/2003,UCA,NY,AEA,EN,Federal Contract Tower,0,15,15,4,34,0,2,12,4,18,0,17,27,8,52,0,0,0,52
03/11/2003,UCA,NY,AEA,EN,Federal Contract Tower,0,27,17,2,46,0,7,87,0,94,0,34,104,2,140,68,0,68,208
03/12/2003,UCA,NY,AEA,EN,Federal Contract Tower,0,28,14,0,42,0,2,25,0,27,0,30,39,0,69,0,0,0,69
03/13/2003,UCA,NY,AEA,EN,Federal Contract Tower,0,29,11,0,40,0,3,15,0,18,0,32,26,0,58,0,0,0,58
03/14/2003,UCA,NY,AEA,EN,Federal Contract Tower,0,24,16,0,40,0,5,95,4,104,0,29,111,4,144,81,0,81,225
03/15/2003,UCA,NY,AEA,EN,Federal Contract Tower,0,0,19,1,20,0,0,66,1,67,0,0,85,2,87,80,0,80,167
03/16/2003,UCA,NY,AEA,EN,Federal Contract Tower,0,0,14,0,14,0,0,85,2,87,0,0,99,2,101,150,0,150,251
03/17/2003,UCA,NY,AEA,EN,Federal Contract Tower,0,12,12,2,26,0,2,51,0,53,0,14,63,2,79,152,0,152,231
03/18/2003,UCA,NY,AEA,EN,Federal Contract Tower,0,39,36,4,79,0,8,91,0,99,0,47,127,4,178,88,0,88,266
03/19/2003,UCA,NY,AEA,EN,Federal Contract Tower,0,28,18,9,55,0,4,116,21,141,0,32,134,30,196,150,32,182,378
03/20/2003,UCA,NY,AEA,EN,Federal Contract Tower,0,29,10,0,39,0,3,27,0,30,0,32,37,0,69,0,0,0,69
03/21/2003,UCA,NY,AEA,EN,Federal Contract Tower,0,25,15,0,40,0,3,44,0,47,0,28,59,0,87,30,0,30,117
03/22/2003,UCA,NY,AEA,EN,Federal Contract Tower,0,0,15,0,15,0,0,24,2,26,0,0,39,2,41,36,0,36,77
03/23/2003,UCA,NY,AEA,EN,Federal Contract Tower,0,1,10,0,11,0,1,21,0,22,0,2,31,0,33,101,0,101,134
03/24/2003,UCA,NY,AEA,EN,Federal Contract Tower,0,12,19,0,31,0,1,37,0,38,0,13,56,0,69,30,0,30,99
03/25/2003,UCA,NY,AEA,EN,Federal Contract Tower,0,32,13,0,45,0,10,42,0,52,0,42,55,0,97,98,0,98,195
03/26/2003,UCA,NY,AEA,EN,Federal Contract Tower,0,29,22,6,57,0,0,27,6,33,0,29,49,12,90,30,10,40,130
03/27/2003,UCA,NY,AEA,EN,Federal Contract Tower,2,30,23,0,55,0,0,88,0,88,2,30,111,0,143,194,0,194,337
03/28/2003,UCA,NY,AEA,EN,Federal Contract Tower,0,27,9,0,36,0,2,62,1,65,0,29,71,1,101,158,0,158,259
03/29/2003,UCA,NY,AEA,EN,Federal Contract Tower,0,2,2,5,9,0,0,21,2,23,0,2,23,7,32,36,0,36,68
03/30/2003,UCA,NY,AEA,EN,Federal Contract Tower,0,0,0,0,0,0,0,29,0,29,0,0,29,0,29,0,0,0,29
03/31/2003,UCA,NY,AEA,EN,Federal Contract Tower,0,14,19,0,33,0,6,36,0,42,0,20,55,0,75,144,0,144,219
04/01/2003,UCA,NY,AEA,EN,Federal Contract Tower,0,32,10,0,42,0,0,28,1,29,0,32,38,1,71,0,0,0,71
04/02/2003,UCA,NY,AEA,EN,Federal Contract Tower,0,31,19,3,53,0,0,17,0,17,0,31,36,3,70,32,0,32,102
04/03/2003,UCA,NY,AEA,EN,Federal Contract Tower,0,28,14,0,42,0,0,18,0,18,0,28,32,0,60,54,0,54,114
04/04/2003,UCA,NY,AEA,EN,Federal Contract Tower,0,25,0,0,25,0,2,9,0,11,0,27,9,0,36,0,0,0,36
04/05/2003,UCA,NY,AEA,EN,Federal Contract Tower,0,0,0,0,0,0,0,0,0,0,0,0,0,0,0,0,0,0,0
04/06/2003,UCA,NY,AEA,EN,Federal Contract Tower,0,0,5,0,5,0,0,22,1,23,0,0,27,1,28,52,0,52,80
04/07/2003,UCA,NY,AEA,EN,Federal Contract Tower,0,14,6,0,20,0,4,31,0,35,0,18,37,0,55,0,0,0,55
04/08/2003,UCA,NY,AEA,EN,Federal Contract Tower,0,32,16,0,48,0,5,32,0,37,0,37,48,0,85,46,0,46,131
04/09/2003,UCA,NY,AEA,EN,Federal Contract Tower,0,36,6,0,42,0,8,23,0,31,0,44,29,0,73,0,0,0,73
04/10/2003,UCA,NY,AEA,EN,Federal Contract Tower,0,34,31,9,74,0,4,66,15,85,0,38,97,24,159,118,6,124,283
04/11/2003,UCA,NY,AEA,EN,Federal Contract Tower,0,24,19,0,43,0,5,72,0,77,0,29,91,0,120,90,0,90,210
04/12/2003,UCA,NY,AEA,EN,Federal Contract Tower,0,2,12,0,14,0,0,50,12,62,0,2,62,12,76,64,0,64,140
04/13/2003,UCA,NY,AEA,EN,Federal Contract Tower,0,0,5,0,5,0,0,77,1,78,0,0,82,1,83,146,0,146,229
04/14/2003,UCA,NY,AEA,EN,Federal Contract Tower,0,13,11,0,24,0,0,74,0,74,0,13,85,0,98,87,0,87,185
04/15/2003,UCA,NY,AEA,EN,Federal Contract Tower,0,26,16,2,44,0,9,84,4,97,0,35,100,6,141,134,4,138,279
04/16/2003,UCA,NY,AEA,EN,Federal Contract Tower,0,20,36,3,59,0,17,74,5,96,0,37,110,8,155,162,8,170,325
04/17/2003,UCA,NY,AEA,EN,Federal Contract Tower,0,27,20,0,47,0,5,71,0,76,0,32,91,0,123,164,0,164,287
04/18/2003,UCA,NY,AEA,EN,Federal Contract Tower,0,26,18,0,44,0,2,57,2,61,0,28,75,2,105,52,0,52,157
04/19/2003,UCA,NY,AEA,EN,Federal Contract Tower,0,0,11,2,13,0,0,79,0,79,0,0,90,2,92,156,2,158,250
04/20/2003,UCA,NY,AEA,EN,Federal Contract Tower,0,1,6,0,7,0,0,72,0,72,0,1,78,0,79,186,0,186,265
04/21/2003,UCA,NY,AEA,EN,Federal Contract Tower,0,16,14,0,30,0,3,42,0,45,0,19,56,0,75,116,0,116,191
04/22/2003,UCA,NY,AEA,EN,Federal Contract Tower,2,35,22,0,59,0,0,46,0,46,2,35,68,0,105,34,0,34,139
04/23/2003,UCA,NY,AEA,EN,Federal Contract Tower,2,34,7,5,48,0,3,64,4,71,2,37,71,9,119,2,0,2,121
04/24/2003,UCA,NY,AEA,EN,Federal Contract Tower,2,31,39,9,81,0,0,87,8,95,2,31,126,17,176,56,28,84,260
04/25/2003,UCA,NY,AEA,EN,Federal Contract Tower,0,25,11,5,41,0,5,116,21,142,0,30,127,26,183,144,26,170,353
04/26/2003,UCA,NY,AEA,EN,Federal Contract Tower,0,1,16,1,18,0,0,8,0,8,0,1,24,1,26,6,0,6,32
04/27/2003,UCA,NY,AEA,EN,Federal Contract Tower,0,1,22,4,27,0,0,74,11,85,0,1,96,15,112,96,0,96,208
04/28/2003,UCA,NY,AEA,EN,Federal Contract Tower,0,14,17,1,32,0,6,100,4,110,0,20,117,5,142,345,0,345,487
04/29/2003,UCA,NY,AEA,EN,Federal Contract Tower,0,30,32,4,66,0,7,108,5,120,0,37,140,9,186,208,14,222,408
04/30/2003,UCA,NY,AEA,EN,Federal Contract Tower,0,34,37,0,71,0,3,115,0,118,0,37,152,0,189,268,0,268,457
05/01/2003,UCA,NY,AEA,EN,Federal Contract Tower,0,29,21,0,50,0,4,65,0,69,0,33,86,0,119,106,0,106,225
05/02/2003,UCA,NY,AEA,EN,Federal Contract Tower,0,25,20,0,45,0,6,52,0,58,0,31,72,0,103,22,0,22,125
05/03/2003,UCA,NY,AEA,EN,Federal Contract Tower,0,0,13,0,13,0,0,96,0,96,0,0,109,0,109,180,0,180,289
05/04/2003,UCA,NY,AEA,EN,Federal Contract Tower,0,0,11,0,11,0,0,130,0,130,0,0,141,0,141,278,0,278,419
05/05/2003,UCA,NY,AEA,EN,Federal Contract Tower,0,14,10,0,24,0,1,70,6,77,0,15,80,6,101,104,8,112,213
05/06/2003,UCA,NY,AEA,EN,Federal Contract Tower,0,32,17,5,54,0,4,61,2,67,0,36,78,7,121,164,8,172,293
05/07/2003,UCA,NY,AEA,EN,Federal Contract Tower,0,33,22,0,55,0,4,67,0,71,0,37,89,0,126,202,0,202,328
05/08/2003,UCA,NY,AEA,EN,Federal Contract Tower,0,30,42,8,80,0,1,70,5,76,0,31,112,13,156,108,12,120,276
05/09/2003,UCA,NY,AEA,EN,Federal Contract Tower,0,25,27,0,52,0,2,88,3,93,0,27,115,3,145,144,0,144,289
05/10/2003,UCA,NY,AEA,EN,Federal Contract Tower,0,1,18,0,19,0,0,66,2,68,0,1,84,2,87,170,2,172,259
05/11/2003,UCA,NY,AEA,EN,Federal Contract Tower,0,0,5,0,5,0,0,6,0,6,0,0,11,0,11,28,0,28,39
05/12/2003,UCA,NY,AEA,EN,Federal Contract Tower,0,16,42,0,58,0,0,9,0,9,0,16,51,0,67,84,0,84,151
05/13/2003,UCA,NY,AEA,EN,Federal Contract Tower,0,31,36,0,67,0,1,22,0,23,0,32,58,0,90,0,0,0,90
05/14/2003,UCA,NY,AEA,EN,Federal Contract Tower,0,31,34,0,65,0,0,34,0,34,0,31,68,0,99,102,0,102,201
05/15/2003,UCA,NY,AEA,EN,Federal Contract Tower,0,34,19,0,53,0,6,94,0,100,0,40,113,0,153,116,0,116,269
05/16/2003,UCA,NY,AEA,EN,Federal Contract Tower,0,31,8,0,39,0,0,38,0,38,0,31,46,0,77,42,0,42,119
05/17/2003,UCA,NY,AEA,EN,Federal Contract Tower,0,0,16,0,16,0,0,50,0,50,0,0,66,0,66,172,0,172,238
05/18/2003,UCA,NY,AEA,EN,Federal Contract Tower,0,0,14,0,14,0,0,84,8,92,0,0,98,8,106,284,4,288,394
05/19/2003,UCA,NY,AEA,EN,Federal Contract Tower,0,16,29,1,46,0,1,77,2,80,0,17,106,3,126,98,0,98,224
05/20/2003,UCA,NY,AEA,EN,Federal Contract Tower,0,32,33,0,65,0,2,75,0,77,0,34,108,0,142,224,0,224,366
05/21/2003,UCA,NY,AEA,EN,Federal Contract Tower,2,30,32,8,72,0,4,56,7,67,2,34,88,15,139,178,24,202,341
05/22/2003,UCA,NY,AEA,EN,Federal Contract Tower,0,30,32,5,67,0,0,75,4,79,0,30,107,9,146,128,8,136,282
05/23/2003,UCA,NY,AEA,EN,Federal Contract Tower,1,27,13,0,41,0,0,61,0,61,1,27,74,0,102,134,0,134,236
05/24/2003,UCA,NY,AEA,EN,Federal Contract Tower,0,0,7,0,7,0,0,10,0,10,0,0,17,0,17,4,0,4,21
05/25/2003,UCA,NY,AEA,EN,Federal Contract Tower,0,0,3,0,3,0,0,21,0,21,0,0,24,0,24,320,0,320,344
05/26/2003,UCA,NY,AEA,EN,Federal Contract Tower,0,2,20,0,22,0,0,41,0,41,0,2,61,0,63,56,0,56,119
05/27/2003,UCA,NY,AEA,EN,Federal Contract Tower,0,15,25,10,50,0,0,57,9,66,0,15,82,19,116,186,28,214,330
05/28/2003,UCA,NY,AEA,EN,Federal Contract Tower,0,32,21,0,53,0,4,47,0,51,0,36,68,0,104,84,0,84,188
05/29/2003,UCA,NY,AEA,EN,Federal Contract Tower,2,31,40,2,75,0,4,51,4,59,2,35,91,6,134,48,0,48,182
05/30/2003,UCA,NY,AEA,EN,Federal Contract Tower,0,27,25,0,52,0,3,64,0,67,0,30,89,0,119,122,0,122,241
05/31/2003,UCA,NY,AEA,EN,Federal Contract Tower,0,0,6,0,6,0,0,41,0,41,0,0,47,0,47,168,0,168,215
06/01/2003,UCA,NY,AEA,EN,Federal Contract Tower,0,0,10,0,10,0,0,10,0,10,0,0,20,0,20,146,0,146,166
06/02/2003,UCA,NY,AEA,EN,Federal Contract Tower,0,13,18,3,34,0,2,62,0,64,0,15,80,3,98,218,0,218,316
06/03/2003,UCA,NY,AEA,EN,Federal Contract Tower,0,27,33,0,60,0,4,98,2,104,0,31,131,2,164,190,0,190,354
06/04/2003,UCA,NY,AEA,EN,Federal Contract Tower,0,35,25,4,64,0,0,71,4,75,0,35,96,8,139,164,16,180,319
06/05/2003,UCA,NY,AEA,EN,Federal Contract Tower,0,36,22,11,69,0,4,31,17,52,0,40,53,28,121,2,0,2,123
06/06/2003,UCA,NY,AEA,EN,Federal Contract Tower,0,29,17,0,46,0,3,38,0,41,0,32,55,0,87,16,0,16,103
06/07/2003,UCA,NY,AEA,EN,Federal Contract Tower,0,8,6,0,14,0,0,15,0,15,0,8,21,0,29,120,0,120,149
06/08/2003,UCA,NY,AEA,EN,Federal Contract Tower,0,1,6,0,7,0,0,43,0,43,0,1,49,0,50,198,0,198,248
06/09/2003,UCA,NY,AEA,EN,Federal Contract Tower,0,14,15,6,35,0,0,45,6,51,0,14,60,12,86,138,8,146,232
06/10/2003,UCA,NY,AEA,EN,Federal Contract Tower,0,32,32,3,67,0,16,104,0,120,0,48,136,3,187,240,24,264,451
06/11/2003,UCA,NY,AEA,EN,Federal Contract Tower,0,36,43,9,88,0,5,33,6,44,0,41,76,15,132,74,10,84,216
06/12/2003,UCA,NY,AEA,EN,Federal Contract Tower,0,30,25,5,60,0,8,58,2,68,0,38,83,7,128,56,10,66,194
06/13/2003,UCA,NY,AEA,EN,Federal Contract Tower,0,29,10,0,39,0,1,27,0,28,0,30,37,0,67,0,0,0,67
06/14/2003,UCA,NY,AEA,EN,Federal Contract Tower,0,1,13,0,14,0,0,15,0,15,0,1,28,0,29,58,0,58,87
06/15/2003,UCA,NY,AEA,EN,Federal Contract Tower,0,1,7,3,11,0,0,48,7,55,0,1,55,10,66,166,4,170,236
06/16/2003,UCA,NY,AEA,EN,Federal Contract Tower,2,12,35,1,50,0,6,82,6,94,2,18,117,7,144,218,0,218,362
06/17/2003,UCA,NY,AEA,EN,Federal Contract Tower,0,30,6,8,44,0,3,153,10,166,0,33,159,18,210,156,16,172,382
06/18/2003,UCA,NY,AEA,EN,Federal Contract Tower,0,32,23,2,57,0,6,41,1,48,0,38,64,3,105,196,8,204,309
06/19/2003,UCA,NY,AEA,EN,Federal Contract Tower,0,28,32,5,65,0,0,28,4,32,0,28,60,9,97,112,0,112,209
06/20/2003,UCA,NY,AEA,EN,Federal Contract Tower,0,28,20,1,49,0,1,70,0,71,0,29,90,1,120,90,0,90,210
06/21/2003,UCA,NY,AEA,EN,Federal Contract Tower,0,0,12,5,17,0,0,11,1,12,0,0,23,6,29,64,14,78,107
06/22/2003,UCA,NY,AEA,EN,Federal Contract Tower,0,0,17,0,17,0,0,54,0,54,0,0,71,0,71,126,0,126,197
06/23/2003,UCA,NY,AEA,EN,Federal Contract Tower,0,15,21,0,36,0,0,94,4,98,0,15,115,4,134,190,6,196,330
06/24/2003,UCA,NY,AEA,EN,Federal Contract Tower,2,29,18,0,49,0,4,108,0,112,2,33,126,0,161,190,0,190,351
06/25/2003,UCA,NY,AEA,EN,Federal Contract Tower,2,28,13,1,44,0,3,78,4,85,2,31,91,5,129,214,0,214,343
06/26/2003,UCA,NY,AEA,EN,Federal Contract Tower,0,32,19,4,55,0,4,59,0,63,0,36,78,4,118,100,14,114,232
06/27/2003,UCA,NY,AEA,EN,Federal Contract Tower,0,25,21,1,47,0,3,24,3,30,0,28,45,4,77,20,0,20,97
06/28/2003,UCA,NY,AEA,EN,Federal Contract Tower,0,0,8,0,8,0,0,66,3,69,0,0,74,3,77,126,0,126,203
06/29/2003,UCA,NY,AEA,EN,Federal Contract Tower,2,0,8,0,10,0,0,52,0,52,2,0,60,0,62,126,0,126,188
06/30/2003,UCA,NY,AEA,EN,Federal Contract Tower,0,16,22,0,38,0,3,57,0,60,0,19,79,0,98,162,0,162,260
07/01/2003,UCA,NY,AEA,EN,Federal Contract Tower,2,29,23,0,54,0,3,86,2,91,2,32,109,2,145,188,4,192,337
07/02/2003,UCA,NY,AEA,EN,Federal Contract Tower,0,29,17,0,46,0,1,81,4,86,0,30,98,4,132,168,0,168,300
07/03/2003,UCA,NY,AEA,EN,Federal Contract Tower,0,26,22,0,48,0,0,75,0,75,0,26,97,0,123,50,0,50,173
07/04/2003,UCA,NY,AEA,EN,Federal Contract Tower,0,0,11,0,11,0,2,76,0,78,0,2,87,0,89,76,0,76,165
07/05/2003,UCA,NY,AEA,EN,Federal Contract Tower,0,0,4,0,4,0,0,33,2,35,0,0,37,2,39,190,0,190,229
07/06/2003,UCA,NY,AEA,EN,Federal Contract Tower,0,2,6,0,8,0,0,44,0,44,0,2,50,0,52,120,0,120,172
07/07/2003,UCA,NY,AEA,EN,Federal Contract Tower,0,14,22,0,36,0,0,43,0,43,0,14,65,0,79,0,0,0,79
07/08/2003,UCA,NY,AEA,EN,Federal Contract Tower,0,32,22,5,59,0,2,38,9,49,0,34,60,14,108,34,12,46,154
07/09/2003,UCA,NY,AEA,EN,Federal Contract Tower,0,30,19,0,49,0,6,29,0,35,0,36,48,0,84,0,0,0,84
07/10/2003,UCA,NY,AEA,EN,Federal Contract Tower,0,29,26,7,62,0,7,82,7,96,0,36,108,14,158,92,14,106,264
07/11/2003,UCA,NY,AEA,EN,Federal Contract Tower,0,27,7,1,35,0,3,32,3,38,0,30,39,4,73,0,0,0,73
07/12/2003,UCA,NY,AEA,EN,Federal Contract Tower,0,0,8,2,10,0,0,83,16,99,0,0,91,18,109,206,0,206,315
07/13/2003,UCA,NY,AEA,EN,Federal Contract Tower,0,1,15,0,16,0,0,36,8,44,0,1,51,8,60,114,0,114,174
07/14/2003,UCA,NY,AEA,EN,Federal Contract Tower,0,15,12,2,29,0,0,94,12,106,0,15,106,14,135,62,0,62,197
07/15/2003,UCA,NY,AEA,EN,Federal Contract Tower,0,30,22,0,52,0,2,122,4,128,0,32,144,4,180,128,12,140,320
07/16/2003,UCA,NY,AEA,EN,Federal Contract Tower,0,31,30,2,63,0,1,30,0,31,0,32,60,2,94,166,26,192,286
07/17/2003,UCA,NY,AEA,EN,Federal Contract Tower,0,29,24,0,53,0,4,91,0,95,0,33,115,0,148,192,8,200,348
07/18/2003,UCA,NY,AEA,EN,Federal Contract Tower,0,29,12,3,44,0,2,34,0,36,0,31,46,3,80,186,0,186,266
07/19/2003,UCA,NY,AEA,EN,Federal Contract Tower,0,2,14,0,16,0,0,40,2,42,0,2,54,2,58,170,4,174,232
07/20/2003,UCA,NY,AEA,EN,Federal Contract Tower,0,2,8,3,13,0,0,50,2,52,0,2,58,5,65,126,10,136,201
07/21/2003,UCA,NY,AEA,EN,Federal Contract Tower,0,14,12,0,26,0,1,21,0,22,0,15,33,0,48,32,0,32,80
07/22/2003,UCA,NY,AEA,EN,Federal Contract Tower,0,35,13,4,52,0,2,36,2,40,0,37,49,6,92,44,0,44,136
07/23/2003,UCA,NY,AEA,EN,Federal Contract Tower,0,30,25,2,57,0,0,26,0,26,0,30,51,2,83,76,2,78,161
07/24/2003,UCA,NY,AEA,EN,Federal Contract Tower,2,28,22,0,52,0,0,40,0,40,2,28,62,0,92,48,0,48,140
07/25/2003,UCA,NY,AEA,EN,Federal Contract Tower,0,24,15,0,39,0,5,121,13,139,0,29,136,13,178,156,0,156,334
07/26/2003,UCA,NY,AEA,EN,Federal Contract Tower,0,2,10,0,12,0,0,58,0,58,0,2,68,0,70,200,8,208,278
07/27/2003,UCA,NY,AEA,EN,Federal Contract Tower,0,4,7,0,11,0,0,9,0,9,0,4,16,0,20,66,0,66,86
07/28/2003,UCA,NY,AEA,EN,Federal Contract Tower,0,13,12,0,25,0,3,65,2,70,0,16,77,2,95,134,0,134,229
07/29/2003,UCA,NY,AEA,EN,Federal Contract Tower,2,29,36,1,68,0,11,64,2,77,2,40,100,3,145,206,0,206,351
07/30/2003,UCA,NY,AEA,EN,Federal Contract Tower,0,25,39,5,69,0,12,52,1,65,0,37,91,6,134,128,20,148,282
07/31/2003,UCA,NY,AEA,EN,Federal Contract Tower,2,30,33,3,68,0,9,56,0,65,2,39,89,3,133,66,0,66,199
08/01/2003,UCA,NY,AEA,EN,Federal Contract Tower,0,28,14,0,42,0,2,7,0,9,0,30,21,0,51,51,0,51,102
08/02/2003,UCA,NY,AEA,EN,Federal Contract Tower,0,2,14,0,16,0,0,44,6,50,0,2,58,6,66,176,8,184,250
08/03/2003,UCA,NY,AEA,EN,Federal Contract Tower,0,0,15,2,17,0,0,28,0,28,0,0,43,2,45,110,12,122,167
08/04/2003,UCA,NY,AEA,EN,Federal Contract Tower,0,15,11,1,27,0,0,47,5,52,0,15,58,6,79,66,0,66,145
08/05/2003,UCA,NY,AEA,EN,Federal Contract Tower,0,35,25,0,60,0,0,50,0,50,0,35,75,0,110,186,0,186,296
08/06/2003,UCA,NY,AEA,EN,Federal Contract Tower,0,30,15,0,45,0,0,45,4,49,0,30,60,4,94,76,0,76,170
08/07/2003,UCA,NY,AEA,EN,Federal Contract Tower,0,28,33,9,70,0,2,70,3,75,0,30,103,12,145,206,22,228,373
08/08/2003,UCA,NY,AEA,EN,Federal Contract Tower,0,28,22,0,50,0,2,49,0,51,0,30,71,0,101,138,0,138,239
08/09/2003,UCA,NY,AEA,EN,Federal Contract Tower,0,0,6,0,6,0,0,29,0,29,0,0,35,0,35,74,0,74,109
08/10/2003,UCA,NY,AEA,EN,Federal Contract Tower,0,0,5,0,5,0,0,19,2,21,0,0,24,2,26,108,4,112,138
08/11/2003,UCA,NY,AEA,EN,Federal Contract Tower,0,15,21,0,36,0,0,9,0,9,0,15,30,0,45,80,0,80,125
08/12/2003,UCA,NY,AEA,EN,Federal Contract Tower,0,16,39,3,58,0,32,0,1,33,0,48,39,4,91,16,0,16,107
08/13/2003,UCA,NY,AEA,EN,Federal Contract Tower,0,29,26,4,59,0,13,64,5,82,0,42,90,9,141,102,10,112,253
08/14/2003,UCA,NY,AEA,EN,Federal Contract Tower,0,32,23,4,59,0,2,90,3,95,0,34,113,7,154,86,14,100,254
08/15/2003,UCA,NY,AEA,EN,Federal Contract Tower,0,24,10,0,34,0,6,57,0,63,0,30,67,0,97,100,0,100,197
08/16/2003,UCA,NY,AEA,EN,Federal Contract Tower,0,1,6,0,7,0,0,64,3,67,0,1,70,3,74,52,0,52,126
08/17/2003,UCA,NY,AEA,EN,Federal Contract Tower,0,2,11,2,15,0,0,66,11,77,0,2,77,13,92,282,22,304,396
08/18/2003,UCA,NY,AEA,EN,Federal Contract Tower,0,13,24,0,37,0,2,70,0,72,0,15,94,0,109,170,0,170,279
08/19/2003,UCA,NY,AEA,EN,Federal Contract Tower,0,33,42,6,81,0,1,90,0,91,0,34,132,6,172,238,18,256,428
08/20/2003,UCA,NY,AEA,EN,Federal Contract Tower,2,29,16,4,51,0,7,125,6,138,2,36,141,10,189,126,20,146,335
08/21/2003,UCA,NY,AEA,EN,Federal Contract Tower,4,28,27,0,59,0,2,71,6,79,4,30,98,6,138,122,6,128,266
08/22/2003,UCA,NY,AEA,EN,Federal Contract Tower,0,25,17,0,42,0,3,59,0,62,0,28,76,0,104,100,0,100,204
08/23/2003,UCA,NY,AEA,EN,Federal Contract Tower,0,0,3,0,3,0,0,34,0,34,0,0,37,0,37,152,0,152,189
08/24/2003,UCA,NY,AEA,EN,Federal Contract Tower,0,2,12,0,14,0,0,48,0,48,0,2,60,0,62,268,0,268,330
08/25/2003,UCA,NY,AEA,EN,Federal Contract Tower,0,16,14,2,32,0,3,57,0,60,0,19,71,2,92,226,4,230,322
08/26/2003,UCA,NY,AEA,EN,Federal Contract Tower,0,28,20,0,48,0,6,51,0,57,0,34,71,0,105,180,0,180,285
08/27/2003,UCA,NY,AEA,EN,Federal Contract Tower,0,30,15,0,45,0,3,74,2,79,0,33,89,2,124,144,0,144,268
08/28/2003,UCA,NY,AEA,EN,Federal Contract Tower,0,32,34,5,71,0,4,94,18,116,0,36,128,23,187,236,12,248,435
08/29/2003,UCA,NY,AEA,EN,Federal Contract Tower,0,18,17,0,35,0,11,44,0,55,0,29,61,0,90,88,0,88,178
08/30/2003,UCA,NY,AEA,EN,Federal Contract Tower,0,2,7,0,9,0,0,39,0,39,0,2,46,0,48,144,8,152,200
08/31/2003,UCA,NY,AEA,EN,Federal Contract Tower,0,0,3,0,3,0,0,47,0,47,0,0,50,0,50,158,4,162,212
09/01/2003,UCA,NY,AEA,EN,Federal Contract Tower,0,2,20,0,22,0,0,25,0,25,0,2,45,0,47,22,0,22,69
09/02/2003,UCA,NY,AEA,EN,Federal Contract Tower,0,15,22,0,37,0,5,48,0,53,0,20,70,0,90,92,0,92,182
09/03/2003,UCA,NY,AEA,EN,Federal Contract Tower,0,32,25,5,62,0,3,30,0,33,0,35,55,5,95,96,24,120,215
09/04/2003,UCA,NY,AEA,EN,Federal Contract Tower,0,32,22,3,57,0,0,52,5,57,0,32,74,8,114,228,0,228,342
09/05/2003,UCA,NY,AEA,EN,Federal Contract Tower,0,32,32,0,64,0,0,82,5,87,0,32,114,5,151,130,0,130,281
09/06/2003,UCA,NY,AEA,EN,Federal Contract Tower,0,0,12,0,12,0,0,56,5,61,0,0,68,5,73,250,14,264,337
09/07/2003,UCA,NY,AEA,EN,Federal Contract Tower,0,0,15,0,15,0,0,60,0,60,0,0,75,0,75,220,0,220,295
09/08/2003,UCA,NY,AEA,EN,Federal Contract Tower,0,14,13,0,27,0,1,50,4,55,0,15,63,4,82,228,0,228,310
09/09/2003,UCA,NY,AEA,EN,Federal Contract Tower,0,31,14,0,45,0,2,70,7,79,0,33,84,7,124,234,0,234,358
09/10/2003,UCA,NY,AEA,EN,Federal Contract Tower,0,27,35,0,62,0,6,80,8,94,0,33,115,8,156,238,0,238,394
09/11/2003,UCA,NY,AEA,EN,Federal Contract Tower,0,33,33,0,66,0,4,55,4,63,0,37,88,4,129,88,0,88,217
09/12/2003,UCA,NY,AEA,EN,Federal Contract Tower,0,24,10,0,34,0,5,58,2,65,0,29,68,2,99,60,0,60,159
09/13/2003,UCA,NY,AEA,EN,Federal Contract Tower,0,0,7,0,7,0,0,65,4,69,0,0,72,4,76,222,0,222,298
09/14/2003,UCA,NY,AEA,EN,Federal Contract Tower,0,0,13,0,13,0,0,11,0,11,0,0,24,0,24,150,0,150,174
09/15/2003,UCA,NY,AEA,EN,Federal Contract Tower,0,6,13,0,19,0,0,33,0,33,0,6,46,0,52,50,0,50,102
09/16/2003,UCA,NY,AEA,EN,Federal Contract Tower,0,9,14,4,27,0,6,79,1,86,0,15,93,5,113,81,6,87,200
09/17/2003,UCA,NY,AEA,EN,Federal Contract Tower,0,7,18,4,29,0,2,80,8,90,0,9,98,12,119,230,12,242,361
09/18/2003,UCA,NY,AEA,EN,Federal Contract Tower,2,7,18,6,33,0,4,58,11,73,2,11,76,17,106,80,4,84,190
09/19/2003,UCA,NY,AEA,EN,Federal Contract Tower,0,9,8,0,17,0,2,30,0,32,0,11,38,0,49,8,0,8,57
09/20/2003,UCA,NY,AEA,EN,Federal Contract Tower,0,0,7,0,7,0,0,36,25,61,0,0,43,25,68,168,0,168,236
09/21/2003,UCA,NY,AEA,EN,Federal Contract Tower,0,2,18,0,20,0,0,70,0,70,0,2,88,0,90,290,0,290,380
09/22/2003,UCA,NY,AEA,EN,Federal Contract Tower,0,7,17,0,24,0,0,51,0,51,0,7,68,0,75,122,0,122,197
09/23/2003,UCA,NY,AEA,EN,Federal Contract Tower,2,9,10,0,21,0,2,38,0,40,2,11,48,0,61,150,0,150,211
09/24/2003,UCA,NY,AEA,EN,Federal Contract Tower,0,6,23,0,29,0,4,107,0,111,0,10,130,0,140,130,0,130,270
09/25/2003,UCA,NY,AEA,EN,Federal Contract Tower,0,10,18,3,31,0,0,31,3,34,0,10,49,6,65,90,0,90,155
09/26/2003,UCA,NY,AEA,EN,Federal Contract Tower,0,11,21,0,32,0,3,82,3,88,0,14,103,3,120,36,0,36,156
09/27/2003,UCA,NY,AEA,EN,Federal Contract Tower,0,0,12,0,12,0,0,46,0,46,0,0,58,0,58,66,0,66,124
09/28/2003,UCA,NY,AEA,EN,Federal Contract Tower,0,0,13,0,13,0,1,10,0,11,0,1,23,0,24,118,0,118,142
09/29/2003,UCA,NY,AEA,EN,Federal Contract Tower,0,13,24,2,39,0,0,43,4,47,0,13,67,6,86,170,0,170,256
09/30/2003,UCA,NY,AEA,EN,Federal Contract Tower,0,12,21,0,33,0,0,46,2,48,0,12,67,2,81,228,0,228,309
10/01/2003,UCA,NY,AEA,EN,Federal Contract Tower,0,11,24,9,44,0,1,39,0,40,0,12,63,9,84,146,10,156,240
10/02/2003,UCA,NY,AEA,EN,Federal Contract Tower,0,10,15,0,25,0,0,34,2,36,0,10,49,2,61,62,0,62,123
10/03/2003,UCA,NY,AEA,EN,Federal Contract Tower,0,9,15,4,28,0,0,57,4,61,0,9,72,8,89,66,4,70,159
10/04/2003,UCA,NY,AEA,EN,Federal Contract Tower,0,1,18,5,24,0,0,18,0,18,0,1,36,5,42,0,8,8,50
10/05/2003,UCA,NY,AEA,EN,Federal Contract Tower,0,0,13,0,13,0,0,39,0,39,0,0,52,0,52,166,0,166,218
10/06/2003,UCA,NY,AEA,EN,Federal Contract Tower,0,7,19,7,33,0,3,59,10,72,0,10,78,17,105,104,26,130,235
10/07/2003,UCA,NY,AEA,EN,Federal Contract Tower,0,10,9,0,19,0,2,85,2,89,0,12,94,2,108,138,0,138,246
10/08/2003,UCA,NY,AEA,EN,Federal Contract Tower,0,10,6,0,16,0,0,85,1,86,0,10,91,1,102,158,0,158,260
10/09/2003,UCA,NY,AEA,EN,Federal Contract Tower,0,14,26,9,49,0,0,78,2,80,0,14,104,11,129,266,34,300,429
10/10/2003,UCA,NY,AEA,EN,Federal Contract Tower,0,13,29,0,42,0,1,55,4,60,0,14,84,4,102,204,0,204,306
10/11/2003,UCA,NY,AEA,EN,Federal Contract Tower,0,0,9,0,9,0,0,61,5,66,0,0,70,5,75,160,4,164,239
10/12/2003,UCA,NY,AEA,EN,Federal Contract Tower,0,0,12,0,12,0,0,30,0,30,0,0,42,0,42,164,0,164,206
10/13/2003,UCA,NY,AEA,EN,Federal Contract Tower,0,0,11,0,11,0,0,100,7,107,0,0,111,7,118,150,0,150,268
10/14/2003,UCA,NY,AEA,EN,Federal Contract Tower,0,4,13,0,17,0,3,47,0,50,0,7,60,0,67,100,0,100,167
10/15/2003,UCA,NY,AEA,EN,Federal Contract Tower,0,10,9,0,19,0,2,29,0,31,0,12,38,0,50,0,0,0,50
10/16/2003,UCA,NY,AEA,EN,Federal Contract Tower,0,10,10,0,20,0,4,51,0,55,0,14,61,0,75,110,0,110,185
10/17/2003,UCA,NY,AEA,EN,Federal Contract Tower,0,8,14,0,22,0,1,59,0,60,0,9,73,0,82,144,0,144,226
10/18/2003,UCA,NY,AEA,EN,Federal Contract Tower,0,10,21,0,31,0,3,50,2,55,0,13,71,2,86,88,8,96,182
10/19/2003,UCA,NY,AEA,EN,Federal Contract Tower,0,3,5,0,8,0,0,19,0,19,0,3,24,0,27,70,0,70,97
10/20/2003,UCA,NY,AEA,EN,Federal Contract Tower,0,9,18,0,27,0,2,48,0,50,0,11,66,0,77,68,0,68,145
10/21/2003,UCA,NY,AEA,EN,Federal Contract Tower,2,10,23,4,39,0,4,26,6,36,2,14,49,10,75,0,0,0,75
10/22/2003,UCA,NY,AEA,EN,Federal Contract Tower,0,9,6,0,15,0,4,43,0,47,0,13,49,0,62,0,0,0,62
10/23/2003,UCA,NY,AEA,EN,Federal Contract Tower,2,8,9,1,20,0,3,97,2,102,2,11,106,3,122,146,0,146,268
10/24/2003,UCA,NY,AEA,EN,Federal Contract Tower,0,11,22,0,33,0,3,65,0,68,0,14,87,0,101,176,0,176,277
10/25/2003,UCA,NY,AEA,EN,Federal Contract Tower,0,1,3,4,8,0,0,38,5,43,0,1,41,9,51,100,0,100,151
10/26/2003,UCA,NY,AEA,EN,Federal Contract Tower,0,2,9,0,11,0,1,36,0,37,0,3,45,0,48,84,0,84,132
10/27/2003,UCA,NY,AEA,EN,Federal Contract Tower,0,7,11,7,25,0,1,15,4,20,0,8,26,11,45,0,0,0,45
10/28/2003,UCA,NY,AEA,EN,Federal Contract Tower,0,12,17,11,40,0,0,122,0,122,0,12,139,11,162,114,12,126,288
10/29/2003,UCA,NY,AEA,EN,Federal Contract Tower,0,10,9,4,23,0,3,13,4,20,0,13,22,8,43,0,0,0,43
10/30/2003,UCA,NY,AEA,EN,Federal Contract Tower,0,11,14,10,35,0,0,88,4,92,0,11,102,14,127,150,20,170,297
10/31/2003,UCA,NY,AEA,EN,Federal Contract Tower,0,7,15,2,24,0,10,85,0,95,0,17,100,2,119,150,6,156,275
11/01/2003,UCA,NY,AEA,EN,Federal Contract Tower,0,0,5,4,9,0,0,16,0,16,0,0,21,4,25,28,12,40,65
11/02/2003,UCA,NY,AEA,EN,Federal Contract Tower,0,0,15,10,25,0,0,34,0,34,0,0,49,10,59,58,36,94,153
11/03/2003,UCA,NY,AEA,EN,Federal Contract Tower,0,10,19,0,29,0,0,39,0,39,0,10,58,0,68,0,0,0,68
11/04/2003,UCA,NY,AEA,EN,Federal Contract Tower,0,10,15,9,34,0,0,27,0,27,0,10,42,9,61,0,8,8,69
11/05/2003,UCA,NY,AEA,EN,Federal Contract Tower,0,10,18,0,28,0,1,50,5,56,0,11,68,5,84,46,0,46,130
11/06/2003,UCA,NY,AEA,EN,Federal Contract Tower,0,12,13,1,26,0,0,60,7,67,0,12,73,8,93,146,6,152,245
11/07/2003,UCA,NY,AEA,EN,Federal Contract Tower,0,14,22,2,38,0,0,91,25,116,0,14,113,27,154,106,8,114,268
11/08/2003,UCA,NY,AEA,EN,Federal Contract Tower,0,2,8,0,10,0,0,66,36,102,0,2,74,36,112,100,28,128,240
11/09/2003,UCA,NY,AEA,EN,Federal Contract Tower,0,2,11,0,13,0,0,92,7,99,0,2,103,7,112,160,0,160,272
11/10/2003,UCA,NY,AEA,EN,Federal Contract Tower,0,6,10,0,16,0,3,52,2,57,0,9,62,2,73,128,0,128,201
11/11/2003,UCA,NY,AEA,EN,Federal Contract Tower,0,3,11,0,14,0,0,31,0,31,0,3,42,0,45,30,0,30,75
11/12/2003,UCA,NY,AEA,EN,Federal Contract Tower,0,10,21,0,31,0,1,42,0,43,0,11,63,0,74,32,0,32,106
11/13/2003,UCA,NY,AEA,EN,Federal Contract Tower,0,7,4,0,11,0,0,20,0,20,0,7,24,0,31,0,0,0,31
11/14/2003,UCA,NY,AEA,EN,Federal Contract Tower,0,13,5,0,18,0,0,19,0,19,0,13,24,0,37,0,0,0,37
11/15/2003,UCA,NY,AEA,EN,Federal Contract Tower,0,0,13,0,13,0,0,75,10,85,0,0,88,10,98,158,14,172,270
11/16/2003,UCA,NY,AEA,EN,Federal Contract Tower,0,0,8,0,8,0,0,52,4,56,0,0,60,4,64,144,0,144,208
11/17/2003,UCA,NY,AEA,EN,Federal Contract Tower,2,7,24,0,33,0,0,17,0,17,2,7,41,0,50,0,0,0,50
11/18/2003,UCA,NY,AEA,EN,Federal Contract Tower,0,10,13,0,23,0,0,40,0,40,0,10,53,0,63,26,0,26,89
11/19/2003,UCA,NY,AEA,EN,Federal Contract Tower,2,10,16,0,28,0,0,55,0,55,2,10,71,0,83,16,0,16,99
11/20/2003,UCA,NY,AEA,EN,Federal Contract Tower,0,10,15,0,25,0,0,42,1,43,0,10,57,1,68,20,0,20,88
11/21/2003,UCA,NY,AEA,EN,Federal Contract Tower,0,10,19,0,29,0,0,83,1,84,0,10,102,1,113,146,0,146,259
11/22/2003,UCA,NY,AEA,EN,Federal Contract Tower,0,2,37,0,39,0,0,50,2,52,0,2,87,2,91,144,0,144,235
11/23/2003,UCA,NY,AEA,EN,Federal Contract Tower,0,0,3,0,3,0,0,83,16,99,0,0,86,16,102,134,20,154,256
11/24/2003,UCA,NY,AEA,EN,Federal Contract Tower,0,9,9,0,18,0,1,39,2,42,0,10,48,2,60,76,0,76,136
11/25/2003,UCA,NY,AEA,EN,Federal Contract Tower,0,13,16,0,29,0,0,59,0,59,0,13,75,0,88,104,0,104,192
11/26/2003,UCA,NY,AEA,EN,Federal Contract Tower,0,9,27,6,42,0,1,65,6,72,0,10,92,12,114,96,0,96,210
11/27/2003,UCA,NY,AEA,EN,Federal Contract Tower,0,3,0,0,3,0,0,28,0,28,0,3,28,0,31,13,0,13,44
11/28/2003,UCA,NY,AEA,EN,Federal Contract Tower,0,6,10,0,16,0,3,30,0,33,0,9,40,0,49,0,0,0,49
11/29/2003,UCA,NY,AEA,EN,Federal Contract Tower,0,0,0,0,0,0,0,0,0,0,0,0,0,0,0,0,0,0,0
11/30/2003,UCA,NY,AEA,EN,Federal Contract Tower,2,2,8,0,12,0,0,42,0,42,2,2,50,0,54,70,0,70,124
12/01/2003,UCA,NY,AEA,EN,Federal Contract Tower,0,7,7,0,14,0,0,10,0,10,0,7,17,0,24,12,0,12,36
12/02/2003,UCA,NY,AEA,EN,Federal Contract Tower,2,10,7,5,24,0,5,30,0,35,2,15,37,5,59,86,14,100,159
12/03/2003,UCA,NY,AEA,EN,Federal Contract Tower,0,10,14,0,24,0,0,62,0,62,0,10,76,0,86,2,0,2,88
12/04/2003,UCA,NY,AEA,EN,Federal Contract Tower,0,10,14,0,24,0,0,44,0,44,0,10,58,0,68,4,0,4,72
12/05/2003,UCA,NY,AEA,EN,Federal Contract Tower,0,9,8,0,17,0,4,73,0,77,0,13,81,0,94,56,0,56,150
12/06/2003,UCA,NY,AEA,EN,Federal Contract Tower,0,0,0,0,0,0,0,0,0,0,0,0,0,0,0,0,0,0,0
12/07/2003,UCA,NY,AEA,EN,Federal Contract Tower,0,0,7,0,7,0,0,19,0,19,0,0,26,0,26,90,0,90,116
12/08/2003,UCA,NY,AEA,EN,Federal Contract Tower,0,7,10,0,17,0,4,45,0,49,0,11,55,0,66,104,0,104,170
12/09/2003,UCA,NY,AEA,EN,Federal Contract Tower,0,11,9,0,20,0,4,53,0,57,0,15,62,0,77,82,0,82,159
12/10/2003,UCA,NY,AEA,EN,Federal Contract Tower,0,10,11,0,21,0,5,47,4,56,0,15,58,4,77,26,0,26,103
12/11/2003,UCA,NY,AEA,EN,Federal Contract Tower,0,16,5,0,21,0,3,41,0,44,0,19,46,0,65,0,0,0,65
12/12/2003,UCA,NY,AEA,EN,Federal Contract Tower,0,13,15,0,28,0,5,26,2,33,0,18,41,2,61,24,0,24,85
12/13/2003,UCA,NY,AEA,EN,Federal Contract Tower,0,3,7,0,10,0,0,44,0,44,0,3,51,0,54,86,0,86,140
12/14/2003,UCA,NY,AEA,EN,Federal Contract Tower,0,0,3,0,3,0,0,4,0,4,0,0,7,0,7,0,0,0,7
12/15/2003,UCA,NY,AEA,EN,Federal Contract Tower,0,8,5,0,13,0,0,24,0,24,0,8,29,0,37,0,0,0,37
12/16/2003,UCA,NY,AEA,EN,Federal Contract Tower,0,9,11,0,20,0,3,62,0,65,0,12,73,0,85,72,0,72,157
12/17/2003,UCA,NY,AEA,EN,Federal Contract Tower,0,11,6,0,17,0,0,13,0,13,0,11,19,0,30,8,0,8,38
12/18/2003,UCA,NY,AEA,EN,Federal Contract Tower,0,9,9,0,18,0,1,3,0,4,0,10,12,0,22,0,0,0,22
12/19/2003,UCA,NY,AEA,EN,Federal Contract Tower,0,12,8,0,20,0,4,17,1,22,0,16,25,1,42,0,0,0,42
12/20/2003,UCA,NY,AEA,EN,Federal Contract Tower,0,0,19,0,19,0,0,25,0,25,0,0,44,0,44,56,0,56,100
12/21/2003,UCA,NY,AEA,EN,Federal Contract Tower,0,0,9,0,9,0,0,30,0,30,0,0,39,0,39,74,0,74,113
12/22/2003,UCA,NY,AEA,EN,Federal Contract Tower,0,6,18,0,24,0,4,59,8,71,0,10,77,8,95,118,10,128,223
12/23/2003,UCA,NY,AEA,EN,Federal Contract Tower,0,10,23,6,39,0,1,53,4,58,0,11,76,10,97,68,28,96,193
12/24/2003,UCA,NY,AEA,EN,Federal Contract Tower,0,11,8,0,19,0,4,5,0,9,0,15,13,0,28,0,0,0,28
12/25/2003,UCA,NY,AEA,EN,Federal Contract Tower,0,3,2,0,5,0,0,2,0,2,0,3,4,0,7,0,0,0,7
12/26/2003,UCA,NY,AEA,EN,Federal Contract Tower,0,8,20,0,28,0,0,4,0,4,0,8,24,0,32,42,0,42,74
12/27/2003,UCA,NY,AEA,EN,Federal Contract Tower,0,0,26,2,28,0,0,70,6,76,0,0,96,8,104,146,30,176,280
12/28/2003,UCA,NY,AEA,EN,Federal Contract Tower,0,0,6,2,8,0,0,83,0,83,0,0,89,2,91,156,8,164,255
12/29/2003,UCA,NY,AEA,EN,Federal Contract Tower,0,9,18,0,27,0,1,61,0,62,0,10,79,0,89,172,0,172,261
12/30/2003,UCA,NY,AEA,EN,Federal Contract Tower,0,9,4,0,13,0,3,14,0,17,0,12,18,0,30,0,0,0,30
12/31/2003,UCA,NY,AEA,EN,Federal Contract Tower,0,10,7,0,17,0,4,41,0,45,0,14,48,0,62,16,0,16,78
01/01/2004,UCA,NY,AEA,EN,Federal Contract Tower,0,2,2,0,4,0,0,12,0,12,0,2,14,0,16,0,0,0,16
01/02/2004,UCA,NY,AEA,EN,Federal Contract Tower,0,7,7,0,14,0,0,28,0,28,0,7,35,0,42,32,0,32,74
01/03/2004,UCA,NY,AEA,EN,Federal Contract Tower,0,2,20,0,22,0,0,25,2,27,0,2,45,2,49,46,0,46,95
01/04/2004,UCA,NY,AEA,EN,Federal Contract Tower,0,0,6,0,6,0,0,0,0,0,0,0,6,0,6,20,0,20,26
01/05/2004,UCA,NY,AEA,EN,Federal Contract Tower,0,7,7,0,14,0,2,13,0,15,0,9,20,0,29,0,0,0,29
01/06/2004,UCA,NY,AEA,EN,Federal Contract Tower,0,12,11,0,23,0,3,20,0,23,0,15,31,0,46,4,0,4,50
01/07/2004,UCA,NY,AEA,EN,Federal Contract Tower,0,11,11,0,22,0,2,30,0,32,0,13,41,0,54,0,0,0,54
01/08/2004,UCA,NY,AEA,EN,Federal Contract Tower,0,10,14,0,24,0,2,42,0,44,0,12,56,0,68,0,0,0,68
01/09/2004,UCA,NY,AEA,EN,Federal Contract Tower,0,9,7,0,16,0,3,53,4,60,0,12,60,4,76,56,0,56,132
01/10/2004,UCA,NY,AEA,EN,Federal Contract Tower,0,0,8,0,8,0,0,24,0,24,0,0,32,0,32,44,0,44,76
01/11/2004,UCA,NY,AEA,EN,Federal Contract Tower,0,0,2,0,2,0,0,11,0,11,0,0,13,0,13,0,0,0,13
01/12/2004,UCA,NY,AEA,EN,Federal Contract Tower,0,7,11,0,18,0,1,17,0,18,0,8,28,0,36,0,0,0,36
01/13/2004,UCA,NY,AEA,EN,Federal Contract Tower,0,12,2,0,14,0,0,30,0,30,0,12,32,0,44,20,0,20,64
01/14/2004,UCA,NY,AEA,EN,Federal Contract Tower,0,10,12,0,22,0,4,26,2,32,0,14,38,2,54,0,0,0,54
01/15/2004,UCA,NY,AEA,EN,Federal Contract Tower,0,10,3,0,13,0,0,57,0,57,0,10,60,0,70,64,0,64,134
01/16/2004,UCA,NY,AEA,EN,Federal Contract Tower,0,10,12,0,22,0,2,34,0,36,0,12,46,0,58,18,0,18,76
01/17/2004,UCA,NY,AEA,EN,Federal Contract Tower,0,4,14,0,18,0,0,12,1,13,0,4,26,1,31,36,4,40,71
01/18/2004,UCA,NY,AEA,EN,Federal Contract Tower,0,0,8,0,8,0,0,4,0,4,0,0,12,0,12,0,0,0,12
01/19/2004,UCA,NY,AEA,EN,Federal Contract Tower,0,0,8,0,8,0,0,36,0,36,0,0,44,0,44,48,0,48,92
01/20/2004,UCA,NY,AEA,EN,Federal Contract Tower,0,10,6,0,16,0,2,55,0,57,0,12,61,0,73,52,0,52,125
01/21/2004,UCA,NY,AEA,EN,Federal Contract Tower,0,10,11,0,21,0,1,55,4,60,0,11,66,4,81,2,0,2,83
01/22/2004,UCA,NY,AEA,EN,Federal Contract Tower,0,9,10,0,19,0,0,43,0,43,0,9,53,0,62,26,0,26,88
01/23/2004,UCA,NY,AEA,EN,Federal Contract Tower,0,9,8,0,17,0,1,29,0,30,0,10,37,0,47,0,0,0,47
01/24/2004,UCA,NY,AEA,EN,Federal Contract Tower,0,0,16,0,16,0,0,39,1,40,0,0,55,1,56,92,4,96,152
01/25/2004,UCA,NY,AEA,EN,Federal Contract Tower,0,0,2,0,2,0,0,42,0,42,0,0,44,0,44,98,0,98,142
01/26/2004,UCA,NY,AEA,EN,Federal Contract Tower,0,8,4,0,12,0,1,44,0,45,0,9,48,0,57,28,0,28,85
01/27/2004,UCA,NY,AEA,EN,Federal Contract Tower,0,9,1,0,10,0,2,17,0,19,0,11,18,0,29,0,0,0,29
01/28/2004,UCA,NY,AEA,EN,Federal Contract Tower,0,13,2,0,15,0,3,16,0,19,0,16,18,0,34,0,0,0,34
01/29/2004,UCA,NY,AEA,EN,Federal Contract Tower,2,10,3,0,15,0,4,26,0,30,2,14,29,0,45,18,0,18,63
01/30/2004,UCA,NY,AEA,EN,Federal Contract Tower,0,10,3,0,13,0,1,14,0,15,0,11,17,0,28,0,0,0,28
01/31/2004,UCA,NY,AEA,EN,Federal Contract Tower,0,2,5,0,7,0,0,16,0,16,0,2,21,0,23,14,0,14,37
02/01/2004,UCA,NY,AEA,EN,Federal Contract Tower,0,0,12,0,12,0,0,45,2,47,0,0,57,2,59,110,14,124,183
02/02/2004,UCA,NY,AEA,EN,Federal Contract Tower,0,13,9,0,22,0,2,66,0,68,0,15,75,0,90,140,0,140,230
02/03/2004,UCA,NY,AEA,EN,Federal Contract Tower,0,10,11,0,21,0,0,19,0,19,0,10,30,0,40,18,0,18,58
02/04/2004,UCA,NY,AEA,EN,Federal Contract Tower,0,12,7,0,19,0,0,15,0,15,0,12,22,0,34,0,0,0,34
02/05/2004,UCA,NY,AEA,EN,Federal Contract Tower,0,9,16,14,39,0,2,39,5,46,0,11,55,19,85,96,48,144,229
02/06/2004,UCA,NY,AEA,EN,Federal Contract Tower,0,8,2,0,10,0,0,5,0,5,0,8,7,0,15,0,0,0,15
02/07/2004,UCA,NY,AEA,EN,Federal Contract Tower,0,1,1,0,2,0,0,74,0,74,0,1,75,0,76,76,0,76,152
02/08/2004,UCA,NY,AEA,EN,Federal Contract Tower,0,0,12,8,20,0,0,56,11,67,0,0,68,19,87,32,0,32,119
02/09/2004,UCA,NY,AEA,EN,Federal Contract Tower,0,8,11,0,19,0,0,53,0,53,0,8,64,0,72,140,0,140,212
02/10/2004,UCA,NY,AEA,EN,Federal Contract Tower,0,12,9,0,21,0,2,26,0,28,0,14,35,0,49,52,0,52,101
02/11/2004,UCA,NY,AEA,EN,Federal Contract Tower,0,11,5,0,16,0,2,127,0,129,0,13,132,0,145,14,0,14,159
02/12/2004,UCA,NY,AEA,EN,Federal Contract Tower,0,10,12,0,22,0,1,64,0,65,0,11,76,0,87,50,0,50,137
02/13/2004,UCA,NY,AEA,EN,Federal Contract Tower,0,12,8,0,20,0,0,62,0,62,0,12,70,0,82,36,0,36,118
02/14/2004,UCA,NY,AEA,EN,Federal Contract Tower,0,0,2,0,2,0,0,52,2,54,0,0,54,2,56,106,0,106,162
02/15/2004,UCA,NY,AEA,EN,Federal Contract Tower,0,0,5,2,7,0,0,44,0,44,0,0,49,2,51,102,10,112,163
02/16/2004,UCA,NY,AEA,EN,Federal Contract Tower,0,2,13,2,17,0,0,54,2,56,0,2,67,4,73,182,4,186,259
02/17/2004,UCA,NY,AEA,EN,Federal Contract Tower,2,6,11,3,22,0,5,102,3,110,2,11,113,6,132,106,10,116,248
02/18/2004,UCA,NY,AEA,EN,Federal Contract Tower,0,10,11,3,24,0,3,84,11,98,0,13,95,14,122,176,32,208,330
02/19/2004,UCA,NY,AEA,EN,Federal Contract Tower,2,11,10,0,23,0,1,54,0,55,2,12,64,0,78,142,0,142,220
02/20/2004,UCA,NY,AEA,EN,Federal Contract Tower,0,9,7,0,16,0,4,60,0,64,0,13,67,0,80,80,0,80,160
02/21/2004,UCA,NY,AEA,EN,Federal Contract Tower,0,2,0,0,2,0,0,46,2,48,0,2,46,2,50,62,0,62,112
02/22/2004,UCA,NY,AEA,EN,Federal Contract Tower,0,0,3,0,3,0,0,31,2,33,0,0,34,2,36,132,12,144,180
02/23/2004,UCA,NY,AEA,EN,Federal Contract Tower,0,6,13,0,19,0,1,87,0,88,0,7,100,0,107,144,0,144,251
02/24/2004,UCA,NY,AEA,EN,Federal Contract Tower,0,10,13,1,24,0,3,80,0,83,0,13,93,1,107,62,0,62,169
02/25/2004,UCA,NY,AEA,EN,Federal Contract Tower,2,7,10,0,19,0,6,99,2,107,2,13,109,2,126,124,0,124,250
02/26/2004,UCA,NY,AEA,EN,Federal Contract Tower,0,10,12,0,22,2,6,102,9,119,2,16,114,9,141,96,2,98,239
02/27/2004,UCA,NY,AEA,EN,Federal Contract Tower,0,9,15,0,24,0,1,104,10,115,0,10,119,10,139,136,0,136,275
02/28/2004,UCA,NY,AEA,EN,Federal Contract Tower,0,0,27,2,29,0,0,60,12,72,0,0,87,14,101,152,24,176,277
02/29/2004,UCA,NY,AEA,EN,Federal Contract Tower,0,0,3,1,4,0,0,90,22,112,0,0,93,23,116,150,14,164,280
03/01/2004,UCA,NY,AEA,EN,Federal Contract Tower,0,6,9,1,16,0,4,81,1,86,0,10,90,2,102,194,10,204,306
03/02/2004,UCA,NY,AEA,EN,Federal Contract Tower,0,10,13,0,23,0,0,28,0,28,0,10,41,0,51,44,0,44,95
03/03/2004,UCA,NY,AEA,EN,Federal Contract Tower,0,11,9,7,27,0,1,86,0,87,0,12,95,7,114,128,22,150,264
03/04/2004,UCA,NY,AEA,EN,Federal Contract Tower,0,12,15,5,32,0,2,59,4,65,0,14,74,9,97,98,14,112,209
03/05/2004,UCA,NY,AEA,EN,Federal Contract Tower,0,12,8,0,20,0,0,53,0,53,0,12,61,0,73,44,0,44,117
03/06/2004,UCA,NY,AEA,EN,Federal Contract Tower,0,4,6,0,10,0,2,34,0,36,0,6,40,0,46,116,0,116,162
03/07/2004,UCA,NY,AEA,EN,Federal Contract Tower,0,0,11,0,11,0,0,14,2,16,0,0,25,2,27,98,6,104,131
03/08/2004,UCA,NY,AEA,EN,Federal Contract Tower,0,6,11,0,17,0,3,44,0,47,0,9,55,0,64,22,0,22,86
03/09/2004,UCA,NY,AEA,EN,Federal Contract Tower,0,10,8,0,18,0,0,51,0,51,0,10,59,0,69,68,0,68,137
03/10/2004,UCA,NY,AEA,EN,Federal Contract Tower,0,13,17,0,30,0,0,84,4,88,0,13,101,4,118,120,0,120,238
03/11/2004,UCA,NY,AEA,EN,Federal Contract Tower,0,10,13,4,27,0,2,86,8,96,0,12,99,12,123,180,34,214,337
03/12/2004,UCA,NY,AEA,EN,Federal Contract Tower,0,11,7,0,18,0,1,17,0,18,0,12,24,0,36,36,0,36,72
03/13/2004,UCA,NY,AEA,EN,Federal Contract Tower,0,0,4,0,4,0,2,24,1,27,0,2,28,1,31,88,6,94,125
03/14/2004,UCA,NY,AEA,EN,Federal Contract Tower,0,2,10,0,12,0,2,43,4,49,0,4,53,4,61,80,0,80,141
03/15/2004,UCA,NY,AEA,EN,Federal Contract Tower,0,5,15,0,20,0,2,39,0,41,0,7,54,0,61,100,0,100,161
03/16/2004,UCA,NY,AEA,EN,Federal Contract Tower,0,11,11,0,22,0,11,29,0,40,0,22,40,0,62,40,0,40,102
03/17/2004,UCA,NY,AEA,EN,Federal Contract Tower,0,11,4,0,15,0,10,33,2,45,0,21,37,2,60,96,0,96,156
03/18/2004,UCA,NY,AEA,EN,Federal Contract Tower,0,12,15,0,27,0,8,35,0,43,0,20,50,0,70,26,0,26,96
03/19/2004,UCA,NY,AEA,EN,Federal Contract Tower,0,17,9,1,27,0,0,41,1,42,0,17,50,2,69,34,14,48,117
03/20/2004,UCA,NY,AEA,EN,Federal Contract Tower,0,0,0,0,0,0,0,30,0,30,0,0,30,0,30,88,0,88,118
03/21/2004,UCA,NY,AEA,EN,Federal Contract Tower,0,0,4,0,4,0,2,4,0,6,0,2,8,0,10,14,0,14,24
03/22/2004,UCA,NY,AEA,EN,Federal Contract Tower,0,8,13,0,21,0,8,44,0,52,0,16,57,0,73,112,0,112,185
03/23/2004,UCA,NY,AEA,EN,Federal Contract Tower,2,9,10,3,24,0,7,18,1,26,2,16,28,4,50,24,0,24,74
03/24/2004,UCA,NY,AEA,EN,Federal Contract Tower,0,9,10,0,19,0,8,93,2,103,0,17,103,2,122,118,0,118,240
03/25/2004,UCA,NY,AEA,EN,Federal Contract Tower,4,10,18,5,37,0,0,43,2,45,4,10,61,7,82,90,26,116,198
03/26/2004,UCA,NY,AEA,EN,Federal Contract Tower,0,8,10,0,18,0,2,50,0,52,0,10,60,0,70,60,0,60,130
03/27/2004,UCA,NY,AEA,EN,Federal Contract Tower,0,5,30,6,41,0,0,9,0,9,0,5,39,6,50,116,12,128,178
03/28/2004,UCA,NY,AEA,EN,Federal Contract Tower,0,1,18,2,21,0,0,89,0,89,0,1,107,2,110,264,4,268,378
03/29/2004,UCA,NY,AEA,EN,Federal Contract Tower,0,5,10,1,16,0,5,54,1,60,0,10,64,2,76,108,4,112,188
03/30/2004,UCA,NY,AEA,EN,Federal Contract Tower,0,13,20,3,36,0,4,59,6,69,0,17,79,9,105,114,2,116,221
03/31/2004,UCA,NY,AEA,EN,Federal Contract Tower,0,12,7,0,19,0,2,25,0,27,0,14,32,0,46,52,0,52,98
04/01/2004,UCA,NY,AEA,EN,Federal Contract Tower,0,10,13,0,23,0,4,29,0,33,0,14,42,0,56,100,0,100,156
04/02/2004,UCA,NY,AEA,EN,Federal Contract Tower,0,9,5,0,14,0,4,40,1,45,0,13,45,1,59,94,0,94,153
04/03/2004,UCA,NY,AEA,EN,Federal Contract Tower,0,0,15,0,15,0,0,21,0,21,0,0,36,0,36,84,0,84,120
04/04/2004,UCA,NY,AEA,EN,Federal Contract Tower,0,0,0,0,0,0,0,16,0,16,0,0,16,0,16,14,0,14,30
04/05/2004,UCA,NY,AEA,EN,Federal Contract Tower,0,8,4,3,15,0,4,42,3,49,0,12,46,6,64,56,0,56,120
04/06/2004,UCA,NY,AEA,EN,Federal Contract Tower,0,11,16,6,33,0,3,48,7,58,0,14,64,13,91,118,30,148,239
04/07/2004,UCA,NY,AEA,EN,Federal Contract Tower,0,10,8,3,21,0,2,71,3,76,0,12,79,6,97,58,4,62,159
04/08/2004,UCA,NY,AEA,EN,Federal Contract Tower,0,13,12,4,29,0,4,60,0,64,0,17,72,4,93,166,20,186,279
04/09/2004,UCA,NY,AEA,EN,Federal Contract Tower,0,11,11,2,24,1,2,66,2,71,1,13,77,4,95,164,8,172,267
04/10/2004,UCA,NY,AEA,EN,Federal Contract Tower,0,1,4,0,5,0,0,61,2,63,0,1,65,2,68,152,4,156,224
04/11/2004,UCA,NY,AEA,EN,Federal Contract Tower,1,1,4,0,6,0,0,33,0,33,1,1,37,0,39,130,0,130,169
04/12/2004,UCA,NY,AEA,EN,Federal Contract Tower,0,7,8,10,25,0,3,55,7,65,0,10,63,17,90,150,34,184,274
04/13/2004,UCA,NY,AEA,EN,Federal Contract Tower,0,10,15,0,25,0,3,31,0,34,0,13,46,0,59,59,14,73,132
04/14/2004,UCA,NY,AEA,EN,Federal Contract Tower,0,13,7,0,20,0,1,27,0,28,0,14,34,0,48,56,0,56,104
04/15/2004,UCA,NY,AEA,EN,Federal Contract Tower,0,13,16,0,29,0,1,62,2,65,0,14,78,2,94,146,0,146,240
04/16/2004,UCA,NY,AEA,EN,Federal Contract Tower,1,8,6,0,15,0,8,82,2,92,1,16,88,2,107,230,0,230,337
04/17/2004,UCA,NY,AEA,EN,Federal Contract Tower,0,1,8,0,9,0,0,55,7,62,0,1,63,7,71,168,14,182,253
04/18/2004,UCA,NY,AEA,EN,Federal Contract Tower,2,2,5,0,9,0,0,34,0,34,2,2,39,0,43,64,0,64,107
04/19/2004,UCA,NY,AEA,EN,Federal Contract Tower,1,5,4,1,11,0,1,46,0,47,1,6,50,1,58,58,74,132,190
04/20/2004,UCA,NY,AEA,EN,Federal Contract Tower,2,14,24,0,40,0,2,61,0,63,2,16,85,0,103,174,0,174,277
04/21/2004,UCA,NY,AEA,EN,Federal Contract Tower,0,9,2,0,11,0,1,43,0,44,0,10,45,0,55,138,0,138,193
04/22/2004,UCA,NY,AEA,EN,Federal Contract Tower,2,11,4,2,19,0,5,39,2,46,2,16,43,4,65,107,8,115,180
04/23/2004,UCA,NY,AEA,EN,Federal Contract Tower,0,9,29,0,38,0,2,36,0,38,0,11,65,0,76,156,0,156,232
04/24/2004,UCA,NY,AEA,EN,Federal Contract Tower,0,0,7,0,7,0,0,57,0,57,0,0,64,0,64,104,0,104,168
04/25/2004,UCA,NY,AEA,EN,Federal Contract Tower,0,0,12,0,12,0,0,32,0,32,0,0,44,0,44,52,0,52,96
04/26/2004,UCA,NY,AEA,EN,Federal Contract Tower,0,6,4,0,10,0,1,17,0,18,0,7,21,0,28,48,0,48,76
04/27/2004,UCA,NY,AEA,EN,Federal Contract Tower,0,10,11,6,27,0,4,38,4,46,0,14,49,10,73,122,16,138,211
04/28/2004,UCA,NY,AEA,EN,Federal Contract Tower,0,10,19,1,30,0,0,56,3,59,0,10,75,4,89,112,0,112,201
04/29/2004,UCA,NY,AEA,EN,Federal Contract Tower,0,12,4,2,18,0,0,77,0,77,0,12,81,2,95,204,0,204,299
04/30/2004,UCA,NY,AEA,EN,Federal Contract Tower,0,9,8,1,18,0,2,51,1,54,0,11,59,2,72,174,0,174,246
05/01/2004,UCA,NY,AEA,EN,Federal Contract Tower,0,2,1,0,3,0,0,67,2,69,0,2,68,2,72,192,0,192,264
05/02/2004,UCA,NY,AEA,EN,Federal Contract Tower,0,0,5,0,5,0,0,48,5,53,0,0,53,5,58,166,8,174,232
05/03/2004,UCA,NY,AEA,EN,Federal Contract Tower,0,8,20,0,28,0,1,26,11,38,0,9,46,11,66,78,4,82,148
05/04/2004,UCA,NY,AEA,EN,Federal Contract Tower,0,10,16,0,26,0,2,61,0,63,0,12,77,0,89,96,0,96,185
05/05/2004,UCA,NY,AEA,EN,Federal Contract Tower,0,13,13,3,29,0,3,13,2,18,0,16,26,5,47,0,0,0,47
05/06/2004,UCA,NY,AEA,EN,Federal Contract Tower,0,8,13,3,24,0,1,66,11,78,0,9,79,14,102,138,18,156,258
05/07/2004,UCA,NY,AEA,EN,Federal Contract Tower,0,9,17,0,26,0,0,45,0,45,0,9,62,0,71,86,0,86,157
05/08/2004,UCA,NY,AEA,EN,Federal Contract Tower,0,0,19,0,19,0,0,60,13,73,0,0,79,13,92,91,138,229,321
05/09/2004,UCA,NY,AEA,EN,Federal Contract Tower,0,2,15,0,17,1,0,32,0,33,1,2,47,0,50,104,0,104,154
05/10/2004,UCA,NY,AEA,EN,Federal Contract Tower,0,6,9,0,15,0,1,32,0,33,0,7,41,0,48,38,0,38,86
05/11/2004,UCA,NY,AEA,EN,Federal Contract Tower,0,13,3,5,21,0,1,51,4,56,0,14,54,9,77,126,8,134,211
05/12/2004,UCA,NY,AEA,EN,Federal Contract Tower,0,10,13,5,28,0,0,54,4,58,0,10,67,9,86,144,10,154,240
05/13/2004,UCA,NY,AEA,EN,Federal Contract Tower,0,9,11,4,24,0,0,49,2,51,0,9,60,6,75,114,16,130,205
05/14/2004,UCA,NY,AEA,EN,Federal Contract Tower,0,11,17,5,33,0,6,41,5,52,0,17,58,10,85,30,20,50,135
05/15/2004,UCA,NY,AEA,EN,Federal Contract Tower,0,2,5,0,7,0,0,33,0,33,0,2,38,0,40,72,0,72,112
05/16/2004,UCA,NY,AEA,EN,Federal Contract Tower,0,0,22,0,22,0,0,28,0,28,0,0,50,0,50,108,0,108,158
05/17/2004,UCA,NY,AEA,EN,Federal Contract Tower,0,7,7,0,14,0,1,82,1,84,0,8,89,1,98,142,0,142,240
05/18/2004,UCA,NY,AEA,EN,Federal Contract Tower,0,9,8,0,17,0,1,36,0,37,0,10,44,0,54,96,0,96,150
05/19/2004,UCA,NY,AEA,EN,Federal Contract Tower,0,10,20,0,30,0,0,116,0,116,0,10,136,0,146,170,0,170,316
05/20/2004,UCA,NY,AEA,EN,Federal Contract Tower,2,10,13,0,25,0,4,60,0,64,2,14,73,0,89,120,0,120,209
05/21/2004,UCA,NY,AEA,EN,Federal Contract Tower,1,12,19,0,32,0,2,53,0,55,1,14,72,0,87,72,0,72,159
05/22/2004,UCA,NY,AEA,EN,Federal Contract Tower,0,2,30,0,32,0,0,29,0,29,0,2,59,0,61,134,0,134,195
05/23/2004,UCA,NY,AEA,EN,Federal Contract Tower,0,2,18,0,20,0,2,31,0,33,0,4,49,0,53,128,0,128,181
05/24/2004,UCA,NY,AEA,EN,Federal Contract Tower,0,5,13,0,18,0,0,46,3,49,0,5,59,3,67,98,8,106,173
05/25/2004,UCA,NY,AEA,EN,Federal Contract Tower,0,10,13,0,23,0,0,33,0,33,0,10,46,0,56,16,0,16,72
05/26/2004,UCA,NY,AEA,EN,Federal Contract Tower,0,10,13,0,23,0,0,34,7,41,0,10,47,7,64,22,0,22,86
05/27/2004,UCA,NY,AEA,EN,Federal Contract Tower,0,17,20,0,37,0,2,68,6,76,0,19,88,6,113,110,10,120,233
05/28/2004,UCA,NY,AEA,EN,Federal Contract Tower,0,11,14,0,25,0,2,47,0,49,0,13,61,0,74,112,0,112,186
05/29/2004,UCA,NY,AEA,EN,Federal Contract Tower,0,1,6,0,7,0,0,63,6,69,0,1,69,6,76,184,20,204,280
05/30/2004,UCA,NY,AEA,EN,Federal Contract Tower,0,0,4,0,4,0,0,75,6,81,0,0,79,6,85,190,12,202,287
05/31/2004,UCA,NY,AEA,EN,Federal Contract Tower,0,0,9,2,11,0,0,36,0,36,0,0,45,2,47,78,6,84,131
06/01/2004,UCA,NY,AEA,EN,Federal Contract Tower,0,8,8,0,16,0,4,33,0,37,0,12,41,0,53,54,0,54,107
06/02/2004,UCA,NY,AEA,EN,Federal Contract Tower,0,8,16,11,35,0,0,40,0,40,0,8,56,11,75,90,22,112,187
06/03/2004,UCA,NY,AEA,EN,Federal Contract Tower,0,12,9,4,25,0,1,56,8,65,0,13,65,12,90,90,6,96,186
06/04/2004,UCA,NY,AEA,EN,Federal Contract Tower,0,10,0,0,10,0,7,101,5,113,0,17,101,5,123,162,4,166,289
06/05/2004,UCA,NY,AEA,EN,Federal Contract Tower,0,10,13,0,23,0,0,76,0,76,0,10,89,0,99,120,0,120,219
06/06/2004,UCA,NY,AEA,EN,Federal Contract Tower,0,1,8,0,9,0,0,50,0,50,0,1,58,0,59,56,0,56,115
06/07/2004,UCA,NY,AEA,EN,Federal Contract Tower,0,6,18,9,33,0,0,56,8,64,0,6,74,17,97,108,2,110,207
06/08/2004,UCA,NY,AEA,EN,Federal Contract Tower,0,10,11,12,33,0,6,70,10,86,0,16,81,22,119,76,14,90,209
06/09/2004,UCA,NY,AEA,EN,Federal Contract Tower,0,13,21,1,35,0,1,34,5,40,0,14,55,6,75,42,0,42,117
06/10/2004,UCA,NY,AEA,EN,Federal Contract Tower,0,12,16,5,33,0,5,65,6,76,0,17,81,11,109,110,20,130,239
06/11/2004,UCA,NY,AEA,EN,Federal Contract Tower,0,11,13,1,25,0,6,87,8,101,0,17,100,9,126,190,24,214,340
06/12/2004,UCA,NY,AEA,EN,Federal Contract Tower,0,0,14,4,18,0,0,100,29,129,0,0,114,33,147,202,30,232,379
06/13/2004,UCA,NY,AEA,EN,Federal Contract Tower,0,0,19,0,19,0,0,78,0,78,0,0,97,0,97,198,0,198,295
06/14/2004,UCA,NY,AEA,EN,Federal Contract Tower,4,7,17,8,36,1,3,42,0,46,5,10,59,8,82,70,32,102,184
06/15/2004,UCA,NY,AEA,EN,Federal Contract Tower,2,10,10,0,22,0,4,63,3,70,2,14,73,3,92,144,0,144,236
06/16/2004,UCA,NY,AEA,EN,Federal Contract Tower,0,8,7,1,16,0,5,94,7,106,0,13,101,8,122,128,6,134,256
06/17/2004,UCA,NY,AEA,EN,Federal Contract Tower,0,13,9,0,22,0,1,43,0,44,0,14,52,0,66,52,0,52,118
06/18/2004,UCA,NY,AEA,EN,Federal Contract Tower,0,8,18,7,33,0,0,37,0,37,0,8,55,7,70,62,8,70,140
06/19/2004,UCA,NY,AEA,EN,Federal Contract Tower,0,3,6,13,22,0,3,55,8,66,0,6,61,21,88,84,30,114,202
06/20/2004,UCA,NY,AEA,EN,Federal Contract Tower,0,2,8,0,10,0,0,65,0,65,0,2,73,0,75,106,0,106,181
06/21/2004,UCA,NY,AEA,EN,Federal Contract Tower,0,5,16,0,21,0,7,74,0,81,0,12,90,0,102,200,0,200,302
06/22/2004,UCA,NY,AEA,EN,Federal Contract Tower,0,10,11,1,22,0,3,15,2,20,0,13,26,3,42,50,0,50,92
06/23/2004,UCA,NY,AEA,EN,Federal Contract Tower,1,10,17,0,28,0,4,78,5,87,1,14,95,5,115,128,0,128,243
06/24/2004,UCA,NY,AEA,EN,Federal Contract Tower,2,11,13,1,27,0,3,42,5,50,2,14,55,6,77,78,0,78,155
06/25/2004,UCA,NY,AEA,EN,Federal Contract Tower,0,11,12,0,23,0,0,37,1,38,0,11,49,1,61,74,0,74,135
06/26/2004,UCA,NY,AEA,EN,Federal Contract Tower,0,4,1,0,5,0,0,66,4,70,0,4,67,4,75,120,0,120,195
06/27/2004,UCA,NY,AEA,EN,Federal Contract Tower,0,0,3,0,3,0,0,130,0,130,0,0,133,0,133,118,0,118,251
06/28/2004,UCA,NY,AEA,EN,Federal Contract Tower,0,7,6,0,13,0,2,56,0,58,0,9,62,0,71,50,0,50,121
06/29/2004,UCA,NY,AEA,EN,Federal Contract Tower,1,11,22,0,34,0,7,43,0,50,1,18,65,0,84,86,0,86,170
06/30/2004,UCA,NY,AEA,EN,Federal Contract Tower,0,9,7,0,16,0,5,81,2,88,0,14,88,2,104,170,0,170,274
07/01/2004,UCA,NY,AEA,EN,Federal Contract Tower,0,12,25,1,38,0,2,57,2,61,0,14,82,3,99,140,8,148,247
07/02/2004,UCA,NY,AEA,EN,Federal Contract Tower,0,11,13,0,24,0,8,70,0,78,0,19,83,0,102,188,0,188,290
07/03/2004,UCA,NY,AEA,EN,Federal Contract Tower,0,0,5,0,5,0,0,60,1,61,0,0,65,1,66,174,4,178,244
07/04/2004,UCA,NY,AEA,EN,Federal Contract Tower,0,0,8,0,8,0,0,52,0,52,0,0,60,0,60,98,0,98,158
07/05/2004,UCA,NY,AEA,EN,Federal Contract Tower,0,0,5,0,5,0,0,40,0,40,0,0,45,0,45,62,0,62,107
07/06/2004,UCA,NY,AEA,EN,Federal Contract Tower,0,6,21,3,30,0,6,69,2,77,0,12,90,5,107,92,0,92,199
07/07/2004,UCA,NY,AEA,EN,Federal Contract Tower,0,9,8,2,19,0,4,35,4,43,0,13,43,6,62,52,4,56,118
07/08/2004,UCA,NY,AEA,EN,Federal Contract Tower,0,10,22,1,33,0,0,27,0,27,0,10,49,1,60,60,0,60,120
07/09/2004,UCA,NY,AEA,EN,Federal Contract Tower,0,9,28,0,37,0,3,54,0,57,0,12,82,0,94,188,0,188,282
07/10/2004,UCA,NY,AEA,EN,Federal Contract Tower,0,0,10,0,10,0,0,70,0,70,0,0,80,0,80,208,0,208,288
07/11/2004,UCA,NY,AEA,EN,Federal Contract Tower,0,1,13,0,14,0,0,83,4,87,0,1,96,4,101,182,8,190,291
07/12/2004,UCA,NY,AEA,EN,Federal Contract Tower,0,6,14,0,20,0,2,31,2,35,0,8,45,2,55,44,0,44,99
07/13/2004,UCA,NY,AEA,EN,Federal Contract Tower,0,12,26,0,38,0,0,30,1,31,0,12,56,1,69,94,0,94,163
07/14/2004,UCA,NY,AEA,EN,Federal Contract Tower,0,13,10,0,23,0,1,55,0,56,0,14,65,0,79,58,0,58,137
07/15/2004,UCA,NY,AEA,EN,Federal Contract Tower,0,12,4,0,16,0,0,24,4,28,0,12,28,4,44,20,0,20,64
07/16/2004,UCA,NY,AEA,EN,Federal Contract Tower,0,13,18,0,31,0,0,31,0,31,0,13,49,0,62,90,0,90,152
07/17/2004,UCA,NY,AEA,EN,Federal Contract Tower,0,1,10,0,11,0,0,61,0,61,0,1,71,0,72,170,0,170,242
07/18/2004,UCA,NY,AEA,EN,Federal Contract Tower,0,2,15,0,17,0,0,46,0,46,0,2,61,0,63,94,0,94,157
07/19/2004,UCA,NY,AEA,EN,Federal Contract Tower,0,9,13,2,24,0,4,36,0,40,0,13,49,2,64,46,0,46,110
07/20/2004,UCA,NY,AEA,EN,Federal Contract Tower,2,13,15,2,32,0,3,54,11,68,2,16,69,13,100,122,10,132,232
07/21/2004,UCA,NY,AEA,EN,Federal Contract Tower,0,12,26,14,52,0,3,72,0,75,0,15,98,14,127,224,30,254,381
07/22/2004,UCA,NY,AEA,EN,Federal Contract Tower,0,12,13,5,30,0,6,48,0,54,0,18,61,5,84,118,0,118,202
07/23/2004,UCA,NY,AEA,EN,Federal Contract Tower,0,15,13,2,30,0,0,29,0,29,0,15,42,2,59,96,0,96,155
07/24/2004,UCA,NY,AEA,EN,Federal Contract Tower,0,2,15,3,20,0,0,89,3,92,0,2,104,6,112,204,0,204,316
07/25/2004,UCA,NY,AEA,EN,Federal Contract Tower,0,2,21,0,23,0,0,84,6,90,0,2,105,6,113,174,0,174,287
07/26/2004,UCA,NY,AEA,EN,Federal Contract Tower,0,8,22,2,32,0,3,51,0,54,0,11,73,2,86,88,2,90,176
07/27/2004,UCA,NY,AEA,EN,Federal Contract Tower,0,9,19,0,28,0,2,23,0,25,0,11,42,0,53,0,0,0,53
07/28/2004,UCA,NY,AEA,EN,Federal Contract Tower,2,10,18,0,30,0,6,39,0,45,2,16,57,0,75,88,0,88,163
07/29/2004,UCA,NY,AEA,EN,Federal Contract Tower,0,7,14,4,25,0,0,52,2,54,0,7,66,6,79,146,4,150,229
07/30/2004,UCA,NY,AEA,EN,Federal Contract Tower,2,11,16,0,29,0,5,39,6,50,2,16,55,6,79,78,0,78,157
07/31/2004,UCA,NY,AEA,EN,Federal Contract Tower,0,4,13,0,17,0,3,32,0,35,0,7,45,0,52,98,0,98,150
08/01/2004,UCA,NY,AEA,EN,Federal Contract Tower,0,1,21,0,22,0,0,38,0,38,0,1,59,0,60,106,8,114,174
08/02/2004,UCA,NY,AEA,EN,Federal Contract Tower,0,5,13,0,18,0,1,56,0,57,0,6,69,0,75,144,0,144,219
08/03/2004,UCA,NY,AEA,EN,Federal Contract Tower,0,10,13,0,23,0,5,43,0,48,0,15,56,0,71,44,0,44,115
08/04/2004,UCA,NY,AEA,EN,Federal Contract Tower,0,13,16,0,29,0,2,56,2,60,0,15,72,2,89,90,0,90,179
08/05/2004,UCA,NY,AEA,EN,Federal Contract Tower,0,9,19,0,28,0,4,62,0,66,0,13,81,0,94,82,0,82,176
08/06/2004,UCA,NY,AEA,EN,Federal Contract Tower,0,9,16,0,25,0,3,56,5,64,0,12,72,5,89,158,0,158,247
08/07/2004,UCA,NY,AEA,EN,Federal Contract Tower,0,0,16,0,16,0,0,50,4,54,0,0,66,4,70,174,0,174,244
08/08/2004,UCA,NY,AEA,EN,Federal Contract Tower,0,0,19,2,21,0,0,74,1,75,0,0,93,3,96,196,0,196,292
08/09/2004,UCA,NY,AEA,EN,Federal Contract Tower,0,6,7,2,15,0,4,83,2,89,0,10,90,4,104,198,4,202,306
08/10/2004,UCA,NY,AEA,EN,Federal Contract Tower,0,11,22,0,33,0,2,57,0,59,0,13,79,0,92,164,0,164,256
08/11/2004,UCA,NY,AEA,EN,Federal Contract Tower,0,12,20,0,32,0,4,89,5,98,0,16,109,5,130,142,0,142,272
08/12/2004,UCA,NY,AEA,EN,Federal Contract Tower,0,11,13,3,27,0,7,42,2,51,0,18,55,5,78,72,8,80,158
08/13/2004,UCA,NY,AEA,EN,Federal Contract Tower,0,9,16,6,31,0,6,37,0,43,0,15,53,6,74,46,12,58,132
08/14/2004,UCA,NY,AEA,EN,Federal Contract Tower,0,0,8,0,8,0,0,60,1,61,0,0,68,1,69,162,0,162,231
08/15/2004,UCA,NY,AEA,EN,Federal Contract Tower,0,0,9,0,9,0,0,53,0,53,0,0,62,0,62,100,0,100,162
08/16/2004,UCA,NY,AEA,EN,Federal Contract Tower,0,5,21,0,26,0,0,25,0,25,0,5,46,0,51,30,0,30,81
08/17/2004,UCA,NY,AEA,EN,Federal Contract Tower,0,7,24,7,38,0,1,57,5,63,0,8,81,12,101,186,0,186,287
08/18/2004,UCA,NY,AEA,EN,Federal Contract Tower,0,9,24,14,47,0,5,51,0,56,0,14,75,14,103,150,0,150,253
08/19/2004,UCA,NY,AEA,EN,Federal Contract Tower,0,13,12,4,29,0,4,44,0,48,0,17,56,4,77,84,16,100,177
08/20/2004,UCA,NY,AEA,EN,Federal Contract Tower,0,9,13,0,22,0,2,45,0,47,0,11,58,0,69,100,0,100,169
08/21/2004,UCA,NY,AEA,EN,Federal Contract Tower,0,0,6,0,6,0,0,27,0,27,0,0,33,0,33,118,0,118,151
08/22/2004,UCA,NY,AEA,EN,Federal Contract Tower,0,0,10,0,10,0,0,85,1,86,0,0,95,1,96,150,2,152,248
08/23/2004,UCA,NY,AEA,EN,Federal Contract Tower,0,6,10,0,16,0,0,49,0,49,0,6,59,0,65,118,0,118,183
08/24/2004,UCA,NY,AEA,EN,Federal Contract Tower,2,10,9,0,21,0,5,90,0,95,2,15,99,0,116,160,0,160,276
08/25/2004,UCA,NY,AEA,EN,Federal Contract Tower,0,10,17,3,30,0,5,79,6,90,0,15,96,9,120,168,6,174,294
08/26/2004,UCA,NY,AEA,EN,Federal Contract Tower,2,11,13,5,31,0,5,80,0,85,2,16,93,5,116,152,4,156,272
08/27/2004,UCA,NY,AEA,EN,Federal Contract Tower,0,10,5,0,15,0,6,63,4,73,0,16,68,4,88,160,0,160,248
08/28/2004,UCA,NY,AEA,EN,Federal Contract Tower,1,1,12,0,14,0,0,50,3,53,1,1,62,3,67,128,0,128,195
08/29/2004,UCA,NY,AEA,EN,Federal Contract Tower,0,1,13,0,14,0,0,51,3,54,0,1,64,3,68,134,0,134,202
08/30/2004,UCA,NY,AEA,EN,Federal Contract Tower,0,10,11,0,21,0,6,54,2,62,0,16,65,2,83,60,0,60,143
08/31/2004,UCA,NY,AEA,EN,Federal Contract Tower,0,11,13,2,26,0,6,79,3,88,0,17,92,5,114,138,10,148,262
09/01/2004,UCA,NY,AEA,EN,Federal Contract Tower,0,13,9,6,28,0,5,84,9,98,0,18,93,15,126,130,14,144,270
09/02/2004,UCA,NY,AEA,EN,Federal Contract Tower,0,13,15,0,28,0,5,94,3,102,0,18,109,3,130,206,0,206,336
09/03/2004,UCA,NY,AEA,EN,Federal Contract Tower,0,11,12,0,23,0,5,73,13,91,0,16,85,13,114,192,0,192,306
09/04/2004,UCA,NY,AEA,EN,Federal Contract Tower,0,0,6,1,7,0,0,43,1,44,0,0,49,2,51,102,0,102,153
09/05/2004,UCA,NY,AEA,EN,Federal Contract Tower,0,0,8,0,8,0,0,37,0,37,0,0,45,0,45,86,0,86,131
09/06/2004,UCA,NY,AEA,EN,Federal Contract Tower,0,1,18,0,19,0,0,45,2,47,0,1,63,2,66,186,6,192,258
09/07/2004,UCA,NY,AEA,EN,Federal Contract Tower,0,4,16,2,22,0,9,48,4,61,0,13,64,6,83,110,0,110,193
09/08/2004,UCA,NY,AEA,EN,Federal Contract Tower,0,11,9,2,22,0,9,41,0,50,0,20,50,2,72,98,0,98,170
09/09/2004,UCA,NY,AEA,EN,Federal Contract Tower,0,11,11,0,22,0,5,25,0,30,0,16,36,0,52,0,0,0,52
09/10/2004,UCA,NY,AEA,EN,Federal Contract Tower,0,14,12,0,26,0,16,67,2,85,0,30,79,2,111,114,0,114,225
09/11/2004,UCA,NY,AEA,EN,Federal Contract Tower,0,2,8,3,13,0,1,65,16,82,0,3,73,19,95,104,0,104,199
09/12/2004,UCA,NY,AEA,EN,Federal Contract Tower,0,2,6,1,9,0,0,54,1,55,0,2,60,2,64,124,0,124,188
09/13/2004,UCA,NY,AEA,EN,Federal Contract Tower,0,10,16,2,28,0,7,58,0,65,0,17,74,2,93,74,0,74,167
09/14/2004,UCA,NY,AEA,EN,Federal Contract Tower,0,10,13,7,30,0,6,72,0,78,0,16,85,7,108,140,12,152,260
09/15/2004,UCA,NY,AEA,EN,Federal Contract Tower,0,11,14,0,25,0,6,71,4,81,0,17,85,4,106,114,0,114,220
09/16/2004,UCA,NY,AEA,EN,Federal Contract Tower,0,10,23,0,33,0,4,51,13,68,0,14,74,13,101,36,8,44,145
09/17/2004,UCA,NY,AEA,EN,Federal Contract Tower,0,12,28,4,44,0,6,39,6,51,0,18,67,10,95,38,0,38,133
09/18/2004,UCA,NY,AEA,EN,Federal Contract Tower,0,0,3,0,3,0,0,47,26,73,0,0,50,26,76,48,38,86,162
09/19/2004,UCA,NY,AEA,EN,Federal Contract Tower,0,0,2,1,3,0,0,76,5,81,0,0,78,6,84,86,50,136,220
09/20/2004,UCA,NY,AEA,EN,Federal Contract Tower,0,9,23,0,32,0,5,77,6,88,0,14,100,6,120,152,0,152,272
09/21/2004,UCA,NY,AEA,EN,Federal Contract Tower,0,11,19,0,30,0,4,79,2,85,0,15,98,2,115,170,0,170,285
09/22/2004,UCA,NY,AEA,EN,Federal Contract Tower,0,10,13,0,23,0,3,65,0,68,0,13,78,0,91,94,0,94,185
09/23/2004,UCA,NY,AEA,EN,Federal Contract Tower,2,10,21,6,39,0,6,82,10,98,2,16,103,16,137,118,8,126,263
09/24/2004,UCA,NY,AEA,EN,Federal Contract Tower,1,12,14,0,27,0,6,79,0,85,1,18,93,0,112,128,0,128,240
09/25/2004,UCA,NY,AEA,EN,Federal Contract Tower,0,0,5,3,8,0,0,76,8,84,0,0,81,11,92,120,0,120,212
09/26/2004,UCA,NY,AEA,EN,Federal Contract Tower,0,0,3,0,3,0,0,69,2,71,0,0,72,2,74,142,0,142,216
09/27/2004,UCA,NY,AEA,EN,Federal Contract Tower,0,7,4,0,11,0,10,76,4,90,0,17,80,4,101,152,0,152,253
09/28/2004,UCA,NY,AEA,EN,Federal Contract Tower,2,10,11,4,27,0,8,52,5,65,2,18,63,9,92,78,2,80,172
09/29/2004,UCA,NY,AEA,EN,Federal Contract Tower,0,13,17,0,30,0,4,57,2,63,0,17,74,2,93,132,0,132,225
09/30/2004,UCA,NY,AEA,EN,Federal Contract Tower,1,11,10,5,27,0,7,42,5,54,1,18,52,10,81,0,2,2,83
10/01/2004,UCA,NY,AEA,EN,Federal Contract Tower,0,9,1,2,12,0,11,50,4,65,0,20,51,6,77,62,14,76,153
10/02/2004,UCA,NY,AEA,EN,Federal Contract Tower,0,0,11,0,11,0,1,53,0,54,0,1,64,0,65,98,0,98,163
10/03/2004,UCA,NY,AEA,EN,Federal Contract Tower,0,0,14,0,14,0,0,69,0,69,0,0,83,0,83,254,0,254,337
10/04/2004,UCA,NY,AEA,EN,Federal Contract Tower,0,6,16,1,23,0,7,43,1,51,0,13,59,2,74,54,0,54,128
10/05/2004,UCA,NY,AEA,EN,Federal Contract Tower,0,15,12,0,27,0,2,60,0,62,0,17,72,0,89,138,0,138,227
10/06/2004,UCA,NY,AEA,EN,Federal Contract Tower,0,10,14,5,29,0,5,71,4,80,0,15,85,9,109,66,4,70,179
10/07/2004,UCA,NY,AEA,EN,Federal Contract Tower,0,15,14,0,29,0,5,59,0,64,0,20,73,0,93,148,0,148,241
10/08/2004,UCA,NY,AEA,EN,Federal Contract Tower,0,16,19,0,35,0,5,47,7,59,0,21,66,7,94,136,4,140,234
10/09/2004,UCA,NY,AEA,EN,Federal Contract Tower,0,6,3,3,12,0,4,43,9,56,0,10,46,12,68,78,6,84,152
10/10/2004,UCA,NY,AEA,EN,Federal Contract Tower,0,3,6,0,9,0,0,36,0,36,0,3,42,0,45,78,0,78,123
10/11/2004,UCA,NY,AEA,EN,Federal Contract Tower,0,0,10,0,10,0,0,46,0,46,0,0,56,0,56,76,0,76,132
10/12/2004,UCA,NY,AEA,EN,Federal Contract Tower,0,5,16,2,23,0,5,49,0,54,0,10,65,2,77,16,0,16,93
10/13/2004,UCA,NY,AEA,EN,Federal Contract Tower,0,10,16,0,26,0,5,73,0,78,0,15,89,0,104,92,0,92,196
10/14/2004,UCA,NY,AEA,EN,Federal Contract Tower,0,12,19,4,35,0,5,53,0,58,0,17,72,4,93,158,16,174,267
10/15/2004,UCA,NY,AEA,EN,Federal Contract Tower,0,9,10,0,19,0,6,44,0,50,0,15,54,0,69,88,0,88,157
10/16/2004,UCA,NY,AEA,EN,Federal Contract Tower,0,0,3,0,3,0,1,41,0,42,0,1,44,0,45,110,0,110,155
10/17/2004,UCA,NY,AEA,EN,Federal Contract Tower,0,0,9,0,9,0,0,31,0,31,0,0,40,0,40,82,0,82,122
10/18/2004,UCA,NY,AEA,EN,Federal Contract Tower,0,6,11,3,20,0,5,42,5,52,0,11,53,8,72,30,12,42,114
10/19/2004,UCA,NY,AEA,EN,Federal Contract Tower,0,11,13,0,24,0,1,23,0,24,0,12,36,0,48,20,0,20,68
10/20/2004,UCA,NY,AEA,EN,Federal Contract Tower,2,10,6,9,27,0,9,67,11,87,2,19,73,20,114,104,12,116,230
10/21/2004,UCA,NY,AEA,EN,Federal Contract Tower,0,9,24,2,35,0,5,27,0,32,0,14,51,2,67,52,0,52,119
10/22/2004,UCA,NY,AEA,EN,Federal Contract Tower,2,12,19,1,34,0,3,60,5,68,2,15,79,6,102,140,0,140,242
10/23/2004,UCA,NY,AEA,EN,Federal Contract Tower,0,0,8,2,10,0,0,76,5,81,0,0,84,7,91,110,4,114,205
10/24/2004,UCA,NY,AEA,EN,Federal Contract Tower,0,0,5,0,5,0,0,51,1,52,0,0,56,1,57,112,8,120,177
10/25/2004,UCA,NY,AEA,EN,Federal Contract Tower,0,8,9,0,17,0,3,36,0,39,0,11,45,0,56,0,0,0,56
10/26/2004,UCA,NY,AEA,EN,Federal Contract Tower,2,11,9,0,22,0,4,41,0,45,2,15,50,0,67,0,0,0,67
10/27/2004,UCA,NY,AEA,EN,Federal Contract Tower,0,11,5,0,16,0,5,39,0,44,0,16,44,0,60,26,0,26,86
10/28/2004,UCA,NY,AEA,EN,Federal Contract Tower,0,10,22,0,32,0,5,66,0,71,0,15,88,0,103,152,0,152,255
10/29/2004,UCA,NY,AEA,EN,Federal Contract Tower,0,12,7,0,19,0,3,52,0,55,0,15,59,0,74,82,0,82,156
10/30/2004,UCA,NY,AEA,EN,Federal Contract Tower,0,2,11,0,13,0,0,30,0,30,0,2,41,0,43,90,0,90,133
10/31/2004,UCA,NY,AEA,EN,Federal Contract Tower,0,3,29,3,35,0,0,33,0,33,0,3,62,3,68,110,0,110,178
11/01/2004,UCA,NY,AEA,EN,Federal Contract Tower,0,5,11,17,33,0,5,52,0,57,0,10,63,17,90,122,28,150,240
11/02/2004,UCA,NY,AEA,EN,Federal Contract Tower,0,11,12,4,27,0,2,30,6,38,0,13,42,10,65,8,0,8,73
11/03/2004,UCA,NY,AEA,EN,Federal Contract Tower,0,11,9,8,28,0,3,111,5,119,0,14,120,13,147,40,10,50,197
11/04/2004,UCA,NY,AEA,EN,Federal Contract Tower,0,10,12,6,28,0,4,103,0,107,0,14,115,6,135,0,0,0,135
11/05/2004,UCA,NY,AEA,EN,Federal Contract Tower,0,13,2,0,15,0,0,7,0,7,0,13,9,0,22,0,0,0,22
11/06/2004,UCA,NY,AEA,EN,Federal Contract Tower,0,5,14,8,27,0,0,43,2,45,0,5,57,10,72,132,14,146,218
11/07/2004,UCA,NY,AEA,EN,Federal Contract Tower,0,0,5,0,5,0,0,46,0,46,0,0,51,0,51,124,0,124,175
11/08/2004,UCA,NY,AEA,EN,Federal Contract Tower,0,5,8,0,13,0,0,30,0,30,0,5,38,0,43,26,0,26,69
11/09/2004,UCA,NY,AEA,EN,Federal Contract Tower,0,17,7,0,24,0,0,61,2,63,0,17,68,2,87,14,2,16,103
11/10/2004,UCA,NY,AEA,EN,Federal Contract Tower,0,15,13,10,38,0,10,76,11,97,0,25,89,21,135,76,16,92,227
11/11/2004,UCA,NY,AEA,EN,Federal Contract Tower,0,7,7,0,14,0,4,51,0,55,0,11,58,0,69,10,0,10,79
11/12/2004,UCA,NY,AEA,EN,Federal Contract Tower,0,6,6,0,12,0,5,55,0,60,0,11,61,0,72,98,0,98,170
11/13/2004,UCA,NY,AEA,EN,Federal Contract Tower,0,1,8,0,9,0,1,65,0,66,0,2,73,0,75,188,0,188,263
11/14/2004,UCA,NY,AEA,EN,Federal Contract Tower,0,4,29,0,33,0,0,59,6,65,0,4,88,6,98,170,0,170,268
11/15/2004,UCA,NY,AEA,EN,Federal Contract Tower,0,3,13,1,17,0,0,46,0,46,0,3,59,1,63,80,0,80,143
11/16/2004,UCA,NY,AEA,EN,Federal Contract Tower,0,13,7,1,21,0,9,40,1,50,0,22,47,2,71,62,2,64,135
11/17/2004,UCA,NY,AEA,EN,Federal Contract Tower,0,9,8,1,18,0,2,33,0,35,0,11,41,1,53,8,0,8,61
11/18/2004,UCA,NY,AEA,EN,Federal Contract Tower,0,9,12,0,21,0,6,41,0,47,0,15,53,0,68,6,0,6,74
11/19/2004,UCA,NY,AEA,EN,Federal Contract Tower,0,7,17,0,24,0,5,65,4,74,0,12,82,4,98,130,0,130,228
11/20/2004,UCA,NY,AEA,EN,Federal Contract Tower,0,0,7,3,10,0,0,41,7,48,0,0,48,10,58,78,18,96,154
11/21/2004,UCA,NY,AEA,EN,Federal Contract Tower,0,0,13,2,15,0,0,33,2,35,0,0,46,4,50,126,14,140,190
11/22/2004,UCA,NY,AEA,EN,Federal Contract Tower,0,6,10,0,16,0,7,59,0,66,0,13,69,0,82,138,0,138,220
11/23/2004,UCA,NY,AEA,EN,Federal Contract Tower,1,11,15,5,32,0,4,68,6,78,1,15,83,11,110,128,6,134,244
11/24/2004,UCA,NY,AEA,EN,Federal Contract Tower,0,10,16,0,26,0,4,33,0,37,0,14,49,0,63,14,0,14,77
11/25/2004,UCA,NY,AEA,EN,Federal Contract Tower,0,5,0,0,5,0,0,42,0,42,0,5,42,0,47,48,0,48,95
11/26/2004,UCA,NY,AEA,EN,Federal Contract Tower,0,6,2,0,8,0,0,23,0,23,0,6,25,0,31,2,0,2,33
11/27/2004,UCA,NY,AEA,EN,Federal Contract Tower,0,6,2,0,8,0,2,51,2,55,0,8,53,2,63,110,2,112,175
11/28/2004,UCA,NY,AEA,EN,Federal Contract Tower,2,0,4,0,6,0,0,46,0,46,2,0,50,0,52,88,0,88,140
11/29/2004,UCA,NY,AEA,EN,Federal Contract Tower,0,7,18,4,29,0,0,66,3,69,0,7,84,7,98,110,8,118,216
11/30/2004,UCA,NY,AEA,EN,Federal Contract Tower,2,9,9,4,24,0,5,89,5,99,2,14,98,9,123,126,8,134,257
12/01/2004,UCA,NY,AEA,EN,Federal Contract Tower,0,13,3,0,16,0,3,43,0,46,0,16,46,0,62,0,0,0,62
12/02/2004,UCA,NY,AEA,EN,Federal Contract Tower,0,12,9,0,21,0,3,35,0,38,0,15,44,0,59,0,0,0,59
12/03/2004,UCA,NY,AEA,EN,Federal Contract Tower,2,13,12,0,27,0,3,40,0,43,2,16,52,0,70,0,0,0,70
12/04/2004,UCA,NY,AEA,EN,Federal Contract Tower,1,0,7,7,15,0,0,58,6,64,1,0,65,13,79,158,18,176,255
12/05/2004,UCA,NY,AEA,EN,Federal Contract Tower,0,0,5,0,5,0,0,48,0,48,0,0,53,0,53,96,0,96,149
12/06/2004,UCA,NY,AEA,EN,Federal Contract Tower,0,7,9,0,16,0,4,35,0,39,0,11,44,0,55,42,0,42,97
12/07/2004,UCA,NY,AEA,EN,Federal Contract Tower,0,13,4,0,17,0,3,37,0,40,0,16,41,0,57,0,0,0,57
12/08/2004,UCA,NY,AEA,EN,Federal Contract Tower,1,9,9,3,22,0,7,40,3,50,1,16,49,6,72,0,10,10,82
12/09/2004,UCA,NY,AEA,EN,Federal Contract Tower,1,13,14,2,30,0,3,68,6,77,1,16,82,8,107,102,2,104,211
12/10/2004,UCA,NY,AEA,EN,Federal Contract Tower,0,14,8,2,24,0,4,21,0,25,0,18,29,2,49,40,0,40,89
12/11/2004,UCA,NY,AEA,EN,Federal Contract Tower,0,0,0,0,0,0,0,25,0,25,0,0,25,0,25,0,0,0,25
12/12/2004,UCA,NY,AEA,EN,Federal Contract Tower,0,0,3,0,3,0,0,34,3,37,0,0,37,3,40,48,0,48,88
12/13/2004,UCA,NY,AEA,EN,Federal Contract Tower,0,3,11,10,24,0,8,41,0,49,0,11,52,10,73,52,10,62,135
12/14/2004,UCA,NY,AEA,EN,Federal Contract Tower,0,10,10,1,21,0,4,41,1,46,0,14,51,2,67,58,4,62,129
12/15/2004,UCA,NY,AEA,EN,Federal Contract Tower,0,11,21,3,35,0,4,61,2,67,0,15,82,5,102,36,18,54,156
12/16/2004,UCA,NY,AEA,EN,Federal Contract Tower,0,10,7,1,18,0,5,71,1,77,0,15,78,2,95,168,4,172,267
12/17/2004,UCA,NY,AEA,EN,Federal Contract Tower,0,11,8,0,19,0,6,25,0,31,0,17,33,0,50,0,0,0,50
12/18/2004,UCA,NY,AEA,EN,Federal Contract Tower,0,2,15,0,17,0,9,47,6,62,0,11,62,6,79,128,6,134,213
12/19/2004,UCA,NY,AEA,EN,Federal Contract Tower,0,2,4,0,6,0,0,18,0,18,0,2,22,0,24,50,0,50,74
12/20/2004,UCA,NY,AEA,EN,Federal Contract Tower,0,3,7,0,10,0,1,25,0,26,0,4,32,0,36,60,0,60,96
12/21/2004,UCA,NY,AEA,EN,Federal Contract Tower,0,11,6,6,23,0,4,47,9,60,0,15,53,15,83,46,16,62,145
12/22/2004,UCA,NY,AEA,EN,Federal Contract Tower,0,13,5,0,18,0,4,36,2,42,0,17,41,2,60,0,0,0,60
12/23/2004,UCA,NY,AEA,EN,Federal Contract Tower,0,12,1,0,13,0,3,41,0,44,0,15,42,0,57,64,0,64,121
12/24/2004,UCA,NY,AEA,EN,Federal Contract Tower,0,10,2,0,12,0,1,40,0,41,0,11,42,0,53,34,0,34,87
12/25/2004,UCA,NY,AEA,EN,Federal Contract Tower,0,0,0,0,0,0,0,32,0,32,0,0,32,0,32,56,0,56,88
12/26/2004,UCA,NY,AEA,EN,Federal Contract Tower,0,0,9,1,10,0,0,59,6,65,0,0,68,7,75,102,4,106,181
12/27/2004,UCA,NY,AEA,EN,Federal Contract Tower,0,7,12,0,19,0,6,44,0,50,0,13,56,0,69,78,0,78,147
12/28/2004,UCA,NY,AEA,EN,Federal Contract Tower,0,12,16,3,31,0,3,44,2,49,0,15,60,5,80,64,4,68,148
12/29/2004,UCA,NY,AEA,EN,Federal Contract Tower,0,12,8,0,20,0,3,26,0,29,0,15,34,0,49,0,0,0,49
12/30/2004,UCA,NY,AEA,EN,Federal Contract Tower,0,10,9,0,19,1,7,37,0,45,1,17,46,0,64,0,0,0,64
12/31/2004,UCA,NY,AEA,EN,Federal Contract Tower,0,13,0,0,13,0,0,33,0,33,0,13,33,0,46,40,0,40,86
01/01/2005,UCA,NY,AEA,EN,Federal Contract Tower,0,0,2,0,2,0,2,86,2,90,0,2,88,2,92,118,4,122,214
01/02/2005,UCA,NY,AEA,EN,Federal Contract Tower,0,2,2,0,4,0,0,45,2,47,0,2,47,2,51,68,0,68,119
01/03/2005,UCA,NY,AEA,EN,Federal Contract Tower,0,6,1,0,7,0,1,83,0,84,0,7,84,0,91,96,0,96,187
01/04/2005,UCA,NY,AEA,EN,Federal Contract Tower,0,13,10,2,25,0,1,49,6,56,0,14,59,8,81,76,6,82,163
01/05/2005,UCA,NY,AEA,EN,Federal Contract Tower,0,10,1,2,13,0,3,54,0,57,0,13,55,2,70,78,0,78,148
01/06/2005,UCA,NY,AEA,EN,Federal Contract Tower,0,8,4,0,12,0,6,50,0,56,0,14,54,0,68,52,0,52,120
01/07/2005,UCA,NY,AEA,EN,Federal Contract Tower,0,8,5,6,19,0,5,52,4,61,0,13,57,10,80,74,12,86,166
01/08/2005,UCA,NY,AEA,EN,Federal Contract Tower,0,1,2,0,3,0,0,28,0,28,0,1,30,0,31,0,0,0,31
01/09/2005,UCA,NY,AEA,EN,Federal Contract Tower,0,1,6,0,7,0,1,58,4,63,0,2,64,4,70,96,0,96,166
01/10/2005,UCA,NY,AEA,EN,Federal Contract Tower,0,6,7,0,13,0,1,37,0,38,0,7,44,0,51,50,0,50,101
01/11/2005,UCA,NY,AEA,EN,Federal Contract Tower,0,9,9,0,18,0,2,43,0,45,0,11,52,0,63,144,0,144,207
01/12/2005,UCA,NY,AEA,EN,Federal Contract Tower,0,11,19,2,32,0,2,34,4,40,0,13,53,6,72,66,10,76,148
01/13/2005,UCA,NY,AEA,EN,Federal Contract Tower,0,9,29,12,50,0,5,46,0,51,0,14,75,12,101,112,12,124,225
01/14/2005,UCA,NY,AEA,EN,Federal Contract Tower,0,14,22,0,36,0,8,41,10,59,0,22,63,10,95,72,0,72,167
01/15/2005,UCA,NY,AEA,EN,Federal Contract Tower,0,0,5,1,6,0,0,49,5,54,0,0,54,6,60,116,0,116,176
01/16/2005,UCA,NY,AEA,EN,Federal Contract Tower,0,3,11,0,14,0,1,43,0,44,0,4,54,0,58,120,0,120,178
01/17/2005,UCA,NY,AEA,EN,Federal Contract Tower,0,0,3,0,3,0,0,33,1,34,0,0,36,1,37,52,0,52,89
01/18/2005,UCA,NY,AEA,EN,Federal Contract Tower,2,6,2,1,11,0,0,43,0,43,2,6,45,1,54,102,0,102,156
01/19/2005,UCA,NY,AEA,EN,Federal Contract Tower,0,13,6,0,19,0,0,38,0,38,0,13,44,0,57,28,0,28,85
01/20/2005,UCA,NY,AEA,EN,Federal Contract Tower,2,12,8,0,22,0,6,45,0,51,2,18,53,0,73,78,0,78,151
01/21/2005,UCA,NY,AEA,EN,Federal Contract Tower,0,10,4,0,14,0,10,54,3,67,0,20,58,3,81,58,0,58,139
01/22/2005,UCA,NY,AEA,EN,Federal Contract Tower,0,0,2,0,2,0,0,26,0,26,0,0,28,0,28,34,0,34,62
01/23/2005,UCA,NY,AEA,EN,Federal Contract Tower,0,0,4,0,4,0,0,37,0,37,0,0,41,0,41,42,0,42,83
01/24/2005,UCA,NY,AEA,EN,Federal Contract Tower,0,5,7,0,12,0,0,28,0,28,0,5,35,0,40,42,0,42,82
01/25/2005,UCA,NY,AEA,EN,Federal Contract Tower,0,10,12,0,22,0,7,39,6,52,0,17,51,6,74,94,0,94,168
01/26/2005,UCA,NY,AEA,EN,Federal Contract Tower,1,17,5,0,23,0,5,58,0,63,1,22,63,0,86,80,0,80,166
01/27/2005,UCA,NY,AEA,EN,Federal Contract Tower,2,13,1,3,19,0,2,64,1,67,2,15,65,4,86,86,0,86,172
01/28/2005,UCA,NY,AEA,EN,Federal Contract Tower,0,13,16,2,31,2,5,53,6,66,2,18,69,8,97,66,0,66,163
01/29/2005,UCA,NY,AEA,EN,Federal Contract Tower,0,2,6,1,9,0,1,61,6,68,0,3,67,7,77,166,0,166,243
01/30/2005,UCA,NY,AEA,EN,Federal Contract Tower,0,0,2,0,2,0,0,55,0,55,0,0,57,0,57,110,0,110,167
01/31/2005,UCA,NY,AEA,EN,Federal Contract Tower,0,5,19,5,29,0,0,53,0,53,0,5,72,5,82,134,8,142,224
02/01/2005,UCA,NY,AEA,EN,Federal Contract Tower,0,11,10,5,26,0,2,61,7,70,0,13,71,12,96,144,4,148,244
02/02/2005,UCA,NY,AEA,EN,Federal Contract Tower,0,9,17,0,26,0,4,44,2,50,0,13,61,2,76,118,0,118,194
02/03/2005,UCA,NY,AEA,EN,Federal Contract Tower,0,9,16,2,27,0,4,70,2,76,0,13,86,4,103,148,6,154,257
02/04/2005,UCA,NY,AEA,EN,Federal Contract Tower,0,6,7,5,18,0,8,61,0,69,0,14,68,5,87,88,8,96,183
02/05/2005,UCA,NY,AEA,EN,Federal Contract Tower,0,2,8,0,10,0,0,62,3,65,0,2,70,3,75,76,0,76,151
02/06/2005,UCA,NY,AEA,EN,Federal Contract Tower,0,0,15,0,15,0,0,52,7,59,0,0,67,7,74,166,26,192,266
02/07/2005,UCA,NY,AEA,EN,Federal Contract Tower,0,7,6,6,19,0,0,40,17,57,0,7,46,23,76,106,18,124,200
02/08/2005,UCA,NY,AEA,EN,Federal Contract Tower,0,6,3,0,9,0,2,38,0,40,0,8,41,0,49,36,0,36,85
02/09/2005,UCA,NY,AEA,EN,Federal Contract Tower,0,7,6,2,15,0,5,36,2,43,0,12,42,4,58,42,7,49,107
02/10/2005,UCA,NY,AEA,EN,Federal Contract Tower,0,15,8,0,23,0,1,44,0,45,0,16,52,0,68,60,0,60,128
02/11/2005,UCA,NY,AEA,EN,Federal Contract Tower,0,12,7,2,21,0,1,34,2,37,0,13,41,4,58,74,0,74,132
02/12/2005,UCA,NY,AEA,EN,Federal Contract Tower,0,0,3,0,3,0,2,52,2,56,0,2,55,2,59,38,0,38,97
02/13/2005,UCA,NY,AEA,EN,Federal Contract Tower,0,0,8,0,8,1,0,53,9,63,1,0,61,9,71,124,16,140,211
02/14/2005,UCA,NY,AEA,EN,Federal Contract Tower,0,6,4,0,10,0,1,31,0,32,0,7,35,0,42,40,0,40,82
02/15/2005,UCA,NY,AEA,EN,Federal Contract Tower,0,11,13,2,26,0,5,55,1,61,0,16,68,3,87,118,8,126,213
02/16/2005,UCA,NY,AEA,EN,Federal Contract Tower,0,9,3,4,16,0,2,8,2,12,0,11,11,6,28,16,12,28,56
02/17/2005,UCA,NY,AEA,EN,Federal Contract Tower,0,9,20,0,29,0,6,30,0,36,0,15,50,0,65,40,0,40,105
02/18/2005,UCA,NY,AEA,EN,Federal Contract Tower,0,15,3,0,18,0,0,30,0,30,0,15,33,0,48,18,0,18,66
02/19/2005,UCA,NY,AEA,EN,Federal Contract Tower,0,0,6,0,6,0,0,62,13,75,0,0,68,13,81,116,22,138,219
02/20/2005,UCA,NY,AEA,EN,Federal Contract Tower,0,0,7,0,7,0,0,50,2,52,0,0,57,2,59,108,0,108,167
02/21/2005,UCA,NY,AEA,EN,Federal Contract Tower,0,1,2,0,3,0,0,39,0,39,0,1,41,0,42,20,0,20,62
02/22/2005,UCA,NY,AEA,EN,Federal Contract Tower,0,8,6,0,14,0,0,16,1,17,0,8,22,1,31,0,2,2,33
02/23/2005,UCA,NY,AEA,EN,Federal Contract Tower,0,11,10,5,26,0,5,58,1,64,0,16,68,6,90,94,18,112,202
02/24/2005,UCA,NY,AEA,EN,Federal Contract Tower,0,13,4,0,17,0,2,79,0,81,0,15,83,0,98,86,0,86,184
02/25/2005,UCA,NY,AEA,EN,Federal Contract Tower,0,8,9,0,17,0,5,45,0,50,0,13,54,0,67,124,0,124,191
02/26/2005,UCA,NY,AEA,EN,Federal Contract Tower,0,0,5,0,5,0,0,42,2,44,0,0,47,2,49,76,0,76,125
02/27/2005,UCA,NY,AEA,EN,Federal Contract Tower,0,0,3,0,3,0,0,54,5,59,0,0,57,5,62,192,22,214,276
02/28/2005,UCA,NY,AEA,EN,Federal Contract Tower,0,4,7,0,11,0,2,20,0,22,0,6,27,0,33,38,0,38,71
03/01/2005,UCA,NY,AEA,EN,Federal Contract Tower,0,11,5,3,19,0,4,34,3,41,0,15,39,6,60,0,0,0,60
03/02/2005,UCA,NY,AEA,EN,Federal Contract Tower,0,15,2,0,17,0,3,57,0,60,0,18,59,0,77,80,0,80,157
03/03/2005,UCA,NY,AEA,EN,Federal Contract Tower,0,15,9,0,24,0,6,48,0,54,0,21,57,0,78,78,0,78,156
03/04/2005,UCA,NY,AEA,EN,Federal Contract Tower,0,13,9,0,22,0,6,33,0,39,0,19,42,0,61,80,0,80,141
03/05/2005,UCA,NY,AEA,EN,Federal Contract Tower,0,4,9,2,15,0,6,53,17,76,0,10,62,19,91,210,12,222,313
03/06/2005,UCA,NY,AEA,EN,Federal Contract Tower,1,2,2,2,7,0,0,35,0,35,1,2,37,2,42,44,0,44,86
03/07/2005,UCA,NY,AEA,EN,Federal Contract Tower,0,6,2,9,17,0,0,33,9,42,0,6,35,18,59,52,14,66,125
03/08/2005,UCA,NY,AEA,EN,Federal Contract Tower,0,13,2,0,15,0,4,54,0,58,0,17,56,0,73,72,0,72,145
03/09/2005,UCA,NY,AEA,EN,Federal Contract Tower,0,13,16,4,33,0,6,42,0,48,0,19,58,4,81,74,8,82,163
03/10/2005,UCA,NY,AEA,EN,Federal Contract Tower,0,11,7,2,20,0,5,63,9,77,0,16,70,11,97,78,12,90,187
03/11/2005,UCA,NY,AEA,EN,Federal Contract Tower,0,11,4,0,15,0,5,35,0,40,0,16,39,0,55,52,0,52,107
03/12/2005,UCA,NY,AEA,EN,Federal Contract Tower,0,2,8,1,11,0,0,47,5,52,0,2,55,6,63,154,12,166,229
03/13/2005,UCA,NY,AEA,EN,Federal Contract Tower,0,0,8,0,8,0,0,44,3,47,0,0,52,3,55,86,10,96,151
03/14/2005,UCA,NY,AEA,EN,Federal Contract Tower,0,11,7,0,18,0,2,56,0,58,0,13,63,0,76,132,0,132,208
03/15/2005,UCA,NY,AEA,EN,Federal Contract Tower,0,11,5,0,16,1,3,58,4,66,1,14,63,4,82,86,0,86,168
03/16/2005,UCA,NY,AEA,EN,Federal Contract Tower,2,10,7,7,26,0,6,61,4,71,2,16,68,11,97,144,14,158,255
03/17/2005,UCA,NY,AEA,EN,Federal Contract Tower,0,11,17,1,29,0,5,62,3,70,0,16,79,4,99,128,8,136,235
03/18/2005,UCA,NY,AEA,EN,Federal Contract Tower,0,10,14,1,25,0,6,60,6,72,0,16,74,7,97,194,4,198,295
03/19/2005,UCA,NY,AEA,EN,Federal Contract Tower,0,1,8,0,9,0,0,70,2,72,0,1,78,2,81,198,0,198,279
03/20/2005,UCA,NY,AEA,EN,Federal Contract Tower,2,2,0,0,4,0,0,50,0,50,2,2,50,0,54,82,0,82,136
03/21/2005,UCA,NY,AEA,EN,Federal Contract Tower,0,6,8,3,17,0,0,36,0,36,0,6,44,3,53,56,6,62,115
03/22/2005,UCA,NY,AEA,EN,Federal Contract Tower,2,13,24,7,46,0,7,61,9,77,2,20,85,16,123,162,12,174,297
03/23/2005,UCA,NY,AEA,EN,Federal Contract Tower,0,13,11,2,26,0,7,56,2,65,0,20,67,4,91,128,0,128,219
03/24/2005,UCA,NY,AEA,EN,Federal Contract Tower,0,12,22,13,47,2,2,59,0,63,2,14,81,13,110,156,26,182,292
03/25/2005,UCA,NY,AEA,EN,Federal Contract Tower,0,9,12,0,21,1,2,35,0,38,1,11,47,0,59,76,0,76,135
03/26/2005,UCA,NY,AEA,EN,Federal Contract Tower,0,2,4,8,14,0,0,78,16,94,0,2,82,24,108,172,12,184,292
03/27/2005,UCA,NY,AEA,EN,Federal Contract Tower,0,0,6,0,6,0,0,41,0,41,0,0,47,0,47,74,0,74,121
03/28/2005,UCA,NY,AEA,EN,Federal Contract Tower,1,6,11,2,20,0,1,43,2,46,1,7,54,4,66,18,0,18,84
03/29/2005,UCA,NY,AEA,EN,Federal Contract Tower,0,11,17,5,33,0,1,44,7,52,0,12,61,12,85,106,12,118,203
03/30/2005,UCA,NY,AEA,EN,Federal Contract Tower,0,9,13,2,24,0,6,84,6,96,0,15,97,8,120,206,18,224,344
03/31/2005,UCA,NY,AEA,EN,Federal Contract Tower,0,10,17,2,29,0,4,57,2,63,0,14,74,4,92,142,0,142,234
04/01/2005,UCA,NY,AEA,EN,Federal Contract Tower,0,10,7,0,17,0,0,50,0,50,0,10,57,0,67,89,0,89,156
04/02/2005,UCA,NY,AEA,EN,Federal Contract Tower,0,2,5,0,7,0,0,30,0,30,0,2,35,0,37,72,0,72,109
04/03/2005,UCA,NY,AEA,EN,Federal Contract Tower,0,0,5,0,5,0,0,38,0,38,0,0,43,0,43,32,0,32,75
04/04/2005,UCA,NY,AEA,EN,Federal Contract Tower,0,4,7,5,16,0,0,42,2,44,0,4,49,7,60,0,6,6,66
04/05/2005,UCA,NY,AEA,EN,Federal Contract Tower,0,14,8,5,27,0,0,87,3,90,0,14,95,8,117,180,2,182,299
04/06/2005,UCA,NY,AEA,EN,Federal Contract Tower,0,16,7,0,23,0,4,66,0,70,0,20,73,0,93,126,0,126,219
04/07/2005,UCA,NY,AEA,EN,Federal Contract Tower,0,14,11,1,26,0,5,51,5,61,0,19,62,6,87,80,4,84,171
04/08/2005,UCA,NY,AEA,EN,Federal Contract Tower,0,10,6,0,16,0,0,70,0,70,0,10,76,0,86,142,0,142,228
04/09/2005,UCA,NY,AEA,EN,Federal Contract Tower,0,2,13,0,15,0,0,70,0,70,0,2,83,0,85,122,0,122,207
04/10/2005,UCA,NY,AEA,EN,Federal Contract Tower,0,0,9,0,9,0,0,55,0,55,0,0,64,0,64,105,0,105,169
04/11/2005,UCA,NY,AEA,EN,Federal Contract Tower,0,11,9,0,20,0,0,53,0,53,0,11,62,0,73,92,0,92,165
04/12/2005,UCA,NY,AEA,EN,Federal Contract Tower,0,12,12,4,28,0,10,72,6,88,0,22,84,10,116,126,8,134,250
04/13/2005,UCA,NY,AEA,EN,Federal Contract Tower,0,10,6,0,16,0,2,84,5,91,0,12,90,5,107,166,3,169,276
04/14/2005,UCA,NY,AEA,EN,Federal Contract Tower,2,13,6,0,21,0,12,97,4,113,2,25,103,4,134,122,3,125,259
04/15/2005,UCA,NY,AEA,EN,Federal Contract Tower,2,10,9,0,21,1,5,72,1,79,3,15,81,1,100,122,0,122,222
04/16/2005,UCA,NY,AEA,EN,Federal Contract Tower,0,2,12,0,14,0,1,76,8,85,0,3,88,8,99,148,1,149,248
04/17/2005,UCA,NY,AEA,EN,Federal Contract Tower,0,2,10,0,12,0,0,63,0,63,0,2,73,0,75,174,0,174,249
04/18/2005,UCA,NY,AEA,EN,Federal Contract Tower,0,7,5,0,12,0,0,92,4,96,0,7,97,4,108,124,0,124,232
04/19/2005,UCA,NY,AEA,EN,Federal Contract Tower,2,9,6,4,21,0,4,107,9,120,2,13,113,13,141,150,30,180,321
04/20/2005,UCA,NY,AEA,EN,Federal Contract Tower,0,11,11,4,26,0,2,75,0,77,0,13,86,4,103,98,0,98,201
04/21/2005,UCA,NY,AEA,EN,Federal Contract Tower,4,11,11,3,29,0,6,81,4,91,4,17,92,7,120,138,8,146,266
04/22/2005,UCA,NY,AEA,EN,Federal Contract Tower,0,10,4,0,14,2,1,75,1,79,2,11,79,1,93,154,1,155,248
04/23/2005,UCA,NY,AEA,EN,Federal Contract Tower,1,0,4,0,5,0,0,54,6,60,1,0,58,6,65,92,2,94,159
04/24/2005,UCA,NY,AEA,EN,Federal Contract Tower,0,0,22,0,22,0,0,26,0,26,0,0,48,0,48,60,0,60,108
04/25/2005,UCA,NY,AEA,EN,Federal Contract Tower,0,6,14,4,24,0,0,66,1,67,0,6,80,5,91,66,0,66,157
04/26/2005,UCA,NY,AEA,EN,Federal Contract Tower,0,10,16,5,31,0,3,69,8,80,0,13,85,13,111,108,6,114,225
04/27/2005,UCA,NY,AEA,EN,Federal Contract Tower,0,10,18,5,33,0,2,63,0,65,0,12,81,5,98,121,4,125,223
04/28/2005,UCA,NY,AEA,EN,Federal Contract Tower,0,12,11,3,26,0,0,95,3,98,0,12,106,6,124,130,4,134,258
04/29/2005,UCA,NY,AEA,EN,Federal Contract Tower,0,14,15,6,35,1,1,85,4,91,1,15,100,10,126,134,12,146,272
04/30/2005,UCA,NY,AEA,EN,Federal Contract Tower,0,1,14,0,15,0,0,38,0,38,0,1,52,0,53,78,0,78,131
05/01/2005,UCA,NY,AEA,EN,Federal Contract Tower,0,0,9,0,9,0,0,59,0,59,0,0,68,0,68,86,0,86,154
05/02/2005,UCA,NY,AEA,EN,Federal Contract Tower,0,5,9,21,35,0,0,36,0,36,0,5,45,21,71,46,18,64,135
05/03/2005,UCA,NY,AEA,EN,Federal Contract Tower,0,9,6,2,17,0,4,46,0,50,0,13,52,2,67,66,0,66,133
05/04/2005,UCA,NY,AEA,EN,Federal Contract Tower,0,10,8,6,24,0,9,105,4,118,0,19,113,10,142,116,10,126,268
05/05/2005,UCA,NY,AEA,EN,Federal Contract Tower,0,9,14,10,33,0,2,114,0,116,0,11,128,10,149,128,8,136,285
05/06/2005,UCA,NY,AEA,EN,Federal Contract Tower,0,10,10,0,20,0,0,67,13,80,0,10,77,13,100,116,0,116,216
05/07/2005,UCA,NY,AEA,EN,Federal Contract Tower,0,1,10,0,11,0,0,70,21,91,0,1,80,21,102,104,10,114,216
05/08/2005,UCA,NY,AEA,EN,Federal Contract Tower,0,0,4,0,4,0,0,38,1,39,0,0,42,1,43,38,2,40,83
05/09/2005,UCA,NY,AEA,EN,Federal Contract Tower,0,7,9,0,16,0,0,79,0,79,0,7,88,0,95,114,0,114,209
05/10/2005,UCA,NY,AEA,EN,Federal Contract Tower,1,8,18,0,27,0,9,74,4,87,1,17,92,4,114,124,0,124,238
05/11/2005,UCA,NY,AEA,EN,Federal Contract Tower,0,12,21,0,33,0,0,58,0,58,0,12,79,0,91,88,0,88,179
05/12/2005,UCA,NY,AEA,EN,Federal Contract Tower,0,16,4,2,22,0,2,68,3,73,0,18,72,5,95,102,0,102,197
05/13/2005,UCA,NY,AEA,EN,Federal Contract Tower,0,9,8,0,17,1,2,104,6,113,1,11,112,6,130,128,4,132,262
05/14/2005,UCA,NY,AEA,EN,Federal Contract Tower,0,0,19,6,25,0,0,43,9,52,0,0,62,15,77,110,28,138,215
05/15/2005,UCA,NY,AEA,EN,Federal Contract Tower,0,0,7,4,11,0,0,45,0,45,0,0,52,4,56,76,14,90,146
05/16/2005,UCA,NY,AEA,EN,Federal Contract Tower,0,4,20,0,24,0,0,57,0,57,0,4,77,0,81,106,0,106,187
05/17/2005,UCA,NY,AEA,EN,Federal Contract Tower,0,17,13,0,30,0,6,40,0,46,0,23,53,0,76,106,0,106,182
05/18/2005,UCA,NY,AEA,EN,Federal Contract Tower,2,11,16,4,33,0,5,79,5,89,2,16,95,9,122,114,4,118,240
05/19/2005,UCA,NY,AEA,EN,Federal Contract Tower,2,12,13,0,27,0,6,79,0,85,2,18,92,0,112,108,0,108,220
05/20/2005,UCA,NY,AEA,EN,Federal Contract Tower,2,11,5,10,28,0,4,67,0,71,2,15,72,10,99,140,4,144,243
05/21/2005,UCA,NY,AEA,EN,Federal Contract Tower,0,2,4,0,6,0,0,60,4,64,0,2,64,4,70,96,6,102,172
05/22/2005,UCA,NY,AEA,EN,Federal Contract Tower,0,3,15,0,18,0,2,38,0,40,0,5,53,0,58,56,0,56,114
05/23/2005,UCA,NY,AEA,EN,Federal Contract Tower,1,9,44,15,69,1,1,71,0,73,2,10,115,15,142,136,16,152,294
05/24/2005,UCA,NY,AEA,EN,Federal Contract Tower,2,9,10,0,21,0,2,53,2,57,2,11,63,2,78,118,0,118,196
05/25/2005,UCA,NY,AEA,EN,Federal Contract Tower,0,15,15,2,32,0,5,101,0,106,0,20,116,2,138,173,0,173,311
05/26/2005,UCA,NY,AEA,EN,Federal Contract Tower,1,12,12,2,27,0,3,98,2,103,1,15,110,4,130,118,0,118,248
05/27/2005,UCA,NY,AEA,EN,Federal Contract Tower,0,12,11,0,23,0,3,59,0,62,0,15,70,0,85,98,0,98,183
05/28/2005,UCA,NY,AEA,EN,Federal Contract Tower,0,1,8,0,9,0,0,48,2,50,0,1,56,2,59,116,6,122,181
05/29/2005,UCA,NY,AEA,EN,Federal Contract Tower,0,1,1,0,2,0,0,67,0,67,0,1,68,0,69,136,0,136,205
05/30/2005,UCA,NY,AEA,EN,Federal Contract Tower,0,0,10,2,12,0,0,80,8,88,0,0,90,10,100,172,4,176,276
05/31/2005,UCA,NY,AEA,EN,Federal Contract Tower,0,7,8,4,19,0,3,63,8,74,0,10,71,12,93,182,18,200,293
06/01/2005,UCA,NY,AEA,EN,Federal Contract Tower,0,9,11,6,26,0,5,105,0,110,0,14,116,6,136,190,8,198,334
06/02/2005,UCA,NY,AEA,EN,Federal Contract Tower,0,10,15,0,25,0,5,111,0,116,0,15,126,0,141,166,0,166,307
06/03/2005,UCA,NY,AEA,EN,Federal Contract Tower,0,17,11,3,31,0,0,67,1,68,0,17,78,4,99,104,2,106,205
06/04/2005,UCA,NY,AEA,EN,Federal Contract Tower,0,6,6,0,12,0,0,65,6,71,0,6,71,6,83,154,6,160,243
06/05/2005,UCA,NY,AEA,EN,Federal Contract Tower,0,1,6,0,7,0,0,104,0,104,0,1,110,0,111,167,0,167,278
06/06/2005,UCA,NY,AEA,EN,Federal Contract Tower,0,7,4,0,11,0,0,103,0,103,0,7,107,0,114,142,0,142,256
06/07/2005,UCA,NY,AEA,EN,Federal Contract Tower,0,13,14,0,27,1,6,66,0,73,1,19,80,0,100,116,0,116,216
06/08/2005,UCA,NY,AEA,EN,Federal Contract Tower,0,10,11,1,22,0,2,65,2,69,0,12,76,3,91,144,8,152,243
06/09/2005,UCA,NY,AEA,EN,Federal Contract Tower,0,12,5,0,17,0,0,106,8,114,0,12,111,8,131,146,0,146,277
06/10/2005,UCA,NY,AEA,EN,Federal Contract Tower,0,10,6,0,16,1,1,86,0,88,1,11,92,0,104,118,0,118,222
06/11/2005,UCA,NY,AEA,EN,Federal Contract Tower,0,1,7,0,8,0,0,77,8,85,0,1,84,8,93,136,8,144,237
06/12/2005,UCA,NY,AEA,EN,Federal Contract Tower,0,3,7,0,10,0,0,90,3,93,0,3,97,3,103,186,0,186,289
06/13/2005,UCA,NY,AEA,EN,Federal Contract Tower,0,10,6,0,16,0,0,75,0,75,0,10,81,0,91,132,0,132,223
06/14/2005,UCA,NY,AEA,EN,Federal Contract Tower,0,6,19,3,28,0,0,42,3,45,0,6,61,6,73,130,4,134,207
06/15/2005,UCA,NY,AEA,EN,Federal Contract Tower,0,10,8,0,18,0,2,107,6,115,0,12,115,6,133,148,2,150,283
06/16/2005,UCA,NY,AEA,EN,Federal Contract Tower,0,14,14,12,40,0,2,69,0,71,0,16,83,12,111,100,8,108,219
06/17/2005,UCA,NY,AEA,EN,Federal Contract Tower,0,10,11,0,21,0,0,56,2,58,0,10,67,2,79,102,0,102,181
06/18/2005,UCA,NY,AEA,EN,Federal Contract Tower,0,0,15,11,26,0,0,56,15,71,0,0,71,26,97,114,14,128,225
06/19/2005,UCA,NY,AEA,EN,Federal Contract Tower,0,2,12,0,14,0,0,85,3,88,0,2,97,3,102,178,0,178,280
06/20/2005,UCA,NY,AEA,EN,Federal Contract Tower,0,8,3,7,18,0,0,118,1,119,0,8,121,8,137,160,8,168,305
06/21/2005,UCA,NY,AEA,EN,Federal Contract Tower,2,9,17,11,39,0,2,68,8,78,2,11,85,19,117,142,30,172,289
06/22/2005,UCA,NY,AEA,EN,Federal Contract Tower,0,12,18,0,30,0,2,82,4,88,0,14,100,4,118,132,2,134,252
06/23/2005,UCA,NY,AEA,EN,Federal Contract Tower,1,10,14,6,31,0,0,93,0,93,1,10,107,6,124,134,10,144,268
06/24/2005,UCA,NY,AEA,EN,Federal Contract Tower,1,11,16,0,28,0,0,106,0,106,1,11,122,0,134,134,0,134,268
06/25/2005,UCA,NY,AEA,EN,Federal Contract Tower,0,2,15,0,17,0,0,62,12,74,0,2,77,12,91,120,0,120,211
06/26/2005,UCA,NY,AEA,EN,Federal Contract Tower,0,0,8,0,8,0,0,92,0,92,0,0,100,0,100,196,0,196,296
06/27/2005,UCA,NY,AEA,EN,Federal Contract Tower,0,5,5,2,12,0,0,72,2,74,0,5,77,4,86,120,4,124,210
06/28/2005,UCA,NY,AEA,EN,Federal Contract Tower,0,12,13,5,30,0,2,63,0,65,0,14,76,5,95,84,0,84,179
06/29/2005,UCA,NY,AEA,EN,Federal Contract Tower,0,11,8,13,32,0,0,86,8,94,0,11,94,21,126,140,8,148,274
06/30/2005,UCA,NY,AEA,EN,Federal Contract Tower,0,11,13,1,25,0,2,93,3,98,0,13,106,4,123,140,4,144,267
07/01/2005,UCA,NY,AEA,EN,Federal Contract Tower,0,9,16,0,25,0,0,49,0,49,0,9,65,0,74,90,0,90,164
07/02/2005,UCA,NY,AEA,EN,Federal Contract Tower,0,3,6,0,9,0,0,80,6,86,0,3,86,6,95,140,0,140,235
07/03/2005,UCA,NY,AEA,EN,Federal Contract Tower,0,0,11,0,11,0,0,61,0,61,0,0,72,0,72,134,0,134,206
07/04/2005,UCA,NY,AEA,EN,Federal Contract Tower,0,0,7,0,7,0,0,47,0,47,0,0,54,0,54,74,0,74,128
07/05/2005,UCA,NY,AEA,EN,Federal Contract Tower,0,5,17,0,22,0,4,36,0,40,0,9,53,0,62,78,0,78,140
07/06/2005,UCA,NY,AEA,EN,Federal Contract Tower,0,12,11,0,23,0,0,93,1,94,0,12,104,1,117,143,0,143,260
07/07/2005,UCA,NY,AEA,EN,Federal Contract Tower,0,11,19,9,39,0,0,87,12,99,0,11,106,21,138,156,10,166,304
07/08/2005,UCA,NY,AEA,EN,Federal Contract Tower,0,10,10,2,22,0,0,33,0,33,0,10,43,2,55,74,0,74,129
07/09/2005,UCA,NY,AEA,EN,Federal Contract Tower,0,0,9,0,9,0,0,29,6,35,0,0,38,6,44,53,0,53,97
07/10/2005,UCA,NY,AEA,EN,Federal Contract Tower,0,0,8,0,8,0,0,61,2,63,0,0,69,2,71,130,0,130,201
07/11/2005,UCA,NY,AEA,EN,Federal Contract Tower,0,8,6,0,14,0,0,57,0,57,0,8,63,0,71,96,0,96,167
07/12/2005,UCA,NY,AEA,EN,Federal Contract Tower,0,9,20,0,29,0,0,19,0,19,0,9,39,0,48,62,0,62,110
07/13/2005,UCA,NY,AEA,EN,Federal Contract Tower,0,13,14,2,29,0,0,46,0,46,0,13,60,2,75,84,0,84,159
07/14/2005,UCA,NY,AEA,EN,Federal Contract Tower,0,13,10,1,24,0,15,87,3,105,0,28,97,4,129,142,0,142,271
07/15/2005,UCA,NY,AEA,EN,Federal Contract Tower,0,21,22,0,43,0,6,45,3,54,0,27,67,3,97,132,0,132,229
07/16/2005,UCA,NY,AEA,EN,Federal Contract Tower,0,6,15,0,21,0,0,90,6,96,0,6,105,6,117,152,0,152,269
07/17/2005,UCA,NY,AEA,EN,Federal Contract Tower,0,0,19,0,19,0,0,47,0,47,0,0,66,0,66,84,0,84,150
07/18/2005,UCA,NY,AEA,EN,Federal Contract Tower,0,7,17,0,24,0,0,40,2,42,0,7,57,2,66,90,0,90,156
07/19/2005,UCA,NY,AEA,EN,Federal Contract Tower,0,10,12,2,24,0,0,55,3,58,0,10,67,5,82,100,4,104,186
07/20/2005,UCA,NY,AEA,EN,Federal Contract Tower,0,10,13,10,33,0,1,124,0,125,0,11,137,10,158,198,14,212,370
07/21/2005,UCA,NY,AEA,EN,Federal Contract Tower,2,9,19,0,30,0,0,86,4,90,2,9,105,4,120,160,4,164,284
07/22/2005,UCA,NY,AEA,EN,Federal Contract Tower,0,10,17,1,28,0,0,76,5,81,0,10,93,6,109,138,0,138,247
07/23/2005,UCA,NY,AEA,EN,Federal Contract Tower,0,3,5,0,8,0,0,89,4,93,0,3,94,4,101,164,0,164,265
07/24/2005,UCA,NY,AEA,EN,Federal Contract Tower,0,2,17,0,19,0,0,63,0,63,0,2,80,0,82,138,0,138,220
07/25/2005,UCA,NY,AEA,EN,Federal Contract Tower,2,6,22,0,30,0,0,70,0,70,2,6,92,0,100,124,0,124,224
07/26/2005,UCA,NY,AEA,EN,Federal Contract Tower,0,9,7,0,16,0,0,62,4,66,0,9,69,4,82,109,0,109,191
07/27/2005,UCA,NY,AEA,EN,Federal Contract Tower,0,11,19,11,41,0,0,77,0,77,0,11,96,11,118,138,24,162,280
07/28/2005,UCA,NY,AEA,EN,Federal Contract Tower,0,13,5,6,24,0,2,111,2,115,0,15,116,8,139,160,8,168,307
07/29/2005,UCA,NY,AEA,EN,Federal Contract Tower,0,11,14,0,25,0,1,88,2,91,0,12,102,2,116,186,0,186,302
07/30/2005,UCA,NY,AEA,EN,Federal Contract Tower,0,2,13,0,15,0,0,61,9,70,0,2,74,9,85,96,0,96,181
07/31/2005,UCA,NY,AEA,EN,Federal Contract Tower,0,0,14,0,14,0,0,87,0,87,0,0,101,0,101,162,0,162,263
08/01/2005,UCA,NY,AEA,EN,Federal Contract Tower,0,6,21,0,27,0,0,84,0,84,0,6,105,0,111,162,0,162,273
08/02/2005,UCA,NY,AEA,EN,Federal Contract Tower,0,13,18,6,37,0,0,55,0,55,0,13,73,6,92,106,22,128,220
08/03/2005,UCA,NY,AEA,EN,Federal Contract Tower,0,10,15,2,27,0,2,84,0,86,0,12,99,2,113,134,16,150,263
08/04/2005,UCA,NY,AEA,EN,Federal Contract Tower,0,7,18,11,36,0,2,84,0,86,0,9,102,11,122,154,30,184,306
08/05/2005,UCA,NY,AEA,EN,Federal Contract Tower,0,10,13,3,26,0,0,76,0,76,0,10,89,3,102,124,12,136,238
08/06/2005,UCA,NY,AEA,EN,Federal Contract Tower,0,0,9,0,9,0,0,123,17,140,0,0,132,17,149,206,0,206,355
08/07/2005,UCA,NY,AEA,EN,Federal Contract Tower,0,2,24,0,26,0,0,81,1,82,0,2,105,1,108,148,4,152,260
08/08/2005,UCA,NY,AEA,EN,Federal Contract Tower,0,5,7,0,12,0,0,64,4,68,0,5,71,4,80,84,0,84,164
08/09/2005,UCA,NY,AEA,EN,Federal Contract Tower,0,9,22,7,38,0,2,52,0,54,0,11,74,7,92,130,14,144,236
08/10/2005,UCA,NY,AEA,EN,Federal Contract Tower,0,9,18,0,27,0,3,40,3,46,0,12,58,3,73,92,0,92,165
08/11/2005,UCA,NY,AEA,EN,Federal Contract Tower,0,11,15,2,28,0,0,48,0,48,0,11,63,2,76,88,0,88,164
08/12/2005,UCA,NY,AEA,EN,Federal Contract Tower,0,11,24,0,35,0,0,59,8,67,0,11,83,8,102,104,6,110,212
08/13/2005,UCA,NY,AEA,EN,Federal Contract Tower,0,2,12,2,16,0,0,48,3,51,0,2,60,5,67,92,0,92,159
08/14/2005,UCA,NY,AEA,EN,Federal Contract Tower,0,0,17,0,17,0,0,19,0,19,0,0,36,0,36,76,0,76,112
08/15/2005,UCA,NY,AEA,EN,Federal Contract Tower,0,7,16,0,23,0,0,57,1,58,0,7,73,1,81,124,4,128,209
08/16/2005,UCA,NY,AEA,EN,Federal Contract Tower,0,12,15,8,35,0,0,62,0,62,0,12,77,8,97,138,10,148,245
08/17/2005,UCA,NY,AEA,EN,Federal Contract Tower,2,11,14,0,27,0,2,92,0,94,2,13,106,0,121,124,0,124,245
08/18/2005,UCA,NY,AEA,EN,Federal Contract Tower,0,11,18,1,30,0,0,72,8,80,0,11,90,9,110,148,2,150,260
08/19/2005,UCA,NY,AEA,EN,Federal Contract Tower,0,11,9,1,21,0,0,59,1,60,0,11,68,2,81,128,0,128,209
08/20/2005,UCA,NY,AEA,EN,Federal Contract Tower,0,2,8,0,10,0,0,58,2,60,0,2,66,2,70,124,0,124,194
08/21/2005,UCA,NY,AEA,EN,Federal Contract Tower,0,2,10,0,12,0,0,32,0,32,0,2,42,0,44,50,0,50,94
08/22/2005,UCA,NY,AEA,EN,Federal Contract Tower,0,7,6,1,14,0,1,37,0,38,0,8,43,1,52,72,0,72,124
08/23/2005,UCA,NY,AEA,EN,Federal Contract Tower,0,11,19,1,31,0,0,50,0,50,0,11,69,1,81,108,4,112,193
08/24/2005,UCA,NY,AEA,EN,Federal Contract Tower,0,13,17,13,43,0,0,74,3,77,0,13,91,16,120,132,12,144,264
08/25/2005,UCA,NY,AEA,EN,Federal Contract Tower,0,10,11,0,21,0,1,74,0,75,0,11,85,0,96,100,0,100,196
08/26/2005,UCA,NY,AEA,EN,Federal Contract Tower,0,12,19,0,31,0,6,79,44,129,0,18,98,44,160,150,16,166,326
08/27/2005,UCA,NY,AEA,EN,Federal Contract Tower,0,4,8,0,12,0,0,100,7,107,0,4,108,7,119,162,2,164,283
08/28/2005,UCA,NY,AEA,EN,Federal Contract Tower,0,2,7,0,9,0,0,59,5,64,0,2,66,5,73,108,2,110,183
08/29/2005,UCA,NY,AEA,EN,Federal Contract Tower,0,5,9,4,18,0,0,36,1,37,0,5,45,5,55,62,0,62,117
08/30/2005,UCA,NY,AEA,EN,Federal Contract Tower,2,12,9,9,32,0,0,41,5,46,2,12,50,14,78,66,6,72,150
08/31/2005,UCA,NY,AEA,EN,Federal Contract Tower,0,12,2,0,14,0,0,54,0,54,0,12,56,0,68,27,0,27,95
09/01/2005,UCA,NY,AEA,EN,Federal Contract Tower,0,11,3,7,21,0,6,81,17,104,0,17,84,24,125,94,4,98,223
09/02/2005,UCA,NY,AEA,EN,Federal Contract Tower,0,16,6,0,22,1,4,97,4,106,1,20,103,4,128,164,2,166,294
09/03/2005,UCA,NY,AEA,EN,Federal Contract Tower,0,2,3,0,5,0,0,80,10,90,0,2,83,10,95,168,0,168,263
09/04/2005,UCA,NY,AEA,EN,Federal Contract Tower,0,1,6,0,7,0,0,51,3,54,0,1,57,3,61,82,0,82,143
09/05/2005,UCA,NY,AEA,EN,Federal Contract Tower,0,4,8,0,12,0,0,62,0,62,0,4,70,0,74,92,0,92,166
09/06/2005,UCA,NY,AEA,EN,Federal Contract Tower,0,5,5,2,12,0,3,74,0,77,0,8,79,2,89,108,0,108,197
09/07/2005,UCA,NY,AEA,EN,Federal Contract Tower,0,12,10,6,28,0,4,85,20,109,0,16,95,26,137,144,8,152,289
09/08/2005,UCA,NY,AEA,EN,Federal Contract Tower,0,14,11,15,40,0,0,67,0,67,0,14,78,15,107,112,14,126,233
09/09/2005,UCA,NY,AEA,EN,Federal Contract Tower,0,9,18,0,27,0,2,90,15,107,0,11,108,15,134,140,6,146,280
09/10/2005,UCA,NY,AEA,EN,Federal Contract Tower,0,2,4,0,6,0,0,98,14,112,0,2,102,14,118,148,4,152,270
09/11/2005,UCA,NY,AEA,EN,Federal Contract Tower,0,0,12,0,12,0,0,66,2,68,0,0,78,2,80,126,2,128,208
09/12/2005,UCA,NY,AEA,EN,Federal Contract Tower,0,8,3,0,11,0,0,72,6,78,0,8,75,6,89,122,12,134,223
09/13/2005,UCA,NY,AEA,EN,Federal Contract Tower,0,9,25,7,41,0,2,65,0,67,0,11,90,7,108,118,46,164,272
09/14/2005,UCA,NY,AEA,EN,Federal Contract Tower,0,10,23,2,35,0,5,52,0,57,0,15,75,2,92,106,4,110,202
09/15/2005,UCA,NY,AEA,EN,Federal Contract Tower,0,10,15,0,25,0,0,42,2,44,0,10,57,2,69,78,0,78,147
09/16/2005,UCA,NY,AEA,EN,Federal Contract Tower,0,9,11,2,22,0,2,65,0,67,0,11,76,2,89,96,2,98,187
09/17/2005,UCA,NY,AEA,EN,Federal Contract Tower,0,3,17,3,23,0,0,64,12,76,0,3,81,15,99,82,10,92,191
09/18/2005,UCA,NY,AEA,EN,Federal Contract Tower,0,0,11,0,11,0,0,64,0,64,0,0,75,0,75,96,0,96,171
09/19/2005,UCA,NY,AEA,EN,Federal Contract Tower,0,5,21,0,26,0,0,42,2,44,0,5,63,2,70,78,0,78,148
09/20/2005,UCA,NY,AEA,EN,Federal Contract Tower,0,9,11,10,30,0,2,55,2,59,0,11,66,12,89,72,10,82,171
09/21/2005,UCA,NY,AEA,EN,Federal Contract Tower,0,12,7,8,27,0,1,79,2,82,0,13,86,10,109,126,22,148,257
09/22/2005,UCA,NY,AEA,EN,Federal Contract Tower,2,9,6,0,17,0,1,83,0,84,2,10,89,0,101,114,0,114,215
09/23/2005,UCA,NY,AEA,EN,Federal Contract Tower,0,11,9,0,20,0,2,91,4,97,0,13,100,4,117,132,8,140,257
09/24/2005,UCA,NY,AEA,EN,Federal Contract Tower,1,0,16,2,19,0,0,153,29,182,1,0,169,31,201,194,14,208,409
09/25/2005,UCA,NY,AEA,EN,Federal Contract Tower,0,0,3,4,7,0,0,40,10,50,0,0,43,14,57,62,16,78,135
09/26/2005,UCA,NY,AEA,EN,Federal Contract Tower,0,6,17,0,23,0,0,11,0,11,0,6,28,0,34,10,0,10,44
09/27/2005,UCA,NY,AEA,EN,Federal Contract Tower,2,11,11,0,24,1,0,68,0,69,3,11,79,0,93,126,0,126,219
09/28/2005,UCA,NY,AEA,EN,Federal Contract Tower,0,10,15,0,25,0,7,74,0,81,0,17,89,0,106,122,0,122,228
09/29/2005,UCA,NY,AEA,EN,Federal Contract Tower,0,10,11,0,21,0,2,63,0,65,0,12,74,0,86,86,0,86,172
09/30/2005,UCA,NY,AEA,EN,Federal Contract Tower,0,12,19,2,33,1,1,96,0,98,1,13,115,2,131,140,0,140,271
10/01/2005,UCA,NY,AEA,EN,Federal Contract Tower,0,9,4,0,13,0,0,112,21,133,0,9,116,21,146,146,4,150,296
10/02/2005,UCA,NY,AEA,EN,Federal Contract Tower,0,0,4,0,4,0,0,88,4,92,0,0,92,4,96,142,0,142,238
10/03/2005,UCA,NY,AEA,EN,Federal Contract Tower,0,6,9,6,21,0,0,85,2,87,0,6,94,8,108,98,12,110,218
10/04/2005,UCA,NY,AEA,EN,Federal Contract Tower,0,12,17,12,41,0,1,77,2,80,0,13,94,14,121,110,26,136,257
10/05/2005,UCA,NY,AEA,EN,Federal Contract Tower,0,10,10,0,20,0,3,91,6,100,0,13,101,6,120,118,12,130,250
10/06/2005,UCA,NY,AEA,EN,Federal Contract Tower,0,8,11,17,36,0,6,94,10,110,0,14,105,27,146,128,28,156,302
10/07/2005,UCA,NY,AEA,EN,Federal Contract Tower,0,9,17,0,26,0,4,33,6,43,0,13,50,6,69,64,0,64,133
10/08/2005,UCA,NY,AEA,EN,Federal Contract Tower,0,0,6,0,6,0,0,65,8,73,0,0,71,8,79,78,0,78,157
10/09/2005,UCA,NY,AEA,EN,Federal Contract Tower,0,0,8,0,8,0,0,47,2,49,0,0,55,2,57,78,0,78,135
10/10/2005,UCA,NY,AEA,EN,Federal Contract Tower,0,0,11,0,11,0,0,39,0,39,0,0,50,0,50,82,0,82,132
10/11/2005,UCA,NY,AEA,EN,Federal Contract Tower,0,6,12,0,18,0,4,36,4,44,0,10,48,4,62,48,0,48,110
10/12/2005,UCA,NY,AEA,EN,Federal Contract Tower,0,9,12,0,21,0,2,29,0,31,0,11,41,0,52,42,0,42,94
10/13/2005,UCA,NY,AEA,EN,Federal Contract Tower,0,11,9,0,20,0,0,37,0,37,0,11,46,0,57,54,0,54,111
10/14/2005,UCA,NY,AEA,EN,Federal Contract Tower,0,9,19,0,28,0,0,43,0,43,0,9,62,0,71,78,0,78,149
10/15/2005,UCA,NY,AEA,EN,Federal Contract Tower,0,2,8,1,11,0,0,71,0,71,0,2,79,1,82,110,2,112,194
10/16/2005,UCA,NY,AEA,EN,Federal Contract Tower,0,2,8,0,10,0,0,43,0,43,0,2,51,0,53,50,0,50,103
10/17/2005,UCA,NY,AEA,EN,Federal Contract Tower,0,5,5,0,10,0,0,26,2,28,0,5,31,2,38,44,0,44,82
10/18/2005,UCA,NY,AEA,EN,Federal Contract Tower,0,11,20,0,31,0,8,50,0,58,0,19,70,0,89,50,0,50,139
10/19/2005,UCA,NY,AEA,EN,Federal Contract Tower,2,9,6,0,17,0,2,62,0,64,2,11,68,0,81,118,0,118,199
10/20/2005,UCA,NY,AEA,EN,Federal Contract Tower,0,9,22,4,35,0,2,68,0,70,0,11,90,4,105,112,8,120,225
10/21/2005,UCA,NY,AEA,EN,Federal Contract Tower,0,11,28,0,39,0,4,63,0,67,0,15,91,0,106,96,0,96,202
10/22/2005,UCA,NY,AEA,EN,Federal Contract Tower,0,2,18,0,20,0,0,67,6,73,0,2,85,6,93,118,14,132,225
10/23/2005,UCA,NY,AEA,EN,Federal Contract Tower,0,0,28,2,30,0,0,37,1,38,0,0,65,3,68,76,6,82,150
10/24/2005,UCA,NY,AEA,EN,Federal Contract Tower,0,6,17,0,23,0,0,35,0,35,0,6,52,0,58,88,0,88,146
10/25/2005,UCA,NY,AEA,EN,Federal Contract Tower,2,9,5,0,16,0,0,42,0,42,2,9,47,0,58,64,0,64,122
10/26/2005,UCA,NY,AEA,EN,Federal Contract Tower,0,8,11,10,29,0,6,48,0,54,0,14,59,10,83,68,10,78,161
10/27/2005,UCA,NY,AEA,EN,Federal Contract Tower,0,12,17,1,30,0,3,51,0,54,0,15,68,1,84,132,10,142,226
10/28/2005,UCA,NY,AEA,EN,Federal Contract Tower,0,14,7,2,23,0,0,88,4,92,0,14,95,6,115,118,12,130,245
10/29/2005,UCA,NY,AEA,EN,Federal Contract Tower,0,2,3,0,5,0,0,88,10,98,0,2,91,10,103,148,18,166,269
10/30/2005,UCA,NY,AEA,EN,Federal Contract Tower,0,3,5,1,9,0,0,62,1,63,0,3,67,2,72,122,0,122,194
10/31/2005,UCA,NY,AEA,EN,Federal Contract Tower,0,7,4,0,11,0,0,42,0,42,0,7,46,0,53,102,0,102,155
11/01/2005,UCA,NY,AEA,EN,Federal Contract Tower,0,9,8,0,17,0,2,57,0,59,0,11,65,0,76,96,0,96,172
11/02/2005,UCA,NY,AEA,EN,Federal Contract Tower,0,13,10,6,29,0,1,39,0,40,0,14,49,6,69,80,14,94,163
11/03/2005,UCA,NY,AEA,EN,Federal Contract Tower,0,9,6,2,17,0,0,74,0,74,0,9,80,2,91,106,0,106,197
11/04/2005,UCA,NY,AEA,EN,Federal Contract Tower,0,10,12,0,22,0,0,77,3,80,0,10,89,3,102,116,0,116,218
11/05/2005,UCA,NY,AEA,EN,Federal Contract Tower,0,4,16,0,20,0,0,87,14,101,0,4,103,14,121,146,4,150,271
11/06/2005,UCA,NY,AEA,EN,Federal Contract Tower,0,1,6,0,7,0,0,42,2,44,0,1,48,2,51,91,4,95,146
11/07/2005,UCA,NY,AEA,EN,Federal Contract Tower,0,5,5,0,10,0,0,35,0,35,0,5,40,0,45,68,0,68,113
11/08/2005,UCA,NY,AEA,EN,Federal Contract Tower,0,9,22,0,31,0,0,40,4,44,0,9,62,4,75,102,8,110,185
11/09/2005,UCA,NY,AEA,EN,Federal Contract Tower,0,9,9,0,18,0,3,54,0,57,0,12,63,0,75,94,0,94,169
11/10/2005,UCA,NY,AEA,EN,Federal Contract Tower,0,11,14,0,25,0,0,44,0,44,0,11,58,0,69,90,0,90,159
11/11/2005,UCA,NY,AEA,EN,Federal Contract Tower,0,2,7,0,9,0,2,80,0,82,0,4,87,0,91,114,0,114,205
11/12/2005,UCA,NY,AEA,EN,Federal Contract Tower,0,0,14,0,14,0,0,98,0,98,0,0,112,0,112,182,0,182,294
11/13/2005,UCA,NY,AEA,EN,Federal Contract Tower,0,0,12,0,12,0,0,58,0,58,0,0,70,0,70,94,0,94,164
11/14/2005,UCA,NY,AEA,EN,Federal Contract Tower,0,6,8,3,17,0,0,37,8,45,0,6,45,11,62,72,10,82,144
11/15/2005,UCA,NY,AEA,EN,Federal Contract Tower,0,11,12,0,23,0,0,27,0,27,0,11,39,0,50,14,0,14,64
11/16/2005,UCA,NY,AEA,EN,Federal Contract Tower,0,13,7,0,20,0,5,50,0,55,0,18,57,0,75,20,0,20,95
11/17/2005,UCA,NY,AEA,EN,Federal Contract Tower,0,11,25,0,36,0,5,52,0,57,0,16,77,0,93,86,0,86,179
11/18/2005,UCA,NY,AEA,EN,Federal Contract Tower,0,11,10,1,22,0,0,68,0,68,0,11,78,1,90,114,0,114,204
11/19/2005,UCA,NY,AEA,EN,Federal Contract Tower,0,1,9,0,10,0,0,86,10,96,0,1,95,10,106,128,6,134,240
11/20/2005,UCA,NY,AEA,EN,Federal Contract Tower,0,0,14,0,14,0,0,73,1,74,0,0,87,1,88,123,2,125,213
11/21/2005,UCA,NY,AEA,EN,Federal Contract Tower,0,7,5,6,18,0,0,54,6,60,0,7,59,12,78,72,4,76,154
11/22/2005,UCA,NY,AEA,EN,Federal Contract Tower,0,12,6,4,22,0,0,32,5,37,0,12,38,9,59,38,4,42,101
11/23/2005,UCA,NY,AEA,EN,Federal Contract Tower,0,11,5,0,16,0,1,38,0,39,0,12,43,0,55,52,0,52,107
11/24/2005,UCA,NY,AEA,EN,Federal Contract Tower,0,6,0,0,6,0,2,10,0,12,0,8,10,0,18,14,0,14,32
11/25/2005,UCA,NY,AEA,EN,Federal Contract Tower,0,3,2,0,5,0,0,67,0,67,0,3,69,0,72,106,0,106,178
11/26/2005,UCA,NY,AEA,EN,Federal Contract Tower,0,4,13,0,17,0,0,62,4,66,0,4,75,4,83,82,0,82,165
11/27/2005,UCA,NY,AEA,EN,Federal Contract Tower,0,2,13,0,15,0,0,43,1,44,0,2,56,1,59,62,2,64,123
11/28/2005,UCA,NY,AEA,EN,Federal Contract Tower,0,5,13,0,18,0,0,17,0,17,0,5,30,0,35,64,0,64,99
11/29/2005,UCA,NY,AEA,EN,Federal Contract Tower,2,11,8,0,21,0,0,28,0,28,2,11,36,0,49,28,0,28,77
11/30/2005,UCA,NY,AEA,EN,Federal Contract Tower,0,12,12,0,24,0,0,42,0,42,0,12,54,0,66,78,0,78,144
12/01/2005,UCA,NY,AEA,EN,Federal Contract Tower,2,13,11,0,26,0,0,79,0,79,2,13,90,0,105,143,0,143,248
12/02/2005,UCA,NY,AEA,EN,Federal Contract Tower,0,11,10,0,21,0,0,29,0,29,0,11,39,0,50,16,0,16,66
12/03/2005,UCA,NY,AEA,EN,Federal Contract Tower,0,0,2,0,2,0,0,44,2,46,0,0,46,2,48,86,2,88,136
12/04/2005,UCA,NY,AEA,EN,Federal Contract Tower,0,0,5,0,5,0,0,30,0,30,0,0,35,0,35,60,0,60,95
12/05/2005,UCA,NY,AEA,EN,Federal Contract Tower,0,10,10,9,29,0,0,28,2,30,0,10,38,11,59,48,20,68,127
12/06/2005,UCA,NY,AEA,EN,Federal Contract Tower,0,14,11,0,25,0,0,20,0,20,0,14,31,0,45,42,0,42,87
12/07/2005,UCA,NY,AEA,EN,Federal Contract Tower,0,13,0,0,13,0,0,42,2,44,0,13,42,2,57,28,2,30,87
12/08/2005,UCA,NY,AEA,EN,Federal Contract Tower,1,11,20,0,32,0,0,43,0,43,1,11,63,0,75,52,0,52,127
12/09/2005,UCA,NY,AEA,EN,Federal Contract Tower,0,14,0,0,14,0,0,57,0,57,0,14,57,0,71,46,0,46,117
12/10/2005,UCA,NY,AEA,EN,Federal Contract Tower,0,0,27,0,27,0,3,65,2,70,0,3,92,2,97,118,0,118,215
12/11/2005,UCA,NY,AEA,EN,Federal Contract Tower,0,0,12,0,12,0,0,49,0,49,0,0,61,0,61,77,0,77,138
12/12/2005,UCA,NY,AEA,EN,Federal Contract Tower,0,6,10,0,16,0,0,18,0,18,0,6,28,0,34,64,0,64,98
12/13/2005,UCA,NY,AEA,EN,Federal Contract Tower,0,11,13,5,29,0,0,52,0,52,0,11,65,5,81,30,2,32,113
12/14/2005,UCA,NY,AEA,EN,Federal Contract Tower,0,11,16,10,37,0,0,47,0,47,0,11,63,10,84,78,8,86,170
12/15/2005,UCA,NY,AEA,EN,Federal Contract Tower,0,12,8,0,20,0,0,19,0,19,0,12,27,0,39,8,0,8,47
12/16/2005,UCA,NY,AEA,EN,Federal Contract Tower,0,10,4,0,14,0,2,0,0,2,0,12,4,0,16,0,0,0,16
12/17/2005,UCA,NY,AEA,EN,Federal Contract Tower,0,0,3,0,3,0,0,1,0,1,0,0,4,0,4,6,0,6,10
12/18/2005,UCA,NY,AEA,EN,Federal Contract Tower,0,0,2,0,2,0,0,2,0,2,0,0,4,0,4,2,0,2,6
12/19/2005,UCA,NY,AEA,EN,Federal Contract Tower,0,4,8,0,12,0,0,22,0,22,0,4,30,0,34,18,0,18,52
12/20/2005,UCA,NY,AEA,EN,Federal Contract Tower,0,13,7,0,20,0,0,7,0,7,0,13,14,0,27,0,0,0,27
12/21/2005,UCA,NY,AEA,EN,Federal Contract Tower,0,11,12,0,23,0,0,17,11,28,0,11,29,11,51,4,8,12,63
12/22/2005,UCA,NY,AEA,EN,Federal Contract Tower,0,11,3,5,19,0,0,10,3,13,0,11,13,8,32,0,2,2,34
12/23/2005,UCA,NY,AEA,EN,Federal Contract Tower,0,13,7,0,20,0,0,11,0,11,0,13,18,0,31,18,0,18,49
12/24/2005,UCA,NY,AEA,EN,Federal Contract Tower,0,0,0,0,0,0,0,0,0,0,0,0,0,0,0,0,0,0,0
12/25/2005,UCA,NY,AEA,EN,Federal Contract Tower,0,0,0,0,0,0,0,0,0,0,0,0,0,0,0,0,0,0,0
12/26/2005,UCA,NY,AEA,EN,Federal Contract Tower,0,0,3,0,3,0,0,0,0,0,0,0,3,0,3,0,0,0,3
12/27/2005,UCA,NY,AEA,EN,Federal Contract Tower,0,7,10,1,18,0,0,15,6,21,0,7,25,7,39,8,6,14,53
12/28/2005,UCA,NY,AEA,EN,Federal Contract Tower,0,10,16,0,26,0,0,3,2,5,0,10,19,2,31,0,0,0,31
12/29/2005,UCA,NY,AEA,EN,Federal Contract Tower,0,12,13,0,25,0,0,9,0,9,0,12,22,0,34,0,0,0,34
12/30/2005,UCA,NY,AEA,EN,Federal Contract Tower,0,11,7,0,18,0,0,7,0,7,0,11,14,0,25,8,0,8,33
12/31/2005,UCA,NY,AEA,EN,Federal Contract Tower,0,0,22,0,22,0,0,15,0,15,0,0,37,0,37,49,0,49,86
01/01/2006,UCA,NY,AEA,EN,Federal Contract Tower,0,0,1,0,1,0,0,0,0,0,0,0,1,0,1,0,0,0,1
01/02/2006,UCA,NY,AEA,EN,Federal Contract Tower,0,0,9,0,9,0,0,24,0,24,0,0,33,0,33,42,0,42,75
01/03/2006,UCA,NY,AEA,EN,Federal Contract Tower,0,5,9,0,14,0,2,25,0,27,0,7,34,0,41,28,0,28,69
01/04/2006,UCA,NY,AEA,EN,Federal Contract Tower,0,11,22,5,38,0,0,28,4,32,0,11,50,9,70,60,14,74,144
01/05/2006,UCA,NY,AEA,EN,Federal Contract Tower,0,10,3,0,13,0,0,57,0,57,0,10,60,0,70,52,0,52,122
01/06/2006,UCA,NY,AEA,EN,Federal Contract Tower,0,11,8,0,19,0,0,44,0,44,0,11,52,0,63,60,0,60,123
01/07/2006,UCA,NY,AEA,EN,Federal Contract Tower,0,0,29,1,30,0,0,43,0,43,0,0,72,1,73,106,4,110,183
01/08/2006,UCA,NY,AEA,EN,Federal Contract Tower,0,0,13,0,13,0,0,29,0,29,0,0,42,0,42,96,0,96,138
01/09/2006,UCA,NY,AEA,EN,Federal Contract Tower,0,5,12,0,17,0,0,15,0,15,0,5,27,0,32,38,0,38,70
01/10/2006,UCA,NY,AEA,EN,Federal Contract Tower,1,14,8,3,26,0,1,44,6,51,1,15,52,9,77,84,0,84,161
01/11/2006,UCA,NY,AEA,EN,Federal Contract Tower,0,12,3,0,15,0,0,49,0,49,0,12,52,0,64,82,0,82,146
01/12/2006,UCA,NY,AEA,EN,Federal Contract Tower,0,12,12,0,24,0,0,71,2,73,0,12,83,2,97,150,0,150,247
01/13/2006,UCA,NY,AEA,EN,Federal Contract Tower,0,15,13,5,33,0,0,65,7,72,0,15,78,12,105,120,14,134,239
01/14/2006,UCA,NY,AEA,EN,Federal Contract Tower,0,0,3,0,3,0,0,32,0,32,0,0,35,0,35,52,0,52,87
01/15/2006,UCA,NY,AEA,EN,Federal Contract Tower,0,1,5,0,6,0,0,27,0,27,0,1,32,0,33,60,0,60,93
01/16/2006,UCA,NY,AEA,EN,Federal Contract Tower,0,0,8,0,8,0,0,27,0,27,0,0,35,0,35,76,0,76,111
01/17/2006,UCA,NY,AEA,EN,Federal Contract Tower,0,5,13,0,18,0,0,35,0,35,0,5,48,0,53,66,0,66,119
01/18/2006,UCA,NY,AEA,EN,Federal Contract Tower,0,9,4,0,13,0,0,50,0,50,0,9,54,0,63,32,0,32,95
01/19/2006,UCA,NY,AEA,EN,Federal Contract Tower,2,11,11,9,33,0,0,47,7,54,2,11,58,16,87,78,8,86,173
01/20/2006,UCA,NY,AEA,EN,Federal Contract Tower,1,11,22,0,34,0,0,47,3,50,1,11,69,3,84,84,2,86,170
01/21/2006,UCA,NY,AEA,EN,Federal Contract Tower,0,3,2,0,5,0,0,58,0,58,0,3,60,0,63,76,0,76,139
01/22/2006,UCA,NY,AEA,EN,Federal Contract Tower,0,1,18,2,21,0,0,67,5,72,0,1,85,7,93,142,2,144,237
01/23/2006,UCA,NY,AEA,EN,Federal Contract Tower,0,7,9,0,16,0,0,19,0,19,0,7,28,0,35,20,0,20,55
01/24/2006,UCA,NY,AEA,EN,Federal Contract Tower,2,9,18,0,29,0,2,53,0,55,2,11,71,0,84,88,0,88,172
01/25/2006,UCA,NY,AEA,EN,Federal Contract Tower,0,14,4,0,18,0,0,40,0,40,0,14,44,0,58,40,0,40,98
01/26/2006,UCA,NY,AEA,EN,Federal Contract Tower,2,12,15,13,42,0,0,43,8,51,2,12,58,21,93,62,16,78,171
01/27/2006,UCA,NY,AEA,EN,Federal Contract Tower,0,14,12,0,26,0,1,65,4,70,0,15,77,4,96,80,0,80,176
01/28/2006,UCA,NY,AEA,EN,Federal Contract Tower,0,8,33,0,41,0,1,69,8,78,0,9,102,8,119,122,8,130,249
01/29/2006,UCA,NY,AEA,EN,Federal Contract Tower,0,0,4,0,4,0,0,35,1,36,0,0,39,1,40,58,2,60,100
01/30/2006,UCA,NY,AEA,EN,Federal Contract Tower,1,8,12,2,23,0,1,30,3,34,1,9,42,5,57,78,0,78,135
01/31/2006,UCA,NY,AEA,EN,Federal Contract Tower,0,12,9,0,21,0,0,24,0,24,0,12,33,0,45,14,0,14,59
02/01/2006,UCA,NY,AEA,EN,Federal Contract Tower,0,13,10,0,23,0,0,48,0,48,0,13,58,0,71,88,0,88,159
02/02/2006,UCA,NY,AEA,EN,Federal Contract Tower,0,13,10,3,26,0,0,55,3,58,0,13,65,6,84,108,6,114,198
02/03/2006,UCA,NY,AEA,EN,Federal Contract Tower,0,11,7,0,18,0,0,50,0,50,0,11,57,0,68,54,0,54,122
02/04/2006,UCA,NY,AEA,EN,Federal Contract Tower,0,0,15,0,15,0,0,52,6,58,0,0,67,6,73,84,6,90,163
02/05/2006,UCA,NY,AEA,EN,Federal Contract Tower,0,1,5,0,6,0,0,38,7,45,0,1,43,7,51,56,10,66,117
02/06/2006,UCA,NY,AEA,EN,Federal Contract Tower,0,9,5,0,14,0,0,20,0,20,0,9,25,0,34,28,0,28,62
02/07/2006,UCA,NY,AEA,EN,Federal Contract Tower,0,13,6,0,19,0,0,32,0,32,0,13,38,0,51,50,0,50,101
02/08/2006,UCA,NY,AEA,EN,Federal Contract Tower,0,11,9,0,20,0,0,49,0,49,0,11,58,0,69,48,0,48,117
02/09/2006,UCA,NY,AEA,EN,Federal Contract Tower,0,11,15,0,26,0,0,36,0,36,0,11,51,0,62,52,0,52,114
02/10/2006,UCA,NY,AEA,EN,Federal Contract Tower,0,11,7,0,18,0,0,65,0,65,0,11,72,0,83,72,0,72,155
02/11/2006,UCA,NY,AEA,EN,Federal Contract Tower,0,2,5,0,7,0,0,74,3,77,0,2,79,3,84,116,0,116,200
02/12/2006,UCA,NY,AEA,EN,Federal Contract Tower,0,0,0,0,0,0,0,47,0,47,0,0,47,0,47,90,0,90,137
02/13/2006,UCA,NY,AEA,EN,Federal Contract Tower,0,6,6,0,12,0,0,38,0,38,0,6,44,0,50,64,0,64,114
02/14/2006,UCA,NY,AEA,EN,Federal Contract Tower,0,9,0,0,9,0,0,53,0,53,0,9,53,0,62,62,0,62,124
02/15/2006,UCA,NY,AEA,EN,Federal Contract Tower,0,11,6,0,17,0,0,80,1,81,0,11,86,1,98,122,2,124,222
02/16/2006,UCA,NY,AEA,EN,Federal Contract Tower,0,13,9,2,24,0,0,52,2,54,0,13,61,4,78,62,6,68,146
02/17/2006,UCA,NY,AEA,EN,Federal Contract Tower,0,10,4,0,14,0,1,43,0,44,0,11,47,0,58,8,0,8,66
02/18/2006,UCA,NY,AEA,EN,Federal Contract Tower,0,0,1,0,1,0,0,50,0,50,0,0,51,0,51,64,0,64,115
02/19/2006,UCA,NY,AEA,EN,Federal Contract Tower,0,0,6,0,6,0,0,32,0,32,0,0,38,0,38,56,0,56,94
02/20/2006,UCA,NY,AEA,EN,Federal Contract Tower,0,1,11,0,12,0,0,50,0,50,0,1,61,0,62,86,0,86,148
02/21/2006,UCA,NY,AEA,EN,Federal Contract Tower,0,8,22,0,30,0,0,42,0,42,0,8,64,0,72,56,0,56,128
02/22/2006,UCA,NY,AEA,EN,Federal Contract Tower,0,11,8,0,19,0,1,54,0,55,0,12,62,0,74,68,0,68,142
02/23/2006,UCA,NY,AEA,EN,Federal Contract Tower,0,12,9,0,21,0,0,36,0,36,0,12,45,0,57,36,0,36,93
02/24/2006,UCA,NY,AEA,EN,Federal Contract Tower,0,12,4,0,16,0,0,53,0,53,0,12,57,0,69,34,0,34,103
02/25/2006,UCA,NY,AEA,EN,Federal Contract Tower,0,0,0,0,0,0,0,44,0,44,0,0,44,0,44,38,0,38,82
02/26/2006,UCA,NY,AEA,EN,Federal Contract Tower,0,0,8,0,8,0,0,27,0,27,0,0,35,0,35,40,0,40,75
02/27/2006,UCA,NY,AEA,EN,Federal Contract Tower,0,6,9,0,15,0,0,34,0,34,0,6,43,0,49,74,0,74,123
02/28/2006,UCA,NY,AEA,EN,Federal Contract Tower,2,11,5,0,18,0,0,28,0,28,2,11,33,0,46,34,0,34,80
03/01/2006,UCA,NY,AEA,EN,Federal Contract Tower,0,11,3,2,16,0,0,48,4,52,0,11,51,6,68,64,6,70,138
03/02/2006,UCA,NY,AEA,EN,Federal Contract Tower,2,13,5,0,20,0,0,44,0,44,2,13,49,0,64,50,0,50,114
03/03/2006,UCA,NY,AEA,EN,Federal Contract Tower,0,16,11,0,27,0,1,44,0,45,0,17,55,0,72,48,0,48,120
03/04/2006,UCA,NY,AEA,EN,Federal Contract Tower,0,8,6,0,14,0,0,29,10,39,0,8,35,10,53,32,0,32,85
03/05/2006,UCA,NY,AEA,EN,Federal Contract Tower,0,2,11,0,13,0,0,45,0,45,0,2,56,0,58,134,0,134,192
03/06/2006,UCA,NY,AEA,EN,Federal Contract Tower,0,5,13,1,19,0,0,54,3,57,0,5,67,4,76,164,0,164,240
03/07/2006,UCA,NY,AEA,EN,Federal Contract Tower,0,13,23,0,36,0,0,58,2,60,0,13,81,2,96,102,0,102,198
03/08/2006,UCA,NY,AEA,EN,Federal Contract Tower,0,12,15,4,31,0,0,63,3,66,0,12,78,7,97,152,8,160,257
03/09/2006,UCA,NY,AEA,EN,Federal Contract Tower,0,15,13,3,31,0,0,41,0,41,0,15,54,3,72,0,0,0,72
03/10/2006,UCA,NY,AEA,EN,Federal Contract Tower,0,11,3,0,14,0,0,59,0,59,0,11,62,0,73,70,0,70,143
03/11/2006,UCA,NY,AEA,EN,Federal Contract Tower,0,4,9,2,15,0,0,95,2,97,0,4,104,4,112,154,4,158,270
03/12/2006,UCA,NY,AEA,EN,Federal Contract Tower,0,0,9,0,9,0,0,22,0,22,0,0,31,0,31,32,0,32,63
03/13/2006,UCA,NY,AEA,EN,Federal Contract Tower,0,7,15,0,22,0,0,15,0,15,0,7,30,0,37,24,0,24,61
03/14/2006,UCA,NY,AEA,EN,Federal Contract Tower,0,10,10,2,22,0,2,22,0,24,0,12,32,2,46,14,0,14,60
03/15/2006,UCA,NY,AEA,EN,Federal Contract Tower,0,6,6,0,12,0,0,7,0,7,0,6,13,0,19,0,0,0,19
03/16/2006,UCA,NY,AEA,EN,Federal Contract Tower,0,11,6,1,18,0,0,41,0,41,0,11,47,1,59,60,0,60,119
03/17/2006,UCA,NY,AEA,EN,Federal Contract Tower,0,12,6,0,18,0,0,67,0,67,0,12,73,0,85,108,0,108,193
03/18/2006,UCA,NY,AEA,EN,Federal Contract Tower,0,0,8,0,8,0,0,41,0,41,0,0,49,0,49,76,0,76,125
03/19/2006,UCA,NY,AEA,EN,Federal Contract Tower,0,2,7,0,9,0,0,29,0,29,0,2,36,0,38,38,0,38,76
03/20/2006,UCA,NY,AEA,EN,Federal Contract Tower,0,5,6,0,11,0,0,25,0,25,0,5,31,0,36,50,0,50,86
03/21/2006,UCA,NY,AEA,EN,Federal Contract Tower,0,9,17,4,30,0,2,48,0,50,0,11,65,4,80,60,20,80,160
03/22/2006,UCA,NY,AEA,EN,Federal Contract Tower,2,12,14,6,34,0,0,52,1,53,2,12,66,7,87,102,14,116,203
03/23/2006,UCA,NY,AEA,EN,Federal Contract Tower,0,7,11,0,18,0,5,50,0,55,0,12,61,0,73,74,0,74,147
03/24/2006,UCA,NY,AEA,EN,Federal Contract Tower,2,8,20,0,30,0,0,64,2,66,2,8,84,2,96,140,4,144,240
03/25/2006,UCA,NY,AEA,EN,Federal Contract Tower,0,0,2,0,2,0,0,79,0,79,0,0,81,0,81,116,0,116,197
03/26/2006,UCA,NY,AEA,EN,Federal Contract Tower,0,2,18,0,20,0,0,30,1,31,0,2,48,1,51,92,2,94,145
03/27/2006,UCA,NY,AEA,EN,Federal Contract Tower,0,5,29,2,36,0,1,38,6,45,0,6,67,8,81,122,8,130,211
03/28/2006,UCA,NY,AEA,EN,Federal Contract Tower,2,10,15,0,27,0,2,76,0,78,2,12,91,0,105,108,0,108,213
03/29/2006,UCA,NY,AEA,EN,Federal Contract Tower,0,13,17,0,30,0,0,73,0,73,0,13,90,0,103,110,0,110,213
03/30/2006,UCA,NY,AEA,EN,Federal Contract Tower,0,8,5,0,13,0,2,53,5,60,0,10,58,5,73,100,10,110,183
03/31/2006,UCA,NY,AEA,EN,Federal Contract Tower,0,11,9,0,20,0,0,88,1,89,0,11,97,1,109,142,4,146,255
04/01/2006,UCA,NY,AEA,EN,Federal Contract Tower,0,0,7,0,7,0,0,81,0,81,0,0,88,0,88,112,0,112,200
04/02/2006,UCA,NY,AEA,EN,Federal Contract Tower,0,1,9,0,10,0,0,116,0,116,0,1,125,0,126,160,0,160,286
04/03/2006,UCA,NY,AEA,EN,Federal Contract Tower,0,8,9,0,17,0,0,52,0,52,0,8,61,0,69,90,0,90,159
04/04/2006,UCA,NY,AEA,EN,Federal Contract Tower,0,12,6,0,18,0,0,37,0,37,0,12,43,0,55,66,0,66,121
04/05/2006,UCA,NY,AEA,EN,Federal Contract Tower,0,12,5,0,17,0,0,32,0,32,0,12,37,0,49,32,0,32,81
04/06/2006,UCA,NY,AEA,EN,Federal Contract Tower,0,15,11,5,31,0,0,51,0,51,0,15,62,5,82,82,0,82,164
04/07/2006,UCA,NY,AEA,EN,Federal Contract Tower,0,13,12,0,25,0,0,60,0,60,0,13,72,0,85,90,0,90,175
04/08/2006,UCA,NY,AEA,EN,Federal Contract Tower,0,4,8,0,12,0,0,88,0,88,0,4,96,0,100,128,4,132,232
04/09/2006,UCA,NY,AEA,EN,Federal Contract Tower,0,0,17,0,17,0,0,82,1,83,0,0,99,1,100,166,2,168,268
04/10/2006,UCA,NY,AEA,EN,Federal Contract Tower,0,5,10,1,16,0,0,93,0,93,0,5,103,1,109,180,0,180,289
04/11/2006,UCA,NY,AEA,EN,Federal Contract Tower,0,12,18,0,30,0,1,102,0,103,0,13,120,0,133,124,0,124,257
04/12/2006,UCA,NY,AEA,EN,Federal Contract Tower,0,9,12,1,22,0,4,77,0,81,0,13,89,1,103,119,2,121,224
04/13/2006,UCA,NY,AEA,EN,Federal Contract Tower,0,15,11,0,26,0,0,87,0,87,0,15,98,0,113,132,0,132,245
04/14/2006,UCA,NY,AEA,EN,Federal Contract Tower,0,13,15,0,28,0,0,67,0,67,0,13,82,0,95,118,0,118,213
04/15/2006,UCA,NY,AEA,EN,Federal Contract Tower,0,0,10,0,10,0,0,78,0,78,0,0,88,0,88,124,0,124,212
04/16/2006,UCA,NY,AEA,EN,Federal Contract Tower,0,1,7,0,8,0,0,45,0,45,0,1,52,0,53,66,0,66,119
04/17/2006,UCA,NY,AEA,EN,Federal Contract Tower,0,6,13,2,21,0,0,51,0,51,0,6,64,2,72,130,0,130,202
04/18/2006,UCA,NY,AEA,EN,Federal Contract Tower,0,12,14,0,26,0,1,70,0,71,0,13,84,0,97,146,0,146,243
04/19/2006,UCA,NY,AEA,EN,Federal Contract Tower,0,12,5,4,21,0,0,62,0,62,0,12,67,4,83,116,10,126,209
04/20/2006,UCA,NY,AEA,EN,Federal Contract Tower,2,12,22,0,36,0,0,65,4,69,2,12,87,4,105,130,8,138,243
04/21/2006,UCA,NY,AEA,EN,Federal Contract Tower,1,10,17,0,28,0,1,74,0,75,1,11,91,0,103,132,0,132,235
04/22/2006,UCA,NY,AEA,EN,Federal Contract Tower,0,0,2,0,2,0,0,63,10,73,0,0,65,10,75,92,0,92,167
04/23/2006,UCA,NY,AEA,EN,Federal Contract Tower,0,1,5,0,6,0,0,43,0,43,0,1,48,0,49,64,0,64,113
04/24/2006,UCA,NY,AEA,EN,Federal Contract Tower,0,7,16,4,27,0,1,26,6,33,0,8,42,10,60,48,4,52,112
04/25/2006,UCA,NY,AEA,EN,Federal Contract Tower,2,13,12,0,27,0,2,58,0,60,2,15,70,0,87,118,0,118,205
04/26/2006,UCA,NY,AEA,EN,Federal Contract Tower,0,12,18,0,30,0,0,96,3,99,0,12,114,3,129,146,6,152,281
04/27/2006,UCA,NY,AEA,EN,Federal Contract Tower,0,11,14,3,28,0,0,83,0,83,0,11,97,3,111,134,0,134,245
04/28/2006,UCA,NY,AEA,EN,Federal Contract Tower,0,11,14,0,25,0,0,93,0,93,0,11,107,0,118,150,0,150,268
04/29/2006,UCA,NY,AEA,EN,Federal Contract Tower,0,0,1,0,1,0,0,66,0,66,0,0,67,0,67,120,0,120,187
04/30/2006,UCA,NY,AEA,EN,Federal Contract Tower,0,0,4,0,4,0,0,84,0,84,0,0,88,0,88,140,0,140,228
05/01/2006,UCA,NY,AEA,EN,Federal Contract Tower,0,5,10,10,25,0,0,69,2,71,0,5,79,12,96,152,0,152,248
05/02/2006,UCA,NY,AEA,EN,Federal Contract Tower,0,11,16,12,39,0,0,67,0,67,0,11,83,12,106,158,12,170,276
05/03/2006,UCA,NY,AEA,EN,Federal Contract Tower,0,12,18,18,48,0,0,52,0,52,0,12,70,18,100,100,48,148,248
05/04/2006,UCA,NY,AEA,EN,Federal Contract Tower,0,13,15,0,28,0,0,67,0,67,0,13,82,0,95,129,0,129,224
05/05/2006,UCA,NY,AEA,EN,Federal Contract Tower,0,13,13,8,34,0,0,83,1,84,0,13,96,9,118,162,8,170,288
05/06/2006,UCA,NY,AEA,EN,Federal Contract Tower,0,0,14,0,14,0,0,68,0,68,0,0,82,0,82,176,0,176,258
05/07/2006,UCA,NY,AEA,EN,Federal Contract Tower,0,0,1,0,1,0,0,51,2,53,0,0,52,2,54,124,4,128,182
05/08/2006,UCA,NY,AEA,EN,Federal Contract Tower,0,4,10,13,27,0,2,70,0,72,0,6,80,13,99,158,8,166,265
05/09/2006,UCA,NY,AEA,EN,Federal Contract Tower,0,11,12,12,35,0,0,88,7,95,0,11,100,19,130,188,34,222,352
05/10/2006,UCA,NY,AEA,EN,Federal Contract Tower,0,8,18,0,26,0,0,75,4,79,0,8,93,4,105,126,8,134,239
05/11/2006,UCA,NY,AEA,EN,Federal Contract Tower,0,13,15,0,28,0,0,53,2,55,0,13,68,2,83,108,4,112,195
05/12/2006,UCA,NY,AEA,EN,Federal Contract Tower,0,11,14,0,25,0,0,83,0,83,0,11,97,0,108,156,0,156,264
05/13/2006,UCA,NY,AEA,EN,Federal Contract Tower,0,2,7,1,10,0,0,90,2,92,0,2,97,3,102,190,4,194,296
05/14/2006,UCA,NY,AEA,EN,Federal Contract Tower,0,1,4,0,5,0,0,43,0,43,0,1,47,0,48,92,0,92,140
05/15/2006,UCA,NY,AEA,EN,Federal Contract Tower,1,10,12,2,25,0,0,77,0,77,1,10,89,2,102,122,8,130,232
05/16/2006,UCA,NY,AEA,EN,Federal Contract Tower,0,11,13,6,30,0,0,41,0,41,0,11,54,6,71,82,22,104,175
05/17/2006,UCA,NY,AEA,EN,Federal Contract Tower,2,8,21,2,33,0,0,78,0,78,2,8,99,2,111,130,0,130,241
05/18/2006,UCA,NY,AEA,EN,Federal Contract Tower,0,11,8,10,29,0,0,64,2,66,0,11,72,12,95,126,12,138,233
05/19/2006,UCA,NY,AEA,EN,Federal Contract Tower,0,11,19,0,30,0,0,70,0,70,0,11,89,0,100,154,0,154,254
05/20/2006,UCA,NY,AEA,EN,Federal Contract Tower,0,5,19,0,24,0,0,56,4,60,0,5,75,4,84,154,2,156,240
05/21/2006,UCA,NY,AEA,EN,Federal Contract Tower,0,13,6,0,19,0,0,40,0,40,0,13,46,0,59,84,0,84,143
05/22/2006,UCA,NY,AEA,EN,Federal Contract Tower,0,6,15,0,21,0,0,69,0,69,0,6,84,0,90,96,0,96,186
05/23/2006,UCA,NY,AEA,EN,Federal Contract Tower,0,11,14,4,29,0,0,74,0,74,0,11,88,4,103,136,8,144,247
05/24/2006,UCA,NY,AEA,EN,Federal Contract Tower,0,11,13,12,36,0,0,96,0,96,0,11,109,12,132,162,22,184,316
05/25/2006,UCA,NY,AEA,EN,Federal Contract Tower,0,10,9,6,25,0,0,54,0,54,0,10,63,6,79,136,0,136,215
05/26/2006,UCA,NY,AEA,EN,Federal Contract Tower,0,11,7,0,18,0,0,70,0,70,0,11,77,0,88,130,0,130,218
05/27/2006,UCA,NY,AEA,EN,Federal Contract Tower,0,1,19,0,20,0,0,82,0,82,0,1,101,0,102,172,6,178,280
05/28/2006,UCA,NY,AEA,EN,Federal Contract Tower,0,0,2,0,2,0,0,86,0,86,0,0,88,0,88,162,0,162,250
05/29/2006,UCA,NY,AEA,EN,Federal Contract Tower,0,2,3,0,5,0,0,53,0,53,0,2,56,0,58,108,0,108,166
05/30/2006,UCA,NY,AEA,EN,Federal Contract Tower,2,5,16,0,23,0,0,46,0,46,2,5,62,0,69,92,0,92,161
05/31/2006,UCA,NY,AEA,EN,Federal Contract Tower,0,13,14,6,33,0,0,95,0,95,0,13,109,6,128,158,10,168,296
06/01/2006,UCA,NY,AEA,EN,Federal Contract Tower,0,13,13,0,26,0,0,90,2,92,0,13,103,2,118,150,0,150,268
06/02/2006,UCA,NY,AEA,EN,Federal Contract Tower,0,15,20,10,45,0,0,70,0,70,0,15,90,10,115,154,20,174,289
06/03/2006,UCA,NY,AEA,EN,Federal Contract Tower,0,4,7,0,11,0,3,85,8,96,0,7,92,8,107,142,2,144,251
06/04/2006,UCA,NY,AEA,EN,Federal Contract Tower,0,1,4,0,5,0,0,74,0,74,0,1,78,0,79,126,0,126,205
06/05/2006,UCA,NY,AEA,EN,Federal Contract Tower,0,6,13,0,19,0,0,49,0,49,0,6,62,0,68,140,0,140,208
06/06/2006,UCA,NY,AEA,EN,Federal Contract Tower,0,11,28,0,39,0,0,58,2,60,0,11,86,2,99,130,0,130,229
06/07/2006,UCA,NY,AEA,EN,Federal Contract Tower,0,11,9,2,22,0,0,78,0,78,0,11,87,2,100,140,0,140,240
06/08/2006,UCA,NY,AEA,EN,Federal Contract Tower,0,13,19,4,36,2,0,69,0,71,2,13,88,4,107,136,4,140,247
06/09/2006,UCA,NY,AEA,EN,Federal Contract Tower,0,16,16,0,32,0,0,70,0,70,0,16,86,0,102,142,0,142,244
06/10/2006,UCA,NY,AEA,EN,Federal Contract Tower,0,1,7,0,8,0,0,75,8,83,0,1,82,8,91,150,24,174,265
06/11/2006,UCA,NY,AEA,EN,Federal Contract Tower,0,1,14,0,15,0,0,52,0,52,0,1,66,0,67,116,0,116,183
06/12/2006,UCA,NY,AEA,EN,Federal Contract Tower,0,6,19,9,34,0,1,38,0,39,0,7,57,9,73,116,16,132,205
06/13/2006,UCA,NY,AEA,EN,Federal Contract Tower,0,14,26,0,40,0,0,59,0,59,0,14,85,0,99,158,0,158,257
06/14/2006,UCA,NY,AEA,EN,Federal Contract Tower,0,10,12,0,22,0,0,81,0,81,0,10,93,0,103,178,0,178,281
06/15/2006,UCA,NY,AEA,EN,Federal Contract Tower,0,12,7,0,19,0,0,89,4,93,0,12,96,4,112,130,10,140,252
06/16/2006,UCA,NY,AEA,EN,Federal Contract Tower,0,10,11,0,21,0,0,97,6,103,0,10,108,6,124,196,6,202,326
06/17/2006,UCA,NY,AEA,EN,Federal Contract Tower,0,2,6,0,8,0,0,82,2,84,0,2,88,2,92,104,4,108,200
06/18/2006,UCA,NY,AEA,EN,Federal Contract Tower,0,2,7,0,9,0,0,91,2,93,0,2,98,2,102,190,4,194,296
06/19/2006,UCA,NY,AEA,EN,Federal Contract Tower,0,5,11,0,16,0,0,44,0,44,0,5,55,0,60,103,0,103,163
06/20/2006,UCA,NY,AEA,EN,Federal Contract Tower,0,12,10,0,22,0,0,48,0,48,0,12,58,0,70,118,0,118,188
06/21/2006,UCA,NY,AEA,EN,Federal Contract Tower,0,11,14,0,25,0,0,87,2,89,0,11,101,2,114,158,0,158,272
06/22/2006,UCA,NY,AEA,EN,Federal Contract Tower,0,13,16,1,30,0,0,86,3,89,0,13,102,4,119,176,22,198,317
06/23/2006,UCA,NY,AEA,EN,Federal Contract Tower,0,11,14,0,25,0,1,71,0,72,0,12,85,0,97,146,0,146,243
06/24/2006,UCA,NY,AEA,EN,Federal Contract Tower,0,0,8,0,8,0,0,67,2,69,0,0,75,2,77,98,4,102,179
06/25/2006,UCA,NY,AEA,EN,Federal Contract Tower,0,0,10,0,10,0,0,72,0,72,0,0,82,0,82,180,0,180,262
06/26/2006,UCA,NY,AEA,EN,Federal Contract Tower,0,4,14,0,18,0,2,29,0,31,0,6,43,0,49,102,0,102,151
06/27/2006,UCA,NY,AEA,EN,Federal Contract Tower,0,10,10,0,20,0,0,44,0,44,0,10,54,0,64,88,0,88,152
06/28/2006,UCA,NY,AEA,EN,Federal Contract Tower,2,11,10,1,24,0,14,89,0,103,2,25,99,1,127,156,0,156,283
06/29/2006,UCA,NY,AEA,EN,Federal Contract Tower,0,14,15,0,29,0,0,53,0,53,0,14,68,0,82,104,0,104,186
06/30/2006,UCA,NY,AEA,EN,Federal Contract Tower,2,14,12,0,28,0,0,69,0,69,2,14,81,0,97,116,0,116,213
07/01/2006,UCA,NY,AEA,EN,Federal Contract Tower,0,0,8,0,8,0,0,94,0,94,0,0,102,0,102,132,0,132,234
07/02/2006,UCA,NY,AEA,EN,Federal Contract Tower,0,1,7,0,8,0,0,40,0,40,0,1,47,0,48,84,0,84,132
07/03/2006,UCA,NY,AEA,EN,Federal Contract Tower,0,6,10,0,16,0,0,47,0,47,0,6,57,0,63,132,0,132,195
07/04/2006,UCA,NY,AEA,EN,Federal Contract Tower,0,8,11,0,19,0,0,48,0,48,0,8,59,0,67,86,0,86,153
07/05/2006,UCA,NY,AEA,EN,Federal Contract Tower,0,7,12,0,19,0,5,68,4,77,0,12,80,4,96,108,0,108,204
07/06/2006,UCA,NY,AEA,EN,Federal Contract Tower,0,11,13,0,24,0,0,62,4,66,0,11,75,4,90,160,4,164,254
07/07/2006,UCA,NY,AEA,EN,Federal Contract Tower,0,12,24,0,36,0,0,79,3,82,0,12,103,3,118,144,0,144,262
07/08/2006,UCA,NY,AEA,EN,Federal Contract Tower,0,1,9,0,10,0,0,100,4,104,0,1,109,4,114,162,0,162,276
07/09/2006,UCA,NY,AEA,EN,Federal Contract Tower,0,1,11,0,12,0,0,77,0,77,0,1,88,0,89,128,0,128,217
07/10/2006,UCA,NY,AEA,EN,Federal Contract Tower,0,8,10,0,18,0,0,38,0,38,0,8,48,0,56,100,0,100,156
07/11/2006,UCA,NY,AEA,EN,Federal Contract Tower,0,11,17,10,38,0,0,36,6,42,0,11,53,16,80,92,28,120,200
07/12/2006,UCA,NY,AEA,EN,Federal Contract Tower,0,14,4,0,18,0,0,67,0,67,0,14,71,0,85,92,0,92,177
07/13/2006,UCA,NY,AEA,EN,Federal Contract Tower,0,13,21,7,41,0,0,61,0,61,0,13,82,7,102,146,2,148,250
07/14/2006,UCA,NY,AEA,EN,Federal Contract Tower,0,15,15,0,30,0,0,83,0,83,0,15,98,0,113,166,0,166,279
07/15/2006,UCA,NY,AEA,EN,Federal Contract Tower,0,7,7,0,14,0,0,83,0,83,0,7,90,0,97,146,0,146,243
07/16/2006,UCA,NY,AEA,EN,Federal Contract Tower,0,0,9,0,9,0,0,74,3,77,0,0,83,3,86,144,4,148,234
07/17/2006,UCA,NY,AEA,EN,Federal Contract Tower,0,7,15,0,22,0,0,40,0,40,0,7,55,0,62,138,0,138,200
07/18/2006,UCA,NY,AEA,EN,Federal Contract Tower,0,26,17,0,43,0,0,61,0,61,0,26,78,0,104,114,0,114,218
07/19/2006,UCA,NY,AEA,EN,Federal Contract Tower,0,14,22,2,38,0,2,46,16,64,0,16,68,18,102,100,0,100,202
07/20/2006,UCA,NY,AEA,EN,Federal Contract Tower,2,17,13,8,40,0,0,62,0,62,2,17,75,8,102,126,18,144,246
07/21/2006,UCA,NY,AEA,EN,Federal Contract Tower,0,14,20,10,44,0,0,80,0,80,0,14,100,10,124,148,10,158,282
07/22/2006,UCA,NY,AEA,EN,Federal Contract Tower,0,0,7,0,7,0,0,77,2,79,0,0,84,2,86,116,0,116,202
07/23/2006,UCA,NY,AEA,EN,Federal Contract Tower,0,6,15,0,21,0,0,77,2,79,0,6,92,2,100,144,0,144,244
07/24/2006,UCA,NY,AEA,EN,Federal Contract Tower,0,9,10,8,27,0,0,63,0,63,0,9,73,8,90,128,0,128,218
07/25/2006,UCA,NY,AEA,EN,Federal Contract Tower,2,22,12,6,42,0,2,61,4,67,2,24,73,10,109,108,8,116,225
07/26/2006,UCA,NY,AEA,EN,Federal Contract Tower,0,15,13,1,29,0,0,81,0,81,0,15,94,1,110,142,0,142,252
07/27/2006,UCA,NY,AEA,EN,Federal Contract Tower,1,10,28,0,39,0,0,22,0,22,1,10,50,0,61,88,0,88,149
07/28/2006,UCA,NY,AEA,EN,Federal Contract Tower,0,16,21,0,37,0,0,58,0,58,0,16,79,0,95,132,0,132,227
07/29/2006,UCA,NY,AEA,EN,Federal Contract Tower,0,0,11,0,11,0,0,71,6,77,0,0,82,6,88,112,0,112,200
07/30/2006,UCA,NY,AEA,EN,Federal Contract Tower,0,2,14,0,16,0,1,55,0,56,0,3,69,0,72,106,0,106,178
07/31/2006,UCA,NY,AEA,EN,Federal Contract Tower,0,5,11,4,20,0,0,53,0,53,0,5,64,4,73,104,0,104,177
08/01/2006,UCA,NY,AEA,EN,Federal Contract Tower,0,12,8,8,28,0,0,73,0,73,0,12,81,8,101,114,0,114,215
08/02/2006,UCA,NY,AEA,EN,Federal Contract Tower,0,12,8,7,27,0,0,77,1,78,0,12,85,8,105,132,8,140,245
08/03/2006,UCA,NY,AEA,EN,Federal Contract Tower,0,12,23,0,35,0,1,66,2,69,0,13,89,2,104,114,0,114,218
08/04/2006,UCA,NY,AEA,EN,Federal Contract Tower,0,13,14,0,27,0,0,92,0,92,0,13,106,0,119,146,0,146,265
08/05/2006,UCA,NY,AEA,EN,Federal Contract Tower,0,1,10,0,11,0,0,92,2,94,0,1,102,2,105,140,0,140,245
08/06/2006,UCA,NY,AEA,EN,Federal Contract Tower,0,1,12,0,13,0,0,83,0,83,0,1,95,0,96,168,0,168,264
08/07/2006,UCA,NY,AEA,EN,Federal Contract Tower,0,6,5,8,19,0,0,39,0,39,0,6,44,8,58,86,18,104,162
08/08/2006,UCA,NY,AEA,EN,Federal Contract Tower,0,11,22,8,41,0,0,63,2,65,0,11,85,10,106,118,22,140,246
08/09/2006,UCA,NY,AEA,EN,Federal Contract Tower,0,11,19,6,36,0,0,68,0,68,0,11,87,6,104,150,16,166,270
08/10/2006,UCA,NY,AEA,EN,Federal Contract Tower,0,11,21,2,34,0,0,80,0,80,0,11,101,2,114,150,2,152,266
08/11/2006,UCA,NY,AEA,EN,Federal Contract Tower,0,14,24,0,38,0,0,86,0,86,0,14,110,0,124,138,0,138,262
08/12/2006,UCA,NY,AEA,EN,Federal Contract Tower,0,0,11,0,11,0,0,86,7,93,0,0,97,7,104,112,8,120,224
08/13/2006,UCA,NY,AEA,EN,Federal Contract Tower,0,1,13,0,14,0,0,76,0,76,0,1,89,0,90,157,0,157,247
08/14/2006,UCA,NY,AEA,EN,Federal Contract Tower,0,11,10,0,21,0,0,49,0,49,0,11,59,0,70,118,0,118,188
08/15/2006,UCA,NY,AEA,EN,Federal Contract Tower,0,13,5,2,20,0,2,50,0,52,0,15,55,2,72,120,0,120,192
08/16/2006,UCA,NY,AEA,EN,Federal Contract Tower,2,12,22,7,43,0,1,89,2,92,2,13,111,9,135,186,10,196,331
08/17/2006,UCA,NY,AEA,EN,Federal Contract Tower,0,16,12,0,28,0,0,77,0,77,0,16,89,0,105,174,0,174,279
08/18/2006,UCA,NY,AEA,EN,Federal Contract Tower,2,14,15,1,32,0,0,71,1,72,2,14,86,2,104,138,2,140,244
08/19/2006,UCA,NY,AEA,EN,Federal Contract Tower,0,0,8,0,8,0,0,63,0,63,0,0,71,0,71,122,0,122,193
08/20/2006,UCA,NY,AEA,EN,Federal Contract Tower,0,0,6,0,6,0,0,64,0,64,0,0,70,0,70,136,0,136,206
08/21/2006,UCA,NY,AEA,EN,Federal Contract Tower,0,7,7,0,14,0,0,53,0,53,0,7,60,0,67,126,0,126,193
08/22/2006,UCA,NY,AEA,EN,Federal Contract Tower,2,12,5,4,23,0,0,55,3,58,2,12,60,7,81,104,30,134,215
08/23/2006,UCA,NY,AEA,EN,Federal Contract Tower,0,11,13,7,31,0,0,81,3,84,0,11,94,10,115,146,28,174,289
08/24/2006,UCA,NY,AEA,EN,Federal Contract Tower,0,18,10,0,28,0,0,76,0,76,0,18,86,0,104,136,0,136,240
08/25/2006,UCA,NY,AEA,EN,Federal Contract Tower,0,16,3,0,19,0,0,91,0,91,0,16,94,0,110,138,0,138,248
08/26/2006,UCA,NY,AEA,EN,Federal Contract Tower,0,2,17,0,19,0,0,55,0,55,0,2,72,0,74,106,0,106,180
08/27/2006,UCA,NY,AEA,EN,Federal Contract Tower,0,3,5,0,8,0,0,62,0,62,0,3,67,0,70,98,0,98,168
08/28/2006,UCA,NY,AEA,EN,Federal Contract Tower,0,7,21,0,28,0,0,48,0,48,0,7,69,0,76,122,0,122,198
08/29/2006,UCA,NY,AEA,EN,Federal Contract Tower,0,13,12,0,25,0,0,41,0,41,0,13,53,0,66,76,0,76,142
08/30/2006,UCA,NY,AEA,EN,Federal Contract Tower,0,16,17,5,38,0,0,65,0,65,0,16,82,5,103,118,2,120,223
08/31/2006,UCA,NY,AEA,EN,Federal Contract Tower,0,14,11,0,25,0,0,67,18,85,0,14,78,18,110,154,8,162,272
09/01/2006,UCA,NY,AEA,EN,Federal Contract Tower,0,11,20,5,36,0,0,68,3,71,0,11,88,8,107,134,2,136,243
09/02/2006,UCA,NY,AEA,EN,Federal Contract Tower,0,1,1,0,2,0,0,56,0,56,0,1,57,0,58,98,0,98,156
09/03/2006,UCA,NY,AEA,EN,Federal Contract Tower,0,0,5,0,5,0,0,28,2,30,0,0,33,2,35,58,0,58,93
09/04/2006,UCA,NY,AEA,EN,Federal Contract Tower,0,0,9,0,9,0,0,23,3,26,0,0,32,3,35,58,14,72,107
09/05/2006,UCA,NY,AEA,EN,Federal Contract Tower,0,10,10,12,32,0,0,64,11,75,0,10,74,23,107,94,20,114,221
09/06/2006,UCA,NY,AEA,EN,Federal Contract Tower,0,19,9,4,32,0,0,44,0,44,0,19,53,4,76,86,34,120,196
09/07/2006,UCA,NY,AEA,EN,Federal Contract Tower,0,13,8,7,28,0,0,52,4,56,0,13,60,11,84,88,8,96,180
09/08/2006,UCA,NY,AEA,EN,Federal Contract Tower,0,12,16,0,28,0,2,82,0,84,0,14,98,0,112,114,0,114,226
09/09/2006,UCA,NY,AEA,EN,Federal Contract Tower,0,4,17,1,22,0,0,38,4,42,0,4,55,5,64,90,0,90,154
09/10/2006,UCA,NY,AEA,EN,Federal Contract Tower,0,2,5,0,7,0,0,51,0,51,0,2,56,0,58,100,0,100,158
09/11/2006,UCA,NY,AEA,EN,Federal Contract Tower,0,6,13,0,19,0,2,55,0,57,0,8,68,0,76,114,0,114,190
09/12/2006,UCA,NY,AEA,EN,Federal Contract Tower,0,10,18,3,31,0,2,57,5,64,0,12,75,8,95,138,24,162,257
09/13/2006,UCA,NY,AEA,EN,Federal Contract Tower,0,12,15,3,30,0,0,45,3,48,0,12,60,6,78,78,0,78,156
09/14/2006,UCA,NY,AEA,EN,Federal Contract Tower,0,11,12,3,26,0,2,70,0,72,0,13,82,3,98,98,8,106,204
09/15/2006,UCA,NY,AEA,EN,Federal Contract Tower,0,15,9,1,25,0,0,70,1,71,0,15,79,2,96,136,10,146,242
09/16/2006,UCA,NY,AEA,EN,Federal Contract Tower,0,0,4,3,7,0,0,78,0,78,0,0,82,3,85,76,0,76,161
09/17/2006,UCA,NY,AEA,EN,Federal Contract Tower,0,1,13,2,16,0,0,91,7,98,0,1,104,9,114,161,6,167,281
09/18/2006,UCA,NY,AEA,EN,Federal Contract Tower,0,6,3,2,11,0,1,61,1,63,0,7,64,3,74,106,4,110,184
09/19/2006,UCA,NY,AEA,EN,Federal Contract Tower,2,11,12,3,28,0,0,38,0,38,2,11,50,3,66,72,10,82,148
09/20/2006,UCA,NY,AEA,EN,Federal Contract Tower,0,18,22,5,45,0,0,33,1,34,0,18,55,6,79,48,6,54,133
09/21/2006,UCA,NY,AEA,EN,Federal Contract Tower,2,9,13,0,24,0,0,51,0,51,2,9,64,0,75,92,0,92,167
09/22/2006,UCA,NY,AEA,EN,Federal Contract Tower,0,11,9,11,31,0,0,66,2,68,0,11,75,13,99,88,10,98,197
09/23/2006,UCA,NY,AEA,EN,Federal Contract Tower,0,2,14,0,16,0,0,45,0,45,0,2,59,0,61,74,0,74,135
09/24/2006,UCA,NY,AEA,EN,Federal Contract Tower,0,0,4,0,4,0,0,48,0,48,0,0,52,0,52,64,0,64,116
09/25/2006,UCA,NY,AEA,EN,Federal Contract Tower,0,7,12,0,19,0,0,35,0,35,0,7,47,0,54,82,0,82,136
09/26/2006,UCA,NY,AEA,EN,Federal Contract Tower,0,12,7,0,19,0,0,44,0,44,0,12,51,0,63,92,0,92,155
09/27/2006,UCA,NY,AEA,EN,Federal Contract Tower,0,11,16,0,27,0,0,54,0,54,0,11,70,0,81,90,0,90,171
09/28/2006,UCA,NY,AEA,EN,Federal Contract Tower,0,12,10,0,22,0,0,54,0,54,0,12,64,0,76,84,0,84,160
09/29/2006,UCA,NY,AEA,EN,Federal Contract Tower,0,16,12,11,39,0,0,61,6,67,0,16,73,17,106,92,16,108,214
09/30/2006,UCA,NY,AEA,EN,Federal Contract Tower,0,0,18,0,18,0,0,69,0,69,0,0,87,0,87,116,0,116,203
10/01/2006,UCA,NY,AEA,EN,Federal Contract Tower,0,0,6,0,6,0,0,35,0,35,0,0,41,0,41,70,0,70,111
10/02/2006,UCA,NY,AEA,EN,Federal Contract Tower,0,6,12,6,24,0,0,35,2,37,0,6,47,8,61,99,12,111,172
10/03/2006,UCA,NY,AEA,EN,Federal Contract Tower,0,12,18,11,41,0,0,35,0,35,0,12,53,11,76,54,18,72,148
10/04/2006,UCA,NY,AEA,EN,Federal Contract Tower,0,12,19,0,31,0,0,55,0,55,0,12,74,0,86,82,0,82,168
10/05/2006,UCA,NY,AEA,EN,Federal Contract Tower,0,15,6,2,23,0,0,65,0,65,0,15,71,2,88,106,4,110,198
10/06/2006,UCA,NY,AEA,EN,Federal Contract Tower,0,12,24,2,38,0,0,67,0,67,0,12,91,2,105,104,0,104,209
10/07/2006,UCA,NY,AEA,EN,Federal Contract Tower,0,0,23,0,23,0,0,73,0,73,0,0,96,0,96,144,0,144,240
10/08/2006,UCA,NY,AEA,EN,Federal Contract Tower,0,0,16,0,16,0,0,44,0,44,0,0,60,0,60,100,0,100,160
10/09/2006,UCA,NY,AEA,EN,Federal Contract Tower,0,0,19,0,19,0,0,51,0,51,0,0,70,0,70,108,0,108,178
10/10/2006,UCA,NY,AEA,EN,Federal Contract Tower,0,6,16,2,24,0,0,56,2,58,0,6,72,4,82,108,6,114,196
10/11/2006,UCA,NY,AEA,EN,Federal Contract Tower,0,11,5,0,16,0,0,61,0,61,0,11,66,0,77,84,0,84,161
10/12/2006,UCA,NY,AEA,EN,Federal Contract Tower,0,16,14,1,31,0,2,46,6,54,0,18,60,7,85,78,13,91,176
10/13/2006,UCA,NY,AEA,EN,Federal Contract Tower,0,11,8,0,19,0,0,64,0,64,0,11,72,0,83,92,0,92,175
10/14/2006,UCA,NY,AEA,EN,Federal Contract Tower,0,8,3,5,16,0,0,73,6,79,0,8,76,11,95,114,0,114,209
10/15/2006,UCA,NY,AEA,EN,Federal Contract Tower,0,0,7,0,7,0,0,56,2,58,0,0,63,2,65,112,0,112,177
10/16/2006,UCA,NY,AEA,EN,Federal Contract Tower,0,6,3,0,9,0,0,62,0,62,0,6,65,0,71,132,0,132,203
10/17/2006,UCA,NY,AEA,EN,Federal Contract Tower,0,8,5,0,13,0,2,27,0,29,0,10,32,0,42,44,0,44,86
10/18/2006,UCA,NY,AEA,EN,Federal Contract Tower,2,13,17,1,33,0,0,54,1,55,2,13,71,2,88,84,0,84,172
10/19/2006,UCA,NY,AEA,EN,Federal Contract Tower,0,11,17,1,29,0,0,43,0,43,0,11,60,1,72,64,0,64,136
10/20/2006,UCA,NY,AEA,EN,Federal Contract Tower,2,13,18,0,33,4,0,42,0,46,6,13,60,0,79,24,0,24,103
10/21/2006,UCA,NY,AEA,EN,Federal Contract Tower,0,0,22,0,22,0,0,70,0,70,0,0,92,0,92,128,0,128,220
10/22/2006,UCA,NY,AEA,EN,Federal Contract Tower,0,0,17,0,17,1,0,42,0,43,1,0,59,0,60,70,0,70,130
10/23/2006,UCA,NY,AEA,EN,Federal Contract Tower,0,5,11,6,22,0,0,33,0,33,0,5,44,6,55,94,10,104,159
10/24/2006,UCA,NY,AEA,EN,Federal Contract Tower,2,11,11,0,24,0,1,26,0,27,2,12,37,0,51,42,0,42,93
10/25/2006,UCA,NY,AEA,EN,Federal Contract Tower,0,13,10,0,23,0,0,45,0,45,0,13,55,0,68,57,0,57,125
10/26/2006,UCA,NY,AEA,EN,Federal Contract Tower,2,15,11,2,30,0,0,49,2,51,2,15,60,4,81,98,0,98,179
10/27/2006,UCA,NY,AEA,EN,Federal Contract Tower,0,16,22,0,38,0,0,84,0,84,0,16,106,0,122,150,0,150,272
10/28/2006,UCA,NY,AEA,EN,Federal Contract Tower,0,6,3,0,9,0,0,48,0,48,0,6,51,0,57,56,0,56,113
10/29/2006,UCA,NY,AEA,EN,Federal Contract Tower,0,5,5,0,10,0,0,44,0,44,0,5,49,0,54,48,0,48,102
10/30/2006,UCA,NY,AEA,EN,Federal Contract Tower,0,5,8,0,13,0,1,52,0,53,0,6,60,0,66,144,0,144,210
10/31/2006,UCA,NY,AEA,EN,Federal Contract Tower,0,11,20,0,31,0,0,37,0,37,0,11,57,0,68,76,0,76,144
11/01/2006,UCA,NY,AEA,EN,Federal Contract Tower,0,11,27,0,38,0,0,45,0,45,0,11,72,0,83,110,0,110,193
11/02/2006,UCA,NY,AEA,EN,Federal Contract Tower,0,11,18,0,29,0,0,43,2,45,0,11,61,2,74,84,0,84,158
11/03/2006,UCA,NY,AEA,EN,Federal Contract Tower,0,13,13,10,36,0,0,51,0,51,0,13,64,10,87,52,0,52,139
11/04/2006,UCA,NY,AEA,EN,Federal Contract Tower,0,1,11,0,12,0,0,61,0,61,0,1,72,0,73,106,0,106,179
11/05/2006,UCA,NY,AEA,EN,Federal Contract Tower,0,1,10,7,18,0,0,37,0,37,0,1,47,7,55,84,6,90,145
11/06/2006,UCA,NY,AEA,EN,Federal Contract Tower,0,10,15,0,25,0,1,37,0,38,0,11,52,0,63,138,0,138,201
11/07/2006,UCA,NY,AEA,EN,Federal Contract Tower,0,14,10,0,24,0,0,45,0,45,0,14,55,0,69,82,0,82,151
11/08/2006,UCA,NY,AEA,EN,Federal Contract Tower,0,9,9,0,18,0,2,55,0,57,0,11,64,0,75,56,0,56,131
11/09/2006,UCA,NY,AEA,EN,Federal Contract Tower,0,13,15,7,35,0,2,39,0,41,0,15,54,7,76,92,10,102,178
11/10/2006,UCA,NY,AEA,EN,Federal Contract Tower,0,13,23,0,36,1,0,58,0,59,1,13,81,0,95,108,0,108,203
11/11/2006,UCA,NY,AEA,EN,Federal Contract Tower,0,0,18,0,18,0,0,43,0,43,0,0,61,0,61,112,0,112,173
11/12/2006,UCA,NY,AEA,EN,Federal Contract Tower,2,6,11,0,19,0,0,33,0,33,2,6,44,0,52,88,0,88,140
11/13/2006,UCA,NY,AEA,EN,Federal Contract Tower,0,6,16,0,22,0,0,4,8,12,0,6,20,8,34,64,0,64,98
11/14/2006,UCA,NY,AEA,EN,Federal Contract Tower,2,10,13,0,25,0,0,27,0,27,2,10,40,0,52,38,0,38,90
11/15/2006,UCA,NY,AEA,EN,Federal Contract Tower,0,11,10,0,21,0,0,26,0,26,0,11,36,0,47,38,0,38,85
11/16/2006,UCA,NY,AEA,EN,Federal Contract Tower,0,13,10,0,23,0,0,33,0,33,0,13,43,0,56,50,0,50,106
11/17/2006,UCA,NY,AEA,EN,Federal Contract Tower,0,12,10,0,22,0,0,57,0,57,0,12,67,0,79,106,0,106,185
11/18/2006,UCA,NY,AEA,EN,Federal Contract Tower,0,4,3,0,7,0,0,60,0,60,0,4,63,0,67,92,0,92,159
11/19/2006,UCA,NY,AEA,EN,Federal Contract Tower,0,3,7,0,10,0,0,19,0,19,0,3,26,0,29,56,0,56,85
11/20/2006,UCA,NY,AEA,EN,Federal Contract Tower,0,6,10,0,16,0,0,35,0,35,0,6,45,0,51,92,0,92,143
11/21/2006,UCA,NY,AEA,EN,Federal Contract Tower,0,12,16,0,28,0,1,38,4,43,0,13,54,4,71,112,0,112,183
11/22/2006,UCA,NY,AEA,EN,Federal Contract Tower,0,11,19,5,35,0,0,69,19,88,0,11,88,24,123,134,8,142,265
11/23/2006,UCA,NY,AEA,EN,Federal Contract Tower,0,2,3,0,5,0,0,78,0,78,0,2,81,0,83,120,0,120,203
11/24/2006,UCA,NY,AEA,EN,Federal Contract Tower,0,5,19,0,24,0,0,52,0,52,0,5,71,0,76,118,0,118,194
11/25/2006,UCA,NY,AEA,EN,Federal Contract Tower,0,0,3,1,4,0,0,76,6,82,0,0,79,7,86,120,1,121,207
11/26/2006,UCA,NY,AEA,EN,Federal Contract Tower,0,0,11,0,11,0,0,44,0,44,0,0,55,0,55,102,0,102,157
11/27/2006,UCA,NY,AEA,EN,Federal Contract Tower,0,8,20,1,29,0,0,49,10,59,0,8,69,11,88,146,18,164,252
11/28/2006,UCA,NY,AEA,EN,Federal Contract Tower,0,12,14,0,26,0,0,61,0,61,0,12,75,0,87,100,0,100,187
11/29/2006,UCA,NY,AEA,EN,Federal Contract Tower,0,13,8,6,27,0,0,50,1,51,0,13,58,7,78,106,8,114,192
11/30/2006,UCA,NY,AEA,EN,Federal Contract Tower,2,14,13,0,29,0,0,46,0,46,2,14,59,0,75,100,0,100,175
12/01/2006,UCA,NY,AEA,EN,Federal Contract Tower,1,11,5,5,22,0,0,58,0,58,1,11,63,5,80,80,0,80,160
12/02/2006,UCA,NY,AEA,EN,Federal Contract Tower,0,0,7,0,7,0,0,42,0,42,0,0,49,0,49,74,0,74,123
12/03/2006,UCA,NY,AEA,EN,Federal Contract Tower,0,0,6,0,6,0,0,59,4,63,0,0,65,4,69,132,4,136,205
12/04/2006,UCA,NY,AEA,EN,Federal Contract Tower,0,4,19,2,25,0,0,11,0,11,0,4,30,2,36,28,34,62,98
12/05/2006,UCA,NY,AEA,EN,Federal Contract Tower,0,11,7,0,18,0,1,40,0,41,0,12,47,0,59,100,0,100,159
12/06/2006,UCA,NY,AEA,EN,Federal Contract Tower,0,11,3,1,15,0,0,50,0,50,0,11,53,1,65,66,0,66,131
12/07/2006,UCA,NY,AEA,EN,Federal Contract Tower,0,10,7,0,17,0,0,37,0,37,0,10,44,0,54,66,0,66,120
12/08/2006,UCA,NY,AEA,EN,Federal Contract Tower,0,11,2,0,13,0,0,58,0,58,0,11,60,0,71,90,0,90,161
12/09/2006,UCA,NY,AEA,EN,Federal Contract Tower,0,0,6,0,6,0,0,53,0,53,0,0,59,0,59,106,0,106,165
12/10/2006,UCA,NY,AEA,EN,Federal Contract Tower,0,0,13,0,13,0,0,77,0,77,0,0,90,0,90,114,0,114,204
12/11/2006,UCA,NY,AEA,EN,Federal Contract Tower,0,5,11,0,16,0,0,11,0,11,0,5,22,0,27,34,0,34,61
12/12/2006,UCA,NY,AEA,EN,Federal Contract Tower,0,17,14,2,33,0,6,39,2,47,0,23,53,4,80,112,4,116,196
12/13/2006,UCA,NY,AEA,EN,Federal Contract Tower,0,6,6,2,14,0,0,50,0,50,0,6,56,2,64,108,0,108,172
12/14/2006,UCA,NY,AEA,EN,Federal Contract Tower,0,12,6,0,18,0,0,54,4,58,0,12,60,4,76,70,0,70,146
12/15/2006,UCA,NY,AEA,EN,Federal Contract Tower,0,11,5,2,18,3,0,52,2,57,3,11,57,4,75,88,20,108,183
12/16/2006,UCA,NY,AEA,EN,Federal Contract Tower,0,0,5,0,5,0,0,42,0,42,0,0,47,0,47,64,0,64,111
12/17/2006,UCA,NY,AEA,EN,Federal Contract Tower,0,0,8,0,8,0,0,14,0,14,0,0,22,0,22,26,0,26,48
12/18/2006,UCA,NY,AEA,EN,Federal Contract Tower,0,6,14,0,20,0,0,18,0,18,0,6,32,0,38,22,0,22,60
12/19/2006,UCA,NY,AEA,EN,Federal Contract Tower,0,11,5,0,16,0,0,28,0,28,0,11,33,0,44,20,0,20,64
12/20/2006,UCA,NY,AEA,EN,Federal Contract Tower,0,12,4,2,18,0,0,97,2,99,0,12,101,4,117,128,8,136,253
12/21/2006,UCA,NY,AEA,EN,Federal Contract Tower,0,14,12,0,26,0,0,45,0,45,0,14,57,0,71,105,0,105,176
12/22/2006,UCA,NY,AEA,EN,Federal Contract Tower,0,12,1,0,13,0,0,33,0,33,0,12,34,0,46,48,0,48,94
12/23/2006,UCA,NY,AEA,EN,Federal Contract Tower,0,0,2,0,2,0,0,22,0,22,0,0,24,0,24,10,0,10,34
12/24/2006,UCA,NY,AEA,EN,Federal Contract Tower,0,0,0,0,0,0,0,4,0,4,0,0,4,0,4,12,0,12,16
12/25/2006,UCA,NY,AEA,EN,Federal Contract Tower,0,0,0,0,0,0,0,1,0,1,0,0,1,0,1,0,0,0,1
12/26/2006,UCA,NY,AEA,EN,Federal Contract Tower,0,5,1,0,6,0,0,3,0,3,0,5,4,0,9,8,0,8,17
12/27/2006,UCA,NY,AEA,EN,Federal Contract Tower,0,13,4,0,17,0,0,22,0,22,0,13,26,0,39,18,0,18,57
12/28/2006,UCA,NY,AEA,EN,Federal Contract Tower,0,12,3,4,19,0,0,24,4,28,0,12,27,8,47,14,12,26,73
12/29/2006,UCA,NY,AEA,EN,Federal Contract Tower,0,14,0,0,14,0,0,38,2,40,0,14,38,2,54,58,0,58,112
12/30/2006,UCA,NY,AEA,EN,Federal Contract Tower,0,0,0,0,0,0,0,1,0,1,0,0,1,0,1,0,0,0,1
12/31/2006,UCA,NY,AEA,EN,Federal Contract Tower,0,0,2,0,2,0,0,29,6,35,0,0,31,6,37,28,0,28,65
