01/01/2000,UGN,IL,AGL,CE,Federal Contract Tower,0,0,1,0,1,0,0,62,0,62,0,0,63,0,63,165,0,165,228
01/02/2000,UGN,IL,AGL,CE,Federal Contract Tower,0,1,33,1,35,0,0,7,1,8,0,1,40,2,43,6,0,6,49
01/03/2000,UGN,IL,AGL,CE,Federal Contract Tower,0,3,32,0,35,0,0,2,0,2,0,3,34,0,37,24,0,24,61
01/04/2000,UGN,IL,AGL,CE,Federal Contract Tower,0,2,29,0,31,0,0,10,0,10,0,2,39,0,41,2,0,2,43
01/05/2000,UGN,IL,AGL,CE,Federal Contract Tower,0,3,37,0,40,0,0,61,0,61,0,3,98,0,101,97,0,97,198
01/06/2000,UGN,IL,AGL,CE,Federal Contract Tower,0,5,42,1,48,0,0,57,0,57,0,5,99,1,105,158,0,158,263
01/07/2000,UGN,IL,AGL,CE,Federal Contract Tower,0,5,34,1,40,0,0,91,2,93,0,5,125,3,133,81,0,81,214
01/08/2000,UGN,IL,AGL,CE,Federal Contract Tower,0,1,13,0,14,0,5,94,0,99,0,6,107,0,113,144,0,144,257
01/09/2000,UGN,IL,AGL,CE,Federal Contract Tower,0,0,13,0,13,0,0,2,0,2,0,0,15,0,15,0,0,0,15
01/10/2000,UGN,IL,AGL,CE,Federal Contract Tower,0,2,31,0,33,0,0,18,0,18,0,2,49,0,51,16,0,16,67
01/11/2000,UGN,IL,AGL,CE,Federal Contract Tower,0,4,41,1,46,0,0,47,1,48,0,4,88,2,94,51,0,51,145
01/12/2000,UGN,IL,AGL,CE,Federal Contract Tower,0,5,34,1,40,0,0,39,0,39,0,5,73,1,79,210,0,210,289
01/13/2000,UGN,IL,AGL,CE,Federal Contract Tower,0,5,38,1,44,0,0,50,1,51,0,5,88,2,95,110,0,110,205
01/14/2000,UGN,IL,AGL,CE,Federal Contract Tower,0,1,35,1,37,0,0,93,1,94,0,1,128,2,131,177,0,177,308
01/15/2000,UGN,IL,AGL,CE,Federal Contract Tower,0,2,15,0,17,0,0,112,0,112,0,2,127,0,129,265,0,265,394
01/16/2000,UGN,IL,AGL,CE,Federal Contract Tower,0,4,29,0,33,0,1,56,0,57,0,5,85,0,90,185,0,185,275
01/17/2000,UGN,IL,AGL,CE,Federal Contract Tower,0,2,35,0,37,0,0,29,0,29,0,2,64,0,66,78,0,78,144
01/18/2000,UGN,IL,AGL,CE,Federal Contract Tower,0,5,47,0,52,0,2,12,0,14,0,7,59,0,66,32,0,32,98
01/19/2000,UGN,IL,AGL,CE,Federal Contract Tower,0,5,38,0,43,0,0,23,0,23,0,5,61,0,66,48,0,48,114
01/20/2000,UGN,IL,AGL,CE,Federal Contract Tower,0,6,42,0,48,0,3,37,0,40,0,9,79,0,88,119,0,119,207
01/21/2000,UGN,IL,AGL,CE,Federal Contract Tower,0,3,35,0,38,0,0,41,0,41,0,3,76,0,79,132,0,132,211
01/22/2000,UGN,IL,AGL,CE,Federal Contract Tower,0,2,16,0,18,0,1,0,0,1,0,3,16,0,19,46,0,46,65
01/23/2000,UGN,IL,AGL,CE,Federal Contract Tower,0,4,32,0,36,0,3,66,0,69,0,7,98,0,105,108,0,108,213
01/24/2000,UGN,IL,AGL,CE,Federal Contract Tower,0,3,26,0,29,0,0,42,0,42,0,3,68,0,71,158,0,158,229
01/25/2000,UGN,IL,AGL,CE,Federal Contract Tower,0,6,42,0,48,0,3,36,2,41,0,9,78,2,89,95,0,95,184
01/26/2000,UGN,IL,AGL,CE,Federal Contract Tower,0,5,39,0,44,0,4,47,0,51,0,9,86,0,95,81,0,81,176
01/27/2000,UGN,IL,AGL,CE,Federal Contract Tower,0,4,35,0,39,0,0,30,0,30,0,4,65,0,69,181,0,181,250
01/28/2000,UGN,IL,AGL,CE,Federal Contract Tower,0,4,34,0,38,0,1,67,2,70,0,5,101,2,108,247,0,247,355
01/29/2000,UGN,IL,AGL,CE,Federal Contract Tower,0,2,22,0,24,0,0,87,1,88,0,2,109,1,112,222,0,222,334
01/30/2000,UGN,IL,AGL,CE,Federal Contract Tower,0,1,10,0,11,0,2,0,2,4,0,3,10,2,15,0,0,0,15
01/31/2000,UGN,IL,AGL,CE,Federal Contract Tower,0,0,49,1,50,0,0,39,0,39,0,0,88,1,89,46,4,50,139
02/01/2000,UGN,IL,AGL,CE,Federal Contract Tower,0,2,30,0,32,0,0,68,2,70,0,2,98,2,102,153,2,155,257
02/02/2000,UGN,IL,AGL,CE,Federal Contract Tower,0,0,55,0,55,0,0,51,0,51,0,0,106,0,106,88,0,88,194
02/03/2000,UGN,IL,AGL,CE,Federal Contract Tower,0,5,45,0,50,0,0,18,0,18,0,5,63,0,68,38,0,38,106
02/04/2000,UGN,IL,AGL,CE,Federal Contract Tower,0,4,44,0,48,0,0,34,0,34,0,4,78,0,82,134,0,134,216
02/05/2000,UGN,IL,AGL,CE,Federal Contract Tower,0,3,15,0,18,0,1,109,0,110,0,4,124,0,128,159,0,159,287
02/06/2000,UGN,IL,AGL,CE,Federal Contract Tower,0,1,19,0,20,0,0,65,0,65,0,1,84,0,85,263,0,263,348
02/07/2000,UGN,IL,AGL,CE,Federal Contract Tower,0,3,32,1,36,0,0,58,1,59,0,3,90,2,95,166,0,166,261
02/08/2000,UGN,IL,AGL,CE,Federal Contract Tower,0,5,41,0,46,0,1,50,0,51,0,6,91,0,97,65,0,65,162
02/09/2000,UGN,IL,AGL,CE,Federal Contract Tower,0,4,32,0,36,0,2,101,0,103,0,6,133,0,139,218,0,218,357
02/10/2000,UGN,IL,AGL,CE,Federal Contract Tower,0,3,49,0,52,0,0,4,0,4,0,3,53,0,56,3,0,3,59
02/11/2000,UGN,IL,AGL,CE,Federal Contract Tower,0,5,45,0,50,0,3,84,0,87,0,8,129,0,137,201,0,201,338
02/12/2000,UGN,IL,AGL,CE,Federal Contract Tower,0,2,22,1,25,0,0,116,2,118,0,2,138,3,143,171,0,171,314
02/13/2000,UGN,IL,AGL,CE,Federal Contract Tower,0,2,18,0,20,0,0,1,0,1,0,2,19,0,21,0,0,0,21
02/14/2000,UGN,IL,AGL,CE,Federal Contract Tower,0,2,22,0,24,0,0,16,0,16,0,2,38,0,40,10,0,10,50
02/15/2000,UGN,IL,AGL,CE,Federal Contract Tower,0,2,23,0,25,0,0,26,2,28,0,2,49,2,53,129,6,135,188
02/16/2000,UGN,IL,AGL,CE,Federal Contract Tower,0,3,39,0,42,0,0,83,0,83,0,3,122,0,125,87,0,87,212
02/17/2000,UGN,IL,AGL,CE,Federal Contract Tower,0,5,44,0,49,0,3,42,0,45,0,8,86,0,94,147,0,147,241
02/18/2000,UGN,IL,AGL,CE,Federal Contract Tower,0,1,8,0,9,0,1,0,0,1,0,2,8,0,10,0,0,0,10
02/19/2000,UGN,IL,AGL,CE,Federal Contract Tower,0,6,48,0,54,0,2,19,0,21,0,8,67,0,75,44,0,44,119
02/20/2000,UGN,IL,AGL,CE,Federal Contract Tower,0,2,22,0,24,0,1,106,4,111,0,3,128,4,135,192,0,192,327
02/21/2000,UGN,IL,AGL,CE,Federal Contract Tower,0,5,40,0,45,0,5,95,0,100,0,10,135,0,145,142,0,142,287
02/22/2000,UGN,IL,AGL,CE,Federal Contract Tower,0,2,34,0,36,0,0,46,0,46,0,2,80,0,82,113,0,113,195
02/23/2000,UGN,IL,AGL,CE,Federal Contract Tower,0,1,29,0,30,0,0,52,0,52,0,1,81,0,82,84,0,84,166
02/24/2000,UGN,IL,AGL,CE,Federal Contract Tower,0,5,51,0,56,0,0,1,0,1,0,5,52,0,57,2,0,2,59
02/25/2000,UGN,IL,AGL,CE,Federal Contract Tower,0,4,37,0,41,0,2,13,0,15,0,6,50,0,56,26,0,26,82
02/26/2000,UGN,IL,AGL,CE,Federal Contract Tower,0,1,15,0,16,0,0,15,0,15,0,1,30,0,31,23,0,23,54
02/27/2000,UGN,IL,AGL,CE,Federal Contract Tower,0,2,20,0,22,0,1,76,0,77,0,3,96,0,99,132,0,132,231
02/28/2000,UGN,IL,AGL,CE,Federal Contract Tower,0,4,35,0,39,0,1,95,0,96,0,5,130,0,135,195,0,195,330
02/29/2000,UGN,IL,AGL,CE,Federal Contract Tower,0,4,35,0,39,0,5,34,0,39,0,9,69,0,78,37,0,37,115
03/01/2000,UGN,IL,AGL,CE,Federal Contract Tower,0,2,38,0,40,0,0,26,4,30,0,2,64,4,70,66,0,66,136
03/02/2000,UGN,IL,AGL,CE,Federal Contract Tower,0,5,53,1,59,0,0,84,1,85,0,5,137,2,144,240,0,240,384
03/03/2000,UGN,IL,AGL,CE,Federal Contract Tower,0,3,38,1,42,0,0,71,1,72,0,3,109,2,114,194,0,194,308
03/04/2000,UGN,IL,AGL,CE,Federal Contract Tower,0,0,15,0,15,0,0,118,0,118,0,0,133,0,133,293,0,293,426
03/05/2000,UGN,IL,AGL,CE,Federal Contract Tower,0,4,29,0,33,0,0,131,0,131,0,4,160,0,164,220,0,220,384
03/06/2000,UGN,IL,AGL,CE,Federal Contract Tower,0,4,31,0,35,0,0,80,0,80,0,4,111,0,115,139,0,139,254
03/07/2000,UGN,IL,AGL,CE,Federal Contract Tower,0,4,31,0,35,0,3,96,0,99,0,7,127,0,134,183,0,183,317
03/08/2000,UGN,IL,AGL,CE,Federal Contract Tower,0,6,45,0,51,0,7,49,0,56,0,13,94,0,107,69,0,69,176
03/09/2000,UGN,IL,AGL,CE,Federal Contract Tower,0,4,30,0,34,0,2,0,0,2,0,6,30,0,36,0,0,0,36
03/10/2000,UGN,IL,AGL,CE,Federal Contract Tower,0,5,38,1,44,0,0,16,0,16,0,5,54,1,60,50,0,50,110
03/11/2000,UGN,IL,AGL,CE,Federal Contract Tower,0,0,11,1,12,0,0,98,5,103,0,0,109,6,115,223,0,223,338
03/12/2000,UGN,IL,AGL,CE,Federal Contract Tower,0,2,27,1,30,0,0,133,0,133,0,2,160,1,163,271,0,271,434
03/13/2000,UGN,IL,AGL,CE,Federal Contract Tower,0,6,41,0,47,0,1,11,0,12,0,7,52,0,59,0,0,0,59
03/14/2000,UGN,IL,AGL,CE,Federal Contract Tower,0,4,33,1,38,0,4,90,1,95,0,8,123,2,133,294,0,294,427
03/15/2000,UGN,IL,AGL,CE,Federal Contract Tower,0,6,42,0,48,0,1,21,0,22,0,7,63,0,70,32,0,32,102
03/16/2000,UGN,IL,AGL,CE,Federal Contract Tower,0,5,37,1,43,0,0,66,3,69,0,5,103,4,112,196,4,200,312
03/17/2000,UGN,IL,AGL,CE,Federal Contract Tower,0,5,41,0,46,0,4,54,2,60,0,9,95,2,106,148,0,148,254
03/18/2000,UGN,IL,AGL,CE,Federal Contract Tower,0,2,17,0,19,0,3,90,1,94,0,5,107,1,113,198,0,198,311
03/19/2000,UGN,IL,AGL,CE,Federal Contract Tower,0,1,21,0,22,0,0,4,1,5,0,1,25,1,27,2,0,2,29
03/20/2000,UGN,IL,AGL,CE,Federal Contract Tower,0,6,41,0,47,0,0,2,0,2,0,6,43,0,49,0,0,0,49
03/21/2000,UGN,IL,AGL,CE,Federal Contract Tower,0,3,21,0,24,0,1,29,0,30,0,4,50,0,54,0,0,0,54
03/22/2000,UGN,IL,AGL,CE,Federal Contract Tower,0,3,38,0,41,0,0,41,0,41,0,3,79,0,82,122,0,122,204
03/23/2000,UGN,IL,AGL,CE,Federal Contract Tower,0,4,47,0,51,0,0,66,2,68,0,4,113,2,119,173,0,173,292
03/24/2000,UGN,IL,AGL,CE,Federal Contract Tower,0,7,49,0,56,0,1,18,4,23,0,8,67,4,79,20,0,20,99
03/25/2000,UGN,IL,AGL,CE,Federal Contract Tower,0,3,28,0,31,0,1,54,0,55,0,4,82,0,86,34,0,34,120
03/26/2000,UGN,IL,AGL,CE,Federal Contract Tower,0,1,19,0,20,0,0,121,0,121,0,1,140,0,141,253,0,253,394
03/27/2000,UGN,IL,AGL,CE,Federal Contract Tower,0,0,20,0,20,0,0,40,0,40,0,0,60,0,60,40,0,40,100
03/28/2000,UGN,IL,AGL,CE,Federal Contract Tower,0,0,31,0,31,0,0,28,0,28,0,0,59,0,59,38,0,38,97
03/29/2000,UGN,IL,AGL,CE,Federal Contract Tower,0,4,34,0,38,0,2,79,3,84,0,6,113,3,122,254,0,254,376
03/30/2000,UGN,IL,AGL,CE,Federal Contract Tower,0,3,33,0,36,0,0,86,0,86,0,3,119,0,122,137,0,137,259
03/31/2000,UGN,IL,AGL,CE,Federal Contract Tower,0,5,37,0,42,0,0,125,2,127,0,5,162,2,169,196,0,196,365
04/01/2000,UGN,IL,AGL,CE,Federal Contract Tower,0,3,26,1,30,0,5,92,1,98,0,8,118,2,128,208,0,208,336
04/02/2000,UGN,IL,AGL,CE,Federal Contract Tower,0,5,39,0,44,0,7,48,0,55,0,12,87,0,99,239,0,239,338
04/03/2000,UGN,IL,AGL,CE,Federal Contract Tower,0,8,51,0,59,0,5,39,0,44,0,13,90,0,103,91,0,91,194
04/04/2000,UGN,IL,AGL,CE,Federal Contract Tower,0,5,35,0,40,0,6,26,0,32,0,11,61,0,72,67,0,67,139
04/05/2000,UGN,IL,AGL,CE,Federal Contract Tower,0,6,42,0,48,0,2,66,0,68,0,8,108,0,116,113,0,113,229
04/06/2000,UGN,IL,AGL,CE,Federal Contract Tower,0,5,32,1,38,0,2,36,2,40,0,7,68,3,78,36,0,36,114
04/07/2000,UGN,IL,AGL,CE,Federal Contract Tower,0,2,23,1,26,0,0,7,4,11,0,2,30,5,37,3,0,3,40
04/08/2000,UGN,IL,AGL,CE,Federal Contract Tower,0,2,16,1,19,0,0,73,1,74,0,2,89,2,93,86,0,86,179
04/09/2000,UGN,IL,AGL,CE,Federal Contract Tower,0,4,21,1,26,0,1,108,1,110,0,5,129,2,136,156,0,156,292
04/10/2000,UGN,IL,AGL,CE,Federal Contract Tower,0,3,23,0,26,0,0,56,0,56,0,3,79,0,82,98,0,98,180
04/11/2000,UGN,IL,AGL,CE,Federal Contract Tower,0,4,34,0,38,0,0,3,0,3,0,4,37,0,41,13,0,13,54
04/12/2000,UGN,IL,AGL,CE,Federal Contract Tower,0,0,36,0,36,0,0,79,0,79,0,0,115,0,115,227,0,227,342
04/13/2000,UGN,IL,AGL,CE,Federal Contract Tower,0,6,38,2,46,0,0,55,0,55,0,6,93,2,101,141,0,141,242
04/14/2000,UGN,IL,AGL,CE,Federal Contract Tower,0,5,35,2,42,0,1,76,2,79,0,6,111,4,121,216,0,216,337
04/15/2000,UGN,IL,AGL,CE,Federal Contract Tower,0,2,33,0,35,0,0,58,2,60,0,2,91,2,95,155,0,155,250
04/16/2000,UGN,IL,AGL,CE,Federal Contract Tower,0,4,31,0,35,0,0,1,2,3,0,4,32,2,38,12,0,12,50
04/17/2000,UGN,IL,AGL,CE,Federal Contract Tower,0,0,29,0,29,0,0,5,0,5,0,0,34,0,34,0,0,0,34
04/18/2000,UGN,IL,AGL,CE,Federal Contract Tower,0,5,66,1,72,0,0,16,1,17,0,5,82,2,89,106,0,106,195
04/19/2000,UGN,IL,AGL,CE,Federal Contract Tower,0,3,23,0,26,0,0,0,1,1,0,3,23,1,27,1,0,1,28
04/20/2000,UGN,IL,AGL,CE,Federal Contract Tower,0,5,34,0,39,0,2,0,0,2,0,7,34,0,41,0,0,0,41
04/21/2000,UGN,IL,AGL,CE,Federal Contract Tower,0,3,34,0,37,0,0,33,0,33,0,3,67,0,70,36,0,36,106
04/22/2000,UGN,IL,AGL,CE,Federal Contract Tower,0,1,11,0,12,0,4,157,0,161,0,5,168,0,173,317,0,317,490
04/23/2000,UGN,IL,AGL,CE,Federal Contract Tower,0,1,11,0,12,0,2,25,0,27,0,3,36,0,39,206,0,206,245
04/24/2000,UGN,IL,AGL,CE,Federal Contract Tower,0,6,41,0,47,0,2,92,0,94,0,8,133,0,141,147,0,147,288
04/25/2000,UGN,IL,AGL,CE,Federal Contract Tower,0,5,40,0,45,0,0,101,0,101,0,5,141,0,146,292,0,292,438
04/26/2000,UGN,IL,AGL,CE,Federal Contract Tower,0,1,43,1,45,0,0,121,0,121,0,1,164,1,166,128,0,128,294
04/27/2000,UGN,IL,AGL,CE,Federal Contract Tower,0,4,38,1,43,0,0,88,3,91,0,4,126,4,134,227,0,227,361
04/28/2000,UGN,IL,AGL,CE,Federal Contract Tower,0,7,49,1,57,0,1,74,6,81,0,8,123,7,138,212,0,212,350
04/29/2000,UGN,IL,AGL,CE,Federal Contract Tower,0,6,33,0,39,0,2,88,0,90,0,8,121,0,129,196,0,196,325
04/30/2000,UGN,IL,AGL,CE,Federal Contract Tower,0,4,22,0,26,0,0,121,1,122,0,4,143,1,148,213,0,213,361
05/01/2000,UGN,IL,AGL,CE,Federal Contract Tower,0,8,54,0,62,0,3,37,0,40,0,11,91,0,102,108,0,108,210
05/02/2000,UGN,IL,AGL,CE,Federal Contract Tower,0,6,46,0,52,0,4,108,0,112,0,10,154,0,164,206,0,206,370
05/03/2000,UGN,IL,AGL,CE,Federal Contract Tower,0,7,52,0,59,0,5,113,0,118,0,12,165,0,177,205,0,205,382
05/04/2000,UGN,IL,AGL,CE,Federal Contract Tower,0,0,44,0,44,0,0,54,0,54,0,0,98,0,98,164,0,164,262
05/05/2000,UGN,IL,AGL,CE,Federal Contract Tower,0,2,37,1,40,0,0,86,3,89,0,2,123,4,129,129,0,129,258
05/06/2000,UGN,IL,AGL,CE,Federal Contract Tower,0,4,31,0,35,0,2,111,0,113,0,6,142,0,148,293,0,293,441
05/07/2000,UGN,IL,AGL,CE,Federal Contract Tower,0,2,30,0,32,0,0,35,0,35,0,2,65,0,67,122,0,122,189
05/08/2000,UGN,IL,AGL,CE,Federal Contract Tower,0,6,54,0,60,0,0,2,0,2,0,6,56,0,62,0,0,0,62
05/09/2000,UGN,IL,AGL,CE,Federal Contract Tower,0,2,52,0,54,0,0,10,0,10,0,2,62,0,64,53,0,53,117
05/10/2000,UGN,IL,AGL,CE,Federal Contract Tower,0,3,42,0,45,0,0,118,0,118,0,3,160,0,163,184,0,184,347
05/11/2000,UGN,IL,AGL,CE,Federal Contract Tower,0,7,58,1,66,0,1,11,3,15,0,8,69,4,81,38,0,38,119
05/12/2000,UGN,IL,AGL,CE,Federal Contract Tower,0,8,62,0,70,0,0,6,0,6,0,8,68,0,76,22,0,22,98
05/13/2000,UGN,IL,AGL,CE,Federal Contract Tower,0,2,15,0,17,0,0,64,0,64,0,2,79,0,81,46,0,46,127
05/14/2000,UGN,IL,AGL,CE,Federal Contract Tower,0,3,23,0,26,0,0,58,0,58,0,3,81,0,84,93,0,93,177
05/15/2000,UGN,IL,AGL,CE,Federal Contract Tower,0,2,46,0,48,0,0,99,4,103,0,2,145,4,151,214,0,214,365
05/16/2000,UGN,IL,AGL,CE,Federal Contract Tower,0,3,40,0,43,0,0,34,2,36,0,3,74,2,79,154,0,154,233
05/17/2000,UGN,IL,AGL,CE,Federal Contract Tower,0,1,52,0,53,0,0,10,0,10,0,1,62,0,63,20,0,20,83
05/18/2000,UGN,IL,AGL,CE,Federal Contract Tower,0,0,19,0,19,0,0,2,0,2,0,0,21,0,21,0,0,0,21
05/19/2000,UGN,IL,AGL,CE,Federal Contract Tower,0,8,71,0,79,0,0,16,0,16,0,8,87,0,95,62,0,62,157
05/20/2000,UGN,IL,AGL,CE,Federal Contract Tower,0,3,29,0,32,0,3,143,0,146,0,6,172,0,178,353,0,353,531
05/21/2000,UGN,IL,AGL,CE,Federal Contract Tower,0,3,30,0,33,0,2,119,0,121,0,5,149,0,154,275,0,275,429
05/22/2000,UGN,IL,AGL,CE,Federal Contract Tower,0,3,47,0,50,0,0,39,0,39,0,3,86,0,89,176,0,176,265
05/23/2000,UGN,IL,AGL,CE,Federal Contract Tower,0,6,48,0,54,0,6,73,0,79,0,12,121,0,133,258,0,258,391
05/24/2000,UGN,IL,AGL,CE,Federal Contract Tower,0,5,41,0,46,0,0,47,1,48,0,5,88,1,94,72,0,72,166
05/25/2000,UGN,IL,AGL,CE,Federal Contract Tower,0,6,52,0,58,0,1,81,6,88,0,7,133,6,146,131,2,133,279
05/26/2000,UGN,IL,AGL,CE,Federal Contract Tower,0,4,47,0,51,0,0,67,3,70,0,4,114,3,121,269,1,270,391
05/27/2000,UGN,IL,AGL,CE,Federal Contract Tower,0,0,9,0,9,0,0,0,0,0,0,0,9,0,9,0,0,0,9
05/28/2000,UGN,IL,AGL,CE,Federal Contract Tower,0,2,18,0,20,0,0,1,1,2,0,2,19,1,22,0,0,0,22
05/29/2000,UGN,IL,AGL,CE,Federal Contract Tower,0,3,25,0,28,0,1,118,4,123,0,4,143,4,151,266,18,284,435
05/30/2000,UGN,IL,AGL,CE,Federal Contract Tower,0,9,77,0,86,0,4,37,0,41,0,13,114,0,127,163,0,163,290
05/31/2000,UGN,IL,AGL,CE,Federal Contract Tower,0,6,58,0,64,0,0,1,0,1,0,6,59,0,65,0,0,0,65
06/01/2000,UGN,IL,AGL,CE,Federal Contract Tower,0,2,63,0,65,0,0,38,1,39,0,2,101,1,104,77,0,77,181
06/02/2000,UGN,IL,AGL,CE,Federal Contract Tower,0,4,34,0,38,0,0,90,4,94,0,4,124,4,132,179,4,183,315
06/03/2000,UGN,IL,AGL,CE,Federal Contract Tower,0,1,16,0,17,0,0,146,4,150,0,1,162,4,167,320,2,322,489
06/04/2000,UGN,IL,AGL,CE,Federal Contract Tower,0,3,29,1,33,0,2,68,0,70,0,5,97,1,103,216,6,222,325
06/05/2000,UGN,IL,AGL,CE,Federal Contract Tower,0,2,53,1,56,0,0,50,4,54,0,2,103,5,110,92,0,92,202
06/06/2000,UGN,IL,AGL,CE,Federal Contract Tower,0,4,33,1,38,0,2,140,1,143,0,6,173,2,181,265,0,265,446
06/07/2000,UGN,IL,AGL,CE,Federal Contract Tower,0,6,52,1,59,0,0,87,6,93,0,6,139,7,152,238,8,246,398
06/08/2000,UGN,IL,AGL,CE,Federal Contract Tower,0,4,35,1,40,0,2,98,0,100,0,6,133,1,140,218,0,218,358
06/09/2000,UGN,IL,AGL,CE,Federal Contract Tower,0,6,45,0,51,0,3,87,0,90,0,9,132,0,141,137,0,137,278
06/10/2000,UGN,IL,AGL,CE,Federal Contract Tower,0,1,13,1,15,0,2,88,2,92,0,3,101,3,107,74,0,74,181
06/11/2000,UGN,IL,AGL,CE,Federal Contract Tower,0,4,43,1,48,0,0,9,1,10,0,4,52,2,58,70,0,70,128
06/12/2000,UGN,IL,AGL,CE,Federal Contract Tower,0,5,43,1,49,0,0,0,0,0,0,5,43,1,49,7,0,7,56
06/13/2000,UGN,IL,AGL,CE,Federal Contract Tower,0,7,53,1,61,0,4,2,1,7,0,11,55,2,68,3,0,3,71
06/14/2000,UGN,IL,AGL,CE,Federal Contract Tower,0,6,51,1,58,0,3,43,2,48,0,9,94,3,106,75,0,75,181
06/15/2000,UGN,IL,AGL,CE,Federal Contract Tower,0,8,62,1,71,0,3,104,0,107,0,11,166,1,178,174,0,174,352
06/16/2000,UGN,IL,AGL,CE,Federal Contract Tower,0,4,48,1,53,0,0,63,0,63,0,4,111,1,116,113,0,113,229
06/17/2000,UGN,IL,AGL,CE,Federal Contract Tower,0,0,29,0,29,0,0,181,2,183,0,0,210,2,212,279,8,287,499
06/18/2000,UGN,IL,AGL,CE,Federal Contract Tower,0,2,23,0,25,0,8,114,6,128,0,10,137,6,153,194,0,194,347
06/19/2000,UGN,IL,AGL,CE,Federal Contract Tower,0,5,46,0,51,0,1,108,0,109,0,6,154,0,160,220,0,220,380
06/20/2000,UGN,IL,AGL,CE,Federal Contract Tower,0,0,39,0,39,0,0,18,1,19,0,0,57,1,58,56,0,56,114
06/21/2000,UGN,IL,AGL,CE,Federal Contract Tower,0,5,48,0,53,0,0,67,0,67,0,5,115,0,120,121,0,121,241
06/22/2000,UGN,IL,AGL,CE,Federal Contract Tower,0,2,42,0,44,0,0,79,1,80,0,2,121,1,124,196,0,196,320
06/23/2000,UGN,IL,AGL,CE,Federal Contract Tower,0,2,33,0,35,0,0,114,3,117,0,2,147,3,152,270,0,270,422
06/24/2000,UGN,IL,AGL,CE,Federal Contract Tower,0,2,23,0,25,0,7,29,3,39,0,9,52,3,64,171,0,171,235
06/25/2000,UGN,IL,AGL,CE,Federal Contract Tower,0,3,23,0,26,0,0,72,1,73,0,3,95,1,99,191,0,191,290
06/26/2000,UGN,IL,AGL,CE,Federal Contract Tower,0,5,55,0,60,0,0,87,2,89,0,5,142,2,149,218,0,218,367
06/27/2000,UGN,IL,AGL,CE,Federal Contract Tower,0,0,45,0,45,0,0,134,2,136,0,0,179,2,181,304,0,304,485
06/28/2000,UGN,IL,AGL,CE,Federal Contract Tower,0,2,30,0,32,0,0,73,2,75,0,2,103,2,107,153,0,153,260
06/29/2000,UGN,IL,AGL,CE,Federal Contract Tower,0,5,43,0,48,0,1,126,2,129,0,6,169,2,177,165,0,165,342
06/30/2000,UGN,IL,AGL,CE,Federal Contract Tower,0,7,56,0,63,0,2,113,2,117,0,9,169,2,180,148,0,148,328
07/01/2000,UGN,IL,AGL,CE,Federal Contract Tower,0,3,16,0,19,0,7,88,6,101,0,10,104,6,120,255,6,261,381
07/02/2000,UGN,IL,AGL,CE,Federal Contract Tower,0,3,16,0,19,0,0,53,2,55,0,3,69,2,74,260,0,260,334
07/03/2000,UGN,IL,AGL,CE,Federal Contract Tower,0,1,14,0,15,0,0,2,0,2,0,1,16,0,17,1,0,1,18
07/04/2000,UGN,IL,AGL,CE,Federal Contract Tower,0,1,12,0,13,0,0,57,4,61,0,1,69,4,74,150,2,152,226
07/05/2000,UGN,IL,AGL,CE,Federal Contract Tower,0,7,47,0,54,0,0,73,1,74,0,7,120,1,128,199,0,199,327
07/06/2000,UGN,IL,AGL,CE,Federal Contract Tower,0,4,53,0,57,0,0,77,3,80,0,4,130,3,137,209,0,209,346
07/07/2000,UGN,IL,AGL,CE,Federal Contract Tower,0,6,41,1,48,0,9,103,5,117,0,15,144,6,165,148,0,148,313
07/08/2000,UGN,IL,AGL,CE,Federal Contract Tower,0,4,26,0,30,0,4,82,0,86,0,8,108,0,116,157,0,157,273
07/09/2000,UGN,IL,AGL,CE,Federal Contract Tower,0,6,42,1,49,0,7,57,2,66,0,13,99,3,115,231,14,245,360
07/10/2000,UGN,IL,AGL,CE,Federal Contract Tower,0,5,51,1,57,0,0,10,1,11,0,5,61,2,68,54,0,54,122
07/11/2000,UGN,IL,AGL,CE,Federal Contract Tower,0,5,71,1,77,0,0,25,1,26,0,5,96,2,103,67,2,69,172
07/12/2000,UGN,IL,AGL,CE,Federal Contract Tower,0,5,53,1,59,0,0,118,0,118,0,5,171,1,177,293,0,293,470
07/13/2000,UGN,IL,AGL,CE,Federal Contract Tower,0,1,39,1,41,0,0,129,0,129,0,1,168,1,170,267,0,267,437
07/14/2000,UGN,IL,AGL,CE,Federal Contract Tower,0,1,35,1,37,0,0,103,1,104,0,1,138,2,141,246,0,246,387
07/15/2000,UGN,IL,AGL,CE,Federal Contract Tower,0,3,30,1,34,0,0,190,3,193,0,3,220,4,227,316,0,316,543
07/16/2000,UGN,IL,AGL,CE,Federal Contract Tower,0,6,36,0,42,0,3,100,0,103,0,9,136,0,145,252,0,252,397
07/17/2000,UGN,IL,AGL,CE,Federal Contract Tower,0,5,36,1,42,0,0,107,0,107,0,5,143,1,149,254,0,254,403
07/18/2000,UGN,IL,AGL,CE,Federal Contract Tower,0,6,36,0,42,0,0,90,0,90,0,6,126,0,132,299,0,299,431
07/19/2000,UGN,IL,AGL,CE,Federal Contract Tower,0,5,32,0,37,0,2,77,0,79,0,7,109,0,116,260,0,260,376
07/20/2000,UGN,IL,AGL,CE,Federal Contract Tower,0,6,67,0,73,0,0,93,2,95,0,6,160,2,168,213,0,213,381
07/21/2000,UGN,IL,AGL,CE,Federal Contract Tower,0,9,57,0,66,0,3,120,4,127,0,12,177,4,193,200,0,200,393
07/22/2000,UGN,IL,AGL,CE,Federal Contract Tower,0,3,21,0,24,0,2,121,2,125,0,5,142,2,149,233,6,239,388
07/23/2000,UGN,IL,AGL,CE,Federal Contract Tower,0,7,51,0,58,0,0,145,1,146,0,7,196,1,204,209,0,209,413
07/24/2000,UGN,IL,AGL,CE,Federal Contract Tower,0,5,35,0,40,0,2,96,0,98,0,7,131,0,138,252,0,252,390
07/25/2000,UGN,IL,AGL,CE,Federal Contract Tower,0,2,42,0,44,0,0,99,1,100,0,2,141,1,144,248,0,248,392
07/26/2000,UGN,IL,AGL,CE,Federal Contract Tower,0,2,42,0,44,0,0,112,0,112,0,2,154,0,156,159,0,159,315
07/27/2000,UGN,IL,AGL,CE,Federal Contract Tower,0,10,64,0,74,0,1,63,4,68,0,11,127,4,142,170,0,170,312
07/28/2000,UGN,IL,AGL,CE,Federal Contract Tower,0,6,42,0,48,0,3,61,2,66,0,9,103,2,114,120,0,120,234
07/29/2000,UGN,IL,AGL,CE,Federal Contract Tower,0,5,33,0,38,0,5,25,5,35,0,10,58,5,73,73,0,73,146
07/30/2000,UGN,IL,AGL,CE,Federal Contract Tower,0,4,29,0,33,0,0,0,1,1,0,4,29,1,34,0,0,0,34
07/31/2000,UGN,IL,AGL,CE,Federal Contract Tower,0,6,54,0,60,0,0,2,0,2,0,6,56,0,62,0,0,0,62
08/01/2000,UGN,IL,AGL,CE,Federal Contract Tower,0,5,40,1,46,0,0,61,2,63,0,5,101,3,109,268,0,268,377
08/02/2000,UGN,IL,AGL,CE,Federal Contract Tower,0,5,51,2,58,0,3,57,0,60,0,8,108,2,118,114,0,114,232
08/03/2000,UGN,IL,AGL,CE,Federal Contract Tower,0,5,52,1,58,0,2,114,0,116,0,7,166,1,174,276,0,276,450
08/04/2000,UGN,IL,AGL,CE,Federal Contract Tower,0,6,53,1,60,0,0,115,0,115,0,6,168,1,175,155,0,155,330
08/05/2000,UGN,IL,AGL,CE,Federal Contract Tower,0,2,23,1,26,0,0,68,3,71,0,2,91,4,97,92,30,122,219
08/06/2000,UGN,IL,AGL,CE,Federal Contract Tower,0,3,23,1,27,0,1,39,1,41,0,4,62,2,68,84,14,98,166
08/07/2000,UGN,IL,AGL,CE,Federal Contract Tower,0,4,34,1,39,0,0,79,0,79,0,4,113,1,118,204,0,204,322
08/08/2000,UGN,IL,AGL,CE,Federal Contract Tower,0,5,49,2,56,0,1,79,0,80,0,6,128,2,136,156,0,156,292
08/09/2000,UGN,IL,AGL,CE,Federal Contract Tower,0,4,45,1,50,0,0,103,1,104,0,4,148,2,154,259,0,259,413
08/10/2000,UGN,IL,AGL,CE,Federal Contract Tower,0,5,49,2,56,0,0,120,0,120,0,5,169,2,176,248,0,248,424
08/11/2000,UGN,IL,AGL,CE,Federal Contract Tower,0,2,31,1,34,0,0,121,2,123,0,2,152,3,157,211,0,211,368
08/12/2000,UGN,IL,AGL,CE,Federal Contract Tower,0,2,21,1,24,0,2,121,5,128,0,4,142,6,152,192,0,192,344
08/13/2000,UGN,IL,AGL,CE,Federal Contract Tower,0,2,31,1,34,0,0,88,2,90,0,2,119,3,124,145,23,168,292
08/14/2000,UGN,IL,AGL,CE,Federal Contract Tower,0,5,45,1,51,0,1,61,0,62,0,6,106,1,113,167,0,167,280
08/15/2000,UGN,IL,AGL,CE,Federal Contract Tower,0,4,61,2,67,0,0,75,4,79,0,4,136,6,146,285,0,285,431
08/16/2000,UGN,IL,AGL,CE,Federal Contract Tower,0,2,33,0,35,0,0,131,1,132,0,2,164,1,167,351,0,351,518
08/17/2000,UGN,IL,AGL,CE,Federal Contract Tower,0,5,50,1,56,0,2,25,2,29,0,7,75,3,85,136,18,154,239
08/18/2000,UGN,IL,AGL,CE,Federal Contract Tower,0,2,48,0,50,0,0,106,5,111,0,2,154,5,161,289,0,289,450
08/19/2000,UGN,IL,AGL,CE,Federal Contract Tower,0,4,33,0,37,0,6,135,2,143,0,10,168,2,180,258,12,270,450
08/20/2000,UGN,IL,AGL,CE,Federal Contract Tower,0,4,37,0,41,0,0,116,6,122,0,4,153,6,163,155,0,155,318
08/21/2000,UGN,IL,AGL,CE,Federal Contract Tower,0,2,45,0,47,0,0,91,0,91,0,2,136,0,138,175,0,175,313
08/22/2000,UGN,IL,AGL,CE,Federal Contract Tower,0,5,41,0,46,0,2,37,3,42,0,7,78,3,88,189,0,189,277
08/23/2000,UGN,IL,AGL,CE,Federal Contract Tower,0,2,53,1,56,0,0,24,1,25,0,2,77,2,81,34,2,36,117
08/24/2000,UGN,IL,AGL,CE,Federal Contract Tower,0,6,57,1,64,0,4,85,3,92,0,10,142,4,156,258,0,258,414
08/25/2000,UGN,IL,AGL,CE,Federal Contract Tower,0,4,39,0,43,0,2,101,1,104,0,6,140,1,147,158,0,158,305
08/26/2000,UGN,IL,AGL,CE,Federal Contract Tower,0,2,19,0,21,0,0,52,1,53,0,2,71,1,74,215,26,241,315
08/27/2000,UGN,IL,AGL,CE,Federal Contract Tower,0,5,44,0,49,0,8,84,3,95,0,13,128,3,144,324,0,324,468
08/28/2000,UGN,IL,AGL,CE,Federal Contract Tower,0,4,69,1,74,0,0,37,0,37,0,4,106,1,111,88,0,88,199
08/29/2000,UGN,IL,AGL,CE,Federal Contract Tower,0,1,67,1,69,0,0,17,2,19,0,1,84,3,88,125,0,125,213
08/30/2000,UGN,IL,AGL,CE,Federal Contract Tower,0,2,53,0,55,0,0,11,0,11,0,2,64,0,66,152,0,152,218
08/31/2000,UGN,IL,AGL,CE,Federal Contract Tower,0,5,67,1,73,0,0,89,1,90,0,5,156,2,163,178,10,188,351
09/01/2000,UGN,IL,AGL,CE,Federal Contract Tower,0,5,24,0,29,0,1,93,3,97,0,6,117,3,126,173,0,173,299
09/02/2000,UGN,IL,AGL,CE,Federal Contract Tower,0,5,24,0,29,0,0,95,0,95,0,5,119,0,124,226,0,226,350
09/03/2000,UGN,IL,AGL,CE,Federal Contract Tower,0,4,16,0,20,0,0,46,1,47,0,4,62,1,67,118,0,118,185
09/04/2000,UGN,IL,AGL,CE,Federal Contract Tower,0,3,28,1,32,0,0,25,2,27,0,3,53,3,59,58,0,58,117
09/05/2000,UGN,IL,AGL,CE,Federal Contract Tower,0,6,43,2,51,0,0,72,2,74,0,6,115,4,125,206,0,206,331
09/06/2000,UGN,IL,AGL,CE,Federal Contract Tower,0,1,33,1,35,0,0,112,0,112,0,1,145,1,147,189,0,189,336
09/07/2000,UGN,IL,AGL,CE,Federal Contract Tower,0,7,45,0,52,0,0,82,0,82,0,7,127,0,134,180,0,180,314
09/08/2000,UGN,IL,AGL,CE,Federal Contract Tower,0,10,67,3,80,0,0,42,5,47,0,10,109,8,127,141,0,141,268
09/09/2000,UGN,IL,AGL,CE,Federal Contract Tower,0,4,32,2,38,0,0,81,3,84,0,4,113,5,122,187,0,187,309
09/10/2000,UGN,IL,AGL,CE,Federal Contract Tower,0,5,44,2,51,0,0,74,4,78,0,5,118,6,129,278,0,278,407
09/11/2000,UGN,IL,AGL,CE,Federal Contract Tower,0,5,36,0,41,0,1,17,0,18,0,6,53,0,59,0,0,0,59
09/12/2000,UGN,IL,AGL,CE,Federal Contract Tower,0,7,46,2,55,0,5,108,0,113,0,12,154,2,168,237,0,237,405
09/13/2000,UGN,IL,AGL,CE,Federal Contract Tower,0,7,45,2,54,0,2,118,2,122,0,9,163,4,176,301,0,301,477
09/14/2000,UGN,IL,AGL,CE,Federal Contract Tower,0,0,39,0,39,0,0,57,0,57,0,0,96,0,96,176,0,176,272
09/15/2000,UGN,IL,AGL,CE,Federal Contract Tower,0,3,29,0,32,0,0,100,0,100,0,3,129,0,132,245,0,245,377
09/16/2000,UGN,IL,AGL,CE,Federal Contract Tower,0,2,12,1,15,0,0,144,1,145,0,2,156,2,160,253,0,253,413
09/17/2000,UGN,IL,AGL,CE,Federal Contract Tower,0,4,36,0,40,0,0,157,0,157,0,4,193,0,197,298,0,298,495
09/18/2000,UGN,IL,AGL,CE,Federal Contract Tower,0,5,35,1,41,0,3,96,0,99,0,8,131,1,140,200,0,200,340
09/19/2000,UGN,IL,AGL,CE,Federal Contract Tower,0,3,28,0,31,0,0,51,0,51,0,3,79,0,82,119,0,119,201
09/20/2000,UGN,IL,AGL,CE,Federal Contract Tower,0,1,28,0,29,0,0,26,1,27,0,1,54,1,56,129,0,129,185
09/21/2000,UGN,IL,AGL,CE,Federal Contract Tower,0,4,38,1,43,0,0,98,2,100,0,4,136,3,143,275,0,275,418
09/22/2000,UGN,IL,AGL,CE,Federal Contract Tower,0,6,32,0,38,0,1,31,0,32,0,7,63,0,70,48,0,48,118
09/23/2000,UGN,IL,AGL,CE,Federal Contract Tower,0,4,25,0,29,0,0,1,0,1,0,4,26,0,30,18,0,18,48
09/24/2000,UGN,IL,AGL,CE,Federal Contract Tower,0,7,44,1,52,0,0,46,1,47,0,7,90,2,99,136,0,136,235
09/25/2000,UGN,IL,AGL,CE,Federal Contract Tower,0,1,39,0,40,0,0,80,0,80,0,1,119,0,120,209,0,209,329
09/26/2000,UGN,IL,AGL,CE,Federal Contract Tower,0,5,37,1,43,0,7,101,2,110,0,12,138,3,153,160,0,160,313
09/27/2000,UGN,IL,AGL,CE,Federal Contract Tower,0,5,42,1,48,0,0,84,0,84,0,5,126,1,132,201,0,201,333
09/28/2000,UGN,IL,AGL,CE,Federal Contract Tower,0,7,56,1,64,0,0,112,1,113,0,7,168,2,177,164,0,164,341
09/29/2000,UGN,IL,AGL,CE,Federal Contract Tower,0,3,43,1,47,0,0,108,1,109,0,3,151,2,156,287,0,287,443
09/30/2000,UGN,IL,AGL,CE,Federal Contract Tower,0,2,15,0,17,0,2,117,0,119,0,4,132,0,136,206,0,206,342
10/01/2000,UGN,IL,AGL,CE,Federal Contract Tower,0,3,27,0,30,0,3,99,0,102,0,6,126,0,132,128,0,128,260
10/02/2000,UGN,IL,AGL,CE,Federal Contract Tower,0,5,44,0,49,0,0,60,0,60,0,5,104,0,109,214,0,214,323
10/03/2000,UGN,IL,AGL,CE,Federal Contract Tower,0,4,50,1,55,0,0,79,0,79,0,4,129,1,134,218,0,218,352
10/04/2000,UGN,IL,AGL,CE,Federal Contract Tower,0,4,40,1,45,0,1,85,0,86,0,5,125,1,131,185,0,185,316
10/05/2000,UGN,IL,AGL,CE,Federal Contract Tower,0,5,48,0,53,0,0,33,0,33,0,5,81,0,86,108,0,108,194
10/06/2000,UGN,IL,AGL,CE,Federal Contract Tower,0,4,44,0,48,0,0,56,0,56,0,4,100,0,104,66,0,66,170
10/07/2000,UGN,IL,AGL,CE,Federal Contract Tower,0,2,20,0,22,0,2,117,0,119,0,4,137,0,141,237,0,237,378
10/08/2000,UGN,IL,AGL,CE,Federal Contract Tower,0,2,20,0,22,0,1,99,0,100,0,3,119,0,122,234,0,234,356
10/09/2000,UGN,IL,AGL,CE,Federal Contract Tower,0,4,40,0,44,0,3,91,0,94,0,7,131,0,138,152,0,152,290
10/10/2000,UGN,IL,AGL,CE,Federal Contract Tower,0,4,33,1,38,0,1,92,1,94,0,5,125,2,132,240,0,240,372
10/11/2000,UGN,IL,AGL,CE,Federal Contract Tower,0,4,47,0,51,0,0,99,0,99,0,4,146,0,150,270,0,270,420
10/12/2000,UGN,IL,AGL,CE,Federal Contract Tower,0,5,46,0,51,0,1,83,0,84,0,6,129,0,135,217,0,217,352
10/13/2000,UGN,IL,AGL,CE,Federal Contract Tower,0,4,38,1,43,0,4,109,1,114,0,8,147,2,157,154,0,154,311
10/14/2000,UGN,IL,AGL,CE,Federal Contract Tower,0,2,18,1,21,0,1,118,1,120,0,3,136,2,141,276,0,276,417
10/15/2000,UGN,IL,AGL,CE,Federal Contract Tower,0,5,48,1,54,0,0,5,1,6,0,5,53,2,60,22,0,22,82
10/16/2000,UGN,IL,AGL,CE,Federal Contract Tower,0,4,39,0,43,0,1,50,0,51,0,5,89,0,94,161,0,161,255
10/17/2000,UGN,IL,AGL,CE,Federal Contract Tower,0,3,43,0,46,0,0,63,0,63,0,3,106,0,109,239,0,239,348
10/18/2000,UGN,IL,AGL,CE,Federal Contract Tower,0,4,35,0,39,0,1,104,0,105,0,5,139,0,144,257,0,257,401
10/19/2000,UGN,IL,AGL,CE,Federal Contract Tower,0,6,54,0,60,0,1,105,2,108,0,7,159,2,168,134,0,134,302
10/20/2000,UGN,IL,AGL,CE,Federal Contract Tower,0,1,31,0,32,0,0,99,0,99,0,1,130,0,131,226,0,226,357
10/21/2000,UGN,IL,AGL,CE,Federal Contract Tower,0,2,19,0,21,0,1,169,0,170,0,3,188,0,191,270,0,270,461
10/22/2000,UGN,IL,AGL,CE,Federal Contract Tower,0,2,25,0,27,0,3,125,0,128,0,5,150,0,155,307,0,307,462
10/23/2000,UGN,IL,AGL,CE,Federal Contract Tower,0,4,46,0,50,0,0,0,0,0,0,4,46,0,50,0,0,0,50
10/24/2000,UGN,IL,AGL,CE,Federal Contract Tower,0,1,31,0,32,0,0,2,0,2,0,1,33,0,34,2,0,2,36
10/25/2000,UGN,IL,AGL,CE,Federal Contract Tower,0,1,20,0,21,0,0,0,1,1,0,1,20,1,22,0,0,0,22
10/26/2000,UGN,IL,AGL,CE,Federal Contract Tower,0,2,74,1,77,0,0,46,0,46,0,2,120,1,123,186,0,186,309
10/27/2000,UGN,IL,AGL,CE,Federal Contract Tower,0,6,54,0,60,0,0,123,0,123,0,6,177,0,183,148,0,148,331
10/28/2000,UGN,IL,AGL,CE,Federal Contract Tower,0,1,14,0,15,0,0,106,0,106,0,1,120,0,121,283,0,283,404
10/29/2000,UGN,IL,AGL,CE,Federal Contract Tower,0,3,33,0,36,0,3,128,1,132,0,6,161,1,168,267,0,267,435
10/30/2000,UGN,IL,AGL,CE,Federal Contract Tower,0,6,67,1,74,0,0,96,3,99,0,6,163,4,173,225,0,225,398
10/31/2000,UGN,IL,AGL,CE,Federal Contract Tower,0,1,49,0,50,0,0,100,0,100,0,1,149,0,150,207,0,207,357
11/01/2000,UGN,IL,AGL,CE,Federal Contract Tower,0,4,29,0,33,0,0,88,0,88,0,4,117,0,121,257,0,257,378
11/02/2000,UGN,IL,AGL,CE,Federal Contract Tower,0,9,52,0,61,0,5,59,0,64,0,14,111,0,125,142,4,146,271
11/03/2000,UGN,IL,AGL,CE,Federal Contract Tower,0,6,34,0,40,0,4,84,0,88,0,10,118,0,128,158,0,158,286
11/04/2000,UGN,IL,AGL,CE,Federal Contract Tower,0,3,29,0,32,0,0,200,0,200,0,3,229,0,232,329,0,329,561
11/05/2000,UGN,IL,AGL,CE,Federal Contract Tower,0,5,26,0,31,0,2,159,0,161,0,7,185,0,192,352,0,352,544
11/06/2000,UGN,IL,AGL,CE,Federal Contract Tower,0,6,37,0,43,0,0,14,0,14,0,6,51,0,57,129,0,129,186
11/07/2000,UGN,IL,AGL,CE,Federal Contract Tower,0,2,44,0,46,0,0,27,0,27,0,2,71,0,73,143,0,143,216
11/08/2000,UGN,IL,AGL,CE,Federal Contract Tower,0,2,30,0,32,0,0,99,2,101,0,2,129,2,133,260,0,260,393
11/09/2000,UGN,IL,AGL,CE,Federal Contract Tower,0,9,50,0,59,0,0,0,0,0,0,9,50,0,59,2,0,2,61
11/10/2000,UGN,IL,AGL,CE,Federal Contract Tower,0,3,46,0,49,0,0,83,0,83,0,3,129,0,132,168,0,168,300
11/11/2000,UGN,IL,AGL,CE,Federal Contract Tower,0,4,19,0,23,0,0,159,0,159,0,4,178,0,182,219,0,219,401
11/12/2000,UGN,IL,AGL,CE,Federal Contract Tower,0,6,31,0,37,0,1,48,0,49,0,7,79,0,86,237,0,237,323
11/13/2000,UGN,IL,AGL,CE,Federal Contract Tower,0,8,41,0,49,0,0,20,0,20,0,8,61,0,69,202,0,202,271
11/14/2000,UGN,IL,AGL,CE,Federal Contract Tower,0,2,34,0,36,0,0,15,0,15,0,2,49,0,51,56,0,56,107
11/15/2000,UGN,IL,AGL,CE,Federal Contract Tower,0,3,31,0,34,0,0,86,0,86,0,3,117,0,120,258,0,258,378
11/16/2000,UGN,IL,AGL,CE,Federal Contract Tower,0,11,58,0,69,0,2,3,1,6,0,13,61,1,75,8,0,8,83
11/17/2000,UGN,IL,AGL,CE,Federal Contract Tower,0,10,57,0,67,0,0,55,0,55,0,10,112,0,122,131,0,131,253
11/18/2000,UGN,IL,AGL,CE,Federal Contract Tower,0,1,24,0,25,0,0,103,0,103,0,1,127,0,128,178,0,178,306
11/19/2000,UGN,IL,AGL,CE,Federal Contract Tower,0,4,27,0,31,0,2,63,0,65,0,6,90,0,96,158,0,158,254
11/20/2000,UGN,IL,AGL,CE,Federal Contract Tower,0,6,37,0,43,0,1,15,1,17,0,7,52,1,60,198,0,198,258
11/21/2000,UGN,IL,AGL,CE,Federal Contract Tower,0,9,55,0,64,0,2,57,2,61,0,11,112,2,125,199,0,199,324
11/22/2000,UGN,IL,AGL,CE,Federal Contract Tower,0,7,45,0,52,0,2,68,0,70,0,9,113,0,122,232,0,232,354
11/23/2000,UGN,IL,AGL,CE,Federal Contract Tower,0,2,13,0,15,0,3,31,0,34,0,5,44,0,49,170,0,170,219
11/24/2000,UGN,IL,AGL,CE,Federal Contract Tower,0,3,30,0,33,0,0,121,2,123,0,3,151,2,156,235,0,235,391
11/25/2000,UGN,IL,AGL,CE,Federal Contract Tower,0,3,23,0,26,0,3,69,0,72,0,6,92,0,98,210,0,210,308
11/26/2000,UGN,IL,AGL,CE,Federal Contract Tower,0,5,32,0,37,0,4,0,2,6,0,9,32,2,43,0,0,0,43
11/27/2000,UGN,IL,AGL,CE,Federal Contract Tower,0,9,56,0,65,0,3,0,1,4,0,12,56,1,69,2,0,2,71
11/28/2000,UGN,IL,AGL,CE,Federal Contract Tower,0,1,35,0,36,0,0,41,2,43,0,1,76,2,79,172,4,176,255
11/29/2000,UGN,IL,AGL,CE,Federal Contract Tower,0,5,34,0,39,0,2,6,0,8,0,7,40,0,47,37,0,37,84
11/30/2000,UGN,IL,AGL,CE,Federal Contract Tower,0,5,46,0,51,0,0,6,0,6,0,5,52,0,57,18,0,18,75
12/01/2000,UGN,IL,AGL,CE,Federal Contract Tower,0,10,46,0,56,0,0,18,0,18,0,10,64,0,74,73,0,73,147
12/02/2000,UGN,IL,AGL,CE,Federal Contract Tower,0,3,11,0,14,0,0,43,0,43,0,3,54,0,57,119,0,119,176
12/03/2000,UGN,IL,AGL,CE,Federal Contract Tower,0,5,17,0,22,0,0,159,0,159,0,5,176,0,181,193,0,193,374
12/04/2000,UGN,IL,AGL,CE,Federal Contract Tower,0,6,33,0,39,0,0,35,0,35,0,6,68,0,74,76,0,76,150
12/05/2000,UGN,IL,AGL,CE,Federal Contract Tower,0,9,39,1,49,0,2,37,0,39,0,11,76,1,88,82,0,82,170
12/06/2000,UGN,IL,AGL,CE,Federal Contract Tower,0,8,34,1,43,0,0,39,2,41,0,8,73,3,84,66,0,66,150
12/07/2000,UGN,IL,AGL,CE,Federal Contract Tower,0,9,38,1,48,0,0,0,0,0,0,9,38,1,48,0,0,0,48
12/08/2000,UGN,IL,AGL,CE,Federal Contract Tower,0,3,33,0,36,0,0,64,0,64,0,3,97,0,100,174,0,174,274
12/09/2000,UGN,IL,AGL,CE,Federal Contract Tower,0,0,12,0,12,0,0,106,0,106,0,0,118,0,118,184,0,184,302
12/10/2000,UGN,IL,AGL,CE,Federal Contract Tower,0,5,33,1,39,0,0,3,0,3,0,5,36,1,42,35,0,35,77
12/11/2000,UGN,IL,AGL,CE,Federal Contract Tower,0,0,8,0,8,0,0,2,0,2,0,0,10,0,10,0,0,0,10
12/12/2000,UGN,IL,AGL,CE,Federal Contract Tower,0,1,8,0,9,0,9,50,0,59,0,10,58,0,68,0,0,0,68
12/13/2000,UGN,IL,AGL,CE,Federal Contract Tower,0,5,25,1,31,0,0,1,1,2,0,5,26,2,33,21,0,21,54
12/14/2000,UGN,IL,AGL,CE,Federal Contract Tower,0,7,44,1,52,0,0,25,0,25,0,7,69,1,77,69,0,69,146
12/15/2000,UGN,IL,AGL,CE,Federal Contract Tower,0,4,30,1,35,0,0,3,0,3,0,4,33,1,38,0,0,0,38
12/16/2000,UGN,IL,AGL,CE,Federal Contract Tower,0,3,15,0,18,0,0,1,0,1,0,3,16,0,19,0,0,0,19
12/17/2000,UGN,IL,AGL,CE,Federal Contract Tower,0,2,16,0,18,0,0,26,0,26,0,2,42,0,44,22,0,22,66
12/18/2000,UGN,IL,AGL,CE,Federal Contract Tower,0,3,39,0,42,0,0,10,0,10,0,3,49,0,52,10,0,10,62
12/19/2000,UGN,IL,AGL,CE,Federal Contract Tower,0,5,39,0,44,0,0,54,0,54,0,5,93,0,98,132,0,132,230
12/20/2000,UGN,IL,AGL,CE,Federal Contract Tower,0,7,33,0,40,0,0,30,0,30,0,7,63,0,70,48,0,48,118
12/21/2000,UGN,IL,AGL,CE,Federal Contract Tower,0,5,25,0,30,0,0,15,0,15,0,5,40,0,45,2,0,2,47
12/22/2000,UGN,IL,AGL,CE,Federal Contract Tower,0,4,32,0,36,0,0,32,0,32,0,4,64,0,68,15,0,15,83
12/23/2000,UGN,IL,AGL,CE,Federal Contract Tower,0,2,19,0,21,0,0,14,0,14,0,2,33,0,35,33,0,33,68
12/24/2000,UGN,IL,AGL,CE,Federal Contract Tower,0,0,5,0,5,0,0,18,0,18,0,0,23,0,23,14,0,14,37
12/25/2000,UGN,IL,AGL,CE,Federal Contract Tower,0,1,9,0,10,0,7,0,0,7,0,8,9,0,17,14,0,14,31
12/26/2000,UGN,IL,AGL,CE,Federal Contract Tower,0,9,42,0,51,0,5,27,2,34,0,14,69,2,85,120,0,120,205
12/27/2000,UGN,IL,AGL,CE,Federal Contract Tower,0,4,25,0,29,0,0,33,0,33,0,4,58,0,62,148,0,148,210
12/28/2000,UGN,IL,AGL,CE,Federal Contract Tower,0,5,24,0,29,0,4,8,1,13,0,9,32,1,42,16,0,16,58
12/29/2000,UGN,IL,AGL,CE,Federal Contract Tower,0,3,15,0,18,0,1,0,0,1,0,4,15,0,19,0,0,0,19
12/30/2000,UGN,IL,AGL,CE,Federal Contract Tower,0,2,14,0,16,0,0,1,0,1,0,2,15,0,17,0,0,0,17
12/31/2000,UGN,IL,AGL,CE,Federal Contract Tower,0,1,5,0,6,0,2,33,0,35,0,3,38,0,41,150,0,150,191
01/01/2001,UGN,IL,AGL,CE,Federal Contract Tower,0,3,17,0,20,0,2,49,0,51,0,5,66,0,71,52,0,52,123
01/02/2001,UGN,IL,AGL,CE,Federal Contract Tower,0,6,39,0,45,0,2,85,0,87,0,8,124,0,132,153,0,153,285
01/03/2001,UGN,IL,AGL,CE,Federal Contract Tower,0,4,23,1,28,0,1,0,2,3,0,5,23,3,31,0,0,0,31
01/04/2001,UGN,IL,AGL,CE,Federal Contract Tower,0,5,37,2,44,0,0,14,1,15,0,5,51,3,59,58,0,58,117
01/05/2001,UGN,IL,AGL,CE,Federal Contract Tower,0,5,39,2,46,0,1,52,2,55,0,6,91,4,101,105,8,113,214
01/06/2001,UGN,IL,AGL,CE,Federal Contract Tower,0,2,15,1,18,0,3,127,1,131,0,5,142,2,149,202,0,202,351
01/07/2001,UGN,IL,AGL,CE,Federal Contract Tower,0,4,28,1,33,0,4,79,1,84,0,8,107,2,117,185,10,195,312
01/08/2001,UGN,IL,AGL,CE,Federal Contract Tower,0,4,32,1,37,0,0,65,5,70,0,4,97,6,107,151,2,153,260
01/09/2001,UGN,IL,AGL,CE,Federal Contract Tower,0,3,37,2,42,0,0,70,0,70,0,3,107,2,112,191,0,191,303
01/10/2001,UGN,IL,AGL,CE,Federal Contract Tower,0,5,30,1,36,0,0,82,3,85,0,5,112,4,121,218,6,224,345
01/11/2001,UGN,IL,AGL,CE,Federal Contract Tower,0,6,46,2,54,0,4,80,0,84,0,10,126,2,138,215,4,219,357
01/12/2001,UGN,IL,AGL,CE,Federal Contract Tower,0,2,36,0,38,0,0,2,0,2,0,2,38,0,40,36,0,36,76
01/13/2001,UGN,IL,AGL,CE,Federal Contract Tower,0,3,15,0,18,0,2,0,0,2,0,5,15,0,20,8,0,8,28
01/14/2001,UGN,IL,AGL,CE,Federal Contract Tower,0,1,8,0,9,0,0,1,0,1,0,1,9,0,10,0,0,0,10
01/15/2001,UGN,IL,AGL,CE,Federal Contract Tower,0,5,37,0,42,0,0,16,0,16,0,5,53,0,58,6,0,6,64
01/16/2001,UGN,IL,AGL,CE,Federal Contract Tower,0,3,42,0,45,0,0,7,0,7,0,3,49,0,52,0,0,0,52
01/17/2001,UGN,IL,AGL,CE,Federal Contract Tower,0,1,39,0,40,0,0,47,0,47,0,1,86,0,87,194,0,194,281
01/18/2001,UGN,IL,AGL,CE,Federal Contract Tower,0,5,40,1,46,0,0,83,1,84,0,5,123,2,130,193,0,193,323
01/19/2001,UGN,IL,AGL,CE,Federal Contract Tower,0,6,43,1,50,0,2,25,1,28,0,8,68,2,78,120,0,120,198
01/20/2001,UGN,IL,AGL,CE,Federal Contract Tower,0,3,18,0,21,0,1,99,0,100,0,4,117,0,121,214,0,214,335
01/21/2001,UGN,IL,AGL,CE,Federal Contract Tower,0,3,19,0,22,0,1,108,0,109,0,4,127,0,131,272,0,272,403
01/22/2001,UGN,IL,AGL,CE,Federal Contract Tower,0,4,30,0,34,0,0,49,2,51,0,4,79,2,85,117,0,117,202
01/23/2001,UGN,IL,AGL,CE,Federal Contract Tower,0,3,54,1,58,0,0,32,1,33,0,3,86,2,91,64,0,64,155
01/24/2001,UGN,IL,AGL,CE,Federal Contract Tower,0,1,37,1,39,0,0,50,1,51,0,1,87,2,90,114,0,114,204
01/25/2001,UGN,IL,AGL,CE,Federal Contract Tower,0,6,43,1,50,0,2,63,1,66,0,8,106,2,116,232,0,232,348
01/26/2001,UGN,IL,AGL,CE,Federal Contract Tower,0,5,34,0,39,0,1,0,2,3,0,6,34,2,42,0,0,0,42
01/27/2001,UGN,IL,AGL,CE,Federal Contract Tower,0,3,20,0,23,0,1,151,0,152,0,4,171,0,175,213,0,213,388
01/28/2001,UGN,IL,AGL,CE,Federal Contract Tower,0,3,23,0,26,0,2,103,0,105,0,5,126,0,131,292,0,292,423
01/29/2001,UGN,IL,AGL,CE,Federal Contract Tower,0,0,28,0,28,0,0,4,0,4,0,0,32,0,32,0,0,0,32
01/30/2001,UGN,IL,AGL,CE,Federal Contract Tower,0,2,33,0,35,0,0,3,0,3,0,2,36,0,38,0,0,0,38
01/31/2001,UGN,IL,AGL,CE,Federal Contract Tower,0,3,38,1,42,0,0,13,2,15,0,3,51,3,57,85,0,85,142
02/01/2001,UGN,IL,AGL,CE,Federal Contract Tower,0,6,5,1,12,0,0,0,0,0,0,6,5,1,12,181,0,181,193
02/02/2001,UGN,IL,AGL,CE,Federal Contract Tower,0,3,36,1,40,0,0,55,1,56,0,3,91,2,96,104,0,104,200
02/03/2001,UGN,IL,AGL,CE,Federal Contract Tower,0,3,21,0,24,0,1,89,0,90,0,4,110,0,114,272,0,272,386
02/04/2001,UGN,IL,AGL,CE,Federal Contract Tower,0,2,19,1,22,0,1,7,1,9,0,3,26,2,31,236,0,236,267
02/05/2001,UGN,IL,AGL,CE,Federal Contract Tower,0,6,52,1,59,0,0,36,1,37,0,6,88,2,96,107,0,107,203
02/06/2001,UGN,IL,AGL,CE,Federal Contract Tower,0,3,39,1,43,0,0,35,1,36,0,3,74,2,79,112,0,112,191
02/07/2001,UGN,IL,AGL,CE,Federal Contract Tower,0,9,63,0,72,0,0,5,0,5,0,9,68,0,77,0,0,0,77
02/08/2001,UGN,IL,AGL,CE,Federal Contract Tower,0,4,24,1,29,0,3,0,1,4,0,7,24,2,33,0,0,0,33
02/09/2001,UGN,IL,AGL,CE,Federal Contract Tower,0,2,29,1,32,0,0,2,0,2,0,2,31,1,34,0,0,0,34
02/10/2001,UGN,IL,AGL,CE,Federal Contract Tower,0,1,17,1,19,0,0,125,0,125,0,1,142,1,144,162,0,162,306
02/11/2001,UGN,IL,AGL,CE,Federal Contract Tower,0,0,20,0,20,0,0,102,0,102,0,0,122,0,122,237,0,237,359
02/12/2001,UGN,IL,AGL,CE,Federal Contract Tower,0,7,53,0,60,0,1,54,0,55,0,8,107,0,115,166,0,166,281
02/13/2001,UGN,IL,AGL,CE,Federal Contract Tower,0,1,37,0,38,0,0,14,0,14,0,1,51,0,52,107,0,107,159
02/14/2001,UGN,IL,AGL,CE,Federal Contract Tower,0,6,42,1,49,0,0,0,1,1,0,6,42,2,50,0,0,0,50
02/15/2001,UGN,IL,AGL,CE,Federal Contract Tower,0,3,38,0,41,0,0,29,0,29,0,3,67,0,70,136,0,136,206
02/16/2001,UGN,IL,AGL,CE,Federal Contract Tower,0,5,39,0,44,0,8,44,0,52,0,13,83,0,96,162,0,162,258
02/17/2001,UGN,IL,AGL,CE,Federal Contract Tower,0,2,16,0,18,0,5,130,0,135,0,7,146,0,153,218,0,218,371
02/18/2001,UGN,IL,AGL,CE,Federal Contract Tower,0,3,21,0,24,0,2,110,0,112,0,5,131,0,136,190,0,190,326
02/19/2001,UGN,IL,AGL,CE,Federal Contract Tower,0,0,41,0,41,0,0,32,0,32,0,0,73,0,73,12,0,12,85
02/20/2001,UGN,IL,AGL,CE,Federal Contract Tower,0,0,47,0,47,0,0,61,0,61,0,0,108,0,108,109,0,109,217
02/21/2001,UGN,IL,AGL,CE,Federal Contract Tower,0,4,37,0,41,0,0,60,0,60,0,4,97,0,101,102,0,102,203
02/22/2001,UGN,IL,AGL,CE,Federal Contract Tower,0,4,47,0,51,0,0,19,0,19,0,4,66,0,70,86,0,86,156
02/23/2001,UGN,IL,AGL,CE,Federal Contract Tower,0,3,33,0,36,0,0,92,0,92,0,3,125,0,128,232,0,232,360
02/24/2001,UGN,IL,AGL,CE,Federal Contract Tower,0,2,11,0,13,0,3,0,0,3,0,5,11,0,16,0,0,0,16
02/25/2001,UGN,IL,AGL,CE,Federal Contract Tower,0,5,34,0,39,0,4,0,0,4,0,9,34,0,43,0,0,0,43
02/26/2001,UGN,IL,AGL,CE,Federal Contract Tower,0,2,27,0,29,0,0,71,2,73,0,2,98,2,102,150,0,150,252
02/27/2001,UGN,IL,AGL,CE,Federal Contract Tower,0,5,40,0,45,0,4,51,0,55,0,9,91,0,100,151,0,151,251
02/28/2001,UGN,IL,AGL,CE,Federal Contract Tower,0,5,34,0,39,0,4,91,0,95,0,9,125,0,134,181,0,181,315
03/01/2001,UGN,IL,AGL,CE,Federal Contract Tower,0,7,48,0,55,0,0,74,4,78,0,7,122,4,133,104,6,110,243
03/02/2001,UGN,IL,AGL,CE,Federal Contract Tower,0,6,33,0,39,0,5,33,1,39,0,11,66,1,78,114,0,114,192
03/03/2001,UGN,IL,AGL,CE,Federal Contract Tower,0,4,30,0,34,0,0,101,1,102,0,4,131,1,136,300,0,300,436
03/04/2001,UGN,IL,AGL,CE,Federal Contract Tower,0,4,32,0,36,0,0,35,0,35,0,4,67,0,71,202,0,202,273
03/05/2001,UGN,IL,AGL,CE,Federal Contract Tower,0,4,23,0,27,0,2,35,0,37,0,6,58,0,64,72,0,72,136
03/06/2001,UGN,IL,AGL,CE,Federal Contract Tower,0,7,39,0,46,0,1,38,0,39,0,8,77,0,85,176,0,176,261
03/07/2001,UGN,IL,AGL,CE,Federal Contract Tower,0,8,46,0,54,0,0,80,0,80,0,8,126,0,134,168,0,168,302
03/08/2001,UGN,IL,AGL,CE,Federal Contract Tower,0,4,40,0,44,0,0,23,2,25,0,4,63,2,69,70,0,70,139
03/09/2001,UGN,IL,AGL,CE,Federal Contract Tower,0,0,23,0,23,0,0,84,0,84,0,0,107,0,107,136,0,136,243
03/10/2001,UGN,IL,AGL,CE,Federal Contract Tower,0,0,28,0,28,0,0,140,0,140,0,0,168,0,168,255,0,255,423
03/11/2001,UGN,IL,AGL,CE,Federal Contract Tower,0,1,22,1,24,0,0,140,1,141,0,1,162,2,165,342,0,342,507
03/12/2001,UGN,IL,AGL,CE,Federal Contract Tower,0,3,36,0,39,0,0,4,0,4,0,3,40,0,43,0,0,0,43
03/13/2001,UGN,IL,AGL,CE,Federal Contract Tower,0,6,40,0,46,0,1,3,0,4,0,7,43,0,50,4,0,4,54
03/14/2001,UGN,IL,AGL,CE,Federal Contract Tower,0,5,32,0,37,0,0,107,0,107,0,5,139,0,144,261,0,261,405
03/15/2001,UGN,IL,AGL,CE,Federal Contract Tower,0,4,26,0,30,0,0,1,0,1,0,4,27,0,31,2,0,2,33
03/16/2001,UGN,IL,AGL,CE,Federal Contract Tower,0,4,29,0,33,0,2,0,0,2,0,6,29,0,35,0,0,0,35
03/17/2001,UGN,IL,AGL,CE,Federal Contract Tower,0,2,14,0,16,0,1,93,0,94,0,3,107,0,110,225,0,225,335
03/18/2001,UGN,IL,AGL,CE,Federal Contract Tower,0,3,31,0,34,0,0,156,0,156,0,3,187,0,190,228,0,228,418
03/19/2001,UGN,IL,AGL,CE,Federal Contract Tower,0,4,31,0,35,0,6,78,0,84,0,10,109,0,119,158,0,158,277
03/20/2001,UGN,IL,AGL,CE,Federal Contract Tower,0,5,33,0,38,0,3,61,0,64,0,8,94,0,102,259,0,259,361
03/21/2001,UGN,IL,AGL,CE,Federal Contract Tower,0,5,34,0,39,0,0,92,0,92,0,5,126,0,131,211,0,211,342
03/22/2001,UGN,IL,AGL,CE,Federal Contract Tower,0,7,45,0,52,0,1,97,0,98,0,8,142,0,150,259,0,259,409
03/23/2001,UGN,IL,AGL,CE,Federal Contract Tower,0,8,49,0,57,0,5,74,0,79,0,13,123,0,136,186,0,186,322
03/24/2001,UGN,IL,AGL,CE,Federal Contract Tower,0,4,29,0,33,0,4,94,0,98,0,8,123,0,131,240,0,240,371
03/25/2001,UGN,IL,AGL,CE,Federal Contract Tower,0,3,25,0,28,0,3,19,0,22,0,6,44,0,50,48,0,48,98
03/26/2001,UGN,IL,AGL,CE,Federal Contract Tower,0,4,27,0,31,0,3,54,0,57,0,7,81,0,88,147,0,147,235
03/27/2001,UGN,IL,AGL,CE,Federal Contract Tower,0,1,26,0,27,0,0,80,0,80,0,1,106,0,107,158,0,158,265
03/28/2001,UGN,IL,AGL,CE,Federal Contract Tower,0,5,35,0,40,0,3,65,0,68,0,8,100,0,108,198,0,198,306
03/29/2001,UGN,IL,AGL,CE,Federal Contract Tower,0,2,35,0,37,0,0,24,2,26,0,2,59,2,63,88,0,88,151
03/30/2001,UGN,IL,AGL,CE,Federal Contract Tower,0,2,42,0,44,0,0,76,2,78,0,2,118,2,122,233,0,233,355
03/31/2001,UGN,IL,AGL,CE,Federal Contract Tower,0,4,37,0,41,0,0,12,0,12,0,4,49,0,53,132,0,132,185
04/01/2001,UGN,IL,AGL,CE,Federal Contract Tower,0,14,32,0,46,0,0,83,0,83,0,14,115,0,129,189,0,189,318
04/02/2001,UGN,IL,AGL,CE,Federal Contract Tower,0,11,31,6,48,0,0,55,0,55,0,11,86,6,103,128,0,128,231
04/03/2001,UGN,IL,AGL,CE,Federal Contract Tower,0,3,37,2,42,0,0,28,0,28,0,3,65,2,70,164,0,164,234
04/04/2001,UGN,IL,AGL,CE,Federal Contract Tower,0,4,29,1,34,0,0,91,1,92,0,4,120,2,126,206,0,206,332
04/05/2001,UGN,IL,AGL,CE,Federal Contract Tower,0,5,31,0,36,0,0,33,0,33,0,5,64,0,69,73,0,73,142
04/06/2001,UGN,IL,AGL,CE,Federal Contract Tower,0,8,41,2,51,0,2,0,0,2,0,10,41,2,53,0,0,0,53
04/07/2001,UGN,IL,AGL,CE,Federal Contract Tower,0,10,18,2,30,0,0,0,0,0,0,10,18,2,30,36,0,36,66
04/08/2001,UGN,IL,AGL,CE,Federal Contract Tower,0,6,18,6,30,0,0,172,0,172,0,6,190,6,202,278,0,278,480
04/09/2001,UGN,IL,AGL,CE,Federal Contract Tower,0,5,31,0,36,0,3,13,0,16,0,8,44,0,52,33,0,33,85
04/10/2001,UGN,IL,AGL,CE,Federal Contract Tower,0,4,31,4,39,0,0,5,0,5,0,4,36,4,44,24,0,24,68
04/11/2001,UGN,IL,AGL,CE,Federal Contract Tower,0,3,29,1,33,0,0,0,0,0,0,3,29,1,33,0,0,0,33
04/12/2001,UGN,IL,AGL,CE,Federal Contract Tower,0,13,51,2,66,0,0,0,0,0,0,13,51,2,66,0,0,0,66
04/13/2001,UGN,IL,AGL,CE,Federal Contract Tower,0,6,30,0,36,0,0,155,0,155,0,6,185,0,191,264,0,264,455
04/14/2001,UGN,IL,AGL,CE,Federal Contract Tower,0,1,10,0,11,0,0,137,2,139,0,1,147,2,150,290,0,290,440
04/15/2001,UGN,IL,AGL,CE,Federal Contract Tower,0,5,22,0,27,0,3,35,0,38,0,8,57,0,65,138,0,138,203
04/16/2001,UGN,IL,AGL,CE,Federal Contract Tower,0,12,42,0,54,0,0,22,0,22,0,12,64,0,76,12,0,12,88
04/17/2001,UGN,IL,AGL,CE,Federal Contract Tower,0,6,46,0,52,0,0,70,0,70,0,6,116,0,122,76,0,76,198
04/18/2001,UGN,IL,AGL,CE,Federal Contract Tower,0,9,34,0,43,0,0,117,0,117,0,9,151,0,160,276,0,276,436
04/19/2001,UGN,IL,AGL,CE,Federal Contract Tower,0,4,34,0,38,0,0,81,0,81,0,4,115,0,119,195,0,195,314
04/20/2001,UGN,IL,AGL,CE,Federal Contract Tower,0,7,51,0,58,0,0,56,0,56,0,7,107,0,114,190,0,190,304
04/21/2001,UGN,IL,AGL,CE,Federal Contract Tower,0,6,14,0,20,0,0,33,0,33,0,6,47,0,53,85,0,85,138
04/22/2001,UGN,IL,AGL,CE,Federal Contract Tower,0,1,31,0,32,0,0,5,0,5,0,1,36,0,37,7,0,7,44
04/23/2001,UGN,IL,AGL,CE,Federal Contract Tower,0,7,32,2,41,0,0,17,0,17,0,7,49,2,58,0,0,0,58
04/24/2001,UGN,IL,AGL,CE,Federal Contract Tower,0,8,43,0,51,0,0,90,0,90,0,8,133,0,141,277,0,277,418
04/25/2001,UGN,IL,AGL,CE,Federal Contract Tower,0,3,28,0,31,0,0,93,2,95,0,3,121,2,126,270,0,270,396
04/26/2001,UGN,IL,AGL,CE,Federal Contract Tower,0,4,43,0,47,0,0,48,0,48,0,4,91,0,95,150,0,150,245
04/27/2001,UGN,IL,AGL,CE,Federal Contract Tower,0,2,35,2,39,0,0,112,0,112,0,2,147,2,151,266,0,266,417
04/28/2001,UGN,IL,AGL,CE,Federal Contract Tower,0,4,21,0,25,0,0,156,0,156,0,4,177,0,181,212,0,212,393
04/29/2001,UGN,IL,AGL,CE,Federal Contract Tower,0,4,21,0,25,0,0,171,0,171,0,4,192,0,196,275,0,275,471
04/30/2001,UGN,IL,AGL,CE,Federal Contract Tower,0,4,44,0,48,0,0,89,0,89,0,4,133,0,137,169,0,169,306
05/01/2001,UGN,IL,AGL,CE,Federal Contract Tower,0,3,54,0,57,0,1,40,0,41,0,4,94,0,98,90,0,90,188
05/02/2001,UGN,IL,AGL,CE,Federal Contract Tower,0,6,41,0,47,0,0,103,0,103,0,6,144,0,150,210,0,210,360
05/03/2001,UGN,IL,AGL,CE,Federal Contract Tower,0,5,47,0,52,0,0,79,2,81,0,5,126,2,133,284,0,284,417
05/04/2001,UGN,IL,AGL,CE,Federal Contract Tower,0,4,52,4,60,0,0,39,0,39,0,4,91,4,99,176,0,176,275
05/05/2001,UGN,IL,AGL,CE,Federal Contract Tower,0,0,20,1,21,0,0,88,0,88,0,0,108,1,109,348,0,348,457
05/06/2001,UGN,IL,AGL,CE,Federal Contract Tower,0,4,35,5,44,0,0,116,0,116,0,4,151,5,160,223,0,223,383
05/07/2001,UGN,IL,AGL,CE,Federal Contract Tower,0,3,53,0,56,0,0,14,0,14,0,3,67,0,70,26,0,26,96
05/08/2001,UGN,IL,AGL,CE,Federal Contract Tower,0,8,43,0,51,0,0,74,0,74,0,8,117,0,125,171,0,171,296
05/09/2001,UGN,IL,AGL,CE,Federal Contract Tower,0,8,34,0,42,0,0,114,0,114,0,8,148,0,156,237,0,237,393
05/10/2001,UGN,IL,AGL,CE,Federal Contract Tower,0,9,30,0,39,0,0,40,0,40,0,9,70,0,79,112,0,112,191
05/11/2001,UGN,IL,AGL,CE,Federal Contract Tower,0,6,46,0,52,0,0,31,0,31,0,6,77,0,83,65,0,65,148
05/12/2001,UGN,IL,AGL,CE,Federal Contract Tower,0,3,19,0,22,0,2,145,0,147,0,5,164,0,169,265,0,265,434
05/13/2001,UGN,IL,AGL,CE,Federal Contract Tower,0,3,23,0,26,0,2,130,0,132,0,5,153,0,158,188,0,188,346
05/14/2001,UGN,IL,AGL,CE,Federal Contract Tower,0,1,42,0,43,0,0,42,0,42,0,1,84,0,85,104,0,104,189
05/15/2001,UGN,IL,AGL,CE,Federal Contract Tower,0,5,38,0,43,0,0,82,2,84,0,5,120,2,127,197,0,197,324
05/16/2001,UGN,IL,AGL,CE,Federal Contract Tower,0,3,43,0,46,0,0,68,0,68,0,3,111,0,114,202,0,202,316
05/17/2001,UGN,IL,AGL,CE,Federal Contract Tower,0,14,42,0,56,0,0,66,0,66,0,14,108,0,122,140,0,140,262
05/18/2001,UGN,IL,AGL,CE,Federal Contract Tower,0,12,38,0,50,0,0,91,0,91,0,12,129,0,141,200,0,200,341
05/19/2001,UGN,IL,AGL,CE,Federal Contract Tower,0,2,17,0,19,0,0,143,0,143,0,2,160,0,162,265,0,265,427
05/20/2001,UGN,IL,AGL,CE,Federal Contract Tower,0,6,22,0,28,0,0,123,0,123,0,6,145,0,151,162,0,162,313
05/21/2001,UGN,IL,AGL,CE,Federal Contract Tower,0,4,54,0,58,0,0,9,0,9,0,4,63,0,67,0,0,0,67
05/22/2001,UGN,IL,AGL,CE,Federal Contract Tower,0,8,42,0,50,0,0,50,0,50,0,8,92,0,100,101,0,101,201
05/23/2001,UGN,IL,AGL,CE,Federal Contract Tower,0,9,51,0,60,0,0,45,0,45,0,9,96,0,105,206,0,206,311
05/24/2001,UGN,IL,AGL,CE,Federal Contract Tower,0,11,42,1,54,0,0,12,0,12,0,11,54,1,66,78,0,78,144
05/25/2001,UGN,IL,AGL,CE,Federal Contract Tower,0,8,47,0,55,0,0,31,2,33,0,8,78,2,88,72,0,72,160
05/26/2001,UGN,IL,AGL,CE,Federal Contract Tower,0,1,35,0,36,0,0,25,2,27,0,1,60,2,63,196,0,196,259
05/27/2001,UGN,IL,AGL,CE,Federal Contract Tower,0,3,22,0,25,0,1,36,2,39,0,4,58,2,64,140,4,144,208
05/28/2001,UGN,IL,AGL,CE,Federal Contract Tower,0,7,24,0,31,0,0,128,2,130,0,7,152,2,161,148,22,170,331
05/29/2001,UGN,IL,AGL,CE,Federal Contract Tower,0,15,49,2,66,0,0,111,0,111,0,15,160,2,177,217,0,217,394
05/30/2001,UGN,IL,AGL,CE,Federal Contract Tower,0,8,52,5,65,0,0,135,1,136,0,8,187,6,201,309,0,309,510
05/31/2001,UGN,IL,AGL,CE,Federal Contract Tower,0,7,56,2,65,0,0,47,2,49,0,7,103,4,114,202,0,202,316
06/01/2001,UGN,IL,AGL,CE,Federal Contract Tower,0,9,52,3,64,0,0,61,0,61,0,9,113,3,125,122,0,122,247
06/02/2001,UGN,IL,AGL,CE,Federal Contract Tower,0,7,39,1,47,0,0,17,1,18,0,7,56,2,65,100,0,100,165
06/03/2001,UGN,IL,AGL,CE,Federal Contract Tower,0,12,38,0,50,0,0,88,1,89,0,12,126,1,139,352,0,352,491
06/04/2001,UGN,IL,AGL,CE,Federal Contract Tower,0,10,49,0,59,0,0,29,2,31,0,10,78,2,90,134,0,134,224
06/05/2001,UGN,IL,AGL,CE,Federal Contract Tower,0,11,41,1,53,0,0,8,2,10,0,11,49,3,63,2,0,2,65
06/06/2001,UGN,IL,AGL,CE,Federal Contract Tower,0,5,20,0,25,0,0,1,0,1,0,5,21,0,26,0,2,2,28
06/07/2001,UGN,IL,AGL,CE,Federal Contract Tower,0,7,46,0,53,0,0,102,0,102,0,7,148,0,155,281,0,281,436
06/08/2001,UGN,IL,AGL,CE,Federal Contract Tower,0,6,43,5,54,0,0,121,1,122,0,6,164,6,176,190,0,190,366
06/09/2001,UGN,IL,AGL,CE,Federal Contract Tower,0,6,28,0,34,0,0,234,2,236,0,6,262,2,270,231,0,231,501
06/10/2001,UGN,IL,AGL,CE,Federal Contract Tower,0,11,38,0,49,0,0,133,4,137,0,11,171,4,186,241,29,270,456
06/11/2001,UGN,IL,AGL,CE,Federal Contract Tower,0,8,32,0,40,0,0,62,4,66,0,8,94,4,106,116,0,116,222
06/12/2001,UGN,IL,AGL,CE,Federal Contract Tower,0,2,43,2,47,0,0,94,0,94,0,2,137,2,141,175,0,175,316
06/13/2001,UGN,IL,AGL,CE,Federal Contract Tower,0,7,38,0,45,0,0,64,0,64,0,7,102,0,109,160,0,160,269
06/14/2001,UGN,IL,AGL,CE,Federal Contract Tower,0,5,44,3,52,0,0,62,2,64,0,5,106,5,116,148,0,148,264
06/15/2001,UGN,IL,AGL,CE,Federal Contract Tower,0,9,42,5,56,0,0,84,2,86,0,9,126,7,142,160,4,164,306
06/16/2001,UGN,IL,AGL,CE,Federal Contract Tower,0,15,19,0,34,0,0,215,0,215,0,15,234,0,249,256,0,256,505
06/17/2001,UGN,IL,AGL,CE,Federal Contract Tower,0,4,20,0,24,0,6,140,4,150,0,10,160,4,174,206,8,214,388
06/18/2001,UGN,IL,AGL,CE,Federal Contract Tower,0,8,42,0,50,0,0,94,1,95,0,8,136,1,145,133,0,133,278
06/19/2001,UGN,IL,AGL,CE,Federal Contract Tower,0,7,41,4,52,0,0,115,1,116,0,7,156,5,168,276,0,276,444
06/20/2001,UGN,IL,AGL,CE,Federal Contract Tower,0,15,41,2,58,0,0,92,2,94,0,15,133,4,152,216,0,216,368
06/21/2001,UGN,IL,AGL,CE,Federal Contract Tower,0,7,60,2,69,0,0,93,0,93,0,7,153,2,162,169,0,169,331
06/22/2001,UGN,IL,AGL,CE,Federal Contract Tower,0,12,43,0,55,0,0,87,0,87,0,12,130,0,142,288,0,288,430
06/23/2001,UGN,IL,AGL,CE,Federal Contract Tower,0,5,24,0,29,0,0,180,0,180,0,5,204,0,209,329,0,329,538
06/24/2001,UGN,IL,AGL,CE,Federal Contract Tower,0,7,25,4,36,0,0,178,0,178,0,7,203,4,214,196,0,196,410
06/25/2001,UGN,IL,AGL,CE,Federal Contract Tower,0,9,39,2,50,0,0,93,3,96,0,9,132,5,146,219,0,219,365
06/26/2001,UGN,IL,AGL,CE,Federal Contract Tower,0,4,35,0,39,0,0,116,0,116,0,4,151,0,155,207,0,207,362
06/27/2001,UGN,IL,AGL,CE,Federal Contract Tower,0,6,55,2,63,0,0,111,1,112,0,6,166,3,175,160,0,160,335
06/28/2001,UGN,IL,AGL,CE,Federal Contract Tower,0,4,69,0,73,0,0,81,2,83,0,4,150,2,156,240,0,240,396
06/29/2001,UGN,IL,AGL,CE,Federal Contract Tower,0,5,41,2,48,0,3,108,3,114,0,8,149,5,162,190,0,190,352
06/30/2001,UGN,IL,AGL,CE,Federal Contract Tower,0,3,27,0,30,0,0,144,3,147,0,3,171,3,177,190,0,190,367
07/01/2001,UGN,IL,AGL,CE,Federal Contract Tower,0,14,35,0,49,0,0,106,2,108,0,14,141,2,157,170,4,174,331
07/02/2001,UGN,IL,AGL,CE,Federal Contract Tower,0,2,7,0,9,0,0,99,4,103,0,2,106,4,112,166,0,166,278
07/03/2001,UGN,IL,AGL,CE,Federal Contract Tower,0,3,41,0,44,0,0,76,1,77,0,3,117,1,121,216,5,221,342
07/04/2001,UGN,IL,AGL,CE,Federal Contract Tower,0,1,21,0,22,0,0,88,1,89,0,1,109,1,111,129,0,129,240
07/05/2001,UGN,IL,AGL,CE,Federal Contract Tower,0,11,31,0,42,0,0,111,2,113,0,11,142,2,155,214,0,214,369
07/06/2001,UGN,IL,AGL,CE,Federal Contract Tower,0,4,21,0,25,0,0,113,2,115,0,4,134,2,140,176,0,176,316
07/07/2001,UGN,IL,AGL,CE,Federal Contract Tower,0,2,22,4,28,0,0,55,2,57,0,2,77,6,85,302,0,302,387
07/08/2001,UGN,IL,AGL,CE,Federal Contract Tower,0,9,25,1,35,0,2,161,1,164,0,11,186,2,199,240,42,282,481
07/09/2001,UGN,IL,AGL,CE,Federal Contract Tower,0,9,39,2,50,0,0,106,2,108,0,9,145,4,158,187,0,187,345
07/10/2001,UGN,IL,AGL,CE,Federal Contract Tower,0,10,54,1,65,0,0,114,0,114,0,10,168,1,179,220,4,224,403
07/11/2001,UGN,IL,AGL,CE,Federal Contract Tower,0,6,50,0,56,0,0,120,3,123,0,6,170,3,179,223,0,223,402
07/12/2001,UGN,IL,AGL,CE,Federal Contract Tower,0,4,42,0,46,0,0,114,6,120,0,4,156,6,166,300,0,300,466
07/13/2001,UGN,IL,AGL,CE,Federal Contract Tower,0,4,45,1,50,0,0,112,0,112,0,4,157,1,162,176,0,176,338
07/14/2001,UGN,IL,AGL,CE,Federal Contract Tower,0,5,16,1,22,0,0,150,6,156,0,5,166,7,178,246,0,246,424
07/15/2001,UGN,IL,AGL,CE,Federal Contract Tower,0,5,38,0,43,0,0,85,2,87,0,5,123,2,130,226,0,226,356
07/16/2001,UGN,IL,AGL,CE,Federal Contract Tower,0,3,33,0,36,0,0,76,0,76,0,3,109,0,112,140,0,140,252
07/17/2001,UGN,IL,AGL,CE,Federal Contract Tower,0,7,57,0,64,0,0,26,0,26,0,7,83,0,90,59,60,119,209
07/18/2001,UGN,IL,AGL,CE,Federal Contract Tower,0,8,75,1,84,0,0,2,0,2,0,8,77,1,86,18,0,18,104
07/19/2001,UGN,IL,AGL,CE,Federal Contract Tower,0,10,58,1,69,0,0,7,0,7,0,10,65,1,76,41,0,41,117
07/20/2001,UGN,IL,AGL,CE,Federal Contract Tower,0,18,61,0,79,0,0,85,2,87,0,18,146,2,166,290,0,290,456
07/21/2001,UGN,IL,AGL,CE,Federal Contract Tower,0,6,16,0,22,0,0,120,4,124,0,6,136,4,146,374,0,374,520
07/22/2001,UGN,IL,AGL,CE,Federal Contract Tower,0,6,30,0,36,0,0,92,3,95,0,6,122,3,131,176,0,176,307
07/23/2001,UGN,IL,AGL,CE,Federal Contract Tower,0,4,46,0,50,0,0,72,0,72,0,4,118,0,122,119,0,119,241
07/24/2001,UGN,IL,AGL,CE,Federal Contract Tower,0,5,47,0,52,0,0,133,2,135,0,5,180,2,187,241,0,241,428
07/25/2001,UGN,IL,AGL,CE,Federal Contract Tower,0,5,37,0,42,0,0,29,0,29,0,5,66,0,71,130,0,130,201
07/26/2001,UGN,IL,AGL,CE,Federal Contract Tower,0,7,53,0,60,0,0,132,4,136,0,7,185,4,196,271,0,271,467
07/27/2001,UGN,IL,AGL,CE,Federal Contract Tower,0,6,45,0,51,0,0,151,0,151,0,6,196,0,202,226,0,226,428
07/28/2001,UGN,IL,AGL,CE,Federal Contract Tower,0,12,38,1,51,0,0,105,2,107,0,12,143,3,158,222,0,222,380
07/29/2001,UGN,IL,AGL,CE,Federal Contract Tower,0,8,42,0,50,0,0,49,2,51,0,8,91,2,101,123,0,123,224
07/30/2001,UGN,IL,AGL,CE,Federal Contract Tower,0,3,47,1,51,0,0,52,1,53,0,3,99,2,104,114,0,114,218
07/31/2001,UGN,IL,AGL,CE,Federal Contract Tower,0,9,50,0,59,0,4,85,0,89,0,13,135,0,148,152,0,152,300
08/01/2001,UGN,IL,AGL,CE,Federal Contract Tower,0,6,43,1,50,0,0,90,1,91,0,6,133,2,141,239,0,239,380
08/02/2001,UGN,IL,AGL,CE,Federal Contract Tower,0,11,45,0,56,0,0,52,0,52,0,11,97,0,108,93,0,93,201
08/03/2001,UGN,IL,AGL,CE,Federal Contract Tower,0,4,51,0,55,0,0,60,0,60,0,4,111,0,115,57,0,57,172
08/04/2001,UGN,IL,AGL,CE,Federal Contract Tower,0,4,18,2,24,0,0,166,2,168,0,4,184,4,192,190,0,190,382
08/05/2001,UGN,IL,AGL,CE,Federal Contract Tower,0,8,32,0,40,0,0,152,2,154,0,8,184,2,194,185,0,185,379
08/06/2001,UGN,IL,AGL,CE,Federal Contract Tower,0,4,47,2,53,0,0,99,2,101,0,4,146,4,154,206,0,206,360
08/07/2001,UGN,IL,AGL,CE,Federal Contract Tower,0,8,33,2,43,0,0,65,7,72,0,8,98,9,115,221,0,221,336
08/08/2001,UGN,IL,AGL,CE,Federal Contract Tower,0,5,51,0,56,0,0,90,0,90,0,5,141,0,146,261,0,261,407
08/09/2001,UGN,IL,AGL,CE,Federal Contract Tower,0,11,51,0,62,0,0,29,4,33,0,11,80,4,95,98,0,98,193
08/10/2001,UGN,IL,AGL,CE,Federal Contract Tower,0,12,42,0,54,0,0,146,2,148,0,12,188,2,202,246,0,246,448
08/11/2001,UGN,IL,AGL,CE,Federal Contract Tower,0,4,21,0,25,0,1,136,3,140,0,5,157,3,165,214,0,214,379
08/12/2001,UGN,IL,AGL,CE,Federal Contract Tower,0,4,46,1,51,0,0,114,2,116,0,4,160,3,167,232,0,232,399
08/13/2001,UGN,IL,AGL,CE,Federal Contract Tower,0,9,45,0,54,0,0,96,3,99,0,9,141,3,153,166,0,166,319
08/14/2001,UGN,IL,AGL,CE,Federal Contract Tower,0,4,45,0,49,0,0,130,2,132,0,4,175,2,181,251,0,251,432
08/15/2001,UGN,IL,AGL,CE,Federal Contract Tower,0,6,36,0,42,0,0,98,2,100,0,6,134,2,142,243,0,243,385
08/16/2001,UGN,IL,AGL,CE,Federal Contract Tower,0,7,48,1,56,0,0,28,2,30,0,7,76,3,86,96,0,96,182
08/17/2001,UGN,IL,AGL,CE,Federal Contract Tower,0,9,43,1,53,0,0,153,2,155,0,9,196,3,208,320,0,320,528
08/18/2001,UGN,IL,AGL,CE,Federal Contract Tower,0,8,30,0,38,0,0,133,6,139,0,8,163,6,177,214,0,214,391
08/19/2001,UGN,IL,AGL,CE,Federal Contract Tower,0,16,45,2,63,0,0,45,3,48,0,16,90,5,111,125,0,125,236
08/20/2001,UGN,IL,AGL,CE,Federal Contract Tower,0,12,39,0,51,0,0,131,4,135,0,12,170,4,186,199,0,199,385
08/21/2001,UGN,IL,AGL,CE,Federal Contract Tower,0,5,44,0,49,0,1,119,0,120,0,6,163,0,169,150,50,200,369
08/22/2001,UGN,IL,AGL,CE,Federal Contract Tower,0,10,51,0,61,0,0,16,0,16,0,10,67,0,77,126,0,126,203
08/23/2001,UGN,IL,AGL,CE,Federal Contract Tower,0,8,77,3,88,0,0,3,2,5,0,8,80,5,93,91,0,91,184
08/24/2001,UGN,IL,AGL,CE,Federal Contract Tower,0,5,79,2,86,0,0,0,0,0,0,5,79,2,86,0,0,0,86
08/25/2001,UGN,IL,AGL,CE,Federal Contract Tower,0,1,5,0,6,0,0,11,0,11,0,1,16,0,17,60,0,60,77
08/26/2001,UGN,IL,AGL,CE,Federal Contract Tower,0,6,30,0,36,0,0,151,0,151,0,6,181,0,187,220,0,220,407
08/27/2001,UGN,IL,AGL,CE,Federal Contract Tower,0,6,28,3,37,0,0,93,2,95,0,6,121,5,132,210,0,210,342
08/28/2001,UGN,IL,AGL,CE,Federal Contract Tower,0,5,34,1,40,0,0,119,0,119,0,5,153,1,159,280,0,280,439
08/29/2001,UGN,IL,AGL,CE,Federal Contract Tower,0,3,45,3,51,0,0,139,0,139,0,3,184,3,190,218,0,218,408
08/30/2001,UGN,IL,AGL,CE,Federal Contract Tower,0,4,72,0,76,0,0,85,0,85,0,4,157,0,161,250,0,250,411
08/31/2001,UGN,IL,AGL,CE,Federal Contract Tower,0,13,55,1,69,0,0,104,0,104,0,13,159,1,173,225,2,227,400
09/01/2001,UGN,IL,AGL,CE,Federal Contract Tower,0,8,25,2,35,0,1,123,1,125,0,9,148,3,160,192,30,222,382
09/02/2001,UGN,IL,AGL,CE,Federal Contract Tower,0,1,4,1,6,0,1,118,0,119,0,2,122,1,125,193,10,203,328
09/03/2001,UGN,IL,AGL,CE,Federal Contract Tower,0,10,28,2,40,0,1,91,2,94,0,11,119,4,134,233,0,233,367
09/04/2001,UGN,IL,AGL,CE,Federal Contract Tower,0,5,39,4,48,0,0,78,0,78,0,5,117,4,126,363,0,363,489
09/05/2001,UGN,IL,AGL,CE,Federal Contract Tower,0,5,40,1,46,0,0,89,0,89,0,5,129,1,135,226,0,226,361
09/06/2001,UGN,IL,AGL,CE,Federal Contract Tower,0,12,30,0,42,0,0,102,0,102,0,12,132,0,144,232,0,232,376
09/07/2001,UGN,IL,AGL,CE,Federal Contract Tower,0,4,35,0,39,0,0,46,0,46,0,4,81,0,85,66,0,66,151
09/08/2001,UGN,IL,AGL,CE,Federal Contract Tower,0,3,14,0,17,0,0,76,0,76,0,3,90,0,93,212,0,212,305
09/09/2001,UGN,IL,AGL,CE,Federal Contract Tower,0,9,44,0,53,0,0,2,0,2,0,9,46,0,55,0,0,0,55
09/10/2001,UGN,IL,AGL,CE,Federal Contract Tower,0,6,35,4,45,0,0,111,0,111,0,6,146,4,156,215,0,215,371
09/11/2001,UGN,IL,AGL,CE,Federal Contract Tower,0,1,10,1,12,0,0,15,0,15,0,1,25,1,27,12,0,12,39
09/12/2001,UGN,IL,AGL,CE,Federal Contract Tower,0,0,0,1,1,0,0,2,0,2,0,0,2,1,3,0,0,0,3
09/13/2001,UGN,IL,AGL,CE,Federal Contract Tower,0,15,0,0,15,0,0,0,0,0,0,15,0,0,15,0,0,0,15
09/14/2001,UGN,IL,AGL,CE,Federal Contract Tower,0,18,10,0,28,0,0,1,0,1,0,18,11,0,29,0,0,0,29
09/15/2001,UGN,IL,AGL,CE,Federal Contract Tower,0,8,43,0,51,0,0,1,0,1,0,8,44,0,52,0,0,0,52
09/16/2001,UGN,IL,AGL,CE,Federal Contract Tower,0,6,36,0,42,0,0,1,0,1,0,6,37,0,43,0,0,0,43
09/17/2001,UGN,IL,AGL,CE,Federal Contract Tower,0,11,41,2,54,0,0,2,0,2,0,11,43,2,56,0,0,0,56
09/18/2001,UGN,IL,AGL,CE,Federal Contract Tower,0,7,46,2,55,0,0,1,0,1,0,7,47,2,56,0,0,0,56
09/19/2001,UGN,IL,AGL,CE,Federal Contract Tower,0,13,44,3,60,0,0,1,0,1,0,13,45,3,61,0,0,0,61
09/20/2001,UGN,IL,AGL,CE,Federal Contract Tower,0,22,70,1,93,0,0,24,0,24,0,22,94,1,117,0,0,0,117
09/21/2001,UGN,IL,AGL,CE,Federal Contract Tower,0,6,61,1,68,0,0,7,0,7,0,6,68,1,75,14,0,14,89
09/22/2001,UGN,IL,AGL,CE,Federal Contract Tower,0,4,24,0,28,0,0,126,0,126,0,4,150,0,154,186,0,186,340
09/23/2001,UGN,IL,AGL,CE,Federal Contract Tower,0,17,33,1,51,0,0,1,1,2,0,17,34,2,53,0,0,0,53
09/24/2001,UGN,IL,AGL,CE,Federal Contract Tower,0,20,59,2,81,0,0,53,1,54,0,20,112,3,135,112,0,112,247
09/25/2001,UGN,IL,AGL,CE,Federal Contract Tower,0,22,47,1,70,0,0,82,0,82,0,22,129,1,152,125,0,125,277
09/26/2001,UGN,IL,AGL,CE,Federal Contract Tower,0,16,36,0,52,0,1,75,0,76,0,17,111,0,128,74,0,74,202
09/27/2001,UGN,IL,AGL,CE,Federal Contract Tower,0,20,58,0,78,0,0,103,0,103,0,20,161,0,181,186,0,186,367
09/28/2001,UGN,IL,AGL,CE,Federal Contract Tower,0,18,67,1,86,0,0,64,3,67,0,18,131,4,153,198,0,198,351
09/29/2001,UGN,IL,AGL,CE,Federal Contract Tower,0,5,40,1,46,0,0,136,1,137,0,5,176,2,183,225,0,225,408
09/30/2001,UGN,IL,AGL,CE,Federal Contract Tower,0,11,45,2,58,0,0,119,0,119,0,11,164,2,177,172,0,172,349
10/01/2001,UGN,IL,AGL,CE,Federal Contract Tower,0,9,33,0,42,0,0,78,5,83,0,9,111,5,125,224,2,226,351
10/02/2001,UGN,IL,AGL,CE,Federal Contract Tower,0,5,50,0,55,0,0,80,2,82,0,5,130,2,137,226,0,226,363
10/03/2001,UGN,IL,AGL,CE,Federal Contract Tower,0,15,31,0,46,0,0,74,4,78,0,15,105,4,124,182,0,182,306
10/04/2001,UGN,IL,AGL,CE,Federal Contract Tower,0,20,51,0,71,0,0,51,2,53,0,20,102,2,124,144,0,144,268
10/05/2001,UGN,IL,AGL,CE,Federal Contract Tower,0,9,47,0,56,0,0,58,2,60,0,9,105,2,116,176,0,176,292
10/06/2001,UGN,IL,AGL,CE,Federal Contract Tower,0,4,24,0,28,0,0,77,2,79,0,4,101,2,107,250,0,250,357
10/07/2001,UGN,IL,AGL,CE,Federal Contract Tower,0,11,42,0,53,0,0,116,2,118,0,11,158,2,171,241,0,241,412
10/08/2001,UGN,IL,AGL,CE,Federal Contract Tower,0,19,54,0,73,0,0,78,4,82,0,19,132,4,155,70,0,70,225
10/09/2001,UGN,IL,AGL,CE,Federal Contract Tower,0,17,56,2,75,0,1,78,2,81,0,18,134,4,156,150,0,150,306
10/10/2001,UGN,IL,AGL,CE,Federal Contract Tower,0,10,25,0,35,0,0,6,4,10,0,10,31,4,45,24,0,24,69
10/11/2001,UGN,IL,AGL,CE,Federal Contract Tower,0,10,38,0,48,0,0,103,2,105,0,10,141,2,153,189,0,189,342
10/12/2001,UGN,IL,AGL,CE,Federal Contract Tower,0,11,71,1,83,0,0,44,2,46,0,11,115,3,129,161,0,161,290
10/13/2001,UGN,IL,AGL,CE,Federal Contract Tower,0,4,13,1,18,0,0,0,0,0,0,4,13,1,18,0,0,0,18
10/14/2001,UGN,IL,AGL,CE,Federal Contract Tower,0,14,36,0,50,0,0,78,2,80,0,14,114,2,130,174,0,174,304
10/15/2001,UGN,IL,AGL,CE,Federal Contract Tower,0,7,43,0,50,0,0,93,4,97,0,7,136,4,147,136,0,136,283
10/16/2001,UGN,IL,AGL,CE,Federal Contract Tower,0,11,43,0,54,0,0,39,0,39,0,11,82,0,93,106,0,106,199
10/17/2001,UGN,IL,AGL,CE,Federal Contract Tower,0,10,41,0,51,0,0,129,2,131,0,10,170,2,182,248,0,248,430
10/18/2001,UGN,IL,AGL,CE,Federal Contract Tower,0,18,55,0,73,0,0,40,2,42,0,18,95,2,115,62,0,62,177
10/19/2001,UGN,IL,AGL,CE,Federal Contract Tower,0,4,41,0,45,0,0,87,2,89,0,4,128,2,134,153,52,205,339
10/20/2001,UGN,IL,AGL,CE,Federal Contract Tower,0,4,19,0,23,0,0,163,1,164,0,4,182,1,187,344,0,344,531
10/21/2001,UGN,IL,AGL,CE,Federal Contract Tower,0,9,31,0,40,0,0,109,2,111,0,9,140,2,151,275,0,275,426
10/22/2001,UGN,IL,AGL,CE,Federal Contract Tower,0,6,41,2,49,0,0,26,4,30,0,6,67,6,79,30,0,30,109
10/23/2001,UGN,IL,AGL,CE,Federal Contract Tower,0,7,62,0,69,0,1,13,2,16,0,8,75,2,85,121,0,121,206
10/24/2001,UGN,IL,AGL,CE,Federal Contract Tower,0,13,39,2,54,0,0,0,0,0,0,13,39,2,54,0,0,0,54
10/25/2001,UGN,IL,AGL,CE,Federal Contract Tower,0,14,39,0,53,0,0,0,2,2,0,14,39,2,55,0,0,0,55
10/26/2001,UGN,IL,AGL,CE,Federal Contract Tower,0,15,42,1,58,0,0,33,2,35,0,15,75,3,93,34,0,34,127
10/27/2001,UGN,IL,AGL,CE,Federal Contract Tower,0,9,22,0,31,0,0,129,2,131,0,9,151,2,162,207,0,207,369
10/28/2001,UGN,IL,AGL,CE,Federal Contract Tower,0,26,43,0,69,0,6,98,2,106,0,32,141,2,175,160,0,160,335
10/29/2001,UGN,IL,AGL,CE,Federal Contract Tower,0,9,49,0,58,0,0,71,4,75,0,9,120,4,133,166,0,166,299
10/30/2001,UGN,IL,AGL,CE,Federal Contract Tower,0,13,46,0,59,0,0,67,3,70,0,13,113,3,129,192,0,192,321
10/31/2001,UGN,IL,AGL,CE,Federal Contract Tower,0,10,41,0,51,0,0,69,2,71,0,10,110,2,122,126,0,126,248
11/01/2001,UGN,IL,AGL,CE,Federal Contract Tower,0,8,49,0,57,0,0,45,2,47,0,8,94,2,104,138,0,138,242
11/02/2001,UGN,IL,AGL,CE,Federal Contract Tower,0,27,35,0,62,0,0,106,2,108,0,27,141,2,170,85,0,85,255
11/03/2001,UGN,IL,AGL,CE,Federal Contract Tower,0,4,0,0,4,0,3,0,4,7,0,7,0,4,11,0,0,0,11
11/04/2001,UGN,IL,AGL,CE,Federal Contract Tower,0,5,0,0,5,0,6,0,5,11,0,11,0,5,16,0,0,0,16
11/05/2001,UGN,IL,AGL,CE,Federal Contract Tower,0,5,0,0,5,0,7,0,4,11,0,12,0,4,16,0,0,0,16
11/06/2001,UGN,IL,AGL,CE,Federal Contract Tower,0,15,0,0,15,0,0,0,4,4,0,15,0,4,19,0,0,0,19
11/07/2001,UGN,IL,AGL,CE,Federal Contract Tower,0,7,47,1,55,0,0,70,3,73,0,7,117,4,128,199,0,199,327
11/08/2001,UGN,IL,AGL,CE,Federal Contract Tower,0,15,39,0,54,0,0,40,0,40,0,15,79,0,94,72,0,72,166
11/09/2001,UGN,IL,AGL,CE,Federal Contract Tower,0,14,33,0,47,0,1,84,2,87,0,15,117,2,134,114,0,114,248
11/10/2001,UGN,IL,AGL,CE,Federal Contract Tower,0,11,28,0,39,0,0,150,2,152,0,11,178,2,191,224,0,224,415
11/11/2001,UGN,IL,AGL,CE,Federal Contract Tower,0,8,37,0,45,0,0,131,2,133,0,8,168,2,178,235,0,235,413
11/12/2001,UGN,IL,AGL,CE,Federal Contract Tower,0,17,42,1,60,0,0,88,3,91,0,17,130,4,151,180,0,180,331
11/13/2001,UGN,IL,AGL,CE,Federal Contract Tower,0,7,43,0,50,0,0,52,2,54,0,7,95,2,104,236,0,236,340
11/14/2001,UGN,IL,AGL,CE,Federal Contract Tower,0,10,47,1,58,0,0,45,2,47,0,10,92,3,105,227,0,227,332
11/15/2001,UGN,IL,AGL,CE,Federal Contract Tower,0,12,48,3,63,0,0,53,2,55,0,12,101,5,118,154,4,158,276
11/16/2001,UGN,IL,AGL,CE,Federal Contract Tower,0,21,46,7,74,0,0,95,1,96,0,21,141,8,170,208,0,208,378
11/17/2001,UGN,IL,AGL,CE,Federal Contract Tower,0,7,47,1,55,0,0,39,1,40,0,7,86,2,95,202,0,202,297
11/18/2001,UGN,IL,AGL,CE,Federal Contract Tower,0,9,41,2,52,0,0,26,0,26,0,9,67,2,78,54,0,54,132
11/19/2001,UGN,IL,AGL,CE,Federal Contract Tower,0,21,29,3,53,0,0,48,4,52,0,21,77,7,105,95,0,95,200
11/20/2001,UGN,IL,AGL,CE,Federal Contract Tower,0,19,1,2,22,0,0,127,0,127,0,19,128,2,149,189,0,189,338
11/21/2001,UGN,IL,AGL,CE,Federal Contract Tower,0,12,36,1,49,0,0,102,0,102,0,12,138,1,151,234,0,234,385
11/22/2001,UGN,IL,AGL,CE,Federal Contract Tower,0,7,15,1,23,0,1,56,1,58,0,8,71,2,81,91,0,91,172
11/23/2001,UGN,IL,AGL,CE,Federal Contract Tower,0,8,18,1,27,0,1,86,1,88,0,9,104,2,115,216,0,216,331
11/24/2001,UGN,IL,AGL,CE,Federal Contract Tower,0,4,20,2,26,0,0,8,0,8,0,4,28,2,34,10,0,10,44
11/25/2001,UGN,IL,AGL,CE,Federal Contract Tower,0,18,60,0,78,0,0,20,2,22,0,18,80,2,100,61,0,61,161
11/26/2001,UGN,IL,AGL,CE,Federal Contract Tower,0,17,50,1,68,0,0,36,3,39,0,17,86,4,107,206,0,206,313
11/27/2001,UGN,IL,AGL,CE,Federal Contract Tower,0,11,34,2,47,0,0,26,2,28,0,11,60,4,75,164,0,164,239
11/28/2001,UGN,IL,AGL,CE,Federal Contract Tower,0,3,40,0,43,0,0,5,2,7,0,3,45,2,50,115,0,115,165
11/29/2001,UGN,IL,AGL,CE,Federal Contract Tower,0,18,36,2,56,0,0,2,1,3,0,18,38,3,59,2,0,2,61
11/30/2001,UGN,IL,AGL,CE,Federal Contract Tower,0,5,45,2,52,0,0,0,0,0,0,5,45,2,52,0,0,0,52
12/01/2001,UGN,IL,AGL,CE,Federal Contract Tower,0,7,20,1,28,0,0,101,2,103,0,7,121,3,131,232,2,234,365
12/02/2001,UGN,IL,AGL,CE,Federal Contract Tower,0,7,26,1,34,0,0,102,2,104,0,7,128,3,138,126,0,126,264
12/03/2001,UGN,IL,AGL,CE,Federal Contract Tower,0,9,36,0,45,0,0,68,4,72,0,9,104,4,117,160,4,164,281
12/04/2001,UGN,IL,AGL,CE,Federal Contract Tower,0,6,51,0,57,0,0,52,2,54,0,6,103,2,111,121,8,129,240
12/05/2001,UGN,IL,AGL,CE,Federal Contract Tower,0,7,22,0,29,0,0,32,2,34,0,7,54,2,63,84,0,84,147
12/06/2001,UGN,IL,AGL,CE,Federal Contract Tower,0,8,31,2,41,0,0,97,2,99,0,8,128,4,140,258,0,258,398
12/07/2001,UGN,IL,AGL,CE,Federal Contract Tower,0,10,41,2,53,0,0,56,2,58,0,10,97,4,111,206,0,206,317
12/08/2001,UGN,IL,AGL,CE,Federal Contract Tower,0,4,29,2,35,0,0,101,2,103,0,4,130,4,138,198,0,198,336
12/09/2001,UGN,IL,AGL,CE,Federal Contract Tower,0,13,35,2,50,0,0,126,3,129,0,13,161,5,179,232,0,232,411
12/10/2001,UGN,IL,AGL,CE,Federal Contract Tower,0,15,47,0,62,0,0,82,12,94,0,15,129,12,156,130,0,130,286
12/11/2001,UGN,IL,AGL,CE,Federal Contract Tower,0,8,61,0,69,0,0,100,2,102,0,8,161,2,171,130,0,130,301
12/12/2001,UGN,IL,AGL,CE,Federal Contract Tower,0,12,50,2,64,0,0,2,0,2,0,12,52,2,66,48,0,48,114
12/13/2001,UGN,IL,AGL,CE,Federal Contract Tower,0,20,58,4,82,0,0,13,0,13,0,20,71,4,95,78,0,78,173
12/14/2001,UGN,IL,AGL,CE,Federal Contract Tower,0,6,33,0,39,0,0,0,0,0,0,6,33,0,39,22,0,22,61
12/15/2001,UGN,IL,AGL,CE,Federal Contract Tower,0,5,33,0,38,0,0,14,0,14,0,5,47,0,52,62,0,62,114
12/16/2001,UGN,IL,AGL,CE,Federal Contract Tower,0,5,39,0,44,0,0,0,0,0,0,5,39,0,44,10,0,10,54
12/17/2001,UGN,IL,AGL,CE,Federal Contract Tower,0,9,52,0,61,0,0,3,5,8,0,9,55,5,69,6,0,6,75
12/18/2001,UGN,IL,AGL,CE,Federal Contract Tower,0,2,42,0,44,0,0,104,5,109,0,2,146,5,153,189,10,199,352
12/19/2001,UGN,IL,AGL,CE,Federal Contract Tower,0,13,41,0,54,0,0,42,0,42,0,13,83,0,96,152,0,152,248
12/20/2001,UGN,IL,AGL,CE,Federal Contract Tower,0,8,50,0,58,0,1,103,4,108,0,9,153,4,166,208,0,208,374
12/21/2001,UGN,IL,AGL,CE,Federal Contract Tower,0,12,38,0,50,0,0,121,2,123,0,12,159,2,173,143,0,143,316
12/22/2001,UGN,IL,AGL,CE,Federal Contract Tower,0,11,17,0,28,0,0,31,2,33,0,11,48,2,61,44,0,44,105
12/23/2001,UGN,IL,AGL,CE,Federal Contract Tower,0,13,19,2,34,0,0,25,1,26,0,13,44,3,60,64,0,64,124
12/24/2001,UGN,IL,AGL,CE,Federal Contract Tower,0,4,28,0,32,0,0,0,2,2,0,4,28,2,34,16,0,16,50
12/25/2001,UGN,IL,AGL,CE,Federal Contract Tower,0,7,4,0,11,0,0,24,2,26,0,7,28,2,37,12,0,12,49
12/26/2001,UGN,IL,AGL,CE,Federal Contract Tower,0,28,69,0,97,0,0,7,1,8,0,28,76,1,105,132,0,132,237
12/27/2001,UGN,IL,AGL,CE,Federal Contract Tower,0,22,34,2,58,0,2,54,2,58,0,24,88,4,116,148,0,148,264
12/28/2001,UGN,IL,AGL,CE,Federal Contract Tower,0,12,16,0,28,0,0,38,2,40,0,12,54,2,68,122,0,122,190
12/29/2001,UGN,IL,AGL,CE,Federal Contract Tower,0,9,19,0,28,0,0,84,1,85,0,9,103,1,113,150,0,150,263
12/30/2001,UGN,IL,AGL,CE,Federal Contract Tower,0,3,23,0,26,0,0,81,2,83,0,3,104,2,109,112,0,112,221
12/31/2001,UGN,IL,AGL,CE,Federal Contract Tower,0,3,11,0,14,0,0,101,3,104,0,3,112,3,118,152,0,152,270
01/01/2002,UGN,IL,AGL,CE,Federal Contract Tower,0,7,7,0,14,0,0,45,2,47,0,7,52,2,61,56,0,56,117
01/02/2002,UGN,IL,AGL,CE,Federal Contract Tower,0,11,14,0,25,0,0,85,4,89,0,11,99,4,114,179,2,181,295
01/03/2002,UGN,IL,AGL,CE,Federal Contract Tower,0,8,26,1,35,0,0,97,2,99,0,8,123,3,134,166,0,166,300
01/04/2002,UGN,IL,AGL,CE,Federal Contract Tower,0,4,27,1,32,0,0,91,2,93,0,4,118,3,125,92,0,92,217
01/05/2002,UGN,IL,AGL,CE,Federal Contract Tower,0,13,23,0,36,0,0,99,2,101,0,13,122,2,137,284,0,284,421
01/06/2002,UGN,IL,AGL,CE,Federal Contract Tower,0,14,27,0,41,0,0,69,2,71,0,14,96,2,112,207,0,207,319
01/07/2002,UGN,IL,AGL,CE,Federal Contract Tower,0,10,20,2,32,0,0,62,5,67,0,10,82,7,99,213,0,213,312
01/08/2002,UGN,IL,AGL,CE,Federal Contract Tower,0,4,30,1,35,0,0,86,3,89,0,4,116,4,124,138,6,144,268
01/09/2002,UGN,IL,AGL,CE,Federal Contract Tower,0,10,26,0,36,0,0,79,2,81,0,10,105,2,117,172,0,172,289
01/10/2002,UGN,IL,AGL,CE,Federal Contract Tower,0,10,43,0,53,0,0,59,3,62,0,10,102,3,115,130,8,138,253
01/11/2002,UGN,IL,AGL,CE,Federal Contract Tower,0,13,36,2,51,0,0,81,2,83,0,13,117,4,134,169,0,169,303
01/12/2002,UGN,IL,AGL,CE,Federal Contract Tower,0,4,20,4,28,0,0,53,2,55,0,4,73,6,83,202,0,202,285
01/13/2002,UGN,IL,AGL,CE,Federal Contract Tower,0,11,23,1,35,0,0,154,4,158,0,11,177,5,193,192,0,192,385
01/14/2002,UGN,IL,AGL,CE,Federal Contract Tower,0,6,33,2,41,0,0,28,3,31,0,6,61,5,72,125,2,127,199
01/15/2002,UGN,IL,AGL,CE,Federal Contract Tower,0,7,38,0,45,0,0,29,2,31,0,7,67,2,76,156,0,156,232
01/16/2002,UGN,IL,AGL,CE,Federal Contract Tower,0,13,36,0,49,0,0,2,1,3,0,13,38,1,52,50,0,50,102
01/17/2002,UGN,IL,AGL,CE,Federal Contract Tower,0,14,44,0,58,0,0,53,5,58,0,14,97,5,116,131,0,131,247
01/18/2002,UGN,IL,AGL,CE,Federal Contract Tower,0,7,48,0,55,0,0,77,2,79,0,7,125,2,134,140,0,140,274
01/19/2002,UGN,IL,AGL,CE,Federal Contract Tower,0,5,9,0,14,0,0,121,4,125,0,5,130,4,139,124,0,124,263
01/20/2002,UGN,IL,AGL,CE,Federal Contract Tower,0,4,25,0,29,0,0,72,2,74,0,4,97,2,103,266,0,266,369
01/21/2002,UGN,IL,AGL,CE,Federal Contract Tower,0,9,33,0,42,0,0,28,3,31,0,9,61,3,73,109,0,109,182
01/22/2002,UGN,IL,AGL,CE,Federal Contract Tower,0,10,33,0,43,0,0,57,1,58,0,10,90,1,101,119,0,119,220
01/23/2002,UGN,IL,AGL,CE,Federal Contract Tower,0,7,36,0,43,0,0,0,0,0,0,7,36,0,43,0,0,0,43
01/24/2002,UGN,IL,AGL,CE,Federal Contract Tower,0,6,34,0,40,0,1,70,2,73,0,7,104,2,113,252,0,252,365
01/25/2002,UGN,IL,AGL,CE,Federal Contract Tower,0,8,34,0,42,0,0,60,0,60,0,8,94,0,102,88,0,88,190
01/26/2002,UGN,IL,AGL,CE,Federal Contract Tower,0,9,8,1,18,0,0,132,0,132,0,9,140,1,150,242,0,242,392
01/27/2002,UGN,IL,AGL,CE,Federal Contract Tower,0,3,22,2,27,0,0,117,1,118,0,3,139,3,145,198,0,198,343
01/28/2002,UGN,IL,AGL,CE,Federal Contract Tower,0,17,48,2,67,0,0,9,0,9,0,17,57,2,76,26,0,26,102
01/29/2002,UGN,IL,AGL,CE,Federal Contract Tower,0,14,34,0,48,0,10,0,0,10,0,24,34,0,58,80,0,80,138
01/30/2002,UGN,IL,AGL,CE,Federal Contract Tower,0,9,26,0,35,0,0,6,0,6,0,9,32,0,41,24,0,24,65
01/31/2002,UGN,IL,AGL,CE,Federal Contract Tower,0,12,19,0,31,0,0,0,0,0,0,12,19,0,31,0,0,0,31
02/01/2002,UGN,IL,AGL,CE,Federal Contract Tower,0,14,28,0,42,0,0,28,0,28,0,14,56,0,70,30,0,30,100
02/02/2002,UGN,IL,AGL,CE,Federal Contract Tower,0,5,20,2,27,0,0,127,0,127,0,5,147,2,154,201,0,201,355
02/03/2002,UGN,IL,AGL,CE,Federal Contract Tower,0,2,15,0,17,0,0,97,0,97,0,2,112,0,114,182,0,182,296
02/04/2002,UGN,IL,AGL,CE,Federal Contract Tower,0,9,49,0,58,0,0,64,0,64,0,9,113,0,122,174,10,184,306
02/05/2002,UGN,IL,AGL,CE,Federal Contract Tower,0,3,33,1,37,0,0,73,3,76,0,3,106,4,113,142,6,148,261
02/06/2002,UGN,IL,AGL,CE,Federal Contract Tower,0,6,32,0,38,0,0,87,2,89,0,6,119,2,127,168,0,168,295
02/07/2002,UGN,IL,AGL,CE,Federal Contract Tower,0,11,48,0,59,0,0,71,0,71,0,11,119,0,130,154,0,154,284
02/08/2002,UGN,IL,AGL,CE,Federal Contract Tower,0,14,41,10,65,0,0,77,2,79,0,14,118,12,144,144,2,146,290
02/09/2002,UGN,IL,AGL,CE,Federal Contract Tower,0,4,19,2,25,0,0,134,0,134,0,4,153,2,159,244,0,244,403
02/10/2002,UGN,IL,AGL,CE,Federal Contract Tower,0,9,13,8,30,0,0,0,0,0,0,9,13,8,30,0,0,0,30
02/11/2002,UGN,IL,AGL,CE,Federal Contract Tower,0,6,30,2,38,0,0,60,0,60,0,6,90,2,98,146,0,146,244
02/12/2002,UGN,IL,AGL,CE,Federal Contract Tower,0,4,42,2,48,0,0,11,0,11,0,4,53,2,59,2,0,2,61
02/13/2002,UGN,IL,AGL,CE,Federal Contract Tower,0,9,50,2,61,0,0,91,5,96,0,9,141,7,157,166,0,166,323
02/14/2002,UGN,IL,AGL,CE,Federal Contract Tower,0,19,30,4,53,0,0,31,2,33,0,19,61,6,86,94,0,94,180
02/15/2002,UGN,IL,AGL,CE,Federal Contract Tower,0,8,54,0,62,0,0,40,0,40,0,8,94,0,102,124,0,124,226
02/16/2002,UGN,IL,AGL,CE,Federal Contract Tower,0,6,26,0,32,0,0,30,0,30,0,6,56,0,62,92,0,92,154
02/17/2002,UGN,IL,AGL,CE,Federal Contract Tower,0,13,17,4,34,0,0,176,0,176,0,13,193,4,210,258,0,258,468
02/18/2002,UGN,IL,AGL,CE,Federal Contract Tower,0,12,45,0,57,0,0,80,0,80,0,12,125,0,137,104,0,104,241
02/19/2002,UGN,IL,AGL,CE,Federal Contract Tower,0,7,34,4,45,0,0,4,2,6,0,7,38,6,51,53,2,55,106
02/20/2002,UGN,IL,AGL,CE,Federal Contract Tower,0,7,38,2,47,0,0,0,0,0,0,7,38,2,47,2,0,2,49
02/21/2002,UGN,IL,AGL,CE,Federal Contract Tower,0,6,49,1,56,0,0,0,0,0,0,6,49,1,56,2,0,2,58
02/22/2002,UGN,IL,AGL,CE,Federal Contract Tower,0,5,38,4,47,0,0,110,0,110,0,5,148,4,157,242,2,244,401
02/23/2002,UGN,IL,AGL,CE,Federal Contract Tower,0,1,16,0,17,0,0,125,0,125,0,1,141,0,142,200,0,200,342
02/24/2002,UGN,IL,AGL,CE,Federal Contract Tower,0,6,26,2,34,0,0,89,0,89,0,6,115,2,123,118,0,118,241
02/25/2002,UGN,IL,AGL,CE,Federal Contract Tower,0,8,36,0,44,0,0,6,0,6,0,8,42,0,50,32,0,32,82
02/26/2002,UGN,IL,AGL,CE,Federal Contract Tower,0,11,35,0,46,0,0,0,0,0,0,11,35,0,46,18,0,18,64
02/27/2002,UGN,IL,AGL,CE,Federal Contract Tower,0,7,30,1,38,0,7,60,3,70,0,14,90,4,108,78,0,78,186
02/28/2002,UGN,IL,AGL,CE,Federal Contract Tower,0,11,50,4,65,0,0,82,0,82,0,11,132,4,147,115,0,115,262
03/01/2002,UGN,IL,AGL,CE,Federal Contract Tower,0,13,33,2,48,0,0,65,0,65,0,13,98,2,113,228,0,228,341
03/02/2002,UGN,IL,AGL,CE,Federal Contract Tower,0,7,3,0,10,0,0,0,0,0,0,7,3,0,10,0,0,0,10
03/03/2002,UGN,IL,AGL,CE,Federal Contract Tower,0,5,20,0,25,0,0,34,0,34,0,5,54,0,59,116,0,116,175
03/04/2002,UGN,IL,AGL,CE,Federal Contract Tower,0,10,42,0,52,0,0,54,0,54,0,10,96,0,106,160,0,160,266
03/05/2002,UGN,IL,AGL,CE,Federal Contract Tower,0,7,31,0,38,0,0,23,4,27,0,7,54,4,65,98,0,98,163
03/06/2002,UGN,IL,AGL,CE,Federal Contract Tower,0,7,37,0,44,0,0,10,0,10,0,7,47,0,54,117,0,117,171
03/07/2002,UGN,IL,AGL,CE,Federal Contract Tower,0,8,44,2,54,0,0,9,0,9,0,8,53,2,63,78,0,78,141
03/08/2002,UGN,IL,AGL,CE,Federal Contract Tower,0,7,34,0,41,0,0,22,0,22,0,7,56,0,63,50,0,50,113
03/09/2002,UGN,IL,AGL,CE,Federal Contract Tower,0,8,9,0,17,0,0,0,0,0,0,8,9,0,17,0,0,0,17
03/10/2002,UGN,IL,AGL,CE,Federal Contract Tower,0,3,22,2,27,0,0,102,0,102,0,3,124,2,129,232,0,232,361
03/11/2002,UGN,IL,AGL,CE,Federal Contract Tower,0,4,21,0,25,0,0,71,2,73,0,4,92,2,98,118,0,118,216
03/12/2002,UGN,IL,AGL,CE,Federal Contract Tower,0,3,35,0,38,0,0,119,2,121,0,3,154,2,159,221,6,227,386
03/13/2002,UGN,IL,AGL,CE,Federal Contract Tower,0,7,33,0,40,0,0,81,0,81,0,7,114,0,121,254,0,254,375
03/14/2002,UGN,IL,AGL,CE,Federal Contract Tower,0,8,53,0,61,0,0,15,2,17,0,8,68,2,78,54,0,54,132
03/15/2002,UGN,IL,AGL,CE,Federal Contract Tower,0,9,59,0,68,0,0,43,1,44,0,9,102,1,112,62,0,62,174
03/16/2002,UGN,IL,AGL,CE,Federal Contract Tower,0,4,23,0,27,0,0,138,0,138,0,4,161,0,165,250,8,258,423
03/17/2002,UGN,IL,AGL,CE,Federal Contract Tower,0,0,27,0,27,0,0,48,0,48,0,0,75,0,75,378,0,378,453
03/18/2002,UGN,IL,AGL,CE,Federal Contract Tower,0,7,53,0,60,0,0,47,2,49,0,7,100,2,109,332,0,332,441
03/19/2002,UGN,IL,AGL,CE,Federal Contract Tower,0,6,29,0,35,0,0,64,0,64,0,6,93,0,99,191,0,191,290
03/20/2002,UGN,IL,AGL,CE,Federal Contract Tower,0,12,42,0,54,0,0,51,0,51,0,12,93,0,105,149,0,149,254
03/21/2002,UGN,IL,AGL,CE,Federal Contract Tower,0,13,31,2,46,0,0,25,0,25,0,13,56,2,71,38,0,38,109
03/22/2002,UGN,IL,AGL,CE,Federal Contract Tower,0,23,45,3,71,0,0,50,0,50,0,23,95,3,121,38,0,38,159
03/23/2002,UGN,IL,AGL,CE,Federal Contract Tower,0,8,28,1,37,0,0,146,0,146,0,8,174,1,183,152,0,152,335
03/24/2002,UGN,IL,AGL,CE,Federal Contract Tower,0,2,23,0,25,0,0,53,0,53,0,2,76,0,78,154,0,154,232
03/25/2002,UGN,IL,AGL,CE,Federal Contract Tower,0,7,33,0,40,0,0,10,0,10,0,7,43,0,50,38,0,38,88
03/26/2002,UGN,IL,AGL,CE,Federal Contract Tower,0,3,27,0,30,0,0,45,0,45,0,3,72,0,75,58,0,58,133
03/27/2002,UGN,IL,AGL,CE,Federal Contract Tower,0,6,24,0,30,0,0,144,0,144,0,6,168,0,174,210,0,210,384
03/28/2002,UGN,IL,AGL,CE,Federal Contract Tower,0,10,32,0,42,0,0,35,2,37,0,10,67,2,79,93,0,93,172
03/29/2002,UGN,IL,AGL,CE,Federal Contract Tower,0,5,28,0,33,0,0,1,0,1,0,5,29,0,34,0,0,0,34
03/30/2002,UGN,IL,AGL,CE,Federal Contract Tower,0,8,18,0,26,0,0,168,0,168,0,8,186,0,194,244,0,244,438
03/31/2002,UGN,IL,AGL,CE,Federal Contract Tower,0,17,24,0,41,0,0,24,0,24,0,17,48,0,65,65,0,65,130
04/01/2002,UGN,IL,AGL,CE,Federal Contract Tower,0,22,26,0,48,0,1,38,0,39,0,23,64,0,87,122,0,122,209
04/02/2002,UGN,IL,AGL,CE,Federal Contract Tower,0,11,33,1,45,0,1,0,0,1,0,12,33,1,46,0,0,0,46
04/03/2002,UGN,IL,AGL,CE,Federal Contract Tower,0,7,39,1,47,0,1,59,0,60,0,8,98,1,107,122,0,122,229
04/04/2002,UGN,IL,AGL,CE,Federal Contract Tower,0,10,40,0,50,0,1,13,0,14,0,11,53,0,64,46,0,46,110
04/05/2002,UGN,IL,AGL,CE,Federal Contract Tower,0,7,40,0,47,0,1,108,0,109,0,8,148,0,156,234,0,234,390
04/06/2002,UGN,IL,AGL,CE,Federal Contract Tower,0,1,20,0,21,0,0,150,0,150,0,1,170,0,171,202,0,202,373
04/07/2002,UGN,IL,AGL,CE,Federal Contract Tower,0,5,33,0,38,0,0,5,0,5,0,5,38,0,43,50,0,50,93
04/08/2002,UGN,IL,AGL,CE,Federal Contract Tower,0,5,20,0,25,0,1,0,0,1,0,6,20,0,26,0,0,0,26
04/09/2002,UGN,IL,AGL,CE,Federal Contract Tower,0,11,62,1,74,0,0,36,0,36,0,11,98,1,110,71,0,71,181
04/10/2002,UGN,IL,AGL,CE,Federal Contract Tower,0,2,48,0,50,0,0,105,2,107,0,2,153,2,157,138,0,138,295
04/11/2002,UGN,IL,AGL,CE,Federal Contract Tower,0,5,34,3,42,0,0,82,0,82,0,5,116,3,124,152,0,152,276
04/12/2002,UGN,IL,AGL,CE,Federal Contract Tower,0,5,56,2,63,0,0,10,0,10,0,5,66,2,73,51,0,51,124
04/13/2002,UGN,IL,AGL,CE,Federal Contract Tower,0,3,19,0,22,0,0,170,0,170,0,3,189,0,192,324,0,324,516
04/14/2002,UGN,IL,AGL,CE,Federal Contract Tower,0,7,39,0,46,0,0,143,0,143,0,7,182,0,189,298,0,298,487
04/15/2002,UGN,IL,AGL,CE,Federal Contract Tower,0,17,35,0,52,0,1,97,0,98,0,18,132,0,150,202,0,202,352
04/16/2002,UGN,IL,AGL,CE,Federal Contract Tower,0,16,32,2,50,0,0,70,0,70,0,16,102,2,120,38,0,38,158
04/17/2002,UGN,IL,AGL,CE,Federal Contract Tower,0,10,43,0,53,0,0,91,0,91,0,10,134,0,144,250,0,250,394
04/18/2002,UGN,IL,AGL,CE,Federal Contract Tower,0,7,42,2,51,0,0,55,2,57,0,7,97,4,108,119,0,119,227
04/19/2002,UGN,IL,AGL,CE,Federal Contract Tower,0,8,43,0,51,0,0,72,0,72,0,8,115,0,123,160,0,160,283
04/20/2002,UGN,IL,AGL,CE,Federal Contract Tower,0,8,12,0,20,0,0,140,0,140,0,8,152,0,160,192,0,192,352
04/21/2002,UGN,IL,AGL,CE,Federal Contract Tower,0,8,18,0,26,0,0,0,0,0,0,8,18,0,26,0,0,0,26
04/22/2002,UGN,IL,AGL,CE,Federal Contract Tower,0,9,44,0,53,0,0,22,4,26,0,9,66,4,79,150,2,152,231
04/23/2002,UGN,IL,AGL,CE,Federal Contract Tower,0,5,37,0,42,0,0,116,0,116,0,5,153,0,158,242,0,242,400
04/24/2002,UGN,IL,AGL,CE,Federal Contract Tower,0,4,29,0,33,0,0,46,2,48,0,4,75,2,81,35,0,35,116
04/25/2002,UGN,IL,AGL,CE,Federal Contract Tower,0,7,44,0,51,0,0,32,2,34,0,7,76,2,85,34,0,34,119
04/26/2002,UGN,IL,AGL,CE,Federal Contract Tower,0,7,54,0,61,0,0,177,0,177,0,7,231,0,238,216,0,216,454
04/27/2002,UGN,IL,AGL,CE,Federal Contract Tower,0,4,33,0,37,0,0,26,30,56,0,4,59,30,93,130,0,130,223
04/28/2002,UGN,IL,AGL,CE,Federal Contract Tower,0,14,39,0,53,0,0,6,0,6,0,14,45,0,59,60,0,60,119
04/29/2002,UGN,IL,AGL,CE,Federal Contract Tower,0,14,23,0,37,0,0,79,0,79,0,14,102,0,116,187,0,187,303
04/30/2002,UGN,IL,AGL,CE,Federal Contract Tower,0,8,32,0,40,0,0,87,0,87,0,8,119,0,127,157,0,157,284
05/01/2002,UGN,IL,AGL,CE,Federal Contract Tower,0,8,36,0,44,0,0,83,0,83,0,8,119,0,127,118,0,118,245
05/02/2002,UGN,IL,AGL,CE,Federal Contract Tower,0,9,44,0,53,0,0,43,1,44,0,9,87,1,97,87,0,87,184
05/03/2002,UGN,IL,AGL,CE,Federal Contract Tower,0,10,52,2,64,0,0,138,1,139,0,10,190,3,203,210,2,212,415
05/04/2002,UGN,IL,AGL,CE,Federal Contract Tower,0,8,21,0,29,0,0,127,1,128,0,8,148,1,157,267,2,269,426
05/05/2002,UGN,IL,AGL,CE,Federal Contract Tower,0,15,43,0,58,0,0,126,0,126,0,15,169,0,184,366,0,366,550
05/06/2002,UGN,IL,AGL,CE,Federal Contract Tower,0,11,48,5,64,0,0,34,0,34,0,11,82,5,98,152,0,152,250
05/07/2002,UGN,IL,AGL,CE,Federal Contract Tower,0,6,64,3,73,0,0,51,0,51,0,6,115,3,124,46,0,46,170
05/08/2002,UGN,IL,AGL,CE,Federal Contract Tower,0,12,36,4,52,0,0,5,0,5,0,12,41,4,57,40,0,40,97
05/09/2002,UGN,IL,AGL,CE,Federal Contract Tower,0,13,48,1,62,0,0,19,0,19,0,13,67,1,81,10,0,10,91
05/10/2002,UGN,IL,AGL,CE,Federal Contract Tower,0,5,32,2,39,0,0,124,2,126,0,5,156,4,165,204,0,204,369
05/11/2002,UGN,IL,AGL,CE,Federal Contract Tower,0,3,25,0,28,0,0,28,0,28,0,3,53,0,56,78,0,78,134
05/12/2002,UGN,IL,AGL,CE,Federal Contract Tower,0,17,27,2,46,0,0,0,0,0,0,17,27,2,46,0,0,0,46
05/13/2002,UGN,IL,AGL,CE,Federal Contract Tower,0,9,37,0,46,0,6,66,0,72,0,15,103,0,118,162,0,162,280
05/14/2002,UGN,IL,AGL,CE,Federal Contract Tower,0,7,52,0,59,0,0,116,0,116,0,7,168,0,175,296,0,296,471
05/15/2002,UGN,IL,AGL,CE,Federal Contract Tower,0,6,45,1,52,0,0,82,2,84,0,6,127,3,136,74,4,78,214
05/16/2002,UGN,IL,AGL,CE,Federal Contract Tower,0,11,69,0,80,0,0,20,2,22,0,11,89,2,102,72,0,72,174
05/17/2002,UGN,IL,AGL,CE,Federal Contract Tower,0,13,73,2,88,0,0,62,2,64,0,13,135,4,152,168,0,168,320
05/18/2002,UGN,IL,AGL,CE,Federal Contract Tower,0,9,19,0,28,0,0,192,0,192,0,9,211,0,220,327,0,327,547
05/19/2002,UGN,IL,AGL,CE,Federal Contract Tower,0,17,37,2,56,0,0,98,0,98,0,17,135,2,154,194,0,194,348
05/20/2002,UGN,IL,AGL,CE,Federal Contract Tower,0,18,55,0,73,0,0,74,0,74,0,18,129,0,147,201,0,201,348
05/21/2002,UGN,IL,AGL,CE,Federal Contract Tower,0,9,50,0,59,0,0,116,0,116,0,9,166,0,175,232,0,232,407
05/22/2002,UGN,IL,AGL,CE,Federal Contract Tower,0,7,48,0,55,0,0,68,2,70,0,7,116,2,125,183,0,183,308
05/23/2002,UGN,IL,AGL,CE,Federal Contract Tower,0,10,43,0,53,0,0,59,0,59,0,10,102,0,112,150,0,150,262
05/24/2002,UGN,IL,AGL,CE,Federal Contract Tower,0,16,50,0,66,0,0,98,1,99,0,16,148,1,165,154,0,154,319
05/25/2002,UGN,IL,AGL,CE,Federal Contract Tower,0,3,30,0,33,0,0,9,0,9,0,3,39,0,42,58,0,58,100
05/26/2002,UGN,IL,AGL,CE,Federal Contract Tower,0,4,21,0,25,0,0,142,2,144,0,4,163,2,169,234,0,234,403
05/27/2002,UGN,IL,AGL,CE,Federal Contract Tower,0,13,27,0,40,0,0,105,4,109,0,13,132,4,149,184,0,184,333
05/28/2002,UGN,IL,AGL,CE,Federal Contract Tower,0,15,43,0,58,0,0,69,0,69,0,15,112,0,127,165,0,165,292
05/29/2002,UGN,IL,AGL,CE,Federal Contract Tower,0,12,36,0,48,0,3,53,1,57,0,15,89,1,105,171,0,171,276
05/30/2002,UGN,IL,AGL,CE,Federal Contract Tower,0,7,47,1,55,0,0,102,3,105,0,7,149,4,160,210,0,210,370
05/31/2002,UGN,IL,AGL,CE,Federal Contract Tower,0,11,42,0,53,0,2,116,1,119,0,13,158,1,172,164,0,164,336
06/01/2002,UGN,IL,AGL,CE,Federal Contract Tower,0,5,15,2,22,0,1,129,0,130,0,6,144,2,152,296,0,296,448
06/02/2002,UGN,IL,AGL,CE,Federal Contract Tower,0,18,25,0,43,0,1,101,2,104,0,19,126,2,147,266,0,266,413
06/03/2002,UGN,IL,AGL,CE,Federal Contract Tower,0,9,50,0,59,0,1,7,1,9,0,10,57,1,68,32,0,32,100
06/04/2002,UGN,IL,AGL,CE,Federal Contract Tower,0,6,35,2,43,0,1,0,0,1,0,7,35,2,44,18,0,18,62
06/05/2002,UGN,IL,AGL,CE,Federal Contract Tower,0,7,68,3,78,0,1,0,0,1,0,8,68,3,79,0,0,0,79
06/06/2002,UGN,IL,AGL,CE,Federal Contract Tower,0,7,42,2,51,0,1,125,1,127,0,8,167,3,178,287,0,287,465
06/07/2002,UGN,IL,AGL,CE,Federal Contract Tower,0,1,54,4,59,0,1,111,2,114,0,2,165,6,173,190,24,214,387
06/08/2002,UGN,IL,AGL,CE,Federal Contract Tower,0,6,27,0,33,0,1,183,4,188,0,7,210,4,221,266,0,266,487
06/09/2002,UGN,IL,AGL,CE,Federal Contract Tower,0,9,33,0,42,0,1,132,1,134,0,10,165,1,176,172,20,192,368
06/10/2002,UGN,IL,AGL,CE,Federal Contract Tower,0,10,35,0,45,0,1,64,2,67,0,11,99,2,112,104,0,104,216
06/11/2002,UGN,IL,AGL,CE,Federal Contract Tower,0,14,44,1,59,0,1,15,0,16,0,15,59,1,75,98,0,98,173
06/12/2002,UGN,IL,AGL,CE,Federal Contract Tower,0,8,76,1,85,0,1,24,1,26,0,9,100,2,111,49,0,49,160
06/13/2002,UGN,IL,AGL,CE,Federal Contract Tower,0,14,65,0,79,0,0,11,0,11,0,14,76,0,90,16,0,16,106
06/14/2002,UGN,IL,AGL,CE,Federal Contract Tower,0,21,42,2,65,0,1,35,1,37,0,22,77,3,102,108,0,108,210
06/15/2002,UGN,IL,AGL,CE,Federal Contract Tower,0,17,38,0,55,0,0,154,1,155,0,17,192,1,210,283,0,283,493
06/16/2002,UGN,IL,AGL,CE,Federal Contract Tower,0,31,37,0,68,0,0,151,1,152,0,31,188,1,220,140,0,140,360
06/17/2002,UGN,IL,AGL,CE,Federal Contract Tower,0,17,50,0,67,0,0,74,0,74,0,17,124,0,141,199,0,199,340
06/18/2002,UGN,IL,AGL,CE,Federal Contract Tower,0,13,36,0,49,0,0,101,0,101,0,13,137,0,150,274,0,274,424
06/19/2002,UGN,IL,AGL,CE,Federal Contract Tower,0,22,41,0,63,0,0,74,2,76,0,22,115,2,139,228,4,232,371
06/20/2002,UGN,IL,AGL,CE,Federal Contract Tower,0,6,43,0,49,0,0,93,0,93,0,6,136,0,142,287,0,287,429
06/21/2002,UGN,IL,AGL,CE,Federal Contract Tower,0,15,59,0,74,0,1,61,1,63,0,16,120,1,137,276,0,276,413
06/22/2002,UGN,IL,AGL,CE,Federal Contract Tower,0,10,41,0,51,0,0,128,2,130,0,10,169,2,181,190,0,190,371
06/23/2002,UGN,IL,AGL,CE,Federal Contract Tower,0,26,40,0,66,0,0,119,2,121,0,26,159,2,187,325,0,325,512
06/24/2002,UGN,IL,AGL,CE,Federal Contract Tower,0,8,31,0,39,0,0,72,0,72,0,8,103,0,111,118,0,118,229
06/25/2002,UGN,IL,AGL,CE,Federal Contract Tower,0,7,33,0,40,0,0,56,3,59,0,7,89,3,99,212,0,212,311
06/26/2002,UGN,IL,AGL,CE,Federal Contract Tower,0,9,45,0,54,0,0,64,0,64,0,9,109,0,118,298,0,298,416
06/27/2002,UGN,IL,AGL,CE,Federal Contract Tower,0,17,42,0,59,0,0,117,2,119,0,17,159,2,178,330,0,330,508
06/28/2002,UGN,IL,AGL,CE,Federal Contract Tower,0,13,46,4,63,0,0,148,2,150,0,13,194,6,213,213,0,213,426
06/29/2002,UGN,IL,AGL,CE,Federal Contract Tower,0,22,24,1,47,0,0,168,4,172,0,22,192,5,219,256,0,256,475
06/30/2002,UGN,IL,AGL,CE,Federal Contract Tower,0,20,40,7,67,0,0,111,3,114,0,20,151,10,181,171,0,171,352
07/01/2002,UGN,IL,AGL,CE,Federal Contract Tower,0,13,34,0,47,0,0,88,0,88,0,13,122,0,135,233,0,233,368
07/02/2002,UGN,IL,AGL,CE,Federal Contract Tower,0,13,59,2,74,0,0,129,0,129,0,13,188,2,203,286,0,286,489
07/03/2002,UGN,IL,AGL,CE,Federal Contract Tower,0,11,37,2,50,0,0,104,4,108,0,11,141,6,158,223,0,223,381
07/04/2002,UGN,IL,AGL,CE,Federal Contract Tower,0,6,15,0,21,0,2,80,2,84,0,8,95,2,105,172,0,172,277
07/05/2002,UGN,IL,AGL,CE,Federal Contract Tower,0,9,18,0,27,0,0,119,3,122,0,9,137,3,149,224,0,224,373
07/06/2002,UGN,IL,AGL,CE,Federal Contract Tower,0,13,19,0,32,0,0,84,2,86,0,13,103,2,118,118,0,118,236
07/07/2002,UGN,IL,AGL,CE,Federal Contract Tower,0,40,68,0,108,0,0,118,2,120,0,40,186,2,228,154,0,154,382
07/08/2002,UGN,IL,AGL,CE,Federal Contract Tower,0,12,55,2,69,0,0,64,2,66,0,12,119,4,135,274,0,274,409
07/09/2002,UGN,IL,AGL,CE,Federal Contract Tower,0,15,68,0,83,0,0,10,0,10,0,15,78,0,93,54,0,54,147
07/10/2002,UGN,IL,AGL,CE,Federal Contract Tower,0,10,44,0,54,0,0,110,0,110,0,10,154,0,164,264,0,264,428
07/11/2002,UGN,IL,AGL,CE,Federal Contract Tower,0,7,42,0,49,0,0,113,2,115,0,7,155,2,164,290,0,290,454
07/12/2002,UGN,IL,AGL,CE,Federal Contract Tower,0,21,53,0,74,0,0,125,0,125,0,21,178,0,199,282,0,282,481
07/13/2002,UGN,IL,AGL,CE,Federal Contract Tower,0,7,56,0,63,0,0,88,1,89,0,7,144,1,152,342,0,342,494
07/14/2002,UGN,IL,AGL,CE,Federal Contract Tower,0,20,58,0,78,0,0,118,2,120,0,20,176,2,198,366,0,366,564
07/15/2002,UGN,IL,AGL,CE,Federal Contract Tower,0,11,35,0,46,0,0,97,2,99,0,11,132,2,145,209,0,209,354
07/16/2002,UGN,IL,AGL,CE,Federal Contract Tower,0,15,46,2,63,0,0,95,2,97,0,15,141,4,160,194,4,198,358
07/17/2002,UGN,IL,AGL,CE,Federal Contract Tower,0,9,54,4,67,0,0,72,3,75,0,9,126,7,142,204,0,204,346
07/18/2002,UGN,IL,AGL,CE,Federal Contract Tower,0,10,53,1,64,0,0,91,4,95,0,10,144,5,159,193,0,193,352
07/19/2002,UGN,IL,AGL,CE,Federal Contract Tower,0,20,55,0,75,0,0,65,4,69,0,20,120,4,144,163,0,163,307
07/20/2002,UGN,IL,AGL,CE,Federal Contract Tower,0,13,20,0,33,0,0,158,4,162,0,13,178,4,195,307,0,307,502
07/21/2002,UGN,IL,AGL,CE,Federal Contract Tower,0,15,44,0,59,0,10,91,5,106,0,25,135,5,165,190,0,190,355
07/22/2002,UGN,IL,AGL,CE,Federal Contract Tower,0,23,34,2,59,0,0,78,4,82,0,23,112,6,141,214,0,214,355
07/23/2002,UGN,IL,AGL,CE,Federal Contract Tower,0,9,51,0,60,0,0,100,0,100,0,9,151,0,160,280,0,280,440
07/24/2002,UGN,IL,AGL,CE,Federal Contract Tower,0,4,64,2,70,0,0,114,3,117,0,4,178,5,187,180,18,198,385
07/25/2002,UGN,IL,AGL,CE,Federal Contract Tower,0,14,47,2,63,0,0,91,1,92,0,14,138,3,155,120,0,120,275
07/26/2002,UGN,IL,AGL,CE,Federal Contract Tower,0,18,64,0,82,0,0,74,2,76,0,18,138,2,158,150,0,150,308
07/27/2002,UGN,IL,AGL,CE,Federal Contract Tower,0,13,24,0,37,0,0,31,2,33,0,13,55,2,70,130,0,130,200
07/28/2002,UGN,IL,AGL,CE,Federal Contract Tower,0,16,43,0,59,0,0,119,0,119,0,16,162,0,178,344,38,382,560
07/29/2002,UGN,IL,AGL,CE,Federal Contract Tower,0,15,47,0,62,0,0,64,1,65,0,15,111,1,127,128,28,156,283
07/30/2002,UGN,IL,AGL,CE,Federal Contract Tower,0,15,47,0,62,0,0,141,1,142,0,15,188,1,204,248,0,248,452
07/31/2002,UGN,IL,AGL,CE,Federal Contract Tower,0,12,40,2,54,0,0,118,2,120,0,12,158,4,174,150,0,150,324
08/01/2002,UGN,IL,AGL,CE,Federal Contract Tower,0,17,52,0,69,0,0,126,2,128,0,17,178,2,197,210,0,210,407
08/02/2002,UGN,IL,AGL,CE,Federal Contract Tower,0,13,49,7,69,0,0,116,4,120,0,13,165,11,189,174,0,174,363
08/03/2002,UGN,IL,AGL,CE,Federal Contract Tower,0,13,31,5,49,0,0,131,1,132,0,13,162,6,181,262,0,262,443
08/04/2002,UGN,IL,AGL,CE,Federal Contract Tower,0,8,31,5,44,0,0,109,1,110,0,8,140,6,154,262,0,262,416
08/05/2002,UGN,IL,AGL,CE,Federal Contract Tower,0,6,66,2,74,0,0,53,4,57,0,6,119,6,131,184,0,184,315
08/06/2002,UGN,IL,AGL,CE,Federal Contract Tower,0,9,51,2,62,0,0,87,4,91,0,9,138,6,153,211,0,211,364
08/07/2002,UGN,IL,AGL,CE,Federal Contract Tower,0,14,49,2,65,0,0,148,3,151,0,14,197,5,216,260,0,260,476
08/08/2002,UGN,IL,AGL,CE,Federal Contract Tower,0,13,44,2,59,0,0,151,5,156,0,13,195,7,215,177,0,177,392
08/09/2002,UGN,IL,AGL,CE,Federal Contract Tower,0,11,46,0,57,0,0,124,4,128,0,11,170,4,185,172,0,172,357
08/10/2002,UGN,IL,AGL,CE,Federal Contract Tower,0,8,38,0,46,0,0,122,2,124,0,8,160,2,170,253,0,253,423
08/11/2002,UGN,IL,AGL,CE,Federal Contract Tower,0,22,48,2,72,0,0,113,3,116,0,22,161,5,188,248,0,248,436
08/12/2002,UGN,IL,AGL,CE,Federal Contract Tower,0,27,56,0,83,0,0,60,0,60,0,27,116,0,143,116,0,116,259
08/13/2002,UGN,IL,AGL,CE,Federal Contract Tower,0,12,44,2,58,0,0,0,2,2,0,12,44,4,60,50,0,50,110
08/14/2002,UGN,IL,AGL,CE,Federal Contract Tower,0,13,46,0,59,0,0,72,1,73,0,13,118,1,132,172,0,172,304
08/15/2002,UGN,IL,AGL,CE,Federal Contract Tower,0,16,51,0,67,0,0,80,2,82,0,16,131,2,149,146,0,146,295
08/16/2002,UGN,IL,AGL,CE,Federal Contract Tower,0,16,87,2,105,0,0,104,3,107,0,16,191,5,212,120,0,120,332
08/17/2002,UGN,IL,AGL,CE,Federal Contract Tower,0,6,29,0,35,0,0,43,6,49,0,6,72,6,84,176,0,176,260
08/18/2002,UGN,IL,AGL,CE,Federal Contract Tower,0,30,58,0,88,0,0,122,4,126,0,30,180,4,214,184,0,184,398
08/19/2002,UGN,IL,AGL,CE,Federal Contract Tower,0,22,43,0,65,0,1,73,0,74,0,23,116,0,139,184,0,184,323
08/20/2002,UGN,IL,AGL,CE,Federal Contract Tower,0,11,50,3,64,0,0,102,7,109,0,11,152,10,173,246,0,246,419
08/21/2002,UGN,IL,AGL,CE,Federal Contract Tower,0,7,55,0,62,0,0,71,0,71,0,7,126,0,133,162,0,162,295
08/22/2002,UGN,IL,AGL,CE,Federal Contract Tower,0,6,57,8,71,0,0,5,0,5,0,6,62,8,76,45,0,45,121
08/23/2002,UGN,IL,AGL,CE,Federal Contract Tower,0,13,39,1,53,0,0,0,0,0,0,13,39,1,53,7,0,7,60
08/24/2002,UGN,IL,AGL,CE,Federal Contract Tower,0,9,29,2,40,0,0,59,5,64,0,9,88,7,104,213,0,213,317
08/25/2002,UGN,IL,AGL,CE,Federal Contract Tower,0,16,41,4,61,0,0,108,3,111,0,16,149,7,172,178,0,178,350
08/26/2002,UGN,IL,AGL,CE,Federal Contract Tower,0,2,45,0,47,0,0,82,1,83,0,2,127,1,130,154,0,154,284
08/27/2002,UGN,IL,AGL,CE,Federal Contract Tower,0,6,44,2,52,0,0,77,0,77,0,6,121,2,129,240,0,240,369
08/28/2002,UGN,IL,AGL,CE,Federal Contract Tower,0,7,55,1,63,0,0,96,1,97,0,7,151,2,160,191,0,191,351
08/29/2002,UGN,IL,AGL,CE,Federal Contract Tower,0,15,40,2,57,0,0,111,2,113,0,15,151,4,170,181,0,181,351
08/30/2002,UGN,IL,AGL,CE,Federal Contract Tower,0,13,55,1,69,0,0,94,0,94,0,13,149,1,163,156,0,156,319
08/31/2002,UGN,IL,AGL,CE,Federal Contract Tower,0,7,16,0,23,0,0,107,1,108,0,7,123,1,131,255,0,255,386
09/01/2002,UGN,IL,AGL,CE,Federal Contract Tower,0,1,18,0,19,0,1,90,5,96,0,2,108,5,115,158,4,162,277
09/02/2002,UGN,IL,AGL,CE,Federal Contract Tower,0,15,39,0,54,0,1,30,4,35,0,16,69,4,89,58,0,58,147
09/03/2002,UGN,IL,AGL,CE,Federal Contract Tower,0,11,45,1,57,0,1,111,0,112,0,12,156,1,169,218,0,218,387
09/04/2002,UGN,IL,AGL,CE,Federal Contract Tower,0,1,34,0,35,0,0,125,2,127,0,1,159,2,162,226,0,226,388
09/05/2002,UGN,IL,AGL,CE,Federal Contract Tower,0,5,35,2,42,0,1,130,0,131,0,6,165,2,173,159,0,159,332
09/06/2002,UGN,IL,AGL,CE,Federal Contract Tower,0,7,47,0,54,0,1,111,0,112,0,8,158,0,166,192,0,192,358
09/07/2002,UGN,IL,AGL,CE,Federal Contract Tower,0,5,34,0,39,0,1,149,0,150,0,6,183,0,189,205,0,205,394
09/08/2002,UGN,IL,AGL,CE,Federal Contract Tower,0,9,46,0,55,0,1,118,0,119,0,10,164,0,174,230,0,230,404
09/09/2002,UGN,IL,AGL,CE,Federal Contract Tower,0,2,39,0,41,0,1,78,0,79,0,3,117,0,120,154,0,154,274
09/10/2002,UGN,IL,AGL,CE,Federal Contract Tower,0,11,58,2,71,0,1,54,0,55,0,12,112,2,126,100,0,100,226
09/11/2002,UGN,IL,AGL,CE,Federal Contract Tower,0,15,37,3,55,0,0,93,5,98,0,15,130,8,153,158,2,160,313
09/12/2002,UGN,IL,AGL,CE,Federal Contract Tower,0,4,40,1,45,0,0,96,0,96,0,4,136,1,141,167,0,167,308
09/13/2002,UGN,IL,AGL,CE,Federal Contract Tower,0,8,37,0,45,0,7,103,0,110,0,15,140,0,155,218,0,218,373
09/14/2002,UGN,IL,AGL,CE,Federal Contract Tower,0,10,15,0,25,0,0,97,0,97,0,10,112,0,122,284,0,284,406
09/15/2002,UGN,IL,AGL,CE,Federal Contract Tower,0,11,44,2,57,0,0,96,0,96,0,11,140,2,153,170,0,170,323
09/16/2002,UGN,IL,AGL,CE,Federal Contract Tower,0,7,20,0,27,0,0,91,0,91,0,7,111,0,118,194,0,194,312
09/17/2002,UGN,IL,AGL,CE,Federal Contract Tower,0,8,42,0,50,0,0,86,0,86,0,8,128,0,136,214,0,214,350
09/18/2002,UGN,IL,AGL,CE,Federal Contract Tower,0,7,45,0,52,0,0,42,0,42,0,7,87,0,94,142,0,142,236
09/19/2002,UGN,IL,AGL,CE,Federal Contract Tower,0,11,51,0,62,0,0,16,0,16,0,11,67,0,78,40,0,40,118
09/20/2002,UGN,IL,AGL,CE,Federal Contract Tower,0,18,59,0,77,0,0,11,0,11,0,18,70,0,88,20,0,20,108
09/21/2002,UGN,IL,AGL,CE,Federal Contract Tower,0,13,38,0,51,0,0,119,0,119,0,13,157,0,170,264,0,264,434
09/22/2002,UGN,IL,AGL,CE,Federal Contract Tower,0,26,45,0,71,0,0,103,0,103,0,26,148,0,174,285,0,285,459
09/23/2002,UGN,IL,AGL,CE,Federal Contract Tower,0,6,29,0,35,0,0,89,0,89,0,6,118,0,124,210,0,210,334
09/24/2002,UGN,IL,AGL,CE,Federal Contract Tower,0,5,43,3,51,0,0,93,1,94,0,5,136,4,145,142,0,142,287
09/25/2002,UGN,IL,AGL,CE,Federal Contract Tower,0,3,39,4,46,0,0,97,0,97,0,3,136,4,143,118,0,118,261
09/26/2002,UGN,IL,AGL,CE,Federal Contract Tower,0,15,46,2,63,0,0,70,0,70,0,15,116,2,133,136,0,136,269
09/27/2002,UGN,IL,AGL,CE,Federal Contract Tower,0,11,65,4,80,0,0,31,0,31,0,11,96,4,111,86,0,86,197
09/28/2002,UGN,IL,AGL,CE,Federal Contract Tower,0,3,29,0,32,0,0,155,0,155,0,3,184,0,187,262,0,262,449
09/29/2002,UGN,IL,AGL,CE,Federal Contract Tower,0,22,61,0,83,0,0,35,0,35,0,22,96,0,118,120,0,120,238
09/30/2002,UGN,IL,AGL,CE,Federal Contract Tower,0,5,50,0,55,0,0,46,0,46,0,5,96,0,101,136,0,136,237
10/01/2002,UGN,IL,AGL,CE,Federal Contract Tower,0,10,32,0,42,0,1,68,0,69,0,11,100,0,111,96,0,96,207
10/02/2002,UGN,IL,AGL,CE,Federal Contract Tower,0,3,42,0,45,0,1,0,0,1,0,4,42,0,46,2,0,2,48
10/03/2002,UGN,IL,AGL,CE,Federal Contract Tower,0,16,67,0,83,0,1,5,0,6,0,17,72,0,89,38,0,38,127
10/04/2002,UGN,IL,AGL,CE,Federal Contract Tower,0,10,53,0,63,0,1,10,0,11,0,11,63,0,74,66,0,66,140
10/05/2002,UGN,IL,AGL,CE,Federal Contract Tower,0,3,25,6,34,0,1,170,1,172,0,4,195,7,206,256,0,256,462
10/06/2002,UGN,IL,AGL,CE,Federal Contract Tower,0,15,35,2,52,0,1,31,0,32,0,16,66,2,84,52,0,52,136
10/07/2002,UGN,IL,AGL,CE,Federal Contract Tower,0,9,30,0,39,0,0,93,3,96,0,9,123,3,135,201,0,201,336
10/08/2002,UGN,IL,AGL,CE,Federal Contract Tower,0,7,41,0,48,0,0,49,1,50,0,7,90,1,98,150,0,150,248
10/09/2002,UGN,IL,AGL,CE,Federal Contract Tower,0,10,43,1,54,0,0,98,0,98,0,10,141,1,152,208,0,208,360
10/10/2002,UGN,IL,AGL,CE,Federal Contract Tower,0,9,50,0,59,0,1,58,0,59,0,10,108,0,118,190,0,190,308
10/11/2002,UGN,IL,AGL,CE,Federal Contract Tower,0,13,41,0,54,0,0,82,0,82,0,13,123,0,136,188,0,188,324
10/12/2002,UGN,IL,AGL,CE,Federal Contract Tower,0,21,36,0,57,0,0,22,0,22,0,21,58,0,79,122,0,122,201
10/13/2002,UGN,IL,AGL,CE,Federal Contract Tower,0,11,46,0,57,0,0,93,1,94,0,11,139,1,151,164,0,164,315
10/14/2002,UGN,IL,AGL,CE,Federal Contract Tower,0,5,46,0,51,0,0,89,0,89,0,5,135,0,140,122,0,122,262
10/15/2002,UGN,IL,AGL,CE,Federal Contract Tower,0,15,50,0,65,0,0,81,0,81,0,15,131,0,146,204,0,204,350
10/16/2002,UGN,IL,AGL,CE,Federal Contract Tower,0,12,48,0,60,0,0,71,0,71,0,12,119,0,131,206,0,206,337
10/17/2002,UGN,IL,AGL,CE,Federal Contract Tower,0,14,45,2,61,0,0,29,0,29,0,14,74,2,90,68,0,68,158
10/18/2002,UGN,IL,AGL,CE,Federal Contract Tower,0,10,35,2,47,0,0,42,0,42,0,10,77,2,89,65,0,65,154
10/19/2002,UGN,IL,AGL,CE,Federal Contract Tower,0,11,31,0,42,0,0,117,0,117,0,11,148,0,159,343,0,343,502
10/20/2002,UGN,IL,AGL,CE,Federal Contract Tower,0,20,25,0,45,0,0,122,0,122,0,20,147,0,167,242,0,242,409
10/21/2002,UGN,IL,AGL,CE,Federal Contract Tower,0,9,31,0,40,0,0,41,0,41,0,9,72,0,81,150,0,150,231
10/22/2002,UGN,IL,AGL,CE,Federal Contract Tower,0,13,28,0,41,0,0,42,3,45,0,13,70,3,86,218,10,228,314
10/23/2002,UGN,IL,AGL,CE,Federal Contract Tower,0,11,44,0,55,0,0,41,0,41,0,11,85,0,96,126,0,126,222
10/24/2002,UGN,IL,AGL,CE,Federal Contract Tower,0,11,60,3,74,0,0,5,2,7,0,11,65,5,81,12,0,12,93
10/25/2002,UGN,IL,AGL,CE,Federal Contract Tower,0,13,45,2,60,0,0,0,0,0,0,13,45,2,60,24,0,24,84
10/26/2002,UGN,IL,AGL,CE,Federal Contract Tower,0,10,28,0,38,0,0,63,0,63,0,10,91,0,101,330,0,330,431
10/27/2002,UGN,IL,AGL,CE,Federal Contract Tower,0,12,25,2,39,0,0,120,0,120,0,12,145,2,159,260,0,260,419
10/28/2002,UGN,IL,AGL,CE,Federal Contract Tower,0,7,41,1,49,0,1,35,3,39,0,8,76,4,88,123,0,123,211
10/29/2002,UGN,IL,AGL,CE,Federal Contract Tower,0,8,46,0,54,0,0,50,2,52,0,8,96,2,106,138,0,138,244
10/30/2002,UGN,IL,AGL,CE,Federal Contract Tower,0,2,38,0,40,0,0,52,0,52,0,2,90,0,92,85,0,85,177
10/31/2002,UGN,IL,AGL,CE,Federal Contract Tower,0,3,38,0,41,0,0,48,0,48,0,3,86,0,89,223,0,223,312
11/01/2002,UGN,IL,AGL,CE,Federal Contract Tower,0,9,57,2,68,0,1,85,0,86,0,10,142,2,154,115,0,115,269
11/02/2002,UGN,IL,AGL,CE,Federal Contract Tower,0,1,29,2,32,0,1,124,0,125,0,2,153,2,157,308,0,308,465
11/03/2002,UGN,IL,AGL,CE,Federal Contract Tower,0,13,34,4,51,0,1,121,0,122,0,14,155,4,173,196,0,196,369
11/04/2002,UGN,IL,AGL,CE,Federal Contract Tower,0,6,32,0,38,0,1,70,0,71,0,7,102,0,109,112,0,112,221
11/05/2002,UGN,IL,AGL,CE,Federal Contract Tower,0,10,33,0,43,0,1,1,0,2,0,11,34,0,45,34,0,34,79
11/06/2002,UGN,IL,AGL,CE,Federal Contract Tower,0,9,56,0,65,0,1,39,0,40,0,10,95,0,105,182,0,182,287
11/07/2002,UGN,IL,AGL,CE,Federal Contract Tower,0,10,44,0,54,0,0,81,1,82,0,10,125,1,136,172,0,172,308
11/08/2002,UGN,IL,AGL,CE,Federal Contract Tower,0,7,46,0,53,0,0,60,2,62,0,7,106,2,115,142,0,142,257
11/09/2002,UGN,IL,AGL,CE,Federal Contract Tower,0,3,15,0,18,0,0,67,0,67,0,3,82,0,85,206,0,206,291
11/10/2002,UGN,IL,AGL,CE,Federal Contract Tower,0,5,39,0,44,0,0,10,0,10,0,5,49,0,54,20,0,20,74
11/11/2002,UGN,IL,AGL,CE,Federal Contract Tower,0,9,39,0,48,0,0,4,0,4,0,9,43,0,52,27,0,27,79
11/12/2002,UGN,IL,AGL,CE,Federal Contract Tower,0,13,42,0,55,0,0,56,2,58,0,13,98,2,113,142,0,142,255
11/13/2002,UGN,IL,AGL,CE,Federal Contract Tower,0,10,42,0,52,0,0,82,0,82,0,10,124,0,134,234,0,234,368
11/14/2002,UGN,IL,AGL,CE,Federal Contract Tower,0,8,48,0,56,0,0,57,2,59,0,8,105,2,115,168,0,168,283
11/15/2002,UGN,IL,AGL,CE,Federal Contract Tower,0,6,44,0,50,0,0,33,2,35,0,6,77,2,85,166,0,166,251
11/16/2002,UGN,IL,AGL,CE,Federal Contract Tower,0,10,16,0,26,0,0,27,0,27,0,10,43,0,53,108,0,108,161
11/17/2002,UGN,IL,AGL,CE,Federal Contract Tower,0,5,21,0,26,0,0,121,4,125,0,5,142,4,151,252,0,252,403
11/18/2002,UGN,IL,AGL,CE,Federal Contract Tower,0,9,38,2,49,0,0,25,0,25,0,9,63,2,74,112,0,112,186
11/19/2002,UGN,IL,AGL,CE,Federal Contract Tower,0,7,33,4,44,0,0,89,0,89,0,7,122,4,133,156,0,156,289
11/20/2002,UGN,IL,AGL,CE,Federal Contract Tower,0,10,33,2,45,0,0,74,0,74,0,10,107,2,119,150,0,150,269
11/21/2002,UGN,IL,AGL,CE,Federal Contract Tower,0,20,42,2,64,0,0,3,0,3,0,20,45,2,67,0,0,0,67
11/22/2002,UGN,IL,AGL,CE,Federal Contract Tower,0,13,43,0,56,0,0,102,4,106,0,13,145,4,162,211,0,211,373
11/23/2002,UGN,IL,AGL,CE,Federal Contract Tower,0,8,18,0,26,0,0,103,0,103,0,8,121,0,129,242,0,242,371
11/24/2002,UGN,IL,AGL,CE,Federal Contract Tower,0,7,24,0,31,0,0,66,0,66,0,7,90,0,97,64,0,64,161
11/25/2002,UGN,IL,AGL,CE,Federal Contract Tower,0,10,35,0,45,0,0,63,0,63,0,10,98,0,108,116,0,116,224
11/26/2002,UGN,IL,AGL,CE,Federal Contract Tower,0,18,43,0,61,0,0,21,0,21,0,18,64,0,82,20,0,20,102
11/27/2002,UGN,IL,AGL,CE,Federal Contract Tower,0,18,33,2,53,0,0,70,1,71,0,18,103,3,124,192,0,192,316
11/28/2002,UGN,IL,AGL,CE,Federal Contract Tower,0,6,12,0,18,0,0,24,0,24,0,6,36,0,42,82,0,82,124
11/29/2002,UGN,IL,AGL,CE,Federal Contract Tower,0,3,7,0,10,0,1,93,1,95,0,4,100,1,105,200,0,200,305
11/30/2002,UGN,IL,AGL,CE,Federal Contract Tower,0,23,12,0,35,0,0,6,0,6,0,23,18,0,41,2,0,2,43
12/01/2002,UGN,IL,AGL,CE,Federal Contract Tower,0,17,38,1,56,0,0,70,0,70,0,17,108,1,126,164,0,164,290
12/02/2002,UGN,IL,AGL,CE,Federal Contract Tower,0,9,40,0,49,0,0,0,0,0,0,9,40,0,49,0,0,0,49
12/03/2002,UGN,IL,AGL,CE,Federal Contract Tower,0,6,40,0,46,0,0,4,0,4,0,6,44,0,50,2,0,2,52
12/04/2002,UGN,IL,AGL,CE,Federal Contract Tower,0,6,24,0,30,0,0,53,0,53,0,6,77,0,83,138,0,138,221
12/05/2002,UGN,IL,AGL,CE,Federal Contract Tower,0,9,42,2,53,0,0,45,0,45,0,9,87,2,98,208,0,208,306
12/06/2002,UGN,IL,AGL,CE,Federal Contract Tower,0,5,23,3,31,0,0,85,1,86,0,5,108,4,117,130,0,130,247
12/07/2002,UGN,IL,AGL,CE,Federal Contract Tower,0,2,10,0,12,0,0,127,0,127,0,2,137,0,139,258,0,258,397
12/08/2002,UGN,IL,AGL,CE,Federal Contract Tower,0,15,16,2,33,0,0,107,0,107,0,15,123,2,140,182,0,182,322
12/09/2002,UGN,IL,AGL,CE,Federal Contract Tower,0,7,38,0,45,0,0,59,0,59,0,7,97,0,104,88,0,88,192
12/10/2002,UGN,IL,AGL,CE,Federal Contract Tower,0,2,36,0,38,0,0,62,2,64,0,2,98,2,102,178,0,178,280
12/11/2002,UGN,IL,AGL,CE,Federal Contract Tower,0,12,28,0,40,0,0,94,0,94,0,12,122,0,134,112,0,112,246
12/12/2002,UGN,IL,AGL,CE,Federal Contract Tower,0,9,30,0,39,0,0,25,0,25,0,9,55,0,64,154,0,154,218
12/13/2002,UGN,IL,AGL,CE,Federal Contract Tower,0,9,30,0,39,0,9,1,0,10,0,18,31,0,49,2,0,2,51
12/14/2002,UGN,IL,AGL,CE,Federal Contract Tower,0,3,15,0,18,0,0,40,0,40,0,3,55,0,58,100,0,100,158
12/15/2002,UGN,IL,AGL,CE,Federal Contract Tower,0,8,18,4,30,0,0,133,0,133,0,8,151,4,163,260,0,260,423
12/16/2002,UGN,IL,AGL,CE,Federal Contract Tower,0,5,30,0,35,0,0,46,0,46,0,5,76,0,81,94,0,94,175
12/17/2002,UGN,IL,AGL,CE,Federal Contract Tower,0,1,32,2,35,0,0,24,0,24,0,1,56,2,59,56,0,56,115
12/18/2002,UGN,IL,AGL,CE,Federal Contract Tower,0,3,38,0,41,0,0,0,0,0,0,3,38,0,41,0,0,0,41
12/19/2002,UGN,IL,AGL,CE,Federal Contract Tower,0,9,63,0,72,0,0,55,0,55,0,9,118,0,127,158,0,158,285
12/20/2002,UGN,IL,AGL,CE,Federal Contract Tower,0,14,35,0,49,0,0,14,0,14,0,14,49,0,63,28,0,28,91
12/21/2002,UGN,IL,AGL,CE,Federal Contract Tower,0,17,30,0,47,0,0,58,0,58,0,17,88,0,105,194,0,194,299
12/22/2002,UGN,IL,AGL,CE,Federal Contract Tower,0,10,25,0,35,0,0,34,0,34,0,10,59,0,69,100,0,100,169
12/23/2002,UGN,IL,AGL,CE,Federal Contract Tower,0,8,30,0,38,0,0,78,0,78,0,8,108,0,116,112,0,112,228
12/24/2002,UGN,IL,AGL,CE,Federal Contract Tower,0,5,6,0,11,0,0,47,0,47,0,5,53,0,58,132,0,132,190
12/25/2002,UGN,IL,AGL,CE,Federal Contract Tower,0,10,8,0,18,0,2,2,0,4,0,12,10,0,22,0,0,0,22
12/26/2002,UGN,IL,AGL,CE,Federal Contract Tower,0,16,30,0,46,0,0,57,0,57,0,16,87,0,103,118,0,118,221
12/27/2002,UGN,IL,AGL,CE,Federal Contract Tower,0,17,27,2,46,0,0,59,3,62,0,17,86,5,108,122,0,122,230
12/28/2002,UGN,IL,AGL,CE,Federal Contract Tower,0,7,13,0,20,0,0,26,1,27,0,7,39,1,47,114,0,114,161
12/29/2002,UGN,IL,AGL,CE,Federal Contract Tower,0,6,30,0,36,0,0,1,0,1,0,6,31,0,37,14,0,14,51
12/30/2002,UGN,IL,AGL,CE,Federal Contract Tower,0,6,16,0,22,0,0,3,0,3,0,6,19,0,25,14,0,14,39
12/31/2002,UGN,IL,AGL,CE,Federal Contract Tower,0,4,10,0,14,0,0,96,0,96,0,4,106,0,110,240,0,240,350
01/01/2003,UGN,IL,AGL,CE,Federal Contract Tower,0,5,10,0,15,0,0,13,0,13,0,5,23,0,28,48,0,48,76
01/02/2003,UGN,IL,AGL,CE,Federal Contract Tower,0,5,31,1,37,0,0,15,1,16,0,5,46,2,53,20,0,20,73
01/03/2003,UGN,IL,AGL,CE,Federal Contract Tower,0,9,26,4,39,0,0,83,0,83,0,9,109,4,122,157,0,157,279
01/04/2003,UGN,IL,AGL,CE,Federal Contract Tower,0,17,15,0,32,0,0,109,0,109,0,17,124,0,141,177,0,177,318
01/05/2003,UGN,IL,AGL,CE,Federal Contract Tower,0,9,21,2,32,0,0,0,0,0,0,9,21,2,32,0,0,0,32
01/06/2003,UGN,IL,AGL,CE,Federal Contract Tower,0,12,19,0,31,0,0,53,0,53,0,12,72,0,84,134,0,134,218
01/07/2003,UGN,IL,AGL,CE,Federal Contract Tower,0,7,32,0,39,0,0,15,0,15,0,7,47,0,54,20,0,20,74
01/08/2003,UGN,IL,AGL,CE,Federal Contract Tower,0,8,38,1,47,0,3,58,1,62,0,11,96,2,109,58,0,58,167
01/09/2003,UGN,IL,AGL,CE,Federal Contract Tower,0,12,24,0,36,0,0,40,2,42,0,12,64,2,78,92,0,92,170
01/10/2003,UGN,IL,AGL,CE,Federal Contract Tower,0,6,33,2,41,0,0,21,0,21,0,6,54,2,62,48,0,48,110
01/11/2003,UGN,IL,AGL,CE,Federal Contract Tower,0,1,10,2,13,0,0,72,0,72,0,1,82,2,85,200,0,200,285
01/12/2003,UGN,IL,AGL,CE,Federal Contract Tower,0,6,22,2,30,0,0,96,0,96,0,6,118,2,126,178,0,178,304
01/13/2003,UGN,IL,AGL,CE,Federal Contract Tower,0,7,33,0,40,0,1,57,0,58,0,8,90,0,98,122,0,122,220
01/14/2003,UGN,IL,AGL,CE,Federal Contract Tower,0,6,37,2,45,0,0,79,2,81,0,6,116,4,126,94,0,94,220
01/15/2003,UGN,IL,AGL,CE,Federal Contract Tower,0,8,35,2,45,0,0,78,0,78,0,8,113,2,123,76,0,76,199
01/16/2003,UGN,IL,AGL,CE,Federal Contract Tower,0,11,39,0,50,0,0,50,0,50,0,11,89,0,100,188,0,188,288
01/17/2003,UGN,IL,AGL,CE,Federal Contract Tower,0,9,22,2,33,0,1,57,0,58,0,10,79,2,91,58,0,58,149
01/18/2003,UGN,IL,AGL,CE,Federal Contract Tower,0,0,17,0,17,0,0,24,0,24,0,0,41,0,41,104,0,104,145
01/19/2003,UGN,IL,AGL,CE,Federal Contract Tower,0,3,19,0,22,0,0,53,0,53,0,3,72,0,75,188,0,188,263
01/20/2003,UGN,IL,AGL,CE,Federal Contract Tower,0,12,39,0,51,0,0,42,0,42,0,12,81,0,93,106,0,106,199
01/21/2003,UGN,IL,AGL,CE,Federal Contract Tower,0,4,30,0,34,0,0,65,2,67,0,4,95,2,101,128,4,132,233
01/22/2003,UGN,IL,AGL,CE,Federal Contract Tower,0,4,32,1,37,0,0,52,1,53,0,4,84,2,90,128,0,128,218
01/23/2003,UGN,IL,AGL,CE,Federal Contract Tower,0,4,47,4,55,0,0,29,0,29,0,4,76,4,84,28,0,28,112
01/24/2003,UGN,IL,AGL,CE,Federal Contract Tower,0,3,40,4,47,0,0,37,0,37,0,3,77,4,84,62,0,62,146
01/25/2003,UGN,IL,AGL,CE,Federal Contract Tower,0,4,15,2,21,0,0,88,0,88,0,4,103,2,109,256,0,256,365
01/26/2003,UGN,IL,AGL,CE,Federal Contract Tower,0,1,8,0,9,0,0,48,0,48,0,1,56,0,57,166,0,166,223
01/27/2003,UGN,IL,AGL,CE,Federal Contract Tower,0,2,36,0,38,0,0,26,0,26,0,2,62,0,64,42,0,42,106
01/28/2003,UGN,IL,AGL,CE,Federal Contract Tower,0,3,35,0,38,0,0,5,0,5,0,3,40,0,43,4,0,4,47
01/29/2003,UGN,IL,AGL,CE,Federal Contract Tower,0,3,30,0,33,0,0,32,2,34,0,3,62,2,67,166,0,166,233
01/30/2003,UGN,IL,AGL,CE,Federal Contract Tower,0,6,33,0,39,0,0,28,2,30,0,6,61,2,69,68,0,68,137
01/31/2003,UGN,IL,AGL,CE,Federal Contract Tower,0,1,17,0,18,0,0,0,0,0,0,1,17,0,18,0,0,0,18
02/01/2003,UGN,IL,AGL,CE,Federal Contract Tower,0,3,20,0,23,0,0,0,0,0,0,3,20,0,23,228,0,228,251
02/02/2003,UGN,IL,AGL,CE,Federal Contract Tower,0,5,19,0,24,0,0,0,0,0,0,5,19,0,24,4,0,4,28
02/03/2003,UGN,IL,AGL,CE,Federal Contract Tower,0,1,18,2,21,0,0,0,0,0,0,1,18,2,21,0,0,0,21
02/04/2003,UGN,IL,AGL,CE,Federal Contract Tower,0,2,53,0,55,0,0,7,0,7,0,2,60,0,62,8,0,8,70
02/05/2003,UGN,IL,AGL,CE,Federal Contract Tower,0,9,41,0,50,0,0,65,0,65,0,9,106,0,115,198,0,198,313
02/06/2003,UGN,IL,AGL,CE,Federal Contract Tower,0,11,33,1,45,0,0,61,0,61,0,11,94,1,106,234,0,234,340
02/07/2003,UGN,IL,AGL,CE,Federal Contract Tower,0,5,41,8,54,0,0,51,0,51,0,5,92,8,105,190,0,190,295
02/08/2003,UGN,IL,AGL,CE,Federal Contract Tower,0,2,12,4,18,0,2,11,0,13,0,4,23,4,31,76,0,76,107
02/09/2003,UGN,IL,AGL,CE,Federal Contract Tower,0,10,16,9,35,0,0,117,0,117,0,10,133,9,152,275,0,275,427
02/10/2003,UGN,IL,AGL,CE,Federal Contract Tower,0,4,37,0,41,0,0,7,0,7,0,4,44,0,48,42,0,42,90
02/11/2003,UGN,IL,AGL,CE,Federal Contract Tower,0,3,36,2,41,0,0,6,0,6,0,3,42,2,47,16,0,16,63
02/12/2003,UGN,IL,AGL,CE,Federal Contract Tower,0,8,34,3,45,0,0,32,0,32,0,8,66,3,77,34,0,34,111
02/13/2003,UGN,IL,AGL,CE,Federal Contract Tower,0,4,30,2,36,0,0,71,4,75,0,4,101,6,111,232,0,232,343
02/14/2003,UGN,IL,AGL,CE,Federal Contract Tower,0,13,35,2,50,0,0,25,0,25,0,13,60,2,75,66,0,66,141
02/15/2003,UGN,IL,AGL,CE,Federal Contract Tower,0,5,14,0,19,0,0,18,0,18,0,5,32,0,37,120,0,120,157
02/16/2003,UGN,IL,AGL,CE,Federal Contract Tower,0,7,11,2,20,0,0,98,0,98,0,7,109,2,118,174,0,174,292
02/17/2003,UGN,IL,AGL,CE,Federal Contract Tower,0,15,40,0,55,0,0,0,0,0,0,15,40,0,55,6,0,6,61
02/18/2003,UGN,IL,AGL,CE,Federal Contract Tower,0,15,30,2,47,0,0,17,0,17,0,15,47,2,64,74,0,74,138
02/19/2003,UGN,IL,AGL,CE,Federal Contract Tower,0,4,25,0,29,0,0,66,0,66,0,4,91,0,95,188,0,188,283
02/20/2003,UGN,IL,AGL,CE,Federal Contract Tower,0,6,43,2,51,0,0,64,2,66,0,6,107,4,117,98,6,104,221
02/21/2003,UGN,IL,AGL,CE,Federal Contract Tower,0,4,33,3,40,0,0,75,0,75,0,4,108,3,115,226,0,226,341
02/22/2003,UGN,IL,AGL,CE,Federal Contract Tower,0,2,13,1,16,0,0,0,0,0,0,2,13,1,16,0,0,0,16
02/23/2003,UGN,IL,AGL,CE,Federal Contract Tower,0,11,21,4,36,0,0,70,0,70,0,11,91,4,106,210,0,210,316
02/24/2003,UGN,IL,AGL,CE,Federal Contract Tower,0,7,36,0,43,0,0,4,0,4,0,7,40,0,47,18,0,18,65
02/25/2003,UGN,IL,AGL,CE,Federal Contract Tower,0,13,33,2,48,0,0,34,0,34,0,13,67,2,82,88,0,88,170
02/26/2003,UGN,IL,AGL,CE,Federal Contract Tower,0,7,38,0,45,0,0,56,0,56,0,7,94,0,101,108,0,108,209
02/27/2003,UGN,IL,AGL,CE,Federal Contract Tower,0,18,39,0,57,0,0,86,2,88,0,18,125,2,145,164,0,164,309
02/28/2003,UGN,IL,AGL,CE,Federal Contract Tower,0,7,38,0,45,0,0,73,0,73,0,7,111,0,118,138,0,138,256
03/01/2003,UGN,IL,AGL,CE,Federal Contract Tower,0,2,10,0,12,0,1,74,0,75,0,3,84,0,87,308,0,308,395
03/02/2003,UGN,IL,AGL,CE,Federal Contract Tower,0,8,28,0,36,0,0,18,0,18,0,8,46,0,54,46,0,46,100
03/03/2003,UGN,IL,AGL,CE,Federal Contract Tower,0,8,38,2,48,0,0,16,0,16,0,8,54,2,64,58,0,58,122
03/04/2003,UGN,IL,AGL,CE,Federal Contract Tower,0,2,30,1,33,0,0,7,1,8,0,2,37,2,41,28,0,28,69
03/05/2003,UGN,IL,AGL,CE,Federal Contract Tower,0,10,28,4,42,0,0,12,0,12,0,10,40,4,54,14,0,14,68
03/06/2003,UGN,IL,AGL,CE,Federal Contract Tower,0,3,35,2,40,0,0,24,0,24,0,3,59,2,64,50,0,50,114
03/07/2003,UGN,IL,AGL,CE,Federal Contract Tower,0,6,41,3,50,0,0,14,0,14,0,6,55,3,64,38,0,38,102
03/08/2003,UGN,IL,AGL,CE,Federal Contract Tower,0,0,31,2,33,0,0,0,0,0,0,0,31,2,33,0,0,0,33
03/09/2003,UGN,IL,AGL,CE,Federal Contract Tower,0,5,27,0,32,0,2,119,0,121,0,7,146,0,153,143,0,143,296
03/10/2003,UGN,IL,AGL,CE,Federal Contract Tower,0,6,27,4,37,0,0,54,0,54,0,6,81,4,91,117,0,117,208
03/11/2003,UGN,IL,AGL,CE,Federal Contract Tower,0,7,36,0,43,0,0,47,2,49,0,7,83,2,92,78,0,78,170
03/12/2003,UGN,IL,AGL,CE,Federal Contract Tower,0,10,40,0,50,0,0,15,0,15,0,10,55,0,65,54,0,54,119
03/13/2003,UGN,IL,AGL,CE,Federal Contract Tower,0,3,31,0,34,0,0,39,0,39,0,3,70,0,73,84,0,84,157
03/14/2003,UGN,IL,AGL,CE,Federal Contract Tower,0,4,47,0,51,0,0,99,0,99,0,4,146,0,150,192,0,192,342
03/15/2003,UGN,IL,AGL,CE,Federal Contract Tower,0,5,21,2,28,0,0,136,0,136,0,5,157,2,164,330,0,330,494
03/16/2003,UGN,IL,AGL,CE,Federal Contract Tower,0,14,24,0,38,0,0,85,0,85,0,14,109,0,123,159,0,159,282
03/17/2003,UGN,IL,AGL,CE,Federal Contract Tower,0,4,43,0,47,0,0,40,0,40,0,4,83,0,87,110,0,110,197
03/18/2003,UGN,IL,AGL,CE,Federal Contract Tower,0,4,36,0,40,0,0,3,0,3,0,4,39,0,43,0,0,0,43
03/19/2003,UGN,IL,AGL,CE,Federal Contract Tower,0,8,23,0,31,0,0,2,0,2,0,8,25,0,33,12,0,12,45
03/20/2003,UGN,IL,AGL,CE,Federal Contract Tower,0,4,44,4,52,0,0,5,0,5,0,4,49,4,57,72,0,72,129
03/21/2003,UGN,IL,AGL,CE,Federal Contract Tower,0,8,50,2,60,0,0,20,0,20,0,8,70,2,80,106,0,106,186
03/22/2003,UGN,IL,AGL,CE,Federal Contract Tower,0,11,25,0,36,0,0,65,0,65,0,11,90,0,101,302,0,302,403
03/23/2003,UGN,IL,AGL,CE,Federal Contract Tower,0,5,32,2,39,0,0,128,0,128,0,5,160,2,167,232,0,232,399
03/24/2003,UGN,IL,AGL,CE,Federal Contract Tower,0,2,42,0,44,0,0,42,2,44,0,2,84,2,88,110,0,110,198
03/25/2003,UGN,IL,AGL,CE,Federal Contract Tower,0,8,24,0,32,0,0,71,0,71,0,8,95,0,103,86,0,86,189
03/26/2003,UGN,IL,AGL,CE,Federal Contract Tower,0,9,35,0,44,0,0,85,0,85,0,9,120,0,129,130,0,130,259
03/27/2003,UGN,IL,AGL,CE,Federal Contract Tower,0,6,41,0,47,0,0,41,2,43,0,6,82,2,90,66,0,66,156
03/28/2003,UGN,IL,AGL,CE,Federal Contract Tower,0,10,27,0,37,0,0,0,1,1,0,10,27,1,38,0,0,0,38
03/29/2003,UGN,IL,AGL,CE,Federal Contract Tower,0,7,24,0,31,0,0,62,2,64,0,7,86,2,95,132,0,132,227
03/30/2003,UGN,IL,AGL,CE,Federal Contract Tower,0,10,27,0,37,0,0,84,0,84,0,10,111,0,121,116,0,116,237
03/31/2003,UGN,IL,AGL,CE,Federal Contract Tower,0,5,30,0,35,0,0,48,2,50,0,5,78,2,85,142,0,142,227
04/01/2003,UGN,IL,AGL,CE,Federal Contract Tower,0,7,42,4,53,0,0,62,2,64,0,7,104,6,117,62,0,62,179
04/02/2003,UGN,IL,AGL,CE,Federal Contract Tower,0,10,26,0,36,0,0,58,0,58,0,10,84,0,94,136,0,136,230
04/03/2003,UGN,IL,AGL,CE,Federal Contract Tower,0,3,36,0,39,0,0,0,0,0,0,3,36,0,39,0,0,0,39
04/04/2003,UGN,IL,AGL,CE,Federal Contract Tower,0,6,23,0,29,0,0,0,0,0,0,6,23,0,29,0,0,0,29
04/05/2003,UGN,IL,AGL,CE,Federal Contract Tower,0,6,22,0,28,0,0,37,0,37,0,6,59,0,65,100,0,100,165
04/06/2003,UGN,IL,AGL,CE,Federal Contract Tower,0,12,31,0,43,0,0,64,0,64,0,12,95,0,107,150,0,150,257
04/07/2003,UGN,IL,AGL,CE,Federal Contract Tower,0,9,17,0,26,0,0,0,0,0,0,9,17,0,26,0,0,0,26
04/08/2003,UGN,IL,AGL,CE,Federal Contract Tower,0,13,31,2,46,0,0,5,0,5,0,13,36,2,51,4,0,4,55
04/09/2003,UGN,IL,AGL,CE,Federal Contract Tower,0,5,49,0,54,0,0,63,0,63,0,5,112,0,117,198,0,198,315
04/10/2003,UGN,IL,AGL,CE,Federal Contract Tower,0,9,42,2,53,0,0,91,0,91,0,9,133,2,144,98,0,98,242
04/11/2003,UGN,IL,AGL,CE,Federal Contract Tower,0,6,38,0,44,0,0,82,2,84,0,6,120,2,128,116,0,116,244
04/12/2003,UGN,IL,AGL,CE,Federal Contract Tower,0,0,14,0,14,0,0,123,0,123,0,0,137,0,137,124,0,124,261
04/13/2003,UGN,IL,AGL,CE,Federal Contract Tower,0,2,23,0,25,0,0,115,0,115,0,2,138,0,140,122,0,122,262
04/14/2003,UGN,IL,AGL,CE,Federal Contract Tower,0,4,36,0,40,0,0,57,0,57,0,4,93,0,97,70,0,70,167
04/15/2003,UGN,IL,AGL,CE,Federal Contract Tower,0,3,53,0,56,0,0,37,2,39,0,3,90,2,95,58,0,58,153
04/16/2003,UGN,IL,AGL,CE,Federal Contract Tower,0,8,41,0,49,0,0,6,0,6,0,8,47,0,55,4,0,4,59
04/17/2003,UGN,IL,AGL,CE,Federal Contract Tower,0,9,44,0,53,0,0,25,0,25,0,9,69,0,78,114,0,114,192
04/18/2003,UGN,IL,AGL,CE,Federal Contract Tower,0,4,47,0,51,0,0,21,0,21,0,4,68,0,72,162,0,162,234
04/19/2003,UGN,IL,AGL,CE,Federal Contract Tower,0,6,15,0,21,0,0,5,0,5,0,6,20,0,26,38,0,38,64
04/20/2003,UGN,IL,AGL,CE,Federal Contract Tower,0,4,19,0,23,0,0,7,0,7,0,4,26,0,30,18,0,18,48
04/21/2003,UGN,IL,AGL,CE,Federal Contract Tower,0,8,56,0,64,0,0,15,2,17,0,8,71,2,81,82,0,82,163
04/22/2003,UGN,IL,AGL,CE,Federal Contract Tower,0,4,39,0,43,0,0,73,0,73,0,4,112,0,116,212,0,212,328
04/23/2003,UGN,IL,AGL,CE,Federal Contract Tower,0,12,57,0,69,0,0,123,0,123,0,12,180,0,192,146,0,146,338
04/24/2003,UGN,IL,AGL,CE,Federal Contract Tower,0,6,55,4,65,0,0,91,0,91,0,6,146,4,156,168,0,168,324
04/25/2003,UGN,IL,AGL,CE,Federal Contract Tower,0,11,38,0,49,0,0,62,0,62,0,11,100,0,111,92,0,92,203
04/26/2003,UGN,IL,AGL,CE,Federal Contract Tower,0,9,23,0,32,0,0,143,0,143,0,9,166,0,175,169,0,169,344
04/27/2003,UGN,IL,AGL,CE,Federal Contract Tower,0,18,38,0,56,0,0,122,0,122,0,18,160,0,178,186,0,186,364
04/28/2003,UGN,IL,AGL,CE,Federal Contract Tower,0,7,30,0,37,0,3,75,0,78,0,10,105,0,115,70,0,70,185
04/29/2003,UGN,IL,AGL,CE,Federal Contract Tower,0,5,48,0,53,0,0,75,0,75,0,5,123,0,128,134,0,134,262
04/30/2003,UGN,IL,AGL,CE,Federal Contract Tower,0,4,39,0,43,0,0,0,0,0,0,4,39,0,43,0,0,0,43
05/01/2003,UGN,IL,AGL,CE,Federal Contract Tower,0,8,50,0,58,0,0,0,0,0,0,8,50,0,58,0,0,0,58
05/02/2003,UGN,IL,AGL,CE,Federal Contract Tower,0,8,40,1,49,0,0,58,1,59,0,8,98,2,108,74,0,74,182
05/03/2003,UGN,IL,AGL,CE,Federal Contract Tower,0,5,24,0,29,0,0,101,0,101,0,5,125,0,130,178,0,178,308
05/04/2003,UGN,IL,AGL,CE,Federal Contract Tower,0,10,28,1,39,0,0,80,0,80,0,10,108,1,119,166,0,166,285
05/05/2003,UGN,IL,AGL,CE,Federal Contract Tower,0,6,34,0,40,0,0,16,0,16,0,6,50,0,56,68,0,68,124
05/06/2003,UGN,IL,AGL,CE,Federal Contract Tower,0,14,54,2,70,0,0,103,0,103,0,14,157,2,173,100,0,100,273
05/07/2003,UGN,IL,AGL,CE,Federal Contract Tower,0,10,44,0,54,0,0,0,0,0,0,10,44,0,54,0,0,0,54
05/08/2003,UGN,IL,AGL,CE,Federal Contract Tower,0,8,40,0,48,0,0,21,0,21,0,8,61,0,69,78,0,78,147
05/09/2003,UGN,IL,AGL,CE,Federal Contract Tower,0,11,47,1,59,0,0,21,1,22,0,11,68,2,81,32,0,32,113
05/10/2003,UGN,IL,AGL,CE,Federal Contract Tower,0,10,20,0,30,0,0,58,0,58,0,10,78,0,88,190,0,190,278
05/11/2003,UGN,IL,AGL,CE,Federal Contract Tower,0,13,19,2,34,0,0,0,0,0,0,13,19,2,34,0,0,0,34
05/12/2003,UGN,IL,AGL,CE,Federal Contract Tower,0,2,57,0,59,0,0,22,0,22,0,2,79,0,81,50,0,50,131
05/13/2003,UGN,IL,AGL,CE,Federal Contract Tower,0,5,29,0,34,0,0,123,0,123,0,5,152,0,157,202,0,202,359
05/14/2003,UGN,IL,AGL,CE,Federal Contract Tower,0,6,35,0,41,0,0,30,0,30,0,6,65,0,71,120,0,120,191
05/15/2003,UGN,IL,AGL,CE,Federal Contract Tower,0,9,45,2,56,0,0,34,0,34,0,9,79,2,90,94,0,94,184
05/16/2003,UGN,IL,AGL,CE,Federal Contract Tower,0,7,53,1,61,0,0,92,0,92,0,7,145,1,153,150,0,150,303
05/17/2003,UGN,IL,AGL,CE,Federal Contract Tower,0,5,34,0,39,0,0,27,2,29,0,5,61,2,68,100,0,100,168
05/18/2003,UGN,IL,AGL,CE,Federal Contract Tower,0,8,45,2,55,0,0,29,1,30,0,8,74,3,85,88,0,88,173
05/19/2003,UGN,IL,AGL,CE,Federal Contract Tower,0,11,54,4,69,0,0,0,0,0,0,11,54,4,69,2,0,2,71
05/20/2003,UGN,IL,AGL,CE,Federal Contract Tower,0,6,41,0,47,0,0,57,0,57,0,6,98,0,104,150,0,150,254
05/21/2003,UGN,IL,AGL,CE,Federal Contract Tower,0,3,31,0,34,0,0,115,1,116,0,3,146,1,150,256,0,256,406
05/22/2003,UGN,IL,AGL,CE,Federal Contract Tower,0,12,41,0,53,0,0,79,1,80,0,12,120,1,133,155,0,155,288
05/23/2003,UGN,IL,AGL,CE,Federal Contract Tower,0,10,51,0,61,0,0,94,0,94,0,10,145,0,155,146,0,146,301
05/24/2003,UGN,IL,AGL,CE,Federal Contract Tower,0,4,18,0,22,0,0,92,1,93,0,4,110,1,115,174,0,174,289
05/25/2003,UGN,IL,AGL,CE,Federal Contract Tower,0,7,12,0,19,0,0,110,2,112,0,7,122,2,131,150,36,186,317
05/26/2003,UGN,IL,AGL,CE,Federal Contract Tower,0,11,35,0,46,0,0,104,2,106,0,11,139,2,152,134,0,134,286
05/27/2003,UGN,IL,AGL,CE,Federal Contract Tower,0,9,53,2,64,0,0,56,2,58,0,9,109,4,122,162,0,162,284
05/28/2003,UGN,IL,AGL,CE,Federal Contract Tower,0,12,32,0,44,0,0,17,1,18,0,12,49,1,62,90,0,90,152
05/29/2003,UGN,IL,AGL,CE,Federal Contract Tower,0,9,54,0,63,0,0,37,2,39,0,9,91,2,102,120,0,120,222
05/30/2003,UGN,IL,AGL,CE,Federal Contract Tower,0,2,31,4,37,0,0,49,2,51,0,2,80,6,88,168,0,168,256
05/31/2003,UGN,IL,AGL,CE,Federal Contract Tower,0,3,9,3,15,0,0,6,1,7,0,3,15,4,22,38,1,39,61
06/01/2003,UGN,IL,AGL,CE,Federal Contract Tower,0,8,37,1,46,0,1,116,3,120,0,9,153,4,166,190,0,190,356
06/02/2003,UGN,IL,AGL,CE,Federal Contract Tower,0,7,32,0,39,0,0,73,0,73,0,7,105,0,112,134,0,134,246
06/03/2003,UGN,IL,AGL,CE,Federal Contract Tower,0,3,53,0,56,0,0,34,0,34,0,3,87,0,90,104,0,104,194
06/04/2003,UGN,IL,AGL,CE,Federal Contract Tower,0,9,35,0,44,0,0,62,0,62,0,9,97,0,106,310,0,310,416
06/05/2003,UGN,IL,AGL,CE,Federal Contract Tower,0,10,34,0,44,0,0,75,0,75,0,10,109,0,119,222,0,222,341
06/06/2003,UGN,IL,AGL,CE,Federal Contract Tower,0,10,40,5,55,0,0,36,3,39,0,10,76,8,94,93,0,93,187
06/07/2003,UGN,IL,AGL,CE,Federal Contract Tower,0,0,20,0,20,0,0,92,1,93,0,0,112,1,113,204,0,204,317
06/08/2003,UGN,IL,AGL,CE,Federal Contract Tower,0,9,22,0,31,0,0,17,0,17,0,9,39,0,48,66,0,66,114
06/09/2003,UGN,IL,AGL,CE,Federal Contract Tower,0,9,50,1,60,0,0,80,1,81,0,9,130,2,141,82,4,86,227
06/10/2003,UGN,IL,AGL,CE,Federal Contract Tower,0,10,45,0,55,0,0,27,2,29,0,10,72,2,84,52,0,52,136
06/11/2003,UGN,IL,AGL,CE,Federal Contract Tower,0,9,56,2,67,0,0,7,0,7,0,9,63,2,74,0,0,0,74
06/12/2003,UGN,IL,AGL,CE,Federal Contract Tower,0,11,67,0,78,0,0,0,0,0,0,11,67,0,78,4,0,4,82
06/13/2003,UGN,IL,AGL,CE,Federal Contract Tower,0,9,52,1,62,0,0,24,0,24,0,9,76,1,86,88,1,89,175
06/14/2003,UGN,IL,AGL,CE,Federal Contract Tower,0,3,22,0,25,0,2,195,1,198,0,5,217,1,223,194,0,194,417
06/15/2003,UGN,IL,AGL,CE,Federal Contract Tower,0,2,31,0,33,0,0,107,1,108,0,2,138,1,141,105,1,106,247
06/16/2003,UGN,IL,AGL,CE,Federal Contract Tower,0,8,57,1,66,0,0,60,2,62,0,8,117,3,128,244,0,244,372
06/17/2003,UGN,IL,AGL,CE,Federal Contract Tower,0,8,60,0,68,0,0,91,4,95,0,8,151,4,163,158,4,162,325
06/18/2003,UGN,IL,AGL,CE,Federal Contract Tower,0,8,54,0,62,0,0,37,2,39,0,8,91,2,101,102,0,102,203
06/19/2003,UGN,IL,AGL,CE,Federal Contract Tower,0,10,42,0,52,0,0,95,0,95,0,10,137,0,147,186,0,186,333
06/20/2003,UGN,IL,AGL,CE,Federal Contract Tower,0,12,41,0,53,0,0,130,2,132,0,12,171,2,185,234,0,234,419
06/21/2003,UGN,IL,AGL,CE,Federal Contract Tower,0,13,25,0,38,0,0,118,3,121,0,13,143,3,159,304,0,304,463
06/22/2003,UGN,IL,AGL,CE,Federal Contract Tower,0,13,45,0,58,0,0,98,2,100,0,13,143,2,158,176,0,176,334
06/23/2003,UGN,IL,AGL,CE,Federal Contract Tower,0,4,41,0,45,0,0,91,2,93,0,4,132,2,138,110,0,110,248
06/24/2003,UGN,IL,AGL,CE,Federal Contract Tower,0,8,36,0,44,0,0,68,3,71,0,8,104,3,115,166,0,166,281
06/25/2003,UGN,IL,AGL,CE,Federal Contract Tower,0,12,55,0,67,0,0,57,4,61,0,12,112,4,128,180,0,180,308
06/26/2003,UGN,IL,AGL,CE,Federal Contract Tower,0,12,58,0,70,0,0,33,2,35,0,12,91,2,105,98,0,98,203
06/27/2003,UGN,IL,AGL,CE,Federal Contract Tower,0,4,41,8,53,0,0,114,3,117,0,4,155,11,170,176,40,216,386
06/28/2003,UGN,IL,AGL,CE,Federal Contract Tower,0,1,13,0,14,0,0,28,3,31,0,1,41,3,45,80,0,80,125
06/29/2003,UGN,IL,AGL,CE,Federal Contract Tower,0,9,36,7,52,0,0,96,1,97,0,9,132,8,149,106,0,106,255
06/30/2003,UGN,IL,AGL,CE,Federal Contract Tower,0,8,46,2,56,0,0,95,1,96,0,8,141,3,152,197,0,197,349
07/01/2003,UGN,IL,AGL,CE,Federal Contract Tower,0,9,44,6,59,0,0,80,0,80,0,9,124,6,139,146,8,154,293
07/02/2003,UGN,IL,AGL,CE,Federal Contract Tower,0,13,41,3,57,0,0,90,0,90,0,13,131,3,147,172,0,172,319
07/03/2003,UGN,IL,AGL,CE,Federal Contract Tower,0,8,42,0,50,0,0,73,3,76,0,8,115,3,126,184,0,184,310
07/04/2003,UGN,IL,AGL,CE,Federal Contract Tower,0,9,5,1,15,0,1,20,5,26,0,10,25,6,41,24,0,24,65
07/05/2003,UGN,IL,AGL,CE,Federal Contract Tower,0,6,8,1,15,0,0,74,2,76,0,6,82,3,91,152,0,152,243
07/06/2003,UGN,IL,AGL,CE,Federal Contract Tower,0,18,41,0,59,0,0,23,0,23,0,18,64,0,82,69,0,69,151
07/07/2003,UGN,IL,AGL,CE,Federal Contract Tower,0,15,51,2,68,0,0,25,0,25,0,15,76,2,93,60,0,60,153
07/08/2003,UGN,IL,AGL,CE,Federal Contract Tower,0,13,35,2,50,0,0,12,2,14,0,13,47,4,64,76,0,76,140
07/09/2003,UGN,IL,AGL,CE,Federal Contract Tower,0,11,55,4,70,0,0,32,0,32,0,11,87,4,102,90,0,90,192
07/10/2003,UGN,IL,AGL,CE,Federal Contract Tower,0,4,49,1,54,0,0,44,1,45,0,4,93,2,99,180,0,180,279
07/11/2003,UGN,IL,AGL,CE,Federal Contract Tower,0,12,42,1,55,0,0,44,10,54,0,12,86,11,109,108,0,108,217
07/12/2003,UGN,IL,AGL,CE,Federal Contract Tower,0,1,28,2,31,0,0,110,2,112,0,1,138,4,143,304,0,304,447
07/13/2003,UGN,IL,AGL,CE,Federal Contract Tower,0,5,37,1,43,0,0,70,2,72,0,5,107,3,115,212,0,212,327
07/14/2003,UGN,IL,AGL,CE,Federal Contract Tower,0,6,44,2,52,0,0,86,4,90,0,6,130,6,142,138,0,138,280
07/15/2003,UGN,IL,AGL,CE,Federal Contract Tower,0,11,43,1,55,0,0,41,0,41,0,11,84,1,96,150,0,150,246
07/16/2003,UGN,IL,AGL,CE,Federal Contract Tower,0,7,40,0,47,0,0,111,9,120,0,7,151,9,167,140,20,160,327
07/17/2003,UGN,IL,AGL,CE,Federal Contract Tower,0,5,48,0,53,0,0,54,3,57,0,5,102,3,110,92,0,92,202
07/18/2003,UGN,IL,AGL,CE,Federal Contract Tower,0,18,59,1,78,0,0,63,3,66,0,18,122,4,144,149,10,159,303
07/19/2003,UGN,IL,AGL,CE,Federal Contract Tower,0,3,15,0,18,0,0,150,2,152,0,3,165,2,170,186,32,218,388
07/20/2003,UGN,IL,AGL,CE,Federal Contract Tower,0,4,41,0,45,0,0,59,7,66,0,4,100,7,111,76,28,104,215
07/21/2003,UGN,IL,AGL,CE,Federal Contract Tower,0,6,51,0,57,0,0,53,2,55,0,6,104,2,112,146,0,146,258
07/22/2003,UGN,IL,AGL,CE,Federal Contract Tower,0,4,55,0,59,0,0,58,1,59,0,4,113,1,118,176,0,176,294
07/23/2003,UGN,IL,AGL,CE,Federal Contract Tower,0,9,44,0,53,0,0,88,0,88,0,9,132,0,141,164,0,164,305
07/24/2003,UGN,IL,AGL,CE,Federal Contract Tower,0,17,64,0,81,0,0,103,0,103,0,17,167,0,184,98,0,98,282
07/25/2003,UGN,IL,AGL,CE,Federal Contract Tower,0,12,40,0,52,0,0,90,2,92,0,12,130,2,144,212,0,212,356
07/26/2003,UGN,IL,AGL,CE,Federal Contract Tower,0,5,14,0,19,0,0,55,4,59,0,5,69,4,78,124,4,128,206
07/27/2003,UGN,IL,AGL,CE,Federal Contract Tower,0,14,26,0,40,0,0,40,4,44,0,14,66,4,84,152,24,176,260
07/28/2003,UGN,IL,AGL,CE,Federal Contract Tower,0,8,53,0,61,0,0,44,4,48,0,8,97,4,109,70,6,76,185
07/29/2003,UGN,IL,AGL,CE,Federal Contract Tower,0,9,46,0,55,0,0,71,0,71,0,9,117,0,126,195,0,195,321
07/30/2003,UGN,IL,AGL,CE,Federal Contract Tower,0,7,54,4,65,0,0,57,4,61,0,7,111,8,126,122,0,122,248
07/31/2003,UGN,IL,AGL,CE,Federal Contract Tower,0,6,55,0,61,0,0,54,7,61,0,6,109,7,122,152,0,152,274
08/01/2003,UGN,IL,AGL,CE,Federal Contract Tower,0,7,37,2,46,0,1,47,4,52,0,8,84,6,98,210,0,210,308
08/02/2003,UGN,IL,AGL,CE,Federal Contract Tower,0,7,23,0,30,0,0,84,2,86,0,7,107,2,116,186,0,186,302
08/03/2003,UGN,IL,AGL,CE,Federal Contract Tower,0,8,26,0,34,0,0,53,0,53,0,8,79,0,87,52,0,52,139
08/04/2003,UGN,IL,AGL,CE,Federal Contract Tower,0,9,63,3,75,0,0,27,0,27,0,9,90,3,102,80,2,82,184
08/05/2003,UGN,IL,AGL,CE,Federal Contract Tower,0,8,41,2,51,0,0,67,4,71,0,8,108,6,122,260,0,260,382
08/06/2003,UGN,IL,AGL,CE,Federal Contract Tower,0,16,64,0,80,0,0,30,4,34,0,16,94,4,114,110,0,110,224
08/07/2003,UGN,IL,AGL,CE,Federal Contract Tower,0,5,41,0,46,0,0,78,6,84,0,5,119,6,130,172,0,172,302
08/08/2003,UGN,IL,AGL,CE,Federal Contract Tower,0,7,58,2,67,0,0,6,3,9,0,7,64,5,76,0,0,0,76
08/09/2003,UGN,IL,AGL,CE,Federal Contract Tower,0,9,24,0,33,0,0,95,2,97,0,9,119,2,130,148,0,148,278
08/10/2003,UGN,IL,AGL,CE,Federal Contract Tower,0,10,47,0,57,0,0,107,4,111,0,10,154,4,168,100,0,100,268
08/11/2003,UGN,IL,AGL,CE,Federal Contract Tower,0,5,39,5,49,0,0,16,3,19,0,5,55,8,68,0,0,0,68
08/12/2003,UGN,IL,AGL,CE,Federal Contract Tower,0,12,55,0,67,0,0,31,2,33,0,12,86,2,100,138,0,138,238
08/13/2003,UGN,IL,AGL,CE,Federal Contract Tower,0,12,48,0,60,0,0,53,1,54,0,12,101,1,114,146,0,146,260
08/14/2003,UGN,IL,AGL,CE,Federal Contract Tower,0,13,50,0,63,0,0,47,7,54,0,13,97,7,117,198,0,198,315
08/15/2003,UGN,IL,AGL,CE,Federal Contract Tower,0,8,56,1,65,0,0,32,3,35,0,8,88,4,100,152,0,152,252
08/16/2003,UGN,IL,AGL,CE,Federal Contract Tower,0,8,24,0,32,0,0,67,4,71,0,8,91,4,103,102,0,102,205
08/17/2003,UGN,IL,AGL,CE,Federal Contract Tower,0,18,30,0,48,0,0,108,4,112,0,18,138,4,160,138,2,140,300
08/18/2003,UGN,IL,AGL,CE,Federal Contract Tower,0,11,38,0,49,0,1,91,3,95,0,12,129,3,144,108,0,108,252
08/19/2003,UGN,IL,AGL,CE,Federal Contract Tower,0,9,45,2,56,0,0,89,2,91,0,9,134,4,147,132,0,132,279
08/20/2003,UGN,IL,AGL,CE,Federal Contract Tower,0,8,57,1,66,0,0,56,4,60,0,8,113,5,126,116,0,116,242
08/21/2003,UGN,IL,AGL,CE,Federal Contract Tower,0,8,58,2,68,0,0,34,5,39,0,8,92,7,107,84,0,84,191
08/22/2003,UGN,IL,AGL,CE,Federal Contract Tower,0,10,36,1,47,0,0,71,2,73,0,10,107,3,120,110,0,110,230
08/23/2003,UGN,IL,AGL,CE,Federal Contract Tower,0,13,22,0,35,0,0,113,1,114,0,13,135,1,149,192,0,192,341
08/24/2003,UGN,IL,AGL,CE,Federal Contract Tower,0,23,38,1,62,0,0,85,3,88,0,23,123,4,150,76,12,88,238
08/25/2003,UGN,IL,AGL,CE,Federal Contract Tower,0,10,29,2,41,0,0,50,4,54,0,10,79,6,95,160,18,178,273
08/26/2003,UGN,IL,AGL,CE,Federal Contract Tower,0,9,35,0,44,0,0,40,3,43,0,9,75,3,87,184,0,184,271
08/27/2003,UGN,IL,AGL,CE,Federal Contract Tower,0,13,49,0,62,0,0,77,7,84,0,13,126,7,146,160,12,172,318
08/28/2003,UGN,IL,AGL,CE,Federal Contract Tower,0,10,33,0,43,0,0,61,2,63,0,10,94,2,106,92,0,92,198
08/29/2003,UGN,IL,AGL,CE,Federal Contract Tower,0,21,38,0,59,0,0,57,0,57,0,21,95,0,116,162,0,162,278
08/30/2003,UGN,IL,AGL,CE,Federal Contract Tower,0,8,26,0,34,0,0,85,2,87,0,8,111,2,121,206,8,214,335
08/31/2003,UGN,IL,AGL,CE,Federal Contract Tower,0,8,14,4,26,0,0,68,0,68,0,8,82,4,94,152,0,152,246
09/01/2003,UGN,IL,AGL,CE,Federal Contract Tower,0,20,31,0,51,0,0,31,2,33,0,20,62,2,84,22,0,22,106
09/02/2003,UGN,IL,AGL,CE,Federal Contract Tower,0,12,59,0,71,0,0,67,2,69,0,12,126,2,140,154,0,154,294
09/03/2003,UGN,IL,AGL,CE,Federal Contract Tower,0,8,41,1,50,0,0,40,2,42,0,8,81,3,92,106,4,110,202
09/04/2003,UGN,IL,AGL,CE,Federal Contract Tower,0,3,46,1,50,0,0,75,2,77,0,3,121,3,127,136,6,142,269
09/05/2003,UGN,IL,AGL,CE,Federal Contract Tower,0,7,31,1,39,0,0,58,0,58,0,7,89,1,97,150,0,150,247
09/06/2003,UGN,IL,AGL,CE,Federal Contract Tower,0,4,21,0,25,0,2,101,5,108,0,6,122,5,133,142,0,142,275
09/07/2003,UGN,IL,AGL,CE,Federal Contract Tower,0,11,44,3,58,0,0,118,1,119,0,11,162,4,177,214,14,228,405
09/08/2003,UGN,IL,AGL,CE,Federal Contract Tower,0,2,38,0,40,0,0,82,2,84,0,2,120,2,124,164,0,164,288
09/09/2003,UGN,IL,AGL,CE,Federal Contract Tower,0,4,44,1,49,0,0,46,1,47,0,4,90,2,96,144,0,144,240
09/10/2003,UGN,IL,AGL,CE,Federal Contract Tower,0,5,52,0,57,0,0,84,2,86,0,5,136,2,143,220,0,220,363
09/11/2003,UGN,IL,AGL,CE,Federal Contract Tower,0,12,48,0,60,0,0,30,0,30,0,12,78,0,90,110,0,110,200
09/12/2003,UGN,IL,AGL,CE,Federal Contract Tower,0,5,42,0,47,0,0,31,3,34,0,5,73,3,81,110,0,110,191
09/13/2003,UGN,IL,AGL,CE,Federal Contract Tower,0,4,16,3,23,0,0,0,0,0,0,4,16,3,23,8,0,8,31
09/14/2003,UGN,IL,AGL,CE,Federal Contract Tower,0,9,39,12,60,0,0,2,0,2,0,9,41,12,62,20,0,20,82
09/15/2003,UGN,IL,AGL,CE,Federal Contract Tower,0,11,30,0,41,0,1,84,3,88,0,12,114,3,129,148,0,148,277
09/16/2003,UGN,IL,AGL,CE,Federal Contract Tower,0,6,51,0,57,0,0,74,4,78,0,6,125,4,135,172,0,172,307
09/17/2003,UGN,IL,AGL,CE,Federal Contract Tower,0,10,67,0,77,0,0,71,0,71,0,10,138,0,148,162,0,162,310
09/18/2003,UGN,IL,AGL,CE,Federal Contract Tower,0,5,46,0,51,0,0,59,2,61,0,5,105,2,112,146,0,146,258
09/19/2003,UGN,IL,AGL,CE,Federal Contract Tower,0,7,49,1,57,0,0,34,1,35,0,7,83,2,92,76,0,76,168
09/20/2003,UGN,IL,AGL,CE,Federal Contract Tower,0,7,21,0,28,0,0,160,0,160,0,7,181,0,188,272,0,272,460
09/21/2003,UGN,IL,AGL,CE,Federal Contract Tower,0,12,30,1,43,0,0,77,2,79,0,12,107,3,122,108,0,108,230
09/22/2003,UGN,IL,AGL,CE,Federal Contract Tower,0,7,35,0,42,0,0,19,0,19,0,7,54,0,61,38,0,38,99
09/23/2003,UGN,IL,AGL,CE,Federal Contract Tower,0,7,48,0,55,0,0,79,3,82,0,7,127,3,137,226,0,226,363
09/24/2003,UGN,IL,AGL,CE,Federal Contract Tower,0,7,43,0,50,0,0,42,1,43,0,7,85,1,93,180,0,180,273
09/25/2003,UGN,IL,AGL,CE,Federal Contract Tower,0,12,44,0,56,0,0,81,2,83,0,12,125,2,139,128,0,128,267
09/26/2003,UGN,IL,AGL,CE,Federal Contract Tower,0,8,43,0,51,0,0,36,0,36,0,8,79,0,87,72,0,72,159
09/27/2003,UGN,IL,AGL,CE,Federal Contract Tower,0,3,13,0,16,0,0,87,0,87,0,3,100,0,103,194,0,194,297
09/28/2003,UGN,IL,AGL,CE,Federal Contract Tower,0,13,36,0,49,0,0,29,0,29,0,13,65,0,78,95,0,95,173
09/29/2003,UGN,IL,AGL,CE,Federal Contract Tower,0,8,34,0,42,0,0,68,1,69,0,8,102,1,111,134,0,134,245
09/30/2003,UGN,IL,AGL,CE,Federal Contract Tower,0,20,61,0,81,0,0,52,0,52,0,20,113,0,133,112,0,112,245
10/01/2003,UGN,IL,AGL,CE,Federal Contract Tower,0,6,30,0,36,0,0,62,0,62,0,6,92,0,98,110,0,110,208
10/02/2003,UGN,IL,AGL,CE,Federal Contract Tower,0,11,60,2,73,0,0,84,0,84,0,11,144,2,157,212,0,212,369
10/03/2003,UGN,IL,AGL,CE,Federal Contract Tower,0,7,44,0,51,0,0,13,0,13,0,7,57,0,64,10,0,10,74
10/04/2003,UGN,IL,AGL,CE,Federal Contract Tower,0,3,13,0,16,0,2,111,0,113,0,5,124,0,129,111,0,111,240
10/05/2003,UGN,IL,AGL,CE,Federal Contract Tower,0,4,32,0,36,0,0,106,0,106,0,4,138,0,142,150,0,150,292
10/06/2003,UGN,IL,AGL,CE,Federal Contract Tower,0,7,39,0,46,0,5,56,0,61,0,12,95,0,107,142,0,142,249
10/07/2003,UGN,IL,AGL,CE,Federal Contract Tower,0,3,41,1,45,0,0,80,0,80,0,3,121,1,125,243,0,243,368
10/08/2003,UGN,IL,AGL,CE,Federal Contract Tower,0,5,33,1,39,0,0,69,6,75,0,5,102,7,114,150,0,150,264
10/09/2003,UGN,IL,AGL,CE,Federal Contract Tower,0,6,49,2,57,0,0,47,2,49,0,6,96,4,106,192,0,192,298
10/10/2003,UGN,IL,AGL,CE,Federal Contract Tower,0,6,59,2,67,0,0,80,0,80,0,6,139,2,147,134,0,134,281
10/11/2003,UGN,IL,AGL,CE,Federal Contract Tower,0,3,24,0,27,0,0,42,0,42,0,3,66,0,69,202,0,202,271
10/12/2003,UGN,IL,AGL,CE,Federal Contract Tower,0,7,35,0,42,0,1,74,0,75,0,8,109,0,117,90,0,90,207
10/13/2003,UGN,IL,AGL,CE,Federal Contract Tower,0,9,44,0,53,0,2,65,0,67,0,11,109,0,120,36,0,36,156
10/14/2003,UGN,IL,AGL,CE,Federal Contract Tower,0,3,48,1,52,0,0,10,0,10,0,3,58,1,62,16,0,16,78
10/15/2003,UGN,IL,AGL,CE,Federal Contract Tower,0,2,33,1,36,0,0,57,3,60,0,2,90,4,96,182,0,182,278
10/16/2003,UGN,IL,AGL,CE,Federal Contract Tower,0,7,37,0,44,0,7,61,0,68,0,14,98,0,112,208,0,208,320
10/17/2003,UGN,IL,AGL,CE,Federal Contract Tower,0,8,41,0,49,0,2,61,0,63,0,10,102,0,112,194,0,194,306
10/18/2003,UGN,IL,AGL,CE,Federal Contract Tower,0,3,18,0,21,0,1,142,2,145,0,4,160,2,166,264,0,264,430
10/19/2003,UGN,IL,AGL,CE,Federal Contract Tower,0,7,32,0,39,0,3,97,2,102,0,10,129,2,141,212,0,212,353
10/20/2003,UGN,IL,AGL,CE,Federal Contract Tower,0,8,44,0,52,0,2,42,0,44,0,10,86,0,96,42,0,42,138
10/21/2003,UGN,IL,AGL,CE,Federal Contract Tower,0,4,36,0,40,0,0,66,0,66,0,4,102,0,106,84,0,84,190
10/22/2003,UGN,IL,AGL,CE,Federal Contract Tower,0,7,41,0,48,0,0,60,0,60,0,7,101,0,108,142,0,142,250
10/23/2003,UGN,IL,AGL,CE,Federal Contract Tower,0,10,51,0,61,0,2,65,0,67,0,12,116,0,128,242,0,242,370
10/24/2003,UGN,IL,AGL,CE,Federal Contract Tower,0,7,44,0,51,0,0,75,0,75,0,7,119,0,126,174,0,174,300
10/25/2003,UGN,IL,AGL,CE,Federal Contract Tower,0,6,28,0,34,0,2,52,2,56,0,8,80,2,90,122,0,122,212
10/26/2003,UGN,IL,AGL,CE,Federal Contract Tower,0,6,30,0,36,0,4,67,0,71,0,10,97,0,107,166,0,166,273
10/27/2003,UGN,IL,AGL,CE,Federal Contract Tower,0,8,42,0,50,0,1,55,0,56,0,9,97,0,106,102,0,102,208
10/28/2003,UGN,IL,AGL,CE,Federal Contract Tower,0,7,39,1,47,0,1,15,6,22,0,8,54,7,69,48,6,54,123
10/29/2003,UGN,IL,AGL,CE,Federal Contract Tower,0,9,45,0,54,0,5,63,0,68,0,14,108,0,122,124,0,124,246
10/30/2003,UGN,IL,AGL,CE,Federal Contract Tower,0,11,57,1,69,0,2,64,1,67,0,13,121,2,136,128,0,128,264
10/31/2003,UGN,IL,AGL,CE,Federal Contract Tower,0,7,39,1,47,0,0,17,5,22,0,7,56,6,69,50,0,50,119
11/01/2003,UGN,IL,AGL,CE,Federal Contract Tower,0,2,20,1,23,0,3,75,1,79,0,5,95,2,102,306,0,306,408
11/02/2003,UGN,IL,AGL,CE,Federal Contract Tower,0,5,34,0,39,0,1,0,0,1,0,6,34,0,40,0,0,0,40
11/03/2003,UGN,IL,AGL,CE,Federal Contract Tower,0,8,48,0,56,0,0,1,0,1,0,8,49,0,57,44,0,44,101
11/04/2003,UGN,IL,AGL,CE,Federal Contract Tower,0,5,46,0,51,0,0,22,0,22,0,5,68,0,73,46,0,46,119
11/05/2003,UGN,IL,AGL,CE,Federal Contract Tower,0,6,39,1,46,0,1,30,4,35,0,7,69,5,81,82,0,82,163
11/06/2003,UGN,IL,AGL,CE,Federal Contract Tower,0,7,43,0,50,0,3,62,0,65,0,10,105,0,115,178,0,178,293
11/07/2003,UGN,IL,AGL,CE,Federal Contract Tower,0,6,41,0,47,0,0,62,0,62,0,6,103,0,109,194,0,194,303
11/08/2003,UGN,IL,AGL,CE,Federal Contract Tower,0,4,26,0,30,0,2,85,0,87,0,6,111,0,117,124,0,124,241
11/09/2003,UGN,IL,AGL,CE,Federal Contract Tower,0,6,31,0,37,0,0,134,0,134,0,6,165,0,171,190,0,190,361
11/10/2003,UGN,IL,AGL,CE,Federal Contract Tower,0,3,35,0,38,0,0,49,0,49,0,3,84,0,87,120,0,120,207
11/11/2003,UGN,IL,AGL,CE,Federal Contract Tower,0,8,58,0,66,0,0,14,0,14,0,8,72,0,80,34,0,34,114
11/12/2003,UGN,IL,AGL,CE,Federal Contract Tower,0,9,64,0,73,0,0,24,0,24,0,9,88,0,97,32,0,32,129
11/13/2003,UGN,IL,AGL,CE,Federal Contract Tower,0,7,40,0,47,0,0,32,0,32,0,7,72,0,79,45,0,45,124
11/14/2003,UGN,IL,AGL,CE,Federal Contract Tower,0,6,37,1,44,0,0,50,3,53,0,6,87,4,97,61,0,61,158
11/15/2003,UGN,IL,AGL,CE,Federal Contract Tower,0,3,20,0,23,0,0,2,0,2,0,3,22,0,25,40,0,40,65
11/16/2003,UGN,IL,AGL,CE,Federal Contract Tower,0,4,28,1,33,0,0,0,3,3,0,4,28,4,36,0,0,0,36
11/17/2003,UGN,IL,AGL,CE,Federal Contract Tower,0,3,45,0,48,0,0,10,0,10,0,3,55,0,58,18,0,18,76
11/18/2003,UGN,IL,AGL,CE,Federal Contract Tower,0,6,44,0,50,0,0,7,0,7,0,6,51,0,57,0,0,0,57
11/19/2003,UGN,IL,AGL,CE,Federal Contract Tower,0,2,38,0,40,0,0,74,0,74,0,2,112,0,114,150,0,150,264
11/20/2003,UGN,IL,AGL,CE,Federal Contract Tower,0,6,51,0,57,0,0,43,4,47,0,6,94,4,104,133,0,133,237
11/21/2003,UGN,IL,AGL,CE,Federal Contract Tower,0,9,54,0,63,0,0,55,4,59,0,9,109,4,122,154,0,154,276
11/22/2003,UGN,IL,AGL,CE,Federal Contract Tower,0,7,37,0,44,0,0,7,0,7,0,7,44,0,51,72,0,72,123
11/23/2003,UGN,IL,AGL,CE,Federal Contract Tower,0,5,27,0,32,0,3,2,0,5,0,8,29,0,37,22,0,22,59
11/24/2003,UGN,IL,AGL,CE,Federal Contract Tower,0,2,33,0,35,0,0,17,0,17,0,2,50,0,52,60,0,60,112
11/25/2003,UGN,IL,AGL,CE,Federal Contract Tower,0,6,34,0,40,0,3,34,2,39,0,9,68,2,79,76,0,76,155
11/26/2003,UGN,IL,AGL,CE,Federal Contract Tower,0,10,55,0,65,0,2,115,2,119,0,12,170,2,184,226,0,226,410
11/27/2003,UGN,IL,AGL,CE,Federal Contract Tower,0,2,11,0,13,0,4,0,0,4,0,6,11,0,17,0,0,0,17
11/28/2003,UGN,IL,AGL,CE,Federal Contract Tower,0,3,16,0,19,0,0,15,0,15,0,3,31,0,34,60,0,60,94
11/29/2003,UGN,IL,AGL,CE,Federal Contract Tower,0,4,22,0,26,0,0,87,2,89,0,4,109,2,115,176,0,176,291
11/30/2003,UGN,IL,AGL,CE,Federal Contract Tower,0,10,53,0,63,0,10,83,0,93,0,20,136,0,156,102,0,102,258
12/01/2003,UGN,IL,AGL,CE,Federal Contract Tower,0,6,39,0,45,0,0,28,0,28,0,6,67,0,73,94,0,94,167
12/02/2003,UGN,IL,AGL,CE,Federal Contract Tower,0,6,46,1,53,0,0,60,2,62,0,6,106,3,115,118,0,118,233
12/03/2003,UGN,IL,AGL,CE,Federal Contract Tower,0,5,42,1,48,0,0,47,1,48,0,5,89,2,96,72,0,72,168
12/04/2003,UGN,IL,AGL,CE,Federal Contract Tower,0,12,52,1,65,0,6,14,4,24,0,18,66,5,89,48,0,48,137
12/05/2003,UGN,IL,AGL,CE,Federal Contract Tower,0,6,27,1,34,0,1,29,2,32,0,7,56,3,66,52,0,52,118
12/06/2003,UGN,IL,AGL,CE,Federal Contract Tower,0,8,37,1,46,0,1,14,1,16,0,9,51,2,62,158,0,158,220
12/07/2003,UGN,IL,AGL,CE,Federal Contract Tower,0,10,43,1,54,0,2,119,0,121,0,12,162,1,175,174,0,174,349
12/08/2003,UGN,IL,AGL,CE,Federal Contract Tower,0,5,33,0,38,0,0,56,0,56,0,5,89,0,94,160,0,160,254
12/09/2003,UGN,IL,AGL,CE,Federal Contract Tower,0,6,43,0,49,0,0,5,0,5,0,6,48,0,54,0,0,0,54
12/10/2003,UGN,IL,AGL,CE,Federal Contract Tower,0,8,34,0,42,0,2,1,0,3,0,10,35,0,45,0,0,0,45
12/11/2003,UGN,IL,AGL,CE,Federal Contract Tower,0,7,38,1,46,0,0,36,1,37,0,7,74,2,83,56,0,56,139
12/12/2003,UGN,IL,AGL,CE,Federal Contract Tower,0,7,31,0,38,0,0,57,0,57,0,7,88,0,95,100,0,100,195
12/13/2003,UGN,IL,AGL,CE,Federal Contract Tower,0,1,22,1,24,0,0,79,3,82,0,1,101,4,106,122,0,122,228
12/14/2003,UGN,IL,AGL,CE,Federal Contract Tower,0,4,21,0,25,0,0,21,0,21,0,4,42,0,46,200,0,200,246
12/15/2003,UGN,IL,AGL,CE,Federal Contract Tower,0,6,42,0,48,0,0,8,0,8,0,6,50,0,56,56,0,56,112
12/16/2003,UGN,IL,AGL,CE,Federal Contract Tower,0,6,44,0,50,0,0,12,0,12,0,6,56,0,62,68,0,68,130
12/17/2003,UGN,IL,AGL,CE,Federal Contract Tower,0,2,35,0,37,0,0,24,0,24,0,2,59,0,61,184,0,184,245
12/18/2003,UGN,IL,AGL,CE,Federal Contract Tower,0,5,43,0,48,0,0,16,0,16,0,5,59,0,64,112,0,112,176
12/19/2003,UGN,IL,AGL,CE,Federal Contract Tower,0,9,39,0,48,0,4,14,0,18,0,13,53,0,66,34,0,34,100
12/20/2003,UGN,IL,AGL,CE,Federal Contract Tower,0,11,49,0,60,0,0,80,0,80,0,11,129,0,140,102,0,102,242
12/21/2003,UGN,IL,AGL,CE,Federal Contract Tower,0,8,39,0,47,0,4,62,4,70,0,12,101,4,117,74,0,74,191
12/22/2003,UGN,IL,AGL,CE,Federal Contract Tower,0,7,31,0,38,0,2,63,2,67,0,9,94,2,105,108,0,108,213
12/23/2003,UGN,IL,AGL,CE,Federal Contract Tower,0,3,27,0,30,0,0,28,2,30,0,3,55,2,60,66,0,66,126
12/24/2003,UGN,IL,AGL,CE,Federal Contract Tower,0,2,13,0,15,0,2,10,2,14,0,4,23,2,29,54,0,54,83
12/25/2003,UGN,IL,AGL,CE,Federal Contract Tower,0,2,12,0,14,0,4,6,4,14,0,6,18,4,28,0,0,0,28
12/26/2003,UGN,IL,AGL,CE,Federal Contract Tower,0,9,39,0,48,0,3,81,4,88,0,12,120,4,136,140,0,140,276
12/27/2003,UGN,IL,AGL,CE,Federal Contract Tower,0,10,45,0,55,0,7,50,4,61,0,17,95,4,116,142,0,142,258
12/28/2003,UGN,IL,AGL,CE,Federal Contract Tower,0,4,17,0,21,0,4,11,4,19,0,8,28,4,40,176,0,176,216
12/29/2003,UGN,IL,AGL,CE,Federal Contract Tower,0,3,17,0,20,0,2,59,4,65,0,5,76,4,85,170,0,170,255
12/30/2003,UGN,IL,AGL,CE,Federal Contract Tower,0,6,27,0,33,0,2,85,3,90,0,8,112,3,123,170,0,170,293
12/31/2003,UGN,IL,AGL,CE,Federal Contract Tower,0,2,13,0,15,0,0,59,4,63,0,2,72,4,78,172,0,172,250
01/01/2004,UGN,IL,AGL,CE,Federal Contract Tower,0,2,7,0,9,0,0,35,4,39,0,2,42,4,48,64,0,64,112
01/02/2004,UGN,IL,AGL,CE,Federal Contract Tower,0,4,13,0,17,0,3,0,0,3,0,7,13,0,20,2,0,2,22
01/03/2004,UGN,IL,AGL,CE,Federal Contract Tower,0,10,37,0,47,0,5,63,4,72,0,15,100,4,119,162,0,162,281
01/04/2004,UGN,IL,AGL,CE,Federal Contract Tower,0,7,21,0,28,0,4,0,2,6,0,11,21,2,34,0,0,0,34
01/05/2004,UGN,IL,AGL,CE,Federal Contract Tower,0,9,34,0,43,0,6,9,3,18,0,15,43,3,61,14,0,14,75
01/06/2004,UGN,IL,AGL,CE,Federal Contract Tower,0,9,38,0,47,0,0,25,4,29,0,9,63,4,76,64,0,64,140
01/07/2004,UGN,IL,AGL,CE,Federal Contract Tower,0,1,33,0,34,0,0,53,4,57,0,1,86,4,91,84,0,84,175
01/08/2004,UGN,IL,AGL,CE,Federal Contract Tower,0,3,32,0,35,0,0,41,3,44,0,3,73,3,79,50,0,50,129
01/09/2004,UGN,IL,AGL,CE,Federal Contract Tower,0,3,35,0,38,0,0,6,5,11,0,3,41,5,49,0,0,0,49
01/10/2004,UGN,IL,AGL,CE,Federal Contract Tower,0,4,15,0,19,0,0,12,3,15,0,4,27,3,34,42,0,42,76
01/11/2004,UGN,IL,AGL,CE,Federal Contract Tower,0,6,22,0,28,0,2,49,0,51,0,8,71,0,79,116,0,116,195
01/12/2004,UGN,IL,AGL,CE,Federal Contract Tower,0,9,42,0,51,0,0,51,2,53,0,9,93,2,104,84,0,84,188
01/13/2004,UGN,IL,AGL,CE,Federal Contract Tower,0,8,41,1,50,0,0,70,1,71,0,8,111,2,121,152,0,152,273
01/14/2004,UGN,IL,AGL,CE,Federal Contract Tower,0,2,42,0,44,0,0,21,0,21,0,2,63,0,65,144,0,144,209
01/15/2004,UGN,IL,AGL,CE,Federal Contract Tower,0,9,40,1,50,0,0,46,2,48,0,9,86,3,98,152,0,152,250
01/16/2004,UGN,IL,AGL,CE,Federal Contract Tower,0,9,37,0,46,0,0,22,0,22,0,9,59,0,68,38,0,38,106
01/17/2004,UGN,IL,AGL,CE,Federal Contract Tower,0,3,15,0,18,0,1,0,0,1,0,4,15,0,19,4,0,4,23
01/18/2004,UGN,IL,AGL,CE,Federal Contract Tower,0,5,20,0,25,0,2,65,0,67,0,7,85,0,92,174,0,174,266
01/19/2004,UGN,IL,AGL,CE,Federal Contract Tower,0,4,31,0,35,0,0,58,0,58,0,4,89,0,93,24,0,24,117
01/20/2004,UGN,IL,AGL,CE,Federal Contract Tower,0,9,46,0,55,0,0,38,0,38,0,9,84,0,93,58,0,58,151
01/21/2004,UGN,IL,AGL,CE,Federal Contract Tower,0,7,36,0,43,0,0,18,0,18,0,7,54,0,61,32,0,32,93
01/22/2004,UGN,IL,AGL,CE,Federal Contract Tower,0,8,35,0,43,0,0,16,0,16,0,8,51,0,59,38,0,38,97
01/23/2004,UGN,IL,AGL,CE,Federal Contract Tower,0,6,28,0,34,0,0,0,0,0,0,6,28,0,34,0,0,0,34
01/24/2004,UGN,IL,AGL,CE,Federal Contract Tower,0,4,17,0,21,0,3,64,0,67,0,7,81,0,88,124,0,124,212
01/25/2004,UGN,IL,AGL,CE,Federal Contract Tower,0,5,23,0,28,0,6,7,0,13,0,11,30,0,41,24,0,24,65
01/26/2004,UGN,IL,AGL,CE,Federal Contract Tower,0,7,28,0,35,0,0,0,0,0,0,7,28,0,35,0,0,0,35
01/27/2004,UGN,IL,AGL,CE,Federal Contract Tower,0,7,26,0,33,0,3,0,0,3,0,10,26,0,36,0,0,0,36
01/28/2004,UGN,IL,AGL,CE,Federal Contract Tower,0,6,28,0,34,0,5,25,0,30,0,11,53,0,64,52,0,52,116
01/29/2004,UGN,IL,AGL,CE,Federal Contract Tower,0,11,46,0,57,0,3,2,0,5,0,14,48,0,62,30,0,30,92
01/30/2004,UGN,IL,AGL,CE,Federal Contract Tower,0,9,38,0,47,0,0,31,0,31,0,9,69,0,78,68,0,68,146
01/31/2004,UGN,IL,AGL,CE,Federal Contract Tower,0,4,17,0,21,0,2,97,0,99,0,6,114,0,120,60,0,60,180
02/01/2004,UGN,IL,AGL,CE,Federal Contract Tower,0,7,27,0,34,0,2,65,0,67,0,9,92,0,101,176,0,176,277
02/02/2004,UGN,IL,AGL,CE,Federal Contract Tower,0,7,35,1,43,0,6,2,1,9,0,13,37,2,52,16,0,16,68
02/03/2004,UGN,IL,AGL,CE,Federal Contract Tower,0,6,35,0,41,0,0,7,0,7,0,6,42,0,48,2,0,2,50
02/04/2004,UGN,IL,AGL,CE,Federal Contract Tower,0,7,31,0,38,0,0,37,0,37,0,7,68,0,75,114,0,114,189
02/05/2004,UGN,IL,AGL,CE,Federal Contract Tower,0,5,38,0,43,0,0,13,0,13,0,5,51,0,56,22,0,22,78
02/06/2004,UGN,IL,AGL,CE,Federal Contract Tower,0,8,33,1,42,0,3,0,4,7,0,11,33,5,49,0,0,0,49
02/07/2004,UGN,IL,AGL,CE,Federal Contract Tower,0,2,17,1,20,0,0,0,2,2,0,2,17,3,22,6,0,6,28
02/08/2004,UGN,IL,AGL,CE,Federal Contract Tower,0,1,35,1,37,0,0,41,3,44,0,1,76,4,81,178,0,178,259
02/09/2004,UGN,IL,AGL,CE,Federal Contract Tower,0,0,31,1,32,0,0,23,2,25,0,0,54,3,57,112,0,112,169
02/10/2004,UGN,IL,AGL,CE,Federal Contract Tower,0,3,35,0,38,0,0,50,0,50,0,3,85,0,88,130,0,130,218
02/11/2004,UGN,IL,AGL,CE,Federal Contract Tower,0,8,39,0,47,0,2,36,0,38,0,10,75,0,85,168,0,168,253
02/12/2004,UGN,IL,AGL,CE,Federal Contract Tower,0,8,46,0,54,0,0,19,0,19,0,8,65,0,73,136,0,136,209
02/13/2004,UGN,IL,AGL,CE,Federal Contract Tower,0,8,41,1,50,0,0,41,1,42,0,8,82,2,92,28,0,28,120
02/14/2004,UGN,IL,AGL,CE,Federal Contract Tower,0,0,5,1,6,0,0,71,0,71,0,0,76,1,77,186,0,186,263
02/15/2004,UGN,IL,AGL,CE,Federal Contract Tower,0,1,17,1,19,0,0,66,0,66,0,1,83,1,85,90,0,90,175
02/16/2004,UGN,IL,AGL,CE,Federal Contract Tower,0,9,42,0,51,0,4,49,0,53,0,13,91,0,104,112,0,112,216
02/17/2004,UGN,IL,AGL,CE,Federal Contract Tower,0,8,40,0,48,0,4,70,0,74,0,12,110,0,122,188,0,188,310
02/18/2004,UGN,IL,AGL,CE,Federal Contract Tower,0,7,46,0,53,0,0,42,0,42,0,7,88,0,95,204,0,204,299
02/19/2004,UGN,IL,AGL,CE,Federal Contract Tower,0,11,54,0,65,0,0,11,0,11,0,11,65,0,76,39,0,39,115
02/20/2004,UGN,IL,AGL,CE,Federal Contract Tower,0,8,34,0,42,0,3,0,2,5,0,11,34,2,47,42,0,42,89
02/21/2004,UGN,IL,AGL,CE,Federal Contract Tower,0,4,19,0,23,0,2,44,0,46,0,6,63,0,69,98,0,98,167
02/22/2004,UGN,IL,AGL,CE,Federal Contract Tower,0,4,27,0,31,0,0,67,0,67,0,4,94,0,98,244,0,244,342
02/23/2004,UGN,IL,AGL,CE,Federal Contract Tower,0,3,32,0,35,0,0,25,0,25,0,3,57,0,60,244,0,244,304
02/24/2004,UGN,IL,AGL,CE,Federal Contract Tower,0,9,38,0,47,0,5,0,2,7,0,14,38,2,54,10,0,10,64
02/25/2004,UGN,IL,AGL,CE,Federal Contract Tower,0,10,48,0,58,0,0,84,0,84,0,10,132,0,142,195,0,195,337
02/26/2004,UGN,IL,AGL,CE,Federal Contract Tower,0,10,48,0,58,0,2,84,0,86,0,12,132,0,144,182,0,182,326
02/27/2004,UGN,IL,AGL,CE,Federal Contract Tower,0,9,45,0,54,0,0,54,1,55,0,9,99,1,109,152,0,152,261
02/28/2004,UGN,IL,AGL,CE,Federal Contract Tower,0,3,18,0,21,0,2,118,1,121,0,5,136,1,142,264,0,264,406
02/29/2004,UGN,IL,AGL,CE,Federal Contract Tower,0,6,32,0,38,0,3,99,0,102,0,9,131,0,140,218,0,218,358
03/01/2004,UGN,IL,AGL,CE,Federal Contract Tower,0,5,26,0,31,0,0,6,0,6,0,5,32,0,37,12,0,12,49
03/02/2004,UGN,IL,AGL,CE,Federal Contract Tower,0,8,40,0,48,0,0,20,2,22,0,8,60,2,70,112,0,112,182
03/03/2004,UGN,IL,AGL,CE,Federal Contract Tower,0,15,58,0,73,0,3,28,0,31,0,18,86,0,104,260,0,260,364
03/04/2004,UGN,IL,AGL,CE,Federal Contract Tower,0,12,47,0,59,0,0,20,0,20,0,12,67,0,79,58,0,58,137
03/05/2004,UGN,IL,AGL,CE,Federal Contract Tower,0,10,39,0,49,0,2,0,0,2,0,12,39,0,51,4,0,4,55
03/06/2004,UGN,IL,AGL,CE,Federal Contract Tower,0,6,25,0,31,0,0,48,0,48,0,6,73,0,79,244,0,244,323
03/07/2004,UGN,IL,AGL,CE,Federal Contract Tower,0,8,33,0,41,0,0,9,1,10,0,8,42,1,51,16,0,16,67
03/08/2004,UGN,IL,AGL,CE,Federal Contract Tower,0,3,26,0,29,0,0,75,0,75,0,3,101,0,104,228,0,228,332
03/09/2004,UGN,IL,AGL,CE,Federal Contract Tower,0,12,49,0,61,0,0,45,3,48,0,12,94,3,109,166,0,166,275
03/10/2004,UGN,IL,AGL,CE,Federal Contract Tower,0,9,35,0,44,0,0,52,1,53,0,9,87,1,97,116,0,116,213
03/11/2004,UGN,IL,AGL,CE,Federal Contract Tower,0,11,56,0,67,0,0,16,0,16,0,11,72,0,83,34,0,34,117
03/12/2004,UGN,IL,AGL,CE,Federal Contract Tower,0,5,40,0,45,0,0,84,0,84,0,5,124,0,129,159,0,159,288
03/13/2004,UGN,IL,AGL,CE,Federal Contract Tower,0,4,21,0,25,0,0,98,0,98,0,4,119,0,123,184,0,184,307
03/14/2004,UGN,IL,AGL,CE,Federal Contract Tower,0,5,23,0,28,0,0,9,0,9,0,5,32,0,37,10,0,10,47
03/15/2004,UGN,IL,AGL,CE,Federal Contract Tower,0,7,30,0,37,0,0,57,0,57,0,7,87,0,94,178,0,178,272
03/16/2004,UGN,IL,AGL,CE,Federal Contract Tower,0,7,28,0,35,0,1,22,0,23,0,8,50,0,58,64,0,64,122
03/17/2004,UGN,IL,AGL,CE,Federal Contract Tower,0,12,46,0,58,0,3,0,2,5,0,15,46,2,63,0,0,0,63
03/18/2004,UGN,IL,AGL,CE,Federal Contract Tower,0,7,41,0,48,0,0,3,0,3,0,7,44,0,51,14,0,14,65
03/19/2004,UGN,IL,AGL,CE,Federal Contract Tower,0,12,48,0,60,0,4,90,0,94,0,16,138,0,154,166,0,166,320
03/20/2004,UGN,IL,AGL,CE,Federal Contract Tower,0,5,24,0,29,0,0,41,0,41,0,5,65,0,70,62,0,62,132
03/21/2004,UGN,IL,AGL,CE,Federal Contract Tower,0,3,28,0,31,0,0,65,0,65,0,3,93,0,96,142,0,142,238
03/22/2004,UGN,IL,AGL,CE,Federal Contract Tower,0,6,32,0,38,0,0,121,0,121,0,6,153,0,159,250,0,250,409
03/23/2004,UGN,IL,AGL,CE,Federal Contract Tower,0,7,33,0,40,0,0,59,0,59,0,7,92,0,99,114,0,114,213
03/24/2004,UGN,IL,AGL,CE,Federal Contract Tower,0,9,40,0,49,0,6,35,2,43,0,15,75,2,92,114,0,114,206
03/25/2004,UGN,IL,AGL,CE,Federal Contract Tower,0,10,42,0,52,0,4,18,0,22,0,14,60,0,74,118,0,118,192
03/26/2004,UGN,IL,AGL,CE,Federal Contract Tower,0,7,44,0,51,0,0,11,0,11,0,7,55,0,62,144,0,144,206
03/27/2004,UGN,IL,AGL,CE,Federal Contract Tower,0,6,26,0,32,0,2,0,0,2,0,8,26,0,34,2,0,2,36
03/28/2004,UGN,IL,AGL,CE,Federal Contract Tower,0,7,31,0,38,0,9,7,0,16,0,16,38,0,54,120,0,120,174
03/29/2004,UGN,IL,AGL,CE,Federal Contract Tower,0,8,38,0,46,0,0,86,0,86,0,8,124,0,132,138,0,138,270
03/30/2004,UGN,IL,AGL,CE,Federal Contract Tower,0,8,34,0,42,0,1,35,0,36,0,9,69,0,78,102,0,102,180
03/31/2004,UGN,IL,AGL,CE,Federal Contract Tower,0,6,28,0,34,0,0,31,0,31,0,6,59,0,65,136,0,136,201
04/01/2004,UGN,IL,AGL,CE,Federal Contract Tower,0,9,37,1,47,0,3,50,1,54,0,12,87,2,101,183,0,183,284
04/02/2004,UGN,IL,AGL,CE,Federal Contract Tower,0,5,34,1,40,0,0,62,4,66,0,5,96,5,106,44,2,46,152
04/03/2004,UGN,IL,AGL,CE,Federal Contract Tower,0,5,22,0,27,0,0,73,0,73,0,5,95,0,100,110,0,110,210
04/04/2004,UGN,IL,AGL,CE,Federal Contract Tower,0,8,37,1,46,0,6,80,0,86,0,14,117,1,132,150,0,150,282
04/05/2004,UGN,IL,AGL,CE,Federal Contract Tower,0,4,22,0,26,0,0,108,0,108,0,4,130,0,134,116,0,116,250
04/06/2004,UGN,IL,AGL,CE,Federal Contract Tower,0,8,33,1,42,0,1,55,3,59,0,9,88,4,101,188,0,188,289
04/07/2004,UGN,IL,AGL,CE,Federal Contract Tower,0,6,42,0,48,0,0,65,0,65,0,6,107,0,113,170,0,170,283
04/08/2004,UGN,IL,AGL,CE,Federal Contract Tower,0,8,43,2,53,0,0,40,0,40,0,8,83,2,93,104,0,104,197
04/09/2004,UGN,IL,AGL,CE,Federal Contract Tower,0,7,31,0,38,0,6,86,0,92,0,13,117,0,130,146,0,146,276
04/10/2004,UGN,IL,AGL,CE,Federal Contract Tower,0,4,17,0,21,0,2,103,0,105,0,6,120,0,126,178,0,178,304
04/11/2004,UGN,IL,AGL,CE,Federal Contract Tower,0,4,18,0,22,0,2,40,0,42,0,6,58,0,64,66,0,66,130
04/12/2004,UGN,IL,AGL,CE,Federal Contract Tower,0,9,39,0,48,0,1,48,0,49,0,10,87,0,97,132,0,132,229
04/13/2004,UGN,IL,AGL,CE,Federal Contract Tower,0,7,36,1,44,0,0,42,3,45,0,7,78,4,89,135,0,135,224
04/14/2004,UGN,IL,AGL,CE,Federal Contract Tower,0,8,51,0,59,0,0,104,0,104,0,8,155,0,163,188,0,188,351
04/15/2004,UGN,IL,AGL,CE,Federal Contract Tower,0,8,53,2,63,0,0,58,0,58,0,8,111,2,121,120,0,120,241
04/16/2004,UGN,IL,AGL,CE,Federal Contract Tower,0,9,36,0,45,0,1,62,4,67,0,10,98,4,112,180,0,180,292
04/17/2004,UGN,IL,AGL,CE,Federal Contract Tower,0,9,43,1,53,0,4,114,2,120,0,13,157,3,173,208,0,208,381
04/18/2004,UGN,IL,AGL,CE,Federal Contract Tower,0,8,33,0,41,0,2,29,1,32,0,10,62,1,73,64,0,64,137
04/19/2004,UGN,IL,AGL,CE,Federal Contract Tower,0,3,36,0,39,0,0,28,0,28,0,3,64,0,67,34,0,34,101
04/20/2004,UGN,IL,AGL,CE,Federal Contract Tower,0,5,44,0,49,0,0,35,0,35,0,5,79,0,84,88,0,88,172
04/21/2004,UGN,IL,AGL,CE,Federal Contract Tower,0,7,41,0,48,0,0,25,0,25,0,7,66,0,73,94,0,94,167
04/22/2004,UGN,IL,AGL,CE,Federal Contract Tower,0,10,46,1,57,0,5,44,1,50,0,15,90,2,107,162,0,162,269
04/23/2004,UGN,IL,AGL,CE,Federal Contract Tower,0,10,44,0,54,0,4,87,0,91,0,14,131,0,145,184,0,184,329
04/24/2004,UGN,IL,AGL,CE,Federal Contract Tower,0,7,32,0,39,0,0,88,0,88,0,7,120,0,127,128,0,128,255
04/25/2004,UGN,IL,AGL,CE,Federal Contract Tower,0,6,24,0,30,0,3,14,0,17,0,9,38,0,47,19,0,19,66
04/26/2004,UGN,IL,AGL,CE,Federal Contract Tower,0,8,35,0,43,0,3,37,0,40,0,11,72,0,83,194,0,194,277
04/27/2004,UGN,IL,AGL,CE,Federal Contract Tower,0,9,44,1,54,0,0,74,1,75,0,9,118,2,129,174,0,174,303
04/28/2004,UGN,IL,AGL,CE,Federal Contract Tower,0,8,39,0,47,0,0,29,0,29,0,8,68,0,76,54,0,54,130
04/29/2004,UGN,IL,AGL,CE,Federal Contract Tower,0,4,44,1,49,0,0,38,5,43,0,4,82,6,92,152,0,152,244
04/30/2004,UGN,IL,AGL,CE,Federal Contract Tower,0,7,57,0,64,0,0,7,0,7,0,7,64,0,71,0,0,0,71
05/01/2004,UGN,IL,AGL,CE,Federal Contract Tower,0,3,19,0,22,0,4,24,0,28,0,7,43,0,50,84,0,84,134
05/02/2004,UGN,IL,AGL,CE,Federal Contract Tower,0,8,38,0,46,0,3,83,0,86,0,11,121,0,132,114,0,114,246
05/03/2004,UGN,IL,AGL,CE,Federal Contract Tower,0,4,36,1,41,0,0,83,1,84,0,4,119,2,125,96,0,96,221
05/04/2004,UGN,IL,AGL,CE,Federal Contract Tower,0,3,35,0,38,0,0,42,0,42,0,3,77,0,80,70,0,70,150
05/05/2004,UGN,IL,AGL,CE,Federal Contract Tower,0,8,36,0,44,0,0,107,0,107,0,8,143,0,151,150,0,150,301
05/06/2004,UGN,IL,AGL,CE,Federal Contract Tower,0,13,54,1,68,0,1,43,3,47,0,14,97,4,115,192,0,192,307
05/07/2004,UGN,IL,AGL,CE,Federal Contract Tower,0,8,33,1,42,0,0,29,4,33,0,8,62,5,75,24,0,24,99
05/08/2004,UGN,IL,AGL,CE,Federal Contract Tower,0,5,22,0,27,0,0,59,0,59,0,5,81,0,86,256,0,256,342
05/09/2004,UGN,IL,AGL,CE,Federal Contract Tower,0,7,30,0,37,0,0,49,0,49,0,7,79,0,86,90,0,90,176
05/10/2004,UGN,IL,AGL,CE,Federal Contract Tower,0,8,34,0,42,0,4,15,0,19,0,12,49,0,61,85,0,85,146
05/11/2004,UGN,IL,AGL,CE,Federal Contract Tower,0,6,33,0,39,0,0,4,0,4,0,6,37,0,43,0,0,0,43
05/12/2004,UGN,IL,AGL,CE,Federal Contract Tower,0,9,39,0,48,0,5,28,0,33,0,14,67,0,81,60,0,60,141
05/13/2004,UGN,IL,AGL,CE,Federal Contract Tower,0,14,60,0,74,0,6,5,0,11,0,20,65,0,85,66,0,66,151
05/14/2004,UGN,IL,AGL,CE,Federal Contract Tower,0,10,47,0,57,0,0,3,0,3,0,10,50,0,60,0,0,0,60
05/15/2004,UGN,IL,AGL,CE,Federal Contract Tower,0,6,24,0,30,0,2,99,0,101,0,8,123,0,131,158,0,158,289
05/16/2004,UGN,IL,AGL,CE,Federal Contract Tower,0,6,26,0,32,0,5,111,0,116,0,11,137,0,148,174,0,174,322
05/17/2004,UGN,IL,AGL,CE,Federal Contract Tower,0,10,42,0,52,0,5,48,0,53,0,15,90,0,105,172,0,172,277
05/18/2004,UGN,IL,AGL,CE,Federal Contract Tower,0,4,55,0,59,0,0,31,0,31,0,4,86,0,90,178,0,178,268
05/19/2004,UGN,IL,AGL,CE,Federal Contract Tower,0,14,63,0,77,0,1,37,0,38,0,15,100,0,115,130,0,130,245
05/20/2004,UGN,IL,AGL,CE,Federal Contract Tower,0,13,54,0,67,0,2,32,9,43,0,15,86,9,110,156,2,158,268
05/21/2004,UGN,IL,AGL,CE,Federal Contract Tower,0,10,50,0,60,0,0,26,4,30,0,10,76,4,90,68,0,68,158
05/22/2004,UGN,IL,AGL,CE,Federal Contract Tower,0,5,21,0,26,0,1,23,1,25,0,6,44,1,51,86,0,86,137
05/23/2004,UGN,IL,AGL,CE,Federal Contract Tower,0,5,24,0,29,0,3,22,0,25,0,8,46,0,54,52,0,52,106
05/24/2004,UGN,IL,AGL,CE,Federal Contract Tower,0,1,28,0,29,0,0,72,0,72,0,1,100,0,101,214,0,214,315
05/25/2004,UGN,IL,AGL,CE,Federal Contract Tower,0,6,48,0,54,0,0,52,0,52,0,6,100,0,106,102,0,102,208
05/26/2004,UGN,IL,AGL,CE,Federal Contract Tower,0,6,44,0,50,0,0,116,0,116,0,6,160,0,166,170,0,170,336
05/27/2004,UGN,IL,AGL,CE,Federal Contract Tower,0,9,37,0,46,0,0,43,0,43,0,9,80,0,89,196,0,196,285
05/28/2004,UGN,IL,AGL,CE,Federal Contract Tower,0,5,42,0,47,0,0,127,1,128,0,5,169,1,175,238,0,238,413
05/29/2004,UGN,IL,AGL,CE,Federal Contract Tower,0,4,18,0,22,0,0,38,2,40,0,4,56,2,62,182,8,190,252
05/30/2004,UGN,IL,AGL,CE,Federal Contract Tower,0,0,6,0,6,0,0,3,1,4,0,0,9,1,10,8,0,8,18
05/31/2004,UGN,IL,AGL,CE,Federal Contract Tower,0,6,28,0,34,0,4,3,4,11,0,10,31,4,45,6,4,10,55
06/01/2004,UGN,IL,AGL,CE,Federal Contract Tower,0,10,50,1,61,0,5,40,1,46,0,15,90,2,107,196,0,196,303
06/02/2004,UGN,IL,AGL,CE,Federal Contract Tower,0,10,54,1,65,0,0,37,2,39,0,10,91,3,104,166,0,166,270
06/03/2004,UGN,IL,AGL,CE,Federal Contract Tower,0,9,60,1,70,0,0,93,2,95,0,9,153,3,165,238,0,238,403
06/04/2004,UGN,IL,AGL,CE,Federal Contract Tower,0,10,50,1,61,0,0,105,1,106,0,10,155,2,167,166,0,166,333
06/05/2004,UGN,IL,AGL,CE,Federal Contract Tower,0,6,34,1,41,0,5,92,6,103,0,11,126,7,144,164,0,164,308
06/06/2004,UGN,IL,AGL,CE,Federal Contract Tower,0,5,26,0,31,0,10,67,0,77,0,15,93,0,108,162,0,162,270
06/07/2004,UGN,IL,AGL,CE,Federal Contract Tower,0,6,26,1,33,0,4,69,1,74,0,10,95,2,107,248,0,248,355
06/08/2004,UGN,IL,AGL,CE,Federal Contract Tower,0,7,47,1,55,0,0,95,2,97,0,7,142,3,152,210,0,210,362
06/09/2004,UGN,IL,AGL,CE,Federal Contract Tower,0,0,36,0,36,0,0,63,0,63,0,0,99,0,99,212,0,212,311
06/10/2004,UGN,IL,AGL,CE,Federal Contract Tower,0,10,40,1,51,0,4,0,2,6,0,14,40,3,57,0,0,0,57
06/11/2004,UGN,IL,AGL,CE,Federal Contract Tower,0,5,36,1,42,0,0,3,0,3,0,5,39,1,45,0,0,0,45
06/12/2004,UGN,IL,AGL,CE,Federal Contract Tower,0,6,38,1,45,0,0,26,2,28,0,6,64,3,73,128,0,128,201
06/13/2004,UGN,IL,AGL,CE,Federal Contract Tower,0,9,38,1,48,0,4,63,1,68,0,13,101,2,116,150,0,150,266
06/14/2004,UGN,IL,AGL,CE,Federal Contract Tower,0,6,30,1,37,0,1,65,8,74,0,7,95,9,111,162,0,162,273
06/15/2004,UGN,IL,AGL,CE,Federal Contract Tower,0,8,38,0,46,0,0,89,0,89,0,8,127,0,135,268,0,268,403
06/16/2004,UGN,IL,AGL,CE,Federal Contract Tower,0,15,65,1,81,0,0,54,1,55,0,15,119,2,136,152,0,152,288
06/17/2004,UGN,IL,AGL,CE,Federal Contract Tower,0,15,65,1,81,0,2,1,2,5,0,17,66,3,86,50,0,50,136
06/18/2004,UGN,IL,AGL,CE,Federal Contract Tower,0,10,46,0,56,0,1,82,2,85,0,11,128,2,141,142,0,142,283
06/19/2004,UGN,IL,AGL,CE,Federal Contract Tower,0,9,39,0,48,0,6,103,3,112,0,15,142,3,160,162,0,162,322
06/20/2004,UGN,IL,AGL,CE,Federal Contract Tower,0,7,33,0,40,0,6,110,2,118,0,13,143,2,158,174,0,174,332
06/21/2004,UGN,IL,AGL,CE,Federal Contract Tower,0,4,44,0,48,0,0,17,0,17,0,4,61,0,65,38,0,38,103
06/22/2004,UGN,IL,AGL,CE,Federal Contract Tower,0,5,52,0,57,0,0,127,2,129,0,5,179,2,186,220,0,220,406
06/23/2004,UGN,IL,AGL,CE,Federal Contract Tower,0,3,38,0,41,0,0,68,1,69,0,3,106,1,110,194,0,194,304
06/24/2004,UGN,IL,AGL,CE,Federal Contract Tower,0,12,54,0,66,0,0,38,2,40,0,12,92,2,106,154,0,154,260
06/25/2004,UGN,IL,AGL,CE,Federal Contract Tower,0,7,44,0,51,0,0,142,5,147,0,7,186,5,198,172,0,172,370
06/26/2004,UGN,IL,AGL,CE,Federal Contract Tower,0,8,36,0,44,0,4,119,5,128,0,12,155,5,172,252,0,252,424
06/27/2004,UGN,IL,AGL,CE,Federal Contract Tower,0,11,49,0,60,0,6,113,5,124,0,17,162,5,184,198,0,198,382
06/28/2004,UGN,IL,AGL,CE,Federal Contract Tower,0,4,51,0,55,0,0,90,1,91,0,4,141,1,146,210,0,210,356
06/29/2004,UGN,IL,AGL,CE,Federal Contract Tower,0,8,42,0,50,0,0,104,4,108,0,8,146,4,158,234,0,234,392
06/30/2004,UGN,IL,AGL,CE,Federal Contract Tower,0,1,35,0,36,0,0,90,2,92,0,1,125,2,128,261,0,261,389
07/01/2004,UGN,IL,AGL,CE,Federal Contract Tower,0,15,57,1,73,0,5,107,11,123,0,20,164,12,196,258,0,258,454
07/02/2004,UGN,IL,AGL,CE,Federal Contract Tower,0,10,48,1,59,0,0,109,6,115,0,10,157,7,174,220,2,222,396
07/03/2004,UGN,IL,AGL,CE,Federal Contract Tower,0,6,21,0,27,0,5,35,0,40,0,11,56,0,67,96,0,96,163
07/04/2004,UGN,IL,AGL,CE,Federal Contract Tower,0,5,16,0,21,0,0,33,6,39,0,5,49,6,60,12,22,34,94
07/05/2004,UGN,IL,AGL,CE,Federal Contract Tower,0,11,57,1,69,0,0,11,1,12,0,11,68,2,81,128,14,142,223
07/06/2004,UGN,IL,AGL,CE,Federal Contract Tower,0,6,48,2,56,0,0,35,4,39,0,6,83,6,95,118,10,128,223
07/07/2004,UGN,IL,AGL,CE,Federal Contract Tower,0,11,48,2,61,0,2,27,0,29,0,13,75,2,90,202,42,244,334
07/08/2004,UGN,IL,AGL,CE,Federal Contract Tower,0,10,49,2,61,0,0,107,1,108,0,10,156,3,169,252,8,260,429
07/09/2004,UGN,IL,AGL,CE,Federal Contract Tower,0,11,50,2,63,0,2,68,6,76,0,13,118,8,139,150,0,150,289
07/10/2004,UGN,IL,AGL,CE,Federal Contract Tower,0,7,26,1,34,0,7,94,3,104,0,14,120,4,138,284,0,284,422
07/11/2004,UGN,IL,AGL,CE,Federal Contract Tower,0,7,33,1,41,0,0,58,3,61,0,7,91,4,102,264,14,278,380
07/12/2004,UGN,IL,AGL,CE,Federal Contract Tower,0,9,53,2,64,0,0,103,0,103,0,9,156,2,167,242,0,242,409
07/13/2004,UGN,IL,AGL,CE,Federal Contract Tower,0,11,47,2,60,0,0,49,3,52,0,11,96,5,112,144,0,144,256
07/14/2004,UGN,IL,AGL,CE,Federal Contract Tower,0,10,52,2,64,0,0,58,3,61,0,10,110,5,125,150,0,150,275
07/15/2004,UGN,IL,AGL,CE,Federal Contract Tower,0,12,51,2,65,0,3,95,4,102,0,15,146,6,167,228,0,228,395
07/16/2004,UGN,IL,AGL,CE,Federal Contract Tower,0,12,54,1,67,0,6,45,1,52,0,18,99,2,119,136,0,136,255
07/17/2004,UGN,IL,AGL,CE,Federal Contract Tower,0,8,39,0,47,0,0,42,2,44,0,8,81,2,91,190,0,190,281
07/18/2004,UGN,IL,AGL,CE,Federal Contract Tower,0,8,43,0,51,0,0,124,1,125,0,8,167,1,176,226,0,226,402
07/19/2004,UGN,IL,AGL,CE,Federal Contract Tower,0,9,40,0,49,0,0,92,2,94,0,9,132,2,143,286,0,286,429
07/20/2004,UGN,IL,AGL,CE,Federal Contract Tower,0,10,52,1,63,0,0,61,1,62,0,10,113,2,125,156,0,156,281
07/21/2004,UGN,IL,AGL,CE,Federal Contract Tower,0,8,44,0,52,0,0,15,2,17,0,8,59,2,69,122,0,122,191
07/22/2004,UGN,IL,AGL,CE,Federal Contract Tower,0,16,69,1,86,0,0,63,5,68,0,16,132,6,154,100,0,100,254
07/23/2004,UGN,IL,AGL,CE,Federal Contract Tower,0,6,54,1,61,0,0,128,1,129,0,6,182,2,190,132,0,132,322
07/24/2004,UGN,IL,AGL,CE,Federal Contract Tower,0,4,21,0,25,0,0,118,2,120,0,4,139,2,145,155,2,157,302
07/25/2004,UGN,IL,AGL,CE,Federal Contract Tower,0,11,48,1,60,0,5,110,2,117,0,16,158,3,177,185,0,185,362
07/26/2004,UGN,IL,AGL,CE,Federal Contract Tower,0,11,49,1,61,0,9,100,1,110,0,20,149,2,171,186,0,186,357
07/27/2004,UGN,IL,AGL,CE,Federal Contract Tower,0,10,54,1,65,0,0,86,3,89,0,10,140,4,154,260,0,260,414
07/28/2004,UGN,IL,AGL,CE,Federal Contract Tower,0,11,45,0,56,0,0,73,0,73,0,11,118,0,129,126,8,134,263
07/29/2004,UGN,IL,AGL,CE,Federal Contract Tower,0,10,51,1,62,0,0,54,0,54,0,10,105,1,116,130,0,130,246
07/30/2004,UGN,IL,AGL,CE,Federal Contract Tower,0,7,62,1,70,0,0,53,4,57,0,7,115,5,127,240,0,240,367
07/31/2004,UGN,IL,AGL,CE,Federal Contract Tower,0,4,20,0,24,0,6,85,2,93,0,10,105,2,117,66,12,78,195
08/01/2004,UGN,IL,AGL,CE,Federal Contract Tower,0,10,37,1,48,0,3,79,1,83,0,13,116,2,131,104,0,104,235
08/02/2004,UGN,IL,AGL,CE,Federal Contract Tower,0,11,40,1,52,0,4,45,3,52,0,15,85,4,104,204,0,204,308
08/03/2004,UGN,IL,AGL,CE,Federal Contract Tower,0,8,38,0,46,0,0,64,0,64,0,8,102,0,110,200,0,200,310
08/04/2004,UGN,IL,AGL,CE,Federal Contract Tower,0,6,42,1,49,0,0,28,1,29,0,6,70,2,78,150,0,150,228
08/05/2004,UGN,IL,AGL,CE,Federal Contract Tower,0,9,43,1,53,0,0,77,1,78,0,9,120,2,131,112,0,112,243
08/06/2004,UGN,IL,AGL,CE,Federal Contract Tower,0,8,48,1,57,0,0,112,4,116,0,8,160,5,173,212,0,212,385
08/07/2004,UGN,IL,AGL,CE,Federal Contract Tower,0,7,23,0,30,0,1,107,1,109,0,8,130,1,139,226,0,226,365
08/08/2004,UGN,IL,AGL,CE,Federal Contract Tower,0,11,45,2,58,0,11,100,4,115,0,22,145,6,173,226,36,262,435
08/09/2004,UGN,IL,AGL,CE,Federal Contract Tower,0,10,43,2,55,0,3,40,2,45,0,13,83,4,100,106,22,128,228
08/10/2004,UGN,IL,AGL,CE,Federal Contract Tower,0,11,44,2,57,0,3,53,3,59,0,14,97,5,116,178,0,178,294
08/11/2004,UGN,IL,AGL,CE,Federal Contract Tower,0,8,47,2,57,0,0,38,0,38,0,8,85,2,95,154,0,154,249
08/12/2004,UGN,IL,AGL,CE,Federal Contract Tower,0,12,47,2,61,0,0,44,5,49,0,12,91,7,110,206,2,208,318
08/13/2004,UGN,IL,AGL,CE,Federal Contract Tower,0,9,38,2,49,0,1,70,2,73,0,10,108,4,122,108,0,108,230
08/14/2004,UGN,IL,AGL,CE,Federal Contract Tower,0,6,22,1,29,0,3,107,1,111,0,9,129,2,140,226,0,226,366
08/15/2004,UGN,IL,AGL,CE,Federal Contract Tower,0,10,35,1,46,0,3,115,1,119,0,13,150,2,165,198,0,198,363
08/16/2004,UGN,IL,AGL,CE,Federal Contract Tower,0,12,51,0,63,0,0,79,0,79,0,12,130,0,142,100,0,100,242
08/17/2004,UGN,IL,AGL,CE,Federal Contract Tower,0,6,33,1,40,0,0,45,1,46,0,6,78,2,86,156,0,156,242
08/18/2004,UGN,IL,AGL,CE,Federal Contract Tower,0,7,44,1,52,0,0,40,2,42,0,7,84,3,94,64,0,64,158
08/19/2004,UGN,IL,AGL,CE,Federal Contract Tower,0,9,40,1,50,0,7,60,2,69,0,16,100,3,119,170,0,170,289
08/20/2004,UGN,IL,AGL,CE,Federal Contract Tower,0,10,40,1,51,0,1,48,0,49,0,11,88,1,100,102,0,102,202
08/21/2004,UGN,IL,AGL,CE,Federal Contract Tower,0,9,39,1,49,0,12,108,3,123,0,21,147,4,172,200,0,200,372
08/22/2004,UGN,IL,AGL,CE,Federal Contract Tower,0,12,50,1,63,0,7,71,1,79,0,19,121,2,142,160,0,160,302
08/23/2004,UGN,IL,AGL,CE,Federal Contract Tower,0,10,62,1,73,0,0,36,6,42,0,10,98,7,115,48,0,48,163
08/24/2004,UGN,IL,AGL,CE,Federal Contract Tower,0,9,54,1,64,0,0,4,1,5,0,9,58,2,69,4,0,4,73
08/25/2004,UGN,IL,AGL,CE,Federal Contract Tower,0,8,44,1,53,0,0,19,3,22,0,8,63,4,75,116,0,116,191
08/26/2004,UGN,IL,AGL,CE,Federal Contract Tower,0,7,76,2,85,0,0,33,4,37,0,7,109,6,122,106,0,106,228
08/27/2004,UGN,IL,AGL,CE,Federal Contract Tower,0,7,43,1,51,0,0,81,3,84,0,7,124,4,135,98,0,98,233
08/28/2004,UGN,IL,AGL,CE,Federal Contract Tower,0,3,24,0,27,0,0,3,2,5,0,3,27,2,32,16,0,16,48
08/29/2004,UGN,IL,AGL,CE,Federal Contract Tower,0,11,44,1,56,0,2,100,1,103,0,13,144,2,159,188,0,188,347
08/30/2004,UGN,IL,AGL,CE,Federal Contract Tower,0,5,31,0,36,0,0,91,1,92,0,5,122,1,128,174,0,174,302
08/31/2004,UGN,IL,AGL,CE,Federal Contract Tower,0,6,40,1,47,0,0,81,2,83,0,6,121,3,130,126,0,126,256
09/01/2004,UGN,IL,AGL,CE,Federal Contract Tower,0,7,49,2,58,0,0,59,0,59,0,7,108,2,117,78,0,78,195
09/02/2004,UGN,IL,AGL,CE,Federal Contract Tower,0,7,43,1,51,0,0,77,0,77,0,7,120,1,128,116,0,116,244
09/03/2004,UGN,IL,AGL,CE,Federal Contract Tower,0,12,54,2,68,0,0,29,5,34,0,12,83,7,102,164,0,164,266
09/04/2004,UGN,IL,AGL,CE,Federal Contract Tower,0,5,21,1,27,0,1,60,1,62,0,6,81,2,89,244,0,244,333
09/05/2004,UGN,IL,AGL,CE,Federal Contract Tower,0,5,27,1,33,0,0,22,1,23,0,5,49,2,56,66,0,66,122
09/06/2004,UGN,IL,AGL,CE,Federal Contract Tower,0,10,40,1,51,0,0,17,6,23,0,10,57,7,74,80,0,80,154
09/07/2004,UGN,IL,AGL,CE,Federal Contract Tower,0,10,41,1,52,0,4,67,0,71,0,14,108,1,123,162,0,162,285
09/08/2004,UGN,IL,AGL,CE,Federal Contract Tower,0,8,34,1,43,0,2,60,1,63,0,10,94,2,106,130,0,130,236
09/09/2004,UGN,IL,AGL,CE,Federal Contract Tower,0,9,59,2,70,0,0,58,1,59,0,9,117,3,129,110,0,110,239
09/10/2004,UGN,IL,AGL,CE,Federal Contract Tower,0,7,33,1,41,0,0,83,3,86,0,7,116,4,127,160,0,160,287
09/11/2004,UGN,IL,AGL,CE,Federal Contract Tower,0,6,26,0,32,0,3,104,0,107,0,9,130,0,139,300,0,300,439
09/12/2004,UGN,IL,AGL,CE,Federal Contract Tower,0,8,33,1,42,0,0,121,1,122,0,8,154,2,164,158,0,158,322
09/13/2004,UGN,IL,AGL,CE,Federal Contract Tower,0,10,45,1,56,0,0,40,2,42,0,10,85,3,98,140,0,140,238
09/14/2004,UGN,IL,AGL,CE,Federal Contract Tower,0,11,45,1,57,0,7,91,3,101,0,18,136,4,158,166,0,166,324
09/15/2004,UGN,IL,AGL,CE,Federal Contract Tower,0,5,30,0,35,0,0,20,0,20,0,5,50,0,55,46,0,46,101
09/16/2004,UGN,IL,AGL,CE,Federal Contract Tower,0,11,44,1,56,0,0,64,1,65,0,11,108,2,121,188,0,188,309
09/17/2004,UGN,IL,AGL,CE,Federal Contract Tower,0,10,38,0,48,0,1,104,0,105,0,11,142,0,153,66,0,66,219
09/18/2004,UGN,IL,AGL,CE,Federal Contract Tower,0,7,29,0,36,0,5,118,0,123,0,12,147,0,159,138,0,138,297
09/19/2004,UGN,IL,AGL,CE,Federal Contract Tower,0,11,42,0,53,0,13,83,0,96,0,24,125,0,149,82,0,82,231
09/20/2004,UGN,IL,AGL,CE,Federal Contract Tower,0,9,37,0,46,0,0,68,0,68,0,9,105,0,114,138,0,138,252
09/21/2004,UGN,IL,AGL,CE,Federal Contract Tower,0,3,23,0,26,0,0,78,3,81,0,3,101,3,107,164,0,164,271
09/22/2004,UGN,IL,AGL,CE,Federal Contract Tower,0,5,35,0,40,0,0,83,1,84,0,5,118,1,124,102,0,102,226
09/23/2004,UGN,IL,AGL,CE,Federal Contract Tower,0,8,42,0,50,0,0,72,0,72,0,8,114,0,122,162,0,162,284
09/24/2004,UGN,IL,AGL,CE,Federal Contract Tower,0,11,45,0,56,0,0,27,2,29,0,11,72,2,85,34,0,34,119
09/25/2004,UGN,IL,AGL,CE,Federal Contract Tower,0,5,23,0,28,0,1,144,1,146,0,6,167,1,174,104,0,104,278
09/26/2004,UGN,IL,AGL,CE,Federal Contract Tower,0,8,34,0,42,0,6,119,2,127,0,14,153,2,169,130,0,130,299
09/27/2004,UGN,IL,AGL,CE,Federal Contract Tower,0,8,39,0,47,0,0,62,3,65,0,8,101,3,112,148,0,148,260
09/28/2004,UGN,IL,AGL,CE,Federal Contract Tower,0,3,36,0,39,0,0,39,4,43,0,3,75,4,82,48,0,48,130
09/29/2004,UGN,IL,AGL,CE,Federal Contract Tower,0,1,30,0,31,0,0,90,0,90,0,1,120,0,121,176,0,176,297
09/30/2004,UGN,IL,AGL,CE,Federal Contract Tower,0,6,51,0,57,0,0,75,0,75,0,6,126,0,132,139,0,139,271
10/01/2004,UGN,IL,AGL,CE,Federal Contract Tower,0,12,30,2,44,0,0,52,0,52,0,12,82,2,96,110,0,110,206
10/02/2004,UGN,IL,AGL,CE,Federal Contract Tower,0,5,14,0,19,0,0,111,0,111,0,5,125,0,130,174,0,174,304
10/03/2004,UGN,IL,AGL,CE,Federal Contract Tower,0,14,23,2,39,0,0,75,0,75,0,14,98,2,114,94,0,94,208
10/04/2004,UGN,IL,AGL,CE,Federal Contract Tower,0,7,33,0,40,0,0,55,0,55,0,7,88,0,95,116,0,116,211
10/05/2004,UGN,IL,AGL,CE,Federal Contract Tower,0,4,28,0,32,0,0,80,0,80,0,4,108,0,112,128,0,128,240
10/06/2004,UGN,IL,AGL,CE,Federal Contract Tower,0,7,22,4,33,0,0,67,4,71,0,7,89,8,104,155,0,155,259
10/07/2004,UGN,IL,AGL,CE,Federal Contract Tower,0,7,38,4,49,0,0,79,0,79,0,7,117,4,128,144,0,144,272
10/08/2004,UGN,IL,AGL,CE,Federal Contract Tower,0,15,58,2,75,0,0,0,0,0,0,15,58,2,75,2,0,2,77
10/09/2004,UGN,IL,AGL,CE,Federal Contract Tower,0,8,15,0,23,0,0,132,0,132,0,8,147,0,155,228,0,228,383
10/10/2004,UGN,IL,AGL,CE,Federal Contract Tower,0,11,16,0,27,0,0,118,0,118,0,11,134,0,145,178,0,178,323
10/11/2004,UGN,IL,AGL,CE,Federal Contract Tower,0,4,32,0,36,0,0,91,0,91,0,4,123,0,127,134,0,134,261
10/12/2004,UGN,IL,AGL,CE,Federal Contract Tower,0,5,38,2,45,0,0,70,0,70,0,5,108,2,115,140,0,140,255
10/13/2004,UGN,IL,AGL,CE,Federal Contract Tower,0,4,50,2,56,0,0,41,0,41,0,4,91,2,97,106,0,106,203
10/14/2004,UGN,IL,AGL,CE,Federal Contract Tower,0,9,12,0,21,0,0,0,1,1,0,9,12,1,22,80,0,80,102
10/15/2004,UGN,IL,AGL,CE,Federal Contract Tower,0,10,47,0,57,0,0,18,1,19,0,10,65,1,76,8,0,8,84
10/16/2004,UGN,IL,AGL,CE,Federal Contract Tower,0,8,9,0,17,0,0,2,0,2,0,8,11,0,19,12,0,12,31
10/17/2004,UGN,IL,AGL,CE,Federal Contract Tower,0,4,38,0,42,0,0,85,0,85,0,4,123,0,127,120,0,120,247
10/18/2004,UGN,IL,AGL,CE,Federal Contract Tower,0,1,32,0,33,0,0,29,0,29,0,1,61,0,62,28,0,28,90
10/19/2004,UGN,IL,AGL,CE,Federal Contract Tower,0,4,26,0,30,0,0,0,0,0,0,4,26,0,30,0,0,0,30
10/20/2004,UGN,IL,AGL,CE,Federal Contract Tower,0,3,43,2,48,0,0,14,0,14,0,3,57,2,62,80,0,80,142
10/21/2004,UGN,IL,AGL,CE,Federal Contract Tower,0,2,61,2,65,0,0,50,0,50,0,2,111,2,115,114,0,114,229
10/22/2004,UGN,IL,AGL,CE,Federal Contract Tower,0,13,60,0,73,0,0,8,0,8,0,13,68,0,81,12,0,12,93
10/23/2004,UGN,IL,AGL,CE,Federal Contract Tower,0,1,22,0,23,0,0,4,0,4,0,1,26,0,27,14,0,14,41
10/24/2004,UGN,IL,AGL,CE,Federal Contract Tower,0,9,39,0,48,0,0,119,0,119,0,9,158,0,167,246,0,246,413
10/25/2004,UGN,IL,AGL,CE,Federal Contract Tower,0,11,30,0,41,0,0,93,3,96,0,11,123,3,137,162,0,162,299
10/26/2004,UGN,IL,AGL,CE,Federal Contract Tower,0,4,58,2,64,0,0,2,1,3,0,4,60,3,67,0,0,0,67
10/27/2004,UGN,IL,AGL,CE,Federal Contract Tower,0,7,65,0,72,0,0,10,1,11,0,7,75,1,83,24,0,24,107
10/28/2004,UGN,IL,AGL,CE,Federal Contract Tower,0,12,57,0,69,0,0,0,0,0,0,12,57,0,69,2,0,2,71
10/29/2004,UGN,IL,AGL,CE,Federal Contract Tower,0,3,44,0,47,0,0,4,0,4,0,3,48,0,51,24,0,24,75
10/30/2004,UGN,IL,AGL,CE,Federal Contract Tower,0,7,14,0,21,0,0,7,0,7,0,7,21,0,28,0,0,0,28
10/31/2004,UGN,IL,AGL,CE,Federal Contract Tower,0,8,31,0,39,0,0,76,0,76,0,8,107,0,115,186,0,186,301
11/01/2004,UGN,IL,AGL,CE,Federal Contract Tower,0,11,46,1,58,0,0,4,0,4,0,11,50,1,62,14,0,14,76
11/02/2004,UGN,IL,AGL,CE,Federal Contract Tower,0,6,43,1,50,0,0,17,9,26,0,6,60,10,76,36,0,36,112
11/03/2004,UGN,IL,AGL,CE,Federal Contract Tower,0,5,42,0,47,0,0,71,5,76,0,5,113,5,123,120,0,120,243
11/04/2004,UGN,IL,AGL,CE,Federal Contract Tower,0,6,35,0,41,0,0,54,3,57,0,6,89,3,98,192,0,192,290
11/05/2004,UGN,IL,AGL,CE,Federal Contract Tower,0,9,44,0,53,0,0,72,0,72,0,9,116,0,125,108,0,108,233
11/06/2004,UGN,IL,AGL,CE,Federal Contract Tower,0,0,22,0,22,0,0,94,0,94,0,0,116,0,116,186,0,186,302
11/07/2004,UGN,IL,AGL,CE,Federal Contract Tower,0,11,37,0,48,0,0,100,0,100,0,11,137,0,148,146,0,146,294
11/08/2004,UGN,IL,AGL,CE,Federal Contract Tower,0,4,41,0,45,0,0,63,1,64,0,4,104,1,109,202,0,202,311
11/09/2004,UGN,IL,AGL,CE,Federal Contract Tower,0,11,49,1,61,0,0,63,2,65,0,11,112,3,126,122,0,122,248
11/10/2004,UGN,IL,AGL,CE,Federal Contract Tower,0,11,48,0,59,0,0,58,0,58,0,11,106,0,117,130,0,130,247
11/11/2004,UGN,IL,AGL,CE,Federal Contract Tower,0,5,26,0,31,0,0,33,0,33,0,5,59,0,64,100,0,100,164
11/12/2004,UGN,IL,AGL,CE,Federal Contract Tower,0,10,57,0,67,0,0,88,0,88,0,10,145,0,155,157,0,157,312
11/13/2004,UGN,IL,AGL,CE,Federal Contract Tower,0,5,17,0,22,0,0,117,0,117,0,5,134,0,139,228,0,228,367
11/14/2004,UGN,IL,AGL,CE,Federal Contract Tower,0,10,35,0,45,0,0,88,0,88,0,10,123,0,133,157,0,157,290
11/15/2004,UGN,IL,AGL,CE,Federal Contract Tower,0,6,24,0,30,0,0,44,0,44,0,6,68,0,74,104,0,104,178
11/16/2004,UGN,IL,AGL,CE,Federal Contract Tower,0,5,71,0,76,0,0,7,0,7,0,5,78,0,83,106,0,106,189
11/17/2004,UGN,IL,AGL,CE,Federal Contract Tower,0,11,43,0,54,0,0,0,0,0,0,11,43,0,54,0,0,0,54
11/18/2004,UGN,IL,AGL,CE,Federal Contract Tower,0,11,55,0,66,0,0,22,3,25,0,11,77,3,91,102,0,102,193
11/19/2004,UGN,IL,AGL,CE,Federal Contract Tower,0,4,41,0,45,0,0,0,0,0,0,4,41,0,45,0,0,0,45
11/20/2004,UGN,IL,AGL,CE,Federal Contract Tower,0,9,28,2,39,0,0,6,0,6,0,9,34,2,45,82,0,82,127
11/21/2004,UGN,IL,AGL,CE,Federal Contract Tower,0,7,29,4,40,0,0,158,2,160,0,7,187,6,200,222,4,226,426
11/22/2004,UGN,IL,AGL,CE,Federal Contract Tower,0,11,38,0,49,0,0,70,3,73,0,11,108,3,122,164,0,164,286
11/23/2004,UGN,IL,AGL,CE,Federal Contract Tower,0,14,43,0,57,0,0,54,1,55,0,14,97,1,112,228,0,228,340
11/24/2004,UGN,IL,AGL,CE,Federal Contract Tower,0,20,62,0,82,0,0,8,0,8,0,20,70,0,90,16,0,16,106
11/25/2004,UGN,IL,AGL,CE,Federal Contract Tower,0,5,14,0,19,0,0,10,0,10,0,5,24,0,29,24,0,24,53
11/26/2004,UGN,IL,AGL,CE,Federal Contract Tower,0,8,13,0,21,0,0,13,0,13,0,8,26,0,34,78,0,78,112
11/27/2004,UGN,IL,AGL,CE,Federal Contract Tower,0,10,22,0,32,0,0,1,0,1,0,10,23,0,33,32,0,32,65
11/28/2004,UGN,IL,AGL,CE,Federal Contract Tower,0,14,55,0,69,0,0,94,1,95,0,14,149,1,164,182,0,182,346
11/29/2004,UGN,IL,AGL,CE,Federal Contract Tower,0,8,35,0,43,0,0,12,0,12,0,8,47,0,55,64,0,64,119
11/30/2004,UGN,IL,AGL,CE,Federal Contract Tower,0,9,20,0,29,0,0,6,2,8,0,9,26,2,37,58,0,58,95
12/01/2004,UGN,IL,AGL,CE,Federal Contract Tower,0,7,40,0,47,0,0,73,0,73,0,7,113,0,120,96,0,96,216
12/02/2004,UGN,IL,AGL,CE,Federal Contract Tower,0,11,47,0,58,0,0,51,2,53,0,11,98,2,111,97,0,97,208
12/03/2004,UGN,IL,AGL,CE,Federal Contract Tower,0,4,38,0,42,0,0,78,0,78,0,4,116,0,120,68,0,68,188
12/04/2004,UGN,IL,AGL,CE,Federal Contract Tower,0,5,16,0,21,0,0,81,7,88,0,5,97,7,109,160,0,160,269
12/05/2004,UGN,IL,AGL,CE,Federal Contract Tower,0,8,21,5,34,0,0,65,0,65,0,8,86,5,99,240,0,240,339
12/06/2004,UGN,IL,AGL,CE,Federal Contract Tower,0,4,50,1,55,0,0,0,0,0,0,4,50,1,55,0,0,0,55
12/07/2004,UGN,IL,AGL,CE,Federal Contract Tower,0,9,37,0,46,0,0,0,0,0,0,9,37,0,46,0,0,0,46
12/08/2004,UGN,IL,AGL,CE,Federal Contract Tower,0,10,64,0,74,0,0,41,2,43,0,10,105,2,117,160,0,160,277
12/09/2004,UGN,IL,AGL,CE,Federal Contract Tower,0,10,41,2,53,0,0,17,0,17,0,10,58,2,70,62,0,62,132
12/10/2004,UGN,IL,AGL,CE,Federal Contract Tower,0,4,44,0,48,0,0,0,0,0,0,4,44,0,48,0,0,0,48
12/11/2004,UGN,IL,AGL,CE,Federal Contract Tower,0,5,12,0,17,0,0,52,0,52,0,5,64,0,69,220,0,220,289
12/12/2004,UGN,IL,AGL,CE,Federal Contract Tower,0,4,16,0,20,0,0,5,0,5,0,4,21,0,25,34,0,34,59
12/13/2004,UGN,IL,AGL,CE,Federal Contract Tower,0,2,37,0,39,0,0,7,0,7,0,2,44,0,46,72,0,72,118
12/14/2004,UGN,IL,AGL,CE,Federal Contract Tower,0,0,31,0,31,0,0,95,1,96,0,0,126,1,127,186,0,186,313
12/15/2004,UGN,IL,AGL,CE,Federal Contract Tower,0,2,33,2,37,0,0,79,1,80,0,2,112,3,117,134,0,134,251
12/16/2004,UGN,IL,AGL,CE,Federal Contract Tower,0,8,46,0,54,0,0,44,0,44,0,8,90,0,98,92,0,92,190
12/17/2004,UGN,IL,AGL,CE,Federal Contract Tower,0,10,46,0,56,0,0,90,0,90,0,10,136,0,146,164,0,164,310
12/18/2004,UGN,IL,AGL,CE,Federal Contract Tower,0,8,25,0,33,0,0,45,0,45,0,8,70,0,78,140,0,140,218
12/19/2004,UGN,IL,AGL,CE,Federal Contract Tower,0,3,10,0,13,0,0,38,0,38,0,3,48,0,51,60,0,60,111
12/20/2004,UGN,IL,AGL,CE,Federal Contract Tower,0,8,34,0,42,0,0,11,0,11,0,8,45,0,53,20,0,20,73
12/21/2004,UGN,IL,AGL,CE,Federal Contract Tower,0,7,4,2,13,0,0,0,0,0,0,7,4,2,13,32,0,32,45
12/22/2004,UGN,IL,AGL,CE,Federal Contract Tower,0,4,34,0,38,0,0,48,8,56,0,4,82,8,94,60,0,60,154
12/23/2004,UGN,IL,AGL,CE,Federal Contract Tower,0,9,24,0,33,0,0,36,0,36,0,9,60,0,69,64,0,64,133
12/24/2004,UGN,IL,AGL,CE,Federal Contract Tower,0,8,16,0,24,0,0,13,0,13,0,8,29,0,37,6,0,6,43
12/25/2004,UGN,IL,AGL,CE,Federal Contract Tower,0,3,10,0,13,0,0,2,0,2,0,3,12,0,15,0,0,0,15
12/26/2004,UGN,IL,AGL,CE,Federal Contract Tower,0,12,42,0,54,0,0,40,0,40,0,12,82,0,94,64,0,64,158
12/27/2004,UGN,IL,AGL,CE,Federal Contract Tower,0,6,32,0,38,0,0,82,0,82,0,6,114,0,120,50,0,50,170
12/28/2004,UGN,IL,AGL,CE,Federal Contract Tower,0,4,16,0,20,0,0,78,1,79,0,4,94,1,99,154,0,154,253
12/29/2004,UGN,IL,AGL,CE,Federal Contract Tower,0,7,36,3,46,0,0,5,0,5,0,7,41,3,51,72,0,72,123
12/30/2004,UGN,IL,AGL,CE,Federal Contract Tower,0,0,16,0,16,0,0,0,0,0,0,0,16,0,16,0,0,0,16
12/31/2004,UGN,IL,AGL,CE,Federal Contract Tower,0,2,10,0,12,0,0,51,0,51,0,2,61,0,63,28,0,28,91
01/01/2005,UGN,IL,AGL,CE,Federal Contract Tower,0,4,18,0,22,0,0,34,0,34,0,4,52,0,56,126,0,126,182
01/02/2005,UGN,IL,AGL,CE,Federal Contract Tower,0,9,52,0,61,0,0,4,0,4,0,9,56,0,65,106,0,106,171
01/03/2005,UGN,IL,AGL,CE,Federal Contract Tower,0,7,31,0,38,0,0,5,1,6,0,7,36,1,44,26,0,26,70
01/04/2005,UGN,IL,AGL,CE,Federal Contract Tower,0,8,30,3,41,0,0,0,0,0,0,8,30,3,41,0,0,0,41
01/05/2005,UGN,IL,AGL,CE,Federal Contract Tower,0,7,38,0,45,0,0,0,0,0,0,7,38,0,45,0,0,0,45
01/06/2005,UGN,IL,AGL,CE,Federal Contract Tower,0,8,38,0,46,0,0,6,0,6,0,8,44,0,52,14,0,14,66
01/07/2005,UGN,IL,AGL,CE,Federal Contract Tower,0,3,37,2,42,0,0,9,1,10,0,3,46,3,52,34,0,34,86
01/08/2005,UGN,IL,AGL,CE,Federal Contract Tower,0,10,22,0,32,0,0,21,0,21,0,10,43,0,53,86,0,86,139
01/09/2005,UGN,IL,AGL,CE,Federal Contract Tower,0,7,21,0,28,0,0,0,0,0,0,7,21,0,28,18,0,18,46
01/10/2005,UGN,IL,AGL,CE,Federal Contract Tower,0,0,36,3,39,0,0,35,0,35,0,0,71,3,74,158,0,158,232
01/11/2005,UGN,IL,AGL,CE,Federal Contract Tower,0,1,26,1,28,0,0,0,0,0,0,1,26,1,28,0,0,0,28
01/12/2005,UGN,IL,AGL,CE,Federal Contract Tower,0,1,34,0,35,0,0,0,0,0,0,1,34,0,35,0,0,0,35
01/13/2005,UGN,IL,AGL,CE,Federal Contract Tower,0,18,40,0,58,0,0,8,1,9,0,18,48,1,67,6,0,6,73
01/14/2005,UGN,IL,AGL,CE,Federal Contract Tower,0,5,45,0,50,0,0,58,2,60,0,5,103,2,110,129,0,129,239
01/15/2005,UGN,IL,AGL,CE,Federal Contract Tower,0,3,16,0,19,0,0,80,2,82,0,3,96,2,101,124,0,124,225
01/16/2005,UGN,IL,AGL,CE,Federal Contract Tower,0,6,16,0,22,0,0,68,1,69,0,6,84,1,91,174,0,174,265
01/17/2005,UGN,IL,AGL,CE,Federal Contract Tower,0,12,34,0,46,0,0,58,0,58,0,12,92,0,104,142,0,142,246
01/18/2005,UGN,IL,AGL,CE,Federal Contract Tower,0,5,37,0,42,0,0,30,0,30,0,5,67,0,72,68,0,68,140
01/19/2005,UGN,IL,AGL,CE,Federal Contract Tower,0,3,34,0,37,0,0,11,0,11,0,3,45,0,48,22,0,22,70
01/20/2005,UGN,IL,AGL,CE,Federal Contract Tower,0,13,37,0,50,0,0,0,0,0,0,13,37,0,50,0,0,0,50
01/21/2005,UGN,IL,AGL,CE,Federal Contract Tower,0,4,30,0,34,0,0,15,0,15,0,4,45,0,49,86,0,86,135
01/22/2005,UGN,IL,AGL,CE,Federal Contract Tower,0,2,6,0,8,0,0,1,0,1,0,2,7,0,9,0,0,0,9
01/23/2005,UGN,IL,AGL,CE,Federal Contract Tower,0,9,26,0,35,0,0,49,0,49,0,9,75,0,84,138,0,138,222
01/24/2005,UGN,IL,AGL,CE,Federal Contract Tower,0,11,32,0,43,0,0,53,0,53,0,11,85,0,96,166,0,166,262
01/25/2005,UGN,IL,AGL,CE,Federal Contract Tower,0,1,25,0,26,0,0,69,3,72,0,1,94,3,98,232,0,232,330
01/26/2005,UGN,IL,AGL,CE,Federal Contract Tower,0,5,39,4,48,0,0,7,0,7,0,5,46,4,55,34,0,34,89
01/27/2005,UGN,IL,AGL,CE,Federal Contract Tower,0,15,26,2,43,0,0,51,2,53,0,15,77,4,96,110,0,110,206
01/28/2005,UGN,IL,AGL,CE,Federal Contract Tower,0,8,29,0,37,0,0,65,0,65,0,8,94,0,102,140,0,140,242
01/29/2005,UGN,IL,AGL,CE,Federal Contract Tower,0,5,13,0,18,0,0,84,0,84,0,5,97,0,102,188,0,188,290
01/30/2005,UGN,IL,AGL,CE,Federal Contract Tower,0,7,18,0,25,0,0,44,0,44,0,7,62,0,69,290,0,290,359
01/31/2005,UGN,IL,AGL,CE,Federal Contract Tower,0,7,47,0,54,0,0,17,2,19,0,7,64,2,73,106,0,106,179
02/01/2005,UGN,IL,AGL,CE,Federal Contract Tower,0,5,32,0,37,0,0,45,1,46,0,5,77,1,83,158,0,158,241
02/02/2005,UGN,IL,AGL,CE,Federal Contract Tower,0,1,40,0,41,0,0,56,0,56,0,1,96,0,97,168,0,168,265
02/03/2005,UGN,IL,AGL,CE,Federal Contract Tower,0,1,45,0,46,0,0,79,2,81,0,1,124,2,127,56,0,56,183
02/04/2005,UGN,IL,AGL,CE,Federal Contract Tower,0,1,54,2,57,0,0,56,0,56,0,1,110,2,113,102,0,102,215
02/05/2005,UGN,IL,AGL,CE,Federal Contract Tower,0,6,14,4,24,0,0,112,0,112,0,6,126,4,136,180,0,180,316
02/06/2005,UGN,IL,AGL,CE,Federal Contract Tower,0,2,33,4,39,0,0,69,0,69,0,2,102,4,108,180,0,180,288
02/07/2005,UGN,IL,AGL,CE,Federal Contract Tower,0,4,26,0,30,0,0,0,0,0,0,4,26,0,30,0,0,0,30
02/08/2005,UGN,IL,AGL,CE,Federal Contract Tower,0,5,54,0,59,0,0,26,0,26,0,5,80,0,85,106,0,106,191
02/09/2005,UGN,IL,AGL,CE,Federal Contract Tower,0,4,34,0,38,0,0,20,0,20,0,4,54,0,58,30,0,30,88
02/10/2005,UGN,IL,AGL,CE,Federal Contract Tower,0,9,47,0,56,0,0,53,2,55,0,9,100,2,111,114,0,114,225
02/11/2005,UGN,IL,AGL,CE,Federal Contract Tower,0,10,41,2,53,0,0,56,0,56,0,10,97,2,109,122,0,122,231
02/12/2005,UGN,IL,AGL,CE,Federal Contract Tower,0,7,11,0,18,0,0,160,0,160,0,7,171,0,178,154,0,154,332
02/13/2005,UGN,IL,AGL,CE,Federal Contract Tower,0,4,12,0,16,0,0,18,0,18,0,4,30,0,34,26,0,26,60
02/14/2005,UGN,IL,AGL,CE,Federal Contract Tower,0,4,47,0,51,0,0,5,0,5,0,4,52,0,56,42,0,42,98
02/15/2005,UGN,IL,AGL,CE,Federal Contract Tower,0,5,45,0,50,0,0,5,0,5,0,5,50,0,55,16,0,16,71
02/16/2005,UGN,IL,AGL,CE,Federal Contract Tower,0,19,43,0,62,0,0,48,3,51,0,19,91,3,113,104,0,104,217
02/17/2005,UGN,IL,AGL,CE,Federal Contract Tower,0,14,46,0,60,0,0,29,1,30,0,14,75,1,90,86,0,86,176
02/18/2005,UGN,IL,AGL,CE,Federal Contract Tower,0,7,45,0,52,0,0,82,0,82,0,7,127,0,134,114,0,114,248
02/19/2005,UGN,IL,AGL,CE,Federal Contract Tower,0,1,13,0,14,0,0,114,0,114,0,1,127,0,128,202,0,202,330
02/20/2005,UGN,IL,AGL,CE,Federal Contract Tower,0,7,15,0,22,0,0,0,0,0,0,7,15,0,22,0,0,0,22
02/21/2005,UGN,IL,AGL,CE,Federal Contract Tower,0,12,45,0,57,0,0,17,0,17,0,12,62,0,74,82,0,82,156
02/22/2005,UGN,IL,AGL,CE,Federal Contract Tower,0,6,35,0,41,0,0,51,0,51,0,6,86,0,92,114,0,114,206
02/23/2005,UGN,IL,AGL,CE,Federal Contract Tower,0,7,36,0,43,0,0,45,3,48,0,7,81,3,91,108,2,110,201
02/24/2005,UGN,IL,AGL,CE,Federal Contract Tower,0,4,42,0,46,0,0,14,1,15,0,4,56,1,61,48,0,48,109
02/25/2005,UGN,IL,AGL,CE,Federal Contract Tower,0,9,24,0,33,0,0,18,0,18,0,9,42,0,51,40,0,40,91
02/26/2005,UGN,IL,AGL,CE,Federal Contract Tower,0,9,22,0,31,0,0,52,0,52,0,9,74,0,83,142,0,142,225
02/27/2005,UGN,IL,AGL,CE,Federal Contract Tower,0,3,26,4,33,0,0,82,0,82,0,3,108,4,115,72,0,72,187
02/28/2005,UGN,IL,AGL,CE,Federal Contract Tower,0,14,26,0,40,0,0,0,0,0,0,14,26,0,40,0,0,0,40
03/01/2005,UGN,IL,AGL,CE,Federal Contract Tower,0,10,35,0,45,0,0,24,2,26,0,10,59,2,71,88,4,92,163
03/02/2005,UGN,IL,AGL,CE,Federal Contract Tower,0,6,25,0,31,0,0,63,3,66,0,6,88,3,97,144,0,144,241
03/03/2005,UGN,IL,AGL,CE,Federal Contract Tower,0,10,43,0,53,0,0,94,0,94,0,10,137,0,147,161,0,161,308
03/04/2005,UGN,IL,AGL,CE,Federal Contract Tower,0,9,34,3,46,0,0,50,1,51,0,9,84,4,97,94,0,94,191
03/05/2005,UGN,IL,AGL,CE,Federal Contract Tower,0,3,13,1,17,0,0,42,1,43,0,3,55,2,60,222,0,222,282
03/06/2005,UGN,IL,AGL,CE,Federal Contract Tower,0,5,30,2,37,0,0,105,0,105,0,5,135,2,142,176,0,176,318
03/07/2005,UGN,IL,AGL,CE,Federal Contract Tower,0,9,30,1,40,0,0,3,0,3,0,9,33,1,43,52,0,52,95
03/08/2005,UGN,IL,AGL,CE,Federal Contract Tower,0,2,53,0,55,0,0,68,0,68,0,2,121,0,123,176,0,176,299
03/09/2005,UGN,IL,AGL,CE,Federal Contract Tower,0,7,60,0,67,0,0,60,0,60,0,7,120,0,127,128,0,128,255
03/10/2005,UGN,IL,AGL,CE,Federal Contract Tower,0,16,30,0,46,0,0,3,0,3,0,16,33,0,49,16,0,16,65
03/11/2005,UGN,IL,AGL,CE,Federal Contract Tower,0,9,42,0,51,0,0,24,2,26,0,9,66,2,77,72,0,72,149
03/12/2005,UGN,IL,AGL,CE,Federal Contract Tower,0,3,20,1,24,0,0,77,0,77,0,3,97,1,101,200,0,200,301
03/13/2005,UGN,IL,AGL,CE,Federal Contract Tower,0,10,27,0,37,0,0,109,0,109,0,10,136,0,146,130,0,130,276
03/14/2005,UGN,IL,AGL,CE,Federal Contract Tower,0,9,46,0,55,0,0,43,0,43,0,9,89,0,98,110,0,110,208
03/15/2005,UGN,IL,AGL,CE,Federal Contract Tower,0,7,39,0,46,0,0,61,0,61,0,7,100,0,107,130,0,130,237
03/16/2005,UGN,IL,AGL,CE,Federal Contract Tower,0,7,37,0,44,0,0,50,0,50,0,7,87,0,94,136,0,136,230
03/17/2005,UGN,IL,AGL,CE,Federal Contract Tower,0,9,40,0,49,0,0,0,0,0,0,9,40,0,49,0,0,0,49
03/18/2005,UGN,IL,AGL,CE,Federal Contract Tower,0,10,48,0,58,0,0,4,1,5,0,10,52,1,63,8,0,8,71
03/19/2005,UGN,IL,AGL,CE,Federal Contract Tower,0,19,24,2,45,0,0,0,0,0,0,19,24,2,45,0,0,0,45
03/20/2005,UGN,IL,AGL,CE,Federal Contract Tower,0,5,30,2,37,0,0,93,2,95,0,5,123,4,132,154,0,154,286
03/21/2005,UGN,IL,AGL,CE,Federal Contract Tower,0,3,29,0,32,0,0,60,0,60,0,3,89,0,92,142,0,142,234
03/22/2005,UGN,IL,AGL,CE,Federal Contract Tower,0,4,43,0,47,0,0,49,1,50,0,4,92,1,97,94,0,94,191
03/23/2005,UGN,IL,AGL,CE,Federal Contract Tower,0,11,33,0,44,0,0,21,0,21,0,11,54,0,65,34,0,34,99
03/24/2005,UGN,IL,AGL,CE,Federal Contract Tower,0,9,55,0,64,0,0,63,0,63,0,9,118,0,127,56,0,56,183
03/25/2005,UGN,IL,AGL,CE,Federal Contract Tower,0,14,45,0,59,0,0,3,0,3,0,14,48,0,62,0,0,0,62
03/26/2005,UGN,IL,AGL,CE,Federal Contract Tower,0,5,20,0,25,0,0,119,0,119,0,5,139,0,144,104,0,104,248
03/27/2005,UGN,IL,AGL,CE,Federal Contract Tower,0,7,14,0,21,0,0,61,0,61,0,7,75,0,82,120,0,120,202
03/28/2005,UGN,IL,AGL,CE,Federal Contract Tower,0,5,24,0,29,0,0,56,0,56,0,5,80,0,85,150,0,150,235
03/29/2005,UGN,IL,AGL,CE,Federal Contract Tower,0,0,20,0,20,0,0,60,1,61,0,0,80,1,81,108,0,108,189
03/30/2005,UGN,IL,AGL,CE,Federal Contract Tower,0,4,28,0,32,0,0,31,1,32,0,4,59,1,64,88,0,88,152
03/31/2005,UGN,IL,AGL,CE,Federal Contract Tower,0,3,20,0,23,0,0,19,1,20,0,3,39,1,43,76,0,76,119
04/01/2005,UGN,IL,AGL,CE,Federal Contract Tower,0,11,36,2,49,0,0,32,0,32,0,11,68,2,81,76,0,76,157
04/02/2005,UGN,IL,AGL,CE,Federal Contract Tower,0,13,20,0,33,0,0,103,0,103,0,13,123,0,136,94,0,94,230
04/03/2005,UGN,IL,AGL,CE,Federal Contract Tower,0,18,28,0,46,0,0,128,0,128,0,18,156,0,174,222,0,222,396
04/04/2005,UGN,IL,AGL,CE,Federal Contract Tower,0,9,41,0,50,0,0,63,0,63,0,9,104,0,113,134,0,134,247
04/05/2005,UGN,IL,AGL,CE,Federal Contract Tower,0,7,48,1,56,0,0,64,0,64,0,7,112,1,120,132,0,132,252
04/06/2005,UGN,IL,AGL,CE,Federal Contract Tower,0,12,33,1,46,0,0,41,1,42,0,12,74,2,88,96,0,96,184
04/07/2005,UGN,IL,AGL,CE,Federal Contract Tower,0,6,38,0,44,0,0,16,1,17,0,6,54,1,61,16,0,16,77
04/08/2005,UGN,IL,AGL,CE,Federal Contract Tower,0,2,32,0,34,0,0,66,0,66,0,2,98,0,100,160,0,160,260
04/09/2005,UGN,IL,AGL,CE,Federal Contract Tower,0,4,25,0,29,0,0,130,0,130,0,4,155,0,159,194,0,194,353
04/10/2005,UGN,IL,AGL,CE,Federal Contract Tower,0,9,31,0,40,0,0,113,0,113,0,9,144,0,153,184,0,184,337
04/11/2005,UGN,IL,AGL,CE,Federal Contract Tower,0,3,30,0,33,0,0,51,7,58,0,3,81,7,91,110,0,110,201
04/12/2005,UGN,IL,AGL,CE,Federal Contract Tower,0,11,33,0,44,0,0,26,0,26,0,11,59,0,70,168,0,168,238
04/13/2005,UGN,IL,AGL,CE,Federal Contract Tower,0,11,34,0,45,0,0,54,2,56,0,11,88,2,101,54,0,54,155
04/14/2005,UGN,IL,AGL,CE,Federal Contract Tower,0,2,42,0,44,0,0,90,0,90,0,2,132,0,134,144,0,144,278
04/15/2005,UGN,IL,AGL,CE,Federal Contract Tower,0,4,42,0,46,0,0,88,0,88,0,4,130,0,134,146,0,146,280
04/16/2005,UGN,IL,AGL,CE,Federal Contract Tower,0,5,26,0,31,0,0,117,0,117,0,5,143,0,148,206,0,206,354
04/17/2005,UGN,IL,AGL,CE,Federal Contract Tower,0,5,30,0,35,0,0,83,0,83,0,5,113,0,118,164,0,164,282
04/18/2005,UGN,IL,AGL,CE,Federal Contract Tower,0,0,27,0,27,0,0,64,2,66,0,0,91,2,93,158,0,158,251
04/19/2005,UGN,IL,AGL,CE,Federal Contract Tower,0,5,28,2,35,0,0,45,0,45,0,5,73,2,80,146,0,146,226
04/20/2005,UGN,IL,AGL,CE,Federal Contract Tower,0,6,39,0,45,0,0,0,0,0,0,6,39,0,45,0,0,0,45
04/21/2005,UGN,IL,AGL,CE,Federal Contract Tower,0,13,37,0,50,0,0,73,0,73,0,13,110,0,123,130,0,130,253
04/22/2005,UGN,IL,AGL,CE,Federal Contract Tower,0,9,40,0,49,0,0,8,0,8,0,9,48,0,57,20,0,20,77
04/23/2005,UGN,IL,AGL,CE,Federal Contract Tower,0,5,14,0,19,0,0,18,0,18,0,5,32,0,37,94,0,94,131
04/24/2005,UGN,IL,AGL,CE,Federal Contract Tower,0,5,26,0,31,0,0,56,0,56,0,5,82,0,87,126,0,126,213
04/25/2005,UGN,IL,AGL,CE,Federal Contract Tower,0,8,22,0,30,0,0,60,0,60,0,8,82,0,90,164,0,164,254
04/26/2005,UGN,IL,AGL,CE,Federal Contract Tower,0,5,35,0,40,0,0,37,3,40,0,5,72,3,80,122,0,122,202
04/27/2005,UGN,IL,AGL,CE,Federal Contract Tower,0,8,44,0,52,0,0,30,1,31,0,8,74,1,83,60,0,60,143
04/28/2005,UGN,IL,AGL,CE,Federal Contract Tower,0,15,38,0,53,0,0,58,0,58,0,15,96,0,111,138,0,138,249
04/29/2005,UGN,IL,AGL,CE,Federal Contract Tower,0,9,39,0,48,0,0,52,0,52,0,9,91,0,100,144,0,144,244
04/30/2005,UGN,IL,AGL,CE,Federal Contract Tower,0,3,22,0,25,0,0,70,0,70,0,3,92,0,95,116,0,116,211
05/01/2005,UGN,IL,AGL,CE,Federal Contract Tower,0,13,40,0,53,0,0,42,0,42,0,13,82,0,95,24,0,24,119
05/02/2005,UGN,IL,AGL,CE,Federal Contract Tower,0,4,41,0,45,0,0,39,0,39,0,4,80,0,84,58,0,58,142
05/03/2005,UGN,IL,AGL,CE,Federal Contract Tower,0,4,40,0,44,0,0,63,0,63,0,4,103,0,107,138,0,138,245
05/04/2005,UGN,IL,AGL,CE,Federal Contract Tower,0,5,49,0,54,0,0,88,1,89,0,5,137,1,143,92,0,92,235
05/05/2005,UGN,IL,AGL,CE,Federal Contract Tower,0,5,46,0,51,0,0,88,0,88,0,5,134,0,139,94,0,94,233
05/06/2005,UGN,IL,AGL,CE,Federal Contract Tower,0,6,30,0,36,0,0,68,0,68,0,6,98,0,104,154,0,154,258
05/07/2005,UGN,IL,AGL,CE,Federal Contract Tower,0,6,32,0,38,0,0,82,0,82,0,6,114,0,120,232,0,232,352
05/08/2005,UGN,IL,AGL,CE,Federal Contract Tower,0,8,23,0,31,0,0,76,0,76,0,8,99,0,107,62,0,62,169
05/09/2005,UGN,IL,AGL,CE,Federal Contract Tower,0,4,45,2,51,0,0,31,6,37,0,4,76,8,88,100,0,100,188
05/10/2005,UGN,IL,AGL,CE,Federal Contract Tower,0,12,41,0,53,0,0,80,0,80,0,12,121,0,133,146,0,146,279
05/11/2005,UGN,IL,AGL,CE,Federal Contract Tower,0,7,51,0,58,0,0,0,0,0,0,7,51,0,58,0,0,0,58
05/12/2005,UGN,IL,AGL,CE,Federal Contract Tower,0,8,2,0,10,8,78,0,0,86,8,86,2,0,96,76,0,76,172
05/13/2005,UGN,IL,AGL,CE,Federal Contract Tower,0,22,56,0,78,0,0,6,0,6,0,22,62,0,84,42,0,42,126
05/14/2005,UGN,IL,AGL,CE,Federal Contract Tower,0,1,0,0,1,0,0,87,0,87,0,1,87,0,88,176,0,176,264
05/15/2005,UGN,IL,AGL,CE,Federal Contract Tower,0,9,34,0,43,0,0,105,0,105,0,9,139,0,148,138,0,138,286
05/16/2005,UGN,IL,AGL,CE,Federal Contract Tower,0,6,44,0,50,0,0,89,0,89,0,6,133,0,139,170,0,170,309
05/17/2005,UGN,IL,AGL,CE,Federal Contract Tower,0,5,31,2,38,0,0,65,2,67,0,5,96,4,105,178,0,178,283
05/18/2005,UGN,IL,AGL,CE,Federal Contract Tower,0,3,38,0,41,0,0,50,5,55,0,3,88,5,96,168,0,168,264
05/19/2005,UGN,IL,AGL,CE,Federal Contract Tower,0,5,40,2,47,0,0,0,0,0,0,5,40,2,47,3,0,3,50
05/20/2005,UGN,IL,AGL,CE,Federal Contract Tower,0,5,33,2,40,0,0,98,0,98,0,5,131,2,138,92,0,92,230
05/21/2005,UGN,IL,AGL,CE,Federal Contract Tower,0,4,36,0,40,0,0,114,0,114,0,4,150,0,154,134,0,134,288
05/22/2005,UGN,IL,AGL,CE,Federal Contract Tower,0,15,42,0,57,0,0,64,1,65,0,15,106,1,122,115,0,115,237
05/23/2005,UGN,IL,AGL,CE,Federal Contract Tower,0,3,42,0,45,0,0,79,0,79,0,3,121,0,124,154,0,154,278
05/24/2005,UGN,IL,AGL,CE,Federal Contract Tower,0,2,37,3,42,0,0,73,0,73,0,2,110,3,115,202,0,202,317
05/25/2005,UGN,IL,AGL,CE,Federal Contract Tower,0,7,43,0,50,0,0,81,1,82,0,7,124,1,132,138,0,138,270
05/26/2005,UGN,IL,AGL,CE,Federal Contract Tower,0,10,45,0,55,0,0,66,0,66,0,10,111,0,121,116,0,116,237
05/27/2005,UGN,IL,AGL,CE,Federal Contract Tower,0,8,49,0,57,0,0,53,2,55,0,8,102,2,112,96,0,96,208
05/28/2005,UGN,IL,AGL,CE,Federal Contract Tower,0,6,22,0,28,0,0,80,4,84,0,6,102,4,112,98,0,98,210
05/29/2005,UGN,IL,AGL,CE,Federal Contract Tower,0,2,24,0,26,0,0,75,1,76,0,2,99,1,102,136,0,136,238
05/30/2005,UGN,IL,AGL,CE,Federal Contract Tower,0,10,25,0,35,0,0,87,9,96,0,10,112,9,131,154,0,154,285
05/31/2005,UGN,IL,AGL,CE,Federal Contract Tower,0,11,38,0,49,0,0,102,5,107,0,11,140,5,156,200,0,200,356
06/01/2005,UGN,IL,AGL,CE,Federal Contract Tower,0,6,37,0,43,0,0,70,3,73,0,6,107,3,116,110,0,110,226
06/02/2005,UGN,IL,AGL,CE,Federal Contract Tower,0,3,38,0,41,0,0,66,1,67,0,3,104,1,108,98,0,98,206
06/03/2005,UGN,IL,AGL,CE,Federal Contract Tower,0,6,45,2,53,0,0,2,2,4,0,6,47,4,57,6,0,6,63
06/04/2005,UGN,IL,AGL,CE,Federal Contract Tower,0,3,20,0,23,0,0,57,2,59,0,3,77,2,82,118,0,118,200
06/05/2005,UGN,IL,AGL,CE,Federal Contract Tower,0,6,19,2,27,0,0,66,1,67,0,6,85,3,94,206,0,206,300
06/06/2005,UGN,IL,AGL,CE,Federal Contract Tower,0,9,29,0,38,0,0,46,1,47,0,9,75,1,85,156,16,172,257
06/07/2005,UGN,IL,AGL,CE,Federal Contract Tower,0,10,52,0,62,0,0,83,2,85,0,10,135,2,147,94,0,94,241
06/08/2005,UGN,IL,AGL,CE,Federal Contract Tower,0,4,46,0,50,0,0,57,1,58,0,4,103,1,108,104,0,104,212
06/09/2005,UGN,IL,AGL,CE,Federal Contract Tower,0,8,33,1,42,0,0,69,2,71,0,8,102,3,113,102,0,102,215
06/10/2005,UGN,IL,AGL,CE,Federal Contract Tower,0,5,43,2,50,0,0,81,2,83,0,5,124,4,133,80,0,80,213
06/11/2005,UGN,IL,AGL,CE,Federal Contract Tower,0,9,21,0,30,0,0,76,2,78,0,9,97,2,108,94,0,94,202
06/12/2005,UGN,IL,AGL,CE,Federal Contract Tower,0,4,40,1,45,0,0,70,2,72,0,4,110,3,117,160,0,160,277
06/13/2005,UGN,IL,AGL,CE,Federal Contract Tower,0,8,30,0,38,0,0,42,0,42,0,8,72,0,80,128,0,128,208
06/14/2005,UGN,IL,AGL,CE,Federal Contract Tower,0,8,40,4,52,0,0,46,5,51,0,8,86,9,103,126,0,126,229
06/15/2005,UGN,IL,AGL,CE,Federal Contract Tower,0,14,48,0,62,0,0,25,1,26,0,14,73,1,88,84,0,84,172
06/16/2005,UGN,IL,AGL,CE,Federal Contract Tower,0,9,43,0,52,0,0,106,2,108,0,9,149,2,160,190,0,190,350
06/17/2005,UGN,IL,AGL,CE,Federal Contract Tower,0,9,38,0,47,0,0,81,2,83,0,9,119,2,130,92,0,92,222
06/18/2005,UGN,IL,AGL,CE,Federal Contract Tower,0,5,18,1,24,0,0,123,5,128,0,5,141,6,152,132,0,132,284
06/19/2005,UGN,IL,AGL,CE,Federal Contract Tower,0,5,20,0,25,0,0,116,2,118,0,5,136,2,143,142,0,142,285
06/20/2005,UGN,IL,AGL,CE,Federal Contract Tower,0,5,48,0,53,0,0,80,0,80,0,5,128,0,133,152,0,152,285
06/21/2005,UGN,IL,AGL,CE,Federal Contract Tower,0,6,45,2,53,0,0,82,2,84,0,6,127,4,137,160,0,160,297
06/22/2005,UGN,IL,AGL,CE,Federal Contract Tower,0,3,31,0,34,0,0,69,2,71,0,3,100,2,105,70,0,70,175
06/23/2005,UGN,IL,AGL,CE,Federal Contract Tower,0,13,47,0,60,0,0,84,2,86,0,13,131,2,146,188,0,188,334
06/24/2005,UGN,IL,AGL,CE,Federal Contract Tower,0,19,55,0,74,0,0,70,1,71,0,19,125,1,145,78,0,78,223
06/25/2005,UGN,IL,AGL,CE,Federal Contract Tower,0,12,18,0,30,0,0,85,7,92,0,12,103,7,122,120,10,130,252
06/26/2005,UGN,IL,AGL,CE,Federal Contract Tower,0,12,43,0,55,0,0,93,4,97,0,12,136,4,152,114,0,114,266
06/27/2005,UGN,IL,AGL,CE,Federal Contract Tower,0,10,70,0,80,0,0,32,3,35,0,10,102,3,115,134,0,134,249
06/28/2005,UGN,IL,AGL,CE,Federal Contract Tower,0,14,35,0,49,0,0,47,2,49,0,14,82,2,98,154,0,154,252
06/29/2005,UGN,IL,AGL,CE,Federal Contract Tower,0,5,52,0,57,0,0,48,3,51,0,5,100,3,108,112,0,112,220
06/30/2005,UGN,IL,AGL,CE,Federal Contract Tower,0,12,59,0,71,0,0,48,2,50,0,12,107,2,121,42,0,42,163
07/01/2005,UGN,IL,AGL,CE,Federal Contract Tower,0,10,66,1,77,0,0,74,2,76,0,10,140,3,153,70,0,70,223
07/02/2005,UGN,IL,AGL,CE,Federal Contract Tower,0,2,25,0,27,0,0,95,0,95,0,2,120,0,122,162,0,162,284
07/03/2005,UGN,IL,AGL,CE,Federal Contract Tower,0,5,13,0,18,0,0,86,3,89,0,5,99,3,107,60,0,60,167
07/04/2005,UGN,IL,AGL,CE,Federal Contract Tower,0,4,16,1,21,0,0,18,0,18,0,4,34,1,39,98,0,98,137
07/05/2005,UGN,IL,AGL,CE,Federal Contract Tower,0,9,42,0,51,0,0,68,0,68,0,9,110,0,119,152,0,152,271
07/06/2005,UGN,IL,AGL,CE,Federal Contract Tower,0,12,60,3,75,0,0,28,5,33,0,12,88,8,108,42,0,42,150
07/07/2005,UGN,IL,AGL,CE,Federal Contract Tower,0,11,35,0,46,0,0,85,2,87,0,11,120,2,133,192,0,192,325
07/08/2005,UGN,IL,AGL,CE,Federal Contract Tower,0,9,53,0,62,0,0,101,2,103,0,9,154,2,165,134,0,134,299
07/09/2005,UGN,IL,AGL,CE,Federal Contract Tower,0,6,29,0,35,0,0,122,3,125,0,6,151,3,160,156,0,156,316
07/10/2005,UGN,IL,AGL,CE,Federal Contract Tower,0,10,29,0,39,0,0,96,0,96,0,10,125,0,135,224,0,224,359
07/11/2005,UGN,IL,AGL,CE,Federal Contract Tower,0,6,44,2,52,0,0,54,0,54,0,6,98,2,106,202,0,202,308
07/12/2005,UGN,IL,AGL,CE,Federal Contract Tower,0,15,32,2,49,0,0,44,4,48,0,15,76,6,97,164,8,172,269
07/13/2005,UGN,IL,AGL,CE,Federal Contract Tower,0,7,33,2,42,0,0,46,3,49,0,7,79,5,91,140,0,140,231
07/14/2005,UGN,IL,AGL,CE,Federal Contract Tower,0,13,43,2,58,0,0,82,3,85,0,13,125,5,143,172,0,172,315
07/15/2005,UGN,IL,AGL,CE,Federal Contract Tower,0,17,40,0,57,0,0,95,3,98,0,17,135,3,155,176,0,176,331
07/16/2005,UGN,IL,AGL,CE,Federal Contract Tower,0,14,23,2,39,0,0,79,2,81,0,14,102,4,120,168,0,168,288
07/17/2005,UGN,IL,AGL,CE,Federal Contract Tower,0,20,37,1,58,0,0,94,2,96,0,20,131,3,154,102,0,102,256
07/18/2005,UGN,IL,AGL,CE,Federal Contract Tower,0,5,42,0,47,0,0,39,1,40,0,5,81,1,87,164,0,164,251
07/19/2005,UGN,IL,AGL,CE,Federal Contract Tower,0,12,31,0,43,0,0,77,0,77,0,12,108,0,120,230,8,238,358
07/20/2005,UGN,IL,AGL,CE,Federal Contract Tower,0,8,38,0,46,0,0,59,2,61,0,8,97,2,107,174,0,174,281
07/21/2005,UGN,IL,AGL,CE,Federal Contract Tower,0,10,38,0,48,0,0,72,2,74,0,10,110,2,122,196,0,196,318
07/22/2005,UGN,IL,AGL,CE,Federal Contract Tower,0,14,51,3,68,0,0,48,1,49,0,14,99,4,117,32,0,32,149
07/23/2005,UGN,IL,AGL,CE,Federal Contract Tower,0,4,18,0,22,0,0,93,2,95,0,4,111,2,117,212,0,212,329
07/24/2005,UGN,IL,AGL,CE,Federal Contract Tower,0,8,25,0,33,0,0,69,5,74,0,8,94,5,107,48,0,48,155
07/25/2005,UGN,IL,AGL,CE,Federal Contract Tower,0,9,41,2,52,0,0,44,6,50,0,9,85,8,102,180,0,180,282
07/26/2005,UGN,IL,AGL,CE,Federal Contract Tower,0,14,49,0,63,0,0,32,5,37,0,14,81,5,100,94,0,94,194
07/27/2005,UGN,IL,AGL,CE,Federal Contract Tower,0,7,39,0,46,0,0,97,1,98,0,7,136,1,144,238,0,238,382
07/28/2005,UGN,IL,AGL,CE,Federal Contract Tower,0,8,49,0,57,0,0,112,5,117,0,8,161,5,174,218,0,218,392
07/29/2005,UGN,IL,AGL,CE,Federal Contract Tower,0,6,48,3,57,0,0,104,2,106,0,6,152,5,163,202,0,202,365
07/30/2005,UGN,IL,AGL,CE,Federal Contract Tower,0,4,32,0,36,0,0,92,2,94,0,4,124,2,130,176,0,176,306
07/31/2005,UGN,IL,AGL,CE,Federal Contract Tower,0,8,35,0,43,0,0,78,3,81,0,8,113,3,124,82,42,124,248
08/01/2005,UGN,IL,AGL,CE,Federal Contract Tower,0,8,44,2,54,0,0,66,1,67,0,8,110,3,121,116,6,122,243
08/02/2005,UGN,IL,AGL,CE,Federal Contract Tower,0,9,50,1,60,0,0,56,0,56,0,9,106,1,116,90,0,90,206
08/03/2005,UGN,IL,AGL,CE,Federal Contract Tower,0,5,31,0,36,0,0,36,1,37,0,5,67,1,73,140,0,140,213
08/04/2005,UGN,IL,AGL,CE,Federal Contract Tower,0,10,33,0,43,0,0,51,2,53,0,10,84,2,96,160,0,160,256
08/05/2005,UGN,IL,AGL,CE,Federal Contract Tower,0,6,40,0,46,0,0,98,3,101,0,6,138,3,147,258,0,258,405
08/06/2005,UGN,IL,AGL,CE,Federal Contract Tower,0,4,24,2,30,0,0,110,0,110,0,4,134,2,140,229,0,229,369
08/07/2005,UGN,IL,AGL,CE,Federal Contract Tower,0,9,21,0,30,0,0,115,2,117,0,9,136,2,147,74,0,74,221
08/08/2005,UGN,IL,AGL,CE,Federal Contract Tower,0,5,45,2,52,0,0,64,2,66,0,5,109,4,118,158,0,158,276
08/09/2005,UGN,IL,AGL,CE,Federal Contract Tower,0,8,43,0,51,0,0,65,2,67,0,8,108,2,118,174,0,174,292
08/10/2005,UGN,IL,AGL,CE,Federal Contract Tower,0,17,58,0,75,0,0,31,6,37,0,17,89,6,112,34,0,34,146
08/11/2005,UGN,IL,AGL,CE,Federal Contract Tower,0,12,42,3,57,0,0,15,0,15,0,12,57,3,72,40,0,40,112
08/12/2005,UGN,IL,AGL,CE,Federal Contract Tower,0,16,49,0,65,0,0,48,4,52,0,16,97,4,117,179,0,179,296
08/13/2005,UGN,IL,AGL,CE,Federal Contract Tower,0,4,25,0,29,0,0,54,2,56,0,4,79,2,85,68,0,68,153
08/14/2005,UGN,IL,AGL,CE,Federal Contract Tower,0,9,37,5,51,0,0,90,0,90,0,9,127,5,141,104,0,104,245
08/15/2005,UGN,IL,AGL,CE,Federal Contract Tower,0,11,38,0,49,0,0,75,2,77,0,11,113,2,126,200,0,200,326
08/16/2005,UGN,IL,AGL,CE,Federal Contract Tower,0,16,50,0,66,0,0,82,2,84,0,16,132,2,150,100,0,100,250
08/17/2005,UGN,IL,AGL,CE,Federal Contract Tower,0,3,32,0,35,0,0,84,1,85,0,3,116,1,120,160,0,160,280
08/18/2005,UGN,IL,AGL,CE,Federal Contract Tower,0,16,41,0,57,0,0,43,2,45,0,16,84,2,102,80,0,80,182
08/19/2005,UGN,IL,AGL,CE,Federal Contract Tower,0,8,54,4,66,0,0,55,3,58,0,8,109,7,124,160,0,160,284
08/20/2005,UGN,IL,AGL,CE,Federal Contract Tower,0,2,33,2,37,0,0,23,4,27,0,2,56,6,64,73,0,73,137
08/21/2005,UGN,IL,AGL,CE,Federal Contract Tower,0,16,29,0,45,0,0,110,0,110,0,16,139,0,155,140,0,140,295
08/22/2005,UGN,IL,AGL,CE,Federal Contract Tower,0,8,48,4,60,0,0,96,1,97,0,8,144,5,157,193,0,193,350
08/23/2005,UGN,IL,AGL,CE,Federal Contract Tower,0,6,32,0,38,0,0,86,2,88,0,6,118,2,126,168,0,168,294
08/24/2005,UGN,IL,AGL,CE,Federal Contract Tower,0,8,28,2,38,0,0,78,0,78,0,8,106,2,116,144,0,144,260
08/25/2005,UGN,IL,AGL,CE,Federal Contract Tower,0,11,32,0,43,0,99,94,1,194,0,110,126,1,237,179,0,179,416
08/26/2005,UGN,IL,AGL,CE,Federal Contract Tower,0,11,31,5,47,0,0,43,0,43,0,11,74,5,90,100,0,100,190
08/27/2005,UGN,IL,AGL,CE,Federal Contract Tower,0,8,27,4,39,0,0,63,1,64,0,8,90,5,103,133,8,141,244
08/28/2005,UGN,IL,AGL,CE,Federal Contract Tower,0,12,30,5,47,0,0,117,0,117,0,12,147,5,164,116,0,116,280
08/29/2005,UGN,IL,AGL,CE,Federal Contract Tower,0,4,32,0,36,0,0,63,2,65,0,4,95,2,101,188,0,188,289
08/30/2005,UGN,IL,AGL,CE,Federal Contract Tower,0,5,41,0,46,0,0,59,7,66,0,5,100,7,112,148,0,148,260
08/31/2005,UGN,IL,AGL,CE,Federal Contract Tower,0,6,42,2,50,0,0,63,2,65,0,6,105,4,115,148,0,148,263
09/01/2005,UGN,IL,AGL,CE,Federal Contract Tower,0,7,37,2,46,0,0,57,1,58,0,7,94,3,104,118,0,118,222
09/02/2005,UGN,IL,AGL,CE,Federal Contract Tower,0,3,60,2,65,0,0,85,0,85,0,3,145,2,150,78,0,78,228
09/03/2005,UGN,IL,AGL,CE,Federal Contract Tower,0,1,17,2,20,0,0,98,2,100,0,1,115,4,120,148,0,148,268
09/04/2005,UGN,IL,AGL,CE,Federal Contract Tower,0,2,13,0,15,0,0,80,0,80,0,2,93,0,95,134,0,134,229
09/05/2005,UGN,IL,AGL,CE,Federal Contract Tower,0,10,31,2,43,0,0,86,5,91,0,10,117,7,134,120,0,120,254
09/06/2005,UGN,IL,AGL,CE,Federal Contract Tower,0,6,39,0,45,0,0,93,1,94,0,6,132,1,139,194,0,194,333
09/07/2005,UGN,IL,AGL,CE,Federal Contract Tower,0,12,39,5,56,0,0,48,0,48,0,12,87,5,104,74,0,74,178
09/08/2005,UGN,IL,AGL,CE,Federal Contract Tower,0,13,40,0,53,0,0,38,0,38,0,13,78,0,91,170,0,170,261
09/09/2005,UGN,IL,AGL,CE,Federal Contract Tower,0,10,37,3,50,0,0,62,2,64,0,10,99,5,114,50,12,62,176
09/10/2005,UGN,IL,AGL,CE,Federal Contract Tower,0,6,13,6,25,0,0,99,3,102,0,6,112,9,127,171,0,171,298
09/11/2005,UGN,IL,AGL,CE,Federal Contract Tower,0,10,31,2,43,0,0,64,1,65,0,10,95,3,108,98,0,98,206
09/12/2005,UGN,IL,AGL,CE,Federal Contract Tower,0,2,28,0,30,0,0,28,0,28,0,2,56,0,58,54,0,54,112
09/13/2005,UGN,IL,AGL,CE,Federal Contract Tower,0,4,40,0,44,0,0,21,0,21,0,4,61,0,65,33,0,33,98
09/14/2005,UGN,IL,AGL,CE,Federal Contract Tower,0,9,54,0,63,0,0,32,2,34,0,9,86,2,97,86,0,86,183
09/15/2005,UGN,IL,AGL,CE,Federal Contract Tower,0,10,53,0,63,0,0,56,1,57,0,10,109,1,120,74,0,74,194
09/16/2005,UGN,IL,AGL,CE,Federal Contract Tower,0,5,41,0,46,0,0,56,0,56,0,5,97,0,102,168,0,168,270
09/17/2005,UGN,IL,AGL,CE,Federal Contract Tower,0,7,12,2,21,0,0,98,3,101,0,7,110,5,122,162,0,162,284
09/18/2005,UGN,IL,AGL,CE,Federal Contract Tower,0,7,29,0,36,0,0,90,0,90,0,7,119,0,126,206,0,206,332
09/19/2005,UGN,IL,AGL,CE,Federal Contract Tower,0,9,40,2,51,0,0,14,0,14,0,9,54,2,65,38,0,38,103
09/20/2005,UGN,IL,AGL,CE,Federal Contract Tower,0,8,47,1,56,0,0,119,7,126,0,8,166,8,182,170,0,170,352
09/21/2005,UGN,IL,AGL,CE,Federal Contract Tower,0,12,42,1,55,0,0,56,0,56,0,12,98,1,111,118,0,118,229
09/22/2005,UGN,IL,AGL,CE,Federal Contract Tower,0,2,52,4,58,0,0,1,0,1,0,2,53,4,59,0,0,0,59
09/23/2005,UGN,IL,AGL,CE,Federal Contract Tower,0,4,36,2,42,0,0,71,2,73,0,4,107,4,115,166,0,166,281
09/24/2005,UGN,IL,AGL,CE,Federal Contract Tower,0,2,21,0,23,0,0,38,0,38,0,2,59,0,61,102,0,102,163
09/25/2005,UGN,IL,AGL,CE,Federal Contract Tower,0,6,39,0,45,0,0,4,0,4,0,6,43,0,49,0,0,0,49
09/26/2005,UGN,IL,AGL,CE,Federal Contract Tower,0,3,53,0,56,0,0,15,0,15,0,3,68,0,71,108,0,108,179
09/27/2005,UGN,IL,AGL,CE,Federal Contract Tower,0,9,51,1,61,0,0,77,1,78,0,9,128,2,139,180,0,180,319
09/28/2005,UGN,IL,AGL,CE,Federal Contract Tower,0,7,35,0,42,0,0,20,0,20,0,7,55,0,62,66,0,66,128
09/29/2005,UGN,IL,AGL,CE,Federal Contract Tower,0,5,12,4,21,0,0,0,0,0,0,5,12,4,21,106,0,106,127
09/30/2005,UGN,IL,AGL,CE,Federal Contract Tower,0,21,49,2,72,0,0,82,1,83,0,21,131,3,155,132,0,132,287
10/01/2005,UGN,IL,AGL,CE,Federal Contract Tower,0,2,23,2,27,0,0,110,0,110,0,2,133,2,137,136,0,136,273
10/02/2005,UGN,IL,AGL,CE,Federal Contract Tower,0,6,31,2,39,0,0,73,0,73,0,6,104,2,112,146,0,146,258
10/03/2005,UGN,IL,AGL,CE,Federal Contract Tower,0,2,39,0,41,0,0,51,0,51,0,2,90,0,92,60,0,60,152
10/04/2005,UGN,IL,AGL,CE,Federal Contract Tower,0,15,36,1,52,0,0,79,0,79,0,15,115,1,131,152,0,152,283
10/05/2005,UGN,IL,AGL,CE,Federal Contract Tower,0,7,34,0,41,0,0,55,0,55,0,7,89,0,96,70,0,70,166
10/06/2005,UGN,IL,AGL,CE,Federal Contract Tower,0,14,30,0,44,0,0,45,0,45,0,14,75,0,89,118,0,118,207
10/07/2005,UGN,IL,AGL,CE,Federal Contract Tower,0,14,46,0,60,0,0,45,0,45,0,14,91,0,105,46,0,46,151
10/08/2005,UGN,IL,AGL,CE,Federal Contract Tower,0,8,22,0,30,0,0,67,0,67,0,8,89,0,97,164,0,164,261
10/09/2005,UGN,IL,AGL,CE,Federal Contract Tower,0,6,33,0,39,0,0,103,0,103,0,6,136,0,142,110,0,110,252
10/10/2005,UGN,IL,AGL,CE,Federal Contract Tower,0,10,45,0,55,0,0,48,0,48,0,10,93,0,103,74,0,74,177
10/11/2005,UGN,IL,AGL,CE,Federal Contract Tower,0,2,52,0,54,0,0,36,0,36,0,2,88,0,90,174,0,174,264
10/12/2005,UGN,IL,AGL,CE,Federal Contract Tower,0,14,50,1,65,0,0,0,0,0,0,14,50,1,65,18,0,18,83
10/13/2005,UGN,IL,AGL,CE,Federal Contract Tower,0,9,42,6,57,0,0,31,0,31,0,9,73,6,88,48,0,48,136
10/14/2005,UGN,IL,AGL,CE,Federal Contract Tower,0,11,42,2,55,0,0,109,0,109,0,11,151,2,164,156,0,156,320
10/15/2005,UGN,IL,AGL,CE,Federal Contract Tower,0,5,20,2,27,0,0,109,1,110,0,5,129,3,137,116,0,116,253
10/16/2005,UGN,IL,AGL,CE,Federal Contract Tower,0,9,27,2,38,0,0,130,0,130,0,9,157,2,168,142,0,142,310
10/17/2005,UGN,IL,AGL,CE,Federal Contract Tower,0,4,39,0,43,0,0,53,0,53,0,4,92,0,96,126,0,126,222
10/18/2005,UGN,IL,AGL,CE,Federal Contract Tower,0,10,40,0,50,0,0,88,0,88,0,10,128,0,138,172,0,172,310
10/19/2005,UGN,IL,AGL,CE,Federal Contract Tower,0,9,45,0,54,0,0,39,0,39,0,9,84,0,93,64,0,64,157
10/20/2005,UGN,IL,AGL,CE,Federal Contract Tower,0,10,52,0,62,0,0,54,0,54,0,10,106,0,116,62,0,62,178
10/21/2005,UGN,IL,AGL,CE,Federal Contract Tower,0,7,38,0,45,0,0,83,1,84,0,7,121,1,129,126,0,126,255
10/22/2005,UGN,IL,AGL,CE,Federal Contract Tower,0,7,19,0,26,0,0,19,1,20,0,7,38,1,46,126,4,130,176
10/23/2005,UGN,IL,AGL,CE,Federal Contract Tower,0,7,28,2,37,0,0,4,0,4,0,7,32,2,41,2,0,2,43
10/24/2005,UGN,IL,AGL,CE,Federal Contract Tower,0,15,36,0,51,0,0,17,1,18,0,15,53,1,69,16,0,16,85
10/25/2005,UGN,IL,AGL,CE,Federal Contract Tower,0,6,43,0,49,0,0,54,0,54,0,6,97,0,103,128,0,128,231
10/26/2005,UGN,IL,AGL,CE,Federal Contract Tower,0,6,49,2,57,0,0,63,1,64,0,6,112,3,121,68,0,68,189
10/27/2005,UGN,IL,AGL,CE,Federal Contract Tower,0,6,30,0,36,0,1,78,1,80,0,7,108,1,116,96,0,96,212
10/28/2005,UGN,IL,AGL,CE,Federal Contract Tower,0,6,35,2,43,0,0,96,16,112,0,6,131,18,155,155,0,155,310
10/29/2005,UGN,IL,AGL,CE,Federal Contract Tower,0,6,18,0,24,0,0,95,0,95,0,6,113,0,119,102,0,102,221
10/30/2005,UGN,IL,AGL,CE,Federal Contract Tower,0,4,26,0,30,0,1,107,0,108,0,5,133,0,138,92,0,92,230
10/31/2005,UGN,IL,AGL,CE,Federal Contract Tower,0,8,43,0,51,0,0,4,0,4,0,8,47,0,55,0,0,0,55
11/01/2005,UGN,IL,AGL,CE,Federal Contract Tower,0,9,34,4,47,0,0,52,0,52,0,9,86,4,99,150,0,150,249
11/02/2005,UGN,IL,AGL,CE,Federal Contract Tower,0,13,54,0,67,0,0,52,0,52,0,13,106,0,119,123,0,123,242
11/03/2005,UGN,IL,AGL,CE,Federal Contract Tower,0,17,63,0,80,0,0,66,0,66,0,17,129,0,146,78,0,78,224
11/04/2005,UGN,IL,AGL,CE,Federal Contract Tower,0,9,43,2,54,0,0,98,0,98,0,9,141,2,152,132,0,132,284
11/05/2005,UGN,IL,AGL,CE,Federal Contract Tower,0,5,19,1,25,0,0,22,1,23,0,5,41,2,48,92,0,92,140
11/06/2005,UGN,IL,AGL,CE,Federal Contract Tower,0,14,29,2,45,0,0,35,0,35,0,14,64,2,80,48,0,48,128
11/07/2005,UGN,IL,AGL,CE,Federal Contract Tower,0,10,38,0,48,0,0,51,0,51,0,10,89,0,99,58,0,58,157
11/08/2005,UGN,IL,AGL,CE,Federal Contract Tower,0,6,62,0,68,0,0,53,0,53,0,6,115,0,121,74,0,74,195
11/09/2005,UGN,IL,AGL,CE,Federal Contract Tower,0,10,31,2,43,0,0,17,1,18,0,10,48,3,61,52,0,52,113
11/10/2005,UGN,IL,AGL,CE,Federal Contract Tower,0,7,47,2,56,0,0,69,3,72,0,7,116,5,128,114,0,114,242
11/11/2005,UGN,IL,AGL,CE,Federal Contract Tower,0,4,37,0,41,0,0,101,0,101,0,4,138,0,142,168,0,168,310
11/12/2005,UGN,IL,AGL,CE,Federal Contract Tower,0,2,22,0,24,0,0,77,0,77,0,2,99,0,101,82,0,82,183
11/13/2005,UGN,IL,AGL,CE,Federal Contract Tower,0,7,23,0,30,0,0,2,1,3,0,7,25,1,33,0,0,0,33
11/14/2005,UGN,IL,AGL,CE,Federal Contract Tower,0,10,55,0,65,0,0,53,0,53,0,10,108,0,118,56,0,56,174
11/15/2005,UGN,IL,AGL,CE,Federal Contract Tower,0,5,32,0,37,0,0,0,0,0,0,5,32,0,37,0,0,0,37
11/16/2005,UGN,IL,AGL,CE,Federal Contract Tower,0,18,47,1,66,0,0,0,0,0,0,18,47,1,66,0,0,0,66
11/17/2005,UGN,IL,AGL,CE,Federal Contract Tower,0,12,43,3,58,0,0,59,0,59,0,12,102,3,117,76,0,76,193
11/18/2005,UGN,IL,AGL,CE,Federal Contract Tower,0,8,39,0,47,0,0,50,0,50,0,8,89,0,97,36,0,36,133
11/19/2005,UGN,IL,AGL,CE,Federal Contract Tower,0,8,16,0,24,0,0,85,2,87,0,8,101,2,111,204,0,204,315
11/20/2005,UGN,IL,AGL,CE,Federal Contract Tower,0,18,28,0,46,0,0,39,1,40,0,18,67,1,86,180,0,180,266
11/21/2005,UGN,IL,AGL,CE,Federal Contract Tower,0,10,39,0,49,0,0,36,0,36,0,10,75,0,85,100,0,100,185
11/22/2005,UGN,IL,AGL,CE,Federal Contract Tower,0,11,38,0,49,0,0,45,0,45,0,11,83,0,94,114,0,114,208
11/23/2005,UGN,IL,AGL,CE,Federal Contract Tower,0,15,49,0,64,0,0,14,0,14,0,15,63,0,78,68,0,68,146
11/24/2005,UGN,IL,AGL,CE,Federal Contract Tower,0,5,12,0,17,0,0,1,0,1,0,5,13,0,18,0,0,0,18
11/25/2005,UGN,IL,AGL,CE,Federal Contract Tower,0,4,7,0,11,0,0,40,0,40,0,4,47,0,51,82,0,82,133
11/26/2005,UGN,IL,AGL,CE,Federal Contract Tower,0,5,30,0,35,0,0,100,0,100,0,5,130,0,135,112,0,112,247
11/27/2005,UGN,IL,AGL,CE,Federal Contract Tower,0,10,39,0,49,0,0,0,0,0,0,10,39,0,49,0,0,0,49
11/28/2005,UGN,IL,AGL,CE,Federal Contract Tower,0,9,41,6,56,0,0,4,0,4,0,9,45,6,60,12,0,12,72
11/29/2005,UGN,IL,AGL,CE,Federal Contract Tower,0,4,34,4,42,0,0,8,2,10,0,4,42,6,52,16,0,16,68
11/30/2005,UGN,IL,AGL,CE,Federal Contract Tower,0,7,52,0,59,0,0,42,0,42,0,7,94,0,101,122,0,122,223
12/01/2005,UGN,IL,AGL,CE,Federal Contract Tower,0,11,41,10,62,0,0,13,0,13,0,11,54,10,75,17,0,17,92
12/02/2005,UGN,IL,AGL,CE,Federal Contract Tower,0,10,39,3,52,0,2,74,0,76,0,12,113,3,128,147,0,147,275
12/03/2005,UGN,IL,AGL,CE,Federal Contract Tower,0,2,8,0,10,0,0,37,3,40,0,2,45,3,50,82,0,82,132
12/04/2005,UGN,IL,AGL,CE,Federal Contract Tower,0,6,17,3,26,0,0,33,0,33,0,6,50,3,59,107,0,107,166
12/05/2005,UGN,IL,AGL,CE,Federal Contract Tower,0,10,40,0,50,0,0,49,0,49,0,10,89,0,99,58,0,58,157
12/06/2005,UGN,IL,AGL,CE,Federal Contract Tower,0,1,31,0,32,0,0,38,0,38,0,1,69,0,70,80,0,80,150
12/07/2005,UGN,IL,AGL,CE,Federal Contract Tower,0,5,38,2,45,0,0,56,0,56,0,5,94,2,101,76,0,76,177
12/08/2005,UGN,IL,AGL,CE,Federal Contract Tower,0,8,43,2,53,0,0,1,0,1,0,8,44,2,54,8,0,8,62
12/09/2005,UGN,IL,AGL,CE,Federal Contract Tower,0,6,36,2,44,0,0,54,0,54,0,6,90,2,98,10,0,10,108
12/10/2005,UGN,IL,AGL,CE,Federal Contract Tower,0,3,23,3,29,0,0,26,1,27,0,3,49,4,56,30,0,30,86
12/11/2005,UGN,IL,AGL,CE,Federal Contract Tower,0,8,21,0,29,0,0,26,0,26,0,8,47,0,55,0,30,30,85
12/12/2005,UGN,IL,AGL,CE,Federal Contract Tower,0,4,38,0,42,0,0,34,0,34,0,4,72,0,76,96,0,96,172
12/13/2005,UGN,IL,AGL,CE,Federal Contract Tower,0,3,33,2,38,0,0,23,0,23,0,3,56,2,61,56,0,56,117
12/14/2005,UGN,IL,AGL,CE,Federal Contract Tower,0,7,34,0,41,0,0,0,0,0,0,7,34,0,41,0,0,0,41
12/15/2005,UGN,IL,AGL,CE,Federal Contract Tower,0,11,42,2,55,0,0,6,0,6,0,11,48,2,61,10,0,10,71
12/16/2005,UGN,IL,AGL,CE,Federal Contract Tower,0,15,44,0,59,0,0,13,0,13,0,15,57,0,72,4,0,4,76
12/17/2005,UGN,IL,AGL,CE,Federal Contract Tower,0,3,26,0,29,0,0,99,0,99,0,3,125,0,128,202,0,202,330
12/18/2005,UGN,IL,AGL,CE,Federal Contract Tower,0,5,18,0,23,0,0,49,0,49,0,5,67,0,72,80,0,80,152
12/19/2005,UGN,IL,AGL,CE,Federal Contract Tower,0,18,43,0,61,0,0,39,0,39,0,18,82,0,100,40,0,40,140
12/20/2005,UGN,IL,AGL,CE,Federal Contract Tower,0,6,39,0,45,0,0,24,2,26,0,6,63,2,71,102,0,102,173
12/21/2005,UGN,IL,AGL,CE,Federal Contract Tower,0,13,33,2,48,0,0,12,0,12,0,13,45,2,60,16,0,16,76
12/22/2005,UGN,IL,AGL,CE,Federal Contract Tower,0,2,19,0,21,0,0,55,0,55,0,2,74,0,76,84,0,84,160
12/23/2005,UGN,IL,AGL,CE,Federal Contract Tower,0,6,22,0,28,0,0,67,0,67,0,6,89,0,95,170,0,170,265
12/24/2005,UGN,IL,AGL,CE,Federal Contract Tower,0,9,5,0,14,0,1,0,0,1,0,10,5,0,15,0,0,0,15
12/25/2005,UGN,IL,AGL,CE,Federal Contract Tower,0,11,6,0,17,0,0,0,0,0,0,11,6,0,17,0,0,0,17
12/26/2005,UGN,IL,AGL,CE,Federal Contract Tower,0,10,39,0,49,0,0,29,0,29,0,10,68,0,78,80,0,80,158
12/27/2005,UGN,IL,AGL,CE,Federal Contract Tower,0,25,46,0,71,0,0,1,0,1,0,25,47,0,72,0,0,0,72
12/28/2005,UGN,IL,AGL,CE,Federal Contract Tower,0,12,15,0,27,0,0,0,0,0,0,12,15,0,27,0,0,0,27
12/29/2005,UGN,IL,AGL,CE,Federal Contract Tower,0,3,18,0,21,0,0,24,0,24,0,3,42,0,45,30,0,30,75
12/30/2005,UGN,IL,AGL,CE,Federal Contract Tower,0,5,19,0,24,0,0,2,0,2,0,5,21,0,26,16,0,16,42
12/31/2005,UGN,IL,AGL,CE,Federal Contract Tower,0,7,13,0,20,0,0,0,0,0,0,7,13,0,20,20,0,20,40
01/01/2006,UGN,IL,AGL,CE,Federal Contract Tower,0,4,30,0,34,0,0,32,0,32,0,4,62,0,66,28,0,28,94
01/02/2006,UGN,IL,AGL,CE,Federal Contract Tower,0,11,25,0,36,0,3,0,0,3,0,14,25,0,39,0,0,0,39
01/03/2006,UGN,IL,AGL,CE,Federal Contract Tower,0,10,36,0,46,0,0,10,0,10,0,10,46,0,56,0,0,0,56
01/04/2006,UGN,IL,AGL,CE,Federal Contract Tower,0,9,34,1,44,0,0,2,2,4,0,9,36,3,48,0,0,0,48
01/05/2006,UGN,IL,AGL,CE,Federal Contract Tower,0,11,37,2,50,0,0,37,1,38,0,11,74,3,88,32,0,32,120
01/06/2006,UGN,IL,AGL,CE,Federal Contract Tower,0,8,33,0,41,0,0,61,3,64,0,8,94,3,105,82,0,82,187
01/07/2006,UGN,IL,AGL,CE,Federal Contract Tower,0,4,20,4,28,0,0,86,0,86,0,4,106,4,114,182,0,182,296
01/08/2006,UGN,IL,AGL,CE,Federal Contract Tower,0,5,22,1,28,0,0,70,0,70,0,5,92,1,98,99,0,99,197
01/09/2006,UGN,IL,AGL,CE,Federal Contract Tower,0,5,32,4,41,0,0,32,0,32,0,5,64,4,73,28,0,28,101
01/10/2006,UGN,IL,AGL,CE,Federal Contract Tower,0,11,35,2,48,0,0,56,0,56,0,11,91,2,104,114,0,114,218
01/11/2006,UGN,IL,AGL,CE,Federal Contract Tower,0,8,32,4,44,0,0,3,0,3,0,8,35,4,47,8,0,8,55
01/12/2006,UGN,IL,AGL,CE,Federal Contract Tower,0,16,29,0,45,0,0,75,0,75,0,16,104,0,120,120,0,120,240
01/13/2006,UGN,IL,AGL,CE,Federal Contract Tower,0,9,27,0,36,0,0,0,0,0,0,9,27,0,36,0,0,0,36
01/14/2006,UGN,IL,AGL,CE,Federal Contract Tower,0,4,14,1,19,0,0,128,0,128,0,4,142,1,147,236,0,236,383
01/15/2006,UGN,IL,AGL,CE,Federal Contract Tower,0,7,17,0,24,0,0,77,0,77,0,7,94,0,101,131,0,131,232
01/16/2006,UGN,IL,AGL,CE,Federal Contract Tower,0,15,33,1,49,0,0,78,0,78,0,15,111,1,127,71,0,71,198
01/17/2006,UGN,IL,AGL,CE,Federal Contract Tower,0,13,22,0,35,0,0,15,2,17,0,13,37,2,52,16,0,16,68
01/18/2006,UGN,IL,AGL,CE,Federal Contract Tower,0,5,36,0,41,0,0,53,1,54,0,5,89,1,95,106,0,106,201
01/19/2006,UGN,IL,AGL,CE,Federal Contract Tower,0,4,44,2,50,0,0,74,1,75,0,4,118,3,125,93,0,93,218
01/20/2006,UGN,IL,AGL,CE,Federal Contract Tower,0,3,45,4,52,0,0,0,0,0,0,3,45,4,52,2,0,2,54
01/21/2006,UGN,IL,AGL,CE,Federal Contract Tower,0,3,20,0,23,0,0,53,0,53,0,3,73,0,76,24,0,24,100
01/22/2006,UGN,IL,AGL,CE,Federal Contract Tower,0,6,20,5,31,0,0,38,0,38,0,6,58,5,69,88,0,88,157
01/23/2006,UGN,IL,AGL,CE,Federal Contract Tower,0,6,46,0,52,0,0,45,0,45,0,6,91,0,97,0,88,88,185
01/24/2006,UGN,IL,AGL,CE,Federal Contract Tower,0,4,33,2,39,0,0,28,0,28,0,4,61,2,67,8,0,8,75
01/25/2006,UGN,IL,AGL,CE,Federal Contract Tower,0,11,27,0,38,0,0,52,2,54,0,11,79,2,92,108,14,122,214
01/26/2006,UGN,IL,AGL,CE,Federal Contract Tower,0,6,25,0,31,0,0,91,0,91,0,6,116,0,122,125,0,125,247
01/27/2006,UGN,IL,AGL,CE,Federal Contract Tower,0,3,33,2,38,0,0,59,0,59,0,3,92,2,97,92,0,92,189
01/28/2006,UGN,IL,AGL,CE,Federal Contract Tower,0,6,9,0,15,0,0,29,0,29,0,6,38,0,44,84,0,84,128
01/29/2006,UGN,IL,AGL,CE,Federal Contract Tower,0,9,24,0,33,0,0,0,0,0,0,9,24,0,33,0,0,0,33
01/30/2006,UGN,IL,AGL,CE,Federal Contract Tower,0,10,30,2,42,0,0,5,0,5,0,10,35,2,47,0,0,0,47
01/31/2006,UGN,IL,AGL,CE,Federal Contract Tower,0,4,42,1,47,0,0,70,0,70,0,4,112,1,117,116,0,116,233
02/01/2006,UGN,IL,AGL,CE,Federal Contract Tower,0,7,37,0,44,0,0,21,0,21,0,7,58,0,65,44,0,44,109
02/02/2006,UGN,IL,AGL,CE,Federal Contract Tower,0,6,39,0,45,0,0,35,0,35,0,6,74,0,80,70,0,70,150
02/03/2006,UGN,IL,AGL,CE,Federal Contract Tower,0,10,46,2,58,0,0,23,0,23,0,10,69,2,81,46,0,46,127
02/04/2006,UGN,IL,AGL,CE,Federal Contract Tower,0,7,17,2,26,0,0,23,0,23,0,7,40,2,49,2,0,2,51
02/05/2006,UGN,IL,AGL,CE,Federal Contract Tower,0,8,22,3,33,0,0,79,0,79,0,8,101,3,112,99,0,99,211
02/06/2006,UGN,IL,AGL,CE,Federal Contract Tower,0,9,35,0,44,0,0,40,0,40,0,9,75,0,84,16,0,16,100
02/07/2006,UGN,IL,AGL,CE,Federal Contract Tower,0,6,41,4,51,0,0,63,0,63,0,6,104,4,114,66,0,66,180
02/08/2006,UGN,IL,AGL,CE,Federal Contract Tower,0,3,31,0,34,0,0,11,0,11,0,3,42,0,45,0,0,0,45
02/09/2006,UGN,IL,AGL,CE,Federal Contract Tower,0,2,43,0,45,0,0,54,0,54,0,2,97,0,99,84,0,84,183
02/10/2006,UGN,IL,AGL,CE,Federal Contract Tower,0,9,52,0,61,0,0,27,0,27,0,9,79,0,88,30,0,30,118
02/11/2006,UGN,IL,AGL,CE,Federal Contract Tower,0,1,7,0,8,0,0,3,0,3,0,1,10,0,11,80,0,80,91
02/12/2006,UGN,IL,AGL,CE,Federal Contract Tower,0,9,35,0,44,0,0,76,0,76,0,9,111,0,120,74,0,74,194
02/13/2006,UGN,IL,AGL,CE,Federal Contract Tower,0,6,38,2,46,0,0,40,0,40,0,6,78,2,86,12,0,12,98
02/14/2006,UGN,IL,AGL,CE,Federal Contract Tower,0,10,46,2,58,0,0,73,0,73,0,10,119,2,131,62,0,62,193
02/15/2006,UGN,IL,AGL,CE,Federal Contract Tower,0,12,45,2,59,0,0,38,0,38,0,12,83,2,97,78,0,78,175
02/16/2006,UGN,IL,AGL,CE,Federal Contract Tower,0,10,63,0,73,0,0,0,0,0,0,10,63,0,73,1,0,1,74
02/17/2006,UGN,IL,AGL,CE,Federal Contract Tower,0,11,49,0,60,0,0,42,0,42,0,11,91,0,102,54,0,54,156
02/18/2006,UGN,IL,AGL,CE,Federal Contract Tower,0,6,17,0,23,0,0,35,0,35,0,6,52,0,58,30,0,30,88
02/19/2006,UGN,IL,AGL,CE,Federal Contract Tower,0,4,21,1,26,0,0,93,0,93,0,4,114,1,119,91,0,91,210
02/20/2006,UGN,IL,AGL,CE,Federal Contract Tower,0,22,42,0,64,0,0,63,2,65,0,22,105,2,129,76,0,76,205
02/21/2006,UGN,IL,AGL,CE,Federal Contract Tower,0,10,34,0,44,0,0,76,1,77,0,10,110,1,121,0,64,64,185
02/22/2006,UGN,IL,AGL,CE,Federal Contract Tower,0,8,33,0,41,0,0,76,1,77,0,8,109,1,118,38,0,38,156
02/23/2006,UGN,IL,AGL,CE,Federal Contract Tower,0,7,42,0,49,0,0,54,0,54,0,7,96,0,103,42,0,42,145
02/24/2006,UGN,IL,AGL,CE,Federal Contract Tower,0,2,40,0,42,0,0,71,0,71,0,2,111,0,113,82,0,82,195
02/25/2006,UGN,IL,AGL,CE,Federal Contract Tower,0,3,10,0,13,0,0,79,0,79,0,3,89,0,92,119,0,119,211
02/26/2006,UGN,IL,AGL,CE,Federal Contract Tower,0,6,19,0,25,0,0,109,0,109,0,6,128,0,134,80,0,80,214
02/27/2006,UGN,IL,AGL,CE,Federal Contract Tower,0,4,43,2,49,0,0,48,0,48,0,4,91,2,97,44,0,44,141
02/28/2006,UGN,IL,AGL,CE,Federal Contract Tower,0,5,40,2,47,0,0,75,0,75,0,5,115,2,122,84,0,84,206
03/01/2006,UGN,IL,AGL,CE,Federal Contract Tower,0,5,44,0,49,0,0,27,0,27,0,5,71,0,76,44,0,44,120
03/02/2006,UGN,IL,AGL,CE,Federal Contract Tower,0,7,43,0,50,0,0,10,0,10,0,7,53,0,60,54,0,54,114
03/03/2006,UGN,IL,AGL,CE,Federal Contract Tower,0,8,42,0,50,0,0,98,0,98,0,8,140,0,148,240,0,240,388
03/04/2006,UGN,IL,AGL,CE,Federal Contract Tower,0,4,11,2,17,0,0,128,0,128,0,4,139,2,145,243,0,243,388
03/05/2006,UGN,IL,AGL,CE,Federal Contract Tower,0,8,20,0,28,0,0,5,0,5,0,8,25,0,33,0,10,10,43
03/06/2006,UGN,IL,AGL,CE,Federal Contract Tower,0,13,45,2,60,0,0,5,0,5,0,13,50,2,65,0,0,0,65
03/07/2006,UGN,IL,AGL,CE,Federal Contract Tower,0,8,53,0,61,0,0,63,0,63,0,8,116,0,124,88,0,88,212
03/08/2006,UGN,IL,AGL,CE,Federal Contract Tower,0,7,36,0,43,0,0,18,0,18,0,7,54,0,61,34,0,34,95
03/09/2006,UGN,IL,AGL,CE,Federal Contract Tower,0,8,31,0,39,0,0,0,0,0,0,8,31,0,39,0,0,0,39
03/10/2006,UGN,IL,AGL,CE,Federal Contract Tower,0,10,54,0,64,0,0,79,2,81,0,10,133,2,145,119,0,119,264
03/11/2006,UGN,IL,AGL,CE,Federal Contract Tower,0,1,23,0,24,0,0,52,0,52,0,1,75,0,76,108,0,108,184
03/12/2006,UGN,IL,AGL,CE,Federal Contract Tower,0,13,23,0,36,0,0,95,0,95,0,13,118,0,131,96,0,96,227
03/13/2006,UGN,IL,AGL,CE,Federal Contract Tower,0,5,31,4,40,0,0,4,2,6,0,5,35,6,46,2,0,2,48
03/14/2006,UGN,IL,AGL,CE,Federal Contract Tower,0,8,40,0,48,0,0,37,3,40,0,8,77,3,88,14,0,14,102
03/15/2006,UGN,IL,AGL,CE,Federal Contract Tower,0,15,42,0,57,0,0,78,3,81,0,15,120,3,138,109,2,111,249
03/16/2006,UGN,IL,AGL,CE,Federal Contract Tower,0,9,28,0,37,0,0,2,0,2,0,9,30,0,39,0,0,0,39
03/17/2006,UGN,IL,AGL,CE,Federal Contract Tower,0,18,49,0,67,0,0,77,0,77,0,18,126,0,144,126,0,126,270
03/18/2006,UGN,IL,AGL,CE,Federal Contract Tower,0,9,27,0,36,0,0,92,0,92,0,9,119,0,128,122,0,122,250
03/19/2006,UGN,IL,AGL,CE,Federal Contract Tower,0,6,31,2,39,0,0,168,0,168,0,6,199,2,207,141,0,141,348
03/20/2006,UGN,IL,AGL,CE,Federal Contract Tower,0,3,29,0,32,0,0,68,0,68,0,3,97,0,100,58,0,58,158
03/21/2006,UGN,IL,AGL,CE,Federal Contract Tower,0,11,37,2,50,0,0,43,0,43,0,11,80,2,93,66,0,66,159
03/22/2006,UGN,IL,AGL,CE,Federal Contract Tower,0,10,46,2,58,0,0,67,0,67,0,10,113,2,125,114,0,114,239
03/23/2006,UGN,IL,AGL,CE,Federal Contract Tower,0,9,39,0,48,0,0,34,0,34,0,9,73,0,82,110,0,110,192
03/24/2006,UGN,IL,AGL,CE,Federal Contract Tower,0,20,56,2,78,0,0,9,0,9,0,20,65,2,87,24,0,24,111
03/25/2006,UGN,IL,AGL,CE,Federal Contract Tower,0,17,36,0,53,0,0,98,0,98,0,17,134,0,151,140,0,140,291
03/26/2006,UGN,IL,AGL,CE,Federal Contract Tower,0,5,26,0,31,0,0,157,1,158,0,5,183,1,189,165,0,165,354
03/27/2006,UGN,IL,AGL,CE,Federal Contract Tower,0,10,30,0,40,0,0,34,0,34,0,10,64,0,74,86,0,86,160
03/28/2006,UGN,IL,AGL,CE,Federal Contract Tower,0,3,32,1,36,0,0,16,0,16,0,3,48,1,52,38,0,38,90
03/29/2006,UGN,IL,AGL,CE,Federal Contract Tower,0,2,40,0,42,0,0,36,0,36,0,2,76,0,78,90,0,90,168
03/30/2006,UGN,IL,AGL,CE,Federal Contract Tower,0,5,31,0,36,0,0,69,0,69,0,5,100,0,105,70,0,70,175
03/31/2006,UGN,IL,AGL,CE,Federal Contract Tower,0,6,34,0,40,0,0,22,0,22,0,6,56,0,62,52,0,52,114
04/01/2006,UGN,IL,AGL,CE,Federal Contract Tower,0,11,30,0,41,0,0,83,0,83,0,11,113,0,124,184,0,184,308
04/02/2006,UGN,IL,AGL,CE,Federal Contract Tower,0,16,33,0,49,0,0,10,0,10,0,16,43,0,59,0,21,21,80
04/03/2006,UGN,IL,AGL,CE,Federal Contract Tower,0,6,21,0,27,0,0,17,0,17,0,6,38,0,44,0,8,8,52
04/04/2006,UGN,IL,AGL,CE,Federal Contract Tower,0,12,47,2,61,0,0,77,0,77,0,12,124,2,138,102,0,102,240
04/05/2006,UGN,IL,AGL,CE,Federal Contract Tower,0,6,32,0,38,0,0,84,0,84,0,6,116,0,122,166,0,166,288
04/06/2006,UGN,IL,AGL,CE,Federal Contract Tower,0,8,49,0,57,0,0,30,0,30,0,8,79,0,87,64,0,64,151
04/07/2006,UGN,IL,AGL,CE,Federal Contract Tower,0,4,41,0,45,0,0,5,0,5,0,4,46,0,50,2,0,2,52
04/08/2006,UGN,IL,AGL,CE,Federal Contract Tower,0,8,13,2,23,0,0,134,0,134,0,8,147,2,157,152,0,152,309
04/09/2006,UGN,IL,AGL,CE,Federal Contract Tower,0,6,28,0,34,0,1,143,0,144,0,7,171,0,178,0,75,75,253
04/10/2006,UGN,IL,AGL,CE,Federal Contract Tower,0,3,29,4,36,0,0,77,0,77,0,3,106,4,113,114,0,114,227
04/11/2006,UGN,IL,AGL,CE,Federal Contract Tower,0,4,47,0,51,0,0,58,2,60,0,4,105,2,111,38,0,38,149
04/12/2006,UGN,IL,AGL,CE,Federal Contract Tower,0,11,38,1,50,0,0,39,0,39,0,11,77,1,89,76,0,76,165
04/13/2006,UGN,IL,AGL,CE,Federal Contract Tower,0,9,45,4,58,0,0,89,0,89,0,9,134,4,147,89,0,89,236
04/14/2006,UGN,IL,AGL,CE,Federal Contract Tower,0,5,29,3,37,0,0,88,0,88,0,5,117,3,125,136,0,136,261
04/15/2006,UGN,IL,AGL,CE,Federal Contract Tower,0,6,18,0,24,0,0,134,0,134,0,6,152,0,158,208,0,208,366
04/16/2006,UGN,IL,AGL,CE,Federal Contract Tower,0,4,22,0,26,0,0,3,0,3,0,4,25,0,29,16,0,16,45
04/17/2006,UGN,IL,AGL,CE,Federal Contract Tower,0,16,53,0,69,0,0,72,2,74,0,16,125,2,143,76,0,76,219
04/18/2006,UGN,IL,AGL,CE,Federal Contract Tower,0,6,34,0,40,0,0,88,0,88,0,6,122,0,128,144,0,144,272
04/19/2006,UGN,IL,AGL,CE,Federal Contract Tower,0,6,55,0,61,0,0,68,0,68,0,6,123,0,129,124,0,124,253
04/20/2006,UGN,IL,AGL,CE,Federal Contract Tower,0,10,40,2,52,0,0,60,0,60,0,10,100,2,112,71,0,71,183
04/21/2006,UGN,IL,AGL,CE,Federal Contract Tower,0,4,45,0,49,0,0,68,0,68,0,4,113,0,117,137,0,137,254
04/22/2006,UGN,IL,AGL,CE,Federal Contract Tower,0,8,20,2,30,0,0,102,0,102,0,8,122,2,132,144,0,144,276
04/23/2006,UGN,IL,AGL,CE,Federal Contract Tower,0,3,25,0,28,0,0,105,0,105,0,3,130,0,133,132,0,132,265
04/24/2006,UGN,IL,AGL,CE,Federal Contract Tower,0,5,50,0,55,0,0,76,0,76,0,5,126,0,131,138,0,138,269
04/25/2006,UGN,IL,AGL,CE,Federal Contract Tower,0,7,40,0,47,0,0,27,2,29,0,7,67,2,76,78,0,78,154
04/26/2006,UGN,IL,AGL,CE,Federal Contract Tower,0,6,42,0,48,0,0,63,0,63,0,6,105,0,111,102,0,102,213
04/27/2006,UGN,IL,AGL,CE,Federal Contract Tower,0,6,44,0,50,0,0,80,2,82,0,6,124,2,132,124,0,124,256
04/28/2006,UGN,IL,AGL,CE,Federal Contract Tower,0,11,48,0,59,0,1,100,1,102,0,12,148,1,161,130,0,130,291
04/29/2006,UGN,IL,AGL,CE,Federal Contract Tower,0,3,20,0,23,0,1,68,0,69,0,4,88,0,92,113,0,113,205
04/30/2006,UGN,IL,AGL,CE,Federal Contract Tower,0,6,22,0,28,0,0,1,0,1,0,6,23,0,29,0,0,0,29
05/01/2006,UGN,IL,AGL,CE,Federal Contract Tower,0,19,44,0,63,0,0,3,0,3,0,19,47,0,66,2,0,2,68
05/02/2006,UGN,IL,AGL,CE,Federal Contract Tower,0,10,45,0,55,0,0,39,0,39,0,10,84,0,94,80,0,80,174
05/03/2006,UGN,IL,AGL,CE,Federal Contract Tower,0,7,54,0,61,0,0,58,3,61,0,7,112,3,122,95,0,95,217
05/04/2006,UGN,IL,AGL,CE,Federal Contract Tower,0,11,40,0,51,0,0,89,2,91,0,11,129,2,142,152,0,152,294
05/05/2006,UGN,IL,AGL,CE,Federal Contract Tower,0,4,41,6,51,0,0,67,0,67,0,4,108,6,118,72,4,76,194
05/06/2006,UGN,IL,AGL,CE,Federal Contract Tower,0,6,18,0,24,0,0,127,0,127,0,6,145,0,151,126,0,126,277
05/07/2006,UGN,IL,AGL,CE,Federal Contract Tower,0,1,40,3,44,0,0,137,0,137,0,1,177,3,181,137,0,137,318
05/08/2006,UGN,IL,AGL,CE,Federal Contract Tower,0,11,24,0,35,0,0,68,2,70,0,11,92,2,105,74,0,74,179
05/09/2006,UGN,IL,AGL,CE,Federal Contract Tower,0,14,35,0,49,0,0,57,0,57,0,14,92,0,106,74,0,74,180
05/10/2006,UGN,IL,AGL,CE,Federal Contract Tower,0,11,56,4,71,0,0,20,0,20,0,11,76,4,91,18,0,18,109
05/11/2006,UGN,IL,AGL,CE,Federal Contract Tower,0,9,39,0,48,0,0,0,0,0,0,9,39,0,48,0,0,0,48
05/12/2006,UGN,IL,AGL,CE,Federal Contract Tower,0,16,40,0,56,0,0,4,0,4,0,16,44,0,60,12,0,12,72
05/13/2006,UGN,IL,AGL,CE,Federal Contract Tower,0,8,31,0,39,0,0,7,0,7,0,8,38,0,46,20,0,20,66
05/14/2006,UGN,IL,AGL,CE,Federal Contract Tower,0,13,35,0,48,0,0,4,0,4,0,13,39,0,52,27,0,27,79
05/15/2006,UGN,IL,AGL,CE,Federal Contract Tower,0,7,43,0,50,0,0,24,0,24,0,7,67,0,74,60,0,60,134
05/16/2006,UGN,IL,AGL,CE,Federal Contract Tower,0,5,54,0,59,0,0,35,0,35,0,5,89,0,94,64,0,64,158
05/17/2006,UGN,IL,AGL,CE,Federal Contract Tower,0,10,32,2,44,0,0,59,0,59,0,10,91,2,103,138,0,138,241
05/18/2006,UGN,IL,AGL,CE,Federal Contract Tower,0,8,53,0,61,0,0,45,0,45,0,8,98,0,106,88,0,88,194
05/19/2006,UGN,IL,AGL,CE,Federal Contract Tower,0,7,42,2,51,0,0,104,0,104,0,7,146,2,155,175,0,175,330
05/20/2006,UGN,IL,AGL,CE,Federal Contract Tower,0,7,17,0,24,0,0,120,0,120,0,7,137,0,144,144,0,144,288
05/21/2006,UGN,IL,AGL,CE,Federal Contract Tower,0,13,21,0,34,0,0,136,0,136,0,13,157,0,170,98,0,98,268
05/22/2006,UGN,IL,AGL,CE,Federal Contract Tower,0,12,44,2,58,0,0,56,0,56,0,12,100,2,114,56,0,56,170
05/23/2006,UGN,IL,AGL,CE,Federal Contract Tower,0,2,33,0,35,0,0,93,0,93,0,2,126,0,128,166,0,166,294
05/24/2006,UGN,IL,AGL,CE,Federal Contract Tower,0,4,60,0,64,0,0,26,0,26,0,4,86,0,90,48,0,48,138
05/25/2006,UGN,IL,AGL,CE,Federal Contract Tower,0,9,45,0,54,0,0,31,0,31,0,9,76,0,85,60,0,60,145
05/26/2006,UGN,IL,AGL,CE,Federal Contract Tower,0,13,68,1,82,0,0,77,2,79,0,13,145,3,161,130,0,130,291
05/27/2006,UGN,IL,AGL,CE,Federal Contract Tower,0,5,22,0,27,0,0,88,2,90,0,5,110,2,117,120,0,120,237
05/28/2006,UGN,IL,AGL,CE,Federal Contract Tower,0,3,24,0,27,0,0,84,1,85,0,3,108,1,112,59,0,59,171
05/29/2006,UGN,IL,AGL,CE,Federal Contract Tower,0,6,27,0,33,0,0,58,2,60,0,6,85,2,93,48,0,48,141
05/30/2006,UGN,IL,AGL,CE,Federal Contract Tower,0,7,40,0,47,0,0,65,2,67,0,7,105,2,114,134,0,134,248
05/31/2006,UGN,IL,AGL,CE,Federal Contract Tower,0,2,38,0,40,0,0,24,1,25,0,2,62,1,65,34,0,34,99
06/01/2006,UGN,IL,AGL,CE,Federal Contract Tower,0,13,28,0,41,0,0,78,2,80,0,13,106,2,121,92,0,92,213
06/02/2006,UGN,IL,AGL,CE,Federal Contract Tower,0,8,42,0,50,0,0,71,5,76,0,8,113,5,126,72,0,72,198
06/03/2006,UGN,IL,AGL,CE,Federal Contract Tower,0,4,15,0,19,0,0,120,0,120,0,4,135,0,139,250,0,250,389
06/04/2006,UGN,IL,AGL,CE,Federal Contract Tower,0,4,17,1,22,0,0,127,1,128,0,4,144,2,150,113,0,113,263
06/05/2006,UGN,IL,AGL,CE,Federal Contract Tower,0,10,54,3,67,0,0,46,5,51,0,10,100,8,118,62,0,62,180
06/06/2006,UGN,IL,AGL,CE,Federal Contract Tower,0,12,32,0,44,0,0,63,2,65,0,12,95,2,109,120,0,120,229
06/07/2006,UGN,IL,AGL,CE,Federal Contract Tower,0,3,45,0,48,0,0,62,2,64,0,3,107,2,112,72,0,72,184
06/08/2006,UGN,IL,AGL,CE,Federal Contract Tower,0,13,55,2,70,0,0,84,1,85,0,13,139,3,155,122,0,122,277
06/09/2006,UGN,IL,AGL,CE,Federal Contract Tower,0,7,42,2,51,0,0,86,2,88,0,7,128,4,139,94,0,94,233
06/10/2006,UGN,IL,AGL,CE,Federal Contract Tower,0,4,14,4,22,0,0,67,3,70,0,4,81,7,92,164,0,164,256
06/11/2006,UGN,IL,AGL,CE,Federal Contract Tower,0,12,18,0,30,0,0,130,1,131,0,12,148,1,161,110,0,110,271
06/12/2006,UGN,IL,AGL,CE,Federal Contract Tower,0,4,26,2,32,0,0,88,2,90,0,4,114,4,122,144,2,146,268
06/13/2006,UGN,IL,AGL,CE,Federal Contract Tower,0,5,40,0,45,0,0,110,0,110,0,5,150,0,155,172,0,172,327
06/14/2006,UGN,IL,AGL,CE,Federal Contract Tower,0,3,52,1,56,0,0,54,5,59,0,3,106,6,115,72,0,72,187
06/15/2006,UGN,IL,AGL,CE,Federal Contract Tower,0,2,27,2,31,0,0,84,11,95,0,2,111,13,126,118,2,120,246
06/16/2006,UGN,IL,AGL,CE,Federal Contract Tower,0,14,39,4,57,0,0,87,4,91,0,14,126,8,148,76,0,76,224
06/17/2006,UGN,IL,AGL,CE,Federal Contract Tower,0,9,20,0,29,0,0,79,5,84,0,9,99,5,113,116,8,124,237
06/18/2006,UGN,IL,AGL,CE,Federal Contract Tower,0,19,25,2,46,0,0,8,0,8,0,19,33,2,54,34,10,44,98
06/19/2006,UGN,IL,AGL,CE,Federal Contract Tower,0,13,69,2,84,0,0,32,2,34,0,13,101,4,118,74,0,74,192
06/20/2006,UGN,IL,AGL,CE,Federal Contract Tower,0,13,40,0,53,0,0,109,2,111,0,13,149,2,164,140,0,140,304
06/21/2006,UGN,IL,AGL,CE,Federal Contract Tower,0,13,45,0,58,0,0,20,7,27,0,13,65,7,85,66,0,66,151
06/22/2006,UGN,IL,AGL,CE,Federal Contract Tower,0,9,49,0,58,0,0,61,2,63,0,9,110,2,121,88,0,88,209
06/23/2006,UGN,IL,AGL,CE,Federal Contract Tower,0,12,39,10,61,0,0,97,4,101,0,12,136,14,162,182,0,182,344
06/24/2006,UGN,IL,AGL,CE,Federal Contract Tower,0,3,26,0,29,0,0,144,8,152,0,3,170,8,181,163,0,163,344
06/25/2006,UGN,IL,AGL,CE,Federal Contract Tower,0,10,34,3,47,0,0,48,0,48,0,10,82,3,95,92,0,92,187
06/26/2006,UGN,IL,AGL,CE,Federal Contract Tower,0,4,46,3,53,0,0,45,2,47,0,4,91,5,100,52,0,52,152
06/27/2006,UGN,IL,AGL,CE,Federal Contract Tower,0,6,33,0,39,0,0,86,2,88,0,6,119,2,127,102,2,104,231
06/28/2006,UGN,IL,AGL,CE,Federal Contract Tower,0,4,45,0,49,0,7,50,5,62,0,11,95,5,111,130,0,130,241
06/29/2006,UGN,IL,AGL,CE,Federal Contract Tower,0,11,14,0,25,0,0,0,3,3,0,11,14,3,28,111,0,111,139
06/30/2006,UGN,IL,AGL,CE,Federal Contract Tower,0,17,64,0,81,0,1,86,2,89,0,18,150,2,170,144,0,144,314
07/01/2006,UGN,IL,AGL,CE,Federal Contract Tower,0,6,54,0,60,0,0,62,6,68,0,6,116,6,128,86,0,86,214
07/02/2006,UGN,IL,AGL,CE,Federal Contract Tower,0,5,20,2,27,0,0,69,0,69,0,5,89,2,96,168,2,170,266
07/03/2006,UGN,IL,AGL,CE,Federal Contract Tower,0,9,11,0,20,0,0,32,0,32,0,9,43,0,52,58,0,58,110
07/04/2006,UGN,IL,AGL,CE,Federal Contract Tower,0,4,21,0,25,0,0,59,4,63,0,4,80,4,88,46,0,46,134
07/05/2006,UGN,IL,AGL,CE,Federal Contract Tower,0,7,47,0,54,0,0,76,4,80,0,7,123,4,134,96,0,96,230
07/06/2006,UGN,IL,AGL,CE,Federal Contract Tower,0,3,50,3,56,0,0,75,5,80,0,3,125,8,136,66,2,68,204
07/07/2006,UGN,IL,AGL,CE,Federal Contract Tower,0,8,43,2,53,0,0,66,4,70,0,8,109,6,123,148,0,148,271
07/08/2006,UGN,IL,AGL,CE,Federal Contract Tower,0,4,17,1,22,0,0,97,4,101,0,4,114,5,123,180,0,180,303
07/09/2006,UGN,IL,AGL,CE,Federal Contract Tower,0,12,22,4,38,0,0,69,1,70,0,12,91,5,108,86,0,86,194
07/10/2006,UGN,IL,AGL,CE,Federal Contract Tower,0,5,52,2,59,0,0,46,4,50,0,5,98,6,109,106,0,106,215
07/11/2006,UGN,IL,AGL,CE,Federal Contract Tower,0,14,40,3,57,0,2,7,1,10,0,16,47,4,67,6,0,6,73
07/12/2006,UGN,IL,AGL,CE,Federal Contract Tower,0,5,58,2,65,0,0,23,0,23,0,5,81,2,88,48,0,48,136
07/13/2006,UGN,IL,AGL,CE,Federal Contract Tower,0,8,48,0,56,0,0,89,1,90,0,8,137,1,146,126,0,126,272
07/14/2006,UGN,IL,AGL,CE,Federal Contract Tower,0,26,64,0,90,0,1,48,3,52,0,27,112,3,142,80,0,80,222
07/15/2006,UGN,IL,AGL,CE,Federal Contract Tower,0,8,22,0,30,0,0,110,2,112,0,8,132,2,142,146,0,146,288
07/16/2006,UGN,IL,AGL,CE,Federal Contract Tower,0,15,34,2,51,0,0,83,2,85,0,15,117,4,136,80,6,86,222
07/17/2006,UGN,IL,AGL,CE,Federal Contract Tower,0,12,34,0,46,0,0,66,2,68,0,12,100,2,114,112,0,112,226
07/18/2006,UGN,IL,AGL,CE,Federal Contract Tower,0,10,47,0,57,0,0,80,4,84,0,10,127,4,141,72,0,72,213
07/19/2006,UGN,IL,AGL,CE,Federal Contract Tower,0,4,44,4,52,0,0,54,10,64,0,4,98,14,116,72,4,76,192
07/20/2006,UGN,IL,AGL,CE,Federal Contract Tower,0,10,42,0,52,0,0,43,2,45,0,10,85,2,97,86,0,86,183
07/21/2006,UGN,IL,AGL,CE,Federal Contract Tower,0,21,54,0,75,0,0,73,0,73,0,21,127,0,148,202,0,202,350
07/22/2006,UGN,IL,AGL,CE,Federal Contract Tower,0,11,13,0,24,0,0,99,3,102,0,11,112,3,126,100,0,100,226
07/23/2006,UGN,IL,AGL,CE,Federal Contract Tower,0,14,45,0,59,0,2,103,1,106,0,16,148,1,165,107,0,107,272
07/24/2006,UGN,IL,AGL,CE,Federal Contract Tower,0,11,48,0,59,0,0,67,4,71,0,11,115,4,130,96,0,96,226
07/25/2006,UGN,IL,AGL,CE,Federal Contract Tower,0,3,52,2,57,0,0,82,5,87,0,3,134,7,144,147,0,147,291
07/26/2006,UGN,IL,AGL,CE,Federal Contract Tower,0,10,53,2,65,0,0,52,1,53,0,10,105,3,118,62,0,62,180
07/27/2006,UGN,IL,AGL,CE,Federal Contract Tower,0,4,45,4,53,0,0,60,2,62,0,4,105,6,115,82,0,82,197
07/28/2006,UGN,IL,AGL,CE,Federal Contract Tower,0,18,52,0,70,0,0,74,1,75,0,18,126,1,145,114,0,114,259
07/29/2006,UGN,IL,AGL,CE,Federal Contract Tower,0,5,31,0,36,0,0,61,4,65,0,5,92,4,101,126,0,126,227
07/30/2006,UGN,IL,AGL,CE,Federal Contract Tower,0,10,34,0,44,0,0,48,5,53,0,10,82,5,97,74,0,74,171
07/31/2006,UGN,IL,AGL,CE,Federal Contract Tower,0,14,35,0,49,0,0,71,1,72,0,14,106,1,121,77,0,77,198
08/01/2006,UGN,IL,AGL,CE,Federal Contract Tower,0,15,39,0,54,0,0,65,2,67,0,15,104,2,121,166,0,166,287
08/02/2006,UGN,IL,AGL,CE,Federal Contract Tower,0,6,49,0,55,0,0,24,8,32,0,6,73,8,87,60,0,60,147
08/03/2006,UGN,IL,AGL,CE,Federal Contract Tower,0,10,44,0,54,0,0,35,2,37,0,10,79,2,91,34,18,52,143
08/04/2006,UGN,IL,AGL,CE,Federal Contract Tower,0,17,32,0,49,0,0,96,1,97,0,17,128,1,146,168,24,192,338
08/05/2006,UGN,IL,AGL,CE,Federal Contract Tower,0,8,17,0,25,0,0,94,8,102,0,8,111,8,127,136,0,136,263
08/06/2006,UGN,IL,AGL,CE,Federal Contract Tower,0,15,28,0,43,0,0,38,1,39,0,15,66,1,82,46,0,46,128
08/07/2006,UGN,IL,AGL,CE,Federal Contract Tower,0,15,26,2,43,0,0,68,3,71,0,15,94,5,114,86,0,86,200
08/08/2006,UGN,IL,AGL,CE,Federal Contract Tower,0,5,38,0,43,0,0,111,0,111,0,5,149,0,154,138,0,138,292
08/09/2006,UGN,IL,AGL,CE,Federal Contract Tower,0,13,37,3,53,0,0,73,2,75,0,13,110,5,128,152,2,154,282
08/10/2006,UGN,IL,AGL,CE,Federal Contract Tower,0,11,62,1,74,0,0,8,2,10,0,11,70,3,84,12,0,12,96
08/11/2006,UGN,IL,AGL,CE,Federal Contract Tower,0,10,47,0,57,0,0,84,2,86,0,10,131,2,143,135,0,135,278
08/12/2006,UGN,IL,AGL,CE,Federal Contract Tower,0,10,29,5,44,0,0,125,3,128,0,10,154,8,172,60,20,80,252
08/13/2006,UGN,IL,AGL,CE,Federal Contract Tower,0,18,32,0,50,0,0,126,3,129,0,18,158,3,179,93,0,93,272
08/14/2006,UGN,IL,AGL,CE,Federal Contract Tower,0,14,30,1,45,0,0,55,0,55,0,14,85,1,100,203,0,203,303
08/15/2006,UGN,IL,AGL,CE,Federal Contract Tower,0,14,36,0,50,0,0,96,3,99,0,14,132,3,149,128,0,128,277
08/16/2006,UGN,IL,AGL,CE,Federal Contract Tower,0,23,42,2,67,0,0,94,0,94,0,23,136,2,161,153,0,153,314
08/17/2006,UGN,IL,AGL,CE,Federal Contract Tower,0,13,34,5,52,0,0,46,4,50,0,13,80,9,102,126,9,135,237
08/18/2006,UGN,IL,AGL,CE,Federal Contract Tower,0,10,47,5,62,0,0,26,2,28,0,10,73,7,90,74,0,74,164
08/19/2006,UGN,IL,AGL,CE,Federal Contract Tower,0,8,36,2,46,0,0,5,0,5,0,8,41,2,51,0,0,0,51
08/20/2006,UGN,IL,AGL,CE,Federal Contract Tower,0,17,30,5,52,0,0,102,2,104,0,17,132,7,156,154,0,154,310
08/21/2006,UGN,IL,AGL,CE,Federal Contract Tower,0,12,34,3,49,0,0,70,2,72,0,12,104,5,121,114,0,114,235
08/22/2006,UGN,IL,AGL,CE,Federal Contract Tower,0,7,35,2,44,0,0,73,1,74,0,7,108,3,118,132,8,140,258
08/23/2006,UGN,IL,AGL,CE,Federal Contract Tower,0,9,38,0,47,0,0,59,0,59,0,9,97,0,106,143,0,143,249
08/24/2006,UGN,IL,AGL,CE,Federal Contract Tower,0,5,39,0,44,0,0,17,2,19,0,5,56,2,63,8,0,8,71
08/25/2006,UGN,IL,AGL,CE,Federal Contract Tower,0,6,42,0,48,0,0,11,0,11,0,6,53,0,59,40,0,40,99
08/26/2006,UGN,IL,AGL,CE,Federal Contract Tower,0,9,33,0,42,0,0,20,3,23,0,9,53,3,65,100,0,100,165
08/27/2006,UGN,IL,AGL,CE,Federal Contract Tower,0,10,37,0,47,0,0,66,2,68,0,10,103,2,115,0,133,133,248
08/28/2006,UGN,IL,AGL,CE,Federal Contract Tower,0,6,32,1,39,0,0,6,1,7,0,6,38,2,46,12,0,12,58
08/29/2006,UGN,IL,AGL,CE,Federal Contract Tower,0,7,47,0,54,0,0,63,1,64,0,7,110,1,118,126,0,126,244
08/30/2006,UGN,IL,AGL,CE,Federal Contract Tower,0,5,41,0,46,0,0,58,2,60,0,5,99,2,106,114,0,114,220
08/31/2006,UGN,IL,AGL,CE,Federal Contract Tower,0,7,55,0,62,0,1,103,7,111,0,8,158,7,173,140,0,140,313
09/01/2006,UGN,IL,AGL,CE,Federal Contract Tower,0,8,60,0,68,0,0,44,3,47,0,8,104,3,115,176,0,176,291
09/02/2006,UGN,IL,AGL,CE,Federal Contract Tower,0,2,28,0,30,0,0,77,2,79,0,2,105,2,109,134,0,134,243
09/03/2006,UGN,IL,AGL,CE,Federal Contract Tower,0,5,4,0,9,5,89,0,0,94,5,94,4,0,103,106,0,106,209
09/04/2006,UGN,IL,AGL,CE,Federal Contract Tower,0,14,47,2,63,0,0,16,5,21,0,14,63,7,84,16,0,16,100
09/05/2006,UGN,IL,AGL,CE,Federal Contract Tower,0,10,47,0,57,0,0,40,1,41,0,10,87,1,98,94,0,94,192
09/06/2006,UGN,IL,AGL,CE,Federal Contract Tower,0,13,37,4,54,0,0,64,0,64,0,13,101,4,118,122,0,122,240
09/07/2006,UGN,IL,AGL,CE,Federal Contract Tower,0,9,48,2,59,0,0,64,0,64,0,9,112,2,123,135,0,135,258
09/08/2006,UGN,IL,AGL,CE,Federal Contract Tower,0,13,47,6,66,0,0,56,1,57,0,13,103,7,123,40,0,40,163
09/09/2006,UGN,IL,AGL,CE,Federal Contract Tower,0,4,20,0,24,0,0,48,0,48,0,4,68,0,72,229,0,229,301
09/10/2006,UGN,IL,AGL,CE,Federal Contract Tower,0,11,37,0,48,0,0,2,3,5,0,11,39,3,53,5,0,5,58
09/11/2006,UGN,IL,AGL,CE,Federal Contract Tower,0,8,35,1,44,0,0,1,0,1,0,8,36,1,45,0,0,0,45
09/12/2006,UGN,IL,AGL,CE,Federal Contract Tower,0,3,54,3,60,0,0,0,0,0,0,3,54,3,60,0,0,0,60
09/13/2006,UGN,IL,AGL,CE,Federal Contract Tower,0,13,36,0,49,0,0,1,0,1,0,13,37,0,50,0,0,0,50
09/14/2006,UGN,IL,AGL,CE,Federal Contract Tower,0,14,58,10,82,0,0,81,4,85,0,14,139,14,167,178,0,178,345
09/15/2006,UGN,IL,AGL,CE,Federal Contract Tower,0,14,45,4,63,0,0,61,0,61,0,14,106,4,124,78,0,78,202
09/16/2006,UGN,IL,AGL,CE,Federal Contract Tower,0,5,27,3,35,0,0,77,0,77,0,5,104,3,112,92,0,92,204
09/17/2006,UGN,IL,AGL,CE,Federal Contract Tower,0,8,30,9,47,0,1,69,0,70,0,9,99,9,117,0,89,89,206
09/18/2006,UGN,IL,AGL,CE,Federal Contract Tower,0,4,48,2,54,0,0,60,0,60,0,4,108,2,114,63,0,63,177
09/19/2006,UGN,IL,AGL,CE,Federal Contract Tower,0,10,41,0,51,0,0,28,1,29,0,10,69,1,80,82,0,82,162
09/20/2006,UGN,IL,AGL,CE,Federal Contract Tower,0,6,39,4,49,0,0,88,1,89,0,6,127,5,138,104,0,104,242
09/21/2006,UGN,IL,AGL,CE,Federal Contract Tower,0,9,33,2,44,0,2,70,0,72,0,11,103,2,116,78,0,78,194
09/22/2006,UGN,IL,AGL,CE,Federal Contract Tower,0,8,36,1,45,0,0,1,0,1,0,8,37,1,46,68,0,68,114
09/23/2006,UGN,IL,AGL,CE,Federal Contract Tower,0,5,21,1,27,0,1,7,0,8,0,6,28,1,35,40,0,40,75
09/24/2006,UGN,IL,AGL,CE,Federal Contract Tower,0,12,25,0,37,0,0,73,1,74,0,12,98,1,111,104,0,104,215
09/25/2006,UGN,IL,AGL,CE,Federal Contract Tower,0,4,45,0,49,0,0,48,2,50,0,4,93,2,99,86,0,86,185
09/26/2006,UGN,IL,AGL,CE,Federal Contract Tower,0,12,38,2,52,0,0,100,0,100,0,12,138,2,152,124,0,124,276
09/27/2006,UGN,IL,AGL,CE,Federal Contract Tower,0,4,52,0,56,0,0,53,0,53,0,4,105,0,109,130,0,130,239
09/28/2006,UGN,IL,AGL,CE,Federal Contract Tower,0,9,56,4,69,0,0,55,0,55,0,9,111,4,124,106,0,106,230
09/29/2006,UGN,IL,AGL,CE,Federal Contract Tower,0,13,55,0,68,0,0,53,0,53,0,13,108,0,121,153,0,153,274
09/30/2006,UGN,IL,AGL,CE,Federal Contract Tower,0,2,25,0,27,0,0,65,0,65,0,2,90,0,92,158,0,158,250
10/01/2006,UGN,IL,AGL,CE,Federal Contract Tower,0,11,30,0,41,0,0,111,0,111,0,11,141,0,152,119,0,119,271
10/02/2006,UGN,IL,AGL,CE,Federal Contract Tower,0,7,30,0,37,0,0,37,0,37,0,7,67,0,74,56,0,56,130
10/03/2006,UGN,IL,AGL,CE,Federal Contract Tower,0,5,60,0,65,0,0,33,0,33,0,5,93,0,98,54,0,54,152
10/04/2006,UGN,IL,AGL,CE,Federal Contract Tower,0,7,57,4,68,0,0,4,1,5,0,7,61,5,73,2,0,2,75
10/05/2006,UGN,IL,AGL,CE,Federal Contract Tower,0,13,55,0,68,0,0,85,0,85,0,13,140,0,153,108,0,108,261
10/06/2006,UGN,IL,AGL,CE,Federal Contract Tower,0,13,44,1,58,0,0,80,0,80,0,13,124,1,138,108,0,108,246
10/07/2006,UGN,IL,AGL,CE,Federal Contract Tower,0,5,32,0,37,0,0,121,0,121,0,5,153,0,158,112,0,112,270
10/08/2006,UGN,IL,AGL,CE,Federal Contract Tower,0,10,29,0,39,0,0,85,0,85,0,10,114,0,124,85,0,85,209
10/09/2006,UGN,IL,AGL,CE,Federal Contract Tower,0,8,48,0,56,0,0,42,0,42,0,8,90,0,98,90,0,90,188
10/10/2006,UGN,IL,AGL,CE,Federal Contract Tower,0,9,35,3,47,0,0,49,0,49,0,9,84,3,96,148,0,148,244
10/11/2006,UGN,IL,AGL,CE,Federal Contract Tower,0,18,47,4,69,0,0,4,1,5,0,18,51,5,74,6,0,6,80
10/12/2006,UGN,IL,AGL,CE,Federal Contract Tower,0,19,44,3,66,0,0,14,1,15,0,19,58,4,81,30,0,30,111
10/13/2006,UGN,IL,AGL,CE,Federal Contract Tower,0,20,40,4,64,0,0,12,1,13,0,20,52,5,77,2,0,2,79
10/14/2006,UGN,IL,AGL,CE,Federal Contract Tower,0,10,25,0,35,0,0,65,0,65,0,10,90,0,100,92,0,92,192
10/15/2006,UGN,IL,AGL,CE,Federal Contract Tower,0,12,45,5,62,0,0,114,0,114,0,12,159,5,176,118,0,118,294
10/16/2006,UGN,IL,AGL,CE,Federal Contract Tower,0,7,40,1,48,0,0,33,0,33,0,7,73,1,81,64,0,64,145
10/17/2006,UGN,IL,AGL,CE,Federal Contract Tower,0,15,56,2,73,0,0,17,2,19,0,15,73,4,92,66,6,72,164
10/18/2006,UGN,IL,AGL,CE,Federal Contract Tower,0,13,56,0,69,0,0,26,0,26,0,13,82,0,95,84,0,84,179
10/19/2006,UGN,IL,AGL,CE,Federal Contract Tower,0,15,49,0,64,0,0,38,0,38,0,15,87,0,102,130,0,130,232
10/20/2006,UGN,IL,AGL,CE,Federal Contract Tower,0,11,45,2,58,0,0,71,0,71,0,11,116,2,129,105,0,105,234
10/21/2006,UGN,IL,AGL,CE,Federal Contract Tower,0,9,30,0,39,0,0,48,0,48,0,9,78,0,87,144,0,144,231
10/22/2006,UGN,IL,AGL,CE,Federal Contract Tower,0,11,2,0,13,0,0,67,3,70,0,11,69,3,83,100,0,100,183
10/23/2006,UGN,IL,AGL,CE,Federal Contract Tower,0,10,32,0,42,0,0,36,1,37,0,10,68,1,79,56,0,56,135
10/24/2006,UGN,IL,AGL,CE,Federal Contract Tower,0,9,34,0,43,0,0,68,0,68,0,9,102,0,111,174,0,174,285
10/25/2006,UGN,IL,AGL,CE,Federal Contract Tower,0,15,40,0,55,0,0,69,2,71,0,15,109,2,126,72,0,72,198
10/26/2006,UGN,IL,AGL,CE,Federal Contract Tower,0,11,32,1,44,0,0,17,0,17,0,11,49,1,61,52,0,52,113
10/27/2006,UGN,IL,AGL,CE,Federal Contract Tower,0,16,45,3,64,0,0,2,0,2,0,16,47,3,66,76,0,76,142
10/28/2006,UGN,IL,AGL,CE,Federal Contract Tower,0,7,18,2,27,0,0,21,0,21,0,7,39,2,48,58,0,58,106
10/29/2006,UGN,IL,AGL,CE,Federal Contract Tower,0,9,26,0,35,0,0,119,0,119,0,9,145,0,154,98,0,98,252
10/30/2006,UGN,IL,AGL,CE,Federal Contract Tower,0,3,29,0,32,0,0,51,0,51,0,3,80,0,83,18,0,18,101
10/31/2006,UGN,IL,AGL,CE,Federal Contract Tower,0,6,30,0,36,0,0,49,0,49,0,6,79,0,85,100,0,100,185
11/01/2006,UGN,IL,AGL,CE,Federal Contract Tower,0,13,40,0,53,0,0,60,0,60,0,13,100,0,113,117,0,117,230
11/02/2006,UGN,IL,AGL,CE,Federal Contract Tower,0,11,41,4,56,0,0,56,1,57,0,11,97,5,113,96,0,96,209
11/03/2006,UGN,IL,AGL,CE,Federal Contract Tower,0,8,50,7,65,0,1,92,0,93,0,9,142,7,158,156,0,156,314
11/04/2006,UGN,IL,AGL,CE,Federal Contract Tower,0,8,20,0,28,0,0,68,0,68,0,8,88,0,96,166,0,166,262
11/05/2006,UGN,IL,AGL,CE,Federal Contract Tower,0,9,40,6,55,0,0,125,3,128,0,9,165,9,183,102,0,102,285
11/06/2006,UGN,IL,AGL,CE,Federal Contract Tower,0,3,36,0,39,0,0,27,0,27,0,3,63,0,66,30,0,30,96
11/07/2006,UGN,IL,AGL,CE,Federal Contract Tower,0,9,43,0,52,0,0,0,0,0,0,9,43,0,52,0,0,0,52
11/08/2006,UGN,IL,AGL,CE,Federal Contract Tower,0,6,46,0,52,0,0,49,0,49,0,6,95,0,101,78,0,78,179
11/09/2006,UGN,IL,AGL,CE,Federal Contract Tower,0,11,62,0,73,0,0,93,2,95,0,11,155,2,168,198,0,198,366
11/10/2006,UGN,IL,AGL,CE,Federal Contract Tower,0,15,47,0,62,0,2,10,0,12,0,17,57,0,74,62,0,62,136
11/11/2006,UGN,IL,AGL,CE,Federal Contract Tower,0,11,27,0,38,0,0,53,0,53,0,11,80,0,91,68,0,68,159
11/12/2006,UGN,IL,AGL,CE,Federal Contract Tower,0,13,31,0,44,0,0,100,0,100,0,13,131,0,144,72,0,72,216
11/13/2006,UGN,IL,AGL,CE,Federal Contract Tower,0,12,38,0,50,0,0,0,0,0,0,12,38,0,50,0,0,0,50
11/14/2006,UGN,IL,AGL,CE,Federal Contract Tower,0,10,45,7,62,0,0,24,0,24,0,10,69,7,86,158,0,158,244
11/15/2006,UGN,IL,AGL,CE,Federal Contract Tower,0,5,35,0,40,0,0,3,0,3,0,5,38,0,43,30,0,30,73
11/16/2006,UGN,IL,AGL,CE,Federal Contract Tower,0,8,40,0,48,0,0,12,0,12,0,8,52,0,60,44,0,44,104
11/17/2006,UGN,IL,AGL,CE,Federal Contract Tower,0,11,38,6,55,0,0,52,0,52,0,11,90,6,107,108,0,108,215
11/18/2006,UGN,IL,AGL,CE,Federal Contract Tower,0,14,28,2,44,0,0,54,0,54,0,14,82,2,98,220,0,220,318
11/19/2006,UGN,IL,AGL,CE,Federal Contract Tower,0,12,26,0,38,0,0,93,0,93,0,12,119,0,131,92,0,92,223
11/20/2006,UGN,IL,AGL,CE,Federal Contract Tower,0,13,32,0,45,0,1,62,2,65,0,14,94,2,110,103,0,103,213
11/21/2006,UGN,IL,AGL,CE,Federal Contract Tower,0,16,53,0,69,0,0,80,0,80,0,16,133,0,149,122,0,122,271
11/22/2006,UGN,IL,AGL,CE,Federal Contract Tower,0,17,42,0,59,0,0,97,0,97,0,17,139,0,156,108,0,108,264
11/23/2006,UGN,IL,AGL,CE,Federal Contract Tower,0,6,4,0,10,0,0,32,0,32,0,6,36,0,42,38,0,38,80
11/24/2006,UGN,IL,AGL,CE,Federal Contract Tower,0,3,15,0,18,0,0,70,0,70,0,3,85,0,88,80,0,80,168
11/25/2006,UGN,IL,AGL,CE,Federal Contract Tower,0,10,29,0,39,0,0,72,0,72,0,10,101,0,111,104,0,104,215
11/26/2006,UGN,IL,AGL,CE,Federal Contract Tower,0,19,63,0,82,0,0,10,0,10,0,19,73,0,92,24,0,24,116
11/27/2006,UGN,IL,AGL,CE,Federal Contract Tower,0,20,37,2,59,0,0,23,0,23,0,20,60,2,82,78,0,78,160
11/28/2006,UGN,IL,AGL,CE,Federal Contract Tower,0,15,49,0,64,0,0,8,0,8,0,15,57,0,72,33,0,33,105
11/29/2006,UGN,IL,AGL,CE,Federal Contract Tower,0,11,42,0,53,0,0,2,0,2,0,11,44,0,55,66,0,66,121
11/30/2006,UGN,IL,AGL,CE,Federal Contract Tower,0,9,39,0,48,0,0,12,0,12,0,9,51,0,60,82,0,82,142
12/01/2006,UGN,IL,AGL,CE,Federal Contract Tower,0,3,15,0,18,0,0,0,0,0,0,3,15,0,18,0,0,0,18
12/02/2006,UGN,IL,AGL,CE,Federal Contract Tower,0,9,24,0,33,0,0,56,4,60,0,9,80,4,93,16,0,16,109
12/03/2006,UGN,IL,AGL,CE,Federal Contract Tower,0,5,28,0,33,0,1,39,0,40,0,6,67,0,73,42,0,42,115
12/04/2006,UGN,IL,AGL,CE,Federal Contract Tower,0,12,42,2,56,0,0,29,4,33,0,12,71,6,89,18,0,18,107
12/05/2006,UGN,IL,AGL,CE,Federal Contract Tower,0,11,39,2,52,0,0,33,0,33,0,11,72,2,85,70,0,70,155
12/06/2006,UGN,IL,AGL,CE,Federal Contract Tower,0,11,48,4,63,0,0,31,10,41,0,11,79,14,104,64,0,64,168
12/07/2006,UGN,IL,AGL,CE,Federal Contract Tower,0,23,43,0,66,0,0,32,0,32,0,23,75,0,98,112,0,112,210
12/08/2006,UGN,IL,AGL,CE,Federal Contract Tower,0,10,39,0,49,0,0,68,0,68,0,10,107,0,117,68,0,68,185
12/09/2006,UGN,IL,AGL,CE,Federal Contract Tower,0,6,21,2,29,0,0,82,0,82,0,6,103,2,111,190,0,190,301
12/10/2006,UGN,IL,AGL,CE,Federal Contract Tower,0,13,20,0,33,0,0,84,0,84,0,13,104,0,117,110,0,110,227
12/11/2006,UGN,IL,AGL,CE,Federal Contract Tower,0,2,50,0,52,0,0,17,0,17,0,2,67,0,69,50,0,50,119
12/12/2006,UGN,IL,AGL,CE,Federal Contract Tower,0,0,31,2,33,0,0,1,0,1,0,0,32,2,34,0,0,0,34
12/13/2006,UGN,IL,AGL,CE,Federal Contract Tower,0,16,43,0,59,0,0,55,0,55,0,16,98,0,114,114,0,114,228
12/14/2006,UGN,IL,AGL,CE,Federal Contract Tower,0,8,35,2,45,0,0,51,0,51,0,8,86,2,96,96,0,96,192
12/15/2006,UGN,IL,AGL,CE,Federal Contract Tower,0,4,22,0,26,0,3,62,0,65,0,7,84,0,91,106,0,106,197
12/16/2006,UGN,IL,AGL,CE,Federal Contract Tower,0,6,23,2,31,0,0,33,0,33,0,6,56,2,64,100,0,100,164
12/17/2006,UGN,IL,AGL,CE,Federal Contract Tower,0,9,18,0,27,0,0,76,0,76,0,9,94,0,103,100,0,100,203
12/18/2006,UGN,IL,AGL,CE,Federal Contract Tower,0,10,23,0,33,0,0,68,2,70,0,10,91,2,103,98,0,98,201
12/19/2006,UGN,IL,AGL,CE,Federal Contract Tower,0,8,49,0,57,0,0,79,0,79,0,8,128,0,136,112,0,112,248
12/20/2006,UGN,IL,AGL,CE,Federal Contract Tower,0,6,29,0,35,0,0,55,0,55,0,6,84,0,90,102,0,102,192
12/21/2006,UGN,IL,AGL,CE,Federal Contract Tower,0,10,37,2,49,0,0,0,0,0,0,10,37,2,49,0,0,0,49
12/22/2006,UGN,IL,AGL,CE,Federal Contract Tower,0,6,30,0,36,0,0,3,0,3,0,6,33,0,39,0,0,0,39
12/23/2006,UGN,IL,AGL,CE,Federal Contract Tower,0,12,32,0,44,0,0,5,0,5,0,12,37,0,49,38,0,38,87
12/24/2006,UGN,IL,AGL,CE,Federal Contract Tower,0,5,13,0,18,0,0,47,0,47,0,5,60,0,65,36,0,36,101
12/25/2006,UGN,IL,AGL,CE,Federal Contract Tower,0,5,9,0,14,0,0,0,0,0,0,5,9,0,14,0,0,0,14
12/26/2006,UGN,IL,AGL,CE,Federal Contract Tower,0,17,37,0,54,0,0,55,0,55,0,17,92,0,109,78,0,78,187
12/27/2006,UGN,IL,AGL,CE,Federal Contract Tower,0,21,28,2,51,0,0,56,2,58,0,21,84,4,109,128,0,128,237
12/28/2006,UGN,IL,AGL,CE,Federal Contract Tower,0,10,17,2,29,0,0,77,1,78,0,10,94,3,107,106,0,106,213
12/29/2006,UGN,IL,AGL,CE,Federal Contract Tower,0,8,25,0,33,0,0,18,0,18,0,8,43,0,51,143,0,143,194
12/30/2006,UGN,IL,AGL,CE,Federal Contract Tower,0,5,13,0,18,0,0,0,0,0,0,5,13,0,18,28,0,28,46
12/31/2006,UGN,IL,AGL,CE,Federal Contract Tower,0,7,14,0,21,0,0,0,0,0,0,7,14,0,21,0,0,0,21
01/01/2007,UGN,IL,AGL,CE,Federal Contract Tower,0,4,17,0,21,0,1,32,0,33,0,5,49,0,54,44,0,44,98
01/02/2007,UGN,IL,AGL,CE,Federal Contract Tower,0,8,30,0,38,0,0,76,0,76,0,8,106,0,114,71,0,71,185
01/03/2007,UGN,IL,AGL,CE,Federal Contract Tower,0,11,30,0,41,0,0,36,0,36,0,11,66,0,77,100,0,100,177
01/04/2007,UGN,IL,AGL,CE,Federal Contract Tower,0,12,37,2,51,0,0,14,0,14,0,12,51,2,65,34,0,34,99
01/05/2007,UGN,IL,AGL,CE,Federal Contract Tower,0,11,44,0,55,0,0,27,0,27,0,11,71,0,82,82,0,82,164
01/06/2007,UGN,IL,AGL,CE,Federal Contract Tower,0,18,27,4,49,0,0,64,0,64,0,18,91,4,113,158,2,160,273
01/07/2007,UGN,IL,AGL,CE,Federal Contract Tower,0,11,40,2,53,0,0,71,0,71,0,11,111,2,124,174,0,174,298
01/08/2007,UGN,IL,AGL,CE,Federal Contract Tower,0,17,40,0,57,0,0,34,0,34,0,17,74,0,91,40,0,40,131
01/09/2007,UGN,IL,AGL,CE,Federal Contract Tower,0,5,22,2,29,0,0,36,0,36,0,5,58,2,65,24,0,24,89
01/10/2007,UGN,IL,AGL,CE,Federal Contract Tower,0,4,36,4,44,0,0,67,0,67,0,4,103,4,111,88,0,88,199
01/11/2007,UGN,IL,AGL,CE,Federal Contract Tower,0,9,33,4,46,0,0,26,0,26,0,9,59,4,72,80,0,80,152
01/12/2007,UGN,IL,AGL,CE,Federal Contract Tower,0,9,36,0,45,0,0,0,0,0,0,9,36,0,45,0,0,0,45
01/13/2007,UGN,IL,AGL,CE,Federal Contract Tower,0,5,7,0,12,0,0,27,0,27,0,5,34,0,39,136,0,136,175
01/14/2007,UGN,IL,AGL,CE,Federal Contract Tower,0,2,10,0,12,0,0,2,0,2,0,2,12,0,14,2,0,2,16
01/15/2007,UGN,IL,AGL,CE,Federal Contract Tower,0,13,40,0,53,0,0,0,0,0,0,13,40,0,53,0,0,0,53
01/16/2007,UGN,IL,AGL,CE,Federal Contract Tower,0,5,37,0,42,0,0,28,0,28,0,5,65,0,70,48,0,48,118
01/17/2007,UGN,IL,AGL,CE,Federal Contract Tower,0,9,42,0,51,0,0,56,0,56,0,9,98,0,107,186,0,186,293
01/18/2007,UGN,IL,AGL,CE,Federal Contract Tower,0,6,44,0,50,0,0,9,0,9,0,6,53,0,59,64,0,64,123
01/19/2007,UGN,IL,AGL,CE,Federal Contract Tower,0,4,29,0,33,0,0,48,0,48,0,4,77,0,81,72,0,72,153
01/20/2007,UGN,IL,AGL,CE,Federal Contract Tower,0,8,16,0,24,0,0,96,0,96,0,8,112,0,120,242,0,242,362
01/21/2007,UGN,IL,AGL,CE,Federal Contract Tower,0,1,10,0,11,0,0,0,0,0,0,1,10,0,11,0,0,0,11
01/22/2007,UGN,IL,AGL,CE,Federal Contract Tower,0,10,29,4,43,0,0,14,0,14,0,10,43,4,57,56,0,56,113
01/23/2007,UGN,IL,AGL,CE,Federal Contract Tower,0,7,23,4,34,0,0,7,1,8,0,7,30,5,42,60,0,60,102
01/24/2007,UGN,IL,AGL,CE,Federal Contract Tower,0,10,43,2,55,0,0,45,0,45,0,10,88,2,100,138,0,138,238
01/25/2007,UGN,IL,AGL,CE,Federal Contract Tower,0,8,33,4,45,0,0,79,0,79,0,8,112,4,124,108,0,108,232
01/26/2007,UGN,IL,AGL,CE,Federal Contract Tower,0,8,28,0,36,0,0,35,0,35,0,8,63,0,71,28,0,28,99
01/27/2007,UGN,IL,AGL,CE,Federal Contract Tower,0,7,17,0,24,0,0,45,0,45,0,7,62,0,69,150,0,150,219
01/28/2007,UGN,IL,AGL,CE,Federal Contract Tower,0,13,22,0,35,0,0,23,0,23,0,13,45,0,58,32,0,32,90
01/29/2007,UGN,IL,AGL,CE,Federal Contract Tower,0,8,37,0,45,0,0,12,0,12,0,8,49,0,57,6,0,6,63
01/30/2007,UGN,IL,AGL,CE,Federal Contract Tower,0,6,38,0,44,0,0,22,0,22,0,6,60,0,66,40,0,40,106
01/31/2007,UGN,IL,AGL,CE,Federal Contract Tower,0,10,26,0,36,0,0,66,3,69,0,10,92,3,105,106,0,106,211
02/01/2007,UGN,IL,AGL,CE,Federal Contract Tower,0,5,42,0,47,0,0,31,0,31,0,5,73,0,78,143,0,143,221
02/02/2007,UGN,IL,AGL,CE,Federal Contract Tower,0,13,36,0,49,0,0,29,0,29,0,13,65,0,78,42,0,42,120
02/03/2007,UGN,IL,AGL,CE,Federal Contract Tower,0,11,23,2,36,0,0,7,0,7,0,11,30,2,43,0,0,0,43
02/04/2007,UGN,IL,AGL,CE,Federal Contract Tower,0,6,16,0,22,0,0,11,0,11,0,6,27,0,33,12,0,12,45
02/05/2007,UGN,IL,AGL,CE,Federal Contract Tower,0,15,39,0,54,0,0,13,0,13,0,15,52,0,67,0,0,0,67
02/06/2007,UGN,IL,AGL,CE,Federal Contract Tower,0,13,36,0,49,0,0,2,0,2,0,13,38,0,51,22,0,22,73
02/07/2007,UGN,IL,AGL,CE,Federal Contract Tower,0,3,36,0,39,0,0,27,0,27,0,3,63,0,66,20,0,20,86
02/08/2007,UGN,IL,AGL,CE,Federal Contract Tower,0,5,25,2,32,0,0,27,0,27,0,5,52,2,59,58,0,58,117
02/09/2007,UGN,IL,AGL,CE,Federal Contract Tower,0,12,41,4,57,0,0,44,0,44,0,12,85,4,101,32,0,32,133
02/10/2007,UGN,IL,AGL,CE,Federal Contract Tower,0,4,30,0,34,0,0,99,0,99,0,4,129,0,133,132,0,132,265
02/11/2007,UGN,IL,AGL,CE,Federal Contract Tower,0,16,32,2,50,0,0,39,0,39,0,16,71,2,89,120,0,120,209
02/12/2007,UGN,IL,AGL,CE,Federal Contract Tower,0,7,43,0,50,0,0,2,0,2,0,7,45,0,52,18,0,18,70
02/13/2007,UGN,IL,AGL,CE,Federal Contract Tower,0,3,13,2,18,0,0,0,0,0,0,3,13,2,18,0,0,0,18
02/14/2007,UGN,IL,AGL,CE,Federal Contract Tower,0,18,41,0,59,0,0,15,0,15,0,18,56,0,74,40,0,40,114
02/15/2007,UGN,IL,AGL,CE,Federal Contract Tower,0,14,64,0,78,0,0,38,0,38,0,14,102,0,116,64,0,64,180
02/16/2007,UGN,IL,AGL,CE,Federal Contract Tower,0,6,44,0,50,0,0,34,0,34,0,6,78,0,84,102,0,102,186
02/17/2007,UGN,IL,AGL,CE,Federal Contract Tower,0,2,19,0,21,0,0,32,0,32,0,2,51,0,53,94,0,94,147
02/18/2007,UGN,IL,AGL,CE,Federal Contract Tower,0,2,31,0,33,0,0,80,0,80,0,2,111,0,113,78,0,78,191
02/19/2007,UGN,IL,AGL,CE,Federal Contract Tower,0,22,46,0,68,0,0,37,0,37,0,22,83,0,105,38,0,38,143
02/20/2007,UGN,IL,AGL,CE,Federal Contract Tower,0,16,51,0,67,0,0,41,0,41,0,16,92,0,108,24,0,24,132
02/21/2007,UGN,IL,AGL,CE,Federal Contract Tower,0,7,46,0,53,0,0,48,0,48,0,7,94,0,101,82,0,82,183
02/22/2007,UGN,IL,AGL,CE,Federal Contract Tower,0,6,46,0,52,0,0,22,0,22,0,6,68,0,74,22,0,22,96
02/23/2007,UGN,IL,AGL,CE,Federal Contract Tower,0,10,41,0,51,0,0,48,0,48,0,10,89,0,99,160,0,160,259
02/24/2007,UGN,IL,AGL,CE,Federal Contract Tower,0,3,11,0,14,0,0,8,0,8,0,3,19,0,22,14,0,14,36
02/25/2007,UGN,IL,AGL,CE,Federal Contract Tower,0,3,19,0,22,0,0,0,0,0,0,3,19,0,22,0,0,0,22
02/26/2007,UGN,IL,AGL,CE,Federal Contract Tower,0,13,19,0,32,0,0,0,0,0,0,13,19,0,32,0,0,0,32
02/27/2007,UGN,IL,AGL,CE,Federal Contract Tower,0,13,51,0,64,0,0,29,0,29,0,13,80,0,93,34,0,34,127
02/28/2007,UGN,IL,AGL,CE,Federal Contract Tower,0,13,46,0,59,0,0,26,0,26,0,13,72,0,85,36,0,36,121
03/01/2007,UGN,IL,AGL,CE,Federal Contract Tower,0,10,17,0,27,0,0,0,0,0,0,10,17,0,27,0,0,0,27
03/02/2007,UGN,IL,AGL,CE,Federal Contract Tower,0,28,41,0,69,0,0,6,0,6,0,28,47,0,75,2,0,2,77
03/03/2007,UGN,IL,AGL,CE,Federal Contract Tower,0,7,22,4,33,0,0,10,0,10,0,7,32,4,43,20,0,20,63
03/04/2007,UGN,IL,AGL,CE,Federal Contract Tower,0,7,24,8,39,0,0,111,0,111,0,7,135,8,150,108,0,108,258
03/05/2007,UGN,IL,AGL,CE,Federal Contract Tower,0,4,30,0,34,0,0,53,0,53,0,4,83,0,87,70,0,70,157
03/06/2007,UGN,IL,AGL,CE,Federal Contract Tower,0,6,38,2,46,0,0,25,0,25,0,6,63,2,71,54,0,54,125
03/07/2007,UGN,IL,AGL,CE,Federal Contract Tower,0,5,40,2,47,0,0,26,0,26,0,5,66,2,73,22,0,22,95
03/08/2007,UGN,IL,AGL,CE,Federal Contract Tower,0,11,37,3,51,0,0,92,0,92,0,11,129,3,143,94,0,94,237
03/09/2007,UGN,IL,AGL,CE,Federal Contract Tower,0,11,46,2,59,0,0,55,0,55,0,11,101,2,114,70,0,70,184
03/10/2007,UGN,IL,AGL,CE,Federal Contract Tower,0,7,18,2,27,0,0,114,0,114,0,7,132,2,141,140,0,140,281
03/11/2007,UGN,IL,AGL,CE,Federal Contract Tower,0,10,24,1,35,0,0,99,0,99,0,10,123,1,134,190,0,190,324
03/12/2007,UGN,IL,AGL,CE,Federal Contract Tower,0,7,35,0,42,0,0,46,0,46,0,7,81,0,88,98,0,98,186
03/13/2007,UGN,IL,AGL,CE,Federal Contract Tower,0,9,40,0,49,0,0,46,2,48,0,9,86,2,97,68,14,82,179
03/14/2007,UGN,IL,AGL,CE,Federal Contract Tower,0,6,40,0,46,0,0,23,0,23,0,6,63,0,69,26,0,26,95
03/15/2007,UGN,IL,AGL,CE,Federal Contract Tower,0,9,50,4,63,0,0,26,2,28,0,9,76,6,91,50,0,50,141
03/16/2007,UGN,IL,AGL,CE,Federal Contract Tower,0,10,34,0,44,0,0,54,0,54,0,10,88,0,98,80,0,80,178
03/17/2007,UGN,IL,AGL,CE,Federal Contract Tower,0,11,27,0,38,0,0,97,0,97,0,11,124,0,135,156,0,156,291
03/18/2007,UGN,IL,AGL,CE,Federal Contract Tower,0,7,26,0,33,0,0,94,0,94,0,7,120,0,127,64,0,64,191
03/19/2007,UGN,IL,AGL,CE,Federal Contract Tower,0,1,39,0,40,0,2,31,0,33,0,3,70,0,73,74,0,74,147
03/20/2007,UGN,IL,AGL,CE,Federal Contract Tower,0,3,31,0,34,0,0,91,0,91,0,3,122,0,125,158,0,158,283
03/21/2007,UGN,IL,AGL,CE,Federal Contract Tower,0,9,32,0,41,0,0,3,1,4,0,9,35,1,45,0,0,0,45
03/22/2007,UGN,IL,AGL,CE,Federal Contract Tower,0,11,45,0,56,0,0,43,1,44,0,11,88,1,100,104,0,104,204
03/23/2007,UGN,IL,AGL,CE,Federal Contract Tower,0,10,50,0,60,0,0,23,0,23,0,10,73,0,83,48,0,48,131
03/24/2007,UGN,IL,AGL,CE,Federal Contract Tower,0,15,44,0,59,0,0,8,0,8,0,15,52,0,67,4,0,4,71
03/25/2007,UGN,IL,AGL,CE,Federal Contract Tower,0,11,27,0,38,0,0,46,0,46,0,11,73,0,84,72,0,72,156
03/26/2007,UGN,IL,AGL,CE,Federal Contract Tower,0,8,26,0,34,0,0,64,0,64,0,8,90,0,98,90,0,90,188
03/27/2007,UGN,IL,AGL,CE,Federal Contract Tower,0,3,40,2,45,0,0,17,3,20,0,3,57,5,65,28,0,28,93
03/28/2007,UGN,IL,AGL,CE,Federal Contract Tower,0,11,35,1,47,0,0,1,0,1,0,11,36,1,48,12,0,12,60
03/29/2007,UGN,IL,AGL,CE,Federal Contract Tower,0,5,47,2,54,0,0,49,0,49,0,5,96,2,103,80,0,80,183
03/30/2007,UGN,IL,AGL,CE,Federal Contract Tower,0,12,29,1,42,0,0,49,0,49,0,12,78,1,91,114,0,114,205
03/31/2007,UGN,IL,AGL,CE,Federal Contract Tower,0,10,23,0,33,0,0,21,0,21,0,10,44,0,54,122,0,122,176
04/01/2007,UGN,IL,AGL,CE,Federal Contract Tower,0,25,47,0,72,0,0,37,0,37,0,25,84,0,109,14,0,14,123
04/02/2007,UGN,IL,AGL,CE,Federal Contract Tower,0,8,35,0,43,0,0,66,0,66,0,8,101,0,109,70,0,70,179
04/03/2007,UGN,IL,AGL,CE,Federal Contract Tower,0,9,33,0,42,0,0,19,0,19,0,9,52,0,61,16,0,16,77
04/04/2007,UGN,IL,AGL,CE,Federal Contract Tower,0,4,36,0,40,0,0,4,0,4,0,4,40,0,44,14,0,14,58
04/05/2007,UGN,IL,AGL,CE,Federal Contract Tower,0,15,41,0,56,0,0,46,0,46,0,15,87,0,102,40,0,40,142
04/06/2007,UGN,IL,AGL,CE,Federal Contract Tower,0,5,38,0,43,0,0,83,0,83,0,5,121,0,126,72,0,72,198
04/07/2007,UGN,IL,AGL,CE,Federal Contract Tower,0,7,17,0,24,0,0,42,0,42,0,7,59,0,66,46,0,46,112
04/08/2007,UGN,IL,AGL,CE,Federal Contract Tower,0,9,7,0,16,0,0,46,0,46,0,9,53,0,62,66,0,66,128
04/09/2007,UGN,IL,AGL,CE,Federal Contract Tower,0,9,48,1,58,0,0,54,1,55,0,9,102,2,113,90,0,90,203
04/10/2007,UGN,IL,AGL,CE,Federal Contract Tower,0,18,43,2,63,0,0,69,0,69,0,18,112,2,132,76,0,76,208
04/11/2007,UGN,IL,AGL,CE,Federal Contract Tower,0,3,27,0,30,0,0,0,0,0,0,3,27,0,30,0,0,0,30
04/12/2007,UGN,IL,AGL,CE,Federal Contract Tower,0,19,43,4,66,0,0,10,0,10,0,19,53,4,76,76,0,76,152
04/13/2007,UGN,IL,AGL,CE,Federal Contract Tower,0,16,50,0,66,0,0,97,1,98,0,16,147,1,164,180,0,180,344
04/14/2007,UGN,IL,AGL,CE,Federal Contract Tower,0,8,27,4,39,0,0,97,1,98,0,8,124,5,137,188,0,188,325
04/15/2007,UGN,IL,AGL,CE,Federal Contract Tower,0,9,26,2,37,0,0,114,0,114,0,9,140,2,151,194,0,194,345
04/16/2007,UGN,IL,AGL,CE,Federal Contract Tower,0,7,44,0,51,0,0,83,0,83,0,7,127,0,134,86,0,86,220
04/17/2007,UGN,IL,AGL,CE,Federal Contract Tower,0,10,35,0,45,0,0,45,0,45,0,10,80,0,90,102,0,102,192
04/18/2007,UGN,IL,AGL,CE,Federal Contract Tower,0,8,61,0,69,0,0,15,0,15,0,8,76,0,84,28,0,28,112
04/19/2007,UGN,IL,AGL,CE,Federal Contract Tower,0,9,43,0,52,0,0,69,0,69,0,9,112,0,121,84,0,84,205
04/20/2007,UGN,IL,AGL,CE,Federal Contract Tower,0,8,47,0,55,0,0,109,0,109,0,8,156,0,164,98,0,98,262
04/21/2007,UGN,IL,AGL,CE,Federal Contract Tower,0,2,27,0,29,0,0,117,0,117,0,2,144,0,146,68,0,68,214
04/22/2007,UGN,IL,AGL,CE,Federal Contract Tower,0,7,27,0,34,0,0,61,0,61,0,7,88,0,95,52,0,52,147
04/23/2007,UGN,IL,AGL,CE,Federal Contract Tower,0,10,50,2,62,0,0,27,0,27,0,10,77,2,89,30,0,30,119
04/24/2007,UGN,IL,AGL,CE,Federal Contract Tower,0,8,47,0,55,0,0,60,0,60,0,8,107,0,115,146,0,146,261
04/25/2007,UGN,IL,AGL,CE,Federal Contract Tower,0,14,45,0,59,0,0,3,0,3,0,14,48,0,62,0,0,0,62
04/26/2007,UGN,IL,AGL,CE,Federal Contract Tower,0,6,31,1,38,0,0,0,0,0,0,6,31,1,38,2,0,2,40
04/27/2007,UGN,IL,AGL,CE,Federal Contract Tower,0,13,71,0,84,0,0,12,0,12,0,13,83,0,96,40,0,40,136
04/28/2007,UGN,IL,AGL,CE,Federal Contract Tower,0,5,17,2,24,0,0,101,0,101,0,5,118,2,125,125,0,125,250
04/29/2007,UGN,IL,AGL,CE,Federal Contract Tower,0,12,33,0,45,0,0,108,0,108,0,12,141,0,153,132,0,132,285
04/30/2007,UGN,IL,AGL,CE,Federal Contract Tower,0,5,33,0,38,0,0,70,4,74,0,5,103,4,112,90,0,90,202
05/01/2007,UGN,IL,AGL,CE,Federal Contract Tower,0,13,42,0,55,0,0,59,0,59,0,13,101,0,114,150,0,150,264
05/02/2007,UGN,IL,AGL,CE,Federal Contract Tower,0,17,41,0,58,0,0,94,0,94,0,17,135,0,152,88,0,88,240
05/03/2007,UGN,IL,AGL,CE,Federal Contract Tower,0,10,53,0,63,0,0,91,0,91,0,10,144,0,154,154,0,154,308
05/04/2007,UGN,IL,AGL,CE,Federal Contract Tower,0,11,45,0,56,0,0,83,0,83,0,11,128,0,139,168,0,168,307
05/05/2007,UGN,IL,AGL,CE,Federal Contract Tower,0,2,25,0,27,0,0,40,3,43,0,2,65,3,70,168,0,168,238
05/06/2007,UGN,IL,AGL,CE,Federal Contract Tower,0,7,23,0,30,0,0,69,1,70,0,7,92,1,100,122,0,122,222
05/07/2007,UGN,IL,AGL,CE,Federal Contract Tower,0,5,40,2,47,0,0,80,0,80,0,5,120,2,127,116,0,116,243
05/08/2007,UGN,IL,AGL,CE,Federal Contract Tower,0,10,34,2,46,0,0,46,0,46,0,10,80,2,92,121,0,121,213
05/09/2007,UGN,IL,AGL,CE,Federal Contract Tower,0,8,45,2,55,0,0,55,2,57,0,8,100,4,112,74,0,74,186
05/10/2007,UGN,IL,AGL,CE,Federal Contract Tower,0,14,44,3,61,0,0,93,1,94,0,14,137,4,155,140,0,140,295
05/11/2007,UGN,IL,AGL,CE,Federal Contract Tower,0,13,42,0,55,0,0,63,0,63,0,13,105,0,118,66,0,66,184
05/12/2007,UGN,IL,AGL,CE,Federal Contract Tower,0,8,22,2,32,0,0,102,2,104,0,8,124,4,136,188,0,188,324
05/13/2007,UGN,IL,AGL,CE,Federal Contract Tower,0,16,33,0,49,0,3,80,0,83,0,19,113,0,132,54,0,54,186
05/14/2007,UGN,IL,AGL,CE,Federal Contract Tower,0,10,38,0,48,0,0,50,0,50,0,10,88,0,98,64,0,64,162
05/15/2007,UGN,IL,AGL,CE,Federal Contract Tower,0,10,48,0,58,0,0,17,0,17,0,10,65,0,75,124,0,124,199
05/16/2007,UGN,IL,AGL,CE,Federal Contract Tower,0,13,43,0,56,0,0,46,0,46,0,13,89,0,102,98,0,98,200
05/17/2007,UGN,IL,AGL,CE,Federal Contract Tower,0,16,44,0,60,0,0,86,0,86,0,16,130,0,146,166,0,166,312
05/18/2007,UGN,IL,AGL,CE,Federal Contract Tower,0,12,45,0,57,0,0,78,0,78,0,12,123,0,135,148,0,148,283
05/19/2007,UGN,IL,AGL,CE,Federal Contract Tower,0,3,20,0,23,0,0,104,2,106,0,3,124,2,129,190,0,190,319
05/20/2007,UGN,IL,AGL,CE,Federal Contract Tower,0,14,35,1,50,0,0,3,0,3,0,14,38,1,53,38,0,38,91
05/21/2007,UGN,IL,AGL,CE,Federal Contract Tower,0,11,34,0,45,0,0,56,2,58,0,11,90,2,103,115,2,117,220
05/22/2007,UGN,IL,AGL,CE,Federal Contract Tower,0,9,34,0,43,0,0,69,2,71,0,9,103,2,114,102,0,102,216
05/23/2007,UGN,IL,AGL,CE,Federal Contract Tower,0,15,50,0,65,0,0,60,0,60,0,15,110,0,125,124,0,124,249
05/24/2007,UGN,IL,AGL,CE,Federal Contract Tower,0,15,43,0,58,0,0,28,2,30,0,15,71,2,88,86,8,94,182
05/25/2007,UGN,IL,AGL,CE,Federal Contract Tower,0,15,43,0,58,0,0,83,1,84,0,15,126,1,142,142,0,142,284
05/26/2007,UGN,IL,AGL,CE,Federal Contract Tower,0,9,20,0,29,0,0,8,0,8,0,9,28,0,37,102,0,102,139
05/27/2007,UGN,IL,AGL,CE,Federal Contract Tower,0,5,15,0,20,0,0,100,2,102,0,5,115,2,122,158,0,158,280
05/28/2007,UGN,IL,AGL,CE,Federal Contract Tower,0,15,30,0,45,0,0,89,4,93,0,15,119,4,138,88,0,88,226
05/29/2007,UGN,IL,AGL,CE,Federal Contract Tower,0,10,48,1,59,0,0,61,2,63,0,10,109,3,122,92,0,92,214
05/30/2007,UGN,IL,AGL,CE,Federal Contract Tower,0,8,35,0,43,0,0,59,5,64,0,8,94,5,107,102,12,114,221
05/31/2007,UGN,IL,AGL,CE,Federal Contract Tower,0,9,53,0,62,0,0,27,2,29,0,9,80,2,91,88,0,88,179
06/01/2007,UGN,IL,AGL,CE,Federal Contract Tower,0,11,45,1,57,0,0,51,3,54,0,11,96,4,111,66,6,72,183
06/02/2007,UGN,IL,AGL,CE,Federal Contract Tower,0,6,19,0,25,0,0,45,0,45,0,6,64,0,70,92,0,92,162
06/03/2007,UGN,IL,AGL,CE,Federal Contract Tower,0,11,40,0,51,0,0,46,2,48,0,11,86,2,99,115,0,115,214
06/04/2007,UGN,IL,AGL,CE,Federal Contract Tower,0,15,37,2,54,0,0,1,1,2,0,15,38,3,56,0,0,0,56
06/05/2007,UGN,IL,AGL,CE,Federal Contract Tower,0,11,54,0,65,0,0,42,6,48,0,11,96,6,113,246,0,246,359
06/06/2007,UGN,IL,AGL,CE,Federal Contract Tower,0,8,37,8,53,0,0,68,4,72,0,8,105,12,125,164,0,164,289
06/07/2007,UGN,IL,AGL,CE,Federal Contract Tower,0,25,47,2,74,0,0,9,4,13,0,25,56,6,87,0,0,0,87
06/08/2007,UGN,IL,AGL,CE,Federal Contract Tower,0,14,32,1,47,0,0,55,2,57,0,14,87,3,104,78,8,86,190
06/09/2007,UGN,IL,AGL,CE,Federal Contract Tower,0,9,24,0,33,0,0,113,2,115,0,9,137,2,148,204,0,204,352
06/10/2007,UGN,IL,AGL,CE,Federal Contract Tower,0,11,18,1,30,0,4,105,2,111,0,15,123,3,141,140,0,140,281
06/11/2007,UGN,IL,AGL,CE,Federal Contract Tower,0,7,36,2,45,0,0,78,2,80,0,7,114,4,125,112,0,112,237
06/12/2007,UGN,IL,AGL,CE,Federal Contract Tower,0,10,34,0,44,0,0,71,0,71,0,10,105,0,115,106,0,106,221
06/13/2007,UGN,IL,AGL,CE,Federal Contract Tower,0,19,49,0,68,0,0,67,2,69,0,19,116,2,137,126,0,126,263
06/14/2007,UGN,IL,AGL,CE,Federal Contract Tower,0,16,40,2,58,0,1,89,2,92,0,17,129,4,150,112,0,112,262
06/15/2007,UGN,IL,AGL,CE,Federal Contract Tower,0,12,53,0,65,0,0,95,0,95,0,12,148,0,160,80,0,80,240
06/16/2007,UGN,IL,AGL,CE,Federal Contract Tower,0,7,16,0,23,0,0,84,2,86,0,7,100,2,109,166,0,166,275
06/17/2007,UGN,IL,AGL,CE,Federal Contract Tower,0,18,28,1,47,0,1,80,2,83,0,19,108,3,130,130,0,130,260
06/18/2007,UGN,IL,AGL,CE,Federal Contract Tower,0,8,40,1,49,0,0,26,4,30,0,8,66,5,79,18,0,18,97
06/19/2007,UGN,IL,AGL,CE,Federal Contract Tower,0,8,42,0,50,0,0,88,12,100,0,8,130,12,150,108,0,108,258
06/20/2007,UGN,IL,AGL,CE,Federal Contract Tower,0,18,41,2,61,0,0,88,18,106,0,18,129,20,167,74,0,74,241
06/21/2007,UGN,IL,AGL,CE,Federal Contract Tower,0,17,49,2,68,0,0,60,3,63,0,17,109,5,131,128,0,128,259
06/22/2007,UGN,IL,AGL,CE,Federal Contract Tower,0,6,38,1,45,0,0,71,1,72,0,6,109,2,117,166,0,166,283
06/23/2007,UGN,IL,AGL,CE,Federal Contract Tower,0,14,29,0,43,0,0,59,4,63,0,14,88,4,106,88,4,92,198
06/24/2007,UGN,IL,AGL,CE,Federal Contract Tower,0,10,57,1,68,0,0,42,3,45,0,10,99,4,113,178,0,178,291
06/25/2007,UGN,IL,AGL,CE,Federal Contract Tower,0,16,35,0,51,0,0,28,2,30,0,16,63,2,81,18,0,18,99
06/26/2007,UGN,IL,AGL,CE,Federal Contract Tower,0,17,45,6,68,0,0,54,0,54,0,17,99,6,122,110,0,110,232
06/27/2007,UGN,IL,AGL,CE,Federal Contract Tower,0,17,49,0,66,0,0,55,6,61,0,17,104,6,127,100,0,100,227
06/28/2007,UGN,IL,AGL,CE,Federal Contract Tower,0,13,32,2,47,0,0,74,2,76,0,13,106,4,123,148,0,148,271
06/29/2007,UGN,IL,AGL,CE,Federal Contract Tower,0,20,55,2,77,0,0,83,3,86,0,20,138,5,163,154,0,154,317
06/30/2007,UGN,IL,AGL,CE,Federal Contract Tower,0,6,26,2,34,0,0,84,2,86,0,6,110,4,120,78,0,78,198
07/01/2007,UGN,IL,AGL,CE,Federal Contract Tower,0,18,29,0,47,0,0,109,2,111,0,18,138,2,158,136,8,144,302
07/02/2007,UGN,IL,AGL,CE,Federal Contract Tower,0,12,36,0,48,0,0,48,1,49,0,12,84,1,97,64,0,64,161
07/03/2007,UGN,IL,AGL,CE,Federal Contract Tower,0,9,34,0,43,0,0,62,2,64,0,9,96,2,107,166,0,166,273
07/04/2007,UGN,IL,AGL,CE,Federal Contract Tower,0,2,22,0,24,0,0,28,4,32,0,2,50,4,56,26,0,26,82
07/05/2007,UGN,IL,AGL,CE,Federal Contract Tower,0,10,42,0,52,0,0,95,0,95,0,10,137,0,147,108,0,108,255
07/06/2007,UGN,IL,AGL,CE,Federal Contract Tower,0,13,36,1,50,0,0,113,1,114,0,13,149,2,164,136,0,136,300
07/07/2007,UGN,IL,AGL,CE,Federal Contract Tower,0,6,20,0,26,0,0,92,0,92,0,6,112,0,118,90,0,90,208
07/08/2007,UGN,IL,AGL,CE,Federal Contract Tower,0,25,37,0,62,0,0,74,0,74,0,25,111,0,136,20,0,20,156
07/09/2007,UGN,IL,AGL,CE,Federal Contract Tower,0,11,41,0,52,0,0,58,1,59,0,11,99,1,111,82,0,82,193
07/10/2007,UGN,IL,AGL,CE,Federal Contract Tower,0,8,37,0,45,0,0,28,1,29,0,8,65,1,74,54,48,102,176
07/11/2007,UGN,IL,AGL,CE,Federal Contract Tower,0,15,46,0,61,0,0,76,2,78,0,15,122,2,139,136,0,136,275
07/12/2007,UGN,IL,AGL,CE,Federal Contract Tower,0,14,51,2,67,0,0,61,2,63,0,14,112,4,130,122,0,122,252
07/13/2007,UGN,IL,AGL,CE,Federal Contract Tower,0,16,47,0,63,0,0,100,2,102,0,16,147,2,165,170,0,170,335
07/14/2007,UGN,IL,AGL,CE,Federal Contract Tower,0,12,28,0,40,0,0,49,2,51,0,12,77,2,91,130,0,130,221
07/15/2007,UGN,IL,AGL,CE,Federal Contract Tower,0,21,39,0,60,0,0,95,2,97,0,21,134,2,157,257,0,257,414
07/16/2007,UGN,IL,AGL,CE,Federal Contract Tower,0,6,53,0,59,0,0,55,1,56,0,6,108,1,115,114,0,114,229
07/17/2007,UGN,IL,AGL,CE,Federal Contract Tower,0,15,40,2,57,0,0,36,0,36,0,15,76,2,93,150,0,150,243
07/18/2007,UGN,IL,AGL,CE,Federal Contract Tower,0,16,36,0,52,0,0,67,3,70,0,16,103,3,122,176,0,176,298
07/19/2007,UGN,IL,AGL,CE,Federal Contract Tower,0,10,62,0,72,0,0,33,0,33,0,10,95,0,105,64,0,64,169
07/20/2007,UGN,IL,AGL,CE,Federal Contract Tower,0,20,47,5,72,0,2,108,5,115,0,22,155,10,187,164,2,166,353
07/21/2007,UGN,IL,AGL,CE,Federal Contract Tower,0,6,18,4,28,0,0,117,7,124,0,6,135,11,152,142,4,146,298
07/22/2007,UGN,IL,AGL,CE,Federal Contract Tower,0,18,34,10,62,0,3,108,10,121,0,21,142,20,183,106,18,124,307
07/23/2007,UGN,IL,AGL,CE,Federal Contract Tower,0,10,37,2,49,0,0,65,6,71,0,10,102,8,120,76,0,76,196
07/24/2007,UGN,IL,AGL,CE,Federal Contract Tower,0,17,52,0,69,0,0,90,0,90,0,17,142,0,159,142,0,142,301
07/25/2007,UGN,IL,AGL,CE,Federal Contract Tower,0,16,48,2,66,0,0,81,0,81,0,16,129,2,147,58,0,58,205
07/26/2007,UGN,IL,AGL,CE,Federal Contract Tower,0,15,67,0,82,0,0,19,5,24,0,15,86,5,106,36,0,36,142
07/27/2007,UGN,IL,AGL,CE,Federal Contract Tower,0,5,51,0,56,0,0,33,5,38,0,5,84,5,94,84,6,90,184
07/28/2007,UGN,IL,AGL,CE,Federal Contract Tower,0,5,28,1,34,0,0,41,3,44,0,5,69,4,78,98,0,98,176
07/29/2007,UGN,IL,AGL,CE,Federal Contract Tower,0,5,27,0,32,0,0,102,4,106,0,5,129,4,138,74,12,86,224
07/30/2007,UGN,IL,AGL,CE,Federal Contract Tower,0,18,45,0,63,0,0,83,4,87,0,18,128,4,150,100,0,100,250
07/31/2007,UGN,IL,AGL,CE,Federal Contract Tower,0,6,37,0,43,0,0,76,2,78,0,6,113,2,121,138,0,138,259
08/01/2007,UGN,IL,AGL,CE,Federal Contract Tower,0,18,40,0,58,0,0,71,1,72,0,18,111,1,130,124,0,124,254
08/02/2007,UGN,IL,AGL,CE,Federal Contract Tower,0,11,40,1,52,0,0,80,2,82,0,11,120,3,134,165,0,165,299
08/03/2007,UGN,IL,AGL,CE,Federal Contract Tower,0,24,45,2,71,0,0,90,3,93,0,24,135,5,164,110,36,146,310
08/04/2007,UGN,IL,AGL,CE,Federal Contract Tower,0,6,12,0,18,0,0,86,3,89,0,6,98,3,107,132,0,132,239
08/05/2007,UGN,IL,AGL,CE,Federal Contract Tower,0,17,22,2,41,0,0,11,0,11,0,17,33,2,52,0,0,0,52
08/06/2007,UGN,IL,AGL,CE,Federal Contract Tower,0,18,46,0,64,0,0,20,2,22,0,18,66,2,86,26,0,26,112
08/07/2007,UGN,IL,AGL,CE,Federal Contract Tower,0,15,33,1,49,0,1,40,3,44,0,16,73,4,93,134,0,134,227
08/08/2007,UGN,IL,AGL,CE,Federal Contract Tower,0,13,27,1,41,0,0,61,2,63,0,13,88,3,104,146,0,146,250
08/09/2007,UGN,IL,AGL,CE,Federal Contract Tower,0,14,52,0,66,0,0,38,4,42,0,14,90,4,108,186,0,186,294
08/10/2007,UGN,IL,AGL,CE,Federal Contract Tower,0,10,46,0,56,0,0,48,6,54,0,10,94,6,110,162,0,162,272
08/11/2007,UGN,IL,AGL,CE,Federal Contract Tower,0,12,23,1,36,0,0,78,4,82,0,12,101,5,118,122,0,122,240
08/12/2007,UGN,IL,AGL,CE,Federal Contract Tower,0,15,28,0,43,0,0,84,3,87,0,15,112,3,130,70,0,70,200
08/13/2007,UGN,IL,AGL,CE,Federal Contract Tower,0,18,32,0,50,0,0,55,5,60,0,18,87,5,110,58,0,58,168
08/14/2007,UGN,IL,AGL,CE,Federal Contract Tower,0,16,41,0,57,0,0,55,2,57,0,16,96,2,114,128,0,128,242
08/15/2007,UGN,IL,AGL,CE,Federal Contract Tower,0,13,56,0,69,0,0,30,4,34,0,13,86,4,103,92,0,92,195
08/16/2007,UGN,IL,AGL,CE,Federal Contract Tower,0,8,47,0,55,0,0,78,4,82,0,8,125,4,137,134,0,134,271
08/17/2007,UGN,IL,AGL,CE,Federal Contract Tower,0,8,25,0,33,0,0,94,6,100,0,8,119,6,133,94,0,94,227
08/18/2007,UGN,IL,AGL,CE,Federal Contract Tower,0,10,13,0,23,0,0,50,4,54,0,10,63,4,77,92,0,92,169
08/19/2007,UGN,IL,AGL,CE,Federal Contract Tower,0,14,26,1,41,0,0,2,0,2,0,14,28,1,43,22,0,22,65
08/20/2007,UGN,IL,AGL,CE,Federal Contract Tower,0,17,47,2,66,0,0,0,0,0,0,17,47,2,66,0,28,28,94
08/21/2007,UGN,IL,AGL,CE,Federal Contract Tower,0,14,48,1,63,0,0,10,1,11,0,14,58,2,74,50,0,50,124
08/22/2007,UGN,IL,AGL,CE,Federal Contract Tower,0,14,67,1,82,0,0,64,6,70,0,14,131,7,152,120,0,120,272
08/23/2007,UGN,IL,AGL,CE,Federal Contract Tower,0,13,37,1,51,0,0,40,3,43,0,13,77,4,94,72,0,72,166
08/24/2007,UGN,IL,AGL,CE,Federal Contract Tower,0,14,52,2,68,0,0,30,1,31,0,14,82,3,99,110,0,110,209
08/25/2007,UGN,IL,AGL,CE,Federal Contract Tower,0,10,28,0,38,0,0,70,5,75,0,10,98,5,113,116,0,116,229
08/26/2007,UGN,IL,AGL,CE,Federal Contract Tower,0,13,38,0,51,0,0,138,2,140,0,13,176,2,191,100,0,100,291
08/27/2007,UGN,IL,AGL,CE,Federal Contract Tower,0,13,34,1,48,0,0,66,0,66,0,13,100,1,114,116,26,142,256
08/28/2007,UGN,IL,AGL,CE,Federal Contract Tower,0,7,30,1,38,0,0,105,0,105,0,7,135,1,143,0,132,132,275
08/29/2007,UGN,IL,AGL,CE,Federal Contract Tower,0,8,50,1,59,0,0,40,0,40,0,8,90,1,99,76,0,76,175
08/30/2007,UGN,IL,AGL,CE,Federal Contract Tower,0,20,45,6,71,0,0,122,2,124,0,20,167,8,195,134,2,136,331
08/31/2007,UGN,IL,AGL,CE,Federal Contract Tower,0,15,20,0,35,0,0,0,0,0,0,15,20,0,35,142,0,142,177
09/01/2007,UGN,IL,AGL,CE,Federal Contract Tower,0,9,23,0,32,0,0,126,2,128,0,9,149,2,160,88,0,88,248
09/02/2007,UGN,IL,AGL,CE,Federal Contract Tower,0,1,7,0,8,0,0,39,1,40,0,1,46,1,48,20,0,20,68
09/03/2007,UGN,IL,AGL,CE,Federal Contract Tower,0,9,43,0,52,0,0,102,4,106,0,9,145,4,158,64,0,64,222
09/04/2007,UGN,IL,AGL,CE,Federal Contract Tower,0,20,47,0,67,0,0,100,1,101,0,20,147,1,168,100,0,100,268
09/05/2007,UGN,IL,AGL,CE,Federal Contract Tower,0,24,45,2,71,0,0,72,0,72,0,24,117,2,143,114,0,114,257
09/06/2007,UGN,IL,AGL,CE,Federal Contract Tower,0,10,35,0,45,0,0,25,1,26,0,10,60,1,71,88,0,88,159
09/07/2007,UGN,IL,AGL,CE,Federal Contract Tower,0,18,39,0,57,0,0,33,1,34,0,18,72,1,91,64,0,64,155
09/08/2007,UGN,IL,AGL,CE,Federal Contract Tower,0,5,16,0,21,0,0,124,2,126,0,5,140,2,147,184,2,186,333
09/09/2007,UGN,IL,AGL,CE,Federal Contract Tower,0,7,28,0,35,0,1,132,2,135,0,8,160,2,170,116,0,116,286
09/10/2007,UGN,IL,AGL,CE,Federal Contract Tower,0,8,43,0,51,0,0,14,0,14,0,8,57,0,65,32,0,32,97
09/11/2007,UGN,IL,AGL,CE,Federal Contract Tower,0,19,34,0,53,0,0,33,0,33,0,19,67,0,86,80,0,80,166
09/12/2007,UGN,IL,AGL,CE,Federal Contract Tower,0,10,46,2,58,0,0,82,0,82,0,10,128,2,140,96,0,96,236
09/13/2007,UGN,IL,AGL,CE,Federal Contract Tower,0,15,46,0,61,0,0,103,0,103,0,15,149,0,164,118,0,118,282
09/14/2007,UGN,IL,AGL,CE,Federal Contract Tower,0,15,33,4,52,0,0,60,0,60,0,15,93,4,112,116,0,116,228
09/15/2007,UGN,IL,AGL,CE,Federal Contract Tower,0,8,20,0,28,0,0,122,0,122,0,8,142,0,150,152,0,152,302
09/16/2007,UGN,IL,AGL,CE,Federal Contract Tower,0,15,37,0,52,0,0,111,0,111,0,15,148,0,163,94,0,94,257
09/17/2007,UGN,IL,AGL,CE,Federal Contract Tower,0,17,52,0,69,0,0,46,0,46,0,17,98,0,115,46,0,46,161
09/18/2007,UGN,IL,AGL,CE,Federal Contract Tower,0,11,42,2,55,0,0,62,0,62,0,11,104,2,117,76,0,76,193
09/19/2007,UGN,IL,AGL,CE,Federal Contract Tower,0,12,49,2,63,0,0,74,0,74,0,12,123,2,137,106,0,106,243
09/20/2007,UGN,IL,AGL,CE,Federal Contract Tower,0,12,34,1,47,0,0,86,0,86,0,12,120,1,133,192,0,192,325
09/21/2007,UGN,IL,AGL,CE,Federal Contract Tower,0,13,37,0,50,0,1,58,0,59,0,14,95,0,109,126,0,126,235
09/22/2007,UGN,IL,AGL,CE,Federal Contract Tower,0,7,18,0,25,0,0,109,0,109,0,7,127,0,134,158,0,158,292
09/23/2007,UGN,IL,AGL,CE,Federal Contract Tower,0,10,39,0,49,0,0,144,0,144,0,10,183,0,193,90,0,90,283
09/24/2007,UGN,IL,AGL,CE,Federal Contract Tower,0,6,29,2,37,0,0,67,0,67,0,6,96,2,104,88,0,88,192
09/25/2007,UGN,IL,AGL,CE,Federal Contract Tower,0,7,39,0,46,0,0,25,0,25,0,7,64,0,71,54,0,54,125
09/26/2007,UGN,IL,AGL,CE,Federal Contract Tower,0,17,50,4,71,0,0,58,6,64,0,17,108,10,135,78,16,94,229
09/27/2007,UGN,IL,AGL,CE,Federal Contract Tower,0,14,43,0,57,0,0,66,0,66,0,14,109,0,123,72,0,72,195
09/28/2007,UGN,IL,AGL,CE,Federal Contract Tower,0,10,42,0,52,0,0,76,0,76,0,10,118,0,128,72,0,72,200
09/29/2007,UGN,IL,AGL,CE,Federal Contract Tower,0,16,19,0,35,0,0,79,0,79,0,16,98,0,114,80,0,80,194
09/30/2007,UGN,IL,AGL,CE,Federal Contract Tower,0,2,34,0,36,0,0,57,0,57,0,2,91,0,93,112,0,112,205
10/01/2007,UGN,IL,AGL,CE,Federal Contract Tower,0,7,49,0,56,0,0,15,0,15,0,7,64,0,71,18,0,18,89
10/02/2007,UGN,IL,AGL,CE,Federal Contract Tower,0,8,20,0,28,0,0,21,0,21,0,8,41,0,49,78,0,78,127
10/03/2007,UGN,IL,AGL,CE,Federal Contract Tower,0,9,63,0,72,0,0,80,0,80,0,9,143,0,152,102,0,102,254
10/04/2007,UGN,IL,AGL,CE,Federal Contract Tower,0,14,37,0,51,0,1,107,1,109,0,15,144,1,160,174,0,174,334
10/05/2007,UGN,IL,AGL,CE,Federal Contract Tower,0,20,46,0,66,0,0,79,0,79,0,20,125,0,145,60,0,60,205
10/06/2007,UGN,IL,AGL,CE,Federal Contract Tower,0,10,21,0,31,0,0,113,0,113,0,10,134,0,144,124,0,124,268
10/07/2007,UGN,IL,AGL,CE,Federal Contract Tower,0,9,27,0,36,0,0,78,0,78,0,9,105,0,114,136,0,136,250
10/08/2007,UGN,IL,AGL,CE,Federal Contract Tower,0,12,42,0,54,0,0,41,0,41,0,12,83,0,95,46,0,46,141
10/09/2007,UGN,IL,AGL,CE,Federal Contract Tower,0,11,33,2,46,0,0,41,0,41,0,11,74,2,87,36,0,36,123
10/10/2007,UGN,IL,AGL,CE,Federal Contract Tower,0,12,37,2,51,0,0,29,0,29,0,12,66,2,80,68,0,68,148
10/11/2007,UGN,IL,AGL,CE,Federal Contract Tower,0,13,39,0,52,0,1,38,0,39,0,14,77,0,91,142,0,142,233
10/12/2007,UGN,IL,AGL,CE,Federal Contract Tower,0,13,55,4,72,0,0,99,0,99,0,13,154,4,171,120,0,120,291
10/13/2007,UGN,IL,AGL,CE,Federal Contract Tower,0,9,23,0,32,0,0,103,0,103,0,9,126,0,135,138,0,138,273
10/14/2007,UGN,IL,AGL,CE,Federal Contract Tower,0,10,27,0,37,0,1,17,0,18,0,11,44,0,55,86,0,86,141
10/15/2007,UGN,IL,AGL,CE,Federal Contract Tower,0,11,42,0,53,0,0,28,3,31,0,11,70,3,84,52,0,52,136
10/16/2007,UGN,IL,AGL,CE,Federal Contract Tower,0,13,29,1,43,0,0,18,0,18,0,13,47,1,61,88,0,88,149
10/17/2007,UGN,IL,AGL,CE,Federal Contract Tower,0,12,59,0,71,0,0,80,0,80,0,12,139,0,151,92,0,92,243
10/18/2007,UGN,IL,AGL,CE,Federal Contract Tower,0,7,43,0,50,0,0,5,0,5,0,7,48,0,55,12,0,12,67
10/19/2007,UGN,IL,AGL,CE,Federal Contract Tower,0,20,43,0,63,0,0,7,0,7,0,20,50,0,70,0,0,0,70
10/20/2007,UGN,IL,AGL,CE,Federal Contract Tower,0,4,27,0,31,0,0,95,0,95,0,4,122,0,126,166,0,166,292
10/21/2007,UGN,IL,AGL,CE,Federal Contract Tower,0,4,12,0,16,0,0,20,0,20,0,4,32,0,36,0,0,0,36
10/22/2007,UGN,IL,AGL,CE,Federal Contract Tower,0,11,51,0,62,0,0,21,2,23,0,11,72,2,85,66,0,66,151
10/23/2007,UGN,IL,AGL,CE,Federal Contract Tower,0,15,32,0,47,0,0,93,0,93,0,15,125,0,140,118,0,118,258
10/24/2007,UGN,IL,AGL,CE,Federal Contract Tower,0,21,45,0,66,0,0,55,0,55,0,21,100,0,121,52,0,52,173
10/25/2007,UGN,IL,AGL,CE,Federal Contract Tower,0,13,34,0,47,0,0,79,0,79,0,13,113,0,126,112,0,112,238
10/26/2007,UGN,IL,AGL,CE,Federal Contract Tower,0,14,49,0,63,0,0,39,0,39,0,14,88,0,102,174,0,174,276
10/27/2007,UGN,IL,AGL,CE,Federal Contract Tower,0,9,22,1,32,0,0,31,1,32,0,9,53,2,64,54,0,54,118
10/28/2007,UGN,IL,AGL,CE,Federal Contract Tower,0,10,36,0,46,0,0,115,0,115,0,10,151,0,161,74,0,74,235
10/29/2007,UGN,IL,AGL,CE,Federal Contract Tower,0,15,38,0,53,0,0,66,5,71,0,15,104,5,124,42,0,42,166
10/30/2007,UGN,IL,AGL,CE,Federal Contract Tower,0,18,49,0,67,0,0,69,0,69,0,18,118,0,136,72,0,72,208
10/31/2007,UGN,IL,AGL,CE,Federal Contract Tower,0,14,33,0,47,0,0,15,0,15,0,14,48,0,62,88,0,88,150
11/01/2007,UGN,IL,AGL,CE,Federal Contract Tower,0,5,46,2,53,0,0,89,0,89,0,5,135,2,142,132,0,132,274
11/02/2007,UGN,IL,AGL,CE,Federal Contract Tower,0,8,29,0,37,0,0,92,0,92,0,8,121,0,129,102,0,102,231
11/03/2007,UGN,IL,AGL,CE,Federal Contract Tower,0,6,15,0,21,0,0,95,0,95,0,6,110,0,116,118,0,118,234
11/04/2007,UGN,IL,AGL,CE,Federal Contract Tower,0,6,30,0,36,0,0,86,0,86,0,6,116,0,122,119,0,119,241
11/05/2007,UGN,IL,AGL,CE,Federal Contract Tower,0,6,32,0,38,0,0,14,0,14,0,6,46,0,52,12,0,12,64
11/06/2007,UGN,IL,AGL,CE,Federal Contract Tower,0,7,39,0,46,0,0,12,0,12,0,7,51,0,58,14,0,14,72
11/07/2007,UGN,IL,AGL,CE,Federal Contract Tower,0,17,36,2,55,0,0,58,0,58,0,17,94,2,113,72,0,72,185
11/08/2007,UGN,IL,AGL,CE,Federal Contract Tower,0,17,53,0,70,0,0,69,0,69,0,17,122,0,139,88,0,88,227
11/09/2007,UGN,IL,AGL,CE,Federal Contract Tower,0,6,31,0,37,0,0,70,0,70,0,6,101,0,107,104,0,104,211
11/10/2007,UGN,IL,AGL,CE,Federal Contract Tower,0,12,16,0,28,0,0,119,0,119,0,12,135,0,147,58,0,58,205
11/11/2007,UGN,IL,AGL,CE,Federal Contract Tower,0,9,33,0,42,0,0,30,0,30,0,9,63,0,72,150,0,150,222
11/12/2007,UGN,IL,AGL,CE,Federal Contract Tower,0,14,56,0,70,0,0,35,0,35,0,14,91,0,105,66,0,66,171
11/13/2007,UGN,IL,AGL,CE,Federal Contract Tower,0,12,33,0,45,0,0,73,0,73,0,12,106,0,118,102,0,102,220
11/14/2007,UGN,IL,AGL,CE,Federal Contract Tower,0,14,42,0,56,0,1,21,0,22,0,15,63,0,78,32,0,32,110
11/15/2007,UGN,IL,AGL,CE,Federal Contract Tower,0,5,42,0,47,0,0,34,0,34,0,5,76,0,81,26,0,26,107
11/16/2007,UGN,IL,AGL,CE,Federal Contract Tower,0,18,36,0,54,0,0,77,0,77,0,18,113,0,131,100,0,100,231
11/17/2007,UGN,IL,AGL,CE,Federal Contract Tower,0,13,22,0,35,0,0,13,0,13,0,13,35,0,48,190,0,190,238
11/18/2007,UGN,IL,AGL,CE,Federal Contract Tower,0,22,30,0,52,0,0,67,0,67,0,22,97,0,119,60,0,60,179
11/19/2007,UGN,IL,AGL,CE,Federal Contract Tower,0,10,35,2,47,0,0,0,0,0,0,10,35,2,47,14,0,14,61
11/20/2007,UGN,IL,AGL,CE,Federal Contract Tower,0,15,59,0,74,0,1,1,0,2,0,16,60,0,76,0,0,0,76
11/21/2007,UGN,IL,AGL,CE,Federal Contract Tower,0,24,51,1,76,0,0,3,0,3,0,24,54,1,79,0,0,0,79
11/22/2007,UGN,IL,AGL,CE,Federal Contract Tower,0,13,9,0,22,0,0,2,0,2,0,13,11,0,24,10,0,10,34
11/23/2007,UGN,IL,AGL,CE,Federal Contract Tower,0,6,23,0,29,0,0,107,0,107,0,6,130,0,136,125,0,125,261
11/24/2007,UGN,IL,AGL,CE,Federal Contract Tower,0,9,17,0,26,0,0,62,0,62,0,9,79,0,88,104,0,104,192
11/25/2007,UGN,IL,AGL,CE,Federal Contract Tower,0,19,36,1,56,0,0,67,0,67,0,19,103,1,123,122,0,122,245
11/26/2007,UGN,IL,AGL,CE,Federal Contract Tower,0,10,43,0,53,0,0,8,1,9,0,10,51,1,62,20,0,20,82
11/27/2007,UGN,IL,AGL,CE,Federal Contract Tower,0,9,40,1,50,0,0,52,1,53,0,9,92,2,103,80,0,80,183
11/28/2007,UGN,IL,AGL,CE,Federal Contract Tower,0,5,39,0,44,0,0,21,2,23,0,5,60,2,67,52,36,88,155
11/29/2007,UGN,IL,AGL,CE,Federal Contract Tower,0,10,40,0,50,0,0,49,1,50,0,10,89,1,100,52,0,52,152
11/30/2007,UGN,IL,AGL,CE,Federal Contract Tower,0,10,32,0,42,0,0,43,2,45,0,10,75,2,87,58,0,58,145
12/01/2007,UGN,IL,AGL,CE,Federal Contract Tower,0,0,7,0,7,0,0,20,2,22,0,0,27,2,29,28,0,28,57
12/02/2007,UGN,IL,AGL,CE,Federal Contract Tower,0,7,21,0,28,0,0,1,0,1,0,7,22,0,29,0,0,0,29
12/03/2007,UGN,IL,AGL,CE,Federal Contract Tower,0,16,31,0,47,0,0,30,0,30,0,16,61,0,77,10,0,10,87
12/04/2007,UGN,IL,AGL,CE,Federal Contract Tower,0,2,43,0,45,0,0,44,2,46,0,2,87,2,91,52,0,52,143
12/05/2007,UGN,IL,AGL,CE,Federal Contract Tower,0,15,46,0,61,0,0,5,0,5,0,15,51,0,66,0,0,0,66
12/06/2007,UGN,IL,AGL,CE,Federal Contract Tower,0,6,43,0,49,0,0,32,0,32,0,6,75,0,81,74,0,74,155
12/07/2007,UGN,IL,AGL,CE,Federal Contract Tower,0,4,34,0,38,0,0,0,0,0,0,4,34,0,38,54,0,54,92
12/08/2007,UGN,IL,AGL,CE,Federal Contract Tower,0,8,17,0,25,0,0,68,0,68,0,8,85,0,93,118,0,118,211
12/09/2007,UGN,IL,AGL,CE,Federal Contract Tower,0,12,22,0,34,0,0,0,0,0,0,12,22,0,34,0,0,0,34
12/10/2007,UGN,IL,AGL,CE,Federal Contract Tower,0,14,26,0,40,0,0,4,0,4,0,14,30,0,44,0,0,0,44
12/11/2007,UGN,IL,AGL,CE,Federal Contract Tower,0,14,29,0,43,0,0,0,0,0,0,14,29,0,43,0,0,0,43
12/12/2007,UGN,IL,AGL,CE,Federal Contract Tower,0,11,38,0,49,0,0,36,0,36,0,11,74,0,85,74,0,74,159
12/13/2007,UGN,IL,AGL,CE,Federal Contract Tower,0,19,44,0,63,0,0,5,0,5,0,19,49,0,68,44,0,44,112
12/14/2007,UGN,IL,AGL,CE,Federal Contract Tower,0,5,46,2,53,0,0,51,0,51,0,5,97,2,104,80,0,80,184
12/15/2007,UGN,IL,AGL,CE,Federal Contract Tower,0,10,18,0,28,0,0,0,0,0,0,10,18,0,28,0,0,0,28
12/16/2007,UGN,IL,AGL,CE,Federal Contract Tower,0,5,16,4,25,0,0,24,0,24,0,5,40,4,49,28,0,28,77
12/17/2007,UGN,IL,AGL,CE,Federal Contract Tower,0,4,48,0,52,0,0,18,0,18,0,4,66,0,70,6,0,6,76
12/18/2007,UGN,IL,AGL,CE,Federal Contract Tower,0,12,36,0,48,0,0,59,3,62,0,12,95,3,110,124,0,124,234
12/19/2007,UGN,IL,AGL,CE,Federal Contract Tower,0,8,41,2,51,0,0,43,2,45,0,8,84,4,96,88,0,88,184
12/20/2007,UGN,IL,AGL,CE,Federal Contract Tower,0,6,39,0,45,0,0,28,0,28,0,6,67,0,73,84,0,84,157
12/21/2007,UGN,IL,AGL,CE,Federal Contract Tower,0,19,48,0,67,0,0,0,0,0,0,19,48,0,67,0,0,0,67
12/22/2007,UGN,IL,AGL,CE,Federal Contract Tower,0,6,11,0,17,0,0,0,0,0,0,6,11,0,17,0,0,0,17
12/23/2007,UGN,IL,AGL,CE,Federal Contract Tower,0,10,16,0,26,0,0,0,0,0,0,10,16,0,26,0,0,0,26
12/24/2007,UGN,IL,AGL,CE,Federal Contract Tower,0,9,13,0,22,0,0,15,0,15,0,9,28,0,37,46,0,46,83
12/25/2007,UGN,IL,AGL,CE,Federal Contract Tower,0,10,7,0,17,0,0,32,0,32,0,10,39,0,49,8,0,8,57
12/26/2007,UGN,IL,AGL,CE,Federal Contract Tower,0,21,45,0,66,0,0,67,0,67,0,21,112,0,133,86,0,86,219
12/27/2007,UGN,IL,AGL,CE,Federal Contract Tower,0,32,23,2,57,0,0,22,0,22,0,32,45,2,79,36,0,36,115
12/28/2007,UGN,IL,AGL,CE,Federal Contract Tower,0,13,20,0,33,0,0,0,0,0,0,13,20,0,33,6,0,6,39
12/29/2007,UGN,IL,AGL,CE,Federal Contract Tower,0,16,19,0,35,0,0,19,0,19,0,16,38,0,54,92,0,92,146
12/30/2007,UGN,IL,AGL,CE,Federal Contract Tower,0,4,18,0,22,0,0,11,0,11,0,4,29,0,33,8,0,8,41
12/31/2007,UGN,IL,AGL,CE,Federal Contract Tower,0,6,13,0,19,0,0,1,0,1,0,6,14,0,20,28,0,28,48
01/01/2008,UGN,IL,AGL,CE,Federal Contract Tower,0,9,16,0,25,0,0,0,0,0,0,9,16,0,25,0,0,0,25
01/02/2008,UGN,IL,AGL,CE,Federal Contract Tower,0,8,24,0,32,0,0,26,0,26,0,8,50,0,58,12,0,12,70
01/03/2008,UGN,IL,AGL,CE,Federal Contract Tower,0,15,22,0,37,0,0,59,0,59,0,15,81,0,96,66,0,66,162
01/04/2008,UGN,IL,AGL,CE,Federal Contract Tower,0,8,30,0,38,0,0,70,0,70,0,8,100,0,108,110,0,110,218
01/05/2008,UGN,IL,AGL,CE,Federal Contract Tower,0,9,19,0,28,0,0,0,0,0,0,9,19,0,28,56,0,56,84
01/06/2008,UGN,IL,AGL,CE,Federal Contract Tower,0,14,32,0,46,0,0,2,0,2,0,14,34,0,48,40,0,40,88
01/07/2008,UGN,IL,AGL,CE,Federal Contract Tower,0,7,38,0,45,0,0,1,0,1,0,7,39,0,46,14,0,14,60
01/08/2008,UGN,IL,AGL,CE,Federal Contract Tower,0,8,20,0,28,0,0,2,0,2,0,8,22,0,30,0,0,0,30
01/09/2008,UGN,IL,AGL,CE,Federal Contract Tower,0,5,25,0,30,0,0,82,7,89,0,5,107,7,119,112,4,116,235
01/10/2008,UGN,IL,AGL,CE,Federal Contract Tower,0,10,27,6,43,0,0,22,0,22,0,10,49,6,65,53,0,53,118
01/11/2008,UGN,IL,AGL,CE,Federal Contract Tower,0,2,30,2,34,0,0,0,0,0,0,2,30,2,34,6,0,6,40
01/12/2008,UGN,IL,AGL,CE,Federal Contract Tower,0,4,19,0,23,0,0,58,0,58,0,4,77,0,81,180,0,180,261
01/13/2008,UGN,IL,AGL,CE,Federal Contract Tower,0,10,22,0,32,0,0,0,0,0,0,10,22,0,32,58,0,58,90
01/14/2008,UGN,IL,AGL,CE,Federal Contract Tower,0,3,29,0,32,0,0,5,0,5,0,3,34,0,37,26,0,26,63
01/15/2008,UGN,IL,AGL,CE,Federal Contract Tower,0,7,36,0,43,0,0,66,0,66,0,7,102,0,109,82,0,82,191
01/16/2008,UGN,IL,AGL,CE,Federal Contract Tower,0,6,31,0,37,0,0,63,0,63,0,6,94,0,100,92,0,92,192
01/17/2008,UGN,IL,AGL,CE,Federal Contract Tower,0,20,35,0,55,0,0,0,0,0,0,20,35,0,55,52,0,52,107
01/18/2008,UGN,IL,AGL,CE,Federal Contract Tower,0,10,43,0,53,0,0,29,0,29,0,10,72,0,82,48,0,48,130
01/19/2008,UGN,IL,AGL,CE,Federal Contract Tower,0,6,17,0,23,0,0,27,0,27,0,6,44,0,50,22,0,22,72
01/20/2008,UGN,IL,AGL,CE,Federal Contract Tower,0,7,16,0,23,0,0,37,0,37,0,7,53,0,60,24,0,24,84
01/21/2008,UGN,IL,AGL,CE,Federal Contract Tower,0,8,41,0,49,0,0,1,0,1,0,8,42,0,50,2,0,2,52
01/22/2008,UGN,IL,AGL,CE,Federal Contract Tower,0,4,29,0,33,0,0,24,0,24,0,4,53,0,57,32,0,32,89
01/23/2008,UGN,IL,AGL,CE,Federal Contract Tower,0,12,37,0,49,0,0,7,0,7,0,12,44,0,56,10,0,10,66
01/24/2008,UGN,IL,AGL,CE,Federal Contract Tower,0,6,20,0,26,0,0,38,0,38,0,6,58,0,64,34,0,34,98
01/25/2008,UGN,IL,AGL,CE,Federal Contract Tower,0,7,43,0,50,0,0,27,0,27,0,7,70,0,77,54,0,54,131
01/26/2008,UGN,IL,AGL,CE,Federal Contract Tower,0,9,20,0,29,0,0,9,0,9,0,9,29,0,38,102,0,102,140
01/27/2008,UGN,IL,AGL,CE,Federal Contract Tower,0,11,19,0,30,0,0,124,2,126,0,11,143,2,156,134,0,134,290
01/28/2008,UGN,IL,AGL,CE,Federal Contract Tower,0,1,20,0,21,0,0,12,1,13,0,1,32,1,34,8,0,8,42
01/29/2008,UGN,IL,AGL,CE,Federal Contract Tower,0,8,28,0,36,0,0,0,0,0,0,8,28,0,36,0,0,0,36
01/30/2008,UGN,IL,AGL,CE,Federal Contract Tower,0,9,35,2,46,0,0,22,2,24,0,9,57,4,70,20,0,20,90
01/31/2008,UGN,IL,AGL,CE,Federal Contract Tower,0,7,47,0,54,0,0,9,0,9,0,7,56,0,63,22,0,22,85
02/01/2008,UGN,IL,AGL,CE,Federal Contract Tower,0,14,18,2,34,0,0,6,0,6,0,14,24,2,40,0,0,0,40
02/02/2008,UGN,IL,AGL,CE,Federal Contract Tower,0,6,18,0,24,0,0,2,0,2,0,6,20,0,26,2,0,2,28
02/03/2008,UGN,IL,AGL,CE,Federal Contract Tower,0,1,23,0,24,0,0,1,0,1,0,1,24,0,25,0,0,0,25
02/04/2008,UGN,IL,AGL,CE,Federal Contract Tower,0,0,21,0,21,0,0,0,0,0,0,0,21,0,21,0,0,0,21
02/05/2008,UGN,IL,AGL,CE,Federal Contract Tower,0,9,37,0,46,0,0,5,0,5,0,9,42,0,51,0,0,0,51
02/06/2008,UGN,IL,AGL,CE,Federal Contract Tower,0,5,6,0,11,0,0,0,0,0,0,5,6,0,11,0,0,0,11
02/07/2008,UGN,IL,AGL,CE,Federal Contract Tower,0,15,37,2,54,0,0,6,0,6,0,15,43,2,60,26,0,26,86
02/08/2008,UGN,IL,AGL,CE,Federal Contract Tower,0,12,34,0,46,0,0,9,0,9,0,12,43,0,55,34,0,34,89
02/09/2008,UGN,IL,AGL,CE,Federal Contract Tower,0,10,16,0,26,0,0,6,0,6,0,10,22,0,32,32,0,32,64
02/10/2008,UGN,IL,AGL,CE,Federal Contract Tower,0,16,15,2,33,0,0,3,0,3,0,16,18,2,36,0,0,0,36
02/11/2008,UGN,IL,AGL,CE,Federal Contract Tower,0,6,28,0,34,0,0,25,0,25,0,6,53,0,59,36,0,36,95
02/12/2008,UGN,IL,AGL,CE,Federal Contract Tower,0,5,28,0,33,0,0,4,0,4,0,5,32,0,37,0,0,0,37
02/13/2008,UGN,IL,AGL,CE,Federal Contract Tower,0,8,46,0,54,0,0,68,0,68,0,8,114,0,122,82,0,82,204
02/14/2008,UGN,IL,AGL,CE,Federal Contract Tower,0,19,44,0,63,0,0,17,0,17,0,19,61,0,80,20,0,20,100
02/15/2008,UGN,IL,AGL,CE,Federal Contract Tower,0,11,43,0,54,0,0,69,0,69,0,11,112,0,123,46,0,46,169
02/16/2008,UGN,IL,AGL,CE,Federal Contract Tower,0,5,23,0,28,0,0,131,0,131,0,5,154,0,159,126,0,126,285
02/17/2008,UGN,IL,AGL,CE,Federal Contract Tower,0,5,14,0,19,0,0,0,0,0,0,5,14,0,19,0,0,0,19
02/18/2008,UGN,IL,AGL,CE,Federal Contract Tower,0,20,46,0,66,0,0,3,0,3,0,20,49,0,69,2,0,2,71
02/19/2008,UGN,IL,AGL,CE,Federal Contract Tower,0,9,43,0,52,0,0,30,0,30,0,9,73,0,82,40,0,40,122
02/20/2008,UGN,IL,AGL,CE,Federal Contract Tower,0,12,39,0,51,0,0,39,1,40,0,12,78,1,91,66,0,66,157
02/21/2008,UGN,IL,AGL,CE,Federal Contract Tower,0,5,34,2,41,0,0,39,0,39,0,5,73,2,80,28,0,28,108
02/22/2008,UGN,IL,AGL,CE,Federal Contract Tower,0,11,23,0,34,0,0,44,0,44,0,11,67,0,78,114,0,114,192
02/23/2008,UGN,IL,AGL,CE,Federal Contract Tower,0,14,29,0,43,0,0,106,0,106,0,14,135,0,149,154,0,154,303
02/24/2008,UGN,IL,AGL,CE,Federal Contract Tower,0,12,0,0,12,0,0,0,133,133,0,12,0,133,145,142,0,142,287
02/25/2008,UGN,IL,AGL,CE,Federal Contract Tower,0,3,9,0,12,0,0,0,0,0,0,3,9,0,12,0,0,0,12
02/26/2008,UGN,IL,AGL,CE,Federal Contract Tower,0,6,34,0,40,0,0,4,0,4,0,6,38,0,44,8,0,8,52
02/27/2008,UGN,IL,AGL,CE,Federal Contract Tower,0,3,48,0,51,0,0,68,0,68,0,3,116,0,119,66,0,66,185
02/28/2008,UGN,IL,AGL,CE,Federal Contract Tower,0,7,43,0,50,0,0,48,5,53,0,7,91,5,103,102,0,102,205
02/29/2008,UGN,IL,AGL,CE,Federal Contract Tower,0,9,31,0,40,0,0,5,0,5,0,9,36,0,45,10,0,10,55
03/01/2008,UGN,IL,AGL,CE,Federal Contract Tower,0,3,17,0,20,0,0,115,0,115,0,3,132,0,135,160,0,160,295
03/02/2008,UGN,IL,AGL,CE,Federal Contract Tower,0,6,27,0,33,0,0,51,0,51,0,6,78,0,84,86,0,86,170
03/03/2008,UGN,IL,AGL,CE,Federal Contract Tower,0,4,22,2,28,0,0,8,0,8,0,4,30,2,36,30,0,30,66
03/04/2008,UGN,IL,AGL,CE,Federal Contract Tower,0,6,16,0,22,0,0,29,0,29,0,6,45,0,51,26,0,26,77
03/05/2008,UGN,IL,AGL,CE,Federal Contract Tower,0,10,32,0,42,0,0,31,4,35,0,10,63,4,77,98,2,100,177
03/06/2008,UGN,IL,AGL,CE,Federal Contract Tower,0,9,34,1,44,0,0,66,1,67,0,9,100,2,111,151,0,151,262
03/07/2008,UGN,IL,AGL,CE,Federal Contract Tower,0,11,22,2,35,0,0,34,4,38,0,11,56,6,73,70,0,70,143
03/08/2008,UGN,IL,AGL,CE,Federal Contract Tower,0,10,19,2,31,0,0,36,0,36,0,10,55,2,67,48,0,48,115
03/09/2008,UGN,IL,AGL,CE,Federal Contract Tower,0,17,27,0,44,0,0,54,0,54,0,17,81,0,98,50,0,50,148
03/10/2008,UGN,IL,AGL,CE,Federal Contract Tower,0,4,23,0,27,0,0,21,0,21,0,4,44,0,48,40,0,40,88
03/11/2008,UGN,IL,AGL,CE,Federal Contract Tower,0,7,34,0,41,0,0,55,0,55,0,7,89,0,96,94,0,94,190
03/12/2008,UGN,IL,AGL,CE,Federal Contract Tower,0,14,22,0,36,0,0,53,2,55,0,14,75,2,91,166,0,166,257
03/13/2008,UGN,IL,AGL,CE,Federal Contract Tower,0,9,35,0,44,0,0,68,0,68,0,9,103,0,112,148,0,148,260
03/14/2008,UGN,IL,AGL,CE,Federal Contract Tower,0,8,40,0,48,0,0,56,0,56,0,8,96,0,104,92,0,92,196
03/15/2008,UGN,IL,AGL,CE,Federal Contract Tower,0,8,17,0,25,0,0,67,0,67,0,8,84,0,92,116,0,116,208
03/16/2008,UGN,IL,AGL,CE,Federal Contract Tower,0,4,18,0,22,0,0,112,0,112,0,4,130,0,134,166,0,166,300
03/17/2008,UGN,IL,AGL,CE,Federal Contract Tower,0,8,22,2,32,0,0,35,1,36,0,8,57,3,68,52,0,52,120
03/18/2008,UGN,IL,AGL,CE,Federal Contract Tower,0,11,26,0,37,0,0,1,0,1,0,11,27,0,38,0,0,0,38
03/19/2008,UGN,IL,AGL,CE,Federal Contract Tower,0,19,30,0,49,0,0,48,0,48,0,19,78,0,97,146,0,146,243
03/20/2008,UGN,IL,AGL,CE,Federal Contract Tower,0,16,31,0,47,0,0,87,0,87,0,16,118,0,134,106,0,106,240
03/21/2008,UGN,IL,AGL,CE,Federal Contract Tower,0,10,13,0,23,0,0,0,0,0,0,10,13,0,23,0,0,0,23
03/22/2008,UGN,IL,AGL,CE,Federal Contract Tower,0,20,24,0,44,0,0,63,0,63,0,20,87,0,107,30,0,30,137
03/23/2008,UGN,IL,AGL,CE,Federal Contract Tower,0,9,16,0,25,0,0,42,0,42,0,9,58,0,67,34,0,34,101
03/24/2008,UGN,IL,AGL,CE,Federal Contract Tower,0,9,38,0,47,0,0,75,2,77,0,9,113,2,124,98,0,98,222
03/25/2008,UGN,IL,AGL,CE,Federal Contract Tower,0,7,16,0,23,0,0,20,0,20,0,7,36,0,43,4,0,4,47
03/26/2008,UGN,IL,AGL,CE,Federal Contract Tower,0,9,20,0,29,0,0,87,0,87,0,9,107,0,116,186,0,186,302
03/27/2008,UGN,IL,AGL,CE,Federal Contract Tower,0,9,14,0,23,0,0,0,0,0,0,9,14,0,23,0,0,0,23
03/28/2008,UGN,IL,AGL,CE,Federal Contract Tower,0,11,23,0,34,0,0,65,0,65,0,11,88,0,99,70,0,70,169
03/29/2008,UGN,IL,AGL,CE,Federal Contract Tower,0,12,39,0,51,0,0,128,0,128,0,12,167,0,179,60,0,60,239
03/30/2008,UGN,IL,AGL,CE,Federal Contract Tower,0,20,30,1,51,0,0,23,0,23,0,20,53,1,74,46,0,46,120
03/31/2008,UGN,IL,AGL,CE,Federal Contract Tower,0,16,23,1,40,0,0,2,0,2,0,16,25,1,42,1,0,1,43
04/01/2008,UGN,IL,AGL,CE,Federal Contract Tower,0,15,27,0,42,0,0,14,0,14,0,15,41,0,56,24,0,24,80
04/02/2008,UGN,IL,AGL,CE,Federal Contract Tower,0,6,42,2,50,0,1,106,0,107,0,7,148,2,157,129,0,129,286
04/03/2008,UGN,IL,AGL,CE,Federal Contract Tower,0,14,35,0,49,0,0,49,0,49,0,14,84,0,98,66,0,66,164
04/04/2008,UGN,IL,AGL,CE,Federal Contract Tower,0,8,27,1,36,0,4,50,1,55,0,12,77,2,91,100,0,100,191
04/05/2008,UGN,IL,AGL,CE,Federal Contract Tower,0,6,19,0,25,0,0,144,11,155,0,6,163,11,180,194,0,194,374
04/06/2008,UGN,IL,AGL,CE,Federal Contract Tower,0,11,31,2,44,0,2,90,2,94,0,13,121,4,138,74,0,74,212
04/07/2008,UGN,IL,AGL,CE,Federal Contract Tower,0,4,32,0,36,0,0,22,0,22,0,4,54,0,58,42,0,42,100
04/08/2008,UGN,IL,AGL,CE,Federal Contract Tower,0,10,23,0,33,0,0,12,0,12,0,10,35,0,45,114,0,114,159
04/09/2008,UGN,IL,AGL,CE,Federal Contract Tower,0,11,37,0,48,0,0,46,0,46,0,11,83,0,94,166,0,166,260
04/10/2008,UGN,IL,AGL,CE,Federal Contract Tower,0,14,23,0,37,0,0,3,0,3,0,14,26,0,40,14,0,14,54
04/11/2008,UGN,IL,AGL,CE,Federal Contract Tower,0,7,32,0,39,0,0,18,0,18,0,7,50,0,57,4,0,4,61
04/12/2008,UGN,IL,AGL,CE,Federal Contract Tower,0,5,11,0,16,0,0,0,0,0,0,5,11,0,16,0,0,0,16
04/13/2008,UGN,IL,AGL,CE,Federal Contract Tower,0,13,19,0,32,0,0,48,0,48,0,13,67,0,80,48,0,48,128
04/14/2008,UGN,IL,AGL,CE,Federal Contract Tower,0,8,33,0,41,0,0,91,0,91,0,8,124,0,132,82,0,82,214
04/15/2008,UGN,IL,AGL,CE,Federal Contract Tower,0,8,25,0,33,0,2,51,0,53,0,10,76,0,86,118,0,118,204
04/16/2008,UGN,IL,AGL,CE,Federal Contract Tower,0,13,38,0,51,0,0,19,2,21,0,13,57,2,72,46,0,46,118
04/17/2008,UGN,IL,AGL,CE,Federal Contract Tower,0,14,33,0,47,0,0,75,0,75,0,14,108,0,122,114,0,114,236
04/18/2008,UGN,IL,AGL,CE,Federal Contract Tower,0,12,42,2,56,0,0,67,0,67,0,12,109,2,123,132,2,134,257
04/19/2008,UGN,IL,AGL,CE,Federal Contract Tower,0,10,27,2,39,0,0,23,0,23,0,10,50,2,62,76,0,76,138
04/20/2008,UGN,IL,AGL,CE,Federal Contract Tower,0,6,27,2,35,0,0,120,0,120,0,6,147,2,155,226,0,226,381
04/21/2008,UGN,IL,AGL,CE,Federal Contract Tower,0,13,28,0,41,0,0,57,2,59,0,13,85,2,100,76,0,76,176
04/22/2008,UGN,IL,AGL,CE,Federal Contract Tower,0,8,24,0,32,0,1,52,0,53,0,9,76,0,85,106,0,106,191
04/23/2008,UGN,IL,AGL,CE,Federal Contract Tower,0,21,24,0,45,0,1,108,0,109,0,22,132,0,154,90,0,90,244
04/24/2008,UGN,IL,AGL,CE,Federal Contract Tower,0,27,30,0,57,0,0,25,0,25,0,27,55,0,82,48,0,48,130
04/25/2008,UGN,IL,AGL,CE,Federal Contract Tower,0,25,40,3,68,0,0,6,0,6,0,25,46,3,74,20,0,20,94
04/26/2008,UGN,IL,AGL,CE,Federal Contract Tower,0,8,10,0,18,0,0,21,0,21,0,8,31,0,39,50,0,50,89
04/27/2008,UGN,IL,AGL,CE,Federal Contract Tower,0,13,18,0,31,0,0,94,0,94,0,13,112,0,125,135,0,135,260
04/28/2008,UGN,IL,AGL,CE,Federal Contract Tower,0,14,35,0,49,0,0,6,0,6,0,14,41,0,55,16,0,16,71
04/29/2008,UGN,IL,AGL,CE,Federal Contract Tower,0,11,52,0,63,0,0,80,0,80,0,11,132,0,143,110,0,110,253
04/30/2008,UGN,IL,AGL,CE,Federal Contract Tower,0,15,34,0,49,0,0,69,2,71,0,15,103,2,120,116,0,116,236
05/01/2008,UGN,IL,AGL,CE,Federal Contract Tower,0,18,43,0,61,0,2,52,0,54,0,20,95,0,115,56,0,56,171
05/02/2008,UGN,IL,AGL,CE,Federal Contract Tower,0,20,35,0,55,0,0,1,0,1,0,20,36,0,56,34,0,34,90
05/03/2008,UGN,IL,AGL,CE,Federal Contract Tower,0,8,25,0,33,0,0,12,0,12,0,8,37,0,45,36,0,36,81
05/04/2008,UGN,IL,AGL,CE,Federal Contract Tower,0,14,24,0,38,0,0,134,0,134,0,14,158,0,172,126,0,126,298
05/05/2008,UGN,IL,AGL,CE,Federal Contract Tower,0,5,30,0,35,0,1,64,0,65,0,6,94,0,100,82,0,82,182
05/06/2008,UGN,IL,AGL,CE,Federal Contract Tower,0,17,38,0,55,0,0,71,0,71,0,17,109,0,126,144,0,144,270
05/07/2008,UGN,IL,AGL,CE,Federal Contract Tower,0,11,37,0,48,0,0,17,0,17,0,11,54,0,65,18,0,18,83
05/08/2008,UGN,IL,AGL,CE,Federal Contract Tower,0,16,33,3,52,0,0,64,1,65,0,16,97,4,117,62,0,62,179
05/09/2008,UGN,IL,AGL,CE,Federal Contract Tower,0,15,31,0,46,0,0,69,0,69,0,15,100,0,115,142,0,142,257
05/10/2008,UGN,IL,AGL,CE,Federal Contract Tower,0,8,18,0,26,0,0,146,1,147,0,8,164,1,173,124,0,124,297
05/11/2008,UGN,IL,AGL,CE,Federal Contract Tower,0,12,20,0,32,0,0,0,0,0,0,12,20,0,32,2,0,2,34
05/12/2008,UGN,IL,AGL,CE,Federal Contract Tower,0,22,37,0,59,0,0,72,0,72,0,22,109,0,131,62,0,62,193
05/13/2008,UGN,IL,AGL,CE,Federal Contract Tower,0,18,30,0,48,0,0,63,0,63,0,18,93,0,111,88,0,88,199
05/14/2008,UGN,IL,AGL,CE,Federal Contract Tower,0,20,31,0,51,0,0,35,0,35,0,20,66,0,86,124,0,124,210
05/15/2008,UGN,IL,AGL,CE,Federal Contract Tower,0,21,29,0,50,0,0,82,0,82,0,21,111,0,132,104,0,104,236
05/16/2008,UGN,IL,AGL,CE,Federal Contract Tower,0,16,42,0,58,0,0,64,0,64,0,16,106,0,122,156,0,156,278
05/17/2008,UGN,IL,AGL,CE,Federal Contract Tower,0,5,18,0,23,0,0,61,0,61,0,5,79,0,84,56,0,56,140
05/18/2008,UGN,IL,AGL,CE,Federal Contract Tower,0,16,33,0,49,0,2,97,0,99,0,18,130,0,148,120,0,120,268
05/19/2008,UGN,IL,AGL,CE,Federal Contract Tower,0,15,34,0,49,0,0,58,2,60,0,15,92,2,109,46,0,46,155
05/20/2008,UGN,IL,AGL,CE,Federal Contract Tower,0,10,37,0,47,0,0,69,0,69,0,10,106,0,116,90,0,90,206
05/21/2008,UGN,IL,AGL,CE,Federal Contract Tower,0,14,36,0,50,0,0,81,0,81,0,14,117,0,131,126,0,126,257
05/22/2008,UGN,IL,AGL,CE,Federal Contract Tower,0,19,38,0,57,0,0,90,0,90,0,19,128,0,147,138,0,138,285
05/23/2008,UGN,IL,AGL,CE,Federal Contract Tower,0,22,36,4,62,0,0,74,9,83,0,22,110,13,145,102,0,102,247
05/24/2008,UGN,IL,AGL,CE,Federal Contract Tower,0,3,11,0,14,0,0,128,5,133,0,3,139,5,147,158,0,158,305
05/25/2008,UGN,IL,AGL,CE,Federal Contract Tower,0,6,13,0,19,0,0,69,3,72,0,6,82,3,91,24,0,24,115
05/26/2008,UGN,IL,AGL,CE,Federal Contract Tower,0,16,22,0,38,0,0,32,2,34,0,16,54,2,72,22,0,22,94
05/27/2008,UGN,IL,AGL,CE,Federal Contract Tower,0,14,27,0,41,0,1,20,3,24,0,15,47,3,65,36,4,40,105
05/28/2008,UGN,IL,AGL,CE,Federal Contract Tower,0,24,32,0,56,0,0,99,5,104,0,24,131,5,160,94,0,94,254
05/29/2008,UGN,IL,AGL,CE,Federal Contract Tower,0,11,39,0,50,0,0,82,6,88,0,11,121,6,138,132,0,132,270
05/30/2008,UGN,IL,AGL,CE,Federal Contract Tower,0,14,27,0,41,0,0,14,2,16,0,14,41,2,57,4,0,4,61
05/31/2008,UGN,IL,AGL,CE,Federal Contract Tower,0,10,17,0,27,0,0,74,2,76,0,10,91,2,103,72,0,72,175
06/01/2008,UGN,IL,AGL,CE,Federal Contract Tower,0,10,20,0,30,0,0,98,2,100,0,10,118,2,130,148,0,148,278
06/02/2008,UGN,IL,AGL,CE,Federal Contract Tower,0,17,24,0,41,0,0,88,2,90,0,17,112,2,131,84,0,84,215
06/03/2008,UGN,IL,AGL,CE,Federal Contract Tower,0,18,32,0,50,0,0,8,2,10,0,18,40,2,60,56,0,56,116
06/04/2008,UGN,IL,AGL,CE,Federal Contract Tower,0,14,35,1,50,0,0,0,0,0,0,14,35,1,50,0,0,0,50
06/05/2008,UGN,IL,AGL,CE,Federal Contract Tower,0,20,44,0,64,0,0,28,6,34,0,20,72,6,98,58,0,58,156
06/06/2008,UGN,IL,AGL,CE,Federal Contract Tower,0,19,26,0,45,0,0,11,3,14,0,19,37,3,59,8,4,12,71
06/07/2008,UGN,IL,AGL,CE,Federal Contract Tower,0,12,26,2,40,0,0,32,8,40,0,12,58,10,80,48,0,48,128
06/08/2008,UGN,IL,AGL,CE,Federal Contract Tower,0,29,18,0,47,0,0,31,3,34,0,29,49,3,81,54,0,54,135
06/09/2008,UGN,IL,AGL,CE,Federal Contract Tower,0,21,42,1,64,0,0,7,1,8,0,21,49,2,72,4,0,4,76
06/10/2008,UGN,IL,AGL,CE,Federal Contract Tower,0,14,31,0,45,0,0,96,2,98,0,14,127,2,143,110,0,110,253
06/11/2008,UGN,IL,AGL,CE,Federal Contract Tower,0,8,37,0,45,0,1,92,8,101,0,9,129,8,146,120,0,120,266
06/12/2008,UGN,IL,AGL,CE,Federal Contract Tower,0,12,28,0,40,0,0,40,4,44,0,12,68,4,84,40,0,40,124
06/13/2008,UGN,IL,AGL,CE,Federal Contract Tower,0,15,41,0,56,0,0,39,4,43,0,15,80,4,99,98,0,98,197
06/14/2008,UGN,IL,AGL,CE,Federal Contract Tower,0,11,14,0,25,0,0,91,4,95,0,11,105,4,120,146,0,146,266
06/15/2008,UGN,IL,AGL,CE,Federal Contract Tower,0,20,21,0,41,0,2,36,4,42,0,22,57,4,83,90,0,90,173
06/16/2008,UGN,IL,AGL,CE,Federal Contract Tower,0,16,27,0,43,0,0,63,8,71,0,16,90,8,114,100,0,100,214
06/17/2008,UGN,IL,AGL,CE,Federal Contract Tower,0,19,41,0,60,0,2,106,6,114,0,21,147,6,174,102,0,102,276
06/18/2008,UGN,IL,AGL,CE,Federal Contract Tower,0,11,40,2,53,0,1,118,2,121,0,12,158,4,174,142,0,142,316
06/19/2008,UGN,IL,AGL,CE,Federal Contract Tower,0,12,29,0,41,0,0,125,4,129,0,12,154,4,170,186,6,192,362
06/20/2008,UGN,IL,AGL,CE,Federal Contract Tower,0,17,33,0,50,0,0,41,0,41,0,17,74,0,91,62,12,74,165
06/21/2008,UGN,IL,AGL,CE,Federal Contract Tower,0,2,10,2,14,0,0,66,4,70,0,2,76,6,84,166,0,166,250
06/22/2008,UGN,IL,AGL,CE,Federal Contract Tower,0,12,28,1,41,0,0,80,3,83,0,12,108,4,124,146,0,146,270
06/23/2008,UGN,IL,AGL,CE,Federal Contract Tower,0,6,28,0,34,0,0,74,3,77,0,6,102,3,111,142,0,142,253
06/24/2008,UGN,IL,AGL,CE,Federal Contract Tower,0,20,37,0,57,0,0,108,3,111,0,20,145,3,168,124,0,124,292
06/25/2008,UGN,IL,AGL,CE,Federal Contract Tower,0,12,29,2,43,0,0,38,2,40,0,12,67,4,83,84,0,84,167
06/26/2008,UGN,IL,AGL,CE,Federal Contract Tower,0,9,41,2,52,0,0,54,7,61,0,9,95,9,113,132,0,132,245
06/27/2008,UGN,IL,AGL,CE,Federal Contract Tower,0,20,32,0,52,0,0,42,2,44,0,20,74,2,96,152,0,152,248
06/28/2008,UGN,IL,AGL,CE,Federal Contract Tower,0,11,19,0,30,0,1,84,6,91,0,12,103,6,121,58,14,72,193
06/29/2008,UGN,IL,AGL,CE,Federal Contract Tower,0,18,21,0,39,0,0,62,4,66,0,18,83,4,105,62,0,62,167
06/30/2008,UGN,IL,AGL,CE,Federal Contract Tower,0,15,15,2,32,0,0,74,3,77,0,15,89,5,109,122,0,122,231
07/01/2008,UGN,IL,AGL,CE,Federal Contract Tower,0,15,20,0,35,0,0,105,2,107,0,15,125,2,142,98,0,98,240
07/02/2008,UGN,IL,AGL,CE,Federal Contract Tower,0,10,32,2,44,0,0,54,1,55,0,10,86,3,99,114,0,114,213
07/03/2008,UGN,IL,AGL,CE,Federal Contract Tower,0,20,28,7,55,0,0,103,5,108,0,20,131,12,163,150,0,150,313
07/04/2008,UGN,IL,AGL,CE,Federal Contract Tower,0,7,10,0,17,0,0,71,6,77,0,7,81,6,94,88,0,88,182
07/05/2008,UGN,IL,AGL,CE,Federal Contract Tower,0,8,15,0,23,0,0,100,0,100,0,8,115,0,123,88,0,88,211
07/06/2008,UGN,IL,AGL,CE,Federal Contract Tower,0,25,39,0,64,0,0,115,6,121,0,25,154,6,185,134,4,138,323
07/07/2008,UGN,IL,AGL,CE,Federal Contract Tower,0,22,25,3,50,0,0,32,2,34,0,22,57,5,84,36,0,36,120
07/08/2008,UGN,IL,AGL,CE,Federal Contract Tower,0,8,20,1,29,0,0,47,0,47,0,8,67,1,76,102,0,102,178
07/09/2008,UGN,IL,AGL,CE,Federal Contract Tower,0,17,37,1,55,0,1,117,6,124,0,18,154,7,179,94,0,94,273
07/10/2008,UGN,IL,AGL,CE,Federal Contract Tower,0,9,24,6,39,0,1,52,6,59,0,10,76,12,98,56,38,94,192
07/11/2008,UGN,IL,AGL,CE,Federal Contract Tower,0,23,42,2,67,0,0,64,2,66,0,23,106,4,133,69,0,69,202
07/12/2008,UGN,IL,AGL,CE,Federal Contract Tower,0,11,17,0,28,0,0,40,2,42,0,11,57,2,70,46,10,56,126
07/13/2008,UGN,IL,AGL,CE,Federal Contract Tower,0,22,32,0,54,0,0,61,3,64,0,22,93,3,118,28,0,28,146
07/14/2008,UGN,IL,AGL,CE,Federal Contract Tower,0,18,35,1,54,0,1,81,3,85,0,19,116,4,139,110,0,110,249
07/15/2008,UGN,IL,AGL,CE,Federal Contract Tower,0,14,25,1,40,0,0,71,1,72,0,14,96,2,112,56,0,56,168
07/16/2008,UGN,IL,AGL,CE,Federal Contract Tower,0,19,47,0,66,0,0,80,3,83,0,19,127,3,149,130,0,130,279
07/17/2008,UGN,IL,AGL,CE,Federal Contract Tower,0,16,25,0,41,0,0,76,4,80,0,16,101,4,121,124,0,124,245
07/18/2008,UGN,IL,AGL,CE,Federal Contract Tower,0,15,36,0,51,0,0,75,2,77,0,15,111,2,128,96,0,96,224
07/19/2008,UGN,IL,AGL,CE,Federal Contract Tower,0,15,14,0,29,0,0,0,0,0,0,15,14,0,29,6,0,6,35
07/20/2008,UGN,IL,AGL,CE,Federal Contract Tower,0,20,34,3,57,0,0,53,3,56,0,20,87,6,113,40,6,46,159
07/21/2008,UGN,IL,AGL,CE,Federal Contract Tower,0,18,23,0,41,0,0,33,3,36,0,18,56,3,77,56,0,56,133
07/22/2008,UGN,IL,AGL,CE,Federal Contract Tower,0,15,32,0,47,0,0,90,2,92,0,15,122,2,139,112,0,112,251
07/23/2008,UGN,IL,AGL,CE,Federal Contract Tower,0,20,34,2,56,0,0,136,9,145,0,20,170,11,201,154,0,154,355
07/24/2008,UGN,IL,AGL,CE,Federal Contract Tower,0,16,33,2,51,0,1,114,2,117,0,17,147,4,168,188,0,188,356
07/25/2008,UGN,IL,AGL,CE,Federal Contract Tower,0,12,30,0,42,0,0,45,3,48,0,12,75,3,90,176,3,179,269
07/26/2008,UGN,IL,AGL,CE,Federal Contract Tower,0,11,12,0,23,0,0,116,2,118,0,11,128,2,141,148,0,148,289
07/27/2008,UGN,IL,AGL,CE,Federal Contract Tower,0,20,17,0,37,0,1,87,3,91,0,21,104,3,128,102,0,102,230
07/28/2008,UGN,IL,AGL,CE,Federal Contract Tower,0,13,34,2,49,0,0,64,0,64,0,13,98,2,113,90,0,90,203
07/29/2008,UGN,IL,AGL,CE,Federal Contract Tower,0,6,43,0,49,72,0,2,0,74,72,6,45,0,123,132,0,132,255
07/30/2008,UGN,IL,AGL,CE,Federal Contract Tower,0,19,43,0,62,0,0,71,2,73,0,19,114,2,135,120,1,121,256
07/31/2008,UGN,IL,AGL,CE,Federal Contract Tower,0,16,28,2,46,0,1,63,5,69,0,17,91,7,115,72,0,72,187
08/01/2008,UGN,IL,AGL,CE,Federal Contract Tower,0,11,21,4,36,0,0,74,4,78,0,11,95,8,114,100,0,100,214
08/02/2008,UGN,IL,AGL,CE,Federal Contract Tower,0,11,19,0,30,0,0,82,2,84,0,11,101,2,114,130,0,130,244
08/03/2008,UGN,IL,AGL,CE,Federal Contract Tower,0,19,27,0,46,0,0,103,2,105,0,19,130,2,151,80,0,80,231
08/04/2008,UGN,IL,AGL,CE,Federal Contract Tower,0,13,35,0,48,0,0,27,2,29,0,13,62,2,77,24,0,24,101
08/05/2008,UGN,IL,AGL,CE,Federal Contract Tower,0,22,36,0,58,0,0,32,3,35,0,22,68,3,93,124,0,124,217
08/06/2008,UGN,IL,AGL,CE,Federal Contract Tower,0,17,44,0,61,0,0,90,10,100,0,17,134,10,161,108,0,108,269
08/07/2008,UGN,IL,AGL,CE,Federal Contract Tower,0,17,27,0,44,0,0,102,4,106,0,17,129,4,150,83,0,83,233
08/08/2008,UGN,IL,AGL,CE,Federal Contract Tower,0,14,30,4,48,0,0,81,5,86,0,14,111,9,134,158,0,158,292
08/09/2008,UGN,IL,AGL,CE,Federal Contract Tower,0,6,19,0,25,0,0,74,6,80,0,6,93,6,105,85,20,105,210
08/10/2008,UGN,IL,AGL,CE,Federal Contract Tower,0,15,29,0,44,0,124,0,1,125,0,139,29,1,169,32,0,32,201
08/11/2008,UGN,IL,AGL,CE,Federal Contract Tower,0,22,42,1,65,0,0,73,3,76,0,22,115,4,141,94,0,94,235
08/12/2008,UGN,IL,AGL,CE,Federal Contract Tower,0,12,32,3,47,0,0,57,6,63,0,12,89,9,110,111,0,111,221
08/13/2008,UGN,IL,AGL,CE,Federal Contract Tower,0,14,42,1,57,0,0,33,1,34,0,14,75,2,91,166,0,166,257
08/14/2008,UGN,IL,AGL,CE,Federal Contract Tower,0,12,59,2,73,0,0,58,10,68,0,12,117,12,141,117,0,117,258
08/15/2008,UGN,IL,AGL,CE,Federal Contract Tower,0,7,31,5,43,0,0,88,3,91,0,7,119,8,134,74,0,74,208
08/16/2008,UGN,IL,AGL,CE,Federal Contract Tower,0,8,13,0,21,0,0,85,3,88,0,8,98,3,109,147,28,175,284
08/17/2008,UGN,IL,AGL,CE,Federal Contract Tower,0,18,35,3,56,0,0,73,6,79,0,18,108,9,135,20,0,20,155
08/18/2008,UGN,IL,AGL,CE,Federal Contract Tower,0,18,33,0,51,0,2,51,0,53,0,20,84,0,104,106,0,106,210
08/19/2008,UGN,IL,AGL,CE,Federal Contract Tower,0,6,49,0,55,0,0,34,1,35,0,6,83,1,90,107,1,108,198
08/20/2008,UGN,IL,AGL,CE,Federal Contract Tower,0,17,32,4,53,0,0,66,4,70,0,17,98,8,123,182,0,182,305
08/21/2008,UGN,IL,AGL,CE,Federal Contract Tower,0,11,42,0,53,0,0,54,2,56,0,11,96,2,109,64,0,64,173
08/22/2008,UGN,IL,AGL,CE,Federal Contract Tower,0,14,29,2,45,0,0,46,4,50,0,14,75,6,95,169,0,169,264
08/23/2008,UGN,IL,AGL,CE,Federal Contract Tower,0,13,24,0,37,0,0,26,3,29,0,13,50,3,66,125,0,125,191
08/24/2008,UGN,IL,AGL,CE,Federal Contract Tower,0,7,26,2,35,0,0,104,1,105,0,7,130,3,140,92,0,92,232
08/25/2008,UGN,IL,AGL,CE,Federal Contract Tower,0,4,14,0,18,0,0,41,5,46,0,4,55,5,64,58,12,70,134
08/26/2008,UGN,IL,AGL,CE,Federal Contract Tower,0,12,28,2,42,0,0,71,13,84,0,12,99,15,126,79,0,79,205
08/27/2008,UGN,IL,AGL,CE,Federal Contract Tower,0,8,30,3,41,0,0,67,3,70,0,8,97,6,111,66,0,66,177
08/28/2008,UGN,IL,AGL,CE,Federal Contract Tower,0,4,30,0,34,0,0,28,3,31,0,4,58,3,65,18,3,21,86
08/29/2008,UGN,IL,AGL,CE,Federal Contract Tower,0,18,38,0,56,0,0,83,4,87,0,18,121,4,143,60,0,60,203
08/30/2008,UGN,IL,AGL,CE,Federal Contract Tower,0,14,14,0,28,0,0,85,2,87,0,14,99,2,115,108,0,108,223
08/31/2008,UGN,IL,AGL,CE,Federal Contract Tower,0,12,6,0,18,0,1,89,3,93,0,13,95,3,111,74,0,74,185
09/01/2008,UGN,IL,AGL,CE,Federal Contract Tower,0,20,18,0,38,0,0,79,3,82,0,20,97,3,120,74,0,74,194
09/02/2008,UGN,IL,AGL,CE,Federal Contract Tower,0,10,29,0,39,0,0,64,0,64,0,10,93,0,103,138,0,138,241
09/03/2008,UGN,IL,AGL,CE,Federal Contract Tower,0,14,36,3,53,0,0,23,0,23,0,14,59,3,76,50,0,50,126
09/04/2008,UGN,IL,AGL,CE,Federal Contract Tower,0,11,32,0,43,0,0,1,0,1,0,11,33,0,44,0,0,0,44
09/05/2008,UGN,IL,AGL,CE,Federal Contract Tower,0,10,29,2,41,0,1,44,0,45,0,11,73,2,86,151,0,151,237
09/06/2008,UGN,IL,AGL,CE,Federal Contract Tower,0,5,22,0,27,0,0,89,0,89,0,5,111,0,116,144,0,144,260
09/07/2008,UGN,IL,AGL,CE,Federal Contract Tower,0,11,18,0,29,0,0,86,0,86,0,11,104,0,115,110,0,110,225
09/08/2008,UGN,IL,AGL,CE,Federal Contract Tower,0,6,26,0,32,0,0,20,0,20,0,6,46,0,52,12,0,12,64
09/09/2008,UGN,IL,AGL,CE,Federal Contract Tower,0,12,37,0,49,0,0,113,0,113,0,12,150,0,162,98,0,98,260
09/10/2008,UGN,IL,AGL,CE,Federal Contract Tower,0,16,31,0,47,0,0,119,2,121,0,16,150,2,168,110,0,110,278
09/11/2008,UGN,IL,AGL,CE,Federal Contract Tower,0,13,32,2,47,0,0,57,2,59,0,13,89,4,106,67,0,67,173
09/12/2008,UGN,IL,AGL,CE,Federal Contract Tower,0,15,49,0,64,0,0,0,0,0,0,15,49,0,64,0,0,0,64
09/13/2008,UGN,IL,AGL,CE,Federal Contract Tower,0,14,21,0,35,0,0,0,0,0,0,14,21,0,35,0,0,0,35
09/14/2008,UGN,IL,AGL,CE,Federal Contract Tower,0,9,21,0,30,0,0,0,0,0,0,9,21,0,30,0,0,0,30
09/15/2008,UGN,IL,AGL,CE,Federal Contract Tower,0,6,29,0,35,0,0,40,0,40,0,6,69,0,75,48,0,48,123
09/16/2008,UGN,IL,AGL,CE,Federal Contract Tower,0,9,34,0,43,0,0,49,0,49,0,9,83,0,92,113,0,113,205
09/17/2008,UGN,IL,AGL,CE,Federal Contract Tower,0,12,26,0,38,0,0,67,0,67,0,12,93,0,105,93,0,93,198
09/18/2008,UGN,IL,AGL,CE,Federal Contract Tower,0,14,46,0,60,0,0,83,1,84,0,14,129,1,144,106,0,106,250
09/19/2008,UGN,IL,AGL,CE,Federal Contract Tower,0,14,38,2,54,0,0,72,1,73,0,14,110,3,127,76,0,76,203
09/20/2008,UGN,IL,AGL,CE,Federal Contract Tower,0,10,15,0,25,0,0,94,0,94,0,10,109,0,119,122,0,122,241
09/21/2008,UGN,IL,AGL,CE,Federal Contract Tower,0,10,19,0,29,0,0,20,2,22,0,10,39,2,51,87,0,87,138
09/22/2008,UGN,IL,AGL,CE,Federal Contract Tower,0,11,28,0,39,0,0,42,4,46,0,11,70,4,85,42,0,42,127
09/23/2008,UGN,IL,AGL,CE,Federal Contract Tower,0,17,39,0,56,0,0,72,0,72,0,17,111,0,128,140,0,140,268
09/24/2008,UGN,IL,AGL,CE,Federal Contract Tower,0,13,37,0,50,0,0,33,0,33,0,13,70,0,83,82,0,82,165
09/25/2008,UGN,IL,AGL,CE,Federal Contract Tower,0,13,44,0,57,0,0,56,0,56,0,13,100,0,113,56,0,56,169
09/26/2008,UGN,IL,AGL,CE,Federal Contract Tower,0,8,36,0,44,0,0,72,0,72,0,8,108,0,116,62,0,62,178
09/27/2008,UGN,IL,AGL,CE,Federal Contract Tower,0,6,20,0,26,0,0,84,0,84,0,6,104,0,110,151,0,151,261
09/28/2008,UGN,IL,AGL,CE,Federal Contract Tower,0,4,46,0,50,0,0,32,0,32,0,4,78,0,82,62,0,62,144
09/29/2008,UGN,IL,AGL,CE,Federal Contract Tower,0,11,32,0,43,0,0,10,0,10,0,11,42,0,53,38,0,38,91
09/30/2008,UGN,IL,AGL,CE,Federal Contract Tower,0,17,35,2,54,0,0,47,0,47,0,17,82,2,101,56,0,56,157
10/01/2008,UGN,IL,AGL,CE,Federal Contract Tower,0,10,35,0,45,0,0,42,0,42,0,10,77,0,87,95,0,95,182
10/02/2008,UGN,IL,AGL,CE,Federal Contract Tower,0,12,33,2,47,0,0,45,0,45,0,12,78,2,92,70,0,70,162
10/03/2008,UGN,IL,AGL,CE,Federal Contract Tower,0,11,42,0,53,0,0,64,0,64,0,11,106,0,117,48,0,48,165
10/04/2008,UGN,IL,AGL,CE,Federal Contract Tower,0,5,21,1,27,0,0,92,0,92,0,5,113,1,119,58,0,58,177
10/05/2008,UGN,IL,AGL,CE,Federal Contract Tower,0,14,33,3,50,0,0,36,0,36,0,14,69,3,86,48,0,48,134
10/06/2008,UGN,IL,AGL,CE,Federal Contract Tower,0,7,37,2,46,0,0,31,0,31,0,7,68,2,77,94,0,94,171
10/07/2008,UGN,IL,AGL,CE,Federal Contract Tower,0,15,33,0,48,0,0,28,0,28,0,15,61,0,76,12,0,12,88
10/08/2008,UGN,IL,AGL,CE,Federal Contract Tower,0,17,38,2,57,0,0,15,0,15,0,17,53,2,72,52,0,52,124
10/09/2008,UGN,IL,AGL,CE,Federal Contract Tower,0,15,45,3,63,0,0,94,0,94,0,15,139,3,157,54,0,54,211
10/10/2008,UGN,IL,AGL,CE,Federal Contract Tower,0,9,40,1,50,0,1,72,0,73,0,10,112,1,123,78,0,78,201
10/11/2008,UGN,IL,AGL,CE,Federal Contract Tower,0,10,9,0,19,0,0,97,0,97,0,10,106,0,116,114,0,114,230
10/12/2008,UGN,IL,AGL,CE,Federal Contract Tower,0,7,23,0,30,0,0,64,0,64,0,7,87,0,94,180,0,180,274
10/13/2008,UGN,IL,AGL,CE,Federal Contract Tower,0,19,19,0,38,0,0,50,0,50,0,19,69,0,88,164,0,164,252
10/14/2008,UGN,IL,AGL,CE,Federal Contract Tower,0,9,33,1,43,0,0,55,0,55,0,9,88,1,98,130,0,130,228
10/15/2008,UGN,IL,AGL,CE,Federal Contract Tower,0,7,32,0,39,0,0,3,1,4,0,7,35,1,43,10,0,10,53
10/16/2008,UGN,IL,AGL,CE,Federal Contract Tower,0,15,32,0,47,0,0,57,0,57,0,15,89,0,104,36,0,36,140
10/17/2008,UGN,IL,AGL,CE,Federal Contract Tower,0,11,39,0,50,0,0,39,0,39,0,11,78,0,89,138,0,138,227
10/18/2008,UGN,IL,AGL,CE,Federal Contract Tower,0,9,15,0,24,0,0,71,1,72,0,9,86,1,96,64,0,64,160
10/19/2008,UGN,IL,AGL,CE,Federal Contract Tower,0,5,15,0,20,0,0,57,0,57,0,5,72,0,77,58,0,58,135
10/20/2008,UGN,IL,AGL,CE,Federal Contract Tower,0,8,31,0,39,0,0,18,0,18,0,8,49,0,57,35,0,35,92
10/21/2008,UGN,IL,AGL,CE,Federal Contract Tower,0,7,13,0,20,0,0,62,0,62,0,7,75,0,82,101,0,101,183
10/22/2008,UGN,IL,AGL,CE,Federal Contract Tower,0,9,26,0,35,0,0,38,0,38,0,9,64,0,73,18,0,18,91
10/23/2008,UGN,IL,AGL,CE,Federal Contract Tower,0,6,39,0,45,0,0,34,0,34,0,6,73,0,79,34,0,34,113
10/24/2008,UGN,IL,AGL,CE,Federal Contract Tower,0,7,46,0,53,0,0,20,0,20,0,7,66,0,73,68,0,68,141
10/25/2008,UGN,IL,AGL,CE,Federal Contract Tower,0,8,19,0,27,0,0,26,0,26,0,8,45,0,53,78,0,78,131
10/26/2008,UGN,IL,AGL,CE,Federal Contract Tower,0,9,22,0,31,0,0,16,0,16,0,9,38,0,47,22,0,22,69
10/27/2008,UGN,IL,AGL,CE,Federal Contract Tower,0,5,26,0,31,0,0,19,0,19,0,5,45,0,50,46,0,46,96
10/28/2008,UGN,IL,AGL,CE,Federal Contract Tower,0,11,24,0,35,0,0,60,0,60,0,11,84,0,95,133,0,133,228
10/29/2008,UGN,IL,AGL,CE,Federal Contract Tower,0,9,18,0,27,0,0,65,0,65,0,9,83,0,92,16,0,16,108
10/30/2008,UGN,IL,AGL,CE,Federal Contract Tower,0,4,27,3,34,0,0,48,0,48,0,4,75,3,82,102,0,102,184
10/31/2008,UGN,IL,AGL,CE,Federal Contract Tower,0,6,32,2,40,0,0,56,0,56,0,6,88,2,96,115,0,115,211
11/01/2008,UGN,IL,AGL,CE,Federal Contract Tower,0,8,5,0,13,0,0,75,0,75,0,8,80,0,88,100,0,100,188
11/02/2008,UGN,IL,AGL,CE,Federal Contract Tower,0,9,29,0,38,0,0,37,0,37,0,9,66,0,75,68,0,68,143
11/03/2008,UGN,IL,AGL,CE,Federal Contract Tower,0,6,29,0,35,0,0,44,0,44,0,6,73,0,79,62,0,62,141
11/04/2008,UGN,IL,AGL,CE,Federal Contract Tower,0,6,17,0,23,0,0,44,0,44,0,6,61,0,67,54,0,54,121
11/05/2008,UGN,IL,AGL,CE,Federal Contract Tower,0,13,13,0,26,0,0,40,0,40,0,13,53,0,66,20,0,20,86
11/06/2008,UGN,IL,AGL,CE,Federal Contract Tower,0,9,19,1,29,0,0,16,0,16,0,9,35,1,45,10,0,10,55
11/07/2008,UGN,IL,AGL,CE,Federal Contract Tower,0,9,29,3,41,0,0,22,0,22,0,9,51,3,63,43,0,43,106
11/08/2008,UGN,IL,AGL,CE,Federal Contract Tower,0,8,9,0,17,0,0,3,2,5,0,8,12,2,22,0,0,0,22
11/09/2008,UGN,IL,AGL,CE,Federal Contract Tower,0,14,23,0,37,0,0,31,0,31,0,14,54,0,68,0,0,0,68
11/10/2008,UGN,IL,AGL,CE,Federal Contract Tower,0,11,31,0,42,0,0,48,0,48,0,11,79,0,90,62,0,62,152
11/11/2008,UGN,IL,AGL,CE,Federal Contract Tower,0,11,27,0,38,0,0,24,0,24,0,11,51,0,62,38,0,38,100
11/12/2008,UGN,IL,AGL,CE,Federal Contract Tower,0,9,29,0,38,0,0,2,0,2,0,9,31,0,40,0,0,0,40
11/13/2008,UGN,IL,AGL,CE,Federal Contract Tower,0,15,33,1,49,0,0,2,4,6,0,15,35,5,55,4,0,4,59
11/14/2008,UGN,IL,AGL,CE,Federal Contract Tower,0,13,29,1,43,0,0,19,0,19,0,13,48,1,62,39,0,39,101
11/15/2008,UGN,IL,AGL,CE,Federal Contract Tower,0,3,6,0,9,0,0,21,0,21,0,3,27,0,30,18,0,18,48
11/16/2008,UGN,IL,AGL,CE,Federal Contract Tower,0,6,29,0,35,0,0,46,0,46,0,6,75,0,81,158,0,158,239
11/17/2008,UGN,IL,AGL,CE,Federal Contract Tower,0,6,29,0,35,0,4,21,0,25,0,10,50,0,60,46,0,46,106
11/18/2008,UGN,IL,AGL,CE,Federal Contract Tower,0,6,18,0,24,0,0,56,1,57,0,6,74,1,81,38,0,38,119
11/19/2008,UGN,IL,AGL,CE,Federal Contract Tower,0,9,24,0,33,0,0,52,0,52,0,9,76,0,85,90,0,90,175
11/20/2008,UGN,IL,AGL,CE,Federal Contract Tower,0,18,21,2,41,0,0,28,0,28,0,18,49,2,69,54,0,54,123
11/21/2008,UGN,IL,AGL,CE,Federal Contract Tower,0,10,30,1,41,0,0,54,0,54,0,10,84,1,95,86,0,86,181
11/22/2008,UGN,IL,AGL,CE,Federal Contract Tower,0,5,18,0,23,0,0,92,0,92,0,5,110,0,115,124,0,124,239
11/23/2008,UGN,IL,AGL,CE,Federal Contract Tower,0,6,20,0,26,0,0,72,0,72,0,6,92,0,98,62,0,62,160
11/24/2008,UGN,IL,AGL,CE,Federal Contract Tower,0,9,19,4,32,0,0,5,0,5,0,9,24,4,37,0,0,0,37
11/25/2008,UGN,IL,AGL,CE,Federal Contract Tower,0,15,28,0,43,0,0,48,0,48,0,15,76,0,91,36,0,36,127
11/26/2008,UGN,IL,AGL,CE,Federal Contract Tower,0,9,27,0,36,0,0,70,0,70,0,9,97,0,106,123,0,123,229
11/27/2008,UGN,IL,AGL,CE,Federal Contract Tower,0,0,3,0,3,0,0,17,0,17,0,0,20,0,20,22,0,22,42
11/28/2008,UGN,IL,AGL,CE,Federal Contract Tower,0,6,11,0,17,0,0,56,0,56,0,6,67,0,73,70,0,70,143
11/29/2008,UGN,IL,AGL,CE,Federal Contract Tower,0,17,19,0,36,0,0,87,0,87,0,17,106,0,123,167,0,167,290
11/30/2008,UGN,IL,AGL,CE,Federal Contract Tower,0,27,29,0,56,0,0,4,0,4,0,27,33,0,60,8,0,8,68
12/01/2008,UGN,IL,AGL,CE,Federal Contract Tower,0,15,24,0,39,0,0,3,0,3,0,15,27,0,42,0,0,0,42
12/02/2008,UGN,IL,AGL,CE,Federal Contract Tower,0,8,27,0,35,0,0,25,0,25,0,8,52,0,60,38,0,38,98
12/03/2008,UGN,IL,AGL,CE,Federal Contract Tower,0,8,34,2,44,0,0,7,0,7,0,8,41,2,51,76,0,76,127
12/04/2008,UGN,IL,AGL,CE,Federal Contract Tower,0,8,20,0,28,0,0,26,0,26,0,8,46,0,54,56,0,56,110
12/05/2008,UGN,IL,AGL,CE,Federal Contract Tower,0,8,27,0,35,0,0,23,0,23,0,8,50,0,58,76,0,76,134
12/06/2008,UGN,IL,AGL,CE,Federal Contract Tower,0,3,12,0,15,0,0,2,0,2,0,3,14,0,17,10,0,10,27
12/07/2008,UGN,IL,AGL,CE,Federal Contract Tower,0,6,25,0,31,0,0,62,0,62,0,6,87,0,93,70,0,70,163
12/08/2008,UGN,IL,AGL,CE,Federal Contract Tower,0,6,25,0,31,0,0,19,0,19,0,6,44,0,50,16,0,16,66
12/09/2008,UGN,IL,AGL,CE,Federal Contract Tower,0,5,17,0,22,0,0,0,0,0,0,5,17,0,22,0,0,0,22
12/10/2008,UGN,IL,AGL,CE,Federal Contract Tower,0,8,21,0,29,0,0,39,1,40,0,8,60,1,69,30,0,30,99
12/11/2008,UGN,IL,AGL,CE,Federal Contract Tower,0,10,33,2,45,0,0,40,0,40,0,10,73,2,85,66,0,66,151
12/12/2008,UGN,IL,AGL,CE,Federal Contract Tower,0,6,38,2,46,0,0,41,0,41,0,6,79,2,87,68,0,68,155
12/13/2008,UGN,IL,AGL,CE,Federal Contract Tower,0,6,14,0,20,0,0,2,0,2,0,6,16,0,22,22,0,22,44
12/14/2008,UGN,IL,AGL,CE,Federal Contract Tower,0,10,11,0,21,0,0,3,0,3,0,10,14,0,24,0,0,0,24
12/15/2008,UGN,IL,AGL,CE,Federal Contract Tower,0,7,16,2,25,0,0,3,0,3,0,7,19,2,28,2,0,2,30
12/16/2008,UGN,IL,AGL,CE,Federal Contract Tower,0,8,17,0,25,0,0,15,0,15,0,8,32,0,40,34,0,34,74
12/17/2008,UGN,IL,AGL,CE,Federal Contract Tower,0,8,31,0,39,0,0,39,1,40,0,8,70,1,79,34,0,34,113
12/18/2008,UGN,IL,AGL,CE,Federal Contract Tower,0,8,29,0,37,0,0,25,0,25,0,8,54,0,62,70,0,70,132
12/19/2008,UGN,IL,AGL,CE,Federal Contract Tower,0,5,17,1,23,0,0,1,0,1,0,5,18,1,24,0,0,0,24
12/20/2008,UGN,IL,AGL,CE,Federal Contract Tower,0,18,24,0,42,0,0,23,0,23,0,18,47,0,65,30,0,30,95
12/21/2008,UGN,IL,AGL,CE,Federal Contract Tower,0,11,20,0,31,0,0,1,0,1,0,11,21,0,32,0,0,0,32
12/22/2008,UGN,IL,AGL,CE,Federal Contract Tower,0,7,17,3,27,0,0,25,1,26,0,7,42,4,53,4,0,4,57
12/23/2008,UGN,IL,AGL,CE,Federal Contract Tower,0,11,15,0,26,0,0,0,0,0,0,11,15,0,26,0,0,0,26
12/24/2008,UGN,IL,AGL,CE,Federal Contract Tower,0,5,11,0,16,0,0,0,0,0,0,5,11,0,16,0,0,0,16
12/25/2008,UGN,IL,AGL,CE,Federal Contract Tower,0,14,9,0,23,0,0,5,0,5,0,14,14,0,28,0,0,0,28
12/26/2008,UGN,IL,AGL,CE,Federal Contract Tower,0,21,24,0,45,0,0,0,0,0,0,21,24,0,45,0,0,0,45
12/27/2008,UGN,IL,AGL,CE,Federal Contract Tower,0,27,14,0,41,0,0,0,0,0,0,27,14,0,41,0,0,0,41
12/28/2008,UGN,IL,AGL,CE,Federal Contract Tower,0,12,17,0,29,0,1,22,0,23,0,13,39,0,52,27,0,27,79
12/29/2008,UGN,IL,AGL,CE,Federal Contract Tower,0,3,9,0,12,0,4,47,0,51,0,7,56,0,63,74,0,74,137
12/30/2008,UGN,IL,AGL,CE,Federal Contract Tower,0,4,13,0,17,0,0,68,0,68,0,4,81,0,85,51,0,51,136
12/31/2008,UGN,IL,AGL,CE,Federal Contract Tower,0,3,7,0,10,0,0,52,0,52,0,3,59,0,62,38,0,38,100
01/01/2009,UGN,IL,AGL,CE,Federal Contract Tower,0,0,10,0,10,0,0,5,0,5,0,0,15,0,15,4,0,4,19
01/02/2009,UGN,IL,AGL,CE,Federal Contract Tower,0,8,22,0,30,0,0,52,0,52,0,8,74,0,82,138,0,138,220
01/03/2009,UGN,IL,AGL,CE,Federal Contract Tower,0,12,18,0,30,0,0,48,0,48,0,12,66,0,78,96,0,96,174
01/04/2009,UGN,IL,AGL,CE,Federal Contract Tower,0,19,21,0,40,0,0,7,0,7,0,19,28,0,47,6,0,6,53
01/05/2009,UGN,IL,AGL,CE,Federal Contract Tower,0,10,19,0,29,0,0,52,0,52,0,10,71,0,81,84,0,84,165
01/06/2009,UGN,IL,AGL,CE,Federal Contract Tower,0,7,23,2,32,0,0,13,0,13,0,7,36,2,45,40,0,40,85
01/07/2009,UGN,IL,AGL,CE,Federal Contract Tower,0,11,19,0,30,0,0,0,0,0,0,11,19,0,30,0,0,0,30
01/08/2009,UGN,IL,AGL,CE,Federal Contract Tower,0,10,17,3,30,0,0,39,2,41,0,10,56,5,71,60,0,60,131
01/09/2009,UGN,IL,AGL,CE,Federal Contract Tower,0,7,20,0,27,0,0,0,0,0,0,7,20,0,27,0,0,0,27
01/10/2009,UGN,IL,AGL,CE,Federal Contract Tower,0,4,13,0,17,0,0,0,0,0,0,4,13,0,17,0,0,0,17
01/11/2009,UGN,IL,AGL,CE,Federal Contract Tower,0,7,15,2,24,0,0,29,0,29,0,7,44,2,53,66,0,66,119
01/12/2009,UGN,IL,AGL,CE,Federal Contract Tower,0,8,25,0,33,0,0,9,0,9,0,8,34,0,42,40,0,40,82
01/13/2009,UGN,IL,AGL,CE,Federal Contract Tower,0,6,20,0,26,0,0,9,0,9,0,6,29,0,35,0,0,0,35
01/14/2009,UGN,IL,AGL,CE,Federal Contract Tower,0,4,16,0,20,0,0,0,1,1,0,4,16,1,21,0,0,0,21
01/15/2009,UGN,IL,AGL,CE,Federal Contract Tower,0,7,33,0,40,0,0,11,3,14,0,7,44,3,54,0,0,0,54
01/16/2009,UGN,IL,AGL,CE,Federal Contract Tower,0,10,24,0,34,0,0,5,0,5,0,10,29,0,39,0,0,0,39
01/17/2009,UGN,IL,AGL,CE,Federal Contract Tower,0,5,7,0,12,0,0,0,0,0,0,5,7,0,12,0,0,0,12
01/18/2009,UGN,IL,AGL,CE,Federal Contract Tower,0,12,13,0,25,0,0,58,0,58,0,12,71,0,83,64,0,64,147
01/19/2009,UGN,IL,AGL,CE,Federal Contract Tower,0,11,22,0,33,0,0,32,0,32,0,11,54,0,65,66,0,66,131
01/20/2009,UGN,IL,AGL,CE,Federal Contract Tower,0,6,11,0,17,0,0,28,0,28,0,6,39,0,45,40,0,40,85
01/21/2009,UGN,IL,AGL,CE,Federal Contract Tower,0,11,19,0,30,0,0,34,0,34,0,11,53,0,64,36,0,36,100
01/22/2009,UGN,IL,AGL,CE,Federal Contract Tower,0,8,22,0,30,0,0,38,0,38,0,8,60,0,68,70,0,70,138
01/23/2009,UGN,IL,AGL,CE,Federal Contract Tower,0,9,20,0,29,0,0,9,0,9,0,9,29,0,38,6,0,6,44
01/24/2009,UGN,IL,AGL,CE,Federal Contract Tower,0,1,15,0,16,0,0,51,0,51,0,1,66,0,67,42,0,42,109
01/25/2009,UGN,IL,AGL,CE,Federal Contract Tower,0,5,10,0,15,0,0,39,2,41,0,5,49,2,56,64,0,64,120
01/26/2009,UGN,IL,AGL,CE,Federal Contract Tower,0,6,20,0,26,0,0,27,0,27,0,6,47,0,53,16,0,16,69
01/27/2009,UGN,IL,AGL,CE,Federal Contract Tower,0,6,22,3,31,0,0,14,1,15,0,6,36,4,46,6,0,6,52
01/28/2009,UGN,IL,AGL,CE,Federal Contract Tower,0,6,16,0,22,0,0,32,0,32,0,6,48,0,54,36,0,36,90
01/29/2009,UGN,IL,AGL,CE,Federal Contract Tower,0,7,22,0,29,0,0,1,0,1,0,7,23,0,30,10,0,10,40
01/30/2009,UGN,IL,AGL,CE,Federal Contract Tower,0,6,17,0,23,0,0,36,0,36,0,6,53,0,59,8,0,8,67
01/31/2009,UGN,IL,AGL,CE,Federal Contract Tower,0,4,13,0,17,0,0,56,0,56,0,4,69,0,73,80,0,80,153
02/01/2009,UGN,IL,AGL,CE,Federal Contract Tower,0,10,17,0,27,0,0,79,0,79,0,10,96,0,106,64,0,64,170
02/02/2009,UGN,IL,AGL,CE,Federal Contract Tower,0,6,25,0,31,0,0,41,0,41,0,6,66,0,72,40,0,40,112
02/03/2009,UGN,IL,AGL,CE,Federal Contract Tower,0,4,16,0,20,0,0,1,0,1,0,4,17,0,21,8,0,8,29
02/04/2009,UGN,IL,AGL,CE,Federal Contract Tower,0,3,31,0,34,0,0,29,0,29,0,3,60,0,63,38,0,38,101
02/05/2009,UGN,IL,AGL,CE,Federal Contract Tower,0,4,30,0,34,0,0,49,0,49,0,4,79,0,83,60,0,60,143
02/06/2009,UGN,IL,AGL,CE,Federal Contract Tower,0,7,21,0,28,0,0,62,0,62,0,7,83,0,90,84,0,84,174
02/07/2009,UGN,IL,AGL,CE,Federal Contract Tower,0,3,9,0,12,0,0,27,0,27,0,3,36,0,39,36,0,36,75
02/08/2009,UGN,IL,AGL,CE,Federal Contract Tower,0,7,14,0,21,0,0,88,0,88,0,7,102,0,109,94,0,94,203
02/09/2009,UGN,IL,AGL,CE,Federal Contract Tower,0,5,13,0,18,0,0,5,0,5,0,5,18,0,23,18,0,18,41
02/10/2009,UGN,IL,AGL,CE,Federal Contract Tower,0,4,28,0,32,0,0,24,0,24,0,4,52,0,56,14,0,14,70
02/11/2009,UGN,IL,AGL,CE,Federal Contract Tower,0,9,17,0,26,0,0,0,0,0,0,9,17,0,26,0,0,0,26
02/12/2009,UGN,IL,AGL,CE,Federal Contract Tower,0,15,32,0,47,0,0,25,0,25,0,15,57,0,72,21,0,21,93
02/13/2009,UGN,IL,AGL,CE,Federal Contract Tower,0,17,50,0,67,0,0,48,0,48,0,17,98,0,115,109,0,109,224
02/14/2009,UGN,IL,AGL,CE,Federal Contract Tower,0,7,12,0,19,0,0,19,0,19,0,7,31,0,38,82,0,82,120
02/15/2009,UGN,IL,AGL,CE,Federal Contract Tower,0,4,18,0,22,0,0,54,0,54,0,4,72,0,76,58,0,58,134
02/16/2009,UGN,IL,AGL,CE,Federal Contract Tower,0,22,27,0,49,0,0,94,1,95,0,22,121,1,144,156,0,156,300
02/17/2009,UGN,IL,AGL,CE,Federal Contract Tower,0,14,30,0,44,0,0,37,0,37,0,14,67,0,81,46,0,46,127
02/18/2009,UGN,IL,AGL,CE,Federal Contract Tower,0,8,20,0,28,0,0,0,0,0,0,8,20,0,28,0,0,0,28
02/19/2009,UGN,IL,AGL,CE,Federal Contract Tower,0,8,27,0,35,0,0,18,0,18,0,8,45,0,53,6,0,6,59
02/20/2009,UGN,IL,AGL,CE,Federal Contract Tower,0,11,42,2,55,0,0,44,0,44,0,11,86,2,99,102,0,102,201
02/21/2009,UGN,IL,AGL,CE,Federal Contract Tower,0,3,8,0,11,0,0,0,0,0,0,3,8,0,11,0,0,0,11
02/22/2009,UGN,IL,AGL,CE,Federal Contract Tower,0,11,19,0,30,0,0,54,0,54,0,11,73,0,84,44,0,44,128
02/23/2009,UGN,IL,AGL,CE,Federal Contract Tower,0,13,16,0,29,0,0,37,0,37,0,13,53,0,66,82,0,82,148
02/24/2009,UGN,IL,AGL,CE,Federal Contract Tower,0,8,32,0,40,0,0,41,0,41,0,8,73,0,81,55,0,55,136
02/25/2009,UGN,IL,AGL,CE,Federal Contract Tower,0,3,35,0,38,0,0,40,0,40,0,3,75,0,78,40,0,40,118
02/26/2009,UGN,IL,AGL,CE,Federal Contract Tower,0,4,6,0,10,0,0,0,0,0,0,4,6,0,10,0,0,0,10
02/27/2009,UGN,IL,AGL,CE,Federal Contract Tower,0,9,25,0,34,0,0,11,0,11,0,9,36,0,45,6,0,6,51
02/28/2009,UGN,IL,AGL,CE,Federal Contract Tower,0,2,12,0,14,0,0,45,0,45,0,2,57,0,59,244,0,244,303
03/01/2009,UGN,IL,AGL,CE,Federal Contract Tower,0,7,16,0,23,0,0,19,0,19,0,7,35,0,42,36,0,36,78
03/02/2009,UGN,IL,AGL,CE,Federal Contract Tower,0,1,12,0,13,0,0,7,0,7,0,1,19,0,20,0,0,0,20
03/03/2009,UGN,IL,AGL,CE,Federal Contract Tower,0,6,17,0,23,0,0,51,0,51,0,6,68,0,74,28,0,28,102
03/04/2009,UGN,IL,AGL,CE,Federal Contract Tower,0,8,20,0,28,0,0,53,0,53,0,8,73,0,81,64,0,64,145
03/05/2009,UGN,IL,AGL,CE,Federal Contract Tower,0,6,28,0,34,0,0,20,0,20,0,6,48,0,54,26,0,26,80
03/06/2009,UGN,IL,AGL,CE,Federal Contract Tower,0,6,14,0,20,0,0,85,0,85,0,6,99,0,105,142,0,142,247
03/07/2009,UGN,IL,AGL,CE,Federal Contract Tower,0,6,14,0,20,0,0,0,0,0,0,6,14,0,20,0,0,0,20
03/08/2009,UGN,IL,AGL,CE,Federal Contract Tower,0,3,0,0,3,0,0,0,0,0,0,3,0,0,3,0,0,0,3
03/09/2009,UGN,IL,AGL,CE,Federal Contract Tower,0,6,37,0,43,0,0,30,0,30,0,6,67,0,73,54,0,54,127
03/10/2009,UGN,IL,AGL,CE,Federal Contract Tower,0,6,24,0,30,0,0,0,0,0,0,6,24,0,30,0,0,0,30
03/11/2009,UGN,IL,AGL,CE,Federal Contract Tower,0,12,9,0,21,0,0,23,0,23,0,12,32,0,44,32,0,32,76
03/12/2009,UGN,IL,AGL,CE,Federal Contract Tower,0,6,25,3,34,0,0,46,0,46,0,6,71,3,80,38,0,38,118
03/13/2009,UGN,IL,AGL,CE,Federal Contract Tower,0,10,20,3,33,0,0,64,0,64,0,10,84,3,97,50,0,50,147
03/14/2009,UGN,IL,AGL,CE,Federal Contract Tower,0,3,16,0,19,0,0,117,0,117,0,3,133,0,136,212,0,212,348
03/15/2009,UGN,IL,AGL,CE,Federal Contract Tower,0,7,12,0,19,0,0,109,0,109,0,7,121,0,128,112,0,112,240
03/16/2009,UGN,IL,AGL,CE,Federal Contract Tower,0,8,18,0,26,0,0,42,0,42,0,8,60,0,68,65,0,65,133
03/17/2009,UGN,IL,AGL,CE,Federal Contract Tower,0,7,19,0,26,0,0,38,2,40,0,7,57,2,66,32,0,32,98
03/18/2009,UGN,IL,AGL,CE,Federal Contract Tower,0,4,18,0,22,0,0,37,0,37,0,4,55,0,59,120,0,120,179
03/19/2009,UGN,IL,AGL,CE,Federal Contract Tower,0,4,23,0,27,0,0,53,0,53,0,4,76,0,80,146,0,146,226
03/20/2009,UGN,IL,AGL,CE,Federal Contract Tower,0,9,28,0,37,0,0,74,0,74,0,9,102,0,111,38,0,38,149
03/21/2009,UGN,IL,AGL,CE,Federal Contract Tower,0,9,20,0,29,0,0,113,0,113,0,9,133,0,142,128,0,128,270
03/22/2009,UGN,IL,AGL,CE,Federal Contract Tower,0,4,18,0,22,0,0,69,0,69,0,4,87,0,91,118,0,118,209
03/23/2009,UGN,IL,AGL,CE,Federal Contract Tower,0,8,23,0,31,0,0,16,0,16,0,8,39,0,47,8,0,8,55
03/24/2009,UGN,IL,AGL,CE,Federal Contract Tower,0,1,16,0,17,0,0,3,0,3,0,1,19,0,20,2,0,2,22
03/25/2009,UGN,IL,AGL,CE,Federal Contract Tower,0,11,29,0,40,0,0,13,0,13,0,11,42,0,53,11,0,11,64
03/26/2009,UGN,IL,AGL,CE,Federal Contract Tower,0,4,34,2,40,0,0,58,4,62,0,4,92,6,102,58,20,78,180
03/27/2009,UGN,IL,AGL,CE,Federal Contract Tower,0,8,28,2,38,0,0,33,0,33,0,8,61,2,71,69,0,69,140
03/28/2009,UGN,IL,AGL,CE,Federal Contract Tower,0,10,19,0,29,0,0,5,0,5,0,10,24,0,34,64,0,64,98
03/29/2009,UGN,IL,AGL,CE,Federal Contract Tower,0,12,16,2,30,0,0,1,0,1,0,12,17,2,31,0,0,0,31
03/30/2009,UGN,IL,AGL,CE,Federal Contract Tower,0,5,22,0,27,0,0,54,0,54,0,5,76,0,81,72,0,72,153
03/31/2009,UGN,IL,AGL,CE,Federal Contract Tower,0,4,17,0,21,0,0,4,0,4,0,4,21,0,25,0,0,0,25
04/01/2009,UGN,IL,AGL,CE,Federal Contract Tower,0,2,22,0,24,0,0,19,0,19,0,2,41,0,43,20,0,20,63
04/02/2009,UGN,IL,AGL,CE,Federal Contract Tower,0,6,18,0,24,0,0,21,0,21,0,6,39,0,45,10,0,10,55
04/03/2009,UGN,IL,AGL,CE,Federal Contract Tower,0,7,24,0,31,0,0,25,0,25,0,7,49,0,56,18,0,18,74
04/04/2009,UGN,IL,AGL,CE,Federal Contract Tower,0,8,20,0,28,0,0,120,0,120,0,8,140,0,148,138,0,138,286
04/05/2009,UGN,IL,AGL,CE,Federal Contract Tower,0,9,30,0,39,0,0,5,0,5,0,9,35,0,44,2,0,2,46
04/06/2009,UGN,IL,AGL,CE,Federal Contract Tower,0,9,23,0,32,0,0,0,0,0,0,9,23,0,32,2,0,2,34
04/07/2009,UGN,IL,AGL,CE,Federal Contract Tower,0,9,18,0,27,0,0,33,0,33,0,9,51,0,60,8,0,8,68
04/08/2009,UGN,IL,AGL,CE,Federal Contract Tower,0,6,23,0,29,0,0,61,2,63,0,6,84,2,92,80,0,80,172
04/09/2009,UGN,IL,AGL,CE,Federal Contract Tower,0,18,36,0,54,0,0,70,0,70,0,18,106,0,124,114,0,114,238
04/10/2009,UGN,IL,AGL,CE,Federal Contract Tower,0,8,21,0,29,0,0,31,0,31,0,8,52,0,60,20,0,20,80
04/11/2009,UGN,IL,AGL,CE,Federal Contract Tower,0,4,14,0,18,0,0,108,0,108,0,4,122,0,126,182,4,186,312
04/12/2009,UGN,IL,AGL,CE,Federal Contract Tower,0,13,14,0,27,0,6,36,0,42,0,19,50,0,69,54,0,54,123
04/13/2009,UGN,IL,AGL,CE,Federal Contract Tower,0,14,25,0,39,0,0,5,0,5,0,14,30,0,44,0,0,0,44
04/14/2009,UGN,IL,AGL,CE,Federal Contract Tower,0,9,24,0,33,0,0,3,0,3,0,9,27,0,36,8,0,8,44
04/15/2009,UGN,IL,AGL,CE,Federal Contract Tower,0,10,26,0,36,0,1,54,0,55,0,11,80,0,91,68,0,68,159
04/16/2009,UGN,IL,AGL,CE,Federal Contract Tower,0,13,31,0,44,0,0,91,0,91,0,13,122,0,135,158,0,158,293
04/17/2009,UGN,IL,AGL,CE,Federal Contract Tower,0,7,22,0,29,0,0,88,0,88,0,7,110,0,117,88,0,88,205
04/18/2009,UGN,IL,AGL,CE,Federal Contract Tower,0,4,19,0,23,0,0,103,0,103,0,4,122,0,126,218,0,218,344
04/19/2009,UGN,IL,AGL,CE,Federal Contract Tower,0,13,23,0,36,0,0,0,0,0,0,13,23,0,36,0,0,0,36
04/20/2009,UGN,IL,AGL,CE,Federal Contract Tower,0,8,33,0,41,0,0,5,3,8,0,8,38,3,49,0,0,0,49
04/21/2009,UGN,IL,AGL,CE,Federal Contract Tower,0,7,22,0,29,0,0,3,1,4,0,7,25,1,33,0,0,0,33
04/22/2009,UGN,IL,AGL,CE,Federal Contract Tower,0,8,30,0,38,0,0,63,0,63,0,8,93,0,101,72,0,72,173
04/23/2009,UGN,IL,AGL,CE,Federal Contract Tower,0,24,29,0,53,0,0,56,0,56,0,24,85,0,109,76,0,76,185
04/24/2009,UGN,IL,AGL,CE,Federal Contract Tower,0,7,39,1,47,0,0,58,0,58,0,7,97,1,105,98,0,98,203
04/25/2009,UGN,IL,AGL,CE,Federal Contract Tower,0,4,16,0,20,0,0,0,0,0,0,4,16,0,20,0,0,0,20
04/26/2009,UGN,IL,AGL,CE,Federal Contract Tower,0,3,20,1,24,0,0,5,0,5,0,3,25,1,29,0,0,0,29
04/27/2009,UGN,IL,AGL,CE,Federal Contract Tower,0,3,29,0,32,0,0,7,0,7,0,3,36,0,39,0,0,0,39
04/28/2009,UGN,IL,AGL,CE,Federal Contract Tower,0,8,26,0,34,0,0,29,0,29,0,8,55,0,63,16,0,16,79
04/29/2009,UGN,IL,AGL,CE,Federal Contract Tower,0,13,40,0,53,0,0,2,0,2,0,13,42,0,55,16,0,16,71
04/30/2009,UGN,IL,AGL,CE,Federal Contract Tower,0,16,22,0,38,0,0,4,0,4,0,16,26,0,42,0,0,0,42
05/01/2009,UGN,IL,AGL,CE,Federal Contract Tower,0,8,23,0,31,0,0,60,0,60,0,8,83,0,91,90,0,90,181
05/02/2009,UGN,IL,AGL,CE,Federal Contract Tower,0,4,8,0,12,0,0,87,0,87,0,4,95,0,99,102,0,102,201
05/03/2009,UGN,IL,AGL,CE,Federal Contract Tower,0,9,21,0,30,0,0,86,0,86,0,9,107,0,116,158,0,158,274
05/04/2009,UGN,IL,AGL,CE,Federal Contract Tower,0,6,12,2,20,0,0,53,3,56,0,6,65,5,76,92,6,98,174
05/05/2009,UGN,IL,AGL,CE,Federal Contract Tower,0,9,23,3,35,0,0,44,0,44,0,9,67,3,79,38,0,38,117
05/06/2009,UGN,IL,AGL,CE,Federal Contract Tower,0,15,19,0,34,0,0,19,0,19,0,15,38,0,53,40,0,40,93
05/07/2009,UGN,IL,AGL,CE,Federal Contract Tower,0,10,42,0,52,0,0,36,2,38,0,10,78,2,90,4,0,4,94
05/08/2009,UGN,IL,AGL,CE,Federal Contract Tower,0,10,25,0,35,0,0,49,0,49,0,10,74,0,84,66,0,66,150
05/09/2009,UGN,IL,AGL,CE,Federal Contract Tower,0,14,20,0,34,0,0,21,0,21,0,14,41,0,55,66,0,66,121
05/10/2009,UGN,IL,AGL,CE,Federal Contract Tower,0,8,20,0,28,0,0,51,0,51,0,8,71,0,79,74,0,74,153
05/11/2009,UGN,IL,AGL,CE,Federal Contract Tower,0,11,34,2,47,0,0,56,0,56,0,11,90,2,103,36,0,36,139
05/12/2009,UGN,IL,AGL,CE,Federal Contract Tower,0,8,35,2,45,0,0,57,0,57,0,8,92,2,102,73,0,73,175
05/13/2009,UGN,IL,AGL,CE,Federal Contract Tower,0,8,25,2,35,0,0,0,0,0,0,8,25,2,35,0,0,0,35
05/14/2009,UGN,IL,AGL,CE,Federal Contract Tower,0,9,27,2,38,0,0,50,3,53,0,9,77,5,91,88,0,88,179
05/15/2009,UGN,IL,AGL,CE,Federal Contract Tower,0,12,24,0,36,0,0,20,0,20,0,12,44,0,56,20,0,20,76
05/16/2009,UGN,IL,AGL,CE,Federal Contract Tower,0,3,12,0,15,0,0,51,0,51,0,3,63,0,66,90,0,90,156
05/17/2009,UGN,IL,AGL,CE,Federal Contract Tower,0,4,25,0,29,0,0,114,0,114,0,4,139,0,143,112,0,112,255
05/18/2009,UGN,IL,AGL,CE,Federal Contract Tower,0,3,34,1,38,0,0,50,0,50,0,3,84,1,88,106,0,106,194
05/19/2009,UGN,IL,AGL,CE,Federal Contract Tower,0,3,29,0,32,0,0,41,0,41,0,3,70,0,73,97,0,97,170
05/20/2009,UGN,IL,AGL,CE,Federal Contract Tower,0,12,29,0,41,0,0,49,2,51,0,12,78,2,92,70,18,88,180
05/21/2009,UGN,IL,AGL,CE,Federal Contract Tower,0,7,27,0,34,0,0,55,0,55,0,7,82,0,89,92,0,92,181
05/22/2009,UGN,IL,AGL,CE,Federal Contract Tower,0,16,28,0,44,0,0,75,0,75,0,16,103,0,119,142,0,142,261
05/23/2009,UGN,IL,AGL,CE,Federal Contract Tower,0,3,10,0,13,0,0,70,2,72,0,3,80,2,85,190,0,190,275
05/24/2009,UGN,IL,AGL,CE,Federal Contract Tower,0,8,23,0,31,0,0,67,3,70,0,8,90,3,101,66,2,68,169
05/25/2009,UGN,IL,AGL,CE,Federal Contract Tower,0,14,16,2,32,0,0,34,2,36,0,14,50,4,68,64,0,64,132
05/26/2009,UGN,IL,AGL,CE,Federal Contract Tower,0,11,42,0,53,0,0,9,4,13,0,11,51,4,66,51,0,51,117
05/27/2009,UGN,IL,AGL,CE,Federal Contract Tower,0,6,19,2,27,0,0,0,0,0,0,6,19,2,27,2,0,2,29
05/28/2009,UGN,IL,AGL,CE,Federal Contract Tower,0,14,36,1,51,0,0,22,5,27,0,14,58,6,78,52,0,52,130
05/29/2009,UGN,IL,AGL,CE,Federal Contract Tower,0,14,33,1,48,0,0,77,3,80,0,14,110,4,128,64,2,66,194
05/30/2009,UGN,IL,AGL,CE,Federal Contract Tower,0,1,13,1,15,0,0,89,2,91,0,1,102,3,106,122,0,122,228
05/31/2009,UGN,IL,AGL,CE,Federal Contract Tower,0,8,24,1,33,0,0,109,5,114,0,8,133,6,147,104,0,104,251
06/01/2009,UGN,IL,AGL,CE,Federal Contract Tower,0,4,18,0,22,0,0,19,2,21,0,4,37,2,43,46,0,46,89
06/02/2009,UGN,IL,AGL,CE,Federal Contract Tower,0,10,17,0,27,0,0,38,4,42,0,10,55,4,69,108,2,110,179
06/03/2009,UGN,IL,AGL,CE,Federal Contract Tower,0,8,14,3,25,0,0,39,6,45,0,8,53,9,70,104,0,104,174
06/04/2009,UGN,IL,AGL,CE,Federal Contract Tower,0,7,29,2,38,0,0,82,8,90,0,7,111,10,128,130,0,130,258
06/05/2009,UGN,IL,AGL,CE,Federal Contract Tower,0,6,36,2,44,0,0,73,4,77,0,6,109,6,121,132,8,140,261
06/06/2009,UGN,IL,AGL,CE,Federal Contract Tower,0,7,10,0,17,0,0,85,2,87,0,7,95,2,104,143,0,143,247
06/07/2009,UGN,IL,AGL,CE,Federal Contract Tower,0,9,17,0,26,0,0,23,0,23,0,9,40,0,49,76,14,90,139
06/08/2009,UGN,IL,AGL,CE,Federal Contract Tower,0,3,24,0,27,0,0,1,0,1,0,3,25,0,28,0,16,16,44
06/09/2009,UGN,IL,AGL,CE,Federal Contract Tower,0,7,39,2,48,0,0,60,2,62,0,7,99,4,110,132,0,132,242
06/10/2009,UGN,IL,AGL,CE,Federal Contract Tower,0,2,23,0,25,0,0,51,10,61,0,2,74,10,86,82,2,84,170
06/11/2009,UGN,IL,AGL,CE,Federal Contract Tower,0,9,30,0,39,0,0,22,1,23,0,9,52,1,62,28,0,28,90
06/12/2009,UGN,IL,AGL,CE,Federal Contract Tower,0,2,26,0,28,0,0,89,6,95,0,2,115,6,123,98,0,98,221
06/13/2009,UGN,IL,AGL,CE,Federal Contract Tower,0,7,24,0,31,0,0,41,2,43,0,7,65,2,74,106,0,106,180
06/14/2009,UGN,IL,AGL,CE,Federal Contract Tower,0,0,15,16,31,0,0,89,4,93,0,0,104,20,124,128,0,128,252
06/15/2009,UGN,IL,AGL,CE,Federal Contract Tower,0,12,22,2,36,0,0,46,3,49,0,12,68,5,85,82,0,82,167
06/16/2009,UGN,IL,AGL,CE,Federal Contract Tower,0,11,26,0,37,0,0,37,4,41,0,11,63,4,78,36,0,36,114
06/17/2009,UGN,IL,AGL,CE,Federal Contract Tower,0,11,25,4,40,0,0,2,0,2,0,11,27,4,42,26,0,26,68
06/18/2009,UGN,IL,AGL,CE,Federal Contract Tower,0,8,25,0,33,0,0,38,2,40,0,8,63,2,73,66,0,66,139
06/19/2009,UGN,IL,AGL,CE,Federal Contract Tower,0,12,32,0,44,0,0,9,2,11,0,12,41,2,55,20,0,20,75
06/20/2009,UGN,IL,AGL,CE,Federal Contract Tower,0,5,8,0,13,0,0,95,4,99,0,5,103,4,112,128,4,132,244
06/21/2009,UGN,IL,AGL,CE,Federal Contract Tower,0,9,24,2,35,0,0,66,5,71,0,9,90,7,106,104,2,106,212
06/22/2009,UGN,IL,AGL,CE,Federal Contract Tower,0,13,24,0,37,0,0,51,7,58,0,13,75,7,95,92,0,92,187
06/23/2009,UGN,IL,AGL,CE,Federal Contract Tower,0,10,31,0,41,0,0,73,11,84,0,10,104,11,125,52,4,56,181
06/24/2009,UGN,IL,AGL,CE,Federal Contract Tower,0,5,18,0,23,0,0,55,4,59,0,5,73,4,82,16,2,18,100
06/25/2009,UGN,IL,AGL,CE,Federal Contract Tower,0,19,35,0,54,0,1,50,6,57,0,20,85,6,111,62,0,62,173
06/26/2009,UGN,IL,AGL,CE,Federal Contract Tower,0,14,35,2,51,0,0,85,4,89,0,14,120,6,140,81,0,81,221
06/27/2009,UGN,IL,AGL,CE,Federal Contract Tower,0,4,13,0,17,0,0,70,2,72,0,4,83,2,89,64,0,64,153
06/28/2009,UGN,IL,AGL,CE,Federal Contract Tower,0,10,28,0,38,0,0,50,2,52,0,10,78,2,90,14,0,14,104
06/29/2009,UGN,IL,AGL,CE,Federal Contract Tower,0,1,18,0,19,0,0,33,4,37,0,1,51,4,56,66,29,95,151
06/30/2009,UGN,IL,AGL,CE,Federal Contract Tower,0,4,29,0,33,0,0,47,1,48,0,4,76,1,81,80,0,80,161
07/01/2009,UGN,IL,AGL,CE,Federal Contract Tower,0,8,43,3,54,0,0,16,2,18,0,8,59,5,72,44,12,56,128
07/02/2009,UGN,IL,AGL,CE,Federal Contract Tower,0,10,50,2,62,0,0,100,3,103,0,10,150,5,165,162,0,162,327
07/03/2009,UGN,IL,AGL,CE,Federal Contract Tower,0,5,19,0,24,0,0,85,2,87,0,5,104,2,111,173,0,173,284
07/04/2009,UGN,IL,AGL,CE,Federal Contract Tower,0,3,8,0,11,0,0,27,4,31,0,3,35,4,42,18,0,18,60
07/05/2009,UGN,IL,AGL,CE,Federal Contract Tower,0,10,18,0,28,0,0,98,2,100,0,10,116,2,128,114,0,114,242
07/06/2009,UGN,IL,AGL,CE,Federal Contract Tower,0,6,18,0,24,0,0,71,6,77,0,6,89,6,101,94,0,94,195
07/07/2009,UGN,IL,AGL,CE,Federal Contract Tower,0,6,19,0,25,0,0,49,3,52,0,6,68,3,77,83,0,83,160
07/08/2009,UGN,IL,AGL,CE,Federal Contract Tower,0,9,21,0,30,0,0,40,0,40,0,9,61,0,70,94,0,94,164
07/09/2009,UGN,IL,AGL,CE,Federal Contract Tower,0,8,35,1,44,0,0,74,2,76,0,8,109,3,120,100,0,100,220
07/10/2009,UGN,IL,AGL,CE,Federal Contract Tower,0,5,26,2,33,0,0,18,8,26,0,5,44,10,59,38,0,38,97
07/11/2009,UGN,IL,AGL,CE,Federal Contract Tower,0,4,25,3,32,0,0,58,2,60,0,4,83,5,92,194,0,194,286
07/12/2009,UGN,IL,AGL,CE,Federal Contract Tower,0,14,30,0,44,0,0,79,2,81,0,14,109,2,125,196,0,196,321
07/13/2009,UGN,IL,AGL,CE,Federal Contract Tower,0,9,22,0,31,0,0,60,4,64,0,9,82,4,95,92,12,104,199
07/14/2009,UGN,IL,AGL,CE,Federal Contract Tower,0,10,24,0,34,0,0,37,2,39,0,10,61,2,73,50,0,50,123
07/15/2009,UGN,IL,AGL,CE,Federal Contract Tower,0,11,38,2,51,0,0,28,3,31,0,11,66,5,82,46,0,46,128
07/16/2009,UGN,IL,AGL,CE,Federal Contract Tower,0,9,44,2,55,0,0,79,5,84,0,9,123,7,139,46,0,46,185
07/17/2009,UGN,IL,AGL,CE,Federal Contract Tower,0,20,29,1,50,0,0,81,6,87,0,20,110,7,137,144,8,152,289
07/18/2009,UGN,IL,AGL,CE,Federal Contract Tower,0,4,13,0,17,0,0,84,4,88,0,4,97,4,105,124,0,124,229
07/19/2009,UGN,IL,AGL,CE,Federal Contract Tower,0,9,21,2,32,0,0,67,1,68,0,9,88,3,100,64,24,88,188
07/20/2009,UGN,IL,AGL,CE,Federal Contract Tower,0,6,22,2,30,0,0,64,3,67,0,6,86,5,97,106,0,106,203
07/21/2009,UGN,IL,AGL,CE,Federal Contract Tower,0,4,31,0,35,0,0,82,2,84,0,4,113,2,119,88,0,88,207
07/22/2009,UGN,IL,AGL,CE,Federal Contract Tower,0,12,31,0,43,0,0,33,0,33,0,12,64,0,76,160,0,160,236
07/23/2009,UGN,IL,AGL,CE,Federal Contract Tower,0,4,32,0,36,0,0,25,4,29,0,4,57,4,65,76,0,76,141
07/24/2009,UGN,IL,AGL,CE,Federal Contract Tower,0,11,32,2,45,0,0,98,0,98,0,11,130,2,143,116,0,116,259
07/25/2009,UGN,IL,AGL,CE,Federal Contract Tower,0,11,13,3,27,0,0,63,6,69,0,11,76,9,96,66,2,68,164
07/26/2009,UGN,IL,AGL,CE,Federal Contract Tower,0,12,27,0,39,0,0,66,4,70,0,12,93,4,109,130,0,130,239
07/27/2009,UGN,IL,AGL,CE,Federal Contract Tower,0,6,21,0,27,0,0,53,4,57,0,6,74,4,84,82,4,86,170
07/28/2009,UGN,IL,AGL,CE,Federal Contract Tower,0,14,28,0,42,0,0,67,3,70,0,14,95,3,112,72,0,72,184
07/29/2009,UGN,IL,AGL,CE,Federal Contract Tower,0,6,21,0,27,0,0,86,5,91,0,6,107,5,118,36,0,36,154
07/30/2009,UGN,IL,AGL,CE,Federal Contract Tower,0,5,38,0,43,0,0,46,4,50,0,5,84,4,93,42,0,42,135
07/31/2009,UGN,IL,AGL,CE,Federal Contract Tower,0,14,29,1,44,0,0,77,2,79,0,14,106,3,123,54,0,54,177
08/01/2009,UGN,IL,AGL,CE,Federal Contract Tower,0,5,22,0,27,0,0,27,2,29,0,5,49,2,56,41,0,41,97
08/02/2009,UGN,IL,AGL,CE,Federal Contract Tower,0,16,32,1,49,0,0,95,4,99,0,16,127,5,148,68,0,68,216
08/03/2009,UGN,IL,AGL,CE,Federal Contract Tower,0,8,24,0,32,0,0,35,0,35,0,8,59,0,67,46,0,46,113
08/04/2009,UGN,IL,AGL,CE,Federal Contract Tower,0,6,17,0,23,0,0,60,4,64,0,6,77,4,87,164,0,164,251
08/05/2009,UGN,IL,AGL,CE,Federal Contract Tower,0,10,18,0,28,0,0,77,2,79,0,10,95,2,107,76,0,76,183
08/06/2009,UGN,IL,AGL,CE,Federal Contract Tower,0,10,26,0,36,0,0,95,5,100,0,10,121,5,136,108,0,108,244
08/07/2009,UGN,IL,AGL,CE,Federal Contract Tower,0,11,25,1,37,0,0,20,2,22,0,11,45,3,59,58,0,58,117
08/08/2009,UGN,IL,AGL,CE,Federal Contract Tower,0,9,13,0,22,0,0,18,2,20,0,9,31,2,42,24,0,24,66
08/09/2009,UGN,IL,AGL,CE,Federal Contract Tower,0,13,25,0,38,0,0,50,4,54,0,13,75,4,92,56,0,56,148
08/10/2009,UGN,IL,AGL,CE,Federal Contract Tower,0,6,43,0,49,0,0,36,1,37,0,6,79,1,86,72,0,72,158
08/11/2009,UGN,IL,AGL,CE,Federal Contract Tower,0,5,31,2,38,0,0,73,1,74,0,5,104,3,112,108,0,108,220
08/12/2009,UGN,IL,AGL,CE,Federal Contract Tower,0,13,21,0,34,0,0,90,6,96,0,13,111,6,130,82,0,82,212
08/13/2009,UGN,IL,AGL,CE,Federal Contract Tower,0,11,25,0,36,0,0,83,3,86,0,11,108,3,122,156,0,156,278
08/14/2009,UGN,IL,AGL,CE,Federal Contract Tower,0,12,31,2,45,0,0,83,6,89,0,12,114,8,134,60,0,60,194
08/15/2009,UGN,IL,AGL,CE,Federal Contract Tower,0,10,7,2,19,0,0,65,4,69,0,10,72,6,88,148,0,148,236
08/16/2009,UGN,IL,AGL,CE,Federal Contract Tower,0,13,25,0,38,0,0,23,4,27,0,13,48,4,65,14,16,30,95
08/17/2009,UGN,IL,AGL,CE,Federal Contract Tower,0,8,30,0,38,0,0,9,1,10,0,8,39,1,48,40,0,40,88
08/18/2009,UGN,IL,AGL,CE,Federal Contract Tower,0,6,25,0,31,0,0,72,4,76,0,6,97,4,107,70,0,70,177
08/19/2009,UGN,IL,AGL,CE,Federal Contract Tower,0,9,32,2,43,0,1,59,4,64,0,10,91,6,107,70,0,70,177
08/20/2009,UGN,IL,AGL,CE,Federal Contract Tower,0,7,29,4,40,0,0,37,5,42,0,7,66,9,82,48,0,48,130
08/21/2009,UGN,IL,AGL,CE,Federal Contract Tower,0,4,33,1,38,0,0,26,2,28,0,4,59,3,66,116,0,116,182
08/22/2009,UGN,IL,AGL,CE,Federal Contract Tower,0,7,27,0,34,0,0,78,0,78,0,7,105,0,112,182,0,182,294
08/23/2009,UGN,IL,AGL,CE,Federal Contract Tower,0,10,37,1,48,0,0,94,4,98,0,10,131,5,146,60,0,60,206
08/24/2009,UGN,IL,AGL,CE,Federal Contract Tower,0,5,26,0,31,0,0,79,5,84,0,5,105,5,115,64,0,64,179
08/25/2009,UGN,IL,AGL,CE,Federal Contract Tower,0,8,31,1,40,0,0,61,3,64,0,8,92,4,104,100,0,100,204
08/26/2009,UGN,IL,AGL,CE,Federal Contract Tower,0,9,28,5,42,0,0,19,1,20,0,9,47,6,62,35,0,35,97
08/27/2009,UGN,IL,AGL,CE,Federal Contract Tower,0,8,40,0,48,0,0,9,6,15,0,8,49,6,63,28,0,28,91
08/28/2009,UGN,IL,AGL,CE,Federal Contract Tower,0,12,36,5,53,0,0,2,2,4,0,12,38,7,57,14,0,14,71
08/29/2009,UGN,IL,AGL,CE,Federal Contract Tower,0,3,16,1,20,0,0,56,9,65,0,3,72,10,85,118,0,118,203
08/30/2009,UGN,IL,AGL,CE,Federal Contract Tower,0,10,27,0,37,0,0,94,3,97,0,10,121,3,134,46,2,48,182
08/31/2009,UGN,IL,AGL,CE,Federal Contract Tower,0,5,39,0,44,0,0,50,3,53,0,5,89,3,97,58,4,62,159
09/01/2009,UGN,IL,AGL,CE,Federal Contract Tower,0,7,25,0,32,0,0,90,3,93,0,7,115,3,125,140,0,140,265
09/02/2009,UGN,IL,AGL,CE,Federal Contract Tower,0,5,36,4,45,0,0,79,10,89,0,5,115,14,134,75,6,81,215
09/03/2009,UGN,IL,AGL,CE,Federal Contract Tower,0,9,20,0,29,0,0,86,3,89,0,9,106,3,118,97,10,107,225
09/04/2009,UGN,IL,AGL,CE,Federal Contract Tower,0,12,30,1,43,0,0,77,2,79,0,12,107,3,122,144,0,144,266
09/05/2009,UGN,IL,AGL,CE,Federal Contract Tower,0,1,22,1,24,0,0,77,0,77,0,1,99,1,101,74,0,74,175
09/06/2009,UGN,IL,AGL,CE,Federal Contract Tower,0,4,5,0,9,0,0,36,0,36,0,4,41,0,45,36,0,36,81
09/07/2009,UGN,IL,AGL,CE,Federal Contract Tower,0,11,26,0,37,0,0,43,4,47,0,11,69,4,84,84,4,88,172
09/08/2009,UGN,IL,AGL,CE,Federal Contract Tower,0,3,27,0,30,0,0,39,1,40,0,3,66,1,70,82,0,82,152
09/09/2009,UGN,IL,AGL,CE,Federal Contract Tower,0,3,30,0,33,0,0,4,0,4,0,3,34,0,37,10,0,10,47
09/10/2009,UGN,IL,AGL,CE,Federal Contract Tower,0,10,39,0,49,0,0,53,1,54,0,10,92,1,103,84,0,84,187
09/11/2009,UGN,IL,AGL,CE,Federal Contract Tower,0,5,29,0,34,0,0,63,1,64,0,5,92,1,98,92,0,92,190
09/12/2009,UGN,IL,AGL,CE,Federal Contract Tower,0,8,8,0,16,0,0,86,0,86,0,8,94,0,102,62,0,62,164
09/13/2009,UGN,IL,AGL,CE,Federal Contract Tower,0,15,21,0,36,0,0,74,0,74,0,15,95,0,110,52,0,52,162
09/14/2009,UGN,IL,AGL,CE,Federal Contract Tower,0,3,27,0,30,0,0,40,2,42,0,3,67,2,72,44,0,44,116
09/15/2009,UGN,IL,AGL,CE,Federal Contract Tower,0,4,34,0,38,0,0,52,3,55,0,4,86,3,93,94,0,94,187
09/16/2009,UGN,IL,AGL,CE,Federal Contract Tower,0,12,31,0,43,0,0,54,0,54,0,12,85,0,97,64,0,64,161
09/17/2009,UGN,IL,AGL,CE,Federal Contract Tower,0,7,31,0,38,0,0,71,2,73,0,7,102,2,111,80,0,80,191
09/18/2009,UGN,IL,AGL,CE,Federal Contract Tower,0,12,33,0,45,0,0,67,1,68,0,12,100,1,113,82,0,82,195
09/19/2009,UGN,IL,AGL,CE,Federal Contract Tower,0,4,15,0,19,0,0,90,0,90,0,4,105,0,109,246,0,246,355
09/20/2009,UGN,IL,AGL,CE,Federal Contract Tower,0,7,18,2,27,0,0,65,0,65,0,7,83,2,92,62,0,62,154
09/21/2009,UGN,IL,AGL,CE,Federal Contract Tower,0,8,36,0,44,0,0,23,0,23,0,8,59,0,67,30,0,30,97
09/22/2009,UGN,IL,AGL,CE,Federal Contract Tower,0,9,31,0,40,0,0,6,0,6,0,9,37,0,46,16,0,16,62
09/23/2009,UGN,IL,AGL,CE,Federal Contract Tower,0,12,39,0,51,0,0,26,0,26,0,12,65,0,77,64,0,64,141
09/24/2009,UGN,IL,AGL,CE,Federal Contract Tower,0,10,25,0,35,0,0,26,0,26,0,10,51,0,61,37,0,37,98
09/25/2009,UGN,IL,AGL,CE,Federal Contract Tower,0,12,21,0,33,0,0,28,0,28,0,12,49,0,61,20,0,20,81
09/26/2009,UGN,IL,AGL,CE,Federal Contract Tower,0,7,13,0,20,0,0,28,0,28,0,7,41,0,48,60,0,60,108
09/27/2009,UGN,IL,AGL,CE,Federal Contract Tower,0,11,23,0,34,0,0,59,0,59,0,11,82,0,93,54,0,54,147
09/28/2009,UGN,IL,AGL,CE,Federal Contract Tower,0,11,25,0,36,0,0,4,0,4,0,11,29,0,40,0,0,0,40
09/29/2009,UGN,IL,AGL,CE,Federal Contract Tower,0,7,23,0,30,0,0,29,0,29,0,7,52,0,59,40,0,40,99
09/30/2009,UGN,IL,AGL,CE,Federal Contract Tower,0,16,29,0,45,0,0,67,0,67,0,16,96,0,112,86,0,86,198
10/01/2009,UGN,IL,AGL,CE,Federal Contract Tower,0,11,35,0,46,0,0,39,0,39,0,11,74,0,85,78,0,78,163
10/02/2009,UGN,IL,AGL,CE,Federal Contract Tower,0,11,18,0,29,0,0,15,1,16,0,11,33,1,45,80,0,80,125
10/03/2009,UGN,IL,AGL,CE,Federal Contract Tower,0,7,22,0,29,0,0,13,0,13,0,7,35,0,42,59,0,59,101
10/04/2009,UGN,IL,AGL,CE,Federal Contract Tower,0,11,9,1,21,0,0,32,0,32,0,11,41,1,53,90,0,90,143
10/05/2009,UGN,IL,AGL,CE,Federal Contract Tower,0,9,35,0,44,0,0,37,0,37,0,9,72,0,81,86,0,86,167
10/06/2009,UGN,IL,AGL,CE,Federal Contract Tower,0,2,31,0,33,0,0,6,0,6,0,2,37,0,39,0,0,0,39
10/07/2009,UGN,IL,AGL,CE,Federal Contract Tower,0,13,28,0,41,0,0,51,0,51,0,13,79,0,92,42,0,42,134
10/08/2009,UGN,IL,AGL,CE,Federal Contract Tower,0,16,47,0,63,0,0,21,2,23,0,16,68,2,86,36,0,36,122
10/09/2009,UGN,IL,AGL,CE,Federal Contract Tower,0,19,41,0,60,0,0,7,0,7,0,19,48,0,67,10,0,10,77
10/10/2009,UGN,IL,AGL,CE,Federal Contract Tower,0,11,7,0,18,0,0,72,0,72,0,11,79,0,90,80,0,80,170
10/11/2009,UGN,IL,AGL,CE,Federal Contract Tower,0,11,25,1,37,0,0,81,0,81,0,11,106,1,118,70,0,70,188
10/12/2009,UGN,IL,AGL,CE,Federal Contract Tower,0,10,30,0,40,0,0,34,0,34,0,10,64,0,74,62,0,62,136
10/13/2009,UGN,IL,AGL,CE,Federal Contract Tower,0,9,21,0,30,0,0,49,0,49,0,9,70,0,79,120,0,120,199
10/14/2009,UGN,IL,AGL,CE,Federal Contract Tower,0,8,29,0,37,0,0,26,0,26,0,8,55,0,63,52,0,52,115
10/15/2009,UGN,IL,AGL,CE,Federal Contract Tower,0,7,21,0,28,0,0,0,0,0,0,7,21,0,28,0,0,0,28
10/16/2009,UGN,IL,AGL,CE,Federal Contract Tower,0,8,27,0,35,0,0,30,0,30,0,8,57,0,65,52,0,52,117
10/17/2009,UGN,IL,AGL,CE,Federal Contract Tower,0,5,19,0,24,0,0,71,0,71,0,5,90,0,95,75,0,75,170
10/18/2009,UGN,IL,AGL,CE,Federal Contract Tower,0,13,25,0,38,0,0,104,0,104,0,13,129,0,142,100,0,100,242
10/19/2009,UGN,IL,AGL,CE,Federal Contract Tower,0,15,24,0,39,0,0,33,0,33,0,15,57,0,72,42,0,42,114
10/20/2009,UGN,IL,AGL,CE,Federal Contract Tower,0,4,35,0,39,0,0,37,4,41,0,4,72,4,80,106,0,106,186
10/21/2009,UGN,IL,AGL,CE,Federal Contract Tower,0,6,29,0,35,0,0,44,0,44,0,6,73,0,79,76,0,76,155
10/22/2009,UGN,IL,AGL,CE,Federal Contract Tower,0,12,37,0,49,0,0,0,0,0,0,12,37,0,49,0,0,0,49
10/23/2009,UGN,IL,AGL,CE,Federal Contract Tower,0,8,18,0,26,0,0,0,0,0,0,8,18,0,26,0,0,0,26
10/24/2009,UGN,IL,AGL,CE,Federal Contract Tower,0,5,18,0,23,0,0,45,0,45,0,5,63,0,68,108,0,108,176
10/25/2009,UGN,IL,AGL,CE,Federal Contract Tower,0,9,18,0,27,0,0,65,0,65,0,9,83,0,92,102,0,102,194
10/26/2009,UGN,IL,AGL,CE,Federal Contract Tower,0,4,25,0,29,0,0,4,0,4,0,4,29,0,33,26,0,26,59
10/27/2009,UGN,IL,AGL,CE,Federal Contract Tower,0,5,29,0,34,0,0,45,0,45,0,5,74,0,79,86,0,86,165
10/28/2009,UGN,IL,AGL,CE,Federal Contract Tower,0,8,47,2,57,0,0,3,0,3,0,8,50,2,60,0,0,0,60
10/29/2009,UGN,IL,AGL,CE,Federal Contract Tower,0,8,30,0,38,0,0,36,1,37,0,8,66,1,75,98,0,98,173
10/30/2009,UGN,IL,AGL,CE,Federal Contract Tower,0,4,23,1,28,0,0,0,0,0,0,4,23,1,28,14,0,14,42
10/31/2009,UGN,IL,AGL,CE,Federal Contract Tower,0,4,11,0,15,0,0,30,0,30,0,4,41,0,45,34,0,34,79
11/01/2009,UGN,IL,AGL,CE,Federal Contract Tower,0,11,33,0,44,0,0,99,0,99,0,11,132,0,143,82,0,82,225
11/02/2009,UGN,IL,AGL,CE,Federal Contract Tower,0,9,20,0,29,0,0,36,0,36,0,9,56,0,65,10,0,10,75
11/03/2009,UGN,IL,AGL,CE,Federal Contract Tower,0,19,32,0,51,0,0,70,0,70,0,19,102,0,121,82,0,82,203
11/04/2009,UGN,IL,AGL,CE,Federal Contract Tower,0,8,34,0,42,0,0,39,0,39,0,8,73,0,81,84,0,84,165
11/05/2009,UGN,IL,AGL,CE,Federal Contract Tower,0,12,31,0,43,0,0,89,0,89,0,12,120,0,132,108,0,108,240
11/06/2009,UGN,IL,AGL,CE,Federal Contract Tower,0,14,19,0,33,0,0,53,0,53,0,14,72,0,86,74,0,74,160
11/07/2009,UGN,IL,AGL,CE,Federal Contract Tower,0,5,13,0,18,0,0,71,0,71,0,5,84,0,89,92,0,92,181
11/08/2009,UGN,IL,AGL,CE,Federal Contract Tower,0,14,25,0,39,0,1,79,0,80,0,15,104,0,119,110,0,110,229
11/09/2009,UGN,IL,AGL,CE,Federal Contract Tower,0,4,28,0,32,0,0,49,2,51,0,4,77,2,83,48,0,48,131
11/10/2009,UGN,IL,AGL,CE,Federal Contract Tower,0,4,26,0,30,0,0,48,0,48,0,4,74,0,78,82,0,82,160
11/11/2009,UGN,IL,AGL,CE,Federal Contract Tower,0,7,23,0,30,0,0,89,0,89,0,7,112,0,119,60,0,60,179
11/12/2009,UGN,IL,AGL,CE,Federal Contract Tower,0,10,30,0,40,0,0,59,2,61,0,10,89,2,101,32,0,32,133
11/13/2009,UGN,IL,AGL,CE,Federal Contract Tower,0,8,25,0,33,0,0,64,0,64,0,8,89,0,97,144,0,144,241
11/14/2009,UGN,IL,AGL,CE,Federal Contract Tower,0,5,15,0,20,0,0,82,0,82,0,5,97,0,102,152,0,152,254
11/15/2009,UGN,IL,AGL,CE,Federal Contract Tower,0,8,22,0,30,0,0,79,0,79,0,8,101,0,109,126,0,126,235
11/16/2009,UGN,IL,AGL,CE,Federal Contract Tower,0,9,28,2,39,0,0,26,0,26,0,9,54,2,65,62,0,62,127
11/17/2009,UGN,IL,AGL,CE,Federal Contract Tower,0,8,25,1,34,0,0,17,0,17,0,8,42,1,51,76,0,76,127
11/18/2009,UGN,IL,AGL,CE,Federal Contract Tower,0,10,25,2,37,0,0,0,0,0,0,10,25,2,37,0,0,0,37
11/19/2009,UGN,IL,AGL,CE,Federal Contract Tower,0,11,33,3,47,0,0,3,2,5,0,11,36,5,52,26,4,30,82
11/20/2009,UGN,IL,AGL,CE,Federal Contract Tower,0,7,33,2,42,0,0,70,0,70,0,7,103,2,112,200,0,200,312
11/21/2009,UGN,IL,AGL,CE,Federal Contract Tower,0,9,19,1,29,0,0,95,0,95,0,9,114,1,124,152,0,152,276
11/22/2009,UGN,IL,AGL,CE,Federal Contract Tower,0,7,11,0,18,0,0,67,0,67,0,7,78,0,85,164,0,164,249
11/23/2009,UGN,IL,AGL,CE,Federal Contract Tower,0,9,36,0,45,0,0,3,0,3,0,9,39,0,48,0,0,0,48
11/24/2009,UGN,IL,AGL,CE,Federal Contract Tower,0,20,25,0,45,0,0,0,0,0,0,20,25,0,45,0,0,0,45
11/25/2009,UGN,IL,AGL,CE,Federal Contract Tower,0,11,27,0,38,0,0,0,0,0,0,11,27,0,38,6,0,6,44
11/26/2009,UGN,IL,AGL,CE,Federal Contract Tower,0,1,6,0,7,0,0,2,0,2,0,1,8,0,9,0,0,0,9
11/27/2009,UGN,IL,AGL,CE,Federal Contract Tower,0,0,9,0,9,0,0,59,0,59,0,0,68,0,68,98,0,98,166
11/28/2009,UGN,IL,AGL,CE,Federal Contract Tower,0,6,15,0,21,0,0,116,0,116,0,6,131,0,137,178,0,178,315
11/29/2009,UGN,IL,AGL,CE,Federal Contract Tower,0,24,32,0,56,0,0,2,0,2,0,24,34,0,58,10,0,10,68
11/30/2009,UGN,IL,AGL,CE,Federal Contract Tower,0,12,30,0,42,0,0,35,0,35,0,12,65,0,77,56,0,56,133
12/01/2009,UGN,IL,AGL,CE,Federal Contract Tower,0,14,25,0,39,0,0,81,0,81,0,14,106,0,120,114,8,122,242
12/02/2009,UGN,IL,AGL,CE,Federal Contract Tower,0,10,16,0,26,0,0,23,0,23,0,10,39,0,49,54,0,54,103
12/03/2009,UGN,IL,AGL,CE,Federal Contract Tower,0,11,14,0,25,0,0,2,0,2,0,11,16,0,27,6,0,6,33
12/04/2009,UGN,IL,AGL,CE,Federal Contract Tower,0,5,39,0,44,0,0,19,0,19,0,5,58,0,63,16,0,16,79
12/05/2009,UGN,IL,AGL,CE,Federal Contract Tower,0,4,9,0,13,0,0,67,0,67,0,4,76,0,80,114,0,114,194
12/06/2009,UGN,IL,AGL,CE,Federal Contract Tower,0,7,9,0,16,0,0,75,0,75,0,7,84,0,91,62,0,62,153
12/07/2009,UGN,IL,AGL,CE,Federal Contract Tower,0,3,26,0,29,0,0,3,0,3,0,3,29,0,32,0,0,0,32
12/08/2009,UGN,IL,AGL,CE,Federal Contract Tower,0,7,29,0,36,0,0,0,0,0,0,7,29,0,36,0,0,0,36
12/09/2009,UGN,IL,AGL,CE,Federal Contract Tower,0,4,17,0,21,0,0,1,0,1,0,4,18,0,22,0,0,0,22
12/10/2009,UGN,IL,AGL,CE,Federal Contract Tower,0,10,31,0,41,0,0,9,0,9,0,10,40,0,50,0,0,0,50
12/11/2009,UGN,IL,AGL,CE,Federal Contract Tower,0,9,29,0,38,0,0,32,0,32,0,9,61,0,70,24,0,24,94
12/12/2009,UGN,IL,AGL,CE,Federal Contract Tower,0,3,8,0,11,0,0,70,0,70,0,3,78,0,81,118,0,118,199
12/13/2009,UGN,IL,AGL,CE,Federal Contract Tower,0,6,8,0,14,0,0,2,0,2,0,6,10,0,16,18,0,18,34
12/14/2009,UGN,IL,AGL,CE,Federal Contract Tower,0,5,21,0,26,0,0,0,0,0,0,5,21,0,26,0,0,0,26
12/15/2009,UGN,IL,AGL,CE,Federal Contract Tower,0,6,27,0,33,0,0,40,0,40,0,6,67,0,73,47,0,47,120
12/16/2009,UGN,IL,AGL,CE,Federal Contract Tower,0,11,41,0,52,0,0,59,0,59,0,11,100,0,111,108,0,108,219
12/17/2009,UGN,IL,AGL,CE,Federal Contract Tower,0,4,23,0,27,0,0,64,2,66,0,4,87,2,93,97,0,97,190
12/18/2009,UGN,IL,AGL,CE,Federal Contract Tower,0,10,24,0,34,0,0,10,0,10,0,10,34,0,44,36,0,36,80
12/19/2009,UGN,IL,AGL,CE,Federal Contract Tower,0,8,18,0,26,0,0,0,0,0,0,8,18,0,26,0,0,0,26
12/20/2009,UGN,IL,AGL,CE,Federal Contract Tower,0,7,5,0,12,0,0,17,0,17,0,7,22,0,29,90,0,90,119
12/21/2009,UGN,IL,AGL,CE,Federal Contract Tower,0,3,9,0,12,0,0,5,0,5,0,3,14,0,17,16,0,16,33
12/22/2009,UGN,IL,AGL,CE,Federal Contract Tower,0,19,14,0,33,0,0,0,0,0,0,19,14,0,33,0,0,0,33
12/23/2009,UGN,IL,AGL,CE,Federal Contract Tower,0,13,10,0,23,0,0,0,0,0,0,13,10,0,23,0,0,0,23
12/24/2009,UGN,IL,AGL,CE,Federal Contract Tower,0,6,10,0,16,0,0,1,0,1,0,6,11,0,17,0,0,0,17
12/25/2009,UGN,IL,AGL,CE,Federal Contract Tower,0,5,5,0,10,0,0,0,0,0,0,5,5,0,10,0,0,0,10
12/26/2009,UGN,IL,AGL,CE,Federal Contract Tower,0,19,37,0,56,0,0,0,0,0,0,19,37,0,56,0,0,0,56
12/27/2009,UGN,IL,AGL,CE,Federal Contract Tower,0,16,23,0,39,0,0,1,0,1,0,16,24,0,40,0,0,0,40
12/28/2009,UGN,IL,AGL,CE,Federal Contract Tower,0,13,16,2,31,0,0,11,0,11,0,13,27,2,42,6,0,6,48
12/29/2009,UGN,IL,AGL,CE,Federal Contract Tower,11,16,0,2,29,0,0,79,2,81,11,16,79,4,110,125,2,127,237
12/30/2009,UGN,IL,AGL,CE,Federal Contract Tower,0,6,6,0,12,0,0,2,0,2,0,6,8,0,14,0,0,0,14
12/31/2009,UGN,IL,AGL,CE,Federal Contract Tower,0,3,6,0,9,0,0,4,0,4,0,3,10,0,13,10,0,10,23
01/01/2010,UGN,IL,AGL,CE,Federal Contract Tower,0,2,8,0,10,0,0,3,0,3,0,2,11,0,13,0,0,0,13
01/02/2010,UGN,IL,AGL,CE,Federal Contract Tower,0,14,11,0,25,0,0,45,0,45,0,14,56,0,70,34,0,34,104
01/03/2010,UGN,IL,AGL,CE,Federal Contract Tower,0,10,29,0,39,0,0,29,0,29,0,10,58,0,68,50,0,50,118
01/04/2010,UGN,IL,AGL,CE,Federal Contract Tower,0,17,16,4,37,0,0,20,0,20,0,17,36,4,57,10,0,10,67
01/05/2010,UGN,IL,AGL,CE,Federal Contract Tower,0,8,19,2,29,0,0,21,1,22,0,8,40,3,51,12,0,12,63
01/06/2010,UGN,IL,AGL,CE,Federal Contract Tower,0,14,20,0,34,0,0,8,0,8,0,14,28,0,42,62,0,62,104
01/07/2010,UGN,IL,AGL,CE,Federal Contract Tower,0,9,10,0,19,0,0,0,0,0,0,9,10,0,19,0,0,0,19
01/08/2010,UGN,IL,AGL,CE,Federal Contract Tower,0,4,19,2,25,0,0,6,0,6,0,4,25,2,31,22,0,22,53
01/09/2010,UGN,IL,AGL,CE,Federal Contract Tower,0,4,10,0,14,0,0,34,0,34,0,4,44,0,48,58,0,58,106
01/10/2010,UGN,IL,AGL,CE,Federal Contract Tower,0,15,18,0,33,0,0,55,0,55,0,15,73,0,88,40,0,40,128
01/11/2010,UGN,IL,AGL,CE,Federal Contract Tower,0,5,25,0,30,0,2,18,0,20,0,7,43,0,50,30,0,30,80
01/12/2010,UGN,IL,AGL,CE,Federal Contract Tower,0,7,16,0,23,0,0,32,0,32,0,7,48,0,55,55,0,55,110
01/13/2010,UGN,IL,AGL,CE,Federal Contract Tower,0,8,21,0,29,0,0,46,0,46,0,8,67,0,75,54,0,54,129
01/14/2010,UGN,IL,AGL,CE,Federal Contract Tower,0,10,30,0,40,0,0,13,0,13,0,10,43,0,53,10,0,10,63
01/15/2010,UGN,IL,AGL,CE,Federal Contract Tower,0,2,35,0,37,0,0,5,0,5,0,2,40,0,42,46,0,46,88
01/16/2010,UGN,IL,AGL,CE,Federal Contract Tower,0,3,21,0,24,0,0,0,0,0,0,3,21,0,24,0,0,0,24
01/17/2010,UGN,IL,AGL,CE,Federal Contract Tower,0,1,17,0,18,0,0,0,0,0,0,1,17,0,18,6,0,6,24
01/18/2010,UGN,IL,AGL,CE,Federal Contract Tower,0,13,28,0,41,0,0,16,1,17,0,13,44,1,58,59,0,59,117
01/19/2010,UGN,IL,AGL,CE,Federal Contract Tower,0,3,29,0,32,0,0,46,3,49,0,3,75,3,81,54,0,54,135
01/20/2010,UGN,IL,AGL,CE,Federal Contract Tower,0,15,21,0,36,0,0,20,0,20,0,15,41,0,56,32,0,32,88
01/21/2010,UGN,IL,AGL,CE,Federal Contract Tower,0,15,35,0,50,0,0,8,0,8,0,15,43,0,58,10,0,10,68
01/22/2010,UGN,IL,AGL,CE,Federal Contract Tower,0,12,27,0,39,0,0,0,0,0,0,12,27,0,39,12,0,12,51
01/23/2010,UGN,IL,AGL,CE,Federal Contract Tower,0,3,10,0,13,0,0,0,0,0,0,3,10,0,13,0,0,0,13
01/24/2010,UGN,IL,AGL,CE,Federal Contract Tower,0,9,22,0,31,0,0,0,2,2,0,9,22,2,33,0,0,0,33
01/25/2010,UGN,IL,AGL,CE,Federal Contract Tower,0,3,19,0,22,0,0,8,1,9,0,3,27,1,31,36,0,36,67
01/26/2010,UGN,IL,AGL,CE,Federal Contract Tower,0,11,25,0,36,0,0,21,0,21,0,11,46,0,57,28,0,28,85
01/27/2010,UGN,IL,AGL,CE,Federal Contract Tower,0,9,17,0,26,0,0,15,0,15,0,9,32,0,41,12,0,12,53
01/28/2010,UGN,IL,AGL,CE,Federal Contract Tower,0,3,18,0,21,0,0,25,0,25,0,3,43,0,46,14,0,14,60
01/29/2010,UGN,IL,AGL,CE,Federal Contract Tower,0,9,19,0,28,0,0,41,0,41,0,9,60,0,69,48,0,48,117
01/30/2010,UGN,IL,AGL,CE,Federal Contract Tower,0,3,15,0,18,0,0,40,0,40,0,3,55,0,58,98,0,98,156
01/31/2010,UGN,IL,AGL,CE,Federal Contract Tower,0,9,17,0,26,0,0,87,2,89,0,9,104,2,115,98,0,98,213
02/01/2010,UGN,IL,AGL,CE,Federal Contract Tower,0,6,28,0,34,0,0,16,0,16,0,6,44,0,50,18,0,18,68
02/02/2010,UGN,IL,AGL,CE,Federal Contract Tower,0,9,24,0,33,0,0,0,0,0,0,9,24,0,33,0,0,0,33
02/03/2010,UGN,IL,AGL,CE,Federal Contract Tower,0,3,25,0,28,0,0,28,1,29,0,3,53,1,57,26,0,26,83
02/04/2010,UGN,IL,AGL,CE,Federal Contract Tower,0,8,26,0,34,0,0,27,1,28,0,8,53,1,62,138,0,138,200
02/05/2010,UGN,IL,AGL,CE,Federal Contract Tower,0,5,18,0,23,0,0,8,0,8,0,5,26,0,31,0,0,0,31
02/06/2010,UGN,IL,AGL,CE,Federal Contract Tower,0,5,3,0,8,0,0,26,0,26,0,5,29,0,34,78,0,78,112
02/07/2010,UGN,IL,AGL,CE,Federal Contract Tower,0,5,13,0,18,0,0,49,0,49,0,5,62,0,67,98,0,98,165
02/08/2010,UGN,IL,AGL,CE,Federal Contract Tower,0,5,26,0,31,0,0,10,0,10,0,5,36,0,41,30,0,30,71
02/09/2010,UGN,IL,AGL,CE,Federal Contract Tower,0,3,2,0,5,0,0,0,0,0,0,3,2,0,5,0,0,0,5
02/10/2010,UGN,IL,AGL,CE,Federal Contract Tower,0,7,26,0,33,0,0,8,0,8,0,7,34,0,41,3,0,3,44
02/11/2010,UGN,IL,AGL,CE,Federal Contract Tower,0,23,34,0,57,0,0,44,0,44,0,23,78,0,101,42,0,42,143
02/12/2010,UGN,IL,AGL,CE,Federal Contract Tower,0,10,30,0,40,0,0,37,0,37,0,10,67,0,77,84,0,84,161
02/13/2010,UGN,IL,AGL,CE,Federal Contract Tower,0,6,15,0,21,0,0,85,0,85,0,6,100,0,106,88,0,88,194
02/14/2010,UGN,IL,AGL,CE,Federal Contract Tower,0,5,14,0,19,0,0,60,0,60,0,5,74,0,79,52,0,52,131
02/15/2010,UGN,IL,AGL,CE,Federal Contract Tower,0,12,31,0,43,0,0,10,0,10,0,12,41,0,53,32,0,32,85
02/16/2010,UGN,IL,AGL,CE,Federal Contract Tower,0,8,24,0,32,0,0,9,0,9,0,8,33,0,41,18,0,18,59
02/17/2010,UGN,IL,AGL,CE,Federal Contract Tower,0,6,42,0,48,0,0,19,1,20,0,6,61,1,68,44,0,44,112
02/18/2010,UGN,IL,AGL,CE,Federal Contract Tower,0,6,36,0,42,0,0,53,0,53,0,6,89,0,95,66,0,66,161
02/19/2010,UGN,IL,AGL,CE,Federal Contract Tower,0,5,36,2,43,0,2,77,0,79,0,7,113,2,122,82,0,82,204
02/20/2010,UGN,IL,AGL,CE,Federal Contract Tower,0,4,14,0,18,0,0,1,0,1,0,4,15,0,19,0,0,0,19
02/21/2010,UGN,IL,AGL,CE,Federal Contract Tower,0,10,16,0,26,0,0,1,0,1,0,10,17,0,27,0,0,0,27
02/22/2010,UGN,IL,AGL,CE,Federal Contract Tower,0,8,23,0,31,0,0,0,0,0,0,8,23,0,31,0,0,0,31
02/23/2010,UGN,IL,AGL,CE,Federal Contract Tower,0,7,20,0,27,0,0,20,0,20,0,7,40,0,47,2,0,2,49
02/24/2010,UGN,IL,AGL,CE,Federal Contract Tower,0,13,19,0,32,0,0,0,0,0,0,13,19,0,32,0,0,0,32
02/25/2010,UGN,IL,AGL,CE,Federal Contract Tower,0,10,23,0,33,0,0,56,0,56,0,10,79,0,89,76,0,76,165
02/26/2010,UGN,IL,AGL,CE,Federal Contract Tower,0,1,23,0,24,0,0,49,0,49,0,1,72,0,73,96,0,96,169
02/27/2010,UGN,IL,AGL,CE,Federal Contract Tower,0,2,7,0,9,0,0,24,0,24,0,2,31,0,33,90,0,90,123
02/28/2010,UGN,IL,AGL,CE,Federal Contract Tower,0,7,20,0,27,0,0,37,0,37,0,7,57,0,64,74,0,74,138
03/01/2010,UGN,IL,AGL,CE,Federal Contract Tower,0,8,23,0,31,0,0,14,0,14,0,8,37,0,45,66,0,66,111
03/02/2010,UGN,IL,AGL,CE,Federal Contract Tower,0,13,22,0,35,0,0,17,0,17,0,13,39,0,52,50,0,50,102
03/03/2010,UGN,IL,AGL,CE,Federal Contract Tower,0,8,22,0,30,0,1,45,0,46,0,9,67,0,76,84,0,84,160
03/04/2010,UGN,IL,AGL,CE,Federal Contract Tower,0,11,30,0,41,0,0,87,0,87,0,11,117,0,128,108,0,108,236
03/05/2010,UGN,IL,AGL,CE,Federal Contract Tower,0,10,28,0,38,0,0,62,0,62,0,10,90,0,100,34,0,34,134
03/06/2010,UGN,IL,AGL,CE,Federal Contract Tower,0,1,13,0,14,0,0,111,0,111,0,1,124,0,125,80,0,80,205
03/07/2010,UGN,IL,AGL,CE,Federal Contract Tower,0,8,15,0,23,0,0,18,0,18,0,8,33,0,41,60,0,60,101
03/08/2010,UGN,IL,AGL,CE,Federal Contract Tower,0,5,22,0,27,0,0,2,0,2,0,5,24,0,29,4,0,4,33
03/09/2010,UGN,IL,AGL,CE,Federal Contract Tower,0,9,13,0,22,0,0,2,0,2,0,9,15,0,24,34,0,34,58
03/10/2010,UGN,IL,AGL,CE,Federal Contract Tower,0,12,14,0,26,0,0,5,0,5,0,12,19,0,31,10,0,10,41
03/11/2010,UGN,IL,AGL,CE,Federal Contract Tower,0,14,19,0,33,0,0,3,0,3,0,14,22,0,36,0,0,0,36
03/12/2010,UGN,IL,AGL,CE,Federal Contract Tower,0,5,24,0,29,0,0,42,0,42,0,5,66,0,71,30,0,30,101
03/13/2010,UGN,IL,AGL,CE,Federal Contract Tower,0,4,7,0,11,0,0,0,0,0,0,4,7,0,11,0,0,0,11
03/14/2010,UGN,IL,AGL,CE,Federal Contract Tower,0,0,5,23,28,0,0,24,0,24,0,0,29,23,52,48,0,48,100
03/15/2010,UGN,IL,AGL,CE,Federal Contract Tower,0,5,29,0,34,0,0,37,0,37,0,5,66,0,71,60,0,60,131
03/16/2010,UGN,IL,AGL,CE,Federal Contract Tower,0,6,40,0,46,0,0,74,0,74,0,6,114,0,120,110,0,110,230
03/17/2010,UGN,IL,AGL,CE,Federal Contract Tower,0,5,20,0,25,0,0,63,0,63,0,5,83,0,88,100,0,100,188
03/18/2010,UGN,IL,AGL,CE,Federal Contract Tower,0,6,36,0,42,0,0,66,0,66,0,6,102,0,108,68,0,68,176
03/19/2010,UGN,IL,AGL,CE,Federal Contract Tower,0,17,36,0,53,0,0,61,0,61,0,17,97,0,114,70,0,70,184
03/20/2010,UGN,IL,AGL,CE,Federal Contract Tower,0,7,16,0,23,0,0,0,0,0,0,7,16,0,23,0,0,0,23
03/21/2010,UGN,IL,AGL,CE,Federal Contract Tower,0,11,24,0,35,0,0,47,0,47,0,11,71,0,82,54,0,54,136
03/22/2010,UGN,IL,AGL,CE,Federal Contract Tower,0,5,26,0,31,0,0,43,2,45,0,5,69,2,76,72,0,72,148
03/23/2010,UGN,IL,AGL,CE,Federal Contract Tower,0,13,26,0,39,0,0,66,2,68,0,13,92,2,107,49,0,49,156
03/24/2010,UGN,IL,AGL,CE,Federal Contract Tower,0,10,32,0,42,0,0,40,6,46,0,10,72,6,88,42,0,42,130
03/25/2010,UGN,IL,AGL,CE,Federal Contract Tower,0,8,27,0,35,0,0,1,0,1,0,8,28,0,36,14,0,14,50
03/26/2010,UGN,IL,AGL,CE,Federal Contract Tower,0,11,23,0,34,0,0,69,0,69,0,11,92,0,103,88,0,88,191
03/27/2010,UGN,IL,AGL,CE,Federal Contract Tower,0,17,16,0,33,0,0,73,0,73,0,17,89,0,106,86,0,86,192
03/28/2010,UGN,IL,AGL,CE,Federal Contract Tower,0,7,18,0,25,0,0,40,0,40,0,7,58,0,65,132,0,132,197
03/29/2010,UGN,IL,AGL,CE,Federal Contract Tower,0,5,22,0,27,0,0,38,0,38,0,5,60,0,65,22,0,22,87
03/30/2010,UGN,IL,AGL,CE,Federal Contract Tower,0,2,23,1,26,0,0,42,0,42,0,2,65,1,68,74,0,74,142
03/31/2010,UGN,IL,AGL,CE,Federal Contract Tower,0,12,18,1,31,0,0,36,0,36,0,12,54,1,67,32,0,32,99
04/01/2010,UGN,IL,AGL,CE,Federal Contract Tower,0,11,20,0,31,0,0,58,0,58,0,11,78,0,89,62,0,62,151
04/02/2010,UGN,IL,AGL,CE,Federal Contract Tower,0,5,19,0,24,0,0,50,0,50,0,5,69,0,74,58,0,58,132
04/03/2010,UGN,IL,AGL,CE,Federal Contract Tower,0,11,17,0,28,0,0,16,0,16,0,11,33,0,44,30,0,30,74
04/04/2010,UGN,IL,AGL,CE,Federal Contract Tower,0,10,19,0,29,0,0,23,0,23,0,10,42,0,52,6,0,6,58
04/05/2010,UGN,IL,AGL,CE,Federal Contract Tower,0,15,35,0,50,0,0,45,0,45,0,15,80,0,95,80,1,81,176
04/06/2010,UGN,IL,AGL,CE,Federal Contract Tower,0,11,19,0,30,0,0,4,0,4,0,11,23,0,34,12,0,12,46
04/07/2010,UGN,IL,AGL,CE,Federal Contract Tower,0,18,20,0,38,0,0,0,0,0,0,18,20,0,38,0,0,0,38
04/08/2010,UGN,IL,AGL,CE,Federal Contract Tower,0,5,39,0,44,0,0,8,0,8,0,5,47,0,52,16,0,16,68
04/09/2010,UGN,IL,AGL,CE,Federal Contract Tower,0,5,20,1,26,0,1,82,2,85,0,6,102,3,111,152,0,152,263
04/10/2010,UGN,IL,AGL,CE,Federal Contract Tower,0,5,16,0,21,0,0,76,0,76,0,5,92,0,97,90,0,90,187
04/11/2010,UGN,IL,AGL,CE,Federal Contract Tower,0,8,14,1,23,0,0,69,0,69,0,8,83,1,92,56,0,56,148
04/12/2010,UGN,IL,AGL,CE,Federal Contract Tower,0,6,49,0,55,0,0,23,0,23,0,6,72,0,78,26,0,26,104
04/13/2010,UGN,IL,AGL,CE,Federal Contract Tower,0,7,32,4,43,0,0,40,0,40,0,7,72,4,83,74,0,74,157
04/14/2010,UGN,IL,AGL,CE,Federal Contract Tower,0,5,31,0,36,0,0,57,0,57,0,5,88,0,93,57,0,57,150
04/15/2010,UGN,IL,AGL,CE,Federal Contract Tower,0,6,38,0,44,0,0,29,3,32,0,6,67,3,76,38,0,38,114
04/16/2010,UGN,IL,AGL,CE,Federal Contract Tower,0,12,40,0,52,0,0,56,0,56,0,12,96,0,108,34,0,34,142
04/17/2010,UGN,IL,AGL,CE,Federal Contract Tower,0,6,6,0,12,0,0,98,0,98,0,6,104,0,110,120,0,120,230
04/18/2010,UGN,IL,AGL,CE,Federal Contract Tower,0,12,12,0,24,0,0,107,0,107,0,12,119,0,131,104,0,104,235
04/19/2010,UGN,IL,AGL,CE,Federal Contract Tower,0,3,30,0,33,0,0,40,0,40,0,3,70,0,73,38,0,38,111
04/20/2010,UGN,IL,AGL,CE,Federal Contract Tower,0,9,31,0,40,0,0,50,4,54,0,9,81,4,94,76,0,76,170
04/21/2010,UGN,IL,AGL,CE,Federal Contract Tower,0,11,33,0,44,0,0,55,0,55,0,11,88,0,99,80,0,80,179
04/22/2010,UGN,IL,AGL,CE,Federal Contract Tower,0,13,34,0,47,0,0,75,0,75,0,13,109,0,122,140,0,140,262
04/23/2010,UGN,IL,AGL,CE,Federal Contract Tower,0,7,39,0,46,0,0,37,2,39,0,7,76,2,85,42,0,42,127
04/24/2010,UGN,IL,AGL,CE,Federal Contract Tower,0,5,10,0,15,0,0,0,0,0,0,5,10,0,15,0,0,0,15
04/25/2010,UGN,IL,AGL,CE,Federal Contract Tower,0,13,28,0,41,0,0,0,0,0,0,13,28,0,41,0,0,0,41
04/26/2010,UGN,IL,AGL,CE,Federal Contract Tower,0,10,39,0,49,0,0,44,0,44,0,10,83,0,93,90,0,90,183
04/27/2010,UGN,IL,AGL,CE,Federal Contract Tower,0,7,44,0,51,0,0,57,0,57,0,7,101,0,108,74,0,74,182
04/28/2010,UGN,IL,AGL,CE,Federal Contract Tower,0,13,26,0,39,0,0,75,0,75,0,13,101,0,114,72,0,72,186
04/29/2010,UGN,IL,AGL,CE,Federal Contract Tower,0,11,42,0,53,0,0,24,0,24,0,11,66,0,77,14,0,14,91
04/30/2010,UGN,IL,AGL,CE,Federal Contract Tower,0,21,21,1,43,0,0,12,0,12,0,21,33,1,55,6,0,6,61
05/01/2010,UGN,IL,AGL,CE,Federal Contract Tower,0,2,11,0,13,0,0,55,0,55,0,2,66,0,68,140,0,140,208
05/02/2010,UGN,IL,AGL,CE,Federal Contract Tower,0,6,30,1,37,0,0,39,0,39,0,6,69,1,76,76,0,76,152
05/03/2010,UGN,IL,AGL,CE,Federal Contract Tower,0,5,21,0,26,0,0,45,0,45,0,5,66,0,71,56,0,56,127
05/04/2010,UGN,IL,AGL,CE,Federal Contract Tower,0,5,27,0,32,0,0,52,0,52,0,5,79,0,84,103,0,103,187
05/05/2010,UGN,IL,AGL,CE,Federal Contract Tower,0,12,36,0,48,0,0,18,0,18,0,12,54,0,66,8,0,8,74
05/06/2010,UGN,IL,AGL,CE,Federal Contract Tower,0,9,41,0,50,0,0,73,0,73,0,9,114,0,123,133,0,133,256
05/07/2010,UGN,IL,AGL,CE,Federal Contract Tower,0,9,38,0,47,0,0,0,0,0,0,9,38,0,47,0,0,0,47
05/08/2010,UGN,IL,AGL,CE,Federal Contract Tower,0,11,14,0,25,0,0,19,0,19,0,11,33,0,44,70,0,70,114
05/09/2010,UGN,IL,AGL,CE,Federal Contract Tower,0,9,29,0,38,0,0,58,0,58,0,9,87,0,96,69,0,69,165
05/10/2010,UGN,IL,AGL,CE,Federal Contract Tower,0,7,26,0,33,0,0,51,0,51,0,7,77,0,84,38,0,38,122
05/11/2010,UGN,IL,AGL,CE,Federal Contract Tower,0,6,28,0,34,0,0,0,0,0,0,6,28,0,34,0,0,0,34
05/12/2010,UGN,IL,AGL,CE,Federal Contract Tower,0,6,34,0,40,0,0,0,0,0,0,6,34,0,40,0,0,0,40
05/13/2010,UGN,IL,AGL,CE,Federal Contract Tower,0,11,23,0,34,0,0,1,0,1,0,11,24,0,35,18,0,18,53
05/14/2010,UGN,IL,AGL,CE,Federal Contract Tower,0,10,28,0,38,0,0,67,0,67,0,10,95,0,105,46,0,46,151
05/15/2010,UGN,IL,AGL,CE,Federal Contract Tower,0,5,18,0,23,0,0,159,0,159,0,5,177,0,182,106,0,106,288
05/16/2010,UGN,IL,AGL,CE,Federal Contract Tower,0,13,24,0,37,0,0,61,0,61,0,13,85,0,98,60,0,60,158
05/17/2010,UGN,IL,AGL,CE,Federal Contract Tower,0,7,41,0,48,0,0,28,0,28,0,7,69,0,76,48,0,48,124
05/18/2010,UGN,IL,AGL,CE,Federal Contract Tower,0,13,24,1,38,0,0,44,0,44,0,13,68,1,82,146,0,146,228
05/19/2010,UGN,IL,AGL,CE,Federal Contract Tower,0,2,34,2,38,0,0,83,0,83,0,2,117,2,121,69,0,69,190
05/20/2010,UGN,IL,AGL,CE,Federal Contract Tower,0,17,35,0,52,0,0,73,0,73,0,17,108,0,125,85,0,85,210
05/21/2010,UGN,IL,AGL,CE,Federal Contract Tower,0,5,38,0,43,0,0,4,0,4,0,5,42,0,47,4,0,4,51
05/22/2010,UGN,IL,AGL,CE,Federal Contract Tower,0,6,21,0,27,0,0,51,0,51,0,6,72,0,78,90,0,90,168
05/23/2010,UGN,IL,AGL,CE,Federal Contract Tower,0,4,18,0,22,0,0,104,0,104,0,4,122,0,126,98,0,98,224
05/24/2010,UGN,IL,AGL,CE,Federal Contract Tower,0,7,29,0,36,0,0,51,0,51,0,7,80,0,87,76,0,76,163
05/25/2010,UGN,IL,AGL,CE,Federal Contract Tower,0,13,25,0,38,0,0,68,0,68,0,13,93,0,106,147,0,147,253
05/26/2010,UGN,IL,AGL,CE,Federal Contract Tower,0,12,34,0,46,0,0,38,0,38,0,12,72,0,84,84,0,84,168
05/27/2010,UGN,IL,AGL,CE,Federal Contract Tower,0,11,30,1,42,0,0,62,2,64,0,11,92,3,106,94,0,94,200
05/28/2010,UGN,IL,AGL,CE,Federal Contract Tower,0,28,52,0,80,0,0,98,0,98,0,28,150,0,178,156,0,156,334
05/29/2010,UGN,IL,AGL,CE,Federal Contract Tower,0,3,22,0,25,0,0,83,4,87,0,3,105,4,112,106,0,106,218
05/30/2010,UGN,IL,AGL,CE,Federal Contract Tower,0,5,14,0,19,0,0,48,4,52,0,5,62,4,71,62,4,66,137
05/31/2010,UGN,IL,AGL,CE,Federal Contract Tower,0,15,42,0,57,0,0,25,4,29,0,15,67,4,86,74,0,74,160
06/01/2010,UGN,IL,AGL,CE,Federal Contract Tower,0,10,37,0,47,0,0,62,6,68,0,10,99,6,115,108,0,108,223
06/02/2010,UGN,IL,AGL,CE,Federal Contract Tower,0,5,38,3,46,0,0,36,10,46,0,5,74,13,92,110,0,110,202
06/03/2010,UGN,IL,AGL,CE,Federal Contract Tower,0,6,35,0,41,0,0,94,7,101,0,6,129,7,142,184,6,190,332
06/04/2010,UGN,IL,AGL,CE,Federal Contract Tower,0,10,30,3,43,0,0,40,0,40,0,10,70,3,83,110,0,110,193
06/05/2010,UGN,IL,AGL,CE,Federal Contract Tower,0,3,10,2,15,0,0,41,0,41,0,3,51,2,56,68,0,68,124
06/06/2010,UGN,IL,AGL,CE,Federal Contract Tower,0,10,17,1,28,0,0,42,3,45,0,10,59,4,73,90,2,92,165
06/07/2010,UGN,IL,AGL,CE,Federal Contract Tower,0,12,36,0,48,0,0,56,0,56,0,12,92,0,104,112,0,112,216
06/08/2010,UGN,IL,AGL,CE,Federal Contract Tower,0,11,29,0,40,0,0,3,2,5,0,11,32,2,45,6,0,6,51
06/09/2010,UGN,IL,AGL,CE,Federal Contract Tower,0,11,27,2,40,0,0,30,3,33,0,11,57,5,73,44,0,44,117
06/10/2010,UGN,IL,AGL,CE,Federal Contract Tower,0,6,29,0,35,0,0,95,1,96,0,6,124,1,131,110,0,110,241
06/11/2010,UGN,IL,AGL,CE,Federal Contract Tower,0,6,36,0,42,0,0,34,1,35,0,6,70,1,77,18,0,18,95
06/12/2010,UGN,IL,AGL,CE,Federal Contract Tower,0,1,12,3,16,0,0,6,0,6,0,1,18,3,22,14,0,14,36
06/13/2010,UGN,IL,AGL,CE,Federal Contract Tower,0,9,33,0,42,0,0,6,2,8,0,9,39,2,50,10,4,14,64
06/14/2010,UGN,IL,AGL,CE,Federal Contract Tower,0,15,35,0,50,0,0,1,1,2,0,15,36,1,52,4,0,4,56
06/15/2010,UGN,IL,AGL,CE,Federal Contract Tower,0,15,31,0,46,0,0,0,1,1,0,15,31,1,47,0,0,0,47
06/16/2010,UGN,IL,AGL,CE,Federal Contract Tower,0,14,33,1,48,0,0,93,3,96,0,14,126,4,144,88,0,88,232
06/17/2010,UGN,IL,AGL,CE,Federal Contract Tower,0,12,24,0,36,0,0,104,4,108,0,12,128,4,144,148,8,156,300
06/18/2010,UGN,IL,AGL,CE,Federal Contract Tower,0,11,31,1,43,0,0,30,2,32,0,11,61,3,75,26,0,26,101
06/19/2010,UGN,IL,AGL,CE,Federal Contract Tower,0,7,19,0,26,0,0,73,6,79,0,7,92,6,105,72,0,72,177
06/20/2010,UGN,IL,AGL,CE,Federal Contract Tower,0,10,28,0,38,0,0,58,2,60,0,10,86,2,98,80,0,80,178
06/21/2010,UGN,IL,AGL,CE,Federal Contract Tower,0,7,33,0,40,0,0,38,2,40,0,7,71,2,80,64,0,64,144
06/22/2010,UGN,IL,AGL,CE,Federal Contract Tower,0,10,36,2,48,0,0,51,0,51,0,10,87,2,99,60,0,60,159
06/23/2010,UGN,IL,AGL,CE,Federal Contract Tower,0,14,27,2,43,0,0,23,4,27,0,14,50,6,70,0,0,0,70
06/24/2010,UGN,IL,AGL,CE,Federal Contract Tower,0,7,38,3,48,0,0,84,1,85,0,7,122,4,133,112,0,112,245
06/25/2010,UGN,IL,AGL,CE,Federal Contract Tower,0,9,35,1,45,0,0,85,4,89,0,9,120,5,134,100,0,100,234
06/26/2010,UGN,IL,AGL,CE,Federal Contract Tower,0,12,15,2,29,0,0,76,2,78,0,12,91,4,107,48,0,48,155
06/27/2010,UGN,IL,AGL,CE,Federal Contract Tower,0,12,20,0,32,0,0,18,0,18,0,12,38,0,50,62,0,62,112
06/28/2010,UGN,IL,AGL,CE,Federal Contract Tower,0,2,20,0,22,0,0,66,1,67,0,2,86,1,89,68,0,68,157
06/29/2010,UGN,IL,AGL,CE,Federal Contract Tower,0,6,46,0,52,0,0,92,1,93,0,6,138,1,145,107,0,107,252
06/30/2010,UGN,IL,AGL,CE,Federal Contract Tower,0,14,32,0,46,0,0,40,2,42,0,14,72,2,88,112,0,112,200
07/01/2010,UGN,IL,AGL,CE,Federal Contract Tower,0,14,40,0,54,0,0,88,0,88,0,14,128,0,142,108,0,108,250
07/02/2010,UGN,IL,AGL,CE,Federal Contract Tower,0,12,35,0,47,0,0,93,0,93,0,12,128,0,140,76,0,76,216
07/03/2010,UGN,IL,AGL,CE,Federal Contract Tower,0,3,13,0,16,0,0,71,2,73,0,3,84,2,89,50,0,50,139
07/04/2010,UGN,IL,AGL,CE,Federal Contract Tower,0,3,15,1,19,0,0,33,0,33,0,3,48,1,52,0,0,0,52
07/05/2010,UGN,IL,AGL,CE,Federal Contract Tower,0,15,30,0,45,0,0,29,2,31,0,15,59,2,76,30,0,30,106
07/06/2010,UGN,IL,AGL,CE,Federal Contract Tower,0,7,26,0,33,0,0,52,0,52,0,7,78,0,85,42,0,42,127
07/07/2010,UGN,IL,AGL,CE,Federal Contract Tower,0,12,25,0,37,0,0,55,3,58,0,12,80,3,95,77,4,81,176
07/08/2010,UGN,IL,AGL,CE,Federal Contract Tower,0,8,36,0,44,0,0,64,3,67,0,8,100,3,111,156,0,156,267
07/09/2010,UGN,IL,AGL,CE,Federal Contract Tower,0,6,32,0,38,0,0,77,0,77,0,6,109,0,115,118,0,118,233
07/10/2010,UGN,IL,AGL,CE,Federal Contract Tower,0,4,22,0,26,0,0,62,0,62,0,4,84,0,88,86,0,86,174
07/11/2010,UGN,IL,AGL,CE,Federal Contract Tower,0,8,25,0,33,0,0,75,0,75,0,8,100,0,108,92,0,92,200
07/12/2010,UGN,IL,AGL,CE,Federal Contract Tower,0,6,30,0,36,0,0,21,2,23,0,6,51,2,59,58,0,58,117
07/13/2010,UGN,IL,AGL,CE,Federal Contract Tower,0,13,33,0,46,0,0,45,0,45,0,13,78,0,91,48,0,48,139
07/14/2010,UGN,IL,AGL,CE,Federal Contract Tower,0,9,40,1,50,0,0,37,3,40,0,9,77,4,90,102,0,102,192
07/15/2010,UGN,IL,AGL,CE,Federal Contract Tower,0,14,25,0,39,0,0,43,0,43,0,14,68,0,82,74,0,74,156
07/16/2010,UGN,IL,AGL,CE,Federal Contract Tower,0,5,40,3,48,0,0,81,2,83,0,5,121,5,131,72,2,74,205
07/17/2010,UGN,IL,AGL,CE,Federal Contract Tower,0,12,12,0,24,0,0,94,4,98,0,12,106,4,122,84,0,84,206
07/18/2010,UGN,IL,AGL,CE,Federal Contract Tower,0,19,27,1,47,0,0,36,2,38,0,19,63,3,85,168,0,168,253
07/19/2010,UGN,IL,AGL,CE,Federal Contract Tower,0,11,34,0,45,0,0,56,2,58,0,11,90,2,103,122,0,122,225
07/20/2010,UGN,IL,AGL,CE,Federal Contract Tower,0,7,50,0,57,0,0,31,1,32,0,7,81,1,89,92,2,94,183
07/21/2010,UGN,IL,AGL,CE,Federal Contract Tower,0,13,28,0,41,0,0,80,0,80,0,13,108,0,121,66,0,66,187
07/22/2010,UGN,IL,AGL,CE,Federal Contract Tower,0,12,24,2,38,0,0,21,2,23,0,12,45,4,61,106,0,106,167
07/23/2010,UGN,IL,AGL,CE,Federal Contract Tower,0,6,34,0,40,0,0,36,2,38,0,6,70,2,78,104,0,104,182
07/24/2010,UGN,IL,AGL,CE,Federal Contract Tower,0,11,23,0,34,0,0,34,1,35,0,11,57,1,69,13,0,13,82
07/25/2010,UGN,IL,AGL,CE,Federal Contract Tower,0,13,23,0,36,0,0,97,1,98,0,13,120,1,134,40,0,40,174
07/26/2010,UGN,IL,AGL,CE,Federal Contract Tower,0,7,28,0,35,0,0,75,1,76,0,7,103,1,111,116,0,116,227
07/27/2010,UGN,IL,AGL,CE,Federal Contract Tower,0,15,45,0,60,0,0,75,0,75,0,15,120,0,135,129,0,129,264
07/28/2010,UGN,IL,AGL,CE,Federal Contract Tower,0,8,36,1,45,0,0,41,2,43,0,8,77,3,88,130,0,130,218
07/29/2010,UGN,IL,AGL,CE,Federal Contract Tower,0,15,51,0,66,0,0,100,1,101,0,15,151,1,167,94,0,94,261
07/30/2010,UGN,IL,AGL,CE,Federal Contract Tower,0,9,31,0,40,0,0,78,1,79,0,9,109,1,119,118,0,118,237
07/31/2010,UGN,IL,AGL,CE,Federal Contract Tower,0,12,26,0,38,0,0,32,0,32,0,12,58,0,70,106,0,106,176
08/01/2010,UGN,IL,AGL,CE,Federal Contract Tower,0,4,27,0,31,0,0,89,0,89,0,4,116,0,120,70,0,70,190
08/02/2010,UGN,IL,AGL,CE,Federal Contract Tower,0,8,26,0,34,0,0,56,0,56,0,8,82,0,90,60,0,60,150
08/03/2010,UGN,IL,AGL,CE,Federal Contract Tower,0,8,52,0,60,0,0,24,2,26,0,8,76,2,86,46,10,56,142
08/04/2010,UGN,IL,AGL,CE,Federal Contract Tower,0,7,53,0,60,0,0,28,0,28,0,7,81,0,88,64,0,64,152
08/05/2010,UGN,IL,AGL,CE,Federal Contract Tower,0,17,69,2,88,0,0,48,2,50,0,17,117,4,138,66,0,66,204
08/06/2010,UGN,IL,AGL,CE,Federal Contract Tower,0,10,33,0,43,0,0,75,3,78,0,10,108,3,121,54,0,54,175
08/07/2010,UGN,IL,AGL,CE,Federal Contract Tower,0,8,17,0,25,0,0,88,3,91,0,8,105,3,116,56,0,56,172
08/08/2010,UGN,IL,AGL,CE,Federal Contract Tower,0,8,35,0,43,0,0,27,4,31,0,8,62,4,74,84,0,84,158
08/09/2010,UGN,IL,AGL,CE,Federal Contract Tower,0,13,36,2,51,0,0,25,0,25,0,13,61,2,76,50,0,50,126
08/10/2010,UGN,IL,AGL,CE,Federal Contract Tower,0,7,45,0,52,0,0,44,0,44,0,7,89,0,96,86,0,86,182
08/11/2010,UGN,IL,AGL,CE,Federal Contract Tower,0,18,30,2,50,0,0,45,1,46,0,18,75,3,96,68,0,68,164
08/12/2010,UGN,IL,AGL,CE,Federal Contract Tower,0,14,26,1,41,0,0,87,2,89,0,14,113,3,130,110,0,110,240
08/13/2010,UGN,IL,AGL,CE,Federal Contract Tower,0,13,38,0,51,0,0,53,2,55,0,13,91,2,106,86,0,86,192
08/14/2010,UGN,IL,AGL,CE,Federal Contract Tower,0,8,21,0,29,0,0,48,2,50,0,8,69,2,79,68,0,68,147
08/15/2010,UGN,IL,AGL,CE,Federal Contract Tower,0,15,19,1,35,0,0,49,3,52,0,15,68,4,87,62,0,62,149
08/16/2010,UGN,IL,AGL,CE,Federal Contract Tower,0,12,32,0,44,0,0,48,0,48,0,12,80,0,92,34,0,34,126
08/17/2010,UGN,IL,AGL,CE,Federal Contract Tower,0,12,63,0,75,0,0,61,2,63,0,12,124,2,138,112,0,112,250
08/18/2010,UGN,IL,AGL,CE,Federal Contract Tower,0,11,65,0,76,0,0,112,2,114,0,11,177,2,190,90,0,90,280
08/19/2010,UGN,IL,AGL,CE,Federal Contract Tower,0,12,52,0,64,0,0,65,2,67,0,12,117,2,131,40,0,40,171
08/20/2010,UGN,IL,AGL,CE,Federal Contract Tower,0,7,17,0,24,0,0,51,4,55,0,7,68,4,79,74,0,74,153
08/21/2010,UGN,IL,AGL,CE,Federal Contract Tower,0,9,24,0,33,0,0,30,2,32,0,9,54,2,65,104,4,108,173
08/22/2010,UGN,IL,AGL,CE,Federal Contract Tower,0,14,16,0,30,0,0,101,0,101,0,14,117,0,131,114,0,114,245
08/23/2010,UGN,IL,AGL,CE,Federal Contract Tower,0,10,34,0,44,0,0,31,3,34,0,10,65,3,78,40,0,40,118
08/24/2010,UGN,IL,AGL,CE,Federal Contract Tower,0,6,34,0,40,0,0,61,0,61,0,6,95,0,101,56,0,56,157
08/25/2010,UGN,IL,AGL,CE,Federal Contract Tower,0,13,53,4,70,0,0,56,2,58,0,13,109,6,128,64,0,64,192
08/26/2010,UGN,IL,AGL,CE,Federal Contract Tower,0,7,23,0,30,0,0,70,0,70,0,7,93,0,100,92,0,92,192
08/27/2010,UGN,IL,AGL,CE,Federal Contract Tower,0,8,22,0,30,0,0,54,2,56,0,8,76,2,86,100,0,100,186
08/28/2010,UGN,IL,AGL,CE,Federal Contract Tower,0,2,14,2,18,0,0,72,0,72,0,2,86,2,90,138,0,138,228
08/29/2010,UGN,IL,AGL,CE,Federal Contract Tower,0,6,19,1,26,0,0,53,3,56,0,6,72,4,82,18,0,18,100
08/30/2010,UGN,IL,AGL,CE,Federal Contract Tower,0,8,27,3,38,0,0,31,2,33,0,8,58,5,71,52,0,52,123
08/31/2010,UGN,IL,AGL,CE,Federal Contract Tower,0,15,30,0,45,0,0,39,1,40,0,15,69,1,85,60,2,62,147
09/01/2010,UGN,IL,AGL,CE,Federal Contract Tower,0,8,42,0,50,0,0,17,0,17,0,8,59,0,67,46,0,46,113
09/02/2010,UGN,IL,AGL,CE,Federal Contract Tower,0,8,43,0,51,0,0,17,2,19,0,8,60,2,70,32,0,32,102
09/03/2010,UGN,IL,AGL,CE,Federal Contract Tower,0,5,28,0,33,0,0,14,1,15,0,5,42,1,48,0,8,8,56
09/04/2010,UGN,IL,AGL,CE,Federal Contract Tower,0,4,14,0,18,0,0,55,0,55,0,4,69,0,73,32,0,32,105
09/05/2010,UGN,IL,AGL,CE,Federal Contract Tower,0,6,8,0,14,0,0,73,2,75,0,6,81,2,89,54,6,60,149
09/06/2010,UGN,IL,AGL,CE,Federal Contract Tower,0,14,22,0,36,0,0,23,1,24,0,14,45,1,60,58,0,58,118
09/07/2010,UGN,IL,AGL,CE,Federal Contract Tower,0,12,30,0,42,0,0,7,0,7,0,12,37,0,49,6,0,6,55
09/08/2010,UGN,IL,AGL,CE,Federal Contract Tower,0,15,40,2,57,0,0,76,2,78,0,15,116,4,135,48,0,48,183
09/09/2010,UGN,IL,AGL,CE,Federal Contract Tower,0,10,27,3,40,0,0,61,6,67,0,10,88,9,107,154,6,160,267
09/10/2010,UGN,IL,AGL,CE,Federal Contract Tower,0,3,30,0,33,0,0,73,2,75,0,3,103,2,108,48,0,48,156
09/11/2010,UGN,IL,AGL,CE,Federal Contract Tower,0,5,18,0,23,0,0,38,2,40,0,5,56,2,63,24,0,24,87
09/12/2010,UGN,IL,AGL,CE,Federal Contract Tower,0,8,36,2,46,0,0,101,1,102,0,8,137,3,148,134,0,134,282
09/13/2010,UGN,IL,AGL,CE,Federal Contract Tower,0,11,29,0,40,0,0,40,0,40,0,11,69,0,80,28,0,28,108
09/14/2010,UGN,IL,AGL,CE,Federal Contract Tower,0,9,38,0,47,0,0,51,1,52,0,9,89,1,99,134,0,134,233
09/15/2010,UGN,IL,AGL,CE,Federal Contract Tower,0,9,34,0,43,0,0,49,2,51,0,9,83,2,94,68,8,76,170
09/16/2010,UGN,IL,AGL,CE,Federal Contract Tower,0,11,42,0,53,0,0,17,2,19,0,11,59,2,72,76,0,76,148
09/17/2010,UGN,IL,AGL,CE,Federal Contract Tower,0,10,39,0,49,0,0,80,0,80,0,10,119,0,129,0,88,88,217
09/18/2010,UGN,IL,AGL,CE,Federal Contract Tower,0,6,18,0,24,0,0,14,0,14,0,6,32,0,38,56,0,56,94
09/19/2010,UGN,IL,AGL,CE,Federal Contract Tower,0,3,19,0,22,0,0,53,0,53,0,3,72,0,75,112,0,112,187
09/20/2010,UGN,IL,AGL,CE,Federal Contract Tower,0,9,40,0,49,0,0,23,0,23,0,9,63,0,72,66,0,66,138
09/21/2010,UGN,IL,AGL,CE,Federal Contract Tower,0,6,30,0,36,0,0,37,0,37,0,6,67,0,73,46,0,46,119
09/22/2010,UGN,IL,AGL,CE,Federal Contract Tower,0,5,20,1,26,0,0,30,1,31,0,5,50,2,57,66,0,66,123
09/23/2010,UGN,IL,AGL,CE,Federal Contract Tower,0,9,36,0,45,0,0,28,0,28,0,9,64,0,73,35,0,35,108
09/24/2010,UGN,IL,AGL,CE,Federal Contract Tower,0,7,47,0,54,0,0,4,0,4,0,7,51,0,58,0,0,0,58
09/25/2010,UGN,IL,AGL,CE,Federal Contract Tower,0,1,23,0,24,0,0,61,0,61,0,1,84,0,85,52,0,52,137
09/26/2010,UGN,IL,AGL,CE,Federal Contract Tower,0,11,22,0,33,0,0,50,0,50,0,11,72,0,83,128,0,128,211
09/27/2010,UGN,IL,AGL,CE,Federal Contract Tower,0,5,26,0,31,0,0,53,0,53,0,5,79,0,84,94,0,94,178
09/28/2010,UGN,IL,AGL,CE,Federal Contract Tower,0,7,25,0,32,0,0,50,0,50,0,7,75,0,82,74,0,74,156
09/29/2010,UGN,IL,AGL,CE,Federal Contract Tower,0,7,32,0,39,0,0,72,0,72,0,7,104,0,111,54,0,54,165
09/30/2010,UGN,IL,AGL,CE,Federal Contract Tower,0,10,31,0,41,0,0,59,0,59,0,10,90,0,100,94,0,94,194
10/01/2010,UGN,IL,AGL,CE,Federal Contract Tower,0,6,33,0,39,0,0,61,0,61,0,6,94,0,100,88,0,88,188
10/02/2010,UGN,IL,AGL,CE,Federal Contract Tower,0,9,13,0,22,0,0,12,0,12,0,9,25,0,34,30,0,30,64
10/03/2010,UGN,IL,AGL,CE,Federal Contract Tower,0,10,31,0,41,0,0,69,6,75,0,10,100,6,116,76,0,76,192
10/04/2010,UGN,IL,AGL,CE,Federal Contract Tower,0,10,23,1,34,0,0,56,1,57,0,10,79,2,91,54,0,54,145
10/05/2010,UGN,IL,AGL,CE,Federal Contract Tower,0,12,26,0,38,0,0,58,0,58,0,12,84,0,96,96,0,96,192
10/06/2010,UGN,IL,AGL,CE,Federal Contract Tower,0,11,25,0,36,0,1,46,0,47,0,12,71,0,83,64,0,64,147
10/07/2010,UGN,IL,AGL,CE,Federal Contract Tower,0,13,51,0,64,0,0,53,0,53,0,13,104,0,117,84,0,84,201
10/08/2010,UGN,IL,AGL,CE,Federal Contract Tower,0,17,37,0,54,0,0,77,0,77,0,17,114,0,131,116,0,116,247
10/09/2010,UGN,IL,AGL,CE,Federal Contract Tower,0,3,22,0,25,0,0,97,0,97,0,3,119,0,122,86,0,86,208
10/10/2010,UGN,IL,AGL,CE,Federal Contract Tower,0,12,22,0,34,0,0,63,0,63,0,12,85,0,97,90,0,90,187
10/11/2010,UGN,IL,AGL,CE,Federal Contract Tower,0,12,26,0,38,0,0,61,0,61,0,12,87,0,99,74,0,74,173
10/12/2010,UGN,IL,AGL,CE,Federal Contract Tower,0,11,33,0,44,0,0,73,0,73,0,11,106,0,117,49,0,49,166
10/13/2010,UGN,IL,AGL,CE,Federal Contract Tower,0,13,34,0,47,0,0,17,0,17,0,13,51,0,64,6,0,6,70
10/14/2010,UGN,IL,AGL,CE,Federal Contract Tower,0,11,27,0,38,0,0,54,0,54,0,11,81,0,92,66,0,66,158
10/15/2010,UGN,IL,AGL,CE,Federal Contract Tower,0,3,22,0,25,0,0,75,0,75,0,3,97,0,100,102,0,102,202
10/16/2010,UGN,IL,AGL,CE,Federal Contract Tower,0,6,12,0,18,0,0,53,0,53,0,6,65,0,71,110,0,110,181
10/17/2010,UGN,IL,AGL,CE,Federal Contract Tower,0,18,30,0,48,0,0,92,0,92,0,18,122,0,140,72,0,72,212
10/18/2010,UGN,IL,AGL,CE,Federal Contract Tower,0,6,25,0,31,0,0,24,0,24,0,6,49,0,55,114,0,114,169
10/19/2010,UGN,IL,AGL,CE,Federal Contract Tower,0,7,34,0,41,0,0,44,4,48,0,7,78,4,89,119,0,119,208
10/20/2010,UGN,IL,AGL,CE,Federal Contract Tower,0,10,38,0,48,0,0,40,0,40,0,10,78,0,88,69,0,69,157
10/21/2010,UGN,IL,AGL,CE,Federal Contract Tower,0,6,36,0,42,0,0,39,0,39,0,6,75,0,81,40,0,40,121
10/22/2010,UGN,IL,AGL,CE,Federal Contract Tower,0,3,27,0,30,0,0,87,0,87,0,3,114,0,117,106,0,106,223
10/23/2010,UGN,IL,AGL,CE,Federal Contract Tower,0,1,25,0,26,0,0,19,0,19,0,1,44,0,45,30,0,30,75
10/24/2010,UGN,IL,AGL,CE,Federal Contract Tower,0,5,20,0,25,0,0,21,0,21,0,5,41,0,46,94,0,94,140
10/25/2010,UGN,IL,AGL,CE,Federal Contract Tower,0,4,32,0,36,0,0,40,0,40,0,4,72,0,76,52,0,52,128
10/26/2010,UGN,IL,AGL,CE,Federal Contract Tower,0,16,22,0,38,0,0,0,0,0,0,16,22,0,38,0,0,0,38
10/27/2010,UGN,IL,AGL,CE,Federal Contract Tower,0,16,27,0,43,0,0,1,0,1,0,16,28,0,44,6,0,6,50
10/28/2010,UGN,IL,AGL,CE,Federal Contract Tower,0,14,27,0,41,0,0,23,0,23,0,14,50,0,64,56,0,56,120
10/29/2010,UGN,IL,AGL,CE,Federal Contract Tower,0,3,26,2,31,0,0,86,0,86,0,3,112,2,117,129,0,129,246
10/30/2010,UGN,IL,AGL,CE,Federal Contract Tower,0,5,18,2,25,0,0,40,0,40,0,5,58,2,65,54,0,54,119
10/31/2010,UGN,IL,AGL,CE,Federal Contract Tower,0,13,19,0,32,0,0,71,0,71,0,13,90,0,103,52,0,52,155
11/01/2010,UGN,IL,AGL,CE,Federal Contract Tower,0,6,30,0,36,0,0,31,0,31,0,6,61,0,67,86,0,86,153
11/02/2010,UGN,IL,AGL,CE,Federal Contract Tower,0,9,33,0,42,0,0,46,0,46,0,9,79,0,88,94,0,94,182
11/03/2010,UGN,IL,AGL,CE,Federal Contract Tower,0,5,33,0,38,0,0,39,2,41,0,5,72,2,79,44,0,44,123
11/04/2010,UGN,IL,AGL,CE,Federal Contract Tower,0,9,33,0,42,0,0,30,0,30,0,9,63,0,72,52,0,52,124
11/05/2010,UGN,IL,AGL,CE,Federal Contract Tower,0,4,17,1,22,0,0,47,0,47,0,4,64,1,69,60,0,60,129
11/06/2010,UGN,IL,AGL,CE,Federal Contract Tower,0,5,16,0,21,0,0,81,0,81,0,5,97,0,102,196,0,196,298
11/07/2010,UGN,IL,AGL,CE,Federal Contract Tower,0,9,13,0,22,0,0,61,0,61,0,9,74,0,83,82,0,82,165
11/08/2010,UGN,IL,AGL,CE,Federal Contract Tower,0,6,19,0,25,0,0,54,2,56,0,6,73,2,81,106,0,106,187
11/09/2010,UGN,IL,AGL,CE,Federal Contract Tower,0,6,36,0,42,0,0,70,0,70,0,6,106,0,112,92,0,92,204
11/10/2010,UGN,IL,AGL,CE,Federal Contract Tower,0,13,22,1,36,0,0,66,0,66,0,13,88,1,102,82,0,82,184
11/11/2010,UGN,IL,AGL,CE,Federal Contract Tower,0,14,26,0,40,0,0,59,0,59,0,14,85,0,99,138,0,138,237
11/12/2010,UGN,IL,AGL,CE,Federal Contract Tower,0,8,27,0,35,0,0,27,0,27,0,8,54,0,62,50,0,50,112
11/13/2010,UGN,IL,AGL,CE,Federal Contract Tower,0,3,15,0,18,0,0,10,0,10,0,3,25,0,28,22,0,22,50
11/14/2010,UGN,IL,AGL,CE,Federal Contract Tower,0,10,19,0,29,0,0,16,0,16,0,10,35,0,45,70,0,70,115
11/15/2010,UGN,IL,AGL,CE,Federal Contract Tower,0,7,32,2,41,0,0,50,0,50,0,7,82,2,91,46,0,46,137
11/16/2010,UGN,IL,AGL,CE,Federal Contract Tower,0,8,25,0,33,0,0,31,0,31,0,8,56,0,64,68,0,68,132
11/17/2010,UGN,IL,AGL,CE,Federal Contract Tower,0,2,34,0,36,0,0,5,0,5,0,2,39,0,41,28,0,28,69
11/18/2010,UGN,IL,AGL,CE,Federal Contract Tower,0,21,39,1,61,0,0,50,0,50,0,21,89,1,111,58,0,58,169
11/19/2010,UGN,IL,AGL,CE,Federal Contract Tower,0,12,34,2,48,0,0,17,0,17,0,12,51,2,65,54,0,54,119
11/20/2010,UGN,IL,AGL,CE,Federal Contract Tower,0,6,10,1,17,0,0,80,1,81,0,6,90,2,98,78,0,78,176
11/21/2010,UGN,IL,AGL,CE,Federal Contract Tower,0,12,22,0,34,0,0,0,0,0,0,12,22,0,34,18,0,18,52
11/22/2010,UGN,IL,AGL,CE,Federal Contract Tower,0,9,26,0,35,0,0,3,0,3,0,9,29,0,38,10,0,10,48
11/23/2010,UGN,IL,AGL,CE,Federal Contract Tower,0,16,29,0,45,0,0,53,0,53,0,16,82,0,98,64,0,64,162
11/24/2010,UGN,IL,AGL,CE,Federal Contract Tower,0,7,22,0,29,0,0,1,0,1,0,7,23,0,30,44,0,44,74
11/25/2010,UGN,IL,AGL,CE,Federal Contract Tower,0,3,0,0,3,0,0,0,0,0,0,3,0,0,3,0,0,0,3
11/26/2010,UGN,IL,AGL,CE,Federal Contract Tower,0,3,11,0,14,0,0,24,0,24,0,3,35,0,38,38,0,38,76
11/27/2010,UGN,IL,AGL,CE,Federal Contract Tower,0,17,16,0,33,0,0,72,0,72,0,17,88,0,105,126,0,126,231
11/28/2010,UGN,IL,AGL,CE,Federal Contract Tower,0,24,45,0,69,0,0,73,0,73,0,24,118,0,142,84,0,84,226
11/29/2010,UGN,IL,AGL,CE,Federal Contract Tower,0,10,23,0,33,0,0,13,0,13,0,10,36,0,46,54,0,54,100
11/30/2010,UGN,IL,AGL,CE,Federal Contract Tower,0,7,29,0,36,0,0,2,0,2,0,7,31,0,38,0,0,0,38
12/01/2010,UGN,IL,AGL,CE,Federal Contract Tower,0,8,23,0,31,0,0,3,2,5,0,8,26,2,36,12,6,18,54
12/02/2010,UGN,IL,AGL,CE,Federal Contract Tower,0,8,47,0,55,0,0,39,4,43,0,8,86,4,98,56,16,72,170
12/03/2010,UGN,IL,AGL,CE,Federal Contract Tower,0,8,37,0,45,0,0,58,0,58,0,8,95,0,103,92,0,92,195
12/04/2010,UGN,IL,AGL,CE,Federal Contract Tower,0,5,4,0,9,0,0,0,0,0,0,5,4,0,9,0,0,0,9
12/05/2010,UGN,IL,AGL,CE,Federal Contract Tower,0,13,21,0,34,0,0,19,0,19,0,13,40,0,53,54,0,54,107
12/06/2010,UGN,IL,AGL,CE,Federal Contract Tower,0,6,22,0,28,0,0,11,0,11,0,6,33,0,39,14,0,14,53
12/07/2010,UGN,IL,AGL,CE,Federal Contract Tower,0,10,33,0,43,0,0,21,0,21,0,10,54,0,64,68,0,68,132
12/08/2010,UGN,IL,AGL,CE,Federal Contract Tower,0,11,30,0,41,0,0,45,0,45,0,11,75,0,86,80,0,80,166
12/09/2010,UGN,IL,AGL,CE,Federal Contract Tower,0,1,28,0,29,0,0,17,6,23,0,1,45,6,52,34,0,34,86
12/10/2010,UGN,IL,AGL,CE,Federal Contract Tower,0,4,36,0,40,0,0,53,2,55,0,4,89,2,95,78,0,78,173
12/11/2010,UGN,IL,AGL,CE,Federal Contract Tower,0,7,12,0,19,0,0,2,0,2,0,7,14,0,21,20,0,20,41
12/12/2010,UGN,IL,AGL,CE,Federal Contract Tower,0,3,2,0,5,0,0,0,0,0,0,3,2,0,5,0,0,0,5
12/13/2010,UGN,IL,AGL,CE,Federal Contract Tower,0,5,28,0,33,0,0,8,0,8,0,5,36,0,41,0,0,0,41
12/14/2010,UGN,IL,AGL,CE,Federal Contract Tower,0,6,38,0,44,0,0,30,2,32,0,6,68,2,76,52,0,52,128
12/15/2010,UGN,IL,AGL,CE,Federal Contract Tower,0,19,21,0,40,0,0,21,0,21,0,19,42,0,61,20,0,20,81
12/16/2010,UGN,IL,AGL,CE,Federal Contract Tower,0,7,22,0,29,0,0,21,0,21,0,7,43,0,50,44,0,44,94
12/17/2010,UGN,IL,AGL,CE,Federal Contract Tower,0,5,32,0,37,0,0,46,0,46,0,5,78,0,83,62,0,62,145
12/18/2010,UGN,IL,AGL,CE,Federal Contract Tower,0,17,5,0,22,0,0,44,0,44,0,17,49,0,66,0,48,48,114
12/19/2010,UGN,IL,AGL,CE,Federal Contract Tower,0,5,21,0,26,0,0,68,0,68,0,5,89,0,94,82,0,82,176
12/20/2010,UGN,IL,AGL,CE,Federal Contract Tower,0,5,20,0,25,0,0,19,0,19,0,5,39,0,44,84,0,84,128
12/21/2010,UGN,IL,AGL,CE,Federal Contract Tower,0,2,13,0,15,0,0,0,0,0,0,2,13,0,15,0,0,0,15
12/22/2010,UGN,IL,AGL,CE,Federal Contract Tower,0,6,22,0,28,0,0,7,0,7,0,6,29,0,35,38,0,38,73
12/23/2010,UGN,IL,AGL,CE,Federal Contract Tower,0,14,17,0,31,0,0,8,0,8,0,14,25,0,39,44,0,44,83
12/24/2010,UGN,IL,AGL,CE,Federal Contract Tower,0,8,7,0,15,0,0,0,0,0,0,8,7,0,15,14,0,14,29
12/25/2010,UGN,IL,AGL,CE,Federal Contract Tower,0,11,1,0,12,0,0,0,0,0,0,11,1,0,12,0,0,0,12
12/26/2010,UGN,IL,AGL,CE,Federal Contract Tower,0,23,25,0,48,0,0,0,0,0,0,23,25,0,48,2,0,2,50
12/27/2010,UGN,IL,AGL,CE,Federal Contract Tower,0,20,34,0,54,0,0,31,0,31,0,20,65,0,85,76,0,76,161
12/28/2010,UGN,IL,AGL,CE,Federal Contract Tower,0,8,20,0,28,0,0,27,0,27,0,8,47,0,55,99,0,99,154
12/29/2010,UGN,IL,AGL,CE,Federal Contract Tower,0,11,24,0,35,0,0,48,0,48,0,11,72,0,83,54,0,54,137
12/30/2010,UGN,IL,AGL,CE,Federal Contract Tower,0,5,2,0,7,0,0,0,0,0,0,5,2,0,7,0,0,0,7
12/31/2010,UGN,IL,AGL,CE,Federal Contract Tower,0,3,5,0,8,0,0,0,0,0,0,3,5,0,8,22,0,22,30
01/01/2011,UGN,IL,AGL,CE,Federal Contract Tower,0,7,10,0,17,0,0,0,0,0,0,7,10,0,17,0,0,0,17
01/02/2011,UGN,IL,AGL,CE,Federal Contract Tower,0,19,26,0,45,0,0,59,0,59,0,19,85,0,104,80,0,80,184
01/03/2011,UGN,IL,AGL,CE,Federal Contract Tower,0,7,14,0,21,0,0,34,0,34,0,7,48,0,55,85,0,85,140
01/04/2011,UGN,IL,AGL,CE,Federal Contract Tower,0,5,29,0,34,0,0,12,1,13,0,5,41,1,47,64,0,64,111
01/05/2011,UGN,IL,AGL,CE,Federal Contract Tower,0,7,16,0,23,0,0,15,2,17,0,7,31,2,40,82,6,88,128
01/06/2011,UGN,IL,AGL,CE,Federal Contract Tower,0,8,23,2,33,0,0,15,0,15,0,8,38,2,48,62,0,62,110
01/07/2011,UGN,IL,AGL,CE,Federal Contract Tower,0,5,32,0,37,0,0,10,0,10,0,5,42,0,47,22,0,22,69
01/08/2011,UGN,IL,AGL,CE,Federal Contract Tower,0,4,15,0,19,0,0,36,0,36,0,4,51,0,55,42,0,42,97
01/09/2011,UGN,IL,AGL,CE,Federal Contract Tower,0,5,7,0,12,0,0,84,0,84,0,5,91,0,96,108,0,108,204
01/10/2011,UGN,IL,AGL,CE,Federal Contract Tower,0,6,35,2,43,0,0,35,0,35,0,6,70,2,78,50,0,50,128
01/11/2011,UGN,IL,AGL,CE,Federal Contract Tower,0,6,11,0,17,0,0,0,0,0,0,6,11,0,17,0,0,0,17
01/12/2011,UGN,IL,AGL,CE,Federal Contract Tower,0,8,29,0,37,0,0,31,0,31,0,8,60,0,68,48,0,48,116
01/13/2011,UGN,IL,AGL,CE,Federal Contract Tower,0,14,26,2,42,0,0,33,0,33,0,14,59,2,75,100,0,100,175
01/14/2011,UGN,IL,AGL,CE,Federal Contract Tower,0,11,19,0,30,0,0,27,2,29,0,11,46,2,59,44,0,44,103
01/15/2011,UGN,IL,AGL,CE,Federal Contract Tower,0,6,9,0,15,0,0,22,0,22,0,6,31,0,37,72,0,72,109
01/16/2011,UGN,IL,AGL,CE,Federal Contract Tower,0,3,11,0,14,0,0,36,0,36,0,3,47,0,50,66,0,66,116
01/17/2011,UGN,IL,AGL,CE,Federal Contract Tower,0,11,26,0,37,0,0,0,0,0,0,11,26,0,37,0,0,0,37
01/18/2011,UGN,IL,AGL,CE,Federal Contract Tower,0,9,29,0,38,0,0,0,0,0,0,9,29,0,38,0,0,0,38
01/19/2011,UGN,IL,AGL,CE,Federal Contract Tower,0,3,17,0,20,0,0,25,0,25,0,3,42,0,45,0,0,0,45
01/20/2011,UGN,IL,AGL,CE,Federal Contract Tower,0,7,21,0,28,0,0,25,0,25,0,7,46,0,53,40,0,40,93
01/21/2011,UGN,IL,AGL,CE,Federal Contract Tower,0,11,27,0,38,0,0,10,0,10,0,11,37,0,48,16,0,16,64
01/22/2011,UGN,IL,AGL,CE,Federal Contract Tower,0,5,9,0,14,0,0,11,0,11,0,5,20,0,25,18,0,18,43
01/23/2011,UGN,IL,AGL,CE,Federal Contract Tower,0,12,11,0,23,0,0,32,0,32,0,12,43,0,55,50,0,50,105
01/24/2011,UGN,IL,AGL,CE,Federal Contract Tower,0,9,29,0,38,0,0,0,0,0,0,9,29,0,38,0,0,0,38
01/25/2011,UGN,IL,AGL,CE,Federal Contract Tower,0,7,30,0,37,0,0,4,0,4,0,7,34,0,41,40,0,40,81
01/26/2011,UGN,IL,AGL,CE,Federal Contract Tower,0,8,19,0,27,0,0,3,0,3,0,8,22,0,30,0,0,0,30
01/27/2011,UGN,IL,AGL,CE,Federal Contract Tower,0,12,28,0,40,0,0,3,0,3,0,12,31,0,43,0,0,0,43
01/28/2011,UGN,IL,AGL,CE,Federal Contract Tower,0,12,24,2,38,0,0,31,0,31,0,12,55,2,69,54,0,54,123
01/29/2011,UGN,IL,AGL,CE,Federal Contract Tower,0,7,19,0,26,0,0,35,0,35,0,7,54,0,61,86,0,86,147
01/30/2011,UGN,IL,AGL,CE,Federal Contract Tower,0,9,10,0,19,0,0,34,0,34,0,9,44,0,53,84,0,84,137
01/31/2011,UGN,IL,AGL,CE,Federal Contract Tower,0,7,20,0,27,0,0,4,0,4,0,7,24,0,31,12,0,12,43
02/01/2011,UGN,IL,AGL,CE,Federal Contract Tower,0,1,12,0,13,0,0,0,0,0,0,1,12,0,13,0,0,0,13
02/02/2011,UGN,IL,AGL,CE,Federal Contract Tower,0,0,0,0,0,0,0,0,0,0,0,0,0,0,0,0,0,0,0
02/03/2011,UGN,IL,AGL,CE,Federal Contract Tower,0,13,23,0,36,0,1,4,0,5,0,14,27,0,41,0,0,0,41
02/04/2011,UGN,IL,AGL,CE,Federal Contract Tower,0,9,19,0,28,0,0,29,0,29,0,9,48,0,57,48,0,48,105
02/05/2011,UGN,IL,AGL,CE,Federal Contract Tower,0,10,11,0,21,0,0,52,0,52,0,10,63,0,73,152,0,152,225
02/06/2011,UGN,IL,AGL,CE,Federal Contract Tower,0,16,15,0,31,0,0,0,0,0,0,16,15,0,31,0,0,0,31
02/07/2011,UGN,IL,AGL,CE,Federal Contract Tower,0,14,29,0,43,0,0,9,0,9,0,14,38,0,52,30,0,30,82
02/08/2011,UGN,IL,AGL,CE,Federal Contract Tower,0,2,27,0,29,0,0,17,0,17,0,2,44,0,46,13,0,13,59
02/09/2011,UGN,IL,AGL,CE,Federal Contract Tower,0,11,22,2,35,0,0,20,0,20,0,11,42,2,55,0,0,0,55
02/10/2011,UGN,IL,AGL,CE,Federal Contract Tower,0,14,25,1,40,0,0,20,0,20,0,14,45,1,60,24,0,24,84
02/11/2011,UGN,IL,AGL,CE,Federal Contract Tower,0,12,26,1,39,0,0,7,0,7,0,12,33,1,46,8,0,8,54
02/12/2011,UGN,IL,AGL,CE,Federal Contract Tower,0,13,14,0,27,0,0,50,0,50,0,13,64,0,77,52,0,52,129
02/13/2011,UGN,IL,AGL,CE,Federal Contract Tower,0,11,18,0,29,0,0,36,0,36,0,11,54,0,65,44,0,44,109
02/14/2011,UGN,IL,AGL,CE,Federal Contract Tower,0,1,14,0,15,0,0,22,0,22,0,1,36,0,37,30,0,30,67
02/15/2011,UGN,IL,AGL,CE,Federal Contract Tower,0,8,27,0,35,0,0,43,0,43,0,8,70,0,78,42,0,42,120
02/16/2011,UGN,IL,AGL,CE,Federal Contract Tower,0,11,34,0,45,0,0,4,0,4,0,11,38,0,49,34,0,34,83
02/17/2011,UGN,IL,AGL,CE,Federal Contract Tower,0,19,25,0,44,0,0,10,0,10,0,19,35,0,54,0,0,0,54
02/18/2011,UGN,IL,AGL,CE,Federal Contract Tower,0,5,28,0,33,0,0,28,0,28,0,5,56,0,61,14,0,14,75
02/19/2011,UGN,IL,AGL,CE,Federal Contract Tower,0,3,15,0,18,0,0,123,0,123,0,3,138,0,141,112,0,112,253
02/20/2011,UGN,IL,AGL,CE,Federal Contract Tower,0,1,7,0,8,0,0,2,0,2,0,1,9,0,10,0,0,0,10
02/21/2011,UGN,IL,AGL,CE,Federal Contract Tower,0,8,26,0,34,0,0,0,0,0,0,8,26,0,34,0,0,0,34
02/22/2011,UGN,IL,AGL,CE,Federal Contract Tower,0,6,41,0,47,0,0,7,0,7,0,6,48,0,54,2,0,2,56
02/23/2011,UGN,IL,AGL,CE,Federal Contract Tower,0,1,19,0,20,0,0,27,0,27,0,1,46,0,47,30,0,30,77
02/24/2011,UGN,IL,AGL,CE,Federal Contract Tower,0,8,26,0,34,0,0,23,0,23,0,8,49,0,57,66,0,66,123
02/25/2011,UGN,IL,AGL,CE,Federal Contract Tower,0,8,37,0,45,0,0,27,4,31,0,8,64,4,76,54,0,54,130
02/26/2011,UGN,IL,AGL,CE,Federal Contract Tower,0,2,6,0,8,0,0,0,0,0,0,2,6,0,8,22,0,22,30
02/27/2011,UGN,IL,AGL,CE,Federal Contract Tower,0,7,34,0,41,0,0,23,0,23,0,7,57,0,64,88,0,88,152
02/28/2011,UGN,IL,AGL,CE,Federal Contract Tower,0,4,18,0,22,0,0,20,0,20,0,4,38,0,42,22,0,22,64
03/01/2011,UGN,IL,AGL,CE,Federal Contract Tower,0,6,24,0,30,0,0,55,0,55,0,6,79,0,85,62,0,62,147
03/02/2011,UGN,IL,AGL,CE,Federal Contract Tower,0,8,19,0,27,0,1,43,2,46,0,9,62,2,73,88,0,88,161
03/03/2011,UGN,IL,AGL,CE,Federal Contract Tower,0,8,23,0,31,0,0,30,0,30,0,8,53,0,61,50,0,50,111
03/04/2011,UGN,IL,AGL,CE,Federal Contract Tower,0,6,30,0,36,0,0,7,0,7,0,6,37,0,43,16,0,16,59
03/05/2011,UGN,IL,AGL,CE,Federal Contract Tower,0,6,6,0,12,0,0,2,0,2,0,6,8,0,14,0,0,0,14
03/06/2011,UGN,IL,AGL,CE,Federal Contract Tower,0,6,28,0,34,0,0,72,0,72,0,6,100,0,106,188,0,188,294
03/07/2011,UGN,IL,AGL,CE,Federal Contract Tower,0,6,21,0,27,0,0,31,0,31,0,6,52,0,58,86,0,86,144
03/08/2011,UGN,IL,AGL,CE,Federal Contract Tower,0,6,18,0,24,0,0,36,0,36,0,6,54,0,60,56,0,56,116
03/09/2011,UGN,IL,AGL,CE,Federal Contract Tower,0,5,21,0,26,0,0,0,0,0,0,5,21,0,26,0,0,0,26
03/10/2011,UGN,IL,AGL,CE,Federal Contract Tower,0,7,19,0,26,0,0,32,0,32,0,7,51,0,58,62,0,62,120
03/11/2011,UGN,IL,AGL,CE,Federal Contract Tower,0,7,25,0,32,0,0,73,0,73,0,7,98,0,105,96,0,96,201
03/12/2011,UGN,IL,AGL,CE,Federal Contract Tower,0,2,7,0,9,0,0,4,0,4,0,2,11,0,13,34,0,34,47
03/13/2011,UGN,IL,AGL,CE,Federal Contract Tower,0,14,21,0,35,0,0,66,0,66,0,14,87,0,101,122,0,122,223
03/14/2011,UGN,IL,AGL,CE,Federal Contract Tower,0,11,22,0,33,0,0,36,0,36,0,11,58,0,69,38,0,38,107
03/15/2011,UGN,IL,AGL,CE,Federal Contract Tower,0,8,39,0,47,0,0,34,1,35,0,8,73,1,82,42,0,42,124
03/16/2011,UGN,IL,AGL,CE,Federal Contract Tower,0,5,29,0,34,0,0,68,0,68,0,5,97,0,102,70,0,70,172
03/17/2011,UGN,IL,AGL,CE,Federal Contract Tower,0,8,27,0,35,0,0,11,0,11,0,8,38,0,46,20,0,20,66
03/18/2011,UGN,IL,AGL,CE,Federal Contract Tower,0,12,30,0,42,0,0,71,0,71,0,12,101,0,113,130,0,130,243
03/19/2011,UGN,IL,AGL,CE,Federal Contract Tower,0,8,29,0,37,0,0,101,0,101,0,8,130,0,138,132,0,132,270
03/20/2011,UGN,IL,AGL,CE,Federal Contract Tower,0,7,9,0,16,0,0,3,0,3,0,7,12,0,19,6,0,6,25
03/21/2011,UGN,IL,AGL,CE,Federal Contract Tower,0,5,26,0,31,0,0,26,0,26,0,5,52,0,57,60,0,60,117
03/22/2011,UGN,IL,AGL,CE,Federal Contract Tower,0,4,25,0,29,0,0,0,0,0,0,4,25,0,29,0,0,0,29
03/23/2011,UGN,IL,AGL,CE,Federal Contract Tower,0,5,17,0,22,0,0,0,0,0,0,5,17,0,22,0,0,0,22
03/24/2011,UGN,IL,AGL,CE,Federal Contract Tower,0,13,41,0,54,0,0,61,0,61,0,13,102,0,115,78,0,78,193
03/25/2011,UGN,IL,AGL,CE,Federal Contract Tower,0,5,21,1,27,0,0,30,0,30,0,5,51,1,57,66,0,66,123
03/26/2011,UGN,IL,AGL,CE,Federal Contract Tower,0,8,38,0,46,0,0,68,0,68,0,8,106,0,114,60,0,60,174
03/27/2011,UGN,IL,AGL,CE,Federal Contract Tower,0,15,26,0,41,0,0,57,0,57,0,15,83,0,98,104,0,104,202
03/28/2011,UGN,IL,AGL,CE,Federal Contract Tower,0,1,15,1,17,0,0,47,9,56,0,1,62,10,73,66,0,66,139
03/29/2011,UGN,IL,AGL,CE,Federal Contract Tower,0,2,23,0,25,0,0,41,0,41,0,2,64,0,66,72,0,72,138
03/30/2011,UGN,IL,AGL,CE,Federal Contract Tower,0,4,17,0,21,0,0,42,0,42,0,4,59,0,63,76,0,76,139
03/31/2011,UGN,IL,AGL,CE,Federal Contract Tower,0,5,33,0,38,0,0,58,1,59,0,5,91,1,97,70,0,70,167
04/01/2011,UGN,IL,AGL,CE,Federal Contract Tower,0,10,17,0,27,0,0,5,0,5,0,10,22,0,32,38,0,38,70
04/02/2011,UGN,IL,AGL,CE,Federal Contract Tower,0,5,21,0,26,0,0,70,0,70,0,5,91,0,96,102,0,102,198
04/03/2011,UGN,IL,AGL,CE,Federal Contract Tower,0,15,25,0,40,0,0,12,0,12,0,15,37,0,52,10,0,10,62
04/04/2011,UGN,IL,AGL,CE,Federal Contract Tower,0,8,25,0,33,0,0,4,0,4,0,8,29,0,37,0,0,0,37
04/05/2011,UGN,IL,AGL,CE,Federal Contract Tower,0,12,31,0,43,0,0,47,2,49,0,12,78,2,92,54,0,54,146
04/06/2011,UGN,IL,AGL,CE,Federal Contract Tower,0,12,24,0,36,0,0,33,2,35,0,12,57,2,71,86,0,86,157
04/07/2011,UGN,IL,AGL,CE,Federal Contract Tower,0,6,30,0,36,0,0,0,0,0,0,6,30,0,36,0,0,0,36
04/08/2011,UGN,IL,AGL,CE,Federal Contract Tower,0,6,29,0,35,0,0,0,0,0,0,6,29,0,35,0,0,0,35
04/09/2011,UGN,IL,AGL,CE,Federal Contract Tower,0,6,24,0,30,0,0,2,0,2,0,6,26,0,32,0,0,0,32
04/10/2011,UGN,IL,AGL,CE,Federal Contract Tower,0,11,13,0,24,0,0,27,0,27,0,11,40,0,51,24,0,24,75
04/11/2011,UGN,IL,AGL,CE,Federal Contract Tower,0,6,24,0,30,0,0,12,0,12,0,6,36,0,42,6,0,6,48
04/12/2011,UGN,IL,AGL,CE,Federal Contract Tower,0,11,23,0,34,0,0,83,0,83,0,11,106,0,117,190,0,190,307
04/13/2011,UGN,IL,AGL,CE,Federal Contract Tower,0,5,33,0,38,0,0,59,0,59,0,5,92,0,97,72,0,72,169
04/14/2011,UGN,IL,AGL,CE,Federal Contract Tower,0,9,35,0,44,0,0,7,0,7,0,9,42,0,51,18,0,18,69
04/15/2011,UGN,IL,AGL,CE,Federal Contract Tower,0,11,33,0,44,0,0,2,0,2,0,11,35,0,46,4,0,4,50
04/16/2011,UGN,IL,AGL,CE,Federal Contract Tower,0,3,11,0,14,0,0,0,0,0,0,3,11,0,14,0,0,0,14
04/17/2011,UGN,IL,AGL,CE,Federal Contract Tower,0,7,22,0,29,0,0,65,0,65,0,7,87,0,94,18,0,18,112
04/18/2011,UGN,IL,AGL,CE,Federal Contract Tower,0,12,30,0,42,0,0,13,0,13,0,12,43,0,55,30,0,30,85
04/19/2011,UGN,IL,AGL,CE,Federal Contract Tower,0,12,23,0,35,0,0,0,0,0,0,12,23,0,35,0,0,0,35
04/20/2011,UGN,IL,AGL,CE,Federal Contract Tower,0,7,19,0,26,0,0,1,2,3,0,7,20,2,29,42,0,42,71
04/21/2011,UGN,IL,AGL,CE,Federal Contract Tower,0,15,39,0,54,0,0,86,0,86,0,15,125,0,140,84,0,84,224
04/22/2011,UGN,IL,AGL,CE,Federal Contract Tower,0,6,23,1,30,0,0,0,0,0,0,6,23,1,30,0,0,0,30
04/23/2011,UGN,IL,AGL,CE,Federal Contract Tower,0,2,13,0,15,0,0,40,0,40,0,2,53,0,55,50,0,50,105
04/24/2011,UGN,IL,AGL,CE,Federal Contract Tower,0,10,13,0,23,0,0,26,0,26,0,10,39,0,49,10,0,10,59
04/25/2011,UGN,IL,AGL,CE,Federal Contract Tower,0,8,42,0,50,0,0,19,0,19,0,8,61,0,69,34,0,34,103
04/26/2011,UGN,IL,AGL,CE,Federal Contract Tower,0,17,33,0,50,0,0,7,0,7,0,17,40,0,57,0,0,0,57
04/27/2011,UGN,IL,AGL,CE,Federal Contract Tower,0,7,36,0,43,0,0,0,0,0,0,7,36,0,43,8,0,8,51
04/28/2011,UGN,IL,AGL,CE,Federal Contract Tower,0,5,27,0,32,0,0,11,2,13,0,5,38,2,45,0,0,0,45
04/29/2011,UGN,IL,AGL,CE,Federal Contract Tower,0,8,27,0,35,0,0,87,0,87,0,8,114,0,122,74,0,74,196
04/30/2011,UGN,IL,AGL,CE,Federal Contract Tower,0,6,12,1,19,0,0,25,0,25,0,6,37,1,44,0,0,0,44
05/01/2011,UGN,IL,AGL,CE,Federal Contract Tower,0,10,18,1,29,0,0,42,0,42,0,10,60,1,71,24,0,24,95
05/02/2011,UGN,IL,AGL,CE,Federal Contract Tower,0,3,26,0,29,0,0,33,0,33,0,3,59,0,62,40,0,40,102
05/03/2011,UGN,IL,AGL,CE,Federal Contract Tower,0,6,35,0,41,0,0,42,0,42,0,6,77,0,83,69,0,69,152
05/04/2011,UGN,IL,AGL,CE,Federal Contract Tower,0,5,31,1,37,0,0,71,3,74,0,5,102,4,111,96,0,96,207
05/05/2011,UGN,IL,AGL,CE,Federal Contract Tower,0,10,15,0,25,0,0,34,0,34,0,10,49,0,59,34,0,34,93
05/06/2011,UGN,IL,AGL,CE,Federal Contract Tower,0,9,21,1,31,0,0,53,0,53,0,9,74,1,84,60,0,60,144
05/07/2011,UGN,IL,AGL,CE,Federal Contract Tower,0,8,13,0,21,0,0,43,0,43,0,8,56,0,64,78,0,78,142
05/08/2011,UGN,IL,AGL,CE,Federal Contract Tower,0,9,12,1,22,0,0,77,0,77,0,9,89,1,99,66,0,66,165
05/09/2011,UGN,IL,AGL,CE,Federal Contract Tower,0,18,28,0,46,0,0,17,0,17,0,18,45,0,63,20,0,20,83
05/10/2011,UGN,IL,AGL,CE,Federal Contract Tower,0,20,26,0,46,0,0,28,0,28,0,20,54,0,74,94,0,94,168
05/11/2011,UGN,IL,AGL,CE,Federal Contract Tower,0,12,23,0,35,0,0,11,0,11,0,12,34,0,46,14,0,14,60
05/12/2011,UGN,IL,AGL,CE,Federal Contract Tower,0,12,37,0,49,0,0,26,0,26,0,12,63,0,75,52,0,52,127
05/13/2011,UGN,IL,AGL,CE,Federal Contract Tower,0,7,19,2,28,0,0,2,0,2,0,7,21,2,30,18,0,18,48
05/14/2011,UGN,IL,AGL,CE,Federal Contract Tower,0,9,20,2,31,0,0,0,0,0,0,9,20,2,31,0,0,0,31
05/15/2011,UGN,IL,AGL,CE,Federal Contract Tower,0,11,22,0,33,0,0,5,0,5,0,11,27,0,38,0,0,0,38
05/16/2011,UGN,IL,AGL,CE,Federal Contract Tower,0,13,28,0,41,0,0,49,0,49,0,13,77,0,90,44,0,44,134
05/17/2011,UGN,IL,AGL,CE,Federal Contract Tower,0,8,28,0,36,0,0,32,0,32,0,8,60,0,68,132,0,132,200
05/18/2011,UGN,IL,AGL,CE,Federal Contract Tower,0,5,25,0,30,0,0,0,0,0,0,5,25,0,30,8,0,8,38
05/19/2011,UGN,IL,AGL,CE,Federal Contract Tower,0,13,36,2,51,0,0,50,0,50,0,13,86,2,101,148,0,148,249
05/20/2011,UGN,IL,AGL,CE,Federal Contract Tower,0,14,34,0,48,0,0,82,0,82,0,14,116,0,130,126,0,126,256
05/21/2011,UGN,IL,AGL,CE,Federal Contract Tower,0,4,27,0,31,0,0,35,2,37,0,4,62,2,68,114,0,114,182
05/22/2011,UGN,IL,AGL,CE,Federal Contract Tower,0,12,31,0,43,0,0,81,0,81,0,12,112,0,124,54,0,54,178
05/23/2011,UGN,IL,AGL,CE,Federal Contract Tower,0,7,24,1,32,0,0,24,2,26,0,7,48,3,58,28,0,28,86
05/24/2011,UGN,IL,AGL,CE,Federal Contract Tower,0,17,24,0,41,0,0,41,0,41,0,17,65,0,82,83,0,83,165
05/25/2011,UGN,IL,AGL,CE,Federal Contract Tower,0,2,12,0,14,0,0,0,0,0,0,2,12,0,14,0,0,0,14
05/26/2011,UGN,IL,AGL,CE,Federal Contract Tower,0,16,38,0,54,0,0,5,1,6,0,16,43,1,60,0,0,0,60
05/27/2011,UGN,IL,AGL,CE,Federal Contract Tower,0,8,46,1,55,0,0,79,2,81,0,8,125,3,136,100,0,100,236
05/28/2011,UGN,IL,AGL,CE,Federal Contract Tower,0,4,18,0,22,0,0,8,2,10,0,4,26,2,32,10,0,10,42
05/29/2011,UGN,IL,AGL,CE,Federal Contract Tower,0,0,12,1,13,0,0,5,0,5,0,0,17,1,18,4,0,4,22
05/30/2011,UGN,IL,AGL,CE,Federal Contract Tower,0,5,22,0,27,0,0,76,2,78,0,5,98,2,105,78,0,78,183
05/31/2011,UGN,IL,AGL,CE,Federal Contract Tower,0,9,29,0,38,0,0,13,4,17,0,9,42,4,55,6,0,6,61
06/01/2011,UGN,IL,AGL,CE,Federal Contract Tower,0,6,31,0,37,0,0,42,8,50,0,6,73,8,87,74,0,74,161
06/02/2011,UGN,IL,AGL,CE,Federal Contract Tower,0,5,41,0,46,0,0,49,6,55,0,5,90,6,101,172,14,186,287
06/03/2011,UGN,IL,AGL,CE,Federal Contract Tower,0,13,22,0,35,0,0,44,6,50,0,13,66,6,85,60,0,60,145
06/04/2011,UGN,IL,AGL,CE,Federal Contract Tower,0,5,9,1,15,0,0,58,1,59,0,5,67,2,74,66,0,66,140
06/05/2011,UGN,IL,AGL,CE,Federal Contract Tower,0,15,12,0,27,0,0,80,6,86,0,15,92,6,113,76,6,82,195
06/06/2011,UGN,IL,AGL,CE,Federal Contract Tower,0,12,20,0,32,0,0,28,1,29,0,12,48,1,61,40,0,40,101
06/07/2011,UGN,IL,AGL,CE,Federal Contract Tower,0,11,26,0,37,0,0,37,2,39,0,11,63,2,76,100,0,100,176
06/08/2011,UGN,IL,AGL,CE,Federal Contract Tower,0,5,31,0,36,0,0,33,2,35,0,5,64,2,71,36,0,36,107
06/09/2011,UGN,IL,AGL,CE,Federal Contract Tower,0,25,25,0,50,0,0,9,2,11,0,25,34,2,61,0,0,0,61
06/10/2011,UGN,IL,AGL,CE,Federal Contract Tower,0,5,41,0,46,0,0,0,0,0,0,5,41,0,46,0,0,0,46
06/11/2011,UGN,IL,AGL,CE,Federal Contract Tower,0,3,39,1,43,0,0,1,2,3,0,3,40,3,46,12,0,12,58
06/12/2011,UGN,IL,AGL,CE,Federal Contract Tower,0,7,27,0,34,0,0,101,8,109,0,7,128,8,143,134,0,134,277
06/13/2011,UGN,IL,AGL,CE,Federal Contract Tower,0,7,24,0,31,0,0,60,4,64,0,7,84,4,95,42,0,42,137
06/14/2011,UGN,IL,AGL,CE,Federal Contract Tower,0,9,33,0,42,0,0,63,2,65,0,9,96,2,107,103,24,127,234
06/15/2011,UGN,IL,AGL,CE,Federal Contract Tower,0,4,30,0,34,0,0,8,0,8,0,4,38,0,42,2,0,2,44
06/16/2011,UGN,IL,AGL,CE,Federal Contract Tower,0,12,33,0,45,0,0,49,1,50,0,12,82,1,95,42,0,42,137
06/17/2011,UGN,IL,AGL,CE,Federal Contract Tower,0,7,28,3,38,0,0,72,2,74,0,7,100,5,112,138,4,142,254
06/18/2011,UGN,IL,AGL,CE,Federal Contract Tower,0,7,15,1,23,0,0,54,7,61,0,7,69,8,84,44,0,44,128
06/19/2011,UGN,IL,AGL,CE,Federal Contract Tower,0,10,32,0,42,0,0,21,0,21,0,10,53,0,63,64,0,64,127
06/20/2011,UGN,IL,AGL,CE,Federal Contract Tower,0,5,36,0,41,0,0,4,0,4,0,5,40,0,45,26,0,26,71
06/21/2011,UGN,IL,AGL,CE,Federal Contract Tower,0,6,28,0,34,0,0,23,4,27,0,6,51,4,61,77,2,79,140
06/22/2011,UGN,IL,AGL,CE,Federal Contract Tower,0,5,25,0,30,0,0,19,0,19,0,5,44,0,49,8,0,8,57
06/23/2011,UGN,IL,AGL,CE,Federal Contract Tower,0,16,33,0,49,0,0,15,3,18,0,16,48,3,67,106,0,106,173
06/24/2011,UGN,IL,AGL,CE,Federal Contract Tower,0,11,33,0,44,0,0,36,2,38,0,11,69,2,82,54,0,54,136
06/25/2011,UGN,IL,AGL,CE,Federal Contract Tower,0,5,20,3,28,0,0,100,3,103,0,5,120,6,131,90,2,92,223
06/26/2011,UGN,IL,AGL,CE,Federal Contract Tower,0,10,24,0,34,0,0,85,3,88,0,10,109,3,122,88,0,88,210
06/27/2011,UGN,IL,AGL,CE,Federal Contract Tower,0,7,27,0,34,0,0,17,0,17,0,7,44,0,51,44,0,44,95
06/28/2011,UGN,IL,AGL,CE,Federal Contract Tower,0,16,37,0,53,0,0,89,2,91,0,16,126,2,144,88,0,88,232
06/29/2011,UGN,IL,AGL,CE,Federal Contract Tower,0,8,31,2,41,0,0,71,6,77,0,8,102,8,118,52,0,52,170
06/30/2011,UGN,IL,AGL,CE,Federal Contract Tower,0,6,37,2,45,0,0,91,2,93,0,6,128,4,138,74,0,74,212
07/01/2011,UGN,IL,AGL,CE,Federal Contract Tower,0,10,32,0,42,0,0,26,0,26,0,10,58,0,68,16,0,16,84
07/02/2011,UGN,IL,AGL,CE,Federal Contract Tower,0,6,16,0,22,0,0,22,3,25,0,6,38,3,47,70,0,70,117
07/03/2011,UGN,IL,AGL,CE,Federal Contract Tower,0,2,6,0,8,0,0,76,1,77,0,2,82,1,85,66,0,66,151
07/04/2011,UGN,IL,AGL,CE,Federal Contract Tower,0,10,11,0,21,0,0,40,2,42,0,10,51,2,63,16,0,16,79
07/05/2011,UGN,IL,AGL,CE,Federal Contract Tower,0,9,30,0,39,0,0,70,1,71,0,9,100,1,110,104,0,104,214
07/06/2011,UGN,IL,AGL,CE,Federal Contract Tower,0,9,9,1,19,0,0,74,5,79,0,9,83,6,98,96,0,96,194
07/07/2011,UGN,IL,AGL,CE,Federal Contract Tower,0,6,40,1,47,0,0,70,3,73,0,6,110,4,120,110,0,110,230
07/08/2011,UGN,IL,AGL,CE,Federal Contract Tower,0,7,16,0,23,0,0,65,2,67,0,7,81,2,90,100,0,100,190
07/09/2011,UGN,IL,AGL,CE,Federal Contract Tower,0,8,19,0,27,0,0,81,3,84,0,8,100,3,111,56,0,56,167
07/10/2011,UGN,IL,AGL,CE,Federal Contract Tower,0,11,30,4,45,0,0,49,3,52,0,11,79,7,97,98,0,98,195
07/11/2011,UGN,IL,AGL,CE,Federal Contract Tower,0,5,22,0,27,0,0,11,4,15,0,5,33,4,42,12,0,12,54
07/12/2011,UGN,IL,AGL,CE,Federal Contract Tower,0,6,37,0,43,0,0,42,5,47,0,6,79,5,90,104,0,104,194
07/13/2011,UGN,IL,AGL,CE,Federal Contract Tower,0,4,27,0,31,0,0,43,1,44,0,4,70,1,75,82,0,82,157
07/14/2011,UGN,IL,AGL,CE,Federal Contract Tower,0,3,24,0,27,0,0,52,1,53,0,3,76,1,80,66,0,66,146
07/15/2011,UGN,IL,AGL,CE,Federal Contract Tower,0,13,33,3,49,0,0,46,0,46,0,13,79,3,95,64,0,64,159
07/16/2011,UGN,IL,AGL,CE,Federal Contract Tower,0,6,13,0,19,0,0,72,2,74,0,6,85,2,93,158,0,158,251
07/17/2011,UGN,IL,AGL,CE,Federal Contract Tower,0,3,26,6,35,0,0,67,0,67,0,3,93,6,102,64,2,66,168
07/18/2011,UGN,IL,AGL,CE,Federal Contract Tower,0,6,22,2,30,0,0,28,1,29,0,6,50,3,59,16,0,16,75
07/19/2011,UGN,IL,AGL,CE,Federal Contract Tower,0,4,33,0,37,0,0,37,0,37,0,4,70,0,74,94,0,94,168
07/20/2011,UGN,IL,AGL,CE,Federal Contract Tower,0,5,34,2,41,0,0,57,3,60,0,5,91,5,101,96,0,96,197
07/21/2011,UGN,IL,AGL,CE,Federal Contract Tower,0,6,29,0,35,0,0,42,2,44,0,6,71,2,79,104,0,104,183
07/22/2011,UGN,IL,AGL,CE,Federal Contract Tower,0,7,23,0,30,0,0,44,2,46,0,7,67,2,76,90,0,90,166
07/23/2011,UGN,IL,AGL,CE,Federal Contract Tower,0,2,12,0,14,0,0,48,6,54,0,2,60,6,68,76,0,76,144
07/24/2011,UGN,IL,AGL,CE,Federal Contract Tower,0,7,28,2,37,0,0,50,2,52,0,7,78,4,89,136,18,154,243
07/25/2011,UGN,IL,AGL,CE,Federal Contract Tower,0,9,36,0,45,0,0,59,4,63,0,9,95,4,108,94,0,94,202
07/26/2011,UGN,IL,AGL,CE,Federal Contract Tower,0,9,28,0,37,0,1,78,5,84,0,10,106,5,121,85,4,89,210
07/27/2011,UGN,IL,AGL,CE,Federal Contract Tower,0,10,30,0,40,0,0,18,1,19,0,10,48,1,59,40,0,40,99
07/28/2011,UGN,IL,AGL,CE,Federal Contract Tower,0,15,39,0,54,0,0,25,2,27,0,15,64,2,81,51,0,51,132
07/29/2011,UGN,IL,AGL,CE,Federal Contract Tower,0,11,25,0,36,0,0,58,1,59,0,11,83,1,95,44,0,44,139
07/30/2011,UGN,IL,AGL,CE,Federal Contract Tower,0,15,19,0,34,0,0,65,2,67,0,15,84,2,101,12,0,12,113
07/31/2011,UGN,IL,AGL,CE,Federal Contract Tower,0,4,25,1,30,0,0,76,4,80,0,4,101,5,110,60,0,60,170
08/01/2011,UGN,IL,AGL,CE,Federal Contract Tower,0,6,25,0,31,0,0,56,3,59,0,6,81,3,90,50,0,50,140
08/02/2011,UGN,IL,AGL,CE,Federal Contract Tower,0,2,19,4,25,0,0,20,0,20,0,2,39,4,45,56,4,60,105
08/03/2011,UGN,IL,AGL,CE,Federal Contract Tower,0,7,31,3,41,0,0,41,0,41,0,7,72,3,82,96,0,96,178
08/04/2011,UGN,IL,AGL,CE,Federal Contract Tower,0,8,33,0,41,0,0,62,6,68,0,8,95,6,109,90,0,90,199
08/05/2011,UGN,IL,AGL,CE,Federal Contract Tower,0,4,18,1,23,0,0,48,3,51,0,4,66,4,74,130,0,130,204
08/06/2011,UGN,IL,AGL,CE,Federal Contract Tower,0,13,24,8,45,0,0,59,2,61,0,13,83,10,106,136,18,154,260
08/07/2011,UGN,IL,AGL,CE,Federal Contract Tower,0,10,29,3,42,0,0,29,2,31,0,10,58,5,73,8,0,8,81
08/08/2011,UGN,IL,AGL,CE,Federal Contract Tower,0,9,28,0,37,0,0,19,2,21,0,9,47,2,58,54,0,54,112
08/09/2011,UGN,IL,AGL,CE,Federal Contract Tower,0,1,26,0,27,0,0,32,3,35,0,1,58,3,62,124,1,125,187
08/10/2011,UGN,IL,AGL,CE,Federal Contract Tower,0,10,25,1,36,0,0,55,3,58,0,10,80,4,94,80,2,82,176
08/11/2011,UGN,IL,AGL,CE,Federal Contract Tower,0,10,24,0,34,0,0,69,2,71,0,10,93,2,105,108,0,108,213
08/12/2011,UGN,IL,AGL,CE,Federal Contract Tower,0,10,30,2,42,0,0,57,4,61,0,10,87,6,103,68,0,68,171
08/13/2011,UGN,IL,AGL,CE,Federal Contract Tower,0,8,17,0,25,0,0,33,2,35,0,8,50,2,60,84,4,88,148
08/14/2011,UGN,IL,AGL,CE,Federal Contract Tower,0,8,17,0,25,0,0,35,4,39,0,8,52,4,64,76,0,76,140
08/15/2011,UGN,IL,AGL,CE,Federal Contract Tower,0,1,27,4,32,0,0,61,3,64,0,1,88,7,96,44,0,44,140
08/16/2011,UGN,IL,AGL,CE,Federal Contract Tower,0,7,31,3,41,0,0,52,0,52,0,7,83,3,93,64,0,64,157
08/17/2011,UGN,IL,AGL,CE,Federal Contract Tower,0,15,31,0,46,0,0,28,1,29,0,15,59,1,75,46,0,46,121
08/18/2011,UGN,IL,AGL,CE,Federal Contract Tower,0,12,33,0,45,0,0,61,1,62,0,12,94,1,107,110,0,110,217
08/19/2011,UGN,IL,AGL,CE,Federal Contract Tower,0,5,32,0,37,0,0,78,2,80,0,5,110,2,117,74,0,74,191
08/20/2011,UGN,IL,AGL,CE,Federal Contract Tower,0,4,16,2,22,0,0,16,6,22,0,4,32,8,44,58,4,62,106
08/21/2011,UGN,IL,AGL,CE,Federal Contract Tower,0,12,26,2,40,0,0,83,4,87,0,12,109,6,127,70,0,70,197
08/22/2011,UGN,IL,AGL,CE,Federal Contract Tower,0,15,25,0,40,0,0,55,1,56,0,15,80,1,96,84,26,110,206
08/23/2011,UGN,IL,AGL,CE,Federal Contract Tower,0,10,35,0,45,0,0,9,2,11,0,10,44,2,56,42,0,42,98
08/24/2011,UGN,IL,AGL,CE,Federal Contract Tower,0,7,25,4,36,0,0,19,2,21,0,7,44,6,57,40,0,40,97
08/25/2011,UGN,IL,AGL,CE,Federal Contract Tower,0,10,14,2,26,0,0,72,5,77,0,10,86,7,103,72,40,112,215
08/26/2011,UGN,IL,AGL,CE,Federal Contract Tower,0,8,41,2,51,0,0,81,1,82,0,8,122,3,133,110,0,110,243
08/27/2011,UGN,IL,AGL,CE,Federal Contract Tower,0,3,17,0,20,0,0,67,5,72,0,3,84,5,92,94,0,94,186
08/28/2011,UGN,IL,AGL,CE,Federal Contract Tower,0,8,15,0,23,0,0,82,6,88,0,8,97,6,111,72,0,72,183
08/29/2011,UGN,IL,AGL,CE,Federal Contract Tower,0,7,30,1,38,0,0,62,2,64,0,7,92,3,102,54,0,54,156
08/30/2011,UGN,IL,AGL,CE,Federal Contract Tower,0,8,31,0,39,0,0,45,3,48,0,8,76,3,87,50,24,74,161
08/31/2011,UGN,IL,AGL,CE,Federal Contract Tower,0,9,39,1,49,0,0,42,1,43,0,9,81,2,92,62,0,62,154
09/01/2011,UGN,IL,AGL,CE,Federal Contract Tower,0,12,32,0,44,0,0,34,1,35,0,12,66,1,79,89,0,89,168
09/02/2011,UGN,IL,AGL,CE,Federal Contract Tower,0,9,31,0,40,0,0,27,1,28,0,9,58,1,68,52,0,52,120
09/03/2011,UGN,IL,AGL,CE,Federal Contract Tower,0,8,10,0,18,0,0,24,6,30,0,8,34,6,48,66,0,66,114
09/04/2011,UGN,IL,AGL,CE,Federal Contract Tower,0,2,14,2,18,0,0,55,1,56,0,2,69,3,74,116,0,116,190
09/05/2011,UGN,IL,AGL,CE,Federal Contract Tower,0,13,26,0,39,0,0,41,2,43,0,13,67,2,82,10,0,10,92
09/06/2011,UGN,IL,AGL,CE,Federal Contract Tower,0,5,27,0,32,0,0,49,1,50,0,5,76,1,82,94,0,94,176
09/07/2011,UGN,IL,AGL,CE,Federal Contract Tower,0,6,29,2,37,0,0,43,6,49,0,6,72,8,86,28,8,36,122
09/08/2011,UGN,IL,AGL,CE,Federal Contract Tower,0,6,12,1,19,0,0,46,0,46,0,6,58,1,65,36,0,36,101
09/09/2011,UGN,IL,AGL,CE,Federal Contract Tower,0,1,20,1,22,0,0,41,0,41,0,1,61,1,63,74,0,74,137
09/10/2011,UGN,IL,AGL,CE,Federal Contract Tower,0,2,6,0,8,0,0,78,2,80,0,2,84,2,88,122,0,122,210
09/11/2011,UGN,IL,AGL,CE,Federal Contract Tower,0,5,16,2,23,0,0,93,0,93,0,5,109,2,116,82,0,82,198
09/12/2011,UGN,IL,AGL,CE,Federal Contract Tower,0,5,24,0,29,0,0,34,0,34,0,5,58,0,63,56,0,56,119
09/13/2011,UGN,IL,AGL,CE,Federal Contract Tower,0,5,23,0,28,0,0,41,0,41,0,5,64,0,69,106,0,106,175
09/14/2011,UGN,IL,AGL,CE,Federal Contract Tower,0,11,24,2,37,0,0,45,0,45,0,11,69,2,82,102,0,102,184
09/15/2011,UGN,IL,AGL,CE,Federal Contract Tower,0,6,34,2,42,0,0,54,0,54,0,6,88,2,96,74,0,74,170
09/16/2011,UGN,IL,AGL,CE,Federal Contract Tower,0,9,41,1,51,0,0,48,0,48,0,9,89,1,99,70,0,70,169
09/17/2011,UGN,IL,AGL,CE,Federal Contract Tower,0,2,19,1,22,0,0,62,0,62,0,2,81,1,84,80,0,80,164
09/18/2011,UGN,IL,AGL,CE,Federal Contract Tower,0,10,22,0,32,0,0,20,0,20,0,10,42,0,52,39,0,39,91
09/19/2011,UGN,IL,AGL,CE,Federal Contract Tower,0,2,43,0,45,0,0,13,0,13,0,2,56,0,58,18,0,18,76
09/20/2011,UGN,IL,AGL,CE,Federal Contract Tower,0,9,29,0,38,0,0,64,0,64,0,9,93,0,102,112,0,112,214
09/21/2011,UGN,IL,AGL,CE,Federal Contract Tower,0,1,27,0,28,0,0,32,0,32,0,1,59,0,60,32,0,32,92
09/22/2011,UGN,IL,AGL,CE,Federal Contract Tower,0,8,36,0,44,0,0,35,0,35,0,8,71,0,79,98,0,98,177
09/23/2011,UGN,IL,AGL,CE,Federal Contract Tower,0,11,44,0,55,0,0,52,0,52,0,11,96,0,107,30,0,30,137
09/24/2011,UGN,IL,AGL,CE,Federal Contract Tower,0,2,13,0,15,0,0,28,0,28,0,2,41,0,43,68,0,68,111
09/25/2011,UGN,IL,AGL,CE,Federal Contract Tower,0,13,33,0,46,0,0,11,0,11,0,13,44,0,57,34,0,34,91
09/26/2011,UGN,IL,AGL,CE,Federal Contract Tower,0,8,18,0,26,0,0,0,0,0,0,8,18,0,26,18,0,18,44
09/27/2011,UGN,IL,AGL,CE,Federal Contract Tower,0,6,46,0,52,0,0,0,0,0,0,6,46,0,52,0,0,0,52
09/28/2011,UGN,IL,AGL,CE,Federal Contract Tower,0,8,31,0,39,0,0,9,0,9,0,8,40,0,48,34,0,34,82
09/29/2011,UGN,IL,AGL,CE,Federal Contract Tower,0,9,27,0,36,0,0,16,0,16,0,9,43,0,52,44,0,44,96
09/30/2011,UGN,IL,AGL,CE,Federal Contract Tower,0,12,30,0,42,0,0,20,0,20,0,12,50,0,62,28,0,28,90
10/01/2011,UGN,IL,AGL,CE,Federal Contract Tower,0,5,6,0,11,0,0,63,0,63,0,5,69,0,74,70,0,70,144
10/02/2011,UGN,IL,AGL,CE,Federal Contract Tower,0,10,16,0,26,0,0,82,3,85,0,10,98,3,111,130,0,130,241
10/03/2011,UGN,IL,AGL,CE,Federal Contract Tower,0,12,37,0,49,0,0,47,2,49,0,12,84,2,98,87,0,87,185
10/04/2011,UGN,IL,AGL,CE,Federal Contract Tower,0,7,19,0,26,0,0,88,0,88,0,7,107,0,114,92,0,92,206
10/05/2011,UGN,IL,AGL,CE,Federal Contract Tower,0,5,39,0,44,0,0,34,0,34,0,5,73,0,78,70,0,70,148
10/06/2011,UGN,IL,AGL,CE,Federal Contract Tower,0,12,26,1,39,0,0,63,1,64,0,12,89,2,103,110,0,110,213
10/07/2011,UGN,IL,AGL,CE,Federal Contract Tower,0,12,26,1,39,0,0,67,0,67,0,12,93,1,106,58,0,58,164
10/08/2011,UGN,IL,AGL,CE,Federal Contract Tower,0,8,9,0,17,0,0,76,0,76,0,8,85,0,93,134,0,134,227
10/09/2011,UGN,IL,AGL,CE,Federal Contract Tower,0,5,25,1,31,0,0,92,0,92,0,5,117,1,123,108,0,108,231
10/10/2011,UGN,IL,AGL,CE,Federal Contract Tower,0,12,21,0,33,0,0,46,0,46,0,12,67,0,79,74,0,74,153
10/11/2011,UGN,IL,AGL,CE,Federal Contract Tower,0,8,29,0,37,0,0,71,0,71,0,8,100,0,108,100,0,100,208
10/12/2011,UGN,IL,AGL,CE,Federal Contract Tower,0,8,30,0,38,0,0,40,0,40,0,8,70,0,78,46,0,46,124
10/13/2011,UGN,IL,AGL,CE,Federal Contract Tower,0,7,51,0,58,0,0,3,0,3,0,7,54,0,61,2,0,2,63
10/14/2011,UGN,IL,AGL,CE,Federal Contract Tower,0,7,28,0,35,0,0,13,0,13,0,7,41,0,48,8,0,8,56
10/15/2011,UGN,IL,AGL,CE,Federal Contract Tower,0,5,7,0,12,0,0,22,3,25,0,5,29,3,37,48,0,48,85
10/16/2011,UGN,IL,AGL,CE,Federal Contract Tower,0,12,25,0,37,0,0,29,0,29,0,12,54,0,66,34,0,34,100
10/17/2011,UGN,IL,AGL,CE,Federal Contract Tower,0,17,19,0,36,0,0,20,2,22,0,17,39,2,58,2,0,2,60
10/18/2011,UGN,IL,AGL,CE,Federal Contract Tower,0,8,25,0,33,0,0,48,9,57,0,8,73,9,90,50,0,50,140
10/19/2011,UGN,IL,AGL,CE,Federal Contract Tower,0,10,23,0,33,0,0,1,1,2,0,10,24,1,35,0,0,0,35
10/20/2011,UGN,IL,AGL,CE,Federal Contract Tower,0,13,29,0,42,0,0,4,0,4,0,13,33,0,46,6,0,6,52
10/21/2011,UGN,IL,AGL,CE,Federal Contract Tower,0,7,24,0,31,0,0,72,0,72,0,7,96,0,103,38,0,38,141
10/22/2011,UGN,IL,AGL,CE,Federal Contract Tower,0,0,15,0,15,0,0,80,0,80,0,0,95,0,95,82,0,82,177
10/23/2011,UGN,IL,AGL,CE,Federal Contract Tower,0,6,22,0,28,0,0,69,0,69,0,6,91,0,97,88,0,88,185
10/24/2011,UGN,IL,AGL,CE,Federal Contract Tower,0,4,37,0,41,0,0,46,0,46,0,4,83,0,87,40,0,40,127
10/25/2011,UGN,IL,AGL,CE,Federal Contract Tower,0,6,19,0,25,0,0,22,0,22,0,6,41,0,47,58,0,58,105
10/26/2011,UGN,IL,AGL,CE,Federal Contract Tower,0,1,42,0,43,0,0,3,4,7,0,1,45,4,50,2,0,2,52
10/27/2011,UGN,IL,AGL,CE,Federal Contract Tower,0,6,28,0,34,0,0,35,0,35,0,6,63,0,69,112,0,112,181
10/28/2011,UGN,IL,AGL,CE,Federal Contract Tower,0,9,25,1,35,0,0,47,0,47,0,9,72,1,82,18,0,18,100
10/29/2011,UGN,IL,AGL,CE,Federal Contract Tower,0,4,9,1,14,0,0,74,0,74,0,4,83,1,88,132,0,132,220
10/30/2011,UGN,IL,AGL,CE,Federal Contract Tower,0,8,16,0,24,0,0,33,0,33,0,8,49,0,57,50,0,50,107
10/31/2011,UGN,IL,AGL,CE,Federal Contract Tower,0,10,22,0,32,0,0,34,0,34,0,10,56,0,66,78,0,78,144
11/01/2011,UGN,IL,AGL,CE,Federal Contract Tower,0,5,26,0,31,0,0,65,0,65,0,5,91,0,96,114,0,114,210
11/02/2011,UGN,IL,AGL,CE,Federal Contract Tower,0,6,34,0,40,0,0,28,0,28,0,6,62,0,68,60,0,60,128
11/03/2011,UGN,IL,AGL,CE,Federal Contract Tower,0,14,26,0,40,0,0,15,0,15,0,14,41,0,55,0,0,0,55
11/04/2011,UGN,IL,AGL,CE,Federal Contract Tower,0,17,15,0,32,0,0,73,0,73,0,17,88,0,105,98,0,98,203
11/05/2011,UGN,IL,AGL,CE,Federal Contract Tower,0,8,11,4,23,0,0,72,5,77,0,8,83,9,100,124,8,132,232
11/06/2011,UGN,IL,AGL,CE,Federal Contract Tower,0,6,24,0,30,0,0,33,0,33,0,6,57,0,63,48,0,48,111
11/07/2011,UGN,IL,AGL,CE,Federal Contract Tower,0,4,24,0,28,0,0,31,0,31,0,4,55,0,59,44,0,44,103
11/08/2011,UGN,IL,AGL,CE,Federal Contract Tower,0,13,14,2,29,0,0,0,0,0,0,13,14,2,29,0,0,0,29
11/09/2011,UGN,IL,AGL,CE,Federal Contract Tower,0,18,29,2,49,0,0,0,0,0,0,18,29,2,49,0,0,0,49
11/10/2011,UGN,IL,AGL,CE,Federal Contract Tower,0,6,26,2,34,0,0,13,1,14,0,6,39,3,48,30,0,30,78
11/11/2011,UGN,IL,AGL,CE,Federal Contract Tower,0,11,23,0,34,0,0,41,0,41,0,11,64,0,75,90,0,90,165
11/12/2011,UGN,IL,AGL,CE,Federal Contract Tower,0,8,6,0,14,0,0,63,0,63,0,8,69,0,77,110,0,110,187
11/13/2011,UGN,IL,AGL,CE,Federal Contract Tower,0,8,22,0,30,0,0,5,0,5,0,8,27,0,35,20,0,20,55
11/14/2011,UGN,IL,AGL,CE,Federal Contract Tower,0,3,25,0,28,0,0,13,0,13,0,3,38,0,41,32,0,32,73
11/15/2011,UGN,IL,AGL,CE,Federal Contract Tower,0,10,42,2,54,0,0,65,0,65,0,10,107,2,119,100,0,100,219
11/16/2011,UGN,IL,AGL,CE,Federal Contract Tower,0,11,30,0,41,0,0,28,1,29,0,11,58,1,70,20,0,20,90
11/17/2011,UGN,IL,AGL,CE,Federal Contract Tower,0,14,35,0,49,0,0,34,0,34,0,14,69,0,83,56,0,56,139
11/18/2011,UGN,IL,AGL,CE,Federal Contract Tower,0,7,20,0,27,0,0,16,0,16,0,7,36,0,43,18,0,18,61
11/19/2011,UGN,IL,AGL,CE,Federal Contract Tower,0,5,22,0,27,0,0,30,0,30,0,5,52,0,57,24,0,24,81
11/20/2011,UGN,IL,AGL,CE,Federal Contract Tower,0,4,19,4,27,0,0,41,0,41,0,4,60,4,68,78,0,78,146
11/21/2011,UGN,IL,AGL,CE,Federal Contract Tower,0,6,22,0,28,0,0,19,0,19,0,6,41,0,47,62,0,62,109
11/22/2011,UGN,IL,AGL,CE,Federal Contract Tower,0,15,24,0,39,0,0,2,0,2,0,15,26,0,41,0,0,0,41
11/23/2011,UGN,IL,AGL,CE,Federal Contract Tower,0,9,34,0,43,0,0,47,0,47,0,9,81,0,90,112,0,112,202
11/24/2011,UGN,IL,AGL,CE,Federal Contract Tower,0,2,3,0,5,0,0,0,0,0,0,2,3,0,5,0,0,0,5
11/25/2011,UGN,IL,AGL,CE,Federal Contract Tower,0,6,6,0,12,0,0,40,0,40,0,6,46,0,52,20,0,20,72
11/26/2011,UGN,IL,AGL,CE,Federal Contract Tower,0,2,17,0,19,0,0,2,0,2,0,2,19,0,21,0,0,0,21
11/27/2011,UGN,IL,AGL,CE,Federal Contract Tower,0,22,32,0,54,0,0,6,0,6,0,22,38,0,60,32,0,32,92
11/28/2011,UGN,IL,AGL,CE,Federal Contract Tower,0,12,11,0,23,0,0,15,2,17,0,12,26,2,40,52,0,52,92
11/29/2011,UGN,IL,AGL,CE,Federal Contract Tower,0,16,24,0,40,0,0,4,0,4,0,16,28,0,44,0,0,0,44
11/30/2011,UGN,IL,AGL,CE,Federal Contract Tower,0,7,28,0,35,0,0,75,0,75,0,7,103,0,110,89,0,89,199
12/01/2011,UGN,IL,AGL,CE,Federal Contract Tower,0,6,36,0,42,0,0,50,0,50,0,6,86,0,92,98,0,98,190
12/02/2011,UGN,IL,AGL,CE,Federal Contract Tower,0,5,23,0,28,0,0,61,0,61,0,5,84,0,89,148,0,148,237
12/03/2011,UGN,IL,AGL,CE,Federal Contract Tower,0,4,17,0,21,0,0,10,0,10,0,4,27,0,31,6,0,6,37
12/04/2011,UGN,IL,AGL,CE,Federal Contract Tower,0,2,19,0,21,0,0,3,0,3,0,2,22,0,24,0,0,0,24
12/05/2011,UGN,IL,AGL,CE,Federal Contract Tower,0,6,29,0,35,0,0,9,0,9,0,6,38,0,44,4,0,4,48
12/06/2011,UGN,IL,AGL,CE,Federal Contract Tower,0,3,22,0,25,0,0,33,0,33,0,3,55,0,58,74,0,74,132
12/07/2011,UGN,IL,AGL,CE,Federal Contract Tower,0,7,20,0,27,0,0,34,2,36,0,7,54,2,63,88,0,88,151
12/08/2011,UGN,IL,AGL,CE,Federal Contract Tower,0,10,20,0,30,0,0,43,0,43,0,10,63,0,73,72,0,72,145
12/09/2011,UGN,IL,AGL,CE,Federal Contract Tower,0,5,34,12,51,0,0,29,0,29,0,5,63,12,80,48,4,52,132
12/10/2011,UGN,IL,AGL,CE,Federal Contract Tower,0,3,11,0,14,0,0,73,0,73,0,3,84,0,87,74,0,74,161
12/11/2011,UGN,IL,AGL,CE,Federal Contract Tower,0,7,27,0,34,0,0,64,0,64,0,7,91,0,98,92,0,92,190
12/12/2011,UGN,IL,AGL,CE,Federal Contract Tower,0,4,34,0,38,0,0,50,0,50,0,4,84,0,88,78,0,78,166
12/13/2011,UGN,IL,AGL,CE,Federal Contract Tower,0,3,49,0,52,0,0,29,0,29,0,3,78,0,81,62,0,62,143
12/14/2011,UGN,IL,AGL,CE,Federal Contract Tower,0,10,25,0,35,0,0,0,0,0,0,10,25,0,35,4,0,4,39
12/15/2011,UGN,IL,AGL,CE,Federal Contract Tower,0,8,27,0,35,0,0,10,0,10,0,8,37,0,45,12,0,12,57
12/16/2011,UGN,IL,AGL,CE,Federal Contract Tower,0,10,42,0,52,0,0,56,0,56,0,10,98,0,108,100,0,100,208
12/17/2011,UGN,IL,AGL,CE,Federal Contract Tower,0,6,20,0,26,0,0,15,0,15,0,6,35,0,41,54,0,54,95
12/18/2011,UGN,IL,AGL,CE,Federal Contract Tower,0,7,24,0,31,0,0,50,0,50,0,7,74,0,81,170,0,170,251
12/19/2011,UGN,IL,AGL,CE,Federal Contract Tower,0,5,23,0,28,0,0,25,0,25,0,5,48,0,53,78,0,78,131
12/20/2011,UGN,IL,AGL,CE,Federal Contract Tower,0,5,24,0,29,0,0,15,0,15,0,5,39,0,44,54,0,54,98
12/21/2011,UGN,IL,AGL,CE,Federal Contract Tower,0,9,17,0,26,0,0,0,0,0,0,9,17,0,26,0,0,0,26
12/22/2011,UGN,IL,AGL,CE,Federal Contract Tower,0,7,23,0,30,0,0,2,0,2,0,7,25,0,32,0,0,0,32
12/23/2011,UGN,IL,AGL,CE,Federal Contract Tower,0,13,16,0,29,0,0,43,0,43,0,13,59,0,72,68,0,68,140
12/24/2011,UGN,IL,AGL,CE,Federal Contract Tower,0,2,15,0,17,0,0,37,0,37,0,2,52,0,54,58,0,58,112
12/25/2011,UGN,IL,AGL,CE,Federal Contract Tower,0,6,6,0,12,0,0,4,0,4,0,6,10,0,16,0,0,0,16
12/26/2011,UGN,IL,AGL,CE,Federal Contract Tower,0,22,21,0,43,0,0,36,0,36,0,22,57,0,79,14,0,14,93
12/27/2011,UGN,IL,AGL,CE,Federal Contract Tower,0,7,19,0,26,0,0,12,0,12,0,7,31,0,38,52,0,52,90
12/28/2011,UGN,IL,AGL,CE,Federal Contract Tower,0,7,15,0,22,0,0,49,0,49,0,7,64,0,71,98,0,98,169
12/29/2011,UGN,IL,AGL,CE,Federal Contract Tower,0,8,12,0,20,0,0,65,0,65,0,8,77,0,85,76,0,76,161
12/30/2011,UGN,IL,AGL,CE,Federal Contract Tower,0,1,7,0,8,0,0,0,0,0,0,1,7,0,8,0,0,0,8
12/31/2011,UGN,IL,AGL,CE,Federal Contract Tower,0,3,18,0,21,0,0,32,0,32,0,3,50,0,53,118,0,118,171
01/01/2012,UGN,IL,AGL,CE,Federal Contract Tower,0,8,13,0,21,0,0,0,0,0,0,8,13,0,21,0,0,0,21
01/02/2012,UGN,IL,AGL,CE,Federal Contract Tower,0,13,25,0,38,0,0,5,0,5,0,13,30,0,43,26,0,26,69
01/03/2012,UGN,IL,AGL,CE,Federal Contract Tower,0,3,20,0,23,0,0,40,0,40,0,3,60,0,63,106,0,106,169
01/04/2012,UGN,IL,AGL,CE,Federal Contract Tower,0,10,18,0,28,0,0,40,0,40,0,10,58,0,68,110,0,110,178
01/05/2012,UGN,IL,AGL,CE,Federal Contract Tower,0,5,21,0,26,0,0,70,0,70,0,5,91,0,96,134,0,134,230
01/06/2012,UGN,IL,AGL,CE,Federal Contract Tower,0,0,32,0,32,0,0,62,0,62,0,0,94,0,94,88,0,88,182
01/07/2012,UGN,IL,AGL,CE,Federal Contract Tower,0,1,13,0,14,0,0,90,0,90,0,1,103,0,104,68,0,68,172
01/08/2012,UGN,IL,AGL,CE,Federal Contract Tower,0,2,14,0,16,0,0,57,0,57,0,2,71,0,73,76,0,76,149
01/09/2012,UGN,IL,AGL,CE,Federal Contract Tower,0,3,19,0,22,0,0,21,0,21,0,3,40,0,43,10,0,10,53
01/10/2012,UGN,IL,AGL,CE,Federal Contract Tower,0,5,19,0,24,0,0,65,0,65,0,5,84,0,89,46,0,46,135
01/11/2012,UGN,IL,AGL,CE,Federal Contract Tower,0,6,17,0,23,0,0,28,2,30,0,6,45,2,53,50,0,50,103
01/12/2012,UGN,IL,AGL,CE,Federal Contract Tower,0,2,13,0,15,0,0,0,0,0,0,2,13,0,15,0,0,0,15
01/13/2012,UGN,IL,AGL,CE,Federal Contract Tower,0,8,25,0,33,0,0,2,0,2,0,8,27,0,35,0,0,0,35
01/14/2012,UGN,IL,AGL,CE,Federal Contract Tower,0,5,5,0,10,0,0,24,0,24,0,5,29,0,34,34,0,34,68
01/15/2012,UGN,IL,AGL,CE,Federal Contract Tower,0,9,15,0,24,0,0,54,0,54,0,9,69,0,78,146,0,146,224
01/16/2012,UGN,IL,AGL,CE,Federal Contract Tower,0,9,27,0,36,0,0,10,0,10,0,9,37,0,46,8,0,8,54
01/17/2012,UGN,IL,AGL,CE,Federal Contract Tower,0,5,13,0,18,0,0,0,0,0,0,5,13,0,18,0,0,0,18
01/18/2012,UGN,IL,AGL,CE,Federal Contract Tower,0,8,27,0,35,0,0,27,0,27,0,8,54,0,62,66,0,66,128
01/19/2012,UGN,IL,AGL,CE,Federal Contract Tower,0,5,29,0,34,0,0,21,0,21,0,5,50,0,55,0,0,0,55
01/20/2012,UGN,IL,AGL,CE,Federal Contract Tower,0,9,17,0,26,0,0,2,0,2,0,9,19,0,28,0,0,0,28
01/21/2012,UGN,IL,AGL,CE,Federal Contract Tower,0,4,13,0,17,0,0,29,0,29,0,4,42,0,46,28,0,28,74
01/22/2012,UGN,IL,AGL,CE,Federal Contract Tower,0,4,9,0,13,0,0,0,0,0,0,4,9,0,13,0,0,0,13
01/23/2012,UGN,IL,AGL,CE,Federal Contract Tower,0,6,17,0,23,0,0,0,0,0,0,6,17,0,23,0,0,0,23
01/24/2012,UGN,IL,AGL,CE,Federal Contract Tower,0,19,16,0,35,0,0,38,0,38,0,19,54,0,73,34,0,34,107
01/25/2012,UGN,IL,AGL,CE,Federal Contract Tower,0,9,22,0,31,0,0,30,0,30,0,9,52,0,61,56,0,56,117
01/26/2012,UGN,IL,AGL,CE,Federal Contract Tower,0,12,27,0,39,0,0,0,0,0,0,12,27,0,39,0,0,0,39
01/27/2012,UGN,IL,AGL,CE,Federal Contract Tower,0,5,17,0,22,0,0,46,0,46,0,5,63,0,68,94,0,94,162
01/28/2012,UGN,IL,AGL,CE,Federal Contract Tower,0,1,5,0,6,0,0,29,0,29,0,1,34,0,35,8,0,8,43
01/29/2012,UGN,IL,AGL,CE,Federal Contract Tower,0,6,17,0,23,0,0,30,0,30,0,6,47,0,53,36,0,36,89
01/30/2012,UGN,IL,AGL,CE,Federal Contract Tower,0,6,18,0,24,0,1,13,0,14,0,7,31,0,38,14,0,14,52
01/31/2012,UGN,IL,AGL,CE,Federal Contract Tower,0,10,28,0,38,0,0,18,0,18,0,10,46,0,56,34,0,34,90
02/01/2012,UGN,IL,AGL,CE,Federal Contract Tower,0,2,18,0,20,0,0,2,0,2,0,2,20,0,22,64,0,64,86
02/02/2012,UGN,IL,AGL,CE,Federal Contract Tower,0,4,15,0,19,0,0,0,0,0,0,4,15,0,19,0,0,0,19
02/03/2012,UGN,IL,AGL,CE,Federal Contract Tower,0,4,21,0,25,0,0,0,0,0,0,4,21,0,25,0,0,0,25
02/04/2012,UGN,IL,AGL,CE,Federal Contract Tower,0,4,8,0,12,0,0,52,0,52,0,4,60,0,64,78,0,78,142
02/05/2012,UGN,IL,AGL,CE,Federal Contract Tower,0,10,18,0,28,0,0,50,0,50,0,10,68,0,78,124,0,124,202
02/06/2012,UGN,IL,AGL,CE,Federal Contract Tower,0,5,15,1,21,0,0,2,1,3,0,5,17,2,24,12,0,12,36
02/07/2012,UGN,IL,AGL,CE,Federal Contract Tower,0,7,14,0,21,0,0,4,0,4,0,7,18,0,25,18,0,18,43
02/08/2012,UGN,IL,AGL,CE,Federal Contract Tower,0,12,23,0,35,0,0,57,0,57,0,12,80,0,92,106,0,106,198
02/09/2012,UGN,IL,AGL,CE,Federal Contract Tower,0,19,31,0,50,0,0,41,2,43,0,19,72,2,93,80,0,80,173
02/10/2012,UGN,IL,AGL,CE,Federal Contract Tower,0,5,16,0,21,0,0,3,0,3,0,5,19,0,24,28,0,28,52
02/11/2012,UGN,IL,AGL,CE,Federal Contract Tower,0,7,9,0,16,0,0,35,0,35,0,7,44,0,51,40,0,40,91
02/12/2012,UGN,IL,AGL,CE,Federal Contract Tower,0,7,11,0,18,0,0,64,0,64,0,7,75,0,82,10,0,10,92
02/13/2012,UGN,IL,AGL,CE,Federal Contract Tower,0,5,24,0,29,0,0,17,0,17,0,5,41,0,46,48,0,48,94
02/14/2012,UGN,IL,AGL,CE,Federal Contract Tower,0,2,30,0,32,0,0,2,0,2,0,2,32,0,34,18,0,18,52
02/15/2012,UGN,IL,AGL,CE,Federal Contract Tower,0,20,32,0,52,0,0,29,0,29,0,20,61,0,81,98,0,98,179
02/16/2012,UGN,IL,AGL,CE,Federal Contract Tower,0,4,30,0,34,0,0,21,0,21,0,4,51,0,55,26,8,34,89
02/17/2012,UGN,IL,AGL,CE,Federal Contract Tower,0,15,34,0,49,0,0,62,0,62,0,15,96,0,111,38,0,38,149
02/18/2012,UGN,IL,AGL,CE,Federal Contract Tower,0,4,7,0,11,0,0,72,0,72,0,4,79,0,83,92,0,92,175
02/19/2012,UGN,IL,AGL,CE,Federal Contract Tower,0,6,8,0,14,0,0,75,0,75,0,6,83,0,89,104,0,104,193
02/20/2012,UGN,IL,AGL,CE,Federal Contract Tower,0,11,29,0,40,0,0,49,0,49,0,11,78,0,89,64,0,64,153
02/21/2012,UGN,IL,AGL,CE,Federal Contract Tower,0,8,19,0,27,0,0,5,0,5,0,8,24,0,32,22,0,22,54
02/22/2012,UGN,IL,AGL,CE,Federal Contract Tower,0,3,29,0,32,0,0,37,0,37,0,3,66,0,69,98,0,98,167
02/23/2012,UGN,IL,AGL,CE,Federal Contract Tower,0,9,33,1,43,0,0,6,0,6,0,9,39,1,49,6,0,6,55
02/24/2012,UGN,IL,AGL,CE,Federal Contract Tower,0,8,20,0,28,0,0,9,0,9,0,8,29,0,37,0,0,0,37
02/25/2012,UGN,IL,AGL,CE,Federal Contract Tower,0,6,14,0,20,0,0,64,0,64,0,6,78,0,84,72,0,72,156
02/26/2012,UGN,IL,AGL,CE,Federal Contract Tower,0,10,24,0,34,0,0,9,0,9,0,10,33,0,43,30,0,30,73
02/27/2012,UGN,IL,AGL,CE,Federal Contract Tower,0,10,19,0,29,0,0,35,0,35,0,10,54,0,64,66,0,66,130
02/28/2012,UGN,IL,AGL,CE,Federal Contract Tower,0,7,22,0,29,0,0,51,2,53,0,7,73,2,82,146,7,153,235
02/29/2012,UGN,IL,AGL,CE,Federal Contract Tower,0,7,13,0,20,0,1,4,0,5,0,8,17,0,25,12,0,12,37
03/01/2012,UGN,IL,AGL,CE,Federal Contract Tower,0,10,40,0,50,0,0,29,0,29,0,10,69,0,79,44,0,44,123
03/02/2012,UGN,IL,AGL,CE,Federal Contract Tower,0,13,23,0,36,0,0,0,0,0,0,13,23,0,36,0,0,0,36
03/03/2012,UGN,IL,AGL,CE,Federal Contract Tower,0,2,14,0,16,0,0,15,0,15,0,2,29,0,31,14,0,14,45
03/04/2012,UGN,IL,AGL,CE,Federal Contract Tower,0,8,14,0,22,0,0,14,0,14,0,8,28,0,36,60,0,60,96
03/05/2012,UGN,IL,AGL,CE,Federal Contract Tower,0,11,25,0,36,0,0,42,0,42,0,11,67,0,78,60,0,60,138
03/06/2012,UGN,IL,AGL,CE,Federal Contract Tower,0,15,23,0,38,0,0,17,1,18,0,15,40,1,56,22,8,30,86
03/07/2012,UGN,IL,AGL,CE,Federal Contract Tower,0,8,25,0,33,0,0,36,1,37,0,8,61,1,70,75,0,75,145
03/08/2012,UGN,IL,AGL,CE,Federal Contract Tower,0,11,19,0,30,0,0,36,0,36,0,11,55,0,66,64,0,64,130
03/09/2012,UGN,IL,AGL,CE,Federal Contract Tower,0,7,24,0,31,0,0,74,2,76,0,7,98,2,107,86,0,86,193
03/10/2012,UGN,IL,AGL,CE,Federal Contract Tower,0,4,11,0,15,0,0,50,0,50,0,4,61,0,65,36,0,36,101
03/11/2012,UGN,IL,AGL,CE,Federal Contract Tower,0,3,24,0,27,0,0,84,0,84,0,3,108,0,111,92,0,92,203
03/12/2012,UGN,IL,AGL,CE,Federal Contract Tower,0,5,15,0,20,0,0,5,0,5,0,5,20,0,25,16,0,16,41
03/13/2012,UGN,IL,AGL,CE,Federal Contract Tower,0,3,29,0,32,0,0,86,0,86,0,3,115,0,118,122,0,122,240
03/14/2012,UGN,IL,AGL,CE,Federal Contract Tower,0,2,25,1,28,0,0,51,3,54,0,2,76,4,82,102,0,102,184
03/15/2012,UGN,IL,AGL,CE,Federal Contract Tower,0,13,24,0,37,0,0,47,0,47,0,13,71,0,84,144,0,144,228
03/16/2012,UGN,IL,AGL,CE,Federal Contract Tower,0,9,29,0,38,0,0,39,0,39,0,9,68,0,77,82,0,82,159
03/17/2012,UGN,IL,AGL,CE,Federal Contract Tower,0,6,9,0,15,0,0,68,0,68,0,6,77,0,83,80,0,80,163
03/18/2012,UGN,IL,AGL,CE,Federal Contract Tower,0,6,22,0,28,0,0,98,0,98,0,6,120,0,126,42,0,42,168
03/19/2012,UGN,IL,AGL,CE,Federal Contract Tower,0,11,18,2,31,0,0,13,0,13,0,11,31,2,44,60,0,60,104
03/20/2012,UGN,IL,AGL,CE,Federal Contract Tower,0,8,19,0,27,0,0,85,2,87,0,8,104,2,114,206,0,206,320
03/21/2012,UGN,IL,AGL,CE,Federal Contract Tower,0,10,31,2,43,0,0,43,2,45,0,10,74,4,88,84,0,84,172
03/22/2012,UGN,IL,AGL,CE,Federal Contract Tower,0,7,19,0,26,0,0,23,0,23,0,7,42,0,49,56,0,56,105
03/23/2012,UGN,IL,AGL,CE,Federal Contract Tower,0,13,26,0,39,0,0,0,0,0,0,13,26,0,39,0,0,0,39
03/24/2012,UGN,IL,AGL,CE,Federal Contract Tower,0,6,30,0,36,0,0,2,0,2,0,6,32,0,38,10,0,10,48
03/25/2012,UGN,IL,AGL,CE,Federal Contract Tower,0,12,13,2,27,0,0,51,0,51,0,12,64,2,78,54,0,54,132
03/26/2012,UGN,IL,AGL,CE,Federal Contract Tower,0,8,14,1,23,0,0,21,1,22,0,8,35,2,45,0,0,0,45
03/27/2012,UGN,IL,AGL,CE,Federal Contract Tower,0,4,21,0,25,0,0,10,0,10,0,4,31,0,35,6,0,6,41
03/28/2012,UGN,IL,AGL,CE,Federal Contract Tower,0,5,25,0,30,0,0,26,0,26,0,5,51,0,56,28,0,28,84
03/29/2012,UGN,IL,AGL,CE,Federal Contract Tower,0,7,27,0,34,0,0,45,0,45,0,7,72,0,79,132,0,132,211
03/30/2012,UGN,IL,AGL,CE,Federal Contract Tower,0,5,17,2,24,0,0,0,0,0,0,5,17,2,24,0,0,0,24
03/31/2012,UGN,IL,AGL,CE,Federal Contract Tower,0,7,35,0,42,0,0,36,0,36,0,7,71,0,78,122,0,122,200
04/01/2012,UGN,IL,AGL,CE,Federal Contract Tower,0,14,34,2,50,0,0,9,0,9,0,14,43,2,59,58,0,58,117
04/02/2012,UGN,IL,AGL,CE,Federal Contract Tower,0,15,25,2,42,0,0,25,2,27,0,15,50,4,69,16,2,18,87
04/03/2012,UGN,IL,AGL,CE,Federal Contract Tower,0,8,26,0,34,0,0,53,0,53,0,8,79,0,87,138,0,138,225
04/04/2012,UGN,IL,AGL,CE,Federal Contract Tower,0,7,20,0,27,0,0,43,1,44,0,7,63,1,71,72,0,72,143
04/05/2012,UGN,IL,AGL,CE,Federal Contract Tower,0,7,31,0,38,0,0,33,0,33,0,7,64,0,71,10,0,10,81
04/06/2012,UGN,IL,AGL,CE,Federal Contract Tower,0,2,23,0,25,0,0,91,0,91,0,2,114,0,116,132,0,132,248
04/07/2012,UGN,IL,AGL,CE,Federal Contract Tower,0,0,9,0,9,0,0,78,0,78,0,0,87,0,87,46,0,46,133
04/08/2012,UGN,IL,AGL,CE,Federal Contract Tower,0,2,13,0,15,0,0,9,0,9,0,2,22,0,24,0,0,0,24
04/09/2012,UGN,IL,AGL,CE,Federal Contract Tower,0,5,27,3,35,0,0,27,0,27,0,5,54,3,62,14,0,14,76
04/10/2012,UGN,IL,AGL,CE,Federal Contract Tower,0,5,29,0,34,0,0,44,0,44,0,5,73,0,78,81,0,81,159
04/11/2012,UGN,IL,AGL,CE,Federal Contract Tower,0,13,26,3,42,0,0,55,0,55,0,13,81,3,97,48,0,48,145
04/12/2012,UGN,IL,AGL,CE,Federal Contract Tower,0,9,25,2,36,0,0,58,0,58,0,9,83,2,94,180,0,180,274
04/13/2012,UGN,IL,AGL,CE,Federal Contract Tower,0,4,25,0,29,0,0,29,0,29,0,4,54,0,58,60,0,60,118
04/14/2012,UGN,IL,AGL,CE,Federal Contract Tower,0,10,19,0,29,0,0,46,0,46,0,10,65,0,75,138,0,138,213
04/15/2012,UGN,IL,AGL,CE,Federal Contract Tower,0,12,20,0,32,0,0,11,0,11,0,12,31,0,43,18,0,18,61
04/16/2012,UGN,IL,AGL,CE,Federal Contract Tower,0,11,38,0,49,0,0,2,2,4,0,11,40,2,53,2,0,2,55
04/17/2012,UGN,IL,AGL,CE,Federal Contract Tower,0,8,37,0,45,0,0,70,5,75,0,8,107,5,120,164,0,164,284
04/18/2012,UGN,IL,AGL,CE,Federal Contract Tower,0,7,27,0,34,0,0,27,0,27,0,7,54,0,61,42,0,42,103
04/19/2012,UGN,IL,AGL,CE,Federal Contract Tower,0,6,43,0,49,0,0,16,0,16,0,6,59,0,65,66,0,66,131
04/20/2012,UGN,IL,AGL,CE,Federal Contract Tower,0,8,28,0,36,0,0,3,0,3,0,8,31,0,39,0,0,0,39
04/21/2012,UGN,IL,AGL,CE,Federal Contract Tower,0,4,6,0,10,0,0,75,0,75,0,4,81,0,85,174,0,174,259
04/22/2012,UGN,IL,AGL,CE,Federal Contract Tower,0,9,18,1,28,0,0,42,0,42,0,9,60,1,70,57,0,57,127
04/23/2012,UGN,IL,AGL,CE,Federal Contract Tower,0,4,24,0,28,0,0,26,0,26,0,4,50,0,54,52,0,52,106
04/24/2012,UGN,IL,AGL,CE,Federal Contract Tower,0,6,25,0,31,0,0,76,0,76,0,6,101,0,107,102,0,102,209
04/25/2012,UGN,IL,AGL,CE,Federal Contract Tower,0,7,27,0,34,0,0,14,0,14,0,7,41,0,48,18,0,18,66
04/26/2012,UGN,IL,AGL,CE,Federal Contract Tower,0,3,33,0,36,0,0,30,0,30,0,3,63,0,66,34,0,34,100
04/27/2012,UGN,IL,AGL,CE,Federal Contract Tower,0,8,21,2,31,0,0,59,2,61,0,8,80,4,92,94,0,94,186
04/28/2012,UGN,IL,AGL,CE,Federal Contract Tower,0,1,22,0,23,0,0,7,0,7,0,1,29,0,30,84,0,84,114
04/29/2012,UGN,IL,AGL,CE,Federal Contract Tower,0,9,18,1,28,0,0,78,1,79,0,9,96,2,107,170,0,170,277
04/30/2012,UGN,IL,AGL,CE,Federal Contract Tower,0,4,32,0,36,0,0,3,0,3,0,4,35,0,39,42,0,42,81
05/01/2012,UGN,IL,AGL,CE,Federal Contract Tower,0,6,25,0,31,0,0,3,0,3,0,6,28,0,34,0,0,0,34
05/02/2012,UGN,IL,AGL,CE,Federal Contract Tower,0,10,31,0,41,0,0,46,0,46,0,10,77,0,87,64,0,64,151
05/03/2012,UGN,IL,AGL,CE,Federal Contract Tower,0,9,25,0,34,0,0,32,2,34,0,9,57,2,68,46,0,46,114
05/04/2012,UGN,IL,AGL,CE,Federal Contract Tower,0,9,23,0,32,0,0,1,0,1,0,9,24,0,33,28,0,28,61
05/05/2012,UGN,IL,AGL,CE,Federal Contract Tower,0,8,25,0,33,0,0,0,0,0,0,8,25,0,33,0,0,0,33
05/06/2012,UGN,IL,AGL,CE,Federal Contract Tower,0,14,12,0,26,0,0,14,0,14,0,14,26,0,40,16,0,16,56
05/07/2012,UGN,IL,AGL,CE,Federal Contract Tower,0,11,34,1,46,0,0,2,1,3,0,11,36,2,49,0,0,0,49
05/08/2012,UGN,IL,AGL,CE,Federal Contract Tower,0,13,31,3,47,0,0,72,6,78,0,13,103,9,125,134,0,134,259
05/09/2012,UGN,IL,AGL,CE,Federal Contract Tower,0,10,32,0,42,0,1,62,0,63,0,11,94,0,105,104,0,104,209
05/10/2012,UGN,IL,AGL,CE,Federal Contract Tower,0,8,25,0,33,0,0,99,0,99,0,8,124,0,132,114,0,114,246
05/11/2012,UGN,IL,AGL,CE,Federal Contract Tower,0,8,22,0,30,0,0,63,0,63,0,8,85,0,93,78,0,78,171
05/12/2012,UGN,IL,AGL,CE,Federal Contract Tower,0,6,8,0,14,0,0,57,0,57,0,6,65,0,71,104,0,104,175
05/13/2012,UGN,IL,AGL,CE,Federal Contract Tower,0,8,15,0,23,0,0,65,0,65,0,8,80,0,88,100,0,100,188
05/14/2012,UGN,IL,AGL,CE,Federal Contract Tower,0,7,29,0,36,0,0,48,2,50,0,7,77,2,86,30,0,30,116
05/15/2012,UGN,IL,AGL,CE,Federal Contract Tower,0,11,31,0,42,0,0,57,6,63,0,11,88,6,105,48,0,48,153
05/16/2012,UGN,IL,AGL,CE,Federal Contract Tower,0,12,34,0,46,0,0,48,0,48,0,12,82,0,94,60,0,60,154
05/17/2012,UGN,IL,AGL,CE,Federal Contract Tower,0,10,31,2,43,0,0,67,9,76,0,10,98,11,119,86,0,86,205
05/18/2012,UGN,IL,AGL,CE,Federal Contract Tower,0,9,32,0,41,0,0,63,3,66,0,9,95,3,107,72,0,72,179
05/19/2012,UGN,IL,AGL,CE,Federal Contract Tower,0,8,11,3,22,0,0,58,2,60,0,8,69,5,82,54,0,54,136
05/20/2012,UGN,IL,AGL,CE,Federal Contract Tower,0,12,21,0,33,0,0,28,2,30,0,12,49,2,63,20,0,20,83
05/21/2012,UGN,IL,AGL,CE,Federal Contract Tower,0,9,29,0,38,0,0,19,3,22,0,9,48,3,60,14,0,14,74
05/22/2012,UGN,IL,AGL,CE,Federal Contract Tower,0,10,24,0,34,0,0,54,0,54,0,10,78,0,88,76,0,76,164
05/23/2012,UGN,IL,AGL,CE,Federal Contract Tower,0,14,18,1,33,0,0,60,1,61,0,14,78,2,94,130,0,130,224
05/24/2012,UGN,IL,AGL,CE,Federal Contract Tower,0,9,31,1,41,0,0,19,0,19,0,9,50,1,60,30,0,30,90
05/25/2012,UGN,IL,AGL,CE,Federal Contract Tower,0,14,26,1,41,0,0,55,3,58,0,14,81,4,99,78,0,78,177
05/26/2012,UGN,IL,AGL,CE,Federal Contract Tower,0,7,11,0,18,0,0,42,2,44,0,7,53,2,62,78,0,78,140
05/27/2012,UGN,IL,AGL,CE,Federal Contract Tower,0,3,8,0,11,0,0,42,4,46,0,3,50,4,57,90,0,90,147
05/28/2012,UGN,IL,AGL,CE,Federal Contract Tower,0,15,24,0,39,0,0,16,4,20,0,15,40,4,59,36,36,72,131
05/29/2012,UGN,IL,AGL,CE,Federal Contract Tower,0,9,30,0,39,0,0,46,2,48,0,9,76,2,87,84,0,84,171
05/30/2012,UGN,IL,AGL,CE,Federal Contract Tower,0,10,36,0,46,0,1,60,2,63,0,11,96,2,109,112,0,112,221
05/31/2012,UGN,IL,AGL,CE,Federal Contract Tower,0,12,33,0,45,0,0,3,10,13,0,12,36,10,58,0,0,0,58
06/01/2012,UGN,IL,AGL,CE,Federal Contract Tower,0,13,34,3,50,0,0,23,3,26,0,13,57,6,76,60,0,60,136
06/02/2012,UGN,IL,AGL,CE,Federal Contract Tower,0,11,20,0,31,0,0,46,4,50,0,11,66,4,81,44,0,44,125
06/03/2012,UGN,IL,AGL,CE,Federal Contract Tower,0,9,17,1,27,0,0,92,8,100,0,9,109,9,127,74,0,74,201
06/04/2012,UGN,IL,AGL,CE,Federal Contract Tower,0,8,39,0,47,0,0,57,2,59,0,8,96,2,106,86,0,86,192
06/05/2012,UGN,IL,AGL,CE,Federal Contract Tower,0,4,22,0,26,0,1,65,3,69,0,5,87,3,95,122,0,122,217
06/06/2012,UGN,IL,AGL,CE,Federal Contract Tower,0,4,20,0,24,0,0,71,6,77,0,4,91,6,101,126,0,126,227
06/07/2012,UGN,IL,AGL,CE,Federal Contract Tower,0,3,33,0,36,0,0,78,2,80,0,3,111,2,116,74,0,74,190
06/08/2012,UGN,IL,AGL,CE,Federal Contract Tower,0,11,28,2,41,0,0,64,6,70,0,11,92,8,111,84,0,84,195
06/09/2012,UGN,IL,AGL,CE,Federal Contract Tower,0,4,15,1,20,0,0,71,1,72,0,4,86,2,92,82,2,84,176
06/10/2012,UGN,IL,AGL,CE,Federal Contract Tower,0,9,19,2,30,0,0,70,4,74,0,9,89,6,104,124,0,124,228
06/11/2012,UGN,IL,AGL,CE,Federal Contract Tower,0,5,29,0,34,0,0,22,1,23,0,5,51,1,57,20,0,20,77
06/12/2012,UGN,IL,AGL,CE,Federal Contract Tower,0,9,21,0,30,0,0,40,2,42,0,9,61,2,72,56,0,56,128
06/13/2012,UGN,IL,AGL,CE,Federal Contract Tower,0,8,13,0,21,0,0,42,1,43,0,8,55,1,64,122,0,122,186
06/14/2012,UGN,IL,AGL,CE,Federal Contract Tower,0,9,37,0,46,0,0,65,2,67,0,9,102,2,113,74,0,74,187
06/15/2012,UGN,IL,AGL,CE,Federal Contract Tower,0,12,34,0,46,0,0,78,2,80,0,12,112,2,126,102,0,102,228
06/16/2012,UGN,IL,AGL,CE,Federal Contract Tower,0,4,19,0,23,0,0,38,2,40,0,4,57,2,63,58,0,58,121
06/17/2012,UGN,IL,AGL,CE,Federal Contract Tower,0,7,26,2,35,0,0,44,0,44,0,7,70,2,79,50,0,50,129
06/18/2012,UGN,IL,AGL,CE,Federal Contract Tower,0,9,21,1,31,0,0,13,3,16,0,9,34,4,47,20,2,22,69
06/19/2012,UGN,IL,AGL,CE,Federal Contract Tower,0,9,36,3,48,0,0,50,5,55,0,9,86,8,103,30,6,36,139
06/20/2012,UGN,IL,AGL,CE,Federal Contract Tower,0,12,24,2,38,0,0,43,1,44,0,12,67,3,82,78,0,78,160
06/21/2012,UGN,IL,AGL,CE,Federal Contract Tower,0,9,21,5,35,0,0,58,1,59,0,9,79,6,94,146,0,146,240
06/22/2012,UGN,IL,AGL,CE,Federal Contract Tower,0,4,23,2,29,0,0,79,3,82,0,4,102,5,111,88,0,88,199
06/23/2012,UGN,IL,AGL,CE,Federal Contract Tower,0,3,16,3,22,0,0,83,2,85,0,3,99,5,107,20,0,20,127
06/24/2012,UGN,IL,AGL,CE,Federal Contract Tower,0,11,18,1,30,0,0,59,3,62,0,11,77,4,92,102,0,102,194
06/25/2012,UGN,IL,AGL,CE,Federal Contract Tower,0,4,21,0,25,0,0,44,1,45,0,4,65,1,70,36,0,36,106
06/26/2012,UGN,IL,AGL,CE,Federal Contract Tower,0,8,22,0,30,0,0,71,1,72,0,8,93,1,102,132,0,132,234
06/27/2012,UGN,IL,AGL,CE,Federal Contract Tower,0,13,25,0,38,0,0,59,2,61,0,13,84,2,99,54,0,54,153
06/28/2012,UGN,IL,AGL,CE,Federal Contract Tower,0,15,22,2,39,0,0,38,2,40,0,15,60,4,79,82,2,84,163
06/29/2012,UGN,IL,AGL,CE,Federal Contract Tower,0,11,23,0,34,0,0,52,5,57,0,11,75,5,91,128,6,134,225
06/30/2012,UGN,IL,AGL,CE,Federal Contract Tower,0,9,10,3,22,0,0,67,5,72,0,9,77,8,94,106,0,106,200
07/01/2012,UGN,IL,AGL,CE,Federal Contract Tower,0,12,13,2,27,0,0,62,2,64,0,12,75,4,91,82,10,92,183
07/02/2012,UGN,IL,AGL,CE,Federal Contract Tower,0,6,18,4,28,0,0,41,2,43,0,6,59,6,71,52,2,54,125
07/03/2012,UGN,IL,AGL,CE,Federal Contract Tower,0,13,8,0,21,0,0,39,9,48,0,13,47,9,69,86,4,90,159
07/04/2012,UGN,IL,AGL,CE,Federal Contract Tower,0,7,4,0,11,0,0,36,3,39,0,7,40,3,50,22,0,22,72
07/05/2012,UGN,IL,AGL,CE,Federal Contract Tower,0,11,19,0,30,0,0,47,5,52,0,11,66,5,82,12,2,14,96
07/06/2012,UGN,IL,AGL,CE,Federal Contract Tower,0,10,30,0,40,0,0,40,2,42,0,10,70,2,82,38,0,38,120
07/07/2012,UGN,IL,AGL,CE,Federal Contract Tower,0,6,16,0,22,0,0,54,4,58,0,6,70,4,80,72,0,72,152
07/08/2012,UGN,IL,AGL,CE,Federal Contract Tower,0,11,20,0,31,0,0,78,3,81,0,11,98,3,112,106,0,106,218
07/09/2012,UGN,IL,AGL,CE,Federal Contract Tower,0,13,24,0,37,0,0,36,0,36,0,13,60,0,73,38,0,38,111
07/10/2012,UGN,IL,AGL,CE,Federal Contract Tower,0,9,25,0,34,0,0,46,3,49,0,9,71,3,83,86,0,86,169
07/11/2012,UGN,IL,AGL,CE,Federal Contract Tower,0,8,29,0,37,0,0,61,6,67,0,8,90,6,104,136,0,136,240
07/12/2012,UGN,IL,AGL,CE,Federal Contract Tower,0,18,39,0,57,0,0,55,3,58,0,18,94,3,115,64,0,64,179
07/13/2012,UGN,IL,AGL,CE,Federal Contract Tower,0,17,25,2,44,0,1,41,5,47,0,18,66,7,91,62,0,62,153
07/14/2012,UGN,IL,AGL,CE,Federal Contract Tower,0,2,12,0,14,0,0,42,0,42,0,2,54,0,56,64,0,64,120
07/15/2012,UGN,IL,AGL,CE,Federal Contract Tower,0,9,30,5,44,0,0,50,4,54,0,9,80,9,98,144,0,144,242
07/16/2012,UGN,IL,AGL,CE,Federal Contract Tower,0,2,37,2,41,0,0,54,2,56,0,2,91,4,97,27,0,27,124
07/17/2012,UGN,IL,AGL,CE,Federal Contract Tower,0,4,36,1,41,0,0,54,4,58,0,4,90,5,99,77,0,77,176
07/18/2012,UGN,IL,AGL,CE,Federal Contract Tower,0,11,23,1,35,0,0,27,0,27,0,11,50,1,62,42,0,42,104
07/19/2012,UGN,IL,AGL,CE,Federal Contract Tower,0,9,43,1,53,0,0,11,0,11,0,9,54,1,64,22,0,22,86
07/20/2012,UGN,IL,AGL,CE,Federal Contract Tower,0,10,34,0,44,0,0,69,2,71,0,10,103,2,115,156,0,156,271
07/21/2012,UGN,IL,AGL,CE,Federal Contract Tower,0,5,9,4,18,0,0,68,5,73,0,5,77,9,91,64,2,66,157
07/22/2012,UGN,IL,AGL,CE,Federal Contract Tower,0,11,19,0,30,0,0,67,2,69,0,11,86,2,99,48,0,48,147
07/23/2012,UGN,IL,AGL,CE,Federal Contract Tower,0,6,30,1,37,0,0,36,0,36,0,6,66,1,73,26,0,26,99
07/24/2012,UGN,IL,AGL,CE,Federal Contract Tower,0,10,22,1,33,0,0,57,4,61,0,10,79,5,94,84,0,84,178
07/25/2012,UGN,IL,AGL,CE,Federal Contract Tower,0,7,27,0,34,0,0,37,0,37,0,7,64,0,71,26,0,26,97
07/26/2012,UGN,IL,AGL,CE,Federal Contract Tower,0,16,22,0,38,0,0,47,0,47,0,16,69,0,85,34,0,34,119
07/27/2012,UGN,IL,AGL,CE,Federal Contract Tower,0,10,28,1,39,0,0,81,3,84,0,10,109,4,123,76,0,76,199
07/28/2012,UGN,IL,AGL,CE,Federal Contract Tower,0,13,15,3,31,0,0,65,5,70,0,13,80,8,101,48,0,48,149
07/29/2012,UGN,IL,AGL,CE,Federal Contract Tower,0,9,17,1,27,0,0,62,4,66,0,9,79,5,93,18,6,24,117
07/30/2012,UGN,IL,AGL,CE,Federal Contract Tower,0,11,33,0,44,0,1,32,0,33,0,12,65,0,77,46,0,46,123
07/31/2012,UGN,IL,AGL,CE,Federal Contract Tower,0,12,21,0,33,0,0,67,4,71,0,12,88,4,104,74,0,74,178
08/01/2012,UGN,IL,AGL,CE,Federal Contract Tower,0,14,38,1,53,0,0,66,1,67,0,14,104,2,120,62,0,62,182
08/02/2012,UGN,IL,AGL,CE,Federal Contract Tower,0,14,16,0,30,0,0,58,4,62,0,14,74,4,92,60,0,60,152
08/03/2012,UGN,IL,AGL,CE,Federal Contract Tower,0,12,29,0,41,0,0,56,1,57,0,12,85,1,98,56,0,56,154
08/04/2012,UGN,IL,AGL,CE,Federal Contract Tower,0,9,9,2,20,0,0,49,5,54,0,9,58,7,74,32,6,38,112
08/05/2012,UGN,IL,AGL,CE,Federal Contract Tower,0,13,19,0,32,0,0,52,4,56,0,13,71,4,88,34,0,34,122
08/06/2012,UGN,IL,AGL,CE,Federal Contract Tower,0,12,27,0,39,0,0,36,3,39,0,12,63,3,78,42,0,42,120
08/07/2012,UGN,IL,AGL,CE,Federal Contract Tower,0,10,28,0,38,0,0,49,0,49,0,10,77,0,87,150,0,150,237
08/08/2012,UGN,IL,AGL,CE,Federal Contract Tower,0,10,26,1,37,0,0,57,2,59,0,10,83,3,96,128,0,128,224
08/09/2012,UGN,IL,AGL,CE,Federal Contract Tower,0,12,25,0,37,0,0,25,0,25,0,12,50,0,62,42,0,42,104
08/10/2012,UGN,IL,AGL,CE,Federal Contract Tower,0,5,27,0,32,0,0,20,1,21,0,5,47,1,53,2,34,36,89
08/11/2012,UGN,IL,AGL,CE,Federal Contract Tower,0,7,9,0,16,0,0,58,2,60,0,7,67,2,76,40,0,40,116
08/12/2012,UGN,IL,AGL,CE,Federal Contract Tower,0,14,18,0,32,0,0,52,1,53,0,14,70,1,85,58,0,58,143
08/13/2012,UGN,IL,AGL,CE,Federal Contract Tower,0,10,31,0,41,0,0,1,3,4,0,10,32,3,45,6,0,6,51
08/14/2012,UGN,IL,AGL,CE,Federal Contract Tower,0,6,26,0,32,0,0,66,1,67,0,6,92,1,99,88,0,88,187
08/15/2012,UGN,IL,AGL,CE,Federal Contract Tower,0,13,18,0,31,0,0,42,8,50,0,13,60,8,81,54,0,54,135
08/16/2012,UGN,IL,AGL,CE,Federal Contract Tower,0,14,17,0,31,0,0,20,2,22,0,14,37,2,53,20,0,20,73
08/17/2012,UGN,IL,AGL,CE,Federal Contract Tower,0,6,29,0,35,0,0,52,1,53,0,6,81,1,88,116,0,116,204
08/18/2012,UGN,IL,AGL,CE,Federal Contract Tower,0,3,17,0,20,0,0,66,4,70,0,3,83,4,90,88,0,88,178
08/19/2012,UGN,IL,AGL,CE,Federal Contract Tower,0,14,19,2,35,0,0,45,0,45,0,14,64,2,80,70,0,70,150
08/20/2012,UGN,IL,AGL,CE,Federal Contract Tower,0,12,20,0,32,0,0,32,0,32,0,12,52,0,64,28,0,28,92
08/21/2012,UGN,IL,AGL,CE,Federal Contract Tower,0,8,27,0,35,0,0,71,1,72,0,8,98,1,107,68,0,68,175
08/22/2012,UGN,IL,AGL,CE,Federal Contract Tower,0,10,36,0,46,0,0,51,4,55,0,10,87,4,101,60,0,60,161
08/23/2012,UGN,IL,AGL,CE,Federal Contract Tower,0,12,29,0,41,0,0,68,2,70,0,12,97,2,111,120,18,138,249
08/24/2012,UGN,IL,AGL,CE,Federal Contract Tower,0,11,20,0,31,0,0,59,2,61,0,11,79,2,92,46,0,46,138
08/25/2012,UGN,IL,AGL,CE,Federal Contract Tower,0,4,8,0,12,0,0,62,2,64,0,4,70,2,76,74,0,74,150
08/26/2012,UGN,IL,AGL,CE,Federal Contract Tower,0,9,23,0,32,0,0,24,4,28,0,9,47,4,60,24,0,24,84
08/27/2012,UGN,IL,AGL,CE,Federal Contract Tower,0,14,29,0,43,0,0,28,2,30,0,14,57,2,73,54,0,54,127
08/28/2012,UGN,IL,AGL,CE,Federal Contract Tower,0,11,34,2,47,0,0,77,2,79,0,11,111,4,126,80,0,80,206
08/29/2012,UGN,IL,AGL,CE,Federal Contract Tower,0,11,26,0,37,0,0,51,0,51,0,11,77,0,88,48,0,48,136
08/30/2012,UGN,IL,AGL,CE,Federal Contract Tower,0,21,38,0,59,0,0,40,2,42,0,21,78,2,101,63,0,63,164
08/31/2012,UGN,IL,AGL,CE,Federal Contract Tower,0,13,36,2,51,0,0,56,1,57,0,13,92,3,108,20,0,20,128
09/01/2012,UGN,IL,AGL,CE,Federal Contract Tower,0,9,5,0,14,0,0,18,7,25,0,9,23,7,39,8,0,8,47
09/02/2012,UGN,IL,AGL,CE,Federal Contract Tower,0,6,9,0,15,0,0,21,1,22,0,6,30,1,37,26,32,58,95
09/03/2012,UGN,IL,AGL,CE,Federal Contract Tower,0,12,19,0,31,0,0,55,0,55,0,12,74,0,86,104,0,104,190
09/04/2012,UGN,IL,AGL,CE,Federal Contract Tower,0,10,32,0,42,0,0,38,1,39,0,10,70,1,81,86,0,86,167
09/05/2012,UGN,IL,AGL,CE,Federal Contract Tower,0,11,27,0,38,0,0,23,0,23,0,11,50,0,61,32,0,32,93
09/06/2012,UGN,IL,AGL,CE,Federal Contract Tower,0,19,30,3,52,0,0,63,6,69,0,19,93,9,121,90,18,108,229
09/07/2012,UGN,IL,AGL,CE,Federal Contract Tower,0,7,24,0,31,0,0,45,0,45,0,7,69,0,76,22,0,22,98
09/08/2012,UGN,IL,AGL,CE,Federal Contract Tower,0,4,8,1,13,0,0,60,1,61,0,4,68,2,74,70,0,70,144
09/09/2012,UGN,IL,AGL,CE,Federal Contract Tower,0,13,33,2,48,0,0,61,0,61,0,13,94,2,109,38,0,38,147
09/10/2012,UGN,IL,AGL,CE,Federal Contract Tower,0,17,14,0,31,0,0,54,0,54,0,17,68,0,85,22,0,22,107
09/11/2012,UGN,IL,AGL,CE,Federal Contract Tower,0,14,27,2,43,0,0,60,0,60,0,14,87,2,103,92,0,92,195
09/12/2012,UGN,IL,AGL,CE,Federal Contract Tower,0,13,25,0,38,0,0,62,0,62,0,13,87,0,100,78,0,78,178
09/13/2012,UGN,IL,AGL,CE,Federal Contract Tower,0,16,27,0,43,0,0,28,0,28,0,16,55,0,71,80,0,80,151
09/14/2012,UGN,IL,AGL,CE,Federal Contract Tower,0,8,25,5,38,0,0,57,0,57,0,8,82,5,95,94,2,96,191
09/15/2012,UGN,IL,AGL,CE,Federal Contract Tower,0,4,13,0,17,0,0,87,3,90,0,4,100,3,107,72,10,82,189
09/16/2012,UGN,IL,AGL,CE,Federal Contract Tower,0,8,23,4,35,0,0,80,0,80,0,8,103,4,115,77,0,77,192
09/17/2012,UGN,IL,AGL,CE,Federal Contract Tower,0,2,31,0,33,0,0,21,0,21,0,2,52,0,54,32,0,32,86
09/18/2012,UGN,IL,AGL,CE,Federal Contract Tower,0,8,37,0,45,0,0,48,0,48,0,8,85,0,93,106,0,106,199
09/19/2012,UGN,IL,AGL,CE,Federal Contract Tower,0,7,31,0,38,0,0,33,0,33,0,7,64,0,71,16,0,16,87
09/20/2012,UGN,IL,AGL,CE,Federal Contract Tower,0,12,30,1,43,0,0,57,4,61,0,12,87,5,104,108,0,108,212
09/21/2012,UGN,IL,AGL,CE,Federal Contract Tower,0,6,28,6,40,0,0,19,0,19,0,6,47,6,59,64,0,64,123
09/22/2012,UGN,IL,AGL,CE,Federal Contract Tower,0,3,10,1,14,0,0,8,0,8,0,3,18,1,22,2,0,2,24
09/23/2012,UGN,IL,AGL,CE,Federal Contract Tower,0,12,20,2,34,0,0,68,2,70,0,12,88,4,104,78,0,78,182
09/24/2012,UGN,IL,AGL,CE,Federal Contract Tower,0,15,24,1,40,0,0,44,0,44,0,15,68,1,84,74,0,74,158
09/25/2012,UGN,IL,AGL,CE,Federal Contract Tower,0,12,22,1,35,0,0,51,0,51,0,12,73,1,86,84,0,84,170
09/26/2012,UGN,IL,AGL,CE,Federal Contract Tower,0,1,20,0,21,0,0,41,0,41,0,1,61,0,62,152,0,152,214
09/27/2012,UGN,IL,AGL,CE,Federal Contract Tower,0,14,28,0,42,0,0,33,0,33,0,14,61,0,75,6,0,6,81
09/28/2012,UGN,IL,AGL,CE,Federal Contract Tower,0,10,36,0,46,0,0,62,0,62,0,10,98,0,108,94,0,94,202
09/29/2012,UGN,IL,AGL,CE,Federal Contract Tower,0,4,16,0,20,0,0,68,0,68,0,4,84,0,88,92,0,92,180
09/30/2012,UGN,IL,AGL,CE,Federal Contract Tower,0,15,18,0,33,0,0,51,0,51,0,15,69,0,84,55,0,55,139
10/01/2012,UGN,IL,AGL,CE,Federal Contract Tower,0,7,24,0,31,0,0,26,0,26,0,7,50,0,57,82,0,82,139
10/02/2012,UGN,IL,AGL,CE,Federal Contract Tower,0,9,25,0,34,0,0,61,0,61,0,9,86,0,95,55,0,55,150
10/03/2012,UGN,IL,AGL,CE,Federal Contract Tower,0,4,45,0,49,0,0,1,0,1,0,4,46,0,50,6,0,6,56
10/04/2012,UGN,IL,AGL,CE,Federal Contract Tower,0,18,52,0,70,0,0,43,2,45,0,18,95,2,115,42,2,44,159
10/05/2012,UGN,IL,AGL,CE,Federal Contract Tower,0,11,34,0,45,0,0,50,0,50,0,11,84,0,95,20,0,20,115
10/06/2012,UGN,IL,AGL,CE,Federal Contract Tower,0,7,13,0,20,0,0,88,0,88,0,7,101,0,108,60,0,60,168
10/07/2012,UGN,IL,AGL,CE,Federal Contract Tower,0,4,14,0,18,0,0,61,0,61,0,4,75,0,79,80,0,80,159
10/08/2012,UGN,IL,AGL,CE,Federal Contract Tower,0,13,31,0,44,0,0,31,0,31,0,13,62,0,75,38,0,38,113
10/09/2012,UGN,IL,AGL,CE,Federal Contract Tower,0,10,25,2,37,0,0,18,0,18,0,10,43,2,55,8,0,8,63
10/10/2012,UGN,IL,AGL,CE,Federal Contract Tower,0,11,27,0,38,0,0,36,0,36,0,11,63,0,74,28,0,28,102
10/11/2012,UGN,IL,AGL,CE,Federal Contract Tower,0,3,26,0,29,0,0,15,0,15,0,3,41,0,44,0,0,0,44
10/12/2012,UGN,IL,AGL,CE,Federal Contract Tower,0,6,35,0,41,0,0,66,0,66,0,6,101,0,107,34,0,34,141
10/13/2012,UGN,IL,AGL,CE,Federal Contract Tower,0,4,26,0,30,0,0,6,0,6,0,4,32,0,36,14,0,14,50
10/14/2012,UGN,IL,AGL,CE,Federal Contract Tower,0,10,23,0,33,0,0,1,0,1,0,10,24,0,34,2,0,2,36
10/15/2012,UGN,IL,AGL,CE,Federal Contract Tower,0,4,35,0,39,0,0,37,0,37,0,4,72,0,76,68,0,68,144
10/16/2012,UGN,IL,AGL,CE,Federal Contract Tower,0,7,34,0,41,0,0,60,0,60,0,7,94,0,101,82,0,82,183
10/17/2012,UGN,IL,AGL,CE,Federal Contract Tower,0,11,17,0,28,0,0,25,0,25,0,11,42,0,53,10,0,10,63
10/18/2012,UGN,IL,AGL,CE,Federal Contract Tower,0,8,25,0,33,0,0,22,0,22,0,8,47,0,55,16,0,16,71
10/19/2012,UGN,IL,AGL,CE,Federal Contract Tower,0,12,34,0,46,0,0,10,0,10,0,12,44,0,56,18,0,18,74
10/20/2012,UGN,IL,AGL,CE,Federal Contract Tower,0,9,14,0,23,0,0,72,0,72,0,9,86,0,95,48,0,48,143
10/21/2012,UGN,IL,AGL,CE,Federal Contract Tower,0,17,11,0,28,0,0,107,0,107,0,17,118,0,135,110,0,110,245
10/22/2012,UGN,IL,AGL,CE,Federal Contract Tower,0,10,12,0,22,0,0,2,0,2,0,10,14,0,24,10,0,10,34
10/23/2012,UGN,IL,AGL,CE,Federal Contract Tower,0,7,22,0,29,0,0,0,0,0,0,7,22,0,29,0,0,0,29
10/24/2012,UGN,IL,AGL,CE,Federal Contract Tower,0,11,21,0,32,0,0,48,4,52,0,11,69,4,84,118,0,118,202
10/25/2012,UGN,IL,AGL,CE,Federal Contract Tower,0,20,19,0,39,0,0,15,0,15,0,20,34,0,54,0,0,0,54
10/26/2012,UGN,IL,AGL,CE,Federal Contract Tower,0,11,31,0,42,0,58,0,0,58,0,69,31,0,100,94,0,94,194
10/27/2012,UGN,IL,AGL,CE,Federal Contract Tower,0,7,8,0,15,0,0,69,0,69,0,7,77,0,84,48,0,48,132
10/28/2012,UGN,IL,AGL,CE,Federal Contract Tower,0,12,29,0,41,0,0,39,0,39,0,12,68,0,80,24,0,24,104
10/29/2012,UGN,IL,AGL,CE,Federal Contract Tower,0,5,29,0,34,0,0,19,0,19,0,5,48,0,53,20,0,20,73
10/30/2012,UGN,IL,AGL,CE,Federal Contract Tower,0,6,16,0,22,0,0,4,0,4,0,6,20,0,26,6,0,6,32
10/31/2012,UGN,IL,AGL,CE,Federal Contract Tower,0,7,25,1,33,0,0,24,1,25,0,7,49,2,58,34,0,34,92
11/01/2012,UGN,IL,AGL,CE,Federal Contract Tower,0,9,41,0,50,0,0,55,0,55,0,9,96,0,105,84,0,84,189
11/02/2012,UGN,IL,AGL,CE,Federal Contract Tower,0,3,24,3,30,0,0,66,0,66,0,3,90,3,96,10,0,10,106
11/03/2012,UGN,IL,AGL,CE,Federal Contract Tower,0,4,11,0,15,0,0,47,0,47,0,4,58,0,62,74,0,74,136
11/04/2012,UGN,IL,AGL,CE,Federal Contract Tower,0,9,11,0,20,0,0,52,3,55,0,9,63,3,75,92,0,92,167
11/05/2012,UGN,IL,AGL,CE,Federal Contract Tower,0,8,29,0,37,0,0,34,0,34,0,8,63,0,71,66,0,66,137
11/06/2012,UGN,IL,AGL,CE,Federal Contract Tower,0,12,19,0,31,0,0,6,0,6,0,12,25,0,37,44,0,44,81
11/07/2012,UGN,IL,AGL,CE,Federal Contract Tower,0,21,28,0,49,0,0,3,0,3,0,21,31,0,52,60,0,60,112
11/08/2012,UGN,IL,AGL,CE,Federal Contract Tower,0,7,32,0,39,0,0,47,0,47,0,7,79,0,86,44,0,44,130
11/09/2012,UGN,IL,AGL,CE,Federal Contract Tower,0,7,28,0,35,0,0,42,0,42,0,7,70,0,77,88,0,88,165
11/10/2012,UGN,IL,AGL,CE,Federal Contract Tower,0,1,14,0,15,0,0,29,0,29,0,1,43,0,44,50,0,50,94
11/11/2012,UGN,IL,AGL,CE,Federal Contract Tower,0,3,13,0,16,0,0,7,0,7,0,3,20,0,23,6,0,6,29
11/12/2012,UGN,IL,AGL,CE,Federal Contract Tower,0,5,19,0,24,0,0,9,0,9,0,5,28,0,33,14,0,14,47
11/13/2012,UGN,IL,AGL,CE,Federal Contract Tower,0,10,30,0,40,0,0,84,0,84,0,10,114,0,124,104,0,104,228
11/14/2012,UGN,IL,AGL,CE,Federal Contract Tower,0,11,37,0,48,0,0,39,0,39,0,11,76,0,87,90,0,90,177
11/15/2012,UGN,IL,AGL,CE,Federal Contract Tower,0,9,41,0,50,0,0,31,0,31,0,9,72,0,81,116,0,116,197
11/16/2012,UGN,IL,AGL,CE,Federal Contract Tower,0,11,33,2,46,0,0,53,0,53,0,11,86,2,99,66,0,66,165
11/17/2012,UGN,IL,AGL,CE,Federal Contract Tower,0,4,16,0,20,0,0,68,0,68,0,4,84,0,88,58,0,58,146
11/18/2012,UGN,IL,AGL,CE,Federal Contract Tower,0,3,13,0,16,0,0,77,0,77,0,3,90,0,93,74,0,74,167
11/19/2012,UGN,IL,AGL,CE,Federal Contract Tower,0,9,12,0,21,0,0,34,0,34,0,9,46,0,55,14,0,14,69
11/20/2012,UGN,IL,AGL,CE,Federal Contract Tower,0,17,36,2,55,0,0,18,0,18,0,17,54,2,73,10,0,10,83
11/21/2012,UGN,IL,AGL,CE,Federal Contract Tower,0,5,28,0,33,0,0,38,0,38,0,5,66,0,71,86,0,86,157
11/22/2012,UGN,IL,AGL,CE,Federal Contract Tower,0,1,1,0,2,0,0,13,0,13,0,1,14,0,15,52,0,52,67
11/23/2012,UGN,IL,AGL,CE,Federal Contract Tower,0,5,10,0,15,0,0,8,0,8,0,5,18,0,23,0,0,0,23
11/24/2012,UGN,IL,AGL,CE,Federal Contract Tower,0,6,14,0,20,0,0,81,0,81,0,6,95,0,101,96,0,96,197
11/25/2012,UGN,IL,AGL,CE,Federal Contract Tower,0,16,29,0,45,0,0,54,0,54,0,16,83,0,99,40,0,40,139
11/26/2012,UGN,IL,AGL,CE,Federal Contract Tower,0,13,22,0,35,0,0,16,0,16,0,13,38,0,51,20,0,20,71
11/27/2012,UGN,IL,AGL,CE,Federal Contract Tower,0,7,36,2,45,0,0,54,0,54,0,7,90,2,99,100,0,100,199
11/28/2012,UGN,IL,AGL,CE,Federal Contract Tower,0,11,23,0,34,0,0,39,0,39,0,11,62,0,73,42,0,42,115
11/29/2012,UGN,IL,AGL,CE,Federal Contract Tower,0,4,23,2,29,0,0,57,0,57,0,4,80,2,86,58,0,58,144
11/30/2012,UGN,IL,AGL,CE,Federal Contract Tower,0,5,21,0,26,0,0,29,3,32,0,5,50,3,58,66,26,92,150
12/01/2012,UGN,IL,AGL,CE,Federal Contract Tower,0,2,23,0,25,0,0,14,3,17,0,2,37,3,42,102,0,102,144
12/02/2012,UGN,IL,AGL,CE,Federal Contract Tower,0,4,20,0,24,0,0,20,0,20,0,4,40,0,44,76,0,76,120
12/03/2012,UGN,IL,AGL,CE,Federal Contract Tower,0,6,18,0,24,0,0,0,2,2,0,6,18,2,26,2,0,2,28
12/04/2012,UGN,IL,AGL,CE,Federal Contract Tower,0,1,21,1,23,0,0,60,0,60,0,1,81,1,83,116,0,116,199
12/05/2012,UGN,IL,AGL,CE,Federal Contract Tower,0,8,21,0,29,0,0,59,0,59,0,8,80,0,88,90,0,90,178
12/06/2012,UGN,IL,AGL,CE,Federal Contract Tower,0,13,22,0,35,0,0,41,0,41,0,13,63,0,76,64,0,64,140
12/07/2012,UGN,IL,AGL,CE,Federal Contract Tower,0,7,28,0,35,0,1,32,0,33,0,8,60,0,68,20,0,20,88
12/08/2012,UGN,IL,AGL,CE,Federal Contract Tower,0,2,14,1,17,0,0,10,0,10,0,2,24,1,27,64,0,64,91
12/09/2012,UGN,IL,AGL,CE,Federal Contract Tower,0,15,13,0,28,0,0,0,0,0,0,15,13,0,28,0,0,0,28
12/10/2012,UGN,IL,AGL,CE,Federal Contract Tower,0,7,30,1,38,0,0,3,0,3,0,7,33,1,41,0,0,0,41
12/11/2012,UGN,IL,AGL,CE,Federal Contract Tower,0,6,24,0,30,0,0,39,0,39,0,6,63,0,69,102,0,102,171
12/12/2012,UGN,IL,AGL,CE,Federal Contract Tower,0,13,36,0,49,0,0,74,0,74,0,13,110,0,123,99,0,99,222
12/13/2012,UGN,IL,AGL,CE,Federal Contract Tower,0,7,19,0,26,0,0,33,0,33,0,7,52,0,59,65,0,65,124
12/14/2012,UGN,IL,AGL,CE,Federal Contract Tower,0,8,33,0,41,0,0,75,0,75,0,8,108,0,116,170,0,170,286
12/15/2012,UGN,IL,AGL,CE,Federal Contract Tower,0,3,5,0,8,0,0,2,0,2,0,3,7,0,10,0,0,0,10
12/16/2012,UGN,IL,AGL,CE,Federal Contract Tower,0,5,23,0,28,0,0,2,0,2,0,5,25,0,30,0,0,0,30
12/17/2012,UGN,IL,AGL,CE,Federal Contract Tower,0,4,21,0,25,0,0,9,2,11,0,4,30,2,36,16,0,16,52
12/18/2012,UGN,IL,AGL,CE,Federal Contract Tower,0,3,34,0,37,0,0,2,0,2,0,3,36,0,39,6,0,6,45
12/19/2012,UGN,IL,AGL,CE,Federal Contract Tower,0,8,25,3,36,0,0,14,2,16,0,8,39,5,52,42,0,42,94
12/20/2012,UGN,IL,AGL,CE,Federal Contract Tower,0,8,16,0,24,0,0,0,0,0,0,8,16,0,24,0,0,0,24
12/21/2012,UGN,IL,AGL,CE,Federal Contract Tower,0,6,32,0,38,0,0,4,0,4,0,6,36,0,42,0,0,0,42
12/22/2012,UGN,IL,AGL,CE,Federal Contract Tower,0,12,15,0,27,0,0,80,0,80,0,12,95,0,107,74,0,74,181
12/23/2012,UGN,IL,AGL,CE,Federal Contract Tower,0,8,13,0,21,0,0,22,0,22,0,8,35,0,43,88,0,88,131
12/24/2012,UGN,IL,AGL,CE,Federal Contract Tower,0,2,14,0,16,0,0,11,0,11,0,2,25,0,27,5,0,5,32
12/25/2012,UGN,IL,AGL,CE,Federal Contract Tower,0,4,4,0,8,0,0,0,0,0,0,4,4,0,8,0,0,0,8
12/26/2012,UGN,IL,AGL,CE,Federal Contract Tower,0,17,27,0,44,0,0,7,0,7,0,17,34,0,51,28,0,28,79
12/27/2012,UGN,IL,AGL,CE,Federal Contract Tower,0,12,17,0,29,0,0,45,0,45,0,12,62,0,74,128,0,128,202
12/28/2012,UGN,IL,AGL,CE,Federal Contract Tower,0,16,11,0,27,0,0,0,0,0,0,16,11,0,27,0,0,0,27
12/29/2012,UGN,IL,AGL,CE,Federal Contract Tower,0,8,17,0,25,0,0,2,0,2,0,8,19,0,27,1,0,1,28
12/30/2012,UGN,IL,AGL,CE,Federal Contract Tower,0,5,13,0,18,0,0,68,0,68,0,5,81,0,86,104,0,104,190
12/31/2012,UGN,IL,AGL,CE,Federal Contract Tower,0,4,12,0,16,0,0,26,0,26,0,4,38,0,42,58,0,58,100
01/01/2013,UGN,IL,AGL,CE,Federal Contract Tower,0,5,6,0,11,0,0,40,0,40,0,5,46,0,51,46,0,46,97
01/02/2013,UGN,IL,AGL,CE,Federal Contract Tower,0,13,29,0,42,0,0,63,0,63,0,13,92,0,105,98,0,98,203
01/03/2013,UGN,IL,AGL,CE,Federal Contract Tower,0,3,13,0,16,0,0,36,0,36,0,3,49,0,52,62,0,62,114
01/04/2013,UGN,IL,AGL,CE,Federal Contract Tower,0,4,21,0,25,0,0,42,0,42,0,4,63,0,67,40,0,40,107
01/05/2013,UGN,IL,AGL,CE,Federal Contract Tower,0,11,22,0,33,0,0,56,0,56,0,11,78,0,89,72,0,72,161
01/06/2013,UGN,IL,AGL,CE,Federal Contract Tower,0,11,13,0,24,0,0,43,0,43,0,11,56,0,67,62,0,62,129
01/07/2013,UGN,IL,AGL,CE,Federal Contract Tower,0,9,19,0,28,0,0,15,0,15,0,9,34,0,43,34,0,34,77
01/08/2013,UGN,IL,AGL,CE,Federal Contract Tower,0,6,18,0,24,0,0,19,0,19,0,6,37,0,43,37,0,37,80
01/09/2013,UGN,IL,AGL,CE,Federal Contract Tower,0,3,20,0,23,0,0,38,0,38,0,3,58,0,61,60,0,60,121
01/10/2013,UGN,IL,AGL,CE,Federal Contract Tower,0,9,19,0,28,0,0,41,0,41,0,9,60,0,69,42,0,42,111
01/11/2013,UGN,IL,AGL,CE,Federal Contract Tower,0,4,23,1,28,0,0,3,0,3,0,4,26,1,31,0,0,0,31
01/12/2013,UGN,IL,AGL,CE,Federal Contract Tower,0,7,9,0,16,0,0,49,0,49,0,7,58,0,65,108,0,108,173
01/13/2013,UGN,IL,AGL,CE,Federal Contract Tower,0,5,15,0,20,0,0,9,2,11,0,5,24,2,31,86,0,86,117
01/14/2013,UGN,IL,AGL,CE,Federal Contract Tower,0,5,16,0,21,0,0,19,2,21,0,5,35,2,42,26,6,32,74
01/15/2013,UGN,IL,AGL,CE,Federal Contract Tower,0,8,26,0,34,0,0,52,0,52,0,8,78,0,86,66,0,66,152
01/16/2013,UGN,IL,AGL,CE,Federal Contract Tower,0,9,22,0,31,0,0,16,0,16,0,9,38,0,47,24,0,24,71
01/17/2013,UGN,IL,AGL,CE,Federal Contract Tower,0,10,18,0,28,0,0,39,0,39,0,10,57,0,67,82,0,82,149
01/18/2013,UGN,IL,AGL,CE,Federal Contract Tower,0,7,21,0,28,0,0,22,0,22,0,7,43,0,50,0,0,0,50
01/19/2013,UGN,IL,AGL,CE,Federal Contract Tower,0,5,12,0,17,0,0,50,0,50,0,5,62,0,67,104,0,104,171
01/20/2013,UGN,IL,AGL,CE,Federal Contract Tower,0,6,15,0,21,0,0,22,0,22,0,6,37,0,43,47,0,47,90
01/21/2013,UGN,IL,AGL,CE,Federal Contract Tower,0,13,17,0,30,0,0,11,0,11,0,13,28,0,41,6,0,6,47
01/22/2013,UGN,IL,AGL,CE,Federal Contract Tower,0,6,14,0,20,0,0,18,0,18,0,6,32,0,38,18,0,18,56
01/23/2013,UGN,IL,AGL,CE,Federal Contract Tower,0,6,16,0,22,0,0,3,0,3,0,6,19,0,25,18,0,18,43
01/24/2013,UGN,IL,AGL,CE,Federal Contract Tower,0,6,20,0,26,0,0,23,0,23,0,6,43,0,49,18,0,18,67
01/25/2013,UGN,IL,AGL,CE,Federal Contract Tower,0,3,16,0,19,0,0,8,0,8,0,3,24,0,27,10,0,10,37
01/26/2013,UGN,IL,AGL,CE,Federal Contract Tower,0,3,20,0,23,0,0,92,0,92,0,3,112,0,115,130,0,130,245
01/27/2013,UGN,IL,AGL,CE,Federal Contract Tower,0,6,15,0,21,0,0,6,0,6,0,6,21,0,27,8,0,8,35
01/28/2013,UGN,IL,AGL,CE,Federal Contract Tower,0,11,22,0,33,0,0,3,0,3,0,11,25,0,36,0,0,0,36
01/29/2013,UGN,IL,AGL,CE,Federal Contract Tower,0,5,15,0,20,0,0,3,0,3,0,5,18,0,23,40,0,40,63
01/30/2013,UGN,IL,AGL,CE,Federal Contract Tower,0,4,9,0,13,0,0,0,0,0,0,4,9,0,13,0,0,0,13
01/31/2013,UGN,IL,AGL,CE,Federal Contract Tower,0,7,29,0,36,0,0,8,0,8,0,7,37,0,44,16,0,16,60
02/01/2013,UGN,IL,AGL,CE,Federal Contract Tower,0,7,23,0,30,0,0,15,0,15,0,7,38,0,45,10,0,10,55
02/02/2013,UGN,IL,AGL,CE,Federal Contract Tower,0,6,17,0,23,0,0,8,0,8,0,6,25,0,31,16,0,16,47
02/03/2013,UGN,IL,AGL,CE,Federal Contract Tower,0,6,14,0,20,0,0,23,0,23,0,6,37,0,43,24,0,24,67
02/04/2013,UGN,IL,AGL,CE,Federal Contract Tower,0,13,17,0,30,0,0,0,0,0,0,13,17,0,30,2,0,2,32
02/05/2013,UGN,IL,AGL,CE,Federal Contract Tower,0,13,25,0,38,0,0,1,0,1,0,13,26,0,39,14,0,14,53
02/06/2013,UGN,IL,AGL,CE,Federal Contract Tower,0,3,22,0,25,0,0,57,0,57,0,3,79,0,82,140,0,140,222
02/07/2013,UGN,IL,AGL,CE,Federal Contract Tower,0,0,17,0,17,0,0,0,0,0,0,0,17,0,17,0,0,0,17
02/08/2013,UGN,IL,AGL,CE,Federal Contract Tower,0,10,23,0,33,0,0,7,0,7,0,10,30,0,40,8,0,8,48
02/09/2013,UGN,IL,AGL,CE,Federal Contract Tower,0,4,13,0,17,0,0,25,0,25,0,4,38,0,42,112,0,112,154
02/10/2013,UGN,IL,AGL,CE,Federal Contract Tower,0,2,14,0,16,0,0,0,0,0,0,2,14,0,16,0,0,0,16
02/11/2013,UGN,IL,AGL,CE,Federal Contract Tower,0,12,14,0,26,0,0,0,0,0,0,12,14,0,26,0,0,0,26
02/12/2013,UGN,IL,AGL,CE,Federal Contract Tower,0,6,25,0,31,0,0,29,0,29,0,6,54,0,60,30,0,30,90
02/13/2013,UGN,IL,AGL,CE,Federal Contract Tower,0,10,33,0,43,0,0,60,0,60,0,10,93,0,103,74,0,74,177
02/14/2013,UGN,IL,AGL,CE,Federal Contract Tower,0,15,17,0,32,0,0,3,0,3,0,15,20,0,35,0,0,0,35
02/15/2013,UGN,IL,AGL,CE,Federal Contract Tower,0,13,40,0,53,0,0,25,0,25,0,13,65,0,78,2,0,2,80
02/16/2013,UGN,IL,AGL,CE,Federal Contract Tower,0,3,10,0,13,0,0,38,0,38,0,3,48,0,51,112,0,112,163
02/17/2013,UGN,IL,AGL,CE,Federal Contract Tower,0,4,16,0,20,0,0,57,0,57,0,4,73,0,77,76,0,76,153
02/18/2013,UGN,IL,AGL,CE,Federal Contract Tower,0,13,27,0,40,0,0,14,0,14,0,13,41,0,54,18,0,18,72
02/19/2013,UGN,IL,AGL,CE,Federal Contract Tower,0,10,22,4,36,0,0,8,0,8,0,10,30,4,44,0,0,0,44
02/20/2013,UGN,IL,AGL,CE,Federal Contract Tower,0,12,34,0,46,0,0,53,0,53,0,12,87,0,99,76,0,76,175
02/21/2013,UGN,IL,AGL,CE,Federal Contract Tower,0,4,30,0,34,0,0,8,0,8,0,4,38,0,42,52,0,52,94
02/22/2013,UGN,IL,AGL,CE,Federal Contract Tower,0,10,12,0,22,0,0,0,0,0,0,10,12,0,22,0,0,0,22
02/23/2013,UGN,IL,AGL,CE,Federal Contract Tower,0,4,7,0,11,0,0,62,0,62,0,4,69,0,73,66,0,66,139
02/24/2013,UGN,IL,AGL,CE,Federal Contract Tower,0,5,19,0,24,0,85,0,0,85,0,90,19,0,109,92,0,92,201
02/25/2013,UGN,IL,AGL,CE,Federal Contract Tower,0,2,23,0,25,0,0,41,0,41,0,2,64,0,66,10,0,10,76
02/26/2013,UGN,IL,AGL,CE,Federal Contract Tower,0,3,15,0,18,0,0,0,0,0,0,3,15,0,18,0,0,0,18
02/27/2013,UGN,IL,AGL,CE,Federal Contract Tower,0,8,22,0,30,0,0,0,0,0,0,8,22,0,30,0,0,0,30
02/28/2013,UGN,IL,AGL,CE,Federal Contract Tower,0,10,23,0,33,0,0,70,0,70,0,10,93,0,103,62,0,62,165
03/01/2013,UGN,IL,AGL,CE,Federal Contract Tower,0,5,27,0,32,0,0,14,0,14,0,5,41,0,46,20,0,20,66
03/02/2013,UGN,IL,AGL,CE,Federal Contract Tower,0,3,12,0,15,0,0,42,0,42,0,3,54,0,57,78,0,78,135
03/03/2013,UGN,IL,AGL,CE,Federal Contract Tower,0,12,22,0,34,0,0,81,0,81,0,12,103,0,115,54,0,54,169
03/04/2013,UGN,IL,AGL,CE,Federal Contract Tower,0,4,19,0,23,0,0,16,0,16,0,4,35,0,39,40,0,40,79
03/05/2013,UGN,IL,AGL,CE,Federal Contract Tower,0,3,13,0,16,0,0,0,0,0,0,3,13,0,16,0,0,0,16
03/06/2013,UGN,IL,AGL,CE,Federal Contract Tower,0,0,25,0,25,0,0,0,0,0,0,0,25,0,25,0,0,0,25
03/07/2013,UGN,IL,AGL,CE,Federal Contract Tower,0,13,29,0,42,0,0,67,2,69,0,13,96,2,111,148,0,148,259
03/08/2013,UGN,IL,AGL,CE,Federal Contract Tower,0,0,33,0,33,0,0,69,0,69,0,0,102,0,102,66,0,66,168
03/09/2013,UGN,IL,AGL,CE,Federal Contract Tower,0,3,21,0,24,0,0,30,0,30,0,3,51,0,54,74,0,74,128
03/10/2013,UGN,IL,AGL,CE,Federal Contract Tower,0,8,16,0,24,0,0,0,0,0,0,8,16,0,24,0,0,0,24
03/11/2013,UGN,IL,AGL,CE,Federal Contract Tower,0,4,27,0,31,0,0,0,0,0,0,4,27,0,31,0,0,0,31
03/12/2013,UGN,IL,AGL,CE,Federal Contract Tower,0,17,23,0,40,0,0,17,0,17,0,17,40,0,57,22,0,22,79
03/13/2013,UGN,IL,AGL,CE,Federal Contract Tower,0,7,30,0,37,0,0,39,0,39,0,7,69,0,76,44,0,44,120
03/14/2013,UGN,IL,AGL,CE,Federal Contract Tower,0,5,30,0,35,0,0,37,0,37,0,5,67,0,72,100,0,100,172
03/15/2013,UGN,IL,AGL,CE,Federal Contract Tower,0,9,29,1,39,0,0,0,0,0,0,9,29,1,39,0,0,0,39
03/16/2013,UGN,IL,AGL,CE,Federal Contract Tower,0,7,9,0,16,0,0,0,0,0,0,7,9,0,16,16,0,16,32
03/17/2013,UGN,IL,AGL,CE,Federal Contract Tower,0,3,20,1,24,0,0,68,0,68,0,3,88,1,92,78,0,78,170
03/18/2013,UGN,IL,AGL,CE,Federal Contract Tower,0,12,10,0,22,0,0,0,0,0,0,12,10,0,22,0,0,0,22
03/19/2013,UGN,IL,AGL,CE,Federal Contract Tower,0,13,28,0,41,0,0,15,0,15,0,13,43,0,56,12,0,12,68
03/20/2013,UGN,IL,AGL,CE,Federal Contract Tower,0,8,34,0,42,0,0,42,0,42,0,8,76,0,84,38,0,38,122
03/21/2013,UGN,IL,AGL,CE,Federal Contract Tower,0,7,27,0,34,0,0,54,0,54,0,7,81,0,88,76,0,76,164
03/22/2013,UGN,IL,AGL,CE,Federal Contract Tower,0,11,19,0,30,0,0,53,0,53,0,11,72,0,83,48,0,48,131
03/23/2013,UGN,IL,AGL,CE,Federal Contract Tower,0,9,19,0,28,0,0,75,0,75,0,9,94,0,103,110,0,110,213
03/24/2013,UGN,IL,AGL,CE,Federal Contract Tower,0,5,13,0,18,0,0,9,0,9,0,5,22,0,27,48,0,48,75
03/25/2013,UGN,IL,AGL,CE,Federal Contract Tower,0,5,12,0,17,0,0,5,0,5,0,5,17,0,22,16,0,16,38
03/26/2013,UGN,IL,AGL,CE,Federal Contract Tower,0,7,10,0,17,0,0,68,0,68,0,7,78,0,85,84,0,84,169
03/27/2013,UGN,IL,AGL,CE,Federal Contract Tower,0,4,24,0,28,0,2,46,0,48,0,6,70,0,76,72,0,72,148
03/28/2013,UGN,IL,AGL,CE,Federal Contract Tower,0,14,18,0,32,0,0,69,0,69,0,14,87,0,101,136,0,136,237
03/29/2013,UGN,IL,AGL,CE,Federal Contract Tower,0,1,11,0,12,0,0,92,0,92,0,1,103,0,104,160,0,160,264
03/30/2013,UGN,IL,AGL,CE,Federal Contract Tower,0,9,7,0,16,0,0,95,0,95,0,9,102,0,111,112,0,112,223
03/31/2013,UGN,IL,AGL,CE,Federal Contract Tower,0,10,21,0,31,0,0,10,0,10,0,10,31,0,41,18,0,18,59
04/01/2013,UGN,IL,AGL,CE,Federal Contract Tower,0,12,19,0,31,0,20,0,0,20,0,32,19,0,51,48,0,48,99
04/02/2013,UGN,IL,AGL,CE,Federal Contract Tower,0,3,23,0,26,0,0,68,0,68,0,3,91,0,94,70,0,70,164
04/03/2013,UGN,IL,AGL,CE,Federal Contract Tower,0,5,16,0,21,0,0,62,0,62,0,5,78,0,83,82,0,82,165
04/04/2013,UGN,IL,AGL,CE,Federal Contract Tower,0,6,17,0,23,0,0,52,0,52,0,6,69,0,75,118,0,118,193
04/05/2013,UGN,IL,AGL,CE,Federal Contract Tower,0,4,26,0,30,0,0,80,0,80,0,4,106,0,110,30,0,30,140
04/06/2013,UGN,IL,AGL,CE,Federal Contract Tower,0,3,10,0,13,0,0,24,0,24,0,3,34,0,37,24,0,24,61
04/07/2013,UGN,IL,AGL,CE,Federal Contract Tower,0,4,17,0,21,0,0,65,0,65,0,4,82,0,86,86,0,86,172
04/08/2013,UGN,IL,AGL,CE,Federal Contract Tower,0,8,19,0,27,0,0,1,0,1,0,8,20,0,28,0,0,0,28
04/09/2013,UGN,IL,AGL,CE,Federal Contract Tower,0,4,16,0,20,0,0,0,0,0,0,4,16,0,20,0,0,0,20
04/10/2013,UGN,IL,AGL,CE,Federal Contract Tower,0,11,29,0,40,0,0,0,0,0,0,11,29,0,40,0,0,0,40
04/11/2013,UGN,IL,AGL,CE,Federal Contract Tower,0,10,21,0,31,0,0,0,0,0,0,10,21,0,31,0,0,0,31
04/12/2013,UGN,IL,AGL,CE,Federal Contract Tower,0,13,25,0,38,0,0,19,0,19,0,13,44,0,57,54,0,54,111
04/13/2013,UGN,IL,AGL,CE,Federal Contract Tower,0,6,10,0,16,0,0,45,0,45,0,6,55,0,61,90,0,90,151
04/14/2013,UGN,IL,AGL,CE,Federal Contract Tower,0,5,19,0,24,0,0,24,0,24,0,5,43,0,48,26,0,26,74
04/15/2013,UGN,IL,AGL,CE,Federal Contract Tower,0,13,27,0,40,0,0,8,0,8,0,13,35,0,48,0,0,0,48
04/16/2013,UGN,IL,AGL,CE,Federal Contract Tower,0,6,29,0,35,0,0,90,0,90,0,6,119,0,125,190,0,190,315
04/17/2013,UGN,IL,AGL,CE,Federal Contract Tower,0,16,15,0,31,0,0,2,2,4,0,16,17,2,35,0,0,0,35
04/18/2013,UGN,IL,AGL,CE,Federal Contract Tower,0,13,25,0,38,0,0,0,0,0,0,13,25,0,38,0,0,0,38
04/19/2013,UGN,IL,AGL,CE,Federal Contract Tower,0,3,17,0,20,0,0,16,2,18,0,3,33,2,38,0,0,0,38
04/20/2013,UGN,IL,AGL,CE,Federal Contract Tower,0,11,20,0,31,0,0,100,6,106,0,11,120,6,137,22,0,22,159
04/21/2013,UGN,IL,AGL,CE,Federal Contract Tower,0,6,24,0,30,0,55,2,0,57,0,61,26,0,87,64,0,64,151
04/22/2013,UGN,IL,AGL,CE,Federal Contract Tower,0,3,28,0,31,0,0,45,4,49,0,3,73,4,80,54,0,54,134
04/23/2013,UGN,IL,AGL,CE,Federal Contract Tower,0,14,25,0,39,0,0,6,1,7,0,14,31,1,46,2,0,2,48
04/24/2013,UGN,IL,AGL,CE,Federal Contract Tower,0,9,29,0,38,0,0,44,0,44,0,9,73,0,82,120,0,120,202
04/25/2013,UGN,IL,AGL,CE,Federal Contract Tower,0,6,30,0,36,0,0,32,0,32,0,6,62,0,68,80,0,80,148
04/26/2013,UGN,IL,AGL,CE,Federal Contract Tower,0,5,27,0,32,0,0,39,0,39,0,5,66,0,71,46,0,46,117
04/27/2013,UGN,IL,AGL,CE,Federal Contract Tower,15,4,14,0,33,0,0,74,0,74,15,4,88,0,107,38,0,38,145
04/28/2013,UGN,IL,AGL,CE,Federal Contract Tower,0,9,17,0,26,0,0,67,0,67,0,9,84,0,93,128,0,128,221
04/29/2013,UGN,IL,AGL,CE,Federal Contract Tower,0,8,20,0,28,0,0,34,0,34,0,8,54,0,62,16,0,16,78
04/30/2013,UGN,IL,AGL,CE,Federal Contract Tower,0,7,32,0,39,0,0,66,0,66,0,7,98,0,105,58,0,58,163
05/01/2013,UGN,IL,AGL,CE,Federal Contract Tower,0,12,16,0,28,0,0,73,0,73,0,12,89,0,101,52,0,52,153
05/02/2013,UGN,IL,AGL,CE,Federal Contract Tower,0,16,28,0,44,0,0,37,0,37,0,16,65,0,81,70,0,70,151
05/03/2013,UGN,IL,AGL,CE,Federal Contract Tower,0,16,31,0,47,0,0,1,0,1,0,16,32,0,48,0,0,0,48
05/04/2013,UGN,IL,AGL,CE,Federal Contract Tower,0,8,18,0,26,0,0,51,0,51,0,8,69,0,77,74,0,74,151
05/05/2013,UGN,IL,AGL,CE,Federal Contract Tower,0,18,19,0,37,0,0,59,0,59,0,18,78,0,96,90,0,90,186
05/06/2013,UGN,IL,AGL,CE,Federal Contract Tower,0,11,21,0,32,0,0,31,0,31,0,11,52,0,63,32,0,32,95
05/07/2013,UGN,IL,AGL,CE,Federal Contract Tower,0,16,20,0,36,0,0,84,6,90,0,16,104,6,126,132,0,132,258
05/08/2013,UGN,IL,AGL,CE,Federal Contract Tower,0,3,23,0,26,0,0,61,0,61,0,3,84,0,87,92,0,92,179
05/09/2013,UGN,IL,AGL,CE,Federal Contract Tower,0,8,30,0,38,0,0,32,0,32,0,8,62,0,70,88,0,88,158
05/10/2013,UGN,IL,AGL,CE,Federal Contract Tower,0,6,19,0,25,0,0,1,0,1,0,6,20,0,26,0,0,0,26
05/11/2013,UGN,IL,AGL,CE,Federal Contract Tower,0,9,11,0,20,0,0,38,0,38,0,9,49,0,58,78,0,78,136
05/12/2013,UGN,IL,AGL,CE,Federal Contract Tower,0,12,6,0,18,0,0,47,0,47,0,12,53,0,65,64,0,64,129
05/13/2013,UGN,IL,AGL,CE,Federal Contract Tower,0,6,33,0,39,0,0,61,0,61,0,6,94,0,100,48,0,48,148
05/14/2013,UGN,IL,AGL,CE,Federal Contract Tower,0,9,18,0,27,0,0,70,0,70,0,9,88,0,97,72,0,72,169
05/15/2013,UGN,IL,AGL,CE,Federal Contract Tower,0,7,32,0,39,0,0,90,0,90,0,7,122,0,129,78,0,78,207
05/16/2013,UGN,IL,AGL,CE,Federal Contract Tower,0,12,27,1,40,0,0,60,1,61,0,12,87,2,101,136,0,136,237
05/17/2013,UGN,IL,AGL,CE,Federal Contract Tower,0,18,21,3,42,0,0,51,4,55,0,18,72,7,97,88,0,88,185
05/18/2013,UGN,IL,AGL,CE,Federal Contract Tower,0,5,15,0,20,0,0,163,0,163,0,5,178,0,183,52,0,52,235
05/19/2013,UGN,IL,AGL,CE,Federal Contract Tower,0,9,26,2,37,0,0,59,0,59,0,9,85,2,96,52,0,52,148
05/20/2013,UGN,IL,AGL,CE,Federal Contract Tower,0,16,25,0,41,0,0,16,0,16,0,16,41,0,57,22,0,22,79
05/21/2013,UGN,IL,AGL,CE,Federal Contract Tower,0,6,29,2,37,0,0,50,0,50,0,6,79,2,87,66,0,66,153
05/22/2013,UGN,IL,AGL,CE,Federal Contract Tower,0,7,32,0,39,0,0,3,0,3,0,7,35,0,42,20,0,20,62
05/23/2013,UGN,IL,AGL,CE,Federal Contract Tower,0,4,36,0,40,0,0,12,1,13,0,4,48,1,53,180,0,180,233
05/24/2013,UGN,IL,AGL,CE,Federal Contract Tower,0,13,36,0,49,0,0,83,0,83,0,13,119,0,132,180,0,180,312
05/25/2013,UGN,IL,AGL,CE,Federal Contract Tower,0,9,7,0,16,0,0,71,4,75,0,9,78,4,91,68,0,68,159
05/26/2013,UGN,IL,AGL,CE,Federal Contract Tower,0,5,8,0,13,0,0,52,5,57,0,5,60,5,70,54,0,54,124
05/27/2013,UGN,IL,AGL,CE,Federal Contract Tower,0,6,20,0,26,0,0,0,2,2,0,6,20,2,28,0,0,0,28
05/28/2013,UGN,IL,AGL,CE,Federal Contract Tower,0,7,33,0,40,0,0,29,0,29,0,7,62,0,69,108,0,108,177
05/29/2013,UGN,IL,AGL,CE,Federal Contract Tower,0,12,27,2,41,0,0,35,0,35,0,12,62,2,76,22,0,22,98
05/30/2013,UGN,IL,AGL,CE,Federal Contract Tower,0,8,30,2,40,0,0,29,2,31,0,8,59,4,71,16,0,16,87
05/31/2013,UGN,IL,AGL,CE,Federal Contract Tower,0,4,26,0,30,0,0,40,2,42,0,4,66,2,72,8,0,8,80
06/01/2013,UGN,IL,AGL,CE,Federal Contract Tower,0,5,9,0,14,0,0,46,0,46,0,5,55,0,60,94,0,94,154
06/02/2013,UGN,IL,AGL,CE,Federal Contract Tower,0,5,30,0,35,0,0,21,2,23,0,5,51,2,58,60,0,60,118
06/03/2013,UGN,IL,AGL,CE,Federal Contract Tower,0,4,24,0,28,0,0,76,0,76,0,4,100,0,104,65,0,65,169
06/04/2013,UGN,IL,AGL,CE,Federal Contract Tower,0,12,27,0,39,0,0,79,0,79,0,12,106,0,118,96,0,96,214
06/05/2013,UGN,IL,AGL,CE,Federal Contract Tower,0,8,21,1,30,0,0,42,1,43,0,8,63,2,73,84,0,84,157
06/06/2013,UGN,IL,AGL,CE,Federal Contract Tower,0,14,32,1,47,0,0,25,0,25,0,14,57,1,72,92,0,92,164
06/07/2013,UGN,IL,AGL,CE,Federal Contract Tower,0,9,20,0,29,0,0,75,1,76,0,9,95,1,105,106,0,106,211
06/08/2013,UGN,IL,AGL,CE,Federal Contract Tower,0,15,9,0,24,0,0,91,2,93,0,15,100,2,117,146,0,146,263
06/09/2013,UGN,IL,AGL,CE,Federal Contract Tower,0,9,9,0,18,0,0,34,2,36,0,9,43,2,54,68,0,68,122
06/10/2013,UGN,IL,AGL,CE,Federal Contract Tower,0,9,29,0,38,0,0,4,0,4,0,9,33,0,42,36,0,36,78
06/11/2013,UGN,IL,AGL,CE,Federal Contract Tower,0,2,37,0,39,0,0,62,5,67,0,2,99,5,106,96,0,96,202
06/12/2013,UGN,IL,AGL,CE,Federal Contract Tower,0,6,34,1,41,0,0,29,3,32,0,6,63,4,73,86,0,86,159
06/13/2013,UGN,IL,AGL,CE,Federal Contract Tower,0,7,34,0,41,0,0,45,1,46,0,7,79,1,87,130,0,130,217
06/14/2013,UGN,IL,AGL,CE,Federal Contract Tower,0,11,27,0,38,0,0,67,1,68,0,11,94,1,106,114,0,114,220
06/15/2013,UGN,IL,AGL,CE,Federal Contract Tower,0,9,29,1,39,0,0,36,1,37,0,9,65,2,76,99,0,99,175
06/16/2013,UGN,IL,AGL,CE,Federal Contract Tower,0,5,13,0,18,0,0,57,2,59,0,5,70,2,77,36,0,36,113
06/17/2013,UGN,IL,AGL,CE,Federal Contract Tower,0,13,21,0,34,0,0,29,4,33,0,13,50,4,67,30,0,30,97
06/18/2013,UGN,IL,AGL,CE,Federal Contract Tower,0,12,34,0,46,0,0,47,0,47,0,12,81,0,93,20,0,20,113
06/19/2013,UGN,IL,AGL,CE,Federal Contract Tower,0,5,20,0,25,0,0,70,4,74,0,5,90,4,99,114,0,114,213
06/20/2013,UGN,IL,AGL,CE,Federal Contract Tower,0,4,24,0,28,0,0,59,5,64,0,4,83,5,92,116,0,116,208
06/21/2013,UGN,IL,AGL,CE,Federal Contract Tower,0,9,25,1,35,0,0,33,2,35,0,9,58,3,70,18,0,18,88
06/22/2013,UGN,IL,AGL,CE,Federal Contract Tower,2,8,13,0,23,0,0,80,2,82,2,8,93,2,105,72,0,72,177
06/23/2013,UGN,IL,AGL,CE,Federal Contract Tower,0,8,19,1,28,0,0,36,2,38,0,8,55,3,66,40,0,40,106
06/24/2013,UGN,IL,AGL,CE,Federal Contract Tower,0,11,32,0,43,0,0,18,2,20,0,11,50,2,63,30,0,30,93
06/25/2013,UGN,IL,AGL,CE,Federal Contract Tower,0,6,22,0,28,0,0,23,2,25,0,6,45,2,53,44,20,64,117
06/26/2013,UGN,IL,AGL,CE,Federal Contract Tower,0,12,27,0,39,0,0,19,6,25,0,12,46,6,64,26,0,26,90
06/27/2013,UGN,IL,AGL,CE,Federal Contract Tower,0,12,39,0,51,0,1,55,1,57,0,13,94,1,108,120,0,120,228
06/28/2013,UGN,IL,AGL,CE,Federal Contract Tower,0,9,21,0,30,0,0,36,2,38,0,9,57,2,68,66,0,66,134
06/29/2013,UGN,IL,AGL,CE,Federal Contract Tower,2,7,13,0,22,0,0,74,1,75,2,7,87,1,97,65,0,65,162
06/30/2013,UGN,IL,AGL,CE,Federal Contract Tower,0,5,23,0,28,0,0,80,3,83,0,5,103,3,111,120,0,120,231
07/01/2013,UGN,IL,AGL,CE,Federal Contract Tower,0,9,26,0,35,0,0,41,2,43,0,9,67,2,78,84,0,84,162
07/02/2013,UGN,IL,AGL,CE,Federal Contract Tower,0,2,23,0,25,0,0,63,0,63,0,2,86,0,88,86,0,86,174
07/03/2013,UGN,IL,AGL,CE,Federal Contract Tower,0,15,36,2,53,0,0,3,0,3,0,15,39,2,56,6,0,6,62
07/04/2013,UGN,IL,AGL,CE,Federal Contract Tower,0,7,10,2,19,0,0,15,3,18,0,7,25,5,37,50,0,50,87
07/05/2013,UGN,IL,AGL,CE,Federal Contract Tower,0,5,8,0,13,0,0,63,4,67,0,5,71,4,80,104,0,104,184
07/06/2013,UGN,IL,AGL,CE,Federal Contract Tower,0,5,8,0,13,0,0,53,1,54,0,5,61,1,67,100,0,100,167
07/07/2013,UGN,IL,AGL,CE,Federal Contract Tower,0,12,34,0,46,0,0,45,1,46,0,12,79,1,92,110,0,110,202
07/08/2013,UGN,IL,AGL,CE,Federal Contract Tower,0,6,31,0,37,0,0,16,2,18,0,6,47,2,55,12,0,12,67
07/09/2013,UGN,IL,AGL,CE,Federal Contract Tower,0,10,21,0,31,0,0,18,2,20,0,10,39,2,51,0,0,0,51
07/10/2013,UGN,IL,AGL,CE,Federal Contract Tower,0,10,22,0,32,0,0,41,6,47,0,10,63,6,79,54,0,54,133
07/11/2013,UGN,IL,AGL,CE,Federal Contract Tower,0,5,28,0,33,0,0,76,2,78,0,5,104,2,111,142,0,142,253
07/12/2013,UGN,IL,AGL,CE,Federal Contract Tower,0,12,30,0,42,0,0,80,9,89,0,12,110,9,131,54,28,82,213
07/13/2013,UGN,IL,AGL,CE,Federal Contract Tower,0,8,12,0,20,0,0,83,4,87,0,8,95,4,107,80,8,88,195
07/14/2013,UGN,IL,AGL,CE,Federal Contract Tower,0,22,23,0,45,0,0,65,2,67,0,22,88,2,112,146,0,146,258
07/15/2013,UGN,IL,AGL,CE,Federal Contract Tower,0,10,38,0,48,0,0,39,2,41,0,10,77,2,89,52,0,52,141
07/16/2013,UGN,IL,AGL,CE,Federal Contract Tower,0,7,39,0,46,0,0,81,0,81,0,7,120,0,127,110,0,110,237
07/17/2013,UGN,IL,AGL,CE,Federal Contract Tower,0,2,27,1,30,0,0,52,1,53,0,2,79,2,83,6,2,8,91
07/18/2013,UGN,IL,AGL,CE,Federal Contract Tower,0,7,26,0,33,0,0,63,1,64,0,7,89,1,97,152,0,152,249
07/19/2013,UGN,IL,AGL,CE,Federal Contract Tower,0,5,22,0,27,0,0,19,0,19,0,5,41,0,46,2,0,2,48
07/20/2013,UGN,IL,AGL,CE,Federal Contract Tower,0,7,15,0,22,0,0,76,3,79,0,7,91,3,101,128,0,128,229
07/21/2013,UGN,IL,AGL,CE,Federal Contract Tower,0,4,23,0,27,0,0,57,2,59,0,4,80,2,86,104,0,104,190
07/22/2013,UGN,IL,AGL,CE,Federal Contract Tower,0,8,38,2,48,0,0,17,2,19,0,8,55,4,67,34,0,34,101
07/23/2013,UGN,IL,AGL,CE,Federal Contract Tower,0,13,26,2,41,0,0,69,0,69,0,13,95,2,110,104,0,104,214
07/24/2013,UGN,IL,AGL,CE,Federal Contract Tower,0,6,11,0,17,0,0,60,9,69,0,6,71,9,86,94,0,94,180
07/25/2013,UGN,IL,AGL,CE,Federal Contract Tower,0,21,31,0,52,0,0,83,6,89,0,21,114,6,141,98,0,98,239
07/26/2013,UGN,IL,AGL,CE,Federal Contract Tower,0,13,33,3,49,0,0,44,1,45,0,13,77,4,94,26,0,26,120
07/27/2013,UGN,IL,AGL,CE,Federal Contract Tower,0,7,16,0,23,0,0,61,3,64,0,7,77,3,87,64,0,64,151
07/28/2013,UGN,IL,AGL,CE,Federal Contract Tower,0,11,21,1,33,0,0,44,3,47,0,11,65,4,80,106,0,106,186
07/29/2013,UGN,IL,AGL,CE,Federal Contract Tower,0,6,26,0,32,0,0,48,2,50,0,6,74,2,82,56,0,56,138
07/30/2013,UGN,IL,AGL,CE,Federal Contract Tower,0,8,27,0,35,0,0,76,0,76,0,8,103,0,111,116,0,116,227
07/31/2013,UGN,IL,AGL,CE,Federal Contract Tower,0,9,34,2,45,0,0,10,3,13,0,9,44,5,58,0,0,0,58
08/01/2013,UGN,IL,AGL,CE,Federal Contract Tower,0,7,31,0,38,0,0,70,2,72,0,7,101,2,110,80,0,80,190
08/02/2013,UGN,IL,AGL,CE,Federal Contract Tower,0,11,28,0,39,0,0,41,0,41,0,11,69,0,80,44,0,44,124
08/03/2013,UGN,IL,AGL,CE,Federal Contract Tower,0,6,8,2,16,0,0,66,0,66,0,6,74,2,82,62,0,62,144
08/04/2013,UGN,IL,AGL,CE,Federal Contract Tower,0,7,30,0,37,0,0,69,4,73,0,7,99,4,110,70,0,70,180
08/05/2013,UGN,IL,AGL,CE,Federal Contract Tower,0,8,22,0,30,0,0,36,2,38,0,8,58,2,68,56,0,56,124
08/06/2013,UGN,IL,AGL,CE,Federal Contract Tower,0,17,34,0,51,0,0,29,1,30,0,17,63,1,81,18,0,18,99
08/07/2013,UGN,IL,AGL,CE,Federal Contract Tower,0,10,33,1,44,0,0,79,9,88,0,10,112,10,132,54,0,54,186
08/08/2013,UGN,IL,AGL,CE,Federal Contract Tower,0,9,33,1,43,0,0,68,4,72,0,9,101,5,115,76,0,76,191
08/09/2013,UGN,IL,AGL,CE,Federal Contract Tower,0,15,28,1,44,0,0,68,1,69,0,15,96,2,113,72,0,72,185
08/10/2013,UGN,IL,AGL,CE,Federal Contract Tower,0,4,13,0,17,0,0,91,2,93,0,4,104,2,110,46,0,46,156
08/11/2013,UGN,IL,AGL,CE,Federal Contract Tower,0,14,27,0,41,0,0,39,2,41,0,14,66,2,82,76,0,76,158
08/12/2013,UGN,IL,AGL,CE,Federal Contract Tower,0,8,35,0,43,0,0,23,1,24,0,8,58,1,67,26,0,26,93
08/13/2013,UGN,IL,AGL,CE,Federal Contract Tower,0,9,38,0,47,0,0,49,2,51,0,9,87,2,98,92,0,92,190
08/14/2013,UGN,IL,AGL,CE,Federal Contract Tower,0,10,25,0,35,0,0,76,5,81,0,10,101,5,116,62,0,62,178
08/15/2013,UGN,IL,AGL,CE,Federal Contract Tower,0,18,17,1,36,0,0,47,6,53,0,18,64,7,89,92,0,92,181
08/16/2013,UGN,IL,AGL,CE,Federal Contract Tower,0,10,23,0,33,0,0,69,1,70,0,10,92,1,103,44,0,44,147
08/17/2013,UGN,IL,AGL,CE,Federal Contract Tower,0,3,16,0,19,0,0,58,2,60,0,3,74,2,79,164,6,170,249
08/18/2013,UGN,IL,AGL,CE,Federal Contract Tower,0,11,21,1,33,0,0,58,1,59,0,11,79,2,92,74,0,74,166
08/19/2013,UGN,IL,AGL,CE,Federal Contract Tower,0,14,42,0,56,0,0,49,4,53,0,14,91,4,109,60,0,60,169
08/20/2013,UGN,IL,AGL,CE,Federal Contract Tower,0,14,36,0,50,0,0,47,4,51,0,14,83,4,101,84,0,84,185
08/21/2013,UGN,IL,AGL,CE,Federal Contract Tower,0,5,25,0,30,0,0,49,6,55,0,5,74,6,85,66,0,66,151
08/22/2013,UGN,IL,AGL,CE,Federal Contract Tower,0,12,23,1,36,0,0,12,3,15,0,12,35,4,51,16,12,28,79
08/23/2013,UGN,IL,AGL,CE,Federal Contract Tower,0,6,32,1,39,0,0,60,1,61,0,6,92,2,100,78,0,78,178
08/24/2013,UGN,IL,AGL,CE,Federal Contract Tower,0,7,14,0,21,0,0,67,4,71,0,7,81,4,92,58,10,68,160
08/25/2013,UGN,IL,AGL,CE,Federal Contract Tower,0,7,23,1,31,0,2,53,1,56,0,9,76,2,87,32,0,32,119
08/26/2013,UGN,IL,AGL,CE,Federal Contract Tower,0,6,19,1,26,0,0,24,2,26,0,6,43,3,52,38,0,38,90
08/27/2013,UGN,IL,AGL,CE,Federal Contract Tower,0,8,21,0,29,0,0,29,0,29,0,8,50,0,58,70,32,102,160
08/28/2013,UGN,IL,AGL,CE,Federal Contract Tower,0,7,33,0,40,0,0,22,8,30,0,7,55,8,70,14,0,14,84
08/29/2013,UGN,IL,AGL,CE,Federal Contract Tower,0,9,25,0,34,0,3,49,7,59,0,12,74,7,93,86,18,104,197
08/30/2013,UGN,IL,AGL,CE,Federal Contract Tower,0,14,30,1,45,0,0,23,4,27,0,14,53,5,72,30,6,36,108
08/31/2013,UGN,IL,AGL,CE,Federal Contract Tower,0,4,9,1,14,0,0,21,4,25,0,4,30,5,39,74,56,130,169
09/01/2013,UGN,IL,AGL,CE,Federal Contract Tower,0,4,8,2,14,0,0,32,4,36,0,4,40,6,50,20,0,20,70
09/02/2013,UGN,IL,AGL,CE,Federal Contract Tower,0,13,19,0,32,0,0,34,4,38,0,13,53,4,70,56,0,56,126
09/03/2013,UGN,IL,AGL,CE,Federal Contract Tower,0,3,25,0,28,0,0,60,1,61,0,3,85,1,89,70,0,70,159
09/04/2013,UGN,IL,AGL,CE,Federal Contract Tower,0,5,17,0,22,0,0,37,0,37,0,5,54,0,59,112,0,112,171
09/05/2013,UGN,IL,AGL,CE,Federal Contract Tower,0,5,27,0,32,0,0,29,0,29,0,5,56,0,61,30,0,30,91
09/06/2013,UGN,IL,AGL,CE,Federal Contract Tower,0,7,20,1,28,0,0,89,0,89,0,7,109,1,117,50,0,50,167
09/07/2013,UGN,IL,AGL,CE,Federal Contract Tower,0,3,10,0,13,0,0,66,0,66,0,3,76,0,79,86,0,86,165
09/08/2013,UGN,IL,AGL,CE,Federal Contract Tower,0,4,34,4,42,0,0,11,0,11,0,4,45,4,53,20,0,20,73
09/09/2013,UGN,IL,AGL,CE,Federal Contract Tower,0,0,16,36,52,0,1,23,0,24,0,1,39,36,76,38,0,38,114
09/10/2013,UGN,IL,AGL,CE,Federal Contract Tower,0,15,31,0,46,0,0,48,0,48,0,15,79,0,94,67,0,67,161
09/11/2013,UGN,IL,AGL,CE,Federal Contract Tower,0,9,43,0,52,0,0,40,0,40,0,9,83,0,92,26,0,26,118
09/12/2013,UGN,IL,AGL,CE,Federal Contract Tower,0,20,53,1,74,0,0,76,2,78,0,20,129,3,152,96,8,104,256
09/13/2013,UGN,IL,AGL,CE,Federal Contract Tower,0,14,22,0,36,0,0,43,0,43,0,14,65,0,79,28,0,28,107
09/14/2013,UGN,IL,AGL,CE,Federal Contract Tower,0,4,12,1,17,0,0,82,1,83,0,4,94,2,100,92,10,102,202
09/15/2013,UGN,IL,AGL,CE,Federal Contract Tower,0,10,19,0,29,0,0,0,0,0,0,10,19,0,29,0,0,0,29
09/16/2013,UGN,IL,AGL,CE,Federal Contract Tower,0,4,24,0,28,0,0,25,0,25,0,4,49,0,53,62,0,62,115
09/17/2013,UGN,IL,AGL,CE,Federal Contract Tower,0,8,23,0,31,0,0,65,0,65,0,8,88,0,96,68,0,68,164
09/18/2013,UGN,IL,AGL,CE,Federal Contract Tower,0,7,39,0,46,0,0,24,2,26,0,7,63,2,72,16,8,24,96
09/19/2013,UGN,IL,AGL,CE,Federal Contract Tower,0,8,29,0,37,0,0,9,0,9,0,8,38,0,46,16,0,16,62
09/20/2013,UGN,IL,AGL,CE,Federal Contract Tower,0,5,39,0,44,0,0,15,0,15,0,5,54,0,59,82,0,82,141
09/21/2013,UGN,IL,AGL,CE,Federal Contract Tower,0,1,11,3,15,0,0,59,1,60,0,1,70,4,75,80,0,80,155
09/22/2013,UGN,IL,AGL,CE,Federal Contract Tower,0,6,25,0,31,0,0,69,0,69,0,6,94,0,100,50,0,50,150
09/23/2013,UGN,IL,AGL,CE,Federal Contract Tower,0,5,30,0,35,0,0,34,0,34,0,5,64,0,69,44,0,44,113
09/24/2013,UGN,IL,AGL,CE,Federal Contract Tower,0,9,24,0,33,0,0,43,0,43,0,9,67,0,76,156,0,156,232
09/25/2013,UGN,IL,AGL,CE,Federal Contract Tower,0,9,28,0,37,0,0,63,0,63,0,9,91,0,100,126,0,126,226
09/26/2013,UGN,IL,AGL,CE,Federal Contract Tower,0,7,18,0,25,0,0,49,0,49,0,7,67,0,74,130,0,130,204
09/27/2013,UGN,IL,AGL,CE,Federal Contract Tower,0,13,30,0,43,0,0,53,0,53,0,13,83,0,96,54,0,54,150
09/28/2013,UGN,IL,AGL,CE,Federal Contract Tower,0,8,10,0,18,0,0,38,0,38,0,8,48,0,56,48,0,48,104
09/29/2013,UGN,IL,AGL,CE,Federal Contract Tower,0,4,13,0,17,0,0,58,2,60,0,4,71,2,77,28,0,28,105
09/30/2013,UGN,IL,AGL,CE,Federal Contract Tower,0,9,25,0,34,0,0,46,0,46,0,9,71,0,80,40,0,40,120
10/01/2013,UGN,IL,AGL,CE,Federal Contract Tower,0,10,24,0,34,0,0,35,0,35,0,10,59,0,69,72,0,72,141
10/02/2013,UGN,IL,AGL,CE,Federal Contract Tower,0,8,18,0,26,0,0,47,0,47,0,8,65,0,73,80,0,80,153
10/03/2013,UGN,IL,AGL,CE,Federal Contract Tower,0,7,23,0,30,0,0,7,0,7,0,7,30,0,37,76,0,76,113
10/04/2013,UGN,IL,AGL,CE,Federal Contract Tower,0,15,33,0,48,0,0,2,0,2,0,15,35,0,50,0,0,0,50
10/05/2013,UGN,IL,AGL,CE,Federal Contract Tower,0,8,11,0,19,0,0,8,0,8,0,8,19,0,27,24,0,24,51
10/06/2013,UGN,IL,AGL,CE,Federal Contract Tower,0,10,19,0,29,0,0,64,0,64,0,10,83,0,93,56,0,56,149
10/07/2013,UGN,IL,AGL,CE,Federal Contract Tower,0,8,19,0,27,0,0,21,0,21,0,8,40,0,48,26,0,26,74
10/08/2013,UGN,IL,AGL,CE,Federal Contract Tower,0,7,29,0,36,0,0,64,0,64,0,7,93,0,100,60,0,60,160
10/09/2013,UGN,IL,AGL,CE,Federal Contract Tower,0,11,36,0,47,0,0,69,0,69,0,11,105,0,116,52,0,52,168
10/10/2013,UGN,IL,AGL,CE,Federal Contract Tower,0,16,30,0,46,0,0,58,0,58,0,16,88,0,104,22,0,22,126
10/11/2013,UGN,IL,AGL,CE,Federal Contract Tower,0,7,33,0,40,0,0,36,0,36,0,7,69,0,76,52,0,52,128
10/12/2013,UGN,IL,AGL,CE,Federal Contract Tower,0,4,8,0,12,0,0,41,0,41,0,4,49,0,53,84,0,84,137
10/13/2013,UGN,IL,AGL,CE,Federal Contract Tower,0,10,15,0,25,0,0,88,0,88,0,10,103,0,113,32,0,32,145
10/14/2013,UGN,IL,AGL,CE,Federal Contract Tower,0,7,25,0,32,0,0,46,0,46,0,7,71,0,78,26,0,26,104
10/15/2013,UGN,IL,AGL,CE,Federal Contract Tower,0,2,28,0,30,0,0,2,0,2,0,2,30,0,32,32,0,32,64
10/16/2013,UGN,IL,AGL,CE,Federal Contract Tower,0,8,31,0,39,0,0,18,0,18,0,8,49,0,57,70,0,70,127
10/17/2013,UGN,IL,AGL,CE,Federal Contract Tower,0,8,31,0,39,0,0,2,0,2,0,8,33,0,41,0,0,0,41
10/18/2013,UGN,IL,AGL,CE,Federal Contract Tower,0,8,26,0,34,0,0,33,0,33,0,8,59,0,67,20,0,20,87
10/19/2013,UGN,IL,AGL,CE,Federal Contract Tower,0,10,10,0,20,0,0,63,0,63,0,10,73,0,83,78,0,78,161
10/20/2013,UGN,IL,AGL,CE,Federal Contract Tower,0,17,17,0,34,0,0,53,2,55,0,17,70,2,89,74,0,74,163
10/21/2013,UGN,IL,AGL,CE,Federal Contract Tower,0,15,32,0,47,0,0,19,0,19,0,15,51,0,66,2,0,2,68
10/22/2013,UGN,IL,AGL,CE,Federal Contract Tower,0,4,24,0,28,0,0,46,0,46,0,4,70,0,74,64,0,64,138
10/23/2013,UGN,IL,AGL,CE,Federal Contract Tower,0,14,29,0,43,0,0,30,0,30,0,14,59,0,73,60,0,60,133
10/24/2013,UGN,IL,AGL,CE,Federal Contract Tower,0,7,34,0,41,0,0,33,0,33,0,7,67,0,74,52,0,52,126
10/25/2013,UGN,IL,AGL,CE,Federal Contract Tower,0,5,25,0,30,0,0,50,0,50,0,5,75,0,80,58,0,58,138
10/26/2013,UGN,IL,AGL,CE,Federal Contract Tower,0,3,6,0,9,0,0,41,0,41,0,3,47,0,50,84,0,84,134
10/27/2013,UGN,IL,AGL,CE,Federal Contract Tower,0,13,17,0,30,0,0,65,0,65,0,13,82,0,95,46,0,46,141
10/28/2013,UGN,IL,AGL,CE,Federal Contract Tower,0,6,27,0,33,0,0,23,0,23,0,6,50,0,56,46,0,46,102
10/29/2013,UGN,IL,AGL,CE,Federal Contract Tower,0,6,36,0,42,0,0,43,0,43,0,6,79,0,85,54,0,54,139
10/30/2013,UGN,IL,AGL,CE,Federal Contract Tower,0,11,22,0,33,0,0,0,0,0,0,11,22,0,33,0,0,0,33
10/31/2013,UGN,IL,AGL,CE,Federal Contract Tower,0,9,16,0,25,0,0,0,0,0,0,9,16,0,25,12,0,12,37
11/01/2013,UGN,IL,AGL,CE,Federal Contract Tower,0,9,23,0,32,0,0,22,0,22,0,9,45,0,54,88,0,88,142
11/02/2013,UGN,IL,AGL,CE,Federal Contract Tower,0,3,17,0,20,0,0,12,0,12,0,3,29,0,32,28,0,28,60
11/03/2013,UGN,IL,AGL,CE,Federal Contract Tower,0,9,18,0,27,0,0,97,0,97,0,9,115,0,124,126,0,126,250
11/04/2013,UGN,IL,AGL,CE,Federal Contract Tower,0,12,31,0,43,0,0,14,0,14,0,12,45,0,57,12,0,12,69
11/05/2013,UGN,IL,AGL,CE,Federal Contract Tower,0,10,47,0,57,0,0,36,0,36,0,10,83,0,93,46,0,46,139
11/06/2013,UGN,IL,AGL,CE,Federal Contract Tower,0,17,26,0,43,0,0,3,0,3,0,17,29,0,46,0,0,0,46
11/07/2013,UGN,IL,AGL,CE,Federal Contract Tower,0,5,33,0,38,0,0,62,0,62,0,5,95,0,100,58,0,58,158
11/08/2013,UGN,IL,AGL,CE,Federal Contract Tower,0,18,24,0,42,0,0,45,0,45,0,18,69,0,87,40,0,40,127
11/09/2013,UGN,IL,AGL,CE,Federal Contract Tower,0,7,5,0,12,0,0,33,0,33,0,7,38,0,45,2,0,2,47
11/10/2013,UGN,IL,AGL,CE,Federal Contract Tower,0,21,12,0,33,0,2,80,0,82,0,23,92,0,115,102,0,102,217
11/11/2013,UGN,IL,AGL,CE,Federal Contract Tower,0,11,27,0,38,0,0,0,0,0,0,11,27,0,38,0,0,0,38
11/12/2013,UGN,IL,AGL,CE,Federal Contract Tower,0,8,23,0,31,0,0,26,0,26,0,8,49,0,57,66,0,66,123
11/13/2013,UGN,IL,AGL,CE,Federal Contract Tower,0,7,19,0,26,0,0,31,0,31,0,7,50,0,57,22,0,22,79
11/14/2013,UGN,IL,AGL,CE,Federal Contract Tower,0,16,23,0,39,0,0,20,0,20,0,16,43,0,59,18,0,18,77
11/15/2013,UGN,IL,AGL,CE,Federal Contract Tower,0,11,29,0,40,0,0,50,0,50,0,11,79,0,90,48,0,48,138
11/16/2013,UGN,IL,AGL,CE,Federal Contract Tower,0,2,10,0,12,0,0,0,0,0,0,2,10,0,12,0,0,0,12
11/17/2013,UGN,IL,AGL,CE,Federal Contract Tower,0,6,11,0,17,0,0,0,0,0,0,6,11,0,17,0,0,0,17
11/18/2013,UGN,IL,AGL,CE,Federal Contract Tower,0,12,24,0,36,0,0,12,0,12,0,12,36,0,48,0,0,0,48
11/19/2013,UGN,IL,AGL,CE,Federal Contract Tower,0,4,34,2,40,0,0,86,0,86,0,4,120,2,126,106,0,106,232
11/20/2013,UGN,IL,AGL,CE,Federal Contract Tower,0,9,27,0,36,0,2,26,0,28,0,11,53,0,64,44,0,44,108
11/21/2013,UGN,IL,AGL,CE,Federal Contract Tower,0,2,34,0,36,0,0,18,0,18,0,2,52,0,54,48,0,48,102
11/22/2013,UGN,IL,AGL,CE,Federal Contract Tower,0,2,29,0,31,0,0,14,0,14,0,2,43,0,45,8,0,8,53
11/23/2013,UGN,IL,AGL,CE,Federal Contract Tower,0,3,15,0,18,0,0,27,0,27,0,3,42,0,45,6,0,6,51
11/24/2013,UGN,IL,AGL,CE,Federal Contract Tower,0,9,11,0,20,0,0,84,0,84,0,9,95,0,104,116,0,116,220
11/25/2013,UGN,IL,AGL,CE,Federal Contract Tower,0,9,23,0,32,0,0,8,0,8,0,9,31,0,40,0,0,0,40
11/26/2013,UGN,IL,AGL,CE,Federal Contract Tower,0,16,21,0,37,0,0,38,0,38,0,16,59,0,75,14,0,14,89
11/27/2013,UGN,IL,AGL,CE,Federal Contract Tower,0,15,20,0,35,0,0,46,0,46,0,15,66,0,81,78,0,78,159
11/28/2013,UGN,IL,AGL,CE,Federal Contract Tower,0,0,4,0,4,0,0,5,0,5,0,0,9,0,9,0,0,0,9
11/29/2013,UGN,IL,AGL,CE,Federal Contract Tower,0,4,12,0,16,0,0,32,0,32,0,4,44,0,48,42,0,42,90
11/30/2013,UGN,IL,AGL,CE,Federal Contract Tower,0,14,20,0,34,0,0,61,0,61,0,14,81,0,95,50,0,50,145
12/01/2013,UGN,IL,AGL,CE,Federal Contract Tower,0,23,38,0,61,0,0,50,0,50,0,23,88,0,111,105,0,105,216
12/02/2013,UGN,IL,AGL,CE,Federal Contract Tower,0,4,28,0,32,0,2,12,2,16,0,6,40,2,48,12,0,12,60
12/03/2013,UGN,IL,AGL,CE,Federal Contract Tower,0,6,30,0,36,0,0,0,0,0,0,6,30,0,36,0,0,0,36
12/04/2013,UGN,IL,AGL,CE,Federal Contract Tower,0,1,13,0,14,0,0,0,0,0,0,1,13,0,14,0,0,0,14
12/05/2013,UGN,IL,AGL,CE,Federal Contract Tower,0,14,32,0,46,0,0,22,0,22,0,14,54,0,68,30,0,30,98
12/06/2013,UGN,IL,AGL,CE,Federal Contract Tower,0,0,19,1,20,0,0,22,0,22,0,0,41,1,42,44,2,46,88
12/07/2013,UGN,IL,AGL,CE,Federal Contract Tower,0,2,9,0,11,0,0,45,0,45,0,2,54,0,56,22,0,22,78
12/08/2013,UGN,IL,AGL,CE,Federal Contract Tower,0,6,12,0,18,0,0,1,0,1,0,6,13,0,19,14,0,14,33
12/09/2013,UGN,IL,AGL,CE,Federal Contract Tower,0,14,22,0,36,0,0,6,0,6,0,14,28,0,42,0,0,0,42
12/10/2013,UGN,IL,AGL,CE,Federal Contract Tower,0,16,31,0,47,0,2,0,0,2,0,18,31,0,49,0,0,0,49
12/11/2013,UGN,IL,AGL,CE,Federal Contract Tower,0,7,23,0,30,0,0,10,0,10,0,7,33,0,40,8,0,8,48
12/12/2013,UGN,IL,AGL,CE,Federal Contract Tower,0,7,24,0,31,0,0,30,0,30,0,7,54,0,61,62,0,62,123
12/13/2013,UGN,IL,AGL,CE,Federal Contract Tower,0,10,21,0,31,0,0,22,0,22,0,10,43,0,53,52,0,52,105
12/14/2013,UGN,IL,AGL,CE,Federal Contract Tower,0,3,2,0,5,0,0,0,0,0,0,3,2,0,5,0,0,0,5
12/15/2013,UGN,IL,AGL,CE,Federal Contract Tower,0,5,9,0,14,0,0,26,0,26,0,5,35,0,40,44,0,44,84
12/16/2013,UGN,IL,AGL,CE,Federal Contract Tower,0,14,25,0,39,0,0,10,0,10,0,14,35,0,49,36,0,36,85
12/17/2013,UGN,IL,AGL,CE,Federal Contract Tower,0,3,38,0,41,0,0,20,0,20,0,3,58,0,61,12,0,12,73
12/18/2013,UGN,IL,AGL,CE,Federal Contract Tower,0,9,25,0,34,0,0,49,0,49,0,9,74,0,83,102,0,102,185
12/19/2013,UGN,IL,AGL,CE,Federal Contract Tower,0,6,20,0,26,0,0,10,0,10,0,6,30,0,36,46,0,46,82
12/20/2013,UGN,IL,AGL,CE,Federal Contract Tower,0,10,23,0,33,0,0,0,0,0,0,10,23,0,33,0,0,0,33
12/21/2013,UGN,IL,AGL,CE,Federal Contract Tower,0,14,18,0,32,0,0,0,0,0,0,14,18,0,32,0,0,0,32
12/22/2013,UGN,IL,AGL,CE,Federal Contract Tower,0,12,7,0,19,0,0,0,0,0,0,12,7,0,19,0,0,0,19
12/23/2013,UGN,IL,AGL,CE,Federal Contract Tower,0,11,6,0,17,0,0,9,0,9,0,11,15,0,26,10,0,10,36
12/24/2013,UGN,IL,AGL,CE,Federal Contract Tower,0,2,8,0,10,0,0,17,0,17,0,2,25,0,27,38,0,38,65
12/25/2013,UGN,IL,AGL,CE,Federal Contract Tower,0,3,7,0,10,0,0,0,0,0,0,3,7,0,10,0,0,0,10
12/26/2013,UGN,IL,AGL,CE,Federal Contract Tower,0,18,19,0,37,0,0,4,0,4,0,18,23,0,41,2,0,2,43
12/27/2013,UGN,IL,AGL,CE,Federal Contract Tower,0,11,25,0,36,0,0,24,0,24,0,11,49,0,60,36,0,36,96
12/28/2013,UGN,IL,AGL,CE,Federal Contract Tower,0,12,12,0,24,0,0,70,0,70,0,12,82,0,94,112,0,112,206
12/29/2013,UGN,IL,AGL,CE,Federal Contract Tower,0,4,6,0,10,0,0,0,0,0,0,4,6,0,10,0,0,0,10
12/30/2013,UGN,IL,AGL,CE,Federal Contract Tower,0,7,9,0,16,0,0,6,0,6,0,7,15,0,22,4,0,4,26
12/31/2013,UGN,IL,AGL,CE,Federal Contract Tower,0,4,12,0,16,0,0,10,0,10,0,4,22,0,26,10,0,10,36
01/01/2014,UGN,IL,AGL,CE,Federal Contract Tower,0,2,8,0,10,0,0,0,0,0,0,2,8,0,10,0,0,0,10
01/02/2014,UGN,IL,AGL,CE,Federal Contract Tower,0,12,14,0,26,0,0,1,0,1,0,12,15,0,27,0,0,0,27
01/03/2014,UGN,IL,AGL,CE,Federal Contract Tower,0,12,7,0,19,0,0,10,0,10,0,12,17,0,29,10,0,10,39
01/04/2014,UGN,IL,AGL,CE,Federal Contract Tower,0,17,17,0,34,0,0,3,0,3,0,17,20,0,37,0,0,0,37
01/05/2014,UGN,IL,AGL,CE,Federal Contract Tower,0,13,20,0,33,0,0,1,0,1,0,13,21,0,34,0,0,0,34
01/06/2014,UGN,IL,AGL,CE,Federal Contract Tower,0,11,19,0,30,0,0,1,0,1,0,11,20,0,31,0,0,0,31
01/07/2014,UGN,IL,AGL,CE,Federal Contract Tower,0,10,19,0,29,0,0,10,0,10,0,10,29,0,39,10,0,10,49
01/08/2014,UGN,IL,AGL,CE,Federal Contract Tower,0,12,17,2,31,0,0,18,0,18,0,12,35,2,49,10,0,10,59
01/09/2014,UGN,IL,AGL,CE,Federal Contract Tower,0,6,16,0,22,0,0,12,0,12,0,6,28,0,34,36,0,36,70
01/10/2014,UGN,IL,AGL,CE,Federal Contract Tower,0,2,9,0,11,0,0,0,0,0,0,2,9,0,11,0,0,0,11
01/11/2014,UGN,IL,AGL,CE,Federal Contract Tower,0,9,2,0,11,0,0,8,0,8,0,9,10,0,19,18,0,18,37
01/12/2014,UGN,IL,AGL,CE,Federal Contract Tower,0,3,16,0,19,0,0,44,0,44,0,3,60,0,63,58,0,58,121
01/13/2014,UGN,IL,AGL,CE,Federal Contract Tower,0,2,24,0,26,0,0,33,0,33,0,2,57,0,59,56,0,56,115
01/14/2014,UGN,IL,AGL,CE,Federal Contract Tower,0,5,17,0,22,0,0,0,0,0,0,5,17,0,22,0,0,0,22
01/15/2014,UGN,IL,AGL,CE,Federal Contract Tower,0,7,21,0,28,0,2,40,2,44,0,9,61,2,72,104,2,106,178
01/16/2014,UGN,IL,AGL,CE,Federal Contract Tower,0,7,15,0,22,0,0,0,0,0,0,7,15,0,22,0,0,0,22
01/17/2014,UGN,IL,AGL,CE,Federal Contract Tower,0,14,29,0,43,0,0,8,0,8,0,14,37,0,51,56,0,56,107
01/18/2014,UGN,IL,AGL,CE,Federal Contract Tower,0,7,9,0,16,0,0,15,0,15,0,7,24,0,31,30,0,30,61
01/19/2014,UGN,IL,AGL,CE,Federal Contract Tower,0,18,12,0,30,0,0,22,0,22,0,18,34,0,52,16,0,16,68
01/20/2014,UGN,IL,AGL,CE,Federal Contract Tower,0,13,12,0,25,0,0,1,0,1,0,13,13,0,26,0,0,0,26
01/21/2014,UGN,IL,AGL,CE,Federal Contract Tower,0,7,27,0,34,0,0,5,0,5,0,7,32,0,39,0,0,0,39
01/22/2014,UGN,IL,AGL,CE,Federal Contract Tower,0,12,19,0,31,0,0,2,0,2,0,12,21,0,33,0,0,0,33
01/23/2014,UGN,IL,AGL,CE,Federal Contract Tower,0,4,23,0,27,0,0,10,0,10,0,4,33,0,37,0,0,0,37
01/24/2014,UGN,IL,AGL,CE,Federal Contract Tower,0,9,14,0,23,0,0,0,0,0,0,9,14,0,23,2,0,2,25
01/25/2014,UGN,IL,AGL,CE,Federal Contract Tower,0,3,8,0,11,0,0,9,0,9,0,3,17,0,20,12,0,12,32
01/26/2014,UGN,IL,AGL,CE,Federal Contract Tower,0,15,10,0,25,0,0,7,0,7,0,15,17,0,32,10,0,10,42
01/27/2014,UGN,IL,AGL,CE,Federal Contract Tower,0,6,19,0,25,0,0,1,0,1,0,6,20,0,26,0,0,0,26
01/28/2014,UGN,IL,AGL,CE,Federal Contract Tower,0,8,13,0,21,0,0,4,0,4,0,8,17,0,25,0,0,0,25
01/29/2014,UGN,IL,AGL,CE,Federal Contract Tower,0,6,12,0,18,0,0,31,0,31,0,6,43,0,49,16,0,16,65
01/30/2014,UGN,IL,AGL,CE,Federal Contract Tower,0,8,10,0,18,0,0,2,0,2,0,8,12,0,20,0,0,0,20
01/31/2014,UGN,IL,AGL,CE,Federal Contract Tower,0,10,29,0,39,0,0,31,0,31,0,10,60,0,70,58,0,58,128
02/01/2014,UGN,IL,AGL,CE,Federal Contract Tower,0,5,6,0,11,0,0,0,0,0,0,5,6,0,11,0,0,0,11
02/02/2014,UGN,IL,AGL,CE,Federal Contract Tower,0,3,17,0,20,0,0,33,0,33,0,3,50,0,53,84,0,84,137
02/03/2014,UGN,IL,AGL,CE,Federal Contract Tower,0,8,17,1,26,0,0,25,3,28,0,8,42,4,54,50,0,50,104
02/04/2014,UGN,IL,AGL,CE,Federal Contract Tower,0,7,20,0,27,0,0,8,0,8,0,7,28,0,35,72,0,72,107
02/05/2014,UGN,IL,AGL,CE,Federal Contract Tower,0,6,16,0,22,0,0,0,0,0,0,6,16,0,22,0,0,0,22
02/06/2014,UGN,IL,AGL,CE,Federal Contract Tower,0,6,27,0,33,0,0,15,0,15,0,6,42,0,48,2,0,2,50
02/07/2014,UGN,IL,AGL,CE,Federal Contract Tower,0,2,34,0,36,0,0,24,0,24,0,2,58,0,60,8,0,8,68
02/08/2014,UGN,IL,AGL,CE,Federal Contract Tower,0,4,12,0,16,0,0,7,0,7,0,4,19,0,23,0,0,0,23
02/09/2014,UGN,IL,AGL,CE,Federal Contract Tower,0,3,18,0,21,0,0,32,0,32,0,3,50,0,53,22,0,22,75
02/10/2014,UGN,IL,AGL,CE,Federal Contract Tower,0,3,21,0,24,0,0,13,0,13,0,3,34,0,37,20,0,20,57
02/11/2014,UGN,IL,AGL,CE,Federal Contract Tower,0,10,16,0,26,0,0,26,0,26,0,10,42,0,52,54,0,54,106
02/12/2014,UGN,IL,AGL,CE,Federal Contract Tower,0,14,17,0,31,0,0,15,0,15,0,14,32,0,46,34,0,34,80
02/13/2014,UGN,IL,AGL,CE,Federal Contract Tower,0,15,20,0,35,0,0,9,0,9,0,15,29,0,44,14,0,14,58
02/14/2014,UGN,IL,AGL,CE,Federal Contract Tower,0,6,21,0,27,0,0,25,0,25,0,6,46,0,52,48,0,48,100
02/15/2014,UGN,IL,AGL,CE,Federal Contract Tower,0,6,12,0,18,0,0,42,0,42,0,6,54,0,60,16,0,16,76
02/16/2014,UGN,IL,AGL,CE,Federal Contract Tower,0,6,17,0,23,0,0,37,0,37,0,6,54,0,60,82,0,82,142
02/17/2014,UGN,IL,AGL,CE,Federal Contract Tower,0,14,22,0,36,0,0,0,0,0,0,14,22,0,36,0,0,0,36
02/18/2014,UGN,IL,AGL,CE,Federal Contract Tower,0,8,37,0,45,0,0,12,0,12,0,8,49,0,57,0,0,0,57
02/19/2014,UGN,IL,AGL,CE,Federal Contract Tower,0,10,36,0,46,0,0,50,0,50,0,10,86,0,96,136,0,136,232
02/20/2014,UGN,IL,AGL,CE,Federal Contract Tower,0,5,11,0,16,0,0,0,0,0,0,5,11,0,16,0,0,0,16
02/21/2014,UGN,IL,AGL,CE,Federal Contract Tower,0,12,26,2,40,0,0,0,2,2,0,12,26,4,42,0,8,8,50
02/22/2014,UGN,IL,AGL,CE,Federal Contract Tower,0,5,13,0,18,0,0,39,2,41,0,5,52,2,59,70,0,70,129
02/23/2014,UGN,IL,AGL,CE,Federal Contract Tower,0,9,13,0,22,0,0,41,0,41,0,9,54,0,63,74,0,74,137
02/24/2014,UGN,IL,AGL,CE,Federal Contract Tower,0,6,17,0,23,0,0,19,0,19,0,6,36,0,42,26,0,26,68
02/25/2014,UGN,IL,AGL,CE,Federal Contract Tower,0,5,28,0,33,0,0,43,0,43,0,5,71,0,76,38,0,38,114
02/26/2014,UGN,IL,AGL,CE,Federal Contract Tower,0,6,18,0,24,0,0,9,0,9,0,6,27,0,33,10,0,10,43
02/27/2014,UGN,IL,AGL,CE,Federal Contract Tower,0,6,25,0,31,0,0,26,0,26,0,6,51,0,57,6,0,6,63
02/28/2014,UGN,IL,AGL,CE,Federal Contract Tower,0,7,27,0,34,0,0,26,0,26,0,7,53,0,60,12,0,12,72
03/01/2014,UGN,IL,AGL,CE,Federal Contract Tower,0,5,19,0,24,0,0,10,0,10,0,5,29,0,34,48,0,48,82
03/02/2014,UGN,IL,AGL,CE,Federal Contract Tower,0,12,12,0,24,0,0,14,0,14,0,12,26,0,38,14,0,14,52
03/03/2014,UGN,IL,AGL,CE,Federal Contract Tower,0,3,19,0,22,0,0,12,0,12,0,3,31,0,34,10,0,10,44
03/04/2014,UGN,IL,AGL,CE,Federal Contract Tower,0,7,21,0,28,0,0,30,0,30,0,7,51,0,58,72,0,72,130
03/05/2014,UGN,IL,AGL,CE,Federal Contract Tower,0,4,21,0,25,0,0,2,0,2,0,4,23,0,27,0,0,0,27
03/06/2014,UGN,IL,AGL,CE,Federal Contract Tower,0,7,25,0,32,0,0,36,0,36,0,7,61,0,68,66,0,66,134
03/07/2014,UGN,IL,AGL,CE,Federal Contract Tower,0,12,17,0,29,0,0,31,0,31,0,12,48,0,60,80,0,80,140
03/08/2014,UGN,IL,AGL,CE,Federal Contract Tower,0,14,11,0,25,0,0,21,0,21,0,14,32,0,46,44,0,44,90
03/09/2014,UGN,IL,AGL,CE,Federal Contract Tower,0,5,13,0,18,0,0,45,0,45,0,5,58,0,63,32,0,32,95
03/10/2014,UGN,IL,AGL,CE,Federal Contract Tower,0,7,17,0,24,0,1,43,2,46,0,8,60,2,70,44,0,44,114
03/11/2014,UGN,IL,AGL,CE,Federal Contract Tower,0,7,16,0,23,0,0,38,0,38,0,7,54,0,61,50,0,50,111
03/12/2014,UGN,IL,AGL,CE,Federal Contract Tower,0,5,22,0,27,0,0,9,0,9,0,5,31,0,36,30,6,36,72
03/13/2014,UGN,IL,AGL,CE,Federal Contract Tower,0,8,27,0,35,0,0,28,0,28,0,8,55,0,63,36,0,36,99
03/14/2014,UGN,IL,AGL,CE,Federal Contract Tower,0,8,13,0,21,0,0,29,0,29,0,8,42,0,50,56,0,56,106
03/15/2014,UGN,IL,AGL,CE,Federal Contract Tower,0,4,14,0,18,0,0,74,0,74,0,4,88,0,92,88,0,88,180
03/16/2014,UGN,IL,AGL,CE,Federal Contract Tower,0,6,20,0,26,0,0,20,0,20,0,6,40,0,46,22,0,22,68
03/17/2014,UGN,IL,AGL,CE,Federal Contract Tower,0,9,17,0,26,0,0,30,0,30,0,9,47,0,56,50,0,50,106
03/18/2014,UGN,IL,AGL,CE,Federal Contract Tower,0,10,21,0,31,0,0,31,0,31,0,10,52,0,62,38,0,38,100
03/19/2014,UGN,IL,AGL,CE,Federal Contract Tower,0,5,27,0,32,0,0,3,0,3,0,5,30,0,35,12,0,12,47
03/20/2014,UGN,IL,AGL,CE,Federal Contract Tower,0,2,27,0,29,0,0,60,0,60,0,2,87,0,89,66,0,66,155
03/21/2014,UGN,IL,AGL,CE,Federal Contract Tower,0,11,28,0,39,0,0,18,0,18,0,11,46,0,57,2,0,2,59
03/22/2014,UGN,IL,AGL,CE,Federal Contract Tower,0,10,16,0,26,0,0,52,0,52,0,10,68,0,78,68,0,68,146
03/23/2014,UGN,IL,AGL,CE,Federal Contract Tower,0,10,17,0,27,0,0,46,4,50,0,10,63,4,77,94,0,94,171
03/24/2014,UGN,IL,AGL,CE,Federal Contract Tower,0,8,21,0,29,0,0,40,0,40,0,8,61,0,69,18,0,18,87
03/25/2014,UGN,IL,AGL,CE,Federal Contract Tower,0,7,10,0,17,0,0,27,0,27,0,7,37,0,44,30,0,30,74
03/26/2014,UGN,IL,AGL,CE,Federal Contract Tower,0,10,15,0,25,0,0,38,2,40,0,10,53,2,65,58,2,60,125
03/27/2014,UGN,IL,AGL,CE,Federal Contract Tower,0,12,19,0,31,0,0,0,0,0,0,12,19,0,31,0,0,0,31
03/28/2014,UGN,IL,AGL,CE,Federal Contract Tower,0,9,23,0,32,0,0,6,0,6,0,9,29,0,38,10,0,10,48
03/29/2014,UGN,IL,AGL,CE,Federal Contract Tower,20,11,0,0,31,0,0,17,0,17,20,11,17,0,48,56,0,56,104
03/30/2014,UGN,IL,AGL,CE,Federal Contract Tower,0,14,22,0,36,0,0,75,0,75,0,14,97,0,111,42,6,48,159
03/31/2014,UGN,IL,AGL,CE,Federal Contract Tower,0,6,17,0,23,0,0,17,0,17,0,6,34,0,40,4,0,4,44
04/01/2014,UGN,IL,AGL,CE,Federal Contract Tower,0,6,20,0,26,0,0,6,0,6,0,6,26,0,32,16,0,16,48
04/02/2014,UGN,IL,AGL,CE,Federal Contract Tower,0,16,20,0,36,0,0,22,0,22,0,16,42,0,58,52,0,52,110
04/03/2014,UGN,IL,AGL,CE,Federal Contract Tower,0,15,16,0,31,0,0,1,0,1,0,15,17,0,32,8,0,8,40
04/04/2014,UGN,IL,AGL,CE,Federal Contract Tower,0,10,13,0,23,0,0,3,0,3,0,10,16,0,26,4,0,4,30
04/05/2014,UGN,IL,AGL,CE,Federal Contract Tower,0,0,11,1,12,0,0,89,1,90,0,0,100,2,102,94,0,94,196
04/06/2014,UGN,IL,AGL,CE,Federal Contract Tower,0,11,31,2,44,0,0,57,0,57,0,11,88,2,101,116,0,116,217
04/07/2014,UGN,IL,AGL,CE,Federal Contract Tower,0,8,27,0,35,0,0,32,0,32,0,8,59,0,67,54,0,54,121
04/08/2014,UGN,IL,AGL,CE,Federal Contract Tower,0,5,19,0,24,0,0,40,0,40,0,5,59,0,64,54,0,54,118
04/09/2014,UGN,IL,AGL,CE,Federal Contract Tower,0,10,14,0,24,0,0,82,0,82,0,10,96,0,106,132,0,132,238
04/10/2014,UGN,IL,AGL,CE,Federal Contract Tower,0,5,21,1,27,0,0,29,0,29,0,5,50,1,56,8,0,8,64
04/11/2014,UGN,IL,AGL,CE,Federal Contract Tower,0,15,16,2,33,0,0,49,0,49,0,15,65,2,82,58,0,58,140
04/12/2014,UGN,IL,AGL,CE,Federal Contract Tower,0,3,7,0,10,0,0,36,2,38,0,3,43,2,48,42,6,48,96
04/13/2014,UGN,IL,AGL,CE,Federal Contract Tower,0,8,10,1,19,0,0,2,0,2,0,8,12,1,21,0,0,0,21
04/14/2014,UGN,IL,AGL,CE,Federal Contract Tower,0,5,29,0,34,0,0,2,0,2,0,5,31,0,36,0,0,0,36
04/15/2014,UGN,IL,AGL,CE,Federal Contract Tower,0,9,39,0,48,0,0,53,2,55,0,9,92,2,103,74,2,76,179
04/16/2014,UGN,IL,AGL,CE,Federal Contract Tower,0,7,19,0,26,0,0,20,0,20,0,7,39,0,46,16,0,16,62
04/17/2014,UGN,IL,AGL,CE,Federal Contract Tower,0,9,27,0,36,0,0,34,2,36,0,9,61,2,72,14,6,20,92
04/18/2014,UGN,IL,AGL,CE,Federal Contract Tower,0,7,8,1,16,0,0,52,0,52,0,7,60,1,68,58,0,58,126
04/19/2014,UGN,IL,AGL,CE,Federal Contract Tower,0,2,21,0,23,0,0,92,0,92,0,2,113,0,115,108,0,108,223
04/20/2014,UGN,IL,AGL,CE,Federal Contract Tower,0,6,8,1,15,0,0,16,0,16,0,6,24,1,31,32,0,32,63
04/21/2014,UGN,IL,AGL,CE,Federal Contract Tower,0,16,20,0,36,0,0,15,0,15,0,16,35,0,51,10,0,10,61
04/22/2014,UGN,IL,AGL,CE,Federal Contract Tower,0,11,21,2,34,0,0,50,2,52,0,11,71,4,86,68,8,76,162
04/23/2014,UGN,IL,AGL,CE,Federal Contract Tower,0,3,33,0,36,0,0,43,0,43,0,3,76,0,79,102,0,102,181
04/24/2014,UGN,IL,AGL,CE,Federal Contract Tower,0,8,25,0,33,0,0,18,5,23,0,8,43,5,56,18,0,18,74
04/25/2014,UGN,IL,AGL,CE,Federal Contract Tower,0,7,28,0,35,0,0,39,0,39,0,7,67,0,74,18,0,18,92
04/26/2014,UGN,IL,AGL,CE,Federal Contract Tower,0,1,18,0,19,0,0,89,0,89,0,1,107,0,108,80,0,80,188
04/27/2014,UGN,IL,AGL,CE,Federal Contract Tower,0,4,7,0,11,0,0,9,0,9,0,4,16,0,20,0,0,0,20
04/28/2014,UGN,IL,AGL,CE,Federal Contract Tower,0,11,24,0,35,0,0,3,0,3,0,11,27,0,38,26,0,26,64
04/29/2014,UGN,IL,AGL,CE,Federal Contract Tower,0,8,19,0,27,0,0,6,0,6,0,8,25,0,33,46,0,46,79
04/30/2014,UGN,IL,AGL,CE,Federal Contract Tower,0,9,28,0,37,0,0,6,0,6,0,9,34,0,43,36,0,36,79
05/01/2014,UGN,IL,AGL,CE,Federal Contract Tower,0,13,31,0,44,0,0,6,0,6,0,13,37,0,50,16,0,16,66
05/02/2014,UGN,IL,AGL,CE,Federal Contract Tower,0,5,30,1,36,0,0,10,0,10,0,5,40,1,46,28,0,28,74
05/03/2014,UGN,IL,AGL,CE,Federal Contract Tower,0,4,21,0,25,0,0,51,0,51,0,4,72,0,76,52,0,52,128
05/04/2014,UGN,IL,AGL,CE,Federal Contract Tower,0,20,13,1,34,0,0,45,2,47,0,20,58,3,81,166,0,166,247
05/05/2014,UGN,IL,AGL,CE,Federal Contract Tower,0,14,17,2,33,0,0,17,0,17,0,14,34,2,50,32,0,32,82
05/06/2014,UGN,IL,AGL,CE,Federal Contract Tower,0,9,16,2,27,0,0,68,2,70,0,9,84,4,97,32,0,32,129
05/07/2014,UGN,IL,AGL,CE,Federal Contract Tower,0,6,21,0,27,0,0,25,0,25,0,6,46,0,52,32,0,32,84
05/08/2014,UGN,IL,AGL,CE,Federal Contract Tower,0,14,40,0,54,0,0,35,4,39,0,14,75,4,93,48,0,48,141
05/09/2014,UGN,IL,AGL,CE,Federal Contract Tower,0,17,27,3,47,0,0,12,0,12,0,17,39,3,59,10,4,14,73
05/10/2014,UGN,IL,AGL,CE,Federal Contract Tower,0,16,11,0,27,0,0,98,0,98,0,16,109,0,125,138,0,138,263
05/11/2014,UGN,IL,AGL,CE,Federal Contract Tower,0,10,21,0,31,0,0,26,0,26,0,10,47,0,57,16,0,16,73
05/12/2014,UGN,IL,AGL,CE,Federal Contract Tower,0,9,28,1,38,0,0,12,0,12,0,9,40,1,50,20,0,20,70
05/13/2014,UGN,IL,AGL,CE,Federal Contract Tower,0,9,24,0,33,0,1,5,4,10,0,10,29,4,43,12,10,22,65
05/14/2014,UGN,IL,AGL,CE,Federal Contract Tower,0,11,36,1,48,0,0,33,0,33,0,11,69,1,81,34,0,34,115
05/15/2014,UGN,IL,AGL,CE,Federal Contract Tower,0,8,24,0,32,0,0,9,0,9,0,8,33,0,41,0,0,0,41
05/16/2014,UGN,IL,AGL,CE,Federal Contract Tower,0,9,16,3,28,0,0,23,0,23,0,9,39,3,51,66,0,66,117
05/17/2014,UGN,IL,AGL,CE,Federal Contract Tower,0,8,10,0,18,0,0,60,0,60,0,8,70,0,78,36,0,36,114
05/18/2014,UGN,IL,AGL,CE,Federal Contract Tower,0,5,10,0,15,0,0,71,0,71,0,5,81,0,86,58,0,58,144
05/19/2014,UGN,IL,AGL,CE,Federal Contract Tower,0,13,23,0,36,0,1,31,0,32,0,14,54,0,68,48,0,48,116
05/20/2014,UGN,IL,AGL,CE,Federal Contract Tower,0,9,22,0,31,0,0,49,0,49,0,9,71,0,80,114,0,114,194
05/21/2014,UGN,IL,AGL,CE,Federal Contract Tower,0,8,22,0,30,0,0,28,0,28,0,8,50,0,58,12,4,16,74
05/22/2014,UGN,IL,AGL,CE,Federal Contract Tower,0,11,20,0,31,0,0,44,2,46,0,11,64,2,77,70,0,70,147
05/23/2014,UGN,IL,AGL,CE,Federal Contract Tower,0,8,30,0,38,0,0,58,2,60,0,8,88,2,98,34,20,54,152
05/24/2014,UGN,IL,AGL,CE,Federal Contract Tower,0,7,13,0,20,0,0,74,4,78,0,7,87,4,98,114,0,114,212
05/25/2014,UGN,IL,AGL,CE,Federal Contract Tower,0,3,12,3,18,0,0,50,0,50,0,3,62,3,68,30,0,30,98
05/26/2014,UGN,IL,AGL,CE,Federal Contract Tower,0,7,11,0,18,0,0,23,2,25,0,7,34,2,43,18,0,18,61
05/27/2014,UGN,IL,AGL,CE,Federal Contract Tower,0,6,28,0,34,0,0,20,0,20,0,6,48,0,54,24,0,24,78
05/28/2014,UGN,IL,AGL,CE,Federal Contract Tower,0,10,16,0,26,0,0,30,2,32,0,10,46,2,58,48,0,48,106
05/29/2014,UGN,IL,AGL,CE,Federal Contract Tower,0,6,21,0,27,0,0,46,6,52,0,6,67,6,79,98,26,124,203
05/30/2014,UGN,IL,AGL,CE,Federal Contract Tower,0,7,28,14,49,0,0,49,0,49,0,7,77,14,98,140,0,140,238
05/31/2014,UGN,IL,AGL,CE,Federal Contract Tower,0,1,9,0,10,0,0,88,2,90,0,1,97,2,100,68,6,74,174
06/01/2014,UGN,IL,AGL,CE,Federal Contract Tower,0,14,13,5,32,0,0,43,6,49,0,14,56,11,81,52,0,52,133
06/02/2014,UGN,IL,AGL,CE,Federal Contract Tower,0,6,17,0,23,0,0,7,2,9,0,6,24,2,32,0,0,0,32
06/03/2014,UGN,IL,AGL,CE,Federal Contract Tower,0,18,26,0,44,0,0,77,0,77,0,18,103,0,121,84,0,84,205
06/04/2014,UGN,IL,AGL,CE,Federal Contract Tower,0,11,32,0,43,0,0,2,0,2,0,11,34,0,45,16,0,16,61
06/05/2014,UGN,IL,AGL,CE,Federal Contract Tower,0,11,33,0,44,0,0,66,2,68,0,11,99,2,112,64,2,66,178
06/06/2014,UGN,IL,AGL,CE,Federal Contract Tower,0,18,27,0,45,0,0,69,2,71,0,18,96,2,116,56,0,56,172
06/07/2014,UGN,IL,AGL,CE,Federal Contract Tower,0,4,8,2,14,0,0,60,0,60,0,4,68,2,74,42,0,42,116
06/08/2014,UGN,IL,AGL,CE,Federal Contract Tower,0,17,9,0,26,0,0,26,1,27,0,17,35,1,53,48,0,48,101
06/09/2014,UGN,IL,AGL,CE,Federal Contract Tower,0,14,26,0,40,0,1,55,4,60,0,15,81,4,100,50,24,74,174
06/10/2014,UGN,IL,AGL,CE,Federal Contract Tower,0,15,19,0,34,0,0,33,0,33,0,15,52,0,67,98,0,98,165
06/11/2014,UGN,IL,AGL,CE,Federal Contract Tower,0,8,22,4,34,0,0,0,0,0,0,8,22,4,34,0,0,0,34
06/12/2014,UGN,IL,AGL,CE,Federal Contract Tower,0,7,25,0,32,0,1,27,0,28,0,8,52,0,60,82,0,82,142
06/13/2014,UGN,IL,AGL,CE,Federal Contract Tower,0,6,24,0,30,0,0,51,2,53,0,6,75,2,83,76,0,76,159
06/14/2014,UGN,IL,AGL,CE,Federal Contract Tower,0,7,15,0,22,0,0,81,2,83,0,7,96,2,105,68,0,68,173
06/15/2014,UGN,IL,AGL,CE,Federal Contract Tower,0,6,17,0,23,0,0,38,2,40,0,6,55,2,63,46,0,46,109
06/16/2014,UGN,IL,AGL,CE,Federal Contract Tower,0,4,21,0,25,0,0,0,0,0,0,4,21,0,25,96,13,109,134
06/17/2014,UGN,IL,AGL,CE,Federal Contract Tower,0,4,29,0,33,0,0,32,3,35,0,4,61,3,68,90,0,90,158
06/18/2014,UGN,IL,AGL,CE,Federal Contract Tower,0,14,26,1,41,0,0,18,1,19,0,14,44,2,60,10,0,10,70
06/19/2014,UGN,IL,AGL,CE,Federal Contract Tower,0,6,30,0,36,0,0,11,0,11,0,6,41,0,47,34,0,34,81
06/20/2014,UGN,IL,AGL,CE,Federal Contract Tower,0,6,32,1,39,0,0,14,3,17,0,6,46,4,56,52,0,52,108
06/21/2014,UGN,IL,AGL,CE,Federal Contract Tower,0,4,17,0,21,0,0,11,4,15,0,4,28,4,36,64,0,64,100
06/22/2014,UGN,IL,AGL,CE,Federal Contract Tower,0,12,34,0,46,0,0,21,1,22,0,12,55,1,68,104,0,104,172
06/23/2014,UGN,IL,AGL,CE,Federal Contract Tower,0,11,30,1,42,0,0,0,0,0,0,11,30,1,42,64,0,64,106
06/24/2014,UGN,IL,AGL,CE,Federal Contract Tower,0,14,41,0,55,0,0,32,0,32,0,14,73,0,87,86,0,86,173
06/25/2014,UGN,IL,AGL,CE,Federal Contract Tower,0,11,38,2,51,0,0,7,0,7,0,11,45,2,58,56,0,56,114
06/26/2014,UGN,IL,AGL,CE,Federal Contract Tower,0,7,50,0,57,0,0,5,0,5,0,7,55,0,62,10,0,10,72
06/27/2014,UGN,IL,AGL,CE,Federal Contract Tower,0,13,26,0,39,0,0,41,4,45,0,13,67,4,84,26,0,26,110
06/28/2014,UGN,IL,AGL,CE,Federal Contract Tower,0,8,19,0,27,0,0,41,2,43,0,8,60,2,70,38,0,38,108
06/29/2014,UGN,IL,AGL,CE,Federal Contract Tower,0,19,20,0,39,0,0,30,2,32,0,19,50,2,71,76,0,76,147
06/30/2014,UGN,IL,AGL,CE,Federal Contract Tower,0,10,16,0,26,0,2,18,3,23,0,12,34,3,49,34,0,34,83
07/01/2014,UGN,IL,AGL,CE,Federal Contract Tower,0,2,25,0,27,0,0,55,2,57,0,2,80,2,84,84,0,84,168
07/02/2014,UGN,IL,AGL,CE,Federal Contract Tower,0,14,39,6,59,0,0,24,0,24,0,14,63,6,83,118,0,118,201
07/03/2014,UGN,IL,AGL,CE,Federal Contract Tower,0,13,31,0,44,0,0,89,0,89,0,13,120,0,133,94,0,94,227
07/04/2014,UGN,IL,AGL,CE,Federal Contract Tower,0,4,7,0,11,0,0,56,0,56,0,4,63,0,67,36,0,36,103
07/05/2014,UGN,IL,AGL,CE,Federal Contract Tower,0,8,10,0,18,0,0,52,2,54,0,8,62,2,72,46,0,46,118
07/06/2014,UGN,IL,AGL,CE,Federal Contract Tower,0,16,24,0,40,0,0,31,4,35,0,16,55,4,75,50,6,56,131
07/07/2014,UGN,IL,AGL,CE,Federal Contract Tower,0,16,24,0,40,0,0,63,1,64,0,16,87,1,104,64,6,70,174
07/08/2014,UGN,IL,AGL,CE,Federal Contract Tower,0,9,27,1,37,0,0,51,0,51,0,9,78,1,88,82,0,82,170
07/09/2014,UGN,IL,AGL,CE,Federal Contract Tower,0,6,27,2,35,0,0,62,3,65,0,6,89,5,100,64,0,64,164
07/10/2014,UGN,IL,AGL,CE,Federal Contract Tower,0,13,31,0,44,0,0,68,1,69,0,13,99,1,113,102,0,102,215
07/11/2014,UGN,IL,AGL,CE,Federal Contract Tower,0,22,21,2,45,0,0,57,3,60,0,22,78,5,105,72,6,78,183
07/12/2014,UGN,IL,AGL,CE,Federal Contract Tower,0,8,17,3,28,0,2,16,2,20,0,10,33,5,48,50,0,50,98
07/13/2014,UGN,IL,AGL,CE,Federal Contract Tower,0,10,15,0,25,0,0,58,2,60,0,10,73,2,85,117,16,133,218
07/14/2014,UGN,IL,AGL,CE,Federal Contract Tower,0,22,29,0,51,0,0,32,7,39,0,22,61,7,90,28,30,58,148
07/15/2014,UGN,IL,AGL,CE,Federal Contract Tower,0,27,17,0,44,0,0,54,2,56,0,27,71,2,100,132,0,132,232
07/16/2014,UGN,IL,AGL,CE,Federal Contract Tower,0,9,23,0,32,0,0,78,3,81,0,9,101,3,113,66,2,68,181
07/17/2014,UGN,IL,AGL,CE,Federal Contract Tower,0,14,28,1,43,0,0,81,0,81,0,14,109,1,124,108,0,108,232
07/18/2014,UGN,IL,AGL,CE,Federal Contract Tower,0,18,27,0,45,0,0,61,2,63,0,18,88,2,108,60,0,60,168
07/19/2014,UGN,IL,AGL,CE,Federal Contract Tower,0,8,17,0,25,0,0,88,3,91,0,8,105,3,116,48,0,48,164
07/20/2014,UGN,IL,AGL,CE,Federal Contract Tower,0,15,25,0,40,0,0,87,2,89,0,15,112,2,129,80,0,80,209
07/21/2014,UGN,IL,AGL,CE,Federal Contract Tower,0,11,19,0,30,0,0,40,2,42,0,11,59,2,72,84,0,84,156
07/22/2014,UGN,IL,AGL,CE,Federal Contract Tower,0,19,28,0,47,0,0,46,6,52,0,19,74,6,99,48,2,50,149
07/23/2014,UGN,IL,AGL,CE,Federal Contract Tower,0,16,18,0,34,0,0,41,2,43,0,16,59,2,77,10,0,10,87
07/24/2014,UGN,IL,AGL,CE,Federal Contract Tower,0,16,23,0,39,0,0,84,0,84,0,16,107,0,123,42,0,42,165
07/25/2014,UGN,IL,AGL,CE,Federal Contract Tower,0,14,28,0,42,0,0,59,2,61,0,14,87,2,103,60,0,60,163
07/26/2014,UGN,IL,AGL,CE,Federal Contract Tower,0,11,25,0,36,0,0,58,2,60,0,11,83,2,96,106,0,106,202
07/27/2014,UGN,IL,AGL,CE,Federal Contract Tower,0,11,18,0,29,0,0,31,3,34,0,11,49,3,63,40,26,66,129
07/28/2014,UGN,IL,AGL,CE,Federal Contract Tower,0,11,37,0,48,0,0,49,4,53,0,11,86,4,101,64,8,72,173
07/29/2014,UGN,IL,AGL,CE,Federal Contract Tower,0,5,18,0,23,0,0,51,12,63,0,5,69,12,86,68,10,78,164
07/30/2014,UGN,IL,AGL,CE,Federal Contract Tower,0,9,22,0,31,0,0,57,6,63,0,9,79,6,94,86,0,86,180
07/31/2014,UGN,IL,AGL,CE,Federal Contract Tower,0,13,27,0,40,0,0,75,1,76,0,13,102,1,116,30,0,30,146
08/01/2014,UGN,IL,AGL,CE,Federal Contract Tower,0,14,14,0,28,0,0,47,3,50,0,14,61,3,78,68,0,68,146
08/02/2014,UGN,IL,AGL,CE,Federal Contract Tower,0,7,13,0,20,0,0,73,1,74,0,7,86,1,94,102,0,102,196
08/03/2014,UGN,IL,AGL,CE,Federal Contract Tower,0,13,20,0,33,0,59,5,0,64,0,72,25,0,97,56,0,56,153
08/04/2014,UGN,IL,AGL,CE,Federal Contract Tower,0,12,19,0,31,0,0,9,2,11,0,12,28,2,42,20,4,24,66
08/05/2014,UGN,IL,AGL,CE,Federal Contract Tower,0,18,26,0,44,0,0,41,0,41,0,18,67,0,85,232,0,232,317
08/06/2014,UGN,IL,AGL,CE,Federal Contract Tower,0,8,16,2,26,0,0,57,3,60,0,8,73,5,86,178,2,180,266
08/07/2014,UGN,IL,AGL,CE,Federal Contract Tower,0,9,23,0,32,0,0,62,2,64,0,9,85,2,96,114,6,120,216
08/08/2014,UGN,IL,AGL,CE,Federal Contract Tower,0,12,21,0,33,0,0,62,4,66,0,12,83,4,99,52,2,54,153
08/09/2014,UGN,IL,AGL,CE,Federal Contract Tower,0,7,13,1,21,0,0,64,15,79,0,7,77,16,100,100,36,136,236
08/10/2014,UGN,IL,AGL,CE,Federal Contract Tower,0,16,22,3,41,0,0,58,11,69,0,16,80,14,110,90,0,90,200
08/11/2014,UGN,IL,AGL,CE,Federal Contract Tower,0,6,26,0,32,0,0,11,1,12,0,6,37,1,44,72,0,72,116
08/12/2014,UGN,IL,AGL,CE,Federal Contract Tower,0,15,16,0,31,0,0,16,2,18,0,15,32,2,49,76,0,76,125
08/13/2014,UGN,IL,AGL,CE,Federal Contract Tower,0,11,20,0,31,0,0,49,4,53,0,11,69,4,84,44,0,44,128
08/14/2014,UGN,IL,AGL,CE,Federal Contract Tower,0,14,27,0,41,0,0,61,0,61,0,14,88,0,102,38,0,38,140
08/15/2014,UGN,IL,AGL,CE,Federal Contract Tower,0,12,26,0,38,0,0,47,0,47,0,12,73,0,85,56,0,56,141
08/16/2014,UGN,IL,AGL,CE,Federal Contract Tower,0,5,10,0,15,0,0,57,6,63,0,5,67,6,78,100,0,100,178
08/17/2014,UGN,IL,AGL,CE,Federal Contract Tower,0,11,26,1,38,0,0,15,0,15,0,11,41,1,53,0,6,6,59
08/18/2014,UGN,IL,AGL,CE,Federal Contract Tower,0,8,18,2,28,0,0,30,2,32,0,8,48,4,60,38,0,38,98
08/19/2014,UGN,IL,AGL,CE,Federal Contract Tower,0,14,27,1,42,0,0,26,1,27,0,14,53,2,69,48,0,48,117
08/20/2014,UGN,IL,AGL,CE,Federal Contract Tower,0,15,22,3,40,0,0,54,2,56,0,15,76,5,96,66,0,66,162
08/21/2014,UGN,IL,AGL,CE,Federal Contract Tower,0,10,26,0,36,0,0,1,0,1,0,10,27,0,37,0,0,0,37
08/22/2014,UGN,IL,AGL,CE,Federal Contract Tower,0,9,29,2,40,0,0,6,2,8,0,9,35,4,48,72,0,72,120
08/23/2014,UGN,IL,AGL,CE,Federal Contract Tower,0,8,16,0,24,0,0,11,0,11,0,8,27,0,35,26,0,26,61
08/24/2014,UGN,IL,AGL,CE,Federal Contract Tower,0,1,16,2,19,0,0,56,2,58,0,1,72,4,77,50,0,50,127
08/25/2014,UGN,IL,AGL,CE,Federal Contract Tower,0,6,21,0,27,0,0,15,1,16,0,6,36,1,43,36,0,36,79
08/26/2014,UGN,IL,AGL,CE,Federal Contract Tower,0,9,16,0,25,0,0,34,2,36,0,9,50,2,61,86,8,94,155
08/27/2014,UGN,IL,AGL,CE,Federal Contract Tower,0,8,23,0,31,0,0,51,5,56,0,8,74,5,87,74,0,74,161
08/28/2014,UGN,IL,AGL,CE,Federal Contract Tower,0,9,26,0,35,0,0,47,8,55,0,9,73,8,90,102,0,102,192
08/29/2014,UGN,IL,AGL,CE,Federal Contract Tower,0,16,30,1,47,0,0,34,4,38,0,16,64,5,85,54,0,54,139
08/30/2014,UGN,IL,AGL,CE,Federal Contract Tower,0,5,15,0,20,0,0,21,4,25,0,5,36,4,45,22,0,22,67
08/31/2014,UGN,IL,AGL,CE,Federal Contract Tower,0,6,11,0,17,0,0,61,2,63,0,6,72,2,80,42,0,42,122
09/01/2014,UGN,IL,AGL,CE,Federal Contract Tower,0,12,29,0,41,0,1,7,2,10,0,13,36,2,51,0,0,0,51
09/02/2014,UGN,IL,AGL,CE,Federal Contract Tower,0,23,26,0,49,0,0,48,1,49,0,23,74,1,98,72,0,72,170
09/03/2014,UGN,IL,AGL,CE,Federal Contract Tower,0,11,25,0,36,0,0,46,6,52,0,11,71,6,88,140,0,140,228
09/04/2014,UGN,IL,AGL,CE,Federal Contract Tower,0,13,29,0,42,0,0,26,0,26,0,13,55,0,68,42,0,42,110
09/05/2014,UGN,IL,AGL,CE,Federal Contract Tower,0,11,23,3,37,0,0,44,0,44,0,11,67,3,81,94,0,94,175
09/06/2014,UGN,IL,AGL,CE,Federal Contract Tower,0,3,20,0,23,0,0,115,0,115,0,3,135,0,138,30,0,30,168
09/07/2014,UGN,IL,AGL,CE,Federal Contract Tower,0,12,26,1,39,0,0,101,0,101,0,12,127,1,140,50,0,50,190
09/08/2014,UGN,IL,AGL,CE,Federal Contract Tower,0,12,29,0,41,0,0,54,2,56,0,12,83,2,97,60,4,64,161
09/09/2014,UGN,IL,AGL,CE,Federal Contract Tower,0,6,21,0,27,0,0,47,0,47,0,6,68,0,74,130,0,130,204
09/10/2014,UGN,IL,AGL,CE,Federal Contract Tower,0,6,23,0,29,0,0,0,0,0,0,6,23,0,29,0,0,0,29
09/11/2014,UGN,IL,AGL,CE,Federal Contract Tower,0,4,30,0,34,0,0,23,0,23,0,4,53,0,57,62,0,62,119
09/12/2014,UGN,IL,AGL,CE,Federal Contract Tower,0,8,22,0,30,0,0,42,0,42,0,8,64,0,72,66,0,66,138
09/13/2014,UGN,IL,AGL,CE,Federal Contract Tower,0,9,12,0,21,0,0,69,0,69,0,9,81,0,90,120,0,120,210
09/14/2014,UGN,IL,AGL,CE,Federal Contract Tower,0,20,26,0,46,0,0,76,0,76,0,20,102,0,122,34,0,34,156
09/15/2014,UGN,IL,AGL,CE,Federal Contract Tower,0,8,32,2,42,0,0,10,0,10,0,8,42,2,52,64,0,64,116
09/16/2014,UGN,IL,AGL,CE,Federal Contract Tower,0,14,36,0,50,0,0,83,0,83,0,14,119,0,133,138,0,138,271
09/17/2014,UGN,IL,AGL,CE,Federal Contract Tower,0,13,30,2,45,0,0,79,0,79,0,13,109,2,124,42,0,42,166
09/18/2014,UGN,IL,AGL,CE,Federal Contract Tower,0,17,31,0,48,0,0,57,2,59,0,17,88,2,107,106,0,106,213
09/19/2014,UGN,IL,AGL,CE,Federal Contract Tower,0,13,32,0,45,0,0,56,0,56,0,13,88,0,101,44,0,44,145
09/20/2014,UGN,IL,AGL,CE,Federal Contract Tower,0,5,14,0,19,0,0,32,0,32,0,5,46,0,51,42,0,42,93
09/21/2014,UGN,IL,AGL,CE,Federal Contract Tower,0,10,30,2,42,0,0,29,0,29,0,10,59,2,71,94,16,110,181
09/22/2014,UGN,IL,AGL,CE,Federal Contract Tower,0,7,23,0,30,0,0,36,0,36,0,7,59,0,66,54,0,54,120
09/23/2014,UGN,IL,AGL,CE,Federal Contract Tower,0,14,27,1,42,0,0,55,0,55,0,14,82,1,97,116,0,116,213
09/24/2014,UGN,IL,AGL,CE,Federal Contract Tower,0,16,26,0,42,0,0,78,0,78,0,16,104,0,120,56,0,56,176
09/25/2014,UGN,IL,AGL,CE,Federal Contract Tower,0,12,27,0,39,0,0,61,0,61,0,12,88,0,100,128,0,128,228
09/26/2014,UGN,IL,AGL,CE,Federal Contract Tower,0,7,21,0,28,0,1,68,0,69,0,8,89,0,97,44,0,44,141
09/27/2014,UGN,IL,AGL,CE,Federal Contract Tower,0,15,17,0,32,0,0,80,0,80,0,15,97,0,112,96,0,96,208
09/28/2014,UGN,IL,AGL,CE,Federal Contract Tower,0,21,32,0,53,0,0,60,0,60,0,21,92,0,113,54,0,54,167
09/29/2014,UGN,IL,AGL,CE,Federal Contract Tower,0,5,15,0,20,0,0,12,0,12,0,5,27,0,32,16,0,16,48
09/30/2014,UGN,IL,AGL,CE,Federal Contract Tower,0,11,39,0,50,0,0,15,0,15,0,11,54,0,65,64,0,64,129
10/01/2014,UGN,IL,AGL,CE,Federal Contract Tower,0,7,28,1,36,0,0,37,0,37,0,7,65,1,73,4,0,4,77
10/02/2014,UGN,IL,AGL,CE,Federal Contract Tower,0,14,37,0,51,0,0,6,1,7,0,14,43,1,58,0,0,0,58
10/03/2014,UGN,IL,AGL,CE,Federal Contract Tower,0,10,18,2,30,0,0,21,0,21,0,10,39,2,51,6,0,6,57
10/04/2014,UGN,IL,AGL,CE,Federal Contract Tower,0,5,11,0,16,0,0,19,0,19,0,5,30,0,35,22,0,22,57
10/05/2014,UGN,IL,AGL,CE,Federal Contract Tower,0,15,26,1,42,0,0,57,0,57,0,15,83,1,99,72,0,72,171
10/06/2014,UGN,IL,AGL,CE,Federal Contract Tower,0,7,17,2,26,0,0,15,0,15,0,7,32,2,41,24,0,24,65
10/07/2014,UGN,IL,AGL,CE,Federal Contract Tower,0,10,25,0,35,0,0,62,2,64,0,10,87,2,99,64,0,64,163
10/08/2014,UGN,IL,AGL,CE,Federal Contract Tower,0,12,23,0,35,0,0,43,0,43,0,12,66,0,78,26,0,26,104
10/09/2014,UGN,IL,AGL,CE,Federal Contract Tower,0,10,23,0,33,0,0,65,0,65,0,10,88,0,98,72,0,72,170
10/10/2014,UGN,IL,AGL,CE,Federal Contract Tower,0,11,30,0,41,0,0,39,0,39,0,11,69,0,80,4,0,4,84
10/11/2014,UGN,IL,AGL,CE,Federal Contract Tower,0,11,20,0,31,0,0,75,0,75,0,11,95,0,106,170,0,170,276
10/12/2014,UGN,IL,AGL,CE,Federal Contract Tower,0,13,13,0,26,0,0,70,0,70,0,13,83,0,96,62,0,62,158
10/13/2014,UGN,IL,AGL,CE,Federal Contract Tower,0,2,26,0,28,0,0,0,0,0,0,2,26,0,28,0,0,0,28
10/14/2014,UGN,IL,AGL,CE,Federal Contract Tower,0,6,23,0,29,0,0,0,0,0,0,6,23,0,29,0,0,0,29
10/15/2014,UGN,IL,AGL,CE,Federal Contract Tower,0,15,22,0,37,0,0,0,0,0,0,15,22,0,37,0,0,0,37
10/16/2014,UGN,IL,AGL,CE,Federal Contract Tower,0,14,25,0,39,0,0,1,0,1,0,14,26,0,40,20,0,20,60
10/17/2014,UGN,IL,AGL,CE,Federal Contract Tower,0,9,30,0,39,0,0,40,2,42,0,9,70,2,81,58,0,58,139
10/18/2014,UGN,IL,AGL,CE,Federal Contract Tower,0,6,14,0,20,0,0,30,0,30,0,6,44,0,50,60,0,60,110
10/19/2014,UGN,IL,AGL,CE,Federal Contract Tower,0,7,19,0,26,0,0,51,0,51,0,7,70,0,77,56,0,56,133
10/20/2014,UGN,IL,AGL,CE,Federal Contract Tower,0,10,27,4,41,0,0,20,0,20,0,10,47,4,61,40,0,40,101
10/21/2014,UGN,IL,AGL,CE,Federal Contract Tower,0,13,21,0,34,0,0,27,0,27,0,13,48,0,61,64,0,64,125
10/22/2014,UGN,IL,AGL,CE,Federal Contract Tower,0,10,31,0,41,0,0,40,0,40,0,10,71,0,81,46,0,46,127
10/23/2014,UGN,IL,AGL,CE,Federal Contract Tower,0,11,30,0,41,0,0,37,0,37,0,11,67,0,78,110,0,110,188
10/24/2014,UGN,IL,AGL,CE,Federal Contract Tower,0,9,18,0,27,0,0,15,0,15,0,9,33,0,42,38,0,38,80
10/25/2014,UGN,IL,AGL,CE,Federal Contract Tower,0,5,18,0,23,0,0,57,0,57,0,5,75,0,80,86,0,86,166
10/26/2014,UGN,IL,AGL,CE,Federal Contract Tower,0,13,24,0,37,0,0,78,2,80,0,13,102,2,117,112,8,120,237
10/27/2014,UGN,IL,AGL,CE,Federal Contract Tower,0,9,24,2,35,0,0,26,0,26,0,9,50,2,61,76,0,76,137
10/28/2014,UGN,IL,AGL,CE,Federal Contract Tower,0,15,12,0,27,0,0,11,0,11,0,15,23,0,38,8,0,8,46
10/29/2014,UGN,IL,AGL,CE,Federal Contract Tower,0,11,21,0,32,0,0,38,0,38,0,11,59,0,70,52,0,52,122
10/30/2014,UGN,IL,AGL,CE,Federal Contract Tower,0,16,22,0,38,0,0,43,0,43,0,16,65,0,81,64,0,64,145
10/31/2014,UGN,IL,AGL,CE,Federal Contract Tower,0,4,16,0,20,0,0,1,0,1,0,4,17,0,21,0,0,0,21
11/01/2014,UGN,IL,AGL,CE,Federal Contract Tower,0,6,16,0,22,0,0,65,0,65,0,6,81,0,87,78,0,78,165
11/02/2014,UGN,IL,AGL,CE,Federal Contract Tower,0,11,15,0,26,0,0,81,0,81,0,11,96,0,107,82,0,82,189
11/03/2014,UGN,IL,AGL,CE,Federal Contract Tower,0,12,27,0,39,0,0,17,0,17,0,12,44,0,56,96,0,96,152
11/04/2014,UGN,IL,AGL,CE,Federal Contract Tower,0,4,20,2,26,0,0,10,0,10,0,4,30,2,36,24,0,24,60
11/05/2014,UGN,IL,AGL,CE,Federal Contract Tower,0,16,16,0,32,0,0,37,0,37,0,16,53,0,69,64,0,64,133
11/06/2014,UGN,IL,AGL,CE,Federal Contract Tower,0,12,20,0,32,0,0,11,0,11,0,12,31,0,43,0,0,0,43
11/07/2014,UGN,IL,AGL,CE,Federal Contract Tower,0,5,12,0,17,0,0,35,0,35,0,5,47,0,52,68,0,68,120
11/08/2014,UGN,IL,AGL,CE,Federal Contract Tower,0,5,16,0,21,0,0,17,0,17,0,5,33,0,38,30,0,30,68
11/10/2014,UGN,IL,AGL,CE,Federal Contract Tower,0,6,24,0,30,0,0,16,0,16,0,6,40,0,46,38,0,38,84
11/11/2014,UGN,IL,AGL,CE,Federal Contract Tower,0,8,18,0,26,0,0,0,0,0,0,8,18,0,26,0,0,0,26
11/12/2014,UGN,IL,AGL,CE,Federal Contract Tower,0,13,16,0,29,0,0,42,0,42,0,13,58,0,71,38,0,38,109
11/13/2014,UGN,IL,AGL,CE,Federal Contract Tower,0,15,21,0,36,0,0,18,0,18,0,15,39,0,54,24,0,24,78
11/14/2014,UGN,IL,AGL,CE,Federal Contract Tower,0,5,21,1,27,0,0,51,0,51,0,5,72,1,78,34,0,34,112
11/15/2014,UGN,IL,AGL,CE,Federal Contract Tower,0,8,14,0,22,0,0,62,0,62,0,8,76,0,84,88,0,88,172
11/16/2014,UGN,IL,AGL,CE,Federal Contract Tower,0,4,17,0,21,0,0,11,0,11,0,4,28,0,32,42,0,42,74
11/17/2014,UGN,IL,AGL,CE,Federal Contract Tower,0,10,27,1,38,0,0,2,0,2,0,10,29,1,40,0,0,0,40
11/18/2014,UGN,IL,AGL,CE,Federal Contract Tower,0,16,25,0,41,0,0,7,0,7,0,16,32,0,48,16,0,16,64
11/19/2014,UGN,IL,AGL,CE,Federal Contract Tower,0,13,22,0,35,0,0,5,0,5,0,13,27,0,40,6,0,6,46
11/20/2014,UGN,IL,AGL,CE,Federal Contract Tower,0,12,26,0,38,0,0,24,0,24,0,12,50,0,62,18,0,18,80
11/21/2014,UGN,IL,AGL,CE,Federal Contract Tower,0,14,35,1,50,0,0,58,0,58,0,14,93,1,108,56,0,56,164
11/22/2014,UGN,IL,AGL,CE,Federal Contract Tower,0,9,10,0,19,0,0,0,0,0,0,9,10,0,19,0,0,0,19
11/23/2014,UGN,IL,AGL,CE,Federal Contract Tower,0,6,6,3,15,0,0,2,0,2,0,6,8,3,17,4,0,4,21
11/24/2014,UGN,IL,AGL,CE,Federal Contract Tower,0,26,12,0,38,0,0,0,0,0,0,26,12,0,38,0,0,0,38
11/25/2014,UGN,IL,AGL,CE,Federal Contract Tower,0,32,34,0,66,0,0,12,0,12,0,32,46,0,78,36,0,36,114
11/26/2014,UGN,IL,AGL,CE,Federal Contract Tower,0,12,23,2,37,0,0,15,0,15,0,12,38,2,52,36,0,36,88
11/27/2014,UGN,IL,AGL,CE,Federal Contract Tower,0,4,1,0,5,0,0,4,0,4,0,4,5,0,9,8,0,8,17
11/28/2014,UGN,IL,AGL,CE,Federal Contract Tower,0,6,7,0,13,0,0,32,0,32,0,6,39,0,45,36,0,36,81
11/29/2014,UGN,IL,AGL,CE,Federal Contract Tower,0,8,19,0,27,0,0,59,0,59,0,8,78,0,86,124,0,124,210
11/30/2014,UGN,IL,AGL,CE,Federal Contract Tower,0,25,27,0,52,0,0,2,0,2,0,25,29,0,54,0,0,0,54
12/01/2014,UGN,IL,AGL,CE,Federal Contract Tower,0,17,15,0,32,0,0,29,0,29,0,17,44,0,61,10,0,10,71
12/02/2014,UGN,IL,AGL,CE,Federal Contract Tower,0,12,26,0,38,0,0,32,1,33,0,12,58,1,71,84,0,84,155
12/03/2014,UGN,IL,AGL,CE,Federal Contract Tower,0,11,16,0,27,0,0,44,0,44,0,11,60,0,71,16,0,16,87
12/04/2014,UGN,IL,AGL,CE,Federal Contract Tower,0,10,30,0,40,0,0,43,2,45,0,10,73,2,85,64,0,64,149
12/05/2014,UGN,IL,AGL,CE,Federal Contract Tower,0,10,15,0,25,0,0,5,0,5,0,10,20,0,30,40,0,40,70
12/06/2014,UGN,IL,AGL,CE,Federal Contract Tower,0,0,13,0,13,0,0,40,0,40,0,0,53,0,53,60,0,60,113
12/07/2014,UGN,IL,AGL,CE,Federal Contract Tower,0,5,16,0,21,0,0,84,0,84,0,5,100,0,105,106,0,106,211
12/08/2014,UGN,IL,AGL,CE,Federal Contract Tower,0,9,18,0,27,0,0,0,0,0,0,9,18,0,27,0,0,0,27
12/09/2014,UGN,IL,AGL,CE,Federal Contract Tower,0,6,21,1,28,0,0,8,1,9,0,6,29,2,37,2,0,2,39
12/10/2014,UGN,IL,AGL,CE,Federal Contract Tower,0,9,19,1,29,0,0,20,1,21,0,9,39,2,50,94,4,98,148
12/11/2014,UGN,IL,AGL,CE,Federal Contract Tower,0,11,27,0,38,0,0,39,0,39,0,11,66,0,77,34,2,36,113
12/12/2014,UGN,IL,AGL,CE,Federal Contract Tower,0,5,41,0,46,0,0,0,0,0,0,5,41,0,46,0,0,0,46
12/13/2014,UGN,IL,AGL,CE,Federal Contract Tower,0,2,17,2,21,0,0,0,0,0,0,2,17,2,21,0,0,0,21
12/14/2014,UGN,IL,AGL,CE,Federal Contract Tower,0,3,10,1,14,0,0,0,0,0,0,3,10,1,14,8,0,8,22
12/15/2014,UGN,IL,AGL,CE,Federal Contract Tower,0,9,24,0,33,0,0,0,0,0,0,9,24,0,33,0,0,0,33
12/16/2014,UGN,IL,AGL,CE,Federal Contract Tower,0,8,28,0,36,0,0,3,0,3,0,8,31,0,39,0,0,0,39
12/17/2014,UGN,IL,AGL,CE,Federal Contract Tower,0,8,23,0,31,0,0,24,0,24,0,8,47,0,55,60,0,60,115
12/18/2014,UGN,IL,AGL,CE,Federal Contract Tower,0,10,21,0,31,0,0,31,0,31,0,10,52,0,62,126,0,126,188
12/19/2014,UGN,IL,AGL,CE,Federal Contract Tower,0,8,34,0,42,0,0,40,0,40,0,8,74,0,82,108,0,108,190
12/20/2014,UGN,IL,AGL,CE,Federal Contract Tower,0,2,20,0,22,0,0,39,0,39,0,2,59,0,61,78,0,78,139
12/21/2014,UGN,IL,AGL,CE,Federal Contract Tower,0,11,7,0,18,0,0,8,0,8,0,11,15,0,26,54,0,54,80
12/22/2014,UGN,IL,AGL,CE,Federal Contract Tower,0,7,9,0,16,0,0,1,0,1,0,7,10,0,17,24,0,24,41
12/23/2014,UGN,IL,AGL,CE,Federal Contract Tower,0,13,5,0,18,0,0,23,0,23,0,13,28,0,41,58,0,58,99
12/24/2014,UGN,IL,AGL,CE,Federal Contract Tower,0,12,2,0,14,0,0,0,0,0,0,12,2,0,14,0,0,0,14
12/25/2014,UGN,IL,AGL,CE,Federal Contract Tower,0,10,7,0,17,0,0,1,0,1,0,10,8,0,18,0,0,0,18
12/26/2014,UGN,IL,AGL,CE,Federal Contract Tower,0,29,25,0,54,0,0,52,1,53,0,29,77,1,107,44,0,44,151
12/27/2014,UGN,IL,AGL,CE,Federal Contract Tower,0,11,13,0,24,0,0,0,0,0,0,11,13,0,24,0,0,0,24
12/28/2014,UGN,IL,AGL,CE,Federal Contract Tower,0,5,5,0,10,0,0,73,0,73,0,5,78,0,83,78,0,78,161
12/29/2014,UGN,IL,AGL,CE,Federal Contract Tower,0,10,10,0,20,0,0,34,2,36,0,10,44,2,56,32,6,38,94
12/30/2014,UGN,IL,AGL,CE,Federal Contract Tower,0,9,20,0,29,0,0,37,0,37,0,9,57,0,66,51,0,51,117
12/31/2014,UGN,IL,AGL,CE,Federal Contract Tower,0,7,3,0,10,0,0,21,0,21,0,7,24,0,31,20,0,20,51
01/01/2015,UGN,IL,AGL,CE,Federal Contract Tower,0,4,9,0,13,0,0,13,0,13,0,4,22,0,26,4,0,4,30
01/02/2015,UGN,IL,AGL,CE,Federal Contract Tower,0,6,9,0,15,0,0,62,0,62,0,6,71,0,77,64,0,64,141
01/03/2015,UGN,IL,AGL,CE,Federal Contract Tower,0,14,9,0,23,0,0,0,0,0,0,14,9,0,23,0,0,0,23
01/04/2015,UGN,IL,AGL,CE,Federal Contract Tower,0,14,20,0,34,0,0,5,0,5,0,14,25,0,39,0,0,0,39
01/05/2015,UGN,IL,AGL,CE,Federal Contract Tower,0,25,17,0,42,0,0,36,0,36,0,25,53,0,78,0,0,0,78
01/06/2015,UGN,IL,AGL,CE,Federal Contract Tower,0,11,14,0,25,0,0,12,0,12,0,11,26,0,37,4,0,4,41
01/07/2015,UGN,IL,AGL,CE,Federal Contract Tower,0,11,21,0,32,0,0,6,0,6,0,11,27,0,38,2,0,2,40
01/08/2015,UGN,IL,AGL,CE,Federal Contract Tower,0,12,22,0,34,0,0,3,0,3,0,12,25,0,37,10,0,10,47
01/09/2015,UGN,IL,AGL,CE,Federal Contract Tower,0,14,16,0,30,0,0,23,0,23,0,14,39,0,53,18,0,18,71
01/10/2015,UGN,IL,AGL,CE,Federal Contract Tower,0,9,5,0,14,0,0,26,4,30,0,9,31,4,44,70,0,70,114
01/11/2015,UGN,IL,AGL,CE,Federal Contract Tower,0,7,9,0,16,0,0,58,0,58,0,7,67,0,74,92,0,92,166
01/12/2015,UGN,IL,AGL,CE,Federal Contract Tower,0,9,14,0,23,0,0,11,0,11,0,9,25,0,34,4,0,4,38
01/13/2015,UGN,IL,AGL,CE,Federal Contract Tower,0,7,25,0,32,0,0,8,0,8,0,7,33,0,40,42,0,42,82
01/14/2015,UGN,IL,AGL,CE,Federal Contract Tower,0,3,29,0,32,0,0,24,0,24,0,3,53,0,56,24,0,24,80
01/15/2015,UGN,IL,AGL,CE,Federal Contract Tower,0,16,18,0,34,0,0,38,0,38,0,16,56,0,72,86,0,86,158
01/16/2015,UGN,IL,AGL,CE,Federal Contract Tower,0,9,15,0,24,0,0,53,0,53,0,9,68,0,77,82,0,82,159
01/17/2015,UGN,IL,AGL,CE,Federal Contract Tower,0,4,1,0,5,0,0,31,0,31,0,4,32,0,36,42,0,42,78
01/18/2015,UGN,IL,AGL,CE,Federal Contract Tower,0,7,9,0,16,0,0,57,0,57,0,7,66,0,73,20,0,20,93
01/19/2015,UGN,IL,AGL,CE,Federal Contract Tower,0,12,27,0,39,0,0,34,0,34,0,12,61,0,73,38,0,38,111
01/20/2015,UGN,IL,AGL,CE,Federal Contract Tower,0,6,19,0,25,0,0,0,0,0,0,6,19,0,25,0,0,0,25
01/21/2015,UGN,IL,AGL,CE,Federal Contract Tower,0,12,21,0,33,0,0,2,2,4,0,12,23,2,37,0,6,6,43
01/22/2015,UGN,IL,AGL,CE,Federal Contract Tower,0,13,14,0,27,0,0,30,0,30,0,13,44,0,57,58,0,58,115
01/23/2015,UGN,IL,AGL,CE,Federal Contract Tower,0,4,25,0,29,0,0,9,0,9,0,4,34,0,38,70,0,70,108
01/24/2015,UGN,IL,AGL,CE,Federal Contract Tower,0,5,10,0,15,0,0,61,0,61,0,5,71,0,76,84,0,84,160
01/25/2015,UGN,IL,AGL,CE,Federal Contract Tower,0,10,11,0,21,0,0,0,0,0,0,10,11,0,21,0,0,0,21
01/26/2015,UGN,IL,AGL,CE,Federal Contract Tower,0,12,11,0,23,0,0,11,0,11,0,12,22,0,34,12,0,12,46
01/27/2015,UGN,IL,AGL,CE,Federal Contract Tower,0,12,13,0,25,0,0,18,0,18,0,12,31,0,43,16,0,16,59
01/28/2015,UGN,IL,AGL,CE,Federal Contract Tower,0,8,15,0,23,0,0,44,0,44,0,8,59,0,67,54,0,54,121
01/29/2015,UGN,IL,AGL,CE,Federal Contract Tower,0,6,7,0,13,0,0,12,0,12,0,6,19,0,25,46,0,46,71
01/30/2015,UGN,IL,AGL,CE,Federal Contract Tower,0,9,15,0,24,0,0,60,0,60,0,9,75,0,84,52,0,52,136
01/31/2015,UGN,IL,AGL,CE,Federal Contract Tower,0,5,17,0,22,0,0,61,0,61,0,5,78,0,83,64,0,64,147
02/01/2015,UGN,IL,AGL,CE,Federal Contract Tower,0,0,0,0,0,0,0,0,0,0,0,0,0,0,0,0,0,0,0
02/02/2015,UGN,IL,AGL,CE,Federal Contract Tower,0,9,32,0,41,0,0,2,0,2,0,9,34,0,43,0,0,0,43
02/03/2015,UGN,IL,AGL,CE,Federal Contract Tower,0,10,16,0,26,0,0,4,0,4,0,10,20,0,30,16,0,16,46
02/04/2015,UGN,IL,AGL,CE,Federal Contract Tower,0,4,11,0,15,0,0,9,0,9,0,4,20,0,24,14,0,14,38
02/05/2015,UGN,IL,AGL,CE,Federal Contract Tower,0,4,23,0,27,0,0,38,0,38,0,4,61,0,65,4,0,4,69
02/06/2015,UGN,IL,AGL,CE,Federal Contract Tower,0,6,11,0,17,0,0,36,0,36,0,6,47,0,53,102,0,102,155
02/07/2015,UGN,IL,AGL,CE,Federal Contract Tower,0,3,13,0,16,0,0,39,0,39,0,3,52,0,55,52,0,52,107
02/08/2015,UGN,IL,AGL,CE,Federal Contract Tower,0,4,18,0,22,0,0,0,0,0,0,4,18,0,22,0,0,0,22
02/09/2015,UGN,IL,AGL,CE,Federal Contract Tower,0,5,23,0,28,0,0,4,0,4,0,5,27,0,32,14,0,14,46
02/10/2015,UGN,IL,AGL,CE,Federal Contract Tower,0,2,26,0,28,0,0,28,0,28,0,2,54,0,56,20,0,20,76
02/11/2015,UGN,IL,AGL,CE,Federal Contract Tower,0,9,21,0,30,0,0,3,0,3,0,9,24,0,33,16,0,16,49
02/12/2015,UGN,IL,AGL,CE,Federal Contract Tower,0,13,24,0,37,0,0,8,0,8,0,13,32,0,45,0,0,0,45
02/13/2015,UGN,IL,AGL,CE,Federal Contract Tower,0,21,15,0,36,0,0,11,0,11,0,21,26,0,47,20,0,20,67
02/14/2015,UGN,IL,AGL,CE,Federal Contract Tower,0,3,8,0,11,0,0,2,0,2,0,3,10,0,13,0,0,0,13
02/15/2015,UGN,IL,AGL,CE,Federal Contract Tower,0,7,17,0,24,0,0,2,0,2,0,7,19,0,26,12,0,12,38
02/16/2015,UGN,IL,AGL,CE,Federal Contract Tower,0,11,18,0,29,0,0,25,0,25,0,11,43,0,54,42,0,42,96
02/17/2015,UGN,IL,AGL,CE,Federal Contract Tower,0,9,19,0,28,0,0,20,0,20,0,9,39,0,48,40,0,40,88
02/18/2015,UGN,IL,AGL,CE,Federal Contract Tower,0,5,30,0,35,0,0,7,1,8,0,5,37,1,43,6,0,6,49
02/19/2015,UGN,IL,AGL,CE,Federal Contract Tower,0,3,33,0,36,0,0,12,0,12,0,3,45,0,48,2,0,2,50
02/20/2015,UGN,IL,AGL,CE,Federal Contract Tower,0,5,28,0,33,0,0,2,0,2,0,5,30,0,35,6,0,6,41
02/21/2015,UGN,IL,AGL,CE,Federal Contract Tower,0,2,5,0,7,0,0,35,0,35,0,2,40,0,42,40,0,40,82
02/22/2015,UGN,IL,AGL,CE,Federal Contract Tower,0,6,23,0,29,0,0,50,0,50,0,6,73,0,79,34,0,34,113
02/23/2015,UGN,IL,AGL,CE,Federal Contract Tower,0,5,16,0,21,0,0,18,0,18,0,5,34,0,39,0,0,0,39
02/24/2015,UGN,IL,AGL,CE,Federal Contract Tower,0,5,22,0,27,0,0,6,0,6,0,5,28,0,33,12,0,12,45
02/25/2015,UGN,IL,AGL,CE,Federal Contract Tower,0,11,23,0,34,0,0,19,0,19,0,11,42,0,53,80,0,80,133
02/26/2015,UGN,IL,AGL,CE,Federal Contract Tower,0,11,25,0,36,0,0,6,0,6,0,11,31,0,42,0,0,0,42
02/27/2015,UGN,IL,AGL,CE,Federal Contract Tower,0,6,22,0,28,0,0,44,0,44,0,6,66,0,72,26,0,26,98
02/28/2015,UGN,IL,AGL,CE,Federal Contract Tower,0,3,11,0,14,0,0,55,0,55,0,3,66,0,69,42,0,42,111
03/01/2015,UGN,IL,AGL,CE,Federal Contract Tower,0,11,11,0,22,0,0,6,0,6,0,11,17,0,28,18,0,18,46
03/02/2015,UGN,IL,AGL,CE,Federal Contract Tower,0,5,30,0,35,0,0,18,4,22,0,5,48,4,57,38,0,38,95
03/03/2015,UGN,IL,AGL,CE,Federal Contract Tower,0,3,16,0,19,0,0,0,0,0,0,3,16,0,19,0,0,0,19
03/04/2015,UGN,IL,AGL,CE,Federal Contract Tower,0,4,12,0,16,0,0,22,0,22,0,4,34,0,38,20,0,20,58
03/05/2015,UGN,IL,AGL,CE,Federal Contract Tower,0,8,28,2,38,0,0,24,0,24,0,8,52,2,62,54,0,54,116
03/06/2015,UGN,IL,AGL,CE,Federal Contract Tower,0,5,15,0,20,0,0,30,0,30,0,5,45,0,50,44,0,44,94
03/07/2015,UGN,IL,AGL,CE,Federal Contract Tower,0,8,9,0,17,0,0,44,0,44,0,8,53,0,61,52,0,52,113
03/08/2015,UGN,IL,AGL,CE,Federal Contract Tower,0,11,9,0,20,0,0,68,0,68,0,11,77,0,88,96,0,96,184
03/09/2015,UGN,IL,AGL,CE,Federal Contract Tower,0,3,24,0,27,0,0,35,0,35,0,3,59,0,62,56,0,56,118
03/10/2015,UGN,IL,AGL,CE,Federal Contract Tower,0,5,15,0,20,0,0,14,0,14,0,5,29,0,34,6,0,6,40
03/11/2015,UGN,IL,AGL,CE,Federal Contract Tower,0,10,23,0,33,0,0,40,0,40,0,10,63,0,73,66,0,66,139
03/12/2015,UGN,IL,AGL,CE,Federal Contract Tower,0,9,13,0,22,0,0,29,2,31,0,9,42,2,53,30,6,36,89
03/13/2015,UGN,IL,AGL,CE,Federal Contract Tower,0,12,19,0,31,0,0,44,0,44,0,12,63,0,75,36,0,36,111
03/14/2015,UGN,IL,AGL,CE,Federal Contract Tower,0,4,15,0,19,0,0,55,0,55,0,4,70,0,74,64,0,64,138
03/15/2015,UGN,IL,AGL,CE,Federal Contract Tower,0,11,15,0,26,0,0,65,0,65,0,11,80,0,91,60,0,60,151
03/16/2015,UGN,IL,AGL,CE,Federal Contract Tower,0,9,17,0,26,0,0,18,0,18,0,9,35,0,44,36,0,36,80
03/17/2015,UGN,IL,AGL,CE,Federal Contract Tower,0,5,18,0,23,0,0,16,0,16,0,5,34,0,39,22,0,22,61
03/18/2015,UGN,IL,AGL,CE,Federal Contract Tower,0,3,20,0,23,0,0,50,0,50,0,3,70,0,73,60,0,60,133
03/19/2015,UGN,IL,AGL,CE,Federal Contract Tower,0,11,24,0,35,0,0,22,0,22,0,11,46,0,57,44,0,44,101
03/20/2015,UGN,IL,AGL,CE,Federal Contract Tower,0,6,17,1,24,0,0,28,0,28,0,6,45,1,52,34,0,34,86
03/21/2015,UGN,IL,AGL,CE,Federal Contract Tower,0,4,17,0,21,0,0,43,0,43,0,4,60,0,64,104,0,104,168
03/22/2015,UGN,IL,AGL,CE,Federal Contract Tower,0,6,16,1,23,0,0,40,0,40,0,6,56,1,63,78,0,78,141
03/23/2015,UGN,IL,AGL,CE,Federal Contract Tower,0,4,9,0,13,0,0,1,0,1,0,4,10,0,14,0,0,0,14
03/24/2015,UGN,IL,AGL,CE,Federal Contract Tower,0,12,16,0,28,0,0,26,0,26,0,12,42,0,54,36,0,36,90
03/25/2015,UGN,IL,AGL,CE,Federal Contract Tower,0,6,15,0,21,0,0,5,0,5,0,6,20,0,26,18,0,18,44
03/26/2015,UGN,IL,AGL,CE,Federal Contract Tower,0,10,25,0,35,0,0,26,0,26,0,10,51,0,61,42,0,42,103
03/27/2015,UGN,IL,AGL,CE,Federal Contract Tower,0,11,20,0,31,0,0,24,0,24,0,11,44,0,55,12,0,12,67
03/28/2015,UGN,IL,AGL,CE,Federal Contract Tower,0,8,18,0,26,0,0,60,0,60,0,8,78,0,86,52,0,52,138
03/29/2015,UGN,IL,AGL,CE,Federal Contract Tower,0,10,8,0,18,0,0,1,0,1,0,10,9,0,19,0,0,0,19
03/30/2015,UGN,IL,AGL,CE,Federal Contract Tower,0,10,12,0,22,0,0,27,2,29,0,10,39,2,51,24,0,24,75
03/31/2015,UGN,IL,AGL,CE,Federal Contract Tower,0,8,23,0,31,0,0,22,2,24,0,8,45,2,55,26,0,26,81
04/01/2015,UGN,IL,AGL,CE,Federal Contract Tower,0,6,13,0,19,0,0,32,0,32,0,6,45,0,51,8,0,8,59
04/02/2015,UGN,IL,AGL,CE,Federal Contract Tower,0,7,19,0,26,0,0,12,0,12,0,7,31,0,38,42,0,42,80
04/03/2015,UGN,IL,AGL,CE,Federal Contract Tower,0,5,20,0,25,0,0,41,0,41,0,5,61,0,66,80,0,80,146
04/04/2015,UGN,IL,AGL,CE,Federal Contract Tower,0,8,10,0,18,0,0,69,0,69,0,8,79,0,87,56,0,56,143
04/05/2015,UGN,IL,AGL,CE,Federal Contract Tower,0,12,4,0,16,0,0,31,0,31,0,12,35,0,47,40,0,40,87
04/06/2015,UGN,IL,AGL,CE,Federal Contract Tower,0,11,20,0,31,0,0,32,0,32,0,11,52,0,63,62,0,62,125
04/07/2015,UGN,IL,AGL,CE,Federal Contract Tower,0,10,28,0,38,0,0,2,0,2,0,10,30,0,40,25,0,25,65
04/08/2015,UGN,IL,AGL,CE,Federal Contract Tower,0,7,19,0,26,0,0,0,0,0,0,7,19,0,26,0,0,0,26
04/09/2015,UGN,IL,AGL,CE,Federal Contract Tower,0,6,12,0,18,0,0,0,0,0,0,6,12,0,18,0,0,0,18
04/10/2015,UGN,IL,AGL,CE,Federal Contract Tower,0,6,26,1,33,0,0,27,0,27,0,6,53,1,60,44,0,44,104
04/11/2015,UGN,IL,AGL,CE,Federal Contract Tower,0,8,8,0,16,0,0,80,0,80,0,8,88,0,96,138,0,138,234
04/12/2015,UGN,IL,AGL,CE,Federal Contract Tower,0,8,8,1,17,0,0,75,0,75,0,8,83,1,92,108,0,108,200
04/13/2015,UGN,IL,AGL,CE,Federal Contract Tower,0,3,24,0,27,0,0,21,0,21,0,3,45,0,48,6,0,6,54
04/14/2015,UGN,IL,AGL,CE,Federal Contract Tower,0,3,19,0,22,0,0,49,0,49,0,3,68,0,71,38,0,38,109
04/15/2015,UGN,IL,AGL,CE,Federal Contract Tower,0,5,33,2,40,0,0,45,0,45,0,5,78,2,85,92,0,92,177
04/16/2015,UGN,IL,AGL,CE,Federal Contract Tower,0,7,32,0,39,0,0,33,0,33,0,7,65,0,72,44,0,44,116
04/17/2015,UGN,IL,AGL,CE,Federal Contract Tower,0,3,15,0,18,0,0,52,0,52,0,3,67,0,70,96,0,96,166
04/18/2015,UGN,IL,AGL,CE,Federal Contract Tower,0,7,12,0,19,0,0,56,0,56,0,7,68,0,75,58,0,58,133
04/19/2015,UGN,IL,AGL,CE,Federal Contract Tower,0,11,12,0,23,0,0,34,0,34,0,11,46,0,57,56,0,56,113
04/20/2015,UGN,IL,AGL,CE,Federal Contract Tower,0,10,15,0,25,0,0,7,0,7,0,10,22,0,32,2,0,2,34
04/21/2015,UGN,IL,AGL,CE,Federal Contract Tower,0,10,16,0,26,0,0,3,0,3,0,10,19,0,29,2,0,2,31
04/22/2015,UGN,IL,AGL,CE,Federal Contract Tower,0,8,21,0,29,0,0,20,0,20,0,8,41,0,49,4,0,4,53
04/23/2015,UGN,IL,AGL,CE,Federal Contract Tower,0,4,35,0,39,0,0,45,0,45,0,4,80,0,84,40,0,40,124
04/24/2015,UGN,IL,AGL,CE,Federal Contract Tower,0,7,34,0,41,0,0,37,0,37,0,7,71,0,78,80,0,80,158
04/25/2015,UGN,IL,AGL,CE,Federal Contract Tower,0,5,13,0,18,0,0,11,0,11,0,5,24,0,29,8,0,8,37
04/26/2015,UGN,IL,AGL,CE,Federal Contract Tower,0,9,23,0,32,0,0,69,0,69,0,9,92,0,101,62,0,62,163
04/27/2015,UGN,IL,AGL,CE,Federal Contract Tower,0,9,16,0,25,0,0,29,0,29,0,9,45,0,54,44,0,44,98
04/28/2015,UGN,IL,AGL,CE,Federal Contract Tower,0,8,17,0,25,0,0,52,0,52,0,8,69,0,77,64,0,64,141
04/29/2015,UGN,IL,AGL,CE,Federal Contract Tower,0,9,36,0,45,0,0,46,4,50,0,9,82,4,95,58,0,58,153
04/30/2015,UGN,IL,AGL,CE,Federal Contract Tower,0,8,29,0,37,0,0,27,0,27,0,8,56,0,64,78,0,78,142
05/01/2015,UGN,IL,AGL,CE,Federal Contract Tower,0,6,25,0,31,0,0,75,6,81,0,6,100,6,112,110,0,110,222
05/02/2015,UGN,IL,AGL,CE,Federal Contract Tower,0,2,22,0,24,0,0,52,0,52,0,2,74,0,76,70,0,70,146
05/03/2015,UGN,IL,AGL,CE,Federal Contract Tower,0,13,10,1,24,0,0,48,0,48,0,13,58,1,72,82,0,82,154
05/04/2015,UGN,IL,AGL,CE,Federal Contract Tower,0,13,18,0,31,0,0,18,0,18,0,13,36,0,49,34,0,34,83
05/05/2015,UGN,IL,AGL,CE,Federal Contract Tower,0,11,28,0,39,0,0,0,0,0,0,11,28,0,39,0,0,0,39
05/06/2015,UGN,IL,AGL,CE,Federal Contract Tower,0,12,33,0,45,0,0,5,0,5,0,12,38,0,50,4,0,4,54
05/07/2015,UGN,IL,AGL,CE,Federal Contract Tower,0,16,19,0,35,0,0,52,6,58,0,16,71,6,93,36,0,36,129
05/08/2015,UGN,IL,AGL,CE,Federal Contract Tower,0,13,30,0,43,0,0,29,2,31,0,13,59,2,74,46,0,46,120
05/09/2015,UGN,IL,AGL,CE,Federal Contract Tower,0,11,20,0,31,0,0,10,0,10,0,11,30,0,41,28,0,28,69
05/10/2015,UGN,IL,AGL,CE,Federal Contract Tower,0,4,3,0,7,0,0,0,0,0,0,4,3,0,7,0,0,0,7
05/11/2015,UGN,IL,AGL,CE,Federal Contract Tower,0,5,11,0,16,0,0,1,0,1,0,5,12,0,17,6,0,6,23
05/12/2015,UGN,IL,AGL,CE,Federal Contract Tower,0,17,13,2,32,0,0,13,0,13,0,17,26,2,45,8,0,8,53
05/13/2015,UGN,IL,AGL,CE,Federal Contract Tower,0,5,29,1,35,0,0,91,0,91,0,5,120,1,126,88,0,88,214
05/14/2015,UGN,IL,AGL,CE,Federal Contract Tower,0,11,27,0,38,0,0,68,0,68,0,11,95,0,106,100,0,100,206
05/15/2015,UGN,IL,AGL,CE,Federal Contract Tower,0,12,28,3,43,0,0,20,0,20,0,12,48,3,63,42,0,42,105
05/16/2015,UGN,IL,AGL,CE,Federal Contract Tower,0,3,20,0,23,0,0,24,0,24,0,3,44,0,47,74,0,74,121
05/17/2015,UGN,IL,AGL,CE,Federal Contract Tower,0,7,19,1,27,0,0,0,0,0,0,7,19,1,27,10,0,10,37
05/18/2015,UGN,IL,AGL,CE,Federal Contract Tower,0,8,18,0,26,0,0,41,0,41,0,8,59,0,67,16,0,16,83
05/19/2015,UGN,IL,AGL,CE,Federal Contract Tower,0,5,24,0,29,0,0,43,0,43,0,5,67,0,72,86,0,86,158
05/20/2015,UGN,IL,AGL,CE,Federal Contract Tower,0,13,17,0,30,0,0,19,0,19,0,13,36,0,49,38,0,38,87
05/21/2015,UGN,IL,AGL,CE,Federal Contract Tower,0,12,20,0,32,0,0,59,2,61,0,12,79,2,93,54,0,54,147
05/22/2015,UGN,IL,AGL,CE,Federal Contract Tower,0,13,15,0,28,0,0,80,2,82,0,13,95,2,110,98,0,98,208
05/23/2015,UGN,IL,AGL,CE,Federal Contract Tower,0,10,26,0,36,0,0,5,0,5,0,10,31,0,41,32,0,32,73
05/24/2015,UGN,IL,AGL,CE,Federal Contract Tower,0,8,4,0,12,0,0,33,2,35,0,8,37,2,47,68,0,68,115
05/25/2015,UGN,IL,AGL,CE,Federal Contract Tower,0,11,16,0,27,0,0,3,3,6,0,11,19,3,33,0,0,0,33
05/26/2015,UGN,IL,AGL,CE,Federal Contract Tower,0,10,26,0,36,0,0,6,0,6,0,10,32,0,42,6,26,32,74
05/27/2015,UGN,IL,AGL,CE,Federal Contract Tower,0,4,28,0,32,0,0,32,1,33,0,4,60,1,65,22,0,22,87
05/28/2015,UGN,IL,AGL,CE,Federal Contract Tower,0,8,29,0,37,0,0,73,2,75,0,8,102,2,112,120,0,120,232
05/29/2015,UGN,IL,AGL,CE,Federal Contract Tower,0,9,19,0,28,0,0,35,3,38,0,9,54,3,66,32,0,32,98
05/30/2015,UGN,IL,AGL,CE,Federal Contract Tower,0,3,14,2,19,0,0,0,0,0,0,3,14,2,19,0,0,0,19
05/31/2015,UGN,IL,AGL,CE,Federal Contract Tower,0,14,15,0,29,0,0,43,1,44,0,14,58,1,73,56,32,88,161
06/01/2015,UGN,IL,AGL,CE,Federal Contract Tower,0,5,26,2,33,0,0,36,5,41,0,5,62,7,74,134,16,150,224
06/02/2015,UGN,IL,AGL,CE,Federal Contract Tower,0,7,27,0,34,0,0,42,0,42,0,7,69,0,76,76,0,76,152
06/03/2015,UGN,IL,AGL,CE,Federal Contract Tower,0,7,30,0,37,0,0,76,3,79,0,7,106,3,116,64,0,64,180
06/04/2015,UGN,IL,AGL,CE,Federal Contract Tower,0,6,26,1,33,0,0,45,0,45,0,6,71,1,78,114,0,114,192
06/05/2015,UGN,IL,AGL,CE,Federal Contract Tower,0,6,30,1,37,0,0,8,0,8,0,6,38,1,45,20,0,20,65
06/06/2015,UGN,IL,AGL,CE,Federal Contract Tower,0,5,17,1,23,0,0,85,4,89,0,5,102,5,112,136,0,136,248
06/07/2015,UGN,IL,AGL,CE,Federal Contract Tower,0,12,21,0,33,0,0,4,3,7,0,12,25,3,40,10,0,10,50
06/08/2015,UGN,IL,AGL,CE,Federal Contract Tower,0,15,25,0,40,0,0,17,2,19,0,15,42,2,59,6,16,22,81
06/09/2015,UGN,IL,AGL,CE,Federal Contract Tower,0,13,32,0,45,0,0,46,0,46,0,13,78,0,91,86,0,86,177
06/10/2015,UGN,IL,AGL,CE,Federal Contract Tower,0,5,21,0,26,0,0,34,0,34,0,5,55,0,60,36,0,36,96
06/11/2015,UGN,IL,AGL,CE,Federal Contract Tower,0,4,25,2,31,0,0,23,0,23,0,4,48,2,54,20,0,20,74
06/12/2015,UGN,IL,AGL,CE,Federal Contract Tower,0,9,32,0,41,0,0,0,0,0,0,9,32,0,41,0,0,0,41
06/13/2015,UGN,IL,AGL,CE,Federal Contract Tower,0,6,10,0,16,0,0,30,3,33,0,6,40,3,49,76,0,76,125
06/14/2015,UGN,IL,AGL,CE,Federal Contract Tower,0,12,20,0,32,0,0,21,2,23,0,12,41,2,55,120,0,120,175
06/15/2015,UGN,IL,AGL,CE,Federal Contract Tower,0,9,17,0,26,0,0,3,0,3,0,9,20,0,29,0,0,0,29
06/16/2015,UGN,IL,AGL,CE,Federal Contract Tower,0,6,26,4,36,0,0,41,2,43,0,6,67,6,79,54,0,54,133
06/17/2015,UGN,IL,AGL,CE,Federal Contract Tower,0,5,18,0,23,0,0,32,4,36,0,5,50,4,59,48,0,48,107
06/18/2015,UGN,IL,AGL,CE,Federal Contract Tower,0,4,28,0,32,0,0,37,1,38,0,4,65,1,70,52,0,52,122
06/19/2015,UGN,IL,AGL,CE,Federal Contract Tower,0,7,26,0,33,1,0,56,3,60,1,7,82,3,93,74,0,74,167
06/20/2015,UGN,IL,AGL,CE,Federal Contract Tower,0,6,14,0,20,0,4,57,0,61,0,10,71,0,81,134,0,134,215
06/21/2015,UGN,IL,AGL,CE,Federal Contract Tower,0,5,23,2,30,0,0,53,2,55,0,5,76,4,85,148,7,155,240
06/22/2015,UGN,IL,AGL,CE,Federal Contract Tower,0,12,18,0,30,0,0,4,1,5,0,12,22,1,35,10,0,10,45
06/23/2015,UGN,IL,AGL,CE,Federal Contract Tower,0,8,23,0,31,0,1,73,0,74,0,9,96,0,105,120,0,120,225
06/24/2015,UGN,IL,AGL,CE,Federal Contract Tower,0,11,24,0,35,0,2,23,8,33,0,13,47,8,68,52,10,62,130
06/25/2015,UGN,IL,AGL,CE,Federal Contract Tower,0,11,24,0,35,0,0,6,0,6,0,11,30,0,41,8,0,8,49
06/26/2015,UGN,IL,AGL,CE,Federal Contract Tower,0,12,29,0,41,0,0,32,2,34,0,12,61,2,75,68,0,68,143
06/27/2015,UGN,IL,AGL,CE,Federal Contract Tower,0,5,12,0,17,0,1,58,5,64,0,6,70,5,81,92,18,110,191
06/28/2015,UGN,IL,AGL,CE,Federal Contract Tower,0,15,17,0,32,0,0,51,3,54,0,15,68,3,86,58,0,58,144
06/29/2015,UGN,IL,AGL,CE,Federal Contract Tower,0,5,20,0,25,0,0,12,4,16,0,5,32,4,41,14,0,14,55
06/30/2015,UGN,IL,AGL,CE,Federal Contract Tower,0,6,22,0,28,0,0,20,1,21,0,6,42,1,49,68,0,68,117
07/01/2015,UGN,IL,AGL,CE,Federal Contract Tower,0,12,26,3,41,0,0,37,5,42,0,12,63,8,83,108,0,108,191
07/02/2015,UGN,IL,AGL,CE,Federal Contract Tower,0,9,31,0,40,0,0,67,0,67,0,9,98,0,107,80,0,80,187
07/03/2015,UGN,IL,AGL,CE,Federal Contract Tower,0,0,18,0,18,0,0,55,2,57,0,0,73,2,75,98,0,98,173
07/04/2015,UGN,IL,AGL,CE,Federal Contract Tower,0,2,8,0,10,0,0,17,2,19,0,2,25,2,29,4,0,4,33
07/05/2015,UGN,IL,AGL,CE,Federal Contract Tower,0,9,24,0,33,0,0,47,4,51,0,9,71,4,84,40,14,54,138
07/06/2015,UGN,IL,AGL,CE,Federal Contract Tower,0,13,13,0,26,0,0,14,4,18,0,13,27,4,44,22,42,64,108
07/07/2015,UGN,IL,AGL,CE,Federal Contract Tower,0,10,35,0,45,0,0,31,0,31,0,10,66,0,76,65,0,65,141
07/08/2015,UGN,IL,AGL,CE,Federal Contract Tower,0,6,21,0,27,0,0,41,1,42,0,6,62,1,69,30,0,30,99
07/09/2015,UGN,IL,AGL,CE,Federal Contract Tower,0,4,25,0,29,0,0,46,3,49,0,4,71,3,78,84,0,84,162
07/10/2015,UGN,IL,AGL,CE,Federal Contract Tower,0,5,15,0,20,0,0,44,2,46,0,5,59,2,66,62,0,62,128
07/11/2015,UGN,IL,AGL,CE,Federal Contract Tower,0,9,11,0,20,0,0,51,3,54,0,9,62,3,74,88,0,88,162
07/12/2015,UGN,IL,AGL,CE,Federal Contract Tower,0,12,17,5,34,0,0,83,4,87,0,12,100,9,121,140,18,158,279
07/13/2015,UGN,IL,AGL,CE,Federal Contract Tower,0,8,16,0,24,0,0,27,2,29,0,8,43,2,53,14,0,14,67
07/14/2015,UGN,IL,AGL,CE,Federal Contract Tower,0,4,19,0,23,0,0,47,4,51,0,4,66,4,74,38,10,48,122
07/15/2015,UGN,IL,AGL,CE,Federal Contract Tower,0,16,23,0,39,0,0,76,4,80,0,16,99,4,119,66,0,66,185
07/16/2015,UGN,IL,AGL,CE,Federal Contract Tower,0,12,23,0,35,0,0,25,4,29,0,12,48,4,64,84,0,84,148
07/17/2015,UGN,IL,AGL,CE,Federal Contract Tower,0,16,25,0,41,0,0,34,2,36,0,16,59,2,77,72,0,72,149
07/18/2015,UGN,IL,AGL,CE,Federal Contract Tower,0,3,13,0,16,0,0,45,6,51,0,3,58,6,67,54,0,54,121
07/19/2015,UGN,IL,AGL,CE,Federal Contract Tower,0,15,23,0,38,0,0,55,2,57,0,15,78,2,95,40,0,40,135
07/20/2015,UGN,IL,AGL,CE,Federal Contract Tower,0,7,19,0,26,0,0,34,1,35,0,7,53,1,61,50,1,51,112
07/21/2015,UGN,IL,AGL,CE,Federal Contract Tower,0,11,30,0,41,0,0,40,4,44,0,11,70,4,85,78,2,80,165
07/22/2015,UGN,IL,AGL,CE,Federal Contract Tower,0,10,26,0,36,0,0,64,3,67,0,10,90,3,103,2,10,12,115
07/23/2015,UGN,IL,AGL,CE,Federal Contract Tower,0,12,24,0,36,0,0,53,0,53,0,12,77,0,89,54,0,54,143
07/24/2015,UGN,IL,AGL,CE,Federal Contract Tower,0,13,29,0,42,0,1,69,2,72,0,14,98,2,114,72,0,72,186
07/25/2015,UGN,IL,AGL,CE,Federal Contract Tower,0,10,11,0,21,0,0,49,1,50,0,10,60,1,71,76,0,76,147
07/26/2015,UGN,IL,AGL,CE,Federal Contract Tower,0,2,17,0,19,0,0,45,4,49,0,2,62,4,68,38,0,38,106
07/27/2015,UGN,IL,AGL,CE,Federal Contract Tower,0,9,34,0,43,0,0,40,2,42,0,9,74,2,85,50,0,50,135
07/28/2015,UGN,IL,AGL,CE,Federal Contract Tower,0,8,34,0,42,0,0,40,2,42,0,8,74,2,84,55,0,55,139
07/29/2015,UGN,IL,AGL,CE,Federal Contract Tower,0,7,26,0,33,0,0,43,4,47,0,7,69,4,80,42,0,42,122
07/30/2015,UGN,IL,AGL,CE,Federal Contract Tower,0,15,28,0,43,0,1,51,6,58,0,16,79,6,101,54,0,54,155
07/31/2015,UGN,IL,AGL,CE,Federal Contract Tower,0,19,18,0,37,0,0,45,6,51,0,19,63,6,88,8,0,8,96
08/01/2015,UGN,IL,AGL,CE,Federal Contract Tower,0,12,15,2,29,0,0,60,3,63,0,12,75,5,92,60,0,60,152
08/02/2015,UGN,IL,AGL,CE,Federal Contract Tower,0,13,16,0,29,0,0,24,1,25,0,13,40,1,54,28,8,36,90
08/03/2015,UGN,IL,AGL,CE,Federal Contract Tower,0,11,29,0,40,0,0,28,6,34,0,11,57,6,74,12,16,28,102
08/04/2015,UGN,IL,AGL,CE,Federal Contract Tower,0,13,20,0,33,0,0,37,2,39,0,13,57,2,72,48,8,56,128
08/05/2015,UGN,IL,AGL,CE,Federal Contract Tower,0,13,14,0,27,0,0,51,3,54,0,13,65,3,81,44,16,60,141
08/06/2015,UGN,IL,AGL,CE,Federal Contract Tower,0,20,16,1,37,0,0,48,2,50,0,20,64,3,87,66,0,66,153
08/07/2015,UGN,IL,AGL,CE,Federal Contract Tower,0,12,20,0,32,0,0,37,2,39,0,12,57,2,71,48,0,48,119
08/08/2015,UGN,IL,AGL,CE,Federal Contract Tower,0,3,22,0,25,0,0,60,0,60,0,3,82,0,85,72,0,72,157
08/09/2015,UGN,IL,AGL,CE,Federal Contract Tower,0,10,31,1,42,0,0,26,0,26,0,10,57,1,68,32,0,32,100
08/10/2015,UGN,IL,AGL,CE,Federal Contract Tower,0,12,20,0,32,0,0,15,0,15,0,12,35,0,47,8,0,8,55
08/11/2015,UGN,IL,AGL,CE,Federal Contract Tower,0,7,27,1,35,0,0,49,3,52,0,7,76,4,87,36,0,36,123
08/12/2015,UGN,IL,AGL,CE,Federal Contract Tower,0,8,14,1,23,0,0,69,3,72,0,8,83,4,95,94,0,94,189
08/13/2015,UGN,IL,AGL,CE,Federal Contract Tower,0,21,28,0,49,0,0,72,1,73,0,21,100,1,122,88,0,88,210
08/14/2015,UGN,IL,AGL,CE,Federal Contract Tower,0,14,32,0,46,0,0,30,2,32,0,14,62,2,78,34,0,34,112
08/15/2015,UGN,IL,AGL,CE,Federal Contract Tower,0,5,16,0,21,0,0,49,2,51,0,5,65,2,72,84,0,84,156
08/16/2015,UGN,IL,AGL,CE,Federal Contract Tower,0,14,16,0,30,0,1,67,3,71,0,15,83,3,101,76,0,76,177
08/17/2015,UGN,IL,AGL,CE,Federal Contract Tower,0,13,25,0,38,0,0,24,3,27,0,13,49,3,65,26,0,26,91
08/18/2015,UGN,IL,AGL,CE,Federal Contract Tower,0,6,39,0,45,0,1,16,0,17,0,7,55,0,62,12,0,12,74
08/19/2015,UGN,IL,AGL,CE,Federal Contract Tower,0,3,26,0,29,0,0,21,3,24,0,3,47,3,53,18,0,18,71
08/20/2015,UGN,IL,AGL,CE,Federal Contract Tower,0,12,29,1,42,0,0,31,1,32,0,12,60,2,74,24,0,24,98
08/21/2015,UGN,IL,AGL,CE,Federal Contract Tower,0,10,22,1,33,0,0,73,2,75,0,10,95,3,108,52,0,52,160
08/22/2015,UGN,IL,AGL,CE,Federal Contract Tower,0,8,7,2,17,0,3,70,2,75,0,11,77,4,92,56,0,56,148
08/23/2015,UGN,IL,AGL,CE,Federal Contract Tower,0,9,19,5,33,0,0,24,0,24,0,9,43,5,57,10,0,10,67
08/24/2015,UGN,IL,AGL,CE,Federal Contract Tower,0,7,24,0,31,0,0,20,4,24,0,7,44,4,55,12,4,16,71
08/25/2015,UGN,IL,AGL,CE,Federal Contract Tower,0,6,23,0,29,0,0,35,2,37,0,6,58,2,66,44,0,44,110
08/26/2015,UGN,IL,AGL,CE,Federal Contract Tower,0,13,30,1,44,0,0,52,3,55,0,13,82,4,99,94,0,94,193
08/27/2015,UGN,IL,AGL,CE,Federal Contract Tower,0,7,21,0,28,0,0,73,2,75,0,7,94,2,103,103,0,103,206
08/28/2015,UGN,IL,AGL,CE,Federal Contract Tower,0,14,24,0,38,0,0,50,0,50,0,14,74,0,88,36,0,36,124
08/29/2015,UGN,IL,AGL,CE,Federal Contract Tower,0,6,30,0,36,0,0,1,0,1,0,6,31,0,37,0,0,0,37
08/30/2015,UGN,IL,AGL,CE,Federal Contract Tower,0,7,22,0,29,0,1,15,0,16,0,8,37,0,45,56,0,56,101
08/31/2015,UGN,IL,AGL,CE,Federal Contract Tower,0,6,23,0,29,0,0,26,5,31,0,6,49,5,60,84,16,100,160
09/01/2015,UGN,IL,AGL,CE,Federal Contract Tower,0,7,20,0,27,0,0,44,2,46,0,7,64,2,73,14,0,14,87
09/02/2015,UGN,IL,AGL,CE,Federal Contract Tower,0,8,17,1,26,0,0,37,2,39,0,8,54,3,65,46,0,46,111
09/03/2015,UGN,IL,AGL,CE,Federal Contract Tower,0,9,35,0,44,0,0,33,0,33,0,9,68,0,77,54,0,54,131
09/04/2015,UGN,IL,AGL,CE,Federal Contract Tower,0,9,32,2,43,0,0,16,4,20,0,9,48,6,63,50,0,50,113
09/05/2015,UGN,IL,AGL,CE,Federal Contract Tower,0,2,13,2,17,0,0,26,2,28,0,2,39,4,45,70,0,70,115
09/06/2015,UGN,IL,AGL,CE,Federal Contract Tower,0,4,8,0,12,0,0,55,1,56,0,4,63,1,68,50,12,62,130
09/07/2015,UGN,IL,AGL,CE,Federal Contract Tower,0,13,21,0,34,0,0,73,0,73,0,13,94,0,107,34,0,34,141
09/08/2015,UGN,IL,AGL,CE,Federal Contract Tower,0,10,27,0,37,0,0,6,1,7,0,10,33,1,44,0,0,0,44
09/09/2015,UGN,IL,AGL,CE,Federal Contract Tower,0,14,25,0,39,0,0,39,2,41,0,14,64,2,80,22,2,24,104
09/10/2015,UGN,IL,AGL,CE,Federal Contract Tower,0,5,38,2,45,0,0,13,2,15,0,5,51,4,60,70,0,70,130
09/11/2015,UGN,IL,AGL,CE,Federal Contract Tower,0,4,21,0,25,0,0,26,0,26,0,4,47,0,51,34,0,34,85
09/12/2015,UGN,IL,AGL,CE,Federal Contract Tower,0,3,18,0,21,0,1,43,0,44,0,4,61,0,65,56,0,56,121
09/13/2015,UGN,IL,AGL,CE,Federal Contract Tower,0,7,22,0,29,0,0,55,0,55,0,7,77,0,84,30,0,30,114
09/14/2015,UGN,IL,AGL,CE,Federal Contract Tower,0,7,27,0,34,0,0,13,1,14,0,7,40,1,48,6,0,6,54
09/15/2015,UGN,IL,AGL,CE,Federal Contract Tower,0,7,18,0,25,0,2,36,3,41,0,9,54,3,66,34,2,36,102
09/16/2015,UGN,IL,AGL,CE,Federal Contract Tower,0,6,20,0,26,0,0,53,2,55,0,6,73,2,81,40,0,40,121
09/17/2015,UGN,IL,AGL,CE,Federal Contract Tower,0,7,21,0,28,0,0,19,0,19,0,7,40,0,47,18,0,18,65
09/18/2015,UGN,IL,AGL,CE,Federal Contract Tower,0,5,33,1,39,0,0,5,0,5,0,5,38,1,44,16,0,16,60
09/19/2015,UGN,IL,AGL,CE,Federal Contract Tower,0,3,16,0,19,0,2,56,0,58,0,5,72,0,77,38,0,38,115
09/20/2015,UGN,IL,AGL,CE,Federal Contract Tower,0,7,11,1,19,0,0,76,0,76,0,7,87,1,95,54,0,54,149
09/21/2015,UGN,IL,AGL,CE,Federal Contract Tower,0,12,20,0,32,0,0,37,0,37,0,12,57,0,69,28,0,28,97
09/22/2015,UGN,IL,AGL,CE,Federal Contract Tower,0,7,28,0,35,0,0,75,0,75,0,7,103,0,110,50,0,50,160
09/23/2015,UGN,IL,AGL,CE,Federal Contract Tower,0,5,18,0,23,0,0,46,1,47,0,5,64,1,70,52,0,52,122
09/24/2015,UGN,IL,AGL,CE,Federal Contract Tower,0,15,34,0,49,0,0,50,1,51,0,15,84,1,100,66,4,70,170
09/25/2015,UGN,IL,AGL,CE,Federal Contract Tower,0,18,42,2,62,0,0,34,0,34,0,18,76,2,96,28,0,28,124
09/26/2015,UGN,IL,AGL,CE,Federal Contract Tower,0,10,22,0,32,0,0,72,0,72,0,10,94,0,104,68,0,68,172
09/27/2015,UGN,IL,AGL,CE,Federal Contract Tower,0,13,27,2,42,0,0,42,0,42,0,13,69,2,84,66,0,66,150
09/28/2015,UGN,IL,AGL,CE,Federal Contract Tower,0,24,17,0,41,0,0,46,0,46,0,24,63,0,87,54,0,54,141
09/29/2015,UGN,IL,AGL,CE,Federal Contract Tower,0,4,31,0,35,0,0,7,0,7,0,4,38,0,42,22,0,22,64
09/30/2015,UGN,IL,AGL,CE,Federal Contract Tower,0,12,22,0,34,0,0,24,0,24,0,12,46,0,58,34,0,34,92
10/01/2015,UGN,IL,AGL,CE,Federal Contract Tower,0,19,45,0,64,0,0,28,0,28,0,19,73,0,92,18,0,18,110
10/02/2015,UGN,IL,AGL,CE,Federal Contract Tower,0,22,43,0,65,0,0,52,0,52,0,22,95,0,117,0,0,0,117
10/03/2015,UGN,IL,AGL,CE,Federal Contract Tower,0,21,11,0,32,0,0,63,0,63,0,21,74,0,95,64,0,64,159
10/04/2015,UGN,IL,AGL,CE,Federal Contract Tower,0,18,31,0,49,0,0,10,0,10,0,18,41,0,59,32,0,32,91
10/05/2015,UGN,IL,AGL,CE,Federal Contract Tower,0,18,18,1,37,0,0,3,1,4,0,18,21,2,41,0,0,0,41
10/06/2015,UGN,IL,AGL,CE,Federal Contract Tower,0,17,21,0,38,0,0,64,0,64,0,17,85,0,102,78,0,78,180
10/07/2015,UGN,IL,AGL,CE,Federal Contract Tower,0,7,27,0,34,0,0,41,0,41,0,7,68,0,75,74,0,74,149
10/08/2015,UGN,IL,AGL,CE,Federal Contract Tower,0,11,39,0,50,0,0,13,0,13,0,11,52,0,63,42,0,42,105
10/09/2015,UGN,IL,AGL,CE,Federal Contract Tower,0,13,29,0,42,0,0,46,4,50,0,13,75,4,92,58,0,58,150
10/10/2015,UGN,IL,AGL,CE,Federal Contract Tower,0,12,10,0,22,0,0,73,0,73,0,12,83,0,95,102,0,102,197
10/11/2015,UGN,IL,AGL,CE,Federal Contract Tower,0,15,20,0,35,0,0,54,0,54,0,15,74,0,89,86,0,86,175
10/12/2015,UGN,IL,AGL,CE,Federal Contract Tower,0,7,22,0,29,0,0,27,0,27,0,7,49,0,56,46,0,46,102
10/13/2015,UGN,IL,AGL,CE,Federal Contract Tower,0,12,15,0,27,0,0,41,0,41,0,12,56,0,68,34,0,34,102
10/14/2015,UGN,IL,AGL,CE,Federal Contract Tower,0,12,17,0,29,0,2,46,0,48,0,14,63,0,77,10,0,10,87
10/15/2015,UGN,IL,AGL,CE,Federal Contract Tower,0,17,30,0,47,0,0,18,0,18,0,17,48,0,65,14,0,14,79
10/16/2015,UGN,IL,AGL,CE,Federal Contract Tower,0,12,25,2,39,0,0,39,0,39,0,12,64,2,78,12,8,20,98
10/17/2015,UGN,IL,AGL,CE,Federal Contract Tower,0,9,11,0,20,0,0,97,0,97,0,9,108,0,117,150,0,150,267
10/18/2015,UGN,IL,AGL,CE,Federal Contract Tower,0,17,17,2,36,0,0,80,0,80,0,17,97,2,116,90,0,90,206
10/19/2015,UGN,IL,AGL,CE,Federal Contract Tower,0,10,19,0,29,0,0,29,0,29,0,10,48,0,58,0,0,0,58
10/20/2015,UGN,IL,AGL,CE,Federal Contract Tower,0,11,20,0,31,0,0,38,0,38,0,11,58,0,69,60,0,60,129
10/21/2015,UGN,IL,AGL,CE,Federal Contract Tower,0,11,18,0,29,0,0,24,0,24,0,11,42,0,53,46,0,46,99
10/22/2015,UGN,IL,AGL,CE,Federal Contract Tower,0,22,42,0,64,0,0,58,0,58,0,22,100,0,122,104,0,104,226
10/23/2015,UGN,IL,AGL,CE,Federal Contract Tower,0,19,27,0,46,0,0,50,0,50,0,19,77,0,96,86,0,86,182
10/24/2015,UGN,IL,AGL,CE,Federal Contract Tower,0,14,22,0,36,0,0,24,0,24,0,14,46,0,60,80,0,80,140
10/25/2015,UGN,IL,AGL,CE,Federal Contract Tower,0,21,24,0,45,0,0,98,0,98,0,21,122,0,143,140,0,140,283
10/26/2015,UGN,IL,AGL,CE,Federal Contract Tower,0,16,21,0,37,0,0,68,0,68,0,16,89,0,105,96,0,96,201
10/27/2015,UGN,IL,AGL,CE,Federal Contract Tower,0,17,39,0,56,0,0,39,0,39,0,17,78,0,95,76,0,76,171
10/28/2015,UGN,IL,AGL,CE,Federal Contract Tower,0,19,40,0,59,0,0,0,0,0,0,19,40,0,59,2,0,2,61
10/29/2015,UGN,IL,AGL,CE,Federal Contract Tower,0,28,29,1,58,0,0,3,0,3,0,28,32,1,61,0,0,0,61
10/30/2015,UGN,IL,AGL,CE,Federal Contract Tower,0,35,28,0,63,0,0,64,0,64,0,35,92,0,127,138,0,138,265
10/31/2015,UGN,IL,AGL,CE,Federal Contract Tower,0,11,12,0,23,0,0,2,0,2,0,11,14,0,25,12,0,12,37
11/01/2015,UGN,IL,AGL,CE,Federal Contract Tower,0,17,26,0,43,0,0,96,0,96,0,17,122,0,139,82,0,82,221
11/02/2015,UGN,IL,AGL,CE,Federal Contract Tower,0,6,24,0,30,0,1,64,0,65,0,7,88,0,95,70,0,70,165
11/03/2015,UGN,IL,AGL,CE,Federal Contract Tower,0,11,23,0,34,0,0,42,2,44,0,11,65,2,78,54,16,70,148
11/04/2015,UGN,IL,AGL,CE,Federal Contract Tower,0,13,53,0,66,0,2,26,0,28,0,15,79,0,94,48,0,48,142
11/05/2015,UGN,IL,AGL,CE,Federal Contract Tower,0,19,38,0,57,0,0,21,0,21,0,19,59,0,78,42,0,42,120
11/06/2015,UGN,IL,AGL,CE,Federal Contract Tower,0,9,28,0,37,0,0,11,2,13,0,9,39,2,50,30,4,34,84
11/07/2015,UGN,IL,AGL,CE,Federal Contract Tower,0,10,13,0,23,0,0,52,2,54,0,10,65,2,77,78,0,78,155
11/08/2015,UGN,IL,AGL,CE,Federal Contract Tower,0,20,24,0,44,0,0,78,0,78,0,20,102,0,122,96,0,96,218
11/09/2015,UGN,IL,AGL,CE,Federal Contract Tower,0,10,24,0,34,0,0,0,0,0,0,10,24,0,34,84,2,86,120
11/10/2015,UGN,IL,AGL,CE,Federal Contract Tower,0,12,21,0,33,0,0,62,0,62,0,12,83,0,95,78,0,78,173
11/11/2015,UGN,IL,AGL,CE,Federal Contract Tower,0,4,16,0,20,0,0,24,0,24,0,4,40,0,44,12,0,12,56
11/12/2015,UGN,IL,AGL,CE,Federal Contract Tower,0,9,19,0,28,0,0,0,0,0,0,9,19,0,28,0,0,0,28
11/13/2015,UGN,IL,AGL,CE,Federal Contract Tower,0,7,15,0,22,0,0,15,0,15,0,7,30,0,37,26,0,26,63
11/14/2015,UGN,IL,AGL,CE,Federal Contract Tower,0,2,18,0,20,0,0,72,0,72,0,2,90,0,92,100,0,100,192
11/15/2015,UGN,IL,AGL,CE,Federal Contract Tower,0,10,29,0,39,0,0,76,0,76,0,10,105,0,115,120,0,120,235
11/16/2015,UGN,IL,AGL,CE,Federal Contract Tower,0,11,17,0,28,0,0,44,0,44,0,11,61,0,72,72,0,72,144
11/17/2015,UGN,IL,AGL,CE,Federal Contract Tower,0,12,16,0,28,0,0,14,0,14,0,12,30,0,42,8,0,8,50
11/18/2015,UGN,IL,AGL,CE,Federal Contract Tower,0,5,21,0,26,0,0,0,0,0,0,5,21,0,26,0,0,0,26
11/19/2015,UGN,IL,AGL,CE,Federal Contract Tower,0,12,20,0,32,0,0,12,0,12,0,12,32,0,44,6,0,6,50
11/20/2015,UGN,IL,AGL,CE,Federal Contract Tower,0,25,18,0,43,0,0,70,0,70,0,25,88,0,113,116,0,116,229
11/21/2015,UGN,IL,AGL,CE,Federal Contract Tower,0,2,1,0,3,0,0,0,0,0,0,2,1,0,3,0,0,0,3
11/22/2015,UGN,IL,AGL,CE,Federal Contract Tower,0,8,9,0,17,0,0,42,0,42,0,8,51,0,59,44,0,44,103
11/23/2015,UGN,IL,AGL,CE,Federal Contract Tower,0,7,18,1,26,0,0,39,0,39,0,7,57,1,65,46,0,46,111
11/24/2015,UGN,IL,AGL,CE,Federal Contract Tower,0,18,20,2,40,0,0,48,0,48,0,18,68,2,88,58,0,58,146
11/25/2015,UGN,IL,AGL,CE,Federal Contract Tower,0,7,6,0,13,0,0,21,0,21,0,7,27,0,34,60,0,60,94
11/26/2015,UGN,IL,AGL,CE,Federal Contract Tower,0,5,1,0,6,0,0,0,0,0,0,5,1,0,6,0,0,0,6
11/27/2015,UGN,IL,AGL,CE,Federal Contract Tower,0,5,2,0,7,0,0,0,0,0,0,5,2,0,7,42,0,42,49
11/28/2015,UGN,IL,AGL,CE,Federal Contract Tower,0,26,11,0,37,0,0,48,0,48,0,26,59,0,85,156,0,156,241
11/29/2015,UGN,IL,AGL,CE,Federal Contract Tower,0,23,21,0,44,0,0,90,0,90,0,23,111,0,134,92,0,92,226
11/30/2015,UGN,IL,AGL,CE,Federal Contract Tower,0,12,16,2,30,0,0,35,0,35,0,12,51,2,65,18,0,18,83
12/01/2015,UGN,IL,AGL,CE,Federal Contract Tower,0,16,24,0,40,0,0,11,2,13,0,16,35,2,53,22,2,24,77
12/02/2015,UGN,IL,AGL,CE,Federal Contract Tower,0,8,20,0,28,0,0,0,0,0,0,8,20,0,28,22,0,22,50
12/03/2015,UGN,IL,AGL,CE,Federal Contract Tower,0,3,33,0,36,0,0,4,0,4,0,3,37,0,40,1,0,1,41
12/04/2015,UGN,IL,AGL,CE,Federal Contract Tower,0,17,19,0,36,0,0,71,0,71,0,17,90,0,107,118,0,118,225
12/05/2015,UGN,IL,AGL,CE,Federal Contract Tower,0,10,14,0,24,0,0,79,0,79,0,10,93,0,103,96,0,96,199
12/06/2015,UGN,IL,AGL,CE,Federal Contract Tower,0,12,13,0,25,0,0,62,0,62,0,12,75,0,87,94,0,94,181
12/07/2015,UGN,IL,AGL,CE,Federal Contract Tower,0,11,39,0,50,0,0,0,0,0,0,11,39,0,50,0,0,0,50
12/08/2015,UGN,IL,AGL,CE,Federal Contract Tower,0,2,28,0,30,0,2,10,2,14,0,4,38,2,44,52,2,54,98
12/09/2015,UGN,IL,AGL,CE,Federal Contract Tower,0,11,37,0,48,0,0,33,0,33,0,11,70,0,81,54,0,54,135
12/10/2015,UGN,IL,AGL,CE,Federal Contract Tower,0,19,17,0,36,0,2,17,0,19,0,21,34,0,55,10,0,10,65
12/11/2015,UGN,IL,AGL,CE,Federal Contract Tower,0,24,16,0,40,0,0,60,0,60,0,24,76,0,100,78,0,78,178
12/12/2015,UGN,IL,AGL,CE,Federal Contract Tower,0,2,5,0,7,0,0,0,0,0,0,2,5,0,7,0,0,0,7
12/13/2015,UGN,IL,AGL,CE,Federal Contract Tower,0,8,12,0,20,0,0,0,0,0,0,8,12,0,20,0,0,0,20
12/14/2015,UGN,IL,AGL,CE,Federal Contract Tower,0,10,18,0,28,0,0,6,0,6,0,10,24,0,34,10,0,10,44
12/15/2015,UGN,IL,AGL,CE,Federal Contract Tower,0,15,14,0,29,0,2,18,0,20,0,17,32,0,49,98,0,98,147
12/16/2015,UGN,IL,AGL,CE,Federal Contract Tower,0,3,30,0,33,0,0,1,0,1,0,3,31,0,34,6,0,6,40
12/17/2015,UGN,IL,AGL,CE,Federal Contract Tower,0,6,25,2,33,0,0,20,2,22,0,6,45,4,55,58,8,66,121
12/18/2015,UGN,IL,AGL,CE,Federal Contract Tower,0,17,17,0,34,0,0,37,0,37,0,17,54,0,71,60,0,60,131
12/19/2015,UGN,IL,AGL,CE,Federal Contract Tower,0,9,17,0,26,0,0,93,0,93,0,9,110,0,119,76,0,76,195
12/20/2015,UGN,IL,AGL,CE,Federal Contract Tower,0,2,9,0,11,0,0,74,0,74,0,2,83,0,85,90,0,90,175
12/21/2015,UGN,IL,AGL,CE,Federal Contract Tower,0,6,7,0,13,0,0,0,0,0,0,6,7,0,13,0,0,0,13
12/22/2015,UGN,IL,AGL,CE,Federal Contract Tower,0,3,19,0,22,0,0,0,0,0,0,3,19,0,22,54,0,54,76
12/23/2015,UGN,IL,AGL,CE,Federal Contract Tower,0,12,7,0,19,0,0,0,0,0,0,12,7,0,19,0,0,0,19
12/24/2015,UGN,IL,AGL,CE,Federal Contract Tower,0,9,9,0,18,0,0,9,0,9,0,9,18,0,27,16,0,16,43
12/25/2015,UGN,IL,AGL,CE,Federal Contract Tower,0,11,3,0,14,0,0,6,0,6,0,11,9,0,20,8,0,8,28
12/26/2015,UGN,IL,AGL,CE,Federal Contract Tower,0,14,18,0,32,0,0,0,0,0,0,14,18,0,32,12,0,12,44
12/27/2015,UGN,IL,AGL,CE,Federal Contract Tower,0,7,15,0,22,0,0,5,0,5,0,7,20,0,27,20,0,20,47
12/28/2015,UGN,IL,AGL,CE,Federal Contract Tower,0,7,4,0,11,0,0,0,0,0,0,7,4,0,11,0,0,0,11
12/29/2015,UGN,IL,AGL,CE,Federal Contract Tower,0,4,12,0,16,0,0,2,0,2,0,4,14,0,18,20,0,20,38
12/30/2015,UGN,IL,AGL,CE,Federal Contract Tower,0,4,6,2,12,0,0,3,0,3,0,4,9,2,15,18,0,18,33
12/31/2015,UGN,IL,AGL,CE,Federal Contract Tower,0,6,9,0,15,0,0,16,0,16,0,6,25,0,31,22,0,22,53
01/01/2016,UGN,IL,AGL,CE,Federal Contract Tower,0,0,4,0,4,0,0,11,0,11,0,0,15,0,15,26,0,26,41
01/02/2016,UGN,IL,AGL,CE,Federal Contract Tower,0,13,16,0,29,0,0,66,0,66,0,13,82,0,95,116,0,116,211
01/03/2016,UGN,IL,AGL,CE,Federal Contract Tower,0,17,27,0,44,0,1,59,0,60,0,18,86,0,104,130,0,130,234
01/04/2016,UGN,IL,AGL,CE,Federal Contract Tower,0,9,13,0,22,0,1,12,0,13,0,10,25,0,35,6,0,6,41
01/05/2016,UGN,IL,AGL,CE,Federal Contract Tower,0,3,20,0,23,0,0,49,3,52,0,3,69,3,75,62,8,70,145
01/06/2016,UGN,IL,AGL,CE,Federal Contract Tower,0,7,27,0,34,0,0,32,0,32,0,7,59,0,66,66,0,66,132
01/07/2016,UGN,IL,AGL,CE,Federal Contract Tower,0,5,9,0,14,0,0,7,0,7,0,5,16,0,21,14,0,14,35
01/08/2016,UGN,IL,AGL,CE,Federal Contract Tower,0,1,9,0,10,0,0,0,0,0,0,1,9,0,10,0,0,0,10
01/09/2016,UGN,IL,AGL,CE,Federal Contract Tower,0,0,15,0,15,0,0,0,0,0,0,0,15,0,15,0,0,0,15
01/10/2016,UGN,IL,AGL,CE,Federal Contract Tower,0,5,21,0,26,0,0,17,0,17,0,5,38,0,43,18,0,18,61
01/11/2016,UGN,IL,AGL,CE,Federal Contract Tower,0,5,24,0,29,0,4,25,0,29,0,9,49,0,58,30,0,30,88
01/12/2016,UGN,IL,AGL,CE,Federal Contract Tower,0,6,18,0,24,0,0,1,0,1,0,6,19,0,25,0,0,0,25
01/13/2016,UGN,IL,AGL,CE,Federal Contract Tower,0,9,17,0,26,0,0,8,0,8,0,9,25,0,34,2,0,2,36
01/14/2016,UGN,IL,AGL,CE,Federal Contract Tower,0,5,26,0,31,0,0,29,0,29,0,5,55,0,60,28,0,28,88
01/15/2016,UGN,IL,AGL,CE,Federal Contract Tower,0,17,21,0,38,0,0,4,0,4,0,17,25,0,42,30,0,30,72
01/16/2016,UGN,IL,AGL,CE,Federal Contract Tower,0,10,8,0,18,0,0,71,0,71,0,10,79,0,89,146,0,146,235
01/17/2016,UGN,IL,AGL,CE,Federal Contract Tower,0,7,15,0,22,0,0,20,0,20,0,7,35,0,42,0,0,0,42
01/18/2016,UGN,IL,AGL,CE,Federal Contract Tower,0,10,15,0,25,0,0,21,0,21,0,10,36,0,46,2,0,2,48
01/19/2016,UGN,IL,AGL,CE,Federal Contract Tower,0,8,15,0,23,0,0,24,0,24,0,8,39,0,47,2,0,2,49
01/20/2016,UGN,IL,AGL,CE,Federal Contract Tower,0,4,14,0,18,0,0,23,0,23,0,4,37,0,41,30,0,30,71
01/21/2016,UGN,IL,AGL,CE,Federal Contract Tower,0,7,20,0,27,0,0,41,3,44,0,7,61,3,71,74,4,78,149
01/22/2016,UGN,IL,AGL,CE,Federal Contract Tower,0,7,15,0,22,0,0,10,0,10,0,7,25,0,32,60,0,60,92
01/23/2016,UGN,IL,AGL,CE,Federal Contract Tower,0,3,15,0,18,0,0,86,0,86,0,3,101,0,104,136,0,136,240
01/24/2016,UGN,IL,AGL,CE,Federal Contract Tower,0,9,15,0,24,0,0,17,0,17,0,9,32,0,41,104,0,104,145
01/25/2016,UGN,IL,AGL,CE,Federal Contract Tower,0,4,10,0,14,0,0,19,0,19,0,4,29,0,33,32,0,32,65
01/26/2016,UGN,IL,AGL,CE,Federal Contract Tower,0,14,19,0,33,0,0,3,0,3,0,14,22,0,36,8,0,8,44
01/27/2016,UGN,IL,AGL,CE,Federal Contract Tower,0,13,11,0,24,0,0,36,0,36,0,13,47,0,60,50,0,50,110
01/28/2016,UGN,IL,AGL,CE,Federal Contract Tower,0,14,19,0,33,0,0,16,0,16,0,14,35,0,49,28,0,28,77
01/29/2016,UGN,IL,AGL,CE,Federal Contract Tower,0,12,14,2,28,0,0,74,0,74,0,12,88,2,102,90,0,90,192
01/30/2016,UGN,IL,AGL,CE,Federal Contract Tower,0,6,9,0,15,0,0,93,0,93,0,6,102,0,108,164,0,164,272
01/31/2016,UGN,IL,AGL,CE,Federal Contract Tower,0,12,12,2,26,0,0,1,0,1,0,12,13,2,27,4,0,4,31
02/01/2016,UGN,IL,AGL,CE,Federal Contract Tower,0,9,14,0,23,0,0,46,0,46,0,9,60,0,69,54,0,54,123
02/02/2016,UGN,IL,AGL,CE,Federal Contract Tower,0,4,7,0,11,0,0,1,0,1,0,4,8,0,12,0,0,0,12
02/03/2016,UGN,IL,AGL,CE,Federal Contract Tower,0,14,16,0,30,0,0,2,0,2,0,14,18,0,32,0,0,0,32
02/04/2016,UGN,IL,AGL,CE,Federal Contract Tower,0,11,15,0,26,0,0,38,0,38,0,11,53,0,64,10,0,10,74
02/05/2016,UGN,IL,AGL,CE,Federal Contract Tower,0,6,20,0,26,0,0,34,0,34,0,6,54,0,60,74,0,74,134
02/06/2016,UGN,IL,AGL,CE,Federal Contract Tower,0,3,14,0,17,0,0,79,0,79,0,3,93,0,96,114,0,114,210
02/07/2016,UGN,IL,AGL,CE,Federal Contract Tower,0,8,14,0,22,0,0,55,0,55,0,8,69,0,77,102,0,102,179
02/08/2016,UGN,IL,AGL,CE,Federal Contract Tower,0,13,13,0,26,0,0,4,0,4,0,13,17,0,30,0,0,0,30
02/09/2016,UGN,IL,AGL,CE,Federal Contract Tower,0,9,15,0,24,0,0,5,0,5,0,9,20,0,29,4,0,4,33
02/10/2016,UGN,IL,AGL,CE,Federal Contract Tower,0,11,10,0,21,0,0,31,2,33,0,11,41,2,54,44,10,54,108
02/11/2016,UGN,IL,AGL,CE,Federal Contract Tower,0,19,22,0,41,0,0,38,0,38,0,19,60,0,79,14,0,14,93
02/12/2016,UGN,IL,AGL,CE,Federal Contract Tower,0,15,24,0,39,0,0,23,0,23,0,15,47,0,62,26,0,26,88
02/13/2016,UGN,IL,AGL,CE,Federal Contract Tower,0,6,15,0,21,0,0,57,0,57,0,6,72,0,78,56,0,56,134
02/14/2016,UGN,IL,AGL,CE,Federal Contract Tower,0,6,10,0,16,0,0,0,0,0,0,6,10,0,16,0,0,0,16
02/15/2016,UGN,IL,AGL,CE,Federal Contract Tower,0,19,31,0,50,0,0,0,0,0,0,19,31,0,50,0,0,0,50
02/16/2016,UGN,IL,AGL,CE,Federal Contract Tower,0,7,26,0,33,0,0,0,0,0,0,7,26,0,33,0,0,0,33
02/17/2016,UGN,IL,AGL,CE,Federal Contract Tower,0,4,26,0,30,0,0,34,2,36,0,4,60,2,66,42,0,42,108
02/18/2016,UGN,IL,AGL,CE,Federal Contract Tower,0,6,25,0,31,0,0,14,1,15,0,6,39,1,46,22,0,22,68
02/19/2016,UGN,IL,AGL,CE,Federal Contract Tower,0,22,26,0,48,0,0,0,0,0,0,22,26,0,48,0,0,0,48
02/20/2016,UGN,IL,AGL,CE,Federal Contract Tower,0,7,17,0,24,0,0,68,0,68,0,7,85,0,92,44,0,44,136
02/21/2016,UGN,IL,AGL,CE,Federal Contract Tower,0,11,21,0,32,0,0,32,0,32,0,11,53,0,64,84,0,84,148
02/22/2016,UGN,IL,AGL,CE,Federal Contract Tower,0,7,22,0,29,0,0,44,0,44,0,7,66,0,73,22,0,22,95
02/23/2016,UGN,IL,AGL,CE,Federal Contract Tower,0,7,13,0,20,0,0,50,0,50,0,7,63,0,70,52,0,52,122
02/24/2016,UGN,IL,AGL,CE,Federal Contract Tower,0,18,29,0,47,0,0,1,0,1,0,18,30,0,48,0,0,0,48
02/25/2016,UGN,IL,AGL,CE,Federal Contract Tower,0,8,17,0,25,0,2,7,2,11,0,10,24,2,36,24,0,24,60
02/26/2016,UGN,IL,AGL,CE,Federal Contract Tower,0,5,21,0,26,0,0,53,6,59,0,5,74,6,85,27,0,27,112
02/27/2016,UGN,IL,AGL,CE,Federal Contract Tower,0,5,9,2,16,0,0,71,0,71,0,5,80,2,87,90,0,90,177
02/28/2016,UGN,IL,AGL,CE,Federal Contract Tower,0,8,10,0,18,0,0,8,0,8,0,8,18,0,26,6,0,6,32
02/29/2016,UGN,IL,AGL,CE,Federal Contract Tower,0,8,23,0,31,0,0,18,0,18,0,8,41,0,49,26,0,26,75
03/01/2016,UGN,IL,AGL,CE,Federal Contract Tower,0,2,20,0,22,0,0,0,0,0,0,2,20,0,22,0,0,0,22
03/02/2016,UGN,IL,AGL,CE,Federal Contract Tower,0,6,29,0,35,0,0,45,9,54,0,6,74,9,89,30,0,30,119
03/03/2016,UGN,IL,AGL,CE,Federal Contract Tower,0,14,19,0,33,0,0,0,0,0,0,14,19,0,33,0,0,0,33
03/04/2016,UGN,IL,AGL,CE,Federal Contract Tower,0,5,17,0,22,0,0,67,0,67,0,5,84,0,89,108,0,108,197
03/05/2016,UGN,IL,AGL,CE,Federal Contract Tower,0,3,6,0,9,0,0,14,0,14,0,3,20,0,23,22,0,22,45
03/06/2016,UGN,IL,AGL,CE,Federal Contract Tower,0,13,6,0,19,0,0,63,0,63,0,13,69,0,82,118,0,118,200
03/07/2016,UGN,IL,AGL,CE,Federal Contract Tower,0,9,25,0,34,0,0,35,0,35,0,9,60,0,69,30,0,30,99
03/08/2016,UGN,IL,AGL,CE,Federal Contract Tower,0,6,12,0,18,0,0,41,0,41,0,6,53,0,59,76,0,76,135
03/09/2016,UGN,IL,AGL,CE,Federal Contract Tower,0,7,33,0,40,0,0,10,0,10,0,7,43,0,50,18,0,18,68
03/10/2016,UGN,IL,AGL,CE,Federal Contract Tower,0,3,14,0,17,0,0,31,0,31,0,3,45,0,48,22,0,22,70
03/11/2016,UGN,IL,AGL,CE,Federal Contract Tower,0,15,20,0,35,0,0,79,0,79,0,15,99,0,114,128,0,128,242
03/12/2016,UGN,IL,AGL,CE,Federal Contract Tower,0,4,8,0,12,0,0,64,0,64,0,4,72,0,76,71,0,71,147
03/13/2016,UGN,IL,AGL,CE,Federal Contract Tower,0,2,16,0,18,0,0,2,0,2,0,2,18,0,20,42,0,42,62
03/14/2016,UGN,IL,AGL,CE,Federal Contract Tower,0,8,14,0,22,0,0,5,0,5,0,8,19,0,27,8,0,8,35
03/15/2016,UGN,IL,AGL,CE,Federal Contract Tower,0,6,24,0,30,0,0,0,0,0,0,6,24,0,30,6,0,6,36
03/16/2016,UGN,IL,AGL,CE,Federal Contract Tower,0,9,28,0,37,0,0,0,0,0,0,9,28,0,37,0,0,0,37
03/17/2016,UGN,IL,AGL,CE,Federal Contract Tower,0,14,25,1,40,0,0,16,0,16,0,14,41,1,56,6,0,6,62
03/18/2016,UGN,IL,AGL,CE,Federal Contract Tower,0,18,11,0,29,0,0,53,0,53,0,18,64,0,82,130,0,130,212
03/19/2016,UGN,IL,AGL,CE,Federal Contract Tower,0,17,5,0,22,0,0,40,0,40,0,17,45,0,62,130,0,130,192
03/20/2016,UGN,IL,AGL,CE,Federal Contract Tower,0,3,14,0,17,0,0,72,0,72,0,3,86,0,89,84,0,84,173
03/21/2016,UGN,IL,AGL,CE,Federal Contract Tower,0,12,12,0,24,0,0,47,0,47,0,12,59,0,71,56,0,56,127
03/22/2016,UGN,IL,AGL,CE,Federal Contract Tower,0,7,14,0,21,0,0,48,0,48,0,7,62,0,69,34,0,34,103
03/23/2016,UGN,IL,AGL,CE,Federal Contract Tower,0,8,15,0,23,0,0,0,0,0,0,8,15,0,23,0,0,0,23
03/24/2016,UGN,IL,AGL,CE,Federal Contract Tower,0,4,10,0,14,0,0,0,0,0,0,4,10,0,14,0,0,0,14
03/25/2016,UGN,IL,AGL,CE,Federal Contract Tower,0,19,20,2,41,0,0,80,0,80,0,19,100,2,121,100,0,100,221
03/26/2016,UGN,IL,AGL,CE,Federal Contract Tower,0,11,11,0,22,0,0,98,0,98,0,11,109,0,120,64,0,64,184
03/27/2016,UGN,IL,AGL,CE,Federal Contract Tower,0,4,9,0,13,0,0,22,0,22,0,4,31,0,35,8,0,8,43
03/28/2016,UGN,IL,AGL,CE,Federal Contract Tower,0,16,22,0,38,0,0,49,0,49,0,16,71,0,87,46,6,52,139
03/29/2016,UGN,IL,AGL,CE,Federal Contract Tower,0,4,21,0,25,0,0,51,0,51,0,4,72,0,76,50,0,50,126
03/30/2016,UGN,IL,AGL,CE,Federal Contract Tower,0,2,9,0,11,0,0,13,2,15,0,2,22,2,26,14,0,14,40
03/31/2016,UGN,IL,AGL,CE,Federal Contract Tower,0,15,26,0,41,0,0,1,0,1,0,15,27,0,42,0,0,0,42
04/01/2016,UGN,IL,AGL,CE,Federal Contract Tower,0,13,14,0,27,0,0,41,0,41,0,13,55,0,68,28,0,28,96
04/02/2016,UGN,IL,AGL,CE,Federal Contract Tower,0,2,4,0,6,0,0,0,0,0,0,2,4,0,6,0,0,0,6
04/03/2016,UGN,IL,AGL,CE,Federal Contract Tower,0,13,11,0,24,0,0,30,0,30,0,13,41,0,54,14,0,14,68
04/04/2016,UGN,IL,AGL,CE,Federal Contract Tower,0,16,22,0,38,0,0,38,0,38,0,16,60,0,76,12,0,12,88
04/05/2016,UGN,IL,AGL,CE,Federal Contract Tower,0,7,12,0,19,0,1,53,2,56,0,8,65,2,75,50,6,56,131
04/06/2016,UGN,IL,AGL,CE,Federal Contract Tower,0,5,20,0,25,0,0,0,0,0,0,5,20,0,25,24,0,24,49
04/07/2016,UGN,IL,AGL,CE,Federal Contract Tower,0,10,27,0,37,0,0,5,2,7,0,10,32,2,44,20,2,22,66
04/08/2016,UGN,IL,AGL,CE,Federal Contract Tower,0,9,22,0,31,0,0,0,0,0,0,9,22,0,31,0,0,0,31
04/09/2016,UGN,IL,AGL,CE,Federal Contract Tower,0,8,7,0,15,0,0,75,0,75,0,8,82,0,90,134,0,134,224
04/10/2016,UGN,IL,AGL,CE,Federal Contract Tower,0,21,17,0,38,0,0,21,0,21,0,21,38,0,59,86,0,86,145
04/11/2016,UGN,IL,AGL,CE,Federal Contract Tower,0,8,28,0,36,0,0,65,2,67,0,8,93,2,103,74,0,74,177
04/12/2016,UGN,IL,AGL,CE,Federal Contract Tower,0,4,14,0,18,0,0,91,0,91,0,4,105,0,109,36,0,36,145
04/13/2016,UGN,IL,AGL,CE,Federal Contract Tower,0,7,16,0,23,0,0,86,0,86,0,7,102,0,109,64,0,64,173
04/14/2016,UGN,IL,AGL,CE,Federal Contract Tower,0,3,18,0,21,0,0,89,0,89,0,3,107,0,110,30,0,30,140
04/15/2016,UGN,IL,AGL,CE,Federal Contract Tower,0,16,13,0,29,0,0,70,0,70,0,16,83,0,99,120,0,120,219
04/16/2016,UGN,IL,AGL,CE,Federal Contract Tower,0,5,10,0,15,0,0,103,0,103,0,5,113,0,118,128,0,128,246
04/17/2016,UGN,IL,AGL,CE,Federal Contract Tower,0,2,14,0,16,0,0,67,0,67,0,2,81,0,83,42,0,42,125
04/18/2016,UGN,IL,AGL,CE,Federal Contract Tower,0,11,15,0,26,0,0,65,0,65,0,11,80,0,91,54,0,54,145
04/19/2016,UGN,IL,AGL,CE,Federal Contract Tower,0,7,16,0,23,0,0,54,0,54,0,7,70,0,77,14,0,14,91
04/20/2016,UGN,IL,AGL,CE,Federal Contract Tower,0,11,24,0,35,0,0,56,0,56,0,11,80,0,91,22,0,22,113
04/21/2016,UGN,IL,AGL,CE,Federal Contract Tower,0,12,27,0,39,0,0,18,0,18,0,12,45,0,57,32,0,32,89
04/22/2016,UGN,IL,AGL,CE,Federal Contract Tower,0,8,23,0,31,0,0,35,0,35,0,8,58,0,66,60,0,60,126
04/23/2016,UGN,IL,AGL,CE,Federal Contract Tower,0,13,8,0,21,0,1,97,0,98,0,14,105,0,119,116,0,116,235
04/24/2016,UGN,IL,AGL,CE,Federal Contract Tower,0,22,8,0,30,0,0,108,0,108,0,22,116,0,138,30,0,30,168
04/25/2016,UGN,IL,AGL,CE,Federal Contract Tower,0,5,22,0,27,0,0,27,0,27,0,5,49,0,54,4,0,4,58
04/26/2016,UGN,IL,AGL,CE,Federal Contract Tower,0,8,21,0,29,0,0,4,0,4,0,8,25,0,33,12,0,12,45
04/27/2016,UGN,IL,AGL,CE,Federal Contract Tower,0,4,15,0,19,0,0,13,0,13,0,4,28,0,32,12,0,12,44
04/28/2016,UGN,IL,AGL,CE,Federal Contract Tower,0,7,32,0,39,0,0,14,0,14,0,7,46,0,53,18,0,18,71
04/29/2016,UGN,IL,AGL,CE,Federal Contract Tower,0,7,24,0,31,0,0,143,0,143,0,7,167,0,174,0,0,0,174
04/30/2016,UGN,IL,AGL,CE,Federal Contract Tower,0,12,13,0,25,0,0,31,0,31,0,12,44,0,56,40,0,40,96
05/01/2016,UGN,IL,AGL,CE,Federal Contract Tower,0,8,17,0,25,0,0,0,0,0,0,8,17,0,25,0,0,0,25
05/02/2016,UGN,IL,AGL,CE,Federal Contract Tower,0,7,13,0,20,0,1,88,0,89,0,8,101,0,109,38,0,38,147
05/03/2016,UGN,IL,AGL,CE,Federal Contract Tower,0,13,23,0,36,0,0,84,0,84,0,13,107,0,120,24,0,24,144
05/04/2016,UGN,IL,AGL,CE,Federal Contract Tower,0,14,40,0,54,0,0,21,0,21,0,14,61,0,75,18,0,18,93
05/05/2016,UGN,IL,AGL,CE,Federal Contract Tower,0,15,23,0,38,0,0,68,0,68,0,15,91,0,106,28,0,28,134
05/06/2016,UGN,IL,AGL,CE,Federal Contract Tower,0,20,20,1,41,0,0,136,4,140,0,20,156,5,181,56,0,56,237
05/07/2016,UGN,IL,AGL,CE,Federal Contract Tower,0,7,10,0,17,0,0,69,0,69,0,7,79,0,86,42,0,42,128
05/08/2016,UGN,IL,AGL,CE,Federal Contract Tower,0,6,15,5,26,0,0,98,0,98,0,6,113,5,124,42,0,42,166
05/09/2016,UGN,IL,AGL,CE,Federal Contract Tower,0,2,18,0,20,0,0,51,0,51,0,2,69,0,71,30,0,30,101
05/10/2016,UGN,IL,AGL,CE,Federal Contract Tower,0,1,18,0,19,0,0,0,0,0,0,1,18,0,19,0,0,0,19
05/11/2016,UGN,IL,AGL,CE,Federal Contract Tower,0,8,28,0,36,0,0,0,0,0,0,8,28,0,36,0,0,0,36
05/12/2016,UGN,IL,AGL,CE,Federal Contract Tower,0,11,31,0,42,0,1,29,0,30,0,12,60,0,72,30,0,30,102
05/13/2016,UGN,IL,AGL,CE,Federal Contract Tower,0,14,28,0,42,0,0,53,0,53,0,14,81,0,95,40,0,40,135
05/14/2016,UGN,IL,AGL,CE,Federal Contract Tower,0,7,13,0,20,0,1,96,2,99,0,8,109,2,119,108,0,108,227
05/15/2016,UGN,IL,AGL,CE,Federal Contract Tower,0,17,15,0,32,0,0,107,0,107,0,17,122,0,139,48,0,48,187
05/16/2016,UGN,IL,AGL,CE,Federal Contract Tower,0,6,19,0,25,0,0,39,4,43,0,6,58,4,68,44,0,44,112
05/17/2016,UGN,IL,AGL,CE,Federal Contract Tower,0,12,43,0,55,0,0,59,4,63,0,12,102,4,118,10,0,10,128
05/18/2016,UGN,IL,AGL,CE,Federal Contract Tower,0,10,24,0,34,0,0,67,0,67,0,10,91,0,101,18,0,18,119
05/19/2016,UGN,IL,AGL,CE,Federal Contract Tower,0,5,21,0,26,0,0,93,2,95,0,5,114,2,121,22,4,26,147
05/20/2016,UGN,IL,AGL,CE,Federal Contract Tower,0,8,16,0,24,0,0,88,3,91,0,8,104,3,115,130,0,130,245
05/21/2016,UGN,IL,AGL,CE,Federal Contract Tower,0,5,9,0,14,0,1,109,0,110,0,6,118,0,124,174,0,174,298
05/22/2016,UGN,IL,AGL,CE,Federal Contract Tower,0,10,11,0,21,0,0,89,4,93,0,10,100,4,114,62,0,62,176
05/23/2016,UGN,IL,AGL,CE,Federal Contract Tower,0,16,18,2,36,0,0,57,5,62,0,16,75,7,98,36,0,36,134
05/24/2016,UGN,IL,AGL,CE,Federal Contract Tower,0,16,23,0,39,0,0,72,0,72,0,16,95,0,111,50,0,50,161
05/25/2016,UGN,IL,AGL,CE,Federal Contract Tower,0,13,30,0,43,0,0,20,0,20,0,13,50,0,63,20,0,20,83
05/26/2016,UGN,IL,AGL,CE,Federal Contract Tower,0,13,33,0,46,0,0,34,5,39,0,13,67,5,85,38,12,50,135
05/27/2016,UGN,IL,AGL,CE,Federal Contract Tower,0,11,29,0,40,0,0,31,1,32,0,11,60,1,72,72,0,72,144
05/28/2016,UGN,IL,AGL,CE,Federal Contract Tower,0,12,14,0,26,0,0,75,3,78,0,12,89,3,104,114,0,114,218
05/29/2016,UGN,IL,AGL,CE,Federal Contract Tower,0,8,6,0,14,0,0,46,6,52,0,8,52,6,66,32,0,32,98
05/30/2016,UGN,IL,AGL,CE,Federal Contract Tower,0,7,19,0,26,0,0,65,0,65,0,7,84,0,91,72,0,72,163
05/31/2016,UGN,IL,AGL,CE,Federal Contract Tower,0,8,21,0,29,0,0,52,5,57,0,8,73,5,86,42,0,42,128
06/01/2016,UGN,IL,AGL,CE,Federal Contract Tower,0,7,43,2,52,0,0,32,2,34,0,7,75,4,86,30,0,30,116
06/02/2016,UGN,IL,AGL,CE,Federal Contract Tower,0,10,26,0,36,0,0,68,0,68,0,10,94,0,104,72,0,72,176
06/03/2016,UGN,IL,AGL,CE,Federal Contract Tower,0,22,18,0,40,0,0,102,5,107,0,22,120,5,147,94,0,94,241
06/04/2016,UGN,IL,AGL,CE,Federal Contract Tower,0,5,15,0,20,0,0,15,0,15,0,5,30,0,35,4,0,4,39
06/05/2016,UGN,IL,AGL,CE,Federal Contract Tower,0,11,14,2,27,0,0,95,4,99,0,11,109,6,126,28,0,28,154
06/06/2016,UGN,IL,AGL,CE,Federal Contract Tower,0,10,13,0,23,0,0,25,3,28,0,10,38,3,51,10,0,10,61
06/07/2016,UGN,IL,AGL,CE,Federal Contract Tower,0,14,20,0,34,0,0,72,1,73,0,14,92,1,107,52,0,52,159
06/08/2016,UGN,IL,AGL,CE,Federal Contract Tower,0,10,28,0,38,0,0,80,1,81,0,10,108,1,119,32,0,32,151
06/09/2016,UGN,IL,AGL,CE,Federal Contract Tower,0,13,30,0,43,0,0,44,2,46,0,13,74,2,89,28,0,28,117
06/10/2016,UGN,IL,AGL,CE,Federal Contract Tower,0,24,18,1,43,0,0,77,5,82,0,24,95,6,125,44,0,44,169
06/11/2016,UGN,IL,AGL,CE,Federal Contract Tower,0,8,13,4,25,0,0,138,2,140,0,8,151,6,165,56,0,56,221
06/12/2016,UGN,IL,AGL,CE,Federal Contract Tower,0,18,11,1,30,0,0,92,6,98,0,18,103,7,128,38,0,38,166
06/13/2016,UGN,IL,AGL,CE,Federal Contract Tower,0,13,22,0,35,0,0,45,5,50,0,13,67,5,85,54,2,56,141
06/14/2016,UGN,IL,AGL,CE,Federal Contract Tower,0,9,41,3,53,0,1,61,7,69,0,10,102,10,122,12,0,12,134
06/15/2016,UGN,IL,AGL,CE,Federal Contract Tower,0,7,20,0,27,0,0,26,2,28,0,7,46,2,55,44,0,44,99
06/16/2016,UGN,IL,AGL,CE,Federal Contract Tower,0,6,26,0,32,0,0,28,0,28,0,6,54,0,60,10,0,10,70
06/17/2016,UGN,IL,AGL,CE,Federal Contract Tower,0,21,15,0,36,0,0,85,4,89,0,21,100,4,125,84,0,84,209
06/18/2016,UGN,IL,AGL,CE,Federal Contract Tower,0,8,24,0,32,0,0,105,5,110,0,8,129,5,142,56,6,62,204
06/19/2016,UGN,IL,AGL,CE,Federal Contract Tower,0,11,17,4,32,0,0,107,2,109,0,11,124,6,141,66,0,66,207
06/20/2016,UGN,IL,AGL,CE,Federal Contract Tower,0,13,19,0,32,0,0,86,1,87,0,13,105,1,119,44,0,44,163
06/21/2016,UGN,IL,AGL,CE,Federal Contract Tower,0,15,27,0,42,0,0,73,0,73,0,15,100,0,115,60,6,66,181
06/22/2016,UGN,IL,AGL,CE,Federal Contract Tower,0,10,40,0,50,0,0,30,4,34,0,10,70,4,84,46,0,46,130
06/23/2016,UGN,IL,AGL,CE,Federal Contract Tower,0,10,30,0,40,0,0,28,0,28,0,10,58,0,68,16,0,16,84
06/24/2016,UGN,IL,AGL,CE,Federal Contract Tower,0,11,27,0,38,0,0,97,8,105,0,11,124,8,143,28,28,56,199
06/25/2016,UGN,IL,AGL,CE,Federal Contract Tower,0,24,10,0,34,0,0,140,6,146,0,24,150,6,180,76,0,76,256
06/26/2016,UGN,IL,AGL,CE,Federal Contract Tower,0,12,28,0,40,0,0,51,8,59,0,12,79,8,99,42,2,44,143
06/27/2016,UGN,IL,AGL,CE,Federal Contract Tower,0,13,20,0,33,0,0,100,4,104,0,13,120,4,137,78,0,78,215
06/28/2016,UGN,IL,AGL,CE,Federal Contract Tower,0,12,23,0,35,0,0,62,0,62,0,12,85,0,97,42,0,42,139
06/29/2016,UGN,IL,AGL,CE,Federal Contract Tower,0,11,21,0,32,0,0,96,8,104,0,11,117,8,136,4,4,8,144
06/30/2016,UGN,IL,AGL,CE,Federal Contract Tower,0,15,22,0,37,0,0,60,1,61,0,15,82,1,98,34,0,34,132
07/01/2016,UGN,IL,AGL,CE,Federal Contract Tower,0,19,16,0,35,0,0,101,2,103,0,19,117,2,138,66,0,66,204
07/02/2016,UGN,IL,AGL,CE,Federal Contract Tower,0,8,9,0,17,0,0,112,0,112,0,8,121,0,129,56,0,56,185
07/03/2016,UGN,IL,AGL,CE,Federal Contract Tower,0,13,4,0,17,0,0,30,2,32,0,13,34,2,49,68,0,68,117
07/04/2016,UGN,IL,AGL,CE,Federal Contract Tower,0,3,13,0,16,0,0,5,4,9,0,3,18,4,25,0,0,0,25
07/05/2016,UGN,IL,AGL,CE,Federal Contract Tower,0,8,17,0,25,0,0,71,1,72,0,8,88,1,97,62,0,62,159
07/06/2016,UGN,IL,AGL,CE,Federal Contract Tower,0,6,33,0,39,0,0,58,5,63,0,6,91,5,102,92,8,100,202
07/07/2016,UGN,IL,AGL,CE,Federal Contract Tower,0,12,16,0,28,0,0,36,2,38,0,12,52,2,66,98,0,98,164
07/08/2016,UGN,IL,AGL,CE,Federal Contract Tower,0,16,15,0,31,0,0,58,4,62,0,16,73,4,93,28,0,28,121
07/09/2016,UGN,IL,AGL,CE,Federal Contract Tower,0,17,9,0,26,0,0,87,2,89,0,17,96,2,115,183,0,183,298
07/10/2016,UGN,IL,AGL,CE,Federal Contract Tower,0,8,9,0,17,0,0,69,2,71,0,8,78,2,88,106,8,114,202
07/11/2016,UGN,IL,AGL,CE,Federal Contract Tower,0,19,14,0,33,0,0,80,2,82,0,19,94,2,115,50,0,50,165
07/12/2016,UGN,IL,AGL,CE,Federal Contract Tower,0,10,24,1,35,0,0,0,0,0,0,10,24,1,35,24,0,24,59
07/13/2016,UGN,IL,AGL,CE,Federal Contract Tower,0,16,25,0,41,0,0,36,2,38,0,16,61,2,79,24,0,24,103
07/14/2016,UGN,IL,AGL,CE,Federal Contract Tower,0,10,21,1,32,0,0,68,9,77,0,10,89,10,109,30,0,30,139
07/15/2016,UGN,IL,AGL,CE,Federal Contract Tower,0,18,38,5,61,0,0,95,4,99,0,18,133,9,160,102,0,102,262
07/16/2016,UGN,IL,AGL,CE,Federal Contract Tower,0,17,7,0,24,0,0,126,3,129,0,17,133,3,153,114,0,114,267
07/17/2016,UGN,IL,AGL,CE,Federal Contract Tower,0,27,27,1,55,0,0,25,3,28,0,27,52,4,83,8,6,14,97
07/18/2016,UGN,IL,AGL,CE,Federal Contract Tower,0,9,14,0,23,0,0,83,1,84,0,9,97,1,107,84,0,84,191
07/19/2016,UGN,IL,AGL,CE,Federal Contract Tower,0,14,15,0,29,0,0,90,3,93,0,14,105,3,122,34,0,34,156
07/20/2016,UGN,IL,AGL,CE,Federal Contract Tower,0,11,16,1,28,0,0,58,3,61,0,11,74,4,89,28,2,30,119
07/21/2016,UGN,IL,AGL,CE,Federal Contract Tower,0,14,19,0,33,0,0,27,4,31,0,14,46,4,64,18,6,24,88
07/22/2016,UGN,IL,AGL,CE,Federal Contract Tower,0,16,18,0,34,0,0,67,6,73,0,16,85,6,107,46,4,50,157
07/23/2016,UGN,IL,AGL,CE,Federal Contract Tower,0,10,13,0,23,0,0,55,1,56,0,10,68,1,79,70,0,70,149
07/24/2016,UGN,IL,AGL,CE,Federal Contract Tower,0,13,22,4,39,0,0,68,4,72,0,13,90,8,111,60,0,60,171
07/25/2016,UGN,IL,AGL,CE,Federal Contract Tower,0,4,22,0,26,0,0,89,0,89,0,4,111,0,115,14,0,14,129
07/26/2016,UGN,IL,AGL,CE,Federal Contract Tower,0,7,17,0,24,0,0,76,3,79,0,7,93,3,103,10,0,10,113
07/27/2016,UGN,IL,AGL,CE,Federal Contract Tower,0,12,27,1,40,0,0,63,3,66,0,12,90,4,106,36,0,36,142
07/28/2016,UGN,IL,AGL,CE,Federal Contract Tower,0,12,30,1,43,0,0,23,2,25,0,12,53,3,68,28,0,28,96
07/29/2016,UGN,IL,AGL,CE,Federal Contract Tower,0,19,35,0,54,0,0,60,2,62,0,19,95,2,116,52,0,52,168
07/30/2016,UGN,IL,AGL,CE,Federal Contract Tower,0,16,20,0,36,0,0,74,2,76,0,16,94,2,112,26,0,26,138
07/31/2016,UGN,IL,AGL,CE,Federal Contract Tower,0,29,27,2,58,0,0,75,2,77,0,29,102,4,135,61,0,61,196
08/01/2016,UGN,IL,AGL,CE,Federal Contract Tower,0,16,23,0,39,0,0,84,9,93,0,16,107,9,132,66,2,68,200
08/02/2016,UGN,IL,AGL,CE,Federal Contract Tower,0,14,22,0,36,0,0,67,4,71,0,14,89,4,107,14,0,14,121
08/03/2016,UGN,IL,AGL,CE,Federal Contract Tower,0,12,20,0,32,0,0,67,2,69,0,12,87,2,101,46,0,46,147
08/04/2016,UGN,IL,AGL,CE,Federal Contract Tower,0,17,24,0,41,0,0,40,6,46,0,17,64,6,87,18,0,18,105
08/05/2016,UGN,IL,AGL,CE,Federal Contract Tower,0,26,18,1,45,0,0,53,2,55,0,26,71,3,100,96,0,96,196
08/06/2016,UGN,IL,AGL,CE,Federal Contract Tower,0,15,16,0,31,0,0,133,4,137,0,15,149,4,168,80,0,80,248
08/07/2016,UGN,IL,AGL,CE,Federal Contract Tower,0,48,37,1,86,0,0,73,2,75,0,48,110,3,161,64,0,64,225
08/08/2016,UGN,IL,AGL,CE,Federal Contract Tower,0,12,20,0,32,0,0,63,3,66,0,12,83,3,98,72,0,72,170
08/09/2016,UGN,IL,AGL,CE,Federal Contract Tower,0,18,24,0,42,0,0,95,1,96,0,18,119,1,138,60,0,60,198
08/10/2016,UGN,IL,AGL,CE,Federal Contract Tower,0,12,21,0,33,0,0,44,2,46,0,12,65,2,79,28,0,28,107
08/11/2016,UGN,IL,AGL,CE,Federal Contract Tower,0,9,18,0,27,0,0,46,2,48,0,9,64,2,75,31,0,31,106
08/12/2016,UGN,IL,AGL,CE,Federal Contract Tower,0,22,23,0,45,0,0,15,0,15,0,22,38,0,60,0,0,0,60
08/13/2016,UGN,IL,AGL,CE,Federal Contract Tower,0,18,23,0,41,0,0,50,2,52,0,18,73,2,93,77,6,83,176
08/14/2016,UGN,IL,AGL,CE,Federal Contract Tower,0,16,17,0,33,0,0,114,5,119,0,16,131,5,152,78,10,88,240
08/15/2016,UGN,IL,AGL,CE,Federal Contract Tower,0,12,15,0,27,0,0,50,4,54,0,12,65,4,81,104,0,104,185
08/16/2016,UGN,IL,AGL,CE,Federal Contract Tower,0,15,36,0,51,0,0,79,2,81,0,15,115,2,132,44,0,44,176
08/17/2016,UGN,IL,AGL,CE,Federal Contract Tower,0,5,30,0,35,0,0,43,3,46,0,5,73,3,81,36,0,36,117
08/18/2016,UGN,IL,AGL,CE,Federal Contract Tower,0,11,25,1,37,0,0,55,2,57,0,11,80,3,94,48,0,48,142
08/19/2016,UGN,IL,AGL,CE,Federal Contract Tower,0,19,21,1,41,0,0,28,2,30,0,19,49,3,71,48,10,58,129
08/20/2016,UGN,IL,AGL,CE,Federal Contract Tower,0,3,4,0,7,0,1,25,0,26,0,4,29,0,33,82,0,82,115
08/21/2016,UGN,IL,AGL,CE,Federal Contract Tower,0,8,19,0,27,0,0,73,3,76,0,8,92,3,103,68,2,70,173
08/22/2016,UGN,IL,AGL,CE,Federal Contract Tower,0,17,22,0,39,0,0,66,4,70,0,17,88,4,109,28,0,28,137
08/23/2016,UGN,IL,AGL,CE,Federal Contract Tower,0,15,31,0,46,0,0,88,1,89,0,15,119,1,135,38,2,40,175
08/24/2016,UGN,IL,AGL,CE,Federal Contract Tower,0,5,22,0,27,0,0,30,1,31,0,5,52,1,58,4,0,4,62
08/25/2016,UGN,IL,AGL,CE,Federal Contract Tower,0,11,20,0,31,0,0,70,3,73,0,11,90,3,104,90,0,90,194
08/26/2016,UGN,IL,AGL,CE,Federal Contract Tower,0,23,27,0,50,0,0,106,1,107,0,23,133,1,157,110,0,110,267
08/27/2016,UGN,IL,AGL,CE,Federal Contract Tower,0,4,11,0,15,0,0,49,0,49,0,4,60,0,64,10,0,10,74
08/28/2016,UGN,IL,AGL,CE,Federal Contract Tower,0,14,18,1,33,0,0,60,1,61,0,14,78,2,94,36,0,36,130
08/29/2016,UGN,IL,AGL,CE,Federal Contract Tower,0,11,12,0,23,0,0,56,2,58,0,11,68,2,81,52,0,52,133
08/30/2016,UGN,IL,AGL,CE,Federal Contract Tower,0,3,33,0,36,0,0,19,3,22,0,3,52,3,58,0,0,0,58
08/31/2016,UGN,IL,AGL,CE,Federal Contract Tower,0,9,19,1,29,0,0,57,3,60,0,9,76,4,89,90,0,90,179
09/01/2016,UGN,IL,AGL,CE,Federal Contract Tower,0,8,21,0,29,0,0,55,6,61,0,8,76,6,90,70,2,72,162
09/02/2016,UGN,IL,AGL,CE,Federal Contract Tower,0,10,18,0,28,0,0,111,1,112,0,10,129,1,140,68,10,78,218
09/03/2016,UGN,IL,AGL,CE,Federal Contract Tower,0,4,11,0,15,0,0,103,4,107,0,4,114,4,122,52,4,56,178
09/04/2016,UGN,IL,AGL,CE,Federal Contract Tower,0,4,6,0,10,0,0,57,1,58,0,4,63,1,68,14,1,15,83
09/05/2016,UGN,IL,AGL,CE,Federal Contract Tower,0,17,22,0,39,0,0,29,2,31,0,17,51,2,70,28,0,28,98
09/06/2016,UGN,IL,AGL,CE,Federal Contract Tower,0,7,27,1,35,0,0,31,5,36,0,7,58,6,71,8,0,8,79
09/07/2016,UGN,IL,AGL,CE,Federal Contract Tower,0,11,19,0,30,0,0,51,5,56,0,11,70,5,86,78,0,78,164
09/08/2016,UGN,IL,AGL,CE,Federal Contract Tower,0,12,31,0,43,0,0,15,0,15,0,12,46,0,58,30,0,30,88
09/09/2016,UGN,IL,AGL,CE,Federal Contract Tower,0,13,25,2,40,0,0,63,0,63,0,13,88,2,103,54,0,54,157
09/10/2016,UGN,IL,AGL,CE,Federal Contract Tower,0,12,6,2,20,0,0,125,2,127,0,12,131,4,147,6,0,6,153
09/11/2016,UGN,IL,AGL,CE,Federal Contract Tower,0,7,24,0,31,0,0,121,3,124,0,7,145,3,155,50,2,52,207
09/12/2016,UGN,IL,AGL,CE,Federal Contract Tower,0,11,25,2,38,0,0,56,0,56,0,11,81,2,94,56,0,56,150
09/13/2016,UGN,IL,AGL,CE,Federal Contract Tower,0,6,33,0,39,0,0,54,0,54,0,6,87,0,93,60,0,60,153
09/14/2016,UGN,IL,AGL,CE,Federal Contract Tower,0,8,20,0,28,0,0,52,2,54,0,8,72,2,82,66,0,66,148
09/15/2016,UGN,IL,AGL,CE,Federal Contract Tower,0,3,27,0,30,0,0,72,2,74,0,3,99,2,104,30,0,30,134
09/16/2016,UGN,IL,AGL,CE,Federal Contract Tower,0,20,28,0,48,0,2,33,0,35,0,22,61,0,83,24,0,24,107
09/17/2016,UGN,IL,AGL,CE,Federal Contract Tower,0,19,35,0,54,0,0,68,0,68,0,19,103,0,122,94,0,94,216
09/18/2016,UGN,IL,AGL,CE,Federal Contract Tower,0,29,52,0,81,0,0,62,0,62,0,29,114,0,143,90,0,90,233
09/19/2016,UGN,IL,AGL,CE,Federal Contract Tower,0,10,18,0,28,0,0,50,0,50,0,10,68,0,78,40,0,40,118
09/20/2016,UGN,IL,AGL,CE,Federal Contract Tower,0,4,24,1,29,0,0,61,0,61,0,4,85,1,90,48,0,48,138
09/21/2016,UGN,IL,AGL,CE,Federal Contract Tower,0,25,20,0,45,0,0,21,0,21,0,25,41,0,66,6,0,6,72
09/22/2016,UGN,IL,AGL,CE,Federal Contract Tower,0,17,26,1,44,0,0,56,0,56,0,17,82,1,100,28,0,28,128
09/23/2016,UGN,IL,AGL,CE,Federal Contract Tower,0,16,45,0,61,0,0,28,0,28,0,16,73,0,89,76,0,76,165
09/24/2016,UGN,IL,AGL,CE,Federal Contract Tower,0,12,18,0,30,0,0,76,0,76,0,12,94,0,106,58,0,58,164
09/25/2016,UGN,IL,AGL,CE,Federal Contract Tower,0,15,7,0,22,0,0,67,0,67,0,15,74,0,89,44,0,44,133
09/26/2016,UGN,IL,AGL,CE,Federal Contract Tower,0,7,15,0,22,0,0,21,0,21,0,7,36,0,43,8,0,8,51
09/27/2016,UGN,IL,AGL,CE,Federal Contract Tower,0,14,21,2,37,0,0,24,0,24,0,14,45,2,61,12,0,12,73
09/28/2016,UGN,IL,AGL,CE,Federal Contract Tower,0,10,31,0,41,0,0,25,0,25,0,10,56,0,66,12,0,12,78
09/29/2016,UGN,IL,AGL,CE,Federal Contract Tower,0,11,26,0,37,0,0,5,0,5,0,11,31,0,42,18,0,18,60
09/30/2016,UGN,IL,AGL,CE,Federal Contract Tower,0,6,33,0,39,0,0,2,0,2,0,6,35,0,41,0,0,0,41
10/01/2016,UGN,IL,AGL,CE,Federal Contract Tower,0,4,11,0,15,0,0,0,0,0,0,4,11,0,15,0,0,0,15
10/02/2016,UGN,IL,AGL,CE,Federal Contract Tower,0,10,24,2,36,0,0,10,0,10,0,10,34,2,46,10,0,10,56
10/03/2016,UGN,IL,AGL,CE,Federal Contract Tower,0,15,29,0,44,0,0,101,0,101,0,15,130,0,145,22,0,22,167
10/04/2016,UGN,IL,AGL,CE,Federal Contract Tower,0,4,24,0,28,0,0,56,0,56,0,4,80,0,84,14,0,14,98
10/05/2016,UGN,IL,AGL,CE,Federal Contract Tower,0,18,33,0,51,0,0,42,0,42,0,18,75,0,93,14,0,14,107
10/06/2016,UGN,IL,AGL,CE,Federal Contract Tower,0,11,39,0,50,0,0,8,0,8,0,11,47,0,58,0,0,0,58
10/07/2016,UGN,IL,AGL,CE,Federal Contract Tower,0,11,36,0,47,0,0,52,0,52,0,11,88,0,99,26,0,26,125
10/08/2016,UGN,IL,AGL,CE,Federal Contract Tower,0,4,18,0,22,0,0,99,0,99,0,4,117,0,121,108,0,108,229
10/09/2016,UGN,IL,AGL,CE,Federal Contract Tower,0,15,34,0,49,0,0,74,0,74,0,15,108,0,123,18,0,18,141
10/10/2016,UGN,IL,AGL,CE,Federal Contract Tower,0,10,25,0,35,0,0,100,0,100,0,10,125,0,135,36,0,36,171
10/11/2016,UGN,IL,AGL,CE,Federal Contract Tower,0,10,23,0,33,0,0,60,0,60,0,10,83,0,93,58,0,58,151
10/12/2016,UGN,IL,AGL,CE,Federal Contract Tower,0,9,24,2,35,0,0,20,0,20,0,9,44,2,55,14,0,14,69
10/13/2016,UGN,IL,AGL,CE,Federal Contract Tower,0,14,21,0,35,0,0,93,0,93,0,14,114,0,128,38,0,38,166
10/14/2016,UGN,IL,AGL,CE,Federal Contract Tower,0,15,19,0,34,0,0,88,2,90,0,15,107,2,124,142,0,142,266
10/15/2016,UGN,IL,AGL,CE,Federal Contract Tower,0,6,17,0,23,0,0,0,0,0,0,6,17,0,23,0,0,0,23
10/16/2016,UGN,IL,AGL,CE,Federal Contract Tower,0,8,10,5,23,0,0,0,0,0,0,8,10,5,23,0,0,0,23
10/17/2016,UGN,IL,AGL,CE,Federal Contract Tower,0,10,17,2,29,0,0,19,0,19,0,10,36,2,48,0,0,0,48
10/18/2016,UGN,IL,AGL,CE,Federal Contract Tower,0,12,24,1,37,0,0,58,0,58,0,12,82,1,95,21,0,21,116
10/19/2016,UGN,IL,AGL,CE,Federal Contract Tower,0,4,15,0,19,0,0,72,0,72,0,4,87,0,91,62,0,62,153
10/20/2016,UGN,IL,AGL,CE,Federal Contract Tower,0,10,26,0,36,0,0,31,2,33,0,10,57,2,69,20,6,26,95
10/21/2016,UGN,IL,AGL,CE,Federal Contract Tower,0,7,20,0,27,0,1,65,2,68,0,8,85,2,95,29,0,29,124
10/22/2016,UGN,IL,AGL,CE,Federal Contract Tower,0,8,17,0,25,0,0,94,0,94,0,8,111,0,119,100,0,100,219
10/23/2016,UGN,IL,AGL,CE,Federal Contract Tower,0,7,16,0,23,0,0,75,1,76,0,7,91,1,99,42,0,42,141
10/24/2016,UGN,IL,AGL,CE,Federal Contract Tower,0,10,16,0,26,0,0,67,0,67,0,10,83,0,93,32,0,32,125
10/25/2016,UGN,IL,AGL,CE,Federal Contract Tower,0,7,13,0,20,0,0,69,0,69,0,7,82,0,89,42,0,42,131
10/26/2016,UGN,IL,AGL,CE,Federal Contract Tower,0,5,19,0,24,0,0,0,0,0,0,5,19,0,24,0,0,0,24
10/27/2016,UGN,IL,AGL,CE,Federal Contract Tower,0,10,25,0,35,0,0,58,0,58,0,10,83,0,93,60,0,60,153
10/28/2016,UGN,IL,AGL,CE,Federal Contract Tower,0,17,24,0,41,0,0,47,0,47,0,17,71,0,88,86,0,86,174
10/29/2016,UGN,IL,AGL,CE,Federal Contract Tower,0,16,13,0,29,0,0,60,0,60,0,16,73,0,89,116,0,116,205
10/30/2016,UGN,IL,AGL,CE,Federal Contract Tower,0,13,26,0,39,0,0,42,0,42,0,13,68,0,81,38,0,38,119
10/31/2016,UGN,IL,AGL,CE,Federal Contract Tower,0,8,11,0,19,0,0,67,0,67,0,8,78,0,86,18,0,18,104
11/01/2016,UGN,IL,AGL,CE,Federal Contract Tower,0,8,27,0,35,0,0,58,0,58,0,8,85,0,93,34,0,34,127
11/02/2016,UGN,IL,AGL,CE,Federal Contract Tower,0,16,22,0,38,0,0,0,0,0,0,16,22,0,38,0,0,0,38
11/03/2016,UGN,IL,AGL,CE,Federal Contract Tower,0,10,16,0,26,0,0,43,0,43,0,10,59,0,69,6,0,6,75
11/04/2016,UGN,IL,AGL,CE,Federal Contract Tower,0,9,18,0,27,0,0,66,0,66,0,9,84,0,93,84,0,84,177
11/05/2016,UGN,IL,AGL,CE,Federal Contract Tower,0,5,9,0,14,0,0,79,0,79,0,5,88,0,93,38,0,38,131
11/06/2016,UGN,IL,AGL,CE,Federal Contract Tower,0,14,15,0,29,0,0,84,0,84,0,14,99,0,113,46,0,46,159
11/07/2016,UGN,IL,AGL,CE,Federal Contract Tower,0,10,22,0,32,0,0,73,0,73,0,10,95,0,105,90,0,90,195
11/08/2016,UGN,IL,AGL,CE,Federal Contract Tower,0,11,25,0,36,0,0,38,0,38,0,11,63,0,74,28,0,28,102
11/09/2016,UGN,IL,AGL,CE,Federal Contract Tower,0,3,21,0,24,0,0,90,0,90,0,3,111,0,114,36,0,36,150
11/10/2016,UGN,IL,AGL,CE,Federal Contract Tower,0,14,16,0,30,0,0,24,0,24,0,14,40,0,54,6,0,6,60
11/11/2016,UGN,IL,AGL,CE,Federal Contract Tower,0,13,12,0,25,0,0,39,0,39,0,13,51,0,64,10,0,10,74
11/12/2016,UGN,IL,AGL,CE,Federal Contract Tower,0,7,6,0,13,0,2,104,0,106,0,9,110,0,119,54,0,54,173
11/13/2016,UGN,IL,AGL,CE,Federal Contract Tower,0,12,6,0,18,0,0,71,0,71,0,12,77,0,89,16,0,16,105
11/14/2016,UGN,IL,AGL,CE,Federal Contract Tower,0,4,18,0,22,0,0,96,0,96,0,4,114,0,118,88,0,88,206
11/15/2016,UGN,IL,AGL,CE,Federal Contract Tower,0,11,24,0,35,0,0,64,0,64,0,11,88,0,99,12,0,12,111
11/16/2016,UGN,IL,AGL,CE,Federal Contract Tower,0,12,17,0,29,0,0,74,0,74,0,12,91,0,103,72,0,72,175
11/17/2016,UGN,IL,AGL,CE,Federal Contract Tower,0,10,13,0,23,0,0,39,0,39,0,10,52,0,62,30,0,30,92
11/18/2016,UGN,IL,AGL,CE,Federal Contract Tower,0,19,14,0,33,0,2,11,0,13,0,21,25,0,46,8,0,8,54
11/19/2016,UGN,IL,AGL,CE,Federal Contract Tower,0,2,1,0,3,0,0,0,0,0,0,2,1,0,3,0,0,0,3
11/20/2016,UGN,IL,AGL,CE,Federal Contract Tower,0,10,19,0,29,0,0,13,0,13,0,10,32,0,42,0,0,0,42
11/21/2016,UGN,IL,AGL,CE,Federal Contract Tower,0,13,8,0,21,0,0,91,0,91,0,13,99,0,112,56,0,56,168
11/22/2016,UGN,IL,AGL,CE,Federal Contract Tower,0,15,16,0,31,0,0,32,0,32,0,15,48,0,63,38,0,38,101
11/23/2016,UGN,IL,AGL,CE,Federal Contract Tower,0,10,15,0,25,0,0,0,0,0,0,10,15,0,25,0,0,0,25
11/24/2016,UGN,IL,AGL,CE,Federal Contract Tower,0,2,7,0,9,0,0,4,2,6,0,2,11,2,15,0,0,0,15
11/25/2016,UGN,IL,AGL,CE,Federal Contract Tower,0,4,8,0,12,0,0,47,0,47,0,4,55,0,59,20,0,20,79
11/26/2016,UGN,IL,AGL,CE,Federal Contract Tower,0,13,17,0,30,0,0,62,0,62,0,13,79,0,92,70,0,70,162
11/27/2016,UGN,IL,AGL,CE,Federal Contract Tower,0,15,19,0,34,0,0,1,0,1,0,15,20,0,35,0,0,0,35
11/28/2016,UGN,IL,AGL,CE,Federal Contract Tower,0,14,9,0,23,0,0,0,0,0,0,14,9,0,23,0,0,0,23
11/29/2016,UGN,IL,AGL,CE,Federal Contract Tower,0,7,12,0,19,0,57,0,0,57,0,64,12,0,76,26,0,26,102
11/30/2016,UGN,IL,AGL,CE,Federal Contract Tower,0,3,17,0,20,0,0,75,0,75,0,3,92,0,95,52,0,52,147
12/01/2016,UGN,IL,AGL,CE,Federal Contract Tower,0,9,24,2,35,0,0,17,0,17,0,9,41,2,52,42,0,42,94
12/02/2016,UGN,IL,AGL,CE,Federal Contract Tower,0,6,11,0,17,0,0,51,0,51,0,6,62,0,68,80,0,80,148
12/03/2016,UGN,IL,AGL,CE,Federal Contract Tower,0,3,8,0,11,0,0,92,0,92,0,3,100,0,103,100,0,100,203
12/04/2016,UGN,IL,AGL,CE,Federal Contract Tower,0,3,7,0,10,0,0,0,0,0,0,3,7,0,10,0,0,0,10
12/05/2016,UGN,IL,AGL,CE,Federal Contract Tower,0,6,24,0,30,0,0,0,0,0,0,6,24,0,30,0,0,0,30
12/06/2016,UGN,IL,AGL,CE,Federal Contract Tower,0,7,30,0,37,0,9,0,0,9,0,16,30,0,46,12,0,12,58
12/07/2016,UGN,IL,AGL,CE,Federal Contract Tower,0,0,22,0,22,0,0,18,0,18,0,0,40,0,40,32,0,32,72
12/08/2016,UGN,IL,AGL,CE,Federal Contract Tower,0,11,22,0,33,0,0,21,1,22,0,11,43,1,55,2,0,2,57
12/09/2016,UGN,IL,AGL,CE,Federal Contract Tower,0,7,20,0,27,0,0,46,0,46,0,7,66,0,73,52,0,52,125
12/10/2016,UGN,IL,AGL,CE,Federal Contract Tower,0,11,19,0,30,0,0,54,0,54,0,11,73,0,84,78,0,78,162
12/11/2016,UGN,IL,AGL,CE,Federal Contract Tower,0,6,4,0,10,0,0,0,0,0,0,6,4,0,10,0,0,0,10
12/12/2016,UGN,IL,AGL,CE,Federal Contract Tower,0,9,22,0,31,0,0,7,0,7,0,9,29,0,38,6,0,6,44
12/13/2016,UGN,IL,AGL,CE,Federal Contract Tower,0,9,27,0,36,0,0,30,0,30,0,9,57,0,66,0,0,0,66
12/14/2016,UGN,IL,AGL,CE,Federal Contract Tower,0,10,12,0,22,0,0,8,0,8,0,10,20,0,30,4,0,4,34
12/15/2016,UGN,IL,AGL,CE,Federal Contract Tower,0,14,16,0,30,0,0,21,0,21,0,14,37,0,51,0,0,0,51
12/16/2016,UGN,IL,AGL,CE,Federal Contract Tower,0,16,8,0,24,0,0,15,0,15,0,16,23,0,39,0,0,0,39
12/17/2016,UGN,IL,AGL,CE,Federal Contract Tower,0,9,6,0,15,0,0,0,0,0,0,9,6,0,15,0,0,0,15
12/18/2016,UGN,IL,AGL,CE,Federal Contract Tower,0,13,9,0,22,0,0,6,0,6,0,13,15,0,28,0,0,0,28
12/19/2016,UGN,IL,AGL,CE,Federal Contract Tower,0,6,11,0,17,0,0,14,0,14,0,6,25,0,31,0,0,0,31
12/20/2016,UGN,IL,AGL,CE,Federal Contract Tower,0,7,14,0,21,0,0,11,0,11,0,7,25,0,32,0,0,0,32
12/21/2016,UGN,IL,AGL,CE,Federal Contract Tower,0,8,8,0,16,0,0,28,4,32,0,8,36,4,48,6,0,6,54
12/22/2016,UGN,IL,AGL,CE,Federal Contract Tower,0,19,11,0,30,0,0,89,0,89,0,19,100,0,119,32,0,32,151
12/23/2016,UGN,IL,AGL,CE,Federal Contract Tower,0,5,6,0,11,0,0,28,0,28,0,5,34,0,39,2,0,2,41
12/24/2016,UGN,IL,AGL,CE,Federal Contract Tower,0,5,4,0,9,0,0,24,0,24,0,5,28,0,33,24,0,24,57
12/25/2016,UGN,IL,AGL,CE,Federal Contract Tower,0,7,5,0,12,0,0,0,0,0,0,7,5,0,12,0,0,0,12
12/26/2016,UGN,IL,AGL,CE,Federal Contract Tower,0,19,28,0,47,0,0,6,0,6,0,19,34,0,53,0,0,0,53
12/27/2016,UGN,IL,AGL,CE,Federal Contract Tower,0,13,13,0,26,0,0,36,0,36,0,13,49,0,62,64,0,64,126
12/28/2016,UGN,IL,AGL,CE,Federal Contract Tower,0,5,9,0,14,0,0,29,0,29,0,5,38,0,43,10,0,10,53
12/29/2016,UGN,IL,AGL,CE,Federal Contract Tower,0,7,4,0,11,0,0,8,0,8,0,7,12,0,19,0,0,0,19
12/30/2016,UGN,IL,AGL,CE,Federal Contract Tower,0,2,3,0,5,0,0,90,0,90,0,2,93,0,95,21,0,21,116
12/31/2016,UGN,IL,AGL,CE,Federal Contract Tower,0,4,4,0,8,0,0,18,0,18,0,4,22,0,26,12,0,12,38
01/01/2017,UGN,IL,AGL,CE,Federal Contract Tower,0,7,7,0,14,0,0,48,0,48,0,7,55,0,62,8,0,8,70
01/02/2017,UGN,IL,AGL,CE,Federal Contract Tower,0,12,34,0,46,0,0,23,0,23,0,12,57,0,69,6,0,6,75
01/03/2017,UGN,IL,AGL,CE,Federal Contract Tower,0,12,9,0,21,0,0,0,0,0,0,12,9,0,21,0,0,0,21
01/04/2017,UGN,IL,AGL,CE,Federal Contract Tower,0,9,4,0,13,0,0,23,0,23,0,9,27,0,36,2,0,2,38
01/05/2017,UGN,IL,AGL,CE,Federal Contract Tower,0,9,6,0,15,0,0,22,0,22,0,9,28,0,37,30,0,30,67
01/06/2017,UGN,IL,AGL,CE,Federal Contract Tower,0,13,15,0,28,0,0,26,0,26,0,13,41,0,54,24,0,24,78
01/07/2017,UGN,IL,AGL,CE,Federal Contract Tower,0,7,7,0,14,0,0,51,2,53,0,7,58,2,67,24,6,30,97
01/08/2017,UGN,IL,AGL,CE,Federal Contract Tower,0,10,13,0,23,0,0,64,0,64,0,10,77,0,87,24,0,24,111
01/09/2017,UGN,IL,AGL,CE,Federal Contract Tower,0,13,9,0,22,0,2,56,0,58,0,15,65,0,80,34,0,34,114
01/10/2017,UGN,IL,AGL,CE,Federal Contract Tower,0,18,14,0,32,0,0,0,0,0,0,18,14,0,32,0,0,0,32
01/11/2017,UGN,IL,AGL,CE,Federal Contract Tower,0,14,39,0,53,0,0,12,0,12,0,14,51,0,65,50,0,50,115
01/12/2017,UGN,IL,AGL,CE,Federal Contract Tower,0,13,19,0,32,0,0,6,0,6,0,13,25,0,38,40,4,44,82
01/13/2017,UGN,IL,AGL,CE,Federal Contract Tower,0,5,18,0,23,0,0,63,0,63,0,5,81,0,86,22,0,22,108
01/14/2017,UGN,IL,AGL,CE,Federal Contract Tower,0,5,14,0,19,0,0,73,0,73,0,5,87,0,92,46,0,46,138
01/15/2017,UGN,IL,AGL,CE,Federal Contract Tower,0,12,4,0,16,0,0,71,0,71,0,12,75,0,87,74,0,74,161
01/16/2017,UGN,IL,AGL,CE,Federal Contract Tower,0,4,3,0,7,0,0,0,0,0,0,4,3,0,7,0,0,0,7
01/17/2017,UGN,IL,AGL,CE,Federal Contract Tower,0,12,18,0,30,0,0,0,0,0,0,12,18,0,30,0,0,0,30
01/18/2017,UGN,IL,AGL,CE,Federal Contract Tower,0,6,11,0,17,0,0,1,0,1,0,6,12,0,18,0,0,0,18
01/19/2017,UGN,IL,AGL,CE,Federal Contract Tower,0,6,19,0,25,0,0,0,0,0,0,6,19,0,25,0,0,0,25
01/20/2017,UGN,IL,AGL,CE,Federal Contract Tower,0,5,15,0,20,0,0,0,0,0,0,5,15,0,20,0,0,0,20
01/21/2017,UGN,IL,AGL,CE,Federal Contract Tower,0,2,17,0,19,0,0,27,0,27,0,2,44,0,46,16,0,16,62
01/22/2017,UGN,IL,AGL,CE,Federal Contract Tower,0,8,8,0,16,0,0,8,0,8,0,8,16,0,24,30,0,30,54
01/23/2017,UGN,IL,AGL,CE,Federal Contract Tower,0,4,17,0,21,0,0,42,0,42,0,4,59,0,63,24,0,24,87
01/24/2017,UGN,IL,AGL,CE,Federal Contract Tower,0,9,15,0,24,0,0,3,0,3,0,9,18,0,27,0,0,0,27
01/25/2017,UGN,IL,AGL,CE,Federal Contract Tower,0,10,9,0,19,0,0,0,0,0,0,10,9,0,19,0,0,0,19
01/26/2017,UGN,IL,AGL,CE,Federal Contract Tower,0,5,19,0,24,0,0,55,0,55,0,5,74,0,79,96,0,96,175
01/27/2017,UGN,IL,AGL,CE,Federal Contract Tower,0,10,8,0,18,0,0,19,0,19,0,10,27,0,37,8,0,8,45
01/28/2017,UGN,IL,AGL,CE,Federal Contract Tower,0,10,5,0,15,0,0,43,0,43,0,10,48,0,58,102,0,102,160
01/29/2017,UGN,IL,AGL,CE,Federal Contract Tower,0,7,11,0,18,0,0,42,0,42,0,7,53,0,60,84,0,84,144
01/30/2017,UGN,IL,AGL,CE,Federal Contract Tower,0,14,14,0,28,0,6,50,0,56,0,20,64,0,84,12,0,12,96
01/31/2017,UGN,IL,AGL,CE,Federal Contract Tower,0,8,12,0,20,0,0,8,2,10,0,8,20,2,30,6,0,6,36
02/01/2017,UGN,IL,AGL,CE,Federal Contract Tower,0,13,25,0,38,0,0,61,0,61,0,13,86,0,99,32,0,32,131
02/02/2017,UGN,IL,AGL,CE,Federal Contract Tower,0,9,16,0,25,0,0,38,0,38,0,9,54,0,63,6,0,6,69
02/03/2017,UGN,IL,AGL,CE,Federal Contract Tower,0,8,21,0,29,0,0,74,0,74,0,8,95,0,103,30,0,30,133
02/04/2017,UGN,IL,AGL,CE,Federal Contract Tower,0,4,8,0,12,0,0,86,0,86,0,4,94,0,98,44,0,44,142
02/05/2017,UGN,IL,AGL,CE,Federal Contract Tower,0,7,9,0,16,0,0,91,0,91,0,7,100,0,107,32,0,32,139
02/06/2017,UGN,IL,AGL,CE,Federal Contract Tower,0,9,9,0,18,0,0,46,0,46,0,9,55,0,64,44,0,44,108
02/07/2017,UGN,IL,AGL,CE,Federal Contract Tower,0,5,20,0,25,0,0,0,0,0,0,5,20,0,25,0,0,0,25
02/08/2017,UGN,IL,AGL,CE,Federal Contract Tower,0,12,18,0,30,0,0,30,0,30,0,12,48,0,60,50,0,50,110
02/09/2017,UGN,IL,AGL,CE,Federal Contract Tower,0,7,16,0,23,0,0,56,0,56,0,7,72,0,79,10,0,10,89
02/10/2017,UGN,IL,AGL,CE,Federal Contract Tower,0,21,13,0,34,0,0,13,0,13,0,21,26,0,47,16,0,16,63
02/11/2017,UGN,IL,AGL,CE,Federal Contract Tower,0,8,6,0,14,0,0,52,0,52,0,8,58,0,66,38,0,38,104
02/12/2017,UGN,IL,AGL,CE,Federal Contract Tower,0,7,8,0,15,0,0,8,0,8,0,7,16,0,23,14,0,14,37
02/13/2017,UGN,IL,AGL,CE,Federal Contract Tower,0,16,7,0,23,0,0,80,0,80,0,16,87,0,103,32,0,32,135
02/14/2017,UGN,IL,AGL,CE,Federal Contract Tower,0,15,17,0,32,0,0,44,0,44,0,15,61,0,76,36,0,36,112
02/15/2017,UGN,IL,AGL,CE,Federal Contract Tower,0,18,15,0,33,0,0,42,0,42,0,18,57,0,75,24,0,24,99
02/16/2017,UGN,IL,AGL,CE,Federal Contract Tower,0,13,10,0,23,0,0,88,2,90,0,13,98,2,113,10,0,10,123
02/17/2017,UGN,IL,AGL,CE,Federal Contract Tower,0,19,21,0,40,0,0,112,0,112,0,19,133,0,152,78,0,78,230
02/18/2017,UGN,IL,AGL,CE,Federal Contract Tower,0,8,15,0,23,0,1,105,0,106,0,9,120,0,129,46,0,46,175
02/19/2017,UGN,IL,AGL,CE,Federal Contract Tower,0,5,13,0,18,0,0,96,0,96,0,5,109,0,114,30,0,30,144
02/20/2017,UGN,IL,AGL,CE,Federal Contract Tower,0,12,21,0,33,0,0,18,0,18,0,12,39,0,51,2,0,2,53
02/21/2017,UGN,IL,AGL,CE,Federal Contract Tower,0,7,21,0,28,0,0,65,0,65,0,7,86,0,93,20,0,20,113
02/22/2017,UGN,IL,AGL,CE,Federal Contract Tower,0,10,11,0,21,0,0,34,0,34,0,10,45,0,55,22,6,28,83
02/23/2017,UGN,IL,AGL,CE,Federal Contract Tower,0,9,22,0,31,0,0,5,0,5,0,9,27,0,36,10,0,10,46
02/24/2017,UGN,IL,AGL,CE,Federal Contract Tower,0,8,10,0,18,0,0,0,0,0,0,8,10,0,18,0,0,0,18
02/25/2017,UGN,IL,AGL,CE,Federal Contract Tower,0,1,5,0,6,0,0,27,0,27,0,1,32,0,33,18,0,18,51
02/26/2017,UGN,IL,AGL,CE,Federal Contract Tower,0,11,15,0,26,0,0,8,0,8,0,11,23,0,34,20,0,20,54
02/27/2017,UGN,IL,AGL,CE,Federal Contract Tower,0,8,10,0,18,0,0,74,0,74,0,8,84,0,92,14,0,14,106
02/28/2017,UGN,IL,AGL,CE,Federal Contract Tower,0,15,15,0,30,0,0,0,0,0,0,15,15,0,30,0,0,0,30
03/01/2017,UGN,IL,AGL,CE,Federal Contract Tower,0,9,10,0,19,0,0,0,0,0,0,9,10,0,19,0,0,0,19
03/02/2017,UGN,IL,AGL,CE,Federal Contract Tower,0,6,10,0,16,0,0,30,0,30,0,6,40,0,46,0,0,0,46
03/03/2017,UGN,IL,AGL,CE,Federal Contract Tower,0,7,7,0,14,0,0,89,0,89,0,7,96,0,103,40,0,40,143
03/04/2017,UGN,IL,AGL,CE,Federal Contract Tower,0,5,2,0,7,0,0,84,0,84,0,5,86,0,91,12,0,12,103
03/05/2017,UGN,IL,AGL,CE,Federal Contract Tower,0,4,15,0,19,0,0,72,0,72,0,4,87,0,91,76,0,76,167
03/06/2017,UGN,IL,AGL,CE,Federal Contract Tower,0,6,14,0,20,0,0,10,0,10,0,6,24,0,30,8,0,8,38
03/07/2017,UGN,IL,AGL,CE,Federal Contract Tower,0,4,17,0,21,0,0,11,0,11,0,4,28,0,32,0,0,0,32
03/08/2017,UGN,IL,AGL,CE,Federal Contract Tower,0,8,10,0,18,0,0,0,0,0,0,8,10,0,18,0,0,0,18
03/09/2017,UGN,IL,AGL,CE,Federal Contract Tower,0,3,20,0,23,0,0,76,0,76,0,3,96,0,99,14,0,14,113
03/10/2017,UGN,IL,AGL,CE,Federal Contract Tower,0,13,10,0,23,0,0,64,0,64,0,13,74,0,87,23,0,23,110
03/11/2017,UGN,IL,AGL,CE,Federal Contract Tower,0,9,8,0,17,0,0,82,0,82,0,9,90,0,99,39,0,39,138
03/12/2017,UGN,IL,AGL,CE,Federal Contract Tower,0,18,15,0,33,0,0,105,0,105,0,18,120,0,138,32,0,32,170
03/13/2017,UGN,IL,AGL,CE,Federal Contract Tower,0,3,19,0,22,0,0,0,0,0,0,3,19,0,22,0,0,0,22
03/14/2017,UGN,IL,AGL,CE,Federal Contract Tower,0,1,9,0,10,0,0,0,0,0,0,1,9,0,10,0,0,0,10
03/15/2017,UGN,IL,AGL,CE,Federal Contract Tower,0,5,23,0,28,0,5,59,0,64,0,10,82,0,92,18,0,18,110
03/16/2017,UGN,IL,AGL,CE,Federal Contract Tower,0,9,11,2,22,0,0,89,0,89,0,9,100,2,111,40,0,40,151
03/17/2017,UGN,IL,AGL,CE,Federal Contract Tower,0,7,12,0,19,0,0,0,0,0,0,7,12,0,19,0,0,0,19
03/18/2017,UGN,IL,AGL,CE,Federal Contract Tower,0,12,7,0,19,0,0,34,0,34,0,12,41,0,53,122,0,122,175
03/19/2017,UGN,IL,AGL,CE,Federal Contract Tower,0,8,18,0,26,0,0,99,2,101,0,8,117,2,127,38,0,38,165
03/20/2017,UGN,IL,AGL,CE,Federal Contract Tower,0,13,12,0,25,0,0,23,0,23,0,13,35,0,48,14,0,14,62
03/21/2017,UGN,IL,AGL,CE,Federal Contract Tower,0,10,15,0,25,0,0,47,6,53,0,10,62,6,78,48,8,56,134
03/22/2017,UGN,IL,AGL,CE,Federal Contract Tower,0,9,11,0,20,0,0,64,0,64,0,9,75,0,84,36,2,38,122
03/23/2017,UGN,IL,AGL,CE,Federal Contract Tower,0,13,14,0,27,0,0,47,0,47,0,13,61,0,74,14,0,14,88
03/24/2017,UGN,IL,AGL,CE,Federal Contract Tower,0,19,19,0,38,0,0,51,0,51,0,19,70,0,89,18,0,18,107
03/25/2017,UGN,IL,AGL,CE,Federal Contract Tower,0,9,7,0,16,0,0,0,0,0,0,9,7,0,16,0,0,0,16
03/26/2017,UGN,IL,AGL,CE,Federal Contract Tower,0,3,16,0,19,0,0,0,0,0,0,3,16,0,19,0,0,0,19
03/27/2017,UGN,IL,AGL,CE,Federal Contract Tower,0,9,7,0,16,0,0,0,0,0,0,9,7,0,16,0,0,0,16
03/28/2017,UGN,IL,AGL,CE,Federal Contract Tower,0,6,23,0,29,0,0,29,0,29,0,6,52,0,58,0,0,0,58
03/29/2017,UGN,IL,AGL,CE,Federal Contract Tower,0,3,8,0,11,0,0,39,0,39,0,3,47,0,50,24,0,24,74
03/30/2017,UGN,IL,AGL,CE,Federal Contract Tower,0,1,10,0,11,0,0,0,0,0,0,1,10,0,11,0,0,0,11
03/31/2017,UGN,IL,AGL,CE,Federal Contract Tower,0,12,3,0,15,0,0,6,2,8,0,12,9,2,23,0,10,10,33
04/01/2017,UGN,IL,AGL,CE,Federal Contract Tower,0,11,4,0,15,0,0,124,0,124,0,11,128,0,139,74,0,74,213
04/02/2017,UGN,IL,AGL,CE,Federal Contract Tower,0,17,8,0,25,0,0,0,0,0,0,17,8,0,25,46,0,46,71
04/03/2017,UGN,IL,AGL,CE,Federal Contract Tower,0,6,11,0,17,0,0,12,0,12,0,6,23,0,29,28,0,28,57
04/04/2017,UGN,IL,AGL,CE,Federal Contract Tower,0,10,16,0,26,0,0,11,0,11,0,10,27,0,37,4,0,4,41
04/05/2017,UGN,IL,AGL,CE,Federal Contract Tower,0,12,11,2,25,0,0,0,0,0,0,12,11,2,25,0,0,0,25
04/06/2017,UGN,IL,AGL,CE,Federal Contract Tower,0,9,19,0,28,0,0,11,0,11,0,9,30,0,39,8,0,8,47
04/07/2017,UGN,IL,AGL,CE,Federal Contract Tower,0,14,6,0,20,0,0,92,0,92,0,14,98,0,112,86,0,86,198
04/08/2017,UGN,IL,AGL,CE,Federal Contract Tower,0,6,10,3,19,0,0,127,0,127,0,6,137,3,146,84,0,84,230
04/09/2017,UGN,IL,AGL,CE,Federal Contract Tower,0,6,15,3,24,0,0,51,0,51,0,6,66,3,75,46,0,46,121
04/10/2017,UGN,IL,AGL,CE,Federal Contract Tower,0,11,11,0,22,0,0,5,0,5,0,11,16,0,27,0,0,0,27
04/11/2017,UGN,IL,AGL,CE,Federal Contract Tower,0,3,21,0,24,0,0,42,0,42,0,3,63,0,66,50,0,50,116
04/12/2017,UGN,IL,AGL,CE,Federal Contract Tower,0,5,17,1,23,0,0,98,0,98,0,5,115,1,121,20,0,20,141
04/13/2017,UGN,IL,AGL,CE,Federal Contract Tower,0,12,20,3,35,0,0,10,0,10,0,12,30,3,45,48,0,48,93
04/14/2017,UGN,IL,AGL,CE,Federal Contract Tower,0,8,11,1,20,0,0,82,0,82,0,8,93,1,102,32,0,32,134
04/15/2017,UGN,IL,AGL,CE,Federal Contract Tower,0,1,2,0,3,0,0,34,0,34,0,1,36,0,37,74,0,74,111
04/16/2017,UGN,IL,AGL,CE,Federal Contract Tower,0,7,11,0,18,0,0,33,0,33,0,7,44,0,51,6,0,6,57
04/17/2017,UGN,IL,AGL,CE,Federal Contract Tower,0,4,13,0,17,0,0,42,8,50,0,4,55,8,67,40,0,40,107
04/18/2017,UGN,IL,AGL,CE,Federal Contract Tower,0,10,20,0,30,0,0,31,0,31,0,10,51,0,61,0,2,2,63
04/19/2017,UGN,IL,AGL,CE,Federal Contract Tower,0,8,13,0,21,0,0,24,0,24,0,8,37,0,45,24,0,24,69
04/20/2017,UGN,IL,AGL,CE,Federal Contract Tower,0,9,14,0,23,0,0,37,2,39,0,9,51,2,62,4,8,12,74
04/21/2017,UGN,IL,AGL,CE,Federal Contract Tower,0,12,20,0,32,0,0,47,0,47,0,12,67,0,79,80,0,80,159
04/22/2017,UGN,IL,AGL,CE,Federal Contract Tower,0,12,16,0,28,0,0,126,0,126,0,12,142,0,154,94,0,94,248
04/23/2017,UGN,IL,AGL,CE,Federal Contract Tower,0,10,4,0,14,0,0,148,0,148,0,10,152,0,162,62,0,62,224
04/24/2017,UGN,IL,AGL,CE,Federal Contract Tower,0,12,10,0,22,0,0,89,0,89,0,12,99,0,111,28,0,28,139
04/25/2017,UGN,IL,AGL,CE,Federal Contract Tower,0,12,16,0,28,0,0,87,0,87,0,12,103,0,115,18,0,18,133
04/26/2017,UGN,IL,AGL,CE,Federal Contract Tower,0,16,17,0,33,0,0,31,0,31,0,16,48,0,64,2,0,2,66
04/27/2017,UGN,IL,AGL,CE,Federal Contract Tower,0,6,27,0,33,0,0,6,0,6,0,6,33,0,39,22,0,22,61
04/28/2017,UGN,IL,AGL,CE,Federal Contract Tower,0,24,24,0,48,0,6,49,0,55,0,30,73,0,103,64,0,64,167
04/29/2017,UGN,IL,AGL,CE,Federal Contract Tower,0,6,11,0,17,0,0,13,0,13,0,6,24,0,30,44,0,44,74
04/30/2017,UGN,IL,AGL,CE,Federal Contract Tower,0,8,11,0,19,0,0,0,0,0,0,8,11,0,19,0,0,0,19
05/01/2017,UGN,IL,AGL,CE,Federal Contract Tower,0,11,7,0,18,0,0,6,0,6,0,11,13,0,24,0,0,0,24
05/02/2017,UGN,IL,AGL,CE,Federal Contract Tower,0,15,23,0,38,0,18,0,0,18,0,33,23,0,56,12,0,12,68
05/03/2017,UGN,IL,AGL,CE,Federal Contract Tower,0,21,32,0,53,0,0,94,4,98,0,21,126,4,151,44,0,44,195
05/04/2017,UGN,IL,AGL,CE,Federal Contract Tower,0,6,17,0,23,0,0,60,0,60,0,6,77,0,83,26,0,26,109
05/05/2017,UGN,IL,AGL,CE,Federal Contract Tower,0,12,12,0,24,0,0,31,0,31,0,12,43,0,55,30,0,30,85
05/06/2017,UGN,IL,AGL,CE,Federal Contract Tower,0,10,11,0,21,0,0,65,0,65,0,10,76,0,86,100,0,100,186
05/07/2017,UGN,IL,AGL,CE,Federal Contract Tower,0,10,18,0,28,0,0,82,0,82,0,10,100,0,110,40,0,40,150
05/08/2017,UGN,IL,AGL,CE,Federal Contract Tower,0,16,13,0,29,0,0,67,4,71,0,16,80,4,100,10,0,10,110
05/09/2017,UGN,IL,AGL,CE,Federal Contract Tower,0,14,19,0,33,0,0,30,0,30,0,14,49,0,63,8,0,8,71
05/10/2017,UGN,IL,AGL,CE,Federal Contract Tower,0,12,15,0,27,0,0,45,2,47,0,12,60,2,74,26,0,26,100
05/11/2017,UGN,IL,AGL,CE,Federal Contract Tower,0,13,20,0,33,0,0,43,0,43,0,13,63,0,76,8,0,8,84
05/12/2017,UGN,IL,AGL,CE,Federal Contract Tower,0,12,11,0,23,0,0,82,0,82,0,12,93,0,105,88,0,88,193
05/13/2017,UGN,IL,AGL,CE,Federal Contract Tower,0,9,9,0,18,0,0,101,0,101,0,9,110,0,119,72,0,72,191
05/14/2017,UGN,IL,AGL,CE,Federal Contract Tower,0,12,11,0,23,0,0,63,0,63,0,12,74,0,86,48,0,48,134
05/15/2017,UGN,IL,AGL,CE,Federal Contract Tower,0,22,22,0,44,0,0,47,0,47,0,22,69,0,91,42,0,42,133
05/16/2017,UGN,IL,AGL,CE,Federal Contract Tower,0,14,24,0,38,0,0,51,2,53,0,14,75,2,91,16,0,16,107
05/17/2017,UGN,IL,AGL,CE,Federal Contract Tower,0,7,9,0,16,0,0,18,0,18,0,7,27,0,34,6,0,6,40
05/18/2017,UGN,IL,AGL,CE,Federal Contract Tower,0,16,25,0,41,0,0,24,4,28,0,16,49,4,69,2,0,2,71
05/19/2017,UGN,IL,AGL,CE,Federal Contract Tower,0,20,18,0,38,0,0,3,0,3,0,20,21,0,41,20,0,20,61
05/20/2017,UGN,IL,AGL,CE,Federal Contract Tower,0,6,11,0,17,0,0,2,0,2,0,6,13,0,19,8,0,8,27
05/21/2017,UGN,IL,AGL,CE,Federal Contract Tower,0,9,16,0,25,0,0,86,0,86,0,9,102,0,111,40,0,40,151
05/22/2017,UGN,IL,AGL,CE,Federal Contract Tower,0,19,12,0,31,0,0,87,6,93,0,19,99,6,124,40,0,40,164
05/23/2017,UGN,IL,AGL,CE,Federal Contract Tower,0,14,8,0,22,0,0,24,3,27,0,14,32,3,49,9,0,9,58
05/24/2017,UGN,IL,AGL,CE,Federal Contract Tower,0,7,17,0,24,0,0,19,0,19,0,7,36,0,43,44,0,44,87
05/25/2017,UGN,IL,AGL,CE,Federal Contract Tower,0,14,18,0,32,0,0,66,2,68,0,14,84,2,100,28,2,30,130
05/26/2017,UGN,IL,AGL,CE,Federal Contract Tower,0,11,13,0,24,0,0,62,3,65,0,11,75,3,89,58,6,64,153
05/27/2017,UGN,IL,AGL,CE,Federal Contract Tower,0,10,6,0,16,0,0,101,1,102,0,10,107,1,118,112,0,112,230
05/28/2017,UGN,IL,AGL,CE,Federal Contract Tower,0,5,9,0,14,0,0,46,2,48,0,5,55,2,62,12,0,12,74
05/29/2017,UGN,IL,AGL,CE,Federal Contract Tower,0,18,7,0,25,0,0,25,0,25,0,18,32,0,50,10,0,10,60
05/30/2017,UGN,IL,AGL,CE,Federal Contract Tower,0,16,17,0,33,0,0,55,2,57,0,16,72,2,90,46,0,46,136
05/31/2017,UGN,IL,AGL,CE,Federal Contract Tower,0,8,18,0,26,0,0,86,2,88,0,8,104,2,114,30,0,30,144
06/01/2017,UGN,IL,AGL,CE,Federal Contract Tower,0,9,21,0,30,0,0,110,2,112,0,9,131,2,142,110,0,110,252
06/02/2017,UGN,IL,AGL,CE,Federal Contract Tower,0,19,16,2,37,0,1,79,0,80,0,20,95,2,117,116,0,116,233
06/03/2017,UGN,IL,AGL,CE,Federal Contract Tower,0,10,10,0,20,0,0,69,0,69,0,10,79,0,89,112,0,112,201
06/04/2017,UGN,IL,AGL,CE,Federal Contract Tower,0,12,9,0,21,0,0,134,8,142,0,12,143,8,163,60,12,72,235
06/05/2017,UGN,IL,AGL,CE,Federal Contract Tower,0,13,11,0,24,0,0,44,2,46,0,13,55,2,70,46,0,46,116
06/06/2017,UGN,IL,AGL,CE,Federal Contract Tower,0,16,11,0,27,0,0,80,5,85,0,16,91,5,112,56,2,58,170
06/07/2017,UGN,IL,AGL,CE,Federal Contract Tower,0,11,25,2,38,0,0,146,0,146,0,11,171,2,184,30,0,30,214
06/08/2017,UGN,IL,AGL,CE,Federal Contract Tower,0,6,20,0,26,0,0,111,6,117,0,6,131,6,143,28,0,28,171
06/09/2017,UGN,IL,AGL,CE,Federal Contract Tower,0,13,20,0,33,0,0,97,4,101,0,13,117,4,134,102,0,102,236
06/10/2017,UGN,IL,AGL,CE,Federal Contract Tower,0,13,9,0,22,0,0,52,2,54,0,13,61,2,76,20,6,26,102
06/11/2017,UGN,IL,AGL,CE,Federal Contract Tower,0,10,16,0,26,0,0,69,7,76,0,10,85,7,102,20,20,40,142
06/12/2017,UGN,IL,AGL,CE,Federal Contract Tower,0,21,12,0,33,0,0,59,0,59,0,21,71,0,92,84,0,84,176
06/13/2017,UGN,IL,AGL,CE,Federal Contract Tower,0,16,25,0,41,0,0,68,2,70,0,16,93,2,111,74,0,74,185
06/14/2017,UGN,IL,AGL,CE,Federal Contract Tower,0,9,19,0,28,0,0,41,4,45,0,9,60,4,73,28,0,28,101
06/15/2017,UGN,IL,AGL,CE,Federal Contract Tower,0,8,13,0,21,0,0,94,2,96,0,8,107,2,117,46,0,46,163
06/16/2017,UGN,IL,AGL,CE,Federal Contract Tower,0,9,13,0,22,0,0,78,2,80,0,9,91,2,102,82,0,82,184
06/17/2017,UGN,IL,AGL,CE,Federal Contract Tower,0,8,18,0,26,0,0,65,3,68,0,8,83,3,94,98,28,126,220
06/18/2017,UGN,IL,AGL,CE,Federal Contract Tower,0,25,17,0,42,0,0,45,2,47,0,25,62,2,89,62,12,74,163
06/19/2017,UGN,IL,AGL,CE,Federal Contract Tower,0,8,13,0,21,0,0,56,2,58,0,8,69,2,79,92,14,106,185
06/20/2017,UGN,IL,AGL,CE,Federal Contract Tower,0,16,21,0,37,0,0,32,2,34,0,16,53,2,71,40,0,40,111
06/21/2017,UGN,IL,AGL,CE,Federal Contract Tower,0,6,21,0,27,0,0,177,0,177,0,6,198,0,204,52,0,52,256
06/22/2017,UGN,IL,AGL,CE,Federal Contract Tower,0,12,13,0,25,0,0,67,0,67,0,12,80,0,92,10,0,10,102
06/23/2017,UGN,IL,AGL,CE,Federal Contract Tower,0,28,22,0,50,0,0,92,2,94,0,28,114,2,144,146,0,146,290
06/24/2017,UGN,IL,AGL,CE,Federal Contract Tower,0,14,10,0,24,0,0,110,2,112,0,14,120,2,136,16,0,16,152
06/25/2017,UGN,IL,AGL,CE,Federal Contract Tower,0,13,16,0,29,0,0,86,0,86,0,13,102,0,115,76,0,76,191
06/26/2017,UGN,IL,AGL,CE,Federal Contract Tower,0,7,11,0,18,0,0,0,0,0,0,7,11,0,18,42,0,42,60
06/27/2017,UGN,IL,AGL,CE,Federal Contract Tower,0,14,18,0,32,0,0,127,4,131,0,14,145,4,163,38,4,42,205
06/28/2017,UGN,IL,AGL,CE,Federal Contract Tower,0,21,14,0,35,0,0,25,0,25,0,21,39,0,60,18,0,18,78
06/29/2017,UGN,IL,AGL,CE,Federal Contract Tower,0,7,13,2,22,0,0,45,0,45,0,7,58,2,67,28,0,28,95
06/30/2017,UGN,IL,AGL,CE,Federal Contract Tower,0,9,21,0,30,0,0,62,2,64,0,9,83,2,94,14,0,14,108
07/01/2017,UGN,IL,AGL,CE,Federal Contract Tower,0,15,14,0,29,0,0,72,2,74,0,15,86,2,103,140,0,140,243
07/02/2017,UGN,IL,AGL,CE,Federal Contract Tower,0,8,7,0,15,0,0,61,4,65,0,8,68,4,80,86,16,102,182
07/03/2017,UGN,IL,AGL,CE,Federal Contract Tower,0,5,2,0,7,0,0,63,2,65,0,5,65,2,72,56,0,56,128
07/04/2017,UGN,IL,AGL,CE,Federal Contract Tower,0,3,13,0,16,0,0,37,3,40,0,3,50,3,56,40,0,40,96
07/05/2017,UGN,IL,AGL,CE,Federal Contract Tower,0,13,12,0,25,0,0,76,1,77,0,13,88,1,102,16,20,36,138
07/06/2017,UGN,IL,AGL,CE,Federal Contract Tower,0,10,6,0,16,0,0,74,0,74,0,10,80,0,90,46,0,46,136
07/07/2017,UGN,IL,AGL,CE,Federal Contract Tower,0,12,10,0,22,0,0,73,2,75,0,12,83,2,97,52,0,52,149
07/08/2017,UGN,IL,AGL,CE,Federal Contract Tower,0,0,11,0,11,0,0,110,1,111,0,0,121,1,122,50,0,50,172
07/09/2017,UGN,IL,AGL,CE,Federal Contract Tower,0,10,11,0,21,0,0,85,4,89,0,10,96,4,110,0,2,2,112
07/10/2017,UGN,IL,AGL,CE,Federal Contract Tower,0,15,18,0,33,0,0,66,0,66,0,15,84,0,99,0,0,0,99
07/11/2017,UGN,IL,AGL,CE,Federal Contract Tower,0,7,28,0,35,0,0,108,2,110,0,7,136,2,145,22,10,32,177
07/12/2017,UGN,IL,AGL,CE,Federal Contract Tower,0,5,32,0,37,0,0,12,0,12,0,5,44,0,49,4,0,4,53
07/13/2017,UGN,IL,AGL,CE,Federal Contract Tower,0,11,32,2,45,0,0,105,7,112,0,11,137,9,157,78,0,78,235
07/14/2017,UGN,IL,AGL,CE,Federal Contract Tower,0,7,21,0,28,0,0,108,3,111,0,7,129,3,139,54,20,74,213
07/15/2017,UGN,IL,AGL,CE,Federal Contract Tower,0,11,6,0,17,0,0,55,2,57,0,11,61,2,74,14,0,14,88
07/16/2017,UGN,IL,AGL,CE,Federal Contract Tower,0,16,20,0,36,0,0,22,2,24,0,16,42,2,60,8,0,8,68
07/19/2017,UGN,IL,AGL,CE,Federal Contract Tower,0,7,18,0,25,0,0,111,1,112,0,7,129,1,137,26,0,26,163
07/20/2017,UGN,IL,AGL,CE,Federal Contract Tower,0,7,23,0,30,0,0,60,0,60,0,7,83,0,90,0,0,0,90
07/21/2017,UGN,IL,AGL,CE,Federal Contract Tower,0,4,15,0,19,0,0,86,5,91,0,4,101,5,110,26,0,26,136
07/22/2017,UGN,IL,AGL,CE,Federal Contract Tower,0,17,6,0,23,0,0,34,0,34,0,17,40,0,57,68,0,68,125
07/23/2017,UGN,IL,AGL,CE,Federal Contract Tower,0,14,6,0,20,0,0,69,8,77,0,14,75,8,97,74,6,80,177
07/24/2017,UGN,IL,AGL,CE,Federal Contract Tower,0,18,16,0,34,0,1,115,2,118,0,19,131,2,152,52,0,52,204
07/25/2017,UGN,IL,AGL,CE,Federal Contract Tower,0,14,15,0,29,0,0,92,2,94,0,14,107,2,123,12,0,12,135
07/26/2017,UGN,IL,AGL,CE,Federal Contract Tower,0,19,12,0,31,0,0,69,1,70,0,19,81,1,101,36,0,36,137
07/27/2017,UGN,IL,AGL,CE,Federal Contract Tower,0,12,26,0,38,0,0,90,2,92,0,12,116,2,130,18,0,18,148
07/28/2017,UGN,IL,AGL,CE,Federal Contract Tower,0,19,14,0,33,0,0,84,4,88,0,19,98,4,121,38,0,38,159
07/29/2017,UGN,IL,AGL,CE,Federal Contract Tower,0,10,14,0,24,0,0,72,4,76,0,10,86,4,100,96,0,96,196
07/30/2017,UGN,IL,AGL,CE,Federal Contract Tower,0,13,15,0,28,0,0,131,6,137,0,13,146,6,165,48,10,58,223
07/31/2017,UGN,IL,AGL,CE,Federal Contract Tower,0,13,16,0,29,0,0,108,6,114,0,13,124,6,143,68,10,78,221
08/01/2017,UGN,IL,AGL,CE,Federal Contract Tower,0,19,27,2,48,0,0,65,0,65,0,19,92,2,113,38,0,38,151
08/02/2017,UGN,IL,AGL,CE,Federal Contract Tower,0,9,22,2,33,0,0,57,0,57,0,9,79,2,90,38,0,38,128
08/04/2017,UGN,IL,AGL,CE,Federal Contract Tower,0,20,23,1,44,0,0,38,1,39,0,20,61,2,83,22,16,38,121
08/05/2017,UGN,IL,AGL,CE,Federal Contract Tower,0,12,10,0,22,0,0,142,4,146,0,12,152,4,168,46,0,46,214
08/06/2017,UGN,IL,AGL,CE,Federal Contract Tower,0,14,21,0,35,0,0,97,2,99,0,14,118,2,134,8,0,8,142
08/07/2017,UGN,IL,AGL,CE,Federal Contract Tower,0,16,16,0,32,0,0,76,5,81,0,16,92,5,113,68,10,78,191
08/08/2017,UGN,IL,AGL,CE,Federal Contract Tower,0,9,20,0,29,0,0,74,2,76,0,9,94,2,105,30,0,30,135
08/09/2017,UGN,IL,AGL,CE,Federal Contract Tower,0,9,17,0,26,0,0,119,2,121,0,9,136,2,147,34,6,40,187
08/10/2017,UGN,IL,AGL,CE,Federal Contract Tower,0,8,21,0,29,0,0,94,1,95,0,8,115,1,124,22,0,22,146
08/11/2017,UGN,IL,AGL,CE,Federal Contract Tower,0,17,19,3,39,0,0,67,0,67,0,17,86,3,106,104,0,104,210
08/12/2017,UGN,IL,AGL,CE,Federal Contract Tower,0,4,10,0,14,0,0,107,0,107,0,4,117,0,121,66,0,66,187
08/13/2017,UGN,IL,AGL,CE,Federal Contract Tower,0,22,31,0,53,0,0,109,1,110,0,22,140,1,163,48,0,48,211
08/14/2017,UGN,IL,AGL,CE,Federal Contract Tower,0,9,12,0,21,0,0,68,5,73,0,9,80,5,94,54,0,54,148
08/15/2017,UGN,IL,AGL,CE,Federal Contract Tower,0,9,26,0,35,0,0,110,2,112,0,9,136,2,147,66,0,66,213
08/16/2017,UGN,IL,AGL,CE,Federal Contract Tower,0,16,22,2,40,0,0,55,1,56,0,16,77,3,96,76,0,76,172
08/17/2017,UGN,IL,AGL,CE,Federal Contract Tower,0,19,17,0,36,0,0,10,0,10,0,19,27,0,46,38,8,46,92
08/18/2017,UGN,IL,AGL,CE,Federal Contract Tower,0,12,16,0,28,0,0,74,2,76,0,12,90,2,104,32,0,32,136
08/19/2017,UGN,IL,AGL,CE,Federal Contract Tower,0,6,7,0,13,0,0,86,2,88,0,6,93,2,101,72,0,72,173
08/20/2017,UGN,IL,AGL,CE,Federal Contract Tower,0,14,21,0,35,0,0,79,2,81,0,14,100,2,116,8,0,8,124
08/21/2017,UGN,IL,AGL,CE,Federal Contract Tower,0,18,30,0,48,0,0,45,2,47,0,18,75,2,95,16,12,28,123
08/22/2017,UGN,IL,AGL,CE,Federal Contract Tower,0,12,15,0,27,0,0,79,1,80,0,12,94,1,107,42,0,42,149
08/23/2017,UGN,IL,AGL,CE,Federal Contract Tower,0,8,15,0,23,0,2,78,1,81,0,10,93,1,104,20,0,20,124
08/24/2017,UGN,IL,AGL,CE,Federal Contract Tower,0,8,21,0,29,0,0,77,1,78,0,8,98,1,107,20,0,20,127
08/25/2017,UGN,IL,AGL,CE,Federal Contract Tower,0,13,18,2,33,0,0,74,2,76,0,13,92,4,109,84,0,84,193
08/26/2017,UGN,IL,AGL,CE,Federal Contract Tower,0,6,4,0,10,0,0,96,0,96,0,6,100,0,106,84,0,84,190
08/27/2017,UGN,IL,AGL,CE,Federal Contract Tower,0,8,13,0,21,0,0,58,0,58,0,8,71,0,79,44,0,44,123
08/28/2017,UGN,IL,AGL,CE,Federal Contract Tower,0,9,15,0,24,0,0,25,0,25,0,9,40,0,49,26,0,26,75
08/29/2017,UGN,IL,AGL,CE,Federal Contract Tower,0,15,22,0,37,0,2,60,0,62,0,17,82,0,99,0,0,0,99
08/30/2017,UGN,IL,AGL,CE,Federal Contract Tower,0,14,24,0,38,0,0,58,0,58,0,14,82,0,96,22,0,22,118
08/31/2017,UGN,IL,AGL,CE,Federal Contract Tower,0,6,19,0,25,0,0,19,0,19,0,6,38,0,44,0,0,0,44
09/01/2017,UGN,IL,AGL,CE,Federal Contract Tower,0,8,8,0,16,0,0,89,0,89,0,8,97,0,105,10,0,10,115
09/02/2017,UGN,IL,AGL,CE,Federal Contract Tower,0,6,12,0,18,0,0,111,2,113,0,6,123,2,131,38,0,38,169
09/03/2017,UGN,IL,AGL,CE,Federal Contract Tower,0,5,12,0,17,0,0,55,0,55,0,5,67,0,72,36,0,36,108
09/04/2017,UGN,IL,AGL,CE,Federal Contract Tower,0,9,14,0,23,0,0,29,0,29,0,9,43,0,52,20,0,20,72
09/05/2017,UGN,IL,AGL,CE,Federal Contract Tower,0,13,27,0,40,0,0,55,0,55,0,13,82,0,95,4,0,4,99
09/06/2017,UGN,IL,AGL,CE,Federal Contract Tower,0,7,26,0,33,0,0,58,0,58,0,7,84,0,91,42,0,42,133
09/07/2017,UGN,IL,AGL,CE,Federal Contract Tower,0,13,30,0,43,0,0,50,0,50,0,13,80,0,93,70,0,70,163
09/08/2017,UGN,IL,AGL,CE,Federal Contract Tower,0,16,16,1,33,0,0,90,2,92,0,16,106,3,125,34,0,34,159
09/09/2017,UGN,IL,AGL,CE,Federal Contract Tower,0,10,9,0,19,0,0,122,1,123,0,10,131,1,142,12,0,12,154
09/10/2017,UGN,IL,AGL,CE,Federal Contract Tower,0,8,14,2,24,0,0,125,0,125,0,8,139,2,149,22,0,22,171
09/11/2017,UGN,IL,AGL,CE,Federal Contract Tower,0,24,17,0,41,0,0,96,0,96,0,24,113,0,137,34,0,34,171
09/12/2017,UGN,IL,AGL,CE,Federal Contract Tower,0,14,18,0,32,0,0,127,1,128,0,14,145,1,160,52,0,52,212
09/13/2017,UGN,IL,AGL,CE,Federal Contract Tower,0,8,18,0,26,0,0,43,2,45,0,8,61,2,71,22,0,22,93
09/14/2017,UGN,IL,AGL,CE,Federal Contract Tower,0,14,22,0,36,0,0,54,0,54,0,14,76,0,90,26,0,26,116
09/15/2017,UGN,IL,AGL,CE,Federal Contract Tower,0,23,18,0,41,0,0,58,0,58,0,23,76,0,99,46,0,46,145
09/16/2017,UGN,IL,AGL,CE,Federal Contract Tower,0,22,16,0,38,0,0,88,0,88,0,22,104,0,126,64,0,64,190
09/17/2017,UGN,IL,AGL,CE,Federal Contract Tower,0,15,9,0,24,0,0,66,0,66,0,15,75,0,90,34,0,34,124
09/18/2017,UGN,IL,AGL,CE,Federal Contract Tower,0,14,22,0,36,0,0,65,0,65,0,14,87,0,101,22,0,22,123
09/19/2017,UGN,IL,AGL,CE,Federal Contract Tower,0,17,34,0,51,0,0,12,0,12,0,17,46,0,63,0,0,0,63
09/20/2017,UGN,IL,AGL,CE,Federal Contract Tower,0,11,17,1,29,0,0,46,0,46,0,11,63,1,75,26,0,26,101
09/21/2017,UGN,IL,AGL,CE,Federal Contract Tower,0,9,23,0,32,0,0,72,0,72,0,9,95,0,104,16,2,18,122
09/22/2017,UGN,IL,AGL,CE,Federal Contract Tower,0,29,20,0,49,0,0,65,0,65,0,29,85,0,114,42,0,42,156
09/23/2017,UGN,IL,AGL,CE,Federal Contract Tower,0,8,13,0,21,0,0,78,0,78,0,8,91,0,99,84,0,84,183
09/24/2017,UGN,IL,AGL,CE,Federal Contract Tower,0,21,20,0,41,0,0,39,0,39,0,21,59,0,80,30,0,30,110
09/25/2017,UGN,IL,AGL,CE,Federal Contract Tower,0,6,21,0,27,0,0,44,0,44,0,6,65,0,71,20,0,20,91
09/26/2017,UGN,IL,AGL,CE,Federal Contract Tower,0,11,21,0,32,0,0,109,0,109,0,11,130,0,141,62,0,62,203
09/27/2017,UGN,IL,AGL,CE,Federal Contract Tower,0,7,16,0,23,0,0,51,0,51,0,7,67,0,74,82,0,82,156
09/28/2017,UGN,IL,AGL,CE,Federal Contract Tower,0,13,16,1,30,0,0,78,0,78,0,13,94,1,108,26,0,26,134
09/29/2017,UGN,IL,AGL,CE,Federal Contract Tower,0,24,20,1,45,0,0,60,0,60,0,24,80,1,105,102,0,102,207
09/30/2017,UGN,IL,AGL,CE,Federal Contract Tower,0,8,13,0,21,0,0,65,0,65,0,8,78,0,86,24,0,24,110
10/01/2017,UGN,IL,AGL,CE,Federal Contract Tower,0,20,26,0,46,0,0,61,0,61,0,20,87,0,107,50,0,50,157
10/02/2017,UGN,IL,AGL,CE,Federal Contract Tower,0,15,16,0,31,0,0,38,0,38,0,15,54,0,69,78,0,78,147
10/03/2017,UGN,IL,AGL,CE,Federal Contract Tower,0,9,23,0,32,0,0,31,0,31,0,9,54,0,63,10,0,10,73
10/04/2017,UGN,IL,AGL,CE,Federal Contract Tower,0,13,22,0,35,0,0,58,0,58,0,13,80,0,93,46,0,46,139
10/05/2017,UGN,IL,AGL,CE,Federal Contract Tower,0,12,21,0,33,0,0,64,0,64,0,12,85,0,97,54,0,54,151
10/06/2017,UGN,IL,AGL,CE,Federal Contract Tower,0,26,14,0,40,0,0,0,0,0,0,26,14,0,40,0,0,0,40
10/07/2017,UGN,IL,AGL,CE,Federal Contract Tower,0,9,2,0,11,0,0,12,0,12,0,9,14,0,23,0,0,0,23
10/08/2017,UGN,IL,AGL,CE,Federal Contract Tower,0,9,16,0,25,0,0,114,0,114,0,9,130,0,139,56,0,56,195
10/09/2017,UGN,IL,AGL,CE,Federal Contract Tower,0,16,20,0,36,0,0,65,0,65,0,16,85,0,101,58,0,58,159
10/10/2017,UGN,IL,AGL,CE,Federal Contract Tower,0,12,11,0,23,0,0,9,0,9,0,12,20,0,32,8,0,8,40
10/11/2017,UGN,IL,AGL,CE,Federal Contract Tower,0,8,17,0,25,0,0,0,0,0,0,8,17,0,25,0,0,0,25
10/12/2017,UGN,IL,AGL,CE,Federal Contract Tower,0,9,31,0,40,0,0,0,0,0,0,9,31,0,40,12,0,12,52
10/13/2017,UGN,IL,AGL,CE,Federal Contract Tower,0,20,14,0,34,0,0,71,0,71,0,20,85,0,105,122,0,122,227
10/15/2017,UGN,IL,AGL,CE,Federal Contract Tower,0,11,15,0,26,0,0,6,0,6,0,11,21,0,32,2,0,2,34
10/16/2017,UGN,IL,AGL,CE,Federal Contract Tower,0,18,17,0,35,0,0,79,0,79,0,18,96,0,114,34,0,34,148
10/17/2017,UGN,IL,AGL,CE,Federal Contract Tower,0,7,10,0,17,0,2,68,0,70,0,9,78,0,87,22,0,22,109
10/18/2017,UGN,IL,AGL,CE,Federal Contract Tower,0,25,15,0,40,0,1,69,0,70,0,26,84,0,110,24,0,24,134
10/19/2017,UGN,IL,AGL,CE,Federal Contract Tower,0,14,7,0,21,0,0,114,2,116,0,14,121,2,137,54,2,56,193
10/20/2017,UGN,IL,AGL,CE,Federal Contract Tower,0,15,20,0,35,0,0,74,0,74,0,15,94,0,109,94,0,94,203
10/21/2017,UGN,IL,AGL,CE,Federal Contract Tower,0,8,9,0,17,0,0,100,0,100,0,8,109,0,117,50,0,50,167
10/22/2017,UGN,IL,AGL,CE,Federal Contract Tower,0,15,13,0,28,0,0,0,0,0,0,15,13,0,28,0,0,0,28
10/23/2017,UGN,IL,AGL,CE,Federal Contract Tower,0,13,22,2,37,0,0,9,0,9,0,13,31,2,46,6,0,6,52
10/24/2017,UGN,IL,AGL,CE,Federal Contract Tower,0,5,7,0,12,0,0,0,0,0,0,5,7,0,12,0,0,0,12
10/25/2017,UGN,IL,AGL,CE,Federal Contract Tower,0,16,17,0,33,0,0,68,0,68,0,16,85,0,101,18,0,18,119
10/26/2017,UGN,IL,AGL,CE,Federal Contract Tower,0,15,17,0,32,0,0,58,0,58,0,15,75,0,90,26,0,26,116
10/27/2017,UGN,IL,AGL,CE,Federal Contract Tower,0,13,16,0,29,0,0,31,0,31,0,13,47,0,60,68,0,68,128
10/28/2017,UGN,IL,AGL,CE,Federal Contract Tower,0,15,12,0,27,0,0,29,0,29,0,15,41,0,56,10,0,10,66
10/29/2017,UGN,IL,AGL,CE,Federal Contract Tower,0,5,20,0,25,0,0,69,0,69,0,5,89,0,94,78,0,78,172
10/30/2017,UGN,IL,AGL,CE,Federal Contract Tower,0,8,5,0,13,0,0,13,0,13,0,8,18,0,26,24,0,24,50
10/31/2017,UGN,IL,AGL,CE,Federal Contract Tower,0,17,10,0,27,0,0,58,0,58,0,17,68,0,85,34,0,34,119
11/01/2017,UGN,IL,AGL,CE,Federal Contract Tower,0,12,17,0,29,0,0,38,0,38,0,12,55,0,67,84,0,84,151
11/02/2017,UGN,IL,AGL,CE,Federal Contract Tower,0,12,25,0,37,0,0,0,0,0,0,12,25,0,37,0,0,0,37
11/03/2017,UGN,IL,AGL,CE,Federal Contract Tower,0,13,15,0,28,0,0,53,0,53,0,13,68,0,81,78,0,78,159
11/04/2017,UGN,IL,AGL,CE,Federal Contract Tower,0,10,11,0,21,0,0,0,0,0,0,10,11,0,21,0,0,0,21
11/05/2017,UGN,IL,AGL,CE,Federal Contract Tower,0,8,20,0,28,0,0,3,0,3,0,8,23,0,31,4,0,4,35
11/06/2017,UGN,IL,AGL,CE,Federal Contract Tower,0,14,18,0,32,0,0,65,0,65,0,14,83,0,97,62,0,62,159
11/07/2017,UGN,IL,AGL,CE,Federal Contract Tower,0,7,17,0,24,0,0,94,0,94,0,7,111,0,118,58,0,58,176
11/08/2017,UGN,IL,AGL,CE,Federal Contract Tower,0,14,20,0,34,0,0,110,0,110,0,14,130,0,144,58,0,58,202
11/09/2017,UGN,IL,AGL,CE,Federal Contract Tower,0,15,26,0,41,0,1,35,3,39,0,16,61,3,80,4,0,4,84
11/10/2017,UGN,IL,AGL,CE,Federal Contract Tower,0,10,19,0,29,0,0,9,0,9,0,10,28,0,38,0,0,0,38
11/11/2017,UGN,IL,AGL,CE,Federal Contract Tower,0,2,3,0,5,0,0,73,0,73,0,2,76,0,78,128,0,128,206
11/13/2017,UGN,IL,AGL,CE,Federal Contract Tower,0,5,26,0,31,0,0,6,0,6,0,5,32,0,37,8,0,8,45
11/14/2017,UGN,IL,AGL,CE,Federal Contract Tower,0,10,12,0,22,0,0,65,0,65,0,10,77,0,87,10,0,10,97
11/16/2017,UGN,IL,AGL,CE,Federal Contract Tower,0,20,20,0,40,0,0,115,0,115,0,20,135,0,155,114,0,114,269
11/17/2017,UGN,IL,AGL,CE,Federal Contract Tower,0,7,15,0,22,0,0,29,0,29,0,7,44,0,51,0,0,0,51
11/18/2017,UGN,IL,AGL,CE,Federal Contract Tower,0,11,8,0,19,0,0,0,0,0,0,11,8,0,19,0,0,0,19
11/19/2017,UGN,IL,AGL,CE,Federal Contract Tower,0,9,13,0,22,0,0,65,0,65,0,9,78,0,87,14,0,14,101
11/20/2017,UGN,IL,AGL,CE,Federal Contract Tower,0,6,9,0,15,0,0,18,0,18,0,6,27,0,33,26,0,26,59
11/21/2017,UGN,IL,AGL,CE,Federal Contract Tower,0,19,18,0,37,0,0,48,0,48,0,19,66,0,85,20,0,20,105
11/22/2017,UGN,IL,AGL,CE,Federal Contract Tower,0,10,11,0,21,0,0,84,0,84,0,10,95,0,105,70,0,70,175
11/23/2017,UGN,IL,AGL,CE,Federal Contract Tower,0,2,0,0,2,0,0,14,0,14,0,2,14,0,16,4,0,4,20
11/24/2017,UGN,IL,AGL,CE,Federal Contract Tower,0,2,0,0,2,0,0,32,0,32,0,2,32,0,34,24,0,24,58
11/25/2017,UGN,IL,AGL,CE,Federal Contract Tower,0,15,10,0,25,0,0,71,0,71,0,15,81,0,96,14,0,14,110
11/26/2017,UGN,IL,AGL,CE,Federal Contract Tower,0,23,19,0,42,0,0,79,0,79,0,23,98,0,121,28,0,28,149
11/27/2017,UGN,IL,AGL,CE,Federal Contract Tower,0,10,9,0,19,0,0,37,0,37,0,10,46,0,56,64,0,64,120
11/28/2017,UGN,IL,AGL,CE,Federal Contract Tower,0,6,23,0,29,0,0,22,0,22,0,6,45,0,51,8,0,8,59
11/29/2017,UGN,IL,AGL,CE,Federal Contract Tower,0,5,7,0,12,0,0,62,0,62,0,5,69,0,74,126,0,126,200
11/30/2017,UGN,IL,AGL,CE,Federal Contract Tower,0,9,14,0,23,0,0,44,0,44,0,9,58,0,67,54,0,54,121
12/01/2017,UGN,IL,AGL,CE,Federal Contract Tower,0,11,16,0,27,0,0,54,0,54,0,11,70,0,81,16,0,16,97
12/02/2017,UGN,IL,AGL,CE,Federal Contract Tower,0,7,10,0,17,0,1,83,0,84,0,8,93,0,101,78,0,78,179
12/03/2017,UGN,IL,AGL,CE,Federal Contract Tower,0,14,10,0,24,0,0,77,0,77,0,14,87,0,101,62,0,62,163
12/04/2017,UGN,IL,AGL,CE,Federal Contract Tower,0,2,17,0,19,0,0,0,0,0,0,2,17,0,19,0,0,0,19
12/05/2017,UGN,IL,AGL,CE,Federal Contract Tower,0,10,20,0,30,0,0,0,0,0,0,10,20,0,30,0,0,0,30
12/06/2017,UGN,IL,AGL,CE,Federal Contract Tower,0,12,20,0,32,0,0,21,0,21,0,12,41,0,53,12,0,12,65
12/08/2017,UGN,IL,AGL,CE,Federal Contract Tower,0,13,16,2,31,0,0,54,0,54,0,13,70,2,85,94,0,94,179
12/09/2017,UGN,IL,AGL,CE,Federal Contract Tower,0,4,10,0,14,0,0,4,0,4,0,4,14,0,18,2,0,2,20
12/10/2017,UGN,IL,AGL,CE,Federal Contract Tower,0,5,6,0,11,0,0,59,0,59,0,5,65,0,70,22,0,22,92
12/11/2017,UGN,IL,AGL,CE,Federal Contract Tower,0,8,11,0,19,0,0,13,0,13,0,8,24,0,32,0,0,0,32
12/12/2017,UGN,IL,AGL,CE,Federal Contract Tower,0,4,16,0,20,0,0,43,0,43,0,4,59,0,63,26,0,26,89
12/13/2017,UGN,IL,AGL,CE,Federal Contract Tower,0,9,14,0,23,0,2,3,0,5,0,11,17,0,28,0,0,0,28
12/14/2017,UGN,IL,AGL,CE,Federal Contract Tower,0,4,14,0,18,0,0,72,0,72,0,4,86,0,90,72,2,74,164
12/15/2017,UGN,IL,AGL,CE,Federal Contract Tower,0,4,27,0,31,0,0,44,0,44,0,4,71,0,75,44,0,44,119
12/16/2017,UGN,IL,AGL,CE,Federal Contract Tower,0,6,12,0,18,0,0,74,0,74,0,6,86,0,92,102,0,102,194
12/17/2017,UGN,IL,AGL,CE,Federal Contract Tower,0,5,12,0,17,0,0,0,0,0,0,5,12,0,17,0,0,0,17
12/18/2017,UGN,IL,AGL,CE,Federal Contract Tower,0,8,8,0,16,0,0,18,0,18,0,8,26,0,34,4,0,4,38
12/19/2017,UGN,IL,AGL,CE,Federal Contract Tower,0,13,15,0,28,0,0,82,0,82,0,13,97,0,110,52,0,52,162
12/20/2017,UGN,IL,AGL,CE,Federal Contract Tower,0,12,14,0,26,0,0,61,0,61,0,12,75,0,87,28,0,28,115
12/21/2017,UGN,IL,AGL,CE,Federal Contract Tower,0,13,9,0,22,0,0,31,0,31,0,13,40,0,53,40,0,40,93
12/22/2017,UGN,IL,AGL,CE,Federal Contract Tower,0,9,13,0,22,0,0,5,0,5,0,9,18,0,27,36,0,36,63
12/23/2017,UGN,IL,AGL,CE,Federal Contract Tower,0,8,4,0,12,0,0,52,0,52,0,8,56,0,64,56,0,56,120
12/24/2017,UGN,IL,AGL,CE,Federal Contract Tower,0,11,5,0,16,0,0,4,0,4,0,11,9,0,20,0,0,0,20
12/25/2017,UGN,IL,AGL,CE,Federal Contract Tower,0,8,3,0,11,0,0,0,0,0,0,8,3,0,11,0,0,0,11
12/26/2017,UGN,IL,AGL,CE,Federal Contract Tower,0,19,22,0,41,0,0,17,0,17,0,19,39,0,58,0,0,0,58
12/27/2017,UGN,IL,AGL,CE,Federal Contract Tower,0,14,16,0,30,0,0,23,1,24,0,14,39,1,54,0,0,0,54
12/28/2017,UGN,IL,AGL,CE,Federal Contract Tower,0,9,18,0,27,0,0,6,1,7,0,9,24,1,34,0,0,0,34
12/29/2017,UGN,IL,AGL,CE,Federal Contract Tower,0,6,6,0,12,0,0,20,0,20,0,6,26,0,32,0,0,0,32
12/30/2017,UGN,IL,AGL,CE,Federal Contract Tower,0,4,7,0,11,0,0,6,0,6,0,4,13,0,17,0,0,0,17
12/31/2017,UGN,IL,AGL,CE,Federal Contract Tower,0,1,1,0,2,0,0,21,0,21,0,1,22,0,23,0,0,0,23
01/01/2018,UGN,IL,AGL,CE,Federal Contract Tower,0,4,6,0,10,0,0,3,0,3,0,4,9,0,13,0,0,0,13
01/02/2018,UGN,IL,AGL,CE,Federal Contract Tower,0,21,14,0,35,0,0,26,0,26,0,21,40,0,61,1,0,1,62
01/03/2018,UGN,IL,AGL,CE,Federal Contract Tower,0,10,6,0,16,0,0,12,0,12,0,10,18,0,28,28,0,28,56
01/04/2018,UGN,IL,AGL,CE,Federal Contract Tower,0,7,15,0,22,0,0,22,0,22,0,7,37,0,44,0,0,0,44
01/05/2018,UGN,IL,AGL,CE,Federal Contract Tower,0,6,16,0,22,0,0,34,0,34,0,6,50,0,56,0,0,0,56
01/06/2018,UGN,IL,AGL,CE,Federal Contract Tower,0,9,4,0,13,0,0,36,0,36,0,9,40,0,49,0,0,0,49
01/07/2018,UGN,IL,AGL,CE,Federal Contract Tower,0,15,11,0,26,0,0,5,0,5,0,15,16,0,31,4,0,4,35
01/08/2018,UGN,IL,AGL,CE,Federal Contract Tower,0,8,12,0,20,0,0,33,0,33,0,8,45,0,53,6,0,6,59
01/09/2018,UGN,IL,AGL,CE,Federal Contract Tower,0,2,14,0,16,0,0,48,0,48,0,2,62,0,64,36,0,36,100
01/10/2018,UGN,IL,AGL,CE,Federal Contract Tower,0,9,14,0,23,0,0,0,0,0,0,9,14,0,23,0,0,0,23
01/11/2018,UGN,IL,AGL,CE,Federal Contract Tower,0,1,11,0,12,0,0,0,0,0,0,1,11,0,12,0,0,0,12
01/12/2018,UGN,IL,AGL,CE,Federal Contract Tower,0,9,8,0,17,0,0,8,0,8,0,9,16,0,25,0,0,0,25
01/13/2018,UGN,IL,AGL,CE,Federal Contract Tower,0,5,10,0,15,0,0,59,0,59,0,5,69,0,74,24,0,24,98
01/14/2018,UGN,IL,AGL,CE,Federal Contract Tower,0,7,6,0,13,0,0,68,0,68,0,7,74,0,81,44,0,44,125
01/15/2018,UGN,IL,AGL,CE,Federal Contract Tower,0,4,15,0,19,0,0,0,0,0,0,4,15,0,19,0,0,0,19
01/17/2018,UGN,IL,AGL,CE,Federal Contract Tower,0,6,12,0,18,0,0,22,0,22,0,6,34,0,40,36,0,36,76
01/18/2018,UGN,IL,AGL,CE,Federal Contract Tower,0,8,14,0,22,0,0,74,0,74,0,8,88,0,96,18,0,18,114
01/19/2018,UGN,IL,AGL,CE,Federal Contract Tower,0,8,10,0,18,0,0,108,0,108,0,8,118,0,126,20,0,20,146
01/20/2018,UGN,IL,AGL,CE,Federal Contract Tower,0,4,4,0,8,0,0,114,0,114,0,4,118,0,122,98,0,98,220
01/21/2018,UGN,IL,AGL,CE,Federal Contract Tower,0,6,8,0,14,0,0,0,0,0,0,6,8,0,14,0,0,0,14
01/22/2018,UGN,IL,AGL,CE,Federal Contract Tower,0,6,11,0,17,0,0,0,0,0,0,6,11,0,17,0,0,0,17
01/23/2018,UGN,IL,AGL,CE,Federal Contract Tower,0,6,15,0,21,0,0,4,0,4,0,6,19,0,25,0,0,0,25
01/24/2018,UGN,IL,AGL,CE,Federal Contract Tower,0,3,12,0,15,0,0,12,2,14,0,3,24,2,29,54,0,54,83
01/25/2018,UGN,IL,AGL,CE,Federal Contract Tower,0,3,11,0,14,0,0,89,0,89,0,3,100,0,103,16,0,16,119
01/26/2018,UGN,IL,AGL,CE,Federal Contract Tower,0,12,11,0,23,0,0,17,0,17,0,12,28,0,40,0,0,0,40
01/27/2018,UGN,IL,AGL,CE,Federal Contract Tower,0,12,5,0,17,0,0,73,0,73,0,12,78,0,90,80,0,80,170
01/28/2018,UGN,IL,AGL,CE,Federal Contract Tower,0,9,8,0,17,0,0,47,0,47,0,9,55,0,64,12,0,12,76
01/29/2018,UGN,IL,AGL,CE,Federal Contract Tower,0,10,11,0,21,0,0,54,0,54,0,10,65,0,75,10,0,10,85
01/30/2018,UGN,IL,AGL,CE,Federal Contract Tower,0,7,14,0,21,0,0,109,0,109,0,7,123,0,130,32,0,32,162
01/31/2018,UGN,IL,AGL,CE,Federal Contract Tower,0,11,8,2,21,0,0,46,0,46,0,11,54,2,67,14,0,14,81
02/01/2018,UGN,IL,AGL,CE,Federal Contract Tower,0,7,10,0,17,0,0,25,2,27,0,7,35,2,44,6,2,8,52
02/02/2018,UGN,IL,AGL,CE,Federal Contract Tower,0,5,11,0,16,0,0,114,0,114,0,5,125,0,130,40,0,40,170
02/03/2018,UGN,IL,AGL,CE,Federal Contract Tower,0,3,5,0,8,0,0,62,0,62,0,3,67,0,70,40,0,40,110
02/04/2018,UGN,IL,AGL,CE,Federal Contract Tower,0,4,13,0,17,0,0,0,0,0,0,4,13,0,17,0,0,0,17
02/05/2018,UGN,IL,AGL,CE,Federal Contract Tower,0,12,9,0,21,0,0,4,0,4,0,12,13,0,25,0,0,0,25
02/06/2018,UGN,IL,AGL,CE,Federal Contract Tower,0,6,22,0,28,0,0,64,0,64,0,6,86,0,92,18,16,34,126
02/07/2018,UGN,IL,AGL,CE,Federal Contract Tower,0,5,11,0,16,0,0,22,0,22,0,5,33,0,38,40,0,40,78
02/08/2018,UGN,IL,AGL,CE,Federal Contract Tower,0,25,16,0,41,0,0,38,0,38,0,25,54,0,79,12,0,12,91
02/09/2018,UGN,IL,AGL,CE,Federal Contract Tower,0,18,7,0,25,0,0,0,0,0,0,18,7,0,25,0,0,0,25
02/10/2018,UGN,IL,AGL,CE,Federal Contract Tower,0,14,8,0,22,0,0,60,0,60,0,14,68,0,82,14,0,14,96
02/11/2018,UGN,IL,AGL,CE,Federal Contract Tower,0,14,4,0,18,0,0,32,0,32,0,14,36,0,50,6,0,6,56
02/12/2018,UGN,IL,AGL,CE,Federal Contract Tower,0,10,12,0,22,0,0,72,2,74,0,10,84,2,96,44,0,44,140
02/13/2018,UGN,IL,AGL,CE,Federal Contract Tower,0,4,8,0,12,0,0,41,0,41,0,4,49,0,53,6,0,6,59
02/14/2018,UGN,IL,AGL,CE,Federal Contract Tower,0,11,13,0,24,0,0,20,2,22,0,11,33,2,46,66,6,72,118
02/15/2018,UGN,IL,AGL,CE,Federal Contract Tower,0,13,15,0,28,0,0,14,0,14,0,13,29,0,42,14,0,14,56
02/16/2018,UGN,IL,AGL,CE,Federal Contract Tower,0,11,20,0,31,0,0,57,4,61,0,11,77,4,92,10,0,10,102
02/17/2018,UGN,IL,AGL,CE,Federal Contract Tower,0,8,10,0,18,0,0,63,0,63,0,8,73,0,81,8,0,8,89
02/18/2018,UGN,IL,AGL,CE,Federal Contract Tower,0,5,12,0,17,0,0,51,0,51,0,5,63,0,68,0,0,0,68
02/19/2018,UGN,IL,AGL,CE,Federal Contract Tower,0,6,8,0,14,0,0,0,0,0,0,6,8,0,14,0,0,0,14
02/20/2018,UGN,IL,AGL,CE,Federal Contract Tower,0,13,9,0,22,0,0,0,0,0,0,13,9,0,22,0,0,0,22
02/21/2018,UGN,IL,AGL,CE,Federal Contract Tower,0,6,16,0,22,0,0,47,0,47,0,6,63,0,69,6,0,6,75
02/22/2018,UGN,IL,AGL,CE,Federal Contract Tower,0,2,13,0,15,0,0,32,0,32,0,2,45,0,47,52,0,52,99
02/23/2018,UGN,IL,AGL,CE,Federal Contract Tower,0,5,16,0,21,0,0,18,0,18,0,5,34,0,39,0,0,0,39
02/24/2018,UGN,IL,AGL,CE,Federal Contract Tower,0,3,8,0,11,0,0,24,0,24,0,3,32,0,35,28,0,28,63
02/25/2018,UGN,IL,AGL,CE,Federal Contract Tower,0,17,3,0,20,0,17,0,0,17,0,34,3,0,37,18,0,18,55
02/26/2018,UGN,IL,AGL,CE,Federal Contract Tower,0,7,12,0,19,0,0,100,0,100,0,7,112,0,119,30,0,30,149
02/27/2018,UGN,IL,AGL,CE,Federal Contract Tower,0,6,6,2,14,0,0,85,0,85,0,6,91,2,99,22,0,22,121
02/28/2018,UGN,IL,AGL,CE,Federal Contract Tower,0,8,14,0,22,0,0,20,0,20,0,8,34,0,42,38,0,38,80
03/01/2018,UGN,IL,AGL,CE,Federal Contract Tower,0,7,9,0,16,0,0,8,5,13,0,7,17,5,29,0,0,0,29
03/02/2018,UGN,IL,AGL,CE,Federal Contract Tower,0,9,12,0,21,0,0,76,5,81,0,9,88,5,102,40,0,40,142
03/03/2018,UGN,IL,AGL,CE,Federal Contract Tower,0,3,4,0,7,0,0,103,4,107,0,3,107,4,114,42,0,42,156
03/04/2018,UGN,IL,AGL,CE,Federal Contract Tower,0,14,9,0,23,0,0,105,0,105,0,14,114,0,128,8,0,8,136
03/05/2018,UGN,IL,AGL,CE,Federal Contract Tower,0,4,7,0,11,0,0,16,0,16,0,4,23,0,27,4,0,4,31
03/06/2018,UGN,IL,AGL,CE,Federal Contract Tower,0,7,8,0,15,0,0,0,0,0,0,7,8,0,15,0,0,0,15
03/07/2018,UGN,IL,AGL,CE,Federal Contract Tower,0,3,9,0,12,0,0,28,0,28,0,3,37,0,40,4,0,4,44
03/08/2018,UGN,IL,AGL,CE,Federal Contract Tower,0,3,12,0,15,0,0,74,0,74,0,3,86,0,89,12,0,12,101
03/09/2018,UGN,IL,AGL,CE,Federal Contract Tower,0,7,20,0,27,0,0,72,0,72,0,7,92,0,99,32,0,32,131
03/10/2018,UGN,IL,AGL,CE,Federal Contract Tower,0,5,3,0,8,0,0,138,0,138,0,5,141,0,146,40,0,40,186
03/11/2018,UGN,IL,AGL,CE,Federal Contract Tower,0,5,17,0,22,0,0,91,0,91,0,5,108,0,113,36,0,36,149
03/12/2018,UGN,IL,AGL,CE,Federal Contract Tower,0,9,8,0,17,0,0,33,0,33,0,9,41,0,50,8,0,8,58
03/13/2018,UGN,IL,AGL,CE,Federal Contract Tower,0,6,11,0,17,0,0,15,0,15,0,6,26,0,32,6,0,6,38
03/14/2018,UGN,IL,AGL,CE,Federal Contract Tower,0,4,15,0,19,0,0,40,0,40,0,4,55,0,59,40,0,40,99
03/15/2018,UGN,IL,AGL,CE,Federal Contract Tower,0,4,9,0,13,0,0,113,2,115,0,4,122,2,128,34,0,34,162
03/16/2018,UGN,IL,AGL,CE,Federal Contract Tower,0,6,10,0,16,0,0,70,0,70,0,6,80,0,86,36,0,36,122
03/17/2018,UGN,IL,AGL,CE,Federal Contract Tower,0,6,5,0,11,0,0,77,0,77,0,6,82,0,88,48,0,48,136
03/18/2018,UGN,IL,AGL,CE,Federal Contract Tower,0,5,13,0,18,0,0,136,0,136,0,5,149,0,154,26,0,26,180
03/19/2018,UGN,IL,AGL,CE,Federal Contract Tower,0,0,13,0,13,0,0,22,2,24,0,0,35,2,37,6,0,6,43
03/20/2018,UGN,IL,AGL,CE,Federal Contract Tower,0,7,13,0,20,0,0,12,2,14,0,7,25,2,34,2,0,2,36
03/21/2018,UGN,IL,AGL,CE,Federal Contract Tower,0,3,12,0,15,0,0,73,0,73,0,3,85,0,88,48,2,50,138
03/22/2018,UGN,IL,AGL,CE,Federal Contract Tower,0,4,17,0,21,0,0,117,0,117,0,4,134,0,138,40,0,40,178
03/23/2018,UGN,IL,AGL,CE,Federal Contract Tower,0,5,25,0,30,0,0,66,0,66,0,5,91,0,96,8,0,8,104
03/24/2018,UGN,IL,AGL,CE,Federal Contract Tower,0,12,9,0,21,0,0,6,0,6,0,12,15,0,27,2,0,2,29
03/25/2018,UGN,IL,AGL,CE,Federal Contract Tower,0,11,11,0,22,0,0,122,0,122,0,11,133,0,144,24,0,24,168
03/26/2018,UGN,IL,AGL,CE,Federal Contract Tower,0,4,16,0,20,0,0,102,0,102,0,4,118,0,122,0,0,0,122
03/27/2018,UGN,IL,AGL,CE,Federal Contract Tower,0,3,8,0,11,0,0,2,0,2,0,3,10,0,13,0,0,0,13
03/28/2018,UGN,IL,AGL,CE,Federal Contract Tower,0,2,8,0,10,0,0,104,0,104,0,2,112,0,114,38,0,38,152
03/29/2018,UGN,IL,AGL,CE,Federal Contract Tower,0,4,8,0,12,0,0,57,0,57,0,4,65,0,69,22,0,22,91
03/30/2018,UGN,IL,AGL,CE,Federal Contract Tower,0,4,14,0,18,0,0,110,0,110,0,4,124,0,128,62,0,62,190
03/31/2018,UGN,IL,AGL,CE,Federal Contract Tower,0,9,5,0,14,0,0,1,0,1,0,9,6,0,15,0,0,0,15
04/01/2018,UGN,IL,AGL,CE,Federal Contract Tower,0,9,16,0,25,0,0,56,0,56,0,9,72,0,81,52,0,52,133
04/02/2018,UGN,IL,AGL,CE,Federal Contract Tower,0,11,7,0,18,0,0,73,0,73,0,11,80,0,91,50,0,50,141
04/03/2018,UGN,IL,AGL,CE,Federal Contract Tower,0,8,9,0,17,0,0,0,0,0,0,8,9,0,17,0,0,0,17
04/04/2018,UGN,IL,AGL,CE,Federal Contract Tower,0,8,10,0,18,0,0,22,0,22,0,8,32,0,40,18,0,18,58
04/05/2018,UGN,IL,AGL,CE,Federal Contract Tower,0,5,12,0,17,0,0,66,2,68,0,5,78,2,85,44,0,44,129
04/06/2018,UGN,IL,AGL,CE,Federal Contract Tower,0,6,6,0,12,0,0,23,0,23,0,6,29,0,35,6,0,6,41
04/07/2018,UGN,IL,AGL,CE,Federal Contract Tower,0,13,4,0,17,0,0,127,0,127,0,13,131,0,144,108,0,108,252
04/08/2018,UGN,IL,AGL,CE,Federal Contract Tower,0,8,17,0,25,0,0,87,0,87,0,8,104,0,112,128,0,128,240
04/09/2018,UGN,IL,AGL,CE,Federal Contract Tower,0,8,12,0,20,0,0,3,0,3,0,8,15,0,23,4,0,4,27
04/10/2018,UGN,IL,AGL,CE,Federal Contract Tower,0,6,18,2,26,0,0,141,0,141,0,6,159,2,167,12,0,12,179
04/11/2018,UGN,IL,AGL,CE,Federal Contract Tower,0,12,17,0,29,0,0,88,0,88,0,12,105,0,117,16,0,16,133
04/12/2018,UGN,IL,AGL,CE,Federal Contract Tower,0,2,8,2,12,0,0,79,0,79,0,2,87,2,91,0,0,0,91
04/13/2018,UGN,IL,AGL,CE,Federal Contract Tower,0,4,8,0,12,0,0,2,0,2,0,4,10,0,14,0,0,0,14
04/14/2018,UGN,IL,AGL,CE,Federal Contract Tower,0,2,5,0,7,0,0,0,0,0,0,2,5,0,7,0,0,0,7
04/15/2018,UGN,IL,AGL,CE,Federal Contract Tower,0,4,9,2,15,0,0,0,0,0,0,4,9,2,15,0,0,0,15
04/16/2018,UGN,IL,AGL,CE,Federal Contract Tower,0,10,5,0,15,0,0,0,0,0,0,10,5,0,15,0,0,0,15
04/17/2018,UGN,IL,AGL,CE,Federal Contract Tower,0,13,12,0,25,0,0,100,0,100,0,13,112,0,125,22,0,22,147
04/18/2018,UGN,IL,AGL,CE,Federal Contract Tower,0,4,7,0,11,0,0,6,0,6,0,4,13,0,17,0,0,0,17
04/19/2018,UGN,IL,AGL,CE,Federal Contract Tower,0,8,11,0,19,0,0,97,0,97,0,8,108,0,116,32,0,32,148
04/20/2018,UGN,IL,AGL,CE,Federal Contract Tower,0,4,10,2,16,0,0,94,0,94,0,4,104,2,110,40,0,40,150
04/21/2018,UGN,IL,AGL,CE,Federal Contract Tower,0,0,6,0,6,0,0,85,0,85,0,0,91,0,91,52,0,52,143
04/22/2018,UGN,IL,AGL,CE,Federal Contract Tower,0,9,11,0,20,0,0,124,0,124,0,9,135,0,144,6,0,6,150
04/23/2018,UGN,IL,AGL,CE,Federal Contract Tower,0,10,15,0,25,0,0,136,0,136,0,10,151,0,161,10,0,10,171
04/24/2018,UGN,IL,AGL,CE,Federal Contract Tower,0,12,20,0,32,0,0,89,2,91,0,12,109,2,123,60,0,60,183
04/25/2018,UGN,IL,AGL,CE,Federal Contract Tower,0,16,21,0,37,0,0,83,0,83,0,16,104,0,120,52,0,52,172
04/26/2018,UGN,IL,AGL,CE,Federal Contract Tower,0,7,17,0,24,0,1,139,0,140,0,8,156,0,164,66,0,66,230
04/27/2018,UGN,IL,AGL,CE,Federal Contract Tower,0,11,25,0,36,0,0,44,0,44,0,11,69,0,80,8,0,8,88
04/28/2018,UGN,IL,AGL,CE,Federal Contract Tower,0,6,2,0,8,0,0,135,0,135,0,6,137,0,143,54,0,54,197
04/29/2018,UGN,IL,AGL,CE,Federal Contract Tower,0,11,14,0,25,0,0,133,0,133,0,11,147,0,158,72,0,72,230
04/30/2018,UGN,IL,AGL,CE,Federal Contract Tower,0,9,11,0,20,0,0,79,0,79,0,9,90,0,99,18,0,18,117
05/01/2018,UGN,IL,AGL,CE,Federal Contract Tower,0,9,13,0,22,0,0,71,2,73,0,9,84,2,95,10,0,10,105
05/02/2018,UGN,IL,AGL,CE,Federal Contract Tower,0,9,19,0,28,0,0,27,0,27,0,9,46,0,55,22,0,22,77
05/03/2018,UGN,IL,AGL,CE,Federal Contract Tower,0,10,18,0,28,0,0,2,0,2,0,10,20,0,30,0,0,0,30
05/04/2018,UGN,IL,AGL,CE,Federal Contract Tower,0,12,22,0,34,0,0,12,0,12,0,12,34,0,46,12,0,12,58
05/05/2018,UGN,IL,AGL,CE,Federal Contract Tower,0,8,20,0,28,0,0,149,0,149,0,8,169,0,177,34,0,34,211
05/06/2018,UGN,IL,AGL,CE,Federal Contract Tower,0,12,18,0,30,0,0,80,2,82,0,12,98,2,112,26,10,36,148
05/07/2018,UGN,IL,AGL,CE,Federal Contract Tower,0,15,16,0,31,0,0,91,0,91,0,15,107,0,122,36,0,36,158
05/08/2018,UGN,IL,AGL,CE,Federal Contract Tower,0,10,19,0,29,0,0,101,2,103,0,10,120,2,132,34,4,38,170
05/09/2018,UGN,IL,AGL,CE,Federal Contract Tower,0,10,12,0,22,0,0,12,0,12,0,10,24,0,34,26,0,26,60
05/10/2018,UGN,IL,AGL,CE,Federal Contract Tower,0,9,32,0,41,0,0,74,0,74,0,9,106,0,115,38,0,38,153
05/11/2018,UGN,IL,AGL,CE,Federal Contract Tower,0,16,28,0,44,0,0,16,0,16,0,16,44,0,60,28,0,28,88
05/12/2018,UGN,IL,AGL,CE,Federal Contract Tower,0,13,12,0,25,0,0,0,0,0,0,13,12,0,25,0,0,0,25
05/13/2018,UGN,IL,AGL,CE,Federal Contract Tower,0,11,14,0,25,0,0,29,0,29,0,11,43,0,54,8,0,8,62
05/14/2018,UGN,IL,AGL,CE,Federal Contract Tower,0,14,15,0,29,0,0,40,0,40,0,14,55,0,69,34,0,34,103
05/15/2018,UGN,IL,AGL,CE,Federal Contract Tower,0,12,15,3,30,0,0,87,0,87,0,12,102,3,117,48,0,48,165
05/16/2018,UGN,IL,AGL,CE,Federal Contract Tower,0,10,14,0,24,0,0,92,1,93,0,10,106,1,117,66,0,66,183
05/17/2018,UGN,IL,AGL,CE,Federal Contract Tower,0,11,13,1,25,0,1,105,2,108,0,12,118,3,133,72,0,72,205
05/18/2018,UGN,IL,AGL,CE,Federal Contract Tower,0,15,32,0,47,0,0,97,0,97,0,15,129,0,144,82,0,82,226
05/19/2018,UGN,IL,AGL,CE,Federal Contract Tower,0,7,19,0,26,0,0,8,0,8,0,7,27,0,34,0,0,0,34
05/20/2018,UGN,IL,AGL,CE,Federal Contract Tower,0,12,25,0,37,0,0,1,0,1,0,12,26,0,38,0,0,0,38
05/21/2018,UGN,IL,AGL,CE,Federal Contract Tower,0,4,11,0,15,0,0,0,0,0,0,4,11,0,15,0,0,0,15
05/22/2018,UGN,IL,AGL,CE,Federal Contract Tower,0,8,25,1,34,0,0,18,0,18,0,8,43,1,52,34,0,34,86
05/23/2018,UGN,IL,AGL,CE,Federal Contract Tower,0,7,11,0,18,0,0,107,0,107,0,7,118,0,125,78,0,78,203
05/24/2018,UGN,IL,AGL,CE,Federal Contract Tower,0,17,9,1,27,0,0,91,5,96,0,17,100,6,123,92,0,92,215
05/25/2018,UGN,IL,AGL,CE,Federal Contract Tower,0,11,22,0,33,0,0,52,2,54,0,11,74,2,87,66,0,66,153
05/26/2018,UGN,IL,AGL,CE,Federal Contract Tower,0,5,5,2,12,0,0,55,2,57,0,5,60,4,69,46,0,46,115
05/27/2018,UGN,IL,AGL,CE,Federal Contract Tower,0,6,1,0,7,0,0,61,2,63,0,6,62,2,70,52,0,52,122
05/28/2018,UGN,IL,AGL,CE,Federal Contract Tower,0,9,9,0,18,0,0,62,4,66,0,9,71,4,84,22,0,22,106
05/29/2018,UGN,IL,AGL,CE,Federal Contract Tower,0,11,20,0,31,0,0,97,0,97,0,11,117,0,128,106,0,106,234
05/30/2018,UGN,IL,AGL,CE,Federal Contract Tower,0,7,13,0,20,0,0,26,0,26,0,7,39,0,46,130,0,130,176
05/31/2018,UGN,IL,AGL,CE,Federal Contract Tower,0,10,17,0,27,0,0,94,0,94,0,10,111,0,121,76,0,76,197
06/01/2018,UGN,IL,AGL,CE,Federal Contract Tower,0,8,22,2,32,0,0,33,2,35,0,8,55,4,67,24,0,24,91
06/02/2018,UGN,IL,AGL,CE,Federal Contract Tower,0,7,19,0,26,0,0,8,1,9,0,7,27,1,35,28,0,28,63
06/03/2018,UGN,IL,AGL,CE,Federal Contract Tower,0,12,14,0,26,0,0,33,0,33,0,12,47,0,59,74,0,74,133
06/04/2018,UGN,IL,AGL,CE,Federal Contract Tower,0,5,16,1,22,0,0,68,1,69,0,5,84,2,91,52,0,52,143
06/05/2018,UGN,IL,AGL,CE,Federal Contract Tower,0,13,13,0,26,0,1,138,0,139,0,14,151,0,165,88,0,88,253
06/06/2018,UGN,IL,AGL,CE,Federal Contract Tower,0,7,16,0,23,0,0,86,0,86,0,7,102,0,109,84,0,84,193
06/07/2018,UGN,IL,AGL,CE,Federal Contract Tower,0,13,13,2,28,0,0,61,0,61,0,13,74,2,89,108,0,108,197
06/08/2018,UGN,IL,AGL,CE,Federal Contract Tower,0,9,24,0,33,0,0,48,0,48,0,9,72,0,81,52,0,52,133
06/09/2018,UGN,IL,AGL,CE,Federal Contract Tower,0,5,12,0,17,0,0,23,0,23,0,5,35,0,40,54,0,54,94
06/10/2018,UGN,IL,AGL,CE,Federal Contract Tower,0,3,11,0,14,0,0,0,0,0,0,3,11,0,14,0,0,0,14
06/11/2018,UGN,IL,AGL,CE,Federal Contract Tower,0,11,33,0,44,0,0,10,0,10,0,11,43,0,54,73,0,73,127
06/12/2018,UGN,IL,AGL,CE,Federal Contract Tower,0,8,26,2,36,0,0,17,0,17,0,8,43,2,53,0,0,0,53
06/13/2018,UGN,IL,AGL,CE,Federal Contract Tower,0,6,15,0,21,0,0,143,1,144,0,6,158,1,165,78,0,78,243
06/14/2018,UGN,IL,AGL,CE,Federal Contract Tower,0,14,19,0,33,0,0,119,0,119,0,14,138,0,152,96,0,96,248
06/15/2018,UGN,IL,AGL,CE,Federal Contract Tower,0,10,14,0,24,0,0,75,8,83,0,10,89,8,107,86,20,106,213
06/16/2018,UGN,IL,AGL,CE,Federal Contract Tower,0,3,8,0,11,0,0,113,2,115,0,3,121,2,126,32,0,32,158
06/17/2018,UGN,IL,AGL,CE,Federal Contract Tower,0,14,8,0,22,0,0,71,2,73,0,14,79,2,95,66,0,66,161
06/18/2018,UGN,IL,AGL,CE,Federal Contract Tower,0,6,15,0,21,0,0,60,4,64,0,6,75,4,85,28,10,38,123
06/19/2018,UGN,IL,AGL,CE,Federal Contract Tower,0,16,20,0,36,0,0,0,0,0,0,16,20,0,36,0,0,0,36
06/20/2018,UGN,IL,AGL,CE,Federal Contract Tower,0,9,20,1,30,0,0,8,1,9,0,9,28,2,39,78,0,78,117
06/21/2018,UGN,IL,AGL,CE,Federal Contract Tower,0,13,11,0,24,0,0,0,0,0,0,13,11,0,24,0,0,0,24
06/22/2018,UGN,IL,AGL,CE,Federal Contract Tower,0,10,30,1,41,0,0,0,0,0,0,10,30,1,41,0,12,12,53
06/23/2018,UGN,IL,AGL,CE,Federal Contract Tower,0,6,7,0,13,0,0,115,12,127,0,6,122,12,140,80,0,80,220
06/24/2018,UGN,IL,AGL,CE,Federal Contract Tower,0,14,10,0,24,0,0,126,1,127,0,14,136,1,151,56,0,56,207
06/25/2018,UGN,IL,AGL,CE,Federal Contract Tower,0,7,17,0,24,0,0,84,2,86,0,7,101,2,110,80,0,80,190
06/26/2018,UGN,IL,AGL,CE,Federal Contract Tower,0,11,19,0,30,0,0,0,0,0,0,11,19,0,30,0,0,0,30
06/27/2018,UGN,IL,AGL,CE,Federal Contract Tower,0,6,21,0,27,0,0,57,1,58,0,6,78,1,85,54,0,54,139
06/28/2018,UGN,IL,AGL,CE,Federal Contract Tower,0,11,25,3,39,0,0,104,1,105,0,11,129,4,144,118,0,118,262
06/29/2018,UGN,IL,AGL,CE,Federal Contract Tower,0,19,18,1,38,0,0,114,1,115,0,19,132,2,153,48,0,48,201
06/30/2018,UGN,IL,AGL,CE,Federal Contract Tower,0,15,9,0,24,0,0,52,4,56,0,15,61,4,80,44,0,44,124
07/01/2018,UGN,IL,AGL,CE,Federal Contract Tower,0,20,19,0,39,0,0,39,0,39,0,20,58,0,78,4,0,4,82
07/02/2018,UGN,IL,AGL,CE,Federal Contract Tower,0,3,7,0,10,0,0,98,1,99,0,3,105,1,109,107,0,107,216
07/03/2018,UGN,IL,AGL,CE,Federal Contract Tower,0,7,6,0,13,0,0,64,0,64,0,7,70,0,77,46,0,46,123
07/04/2018,UGN,IL,AGL,CE,Federal Contract Tower,0,2,7,0,9,0,0,44,2,46,0,2,51,2,55,0,6,6,61
07/05/2018,UGN,IL,AGL,CE,Federal Contract Tower,0,8,12,0,20,0,0,64,3,67,0,8,76,3,87,58,0,58,145
07/06/2018,UGN,IL,AGL,CE,Federal Contract Tower,10,0,5,0,15,0,0,121,2,123,10,0,126,2,138,30,0,30,168
07/07/2018,UGN,IL,AGL,CE,Federal Contract Tower,0,15,4,0,19,0,0,99,2,101,0,15,103,2,120,70,0,70,190
07/08/2018,UGN,IL,AGL,CE,Federal Contract Tower,0,11,17,0,28,0,0,111,2,113,0,11,128,2,141,60,0,60,201
07/09/2018,UGN,IL,AGL,CE,Federal Contract Tower,0,9,13,0,22,0,0,50,2,52,0,9,63,2,74,74,0,74,148
07/10/2018,UGN,IL,AGL,CE,Federal Contract Tower,0,7,20,0,27,0,0,0,0,0,0,7,20,0,27,56,0,56,83
07/11/2018,UGN,IL,AGL,CE,Federal Contract Tower,0,8,14,0,22,0,0,163,3,166,0,8,177,3,188,50,0,50,238
07/12/2018,UGN,IL,AGL,CE,Federal Contract Tower,0,5,13,0,18,0,0,108,2,110,0,5,121,2,128,38,0,38,166
07/13/2018,UGN,IL,AGL,CE,Federal Contract Tower,0,14,8,0,22,0,0,114,2,116,0,14,122,2,138,88,0,88,226
07/14/2018,UGN,IL,AGL,CE,Federal Contract Tower,0,3,8,0,11,0,0,14,2,16,0,3,22,2,27,26,2,28,55
07/15/2018,UGN,IL,AGL,CE,Federal Contract Tower,0,4,6,0,10,0,0,61,2,63,0,4,67,2,73,67,0,67,140
07/16/2018,UGN,IL,AGL,CE,Federal Contract Tower,0,7,3,0,10,0,0,52,14,66,0,7,55,14,76,22,0,22,98
07/17/2018,UGN,IL,AGL,CE,Federal Contract Tower,0,2,8,0,10,0,0,166,2,168,0,2,174,2,178,66,0,66,244
07/18/2018,UGN,IL,AGL,CE,Federal Contract Tower,0,8,11,0,19,0,0,107,3,110,0,8,118,3,129,18,0,18,147
07/19/2018,UGN,IL,AGL,CE,Federal Contract Tower,0,11,17,0,28,0,0,56,2,58,0,11,73,2,86,12,4,16,102
07/20/2018,UGN,IL,AGL,CE,Federal Contract Tower,0,9,12,0,21,0,0,26,0,26,0,9,38,0,47,20,0,20,67
07/21/2018,UGN,IL,AGL,CE,Federal Contract Tower,0,4,12,0,16,0,0,2,3,5,0,4,14,3,21,0,0,0,21
07/22/2018,UGN,IL,AGL,CE,Federal Contract Tower,0,6,17,0,23,0,0,6,2,8,0,6,23,2,31,2,0,2,33
07/23/2018,UGN,IL,AGL,CE,Federal Contract Tower,0,9,28,0,37,0,0,105,2,107,0,9,133,2,144,8,0,8,152
07/24/2018,UGN,IL,AGL,CE,Federal Contract Tower,0,0,14,9,23,0,0,52,0,52,0,0,66,9,75,38,0,38,113
07/25/2018,UGN,IL,AGL,CE,Federal Contract Tower,0,14,15,0,29,0,0,98,3,101,0,14,113,3,130,56,0,56,186
07/26/2018,UGN,IL,AGL,CE,Federal Contract Tower,0,10,22,0,32,0,0,63,11,74,0,10,85,11,106,56,4,60,166
07/27/2018,UGN,IL,AGL,CE,Federal Contract Tower,0,3,21,0,24,0,0,55,2,57,0,3,76,2,81,44,0,44,125
07/28/2018,UGN,IL,AGL,CE,Federal Contract Tower,0,5,3,1,9,0,0,41,3,44,0,5,44,4,53,54,0,54,107
07/29/2018,UGN,IL,AGL,CE,Federal Contract Tower,0,6,11,0,17,0,0,51,0,51,0,6,62,0,68,30,0,30,98
07/30/2018,UGN,IL,AGL,CE,Federal Contract Tower,0,9,20,0,29,0,0,52,3,55,0,9,72,3,84,86,4,90,174
07/31/2018,UGN,IL,AGL,CE,Federal Contract Tower,0,21,24,0,45,0,0,51,1,52,0,21,75,1,97,22,0,22,119
08/01/2018,UGN,IL,AGL,CE,Federal Contract Tower,0,10,27,1,38,0,0,35,4,39,0,10,62,5,77,36,0,36,113
08/02/2018,UGN,IL,AGL,CE,Federal Contract Tower,0,11,10,2,23,0,0,63,5,68,0,11,73,7,91,64,12,76,167
08/03/2018,UGN,IL,AGL,CE,Federal Contract Tower,0,6,19,0,25,0,0,67,0,67,0,6,86,0,92,82,2,84,176
08/04/2018,UGN,IL,AGL,CE,Federal Contract Tower,0,7,8,0,15,0,0,66,4,70,0,7,74,4,85,34,0,34,119
08/05/2018,UGN,IL,AGL,CE,Federal Contract Tower,0,4,11,1,16,0,0,45,3,48,0,4,56,4,64,60,0,60,124
08/06/2018,UGN,IL,AGL,CE,Federal Contract Tower,0,10,8,0,18,0,0,18,0,18,0,10,26,0,36,14,0,14,50
08/07/2018,UGN,IL,AGL,CE,Federal Contract Tower,0,6,27,0,33,0,15,2,0,17,0,21,29,0,50,24,0,24,74
08/08/2018,UGN,IL,AGL,CE,Federal Contract Tower,0,10,12,0,22,0,0,81,2,83,0,10,93,2,105,56,0,56,161
08/09/2018,UGN,IL,AGL,CE,Federal Contract Tower,0,5,13,0,18,0,0,57,2,59,0,5,70,2,77,54,0,54,131
08/10/2018,UGN,IL,AGL,CE,Federal Contract Tower,0,7,16,0,23,0,0,56,3,59,0,7,72,3,82,86,0,86,168
08/11/2018,UGN,IL,AGL,CE,Federal Contract Tower,0,9,3,0,12,0,0,85,0,85,0,9,88,0,97,50,0,50,147
08/12/2018,UGN,IL,AGL,CE,Federal Contract Tower,0,6,15,0,21,0,0,72,2,74,0,6,87,2,95,58,0,58,153
08/13/2018,UGN,IL,AGL,CE,Federal Contract Tower,0,6,15,2,23,0,0,42,0,42,0,6,57,2,65,52,0,52,117
08/14/2018,UGN,IL,AGL,CE,Federal Contract Tower,0,1,28,0,29,0,0,57,0,57,0,1,85,0,86,120,0,120,206
08/15/2018,UGN,IL,AGL,CE,Federal Contract Tower,0,10,14,2,26,0,0,18,0,18,0,10,32,2,44,38,0,38,82
08/16/2018,UGN,IL,AGL,CE,Federal Contract Tower,0,5,21,0,26,0,0,28,2,30,0,5,49,2,56,48,0,48,104
08/17/2018,UGN,IL,AGL,CE,Federal Contract Tower,0,11,20,0,31,0,0,20,2,22,0,11,40,2,53,18,0,18,71
08/18/2018,UGN,IL,AGL,CE,Federal Contract Tower,0,5,14,0,19,0,0,35,2,37,0,5,49,2,56,86,0,86,142
08/19/2018,UGN,IL,AGL,CE,Federal Contract Tower,0,10,23,0,33,0,0,50,4,54,0,10,73,4,87,70,10,80,167
08/20/2018,UGN,IL,AGL,CE,Federal Contract Tower,0,15,18,0,33,0,0,7,4,11,0,15,25,4,44,0,0,0,44
08/21/2018,UGN,IL,AGL,CE,Federal Contract Tower,0,9,11,0,20,0,0,11,0,11,0,9,22,0,31,20,0,20,51
08/22/2018,UGN,IL,AGL,CE,Federal Contract Tower,0,7,18,0,25,0,0,72,1,73,0,7,90,1,98,54,0,54,152
08/23/2018,UGN,IL,AGL,CE,Federal Contract Tower,0,8,17,0,25,0,0,99,4,103,0,8,116,4,128,40,0,40,168
08/24/2018,UGN,IL,AGL,CE,Federal Contract Tower,0,6,14,0,20,0,0,4,1,5,0,6,18,1,25,0,0,0,25
08/25/2018,UGN,IL,AGL,CE,Federal Contract Tower,0,8,19,0,27,0,0,15,2,17,0,8,34,2,44,56,0,56,100
08/26/2018,UGN,IL,AGL,CE,Federal Contract Tower,0,12,18,0,30,0,0,45,2,47,0,12,63,2,77,60,0,60,137
08/27/2018,UGN,IL,AGL,CE,Federal Contract Tower,0,7,17,0,24,0,0,14,0,14,0,7,31,0,38,8,0,8,46
08/28/2018,UGN,IL,AGL,CE,Federal Contract Tower,0,9,40,0,49,0,0,3,5,8,0,9,43,5,57,6,0,6,63
08/29/2018,UGN,IL,AGL,CE,Federal Contract Tower,0,11,14,0,25,0,0,26,1,27,0,11,40,1,52,34,0,34,86
08/30/2018,UGN,IL,AGL,CE,Federal Contract Tower,0,12,20,0,32,0,0,66,7,73,0,12,86,7,105,50,0,50,155
08/31/2018,UGN,IL,AGL,CE,Federal Contract Tower,0,8,21,0,29,0,0,44,0,44,0,8,65,0,73,36,0,36,109
09/01/2018,UGN,IL,AGL,CE,Federal Contract Tower,0,6,18,0,24,0,0,2,0,2,0,6,20,0,26,0,0,0,26
09/02/2018,UGN,IL,AGL,CE,Federal Contract Tower,0,8,11,3,22,0,0,29,1,30,0,8,40,4,52,72,0,72,124
09/03/2018,UGN,IL,AGL,CE,Federal Contract Tower,0,19,9,0,28,0,0,5,0,5,0,19,14,0,33,26,0,26,59
09/04/2018,UGN,IL,AGL,CE,Federal Contract Tower,0,12,12,0,24,0,0,45,0,45,0,12,57,0,69,68,0,68,137
09/05/2018,UGN,IL,AGL,CE,Federal Contract Tower,0,5,9,1,15,0,0,21,1,22,0,5,30,2,37,38,0,38,75
09/06/2018,UGN,IL,AGL,CE,Federal Contract Tower,0,6,18,1,25,0,0,31,0,31,0,6,49,1,56,44,0,44,100
09/07/2018,UGN,IL,AGL,CE,Federal Contract Tower,0,11,23,2,36,0,0,51,0,51,0,11,74,2,87,20,0,20,107
09/08/2018,UGN,IL,AGL,CE,Federal Contract Tower,0,5,8,0,13,0,0,60,0,60,0,5,68,0,73,106,0,106,179
09/09/2018,UGN,IL,AGL,CE,Federal Contract Tower,0,5,10,2,17,0,0,66,0,66,0,5,76,2,83,38,0,38,121
09/10/2018,UGN,IL,AGL,CE,Federal Contract Tower,0,4,25,0,29,0,0,35,0,35,0,4,60,0,64,68,0,68,132
09/11/2018,UGN,IL,AGL,CE,Federal Contract Tower,0,5,12,0,17,0,0,91,0,91,0,5,103,0,108,58,0,58,166
09/12/2018,UGN,IL,AGL,CE,Federal Contract Tower,0,10,8,0,18,0,0,56,0,56,0,10,64,0,74,16,0,16,90
09/13/2018,UGN,IL,AGL,CE,Federal Contract Tower,0,8,14,0,22,0,0,94,0,94,0,8,108,0,116,46,0,46,162
09/14/2018,UGN,IL,AGL,CE,Federal Contract Tower,0,10,10,0,20,0,0,143,0,143,0,10,153,0,163,86,4,90,253
09/15/2018,UGN,IL,AGL,CE,Federal Contract Tower,0,4,17,0,21,0,0,77,0,77,0,4,94,0,98,100,0,100,198
09/16/2018,UGN,IL,AGL,CE,Federal Contract Tower,0,10,13,1,24,0,0,102,0,102,0,10,115,1,126,88,0,88,214
09/17/2018,UGN,IL,AGL,CE,Federal Contract Tower,0,9,24,0,33,0,0,82,0,82,0,9,106,0,115,38,0,38,153
09/18/2018,UGN,IL,AGL,CE,Federal Contract Tower,0,12,12,0,24,0,0,23,0,23,0,12,35,0,47,22,0,22,69
09/19/2018,UGN,IL,AGL,CE,Federal Contract Tower,0,12,15,0,27,0,0,69,0,69,0,12,84,0,96,90,0,90,186
09/20/2018,UGN,IL,AGL,CE,Federal Contract Tower,0,15,21,0,36,0,0,68,0,68,0,15,89,0,104,60,0,60,164
09/21/2018,UGN,IL,AGL,CE,Federal Contract Tower,0,7,17,0,24,0,0,46,0,46,0,7,63,0,70,8,0,8,78
09/22/2018,UGN,IL,AGL,CE,Federal Contract Tower,0,2,9,0,11,0,0,81,0,81,0,2,90,0,92,132,0,132,224
09/23/2018,UGN,IL,AGL,CE,Federal Contract Tower,0,19,10,0,29,0,0,86,0,86,0,19,96,0,115,64,0,64,179
09/24/2018,UGN,IL,AGL,CE,Federal Contract Tower,0,12,27,0,39,0,0,10,0,10,0,12,37,0,49,44,0,44,93
09/25/2018,UGN,IL,AGL,CE,Federal Contract Tower,0,12,22,0,34,0,0,11,0,11,0,12,33,0,45,36,0,36,81
09/26/2018,UGN,IL,AGL,CE,Federal Contract Tower,0,13,15,0,28,0,0,108,0,108,0,13,123,0,136,58,0,58,194
09/27/2018,UGN,IL,AGL,CE,Federal Contract Tower,0,17,16,1,34,0,0,89,0,89,0,17,105,1,123,84,0,84,207
09/28/2018,UGN,IL,AGL,CE,Federal Contract Tower,0,10,25,0,35,0,0,57,0,57,0,10,82,0,92,78,0,78,170
09/29/2018,UGN,IL,AGL,CE,Federal Contract Tower,0,3,17,0,20,0,0,95,0,95,0,3,112,0,115,92,0,92,207
09/30/2018,UGN,IL,AGL,CE,Federal Contract Tower,0,6,9,0,15,0,0,0,0,0,0,6,9,0,15,0,0,0,15
10/01/2018,UGN,IL,AGL,CE,Federal Contract Tower,0,10,18,0,28,0,0,0,0,0,0,10,18,0,28,0,0,0,28
10/02/2018,UGN,IL,AGL,CE,Federal Contract Tower,0,3,17,0,20,0,0,1,0,1,0,3,18,0,21,6,0,6,27
10/03/2018,UGN,IL,AGL,CE,Federal Contract Tower,0,16,20,0,36,0,0,27,0,27,0,16,47,0,63,8,0,8,71
10/04/2018,UGN,IL,AGL,CE,Federal Contract Tower,0,10,13,0,23,0,0,111,0,111,0,10,124,0,134,16,0,16,150
10/05/2018,UGN,IL,AGL,CE,Federal Contract Tower,0,13,17,0,30,0,0,0,0,0,0,13,17,0,30,0,0,0,30
10/06/2018,UGN,IL,AGL,CE,Federal Contract Tower,0,4,18,0,22,0,0,1,0,1,0,4,19,0,23,16,0,16,39
10/07/2018,UGN,IL,AGL,CE,Federal Contract Tower,0,10,22,0,32,0,0,0,0,0,0,10,22,0,32,0,0,0,32
10/08/2018,UGN,IL,AGL,CE,Federal Contract Tower,0,5,12,0,17,0,0,57,0,57,0,5,69,0,74,24,0,24,98
10/09/2018,UGN,IL,AGL,CE,Federal Contract Tower,0,8,23,0,31,0,0,86,0,86,0,8,109,0,117,62,0,62,179
10/10/2018,UGN,IL,AGL,CE,Federal Contract Tower,0,5,12,0,17,0,0,22,0,22,0,5,34,0,39,4,0,4,43
10/11/2018,UGN,IL,AGL,CE,Federal Contract Tower,0,5,12,0,17,0,10,0,0,10,0,15,12,0,27,0,0,0,27
10/12/2018,UGN,IL,AGL,CE,Federal Contract Tower,0,13,22,0,35,0,0,72,0,72,0,13,94,0,107,102,0,102,209
10/13/2018,UGN,IL,AGL,CE,Federal Contract Tower,0,4,14,0,18,0,0,88,0,88,0,4,102,0,106,122,0,122,228
10/14/2018,UGN,IL,AGL,CE,Federal Contract Tower,0,7,16,0,23,0,0,71,0,71,0,7,87,0,94,36,0,36,130
10/15/2018,UGN,IL,AGL,CE,Federal Contract Tower,0,6,19,0,25,0,0,26,0,26,0,6,45,0,51,10,0,10,61
10/16/2018,UGN,IL,AGL,CE,Federal Contract Tower,0,7,14,1,22,0,0,52,0,52,0,7,66,1,74,0,0,0,74
10/17/2018,UGN,IL,AGL,CE,Federal Contract Tower,0,5,8,0,13,0,0,72,0,72,0,5,80,0,85,28,0,28,113
10/18/2018,UGN,IL,AGL,CE,Federal Contract Tower,0,13,24,0,37,0,0,101,0,101,0,13,125,0,138,116,0,116,254
10/19/2018,UGN,IL,AGL,CE,Federal Contract Tower,0,10,12,1,23,0,0,23,0,23,0,10,35,1,46,26,0,26,72
10/20/2018,UGN,IL,AGL,CE,Federal Contract Tower,0,3,4,0,7,0,0,18,0,18,0,3,22,0,25,2,0,2,27
10/21/2018,UGN,IL,AGL,CE,Federal Contract Tower,0,7,16,0,23,0,0,64,0,64,0,7,80,0,87,108,0,108,195
10/22/2018,UGN,IL,AGL,CE,Federal Contract Tower,0,15,13,0,28,0,0,50,0,50,0,15,63,0,78,38,0,38,116
10/23/2018,UGN,IL,AGL,CE,Federal Contract Tower,0,14,11,0,25,0,0,66,0,66,0,14,77,0,91,164,0,164,255
10/24/2018,UGN,IL,AGL,CE,Federal Contract Tower,0,10,15,0,25,0,0,67,0,67,0,10,82,0,92,148,0,148,240
10/25/2018,UGN,IL,AGL,CE,Federal Contract Tower,0,7,18,0,25,0,0,48,0,48,0,7,66,0,73,52,2,54,127
10/26/2018,UGN,IL,AGL,CE,Federal Contract Tower,0,10,14,0,24,0,0,55,0,55,0,10,69,0,79,86,0,86,165
10/27/2018,UGN,IL,AGL,CE,Federal Contract Tower,0,5,5,0,10,0,0,73,0,73,0,5,78,0,83,82,0,82,165
10/28/2018,UGN,IL,AGL,CE,Federal Contract Tower,0,10,11,0,21,0,0,2,0,2,0,10,13,0,23,0,0,0,23
10/29/2018,UGN,IL,AGL,CE,Federal Contract Tower,0,2,16,0,18,0,0,65,0,65,0,2,81,0,83,106,0,106,189
10/30/2018,UGN,IL,AGL,CE,Federal Contract Tower,0,11,14,0,25,0,0,33,0,33,0,11,47,0,58,88,0,88,146
10/31/2018,UGN,IL,AGL,CE,Federal Contract Tower,0,8,5,0,13,0,0,63,0,63,0,8,68,0,76,48,0,48,124
11/01/2018,UGN,IL,AGL,CE,Federal Contract Tower,0,14,17,0,31,0,0,65,0,65,0,14,82,0,96,108,6,114,210
11/02/2018,UGN,IL,AGL,CE,Federal Contract Tower,0,8,16,0,24,0,0,78,0,78,0,8,94,0,102,38,0,38,140
11/03/2018,UGN,IL,AGL,CE,Federal Contract Tower,0,2,6,0,8,0,0,113,0,113,0,2,119,0,121,98,0,98,219
11/04/2018,UGN,IL,AGL,CE,Federal Contract Tower,0,9,9,0,18,0,0,0,0,0,0,9,9,0,18,0,0,0,18
11/05/2018,UGN,IL,AGL,CE,Federal Contract Tower,0,7,19,0,26,0,0,31,0,31,0,7,50,0,57,22,0,22,79
11/06/2018,UGN,IL,AGL,CE,Federal Contract Tower,0,10,16,0,26,0,0,0,0,0,0,10,16,0,26,0,0,0,26
11/07/2018,UGN,IL,AGL,CE,Federal Contract Tower,0,12,15,0,27,0,0,43,0,43,0,12,58,0,70,30,0,30,100
11/08/2018,UGN,IL,AGL,CE,Federal Contract Tower,0,11,20,0,31,0,0,93,0,93,0,11,113,0,124,156,0,156,280
11/09/2018,UGN,IL,AGL,CE,Federal Contract Tower,0,8,23,0,31,0,0,12,0,12,0,8,35,0,43,0,0,0,43
11/10/2018,UGN,IL,AGL,CE,Federal Contract Tower,0,4,12,0,16,0,0,63,0,63,0,4,75,0,79,86,0,86,165
11/11/2018,UGN,IL,AGL,CE,Federal Contract Tower,0,11,20,0,31,0,0,71,0,71,0,11,91,0,102,52,0,52,154
11/12/2018,UGN,IL,AGL,CE,Federal Contract Tower,0,8,17,0,25,0,0,52,0,52,0,8,69,0,77,42,0,42,119
11/13/2018,UGN,IL,AGL,CE,Federal Contract Tower,0,8,17,0,25,0,0,88,0,88,0,8,105,0,113,36,0,36,149
11/14/2018,UGN,IL,AGL,CE,Federal Contract Tower,0,13,15,0,28,0,0,77,0,77,0,13,92,0,105,44,0,44,149
11/15/2018,UGN,IL,AGL,CE,Federal Contract Tower,0,13,8,0,21,0,0,2,0,2,0,13,10,0,23,38,0,38,61
11/16/2018,UGN,IL,AGL,CE,Federal Contract Tower,0,6,16,0,22,0,0,22,0,22,0,6,38,0,44,88,0,88,132
11/17/2018,UGN,IL,AGL,CE,Federal Contract Tower,0,1,9,0,10,0,0,28,0,28,0,1,37,0,38,8,0,8,46
11/18/2018,UGN,IL,AGL,CE,Federal Contract Tower,0,6,13,0,19,0,0,90,0,90,0,6,103,0,109,46,0,46,155
11/19/2018,UGN,IL,AGL,CE,Federal Contract Tower,0,8,15,0,23,0,0,68,1,69,0,8,83,1,92,76,0,76,168
11/20/2018,UGN,IL,AGL,CE,Federal Contract Tower,0,13,8,0,21,0,0,68,4,72,0,13,76,4,93,72,4,76,169
11/21/2018,UGN,IL,AGL,CE,Federal Contract Tower,0,14,19,0,33,0,0,45,0,45,0,14,64,0,78,54,0,54,132
11/22/2018,UGN,IL,AGL,CE,Federal Contract Tower,0,3,2,0,5,0,0,4,0,4,0,3,6,0,9,0,0,0,9
11/23/2018,UGN,IL,AGL,CE,Federal Contract Tower,0,2,3,0,5,0,0,71,0,71,0,2,74,0,76,50,0,50,126
11/25/2018,UGN,IL,AGL,CE,Federal Contract Tower,0,11,15,0,26,0,0,4,0,4,0,11,19,0,30,40,0,40,70
11/26/2018,UGN,IL,AGL,CE,Federal Contract Tower,0,16,12,0,28,0,0,2,0,2,0,16,14,0,30,0,0,0,30
11/27/2018,UGN,IL,AGL,CE,Federal Contract Tower,0,7,14,0,21,0,0,38,0,38,0,7,52,0,59,72,2,74,133
11/28/2018,UGN,IL,AGL,CE,Federal Contract Tower,0,15,13,0,28,0,0,72,0,72,0,15,85,0,100,72,0,72,172
11/29/2018,UGN,IL,AGL,CE,Federal Contract Tower,0,11,14,0,25,0,0,33,0,33,0,11,47,0,58,70,0,70,128
11/30/2018,UGN,IL,AGL,CE,Federal Contract Tower,0,13,23,0,36,0,0,69,0,69,0,13,92,0,105,174,0,174,279
12/01/2018,UGN,IL,AGL,CE,Federal Contract Tower,0,2,4,0,6,0,0,0,0,0,0,2,4,0,6,0,0,0,6
12/02/2018,UGN,IL,AGL,CE,Federal Contract Tower,0,5,15,0,20,0,0,0,0,0,0,5,15,0,20,0,0,0,20
12/03/2018,UGN,IL,AGL,CE,Federal Contract Tower,0,7,6,0,13,0,0,2,0,2,0,7,8,0,15,18,0,18,33
12/04/2018,UGN,IL,AGL,CE,Federal Contract Tower,0,7,8,0,15,0,0,28,2,30,0,7,36,2,45,6,0,6,51
12/05/2018,UGN,IL,AGL,CE,Federal Contract Tower,0,5,12,0,17,0,0,48,0,48,0,5,60,0,65,116,0,116,181
12/06/2018,UGN,IL,AGL,CE,Federal Contract Tower,0,9,14,0,23,0,0,65,0,65,0,9,79,0,88,102,0,102,190
12/07/2018,UGN,IL,AGL,CE,Federal Contract Tower,0,8,13,0,21,0,0,58,0,58,0,8,71,0,79,54,0,54,133
12/08/2018,UGN,IL,AGL,CE,Federal Contract Tower,0,14,10,0,24,0,0,97,0,97,0,14,107,0,121,104,0,104,225
12/09/2018,UGN,IL,AGL,CE,Federal Contract Tower,0,7,23,0,30,0,0,55,0,55,0,7,78,0,85,156,0,156,241
12/10/2018,UGN,IL,AGL,CE,Federal Contract Tower,0,5,15,2,22,0,0,44,0,44,0,5,59,2,66,76,0,76,142
12/11/2018,UGN,IL,AGL,CE,Federal Contract Tower,0,6,17,0,23,0,0,63,0,63,0,6,80,0,86,76,0,76,162
12/12/2018,UGN,IL,AGL,CE,Federal Contract Tower,0,13,6,0,19,0,0,17,0,17,0,13,23,0,36,8,0,8,44
12/13/2018,UGN,IL,AGL,CE,Federal Contract Tower,0,6,13,1,20,0,0,42,0,42,0,6,55,1,62,26,0,26,88
12/14/2018,UGN,IL,AGL,CE,Federal Contract Tower,0,10,29,1,40,0,0,4,0,4,0,10,33,1,44,0,0,0,44
12/15/2018,UGN,IL,AGL,CE,Federal Contract Tower,0,7,10,0,17,0,0,72,0,72,0,7,82,0,89,112,0,112,201
12/16/2018,UGN,IL,AGL,CE,Federal Contract Tower,0,9,15,0,24,0,0,59,0,59,0,9,74,0,83,126,0,126,209
12/17/2018,UGN,IL,AGL,CE,Federal Contract Tower,0,11,7,0,18,0,0,69,0,69,0,11,76,0,87,46,0,46,133
12/18/2018,UGN,IL,AGL,CE,Federal Contract Tower,0,7,15,0,22,0,0,135,0,135,0,7,150,0,157,36,0,36,193
12/19/2018,UGN,IL,AGL,CE,Federal Contract Tower,0,9,12,0,21,0,0,59,0,59,0,9,71,0,80,56,0,56,136
12/20/2018,UGN,IL,AGL,CE,Federal Contract Tower,0,10,13,0,23,0,0,0,0,0,0,10,13,0,23,0,0,0,23
12/21/2018,UGN,IL,AGL,CE,Federal Contract Tower,0,16,22,0,38,0,0,33,0,33,0,16,55,0,71,64,0,64,135
12/22/2018,UGN,IL,AGL,CE,Federal Contract Tower,0,10,16,0,26,0,0,32,0,32,0,10,48,0,58,152,0,152,210
12/23/2018,UGN,IL,AGL,CE,Federal Contract Tower,0,2,3,0,5,0,0,56,4,60,0,2,59,4,65,62,2,64,129
12/24/2018,UGN,IL,AGL,CE,Federal Contract Tower,0,3,5,0,8,0,0,38,0,38,0,3,43,0,46,20,0,20,66
12/25/2018,UGN,IL,AGL,CE,Federal Contract Tower,0,7,5,0,12,0,0,0,0,0,0,7,5,0,12,6,0,6,18
12/26/2018,UGN,IL,AGL,CE,Federal Contract Tower,0,22,21,0,43,0,0,39,0,39,0,22,60,0,82,62,0,62,144
12/27/2018,UGN,IL,AGL,CE,Federal Contract Tower,0,10,7,0,17,0,0,0,0,0,0,10,7,0,17,0,0,0,17
12/28/2018,UGN,IL,AGL,CE,Federal Contract Tower,0,12,11,0,23,0,0,1,0,1,0,12,12,0,24,0,0,0,24
12/29/2018,UGN,IL,AGL,CE,Federal Contract Tower,0,11,2,0,13,0,0,52,0,52,0,11,54,0,65,148,0,148,213
12/30/2018,UGN,IL,AGL,CE,Federal Contract Tower,0,4,4,0,8,0,0,72,0,72,0,4,76,0,80,36,0,36,116
12/31/2018,UGN,IL,AGL,CE,Federal Contract Tower,0,2,2,0,4,0,0,0,0,0,0,2,2,0,4,0,0,0,4
01/01/2019,UGN,IL,AGL,CE,Federal Contract Tower,0,5,8,0,13,0,0,0,0,0,0,5,8,0,13,0,0,0,13
01/02/2019,UGN,IL,AGL,CE,Federal Contract Tower,0,6,8,0,14,0,0,0,0,0,0,6,8,0,14,0,0,0,14
01/03/2019,UGN,IL,AGL,CE,Federal Contract Tower,0,6,21,0,27,0,0,104,0,104,0,6,125,0,131,104,0,104,235
01/04/2019,UGN,IL,AGL,CE,Federal Contract Tower,0,8,12,0,20,0,0,87,0,87,0,8,99,0,107,98,0,98,205
01/05/2019,UGN,IL,AGL,CE,Federal Contract Tower,0,9,12,0,21,0,0,111,0,111,0,9,123,0,132,104,0,104,236
01/06/2019,UGN,IL,AGL,CE,Federal Contract Tower,0,12,12,0,24,0,0,85,0,85,0,12,97,0,109,28,0,28,137
01/07/2019,UGN,IL,AGL,CE,Federal Contract Tower,0,12,10,2,24,0,0,2,0,2,0,12,12,2,26,0,0,0,26
01/08/2019,UGN,IL,AGL,CE,Federal Contract Tower,0,4,11,0,15,0,0,2,0,2,0,4,13,0,17,0,0,0,17
01/09/2019,UGN,IL,AGL,CE,Federal Contract Tower,0,10,18,0,28,0,0,65,0,65,0,10,83,0,93,20,0,20,113
01/10/2019,UGN,IL,AGL,CE,Federal Contract Tower,0,8,12,0,20,0,0,85,0,85,0,8,97,0,105,64,0,64,169
01/11/2019,UGN,IL,AGL,CE,Federal Contract Tower,0,7,21,0,28,0,0,94,0,94,0,7,115,0,122,134,0,134,256
01/12/2019,UGN,IL,AGL,CE,Federal Contract Tower,0,5,8,0,13,0,0,3,0,3,0,5,11,0,16,6,0,6,22
01/13/2019,UGN,IL,AGL,CE,Federal Contract Tower,0,4,12,0,16,0,0,53,0,53,0,4,65,0,69,58,0,58,127
01/14/2019,UGN,IL,AGL,CE,Federal Contract Tower,0,4,13,0,17,0,2,5,0,7,0,6,18,0,24,36,0,36,60
01/15/2019,UGN,IL,AGL,CE,Federal Contract Tower,0,8,8,0,16,0,0,0,0,0,0,8,8,0,16,0,0,0,16
01/16/2019,UGN,IL,AGL,CE,Federal Contract Tower,0,12,11,0,23,0,0,116,1,117,0,12,127,1,140,68,0,68,208
01/17/2019,UGN,IL,AGL,CE,Federal Contract Tower,0,11,4,0,15,0,0,18,0,18,0,11,22,0,33,0,0,0,33
01/18/2019,UGN,IL,AGL,CE,Federal Contract Tower,0,6,21,0,27,0,0,75,0,75,0,6,96,0,102,42,0,42,144
01/19/2019,UGN,IL,AGL,CE,Federal Contract Tower,0,9,4,0,13,0,0,0,0,0,0,9,4,0,13,0,0,0,13
01/20/2019,UGN,IL,AGL,CE,Federal Contract Tower,0,5,9,0,14,0,0,38,0,38,0,5,47,0,52,20,0,20,72
01/21/2019,UGN,IL,AGL,CE,Federal Contract Tower,0,16,7,0,23,0,0,14,0,14,0,16,21,0,37,2,0,2,39
01/22/2019,UGN,IL,AGL,CE,Federal Contract Tower,0,3,7,0,10,0,1,0,0,1,0,4,7,0,11,0,0,0,11
01/23/2019,UGN,IL,AGL,CE,Federal Contract Tower,0,2,6,0,8,0,0,2,0,2,0,2,8,0,10,0,0,0,10
01/24/2019,UGN,IL,AGL,CE,Federal Contract Tower,0,6,8,2,16,0,0,6,0,6,0,6,14,2,22,0,0,0,22
01/25/2019,UGN,IL,AGL,CE,Federal Contract Tower,0,8,15,0,23,0,0,10,0,10,0,8,25,0,33,2,0,2,35
01/26/2019,UGN,IL,AGL,CE,Federal Contract Tower,0,1,8,0,9,0,0,42,0,42,0,1,50,0,51,84,0,84,135
01/27/2019,UGN,IL,AGL,CE,Federal Contract Tower,0,8,18,0,26,0,0,35,0,35,0,8,53,0,61,26,0,26,87
01/28/2019,UGN,IL,AGL,CE,Federal Contract Tower,0,1,3,0,4,0,0,0,0,0,0,1,3,0,4,0,0,0,4
01/29/2019,UGN,IL,AGL,CE,Federal Contract Tower,0,8,6,0,14,0,0,3,0,3,0,8,9,0,17,0,0,0,17
01/30/2019,UGN,IL,AGL,CE,Federal Contract Tower,0,9,6,0,15,0,0,0,0,0,0,9,6,0,15,0,0,0,15
01/31/2019,UGN,IL,AGL,CE,Federal Contract Tower,0,9,15,0,24,0,0,2,0,2,0,9,17,0,26,26,0,26,52
02/01/2019,UGN,IL,AGL,CE,Federal Contract Tower,0,5,15,0,20,0,0,64,0,64,0,5,79,0,84,64,0,64,148
02/02/2019,UGN,IL,AGL,CE,Federal Contract Tower,0,1,10,0,11,0,0,13,0,13,0,1,23,0,24,6,0,6,30
02/03/2019,UGN,IL,AGL,CE,Federal Contract Tower,0,5,7,0,12,0,0,0,0,0,0,5,7,0,12,0,0,0,12
02/04/2019,UGN,IL,AGL,CE,Federal Contract Tower,0,11,6,0,17,0,1,0,0,1,0,12,6,0,18,4,0,4,22
02/05/2019,UGN,IL,AGL,CE,Federal Contract Tower,0,13,8,0,21,0,0,79,2,81,0,13,87,2,102,52,0,52,154
02/06/2019,UGN,IL,AGL,CE,Federal Contract Tower,0,7,10,0,17,0,0,0,0,0,0,7,10,0,17,0,0,0,17
02/07/2019,UGN,IL,AGL,CE,Federal Contract Tower,0,3,12,0,15,0,0,0,0,0,0,3,12,0,15,0,0,0,15
02/08/2019,UGN,IL,AGL,CE,Federal Contract Tower,0,1,17,0,18,0,0,12,0,12,0,1,29,0,30,0,0,0,30
02/09/2019,UGN,IL,AGL,CE,Federal Contract Tower,0,4,25,0,29,0,0,112,0,112,0,4,137,0,141,70,0,70,211
02/10/2019,UGN,IL,AGL,CE,Federal Contract Tower,0,6,15,0,21,0,0,24,0,24,0,6,39,0,45,36,0,36,81
02/11/2019,UGN,IL,AGL,CE,Federal Contract Tower,0,3,8,0,11,0,0,0,0,0,0,3,8,0,11,0,0,0,11
02/12/2019,UGN,IL,AGL,CE,Federal Contract Tower,0,3,9,0,12,0,0,0,0,0,0,3,9,0,12,0,0,0,12
02/13/2019,UGN,IL,AGL,CE,Federal Contract Tower,0,5,11,0,16,0,0,13,0,13,0,5,24,0,29,8,0,8,37
02/15/2019,UGN,IL,AGL,CE,Federal Contract Tower,0,3,14,0,17,0,0,49,0,49,0,3,63,0,66,32,0,32,98
02/16/2019,UGN,IL,AGL,CE,Federal Contract Tower,0,4,10,0,14,0,0,99,0,99,0,4,109,0,113,86,0,86,199
02/17/2019,UGN,IL,AGL,CE,Federal Contract Tower,0,10,6,0,16,0,0,0,0,0,0,10,6,0,16,0,0,0,16
02/18/2019,UGN,IL,AGL,CE,Federal Contract Tower,0,11,21,0,32,0,0,56,0,56,0,11,77,0,88,58,0,58,146
02/19/2019,UGN,IL,AGL,CE,Federal Contract Tower,0,9,23,0,32,0,0,105,0,105,0,9,128,0,137,76,0,76,213
02/20/2019,UGN,IL,AGL,CE,Federal Contract Tower,0,10,11,0,21,0,0,0,0,0,0,10,11,0,21,0,0,0,21
02/21/2019,UGN,IL,AGL,CE,Federal Contract Tower,0,10,17,0,27,0,0,65,0,65,0,10,82,0,92,40,4,44,136
02/22/2019,UGN,IL,AGL,CE,Federal Contract Tower,0,9,18,0,27,0,0,132,0,132,0,9,150,0,159,104,0,104,263
02/23/2019,UGN,IL,AGL,CE,Federal Contract Tower,0,15,9,0,24,0,0,0,0,0,0,15,9,0,24,0,0,0,24
02/24/2019,UGN,IL,AGL,CE,Federal Contract Tower,0,6,4,0,10,0,0,0,0,0,0,6,4,0,10,0,0,0,10
02/25/2019,UGN,IL,AGL,CE,Federal Contract Tower,0,8,9,0,17,0,0,29,0,29,0,8,38,0,46,30,0,30,76
02/26/2019,UGN,IL,AGL,CE,Federal Contract Tower,0,3,17,0,20,0,0,8,0,8,0,3,25,0,28,0,0,0,28
02/27/2019,UGN,IL,AGL,CE,Federal Contract Tower,0,4,11,0,15,0,0,40,0,40,0,4,51,0,55,38,0,38,93
02/28/2019,UGN,IL,AGL,CE,Federal Contract Tower,0,8,11,0,19,0,0,88,0,88,0,8,99,0,107,62,0,62,169
03/01/2019,UGN,IL,AGL,CE,Federal Contract Tower,0,10,19,0,29,0,0,75,0,75,0,10,94,0,104,50,0,50,154
03/02/2019,UGN,IL,AGL,CE,Federal Contract Tower,0,8,9,0,17,0,0,56,0,56,0,8,65,0,73,64,0,64,137
03/03/2019,UGN,IL,AGL,CE,Federal Contract Tower,0,9,14,0,23,0,0,43,0,43,0,9,57,0,66,38,0,38,104
03/04/2019,UGN,IL,AGL,CE,Federal Contract Tower,0,10,11,0,21,0,0,12,0,12,0,10,23,0,33,12,0,12,45
03/05/2019,UGN,IL,AGL,CE,Federal Contract Tower,0,8,11,0,19,0,0,22,0,22,0,8,33,0,41,10,0,10,51
03/06/2019,UGN,IL,AGL,CE,Federal Contract Tower,0,7,16,0,23,0,0,56,0,56,0,7,72,0,79,42,0,42,121
03/07/2019,UGN,IL,AGL,CE,Federal Contract Tower,0,10,9,0,19,0,0,78,4,82,0,10,87,4,101,62,0,62,163
03/08/2019,UGN,IL,AGL,CE,Federal Contract Tower,0,10,7,0,17,0,0,78,0,78,0,10,85,0,95,74,0,74,169
03/10/2019,UGN,IL,AGL,CE,Federal Contract Tower,0,6,11,0,17,0,0,2,0,2,0,6,13,0,19,0,0,0,19
03/11/2019,UGN,IL,AGL,CE,Federal Contract Tower,0,7,10,0,17,0,0,74,5,79,0,7,84,5,96,6,2,8,104
03/12/2019,UGN,IL,AGL,CE,Federal Contract Tower,0,8,16,0,24,0,0,85,0,85,0,8,101,0,109,10,0,10,119
03/13/2019,UGN,IL,AGL,CE,Federal Contract Tower,0,3,20,0,23,0,0,13,0,13,0,3,33,0,36,18,0,18,54
03/14/2019,UGN,IL,AGL,CE,Federal Contract Tower,0,15,17,0,32,0,0,0,0,0,0,15,17,0,32,0,0,0,32
03/15/2019,UGN,IL,AGL,CE,Federal Contract Tower,0,12,18,0,30,0,0,9,0,9,0,12,27,0,39,2,0,2,41
03/16/2019,UGN,IL,AGL,CE,Federal Contract Tower,1,3,12,0,16,0,0,128,0,128,1,3,140,0,144,110,0,110,254
03/17/2019,UGN,IL,AGL,CE,Federal Contract Tower,0,3,6,0,9,0,0,112,0,112,0,3,118,0,121,90,0,90,211
03/18/2019,UGN,IL,AGL,CE,Federal Contract Tower,0,10,4,1,15,0,0,52,3,55,0,10,56,4,70,65,0,65,135
03/19/2019,UGN,IL,AGL,CE,Federal Contract Tower,0,4,17,0,21,0,0,87,0,87,0,4,104,0,108,92,0,92,200
03/20/2019,UGN,IL,AGL,CE,Federal Contract Tower,0,11,18,0,29,0,0,0,0,0,0,11,18,0,29,0,0,0,29
03/21/2019,UGN,IL,AGL,CE,Federal Contract Tower,0,5,15,0,20,0,0,88,0,88,0,5,103,0,108,48,0,48,156
03/22/2019,UGN,IL,AGL,CE,Federal Contract Tower,0,11,11,0,22,0,0,76,1,77,0,11,87,1,99,28,0,28,127
03/23/2019,UGN,IL,AGL,CE,Federal Contract Tower,0,8,8,0,16,0,0,85,0,85,0,8,93,0,101,74,0,74,175
03/24/2019,UGN,IL,AGL,CE,Federal Contract Tower,0,3,13,0,16,0,0,23,0,23,0,3,36,0,39,40,0,40,79
03/25/2019,UGN,IL,AGL,CE,Federal Contract Tower,0,6,7,0,13,0,0,58,0,58,0,6,65,0,71,24,0,24,95
03/26/2019,UGN,IL,AGL,CE,Federal Contract Tower,0,4,8,0,12,0,0,96,2,98,0,4,104,2,110,58,6,64,174
03/27/2019,UGN,IL,AGL,CE,Federal Contract Tower,0,7,3,0,10,0,0,98,0,98,0,7,101,0,108,0,0,0,108
03/28/2019,UGN,IL,AGL,CE,Federal Contract Tower,0,11,1,0,12,0,0,79,0,79,0,11,80,0,91,12,0,12,103
03/30/2019,UGN,IL,AGL,CE,Federal Contract Tower,0,7,8,0,15,0,0,38,0,38,0,7,46,0,53,92,0,92,145
03/31/2019,UGN,IL,AGL,CE,Federal Contract Tower,0,13,14,0,27,0,0,72,0,72,0,13,86,0,99,62,0,62,161
04/01/2019,UGN,IL,AGL,CE,Federal Contract Tower,0,14,12,0,26,0,0,30,4,34,0,14,42,4,60,14,0,14,74
04/02/2019,UGN,IL,AGL,CE,Federal Contract Tower,0,3,19,0,22,0,0,47,0,47,0,3,66,0,69,24,0,24,93
04/03/2019,UGN,IL,AGL,CE,Federal Contract Tower,0,3,21,0,24,0,0,80,0,80,0,3,101,0,104,60,12,72,176
04/04/2019,UGN,IL,AGL,CE,Federal Contract Tower,0,7,16,0,23,0,0,23,0,23,0,7,39,0,46,12,0,12,58
04/05/2019,UGN,IL,AGL,CE,Federal Contract Tower,0,8,25,0,33,0,0,38,0,38,0,8,63,0,71,12,0,12,83
04/06/2019,UGN,IL,AGL,CE,Federal Contract Tower,0,4,11,0,15,0,0,82,0,82,0,4,93,0,97,140,0,140,237
04/07/2019,UGN,IL,AGL,CE,Federal Contract Tower,0,6,7,0,13,0,0,48,0,48,0,6,55,0,61,44,0,44,105
04/08/2019,UGN,IL,AGL,CE,Federal Contract Tower,0,7,10,0,17,0,0,113,0,113,0,7,123,0,130,46,0,46,176
04/09/2019,UGN,IL,AGL,CE,Federal Contract Tower,0,9,11,0,20,0,0,77,0,77,0,9,88,0,97,14,0,14,111
04/10/2019,UGN,IL,AGL,CE,Federal Contract Tower,0,2,9,0,11,0,0,0,0,0,0,2,9,0,11,0,0,0,11
04/12/2019,UGN,IL,AGL,CE,Federal Contract Tower,0,15,20,0,35,0,0,2,0,2,0,15,22,0,37,0,0,0,37
04/13/2019,UGN,IL,AGL,CE,Federal Contract Tower,0,2,18,0,20,0,0,108,0,108,0,2,126,0,128,80,0,80,208
04/14/2019,UGN,IL,AGL,CE,Federal Contract Tower,0,7,8,0,15,0,0,0,0,0,0,7,8,0,15,4,0,4,19
04/15/2019,UGN,IL,AGL,CE,Federal Contract Tower,0,6,13,0,19,0,0,96,0,96,0,6,109,0,115,125,0,125,240
04/16/2019,UGN,IL,AGL,CE,Federal Contract Tower,0,11,18,0,29,0,0,79,0,79,0,11,97,0,108,50,0,50,158
04/17/2019,UGN,IL,AGL,CE,Federal Contract Tower,0,9,19,0,28,0,0,42,0,42,0,9,61,0,70,26,0,26,96
04/18/2019,UGN,IL,AGL,CE,Federal Contract Tower,0,11,17,0,28,0,0,5,0,5,0,11,22,0,33,26,0,26,59
04/19/2019,UGN,IL,AGL,CE,Federal Contract Tower,0,4,9,0,13,0,0,1,0,1,0,4,10,0,14,0,0,0,14
04/20/2019,UGN,IL,AGL,CE,Federal Contract Tower,0,4,3,0,7,0,0,71,0,71,0,4,74,0,78,64,0,64,142
04/21/2019,UGN,IL,AGL,CE,Federal Contract Tower,0,4,6,0,10,0,99,0,0,99,0,103,6,0,109,34,0,34,143
04/22/2019,UGN,IL,AGL,CE,Federal Contract Tower,0,7,17,0,24,0,0,37,0,37,0,7,54,0,61,24,0,24,85
04/23/2019,UGN,IL,AGL,CE,Federal Contract Tower,0,1,20,0,21,0,0,83,0,83,0,1,103,0,104,98,0,98,202
04/24/2019,UGN,IL,AGL,CE,Federal Contract Tower,0,7,25,0,32,0,0,141,2,143,0,7,166,2,175,36,4,40,215
04/26/2019,UGN,IL,AGL,CE,Federal Contract Tower,0,17,16,0,33,0,0,89,0,89,0,17,105,0,122,82,0,82,204
04/27/2019,UGN,IL,AGL,CE,Federal Contract Tower,0,6,4,0,10,0,0,8,0,8,0,6,12,0,18,32,0,32,50
04/28/2019,UGN,IL,AGL,CE,Federal Contract Tower,0,13,14,0,27,0,0,117,2,119,0,13,131,2,146,66,0,66,212
04/29/2019,UGN,IL,AGL,CE,Federal Contract Tower,0,9,10,0,19,0,0,0,0,0,0,9,10,0,19,0,0,0,19
04/30/2019,UGN,IL,AGL,CE,Federal Contract Tower,0,10,14,1,25,0,0,0,0,0,0,10,14,1,25,0,0,0,25
05/01/2019,UGN,IL,AGL,CE,Federal Contract Tower,0,10,24,0,34,0,0,5,0,5,0,10,29,0,39,8,0,8,47
05/02/2019,UGN,IL,AGL,CE,Federal Contract Tower,0,20,21,0,41,0,0,0,0,0,0,20,21,0,41,0,0,0,41
05/03/2019,UGN,IL,AGL,CE,Federal Contract Tower,0,13,18,0,31,0,0,98,0,98,0,13,116,0,129,144,0,144,273
05/04/2019,UGN,IL,AGL,CE,Federal Contract Tower,0,6,9,0,15,0,0,173,0,173,0,6,182,0,188,62,0,62,250
05/05/2019,UGN,IL,AGL,CE,Federal Contract Tower,0,9,16,0,25,0,0,75,0,75,0,9,91,0,100,106,0,106,206
05/06/2019,UGN,IL,AGL,CE,Federal Contract Tower,0,7,14,0,21,0,0,42,0,42,0,7,56,0,63,85,0,85,148
05/07/2019,UGN,IL,AGL,CE,Federal Contract Tower,0,14,25,0,39,0,4,90,2,96,0,18,115,2,135,80,4,84,219
05/08/2019,UGN,IL,AGL,CE,Federal Contract Tower,0,8,18,0,26,0,0,26,0,26,0,8,44,0,52,28,0,28,80
05/09/2019,UGN,IL,AGL,CE,Federal Contract Tower,0,6,22,0,28,0,0,25,0,25,0,6,47,0,53,36,0,36,89
05/10/2019,UGN,IL,AGL,CE,Federal Contract Tower,0,6,24,0,30,0,0,80,0,80,0,6,104,0,110,60,0,60,170
05/11/2019,UGN,IL,AGL,CE,Federal Contract Tower,0,2,14,1,17,0,0,95,0,95,0,2,109,1,112,206,0,206,318
05/12/2019,UGN,IL,AGL,CE,Federal Contract Tower,0,8,12,0,20,0,0,77,0,77,0,8,89,0,97,41,0,41,138
05/13/2019,UGN,IL,AGL,CE,Federal Contract Tower,0,8,21,0,29,0,0,60,2,62,0,8,81,2,91,64,0,64,155
05/14/2019,UGN,IL,AGL,CE,Federal Contract Tower,0,8,13,0,21,0,0,92,0,92,0,8,105,0,113,34,0,34,147
05/15/2019,UGN,IL,AGL,CE,Federal Contract Tower,0,9,19,0,28,0,0,82,0,82,0,9,101,0,110,38,0,38,148
05/16/2019,UGN,IL,AGL,CE,Federal Contract Tower,0,7,21,0,28,0,0,30,0,30,0,7,51,0,58,8,0,8,66
05/17/2019,UGN,IL,AGL,CE,Federal Contract Tower,0,13,23,0,36,0,0,20,0,20,0,13,43,0,56,18,0,18,74
05/19/2019,UGN,IL,AGL,CE,Federal Contract Tower,0,4,6,0,10,0,0,13,0,13,0,4,19,0,23,0,0,0,23
05/20/2019,UGN,IL,AGL,CE,Federal Contract Tower,0,8,27,0,35,0,0,74,2,76,0,8,101,2,111,14,0,14,125
05/21/2019,UGN,IL,AGL,CE,Federal Contract Tower,0,8,14,0,22,0,0,75,0,75,0,8,89,0,97,34,0,34,131
05/22/2019,UGN,IL,AGL,CE,Federal Contract Tower,0,8,20,0,28,0,0,15,0,15,0,8,35,0,43,10,0,10,53
05/23/2019,UGN,IL,AGL,CE,Federal Contract Tower,0,10,21,0,31,0,0,75,1,76,0,10,96,1,107,14,0,14,121
05/24/2019,UGN,IL,AGL,CE,Federal Contract Tower,0,8,23,0,31,0,0,69,2,71,0,8,92,2,102,2,10,12,114
05/25/2019,UGN,IL,AGL,CE,Federal Contract Tower,0,2,11,0,13,0,0,59,4,63,0,2,70,4,76,36,2,38,114
05/26/2019,UGN,IL,AGL,CE,Federal Contract Tower,0,2,5,0,7,0,0,50,1,51,0,2,55,1,58,50,0,50,108
05/27/2019,UGN,IL,AGL,CE,Federal Contract Tower,0,7,18,0,25,0,0,66,1,67,0,7,84,1,92,18,0,18,110
05/28/2019,UGN,IL,AGL,CE,Federal Contract Tower,0,5,30,0,35,0,0,4,0,4,0,5,34,0,39,18,0,18,57
05/29/2019,UGN,IL,AGL,CE,Federal Contract Tower,0,7,13,0,20,0,3,61,0,64,0,10,74,0,84,48,34,82,166
05/30/2019,UGN,IL,AGL,CE,Federal Contract Tower,0,7,12,0,19,0,1,119,1,121,0,8,131,1,140,80,0,80,220
05/31/2019,UGN,IL,AGL,CE,Federal Contract Tower,0,5,25,0,30,0,0,103,2,105,0,5,128,2,135,28,0,28,163
06/01/2019,UGN,IL,AGL,CE,Federal Contract Tower,0,6,4,0,10,0,0,19,0,19,0,6,23,0,29,54,0,54,83
06/02/2019,UGN,IL,AGL,CE,Federal Contract Tower,0,3,10,0,13,0,0,118,1,119,0,3,128,1,132,64,0,64,196
06/03/2019,UGN,IL,AGL,CE,Federal Contract Tower,0,15,19,0,34,0,0,88,2,90,0,15,107,2,124,28,0,28,152
06/04/2019,UGN,IL,AGL,CE,Federal Contract Tower,0,21,23,0,44,0,0,48,2,50,0,21,71,2,94,44,0,44,138
06/05/2019,UGN,IL,AGL,CE,Federal Contract Tower,0,14,13,0,27,0,0,71,0,71,0,14,84,0,98,24,0,24,122
06/07/2019,UGN,IL,AGL,CE,Federal Contract Tower,0,12,18,0,30,0,0,66,4,70,0,12,84,4,100,20,0,20,120
06/08/2019,UGN,IL,AGL,CE,Federal Contract Tower,0,7,6,0,13,0,0,108,2,110,0,7,114,2,123,56,0,56,179
06/09/2019,UGN,IL,AGL,CE,Federal Contract Tower,0,14,14,0,28,0,0,9,2,11,0,14,23,2,39,28,0,28,67
06/10/2019,UGN,IL,AGL,CE,Federal Contract Tower,0,8,12,0,20,0,0,12,2,14,0,8,24,2,34,26,0,26,60
06/11/2019,UGN,IL,AGL,CE,Federal Contract Tower,0,4,20,0,24,0,0,113,3,116,0,4,133,3,140,70,0,70,210
06/12/2019,UGN,IL,AGL,CE,Federal Contract Tower,0,10,18,0,28,0,0,48,8,56,0,10,66,8,84,6,0,6,90
06/13/2019,UGN,IL,AGL,CE,Federal Contract Tower,0,10,20,2,32,0,2,84,2,88,0,12,104,4,120,22,0,22,142
06/14/2019,UGN,IL,AGL,CE,Federal Contract Tower,0,4,17,0,21,0,0,62,2,64,0,4,79,2,85,8,0,8,93
06/15/2019,UGN,IL,AGL,CE,Federal Contract Tower,0,9,15,0,24,0,0,69,0,69,0,9,84,0,93,22,0,22,115
06/16/2019,UGN,IL,AGL,CE,Federal Contract Tower,0,10,9,0,19,0,0,1,0,1,0,10,10,0,20,0,0,0,20
06/17/2019,UGN,IL,AGL,CE,Federal Contract Tower,0,8,26,0,34,0,0,92,0,92,0,8,118,0,126,102,0,102,228
06/18/2019,UGN,IL,AGL,CE,Federal Contract Tower,0,7,16,0,23,0,0,111,2,113,0,7,127,2,136,74,0,74,210
06/19/2019,UGN,IL,AGL,CE,Federal Contract Tower,0,15,18,0,33,0,0,0,0,0,0,15,18,0,33,0,0,0,33
06/20/2019,UGN,IL,AGL,CE,Federal Contract Tower,0,10,22,1,33,0,0,41,1,42,0,10,63,2,75,44,0,44,119
06/21/2019,UGN,IL,AGL,CE,Federal Contract Tower,0,11,14,0,25,0,0,105,1,106,0,11,119,1,131,48,0,48,179
06/22/2019,UGN,IL,AGL,CE,Federal Contract Tower,0,8,13,0,21,0,0,104,2,106,0,8,117,2,127,104,0,104,231
06/23/2019,UGN,IL,AGL,CE,Federal Contract Tower,0,8,8,0,16,0,0,71,0,71,0,8,79,0,87,34,0,34,121
06/24/2019,UGN,IL,AGL,CE,Federal Contract Tower,0,13,14,0,27,0,0,26,1,27,0,13,40,1,54,16,0,16,70
06/25/2019,UGN,IL,AGL,CE,Federal Contract Tower,0,14,23,0,37,0,0,76,1,77,0,14,99,1,114,88,0,88,202
06/26/2019,UGN,IL,AGL,CE,Federal Contract Tower,0,11,15,0,26,0,0,95,0,95,0,11,110,0,121,69,0,69,190
06/27/2019,UGN,IL,AGL,CE,Federal Contract Tower,0,11,22,1,34,0,0,118,0,118,0,11,140,1,152,52,0,52,204
06/28/2019,UGN,IL,AGL,CE,Federal Contract Tower,0,19,20,2,41,0,0,45,2,47,0,19,65,4,88,52,0,52,140
06/29/2019,UGN,IL,AGL,CE,Federal Contract Tower,0,10,17,0,27,0,0,93,1,94,0,10,110,1,121,2,0,2,123
06/30/2019,UGN,IL,AGL,CE,Federal Contract Tower,0,22,10,0,32,0,0,0,0,0,0,22,10,0,32,44,0,44,76
07/01/2019,UGN,IL,AGL,CE,Federal Contract Tower,0,14,9,0,23,0,0,42,1,43,0,14,51,1,66,26,0,26,92
07/02/2019,UGN,IL,AGL,CE,Federal Contract Tower,0,10,7,0,17,0,0,59,0,59,0,10,66,0,76,104,0,104,180
07/03/2019,UGN,IL,AGL,CE,Federal Contract Tower,0,4,20,0,24,0,0,77,1,78,0,4,97,1,102,90,6,96,198
07/04/2019,UGN,IL,AGL,CE,Federal Contract Tower,0,5,3,1,9,0,0,48,4,52,0,5,51,5,61,106,0,106,167
07/05/2019,UGN,IL,AGL,CE,Federal Contract Tower,0,3,5,0,8,0,0,46,2,48,0,3,51,2,56,42,0,42,98
07/06/2019,UGN,IL,AGL,CE,Federal Contract Tower,0,8,15,1,24,0,0,51,1,52,0,8,66,2,76,76,0,76,152
07/07/2019,UGN,IL,AGL,CE,Federal Contract Tower,0,15,13,0,28,0,0,61,2,63,0,15,74,2,91,60,0,60,151
07/08/2019,UGN,IL,AGL,CE,Federal Contract Tower,0,1,21,0,22,0,0,125,0,125,0,1,146,0,147,78,0,78,225
07/09/2019,UGN,IL,AGL,CE,Federal Contract Tower,0,14,20,0,34,0,0,120,3,123,0,14,140,3,157,34,0,34,191
07/10/2019,UGN,IL,AGL,CE,Federal Contract Tower,0,9,23,0,32,0,0,79,2,81,0,9,102,2,113,51,0,51,164
07/11/2019,UGN,IL,AGL,CE,Federal Contract Tower,0,16,10,1,27,0,0,158,3,161,0,16,168,4,188,104,0,104,292
07/12/2019,UGN,IL,AGL,CE,Federal Contract Tower,0,7,16,0,23,0,0,101,7,108,0,7,117,7,131,20,2,22,153
07/13/2019,UGN,IL,AGL,CE,Federal Contract Tower,0,9,10,0,19,0,0,119,0,119,0,9,129,0,138,82,0,82,220
07/14/2019,UGN,IL,AGL,CE,Federal Contract Tower,0,5,9,1,15,0,0,110,3,113,0,5,119,4,128,84,0,84,212
07/15/2019,UGN,IL,AGL,CE,Federal Contract Tower,0,5,24,3,32,0,0,81,1,82,0,5,105,4,114,62,0,62,176
07/16/2019,UGN,IL,AGL,CE,Federal Contract Tower,0,11,27,0,38,0,0,107,2,109,0,11,134,2,147,52,0,52,199
07/17/2019,UGN,IL,AGL,CE,Federal Contract Tower,0,6,13,0,19,0,0,59,0,59,0,6,72,0,78,14,0,14,92
07/18/2019,UGN,IL,AGL,CE,Federal Contract Tower,0,10,23,1,34,0,0,13,1,14,0,10,36,2,48,6,0,6,54
07/19/2019,UGN,IL,AGL,CE,Federal Contract Tower,0,4,34,0,38,0,0,112,2,114,0,4,146,2,152,42,0,42,194
07/20/2019,UGN,IL,AGL,CE,Federal Contract Tower,0,9,11,0,20,0,0,78,1,79,0,9,89,1,99,36,0,36,135
07/21/2019,UGN,IL,AGL,CE,Federal Contract Tower,0,9,11,0,20,0,0,59,1,60,0,9,70,1,80,78,0,78,158
07/22/2019,UGN,IL,AGL,CE,Federal Contract Tower,0,9,18,0,27,0,0,110,2,112,0,9,128,2,139,64,0,64,203
07/23/2019,UGN,IL,AGL,CE,Federal Contract Tower,0,10,8,0,18,0,0,101,5,106,0,10,109,5,124,68,0,68,192
07/24/2019,UGN,IL,AGL,CE,Federal Contract Tower,0,8,22,0,30,0,0,122,1,123,0,8,144,1,153,38,0,38,191
07/25/2019,UGN,IL,AGL,CE,Federal Contract Tower,0,5,18,0,23,0,0,122,1,123,0,5,140,1,146,42,0,42,188
07/26/2019,UGN,IL,AGL,CE,Federal Contract Tower,0,5,12,0,17,0,0,94,2,96,0,5,106,2,113,20,10,30,143
07/27/2019,UGN,IL,AGL,CE,Federal Contract Tower,0,5,10,0,15,0,0,57,1,58,0,5,67,1,73,60,0,60,133
07/28/2019,UGN,IL,AGL,CE,Federal Contract Tower,0,14,17,0,31,0,0,111,2,113,0,14,128,2,144,104,0,104,248
07/29/2019,UGN,IL,AGL,CE,Federal Contract Tower,0,4,15,0,19,0,0,46,0,46,0,4,61,0,65,42,0,42,107
07/30/2019,UGN,IL,AGL,CE,Federal Contract Tower,0,4,17,0,21,0,0,154,2,156,0,4,171,2,177,58,0,58,235
07/31/2019,UGN,IL,AGL,CE,Federal Contract Tower,0,5,20,0,25,0,0,108,1,109,0,5,128,1,134,34,0,34,168
08/01/2019,UGN,IL,AGL,CE,Federal Contract Tower,0,8,11,0,19,0,0,129,1,130,0,8,140,1,149,84,0,84,233
08/02/2019,UGN,IL,AGL,CE,Federal Contract Tower,0,12,24,0,36,0,0,91,2,93,0,12,115,2,129,40,0,40,169
08/03/2019,UGN,IL,AGL,CE,Federal Contract Tower,0,12,8,0,20,0,0,79,2,81,0,12,87,2,101,50,0,50,151
08/04/2019,UGN,IL,AGL,CE,Federal Contract Tower,0,18,36,0,54,0,0,67,1,68,0,18,103,1,122,12,0,12,134
08/05/2019,UGN,IL,AGL,CE,Federal Contract Tower,0,16,12,0,28,0,0,90,6,96,0,16,102,6,124,16,0,16,140
08/06/2019,UGN,IL,AGL,CE,Federal Contract Tower,0,8,34,0,42,0,0,52,1,53,0,8,86,1,95,54,0,54,149
08/07/2019,UGN,IL,AGL,CE,Federal Contract Tower,0,10,18,0,28,0,0,98,4,102,0,10,116,4,130,70,0,70,200
08/08/2019,UGN,IL,AGL,CE,Federal Contract Tower,0,13,15,0,28,0,0,98,2,100,0,13,113,2,128,44,0,44,172
08/09/2019,UGN,IL,AGL,CE,Federal Contract Tower,0,8,16,0,24,0,0,114,0,114,0,8,130,0,138,74,0,74,212
08/10/2019,UGN,IL,AGL,CE,Federal Contract Tower,0,5,11,0,16,0,0,137,1,138,0,5,148,1,154,92,0,92,246
08/11/2019,UGN,IL,AGL,CE,Federal Contract Tower,0,14,11,0,25,0,0,86,2,88,0,14,97,2,113,90,0,90,203
08/12/2019,UGN,IL,AGL,CE,Federal Contract Tower,0,18,6,0,24,0,0,21,0,21,0,18,27,0,45,38,0,38,83
08/13/2019,UGN,IL,AGL,CE,Federal Contract Tower,0,4,17,0,21,0,0,120,2,122,0,4,137,2,143,86,0,86,229
08/14/2019,UGN,IL,AGL,CE,Federal Contract Tower,0,16,19,0,35,0,0,35,0,35,0,16,54,0,70,79,0,79,149
08/15/2019,UGN,IL,AGL,CE,Federal Contract Tower,0,5,12,1,18,0,0,152,2,154,0,5,164,3,172,68,0,68,240
08/16/2019,UGN,IL,AGL,CE,Federal Contract Tower,0,7,21,0,28,0,0,81,6,87,0,7,102,6,115,48,0,48,163
08/17/2019,UGN,IL,AGL,CE,Federal Contract Tower,0,6,8,0,14,0,0,76,0,76,0,6,84,0,90,64,0,64,154
08/18/2019,UGN,IL,AGL,CE,Federal Contract Tower,0,16,16,0,32,0,0,23,0,23,0,16,39,0,55,4,0,4,59
08/19/2019,UGN,IL,AGL,CE,Federal Contract Tower,0,6,28,0,34,0,0,88,1,89,0,6,116,1,123,30,2,32,155
08/20/2019,UGN,IL,AGL,CE,Federal Contract Tower,0,12,24,0,36,0,0,9,1,10,0,12,33,1,46,20,0,20,66
08/21/2019,UGN,IL,AGL,CE,Federal Contract Tower,0,9,16,0,25,0,0,73,2,75,0,9,89,2,100,20,0,20,120
08/22/2019,UGN,IL,AGL,CE,Federal Contract Tower,0,9,13,0,22,0,0,69,1,70,0,9,82,1,92,6,0,6,98
08/23/2019,UGN,IL,AGL,CE,Federal Contract Tower,0,6,14,0,20,0,0,76,0,76,0,6,90,0,96,40,0,40,136
08/24/2019,UGN,IL,AGL,CE,Federal Contract Tower,0,6,10,0,16,0,0,82,2,84,0,6,92,2,100,62,0,62,162
08/25/2019,UGN,IL,AGL,CE,Federal Contract Tower,0,8,18,0,26,0,0,70,2,72,0,8,88,2,98,60,0,60,158
08/26/2019,UGN,IL,AGL,CE,Federal Contract Tower,0,3,17,0,20,0,0,0,1,1,0,3,17,1,21,0,0,0,21
08/27/2019,UGN,IL,AGL,CE,Federal Contract Tower,0,5,14,2,21,0,0,73,4,77,0,5,87,6,98,52,0,52,150
08/28/2019,UGN,IL,AGL,CE,Federal Contract Tower,0,19,12,0,31,0,0,33,2,35,0,19,45,2,66,6,0,6,72
08/29/2019,UGN,IL,AGL,CE,Federal Contract Tower,0,8,15,0,23,0,0,27,6,33,0,8,42,6,56,12,0,12,68
08/30/2019,UGN,IL,AGL,CE,Federal Contract Tower,0,15,13,0,28,0,0,70,2,72,0,15,83,2,100,74,0,74,174
08/31/2019,UGN,IL,AGL,CE,Federal Contract Tower,0,5,8,0,13,0,0,95,0,95,0,5,103,0,108,64,0,64,172
09/01/2019,UGN,IL,AGL,CE,Federal Contract Tower,0,13,12,0,25,0,0,21,0,21,0,13,33,0,46,36,0,36,82
09/02/2019,UGN,IL,AGL,CE,Federal Contract Tower,0,16,13,0,29,0,0,68,0,68,0,16,81,0,97,76,0,76,173
09/03/2019,UGN,IL,AGL,CE,Federal Contract Tower,0,8,18,0,26,0,0,7,0,7,0,8,25,0,33,0,0,0,33
09/04/2019,UGN,IL,AGL,CE,Federal Contract Tower,0,5,26,0,31,0,0,91,4,95,0,5,117,4,126,56,0,56,182
09/05/2019,UGN,IL,AGL,CE,Federal Contract Tower,0,11,11,0,22,0,0,125,4,129,0,11,136,4,151,96,6,102,253
09/06/2019,UGN,IL,AGL,CE,Federal Contract Tower,0,11,31,2,44,0,0,68,2,70,0,11,99,4,114,34,0,34,148
09/07/2019,UGN,IL,AGL,CE,Federal Contract Tower,0,3,6,0,9,0,0,52,0,52,0,3,58,0,61,8,6,14,75
09/08/2019,UGN,IL,AGL,CE,Federal Contract Tower,0,7,22,3,32,0,0,92,0,92,0,7,114,3,124,74,0,74,198
09/09/2019,UGN,IL,AGL,CE,Federal Contract Tower,0,8,19,0,27,0,0,35,0,35,0,8,54,0,62,10,0,10,72
09/10/2019,UGN,IL,AGL,CE,Federal Contract Tower,0,4,24,0,28,0,0,60,0,60,0,4,84,0,88,20,0,20,108
09/11/2019,UGN,IL,AGL,CE,Federal Contract Tower,0,14,12,0,26,0,0,58,0,58,0,14,70,0,84,82,0,82,166
09/13/2019,UGN,IL,AGL,CE,Federal Contract Tower,0,3,17,0,20,0,0,43,0,43,0,3,60,0,63,14,6,20,83
09/14/2019,UGN,IL,AGL,CE,Federal Contract Tower,0,9,7,0,16,0,0,144,0,144,0,9,151,0,160,54,0,54,214
09/16/2019,UGN,IL,AGL,CE,Federal Contract Tower,0,5,21,0,26,0,0,40,0,40,0,5,61,0,66,92,0,92,158
09/17/2019,UGN,IL,AGL,CE,Federal Contract Tower,0,10,20,0,30,0,0,58,0,58,0,10,78,0,88,38,0,38,126
09/18/2019,UGN,IL,AGL,CE,Federal Contract Tower,0,6,20,0,26,0,0,106,0,106,0,6,126,0,132,28,0,28,160
09/19/2019,UGN,IL,AGL,CE,Federal Contract Tower,0,14,24,2,40,0,0,49,0,49,0,14,73,2,89,18,0,18,107
09/20/2019,UGN,IL,AGL,CE,Federal Contract Tower,0,13,20,2,35,0,0,69,0,69,0,13,89,2,104,32,0,32,136
09/21/2019,UGN,IL,AGL,CE,Federal Contract Tower,0,5,8,0,13,0,0,69,0,69,0,5,77,0,82,8,0,8,90
09/22/2019,UGN,IL,AGL,CE,Federal Contract Tower,0,7,10,0,17,0,0,0,0,0,0,7,10,0,17,0,0,0,17
09/23/2019,UGN,IL,AGL,CE,Federal Contract Tower,0,7,18,0,25,0,0,96,0,96,0,7,114,0,121,40,0,40,161
09/24/2019,UGN,IL,AGL,CE,Federal Contract Tower,0,10,18,0,28,0,0,70,0,70,0,10,88,0,98,26,0,26,124
09/25/2019,UGN,IL,AGL,CE,Federal Contract Tower,0,15,14,2,31,0,0,50,0,50,0,15,64,2,81,30,0,30,111
09/26/2019,UGN,IL,AGL,CE,Federal Contract Tower,0,11,10,0,21,0,0,91,0,91,0,11,101,0,112,60,0,60,172
09/27/2019,UGN,IL,AGL,CE,Federal Contract Tower,0,13,15,0,28,0,0,8,0,8,0,13,23,0,36,0,0,0,36
09/28/2019,UGN,IL,AGL,CE,Federal Contract Tower,0,3,17,0,20,0,0,28,0,28,0,3,45,0,48,2,0,2,50
09/29/2019,UGN,IL,AGL,CE,Federal Contract Tower,0,10,11,0,21,0,0,0,0,0,0,10,11,0,21,0,0,0,21
09/30/2019,UGN,IL,AGL,CE,Federal Contract Tower,0,7,18,0,25,0,0,94,0,94,0,7,112,0,119,54,0,54,173
10/01/2019,UGN,IL,AGL,CE,Federal Contract Tower,0,14,9,0,23,0,0,64,0,64,0,14,73,0,87,40,0,40,127
10/02/2019,UGN,IL,AGL,CE,Federal Contract Tower,0,8,27,0,35,0,0,0,0,0,0,8,27,0,35,0,0,0,35
10/03/2019,UGN,IL,AGL,CE,Federal Contract Tower,0,5,17,0,22,0,0,8,0,8,0,5,25,0,30,0,0,0,30
10/04/2019,UGN,IL,AGL,CE,Federal Contract Tower,0,6,26,0,32,0,0,72,0,72,0,6,98,0,104,42,0,42,146
10/05/2019,UGN,IL,AGL,CE,Federal Contract Tower,0,5,7,0,12,0,0,51,0,51,0,5,58,0,63,18,0,18,81
10/06/2019,UGN,IL,AGL,CE,Federal Contract Tower,0,10,12,0,22,0,0,65,0,65,0,10,77,0,87,38,0,38,125
10/07/2019,UGN,IL,AGL,CE,Federal Contract Tower,0,3,24,2,29,0,0,97,0,97,0,3,121,2,126,54,0,54,180
10/08/2019,UGN,IL,AGL,CE,Federal Contract Tower,0,9,22,0,31,0,0,77,0,77,0,9,99,0,108,34,0,34,142
10/09/2019,UGN,IL,AGL,CE,Federal Contract Tower,0,13,18,0,31,0,0,123,0,123,0,13,141,0,154,76,0,76,230
10/10/2019,UGN,IL,AGL,CE,Federal Contract Tower,0,16,19,0,35,0,0,56,0,56,0,16,75,0,91,4,0,4,95
10/11/2019,UGN,IL,AGL,CE,Federal Contract Tower,0,14,19,0,33,0,0,4,0,4,0,14,23,0,37,0,0,0,37
10/12/2019,UGN,IL,AGL,CE,Federal Contract Tower,0,7,6,0,13,0,0,22,0,22,0,7,28,0,35,18,0,18,53
10/13/2019,UGN,IL,AGL,CE,Federal Contract Tower,0,16,10,0,26,0,0,50,0,50,0,16,60,0,76,24,0,24,100
10/14/2019,UGN,IL,AGL,CE,Federal Contract Tower,0,9,9,0,18,0,0,94,0,94,0,9,103,0,112,44,0,44,156
10/15/2019,UGN,IL,AGL,CE,Federal Contract Tower,0,7,14,0,21,0,0,25,0,25,0,7,39,0,46,38,0,38,84
10/16/2019,UGN,IL,AGL,CE,Federal Contract Tower,0,6,15,0,21,0,0,8,0,8,0,6,23,0,29,10,0,10,39
10/17/2019,UGN,IL,AGL,CE,Federal Contract Tower,0,13,19,0,32,0,0,77,0,77,0,13,96,0,109,38,0,38,147
10/18/2019,UGN,IL,AGL,CE,Federal Contract Tower,0,6,13,0,19,0,0,86,0,86,0,6,99,0,105,42,0,42,147
10/19/2019,UGN,IL,AGL,CE,Federal Contract Tower,0,16,5,0,21,0,0,107,0,107,0,16,112,0,128,70,0,70,198
10/20/2019,UGN,IL,AGL,CE,Federal Contract Tower,0,9,10,0,19,0,0,61,0,61,0,9,71,0,80,78,0,78,158
10/21/2019,UGN,IL,AGL,CE,Federal Contract Tower,0,5,8,0,13,0,0,6,0,6,0,5,14,0,19,4,0,4,23
10/22/2019,UGN,IL,AGL,CE,Federal Contract Tower,0,13,8,1,22,0,0,2,0,2,0,13,10,1,24,0,0,0,24
10/23/2019,UGN,IL,AGL,CE,Federal Contract Tower,0,10,13,1,24,0,0,91,4,95,0,10,104,5,119,60,0,60,179
10/24/2019,UGN,IL,AGL,CE,Federal Contract Tower,0,13,11,0,24,0,0,94,0,94,0,13,105,0,118,60,0,60,178
10/25/2019,UGN,IL,AGL,CE,Federal Contract Tower,0,8,15,0,23,0,0,63,0,63,0,8,78,0,86,32,0,32,118
10/26/2019,UGN,IL,AGL,CE,Federal Contract Tower,0,6,7,0,13,0,0,62,0,62,0,6,69,0,75,20,0,20,95
10/27/2019,UGN,IL,AGL,CE,Federal Contract Tower,0,10,23,0,33,0,0,96,2,98,0,10,119,2,131,61,0,61,192
10/28/2019,UGN,IL,AGL,CE,Federal Contract Tower,0,35,16,0,51,0,0,43,0,43,0,35,59,0,94,6,0,6,100
10/29/2019,UGN,IL,AGL,CE,Federal Contract Tower,0,12,19,0,31,0,0,16,1,17,0,12,35,1,48,48,0,48,96
10/30/2019,UGN,IL,AGL,CE,Federal Contract Tower,0,11,25,0,36,0,0,3,0,3,0,11,28,0,39,4,0,4,43
10/31/2019,UGN,IL,AGL,CE,Federal Contract Tower,0,2,11,0,13,0,0,0,0,0,0,2,11,0,13,0,0,0,13
11/01/2019,UGN,IL,AGL,CE,Federal Contract Tower,0,13,10,0,23,0,0,48,0,48,0,13,58,0,71,52,0,52,123
11/02/2019,UGN,IL,AGL,CE,Federal Contract Tower,0,5,15,0,20,0,0,24,0,24,0,5,39,0,44,20,0,20,64
11/03/2019,UGN,IL,AGL,CE,Federal Contract Tower,0,10,12,0,22,0,0,83,0,83,0,10,95,0,105,54,0,54,159
11/04/2019,UGN,IL,AGL,CE,Federal Contract Tower,0,6,12,0,18,0,0,76,0,76,0,6,88,0,94,80,0,80,174
11/05/2019,UGN,IL,AGL,CE,Federal Contract Tower,0,11,10,0,21,0,0,80,2,82,0,11,90,2,103,42,0,42,145
11/06/2019,UGN,IL,AGL,CE,Federal Contract Tower,0,6,15,0,21,0,0,36,0,36,0,6,51,0,57,18,0,18,75
11/07/2019,UGN,IL,AGL,CE,Federal Contract Tower,0,11,13,0,24,0,0,51,0,51,0,11,64,0,75,38,0,38,113
11/08/2019,UGN,IL,AGL,CE,Federal Contract Tower,0,4,16,0,20,0,0,99,0,99,0,4,115,0,119,46,0,46,165
11/09/2019,UGN,IL,AGL,CE,Federal Contract Tower,0,10,5,0,15,0,0,95,0,95,0,10,100,0,110,78,0,78,188
11/10/2019,UGN,IL,AGL,CE,Federal Contract Tower,0,4,10,0,14,0,0,7,0,7,0,4,17,0,21,8,0,8,29
11/11/2019,UGN,IL,AGL,CE,Federal Contract Tower,0,6,14,0,20,0,0,0,0,0,0,6,14,0,20,0,0,0,20
11/12/2019,UGN,IL,AGL,CE,Federal Contract Tower,0,13,17,0,30,0,0,71,0,71,0,13,88,0,101,32,0,32,133
11/13/2019,UGN,IL,AGL,CE,Federal Contract Tower,0,10,23,0,33,0,0,32,0,32,0,10,55,0,65,32,0,32,97
11/14/2019,UGN,IL,AGL,CE,Federal Contract Tower,0,7,21,0,28,0,0,55,0,55,0,7,76,0,83,104,0,104,187
11/15/2019,UGN,IL,AGL,CE,Federal Contract Tower,0,14,29,0,43,0,0,90,0,90,0,14,119,0,133,88,0,88,221
11/16/2019,UGN,IL,AGL,CE,Federal Contract Tower,0,3,4,0,7,0,0,108,0,108,0,3,112,0,115,70,0,70,185
11/17/2019,UGN,IL,AGL,CE,Federal Contract Tower,0,4,15,0,19,0,0,77,0,77,0,4,92,0,96,86,0,86,182
11/18/2019,UGN,IL,AGL,CE,Federal Contract Tower,0,9,9,0,18,0,0,0,0,0,0,9,9,0,18,0,0,0,18
11/19/2019,UGN,IL,AGL,CE,Federal Contract Tower,0,9,23,0,32,0,0,18,0,18,0,9,41,0,50,16,0,16,66
11/20/2019,UGN,IL,AGL,CE,Federal Contract Tower,0,11,10,0,21,0,0,57,0,57,0,11,67,0,78,92,0,92,170
11/21/2019,UGN,IL,AGL,CE,Federal Contract Tower,0,10,11,0,21,0,0,0,0,0,0,10,11,0,21,0,0,0,21
11/22/2019,UGN,IL,AGL,CE,Federal Contract Tower,0,14,9,0,23,0,0,116,0,116,0,14,125,0,139,60,0,60,199
11/23/2019,UGN,IL,AGL,CE,Federal Contract Tower,0,7,3,0,10,0,0,69,0,69,0,7,72,0,79,34,0,34,113
11/24/2019,UGN,IL,AGL,CE,Federal Contract Tower,0,13,10,0,23,0,0,143,0,143,0,13,153,0,166,62,0,62,228
11/25/2019,UGN,IL,AGL,CE,Federal Contract Tower,0,7,4,0,11,0,0,90,0,90,0,7,94,0,101,50,0,50,151
11/26/2019,UGN,IL,AGL,CE,Federal Contract Tower,0,11,13,0,24,0,0,67,0,67,0,11,80,0,91,48,0,48,139
11/27/2019,UGN,IL,AGL,CE,Federal Contract Tower,0,23,16,0,39,0,0,0,0,0,0,23,16,0,39,0,0,0,39
11/28/2019,UGN,IL,AGL,CE,Federal Contract Tower,0,4,4,0,8,0,0,8,0,8,0,4,12,0,16,2,0,2,18
11/29/2019,UGN,IL,AGL,CE,Federal Contract Tower,0,5,5,0,10,0,0,3,0,3,0,5,8,0,13,0,0,0,13
11/30/2019,UGN,IL,AGL,CE,Federal Contract Tower,0,14,15,0,29,0,0,0,0,0,0,14,15,0,29,0,0,0,29
12/01/2019,UGN,IL,AGL,CE,Federal Contract Tower,0,24,12,0,36,0,0,0,0,0,0,24,12,0,36,0,0,0,36
12/02/2019,UGN,IL,AGL,CE,Federal Contract Tower,0,8,8,0,16,0,0,18,0,18,0,8,26,0,34,48,0,48,82
12/03/2019,UGN,IL,AGL,CE,Federal Contract Tower,0,10,17,0,27,0,0,85,0,85,0,10,102,0,112,58,0,58,170
12/04/2019,UGN,IL,AGL,CE,Federal Contract Tower,0,5,18,0,23,0,0,29,0,29,0,5,47,0,52,0,0,0,52
12/05/2019,UGN,IL,AGL,CE,Federal Contract Tower,0,4,16,0,20,0,0,96,0,96,0,4,112,0,116,68,0,68,184
12/06/2019,UGN,IL,AGL,CE,Federal Contract Tower,0,13,21,0,34,0,0,103,0,103,0,13,124,0,137,68,0,68,205
12/07/2019,UGN,IL,AGL,CE,Federal Contract Tower,0,4,9,0,13,0,0,117,0,117,0,4,126,0,130,50,0,50,180
12/08/2019,UGN,IL,AGL,CE,Federal Contract Tower,0,11,12,0,23,0,1,27,0,28,0,12,39,0,51,88,0,88,139
12/09/2019,UGN,IL,AGL,CE,Federal Contract Tower,0,9,14,0,23,0,0,0,0,0,0,9,14,0,23,0,0,0,23
12/10/2019,UGN,IL,AGL,CE,Federal Contract Tower,0,6,20,0,26,0,0,43,0,43,0,6,63,0,69,34,0,34,103
12/11/2019,UGN,IL,AGL,CE,Federal Contract Tower,0,7,15,0,22,0,0,57,0,57,0,7,72,0,79,54,0,54,133
12/12/2019,UGN,IL,AGL,CE,Federal Contract Tower,0,3,14,0,17,0,0,7,0,7,0,3,21,0,24,10,0,10,34
12/13/2019,UGN,IL,AGL,CE,Federal Contract Tower,0,9,7,0,16,0,0,46,0,46,0,9,53,0,62,48,0,48,110
12/14/2019,UGN,IL,AGL,CE,Federal Contract Tower,0,2,7,0,9,0,0,1,0,1,0,2,8,0,10,0,0,0,10
12/15/2019,UGN,IL,AGL,CE,Federal Contract Tower,0,6,12,0,18,0,0,101,0,101,0,6,113,0,119,58,0,58,177
12/16/2019,UGN,IL,AGL,CE,Federal Contract Tower,0,8,17,0,25,0,0,44,0,44,0,8,61,0,69,36,0,36,105
12/17/2019,UGN,IL,AGL,CE,Federal Contract Tower,0,11,12,0,23,0,0,49,0,49,0,11,61,0,72,20,0,20,92
12/18/2019,UGN,IL,AGL,CE,Federal Contract Tower,0,7,7,0,14,0,0,77,0,77,0,7,84,0,91,42,0,42,133
12/19/2019,UGN,IL,AGL,CE,Federal Contract Tower,0,12,13,0,25,0,0,68,0,68,0,12,81,0,93,32,0,32,125
12/20/2019,UGN,IL,AGL,CE,Federal Contract Tower,0,6,15,0,21,0,0,36,0,36,0,6,51,0,57,60,0,60,117
12/21/2019,UGN,IL,AGL,CE,Federal Contract Tower,0,11,12,0,23,0,0,119,0,119,0,11,131,0,142,68,0,68,210
12/22/2019,UGN,IL,AGL,CE,Federal Contract Tower,0,3,4,0,7,0,0,112,0,112,0,3,116,0,119,32,0,32,151
12/23/2019,UGN,IL,AGL,CE,Federal Contract Tower,0,9,6,0,15,0,0,77,0,77,0,9,83,0,92,52,0,52,144
12/24/2019,UGN,IL,AGL,CE,Federal Contract Tower,0,5,8,0,13,0,0,26,0,26,0,5,34,0,39,4,0,4,43
12/25/2019,UGN,IL,AGL,CE,Federal Contract Tower,0,8,2,0,10,0,0,7,0,7,0,8,9,0,17,0,0,0,17
12/26/2019,UGN,IL,AGL,CE,Federal Contract Tower,0,13,11,0,24,0,0,41,0,41,0,13,52,0,65,38,0,38,103
12/27/2019,UGN,IL,AGL,CE,Federal Contract Tower,0,16,12,0,28,0,0,64,0,64,0,16,76,0,92,40,0,40,132
12/28/2019,UGN,IL,AGL,CE,Federal Contract Tower,0,4,10,0,14,0,0,0,0,0,0,4,10,0,14,0,0,0,14
12/29/2019,UGN,IL,AGL,CE,Federal Contract Tower,0,3,10,0,13,0,0,9,0,9,0,3,19,0,22,38,0,38,60
12/30/2019,UGN,IL,AGL,CE,Federal Contract Tower,0,8,9,0,17,0,0,2,0,2,0,8,11,0,19,0,0,0,19
12/31/2019,UGN,IL,AGL,CE,Federal Contract Tower,0,5,2,0,7,0,0,9,0,9,0,5,11,0,16,30,0,30,46
01/01/2020,UGN,IL,AGL,CE,Federal Contract Tower,0,3,4,0,7,0,0,42,0,42,0,3,46,0,49,36,0,36,85
01/02/2020,UGN,IL,AGL,CE,Federal Contract Tower,0,9,12,0,21,0,0,68,0,68,0,9,80,0,89,14,0,14,103
01/03/2020,UGN,IL,AGL,CE,Federal Contract Tower,0,5,9,0,14,0,0,33,0,33,0,5,42,0,47,52,0,52,99
01/04/2020,UGN,IL,AGL,CE,Federal Contract Tower,0,17,7,0,24,0,0,63,0,63,0,17,70,0,87,74,0,74,161
01/05/2020,UGN,IL,AGL,CE,Federal Contract Tower,0,17,12,0,29,0,0,11,0,11,0,17,23,0,40,2,0,2,42
01/06/2020,UGN,IL,AGL,CE,Federal Contract Tower,0,14,11,0,25,0,0,0,0,0,0,14,11,0,25,52,0,52,77
01/07/2020,UGN,IL,AGL,CE,Federal Contract Tower,0,3,11,0,14,0,0,35,0,35,0,3,46,0,49,48,0,48,97
01/08/2020,UGN,IL,AGL,CE,Federal Contract Tower,0,3,20,0,23,0,0,60,2,62,0,3,80,2,85,34,0,34,119
01/09/2020,UGN,IL,AGL,CE,Federal Contract Tower,0,1,9,0,10,0,0,16,0,16,0,1,25,0,26,0,0,0,26
01/10/2020,UGN,IL,AGL,CE,Federal Contract Tower,0,3,11,0,14,0,0,6,0,6,0,3,17,0,20,42,0,42,62
01/11/2020,UGN,IL,AGL,CE,Federal Contract Tower,0,2,2,0,4,0,0,0,0,0,0,2,2,0,4,0,0,0,4
01/12/2020,UGN,IL,AGL,CE,Federal Contract Tower,0,6,9,0,15,0,0,46,0,46,0,6,55,0,61,118,0,118,179
01/13/2020,UGN,IL,AGL,CE,Federal Contract Tower,0,3,13,0,16,0,0,23,0,23,0,3,36,0,39,80,0,80,119
01/14/2020,UGN,IL,AGL,CE,Federal Contract Tower,0,3,16,0,19,0,0,15,0,15,0,3,31,0,34,0,0,0,34
01/15/2020,UGN,IL,AGL,CE,Federal Contract Tower,0,5,18,0,23,0,0,0,0,0,0,5,18,0,23,0,0,0,23
01/16/2020,UGN,IL,AGL,CE,Federal Contract Tower,0,3,16,0,19,0,0,135,0,135,0,3,151,0,154,64,0,64,218
01/17/2020,UGN,IL,AGL,CE,Federal Contract Tower,0,6,12,0,18,0,0,18,0,18,0,6,30,0,36,26,0,26,62
01/18/2020,UGN,IL,AGL,CE,Federal Contract Tower,0,3,4,0,7,0,0,0,0,0,0,3,4,0,7,0,0,0,7
01/19/2020,UGN,IL,AGL,CE,Federal Contract Tower,0,6,1,0,7,0,0,26,0,26,0,6,27,0,33,8,0,8,41
01/20/2020,UGN,IL,AGL,CE,Federal Contract Tower,0,7,14,0,21,0,0,75,0,75,0,7,89,0,96,30,0,30,126
01/21/2020,UGN,IL,AGL,CE,Federal Contract Tower,0,5,9,0,14,0,0,106,0,106,0,5,115,0,120,14,0,14,134
01/22/2020,UGN,IL,AGL,CE,Federal Contract Tower,0,6,9,0,15,0,0,74,0,74,0,6,83,0,89,96,0,96,185
01/23/2020,UGN,IL,AGL,CE,Federal Contract Tower,0,7,4,0,11,0,0,0,0,0,0,7,4,0,11,0,0,0,11
01/24/2020,UGN,IL,AGL,CE,Federal Contract Tower,0,0,7,0,7,0,0,0,0,0,0,0,7,0,7,0,0,0,7
01/25/2020,UGN,IL,AGL,CE,Federal Contract Tower,0,3,7,0,10,0,0,0,0,0,0,3,7,0,10,0,0,0,10
01/26/2020,UGN,IL,AGL,CE,Federal Contract Tower,0,8,12,0,20,0,0,0,0,0,0,8,12,0,20,0,0,0,20
01/27/2020,UGN,IL,AGL,CE,Federal Contract Tower,0,6,7,0,13,0,0,24,0,24,0,6,31,0,37,16,0,16,53
01/28/2020,UGN,IL,AGL,CE,Federal Contract Tower,0,0,7,2,9,0,0,50,0,50,0,0,57,2,59,34,0,34,93
01/29/2020,UGN,IL,AGL,CE,Federal Contract Tower,0,4,5,0,9,0,0,30,0,30,0,4,35,0,39,26,0,26,65
01/30/2020,UGN,IL,AGL,CE,Federal Contract Tower,0,5,16,0,21,0,0,70,0,70,0,5,86,0,91,70,0,70,161
01/31/2020,UGN,IL,AGL,CE,Federal Contract Tower,0,7,11,0,18,0,0,0,0,0,0,7,11,0,18,0,0,0,18
02/01/2020,UGN,IL,AGL,CE,Federal Contract Tower,0,5,5,0,10,0,0,4,0,4,0,5,9,0,14,22,0,22,36
02/02/2020,UGN,IL,AGL,CE,Federal Contract Tower,0,7,11,0,18,0,0,53,0,53,0,7,64,0,71,24,0,24,95
02/03/2020,UGN,IL,AGL,CE,Federal Contract Tower,0,4,8,0,12,0,0,68,0,68,0,4,76,0,80,44,0,44,124
02/04/2020,UGN,IL,AGL,CE,Federal Contract Tower,0,9,20,0,29,0,0,29,0,29,0,9,49,0,58,36,0,36,94
02/05/2020,UGN,IL,AGL,CE,Federal Contract Tower,0,4,10,0,14,0,0,114,0,114,0,4,124,0,128,78,0,78,206
02/06/2020,UGN,IL,AGL,CE,Federal Contract Tower,0,2,12,0,14,0,0,9,0,9,0,2,21,0,23,10,0,10,33
02/07/2020,UGN,IL,AGL,CE,Federal Contract Tower,0,5,4,0,9,0,0,50,0,50,0,5,54,0,59,44,0,44,103
02/08/2020,UGN,IL,AGL,CE,Federal Contract Tower,0,4,10,0,14,0,0,101,0,101,0,4,111,0,115,80,0,80,195
02/09/2020,UGN,IL,AGL,CE,Federal Contract Tower,0,2,6,0,8,0,0,0,0,0,0,2,6,0,8,0,0,0,8
02/10/2020,UGN,IL,AGL,CE,Federal Contract Tower,0,7,13,0,20,0,0,21,0,21,0,7,34,0,41,20,0,20,61
02/11/2020,UGN,IL,AGL,CE,Federal Contract Tower,0,4,12,0,16,0,0,66,0,66,0,4,78,0,82,90,0,90,172
02/12/2020,UGN,IL,AGL,CE,Federal Contract Tower,0,15,6,0,21,0,2,39,0,41,0,17,45,0,62,58,0,58,120
02/13/2020,UGN,IL,AGL,CE,Federal Contract Tower,0,15,13,0,28,0,0,4,0,4,0,15,17,0,32,4,0,4,36
02/14/2020,UGN,IL,AGL,CE,Federal Contract Tower,0,11,13,0,24,0,0,48,0,48,0,11,61,0,72,46,0,46,118
02/15/2020,UGN,IL,AGL,CE,Federal Contract Tower,0,4,9,0,13,0,0,17,0,17,0,4,26,0,30,12,0,12,42
02/16/2020,UGN,IL,AGL,CE,Federal Contract Tower,0,9,8,0,17,0,0,141,3,144,0,9,149,3,161,102,0,102,263
02/17/2020,UGN,IL,AGL,CE,Federal Contract Tower,0,11,11,2,24,0,0,13,0,13,0,11,24,2,37,0,0,0,37
02/18/2020,UGN,IL,AGL,CE,Federal Contract Tower,0,4,13,0,17,0,0,33,0,33,0,4,46,0,50,6,0,6,56
02/19/2020,UGN,IL,AGL,CE,Federal Contract Tower,0,13,12,0,25,0,0,96,0,96,0,13,108,0,121,108,0,108,229
02/20/2020,UGN,IL,AGL,CE,Federal Contract Tower,0,6,8,0,14,0,0,96,0,96,0,6,104,0,110,52,0,52,162
02/21/2020,UGN,IL,AGL,CE,Federal Contract Tower,0,9,20,0,29,0,0,55,0,55,0,9,75,0,84,34,0,34,118
02/22/2020,UGN,IL,AGL,CE,Federal Contract Tower,0,1,3,0,4,0,0,128,0,128,0,1,131,0,132,82,0,82,214
02/23/2020,UGN,IL,AGL,CE,Federal Contract Tower,0,7,10,0,17,0,0,109,0,109,0,7,119,0,126,44,0,44,170
02/24/2020,UGN,IL,AGL,CE,Federal Contract Tower,0,5,15,0,20,0,0,61,0,61,0,5,76,0,81,30,0,30,111
02/25/2020,UGN,IL,AGL,CE,Federal Contract Tower,0,13,11,0,24,0,0,2,0,2,0,13,13,0,26,0,0,0,26
02/26/2020,UGN,IL,AGL,CE,Federal Contract Tower,0,4,10,0,14,0,0,30,0,30,0,4,40,0,44,16,0,16,60
02/27/2020,UGN,IL,AGL,CE,Federal Contract Tower,0,2,9,0,11,0,0,93,0,93,0,2,102,0,104,44,0,44,148
02/28/2020,UGN,IL,AGL,CE,Federal Contract Tower,0,3,7,0,10,0,0,74,0,74,0,3,81,0,84,14,0,14,98
02/29/2020,UGN,IL,AGL,CE,Federal Contract Tower,0,8,9,0,17,0,0,149,0,149,0,8,158,0,166,124,0,124,290
03/01/2020,UGN,IL,AGL,CE,Federal Contract Tower,0,2,22,0,24,0,0,41,0,41,0,2,63,0,65,16,0,16,81
03/02/2020,UGN,IL,AGL,CE,Federal Contract Tower,0,5,10,0,15,0,0,49,0,49,0,5,59,0,64,102,2,104,168
03/03/2020,UGN,IL,AGL,CE,Federal Contract Tower,0,6,20,1,27,0,0,25,0,25,0,6,45,1,52,14,0,14,66
03/04/2020,UGN,IL,AGL,CE,Federal Contract Tower,0,7,16,0,23,0,0,88,0,88,0,7,104,0,111,60,0,60,171
03/05/2020,UGN,IL,AGL,CE,Federal Contract Tower,0,6,17,0,23,0,0,21,0,21,0,6,38,0,44,12,0,12,56
03/06/2020,UGN,IL,AGL,CE,Federal Contract Tower,0,8,16,0,24,0,0,52,0,52,0,8,68,0,76,4,0,4,80
03/07/2020,UGN,IL,AGL,CE,Federal Contract Tower,0,2,9,0,11,0,0,153,0,153,0,2,162,0,164,88,0,88,252
03/08/2020,UGN,IL,AGL,CE,Federal Contract Tower,0,2,11,0,13,0,0,41,0,41,0,2,52,0,54,24,0,24,78
03/09/2020,UGN,IL,AGL,CE,Federal Contract Tower,0,3,13,0,16,0,0,5,0,5,0,3,18,0,21,0,0,0,21
03/10/2020,UGN,IL,AGL,CE,Federal Contract Tower,0,3,9,0,12,0,0,92,2,94,0,3,101,2,106,82,12,94,200
03/11/2020,UGN,IL,AGL,CE,Federal Contract Tower,0,6,13,0,19,0,0,21,0,21,0,6,34,0,40,46,0,46,86
03/12/2020,UGN,IL,AGL,CE,Federal Contract Tower,0,5,10,0,15,0,0,80,0,80,0,5,90,0,95,80,0,80,175
03/13/2020,UGN,IL,AGL,CE,Federal Contract Tower,0,4,12,0,16,0,0,48,0,48,0,4,60,0,64,58,0,58,122
03/14/2020,UGN,IL,AGL,CE,Federal Contract Tower,0,13,5,0,18,0,0,73,0,73,0,13,78,0,91,104,0,104,195
03/15/2020,UGN,IL,AGL,CE,Federal Contract Tower,0,7,13,0,20,0,0,71,0,71,0,7,84,0,91,110,0,110,201
03/16/2020,UGN,IL,AGL,CE,Federal Contract Tower,0,10,10,0,20,0,0,15,0,15,0,10,25,0,35,2,0,2,37
03/17/2020,UGN,IL,AGL,CE,Federal Contract Tower,0,16,6,0,22,0,0,128,0,128,0,16,134,0,150,74,0,74,224
03/18/2020,UGN,IL,AGL,CE,Federal Contract Tower,0,7,8,0,15,0,0,26,0,26,0,7,34,0,41,52,0,52,93
03/19/2020,UGN,IL,AGL,CE,Federal Contract Tower,0,7,0,0,7,0,0,0,0,0,0,7,0,0,7,0,0,0,7
03/20/2020,UGN,IL,AGL,CE,Federal Contract Tower,0,6,12,0,18,0,0,7,0,7,0,6,19,0,25,34,0,34,59
03/21/2020,UGN,IL,AGL,CE,Federal Contract Tower,0,2,4,0,6,0,0,89,0,89,0,2,93,0,95,106,0,106,201
03/22/2020,UGN,IL,AGL,CE,Federal Contract Tower,0,0,2,0,2,0,0,2,0,2,0,0,4,0,4,0,0,0,4
03/23/2020,UGN,IL,AGL,CE,Federal Contract Tower,0,0,3,0,3,0,0,6,0,6,0,0,9,0,9,0,0,0,9
03/24/2020,UGN,IL,AGL,CE,Federal Contract Tower,0,3,1,0,4,0,0,0,0,0,0,3,1,0,4,4,0,4,8
03/25/2020,UGN,IL,AGL,CE,Federal Contract Tower,0,1,6,0,7,0,0,11,0,11,0,1,17,0,18,0,0,0,18
03/26/2020,UGN,IL,AGL,CE,Federal Contract Tower,0,1,4,2,7,0,0,0,0,0,0,1,4,2,7,0,0,0,7
03/27/2020,UGN,IL,AGL,CE,Federal Contract Tower,0,2,14,0,16,0,0,0,0,0,0,2,14,0,16,0,0,0,16
03/28/2020,UGN,IL,AGL,CE,Federal Contract Tower,0,0,0,0,0,0,0,0,0,0,0,0,0,0,0,0,0,0,0
03/29/2020,UGN,IL,AGL,CE,Federal Contract Tower,0,8,6,0,14,0,0,2,0,2,0,8,8,0,16,0,0,0,16
03/30/2020,UGN,IL,AGL,CE,Federal Contract Tower,0,4,5,0,9,0,0,18,0,18,0,4,23,0,27,46,0,46,73
03/31/2020,UGN,IL,AGL,CE,Federal Contract Tower,0,2,2,0,4,0,0,0,0,0,0,2,2,0,4,0,0,0,4
04/01/2020,UGN,IL,AGL,CE,Federal Contract Tower,0,3,2,0,5,0,0,5,0,5,0,3,7,0,10,0,0,0,10
04/02/2020,UGN,IL,AGL,CE,Federal Contract Tower,0,4,2,0,6,0,2,52,0,54,0,6,54,0,60,18,0,18,78
04/03/2020,UGN,IL,AGL,CE,Federal Contract Tower,0,1,4,0,5,0,0,22,0,22,0,1,26,0,27,26,0,26,53
04/04/2020,UGN,IL,AGL,CE,Federal Contract Tower,0,0,0,0,0,0,0,10,0,10,0,0,10,0,10,8,0,8,18
04/05/2020,UGN,IL,AGL,CE,Federal Contract Tower,0,0,3,0,3,0,0,30,0,30,0,0,33,0,33,44,0,44,77
04/06/2020,UGN,IL,AGL,CE,Federal Contract Tower,0,0,4,0,4,0,0,4,0,4,0,0,8,0,8,4,0,4,12
04/07/2020,UGN,IL,AGL,CE,Federal Contract Tower,0,3,3,0,6,0,0,2,0,2,0,3,5,0,8,0,0,0,8
04/08/2020,UGN,IL,AGL,CE,Federal Contract Tower,0,1,14,0,15,0,0,22,0,22,0,1,36,0,37,0,0,0,37
04/09/2020,UGN,IL,AGL,CE,Federal Contract Tower,0,1,2,0,3,0,0,0,0,0,0,1,2,0,3,0,0,0,3
04/10/2020,UGN,IL,AGL,CE,Federal Contract Tower,0,4,5,0,9,0,0,22,0,22,0,4,27,0,31,14,0,14,45
04/11/2020,UGN,IL,AGL,CE,Federal Contract Tower,0,2,0,0,2,0,0,14,0,14,0,2,14,0,16,10,0,10,26
04/12/2020,UGN,IL,AGL,CE,Federal Contract Tower,0,2,3,0,5,0,0,4,0,4,0,2,7,0,9,0,0,0,9
04/13/2020,UGN,IL,AGL,CE,Federal Contract Tower,0,1,8,0,9,0,0,2,0,2,0,1,10,0,11,0,0,0,11
04/14/2020,UGN,IL,AGL,CE,Federal Contract Tower,0,2,3,0,5,0,0,11,0,11,0,2,14,0,16,0,0,0,16
04/15/2020,UGN,IL,AGL,CE,Federal Contract Tower,0,2,2,0,4,0,0,1,0,1,0,2,3,0,5,0,0,0,5
04/16/2020,UGN,IL,AGL,CE,Federal Contract Tower,0,6,2,0,8,0,0,9,0,9,0,6,11,0,17,0,0,0,17
04/17/2020,UGN,IL,AGL,CE,Federal Contract Tower,0,2,6,0,8,0,0,1,0,1,0,2,7,0,9,4,0,4,13
04/18/2020,UGN,IL,AGL,CE,Federal Contract Tower,0,0,2,0,2,0,0,19,0,19,0,0,21,0,21,0,0,0,21
04/19/2020,UGN,IL,AGL,CE,Federal Contract Tower,0,0,2,0,2,0,0,51,0,51,0,0,53,0,53,0,0,0,53
04/20/2020,UGN,IL,AGL,CE,Federal Contract Tower,0,0,15,0,15,0,0,18,0,18,0,0,33,0,33,0,0,0,33
04/21/2020,UGN,IL,AGL,CE,Federal Contract Tower,0,0,1,0,1,0,0,22,0,22,0,0,23,0,23,8,0,8,31
04/22/2020,UGN,IL,AGL,CE,Federal Contract Tower,0,2,2,0,4,0,0,14,0,14,0,2,16,0,18,28,0,28,46
04/23/2020,UGN,IL,AGL,CE,Federal Contract Tower,0,1,16,0,17,0,0,4,0,4,0,1,20,0,21,0,0,0,21
04/24/2020,UGN,IL,AGL,CE,Federal Contract Tower,0,1,18,0,19,0,0,3,0,3,0,1,21,0,22,10,0,10,32
04/25/2020,UGN,IL,AGL,CE,Federal Contract Tower,0,0,3,0,3,0,0,0,0,0,0,0,3,0,3,0,0,0,3
04/26/2020,UGN,IL,AGL,CE,Federal Contract Tower,0,0,7,0,7,0,0,59,0,59,0,0,66,0,66,0,0,0,66
04/27/2020,UGN,IL,AGL,CE,Federal Contract Tower,0,3,12,0,15,0,0,25,0,25,0,3,37,0,40,0,0,0,40
04/28/2020,UGN,IL,AGL,CE,Federal Contract Tower,0,0,2,0,2,0,0,2,0,2,0,0,4,0,4,0,0,0,4
04/29/2020,UGN,IL,AGL,CE,Federal Contract Tower,0,1,9,0,10,0,0,0,0,0,0,1,9,0,10,0,0,0,10
04/30/2020,UGN,IL,AGL,CE,Federal Contract Tower,0,1,5,0,6,0,0,0,0,0,0,1,5,0,6,0,0,0,6
05/01/2020,UGN,IL,AGL,CE,Federal Contract Tower,0,4,14,0,18,0,0,29,0,29,0,4,43,0,47,34,0,34,81
05/02/2020,UGN,IL,AGL,CE,Federal Contract Tower,0,1,3,0,4,0,0,19,0,19,0,1,22,0,23,8,0,8,31
05/03/2020,UGN,IL,AGL,CE,Federal Contract Tower,0,1,11,0,12,0,0,51,0,51,0,1,62,0,63,2,0,2,65
05/04/2020,UGN,IL,AGL,CE,Federal Contract Tower,0,1,12,0,13,0,0,39,0,39,0,1,51,0,52,6,0,6,58
05/05/2020,UGN,IL,AGL,CE,Federal Contract Tower,0,2,3,0,5,0,0,23,0,23,0,2,26,0,28,12,0,12,40
05/06/2020,UGN,IL,AGL,CE,Federal Contract Tower,0,2,13,2,17,0,0,49,0,49,0,2,62,2,66,40,0,40,106
05/07/2020,UGN,IL,AGL,CE,Federal Contract Tower,0,2,3,0,5,0,0,41,0,41,0,2,44,0,46,26,0,26,72
05/08/2020,UGN,IL,AGL,CE,Federal Contract Tower,0,4,21,0,25,0,0,31,0,31,0,4,52,0,56,2,0,2,58
05/09/2020,UGN,IL,AGL,CE,Federal Contract Tower,0,3,4,0,7,0,0,65,0,65,0,3,69,0,72,38,0,38,110
05/10/2020,UGN,IL,AGL,CE,Federal Contract Tower,0,3,3,0,6,0,0,0,0,0,0,3,3,0,6,0,0,0,6
05/11/2020,UGN,IL,AGL,CE,Federal Contract Tower,0,2,15,0,17,0,0,43,0,43,0,2,58,0,60,46,0,46,106
05/12/2020,UGN,IL,AGL,CE,Federal Contract Tower,0,3,12,0,15,0,0,74,0,74,0,3,86,0,89,50,0,50,139
05/13/2020,UGN,IL,AGL,CE,Federal Contract Tower,0,0,7,0,7,0,0,37,0,37,0,0,44,0,44,46,0,46,90
05/14/2020,UGN,IL,AGL,CE,Federal Contract Tower,0,6,17,0,23,0,0,0,0,0,0,6,17,0,23,0,0,0,23
05/15/2020,UGN,IL,AGL,CE,Federal Contract Tower,0,5,31,0,36,0,0,98,0,98,0,5,129,0,134,40,0,40,174
05/16/2020,UGN,IL,AGL,CE,Federal Contract Tower,0,0,9,0,9,0,0,68,0,68,0,0,77,0,77,16,0,16,93
05/17/2020,UGN,IL,AGL,CE,Federal Contract Tower,0,0,12,0,12,0,0,0,0,0,0,0,12,0,12,0,0,0,12
05/18/2020,UGN,IL,AGL,CE,Federal Contract Tower,0,0,0,0,0,0,0,0,0,0,0,0,0,0,0,0,0,0,0
05/19/2020,UGN,IL,AGL,CE,Federal Contract Tower,0,0,0,0,0,0,0,0,0,0,0,0,0,0,0,0,0,0,0
05/20/2020,UGN,IL,AGL,CE,Federal Contract Tower,0,0,0,0,0,0,0,0,0,0,0,0,0,0,0,0,0,0,0
05/21/2020,UGN,IL,AGL,CE,Federal Contract Tower,0,0,0,0,0,0,0,2,0,2,0,0,2,0,2,0,0,0,2
05/22/2020,UGN,IL,AGL,CE,Federal Contract Tower,0,0,1,0,1,0,0,0,0,0,0,0,1,0,1,0,0,0,1
05/23/2020,UGN,IL,AGL,CE,Federal Contract Tower,0,2,8,0,10,0,0,40,1,41,0,2,48,1,51,50,0,50,101
05/24/2020,UGN,IL,AGL,CE,Federal Contract Tower,0,0,9,0,9,0,0,90,1,91,0,0,99,1,100,130,0,130,230
05/25/2020,UGN,IL,AGL,CE,Federal Contract Tower,0,4,6,0,10,0,0,42,2,44,0,4,48,2,54,94,0,94,148
05/26/2020,UGN,IL,AGL,CE,Federal Contract Tower,0,1,8,0,9,0,0,82,2,84,0,1,90,2,93,40,0,40,133
05/27/2020,UGN,IL,AGL,CE,Federal Contract Tower,0,9,7,2,18,0,0,80,6,86,0,9,87,8,104,14,12,26,130
05/28/2020,UGN,IL,AGL,CE,Federal Contract Tower,0,4,15,0,19,0,0,5,0,5,0,4,20,0,24,24,0,24,48
05/29/2020,UGN,IL,AGL,CE,Federal Contract Tower,0,4,24,0,28,0,0,108,2,110,0,4,132,2,138,24,0,24,162
05/30/2020,UGN,IL,AGL,CE,Federal Contract Tower,0,11,12,0,23,0,0,132,1,133,0,11,144,1,156,114,0,114,270
05/31/2020,UGN,IL,AGL,CE,Federal Contract Tower,0,4,14,0,18,0,0,83,2,85,0,4,97,2,103,92,0,92,195
06/01/2020,UGN,IL,AGL,CE,Federal Contract Tower,0,9,14,0,23,0,0,51,0,51,0,9,65,0,74,18,0,18,92
06/02/2020,UGN,IL,AGL,CE,Federal Contract Tower,0,7,6,0,13,0,0,93,0,93,0,7,99,0,106,60,0,60,166
06/03/2020,UGN,IL,AGL,CE,Federal Contract Tower,0,8,9,0,17,0,0,102,0,102,0,8,111,0,119,20,0,20,139
06/04/2020,UGN,IL,AGL,CE,Federal Contract Tower,0,2,6,2,10,0,0,83,4,87,0,2,89,6,97,94,0,94,191
06/05/2020,UGN,IL,AGL,CE,Federal Contract Tower,0,8,13,0,21,0,0,81,1,82,0,8,94,1,103,96,0,96,199
06/06/2020,UGN,IL,AGL,CE,Federal Contract Tower,0,4,7,0,11,0,0,107,2,109,0,4,114,2,120,44,2,46,166
06/07/2020,UGN,IL,AGL,CE,Federal Contract Tower,0,12,11,0,23,0,0,91,2,93,0,12,102,2,116,80,0,80,196
06/08/2020,UGN,IL,AGL,CE,Federal Contract Tower,0,8,18,0,26,0,0,61,2,63,0,8,79,2,89,76,0,76,165
06/09/2020,UGN,IL,AGL,CE,Federal Contract Tower,0,7,8,2,17,0,0,42,3,45,0,7,50,5,62,40,8,48,110
06/10/2020,UGN,IL,AGL,CE,Federal Contract Tower,0,4,8,1,13,0,0,30,1,31,0,4,38,2,44,34,0,34,78
06/11/2020,UGN,IL,AGL,CE,Federal Contract Tower,0,9,11,0,20,0,0,69,1,70,0,9,80,1,90,52,0,52,142
06/12/2020,UGN,IL,AGL,CE,Federal Contract Tower,0,9,19,0,28,0,0,79,2,81,0,9,98,2,109,72,0,72,181
06/13/2020,UGN,IL,AGL,CE,Federal Contract Tower,0,5,7,0,12,0,0,72,2,74,0,5,79,2,86,118,0,118,204
06/14/2020,UGN,IL,AGL,CE,Federal Contract Tower,0,10,10,0,20,0,0,102,2,104,0,10,112,2,124,50,0,50,174
06/15/2020,UGN,IL,AGL,CE,Federal Contract Tower,0,8,8,0,16,0,0,79,2,81,0,8,87,2,97,89,0,89,186
06/16/2020,UGN,IL,AGL,CE,Federal Contract Tower,0,3,12,0,15,0,0,150,2,152,0,3,162,2,167,0,104,104,271
06/17/2020,UGN,IL,AGL,CE,Federal Contract Tower,0,4,17,1,22,0,0,198,0,198,0,4,215,1,220,80,0,80,300
06/18/2020,UGN,IL,AGL,CE,Federal Contract Tower,0,7,11,3,21,0,0,107,2,109,0,7,118,5,130,150,0,150,280
06/19/2020,UGN,IL,AGL,CE,Federal Contract Tower,0,8,14,0,22,0,0,105,1,106,0,8,119,1,128,110,0,110,238
06/20/2020,UGN,IL,AGL,CE,Federal Contract Tower,0,10,9,0,19,0,0,64,2,66,0,10,73,2,85,78,0,78,163
06/21/2020,UGN,IL,AGL,CE,Federal Contract Tower,0,4,9,0,13,0,0,124,0,124,0,4,133,0,137,16,0,16,153
06/22/2020,UGN,IL,AGL,CE,Federal Contract Tower,0,12,19,0,31,0,0,0,0,0,0,12,19,0,31,6,0,6,37
06/23/2020,UGN,IL,AGL,CE,Federal Contract Tower,0,15,16,0,31,0,0,140,0,140,0,15,156,0,171,64,0,64,235
06/24/2020,UGN,IL,AGL,CE,Federal Contract Tower,0,4,11,0,15,0,0,102,0,102,0,4,113,0,117,68,0,68,185
06/25/2020,UGN,IL,AGL,CE,Federal Contract Tower,0,5,12,0,17,0,0,211,1,212,0,5,223,1,229,110,0,110,339
06/26/2020,UGN,IL,AGL,CE,Federal Contract Tower,0,12,14,0,26,0,0,9,0,9,0,12,23,0,35,0,0,0,35
06/27/2020,UGN,IL,AGL,CE,Federal Contract Tower,0,10,12,0,22,0,0,151,4,155,0,10,163,4,177,108,0,108,285
06/28/2020,UGN,IL,AGL,CE,Federal Contract Tower,0,6,9,0,15,0,0,143,2,145,0,6,152,2,160,78,0,78,238
06/29/2020,UGN,IL,AGL,CE,Federal Contract Tower,0,9,15,0,24,0,0,80,2,82,0,9,95,2,106,34,0,34,140
06/30/2020,UGN,IL,AGL,CE,Federal Contract Tower,0,5,9,0,14,0,0,66,2,68,0,5,75,2,82,50,0,50,132
07/01/2020,UGN,IL,AGL,CE,Federal Contract Tower,0,5,17,0,22,0,0,111,1,112,0,5,128,1,134,56,0,56,190
07/02/2020,UGN,IL,AGL,CE,Federal Contract Tower,0,5,19,5,29,0,0,119,1,120,0,5,138,6,149,138,0,138,287
07/03/2020,UGN,IL,AGL,CE,Federal Contract Tower,0,13,17,0,30,0,0,142,2,144,0,13,159,2,174,94,0,94,268
07/04/2020,UGN,IL,AGL,CE,Federal Contract Tower,0,7,0,0,7,0,0,50,2,52,0,7,50,2,59,10,0,10,69
07/05/2020,UGN,IL,AGL,CE,Federal Contract Tower,0,6,21,0,27,0,0,53,0,53,0,6,74,0,80,30,0,30,110
07/06/2020,UGN,IL,AGL,CE,Federal Contract Tower,0,10,17,0,27,0,0,72,2,74,0,10,89,2,101,70,0,70,171
07/07/2020,UGN,IL,AGL,CE,Federal Contract Tower,0,3,17,0,20,0,0,96,2,98,0,3,113,2,118,44,0,44,162
07/08/2020,UGN,IL,AGL,CE,Federal Contract Tower,0,5,13,0,18,0,0,121,2,123,0,5,134,2,141,64,0,64,205
07/09/2020,UGN,IL,AGL,CE,Federal Contract Tower,0,12,10,0,22,0,0,70,1,71,0,12,80,1,93,50,0,50,143
07/10/2020,UGN,IL,AGL,CE,Federal Contract Tower,0,8,20,0,28,0,0,38,2,40,0,8,58,2,68,68,0,68,136
07/11/2020,UGN,IL,AGL,CE,Federal Contract Tower,0,3,13,0,16,0,0,97,0,97,0,3,110,0,113,82,0,82,195
07/12/2020,UGN,IL,AGL,CE,Federal Contract Tower,0,9,10,0,19,0,0,70,2,72,0,9,80,2,91,36,0,36,127
07/13/2020,UGN,IL,AGL,CE,Federal Contract Tower,0,9,12,0,21,0,0,108,2,110,0,9,120,2,131,132,0,132,263
07/14/2020,UGN,IL,AGL,CE,Federal Contract Tower,0,5,12,0,17,0,0,145,0,145,0,5,157,0,162,150,0,150,312
07/15/2020,UGN,IL,AGL,CE,Federal Contract Tower,0,8,14,0,22,0,0,68,0,68,0,8,82,0,90,22,0,22,112
07/16/2020,UGN,IL,AGL,CE,Federal Contract Tower,0,14,16,4,34,0,0,193,2,195,0,14,209,6,229,58,0,58,287
07/17/2020,UGN,IL,AGL,CE,Federal Contract Tower,0,6,22,0,28,0,0,112,1,113,0,6,134,1,141,56,0,56,197
07/18/2020,UGN,IL,AGL,CE,Federal Contract Tower,0,1,7,0,8,0,0,81,1,82,0,1,88,1,90,42,0,42,132
07/19/2020,UGN,IL,AGL,CE,Federal Contract Tower,0,7,21,0,28,0,0,25,2,27,0,7,46,2,55,62,0,62,117
07/20/2020,UGN,IL,AGL,CE,Federal Contract Tower,0,9,20,0,29,0,0,89,0,89,0,9,109,0,118,72,0,72,190
07/21/2020,UGN,IL,AGL,CE,Federal Contract Tower,0,6,20,0,26,0,0,101,1,102,0,6,121,1,128,66,0,66,194
07/22/2020,UGN,IL,AGL,CE,Federal Contract Tower,0,12,11,0,23,0,0,141,0,141,0,12,152,0,164,116,0,116,280
07/23/2020,UGN,IL,AGL,CE,Federal Contract Tower,0,6,22,0,28,0,0,173,1,174,0,6,195,1,202,108,0,108,310
07/24/2020,UGN,IL,AGL,CE,Federal Contract Tower,0,8,13,0,21,0,0,110,2,112,0,8,123,2,133,54,0,54,187
07/25/2020,UGN,IL,AGL,CE,Federal Contract Tower,0,10,4,0,14,0,0,161,0,161,0,10,165,0,175,70,0,70,245
07/26/2020,UGN,IL,AGL,CE,Federal Contract Tower,0,2,10,0,12,0,0,86,2,88,0,2,96,2,100,104,0,104,204
07/27/2020,UGN,IL,AGL,CE,Federal Contract Tower,0,8,17,0,25,0,1,32,2,35,0,9,49,2,60,96,0,96,156
07/28/2020,UGN,IL,AGL,CE,Federal Contract Tower,0,8,18,0,26,0,98,0,2,100,0,106,18,2,126,32,0,32,158
07/29/2020,UGN,IL,AGL,CE,Federal Contract Tower,0,4,23,0,27,0,0,165,2,167,0,4,188,2,194,72,0,72,266
07/30/2020,UGN,IL,AGL,CE,Federal Contract Tower,0,7,10,3,20,0,0,101,0,101,0,7,111,3,121,88,0,88,209
07/31/2020,UGN,IL,AGL,CE,Federal Contract Tower,0,7,20,0,27,0,0,166,2,168,0,7,186,2,195,108,0,108,303
08/01/2020,UGN,IL,AGL,CE,Federal Contract Tower,0,1,4,0,5,0,0,56,0,56,0,1,60,0,61,0,0,0,61
08/02/2020,UGN,IL,AGL,CE,Federal Contract Tower,0,8,12,0,20,0,0,37,0,37,0,8,49,0,57,24,0,24,81
08/03/2020,UGN,IL,AGL,CE,Federal Contract Tower,0,12,19,0,31,0,0,1,2,3,0,12,20,2,34,0,0,0,34
08/04/2020,UGN,IL,AGL,CE,Federal Contract Tower,0,4,15,0,19,0,0,162,0,162,0,4,177,0,181,78,0,78,259
08/05/2020,UGN,IL,AGL,CE,Federal Contract Tower,0,12,25,2,39,0,0,192,5,197,0,12,217,7,236,110,0,110,346
08/06/2020,UGN,IL,AGL,CE,Federal Contract Tower,0,7,16,0,23,0,0,137,1,138,0,7,153,1,161,108,0,108,269
08/07/2020,UGN,IL,AGL,CE,Federal Contract Tower,0,6,21,0,27,0,0,100,3,103,0,6,121,3,130,72,0,72,202
08/08/2020,UGN,IL,AGL,CE,Federal Contract Tower,0,0,2,0,2,0,0,44,0,44,0,0,46,0,46,0,0,0,46
08/09/2020,UGN,IL,AGL,CE,Federal Contract Tower,0,7,14,0,21,0,0,75,2,77,0,7,89,2,98,0,10,10,108
08/10/2020,UGN,IL,AGL,CE,Federal Contract Tower,0,13,12,0,25,0,0,6,1,7,0,13,18,1,32,14,0,14,46
08/11/2020,UGN,IL,AGL,CE,Federal Contract Tower,0,5,19,0,24,0,0,171,2,173,0,5,190,2,197,136,0,136,333
08/12/2020,UGN,IL,AGL,CE,Federal Contract Tower,0,10,11,0,21,0,0,115,0,115,0,10,126,0,136,72,0,72,208
08/13/2020,UGN,IL,AGL,CE,Federal Contract Tower,0,12,18,3,33,0,0,87,1,88,0,12,105,4,121,88,0,88,209
08/14/2020,UGN,IL,AGL,CE,Federal Contract Tower,0,10,25,0,35,0,0,120,6,126,0,10,145,6,161,40,0,40,201
08/15/2020,UGN,IL,AGL,CE,Federal Contract Tower,0,5,9,0,14,0,0,77,4,81,0,5,86,4,95,58,2,60,155
08/16/2020,UGN,IL,AGL,CE,Federal Contract Tower,0,12,22,0,34,0,0,119,1,120,0,12,141,1,154,82,0,82,236
08/17/2020,UGN,IL,AGL,CE,Federal Contract Tower,0,10,20,0,30,0,0,75,2,77,0,10,95,2,107,58,0,58,165
08/18/2020,UGN,IL,AGL,CE,Federal Contract Tower,0,11,29,0,40,0,0,105,1,106,0,11,134,1,146,94,0,94,240
08/19/2020,UGN,IL,AGL,CE,Federal Contract Tower,0,9,28,1,38,0,0,170,4,174,0,9,198,5,212,74,0,74,286
08/20/2020,UGN,IL,AGL,CE,Federal Contract Tower,0,6,11,0,17,0,0,114,1,115,0,6,125,1,132,122,0,122,254
08/21/2020,UGN,IL,AGL,CE,Federal Contract Tower,0,10,20,0,30,0,0,79,0,79,0,10,99,0,109,66,0,66,175
08/22/2020,UGN,IL,AGL,CE,Federal Contract Tower,0,10,4,0,14,0,0,106,2,108,0,10,110,2,122,46,0,46,168
08/23/2020,UGN,IL,AGL,CE,Federal Contract Tower,0,6,13,0,19,0,0,68,2,70,0,6,81,2,89,70,0,70,159
08/24/2020,UGN,IL,AGL,CE,Federal Contract Tower,0,10,17,0,27,0,0,50,1,51,0,10,67,1,78,30,0,30,108
08/25/2020,UGN,IL,AGL,CE,Federal Contract Tower,0,10,5,0,15,0,0,53,10,63,0,10,58,10,78,54,18,72,150
08/26/2020,UGN,IL,AGL,CE,Federal Contract Tower,0,5,18,0,23,0,0,79,5,84,0,5,97,5,107,70,0,70,177
08/27/2020,UGN,IL,AGL,CE,Federal Contract Tower,0,7,20,4,31,0,0,86,0,86,0,7,106,4,117,20,0,20,137
08/28/2020,UGN,IL,AGL,CE,Federal Contract Tower,0,9,21,0,30,0,0,67,3,70,0,9,88,3,100,18,0,18,118
08/29/2020,UGN,IL,AGL,CE,Federal Contract Tower,0,7,11,4,22,0,0,136,2,138,0,7,147,6,160,50,0,50,210
08/30/2020,UGN,IL,AGL,CE,Federal Contract Tower,0,16,12,0,28,0,0,84,4,88,0,16,96,4,116,118,0,118,234
08/31/2020,UGN,IL,AGL,CE,Federal Contract Tower,0,10,12,2,24,0,0,53,16,69,0,10,65,18,93,52,0,52,145
09/01/2020,UGN,IL,AGL,CE,Federal Contract Tower,2,4,11,0,17,0,0,18,4,22,2,4,29,4,39,8,30,38,77
09/02/2020,UGN,IL,AGL,CE,Federal Contract Tower,0,6,9,5,20,0,0,87,0,87,0,6,96,5,107,60,0,60,167
09/03/2020,UGN,IL,AGL,CE,Federal Contract Tower,0,18,23,0,41,0,0,31,1,32,0,18,54,1,73,0,0,0,73
09/04/2020,UGN,IL,AGL,CE,Federal Contract Tower,0,8,16,0,24,0,0,58,1,59,0,8,74,1,83,68,0,68,151
09/05/2020,UGN,IL,AGL,CE,Federal Contract Tower,0,6,7,0,13,0,0,97,0,97,0,6,104,0,110,56,0,56,166
09/06/2020,UGN,IL,AGL,CE,Federal Contract Tower,0,6,8,0,14,0,0,1,0,1,0,6,9,0,15,0,0,0,15
09/07/2020,UGN,IL,AGL,CE,Federal Contract Tower,0,12,13,0,25,0,0,74,0,74,0,12,87,0,99,90,0,90,189
09/08/2020,UGN,IL,AGL,CE,Federal Contract Tower,0,16,16,2,34,0,0,0,0,0,0,16,16,2,34,0,0,0,34
09/09/2020,UGN,IL,AGL,CE,Federal Contract Tower,0,9,31,1,41,0,0,0,0,0,0,9,31,1,41,0,0,0,41
09/10/2020,UGN,IL,AGL,CE,Federal Contract Tower,0,15,18,0,33,0,0,18,0,18,0,15,36,0,51,14,0,14,65
09/11/2020,UGN,IL,AGL,CE,Federal Contract Tower,0,8,16,0,24,0,0,12,0,12,0,8,28,0,36,0,0,0,36
09/12/2020,UGN,IL,AGL,CE,Federal Contract Tower,0,7,8,0,15,0,0,0,0,0,0,7,8,0,15,0,0,0,15
09/13/2020,UGN,IL,AGL,CE,Federal Contract Tower,0,7,12,0,19,0,0,113,0,113,0,7,125,0,132,104,0,104,236
09/14/2020,UGN,IL,AGL,CE,Federal Contract Tower,0,3,21,0,24,0,0,121,0,121,0,3,142,0,145,138,0,138,283
09/15/2020,UGN,IL,AGL,CE,Federal Contract Tower,0,1,6,0,7,0,0,104,0,104,0,1,110,0,111,108,0,108,219
09/16/2020,UGN,IL,AGL,CE,Federal Contract Tower,0,10,17,0,27,0,0,121,0,121,0,10,138,0,148,124,0,124,272
09/17/2020,UGN,IL,AGL,CE,Federal Contract Tower,0,8,12,0,20,0,0,57,0,57,0,8,69,0,77,66,0,66,143
09/18/2020,UGN,IL,AGL,CE,Federal Contract Tower,0,14,18,0,32,0,0,80,0,80,0,14,98,0,112,80,0,80,192
09/19/2020,UGN,IL,AGL,CE,Federal Contract Tower,0,3,6,0,9,0,0,106,0,106,0,3,112,0,115,44,0,44,159
09/20/2020,UGN,IL,AGL,CE,Federal Contract Tower,0,10,10,0,20,0,0,112,0,112,0,10,122,0,132,68,0,68,200
09/21/2020,UGN,IL,AGL,CE,Federal Contract Tower,0,6,9,0,15,0,0,101,0,101,0,6,110,0,116,85,0,85,201
09/22/2020,UGN,IL,AGL,CE,Federal Contract Tower,0,14,19,0,33,0,0,125,2,127,0,14,144,2,160,46,0,46,206
09/23/2020,UGN,IL,AGL,CE,Federal Contract Tower,0,8,16,0,24,0,0,95,0,95,0,8,111,0,119,58,0,58,177
09/24/2020,UGN,IL,AGL,CE,Federal Contract Tower,0,12,11,2,25,0,134,0,0,134,0,146,11,2,159,86,0,86,245
09/25/2020,UGN,IL,AGL,CE,Federal Contract Tower,0,9,21,4,34,0,0,76,0,76,0,9,97,4,110,66,6,72,182
09/26/2020,UGN,IL,AGL,CE,Federal Contract Tower,0,5,10,0,15,0,0,45,0,45,0,5,55,0,60,44,0,44,104
09/27/2020,UGN,IL,AGL,CE,Federal Contract Tower,0,10,14,0,24,0,0,43,0,43,0,10,57,0,67,80,0,80,147
09/28/2020,UGN,IL,AGL,CE,Federal Contract Tower,0,8,19,0,27,0,0,3,0,3,0,8,22,0,30,4,0,4,34
09/29/2020,UGN,IL,AGL,CE,Federal Contract Tower,0,10,18,0,28,0,0,131,0,131,0,10,149,0,159,124,0,124,283
09/30/2020,UGN,IL,AGL,CE,Federal Contract Tower,0,9,20,0,29,0,0,12,0,12,0,9,32,0,41,0,0,0,41
10/01/2020,UGN,IL,AGL,CE,Federal Contract Tower,0,15,17,0,32,0,0,64,0,64,0,15,81,0,96,88,0,88,184
10/02/2020,UGN,IL,AGL,CE,Federal Contract Tower,0,8,18,0,26,0,0,90,7,97,0,8,108,7,123,28,0,28,151
10/03/2020,UGN,IL,AGL,CE,Federal Contract Tower,0,11,10,0,21,0,0,113,0,113,0,11,123,0,134,68,0,68,202
10/04/2020,UGN,IL,AGL,CE,Federal Contract Tower,0,10,14,0,24,0,0,58,0,58,0,10,72,0,82,60,0,60,142
10/05/2020,UGN,IL,AGL,CE,Federal Contract Tower,0,2,18,0,20,0,0,40,0,40,0,2,58,0,60,42,0,42,102
10/06/2020,UGN,IL,AGL,CE,Federal Contract Tower,0,14,23,0,37,0,0,84,0,84,0,14,107,0,121,62,0,62,183
10/07/2020,UGN,IL,AGL,CE,Federal Contract Tower,0,6,9,0,15,0,0,90,0,90,0,6,99,0,105,38,0,38,143
10/08/2020,UGN,IL,AGL,CE,Federal Contract Tower,0,8,12,0,20,0,0,134,0,134,0,8,146,0,154,94,0,94,248
10/09/2020,UGN,IL,AGL,CE,Federal Contract Tower,0,9,19,0,28,0,0,52,0,52,0,9,71,0,80,16,0,16,96
10/10/2020,UGN,IL,AGL,CE,Federal Contract Tower,0,17,26,0,43,0,0,76,0,76,0,17,102,0,119,20,0,20,139
10/11/2020,UGN,IL,AGL,CE,Federal Contract Tower,0,8,17,0,25,0,0,38,0,38,0,8,55,0,63,76,0,76,139
10/12/2020,UGN,IL,AGL,CE,Federal Contract Tower,0,14,16,0,30,0,0,0,0,0,0,14,16,0,30,0,0,0,30
10/13/2020,UGN,IL,AGL,CE,Federal Contract Tower,0,10,16,0,26,0,0,61,0,61,0,10,77,0,87,38,0,38,125
10/14/2020,UGN,IL,AGL,CE,Federal Contract Tower,0,9,17,0,26,0,0,35,0,35,0,9,52,0,61,30,2,32,93
10/15/2020,UGN,IL,AGL,CE,Federal Contract Tower,0,14,23,0,37,0,0,146,0,146,0,14,169,0,183,36,0,36,219
10/16/2020,UGN,IL,AGL,CE,Federal Contract Tower,0,16,12,0,28,0,0,60,0,60,0,16,72,0,88,22,0,22,110
10/17/2020,UGN,IL,AGL,CE,Federal Contract Tower,0,8,5,0,13,0,0,9,0,9,0,8,14,0,22,6,0,6,28
10/18/2020,UGN,IL,AGL,CE,Federal Contract Tower,0,5,7,0,12,0,0,12,0,12,0,5,19,0,24,50,0,50,74
10/19/2020,UGN,IL,AGL,CE,Federal Contract Tower,0,4,16,0,20,0,0,74,0,74,0,4,90,0,94,44,0,44,138
10/20/2020,UGN,IL,AGL,CE,Federal Contract Tower,0,5,24,0,29,0,0,34,0,34,0,5,58,0,63,50,0,50,113
10/21/2020,UGN,IL,AGL,CE,Federal Contract Tower,0,4,19,0,23,0,0,130,0,130,0,4,149,0,153,50,0,50,203
10/22/2020,UGN,IL,AGL,CE,Federal Contract Tower,0,4,31,0,35,0,0,0,0,0,0,4,31,0,35,0,0,0,35
10/23/2020,UGN,IL,AGL,CE,Federal Contract Tower,0,13,17,0,30,0,0,0,0,0,0,13,17,0,30,0,0,0,30
10/24/2020,UGN,IL,AGL,CE,Federal Contract Tower,0,5,11,0,16,0,0,116,0,116,0,5,127,0,132,60,0,60,192
10/25/2020,UGN,IL,AGL,CE,Federal Contract Tower,0,1,13,0,14,0,0,108,0,108,0,1,121,0,122,66,0,66,188
10/26/2020,UGN,IL,AGL,CE,Federal Contract Tower,0,10,16,0,26,0,0,14,0,14,0,10,30,0,40,4,0,4,44
10/27/2020,UGN,IL,AGL,CE,Federal Contract Tower,0,7,13,1,21,0,0,87,0,87,0,7,100,1,108,44,0,44,152
10/28/2020,UGN,IL,AGL,CE,Federal Contract Tower,0,12,14,1,27,0,0,108,0,108,0,12,122,1,135,60,0,60,195
10/29/2020,UGN,IL,AGL,CE,Federal Contract Tower,0,9,13,0,22,0,0,2,0,2,0,9,15,0,24,2,0,2,26
10/30/2020,UGN,IL,AGL,CE,Federal Contract Tower,0,1,19,0,20,0,0,119,0,119,0,1,138,0,139,110,0,110,249
10/31/2020,UGN,IL,AGL,CE,Federal Contract Tower,0,6,3,0,9,0,0,31,0,31,0,6,34,0,40,10,0,10,50
11/01/2020,UGN,IL,AGL,CE,Federal Contract Tower,0,2,8,0,10,0,0,4,0,4,0,2,12,0,14,0,0,0,14
11/02/2020,UGN,IL,AGL,CE,Federal Contract Tower,0,11,19,0,30,0,0,28,0,28,0,11,47,0,58,20,0,20,78
11/03/2020,UGN,IL,AGL,CE,Federal Contract Tower,0,2,13,0,15,0,0,125,0,125,0,2,138,0,140,42,0,42,182
11/04/2020,UGN,IL,AGL,CE,Federal Contract Tower,0,6,5,0,11,0,0,61,0,61,0,6,66,0,72,16,0,16,88
11/05/2020,UGN,IL,AGL,CE,Federal Contract Tower,0,11,11,0,22,0,0,133,0,133,0,11,144,0,155,96,0,96,251
11/06/2020,UGN,IL,AGL,CE,Federal Contract Tower,0,8,27,0,35,0,0,108,0,108,0,8,135,0,143,58,0,58,201
11/07/2020,UGN,IL,AGL,CE,Federal Contract Tower,0,6,5,0,11,0,0,110,0,110,0,6,115,0,121,110,0,110,231
11/08/2020,UGN,IL,AGL,CE,Federal Contract Tower,0,10,15,0,25,0,0,136,0,136,0,10,151,0,161,116,0,116,277
11/09/2020,UGN,IL,AGL,CE,Federal Contract Tower,0,9,12,0,21,0,0,37,0,37,0,9,49,0,58,34,0,34,92
11/10/2020,UGN,IL,AGL,CE,Federal Contract Tower,0,8,10,0,18,0,0,0,0,0,0,8,10,0,18,0,0,0,18
11/11/2020,UGN,IL,AGL,CE,Federal Contract Tower,0,0,8,0,8,0,0,118,0,118,0,0,126,0,126,32,0,32,158
11/12/2020,UGN,IL,AGL,CE,Federal Contract Tower,0,5,11,0,16,0,0,152,0,152,0,5,163,0,168,50,0,50,218
11/13/2020,UGN,IL,AGL,CE,Federal Contract Tower,0,7,11,0,18,0,0,99,0,99,0,7,110,0,117,52,0,52,169
11/14/2020,UGN,IL,AGL,CE,Federal Contract Tower,0,3,5,0,8,0,0,42,0,42,0,3,47,0,50,0,0,0,50
11/15/2020,UGN,IL,AGL,CE,Federal Contract Tower,0,13,5,0,18,0,0,0,0,0,0,13,5,0,18,0,0,0,18
11/16/2020,UGN,IL,AGL,CE,Federal Contract Tower,0,9,11,2,22,0,0,77,0,77,0,9,88,2,99,88,0,88,187
11/17/2020,UGN,IL,AGL,CE,Federal Contract Tower,0,7,11,0,18,0,0,87,0,87,0,7,98,0,105,22,0,22,127
11/18/2020,UGN,IL,AGL,CE,Federal Contract Tower,0,1,4,0,5,0,0,28,0,28,0,1,32,0,33,0,0,0,33
11/19/2020,UGN,IL,AGL,CE,Federal Contract Tower,0,7,10,0,17,0,0,2,0,2,0,7,12,0,19,2,0,2,21
11/20/2020,UGN,IL,AGL,CE,Federal Contract Tower,0,5,14,0,19,0,0,125,0,125,0,5,139,0,144,112,0,112,256
11/21/2020,UGN,IL,AGL,CE,Federal Contract Tower,0,13,11,0,24,0,0,105,0,105,0,13,116,0,129,56,0,56,185
11/22/2020,UGN,IL,AGL,CE,Federal Contract Tower,0,14,9,0,23,0,0,81,0,81,0,14,90,0,104,76,0,76,180
11/23/2020,UGN,IL,AGL,CE,Federal Contract Tower,0,6,16,0,22,0,0,109,0,109,0,6,125,0,131,70,0,70,201
11/24/2020,UGN,IL,AGL,CE,Federal Contract Tower,0,11,7,0,18,0,0,0,0,0,0,11,7,0,18,0,0,0,18
11/25/2020,UGN,IL,AGL,CE,Federal Contract Tower,0,8,18,0,26,0,0,0,0,0,0,8,18,0,26,0,0,0,26
11/26/2020,UGN,IL,AGL,CE,Federal Contract Tower,0,2,7,0,9,0,0,6,0,6,0,2,13,0,15,20,0,20,35
11/27/2020,UGN,IL,AGL,CE,Federal Contract Tower,0,6,13,0,19,0,0,75,0,75,0,6,88,0,94,30,0,30,124
11/28/2020,UGN,IL,AGL,CE,Federal Contract Tower,0,8,8,0,16,0,0,124,0,124,0,8,132,0,140,112,0,112,252
11/29/2020,UGN,IL,AGL,CE,Federal Contract Tower,0,28,13,0,41,0,0,55,0,55,0,28,68,0,96,82,0,82,178
11/30/2020,UGN,IL,AGL,CE,Federal Contract Tower,0,4,11,0,15,0,0,13,0,13,0,4,24,0,28,30,0,30,58
12/01/2020,UGN,IL,AGL,CE,Federal Contract Tower,0,8,8,0,16,0,0,79,0,79,0,8,87,0,95,30,0,30,125
12/02/2020,UGN,IL,AGL,CE,Federal Contract Tower,0,7,8,0,15,0,0,102,6,108,0,7,110,6,123,72,0,72,195
12/03/2020,UGN,IL,AGL,CE,Federal Contract Tower,0,5,7,0,12,0,0,113,0,113,0,5,120,0,125,80,0,80,205
12/04/2020,UGN,IL,AGL,CE,Federal Contract Tower,0,6,11,0,17,0,0,114,0,114,0,6,125,0,131,18,0,18,149
12/05/2020,UGN,IL,AGL,CE,Federal Contract Tower,0,8,6,0,14,0,0,92,0,92,0,8,98,0,106,36,0,36,142
12/06/2020,UGN,IL,AGL,CE,Federal Contract Tower,0,4,9,0,13,0,0,16,0,16,0,4,25,0,29,52,0,52,81
12/07/2020,UGN,IL,AGL,CE,Federal Contract Tower,0,9,4,0,13,0,0,74,0,74,0,9,78,0,87,106,0,106,193
12/08/2020,UGN,IL,AGL,CE,Federal Contract Tower,0,9,4,0,13,0,0,85,0,85,0,9,89,0,98,82,0,82,180
12/09/2020,UGN,IL,AGL,CE,Federal Contract Tower,0,4,17,0,21,0,0,167,0,167,0,4,184,0,188,120,0,120,308
12/10/2020,UGN,IL,AGL,CE,Federal Contract Tower,0,10,13,0,23,0,0,145,0,145,0,10,158,0,168,64,0,64,232
12/11/2020,UGN,IL,AGL,CE,Federal Contract Tower,0,8,14,0,22,0,0,0,0,0,0,8,14,0,22,0,0,0,22
12/12/2020,UGN,IL,AGL,CE,Federal Contract Tower,0,9,12,0,21,0,0,0,0,0,0,9,12,0,21,0,0,0,21
12/13/2020,UGN,IL,AGL,CE,Federal Contract Tower,0,7,15,0,22,0,0,74,0,74,0,7,89,0,96,58,0,58,154
12/14/2020,UGN,IL,AGL,CE,Federal Contract Tower,0,7,9,0,16,0,0,95,0,95,0,7,104,0,111,78,0,78,189
12/15/2020,UGN,IL,AGL,CE,Federal Contract Tower,0,7,7,0,14,0,0,43,0,43,0,7,50,0,57,58,0,58,115
12/16/2020,UGN,IL,AGL,CE,Federal Contract Tower,0,12,12,0,24,0,0,54,0,54,0,12,66,0,78,46,0,46,124
12/17/2020,UGN,IL,AGL,CE,Federal Contract Tower,0,8,18,0,26,0,0,91,2,93,0,8,109,2,119,106,0,106,225
12/18/2020,UGN,IL,AGL,CE,Federal Contract Tower,0,10,20,0,30,0,0,114,0,114,0,10,134,0,144,42,0,42,186
12/19/2020,UGN,IL,AGL,CE,Federal Contract Tower,0,8,7,0,15,0,0,42,0,42,0,8,49,0,57,72,0,72,129
12/20/2020,UGN,IL,AGL,CE,Federal Contract Tower,0,10,14,0,24,0,0,105,0,105,0,10,119,0,129,106,0,106,235
12/21/2020,UGN,IL,AGL,CE,Federal Contract Tower,0,14,11,0,25,0,0,48,0,48,0,14,59,0,73,28,0,28,101
12/22/2020,UGN,IL,AGL,CE,Federal Contract Tower,0,10,14,0,24,0,0,110,0,110,0,10,124,0,134,72,0,72,206
12/23/2020,UGN,IL,AGL,CE,Federal Contract Tower,0,7,6,0,13,0,0,2,0,2,0,7,8,0,15,0,0,0,15
12/24/2020,UGN,IL,AGL,CE,Federal Contract Tower,0,8,7,0,15,0,0,2,0,2,0,8,9,0,17,0,0,0,17
12/25/2020,UGN,IL,AGL,CE,Federal Contract Tower,0,7,6,0,13,0,0,0,0,0,0,7,6,0,13,0,0,0,13
12/26/2020,UGN,IL,AGL,CE,Federal Contract Tower,0,8,18,0,26,0,0,87,0,87,0,8,105,0,113,18,0,18,131
12/27/2020,UGN,IL,AGL,CE,Federal Contract Tower,0,8,12,0,20,0,0,22,0,22,0,8,34,0,42,30,0,30,72
12/28/2020,UGN,IL,AGL,CE,Federal Contract Tower,0,14,6,0,20,0,0,66,0,66,0,14,72,0,86,48,0,48,134
12/29/2020,UGN,IL,AGL,CE,Federal Contract Tower,0,16,13,0,29,0,0,73,0,73,0,16,86,0,102,96,0,96,198
12/30/2020,UGN,IL,AGL,CE,Federal Contract Tower,0,12,6,0,18,0,0,0,0,0,0,12,6,0,18,0,0,0,18
12/31/2020,UGN,IL,AGL,CE,Federal Contract Tower,0,10,3,0,13,0,0,30,0,30,0,10,33,0,43,72,0,72,115
01/01/2021,UGN,IL,AGL,CE,Federal Contract Tower,0,5,6,0,11,0,0,0,0,0,0,5,6,0,11,0,0,0,11
01/02/2021,UGN,IL,AGL,CE,Federal Contract Tower,0,14,12,0,26,0,0,16,0,16,0,14,28,0,42,0,0,0,42
01/03/2021,UGN,IL,AGL,CE,Federal Contract Tower,0,15,18,0,33,0,0,0,0,0,0,15,18,0,33,0,0,0,33
01/04/2021,UGN,IL,AGL,CE,Federal Contract Tower,0,8,17,0,25,0,0,0,0,0,0,8,17,0,25,0,0,0,25
01/05/2021,UGN,IL,AGL,CE,Federal Contract Tower,0,9,6,0,15,0,0,0,0,0,0,9,6,0,15,0,0,0,15
01/06/2021,UGN,IL,AGL,CE,Federal Contract Tower,0,9,9,0,18,0,0,0,0,0,0,9,9,0,18,10,0,10,28
01/07/2021,UGN,IL,AGL,CE,Federal Contract Tower,0,9,5,0,14,0,0,64,0,64,0,9,69,0,78,86,0,86,164
01/08/2021,UGN,IL,AGL,CE,Federal Contract Tower,0,7,7,0,14,0,0,0,0,0,0,7,7,0,14,0,0,0,14
01/09/2021,UGN,IL,AGL,CE,Federal Contract Tower,0,16,6,0,22,0,0,94,0,94,0,16,100,0,116,64,0,64,180
01/10/2021,UGN,IL,AGL,CE,Federal Contract Tower,0,13,7,0,20,0,0,119,0,119,0,13,126,0,139,46,0,46,185
01/11/2021,UGN,IL,AGL,CE,Federal Contract Tower,0,1,11,0,12,0,0,0,0,0,0,1,11,0,12,0,0,0,12
01/12/2021,UGN,IL,AGL,CE,Federal Contract Tower,0,2,9,0,11,0,0,95,0,95,0,2,104,0,106,42,0,42,148
01/13/2021,UGN,IL,AGL,CE,Federal Contract Tower,0,4,12,0,16,0,0,114,0,114,0,4,126,0,130,56,0,56,186
01/14/2021,UGN,IL,AGL,CE,Federal Contract Tower,0,3,8,0,11,0,0,31,0,31,0,3,39,0,42,32,0,32,74
01/15/2021,UGN,IL,AGL,CE,Federal Contract Tower,0,8,18,0,26,0,0,31,0,31,0,8,49,0,57,70,0,70,127
01/16/2021,UGN,IL,AGL,CE,Federal Contract Tower,0,6,7,0,13,0,0,12,0,12,0,6,19,0,25,0,0,0,25
01/17/2021,UGN,IL,AGL,CE,Federal Contract Tower,0,7,3,0,10,0,0,21,0,21,0,7,24,0,31,36,0,36,67
01/18/2021,UGN,IL,AGL,CE,Federal Contract Tower,0,8,8,0,16,0,0,68,0,68,0,8,76,0,84,97,0,97,181
01/19/2021,UGN,IL,AGL,CE,Federal Contract Tower,0,7,9,0,16,0,0,51,0,51,0,7,60,0,67,38,0,38,105
01/20/2021,UGN,IL,AGL,CE,Federal Contract Tower,0,3,10,0,13,0,0,70,0,70,0,3,80,0,83,24,0,24,107
01/21/2021,UGN,IL,AGL,CE,Federal Contract Tower,0,3,7,0,10,0,0,24,0,24,0,3,31,0,34,0,0,0,34
01/22/2021,UGN,IL,AGL,CE,Federal Contract Tower,0,8,12,0,20,0,0,88,0,88,0,8,100,0,108,74,0,74,182
01/23/2021,UGN,IL,AGL,CE,Federal Contract Tower,0,12,21,0,33,0,0,125,0,125,0,12,146,0,158,96,0,96,254
01/24/2021,UGN,IL,AGL,CE,Federal Contract Tower,0,5,10,0,15,0,0,7,0,7,0,5,17,0,22,40,0,40,62
01/25/2021,UGN,IL,AGL,CE,Federal Contract Tower,0,5,5,0,10,0,0,26,0,26,0,5,31,0,36,22,0,22,58
01/26/2021,UGN,IL,AGL,CE,Federal Contract Tower,0,3,3,0,6,0,0,0,0,0,0,3,3,0,6,0,0,0,6
01/27/2021,UGN,IL,AGL,CE,Federal Contract Tower,0,4,5,0,9,0,0,69,0,69,0,4,74,0,78,48,0,48,126
01/28/2021,UGN,IL,AGL,CE,Federal Contract Tower,0,8,16,0,24,0,0,105,0,105,0,8,121,0,129,100,0,100,229
01/29/2021,UGN,IL,AGL,CE,Federal Contract Tower,0,9,12,0,21,0,0,74,0,74,0,9,86,0,95,97,0,97,192
01/30/2021,UGN,IL,AGL,CE,Federal Contract Tower,0,4,3,0,7,0,0,13,0,13,0,4,16,0,20,18,0,18,38
01/31/2021,UGN,IL,AGL,CE,Federal Contract Tower,0,3,5,0,8,0,0,0,0,0,0,3,5,0,8,0,0,0,8
02/01/2021,UGN,IL,AGL,CE,Federal Contract Tower,0,3,9,0,12,0,0,33,0,33,0,3,42,0,45,48,0,48,93
02/02/2021,UGN,IL,AGL,CE,Federal Contract Tower,0,10,10,0,20,0,0,59,0,59,0,10,69,0,79,148,0,148,227
02/03/2021,UGN,IL,AGL,CE,Federal Contract Tower,0,4,11,0,15,0,0,116,0,116,0,4,127,0,131,92,0,92,223
02/04/2021,UGN,IL,AGL,CE,Federal Contract Tower,0,0,6,0,6,0,0,2,0,2,0,0,8,0,8,12,0,12,20
02/05/2021,UGN,IL,AGL,CE,Federal Contract Tower,0,8,9,0,17,0,0,2,0,2,0,8,11,0,19,0,0,0,19
02/06/2021,UGN,IL,AGL,CE,Federal Contract Tower,0,5,2,0,7,0,28,0,0,28,0,33,2,0,35,18,0,18,53
02/07/2021,UGN,IL,AGL,CE,Federal Contract Tower,0,7,9,0,16,0,0,26,0,26,0,7,35,0,42,8,0,8,50
02/08/2021,UGN,IL,AGL,CE,Federal Contract Tower,0,5,6,0,11,0,0,22,0,22,0,5,28,0,33,18,0,18,51
02/09/2021,UGN,IL,AGL,CE,Federal Contract Tower,0,2,8,0,10,0,0,51,0,51,0,2,59,0,61,4,0,4,65
02/10/2021,UGN,IL,AGL,CE,Federal Contract Tower,0,11,13,0,24,0,0,27,0,27,0,11,40,0,51,26,0,26,77
02/11/2021,UGN,IL,AGL,CE,Federal Contract Tower,0,10,15,1,26,0,0,93,0,93,0,10,108,1,119,106,0,106,225
02/12/2021,UGN,IL,AGL,CE,Federal Contract Tower,0,6,15,0,21,0,0,40,0,40,0,6,55,0,61,44,0,44,105
02/13/2021,UGN,IL,AGL,CE,Federal Contract Tower,0,15,12,0,27,0,0,0,0,0,0,15,12,0,27,0,0,0,27
02/14/2021,UGN,IL,AGL,CE,Federal Contract Tower,0,11,6,0,17,0,3,0,0,3,0,14,6,0,20,0,0,0,20
02/15/2021,UGN,IL,AGL,CE,Federal Contract Tower,0,22,16,0,38,0,0,1,0,1,0,22,17,0,39,0,0,0,39
02/16/2021,UGN,IL,AGL,CE,Federal Contract Tower,0,11,5,0,16,0,0,0,0,0,0,11,5,0,16,0,0,0,16
02/17/2021,UGN,IL,AGL,CE,Federal Contract Tower,0,9,16,0,25,0,0,97,2,99,0,9,113,2,124,50,2,52,176
02/18/2021,UGN,IL,AGL,CE,Federal Contract Tower,0,4,2,0,6,0,0,61,0,61,0,4,63,0,67,50,0,50,117
02/19/2021,UGN,IL,AGL,CE,Federal Contract Tower,0,3,14,0,17,0,0,74,0,74,0,3,88,0,91,77,0,77,168
02/20/2021,UGN,IL,AGL,CE,Federal Contract Tower,0,4,7,0,11,0,0,124,0,124,0,4,131,0,135,88,0,88,223
02/21/2021,UGN,IL,AGL,CE,Federal Contract Tower,0,5,3,0,8,0,0,41,0,41,0,5,44,0,49,90,0,90,139
02/22/2021,UGN,IL,AGL,CE,Federal Contract Tower,0,2,8,0,10,0,0,26,0,26,0,2,34,0,36,0,0,0,36
02/23/2021,UGN,IL,AGL,CE,Federal Contract Tower,0,5,9,0,14,0,0,96,2,98,0,5,105,2,112,68,2,70,182
02/24/2021,UGN,IL,AGL,CE,Federal Contract Tower,0,4,8,5,17,0,0,49,3,52,0,4,57,8,69,18,0,18,87
02/25/2021,UGN,IL,AGL,CE,Federal Contract Tower,0,6,16,0,22,0,0,127,2,129,0,6,143,2,151,70,0,70,221
02/26/2021,UGN,IL,AGL,CE,Federal Contract Tower,0,6,13,0,19,0,0,90,0,90,0,6,103,0,109,48,0,48,157
02/27/2021,UGN,IL,AGL,CE,Federal Contract Tower,0,4,5,0,9,0,0,168,0,168,0,4,173,0,177,148,0,148,325
02/28/2021,UGN,IL,AGL,CE,Federal Contract Tower,0,18,8,0,26,0,0,0,0,0,0,18,8,0,26,0,0,0,26
03/01/2021,UGN,IL,AGL,CE,Federal Contract Tower,0,6,23,0,29,0,0,103,0,103,0,6,126,0,132,90,0,90,222
03/02/2021,UGN,IL,AGL,CE,Federal Contract Tower,0,6,15,0,21,0,0,49,0,49,0,6,64,0,70,18,0,18,88
03/03/2021,UGN,IL,AGL,CE,Federal Contract Tower,0,5,10,0,15,0,0,125,0,125,0,5,135,0,140,84,0,84,224
03/04/2021,UGN,IL,AGL,CE,Federal Contract Tower,0,6,26,0,32,0,0,96,0,96,0,6,122,0,128,42,0,42,170
03/05/2021,UGN,IL,AGL,CE,Federal Contract Tower,0,5,17,0,22,0,0,120,1,121,0,5,137,1,143,98,0,98,241
03/06/2021,UGN,IL,AGL,CE,Federal Contract Tower,0,8,7,0,15,0,0,147,0,147,0,8,154,0,162,116,0,116,278
03/07/2021,UGN,IL,AGL,CE,Federal Contract Tower,0,1,4,0,5,0,0,116,0,116,0,1,120,0,121,130,0,130,251
03/08/2021,UGN,IL,AGL,CE,Federal Contract Tower,0,5,12,0,17,0,0,65,0,65,0,5,77,0,82,70,0,70,152
03/09/2021,UGN,IL,AGL,CE,Federal Contract Tower,0,3,9,0,12,0,0,86,2,88,0,3,95,2,100,76,0,76,176
03/10/2021,UGN,IL,AGL,CE,Federal Contract Tower,0,7,10,0,17,0,0,2,0,2,0,7,12,0,19,0,0,0,19
03/11/2021,UGN,IL,AGL,CE,Federal Contract Tower,0,13,10,0,23,0,0,2,0,2,0,13,12,0,25,0,0,0,25
03/12/2021,UGN,IL,AGL,CE,Federal Contract Tower,0,2,17,0,19,0,0,168,0,168,0,2,185,0,187,98,0,98,285
03/13/2021,UGN,IL,AGL,CE,Federal Contract Tower,0,11,10,0,21,0,0,122,0,122,0,11,132,0,143,184,0,184,327
03/14/2021,UGN,IL,AGL,CE,Federal Contract Tower,0,5,3,0,8,0,0,34,0,34,0,5,37,0,42,0,0,0,42
03/15/2021,UGN,IL,AGL,CE,Federal Contract Tower,0,2,11,0,13,0,0,0,0,0,0,2,11,0,13,0,0,0,13
03/16/2021,UGN,IL,AGL,CE,Federal Contract Tower,0,10,10,0,20,0,0,0,0,0,0,10,10,0,20,0,0,0,20
03/17/2021,UGN,IL,AGL,CE,Federal Contract Tower,0,11,15,0,26,0,0,0,0,0,0,11,15,0,26,0,0,0,26
03/18/2021,UGN,IL,AGL,CE,Federal Contract Tower,0,24,16,0,40,0,0,0,0,0,0,24,16,0,40,0,0,0,40
03/19/2021,UGN,IL,AGL,CE,Federal Contract Tower,0,12,13,0,25,0,0,124,0,124,0,12,137,0,149,118,0,118,267
03/20/2021,UGN,IL,AGL,CE,Federal Contract Tower,0,7,16,0,23,0,0,121,0,121,0,7,137,0,144,80,0,80,224
03/21/2021,UGN,IL,AGL,CE,Federal Contract Tower,0,7,9,0,16,0,0,59,0,59,0,7,68,0,75,62,0,62,137
03/22/2021,UGN,IL,AGL,CE,Federal Contract Tower,0,6,9,0,15,0,0,49,0,49,0,6,58,0,64,80,0,80,144
03/23/2021,UGN,IL,AGL,CE,Federal Contract Tower,0,2,10,0,12,0,0,31,0,31,0,2,41,0,43,132,0,132,175
03/24/2021,UGN,IL,AGL,CE,Federal Contract Tower,0,3,13,0,16,0,0,10,0,10,0,3,23,0,26,28,0,28,54
03/25/2021,UGN,IL,AGL,CE,Federal Contract Tower,0,11,16,0,27,0,0,27,0,27,0,11,43,0,54,42,0,42,96
03/26/2021,UGN,IL,AGL,CE,Federal Contract Tower,0,9,10,0,19,0,0,20,0,20,0,9,30,0,39,36,0,36,75
03/27/2021,UGN,IL,AGL,CE,Federal Contract Tower,0,20,2,0,22,0,0,26,0,26,0,20,28,0,48,34,0,34,82
03/28/2021,UGN,IL,AGL,CE,Federal Contract Tower,0,3,13,0,16,0,0,27,0,27,0,3,40,0,43,0,0,0,43
03/29/2021,UGN,IL,AGL,CE,Federal Contract Tower,0,9,3,0,12,0,0,18,0,18,0,9,21,0,30,20,0,20,50
03/30/2021,UGN,IL,AGL,CE,Federal Contract Tower,0,7,6,0,13,0,0,12,0,12,0,7,18,0,25,12,0,12,37
03/31/2021,UGN,IL,AGL,CE,Federal Contract Tower,0,9,13,0,22,0,0,111,0,111,0,9,124,0,133,58,0,58,191
04/01/2021,UGN,IL,AGL,CE,Federal Contract Tower,0,4,16,0,20,0,0,59,0,59,0,4,75,0,79,58,0,58,137
04/02/2021,UGN,IL,AGL,CE,Federal Contract Tower,0,6,18,0,24,0,0,123,0,123,0,6,141,0,147,62,0,62,209
04/03/2021,UGN,IL,AGL,CE,Federal Contract Tower,0,15,4,0,19,0,0,87,0,87,0,15,91,0,106,50,0,50,156
04/04/2021,UGN,IL,AGL,CE,Federal Contract Tower,0,8,9,0,17,0,0,89,0,89,0,8,98,0,106,50,0,50,156
04/05/2021,UGN,IL,AGL,CE,Federal Contract Tower,0,5,5,0,10,0,0,122,0,122,0,5,127,0,132,58,0,58,190
04/06/2021,UGN,IL,AGL,CE,Federal Contract Tower,0,8,9,0,17,0,0,96,0,96,0,8,105,0,113,70,0,70,183
04/07/2021,UGN,IL,AGL,CE,Federal Contract Tower,0,13,7,0,20,0,0,63,0,63,0,13,70,0,83,72,0,72,155
04/08/2021,UGN,IL,AGL,CE,Federal Contract Tower,0,9,13,0,22,0,0,2,0,2,0,9,15,0,24,0,0,0,24
04/09/2021,UGN,IL,AGL,CE,Federal Contract Tower,0,6,10,0,16,0,0,88,2,90,0,6,98,2,106,18,0,18,124
04/10/2021,UGN,IL,AGL,CE,Federal Contract Tower,0,1,6,0,7,0,0,34,0,34,0,1,40,0,41,52,0,52,93
04/11/2021,UGN,IL,AGL,CE,Federal Contract Tower,0,2,14,0,16,0,0,78,0,78,0,2,92,0,94,62,0,62,156
04/12/2021,UGN,IL,AGL,CE,Federal Contract Tower,0,9,18,0,27,0,0,70,0,70,0,9,88,0,97,12,0,12,109
04/13/2021,UGN,IL,AGL,CE,Federal Contract Tower,0,16,6,0,22,0,0,63,0,63,0,16,69,0,85,50,0,50,135
04/14/2021,UGN,IL,AGL,CE,Federal Contract Tower,0,8,5,0,13,0,0,88,0,88,0,8,93,0,101,56,0,56,157
04/15/2021,UGN,IL,AGL,CE,Federal Contract Tower,0,7,14,0,21,0,2,65,0,67,0,9,79,0,88,42,0,42,130
04/16/2021,UGN,IL,AGL,CE,Federal Contract Tower,0,8,18,0,26,0,0,132,0,132,0,8,150,0,158,89,0,89,247
04/17/2021,UGN,IL,AGL,CE,Federal Contract Tower,0,4,3,0,7,0,0,127,0,127,0,4,130,0,134,158,0,158,292
04/18/2021,UGN,IL,AGL,CE,Federal Contract Tower,0,7,7,0,14,0,0,143,0,143,0,7,150,0,157,98,0,98,255
04/19/2021,UGN,IL,AGL,CE,Federal Contract Tower,0,8,6,0,14,0,0,56,0,56,0,8,62,0,70,38,0,38,108
04/20/2021,UGN,IL,AGL,CE,Federal Contract Tower,0,3,3,0,6,0,0,77,0,77,0,3,80,0,83,56,0,56,139
04/21/2021,UGN,IL,AGL,CE,Federal Contract Tower,0,6,3,0,9,0,0,33,0,33,0,6,36,0,42,48,0,48,90
04/22/2021,UGN,IL,AGL,CE,Federal Contract Tower,0,4,23,0,27,0,0,103,0,103,0,4,126,0,130,46,0,46,176
04/23/2021,UGN,IL,AGL,CE,Federal Contract Tower,0,10,17,0,27,0,0,101,0,101,0,10,118,0,128,92,0,92,220
04/24/2021,UGN,IL,AGL,CE,Federal Contract Tower,0,0,6,0,6,0,0,147,0,147,0,0,153,0,153,66,0,66,219
04/25/2021,UGN,IL,AGL,CE,Federal Contract Tower,0,12,13,0,25,0,0,91,0,91,0,12,104,0,116,84,0,84,200
04/26/2021,UGN,IL,AGL,CE,Federal Contract Tower,0,4,12,0,16,0,0,52,0,52,0,4,64,0,68,4,0,4,72
04/27/2021,UGN,IL,AGL,CE,Federal Contract Tower,0,2,13,0,15,0,0,94,0,94,0,2,107,0,109,52,0,52,161
04/28/2021,UGN,IL,AGL,CE,Federal Contract Tower,0,7,18,0,25,0,0,20,0,20,0,7,38,0,45,28,0,28,73
04/29/2021,UGN,IL,AGL,CE,Federal Contract Tower,0,7,16,0,23,0,0,72,0,72,0,7,88,0,95,96,0,96,191
04/30/2021,UGN,IL,AGL,CE,Federal Contract Tower,0,12,21,0,33,0,0,118,0,118,0,12,139,0,151,40,0,40,191
05/01/2021,UGN,IL,AGL,CE,Federal Contract Tower,0,9,7,0,16,0,0,5,0,5,0,9,12,0,21,2,0,2,23
05/02/2021,UGN,IL,AGL,CE,Federal Contract Tower,0,17,9,0,26,0,0,49,0,49,0,17,58,0,75,12,0,12,87
05/03/2021,UGN,IL,AGL,CE,Federal Contract Tower,0,4,19,0,23,0,0,46,0,46,0,4,65,0,69,144,0,144,213
05/04/2021,UGN,IL,AGL,CE,Federal Contract Tower,0,10,26,0,36,0,0,51,0,51,0,10,77,0,87,78,0,78,165
05/05/2021,UGN,IL,AGL,CE,Federal Contract Tower,0,6,13,0,19,0,0,74,0,74,0,6,87,0,93,64,0,64,157
05/06/2021,UGN,IL,AGL,CE,Federal Contract Tower,0,6,15,2,23,0,0,30,0,30,0,6,45,2,53,32,2,34,87
05/07/2021,UGN,IL,AGL,CE,Federal Contract Tower,0,7,12,0,19,0,0,136,0,136,0,7,148,0,155,52,0,52,207
05/08/2021,UGN,IL,AGL,CE,Federal Contract Tower,0,6,11,0,17,0,0,162,0,162,0,6,173,0,179,134,0,134,313
05/09/2021,UGN,IL,AGL,CE,Federal Contract Tower,0,6,1,0,7,0,0,37,0,37,0,6,38,0,44,38,0,38,82
05/10/2021,UGN,IL,AGL,CE,Federal Contract Tower,0,5,6,0,11,0,0,90,2,92,0,5,96,2,103,100,0,100,203
05/11/2021,UGN,IL,AGL,CE,Federal Contract Tower,0,14,18,0,32,0,0,106,0,106,0,14,124,0,138,146,0,146,284
05/12/2021,UGN,IL,AGL,CE,Federal Contract Tower,0,10,18,0,28,0,0,146,0,146,0,10,164,0,174,108,0,108,282
05/13/2021,UGN,IL,AGL,CE,Federal Contract Tower,0,6,10,0,16,0,0,139,0,139,0,6,149,0,155,52,0,52,207
05/14/2021,UGN,IL,AGL,CE,Federal Contract Tower,0,6,19,0,25,0,0,102,0,102,0,6,121,0,127,66,0,66,193
05/15/2021,UGN,IL,AGL,CE,Federal Contract Tower,0,13,20,0,33,0,0,38,0,38,0,13,58,0,71,40,0,40,111
05/16/2021,UGN,IL,AGL,CE,Federal Contract Tower,0,14,19,0,33,0,0,100,0,100,0,14,119,0,133,44,0,44,177
05/17/2021,UGN,IL,AGL,CE,Federal Contract Tower,0,13,18,2,33,0,0,92,0,92,0,13,110,2,125,50,0,50,175
05/18/2021,UGN,IL,AGL,CE,Federal Contract Tower,0,4,8,0,12,0,0,76,0,76,0,4,84,0,88,38,0,38,126
05/19/2021,UGN,IL,AGL,CE,Federal Contract Tower,0,6,12,0,18,0,0,74,0,74,0,6,86,0,92,54,0,54,146
05/20/2021,UGN,IL,AGL,CE,Federal Contract Tower,0,18,15,0,33,0,0,97,0,97,0,18,112,0,130,94,0,94,224
05/21/2021,UGN,IL,AGL,CE,Federal Contract Tower,0,14,15,0,29,0,0,112,0,112,0,14,127,0,141,48,0,48,189
05/22/2021,UGN,IL,AGL,CE,Federal Contract Tower,0,7,9,0,16,0,0,106,0,106,0,7,115,0,122,104,0,104,226
05/23/2021,UGN,IL,AGL,CE,Federal Contract Tower,0,15,16,0,31,0,0,23,0,23,0,15,39,0,54,2,0,2,56
05/24/2021,UGN,IL,AGL,CE,Federal Contract Tower,0,8,13,0,21,0,0,83,0,83,0,8,96,0,104,120,0,120,224
05/25/2021,UGN,IL,AGL,CE,Federal Contract Tower,0,16,15,0,31,0,0,40,0,40,0,16,55,0,71,68,0,68,139
05/26/2021,UGN,IL,AGL,CE,Federal Contract Tower,0,12,27,0,39,0,0,92,0,92,0,12,119,0,131,118,0,118,249
05/27/2021,UGN,IL,AGL,CE,Federal Contract Tower,0,14,20,0,34,0,0,46,0,46,0,14,66,0,80,0,0,0,80
05/28/2021,UGN,IL,AGL,CE,Federal Contract Tower,0,27,19,0,46,0,0,0,0,0,0,27,19,0,46,0,0,0,46
05/29/2021,UGN,IL,AGL,CE,Federal Contract Tower,0,17,13,0,30,0,0,80,0,80,0,17,93,0,110,108,0,108,218
05/30/2021,UGN,IL,AGL,CE,Federal Contract Tower,0,15,18,0,33,0,0,164,0,164,0,15,182,0,197,72,0,72,269
05/31/2021,UGN,IL,AGL,CE,Federal Contract Tower,0,15,17,0,32,0,0,78,3,81,0,15,95,3,113,78,0,78,191
06/01/2021,UGN,IL,AGL,CE,Federal Contract Tower,0,14,17,0,31,0,0,91,0,91,0,14,108,0,122,106,0,106,228
06/02/2021,UGN,IL,AGL,CE,Federal Contract Tower,0,13,14,0,27,0,0,97,0,97,0,13,111,0,124,106,0,106,230
06/03/2021,UGN,IL,AGL,CE,Federal Contract Tower,0,6,13,0,19,0,0,114,0,114,0,6,127,0,133,132,0,132,265
06/04/2021,UGN,IL,AGL,CE,Federal Contract Tower,0,13,10,0,23,0,0,69,0,69,0,13,79,0,92,42,0,42,134
06/05/2021,UGN,IL,AGL,CE,Federal Contract Tower,0,9,3,0,12,0,0,51,0,51,0,9,54,0,63,56,0,56,119
06/06/2021,UGN,IL,AGL,CE,Federal Contract Tower,0,8,17,0,25,0,0,112,0,112,0,8,129,0,137,26,0,26,163
06/07/2021,UGN,IL,AGL,CE,Federal Contract Tower,0,4,33,0,37,0,0,40,2,42,0,4,73,2,79,106,0,106,185
06/08/2021,UGN,IL,AGL,CE,Federal Contract Tower,0,5,9,0,14,0,0,117,4,121,0,5,126,4,135,76,0,76,211
06/09/2021,UGN,IL,AGL,CE,Federal Contract Tower,0,13,21,0,34,0,0,125,1,126,0,13,146,1,160,104,20,124,284
06/10/2021,UGN,IL,AGL,CE,Federal Contract Tower,0,11,20,0,31,0,0,112,6,118,0,11,132,6,149,84,12,96,245
06/11/2021,UGN,IL,AGL,CE,Federal Contract Tower,0,7,23,0,30,0,0,0,0,0,0,7,23,0,30,20,0,20,50
06/12/2021,UGN,IL,AGL,CE,Federal Contract Tower,0,9,11,0,20,0,0,62,0,62,0,9,73,0,82,40,0,40,122
06/13/2021,UGN,IL,AGL,CE,Federal Contract Tower,0,4,10,0,14,0,0,88,1,89,0,4,98,1,103,70,0,70,173
06/14/2021,UGN,IL,AGL,CE,Federal Contract Tower,0,11,30,0,41,0,0,92,2,94,0,11,122,2,135,92,0,92,227
06/15/2021,UGN,IL,AGL,CE,Federal Contract Tower,0,8,25,0,33,0,0,118,3,121,0,8,143,3,154,172,0,172,326
06/16/2021,UGN,IL,AGL,CE,Federal Contract Tower,0,14,19,0,33,0,0,114,1,115,0,14,133,1,148,138,0,138,286
06/17/2021,UGN,IL,AGL,CE,Federal Contract Tower,0,7,23,0,30,0,0,76,1,77,0,7,99,1,107,78,0,78,185
06/18/2021,UGN,IL,AGL,CE,Federal Contract Tower,0,7,16,0,23,0,0,99,0,99,0,7,115,0,122,104,0,104,226
06/19/2021,UGN,IL,AGL,CE,Federal Contract Tower,0,7,14,0,21,0,0,102,0,102,0,7,116,0,123,72,0,72,195
06/20/2021,UGN,IL,AGL,CE,Federal Contract Tower,0,6,8,0,14,0,0,63,0,63,0,6,71,0,77,66,0,66,143
06/21/2021,UGN,IL,AGL,CE,Federal Contract Tower,0,8,16,0,24,0,0,44,2,46,0,8,60,2,70,26,0,26,96
06/22/2021,UGN,IL,AGL,CE,Federal Contract Tower,0,9,16,0,25,0,0,139,2,141,0,9,155,2,166,124,0,124,290
06/23/2021,UGN,IL,AGL,CE,Federal Contract Tower,0,18,16,1,35,0,0,42,0,42,0,18,58,1,77,16,0,16,93
06/24/2021,UGN,IL,AGL,CE,Federal Contract Tower,0,13,16,2,31,0,0,55,0,55,0,13,71,2,86,8,0,8,94
06/25/2021,UGN,IL,AGL,CE,Federal Contract Tower,0,12,33,0,45,0,0,3,0,3,0,12,36,0,48,0,0,0,48
06/26/2021,UGN,IL,AGL,CE,Federal Contract Tower,0,10,11,0,21,0,0,56,0,56,0,10,67,0,77,32,0,32,109
06/27/2021,UGN,IL,AGL,CE,Federal Contract Tower,0,22,28,0,50,0,0,77,0,77,0,22,105,0,127,64,0,64,191
06/28/2021,UGN,IL,AGL,CE,Federal Contract Tower,0,8,27,0,35,0,0,47,0,47,0,8,74,0,82,66,0,66,148
06/29/2021,UGN,IL,AGL,CE,Federal Contract Tower,0,8,15,0,23,0,0,68,0,68,0,8,83,0,91,20,0,20,111
06/30/2021,UGN,IL,AGL,CE,Federal Contract Tower,0,6,19,0,25,0,0,103,0,103,0,6,122,0,128,54,0,54,182
07/01/2021,UGN,IL,AGL,CE,Federal Contract Tower,0,8,24,0,32,0,0,112,0,112,0,8,136,0,144,50,0,50,194
07/02/2021,UGN,IL,AGL,CE,Federal Contract Tower,0,6,24,0,30,0,0,161,2,163,0,6,185,2,193,98,0,98,291
07/03/2021,UGN,IL,AGL,CE,Federal Contract Tower,0,3,9,0,12,0,0,126,0,126,0,3,135,0,138,64,0,64,202
07/04/2021,UGN,IL,AGL,CE,Federal Contract Tower,0,0,3,0,3,0,0,72,0,72,0,0,75,0,75,36,0,36,111
07/05/2021,UGN,IL,AGL,CE,Federal Contract Tower,0,8,26,0,34,0,0,57,0,57,0,8,83,0,91,36,0,36,127
07/06/2021,UGN,IL,AGL,CE,Federal Contract Tower,0,9,16,0,25,0,0,106,1,107,0,9,122,1,132,54,0,54,186
07/07/2021,UGN,IL,AGL,CE,Federal Contract Tower,0,15,15,0,30,0,0,12,0,12,0,15,27,0,42,0,0,0,42
07/08/2021,UGN,IL,AGL,CE,Federal Contract Tower,0,10,27,0,37,0,0,79,3,82,0,10,106,3,119,70,0,70,189
07/09/2021,UGN,IL,AGL,CE,Federal Contract Tower,0,10,18,0,28,0,0,161,1,162,0,10,179,1,190,100,6,106,296
07/10/2021,UGN,IL,AGL,CE,Federal Contract Tower,0,14,11,0,25,0,0,154,0,154,0,14,165,0,179,62,0,62,241
07/11/2021,UGN,IL,AGL,CE,Federal Contract Tower,0,9,18,2,29,0,0,93,2,95,0,9,111,4,124,48,0,48,172
07/12/2021,UGN,IL,AGL,CE,Federal Contract Tower,0,11,26,3,40,0,0,1,0,1,0,11,27,3,41,0,0,0,41
07/13/2021,UGN,IL,AGL,CE,Federal Contract Tower,0,8,21,0,29,0,0,45,0,45,0,8,66,0,74,40,0,40,114
07/14/2021,UGN,IL,AGL,CE,Federal Contract Tower,0,16,12,0,28,0,0,137,1,138,0,16,149,1,166,40,0,40,206
07/15/2021,UGN,IL,AGL,CE,Federal Contract Tower,0,8,25,0,33,0,0,90,0,90,0,8,115,0,123,114,0,114,237
07/16/2021,UGN,IL,AGL,CE,Federal Contract Tower,0,9,22,0,31,0,0,96,0,96,0,9,118,0,127,18,0,18,145
07/17/2021,UGN,IL,AGL,CE,Federal Contract Tower,0,15,10,0,25,0,0,171,2,173,0,15,181,2,198,58,0,58,256
07/18/2021,UGN,IL,AGL,CE,Federal Contract Tower,0,7,11,0,18,0,0,132,0,132,0,7,143,0,150,68,0,68,218
07/19/2021,UGN,IL,AGL,CE,Federal Contract Tower,0,12,22,0,34,0,0,120,2,122,0,12,142,2,156,60,0,60,216
07/20/2021,UGN,IL,AGL,CE,Federal Contract Tower,0,7,24,0,31,0,0,101,1,102,0,7,125,1,133,68,0,68,201
07/21/2021,UGN,IL,AGL,CE,Federal Contract Tower,0,10,33,0,43,0,0,139,1,140,0,10,172,1,183,84,2,86,269
07/22/2021,UGN,IL,AGL,CE,Federal Contract Tower,0,21,26,0,47,0,0,152,1,153,0,21,178,1,200,120,4,124,324
07/23/2021,UGN,IL,AGL,CE,Federal Contract Tower,0,15,25,1,41,0,0,111,2,113,0,15,136,3,154,42,0,42,196
07/24/2021,UGN,IL,AGL,CE,Federal Contract Tower,0,6,17,0,23,0,0,46,1,47,0,6,63,1,70,28,0,28,98
07/25/2021,UGN,IL,AGL,CE,Federal Contract Tower,0,14,17,2,33,0,0,136,2,138,0,14,153,4,171,64,0,64,235
07/26/2021,UGN,IL,AGL,CE,Federal Contract Tower,0,14,14,0,28,0,0,84,2,86,0,14,98,2,114,48,0,48,162
07/27/2021,UGN,IL,AGL,CE,Federal Contract Tower,0,10,22,0,32,0,0,83,3,86,0,10,105,3,118,116,0,116,234
07/28/2021,UGN,IL,AGL,CE,Federal Contract Tower,0,19,12,0,31,0,0,130,0,130,0,19,142,0,161,102,0,102,263
07/29/2021,UGN,IL,AGL,CE,Federal Contract Tower,0,10,13,0,23,0,0,64,2,66,0,10,77,2,89,30,0,30,119
07/30/2021,UGN,IL,AGL,CE,Federal Contract Tower,0,11,13,0,24,0,0,121,0,121,0,11,134,0,145,82,0,82,227
07/31/2021,UGN,IL,AGL,CE,Federal Contract Tower,0,5,8,0,13,0,0,84,0,84,0,5,92,0,97,22,0,22,119
08/01/2021,UGN,IL,AGL,CE,Federal Contract Tower,0,12,13,0,25,0,0,103,4,107,0,12,116,4,132,50,0,50,182
08/02/2021,UGN,IL,AGL,CE,Federal Contract Tower,0,11,19,0,30,0,0,125,1,126,0,11,144,1,156,62,0,62,218
08/03/2021,UGN,IL,AGL,CE,Federal Contract Tower,0,10,23,0,33,0,0,152,0,152,0,10,175,0,185,16,0,16,201
08/04/2021,UGN,IL,AGL,CE,Federal Contract Tower,0,10,22,0,32,0,0,123,2,125,0,10,145,2,157,68,0,68,225
08/05/2021,UGN,IL,AGL,CE,Federal Contract Tower,0,16,18,0,34,0,0,155,0,155,0,16,173,0,189,108,0,108,297
08/06/2021,UGN,IL,AGL,CE,Federal Contract Tower,0,10,22,0,32,0,0,116,1,117,0,10,138,1,149,96,0,96,245
08/07/2021,UGN,IL,AGL,CE,Federal Contract Tower,0,6,10,0,16,0,0,112,0,112,0,6,122,0,128,50,0,50,178
08/08/2021,UGN,IL,AGL,CE,Federal Contract Tower,0,9,19,0,28,0,0,95,2,97,0,9,114,2,125,68,0,68,193
08/09/2021,UGN,IL,AGL,CE,Federal Contract Tower,0,11,12,0,23,0,2,2,0,4,0,13,14,0,27,0,0,0,27
08/10/2021,UGN,IL,AGL,CE,Federal Contract Tower,0,9,19,0,28,0,0,93,0,93,0,9,112,0,121,46,0,46,167
08/11/2021,UGN,IL,AGL,CE,Federal Contract Tower,0,19,8,0,27,0,1,49,0,50,0,20,57,0,77,36,0,36,113
08/12/2021,UGN,IL,AGL,CE,Federal Contract Tower,0,10,11,0,21,0,0,94,0,94,0,10,105,0,115,92,0,92,207
08/13/2021,UGN,IL,AGL,CE,Federal Contract Tower,0,7,19,0,26,0,0,168,2,170,0,7,187,2,196,102,0,102,298
08/14/2021,UGN,IL,AGL,CE,Federal Contract Tower,0,6,8,0,14,0,0,174,1,175,0,6,182,1,189,58,0,58,247
08/15/2021,UGN,IL,AGL,CE,Federal Contract Tower,0,10,14,0,24,0,0,147,2,149,0,10,161,2,173,92,0,92,265
08/16/2021,UGN,IL,AGL,CE,Federal Contract Tower,0,5,16,0,21,0,0,89,1,90,0,5,105,1,111,81,0,81,192
08/17/2021,UGN,IL,AGL,CE,Federal Contract Tower,0,12,15,0,27,0,0,129,0,129,0,12,144,0,156,104,0,104,260
08/18/2021,UGN,IL,AGL,CE,Federal Contract Tower,0,13,14,1,28,0,0,121,5,126,0,13,135,6,154,74,0,74,228
08/19/2021,UGN,IL,AGL,CE,Federal Contract Tower,0,7,25,0,32,0,0,117,6,123,0,7,142,6,155,106,0,106,261
08/20/2021,UGN,IL,AGL,CE,Federal Contract Tower,0,13,18,0,31,0,0,88,0,88,0,13,106,0,119,132,0,132,251
08/21/2021,UGN,IL,AGL,CE,Federal Contract Tower,0,29,24,0,53,0,0,86,0,86,0,29,110,0,139,10,0,10,149
08/22/2021,UGN,IL,AGL,CE,Federal Contract Tower,0,8,22,0,30,0,0,116,0,116,0,8,138,0,146,60,0,60,206
08/23/2021,UGN,IL,AGL,CE,Federal Contract Tower,0,7,28,0,35,0,0,116,6,122,0,7,144,6,157,54,12,66,223
08/24/2021,UGN,IL,AGL,CE,Federal Contract Tower,0,3,17,0,20,0,0,2,0,2,0,3,19,0,22,60,0,60,82
08/25/2021,UGN,IL,AGL,CE,Federal Contract Tower,0,6,25,0,31,0,0,81,2,83,0,6,106,2,114,48,0,48,162
08/26/2021,UGN,IL,AGL,CE,Federal Contract Tower,0,8,11,2,21,0,0,100,0,100,0,8,111,2,121,48,0,48,169
08/28/2021,UGN,IL,AGL,CE,Federal Contract Tower,0,7,11,0,18,0,0,83,0,83,0,7,94,0,101,56,0,56,157
08/29/2021,UGN,IL,AGL,CE,Federal Contract Tower,0,5,9,0,14,0,0,41,2,43,0,5,50,2,57,44,0,44,101
08/30/2021,UGN,IL,AGL,CE,Federal Contract Tower,0,10,16,0,26,0,0,72,0,72,0,10,88,0,98,64,0,64,162
08/31/2021,UGN,IL,AGL,CE,Federal Contract Tower,0,14,20,0,34,0,0,90,0,90,0,14,110,0,124,92,0,92,216
09/01/2021,UGN,IL,AGL,CE,Federal Contract Tower,0,12,11,0,23,0,0,86,1,87,0,12,97,1,110,66,0,66,176
09/02/2021,UGN,IL,AGL,CE,Federal Contract Tower,0,12,17,0,29,0,0,102,0,102,0,12,119,0,131,36,0,36,167
09/03/2021,UGN,IL,AGL,CE,Federal Contract Tower,0,4,20,0,24,0,0,56,0,56,0,4,76,0,80,74,0,74,154
09/04/2021,UGN,IL,AGL,CE,Federal Contract Tower,0,5,8,0,13,0,0,34,3,37,0,5,42,3,50,84,20,104,154
09/05/2021,UGN,IL,AGL,CE,Federal Contract Tower,0,1,6,0,7,0,0,52,2,54,0,1,58,2,61,38,0,38,99
09/06/2021,UGN,IL,AGL,CE,Federal Contract Tower,0,11,10,1,22,0,0,113,0,113,0,11,123,1,135,30,0,30,165
09/07/2021,UGN,IL,AGL,CE,Federal Contract Tower,0,15,11,0,26,0,0,25,0,25,0,15,36,0,51,30,0,30,81
09/08/2021,UGN,IL,AGL,CE,Federal Contract Tower,0,12,21,0,33,0,0,58,0,58,0,12,79,0,91,44,0,44,135
09/09/2021,UGN,IL,AGL,CE,Federal Contract Tower,0,5,10,2,17,0,0,128,0,128,0,5,138,2,145,120,0,120,265
09/10/2021,UGN,IL,AGL,CE,Federal Contract Tower,0,9,16,2,27,0,0,94,2,96,0,9,110,4,123,0,102,102,225
09/11/2021,UGN,IL,AGL,CE,Federal Contract Tower,0,3,11,0,14,0,0,80,0,80,0,3,91,0,94,0,0,0,94
09/12/2021,UGN,IL,AGL,CE,Federal Contract Tower,0,9,26,0,35,0,0,65,0,65,0,9,91,0,100,90,0,90,190
09/13/2021,UGN,IL,AGL,CE,Federal Contract Tower,0,9,35,2,46,0,0,22,0,22,0,9,57,2,68,6,0,6,74
09/14/2021,UGN,IL,AGL,CE,Federal Contract Tower,0,10,17,0,27,0,0,76,2,78,0,10,93,2,105,44,4,48,153
09/15/2021,UGN,IL,AGL,CE,Federal Contract Tower,0,7,17,0,24,0,0,97,0,97,0,7,114,0,121,92,0,92,213
09/16/2021,UGN,IL,AGL,CE,Federal Contract Tower,0,10,18,0,28,0,0,120,0,120,0,10,138,0,148,54,0,54,202
09/17/2021,UGN,IL,AGL,CE,Federal Contract Tower,0,5,18,0,23,0,0,103,0,103,0,5,121,0,126,74,0,74,200
09/18/2021,UGN,IL,AGL,CE,Federal Contract Tower,0,8,5,0,13,0,0,122,0,122,0,8,127,0,135,122,0,122,257
09/19/2021,UGN,IL,AGL,CE,Federal Contract Tower,0,8,10,0,18,0,0,146,0,146,0,8,156,0,164,78,0,78,242
09/20/2021,UGN,IL,AGL,CE,Federal Contract Tower,0,14,22,2,38,0,0,7,0,7,0,14,29,2,45,28,8,36,81
09/21/2021,UGN,IL,AGL,CE,Federal Contract Tower,0,17,25,0,42,0,0,44,18,62,0,17,69,18,104,8,0,8,112
09/22/2021,UGN,IL,AGL,CE,Federal Contract Tower,0,12,10,0,22,0,0,16,0,16,0,12,26,0,38,16,0,16,54
09/23/2021,UGN,IL,AGL,CE,Federal Contract Tower,0,6,13,0,19,0,0,69,0,69,0,6,82,0,88,28,0,28,116
09/24/2021,UGN,IL,AGL,CE,Federal Contract Tower,0,13,18,0,31,0,0,71,0,71,0,13,89,0,102,22,0,22,124
09/25/2021,UGN,IL,AGL,CE,Federal Contract Tower,0,3,12,0,15,0,0,142,0,142,0,3,154,0,157,56,0,56,213
09/26/2021,UGN,IL,AGL,CE,Federal Contract Tower,0,10,9,0,19,0,0,82,0,82,0,10,91,0,101,28,0,28,129
09/27/2021,UGN,IL,AGL,CE,Federal Contract Tower,0,9,22,0,31,0,0,56,0,56,0,9,78,0,87,88,0,88,175
09/28/2021,UGN,IL,AGL,CE,Federal Contract Tower,0,10,19,0,29,0,0,74,0,74,0,10,93,0,103,90,0,90,193
09/29/2021,UGN,IL,AGL,CE,Federal Contract Tower,0,10,13,0,23,0,0,131,0,131,0,10,144,0,154,68,0,68,222
09/30/2021,UGN,IL,AGL,CE,Federal Contract Tower,0,13,22,2,37,0,0,125,0,125,0,13,147,2,162,54,0,54,216
10/01/2021,UGN,IL,AGL,CE,Federal Contract Tower,0,11,18,0,29,0,0,120,2,122,0,11,138,2,151,48,2,50,201
10/02/2021,UGN,IL,AGL,CE,Federal Contract Tower,0,1,17,0,18,0,0,83,2,85,0,1,100,2,103,14,0,14,117
10/03/2021,UGN,IL,AGL,CE,Federal Contract Tower,0,9,16,0,25,0,0,24,0,24,0,9,40,0,49,14,0,14,63
10/04/2021,UGN,IL,AGL,CE,Federal Contract Tower,0,4,22,0,26,0,0,20,0,20,0,4,42,0,46,2,0,2,48
10/05/2021,UGN,IL,AGL,CE,Federal Contract Tower,0,8,38,2,48,0,0,32,0,32,0,8,70,2,80,20,0,20,100
10/06/2021,UGN,IL,AGL,CE,Federal Contract Tower,0,10,29,0,39,0,0,0,0,0,0,10,29,0,39,0,0,0,39
10/07/2021,UGN,IL,AGL,CE,Federal Contract Tower,0,32,24,0,56,0,0,0,0,0,0,32,24,0,56,0,0,0,56
10/08/2021,UGN,IL,AGL,CE,Federal Contract Tower,0,17,17,0,34,0,0,25,0,25,0,17,42,0,59,26,0,26,85
10/09/2021,UGN,IL,AGL,CE,Federal Contract Tower,0,9,15,0,24,0,0,96,0,96,0,9,111,0,120,48,0,48,168
10/10/2021,UGN,IL,AGL,CE,Federal Contract Tower,0,10,11,0,21,0,0,22,0,22,0,10,33,0,43,32,0,32,75
10/11/2021,UGN,IL,AGL,CE,Federal Contract Tower,0,17,25,0,42,0,0,26,0,26,0,17,51,0,68,62,0,62,130
10/12/2021,UGN,IL,AGL,CE,Federal Contract Tower,0,13,17,0,30,0,0,2,0,2,0,13,19,0,32,0,0,0,32
10/13/2021,UGN,IL,AGL,CE,Federal Contract Tower,0,12,23,0,35,0,0,60,0,60,0,12,83,0,95,94,0,94,189
10/14/2021,UGN,IL,AGL,CE,Federal Contract Tower,0,13,22,0,35,0,0,138,0,138,0,13,160,0,173,116,0,116,289
10/15/2021,UGN,IL,AGL,CE,Federal Contract Tower,0,9,29,0,38,0,0,80,0,80,0,9,109,0,118,38,0,38,156
10/16/2021,UGN,IL,AGL,CE,Federal Contract Tower,0,8,10,0,18,0,0,80,0,80,0,8,90,0,98,38,0,38,136
10/17/2021,UGN,IL,AGL,CE,Federal Contract Tower,0,10,12,0,22,0,0,153,0,153,0,10,165,0,175,90,0,90,265
10/18/2021,UGN,IL,AGL,CE,Federal Contract Tower,0,5,15,0,20,0,0,116,0,116,0,5,131,0,136,50,0,50,186
10/19/2021,UGN,IL,AGL,CE,Federal Contract Tower,0,8,26,0,34,0,0,111,2,113,0,8,137,2,147,68,0,68,215
10/20/2021,UGN,IL,AGL,CE,Federal Contract Tower,0,5,12,0,17,0,0,118,0,118,0,5,130,0,135,116,0,116,251
10/21/2021,UGN,IL,AGL,CE,Federal Contract Tower,0,18,18,0,36,0,0,23,0,23,0,18,41,0,59,14,0,14,73
10/22/2021,UGN,IL,AGL,CE,Federal Contract Tower,0,9,17,0,26,0,0,128,0,128,0,9,145,0,154,98,0,98,252
10/23/2021,UGN,IL,AGL,CE,Federal Contract Tower,0,14,11,0,25,0,0,133,0,133,0,14,144,0,158,148,0,148,306
10/24/2021,UGN,IL,AGL,CE,Federal Contract Tower,0,12,11,0,23,0,0,65,0,65,0,12,76,0,88,14,0,14,102
10/25/2021,UGN,IL,AGL,CE,Federal Contract Tower,0,21,15,0,36,0,0,0,0,0,0,21,15,0,36,0,0,0,36
10/26/2021,UGN,IL,AGL,CE,Federal Contract Tower,0,7,20,0,27,0,0,84,0,84,0,7,104,0,111,101,0,101,212
10/27/2021,UGN,IL,AGL,CE,Federal Contract Tower,0,6,14,0,20,0,0,100,0,100,0,6,114,0,120,50,0,50,170
10/28/2021,UGN,IL,AGL,CE,Federal Contract Tower,0,13,19,0,32,0,0,9,0,9,0,13,28,0,41,0,0,0,41
10/29/2021,UGN,IL,AGL,CE,Federal Contract Tower,0,15,21,0,36,0,0,0,0,0,0,15,21,0,36,0,0,0,36
10/30/2021,UGN,IL,AGL,CE,Federal Contract Tower,0,2,11,0,13,0,0,70,0,70,0,2,81,0,83,38,0,38,121
10/31/2021,UGN,IL,AGL,CE,Federal Contract Tower,0,5,10,0,15,0,0,61,0,61,0,5,71,0,76,34,0,34,110
11/01/2021,UGN,IL,AGL,CE,Federal Contract Tower,0,9,19,0,28,0,0,93,0,93,0,9,112,0,121,62,0,62,183
11/02/2021,UGN,IL,AGL,CE,Federal Contract Tower,0,6,19,0,25,0,0,117,0,117,0,6,136,0,142,24,0,24,166
11/03/2021,UGN,IL,AGL,CE,Federal Contract Tower,0,17,9,0,26,0,0,145,0,145,0,17,154,0,171,42,0,42,213
11/04/2021,UGN,IL,AGL,CE,Federal Contract Tower,0,8,14,0,22,0,0,125,0,125,0,8,139,0,147,54,0,54,201
11/05/2021,UGN,IL,AGL,CE,Federal Contract Tower,0,7,16,0,23,0,0,87,0,87,0,7,103,0,110,34,0,34,144
11/06/2021,UGN,IL,AGL,CE,Federal Contract Tower,0,9,10,0,19,0,0,125,0,125,0,9,135,0,144,30,0,30,174
11/07/2021,UGN,IL,AGL,CE,Federal Contract Tower,0,5,24,0,29,0,0,114,0,114,0,5,138,0,143,48,0,48,191
11/08/2021,UGN,IL,AGL,CE,Federal Contract Tower,0,10,18,0,28,0,0,114,0,114,0,10,132,0,142,48,0,48,190
11/09/2021,UGN,IL,AGL,CE,Federal Contract Tower,0,7,19,0,26,0,0,118,0,118,0,7,137,0,144,38,0,38,182
11/10/2021,UGN,IL,AGL,CE,Federal Contract Tower,0,8,20,0,28,0,0,97,0,97,0,8,117,0,125,34,0,34,159
11/11/2021,UGN,IL,AGL,CE,Federal Contract Tower,0,17,18,0,35,0,0,0,2,2,0,17,18,2,37,0,0,0,37
11/12/2021,UGN,IL,AGL,CE,Federal Contract Tower,0,10,6,0,16,0,0,10,0,10,0,10,16,0,26,0,0,0,26
11/13/2021,UGN,IL,AGL,CE,Federal Contract Tower,0,9,1,0,10,0,0,91,0,91,0,9,92,0,101,30,0,30,131
11/14/2021,UGN,IL,AGL,CE,Federal Contract Tower,0,7,21,0,28,0,0,2,0,2,0,7,23,0,30,0,0,0,30
11/15/2021,UGN,IL,AGL,CE,Federal Contract Tower,0,16,17,0,33,0,0,100,0,100,0,16,117,0,133,44,0,44,177
11/16/2021,UGN,IL,AGL,CE,Federal Contract Tower,0,3,22,0,25,0,0,63,0,63,0,3,85,0,88,18,0,18,106
11/17/2021,UGN,IL,AGL,CE,Federal Contract Tower,0,15,37,0,52,0,0,8,0,8,0,15,45,0,60,12,0,12,72
11/18/2021,UGN,IL,AGL,CE,Federal Contract Tower,0,9,11,0,20,0,0,17,0,17,0,9,28,0,37,6,0,6,43
11/19/2021,UGN,IL,AGL,CE,Federal Contract Tower,0,9,14,0,23,0,0,160,0,160,0,9,174,0,183,52,0,52,235
11/20/2021,UGN,IL,AGL,CE,Federal Contract Tower,0,14,13,0,27,0,0,133,0,133,0,14,146,0,160,98,0,98,258
11/21/2021,UGN,IL,AGL,CE,Federal Contract Tower,0,16,19,0,35,0,0,66,0,66,0,16,85,0,101,18,0,18,119
11/22/2021,UGN,IL,AGL,CE,Federal Contract Tower,0,4,19,1,24,0,0,102,0,102,0,4,121,1,126,72,0,72,198
11/23/2021,UGN,IL,AGL,CE,Federal Contract Tower,0,17,14,0,31,0,0,101,0,101,0,17,115,0,132,80,0,80,212
11/24/2021,UGN,IL,AGL,CE,Federal Contract Tower,0,11,3,1,15,0,0,22,0,22,0,11,25,1,37,2,0,2,39
11/25/2021,UGN,IL,AGL,CE,Federal Contract Tower,0,5,1,0,6,0,0,6,0,6,0,5,7,0,12,8,0,8,20
11/26/2021,UGN,IL,AGL,CE,Federal Contract Tower,0,6,8,0,14,0,0,91,0,91,0,6,99,0,105,42,0,42,147
11/27/2021,UGN,IL,AGL,CE,Federal Contract Tower,0,16,5,0,21,0,0,91,0,91,0,16,96,0,112,42,0,42,154
11/28/2021,UGN,IL,AGL,CE,Federal Contract Tower,0,22,17,0,39,0,0,70,0,70,0,22,87,0,109,16,0,16,125
11/29/2021,UGN,IL,AGL,CE,Federal Contract Tower,0,9,11,0,20,0,0,38,0,38,0,9,49,0,58,16,0,16,74
11/30/2021,UGN,IL,AGL,CE,Federal Contract Tower,0,8,10,0,18,0,0,97,0,97,0,8,107,0,115,66,0,66,181
12/01/2021,UGN,IL,AGL,CE,Federal Contract Tower,0,10,18,0,28,0,0,45,0,45,0,10,63,0,73,48,0,48,121
12/02/2021,UGN,IL,AGL,CE,Federal Contract Tower,0,2,17,0,19,0,0,55,0,55,0,2,72,0,74,34,0,34,108
12/03/2021,UGN,IL,AGL,CE,Federal Contract Tower,0,11,17,0,28,0,0,41,0,41,0,11,58,0,69,6,0,6,75
12/04/2021,UGN,IL,AGL,CE,Federal Contract Tower,0,8,8,0,16,0,0,131,0,131,0,8,139,0,147,44,0,44,191
12/05/2021,UGN,IL,AGL,CE,Federal Contract Tower,0,7,8,0,15,0,0,0,0,0,0,7,8,0,15,0,0,0,15
12/06/2021,UGN,IL,AGL,CE,Federal Contract Tower,0,11,8,0,19,0,0,0,0,0,0,11,8,0,19,0,0,0,19
12/07/2021,UGN,IL,AGL,CE,Federal Contract Tower,0,5,11,0,16,0,0,58,0,58,0,5,69,0,74,20,0,20,94
12/08/2021,UGN,IL,AGL,CE,Federal Contract Tower,0,0,9,0,9,0,0,87,0,87,0,0,96,0,96,82,2,84,180
12/09/2021,UGN,IL,AGL,CE,Federal Contract Tower,0,3,6,0,9,0,0,67,0,67,0,3,73,0,76,16,0,16,92
12/10/2021,UGN,IL,AGL,CE,Federal Contract Tower,0,7,22,0,29,0,0,20,0,20,0,7,42,0,49,16,0,16,65
12/11/2021,UGN,IL,AGL,CE,Federal Contract Tower,0,8,5,0,13,0,0,2,0,2,0,8,7,0,15,2,0,2,17
12/12/2021,UGN,IL,AGL,CE,Federal Contract Tower,0,8,13,0,21,0,0,72,0,72,0,8,85,0,93,16,0,16,109
12/13/2021,UGN,IL,AGL,CE,Federal Contract Tower,0,6,11,0,17,0,0,130,0,130,0,6,141,0,147,36,0,36,183
12/14/2021,UGN,IL,AGL,CE,Federal Contract Tower,0,14,15,0,29,0,0,109,0,109,0,14,124,0,138,46,0,46,184
12/15/2021,UGN,IL,AGL,CE,Federal Contract Tower,0,8,14,0,22,0,0,0,2,2,0,8,14,2,24,0,0,0,24
12/16/2021,UGN,IL,AGL,CE,Federal Contract Tower,0,12,9,0,21,0,0,3,0,3,0,12,12,0,24,0,0,0,24
12/17/2021,UGN,IL,AGL,CE,Federal Contract Tower,0,22,18,0,40,0,0,144,0,144,0,22,162,0,184,94,0,94,278
12/19/2021,UGN,IL,AGL,CE,Federal Contract Tower,0,5,6,0,11,0,0,180,0,180,0,5,186,0,191,96,0,96,287
12/20/2021,UGN,IL,AGL,CE,Federal Contract Tower,0,8,6,0,14,0,0,74,0,74,0,8,80,0,88,18,0,18,106
12/21/2021,UGN,IL,AGL,CE,Federal Contract Tower,0,4,10,0,14,0,0,71,2,73,0,4,81,2,87,30,0,30,117
12/22/2021,UGN,IL,AGL,CE,Federal Contract Tower,0,17,11,0,28,0,0,133,0,133,0,17,144,0,161,106,0,106,267
12/23/2021,UGN,IL,AGL,CE,Federal Contract Tower,0,13,9,0,22,0,0,55,0,55,0,13,64,0,77,94,0,94,171
12/24/2021,UGN,IL,AGL,CE,Federal Contract Tower,0,6,6,0,12,0,0,0,0,0,0,6,6,0,12,0,0,0,12
12/25/2021,UGN,IL,AGL,CE,Federal Contract Tower,0,3,9,0,12,0,0,0,0,0,0,3,9,0,12,0,0,0,12
12/26/2021,UGN,IL,AGL,CE,Federal Contract Tower,0,12,19,0,31,0,0,86,0,86,0,12,105,0,117,66,0,66,183
12/27/2021,UGN,IL,AGL,CE,Federal Contract Tower,0,24,11,0,35,0,0,2,0,2,0,24,13,0,37,0,0,0,37
12/28/2021,UGN,IL,AGL,CE,Federal Contract Tower,0,13,9,0,22,0,0,15,0,15,0,13,24,0,37,10,0,10,47
12/29/2021,UGN,IL,AGL,CE,Federal Contract Tower,0,13,11,0,24,0,0,108,0,108,0,13,119,0,132,92,0,92,224
12/30/2021,UGN,IL,AGL,CE,Federal Contract Tower,0,10,11,0,21,0,0,52,0,52,0,10,63,0,73,76,0,76,149
12/31/2021,UGN,IL,AGL,CE,Federal Contract Tower,0,5,8,0,13,0,0,5,0,5,0,5,13,0,18,28,0,28,46
01/01/2022,UGN,IL,AGL,CE,Federal Contract Tower,0,3,6,0,9,0,0,0,0,0,0,3,6,0,9,0,0,0,9
01/02/2022,UGN,IL,AGL,CE,Federal Contract Tower,0,7,8,0,15,0,0,29,0,29,0,7,37,0,44,54,0,54,98
01/03/2022,UGN,IL,AGL,CE,Federal Contract Tower,0,8,16,0,24,0,0,56,0,56,0,8,72,0,80,44,0,44,124
01/04/2022,UGN,IL,AGL,CE,Federal Contract Tower,0,9,9,0,18,0,0,56,0,56,0,9,65,0,74,20,0,20,94
01/05/2022,UGN,IL,AGL,CE,Federal Contract Tower,0,16,12,0,28,0,0,0,0,0,0,16,12,0,28,0,0,0,28
01/06/2022,UGN,IL,AGL,CE,Federal Contract Tower,0,4,13,0,17,0,0,38,0,38,0,4,51,0,55,18,10,28,83
01/07/2022,UGN,IL,AGL,CE,Federal Contract Tower,0,11,11,0,22,0,0,33,0,33,0,11,44,0,55,14,0,14,69
01/08/2022,UGN,IL,AGL,CE,Federal Contract Tower,0,10,2,0,12,0,0,36,0,36,0,10,38,0,48,0,0,0,48
01/09/2022,UGN,IL,AGL,CE,Federal Contract Tower,0,9,9,0,18,0,0,4,0,4,0,9,13,0,22,0,0,0,22
01/10/2022,UGN,IL,AGL,CE,Federal Contract Tower,0,5,18,0,23,0,0,16,0,16,0,5,34,0,39,6,0,6,45
01/11/2022,UGN,IL,AGL,CE,Federal Contract Tower,0,8,10,0,18,0,0,34,0,34,0,8,44,0,52,0,0,0,52
01/12/2022,UGN,IL,AGL,CE,Federal Contract Tower,0,7,17,0,24,0,0,166,0,166,0,7,183,0,190,62,0,62,252
01/13/2022,UGN,IL,AGL,CE,Federal Contract Tower,0,13,8,0,21,0,0,40,0,40,0,13,48,0,61,36,0,36,97
01/14/2022,UGN,IL,AGL,CE,Federal Contract Tower,0,6,19,0,25,0,0,50,0,50,0,6,69,0,75,22,0,22,97
01/15/2022,UGN,IL,AGL,CE,Federal Contract Tower,0,1,14,0,15,0,0,34,0,34,0,1,48,0,49,42,0,42,91
01/16/2022,UGN,IL,AGL,CE,Federal Contract Tower,0,11,12,0,23,0,0,97,0,97,0,11,109,0,120,62,0,62,182
01/17/2022,UGN,IL,AGL,CE,Federal Contract Tower,0,10,10,0,20,0,0,39,0,39,0,10,49,0,59,44,0,44,103
01/18/2022,UGN,IL,AGL,CE,Federal Contract Tower,0,7,13,1,21,0,0,48,0,48,0,7,61,1,69,20,0,20,89
01/19/2022,UGN,IL,AGL,CE,Federal Contract Tower,0,3,8,0,11,0,0,54,0,54,0,3,62,0,65,10,0,10,75
01/20/2022,UGN,IL,AGL,CE,Federal Contract Tower,0,7,11,0,18,0,0,65,2,67,0,7,76,2,85,2,0,2,87
01/21/2022,UGN,IL,AGL,CE,Federal Contract Tower,0,4,17,0,21,0,0,97,0,97,0,4,114,0,118,114,0,114,232
01/22/2022,UGN,IL,AGL,CE,Federal Contract Tower,0,9,5,0,14,0,0,32,0,32,0,9,37,0,46,12,0,12,58
01/23/2022,UGN,IL,AGL,CE,Federal Contract Tower,0,7,9,0,16,0,0,55,0,55,0,7,64,0,71,26,0,26,97
01/24/2022,UGN,IL,AGL,CE,Federal Contract Tower,0,6,4,0,10,0,0,19,0,19,0,6,23,0,29,0,0,0,29
01/25/2022,UGN,IL,AGL,CE,Federal Contract Tower,0,8,2,0,10,0,0,25,0,25,0,8,27,0,35,6,0,6,41
01/26/2022,UGN,IL,AGL,CE,Federal Contract Tower,0,4,8,0,12,0,0,22,0,22,0,4,30,0,34,4,0,4,38
01/27/2022,UGN,IL,AGL,CE,Federal Contract Tower,0,4,11,0,15,0,0,65,0,65,0,4,76,0,80,26,0,26,106
01/28/2022,UGN,IL,AGL,CE,Federal Contract Tower,0,7,19,0,26,0,0,55,0,55,0,7,74,0,81,0,12,12,93
01/29/2022,UGN,IL,AGL,CE,Federal Contract Tower,0,8,9,0,17,0,0,83,0,83,0,8,92,0,100,56,0,56,156
01/30/2022,UGN,IL,AGL,CE,Federal Contract Tower,0,3,11,0,14,0,0,82,0,82,0,3,93,0,96,88,0,88,184
01/31/2022,UGN,IL,AGL,CE,Federal Contract Tower,0,2,16,0,18,0,0,61,0,61,0,2,77,0,79,44,0,44,123
02/01/2022,UGN,IL,AGL,CE,Federal Contract Tower,0,7,13,0,20,0,0,23,0,23,0,7,36,0,43,32,0,32,75
02/02/2022,UGN,IL,AGL,CE,Federal Contract Tower,0,7,12,0,19,0,0,0,0,0,0,7,12,0,19,0,0,0,19
02/03/2022,UGN,IL,AGL,CE,Federal Contract Tower,0,3,10,0,13,0,0,0,0,0,0,3,10,0,13,0,0,0,13
02/04/2022,UGN,IL,AGL,CE,Federal Contract Tower,0,6,14,0,20,0,0,82,0,82,0,6,96,0,102,14,0,14,116
02/05/2022,UGN,IL,AGL,CE,Federal Contract Tower,0,4,13,0,17,0,0,94,0,94,0,4,107,0,111,16,0,16,127
02/06/2022,UGN,IL,AGL,CE,Federal Contract Tower,0,5,9,0,14,0,1,100,0,101,0,6,109,0,115,90,0,90,205
02/07/2022,UGN,IL,AGL,CE,Federal Contract Tower,0,6,12,0,18,0,0,63,0,63,0,6,75,0,81,44,0,44,125
02/08/2022,UGN,IL,AGL,CE,Federal Contract Tower,0,6,10,0,16,0,0,83,0,83,0,6,93,0,99,10,0,10,109
02/09/2022,UGN,IL,AGL,CE,Federal Contract Tower,0,4,15,0,19,0,0,75,0,75,0,4,90,0,94,2,0,2,96
02/10/2022,UGN,IL,AGL,CE,Federal Contract Tower,0,10,13,0,23,0,0,78,0,78,0,10,91,0,101,22,0,22,123
02/11/2022,UGN,IL,AGL,CE,Federal Contract Tower,0,2,6,0,8,0,0,14,0,14,0,2,20,0,22,4,0,4,26
02/12/2022,UGN,IL,AGL,CE,Federal Contract Tower,0,7,4,0,11,0,0,106,0,106,0,7,110,0,117,12,0,12,129
02/13/2022,UGN,IL,AGL,CE,Federal Contract Tower,0,7,10,0,17,0,0,91,0,91,0,7,101,0,108,46,0,46,154
02/14/2022,UGN,IL,AGL,CE,Federal Contract Tower,0,5,5,0,10,0,0,42,0,42,0,5,47,0,52,52,0,52,104
02/15/2022,UGN,IL,AGL,CE,Federal Contract Tower,0,10,17,0,27,0,2,48,0,50,0,12,65,0,77,10,0,10,87
02/16/2022,UGN,IL,AGL,CE,Federal Contract Tower,0,18,19,0,37,0,0,0,0,0,0,18,19,0,37,0,0,0,37
02/17/2022,UGN,IL,AGL,CE,Federal Contract Tower,0,16,15,0,31,0,0,0,0,0,0,16,15,0,31,0,0,0,31
02/18/2022,UGN,IL,AGL,CE,Federal Contract Tower,0,19,14,0,33,0,0,15,0,15,0,19,29,0,48,0,0,0,48
02/19/2022,UGN,IL,AGL,CE,Federal Contract Tower,0,0,11,0,11,0,0,76,0,76,0,0,87,0,87,14,0,14,101
02/20/2022,UGN,IL,AGL,CE,Federal Contract Tower,0,15,4,0,19,0,0,7,0,7,0,15,11,0,26,0,0,0,26
02/21/2022,UGN,IL,AGL,CE,Federal Contract Tower,0,9,25,0,34,0,0,36,0,36,0,9,61,0,70,0,0,0,70
02/22/2022,UGN,IL,AGL,CE,Federal Contract Tower,0,21,11,0,32,0,0,0,0,0,0,21,11,0,32,0,0,0,32
02/23/2022,UGN,IL,AGL,CE,Federal Contract Tower,0,6,17,0,23,0,0,132,0,132,0,6,149,0,155,4,0,4,159
02/24/2022,UGN,IL,AGL,CE,Federal Contract Tower,0,6,16,0,22,0,0,16,0,16,0,6,32,0,38,0,0,0,38
02/25/2022,UGN,IL,AGL,CE,Federal Contract Tower,0,3,15,0,18,0,0,72,0,72,0,3,87,0,90,64,0,64,154
02/26/2022,UGN,IL,AGL,CE,Federal Contract Tower,0,3,13,0,16,0,0,94,0,94,0,3,107,0,110,54,0,54,164
02/27/2022,UGN,IL,AGL,CE,Federal Contract Tower,0,9,17,0,26,0,0,106,0,106,0,9,123,0,132,14,0,14,146
02/28/2022,UGN,IL,AGL,CE,Federal Contract Tower,6,0,23,0,29,82,0,0,0,82,88,0,23,0,111,10,0,10,121
03/01/2022,UGN,IL,AGL,CE,Federal Contract Tower,0,3,15,0,18,0,0,84,0,84,0,3,99,0,102,58,4,62,164
03/02/2022,UGN,IL,AGL,CE,Federal Contract Tower,0,5,14,0,19,0,0,68,0,68,0,5,82,0,87,36,0,36,123
03/03/2022,UGN,IL,AGL,CE,Federal Contract Tower,0,4,19,0,23,0,0,90,0,90,0,4,109,0,113,46,0,46,159
03/04/2022,UGN,IL,AGL,CE,Federal Contract Tower,0,8,14,0,22,0,0,80,0,80,0,8,94,0,102,24,0,24,126
03/05/2022,UGN,IL,AGL,CE,Federal Contract Tower,0,6,1,0,7,0,0,88,0,88,0,6,89,0,95,24,0,24,119
03/06/2022,UGN,IL,AGL,CE,Federal Contract Tower,0,18,12,0,30,0,0,30,0,30,0,18,42,0,60,22,0,22,82
03/07/2022,UGN,IL,AGL,CE,Federal Contract Tower,0,10,7,0,17,0,0,24,0,24,0,10,31,0,41,18,0,18,59
03/08/2022,UGN,IL,AGL,CE,Federal Contract Tower,0,14,10,0,24,0,0,113,0,113,0,14,123,0,137,22,0,22,159
03/09/2022,UGN,IL,AGL,CE,Federal Contract Tower,0,15,15,0,30,0,0,104,0,104,0,15,119,0,134,28,0,28,162
03/10/2022,UGN,IL,AGL,CE,Federal Contract Tower,0,14,15,0,29,0,0,90,0,90,0,14,105,0,119,86,0,86,205
03/11/2022,UGN,IL,AGL,CE,Federal Contract Tower,0,9,22,0,31,0,0,69,0,69,0,9,91,0,100,20,0,20,120
03/12/2022,UGN,IL,AGL,CE,Federal Contract Tower,0,7,5,0,12,0,0,66,0,66,0,7,71,0,78,48,0,48,126
03/13/2022,UGN,IL,AGL,CE,Federal Contract Tower,0,10,20,0,30,0,0,62,0,62,0,10,82,0,92,12,0,12,104
03/14/2022,UGN,IL,AGL,CE,Federal Contract Tower,0,6,19,0,25,0,0,49,0,49,0,6,68,0,74,60,0,60,134
03/15/2022,UGN,IL,AGL,CE,Federal Contract Tower,0,8,8,0,16,0,0,74,0,74,0,8,82,0,90,76,0,76,166
03/16/2022,UGN,IL,AGL,CE,Federal Contract Tower,0,12,9,0,21,0,0,64,0,64,0,12,73,0,85,14,0,14,99
03/17/2022,UGN,IL,AGL,CE,Federal Contract Tower,0,15,7,0,22,0,0,102,0,102,0,15,109,0,124,82,0,82,206
03/18/2022,UGN,IL,AGL,CE,Federal Contract Tower,0,22,18,0,40,0,0,4,0,4,0,22,22,0,44,0,0,0,44
03/19/2022,UGN,IL,AGL,CE,Federal Contract Tower,0,15,19,0,34,0,0,0,0,0,0,15,19,0,34,0,0,0,34
03/20/2022,UGN,IL,AGL,CE,Federal Contract Tower,0,10,10,0,20,0,0,165,0,165,0,10,175,0,185,80,0,80,265
03/21/2022,UGN,IL,AGL,CE,Federal Contract Tower,0,10,15,0,25,0,0,63,0,63,0,10,78,0,88,50,0,50,138
03/22/2022,UGN,IL,AGL,CE,Federal Contract Tower,0,3,16,0,19,0,0,0,0,0,0,3,16,0,19,0,0,0,19
03/23/2022,UGN,IL,AGL,CE,Federal Contract Tower,0,1,12,0,13,0,0,0,0,0,0,1,12,0,13,0,0,0,13
03/24/2022,UGN,IL,AGL,CE,Federal Contract Tower,0,7,7,0,14,0,0,0,0,0,0,7,7,0,14,0,0,0,14
03/25/2022,UGN,IL,AGL,CE,Federal Contract Tower,0,11,12,0,23,0,0,21,0,21,0,11,33,0,44,26,0,26,70
03/26/2022,UGN,IL,AGL,CE,Federal Contract Tower,0,11,10,0,21,0,0,51,0,51,0,11,61,0,72,0,0,0,72
03/27/2022,UGN,IL,AGL,CE,Federal Contract Tower,0,6,12,0,18,0,0,74,0,74,0,6,86,0,92,58,0,58,150
03/28/2022,UGN,IL,AGL,CE,Federal Contract Tower,0,1,10,0,11,0,0,62,0,62,0,1,72,0,73,32,0,32,105
03/29/2022,UGN,IL,AGL,CE,Federal Contract Tower,0,4,9,0,13,0,0,58,0,58,0,4,67,0,71,22,0,22,93
03/30/2022,UGN,IL,AGL,CE,Federal Contract Tower,0,7,5,0,12,0,0,1,0,1,0,7,6,0,13,0,0,0,13
03/31/2022,UGN,IL,AGL,CE,Federal Contract Tower,0,2,14,0,16,0,0,2,0,2,0,2,16,0,18,0,0,0,18
04/01/2022,UGN,IL,AGL,CE,Federal Contract Tower,0,7,10,0,17,0,0,176,0,176,0,7,186,0,193,44,0,44,237
04/02/2022,UGN,IL,AGL,CE,Federal Contract Tower,0,2,7,0,9,0,0,0,0,0,0,2,7,0,9,0,0,0,9
04/03/2022,UGN,IL,AGL,CE,Federal Contract Tower,0,6,21,0,27,0,0,47,0,47,0,6,68,0,74,68,0,68,142
04/04/2022,UGN,IL,AGL,CE,Federal Contract Tower,0,13,12,0,25,0,0,63,0,63,0,13,75,0,88,0,0,0,88
04/05/2022,UGN,IL,AGL,CE,Federal Contract Tower,0,4,14,0,18,0,0,23,0,23,0,4,37,0,41,0,0,0,41
04/06/2022,UGN,IL,AGL,CE,Federal Contract Tower,0,3,13,0,16,0,0,24,0,24,0,3,37,0,40,6,0,6,46
04/07/2022,UGN,IL,AGL,CE,Federal Contract Tower,0,10,15,0,25,0,0,3,0,3,0,10,18,0,28,0,0,0,28
04/08/2022,UGN,IL,AGL,CE,Federal Contract Tower,0,12,3,0,15,0,0,2,0,2,0,12,5,0,17,8,0,8,25
04/09/2022,UGN,IL,AGL,CE,Federal Contract Tower,0,5,8,0,13,0,0,101,0,101,0,5,109,0,114,22,0,22,136
04/10/2022,UGN,IL,AGL,CE,Federal Contract Tower,0,6,8,0,14,0,0,53,0,53,0,6,61,0,67,12,0,12,79
04/11/2022,UGN,IL,AGL,CE,Federal Contract Tower,0,8,23,0,31,0,0,80,0,80,0,8,103,0,111,50,0,50,161
04/12/2022,UGN,IL,AGL,CE,Federal Contract Tower,0,11,13,0,24,0,0,107,0,107,0,11,120,0,131,40,0,40,171
04/13/2022,UGN,IL,AGL,CE,Federal Contract Tower,0,6,16,0,22,0,0,0,0,0,0,6,16,0,22,0,0,0,22
04/14/2022,UGN,IL,AGL,CE,Federal Contract Tower,0,21,23,2,46,0,0,3,0,3,0,21,26,2,49,0,0,0,49
04/15/2022,UGN,IL,AGL,CE,Federal Contract Tower,0,11,19,0,30,0,0,16,0,16,0,11,35,0,46,4,0,4,50
04/16/2022,UGN,IL,AGL,CE,Federal Contract Tower,0,1,5,0,6,0,0,151,0,151,0,1,156,0,157,14,0,14,171
04/17/2022,UGN,IL,AGL,CE,Federal Contract Tower,0,7,4,0,11,0,0,68,0,68,0,7,72,0,79,16,0,16,95
04/18/2022,UGN,IL,AGL,CE,Federal Contract Tower,0,4,23,0,27,0,0,0,0,0,0,4,23,0,27,0,0,0,27
04/19/2022,UGN,IL,AGL,CE,Federal Contract Tower,0,5,11,0,16,0,0,125,0,125,0,5,136,0,141,42,0,42,183
04/20/2022,UGN,IL,AGL,CE,Federal Contract Tower,0,5,15,0,20,0,0,18,0,18,0,5,33,0,38,10,0,10,48
04/21/2022,UGN,IL,AGL,CE,Federal Contract Tower,0,6,20,0,26,0,0,69,0,69,0,6,89,0,95,46,0,46,141
04/22/2022,UGN,IL,AGL,CE,Federal Contract Tower,0,9,9,0,18,0,0,67,0,67,0,9,76,0,85,12,0,12,97
04/23/2022,UGN,IL,AGL,CE,Federal Contract Tower,0,4,13,0,17,0,0,65,0,65,0,4,78,0,82,10,0,10,92
04/24/2022,UGN,IL,AGL,CE,Federal Contract Tower,0,3,9,0,12,0,0,5,0,5,0,3,14,0,17,0,0,0,17
04/25/2022,UGN,IL,AGL,CE,Federal Contract Tower,0,9,18,0,27,0,0,67,0,67,0,9,85,0,94,36,0,36,130
04/26/2022,UGN,IL,AGL,CE,Federal Contract Tower,0,13,19,0,32,0,0,147,0,147,0,13,166,0,179,8,0,8,187
04/27/2022,UGN,IL,AGL,CE,Federal Contract Tower,0,7,17,0,24,0,0,127,0,127,0,7,144,0,151,106,0,106,257
04/28/2022,UGN,IL,AGL,CE,Federal Contract Tower,0,5,22,0,27,0,0,51,0,51,0,5,73,0,78,12,0,12,90
04/29/2022,UGN,IL,AGL,CE,Federal Contract Tower,0,16,21,0,37,0,0,84,0,84,0,16,105,0,121,14,0,14,135
04/30/2022,UGN,IL,AGL,CE,Federal Contract Tower,0,2,7,0,9,0,0,3,0,3,0,2,10,0,12,4,0,4,16
05/01/2022,UGN,IL,AGL,CE,Federal Contract Tower,0,7,19,0,26,0,0,41,0,41,0,7,60,0,67,44,0,44,111
05/02/2022,UGN,IL,AGL,CE,Federal Contract Tower,0,1,19,0,20,0,0,88,0,88,0,1,107,0,108,50,0,50,158
05/03/2022,UGN,IL,AGL,CE,Federal Contract Tower,0,17,16,0,33,0,0,0,0,0,0,17,16,0,33,0,0,0,33
05/04/2022,UGN,IL,AGL,CE,Federal Contract Tower,0,2,34,0,36,0,0,115,0,115,0,2,149,0,151,66,0,66,217
05/05/2022,UGN,IL,AGL,CE,Federal Contract Tower,0,19,26,0,45,0,0,92,0,92,0,19,118,0,137,86,0,86,223
05/06/2022,UGN,IL,AGL,CE,Federal Contract Tower,0,29,23,0,52,0,0,9,0,9,0,29,32,0,61,0,0,0,61
05/07/2022,UGN,IL,AGL,CE,Federal Contract Tower,0,10,13,0,23,0,0,103,0,103,0,10,116,0,126,90,0,90,216
05/08/2022,UGN,IL,AGL,CE,Federal Contract Tower,0,5,8,0,13,0,0,113,0,113,0,5,121,0,126,52,0,52,178
05/09/2022,UGN,IL,AGL,CE,Federal Contract Tower,0,6,17,0,23,0,0,31,0,31,0,6,48,0,54,0,0,0,54
05/10/2022,UGN,IL,AGL,CE,Federal Contract Tower,0,4,22,0,26,0,0,119,0,119,0,4,141,0,145,30,0,30,175
05/11/2022,UGN,IL,AGL,CE,Federal Contract Tower,0,17,28,0,45,0,0,34,0,34,0,17,62,0,79,24,0,24,103
05/12/2022,UGN,IL,AGL,CE,Federal Contract Tower,0,7,18,0,25,0,0,131,0,131,0,7,149,0,156,72,0,72,228
05/13/2022,UGN,IL,AGL,CE,Federal Contract Tower,0,10,11,0,21,0,0,131,0,131,0,10,142,0,152,14,0,14,166
05/14/2022,UGN,IL,AGL,CE,Federal Contract Tower,0,6,1,0,7,0,0,151,0,151,0,6,152,0,158,108,0,108,266
05/15/2022,UGN,IL,AGL,CE,Federal Contract Tower,0,6,18,0,24,0,0,89,0,89,0,6,107,0,113,26,0,26,139
05/16/2022,UGN,IL,AGL,CE,Federal Contract Tower,0,6,27,0,33,0,2,82,0,84,0,8,109,0,117,34,0,34,151
05/17/2022,UGN,IL,AGL,CE,Federal Contract Tower,0,7,16,0,23,0,0,140,0,140,0,7,156,0,163,20,0,20,183
05/18/2022,UGN,IL,AGL,CE,Federal Contract Tower,0,9,21,0,30,0,0,14,0,14,0,9,35,0,44,0,0,0,44
05/19/2022,UGN,IL,AGL,CE,Federal Contract Tower,0,9,26,1,36,0,0,71,0,71,0,9,97,1,107,84,0,84,191
05/20/2022,UGN,IL,AGL,CE,Federal Contract Tower,0,14,18,0,32,0,0,9,0,9,0,14,27,0,41,0,0,0,41
05/21/2022,UGN,IL,AGL,CE,Federal Contract Tower,0,11,17,0,28,0,0,70,0,70,0,11,87,0,98,18,0,18,116
05/22/2022,UGN,IL,AGL,CE,Federal Contract Tower,0,8,15,0,23,0,0,133,0,133,0,8,148,0,156,58,0,58,214
05/23/2022,UGN,IL,AGL,CE,Federal Contract Tower,0,13,15,2,30,0,0,103,0,103,0,13,118,2,133,46,0,46,179
05/24/2022,UGN,IL,AGL,CE,Federal Contract Tower,0,10,19,0,29,0,0,152,2,154,0,10,171,2,183,54,0,54,237
05/25/2022,UGN,IL,AGL,CE,Federal Contract Tower,0,3,14,0,17,0,0,0,2,2,0,3,14,2,19,0,0,0,19
05/26/2022,UGN,IL,AGL,CE,Federal Contract Tower,0,8,26,0,34,0,0,21,1,22,0,8,47,1,56,102,0,102,158
05/27/2022,UGN,IL,AGL,CE,Federal Contract Tower,0,12,27,0,39,0,0,30,0,30,0,12,57,0,69,14,0,14,83
05/28/2022,UGN,IL,AGL,CE,Federal Contract Tower,0,4,7,0,11,0,0,152,0,152,0,4,159,0,163,72,0,72,235
05/29/2022,UGN,IL,AGL,CE,Federal Contract Tower,0,16,6,0,22,0,0,32,1,33,0,16,38,1,55,8,0,8,63
05/30/2022,UGN,IL,AGL,CE,Federal Contract Tower,0,14,4,0,18,0,0,6,0,6,0,14,10,0,24,0,0,0,24
05/31/2022,UGN,IL,AGL,CE,Federal Contract Tower,0,18,23,0,41,0,0,76,0,76,0,18,99,0,117,42,0,42,159
06/01/2022,UGN,IL,AGL,CE,Federal Contract Tower,0,11,18,4,33,0,0,121,1,122,0,11,139,5,155,26,0,26,181
06/02/2022,UGN,IL,AGL,CE,Federal Contract Tower,0,9,26,1,36,0,0,131,2,133,0,9,157,3,169,26,0,26,195
06/03/2022,UGN,IL,AGL,CE,Federal Contract Tower,0,9,11,0,20,0,0,95,1,96,0,9,106,1,116,22,0,22,138
06/04/2022,UGN,IL,AGL,CE,Federal Contract Tower,0,5,0,0,5,0,0,160,2,162,0,5,160,2,167,94,12,106,273
06/05/2022,UGN,IL,AGL,CE,Federal Contract Tower,0,11,25,0,36,0,0,111,2,113,0,11,136,2,149,62,0,62,211
06/06/2022,UGN,IL,AGL,CE,Federal Contract Tower,0,9,16,0,25,0,0,18,2,20,0,9,34,2,45,0,0,0,45
06/07/2022,UGN,IL,AGL,CE,Federal Contract Tower,0,12,21,0,33,0,0,56,0,56,0,12,77,0,89,28,0,28,117
06/08/2022,UGN,IL,AGL,CE,Federal Contract Tower,0,11,23,0,34,0,0,22,0,22,0,11,45,0,56,8,0,8,64
06/09/2022,UGN,IL,AGL,CE,Federal Contract Tower,0,15,19,0,34,0,0,119,2,121,0,15,138,2,155,32,0,32,187
06/10/2022,UGN,IL,AGL,CE,Federal Contract Tower,0,7,12,1,20,0,0,108,0,108,0,7,120,1,128,56,0,56,184
06/11/2022,UGN,IL,AGL,CE,Federal Contract Tower,0,1,26,0,27,0,0,123,2,125,0,1,149,2,152,54,0,54,206
06/12/2022,UGN,IL,AGL,CE,Federal Contract Tower,0,5,23,2,30,0,0,72,0,72,0,5,95,2,102,48,0,48,150
06/13/2022,UGN,IL,AGL,CE,Federal Contract Tower,0,12,21,0,33,0,0,78,1,79,0,12,99,1,112,12,0,12,124
06/14/2022,UGN,IL,AGL,CE,Federal Contract Tower,0,10,17,0,27,0,0,123,7,130,0,10,140,7,157,36,0,36,193
06/15/2022,UGN,IL,AGL,CE,Federal Contract Tower,0,7,18,2,27,0,0,86,0,86,0,7,104,2,113,10,0,10,123
06/16/2022,UGN,IL,AGL,CE,Federal Contract Tower,0,5,20,2,27,0,0,49,0,49,0,5,69,2,76,30,0,30,106
06/17/2022,UGN,IL,AGL,CE,Federal Contract Tower,0,12,17,1,30,0,4,160,4,168,0,16,177,5,198,14,0,14,212
06/18/2022,UGN,IL,AGL,CE,Federal Contract Tower,0,8,11,0,19,0,0,140,2,142,0,8,151,2,161,40,2,42,203
06/19/2022,UGN,IL,AGL,CE,Federal Contract Tower,0,7,20,0,27,0,1,130,1,132,0,8,150,1,159,64,0,64,223
06/20/2022,UGN,IL,AGL,CE,Federal Contract Tower,0,8,14,0,22,0,0,130,0,130,0,8,144,0,152,62,0,62,214
06/21/2022,UGN,IL,AGL,CE,Federal Contract Tower,0,9,19,0,28,0,0,68,2,70,0,9,87,2,98,28,0,28,126
06/22/2022,UGN,IL,AGL,CE,Federal Contract Tower,0,12,23,0,35,0,0,136,0,136,0,12,159,0,171,40,0,40,211
06/23/2022,UGN,IL,AGL,CE,Federal Contract Tower,0,16,15,0,31,0,0,142,0,142,0,16,157,0,173,68,0,68,241
06/24/2022,UGN,IL,AGL,CE,Federal Contract Tower,0,10,13,2,25,0,0,106,3,109,0,10,119,5,134,44,0,44,178
06/25/2022,UGN,IL,AGL,CE,Federal Contract Tower,0,16,24,0,40,0,0,39,0,39,0,16,63,0,79,0,0,0,79
06/26/2022,UGN,IL,AGL,CE,Federal Contract Tower,0,20,14,4,38,0,0,85,2,87,0,20,99,6,125,50,0,50,175
06/27/2022,UGN,IL,AGL,CE,Federal Contract Tower,0,4,16,2,22,0,0,97,2,99,0,4,113,4,121,32,0,32,153
06/28/2022,UGN,IL,AGL,CE,Federal Contract Tower,0,3,12,0,15,0,0,168,0,168,0,3,180,0,183,42,0,42,225
06/29/2022,UGN,IL,AGL,CE,Federal Contract Tower,0,9,23,0,32,0,0,157,2,159,0,9,180,2,191,72,0,72,263
06/30/2022,UGN,IL,AGL,CE,Federal Contract Tower,0,12,21,2,35,0,0,62,0,62,0,12,83,2,97,24,0,24,121
07/01/2022,UGN,IL,AGL,CE,Federal Contract Tower,0,23,27,1,51,0,0,127,2,129,0,23,154,3,180,44,0,44,224
07/02/2022,UGN,IL,AGL,CE,Federal Contract Tower,0,8,6,0,14,0,0,160,2,162,0,8,166,2,176,122,0,122,298
07/03/2022,UGN,IL,AGL,CE,Federal Contract Tower,0,4,7,0,11,0,0,92,0,92,0,4,99,0,103,82,0,82,185
07/04/2022,UGN,IL,AGL,CE,Federal Contract Tower,0,7,3,0,10,0,1,17,0,18,0,8,20,0,28,2,0,2,30
07/05/2022,UGN,IL,AGL,CE,Federal Contract Tower,0,14,31,0,45,0,0,67,0,67,0,14,98,0,112,26,0,26,138
07/06/2022,UGN,IL,AGL,CE,Federal Contract Tower,0,10,20,0,30,0,0,13,0,13,0,10,33,0,43,18,0,18,61
07/07/2022,UGN,IL,AGL,CE,Federal Contract Tower,0,8,20,0,28,0,0,72,1,73,0,8,92,1,101,48,0,48,149
07/08/2022,UGN,IL,AGL,CE,Federal Contract Tower,0,11,10,0,21,0,0,41,2,43,0,11,51,2,64,16,0,16,80
07/09/2022,UGN,IL,AGL,CE,Federal Contract Tower,0,8,11,0,19,0,0,118,0,118,0,8,129,0,137,88,0,88,225
07/10/2022,UGN,IL,AGL,CE,Federal Contract Tower,0,14,11,0,25,0,0,122,4,126,0,14,133,4,151,70,16,86,237
07/11/2022,UGN,IL,AGL,CE,Federal Contract Tower,0,8,14,0,22,0,0,28,2,30,0,8,42,2,52,8,0,8,60
07/12/2022,UGN,IL,AGL,CE,Federal Contract Tower,0,6,20,0,26,0,1,91,4,96,0,7,111,4,122,14,0,14,136
07/13/2022,UGN,IL,AGL,CE,Federal Contract Tower,0,8,23,0,31,0,0,142,1,143,0,8,165,1,174,114,0,114,288
07/14/2022,UGN,IL,AGL,CE,Federal Contract Tower,0,18,20,1,39,0,0,53,0,53,0,18,73,1,92,30,0,30,122
07/15/2022,UGN,IL,AGL,CE,Federal Contract Tower,0,10,8,0,18,0,0,6,0,6,0,10,14,0,24,0,0,0,24
07/16/2022,UGN,IL,AGL,CE,Federal Contract Tower,0,14,35,0,49,0,0,13,0,13,0,14,48,0,62,22,2,24,86
07/17/2022,UGN,IL,AGL,CE,Federal Contract Tower,0,9,21,0,30,0,0,59,0,59,0,9,80,0,89,60,0,60,149
07/18/2022,UGN,IL,AGL,CE,Federal Contract Tower,0,9,18,0,27,0,0,93,1,94,0,9,111,1,121,56,0,56,177
07/19/2022,UGN,IL,AGL,CE,Federal Contract Tower,0,5,13,0,18,0,0,123,0,123,0,5,136,0,141,118,0,118,259
07/20/2022,UGN,IL,AGL,CE,Federal Contract Tower,0,11,14,0,25,0,0,31,0,31,0,11,45,0,56,4,0,4,60
07/21/2022,UGN,IL,AGL,CE,Federal Contract Tower,0,15,23,0,38,0,0,107,1,108,0,15,130,1,146,46,0,46,192
07/22/2022,UGN,IL,AGL,CE,Federal Contract Tower,0,6,15,0,21,0,0,115,2,117,0,6,130,2,138,28,6,34,172
07/23/2022,UGN,IL,AGL,CE,Federal Contract Tower,0,10,11,0,21,0,0,69,0,69,0,10,80,0,90,12,0,12,102
07/24/2022,UGN,IL,AGL,CE,Federal Contract Tower,0,18,15,0,33,0,0,66,2,68,0,18,81,2,101,10,0,10,111
07/25/2022,UGN,IL,AGL,CE,Federal Contract Tower,0,10,20,0,30,0,0,84,1,85,0,10,104,1,115,8,0,8,123
07/26/2022,UGN,IL,AGL,CE,Federal Contract Tower,0,9,10,0,19,0,0,101,2,103,0,9,111,2,122,30,0,30,152
07/27/2022,UGN,IL,AGL,CE,Federal Contract Tower,0,8,10,0,18,0,0,53,2,55,0,8,63,2,73,22,0,22,95
07/28/2022,UGN,IL,AGL,CE,Federal Contract Tower,0,10,14,0,24,0,0,60,0,60,0,10,74,0,84,22,2,24,108
07/29/2022,UGN,IL,AGL,CE,Federal Contract Tower,0,16,22,1,39,0,5,107,1,113,0,21,129,2,152,20,0,20,172
07/30/2022,UGN,IL,AGL,CE,Federal Contract Tower,0,0,11,0,11,0,0,76,2,78,0,0,87,2,89,4,0,4,93
07/31/2022,UGN,IL,AGL,CE,Federal Contract Tower,0,4,6,0,10,0,0,121,1,122,0,4,127,1,132,22,0,22,154
08/01/2022,UGN,IL,AGL,CE,Federal Contract Tower,0,11,21,0,32,0,0,51,2,53,0,11,72,2,85,12,0,12,97
08/02/2022,UGN,IL,AGL,CE,Federal Contract Tower,0,11,25,0,36,0,0,92,1,93,0,11,117,1,129,32,0,32,161
08/03/2022,UGN,IL,AGL,CE,Federal Contract Tower,0,15,12,0,27,0,0,25,0,25,0,15,37,0,52,24,0,24,76
08/04/2022,UGN,IL,AGL,CE,Federal Contract Tower,0,13,22,0,35,0,0,77,2,79,0,13,99,2,114,68,0,68,182
08/05/2022,UGN,IL,AGL,CE,Federal Contract Tower,0,16,16,0,32,0,0,91,2,93,0,16,107,2,125,126,0,126,251
08/06/2022,UGN,IL,AGL,CE,Federal Contract Tower,0,1,8,0,9,0,0,81,0,81,0,1,89,0,90,22,0,22,112
08/07/2022,UGN,IL,AGL,CE,Federal Contract Tower,0,5,11,0,16,0,0,24,0,24,0,5,35,0,40,10,0,10,50
08/08/2022,UGN,IL,AGL,CE,Federal Contract Tower,0,18,20,0,38,0,0,0,1,1,0,18,20,1,39,0,0,0,39
08/09/2022,UGN,IL,AGL,CE,Federal Contract Tower,0,12,11,0,23,0,0,85,2,87,0,12,96,2,110,76,0,76,186
08/10/2022,UGN,IL,AGL,CE,Federal Contract Tower,0,14,28,0,42,0,0,134,1,135,0,14,162,1,177,46,0,46,223
08/11/2022,UGN,IL,AGL,CE,Federal Contract Tower,0,12,27,0,39,0,0,92,1,93,0,12,119,1,132,134,0,134,266
08/12/2022,UGN,IL,AGL,CE,Federal Contract Tower,0,7,27,0,34,0,0,102,2,104,0,7,129,2,138,42,6,48,186
08/13/2022,UGN,IL,AGL,CE,Federal Contract Tower,0,0,4,0,4,0,0,40,4,44,0,0,44,4,48,16,0,16,64
08/14/2022,UGN,IL,AGL,CE,Federal Contract Tower,0,8,16,0,24,0,0,2,0,2,0,8,18,0,26,0,0,0,26
08/15/2022,UGN,IL,AGL,CE,Federal Contract Tower,0,8,20,0,28,0,1,85,2,88,0,9,105,2,116,72,0,72,188
08/16/2022,UGN,IL,AGL,CE,Federal Contract Tower,0,15,18,0,33,0,0,68,2,70,0,15,86,2,103,40,0,40,143
08/17/2022,UGN,IL,AGL,CE,Federal Contract Tower,0,8,27,0,35,0,0,84,2,86,0,8,111,2,121,96,0,96,217
08/18/2022,UGN,IL,AGL,CE,Federal Contract Tower,0,13,21,0,34,0,0,57,0,57,0,13,78,0,91,56,0,56,147
08/19/2022,UGN,IL,AGL,CE,Federal Contract Tower,0,14,24,2,40,0,0,65,2,67,0,14,89,4,107,40,0,40,147
08/20/2022,UGN,IL,AGL,CE,Federal Contract Tower,0,0,3,0,3,0,0,17,0,17,0,0,20,0,20,0,0,0,20
08/21/2022,UGN,IL,AGL,CE,Federal Contract Tower,0,4,14,0,18,0,0,21,2,23,0,4,35,2,41,28,0,28,69
08/22/2022,UGN,IL,AGL,CE,Federal Contract Tower,0,3,16,0,19,0,0,66,4,70,0,3,82,4,89,70,0,70,159
08/24/2022,UGN,IL,AGL,CE,Federal Contract Tower,0,9,8,0,17,0,0,123,1,124,0,9,131,1,141,80,0,80,221
08/25/2022,UGN,IL,AGL,CE,Federal Contract Tower,0,12,21,0,33,0,0,12,0,12,0,12,33,0,45,16,0,16,61
08/26/2022,UGN,IL,AGL,CE,Federal Contract Tower,0,3,20,0,23,0,0,58,2,60,0,3,78,2,83,94,0,94,177
08/27/2022,UGN,IL,AGL,CE,Federal Contract Tower,0,0,5,0,5,0,0,82,0,82,0,0,87,0,87,24,0,24,111
08/28/2022,UGN,IL,AGL,CE,Federal Contract Tower,0,0,5,0,5,0,0,46,4,50,0,0,51,4,55,0,0,0,55
08/29/2022,UGN,IL,AGL,CE,Federal Contract Tower,0,4,17,0,21,0,0,9,0,9,0,4,26,0,30,10,0,10,40
08/30/2022,UGN,IL,AGL,CE,Federal Contract Tower,0,4,27,0,31,0,0,82,6,88,0,4,109,6,119,24,14,38,157
08/31/2022,UGN,IL,AGL,CE,Federal Contract Tower,0,9,17,0,26,0,0,73,0,73,0,9,90,0,99,112,0,112,211
09/01/2022,UGN,IL,AGL,CE,Federal Contract Tower,0,10,8,0,18,0,0,60,2,62,0,10,68,2,80,126,6,132,212
09/02/2022,UGN,IL,AGL,CE,Federal Contract Tower,0,13,10,0,23,0,0,95,0,95,0,13,105,0,118,124,0,124,242
09/03/2022,UGN,IL,AGL,CE,Federal Contract Tower,0,7,5,0,12,0,0,69,2,71,0,7,74,2,83,42,0,42,125
09/04/2022,UGN,IL,AGL,CE,Federal Contract Tower,0,6,23,0,29,0,0,3,0,3,0,6,26,0,32,0,0,0,32
09/05/2022,UGN,IL,AGL,CE,Federal Contract Tower,0,8,16,0,24,0,0,35,0,35,0,8,51,0,59,44,0,44,103
09/07/2022,UGN,IL,AGL,CE,Federal Contract Tower,0,6,14,1,21,0,0,65,0,65,0,6,79,1,86,70,0,70,156
09/08/2022,UGN,IL,AGL,CE,Federal Contract Tower,0,7,17,0,24,0,0,79,0,79,0,7,96,0,103,80,0,80,183
09/09/2022,UGN,IL,AGL,CE,Federal Contract Tower,0,13,22,0,35,0,0,44,0,44,0,13,66,0,79,38,0,38,117
09/10/2022,UGN,IL,AGL,CE,Federal Contract Tower,0,0,6,0,6,0,0,121,0,121,0,0,127,0,127,30,0,30,157
09/11/2022,UGN,IL,AGL,CE,Federal Contract Tower,0,11,26,0,37,0,0,0,0,0,0,11,26,0,37,0,0,0,37
09/12/2022,UGN,IL,AGL,CE,Federal Contract Tower,0,2,30,0,32,0,0,6,0,6,0,2,36,0,38,0,0,0,38
09/13/2022,UGN,IL,AGL,CE,Federal Contract Tower,0,14,18,0,32,0,0,49,0,49,0,14,67,0,81,32,0,32,113
09/14/2022,UGN,IL,AGL,CE,Federal Contract Tower,0,10,11,0,21,0,0,46,0,46,0,10,57,0,67,52,0,52,119
09/15/2022,UGN,IL,AGL,CE,Federal Contract Tower,0,7,23,0,30,0,0,82,0,82,0,7,105,0,112,112,0,112,224
09/16/2022,UGN,IL,AGL,CE,Federal Contract Tower,0,7,22,0,29,0,0,71,0,71,0,7,93,0,100,46,0,46,146
09/17/2022,UGN,IL,AGL,CE,Federal Contract Tower,0,0,2,0,2,0,0,64,0,64,0,0,66,0,66,32,0,32,98
09/18/2022,UGN,IL,AGL,CE,Federal Contract Tower,0,2,6,0,8,0,0,53,0,53,0,2,59,0,61,0,0,0,61
09/19/2022,UGN,IL,AGL,CE,Federal Contract Tower,0,5,14,0,19,0,1,46,0,47,0,6,60,0,66,28,0,28,94
09/20/2022,UGN,IL,AGL,CE,Federal Contract Tower,0,8,21,0,29,0,0,16,0,16,0,8,37,0,45,8,0,8,53
09/21/2022,UGN,IL,AGL,CE,Federal Contract Tower,0,16,20,0,36,0,0,24,0,24,0,16,44,0,60,20,0,20,80
09/22/2022,UGN,IL,AGL,CE,Federal Contract Tower,0,7,16,0,23,0,0,43,0,43,0,7,59,0,66,92,0,92,158
09/23/2022,UGN,IL,AGL,CE,Federal Contract Tower,0,11,24,0,35,0,0,45,0,45,0,11,69,0,80,14,0,14,94
09/24/2022,UGN,IL,AGL,CE,Federal Contract Tower,0,0,0,0,0,0,0,0,0,0,0,0,0,0,0,0,0,0,0
09/25/2022,UGN,IL,AGL,CE,Federal Contract Tower,0,4,8,0,12,0,0,19,0,19,0,4,27,0,31,0,0,0,31
09/26/2022,UGN,IL,AGL,CE,Federal Contract Tower,0,10,7,0,17,0,0,4,0,4,0,10,11,0,21,0,0,0,21
09/27/2022,UGN,IL,AGL,CE,Federal Contract Tower,0,6,17,0,23,0,0,28,0,28,0,6,45,0,51,34,0,34,85
09/28/2022,UGN,IL,AGL,CE,Federal Contract Tower,0,10,12,2,24,0,0,65,0,65,0,10,77,2,89,36,0,36,125
09/29/2022,UGN,IL,AGL,CE,Federal Contract Tower,0,15,14,0,29,0,0,81,0,81,0,15,95,0,110,106,0,106,216
09/30/2022,UGN,IL,AGL,CE,Federal Contract Tower,0,4,18,0,22,0,0,61,0,61,0,4,79,0,83,80,0,80,163
10/01/2022,UGN,IL,AGL,CE,Federal Contract Tower,0,0,6,0,6,0,0,52,0,52,0,0,58,0,58,74,0,74,132
10/02/2022,UGN,IL,AGL,CE,Federal Contract Tower,0,5,9,0,14,0,0,37,0,37,0,5,46,0,51,60,0,60,111
10/03/2022,UGN,IL,AGL,CE,Federal Contract Tower,0,7,13,1,21,0,0,38,1,39,0,7,51,2,60,26,0,26,86
10/04/2022,UGN,IL,AGL,CE,Federal Contract Tower,0,5,16,0,21,0,0,98,0,98,0,5,114,0,119,112,0,112,231
10/05/2022,UGN,IL,AGL,CE,Federal Contract Tower,0,4,6,0,10,0,0,56,0,56,0,4,62,0,66,16,0,16,82
10/06/2022,UGN,IL,AGL,CE,Federal Contract Tower,0,15,9,0,24,0,0,54,0,54,0,15,63,0,78,18,0,18,96
10/07/2022,UGN,IL,AGL,CE,Federal Contract Tower,0,10,18,0,28,0,0,58,0,58,0,10,76,0,86,38,0,38,124
10/08/2022,UGN,IL,AGL,CE,Federal Contract Tower,0,2,4,1,7,0,0,51,0,51,0,2,55,1,58,30,6,36,94
10/09/2022,UGN,IL,AGL,CE,Federal Contract Tower,0,6,8,0,14,0,0,92,0,92,0,6,100,0,106,42,0,42,148
10/10/2022,UGN,IL,AGL,CE,Federal Contract Tower,0,13,27,0,40,0,0,74,0,74,0,13,101,0,114,22,0,22,136
10/11/2022,UGN,IL,AGL,CE,Federal Contract Tower,0,6,16,0,22,0,0,38,0,38,0,6,54,0,60,18,0,18,78
10/12/2022,UGN,IL,AGL,CE,Federal Contract Tower,0,13,14,0,27,0,0,11,0,11,0,13,25,0,38,0,0,0,38
10/13/2022,UGN,IL,AGL,CE,Federal Contract Tower,0,15,20,0,35,0,0,55,0,55,0,15,75,0,90,32,0,32,122
10/14/2022,UGN,IL,AGL,CE,Federal Contract Tower,0,7,13,0,20,0,0,70,2,72,0,7,83,2,92,6,0,6,98
10/15/2022,UGN,IL,AGL,CE,Federal Contract Tower,0,5,15,0,20,0,0,89,4,93,0,5,104,4,113,34,0,34,147
10/16/2022,UGN,IL,AGL,CE,Federal Contract Tower,0,13,12,0,25,0,0,57,0,57,0,13,69,0,82,32,0,32,114
10/17/2022,UGN,IL,AGL,CE,Federal Contract Tower,0,5,8,0,13,0,2,0,0,2,0,7,8,0,15,0,0,0,15
10/18/2022,UGN,IL,AGL,CE,Federal Contract Tower,0,6,19,0,25,0,0,0,0,0,0,6,19,0,25,0,0,0,25
10/19/2022,UGN,IL,AGL,CE,Federal Contract Tower,0,10,11,0,21,0,2,81,0,83,0,12,92,0,104,24,0,24,128
10/20/2022,UGN,IL,AGL,CE,Federal Contract Tower,0,9,18,0,27,0,0,120,0,120,0,9,138,0,147,92,0,92,239
10/21/2022,UGN,IL,AGL,CE,Federal Contract Tower,0,8,17,0,25,0,0,63,0,63,0,8,80,0,88,26,0,26,114
10/22/2022,UGN,IL,AGL,CE,Federal Contract Tower,0,3,14,0,17,0,0,107,0,107,0,3,121,0,124,34,0,34,158
10/23/2022,UGN,IL,AGL,CE,Federal Contract Tower,0,14,9,0,23,0,0,24,0,24,0,14,33,0,47,18,0,18,65
10/24/2022,UGN,IL,AGL,CE,Federal Contract Tower,0,9,11,0,20,0,0,21,0,21,0,9,32,0,41,18,0,18,59
10/25/2022,UGN,IL,AGL,CE,Federal Contract Tower,0,12,22,0,34,0,0,0,0,0,0,12,22,0,34,0,0,0,34
10/26/2022,UGN,IL,AGL,CE,Federal Contract Tower,0,12,6,0,18,0,0,64,2,66,0,12,70,2,84,30,0,30,114
10/27/2022,UGN,IL,AGL,CE,Federal Contract Tower,0,13,15,0,28,0,0,104,0,104,0,13,119,0,132,62,0,62,194
10/28/2022,UGN,IL,AGL,CE,Federal Contract Tower,0,13,20,0,33,0,0,95,0,95,0,13,115,0,128,82,0,82,210
10/30/2022,UGN,IL,AGL,CE,Federal Contract Tower,0,9,14,0,23,0,0,72,0,72,0,9,86,0,95,4,0,4,99
10/31/2022,UGN,IL,AGL,CE,Federal Contract Tower,0,13,18,0,31,0,0,8,0,8,0,13,26,0,39,20,0,20,59
11/01/2022,UGN,IL,AGL,CE,Federal Contract Tower,0,6,20,0,26,0,0,108,0,108,0,6,128,0,134,38,0,38,172
11/02/2022,UGN,IL,AGL,CE,Federal Contract Tower,0,12,13,0,25,0,0,70,0,70,0,12,83,0,95,34,0,34,129
11/03/2022,UGN,IL,AGL,CE,Federal Contract Tower,0,9,11,0,20,0,0,39,0,39,0,9,50,0,59,18,0,18,77
11/04/2022,UGN,IL,AGL,CE,Federal Contract Tower,0,9,14,0,23,0,0,36,0,36,0,9,50,0,59,10,0,10,69
11/05/2022,UGN,IL,AGL,CE,Federal Contract Tower,0,2,14,0,16,0,0,0,0,0,0,2,14,0,16,0,0,0,16
11/06/2022,UGN,IL,AGL,CE,Federal Contract Tower,0,10,17,0,27,0,0,45,0,45,0,10,62,0,72,36,0,36,108
11/07/2022,UGN,IL,AGL,CE,Federal Contract Tower,0,5,21,2,28,0,0,117,0,117,0,5,138,2,145,18,0,18,163
11/08/2022,UGN,IL,AGL,CE,Federal Contract Tower,0,4,17,0,21,0,0,68,0,68,0,4,85,0,89,26,0,26,115
11/09/2022,UGN,IL,AGL,CE,Federal Contract Tower,0,3,10,0,13,0,0,87,0,87,0,3,97,0,100,40,0,40,140
11/10/2022,UGN,IL,AGL,CE,Federal Contract Tower,0,4,15,0,19,0,0,26,0,26,0,4,41,0,45,4,0,4,49
11/11/2022,UGN,IL,AGL,CE,Federal Contract Tower,0,7,13,0,20,0,0,75,0,75,0,7,88,0,95,36,0,36,131
11/12/2022,UGN,IL,AGL,CE,Federal Contract Tower,0,2,10,0,12,0,0,170,0,170,0,2,180,0,182,72,0,72,254
11/13/2022,UGN,IL,AGL,CE,Federal Contract Tower,0,9,23,0,32,0,0,106,0,106,0,9,129,0,138,20,0,20,158
11/14/2022,UGN,IL,AGL,CE,Federal Contract Tower,0,3,12,0,15,0,0,150,0,150,0,3,162,0,165,26,0,26,191
11/15/2022,UGN,IL,AGL,CE,Federal Contract Tower,0,8,8,0,16,0,0,0,0,0,0,8,8,0,16,0,0,0,16
11/16/2022,UGN,IL,AGL,CE,Federal Contract Tower,0,15,17,0,32,0,0,3,0,3,0,15,20,0,35,0,0,0,35
11/17/2022,UGN,IL,AGL,CE,Federal Contract Tower,0,6,12,0,18,0,0,14,0,14,0,6,26,0,32,4,0,4,36
11/18/2022,UGN,IL,AGL,CE,Federal Contract Tower,0,18,18,0,36,0,0,18,0,18,0,18,36,0,54,4,0,4,58
11/19/2022,UGN,IL,AGL,CE,Federal Contract Tower,0,19,17,0,36,0,0,3,0,3,0,19,20,0,39,0,0,0,39
11/20/2022,UGN,IL,AGL,CE,Federal Contract Tower,0,13,10,0,23,0,0,122,0,122,0,13,132,0,145,46,0,46,191
11/21/2022,UGN,IL,AGL,CE,Federal Contract Tower,0,10,7,0,17,0,0,64,0,64,0,10,71,0,81,0,0,0,81
11/22/2022,UGN,IL,AGL,CE,Federal Contract Tower,0,14,15,2,31,0,0,118,0,118,0,14,133,2,149,32,0,32,181
11/23/2022,UGN,IL,AGL,CE,Federal Contract Tower,0,8,9,0,17,0,0,95,0,95,0,8,104,0,112,66,0,66,178
11/24/2022,UGN,IL,AGL,CE,Federal Contract Tower,0,4,3,0,7,0,0,25,0,25,0,4,28,0,32,0,0,0,32
11/25/2022,UGN,IL,AGL,CE,Federal Contract Tower,0,7,11,0,18,0,0,111,0,111,0,7,122,0,129,78,0,78,207
11/26/2022,UGN,IL,AGL,CE,Federal Contract Tower,0,11,2,0,13,0,0,88,0,88,0,11,90,0,101,40,0,40,141
11/27/2022,UGN,IL,AGL,CE,Federal Contract Tower,0,9,13,0,22,0,0,9,0,9,0,9,22,0,31,16,0,16,47
11/28/2022,UGN,IL,AGL,CE,Federal Contract Tower,0,11,11,0,22,0,0,82,0,82,0,11,93,0,104,60,0,60,164
11/29/2022,UGN,IL,AGL,CE,Federal Contract Tower,0,7,8,0,15,0,0,3,0,3,0,7,11,0,18,0,0,0,18
11/30/2022,UGN,IL,AGL,CE,Federal Contract Tower,0,16,6,0,22,0,0,0,0,0,0,16,6,0,22,0,0,0,22
12/01/2022,UGN,IL,AGL,CE,Federal Contract Tower,0,13,16,0,29,0,0,118,2,120,0,13,134,2,149,66,0,66,215
12/02/2022,UGN,IL,AGL,CE,Federal Contract Tower,0,5,9,0,14,0,0,19,0,19,0,5,28,0,33,0,0,0,33
12/03/2022,UGN,IL,AGL,CE,Federal Contract Tower,0,5,5,0,10,0,0,38,0,38,0,5,43,0,48,38,0,38,86
12/04/2022,UGN,IL,AGL,CE,Federal Contract Tower,0,7,13,0,20,0,0,88,0,88,0,7,101,0,108,72,0,72,180
12/05/2022,UGN,IL,AGL,CE,Federal Contract Tower,0,11,11,0,22,0,0,73,0,73,0,11,84,0,95,78,0,78,173
12/06/2022,UGN,IL,AGL,CE,Federal Contract Tower,4,0,17,0,21,0,0,38,0,38,4,0,55,0,59,56,0,56,115
12/07/2022,UGN,IL,AGL,CE,Federal Contract Tower,0,4,24,0,28,0,0,8,0,8,0,4,32,0,36,14,0,14,50
12/08/2022,UGN,IL,AGL,CE,Federal Contract Tower,0,12,20,0,32,0,0,92,0,92,0,12,112,0,124,62,0,62,186
12/09/2022,UGN,IL,AGL,CE,Federal Contract Tower,0,12,13,0,25,0,0,0,0,0,0,12,13,0,25,0,0,0,25
12/10/2022,UGN,IL,AGL,CE,Federal Contract Tower,0,8,4,0,12,0,0,0,0,0,0,8,4,0,12,0,0,0,12
12/11/2022,UGN,IL,AGL,CE,Federal Contract Tower,0,3,14,0,17,0,0,30,0,30,0,3,44,0,47,14,0,14,61
12/12/2022,UGN,IL,AGL,CE,Federal Contract Tower,0,8,14,0,22,0,0,63,0,63,0,8,77,0,85,54,0,54,139
12/13/2022,UGN,IL,AGL,CE,Federal Contract Tower,0,10,15,0,25,0,0,18,0,18,0,10,33,0,43,20,0,20,63
12/14/2022,UGN,IL,AGL,CE,Federal Contract Tower,0,9,10,0,19,0,0,0,0,0,0,9,10,0,19,0,0,0,19
12/15/2022,UGN,IL,AGL,CE,Federal Contract Tower,0,11,10,0,21,0,0,52,0,52,0,11,62,0,73,42,0,42,115
12/16/2022,UGN,IL,AGL,CE,Federal Contract Tower,0,13,13,0,26,0,0,0,0,0,0,13,13,0,26,12,0,12,38
12/17/2022,UGN,IL,AGL,CE,Federal Contract Tower,0,14,3,0,17,0,0,0,0,0,0,14,3,0,17,0,0,0,17
12/18/2022,UGN,IL,AGL,CE,Federal Contract Tower,0,16,14,0,30,0,1,69,0,70,0,17,83,0,100,116,0,116,216
12/19/2022,UGN,IL,AGL,CE,Federal Contract Tower,0,7,16,0,23,0,0,111,0,111,0,7,127,0,134,22,0,22,156
12/20/2022,UGN,IL,AGL,CE,Federal Contract Tower,0,7,14,0,21,0,0,71,0,71,0,7,85,0,92,136,0,136,228
12/21/2022,UGN,IL,AGL,CE,Federal Contract Tower,0,12,13,0,25,0,0,110,0,110,0,12,123,0,135,28,0,28,163
12/22/2022,UGN,IL,AGL,CE,Federal Contract Tower,0,8,6,0,14,0,0,0,0,0,0,8,6,0,14,0,0,0,14
12/23/2022,UGN,IL,AGL,CE,Federal Contract Tower,0,1,7,0,8,0,0,0,0,0,0,1,7,0,8,0,0,0,8
12/25/2022,UGN,IL,AGL,CE,Federal Contract Tower,0,11,5,0,16,0,0,2,0,2,0,11,7,0,18,0,0,0,18
12/26/2022,UGN,IL,AGL,CE,Federal Contract Tower,0,7,20,0,27,0,0,91,0,91,0,7,111,0,118,2,0,2,120
12/27/2022,UGN,IL,AGL,CE,Federal Contract Tower,0,10,11,0,21,0,0,70,0,70,0,10,81,0,91,12,0,12,103
12/28/2022,UGN,IL,AGL,CE,Federal Contract Tower,0,17,15,0,32,0,0,34,0,34,0,17,49,0,66,0,0,0,66
12/29/2022,UGN,IL,AGL,CE,Federal Contract Tower,0,9,10,0,19,0,0,4,0,4,0,9,14,0,23,2,0,2,25
12/30/2022,UGN,IL,AGL,CE,Federal Contract Tower,0,8,7,0,15,0,0,69,0,69,0,8,76,0,84,60,0,60,144
12/31/2022,UGN,IL,AGL,CE,Federal Contract Tower,0,4,10,0,14,0,0,98,0,98,0,4,108,0,112,6,0,6,118
01/01/2023,UGN,IL,AGL,CE,Federal Contract Tower,0,6,15,0,21,0,0,5,0,5,0,6,20,0,26,10,0,10,36
01/02/2023,UGN,IL,AGL,CE,Federal Contract Tower,0,9,11,0,20,0,0,96,0,96,0,9,107,0,116,12,0,12,128
01/03/2023,UGN,IL,AGL,CE,Federal Contract Tower,0,6,8,0,14,0,0,0,0,0,0,6,8,0,14,0,0,0,14
01/04/2023,UGN,IL,AGL,CE,Federal Contract Tower,0,16,9,0,25,0,0,37,0,37,0,16,46,0,62,32,0,32,94
01/05/2023,UGN,IL,AGL,CE,Federal Contract Tower,0,6,6,0,12,0,0,15,0,15,0,6,21,0,27,8,0,8,35
01/06/2023,UGN,IL,AGL,CE,Federal Contract Tower,0,11,9,0,20,0,0,71,0,71,0,11,80,0,91,54,0,54,145
01/07/2023,UGN,IL,AGL,CE,Federal Contract Tower,0,8,12,0,20,0,0,118,0,118,0,8,130,0,138,74,0,74,212
01/08/2023,UGN,IL,AGL,CE,Federal Contract Tower,0,13,21,0,34,0,0,73,0,73,0,13,94,0,107,66,0,66,173
01/09/2023,UGN,IL,AGL,CE,Federal Contract Tower,0,8,11,0,19,0,0,103,0,103,0,8,114,0,122,106,0,106,228
01/10/2023,UGN,IL,AGL,CE,Federal Contract Tower,0,8,4,0,12,0,0,51,0,51,0,8,55,0,63,56,0,56,119
01/11/2023,UGN,IL,AGL,CE,Federal Contract Tower,0,7,17,0,24,0,0,77,0,77,0,7,94,0,101,52,0,52,153
01/12/2023,UGN,IL,AGL,CE,Federal Contract Tower,0,7,8,1,16,0,0,27,0,27,0,7,35,1,43,0,0,0,43
01/13/2023,UGN,IL,AGL,CE,Federal Contract Tower,0,7,18,0,25,0,0,29,0,29,0,7,47,0,54,16,0,16,70
01/14/2023,UGN,IL,AGL,CE,Federal Contract Tower,0,9,9,0,18,0,0,116,0,116,0,9,125,0,134,202,0,202,336
01/15/2023,UGN,IL,AGL,CE,Federal Contract Tower,0,6,17,0,23,0,0,71,0,71,0,6,88,0,94,28,0,28,122
01/16/2023,UGN,IL,AGL,CE,Federal Contract Tower,0,5,14,0,19,0,0,0,0,0,0,5,14,0,19,0,0,0,19
01/17/2023,UGN,IL,AGL,CE,Federal Contract Tower,0,6,10,0,16,0,0,0,0,0,0,6,10,0,16,0,0,0,16
01/18/2023,UGN,IL,AGL,CE,Federal Contract Tower,0,2,14,0,16,0,0,41,0,41,0,2,55,0,57,80,0,80,137
01/19/2023,UGN,IL,AGL,CE,Federal Contract Tower,0,6,10,0,16,0,0,0,0,0,0,6,10,0,16,0,0,0,16
01/20/2023,UGN,IL,AGL,CE,Federal Contract Tower,0,5,14,0,19,0,0,95,0,95,0,5,109,0,114,2,0,2,116
01/21/2023,UGN,IL,AGL,CE,Federal Contract Tower,0,2,7,0,9,0,0,100,0,100,0,2,107,0,109,36,0,36,145
01/22/2023,UGN,IL,AGL,CE,Federal Contract Tower,0,8,10,0,18,0,0,0,0,0,0,8,10,0,18,0,0,0,18
01/23/2023,UGN,IL,AGL,CE,Federal Contract Tower,0,9,11,0,20,0,0,74,0,74,0,9,85,0,94,26,0,26,120
01/24/2023,UGN,IL,AGL,CE,Federal Contract Tower,0,9,15,0,24,0,0,90,0,90,0,9,105,0,114,32,0,32,146
01/25/2023,UGN,IL,AGL,CE,Federal Contract Tower,0,6,10,0,16,0,0,0,0,0,0,6,10,0,16,0,0,0,16
01/26/2023,UGN,IL,AGL,CE,Federal Contract Tower,0,15,10,0,25,0,0,0,0,0,0,15,10,0,25,0,0,0,25
01/27/2023,UGN,IL,AGL,CE,Federal Contract Tower,0,11,7,0,18,0,0,1,0,1,0,11,8,0,19,0,0,0,19
01/28/2023,UGN,IL,AGL,CE,Federal Contract Tower,0,11,8,0,19,0,0,11,0,11,0,11,19,0,30,30,0,30,60
01/29/2023,UGN,IL,AGL,CE,Federal Contract Tower,0,6,4,0,10,0,0,31,0,31,0,6,35,0,41,4,0,4,45
01/30/2023,UGN,IL,AGL,CE,Federal Contract Tower,0,8,13,0,21,0,0,36,0,36,0,8,49,0,57,18,0,18,75
01/31/2023,UGN,IL,AGL,CE,Federal Contract Tower,0,6,14,0,20,0,0,50,0,50,0,6,64,0,70,12,0,12,82
02/01/2023,UGN,IL,AGL,CE,Federal Contract Tower,0,10,14,0,24,0,0,66,0,66,0,10,80,0,90,4,0,4,94
02/02/2023,UGN,IL,AGL,CE,Federal Contract Tower,0,2,11,0,13,0,4,74,0,78,0,6,85,0,91,26,0,26,117
02/03/2023,UGN,IL,AGL,CE,Federal Contract Tower,0,16,14,2,32,0,0,53,0,53,0,16,67,2,85,2,0,2,87
02/04/2023,UGN,IL,AGL,CE,Federal Contract Tower,0,5,13,0,18,0,0,35,0,35,0,5,48,0,53,26,0,26,79
02/05/2023,UGN,IL,AGL,CE,Federal Contract Tower,0,9,6,0,15,0,0,98,0,98,0,9,104,0,113,30,0,30,143
02/06/2023,UGN,IL,AGL,CE,Federal Contract Tower,0,10,7,0,17,0,0,54,0,54,0,10,61,0,71,12,0,12,83
02/07/2023,UGN,IL,AGL,CE,Federal Contract Tower,0,6,9,0,15,0,0,30,0,30,0,6,39,0,45,6,0,6,51
02/08/2023,UGN,IL,AGL,CE,Federal Contract Tower,0,10,10,0,20,0,0,114,0,114,0,10,124,0,134,46,0,46,180
02/09/2023,UGN,IL,AGL,CE,Federal Contract Tower,0,17,14,0,31,0,0,0,0,0,0,17,14,0,31,0,0,0,31
02/10/2023,UGN,IL,AGL,CE,Federal Contract Tower,0,4,17,0,21,0,0,109,0,109,0,4,126,0,130,4,0,4,134
02/11/2023,UGN,IL,AGL,CE,Federal Contract Tower,0,5,10,0,15,0,0,114,0,114,0,5,124,0,129,34,0,34,163
02/12/2023,UGN,IL,AGL,CE,Federal Contract Tower,0,8,5,0,13,0,0,128,0,128,0,8,133,0,141,42,0,42,183
02/13/2023,UGN,IL,AGL,CE,Federal Contract Tower,0,5,14,0,19,0,0,99,0,99,0,5,113,0,118,10,0,10,128
02/14/2023,UGN,IL,AGL,CE,Federal Contract Tower,0,9,8,0,17,0,0,38,0,38,0,9,46,0,55,14,0,14,69
02/15/2023,UGN,IL,AGL,CE,Federal Contract Tower,0,9,18,0,27,0,0,0,0,0,0,9,18,0,27,0,0,0,27
02/16/2023,UGN,IL,AGL,CE,Federal Contract Tower,0,12,13,0,25,0,0,0,0,0,0,12,13,0,25,0,0,0,25
02/17/2023,UGN,IL,AGL,CE,Federal Contract Tower,0,7,13,0,20,0,0,112,0,112,0,7,125,0,132,56,0,56,188
02/18/2023,UGN,IL,AGL,CE,Federal Contract Tower,0,8,11,0,19,0,0,112,0,112,0,8,123,0,131,30,0,30,161
02/19/2023,UGN,IL,AGL,CE,Federal Contract Tower,0,8,6,0,14,0,0,41,0,41,0,8,47,0,55,14,0,14,69
02/20/2023,UGN,IL,AGL,CE,Federal Contract Tower,0,2,11,0,13,0,0,84,0,84,0,2,95,0,97,46,0,46,143
02/21/2023,UGN,IL,AGL,CE,Federal Contract Tower,0,7,13,0,20,0,0,61,0,61,0,7,74,0,81,52,0,52,133
02/23/2023,UGN,IL,AGL,CE,Federal Contract Tower,0,7,18,0,25,0,0,0,0,0,0,7,18,0,25,0,0,0,25
02/24/2023,UGN,IL,AGL,CE,Federal Contract Tower,0,6,13,0,19,0,0,84,0,84,0,6,97,0,103,22,0,22,125
02/25/2023,UGN,IL,AGL,CE,Federal Contract Tower,0,9,6,0,15,0,0,71,0,71,0,9,77,0,86,22,0,22,108
02/26/2023,UGN,IL,AGL,CE,Federal Contract Tower,0,10,8,0,18,0,0,131,0,131,0,10,139,0,149,38,0,38,187
02/27/2023,UGN,IL,AGL,CE,Federal Contract Tower,0,9,7,0,16,0,0,0,0,0,0,9,7,0,16,0,0,0,16
02/28/2023,UGN,IL,AGL,CE,Federal Contract Tower,0,7,11,0,18,0,0,91,0,91,0,7,102,0,109,78,0,78,187
03/01/2023,UGN,IL,AGL,CE,Federal Contract Tower,0,3,24,0,27,0,0,54,2,56,0,3,78,2,83,32,0,32,115
03/02/2023,UGN,IL,AGL,CE,Federal Contract Tower,0,13,12,0,25,0,0,70,0,70,0,13,82,0,95,36,0,36,131
03/03/2023,UGN,IL,AGL,CE,Federal Contract Tower,0,4,7,0,11,0,0,11,0,11,0,4,18,0,22,26,0,26,48
03/04/2023,UGN,IL,AGL,CE,Federal Contract Tower,0,7,8,0,15,0,0,120,0,120,0,7,128,0,135,34,0,34,169
03/05/2023,UGN,IL,AGL,CE,Federal Contract Tower,0,14,24,0,38,0,0,171,2,173,0,14,195,2,211,88,2,90,301
03/06/2023,UGN,IL,AGL,CE,Federal Contract Tower,0,6,15,0,21,0,0,41,0,41,0,6,56,0,62,24,0,24,86
03/07/2023,UGN,IL,AGL,CE,Federal Contract Tower,0,5,15,0,20,0,0,119,0,119,0,5,134,0,139,54,0,54,193
03/08/2023,UGN,IL,AGL,CE,Federal Contract Tower,0,12,15,0,27,0,0,105,0,105,0,12,120,0,132,10,0,10,142
03/09/2023,UGN,IL,AGL,CE,Federal Contract Tower,0,9,16,0,25,0,0,31,0,31,0,9,47,0,56,2,0,2,58
03/10/2023,UGN,IL,AGL,CE,Federal Contract Tower,0,4,4,0,8,0,0,2,0,2,0,4,6,0,10,0,0,0,10
03/12/2023,UGN,IL,AGL,CE,Federal Contract Tower,0,7,13,0,20,0,0,0,0,0,0,7,13,0,20,0,0,0,20
03/13/2023,UGN,IL,AGL,CE,Federal Contract Tower,0,6,6,0,12,0,0,7,0,7,0,6,13,0,19,0,0,0,19
03/14/2023,UGN,IL,AGL,CE,Federal Contract Tower,0,11,13,0,24,0,1,129,0,130,0,12,142,0,154,40,0,40,194
03/15/2023,UGN,IL,AGL,CE,Federal Contract Tower,0,5,16,0,21,0,0,72,0,72,0,5,88,0,93,22,0,22,115
03/16/2023,UGN,IL,AGL,CE,Federal Contract Tower,0,3,11,0,14,0,0,35,0,35,0,3,46,0,49,8,0,8,57
03/17/2023,UGN,IL,AGL,CE,Federal Contract Tower,0,9,1,0,10,0,0,5,0,5,0,9,6,0,15,0,0,0,15
03/18/2023,UGN,IL,AGL,CE,Federal Contract Tower,0,6,4,0,10,0,0,10,0,10,0,6,14,0,20,0,0,0,20
03/19/2023,UGN,IL,AGL,CE,Federal Contract Tower,0,3,10,0,13,0,0,91,0,91,0,3,101,0,104,12,0,12,116
03/20/2023,UGN,IL,AGL,CE,Federal Contract Tower,0,9,13,0,22,0,0,18,0,18,0,9,31,0,40,8,0,8,48
03/21/2023,UGN,IL,AGL,CE,Federal Contract Tower,0,1,16,0,17,0,0,94,2,96,0,1,110,2,113,24,0,24,137
03/22/2023,UGN,IL,AGL,CE,Federal Contract Tower,0,5,29,0,34,0,0,0,0,0,0,5,29,0,34,0,0,0,34
03/23/2023,UGN,IL,AGL,CE,Federal Contract Tower,0,7,9,0,16,0,0,54,0,54,0,7,63,0,70,0,0,0,70
03/24/2023,UGN,IL,AGL,CE,Federal Contract Tower,0,16,16,0,32,0,0,136,0,136,0,16,152,0,168,124,0,124,292
03/25/2023,UGN,IL,AGL,CE,Federal Contract Tower,0,16,4,0,20,0,0,0,0,0,0,16,4,0,20,0,0,0,20
03/26/2023,UGN,IL,AGL,CE,Federal Contract Tower,0,6,13,0,19,0,0,96,0,96,0,6,109,0,115,110,0,110,225
03/27/2023,UGN,IL,AGL,CE,Federal Contract Tower,0,7,10,0,17,0,0,104,0,104,0,7,114,0,121,12,0,12,133
03/28/2023,UGN,IL,AGL,CE,Federal Contract Tower,0,1,13,0,14,0,0,111,0,111,0,1,124,0,125,10,0,10,135
03/29/2023,UGN,IL,AGL,CE,Federal Contract Tower,0,5,7,0,12,0,0,61,0,61,0,5,68,0,73,10,0,10,83
03/30/2023,UGN,IL,AGL,CE,Federal Contract Tower,0,11,10,0,21,0,0,51,4,55,0,11,61,4,76,6,0,6,82
03/31/2023,UGN,IL,AGL,CE,Federal Contract Tower,0,16,15,0,31,0,0,8,0,8,0,16,23,0,39,0,0,0,39
04/01/2023,UGN,IL,AGL,CE,Federal Contract Tower,0,8,7,0,15,0,0,4,0,4,0,8,11,0,19,2,0,2,21
04/02/2023,UGN,IL,AGL,CE,Federal Contract Tower,0,20,12,0,32,0,0,109,0,109,0,20,121,0,141,36,0,36,177
04/03/2023,UGN,IL,AGL,CE,Federal Contract Tower,0,11,14,0,25,0,0,68,0,68,0,11,82,0,93,6,0,6,99
04/04/2023,UGN,IL,AGL,CE,Federal Contract Tower,0,7,7,0,14,0,0,0,0,0,0,7,7,0,14,0,0,0,14
04/05/2023,UGN,IL,AGL,CE,Federal Contract Tower,0,14,5,0,19,0,0,1,0,1,0,14,6,0,20,0,0,0,20
04/06/2023,UGN,IL,AGL,CE,Federal Contract Tower,0,4,12,0,16,0,0,78,0,78,0,4,90,0,94,24,0,24,118
04/07/2023,UGN,IL,AGL,CE,Federal Contract Tower,0,13,14,0,27,0,0,127,0,127,0,13,141,0,154,46,0,46,200
04/08/2023,UGN,IL,AGL,CE,Federal Contract Tower,0,6,2,0,8,0,0,111,0,111,0,6,113,0,119,30,0,30,149
04/09/2023,UGN,IL,AGL,CE,Federal Contract Tower,0,7,11,0,18,0,0,84,0,84,0,7,95,0,102,8,0,8,110
04/10/2023,UGN,IL,AGL,CE,Federal Contract Tower,0,6,12,0,18,0,0,128,0,128,0,6,140,0,146,48,0,48,194
04/11/2023,UGN,IL,AGL,CE,Federal Contract Tower,0,8,11,0,19,0,0,71,0,71,0,8,82,0,90,24,0,24,114
04/12/2023,UGN,IL,AGL,CE,Federal Contract Tower,0,4,11,0,15,0,0,12,0,12,0,4,23,0,27,6,0,6,33
04/13/2023,UGN,IL,AGL,CE,Federal Contract Tower,0,9,19,0,28,0,0,110,0,110,0,9,129,0,138,48,0,48,186
04/14/2023,UGN,IL,AGL,CE,Federal Contract Tower,0,4,7,0,11,0,0,99,0,99,0,4,106,0,110,48,0,48,158
04/15/2023,UGN,IL,AGL,CE,Federal Contract Tower,0,3,11,0,14,0,0,127,0,127,0,3,138,0,141,16,0,16,157
04/16/2023,UGN,IL,AGL,CE,Federal Contract Tower,0,8,14,0,22,0,0,0,0,0,0,8,14,0,22,0,0,0,22
04/17/2023,UGN,IL,AGL,CE,Federal Contract Tower,0,4,11,0,15,0,0,1,0,1,0,4,12,0,16,0,0,0,16
04/18/2023,UGN,IL,AGL,CE,Federal Contract Tower,0,12,21,0,33,0,0,101,0,101,0,12,122,0,134,30,0,30,164
04/19/2023,UGN,IL,AGL,CE,Federal Contract Tower,0,2,10,0,12,0,0,22,0,22,0,2,32,0,34,10,0,10,44
04/20/2023,UGN,IL,AGL,CE,Federal Contract Tower,0,18,9,0,27,0,0,21,0,21,0,18,30,0,48,0,0,0,48
04/21/2023,UGN,IL,AGL,CE,Federal Contract Tower,0,12,17,0,29,0,0,69,0,69,0,12,86,0,98,84,0,84,182
04/22/2023,UGN,IL,AGL,CE,Federal Contract Tower,0,12,18,0,30,0,0,29,0,29,0,12,47,0,59,20,0,20,79
04/23/2023,UGN,IL,AGL,CE,Federal Contract Tower,0,6,11,0,17,0,0,128,0,128,0,6,139,0,145,66,0,66,211
04/24/2023,UGN,IL,AGL,CE,Federal Contract Tower,0,7,15,0,22,0,0,99,0,99,0,7,114,0,121,34,0,34,155
04/25/2023,UGN,IL,AGL,CE,Federal Contract Tower,0,13,10,0,23,0,0,37,0,37,0,13,47,0,60,12,0,12,72
04/26/2023,UGN,IL,AGL,CE,Federal Contract Tower,0,4,22,0,26,0,0,98,0,98,0,4,120,0,124,102,0,102,226
04/27/2023,UGN,IL,AGL,CE,Federal Contract Tower,0,10,19,0,29,0,0,123,0,123,0,10,142,0,152,68,0,68,220
04/28/2023,UGN,IL,AGL,CE,Federal Contract Tower,0,1,17,0,18,0,0,188,0,188,0,1,205,0,206,80,0,80,286
04/29/2023,UGN,IL,AGL,CE,Federal Contract Tower,0,6,14,0,20,0,0,22,0,22,0,6,36,0,42,10,0,10,52
04/30/2023,UGN,IL,AGL,CE,Federal Contract Tower,0,14,6,0,20,0,0,15,0,15,0,14,21,0,35,0,0,0,35
05/01/2023,UGN,IL,AGL,CE,Federal Contract Tower,0,6,11,0,17,0,0,0,0,0,0,6,11,0,17,0,0,0,17
05/02/2023,UGN,IL,AGL,CE,Federal Contract Tower,0,11,7,0,18,0,0,57,0,57,0,11,64,0,75,18,0,18,93
05/03/2023,UGN,IL,AGL,CE,Federal Contract Tower,0,14,11,0,25,0,0,129,0,129,0,14,140,0,154,102,0,102,256
05/04/2023,UGN,IL,AGL,CE,Federal Contract Tower,0,11,18,2,31,0,0,128,0,128,0,11,146,2,159,20,0,20,179
05/05/2023,UGN,IL,AGL,CE,Federal Contract Tower,0,6,19,0,25,0,0,96,0,96,0,6,115,0,121,42,0,42,163
05/06/2023,UGN,IL,AGL,CE,Federal Contract Tower,0,6,12,0,18,0,68,0,0,68,0,74,12,0,86,24,0,24,110
05/07/2023,UGN,IL,AGL,CE,Federal Contract Tower,0,6,16,0,22,0,0,81,0,81,0,6,97,0,103,30,0,30,133
05/08/2023,UGN,IL,AGL,CE,Federal Contract Tower,0,10,19,0,29,0,0,0,0,0,0,10,19,0,29,0,0,0,29
05/09/2023,UGN,IL,AGL,CE,Federal Contract Tower,0,6,15,0,21,0,0,144,0,144,0,6,159,0,165,86,0,86,251
05/10/2023,UGN,IL,AGL,CE,Federal Contract Tower,0,6,16,0,22,0,0,122,0,122,0,6,138,0,144,30,0,30,174
05/11/2023,UGN,IL,AGL,CE,Federal Contract Tower,0,7,11,0,18,0,3,102,0,105,0,10,113,0,123,32,0,32,155
05/12/2023,UGN,IL,AGL,CE,Federal Contract Tower,0,13,17,0,30,0,0,41,0,41,0,13,58,0,71,22,0,22,93
05/13/2023,UGN,IL,AGL,CE,Federal Contract Tower,0,6,7,0,13,0,8,129,0,137,0,14,136,0,150,56,0,56,206
05/14/2023,UGN,IL,AGL,CE,Federal Contract Tower,0,12,8,0,20,0,0,46,0,46,0,12,54,0,66,42,0,42,108
05/15/2023,UGN,IL,AGL,CE,Federal Contract Tower,0,11,18,0,29,0,0,117,0,117,0,11,135,0,146,46,0,46,192
05/16/2023,UGN,IL,AGL,CE,Federal Contract Tower,0,3,17,1,21,0,0,77,1,78,0,3,94,2,99,10,0,10,109
05/17/2023,UGN,IL,AGL,CE,Federal Contract Tower,0,14,17,0,31,0,0,129,2,131,0,14,146,2,162,132,4,136,298
05/18/2023,UGN,IL,AGL,CE,Federal Contract Tower,0,12,25,0,37,0,0,80,0,80,0,12,105,0,117,10,0,10,127
05/19/2023,UGN,IL,AGL,CE,Federal Contract Tower,0,9,25,1,35,0,0,36,0,36,0,9,61,1,71,16,0,16,87
05/20/2023,UGN,IL,AGL,CE,Federal Contract Tower,0,6,8,1,15,0,0,121,0,121,0,6,129,1,136,34,0,34,170
05/21/2023,UGN,IL,AGL,CE,Federal Contract Tower,0,20,12,0,32,0,2,84,0,86,0,22,96,0,118,16,0,16,134
05/22/2023,UGN,IL,AGL,CE,Federal Contract Tower,0,13,11,0,24,0,0,67,0,67,0,13,78,0,91,2,0,2,93
05/23/2023,UGN,IL,AGL,CE,Federal Contract Tower,0,4,5,0,9,0,0,94,0,94,0,4,99,0,103,20,0,20,123
05/24/2023,UGN,IL,AGL,CE,Federal Contract Tower,0,9,18,0,27,0,0,61,0,61,0,9,79,0,88,22,0,22,110
05/25/2023,UGN,IL,AGL,CE,Federal Contract Tower,0,8,14,0,22,0,20,99,0,119,0,28,113,0,141,52,0,52,193
05/26/2023,UGN,IL,AGL,CE,Federal Contract Tower,0,4,13,0,17,0,12,216,2,230,0,16,229,2,247,100,0,100,347
05/27/2023,UGN,IL,AGL,CE,Federal Contract Tower,0,6,6,0,12,0,46,118,1,165,0,52,124,1,177,48,0,48,225
05/28/2023,UGN,IL,AGL,CE,Federal Contract Tower,0,3,6,0,9,0,0,149,0,149,0,3,155,0,158,48,0,48,206
05/29/2023,UGN,IL,AGL,CE,Federal Contract Tower,0,9,11,0,20,0,0,120,0,120,0,9,131,0,140,34,0,34,174
05/30/2023,UGN,IL,AGL,CE,Federal Contract Tower,0,8,10,0,18,0,0,107,0,107,0,8,117,0,125,60,0,60,185
05/31/2023,UGN,IL,AGL,CE,Federal Contract Tower,0,6,16,0,22,0,0,137,2,139,0,6,153,2,161,10,0,10,171
06/01/2023,UGN,IL,AGL,CE,Federal Contract Tower,0,8,7,0,15,0,0,132,0,132,0,8,139,0,147,32,0,32,179
06/02/2023,UGN,IL,AGL,CE,Federal Contract Tower,0,7,11,0,18,0,0,118,1,119,0,7,129,1,137,48,6,54,191
06/03/2023,UGN,IL,AGL,CE,Federal Contract Tower,0,5,10,0,15,0,0,132,2,134,0,5,142,2,149,64,0,64,213
06/04/2023,UGN,IL,AGL,CE,Federal Contract Tower,0,8,19,0,27,0,7,160,0,167,0,15,179,0,194,32,0,32,226
06/05/2023,UGN,IL,AGL,CE,Federal Contract Tower,0,8,17,0,25,0,4,113,2,119,0,12,130,2,144,2,2,4,148
06/06/2023,UGN,IL,AGL,CE,Federal Contract Tower,0,9,17,0,26,0,12,95,0,107,0,21,112,0,133,22,0,22,155
06/07/2023,UGN,IL,AGL,CE,Federal Contract Tower,0,11,24,2,37,0,13,124,0,137,0,24,148,2,174,44,0,44,218
06/08/2023,UGN,IL,AGL,CE,Federal Contract Tower,0,12,15,0,27,0,2,149,1,152,0,14,164,1,179,26,0,26,205
06/09/2023,UGN,IL,AGL,CE,Federal Contract Tower,0,11,15,0,26,0,0,147,2,149,0,11,162,2,175,14,0,14,189
06/10/2023,UGN,IL,AGL,CE,Federal Contract Tower,0,6,4,0,10,0,9,127,2,138,0,15,131,2,148,72,0,72,220
06/11/2023,UGN,IL,AGL,CE,Federal Contract Tower,0,23,30,2,55,0,0,0,0,0,0,23,30,2,55,0,0,0,55
06/12/2023,UGN,IL,AGL,CE,Federal Contract Tower,0,11,19,0,30,0,0,116,1,117,0,11,135,1,147,52,0,52,199
06/13/2023,UGN,IL,AGL,CE,Federal Contract Tower,0,5,24,0,29,0,0,44,2,46,0,5,68,2,75,10,0,10,85
06/14/2023,UGN,IL,AGL,CE,Federal Contract Tower,0,13,21,0,34,0,16,86,0,102,0,29,107,0,136,54,0,54,190
06/15/2023,UGN,IL,AGL,CE,Federal Contract Tower,0,13,18,0,31,0,0,49,2,51,0,13,67,2,82,28,0,28,110
06/16/2023,UGN,IL,AGL,CE,Federal Contract Tower,0,12,26,0,38,0,10,72,2,84,0,22,98,2,122,72,0,72,194
06/17/2023,UGN,IL,AGL,CE,Federal Contract Tower,0,2,12,0,14,0,0,102,0,102,0,2,114,0,116,92,0,92,208
06/18/2023,UGN,IL,AGL,CE,Federal Contract Tower,0,14,15,0,29,0,0,78,0,78,0,14,93,0,107,70,0,70,177
06/19/2023,UGN,IL,AGL,CE,Federal Contract Tower,0,14,20,0,34,0,1,147,2,150,0,15,167,2,184,106,0,106,290
06/20/2023,UGN,IL,AGL,CE,Federal Contract Tower,0,4,7,1,12,0,110,0,2,112,0,114,7,3,124,42,0,42,166
06/21/2023,UGN,IL,AGL,CE,Federal Contract Tower,0,1,15,1,17,0,0,146,2,148,0,1,161,3,165,50,0,50,215
06/22/2023,UGN,IL,AGL,CE,Federal Contract Tower,0,14,10,0,24,0,0,155,0,155,0,14,165,0,179,48,0,48,227
06/23/2023,UGN,IL,AGL,CE,Federal Contract Tower,0,19,23,4,46,0,0,174,2,176,0,19,197,6,222,62,0,62,284
06/24/2023,UGN,IL,AGL,CE,Federal Contract Tower,0,17,13,0,30,0,0,89,2,91,0,17,102,2,121,24,0,24,145
06/25/2023,UGN,IL,AGL,CE,Federal Contract Tower,0,17,19,3,39,0,0,29,2,31,0,17,48,5,70,14,0,14,84
06/26/2023,UGN,IL,AGL,CE,Federal Contract Tower,0,14,27,0,41,0,0,2,0,2,0,14,29,0,43,0,0,0,43
06/27/2023,UGN,IL,AGL,CE,Federal Contract Tower,0,13,29,0,42,0,0,0,0,0,0,13,29,0,42,0,0,0,42
06/28/2023,UGN,IL,AGL,CE,Federal Contract Tower,0,17,37,2,56,0,0,0,0,0,0,17,37,2,56,0,0,0,56
06/29/2023,UGN,IL,AGL,CE,Federal Contract Tower,0,14,17,0,31,0,0,1,0,1,0,14,18,0,32,18,0,18,50
06/30/2023,UGN,IL,AGL,CE,Federal Contract Tower,0,18,23,0,41,0,0,85,1,86,0,18,108,1,127,62,0,62,189
07/01/2023,UGN,IL,AGL,CE,Federal Contract Tower,0,9,11,0,20,0,0,114,0,114,0,9,125,0,134,8,0,8,142
07/02/2023,UGN,IL,AGL,CE,Federal Contract Tower,0,12,21,0,33,0,0,5,0,5,0,12,26,0,38,0,0,0,38
07/03/2023,UGN,IL,AGL,CE,Federal Contract Tower,0,7,9,0,16,0,0,128,2,130,0,7,137,2,146,74,10,84,230
07/04/2023,UGN,IL,AGL,CE,Federal Contract Tower,0,3,9,0,12,0,0,90,0,90,0,3,99,0,102,66,0,66,168
07/05/2023,UGN,IL,AGL,CE,Federal Contract Tower,0,11,10,0,21,0,0,65,0,65,0,11,75,0,86,28,0,28,114
07/06/2023,UGN,IL,AGL,CE,Federal Contract Tower,0,10,12,0,22,0,0,126,1,127,0,10,138,1,149,80,0,80,229
07/07/2023,UGN,IL,AGL,CE,Federal Contract Tower,0,8,9,0,17,0,0,156,4,160,0,8,165,4,177,108,0,108,285
07/08/2023,UGN,IL,AGL,CE,Federal Contract Tower,0,9,18,0,27,0,0,87,0,87,0,9,105,0,114,16,0,16,130
07/09/2023,UGN,IL,AGL,CE,Federal Contract Tower,0,7,15,0,22,0,0,171,2,173,0,7,186,2,195,70,0,70,265
07/10/2023,UGN,IL,AGL,CE,Federal Contract Tower,0,16,11,0,27,0,0,89,0,89,0,16,100,0,116,10,0,10,126
07/11/2023,UGN,IL,AGL,CE,Federal Contract Tower,0,10,21,0,31,0,0,111,0,111,0,10,132,0,142,78,0,78,220
07/12/2023,UGN,IL,AGL,CE,Federal Contract Tower,0,14,9,0,23,0,0,27,0,27,0,14,36,0,50,10,0,10,60
07/13/2023,UGN,IL,AGL,CE,Federal Contract Tower,0,9,18,0,27,0,0,119,0,119,0,9,137,0,146,36,0,36,182
07/14/2023,UGN,IL,AGL,CE,Federal Contract Tower,0,9,14,0,23,0,0,115,0,115,0,9,129,0,138,88,0,88,226
07/15/2023,UGN,IL,AGL,CE,Federal Contract Tower,0,4,17,0,21,0,13,78,0,91,0,17,95,0,112,64,0,64,176
07/16/2023,UGN,IL,AGL,CE,Federal Contract Tower,0,6,16,0,22,0,0,98,0,98,0,6,114,0,120,38,0,38,158
07/17/2023,UGN,IL,AGL,CE,Federal Contract Tower,0,14,16,0,30,0,0,88,0,88,0,14,104,0,118,38,0,38,156
07/18/2023,UGN,IL,AGL,CE,Federal Contract Tower,0,11,16,1,28,0,0,135,3,138,0,11,151,4,166,14,8,22,188
07/19/2023,UGN,IL,AGL,CE,Federal Contract Tower,0,8,23,0,31,0,0,168,3,171,0,8,191,3,202,118,0,118,320
07/20/2023,UGN,IL,AGL,CE,Federal Contract Tower,0,19,13,0,32,0,0,65,0,65,0,19,78,0,97,16,0,16,113
07/21/2023,UGN,IL,AGL,CE,Federal Contract Tower,0,10,23,0,33,0,0,131,2,133,0,10,154,2,166,72,0,72,238
07/22/2023,UGN,IL,AGL,CE,Federal Contract Tower,0,7,17,0,24,0,0,74,2,76,0,7,91,2,100,16,0,16,116
07/23/2023,UGN,IL,AGL,CE,Federal Contract Tower,0,10,11,0,21,0,0,117,0,117,0,10,128,0,138,86,0,86,224
07/24/2023,UGN,IL,AGL,CE,Federal Contract Tower,0,11,14,0,25,0,0,74,2,76,0,11,88,2,101,32,0,32,133
07/25/2023,UGN,IL,AGL,CE,Federal Contract Tower,0,2,16,0,18,0,0,123,2,125,0,2,139,2,143,112,0,112,255
07/26/2023,UGN,IL,AGL,CE,Federal Contract Tower,18,0,20,0,38,0,0,89,1,90,18,0,109,1,128,32,0,32,160
07/27/2023,UGN,IL,AGL,CE,Federal Contract Tower,0,8,23,0,31,0,0,90,2,92,0,8,113,2,123,8,0,8,131
07/28/2023,UGN,IL,AGL,CE,Federal Contract Tower,0,7,14,0,21,0,0,80,1,81,0,7,94,1,102,40,0,40,142
07/29/2023,UGN,IL,AGL,CE,Federal Contract Tower,0,5,10,0,15,0,0,96,2,98,0,5,106,2,113,66,0,66,179
07/30/2023,UGN,IL,AGL,CE,Federal Contract Tower,0,6,28,0,34,0,0,105,2,107,0,6,133,2,141,62,0,62,203
07/31/2023,UGN,IL,AGL,CE,Federal Contract Tower,0,5,20,0,25,0,0,87,8,95,0,5,107,8,120,52,0,52,172
08/01/2023,UGN,IL,AGL,CE,Federal Contract Tower,0,2,19,3,24,0,0,120,1,121,0,2,139,4,145,30,0,30,175
08/02/2023,UGN,IL,AGL,CE,Federal Contract Tower,0,6,18,0,24,0,0,144,3,147,0,6,162,3,171,58,0,58,229
08/03/2023,UGN,IL,AGL,CE,Federal Contract Tower,0,13,27,0,40,0,0,137,0,137,0,13,164,0,177,46,0,46,223
08/04/2023,UGN,IL,AGL,CE,Federal Contract Tower,0,3,17,0,20,0,0,121,1,122,0,3,138,1,142,110,0,110,252
08/05/2023,UGN,IL,AGL,CE,Federal Contract Tower,0,3,8,1,12,0,0,73,3,76,0,3,81,4,88,38,0,38,126
08/06/2023,UGN,IL,AGL,CE,Federal Contract Tower,0,1,13,0,14,0,0,59,2,61,0,1,72,2,75,12,0,12,87
08/07/2023,UGN,IL,AGL,CE,Federal Contract Tower,0,5,12,1,18,0,0,119,0,119,0,5,131,1,137,12,0,12,149
08/08/2023,UGN,IL,AGL,CE,Federal Contract Tower,0,8,12,0,20,0,0,138,0,138,0,8,150,0,158,47,0,47,205
08/09/2023,UGN,IL,AGL,CE,Federal Contract Tower,0,7,16,0,23,0,0,152,1,153,0,7,168,1,176,34,0,34,210
08/10/2023,UGN,IL,AGL,CE,Federal Contract Tower,0,4,18,0,22,0,0,136,2,138,0,4,154,2,160,52,0,52,212
08/11/2023,UGN,IL,AGL,CE,Federal Contract Tower,0,17,8,0,25,0,0,139,1,140,0,17,147,1,165,16,0,16,181
08/12/2023,UGN,IL,AGL,CE,Federal Contract Tower,0,5,8,0,13,0,0,138,7,145,0,5,146,7,158,22,0,22,180
08/13/2023,UGN,IL,AGL,CE,Federal Contract Tower,0,6,21,0,27,0,0,71,6,77,0,6,92,6,104,70,0,70,174
08/14/2023,UGN,IL,AGL,CE,Federal Contract Tower,0,9,17,0,26,0,0,17,0,17,0,9,34,0,43,0,0,0,43
08/15/2023,UGN,IL,AGL,CE,Federal Contract Tower,0,9,25,0,34,0,0,100,2,102,0,9,125,2,136,10,4,14,150
08/16/2023,UGN,IL,AGL,CE,Federal Contract Tower,0,8,21,0,29,0,0,133,1,134,0,8,154,1,163,12,10,22,185
08/17/2023,UGN,IL,AGL,CE,Federal Contract Tower,0,1,15,0,16,0,0,75,5,80,0,1,90,5,96,8,0,8,104
08/18/2023,UGN,IL,AGL,CE,Federal Contract Tower,0,12,14,0,26,0,0,162,0,162,0,12,176,0,188,38,0,38,226
08/19/2023,UGN,IL,AGL,CE,Federal Contract Tower,0,13,10,0,23,0,0,109,2,111,0,13,119,2,134,14,0,14,148
08/20/2023,UGN,IL,AGL,CE,Federal Contract Tower,0,11,9,0,20,0,0,115,2,117,0,11,124,2,137,50,0,50,187
08/21/2023,UGN,IL,AGL,CE,Federal Contract Tower,0,11,17,0,28,0,0,82,1,83,0,11,99,1,111,44,0,44,155
08/22/2023,UGN,IL,AGL,CE,Federal Contract Tower,0,9,11,0,20,0,0,96,1,97,0,9,107,1,117,16,0,16,133
08/23/2023,UGN,IL,AGL,CE,Federal Contract Tower,0,7,17,0,24,0,0,42,3,45,0,7,59,3,69,2,0,2,71
08/24/2023,UGN,IL,AGL,CE,Federal Contract Tower,0,9,7,0,16,0,0,57,4,61,0,9,64,4,77,22,0,22,99
08/25/2023,UGN,IL,AGL,CE,Federal Contract Tower,0,7,16,1,24,0,0,121,0,121,0,7,137,1,145,48,0,48,193
08/26/2023,UGN,IL,AGL,CE,Federal Contract Tower,0,5,18,0,23,0,0,35,1,36,0,5,53,1,59,26,0,26,85
08/27/2023,UGN,IL,AGL,CE,Federal Contract Tower,0,4,18,0,22,0,0,146,0,146,0,4,164,0,168,56,0,56,224
08/28/2023,UGN,IL,AGL,CE,Federal Contract Tower,0,2,13,0,15,0,0,110,2,112,0,2,123,2,127,30,0,30,157
08/29/2023,UGN,IL,AGL,CE,Federal Contract Tower,0,9,18,0,27,0,0,114,1,115,0,9,132,1,142,26,0,26,168
08/30/2023,UGN,IL,AGL,CE,Federal Contract Tower,0,5,19,0,24,0,0,110,4,114,0,5,129,4,138,58,0,58,196
08/31/2023,UGN,IL,AGL,CE,Federal Contract Tower,0,9,11,0,20,0,0,120,1,121,0,9,131,1,141,82,0,82,223
