09/01/2011,UNV,PA,AEA,EN,Federal Contract Tower,0,35,15,0,50,0,8,14,1,23,0,43,29,1,73,0,2,2,75
09/02/2011,UNV,PA,AEA,EN,Federal Contract Tower,2,33,25,0,60,0,9,20,0,29,2,42,45,0,89,38,0,38,127
09/03/2011,UNV,PA,AEA,EN,Federal Contract Tower,2,29,36,0,67,0,2,30,0,32,2,31,66,0,99,0,0,0,99
09/04/2011,UNV,PA,AEA,EN,Federal Contract Tower,0,17,10,0,27,0,2,44,0,46,0,19,54,0,73,8,0,8,81
09/05/2011,UNV,PA,AEA,EN,Federal Contract Tower,0,22,15,0,37,0,0,2,0,2,0,22,17,0,39,0,0,0,39
09/06/2011,UNV,PA,AEA,EN,Federal Contract Tower,0,25,8,0,33,0,0,0,0,0,0,25,8,0,33,0,0,0,33
09/07/2011,UNV,PA,AEA,EN,Federal Contract Tower,0,23,16,0,39,0,0,0,0,0,0,23,16,0,39,0,0,0,39
09/08/2011,UNV,PA,AEA,EN,Federal Contract Tower,0,37,19,0,56,0,0,6,0,6,0,37,25,0,62,0,0,0,62
09/09/2011,UNV,PA,AEA,EN,Federal Contract Tower,2,45,48,1,96,0,1,12,4,17,2,46,60,5,113,6,6,12,125
09/10/2011,UNV,PA,AEA,EN,Federal Contract Tower,4,50,142,0,196,0,23,104,1,128,4,73,246,1,324,10,6,16,340
09/11/2011,UNV,PA,AEA,EN,Federal Contract Tower,0,43,51,2,96,0,0,18,0,18,0,43,69,2,114,6,0,6,120
09/12/2011,UNV,PA,AEA,EN,Federal Contract Tower,0,27,19,0,46,0,5,38,0,43,0,32,57,0,89,30,0,30,119
09/13/2011,UNV,PA,AEA,EN,Federal Contract Tower,0,36,25,0,61,0,5,35,0,40,0,41,60,0,101,28,0,28,129
09/14/2011,UNV,PA,AEA,EN,Federal Contract Tower,0,38,36,1,75,0,0,35,0,35,0,38,71,1,110,0,0,0,110
09/15/2011,UNV,PA,AEA,EN,Federal Contract Tower,0,33,22,0,55,0,1,8,0,9,0,34,30,0,64,0,0,0,64
09/16/2011,UNV,PA,AEA,EN,Federal Contract Tower,2,34,22,0,58,0,12,65,0,77,2,46,87,0,135,42,0,42,177
09/17/2011,UNV,PA,AEA,EN,Federal Contract Tower,2,29,12,0,43,0,13,92,0,105,2,42,104,0,148,49,0,49,197
09/18/2011,UNV,PA,AEA,EN,Federal Contract Tower,0,29,21,0,50,0,5,63,0,68,0,34,84,0,118,19,0,19,137
09/19/2011,UNV,PA,AEA,EN,Federal Contract Tower,0,28,19,0,47,0,10,30,0,40,0,38,49,0,87,21,0,21,108
09/20/2011,UNV,PA,AEA,EN,Federal Contract Tower,0,43,13,0,56,0,3,2,0,5,0,46,15,0,61,4,0,4,65
09/21/2011,UNV,PA,AEA,EN,Federal Contract Tower,0,38,16,2,56,0,0,3,0,3,0,38,19,2,59,0,0,0,59
09/22/2011,UNV,PA,AEA,EN,Federal Contract Tower,0,36,17,1,54,0,3,18,0,21,0,39,35,1,75,8,0,8,83
09/23/2011,UNV,PA,AEA,EN,Federal Contract Tower,0,50,20,0,70,0,0,0,0,0,0,50,20,0,70,0,0,0,70
09/24/2011,UNV,PA,AEA,EN,Federal Contract Tower,0,31,20,0,51,0,10,40,0,50,0,41,60,0,101,42,0,42,143
09/25/2011,UNV,PA,AEA,EN,Federal Contract Tower,0,26,27,0,53,0,5,48,0,53,0,31,75,0,106,64,0,64,170
09/26/2011,UNV,PA,AEA,EN,Federal Contract Tower,0,25,7,0,32,0,4,20,0,24,0,29,27,0,56,6,0,6,62
09/27/2011,UNV,PA,AEA,EN,Federal Contract Tower,0,39,14,0,53,0,0,5,0,5,0,39,19,0,58,4,0,4,62
09/28/2011,UNV,PA,AEA,EN,Federal Contract Tower,0,30,7,0,37,0,0,4,0,4,0,30,11,0,41,0,0,0,41
09/29/2011,UNV,PA,AEA,EN,Federal Contract Tower,0,33,12,0,45,0,3,14,0,17,0,36,26,0,62,18,0,18,80
09/30/2011,UNV,PA,AEA,EN,Federal Contract Tower,2,37,18,0,57,0,7,34,2,43,2,44,52,2,100,2,2,4,104
10/01/2011,UNV,PA,AEA,EN,Federal Contract Tower,2,45,4,0,51,0,0,0,0,0,2,45,4,0,51,0,0,0,51
10/02/2011,UNV,PA,AEA,EN,Federal Contract Tower,0,22,8,0,30,0,0,3,0,3,0,22,11,0,33,8,0,8,41
10/03/2011,UNV,PA,AEA,EN,Federal Contract Tower,0,31,8,0,39,0,0,2,0,2,0,31,10,0,41,12,0,12,53
10/04/2011,UNV,PA,AEA,EN,Federal Contract Tower,0,36,13,0,49,0,0,6,0,6,0,36,19,0,55,44,0,44,99
10/05/2011,UNV,PA,AEA,EN,Federal Contract Tower,0,33,16,0,49,0,1,53,0,54,0,34,69,0,103,42,2,44,147
10/06/2011,UNV,PA,AEA,EN,Federal Contract Tower,0,34,19,3,56,0,4,77,2,83,0,38,96,5,139,52,24,76,215
10/07/2011,UNV,PA,AEA,EN,Federal Contract Tower,1,38,35,0,74,0,12,93,0,105,1,50,128,0,179,60,0,60,239
10/08/2011,UNV,PA,AEA,EN,Federal Contract Tower,0,38,68,0,106,0,28,96,0,124,0,66,164,0,230,10,0,10,240
10/09/2011,UNV,PA,AEA,EN,Federal Contract Tower,0,37,34,0,71,0,5,83,1,89,0,42,117,1,160,100,0,100,260
10/10/2011,UNV,PA,AEA,EN,Federal Contract Tower,0,25,12,0,37,0,5,60,1,66,0,30,72,1,103,34,0,34,137
10/11/2011,UNV,PA,AEA,EN,Federal Contract Tower,0,35,14,0,49,0,4,30,0,34,0,39,44,0,83,2,0,2,85
10/12/2011,UNV,PA,AEA,EN,Federal Contract Tower,0,34,14,2,50,0,0,0,0,0,0,34,14,2,50,0,0,0,50
10/13/2011,UNV,PA,AEA,EN,Federal Contract Tower,0,30,20,0,50,0,0,0,0,0,0,30,20,0,50,0,0,0,50
10/14/2011,UNV,PA,AEA,EN,Federal Contract Tower,1,41,26,0,68,0,0,1,0,1,1,41,27,0,69,0,0,0,69
10/15/2011,UNV,PA,AEA,EN,Federal Contract Tower,1,39,36,0,76,0,8,56,0,64,1,47,92,0,140,14,0,14,154
10/16/2011,UNV,PA,AEA,EN,Federal Contract Tower,0,34,26,0,60,0,1,36,0,37,0,35,62,0,97,48,0,48,145
10/17/2011,UNV,PA,AEA,EN,Federal Contract Tower,0,29,13,0,42,0,8,25,0,33,0,37,38,0,75,0,0,0,75
10/18/2011,UNV,PA,AEA,EN,Federal Contract Tower,0,34,17,2,53,0,1,48,4,53,0,35,65,6,106,16,8,24,130
10/19/2011,UNV,PA,AEA,EN,Federal Contract Tower,0,32,13,2,47,0,1,2,0,3,0,33,15,2,50,4,0,4,54
10/20/2011,UNV,PA,AEA,EN,Federal Contract Tower,0,35,15,0,50,0,5,10,0,15,0,40,25,0,65,0,0,0,65
10/21/2011,UNV,PA,AEA,EN,Federal Contract Tower,0,37,12,0,49,0,13,13,0,26,0,50,25,0,75,6,0,6,81
10/22/2011,UNV,PA,AEA,EN,Federal Contract Tower,0,28,19,0,47,0,7,62,0,69,0,35,81,0,116,82,0,82,198
10/23/2011,UNV,PA,AEA,EN,Federal Contract Tower,1,23,22,0,46,0,1,68,0,69,1,24,90,0,115,44,0,44,159
10/24/2011,UNV,PA,AEA,EN,Federal Contract Tower,0,27,10,0,37,0,6,16,0,22,0,33,26,0,59,16,0,16,75
10/25/2011,UNV,PA,AEA,EN,Federal Contract Tower,0,39,16,0,55,0,7,48,2,57,0,46,64,2,112,74,0,74,186
10/26/2011,UNV,PA,AEA,EN,Federal Contract Tower,0,38,24,0,62,0,0,13,0,13,0,38,37,0,75,14,0,14,89
10/27/2011,UNV,PA,AEA,EN,Federal Contract Tower,0,38,17,0,55,0,0,0,0,0,0,38,17,0,55,0,0,0,55
10/28/2011,UNV,PA,AEA,EN,Federal Contract Tower,2,47,21,0,70,0,13,62,0,75,2,60,83,0,145,114,0,114,259
10/29/2011,UNV,PA,AEA,EN,Federal Contract Tower,2,20,6,0,28,0,0,0,0,0,2,20,6,0,28,0,0,0,28
10/30/2011,UNV,PA,AEA,EN,Federal Contract Tower,0,28,14,2,44,0,0,54,0,54,0,28,68,2,98,104,0,104,202
10/31/2011,UNV,PA,AEA,EN,Federal Contract Tower,0,28,11,0,39,0,0,22,0,22,0,28,33,0,61,0,0,0,61
11/01/2011,UNV,PA,AEA,EN,Federal Contract Tower,0,37,15,0,52,0,0,30,0,30,0,37,45,0,82,40,10,50,132
11/02/2011,UNV,PA,AEA,EN,Federal Contract Tower,0,39,6,0,45,0,1,44,0,45,0,40,50,0,90,30,0,30,120
11/03/2011,UNV,PA,AEA,EN,Federal Contract Tower,0,33,13,0,46,0,4,52,1,57,0,37,65,1,103,0,4,4,107
11/04/2011,UNV,PA,AEA,EN,Federal Contract Tower,0,40,16,0,56,0,4,41,4,49,0,44,57,4,105,16,4,20,125
11/05/2011,UNV,PA,AEA,EN,Federal Contract Tower,0,24,8,0,32,0,4,75,2,81,0,28,83,2,113,68,2,70,183
11/06/2011,UNV,PA,AEA,EN,Federal Contract Tower,0,26,14,0,40,0,2,67,0,69,0,28,81,0,109,90,0,90,199
11/07/2011,UNV,PA,AEA,EN,Federal Contract Tower,0,28,19,0,47,0,1,37,2,40,0,29,56,2,87,18,0,18,105
11/08/2011,UNV,PA,AEA,EN,Federal Contract Tower,0,33,18,0,51,0,12,29,0,41,0,45,47,0,92,44,4,48,140
11/09/2011,UNV,PA,AEA,EN,Federal Contract Tower,0,34,25,2,61,0,10,15,0,25,0,44,40,2,86,22,0,22,108
11/10/2011,UNV,PA,AEA,EN,Federal Contract Tower,0,34,22,0,56,0,7,2,2,11,0,41,24,2,67,0,0,0,67
11/11/2011,UNV,PA,AEA,EN,Federal Contract Tower,2,37,20,3,62,0,10,12,0,22,2,47,32,3,84,16,0,16,100
11/12/2011,UNV,PA,AEA,EN,Federal Contract Tower,2,35,66,0,103,0,21,86,0,107,2,56,152,0,210,34,1,35,245
11/13/2011,UNV,PA,AEA,EN,Federal Contract Tower,1,34,23,1,59,0,2,37,0,39,1,36,60,1,98,40,0,40,138
11/14/2011,UNV,PA,AEA,EN,Federal Contract Tower,0,28,16,0,44,0,2,6,0,8,0,30,22,0,52,20,2,22,74
11/15/2011,UNV,PA,AEA,EN,Federal Contract Tower,0,38,17,0,55,0,2,1,0,3,0,40,18,0,58,0,0,0,58
11/16/2011,UNV,PA,AEA,EN,Federal Contract Tower,0,33,12,2,47,0,2,0,0,2,0,35,12,2,49,0,0,0,49
11/17/2011,UNV,PA,AEA,EN,Federal Contract Tower,1,47,12,0,60,0,2,19,3,24,1,49,31,3,84,10,0,10,94
11/18/2011,UNV,PA,AEA,EN,Federal Contract Tower,4,45,26,0,75,0,23,73,0,96,4,68,99,0,171,50,0,50,221
11/19/2011,UNV,PA,AEA,EN,Federal Contract Tower,1,26,9,0,36,0,7,82,0,89,1,33,91,0,125,78,0,78,203
11/20/2011,UNV,PA,AEA,EN,Federal Contract Tower,3,26,4,0,33,0,8,21,0,29,3,34,25,0,62,14,0,14,76
11/21/2011,UNV,PA,AEA,EN,Federal Contract Tower,0,28,8,0,36,0,2,19,0,21,0,30,27,0,57,12,0,12,69
11/22/2011,UNV,PA,AEA,EN,Federal Contract Tower,0,33,21,0,54,0,0,0,0,0,0,33,21,0,54,0,0,0,54
11/23/2011,UNV,PA,AEA,EN,Federal Contract Tower,0,29,7,0,36,0,2,3,0,5,0,31,10,0,41,0,0,0,41
11/24/2011,UNV,PA,AEA,EN,Federal Contract Tower,0,18,6,0,24,0,0,9,0,9,0,18,15,0,33,0,0,0,33
11/25/2011,UNV,PA,AEA,EN,Federal Contract Tower,2,21,4,0,27,0,3,43,0,46,2,24,47,0,73,24,0,24,97
11/26/2011,UNV,PA,AEA,EN,Federal Contract Tower,0,33,5,0,38,0,3,54,0,57,0,36,59,0,95,68,0,68,163
11/27/2011,UNV,PA,AEA,EN,Federal Contract Tower,0,29,23,0,52,0,4,45,0,49,0,33,68,0,101,80,0,80,181
11/28/2011,UNV,PA,AEA,EN,Federal Contract Tower,0,31,16,0,47,0,3,20,0,23,0,34,36,0,70,0,0,0,70
11/29/2011,UNV,PA,AEA,EN,Federal Contract Tower,0,36,11,0,47,0,1,0,0,1,0,37,11,0,48,0,0,0,48
11/30/2011,UNV,PA,AEA,EN,Federal Contract Tower,0,35,2,0,37,0,2,0,0,2,0,37,2,0,39,0,0,0,39
12/01/2011,UNV,PA,AEA,EN,Federal Contract Tower,0,32,4,0,36,0,10,37,0,47,0,42,41,0,83,26,0,26,109
12/02/2011,UNV,PA,AEA,EN,Federal Contract Tower,0,35,17,0,52,0,6,52,1,59,0,41,69,1,111,42,2,44,155
12/03/2011,UNV,PA,AEA,EN,Federal Contract Tower,0,24,7,0,31,0,5,66,0,71,0,29,73,0,102,86,0,86,188
12/04/2011,UNV,PA,AEA,EN,Federal Contract Tower,0,23,19,0,42,0,2,45,0,47,0,25,64,0,89,58,0,58,147
12/05/2011,UNV,PA,AEA,EN,Federal Contract Tower,0,31,11,0,42,0,1,19,1,21,0,32,30,1,63,14,12,26,89
12/06/2011,UNV,PA,AEA,EN,Federal Contract Tower,0,33,11,0,44,0,0,0,0,0,0,33,11,0,44,0,0,0,44
12/07/2011,UNV,PA,AEA,EN,Federal Contract Tower,0,38,13,0,51,0,0,0,0,0,0,38,13,0,51,0,0,0,51
12/08/2011,UNV,PA,AEA,EN,Federal Contract Tower,0,30,16,0,46,0,4,14,0,18,0,34,30,0,64,10,0,10,74
12/09/2011,UNV,PA,AEA,EN,Federal Contract Tower,0,30,19,0,49,0,3,32,0,35,0,33,51,0,84,54,0,54,138
12/10/2011,UNV,PA,AEA,EN,Federal Contract Tower,0,23,5,0,28,0,6,42,0,48,0,29,47,0,76,54,0,54,130
12/11/2011,UNV,PA,AEA,EN,Federal Contract Tower,0,23,7,0,30,0,3,54,0,57,0,26,61,0,87,72,0,72,159
12/12/2011,UNV,PA,AEA,EN,Federal Contract Tower,0,30,13,0,43,0,11,28,0,39,0,41,41,0,82,6,0,6,88
12/13/2011,UNV,PA,AEA,EN,Federal Contract Tower,0,35,9,0,44,0,16,28,0,44,0,51,37,0,88,26,0,26,114
12/14/2011,UNV,PA,AEA,EN,Federal Contract Tower,0,41,15,2,58,0,5,8,0,13,0,46,23,2,71,14,0,14,85
12/15/2011,UNV,PA,AEA,EN,Federal Contract Tower,0,38,18,0,56,0,3,1,0,4,0,41,19,0,60,0,0,0,60
12/16/2011,UNV,PA,AEA,EN,Federal Contract Tower,0,35,8,0,43,0,8,43,0,51,0,43,51,0,94,38,0,38,132
12/17/2011,UNV,PA,AEA,EN,Federal Contract Tower,0,26,3,0,29,0,3,32,0,35,0,29,35,0,64,84,0,84,148
12/18/2011,UNV,PA,AEA,EN,Federal Contract Tower,0,22,12,0,34,0,5,29,6,40,0,27,41,6,74,44,4,48,122
12/19/2011,UNV,PA,AEA,EN,Federal Contract Tower,0,31,4,0,35,0,6,17,0,23,0,37,21,0,58,32,0,32,90
12/20/2011,UNV,PA,AEA,EN,Federal Contract Tower,0,37,13,0,50,0,0,0,0,0,0,37,13,0,50,0,0,0,50
12/21/2011,UNV,PA,AEA,EN,Federal Contract Tower,0,32,9,2,43,0,0,0,0,0,0,32,9,2,43,0,0,0,43
12/22/2011,UNV,PA,AEA,EN,Federal Contract Tower,0,33,8,0,41,0,3,25,5,33,0,36,33,5,74,16,6,22,96
12/23/2011,UNV,PA,AEA,EN,Federal Contract Tower,0,32,4,0,36,0,6,13,0,19,0,38,17,0,55,8,0,8,63
12/24/2011,UNV,PA,AEA,EN,Federal Contract Tower,0,26,8,0,34,0,0,21,0,21,0,26,29,0,55,22,0,22,77
12/25/2011,UNV,PA,AEA,EN,Federal Contract Tower,0,21,1,0,22,0,5,11,0,16,0,26,12,0,38,4,0,4,42
12/26/2011,UNV,PA,AEA,EN,Federal Contract Tower,2,24,1,0,27,0,9,19,0,28,2,33,20,0,55,14,0,14,69
12/27/2011,UNV,PA,AEA,EN,Federal Contract Tower,0,29,6,0,35,0,0,3,0,3,0,29,9,0,38,0,0,0,38
12/28/2011,UNV,PA,AEA,EN,Federal Contract Tower,2,33,7,0,42,0,7,0,0,7,2,40,7,0,49,0,0,0,49
12/29/2011,UNV,PA,AEA,EN,Federal Contract Tower,2,34,4,0,40,0,3,17,0,20,2,37,21,0,60,8,0,8,68
12/30/2011,UNV,PA,AEA,EN,Federal Contract Tower,3,31,2,0,36,0,13,28,2,43,3,44,30,2,79,28,0,28,107
12/31/2011,UNV,PA,AEA,EN,Federal Contract Tower,0,26,4,0,30,0,1,16,0,17,0,27,20,0,47,26,0,26,73
01/01/2012,UNV,PA,AEA,EN,Federal Contract Tower,0,25,2,0,27,0,2,14,0,16,0,27,16,0,43,4,0,4,47
01/02/2012,UNV,PA,AEA,EN,Federal Contract Tower,0,24,5,0,29,0,3,0,0,3,0,27,5,0,32,0,0,0,32
01/03/2012,UNV,PA,AEA,EN,Federal Contract Tower,7,31,8,0,46,0,9,1,0,10,7,40,9,0,56,0,0,0,56
01/04/2012,UNV,PA,AEA,EN,Federal Contract Tower,0,40,8,0,48,1,11,7,4,23,1,51,15,4,71,12,0,12,83
01/05/2012,UNV,PA,AEA,EN,Federal Contract Tower,0,39,9,0,48,0,5,17,1,23,0,44,26,1,71,0,22,22,93
01/06/2012,UNV,PA,AEA,EN,Federal Contract Tower,1,31,3,0,35,0,4,37,2,43,1,35,40,2,78,32,10,42,120
01/07/2012,UNV,PA,AEA,EN,Federal Contract Tower,1,24,3,0,28,0,10,67,0,77,1,34,70,0,105,86,0,86,191
01/08/2012,UNV,PA,AEA,EN,Federal Contract Tower,0,26,19,0,45,0,4,43,1,48,0,30,62,1,93,64,0,64,157
01/09/2012,UNV,PA,AEA,EN,Federal Contract Tower,0,30,16,0,46,0,3,30,0,33,0,33,46,0,79,54,0,54,133
01/10/2012,UNV,PA,AEA,EN,Federal Contract Tower,0,32,7,0,39,0,7,15,0,22,0,39,22,0,61,30,0,30,91
01/11/2012,UNV,PA,AEA,EN,Federal Contract Tower,0,32,10,2,44,0,6,12,0,18,0,38,22,2,62,12,0,12,74
01/12/2012,UNV,PA,AEA,EN,Federal Contract Tower,1,31,8,0,40,0,0,3,0,3,1,31,11,0,43,0,0,0,43
01/13/2012,UNV,PA,AEA,EN,Federal Contract Tower,0,38,11,0,49,0,2,0,0,2,0,40,11,0,51,0,0,0,51
01/14/2012,UNV,PA,AEA,EN,Federal Contract Tower,0,25,4,0,29,0,5,6,0,11,0,30,10,0,40,10,0,10,50
01/15/2012,UNV,PA,AEA,EN,Federal Contract Tower,0,27,8,0,35,0,2,46,2,50,0,29,54,2,85,78,0,78,163
01/16/2012,UNV,PA,AEA,EN,Federal Contract Tower,0,22,12,0,34,0,4,27,0,31,0,26,39,0,65,34,0,34,99
01/17/2012,UNV,PA,AEA,EN,Federal Contract Tower,0,35,7,0,42,0,0,0,0,0,0,35,7,0,42,0,0,0,42
01/18/2012,UNV,PA,AEA,EN,Federal Contract Tower,1,32,19,0,52,0,6,3,0,9,1,38,22,0,61,2,0,2,63
01/19/2012,UNV,PA,AEA,EN,Federal Contract Tower,0,33,15,0,48,0,2,2,0,4,0,35,17,0,52,0,0,0,52
01/20/2012,UNV,PA,AEA,EN,Federal Contract Tower,0,33,17,1,51,0,13,30,4,47,0,46,47,5,98,48,2,50,148
01/21/2012,UNV,PA,AEA,EN,Federal Contract Tower,0,22,1,0,23,0,0,9,0,9,0,22,10,0,32,0,0,0,32
01/22/2012,UNV,PA,AEA,EN,Federal Contract Tower,0,28,15,0,43,0,0,14,0,14,0,28,29,0,57,28,0,28,85
01/23/2012,UNV,PA,AEA,EN,Federal Contract Tower,0,26,5,0,31,0,0,0,0,0,0,26,5,0,31,0,0,0,31
01/24/2012,UNV,PA,AEA,EN,Federal Contract Tower,0,45,28,0,73,0,2,10,0,12,0,47,38,0,85,8,0,8,93
01/25/2012,UNV,PA,AEA,EN,Federal Contract Tower,0,35,20,2,57,0,1,31,0,32,0,36,51,2,89,12,0,12,101
01/26/2012,UNV,PA,AEA,EN,Federal Contract Tower,0,35,15,0,50,0,0,0,0,0,0,35,15,0,50,0,0,0,50
01/27/2012,UNV,PA,AEA,EN,Federal Contract Tower,0,35,13,0,48,0,2,7,0,9,0,37,20,0,57,0,0,0,57
01/28/2012,UNV,PA,AEA,EN,Federal Contract Tower,0,27,10,0,37,0,1,28,1,30,0,28,38,1,67,20,0,20,87
01/29/2012,UNV,PA,AEA,EN,Federal Contract Tower,0,28,3,0,31,0,5,35,0,40,0,33,38,0,71,54,0,54,125
01/30/2012,UNV,PA,AEA,EN,Federal Contract Tower,0,30,20,0,50,0,0,20,0,20,0,30,40,0,70,20,0,20,90
01/31/2012,UNV,PA,AEA,EN,Federal Contract Tower,0,35,14,0,49,0,7,48,0,55,0,42,62,0,104,68,0,68,172
02/01/2012,UNV,PA,AEA,EN,Federal Contract Tower,0,35,20,0,55,0,0,1,0,1,0,35,21,0,56,0,6,6,62
02/02/2012,UNV,PA,AEA,EN,Federal Contract Tower,0,31,15,0,46,0,0,11,0,11,0,31,26,0,57,22,0,22,79
02/03/2012,UNV,PA,AEA,EN,Federal Contract Tower,0,36,3,0,39,0,15,36,0,51,0,51,39,0,90,32,0,32,122
02/04/2012,UNV,PA,AEA,EN,Federal Contract Tower,0,29,5,0,34,0,2,70,0,72,0,31,75,0,106,122,0,122,228
02/05/2012,UNV,PA,AEA,EN,Federal Contract Tower,0,26,13,0,39,0,4,66,0,70,0,30,79,0,109,82,0,82,191
02/06/2012,UNV,PA,AEA,EN,Federal Contract Tower,0,29,10,0,39,0,2,40,0,42,0,31,50,0,81,56,0,56,137
02/07/2012,UNV,PA,AEA,EN,Federal Contract Tower,0,35,5,0,40,0,7,15,0,22,0,42,20,0,62,40,0,40,102
02/08/2012,UNV,PA,AEA,EN,Federal Contract Tower,0,31,7,0,38,0,0,1,0,1,0,31,8,0,39,0,0,0,39
02/09/2012,UNV,PA,AEA,EN,Federal Contract Tower,0,33,12,0,45,0,7,38,1,46,0,40,50,1,91,46,4,50,141
02/10/2012,UNV,PA,AEA,EN,Federal Contract Tower,0,35,14,0,49,0,3,25,0,28,0,38,39,0,77,18,0,18,95
02/11/2012,UNV,PA,AEA,EN,Federal Contract Tower,0,43,4,0,47,0,0,0,0,0,0,43,4,0,47,0,0,0,47
02/12/2012,UNV,PA,AEA,EN,Federal Contract Tower,0,27,9,0,36,0,2,0,0,2,0,29,9,0,38,0,0,0,38
02/13/2012,UNV,PA,AEA,EN,Federal Contract Tower,0,29,12,0,41,0,6,11,0,17,0,35,23,0,58,10,0,10,68
02/14/2012,UNV,PA,AEA,EN,Federal Contract Tower,0,34,4,0,38,0,5,10,0,15,0,39,14,0,53,24,0,24,77
02/15/2012,UNV,PA,AEA,EN,Federal Contract Tower,1,42,11,0,54,0,9,6,0,15,1,51,17,0,69,4,2,6,75
02/16/2012,UNV,PA,AEA,EN,Federal Contract Tower,0,37,14,0,51,0,0,0,0,0,0,37,14,0,51,0,0,0,51
02/17/2012,UNV,PA,AEA,EN,Federal Contract Tower,0,33,11,0,44,0,4,41,2,47,0,37,52,2,91,22,0,22,113
02/18/2012,UNV,PA,AEA,EN,Federal Contract Tower,0,28,3,0,31,0,2,35,0,37,0,30,38,0,68,40,0,40,108
02/19/2012,UNV,PA,AEA,EN,Federal Contract Tower,0,30,2,0,32,0,3,44,0,47,0,33,46,0,79,94,0,94,173
02/20/2012,UNV,PA,AEA,EN,Federal Contract Tower,0,24,8,0,32,0,5,51,0,56,0,29,59,0,88,97,0,97,185
02/21/2012,UNV,PA,AEA,EN,Federal Contract Tower,0,31,10,2,43,0,2,9,0,11,0,33,19,2,54,6,0,6,60
02/22/2012,UNV,PA,AEA,EN,Federal Contract Tower,0,32,12,0,44,0,9,8,0,17,0,41,20,0,61,2,0,2,63
02/23/2012,UNV,PA,AEA,EN,Federal Contract Tower,0,31,5,0,36,0,4,12,0,16,0,35,17,0,52,10,0,10,62
02/24/2012,UNV,PA,AEA,EN,Federal Contract Tower,0,32,7,0,39,0,0,0,0,0,0,32,7,0,39,0,0,0,39
02/25/2012,UNV,PA,AEA,EN,Federal Contract Tower,0,33,2,0,35,0,6,0,0,6,0,39,2,0,41,0,0,0,41
02/26/2012,UNV,PA,AEA,EN,Federal Contract Tower,0,26,8,0,34,0,3,51,0,54,0,29,59,0,88,80,0,80,168
02/27/2012,UNV,PA,AEA,EN,Federal Contract Tower,0,29,8,4,41,0,6,24,0,30,0,35,32,4,71,28,8,36,107
02/28/2012,UNV,PA,AEA,EN,Federal Contract Tower,0,36,14,0,50,0,6,39,0,45,0,42,53,0,95,44,0,44,139
02/29/2012,UNV,PA,AEA,EN,Federal Contract Tower,0,28,10,0,38,0,0,0,0,0,0,28,10,0,38,0,0,0,38
03/01/2012,UNV,PA,AEA,EN,Federal Contract Tower,0,34,18,0,52,0,4,2,0,6,0,38,20,0,58,0,0,0,58
03/02/2012,UNV,PA,AEA,EN,Federal Contract Tower,0,36,19,0,55,0,3,24,0,27,0,39,43,0,82,30,2,32,114
03/03/2012,UNV,PA,AEA,EN,Federal Contract Tower,1,26,3,1,31,0,2,12,1,15,1,28,15,2,46,8,2,10,56
03/04/2012,UNV,PA,AEA,EN,Federal Contract Tower,1,27,7,0,35,0,1,12,0,13,1,28,19,0,48,22,0,22,70
03/05/2012,UNV,PA,AEA,EN,Federal Contract Tower,0,27,7,2,36,0,2,26,0,28,0,29,33,2,64,36,0,36,100
03/06/2012,UNV,PA,AEA,EN,Federal Contract Tower,0,34,10,0,44,0,4,25,0,29,0,38,35,0,73,20,2,22,95
03/07/2012,UNV,PA,AEA,EN,Federal Contract Tower,2,35,13,0,50,0,6,41,2,49,2,41,54,2,99,22,2,24,123
03/08/2012,UNV,PA,AEA,EN,Federal Contract Tower,0,31,5,0,36,0,2,4,0,6,0,33,9,0,42,2,0,2,44
03/09/2012,UNV,PA,AEA,EN,Federal Contract Tower,0,33,4,0,37,0,5,11,2,18,0,38,15,2,55,10,4,14,69
03/10/2012,UNV,PA,AEA,EN,Federal Contract Tower,0,24,6,0,30,0,2,58,2,62,0,26,64,2,92,84,0,84,176
03/11/2012,UNV,PA,AEA,EN,Federal Contract Tower,0,24,13,0,37,0,2,74,3,79,0,26,87,3,116,34,0,34,150
03/12/2012,UNV,PA,AEA,EN,Federal Contract Tower,0,28,8,0,36,0,2,23,1,26,0,30,31,1,62,0,2,2,64
03/13/2012,UNV,PA,AEA,EN,Federal Contract Tower,0,33,7,0,40,0,14,3,0,17,0,47,10,0,57,26,0,26,83
03/14/2012,UNV,PA,AEA,EN,Federal Contract Tower,0,34,17,1,52,0,1,34,4,39,0,35,51,5,91,28,0,28,119
03/15/2012,UNV,PA,AEA,EN,Federal Contract Tower,2,31,10,0,43,0,1,36,2,39,2,32,46,2,82,58,4,62,144
03/16/2012,UNV,PA,AEA,EN,Federal Contract Tower,0,39,13,0,52,0,5,33,0,38,0,44,46,0,90,48,0,48,138
03/17/2012,UNV,PA,AEA,EN,Federal Contract Tower,0,24,4,0,28,0,2,87,0,89,0,26,91,0,117,122,0,122,239
03/18/2012,UNV,PA,AEA,EN,Federal Contract Tower,0,23,9,0,32,0,2,37,0,39,0,25,46,0,71,72,0,72,143
03/19/2012,UNV,PA,AEA,EN,Federal Contract Tower,0,32,18,0,50,0,4,14,0,18,0,36,32,0,68,0,0,0,68
03/20/2012,UNV,PA,AEA,EN,Federal Contract Tower,0,31,9,1,41,0,4,28,1,33,0,35,37,2,74,42,0,42,116
03/21/2012,UNV,PA,AEA,EN,Federal Contract Tower,1,32,17,0,50,0,4,4,0,8,1,36,21,0,58,34,0,34,92
03/22/2012,UNV,PA,AEA,EN,Federal Contract Tower,0,32,18,1,51,0,5,22,6,33,0,37,40,7,84,18,10,28,112
03/23/2012,UNV,PA,AEA,EN,Federal Contract Tower,0,39,10,1,50,0,2,80,1,83,0,41,90,2,133,110,6,116,249
03/24/2012,UNV,PA,AEA,EN,Federal Contract Tower,0,25,4,0,29,0,9,2,0,11,0,34,6,0,40,0,0,0,40
03/25/2012,UNV,PA,AEA,EN,Federal Contract Tower,0,24,14,0,38,0,8,4,0,12,0,32,18,0,50,20,0,20,70
03/26/2012,UNV,PA,AEA,EN,Federal Contract Tower,2,29,3,0,34,0,2,7,2,11,2,31,10,2,45,0,4,4,49
03/27/2012,UNV,PA,AEA,EN,Federal Contract Tower,0,33,13,0,46,0,5,39,2,46,0,38,52,2,92,58,0,58,150
03/28/2012,UNV,PA,AEA,EN,Federal Contract Tower,0,34,9,0,43,0,4,13,0,17,0,38,22,0,60,14,0,14,74
03/29/2012,UNV,PA,AEA,EN,Federal Contract Tower,0,33,12,0,45,0,3,10,0,13,0,36,22,0,58,14,0,14,72
03/30/2012,UNV,PA,AEA,EN,Federal Contract Tower,0,35,8,0,43,0,2,41,0,43,0,37,49,0,86,62,0,62,148
03/31/2012,UNV,PA,AEA,EN,Federal Contract Tower,0,26,4,0,30,0,0,0,0,0,0,26,4,0,30,0,0,0,30
04/01/2012,UNV,PA,AEA,EN,Federal Contract Tower,0,26,8,0,34,0,2,16,0,18,0,28,24,0,52,36,0,36,88
04/02/2012,UNV,PA,AEA,EN,Federal Contract Tower,0,27,8,0,35,0,7,28,2,37,0,34,36,2,72,36,0,36,108
04/03/2012,UNV,PA,AEA,EN,Federal Contract Tower,0,33,16,1,50,0,3,45,1,49,0,36,61,2,99,32,0,32,131
04/04/2012,UNV,PA,AEA,EN,Federal Contract Tower,0,33,14,0,47,0,2,10,0,12,0,35,24,0,59,18,0,18,77
04/05/2012,UNV,PA,AEA,EN,Federal Contract Tower,0,32,10,1,43,0,7,70,1,78,0,39,80,2,121,112,8,120,241
04/06/2012,UNV,PA,AEA,EN,Federal Contract Tower,0,34,14,1,49,0,5,47,1,53,0,39,61,2,102,32,0,32,134
04/07/2012,UNV,PA,AEA,EN,Federal Contract Tower,0,20,2,0,22,0,9,65,1,75,0,29,67,1,97,76,0,76,173
04/08/2012,UNV,PA,AEA,EN,Federal Contract Tower,0,20,3,0,23,0,8,46,0,54,0,28,49,0,77,6,0,6,83
04/09/2012,UNV,PA,AEA,EN,Federal Contract Tower,0,26,12,0,38,0,0,8,0,8,0,26,20,0,46,8,0,8,54
04/10/2012,UNV,PA,AEA,EN,Federal Contract Tower,0,38,10,0,48,0,4,11,2,17,0,42,21,2,65,0,2,2,67
04/11/2012,UNV,PA,AEA,EN,Federal Contract Tower,0,35,16,0,51,0,4,3,0,7,0,39,19,0,58,0,0,0,58
04/12/2012,UNV,PA,AEA,EN,Federal Contract Tower,0,29,19,0,48,0,4,43,0,47,0,33,62,0,95,26,0,26,121
04/13/2012,UNV,PA,AEA,EN,Federal Contract Tower,0,30,16,0,46,0,7,59,0,66,0,37,75,0,112,108,0,108,220
04/14/2012,UNV,PA,AEA,EN,Federal Contract Tower,0,28,9,0,37,0,5,56,0,61,0,33,65,0,98,60,0,60,158
04/15/2012,UNV,PA,AEA,EN,Federal Contract Tower,0,28,15,0,43,0,8,23,0,31,0,36,38,0,74,16,0,16,90
04/16/2012,UNV,PA,AEA,EN,Federal Contract Tower,0,28,8,0,36,0,6,15,0,21,0,34,23,0,57,22,0,22,79
04/17/2012,UNV,PA,AEA,EN,Federal Contract Tower,0,31,11,0,42,0,7,29,0,36,0,38,40,0,78,12,0,12,90
04/18/2012,UNV,PA,AEA,EN,Federal Contract Tower,0,33,15,0,48,0,0,21,0,21,0,33,36,0,69,0,0,0,69
04/19/2012,UNV,PA,AEA,EN,Federal Contract Tower,0,43,26,0,69,0,14,55,4,73,0,57,81,4,142,62,4,66,208
04/20/2012,UNV,PA,AEA,EN,Federal Contract Tower,0,41,20,2,63,0,6,70,0,76,0,47,90,2,139,34,0,34,173
04/21/2012,UNV,PA,AEA,EN,Federal Contract Tower,0,29,16,0,45,0,2,10,0,12,0,31,26,0,57,14,0,14,71
04/22/2012,UNV,PA,AEA,EN,Federal Contract Tower,0,23,15,1,39,0,0,2,0,2,0,23,17,1,41,28,0,28,69
04/23/2012,UNV,PA,AEA,EN,Federal Contract Tower,0,31,12,0,43,0,0,0,0,0,0,31,12,0,43,0,0,0,43
04/24/2012,UNV,PA,AEA,EN,Federal Contract Tower,1,35,5,2,43,0,5,9,0,14,1,40,14,2,57,16,0,16,73
04/25/2012,UNV,PA,AEA,EN,Federal Contract Tower,0,37,22,2,61,0,2,43,0,45,0,39,65,2,106,8,0,8,114
04/26/2012,UNV,PA,AEA,EN,Federal Contract Tower,0,36,24,0,60,0,7,7,0,14,0,43,31,0,74,2,0,2,76
04/27/2012,UNV,PA,AEA,EN,Federal Contract Tower,0,30,15,0,45,0,9,38,0,47,0,39,53,0,92,12,2,14,106
04/28/2012,UNV,PA,AEA,EN,Federal Contract Tower,0,24,4,0,28,0,0,25,0,25,0,24,29,0,53,34,0,34,87
04/29/2012,UNV,PA,AEA,EN,Federal Contract Tower,0,24,8,1,33,0,4,41,6,51,0,28,49,7,84,82,0,82,166
04/30/2012,UNV,PA,AEA,EN,Federal Contract Tower,0,29,15,0,44,0,4,28,2,34,0,33,43,2,78,30,0,30,108
05/01/2012,UNV,PA,AEA,EN,Federal Contract Tower,0,42,10,0,52,0,5,13,0,18,0,47,23,0,70,36,0,36,106
05/02/2012,UNV,PA,AEA,EN,Federal Contract Tower,0,36,21,0,57,0,0,26,2,28,0,36,47,2,85,56,0,56,141
05/03/2012,UNV,PA,AEA,EN,Federal Contract Tower,0,33,18,4,55,0,0,14,0,14,0,33,32,4,69,44,0,44,113
05/04/2012,UNV,PA,AEA,EN,Federal Contract Tower,0,36,24,0,60,0,2,30,0,32,0,38,54,0,92,26,0,26,118
05/05/2012,UNV,PA,AEA,EN,Federal Contract Tower,0,33,16,0,49,0,0,19,0,19,0,33,35,0,68,18,0,18,86
05/06/2012,UNV,PA,AEA,EN,Federal Contract Tower,0,25,20,0,45,0,3,42,0,45,0,28,62,0,90,46,0,46,136
05/07/2012,UNV,PA,AEA,EN,Federal Contract Tower,0,33,22,0,55,0,1,0,0,1,0,34,22,0,56,0,0,0,56
05/08/2012,UNV,PA,AEA,EN,Federal Contract Tower,0,34,10,0,44,0,0,0,0,0,0,34,10,0,44,0,0,0,44
05/09/2012,UNV,PA,AEA,EN,Federal Contract Tower,0,34,17,0,51,0,7,12,0,19,0,41,29,0,70,36,0,36,106
05/10/2012,UNV,PA,AEA,EN,Federal Contract Tower,0,36,7,1,44,0,6,12,1,19,0,42,19,2,63,0,0,0,63
05/11/2012,UNV,PA,AEA,EN,Federal Contract Tower,0,33,16,0,49,0,7,44,0,51,0,40,60,0,100,36,0,36,136
05/12/2012,UNV,PA,AEA,EN,Federal Contract Tower,0,23,19,0,42,0,4,74,2,80,0,27,93,2,122,102,0,102,224
05/13/2012,UNV,PA,AEA,EN,Federal Contract Tower,0,25,6,0,31,0,0,17,0,17,0,25,23,0,48,6,0,6,54
05/14/2012,UNV,PA,AEA,EN,Federal Contract Tower,0,25,26,2,53,0,0,0,0,0,0,25,26,2,53,0,0,0,53
05/15/2012,UNV,PA,AEA,EN,Federal Contract Tower,0,29,8,0,37,0,3,7,2,12,0,32,15,2,49,22,0,22,71
05/16/2012,UNV,PA,AEA,EN,Federal Contract Tower,0,32,16,0,48,0,2,41,4,47,0,34,57,4,95,28,0,28,123
05/17/2012,UNV,PA,AEA,EN,Federal Contract Tower,0,31,17,0,48,0,6,53,2,61,0,37,70,2,109,32,0,32,141
05/18/2012,UNV,PA,AEA,EN,Federal Contract Tower,0,32,12,0,44,0,1,65,1,67,0,33,77,1,111,116,34,150,261
05/19/2012,UNV,PA,AEA,EN,Federal Contract Tower,0,24,10,0,34,0,1,44,0,45,0,25,54,0,79,64,0,64,143
05/20/2012,UNV,PA,AEA,EN,Federal Contract Tower,0,24,12,0,36,0,8,38,8,54,0,32,50,8,90,34,0,34,124
05/21/2012,UNV,PA,AEA,EN,Federal Contract Tower,0,28,11,0,39,0,0,1,0,1,0,28,12,0,40,0,0,0,40
05/22/2012,UNV,PA,AEA,EN,Federal Contract Tower,0,33,16,2,51,0,3,3,2,8,0,36,19,4,59,0,2,2,61
05/23/2012,UNV,PA,AEA,EN,Federal Contract Tower,0,36,9,0,45,0,4,1,0,5,0,40,10,0,50,0,0,0,50
05/24/2012,UNV,PA,AEA,EN,Federal Contract Tower,0,36,13,6,55,0,1,8,4,13,0,37,21,10,68,20,6,26,94
05/25/2012,UNV,PA,AEA,EN,Federal Contract Tower,0,32,17,4,53,0,2,32,0,34,0,34,49,4,87,44,1,45,132
05/26/2012,UNV,PA,AEA,EN,Federal Contract Tower,0,24,4,0,28,0,3,42,6,51,0,27,46,6,79,16,0,16,95
05/27/2012,UNV,PA,AEA,EN,Federal Contract Tower,0,20,10,0,30,0,1,0,0,1,0,21,10,0,31,0,0,0,31
05/28/2012,UNV,PA,AEA,EN,Federal Contract Tower,0,24,13,0,37,0,2,40,0,42,0,26,53,0,79,44,0,44,123
05/29/2012,UNV,PA,AEA,EN,Federal Contract Tower,0,15,21,0,36,0,0,18,0,18,0,15,39,0,54,24,0,24,78
05/30/2012,UNV,PA,AEA,EN,Federal Contract Tower,0,37,11,1,49,0,10,16,2,28,0,47,27,3,77,8,0,8,85
05/31/2012,UNV,PA,AEA,EN,Federal Contract Tower,0,31,23,0,54,0,10,65,0,75,0,41,88,0,129,56,0,56,185
06/01/2012,UNV,PA,AEA,EN,Federal Contract Tower,0,32,14,0,46,0,0,12,0,12,0,32,26,0,58,6,0,6,64
06/02/2012,UNV,PA,AEA,EN,Federal Contract Tower,0,34,10,0,44,0,8,31,0,39,0,42,41,0,83,36,0,36,119
06/03/2012,UNV,PA,AEA,EN,Federal Contract Tower,0,29,14,0,43,0,0,32,0,32,0,29,46,0,75,26,0,26,101
06/04/2012,UNV,PA,AEA,EN,Federal Contract Tower,0,28,9,0,37,0,1,25,0,26,0,29,34,0,63,34,0,34,97
06/05/2012,UNV,PA,AEA,EN,Federal Contract Tower,0,30,16,0,46,0,5,13,0,18,0,35,29,0,64,0,0,0,64
06/06/2012,UNV,PA,AEA,EN,Federal Contract Tower,0,34,8,2,44,0,14,20,2,36,0,48,28,4,80,12,2,14,94
06/07/2012,UNV,PA,AEA,EN,Federal Contract Tower,0,31,12,1,44,0,7,23,1,31,0,38,35,2,75,4,0,4,79
06/08/2012,UNV,PA,AEA,EN,Federal Contract Tower,0,33,18,0,51,0,12,52,3,67,0,45,70,3,118,92,0,92,210
06/09/2012,UNV,PA,AEA,EN,Federal Contract Tower,0,29,3,0,32,0,6,87,0,93,0,35,90,0,125,56,0,56,181
06/10/2012,UNV,PA,AEA,EN,Federal Contract Tower,0,26,9,0,35,0,4,54,9,67,0,30,63,9,102,46,0,46,148
06/11/2012,UNV,PA,AEA,EN,Federal Contract Tower,0,30,5,4,39,0,11,37,5,53,0,41,42,9,92,30,8,38,130
06/12/2012,UNV,PA,AEA,EN,Federal Contract Tower,0,31,13,0,44,0,3,0,0,3,0,34,13,0,47,0,0,0,47
06/13/2012,UNV,PA,AEA,EN,Federal Contract Tower,0,34,9,1,44,0,1,47,0,48,0,35,56,1,92,0,0,0,92
06/14/2012,UNV,PA,AEA,EN,Federal Contract Tower,0,34,9,0,43,0,1,53,0,54,0,35,62,0,97,50,0,50,147
06/15/2012,UNV,PA,AEA,EN,Federal Contract Tower,0,33,12,0,45,0,19,50,0,69,0,52,62,0,114,58,0,58,172
06/16/2012,UNV,PA,AEA,EN,Federal Contract Tower,0,30,18,0,48,0,8,57,0,65,0,38,75,0,113,32,0,32,145
06/17/2012,UNV,PA,AEA,EN,Federal Contract Tower,0,26,12,0,38,0,12,32,0,44,0,38,44,0,82,40,0,40,122
06/18/2012,UNV,PA,AEA,EN,Federal Contract Tower,0,32,13,0,45,0,0,0,0,0,0,32,13,0,45,0,0,0,45
06/19/2012,UNV,PA,AEA,EN,Federal Contract Tower,0,32,8,0,40,0,5,34,0,39,0,37,42,0,79,36,10,46,125
06/20/2012,UNV,PA,AEA,EN,Federal Contract Tower,0,30,12,0,42,0,6,40,0,46,0,36,52,0,88,28,0,28,116
06/21/2012,UNV,PA,AEA,EN,Federal Contract Tower,0,36,9,0,45,0,8,40,0,48,0,44,49,0,93,28,0,28,121
06/22/2012,UNV,PA,AEA,EN,Federal Contract Tower,0,31,11,1,43,0,23,55,0,78,0,54,66,1,121,52,2,54,175
06/23/2012,UNV,PA,AEA,EN,Federal Contract Tower,0,28,9,2,39,0,4,51,0,55,0,32,60,2,94,22,0,22,116
06/24/2012,UNV,PA,AEA,EN,Federal Contract Tower,0,29,15,1,45,0,5,92,0,97,0,34,107,1,142,38,0,38,180
06/25/2012,UNV,PA,AEA,EN,Federal Contract Tower,0,33,18,0,51,0,7,13,4,24,0,40,31,4,75,2,0,2,77
06/26/2012,UNV,PA,AEA,EN,Federal Contract Tower,0,34,20,0,54,0,5,20,0,25,0,39,40,0,79,6,0,6,85
06/27/2012,UNV,PA,AEA,EN,Federal Contract Tower,0,39,3,0,42,0,2,32,4,38,0,41,35,4,80,4,6,10,90
06/28/2012,UNV,PA,AEA,EN,Federal Contract Tower,0,37,18,0,55,0,6,40,5,51,0,43,58,5,106,28,0,28,134
06/29/2012,UNV,PA,AEA,EN,Federal Contract Tower,0,27,21,0,48,0,7,39,0,46,0,34,60,0,94,42,0,42,136
06/30/2012,UNV,PA,AEA,EN,Federal Contract Tower,0,20,14,0,34,0,6,63,2,71,0,26,77,2,105,74,0,74,179
07/01/2012,UNV,PA,AEA,EN,Federal Contract Tower,0,22,7,0,29,0,5,27,1,33,0,27,34,1,62,0,0,0,62
07/02/2012,UNV,PA,AEA,EN,Federal Contract Tower,0,24,5,0,29,0,5,36,0,41,0,29,41,0,70,52,0,52,122
07/03/2012,UNV,PA,AEA,EN,Federal Contract Tower,0,28,1,0,29,0,3,35,0,38,0,31,36,0,67,22,0,22,89
07/04/2012,UNV,PA,AEA,EN,Federal Contract Tower,0,21,6,0,27,0,3,29,0,32,0,24,35,0,59,4,0,4,63
07/05/2012,UNV,PA,AEA,EN,Federal Contract Tower,0,28,10,0,38,0,6,38,6,50,0,34,48,6,88,62,0,62,150
07/06/2012,UNV,PA,AEA,EN,Federal Contract Tower,0,30,6,0,36,0,14,26,0,40,0,44,32,0,76,4,6,10,86
07/07/2012,UNV,PA,AEA,EN,Federal Contract Tower,0,23,7,0,30,0,9,49,0,58,0,32,56,0,88,26,0,26,114
07/08/2012,UNV,PA,AEA,EN,Federal Contract Tower,0,26,7,0,33,0,6,30,0,36,0,32,37,0,69,28,0,28,97
07/09/2012,UNV,PA,AEA,EN,Federal Contract Tower,0,26,5,0,31,0,9,52,2,63,0,35,57,2,94,40,0,40,134
07/10/2012,UNV,PA,AEA,EN,Federal Contract Tower,0,31,9,0,40,0,1,39,2,42,0,32,48,2,82,16,0,16,98
07/11/2012,UNV,PA,AEA,EN,Federal Contract Tower,0,38,6,0,44,0,2,47,2,51,0,40,53,2,95,66,0,66,161
07/12/2012,UNV,PA,AEA,EN,Federal Contract Tower,0,36,11,0,47,0,6,52,0,58,0,42,63,0,105,44,0,44,149
07/13/2012,UNV,PA,AEA,EN,Federal Contract Tower,0,33,16,0,49,0,14,44,2,60,0,47,60,2,109,36,0,36,145
07/14/2012,UNV,PA,AEA,EN,Federal Contract Tower,0,27,12,0,39,0,10,20,0,30,0,37,32,0,69,22,0,22,91
07/15/2012,UNV,PA,AEA,EN,Federal Contract Tower,0,19,23,0,42,0,0,15,0,15,0,19,38,0,57,36,0,36,93
07/16/2012,UNV,PA,AEA,EN,Federal Contract Tower,0,30,9,0,39,0,7,7,0,14,0,37,16,0,53,14,0,14,67
07/17/2012,UNV,PA,AEA,EN,Federal Contract Tower,0,41,10,0,51,0,3,42,1,46,0,44,52,1,97,70,0,70,167
07/18/2012,UNV,PA,AEA,EN,Federal Contract Tower,0,41,7,0,48,0,5,9,0,14,0,46,16,0,62,4,0,4,66
07/19/2012,UNV,PA,AEA,EN,Federal Contract Tower,0,35,17,0,52,0,3,10,0,13,0,38,27,0,65,12,0,12,77
07/20/2012,UNV,PA,AEA,EN,Federal Contract Tower,0,31,19,0,50,0,0,0,0,0,0,31,19,0,50,0,0,0,50
07/21/2012,UNV,PA,AEA,EN,Federal Contract Tower,0,24,23,0,47,0,3,31,1,35,0,27,54,1,82,46,0,46,128
07/22/2012,UNV,PA,AEA,EN,Federal Contract Tower,0,31,10,0,41,0,0,39,0,39,0,31,49,0,80,80,0,80,160
07/23/2012,UNV,PA,AEA,EN,Federal Contract Tower,0,28,11,0,39,0,6,23,0,29,0,34,34,0,68,42,0,42,110
07/24/2012,UNV,PA,AEA,EN,Federal Contract Tower,0,35,9,0,44,0,10,3,3,16,0,45,12,3,60,4,4,8,68
07/25/2012,UNV,PA,AEA,EN,Federal Contract Tower,0,40,15,2,57,0,12,48,25,85,0,52,63,27,142,34,2,36,178
07/26/2012,UNV,PA,AEA,EN,Federal Contract Tower,0,29,7,0,36,0,5,7,0,12,0,34,14,0,48,0,0,0,48
07/27/2012,UNV,PA,AEA,EN,Federal Contract Tower,0,35,9,0,44,0,2,15,0,17,0,37,24,0,61,24,0,24,85
07/28/2012,UNV,PA,AEA,EN,Federal Contract Tower,0,25,12,0,37,0,1,7,0,8,0,26,19,0,45,12,0,12,57
07/29/2012,UNV,PA,AEA,EN,Federal Contract Tower,0,26,20,0,46,0,6,49,1,56,0,32,69,1,102,74,2,76,178
07/30/2012,UNV,PA,AEA,EN,Federal Contract Tower,0,32,7,0,39,0,7,45,3,55,0,39,52,3,94,68,14,82,176
07/31/2012,UNV,PA,AEA,EN,Federal Contract Tower,0,32,9,0,41,0,1,11,0,12,0,33,20,0,53,28,0,28,81
08/01/2012,UNV,PA,AEA,EN,Federal Contract Tower,0,36,11,0,47,0,7,28,1,36,0,43,39,1,83,52,6,58,141
08/02/2012,UNV,PA,AEA,EN,Federal Contract Tower,0,34,10,0,44,0,18,32,2,52,0,52,42,2,96,68,0,68,164
08/03/2012,UNV,PA,AEA,EN,Federal Contract Tower,0,33,11,1,45,0,5,50,15,70,0,38,61,16,115,52,10,62,177
08/04/2012,UNV,PA,AEA,EN,Federal Contract Tower,0,28,9,0,37,0,3,39,0,42,0,31,48,0,79,68,0,68,147
08/05/2012,UNV,PA,AEA,EN,Federal Contract Tower,0,21,16,0,37,0,2,19,0,21,0,23,35,0,58,18,0,18,76
08/06/2012,UNV,PA,AEA,EN,Federal Contract Tower,0,27,18,1,46,0,11,50,2,63,0,38,68,3,109,52,4,56,165
08/07/2012,UNV,PA,AEA,EN,Federal Contract Tower,0,36,14,1,51,0,5,38,4,47,0,41,52,5,98,72,0,72,170
08/08/2012,UNV,PA,AEA,EN,Federal Contract Tower,0,38,19,0,57,0,9,48,5,62,0,47,67,5,119,46,12,58,177
08/09/2012,UNV,PA,AEA,EN,Federal Contract Tower,0,33,10,0,43,0,10,24,12,46,0,43,34,12,89,60,4,64,153
08/10/2012,UNV,PA,AEA,EN,Federal Contract Tower,0,34,10,0,44,0,4,7,4,15,0,38,17,4,59,0,0,0,59
08/11/2012,UNV,PA,AEA,EN,Federal Contract Tower,0,25,16,1,42,0,4,29,1,34,0,29,45,2,76,24,0,24,100
08/12/2012,UNV,PA,AEA,EN,Federal Contract Tower,0,24,8,0,32,0,0,37,0,37,0,24,45,0,69,30,0,30,99
08/13/2012,UNV,PA,AEA,EN,Federal Contract Tower,0,31,11,0,42,0,7,39,3,49,0,38,50,3,91,44,0,44,135
08/14/2012,UNV,PA,AEA,EN,Federal Contract Tower,0,42,8,0,50,0,4,2,0,6,0,46,10,0,56,10,0,10,66
08/15/2012,UNV,PA,AEA,EN,Federal Contract Tower,0,40,14,0,54,0,0,9,0,9,0,40,23,0,63,4,0,4,67
08/16/2012,UNV,PA,AEA,EN,Federal Contract Tower,0,32,17,2,51,0,15,40,2,57,0,47,57,4,108,44,0,44,152
08/17/2012,UNV,PA,AEA,EN,Federal Contract Tower,0,32,5,0,37,0,3,8,0,11,0,35,13,0,48,0,0,0,48
08/18/2012,UNV,PA,AEA,EN,Federal Contract Tower,2,27,5,2,36,0,8,64,0,72,2,35,69,2,108,44,0,44,152
08/19/2012,UNV,PA,AEA,EN,Federal Contract Tower,0,24,9,0,33,0,8,21,0,29,0,32,30,0,62,58,0,58,120
08/20/2012,UNV,PA,AEA,EN,Federal Contract Tower,0,31,10,0,41,0,3,1,0,4,0,34,11,0,45,0,0,0,45
08/21/2012,UNV,PA,AEA,EN,Federal Contract Tower,0,35,11,0,46,0,3,22,0,25,0,38,33,0,71,10,0,10,81
08/22/2012,UNV,PA,AEA,EN,Federal Contract Tower,0,32,15,0,47,0,5,45,6,56,0,37,60,6,103,18,0,18,121
08/23/2012,UNV,PA,AEA,EN,Federal Contract Tower,0,33,13,0,46,0,5,32,4,41,0,38,45,4,87,64,0,64,151
08/24/2012,UNV,PA,AEA,EN,Federal Contract Tower,0,32,14,0,46,0,12,57,2,71,0,44,71,2,117,64,2,66,183
08/25/2012,UNV,PA,AEA,EN,Federal Contract Tower,0,24,23,0,47,0,7,77,1,85,0,31,100,1,132,74,0,74,206
08/26/2012,UNV,PA,AEA,EN,Federal Contract Tower,0,23,12,0,35,0,1,19,0,20,0,24,31,0,55,0,0,0,55
08/27/2012,UNV,PA,AEA,EN,Federal Contract Tower,0,31,18,0,49,0,2,19,0,21,0,33,37,0,70,12,0,12,82
08/28/2012,UNV,PA,AEA,EN,Federal Contract Tower,0,35,6,0,41,0,12,42,2,56,0,47,48,2,97,66,0,66,163
08/29/2012,UNV,PA,AEA,EN,Federal Contract Tower,0,36,14,0,50,0,8,69,4,81,0,44,83,4,131,22,14,36,167
08/30/2012,UNV,PA,AEA,EN,Federal Contract Tower,0,36,8,0,44,0,11,64,2,77,0,47,72,2,121,64,0,64,185
08/31/2012,UNV,PA,AEA,EN,Federal Contract Tower,0,34,19,0,53,0,7,53,1,61,0,41,72,1,114,44,0,44,158
09/01/2012,UNV,PA,AEA,EN,Federal Contract Tower,0,25,36,0,61,0,17,72,0,89,0,42,108,0,150,2,0,2,152
09/02/2012,UNV,PA,AEA,EN,Federal Contract Tower,0,24,15,0,39,0,6,17,0,23,0,30,32,0,62,22,0,22,84
09/03/2012,UNV,PA,AEA,EN,Federal Contract Tower,0,22,20,0,42,0,3,0,0,3,0,25,20,0,45,0,0,0,45
09/04/2012,UNV,PA,AEA,EN,Federal Contract Tower,0,30,6,0,36,0,7,4,0,11,0,37,10,0,47,0,0,0,47
09/05/2012,UNV,PA,AEA,EN,Federal Contract Tower,0,38,15,2,55,0,9,23,1,33,0,47,38,3,88,20,2,22,110
09/06/2012,UNV,PA,AEA,EN,Federal Contract Tower,0,35,17,2,54,0,2,19,4,25,0,37,36,6,79,22,0,22,101
09/07/2012,UNV,PA,AEA,EN,Federal Contract Tower,2,40,17,0,59,0,1,28,0,29,2,41,45,0,88,40,0,40,128
09/08/2012,UNV,PA,AEA,EN,Federal Contract Tower,2,24,5,0,31,0,2,4,0,6,2,26,9,0,37,0,0,0,37
09/09/2012,UNV,PA,AEA,EN,Federal Contract Tower,0,31,18,0,49,0,2,46,0,48,0,33,64,0,97,56,0,56,153
09/10/2012,UNV,PA,AEA,EN,Federal Contract Tower,0,31,20,0,51,0,5,40,2,47,0,36,60,2,98,16,0,16,114
09/11/2012,UNV,PA,AEA,EN,Federal Contract Tower,0,34,15,0,49,0,7,36,0,43,0,41,51,0,92,16,0,16,108
09/12/2012,UNV,PA,AEA,EN,Federal Contract Tower,0,40,11,1,52,0,9,57,1,67,0,49,68,2,119,34,2,36,155
09/13/2012,UNV,PA,AEA,EN,Federal Contract Tower,0,40,18,3,61,0,5,43,0,48,0,45,61,3,109,40,2,42,151
09/14/2012,UNV,PA,AEA,EN,Federal Contract Tower,0,40,23,0,63,0,6,46,2,54,0,46,69,2,117,82,0,82,199
09/15/2012,UNV,PA,AEA,EN,Federal Contract Tower,0,33,24,0,57,0,9,68,8,85,0,42,92,8,142,14,0,14,156
09/16/2012,UNV,PA,AEA,EN,Federal Contract Tower,0,27,30,0,57,0,7,68,0,75,0,34,98,0,132,72,0,72,204
09/17/2012,UNV,PA,AEA,EN,Federal Contract Tower,0,32,13,1,46,0,14,38,0,52,0,46,51,1,98,46,0,46,144
09/18/2012,UNV,PA,AEA,EN,Federal Contract Tower,0,35,12,0,47,0,2,0,0,2,0,37,12,0,49,0,20,20,69
09/19/2012,UNV,PA,AEA,EN,Federal Contract Tower,0,38,15,1,54,0,3,31,0,34,0,41,46,1,88,18,6,24,112
09/20/2012,UNV,PA,AEA,EN,Federal Contract Tower,0,32,14,0,46,0,7,32,0,39,0,39,46,0,85,26,4,30,115
09/21/2012,UNV,PA,AEA,EN,Federal Contract Tower,0,36,21,1,58,0,10,51,0,61,0,46,72,1,119,56,0,56,175
09/22/2012,UNV,PA,AEA,EN,Federal Contract Tower,0,26,24,1,51,0,8,30,1,39,0,34,54,2,90,16,0,16,106
09/23/2012,UNV,PA,AEA,EN,Federal Contract Tower,0,36,24,0,60,0,4,40,0,44,0,40,64,0,104,58,0,58,162
09/24/2012,UNV,PA,AEA,EN,Federal Contract Tower,0,28,9,2,39,0,6,43,0,49,0,34,52,2,88,50,0,50,138
09/25/2012,UNV,PA,AEA,EN,Federal Contract Tower,0,35,11,4,50,0,8,30,2,40,0,43,41,6,90,4,12,16,106
09/26/2012,UNV,PA,AEA,EN,Federal Contract Tower,0,37,11,2,50,0,1,0,0,1,0,38,11,2,51,2,0,2,53
09/27/2012,UNV,PA,AEA,EN,Federal Contract Tower,0,37,13,0,50,0,2,7,0,9,0,39,20,0,59,8,0,8,67
09/28/2012,UNV,PA,AEA,EN,Federal Contract Tower,2,33,20,0,55,0,9,16,0,25,2,42,36,0,80,28,0,28,108
09/29/2012,UNV,PA,AEA,EN,Federal Contract Tower,2,25,20,0,47,0,6,50,3,59,2,31,70,3,106,96,0,96,202
09/30/2012,UNV,PA,AEA,EN,Federal Contract Tower,0,27,22,0,49,0,3,28,0,31,0,30,50,0,80,18,0,18,98
10/01/2012,UNV,PA,AEA,EN,Federal Contract Tower,0,30,7,0,37,0,4,33,0,37,0,34,40,0,74,52,0,52,126
10/02/2012,UNV,PA,AEA,EN,Federal Contract Tower,0,32,9,0,41,0,0,1,0,1,0,32,10,0,42,0,0,0,42
10/03/2012,UNV,PA,AEA,EN,Federal Contract Tower,0,36,10,0,46,0,7,21,0,28,0,43,31,0,74,28,0,28,102
10/04/2012,UNV,PA,AEA,EN,Federal Contract Tower,0,45,14,0,59,0,3,34,0,37,0,48,48,0,96,36,0,36,132
10/05/2012,UNV,PA,AEA,EN,Federal Contract Tower,2,42,17,0,61,0,4,57,0,61,2,46,74,0,122,52,0,52,174
10/06/2012,UNV,PA,AEA,EN,Federal Contract Tower,2,38,33,0,73,0,5,36,0,41,2,43,69,0,114,12,0,12,126
10/07/2012,UNV,PA,AEA,EN,Federal Contract Tower,0,34,11,0,45,0,3,40,0,43,0,37,51,0,88,46,0,46,134
10/08/2012,UNV,PA,AEA,EN,Federal Contract Tower,0,28,18,1,47,0,1,31,0,32,0,29,49,1,79,30,0,30,109
10/09/2012,UNV,PA,AEA,EN,Federal Contract Tower,0,36,14,1,51,0,2,43,1,46,0,38,57,2,97,28,0,28,125
10/10/2012,UNV,PA,AEA,EN,Federal Contract Tower,0,35,14,2,51,0,0,16,0,16,0,35,30,2,67,2,0,2,69
10/11/2012,UNV,PA,AEA,EN,Federal Contract Tower,0,43,13,0,56,0,1,28,4,33,0,44,41,4,89,6,0,6,95
10/12/2012,UNV,PA,AEA,EN,Federal Contract Tower,0,34,16,0,50,0,2,30,0,32,0,36,46,0,82,14,0,14,96
10/13/2012,UNV,PA,AEA,EN,Federal Contract Tower,0,31,13,0,44,0,6,67,0,73,0,37,80,0,117,40,0,40,157
10/14/2012,UNV,PA,AEA,EN,Federal Contract Tower,0,28,7,1,36,0,5,44,1,50,0,33,51,2,86,30,0,30,116
10/15/2012,UNV,PA,AEA,EN,Federal Contract Tower,0,30,22,0,52,0,3,6,0,9,0,33,28,0,61,0,0,0,61
10/16/2012,UNV,PA,AEA,EN,Federal Contract Tower,0,37,10,0,47,0,1,48,0,49,0,38,58,0,96,48,0,48,144
10/17/2012,UNV,PA,AEA,EN,Federal Contract Tower,0,41,20,0,61,0,7,42,2,51,0,48,62,2,112,24,0,24,136
10/18/2012,UNV,PA,AEA,EN,Federal Contract Tower,1,34,15,0,50,0,4,12,0,16,1,38,27,0,66,2,0,2,68
10/19/2012,UNV,PA,AEA,EN,Federal Contract Tower,1,35,15,0,51,0,2,8,0,10,1,37,23,0,61,14,0,14,75
10/20/2012,UNV,PA,AEA,EN,Federal Contract Tower,0,42,19,0,61,0,7,31,0,38,0,49,50,0,99,82,0,82,181
10/21/2012,UNV,PA,AEA,EN,Federal Contract Tower,0,27,19,0,46,0,2,53,1,56,0,29,72,1,102,64,0,64,166
10/22/2012,UNV,PA,AEA,EN,Federal Contract Tower,0,30,12,1,43,0,3,46,0,49,0,33,58,1,92,66,0,66,158
10/23/2012,UNV,PA,AEA,EN,Federal Contract Tower,0,40,7,0,47,0,5,23,1,29,0,45,30,1,76,32,20,52,128
10/24/2012,UNV,PA,AEA,EN,Federal Contract Tower,0,35,9,0,44,0,4,19,0,23,0,39,28,0,67,56,0,56,123
10/25/2012,UNV,PA,AEA,EN,Federal Contract Tower,0,41,18,0,59,0,2,25,0,27,0,43,43,0,86,6,0,6,92
10/26/2012,UNV,PA,AEA,EN,Federal Contract Tower,2,47,25,0,74,0,8,21,0,29,2,55,46,0,103,46,0,46,149
10/27/2012,UNV,PA,AEA,EN,Federal Contract Tower,2,45,61,0,108,0,6,22,0,28,2,51,83,0,136,0,0,0,136
10/28/2012,UNV,PA,AEA,EN,Federal Contract Tower,2,32,23,0,57,0,1,0,0,1,2,33,23,0,58,0,0,0,58
10/29/2012,UNV,PA,AEA,EN,Federal Contract Tower,0,5,1,0,6,0,0,0,0,0,0,5,1,0,6,0,0,0,6
10/30/2012,UNV,PA,AEA,EN,Federal Contract Tower,1,12,2,0,15,0,0,0,0,0,1,12,2,0,15,0,0,0,15
10/31/2012,UNV,PA,AEA,EN,Federal Contract Tower,0,32,1,0,33,0,4,0,0,4,0,36,1,0,37,0,0,0,37
11/01/2012,UNV,PA,AEA,EN,Federal Contract Tower,2,39,9,0,50,0,0,2,0,2,2,39,11,0,52,0,0,0,52
11/02/2012,UNV,PA,AEA,EN,Federal Contract Tower,2,38,17,0,57,0,2,2,1,5,2,40,19,1,62,6,0,6,68
11/03/2012,UNV,PA,AEA,EN,Federal Contract Tower,0,26,13,0,39,0,10,4,0,14,0,36,17,0,53,0,0,0,53
11/04/2012,UNV,PA,AEA,EN,Federal Contract Tower,0,26,8,4,38,0,5,23,23,51,0,31,31,27,89,60,0,60,149
11/05/2012,UNV,PA,AEA,EN,Federal Contract Tower,0,34,10,1,45,0,1,20,1,22,0,35,30,2,67,16,0,16,83
11/06/2012,UNV,PA,AEA,EN,Federal Contract Tower,0,37,6,1,44,0,2,32,2,36,0,39,38,3,80,32,2,34,114
11/07/2012,UNV,PA,AEA,EN,Federal Contract Tower,0,36,11,0,47,0,0,23,0,23,0,36,34,0,70,20,0,20,90
11/08/2012,UNV,PA,AEA,EN,Federal Contract Tower,0,42,13,2,57,0,11,38,0,49,0,53,51,2,106,24,0,24,130
11/09/2012,UNV,PA,AEA,EN,Federal Contract Tower,2,31,9,0,42,0,8,28,0,36,2,39,37,0,78,68,0,68,146
11/10/2012,UNV,PA,AEA,EN,Federal Contract Tower,0,27,16,0,43,0,4,36,0,40,0,31,52,0,83,58,0,58,141
11/11/2012,UNV,PA,AEA,EN,Federal Contract Tower,0,24,2,2,28,0,1,65,0,66,0,25,67,2,94,60,0,60,154
11/12/2012,UNV,PA,AEA,EN,Federal Contract Tower,0,29,11,0,40,0,8,3,0,11,0,37,14,0,51,20,0,20,71
11/13/2012,UNV,PA,AEA,EN,Federal Contract Tower,0,36,10,0,46,0,2,19,2,23,0,38,29,2,69,14,0,14,83
11/14/2012,UNV,PA,AEA,EN,Federal Contract Tower,0,41,9,4,54,0,6,36,4,46,0,47,45,8,100,30,4,34,134
11/15/2012,UNV,PA,AEA,EN,Federal Contract Tower,0,40,20,0,60,0,5,24,0,29,0,45,44,0,89,8,0,8,97
11/16/2012,UNV,PA,AEA,EN,Federal Contract Tower,2,39,23,0,64,0,9,54,7,70,2,48,77,7,134,40,26,66,200
11/17/2012,UNV,PA,AEA,EN,Federal Contract Tower,2,27,33,0,62,0,8,75,4,87,2,35,108,4,149,30,2,32,181
11/18/2012,UNV,PA,AEA,EN,Federal Contract Tower,0,27,13,0,40,0,7,43,0,50,0,34,56,0,90,42,0,42,132
11/19/2012,UNV,PA,AEA,EN,Federal Contract Tower,0,36,14,0,50,0,9,10,0,19,0,45,24,0,69,0,0,0,69
11/20/2012,UNV,PA,AEA,EN,Federal Contract Tower,0,36,3,0,39,0,3,14,0,17,0,39,17,0,56,36,0,36,92
11/21/2012,UNV,PA,AEA,EN,Federal Contract Tower,0,37,7,0,44,0,3,32,0,35,0,40,39,0,79,6,0,6,85
11/22/2012,UNV,PA,AEA,EN,Federal Contract Tower,0,17,1,0,18,0,5,22,0,27,0,22,23,0,45,4,0,4,49
11/23/2012,UNV,PA,AEA,EN,Federal Contract Tower,2,20,6,0,28,0,9,16,0,25,2,29,22,0,53,4,0,4,57
11/24/2012,UNV,PA,AEA,EN,Federal Contract Tower,2,27,17,0,46,0,6,7,0,13,2,33,24,0,59,0,0,0,59
11/25/2012,UNV,PA,AEA,EN,Federal Contract Tower,0,27,17,0,44,0,5,17,0,22,0,32,34,0,66,0,0,0,66
11/26/2012,UNV,PA,AEA,EN,Federal Contract Tower,0,35,9,0,44,0,12,37,0,49,0,47,46,0,93,50,0,50,143
11/27/2012,UNV,PA,AEA,EN,Federal Contract Tower,0,36,3,0,39,0,5,0,0,5,0,41,3,0,44,0,0,0,44
11/28/2012,UNV,PA,AEA,EN,Federal Contract Tower,2,38,11,0,51,0,3,9,0,12,2,41,20,0,63,4,0,4,67
11/29/2012,UNV,PA,AEA,EN,Federal Contract Tower,0,32,9,0,41,0,14,29,0,43,0,46,38,0,84,0,0,0,84
11/30/2012,UNV,PA,AEA,EN,Federal Contract Tower,0,34,13,0,47,0,12,35,0,47,0,46,48,0,94,20,0,20,114
12/01/2012,UNV,PA,AEA,EN,Federal Contract Tower,0,27,8,0,35,0,4,28,2,34,0,31,36,2,69,52,0,52,121
12/02/2012,UNV,PA,AEA,EN,Federal Contract Tower,0,24,6,0,30,0,0,6,0,6,0,24,12,0,36,0,0,0,36
12/03/2012,UNV,PA,AEA,EN,Federal Contract Tower,0,31,19,0,50,0,3,7,0,10,0,34,26,0,60,32,0,32,92
12/04/2012,UNV,PA,AEA,EN,Federal Contract Tower,0,37,12,0,49,0,19,9,0,28,0,56,21,0,77,20,0,20,97
12/05/2012,UNV,PA,AEA,EN,Federal Contract Tower,2,40,10,0,52,0,9,10,0,19,2,49,20,0,71,6,0,6,77
12/06/2012,UNV,PA,AEA,EN,Federal Contract Tower,0,34,11,1,46,0,7,50,6,63,0,41,61,7,109,32,0,32,141
12/07/2012,UNV,PA,AEA,EN,Federal Contract Tower,0,35,3,2,40,0,0,0,0,0,0,35,3,2,40,0,0,0,40
12/08/2012,UNV,PA,AEA,EN,Federal Contract Tower,0,29,10,0,39,0,7,10,0,17,0,36,20,0,56,4,0,4,60
12/09/2012,UNV,PA,AEA,EN,Federal Contract Tower,0,21,7,0,28,0,2,4,0,6,0,23,11,0,34,26,0,26,60
12/10/2012,UNV,PA,AEA,EN,Federal Contract Tower,0,28,19,0,47,0,0,1,0,1,0,28,20,0,48,0,0,0,48
12/11/2012,UNV,PA,AEA,EN,Federal Contract Tower,0,41,14,6,61,0,5,11,0,16,0,46,25,6,77,18,0,18,95
12/12/2012,UNV,PA,AEA,EN,Federal Contract Tower,0,32,5,0,37,0,9,31,12,52,0,41,36,12,89,32,0,32,121
12/13/2012,UNV,PA,AEA,EN,Federal Contract Tower,0,37,11,0,48,0,11,31,0,42,0,48,42,0,90,0,0,0,90
12/14/2012,UNV,PA,AEA,EN,Federal Contract Tower,0,37,20,1,58,0,9,42,0,51,0,46,62,1,109,70,2,72,181
12/15/2012,UNV,PA,AEA,EN,Federal Contract Tower,0,31,13,0,44,0,6,39,0,45,0,37,52,0,89,92,0,92,181
12/16/2012,UNV,PA,AEA,EN,Federal Contract Tower,0,21,4,0,25,0,2,3,0,5,0,23,7,0,30,6,0,6,36
12/17/2012,UNV,PA,AEA,EN,Federal Contract Tower,0,25,7,0,32,0,1,0,0,1,0,26,7,0,33,2,0,2,35
12/18/2012,UNV,PA,AEA,EN,Federal Contract Tower,0,36,6,0,42,0,6,0,0,6,0,42,6,0,48,0,0,0,48
12/19/2012,UNV,PA,AEA,EN,Federal Contract Tower,0,35,20,0,55,0,0,17,2,19,0,35,37,2,74,6,0,6,80
12/20/2012,UNV,PA,AEA,EN,Federal Contract Tower,0,30,17,0,47,0,0,14,0,14,0,30,31,0,61,0,0,0,61
12/21/2012,UNV,PA,AEA,EN,Federal Contract Tower,0,28,13,0,41,0,0,0,0,0,0,28,13,0,41,0,0,0,41
12/22/2012,UNV,PA,AEA,EN,Federal Contract Tower,0,25,2,0,27,0,0,1,0,1,0,25,3,0,28,0,0,0,28
12/23/2012,UNV,PA,AEA,EN,Federal Contract Tower,0,19,7,0,26,0,3,32,1,36,0,22,39,1,62,76,0,76,138
12/24/2012,UNV,PA,AEA,EN,Federal Contract Tower,0,25,1,0,26,0,3,17,0,20,0,28,18,0,46,22,0,22,68
12/25/2012,UNV,PA,AEA,EN,Federal Contract Tower,0,20,0,0,20,0,0,0,0,0,0,20,0,0,20,0,0,0,20
12/26/2012,UNV,PA,AEA,EN,Federal Contract Tower,0,11,0,0,11,0,2,0,0,2,0,13,0,0,13,0,0,0,13
12/27/2012,UNV,PA,AEA,EN,Federal Contract Tower,0,26,0,0,26,0,1,0,0,1,0,27,0,0,27,0,0,0,27
12/28/2012,UNV,PA,AEA,EN,Federal Contract Tower,0,31,1,0,32,0,7,19,2,28,0,38,20,2,60,38,16,54,114
12/29/2012,UNV,PA,AEA,EN,Federal Contract Tower,0,27,0,0,27,0,0,0,0,0,0,27,0,0,27,0,0,0,27
12/30/2012,UNV,PA,AEA,EN,Federal Contract Tower,0,19,1,0,20,0,12,0,0,12,0,31,1,0,32,0,0,0,32
12/31/2012,UNV,PA,AEA,EN,Federal Contract Tower,0,24,4,0,28,0,13,22,0,35,0,37,26,0,63,28,0,28,91
01/01/2013,UNV,PA,AEA,EN,Federal Contract Tower,0,15,3,0,18,0,1,2,0,3,0,16,5,0,21,8,0,8,29
01/02/2013,UNV,PA,AEA,EN,Federal Contract Tower,2,37,3,0,42,0,6,2,0,8,2,43,5,0,50,0,0,0,50
01/03/2013,UNV,PA,AEA,EN,Federal Contract Tower,0,38,9,0,47,0,7,10,0,17,0,45,19,0,64,0,0,0,64
01/04/2013,UNV,PA,AEA,EN,Federal Contract Tower,2,37,2,0,41,0,6,0,0,6,2,43,2,0,47,0,0,0,47
01/05/2013,UNV,PA,AEA,EN,Federal Contract Tower,1,28,11,0,40,0,7,24,2,33,1,35,35,2,73,62,0,62,135
01/06/2013,UNV,PA,AEA,EN,Federal Contract Tower,2,20,6,0,28,0,3,7,0,10,2,23,13,0,38,22,0,22,60
01/07/2013,UNV,PA,AEA,EN,Federal Contract Tower,0,28,14,0,42,0,6,0,0,6,0,34,14,0,48,0,0,0,48
01/08/2013,UNV,PA,AEA,EN,Federal Contract Tower,0,34,7,0,41,0,8,20,4,32,0,42,27,4,73,38,0,38,111
01/09/2013,UNV,PA,AEA,EN,Federal Contract Tower,0,33,9,0,42,0,8,10,0,18,0,41,19,0,60,2,0,2,62
01/10/2013,UNV,PA,AEA,EN,Federal Contract Tower,0,34,14,0,48,0,16,23,0,39,0,50,37,0,87,16,0,16,103
01/11/2013,UNV,PA,AEA,EN,Federal Contract Tower,1,32,6,0,39,0,3,1,0,4,1,35,7,0,43,0,0,0,43
01/12/2013,UNV,PA,AEA,EN,Federal Contract Tower,1,25,6,0,32,0,2,6,0,8,1,27,12,0,40,24,0,24,64
01/13/2013,UNV,PA,AEA,EN,Federal Contract Tower,0,10,6,0,16,0,0,2,0,2,0,10,8,0,18,14,0,14,32
01/14/2013,UNV,PA,AEA,EN,Federal Contract Tower,0,25,13,0,38,0,12,18,0,30,0,37,31,0,68,20,0,20,88
01/15/2013,UNV,PA,AEA,EN,Federal Contract Tower,0,34,8,0,42,0,8,14,0,22,0,42,22,0,64,14,0,14,78
01/16/2013,UNV,PA,AEA,EN,Federal Contract Tower,0,28,14,2,44,0,0,0,0,0,0,28,14,2,44,0,0,0,44
01/17/2013,UNV,PA,AEA,EN,Federal Contract Tower,0,35,21,0,56,0,7,6,0,13,0,42,27,0,69,0,2,2,71
01/18/2013,UNV,PA,AEA,EN,Federal Contract Tower,0,34,14,0,48,0,7,28,4,39,0,41,42,4,87,54,0,54,141
01/19/2013,UNV,PA,AEA,EN,Federal Contract Tower,0,26,7,0,33,0,8,22,0,30,0,34,29,0,63,4,0,4,67
01/20/2013,UNV,PA,AEA,EN,Federal Contract Tower,0,20,7,0,27,0,2,8,0,10,0,22,15,0,37,0,0,0,37
01/21/2013,UNV,PA,AEA,EN,Federal Contract Tower,0,27,12,0,39,0,6,0,0,6,0,33,12,0,45,0,0,0,45
01/22/2013,UNV,PA,AEA,EN,Federal Contract Tower,2,36,5,0,43,0,2,12,0,14,2,38,17,0,57,0,0,0,57
01/23/2013,UNV,PA,AEA,EN,Federal Contract Tower,0,35,16,0,51,0,3,3,0,6,0,38,19,0,57,0,0,0,57
01/24/2013,UNV,PA,AEA,EN,Federal Contract Tower,2,31,7,0,40,0,8,10,0,18,2,39,17,0,58,2,0,2,60
01/25/2013,UNV,PA,AEA,EN,Federal Contract Tower,3,29,8,0,40,0,1,0,0,1,3,30,8,0,41,0,0,0,41
01/26/2013,UNV,PA,AEA,EN,Federal Contract Tower,3,26,4,0,33,0,0,0,0,0,3,26,4,0,33,0,0,0,33
01/27/2013,UNV,PA,AEA,EN,Federal Contract Tower,2,22,6,1,31,0,7,30,2,39,2,29,36,3,70,52,6,58,128
01/28/2013,UNV,PA,AEA,EN,Federal Contract Tower,0,30,10,0,40,0,0,0,0,0,0,30,10,0,40,0,0,0,40
01/29/2013,UNV,PA,AEA,EN,Federal Contract Tower,0,9,10,0,19,0,0,0,0,0,0,9,10,0,19,0,0,0,19
01/30/2013,UNV,PA,AEA,EN,Federal Contract Tower,4,28,4,0,36,0,0,0,0,0,4,28,4,0,36,0,0,0,36
01/31/2013,UNV,PA,AEA,EN,Federal Contract Tower,0,36,15,0,51,0,0,1,0,1,0,36,16,0,52,0,0,0,52
02/01/2013,UNV,PA,AEA,EN,Federal Contract Tower,0,24,13,0,37,0,12,4,0,16,0,36,17,0,53,4,0,4,57
02/02/2013,UNV,PA,AEA,EN,Federal Contract Tower,0,22,3,0,25,0,5,2,0,7,0,27,5,0,32,8,0,8,40
02/03/2013,UNV,PA,AEA,EN,Federal Contract Tower,0,25,5,0,30,0,0,0,0,0,0,25,5,0,30,0,0,0,30
02/04/2013,UNV,PA,AEA,EN,Federal Contract Tower,1,28,11,0,40,0,14,12,0,26,1,42,23,0,66,16,0,16,82
02/05/2013,UNV,PA,AEA,EN,Federal Contract Tower,3,31,10,0,44,0,0,0,0,0,3,31,10,0,44,0,0,0,44
02/06/2013,UNV,PA,AEA,EN,Federal Contract Tower,0,35,13,0,48,0,2,13,0,15,0,37,26,0,63,6,0,6,69
02/07/2013,UNV,PA,AEA,EN,Federal Contract Tower,0,40,8,0,48,0,13,15,0,28,0,53,23,0,76,28,0,28,104
02/08/2013,UNV,PA,AEA,EN,Federal Contract Tower,2,32,6,0,40,0,0,0,0,0,2,32,6,0,40,0,0,0,40
02/09/2013,UNV,PA,AEA,EN,Federal Contract Tower,0,22,3,0,25,0,4,31,0,35,0,26,34,0,60,32,0,32,92
02/10/2013,UNV,PA,AEA,EN,Federal Contract Tower,0,23,9,0,32,0,4,84,2,90,0,27,93,2,122,100,0,100,222
02/11/2013,UNV,PA,AEA,EN,Federal Contract Tower,0,25,9,0,34,0,3,6,0,9,0,28,15,0,43,18,0,18,61
02/12/2013,UNV,PA,AEA,EN,Federal Contract Tower,0,32,5,0,37,0,7,5,0,12,0,39,10,0,49,10,0,10,59
02/13/2013,UNV,PA,AEA,EN,Federal Contract Tower,3,28,11,0,42,0,2,9,0,11,3,30,20,0,53,12,0,12,65
02/14/2013,UNV,PA,AEA,EN,Federal Contract Tower,0,35,13,2,50,0,6,12,8,26,0,41,25,10,76,0,0,0,76
02/15/2013,UNV,PA,AEA,EN,Federal Contract Tower,2,35,11,0,48,0,1,22,0,23,2,36,33,0,71,48,0,48,119
02/16/2013,UNV,PA,AEA,EN,Federal Contract Tower,0,23,5,0,28,0,4,37,1,42,0,27,42,1,70,40,0,40,110
02/17/2013,UNV,PA,AEA,EN,Federal Contract Tower,2,19,5,0,26,0,0,10,0,10,2,19,15,0,36,14,0,14,50
02/18/2013,UNV,PA,AEA,EN,Federal Contract Tower,0,23,18,0,41,0,3,57,0,60,0,26,75,0,101,57,0,57,158
02/19/2013,UNV,PA,AEA,EN,Federal Contract Tower,0,26,5,0,31,0,0,0,0,0,0,26,5,0,31,0,0,0,31
02/20/2013,UNV,PA,AEA,EN,Federal Contract Tower,3,32,5,0,40,0,0,0,0,0,3,32,5,0,40,12,0,12,52
02/21/2013,UNV,PA,AEA,EN,Federal Contract Tower,0,28,7,0,35,0,2,8,0,10,0,30,15,0,45,0,0,0,45
02/22/2013,UNV,PA,AEA,EN,Federal Contract Tower,1,31,8,0,40,0,2,1,0,3,1,33,9,0,43,0,0,0,43
02/23/2013,UNV,PA,AEA,EN,Federal Contract Tower,2,23,2,0,27,0,0,1,0,1,2,23,3,0,28,0,0,0,28
02/24/2013,UNV,PA,AEA,EN,Federal Contract Tower,0,25,7,0,32,0,0,0,0,0,0,25,7,0,32,60,0,60,92
02/25/2013,UNV,PA,AEA,EN,Federal Contract Tower,0,27,14,0,41,0,13,57,0,70,0,40,71,0,111,58,0,58,169
02/26/2013,UNV,PA,AEA,EN,Federal Contract Tower,0,33,6,0,39,0,1,4,0,5,0,34,10,0,44,0,0,0,44
02/27/2013,UNV,PA,AEA,EN,Federal Contract Tower,2,34,12,0,48,0,5,0,0,5,2,39,12,0,53,0,0,0,53
02/28/2013,UNV,PA,AEA,EN,Federal Contract Tower,0,34,13,0,47,0,1,0,0,1,0,35,13,0,48,0,0,0,48
03/01/2013,UNV,PA,AEA,EN,Federal Contract Tower,2,34,13,0,49,0,4,12,0,16,2,38,25,0,65,8,0,8,73
03/02/2013,UNV,PA,AEA,EN,Federal Contract Tower,4,40,12,0,56,0,7,35,0,42,4,47,47,0,98,58,0,58,156
03/03/2013,UNV,PA,AEA,EN,Federal Contract Tower,0,25,4,0,29,0,6,6,0,12,0,31,10,0,41,24,0,24,65
03/04/2013,UNV,PA,AEA,EN,Federal Contract Tower,0,32,8,0,40,0,7,11,0,18,0,39,19,0,58,16,0,16,74
03/05/2013,UNV,PA,AEA,EN,Federal Contract Tower,0,34,6,0,40,0,6,24,0,30,0,40,30,0,70,22,0,22,92
03/06/2013,UNV,PA,AEA,EN,Federal Contract Tower,2,26,9,0,37,0,3,0,0,3,2,29,9,0,40,8,0,8,48
03/07/2013,UNV,PA,AEA,EN,Federal Contract Tower,2,31,11,0,44,0,11,15,6,32,2,42,26,6,76,10,0,10,86
03/08/2013,UNV,PA,AEA,EN,Federal Contract Tower,1,28,9,0,38,0,4,19,0,23,1,32,28,0,61,16,0,16,77
03/09/2013,UNV,PA,AEA,EN,Federal Contract Tower,0,27,1,0,28,0,6,63,0,69,0,33,64,0,97,65,0,65,162
03/10/2013,UNV,PA,AEA,EN,Federal Contract Tower,2,25,17,0,44,0,6,43,1,50,2,31,60,1,94,80,0,80,174
03/11/2013,UNV,PA,AEA,EN,Federal Contract Tower,0,32,9,0,41,0,5,10,0,15,0,37,19,0,56,6,0,6,62
03/12/2013,UNV,PA,AEA,EN,Federal Contract Tower,0,34,9,0,43,0,6,0,0,6,0,40,9,0,49,0,0,0,49
03/13/2013,UNV,PA,AEA,EN,Federal Contract Tower,2,36,14,2,54,0,8,3,0,11,2,44,17,2,65,8,0,8,73
03/14/2013,UNV,PA,AEA,EN,Federal Contract Tower,0,45,6,0,51,0,8,7,0,15,0,53,13,0,66,0,0,0,66
03/15/2013,UNV,PA,AEA,EN,Federal Contract Tower,1,33,12,0,46,0,5,22,2,29,1,38,34,2,75,2,0,2,77
03/16/2013,UNV,PA,AEA,EN,Federal Contract Tower,0,28,4,0,32,0,0,0,0,0,0,28,4,0,32,0,0,0,32
03/17/2013,UNV,PA,AEA,EN,Federal Contract Tower,0,29,6,0,35,0,0,25,4,29,0,29,31,4,64,81,0,81,145
03/18/2013,UNV,PA,AEA,EN,Federal Contract Tower,0,24,9,0,33,0,0,1,0,1,0,24,10,0,34,0,0,0,34
03/19/2013,UNV,PA,AEA,EN,Federal Contract Tower,0,34,6,2,42,0,2,2,0,4,0,36,8,2,46,0,0,0,46
03/20/2013,UNV,PA,AEA,EN,Federal Contract Tower,0,32,9,0,41,0,8,7,1,16,0,40,16,1,57,12,0,12,69
03/21/2013,UNV,PA,AEA,EN,Federal Contract Tower,2,33,9,0,44,0,3,8,3,14,2,36,17,3,58,8,0,8,66
03/22/2013,UNV,PA,AEA,EN,Federal Contract Tower,0,36,13,0,49,0,0,7,0,7,0,36,20,0,56,14,0,14,70
03/23/2013,UNV,PA,AEA,EN,Federal Contract Tower,0,26,8,0,34,0,9,31,2,42,0,35,39,2,76,42,0,42,118
03/24/2013,UNV,PA,AEA,EN,Federal Contract Tower,0,21,8,0,29,0,2,31,0,33,0,23,39,0,62,80,2,82,144
03/25/2013,UNV,PA,AEA,EN,Federal Contract Tower,0,24,0,0,24,0,0,0,0,0,0,24,0,0,24,0,0,0,24
03/26/2013,UNV,PA,AEA,EN,Federal Contract Tower,0,35,4,0,39,0,5,17,6,28,0,40,21,6,67,22,0,22,89
03/27/2013,UNV,PA,AEA,EN,Federal Contract Tower,2,33,10,0,45,0,6,8,0,14,2,39,18,0,59,20,0,20,79
03/28/2013,UNV,PA,AEA,EN,Federal Contract Tower,0,40,12,0,52,0,6,20,0,26,0,46,32,0,78,6,0,6,84
03/29/2013,UNV,PA,AEA,EN,Federal Contract Tower,0,33,7,0,40,0,2,42,1,45,0,35,49,1,85,40,12,52,137
03/30/2013,UNV,PA,AEA,EN,Federal Contract Tower,0,27,6,0,33,0,7,67,2,76,0,34,73,2,109,94,0,94,203
03/31/2013,UNV,PA,AEA,EN,Federal Contract Tower,0,20,10,0,30,0,0,10,0,10,0,20,20,0,40,10,0,10,50
04/01/2013,UNV,PA,AEA,EN,Federal Contract Tower,0,28,13,0,41,0,13,4,0,17,0,41,17,0,58,0,0,0,58
04/02/2013,UNV,PA,AEA,EN,Federal Contract Tower,0,37,7,0,44,0,9,11,2,22,0,46,18,2,66,6,8,14,80
04/03/2013,UNV,PA,AEA,EN,Federal Contract Tower,0,32,15,0,47,0,6,18,0,24,0,38,33,0,71,12,0,12,83
04/04/2013,UNV,PA,AEA,EN,Federal Contract Tower,0,33,12,2,47,0,12,36,4,52,0,45,48,6,99,88,10,98,197
04/05/2013,UNV,PA,AEA,EN,Federal Contract Tower,0,32,5,0,37,0,14,34,0,48,0,46,39,0,85,78,0,78,163
04/06/2013,UNV,PA,AEA,EN,Federal Contract Tower,0,26,12,0,38,0,6,57,0,63,0,32,69,0,101,134,0,134,235
04/07/2013,UNV,PA,AEA,EN,Federal Contract Tower,0,25,8,0,33,0,5,24,0,29,0,30,32,0,62,10,0,10,72
04/08/2013,UNV,PA,AEA,EN,Federal Contract Tower,0,29,7,0,36,0,10,31,0,41,0,39,38,0,77,52,0,52,129
04/09/2013,UNV,PA,AEA,EN,Federal Contract Tower,0,37,10,0,47,0,4,26,0,30,0,41,36,0,77,22,0,22,99
04/10/2013,UNV,PA,AEA,EN,Federal Contract Tower,0,26,12,2,40,0,1,12,0,13,0,27,24,2,53,0,0,0,53
04/11/2013,UNV,PA,AEA,EN,Federal Contract Tower,0,33,10,0,43,0,0,2,0,2,0,33,12,0,45,0,0,0,45
04/12/2013,UNV,PA,AEA,EN,Federal Contract Tower,0,33,12,0,45,0,0,0,0,0,0,33,12,0,45,0,0,0,45
04/13/2013,UNV,PA,AEA,EN,Federal Contract Tower,0,27,7,0,34,0,3,47,4,54,0,30,54,4,88,96,0,96,184
04/14/2013,UNV,PA,AEA,EN,Federal Contract Tower,0,24,12,0,36,0,5,41,0,46,0,29,53,0,82,96,0,96,178
04/15/2013,UNV,PA,AEA,EN,Federal Contract Tower,0,30,7,0,37,0,2,22,8,32,0,32,29,8,69,56,32,88,157
04/16/2013,UNV,PA,AEA,EN,Federal Contract Tower,0,33,11,0,44,0,9,8,0,17,0,42,19,0,61,14,0,14,75
04/17/2013,UNV,PA,AEA,EN,Federal Contract Tower,0,38,19,0,57,0,9,28,2,39,0,47,47,2,96,48,0,48,144
04/18/2013,UNV,PA,AEA,EN,Federal Contract Tower,0,37,16,0,53,0,0,6,0,6,0,37,22,0,59,2,0,2,61
04/19/2013,UNV,PA,AEA,EN,Federal Contract Tower,0,35,12,0,47,0,2,0,0,2,0,37,12,0,49,8,0,8,57
04/20/2013,UNV,PA,AEA,EN,Federal Contract Tower,0,27,16,0,43,0,15,31,0,46,0,42,47,0,89,20,0,20,109
04/21/2013,UNV,PA,AEA,EN,Federal Contract Tower,0,28,13,0,41,0,8,59,0,67,0,36,72,0,108,68,0,68,176
04/22/2013,UNV,PA,AEA,EN,Federal Contract Tower,0,28,13,0,41,0,10,48,0,58,0,38,61,0,99,76,0,76,175
04/23/2013,UNV,PA,AEA,EN,Federal Contract Tower,0,32,18,2,52,0,5,46,0,51,0,37,64,2,103,50,0,50,153
04/24/2013,UNV,PA,AEA,EN,Federal Contract Tower,0,40,12,0,52,0,2,20,0,22,0,42,32,0,74,20,0,20,94
04/25/2013,UNV,PA,AEA,EN,Federal Contract Tower,0,35,17,0,52,0,4,36,4,44,0,39,53,4,96,12,18,30,126
04/26/2013,UNV,PA,AEA,EN,Federal Contract Tower,0,35,12,0,47,0,9,55,0,64,0,44,67,0,111,52,0,52,163
04/27/2013,UNV,PA,AEA,EN,Federal Contract Tower,0,25,11,0,36,0,7,56,0,63,0,32,67,0,99,80,0,80,179
04/28/2013,UNV,PA,AEA,EN,Federal Contract Tower,0,27,5,0,32,0,1,24,0,25,0,28,29,0,57,30,0,30,87
04/29/2013,UNV,PA,AEA,EN,Federal Contract Tower,0,26,16,2,44,0,0,0,0,0,0,26,16,2,44,12,0,12,56
04/30/2013,UNV,PA,AEA,EN,Federal Contract Tower,0,38,14,0,52,0,0,4,0,4,0,38,18,0,56,6,0,6,62
05/01/2013,UNV,PA,AEA,EN,Federal Contract Tower,0,35,20,0,55,0,4,32,0,36,0,39,52,0,91,30,0,30,121
05/02/2013,UNV,PA,AEA,EN,Federal Contract Tower,0,36,26,2,64,0,16,39,0,55,0,52,65,2,119,50,0,50,169
05/03/2013,UNV,PA,AEA,EN,Federal Contract Tower,0,35,13,0,48,0,2,39,0,41,0,37,52,0,89,34,0,34,123
05/04/2013,UNV,PA,AEA,EN,Federal Contract Tower,0,28,10,0,38,0,8,36,0,44,0,36,46,0,82,26,0,26,108
05/05/2013,UNV,PA,AEA,EN,Federal Contract Tower,0,24,17,0,41,0,0,49,1,50,0,24,66,1,91,52,0,52,143
05/06/2013,UNV,PA,AEA,EN,Federal Contract Tower,0,27,17,0,44,0,0,32,0,32,0,27,49,0,76,16,0,16,92
05/07/2013,UNV,PA,AEA,EN,Federal Contract Tower,0,38,24,0,62,0,1,43,0,44,0,39,67,0,106,22,2,24,130
05/08/2013,UNV,PA,AEA,EN,Federal Contract Tower,0,32,14,0,46,0,3,0,0,3,0,35,14,0,49,26,0,26,75
05/09/2013,UNV,PA,AEA,EN,Federal Contract Tower,0,40,10,1,51,0,4,3,0,7,0,44,13,1,58,10,0,10,68
05/10/2013,UNV,PA,AEA,EN,Federal Contract Tower,0,47,8,4,59,0,0,12,0,12,0,47,20,4,71,20,0,20,91
05/11/2013,UNV,PA,AEA,EN,Federal Contract Tower,0,29,7,0,36,0,2,14,0,16,0,31,21,0,52,12,0,12,64
05/12/2013,UNV,PA,AEA,EN,Federal Contract Tower,0,27,2,0,29,0,0,10,0,10,0,27,12,0,39,0,0,0,39
05/13/2013,UNV,PA,AEA,EN,Federal Contract Tower,0,32,10,0,42,0,3,24,1,28,0,35,34,1,70,0,4,4,74
05/14/2013,UNV,PA,AEA,EN,Federal Contract Tower,0,35,14,0,49,0,1,29,2,32,0,36,43,2,81,48,2,50,131
05/15/2013,UNV,PA,AEA,EN,Federal Contract Tower,0,32,19,2,53,0,3,12,0,15,0,35,31,2,68,4,2,6,74
05/16/2013,UNV,PA,AEA,EN,Federal Contract Tower,0,41,10,1,52,0,7,27,0,34,0,48,37,1,86,10,0,10,96
05/17/2013,UNV,PA,AEA,EN,Federal Contract Tower,0,38,13,0,51,0,0,45,0,45,0,38,58,0,96,44,0,44,140
05/18/2013,UNV,PA,AEA,EN,Federal Contract Tower,0,27,7,0,34,0,2,33,3,38,0,29,40,3,72,84,0,84,156
05/19/2013,UNV,PA,AEA,EN,Federal Contract Tower,0,21,15,0,36,0,2,0,0,2,0,23,15,0,38,0,0,0,38
05/20/2013,UNV,PA,AEA,EN,Federal Contract Tower,0,32,18,0,50,0,2,12,0,14,0,34,30,0,64,0,0,0,64
05/21/2013,UNV,PA,AEA,EN,Federal Contract Tower,0,34,15,0,49,0,6,9,0,15,0,40,24,0,64,44,0,44,108
05/22/2013,UNV,PA,AEA,EN,Federal Contract Tower,0,38,10,0,48,0,13,11,2,26,0,51,21,2,74,20,4,24,98
05/23/2013,UNV,PA,AEA,EN,Federal Contract Tower,0,27,12,0,39,0,1,4,0,5,0,28,16,0,44,14,0,14,58
05/24/2013,UNV,PA,AEA,EN,Federal Contract Tower,0,33,23,0,56,0,1,1,0,2,0,34,24,0,58,0,0,0,58
05/25/2013,UNV,PA,AEA,EN,Federal Contract Tower,0,27,3,0,30,0,4,32,0,36,0,31,35,0,66,10,0,10,76
05/26/2013,UNV,PA,AEA,EN,Federal Contract Tower,0,17,6,0,23,0,5,25,0,30,0,22,31,0,53,36,0,36,89
05/27/2013,UNV,PA,AEA,EN,Federal Contract Tower,0,24,8,0,32,0,0,51,0,51,0,24,59,0,83,98,0,98,181
05/28/2013,UNV,PA,AEA,EN,Federal Contract Tower,0,27,18,0,45,0,0,3,0,3,0,27,21,0,48,0,0,0,48
05/29/2013,UNV,PA,AEA,EN,Federal Contract Tower,0,36,20,0,56,0,0,21,2,23,0,36,41,2,79,30,0,30,109
05/30/2013,UNV,PA,AEA,EN,Federal Contract Tower,0,32,19,2,53,0,0,38,2,40,0,32,57,4,93,76,0,76,169
05/31/2013,UNV,PA,AEA,EN,Federal Contract Tower,0,35,14,0,49,0,6,35,2,43,0,41,49,2,92,26,0,26,118
06/01/2013,UNV,PA,AEA,EN,Federal Contract Tower,0,26,5,0,31,0,6,51,2,59,0,32,56,2,90,74,0,74,164
06/02/2013,UNV,PA,AEA,EN,Federal Contract Tower,0,26,17,0,43,0,0,37,0,37,0,26,54,0,80,24,0,24,104
06/03/2013,UNV,PA,AEA,EN,Federal Contract Tower,0,32,18,0,50,0,5,29,0,34,0,37,47,0,84,44,0,44,128
06/04/2013,UNV,PA,AEA,EN,Federal Contract Tower,0,36,10,0,46,0,6,44,0,50,0,42,54,0,96,64,0,64,160
06/05/2013,UNV,PA,AEA,EN,Federal Contract Tower,0,39,15,0,54,0,0,47,0,47,0,39,62,0,101,68,0,68,169
06/06/2013,UNV,PA,AEA,EN,Federal Contract Tower,0,34,7,0,41,0,2,1,2,5,0,36,8,2,46,0,0,0,46
06/07/2013,UNV,PA,AEA,EN,Federal Contract Tower,0,27,16,0,43,0,0,0,0,0,0,27,16,0,43,0,0,0,43
06/08/2013,UNV,PA,AEA,EN,Federal Contract Tower,0,25,16,0,41,0,1,19,0,20,0,26,35,0,61,56,0,56,117
06/09/2013,UNV,PA,AEA,EN,Federal Contract Tower,0,23,8,0,31,0,1,37,0,38,0,24,45,0,69,42,0,42,111
06/10/2013,UNV,PA,AEA,EN,Federal Contract Tower,0,27,13,0,40,0,0,3,0,3,0,27,16,0,43,0,0,0,43
06/11/2013,UNV,PA,AEA,EN,Federal Contract Tower,0,35,13,0,48,0,2,8,0,10,0,37,21,0,58,6,0,6,64
06/12/2013,UNV,PA,AEA,EN,Federal Contract Tower,0,37,17,2,56,0,1,36,0,37,0,38,53,2,93,64,0,64,157
06/13/2013,UNV,PA,AEA,EN,Federal Contract Tower,0,36,11,0,47,0,2,0,0,2,0,38,11,0,49,0,0,0,49
06/14/2013,UNV,PA,AEA,EN,Federal Contract Tower,0,34,20,3,57,0,3,45,0,48,0,37,65,3,105,70,0,70,175
06/15/2013,UNV,PA,AEA,EN,Federal Contract Tower,0,33,12,0,45,0,3,60,1,64,0,36,72,1,109,80,0,80,189
06/16/2013,UNV,PA,AEA,EN,Federal Contract Tower,0,23,14,0,37,0,0,31,0,31,0,23,45,0,68,50,0,50,118
06/17/2013,UNV,PA,AEA,EN,Federal Contract Tower,0,31,9,0,40,0,3,39,2,44,0,34,48,2,84,44,0,44,128
06/18/2013,UNV,PA,AEA,EN,Federal Contract Tower,0,34,7,2,43,0,6,50,0,56,0,40,57,2,99,28,0,28,127
06/19/2013,UNV,PA,AEA,EN,Federal Contract Tower,0,37,17,7,61,0,11,64,0,75,0,48,81,7,136,74,6,80,216
06/20/2013,UNV,PA,AEA,EN,Federal Contract Tower,0,35,13,0,48,0,2,56,0,58,0,37,69,0,106,86,0,86,192
06/21/2013,UNV,PA,AEA,EN,Federal Contract Tower,0,35,19,0,54,0,6,44,0,50,0,41,63,0,104,38,0,38,142
06/22/2013,UNV,PA,AEA,EN,Federal Contract Tower,0,30,9,0,39,0,1,45,0,46,0,31,54,0,85,58,0,58,143
06/23/2013,UNV,PA,AEA,EN,Federal Contract Tower,0,25,13,0,38,0,5,30,0,35,0,30,43,0,73,10,0,10,83
06/24/2013,UNV,PA,AEA,EN,Federal Contract Tower,0,30,7,0,37,0,2,31,0,33,0,32,38,0,70,28,0,28,98
06/25/2013,UNV,PA,AEA,EN,Federal Contract Tower,0,33,5,5,43,0,13,18,0,31,0,46,23,5,74,12,20,32,106
06/26/2013,UNV,PA,AEA,EN,Federal Contract Tower,0,31,13,0,44,0,8,40,0,48,0,39,53,0,92,66,0,66,158
06/27/2013,UNV,PA,AEA,EN,Federal Contract Tower,0,33,12,0,45,0,0,3,0,3,0,33,15,0,48,0,0,0,48
06/28/2013,UNV,PA,AEA,EN,Federal Contract Tower,0,30,11,0,41,0,5,25,0,30,0,35,36,0,71,48,0,48,119
06/29/2013,UNV,PA,AEA,EN,Federal Contract Tower,0,28,8,0,36,0,1,26,1,28,0,29,34,1,64,32,0,32,96
06/30/2013,UNV,PA,AEA,EN,Federal Contract Tower,0,18,14,0,32,0,2,26,0,28,0,20,40,0,60,64,0,64,124
07/01/2013,UNV,PA,AEA,EN,Federal Contract Tower,0,21,13,0,34,0,0,0,0,0,0,21,13,0,34,0,0,0,34
07/02/2013,UNV,PA,AEA,EN,Federal Contract Tower,0,31,12,2,45,0,2,8,2,12,0,33,20,4,57,0,0,0,57
07/03/2013,UNV,PA,AEA,EN,Federal Contract Tower,0,32,15,0,47,0,13,19,0,32,0,45,34,0,79,20,0,20,99
07/04/2013,UNV,PA,AEA,EN,Federal Contract Tower,0,23,5,0,28,0,2,25,0,27,0,25,30,0,55,30,0,30,85
07/05/2013,UNV,PA,AEA,EN,Federal Contract Tower,0,29,8,0,37,0,0,36,0,36,0,29,44,0,73,30,0,30,103
07/06/2013,UNV,PA,AEA,EN,Federal Contract Tower,0,26,14,0,40,0,6,36,0,42,0,32,50,0,82,16,0,16,98
07/07/2013,UNV,PA,AEA,EN,Federal Contract Tower,0,20,12,0,32,0,0,31,0,31,0,20,43,0,63,44,0,44,107
07/08/2013,UNV,PA,AEA,EN,Federal Contract Tower,0,27,11,2,40,0,0,18,0,18,0,27,29,2,58,8,0,8,66
07/09/2013,UNV,PA,AEA,EN,Federal Contract Tower,0,34,15,0,49,0,1,16,0,17,0,35,31,0,66,10,0,10,76
07/10/2013,UNV,PA,AEA,EN,Federal Contract Tower,0,29,11,0,40,0,4,3,0,7,0,33,14,0,47,10,0,10,57
07/11/2013,UNV,PA,AEA,EN,Federal Contract Tower,0,29,10,0,39,0,2,16,0,18,0,31,26,0,57,22,0,22,79
07/12/2013,UNV,PA,AEA,EN,Federal Contract Tower,0,35,21,0,56,0,8,36,2,46,0,43,57,2,102,20,0,20,122
07/13/2013,UNV,PA,AEA,EN,Federal Contract Tower,0,26,10,1,37,0,0,20,0,20,0,26,30,1,57,16,0,16,73
07/14/2013,UNV,PA,AEA,EN,Federal Contract Tower,0,24,14,0,38,0,9,40,3,52,0,33,54,3,90,40,0,40,130
07/15/2013,UNV,PA,AEA,EN,Federal Contract Tower,0,29,9,3,41,0,8,42,1,51,0,37,51,4,92,40,0,40,132
07/16/2013,UNV,PA,AEA,EN,Federal Contract Tower,0,31,12,2,45,0,6,22,1,29,0,37,34,3,74,0,0,0,74
07/17/2013,UNV,PA,AEA,EN,Federal Contract Tower,0,32,17,0,49,0,10,14,0,24,0,42,31,0,73,26,0,26,99
07/18/2013,UNV,PA,AEA,EN,Federal Contract Tower,0,33,16,0,49,0,6,33,0,39,0,39,49,0,88,20,0,20,108
07/19/2013,UNV,PA,AEA,EN,Federal Contract Tower,0,35,16,0,51,0,3,49,0,52,0,38,65,0,103,66,0,66,169
07/20/2013,UNV,PA,AEA,EN,Federal Contract Tower,0,27,3,0,30,0,4,38,0,42,0,31,41,0,72,60,0,60,132
07/21/2013,UNV,PA,AEA,EN,Federal Contract Tower,0,23,15,0,38,0,4,41,0,45,0,27,56,0,83,44,0,44,127
07/22/2013,UNV,PA,AEA,EN,Federal Contract Tower,0,32,12,0,44,0,2,7,0,9,0,34,19,0,53,44,0,44,97
07/23/2013,UNV,PA,AEA,EN,Federal Contract Tower,0,34,13,0,47,0,7,13,0,20,0,41,26,0,67,34,0,34,101
07/24/2013,UNV,PA,AEA,EN,Federal Contract Tower,0,38,29,0,67,0,18,38,0,56,0,56,67,0,123,96,0,96,219
07/25/2013,UNV,PA,AEA,EN,Federal Contract Tower,0,33,12,0,45,0,3,16,0,19,0,36,28,0,64,23,0,23,87
07/26/2013,UNV,PA,AEA,EN,Federal Contract Tower,0,34,13,1,48,0,2,57,1,60,0,36,70,2,108,106,4,110,218
07/27/2013,UNV,PA,AEA,EN,Federal Contract Tower,0,28,10,1,39,0,5,32,1,38,0,33,42,2,77,42,0,42,119
07/28/2013,UNV,PA,AEA,EN,Federal Contract Tower,0,18,17,0,35,0,5,32,0,37,0,23,49,0,72,26,0,26,98
07/29/2013,UNV,PA,AEA,EN,Federal Contract Tower,0,26,18,0,44,0,4,35,0,39,0,30,53,0,83,18,0,18,101
07/30/2013,UNV,PA,AEA,EN,Federal Contract Tower,0,36,9,4,49,0,6,72,5,83,0,42,81,9,132,96,0,96,228
07/31/2013,UNV,PA,AEA,EN,Federal Contract Tower,0,33,20,0,53,0,8,29,0,37,0,41,49,0,90,34,0,34,124
08/01/2013,UNV,PA,AEA,EN,Federal Contract Tower,0,33,16,0,49,0,0,0,0,0,0,33,16,0,49,44,0,44,93
08/02/2013,UNV,PA,AEA,EN,Federal Contract Tower,0,34,10,2,46,0,4,42,7,53,0,38,52,9,99,58,0,58,157
08/03/2013,UNV,PA,AEA,EN,Federal Contract Tower,0,28,15,2,45,0,1,45,0,46,0,29,60,2,91,36,0,36,127
08/04/2013,UNV,PA,AEA,EN,Federal Contract Tower,0,27,15,0,42,0,2,48,0,50,0,29,63,0,92,20,0,20,112
08/05/2013,UNV,PA,AEA,EN,Federal Contract Tower,0,32,15,1,48,0,7,43,1,51,0,39,58,2,99,46,0,46,145
08/06/2013,UNV,PA,AEA,EN,Federal Contract Tower,0,35,16,0,51,0,5,28,5,38,0,40,44,5,89,6,12,18,107
08/07/2013,UNV,PA,AEA,EN,Federal Contract Tower,0,26,15,0,41,0,6,6,2,14,0,32,21,2,55,0,0,0,55
08/08/2013,UNV,PA,AEA,EN,Federal Contract Tower,0,35,10,0,45,0,4,11,1,16,0,39,21,1,61,0,0,0,61
08/09/2013,UNV,PA,AEA,EN,Federal Contract Tower,0,41,17,0,58,0,5,17,0,22,0,46,34,0,80,14,0,14,94
08/10/2013,UNV,PA,AEA,EN,Federal Contract Tower,0,25,4,0,29,0,5,59,0,64,0,30,63,0,93,78,0,78,171
08/11/2013,UNV,PA,AEA,EN,Federal Contract Tower,0,22,10,0,32,0,1,63,0,64,0,23,73,0,96,78,0,78,174
08/12/2013,UNV,PA,AEA,EN,Federal Contract Tower,0,26,14,0,40,0,8,36,0,44,0,34,50,0,84,58,0,58,142
08/13/2013,UNV,PA,AEA,EN,Federal Contract Tower,0,30,10,0,40,0,6,6,0,12,0,36,16,0,52,28,0,28,80
08/14/2013,UNV,PA,AEA,EN,Federal Contract Tower,0,37,9,2,48,0,12,48,0,60,0,49,57,2,108,48,0,48,156
08/15/2013,UNV,PA,AEA,EN,Federal Contract Tower,0,31,19,0,50,0,11,72,0,83,0,42,91,0,133,70,0,70,203
08/16/2013,UNV,PA,AEA,EN,Federal Contract Tower,0,30,10,2,42,0,3,60,0,63,0,33,70,2,105,88,0,88,193
08/17/2013,UNV,PA,AEA,EN,Federal Contract Tower,0,27,9,0,36,0,1,79,0,80,0,28,88,0,116,70,0,70,186
08/18/2013,UNV,PA,AEA,EN,Federal Contract Tower,0,23,10,4,37,0,2,48,0,50,0,25,58,4,87,18,0,18,105
08/19/2013,UNV,PA,AEA,EN,Federal Contract Tower,0,25,15,0,40,0,4,10,1,15,0,29,25,1,55,18,0,18,73
08/20/2013,UNV,PA,AEA,EN,Federal Contract Tower,0,31,7,0,38,0,3,34,0,37,0,34,41,0,75,26,0,26,101
08/21/2013,UNV,PA,AEA,EN,Federal Contract Tower,0,29,22,1,52,0,4,49,4,57,0,33,71,5,109,100,10,110,219
08/22/2013,UNV,PA,AEA,EN,Federal Contract Tower,0,28,14,0,42,0,0,21,0,21,0,28,35,0,63,72,0,72,135
08/23/2013,UNV,PA,AEA,EN,Federal Contract Tower,0,32,23,1,56,0,6,50,0,56,0,38,73,1,112,70,12,82,194
08/24/2013,UNV,PA,AEA,EN,Federal Contract Tower,0,25,9,0,34,0,4,83,2,89,0,29,92,2,123,84,0,84,207
08/25/2013,UNV,PA,AEA,EN,Federal Contract Tower,0,20,15,2,37,0,4,87,0,91,0,24,102,2,128,82,0,82,210
08/26/2013,UNV,PA,AEA,EN,Federal Contract Tower,0,25,8,0,33,0,3,28,0,31,0,28,36,0,64,30,0,30,94
08/27/2013,UNV,PA,AEA,EN,Federal Contract Tower,0,38,8,0,46,0,1,14,0,15,0,39,22,0,61,36,0,36,97
08/28/2013,UNV,PA,AEA,EN,Federal Contract Tower,0,31,13,0,44,0,2,4,0,6,0,33,17,0,50,0,0,0,50
08/29/2013,UNV,PA,AEA,EN,Federal Contract Tower,0,29,15,2,46,0,10,49,8,67,0,39,64,10,113,48,0,48,161
08/30/2013,UNV,PA,AEA,EN,Federal Contract Tower,0,30,23,0,53,0,3,70,0,73,0,33,93,0,126,84,0,84,210
08/31/2013,UNV,PA,AEA,EN,Federal Contract Tower,1,25,10,0,36,0,3,57,0,60,1,28,67,0,96,58,0,58,154
09/01/2013,UNV,PA,AEA,EN,Federal Contract Tower,0,18,12,0,30,0,0,14,0,14,0,18,26,0,44,16,0,16,60
09/02/2013,UNV,PA,AEA,EN,Federal Contract Tower,0,22,20,0,42,0,2,32,0,34,0,24,52,0,76,30,0,30,106
09/03/2013,UNV,PA,AEA,EN,Federal Contract Tower,0,30,7,0,37,0,0,25,0,25,0,30,32,0,62,16,0,16,78
09/04/2013,UNV,PA,AEA,EN,Federal Contract Tower,0,30,14,0,44,0,4,39,2,45,0,34,53,2,89,20,0,20,109
09/05/2013,UNV,PA,AEA,EN,Federal Contract Tower,0,34,13,4,51,0,6,57,0,63,0,40,70,4,114,50,0,50,164
09/06/2013,UNV,PA,AEA,EN,Federal Contract Tower,1,30,20,1,52,0,4,66,0,70,1,34,86,1,122,90,0,90,212
09/07/2013,UNV,PA,AEA,EN,Federal Contract Tower,1,34,12,0,47,0,7,108,0,115,1,41,120,0,162,6,0,6,168
09/08/2013,UNV,PA,AEA,EN,Federal Contract Tower,0,21,17,1,39,0,3,44,0,47,0,24,61,1,86,42,0,42,128
09/09/2013,UNV,PA,AEA,EN,Federal Contract Tower,0,26,15,0,41,0,2,33,2,37,0,28,48,2,78,54,0,54,132
09/10/2013,UNV,PA,AEA,EN,Federal Contract Tower,0,30,11,1,42,0,2,32,7,41,0,32,43,8,83,26,0,26,109
09/11/2013,UNV,PA,AEA,EN,Federal Contract Tower,0,30,13,0,43,0,11,15,0,26,0,41,28,0,69,0,0,0,69
09/12/2013,UNV,PA,AEA,EN,Federal Contract Tower,0,31,15,2,48,0,6,1,0,7,0,37,16,2,55,14,0,14,69
09/13/2013,UNV,PA,AEA,EN,Federal Contract Tower,1,33,17,0,51,0,6,32,4,42,1,39,49,4,93,38,0,38,131
09/14/2013,UNV,PA,AEA,EN,Federal Contract Tower,1,30,21,0,52,0,7,64,0,71,1,37,85,0,123,66,0,66,189
09/15/2013,UNV,PA,AEA,EN,Federal Contract Tower,0,26,19,0,45,0,3,54,0,57,0,29,73,0,102,74,0,74,176
09/16/2013,UNV,PA,AEA,EN,Federal Contract Tower,0,28,15,2,45,0,2,24,0,26,0,30,39,2,71,8,0,8,79
09/17/2013,UNV,PA,AEA,EN,Federal Contract Tower,0,32,14,0,46,0,5,27,0,32,0,37,41,0,78,8,0,8,86
09/18/2013,UNV,PA,AEA,EN,Federal Contract Tower,0,36,14,2,52,0,13,39,0,52,0,49,53,2,104,34,0,34,138
09/19/2013,UNV,PA,AEA,EN,Federal Contract Tower,0,40,35,0,75,0,5,49,0,54,0,45,84,0,129,62,0,62,191
09/20/2013,UNV,PA,AEA,EN,Federal Contract Tower,0,35,19,2,56,0,8,38,0,46,0,43,57,2,102,38,0,38,140
09/21/2013,UNV,PA,AEA,EN,Federal Contract Tower,0,38,18,0,56,0,0,0,0,0,0,38,18,0,56,0,0,0,56
09/22/2013,UNV,PA,AEA,EN,Federal Contract Tower,0,31,24,0,55,0,2,45,0,47,0,33,69,0,102,60,0,60,162
09/23/2013,UNV,PA,AEA,EN,Federal Contract Tower,0,27,17,0,44,0,3,4,0,7,0,30,21,0,51,14,0,14,65
09/24/2013,UNV,PA,AEA,EN,Federal Contract Tower,0,38,9,0,47,0,12,34,0,46,0,50,43,0,93,30,0,30,123
09/25/2013,UNV,PA,AEA,EN,Federal Contract Tower,0,37,25,0,62,0,3,46,0,49,0,40,71,0,111,28,0,28,139
09/26/2013,UNV,PA,AEA,EN,Federal Contract Tower,0,33,6,0,39,0,6,36,0,42,0,39,42,0,81,50,0,50,131
09/27/2013,UNV,PA,AEA,EN,Federal Contract Tower,0,37,28,4,69,0,7,59,0,66,0,44,87,4,135,90,8,98,233
09/28/2013,UNV,PA,AEA,EN,Federal Contract Tower,0,30,16,0,46,0,8,50,0,58,0,38,66,0,104,78,0,78,182
09/29/2013,UNV,PA,AEA,EN,Federal Contract Tower,0,31,15,2,48,0,0,38,0,38,0,31,53,2,86,20,0,20,106
09/30/2013,UNV,PA,AEA,EN,Federal Contract Tower,0,29,9,0,38,0,3,31,0,34,0,32,40,0,72,38,0,38,110
10/01/2013,UNV,PA,AEA,EN,Federal Contract Tower,0,34,9,0,43,0,0,19,0,19,0,34,28,0,62,58,0,58,120
10/02/2013,UNV,PA,AEA,EN,Federal Contract Tower,0,33,13,0,46,0,5,30,0,35,0,38,43,0,81,16,0,16,97
10/03/2013,UNV,PA,AEA,EN,Federal Contract Tower,0,31,19,0,50,0,4,43,0,47,0,35,62,0,97,42,0,42,139
10/04/2013,UNV,PA,AEA,EN,Federal Contract Tower,2,31,20,0,53,0,5,35,0,40,2,36,55,0,93,64,0,64,157
10/05/2013,UNV,PA,AEA,EN,Federal Contract Tower,2,40,7,0,49,0,3,52,0,55,2,43,59,0,104,66,0,66,170
10/06/2013,UNV,PA,AEA,EN,Federal Contract Tower,0,25,29,0,54,0,3,49,0,52,0,28,78,0,106,64,0,64,170
10/07/2013,UNV,PA,AEA,EN,Federal Contract Tower,0,26,8,0,34,0,0,1,0,1,0,26,9,0,35,0,0,0,35
10/08/2013,UNV,PA,AEA,EN,Federal Contract Tower,1,31,12,0,44,0,2,35,0,37,1,33,47,0,81,62,0,62,143
10/09/2013,UNV,PA,AEA,EN,Federal Contract Tower,0,30,19,0,49,0,5,36,0,41,0,35,55,0,90,36,0,36,126
10/10/2013,UNV,PA,AEA,EN,Federal Contract Tower,0,34,13,0,47,0,4,16,0,20,0,38,29,0,67,40,0,40,107
10/11/2013,UNV,PA,AEA,EN,Federal Contract Tower,2,42,38,0,82,0,4,0,0,4,2,46,38,0,86,16,0,16,102
10/12/2013,UNV,PA,AEA,EN,Federal Contract Tower,2,40,67,0,109,0,13,72,0,85,2,53,139,0,194,64,0,64,258
10/13/2013,UNV,PA,AEA,EN,Federal Contract Tower,0,34,32,0,66,0,2,24,0,26,0,36,56,0,92,14,0,14,106
10/14/2013,UNV,PA,AEA,EN,Federal Contract Tower,0,29,14,0,43,0,0,0,0,0,0,29,14,0,43,10,0,10,53
10/15/2013,UNV,PA,AEA,EN,Federal Contract Tower,0,36,21,0,57,0,2,24,0,26,0,38,45,0,83,82,0,82,165
10/16/2013,UNV,PA,AEA,EN,Federal Contract Tower,0,36,22,0,58,0,6,15,0,21,0,42,37,0,79,32,0,32,111
10/17/2013,UNV,PA,AEA,EN,Federal Contract Tower,0,42,20,0,62,0,1,18,0,19,0,43,38,0,81,40,0,40,121
10/18/2013,UNV,PA,AEA,EN,Federal Contract Tower,0,36,19,0,55,0,5,52,0,57,0,41,71,0,112,78,0,78,190
10/19/2013,UNV,PA,AEA,EN,Federal Contract Tower,0,26,12,0,38,0,2,24,0,26,0,28,36,0,64,46,0,46,110
10/20/2013,UNV,PA,AEA,EN,Federal Contract Tower,0,25,19,0,44,0,2,65,0,67,0,27,84,0,111,46,0,46,157
10/21/2013,UNV,PA,AEA,EN,Federal Contract Tower,0,27,19,1,47,0,4,70,0,74,0,31,89,1,121,42,0,42,163
10/22/2013,UNV,PA,AEA,EN,Federal Contract Tower,0,37,11,0,48,0,6,37,6,49,0,43,48,6,97,50,0,50,147
10/23/2013,UNV,PA,AEA,EN,Federal Contract Tower,0,30,14,2,46,0,2,21,2,25,0,32,35,4,71,34,0,34,105
10/24/2013,UNV,PA,AEA,EN,Federal Contract Tower,0,31,8,0,39,0,10,27,0,37,0,41,35,0,76,38,0,38,114
10/25/2013,UNV,PA,AEA,EN,Federal Contract Tower,2,33,14,2,51,0,7,46,0,53,2,40,60,2,104,76,0,76,180
10/26/2013,UNV,PA,AEA,EN,Federal Contract Tower,0,25,8,0,33,0,1,48,0,49,0,26,56,0,82,50,0,50,132
10/27/2013,UNV,PA,AEA,EN,Federal Contract Tower,1,24,8,0,33,0,3,48,0,51,1,27,56,0,84,28,0,28,112
10/28/2013,UNV,PA,AEA,EN,Federal Contract Tower,0,26,9,0,35,0,4,59,0,63,0,30,68,0,98,100,0,100,198
10/29/2013,UNV,PA,AEA,EN,Federal Contract Tower,1,35,12,0,48,0,3,46,0,49,1,38,58,0,97,58,0,58,155
10/30/2013,UNV,PA,AEA,EN,Federal Contract Tower,0,32,23,0,55,0,4,62,0,66,0,36,85,0,121,66,0,66,187
10/31/2013,UNV,PA,AEA,EN,Federal Contract Tower,1,36,13,0,50,0,0,1,0,1,1,36,14,0,51,0,0,0,51
11/01/2013,UNV,PA,AEA,EN,Federal Contract Tower,2,46,18,0,66,0,5,48,0,53,2,51,66,0,119,14,0,14,133
11/02/2013,UNV,PA,AEA,EN,Federal Contract Tower,2,23,24,0,49,0,4,51,0,55,2,27,75,0,104,30,0,30,134
11/03/2013,UNV,PA,AEA,EN,Federal Contract Tower,0,30,22,0,52,0,5,48,0,53,0,35,70,0,105,74,0,74,179
11/04/2013,UNV,PA,AEA,EN,Federal Contract Tower,0,26,15,0,41,0,1,37,0,38,0,27,52,0,79,18,0,18,97
11/05/2013,UNV,PA,AEA,EN,Federal Contract Tower,0,32,8,0,40,0,3,21,0,24,0,35,29,0,64,22,0,22,86
11/06/2013,UNV,PA,AEA,EN,Federal Contract Tower,0,29,19,0,48,0,14,18,2,34,0,43,37,2,82,32,18,50,132
11/07/2013,UNV,PA,AEA,EN,Federal Contract Tower,0,30,15,0,45,0,2,21,0,23,0,32,36,0,68,26,0,26,94
11/08/2013,UNV,PA,AEA,EN,Federal Contract Tower,2,34,18,0,54,0,2,30,0,32,2,36,48,0,86,0,0,0,86
11/09/2013,UNV,PA,AEA,EN,Federal Contract Tower,2,22,7,0,31,0,2,71,0,73,2,24,78,0,104,114,0,114,218
11/10/2013,UNV,PA,AEA,EN,Federal Contract Tower,0,25,11,0,36,0,0,8,0,8,0,25,19,0,44,0,0,0,44
11/11/2013,UNV,PA,AEA,EN,Federal Contract Tower,0,28,18,0,46,0,2,40,2,44,0,30,58,2,90,70,0,70,160
11/12/2013,UNV,PA,AEA,EN,Federal Contract Tower,0,34,7,0,41,0,5,16,0,21,0,39,23,0,62,42,0,42,104
11/13/2013,UNV,PA,AEA,EN,Federal Contract Tower,0,37,7,2,46,0,5,23,0,28,0,42,30,2,74,42,0,42,116
11/14/2013,UNV,PA,AEA,EN,Federal Contract Tower,0,33,16,0,49,0,6,67,0,73,0,39,83,0,122,60,0,60,182
11/15/2013,UNV,PA,AEA,EN,Federal Contract Tower,2,33,8,0,43,0,1,60,0,61,2,34,68,0,104,44,0,44,148
11/16/2013,UNV,PA,AEA,EN,Federal Contract Tower,2,31,25,0,58,0,11,99,2,112,2,42,124,2,170,62,0,62,232
11/17/2013,UNV,PA,AEA,EN,Federal Contract Tower,0,24,15,0,39,0,0,4,0,4,0,24,19,0,43,0,0,0,43
11/18/2013,UNV,PA,AEA,EN,Federal Contract Tower,0,23,8,0,31,0,2,13,0,15,0,25,21,0,46,0,4,4,50
11/19/2013,UNV,PA,AEA,EN,Federal Contract Tower,0,30,11,2,43,0,4,8,0,12,0,34,19,2,55,0,0,0,55
11/20/2013,UNV,PA,AEA,EN,Federal Contract Tower,0,32,17,0,49,0,2,38,0,40,0,34,55,0,89,46,0,46,135
11/21/2013,UNV,PA,AEA,EN,Federal Contract Tower,0,31,20,0,51,0,10,27,0,37,0,41,47,0,88,24,0,24,112
11/22/2013,UNV,PA,AEA,EN,Federal Contract Tower,2,37,35,0,74,0,0,0,0,0,2,37,35,0,74,4,0,4,78
11/23/2013,UNV,PA,AEA,EN,Federal Contract Tower,2,29,32,0,63,0,3,26,0,29,2,32,58,0,92,0,0,0,92
11/24/2013,UNV,PA,AEA,EN,Federal Contract Tower,0,24,22,0,46,0,1,18,0,19,0,25,40,0,65,0,0,0,65
11/25/2013,UNV,PA,AEA,EN,Federal Contract Tower,0,35,18,0,53,0,4,24,2,30,0,39,42,2,83,40,0,40,123
11/26/2013,UNV,PA,AEA,EN,Federal Contract Tower,0,32,9,0,41,0,0,0,0,0,0,32,9,0,41,0,0,0,41
11/27/2013,UNV,PA,AEA,EN,Federal Contract Tower,0,26,4,0,30,0,2,0,0,2,0,28,4,0,32,0,0,0,32
11/28/2013,UNV,PA,AEA,EN,Federal Contract Tower,0,12,6,0,18,0,6,2,0,8,0,18,8,0,26,0,0,0,26
11/29/2013,UNV,PA,AEA,EN,Federal Contract Tower,2,15,7,0,24,0,10,29,0,39,2,25,36,0,63,16,0,16,79
11/30/2013,UNV,PA,AEA,EN,Federal Contract Tower,0,26,9,0,35,0,1,55,0,56,0,27,64,0,91,78,0,78,169
12/01/2013,UNV,PA,AEA,EN,Federal Contract Tower,0,21,11,0,32,0,2,45,0,47,0,23,56,0,79,32,0,32,111
12/02/2013,UNV,PA,AEA,EN,Federal Contract Tower,0,30,20,0,50,0,1,21,0,22,0,31,41,0,72,18,0,18,90
12/03/2013,UNV,PA,AEA,EN,Federal Contract Tower,0,37,11,0,48,0,2,6,0,8,0,39,17,0,56,12,0,12,68
12/04/2013,UNV,PA,AEA,EN,Federal Contract Tower,0,36,14,5,55,0,3,8,0,11,0,39,22,5,66,0,0,0,66
12/05/2013,UNV,PA,AEA,EN,Federal Contract Tower,2,36,10,0,48,0,0,0,0,0,2,36,10,0,48,0,0,0,48
12/06/2013,UNV,PA,AEA,EN,Federal Contract Tower,0,26,10,0,36,0,2,0,0,2,0,28,10,0,38,0,0,0,38
12/07/2013,UNV,PA,AEA,EN,Federal Contract Tower,0,22,7,0,29,0,5,35,0,40,0,27,42,0,69,70,0,70,139
12/08/2013,UNV,PA,AEA,EN,Federal Contract Tower,1,12,4,4,21,0,0,9,0,9,1,12,13,4,30,8,0,8,38
12/09/2013,UNV,PA,AEA,EN,Federal Contract Tower,0,20,4,0,24,0,0,1,0,1,0,20,5,0,25,6,0,6,31
12/10/2013,UNV,PA,AEA,EN,Federal Contract Tower,0,23,7,0,30,0,1,7,0,8,0,24,14,0,38,28,0,28,66
12/11/2013,UNV,PA,AEA,EN,Federal Contract Tower,0,34,14,0,48,0,6,16,0,22,0,40,30,0,70,18,0,18,88
12/12/2013,UNV,PA,AEA,EN,Federal Contract Tower,0,31,14,0,45,0,6,14,0,20,0,37,28,0,65,14,0,14,79
12/13/2013,UNV,PA,AEA,EN,Federal Contract Tower,0,26,11,0,37,0,2,28,0,30,0,28,39,0,67,46,0,46,113
12/14/2013,UNV,PA,AEA,EN,Federal Contract Tower,0,19,5,0,24,0,0,0,0,0,0,19,5,0,24,0,0,0,24
12/15/2013,UNV,PA,AEA,EN,Federal Contract Tower,2,18,10,0,30,0,0,0,0,0,2,18,10,0,30,0,0,0,30
12/16/2013,UNV,PA,AEA,EN,Federal Contract Tower,0,23,11,0,34,0,5,26,0,31,0,28,37,0,65,16,0,16,81
12/17/2013,UNV,PA,AEA,EN,Federal Contract Tower,2,30,16,0,48,0,0,0,0,0,2,30,16,0,48,0,0,0,48
12/18/2013,UNV,PA,AEA,EN,Federal Contract Tower,0,30,17,0,47,0,24,21,0,45,0,54,38,0,92,46,0,46,138
12/19/2013,UNV,PA,AEA,EN,Federal Contract Tower,0,27,14,0,41,0,7,64,0,71,0,34,78,0,112,64,0,64,176
12/20/2013,UNV,PA,AEA,EN,Federal Contract Tower,0,31,19,0,50,0,3,29,0,32,0,34,48,0,82,72,0,72,154
12/21/2013,UNV,PA,AEA,EN,Federal Contract Tower,0,27,10,0,37,0,0,9,0,9,0,27,19,0,46,20,0,20,66
12/22/2013,UNV,PA,AEA,EN,Federal Contract Tower,2,21,5,0,28,0,0,18,0,18,2,21,23,0,46,0,0,0,46
12/23/2013,UNV,PA,AEA,EN,Federal Contract Tower,0,22,3,0,25,0,2,9,0,11,0,24,12,0,36,16,14,30,66
12/24/2013,UNV,PA,AEA,EN,Federal Contract Tower,0,21,0,0,21,0,3,2,0,5,0,24,2,0,26,4,0,4,30
12/25/2013,UNV,PA,AEA,EN,Federal Contract Tower,0,13,3,0,16,0,6,2,0,8,0,19,5,0,24,4,0,4,28
12/26/2013,UNV,PA,AEA,EN,Federal Contract Tower,0,26,9,0,35,0,4,0,0,4,0,30,9,0,39,0,0,0,39
12/27/2013,UNV,PA,AEA,EN,Federal Contract Tower,0,26,8,0,34,0,7,36,0,43,0,33,44,0,77,44,12,56,133
12/28/2013,UNV,PA,AEA,EN,Federal Contract Tower,0,18,6,0,24,0,0,57,1,58,0,18,63,1,82,88,0,88,170
12/29/2013,UNV,PA,AEA,EN,Federal Contract Tower,0,14,12,0,26,0,1,0,0,1,0,15,12,0,27,0,0,0,27
12/30/2013,UNV,PA,AEA,EN,Federal Contract Tower,0,20,4,2,26,0,2,13,0,15,0,22,17,2,41,0,0,0,41
12/31/2013,UNV,PA,AEA,EN,Federal Contract Tower,0,23,3,0,26,0,0,3,0,3,0,23,6,0,29,6,0,6,35
01/01/2014,UNV,PA,AEA,EN,Federal Contract Tower,0,15,3,0,18,0,0,5,0,5,0,15,8,0,23,0,0,0,23
01/02/2014,UNV,PA,AEA,EN,Federal Contract Tower,0,25,0,0,25,0,0,2,0,2,0,25,2,0,27,0,0,0,27
01/03/2014,UNV,PA,AEA,EN,Federal Contract Tower,0,16,1,0,17,0,6,16,0,22,0,22,17,0,39,28,0,28,67
01/04/2014,UNV,PA,AEA,EN,Federal Contract Tower,0,22,4,0,26,0,4,46,0,50,0,26,50,0,76,64,0,64,140
01/05/2014,UNV,PA,AEA,EN,Federal Contract Tower,0,15,3,0,18,0,0,9,0,9,0,15,12,0,27,50,0,50,77
01/06/2014,UNV,PA,AEA,EN,Federal Contract Tower,0,23,4,0,27,0,0,0,0,0,0,23,4,0,27,0,0,0,27
01/07/2014,UNV,PA,AEA,EN,Federal Contract Tower,1,29,4,2,36,0,3,3,0,6,1,32,7,2,42,6,0,6,48
01/08/2014,UNV,PA,AEA,EN,Federal Contract Tower,0,30,6,0,36,0,5,18,0,23,0,35,24,0,59,6,0,6,65
01/09/2014,UNV,PA,AEA,EN,Federal Contract Tower,0,33,12,0,45,0,6,16,0,22,0,39,28,0,67,22,0,22,89
01/10/2014,UNV,PA,AEA,EN,Federal Contract Tower,0,28,9,0,37,0,0,3,0,3,0,28,12,0,40,14,0,14,54
01/11/2014,UNV,PA,AEA,EN,Federal Contract Tower,0,26,11,0,37,0,0,0,0,0,0,26,11,0,37,0,0,0,37
01/12/2014,UNV,PA,AEA,EN,Federal Contract Tower,0,28,15,0,43,0,5,21,0,26,0,33,36,0,69,0,0,0,69
01/13/2014,UNV,PA,AEA,EN,Federal Contract Tower,0,32,12,0,44,0,10,33,0,43,0,42,45,0,87,50,0,50,137
01/14/2014,UNV,PA,AEA,EN,Federal Contract Tower,0,30,9,0,39,0,0,42,0,42,0,30,51,0,81,62,0,62,143
01/15/2014,UNV,PA,AEA,EN,Federal Contract Tower,0,34,15,2,51,0,1,22,0,23,0,35,37,2,74,20,0,20,94
01/16/2014,UNV,PA,AEA,EN,Federal Contract Tower,2,32,15,0,49,0,5,45,0,50,2,37,60,0,99,68,0,68,167
01/17/2014,UNV,PA,AEA,EN,Federal Contract Tower,0,33,16,0,49,0,7,21,0,28,0,40,37,0,77,40,0,40,117
01/18/2014,UNV,PA,AEA,EN,Federal Contract Tower,0,23,7,0,30,0,6,17,0,23,0,29,24,0,53,22,0,22,75
01/19/2014,UNV,PA,AEA,EN,Federal Contract Tower,0,18,4,0,22,0,2,11,0,13,0,20,15,0,35,16,0,16,51
01/20/2014,UNV,PA,AEA,EN,Federal Contract Tower,0,31,12,0,43,0,1,16,0,17,0,32,28,0,60,32,0,32,92
01/21/2014,UNV,PA,AEA,EN,Federal Contract Tower,0,23,11,0,34,0,0,11,0,11,0,23,22,0,45,12,0,12,57
01/22/2014,UNV,PA,AEA,EN,Federal Contract Tower,0,31,13,0,44,0,1,16,0,17,0,32,29,0,61,12,0,12,73
01/23/2014,UNV,PA,AEA,EN,Federal Contract Tower,0,29,9,0,38,0,0,5,0,5,0,29,14,0,43,14,0,14,57
01/24/2014,UNV,PA,AEA,EN,Federal Contract Tower,0,29,6,0,35,0,2,37,8,47,0,31,43,8,82,72,30,102,184
01/25/2014,UNV,PA,AEA,EN,Federal Contract Tower,0,24,4,0,28,0,3,2,0,5,0,27,6,0,33,0,0,0,33
01/26/2014,UNV,PA,AEA,EN,Federal Contract Tower,0,26,10,0,36,0,2,0,0,2,0,28,10,0,38,0,0,0,38
01/27/2014,UNV,PA,AEA,EN,Federal Contract Tower,0,30,3,0,33,0,2,2,0,4,0,32,5,0,37,0,0,0,37
01/28/2014,UNV,PA,AEA,EN,Federal Contract Tower,2,34,9,0,45,0,0,12,2,14,2,34,21,2,59,26,0,26,85
01/29/2014,UNV,PA,AEA,EN,Federal Contract Tower,0,32,8,0,40,0,6,19,0,25,0,38,27,0,65,16,0,16,81
01/30/2014,UNV,PA,AEA,EN,Federal Contract Tower,0,31,18,0,49,0,2,18,2,22,0,33,36,2,71,0,20,20,91
01/31/2014,UNV,PA,AEA,EN,Federal Contract Tower,0,38,16,0,54,0,2,39,0,41,0,40,55,0,95,104,0,104,199
02/01/2014,UNV,PA,AEA,EN,Federal Contract Tower,0,35,4,0,39,0,4,27,0,31,0,39,31,0,70,106,0,106,176
02/02/2014,UNV,PA,AEA,EN,Federal Contract Tower,0,21,3,0,24,0,0,13,0,13,0,21,16,0,37,52,0,52,89
02/03/2014,UNV,PA,AEA,EN,Federal Contract Tower,0,27,14,0,41,0,1,0,0,1,0,28,14,0,42,0,0,0,42
02/04/2014,UNV,PA,AEA,EN,Federal Contract Tower,0,29,7,0,36,0,2,30,0,32,0,31,37,0,68,48,0,48,116
02/05/2014,UNV,PA,AEA,EN,Federal Contract Tower,2,24,2,0,28,0,0,0,0,0,2,24,2,0,28,0,0,0,28
02/06/2014,UNV,PA,AEA,EN,Federal Contract Tower,2,33,8,0,43,0,4,30,0,34,2,37,38,0,77,20,0,20,97
02/07/2014,UNV,PA,AEA,EN,Federal Contract Tower,0,28,15,0,43,0,4,17,0,21,0,32,32,0,64,54,0,54,118
02/08/2014,UNV,PA,AEA,EN,Federal Contract Tower,2,27,7,0,36,0,2,32,1,35,2,29,39,1,71,106,0,106,177
02/09/2014,UNV,PA,AEA,EN,Federal Contract Tower,4,21,20,0,45,0,0,0,0,0,4,21,20,0,45,0,0,0,45
02/10/2014,UNV,PA,AEA,EN,Federal Contract Tower,0,28,12,1,41,0,6,1,0,7,0,34,13,1,48,0,0,0,48
02/11/2014,UNV,PA,AEA,EN,Federal Contract Tower,0,31,8,0,39,0,0,43,0,43,0,31,51,0,82,62,4,66,148
02/12/2014,UNV,PA,AEA,EN,Federal Contract Tower,0,32,6,4,42,0,4,19,0,23,0,36,25,4,65,10,0,10,75
02/13/2014,UNV,PA,AEA,EN,Federal Contract Tower,0,17,3,0,20,0,0,0,0,0,0,17,3,0,20,0,0,0,20
02/14/2014,UNV,PA,AEA,EN,Federal Contract Tower,0,32,13,0,45,0,8,6,0,14,0,40,19,0,59,0,0,0,59
02/15/2014,UNV,PA,AEA,EN,Federal Contract Tower,0,28,4,0,32,0,5,1,0,6,0,33,5,0,38,0,0,0,38
02/16/2014,UNV,PA,AEA,EN,Federal Contract Tower,0,24,8,0,32,0,4,12,0,16,0,28,20,0,48,64,0,64,112
02/17/2014,UNV,PA,AEA,EN,Federal Contract Tower,0,29,16,0,45,0,4,31,0,35,0,33,47,0,80,70,0,70,150
02/18/2014,UNV,PA,AEA,EN,Federal Contract Tower,0,32,7,0,39,0,2,8,0,10,0,34,15,0,49,0,0,0,49
02/19/2014,UNV,PA,AEA,EN,Federal Contract Tower,0,28,13,0,41,0,0,14,0,14,0,28,27,0,55,26,0,26,81
02/20/2014,UNV,PA,AEA,EN,Federal Contract Tower,0,31,16,2,49,0,6,23,0,29,0,37,39,2,78,16,0,16,94
02/21/2014,UNV,PA,AEA,EN,Federal Contract Tower,0,28,3,0,31,0,7,14,0,21,0,35,17,0,52,8,0,8,60
02/22/2014,UNV,PA,AEA,EN,Federal Contract Tower,0,27,12,0,39,0,7,31,3,41,0,34,43,3,80,28,0,28,108
02/23/2014,UNV,PA,AEA,EN,Federal Contract Tower,0,23,2,3,28,0,1,48,4,53,0,24,50,7,81,92,0,92,173
02/24/2014,UNV,PA,AEA,EN,Federal Contract Tower,0,26,9,0,35,0,4,2,0,6,0,30,11,0,41,4,0,4,45
02/25/2014,UNV,PA,AEA,EN,Federal Contract Tower,0,35,14,0,49,0,0,33,0,33,0,35,47,0,82,46,0,46,128
02/26/2014,UNV,PA,AEA,EN,Federal Contract Tower,0,31,3,0,34,0,0,13,0,13,0,31,16,0,47,4,0,4,51
02/27/2014,UNV,PA,AEA,EN,Federal Contract Tower,2,28,12,0,42,0,0,4,0,4,2,28,16,0,46,0,0,0,46
02/28/2014,UNV,PA,AEA,EN,Federal Contract Tower,0,31,8,0,39,0,4,40,0,44,0,35,48,0,83,42,0,42,125
03/01/2014,UNV,PA,AEA,EN,Federal Contract Tower,0,26,9,0,35,0,8,42,0,50,0,34,51,0,85,98,0,98,183
03/02/2014,UNV,PA,AEA,EN,Federal Contract Tower,0,1,24,5,30,0,0,7,0,7,0,1,31,5,37,0,0,0,37
03/03/2014,UNV,PA,AEA,EN,Federal Contract Tower,0,18,1,0,19,0,9,8,0,17,0,27,9,0,36,2,0,2,38
03/04/2014,UNV,PA,AEA,EN,Federal Contract Tower,0,25,10,0,35,0,0,43,0,43,0,25,53,0,78,118,0,118,196
03/05/2014,UNV,PA,AEA,EN,Federal Contract Tower,0,32,7,0,39,0,5,27,1,33,0,37,34,1,72,48,4,52,124
03/06/2014,UNV,PA,AEA,EN,Federal Contract Tower,0,38,15,2,55,0,5,41,0,46,0,43,56,2,101,68,12,80,181
03/07/2014,UNV,PA,AEA,EN,Federal Contract Tower,0,36,17,0,53,0,9,75,0,84,0,45,92,0,137,136,0,136,273
03/08/2014,UNV,PA,AEA,EN,Federal Contract Tower,0,26,9,0,35,0,5,20,2,27,0,31,29,2,62,20,6,26,88
03/09/2014,UNV,PA,AEA,EN,Federal Contract Tower,0,25,4,0,29,0,3,28,0,31,0,28,32,0,60,46,0,46,106
03/10/2014,UNV,PA,AEA,EN,Federal Contract Tower,0,30,8,0,38,0,2,11,0,13,0,32,19,0,51,10,2,12,63
03/11/2014,UNV,PA,AEA,EN,Federal Contract Tower,0,31,6,0,37,0,0,55,0,55,0,31,61,0,92,72,0,72,164
03/12/2014,UNV,PA,AEA,EN,Federal Contract Tower,0,28,1,2,31,0,0,0,0,0,0,28,1,2,31,0,0,0,31
03/13/2014,UNV,PA,AEA,EN,Federal Contract Tower,0,27,8,0,35,0,4,11,0,15,0,31,19,0,50,4,0,4,54
03/14/2014,UNV,PA,AEA,EN,Federal Contract Tower,0,32,14,0,46,0,2,10,0,12,0,34,24,0,58,2,0,2,60
03/15/2014,UNV,PA,AEA,EN,Federal Contract Tower,0,26,10,0,36,0,10,8,0,18,0,36,18,0,54,0,0,0,54
03/16/2014,UNV,PA,AEA,EN,Federal Contract Tower,0,23,19,0,42,0,2,36,2,40,0,25,55,2,82,138,0,138,220
03/17/2014,UNV,PA,AEA,EN,Federal Contract Tower,0,26,16,0,42,0,3,28,0,31,0,29,44,0,73,64,0,64,137
03/18/2014,UNV,PA,AEA,EN,Federal Contract Tower,0,35,12,0,47,0,2,35,0,37,0,37,47,0,84,54,0,54,138
03/19/2014,UNV,PA,AEA,EN,Federal Contract Tower,2,34,14,0,50,0,0,0,0,0,2,34,14,0,50,0,0,0,50
03/20/2014,UNV,PA,AEA,EN,Federal Contract Tower,0,30,6,1,37,0,5,6,1,12,0,35,12,2,49,0,0,0,49
03/21/2014,UNV,PA,AEA,EN,Federal Contract Tower,2,33,13,0,48,0,5,50,0,55,2,38,63,0,103,36,0,36,139
03/22/2014,UNV,PA,AEA,EN,Federal Contract Tower,1,30,7,0,38,0,13,26,0,39,1,43,33,0,77,8,0,8,85
03/23/2014,UNV,PA,AEA,EN,Federal Contract Tower,2,23,14,0,39,0,0,41,0,41,2,23,55,0,80,52,0,52,132
03/24/2014,UNV,PA,AEA,EN,Federal Contract Tower,0,29,16,0,45,0,6,35,0,41,0,35,51,0,86,50,0,50,136
03/25/2014,UNV,PA,AEA,EN,Federal Contract Tower,0,33,11,0,44,0,0,29,0,29,0,33,40,0,73,68,0,68,141
03/26/2014,UNV,PA,AEA,EN,Federal Contract Tower,2,29,8,0,39,0,4,19,0,23,2,33,27,0,62,0,0,0,62
03/27/2014,UNV,PA,AEA,EN,Federal Contract Tower,1,32,8,2,43,0,4,49,2,55,1,36,57,4,98,76,4,80,178
03/28/2014,UNV,PA,AEA,EN,Federal Contract Tower,0,29,9,0,38,0,2,30,0,32,0,31,39,0,70,18,0,18,88
03/29/2014,UNV,PA,AEA,EN,Federal Contract Tower,0,23,1,0,24,0,1,13,0,14,0,24,14,0,38,24,0,24,62
03/30/2014,UNV,PA,AEA,EN,Federal Contract Tower,0,18,7,0,25,0,2,5,0,7,0,20,12,0,32,4,0,4,36
03/31/2014,UNV,PA,AEA,EN,Federal Contract Tower,2,25,8,0,35,0,6,39,2,47,2,31,47,2,82,124,4,128,210
04/01/2014,UNV,PA,AEA,EN,Federal Contract Tower,0,34,14,0,48,0,4,67,0,71,0,38,81,0,119,62,0,62,181
04/02/2014,UNV,PA,AEA,EN,Federal Contract Tower,0,34,9,0,43,0,9,37,0,46,0,43,46,0,89,56,0,56,145
04/03/2014,UNV,PA,AEA,EN,Federal Contract Tower,0,36,12,0,48,0,11,21,0,32,0,47,33,0,80,24,0,24,104
04/04/2014,UNV,PA,AEA,EN,Federal Contract Tower,0,40,13,0,53,0,1,0,0,1,0,41,13,0,54,0,0,0,54
04/05/2014,UNV,PA,AEA,EN,Federal Contract Tower,0,33,15,0,48,0,4,15,0,19,0,37,30,0,67,0,0,0,67
04/06/2014,UNV,PA,AEA,EN,Federal Contract Tower,0,25,5,0,30,0,6,62,0,68,0,31,67,0,98,126,0,126,224
04/07/2014,UNV,PA,AEA,EN,Federal Contract Tower,0,31,6,0,37,0,0,0,0,0,0,31,6,0,37,0,0,0,37
04/08/2014,UNV,PA,AEA,EN,Federal Contract Tower,0,34,9,0,43,0,1,16,0,17,0,35,25,0,60,22,0,22,82
04/09/2014,UNV,PA,AEA,EN,Federal Contract Tower,0,37,10,0,47,0,7,60,0,67,0,44,70,0,114,90,2,92,206
04/10/2014,UNV,PA,AEA,EN,Federal Contract Tower,0,41,17,0,58,0,9,46,0,55,0,50,63,0,113,52,0,52,165
04/11/2014,UNV,PA,AEA,EN,Federal Contract Tower,0,37,16,0,53,0,2,17,0,19,0,39,33,0,72,28,0,28,100
04/12/2014,UNV,PA,AEA,EN,Federal Contract Tower,0,25,14,0,39,0,12,81,0,93,0,37,95,0,132,90,0,90,222
04/13/2014,UNV,PA,AEA,EN,Federal Contract Tower,0,33,11,0,44,0,1,56,0,57,0,34,67,0,101,54,0,54,155
04/14/2014,UNV,PA,AEA,EN,Federal Contract Tower,0,29,10,2,41,0,9,17,6,32,0,38,27,8,73,20,2,22,95
04/15/2014,UNV,PA,AEA,EN,Federal Contract Tower,0,34,5,0,39,0,0,7,0,7,0,34,12,0,46,0,0,0,46
04/16/2014,UNV,PA,AEA,EN,Federal Contract Tower,0,38,12,0,50,0,2,51,1,54,0,40,63,1,104,66,0,66,170
04/17/2014,UNV,PA,AEA,EN,Federal Contract Tower,0,35,27,2,64,0,2,61,0,63,0,37,88,2,127,78,0,78,205
04/18/2014,UNV,PA,AEA,EN,Federal Contract Tower,0,39,18,0,57,0,5,79,2,86,0,44,97,2,143,144,8,152,295
04/19/2014,UNV,PA,AEA,EN,Federal Contract Tower,0,28,10,0,38,0,5,62,1,68,0,33,72,1,106,72,0,72,178
04/20/2014,UNV,PA,AEA,EN,Federal Contract Tower,0,28,11,0,39,0,2,53,1,56,0,30,64,1,95,26,0,26,121
04/21/2014,UNV,PA,AEA,EN,Federal Contract Tower,0,34,19,0,53,0,5,55,1,61,0,39,74,1,114,60,26,86,200
04/22/2014,UNV,PA,AEA,EN,Federal Contract Tower,0,36,21,0,57,0,8,24,0,32,0,44,45,0,89,22,0,22,111
04/23/2014,UNV,PA,AEA,EN,Federal Contract Tower,0,33,12,0,45,0,5,33,0,38,0,38,45,0,83,48,6,54,137
04/24/2014,UNV,PA,AEA,EN,Federal Contract Tower,0,41,20,0,61,0,9,64,0,73,0,50,84,0,134,68,0,68,202
04/25/2014,UNV,PA,AEA,EN,Federal Contract Tower,0,37,25,0,62,0,11,29,0,40,0,48,54,0,102,38,0,38,140
04/26/2014,UNV,PA,AEA,EN,Federal Contract Tower,0,26,4,0,30,0,6,31,0,37,0,32,35,0,67,12,0,12,79
04/27/2014,UNV,PA,AEA,EN,Federal Contract Tower,0,26,13,0,39,0,1,72,0,73,0,27,85,0,112,84,0,84,196
04/28/2014,UNV,PA,AEA,EN,Federal Contract Tower,0,32,14,0,46,0,13,33,0,46,0,45,47,0,92,34,0,34,126
04/29/2014,UNV,PA,AEA,EN,Federal Contract Tower,0,36,13,0,49,0,0,0,2,2,0,36,13,2,51,0,0,0,51
04/30/2014,UNV,PA,AEA,EN,Federal Contract Tower,0,34,15,0,49,0,0,0,0,0,0,34,15,0,49,0,0,0,49
05/01/2014,UNV,PA,AEA,EN,Federal Contract Tower,0,32,16,0,48,0,13,17,0,30,0,45,33,0,78,30,0,30,108
05/02/2014,UNV,PA,AEA,EN,Federal Contract Tower,0,40,15,2,57,0,14,24,0,38,0,54,39,2,95,2,0,2,97
05/03/2014,UNV,PA,AEA,EN,Federal Contract Tower,0,28,7,0,35,0,2,41,0,43,0,30,48,0,78,80,0,80,158
05/04/2014,UNV,PA,AEA,EN,Federal Contract Tower,0,23,13,2,38,0,1,15,0,16,0,24,28,2,54,2,0,2,56
05/05/2014,UNV,PA,AEA,EN,Federal Contract Tower,0,29,17,0,46,0,2,27,0,29,0,31,44,0,75,102,0,102,177
05/06/2014,UNV,PA,AEA,EN,Federal Contract Tower,0,32,8,4,44,0,0,65,1,66,0,32,73,5,110,72,6,78,188
05/07/2014,UNV,PA,AEA,EN,Federal Contract Tower,0,33,24,1,58,0,0,57,2,59,0,33,81,3,117,148,2,150,267
05/08/2014,UNV,PA,AEA,EN,Federal Contract Tower,0,36,26,0,62,0,1,63,0,64,0,37,89,0,126,110,0,110,236
05/09/2014,UNV,PA,AEA,EN,Federal Contract Tower,0,32,31,4,67,0,4,27,0,31,0,36,58,4,98,50,2,52,150
05/10/2014,UNV,PA,AEA,EN,Federal Contract Tower,0,29,20,0,49,0,4,44,0,48,0,33,64,0,97,58,0,58,155
05/11/2014,UNV,PA,AEA,EN,Federal Contract Tower,0,30,10,0,40,0,0,97,0,97,0,30,107,0,137,96,0,96,233
05/12/2014,UNV,PA,AEA,EN,Federal Contract Tower,0,32,10,0,42,0,7,27,0,34,0,39,37,0,76,62,0,62,138
05/13/2014,UNV,PA,AEA,EN,Federal Contract Tower,0,29,10,0,39,0,3,44,0,47,0,32,54,0,86,66,0,66,152
05/14/2014,UNV,PA,AEA,EN,Federal Contract Tower,0,30,26,2,58,0,1,51,0,52,0,31,77,2,110,72,0,72,182
05/15/2014,UNV,PA,AEA,EN,Federal Contract Tower,0,26,24,0,50,0,1,13,0,14,0,27,37,0,64,0,0,0,64
05/16/2014,UNV,PA,AEA,EN,Federal Contract Tower,0,27,11,2,40,0,4,21,0,25,0,31,32,2,65,54,0,54,119
05/17/2014,UNV,PA,AEA,EN,Federal Contract Tower,0,26,1,0,27,0,11,22,0,33,0,37,23,0,60,20,0,20,80
05/18/2014,UNV,PA,AEA,EN,Federal Contract Tower,0,29,11,0,40,0,5,39,0,44,0,34,50,0,84,44,0,44,128
05/19/2014,UNV,PA,AEA,EN,Federal Contract Tower,0,31,8,0,39,0,2,33,0,35,0,33,41,0,74,100,0,100,174
05/20/2014,UNV,PA,AEA,EN,Federal Contract Tower,0,35,5,4,44,0,0,56,0,56,0,35,61,4,100,78,0,78,178
05/21/2014,UNV,PA,AEA,EN,Federal Contract Tower,0,38,11,0,49,0,1,11,0,12,0,39,22,0,61,18,0,18,79
05/22/2014,UNV,PA,AEA,EN,Federal Contract Tower,0,31,9,0,40,0,9,35,0,44,0,40,44,0,84,8,0,8,92
05/23/2014,UNV,PA,AEA,EN,Federal Contract Tower,0,33,7,0,40,0,2,39,0,41,0,35,46,0,81,2,0,2,83
05/24/2014,UNV,PA,AEA,EN,Federal Contract Tower,0,23,6,0,29,0,10,30,0,40,0,33,36,0,69,118,0,118,187
05/25/2014,UNV,PA,AEA,EN,Federal Contract Tower,0,18,13,0,31,0,2,55,0,57,0,20,68,0,88,128,0,128,216
05/26/2014,UNV,PA,AEA,EN,Federal Contract Tower,0,25,13,0,38,0,2,32,0,34,0,27,45,0,72,56,0,56,128
05/27/2014,UNV,PA,AEA,EN,Federal Contract Tower,0,21,4,0,25,0,1,18,0,19,0,22,22,0,44,44,0,44,88
05/28/2014,UNV,PA,AEA,EN,Federal Contract Tower,0,28,18,2,48,0,2,29,0,31,0,30,47,2,79,16,0,16,95
05/29/2014,UNV,PA,AEA,EN,Federal Contract Tower,0,32,23,0,55,0,0,0,0,0,0,32,23,0,55,0,0,0,55
05/30/2014,UNV,PA,AEA,EN,Federal Contract Tower,0,32,10,0,42,0,4,23,0,27,0,36,33,0,69,46,6,52,121
05/31/2014,UNV,PA,AEA,EN,Federal Contract Tower,0,26,2,0,28,0,9,70,0,79,0,35,72,0,107,164,0,164,271
06/01/2014,UNV,PA,AEA,EN,Federal Contract Tower,0,17,12,0,29,0,8,65,4,77,0,25,77,4,106,44,0,44,150
06/02/2014,UNV,PA,AEA,EN,Federal Contract Tower,0,29,4,0,33,0,2,30,0,32,0,31,34,0,65,102,0,102,167
06/03/2014,UNV,PA,AEA,EN,Federal Contract Tower,0,32,11,0,43,0,0,11,0,11,0,32,22,0,54,40,0,40,94
06/04/2014,UNV,PA,AEA,EN,Federal Contract Tower,0,33,15,0,48,0,8,26,0,34,0,41,41,0,82,18,26,44,126
06/05/2014,UNV,PA,AEA,EN,Federal Contract Tower,0,32,13,2,47,0,0,31,0,31,0,32,44,2,78,14,0,14,92
06/06/2014,UNV,PA,AEA,EN,Federal Contract Tower,0,34,14,1,49,0,1,55,0,56,0,35,69,1,105,50,0,50,155
06/07/2014,UNV,PA,AEA,EN,Federal Contract Tower,0,24,10,0,34,0,1,81,2,84,0,25,91,2,118,78,10,88,206
06/08/2014,UNV,PA,AEA,EN,Federal Contract Tower,0,24,8,0,32,0,2,22,2,26,0,26,30,2,58,10,6,16,74
06/09/2014,UNV,PA,AEA,EN,Federal Contract Tower,0,23,16,0,39,0,0,7,0,7,0,23,23,0,46,2,0,2,48
06/10/2014,UNV,PA,AEA,EN,Federal Contract Tower,0,27,17,0,44,0,0,20,0,20,0,27,37,0,64,20,0,20,84
06/11/2014,UNV,PA,AEA,EN,Federal Contract Tower,0,25,15,0,40,0,0,27,0,27,0,25,42,0,67,4,0,4,71
06/12/2014,UNV,PA,AEA,EN,Federal Contract Tower,0,37,17,0,54,0,0,2,1,3,0,37,19,1,57,0,0,0,57
06/13/2014,UNV,PA,AEA,EN,Federal Contract Tower,0,28,7,0,35,0,0,12,0,12,0,28,19,0,47,54,0,54,101
06/14/2014,UNV,PA,AEA,EN,Federal Contract Tower,0,25,18,0,43,0,3,21,0,24,0,28,39,0,67,4,0,4,71
06/15/2014,UNV,PA,AEA,EN,Federal Contract Tower,0,21,9,0,30,0,2,70,0,72,0,23,79,0,102,60,0,60,162
06/16/2014,UNV,PA,AEA,EN,Federal Contract Tower,0,26,12,0,38,0,3,29,1,33,0,29,41,1,71,60,0,60,131
06/17/2014,UNV,PA,AEA,EN,Federal Contract Tower,0,33,16,0,49,0,1,35,0,36,0,34,51,0,85,34,0,34,119
06/18/2014,UNV,PA,AEA,EN,Federal Contract Tower,0,34,10,0,44,0,2,34,0,36,0,36,44,0,80,34,0,34,114
06/19/2014,UNV,PA,AEA,EN,Federal Contract Tower,0,32,24,0,56,0,0,27,0,27,0,32,51,0,83,42,0,42,125
06/20/2014,UNV,PA,AEA,EN,Federal Contract Tower,0,32,10,0,42,0,2,67,0,69,0,34,77,0,111,110,0,110,221
06/21/2014,UNV,PA,AEA,EN,Federal Contract Tower,0,23,7,0,30,0,3,26,0,29,0,26,33,0,59,106,0,106,165
06/22/2014,UNV,PA,AEA,EN,Federal Contract Tower,0,21,19,0,40,0,1,50,0,51,0,22,69,0,91,30,0,30,121
06/23/2014,UNV,PA,AEA,EN,Federal Contract Tower,0,26,9,0,35,0,2,32,0,34,0,28,41,0,69,10,0,10,79
06/24/2014,UNV,PA,AEA,EN,Federal Contract Tower,0,34,18,0,52,0,12,10,0,22,0,46,28,0,74,32,0,32,106
06/25/2014,UNV,PA,AEA,EN,Federal Contract Tower,0,32,16,2,50,0,0,17,0,17,0,32,33,2,67,28,0,28,95
06/26/2014,UNV,PA,AEA,EN,Federal Contract Tower,0,28,14,0,42,0,4,20,0,24,0,32,34,0,66,28,16,44,110
06/27/2014,UNV,PA,AEA,EN,Federal Contract Tower,0,40,6,0,46,0,4,41,0,45,0,44,47,0,91,34,2,36,127
06/28/2014,UNV,PA,AEA,EN,Federal Contract Tower,0,24,11,0,35,0,0,25,0,25,0,24,36,0,60,18,0,18,78
06/29/2014,UNV,PA,AEA,EN,Federal Contract Tower,0,18,17,0,35,0,4,21,0,25,0,22,38,0,60,48,0,48,108
06/30/2014,UNV,PA,AEA,EN,Federal Contract Tower,0,28,17,0,45,0,2,35,0,37,0,30,52,0,82,34,0,34,116
07/01/2014,UNV,PA,AEA,EN,Federal Contract Tower,0,28,15,0,43,0,1,20,0,21,0,29,35,0,64,8,0,8,72
07/02/2014,UNV,PA,AEA,EN,Federal Contract Tower,0,30,12,0,42,0,0,44,0,44,0,30,56,0,86,104,0,104,190
07/03/2014,UNV,PA,AEA,EN,Federal Contract Tower,0,25,16,0,41,0,1,32,1,34,0,26,48,1,75,36,0,36,111
07/04/2014,UNV,PA,AEA,EN,Federal Contract Tower,0,19,1,0,20,0,3,33,0,36,0,22,34,0,56,26,0,26,82
07/05/2014,UNV,PA,AEA,EN,Federal Contract Tower,0,20,9,0,29,0,2,54,0,56,0,22,63,0,85,38,0,38,123
07/06/2014,UNV,PA,AEA,EN,Federal Contract Tower,0,26,13,0,39,0,4,47,0,51,0,30,60,0,90,12,0,12,102
07/07/2014,UNV,PA,AEA,EN,Federal Contract Tower,0,24,12,0,36,0,7,36,0,43,0,31,48,0,79,12,0,12,91
07/08/2014,UNV,PA,AEA,EN,Federal Contract Tower,0,29,11,0,40,0,4,10,2,16,0,33,21,2,56,10,0,10,66
07/09/2014,UNV,PA,AEA,EN,Federal Contract Tower,0,29,16,4,49,0,3,18,0,21,0,32,34,4,70,24,0,24,94
07/10/2014,UNV,PA,AEA,EN,Federal Contract Tower,0,36,9,3,48,0,4,23,0,27,0,40,32,3,75,24,10,34,109
07/11/2014,UNV,PA,AEA,EN,Federal Contract Tower,0,27,26,0,53,0,8,76,0,84,0,35,102,0,137,58,0,58,195
07/12/2014,UNV,PA,AEA,EN,Federal Contract Tower,0,21,26,0,47,0,1,77,0,78,0,22,103,0,125,64,0,64,189
07/13/2014,UNV,PA,AEA,EN,Federal Contract Tower,0,13,13,0,26,0,1,6,0,7,0,14,19,0,33,6,0,6,39
07/14/2014,UNV,PA,AEA,EN,Federal Contract Tower,0,25,18,0,43,0,3,2,0,5,0,28,20,0,48,0,0,0,48
07/15/2014,UNV,PA,AEA,EN,Federal Contract Tower,0,25,11,1,37,0,1,13,1,15,0,26,24,2,52,0,0,0,52
07/16/2014,UNV,PA,AEA,EN,Federal Contract Tower,0,39,13,4,56,0,7,42,0,49,0,46,55,4,105,58,0,58,163
07/17/2014,UNV,PA,AEA,EN,Federal Contract Tower,0,35,21,1,57,0,1,40,2,43,0,36,61,3,100,60,2,62,162
07/18/2014,UNV,PA,AEA,EN,Federal Contract Tower,0,32,11,0,43,0,3,41,0,44,0,35,52,0,87,40,0,40,127
07/19/2014,UNV,PA,AEA,EN,Federal Contract Tower,0,20,21,0,41,0,4,19,0,23,0,24,40,0,64,22,0,22,86
07/20/2014,UNV,PA,AEA,EN,Federal Contract Tower,0,25,18,2,45,0,2,27,0,29,0,27,45,2,74,2,6,8,82
07/21/2014,UNV,PA,AEA,EN,Federal Contract Tower,0,24,8,0,32,0,5,14,2,21,0,29,22,2,53,40,0,40,93
07/22/2014,UNV,PA,AEA,EN,Federal Contract Tower,0,32,24,2,58,0,0,34,1,35,0,32,58,3,93,30,2,32,125
07/23/2014,UNV,PA,AEA,EN,Federal Contract Tower,0,31,2,0,33,0,2,28,0,30,0,33,30,0,63,54,0,54,117
07/24/2014,UNV,PA,AEA,EN,Federal Contract Tower,0,33,15,0,48,0,3,37,4,44,0,36,52,4,92,46,0,46,138
07/25/2014,UNV,PA,AEA,EN,Federal Contract Tower,0,33,25,3,61,0,2,56,0,58,0,35,81,3,119,8,0,8,127
07/26/2014,UNV,PA,AEA,EN,Federal Contract Tower,0,24,14,2,40,0,4,31,0,35,0,28,45,2,75,16,0,16,91
07/27/2014,UNV,PA,AEA,EN,Federal Contract Tower,0,16,14,0,30,0,3,12,0,15,0,19,26,0,45,6,0,6,51
07/28/2014,UNV,PA,AEA,EN,Federal Contract Tower,0,29,24,0,53,0,2,2,0,4,0,31,26,0,57,2,0,2,59
07/29/2014,UNV,PA,AEA,EN,Federal Contract Tower,0,28,21,2,51,0,5,19,16,40,0,33,40,18,91,14,0,14,105
07/30/2014,UNV,PA,AEA,EN,Federal Contract Tower,0,32,20,0,52,0,3,17,0,20,0,35,37,0,72,20,0,20,92
07/31/2014,UNV,PA,AEA,EN,Federal Contract Tower,0,34,15,0,49,0,9,26,0,35,0,43,41,0,84,36,0,36,120
08/01/2014,UNV,PA,AEA,EN,Federal Contract Tower,0,31,16,0,47,0,4,21,0,25,0,35,37,0,72,0,0,0,72
08/02/2014,UNV,PA,AEA,EN,Federal Contract Tower,0,22,7,0,29,0,0,20,0,20,0,22,27,0,49,10,0,10,59
08/03/2014,UNV,PA,AEA,EN,Federal Contract Tower,0,23,12,0,35,0,0,7,0,7,0,23,19,0,42,0,0,0,42
08/04/2014,UNV,PA,AEA,EN,Federal Contract Tower,0,28,20,0,48,0,4,15,0,19,0,32,35,0,67,54,0,54,121
08/05/2014,UNV,PA,AEA,EN,Federal Contract Tower,0,31,12,0,43,0,2,23,0,25,0,33,35,0,68,38,0,38,106
08/06/2014,UNV,PA,AEA,EN,Federal Contract Tower,0,32,18,4,54,0,2,34,0,36,0,34,52,4,90,36,0,36,126
08/07/2014,UNV,PA,AEA,EN,Federal Contract Tower,0,34,14,2,50,0,5,39,0,44,0,39,53,2,94,12,0,12,106
08/08/2014,UNV,PA,AEA,EN,Federal Contract Tower,0,27,10,1,38,0,8,45,0,53,0,35,55,1,91,24,0,24,115
08/09/2014,UNV,PA,AEA,EN,Federal Contract Tower,0,21,14,0,35,0,7,31,0,38,0,28,45,0,73,32,0,32,105
08/10/2014,UNV,PA,AEA,EN,Federal Contract Tower,0,21,7,0,28,0,3,49,0,52,0,24,56,0,80,18,0,18,98
08/11/2014,UNV,PA,AEA,EN,Federal Contract Tower,0,26,11,0,37,0,2,19,0,21,0,28,30,0,58,6,0,6,64
08/12/2014,UNV,PA,AEA,EN,Federal Contract Tower,0,33,15,0,48,0,0,0,0,0,0,33,15,0,48,0,0,0,48
08/13/2014,UNV,PA,AEA,EN,Federal Contract Tower,0,37,12,1,50,0,2,26,16,44,0,39,38,17,94,24,32,56,150
08/14/2014,UNV,PA,AEA,EN,Federal Contract Tower,0,34,11,0,45,0,2,41,6,49,0,36,52,6,94,44,0,44,138
08/15/2014,UNV,PA,AEA,EN,Federal Contract Tower,0,34,24,0,58,0,3,46,0,49,0,37,70,0,107,44,2,46,153
08/16/2014,UNV,PA,AEA,EN,Federal Contract Tower,0,18,8,0,26,0,0,67,0,67,0,18,75,0,93,88,0,88,181
08/17/2014,UNV,PA,AEA,EN,Federal Contract Tower,0,21,9,0,30,0,2,29,0,31,0,23,38,0,61,56,0,56,117
08/18/2014,UNV,PA,AEA,EN,Federal Contract Tower,0,26,14,0,40,0,5,24,0,29,0,31,38,0,69,8,0,8,77
08/19/2014,UNV,PA,AEA,EN,Federal Contract Tower,0,34,6,0,40,0,0,10,0,10,0,34,16,0,50,52,0,52,102
08/20/2014,UNV,PA,AEA,EN,Federal Contract Tower,0,38,22,0,60,0,2,6,0,8,0,40,28,0,68,48,0,48,116
08/21/2014,UNV,PA,AEA,EN,Federal Contract Tower,0,37,21,0,58,0,0,14,0,14,0,37,35,0,72,26,0,26,98
08/22/2014,UNV,PA,AEA,EN,Federal Contract Tower,0,38,16,0,54,0,2,30,0,32,0,40,46,0,86,68,0,68,154
08/23/2014,UNV,PA,AEA,EN,Federal Contract Tower,0,23,27,2,52,0,0,42,0,42,0,23,69,2,94,32,4,36,130
08/24/2014,UNV,PA,AEA,EN,Federal Contract Tower,0,23,18,0,41,0,5,58,0,63,0,28,76,0,104,78,0,78,182
08/25/2014,UNV,PA,AEA,EN,Federal Contract Tower,0,28,6,0,34,0,7,16,0,23,0,35,22,0,57,76,2,78,135
08/26/2014,UNV,PA,AEA,EN,Federal Contract Tower,0,29,16,0,45,0,2,37,0,39,0,31,53,0,84,100,0,100,184
08/27/2014,UNV,PA,AEA,EN,Federal Contract Tower,0,32,13,0,45,0,1,43,0,44,0,33,56,0,89,38,6,44,133
08/28/2014,UNV,PA,AEA,EN,Federal Contract Tower,0,35,9,2,46,0,9,48,0,57,0,44,57,2,103,56,6,62,165
08/29/2014,UNV,PA,AEA,EN,Federal Contract Tower,0,29,14,0,43,0,1,49,0,50,0,30,63,0,93,30,2,32,125
08/30/2014,UNV,PA,AEA,EN,Federal Contract Tower,0,20,2,0,22,0,1,32,0,33,0,21,34,0,55,54,0,54,109
08/31/2014,UNV,PA,AEA,EN,Federal Contract Tower,0,18,4,0,22,0,1,12,0,13,0,19,16,0,35,26,0,26,61
09/01/2014,UNV,PA,AEA,EN,Federal Contract Tower,0,23,10,0,33,0,0,15,0,15,0,23,25,0,48,40,0,40,88
09/02/2014,UNV,PA,AEA,EN,Federal Contract Tower,0,27,12,0,39,0,4,19,0,23,0,31,31,0,62,50,0,50,112
09/03/2014,UNV,PA,AEA,EN,Federal Contract Tower,0,31,17,0,48,0,2,46,0,48,0,33,63,0,96,40,4,44,140
09/04/2014,UNV,PA,AEA,EN,Federal Contract Tower,0,36,17,2,55,0,9,22,0,31,0,45,39,2,86,38,0,38,124
09/05/2014,UNV,PA,AEA,EN,Federal Contract Tower,0,37,25,0,62,0,3,20,31,54,0,40,45,31,116,38,2,40,156
09/06/2014,UNV,PA,AEA,EN,Federal Contract Tower,0,31,15,0,46,0,9,10,0,19,0,40,25,0,65,22,0,22,87
09/07/2014,UNV,PA,AEA,EN,Federal Contract Tower,0,28,14,0,42,0,4,52,0,56,0,32,66,0,98,8,0,8,106
09/08/2014,UNV,PA,AEA,EN,Federal Contract Tower,0,30,16,0,46,0,3,19,0,22,0,33,35,0,68,44,0,44,112
09/09/2014,UNV,PA,AEA,EN,Federal Contract Tower,0,31,17,0,48,0,0,8,0,8,0,31,25,0,56,20,2,22,78
09/10/2014,UNV,PA,AEA,EN,Federal Contract Tower,0,35,27,0,62,0,0,25,0,25,0,35,52,0,87,52,0,52,139
09/11/2014,UNV,PA,AEA,EN,Federal Contract Tower,0,34,15,0,49,0,0,25,0,25,0,34,40,0,74,22,0,22,96
09/12/2014,UNV,PA,AEA,EN,Federal Contract Tower,0,34,24,0,58,0,3,23,0,26,0,37,47,0,84,20,0,20,104
09/13/2014,UNV,PA,AEA,EN,Federal Contract Tower,0,20,10,0,30,0,2,20,0,22,0,22,30,0,52,52,0,52,104
09/14/2014,UNV,PA,AEA,EN,Federal Contract Tower,0,22,19,0,41,0,0,64,0,64,0,22,83,0,105,52,0,52,157
09/15/2014,UNV,PA,AEA,EN,Federal Contract Tower,0,29,17,0,46,0,4,22,0,26,0,33,39,0,72,40,0,40,112
09/16/2014,UNV,PA,AEA,EN,Federal Contract Tower,0,35,20,5,60,0,4,15,1,20,0,39,35,6,80,22,8,30,110
09/17/2014,UNV,PA,AEA,EN,Federal Contract Tower,0,34,15,0,49,0,1,52,0,53,0,35,67,0,102,88,0,88,190
09/18/2014,UNV,PA,AEA,EN,Federal Contract Tower,0,36,21,1,58,0,0,19,0,19,0,36,40,1,77,20,0,20,97
09/19/2014,UNV,PA,AEA,EN,Federal Contract Tower,1,34,34,0,69,0,0,37,0,37,1,34,71,0,106,8,0,8,114
09/20/2014,UNV,PA,AEA,EN,Federal Contract Tower,0,28,21,0,49,0,5,48,0,53,0,33,69,0,102,2,0,2,104
09/21/2014,UNV,PA,AEA,EN,Federal Contract Tower,0,21,19,0,40,0,1,43,0,44,0,22,62,0,84,40,0,40,124
09/22/2014,UNV,PA,AEA,EN,Federal Contract Tower,0,32,17,0,49,0,3,19,0,22,0,35,36,0,71,18,0,18,89
09/23/2014,UNV,PA,AEA,EN,Federal Contract Tower,0,36,16,0,52,0,6,34,0,40,0,42,50,0,92,132,0,132,224
09/24/2014,UNV,PA,AEA,EN,Federal Contract Tower,0,36,16,2,54,0,0,44,2,46,0,36,60,4,100,78,0,78,178
09/25/2014,UNV,PA,AEA,EN,Federal Contract Tower,0,33,23,3,59,0,1,15,0,16,0,34,38,3,75,28,10,38,113
09/26/2014,UNV,PA,AEA,EN,Federal Contract Tower,2,41,27,0,70,0,0,51,0,51,2,41,78,0,121,32,0,32,153
09/27/2014,UNV,PA,AEA,EN,Federal Contract Tower,2,41,48,0,91,0,3,66,0,69,2,44,114,0,160,28,0,28,188
09/28/2014,UNV,PA,AEA,EN,Federal Contract Tower,0,32,24,0,56,0,2,59,6,67,0,34,83,6,123,36,0,36,159
09/29/2014,UNV,PA,AEA,EN,Federal Contract Tower,0,32,9,1,42,0,3,20,0,23,0,35,29,1,65,0,2,2,67
09/30/2014,UNV,PA,AEA,EN,Federal Contract Tower,0,32,16,5,53,0,0,2,1,3,0,32,18,6,56,0,2,2,58
10/01/2014,UNV,PA,AEA,EN,Federal Contract Tower,0,35,24,0,59,0,2,20,0,22,0,37,44,0,81,2,4,6,87
10/02/2014,UNV,PA,AEA,EN,Federal Contract Tower,0,35,19,2,56,0,4,33,0,37,0,39,52,2,93,46,0,46,139
10/03/2014,UNV,PA,AEA,EN,Federal Contract Tower,0,33,22,0,55,0,0,1,0,1,0,33,23,0,56,0,0,0,56
10/04/2014,UNV,PA,AEA,EN,Federal Contract Tower,0,36,7,0,43,0,3,7,0,10,0,39,14,0,53,0,0,0,53
10/05/2014,UNV,PA,AEA,EN,Federal Contract Tower,0,22,13,0,35,0,4,45,0,49,0,26,58,0,84,46,0,46,130
10/06/2014,UNV,PA,AEA,EN,Federal Contract Tower,0,29,10,0,39,0,3,11,14,28,0,32,21,14,67,18,2,20,87
10/07/2014,UNV,PA,AEA,EN,Federal Contract Tower,0,34,7,2,43,0,2,6,0,8,0,36,13,2,51,2,0,2,53
10/08/2014,UNV,PA,AEA,EN,Federal Contract Tower,0,32,17,0,49,0,6,11,0,17,0,38,28,0,66,0,0,0,66
10/09/2014,UNV,PA,AEA,EN,Federal Contract Tower,0,34,22,0,56,0,3,12,0,15,0,37,34,0,71,0,0,0,71
10/10/2014,UNV,PA,AEA,EN,Federal Contract Tower,0,34,16,2,52,0,2,22,0,24,0,36,38,2,76,0,2,2,78
10/11/2014,UNV,PA,AEA,EN,Federal Contract Tower,0,25,12,0,37,0,1,39,0,40,0,26,51,0,77,24,0,24,101
10/12/2014,UNV,PA,AEA,EN,Federal Contract Tower,0,25,10,0,35,0,2,106,0,108,0,27,116,0,143,22,0,22,165
10/13/2014,UNV,PA,AEA,EN,Federal Contract Tower,0,27,17,0,44,0,0,0,0,0,0,27,17,0,44,0,0,0,44
10/14/2014,UNV,PA,AEA,EN,Federal Contract Tower,0,34,14,2,50,0,2,2,0,4,0,36,16,2,54,0,0,0,54
10/15/2014,UNV,PA,AEA,EN,Federal Contract Tower,0,38,12,0,50,0,0,1,0,1,0,38,13,0,51,0,0,0,51
10/16/2014,UNV,PA,AEA,EN,Federal Contract Tower,0,39,14,0,53,0,0,16,0,16,0,39,30,0,69,16,0,16,85
10/17/2014,UNV,PA,AEA,EN,Federal Contract Tower,0,35,18,0,53,0,1,29,0,30,0,36,47,0,83,6,2,8,91
10/18/2014,UNV,PA,AEA,EN,Federal Contract Tower,0,22,8,0,30,0,0,16,0,16,0,22,24,0,46,0,0,0,46
10/19/2014,UNV,PA,AEA,EN,Federal Contract Tower,0,22,19,0,41,0,2,29,0,31,0,24,48,0,72,12,0,12,84
10/20/2014,UNV,PA,AEA,EN,Federal Contract Tower,0,29,4,2,35,0,0,16,2,18,0,29,20,4,53,22,2,24,77
10/21/2014,UNV,PA,AEA,EN,Federal Contract Tower,0,37,15,0,52,0,7,2,0,9,0,44,17,0,61,4,0,4,65
10/22/2014,UNV,PA,AEA,EN,Federal Contract Tower,0,33,26,0,59,0,4,2,0,6,0,37,28,0,65,0,0,0,65
10/23/2014,UNV,PA,AEA,EN,Federal Contract Tower,0,41,26,0,67,0,2,15,0,17,0,43,41,0,84,0,2,2,86
10/24/2014,UNV,PA,AEA,EN,Federal Contract Tower,2,38,30,0,70,0,0,54,0,54,2,38,84,0,124,12,0,12,136
10/25/2014,UNV,PA,AEA,EN,Federal Contract Tower,1,36,42,0,79,0,13,70,0,83,1,49,112,0,162,48,0,48,210
10/26/2014,UNV,PA,AEA,EN,Federal Contract Tower,0,40,33,0,73,0,4,58,0,62,0,44,91,0,135,24,0,24,159
10/27/2014,UNV,PA,AEA,EN,Federal Contract Tower,0,28,21,0,49,0,4,45,0,49,0,32,66,0,98,38,0,38,136
10/28/2014,UNV,PA,AEA,EN,Federal Contract Tower,0,31,12,0,43,0,4,22,0,26,0,35,34,0,69,18,0,18,87
10/29/2014,UNV,PA,AEA,EN,Federal Contract Tower,0,34,15,0,49,0,4,25,0,29,0,38,40,0,78,30,0,30,108
10/30/2014,UNV,PA,AEA,EN,Federal Contract Tower,0,32,24,0,56,0,1,50,0,51,0,33,74,0,107,82,0,82,189
10/31/2014,UNV,PA,AEA,EN,Federal Contract Tower,0,38,21,0,59,0,2,34,0,36,0,40,55,0,95,30,0,30,125
11/01/2014,UNV,PA,AEA,EN,Federal Contract Tower,0,22,27,0,49,0,4,8,0,12,0,26,35,0,61,0,0,0,61
11/02/2014,UNV,PA,AEA,EN,Federal Contract Tower,0,24,13,0,37,0,1,36,0,37,0,25,49,0,74,0,0,0,74
11/03/2014,UNV,PA,AEA,EN,Federal Contract Tower,0,34,7,0,41,0,7,46,0,53,0,41,53,0,94,18,0,18,112
11/04/2014,UNV,PA,AEA,EN,Federal Contract Tower,0,34,11,1,46,0,0,14,0,14,0,34,25,1,60,26,2,28,88
11/05/2014,UNV,PA,AEA,EN,Federal Contract Tower,2,33,12,0,47,0,0,27,0,27,2,33,39,0,74,32,8,40,114
11/06/2014,UNV,PA,AEA,EN,Federal Contract Tower,0,34,17,0,51,0,1,0,0,1,0,35,17,0,52,0,0,0,52
11/07/2014,UNV,PA,AEA,EN,Federal Contract Tower,2,33,9,0,44,0,0,19,0,19,2,33,28,0,63,0,2,2,65
11/08/2014,UNV,PA,AEA,EN,Federal Contract Tower,2,23,13,0,38,0,0,47,0,47,2,23,60,0,85,54,0,54,139
11/09/2014,UNV,PA,AEA,EN,Federal Contract Tower,0,23,13,0,36,0,0,45,0,45,0,23,58,0,81,20,0,20,101
11/10/2014,UNV,PA,AEA,EN,Federal Contract Tower,0,27,9,0,36,0,0,19,0,19,0,27,28,0,55,40,0,40,95
11/11/2014,UNV,PA,AEA,EN,Federal Contract Tower,0,34,11,0,45,0,1,34,0,35,0,35,45,0,80,74,0,74,154
11/12/2014,UNV,PA,AEA,EN,Federal Contract Tower,0,34,8,0,42,0,1,5,0,6,0,35,13,0,48,18,0,18,66
11/13/2014,UNV,PA,AEA,EN,Federal Contract Tower,0,42,13,0,55,0,0,21,0,21,0,42,34,0,76,0,0,0,76
11/14/2014,UNV,PA,AEA,EN,Federal Contract Tower,0,36,11,0,47,0,0,25,0,25,0,36,36,0,72,6,0,6,78
11/15/2014,UNV,PA,AEA,EN,Federal Contract Tower,0,29,31,2,62,0,5,40,0,45,0,34,71,2,107,34,0,34,141
11/16/2014,UNV,PA,AEA,EN,Federal Contract Tower,0,25,8,1,34,0,2,58,0,60,0,27,66,1,94,78,0,78,172
11/17/2014,UNV,PA,AEA,EN,Federal Contract Tower,0,20,7,0,27,0,0,0,0,0,0,20,7,0,27,0,0,0,27
11/18/2014,UNV,PA,AEA,EN,Federal Contract Tower,0,44,6,0,50,0,0,2,0,2,0,44,8,0,52,0,0,0,52
11/19/2014,UNV,PA,AEA,EN,Federal Contract Tower,0,36,8,0,44,0,5,25,0,30,0,41,33,0,74,16,0,16,90
11/20/2014,UNV,PA,AEA,EN,Federal Contract Tower,0,38,7,0,45,0,2,15,0,17,0,40,22,0,62,14,0,14,76
11/21/2014,UNV,PA,AEA,EN,Federal Contract Tower,0,33,15,0,48,0,0,26,0,26,0,33,41,0,74,6,0,6,80
11/22/2014,UNV,PA,AEA,EN,Federal Contract Tower,2,24,11,0,37,0,3,32,0,35,2,27,43,0,72,34,0,34,106
11/23/2014,UNV,PA,AEA,EN,Federal Contract Tower,2,18,0,0,20,0,2,37,0,39,2,20,37,0,59,48,0,48,107
11/24/2014,UNV,PA,AEA,EN,Federal Contract Tower,0,26,6,0,32,0,2,5,0,7,0,28,11,0,39,2,0,2,41
11/25/2014,UNV,PA,AEA,EN,Federal Contract Tower,0,38,12,1,51,0,0,20,1,21,0,38,32,2,72,14,2,16,88
11/26/2014,UNV,PA,AEA,EN,Federal Contract Tower,0,28,6,0,34,0,0,1,0,1,0,28,7,0,35,0,0,0,35
11/27/2014,UNV,PA,AEA,EN,Federal Contract Tower,0,10,4,0,14,0,0,1,0,1,0,10,5,0,15,2,0,2,17
11/28/2014,UNV,PA,AEA,EN,Federal Contract Tower,1,16,10,0,27,0,0,23,0,23,1,16,33,0,50,6,0,6,56
11/29/2014,UNV,PA,AEA,EN,Federal Contract Tower,2,30,29,0,61,0,0,24,0,24,2,30,53,0,85,0,0,0,85
11/30/2014,UNV,PA,AEA,EN,Federal Contract Tower,1,26,26,0,53,0,2,15,0,17,1,28,41,0,70,0,0,0,70
12/01/2014,UNV,PA,AEA,EN,Federal Contract Tower,0,28,12,1,41,0,1,0,0,1,0,29,12,1,42,0,0,0,42
12/02/2014,UNV,PA,AEA,EN,Federal Contract Tower,0,23,9,0,32,0,0,1,0,1,0,23,10,0,33,0,0,0,33
12/03/2014,UNV,PA,AEA,EN,Federal Contract Tower,0,23,10,0,33,0,3,1,0,4,0,26,11,0,37,0,0,0,37
12/04/2014,UNV,PA,AEA,EN,Federal Contract Tower,0,32,10,0,42,0,2,25,3,30,0,34,35,3,72,28,0,28,100
12/05/2014,UNV,PA,AEA,EN,Federal Contract Tower,0,27,6,0,33,0,0,0,0,0,0,27,6,0,33,0,0,0,33
12/06/2014,UNV,PA,AEA,EN,Federal Contract Tower,0,21,13,0,34,0,0,0,0,0,0,21,13,0,34,0,0,0,34
12/07/2014,UNV,PA,AEA,EN,Federal Contract Tower,0,17,15,0,32,0,0,39,0,39,0,17,54,0,71,34,0,34,105
12/08/2014,UNV,PA,AEA,EN,Federal Contract Tower,0,26,10,1,37,0,0,5,0,5,0,26,15,1,42,20,4,24,66
12/09/2014,UNV,PA,AEA,EN,Federal Contract Tower,0,32,4,0,36,0,0,0,0,0,0,32,4,0,36,0,0,0,36
12/10/2014,UNV,PA,AEA,EN,Federal Contract Tower,0,34,4,0,38,0,0,2,2,4,0,34,6,2,42,0,0,0,42
12/11/2014,UNV,PA,AEA,EN,Federal Contract Tower,0,31,11,0,42,0,0,0,1,1,0,31,11,1,43,0,0,0,43
12/12/2014,UNV,PA,AEA,EN,Federal Contract Tower,0,31,14,0,45,0,0,1,0,1,0,31,15,0,46,0,0,0,46
12/13/2014,UNV,PA,AEA,EN,Federal Contract Tower,0,21,6,0,27,0,0,0,0,0,0,21,6,0,27,0,0,0,27
12/14/2014,UNV,PA,AEA,EN,Federal Contract Tower,0,19,13,0,32,0,0,20,0,20,0,19,33,0,52,52,0,52,104
12/15/2014,UNV,PA,AEA,EN,Federal Contract Tower,0,26,17,1,44,0,4,3,0,7,0,30,20,1,51,2,0,2,53
12/16/2014,UNV,PA,AEA,EN,Federal Contract Tower,2,28,7,2,39,0,0,0,0,0,2,28,7,2,39,0,0,0,39
12/17/2014,UNV,PA,AEA,EN,Federal Contract Tower,0,27,11,2,40,0,0,7,0,7,0,27,18,2,47,0,0,0,47
12/18/2014,UNV,PA,AEA,EN,Federal Contract Tower,0,33,22,4,59,0,2,9,0,11,0,35,31,4,70,62,0,62,132
12/19/2014,UNV,PA,AEA,EN,Federal Contract Tower,0,29,27,0,56,0,2,11,0,13,0,31,38,0,69,16,0,16,85
12/20/2014,UNV,PA,AEA,EN,Federal Contract Tower,0,24,2,0,26,0,1,16,0,17,0,25,18,0,43,44,0,44,87
12/21/2014,UNV,PA,AEA,EN,Federal Contract Tower,0,21,7,0,28,0,0,33,6,39,0,21,40,6,67,54,0,54,121
12/22/2014,UNV,PA,AEA,EN,Federal Contract Tower,0,23,23,0,46,0,5,12,0,17,0,28,35,0,63,10,0,10,73
12/23/2014,UNV,PA,AEA,EN,Federal Contract Tower,0,16,7,0,23,0,0,0,0,0,0,16,7,0,23,0,0,0,23
12/24/2014,UNV,PA,AEA,EN,Federal Contract Tower,0,29,5,0,34,0,0,0,0,0,0,29,5,0,34,0,0,0,34
12/25/2014,UNV,PA,AEA,EN,Federal Contract Tower,0,16,0,0,16,0,0,4,0,4,0,16,4,0,20,0,0,0,20
12/26/2014,UNV,PA,AEA,EN,Federal Contract Tower,0,33,13,0,46,0,0,38,0,38,0,33,51,0,84,60,0,60,144
12/27/2014,UNV,PA,AEA,EN,Federal Contract Tower,0,23,5,0,28,0,5,45,0,50,0,28,50,0,78,44,0,44,122
12/28/2014,UNV,PA,AEA,EN,Federal Contract Tower,0,25,11,0,36,0,0,9,0,9,0,25,20,0,45,6,0,6,51
12/29/2014,UNV,PA,AEA,EN,Federal Contract Tower,0,28,4,0,32,0,9,22,0,31,0,37,26,0,63,8,4,12,75
12/30/2014,UNV,PA,AEA,EN,Federal Contract Tower,0,30,9,0,39,0,6,18,0,24,0,36,27,0,63,12,0,12,75
12/31/2014,UNV,PA,AEA,EN,Federal Contract Tower,0,30,6,0,36,0,0,16,0,16,0,30,22,0,52,0,0,0,52
01/01/2015,UNV,PA,AEA,EN,Federal Contract Tower,0,20,1,0,21,0,0,9,0,9,0,20,10,0,30,0,0,0,30
01/02/2015,UNV,PA,AEA,EN,Federal Contract Tower,0,25,2,0,27,0,2,6,0,8,0,27,8,0,35,6,0,6,41
01/03/2015,UNV,PA,AEA,EN,Federal Contract Tower,2,20,0,0,22,0,0,0,0,0,2,20,0,0,22,0,0,0,22
01/04/2015,UNV,PA,AEA,EN,Federal Contract Tower,2,15,5,0,22,0,0,2,0,2,2,15,7,0,24,0,0,0,24
01/05/2015,UNV,PA,AEA,EN,Federal Contract Tower,1,26,7,0,34,0,0,0,0,0,1,26,7,0,34,0,0,0,34
01/06/2015,UNV,PA,AEA,EN,Federal Contract Tower,0,21,7,0,28,0,4,0,0,4,0,25,7,0,32,0,0,0,32
01/07/2015,UNV,PA,AEA,EN,Federal Contract Tower,0,30,2,2,34,0,0,6,0,6,0,30,8,2,40,0,0,0,40
01/08/2015,UNV,PA,AEA,EN,Federal Contract Tower,0,27,11,0,38,0,0,12,2,14,0,27,23,2,52,0,0,0,52
01/09/2015,UNV,PA,AEA,EN,Federal Contract Tower,0,30,5,0,35,0,2,7,0,9,0,32,12,0,44,12,0,12,56
01/10/2015,UNV,PA,AEA,EN,Federal Contract Tower,0,23,7,0,30,0,0,18,0,18,0,23,25,0,48,8,0,8,56
01/11/2015,UNV,PA,AEA,EN,Federal Contract Tower,0,20,11,0,31,0,0,45,0,45,0,20,56,0,76,78,0,78,154
01/12/2015,UNV,PA,AEA,EN,Federal Contract Tower,0,19,2,0,21,0,0,0,0,0,0,19,2,0,21,0,0,0,21
01/13/2015,UNV,PA,AEA,EN,Federal Contract Tower,0,31,14,2,47,0,7,45,0,52,0,38,59,2,99,42,0,42,141
01/14/2015,UNV,PA,AEA,EN,Federal Contract Tower,0,30,6,0,36,0,6,11,0,17,0,36,17,0,53,52,0,52,105
01/15/2015,UNV,PA,AEA,EN,Federal Contract Tower,2,33,19,0,54,0,3,23,0,26,2,36,42,0,80,26,0,26,106
01/16/2015,UNV,PA,AEA,EN,Federal Contract Tower,3,27,15,0,45,0,4,7,0,11,3,31,22,0,56,0,0,0,56
01/17/2015,UNV,PA,AEA,EN,Federal Contract Tower,2,25,6,0,33,0,1,50,0,51,2,26,56,0,84,56,0,56,140
01/18/2015,UNV,PA,AEA,EN,Federal Contract Tower,0,22,8,0,30,0,0,15,0,15,0,22,23,0,45,32,0,32,77
01/19/2015,UNV,PA,AEA,EN,Federal Contract Tower,0,24,6,0,30,0,2,1,0,3,0,26,7,0,33,4,0,4,37
01/20/2015,UNV,PA,AEA,EN,Federal Contract Tower,0,26,8,0,34,0,0,0,0,0,0,26,8,0,34,0,0,0,34
01/21/2015,UNV,PA,AEA,EN,Federal Contract Tower,0,30,2,0,32,0,0,0,0,0,0,30,2,0,32,0,0,0,32
01/22/2015,UNV,PA,AEA,EN,Federal Contract Tower,0,35,12,6,53,0,0,2,12,14,0,35,14,18,67,0,0,0,67
01/23/2015,UNV,PA,AEA,EN,Federal Contract Tower,0,29,9,0,38,0,18,7,0,25,0,47,16,0,63,18,6,24,87
01/24/2015,UNV,PA,AEA,EN,Federal Contract Tower,0,19,6,0,25,0,2,6,0,8,0,21,12,0,33,20,0,20,53
01/25/2015,UNV,PA,AEA,EN,Federal Contract Tower,0,23,6,0,29,0,0,4,0,4,0,23,10,0,33,28,0,28,61
01/26/2015,UNV,PA,AEA,EN,Federal Contract Tower,0,20,4,0,24,0,0,0,0,0,0,20,4,0,24,0,0,0,24
01/27/2015,UNV,PA,AEA,EN,Federal Contract Tower,2,28,3,0,33,0,0,4,0,4,2,28,7,0,37,22,0,22,59
01/28/2015,UNV,PA,AEA,EN,Federal Contract Tower,2,35,10,0,47,0,5,24,0,29,2,40,34,0,76,50,8,58,134
01/29/2015,UNV,PA,AEA,EN,Federal Contract Tower,0,31,11,0,42,0,10,10,0,20,0,41,21,0,62,0,0,0,62
01/30/2015,UNV,PA,AEA,EN,Federal Contract Tower,0,35,10,0,45,0,0,1,0,1,0,35,11,0,46,0,0,0,46
01/31/2015,UNV,PA,AEA,EN,Federal Contract Tower,0,25,7,0,32,0,25,21,0,46,0,50,28,0,78,14,0,14,92
02/01/2015,UNV,PA,AEA,EN,Federal Contract Tower,0,14,5,0,19,0,0,0,0,0,0,14,5,0,19,0,0,0,19
02/02/2015,UNV,PA,AEA,EN,Federal Contract Tower,0,18,3,0,21,0,2,0,0,2,0,20,3,0,23,0,0,0,23
02/03/2015,UNV,PA,AEA,EN,Federal Contract Tower,0,32,6,2,40,0,2,13,0,15,0,34,19,2,55,34,8,42,97
02/04/2015,UNV,PA,AEA,EN,Federal Contract Tower,0,36,6,0,42,0,9,9,2,20,0,45,15,2,62,12,0,12,74
02/05/2015,UNV,PA,AEA,EN,Federal Contract Tower,2,28,5,0,35,0,3,1,1,5,2,31,6,1,40,0,0,0,40
02/06/2015,UNV,PA,AEA,EN,Federal Contract Tower,0,29,19,0,48,0,3,5,0,8,0,32,24,0,56,0,0,0,56
02/07/2015,UNV,PA,AEA,EN,Federal Contract Tower,0,27,3,0,30,0,2,14,0,16,0,29,17,0,46,20,0,20,66
02/08/2015,UNV,PA,AEA,EN,Federal Contract Tower,0,23,9,0,32,0,5,9,0,14,0,28,18,0,46,12,0,12,58
02/09/2015,UNV,PA,AEA,EN,Federal Contract Tower,1,19,7,0,27,0,0,0,0,0,1,19,7,0,27,0,0,0,27
02/10/2015,UNV,PA,AEA,EN,Federal Contract Tower,0,36,9,0,45,0,1,4,0,5,0,37,13,0,50,28,0,28,78
02/11/2015,UNV,PA,AEA,EN,Federal Contract Tower,0,31,6,2,39,0,4,4,1,9,0,35,10,3,48,0,0,0,48
02/12/2015,UNV,PA,AEA,EN,Federal Contract Tower,0,31,3,0,34,0,3,0,0,3,0,34,3,0,37,0,0,0,37
02/13/2015,UNV,PA,AEA,EN,Federal Contract Tower,0,36,10,0,46,0,3,16,0,19,0,39,26,0,65,2,0,2,67
02/14/2015,UNV,PA,AEA,EN,Federal Contract Tower,0,17,4,0,21,0,0,0,0,0,0,17,4,0,21,0,0,0,21
02/15/2015,UNV,PA,AEA,EN,Federal Contract Tower,0,22,2,0,24,0,0,5,0,5,0,22,7,0,29,0,0,0,29
02/16/2015,UNV,PA,AEA,EN,Federal Contract Tower,0,30,3,0,33,0,0,8,0,8,0,30,11,0,41,2,0,2,43
02/17/2015,UNV,PA,AEA,EN,Federal Contract Tower,0,34,6,0,40,0,4,8,0,12,0,38,14,0,52,2,0,2,54
02/18/2015,UNV,PA,AEA,EN,Federal Contract Tower,0,25,9,0,34,0,0,4,0,4,0,25,13,0,38,0,0,0,38
02/19/2015,UNV,PA,AEA,EN,Federal Contract Tower,1,38,7,0,46,0,0,3,0,3,1,38,10,0,49,0,0,0,49
02/20/2015,UNV,PA,AEA,EN,Federal Contract Tower,0,30,19,0,49,0,4,24,4,32,0,34,43,4,81,28,0,28,109
02/21/2015,UNV,PA,AEA,EN,Federal Contract Tower,1,17,4,0,22,0,0,0,0,0,1,17,4,0,22,0,0,0,22
02/22/2015,UNV,PA,AEA,EN,Federal Contract Tower,0,20,13,0,33,0,0,2,0,2,0,20,15,0,35,46,0,46,81
02/23/2015,UNV,PA,AEA,EN,Federal Contract Tower,0,27,10,3,40,0,7,6,0,13,0,34,16,3,53,0,0,0,53
02/24/2015,UNV,PA,AEA,EN,Federal Contract Tower,0,29,9,2,40,0,7,9,0,16,0,36,18,2,56,2,4,6,62
02/25/2015,UNV,PA,AEA,EN,Federal Contract Tower,0,31,8,0,39,0,0,5,0,5,0,31,13,0,44,6,2,8,52
02/26/2015,UNV,PA,AEA,EN,Federal Contract Tower,0,35,5,0,40,0,0,3,0,3,0,35,8,0,43,0,0,0,43
02/27/2015,UNV,PA,AEA,EN,Federal Contract Tower,2,32,19,2,55,0,4,13,0,17,2,36,32,2,72,18,0,18,90
02/28/2015,UNV,PA,AEA,EN,Federal Contract Tower,2,24,14,0,40,0,2,56,0,58,2,26,70,0,98,66,0,66,164
03/01/2015,UNV,PA,AEA,EN,Federal Contract Tower,0,16,4,0,20,0,0,0,0,0,0,16,4,0,20,0,0,0,20
03/02/2015,UNV,PA,AEA,EN,Federal Contract Tower,0,27,8,0,35,0,2,4,0,6,0,29,12,0,41,0,0,0,41
03/03/2015,UNV,PA,AEA,EN,Federal Contract Tower,0,20,6,0,26,0,0,1,0,1,0,20,7,0,27,0,0,0,27
03/04/2015,UNV,PA,AEA,EN,Federal Contract Tower,0,32,5,0,37,0,0,0,0,0,0,32,5,0,37,0,0,0,37
03/05/2015,UNV,PA,AEA,EN,Federal Contract Tower,1,20,1,0,22,0,8,1,0,9,1,28,2,0,31,4,0,4,35
03/06/2015,UNV,PA,AEA,EN,Federal Contract Tower,2,29,17,2,50,0,1,24,1,26,2,30,41,3,76,20,0,20,96
03/07/2015,UNV,PA,AEA,EN,Federal Contract Tower,1,30,5,0,36,0,1,12,0,13,1,31,17,0,49,24,2,26,75
03/08/2015,UNV,PA,AEA,EN,Federal Contract Tower,0,19,4,0,23,0,4,16,0,20,0,23,20,0,43,18,2,20,63
03/09/2015,UNV,PA,AEA,EN,Federal Contract Tower,0,23,10,0,33,0,0,33,0,33,0,23,43,0,66,18,0,18,84
03/10/2015,UNV,PA,AEA,EN,Federal Contract Tower,0,26,5,0,31,0,0,10,0,10,0,26,15,0,41,8,0,8,49
03/11/2015,UNV,PA,AEA,EN,Federal Contract Tower,0,26,7,1,34,0,1,19,0,20,0,27,26,1,54,64,2,66,120
03/12/2015,UNV,PA,AEA,EN,Federal Contract Tower,0,32,4,0,36,0,1,25,0,26,0,33,29,0,62,12,0,12,74
03/13/2015,UNV,PA,AEA,EN,Federal Contract Tower,0,26,2,0,28,0,6,8,0,14,0,32,10,0,42,16,4,20,62
03/14/2015,UNV,PA,AEA,EN,Federal Contract Tower,0,25,7,0,32,0,0,0,0,0,0,25,7,0,32,0,0,0,32
03/15/2015,UNV,PA,AEA,EN,Federal Contract Tower,0,20,9,0,29,0,1,5,0,6,0,21,14,0,35,0,0,0,35
03/16/2015,UNV,PA,AEA,EN,Federal Contract Tower,0,26,10,0,36,0,2,19,0,21,0,28,29,0,57,22,0,22,79
03/17/2015,UNV,PA,AEA,EN,Federal Contract Tower,0,30,16,0,46,0,0,14,0,14,0,30,30,0,60,4,0,4,64
03/18/2015,UNV,PA,AEA,EN,Federal Contract Tower,0,26,13,0,39,0,0,11,1,12,0,26,24,1,51,0,0,0,51
03/19/2015,UNV,PA,AEA,EN,Federal Contract Tower,0,27,14,0,41,0,4,45,0,49,0,31,59,0,90,84,0,84,174
03/20/2015,UNV,PA,AEA,EN,Federal Contract Tower,0,22,9,0,31,0,0,0,0,0,0,22,9,0,31,0,0,0,31
03/21/2015,UNV,PA,AEA,EN,Federal Contract Tower,0,36,2,0,38,0,6,5,0,11,0,42,7,0,49,32,0,32,81
03/22/2015,UNV,PA,AEA,EN,Federal Contract Tower,0,18,18,0,36,0,2,24,1,27,0,20,42,1,63,6,0,6,69
03/23/2015,UNV,PA,AEA,EN,Federal Contract Tower,0,23,14,0,37,0,3,14,0,17,0,26,28,0,54,14,16,30,84
03/24/2015,UNV,PA,AEA,EN,Federal Contract Tower,0,33,9,0,42,0,0,30,0,30,0,33,39,0,72,30,2,32,104
03/25/2015,UNV,PA,AEA,EN,Federal Contract Tower,0,28,13,2,43,0,3,0,0,3,0,31,13,2,46,0,2,2,48
03/26/2015,UNV,PA,AEA,EN,Federal Contract Tower,2,21,11,0,34,0,4,0,0,4,2,25,11,0,38,0,0,0,38
03/27/2015,UNV,PA,AEA,EN,Federal Contract Tower,0,28,17,0,45,0,11,21,1,33,0,39,38,1,78,48,0,48,126
03/28/2015,UNV,PA,AEA,EN,Federal Contract Tower,0,24,8,0,32,0,5,6,0,11,0,29,14,0,43,12,0,12,55
03/29/2015,UNV,PA,AEA,EN,Federal Contract Tower,0,24,15,0,39,0,4,55,2,61,0,28,70,2,100,118,0,118,218
03/30/2015,UNV,PA,AEA,EN,Federal Contract Tower,0,22,2,0,24,0,6,2,0,8,0,28,4,0,32,2,0,2,34
03/31/2015,UNV,PA,AEA,EN,Federal Contract Tower,2,24,7,0,33,0,0,0,0,0,2,24,7,0,33,0,0,0,33
04/01/2015,UNV,PA,AEA,EN,Federal Contract Tower,1,34,14,2,51,0,2,36,0,38,1,36,50,2,89,16,8,24,113
04/02/2015,UNV,PA,AEA,EN,Federal Contract Tower,4,23,14,0,41,0,3,21,0,24,4,26,35,0,65,24,0,24,89
04/03/2015,UNV,PA,AEA,EN,Federal Contract Tower,0,20,17,0,37,0,0,2,0,2,0,20,19,0,39,22,0,22,61
04/04/2015,UNV,PA,AEA,EN,Federal Contract Tower,0,21,6,0,27,0,0,7,0,7,0,21,13,0,34,16,0,16,50
04/05/2015,UNV,PA,AEA,EN,Federal Contract Tower,0,19,8,0,27,0,0,27,0,27,0,19,35,0,54,2,0,2,56
04/06/2015,UNV,PA,AEA,EN,Federal Contract Tower,0,26,11,0,37,0,4,32,3,39,0,30,43,3,76,46,4,50,126
04/07/2015,UNV,PA,AEA,EN,Federal Contract Tower,0,26,8,0,34,0,0,3,0,3,0,26,11,0,37,0,0,0,37
04/08/2015,UNV,PA,AEA,EN,Federal Contract Tower,1,24,16,0,41,0,4,0,0,4,1,28,16,0,45,0,0,0,45
04/09/2015,UNV,PA,AEA,EN,Federal Contract Tower,0,25,9,0,34,0,0,2,0,2,0,25,11,0,36,0,0,0,36
04/10/2015,UNV,PA,AEA,EN,Federal Contract Tower,0,29,10,0,39,0,0,1,5,6,0,29,11,5,45,0,0,0,45
04/11/2015,UNV,PA,AEA,EN,Federal Contract Tower,0,23,8,0,31,0,0,0,0,0,0,23,8,0,31,49,0,49,80
04/12/2015,UNV,PA,AEA,EN,Federal Contract Tower,0,21,8,0,29,0,0,74,0,74,0,21,82,0,103,118,4,122,225
04/13/2015,UNV,PA,AEA,EN,Federal Contract Tower,0,20,3,0,23,0,11,17,0,28,0,31,20,0,51,58,0,58,109
04/14/2015,UNV,PA,AEA,EN,Federal Contract Tower,0,31,13,0,44,0,7,23,0,30,0,38,36,0,74,78,0,78,152
04/15/2015,UNV,PA,AEA,EN,Federal Contract Tower,0,26,6,0,32,0,0,2,0,2,0,26,8,0,34,64,0,64,98
04/16/2015,UNV,PA,AEA,EN,Federal Contract Tower,0,28,18,0,46,0,9,20,0,29,0,37,38,0,75,20,8,28,103
04/17/2015,UNV,PA,AEA,EN,Federal Contract Tower,0,32,19,0,51,0,0,0,0,0,0,32,19,0,51,26,2,28,79
04/18/2015,UNV,PA,AEA,EN,Federal Contract Tower,0,26,8,1,35,0,9,41,0,50,0,35,49,1,85,70,3,73,158
04/19/2015,UNV,PA,AEA,EN,Federal Contract Tower,0,24,9,0,33,0,0,41,0,41,0,24,50,0,74,140,2,142,216
04/20/2015,UNV,PA,AEA,EN,Federal Contract Tower,0,22,8,0,30,0,2,1,0,3,0,24,9,0,33,0,0,0,33
04/21/2015,UNV,PA,AEA,EN,Federal Contract Tower,0,30,13,3,46,0,14,20,4,38,0,44,33,7,84,0,4,4,88
04/22/2015,UNV,PA,AEA,EN,Federal Contract Tower,0,31,14,0,45,0,0,3,0,3,0,31,17,0,48,2,0,2,50
04/23/2015,UNV,PA,AEA,EN,Federal Contract Tower,0,31,15,0,46,0,1,0,0,1,0,32,15,0,47,0,0,0,47
04/24/2015,UNV,PA,AEA,EN,Federal Contract Tower,0,32,10,0,42,0,1,47,0,48,0,33,57,0,90,6,0,6,96
04/25/2015,UNV,PA,AEA,EN,Federal Contract Tower,0,24,7,0,31,0,0,0,0,0,0,24,7,0,31,154,0,154,185
04/26/2015,UNV,PA,AEA,EN,Federal Contract Tower,0,28,7,0,35,0,2,80,0,82,0,30,87,0,117,52,0,52,169
04/27/2015,UNV,PA,AEA,EN,Federal Contract Tower,0,24,14,0,38,0,5,17,0,22,0,29,31,0,60,40,2,42,102
04/28/2015,UNV,PA,AEA,EN,Federal Contract Tower,0,27,15,0,42,0,5,49,0,54,0,32,64,0,96,42,2,44,140
04/29/2015,UNV,PA,AEA,EN,Federal Contract Tower,0,28,24,0,52,0,5,56,1,62,0,33,80,1,114,24,2,26,140
04/30/2015,UNV,PA,AEA,EN,Federal Contract Tower,0,29,11,1,41,0,4,37,0,41,0,33,48,1,82,88,2,90,172
05/01/2015,UNV,PA,AEA,EN,Federal Contract Tower,0,28,20,0,48,0,4,27,3,34,0,32,47,3,82,8,0,8,90
05/02/2015,UNV,PA,AEA,EN,Federal Contract Tower,0,19,10,0,29,0,2,65,17,84,0,21,75,17,113,104,0,104,217
05/03/2015,UNV,PA,AEA,EN,Federal Contract Tower,0,22,11,0,33,0,4,78,1,83,0,26,89,1,116,72,0,72,188
05/04/2015,UNV,PA,AEA,EN,Federal Contract Tower,0,25,12,0,37,0,1,26,0,27,0,26,38,0,64,50,0,50,114
05/05/2015,UNV,PA,AEA,EN,Federal Contract Tower,0,27,16,0,43,0,6,17,0,23,0,33,33,0,66,16,8,24,90
05/06/2015,UNV,PA,AEA,EN,Federal Contract Tower,0,28,9,0,37,0,1,4,0,5,0,29,13,0,42,34,0,34,76
05/07/2015,UNV,PA,AEA,EN,Federal Contract Tower,0,33,9,1,43,0,1,47,1,49,0,34,56,2,92,74,0,74,166
05/08/2015,UNV,PA,AEA,EN,Federal Contract Tower,0,40,20,2,62,0,7,32,0,39,0,47,52,2,101,28,0,28,129
05/09/2015,UNV,PA,AEA,EN,Federal Contract Tower,0,28,12,0,40,0,3,68,0,71,0,31,80,0,111,94,0,94,205
05/10/2015,UNV,PA,AEA,EN,Federal Contract Tower,0,28,19,0,47,0,3,41,0,44,0,31,60,0,91,16,0,16,107
05/11/2015,UNV,PA,AEA,EN,Federal Contract Tower,0,31,17,0,48,0,5,37,0,42,0,36,54,0,90,58,0,58,148
05/12/2015,UNV,PA,AEA,EN,Federal Contract Tower,0,26,22,2,50,0,3,13,2,18,0,29,35,4,68,0,0,0,68
05/14/2015,UNV,PA,AEA,EN,Federal Contract Tower,0,28,12,2,42,0,6,49,0,55,0,34,61,2,97,32,6,38,135
05/15/2015,UNV,PA,AEA,EN,Federal Contract Tower,0,30,20,0,50,0,7,38,0,45,0,37,58,0,95,54,0,54,149
05/16/2015,UNV,PA,AEA,EN,Federal Contract Tower,0,22,3,1,26,0,4,13,2,19,0,26,16,3,45,36,0,36,81
05/17/2015,UNV,PA,AEA,EN,Federal Contract Tower,0,23,14,2,39,0,4,4,2,10,0,27,18,4,49,4,0,4,53
05/18/2015,UNV,PA,AEA,EN,Federal Contract Tower,0,20,19,0,39,0,4,6,0,10,0,24,25,0,49,0,0,0,49
05/19/2015,UNV,PA,AEA,EN,Federal Contract Tower,0,26,16,0,42,0,0,14,0,14,0,26,30,0,56,10,4,14,70
05/20/2015,UNV,PA,AEA,EN,Federal Contract Tower,0,33,10,0,43,0,0,38,0,38,0,33,48,0,81,38,0,38,119
05/21/2015,UNV,PA,AEA,EN,Federal Contract Tower,0,30,15,2,47,0,0,9,0,9,0,30,24,2,56,18,0,18,74
05/22/2015,UNV,PA,AEA,EN,Federal Contract Tower,0,30,7,0,37,0,1,38,0,39,0,31,45,0,76,16,0,16,92
05/23/2015,UNV,PA,AEA,EN,Federal Contract Tower,0,25,4,0,29,0,3,80,0,83,0,28,84,0,112,94,0,94,206
05/24/2015,UNV,PA,AEA,EN,Federal Contract Tower,0,18,7,0,25,0,4,64,0,68,0,22,71,0,93,29,0,29,122
05/25/2015,UNV,PA,AEA,EN,Federal Contract Tower,0,21,4,0,25,0,2,43,0,45,0,23,47,0,70,30,0,30,100
05/27/2015,UNV,PA,AEA,EN,Federal Contract Tower,0,25,14,0,39,0,12,6,0,18,0,37,20,0,57,10,2,12,69
05/28/2015,UNV,PA,AEA,EN,Federal Contract Tower,0,26,17,2,45,0,4,47,0,51,0,30,64,2,96,54,0,54,150
05/29/2015,UNV,PA,AEA,EN,Federal Contract Tower,0,27,12,2,41,0,4,50,1,55,0,31,62,3,96,46,0,46,142
05/30/2015,UNV,PA,AEA,EN,Federal Contract Tower,0,20,2,0,22,0,5,29,0,34,0,25,31,0,56,40,0,40,96
05/31/2015,UNV,PA,AEA,EN,Federal Contract Tower,0,15,8,0,23,0,1,6,0,7,0,16,14,0,30,22,0,22,52
06/01/2015,UNV,PA,AEA,EN,Federal Contract Tower,0,24,14,2,40,0,0,2,0,2,0,24,16,2,42,60,12,72,114
06/02/2015,UNV,PA,AEA,EN,Federal Contract Tower,0,26,15,4,45,0,0,7,0,7,0,26,22,4,52,38,0,38,90
06/03/2015,UNV,PA,AEA,EN,Federal Contract Tower,0,27,18,2,47,0,3,18,0,21,0,30,36,2,68,46,0,46,114
06/04/2015,UNV,PA,AEA,EN,Federal Contract Tower,0,36,21,0,57,0,2,12,0,14,0,38,33,0,71,22,0,22,93
06/05/2015,UNV,PA,AEA,EN,Federal Contract Tower,0,28,19,0,47,0,9,20,0,29,0,37,39,0,76,36,0,36,112
06/06/2015,UNV,PA,AEA,EN,Federal Contract Tower,0,22,5,0,27,0,3,33,0,36,0,25,38,0,63,42,0,42,105
06/07/2015,UNV,PA,AEA,EN,Federal Contract Tower,0,21,20,0,41,0,2,61,0,63,0,23,81,0,104,76,0,76,180
06/08/2015,UNV,PA,AEA,EN,Federal Contract Tower,0,21,4,2,27,0,2,8,0,10,0,23,12,2,37,12,0,12,49
06/09/2015,UNV,PA,AEA,EN,Federal Contract Tower,0,32,15,5,52,0,3,29,1,33,0,35,44,6,85,14,0,14,99
06/10/2015,UNV,PA,AEA,EN,Federal Contract Tower,0,25,12,1,38,0,1,61,0,62,0,26,73,1,100,112,0,112,212
06/11/2015,UNV,PA,AEA,EN,Federal Contract Tower,0,27,12,0,39,0,4,47,0,51,0,31,59,0,90,42,0,42,132
06/12/2015,UNV,PA,AEA,EN,Federal Contract Tower,0,28,15,0,43,0,5,24,0,29,0,33,39,0,72,38,0,38,110
06/13/2015,UNV,PA,AEA,EN,Federal Contract Tower,0,22,6,0,28,0,3,0,0,3,0,25,6,0,31,10,0,10,41
06/14/2015,UNV,PA,AEA,EN,Federal Contract Tower,0,23,4,0,27,0,2,4,0,6,0,25,8,0,33,10,0,10,43
06/15/2015,UNV,PA,AEA,EN,Federal Contract Tower,0,21,13,0,34,0,1,20,0,21,0,22,33,0,55,30,0,30,85
06/16/2015,UNV,PA,AEA,EN,Federal Contract Tower,0,25,11,4,40,0,1,10,0,11,0,26,21,4,51,10,12,22,73
06/17/2015,UNV,PA,AEA,EN,Federal Contract Tower,0,26,10,0,36,0,3,47,0,50,0,29,57,0,86,34,0,34,120
06/18/2015,UNV,PA,AEA,EN,Federal Contract Tower,0,29,13,0,42,0,1,7,0,8,0,30,20,0,50,0,0,0,50
06/19/2015,UNV,PA,AEA,EN,Federal Contract Tower,0,29,12,0,41,0,10,33,0,43,0,39,45,0,84,52,0,52,136
06/20/2015,UNV,PA,AEA,EN,Federal Contract Tower,0,23,10,0,33,0,2,19,0,21,0,25,29,0,54,114,0,114,168
06/21/2015,UNV,PA,AEA,EN,Federal Contract Tower,0,17,8,0,25,0,1,15,0,16,0,18,23,0,41,12,0,12,53
06/22/2015,UNV,PA,AEA,EN,Federal Contract Tower,0,26,8,0,34,0,2,26,0,28,0,28,34,0,62,16,0,16,78
06/23/2015,UNV,PA,AEA,EN,Federal Contract Tower,0,23,6,0,29,0,3,2,0,5,0,26,8,0,34,0,0,0,34
06/24/2015,UNV,PA,AEA,EN,Federal Contract Tower,0,28,19,0,47,0,15,59,0,74,0,43,78,0,121,90,8,98,219
06/25/2015,UNV,PA,AEA,EN,Federal Contract Tower,0,30,12,0,42,0,1,9,0,10,0,31,21,0,52,32,0,32,84
06/26/2015,UNV,PA,AEA,EN,Federal Contract Tower,0,32,13,2,47,0,3,30,0,33,0,35,43,2,80,62,0,62,142
06/27/2015,UNV,PA,AEA,EN,Federal Contract Tower,0,20,4,0,24,0,0,0,0,0,0,20,4,0,24,0,0,0,24
06/28/2015,UNV,PA,AEA,EN,Federal Contract Tower,0,25,9,0,34,0,0,1,0,1,0,25,10,0,35,0,0,0,35
06/29/2015,UNV,PA,AEA,EN,Federal Contract Tower,0,24,16,2,42,0,2,32,11,45,0,26,48,13,87,58,0,58,145
06/30/2015,UNV,PA,AEA,EN,Federal Contract Tower,0,23,4,0,27,0,2,4,0,6,0,25,8,0,33,4,0,4,37
07/02/2015,UNV,PA,AEA,EN,Federal Contract Tower,0,28,13,1,42,0,5,26,5,36,0,33,39,6,78,34,0,34,112
07/03/2015,UNV,PA,AEA,EN,Federal Contract Tower,0,28,11,0,39,0,8,43,0,51,0,36,54,0,90,32,0,32,122
07/04/2015,UNV,PA,AEA,EN,Federal Contract Tower,0,18,7,0,25,0,0,0,0,0,0,18,7,0,25,0,0,0,25
07/05/2015,UNV,PA,AEA,EN,Federal Contract Tower,0,23,13,0,36,0,2,32,0,34,0,25,45,0,70,64,0,64,134
07/06/2015,UNV,PA,AEA,EN,Federal Contract Tower,0,24,15,2,41,0,0,0,0,0,0,24,15,2,41,0,0,0,41
07/07/2015,UNV,PA,AEA,EN,Federal Contract Tower,0,27,9,2,38,0,4,11,3,18,0,31,20,5,56,54,0,54,110
07/08/2015,UNV,PA,AEA,EN,Federal Contract Tower,0,33,16,0,49,0,0,3,0,3,0,33,19,0,52,8,0,8,60
07/09/2015,UNV,PA,AEA,EN,Federal Contract Tower,0,28,14,0,42,0,3,7,0,10,0,31,21,0,52,62,0,62,114
07/10/2015,UNV,PA,AEA,EN,Federal Contract Tower,0,28,8,0,36,0,4,42,0,46,0,32,50,0,82,122,0,122,204
07/11/2015,UNV,PA,AEA,EN,Federal Contract Tower,0,24,10,0,34,0,2,54,0,56,0,26,64,0,90,60,2,62,152
07/12/2015,UNV,PA,AEA,EN,Federal Contract Tower,0,19,11,0,30,0,1,44,0,45,0,20,55,0,75,106,0,106,181
07/13/2015,UNV,PA,AEA,EN,Federal Contract Tower,0,27,11,0,38,0,0,20,0,20,0,27,31,0,58,56,2,58,116
07/14/2015,UNV,PA,AEA,EN,Federal Contract Tower,0,24,11,0,35,0,1,6,0,7,0,25,17,0,42,12,0,12,54
07/15/2015,UNV,PA,AEA,EN,Federal Contract Tower,0,26,20,2,48,0,2,24,0,26,0,28,44,2,74,20,8,28,102
07/16/2015,UNV,PA,AEA,EN,Federal Contract Tower,0,30,9,0,39,0,1,51,0,52,0,31,60,0,91,22,2,24,115
07/17/2015,UNV,PA,AEA,EN,Federal Contract Tower,0,29,20,0,49,0,2,61,0,63,0,31,81,0,112,64,0,64,176
07/18/2015,UNV,PA,AEA,EN,Federal Contract Tower,0,19,9,0,28,0,2,24,0,26,0,21,33,0,54,62,0,62,116
07/19/2015,UNV,PA,AEA,EN,Federal Contract Tower,0,22,18,0,40,0,2,15,0,17,0,24,33,0,57,32,0,32,89
07/20/2015,UNV,PA,AEA,EN,Federal Contract Tower,0,26,9,0,35,0,4,16,0,20,0,30,25,0,55,32,2,34,89
07/21/2015,UNV,PA,AEA,EN,Federal Contract Tower,0,30,13,2,45,0,6,14,1,21,0,36,27,3,66,30,0,30,96
07/22/2015,UNV,PA,AEA,EN,Federal Contract Tower,0,27,13,0,40,0,1,53,0,54,0,28,66,0,94,72,0,72,166
07/23/2015,UNV,PA,AEA,EN,Federal Contract Tower,0,31,17,4,52,0,4,41,0,45,0,35,58,4,97,110,8,118,215
07/24/2015,UNV,PA,AEA,EN,Federal Contract Tower,0,28,17,0,45,0,5,58,0,63,0,33,75,0,108,100,0,100,208
07/25/2015,UNV,PA,AEA,EN,Federal Contract Tower,0,22,12,0,34,0,4,69,3,76,0,26,81,3,110,76,0,76,186
07/26/2015,UNV,PA,AEA,EN,Federal Contract Tower,0,17,16,0,33,0,4,28,0,32,0,21,44,0,65,38,0,38,103
07/27/2015,UNV,PA,AEA,EN,Federal Contract Tower,0,25,12,0,37,0,0,15,0,15,0,25,27,0,52,48,0,48,100
07/28/2015,UNV,PA,AEA,EN,Federal Contract Tower,0,25,7,2,34,0,5,22,1,28,0,30,29,3,62,54,0,54,116
07/29/2015,UNV,PA,AEA,EN,Federal Contract Tower,0,32,9,0,41,0,3,26,1,30,0,35,35,1,71,72,0,72,143
07/30/2015,UNV,PA,AEA,EN,Federal Contract Tower,0,29,15,0,44,0,1,24,0,25,0,30,39,0,69,22,0,22,91
07/31/2015,UNV,PA,AEA,EN,Federal Contract Tower,0,27,20,2,49,0,4,57,0,61,0,31,77,2,110,106,0,106,216
08/01/2015,UNV,PA,AEA,EN,Federal Contract Tower,0,20,11,0,31,0,7,39,0,46,0,27,50,0,77,42,0,42,119
08/02/2015,UNV,PA,AEA,EN,Federal Contract Tower,0,20,19,0,39,0,0,28,2,30,0,20,47,2,69,76,0,76,145
08/03/2015,UNV,PA,AEA,EN,Federal Contract Tower,0,29,6,0,35,0,1,8,0,9,0,30,14,0,44,38,0,38,82
08/05/2015,UNV,PA,AEA,EN,Federal Contract Tower,0,32,2,6,40,0,15,22,1,38,0,47,24,7,78,34,0,34,112
08/06/2015,UNV,PA,AEA,EN,Federal Contract Tower,0,32,16,0,48,0,0,26,1,27,0,32,42,1,75,40,0,40,115
08/07/2015,UNV,PA,AEA,EN,Federal Contract Tower,0,31,8,0,39,0,3,31,0,34,0,34,39,0,73,38,30,68,141
08/08/2015,UNV,PA,AEA,EN,Federal Contract Tower,0,23,14,0,37,0,7,58,0,65,0,30,72,0,102,24,0,24,126
08/09/2015,UNV,PA,AEA,EN,Federal Contract Tower,0,22,9,0,31,0,0,21,0,21,0,22,30,0,52,20,0,20,72
08/10/2015,UNV,PA,AEA,EN,Federal Contract Tower,0,23,11,0,34,0,2,7,0,9,0,25,18,0,43,0,0,0,43
08/11/2015,UNV,PA,AEA,EN,Federal Contract Tower,0,26,11,0,37,0,11,27,0,38,0,37,38,0,75,8,0,8,83
08/12/2015,UNV,PA,AEA,EN,Federal Contract Tower,0,35,8,2,45,0,4,16,0,20,0,39,24,2,65,30,0,30,95
08/13/2015,UNV,PA,AEA,EN,Federal Contract Tower,0,31,19,0,50,0,0,42,0,42,0,31,61,0,92,28,0,28,120
08/14/2015,UNV,PA,AEA,EN,Federal Contract Tower,0,33,6,0,39,0,1,51,2,54,0,34,57,2,93,36,0,36,129
08/15/2015,UNV,PA,AEA,EN,Federal Contract Tower,0,23,7,0,30,0,5,48,1,54,0,28,55,1,84,42,4,46,130
08/16/2015,UNV,PA,AEA,EN,Federal Contract Tower,0,21,13,0,34,0,4,60,2,66,0,25,73,2,100,36,6,42,142
08/17/2015,UNV,PA,AEA,EN,Federal Contract Tower,0,23,11,0,34,0,4,16,0,20,0,27,27,0,54,2,0,2,56
08/18/2015,UNV,PA,AEA,EN,Federal Contract Tower,0,29,9,2,40,0,0,23,0,23,0,29,32,2,63,28,0,28,91
08/19/2015,UNV,PA,AEA,EN,Federal Contract Tower,0,27,22,5,54,0,6,7,0,13,0,33,29,5,67,2,0,2,69
08/20/2015,UNV,PA,AEA,EN,Federal Contract Tower,0,26,22,2,50,0,2,5,0,7,0,28,27,2,57,18,0,18,75
08/21/2015,UNV,PA,AEA,EN,Federal Contract Tower,0,32,22,0,54,0,2,53,0,55,0,34,75,0,109,16,2,18,127
08/22/2015,UNV,PA,AEA,EN,Federal Contract Tower,0,23,16,0,39,0,1,61,1,63,0,24,77,1,102,50,0,50,152
08/23/2015,UNV,PA,AEA,EN,Federal Contract Tower,0,30,15,0,45,0,5,42,0,47,0,35,57,0,92,26,10,36,128
08/24/2015,UNV,PA,AEA,EN,Federal Contract Tower,0,27,4,0,31,0,6,19,0,25,0,33,23,0,56,46,0,46,102
08/25/2015,UNV,PA,AEA,EN,Federal Contract Tower,0,25,17,0,42,0,3,39,0,42,0,28,56,0,84,36,0,36,120
08/26/2015,UNV,PA,AEA,EN,Federal Contract Tower,0,29,15,6,50,0,1,32,0,33,0,30,47,6,83,28,4,32,115
08/27/2015,UNV,PA,AEA,EN,Federal Contract Tower,0,29,16,0,45,0,4,28,2,34,0,33,44,2,79,52,6,58,137
08/28/2015,UNV,PA,AEA,EN,Federal Contract Tower,0,30,19,0,49,0,5,56,1,62,0,35,75,1,111,42,0,42,153
08/29/2015,UNV,PA,AEA,EN,Federal Contract Tower,0,22,12,0,34,0,4,60,0,64,0,26,72,0,98,30,0,30,128
08/30/2015,UNV,PA,AEA,EN,Federal Contract Tower,0,20,10,0,30,0,38,0,0,38,0,58,10,0,68,46,0,46,114
08/31/2015,UNV,PA,AEA,EN,Federal Contract Tower,0,25,10,1,36,0,3,22,1,26,0,28,32,2,62,4,4,8,70
09/01/2015,UNV,PA,AEA,EN,Federal Contract Tower,0,29,15,0,44,0,12,43,0,55,0,41,58,0,99,74,10,84,183
09/02/2015,UNV,PA,AEA,EN,Federal Contract Tower,0,30,3,2,35,0,4,21,0,25,0,34,24,2,60,6,2,8,68
09/03/2015,UNV,PA,AEA,EN,Federal Contract Tower,0,32,8,0,40,0,0,9,0,9,0,32,17,0,49,6,4,10,59
09/04/2015,UNV,PA,AEA,EN,Federal Contract Tower,0,32,12,0,44,0,8,18,0,26,0,40,30,0,70,42,0,42,112
09/05/2015,UNV,PA,AEA,EN,Federal Contract Tower,0,20,14,0,34,0,2,2,0,4,0,22,16,0,38,6,0,6,44
09/06/2015,UNV,PA,AEA,EN,Federal Contract Tower,0,16,16,0,32,0,4,27,0,31,0,20,43,0,63,6,46,52,115
09/07/2015,UNV,PA,AEA,EN,Federal Contract Tower,0,22,7,0,29,0,2,42,0,44,0,24,49,0,73,22,0,22,95
09/08/2015,UNV,PA,AEA,EN,Federal Contract Tower,0,21,11,0,32,0,9,14,0,23,0,30,25,0,55,12,0,12,67
09/09/2015,UNV,PA,AEA,EN,Federal Contract Tower,0,30,15,0,45,0,7,16,0,23,0,37,31,0,68,0,0,0,68
09/10/2015,UNV,PA,AEA,EN,Federal Contract Tower,0,25,16,0,41,0,2,0,0,2,0,27,16,0,43,0,0,0,43
09/11/2015,UNV,PA,AEA,EN,Federal Contract Tower,0,33,16,2,51,0,2,48,0,50,0,35,64,2,101,12,0,12,113
09/12/2015,UNV,PA,AEA,EN,Federal Contract Tower,0,24,14,0,38,0,0,0,0,0,0,24,14,0,38,0,0,0,38
09/13/2015,UNV,PA,AEA,EN,Federal Contract Tower,0,21,15,0,36,0,4,11,0,15,0,25,26,0,51,0,0,0,51
09/14/2015,UNV,PA,AEA,EN,Federal Contract Tower,0,27,10,0,37,0,5,12,2,19,0,32,22,2,56,4,0,4,60
09/15/2015,UNV,PA,AEA,EN,Federal Contract Tower,0,30,15,2,47,0,0,43,2,45,0,30,58,4,92,6,0,6,98
09/16/2015,UNV,PA,AEA,EN,Federal Contract Tower,0,26,17,0,43,0,5,19,0,24,0,31,36,0,67,6,0,6,73
09/17/2015,UNV,PA,AEA,EN,Federal Contract Tower,0,29,16,0,45,0,5,43,1,49,0,34,59,1,94,14,2,16,110
09/18/2015,UNV,PA,AEA,EN,Federal Contract Tower,0,30,26,2,58,0,5,47,0,52,0,35,73,2,110,8,0,8,118
09/19/2015,UNV,PA,AEA,EN,Federal Contract Tower,0,32,24,0,56,0,4,47,0,51,0,36,71,0,107,34,8,42,149
09/20/2015,UNV,PA,AEA,EN,Federal Contract Tower,0,26,26,0,52,0,0,56,0,56,0,26,82,0,108,10,0,10,118
09/21/2015,UNV,PA,AEA,EN,Federal Contract Tower,0,27,13,0,40,0,0,11,3,14,0,27,24,3,54,0,0,0,54
09/22/2015,UNV,PA,AEA,EN,Federal Contract Tower,0,28,10,0,38,0,0,16,1,17,0,28,26,1,55,0,4,4,59
09/23/2015,UNV,PA,AEA,EN,Federal Contract Tower,0,30,13,0,43,0,7,20,0,27,0,37,33,0,70,30,0,30,100
09/24/2015,UNV,PA,AEA,EN,Federal Contract Tower,0,33,10,0,43,0,1,30,1,32,0,34,40,1,75,8,0,8,83
09/25/2015,UNV,PA,AEA,EN,Federal Contract Tower,2,41,18,0,61,0,11,34,2,47,2,52,52,2,108,20,2,22,130
09/26/2015,UNV,PA,AEA,EN,Federal Contract Tower,2,28,19,0,49,0,12,35,0,47,2,40,54,0,96,30,0,30,126
09/27/2015,UNV,PA,AEA,EN,Federal Contract Tower,0,27,30,0,57,0,0,35,0,35,0,27,65,0,92,0,0,0,92
09/28/2015,UNV,PA,AEA,EN,Federal Contract Tower,0,28,12,0,40,0,3,0,0,3,0,31,12,0,43,8,0,8,51
09/29/2015,UNV,PA,AEA,EN,Federal Contract Tower,0,27,17,0,44,0,0,0,0,0,0,27,17,0,44,0,0,0,44
09/30/2015,UNV,PA,AEA,EN,Federal Contract Tower,2,26,9,2,39,0,5,6,0,11,2,31,15,2,50,4,4,8,58
10/01/2015,UNV,PA,AEA,EN,Federal Contract Tower,0,36,16,0,52,0,0,7,0,7,0,36,23,0,59,16,0,16,75
10/02/2015,UNV,PA,AEA,EN,Federal Contract Tower,1,38,19,0,58,0,7,10,0,17,1,45,29,0,75,8,2,10,85
10/03/2015,UNV,PA,AEA,EN,Federal Contract Tower,0,33,16,0,49,0,0,0,0,0,0,33,16,0,49,0,0,0,49
10/04/2015,UNV,PA,AEA,EN,Federal Contract Tower,0,28,10,0,38,0,5,7,0,12,0,33,17,0,50,4,0,4,54
10/05/2015,UNV,PA,AEA,EN,Federal Contract Tower,0,28,7,2,37,0,1,18,0,19,0,29,25,2,56,18,0,18,74
10/06/2015,UNV,PA,AEA,EN,Federal Contract Tower,0,32,10,0,42,0,5,24,0,29,0,37,34,0,71,26,0,26,97
10/07/2015,UNV,PA,AEA,EN,Federal Contract Tower,0,32,23,2,57,0,7,38,0,45,0,39,61,2,102,36,0,36,138
10/08/2015,UNV,PA,AEA,EN,Federal Contract Tower,0,34,19,2,55,0,4,30,0,34,0,38,49,2,89,60,0,60,149
10/09/2015,UNV,PA,AEA,EN,Federal Contract Tower,1,32,26,0,59,0,3,13,0,16,1,35,39,0,75,0,0,0,75
10/10/2015,UNV,PA,AEA,EN,Federal Contract Tower,2,22,27,2,53,0,7,58,5,70,2,29,85,7,123,6,0,6,129
10/11/2015,UNV,PA,AEA,EN,Federal Contract Tower,0,21,27,1,49,0,4,67,0,71,0,25,94,1,120,44,0,44,164
10/12/2015,UNV,PA,AEA,EN,Federal Contract Tower,0,29,13,0,42,0,3,25,0,28,0,32,38,0,70,28,0,28,98
10/13/2015,UNV,PA,AEA,EN,Federal Contract Tower,0,31,10,4,45,0,1,7,0,8,0,32,17,4,53,12,2,14,67
10/14/2015,UNV,PA,AEA,EN,Federal Contract Tower,0,34,15,4,53,0,5,15,0,20,0,39,30,4,73,10,6,16,89
10/15/2015,UNV,PA,AEA,EN,Federal Contract Tower,2,39,5,0,46,0,4,28,0,32,2,43,33,0,78,42,0,42,120
10/16/2015,UNV,PA,AEA,EN,Federal Contract Tower,2,33,30,2,67,0,2,45,0,47,2,35,75,2,114,0,0,0,114
10/17/2015,UNV,PA,AEA,EN,Federal Contract Tower,0,23,9,0,32,0,3,3,0,6,0,26,12,0,38,0,0,0,38
10/18/2015,UNV,PA,AEA,EN,Federal Contract Tower,0,24,16,0,40,0,2,7,0,9,0,26,23,0,49,14,0,14,63
10/19/2015,UNV,PA,AEA,EN,Federal Contract Tower,0,28,10,0,38,0,2,23,0,25,0,30,33,0,63,76,0,76,139
10/20/2015,UNV,PA,AEA,EN,Federal Contract Tower,0,29,15,0,44,0,9,36,0,45,0,38,51,0,89,12,0,12,101
10/21/2015,UNV,PA,AEA,EN,Federal Contract Tower,0,30,21,2,53,0,3,47,0,50,0,33,68,2,103,88,0,88,191
10/22/2015,UNV,PA,AEA,EN,Federal Contract Tower,0,32,20,9,61,0,5,10,0,15,0,37,30,9,76,30,12,42,118
10/24/2015,UNV,PA,AEA,EN,Federal Contract Tower,0,24,6,0,30,0,0,22,0,22,0,24,28,0,52,80,0,80,132
10/25/2015,UNV,PA,AEA,EN,Federal Contract Tower,0,23,16,0,39,0,4,8,0,12,0,27,24,0,51,26,0,26,77
10/26/2015,UNV,PA,AEA,EN,Federal Contract Tower,0,27,7,2,36,0,6,27,0,33,0,33,34,2,69,32,0,32,101
10/27/2015,UNV,PA,AEA,EN,Federal Contract Tower,1,28,9,2,40,0,5,21,0,26,1,33,30,2,66,34,0,34,100
10/28/2015,UNV,PA,AEA,EN,Federal Contract Tower,1,27,18,0,46,0,0,0,0,0,1,27,18,0,46,0,0,0,46
10/29/2015,UNV,PA,AEA,EN,Federal Contract Tower,0,33,18,0,51,0,5,7,0,12,0,38,25,0,63,58,0,58,121
10/30/2015,UNV,PA,AEA,EN,Federal Contract Tower,0,33,27,3,63,0,1,22,2,25,0,34,49,5,88,84,10,94,182
10/31/2015,UNV,PA,AEA,EN,Federal Contract Tower,2,19,29,0,50,0,3,62,0,65,2,22,91,0,115,30,0,30,145
11/01/2015,UNV,PA,AEA,EN,Federal Contract Tower,0,22,21,0,43,0,0,20,0,20,0,22,41,0,63,16,0,16,79
11/02/2015,UNV,PA,AEA,EN,Federal Contract Tower,2,27,6,1,36,0,6,28,0,34,2,33,34,1,70,28,4,32,102
11/03/2015,UNV,PA,AEA,EN,Federal Contract Tower,0,27,11,0,38,0,0,61,0,61,0,27,72,0,99,26,8,34,133
11/04/2015,UNV,PA,AEA,EN,Federal Contract Tower,4,29,10,0,43,0,3,35,6,44,4,32,45,6,87,20,0,20,107
11/05/2015,UNV,PA,AEA,EN,Federal Contract Tower,0,30,13,7,50,0,3,23,4,30,0,33,36,11,80,32,0,32,112
11/06/2015,UNV,PA,AEA,EN,Federal Contract Tower,2,32,13,2,49,0,0,1,0,1,2,32,14,2,50,0,0,0,50
11/07/2015,UNV,PA,AEA,EN,Federal Contract Tower,2,20,9,0,31,0,3,22,0,25,2,23,31,0,56,44,0,44,100
11/08/2015,UNV,PA,AEA,EN,Federal Contract Tower,0,24,9,0,33,0,13,70,0,83,0,37,79,0,116,60,0,60,176
11/09/2015,UNV,PA,AEA,EN,Federal Contract Tower,0,31,9,2,42,0,8,9,0,17,0,39,18,2,59,0,0,0,59
11/10/2015,UNV,PA,AEA,EN,Federal Contract Tower,0,30,11,0,41,0,0,0,0,0,0,30,11,0,41,0,0,0,41
11/11/2015,UNV,PA,AEA,EN,Federal Contract Tower,0,29,19,0,48,0,2,4,0,6,0,31,23,0,54,26,0,26,80
11/12/2015,UNV,PA,AEA,EN,Federal Contract Tower,0,34,15,0,49,0,0,5,0,5,0,34,20,0,54,0,0,0,54
11/13/2015,UNV,PA,AEA,EN,Federal Contract Tower,0,32,5,0,37,0,0,7,2,9,0,32,12,2,46,0,16,16,62
11/14/2015,UNV,PA,AEA,EN,Federal Contract Tower,0,24,3,0,27,0,22,0,0,22,0,46,3,0,49,12,6,18,67
11/15/2015,UNV,PA,AEA,EN,Federal Contract Tower,0,22,18,0,40,0,4,45,2,51,0,26,63,2,91,50,2,52,143
11/16/2015,UNV,PA,AEA,EN,Federal Contract Tower,0,25,21,2,48,0,3,38,2,43,0,28,59,4,91,60,0,60,151
11/17/2015,UNV,PA,AEA,EN,Federal Contract Tower,0,31,13,0,44,0,4,23,0,27,0,35,36,0,71,24,2,26,97
11/18/2015,UNV,PA,AEA,EN,Federal Contract Tower,0,35,9,0,44,0,1,1,0,2,0,36,10,0,46,0,0,0,46
11/19/2015,UNV,PA,AEA,EN,Federal Contract Tower,0,33,20,0,53,0,3,1,0,4,0,36,21,0,57,0,0,0,57
11/20/2015,UNV,PA,AEA,EN,Federal Contract Tower,2,39,26,0,67,0,2,36,0,38,2,41,62,0,105,4,0,4,109
11/21/2015,UNV,PA,AEA,EN,Federal Contract Tower,2,38,42,0,82,0,11,90,0,101,2,49,132,0,183,4,2,6,189
11/22/2015,UNV,PA,AEA,EN,Federal Contract Tower,0,25,18,0,43,0,3,26,0,29,0,28,44,0,72,28,0,28,100
11/23/2015,UNV,PA,AEA,EN,Federal Contract Tower,0,21,18,0,39,0,2,15,1,18,0,23,33,1,57,38,0,38,95
11/24/2015,UNV,PA,AEA,EN,Federal Contract Tower,0,30,7,0,37,0,3,11,0,14,0,33,18,0,51,24,0,24,75
11/25/2015,UNV,PA,AEA,EN,Federal Contract Tower,0,32,13,0,45,0,2,26,0,28,0,34,39,0,73,12,0,12,85
11/26/2015,UNV,PA,AEA,EN,Federal Contract Tower,0,11,2,0,13,0,0,2,0,2,0,11,4,0,15,0,0,0,15
11/27/2015,UNV,PA,AEA,EN,Federal Contract Tower,2,18,7,0,27,0,6,15,0,21,2,24,22,0,48,2,0,2,50
11/28/2015,UNV,PA,AEA,EN,Federal Contract Tower,0,24,26,0,50,0,3,0,0,3,0,27,26,0,53,0,0,0,53
11/29/2015,UNV,PA,AEA,EN,Federal Contract Tower,0,29,16,0,45,0,0,61,0,61,0,29,77,0,106,54,0,54,160
11/30/2015,UNV,PA,AEA,EN,Federal Contract Tower,0,30,10,1,41,0,1,4,2,7,0,31,14,3,48,0,0,0,48
12/01/2015,UNV,PA,AEA,EN,Federal Contract Tower,0,34,7,0,41,0,0,0,0,0,0,34,7,0,41,0,0,0,41
12/02/2015,UNV,PA,AEA,EN,Federal Contract Tower,0,28,13,0,41,0,0,0,0,0,0,28,13,0,41,0,0,0,41
12/03/2015,UNV,PA,AEA,EN,Federal Contract Tower,1,34,9,0,44,0,2,3,0,5,1,36,12,0,49,2,0,2,51
12/04/2015,UNV,PA,AEA,EN,Federal Contract Tower,0,28,16,0,44,0,5,18,0,23,0,33,34,0,67,8,0,8,75
12/05/2015,UNV,PA,AEA,EN,Federal Contract Tower,0,26,10,0,36,0,2,19,0,21,0,28,29,0,57,70,0,70,127
12/06/2015,UNV,PA,AEA,EN,Federal Contract Tower,0,6,7,0,13,0,0,1,0,1,0,6,8,0,14,0,0,0,14
12/07/2015,UNV,PA,AEA,EN,Federal Contract Tower,0,24,8,0,32,0,3,14,0,17,0,27,22,0,49,30,0,30,79
12/08/2015,UNV,PA,AEA,EN,Federal Contract Tower,0,7,3,0,10,0,0,0,0,0,0,7,3,0,10,0,0,0,10
12/09/2015,UNV,PA,AEA,EN,Federal Contract Tower,0,18,12,0,30,0,0,0,0,0,0,18,12,0,30,0,0,0,30
12/10/2015,UNV,PA,AEA,EN,Federal Contract Tower,0,23,25,0,48,0,1,18,0,19,0,24,43,0,67,30,0,30,97
12/11/2015,UNV,PA,AEA,EN,Federal Contract Tower,0,28,14,1,43,0,0,11,2,13,0,28,25,3,56,8,0,8,64
12/12/2015,UNV,PA,AEA,EN,Federal Contract Tower,0,20,10,0,30,0,2,18,0,20,0,22,28,0,50,18,0,18,68
12/13/2015,UNV,PA,AEA,EN,Federal Contract Tower,0,17,14,0,31,0,2,41,0,43,0,19,55,0,74,78,0,78,152
12/14/2015,UNV,PA,AEA,EN,Federal Contract Tower,0,26,19,0,45,0,4,5,0,9,0,30,24,0,54,0,0,0,54
12/15/2015,UNV,PA,AEA,EN,Federal Contract Tower,0,26,7,0,33,0,3,11,0,14,0,29,18,0,47,20,0,20,67
12/16/2015,UNV,PA,AEA,EN,Federal Contract Tower,0,38,27,2,67,0,2,11,1,14,0,40,38,3,81,36,0,36,117
12/17/2015,UNV,PA,AEA,EN,Federal Contract Tower,0,31,21,0,52,0,0,0,0,0,0,31,21,0,52,0,0,0,52
12/18/2015,UNV,PA,AEA,EN,Federal Contract Tower,0,31,28,0,59,0,3,27,0,30,0,34,55,0,89,4,0,4,93
12/19/2015,UNV,PA,AEA,EN,Federal Contract Tower,0,24,12,0,36,0,0,6,0,6,0,24,18,0,42,0,0,0,42
12/20/2015,UNV,PA,AEA,EN,Federal Contract Tower,0,23,3,0,26,0,2,44,0,46,0,25,47,0,72,22,0,22,94
12/21/2015,UNV,PA,AEA,EN,Federal Contract Tower,0,27,7,0,34,0,7,5,0,12,0,34,12,0,46,14,0,14,60
12/22/2015,UNV,PA,AEA,EN,Federal Contract Tower,0,31,14,0,45,0,0,3,0,3,0,31,17,0,48,10,0,10,58
12/23/2015,UNV,PA,AEA,EN,Federal Contract Tower,0,26,6,0,32,0,0,0,0,0,0,26,6,0,32,0,0,0,32
12/24/2015,UNV,PA,AEA,EN,Federal Contract Tower,0,24,0,0,24,0,0,8,0,8,0,24,8,0,32,22,0,22,54
12/25/2015,UNV,PA,AEA,EN,Federal Contract Tower,0,15,1,0,16,0,2,2,0,4,0,17,3,0,20,2,0,2,22
12/26/2015,UNV,PA,AEA,EN,Federal Contract Tower,0,23,5,0,28,0,5,2,0,7,0,28,7,0,35,0,0,0,35
12/27/2015,UNV,PA,AEA,EN,Federal Contract Tower,0,22,7,0,29,0,0,1,0,1,0,22,8,0,30,0,0,0,30
12/28/2015,UNV,PA,AEA,EN,Federal Contract Tower,0,19,3,0,22,0,0,4,0,4,0,19,7,0,26,0,0,0,26
12/29/2015,UNV,PA,AEA,EN,Federal Contract Tower,0,35,5,2,42,0,0,0,0,0,0,35,5,2,42,0,0,0,42
12/30/2015,UNV,PA,AEA,EN,Federal Contract Tower,0,32,4,0,36,0,4,0,0,4,0,36,4,0,40,0,0,0,40
12/31/2015,UNV,PA,AEA,EN,Federal Contract Tower,0,25,3,0,28,0,3,0,0,3,0,28,3,0,31,0,0,0,31
01/01/2016,UNV,PA,AEA,EN,Federal Contract Tower,0,18,0,0,18,0,0,2,0,2,0,18,2,0,20,0,0,0,20
01/02/2016,UNV,PA,AEA,EN,Federal Contract Tower,0,27,5,0,32,0,1,7,0,8,0,28,12,0,40,0,0,0,40
01/03/2016,UNV,PA,AEA,EN,Federal Contract Tower,0,21,3,0,24,0,2,6,0,8,0,23,9,0,32,0,0,0,32
01/04/2016,UNV,PA,AEA,EN,Federal Contract Tower,0,27,4,0,31,0,2,3,0,5,0,29,7,0,36,10,0,10,46
01/05/2016,UNV,PA,AEA,EN,Federal Contract Tower,0,27,13,2,42,0,10,24,2,36,0,37,37,4,78,70,16,86,164
01/06/2016,UNV,PA,AEA,EN,Federal Contract Tower,0,30,10,0,40,0,1,36,1,38,0,31,46,1,78,50,0,50,128
01/07/2016,UNV,PA,AEA,EN,Federal Contract Tower,2,30,20,0,52,0,4,35,0,39,2,34,55,0,91,32,0,32,123
01/08/2016,UNV,PA,AEA,EN,Federal Contract Tower,0,30,12,0,42,0,0,3,0,3,0,30,15,0,45,0,0,0,45
01/09/2016,UNV,PA,AEA,EN,Federal Contract Tower,2,31,7,1,41,0,0,2,0,2,2,31,9,1,43,0,0,0,43
01/10/2016,UNV,PA,AEA,EN,Federal Contract Tower,0,21,13,0,34,0,0,2,0,2,0,21,15,0,36,0,0,0,36
01/11/2016,UNV,PA,AEA,EN,Federal Contract Tower,0,25,3,1,29,0,3,7,0,10,0,28,10,1,39,8,0,8,47
01/12/2016,UNV,PA,AEA,EN,Federal Contract Tower,0,26,4,0,30,0,0,0,0,0,0,26,4,0,30,0,0,0,30
01/13/2016,UNV,PA,AEA,EN,Federal Contract Tower,0,27,1,0,28,0,8,8,0,16,0,35,9,0,44,2,0,2,46
01/14/2016,UNV,PA,AEA,EN,Federal Contract Tower,2,29,10,2,43,0,0,3,0,3,2,29,13,2,46,0,0,0,46
01/15/2016,UNV,PA,AEA,EN,Federal Contract Tower,0,28,12,0,40,0,2,28,1,31,0,30,40,1,71,2,0,2,73
01/16/2016,UNV,PA,AEA,EN,Federal Contract Tower,4,23,9,0,36,0,6,0,0,6,4,29,9,0,42,0,0,0,42
01/17/2016,UNV,PA,AEA,EN,Federal Contract Tower,2,18,2,0,22,0,2,11,0,13,2,20,13,0,35,24,0,24,59
01/18/2016,UNV,PA,AEA,EN,Federal Contract Tower,0,24,6,0,30,0,2,0,0,2,0,26,6,0,32,0,0,0,32
01/19/2016,UNV,PA,AEA,EN,Federal Contract Tower,0,30,5,0,35,0,9,5,0,14,0,39,10,0,49,10,4,14,63
01/20/2016,UNV,PA,AEA,EN,Federal Contract Tower,2,25,8,0,35,0,7,6,0,13,2,32,14,0,48,2,0,2,50
01/21/2016,UNV,PA,AEA,EN,Federal Contract Tower,1,26,8,0,35,0,4,7,4,15,1,30,15,4,50,20,0,20,70
01/22/2016,UNV,PA,AEA,EN,Federal Contract Tower,0,22,5,0,27,0,2,9,0,11,0,24,14,0,38,10,4,14,52
01/23/2016,UNV,PA,AEA,EN,Federal Contract Tower,0,9,0,0,9,0,2,2,0,4,0,11,2,0,13,0,0,0,13
01/24/2016,UNV,PA,AEA,EN,Federal Contract Tower,0,12,3,0,15,0,2,16,0,18,0,14,19,0,33,52,0,52,85
01/25/2016,UNV,PA,AEA,EN,Federal Contract Tower,0,18,8,1,27,0,3,15,0,18,0,21,23,1,45,52,0,52,97
01/26/2016,UNV,PA,AEA,EN,Federal Contract Tower,0,25,8,0,33,0,0,3,0,3,0,25,11,0,36,0,0,0,36
01/27/2016,UNV,PA,AEA,EN,Federal Contract Tower,2,28,13,0,43,0,3,5,0,8,2,31,18,0,51,12,0,12,63
01/28/2016,UNV,PA,AEA,EN,Federal Contract Tower,0,30,3,1,34,0,3,20,1,24,0,33,23,2,58,22,10,32,90
01/29/2016,UNV,PA,AEA,EN,Federal Contract Tower,1,27,11,0,39,0,5,5,0,10,1,32,16,0,49,0,0,0,49
01/30/2016,UNV,PA,AEA,EN,Federal Contract Tower,0,21,4,0,25,0,5,31,0,36,0,26,35,0,61,48,0,48,109
01/31/2016,UNV,PA,AEA,EN,Federal Contract Tower,0,20,8,0,28,0,4,35,0,39,0,24,43,0,67,42,0,42,109
02/01/2016,UNV,PA,AEA,EN,Federal Contract Tower,0,26,9,0,35,0,4,7,0,11,0,30,16,0,46,0,0,0,46
02/02/2016,UNV,PA,AEA,EN,Federal Contract Tower,0,29,7,2,38,0,2,12,0,14,0,31,19,2,52,34,0,34,86
02/03/2016,UNV,PA,AEA,EN,Federal Contract Tower,0,25,14,0,39,0,3,0,0,3,0,28,14,0,42,0,0,0,42
02/04/2016,UNV,PA,AEA,EN,Federal Contract Tower,0,30,5,0,35,0,0,7,0,7,0,30,12,0,42,4,0,4,46
02/05/2016,UNV,PA,AEA,EN,Federal Contract Tower,0,30,18,0,48,0,3,8,0,11,0,33,26,0,59,4,0,4,63
02/06/2016,UNV,PA,AEA,EN,Federal Contract Tower,0,22,6,0,28,0,2,43,0,45,0,24,49,0,73,22,0,22,95
02/07/2016,UNV,PA,AEA,EN,Federal Contract Tower,0,19,5,0,24,0,1,47,0,48,0,20,52,0,72,46,0,46,118
02/08/2016,UNV,PA,AEA,EN,Federal Contract Tower,0,25,22,0,47,0,2,9,2,13,0,27,31,2,60,0,0,0,60
02/09/2016,UNV,PA,AEA,EN,Federal Contract Tower,0,23,4,0,27,0,0,0,0,0,0,23,4,0,27,0,0,0,27
02/10/2016,UNV,PA,AEA,EN,Federal Contract Tower,0,30,4,4,38,0,0,1,0,1,0,30,5,4,39,0,4,4,43
02/11/2016,UNV,PA,AEA,EN,Federal Contract Tower,0,30,8,0,38,0,7,4,0,11,0,37,12,0,49,16,0,16,65
02/12/2016,UNV,PA,AEA,EN,Federal Contract Tower,0,29,9,0,38,0,2,2,0,4,0,31,11,0,42,0,0,0,42
02/13/2016,UNV,PA,AEA,EN,Federal Contract Tower,0,24,0,0,24,0,0,0,0,0,0,24,0,0,24,0,0,0,24
02/14/2016,UNV,PA,AEA,EN,Federal Contract Tower,0,25,8,0,33,0,9,7,0,16,0,34,15,0,49,8,0,8,57
02/15/2016,UNV,PA,AEA,EN,Federal Contract Tower,0,23,5,0,28,0,0,0,0,0,0,23,5,0,28,0,0,0,28
02/16/2016,UNV,PA,AEA,EN,Federal Contract Tower,2,19,4,0,25,0,1,0,0,1,2,20,4,0,26,0,0,0,26
02/17/2016,UNV,PA,AEA,EN,Federal Contract Tower,1,24,6,0,31,0,3,8,0,11,1,27,14,0,42,6,0,6,48
02/18/2016,UNV,PA,AEA,EN,Federal Contract Tower,0,29,7,3,39,0,4,24,9,37,0,33,31,12,76,40,2,42,118
02/19/2016,UNV,PA,AEA,EN,Federal Contract Tower,0,39,5,0,44,0,4,11,0,15,0,43,16,0,59,0,0,0,59
02/20/2016,UNV,PA,AEA,EN,Federal Contract Tower,0,25,10,0,35,0,6,4,0,10,0,31,14,0,45,0,0,0,45
02/21/2016,UNV,PA,AEA,EN,Federal Contract Tower,0,21,6,0,27,0,3,41,0,44,0,24,47,0,71,72,0,72,143
02/22/2016,UNV,PA,AEA,EN,Federal Contract Tower,0,26,13,2,41,0,3,18,0,21,0,29,31,2,62,20,6,26,88
02/23/2016,UNV,PA,AEA,EN,Federal Contract Tower,1,29,13,2,45,0,0,2,0,2,1,29,15,2,47,0,0,0,47
02/24/2016,UNV,PA,AEA,EN,Federal Contract Tower,1,27,4,0,32,0,0,0,0,0,1,27,4,0,32,0,0,0,32
02/25/2016,UNV,PA,AEA,EN,Federal Contract Tower,0,30,2,0,32,0,0,1,0,1,0,30,3,0,33,0,0,0,33
02/26/2016,UNV,PA,AEA,EN,Federal Contract Tower,0,28,15,0,43,0,3,4,2,9,0,31,19,2,52,6,0,6,58
02/27/2016,UNV,PA,AEA,EN,Federal Contract Tower,0,20,4,0,24,0,3,17,2,22,0,23,21,2,46,0,0,0,46
02/28/2016,UNV,PA,AEA,EN,Federal Contract Tower,0,20,9,0,29,0,13,18,0,31,0,33,27,0,60,12,0,12,72
02/29/2016,UNV,PA,AEA,EN,Federal Contract Tower,0,26,10,0,36,0,17,0,0,17,0,43,10,0,53,0,0,0,53
03/01/2016,UNV,PA,AEA,EN,Federal Contract Tower,0,31,7,0,38,0,0,10,3,13,0,31,17,3,51,4,6,10,61
03/02/2016,UNV,PA,AEA,EN,Federal Contract Tower,0,26,7,1,34,0,2,2,1,5,0,28,9,2,39,0,0,0,39
03/03/2016,UNV,PA,AEA,EN,Federal Contract Tower,0,32,3,3,38,0,10,15,1,26,0,42,18,4,64,22,10,32,96
03/04/2016,UNV,PA,AEA,EN,Federal Contract Tower,2,32,11,0,45,0,1,8,1,10,2,33,19,1,55,30,2,32,87
03/05/2016,UNV,PA,AEA,EN,Federal Contract Tower,0,21,12,0,33,0,3,13,0,16,0,24,25,0,49,38,0,38,87
03/06/2016,UNV,PA,AEA,EN,Federal Contract Tower,2,18,9,0,29,0,2,37,0,39,2,20,46,0,68,52,0,52,120
03/07/2016,UNV,PA,AEA,EN,Federal Contract Tower,0,25,2,0,27,0,4,6,0,10,0,29,8,0,37,6,0,6,43
03/08/2016,UNV,PA,AEA,EN,Federal Contract Tower,0,27,15,0,42,0,5,15,0,20,0,32,30,0,62,8,0,8,70
03/09/2016,UNV,PA,AEA,EN,Federal Contract Tower,0,31,6,0,37,0,4,25,3,32,0,35,31,3,69,4,6,10,79
03/10/2016,UNV,PA,AEA,EN,Federal Contract Tower,0,26,10,0,36,0,0,6,0,6,0,26,16,0,42,18,0,18,60
03/11/2016,UNV,PA,AEA,EN,Federal Contract Tower,0,30,9,0,39,0,5,22,0,27,0,35,31,0,66,32,0,32,98
03/12/2016,UNV,PA,AEA,EN,Federal Contract Tower,0,35,11,0,46,0,6,55,3,64,0,41,66,3,110,118,0,118,228
03/13/2016,UNV,PA,AEA,EN,Federal Contract Tower,0,17,14,0,31,0,1,8,0,9,0,18,22,0,40,14,0,14,54
03/14/2016,UNV,PA,AEA,EN,Federal Contract Tower,0,23,11,0,34,0,0,0,0,0,0,23,11,0,34,0,0,0,34
03/15/2016,UNV,PA,AEA,EN,Federal Contract Tower,0,31,18,0,49,0,2,1,0,3,0,33,19,0,52,0,0,0,52
03/16/2016,UNV,PA,AEA,EN,Federal Contract Tower,0,27,13,0,40,0,1,9,0,10,0,28,22,0,50,20,0,20,70
03/17/2016,UNV,PA,AEA,EN,Federal Contract Tower,0,24,10,12,46,0,4,1,0,5,0,28,11,12,51,0,0,0,51
03/18/2016,UNV,PA,AEA,EN,Federal Contract Tower,0,25,10,0,35,0,0,7,1,8,0,25,17,1,43,0,0,0,43
03/19/2016,UNV,PA,AEA,EN,Federal Contract Tower,0,21,6,0,27,0,8,48,4,60,0,29,54,4,87,62,0,62,149
03/20/2016,UNV,PA,AEA,EN,Federal Contract Tower,0,17,12,0,29,0,0,14,0,14,0,17,26,0,43,10,0,10,53
03/21/2016,UNV,PA,AEA,EN,Federal Contract Tower,0,23,10,0,33,0,0,0,0,0,0,23,10,0,33,0,0,0,33
03/22/2016,UNV,PA,AEA,EN,Federal Contract Tower,0,24,8,0,32,0,4,17,0,21,0,28,25,0,53,40,0,40,93
03/23/2016,UNV,PA,AEA,EN,Federal Contract Tower,0,22,9,0,31,0,2,12,4,18,0,24,21,4,49,0,0,0,49
03/24/2016,UNV,PA,AEA,EN,Federal Contract Tower,0,24,19,0,43,0,1,18,0,19,0,25,37,0,62,14,0,14,76
03/25/2016,UNV,PA,AEA,EN,Federal Contract Tower,0,22,8,2,32,0,2,8,0,10,0,24,16,2,42,0,0,0,42
03/26/2016,UNV,PA,AEA,EN,Federal Contract Tower,0,18,7,0,25,0,8,76,1,85,0,26,83,1,110,88,2,90,200
03/27/2016,UNV,PA,AEA,EN,Federal Contract Tower,0,16,17,0,33,0,0,0,0,0,0,16,17,0,33,0,0,0,33
03/28/2016,UNV,PA,AEA,EN,Federal Contract Tower,0,23,13,0,36,0,0,1,0,1,0,23,14,0,37,0,0,0,37
03/29/2016,UNV,PA,AEA,EN,Federal Contract Tower,0,25,14,0,39,0,3,24,0,27,0,28,38,0,66,2,2,4,70
03/30/2016,UNV,PA,AEA,EN,Federal Contract Tower,0,30,14,0,44,0,4,33,1,38,0,34,47,1,82,32,2,34,116
03/31/2016,UNV,PA,AEA,EN,Federal Contract Tower,0,31,11,0,42,0,4,5,4,13,0,35,16,4,55,16,8,24,79
04/01/2016,UNV,PA,AEA,EN,Federal Contract Tower,0,27,11,0,38,0,5,1,0,6,0,32,12,0,44,0,0,0,44
04/02/2016,UNV,PA,AEA,EN,Federal Contract Tower,0,24,6,0,30,0,2,10,0,12,0,26,16,0,42,16,0,16,58
04/03/2016,UNV,PA,AEA,EN,Federal Contract Tower,0,20,4,0,24,0,2,2,0,4,0,22,6,0,28,0,0,0,28
04/04/2016,UNV,PA,AEA,EN,Federal Contract Tower,0,23,4,0,27,0,2,1,2,5,0,25,5,2,32,0,0,0,32
04/05/2016,UNV,PA,AEA,EN,Federal Contract Tower,0,29,5,0,34,0,6,28,2,36,0,35,33,2,70,80,0,80,150
04/06/2016,UNV,PA,AEA,EN,Federal Contract Tower,0,24,11,0,35,0,0,10,0,10,0,24,21,0,45,0,0,0,45
04/07/2016,UNV,PA,AEA,EN,Federal Contract Tower,0,26,7,0,33,0,0,1,0,1,0,26,8,0,34,0,0,0,34
04/08/2016,UNV,PA,AEA,EN,Federal Contract Tower,0,28,11,0,39,0,4,8,0,12,0,32,19,0,51,2,50,52,103
04/09/2016,UNV,PA,AEA,EN,Federal Contract Tower,0,25,5,0,30,0,0,0,0,0,0,25,5,0,30,0,0,0,30
04/10/2016,UNV,PA,AEA,EN,Federal Contract Tower,0,24,2,0,26,0,6,72,0,78,0,30,74,0,104,74,0,74,178
04/11/2016,UNV,PA,AEA,EN,Federal Contract Tower,0,20,3,2,25,0,2,5,0,7,0,22,8,2,32,28,0,28,60
04/12/2016,UNV,PA,AEA,EN,Federal Contract Tower,0,30,7,0,37,0,5,21,0,26,0,35,28,0,63,2,2,4,67
04/13/2016,UNV,PA,AEA,EN,Federal Contract Tower,0,30,11,1,42,0,7,35,6,48,0,37,46,7,90,8,10,18,108
04/14/2016,UNV,PA,AEA,EN,Federal Contract Tower,0,39,19,0,58,0,10,51,0,61,0,49,70,0,119,34,0,34,153
04/15/2016,UNV,PA,AEA,EN,Federal Contract Tower,0,29,23,0,52,0,8,71,7,86,0,37,94,7,138,30,30,60,198
04/16/2016,UNV,PA,AEA,EN,Federal Contract Tower,0,22,10,0,32,0,11,74,0,85,0,33,84,0,117,62,0,62,179
04/17/2016,UNV,PA,AEA,EN,Federal Contract Tower,0,19,14,0,33,0,4,90,1,95,0,23,104,1,128,78,0,78,206
04/18/2016,UNV,PA,AEA,EN,Federal Contract Tower,0,25,5,2,32,0,1,23,0,24,0,26,28,2,56,20,0,20,76
04/19/2016,UNV,PA,AEA,EN,Federal Contract Tower,0,26,9,0,35,0,1,24,0,25,0,27,33,0,60,22,0,22,82
04/20/2016,UNV,PA,AEA,EN,Federal Contract Tower,0,26,8,3,37,0,0,43,9,52,0,26,51,12,89,40,2,42,131
04/21/2016,UNV,PA,AEA,EN,Federal Contract Tower,0,27,12,5,44,0,0,14,0,14,0,27,26,5,58,46,0,46,104
04/22/2016,UNV,PA,AEA,EN,Federal Contract Tower,0,26,10,0,36,0,8,11,0,19,0,34,21,0,55,8,0,8,63
04/23/2016,UNV,PA,AEA,EN,Federal Contract Tower,0,19,11,0,30,0,4,18,0,22,0,23,29,0,52,22,0,22,74
04/24/2016,UNV,PA,AEA,EN,Federal Contract Tower,0,23,13,1,37,0,6,74,1,81,0,29,87,2,118,48,0,48,166
04/25/2016,UNV,PA,AEA,EN,Federal Contract Tower,0,19,8,0,27,0,4,17,0,21,0,23,25,0,48,24,0,24,72
04/26/2016,UNV,PA,AEA,EN,Federal Contract Tower,0,22,11,0,33,0,0,5,0,5,0,22,16,0,38,0,0,0,38
04/27/2016,UNV,PA,AEA,EN,Federal Contract Tower,0,25,20,2,47,0,2,22,0,24,0,27,42,2,71,54,2,56,127
04/28/2016,UNV,PA,AEA,EN,Federal Contract Tower,0,25,15,2,42,0,2,0,0,2,0,27,15,2,44,0,0,0,44
04/29/2016,UNV,PA,AEA,EN,Federal Contract Tower,0,25,21,2,48,0,0,0,0,0,0,25,21,2,48,0,0,0,48
04/30/2016,UNV,PA,AEA,EN,Federal Contract Tower,0,22,7,0,29,0,0,5,0,5,0,22,12,0,34,0,0,0,34
05/01/2016,UNV,PA,AEA,EN,Federal Contract Tower,0,19,10,0,29,0,0,0,0,0,0,19,10,0,29,0,0,0,29
05/02/2016,UNV,PA,AEA,EN,Federal Contract Tower,0,21,20,0,41,0,6,5,0,11,0,27,25,0,52,4,0,4,56
05/03/2016,UNV,PA,AEA,EN,Federal Contract Tower,0,26,22,2,50,0,1,3,0,4,0,27,25,2,54,0,4,4,58
05/04/2016,UNV,PA,AEA,EN,Federal Contract Tower,0,31,27,2,60,0,1,3,0,4,0,32,30,2,64,6,0,6,70
05/05/2016,UNV,PA,AEA,EN,Federal Contract Tower,0,34,15,0,49,0,3,2,0,5,0,37,17,0,54,2,0,2,56
05/06/2016,UNV,PA,AEA,EN,Federal Contract Tower,0,35,15,0,50,0,1,3,0,4,0,36,18,0,54,12,0,12,66
05/07/2016,UNV,PA,AEA,EN,Federal Contract Tower,0,29,26,0,55,0,6,24,0,30,0,35,50,0,85,24,0,24,109
05/08/2016,UNV,PA,AEA,EN,Federal Contract Tower,0,20,10,0,30,0,5,8,12,25,0,25,18,12,55,14,0,14,69
05/09/2016,UNV,PA,AEA,EN,Federal Contract Tower,0,24,10,0,34,0,4,17,0,21,0,28,27,0,55,82,0,82,137
05/10/2016,UNV,PA,AEA,EN,Federal Contract Tower,0,28,12,2,42,0,2,13,0,15,0,30,25,2,57,12,10,22,79
05/11/2016,UNV,PA,AEA,EN,Federal Contract Tower,0,32,17,0,49,0,2,2,0,4,0,34,19,0,53,0,0,0,53
05/12/2016,UNV,PA,AEA,EN,Federal Contract Tower,0,40,13,3,56,0,2,17,0,19,0,42,30,3,75,44,6,50,125
05/13/2016,UNV,PA,AEA,EN,Federal Contract Tower,0,32,18,0,50,0,2,5,2,9,0,34,23,2,59,14,0,14,73
05/14/2016,UNV,PA,AEA,EN,Federal Contract Tower,0,23,13,0,36,0,5,5,0,10,0,28,18,0,46,0,0,0,46
05/15/2016,UNV,PA,AEA,EN,Federal Contract Tower,0,15,10,0,25,0,0,1,0,1,0,15,11,0,26,0,0,0,26
05/16/2016,UNV,PA,AEA,EN,Federal Contract Tower,0,26,17,1,44,0,5,24,0,29,0,31,41,1,73,10,6,16,89
05/17/2016,UNV,PA,AEA,EN,Federal Contract Tower,0,33,20,2,55,0,4,13,1,18,0,37,33,3,73,6,12,18,91
05/18/2016,UNV,PA,AEA,EN,Federal Contract Tower,0,28,22,0,50,0,12,16,0,28,0,40,38,0,78,4,0,4,82
05/19/2016,UNV,PA,AEA,EN,Federal Contract Tower,0,31,12,0,43,0,8,51,2,61,0,39,63,2,104,54,0,54,158
05/20/2016,UNV,PA,AEA,EN,Federal Contract Tower,0,28,9,0,37,0,1,46,0,47,0,29,55,0,84,72,0,72,156
05/21/2016,UNV,PA,AEA,EN,Federal Contract Tower,0,23,5,0,28,0,0,0,0,0,0,23,5,0,28,0,0,0,28
05/22/2016,UNV,PA,AEA,EN,Federal Contract Tower,0,16,9,2,27,0,2,4,2,8,0,18,13,4,35,0,0,0,35
05/23/2016,UNV,PA,AEA,EN,Federal Contract Tower,0,22,6,0,28,0,1,16,3,20,0,23,22,3,48,48,0,48,96
05/24/2016,UNV,PA,AEA,EN,Federal Contract Tower,0,27,9,0,36,0,2,44,0,46,0,29,53,0,82,22,0,22,104
05/25/2016,UNV,PA,AEA,EN,Federal Contract Tower,0,30,10,0,40,0,10,35,0,45,0,40,45,0,85,14,0,14,99
05/26/2016,UNV,PA,AEA,EN,Federal Contract Tower,0,28,15,0,43,0,4,25,2,31,0,32,40,2,74,40,6,46,120
05/27/2016,UNV,PA,AEA,EN,Federal Contract Tower,0,33,14,0,47,0,2,30,0,32,0,35,44,0,79,38,0,38,117
05/28/2016,UNV,PA,AEA,EN,Federal Contract Tower,0,21,2,0,23,0,2,23,0,25,0,23,25,0,48,26,0,26,74
05/29/2016,UNV,PA,AEA,EN,Federal Contract Tower,0,8,1,0,9,0,3,29,0,32,0,11,30,0,41,96,0,96,137
05/30/2016,UNV,PA,AEA,EN,Federal Contract Tower,0,23,9,0,32,0,3,10,0,13,0,26,19,0,45,6,0,6,51
05/31/2016,UNV,PA,AEA,EN,Federal Contract Tower,0,26,11,0,37,0,4,28,0,32,0,30,39,0,69,4,0,4,73
06/01/2016,UNV,PA,AEA,EN,Federal Contract Tower,0,28,7,0,35,0,3,28,0,31,0,31,35,0,66,24,2,26,92
06/02/2016,UNV,PA,AEA,EN,Federal Contract Tower,0,31,11,0,42,0,3,2,0,5,0,34,13,0,47,12,0,12,59
06/03/2016,UNV,PA,AEA,EN,Federal Contract Tower,0,29,17,0,46,0,4,15,0,19,0,33,32,0,65,28,0,28,93
06/04/2016,UNV,PA,AEA,EN,Federal Contract Tower,0,20,8,0,28,0,2,2,0,4,0,22,10,0,32,18,0,18,50
06/05/2016,UNV,PA,AEA,EN,Federal Contract Tower,0,14,10,0,24,0,1,0,0,1,0,15,10,0,25,0,0,0,25
06/06/2016,UNV,PA,AEA,EN,Federal Contract Tower,0,25,15,0,40,0,0,17,2,19,0,25,32,2,59,18,0,18,77
06/07/2016,UNV,PA,AEA,EN,Federal Contract Tower,0,30,15,0,45,0,0,14,0,14,0,30,29,0,59,42,0,42,101
06/08/2016,UNV,PA,AEA,EN,Federal Contract Tower,0,28,10,0,38,0,5,6,2,13,0,33,16,2,51,0,0,0,51
06/09/2016,UNV,PA,AEA,EN,Federal Contract Tower,0,30,12,0,42,0,4,43,4,51,0,34,55,4,93,42,0,42,135
06/10/2016,UNV,PA,AEA,EN,Federal Contract Tower,0,33,22,0,55,0,3,32,1,36,0,36,54,1,91,38,0,38,129
06/11/2016,UNV,PA,AEA,EN,Federal Contract Tower,0,19,3,0,22,0,6,24,0,30,0,25,27,0,52,10,0,10,62
06/12/2016,UNV,PA,AEA,EN,Federal Contract Tower,0,26,9,0,35,0,1,11,0,12,0,27,20,0,47,0,0,0,47
06/13/2016,UNV,PA,AEA,EN,Federal Contract Tower,0,30,11,0,41,0,3,42,0,45,0,33,53,0,86,38,2,40,126
06/14/2016,UNV,PA,AEA,EN,Federal Contract Tower,0,32,11,0,43,0,2,40,0,42,0,34,51,0,85,12,0,12,97
06/15/2016,UNV,PA,AEA,EN,Federal Contract Tower,0,32,9,3,44,0,0,33,1,34,0,32,42,4,78,44,0,44,122
06/16/2016,UNV,PA,AEA,EN,Federal Contract Tower,0,27,14,0,41,0,0,0,0,0,0,27,14,0,41,0,0,0,41
06/17/2016,UNV,PA,AEA,EN,Federal Contract Tower,0,31,12,0,43,0,3,23,0,26,0,34,35,0,69,52,0,52,121
06/18/2016,UNV,PA,AEA,EN,Federal Contract Tower,0,21,10,0,31,0,1,38,0,39,0,22,48,0,70,34,0,34,104
06/19/2016,UNV,PA,AEA,EN,Federal Contract Tower,0,21,12,0,33,0,4,36,0,40,0,25,48,0,73,36,0,36,109
06/20/2016,UNV,PA,AEA,EN,Federal Contract Tower,0,25,12,0,37,0,4,23,0,27,0,29,35,0,64,48,0,48,112
06/21/2016,UNV,PA,AEA,EN,Federal Contract Tower,0,30,7,5,42,0,2,23,0,25,0,32,30,5,67,2,0,2,69
06/22/2016,UNV,PA,AEA,EN,Federal Contract Tower,0,33,17,4,54,0,4,25,3,32,0,37,42,7,86,8,0,8,94
06/23/2016,UNV,PA,AEA,EN,Federal Contract Tower,0,28,13,0,41,0,0,3,0,3,0,28,16,0,44,0,2,2,46
06/24/2016,UNV,PA,AEA,EN,Federal Contract Tower,0,28,15,0,43,0,8,33,7,48,0,36,48,7,91,28,0,28,119
06/25/2016,UNV,PA,AEA,EN,Federal Contract Tower,0,21,10,0,31,0,6,41,0,47,0,27,51,0,78,20,0,20,98
06/26/2016,UNV,PA,AEA,EN,Federal Contract Tower,0,23,5,0,28,0,6,28,0,34,0,29,33,0,62,14,0,14,76
06/27/2016,UNV,PA,AEA,EN,Federal Contract Tower,0,26,6,0,32,0,2,17,0,19,0,28,23,0,51,26,0,26,77
06/28/2016,UNV,PA,AEA,EN,Federal Contract Tower,0,26,19,0,45,0,4,12,0,16,0,30,31,0,61,28,8,36,97
06/29/2016,UNV,PA,AEA,EN,Federal Contract Tower,0,31,14,3,48,0,12,16,0,28,0,43,30,3,76,32,0,32,108
06/30/2016,UNV,PA,AEA,EN,Federal Contract Tower,0,31,15,0,46,0,7,19,2,28,0,38,34,2,74,4,0,4,78
07/01/2016,UNV,PA,AEA,EN,Federal Contract Tower,0,26,8,0,34,0,2,23,0,25,0,28,31,0,59,15,0,15,74
07/02/2016,UNV,PA,AEA,EN,Federal Contract Tower,0,24,7,0,31,0,44,0,0,44,0,68,7,0,75,28,0,28,103
07/03/2016,UNV,PA,AEA,EN,Federal Contract Tower,0,13,5,0,18,0,5,23,0,28,0,18,28,0,46,24,0,24,70
07/04/2016,UNV,PA,AEA,EN,Federal Contract Tower,0,20,5,0,25,0,2,5,0,7,0,22,10,0,32,0,0,0,32
07/05/2016,UNV,PA,AEA,EN,Federal Contract Tower,0,25,9,0,34,0,5,16,0,21,0,30,25,0,55,28,0,28,83
07/06/2016,UNV,PA,AEA,EN,Federal Contract Tower,0,29,12,2,43,0,3,13,0,16,0,32,25,2,59,24,0,24,83
07/07/2016,UNV,PA,AEA,EN,Federal Contract Tower,0,27,15,0,42,0,4,16,0,20,0,31,31,0,62,28,0,28,90
07/08/2016,UNV,PA,AEA,EN,Federal Contract Tower,0,25,15,2,42,0,2,8,0,10,0,27,23,2,52,4,0,4,56
07/09/2016,UNV,PA,AEA,EN,Federal Contract Tower,0,21,13,0,34,0,4,9,0,13,0,25,22,0,47,4,0,4,51
07/10/2016,UNV,PA,AEA,EN,Federal Contract Tower,0,22,9,0,31,0,7,27,0,34,0,29,36,0,65,24,0,24,89
07/11/2016,UNV,PA,AEA,EN,Federal Contract Tower,0,25,13,0,38,0,2,13,0,15,0,27,26,0,53,4,0,4,57
07/12/2016,UNV,PA,AEA,EN,Federal Contract Tower,0,26,14,2,42,0,5,15,2,22,0,31,29,4,64,14,0,14,78
07/13/2016,UNV,PA,AEA,EN,Federal Contract Tower,0,25,26,0,51,0,5,13,0,18,0,30,39,0,69,26,0,26,95
07/14/2016,UNV,PA,AEA,EN,Federal Contract Tower,0,31,12,0,43,0,3,12,3,18,0,34,24,3,61,20,0,20,81
07/15/2016,UNV,PA,AEA,EN,Federal Contract Tower,0,27,11,0,38,0,2,20,0,22,0,29,31,0,60,0,0,0,60
07/16/2016,UNV,PA,AEA,EN,Federal Contract Tower,0,24,9,0,33,0,2,36,0,38,0,26,45,0,71,14,0,14,85
07/17/2016,UNV,PA,AEA,EN,Federal Contract Tower,0,24,11,0,35,0,0,45,1,46,0,24,56,1,81,46,0,46,127
07/18/2016,UNV,PA,AEA,EN,Federal Contract Tower,0,18,12,0,30,0,0,9,0,9,0,18,21,0,39,0,0,0,39
07/19/2016,UNV,PA,AEA,EN,Federal Contract Tower,0,28,11,0,39,0,6,22,2,30,0,34,33,2,69,8,0,8,77
07/20/2016,UNV,PA,AEA,EN,Federal Contract Tower,0,32,14,0,46,0,2,29,1,32,0,34,43,1,78,28,0,28,106
07/21/2016,UNV,PA,AEA,EN,Federal Contract Tower,0,30,8,0,38,0,8,36,0,44,0,38,44,0,82,66,0,66,148
07/22/2016,UNV,PA,AEA,EN,Federal Contract Tower,0,31,11,0,42,0,5,22,2,29,0,36,33,2,71,8,4,12,83
07/23/2016,UNV,PA,AEA,EN,Federal Contract Tower,0,21,4,0,25,0,4,21,0,25,0,25,25,0,50,44,6,50,100
07/24/2016,UNV,PA,AEA,EN,Federal Contract Tower,0,19,10,0,29,0,3,31,2,36,0,22,41,2,65,2,28,30,95
07/25/2016,UNV,PA,AEA,EN,Federal Contract Tower,0,20,11,0,31,0,6,0,0,6,0,26,11,0,37,0,0,0,37
07/26/2016,UNV,PA,AEA,EN,Federal Contract Tower,0,29,6,0,35,0,0,18,0,18,0,29,24,0,53,2,0,2,55
07/27/2016,UNV,PA,AEA,EN,Federal Contract Tower,0,27,12,0,39,0,3,13,0,16,0,30,25,0,55,4,2,6,61
07/28/2016,UNV,PA,AEA,EN,Federal Contract Tower,0,22,8,0,30,0,3,14,4,21,0,25,22,4,51,6,0,6,57
07/29/2016,UNV,PA,AEA,EN,Federal Contract Tower,0,27,15,0,42,0,4,13,0,17,0,31,28,0,59,6,0,6,65
07/30/2016,UNV,PA,AEA,EN,Federal Contract Tower,0,12,13,0,25,0,0,4,4,8,0,12,17,4,33,2,4,6,39
07/31/2016,UNV,PA,AEA,EN,Federal Contract Tower,0,19,14,0,33,0,3,10,0,13,0,22,24,0,46,0,0,0,46
08/01/2016,UNV,PA,AEA,EN,Federal Contract Tower,0,25,7,0,32,0,2,8,0,10,0,27,15,0,42,2,0,2,44
08/02/2016,UNV,PA,AEA,EN,Federal Contract Tower,0,26,12,0,38,0,2,9,0,11,0,28,21,0,49,4,0,4,53
08/03/2016,UNV,PA,AEA,EN,Federal Contract Tower,0,29,27,0,56,0,22,2,0,24,0,51,29,0,80,38,0,38,118
08/04/2016,UNV,PA,AEA,EN,Federal Contract Tower,0,29,13,0,42,0,6,31,3,40,0,35,44,3,82,30,2,32,114
08/05/2016,UNV,PA,AEA,EN,Federal Contract Tower,0,28,21,0,49,0,4,14,0,18,0,32,35,0,67,10,0,10,77
08/06/2016,UNV,PA,AEA,EN,Federal Contract Tower,0,20,2,0,22,0,2,32,0,34,0,22,34,0,56,16,0,16,72
08/07/2016,UNV,PA,AEA,EN,Federal Contract Tower,0,17,11,0,28,0,2,48,0,50,0,19,59,0,78,8,0,8,86
08/08/2016,UNV,PA,AEA,EN,Federal Contract Tower,0,25,7,0,32,0,4,22,1,27,0,29,29,1,59,16,0,16,75
08/09/2016,UNV,PA,AEA,EN,Federal Contract Tower,0,27,11,0,38,0,4,20,0,24,0,31,31,0,62,60,0,60,122
08/10/2016,UNV,PA,AEA,EN,Federal Contract Tower,0,27,7,0,34,0,2,6,0,8,0,29,13,0,42,34,0,34,76
08/11/2016,UNV,PA,AEA,EN,Federal Contract Tower,0,23,10,0,33,0,2,5,2,9,0,25,15,2,42,0,0,0,42
08/12/2016,UNV,PA,AEA,EN,Federal Contract Tower,0,28,7,0,35,0,2,15,0,17,0,30,22,0,52,8,0,8,60
08/13/2016,UNV,PA,AEA,EN,Federal Contract Tower,0,20,7,0,27,0,5,22,0,27,0,25,29,0,54,42,0,42,96
08/14/2016,UNV,PA,AEA,EN,Federal Contract Tower,0,16,8,0,24,0,3,8,0,11,0,19,16,0,35,8,0,8,43
08/15/2016,UNV,PA,AEA,EN,Federal Contract Tower,0,29,16,2,47,0,5,11,0,16,0,34,27,2,63,50,0,50,113
08/16/2016,UNV,PA,AEA,EN,Federal Contract Tower,0,28,12,1,41,0,7,9,0,16,0,35,21,1,57,26,0,26,83
08/17/2016,UNV,PA,AEA,EN,Federal Contract Tower,0,30,13,0,43,0,13,16,0,29,0,43,29,0,72,20,0,20,92
08/18/2016,UNV,PA,AEA,EN,Federal Contract Tower,0,31,22,0,53,0,1,13,0,14,0,32,35,0,67,0,0,0,67
08/19/2016,UNV,PA,AEA,EN,Federal Contract Tower,0,29,15,0,44,0,5,17,0,22,0,34,32,0,66,36,2,38,104
08/20/2016,UNV,PA,AEA,EN,Federal Contract Tower,0,22,11,0,33,0,2,47,2,51,0,24,58,2,84,44,0,44,128
08/21/2016,UNV,PA,AEA,EN,Federal Contract Tower,0,21,13,0,34,0,6,2,0,8,0,27,15,0,42,8,0,8,50
08/22/2016,UNV,PA,AEA,EN,Federal Contract Tower,0,28,7,2,37,0,13,35,1,49,0,41,42,3,86,30,4,34,120
08/23/2016,UNV,PA,AEA,EN,Federal Contract Tower,0,30,17,0,47,0,10,24,0,34,0,40,41,0,81,32,0,32,113
08/24/2016,UNV,PA,AEA,EN,Federal Contract Tower,0,34,11,1,46,0,7,31,3,41,0,41,42,4,87,26,6,32,119
08/25/2016,UNV,PA,AEA,EN,Federal Contract Tower,0,31,9,0,40,0,1,16,2,19,0,32,25,2,59,38,2,40,99
08/26/2016,UNV,PA,AEA,EN,Federal Contract Tower,0,29,15,0,44,0,3,34,0,37,0,32,49,0,81,64,0,64,145
08/27/2016,UNV,PA,AEA,EN,Federal Contract Tower,0,22,12,0,34,0,4,37,0,41,0,26,49,0,75,24,0,24,99
08/28/2016,UNV,PA,AEA,EN,Federal Contract Tower,0,19,9,0,28,0,2,29,0,31,0,21,38,0,59,26,0,26,85
08/29/2016,UNV,PA,AEA,EN,Federal Contract Tower,0,27,18,0,45,0,4,23,0,27,0,31,41,0,72,26,0,26,98
08/30/2016,UNV,PA,AEA,EN,Federal Contract Tower,0,33,18,1,52,0,5,22,0,27,0,38,40,1,79,36,8,44,123
08/31/2016,UNV,PA,AEA,EN,Federal Contract Tower,0,33,15,0,48,0,2,29,1,32,0,35,44,1,80,6,0,6,86
09/01/2016,UNV,PA,AEA,EN,Federal Contract Tower,0,32,14,0,46,0,2,10,0,12,0,34,24,0,58,28,0,28,86
09/02/2016,UNV,PA,AEA,EN,Federal Contract Tower,0,29,14,0,43,0,4,39,0,43,0,33,53,0,86,36,0,36,122
09/03/2016,UNV,PA,AEA,EN,Federal Contract Tower,0,25,23,0,48,0,12,33,0,45,0,37,56,0,93,12,0,12,105
09/04/2016,UNV,PA,AEA,EN,Federal Contract Tower,0,16,17,0,33,0,3,49,0,52,0,19,66,0,85,56,0,56,141
09/05/2016,UNV,PA,AEA,EN,Federal Contract Tower,0,21,7,0,28,0,2,52,0,54,0,23,59,0,82,8,0,8,90
09/06/2016,UNV,PA,AEA,EN,Federal Contract Tower,0,28,12,1,41,0,8,18,0,26,0,36,30,1,67,38,12,50,117
09/07/2016,UNV,PA,AEA,EN,Federal Contract Tower,0,36,17,4,57,0,3,13,0,16,0,39,30,4,73,40,14,54,127
09/08/2016,UNV,PA,AEA,EN,Federal Contract Tower,0,34,16,2,52,0,1,5,2,8,0,35,21,4,60,6,0,6,66
09/09/2016,UNV,PA,AEA,EN,Federal Contract Tower,0,32,15,0,47,0,4,10,0,14,0,36,25,0,61,26,0,26,87
09/10/2016,UNV,PA,AEA,EN,Federal Contract Tower,0,17,11,0,28,0,4,25,2,31,0,21,36,2,59,24,0,24,83
09/11/2016,UNV,PA,AEA,EN,Federal Contract Tower,0,20,10,0,30,0,3,34,0,37,0,23,44,0,67,14,0,14,81
09/12/2016,UNV,PA,AEA,EN,Federal Contract Tower,0,28,14,0,42,0,2,45,2,49,0,30,59,2,91,62,0,62,153
09/13/2016,UNV,PA,AEA,EN,Federal Contract Tower,0,31,13,3,47,0,0,21,0,21,0,31,34,3,68,20,12,32,100
09/14/2016,UNV,PA,AEA,EN,Federal Contract Tower,0,35,17,0,52,0,5,19,0,24,0,40,36,0,76,32,0,32,108
09/15/2016,UNV,PA,AEA,EN,Federal Contract Tower,0,33,13,0,46,0,3,24,0,27,0,36,37,0,73,2,0,2,75
09/16/2016,UNV,PA,AEA,EN,Federal Contract Tower,0,34,22,0,56,0,12,19,0,31,0,46,41,0,87,16,0,16,103
09/17/2016,UNV,PA,AEA,EN,Federal Contract Tower,0,27,35,0,62,0,0,17,0,17,0,27,52,0,79,40,0,40,119
09/18/2016,UNV,PA,AEA,EN,Federal Contract Tower,0,26,27,0,53,0,0,24,0,24,0,26,51,0,77,0,0,0,77
09/19/2016,UNV,PA,AEA,EN,Federal Contract Tower,0,24,18,0,42,0,2,8,0,10,0,26,26,0,52,18,0,18,70
09/20/2016,UNV,PA,AEA,EN,Federal Contract Tower,0,28,13,2,43,0,1,7,2,10,0,29,20,4,53,28,0,28,81
09/21/2016,UNV,PA,AEA,EN,Federal Contract Tower,0,31,10,0,41,0,5,24,0,29,0,36,34,0,70,46,0,46,116
09/22/2016,UNV,PA,AEA,EN,Federal Contract Tower,0,26,15,0,41,0,8,26,2,36,0,34,41,2,77,22,2,24,101
09/23/2016,UNV,PA,AEA,EN,Federal Contract Tower,2,31,11,0,44,0,4,44,0,48,2,35,55,0,92,44,0,44,136
09/24/2016,UNV,PA,AEA,EN,Federal Contract Tower,0,21,6,0,27,0,5,46,0,51,0,26,52,0,78,105,0,105,183
09/25/2016,UNV,PA,AEA,EN,Federal Contract Tower,0,25,11,0,36,0,4,76,0,80,0,29,87,0,116,40,0,40,156
09/26/2016,UNV,PA,AEA,EN,Federal Contract Tower,2,39,18,0,59,0,1,10,0,11,2,40,28,0,70,46,0,46,116
09/27/2016,UNV,PA,AEA,EN,Federal Contract Tower,0,42,10,0,52,0,5,17,0,22,0,47,27,0,74,10,0,10,84
09/28/2016,UNV,PA,AEA,EN,Federal Contract Tower,0,32,16,0,48,0,5,16,0,21,0,37,32,0,69,54,0,54,123
09/29/2016,UNV,PA,AEA,EN,Federal Contract Tower,0,29,18,0,47,0,0,0,0,0,0,29,18,0,47,0,0,0,47
09/30/2016,UNV,PA,AEA,EN,Federal Contract Tower,1,34,38,0,73,0,0,2,0,2,1,34,40,0,75,2,0,2,77
10/01/2016,UNV,PA,AEA,EN,Federal Contract Tower,1,35,22,0,58,0,0,0,0,0,1,35,22,0,58,0,0,0,58
10/02/2016,UNV,PA,AEA,EN,Federal Contract Tower,0,26,18,0,44,0,0,4,0,4,0,26,22,0,48,0,0,0,48
10/03/2016,UNV,PA,AEA,EN,Federal Contract Tower,0,28,7,0,35,0,2,15,0,17,0,30,22,0,52,36,0,36,88
10/04/2016,UNV,PA,AEA,EN,Federal Contract Tower,0,39,15,0,54,0,2,9,0,11,0,41,24,0,65,12,0,12,77
10/05/2016,UNV,PA,AEA,EN,Federal Contract Tower,0,33,15,0,48,0,6,13,0,19,0,39,28,0,67,36,0,36,103
10/06/2016,UNV,PA,AEA,EN,Federal Contract Tower,0,39,18,12,69,0,0,32,0,32,0,39,50,12,101,18,0,18,119
10/07/2016,UNV,PA,AEA,EN,Federal Contract Tower,0,39,31,0,70,0,1,30,0,31,0,40,61,0,101,24,0,24,125
10/08/2016,UNV,PA,AEA,EN,Federal Contract Tower,0,36,47,0,83,0,0,0,0,0,0,36,47,0,83,0,0,0,83
10/09/2016,UNV,PA,AEA,EN,Federal Contract Tower,0,33,15,0,48,0,2,22,0,24,0,35,37,0,72,2,0,2,74
10/10/2016,UNV,PA,AEA,EN,Federal Contract Tower,0,29,9,0,38,0,13,25,0,38,0,42,34,0,76,30,0,30,106
10/11/2016,UNV,PA,AEA,EN,Federal Contract Tower,0,36,9,2,47,0,1,18,4,23,0,37,27,6,70,30,0,30,100
10/12/2016,UNV,PA,AEA,EN,Federal Contract Tower,0,30,13,4,47,0,0,19,0,19,0,30,32,4,66,68,2,70,136
10/13/2016,UNV,PA,AEA,EN,Federal Contract Tower,0,34,17,0,51,0,5,8,0,13,0,39,25,0,64,20,0,20,84
10/14/2016,UNV,PA,AEA,EN,Federal Contract Tower,0,37,11,0,48,0,0,39,1,40,0,37,50,1,88,62,4,66,154
10/15/2016,UNV,PA,AEA,EN,Federal Contract Tower,0,29,10,0,39,0,6,53,0,59,0,35,63,0,98,12,0,12,110
10/16/2016,UNV,PA,AEA,EN,Federal Contract Tower,0,33,18,0,51,0,7,58,1,66,0,40,76,1,117,56,0,56,173
10/17/2016,UNV,PA,AEA,EN,Federal Contract Tower,0,29,21,2,52,0,2,28,0,30,0,31,49,2,82,36,4,40,122
10/18/2016,UNV,PA,AEA,EN,Federal Contract Tower,0,35,19,0,54,0,1,38,10,49,0,36,57,10,103,42,0,42,145
10/19/2016,UNV,PA,AEA,EN,Federal Contract Tower,0,30,21,10,61,0,5,27,0,32,0,35,48,10,93,84,8,92,185
10/20/2016,UNV,PA,AEA,EN,Federal Contract Tower,0,37,8,0,45,0,1,15,0,16,0,38,23,0,61,12,0,12,73
10/21/2016,UNV,PA,AEA,EN,Federal Contract Tower,0,51,33,0,84,0,2,2,0,4,0,53,35,0,88,0,0,0,88
10/22/2016,UNV,PA,AEA,EN,Federal Contract Tower,0,53,28,0,81,0,3,38,0,41,0,56,66,0,122,0,0,0,122
10/23/2016,UNV,PA,AEA,EN,Federal Contract Tower,0,41,29,0,70,0,2,6,0,8,0,43,35,0,78,30,0,30,108
10/24/2016,UNV,PA,AEA,EN,Federal Contract Tower,0,34,12,0,46,0,5,10,2,17,0,39,22,2,63,46,0,46,109
10/25/2016,UNV,PA,AEA,EN,Federal Contract Tower,0,33,11,5,49,0,0,4,0,4,0,33,15,5,53,10,6,16,69
10/26/2016,UNV,PA,AEA,EN,Federal Contract Tower,0,34,16,0,50,0,5,16,0,21,0,39,32,0,71,72,0,72,143
10/27/2016,UNV,PA,AEA,EN,Federal Contract Tower,0,40,11,0,51,0,3,0,0,3,0,43,11,0,54,0,0,0,54
10/28/2016,UNV,PA,AEA,EN,Federal Contract Tower,2,34,11,0,47,0,5,29,0,34,2,39,40,0,81,18,0,18,99
10/29/2016,UNV,PA,AEA,EN,Federal Contract Tower,2,28,4,0,34,0,8,37,0,45,2,36,41,0,79,60,4,64,143
10/30/2016,UNV,PA,AEA,EN,Federal Contract Tower,0,21,10,2,33,0,7,0,0,7,0,28,10,2,40,0,0,0,40
10/31/2016,UNV,PA,AEA,EN,Federal Contract Tower,0,25,11,0,36,0,10,17,0,27,0,35,28,0,63,28,0,28,91
11/01/2016,UNV,PA,AEA,EN,Federal Contract Tower,0,29,19,4,52,0,3,23,0,26,0,32,42,4,78,44,10,54,132
11/02/2016,UNV,PA,AEA,EN,Federal Contract Tower,0,29,15,0,44,0,1,29,0,30,0,30,44,0,74,60,0,60,134
11/03/2016,UNV,PA,AEA,EN,Federal Contract Tower,0,32,12,0,44,0,5,0,0,5,0,37,12,0,49,0,0,0,49
11/04/2016,UNV,PA,AEA,EN,Federal Contract Tower,0,37,20,0,57,0,5,29,0,34,0,42,49,0,91,58,0,58,149
11/05/2016,UNV,PA,AEA,EN,Federal Contract Tower,0,31,22,0,53,0,17,48,0,65,0,48,70,0,118,16,0,16,134
11/06/2016,UNV,PA,AEA,EN,Federal Contract Tower,0,24,31,0,55,0,1,58,0,59,0,25,89,0,114,46,0,46,160
11/07/2016,UNV,PA,AEA,EN,Federal Contract Tower,0,27,12,0,39,0,4,33,2,39,0,31,45,2,78,12,8,20,98
11/08/2016,UNV,PA,AEA,EN,Federal Contract Tower,0,28,13,0,41,0,5,11,0,16,0,33,24,0,57,18,0,18,75
11/09/2016,UNV,PA,AEA,EN,Federal Contract Tower,0,29,11,0,40,0,5,5,0,10,0,34,16,0,50,26,0,26,76
11/10/2016,UNV,PA,AEA,EN,Federal Contract Tower,0,31,15,0,46,0,3,25,0,28,0,34,40,0,74,34,0,34,108
11/11/2016,UNV,PA,AEA,EN,Federal Contract Tower,2,31,9,0,42,0,1,14,0,15,2,32,23,0,57,0,0,0,57
11/12/2016,UNV,PA,AEA,EN,Federal Contract Tower,2,28,10,0,40,0,2,40,0,42,2,30,50,0,82,40,0,40,122
11/13/2016,UNV,PA,AEA,EN,Federal Contract Tower,0,25,12,0,37,0,6,38,0,44,0,31,50,0,81,6,0,6,87
11/14/2016,UNV,PA,AEA,EN,Federal Contract Tower,0,25,8,0,33,0,6,23,0,29,0,31,31,0,62,14,0,14,76
11/15/2016,UNV,PA,AEA,EN,Federal Contract Tower,0,32,10,0,42,0,0,24,0,24,0,32,34,0,66,48,4,52,118
11/16/2016,UNV,PA,AEA,EN,Federal Contract Tower,0,31,6,4,41,0,2,18,0,20,0,33,24,4,61,30,0,30,91
11/17/2016,UNV,PA,AEA,EN,Federal Contract Tower,0,30,17,1,48,0,1,31,0,32,0,31,48,1,80,26,6,32,112
11/18/2016,UNV,PA,AEA,EN,Federal Contract Tower,0,35,16,0,51,0,8,69,6,83,0,43,85,6,134,50,2,52,186
11/19/2016,UNV,PA,AEA,EN,Federal Contract Tower,0,27,6,0,33,0,3,5,0,8,0,30,11,0,41,0,4,4,45
11/20/2016,UNV,PA,AEA,EN,Federal Contract Tower,0,21,2,0,23,0,0,0,0,0,0,21,2,0,23,0,0,0,23
11/21/2016,UNV,PA,AEA,EN,Federal Contract Tower,0,29,6,0,35,0,2,1,0,3,0,31,7,0,38,0,0,0,38
11/22/2016,UNV,PA,AEA,EN,Federal Contract Tower,0,31,16,0,47,0,9,18,0,27,0,40,34,0,74,6,0,6,80
11/23/2016,UNV,PA,AEA,EN,Federal Contract Tower,0,28,7,2,37,0,0,14,0,14,0,28,21,2,51,6,0,6,57
11/24/2016,UNV,PA,AEA,EN,Federal Contract Tower,0,12,0,0,12,0,0,1,0,1,0,12,1,0,13,0,0,0,13
11/25/2016,UNV,PA,AEA,EN,Federal Contract Tower,0,16,15,1,32,0,3,16,0,19,0,19,31,1,51,84,0,84,135
11/26/2016,UNV,PA,AEA,EN,Federal Contract Tower,0,38,22,0,60,0,1,7,0,8,0,39,29,0,68,2,0,2,70
11/27/2016,UNV,PA,AEA,EN,Federal Contract Tower,0,23,30,0,53,0,8,30,0,38,0,31,60,0,91,6,0,6,97
11/28/2016,UNV,PA,AEA,EN,Federal Contract Tower,0,29,15,0,44,0,6,27,0,33,0,35,42,0,77,16,0,16,93
11/29/2016,UNV,PA,AEA,EN,Federal Contract Tower,0,27,6,0,33,0,1,0,0,1,0,28,6,0,34,0,0,0,34
11/30/2016,UNV,PA,AEA,EN,Federal Contract Tower,2,28,9,0,39,0,0,0,0,0,2,28,9,0,39,0,0,0,39
12/01/2016,UNV,PA,AEA,EN,Federal Contract Tower,1,30,20,2,53,0,4,4,0,8,1,34,24,2,61,0,8,8,69
12/02/2016,UNV,PA,AEA,EN,Federal Contract Tower,3,27,6,0,36,0,3,16,0,19,3,30,22,0,55,20,4,24,79
12/03/2016,UNV,PA,AEA,EN,Federal Contract Tower,0,21,14,0,35,0,6,7,0,13,0,27,21,0,48,26,0,26,74
12/04/2016,UNV,PA,AEA,EN,Federal Contract Tower,1,20,14,0,35,0,11,25,0,36,1,31,39,0,71,24,0,24,95
12/05/2016,UNV,PA,AEA,EN,Federal Contract Tower,0,19,7,0,26,0,4,2,0,6,0,23,9,0,32,0,0,0,32
12/06/2016,UNV,PA,AEA,EN,Federal Contract Tower,0,29,8,0,37,0,0,4,0,4,0,29,12,0,41,8,0,8,49
12/07/2016,UNV,PA,AEA,EN,Federal Contract Tower,2,28,16,0,46,0,4,15,0,19,2,32,31,0,65,62,22,84,149
12/08/2016,UNV,PA,AEA,EN,Federal Contract Tower,0,26,9,0,35,0,5,7,0,12,0,31,16,0,47,2,0,2,49
12/09/2016,UNV,PA,AEA,EN,Federal Contract Tower,0,27,18,5,50,0,4,1,8,13,0,31,19,13,63,0,6,6,69
12/10/2016,UNV,PA,AEA,EN,Federal Contract Tower,0,21,7,0,28,0,0,9,0,9,0,21,16,0,37,0,0,0,37
12/11/2016,UNV,PA,AEA,EN,Federal Contract Tower,0,10,13,0,23,0,0,0,0,0,0,10,13,0,23,0,0,0,23
12/12/2016,UNV,PA,AEA,EN,Federal Contract Tower,0,24,10,0,34,0,5,0,0,5,0,29,10,0,39,0,0,0,39
12/13/2016,UNV,PA,AEA,EN,Federal Contract Tower,0,29,16,0,45,0,2,9,0,11,0,31,25,0,56,2,0,2,58
12/14/2016,UNV,PA,AEA,EN,Federal Contract Tower,0,29,11,1,41,0,0,24,0,24,0,29,35,1,65,10,2,12,77
12/15/2016,UNV,PA,AEA,EN,Federal Contract Tower,0,27,12,0,39,0,5,2,0,7,0,32,14,0,46,0,0,0,46
12/16/2016,UNV,PA,AEA,EN,Federal Contract Tower,0,35,16,0,51,0,4,24,0,28,0,39,40,0,79,26,0,26,105
12/17/2016,UNV,PA,AEA,EN,Federal Contract Tower,0,21,0,0,21,0,0,0,0,0,0,21,0,0,21,0,0,0,21
12/18/2016,UNV,PA,AEA,EN,Federal Contract Tower,0,24,5,0,29,0,0,2,0,2,0,24,7,0,31,12,0,12,43
12/19/2016,UNV,PA,AEA,EN,Federal Contract Tower,0,26,3,0,29,0,0,12,0,12,0,26,15,0,41,28,0,28,69
12/20/2016,UNV,PA,AEA,EN,Federal Contract Tower,0,31,22,0,53,0,6,33,0,39,0,37,55,0,92,26,0,26,118
12/21/2016,UNV,PA,AEA,EN,Federal Contract Tower,0,35,3,0,38,0,2,13,1,16,0,37,16,1,54,12,6,18,72
12/22/2016,UNV,PA,AEA,EN,Federal Contract Tower,0,36,4,0,40,0,4,2,0,6,0,40,6,0,46,8,0,8,54
12/23/2016,UNV,PA,AEA,EN,Federal Contract Tower,0,33,5,0,38,0,2,15,0,17,0,35,20,0,55,2,0,2,57
12/24/2016,UNV,PA,AEA,EN,Federal Contract Tower,0,19,0,0,19,0,0,2,0,2,0,19,2,0,21,0,0,0,21
12/25/2016,UNV,PA,AEA,EN,Federal Contract Tower,0,10,2,0,12,0,5,8,0,13,0,15,10,0,25,6,0,6,31
12/26/2016,UNV,PA,AEA,EN,Federal Contract Tower,0,29,9,0,38,0,0,0,0,0,0,29,9,0,38,0,0,0,38
12/27/2016,UNV,PA,AEA,EN,Federal Contract Tower,0,32,3,0,35,0,5,8,0,13,0,37,11,0,48,14,2,16,64
12/28/2016,UNV,PA,AEA,EN,Federal Contract Tower,0,35,3,0,38,0,3,10,0,13,0,38,13,0,51,36,0,36,87
12/29/2016,UNV,PA,AEA,EN,Federal Contract Tower,0,34,3,0,37,0,0,0,0,0,0,34,3,0,37,0,0,0,37
12/30/2016,UNV,PA,AEA,EN,Federal Contract Tower,2,32,2,0,36,0,0,0,0,0,2,32,2,0,36,0,0,0,36
12/31/2016,UNV,PA,AEA,EN,Federal Contract Tower,0,23,0,0,23,0,0,3,0,3,0,23,3,0,26,2,0,2,28
01/01/2017,UNV,PA,AEA,EN,Federal Contract Tower,0,24,5,0,29,0,6,24,0,30,0,30,29,0,59,16,0,16,75
01/02/2017,UNV,PA,AEA,EN,Federal Contract Tower,0,25,7,0,32,0,0,0,0,0,0,25,7,0,32,0,0,0,32
01/03/2017,UNV,PA,AEA,EN,Federal Contract Tower,2,29,3,0,34,0,0,0,0,0,2,29,3,0,34,0,0,0,34
01/04/2017,UNV,PA,AEA,EN,Federal Contract Tower,0,33,2,3,38,0,1,1,0,2,0,34,3,3,40,0,0,0,40
01/05/2017,UNV,PA,AEA,EN,Federal Contract Tower,0,23,6,0,29,0,0,7,0,7,0,23,13,0,36,16,0,16,52
01/06/2017,UNV,PA,AEA,EN,Federal Contract Tower,0,32,3,2,37,0,7,4,2,13,0,39,7,4,50,2,2,4,54
01/07/2017,UNV,PA,AEA,EN,Federal Contract Tower,0,20,9,0,29,0,4,10,0,14,0,24,19,0,43,4,0,4,47
01/08/2017,UNV,PA,AEA,EN,Federal Contract Tower,0,16,7,0,23,0,1,7,0,8,0,17,14,0,31,0,0,0,31
01/09/2017,UNV,PA,AEA,EN,Federal Contract Tower,0,22,3,0,25,0,2,12,0,14,0,24,15,0,39,10,0,10,49
01/10/2017,UNV,PA,AEA,EN,Federal Contract Tower,0,19,4,0,23,0,1,0,0,1,0,20,4,0,24,0,0,0,24
01/11/2017,UNV,PA,AEA,EN,Federal Contract Tower,0,14,4,0,18,0,5,5,0,10,0,19,9,0,28,20,0,20,48
01/12/2017,UNV,PA,AEA,EN,Federal Contract Tower,0,27,7,2,36,0,0,4,0,4,0,27,11,2,40,10,0,10,50
01/13/2017,UNV,PA,AEA,EN,Federal Contract Tower,0,32,12,0,44,0,3,17,0,20,0,35,29,0,64,26,0,26,90
01/14/2017,UNV,PA,AEA,EN,Federal Contract Tower,0,17,0,0,17,0,0,4,0,4,0,17,4,0,21,28,0,28,49
01/15/2017,UNV,PA,AEA,EN,Federal Contract Tower,0,26,13,0,39,0,0,25,0,25,0,26,38,0,64,16,0,16,80
01/16/2017,UNV,PA,AEA,EN,Federal Contract Tower,0,25,14,0,39,0,3,7,0,10,0,28,21,0,49,16,0,16,65
01/17/2017,UNV,PA,AEA,EN,Federal Contract Tower,0,26,3,0,29,0,0,0,0,0,0,26,3,0,29,0,0,0,29
01/18/2017,UNV,PA,AEA,EN,Federal Contract Tower,0,26,10,2,38,0,3,1,0,4,0,29,11,2,42,52,0,52,94
01/19/2017,UNV,PA,AEA,EN,Federal Contract Tower,1,30,14,0,45,0,2,26,0,28,1,32,40,0,73,76,0,76,149
01/20/2017,UNV,PA,AEA,EN,Federal Contract Tower,0,31,8,0,39,0,0,0,0,0,0,31,8,0,39,0,0,0,39
01/21/2017,UNV,PA,AEA,EN,Federal Contract Tower,0,6,4,0,10,0,0,0,0,0,0,6,4,0,10,0,0,0,10
01/22/2017,UNV,PA,AEA,EN,Federal Contract Tower,0,4,0,0,4,0,0,0,0,0,0,4,0,0,4,0,0,0,4
01/23/2017,UNV,PA,AEA,EN,Federal Contract Tower,0,22,9,0,31,0,0,0,0,0,0,22,9,0,31,0,0,0,31
01/24/2017,UNV,PA,AEA,EN,Federal Contract Tower,0,24,4,0,28,0,0,4,0,4,0,24,8,0,32,16,0,16,48
01/25/2017,UNV,PA,AEA,EN,Federal Contract Tower,0,25,16,0,41,0,21,0,0,21,0,46,16,0,62,58,0,58,120
01/26/2017,UNV,PA,AEA,EN,Federal Contract Tower,0,28,12,0,40,0,0,0,0,0,0,28,12,0,40,2,0,2,42
01/27/2017,UNV,PA,AEA,EN,Federal Contract Tower,0,27,8,0,35,0,3,4,0,7,0,30,12,0,42,0,0,0,42
01/28/2017,UNV,PA,AEA,EN,Federal Contract Tower,2,18,3,0,23,0,2,13,0,15,2,20,16,0,38,36,0,36,74
01/29/2017,UNV,PA,AEA,EN,Federal Contract Tower,0,20,7,0,27,0,2,17,0,19,0,22,24,0,46,64,0,64,110
01/30/2017,UNV,PA,AEA,EN,Federal Contract Tower,0,21,2,0,23,0,0,2,0,2,0,21,4,0,25,2,0,2,27
01/31/2017,UNV,PA,AEA,EN,Federal Contract Tower,0,26,6,0,32,0,0,0,0,0,0,26,6,0,32,0,0,0,32
02/01/2017,UNV,PA,AEA,EN,Federal Contract Tower,0,23,6,0,29,0,2,10,0,12,0,25,16,0,41,20,0,20,61
02/02/2017,UNV,PA,AEA,EN,Federal Contract Tower,0,27,11,0,38,0,7,16,0,23,0,34,27,0,61,18,0,18,79
02/03/2017,UNV,PA,AEA,EN,Federal Contract Tower,0,27,24,0,51,0,4,18,0,22,0,31,42,0,73,18,2,20,93
02/04/2017,UNV,PA,AEA,EN,Federal Contract Tower,0,25,6,0,31,0,7,29,0,36,0,32,35,0,67,30,0,30,97
02/05/2017,UNV,PA,AEA,EN,Federal Contract Tower,0,21,7,0,28,0,0,6,0,6,0,21,13,0,34,8,0,8,42
02/06/2017,UNV,PA,AEA,EN,Federal Contract Tower,1,23,9,0,33,0,9,15,0,24,1,32,24,0,57,44,0,44,101
02/07/2017,UNV,PA,AEA,EN,Federal Contract Tower,3,26,9,2,40,0,0,0,0,0,3,26,9,2,40,0,0,0,40
02/08/2017,UNV,PA,AEA,EN,Federal Contract Tower,0,29,11,0,40,0,10,10,0,20,0,39,21,0,60,20,0,20,80
02/09/2017,UNV,PA,AEA,EN,Federal Contract Tower,0,23,3,0,26,0,0,0,0,0,0,23,3,0,26,0,0,0,26
02/10/2017,UNV,PA,AEA,EN,Federal Contract Tower,0,31,18,1,50,0,2,18,1,21,0,33,36,2,71,30,0,30,101
02/11/2017,UNV,PA,AEA,EN,Federal Contract Tower,0,24,3,0,27,0,3,37,2,42,0,27,40,2,69,40,2,42,111
02/12/2017,UNV,PA,AEA,EN,Federal Contract Tower,0,23,6,0,29,0,0,0,0,0,0,23,6,0,29,0,0,0,29
02/13/2017,UNV,PA,AEA,EN,Federal Contract Tower,0,29,6,0,35,0,4,3,0,7,0,33,9,0,42,2,0,2,44
02/14/2017,UNV,PA,AEA,EN,Federal Contract Tower,0,26,11,2,39,0,7,27,0,34,0,33,38,2,73,32,0,32,105
02/15/2017,UNV,PA,AEA,EN,Federal Contract Tower,0,27,5,0,32,0,0,6,0,6,0,27,11,0,38,42,0,42,80
02/16/2017,UNV,PA,AEA,EN,Federal Contract Tower,0,30,18,0,48,0,2,4,0,6,0,32,22,0,54,0,0,0,54
02/17/2017,UNV,PA,AEA,EN,Federal Contract Tower,0,32,14,0,46,0,5,57,0,62,0,37,71,0,108,100,0,100,208
02/18/2017,UNV,PA,AEA,EN,Federal Contract Tower,0,28,10,0,38,0,4,41,0,45,0,32,51,0,83,42,0,42,125
02/19/2017,UNV,PA,AEA,EN,Federal Contract Tower,0,19,6,0,25,0,2,33,0,35,0,21,39,0,60,22,0,22,82
02/20/2017,UNV,PA,AEA,EN,Federal Contract Tower,1,24,18,0,43,0,0,37,0,37,1,24,55,0,80,50,0,50,130
02/21/2017,UNV,PA,AEA,EN,Federal Contract Tower,1,33,2,4,40,0,13,21,0,34,1,46,23,4,74,42,0,42,116
02/22/2017,UNV,PA,AEA,EN,Federal Contract Tower,0,28,11,2,41,0,2,9,4,15,0,30,20,6,56,2,6,8,64
02/23/2017,UNV,PA,AEA,EN,Federal Contract Tower,0,29,15,1,45,0,1,22,1,24,0,30,37,2,69,58,4,62,131
02/24/2017,UNV,PA,AEA,EN,Federal Contract Tower,0,29,11,10,50,0,10,49,0,59,0,39,60,10,109,72,16,88,197
02/25/2017,UNV,PA,AEA,EN,Federal Contract Tower,0,20,3,0,23,0,0,0,0,0,0,20,3,0,23,0,0,0,23
02/26/2017,UNV,PA,AEA,EN,Federal Contract Tower,1,21,7,0,29,0,4,10,4,18,1,25,17,4,47,14,0,14,61
02/27/2017,UNV,PA,AEA,EN,Federal Contract Tower,0,25,10,0,35,0,3,21,1,25,0,28,31,1,60,24,0,24,84
02/28/2017,UNV,PA,AEA,EN,Federal Contract Tower,0,26,13,3,42,0,7,23,1,31,0,33,36,4,73,52,0,52,125
03/01/2017,UNV,PA,AEA,EN,Federal Contract Tower,0,30,0,0,30,0,2,2,0,4,0,32,2,0,34,0,0,0,34
03/02/2017,UNV,PA,AEA,EN,Federal Contract Tower,1,30,4,0,35,0,0,2,0,2,1,30,6,0,37,0,0,0,37
03/03/2017,UNV,PA,AEA,EN,Federal Contract Tower,0,29,15,0,44,0,2,7,0,9,0,31,22,0,53,18,0,18,71
03/04/2017,UNV,PA,AEA,EN,Federal Contract Tower,0,31,10,0,41,0,0,5,0,5,0,31,15,0,46,0,0,0,46
03/05/2017,UNV,PA,AEA,EN,Federal Contract Tower,0,20,9,0,29,0,4,27,0,31,0,24,36,0,60,62,0,62,122
03/06/2017,UNV,PA,AEA,EN,Federal Contract Tower,0,27,9,3,39,0,0,10,0,10,0,27,19,3,49,4,0,4,53
03/07/2017,UNV,PA,AEA,EN,Federal Contract Tower,0,27,11,0,38,0,0,0,0,0,0,27,11,0,38,0,0,0,38
03/08/2017,UNV,PA,AEA,EN,Federal Contract Tower,0,29,8,4,41,0,0,6,0,6,0,29,14,4,47,6,0,6,53
03/09/2017,UNV,PA,AEA,EN,Federal Contract Tower,0,30,6,0,36,0,2,7,0,9,0,32,13,0,45,2,0,2,47
03/10/2017,UNV,PA,AEA,EN,Federal Contract Tower,0,21,6,0,27,0,5,0,0,5,0,26,6,0,32,0,0,0,32
03/11/2017,UNV,PA,AEA,EN,Federal Contract Tower,0,27,0,0,27,0,2,3,0,5,0,29,3,0,32,0,0,0,32
03/12/2017,UNV,PA,AEA,EN,Federal Contract Tower,0,22,16,0,38,0,2,5,0,7,0,24,21,0,45,4,0,4,49
03/13/2017,UNV,PA,AEA,EN,Federal Contract Tower,0,22,8,2,32,0,0,16,1,17,0,22,24,3,49,24,14,38,87
03/14/2017,UNV,PA,AEA,EN,Federal Contract Tower,0,6,0,0,6,0,0,0,0,0,0,6,0,0,6,0,0,0,6
03/15/2017,UNV,PA,AEA,EN,Federal Contract Tower,0,14,9,0,23,0,0,1,0,1,0,14,10,0,24,0,0,0,24
03/16/2017,UNV,PA,AEA,EN,Federal Contract Tower,0,26,8,1,35,0,0,5,1,6,0,26,13,2,41,2,0,2,43
03/17/2017,UNV,PA,AEA,EN,Federal Contract Tower,0,24,4,0,28,0,1,18,0,19,0,25,22,0,47,20,0,20,67
03/18/2017,UNV,PA,AEA,EN,Federal Contract Tower,0,18,8,0,26,0,0,0,0,0,0,18,8,0,26,0,0,0,26
03/19/2017,UNV,PA,AEA,EN,Federal Contract Tower,0,19,8,0,27,0,0,7,0,7,0,19,15,0,34,40,0,40,74
03/20/2017,UNV,PA,AEA,EN,Federal Contract Tower,0,21,20,0,41,0,6,21,0,27,0,27,41,0,68,22,0,22,90
03/21/2017,UNV,PA,AEA,EN,Federal Contract Tower,0,28,19,0,47,0,7,10,0,17,0,35,29,0,64,2,2,4,68
03/22/2017,UNV,PA,AEA,EN,Federal Contract Tower,0,27,7,0,34,0,0,14,4,18,0,27,21,4,52,0,2,2,54
03/23/2017,UNV,PA,AEA,EN,Federal Contract Tower,0,33,13,1,47,0,4,28,1,33,0,37,41,2,80,44,2,46,126
03/24/2017,UNV,PA,AEA,EN,Federal Contract Tower,0,29,12,0,41,0,4,2,0,6,0,33,14,0,47,4,2,6,53
03/25/2017,UNV,PA,AEA,EN,Federal Contract Tower,0,24,8,0,32,0,6,17,0,23,0,30,25,0,55,4,0,4,59
03/26/2017,UNV,PA,AEA,EN,Federal Contract Tower,0,24,9,0,33,0,0,0,0,0,0,24,9,0,33,0,0,0,33
03/27/2017,UNV,PA,AEA,EN,Federal Contract Tower,0,22,6,0,28,0,3,6,0,9,0,25,12,0,37,8,0,8,45
03/28/2017,UNV,PA,AEA,EN,Federal Contract Tower,0,24,11,2,37,0,6,0,0,6,0,30,11,2,43,0,0,0,43
03/29/2017,UNV,PA,AEA,EN,Federal Contract Tower,0,25,8,0,33,0,5,17,0,22,0,30,25,0,55,2,0,2,57
03/30/2017,UNV,PA,AEA,EN,Federal Contract Tower,0,25,13,2,40,0,5,9,2,16,0,30,22,4,56,0,0,0,56
03/31/2017,UNV,PA,AEA,EN,Federal Contract Tower,0,29,13,0,42,0,3,0,0,3,0,32,13,0,45,0,0,0,45
04/01/2017,UNV,PA,AEA,EN,Federal Contract Tower,0,23,9,0,32,0,5,19,0,24,0,28,28,0,56,44,0,44,100
04/02/2017,UNV,PA,AEA,EN,Federal Contract Tower,0,24,13,0,37,0,4,80,0,84,0,28,93,0,121,118,0,118,239
04/03/2017,UNV,PA,AEA,EN,Federal Contract Tower,0,23,10,0,33,0,3,34,0,37,0,26,44,0,70,48,2,50,120
04/04/2017,UNV,PA,AEA,EN,Federal Contract Tower,0,23,8,0,31,0,0,4,2,6,0,23,12,2,37,2,0,2,39
04/05/2017,UNV,PA,AEA,EN,Federal Contract Tower,0,27,8,1,36,0,7,46,9,62,0,34,54,10,98,56,14,70,168
04/06/2017,UNV,PA,AEA,EN,Federal Contract Tower,0,23,12,0,35,0,0,0,0,0,0,23,12,0,35,0,0,0,35
04/07/2017,UNV,PA,AEA,EN,Federal Contract Tower,0,28,10,2,40,0,0,4,0,4,0,28,14,2,44,2,0,2,46
04/08/2017,UNV,PA,AEA,EN,Federal Contract Tower,0,24,11,1,36,0,2,48,0,50,0,26,59,1,86,34,0,34,120
04/09/2017,UNV,PA,AEA,EN,Federal Contract Tower,0,24,14,3,41,0,5,60,4,69,0,29,74,7,110,98,4,102,212
04/10/2017,UNV,PA,AEA,EN,Federal Contract Tower,0,22,13,0,35,0,0,30,0,30,0,22,43,0,65,32,0,32,97
04/11/2017,UNV,PA,AEA,EN,Federal Contract Tower,0,24,14,1,39,0,0,17,1,18,0,24,31,2,57,34,10,44,101
04/12/2017,UNV,PA,AEA,EN,Federal Contract Tower,0,25,23,0,48,0,4,26,2,32,0,29,49,2,80,48,2,50,130
04/13/2017,UNV,PA,AEA,EN,Federal Contract Tower,0,29,12,0,41,0,2,36,0,38,0,31,48,0,79,38,0,38,117
04/14/2017,UNV,PA,AEA,EN,Federal Contract Tower,0,28,22,0,50,0,6,47,0,53,0,34,69,0,103,36,0,36,139
04/15/2017,UNV,PA,AEA,EN,Federal Contract Tower,0,19,7,0,26,0,6,13,0,19,0,25,20,0,45,34,0,34,79
04/16/2017,UNV,PA,AEA,EN,Federal Contract Tower,0,20,1,0,21,0,3,5,0,8,0,23,6,0,29,8,0,8,37
04/17/2017,UNV,PA,AEA,EN,Federal Contract Tower,0,27,13,0,40,0,1,17,0,18,0,28,30,0,58,34,2,36,94
04/18/2017,UNV,PA,AEA,EN,Federal Contract Tower,0,26,8,2,36,0,4,34,5,43,0,30,42,7,79,36,0,36,115
04/19/2017,UNV,PA,AEA,EN,Federal Contract Tower,0,29,17,0,46,0,4,6,0,10,0,33,23,0,56,68,0,68,124
04/20/2017,UNV,PA,AEA,EN,Federal Contract Tower,0,29,18,5,52,0,4,16,2,22,0,33,34,7,74,20,8,28,102
04/21/2017,UNV,PA,AEA,EN,Federal Contract Tower,0,27,27,1,55,0,6,16,2,24,0,33,43,3,79,38,2,40,119
04/22/2017,UNV,PA,AEA,EN,Federal Contract Tower,0,20,17,1,38,0,4,8,1,13,0,24,25,2,51,42,0,42,93
04/23/2017,UNV,PA,AEA,EN,Federal Contract Tower,0,19,12,0,31,0,5,39,2,46,0,24,51,2,77,6,2,8,85
04/24/2017,UNV,PA,AEA,EN,Federal Contract Tower,0,22,11,2,35,0,4,16,0,20,0,26,27,2,55,40,0,40,95
04/25/2017,UNV,PA,AEA,EN,Federal Contract Tower,0,27,8,1,36,0,3,2,0,5,0,30,10,1,41,14,2,16,57
04/26/2017,UNV,PA,AEA,EN,Federal Contract Tower,0,25,17,0,42,0,7,14,0,21,0,32,31,0,63,14,0,14,77
04/27/2017,UNV,PA,AEA,EN,Federal Contract Tower,0,24,10,0,34,0,2,9,0,11,0,26,19,0,45,8,0,8,53
04/28/2017,UNV,PA,AEA,EN,Federal Contract Tower,0,27,20,0,47,0,0,37,2,39,0,27,57,2,86,44,2,46,132
04/29/2017,UNV,PA,AEA,EN,Federal Contract Tower,0,21,16,0,37,0,6,13,0,19,0,27,29,0,56,7,0,7,63
04/30/2017,UNV,PA,AEA,EN,Federal Contract Tower,2,17,11,0,30,0,0,33,0,33,2,17,44,0,63,42,0,42,105
05/01/2017,UNV,PA,AEA,EN,Federal Contract Tower,0,24,17,0,41,0,2,2,0,4,0,26,19,0,45,0,0,0,45
05/02/2017,UNV,PA,AEA,EN,Federal Contract Tower,0,28,9,0,37,0,4,9,0,13,0,32,18,0,50,0,0,0,50
05/03/2017,UNV,PA,AEA,EN,Federal Contract Tower,0,32,20,1,53,0,29,1,0,30,0,61,21,1,83,48,0,48,131
05/04/2017,UNV,PA,AEA,EN,Federal Contract Tower,0,28,20,1,49,0,2,25,2,29,0,30,45,3,78,34,0,34,112
05/05/2017,UNV,PA,AEA,EN,Federal Contract Tower,0,28,24,0,52,0,0,1,0,1,0,28,25,0,53,0,0,0,53
05/06/2017,UNV,PA,AEA,EN,Federal Contract Tower,0,23,16,0,39,0,9,2,0,11,0,32,18,0,50,0,0,0,50
05/07/2017,UNV,PA,AEA,EN,Federal Contract Tower,0,25,10,2,37,0,2,20,2,24,0,27,30,4,61,70,0,70,131
05/08/2017,UNV,PA,AEA,EN,Federal Contract Tower,0,29,14,10,53,0,8,28,0,36,0,37,42,10,89,22,0,22,111
05/09/2017,UNV,PA,AEA,EN,Federal Contract Tower,0,30,12,0,42,0,12,30,0,42,0,42,42,0,84,44,0,44,128
05/10/2017,UNV,PA,AEA,EN,Federal Contract Tower,6,35,17,0,58,0,2,35,0,37,6,37,52,0,95,20,2,22,117
05/11/2017,UNV,PA,AEA,EN,Federal Contract Tower,0,30,19,0,49,0,5,8,0,13,0,35,27,0,62,10,0,10,72
05/12/2017,UNV,PA,AEA,EN,Federal Contract Tower,0,29,8,0,37,0,4,19,0,23,0,33,27,0,60,44,0,44,104
05/13/2017,UNV,PA,AEA,EN,Federal Contract Tower,0,28,7,0,35,0,0,4,0,4,0,28,11,0,39,0,0,0,39
05/14/2017,UNV,PA,AEA,EN,Federal Contract Tower,7,22,7,0,36,0,0,9,0,9,7,22,16,0,45,10,0,10,55
05/15/2017,UNV,PA,AEA,EN,Federal Contract Tower,0,29,10,0,39,0,0,24,0,24,0,29,34,0,63,36,0,36,99
05/16/2017,UNV,PA,AEA,EN,Federal Contract Tower,0,34,6,0,40,0,0,50,2,52,0,34,56,2,92,150,2,152,244
05/17/2017,UNV,PA,AEA,EN,Federal Contract Tower,0,28,4,0,32,0,1,30,0,31,0,29,34,0,63,30,0,30,93
05/18/2017,UNV,PA,AEA,EN,Federal Contract Tower,0,33,11,0,44,0,3,22,11,36,0,36,33,11,80,6,0,6,86
05/19/2017,UNV,PA,AEA,EN,Federal Contract Tower,0,31,9,2,42,0,2,23,0,25,0,33,32,2,67,32,0,32,99
05/20/2017,UNV,PA,AEA,EN,Federal Contract Tower,0,23,18,0,41,0,0,4,0,4,0,23,22,0,45,0,0,0,45
05/21/2017,UNV,PA,AEA,EN,Federal Contract Tower,0,27,5,2,34,0,4,19,3,26,0,31,24,5,60,88,0,88,148
05/22/2017,UNV,PA,AEA,EN,Federal Contract Tower,0,23,11,0,34,0,2,9,0,11,0,25,20,0,45,16,0,16,61
05/23/2017,UNV,PA,AEA,EN,Federal Contract Tower,0,27,16,1,44,0,3,51,0,54,0,30,67,1,98,84,0,84,182
05/24/2017,UNV,PA,AEA,EN,Federal Contract Tower,0,34,16,6,56,0,13,16,0,29,0,47,32,6,85,18,0,18,103
05/25/2017,UNV,PA,AEA,EN,Federal Contract Tower,0,29,14,0,43,0,0,3,0,3,0,29,17,0,46,14,0,14,60
05/26/2017,UNV,PA,AEA,EN,Federal Contract Tower,0,31,15,0,46,0,7,4,0,11,0,38,19,0,57,8,0,8,65
05/27/2017,UNV,PA,AEA,EN,Federal Contract Tower,0,25,6,0,31,0,9,24,0,33,0,34,30,0,64,30,0,30,94
05/28/2017,UNV,PA,AEA,EN,Federal Contract Tower,0,17,8,0,25,0,0,3,0,3,0,17,11,0,28,10,0,10,38
05/29/2017,UNV,PA,AEA,EN,Federal Contract Tower,0,21,9,0,30,0,0,11,0,11,0,21,20,0,41,20,0,20,61
05/30/2017,UNV,PA,AEA,EN,Federal Contract Tower,0,22,7,0,29,0,3,2,0,5,0,25,9,0,34,0,0,0,34
05/31/2017,UNV,PA,AEA,EN,Federal Contract Tower,0,31,7,0,38,0,4,17,1,22,0,35,24,1,60,48,8,56,116
06/01/2017,UNV,PA,AEA,EN,Federal Contract Tower,0,29,12,0,41,0,6,65,0,71,0,35,77,0,112,38,0,38,150
06/02/2017,UNV,PA,AEA,EN,Federal Contract Tower,0,30,4,0,34,0,0,21,0,21,0,30,25,0,55,12,0,12,67
06/03/2017,UNV,PA,AEA,EN,Federal Contract Tower,0,20,6,0,26,0,4,54,0,58,0,24,60,0,84,52,0,52,136
06/04/2017,UNV,PA,AEA,EN,Federal Contract Tower,0,27,9,0,36,0,9,24,0,33,0,36,33,0,69,28,0,28,97
06/05/2017,UNV,PA,AEA,EN,Federal Contract Tower,0,23,13,0,36,0,4,23,0,27,0,27,36,0,63,78,0,78,141
06/06/2017,UNV,PA,AEA,EN,Federal Contract Tower,0,26,9,0,35,0,2,20,0,22,0,28,29,0,57,24,0,24,81
06/07/2017,UNV,PA,AEA,EN,Federal Contract Tower,0,29,21,0,50,0,3,11,0,14,0,32,32,0,64,22,0,22,86
06/08/2017,UNV,PA,AEA,EN,Federal Contract Tower,0,30,9,0,39,0,2,41,0,43,0,32,50,0,82,82,0,82,164
06/09/2017,UNV,PA,AEA,EN,Federal Contract Tower,0,30,7,2,39,0,10,34,0,44,0,40,41,2,83,2,0,2,85
06/10/2017,UNV,PA,AEA,EN,Federal Contract Tower,0,22,9,2,33,0,5,58,0,63,0,27,67,2,96,48,0,48,144
06/11/2017,UNV,PA,AEA,EN,Federal Contract Tower,0,28,5,0,33,0,9,53,0,62,0,37,58,0,95,26,0,26,121
06/12/2017,UNV,PA,AEA,EN,Federal Contract Tower,0,29,4,0,33,0,2,33,0,35,0,31,37,0,68,64,2,66,134
06/13/2017,UNV,PA,AEA,EN,Federal Contract Tower,0,29,7,0,36,0,8,31,1,40,0,37,38,1,76,84,2,86,162
06/14/2017,UNV,PA,AEA,EN,Federal Contract Tower,0,31,18,0,49,0,7,21,0,28,0,38,39,0,77,32,0,32,109
06/15/2017,UNV,PA,AEA,EN,Federal Contract Tower,0,29,16,2,47,0,3,5,0,8,0,32,21,2,55,26,4,30,85
06/16/2017,UNV,PA,AEA,EN,Federal Contract Tower,0,24,22,2,48,0,1,0,0,1,0,25,22,2,49,0,0,0,49
06/17/2017,UNV,PA,AEA,EN,Federal Contract Tower,0,26,15,0,41,0,6,9,0,15,0,32,24,0,56,6,0,6,62
06/18/2017,UNV,PA,AEA,EN,Federal Contract Tower,0,25,6,0,31,0,4,7,0,11,0,29,13,0,42,10,0,10,52
06/19/2017,UNV,PA,AEA,EN,Federal Contract Tower,0,18,11,0,29,0,0,6,0,6,0,18,17,0,35,10,0,10,45
06/20/2017,UNV,PA,AEA,EN,Federal Contract Tower,0,32,14,2,48,0,1,46,0,47,0,33,60,2,95,26,6,32,127
06/21/2017,UNV,PA,AEA,EN,Federal Contract Tower,0,28,8,0,36,0,3,28,0,31,0,31,36,0,67,24,0,24,91
06/22/2017,UNV,PA,AEA,EN,Federal Contract Tower,0,26,7,2,35,0,19,2,0,21,0,45,9,2,56,62,2,64,120
06/23/2017,UNV,PA,AEA,EN,Federal Contract Tower,0,28,10,0,38,0,1,0,0,1,0,29,10,0,39,0,0,0,39
06/24/2017,UNV,PA,AEA,EN,Federal Contract Tower,0,23,18,0,41,0,5,47,0,52,0,28,65,0,93,50,0,50,143
06/25/2017,UNV,PA,AEA,EN,Federal Contract Tower,0,28,22,0,50,0,7,39,0,46,0,35,61,0,96,12,8,20,116
06/26/2017,UNV,PA,AEA,EN,Federal Contract Tower,0,25,2,0,27,0,13,20,0,33,0,38,22,0,60,10,0,10,70
06/27/2017,UNV,PA,AEA,EN,Federal Contract Tower,0,35,8,0,43,0,0,8,0,8,0,35,16,0,51,32,0,32,83
06/28/2017,UNV,PA,AEA,EN,Federal Contract Tower,0,31,8,0,39,0,2,42,0,44,0,33,50,0,83,48,0,48,131
06/29/2017,UNV,PA,AEA,EN,Federal Contract Tower,0,28,7,0,35,0,0,30,2,32,0,28,37,2,67,20,0,20,87
06/30/2017,UNV,PA,AEA,EN,Federal Contract Tower,0,27,18,0,45,0,0,20,0,20,0,27,38,0,65,6,0,6,71
07/01/2017,UNV,PA,AEA,EN,Federal Contract Tower,0,23,6,0,29,0,0,9,0,9,0,23,15,0,38,28,0,28,66
07/02/2017,UNV,PA,AEA,EN,Federal Contract Tower,0,21,21,0,42,0,5,39,0,44,0,26,60,0,86,24,0,24,110
07/03/2017,UNV,PA,AEA,EN,Federal Contract Tower,0,21,2,0,23,0,5,28,0,33,0,26,30,0,56,78,0,78,134
07/04/2017,UNV,PA,AEA,EN,Federal Contract Tower,0,23,3,0,26,0,4,19,0,23,0,27,22,0,49,16,0,16,65
07/05/2017,UNV,PA,AEA,EN,Federal Contract Tower,0,33,3,0,36,0,7,16,0,23,0,40,19,0,59,16,0,16,75
07/06/2017,UNV,PA,AEA,EN,Federal Contract Tower,0,33,22,0,55,0,1,2,0,3,0,34,24,0,58,6,0,6,64
07/07/2017,UNV,PA,AEA,EN,Federal Contract Tower,0,26,11,2,39,0,7,30,0,37,0,33,41,2,76,34,0,34,110
07/08/2017,UNV,PA,AEA,EN,Federal Contract Tower,0,25,11,0,36,0,5,29,4,38,0,30,40,4,74,56,0,56,130
07/09/2017,UNV,PA,AEA,EN,Federal Contract Tower,0,27,21,0,48,0,0,62,0,62,0,27,83,0,110,36,0,36,146
07/10/2017,UNV,PA,AEA,EN,Federal Contract Tower,0,25,12,7,44,0,4,29,0,33,0,29,41,7,77,28,0,28,105
07/11/2017,UNV,PA,AEA,EN,Federal Contract Tower,0,28,7,0,35,0,3,3,0,6,0,31,10,0,41,10,0,10,51
07/12/2017,UNV,PA,AEA,EN,Federal Contract Tower,0,35,10,0,45,0,6,9,0,15,0,41,19,0,60,0,4,4,64
07/13/2017,UNV,PA,AEA,EN,Federal Contract Tower,0,28,17,0,45,0,5,9,2,16,0,33,26,2,61,4,0,4,65
07/14/2017,UNV,PA,AEA,EN,Federal Contract Tower,0,28,8,0,36,0,2,5,0,7,0,30,13,0,43,10,0,10,53
07/15/2017,UNV,PA,AEA,EN,Federal Contract Tower,0,26,18,0,44,0,5,30,0,35,0,31,48,0,79,32,0,32,111
07/16/2017,UNV,PA,AEA,EN,Federal Contract Tower,0,27,10,0,37,0,4,45,0,49,0,31,55,0,86,64,0,64,150
07/17/2017,UNV,PA,AEA,EN,Federal Contract Tower,0,23,8,0,31,0,2,31,0,33,0,25,39,0,64,12,0,12,76
07/18/2017,UNV,PA,AEA,EN,Federal Contract Tower,0,30,14,0,44,0,3,27,0,30,0,33,41,0,74,4,2,6,80
07/19/2017,UNV,PA,AEA,EN,Federal Contract Tower,0,32,14,6,52,0,2,31,0,33,0,34,45,6,85,0,0,0,85
07/20/2017,UNV,PA,AEA,EN,Federal Contract Tower,0,28,9,16,53,0,3,19,7,29,0,31,28,23,82,6,8,14,96
07/21/2017,UNV,PA,AEA,EN,Federal Contract Tower,0,29,12,2,43,0,1,27,0,28,0,30,39,2,71,8,0,8,79
07/22/2017,UNV,PA,AEA,EN,Federal Contract Tower,0,22,10,0,32,0,4,11,0,15,0,26,21,0,47,6,0,6,53
07/23/2017,UNV,PA,AEA,EN,Federal Contract Tower,0,24,11,0,35,0,2,2,0,4,0,26,13,0,39,0,0,0,39
07/24/2017,UNV,PA,AEA,EN,Federal Contract Tower,0,29,15,0,44,0,1,16,2,19,0,30,31,2,63,22,0,22,85
07/25/2017,UNV,PA,AEA,EN,Federal Contract Tower,0,30,16,0,46,0,4,11,4,19,0,34,27,4,65,8,0,8,73
07/26/2017,UNV,PA,AEA,EN,Federal Contract Tower,0,30,5,2,37,0,9,22,0,31,0,39,27,2,68,18,2,20,88
07/27/2017,UNV,PA,AEA,EN,Federal Contract Tower,0,30,14,0,44,0,5,9,4,18,0,35,23,4,62,10,0,10,72
07/28/2017,UNV,PA,AEA,EN,Federal Contract Tower,0,28,6,0,34,0,0,4,0,4,0,28,10,0,38,0,0,0,38
07/29/2017,UNV,PA,AEA,EN,Federal Contract Tower,0,22,12,0,34,0,4,10,0,14,0,26,22,0,48,2,0,2,50
07/30/2017,UNV,PA,AEA,EN,Federal Contract Tower,0,21,19,0,40,0,0,35,0,35,0,21,54,0,75,22,0,22,97
07/31/2017,UNV,PA,AEA,EN,Federal Contract Tower,0,25,7,0,32,0,2,18,0,20,0,27,25,0,52,28,0,28,80
08/01/2017,UNV,PA,AEA,EN,Federal Contract Tower,0,27,12,0,39,0,6,27,2,35,0,33,39,2,74,16,0,16,90
08/02/2017,UNV,PA,AEA,EN,Federal Contract Tower,0,32,13,0,45,0,3,19,0,22,0,35,32,0,67,10,0,10,77
08/03/2017,UNV,PA,AEA,EN,Federal Contract Tower,0,26,14,0,40,0,4,22,2,28,0,30,36,2,68,26,0,26,94
08/04/2017,UNV,PA,AEA,EN,Federal Contract Tower,0,32,19,0,51,0,0,11,0,11,0,32,30,0,62,0,0,0,62
08/05/2017,UNV,PA,AEA,EN,Federal Contract Tower,0,22,5,0,27,0,6,8,0,14,0,28,13,0,41,0,0,0,41
08/06/2017,UNV,PA,AEA,EN,Federal Contract Tower,0,29,22,3,54,0,6,27,1,34,0,35,49,4,88,10,0,10,98
08/07/2017,UNV,PA,AEA,EN,Federal Contract Tower,0,27,12,0,39,0,0,0,0,0,0,27,12,0,39,0,0,0,39
08/08/2017,UNV,PA,AEA,EN,Federal Contract Tower,0,28,12,0,40,0,5,30,0,35,0,33,42,0,75,18,0,18,93
08/09/2017,UNV,PA,AEA,EN,Federal Contract Tower,0,29,13,0,42,0,3,42,0,45,0,32,55,0,87,32,0,32,119
08/10/2017,UNV,PA,AEA,EN,Federal Contract Tower,0,27,21,0,48,0,7,24,0,31,0,34,45,0,79,26,0,26,105
08/11/2017,UNV,PA,AEA,EN,Federal Contract Tower,0,30,13,0,43,0,2,8,0,10,0,32,21,0,53,8,0,8,61
08/12/2017,UNV,PA,AEA,EN,Federal Contract Tower,0,19,8,0,27,0,0,12,0,12,0,19,20,0,39,22,0,22,61
08/13/2017,UNV,PA,AEA,EN,Federal Contract Tower,0,25,17,0,42,0,4,38,0,42,0,29,55,0,84,22,0,22,106
08/14/2017,UNV,PA,AEA,EN,Federal Contract Tower,0,26,5,6,37,0,0,7,0,7,0,26,12,6,44,28,0,28,72
08/15/2017,UNV,PA,AEA,EN,Federal Contract Tower,0,29,18,0,47,0,0,23,0,23,0,29,41,0,70,50,0,50,120
08/16/2017,UNV,PA,AEA,EN,Federal Contract Tower,0,31,25,3,59,0,5,39,0,44,0,36,64,3,103,38,0,38,141
08/17/2017,UNV,PA,AEA,EN,Federal Contract Tower,0,24,11,0,35,0,4,17,0,21,0,28,28,0,56,22,0,22,78
08/18/2017,UNV,PA,AEA,EN,Federal Contract Tower,0,27,15,2,44,0,2,6,0,8,0,29,21,2,52,18,0,18,70
08/19/2017,UNV,PA,AEA,EN,Federal Contract Tower,0,21,20,0,41,0,0,33,0,33,0,21,53,0,74,16,0,16,90
08/20/2017,UNV,PA,AEA,EN,Federal Contract Tower,0,24,13,0,37,0,3,46,0,49,0,27,59,0,86,30,0,30,116
08/21/2017,UNV,PA,AEA,EN,Federal Contract Tower,0,26,13,1,40,0,0,19,1,20,0,26,32,2,60,18,0,18,78
08/22/2017,UNV,PA,AEA,EN,Federal Contract Tower,0,27,12,0,39,0,0,8,0,8,0,27,20,0,47,0,0,0,47
08/23/2017,UNV,PA,AEA,EN,Federal Contract Tower,0,30,15,0,45,0,2,28,2,32,0,32,43,2,77,44,0,44,121
08/24/2017,UNV,PA,AEA,EN,Federal Contract Tower,0,30,14,0,44,0,4,24,0,28,0,34,38,0,72,20,0,20,92
08/25/2017,UNV,PA,AEA,EN,Federal Contract Tower,0,29,19,0,48,0,4,33,0,37,0,33,52,0,85,48,0,48,133
08/26/2017,UNV,PA,AEA,EN,Federal Contract Tower,0,22,6,0,28,0,7,51,0,58,0,29,57,0,86,56,0,56,142
08/27/2017,UNV,PA,AEA,EN,Federal Contract Tower,0,23,9,0,32,0,1,35,0,36,0,24,44,0,68,18,0,18,86
08/28/2017,UNV,PA,AEA,EN,Federal Contract Tower,0,25,21,0,46,0,5,20,0,25,0,30,41,0,71,12,0,12,83
08/29/2017,UNV,PA,AEA,EN,Federal Contract Tower,0,29,13,4,46,0,10,4,0,14,0,39,17,4,60,0,0,0,60
08/30/2017,UNV,PA,AEA,EN,Federal Contract Tower,0,31,15,2,48,0,1,12,0,13,0,32,27,2,61,22,18,40,101
08/31/2017,UNV,PA,AEA,EN,Federal Contract Tower,0,28,10,0,38,0,0,9,0,9,0,28,19,0,47,16,0,16,63
09/01/2017,UNV,PA,AEA,EN,Federal Contract Tower,0,33,12,2,47,0,1,24,0,25,0,34,36,2,72,16,0,16,88
09/02/2017,UNV,PA,AEA,EN,Federal Contract Tower,0,26,19,0,45,0,2,4,0,6,0,28,23,0,51,0,0,0,51
09/03/2017,UNV,PA,AEA,EN,Federal Contract Tower,0,20,13,0,33,0,6,11,0,17,0,26,24,0,50,4,0,4,54
09/04/2017,UNV,PA,AEA,EN,Federal Contract Tower,0,23,6,0,29,0,4,55,0,59,0,27,61,0,88,32,0,32,120
09/05/2017,UNV,PA,AEA,EN,Federal Contract Tower,0,27,12,0,39,0,0,1,0,1,0,27,13,0,40,0,0,0,40
09/06/2017,UNV,PA,AEA,EN,Federal Contract Tower,0,29,12,2,43,0,4,3,0,7,0,33,15,2,50,0,0,0,50
09/07/2017,UNV,PA,AEA,EN,Federal Contract Tower,0,31,24,0,55,0,8,10,0,18,0,39,34,0,73,4,8,12,85
09/08/2017,UNV,PA,AEA,EN,Federal Contract Tower,0,41,23,2,66,0,4,17,1,22,0,45,40,3,88,8,16,24,112
09/09/2017,UNV,PA,AEA,EN,Federal Contract Tower,0,41,39,0,80,0,10,41,2,53,0,51,80,2,133,22,2,24,157
09/10/2017,UNV,PA,AEA,EN,Federal Contract Tower,0,36,20,1,57,0,6,57,0,63,0,42,77,1,120,42,0,42,162
09/11/2017,UNV,PA,AEA,EN,Federal Contract Tower,0,25,6,9,40,0,4,26,4,34,0,29,32,13,74,28,0,28,102
09/12/2017,UNV,PA,AEA,EN,Federal Contract Tower,0,29,15,5,49,0,2,25,0,27,0,31,40,5,76,40,0,40,116
09/13/2017,UNV,PA,AEA,EN,Federal Contract Tower,0,33,20,0,53,0,0,7,0,7,0,33,27,0,60,38,0,38,98
09/14/2017,UNV,PA,AEA,EN,Federal Contract Tower,0,29,9,2,40,0,0,5,0,5,0,29,14,2,45,12,8,20,65
09/15/2017,UNV,PA,AEA,EN,Federal Contract Tower,0,37,20,2,59,0,7,20,0,27,0,44,40,2,86,8,6,14,100
09/16/2017,UNV,PA,AEA,EN,Federal Contract Tower,0,31,19,0,50,0,8,40,0,48,0,39,59,0,98,4,0,4,102
09/17/2017,UNV,PA,AEA,EN,Federal Contract Tower,0,31,26,0,57,0,2,31,0,33,0,33,57,0,90,26,0,26,116
09/18/2017,UNV,PA,AEA,EN,Federal Contract Tower,0,24,11,0,35,0,0,18,0,18,0,24,29,0,53,0,0,0,53
09/19/2017,UNV,PA,AEA,EN,Federal Contract Tower,1,30,8,0,39,0,0,14,0,14,1,30,22,0,53,0,0,0,53
09/20/2017,UNV,PA,AEA,EN,Federal Contract Tower,0,28,22,0,50,0,6,23,0,29,0,34,45,0,79,14,10,24,103
09/21/2017,UNV,PA,AEA,EN,Federal Contract Tower,0,33,6,0,39,0,4,33,0,37,0,37,39,0,76,2,0,2,78
09/22/2017,UNV,PA,AEA,EN,Federal Contract Tower,2,32,13,0,47,0,4,32,0,36,2,36,45,0,83,4,0,4,87
09/23/2017,UNV,PA,AEA,EN,Federal Contract Tower,0,22,13,1,36,0,4,25,1,30,0,26,38,2,66,4,0,4,70
09/24/2017,UNV,PA,AEA,EN,Federal Contract Tower,0,28,17,0,45,0,4,47,0,51,0,32,64,0,96,0,0,0,96
09/25/2017,UNV,PA,AEA,EN,Federal Contract Tower,0,28,6,0,34,0,4,25,0,29,0,32,31,0,63,0,0,0,63
09/26/2017,UNV,PA,AEA,EN,Federal Contract Tower,0,33,10,0,43,0,3,17,0,20,0,36,27,0,63,0,0,0,63
09/27/2017,UNV,PA,AEA,EN,Federal Contract Tower,0,31,14,0,45,0,1,19,0,20,0,32,33,0,65,13,0,13,78
09/28/2017,UNV,PA,AEA,EN,Federal Contract Tower,0,29,10,0,39,0,4,20,0,24,0,33,30,0,63,16,0,16,79
09/29/2017,UNV,PA,AEA,EN,Federal Contract Tower,2,38,21,2,63,0,4,30,0,34,2,42,51,2,97,0,0,0,97
09/30/2017,UNV,PA,AEA,EN,Federal Contract Tower,2,34,19,0,55,0,6,30,1,37,2,40,49,1,92,0,0,0,92
10/01/2017,UNV,PA,AEA,EN,Federal Contract Tower,0,35,22,0,57,0,0,32,0,32,0,35,54,0,89,10,0,10,99
10/02/2017,UNV,PA,AEA,EN,Federal Contract Tower,0,28,9,2,39,0,2,27,0,29,0,30,36,2,68,20,0,20,88
10/03/2017,UNV,PA,AEA,EN,Federal Contract Tower,0,32,13,2,47,0,2,17,0,19,0,34,30,2,66,18,8,26,92
10/04/2017,UNV,PA,AEA,EN,Federal Contract Tower,0,33,18,2,53,0,0,28,0,28,0,33,46,2,81,28,0,28,109
10/05/2017,UNV,PA,AEA,EN,Federal Contract Tower,0,30,21,0,51,0,4,13,0,17,0,34,34,0,68,28,0,28,96
10/06/2017,UNV,PA,AEA,EN,Federal Contract Tower,2,30,19,0,51,0,2,15,0,17,2,32,34,0,68,18,0,18,86
10/07/2017,UNV,PA,AEA,EN,Federal Contract Tower,2,30,6,0,38,0,4,17,0,21,2,34,23,0,59,12,0,12,71
10/08/2017,UNV,PA,AEA,EN,Federal Contract Tower,0,23,11,0,34,0,3,3,0,6,0,26,14,0,40,18,0,18,58
10/09/2017,UNV,PA,AEA,EN,Federal Contract Tower,0,26,7,0,33,0,1,0,0,1,0,27,7,0,34,0,0,0,34
10/10/2017,UNV,PA,AEA,EN,Federal Contract Tower,0,31,16,0,47,0,5,25,0,30,0,36,41,0,77,0,2,2,79
10/11/2017,UNV,PA,AEA,EN,Federal Contract Tower,0,29,12,0,41,0,0,0,0,0,0,29,12,0,41,0,0,0,41
10/12/2017,UNV,PA,AEA,EN,Federal Contract Tower,0,34,21,0,55,0,0,4,0,4,0,34,25,0,59,0,0,0,59
10/13/2017,UNV,PA,AEA,EN,Federal Contract Tower,0,33,26,2,61,0,0,6,0,6,0,33,32,2,67,16,0,16,83
10/14/2017,UNV,PA,AEA,EN,Federal Contract Tower,1,20,23,0,44,0,0,5,0,5,1,20,28,0,49,14,0,14,63
10/15/2017,UNV,PA,AEA,EN,Federal Contract Tower,0,23,20,0,43,0,4,23,4,31,0,27,43,4,74,10,0,10,84
10/16/2017,UNV,PA,AEA,EN,Federal Contract Tower,0,29,11,0,40,0,0,26,3,29,0,29,37,3,69,6,0,6,75
10/17/2017,UNV,PA,AEA,EN,Federal Contract Tower,0,31,9,0,40,0,2,15,0,17,0,33,24,0,57,18,0,18,75
10/18/2017,UNV,PA,AEA,EN,Federal Contract Tower,0,30,8,0,38,0,4,19,6,29,0,34,27,6,67,8,0,8,75
10/19/2017,UNV,PA,AEA,EN,Federal Contract Tower,0,48,31,0,79,0,6,31,0,37,0,54,62,0,116,8,0,8,124
10/20/2017,UNV,PA,AEA,EN,Federal Contract Tower,2,46,38,0,86,0,6,62,2,70,2,52,100,2,156,24,0,24,180
10/21/2017,UNV,PA,AEA,EN,Federal Contract Tower,1,62,84,0,147,0,12,102,0,114,1,74,186,0,261,0,0,0,261
10/22/2017,UNV,PA,AEA,EN,Federal Contract Tower,0,55,46,0,101,0,2,100,1,103,0,57,146,1,204,16,0,16,220
10/23/2017,UNV,PA,AEA,EN,Federal Contract Tower,0,26,13,0,39,0,0,12,0,12,0,26,25,0,51,12,0,12,63
10/24/2017,UNV,PA,AEA,EN,Federal Contract Tower,0,33,6,2,41,0,7,22,0,29,0,40,28,2,70,44,0,44,114
10/25/2017,UNV,PA,AEA,EN,Federal Contract Tower,0,30,10,0,40,0,2,15,0,17,0,32,25,0,57,10,2,12,69
10/26/2017,UNV,PA,AEA,EN,Federal Contract Tower,2,28,9,0,39,0,6,21,0,27,2,34,30,0,66,18,0,18,84
10/27/2017,UNV,PA,AEA,EN,Federal Contract Tower,2,34,13,0,49,0,1,24,1,26,2,35,37,1,75,18,0,18,93
10/28/2017,UNV,PA,AEA,EN,Federal Contract Tower,0,19,6,0,25,0,8,16,0,24,0,27,22,0,49,14,0,14,63
10/29/2017,UNV,PA,AEA,EN,Federal Contract Tower,0,25,5,0,30,0,0,0,0,0,0,25,5,0,30,0,0,0,30
10/30/2017,UNV,PA,AEA,EN,Federal Contract Tower,0,29,6,0,35,0,3,2,0,5,0,32,8,0,40,6,0,6,46
10/31/2017,UNV,PA,AEA,EN,Federal Contract Tower,0,30,7,0,37,0,1,14,0,15,0,31,21,0,52,4,0,4,56
11/01/2017,UNV,PA,AEA,EN,Federal Contract Tower,0,31,12,0,43,0,0,8,0,8,0,31,20,0,51,4,0,4,55
11/02/2017,UNV,PA,AEA,EN,Federal Contract Tower,0,35,8,0,43,0,9,15,0,24,0,44,23,0,67,36,0,36,103
11/03/2017,UNV,PA,AEA,EN,Federal Contract Tower,2,41,16,2,61,0,4,11,1,16,2,45,27,3,77,32,0,32,109
11/04/2017,UNV,PA,AEA,EN,Federal Contract Tower,0,21,10,0,31,0,4,27,0,31,0,25,37,0,62,16,0,16,78
11/05/2017,UNV,PA,AEA,EN,Federal Contract Tower,0,21,6,0,27,0,0,0,0,0,0,21,6,0,27,0,0,0,27
11/06/2017,UNV,PA,AEA,EN,Federal Contract Tower,0,25,5,0,30,0,2,7,0,9,0,27,12,0,39,6,0,6,45
11/07/2017,UNV,PA,AEA,EN,Federal Contract Tower,0,28,7,0,35,0,0,5,0,5,0,28,12,0,40,8,0,8,48
11/08/2017,UNV,PA,AEA,EN,Federal Contract Tower,0,32,22,3,57,0,7,31,0,38,0,39,53,3,95,18,16,34,129
11/09/2017,UNV,PA,AEA,EN,Federal Contract Tower,0,35,13,5,53,0,2,2,2,6,0,37,15,7,59,0,6,6,65
11/10/2017,UNV,PA,AEA,EN,Federal Contract Tower,0,34,20,2,56,0,4,17,0,21,0,38,37,2,77,0,4,4,81
11/11/2017,UNV,PA,AEA,EN,Federal Contract Tower,0,33,22,0,55,0,11,43,6,60,0,44,65,6,115,6,0,6,121
11/12/2017,UNV,PA,AEA,EN,Federal Contract Tower,0,26,9,5,40,0,4,54,0,58,0,30,63,5,98,34,0,34,132
11/13/2017,UNV,PA,AEA,EN,Federal Contract Tower,0,25,14,8,47,0,4,17,0,21,0,29,31,8,68,60,8,68,136
11/14/2017,UNV,PA,AEA,EN,Federal Contract Tower,0,30,12,0,42,0,5,13,0,18,0,35,25,0,60,46,0,46,106
11/15/2017,UNV,PA,AEA,EN,Federal Contract Tower,0,28,15,0,43,0,5,13,2,20,0,33,28,2,63,30,4,34,97
11/16/2017,UNV,PA,AEA,EN,Federal Contract Tower,0,30,11,0,41,0,4,3,0,7,0,34,14,0,48,0,0,0,48
11/17/2017,UNV,PA,AEA,EN,Federal Contract Tower,2,32,28,8,70,0,6,38,0,44,2,38,66,8,114,38,0,38,152
11/18/2017,UNV,PA,AEA,EN,Federal Contract Tower,2,37,23,0,62,0,0,0,0,0,2,37,23,0,62,0,0,0,62
11/19/2017,UNV,PA,AEA,EN,Federal Contract Tower,0,23,18,0,41,0,3,0,0,3,0,26,18,0,44,0,0,0,44
11/20/2017,UNV,PA,AEA,EN,Federal Contract Tower,0,26,10,2,38,0,2,11,0,13,0,28,21,2,51,16,0,16,67
11/21/2017,UNV,PA,AEA,EN,Federal Contract Tower,0,28,8,0,36,0,0,20,0,20,0,28,28,0,56,8,0,8,64
11/22/2017,UNV,PA,AEA,EN,Federal Contract Tower,0,27,6,2,35,0,2,3,0,5,0,29,9,2,40,0,0,0,40
11/23/2017,UNV,PA,AEA,EN,Federal Contract Tower,2,14,1,0,17,0,2,15,0,17,2,16,16,0,34,6,0,6,40
11/24/2017,UNV,PA,AEA,EN,Federal Contract Tower,0,23,4,0,27,0,4,47,3,54,0,27,51,3,81,52,2,54,135
11/25/2017,UNV,PA,AEA,EN,Federal Contract Tower,1,28,9,0,38,0,5,13,0,18,1,33,22,0,56,6,0,6,62
11/26/2017,UNV,PA,AEA,EN,Federal Contract Tower,0,24,12,0,36,0,3,15,0,18,0,27,27,0,54,2,0,2,56
11/27/2017,UNV,PA,AEA,EN,Federal Contract Tower,0,24,12,1,37,0,5,14,0,19,0,29,26,1,56,0,0,0,56
11/28/2017,UNV,PA,AEA,EN,Federal Contract Tower,0,29,6,0,35,0,3,22,2,27,0,32,28,2,62,30,12,42,104
11/29/2017,UNV,PA,AEA,EN,Federal Contract Tower,0,31,10,0,41,0,8,27,1,36,0,39,37,1,77,18,2,20,97
11/30/2017,UNV,PA,AEA,EN,Federal Contract Tower,0,35,14,0,49,0,6,13,0,19,0,41,27,0,68,32,0,32,100
12/01/2017,UNV,PA,AEA,EN,Federal Contract Tower,0,29,18,0,47,0,0,25,0,25,0,29,43,0,72,18,0,18,90
12/02/2017,UNV,PA,AEA,EN,Federal Contract Tower,0,26,17,0,43,0,2,36,8,46,0,28,53,8,89,40,0,40,129
12/03/2017,UNV,PA,AEA,EN,Federal Contract Tower,2,20,14,1,37,0,4,36,1,41,2,24,50,2,78,38,8,46,124
12/04/2017,UNV,PA,AEA,EN,Federal Contract Tower,0,25,5,2,32,0,4,17,0,21,0,29,22,2,53,10,0,10,63
12/05/2017,UNV,PA,AEA,EN,Federal Contract Tower,2,27,14,10,53,0,1,0,0,1,2,28,14,10,54,0,0,0,54
12/06/2017,UNV,PA,AEA,EN,Federal Contract Tower,0,34,3,4,41,0,8,8,0,16,0,42,11,4,57,18,0,18,75
12/07/2017,UNV,PA,AEA,EN,Federal Contract Tower,0,31,9,1,41,0,1,8,1,10,0,32,17,2,51,22,0,22,73
12/08/2017,UNV,PA,AEA,EN,Federal Contract Tower,0,32,11,0,43,0,3,18,0,21,0,35,29,0,64,8,0,8,72
12/09/2017,UNV,PA,AEA,EN,Federal Contract Tower,0,22,3,0,25,0,3,15,0,18,0,25,18,0,43,0,0,0,43
12/10/2017,UNV,PA,AEA,EN,Federal Contract Tower,0,22,8,0,30,0,4,6,0,10,0,26,14,0,40,4,0,4,44
12/11/2017,UNV,PA,AEA,EN,Federal Contract Tower,0,25,14,0,39,0,1,6,2,9,0,26,20,2,48,12,0,12,60
12/12/2017,UNV,PA,AEA,EN,Federal Contract Tower,2,32,6,0,40,0,3,0,0,3,2,35,6,0,43,0,0,0,43
12/13/2017,UNV,PA,AEA,EN,Federal Contract Tower,0,25,9,0,34,0,4,3,2,9,0,29,12,2,43,0,0,0,43
12/14/2017,UNV,PA,AEA,EN,Federal Contract Tower,0,28,15,0,43,0,2,6,2,10,0,30,21,2,53,16,0,16,69
12/15/2017,UNV,PA,AEA,EN,Federal Contract Tower,2,29,12,0,43,0,3,8,0,11,2,32,20,0,54,32,0,32,86
12/16/2017,UNV,PA,AEA,EN,Federal Contract Tower,0,26,3,0,29,0,5,5,0,10,0,31,8,0,39,30,0,30,69
12/17/2017,UNV,PA,AEA,EN,Federal Contract Tower,0,22,6,0,28,0,0,21,0,21,0,22,27,0,49,20,0,20,69
12/18/2017,UNV,PA,AEA,EN,Federal Contract Tower,0,26,9,0,35,0,2,5,0,7,0,28,14,0,42,4,0,4,46
12/19/2017,UNV,PA,AEA,EN,Federal Contract Tower,0,29,4,0,33,0,4,15,0,19,0,33,19,0,52,10,0,10,62
12/20/2017,UNV,PA,AEA,EN,Federal Contract Tower,0,33,9,0,42,0,3,12,0,15,0,36,21,0,57,32,0,32,89
12/21/2017,UNV,PA,AEA,EN,Federal Contract Tower,0,31,19,0,50,0,5,24,2,31,0,36,43,2,81,54,0,54,135
12/22/2017,UNV,PA,AEA,EN,Federal Contract Tower,0,32,4,1,37,0,7,4,1,12,0,39,8,2,49,0,0,0,49
12/23/2017,UNV,PA,AEA,EN,Federal Contract Tower,0,24,2,0,26,0,2,0,0,2,0,26,2,0,28,0,0,0,28
12/24/2017,UNV,PA,AEA,EN,Federal Contract Tower,0,19,3,0,22,0,6,14,0,20,0,25,17,0,42,8,0,8,50
12/25/2017,UNV,PA,AEA,EN,Federal Contract Tower,0,11,0,0,11,0,2,0,0,2,0,13,0,0,13,6,0,6,19
12/26/2017,UNV,PA,AEA,EN,Federal Contract Tower,0,21,2,0,23,0,2,4,0,6,0,23,6,0,29,6,0,6,35
12/27/2017,UNV,PA,AEA,EN,Federal Contract Tower,3,28,7,0,38,0,2,7,0,9,3,30,14,0,47,2,0,2,49
12/28/2017,UNV,PA,AEA,EN,Federal Contract Tower,0,29,6,0,35,0,8,13,0,21,0,37,19,0,56,4,0,4,60
12/29/2017,UNV,PA,AEA,EN,Federal Contract Tower,0,22,1,0,23,0,6,2,0,8,0,28,3,0,31,4,0,4,35
12/30/2017,UNV,PA,AEA,EN,Federal Contract Tower,0,16,2,0,18,0,2,0,0,2,0,18,2,0,20,0,0,0,20
12/31/2017,UNV,PA,AEA,EN,Federal Contract Tower,4,25,4,0,33,0,6,1,0,7,4,31,5,0,40,0,0,0,40
01/01/2018,UNV,PA,AEA,EN,Federal Contract Tower,0,17,3,0,20,0,3,5,0,8,0,20,8,0,28,0,0,0,28
01/02/2018,UNV,PA,AEA,EN,Federal Contract Tower,0,26,4,0,30,0,1,5,0,6,0,27,9,0,36,0,0,0,36
01/03/2018,UNV,PA,AEA,EN,Federal Contract Tower,0,32,9,0,41,0,6,14,0,20,0,38,23,0,61,42,0,42,103
01/04/2018,UNV,PA,AEA,EN,Federal Contract Tower,2,21,3,0,26,0,4,0,0,4,2,25,3,0,30,2,0,2,32
01/05/2018,UNV,PA,AEA,EN,Federal Contract Tower,0,26,6,0,32,0,0,0,0,0,0,26,6,0,32,0,0,0,32
01/06/2018,UNV,PA,AEA,EN,Federal Contract Tower,1,22,6,0,29,0,0,2,0,2,1,22,8,0,31,0,0,0,31
01/07/2018,UNV,PA,AEA,EN,Federal Contract Tower,0,18,10,0,28,0,3,20,0,23,0,21,30,0,51,0,0,0,51
01/08/2018,UNV,PA,AEA,EN,Federal Contract Tower,0,21,5,0,26,0,0,2,0,2,0,21,7,0,28,6,0,6,34
01/09/2018,UNV,PA,AEA,EN,Federal Contract Tower,0,32,8,0,40,0,0,12,0,12,0,32,20,0,52,14,0,14,66
01/10/2018,UNV,PA,AEA,EN,Federal Contract Tower,0,28,12,0,40,0,4,21,2,27,0,32,33,2,67,48,6,54,121
01/11/2018,UNV,PA,AEA,EN,Federal Contract Tower,2,30,7,2,41,0,4,5,0,9,2,34,12,2,50,16,0,16,66
01/12/2018,UNV,PA,AEA,EN,Federal Contract Tower,1,23,7,0,31,0,0,0,0,0,1,23,7,0,31,0,0,0,31
01/13/2018,UNV,PA,AEA,EN,Federal Contract Tower,0,25,8,0,33,0,2,0,0,2,0,27,8,0,35,0,0,0,35
01/14/2018,UNV,PA,AEA,EN,Federal Contract Tower,0,26,7,0,33,0,2,10,0,12,0,28,17,0,45,32,0,32,77
01/15/2018,UNV,PA,AEA,EN,Federal Contract Tower,0,26,5,0,31,0,2,8,0,10,0,28,13,0,41,24,0,24,65
01/16/2018,UNV,PA,AEA,EN,Federal Contract Tower,0,31,11,0,42,0,0,0,0,0,0,31,11,0,42,0,0,0,42
01/17/2018,UNV,PA,AEA,EN,Federal Contract Tower,0,39,7,6,52,0,5,2,0,7,0,44,9,6,59,6,0,6,65
01/18/2018,UNV,PA,AEA,EN,Federal Contract Tower,0,31,7,0,38,0,6,11,2,19,0,37,18,2,57,0,0,0,57
01/19/2018,UNV,PA,AEA,EN,Federal Contract Tower,0,30,11,0,41,0,4,9,0,13,0,34,20,0,54,0,0,0,54
01/20/2018,UNV,PA,AEA,EN,Federal Contract Tower,0,24,6,0,30,0,4,33,0,37,0,28,39,0,67,14,0,14,81
01/21/2018,UNV,PA,AEA,EN,Federal Contract Tower,2,18,5,0,25,0,0,0,0,0,2,18,5,0,25,0,0,0,25
01/22/2018,UNV,PA,AEA,EN,Federal Contract Tower,0,22,16,0,38,0,0,2,0,2,0,22,18,0,40,0,0,0,40
01/23/2018,UNV,PA,AEA,EN,Federal Contract Tower,1,26,8,0,35,0,2,3,0,5,1,28,11,0,40,4,2,6,46
01/24/2018,UNV,PA,AEA,EN,Federal Contract Tower,0,29,6,0,35,0,3,0,0,3,0,32,6,0,38,0,0,0,38
01/25/2018,UNV,PA,AEA,EN,Federal Contract Tower,0,31,5,0,36,0,6,21,0,27,0,37,26,0,63,16,0,16,79
01/26/2018,UNV,PA,AEA,EN,Federal Contract Tower,0,30,19,0,49,0,1,36,0,37,0,31,55,0,86,32,0,32,118
01/27/2018,UNV,PA,AEA,EN,Federal Contract Tower,0,25,9,0,34,0,4,25,0,29,0,29,34,0,63,10,0,10,73
01/28/2018,UNV,PA,AEA,EN,Federal Contract Tower,0,27,5,0,32,0,5,17,0,22,0,32,22,0,54,56,0,56,110
01/29/2018,UNV,PA,AEA,EN,Federal Contract Tower,0,28,6,0,34,0,0,22,2,24,0,28,28,2,58,16,0,16,74
01/30/2018,UNV,PA,AEA,EN,Federal Contract Tower,0,33,3,1,37,0,9,2,0,11,0,42,5,1,48,0,0,0,48
01/31/2018,UNV,PA,AEA,EN,Federal Contract Tower,0,30,5,2,37,0,1,6,6,13,0,31,11,8,50,0,0,0,50
02/01/2018,UNV,PA,AEA,EN,Federal Contract Tower,1,28,5,0,34,0,4,0,0,4,1,32,5,0,38,0,0,0,38
02/02/2018,UNV,PA,AEA,EN,Federal Contract Tower,1,27,13,0,41,0,4,0,0,4,1,31,13,0,45,0,0,0,45
02/03/2018,UNV,PA,AEA,EN,Federal Contract Tower,3,27,6,0,36,0,2,22,0,24,3,29,28,0,60,44,0,44,104
02/04/2018,UNV,PA,AEA,EN,Federal Contract Tower,0,24,7,0,31,0,0,0,0,0,0,24,7,0,31,0,0,0,31
02/05/2018,UNV,PA,AEA,EN,Federal Contract Tower,0,24,10,0,34,0,5,4,0,9,0,29,14,0,43,0,0,0,43
02/06/2018,UNV,PA,AEA,EN,Federal Contract Tower,0,28,5,0,33,0,7,1,0,8,0,35,6,0,41,0,0,0,41
02/07/2018,UNV,PA,AEA,EN,Federal Contract Tower,0,25,2,0,27,0,0,0,0,0,0,25,2,0,27,0,0,0,27
02/08/2018,UNV,PA,AEA,EN,Federal Contract Tower,0,28,9,0,37,0,4,14,2,20,0,32,23,2,57,0,0,0,57
02/09/2018,UNV,PA,AEA,EN,Federal Contract Tower,0,27,15,2,44,0,5,4,0,9,0,32,19,2,53,0,0,0,53
02/10/2018,UNV,PA,AEA,EN,Federal Contract Tower,0,23,8,0,31,0,4,10,0,14,0,27,18,0,45,18,0,18,63
02/11/2018,UNV,PA,AEA,EN,Federal Contract Tower,0,19,3,0,22,0,0,0,0,0,0,19,3,0,22,0,0,0,22
02/12/2018,UNV,PA,AEA,EN,Federal Contract Tower,0,24,11,0,35,0,5,12,4,21,0,29,23,4,56,6,0,6,62
02/13/2018,UNV,PA,AEA,EN,Federal Contract Tower,0,28,10,2,40,0,2,18,0,20,0,30,28,2,60,18,2,20,80
02/14/2018,UNV,PA,AEA,EN,Federal Contract Tower,1,26,8,0,35,0,0,7,4,11,1,26,15,4,46,14,0,14,60
02/15/2018,UNV,PA,AEA,EN,Federal Contract Tower,0,31,12,0,43,0,2,4,0,6,0,33,16,0,49,14,0,14,63
02/16/2018,UNV,PA,AEA,EN,Federal Contract Tower,0,25,6,0,31,0,2,3,0,5,0,27,9,0,36,0,0,0,36
02/17/2018,UNV,PA,AEA,EN,Federal Contract Tower,0,21,7,0,28,0,1,12,0,13,0,22,19,0,41,26,0,26,67
02/18/2018,UNV,PA,AEA,EN,Federal Contract Tower,0,21,10,0,31,0,3,7,0,10,0,24,17,0,41,0,0,0,41
02/19/2018,UNV,PA,AEA,EN,Federal Contract Tower,0,23,8,0,31,0,0,0,0,0,0,23,8,0,31,0,0,0,31
02/20/2018,UNV,PA,AEA,EN,Federal Contract Tower,1,31,13,0,45,0,6,15,0,21,1,37,28,0,66,60,0,60,126
02/21/2018,UNV,PA,AEA,EN,Federal Contract Tower,0,30,17,7,54,0,0,14,0,14,0,30,31,7,68,0,0,0,68
02/22/2018,UNV,PA,AEA,EN,Federal Contract Tower,2,27,11,0,40,0,0,0,0,0,2,27,11,0,40,0,0,0,40
02/23/2018,UNV,PA,AEA,EN,Federal Contract Tower,0,26,7,0,33,0,0,0,0,0,0,26,7,0,33,0,0,0,33
02/24/2018,UNV,PA,AEA,EN,Federal Contract Tower,0,31,6,0,37,0,0,0,0,0,0,31,6,0,37,0,0,0,37
02/25/2018,UNV,PA,AEA,EN,Federal Contract Tower,0,25,6,0,31,0,2,4,0,6,0,27,10,0,37,8,0,8,45
02/26/2018,UNV,PA,AEA,EN,Federal Contract Tower,0,20,9,0,29,0,7,23,0,30,0,27,32,0,59,32,0,32,91
02/27/2018,UNV,PA,AEA,EN,Federal Contract Tower,0,30,13,0,43,0,0,23,0,23,0,30,36,0,66,38,0,38,104
02/28/2018,UNV,PA,AEA,EN,Federal Contract Tower,0,25,11,3,39,0,2,19,2,23,0,27,30,5,62,56,0,56,118
03/01/2018,UNV,PA,AEA,EN,Federal Contract Tower,1,31,5,2,39,0,0,1,0,1,1,31,6,2,40,0,0,0,40
03/02/2018,UNV,PA,AEA,EN,Federal Contract Tower,0,19,5,0,24,0,0,0,0,0,0,19,5,0,24,0,0,0,24
03/03/2018,UNV,PA,AEA,EN,Federal Contract Tower,0,23,16,0,39,0,1,0,0,1,0,24,16,0,40,0,0,0,40
03/04/2018,UNV,PA,AEA,EN,Federal Contract Tower,0,21,4,0,25,0,4,9,0,13,0,25,13,0,38,0,0,0,38
03/05/2018,UNV,PA,AEA,EN,Federal Contract Tower,0,26,1,0,27,0,0,30,0,30,0,26,31,0,57,52,0,52,109
03/06/2018,UNV,PA,AEA,EN,Federal Contract Tower,0,26,5,0,31,0,0,0,0,0,0,26,5,0,31,0,0,0,31
03/07/2018,UNV,PA,AEA,EN,Federal Contract Tower,0,23,2,0,25,0,0,0,0,0,0,23,2,0,25,0,0,0,25
03/08/2018,UNV,PA,AEA,EN,Federal Contract Tower,0,27,2,0,29,0,4,2,1,7,0,31,4,1,36,0,0,0,36
03/09/2018,UNV,PA,AEA,EN,Federal Contract Tower,0,29,2,4,35,0,3,0,0,3,0,32,2,4,38,0,0,0,38
03/10/2018,UNV,PA,AEA,EN,Federal Contract Tower,0,25,4,0,29,0,0,17,0,17,0,25,21,0,46,28,0,28,74
03/11/2018,UNV,PA,AEA,EN,Federal Contract Tower,0,25,14,0,39,0,2,49,0,51,0,27,63,0,90,52,0,52,142
03/12/2018,UNV,PA,AEA,EN,Federal Contract Tower,0,26,5,0,31,0,5,3,0,8,0,31,8,0,39,12,4,16,55
03/13/2018,UNV,PA,AEA,EN,Federal Contract Tower,0,31,9,0,40,0,2,1,2,5,0,33,10,2,45,0,0,0,45
03/14/2018,UNV,PA,AEA,EN,Federal Contract Tower,1,31,12,0,44,0,6,1,0,7,1,37,13,0,51,0,0,0,51
03/15/2018,UNV,PA,AEA,EN,Federal Contract Tower,1,30,9,2,42,0,0,8,2,10,1,30,17,4,52,16,0,16,68
03/16/2018,UNV,PA,AEA,EN,Federal Contract Tower,0,32,8,0,40,0,5,5,0,10,0,37,13,0,50,0,0,0,50
03/17/2018,UNV,PA,AEA,EN,Federal Contract Tower,0,23,8,0,31,0,0,47,0,47,0,23,55,0,78,22,0,22,100
03/18/2018,UNV,PA,AEA,EN,Federal Contract Tower,1,23,2,0,26,0,6,53,0,59,1,29,55,0,85,48,0,48,133
03/19/2018,UNV,PA,AEA,EN,Federal Contract Tower,0,25,13,0,38,0,6,48,2,56,0,31,61,2,94,28,0,28,122
03/20/2018,UNV,PA,AEA,EN,Federal Contract Tower,0,28,14,0,42,0,2,2,0,4,0,30,16,0,46,0,0,0,46
03/21/2018,UNV,PA,AEA,EN,Federal Contract Tower,0,15,1,0,16,0,1,0,0,1,0,16,1,0,17,0,0,0,17
03/22/2018,UNV,PA,AEA,EN,Federal Contract Tower,0,22,5,0,27,0,2,3,0,5,0,24,8,0,32,6,0,6,38
03/23/2018,UNV,PA,AEA,EN,Federal Contract Tower,0,27,13,1,41,0,5,11,1,17,0,32,24,2,58,8,4,12,70
03/24/2018,UNV,PA,AEA,EN,Federal Contract Tower,0,18,7,0,25,0,3,30,0,33,0,21,37,0,58,2,0,2,60
03/25/2018,UNV,PA,AEA,EN,Federal Contract Tower,0,20,3,0,23,0,14,20,0,34,0,34,23,0,57,4,0,4,61
03/26/2018,UNV,PA,AEA,EN,Federal Contract Tower,0,24,12,0,36,0,2,17,2,21,0,26,29,2,57,34,0,34,91
03/27/2018,UNV,PA,AEA,EN,Federal Contract Tower,0,26,18,0,44,0,0,3,0,3,0,26,21,0,47,0,0,0,47
03/28/2018,UNV,PA,AEA,EN,Federal Contract Tower,0,25,17,0,42,0,0,0,0,0,0,25,17,0,42,0,0,0,42
03/29/2018,UNV,PA,AEA,EN,Federal Contract Tower,0,28,17,0,45,0,0,0,0,0,0,28,17,0,45,0,0,0,45
03/30/2018,UNV,PA,AEA,EN,Federal Contract Tower,0,25,7,2,34,0,0,0,0,0,0,25,7,2,34,0,0,0,34
03/31/2018,UNV,PA,AEA,EN,Federal Contract Tower,0,24,3,0,27,0,13,56,0,69,0,37,59,0,96,112,0,112,208
04/01/2018,UNV,PA,AEA,EN,Federal Contract Tower,0,19,7,0,26,0,6,17,0,23,0,25,24,0,49,0,0,0,49
04/02/2018,UNV,PA,AEA,EN,Federal Contract Tower,0,25,6,0,31,0,4,3,0,7,0,29,9,0,38,28,0,28,66
04/03/2018,UNV,PA,AEA,EN,Federal Contract Tower,0,32,10,0,42,0,0,0,0,0,0,32,10,0,42,0,0,0,42
04/04/2018,UNV,PA,AEA,EN,Federal Contract Tower,0,17,10,0,27,0,0,0,0,0,0,17,10,0,27,0,0,0,27
04/05/2018,UNV,PA,AEA,EN,Federal Contract Tower,2,38,16,0,56,0,0,9,0,9,2,38,25,0,65,6,0,6,71
04/06/2018,UNV,PA,AEA,EN,Federal Contract Tower,0,28,7,0,35,0,8,5,0,13,0,36,12,0,48,18,0,18,66
04/07/2018,UNV,PA,AEA,EN,Federal Contract Tower,0,29,6,0,35,0,5,20,0,25,0,34,26,0,60,42,0,42,102
04/08/2018,UNV,PA,AEA,EN,Federal Contract Tower,2,22,7,0,31,0,2,27,0,29,2,24,34,0,60,10,0,10,70
04/09/2018,UNV,PA,AEA,EN,Federal Contract Tower,0,26,11,2,39,0,2,7,0,9,0,28,18,2,48,8,4,12,60
04/10/2018,UNV,PA,AEA,EN,Federal Contract Tower,0,31,11,0,42,0,2,25,2,29,0,33,36,2,71,22,0,22,93
04/11/2018,UNV,PA,AEA,EN,Federal Contract Tower,0,29,19,2,50,0,4,14,4,22,0,33,33,6,72,40,0,40,112
04/12/2018,UNV,PA,AEA,EN,Federal Contract Tower,1,24,10,1,36,0,5,3,0,8,1,29,13,1,44,0,0,0,44
04/13/2018,UNV,PA,AEA,EN,Federal Contract Tower,1,28,15,1,45,0,7,30,2,39,1,35,45,3,84,10,0,10,94
04/14/2018,UNV,PA,AEA,EN,Federal Contract Tower,1,28,10,0,39,0,6,52,0,58,1,34,62,0,97,76,0,76,173
04/15/2018,UNV,PA,AEA,EN,Federal Contract Tower,0,21,15,0,36,0,0,0,0,0,0,21,15,0,36,0,0,0,36
04/16/2018,UNV,PA,AEA,EN,Federal Contract Tower,0,24,4,0,28,0,0,0,0,0,0,24,4,0,28,0,0,0,28
04/17/2018,UNV,PA,AEA,EN,Federal Contract Tower,0,30,15,0,45,0,0,2,0,2,0,30,17,0,47,0,0,0,47
04/18/2018,UNV,PA,AEA,EN,Federal Contract Tower,0,28,8,0,36,0,0,22,0,22,0,28,30,0,58,34,0,34,92
04/19/2018,UNV,PA,AEA,EN,Federal Contract Tower,0,33,11,0,44,0,4,1,2,7,0,37,12,2,51,0,2,2,53
04/20/2018,UNV,PA,AEA,EN,Federal Contract Tower,0,29,8,0,37,0,2,16,4,22,0,31,24,4,59,0,10,10,69
04/21/2018,UNV,PA,AEA,EN,Federal Contract Tower,0,22,9,0,31,0,2,53,3,58,0,24,62,3,89,42,0,42,131
04/22/2018,UNV,PA,AEA,EN,Federal Contract Tower,0,23,17,1,41,0,5,46,1,52,0,28,63,2,93,96,0,96,189
04/23/2018,UNV,PA,AEA,EN,Federal Contract Tower,3,20,11,0,34,0,0,40,0,40,3,20,51,0,74,32,0,32,106
04/24/2018,UNV,PA,AEA,EN,Federal Contract Tower,4,22,17,4,47,0,4,7,0,11,4,26,24,4,58,0,8,8,66
04/25/2018,UNV,PA,AEA,EN,Federal Contract Tower,4,27,18,0,49,0,0,0,0,0,4,27,18,0,49,0,0,0,49
04/26/2018,UNV,PA,AEA,EN,Federal Contract Tower,4,23,8,0,35,0,5,30,0,35,4,28,38,0,70,84,0,84,154
04/27/2018,UNV,PA,AEA,EN,Federal Contract Tower,4,26,12,0,42,0,0,0,0,0,4,26,12,0,42,54,0,54,96
04/28/2018,UNV,PA,AEA,EN,Federal Contract Tower,5,18,5,0,28,0,5,23,0,28,5,23,28,0,56,8,0,8,64
04/29/2018,UNV,PA,AEA,EN,Federal Contract Tower,4,20,3,0,27,0,6,11,0,17,4,26,14,0,44,28,0,28,72
04/30/2018,UNV,PA,AEA,EN,Federal Contract Tower,4,20,16,0,40,0,9,13,0,22,4,29,29,0,62,2,0,2,64
05/01/2018,UNV,PA,AEA,EN,Federal Contract Tower,3,26,12,0,41,0,5,38,2,45,3,31,50,2,86,34,0,34,120
05/02/2018,UNV,PA,AEA,EN,Federal Contract Tower,3,28,10,0,41,0,6,37,0,43,3,34,47,0,84,32,0,32,116
05/03/2018,UNV,PA,AEA,EN,Federal Contract Tower,4,29,20,0,53,0,5,12,0,17,4,34,32,0,70,14,0,14,84
05/04/2018,UNV,PA,AEA,EN,Federal Contract Tower,4,30,10,0,44,0,4,9,0,13,4,34,19,0,57,20,0,20,77
05/05/2018,UNV,PA,AEA,EN,Federal Contract Tower,4,19,16,0,39,0,4,29,0,33,4,23,45,0,72,36,0,36,108
05/06/2018,UNV,PA,AEA,EN,Federal Contract Tower,4,25,18,0,47,0,1,0,0,1,4,26,18,0,48,0,0,0,48
05/07/2018,UNV,PA,AEA,EN,Federal Contract Tower,3,22,9,0,34,0,7,9,4,20,3,29,18,4,54,0,0,0,54
05/08/2018,UNV,PA,AEA,EN,Federal Contract Tower,4,25,7,0,36,0,2,31,0,33,4,27,38,0,69,50,0,50,119
05/09/2018,UNV,PA,AEA,EN,Federal Contract Tower,3,25,10,1,39,0,6,44,0,50,3,31,54,1,89,62,2,64,153
05/10/2018,UNV,PA,AEA,EN,Federal Contract Tower,4,22,5,0,31,0,2,7,0,9,4,24,12,0,40,2,0,2,42
05/11/2018,UNV,PA,AEA,EN,Federal Contract Tower,4,25,14,0,43,2,7,32,0,41,6,32,46,0,84,24,0,24,108
05/12/2018,UNV,PA,AEA,EN,Federal Contract Tower,4,15,5,0,24,0,0,2,0,2,4,15,7,0,26,0,0,0,26
05/13/2018,UNV,PA,AEA,EN,Federal Contract Tower,4,12,4,0,20,0,0,0,0,0,4,12,4,0,20,0,0,0,20
05/14/2018,UNV,PA,AEA,EN,Federal Contract Tower,3,20,14,2,39,0,3,5,0,8,3,23,19,2,47,8,0,8,55
05/15/2018,UNV,PA,AEA,EN,Federal Contract Tower,3,26,15,2,46,0,4,21,0,25,3,30,36,2,71,48,6,54,125
05/16/2018,UNV,PA,AEA,EN,Federal Contract Tower,4,19,17,0,40,0,0,0,0,0,4,19,17,0,40,0,0,0,40
05/17/2018,UNV,PA,AEA,EN,Federal Contract Tower,4,22,15,0,41,0,2,12,0,14,4,24,27,0,55,22,0,22,77
05/18/2018,UNV,PA,AEA,EN,Federal Contract Tower,4,20,21,2,47,0,6,14,0,20,4,26,35,2,67,8,0,8,75
05/19/2018,UNV,PA,AEA,EN,Federal Contract Tower,4,18,15,0,37,0,0,0,0,0,4,18,15,0,37,0,0,0,37
05/20/2018,UNV,PA,AEA,EN,Federal Contract Tower,4,18,20,0,42,0,2,12,1,15,4,20,32,1,57,28,0,28,85
05/21/2018,UNV,PA,AEA,EN,Federal Contract Tower,4,22,16,0,42,0,2,28,0,30,4,24,44,0,72,46,0,46,118
05/22/2018,UNV,PA,AEA,EN,Federal Contract Tower,3,22,14,0,39,0,0,0,0,0,3,22,14,0,39,0,0,0,39
05/23/2018,UNV,PA,AEA,EN,Federal Contract Tower,5,23,19,1,48,0,3,21,4,28,5,26,40,5,76,72,4,76,152
05/24/2018,UNV,PA,AEA,EN,Federal Contract Tower,4,22,9,0,35,0,4,52,1,57,4,26,61,1,92,40,0,40,132
05/25/2018,UNV,PA,AEA,EN,Federal Contract Tower,2,21,18,0,41,0,2,40,0,42,2,23,58,0,83,18,0,18,101
05/26/2018,UNV,PA,AEA,EN,Federal Contract Tower,4,14,4,0,22,0,1,20,0,21,4,15,24,0,43,30,0,30,73
05/27/2018,UNV,PA,AEA,EN,Federal Contract Tower,2,12,6,0,20,0,0,2,0,2,2,12,8,0,22,0,0,0,22
05/28/2018,UNV,PA,AEA,EN,Federal Contract Tower,3,15,11,0,29,0,0,8,0,8,3,15,19,0,37,0,0,0,37
05/29/2018,UNV,PA,AEA,EN,Federal Contract Tower,4,21,15,4,44,0,0,16,2,18,4,21,31,6,62,10,0,10,72
05/30/2018,UNV,PA,AEA,EN,Federal Contract Tower,3,28,11,10,52,0,0,3,0,3,3,28,14,10,55,6,0,6,61
05/31/2018,UNV,PA,AEA,EN,Federal Contract Tower,3,27,17,0,47,0,0,5,0,5,3,27,22,0,52,6,0,6,58
06/01/2018,UNV,PA,AEA,EN,Federal Contract Tower,4,23,13,0,40,0,0,12,0,12,4,23,25,0,52,2,0,2,54
06/02/2018,UNV,PA,AEA,EN,Federal Contract Tower,4,15,5,2,26,0,4,20,0,24,4,19,25,2,50,42,0,42,92
06/03/2018,UNV,PA,AEA,EN,Federal Contract Tower,4,16,12,0,32,0,0,2,0,2,4,16,14,0,34,0,0,0,34
06/04/2018,UNV,PA,AEA,EN,Federal Contract Tower,4,19,18,2,43,0,1,16,0,17,4,20,34,2,60,24,0,24,84
06/05/2018,UNV,PA,AEA,EN,Federal Contract Tower,4,24,21,0,49,0,3,1,0,4,4,27,22,0,53,0,0,0,53
06/06/2018,UNV,PA,AEA,EN,Federal Contract Tower,4,23,15,0,42,0,0,19,0,19,4,23,34,0,61,8,0,8,69
06/07/2018,UNV,PA,AEA,EN,Federal Contract Tower,1,28,19,0,48,0,3,45,0,48,1,31,64,0,96,52,0,52,148
06/08/2018,UNV,PA,AEA,EN,Federal Contract Tower,0,30,13,1,44,0,8,30,4,42,0,38,43,5,86,30,0,30,116
06/09/2018,UNV,PA,AEA,EN,Federal Contract Tower,0,20,7,1,28,0,14,23,1,38,0,34,30,2,66,20,6,26,92
06/10/2018,UNV,PA,AEA,EN,Federal Contract Tower,0,32,5,0,37,0,0,0,0,0,0,32,5,0,37,0,0,0,37
06/11/2018,UNV,PA,AEA,EN,Federal Contract Tower,0,30,7,2,39,0,5,12,0,17,0,35,19,2,56,6,0,6,62
06/12/2018,UNV,PA,AEA,EN,Federal Contract Tower,0,35,25,0,60,0,1,19,0,20,0,36,44,0,80,28,0,28,108
06/13/2018,UNV,PA,AEA,EN,Federal Contract Tower,0,32,21,0,53,0,2,0,0,2,0,34,21,0,55,0,0,0,55
06/14/2018,UNV,PA,AEA,EN,Federal Contract Tower,0,31,11,0,42,0,4,18,6,28,0,35,29,6,70,0,26,26,96
06/15/2018,UNV,PA,AEA,EN,Federal Contract Tower,0,40,10,1,51,0,2,37,1,40,0,42,47,2,91,34,14,48,139
06/16/2018,UNV,PA,AEA,EN,Federal Contract Tower,0,23,6,0,29,0,6,34,0,40,0,29,40,0,69,12,0,12,81
06/17/2018,UNV,PA,AEA,EN,Federal Contract Tower,0,28,8,0,36,0,6,11,0,17,0,34,19,0,53,16,0,16,69
06/18/2018,UNV,PA,AEA,EN,Federal Contract Tower,0,35,10,0,45,0,3,24,0,27,0,38,34,0,72,18,0,18,90
06/19/2018,UNV,PA,AEA,EN,Federal Contract Tower,0,32,18,2,52,0,5,17,0,22,0,37,35,2,74,6,0,6,80
06/20/2018,UNV,PA,AEA,EN,Federal Contract Tower,0,40,7,0,47,0,1,7,0,8,0,41,14,0,55,26,0,26,81
06/21/2018,UNV,PA,AEA,EN,Federal Contract Tower,0,29,13,2,44,0,0,17,0,17,0,29,30,2,61,2,0,2,63
06/22/2018,UNV,PA,AEA,EN,Federal Contract Tower,0,27,10,0,37,0,3,5,0,8,0,30,15,0,45,0,0,0,45
06/23/2018,UNV,PA,AEA,EN,Federal Contract Tower,0,26,16,0,42,0,0,0,0,0,0,26,16,0,42,0,0,0,42
06/24/2018,UNV,PA,AEA,EN,Federal Contract Tower,0,28,12,0,40,0,2,22,0,24,0,30,34,0,64,58,0,58,122
06/25/2018,UNV,PA,AEA,EN,Federal Contract Tower,0,28,17,0,45,0,1,36,0,37,0,29,53,0,82,54,0,54,136
06/26/2018,UNV,PA,AEA,EN,Federal Contract Tower,0,32,13,0,45,0,5,32,0,37,0,37,45,0,82,4,0,4,86
06/27/2018,UNV,PA,AEA,EN,Federal Contract Tower,0,38,18,0,56,0,1,2,0,3,0,39,20,0,59,0,0,0,59
06/28/2018,UNV,PA,AEA,EN,Federal Contract Tower,0,33,11,0,44,0,2,17,0,19,0,35,28,0,63,38,0,38,101
06/29/2018,UNV,PA,AEA,EN,Federal Contract Tower,0,30,10,4,44,0,5,30,0,35,0,35,40,4,79,24,0,24,103
06/30/2018,UNV,PA,AEA,EN,Federal Contract Tower,0,24,7,0,31,0,2,43,0,45,0,26,50,0,76,48,0,48,124
07/01/2018,UNV,PA,AEA,EN,Federal Contract Tower,0,27,12,0,39,0,2,36,0,38,0,29,48,0,77,20,0,20,97
07/02/2018,UNV,PA,AEA,EN,Federal Contract Tower,0,20,7,2,29,0,2,16,2,20,0,22,23,4,49,24,6,30,79
07/03/2018,UNV,PA,AEA,EN,Federal Contract Tower,0,23,4,0,27,0,3,20,0,23,0,26,24,0,50,26,0,26,76
07/04/2018,UNV,PA,AEA,EN,Federal Contract Tower,0,15,3,0,18,0,1,9,0,10,0,16,12,0,28,4,0,4,32
07/05/2018,UNV,PA,AEA,EN,Federal Contract Tower,0,27,8,0,35,0,0,6,0,6,0,27,14,0,41,16,0,16,57
07/06/2018,UNV,PA,AEA,EN,Federal Contract Tower,0,29,3,0,32,0,2,18,0,20,0,31,21,0,52,36,0,36,88
07/07/2018,UNV,PA,AEA,EN,Federal Contract Tower,0,22,13,0,35,0,5,47,0,52,0,27,60,0,87,46,0,46,133
07/08/2018,UNV,PA,AEA,EN,Federal Contract Tower,0,24,10,0,34,0,6,34,2,42,0,30,44,2,76,42,0,42,118
07/09/2018,UNV,PA,AEA,EN,Federal Contract Tower,0,29,2,0,31,0,2,27,0,29,0,31,29,0,60,58,0,58,118
07/10/2018,UNV,PA,AEA,EN,Federal Contract Tower,0,25,13,0,38,0,3,23,0,26,0,28,36,0,64,8,0,8,72
07/11/2018,UNV,PA,AEA,EN,Federal Contract Tower,0,36,7,0,43,0,5,31,0,36,0,41,38,0,79,20,0,20,99
07/12/2018,UNV,PA,AEA,EN,Federal Contract Tower,0,26,5,1,32,0,9,17,4,30,0,35,22,5,62,24,6,30,92
07/13/2018,UNV,PA,AEA,EN,Federal Contract Tower,0,32,7,0,39,0,4,18,2,24,0,36,25,2,63,2,0,2,65
07/14/2018,UNV,PA,AEA,EN,Federal Contract Tower,0,22,9,0,31,0,1,30,0,31,0,23,39,0,62,4,0,4,66
07/15/2018,UNV,PA,AEA,EN,Federal Contract Tower,0,24,15,0,39,0,4,22,0,26,0,28,37,0,65,20,0,20,85
07/16/2018,UNV,PA,AEA,EN,Federal Contract Tower,0,28,7,7,42,0,3,20,4,27,0,31,27,11,69,70,10,80,149
07/17/2018,UNV,PA,AEA,EN,Federal Contract Tower,0,26,18,0,44,0,1,10,0,11,0,27,28,0,55,62,0,62,117
07/18/2018,UNV,PA,AEA,EN,Federal Contract Tower,0,28,15,0,43,0,0,38,0,38,0,28,53,0,81,34,0,34,115
07/19/2018,UNV,PA,AEA,EN,Federal Contract Tower,0,34,11,0,45,0,7,55,0,62,0,41,66,0,107,52,0,52,159
07/20/2018,UNV,PA,AEA,EN,Federal Contract Tower,0,33,16,0,49,0,1,19,0,20,0,34,35,0,69,30,0,30,99
07/21/2018,UNV,PA,AEA,EN,Federal Contract Tower,0,29,14,2,45,0,0,7,15,22,0,29,21,17,67,38,0,38,105
07/22/2018,UNV,PA,AEA,EN,Federal Contract Tower,0,24,15,0,39,0,0,9,0,9,0,24,24,0,48,24,0,24,72
07/23/2018,UNV,PA,AEA,EN,Federal Contract Tower,0,23,9,4,36,0,2,0,0,2,0,25,9,4,38,0,0,0,38
07/24/2018,UNV,PA,AEA,EN,Federal Contract Tower,0,31,14,0,45,0,3,0,0,3,0,34,14,0,48,0,0,0,48
07/25/2018,UNV,PA,AEA,EN,Federal Contract Tower,0,33,9,0,42,0,0,2,0,2,0,33,11,0,44,0,0,0,44
07/26/2018,UNV,PA,AEA,EN,Federal Contract Tower,0,33,20,0,53,0,4,20,0,24,0,37,40,0,77,56,0,56,133
07/27/2018,UNV,PA,AEA,EN,Federal Contract Tower,0,30,3,0,33,0,8,12,0,20,0,38,15,0,53,0,0,0,53
07/28/2018,UNV,PA,AEA,EN,Federal Contract Tower,0,26,12,0,38,0,2,30,0,32,0,28,42,0,70,16,0,16,86
07/29/2018,UNV,PA,AEA,EN,Federal Contract Tower,0,23,16,0,39,0,4,37,0,41,0,27,53,0,80,22,0,22,102
07/30/2018,UNV,PA,AEA,EN,Federal Contract Tower,0,30,10,0,40,0,0,2,0,2,0,30,12,0,42,0,0,0,42
07/31/2018,UNV,PA,AEA,EN,Federal Contract Tower,0,29,3,0,32,0,0,1,0,1,0,29,4,0,33,0,0,0,33
08/01/2018,UNV,PA,AEA,EN,Federal Contract Tower,0,29,13,0,42,0,2,3,0,5,0,31,16,0,47,10,0,10,57
08/02/2018,UNV,PA,AEA,EN,Federal Contract Tower,0,31,6,0,37,0,1,6,0,7,0,32,12,0,44,24,0,24,68
08/03/2018,UNV,PA,AEA,EN,Federal Contract Tower,0,32,12,0,44,0,1,2,0,3,0,33,14,0,47,12,0,12,59
08/04/2018,UNV,PA,AEA,EN,Federal Contract Tower,0,21,19,0,40,0,3,31,0,34,0,24,50,0,74,6,0,6,80
08/05/2018,UNV,PA,AEA,EN,Federal Contract Tower,0,23,10,0,33,0,2,37,0,39,0,25,47,0,72,28,0,28,100
08/06/2018,UNV,PA,AEA,EN,Federal Contract Tower,0,26,5,0,31,0,12,28,2,42,0,38,33,2,73,48,2,50,123
08/07/2018,UNV,PA,AEA,EN,Federal Contract Tower,0,24,9,0,33,0,5,16,0,21,0,29,25,0,54,24,0,24,78
08/08/2018,UNV,PA,AEA,EN,Federal Contract Tower,0,30,7,0,37,0,7,13,0,20,0,37,20,0,57,36,0,36,93
08/09/2018,UNV,PA,AEA,EN,Federal Contract Tower,0,35,8,2,45,0,2,21,1,24,0,37,29,3,69,38,4,42,111
08/10/2018,UNV,PA,AEA,EN,Federal Contract Tower,0,28,10,0,38,0,24,0,0,24,0,52,10,0,62,32,0,32,94
08/11/2018,UNV,PA,AEA,EN,Federal Contract Tower,0,23,6,0,29,0,2,18,0,20,0,25,24,0,49,6,0,6,55
08/12/2018,UNV,PA,AEA,EN,Federal Contract Tower,0,24,7,0,31,0,6,23,0,29,0,30,30,0,60,16,0,16,76
08/13/2018,UNV,PA,AEA,EN,Federal Contract Tower,0,25,8,0,33,0,0,6,0,6,0,25,14,0,39,36,0,36,75
08/14/2018,UNV,PA,AEA,EN,Federal Contract Tower,0,33,8,0,41,0,2,5,0,7,0,35,13,0,48,6,0,6,54
08/15/2018,UNV,PA,AEA,EN,Federal Contract Tower,0,38,19,0,57,0,3,44,0,47,0,41,63,0,104,40,0,40,144
08/16/2018,UNV,PA,AEA,EN,Federal Contract Tower,0,30,8,0,38,0,3,25,0,28,0,33,33,0,66,44,0,44,110
08/17/2018,UNV,PA,AEA,EN,Federal Contract Tower,0,39,9,0,48,0,3,11,0,14,0,42,20,0,62,34,0,34,96
08/18/2018,UNV,PA,AEA,EN,Federal Contract Tower,0,25,15,0,40,0,4,11,0,15,0,29,26,0,55,40,0,40,95
08/19/2018,UNV,PA,AEA,EN,Federal Contract Tower,0,22,14,0,36,0,0,8,0,8,0,22,22,0,44,22,0,22,66
08/20/2018,UNV,PA,AEA,EN,Federal Contract Tower,0,29,21,0,50,0,0,7,0,7,0,29,28,0,57,0,0,0,57
08/21/2018,UNV,PA,AEA,EN,Federal Contract Tower,0,26,13,0,39,0,0,0,0,0,0,26,13,0,39,0,0,0,39
08/22/2018,UNV,PA,AEA,EN,Federal Contract Tower,0,26,9,3,38,0,14,10,2,26,0,40,19,5,64,82,0,82,146
08/23/2018,UNV,PA,AEA,EN,Federal Contract Tower,2,28,6,0,36,0,2,39,0,41,2,30,45,0,77,48,0,48,125
08/24/2018,UNV,PA,AEA,EN,Federal Contract Tower,0,31,4,0,35,0,5,24,0,29,0,36,28,0,64,62,0,62,126
08/25/2018,UNV,PA,AEA,EN,Federal Contract Tower,0,25,7,0,32,0,3,44,0,47,0,28,51,0,79,26,0,26,105
08/26/2018,UNV,PA,AEA,EN,Federal Contract Tower,2,20,10,0,32,0,1,25,0,26,2,21,35,0,58,16,0,16,74
08/27/2018,UNV,PA,AEA,EN,Federal Contract Tower,0,25,11,0,36,0,4,27,0,31,0,29,38,0,67,22,0,22,89
08/28/2018,UNV,PA,AEA,EN,Federal Contract Tower,0,23,14,0,37,0,6,31,0,37,0,29,45,0,74,68,0,68,142
08/29/2018,UNV,PA,AEA,EN,Federal Contract Tower,0,29,6,0,35,0,9,19,0,28,0,38,25,0,63,48,0,48,111
08/30/2018,UNV,PA,AEA,EN,Federal Contract Tower,0,32,17,0,49,0,3,25,0,28,0,35,42,0,77,36,0,36,113
08/31/2018,UNV,PA,AEA,EN,Federal Contract Tower,1,29,23,0,53,0,1,4,0,5,1,30,27,0,58,8,0,8,66
09/01/2018,UNV,PA,AEA,EN,Federal Contract Tower,1,22,37,0,60,0,2,0,0,2,1,24,37,0,62,20,0,20,82
09/02/2018,UNV,PA,AEA,EN,Federal Contract Tower,0,22,11,0,33,0,7,25,0,32,0,29,36,0,65,56,0,56,121
09/03/2018,UNV,PA,AEA,EN,Federal Contract Tower,0,21,15,0,36,0,7,21,0,28,0,28,36,0,64,38,0,38,102
09/04/2018,UNV,PA,AEA,EN,Federal Contract Tower,0,23,5,0,28,0,6,37,6,49,0,29,42,6,77,46,0,46,123
09/05/2018,UNV,PA,AEA,EN,Federal Contract Tower,0,26,16,0,42,0,3,27,3,33,0,29,43,3,75,14,0,14,89
09/06/2018,UNV,PA,AEA,EN,Federal Contract Tower,0,31,10,0,41,0,9,12,0,21,0,40,22,0,62,40,0,40,102
09/07/2018,UNV,PA,AEA,EN,Federal Contract Tower,0,39,15,0,54,0,6,9,0,15,0,45,24,0,69,0,0,0,69
09/09/2018,UNV,PA,AEA,EN,Federal Contract Tower,0,21,14,0,35,0,0,0,0,0,0,21,14,0,35,0,0,0,35
09/10/2018,UNV,PA,AEA,EN,Federal Contract Tower,0,24,7,0,31,0,0,0,0,0,0,24,7,0,31,0,0,0,31
09/11/2018,UNV,PA,AEA,EN,Federal Contract Tower,0,31,19,0,50,0,0,9,0,9,0,31,28,0,59,14,0,14,73
09/12/2018,UNV,PA,AEA,EN,Federal Contract Tower,0,25,15,0,40,0,1,2,0,3,0,26,17,0,43,20,0,20,63
09/13/2018,UNV,PA,AEA,EN,Federal Contract Tower,0,28,19,2,49,0,1,6,0,7,0,29,25,2,56,20,0,20,76
09/14/2018,UNV,PA,AEA,EN,Federal Contract Tower,0,36,16,0,52,0,4,9,0,13,0,40,25,0,65,26,0,26,91
09/15/2018,UNV,PA,AEA,EN,Federal Contract Tower,2,31,26,0,59,0,3,29,0,32,2,34,55,0,91,26,0,26,117
09/16/2018,UNV,PA,AEA,EN,Federal Contract Tower,0,28,12,0,40,0,4,39,0,43,0,32,51,0,83,44,0,44,127
09/17/2018,UNV,PA,AEA,EN,Federal Contract Tower,0,29,10,0,39,0,0,0,0,0,0,29,10,0,39,0,0,0,39
09/18/2018,UNV,PA,AEA,EN,Federal Contract Tower,0,29,10,0,39,0,5,19,0,24,0,34,29,0,63,24,0,24,87
09/19/2018,UNV,PA,AEA,EN,Federal Contract Tower,0,26,15,5,46,0,5,30,0,35,0,31,45,5,81,48,10,58,139
09/20/2018,UNV,PA,AEA,EN,Federal Contract Tower,2,32,14,0,48,0,0,40,0,40,2,32,54,0,88,80,0,80,168
09/21/2018,UNV,PA,AEA,EN,Federal Contract Tower,0,29,29,0,58,0,2,8,0,10,0,31,37,0,68,16,0,16,84
09/22/2018,UNV,PA,AEA,EN,Federal Contract Tower,0,27,5,0,32,0,6,34,0,40,0,33,39,0,72,6,0,6,78
09/23/2018,UNV,PA,AEA,EN,Federal Contract Tower,0,25,17,0,42,0,1,24,0,25,0,26,41,0,67,48,0,48,115
09/24/2018,UNV,PA,AEA,EN,Federal Contract Tower,0,26,9,0,35,0,0,0,0,0,0,26,9,0,35,0,0,0,35
09/25/2018,UNV,PA,AEA,EN,Federal Contract Tower,0,28,8,0,36,0,0,0,0,0,0,28,8,0,36,0,0,0,36
09/26/2018,UNV,PA,AEA,EN,Federal Contract Tower,0,29,8,0,37,0,1,7,1,9,0,30,15,1,46,8,0,8,54
09/27/2018,UNV,PA,AEA,EN,Federal Contract Tower,0,42,23,0,65,0,3,16,0,19,0,45,39,0,84,32,0,32,116
09/28/2018,UNV,PA,AEA,EN,Federal Contract Tower,2,54,32,0,88,0,1,20,0,21,2,55,52,0,109,36,0,36,145
09/29/2018,UNV,PA,AEA,EN,Federal Contract Tower,1,73,66,3,143,0,9,50,0,59,1,82,116,3,202,104,0,104,306
09/30/2018,UNV,PA,AEA,EN,Federal Contract Tower,0,56,44,0,100,0,3,41,0,44,0,59,85,0,144,4,0,4,148
10/01/2018,UNV,PA,AEA,EN,Federal Contract Tower,0,29,23,0,52,0,5,20,0,25,0,34,43,0,77,16,0,16,93
10/02/2018,UNV,PA,AEA,EN,Federal Contract Tower,0,27,14,0,41,0,0,10,2,12,0,27,24,2,53,28,0,28,81
10/03/2018,UNV,PA,AEA,EN,Federal Contract Tower,0,27,18,2,47,0,7,23,0,30,0,34,41,2,77,36,0,36,113
10/04/2018,UNV,PA,AEA,EN,Federal Contract Tower,0,31,14,0,45,0,1,4,0,5,0,32,18,0,50,0,0,0,50
10/05/2018,UNV,PA,AEA,EN,Federal Contract Tower,0,32,24,0,56,0,2,9,0,11,0,34,33,0,67,8,0,8,75
10/06/2018,UNV,PA,AEA,EN,Federal Contract Tower,0,36,14,0,50,0,0,1,0,1,0,36,15,0,51,0,0,0,51
10/07/2018,UNV,PA,AEA,EN,Federal Contract Tower,2,26,11,0,39,0,2,29,0,31,2,28,40,0,70,24,0,24,94
10/08/2018,UNV,PA,AEA,EN,Federal Contract Tower,0,26,11,0,37,0,4,2,0,6,0,30,13,0,43,8,0,8,51
10/09/2018,UNV,PA,AEA,EN,Federal Contract Tower,0,34,8,0,42,0,1,25,0,26,0,35,33,0,68,30,0,30,98
10/10/2018,UNV,PA,AEA,EN,Federal Contract Tower,0,34,20,0,54,0,3,7,0,10,0,37,27,0,64,36,0,36,100
10/11/2018,UNV,PA,AEA,EN,Federal Contract Tower,0,31,10,0,41,0,0,0,0,0,0,31,10,0,41,0,0,0,41
10/12/2018,UNV,PA,AEA,EN,Federal Contract Tower,1,47,24,0,72,0,10,17,0,27,1,57,41,0,99,4,0,4,103
10/13/2018,UNV,PA,AEA,EN,Federal Contract Tower,1,30,19,0,50,0,10,9,0,19,1,40,28,0,69,18,0,18,87
10/14/2018,UNV,PA,AEA,EN,Federal Contract Tower,0,42,18,0,60,0,2,49,0,51,0,44,67,0,111,20,0,20,131
10/15/2018,UNV,PA,AEA,EN,Federal Contract Tower,0,24,11,0,35,0,2,0,0,2,0,26,11,0,37,0,0,0,37
10/16/2018,UNV,PA,AEA,EN,Federal Contract Tower,0,35,13,0,48,0,9,38,0,47,0,44,51,0,95,36,0,36,131
10/17/2018,UNV,PA,AEA,EN,Federal Contract Tower,0,36,16,0,52,0,3,3,0,6,0,39,19,0,58,0,0,0,58
10/18/2018,UNV,PA,AEA,EN,Federal Contract Tower,0,30,13,6,49,0,2,21,6,29,0,32,34,12,78,0,34,34,112
10/19/2018,UNV,PA,AEA,EN,Federal Contract Tower,2,37,11,0,50,0,8,39,2,49,2,45,50,2,99,2,0,2,101
10/20/2018,UNV,PA,AEA,EN,Federal Contract Tower,0,27,15,0,42,0,0,2,0,2,0,27,17,0,44,2,0,2,46
10/21/2018,UNV,PA,AEA,EN,Federal Contract Tower,0,30,17,0,47,0,1,12,0,13,0,31,29,0,60,0,0,0,60
10/22/2018,UNV,PA,AEA,EN,Federal Contract Tower,0,33,14,0,47,0,3,36,0,39,0,36,50,0,86,24,0,24,110
10/23/2018,UNV,PA,AEA,EN,Federal Contract Tower,0,33,8,2,43,0,7,14,2,23,0,40,22,4,66,34,0,34,100
10/24/2018,UNV,PA,AEA,EN,Federal Contract Tower,0,33,5,0,38,0,6,13,0,19,0,39,18,0,57,2,0,2,59
10/25/2018,UNV,PA,AEA,EN,Federal Contract Tower,0,36,12,2,50,0,9,38,0,47,0,45,50,2,97,32,18,50,147
10/26/2018,UNV,PA,AEA,EN,Federal Contract Tower,1,57,12,0,70,0,4,34,4,42,1,61,46,4,112,22,0,22,134
10/27/2018,UNV,PA,AEA,EN,Federal Contract Tower,1,36,20,0,57,0,0,0,0,0,1,36,20,0,57,0,0,0,57
10/28/2018,UNV,PA,AEA,EN,Federal Contract Tower,0,41,10,0,51,0,3,4,0,7,0,44,14,0,58,4,0,4,62
10/29/2018,UNV,PA,AEA,EN,Federal Contract Tower,0,28,10,1,39,0,0,8,0,8,0,28,18,1,47,0,0,0,47
10/30/2018,UNV,PA,AEA,EN,Federal Contract Tower,0,31,15,0,46,0,3,38,0,41,0,34,53,0,87,68,0,68,155
10/31/2018,UNV,PA,AEA,EN,Federal Contract Tower,0,29,14,0,43,0,2,14,0,16,0,31,28,0,59,52,0,52,111
11/01/2018,UNV,PA,AEA,EN,Federal Contract Tower,2,36,10,3,51,0,1,14,1,16,2,37,24,4,67,12,10,22,89
11/02/2018,UNV,PA,AEA,EN,Federal Contract Tower,2,29,9,0,40,0,2,17,0,19,2,31,26,0,59,66,0,66,125
11/03/2018,UNV,PA,AEA,EN,Federal Contract Tower,1,24,8,0,33,0,0,11,0,11,1,24,19,0,44,10,0,10,54
11/04/2018,UNV,PA,AEA,EN,Federal Contract Tower,0,24,15,0,39,0,3,39,0,42,0,27,54,0,81,66,0,66,147
11/05/2018,UNV,PA,AEA,EN,Federal Contract Tower,0,29,11,0,40,0,0,0,0,0,0,29,11,0,40,0,0,0,40
11/06/2018,UNV,PA,AEA,EN,Federal Contract Tower,0,30,8,0,38,0,0,6,0,6,0,30,14,0,44,0,0,0,44
11/07/2018,UNV,PA,AEA,EN,Federal Contract Tower,0,33,15,0,48,0,6,21,0,27,0,39,36,0,75,0,0,0,75
11/08/2018,UNV,PA,AEA,EN,Federal Contract Tower,0,38,5,2,45,0,2,44,0,46,0,40,49,2,91,42,0,42,133
11/09/2018,UNV,PA,AEA,EN,Federal Contract Tower,1,43,29,4,77,0,0,0,0,0,1,43,29,4,77,0,0,0,77
11/10/2018,UNV,PA,AEA,EN,Federal Contract Tower,1,41,31,0,73,0,6,20,0,26,1,47,51,0,99,4,0,4,103
11/11/2018,UNV,PA,AEA,EN,Federal Contract Tower,0,30,22,0,52,0,5,56,0,61,0,35,78,0,113,84,0,84,197
11/12/2018,UNV,PA,AEA,EN,Federal Contract Tower,0,30,19,0,49,0,7,24,0,31,0,37,43,0,80,36,0,36,116
11/13/2018,UNV,PA,AEA,EN,Federal Contract Tower,1,34,12,2,49,0,2,3,0,5,1,36,15,2,54,4,0,4,58
11/14/2018,UNV,PA,AEA,EN,Federal Contract Tower,0,36,14,0,50,0,8,28,0,36,0,44,42,0,86,38,0,38,124
11/15/2018,UNV,PA,AEA,EN,Federal Contract Tower,0,7,3,0,10,0,0,0,0,0,0,7,3,0,10,0,0,0,10
11/16/2018,UNV,PA,AEA,EN,Federal Contract Tower,2,36,6,0,44,0,2,1,0,3,2,38,7,0,47,0,0,0,47
11/17/2018,UNV,PA,AEA,EN,Federal Contract Tower,1,25,7,0,33,0,4,10,2,16,1,29,17,2,49,20,0,20,69
11/18/2018,UNV,PA,AEA,EN,Federal Contract Tower,0,21,3,0,24,0,0,13,0,13,0,21,16,0,37,24,0,24,61
11/19/2018,UNV,PA,AEA,EN,Federal Contract Tower,0,24,7,0,31,0,0,0,0,0,0,24,7,0,31,0,0,0,31
11/20/2018,UNV,PA,AEA,EN,Federal Contract Tower,1,30,4,0,35,0,5,5,0,10,1,35,9,0,45,36,0,36,81
11/21/2018,UNV,PA,AEA,EN,Federal Contract Tower,1,37,2,0,40,0,1,8,0,9,1,38,10,0,49,6,0,6,55
11/22/2018,UNV,PA,AEA,EN,Federal Contract Tower,0,20,3,0,23,0,0,10,0,10,0,20,13,0,33,26,0,26,59
11/23/2018,UNV,PA,AEA,EN,Federal Contract Tower,0,28,10,0,38,0,5,26,0,31,0,33,36,0,69,58,0,58,127
11/24/2018,UNV,PA,AEA,EN,Federal Contract Tower,0,29,14,0,43,0,0,0,0,0,0,29,14,0,43,0,0,0,43
11/25/2018,UNV,PA,AEA,EN,Federal Contract Tower,0,30,26,0,56,0,4,20,0,24,0,34,46,0,80,52,0,52,132
11/26/2018,UNV,PA,AEA,EN,Federal Contract Tower,0,25,16,0,41,0,0,0,0,0,0,25,16,0,41,0,0,0,41
11/27/2018,UNV,PA,AEA,EN,Federal Contract Tower,0,31,8,0,39,0,0,2,0,2,0,31,10,0,41,0,0,0,41
11/28/2018,UNV,PA,AEA,EN,Federal Contract Tower,0,31,15,0,46,0,0,1,1,2,0,31,16,1,48,0,0,0,48
11/29/2018,UNV,PA,AEA,EN,Federal Contract Tower,0,36,15,0,51,0,7,20,3,30,0,43,35,3,81,52,4,56,137
11/30/2018,UNV,PA,AEA,EN,Federal Contract Tower,0,36,12,0,48,0,0,10,0,10,0,36,22,0,58,16,0,16,74
12/01/2018,UNV,PA,AEA,EN,Federal Contract Tower,0,25,9,0,34,0,0,0,0,0,0,25,9,0,34,0,0,0,34
12/02/2018,UNV,PA,AEA,EN,Federal Contract Tower,0,25,14,0,39,0,0,0,0,0,0,25,14,0,39,0,0,0,39
12/03/2018,UNV,PA,AEA,EN,Federal Contract Tower,0,31,8,0,39,0,0,8,0,8,0,31,16,0,47,26,0,26,73
12/04/2018,UNV,PA,AEA,EN,Federal Contract Tower,1,31,10,0,42,0,3,32,2,37,1,34,42,2,79,52,4,56,135
12/05/2018,UNV,PA,AEA,EN,Federal Contract Tower,1,34,13,0,48,0,2,25,0,27,1,36,38,0,75,34,0,34,109
12/06/2018,UNV,PA,AEA,EN,Federal Contract Tower,0,32,9,0,41,0,0,14,0,14,0,32,23,0,55,64,0,64,119
12/07/2018,UNV,PA,AEA,EN,Federal Contract Tower,0,34,10,0,44,0,9,14,0,23,0,43,24,0,67,30,0,30,97
12/08/2018,UNV,PA,AEA,EN,Federal Contract Tower,0,27,5,2,34,0,11,33,0,44,0,38,38,2,78,50,0,50,128
12/09/2018,UNV,PA,AEA,EN,Federal Contract Tower,2,24,9,0,35,0,4,34,0,38,2,28,43,0,73,58,0,58,131
12/10/2018,UNV,PA,AEA,EN,Federal Contract Tower,0,29,6,2,37,0,6,23,0,29,0,35,29,2,66,48,0,48,114
12/11/2018,UNV,PA,AEA,EN,Federal Contract Tower,0,33,11,0,44,0,2,15,0,17,0,35,26,0,61,0,0,0,61
12/12/2018,UNV,PA,AEA,EN,Federal Contract Tower,0,34,10,2,46,0,5,23,0,28,0,39,33,2,74,64,0,64,138
12/13/2018,UNV,PA,AEA,EN,Federal Contract Tower,0,33,7,0,40,0,2,2,0,4,0,35,9,0,44,2,0,2,46
12/14/2018,UNV,PA,AEA,EN,Federal Contract Tower,0,41,10,3,54,0,0,3,0,3,0,41,13,3,57,0,0,0,57
12/15/2018,UNV,PA,AEA,EN,Federal Contract Tower,0,28,16,3,47,0,2,1,0,3,0,30,17,3,50,0,0,0,50
12/16/2018,UNV,PA,AEA,EN,Federal Contract Tower,0,25,4,0,29,0,0,0,0,0,0,25,4,0,29,0,0,0,29
12/17/2018,UNV,PA,AEA,EN,Federal Contract Tower,0,36,7,3,46,0,3,0,0,3,0,39,7,3,49,2,0,2,51
12/18/2018,UNV,PA,AEA,EN,Federal Contract Tower,1,29,5,0,35,0,1,33,0,34,1,30,38,0,69,28,0,28,97
12/19/2018,UNV,PA,AEA,EN,Federal Contract Tower,1,31,13,2,47,0,4,32,0,36,1,35,45,2,83,30,0,30,113
12/20/2018,UNV,PA,AEA,EN,Federal Contract Tower,0,29,10,0,39,0,5,3,0,8,0,34,13,0,47,2,0,2,49
12/21/2018,UNV,PA,AEA,EN,Federal Contract Tower,0,31,4,0,35,0,0,0,0,0,0,31,4,0,35,0,0,0,35
12/22/2018,UNV,PA,AEA,EN,Federal Contract Tower,0,21,4,0,25,0,0,0,0,0,0,21,4,0,25,0,0,0,25
12/23/2018,UNV,PA,AEA,EN,Federal Contract Tower,0,22,2,0,24,0,2,25,0,27,0,24,27,0,51,36,0,36,87
12/24/2018,UNV,PA,AEA,EN,Federal Contract Tower,1,14,1,0,16,0,0,2,0,2,1,14,3,0,18,0,0,0,18
12/25/2018,UNV,PA,AEA,EN,Federal Contract Tower,1,14,1,0,16,0,0,4,0,4,1,14,5,0,20,0,0,0,20
12/26/2018,UNV,PA,AEA,EN,Federal Contract Tower,4,23,3,0,30,0,2,24,0,26,4,25,27,0,56,54,0,54,110
12/27/2018,UNV,PA,AEA,EN,Federal Contract Tower,0,29,3,0,32,0,10,22,0,32,0,39,25,0,64,8,0,8,72
12/28/2018,UNV,PA,AEA,EN,Federal Contract Tower,0,31,6,0,37,0,0,1,0,1,0,31,7,0,38,0,0,0,38
12/29/2018,UNV,PA,AEA,EN,Federal Contract Tower,0,20,3,0,23,0,0,4,0,4,0,20,7,0,27,0,0,0,27
12/30/2018,UNV,PA,AEA,EN,Federal Contract Tower,2,24,5,0,31,0,3,26,0,29,2,27,31,0,60,24,0,24,84
12/31/2018,UNV,PA,AEA,EN,Federal Contract Tower,0,17,1,0,18,0,0,0,0,0,0,17,1,0,18,0,0,0,18
01/01/2019,UNV,PA,AEA,EN,Federal Contract Tower,1,19,3,0,23,0,4,0,0,4,1,23,3,0,27,0,0,0,27
01/02/2019,UNV,PA,AEA,EN,Federal Contract Tower,1,30,5,0,36,0,0,0,0,0,1,30,5,0,36,0,0,0,36
01/03/2019,UNV,PA,AEA,EN,Federal Contract Tower,0,32,1,10,43,0,2,9,0,11,0,34,10,10,54,0,0,0,54
01/04/2019,UNV,PA,AEA,EN,Federal Contract Tower,0,28,3,0,31,0,2,32,2,36,0,30,35,2,67,46,0,46,113
01/05/2019,UNV,PA,AEA,EN,Federal Contract Tower,2,25,3,0,30,0,6,7,0,13,2,31,10,0,43,2,0,2,45
01/06/2019,UNV,PA,AEA,EN,Federal Contract Tower,0,23,11,0,34,0,6,9,0,15,0,29,20,0,49,8,0,8,57
01/07/2019,UNV,PA,AEA,EN,Federal Contract Tower,0,27,4,0,31,0,2,4,18,24,0,29,8,18,55,0,0,0,55
01/08/2019,UNV,PA,AEA,EN,Federal Contract Tower,0,31,6,0,37,0,0,7,0,7,0,31,13,0,44,6,0,6,50
01/09/2019,UNV,PA,AEA,EN,Federal Contract Tower,0,30,10,0,40,0,0,8,0,8,0,30,18,0,48,10,0,10,58
01/10/2019,UNV,PA,AEA,EN,Federal Contract Tower,2,29,7,0,38,0,6,0,0,6,2,35,7,0,44,12,0,12,56
01/11/2019,UNV,PA,AEA,EN,Federal Contract Tower,2,27,9,0,38,0,4,29,0,33,2,31,38,0,71,34,0,34,105
01/12/2019,UNV,PA,AEA,EN,Federal Contract Tower,3,25,2,0,30,0,0,29,0,29,3,25,31,0,59,38,0,38,97
01/13/2019,UNV,PA,AEA,EN,Federal Contract Tower,2,17,9,0,28,0,0,2,0,2,2,17,11,0,30,0,0,0,30
01/14/2019,UNV,PA,AEA,EN,Federal Contract Tower,0,25,10,0,35,0,2,26,2,30,0,27,36,2,65,24,6,30,95
01/15/2019,UNV,PA,AEA,EN,Federal Contract Tower,1,28,9,4,42,0,5,24,0,29,1,33,33,4,71,34,0,34,105
01/16/2019,UNV,PA,AEA,EN,Federal Contract Tower,0,28,4,0,32,0,1,4,2,7,0,29,8,2,39,0,0,0,39
01/17/2019,UNV,PA,AEA,EN,Federal Contract Tower,1,31,5,0,37,0,1,12,0,13,1,32,17,0,50,54,0,54,104
01/18/2019,UNV,PA,AEA,EN,Federal Contract Tower,0,34,2,0,36,0,4,0,0,4,0,38,2,0,40,0,0,0,40
01/19/2019,UNV,PA,AEA,EN,Federal Contract Tower,0,10,0,0,10,0,0,3,0,3,0,10,3,0,13,0,0,0,13
01/20/2019,UNV,PA,AEA,EN,Federal Contract Tower,0,15,2,0,17,0,2,0,0,2,0,17,2,0,19,0,0,0,19
01/21/2019,UNV,PA,AEA,EN,Federal Contract Tower,0,30,7,0,37,0,2,1,0,3,0,32,8,0,40,0,0,0,40
01/22/2019,UNV,PA,AEA,EN,Federal Contract Tower,0,24,8,1,33,0,6,15,1,22,0,30,23,2,55,22,0,22,77
01/23/2019,UNV,PA,AEA,EN,Federal Contract Tower,0,31,4,0,35,0,2,1,0,3,0,33,5,0,38,0,0,0,38
01/24/2019,UNV,PA,AEA,EN,Federal Contract Tower,0,27,9,0,36,0,0,0,0,0,0,27,9,0,36,0,0,0,36
01/25/2019,UNV,PA,AEA,EN,Federal Contract Tower,0,30,10,0,40,0,3,5,2,10,0,33,15,2,50,0,0,0,50
01/26/2019,UNV,PA,AEA,EN,Federal Contract Tower,0,23,3,0,26,0,0,23,0,23,0,23,26,0,49,36,0,36,85
01/27/2019,UNV,PA,AEA,EN,Federal Contract Tower,0,24,6,0,30,0,2,3,0,5,0,26,9,0,35,0,0,0,35
01/28/2019,UNV,PA,AEA,EN,Federal Contract Tower,0,22,8,0,30,0,4,29,0,33,0,26,37,0,63,14,0,14,77
01/29/2019,UNV,PA,AEA,EN,Federal Contract Tower,0,29,5,0,34,0,0,0,0,0,0,29,5,0,34,0,0,0,34
01/30/2019,UNV,PA,AEA,EN,Federal Contract Tower,1,28,9,0,38,0,2,0,0,2,1,30,9,0,40,0,0,0,40
01/31/2019,UNV,PA,AEA,EN,Federal Contract Tower,2,23,5,0,30,0,1,13,0,14,2,24,18,0,44,20,0,20,64
02/01/2019,UNV,PA,AEA,EN,Federal Contract Tower,0,28,8,0,36,0,2,0,0,2,0,30,8,0,38,0,0,0,38
02/02/2019,UNV,PA,AEA,EN,Federal Contract Tower,0,29,5,0,34,0,2,22,0,24,0,31,27,0,58,72,0,72,130
02/03/2019,UNV,PA,AEA,EN,Federal Contract Tower,0,30,5,0,35,0,4,15,0,19,0,34,20,0,54,16,0,16,70
02/04/2019,UNV,PA,AEA,EN,Federal Contract Tower,0,27,12,0,39,0,6,21,0,27,0,33,33,0,66,36,0,36,102
02/05/2019,UNV,PA,AEA,EN,Federal Contract Tower,0,31,9,0,40,0,9,9,0,18,0,40,18,0,58,28,0,28,86
02/06/2019,UNV,PA,AEA,EN,Federal Contract Tower,0,35,4,0,39,0,0,0,0,0,0,35,4,0,39,0,0,0,39
02/07/2019,UNV,PA,AEA,EN,Federal Contract Tower,2,26,11,0,39,0,0,0,0,0,2,26,11,0,39,0,0,0,39
02/08/2019,UNV,PA,AEA,EN,Federal Contract Tower,0,35,19,2,56,0,2,2,0,4,0,37,21,2,60,0,0,0,60
02/09/2019,UNV,PA,AEA,EN,Federal Contract Tower,3,21,4,0,28,0,5,26,0,31,3,26,30,0,59,46,0,46,105
02/10/2019,UNV,PA,AEA,EN,Federal Contract Tower,1,21,6,0,28,0,4,42,0,46,1,25,48,0,74,66,0,66,140
02/11/2019,UNV,PA,AEA,EN,Federal Contract Tower,1,31,2,0,34,0,0,1,0,1,1,31,3,0,35,0,0,0,35
02/12/2019,UNV,PA,AEA,EN,Federal Contract Tower,0,15,0,0,15,0,0,0,0,0,0,15,0,0,15,0,0,0,15
02/13/2019,UNV,PA,AEA,EN,Federal Contract Tower,0,27,9,0,36,0,0,0,0,0,0,27,9,0,36,0,0,0,36
02/14/2019,UNV,PA,AEA,EN,Federal Contract Tower,0,31,9,3,43,0,1,15,2,18,0,32,24,5,61,38,4,42,103
02/15/2019,UNV,PA,AEA,EN,Federal Contract Tower,0,29,15,0,44,0,3,7,0,10,0,32,22,0,54,8,0,8,62
02/16/2019,UNV,PA,AEA,EN,Federal Contract Tower,0,24,1,0,25,0,0,14,0,14,0,24,15,0,39,26,0,26,65
02/17/2019,UNV,PA,AEA,EN,Federal Contract Tower,0,22,7,0,29,0,1,9,0,10,0,23,16,0,39,14,0,14,53
02/18/2019,UNV,PA,AEA,EN,Federal Contract Tower,2,29,9,0,40,0,2,3,0,5,2,31,12,0,45,0,0,0,45
02/19/2019,UNV,PA,AEA,EN,Federal Contract Tower,1,31,24,0,56,0,2,22,0,24,1,33,46,0,80,30,0,30,110
02/20/2019,UNV,PA,AEA,EN,Federal Contract Tower,0,10,3,0,13,0,0,0,0,0,0,10,3,0,13,0,0,0,13
02/21/2019,UNV,PA,AEA,EN,Federal Contract Tower,2,29,12,2,45,0,4,6,0,10,2,33,18,2,55,2,0,2,57
02/22/2019,UNV,PA,AEA,EN,Federal Contract Tower,0,32,4,11,47,0,4,11,2,17,0,36,15,13,64,18,8,26,90
02/23/2019,UNV,PA,AEA,EN,Federal Contract Tower,1,28,5,0,34,0,0,17,0,17,1,28,22,0,51,12,0,12,63
02/24/2019,UNV,PA,AEA,EN,Federal Contract Tower,0,20,9,0,29,0,0,0,0,0,0,20,9,0,29,0,0,0,29
02/25/2019,UNV,PA,AEA,EN,Federal Contract Tower,0,22,4,0,26,0,1,3,0,4,0,23,7,0,30,0,0,0,30
02/26/2019,UNV,PA,AEA,EN,Federal Contract Tower,0,32,8,0,40,0,4,21,0,25,0,36,29,0,65,14,0,14,79
02/27/2019,UNV,PA,AEA,EN,Federal Contract Tower,0,31,9,0,40,0,2,16,0,18,0,33,25,0,58,20,0,20,78
02/28/2019,UNV,PA,AEA,EN,Federal Contract Tower,0,30,10,3,43,0,4,23,1,28,0,34,33,4,71,32,8,40,111
03/01/2019,UNV,PA,AEA,EN,Federal Contract Tower,0,35,11,0,46,0,0,5,0,5,0,35,16,0,51,20,0,20,71
03/02/2019,UNV,PA,AEA,EN,Federal Contract Tower,0,26,5,0,31,0,2,0,0,2,0,28,5,0,33,0,0,0,33
03/03/2019,UNV,PA,AEA,EN,Federal Contract Tower,0,16,1,0,17,0,2,0,0,2,0,18,1,0,19,0,0,0,19
03/04/2019,UNV,PA,AEA,EN,Federal Contract Tower,0,26,1,0,27,0,4,6,2,12,0,30,7,2,39,2,0,2,41
03/05/2019,UNV,PA,AEA,EN,Federal Contract Tower,2,29,8,0,39,0,9,6,0,15,2,38,14,0,54,0,0,0,54
03/06/2019,UNV,PA,AEA,EN,Federal Contract Tower,0,36,1,0,37,0,1,0,0,1,0,37,1,0,38,0,0,0,38
03/07/2019,UNV,PA,AEA,EN,Federal Contract Tower,1,36,10,1,48,0,7,3,2,12,1,43,13,3,60,0,2,2,62
03/08/2019,UNV,PA,AEA,EN,Federal Contract Tower,1,27,4,0,32,0,2,4,1,7,1,29,8,1,39,2,0,2,41
03/09/2019,UNV,PA,AEA,EN,Federal Contract Tower,2,19,10,0,31,0,0,31,0,31,2,19,41,0,62,30,0,30,92
03/10/2019,UNV,PA,AEA,EN,Federal Contract Tower,2,22,8,0,32,0,0,3,1,4,2,22,11,1,36,0,0,0,36
03/11/2019,UNV,PA,AEA,EN,Federal Contract Tower,0,31,9,0,40,0,1,8,0,9,0,32,17,0,49,0,0,0,49
03/12/2019,UNV,PA,AEA,EN,Federal Contract Tower,0,33,9,0,42,0,5,15,2,22,0,38,24,2,64,24,0,24,88
03/13/2019,UNV,PA,AEA,EN,Federal Contract Tower,0,31,9,1,41,0,3,29,1,33,0,34,38,2,74,48,0,48,122
03/14/2019,UNV,PA,AEA,EN,Federal Contract Tower,0,27,6,0,33,0,5,21,4,30,0,32,27,4,63,24,0,24,87
03/15/2019,UNV,PA,AEA,EN,Federal Contract Tower,0,27,6,0,33,0,2,8,0,10,0,29,14,0,43,22,0,22,65
03/16/2019,UNV,PA,AEA,EN,Federal Contract Tower,2,23,3,0,28,0,4,10,0,14,2,27,13,0,42,18,0,18,60
03/17/2019,UNV,PA,AEA,EN,Federal Contract Tower,0,22,4,0,26,0,3,31,0,34,0,25,35,0,60,28,0,28,88
03/18/2019,UNV,PA,AEA,EN,Federal Contract Tower,0,27,13,0,40,0,0,19,0,19,0,27,32,0,59,22,2,24,83
03/19/2019,UNV,PA,AEA,EN,Federal Contract Tower,0,31,7,0,38,0,0,46,2,48,0,31,53,2,86,42,0,42,128
03/20/2019,UNV,PA,AEA,EN,Federal Contract Tower,0,31,7,2,40,0,6,31,0,37,0,37,38,2,77,20,0,20,97
03/21/2019,UNV,PA,AEA,EN,Federal Contract Tower,1,33,10,0,44,0,2,0,0,2,1,35,10,0,46,14,0,14,60
03/22/2019,UNV,PA,AEA,EN,Federal Contract Tower,1,33,8,0,42,0,0,0,0,0,1,33,8,0,42,0,0,0,42
03/23/2019,UNV,PA,AEA,EN,Federal Contract Tower,0,22,9,0,31,0,5,18,0,23,0,27,27,0,54,2,0,2,56
03/24/2019,UNV,PA,AEA,EN,Federal Contract Tower,1,31,9,0,41,0,18,40,0,58,1,49,49,0,99,30,0,30,129
03/25/2019,UNV,PA,AEA,EN,Federal Contract Tower,0,25,11,0,36,0,8,4,0,12,0,33,15,0,48,8,0,8,56
03/26/2019,UNV,PA,AEA,EN,Federal Contract Tower,0,29,19,0,48,0,3,33,0,36,0,32,52,0,84,84,0,84,168
03/27/2019,UNV,PA,AEA,EN,Federal Contract Tower,0,31,18,7,56,0,2,47,2,51,0,33,65,9,107,28,8,36,143
03/28/2019,UNV,PA,AEA,EN,Federal Contract Tower,0,29,9,0,38,0,12,40,2,54,0,41,49,2,92,44,0,44,136
03/29/2019,UNV,PA,AEA,EN,Federal Contract Tower,0,33,15,0,48,0,6,13,0,19,0,39,28,0,67,20,0,20,87
03/30/2019,UNV,PA,AEA,EN,Federal Contract Tower,0,20,5,0,25,0,4,21,0,25,0,24,26,0,50,12,0,12,62
03/31/2019,UNV,PA,AEA,EN,Federal Contract Tower,0,23,3,0,26,0,1,2,0,3,0,24,5,0,29,0,0,0,29
04/01/2019,UNV,PA,AEA,EN,Federal Contract Tower,0,26,13,0,39,0,2,9,0,11,0,28,22,0,50,20,0,20,70
04/02/2019,UNV,PA,AEA,EN,Federal Contract Tower,0,31,9,2,42,0,9,32,2,43,0,40,41,4,85,28,0,28,113
04/03/2019,UNV,PA,AEA,EN,Federal Contract Tower,0,33,7,0,40,0,5,7,0,12,0,38,14,0,52,12,0,12,64
04/04/2019,UNV,PA,AEA,EN,Federal Contract Tower,0,33,8,0,41,0,2,46,0,48,0,35,54,0,89,10,0,10,99
04/05/2019,UNV,PA,AEA,EN,Federal Contract Tower,0,36,4,0,40,0,2,0,0,2,0,38,4,0,42,0,0,0,42
04/06/2019,UNV,PA,AEA,EN,Federal Contract Tower,0,33,9,4,46,0,0,26,0,26,0,33,35,4,72,32,0,32,104
04/07/2019,UNV,PA,AEA,EN,Federal Contract Tower,0,28,8,0,36,0,2,36,0,38,0,30,44,0,74,18,0,18,92
04/08/2019,UNV,PA,AEA,EN,Federal Contract Tower,0,29,16,0,45,0,5,5,0,10,0,34,21,0,55,34,0,34,89
04/09/2019,UNV,PA,AEA,EN,Federal Contract Tower,0,36,9,2,47,0,2,11,2,15,0,38,20,4,62,10,0,10,72
04/10/2019,UNV,PA,AEA,EN,Federal Contract Tower,0,33,12,0,45,0,3,41,2,46,0,36,53,2,91,16,0,16,107
04/11/2019,UNV,PA,AEA,EN,Federal Contract Tower,0,46,4,0,50,0,13,48,0,61,0,59,52,0,111,22,0,22,133
04/12/2019,UNV,PA,AEA,EN,Federal Contract Tower,0,37,12,0,49,0,0,1,0,1,0,37,13,0,50,2,0,2,52
04/13/2019,UNV,PA,AEA,EN,Federal Contract Tower,0,30,12,0,42,0,1,64,0,65,0,31,76,0,107,26,0,26,133
04/14/2019,UNV,PA,AEA,EN,Federal Contract Tower,0,29,7,0,36,0,2,0,0,2,0,31,7,0,38,0,0,0,38
04/15/2019,UNV,PA,AEA,EN,Federal Contract Tower,0,37,13,0,50,0,0,0,0,0,0,37,13,0,50,0,0,0,50
04/16/2019,UNV,PA,AEA,EN,Federal Contract Tower,0,38,12,0,50,0,11,38,4,53,0,49,50,4,103,70,0,70,173
04/17/2019,UNV,PA,AEA,EN,Federal Contract Tower,0,39,24,0,63,0,2,13,0,15,0,41,37,0,78,18,0,18,96
04/18/2019,UNV,PA,AEA,EN,Federal Contract Tower,0,38,17,4,59,0,2,22,1,25,0,40,39,5,84,142,28,170,254
04/19/2019,UNV,PA,AEA,EN,Federal Contract Tower,0,29,10,0,39,0,0,4,0,4,0,29,14,0,43,0,0,0,43
04/20/2019,UNV,PA,AEA,EN,Federal Contract Tower,0,29,5,0,34,0,4,7,0,11,0,33,12,0,45,0,0,0,45
04/21/2019,UNV,PA,AEA,EN,Federal Contract Tower,0,22,6,0,28,0,3,18,0,21,0,25,24,0,49,4,0,4,53
04/22/2019,UNV,PA,AEA,EN,Federal Contract Tower,0,27,15,0,42,0,1,25,0,26,0,28,40,0,68,38,0,38,106
04/23/2019,UNV,PA,AEA,EN,Federal Contract Tower,0,37,13,4,54,0,5,26,0,31,0,42,39,4,85,14,4,18,103
04/24/2019,UNV,PA,AEA,EN,Federal Contract Tower,0,37,13,0,50,0,6,32,2,40,0,43,45,2,90,27,0,27,117
04/25/2019,UNV,PA,AEA,EN,Federal Contract Tower,0,31,13,5,49,0,10,15,4,29,0,41,28,9,78,16,30,46,124
04/26/2019,UNV,PA,AEA,EN,Federal Contract Tower,0,29,9,0,38,0,0,0,0,0,0,29,9,0,38,0,0,0,38
04/27/2019,UNV,PA,AEA,EN,Federal Contract Tower,0,21,0,0,21,0,6,0,0,6,0,27,0,0,27,0,0,0,27
04/28/2019,UNV,PA,AEA,EN,Federal Contract Tower,0,23,5,0,28,0,0,0,0,0,0,23,5,0,28,0,0,0,28
04/29/2019,UNV,PA,AEA,EN,Federal Contract Tower,0,33,15,0,48,0,5,12,0,17,0,38,27,0,65,12,0,12,77
04/30/2019,UNV,PA,AEA,EN,Federal Contract Tower,0,35,27,0,62,0,10,18,0,28,0,45,45,0,90,38,0,38,128
05/01/2019,UNV,PA,AEA,EN,Federal Contract Tower,0,45,19,0,64,0,2,1,0,3,0,47,20,0,67,0,0,0,67
05/02/2019,UNV,PA,AEA,EN,Federal Contract Tower,0,36,21,1,58,0,4,15,0,19,0,40,36,1,77,24,0,24,101
05/03/2019,UNV,PA,AEA,EN,Federal Contract Tower,0,39,19,7,65,0,4,11,1,16,0,43,30,8,81,14,12,26,107
05/04/2019,UNV,PA,AEA,EN,Federal Contract Tower,0,29,6,0,35,0,2,2,0,4,0,31,8,0,39,0,0,0,39
05/05/2019,UNV,PA,AEA,EN,Federal Contract Tower,0,34,16,0,50,0,0,0,0,0,0,34,16,0,50,0,0,0,50
05/06/2019,UNV,PA,AEA,EN,Federal Contract Tower,0,32,17,0,49,0,8,56,0,64,0,40,73,0,113,48,0,48,161
05/07/2019,UNV,PA,AEA,EN,Federal Contract Tower,0,31,24,0,55,0,7,69,0,76,0,38,93,0,131,54,0,54,185
05/08/2019,UNV,PA,AEA,EN,Federal Contract Tower,0,33,8,0,41,0,10,31,4,45,0,43,39,4,86,41,0,41,127
05/09/2019,UNV,PA,AEA,EN,Federal Contract Tower,0,37,19,0,56,0,0,0,0,0,0,37,19,0,56,0,0,0,56
05/10/2019,UNV,PA,AEA,EN,Federal Contract Tower,0,33,11,4,48,0,7,12,0,19,0,40,23,4,67,18,0,18,85
05/11/2019,UNV,PA,AEA,EN,Federal Contract Tower,0,27,7,0,34,0,8,63,0,71,0,35,70,0,105,4,0,4,109
05/12/2019,UNV,PA,AEA,EN,Federal Contract Tower,0,29,5,0,34,0,0,1,0,1,0,29,6,0,35,0,0,0,35
05/13/2019,UNV,PA,AEA,EN,Federal Contract Tower,0,28,13,0,41,0,0,0,0,0,0,28,13,0,41,0,0,0,41
05/14/2019,UNV,PA,AEA,EN,Federal Contract Tower,0,36,12,0,48,0,6,7,6,19,0,42,19,6,67,0,0,0,67
05/15/2019,UNV,PA,AEA,EN,Federal Contract Tower,0,34,8,0,42,0,3,34,2,39,0,37,42,2,81,32,0,32,113
05/16/2019,UNV,PA,AEA,EN,Federal Contract Tower,0,41,4,0,45,0,10,34,0,44,0,51,38,0,89,52,0,52,141
05/17/2019,UNV,PA,AEA,EN,Federal Contract Tower,0,35,15,4,54,0,5,19,1,25,0,40,34,5,79,2,4,6,85
05/18/2019,UNV,PA,AEA,EN,Federal Contract Tower,0,28,10,0,38,0,1,35,0,36,0,29,45,0,74,28,0,28,102
05/19/2019,UNV,PA,AEA,EN,Federal Contract Tower,0,23,4,0,27,0,2,29,5,36,0,25,33,5,63,32,0,32,95
05/20/2019,UNV,PA,AEA,EN,Federal Contract Tower,0,30,14,0,44,0,5,14,0,19,0,35,28,0,63,16,0,16,79
05/21/2019,UNV,PA,AEA,EN,Federal Contract Tower,0,31,15,0,46,0,1,33,0,34,0,32,48,0,80,80,0,80,160
05/22/2019,UNV,PA,AEA,EN,Federal Contract Tower,0,31,8,0,39,0,3,38,1,42,0,34,46,1,81,78,0,78,159
05/23/2019,UNV,PA,AEA,EN,Federal Contract Tower,0,38,12,0,50,0,12,12,5,29,0,50,24,5,79,40,0,40,119
05/24/2019,UNV,PA,AEA,EN,Federal Contract Tower,0,39,5,0,44,0,3,26,1,30,0,42,31,1,74,12,0,12,86
05/25/2019,UNV,PA,AEA,EN,Federal Contract Tower,0,31,4,0,35,0,4,28,0,32,0,35,32,0,67,44,0,44,111
05/26/2019,UNV,PA,AEA,EN,Federal Contract Tower,0,23,4,0,27,0,4,20,0,24,0,27,24,0,51,24,0,24,75
05/27/2019,UNV,PA,AEA,EN,Federal Contract Tower,0,27,9,0,36,0,2,29,0,31,0,29,38,0,67,6,0,6,73
05/28/2019,UNV,PA,AEA,EN,Federal Contract Tower,0,27,5,0,32,0,2,6,0,8,0,29,11,0,40,6,0,6,46
05/29/2019,UNV,PA,AEA,EN,Federal Contract Tower,0,29,5,0,34,0,0,9,0,9,0,29,14,0,43,32,0,32,75
05/30/2019,UNV,PA,AEA,EN,Federal Contract Tower,0,35,10,0,45,0,0,4,0,4,0,35,14,0,49,10,0,10,59
05/31/2019,UNV,PA,AEA,EN,Federal Contract Tower,0,33,12,0,45,0,2,29,0,31,0,35,41,0,76,52,0,52,128
06/01/2019,UNV,PA,AEA,EN,Federal Contract Tower,0,23,6,0,29,0,8,34,0,42,0,31,40,0,71,60,0,60,131
06/02/2019,UNV,PA,AEA,EN,Federal Contract Tower,0,25,14,0,39,0,4,6,0,10,0,29,20,0,49,0,0,0,49
06/03/2019,UNV,PA,AEA,EN,Federal Contract Tower,0,27,6,0,33,0,4,20,0,24,0,31,26,0,57,20,0,20,77
06/04/2019,UNV,PA,AEA,EN,Federal Contract Tower,0,30,14,0,44,0,9,43,0,52,0,39,57,0,96,80,0,80,176
06/05/2019,UNV,PA,AEA,EN,Federal Contract Tower,0,29,2,0,31,0,3,14,0,17,0,32,16,0,48,32,0,32,80
06/06/2019,UNV,PA,AEA,EN,Federal Contract Tower,0,38,14,8,60,0,6,31,0,37,0,44,45,8,97,64,0,64,161
06/07/2019,UNV,PA,AEA,EN,Federal Contract Tower,0,38,13,1,52,0,5,27,0,32,0,43,40,1,84,8,0,8,92
06/08/2019,UNV,PA,AEA,EN,Federal Contract Tower,0,28,15,0,43,0,4,56,0,60,0,32,71,0,103,24,0,24,127
06/09/2019,UNV,PA,AEA,EN,Federal Contract Tower,0,28,5,0,33,0,6,23,0,29,0,34,28,0,62,44,0,44,106
06/10/2019,UNV,PA,AEA,EN,Federal Contract Tower,0,26,16,0,42,0,0,0,0,0,0,26,16,0,42,0,0,0,42
06/11/2019,UNV,PA,AEA,EN,Federal Contract Tower,0,33,11,0,44,0,13,14,4,31,0,46,25,4,75,28,0,28,103
06/12/2019,UNV,PA,AEA,EN,Federal Contract Tower,0,35,12,0,47,0,7,30,0,37,0,42,42,0,84,34,2,36,120
06/13/2019,UNV,PA,AEA,EN,Federal Contract Tower,0,39,7,2,48,0,0,0,0,0,0,39,7,2,48,0,0,0,48
06/14/2019,UNV,PA,AEA,EN,Federal Contract Tower,0,33,21,0,54,0,6,6,0,12,0,39,27,0,66,0,0,0,66
06/15/2019,UNV,PA,AEA,EN,Federal Contract Tower,0,29,8,0,37,0,3,19,12,34,0,32,27,12,71,38,0,38,109
06/16/2019,UNV,PA,AEA,EN,Federal Contract Tower,0,28,9,0,37,0,0,1,0,1,0,28,10,0,38,0,0,0,38
06/17/2019,UNV,PA,AEA,EN,Federal Contract Tower,0,32,17,0,49,0,0,0,0,0,0,32,17,0,49,0,0,0,49
06/18/2019,UNV,PA,AEA,EN,Federal Contract Tower,0,40,4,1,45,0,7,2,1,10,0,47,6,2,55,18,0,18,73
06/19/2019,UNV,PA,AEA,EN,Federal Contract Tower,0,36,14,0,50,0,5,0,0,5,0,41,14,0,55,0,0,0,55
06/20/2019,UNV,PA,AEA,EN,Federal Contract Tower,0,32,7,0,39,0,0,6,0,6,0,32,13,0,45,10,0,10,55
06/21/2019,UNV,PA,AEA,EN,Federal Contract Tower,0,32,8,0,40,0,4,6,0,10,0,36,14,0,50,0,0,0,50
06/22/2019,UNV,PA,AEA,EN,Federal Contract Tower,0,27,4,0,31,0,8,41,0,49,0,35,45,0,80,28,0,28,108
06/23/2019,UNV,PA,AEA,EN,Federal Contract Tower,0,27,8,0,35,0,5,32,0,37,0,32,40,0,72,24,0,24,96
06/24/2019,UNV,PA,AEA,EN,Federal Contract Tower,0,35,10,0,45,0,3,21,0,24,0,38,31,0,69,50,0,50,119
06/25/2019,UNV,PA,AEA,EN,Federal Contract Tower,0,32,18,1,51,0,5,19,0,24,0,37,37,1,75,16,0,16,91
06/26/2019,UNV,PA,AEA,EN,Federal Contract Tower,0,36,5,0,41,0,2,36,0,38,0,38,41,0,79,100,0,100,179
06/27/2019,UNV,PA,AEA,EN,Federal Contract Tower,0,37,15,0,52,0,3,39,0,42,0,40,54,0,94,66,0,66,160
06/28/2019,UNV,PA,AEA,EN,Federal Contract Tower,0,34,7,0,41,0,7,19,0,26,0,41,26,0,67,26,0,26,93
06/29/2019,UNV,PA,AEA,EN,Federal Contract Tower,0,37,2,0,39,0,2,13,0,15,0,39,15,0,54,8,0,8,62
06/30/2019,UNV,PA,AEA,EN,Federal Contract Tower,0,30,9,0,39,0,11,24,0,35,0,41,33,0,74,26,0,26,100
07/01/2019,UNV,PA,AEA,EN,Federal Contract Tower,0,31,18,0,49,0,5,37,0,42,0,36,55,0,91,96,0,96,187
07/02/2019,UNV,PA,AEA,EN,Federal Contract Tower,0,31,5,0,36,0,5,21,0,26,0,36,26,0,62,4,0,4,66
07/03/2019,UNV,PA,AEA,EN,Federal Contract Tower,0,28,13,0,41,0,3,4,12,19,0,31,17,12,60,8,0,8,68
07/04/2019,UNV,PA,AEA,EN,Federal Contract Tower,0,22,4,0,26,0,7,11,0,18,0,29,15,0,44,18,0,18,62
07/05/2019,UNV,PA,AEA,EN,Federal Contract Tower,0,26,7,0,33,0,6,11,0,17,0,32,18,0,50,0,0,0,50
07/06/2019,UNV,PA,AEA,EN,Federal Contract Tower,0,24,9,0,33,0,1,5,0,6,0,25,14,0,39,0,0,0,39
07/07/2019,UNV,PA,AEA,EN,Federal Contract Tower,0,28,22,0,50,0,5,15,0,20,0,33,37,0,70,6,0,6,76
07/08/2019,UNV,PA,AEA,EN,Federal Contract Tower,0,29,11,0,40,0,0,0,0,0,0,29,11,0,40,0,0,0,40
07/09/2019,UNV,PA,AEA,EN,Federal Contract Tower,0,33,12,0,45,0,10,39,0,49,0,43,51,0,94,64,0,64,158
07/10/2019,UNV,PA,AEA,EN,Federal Contract Tower,0,31,6,0,37,0,5,25,0,30,0,36,31,0,67,34,0,34,101
07/11/2019,UNV,PA,AEA,EN,Federal Contract Tower,0,32,7,0,39,0,3,0,0,3,0,35,7,0,42,0,0,0,42
07/12/2019,UNV,PA,AEA,EN,Federal Contract Tower,0,32,15,0,47,0,4,21,0,25,0,36,36,0,72,28,0,28,100
07/13/2019,UNV,PA,AEA,EN,Federal Contract Tower,0,29,11,2,42,0,6,53,0,59,0,35,64,2,101,14,0,14,115
07/14/2019,UNV,PA,AEA,EN,Federal Contract Tower,0,24,16,0,40,0,3,35,0,38,0,27,51,0,78,46,0,46,124
07/15/2019,UNV,PA,AEA,EN,Federal Contract Tower,0,29,11,0,40,0,0,44,0,44,0,29,55,0,84,44,0,44,128
07/16/2019,UNV,PA,AEA,EN,Federal Contract Tower,0,35,13,0,48,0,4,29,0,33,0,39,42,0,81,48,0,48,129
07/17/2019,UNV,PA,AEA,EN,Federal Contract Tower,0,30,15,0,45,0,0,8,0,8,0,30,23,0,53,20,0,20,73
07/18/2019,UNV,PA,AEA,EN,Federal Contract Tower,0,28,11,3,42,0,8,22,3,33,0,36,33,6,75,66,0,66,141
07/19/2019,UNV,PA,AEA,EN,Federal Contract Tower,0,36,19,0,55,0,5,24,0,29,0,41,43,0,84,44,0,44,128
07/20/2019,UNV,PA,AEA,EN,Federal Contract Tower,0,27,4,0,31,0,6,29,12,47,0,33,33,12,78,8,0,8,86
07/21/2019,UNV,PA,AEA,EN,Federal Contract Tower,0,25,13,0,38,0,6,21,0,27,0,31,34,0,65,14,0,14,79
07/22/2019,UNV,PA,AEA,EN,Federal Contract Tower,0,36,13,0,49,0,2,2,0,4,0,38,15,0,53,18,0,18,71
07/23/2019,UNV,PA,AEA,EN,Federal Contract Tower,0,34,8,0,42,0,9,34,0,43,0,43,42,0,85,28,0,28,113
07/24/2019,UNV,PA,AEA,EN,Federal Contract Tower,0,32,10,2,44,0,8,32,0,40,0,40,42,2,84,32,0,32,116
07/25/2019,UNV,PA,AEA,EN,Federal Contract Tower,0,36,13,0,49,0,4,27,0,31,0,40,40,0,80,28,0,28,108
07/26/2019,UNV,PA,AEA,EN,Federal Contract Tower,0,37,11,0,48,0,3,40,0,43,0,40,51,0,91,28,0,28,119
07/27/2019,UNV,PA,AEA,EN,Federal Contract Tower,0,34,6,2,42,0,8,46,0,54,0,42,52,2,96,10,0,10,106
07/28/2019,UNV,PA,AEA,EN,Federal Contract Tower,0,25,13,0,38,0,3,44,0,47,0,28,57,0,85,26,0,26,111
07/29/2019,UNV,PA,AEA,EN,Federal Contract Tower,0,26,2,0,28,0,4,43,2,49,0,30,45,2,77,42,2,44,121
07/30/2019,UNV,PA,AEA,EN,Federal Contract Tower,0,29,4,4,37,0,0,20,0,20,0,29,24,4,57,28,0,28,85
07/31/2019,UNV,PA,AEA,EN,Federal Contract Tower,0,30,3,0,33,0,0,24,0,24,0,30,27,0,57,16,0,16,73
08/01/2019,UNV,PA,AEA,EN,Federal Contract Tower,0,35,19,3,57,0,2,24,2,28,0,37,43,5,85,52,16,68,153
08/02/2019,UNV,PA,AEA,EN,Federal Contract Tower,0,35,10,0,45,0,4,4,0,8,0,39,14,0,53,0,0,0,53
08/03/2019,UNV,PA,AEA,EN,Federal Contract Tower,0,28,15,0,43,0,1,12,0,13,0,29,27,0,56,66,0,66,122
08/04/2019,UNV,PA,AEA,EN,Federal Contract Tower,0,27,13,0,40,0,3,35,0,38,0,30,48,0,78,24,0,24,102
08/05/2019,UNV,PA,AEA,EN,Federal Contract Tower,0,30,6,0,36,0,2,21,0,23,0,32,27,0,59,24,0,24,83
08/06/2019,UNV,PA,AEA,EN,Federal Contract Tower,0,29,12,0,41,0,13,14,0,27,0,42,26,0,68,18,0,18,86
08/07/2019,UNV,PA,AEA,EN,Federal Contract Tower,0,36,15,0,51,0,0,25,0,25,0,36,40,0,76,36,0,36,112
08/08/2019,UNV,PA,AEA,EN,Federal Contract Tower,0,39,12,0,51,0,5,20,0,25,0,44,32,0,76,32,0,32,108
08/09/2019,UNV,PA,AEA,EN,Federal Contract Tower,0,36,12,0,48,0,5,37,0,42,0,41,49,0,90,42,0,42,132
08/10/2019,UNV,PA,AEA,EN,Federal Contract Tower,0,28,13,0,41,0,7,39,0,46,0,35,52,0,87,4,0,4,91
08/11/2019,UNV,PA,AEA,EN,Federal Contract Tower,0,27,16,0,43,0,1,66,0,67,0,28,82,0,110,32,0,32,142
08/12/2019,UNV,PA,AEA,EN,Federal Contract Tower,0,29,11,0,40,0,3,32,0,35,0,32,43,0,75,58,0,58,133
08/13/2019,UNV,PA,AEA,EN,Federal Contract Tower,0,37,4,0,41,0,0,2,0,2,0,37,6,0,43,0,0,0,43
08/14/2019,UNV,PA,AEA,EN,Federal Contract Tower,0,36,20,4,60,0,5,40,0,45,0,41,60,4,105,24,0,24,129
08/15/2019,UNV,PA,AEA,EN,Federal Contract Tower,0,38,5,0,43,0,2,9,0,11,0,40,14,0,54,12,0,12,66
08/16/2019,UNV,PA,AEA,EN,Federal Contract Tower,0,30,15,0,45,0,2,20,0,22,0,32,35,0,67,18,0,18,85
08/17/2019,UNV,PA,AEA,EN,Federal Contract Tower,0,26,15,0,41,0,2,23,0,25,0,28,38,0,66,4,0,4,70
08/18/2019,UNV,PA,AEA,EN,Federal Contract Tower,0,26,8,0,34,0,2,29,0,31,0,28,37,0,65,32,0,32,97
08/19/2019,UNV,PA,AEA,EN,Federal Contract Tower,0,33,5,2,40,0,2,32,4,38,0,35,37,6,78,48,0,48,126
08/20/2019,UNV,PA,AEA,EN,Federal Contract Tower,0,28,10,4,42,0,0,28,0,28,0,28,38,4,70,26,0,26,96
08/21/2019,UNV,PA,AEA,EN,Federal Contract Tower,0,30,12,0,42,0,6,16,0,22,0,36,28,0,64,36,0,36,100
08/22/2019,UNV,PA,AEA,EN,Federal Contract Tower,0,30,17,0,47,0,7,22,0,29,0,37,39,0,76,46,0,46,122
08/23/2019,UNV,PA,AEA,EN,Federal Contract Tower,0,40,19,0,59,0,8,24,0,32,0,48,43,0,91,32,0,32,123
08/24/2019,UNV,PA,AEA,EN,Federal Contract Tower,0,22,11,0,33,0,4,45,0,49,0,26,56,0,82,22,0,22,104
08/25/2019,UNV,PA,AEA,EN,Federal Contract Tower,0,29,9,0,38,0,3,44,0,47,0,32,53,0,85,34,0,34,119
08/26/2019,UNV,PA,AEA,EN,Federal Contract Tower,0,31,4,0,35,0,2,21,2,25,0,33,25,2,60,36,0,36,96
08/27/2019,UNV,PA,AEA,EN,Federal Contract Tower,0,33,9,0,42,0,0,0,0,0,0,33,9,0,42,0,0,0,42
08/28/2019,UNV,PA,AEA,EN,Federal Contract Tower,0,34,8,2,44,0,2,19,2,23,0,36,27,4,67,16,4,20,87
08/29/2019,UNV,PA,AEA,EN,Federal Contract Tower,0,35,14,1,50,0,6,32,0,38,0,41,46,1,88,46,0,46,134
08/30/2019,UNV,PA,AEA,EN,Federal Contract Tower,2,39,13,0,54,0,3,27,0,30,2,42,40,0,84,52,0,52,136
08/31/2019,UNV,PA,AEA,EN,Federal Contract Tower,2,40,23,0,65,0,6,67,0,73,2,46,90,0,138,6,0,6,144
09/01/2019,UNV,PA,AEA,EN,Federal Contract Tower,0,22,17,0,39,0,10,24,0,34,0,32,41,0,73,56,0,56,129
09/02/2019,UNV,PA,AEA,EN,Federal Contract Tower,0,28,7,0,35,0,4,20,0,24,0,32,27,0,59,44,0,44,103
09/03/2019,UNV,PA,AEA,EN,Federal Contract Tower,0,27,12,0,39,0,8,26,0,34,0,35,38,0,73,36,0,36,109
09/04/2019,UNV,PA,AEA,EN,Federal Contract Tower,1,41,6,0,48,0,5,26,2,33,1,46,32,2,81,32,0,32,113
09/05/2019,UNV,PA,AEA,EN,Federal Contract Tower,0,44,12,0,56,0,5,37,0,42,0,49,49,0,98,104,0,104,202
09/06/2019,UNV,PA,AEA,EN,Federal Contract Tower,0,46,25,0,71,0,2,28,0,30,0,48,53,0,101,48,0,48,149
09/07/2019,UNV,PA,AEA,EN,Federal Contract Tower,0,35,15,0,50,0,11,50,0,61,0,46,65,0,111,28,0,28,139
09/08/2019,UNV,PA,AEA,EN,Federal Contract Tower,0,41,16,0,57,0,4,53,0,57,0,45,69,0,114,82,0,82,196
09/09/2019,UNV,PA,AEA,EN,Federal Contract Tower,0,33,11,1,45,0,10,38,0,48,0,43,49,1,93,44,8,52,145
09/10/2019,UNV,PA,AEA,EN,Federal Contract Tower,0,35,14,0,49,0,8,29,0,37,0,43,43,0,86,36,0,36,122
09/11/2019,UNV,PA,AEA,EN,Federal Contract Tower,0,36,11,2,49,0,4,24,2,30,0,40,35,4,79,36,0,36,115
09/12/2019,UNV,PA,AEA,EN,Federal Contract Tower,0,35,24,0,59,0,0,11,0,11,0,35,35,0,70,40,0,40,110
09/13/2019,UNV,PA,AEA,EN,Federal Contract Tower,0,43,22,1,66,0,4,2,0,6,0,47,24,1,72,0,0,0,72
09/14/2019,UNV,PA,AEA,EN,Federal Contract Tower,0,51,41,0,92,0,1,1,0,2,0,52,42,0,94,0,0,0,94
09/15/2019,UNV,PA,AEA,EN,Federal Contract Tower,0,44,26,0,70,0,0,49,0,49,0,44,75,0,119,26,0,26,145
09/16/2019,UNV,PA,AEA,EN,Federal Contract Tower,2,35,18,2,57,0,5,23,0,28,2,40,41,2,85,38,0,38,123
09/17/2019,UNV,PA,AEA,EN,Federal Contract Tower,0,43,15,0,58,0,15,41,0,56,0,58,56,0,114,34,0,34,148
09/18/2019,UNV,PA,AEA,EN,Federal Contract Tower,1,38,20,0,59,0,6,40,0,46,1,44,60,0,105,92,0,92,197
09/19/2019,UNV,PA,AEA,EN,Federal Contract Tower,0,38,21,0,59,0,5,47,1,53,0,43,68,1,112,34,0,34,146
09/20/2019,UNV,PA,AEA,EN,Federal Contract Tower,0,45,11,0,56,0,4,40,0,44,0,49,51,0,100,40,0,40,140
09/21/2019,UNV,PA,AEA,EN,Federal Contract Tower,0,27,12,0,39,0,2,47,0,49,0,29,59,0,88,32,0,32,120
09/22/2019,UNV,PA,AEA,EN,Federal Contract Tower,0,26,14,0,40,0,1,28,2,31,0,27,42,2,71,18,0,18,89
09/23/2019,UNV,PA,AEA,EN,Federal Contract Tower,0,31,11,0,42,0,5,9,0,14,0,36,20,0,56,36,0,36,92
09/24/2019,UNV,PA,AEA,EN,Federal Contract Tower,0,41,8,0,49,0,8,27,0,35,0,49,35,0,84,44,0,44,128
09/25/2019,UNV,PA,AEA,EN,Federal Contract Tower,0,47,30,0,77,0,7,47,2,56,0,54,77,2,133,20,0,20,153
09/26/2019,UNV,PA,AEA,EN,Federal Contract Tower,0,38,12,0,50,0,4,20,2,26,0,42,32,2,76,14,0,14,90
09/27/2019,UNV,PA,AEA,EN,Federal Contract Tower,0,35,20,0,55,0,7,36,0,43,0,42,56,0,98,18,0,18,116
09/28/2019,UNV,PA,AEA,EN,Federal Contract Tower,0,28,10,0,38,0,7,9,0,16,0,35,19,0,54,8,0,8,62
09/29/2019,UNV,PA,AEA,EN,Federal Contract Tower,0,30,24,0,54,0,7,37,0,44,0,37,61,0,98,28,0,28,126
09/30/2019,UNV,PA,AEA,EN,Federal Contract Tower,0,30,5,0,35,0,0,0,0,0,0,30,5,0,35,0,0,0,35
10/01/2019,UNV,PA,AEA,EN,Federal Contract Tower,0,38,15,0,53,0,3,18,3,24,0,41,33,3,77,24,0,24,101
10/02/2019,UNV,PA,AEA,EN,Federal Contract Tower,0,36,9,0,45,0,3,20,0,23,0,39,29,0,68,48,0,48,116
10/03/2019,UNV,PA,AEA,EN,Federal Contract Tower,0,45,13,0,58,0,0,0,0,0,0,45,13,0,58,0,0,0,58
10/04/2019,UNV,PA,AEA,EN,Federal Contract Tower,3,50,30,0,83,0,7,36,0,43,3,57,66,0,126,8,0,8,134
10/05/2019,UNV,PA,AEA,EN,Federal Contract Tower,2,52,31,0,85,0,2,57,0,59,2,54,88,0,144,0,0,0,144
10/06/2019,UNV,PA,AEA,EN,Federal Contract Tower,0,47,24,0,71,0,5,1,0,6,0,52,25,0,77,0,0,0,77
10/07/2019,UNV,PA,AEA,EN,Federal Contract Tower,0,35,12,0,47,0,0,4,0,4,0,35,16,0,51,4,0,4,55
10/08/2019,UNV,PA,AEA,EN,Federal Contract Tower,0,36,11,0,47,0,3,20,0,23,0,39,31,0,70,60,10,70,140
10/09/2019,UNV,PA,AEA,EN,Federal Contract Tower,2,39,7,2,50,0,2,39,4,45,2,41,46,6,95,32,0,32,127
10/10/2019,UNV,PA,AEA,EN,Federal Contract Tower,0,37,12,0,49,0,3,43,0,46,0,40,55,0,95,70,0,70,165
10/11/2019,UNV,PA,AEA,EN,Federal Contract Tower,2,44,19,0,65,0,4,42,0,46,2,48,61,0,111,40,0,40,151
10/12/2019,UNV,PA,AEA,EN,Federal Contract Tower,2,31,8,0,41,0,5,21,0,26,2,36,29,0,67,20,0,20,87
10/13/2019,UNV,PA,AEA,EN,Federal Contract Tower,0,38,21,0,59,0,6,34,0,40,0,44,55,0,99,30,0,30,129
10/14/2019,UNV,PA,AEA,EN,Federal Contract Tower,0,39,7,0,46,0,8,29,0,37,0,47,36,0,83,42,0,42,125
10/15/2019,UNV,PA,AEA,EN,Federal Contract Tower,0,36,9,2,47,0,4,50,0,54,0,40,59,2,101,38,0,38,139
10/16/2019,UNV,PA,AEA,EN,Federal Contract Tower,2,39,6,0,47,0,2,5,0,7,2,41,11,0,54,0,0,0,54
10/17/2019,UNV,PA,AEA,EN,Federal Contract Tower,0,51,7,0,58,0,0,3,0,3,0,51,10,0,61,0,0,0,61
10/18/2019,UNV,PA,AEA,EN,Federal Contract Tower,2,68,30,0,100,0,13,37,9,59,2,81,67,9,159,30,0,30,189
10/19/2019,UNV,PA,AEA,EN,Federal Contract Tower,1,61,56,0,118,1,9,78,8,96,2,70,134,8,214,2,0,2,216
10/20/2019,UNV,PA,AEA,EN,Federal Contract Tower,0,69,43,0,112,0,5,22,0,27,0,74,65,0,139,0,0,0,139
10/21/2019,UNV,PA,AEA,EN,Federal Contract Tower,0,41,8,0,49,0,5,31,0,36,0,46,39,0,85,72,0,72,157
10/22/2019,UNV,PA,AEA,EN,Federal Contract Tower,0,40,9,0,49,0,0,0,0,0,0,40,9,0,49,0,0,0,49
10/23/2019,UNV,PA,AEA,EN,Federal Contract Tower,2,40,7,0,49,0,9,29,2,40,2,49,36,2,89,30,0,30,119
10/24/2019,UNV,PA,AEA,EN,Federal Contract Tower,0,40,11,0,51,0,5,57,0,62,0,45,68,0,113,46,0,46,159
10/25/2019,UNV,PA,AEA,EN,Federal Contract Tower,4,45,15,0,64,0,6,34,0,40,4,51,49,0,104,48,0,48,152
10/26/2019,UNV,PA,AEA,EN,Federal Contract Tower,2,38,11,0,51,0,4,20,3,27,2,42,31,3,78,18,12,30,108
10/27/2019,UNV,PA,AEA,EN,Federal Contract Tower,0,38,5,0,43,0,6,5,0,11,0,44,10,0,54,2,0,2,56
10/28/2019,UNV,PA,AEA,EN,Federal Contract Tower,2,35,10,2,49,0,4,45,0,49,2,39,55,2,98,38,0,38,136
10/29/2019,UNV,PA,AEA,EN,Federal Contract Tower,0,45,9,0,54,0,2,12,0,14,0,47,21,0,68,36,0,36,104
10/30/2019,UNV,PA,AEA,EN,Federal Contract Tower,3,37,16,0,56,0,0,2,0,2,3,37,18,0,58,8,0,8,66
10/31/2019,UNV,PA,AEA,EN,Federal Contract Tower,0,29,6,0,35,0,0,0,0,0,0,29,6,0,35,0,0,0,35
11/01/2019,UNV,PA,AEA,EN,Federal Contract Tower,2,43,7,0,52,0,6,24,1,31,2,49,31,1,83,34,0,34,117
11/02/2019,UNV,PA,AEA,EN,Federal Contract Tower,2,30,16,0,48,0,9,65,0,74,2,39,81,0,122,58,0,58,180
11/03/2019,UNV,PA,AEA,EN,Federal Contract Tower,0,31,7,0,38,0,4,29,0,33,0,35,36,0,71,26,0,26,97
11/04/2019,UNV,PA,AEA,EN,Federal Contract Tower,2,36,6,0,44,0,5,31,0,36,2,41,37,0,80,70,0,70,150
11/05/2019,UNV,PA,AEA,EN,Federal Contract Tower,0,36,10,2,48,0,3,16,2,21,0,39,26,4,69,22,18,40,109
11/06/2019,UNV,PA,AEA,EN,Federal Contract Tower,2,39,10,3,54,0,7,43,9,59,2,46,53,12,113,36,8,44,157
11/07/2019,UNV,PA,AEA,EN,Federal Contract Tower,1,37,16,0,54,0,0,3,0,3,1,37,19,0,57,18,0,18,75
11/08/2019,UNV,PA,AEA,EN,Federal Contract Tower,4,40,3,0,47,0,0,24,0,24,4,40,27,0,71,22,0,22,93
11/09/2019,UNV,PA,AEA,EN,Federal Contract Tower,4,35,5,0,44,0,0,44,0,44,4,35,49,0,88,52,0,52,140
11/10/2019,UNV,PA,AEA,EN,Federal Contract Tower,0,42,2,0,44,0,2,59,0,61,0,44,61,0,105,62,0,62,167
11/11/2019,UNV,PA,AEA,EN,Federal Contract Tower,2,27,6,0,35,0,8,22,0,30,2,35,28,0,65,8,0,8,73
11/12/2019,UNV,PA,AEA,EN,Federal Contract Tower,0,36,5,0,41,0,2,6,0,8,0,38,11,0,49,18,0,18,67
11/13/2019,UNV,PA,AEA,EN,Federal Contract Tower,2,37,6,6,51,0,0,33,16,49,2,37,39,22,100,48,54,102,202
11/14/2019,UNV,PA,AEA,EN,Federal Contract Tower,0,41,3,0,44,0,0,20,0,20,0,41,23,0,64,36,0,36,100
11/15/2019,UNV,PA,AEA,EN,Federal Contract Tower,4,52,12,0,68,0,5,44,0,49,4,57,56,0,117,116,0,116,233
11/16/2019,UNV,PA,AEA,EN,Federal Contract Tower,4,30,23,0,57,0,5,73,0,78,4,35,96,0,135,0,0,0,135
11/17/2019,UNV,PA,AEA,EN,Federal Contract Tower,0,46,7,1,54,0,3,36,1,40,0,49,43,2,94,12,0,12,106
11/18/2019,UNV,PA,AEA,EN,Federal Contract Tower,2,40,18,0,60,0,0,0,0,0,2,40,18,0,60,6,0,6,66
11/19/2019,UNV,PA,AEA,EN,Federal Contract Tower,0,39,7,0,46,0,5,19,0,24,0,44,26,0,70,36,0,36,106
11/20/2019,UNV,PA,AEA,EN,Federal Contract Tower,2,35,13,0,50,0,3,3,2,8,2,38,16,2,58,0,8,8,66
11/21/2019,UNV,PA,AEA,EN,Federal Contract Tower,0,40,6,0,46,0,7,39,0,46,0,47,45,0,92,88,0,88,180
11/22/2019,UNV,PA,AEA,EN,Federal Contract Tower,4,43,8,0,55,0,10,6,0,16,4,53,14,0,71,0,0,0,71
11/23/2019,UNV,PA,AEA,EN,Federal Contract Tower,4,31,14,0,49,0,5,19,0,24,4,36,33,0,73,8,0,8,81
11/24/2019,UNV,PA,AEA,EN,Federal Contract Tower,0,33,5,0,38,0,0,0,0,0,0,33,5,0,38,0,0,0,38
11/25/2019,UNV,PA,AEA,EN,Federal Contract Tower,2,29,10,0,41,0,2,25,0,27,2,31,35,0,68,14,0,14,82
11/26/2019,UNV,PA,AEA,EN,Federal Contract Tower,0,33,20,4,57,0,3,35,2,40,0,36,55,6,97,0,12,12,109
11/27/2019,UNV,PA,AEA,EN,Federal Contract Tower,2,42,9,2,55,0,2,1,0,3,2,44,10,2,58,0,0,0,58
11/28/2019,UNV,PA,AEA,EN,Federal Contract Tower,0,18,1,0,19,0,2,0,0,2,0,20,1,0,21,0,0,0,21
11/29/2019,UNV,PA,AEA,EN,Federal Contract Tower,0,32,5,0,37,0,0,32,0,32,0,32,37,0,69,46,0,46,115
11/30/2019,UNV,PA,AEA,EN,Federal Contract Tower,1,39,15,0,55,0,0,27,0,27,1,39,42,0,82,0,0,0,82
12/01/2019,UNV,PA,AEA,EN,Federal Contract Tower,2,38,9,0,49,0,0,0,0,0,2,38,9,0,49,0,0,0,49
12/02/2019,UNV,PA,AEA,EN,Federal Contract Tower,0,39,7,0,46,0,0,0,0,0,0,39,7,0,46,0,0,0,46
12/03/2019,UNV,PA,AEA,EN,Federal Contract Tower,0,39,6,3,48,0,8,9,2,19,0,47,15,5,67,2,6,8,75
12/04/2019,UNV,PA,AEA,EN,Federal Contract Tower,2,39,8,0,49,0,0,6,0,6,2,39,14,0,55,30,0,30,85
12/05/2019,UNV,PA,AEA,EN,Federal Contract Tower,0,44,8,0,52,0,6,11,0,17,0,50,19,0,69,0,0,0,69
12/06/2019,UNV,PA,AEA,EN,Federal Contract Tower,2,39,16,0,57,0,0,15,0,15,2,39,31,0,72,36,0,36,108
12/07/2019,UNV,PA,AEA,EN,Federal Contract Tower,2,32,15,0,49,0,2,60,0,62,2,34,75,0,111,12,0,12,123
12/08/2019,UNV,PA,AEA,EN,Federal Contract Tower,0,30,9,0,39,0,5,37,0,42,0,35,46,0,81,30,0,30,111
12/09/2019,UNV,PA,AEA,EN,Federal Contract Tower,2,31,2,0,35,0,0,0,0,0,2,31,2,0,35,0,0,0,35
12/10/2019,UNV,PA,AEA,EN,Federal Contract Tower,0,37,4,0,41,0,6,2,0,8,0,43,6,0,49,0,0,0,49
12/11/2019,UNV,PA,AEA,EN,Federal Contract Tower,2,35,10,0,47,0,7,32,0,39,2,42,42,0,86,42,0,42,128
12/12/2019,UNV,PA,AEA,EN,Federal Contract Tower,0,39,16,0,55,0,5,49,0,54,0,44,65,0,109,50,0,50,159
12/13/2019,UNV,PA,AEA,EN,Federal Contract Tower,2,40,3,0,45,0,0,5,0,5,2,40,8,0,50,20,0,20,70
12/14/2019,UNV,PA,AEA,EN,Federal Contract Tower,2,27,1,0,30,0,0,0,0,0,2,27,1,0,30,0,0,0,30
12/15/2019,UNV,PA,AEA,EN,Federal Contract Tower,1,34,7,0,42,0,2,5,0,7,1,36,12,0,49,14,0,14,63
12/16/2019,UNV,PA,AEA,EN,Federal Contract Tower,3,33,9,0,45,0,0,0,0,0,3,33,9,0,45,0,0,0,45
12/17/2019,UNV,PA,AEA,EN,Federal Contract Tower,0,39,3,0,42,0,0,0,0,0,0,39,3,0,42,0,0,0,42
12/18/2019,UNV,PA,AEA,EN,Federal Contract Tower,2,37,12,2,53,0,0,0,0,0,2,37,12,2,53,0,0,0,53
12/19/2019,UNV,PA,AEA,EN,Federal Contract Tower,0,40,13,0,53,0,5,47,0,52,0,45,60,0,105,48,0,48,153
12/20/2019,UNV,PA,AEA,EN,Federal Contract Tower,2,32,12,0,46,0,5,74,0,79,2,37,86,0,125,36,2,38,163
12/21/2019,UNV,PA,AEA,EN,Federal Contract Tower,2,28,1,0,31,0,4,52,0,56,2,32,53,0,87,84,0,84,171
12/22/2019,UNV,PA,AEA,EN,Federal Contract Tower,0,27,8,0,35,0,7,35,0,42,0,34,43,0,77,28,0,28,105
12/23/2019,UNV,PA,AEA,EN,Federal Contract Tower,0,36,4,0,40,0,4,41,0,45,0,40,45,0,85,56,0,56,141
12/24/2019,UNV,PA,AEA,EN,Federal Contract Tower,3,20,1,0,24,0,6,6,0,12,3,26,7,0,36,0,0,0,36
12/25/2019,UNV,PA,AEA,EN,Federal Contract Tower,0,19,3,0,22,0,9,4,0,13,0,28,7,0,35,0,0,0,35
12/26/2019,UNV,PA,AEA,EN,Federal Contract Tower,3,35,12,0,50,0,5,8,0,13,3,40,20,0,63,18,0,18,81
12/27/2019,UNV,PA,AEA,EN,Federal Contract Tower,2,30,3,0,35,0,4,4,0,8,2,34,7,0,43,0,0,0,43
12/28/2019,UNV,PA,AEA,EN,Federal Contract Tower,4,26,3,0,33,0,7,38,0,45,4,33,41,0,78,20,0,20,98
12/29/2019,UNV,PA,AEA,EN,Federal Contract Tower,1,25,10,0,36,0,0,0,0,0,1,25,10,0,36,0,0,0,36
12/30/2019,UNV,PA,AEA,EN,Federal Contract Tower,2,31,4,0,37,0,0,0,0,0,2,31,4,0,37,0,0,0,37
12/31/2019,UNV,PA,AEA,EN,Federal Contract Tower,2,31,1,0,34,0,1,0,0,1,2,32,1,0,35,0,0,0,35
01/01/2020,UNV,PA,AEA,EN,Federal Contract Tower,0,23,0,0,23,0,0,3,0,3,0,23,3,0,26,0,0,0,26
01/02/2020,UNV,PA,AEA,EN,Federal Contract Tower,0,32,8,0,40,0,2,17,2,21,0,34,25,2,61,8,0,8,69
01/03/2020,UNV,PA,AEA,EN,Federal Contract Tower,4,30,2,0,36,0,0,0,0,0,4,30,2,0,36,0,0,0,36
01/04/2020,UNV,PA,AEA,EN,Federal Contract Tower,4,19,3,0,26,0,2,3,0,5,4,21,6,0,31,4,0,4,35
01/05/2020,UNV,PA,AEA,EN,Federal Contract Tower,0,23,2,0,25,0,2,3,0,5,0,25,5,0,30,6,0,6,36
01/06/2020,UNV,PA,AEA,EN,Federal Contract Tower,2,28,2,0,32,0,7,5,0,12,2,35,7,0,44,0,0,0,44
01/07/2020,UNV,PA,AEA,EN,Federal Contract Tower,0,30,5,0,35,0,0,7,0,7,0,30,12,0,42,0,0,0,42
01/08/2020,UNV,PA,AEA,EN,Federal Contract Tower,3,28,0,0,31,0,0,0,0,0,3,28,0,0,31,0,0,0,31
01/09/2020,UNV,PA,AEA,EN,Federal Contract Tower,0,32,5,2,39,0,4,22,0,26,0,36,27,2,65,0,0,0,65
01/10/2020,UNV,PA,AEA,EN,Federal Contract Tower,3,35,6,0,44,0,0,1,2,3,3,35,7,2,47,0,0,0,47
01/11/2020,UNV,PA,AEA,EN,Federal Contract Tower,3,20,9,0,32,0,7,0,0,7,3,27,9,0,39,0,0,0,39
01/12/2020,UNV,PA,AEA,EN,Federal Contract Tower,0,29,5,0,34,0,2,12,0,14,0,31,17,0,48,16,0,16,64
01/13/2020,UNV,PA,AEA,EN,Federal Contract Tower,2,27,7,0,36,0,6,47,0,53,2,33,54,0,89,46,0,46,135
01/14/2020,UNV,PA,AEA,EN,Federal Contract Tower,0,33,5,0,38,0,0,0,0,0,0,33,5,0,38,0,0,0,38
01/15/2020,UNV,PA,AEA,EN,Federal Contract Tower,2,40,9,0,51,0,0,28,2,30,2,40,37,2,81,10,8,18,99
01/16/2020,UNV,PA,AEA,EN,Federal Contract Tower,0,32,2,0,34,0,0,0,0,0,0,32,2,0,34,0,0,0,34
01/17/2020,UNV,PA,AEA,EN,Federal Contract Tower,3,33,14,6,56,0,10,50,2,62,3,43,64,8,118,24,0,24,142
01/18/2020,UNV,PA,AEA,EN,Federal Contract Tower,4,24,0,0,28,0,0,0,0,0,4,24,0,0,28,0,0,0,28
01/19/2020,UNV,PA,AEA,EN,Federal Contract Tower,0,24,9,0,33,0,1,3,0,4,0,25,12,0,37,2,0,2,39
01/20/2020,UNV,PA,AEA,EN,Federal Contract Tower,2,37,11,0,50,0,8,14,0,22,2,45,25,0,72,0,0,0,72
01/21/2020,UNV,PA,AEA,EN,Federal Contract Tower,0,33,1,0,34,0,6,17,0,23,0,39,18,0,57,20,0,20,77
01/22/2020,UNV,PA,AEA,EN,Federal Contract Tower,2,42,5,0,49,0,0,39,0,39,2,42,44,0,88,32,0,32,120
01/23/2020,UNV,PA,AEA,EN,Federal Contract Tower,0,39,11,0,50,0,10,40,2,52,0,49,51,2,102,14,0,14,116
01/24/2020,UNV,PA,AEA,EN,Federal Contract Tower,2,37,8,0,47,0,0,22,0,22,2,37,30,0,69,70,0,70,139
01/25/2020,UNV,PA,AEA,EN,Federal Contract Tower,2,24,2,0,28,0,0,2,0,2,2,24,4,0,30,0,0,0,30
01/26/2020,UNV,PA,AEA,EN,Federal Contract Tower,0,29,3,0,32,0,7,9,0,16,0,36,12,0,48,0,0,0,48
01/27/2020,UNV,PA,AEA,EN,Federal Contract Tower,2,29,8,0,39,0,2,5,0,7,2,31,13,0,46,14,0,14,60
01/28/2020,UNV,PA,AEA,EN,Federal Contract Tower,0,29,10,0,39,0,2,6,0,8,0,31,16,0,47,18,0,18,65
01/29/2020,UNV,PA,AEA,EN,Federal Contract Tower,2,35,17,0,54,0,2,27,0,29,2,37,44,0,83,12,0,12,95
01/30/2020,UNV,PA,AEA,EN,Federal Contract Tower,1,39,17,0,57,0,0,22,2,24,1,39,39,2,81,24,0,24,105
02/01/2020,UNV,PA,AEA,EN,Federal Contract Tower,3,23,2,0,28,0,0,20,0,20,3,23,22,0,48,36,0,36,84
02/02/2020,UNV,PA,AEA,EN,Federal Contract Tower,0,26,2,0,28,0,0,0,0,0,0,26,2,0,28,0,0,0,28
02/03/2020,UNV,PA,AEA,EN,Federal Contract Tower,2,31,13,0,46,0,10,27,0,37,2,41,40,0,83,18,0,18,101
02/04/2020,UNV,PA,AEA,EN,Federal Contract Tower,0,28,5,0,33,0,0,5,0,5,0,28,10,0,38,6,0,6,44
02/05/2020,UNV,PA,AEA,EN,Federal Contract Tower,2,32,4,0,38,0,4,19,2,25,2,36,23,2,63,32,0,32,95
02/06/2020,UNV,PA,AEA,EN,Federal Contract Tower,0,33,13,0,46,0,0,0,0,0,0,33,13,0,46,0,0,0,46
02/07/2020,UNV,PA,AEA,EN,Federal Contract Tower,3,29,3,0,35,0,0,4,0,4,3,29,7,0,39,8,0,8,47
02/08/2020,UNV,PA,AEA,EN,Federal Contract Tower,5,25,10,0,40,0,2,14,0,16,5,27,24,0,56,16,0,16,72
02/09/2020,UNV,PA,AEA,EN,Federal Contract Tower,2,21,5,0,28,0,0,26,0,26,2,21,31,0,54,36,0,36,90
02/10/2020,UNV,PA,AEA,EN,Federal Contract Tower,2,35,13,0,50,0,0,1,0,1,2,35,14,0,51,0,0,0,51
02/11/2020,UNV,PA,AEA,EN,Federal Contract Tower,0,35,8,0,43,0,0,6,0,6,0,35,14,0,49,26,0,26,75
02/12/2020,UNV,PA,AEA,EN,Federal Contract Tower,4,35,9,0,48,0,7,31,0,38,4,42,40,0,86,32,0,32,118
02/13/2020,UNV,PA,AEA,EN,Federal Contract Tower,0,34,6,0,40,0,0,2,0,2,0,34,8,0,42,0,0,0,42
02/14/2020,UNV,PA,AEA,EN,Federal Contract Tower,0,35,9,0,44,0,8,22,0,30,0,43,31,0,74,40,0,40,114
02/15/2020,UNV,PA,AEA,EN,Federal Contract Tower,4,25,13,0,42,0,11,47,0,58,4,36,60,0,100,46,0,46,146
02/16/2020,UNV,PA,AEA,EN,Federal Contract Tower,1,25,5,0,31,0,3,24,0,27,1,28,29,0,58,34,0,34,92
02/17/2020,UNV,PA,AEA,EN,Federal Contract Tower,2,28,11,0,41,0,5,47,0,52,2,33,58,0,93,20,0,20,113
02/18/2020,UNV,PA,AEA,EN,Federal Contract Tower,2,29,8,0,39,0,0,0,0,0,2,29,8,0,39,0,0,0,39
02/19/2020,UNV,PA,AEA,EN,Federal Contract Tower,4,36,12,0,52,0,2,16,4,22,4,38,28,4,74,30,6,36,110
02/20/2020,UNV,PA,AEA,EN,Federal Contract Tower,2,30,9,4,45,0,2,17,2,21,2,32,26,6,66,16,0,16,82
02/21/2020,UNV,PA,AEA,EN,Federal Contract Tower,0,31,18,0,49,0,1,51,0,52,0,32,69,0,101,8,0,8,109
02/22/2020,UNV,PA,AEA,EN,Federal Contract Tower,5,33,9,0,47,0,4,66,4,74,5,37,75,4,121,24,0,24,145
02/23/2020,UNV,PA,AEA,EN,Federal Contract Tower,0,24,2,0,26,0,3,53,0,56,0,27,55,0,82,42,0,42,124
02/24/2020,UNV,PA,AEA,EN,Federal Contract Tower,0,33,6,2,41,0,1,32,0,33,0,34,38,2,74,42,0,42,116
02/25/2020,UNV,PA,AEA,EN,Federal Contract Tower,0,27,9,0,36,0,0,2,0,2,0,27,11,0,38,24,0,24,62
02/26/2020,UNV,PA,AEA,EN,Federal Contract Tower,7,26,7,0,40,0,0,2,0,2,7,26,9,0,42,0,0,0,42
02/27/2020,UNV,PA,AEA,EN,Federal Contract Tower,3,32,6,0,41,0,2,0,0,2,3,34,6,0,43,0,0,0,43
02/28/2020,UNV,PA,AEA,EN,Federal Contract Tower,1,31,13,0,45,0,4,16,0,20,1,35,29,0,65,30,0,30,95
02/29/2020,UNV,PA,AEA,EN,Federal Contract Tower,7,24,6,0,37,0,2,3,0,5,7,26,9,0,42,0,0,0,42
03/01/2020,UNV,PA,AEA,EN,Federal Contract Tower,2,24,8,0,34,0,7,43,0,50,2,31,51,0,84,24,0,24,108
03/02/2020,UNV,PA,AEA,EN,Federal Contract Tower,1,29,8,0,38,0,4,30,2,36,1,33,38,2,74,36,0,36,110
03/03/2020,UNV,PA,AEA,EN,Federal Contract Tower,0,32,20,0,52,0,6,0,0,6,0,38,20,0,58,0,0,0,58
03/04/2020,UNV,PA,AEA,EN,Federal Contract Tower,5,31,8,2,46,0,2,15,4,21,5,33,23,6,67,58,0,58,125
03/05/2020,UNV,PA,AEA,EN,Federal Contract Tower,0,32,8,2,42,0,0,53,0,53,0,32,61,2,95,46,0,46,141
03/06/2020,UNV,PA,AEA,EN,Federal Contract Tower,0,32,12,2,46,0,0,3,0,3,0,32,15,2,49,0,0,0,49
03/07/2020,UNV,PA,AEA,EN,Federal Contract Tower,4,27,8,0,39,0,2,24,0,26,4,29,32,0,65,50,0,50,115
03/08/2020,UNV,PA,AEA,EN,Federal Contract Tower,0,25,7,0,32,0,2,42,0,44,0,27,49,0,76,12,0,12,88
03/09/2020,UNV,PA,AEA,EN,Federal Contract Tower,0,26,7,0,33,0,3,34,0,37,0,29,41,0,70,14,0,14,84
03/10/2020,UNV,PA,AEA,EN,Federal Contract Tower,0,30,1,0,31,0,0,3,0,3,0,30,4,0,34,10,0,10,44
03/11/2020,UNV,PA,AEA,EN,Federal Contract Tower,4,31,7,5,47,0,11,17,2,30,4,42,24,7,77,54,0,54,131
03/12/2020,UNV,PA,AEA,EN,Federal Contract Tower,0,34,7,0,41,0,10,13,2,25,0,44,20,2,66,46,0,46,112
03/14/2020,UNV,PA,AEA,EN,Federal Contract Tower,4,21,7,0,32,0,6,47,0,53,4,27,54,0,85,20,0,20,105
03/15/2020,UNV,PA,AEA,EN,Federal Contract Tower,0,27,5,0,32,0,2,30,0,32,0,29,35,0,64,38,0,38,102
03/16/2020,UNV,PA,AEA,EN,Federal Contract Tower,0,28,8,0,36,0,4,27,0,31,0,32,35,0,67,18,0,18,85
03/17/2020,UNV,PA,AEA,EN,Federal Contract Tower,0,27,4,0,31,0,1,0,0,1,0,28,4,0,32,0,0,0,32
03/18/2020,UNV,PA,AEA,EN,Federal Contract Tower,3,30,6,0,39,0,2,39,0,41,3,32,45,0,80,40,0,40,120
03/19/2020,UNV,PA,AEA,EN,Federal Contract Tower,0,29,8,0,37,0,0,0,0,0,0,29,8,0,37,0,0,0,37
03/20/2020,UNV,PA,AEA,EN,Federal Contract Tower,2,29,9,1,41,0,0,6,1,7,2,29,15,2,48,8,0,8,56
03/21/2020,UNV,PA,AEA,EN,Federal Contract Tower,2,23,2,0,27,0,2,12,0,14,2,25,14,0,41,2,0,2,43
03/22/2020,UNV,PA,AEA,EN,Federal Contract Tower,0,14,4,0,18,0,3,41,0,44,0,17,45,0,62,48,0,48,110
03/23/2020,UNV,PA,AEA,EN,Federal Contract Tower,0,18,0,0,18,0,0,0,0,0,0,18,0,0,18,0,0,0,18
03/24/2020,UNV,PA,AEA,EN,Federal Contract Tower,0,18,2,0,20,0,15,17,0,32,0,33,19,0,52,36,0,36,88
03/25/2020,UNV,PA,AEA,EN,Federal Contract Tower,0,24,1,0,25,0,0,0,0,0,0,24,1,0,25,0,0,0,25
03/26/2020,UNV,PA,AEA,EN,Federal Contract Tower,0,16,0,0,16,0,0,19,0,19,0,16,19,0,35,12,0,12,47
03/27/2020,UNV,PA,AEA,EN,Federal Contract Tower,0,22,1,0,23,0,2,19,0,21,0,24,20,0,44,16,0,16,60
03/28/2020,UNV,PA,AEA,EN,Federal Contract Tower,0,15,1,0,16,0,0,0,0,0,0,15,1,0,16,0,0,0,16
03/29/2020,UNV,PA,AEA,EN,Federal Contract Tower,0,18,2,0,20,0,0,0,0,0,0,18,2,0,20,0,0,0,20
03/30/2020,UNV,PA,AEA,EN,Federal Contract Tower,0,19,1,0,20,0,0,1,0,1,0,19,2,0,21,0,0,0,21
03/31/2020,UNV,PA,AEA,EN,Federal Contract Tower,0,17,1,0,18,0,3,7,0,10,0,20,8,0,28,20,0,20,48
04/01/2020,UNV,PA,AEA,EN,Federal Contract Tower,0,20,0,0,20,0,4,5,0,9,0,24,5,0,29,16,0,16,45
04/02/2020,UNV,PA,AEA,EN,Federal Contract Tower,0,28,2,0,30,0,2,7,0,9,0,30,9,0,39,0,0,0,39
04/03/2020,UNV,PA,AEA,EN,Federal Contract Tower,0,14,2,0,16,0,10,2,0,12,0,24,4,0,28,0,0,0,28
04/04/2020,UNV,PA,AEA,EN,Federal Contract Tower,0,15,3,0,18,0,0,22,0,22,0,15,25,0,40,16,0,16,56
04/05/2020,UNV,PA,AEA,EN,Federal Contract Tower,0,15,5,0,20,0,8,14,0,22,0,23,19,0,42,18,0,18,60
04/06/2020,UNV,PA,AEA,EN,Federal Contract Tower,0,16,7,0,23,0,4,35,0,39,0,20,42,0,62,58,0,58,120
04/07/2020,UNV,PA,AEA,EN,Federal Contract Tower,0,22,7,0,29,0,6,24,0,30,0,28,31,0,59,94,0,94,153
04/08/2020,UNV,PA,AEA,EN,Federal Contract Tower,0,22,1,0,23,0,5,17,0,22,0,27,18,0,45,16,0,16,61
04/09/2020,UNV,PA,AEA,EN,Federal Contract Tower,0,20,0,0,20,0,0,0,0,0,0,20,0,0,20,0,0,0,20
04/10/2020,UNV,PA,AEA,EN,Federal Contract Tower,0,12,2,0,14,0,0,0,0,0,0,12,2,0,14,0,0,0,14
04/11/2020,UNV,PA,AEA,EN,Federal Contract Tower,0,11,2,0,13,0,2,29,0,31,0,13,31,0,44,20,0,20,64
04/12/2020,UNV,PA,AEA,EN,Federal Contract Tower,0,8,2,0,10,0,0,25,0,25,0,8,27,0,35,26,0,26,61
04/13/2020,UNV,PA,AEA,EN,Federal Contract Tower,0,9,0,0,9,0,0,0,0,0,0,9,0,0,9,0,0,0,9
04/14/2020,UNV,PA,AEA,EN,Federal Contract Tower,0,18,7,0,25,0,1,29,0,30,0,19,36,0,55,26,0,26,81
04/15/2020,UNV,PA,AEA,EN,Federal Contract Tower,0,13,6,0,19,0,4,38,0,42,0,17,44,0,61,34,0,34,95
04/16/2020,UNV,PA,AEA,EN,Federal Contract Tower,0,12,2,0,14,0,0,8,0,8,0,12,10,0,22,0,0,0,22
04/17/2020,UNV,PA,AEA,EN,Federal Contract Tower,0,11,3,0,14,0,0,12,0,12,0,11,15,0,26,14,0,14,40
04/18/2020,UNV,PA,AEA,EN,Federal Contract Tower,0,5,2,0,7,0,0,10,0,10,0,5,12,0,17,8,0,8,25
04/19/2020,UNV,PA,AEA,EN,Federal Contract Tower,0,5,2,0,7,0,4,29,0,33,0,9,31,0,40,42,0,42,82
04/20/2020,UNV,PA,AEA,EN,Federal Contract Tower,0,14,2,0,16,0,8,53,0,61,0,22,55,0,77,110,0,110,187
04/21/2020,UNV,PA,AEA,EN,Federal Contract Tower,0,15,2,0,17,0,2,0,0,2,0,17,2,0,19,0,0,0,19
04/22/2020,UNV,PA,AEA,EN,Federal Contract Tower,0,17,2,2,21,0,2,6,0,8,0,19,8,2,29,0,0,0,29
04/23/2020,UNV,PA,AEA,EN,Federal Contract Tower,0,16,4,4,24,0,5,34,0,39,0,21,38,4,63,84,0,84,147
04/24/2020,UNV,PA,AEA,EN,Federal Contract Tower,0,18,3,0,21,0,0,0,0,0,0,18,3,0,21,0,0,0,21
04/25/2020,UNV,PA,AEA,EN,Federal Contract Tower,0,11,7,0,18,0,3,20,0,23,0,14,27,0,41,14,0,14,55
04/26/2020,UNV,PA,AEA,EN,Federal Contract Tower,0,10,2,0,12,0,0,0,0,0,0,10,2,0,12,0,0,0,12
04/27/2020,UNV,PA,AEA,EN,Federal Contract Tower,0,14,2,0,16,0,2,8,2,12,0,16,10,2,28,4,0,4,32
04/28/2020,UNV,PA,AEA,EN,Federal Contract Tower,0,16,7,4,27,0,4,20,0,24,0,20,27,4,51,120,0,120,171
04/29/2020,UNV,PA,AEA,EN,Federal Contract Tower,0,24,0,2,26,0,5,2,0,7,0,29,2,2,33,10,0,10,43
04/30/2020,UNV,PA,AEA,EN,Federal Contract Tower,0,19,11,0,30,0,0,0,0,0,0,19,11,0,30,0,0,0,30
05/01/2020,UNV,PA,AEA,EN,Federal Contract Tower,0,13,6,0,19,0,2,38,0,40,0,15,44,0,59,68,0,68,127
05/02/2020,UNV,PA,AEA,EN,Federal Contract Tower,0,5,6,0,11,0,2,72,0,74,0,7,78,0,85,62,0,62,147
05/03/2020,UNV,PA,AEA,EN,Federal Contract Tower,0,5,4,0,9,0,5,19,0,24,0,10,23,0,33,62,0,62,95
05/04/2020,UNV,PA,AEA,EN,Federal Contract Tower,0,14,3,0,17,0,6,26,0,32,0,20,29,0,49,14,0,14,63
05/05/2020,UNV,PA,AEA,EN,Federal Contract Tower,0,13,0,4,17,0,7,31,2,40,0,20,31,6,57,122,0,122,179
05/06/2020,UNV,PA,AEA,EN,Federal Contract Tower,0,14,1,0,15,0,0,0,0,0,0,14,1,0,15,0,0,0,15
05/07/2020,UNV,PA,AEA,EN,Federal Contract Tower,0,19,1,2,22,0,5,20,0,25,0,24,21,2,47,42,10,52,99
05/08/2020,UNV,PA,AEA,EN,Federal Contract Tower,0,19,2,0,21,0,0,0,0,0,0,19,2,0,21,0,0,0,21
05/09/2020,UNV,PA,AEA,EN,Federal Contract Tower,2,6,0,0,8,0,1,0,0,1,2,7,0,0,9,0,0,0,9
05/10/2020,UNV,PA,AEA,EN,Federal Contract Tower,0,17,4,0,21,0,4,26,0,30,0,21,30,0,51,24,0,24,75
05/11/2020,UNV,PA,AEA,EN,Federal Contract Tower,0,11,0,2,13,0,8,0,0,8,0,19,0,2,21,0,0,0,21
05/12/2020,UNV,PA,AEA,EN,Federal Contract Tower,0,13,2,0,15,0,3,17,0,20,0,16,19,0,35,28,0,28,63
05/13/2020,UNV,PA,AEA,EN,Federal Contract Tower,0,17,5,4,26,0,2,65,6,73,0,19,70,10,99,70,12,82,181
05/14/2020,UNV,PA,AEA,EN,Federal Contract Tower,0,16,6,4,26,0,2,48,4,54,0,18,54,8,80,68,16,84,164
05/15/2020,UNV,PA,AEA,EN,Federal Contract Tower,2,15,5,0,22,0,3,21,0,24,2,18,26,0,46,20,0,20,66
05/16/2020,UNV,PA,AEA,EN,Federal Contract Tower,2,5,5,2,14,0,5,38,2,45,2,10,43,4,59,86,2,88,147
05/17/2020,UNV,PA,AEA,EN,Federal Contract Tower,0,9,6,0,15,0,2,2,0,4,0,11,8,0,19,6,0,6,25
05/18/2020,UNV,PA,AEA,EN,Federal Contract Tower,2,12,0,2,16,0,3,12,0,15,2,15,12,2,31,32,0,32,63
05/19/2020,UNV,PA,AEA,EN,Federal Contract Tower,0,14,3,0,17,0,7,14,2,23,0,21,17,2,40,20,4,24,64
05/20/2020,UNV,PA,AEA,EN,Federal Contract Tower,0,16,7,0,23,0,2,23,0,25,0,18,30,0,48,88,0,88,136
05/21/2020,UNV,PA,AEA,EN,Federal Contract Tower,0,17,4,4,25,0,14,32,2,48,0,31,36,6,73,126,0,126,199
05/22/2020,UNV,PA,AEA,EN,Federal Contract Tower,2,27,17,0,46,0,7,0,0,7,2,34,17,0,53,0,0,0,53
05/23/2020,UNV,PA,AEA,EN,Federal Contract Tower,0,6,3,0,9,0,2,24,0,26,0,8,27,0,35,76,0,76,111
05/24/2020,UNV,PA,AEA,EN,Federal Contract Tower,0,10,4,0,14,0,9,6,0,15,0,19,10,0,29,14,0,14,43
05/25/2020,UNV,PA,AEA,EN,Federal Contract Tower,2,12,5,0,19,0,9,25,0,34,2,21,30,0,53,26,0,26,79
05/26/2020,UNV,PA,AEA,EN,Federal Contract Tower,0,9,8,0,17,0,4,44,2,50,0,13,52,2,67,62,0,62,129
05/27/2020,UNV,PA,AEA,EN,Federal Contract Tower,0,14,5,0,19,0,11,31,6,48,0,25,36,6,67,162,2,164,231
05/28/2020,UNV,PA,AEA,EN,Federal Contract Tower,0,16,5,0,21,0,0,0,0,0,0,16,5,0,21,0,0,0,21
05/29/2020,UNV,PA,AEA,EN,Federal Contract Tower,2,17,7,0,26,0,1,10,0,11,2,18,17,0,37,32,0,32,69
05/30/2020,UNV,PA,AEA,EN,Federal Contract Tower,2,6,4,0,12,0,5,38,0,43,2,11,42,0,55,106,0,106,161
05/31/2020,UNV,PA,AEA,EN,Federal Contract Tower,0,11,2,2,15,0,0,36,0,36,0,11,38,2,51,54,0,54,105
06/01/2020,UNV,PA,AEA,EN,Federal Contract Tower,2,14,6,0,22,0,2,26,0,28,2,16,32,0,50,70,0,70,120
06/02/2020,UNV,PA,AEA,EN,Federal Contract Tower,0,13,7,0,20,0,7,21,0,28,0,20,28,0,48,8,0,8,56
06/03/2020,UNV,PA,AEA,EN,Federal Contract Tower,2,17,1,0,20,0,3,6,0,9,2,20,7,0,29,0,0,0,29
06/04/2020,UNV,PA,AEA,EN,Federal Contract Tower,0,12,3,2,17,0,1,11,0,12,0,13,14,2,29,54,0,54,83
06/05/2020,UNV,PA,AEA,EN,Federal Contract Tower,2,15,6,0,23,0,5,11,0,16,2,20,17,0,39,24,0,24,63
06/06/2020,UNV,PA,AEA,EN,Federal Contract Tower,2,5,4,0,11,0,3,44,4,51,2,8,48,4,62,52,0,52,114
06/07/2020,UNV,PA,AEA,EN,Federal Contract Tower,0,11,10,0,21,0,4,39,0,43,0,15,49,0,64,26,0,26,90
06/08/2020,UNV,PA,AEA,EN,Federal Contract Tower,2,12,4,0,18,0,4,60,0,64,2,16,64,0,82,36,0,36,118
06/09/2020,UNV,PA,AEA,EN,Federal Contract Tower,0,10,9,2,21,0,12,42,8,62,0,22,51,10,83,60,10,70,153
06/10/2020,UNV,PA,AEA,EN,Federal Contract Tower,2,15,9,0,26,0,7,9,0,16,2,22,18,0,42,36,0,36,78
06/11/2020,UNV,PA,AEA,EN,Federal Contract Tower,0,15,2,2,19,0,3,29,7,39,0,18,31,9,58,30,6,36,94
06/12/2020,UNV,PA,AEA,EN,Federal Contract Tower,2,13,19,4,38,0,7,35,1,43,2,20,54,5,81,10,14,24,105
06/13/2020,UNV,PA,AEA,EN,Federal Contract Tower,2,4,0,0,6,0,7,55,0,62,2,11,55,0,68,48,0,48,116
06/14/2020,UNV,PA,AEA,EN,Federal Contract Tower,0,8,8,0,16,0,4,32,0,36,0,12,40,0,52,50,0,50,102
06/15/2020,UNV,PA,AEA,EN,Federal Contract Tower,2,13,4,0,19,0,10,40,0,50,2,23,44,0,69,72,0,72,141
06/17/2020,UNV,PA,AEA,EN,Federal Contract Tower,2,13,4,2,21,0,10,21,0,31,2,23,25,2,52,58,0,58,110
06/18/2020,UNV,PA,AEA,EN,Federal Contract Tower,0,16,3,0,19,0,2,32,0,34,0,18,35,0,53,14,0,14,67
06/19/2020,UNV,PA,AEA,EN,Federal Contract Tower,2,16,7,0,25,0,0,6,0,6,2,16,13,0,31,16,0,16,47
06/20/2020,UNV,PA,AEA,EN,Federal Contract Tower,2,7,11,0,20,0,1,18,0,19,2,8,29,0,39,44,0,44,83
06/21/2020,UNV,PA,AEA,EN,Federal Contract Tower,0,9,5,0,14,0,6,24,0,30,0,15,29,0,44,32,0,32,76
06/22/2020,UNV,PA,AEA,EN,Federal Contract Tower,2,12,1,0,15,0,11,25,0,36,2,23,26,0,51,12,0,12,63
06/23/2020,UNV,PA,AEA,EN,Federal Contract Tower,0,11,2,0,13,0,3,3,0,6,0,14,5,0,19,0,0,0,19
06/24/2020,UNV,PA,AEA,EN,Federal Contract Tower,2,15,3,0,20,0,6,28,2,36,2,21,31,2,56,38,0,38,94
06/25/2020,UNV,PA,AEA,EN,Federal Contract Tower,0,14,11,0,25,0,2,31,0,33,0,16,42,0,58,102,0,102,160
06/26/2020,UNV,PA,AEA,EN,Federal Contract Tower,2,20,10,0,32,0,0,52,0,52,2,20,62,0,84,80,0,80,164
06/27/2020,UNV,PA,AEA,EN,Federal Contract Tower,2,6,3,0,11,0,6,3,0,9,2,12,6,0,20,12,0,12,32
06/28/2020,UNV,PA,AEA,EN,Federal Contract Tower,0,8,13,0,21,0,5,43,0,48,0,13,56,0,69,56,0,56,125
06/29/2020,UNV,PA,AEA,EN,Federal Contract Tower,2,12,9,2,25,0,4,32,0,36,2,16,41,2,61,40,0,40,101
06/30/2020,UNV,PA,AEA,EN,Federal Contract Tower,0,12,5,0,17,0,5,47,0,52,0,17,52,0,69,46,0,46,115
07/01/2020,UNV,PA,AEA,EN,Federal Contract Tower,2,17,11,0,30,0,15,32,0,47,2,32,43,0,77,42,0,42,119
07/02/2020,UNV,PA,AEA,EN,Federal Contract Tower,0,17,6,0,23,0,1,41,0,42,0,18,47,0,65,50,0,50,115
07/03/2020,UNV,PA,AEA,EN,Federal Contract Tower,2,11,1,0,14,0,5,37,0,42,2,16,38,0,56,28,0,28,84
07/04/2020,UNV,PA,AEA,EN,Federal Contract Tower,2,6,3,0,11,0,8,18,0,26,2,14,21,0,37,4,0,4,41
07/05/2020,UNV,PA,AEA,EN,Federal Contract Tower,0,10,8,0,18,0,2,13,0,15,0,12,21,0,33,16,0,16,49
07/06/2020,UNV,PA,AEA,EN,Federal Contract Tower,2,10,11,0,23,0,6,28,0,34,2,16,39,0,57,42,0,42,99
07/07/2020,UNV,PA,AEA,EN,Federal Contract Tower,0,20,6,2,28,0,2,13,0,15,0,22,19,2,43,0,4,4,47
07/08/2020,UNV,PA,AEA,EN,Federal Contract Tower,2,19,9,0,30,0,2,6,0,8,2,21,15,0,38,16,0,16,54
07/09/2020,UNV,PA,AEA,EN,Federal Contract Tower,0,20,5,0,25,0,4,27,0,31,0,24,32,0,56,26,0,26,82
07/10/2020,UNV,PA,AEA,EN,Federal Contract Tower,2,22,11,0,35,0,2,26,0,28,2,24,37,0,63,30,0,30,93
07/11/2020,UNV,PA,AEA,EN,Federal Contract Tower,2,20,6,0,28,0,7,11,0,18,2,27,17,0,46,12,0,12,58
07/12/2020,UNV,PA,AEA,EN,Federal Contract Tower,0,16,4,0,20,0,3,39,0,42,0,19,43,0,62,32,0,32,94
07/13/2020,UNV,PA,AEA,EN,Federal Contract Tower,2,17,4,0,23,0,4,25,0,29,2,21,29,0,52,52,0,52,104
07/14/2020,UNV,PA,AEA,EN,Federal Contract Tower,0,21,13,0,34,0,12,54,0,66,0,33,67,0,100,10,0,10,110
07/15/2020,UNV,PA,AEA,EN,Federal Contract Tower,2,21,12,2,37,0,4,59,0,63,2,25,71,2,100,70,0,70,170
07/16/2020,UNV,PA,AEA,EN,Federal Contract Tower,0,25,10,0,35,0,9,3,0,12,0,34,13,0,47,10,0,10,57
07/17/2020,UNV,PA,AEA,EN,Federal Contract Tower,2,21,3,0,26,0,0,28,0,28,2,21,31,0,54,70,0,70,124
07/18/2020,UNV,PA,AEA,EN,Federal Contract Tower,2,18,9,0,29,0,12,67,0,79,2,30,76,0,108,68,0,68,176
07/19/2020,UNV,PA,AEA,EN,Federal Contract Tower,0,21,0,0,21,0,4,27,0,31,0,25,27,0,52,12,0,12,64
07/20/2020,UNV,PA,AEA,EN,Federal Contract Tower,2,23,5,0,30,0,5,23,0,28,2,28,28,0,58,16,0,16,74
07/21/2020,UNV,PA,AEA,EN,Federal Contract Tower,0,28,1,0,29,0,11,32,0,43,0,39,33,0,72,62,0,62,134
07/22/2020,UNV,PA,AEA,EN,Federal Contract Tower,2,20,2,0,24,0,3,2,0,5,2,23,4,0,29,0,0,0,29
07/23/2020,UNV,PA,AEA,EN,Federal Contract Tower,0,25,11,0,36,0,6,20,0,26,0,31,31,0,62,68,0,68,130
07/24/2020,UNV,PA,AEA,EN,Federal Contract Tower,2,26,16,2,46,0,3,27,0,30,2,29,43,2,76,20,10,30,106
07/25/2020,UNV,PA,AEA,EN,Federal Contract Tower,2,16,2,0,20,0,2,43,0,45,2,18,45,0,65,32,0,32,97
07/26/2020,UNV,PA,AEA,EN,Federal Contract Tower,0,15,9,0,24,0,6,45,0,51,0,21,54,0,75,22,0,22,97
07/27/2020,UNV,PA,AEA,EN,Federal Contract Tower,2,17,4,0,23,0,3,31,0,34,2,20,35,0,57,32,0,32,89
07/29/2020,UNV,PA,AEA,EN,Federal Contract Tower,2,24,9,2,37,0,9,49,0,58,2,33,58,2,95,34,0,34,129
07/30/2020,UNV,PA,AEA,EN,Federal Contract Tower,0,19,16,0,35,0,8,34,0,42,0,27,50,0,77,66,0,66,143
07/31/2020,UNV,PA,AEA,EN,Federal Contract Tower,2,19,13,0,34,0,10,26,0,36,2,29,39,0,70,40,0,40,110
08/01/2020,UNV,PA,AEA,EN,Federal Contract Tower,2,14,2,0,18,0,0,47,0,47,2,14,49,0,65,32,0,32,97
08/02/2020,UNV,PA,AEA,EN,Federal Contract Tower,0,20,15,0,35,0,5,6,0,11,0,25,21,0,46,0,0,0,46
08/03/2020,UNV,PA,AEA,EN,Federal Contract Tower,2,13,13,0,28,0,10,17,0,27,2,23,30,0,55,44,0,44,99
08/04/2020,UNV,PA,AEA,EN,Federal Contract Tower,0,15,8,0,23,0,2,3,0,5,0,17,11,0,28,6,0,6,34
08/05/2020,UNV,PA,AEA,EN,Federal Contract Tower,2,16,6,4,28,0,3,50,0,53,2,19,56,4,81,36,0,36,117
08/06/2020,UNV,PA,AEA,EN,Federal Contract Tower,0,18,10,0,28,0,0,31,0,31,0,18,41,0,59,14,0,14,73
08/07/2020,UNV,PA,AEA,EN,Federal Contract Tower,2,20,7,0,29,0,3,3,0,6,2,23,10,0,35,0,0,0,35
08/08/2020,UNV,PA,AEA,EN,Federal Contract Tower,2,17,16,0,35,0,1,21,0,22,2,18,37,0,57,22,0,22,79
08/09/2020,UNV,PA,AEA,EN,Federal Contract Tower,0,18,5,0,23,0,6,51,0,57,0,24,56,0,80,46,0,46,126
08/10/2020,UNV,PA,AEA,EN,Federal Contract Tower,2,15,6,0,23,0,2,49,0,51,2,17,55,0,74,48,0,48,122
08/11/2020,UNV,PA,AEA,EN,Federal Contract Tower,0,15,10,0,25,0,4,23,0,27,0,19,33,0,52,30,0,30,82
08/12/2020,UNV,PA,AEA,EN,Federal Contract Tower,2,14,3,0,19,0,8,24,0,32,2,22,27,0,51,26,0,26,77
08/13/2020,UNV,PA,AEA,EN,Federal Contract Tower,0,20,7,0,27,0,5,30,6,41,0,25,37,6,68,32,0,32,100
08/14/2020,UNV,PA,AEA,EN,Federal Contract Tower,2,21,16,0,39,0,3,38,0,41,2,24,54,0,80,64,0,64,144
08/15/2020,UNV,PA,AEA,EN,Federal Contract Tower,2,14,4,0,20,0,4,60,0,64,2,18,64,0,84,72,0,72,156
08/16/2020,UNV,PA,AEA,EN,Federal Contract Tower,0,16,6,0,22,0,3,12,0,15,0,19,18,0,37,22,0,22,59
08/17/2020,UNV,PA,AEA,EN,Federal Contract Tower,2,19,9,0,30,0,7,20,0,27,2,26,29,0,57,78,0,78,135
08/18/2020,UNV,PA,AEA,EN,Federal Contract Tower,0,16,9,0,25,0,2,43,0,45,0,18,52,0,70,42,0,42,112
08/19/2020,UNV,PA,AEA,EN,Federal Contract Tower,0,14,5,0,19,0,0,42,0,42,0,14,47,0,61,64,0,64,125
08/20/2020,UNV,PA,AEA,EN,Federal Contract Tower,2,18,11,0,31,0,3,51,0,54,2,21,62,0,85,28,0,28,113
08/21/2020,UNV,PA,AEA,EN,Federal Contract Tower,2,24,11,0,37,0,2,48,8,58,2,26,59,8,95,36,6,42,137
08/22/2020,UNV,PA,AEA,EN,Federal Contract Tower,0,18,6,0,24,0,5,63,0,68,0,23,69,0,92,68,0,68,160
08/23/2020,UNV,PA,AEA,EN,Federal Contract Tower,2,18,11,0,31,0,2,29,0,31,2,20,40,0,62,52,0,52,114
08/24/2020,UNV,PA,AEA,EN,Federal Contract Tower,2,17,2,2,23,0,2,25,0,27,2,19,27,2,50,14,0,14,64
08/25/2020,UNV,PA,AEA,EN,Federal Contract Tower,0,17,8,3,28,0,6,14,1,21,0,23,22,4,49,44,0,44,93
08/26/2020,UNV,PA,AEA,EN,Federal Contract Tower,0,14,14,0,28,0,10,63,2,75,0,24,77,2,103,50,0,50,153
08/27/2020,UNV,PA,AEA,EN,Federal Contract Tower,0,16,2,0,18,0,0,13,0,13,0,16,15,0,31,14,0,14,45
08/28/2020,UNV,PA,AEA,EN,Federal Contract Tower,0,18,10,0,28,0,0,3,0,3,0,18,13,0,31,22,0,22,53
08/29/2020,UNV,PA,AEA,EN,Federal Contract Tower,0,13,6,0,19,0,6,15,0,21,0,19,21,0,40,30,0,30,70
08/30/2020,UNV,PA,AEA,EN,Federal Contract Tower,0,14,8,0,22,0,4,32,0,36,0,18,40,0,58,36,0,36,94
08/31/2020,UNV,PA,AEA,EN,Federal Contract Tower,0,12,4,0,16,0,0,24,0,24,0,12,28,0,40,52,0,52,92
09/02/2020,UNV,PA,AEA,EN,Federal Contract Tower,0,15,12,0,27,0,0,6,0,6,0,15,18,0,33,0,0,0,33
09/03/2020,UNV,PA,AEA,EN,Federal Contract Tower,2,23,8,0,33,0,6,22,0,28,2,29,30,0,61,50,0,50,111
09/04/2020,UNV,PA,AEA,EN,Federal Contract Tower,2,18,18,0,38,0,5,45,0,50,2,23,63,0,88,58,0,58,146
09/05/2020,UNV,PA,AEA,EN,Federal Contract Tower,0,12,7,0,19,0,3,40,0,43,0,15,47,0,62,42,0,42,104
09/06/2020,UNV,PA,AEA,EN,Federal Contract Tower,2,11,4,0,17,0,11,34,0,45,2,22,38,0,62,26,0,26,88
09/07/2020,UNV,PA,AEA,EN,Federal Contract Tower,2,13,6,0,21,0,4,22,0,26,2,17,28,0,47,92,0,92,139
09/08/2020,UNV,PA,AEA,EN,Federal Contract Tower,0,16,9,0,25,0,12,56,0,68,0,28,65,0,93,102,0,102,195
09/09/2020,UNV,PA,AEA,EN,Federal Contract Tower,0,20,12,0,32,0,9,39,2,50,0,29,51,2,82,54,0,54,136
09/10/2020,UNV,PA,AEA,EN,Federal Contract Tower,2,20,9,0,31,0,1,33,0,34,2,21,42,0,65,22,0,22,87
09/11/2020,UNV,PA,AEA,EN,Federal Contract Tower,0,20,11,5,36,0,6,31,4,41,0,26,42,9,77,66,10,76,153
09/12/2020,UNV,PA,AEA,EN,Federal Contract Tower,0,15,18,0,33,0,6,7,0,13,0,21,25,0,46,3,0,3,49
09/13/2020,UNV,PA,AEA,EN,Federal Contract Tower,2,19,11,0,32,0,2,10,0,12,2,21,21,0,44,18,0,18,62
09/14/2020,UNV,PA,AEA,EN,Federal Contract Tower,0,20,4,0,24,0,5,34,0,39,0,25,38,0,63,80,0,80,143
09/15/2020,UNV,PA,AEA,EN,Federal Contract Tower,0,15,4,3,22,0,2,48,1,51,0,17,52,4,73,48,0,48,121
09/16/2020,UNV,PA,AEA,EN,Federal Contract Tower,0,21,7,10,38,0,4,26,0,30,0,25,33,10,68,62,0,62,130
09/17/2020,UNV,PA,AEA,EN,Federal Contract Tower,2,22,7,0,31,0,5,37,0,42,2,27,44,0,73,52,0,52,125
09/18/2020,UNV,PA,AEA,EN,Federal Contract Tower,0,24,13,0,37,0,6,25,0,31,0,30,38,0,68,12,0,12,80
09/19/2020,UNV,PA,AEA,EN,Federal Contract Tower,0,13,2,0,15,0,11,45,0,56,0,24,47,0,71,38,0,38,109
09/20/2020,UNV,PA,AEA,EN,Federal Contract Tower,2,15,8,0,25,0,2,52,0,54,2,17,60,0,79,14,0,14,93
09/21/2020,UNV,PA,AEA,EN,Federal Contract Tower,0,18,8,0,26,0,7,21,0,28,0,25,29,0,54,2,0,2,56
09/22/2020,UNV,PA,AEA,EN,Federal Contract Tower,0,15,15,1,31,0,3,18,1,22,0,18,33,2,53,40,20,60,113
09/23/2020,UNV,PA,AEA,EN,Federal Contract Tower,0,21,9,3,33,0,8,21,1,30,0,29,30,4,63,20,0,20,83
09/24/2020,UNV,PA,AEA,EN,Federal Contract Tower,2,29,9,0,40,0,2,34,0,36,2,31,43,0,76,58,0,58,134
09/25/2020,UNV,PA,AEA,EN,Federal Contract Tower,0,27,6,0,33,0,9,34,0,43,0,36,40,0,76,50,0,50,126
09/26/2020,UNV,PA,AEA,EN,Federal Contract Tower,0,15,14,0,29,0,3,16,0,19,0,18,30,0,48,28,0,28,76
09/27/2020,UNV,PA,AEA,EN,Federal Contract Tower,2,19,13,0,34,0,4,44,0,48,2,23,57,0,82,46,0,46,128
09/28/2020,UNV,PA,AEA,EN,Federal Contract Tower,0,17,7,0,24,0,3,30,0,33,0,20,37,0,57,108,0,108,165
09/29/2020,UNV,PA,AEA,EN,Federal Contract Tower,0,16,7,0,23,0,2,0,0,2,0,18,7,0,25,0,0,0,25
09/30/2020,UNV,PA,AEA,EN,Federal Contract Tower,0,21,7,0,28,0,7,38,0,45,0,28,45,0,73,20,0,20,93
10/01/2020,UNV,PA,AEA,EN,Federal Contract Tower,2,24,16,2,44,0,4,47,3,54,2,28,63,5,98,36,20,56,154
10/02/2020,UNV,PA,AEA,EN,Federal Contract Tower,0,25,11,0,36,0,10,46,0,56,0,35,57,0,92,134,0,134,226
10/03/2020,UNV,PA,AEA,EN,Federal Contract Tower,0,15,6,0,21,0,2,67,0,69,0,17,73,0,90,60,0,60,150
10/04/2020,UNV,PA,AEA,EN,Federal Contract Tower,2,19,14,0,35,0,7,28,2,37,2,26,42,2,72,40,0,40,112
10/05/2020,UNV,PA,AEA,EN,Federal Contract Tower,0,20,20,0,40,0,4,22,0,26,0,24,42,0,66,68,0,68,134
10/06/2020,UNV,PA,AEA,EN,Federal Contract Tower,0,15,5,0,20,0,3,42,0,45,0,18,47,0,65,48,0,48,113
10/07/2020,UNV,PA,AEA,EN,Federal Contract Tower,0,22,7,0,29,0,6,11,2,19,0,28,18,2,48,22,0,22,70
10/08/2020,UNV,PA,AEA,EN,Federal Contract Tower,2,23,5,0,30,0,0,46,0,46,2,23,51,0,76,20,0,20,96
10/09/2020,UNV,PA,AEA,EN,Federal Contract Tower,0,22,9,2,33,0,4,58,0,62,0,26,67,2,95,130,0,130,225
10/10/2020,UNV,PA,AEA,EN,Federal Contract Tower,0,11,7,0,18,0,5,50,0,55,0,16,57,0,73,56,0,56,129
10/11/2020,UNV,PA,AEA,EN,Federal Contract Tower,2,15,15,0,32,0,1,6,0,7,2,16,21,0,39,12,0,12,51
10/12/2020,UNV,PA,AEA,EN,Federal Contract Tower,0,22,9,0,31,0,0,0,0,0,0,22,9,0,31,0,0,0,31
10/13/2020,UNV,PA,AEA,EN,Federal Contract Tower,0,17,7,0,24,0,0,15,0,15,0,17,22,0,39,64,0,64,103
10/14/2020,UNV,PA,AEA,EN,Federal Contract Tower,0,17,11,1,29,0,4,43,4,51,0,21,54,5,80,130,14,144,224
10/15/2020,UNV,PA,AEA,EN,Federal Contract Tower,2,25,5,2,34,0,4,29,1,34,2,29,34,3,68,40,8,48,116
10/16/2020,UNV,PA,AEA,EN,Federal Contract Tower,0,23,4,0,27,0,2,17,0,19,0,25,21,0,46,36,0,36,82
10/17/2020,UNV,PA,AEA,EN,Federal Contract Tower,0,13,3,0,16,0,0,70,0,70,0,13,73,0,86,34,0,34,120
10/18/2020,UNV,PA,AEA,EN,Federal Contract Tower,2,13,8,0,23,0,7,41,0,48,2,20,49,0,71,60,0,60,131
10/19/2020,UNV,PA,AEA,EN,Federal Contract Tower,0,24,2,0,26,0,6,13,0,19,0,30,15,0,45,30,0,30,75
10/20/2020,UNV,PA,AEA,EN,Federal Contract Tower,0,17,11,0,28,0,8,6,0,14,0,25,17,0,42,16,0,16,58
10/21/2020,UNV,PA,AEA,EN,Federal Contract Tower,0,19,9,0,28,0,5,38,0,43,0,24,47,0,71,36,0,36,107
10/22/2020,UNV,PA,AEA,EN,Federal Contract Tower,2,29,8,0,39,0,3,46,0,49,2,32,54,0,88,84,0,84,172
10/23/2020,UNV,PA,AEA,EN,Federal Contract Tower,2,24,10,4,40,0,5,43,0,48,2,29,53,4,88,48,0,48,136
10/24/2020,UNV,PA,AEA,EN,Federal Contract Tower,0,12,5,0,17,0,3,20,0,23,0,15,25,0,40,38,0,38,78
10/25/2020,UNV,PA,AEA,EN,Federal Contract Tower,2,16,15,0,33,0,3,36,0,39,2,19,51,0,72,26,0,26,98
10/26/2020,UNV,PA,AEA,EN,Federal Contract Tower,0,19,15,0,34,0,0,0,0,0,0,19,15,0,34,0,0,0,34
10/27/2020,UNV,PA,AEA,EN,Federal Contract Tower,0,13,9,2,24,0,5,19,2,26,0,18,28,4,50,58,0,58,108
10/28/2020,UNV,PA,AEA,EN,Federal Contract Tower,0,17,14,0,31,0,0,0,0,0,0,17,14,0,31,0,0,0,31
10/29/2020,UNV,PA,AEA,EN,Federal Contract Tower,0,22,2,0,24,0,0,0,0,0,0,22,2,0,24,0,0,0,24
10/30/2020,UNV,PA,AEA,EN,Federal Contract Tower,2,23,1,0,26,0,0,9,0,9,2,23,10,0,35,32,0,32,67
10/31/2020,UNV,PA,AEA,EN,Federal Contract Tower,0,20,8,0,28,0,5,41,0,46,0,25,49,0,74,16,0,16,90
11/01/2020,UNV,PA,AEA,EN,Federal Contract Tower,0,16,5,0,21,0,0,8,0,8,0,16,13,0,29,0,0,0,29
11/02/2020,UNV,PA,AEA,EN,Federal Contract Tower,0,22,0,0,22,0,0,16,0,16,0,22,16,0,38,8,0,8,46
11/03/2020,UNV,PA,AEA,EN,Federal Contract Tower,0,14,5,2,21,0,5,20,0,25,0,19,25,2,46,80,8,88,134
11/04/2020,UNV,PA,AEA,EN,Federal Contract Tower,0,11,7,0,18,0,5,38,2,45,0,16,45,2,63,92,2,94,157
11/05/2020,UNV,PA,AEA,EN,Federal Contract Tower,0,32,4,0,36,0,9,34,0,43,0,41,38,0,79,88,0,88,167
11/06/2020,UNV,PA,AEA,EN,Federal Contract Tower,0,25,7,0,32,0,5,52,0,57,0,30,59,0,89,74,0,74,163
11/07/2020,UNV,PA,AEA,EN,Federal Contract Tower,0,15,6,0,21,0,10,56,0,66,0,25,62,0,87,14,0,14,101
11/08/2020,UNV,PA,AEA,EN,Federal Contract Tower,0,16,5,0,21,0,3,83,0,86,0,19,88,0,107,62,0,62,169
11/09/2020,UNV,PA,AEA,EN,Federal Contract Tower,0,21,1,2,24,0,3,49,0,52,0,24,50,2,76,104,10,114,190
11/10/2020,UNV,PA,AEA,EN,Federal Contract Tower,0,19,0,0,19,0,3,31,4,38,0,22,31,4,57,84,0,84,141
11/11/2020,UNV,PA,AEA,EN,Federal Contract Tower,0,15,2,0,17,0,0,0,0,0,0,15,2,0,17,0,0,0,17
11/12/2020,UNV,PA,AEA,EN,Federal Contract Tower,0,27,8,0,35,0,7,38,0,45,0,34,46,0,80,62,0,62,142
11/13/2020,UNV,PA,AEA,EN,Federal Contract Tower,2,25,7,1,35,0,2,53,3,58,2,27,60,4,93,62,2,64,157
11/14/2020,UNV,PA,AEA,EN,Federal Contract Tower,2,18,10,0,30,0,4,74,0,78,2,22,84,0,108,154,0,154,262
11/15/2020,UNV,PA,AEA,EN,Federal Contract Tower,0,21,2,0,23,0,2,1,0,3,0,23,3,0,26,0,0,0,26
11/16/2020,UNV,PA,AEA,EN,Federal Contract Tower,0,20,0,1,21,0,7,15,0,22,0,27,15,1,43,34,0,34,77
11/17/2020,UNV,PA,AEA,EN,Federal Contract Tower,0,20,8,0,28,0,2,6,0,8,0,22,14,0,36,0,0,0,36
11/18/2020,UNV,PA,AEA,EN,Federal Contract Tower,0,15,8,0,23,0,4,36,2,42,0,19,44,2,65,28,0,28,93
11/19/2020,UNV,PA,AEA,EN,Federal Contract Tower,0,30,3,0,33,0,0,42,2,44,0,30,45,2,77,80,0,80,157
11/20/2020,UNV,PA,AEA,EN,Federal Contract Tower,3,23,14,0,40,0,6,52,0,58,3,29,66,0,98,106,0,106,204
11/21/2020,UNV,PA,AEA,EN,Federal Contract Tower,3,17,12,0,32,0,8,40,0,48,3,25,52,0,80,68,0,68,148
11/22/2020,UNV,PA,AEA,EN,Federal Contract Tower,0,15,5,0,20,0,3,16,0,19,0,18,21,0,39,86,0,86,125
11/23/2020,UNV,PA,AEA,EN,Federal Contract Tower,2,13,5,0,20,0,6,7,0,13,2,19,12,0,33,0,0,0,33
11/24/2020,UNV,PA,AEA,EN,Federal Contract Tower,2,21,8,0,31,0,2,40,2,44,2,23,48,2,75,70,2,72,147
11/25/2020,UNV,PA,AEA,EN,Federal Contract Tower,2,20,6,0,28,0,4,17,0,21,2,24,23,0,49,50,0,50,99
11/26/2020,UNV,PA,AEA,EN,Federal Contract Tower,0,8,0,0,8,0,3,0,0,3,0,11,0,0,11,0,0,0,11
11/27/2020,UNV,PA,AEA,EN,Federal Contract Tower,2,15,4,0,21,0,4,19,0,23,2,19,23,0,44,52,0,52,96
11/28/2020,UNV,PA,AEA,EN,Federal Contract Tower,4,17,3,0,24,0,4,27,0,31,4,21,30,0,55,86,0,86,141
11/29/2020,UNV,PA,AEA,EN,Federal Contract Tower,2,25,6,0,33,0,4,49,0,53,2,29,55,0,86,22,0,22,108
11/30/2020,UNV,PA,AEA,EN,Federal Contract Tower,0,26,6,0,32,0,2,1,0,3,0,28,7,0,35,0,0,0,35
12/01/2020,UNV,PA,AEA,EN,Federal Contract Tower,1,20,2,0,23,0,0,0,0,0,1,20,2,0,23,0,0,0,23
12/02/2020,UNV,PA,AEA,EN,Federal Contract Tower,1,16,3,0,20,0,2,5,0,7,1,18,8,0,27,2,0,2,29
12/03/2020,UNV,PA,AEA,EN,Federal Contract Tower,0,28,10,1,39,0,15,53,2,70,0,43,63,3,109,30,14,44,153
12/04/2020,UNV,PA,AEA,EN,Federal Contract Tower,2,21,6,0,29,0,1,27,0,28,2,22,33,0,57,32,0,32,89
12/05/2020,UNV,PA,AEA,EN,Federal Contract Tower,4,11,2,0,17,0,3,8,0,11,4,14,10,0,28,18,0,18,46
12/06/2020,UNV,PA,AEA,EN,Federal Contract Tower,0,15,6,0,21,0,0,12,0,12,0,15,18,0,33,13,0,13,46
12/07/2020,UNV,PA,AEA,EN,Federal Contract Tower,4,17,3,0,24,0,0,17,0,17,4,17,20,0,41,14,0,14,55
12/08/2020,UNV,PA,AEA,EN,Federal Contract Tower,0,17,5,0,22,0,3,26,0,29,0,20,31,0,51,76,0,76,127
12/09/2020,UNV,PA,AEA,EN,Federal Contract Tower,0,17,6,0,23,0,2,2,0,4,0,19,8,0,27,0,0,0,27
12/10/2020,UNV,PA,AEA,EN,Federal Contract Tower,0,21,13,0,34,0,7,41,0,48,0,28,54,0,82,112,0,112,194
12/11/2020,UNV,PA,AEA,EN,Federal Contract Tower,3,21,7,4,35,0,3,57,2,62,3,24,64,6,97,36,0,36,133
12/12/2020,UNV,PA,AEA,EN,Federal Contract Tower,5,14,5,0,24,0,3,34,0,37,5,17,39,0,61,64,0,64,125
12/13/2020,UNV,PA,AEA,EN,Federal Contract Tower,2,13,13,0,28,0,4,12,0,16,2,17,25,0,44,36,0,36,80
12/14/2020,UNV,PA,AEA,EN,Federal Contract Tower,2,20,6,0,28,0,1,0,0,1,2,21,6,0,29,0,0,0,29
12/15/2020,UNV,PA,AEA,EN,Federal Contract Tower,0,21,4,2,27,0,10,44,10,64,0,31,48,12,91,80,0,80,171
12/16/2020,UNV,PA,AEA,EN,Federal Contract Tower,0,5,0,0,5,0,0,4,0,4,0,5,4,0,9,10,0,10,19
12/17/2020,UNV,PA,AEA,EN,Federal Contract Tower,0,16,1,0,17,0,4,0,0,4,0,20,1,0,21,0,0,0,21
12/18/2020,UNV,PA,AEA,EN,Federal Contract Tower,3,19,8,0,30,0,0,0,0,0,3,19,8,0,30,0,0,0,30
12/19/2020,UNV,PA,AEA,EN,Federal Contract Tower,2,15,4,0,21,0,0,10,0,10,2,15,14,0,31,12,0,12,43
12/20/2020,UNV,PA,AEA,EN,Federal Contract Tower,0,13,3,0,16,0,0,2,0,2,0,13,5,0,18,0,0,0,18
12/21/2020,UNV,PA,AEA,EN,Federal Contract Tower,2,17,5,4,28,0,0,10,0,10,2,17,15,4,38,108,0,108,146
12/22/2020,UNV,PA,AEA,EN,Federal Contract Tower,2,19,2,0,23,0,1,2,0,3,2,20,4,0,26,0,0,0,26
12/23/2020,UNV,PA,AEA,EN,Federal Contract Tower,4,22,14,0,40,0,2,48,0,50,4,24,62,0,90,128,0,128,218
12/24/2020,UNV,PA,AEA,EN,Federal Contract Tower,2,17,2,0,21,0,0,0,0,0,2,17,2,0,21,0,0,0,21
12/25/2020,UNV,PA,AEA,EN,Federal Contract Tower,2,3,0,0,5,0,0,0,0,0,2,3,0,0,5,0,0,0,5
12/26/2020,UNV,PA,AEA,EN,Federal Contract Tower,4,11,0,0,15,0,2,2,0,4,4,13,2,0,19,2,0,2,21
12/27/2020,UNV,PA,AEA,EN,Federal Contract Tower,2,12,7,0,21,0,4,30,0,34,2,16,37,0,55,52,0,52,107
12/28/2020,UNV,PA,AEA,EN,Federal Contract Tower,2,15,10,0,27,0,11,5,0,16,2,26,15,0,43,24,0,24,67
12/29/2020,UNV,PA,AEA,EN,Federal Contract Tower,2,20,15,4,41,0,5,20,2,27,2,25,35,6,68,8,2,10,78
12/30/2020,UNV,PA,AEA,EN,Federal Contract Tower,2,22,2,0,26,0,0,17,0,17,2,22,19,0,43,0,0,0,43
12/31/2020,UNV,PA,AEA,EN,Federal Contract Tower,2,11,4,0,17,0,2,0,0,2,2,13,4,0,19,0,0,0,19
01/01/2021,UNV,PA,AEA,EN,Federal Contract Tower,1,5,0,0,6,0,3,4,0,7,1,8,4,0,13,0,0,0,13
01/02/2021,UNV,PA,AEA,EN,Federal Contract Tower,3,14,2,0,19,0,3,2,0,5,3,17,4,0,24,6,0,6,30
01/03/2021,UNV,PA,AEA,EN,Federal Contract Tower,4,13,3,0,20,0,0,0,0,0,4,13,3,0,20,0,0,0,20
01/04/2021,UNV,PA,AEA,EN,Federal Contract Tower,0,16,2,0,18,0,0,41,0,41,0,16,43,0,59,20,0,20,79
01/05/2021,UNV,PA,AEA,EN,Federal Contract Tower,2,17,5,0,24,0,2,2,0,4,2,19,7,0,28,0,0,0,28
01/06/2021,UNV,PA,AEA,EN,Federal Contract Tower,2,14,4,0,20,0,4,17,0,21,2,18,21,0,41,18,0,18,59
01/07/2021,UNV,PA,AEA,EN,Federal Contract Tower,0,19,6,7,32,0,4,34,4,42,0,23,40,11,74,84,14,98,172
01/08/2021,UNV,PA,AEA,EN,Federal Contract Tower,0,19,5,2,26,0,5,26,0,31,0,24,31,2,57,34,0,34,91
01/09/2021,UNV,PA,AEA,EN,Federal Contract Tower,4,15,7,0,26,0,5,44,4,53,4,20,51,4,79,60,0,60,139
01/10/2021,UNV,PA,AEA,EN,Federal Contract Tower,0,11,4,0,15,0,10,29,0,39,0,21,33,0,54,50,0,50,104
01/11/2021,UNV,PA,AEA,EN,Federal Contract Tower,0,17,4,0,21,0,3,23,0,26,0,20,27,0,47,42,0,42,89
01/12/2021,UNV,PA,AEA,EN,Federal Contract Tower,0,15,4,2,21,0,4,24,4,32,0,19,28,6,53,72,0,72,125
01/13/2021,UNV,PA,AEA,EN,Federal Contract Tower,2,15,11,0,28,0,5,23,0,28,2,20,34,0,56,76,0,76,132
01/14/2021,UNV,PA,AEA,EN,Federal Contract Tower,0,17,5,0,22,0,10,39,0,49,0,27,44,0,71,42,0,42,113
01/15/2021,UNV,PA,AEA,EN,Federal Contract Tower,2,20,6,0,28,0,2,6,0,8,2,22,12,0,36,18,0,18,54
01/16/2021,UNV,PA,AEA,EN,Federal Contract Tower,4,15,7,0,26,0,3,12,0,15,4,18,19,0,41,12,0,12,53
01/17/2021,UNV,PA,AEA,EN,Federal Contract Tower,0,15,3,0,18,0,4,0,0,4,0,19,3,0,22,0,0,0,22
01/18/2021,UNV,PA,AEA,EN,Federal Contract Tower,2,15,1,0,18,0,0,2,0,2,2,15,3,0,20,0,0,0,20
01/19/2021,UNV,PA,AEA,EN,Federal Contract Tower,0,14,1,0,15,0,10,10,0,20,0,24,11,0,35,14,0,14,49
01/20/2021,UNV,PA,AEA,EN,Federal Contract Tower,3,18,3,0,24,0,0,2,0,2,3,18,5,0,26,26,0,26,52
01/21/2021,UNV,PA,AEA,EN,Federal Contract Tower,0,19,3,0,22,0,0,29,2,31,0,19,32,2,53,44,0,44,97
01/22/2021,UNV,PA,AEA,EN,Federal Contract Tower,3,19,6,0,28,0,3,12,0,15,3,22,18,0,43,4,0,4,47
01/23/2021,UNV,PA,AEA,EN,Federal Contract Tower,2,12,0,0,14,0,3,8,0,11,2,15,8,0,25,14,0,14,39
01/24/2021,UNV,PA,AEA,EN,Federal Contract Tower,1,13,4,0,18,0,7,50,0,57,1,20,54,0,75,76,0,76,151
01/25/2021,UNV,PA,AEA,EN,Federal Contract Tower,3,17,3,2,25,0,2,16,0,18,3,19,19,2,43,30,0,30,73
01/26/2021,UNV,PA,AEA,EN,Federal Contract Tower,0,22,5,0,27,0,0,0,0,0,0,22,5,0,27,0,0,0,27
01/27/2021,UNV,PA,AEA,EN,Federal Contract Tower,4,27,19,0,50,0,16,11,0,27,4,43,30,0,77,36,0,36,113
01/28/2021,UNV,PA,AEA,EN,Federal Contract Tower,0,24,2,2,28,0,6,12,0,18,0,30,14,2,46,2,0,2,48
01/29/2021,UNV,PA,AEA,EN,Federal Contract Tower,2,21,4,0,27,0,8,0,0,8,2,29,4,0,35,0,0,0,35
01/30/2021,UNV,PA,AEA,EN,Federal Contract Tower,4,17,4,0,25,0,2,71,0,73,4,19,75,0,98,56,0,56,154
01/31/2021,UNV,PA,AEA,EN,Federal Contract Tower,0,15,0,0,15,0,0,0,0,0,0,15,0,0,15,0,0,0,15
02/01/2021,UNV,PA,AEA,EN,Federal Contract Tower,3,10,0,0,13,0,0,0,0,0,3,10,0,0,13,0,0,0,13
02/02/2021,UNV,PA,AEA,EN,Federal Contract Tower,0,10,3,0,13,0,0,0,0,0,0,10,3,0,13,0,0,0,13
02/03/2021,UNV,PA,AEA,EN,Federal Contract Tower,4,19,4,0,27,0,6,0,0,6,4,25,4,0,33,0,0,0,33
02/04/2021,UNV,PA,AEA,EN,Federal Contract Tower,2,26,0,0,28,0,2,42,0,44,2,28,42,0,72,62,0,62,134
02/05/2021,UNV,PA,AEA,EN,Federal Contract Tower,2,19,7,0,28,0,1,2,0,3,2,20,9,0,31,0,0,0,31
02/06/2021,UNV,PA,AEA,EN,Federal Contract Tower,3,12,8,0,23,0,5,11,0,16,3,17,19,0,39,0,0,0,39
02/07/2021,UNV,PA,AEA,EN,Federal Contract Tower,0,12,4,0,16,0,2,9,0,11,0,14,13,0,27,18,0,18,45
02/08/2021,UNV,PA,AEA,EN,Federal Contract Tower,4,18,0,1,23,0,4,26,4,34,4,22,26,5,57,22,12,34,91
02/09/2021,UNV,PA,AEA,EN,Federal Contract Tower,2,15,1,0,18,0,0,6,0,6,2,15,7,0,24,0,0,0,24
02/10/2021,UNV,PA,AEA,EN,Federal Contract Tower,3,20,6,0,29,0,1,20,2,23,3,21,26,2,52,30,0,30,82
02/11/2021,UNV,PA,AEA,EN,Federal Contract Tower,0,19,3,0,22,0,2,6,0,8,0,21,9,0,30,0,0,0,30
02/12/2021,UNV,PA,AEA,EN,Federal Contract Tower,4,22,3,2,31,0,6,25,0,31,4,28,28,2,62,18,0,18,80
02/13/2021,UNV,PA,AEA,EN,Federal Contract Tower,2,13,2,0,17,0,1,7,0,8,2,14,9,0,25,42,0,42,67
02/14/2021,UNV,PA,AEA,EN,Federal Contract Tower,0,11,7,0,18,0,3,0,0,3,0,14,7,0,21,6,0,6,27
02/15/2021,UNV,PA,AEA,EN,Federal Contract Tower,0,10,1,0,11,0,0,0,0,0,0,10,1,0,11,0,0,0,11
02/16/2021,UNV,PA,AEA,EN,Federal Contract Tower,1,13,2,0,16,0,6,0,0,6,1,19,2,0,22,2,0,2,24
02/17/2021,UNV,PA,AEA,EN,Federal Contract Tower,1,22,10,0,33,0,7,37,0,44,1,29,47,0,77,6,0,6,83
02/18/2021,UNV,PA,AEA,EN,Federal Contract Tower,0,17,1,0,18,0,0,0,0,0,0,17,1,0,18,0,0,0,18
02/19/2021,UNV,PA,AEA,EN,Federal Contract Tower,2,16,4,0,22,0,3,5,0,8,2,19,9,0,30,20,0,20,50
02/20/2021,UNV,PA,AEA,EN,Federal Contract Tower,2,13,5,0,20,0,5,12,0,17,2,18,17,0,37,2,0,2,39
02/21/2021,UNV,PA,AEA,EN,Federal Contract Tower,0,14,10,0,24,0,1,36,0,37,0,15,46,0,61,34,0,34,95
02/22/2021,UNV,PA,AEA,EN,Federal Contract Tower,2,14,0,0,16,0,0,0,0,0,2,14,0,0,16,0,0,0,16
02/23/2021,UNV,PA,AEA,EN,Federal Contract Tower,1,14,2,2,19,0,0,2,6,8,1,14,4,8,27,6,0,6,33
02/24/2021,UNV,PA,AEA,EN,Federal Contract Tower,2,16,5,0,23,0,11,25,0,36,2,27,30,0,59,16,0,16,75
02/25/2021,UNV,PA,AEA,EN,Federal Contract Tower,1,18,10,0,29,0,2,48,0,50,1,20,58,0,79,18,0,18,97
02/26/2021,UNV,PA,AEA,EN,Federal Contract Tower,2,17,4,0,23,0,2,49,0,51,2,19,53,0,74,32,0,32,106
02/27/2021,UNV,PA,AEA,EN,Federal Contract Tower,0,14,12,0,26,0,2,2,0,4,0,16,14,0,30,0,0,0,30
02/28/2021,UNV,PA,AEA,EN,Federal Contract Tower,0,11,4,0,15,0,2,0,0,2,0,13,4,0,17,0,0,0,17
03/01/2021,UNV,PA,AEA,EN,Federal Contract Tower,2,14,6,0,22,0,0,2,0,2,2,14,8,0,24,0,0,0,24
03/02/2021,UNV,PA,AEA,EN,Federal Contract Tower,1,18,3,0,22,0,9,43,0,52,1,27,46,0,74,50,0,50,124
03/03/2021,UNV,PA,AEA,EN,Federal Contract Tower,0,18,6,2,26,0,5,60,0,65,0,23,66,2,91,80,0,80,171
03/04/2021,UNV,PA,AEA,EN,Federal Contract Tower,2,21,4,0,27,0,5,18,0,23,2,26,22,0,50,22,0,22,72
03/05/2021,UNV,PA,AEA,EN,Federal Contract Tower,2,20,10,0,32,0,0,7,0,7,2,20,17,0,39,6,0,6,45
03/06/2021,UNV,PA,AEA,EN,Federal Contract Tower,0,12,6,0,18,0,3,11,0,14,0,15,17,0,32,38,0,38,70
03/07/2021,UNV,PA,AEA,EN,Federal Contract Tower,1,14,16,0,31,0,2,58,0,60,1,16,74,0,91,28,0,28,119
03/08/2021,UNV,PA,AEA,EN,Federal Contract Tower,2,15,7,0,24,0,4,25,0,29,2,19,32,0,53,68,0,68,121
03/09/2021,UNV,PA,AEA,EN,Federal Contract Tower,2,19,11,0,32,0,6,25,0,31,2,25,36,0,63,68,0,68,131
03/10/2021,UNV,PA,AEA,EN,Federal Contract Tower,0,18,9,0,27,0,9,50,0,59,0,27,59,0,86,80,0,80,166
03/11/2021,UNV,PA,AEA,EN,Federal Contract Tower,2,20,7,0,29,0,2,17,2,21,2,22,24,2,50,16,0,16,66
03/12/2021,UNV,PA,AEA,EN,Federal Contract Tower,6,18,4,2,30,0,2,31,4,37,6,20,35,6,67,30,0,30,97
03/13/2021,UNV,PA,AEA,EN,Federal Contract Tower,0,11,7,0,18,0,1,66,2,69,0,12,73,2,87,124,0,124,211
03/14/2021,UNV,PA,AEA,EN,Federal Contract Tower,0,14,7,2,23,0,3,8,0,11,0,17,15,2,34,0,0,0,34
03/15/2021,UNV,PA,AEA,EN,Federal Contract Tower,0,19,3,0,22,0,2,38,0,40,0,21,41,0,62,84,0,84,146
03/16/2021,UNV,PA,AEA,EN,Federal Contract Tower,2,14,2,0,18,0,9,0,0,9,2,23,2,0,27,0,0,0,27
03/17/2021,UNV,PA,AEA,EN,Federal Contract Tower,0,17,12,2,31,0,4,26,0,30,0,21,38,2,61,28,0,28,89
03/18/2021,UNV,PA,AEA,EN,Federal Contract Tower,0,21,2,0,23,0,0,0,0,0,0,21,2,0,23,0,0,0,23
03/19/2021,UNV,PA,AEA,EN,Federal Contract Tower,2,18,4,2,26,0,2,27,0,29,2,20,31,2,55,22,0,22,77
03/20/2021,UNV,PA,AEA,EN,Federal Contract Tower,0,12,4,2,18,0,0,73,0,73,0,12,77,2,91,38,0,38,129
03/21/2021,UNV,PA,AEA,EN,Federal Contract Tower,0,15,12,0,27,0,11,65,0,76,0,26,77,0,103,102,0,102,205
03/22/2021,UNV,PA,AEA,EN,Federal Contract Tower,1,17,5,0,23,0,9,23,0,32,1,26,28,0,55,20,0,20,75
03/23/2021,UNV,PA,AEA,EN,Federal Contract Tower,0,19,10,1,30,0,9,24,1,34,0,28,34,2,64,62,4,66,130
03/24/2021,UNV,PA,AEA,EN,Federal Contract Tower,0,20,7,0,27,0,0,0,0,0,0,20,7,0,27,0,0,0,27
03/25/2021,UNV,PA,AEA,EN,Federal Contract Tower,0,26,7,2,35,0,2,14,0,16,0,28,21,2,51,26,0,26,77
03/26/2021,UNV,PA,AEA,EN,Federal Contract Tower,2,21,9,0,32,0,2,6,0,8,2,23,15,0,40,4,0,4,44
03/27/2021,UNV,PA,AEA,EN,Federal Contract Tower,0,11,17,0,28,0,4,58,0,62,0,15,75,0,90,64,0,64,154
03/28/2021,UNV,PA,AEA,EN,Federal Contract Tower,0,15,1,0,16,0,0,0,0,0,0,15,1,0,16,0,0,0,16
03/29/2021,UNV,PA,AEA,EN,Federal Contract Tower,2,21,0,0,23,0,7,13,0,20,2,28,13,0,43,10,0,10,53
03/30/2021,UNV,PA,AEA,EN,Federal Contract Tower,0,24,2,0,26,0,3,40,2,45,0,27,42,2,71,24,0,24,95
03/31/2021,UNV,PA,AEA,EN,Federal Contract Tower,0,25,20,0,45,0,0,2,0,2,0,25,22,0,47,10,0,10,57
04/01/2021,UNV,PA,AEA,EN,Federal Contract Tower,0,19,10,0,29,0,0,2,0,2,0,19,12,0,31,0,0,0,31
04/02/2021,UNV,PA,AEA,EN,Federal Contract Tower,2,17,9,0,28,0,2,17,6,25,2,19,26,6,53,8,0,8,61
04/03/2021,UNV,PA,AEA,EN,Federal Contract Tower,0,12,8,0,20,0,4,63,0,67,0,16,71,0,87,42,0,42,129
04/04/2021,UNV,PA,AEA,EN,Federal Contract Tower,0,12,3,0,15,0,5,18,0,23,0,17,21,0,38,22,0,22,60
04/05/2021,UNV,PA,AEA,EN,Federal Contract Tower,2,16,11,0,29,0,0,37,0,37,2,16,48,0,66,80,0,80,146
04/06/2021,UNV,PA,AEA,EN,Federal Contract Tower,0,19,11,0,30,0,2,47,0,49,0,21,58,0,79,138,0,138,217
04/07/2021,UNV,PA,AEA,EN,Federal Contract Tower,0,15,8,0,23,0,9,31,0,40,0,24,39,0,63,26,0,26,89
04/08/2021,UNV,PA,AEA,EN,Federal Contract Tower,0,22,7,5,34,0,4,32,4,40,0,26,39,9,74,52,18,70,144
04/09/2021,UNV,PA,AEA,EN,Federal Contract Tower,2,18,14,0,34,0,0,0,0,0,2,18,14,0,34,0,0,0,34
04/10/2021,UNV,PA,AEA,EN,Federal Contract Tower,0,13,10,0,23,0,2,6,0,8,0,15,16,0,31,10,0,10,41
04/11/2021,UNV,PA,AEA,EN,Federal Contract Tower,0,16,10,0,26,0,1,4,0,5,0,17,14,0,31,22,0,22,53
04/12/2021,UNV,PA,AEA,EN,Federal Contract Tower,2,17,9,0,28,0,1,7,0,8,2,18,16,0,36,22,0,22,58
04/13/2021,UNV,PA,AEA,EN,Federal Contract Tower,0,16,16,0,32,0,5,35,0,40,0,21,51,0,72,42,0,42,114
04/14/2021,UNV,PA,AEA,EN,Federal Contract Tower,2,25,14,0,41,0,5,54,0,59,2,30,68,0,100,118,0,118,218
04/15/2021,UNV,PA,AEA,EN,Federal Contract Tower,0,18,8,0,26,0,8,19,0,27,0,26,27,0,53,18,0,18,71
04/16/2021,UNV,PA,AEA,EN,Federal Contract Tower,0,23,8,0,31,0,3,4,0,7,0,26,12,0,38,6,0,6,44
04/17/2021,UNV,PA,AEA,EN,Federal Contract Tower,2,18,5,0,25,0,0,17,0,17,2,18,22,0,42,14,0,14,56
04/18/2021,UNV,PA,AEA,EN,Federal Contract Tower,0,15,11,0,26,0,5,33,0,38,0,20,44,0,64,38,0,38,102
04/19/2021,UNV,PA,AEA,EN,Federal Contract Tower,0,19,8,0,27,0,1,25,3,29,0,20,33,3,56,52,0,52,108
04/20/2021,UNV,PA,AEA,EN,Federal Contract Tower,0,21,5,0,26,0,5,30,2,37,0,26,35,2,63,54,0,54,117
04/21/2021,UNV,PA,AEA,EN,Federal Contract Tower,2,20,4,0,26,0,0,0,0,0,2,20,4,0,26,0,0,0,26
04/22/2021,UNV,PA,AEA,EN,Federal Contract Tower,0,19,7,0,26,0,0,20,4,24,0,19,27,4,50,2,0,2,52
04/23/2021,UNV,PA,AEA,EN,Federal Contract Tower,0,19,1,0,20,0,7,49,0,56,0,26,50,0,76,28,0,28,104
04/24/2021,UNV,PA,AEA,EN,Federal Contract Tower,2,11,2,0,15,0,4,60,0,64,2,15,62,0,79,66,0,66,145
04/25/2021,UNV,PA,AEA,EN,Federal Contract Tower,0,12,21,0,33,0,1,24,0,25,0,13,45,0,58,14,0,14,72
04/26/2021,UNV,PA,AEA,EN,Federal Contract Tower,0,17,9,0,26,0,4,41,0,45,0,21,50,0,71,78,0,78,149
04/27/2021,UNV,PA,AEA,EN,Federal Contract Tower,0,16,3,2,21,0,2,70,11,83,0,18,73,13,104,72,0,72,176
04/28/2021,UNV,PA,AEA,EN,Federal Contract Tower,2,17,6,0,25,0,9,30,2,41,2,26,36,2,66,26,4,30,96
04/29/2021,UNV,PA,AEA,EN,Federal Contract Tower,0,21,16,0,37,0,0,6,0,6,0,21,22,0,43,24,0,24,67
04/30/2021,UNV,PA,AEA,EN,Federal Contract Tower,0,26,8,0,34,0,2,0,0,2,0,28,8,0,36,0,0,0,36
05/01/2021,UNV,PA,AEA,EN,Federal Contract Tower,2,12,8,0,22,0,2,55,0,57,2,14,63,0,79,62,0,62,141
05/02/2021,UNV,PA,AEA,EN,Federal Contract Tower,0,13,10,0,23,0,4,28,0,32,0,17,38,0,55,24,0,24,79
05/03/2021,UNV,PA,AEA,EN,Federal Contract Tower,0,15,24,0,39,0,0,5,0,5,0,15,29,0,44,30,0,30,74
05/04/2021,UNV,PA,AEA,EN,Federal Contract Tower,0,16,5,0,21,0,6,15,4,25,0,22,20,4,46,30,0,30,76
05/05/2021,UNV,PA,AEA,EN,Federal Contract Tower,2,15,12,0,29,0,7,0,0,7,2,22,12,0,36,36,0,36,72
05/06/2021,UNV,PA,AEA,EN,Federal Contract Tower,0,20,9,0,29,0,3,73,0,76,0,23,82,0,105,98,0,98,203
05/07/2021,UNV,PA,AEA,EN,Federal Contract Tower,0,19,15,0,34,0,1,19,0,20,0,20,34,0,54,46,0,46,100
05/08/2021,UNV,PA,AEA,EN,Federal Contract Tower,2,19,17,0,38,0,4,34,0,38,2,23,51,0,76,82,0,82,158
05/09/2021,UNV,PA,AEA,EN,Federal Contract Tower,0,20,5,0,25,0,0,5,0,5,0,20,10,0,30,2,0,2,32
05/10/2021,UNV,PA,AEA,EN,Federal Contract Tower,0,16,9,0,25,0,3,33,2,38,0,19,42,2,63,64,10,74,137
05/11/2021,UNV,PA,AEA,EN,Federal Contract Tower,0,15,1,0,16,0,2,24,0,26,0,17,25,0,42,41,0,41,83
05/12/2021,UNV,PA,AEA,EN,Federal Contract Tower,2,22,3,2,29,0,2,63,0,65,2,24,66,2,94,128,0,128,222
05/13/2021,UNV,PA,AEA,EN,Federal Contract Tower,2,18,5,4,29,0,1,48,2,51,2,19,53,6,80,82,6,88,168
05/14/2021,UNV,PA,AEA,EN,Federal Contract Tower,0,22,8,0,30,0,4,58,4,66,0,26,66,4,96,60,0,60,156
05/15/2021,UNV,PA,AEA,EN,Federal Contract Tower,2,18,3,0,23,0,0,78,0,78,2,18,81,0,101,72,0,72,173
05/16/2021,UNV,PA,AEA,EN,Federal Contract Tower,1,12,13,0,26,0,2,38,0,40,1,14,51,0,66,64,0,64,130
05/17/2021,UNV,PA,AEA,EN,Federal Contract Tower,0,19,5,0,24,0,6,39,0,45,0,25,44,0,69,92,0,92,161
05/18/2021,UNV,PA,AEA,EN,Federal Contract Tower,0,20,7,0,27,0,4,53,0,57,0,24,60,0,84,60,0,60,144
05/19/2021,UNV,PA,AEA,EN,Federal Contract Tower,2,18,9,0,29,0,1,72,0,73,2,19,81,0,102,96,0,96,198
05/20/2021,UNV,PA,AEA,EN,Federal Contract Tower,0,19,3,0,22,0,4,60,0,64,0,23,63,0,86,56,0,56,142
05/21/2021,UNV,PA,AEA,EN,Federal Contract Tower,0,16,9,0,25,0,5,44,0,49,0,21,53,0,74,44,0,44,118
05/22/2021,UNV,PA,AEA,EN,Federal Contract Tower,2,16,6,0,24,0,6,47,4,57,2,22,53,4,81,46,0,46,127
05/23/2021,UNV,PA,AEA,EN,Federal Contract Tower,0,14,8,0,22,0,6,25,0,31,0,20,33,0,53,10,0,10,63
05/24/2021,UNV,PA,AEA,EN,Federal Contract Tower,0,16,10,0,26,0,5,4,0,9,0,21,14,0,35,54,0,54,89
05/25/2021,UNV,PA,AEA,EN,Federal Contract Tower,0,18,17,0,35,0,4,13,0,17,0,22,30,0,52,28,0,28,80
05/27/2021,UNV,PA,AEA,EN,Federal Contract Tower,0,24,17,0,41,0,8,71,0,79,0,32,88,0,120,52,0,52,172
05/28/2021,UNV,PA,AEA,EN,Federal Contract Tower,0,19,11,1,31,0,4,19,1,24,0,23,30,2,55,28,0,28,83
05/29/2021,UNV,PA,AEA,EN,Federal Contract Tower,2,13,11,0,26,0,0,0,0,0,2,13,11,0,26,0,0,0,26
05/30/2021,UNV,PA,AEA,EN,Federal Contract Tower,0,13,14,0,27,0,2,0,0,2,0,15,14,0,29,0,0,0,29
05/31/2021,UNV,PA,AEA,EN,Federal Contract Tower,0,13,18,0,31,0,3,45,0,48,0,16,63,0,79,102,0,102,181
06/01/2021,UNV,PA,AEA,EN,Federal Contract Tower,0,22,2,0,24,0,2,41,2,45,0,24,43,2,69,80,8,88,157
06/02/2021,UNV,PA,AEA,EN,Federal Contract Tower,2,18,8,0,28,0,2,18,0,20,2,20,26,0,48,40,0,40,88
06/03/2021,UNV,PA,AEA,EN,Federal Contract Tower,0,15,3,2,20,0,0,0,0,0,0,15,3,2,20,0,0,0,20
06/04/2021,UNV,PA,AEA,EN,Federal Contract Tower,0,24,15,0,39,0,2,29,2,33,0,26,44,2,72,72,0,72,144
06/05/2021,UNV,PA,AEA,EN,Federal Contract Tower,2,18,12,0,32,0,2,49,0,51,2,20,61,0,83,54,0,54,137
06/06/2021,UNV,PA,AEA,EN,Federal Contract Tower,0,22,6,0,28,0,6,45,0,51,0,28,51,0,79,42,0,42,121
06/07/2021,UNV,PA,AEA,EN,Federal Contract Tower,0,21,13,0,34,0,5,29,0,34,0,26,42,0,68,60,0,60,128
06/08/2021,UNV,PA,AEA,EN,Federal Contract Tower,0,23,6,0,29,0,2,14,0,16,0,25,20,0,45,52,0,52,97
06/09/2021,UNV,PA,AEA,EN,Federal Contract Tower,2,36,9,0,47,0,4,9,0,13,2,40,18,0,60,22,0,22,82
06/10/2021,UNV,PA,AEA,EN,Federal Contract Tower,0,26,8,0,34,0,0,39,2,41,0,26,47,2,75,38,0,38,113
06/11/2021,UNV,PA,AEA,EN,Federal Contract Tower,0,30,20,1,51,0,0,1,0,1,0,30,21,1,52,0,0,0,52
06/12/2021,UNV,PA,AEA,EN,Federal Contract Tower,2,20,16,2,40,0,0,11,0,11,2,20,27,2,51,14,0,14,65
06/13/2021,UNV,PA,AEA,EN,Federal Contract Tower,0,24,9,3,36,0,2,11,0,13,0,26,20,3,49,40,0,40,89
06/14/2021,UNV,PA,AEA,EN,Federal Contract Tower,0,22,4,0,26,0,5,22,2,29,0,27,26,2,55,24,0,24,79
06/15/2021,UNV,PA,AEA,EN,Federal Contract Tower,0,28,7,0,35,0,1,42,0,43,0,29,49,0,78,80,0,80,158
06/16/2021,UNV,PA,AEA,EN,Federal Contract Tower,2,31,8,0,41,0,23,48,0,71,2,54,56,0,112,78,0,78,190
06/17/2021,UNV,PA,AEA,EN,Federal Contract Tower,0,26,12,0,38,0,10,63,0,73,0,36,75,0,111,82,0,82,193
06/18/2021,UNV,PA,AEA,EN,Federal Contract Tower,32,5,0,0,37,0,1,45,4,50,32,6,45,4,87,80,0,80,167
06/19/2021,UNV,PA,AEA,EN,Federal Contract Tower,2,27,5,0,34,0,3,22,0,25,2,30,27,0,59,74,0,74,133
06/20/2021,UNV,PA,AEA,EN,Federal Contract Tower,0,27,11,0,38,0,6,33,0,39,0,33,44,0,77,38,0,38,115
06/21/2021,UNV,PA,AEA,EN,Federal Contract Tower,0,22,6,0,28,0,4,23,0,27,0,26,29,0,55,40,0,40,95
06/22/2021,UNV,PA,AEA,EN,Federal Contract Tower,0,28,10,0,38,0,2,31,0,33,0,30,41,0,71,76,0,76,147
06/23/2021,UNV,PA,AEA,EN,Federal Contract Tower,2,33,10,0,45,0,14,65,4,83,2,47,75,4,128,98,0,98,226
06/24/2021,UNV,PA,AEA,EN,Federal Contract Tower,0,29,9,1,39,0,5,42,10,57,0,34,51,11,96,28,12,40,136
06/25/2021,UNV,PA,AEA,EN,Federal Contract Tower,0,29,8,2,39,0,6,54,3,63,0,35,62,5,102,54,4,58,160
06/26/2021,UNV,PA,AEA,EN,Federal Contract Tower,2,23,12,0,37,0,4,34,0,38,2,27,46,0,75,10,0,10,85
06/27/2021,UNV,PA,AEA,EN,Federal Contract Tower,0,20,14,0,34,0,2,30,0,32,0,22,44,0,66,36,0,36,102
06/28/2021,UNV,PA,AEA,EN,Federal Contract Tower,0,24,5,0,29,0,3,26,0,29,0,27,31,0,58,64,0,64,122
06/29/2021,UNV,PA,AEA,EN,Federal Contract Tower,0,24,7,0,31,0,6,47,7,60,0,30,54,7,91,68,2,70,161
06/30/2021,UNV,PA,AEA,EN,Federal Contract Tower,2,22,10,0,34,0,5,34,0,39,2,27,44,0,73,62,0,62,135
07/01/2021,UNV,PA,AEA,EN,Federal Contract Tower,0,28,9,0,37,0,0,0,0,0,0,28,9,0,37,0,0,0,37
07/02/2021,UNV,PA,AEA,EN,Federal Contract Tower,33,8,0,0,41,0,12,25,0,37,33,20,25,0,78,54,0,54,132
07/03/2021,UNV,PA,AEA,EN,Federal Contract Tower,2,18,13,0,33,0,3,29,0,32,2,21,42,0,65,48,0,48,113
07/04/2021,UNV,PA,AEA,EN,Federal Contract Tower,0,17,10,0,27,0,5,46,0,51,0,22,56,0,78,80,0,80,158
07/05/2021,UNV,PA,AEA,EN,Federal Contract Tower,0,26,12,0,38,0,5,43,0,48,0,31,55,0,86,38,0,38,124
07/06/2021,UNV,PA,AEA,EN,Federal Contract Tower,0,25,20,0,45,0,5,36,0,41,0,30,56,0,86,66,0,66,152
07/07/2021,UNV,PA,AEA,EN,Federal Contract Tower,2,25,12,0,39,0,34,20,0,54,2,59,32,0,93,34,0,34,127
07/08/2021,UNV,PA,AEA,EN,Federal Contract Tower,0,34,10,1,45,0,0,1,1,2,0,34,11,2,47,0,0,0,47
07/09/2021,UNV,PA,AEA,EN,Federal Contract Tower,28,16,0,0,44,0,1,15,0,16,28,17,15,0,60,26,0,26,86
07/10/2021,UNV,PA,AEA,EN,Federal Contract Tower,2,22,23,0,47,0,1,52,0,53,2,23,75,0,100,50,0,50,150
07/11/2021,UNV,PA,AEA,EN,Federal Contract Tower,0,23,5,0,28,0,2,11,0,13,0,25,16,0,41,56,0,56,97
07/12/2021,UNV,PA,AEA,EN,Federal Contract Tower,0,23,5,0,28,0,1,11,0,12,0,24,16,0,40,56,0,56,96
07/13/2021,UNV,PA,AEA,EN,Federal Contract Tower,0,27,5,0,32,0,2,21,0,23,0,29,26,0,55,82,0,82,137
07/14/2021,UNV,PA,AEA,EN,Federal Contract Tower,2,29,7,7,45,0,4,35,4,43,2,33,42,11,88,62,28,90,178
07/15/2021,UNV,PA,AEA,EN,Federal Contract Tower,0,31,22,0,53,0,4,59,0,63,0,35,81,0,116,108,0,108,224
07/16/2021,UNV,PA,AEA,EN,Federal Contract Tower,24,12,0,0,36,0,6,38,0,44,24,18,38,0,80,56,0,56,136
07/17/2021,UNV,PA,AEA,EN,Federal Contract Tower,2,17,16,0,35,0,2,14,0,16,2,19,30,0,51,30,0,30,81
07/18/2021,UNV,PA,AEA,EN,Federal Contract Tower,0,24,18,0,42,0,2,18,0,20,0,26,36,0,62,44,0,44,106
07/19/2021,UNV,PA,AEA,EN,Federal Contract Tower,0,27,5,0,32,0,1,26,0,27,0,28,31,0,59,34,0,34,93
07/20/2021,UNV,PA,AEA,EN,Federal Contract Tower,0,29,16,1,46,0,2,44,1,47,0,31,60,2,93,116,0,116,209
07/21/2021,UNV,PA,AEA,EN,Federal Contract Tower,2,28,14,0,44,0,0,34,2,36,2,28,48,2,80,72,0,72,152
07/22/2021,UNV,PA,AEA,EN,Federal Contract Tower,0,32,3,3,38,0,0,68,4,72,0,32,71,7,110,116,6,122,232
07/23/2021,UNV,PA,AEA,EN,Federal Contract Tower,0,30,5,0,35,0,4,37,0,41,0,34,42,0,76,34,0,34,110
07/24/2021,UNV,PA,AEA,EN,Federal Contract Tower,2,18,9,0,29,0,4,80,0,84,2,22,89,0,113,98,0,98,211
07/25/2021,UNV,PA,AEA,EN,Federal Contract Tower,0,23,14,0,37,0,2,29,0,31,0,25,43,0,68,72,0,72,140
07/26/2021,UNV,PA,AEA,EN,Federal Contract Tower,0,30,8,0,38,0,2,30,0,32,0,32,38,0,70,84,0,84,154
07/27/2021,UNV,PA,AEA,EN,Federal Contract Tower,0,30,1,1,32,0,5,27,2,34,0,35,28,3,66,68,6,74,140
07/28/2021,UNV,PA,AEA,EN,Federal Contract Tower,2,30,13,2,47,0,9,32,0,41,2,39,45,2,88,90,0,90,178
07/29/2021,UNV,PA,AEA,EN,Federal Contract Tower,0,29,9,4,42,0,2,13,0,15,0,31,22,4,57,22,0,22,79
07/30/2021,UNV,PA,AEA,EN,Federal Contract Tower,0,33,11,1,45,0,2,37,1,40,0,35,48,2,85,58,2,60,145
07/31/2021,UNV,PA,AEA,EN,Federal Contract Tower,0,22,8,0,30,0,9,68,0,77,0,31,76,0,107,70,0,70,177
08/01/2021,UNV,PA,AEA,EN,Federal Contract Tower,0,21,6,0,27,0,0,49,0,49,0,21,55,0,76,58,0,58,134
08/02/2021,UNV,PA,AEA,EN,Federal Contract Tower,0,27,9,0,36,0,9,28,0,37,0,36,37,0,73,56,0,56,129
08/03/2021,UNV,PA,AEA,EN,Federal Contract Tower,0,26,14,4,44,0,7,44,0,51,0,33,58,4,95,86,0,86,181
08/04/2021,UNV,PA,AEA,EN,Federal Contract Tower,2,30,7,0,39,0,2,47,2,51,2,32,54,2,90,44,0,44,134
08/05/2021,UNV,PA,AEA,EN,Federal Contract Tower,0,30,7,0,37,0,4,28,0,32,0,34,35,0,69,98,0,98,167
08/06/2021,UNV,PA,AEA,EN,Federal Contract Tower,0,30,6,2,38,0,1,36,4,41,0,31,42,6,79,76,0,76,155
08/07/2021,UNV,PA,AEA,EN,Federal Contract Tower,2,29,8,0,39,0,0,52,2,54,2,29,60,2,93,126,0,126,219
08/08/2021,UNV,PA,AEA,EN,Federal Contract Tower,0,19,14,0,33,0,0,23,0,23,0,19,37,0,56,48,0,48,104
08/09/2021,UNV,PA,AEA,EN,Federal Contract Tower,0,28,9,4,41,0,6,30,4,40,0,34,39,8,81,54,0,54,135
08/10/2021,UNV,PA,AEA,EN,Federal Contract Tower,0,25,8,0,33,0,0,17,0,17,0,25,25,0,50,48,0,48,98
08/11/2021,UNV,PA,AEA,EN,Federal Contract Tower,2,34,17,1,54,0,9,30,4,43,2,43,47,5,97,54,4,58,155
08/12/2021,UNV,PA,AEA,EN,Federal Contract Tower,0,30,10,0,40,0,4,40,0,44,0,34,50,0,84,26,0,26,110
08/13/2021,UNV,PA,AEA,EN,Federal Contract Tower,0,25,10,0,35,0,6,20,0,26,0,31,30,0,61,34,0,34,95
08/14/2021,UNV,PA,AEA,EN,Federal Contract Tower,2,25,14,0,41,0,0,23,0,23,2,25,37,0,64,80,0,80,144
08/16/2021,UNV,PA,AEA,EN,Federal Contract Tower,0,28,16,1,45,0,1,8,1,10,0,29,24,2,55,44,0,44,99
08/17/2021,UNV,PA,AEA,EN,Federal Contract Tower,0,26,14,0,40,0,3,6,0,9,0,29,20,0,49,30,0,30,79
08/19/2021,UNV,PA,AEA,EN,Federal Contract Tower,2,32,20,0,54,0,2,17,0,19,2,34,37,0,73,80,0,80,153
08/20/2021,UNV,PA,AEA,EN,Federal Contract Tower,2,33,16,0,51,0,5,37,0,42,2,38,53,0,93,96,0,96,189
08/21/2021,UNV,PA,AEA,EN,Federal Contract Tower,1,23,14,0,38,0,2,35,0,37,1,25,49,0,75,34,0,34,109
08/22/2021,UNV,PA,AEA,EN,Federal Contract Tower,1,23,14,0,38,0,0,32,0,32,1,23,46,0,70,62,0,62,132
08/23/2021,UNV,PA,AEA,EN,Federal Contract Tower,2,27,6,0,35,0,0,36,0,36,2,27,42,0,71,72,0,72,143
08/24/2021,UNV,PA,AEA,EN,Federal Contract Tower,0,28,11,2,41,0,6,38,0,44,0,34,49,2,85,106,0,106,191
08/25/2021,UNV,PA,AEA,EN,Federal Contract Tower,0,27,10,0,37,0,16,59,0,75,0,43,69,0,112,62,0,62,174
08/26/2021,UNV,PA,AEA,EN,Federal Contract Tower,0,34,13,0,47,0,2,44,2,48,0,36,57,2,95,58,4,62,157
08/27/2021,UNV,PA,AEA,EN,Federal Contract Tower,2,25,20,0,47,0,0,30,0,30,2,25,50,0,77,54,0,54,131
08/28/2021,UNV,PA,AEA,EN,Federal Contract Tower,0,20,10,0,30,0,0,12,0,12,0,20,22,0,42,20,0,20,62
08/29/2021,UNV,PA,AEA,EN,Federal Contract Tower,0,28,11,0,39,0,2,3,0,5,0,30,14,0,44,0,0,0,44
08/30/2021,UNV,PA,AEA,EN,Federal Contract Tower,2,24,8,0,34,0,2,21,0,23,2,26,29,0,57,44,0,44,101
08/31/2021,UNV,PA,AEA,EN,Federal Contract Tower,0,26,6,0,32,0,1,28,0,29,0,27,34,0,61,32,0,32,93
09/01/2021,UNV,PA,AEA,EN,Federal Contract Tower,0,28,2,0,30,0,0,0,0,0,0,28,2,0,30,0,0,0,30
09/02/2021,UNV,PA,AEA,EN,Federal Contract Tower,0,29,5,5,39,0,2,35,2,39,0,31,40,7,78,62,10,72,150
09/03/2021,UNV,PA,AEA,EN,Federal Contract Tower,4,31,18,0,53,0,16,24,2,42,4,47,42,2,95,48,0,48,143
09/04/2021,UNV,PA,AEA,EN,Federal Contract Tower,2,21,12,0,35,0,3,57,0,60,2,24,69,0,95,44,0,44,139
09/05/2021,UNV,PA,AEA,EN,Federal Contract Tower,0,17,6,0,23,0,2,1,0,3,0,19,7,0,26,0,0,0,26
09/06/2021,UNV,PA,AEA,EN,Federal Contract Tower,2,20,15,0,37,0,6,61,0,67,2,26,76,0,104,52,0,52,156
09/07/2021,UNV,PA,AEA,EN,Federal Contract Tower,0,25,10,0,35,0,3,48,0,51,0,28,58,0,86,80,0,80,166
09/08/2021,UNV,PA,AEA,EN,Federal Contract Tower,0,30,12,0,42,0,0,17,2,19,0,30,29,2,61,38,6,44,105
09/09/2021,UNV,PA,AEA,EN,Federal Contract Tower,0,30,16,0,46,0,3,9,0,12,0,33,25,0,58,6,0,6,64
09/10/2021,UNV,PA,AEA,EN,Federal Contract Tower,2,31,22,0,55,0,3,31,10,44,2,34,53,10,99,78,0,78,177
09/11/2021,UNV,PA,AEA,EN,Federal Contract Tower,2,24,34,0,60,0,6,64,8,78,2,30,98,8,138,28,0,28,166
09/12/2021,UNV,PA,AEA,EN,Federal Contract Tower,0,21,17,0,38,0,7,27,0,34,0,28,44,0,72,30,0,30,102
09/13/2021,UNV,PA,AEA,EN,Federal Contract Tower,0,26,12,0,38,0,8,16,0,24,0,34,28,0,62,48,0,48,110
09/14/2021,UNV,PA,AEA,EN,Federal Contract Tower,0,28,10,0,38,0,13,27,0,40,0,41,37,0,78,76,0,76,154
09/15/2021,UNV,PA,AEA,EN,Federal Contract Tower,0,26,4,0,30,1,23,2,0,26,1,49,6,0,56,34,4,38,94
09/16/2021,UNV,PA,AEA,EN,Federal Contract Tower,0,35,22,0,57,0,2,11,0,13,0,37,33,0,70,28,0,28,98
09/17/2021,UNV,PA,AEA,EN,Federal Contract Tower,8,47,50,0,105,0,5,23,0,28,8,52,73,0,133,6,0,6,139
09/18/2021,UNV,PA,AEA,EN,Federal Contract Tower,2,53,59,0,114,0,9,47,0,56,2,62,106,0,170,14,0,14,184
09/19/2021,UNV,PA,AEA,EN,Federal Contract Tower,11,58,82,0,151,0,7,63,0,70,11,65,145,0,221,14,0,14,235
09/20/2021,UNV,PA,AEA,EN,Federal Contract Tower,0,30,10,3,43,0,7,39,0,46,0,37,49,3,89,70,0,70,159
09/21/2021,UNV,PA,AEA,EN,Federal Contract Tower,0,24,9,0,33,0,1,12,0,13,0,25,21,0,46,44,0,44,90
09/22/2021,UNV,PA,AEA,EN,Federal Contract Tower,0,24,3,0,27,0,0,0,0,0,0,24,3,0,27,0,0,0,27
09/23/2021,UNV,PA,AEA,EN,Federal Contract Tower,0,36,6,0,42,0,9,18,0,27,0,45,24,0,69,18,0,18,87
09/24/2021,UNV,PA,AEA,EN,Federal Contract Tower,0,39,17,0,56,0,4,74,0,78,0,43,91,0,134,56,0,56,190
09/25/2021,UNV,PA,AEA,EN,Federal Contract Tower,1,32,18,2,53,0,6,62,0,68,1,38,80,2,121,26,0,26,147
09/26/2021,UNV,PA,AEA,EN,Federal Contract Tower,1,27,13,0,41,1,3,50,0,54,2,30,63,0,95,44,0,44,139
09/27/2021,UNV,PA,AEA,EN,Federal Contract Tower,0,26,8,0,34,0,4,33,0,37,0,30,41,0,71,22,0,22,93
09/28/2021,UNV,PA,AEA,EN,Federal Contract Tower,0,32,7,0,39,0,1,5,2,8,0,33,12,2,47,0,0,0,47
09/30/2021,UNV,PA,AEA,EN,Federal Contract Tower,0,40,14,0,54,0,0,80,0,80,0,40,94,0,134,120,0,120,254
10/01/2021,UNV,PA,AEA,EN,Federal Contract Tower,2,47,18,0,67,0,8,74,4,86,2,55,92,4,153,80,0,80,233
10/02/2021,UNV,PA,AEA,EN,Federal Contract Tower,1,31,18,0,50,0,11,52,0,63,1,42,70,0,113,66,0,66,179
10/03/2021,UNV,PA,AEA,EN,Federal Contract Tower,1,34,20,0,55,0,0,22,0,22,1,34,42,0,77,20,0,20,97
10/04/2021,UNV,PA,AEA,EN,Federal Contract Tower,0,28,9,0,37,0,0,5,0,5,0,28,14,0,42,16,0,16,58
10/05/2021,UNV,PA,AEA,EN,Federal Contract Tower,0,25,15,2,42,0,6,12,0,18,0,31,27,2,60,28,0,28,88
10/06/2021,UNV,PA,AEA,EN,Federal Contract Tower,0,36,6,0,42,0,4,13,0,17,0,40,19,0,59,72,0,72,131
10/08/2021,UNV,PA,AEA,EN,Federal Contract Tower,4,37,25,2,68,0,2,16,0,18,4,39,41,2,86,48,0,48,134
10/09/2021,UNV,PA,AEA,EN,Federal Contract Tower,0,28,9,0,37,0,0,7,0,7,0,28,16,0,44,44,0,44,88
10/10/2021,UNV,PA,AEA,EN,Federal Contract Tower,2,26,21,0,49,0,2,0,0,2,2,28,21,0,51,0,0,0,51
10/11/2021,UNV,PA,AEA,EN,Federal Contract Tower,2,26,22,0,50,0,0,14,0,14,2,26,36,0,64,60,0,60,124
10/12/2021,UNV,PA,AEA,EN,Federal Contract Tower,0,31,11,2,44,0,0,22,0,22,0,31,33,2,66,232,0,232,298
10/13/2021,UNV,PA,AEA,EN,Federal Contract Tower,0,30,14,2,46,0,0,25,0,25,0,30,39,2,71,108,0,108,179
10/14/2021,UNV,PA,AEA,EN,Federal Contract Tower,0,28,9,2,39,0,4,97,0,101,0,32,106,2,140,120,0,120,260
10/15/2021,UNV,PA,AEA,EN,Federal Contract Tower,2,30,17,0,49,0,7,19,2,28,2,37,36,2,77,98,0,98,175
10/16/2021,UNV,PA,AEA,EN,Federal Contract Tower,0,25,8,0,33,0,0,6,0,6,0,25,14,0,39,0,0,0,39
10/17/2021,UNV,PA,AEA,EN,Federal Contract Tower,0,28,8,0,36,0,6,17,0,23,0,34,25,0,59,16,0,16,75
10/18/2021,UNV,PA,AEA,EN,Federal Contract Tower,2,29,10,0,41,0,12,23,0,35,2,41,33,0,76,38,0,38,114
10/19/2021,UNV,PA,AEA,EN,Federal Contract Tower,0,35,8,1,44,0,8,49,1,58,0,43,57,2,102,44,12,56,158
10/20/2021,UNV,PA,AEA,EN,Federal Contract Tower,0,26,9,1,36,0,7,82,1,90,0,33,91,2,126,84,12,96,222
10/21/2021,UNV,PA,AEA,EN,Federal Contract Tower,0,34,9,0,43,0,5,46,3,54,0,39,55,3,97,98,0,98,195
10/22/2021,UNV,PA,AEA,EN,Federal Contract Tower,3,35,32,2,72,0,3,46,0,49,3,38,78,2,121,104,0,104,225
10/23/2021,UNV,PA,AEA,EN,Federal Contract Tower,1,36,39,0,76,0,1,6,0,7,1,37,45,0,83,0,0,0,83
10/24/2021,UNV,PA,AEA,EN,Federal Contract Tower,2,37,21,0,60,0,6,31,0,37,2,43,52,0,97,56,0,56,153
10/25/2021,UNV,PA,AEA,EN,Federal Contract Tower,2,24,6,0,32,0,4,25,0,29,2,28,31,0,61,56,0,56,117
10/26/2021,UNV,PA,AEA,EN,Federal Contract Tower,0,28,3,2,33,0,1,0,0,1,0,29,3,2,34,0,0,0,34
10/27/2021,UNV,PA,AEA,EN,Federal Contract Tower,0,34,4,0,38,0,8,26,2,36,0,42,30,2,74,34,12,46,120
10/28/2021,UNV,PA,AEA,EN,Federal Contract Tower,5,27,11,0,43,0,0,49,2,51,5,27,60,2,94,84,4,88,182
10/29/2021,UNV,PA,AEA,EN,Federal Contract Tower,4,32,8,0,44,0,0,0,0,0,4,32,8,0,44,0,0,0,44
10/30/2021,UNV,PA,AEA,EN,Federal Contract Tower,0,24,8,0,32,0,0,0,0,0,0,24,8,0,32,0,0,0,32
10/31/2021,UNV,PA,AEA,EN,Federal Contract Tower,4,17,7,0,28,0,7,1,0,8,4,24,8,0,36,0,0,0,36
11/01/2021,UNV,PA,AEA,EN,Federal Contract Tower,2,20,10,0,32,0,2,37,0,39,2,22,47,0,71,66,0,66,137
11/02/2021,UNV,PA,AEA,EN,Federal Contract Tower,0,22,6,0,28,0,30,0,2,32,0,52,6,2,60,130,0,130,190
11/03/2021,UNV,PA,AEA,EN,Federal Contract Tower,0,25,16,0,41,0,8,33,2,43,0,33,49,2,84,120,0,120,204
11/04/2021,UNV,PA,AEA,EN,Federal Contract Tower,4,23,6,4,37,0,13,46,0,59,4,36,52,4,96,118,0,118,214
11/05/2021,UNV,PA,AEA,EN,Federal Contract Tower,2,26,14,0,42,0,0,50,0,50,2,26,64,0,92,124,0,124,216
11/06/2021,UNV,PA,AEA,EN,Federal Contract Tower,1,18,8,0,27,0,4,78,0,82,1,22,86,0,109,70,0,70,179
11/07/2021,UNV,PA,AEA,EN,Federal Contract Tower,2,20,12,0,34,0,9,50,0,59,2,29,62,0,93,16,6,22,115
11/08/2021,UNV,PA,AEA,EN,Federal Contract Tower,2,21,5,2,30,0,3,39,0,42,2,24,44,2,72,98,0,98,170
11/09/2021,UNV,PA,AEA,EN,Federal Contract Tower,0,21,6,0,27,0,8,38,2,48,0,29,44,2,75,36,0,36,111
11/10/2021,UNV,PA,AEA,EN,Federal Contract Tower,0,28,7,2,37,0,2,56,2,60,0,30,63,4,97,40,0,40,137
11/11/2021,UNV,PA,AEA,EN,Federal Contract Tower,2,32,14,0,48,0,0,35,0,35,2,32,49,0,83,62,0,62,145
11/12/2021,UNV,PA,AEA,EN,Federal Contract Tower,6,36,27,0,69,0,3,28,0,31,6,39,55,0,100,0,0,0,100
11/13/2021,UNV,PA,AEA,EN,Federal Contract Tower,5,43,45,0,93,0,6,12,0,18,5,49,57,0,111,4,0,4,115
11/14/2021,UNV,PA,AEA,EN,Federal Contract Tower,7,45,23,0,75,0,0,12,0,12,7,45,35,0,87,12,0,12,99
11/15/2021,UNV,PA,AEA,EN,Federal Contract Tower,2,20,10,0,32,0,4,11,0,15,2,24,21,0,47,0,0,0,47
11/16/2021,UNV,PA,AEA,EN,Federal Contract Tower,0,29,18,0,47,0,5,49,0,54,0,34,67,0,101,114,0,114,215
11/17/2021,UNV,PA,AEA,EN,Federal Contract Tower,2,25,11,0,38,0,4,41,0,45,2,29,52,0,83,66,0,66,149
11/18/2021,UNV,PA,AEA,EN,Federal Contract Tower,3,25,9,0,37,0,2,6,0,8,3,27,15,0,45,22,0,22,67
11/19/2021,UNV,PA,AEA,EN,Federal Contract Tower,3,27,23,1,54,0,2,20,3,25,3,29,43,4,79,26,0,26,105
11/20/2021,UNV,PA,AEA,EN,Federal Contract Tower,1,31,21,1,54,0,15,52,1,68,1,46,73,2,122,0,0,0,122
11/21/2021,UNV,PA,AEA,EN,Federal Contract Tower,2,21,13,4,40,0,2,16,0,18,2,23,29,4,58,0,0,0,58
11/22/2021,UNV,PA,AEA,EN,Federal Contract Tower,2,18,10,0,30,0,11,10,0,21,2,29,20,0,51,0,0,0,51
11/23/2021,UNV,PA,AEA,EN,Federal Contract Tower,2,24,11,0,37,0,5,8,2,15,2,29,19,2,52,12,0,12,64
11/24/2021,UNV,PA,AEA,EN,Federal Contract Tower,2,21,13,0,36,0,1,58,0,59,2,22,71,0,95,30,0,30,125
11/25/2021,UNV,PA,AEA,EN,Federal Contract Tower,1,8,3,0,12,0,4,13,0,17,1,12,16,0,29,0,0,0,29
11/26/2021,UNV,PA,AEA,EN,Federal Contract Tower,2,19,3,0,24,0,1,0,0,1,2,20,3,0,25,0,0,0,25
11/27/2021,UNV,PA,AEA,EN,Federal Contract Tower,4,18,8,0,30,0,2,17,0,19,4,20,25,0,49,18,0,18,67
11/28/2021,UNV,PA,AEA,EN,Federal Contract Tower,4,21,13,0,38,0,1,4,0,5,4,22,17,0,43,0,0,0,43
11/29/2021,UNV,PA,AEA,EN,Federal Contract Tower,0,25,11,0,36,0,2,14,0,16,0,27,25,0,52,48,0,48,100
11/30/2021,UNV,PA,AEA,EN,Federal Contract Tower,2,23,2,0,27,0,2,15,0,17,2,25,17,0,44,50,0,50,94
12/01/2021,UNV,PA,AEA,EN,Federal Contract Tower,1,25,9,0,35,0,0,34,2,36,1,25,43,2,71,82,2,84,155
12/02/2021,UNV,PA,AEA,EN,Federal Contract Tower,2,25,10,0,37,0,2,8,0,10,2,27,18,0,47,16,0,16,63
12/03/2021,UNV,PA,AEA,EN,Federal Contract Tower,2,27,5,0,34,0,3,31,0,34,2,30,36,0,68,120,0,120,188
12/04/2021,UNV,PA,AEA,EN,Federal Contract Tower,3,26,14,0,43,0,6,59,0,65,3,32,73,0,108,100,0,100,208
12/05/2021,UNV,PA,AEA,EN,Federal Contract Tower,0,20,10,0,30,0,1,55,0,56,0,21,65,0,86,44,0,44,130
12/06/2021,UNV,PA,AEA,EN,Federal Contract Tower,2,19,8,0,29,0,3,0,0,3,2,22,8,0,32,0,0,0,32
12/07/2021,UNV,PA,AEA,EN,Federal Contract Tower,0,32,6,0,38,0,4,35,2,41,0,36,41,2,79,80,0,80,159
12/08/2021,UNV,PA,AEA,EN,Federal Contract Tower,0,24,8,0,32,0,2,8,0,10,0,26,16,0,42,36,0,36,78
12/09/2021,UNV,PA,AEA,EN,Federal Contract Tower,1,25,14,0,40,0,7,53,0,60,1,32,67,0,100,84,0,84,184
12/10/2021,UNV,PA,AEA,EN,Federal Contract Tower,2,26,12,0,40,0,6,34,0,40,2,32,46,0,80,82,0,82,162
12/11/2021,UNV,PA,AEA,EN,Federal Contract Tower,2,15,4,0,21,0,0,2,0,2,2,15,6,0,23,0,0,0,23
12/12/2021,UNV,PA,AEA,EN,Federal Contract Tower,1,17,10,0,28,0,5,37,0,42,1,22,47,0,70,26,0,26,96
12/13/2021,UNV,PA,AEA,EN,Federal Contract Tower,2,21,6,0,29,0,2,41,0,43,2,23,47,0,72,32,0,32,104
12/14/2021,UNV,PA,AEA,EN,Federal Contract Tower,0,21,11,0,32,0,4,69,0,73,0,25,80,0,105,38,0,38,143
12/15/2021,UNV,PA,AEA,EN,Federal Contract Tower,0,24,5,0,29,0,4,40,2,46,0,28,45,2,75,88,0,88,163
12/16/2021,UNV,PA,AEA,EN,Federal Contract Tower,0,24,8,0,32,0,7,42,2,51,0,31,50,2,83,102,0,102,185
12/17/2021,UNV,PA,AEA,EN,Federal Contract Tower,1,27,7,0,35,0,4,33,0,37,1,31,40,0,72,72,0,72,144
12/18/2021,UNV,PA,AEA,EN,Federal Contract Tower,0,18,6,0,24,0,0,0,0,0,0,18,6,0,24,0,0,0,24
12/19/2021,UNV,PA,AEA,EN,Federal Contract Tower,0,17,4,0,21,0,4,8,2,14,0,21,12,2,35,2,0,2,37
12/20/2021,UNV,PA,AEA,EN,Federal Contract Tower,2,21,12,3,38,0,7,67,1,75,2,28,79,4,113,104,0,104,217
12/21/2021,UNV,PA,AEA,EN,Federal Contract Tower,0,25,7,3,35,0,2,54,5,61,0,27,61,8,96,120,12,132,228
12/22/2021,UNV,PA,AEA,EN,Federal Contract Tower,0,25,2,0,27,0,0,4,0,4,0,25,6,0,31,8,0,8,39
12/23/2021,UNV,PA,AEA,EN,Federal Contract Tower,0,26,13,0,39,0,7,36,0,43,0,33,49,0,82,118,0,118,200
12/24/2021,UNV,PA,AEA,EN,Federal Contract Tower,2,19,4,0,25,0,6,23,0,29,2,25,27,0,54,4,0,4,58
12/25/2021,UNV,PA,AEA,EN,Federal Contract Tower,4,15,0,0,19,0,3,2,0,5,4,18,2,0,24,0,0,0,24
12/26/2021,UNV,PA,AEA,EN,Federal Contract Tower,0,17,10,0,27,0,5,14,0,19,0,22,24,0,46,2,0,2,48
12/27/2021,UNV,PA,AEA,EN,Federal Contract Tower,2,18,6,0,26,0,0,0,0,0,2,18,6,0,26,0,0,0,26
12/28/2021,UNV,PA,AEA,EN,Federal Contract Tower,0,27,5,0,32,0,0,25,0,25,0,27,30,0,57,26,0,26,83
12/29/2021,UNV,PA,AEA,EN,Federal Contract Tower,0,24,9,0,33,0,2,12,0,14,0,26,21,0,47,50,0,50,97
12/30/2021,UNV,PA,AEA,EN,Federal Contract Tower,0,23,8,0,31,0,0,0,0,0,0,23,8,0,31,0,0,0,31
12/31/2021,UNV,PA,AEA,EN,Federal Contract Tower,1,17,5,0,23,0,1,24,0,25,1,18,29,0,48,34,0,34,82
01/01/2022,UNV,PA,AEA,EN,Federal Contract Tower,5,12,4,0,21,0,0,2,0,2,5,12,6,0,23,14,0,14,37
01/02/2022,UNV,PA,AEA,EN,Federal Contract Tower,1,17,10,0,28,0,0,0,0,0,1,17,10,0,28,0,0,0,28
01/03/2022,UNV,PA,AEA,EN,Federal Contract Tower,2,17,1,0,20,0,0,15,4,19,2,17,16,4,39,22,0,22,61
01/04/2022,UNV,PA,AEA,EN,Federal Contract Tower,2,18,10,0,30,0,0,43,0,43,2,18,53,0,73,10,0,10,83
01/05/2022,UNV,PA,AEA,EN,Federal Contract Tower,0,19,2,0,21,0,2,25,0,27,0,21,27,0,48,18,0,18,66
01/06/2022,UNV,PA,AEA,EN,Federal Contract Tower,1,18,1,0,20,0,6,18,6,30,1,24,19,6,50,40,0,40,90
01/07/2022,UNV,PA,AEA,EN,Federal Contract Tower,3,19,1,0,23,0,2,2,0,4,3,21,3,0,27,0,0,0,27
01/08/2022,UNV,PA,AEA,EN,Federal Contract Tower,1,12,13,0,26,0,2,60,0,62,1,14,73,0,88,80,0,80,168
01/09/2022,UNV,PA,AEA,EN,Federal Contract Tower,0,10,3,0,13,0,0,0,0,0,0,10,3,0,13,0,0,0,13
01/10/2022,UNV,PA,AEA,EN,Federal Contract Tower,2,16,2,2,22,0,2,2,0,4,2,18,4,2,26,2,0,2,28
01/11/2022,UNV,PA,AEA,EN,Federal Contract Tower,0,22,4,1,27,0,0,38,3,41,0,22,42,4,68,78,6,84,152
01/12/2022,UNV,PA,AEA,EN,Federal Contract Tower,5,16,10,2,33,0,8,45,2,55,5,24,55,4,88,102,0,102,190
01/13/2022,UNV,PA,AEA,EN,Federal Contract Tower,2,21,3,0,26,0,31,0,0,31,2,52,3,0,57,34,0,34,91
01/14/2022,UNV,PA,AEA,EN,Federal Contract Tower,3,20,6,0,29,0,2,5,0,7,3,22,11,0,36,18,0,18,54
01/15/2022,UNV,PA,AEA,EN,Federal Contract Tower,3,13,14,0,30,0,0,36,2,38,3,13,50,2,68,16,0,16,84
01/16/2022,UNV,PA,AEA,EN,Federal Contract Tower,3,13,3,0,19,0,0,12,0,12,3,13,15,0,31,16,0,16,47
01/17/2022,UNV,PA,AEA,EN,Federal Contract Tower,2,5,5,0,12,0,2,0,0,2,2,7,5,0,14,0,0,0,14
01/18/2022,UNV,PA,AEA,EN,Federal Contract Tower,1,16,7,2,26,0,2,2,2,6,1,18,9,4,32,16,0,16,48
01/19/2022,UNV,PA,AEA,EN,Federal Contract Tower,1,21,3,0,25,0,5,29,0,34,1,26,32,0,59,38,0,38,97
01/20/2022,UNV,PA,AEA,EN,Federal Contract Tower,5,17,11,0,33,0,8,24,1,33,5,25,35,1,66,28,0,28,94
01/21/2022,UNV,PA,AEA,EN,Federal Contract Tower,3,19,7,0,29,0,2,29,1,32,3,21,36,1,61,36,0,36,97
01/22/2022,UNV,PA,AEA,EN,Federal Contract Tower,2,11,12,0,25,0,1,34,0,35,2,12,46,0,60,22,0,22,82
01/23/2022,UNV,PA,AEA,EN,Federal Contract Tower,2,14,5,0,21,0,2,6,0,8,2,16,11,0,29,0,0,0,29
01/24/2022,UNV,PA,AEA,EN,Federal Contract Tower,2,17,4,0,23,0,0,10,0,10,2,17,14,0,33,8,0,8,41
01/25/2022,UNV,PA,AEA,EN,Federal Contract Tower,2,20,5,0,27,0,8,7,0,15,2,28,12,0,42,0,0,0,42
01/26/2022,UNV,PA,AEA,EN,Federal Contract Tower,2,21,3,0,26,0,3,31,0,34,2,24,34,0,60,50,0,50,110
01/27/2022,UNV,PA,AEA,EN,Federal Contract Tower,0,20,5,0,25,0,3,46,0,49,0,23,51,0,74,50,0,50,124
01/28/2022,UNV,PA,AEA,EN,Federal Contract Tower,2,28,5,0,35,0,0,0,0,0,2,28,5,0,35,0,0,0,35
01/29/2022,UNV,PA,AEA,EN,Federal Contract Tower,0,15,10,0,25,0,2,15,0,17,0,17,25,0,42,4,0,4,46
01/30/2022,UNV,PA,AEA,EN,Federal Contract Tower,1,14,9,0,24,0,4,27,3,34,1,18,36,3,58,24,0,24,82
01/31/2022,UNV,PA,AEA,EN,Federal Contract Tower,2,18,3,0,23,0,13,30,3,46,2,31,33,3,69,46,0,46,115
02/01/2022,UNV,PA,AEA,EN,Federal Contract Tower,0,17,11,0,28,0,0,39,6,45,0,17,50,6,73,26,0,26,99
02/02/2022,UNV,PA,AEA,EN,Federal Contract Tower,2,26,6,0,34,0,4,43,0,47,2,30,49,0,81,62,0,62,143
02/03/2022,UNV,PA,AEA,EN,Federal Contract Tower,0,7,4,0,11,0,0,0,0,0,0,7,4,0,11,0,0,0,11
02/04/2022,UNV,PA,AEA,EN,Federal Contract Tower,0,8,8,0,16,0,0,0,0,0,0,8,8,0,16,0,0,0,16
02/05/2022,UNV,PA,AEA,EN,Federal Contract Tower,6,15,11,0,32,0,5,21,2,28,6,20,32,2,60,32,0,32,92
02/06/2022,UNV,PA,AEA,EN,Federal Contract Tower,4,14,13,0,31,0,0,62,0,62,4,14,75,0,93,52,0,52,145
02/07/2022,UNV,PA,AEA,EN,Federal Contract Tower,3,17,6,0,26,0,1,35,3,39,3,18,41,3,65,98,0,98,163
02/08/2022,UNV,PA,AEA,EN,Federal Contract Tower,0,26,6,0,32,0,1,6,5,12,0,27,12,5,44,6,0,6,50
02/09/2022,UNV,PA,AEA,EN,Federal Contract Tower,0,20,10,0,30,0,4,24,0,28,0,24,34,0,58,38,0,38,96
02/10/2022,UNV,PA,AEA,EN,Federal Contract Tower,0,17,3,0,20,0,5,1,0,6,0,22,4,0,26,0,0,0,26
02/11/2022,UNV,PA,AEA,EN,Federal Contract Tower,4,23,6,0,33,0,3,34,2,39,4,26,40,2,72,62,0,62,134
02/12/2022,UNV,PA,AEA,EN,Federal Contract Tower,0,13,3,0,16,0,5,6,6,17,0,18,9,6,33,10,0,10,43
02/13/2022,UNV,PA,AEA,EN,Federal Contract Tower,1,15,6,0,22,0,8,27,0,35,1,23,33,0,57,38,0,38,95
02/14/2022,UNV,PA,AEA,EN,Federal Contract Tower,4,20,4,0,28,0,3,24,0,27,4,23,28,0,55,88,0,88,143
02/15/2022,UNV,PA,AEA,EN,Federal Contract Tower,2,16,9,1,28,0,1,54,2,57,2,17,63,3,85,118,8,126,211
02/16/2022,UNV,PA,AEA,EN,Federal Contract Tower,6,18,2,0,26,0,0,31,0,31,6,18,33,0,57,24,0,24,81
02/17/2022,UNV,PA,AEA,EN,Federal Contract Tower,1,25,1,0,27,0,0,0,0,0,1,25,1,0,27,0,0,0,27
02/18/2022,UNV,PA,AEA,EN,Federal Contract Tower,0,22,8,0,30,0,0,3,0,3,0,22,11,0,33,0,0,0,33
02/19/2022,UNV,PA,AEA,EN,Federal Contract Tower,3,19,9,0,31,0,3,1,0,4,3,22,10,0,35,0,0,0,35
02/20/2022,UNV,PA,AEA,EN,Federal Contract Tower,0,13,13,0,26,0,4,45,0,49,0,17,58,0,75,58,0,58,133
02/21/2022,UNV,PA,AEA,EN,Federal Contract Tower,0,18,4,0,22,0,4,62,0,66,0,22,66,0,88,32,0,32,120
02/22/2022,UNV,PA,AEA,EN,Federal Contract Tower,2,21,5,0,28,0,0,0,0,0,2,21,5,0,28,0,0,0,28
02/23/2022,UNV,PA,AEA,EN,Federal Contract Tower,2,23,11,0,36,0,0,5,0,5,2,23,16,0,41,6,0,6,47
02/24/2022,UNV,PA,AEA,EN,Federal Contract Tower,2,19,9,0,30,0,4,25,0,29,2,23,34,0,59,72,0,72,131
02/25/2022,UNV,PA,AEA,EN,Federal Contract Tower,0,20,3,0,23,0,3,0,0,3,0,23,3,0,26,0,0,0,26
02/26/2022,UNV,PA,AEA,EN,Federal Contract Tower,4,22,10,0,36,0,4,36,0,40,4,26,46,0,76,68,0,68,144
02/27/2022,UNV,PA,AEA,EN,Federal Contract Tower,3,16,5,0,24,0,4,5,0,9,3,20,10,0,33,0,0,0,33
02/28/2022,UNV,PA,AEA,EN,Federal Contract Tower,0,20,6,0,26,0,2,68,0,70,0,22,74,0,96,102,0,102,198
03/01/2022,UNV,PA,AEA,EN,Federal Contract Tower,0,17,4,0,21,0,2,23,0,25,0,19,27,0,46,78,0,78,124
03/02/2022,UNV,PA,AEA,EN,Federal Contract Tower,4,20,5,3,32,0,4,56,1,61,4,24,61,4,93,64,0,64,157
03/03/2022,UNV,PA,AEA,EN,Federal Contract Tower,0,23,8,0,31,0,5,16,2,23,0,28,24,2,54,40,0,40,94
03/04/2022,UNV,PA,AEA,EN,Federal Contract Tower,3,20,23,0,46,0,2,73,0,75,3,22,96,0,121,106,0,106,227
03/05/2022,UNV,PA,AEA,EN,Federal Contract Tower,4,13,3,0,20,0,2,34,0,36,4,15,37,0,56,62,0,62,118
03/06/2022,UNV,PA,AEA,EN,Federal Contract Tower,6,12,0,0,18,0,0,3,0,3,6,12,3,0,21,18,0,18,39
03/07/2022,UNV,PA,AEA,EN,Federal Contract Tower,3,10,6,0,19,0,0,0,0,0,3,10,6,0,19,0,0,0,19
03/08/2022,UNV,PA,AEA,EN,Federal Contract Tower,6,16,1,0,23,0,4,34,4,42,6,20,35,4,65,18,2,20,85
03/09/2022,UNV,PA,AEA,EN,Federal Contract Tower,6,14,5,0,25,0,0,0,0,0,6,14,5,0,25,0,0,0,25
03/10/2022,UNV,PA,AEA,EN,Federal Contract Tower,4,17,5,0,26,0,7,27,0,34,4,24,32,0,60,40,0,40,100
03/11/2022,UNV,PA,AEA,EN,Federal Contract Tower,6,18,17,0,41,0,5,31,0,36,6,23,48,0,77,30,0,30,107
03/12/2022,UNV,PA,AEA,EN,Federal Contract Tower,2,10,1,0,13,0,0,1,0,1,2,10,2,0,14,0,0,0,14
03/13/2022,UNV,PA,AEA,EN,Federal Contract Tower,7,11,11,0,29,0,3,10,0,13,7,14,21,0,42,0,0,0,42
03/14/2022,UNV,PA,AEA,EN,Federal Contract Tower,4,17,8,0,29,0,0,35,0,35,4,17,43,0,64,60,0,60,124
03/15/2022,UNV,PA,AEA,EN,Federal Contract Tower,6,17,3,2,28,0,2,23,2,27,6,19,26,4,55,54,8,62,117
03/16/2022,UNV,PA,AEA,EN,Federal Contract Tower,7,16,8,2,33,0,4,69,0,73,7,20,77,2,106,24,0,24,130
03/17/2022,UNV,PA,AEA,EN,Federal Contract Tower,6,22,14,4,46,0,0,16,4,20,6,22,30,8,66,32,12,44,110
03/18/2022,UNV,PA,AEA,EN,Federal Contract Tower,5,29,19,0,53,0,3,51,4,58,5,32,70,4,111,54,4,58,169
03/19/2022,UNV,PA,AEA,EN,Federal Contract Tower,2,15,6,0,23,0,7,25,0,32,2,22,31,0,55,46,0,46,101
03/20/2022,UNV,PA,AEA,EN,Federal Contract Tower,4,20,10,0,34,0,0,9,0,9,4,20,19,0,43,0,0,0,43
03/21/2022,UNV,PA,AEA,EN,Federal Contract Tower,4,15,10,0,29,0,4,28,2,34,4,19,38,2,63,20,0,20,83
03/22/2022,UNV,PA,AEA,EN,Federal Contract Tower,4,14,9,0,27,0,14,57,2,73,4,28,66,2,100,100,0,100,200
03/23/2022,UNV,PA,AEA,EN,Federal Contract Tower,6,16,6,0,28,0,0,3,0,3,6,16,9,0,31,4,0,4,35
03/24/2022,UNV,PA,AEA,EN,Federal Contract Tower,4,19,11,0,34,0,2,24,0,26,4,21,35,0,60,100,0,100,160
03/25/2022,UNV,PA,AEA,EN,Federal Contract Tower,6,18,20,0,44,0,4,37,0,41,6,22,57,0,85,114,0,114,199
03/26/2022,UNV,PA,AEA,EN,Federal Contract Tower,0,13,0,0,13,0,0,5,0,5,0,13,5,0,18,4,0,4,22
03/27/2022,UNV,PA,AEA,EN,Federal Contract Tower,7,15,5,0,27,0,0,3,0,3,7,15,8,0,30,0,0,0,30
03/28/2022,UNV,PA,AEA,EN,Federal Contract Tower,3,17,2,0,22,0,2,0,0,2,3,19,2,0,24,0,0,0,24
03/29/2022,UNV,PA,AEA,EN,Federal Contract Tower,2,17,9,0,28,0,6,37,0,43,2,23,46,0,71,6,0,6,77
03/30/2022,UNV,PA,AEA,EN,Federal Contract Tower,8,13,7,0,28,0,2,24,1,27,8,15,31,1,55,32,0,32,87
03/31/2022,UNV,PA,AEA,EN,Federal Contract Tower,5,23,4,0,32,0,0,0,0,0,5,23,4,0,32,0,0,0,32
04/01/2022,UNV,PA,AEA,EN,Federal Contract Tower,2,22,5,1,30,0,4,1,0,5,2,26,6,1,35,0,0,0,35
04/02/2022,UNV,PA,AEA,EN,Federal Contract Tower,0,13,9,0,22,0,2,88,2,92,0,15,97,2,114,96,0,96,210
04/03/2022,UNV,PA,AEA,EN,Federal Contract Tower,5,18,3,0,26,0,2,0,0,2,5,20,3,0,28,0,0,0,28
04/04/2022,UNV,PA,AEA,EN,Federal Contract Tower,3,13,14,0,30,0,7,60,2,69,3,20,74,2,99,122,0,122,221
04/05/2022,UNV,PA,AEA,EN,Federal Contract Tower,3,22,9,0,34,0,5,32,0,37,3,27,41,0,71,134,0,134,205
04/06/2022,UNV,PA,AEA,EN,Federal Contract Tower,8,23,18,0,49,0,0,0,0,0,8,23,18,0,49,0,0,0,49
04/07/2022,UNV,PA,AEA,EN,Federal Contract Tower,2,18,11,7,38,0,0,3,2,5,2,18,14,9,43,0,2,2,45
04/08/2022,UNV,PA,AEA,EN,Federal Contract Tower,4,25,12,0,41,0,8,43,4,55,4,33,55,4,96,82,2,84,180
04/09/2022,UNV,PA,AEA,EN,Federal Contract Tower,2,19,5,0,26,0,7,19,0,26,2,26,24,0,52,52,0,52,104
04/10/2022,UNV,PA,AEA,EN,Federal Contract Tower,3,14,12,0,29,0,9,2,0,11,3,23,14,0,40,2,0,2,42
04/11/2022,UNV,PA,AEA,EN,Federal Contract Tower,3,17,4,0,24,0,0,47,10,57,3,17,51,10,81,60,0,60,141
04/12/2022,UNV,PA,AEA,EN,Federal Contract Tower,3,23,10,2,38,0,3,62,0,65,3,26,72,2,103,110,0,110,213
04/13/2022,UNV,PA,AEA,EN,Federal Contract Tower,5,21,5,2,33,0,9,48,4,61,5,30,53,6,94,82,6,88,182
04/14/2022,UNV,PA,AEA,EN,Federal Contract Tower,4,27,12,2,45,0,1,18,24,43,4,28,30,26,88,24,0,24,112
04/15/2022,UNV,PA,AEA,EN,Federal Contract Tower,3,17,13,0,33,0,5,48,0,53,3,22,61,0,86,76,0,76,162
04/16/2022,UNV,PA,AEA,EN,Federal Contract Tower,2,18,5,0,25,0,0,8,0,8,2,18,13,0,33,0,0,0,33
04/17/2022,UNV,PA,AEA,EN,Federal Contract Tower,2,13,12,0,27,0,0,23,0,23,2,13,35,0,50,4,0,4,54
04/18/2022,UNV,PA,AEA,EN,Federal Contract Tower,3,17,14,0,34,0,2,14,0,16,3,19,28,0,50,20,0,20,70
04/19/2022,UNV,PA,AEA,EN,Federal Contract Tower,3,23,3,0,29,0,2,0,2,4,3,25,3,2,33,0,0,0,33
04/20/2022,UNV,PA,AEA,EN,Federal Contract Tower,5,26,3,0,34,0,1,62,2,65,5,27,65,2,99,118,0,118,217
04/21/2022,UNV,PA,AEA,EN,Federal Contract Tower,5,28,15,2,50,0,0,0,0,0,5,28,15,2,50,0,0,0,50
04/22/2022,UNV,PA,AEA,EN,Federal Contract Tower,3,23,16,0,42,0,3,100,6,109,3,26,116,6,151,190,0,190,341
04/23/2022,UNV,PA,AEA,EN,Federal Contract Tower,2,20,14,0,36,0,0,44,0,44,2,20,58,0,80,118,0,118,198
04/24/2022,UNV,PA,AEA,EN,Federal Contract Tower,3,18,26,0,47,0,1,97,0,98,3,19,123,0,145,58,0,58,203
04/25/2022,UNV,PA,AEA,EN,Federal Contract Tower,3,18,6,0,27,0,4,42,2,48,3,22,48,2,75,170,0,170,245
04/26/2022,UNV,PA,AEA,EN,Federal Contract Tower,3,24,7,0,34,0,2,3,0,5,3,26,10,0,39,42,0,42,81
04/27/2022,UNV,PA,AEA,EN,Federal Contract Tower,7,19,6,0,32,0,5,0,0,5,7,24,6,0,37,0,0,0,37
04/28/2022,UNV,PA,AEA,EN,Federal Contract Tower,3,21,9,1,34,0,8,25,0,33,3,29,34,1,67,64,0,64,131
04/29/2022,UNV,PA,AEA,EN,Federal Contract Tower,5,21,17,0,43,0,2,61,4,67,5,23,78,4,110,100,0,100,210
04/30/2022,UNV,PA,AEA,EN,Federal Contract Tower,4,21,5,0,30,0,4,53,0,57,4,25,58,0,87,48,0,48,135
05/01/2022,UNV,PA,AEA,EN,Federal Contract Tower,3,12,11,0,26,0,1,14,0,15,3,13,25,0,41,46,0,46,87
05/02/2022,UNV,PA,AEA,EN,Federal Contract Tower,3,17,6,0,26,0,1,19,0,20,3,18,25,0,46,34,0,34,80
05/03/2022,UNV,PA,AEA,EN,Federal Contract Tower,2,23,5,1,31,0,10,33,3,46,2,33,38,4,77,80,4,84,161
05/04/2022,UNV,PA,AEA,EN,Federal Contract Tower,5,29,14,0,48,0,0,7,0,7,5,29,21,0,55,2,0,2,57
05/05/2022,UNV,PA,AEA,EN,Federal Contract Tower,3,18,18,0,39,0,2,72,0,74,3,20,90,0,113,70,0,70,183
05/06/2022,UNV,PA,AEA,EN,Federal Contract Tower,3,22,17,0,42,0,0,0,0,0,3,22,17,0,42,0,0,0,42
05/07/2022,UNV,PA,AEA,EN,Federal Contract Tower,9,23,9,0,41,0,2,0,0,2,9,25,9,0,43,0,0,0,43
05/08/2022,UNV,PA,AEA,EN,Federal Contract Tower,4,13,19,0,36,0,2,49,0,51,4,15,68,0,87,46,0,46,133
05/09/2022,UNV,PA,AEA,EN,Federal Contract Tower,3,15,14,0,32,0,12,64,2,78,3,27,78,2,110,118,0,118,228
05/10/2022,UNV,PA,AEA,EN,Federal Contract Tower,3,20,5,0,28,0,20,61,6,87,3,40,66,6,115,114,0,114,229
05/11/2022,UNV,PA,AEA,EN,Federal Contract Tower,5,20,14,2,41,0,10,56,9,75,5,30,70,11,116,26,4,30,146
05/12/2022,UNV,PA,AEA,EN,Federal Contract Tower,3,21,15,2,41,0,4,67,0,71,3,25,82,2,112,122,0,122,234
05/13/2022,UNV,PA,AEA,EN,Federal Contract Tower,1,16,26,0,43,0,1,13,0,14,1,17,39,0,57,74,0,74,131
05/14/2022,UNV,PA,AEA,EN,Federal Contract Tower,7,14,4,0,25,0,2,13,0,15,7,16,17,0,40,42,0,42,82
05/15/2022,UNV,PA,AEA,EN,Federal Contract Tower,5,12,16,0,33,0,0,23,0,23,5,12,39,0,56,60,0,60,116
05/16/2022,UNV,PA,AEA,EN,Federal Contract Tower,4,15,0,0,19,0,3,8,2,13,4,18,8,2,32,0,0,0,32
05/17/2022,UNV,PA,AEA,EN,Federal Contract Tower,3,15,4,0,22,0,12,15,0,27,3,27,19,0,49,20,0,20,69
05/18/2022,UNV,PA,AEA,EN,Federal Contract Tower,2,24,9,0,35,0,2,57,2,61,2,26,66,2,96,86,0,86,182
05/19/2022,UNV,PA,AEA,EN,Federal Contract Tower,5,16,17,0,38,0,2,17,0,19,5,18,34,0,57,6,0,6,63
05/20/2022,UNV,PA,AEA,EN,Federal Contract Tower,5,22,10,0,37,0,4,19,0,23,5,26,29,0,60,98,0,98,158
05/21/2022,UNV,PA,AEA,EN,Federal Contract Tower,3,14,5,0,22,0,4,63,0,67,3,18,68,0,89,34,0,34,123
05/22/2022,UNV,PA,AEA,EN,Federal Contract Tower,7,10,7,0,24,0,3,21,2,26,7,13,28,2,50,32,0,32,82
05/23/2022,UNV,PA,AEA,EN,Federal Contract Tower,3,23,18,2,46,0,4,31,0,35,3,27,49,2,81,110,0,110,191
05/24/2022,UNV,PA,AEA,EN,Federal Contract Tower,3,15,12,0,30,0,4,49,0,53,3,19,61,0,83,216,0,216,299
05/25/2022,UNV,PA,AEA,EN,Federal Contract Tower,2,27,8,0,37,0,10,38,2,50,2,37,46,2,87,70,0,70,157
05/26/2022,UNV,PA,AEA,EN,Federal Contract Tower,4,22,22,0,48,0,0,19,0,19,4,22,41,0,67,52,0,52,119
05/27/2022,UNV,PA,AEA,EN,Federal Contract Tower,4,16,13,0,33,0,5,7,0,12,4,21,20,0,45,6,0,6,51
05/28/2022,UNV,PA,AEA,EN,Federal Contract Tower,3,12,12,0,27,0,2,17,0,19,3,14,29,0,46,112,0,112,158
05/29/2022,UNV,PA,AEA,EN,Federal Contract Tower,5,12,7,0,24,5,86,0,0,91,10,98,7,0,115,98,0,98,213
05/30/2022,UNV,PA,AEA,EN,Federal Contract Tower,3,9,13,0,25,0,4,47,0,51,3,13,60,0,76,56,0,56,132
05/31/2022,UNV,PA,AEA,EN,Federal Contract Tower,3,14,9,0,26,0,6,37,0,43,3,20,46,0,69,86,0,86,155
06/01/2022,UNV,PA,AEA,EN,Federal Contract Tower,4,17,7,0,28,0,9,41,0,50,4,26,48,0,78,42,0,42,120
06/02/2022,UNV,PA,AEA,EN,Federal Contract Tower,2,21,16,0,39,0,2,10,0,12,2,23,26,0,51,46,0,46,97
06/03/2022,UNV,PA,AEA,EN,Federal Contract Tower,2,24,14,0,40,0,11,58,0,69,2,35,72,0,109,44,0,44,153
06/04/2022,UNV,PA,AEA,EN,Federal Contract Tower,3,21,13,0,37,0,7,45,0,52,3,28,58,0,89,84,0,84,173
06/05/2022,UNV,PA,AEA,EN,Federal Contract Tower,3,13,11,0,27,0,6,63,0,69,3,19,74,0,96,86,0,86,182
06/06/2022,UNV,PA,AEA,EN,Federal Contract Tower,3,14,9,2,28,0,0,34,3,37,3,14,43,5,65,114,14,128,193
06/07/2022,UNV,PA,AEA,EN,Federal Contract Tower,3,16,15,2,36,0,2,13,0,15,3,18,28,2,51,8,0,8,59
06/08/2022,UNV,PA,AEA,EN,Federal Contract Tower,4,15,13,1,33,0,4,52,3,59,4,19,65,4,92,138,2,140,232
06/09/2022,UNV,PA,AEA,EN,Federal Contract Tower,3,20,10,2,35,0,10,16,4,30,3,30,26,6,65,36,4,40,105
06/10/2022,UNV,PA,AEA,EN,Federal Contract Tower,3,19,5,0,27,0,1,53,2,56,3,20,58,2,83,146,2,148,231
06/11/2022,UNV,PA,AEA,EN,Federal Contract Tower,3,12,12,0,27,0,1,56,0,57,3,13,68,0,84,62,0,62,146
06/12/2022,UNV,PA,AEA,EN,Federal Contract Tower,3,24,13,2,42,0,0,8,0,8,3,24,21,2,50,30,0,30,80
06/13/2022,UNV,PA,AEA,EN,Federal Contract Tower,3,12,10,1,26,0,2,36,6,44,3,14,46,7,70,72,2,74,144
06/14/2022,UNV,PA,AEA,EN,Federal Contract Tower,3,17,15,0,35,0,5,25,4,34,3,22,40,4,69,90,8,98,167
06/15/2022,UNV,PA,AEA,EN,Federal Contract Tower,3,17,10,0,30,0,9,56,7,72,3,26,66,7,102,48,4,52,154
06/16/2022,UNV,PA,AEA,EN,Federal Contract Tower,6,20,9,0,35,0,4,7,0,11,6,24,16,0,46,48,0,48,94
06/17/2022,UNV,PA,AEA,EN,Federal Contract Tower,3,19,10,0,32,0,12,4,0,16,3,31,14,0,48,0,0,0,48
06/18/2022,UNV,PA,AEA,EN,Federal Contract Tower,3,12,8,0,23,0,4,3,0,7,3,16,11,0,30,0,0,0,30
06/19/2022,UNV,PA,AEA,EN,Federal Contract Tower,3,11,16,0,30,0,5,15,0,20,3,16,31,0,50,0,0,0,50
06/20/2022,UNV,PA,AEA,EN,Federal Contract Tower,3,16,16,2,37,0,7,61,0,68,3,23,77,2,105,96,0,96,201
06/21/2022,UNV,PA,AEA,EN,Federal Contract Tower,3,14,6,0,23,0,3,51,0,54,3,17,57,0,77,52,0,52,129
06/22/2022,UNV,PA,AEA,EN,Federal Contract Tower,1,16,7,0,24,0,10,24,0,34,1,26,31,0,58,34,0,34,92
06/23/2022,UNV,PA,AEA,EN,Federal Contract Tower,3,19,15,0,37,0,5,32,2,39,3,24,47,2,76,82,0,82,158
06/24/2022,UNV,PA,AEA,EN,Federal Contract Tower,2,18,24,0,44,0,4,49,0,53,2,22,73,0,97,42,0,42,139
06/25/2022,UNV,PA,AEA,EN,Federal Contract Tower,1,14,13,0,28,0,2,72,0,74,1,16,85,0,102,96,0,96,198
06/26/2022,UNV,PA,AEA,EN,Federal Contract Tower,3,12,11,0,26,0,5,29,0,34,3,17,40,0,60,56,0,56,116
06/27/2022,UNV,PA,AEA,EN,Federal Contract Tower,3,15,13,0,31,0,5,21,2,28,3,20,34,2,59,16,2,18,77
06/28/2022,UNV,PA,AEA,EN,Federal Contract Tower,3,15,3,0,21,0,7,50,2,59,3,22,53,2,80,30,16,46,126
06/29/2022,UNV,PA,AEA,EN,Federal Contract Tower,3,18,10,5,36,0,5,44,4,53,3,23,54,9,89,60,0,60,149
06/30/2022,UNV,PA,AEA,EN,Federal Contract Tower,3,17,10,0,30,0,5,52,2,59,3,22,62,2,89,62,0,62,151
07/01/2022,UNV,PA,AEA,EN,Federal Contract Tower,2,15,17,0,34,0,5,47,0,52,2,20,64,0,86,64,0,64,150
07/02/2022,UNV,PA,AEA,EN,Federal Contract Tower,1,20,16,0,37,0,5,45,0,50,1,25,61,0,87,62,0,62,149
07/03/2022,UNV,PA,AEA,EN,Federal Contract Tower,2,12,10,0,24,0,8,53,2,63,2,20,63,2,87,44,0,44,131
07/04/2022,UNV,PA,AEA,EN,Federal Contract Tower,3,10,4,0,17,0,4,41,2,47,3,14,45,2,64,72,2,74,138
07/05/2022,UNV,PA,AEA,EN,Federal Contract Tower,2,11,14,0,27,0,4,24,0,28,2,15,38,0,55,106,0,106,161
07/06/2022,UNV,PA,AEA,EN,Federal Contract Tower,3,20,7,0,30,0,3,32,0,35,3,23,39,0,65,86,0,86,151
07/07/2022,UNV,PA,AEA,EN,Federal Contract Tower,3,20,14,0,37,0,10,32,0,42,3,30,46,0,79,24,0,24,103
07/08/2022,UNV,PA,AEA,EN,Federal Contract Tower,0,3,18,22,43,0,7,42,0,49,0,10,60,22,92,68,0,68,160
07/09/2022,UNV,PA,AEA,EN,Federal Contract Tower,1,16,10,0,27,0,8,59,0,67,1,24,69,0,94,128,0,128,222
07/10/2022,UNV,PA,AEA,EN,Federal Contract Tower,3,15,13,0,31,0,2,62,0,64,3,17,75,0,95,134,0,134,229
07/11/2022,UNV,PA,AEA,EN,Federal Contract Tower,5,12,16,0,33,0,4,45,0,49,5,16,61,0,82,134,0,134,216
07/12/2022,UNV,PA,AEA,EN,Federal Contract Tower,5,14,5,0,24,0,5,19,2,26,5,19,24,2,50,36,0,36,86
07/13/2022,UNV,PA,AEA,EN,Federal Contract Tower,5,20,6,0,31,0,3,58,2,63,5,23,64,2,94,98,0,98,192
07/14/2022,UNV,PA,AEA,EN,Federal Contract Tower,5,16,10,0,31,0,11,60,0,71,5,27,70,0,102,106,0,106,208
07/15/2022,UNV,PA,AEA,EN,Federal Contract Tower,3,18,21,0,42,0,2,86,0,88,3,20,107,0,130,96,0,96,226
07/16/2022,UNV,PA,AEA,EN,Federal Contract Tower,1,15,26,2,44,0,7,51,0,58,1,22,77,2,102,102,0,102,204
07/17/2022,UNV,PA,AEA,EN,Federal Contract Tower,3,14,13,0,30,0,0,18,0,18,3,14,31,0,48,62,0,62,110
07/18/2022,UNV,PA,AEA,EN,Federal Contract Tower,2,15,10,0,27,0,3,3,0,6,2,18,13,0,33,0,0,0,33
07/19/2022,UNV,PA,AEA,EN,Federal Contract Tower,3,17,16,0,36,0,9,54,2,65,3,26,70,2,101,44,2,46,147
07/20/2022,UNV,PA,AEA,EN,Federal Contract Tower,3,18,8,1,30,0,4,47,3,54,3,22,55,4,84,44,0,44,128
07/21/2022,UNV,PA,AEA,EN,Federal Contract Tower,5,17,4,0,26,0,8,30,0,38,5,25,34,0,64,48,0,48,112
07/22/2022,UNV,PA,AEA,EN,Federal Contract Tower,3,19,11,0,33,0,0,58,3,61,3,19,69,3,94,120,0,120,214
07/23/2022,UNV,PA,AEA,EN,Federal Contract Tower,1,12,8,0,21,0,5,57,0,62,1,17,65,0,83,118,0,118,201
07/24/2022,UNV,PA,AEA,EN,Federal Contract Tower,3,12,12,0,27,0,7,28,2,37,3,19,40,2,64,70,0,70,134
07/25/2022,UNV,PA,AEA,EN,Federal Contract Tower,3,15,6,0,24,0,3,19,1,23,3,18,25,1,47,14,0,14,61
07/26/2022,UNV,PA,AEA,EN,Federal Contract Tower,3,17,9,0,29,0,7,56,4,67,3,24,65,4,96,62,0,62,158
07/27/2022,UNV,PA,AEA,EN,Federal Contract Tower,5,16,10,0,31,0,2,29,0,31,5,18,39,0,62,52,0,52,114
07/28/2022,UNV,PA,AEA,EN,Federal Contract Tower,3,19,8,0,30,0,6,10,0,16,3,25,18,0,46,4,0,4,50
07/29/2022,UNV,PA,AEA,EN,Federal Contract Tower,4,18,8,0,30,0,6,37,0,43,4,24,45,0,73,22,0,22,95
07/30/2022,UNV,PA,AEA,EN,Federal Contract Tower,1,13,9,0,23,0,2,45,0,47,1,15,54,0,70,40,0,40,110
07/31/2022,UNV,PA,AEA,EN,Federal Contract Tower,3,10,12,0,25,0,0,29,0,29,3,10,41,0,54,8,0,8,62
08/01/2022,UNV,PA,AEA,EN,Federal Contract Tower,3,13,4,0,20,0,4,18,0,22,3,17,22,0,42,88,0,88,130
08/02/2022,UNV,PA,AEA,EN,Federal Contract Tower,3,15,6,0,24,0,4,41,0,45,3,19,47,0,69,58,0,58,127
08/03/2022,UNV,PA,AEA,EN,Federal Contract Tower,3,15,6,0,24,0,0,30,0,30,3,15,36,0,54,24,0,24,78
08/04/2022,UNV,PA,AEA,EN,Federal Contract Tower,4,15,12,0,31,0,2,18,0,20,4,17,30,0,51,22,0,22,73
08/05/2022,UNV,PA,AEA,EN,Federal Contract Tower,2,18,12,0,32,0,2,14,0,16,2,20,26,0,48,16,0,16,64
08/06/2022,UNV,PA,AEA,EN,Federal Contract Tower,4,14,10,0,28,0,6,25,0,31,4,20,35,0,59,18,0,18,77
08/07/2022,UNV,PA,AEA,EN,Federal Contract Tower,3,13,20,0,36,0,0,16,0,16,3,13,36,0,52,38,0,38,90
08/08/2022,UNV,PA,AEA,EN,Federal Contract Tower,4,14,6,0,24,0,11,50,0,61,4,25,56,0,85,60,0,60,145
08/09/2022,UNV,PA,AEA,EN,Federal Contract Tower,3,15,4,0,22,0,2,29,0,31,3,17,33,0,53,40,0,40,93
08/10/2022,UNV,PA,AEA,EN,Federal Contract Tower,3,16,5,0,24,0,2,32,4,38,3,18,37,4,62,76,0,76,138
08/11/2022,UNV,PA,AEA,EN,Federal Contract Tower,3,16,15,0,34,0,6,58,0,64,3,22,73,0,98,64,0,64,162
08/12/2022,UNV,PA,AEA,EN,Federal Contract Tower,3,20,7,0,30,0,2,49,0,51,3,22,56,0,81,40,0,40,121
08/13/2022,UNV,PA,AEA,EN,Federal Contract Tower,1,15,14,0,30,0,2,78,0,80,1,17,92,0,110,110,0,110,220
08/14/2022,UNV,PA,AEA,EN,Federal Contract Tower,3,9,11,0,23,0,3,52,0,55,3,12,63,0,78,52,0,52,130
08/15/2022,UNV,PA,AEA,EN,Federal Contract Tower,3,21,13,2,39,0,0,11,0,11,3,21,24,2,50,12,0,12,62
08/16/2022,UNV,PA,AEA,EN,Federal Contract Tower,2,14,7,1,24,0,2,25,0,27,2,16,32,1,51,116,0,116,167
08/17/2022,UNV,PA,AEA,EN,Federal Contract Tower,5,20,8,0,33,0,3,40,0,43,5,23,48,0,76,74,0,74,150
08/18/2022,UNV,PA,AEA,EN,Federal Contract Tower,5,19,14,0,38,0,4,51,0,55,5,23,65,0,93,116,0,116,209
08/19/2022,UNV,PA,AEA,EN,Federal Contract Tower,3,18,14,0,35,0,7,66,0,73,3,25,80,0,108,124,0,124,232
08/20/2022,UNV,PA,AEA,EN,Federal Contract Tower,1,14,14,0,29,0,0,76,0,76,1,14,90,0,105,84,0,84,189
08/21/2022,UNV,PA,AEA,EN,Federal Contract Tower,3,14,14,0,31,0,0,4,0,4,3,14,18,0,35,14,0,14,49
08/22/2022,UNV,PA,AEA,EN,Federal Contract Tower,4,19,3,0,26,0,2,13,0,15,4,21,16,0,41,48,0,48,89
08/23/2022,UNV,PA,AEA,EN,Federal Contract Tower,2,17,15,0,34,0,15,44,2,61,2,32,59,2,95,124,0,124,219
08/24/2022,UNV,PA,AEA,EN,Federal Contract Tower,3,20,10,0,33,0,19,67,0,86,3,39,77,0,119,88,0,88,207
08/25/2022,UNV,PA,AEA,EN,Federal Contract Tower,3,22,8,4,37,0,0,47,0,47,3,22,55,4,84,34,0,34,118
08/26/2022,UNV,PA,AEA,EN,Federal Contract Tower,4,16,6,0,26,0,5,44,0,49,4,21,50,0,75,32,0,32,107
08/27/2022,UNV,PA,AEA,EN,Federal Contract Tower,1,13,11,0,25,0,3,55,0,58,1,16,66,0,83,116,0,116,199
08/28/2022,UNV,PA,AEA,EN,Federal Contract Tower,4,10,9,0,23,0,2,48,2,52,4,12,57,2,75,60,0,60,135
08/29/2022,UNV,PA,AEA,EN,Federal Contract Tower,3,14,12,0,29,0,3,33,4,40,3,17,45,4,69,158,0,158,227
08/30/2022,UNV,PA,AEA,EN,Federal Contract Tower,1,16,5,0,22,0,7,3,0,10,1,23,8,0,32,10,0,10,42
08/31/2022,UNV,PA,AEA,EN,Federal Contract Tower,5,17,4,2,28,0,3,75,2,80,5,20,79,4,108,102,2,104,212
09/01/2022,UNV,PA,AEA,EN,Federal Contract Tower,3,19,15,0,37,0,6,66,0,72,3,25,81,0,109,26,0,26,135
09/02/2022,UNV,PA,AEA,EN,Federal Contract Tower,3,20,7,0,30,0,3,96,0,99,3,23,103,0,129,154,0,154,283
09/03/2022,UNV,PA,AEA,EN,Federal Contract Tower,1,15,23,1,40,0,8,40,7,55,1,23,63,8,95,82,0,82,177
09/04/2022,UNV,PA,AEA,EN,Federal Contract Tower,4,15,15,0,34,0,2,15,4,21,4,17,30,4,55,38,0,38,93
09/05/2022,UNV,PA,AEA,EN,Federal Contract Tower,3,11,4,0,18,0,0,0,0,0,3,11,4,0,18,0,0,0,18
09/06/2022,UNV,PA,AEA,EN,Federal Contract Tower,4,15,9,1,29,0,0,11,6,17,4,15,20,7,46,28,4,32,78
09/07/2022,UNV,PA,AEA,EN,Federal Contract Tower,3,22,7,1,33,0,0,0,0,0,3,22,7,1,33,0,0,0,33
09/08/2022,UNV,PA,AEA,EN,Federal Contract Tower,3,17,13,0,33,0,5,21,0,26,3,22,34,0,59,62,0,62,121
09/09/2022,UNV,PA,AEA,EN,Federal Contract Tower,3,26,19,2,50,0,8,65,1,74,3,34,84,3,124,90,0,90,214
09/10/2022,UNV,PA,AEA,EN,Federal Contract Tower,4,21,23,1,49,0,1,48,0,49,4,22,71,1,98,6,0,6,104
09/11/2022,UNV,PA,AEA,EN,Federal Contract Tower,3,21,24,0,48,0,4,0,0,4,3,25,24,0,52,0,0,0,52
09/12/2022,UNV,PA,AEA,EN,Federal Contract Tower,3,21,10,0,34,0,0,12,0,12,3,21,22,0,46,6,0,6,52
09/13/2022,UNV,PA,AEA,EN,Federal Contract Tower,3,18,11,0,32,0,4,55,2,61,3,22,66,2,93,58,0,58,151
09/14/2022,UNV,PA,AEA,EN,Federal Contract Tower,3,22,14,0,39,0,9,40,0,49,3,31,54,0,88,58,0,58,146
09/15/2022,UNV,PA,AEA,EN,Federal Contract Tower,5,18,13,0,36,0,7,47,0,54,5,25,60,0,90,40,0,40,130
09/16/2022,UNV,PA,AEA,EN,Federal Contract Tower,4,21,13,0,38,0,13,58,2,73,4,34,71,2,111,42,0,42,153
09/17/2022,UNV,PA,AEA,EN,Federal Contract Tower,2,16,16,1,35,0,11,87,0,98,2,27,103,1,133,120,0,120,253
09/18/2022,UNV,PA,AEA,EN,Federal Contract Tower,2,19,20,0,41,0,2,53,0,55,2,21,73,0,96,56,0,56,152
09/19/2022,UNV,PA,AEA,EN,Federal Contract Tower,2,22,8,0,32,0,5,17,0,22,2,27,25,0,54,46,0,46,100
09/20/2022,UNV,PA,AEA,EN,Federal Contract Tower,2,18,9,1,30,0,0,62,3,65,2,18,71,4,95,100,12,112,207
09/21/2022,UNV,PA,AEA,EN,Federal Contract Tower,2,28,9,0,39,0,6,54,0,60,2,34,63,0,99,96,0,96,195
09/22/2022,UNV,PA,AEA,EN,Federal Contract Tower,4,27,19,0,50,0,4,6,0,10,4,31,25,0,60,0,0,0,60
09/23/2022,UNV,PA,AEA,EN,Federal Contract Tower,6,24,19,0,49,0,6,27,0,33,6,30,46,0,82,18,0,18,100
09/24/2022,UNV,PA,AEA,EN,Federal Contract Tower,3,22,17,0,42,0,8,54,2,64,3,30,71,2,106,14,0,14,120
09/25/2022,UNV,PA,AEA,EN,Federal Contract Tower,2,20,10,0,32,0,1,11,0,12,2,21,21,0,44,0,0,0,44
09/26/2022,UNV,PA,AEA,EN,Federal Contract Tower,4,16,7,0,27,0,3,5,0,8,4,19,12,0,35,8,0,8,43
09/27/2022,UNV,PA,AEA,EN,Federal Contract Tower,4,15,13,0,32,0,8,14,0,22,4,23,27,0,54,0,0,0,54
09/28/2022,UNV,PA,AEA,EN,Federal Contract Tower,3,28,12,0,43,0,2,34,2,38,3,30,46,2,81,126,0,126,207
09/29/2022,UNV,PA,AEA,EN,Federal Contract Tower,4,34,15,0,53,0,6,61,2,69,4,40,76,2,122,114,0,114,236
09/30/2022,UNV,PA,AEA,EN,Federal Contract Tower,5,29,23,2,59,0,0,31,2,33,5,29,54,4,92,74,8,82,174
10/01/2022,UNV,PA,AEA,EN,Federal Contract Tower,6,31,27,0,64,0,1,5,0,6,6,32,32,0,70,0,0,0,70
10/02/2022,UNV,PA,AEA,EN,Federal Contract Tower,4,22,17,0,43,0,2,1,0,3,4,24,18,0,46,0,0,0,46
10/03/2022,UNV,PA,AEA,EN,Federal Contract Tower,3,15,10,0,28,0,1,51,0,52,3,16,61,0,80,104,0,104,184
10/04/2022,UNV,PA,AEA,EN,Federal Contract Tower,1,18,13,2,34,0,4,13,0,17,1,22,26,2,51,14,0,14,65
10/05/2022,UNV,PA,AEA,EN,Federal Contract Tower,3,17,9,5,34,0,3,35,3,41,3,20,44,8,75,100,8,108,183
10/06/2022,UNV,PA,AEA,EN,Federal Contract Tower,7,20,13,2,42,0,0,53,2,55,7,20,66,4,97,72,0,72,169
10/07/2022,UNV,PA,AEA,EN,Federal Contract Tower,5,23,27,0,55,0,1,42,0,43,5,24,69,0,98,46,0,46,144
10/08/2022,UNV,PA,AEA,EN,Federal Contract Tower,5,14,10,0,29,0,0,50,0,50,5,14,60,0,79,22,0,22,101
10/09/2022,UNV,PA,AEA,EN,Federal Contract Tower,7,17,10,0,34,0,1,42,0,43,7,18,52,0,77,58,0,58,135
10/10/2022,UNV,PA,AEA,EN,Federal Contract Tower,5,21,5,0,31,0,3,43,0,46,5,24,48,0,77,48,0,48,125
10/11/2022,UNV,PA,AEA,EN,Federal Contract Tower,5,17,18,0,40,0,5,45,0,50,5,22,63,0,90,142,0,142,232
10/12/2022,UNV,PA,AEA,EN,Federal Contract Tower,5,19,11,0,35,0,4,43,0,47,5,23,54,0,82,50,0,50,132
10/13/2022,UNV,PA,AEA,EN,Federal Contract Tower,7,20,16,0,43,0,0,6,2,8,7,20,22,2,51,0,10,10,61
10/14/2022,UNV,PA,AEA,EN,Federal Contract Tower,7,19,7,4,37,0,2,43,2,47,7,21,50,6,84,98,0,98,182
10/15/2022,UNV,PA,AEA,EN,Federal Contract Tower,7,15,17,0,39,0,4,37,0,41,7,19,54,0,80,38,0,38,118
10/16/2022,UNV,PA,AEA,EN,Federal Contract Tower,5,16,12,0,33,0,3,56,0,59,5,19,68,0,92,36,0,36,128
10/17/2022,UNV,PA,AEA,EN,Federal Contract Tower,6,20,8,0,34,0,5,10,0,15,6,25,18,0,49,36,0,36,85
10/18/2022,UNV,PA,AEA,EN,Federal Contract Tower,5,17,6,0,28,0,6,33,1,40,5,23,39,1,68,88,0,88,156
10/19/2022,UNV,PA,AEA,EN,Federal Contract Tower,6,22,9,0,37,0,0,3,0,3,6,22,12,0,40,2,0,2,42
10/20/2022,UNV,PA,AEA,EN,Federal Contract Tower,5,22,9,0,36,0,4,39,2,45,5,26,48,2,81,116,0,116,197
10/21/2022,UNV,PA,AEA,EN,Federal Contract Tower,6,39,19,0,64,0,8,70,0,78,6,47,89,0,142,42,0,42,184
10/22/2022,UNV,PA,AEA,EN,Federal Contract Tower,6,27,36,1,70,0,13,111,3,127,6,40,147,4,197,64,4,68,265
10/23/2022,UNV,PA,AEA,EN,Federal Contract Tower,5,33,30,0,68,0,3,61,0,64,5,36,91,0,132,90,0,90,222
10/24/2022,UNV,PA,AEA,EN,Federal Contract Tower,6,16,10,0,32,0,5,29,9,43,6,21,39,9,75,42,0,42,117
10/25/2022,UNV,PA,AEA,EN,Federal Contract Tower,5,25,16,0,46,0,3,8,0,11,5,28,24,0,57,30,0,30,87
10/27/2022,UNV,PA,AEA,EN,Federal Contract Tower,7,24,17,1,49,0,0,40,6,46,7,24,57,7,95,94,20,114,209
10/28/2022,UNV,PA,AEA,EN,Federal Contract Tower,10,40,30,0,80,0,9,32,0,41,10,49,62,0,121,36,2,38,159
10/29/2022,UNV,PA,AEA,EN,Federal Contract Tower,8,55,31,0,94,0,10,108,5,123,8,65,139,5,217,0,0,0,217
10/30/2022,UNV,PA,AEA,EN,Federal Contract Tower,5,40,24,2,71,0,1,84,0,85,5,41,108,2,156,90,0,90,246
10/31/2022,UNV,PA,AEA,EN,Federal Contract Tower,5,21,7,0,33,0,1,9,0,10,5,22,16,0,43,138,0,138,181
11/01/2022,UNV,PA,AEA,EN,Federal Contract Tower,5,20,12,0,37,0,2,4,0,6,5,22,16,0,43,12,0,12,55
11/02/2022,UNV,PA,AEA,EN,Federal Contract Tower,4,18,11,0,33,0,6,35,0,41,4,24,46,0,74,46,0,46,120
11/03/2022,UNV,PA,AEA,EN,Federal Contract Tower,8,20,8,0,36,0,0,48,0,48,8,20,56,0,84,56,0,56,140
11/04/2022,UNV,PA,AEA,EN,Federal Contract Tower,7,22,13,0,42,0,3,42,0,45,7,25,55,0,87,42,0,42,129
11/05/2022,UNV,PA,AEA,EN,Federal Contract Tower,3,18,16,0,37,0,3,1,0,4,3,21,17,0,41,14,0,14,55
11/06/2022,UNV,PA,AEA,EN,Federal Contract Tower,7,21,10,1,39,0,1,7,0,8,7,22,17,1,47,24,0,24,71
11/07/2022,UNV,PA,AEA,EN,Federal Contract Tower,5,18,7,0,30,0,8,20,0,28,5,26,27,0,58,48,6,54,112
11/08/2022,UNV,PA,AEA,EN,Federal Contract Tower,6,20,4,0,30,0,7,17,2,26,6,27,21,2,56,6,0,6,62
11/09/2022,UNV,PA,AEA,EN,Federal Contract Tower,8,17,3,1,29,0,16,53,0,69,8,33,56,1,98,46,0,46,144
11/10/2022,UNV,PA,AEA,EN,Federal Contract Tower,5,26,5,4,40,0,9,46,0,55,5,35,51,4,95,70,0,70,165
11/11/2022,UNV,PA,AEA,EN,Federal Contract Tower,5,22,10,0,37,0,0,0,0,0,5,22,10,0,37,0,0,0,37
11/12/2022,UNV,PA,AEA,EN,Federal Contract Tower,5,19,16,0,40,0,5,4,0,9,5,24,20,0,49,0,0,0,49
11/13/2022,UNV,PA,AEA,EN,Federal Contract Tower,5,20,6,0,31,0,0,2,0,2,5,20,8,0,33,0,0,0,33
11/14/2022,UNV,PA,AEA,EN,Federal Contract Tower,3,27,8,0,38,0,8,24,0,32,3,35,32,0,70,68,0,68,138
11/15/2022,UNV,PA,AEA,EN,Federal Contract Tower,5,16,10,0,31,0,7,3,0,10,5,23,13,0,41,20,0,20,61
11/16/2022,UNV,PA,AEA,EN,Federal Contract Tower,7,26,6,0,39,0,7,2,0,9,7,33,8,0,48,2,0,2,50
11/17/2022,UNV,PA,AEA,EN,Federal Contract Tower,7,25,6,0,38,0,0,2,0,2,7,25,8,0,40,0,0,0,40
11/18/2022,UNV,PA,AEA,EN,Federal Contract Tower,4,19,9,4,36,0,7,3,0,10,4,26,12,4,46,0,0,0,46
11/19/2022,UNV,PA,AEA,EN,Federal Contract Tower,10,16,17,0,43,0,3,25,1,29,10,19,42,1,72,22,0,22,94
11/20/2022,UNV,PA,AEA,EN,Federal Contract Tower,5,14,4,0,23,0,2,2,0,4,5,16,6,0,27,0,0,0,27
11/21/2022,UNV,PA,AEA,EN,Federal Contract Tower,5,18,3,0,26,0,2,27,0,29,5,20,30,0,55,14,0,14,69
11/22/2022,UNV,PA,AEA,EN,Federal Contract Tower,7,18,9,2,36,0,2,52,0,54,7,20,61,2,90,42,0,42,132
11/23/2022,UNV,PA,AEA,EN,Federal Contract Tower,5,17,14,0,36,0,13,43,2,58,5,30,57,2,94,30,0,30,124
11/24/2022,UNV,PA,AEA,EN,Federal Contract Tower,5,9,2,0,16,0,5,37,0,42,5,14,39,0,58,10,0,10,68
11/25/2022,UNV,PA,AEA,EN,Federal Contract Tower,8,16,8,0,32,0,4,3,0,7,8,20,11,0,39,0,0,0,39
11/26/2022,UNV,PA,AEA,EN,Federal Contract Tower,11,17,17,0,45,0,10,41,1,52,11,27,58,1,97,20,0,20,117
11/27/2022,UNV,PA,AEA,EN,Federal Contract Tower,5,27,11,0,43,0,0,1,0,1,5,27,12,0,44,0,0,0,44
11/28/2022,UNV,PA,AEA,EN,Federal Contract Tower,7,15,9,0,31,0,4,9,0,13,7,19,18,0,44,0,0,0,44
11/29/2022,UNV,PA,AEA,EN,Federal Contract Tower,6,18,3,0,27,0,16,44,0,60,6,34,47,0,87,58,0,58,145
11/30/2022,UNV,PA,AEA,EN,Federal Contract Tower,9,16,7,0,32,0,0,0,0,0,9,16,7,0,32,0,0,0,32
12/01/2022,UNV,PA,AEA,EN,Federal Contract Tower,3,26,0,0,29,0,0,28,0,28,3,26,28,0,57,50,0,50,107
12/02/2022,UNV,PA,AEA,EN,Federal Contract Tower,8,16,15,2,41,0,2,40,4,46,8,18,55,6,87,64,0,64,151
12/03/2022,UNV,PA,AEA,EN,Federal Contract Tower,5,14,5,0,24,0,15,2,0,17,5,29,7,0,41,0,0,0,41
12/04/2022,UNV,PA,AEA,EN,Federal Contract Tower,5,13,10,0,28,0,4,59,1,64,5,17,69,1,92,34,0,34,126
12/05/2022,UNV,PA,AEA,EN,Federal Contract Tower,5,19,6,0,30,0,0,35,4,39,5,19,41,4,69,90,0,90,159
12/06/2022,UNV,PA,AEA,EN,Federal Contract Tower,9,15,12,0,36,0,0,0,0,0,9,15,12,0,36,0,0,0,36
12/07/2022,UNV,PA,AEA,EN,Federal Contract Tower,10,19,8,1,38,0,6,7,0,13,10,25,15,1,51,20,0,20,71
12/08/2022,UNV,PA,AEA,EN,Federal Contract Tower,7,21,18,0,46,0,4,20,1,25,7,25,38,1,71,64,0,64,135
12/09/2022,UNV,PA,AEA,EN,Federal Contract Tower,12,23,9,0,44,0,8,31,2,41,12,31,40,2,85,10,12,22,107
12/10/2022,UNV,PA,AEA,EN,Federal Contract Tower,6,12,9,0,27,0,3,47,2,52,6,15,56,2,79,70,0,70,149
12/11/2022,UNV,PA,AEA,EN,Federal Contract Tower,5,12,5,0,22,0,0,0,0,0,5,12,5,0,22,0,0,0,22
12/12/2022,UNV,PA,AEA,EN,Federal Contract Tower,5,14,4,3,26,0,0,16,1,17,5,14,20,4,43,18,0,18,61
12/13/2022,UNV,PA,AEA,EN,Federal Contract Tower,4,21,11,2,38,0,6,48,8,62,4,27,59,10,100,28,2,30,130
12/14/2022,UNV,PA,AEA,EN,Federal Contract Tower,5,24,11,0,40,0,9,49,4,62,5,33,60,4,102,40,0,40,142
12/15/2022,UNV,PA,AEA,EN,Federal Contract Tower,5,6,1,0,12,0,0,0,0,0,5,6,1,0,12,0,0,0,12
12/16/2022,UNV,PA,AEA,EN,Federal Contract Tower,5,17,7,0,29,0,3,0,0,3,5,20,7,0,32,0,0,0,32
12/17/2022,UNV,PA,AEA,EN,Federal Contract Tower,6,17,10,0,33,0,2,16,0,18,6,19,26,0,51,6,0,6,57
12/18/2022,UNV,PA,AEA,EN,Federal Contract Tower,6,8,4,0,18,0,3,10,0,13,6,11,14,0,31,18,0,18,49
12/19/2022,UNV,PA,AEA,EN,Federal Contract Tower,6,8,10,1,25,0,5,20,0,25,6,13,30,1,50,44,0,44,94
12/20/2022,UNV,PA,AEA,EN,Federal Contract Tower,6,10,9,3,28,0,3,21,7,31,6,13,30,10,59,34,32,66,125
12/21/2022,UNV,PA,AEA,EN,Federal Contract Tower,6,17,19,2,44,0,5,43,2,50,6,22,62,4,94,48,0,48,142
12/22/2022,UNV,PA,AEA,EN,Federal Contract Tower,7,10,2,0,19,0,0,0,0,0,7,10,2,0,19,0,0,0,19
12/23/2022,UNV,PA,AEA,EN,Federal Contract Tower,3,3,0,0,6,0,0,0,0,0,3,3,0,0,6,0,0,0,6
12/24/2022,UNV,PA,AEA,EN,Federal Contract Tower,5,7,0,0,12,0,0,0,0,0,5,7,0,0,12,0,0,0,12
12/25/2022,UNV,PA,AEA,EN,Federal Contract Tower,6,6,0,0,12,0,4,0,0,4,6,10,0,0,16,0,0,0,16
12/26/2022,UNV,PA,AEA,EN,Federal Contract Tower,6,10,2,0,18,0,4,15,0,19,6,14,17,0,37,4,0,4,41
12/27/2022,UNV,PA,AEA,EN,Federal Contract Tower,5,8,14,0,27,0,0,0,0,0,5,8,14,0,27,0,0,0,27
12/28/2022,UNV,PA,AEA,EN,Federal Contract Tower,7,14,10,0,31,0,4,29,0,33,7,18,39,0,64,38,0,38,102
12/29/2022,UNV,PA,AEA,EN,Federal Contract Tower,6,13,9,0,28,0,8,38,0,46,6,21,47,0,74,42,0,42,116
12/30/2022,UNV,PA,AEA,EN,Federal Contract Tower,5,19,5,0,29,0,3,24,0,27,5,22,29,0,56,10,0,10,66
12/31/2022,UNV,PA,AEA,EN,Federal Contract Tower,6,11,3,0,20,0,0,4,0,4,6,11,7,0,24,0,0,0,24
01/01/2023,UNV,PA,AEA,EN,Federal Contract Tower,5,11,5,0,21,0,2,19,0,21,5,13,24,0,42,36,0,36,78
01/02/2023,UNV,PA,AEA,EN,Federal Contract Tower,6,11,6,0,23,0,0,2,0,2,6,11,8,0,25,0,0,0,25
01/03/2023,UNV,PA,AEA,EN,Federal Contract Tower,7,12,3,0,22,0,0,0,0,0,7,12,3,0,22,0,0,0,22
01/04/2023,UNV,PA,AEA,EN,Federal Contract Tower,9,15,9,0,33,0,0,10,0,10,9,15,19,0,43,14,0,14,57
01/05/2023,UNV,PA,AEA,EN,Federal Contract Tower,10,13,8,0,31,0,9,33,4,46,10,22,41,4,77,34,0,34,111
01/06/2023,UNV,PA,AEA,EN,Federal Contract Tower,13,8,4,0,25,0,4,3,0,7,13,12,7,0,32,18,0,18,50
01/07/2023,UNV,PA,AEA,EN,Federal Contract Tower,9,12,1,0,22,0,5,11,0,16,9,17,12,0,38,32,0,32,70
01/08/2023,UNV,PA,AEA,EN,Federal Contract Tower,8,10,12,0,30,0,2,17,0,19,8,12,29,0,49,50,0,50,99
01/09/2023,UNV,PA,AEA,EN,Federal Contract Tower,12,11,3,0,26,0,5,14,0,19,12,16,17,0,45,12,0,12,57
01/10/2023,UNV,PA,AEA,EN,Federal Contract Tower,13,16,6,0,35,0,2,15,4,21,13,18,21,4,56,88,2,90,146
01/11/2023,UNV,PA,AEA,EN,Federal Contract Tower,8,15,8,0,31,0,8,22,4,34,8,23,30,4,65,16,0,16,81
01/12/2023,UNV,PA,AEA,EN,Federal Contract Tower,10,14,5,0,29,0,0,0,0,0,10,14,5,0,29,0,0,0,29
01/13/2023,UNV,PA,AEA,EN,Federal Contract Tower,13,19,9,0,41,0,0,0,0,0,13,19,9,0,41,0,0,0,41
01/14/2023,UNV,PA,AEA,EN,Federal Contract Tower,12,10,4,0,26,0,4,11,0,15,12,14,15,0,41,22,0,22,63
01/15/2023,UNV,PA,AEA,EN,Federal Contract Tower,11,9,11,0,31,0,0,25,2,27,11,9,36,2,58,56,0,56,114
01/16/2023,UNV,PA,AEA,EN,Federal Contract Tower,11,10,4,0,25,0,8,67,3,78,11,18,71,3,103,74,26,100,203
01/17/2023,UNV,PA,AEA,EN,Federal Contract Tower,11,15,3,0,29,0,0,0,0,0,11,15,3,0,29,0,0,0,29
01/18/2023,UNV,PA,AEA,EN,Federal Contract Tower,11,12,6,0,29,0,4,2,0,6,11,16,8,0,35,14,0,14,49
01/19/2023,UNV,PA,AEA,EN,Federal Contract Tower,13,20,6,0,39,0,0,0,0,0,13,20,6,0,39,0,0,0,39
01/20/2023,UNV,PA,AEA,EN,Federal Contract Tower,13,16,16,0,45,0,0,1,0,1,13,16,17,0,46,0,0,0,46
01/21/2023,UNV,PA,AEA,EN,Federal Contract Tower,11,11,11,0,33,0,2,16,0,18,11,13,27,0,51,42,0,42,93
01/22/2023,UNV,PA,AEA,EN,Federal Contract Tower,10,13,15,0,38,0,0,6,0,6,10,13,21,0,44,32,0,32,76
01/23/2023,UNV,PA,AEA,EN,Federal Contract Tower,9,18,5,0,32,0,4,0,0,4,9,22,5,0,36,0,0,0,36
01/24/2023,UNV,PA,AEA,EN,Federal Contract Tower,10,13,11,2,36,0,0,7,2,9,10,13,18,4,45,2,4,6,51
01/25/2023,UNV,PA,AEA,EN,Federal Contract Tower,9,19,1,0,29,0,0,0,0,0,9,19,1,0,29,0,0,0,29
01/26/2023,UNV,PA,AEA,EN,Federal Contract Tower,12,23,9,3,47,0,7,0,2,9,12,30,9,5,56,0,0,0,56
01/27/2023,UNV,PA,AEA,EN,Federal Contract Tower,12,13,18,1,44,0,5,46,12,63,12,18,64,13,107,80,0,80,187
01/28/2023,UNV,PA,AEA,EN,Federal Contract Tower,12,7,13,0,32,0,1,38,3,42,12,8,51,3,74,28,6,34,108
01/29/2023,UNV,PA,AEA,EN,Federal Contract Tower,13,7,6,0,26,0,0,9,0,9,13,7,15,0,35,20,0,20,55
01/30/2023,UNV,PA,AEA,EN,Federal Contract Tower,10,9,10,0,29,0,4,6,0,10,10,13,16,0,39,56,0,56,95
01/31/2023,UNV,PA,AEA,EN,Federal Contract Tower,11,15,7,0,33,0,2,37,0,39,11,17,44,0,72,68,0,68,140
02/01/2023,UNV,PA,AEA,EN,Federal Contract Tower,11,17,10,0,38,0,4,56,0,60,11,21,66,0,98,42,0,42,140
02/02/2023,UNV,PA,AEA,EN,Federal Contract Tower,13,12,8,4,37,0,4,38,2,44,13,16,46,6,81,70,0,70,151
02/03/2023,UNV,PA,AEA,EN,Federal Contract Tower,10,12,5,0,27,0,0,2,0,2,10,12,7,0,29,0,0,0,29
02/04/2023,UNV,PA,AEA,EN,Federal Contract Tower,13,8,4,0,25,0,15,28,0,43,13,23,32,0,68,76,0,76,144
02/05/2023,UNV,PA,AEA,EN,Federal Contract Tower,12,7,4,0,23,0,2,17,0,19,12,9,21,0,42,30,0,30,72
02/06/2023,UNV,PA,AEA,EN,Federal Contract Tower,10,8,7,0,25,0,0,14,4,18,10,8,21,4,43,46,0,46,89
02/07/2023,UNV,PA,AEA,EN,Federal Contract Tower,12,14,15,0,41,0,0,10,9,19,12,14,25,9,60,2,0,2,62
02/08/2023,UNV,PA,AEA,EN,Federal Contract Tower,9,11,11,0,31,0,4,24,7,35,9,15,35,7,66,20,0,20,86
02/09/2023,UNV,PA,AEA,EN,Federal Contract Tower,11,12,7,0,30,0,5,6,0,11,11,17,13,0,41,0,0,0,41
02/10/2023,UNV,PA,AEA,EN,Federal Contract Tower,12,15,5,0,32,0,0,2,0,2,12,15,7,0,34,8,0,8,42
02/11/2023,UNV,PA,AEA,EN,Federal Contract Tower,12,12,3,0,27,0,0,41,0,41,12,12,44,0,68,58,0,58,126
02/12/2023,UNV,PA,AEA,EN,Federal Contract Tower,13,6,3,0,22,0,0,27,2,29,13,6,30,2,51,2,0,2,53
02/13/2023,UNV,PA,AEA,EN,Federal Contract Tower,8,13,3,0,24,0,2,18,0,20,8,15,21,0,44,8,0,8,52
02/14/2023,UNV,PA,AEA,EN,Federal Contract Tower,10,16,5,0,31,0,1,45,0,46,10,17,50,0,77,50,0,50,127
02/15/2023,UNV,PA,AEA,EN,Federal Contract Tower,11,15,8,0,34,0,2,15,0,17,11,17,23,0,51,14,0,14,65
02/16/2023,UNV,PA,AEA,EN,Federal Contract Tower,11,17,7,0,35,0,3,18,0,21,11,20,25,0,56,0,0,0,56
02/17/2023,UNV,PA,AEA,EN,Federal Contract Tower,11,26,4,0,41,0,0,4,0,4,11,26,8,0,45,8,0,8,53
02/18/2023,UNV,PA,AEA,EN,Federal Contract Tower,12,14,10,2,38,0,2,76,0,78,12,16,86,2,116,168,0,168,284
02/19/2023,UNV,PA,AEA,EN,Federal Contract Tower,10,15,10,0,35,0,6,47,2,55,10,21,57,2,90,50,0,50,140
02/20/2023,UNV,PA,AEA,EN,Federal Contract Tower,9,11,10,0,30,0,3,22,1,26,9,14,32,1,56,12,0,12,68
02/21/2023,UNV,PA,AEA,EN,Federal Contract Tower,12,16,7,4,39,0,0,4,0,4,12,16,11,4,43,0,0,0,43
02/22/2023,UNV,PA,AEA,EN,Federal Contract Tower,10,21,6,0,37,0,1,0,1,2,10,22,6,1,39,0,0,0,39
02/23/2023,UNV,PA,AEA,EN,Federal Contract Tower,12,20,8,1,41,0,10,31,2,43,12,30,39,3,84,42,0,42,126
02/24/2023,UNV,PA,AEA,EN,Federal Contract Tower,13,11,8,2,34,0,2,7,0,9,13,13,15,2,43,0,0,0,43
02/25/2023,UNV,PA,AEA,EN,Federal Contract Tower,13,10,7,0,30,0,4,60,0,64,13,14,67,0,94,28,0,28,122
02/26/2023,UNV,PA,AEA,EN,Federal Contract Tower,10,8,15,0,33,0,2,8,0,10,10,10,23,0,43,6,0,6,49
02/27/2023,UNV,PA,AEA,EN,Federal Contract Tower,10,8,8,0,26,0,2,24,0,26,10,10,32,0,52,26,0,26,78
02/28/2023,UNV,PA,AEA,EN,Federal Contract Tower,12,13,2,0,27,0,8,4,2,14,12,21,6,2,41,8,0,8,49
03/01/2023,UNV,PA,AEA,EN,Federal Contract Tower,11,19,4,0,34,0,2,34,2,38,11,21,38,2,72,70,0,70,142
03/02/2023,UNV,PA,AEA,EN,Federal Contract Tower,16,17,2,2,37,0,0,46,0,46,16,17,48,2,83,36,2,38,121
03/03/2023,UNV,PA,AEA,EN,Federal Contract Tower,7,11,13,0,31,0,3,8,0,11,7,14,21,0,42,28,0,28,70
03/04/2023,UNV,PA,AEA,EN,Federal Contract Tower,10,14,6,0,30,0,4,3,0,7,10,18,9,0,37,0,0,0,37
03/05/2023,UNV,PA,AEA,EN,Federal Contract Tower,10,12,9,0,31,0,6,28,0,34,10,18,37,0,65,40,0,40,105
03/06/2023,UNV,PA,AEA,EN,Federal Contract Tower,11,15,7,3,36,0,4,35,4,43,11,19,42,7,79,80,0,80,159
03/07/2023,UNV,PA,AEA,EN,Federal Contract Tower,12,9,7,0,28,0,2,10,0,12,12,11,17,0,40,0,0,0,40
03/08/2023,UNV,PA,AEA,EN,Federal Contract Tower,10,14,5,1,30,0,8,24,1,33,10,22,29,2,63,24,4,28,91
03/09/2023,UNV,PA,AEA,EN,Federal Contract Tower,9,19,6,0,34,0,2,53,8,63,9,21,59,8,97,84,2,86,183
03/10/2023,UNV,PA,AEA,EN,Federal Contract Tower,10,18,8,0,36,0,0,0,0,0,10,18,8,0,36,0,0,0,36
03/11/2023,UNV,PA,AEA,EN,Federal Contract Tower,9,14,4,0,27,0,4,13,0,17,9,18,17,0,44,8,0,8,52
03/12/2023,UNV,PA,AEA,EN,Federal Contract Tower,10,17,10,0,37,0,9,22,0,31,10,26,32,0,68,30,0,30,98
03/13/2023,UNV,PA,AEA,EN,Federal Contract Tower,10,15,5,0,30,0,0,1,0,1,10,15,6,0,31,0,0,0,31
03/14/2023,UNV,PA,AEA,EN,Federal Contract Tower,13,15,7,0,35,0,2,4,0,6,13,17,11,0,41,0,0,0,41
03/15/2023,UNV,PA,AEA,EN,Federal Contract Tower,9,19,8,2,38,0,8,15,0,23,9,27,23,2,61,8,4,12,73
03/16/2023,UNV,PA,AEA,EN,Federal Contract Tower,10,22,20,0,52,0,5,69,2,76,10,27,89,2,128,94,0,94,222
03/17/2023,UNV,PA,AEA,EN,Federal Contract Tower,9,14,12,2,37,0,0,5,0,5,9,14,17,2,42,12,0,12,54
03/18/2023,UNV,PA,AEA,EN,Federal Contract Tower,10,14,7,0,31,0,5,20,2,27,10,19,27,2,58,22,0,22,80
03/19/2023,UNV,PA,AEA,EN,Federal Contract Tower,13,11,19,0,43,0,2,7,0,9,13,13,26,0,52,14,0,14,66
03/20/2023,UNV,PA,AEA,EN,Federal Contract Tower,9,14,12,0,35,0,4,45,0,49,9,18,57,0,84,46,0,46,130
03/21/2023,UNV,PA,AEA,EN,Federal Contract Tower,9,15,7,0,31,0,0,68,6,74,9,15,75,6,105,92,8,100,205
03/22/2023,UNV,PA,AEA,EN,Federal Contract Tower,10,17,9,0,36,0,6,55,0,61,10,23,64,0,97,122,0,122,219
03/23/2023,UNV,PA,AEA,EN,Federal Contract Tower,10,26,14,2,52,0,0,0,5,5,10,26,14,7,57,0,0,0,57
03/24/2023,UNV,PA,AEA,EN,Federal Contract Tower,9,22,17,0,48,0,7,38,5,50,9,29,55,5,98,68,0,68,166
03/25/2023,UNV,PA,AEA,EN,Federal Contract Tower,9,18,13,0,40,0,0,0,0,0,9,18,13,0,40,0,0,0,40
03/26/2023,UNV,PA,AEA,EN,Federal Contract Tower,11,15,14,0,40,0,2,12,0,14,11,17,26,0,54,0,0,0,54
03/27/2023,UNV,PA,AEA,EN,Federal Contract Tower,12,14,8,0,34,0,4,42,0,46,12,18,50,0,80,110,0,110,190
03/28/2023,UNV,PA,AEA,EN,Federal Contract Tower,6,14,2,0,22,0,0,22,1,23,6,14,24,1,45,64,0,64,109
03/29/2023,UNV,PA,AEA,EN,Federal Contract Tower,11,13,5,2,31,0,3,38,4,45,11,16,43,6,76,76,0,76,152
03/30/2023,UNV,PA,AEA,EN,Federal Contract Tower,12,19,20,3,54,0,0,75,6,81,12,19,95,9,135,136,2,138,273
03/31/2023,UNV,PA,AEA,EN,Federal Contract Tower,10,20,9,0,39,0,0,13,2,15,10,20,22,2,54,24,0,24,78
04/01/2023,UNV,PA,AEA,EN,Federal Contract Tower,7,11,6,0,24,0,2,3,0,5,7,13,9,0,29,4,0,4,33
04/02/2023,UNV,PA,AEA,EN,Federal Contract Tower,10,15,9,0,34,0,8,44,0,52,10,23,53,0,86,10,0,10,96
04/03/2023,UNV,PA,AEA,EN,Federal Contract Tower,10,17,4,0,31,0,4,28,0,32,10,21,32,0,63,16,0,16,79
04/04/2023,UNV,PA,AEA,EN,Federal Contract Tower,13,14,14,0,41,0,9,46,6,61,13,23,60,6,102,84,0,84,186
04/05/2023,UNV,PA,AEA,EN,Federal Contract Tower,9,17,7,3,36,0,0,30,4,34,9,17,37,7,70,34,0,34,104
04/06/2023,UNV,PA,AEA,EN,Federal Contract Tower,10,17,20,0,47,0,0,15,0,15,10,17,35,0,62,50,0,50,112
04/07/2023,UNV,PA,AEA,EN,Federal Contract Tower,12,16,17,1,46,0,2,49,1,52,12,18,66,2,98,24,0,24,122
04/08/2023,UNV,PA,AEA,EN,Federal Contract Tower,10,19,5,0,34,0,6,82,0,88,10,25,87,0,122,34,0,34,156
04/09/2023,UNV,PA,AEA,EN,Federal Contract Tower,12,16,6,0,34,0,1,62,1,64,12,17,68,1,98,80,0,80,178
04/10/2023,UNV,PA,AEA,EN,Federal Contract Tower,14,11,2,0,27,0,8,60,1,69,14,19,62,1,96,80,0,80,176
04/11/2023,UNV,PA,AEA,EN,Federal Contract Tower,16,13,7,2,38,0,5,28,4,37,16,18,35,6,75,32,0,32,107
04/12/2023,UNV,PA,AEA,EN,Federal Contract Tower,12,21,7,0,40,0,3,18,8,29,12,24,25,8,69,24,22,46,115
04/13/2023,UNV,PA,AEA,EN,Federal Contract Tower,12,31,16,0,59,0,7,66,9,82,12,38,82,9,141,122,0,122,263
04/14/2023,UNV,PA,AEA,EN,Federal Contract Tower,13,16,14,0,43,0,9,55,0,64,13,25,69,0,107,64,0,64,171
04/15/2023,UNV,PA,AEA,EN,Federal Contract Tower,11,11,17,0,39,0,4,4,0,8,11,15,21,0,47,0,0,0,47
04/16/2023,UNV,PA,AEA,EN,Federal Contract Tower,11,17,12,0,40,0,0,36,0,36,11,17,48,0,76,34,0,34,110
04/17/2023,UNV,PA,AEA,EN,Federal Contract Tower,10,13,5,0,28,0,0,15,0,15,10,13,20,0,43,4,0,4,47
04/18/2023,UNV,PA,AEA,EN,Federal Contract Tower,11,13,4,0,28,0,5,6,2,13,11,18,10,2,41,0,0,0,41
04/19/2023,UNV,PA,AEA,EN,Federal Contract Tower,11,25,10,0,46,0,6,33,1,40,11,31,43,1,86,34,0,34,120
04/20/2023,UNV,PA,AEA,EN,Federal Contract Tower,9,16,4,1,30,0,4,53,5,62,9,20,57,6,92,70,0,70,162
04/21/2023,UNV,PA,AEA,EN,Federal Contract Tower,12,18,12,0,42,0,14,37,0,51,12,32,49,0,93,84,0,84,177
04/22/2023,UNV,PA,AEA,EN,Federal Contract Tower,9,23,10,0,42,0,7,6,0,13,9,30,16,0,55,12,0,12,67
04/23/2023,UNV,PA,AEA,EN,Federal Contract Tower,11,15,15,0,41,0,10,28,0,38,11,25,43,0,79,96,0,96,175
04/24/2023,UNV,PA,AEA,EN,Federal Contract Tower,12,15,6,0,33,0,10,24,2,36,12,25,30,2,69,30,0,30,99
04/25/2023,UNV,PA,AEA,EN,Federal Contract Tower,10,14,4,0,28,0,5,39,0,44,10,19,43,0,72,88,0,88,160
04/26/2023,UNV,PA,AEA,EN,Federal Contract Tower,12,18,8,0,38,0,10,60,0,70,12,28,68,0,108,118,0,118,226
04/27/2023,UNV,PA,AEA,EN,Federal Contract Tower,17,20,14,1,52,0,2,52,3,57,17,22,66,4,109,98,0,98,207
04/28/2023,UNV,PA,AEA,EN,Federal Contract Tower,13,21,12,0,46,0,0,0,0,0,13,21,12,0,46,0,0,0,46
04/29/2023,UNV,PA,AEA,EN,Federal Contract Tower,13,19,6,0,38,0,0,0,0,0,13,19,6,0,38,0,0,0,38
04/30/2023,UNV,PA,AEA,EN,Federal Contract Tower,13,13,4,0,30,0,0,0,0,0,13,13,4,0,30,0,0,0,30
05/01/2023,UNV,PA,AEA,EN,Federal Contract Tower,12,16,5,0,33,0,2,1,0,3,12,18,6,0,36,8,0,8,44
05/02/2023,UNV,PA,AEA,EN,Federal Contract Tower,12,17,2,0,31,0,0,2,0,2,12,17,4,0,33,0,0,0,33
05/03/2023,UNV,PA,AEA,EN,Federal Contract Tower,12,16,9,1,38,0,0,4,0,4,12,16,13,1,42,0,0,0,42
05/04/2023,UNV,PA,AEA,EN,Federal Contract Tower,12,19,9,3,43,0,4,20,0,24,12,23,29,3,67,78,0,78,145
05/05/2023,UNV,PA,AEA,EN,Federal Contract Tower,10,30,12,1,53,0,2,31,1,34,10,32,43,2,87,28,0,28,115
05/06/2023,UNV,PA,AEA,EN,Federal Contract Tower,9,15,9,0,33,0,1,60,0,61,9,16,69,0,94,40,0,40,134
05/07/2023,UNV,PA,AEA,EN,Federal Contract Tower,11,22,13,0,46,0,3,34,0,37,11,25,47,0,83,34,0,34,117
05/08/2023,UNV,PA,AEA,EN,Federal Contract Tower,12,15,5,2,34,0,3,34,0,37,12,18,39,2,71,100,0,100,171
05/09/2023,UNV,PA,AEA,EN,Federal Contract Tower,10,17,3,0,30,0,5,44,0,49,10,22,47,0,79,44,0,44,123
05/10/2023,UNV,PA,AEA,EN,Federal Contract Tower,10,22,13,0,45,0,8,55,0,63,10,30,68,0,108,58,0,58,166
05/11/2023,UNV,PA,AEA,EN,Federal Contract Tower,7,19,12,2,40,0,16,59,0,75,7,35,71,2,115,78,0,78,193
05/12/2023,UNV,PA,AEA,EN,Federal Contract Tower,11,21,5,2,39,0,6,61,0,67,11,27,66,2,106,108,0,108,214
05/13/2023,UNV,PA,AEA,EN,Federal Contract Tower,10,14,5,0,29,0,8,30,0,38,10,22,35,0,67,80,0,80,147
05/14/2023,UNV,PA,AEA,EN,Federal Contract Tower,12,16,5,0,33,0,1,39,0,40,12,17,44,0,73,26,0,26,99
05/15/2023,UNV,PA,AEA,EN,Federal Contract Tower,8,19,12,0,39,0,3,34,4,41,8,22,46,4,80,38,0,38,118
05/16/2023,UNV,PA,AEA,EN,Federal Contract Tower,9,17,5,0,31,0,4,45,2,51,9,21,50,2,82,62,0,62,144
05/17/2023,UNV,PA,AEA,EN,Federal Contract Tower,9,20,4,0,33,0,3,31,0,34,9,23,35,0,67,14,0,14,81
05/18/2023,UNV,PA,AEA,EN,Federal Contract Tower,9,16,8,0,33,0,2,52,0,54,9,18,60,0,87,40,0,40,127
05/19/2023,UNV,PA,AEA,EN,Federal Contract Tower,10,23,9,0,42,0,2,25,0,27,10,25,34,0,69,16,0,16,85
05/20/2023,UNV,PA,AEA,EN,Federal Contract Tower,9,13,8,0,30,0,4,15,0,19,9,17,23,0,49,40,0,40,89
05/21/2023,UNV,PA,AEA,EN,Federal Contract Tower,9,23,10,0,42,0,4,46,6,56,9,27,56,6,98,16,0,16,114
05/22/2023,UNV,PA,AEA,EN,Federal Contract Tower,9,13,5,0,27,0,6,49,2,57,9,19,54,2,84,100,6,106,190
05/23/2023,UNV,PA,AEA,EN,Federal Contract Tower,9,15,7,8,39,0,6,53,8,67,9,21,60,16,106,88,18,106,212
05/24/2023,UNV,PA,AEA,EN,Federal Contract Tower,9,19,6,1,35,0,8,39,4,51,9,27,45,5,86,46,0,46,132
05/25/2023,UNV,PA,AEA,EN,Federal Contract Tower,8,24,4,0,36,0,16,56,0,72,8,40,60,0,108,26,0,26,134
05/26/2023,UNV,PA,AEA,EN,Federal Contract Tower,10,24,12,0,46,0,7,50,0,57,10,31,62,0,103,18,0,18,121
05/27/2023,UNV,PA,AEA,EN,Federal Contract Tower,9,19,10,0,38,0,4,58,0,62,9,23,68,0,100,48,0,48,148
05/28/2023,UNV,PA,AEA,EN,Federal Contract Tower,12,10,7,0,29,0,3,56,0,59,12,13,63,0,88,74,0,74,162
05/29/2023,UNV,PA,AEA,EN,Federal Contract Tower,9,19,7,0,35,0,4,31,0,35,9,23,38,0,70,8,0,8,78
05/30/2023,UNV,PA,AEA,EN,Federal Contract Tower,9,13,9,0,31,0,12,54,0,66,9,25,63,0,97,36,0,36,133
05/31/2023,UNV,PA,AEA,EN,Federal Contract Tower,9,20,5,2,36,0,3,39,6,48,9,23,44,8,84,40,6,46,130
06/01/2023,UNV,PA,AEA,EN,Federal Contract Tower,10,21,12,3,46,0,10,62,3,75,10,31,74,6,121,48,0,48,169
06/02/2023,UNV,PA,AEA,EN,Federal Contract Tower,10,17,12,0,39,0,7,40,0,47,10,24,52,0,86,26,0,26,112
06/03/2023,UNV,PA,AEA,EN,Federal Contract Tower,8,12,12,0,32,0,6,29,2,37,8,18,41,2,69,34,0,34,103
06/04/2023,UNV,PA,AEA,EN,Federal Contract Tower,9,11,12,0,32,0,4,40,1,45,9,15,52,1,77,38,0,38,115
06/05/2023,UNV,PA,AEA,EN,Federal Contract Tower,9,11,11,0,31,0,5,41,8,54,9,16,52,8,85,60,12,72,157
06/06/2023,UNV,PA,AEA,EN,Federal Contract Tower,8,14,9,0,31,0,23,16,0,39,8,37,25,0,70,42,0,42,112
06/07/2023,UNV,PA,AEA,EN,Federal Contract Tower,7,19,18,0,44,0,2,18,0,20,7,21,36,0,64,54,0,54,118
06/08/2023,UNV,PA,AEA,EN,Federal Contract Tower,7,22,12,0,41,0,3,15,0,18,7,25,27,0,59,26,0,26,85
06/09/2023,UNV,PA,AEA,EN,Federal Contract Tower,7,26,11,0,44,0,8,27,2,37,7,34,38,2,81,54,0,54,135
06/10/2023,UNV,PA,AEA,EN,Federal Contract Tower,8,12,5,0,25,0,4,41,4,49,8,16,46,4,74,122,0,122,196
06/11/2023,UNV,PA,AEA,EN,Federal Contract Tower,8,12,8,0,28,0,4,31,0,35,8,16,39,0,63,40,0,40,103
06/12/2023,UNV,PA,AEA,EN,Federal Contract Tower,6,19,7,0,32,0,7,0,0,7,6,26,7,0,39,0,0,0,39
06/13/2023,UNV,PA,AEA,EN,Federal Contract Tower,7,20,11,1,39,0,11,43,0,54,7,31,54,1,93,102,0,102,195
06/14/2023,UNV,PA,AEA,EN,Federal Contract Tower,5,18,9,0,32,0,6,1,0,7,5,24,10,0,39,0,0,0,39
06/15/2023,UNV,PA,AEA,EN,Federal Contract Tower,8,16,6,0,30,0,2,49,2,53,8,18,55,2,83,52,0,52,135
06/16/2023,UNV,PA,AEA,EN,Federal Contract Tower,6,21,5,0,32,0,1,0,0,1,6,22,5,0,33,0,0,0,33
06/17/2023,UNV,PA,AEA,EN,Federal Contract Tower,5,16,7,0,28,0,9,31,0,40,5,25,38,0,68,48,0,48,116
06/18/2023,UNV,PA,AEA,EN,Federal Contract Tower,8,21,7,0,36,0,7,59,1,67,8,28,66,1,103,34,0,34,137
06/19/2023,UNV,PA,AEA,EN,Federal Contract Tower,7,14,9,0,30,0,14,33,0,47,7,28,42,0,77,32,0,32,109
06/20/2023,UNV,PA,AEA,EN,Federal Contract Tower,6,20,10,0,36,0,19,39,8,66,6,39,49,8,102,74,42,116,218
06/21/2023,UNV,PA,AEA,EN,Federal Contract Tower,7,18,20,1,46,0,0,40,2,42,7,18,60,3,88,56,0,56,144
06/22/2023,UNV,PA,AEA,EN,Federal Contract Tower,7,15,13,0,35,0,0,0,0,0,7,15,13,0,35,0,0,0,35
06/23/2023,UNV,PA,AEA,EN,Federal Contract Tower,7,15,26,0,48,0,0,0,0,0,7,15,26,0,48,0,0,0,48
06/24/2023,UNV,PA,AEA,EN,Federal Contract Tower,7,14,13,4,38,0,0,13,0,13,7,14,26,4,51,6,0,6,57
06/25/2023,UNV,PA,AEA,EN,Federal Contract Tower,5,10,19,0,34,0,0,13,0,13,5,10,32,0,47,34,0,34,81
06/26/2023,UNV,PA,AEA,EN,Federal Contract Tower,5,13,12,0,30,0,2,26,1,29,5,15,38,1,59,112,0,112,171
06/27/2023,UNV,PA,AEA,EN,Federal Contract Tower,6,12,10,1,29,0,0,4,0,4,6,12,14,1,33,10,0,10,43
06/28/2023,UNV,PA,AEA,EN,Federal Contract Tower,6,18,21,0,45,0,0,9,0,9,6,18,30,0,54,36,0,36,90
06/29/2023,UNV,PA,AEA,EN,Federal Contract Tower,9,17,15,1,42,0,0,23,0,23,9,17,38,1,65,100,0,100,165
06/30/2023,UNV,PA,AEA,EN,Federal Contract Tower,7,22,24,0,53,0,2,4,0,6,7,24,28,0,59,0,0,0,59
07/01/2023,UNV,PA,AEA,EN,Federal Contract Tower,6,11,11,0,28,0,0,17,0,17,6,11,28,0,45,56,0,56,101
07/02/2023,UNV,PA,AEA,EN,Federal Contract Tower,6,17,3,0,26,0,2,0,0,2,6,19,3,0,28,0,0,0,28
07/03/2023,UNV,PA,AEA,EN,Federal Contract Tower,7,10,8,0,25,0,2,10,0,12,7,12,18,0,37,20,0,20,57
07/04/2023,UNV,PA,AEA,EN,Federal Contract Tower,5,6,5,0,16,0,2,28,0,30,5,8,33,0,46,36,0,36,82
07/05/2023,UNV,PA,AEA,EN,Federal Contract Tower,8,13,6,1,28,0,3,69,0,72,8,16,75,1,100,88,0,88,188
07/06/2023,UNV,PA,AEA,EN,Federal Contract Tower,7,19,2,0,28,0,7,45,0,52,7,26,47,0,80,68,0,68,148
07/07/2023,UNV,PA,AEA,EN,Federal Contract Tower,8,17,6,0,31,0,5,26,0,31,8,22,32,0,62,42,0,42,104
07/08/2023,UNV,PA,AEA,EN,Federal Contract Tower,8,11,16,0,35,0,9,26,0,35,8,20,42,0,70,54,0,54,124
07/09/2023,UNV,PA,AEA,EN,Federal Contract Tower,5,7,10,0,22,0,1,10,0,11,5,8,20,0,33,14,0,14,47
07/10/2023,UNV,PA,AEA,EN,Federal Contract Tower,7,15,12,1,35,0,5,26,2,33,7,20,38,3,68,58,8,66,134
07/11/2023,UNV,PA,AEA,EN,Federal Contract Tower,6,17,6,0,29,0,6,63,3,72,6,23,69,3,101,92,0,92,193
07/12/2023,UNV,PA,AEA,EN,Federal Contract Tower,6,17,17,0,40,0,6,36,4,46,6,23,53,4,86,22,0,22,108
07/13/2023,UNV,PA,AEA,EN,Federal Contract Tower,7,16,9,0,32,0,6,40,0,46,7,22,49,0,78,60,0,60,138
07/14/2023,UNV,PA,AEA,EN,Federal Contract Tower,7,20,14,0,41,0,4,42,0,46,7,24,56,0,87,58,0,58,145
07/15/2023,UNV,PA,AEA,EN,Federal Contract Tower,8,15,14,0,37,0,3,49,0,52,8,18,63,0,89,96,0,96,185
07/16/2023,UNV,PA,AEA,EN,Federal Contract Tower,7,10,10,0,27,0,5,25,0,30,7,15,35,0,57,50,0,50,107
07/17/2023,UNV,PA,AEA,EN,Federal Contract Tower,6,11,22,0,39,0,3,10,0,13,6,14,32,0,52,8,0,8,60
07/18/2023,UNV,PA,AEA,EN,Federal Contract Tower,6,14,4,5,29,0,3,20,5,28,6,17,24,10,57,72,22,94,151
07/19/2023,UNV,PA,AEA,EN,Federal Contract Tower,8,24,12,0,44,0,1,35,0,36,8,25,47,0,80,110,0,110,190
07/20/2023,UNV,PA,AEA,EN,Federal Contract Tower,7,26,12,0,45,0,2,29,2,33,7,28,41,2,78,61,0,61,139
07/21/2023,UNV,PA,AEA,EN,Federal Contract Tower,6,14,18,0,38,0,1,33,0,34,6,15,51,0,72,48,0,48,120
07/22/2023,UNV,PA,AEA,EN,Federal Contract Tower,7,19,9,0,35,0,5,73,0,78,7,24,82,0,113,68,0,68,181
07/23/2023,UNV,PA,AEA,EN,Federal Contract Tower,8,16,14,0,38,0,2,57,0,59,8,18,71,0,97,32,0,32,129
07/24/2023,UNV,PA,AEA,EN,Federal Contract Tower,6,12,8,0,26,0,2,27,0,29,6,14,35,0,55,36,0,36,91
07/25/2023,UNV,PA,AEA,EN,Federal Contract Tower,2,20,13,2,37,0,2,24,2,28,2,22,37,4,65,18,0,18,83
07/26/2023,UNV,PA,AEA,EN,Federal Contract Tower,7,21,20,1,49,0,9,30,1,40,7,30,50,2,89,10,0,10,99
07/27/2023,UNV,PA,AEA,EN,Federal Contract Tower,6,22,14,1,43,0,6,17,2,25,6,28,31,3,68,22,0,22,90
07/28/2023,UNV,PA,AEA,EN,Federal Contract Tower,7,16,18,0,41,0,2,27,0,29,7,18,45,0,70,72,0,72,142
07/29/2023,UNV,PA,AEA,EN,Federal Contract Tower,9,14,9,0,32,0,6,3,0,9,9,20,12,0,41,0,0,0,41
07/30/2023,UNV,PA,AEA,EN,Federal Contract Tower,7,12,11,1,31,0,3,43,0,46,7,15,54,1,77,44,0,44,121
07/31/2023,UNV,PA,AEA,EN,Federal Contract Tower,10,14,15,1,40,0,8,45,0,53,10,22,60,1,93,100,0,100,193
08/01/2023,UNV,PA,AEA,EN,Federal Contract Tower,8,15,13,0,36,0,10,66,1,77,8,25,79,1,113,42,0,42,155
08/02/2023,UNV,PA,AEA,EN,Federal Contract Tower,8,15,11,0,34,0,7,57,0,64,8,22,68,0,98,78,0,78,176
08/03/2023,UNV,PA,AEA,EN,Federal Contract Tower,8,14,10,0,32,0,3,38,0,41,8,17,48,0,73,72,0,72,145
08/04/2023,UNV,PA,AEA,EN,Federal Contract Tower,5,17,12,0,34,0,3,14,2,19,5,20,26,2,53,24,0,24,77
08/05/2023,UNV,PA,AEA,EN,Federal Contract Tower,7,16,15,0,38,0,0,38,1,39,7,16,53,1,77,74,0,74,151
08/06/2023,UNV,PA,AEA,EN,Federal Contract Tower,8,12,7,1,28,0,2,43,0,45,8,14,50,1,73,26,0,26,99
08/07/2023,UNV,PA,AEA,EN,Federal Contract Tower,7,12,6,0,25,0,1,3,0,4,7,13,9,0,29,0,0,0,29
08/08/2023,UNV,PA,AEA,EN,Federal Contract Tower,6,14,10,4,34,0,2,16,0,18,6,16,26,4,52,6,0,6,58
08/09/2023,UNV,PA,AEA,EN,Federal Contract Tower,8,21,20,2,51,0,64,2,0,66,8,85,22,2,117,48,6,54,171
08/10/2023,UNV,PA,AEA,EN,Federal Contract Tower,7,15,21,4,47,0,3,4,3,10,7,18,25,7,57,24,14,38,95
08/11/2023,UNV,PA,AEA,EN,Federal Contract Tower,8,20,13,0,41,0,2,36,2,40,8,22,49,2,81,22,0,22,103
08/12/2023,UNV,PA,AEA,EN,Federal Contract Tower,7,17,5,0,29,0,2,35,0,37,7,19,40,0,66,32,0,32,98
08/13/2023,UNV,PA,AEA,EN,Federal Contract Tower,6,14,6,0,26,0,5,11,3,19,6,19,17,3,45,14,0,14,59
08/14/2023,UNV,PA,AEA,EN,Federal Contract Tower,4,14,6,0,24,0,2,24,0,26,4,16,30,0,50,32,0,32,82
08/15/2023,UNV,PA,AEA,EN,Federal Contract Tower,7,21,7,4,39,0,5,18,2,25,7,26,25,6,64,36,20,56,120
08/16/2023,UNV,PA,AEA,EN,Federal Contract Tower,10,19,13,0,42,0,1,34,2,37,10,20,47,2,79,90,0,90,169
08/17/2023,UNV,PA,AEA,EN,Federal Contract Tower,8,21,13,0,42,0,7,32,2,41,8,28,45,2,83,18,0,18,101
08/18/2023,UNV,PA,AEA,EN,Federal Contract Tower,9,19,9,0,37,0,1,7,0,8,9,20,16,0,45,12,0,12,57
08/19/2023,UNV,PA,AEA,EN,Federal Contract Tower,11,14,2,0,27,0,2,46,0,48,11,16,48,0,75,28,0,28,103
08/20/2023,UNV,PA,AEA,EN,Federal Contract Tower,7,12,18,0,37,0,2,44,0,46,7,14,62,0,83,20,0,20,103
08/21/2023,UNV,PA,AEA,EN,Federal Contract Tower,7,11,9,0,27,0,3,27,0,30,7,14,36,0,57,58,0,58,115
08/23/2023,UNV,PA,AEA,EN,Federal Contract Tower,10,15,4,0,29,0,0,25,0,25,10,15,29,0,54,22,0,22,76
08/24/2023,UNV,PA,AEA,EN,Federal Contract Tower,9,15,5,0,29,0,2,4,0,6,9,17,9,0,35,16,0,16,51
08/25/2023,UNV,PA,AEA,EN,Federal Contract Tower,8,18,19,1,46,0,7,22,2,31,8,25,41,3,77,72,2,74,151
08/26/2023,UNV,PA,AEA,EN,Federal Contract Tower,9,15,10,1,35,0,14,29,7,50,9,29,39,8,85,38,2,40,125
08/27/2023,UNV,PA,AEA,EN,Federal Contract Tower,7,12,6,0,25,0,4,43,0,47,7,16,49,0,72,48,0,48,120
08/28/2023,UNV,PA,AEA,EN,Federal Contract Tower,9,16,9,0,34,0,1,12,0,13,9,17,21,0,47,0,0,0,47
08/29/2023,UNV,PA,AEA,EN,Federal Contract Tower,8,22,5,4,39,0,6,19,1,26,8,28,24,5,65,16,10,26,91
08/30/2023,UNV,PA,AEA,EN,Federal Contract Tower,8,12,13,2,35,0,2,37,6,45,8,14,50,8,80,54,0,54,134
08/31/2023,UNV,PA,AEA,EN,Federal Contract Tower,8,15,11,3,37,0,2,36,5,43,8,17,47,8,80,46,12,58,138
