08/02/2008,VCT,TX,ASW,CE,Federal Contract Tower,2,1,8,0,11,0,1,38,3,42,2,2,46,3,53,14,12,26,79
08/03/2008,VCT,TX,ASW,CE,Federal Contract Tower,2,0,20,2,24,2,2,3,0,7,4,2,23,2,31,10,8,18,49
08/04/2008,VCT,TX,ASW,CE,Federal Contract Tower,3,0,10,11,24,0,0,17,27,44,3,0,27,38,68,10,126,136,204
08/05/2008,VCT,TX,ASW,CE,Federal Contract Tower,0,1,3,0,4,0,2,8,3,13,0,3,11,3,17,16,0,16,33
08/06/2008,VCT,TX,ASW,CE,Federal Contract Tower,2,0,3,9,14,2,1,21,48,72,4,1,24,57,86,2,158,160,246
08/07/2008,VCT,TX,ASW,CE,Federal Contract Tower,2,0,7,10,19,2,1,35,28,66,4,1,42,38,85,28,44,72,157
08/08/2008,VCT,TX,ASW,CE,Federal Contract Tower,2,1,9,8,20,2,2,23,12,39,4,3,32,20,59,16,58,74,133
08/09/2008,VCT,TX,ASW,CE,Federal Contract Tower,2,1,1,4,8,2,1,28,6,37,4,2,29,10,45,16,8,24,69
08/10/2008,VCT,TX,ASW,CE,Federal Contract Tower,0,0,12,1,13,0,0,12,2,14,0,0,24,3,27,10,2,12,39
08/11/2008,VCT,TX,ASW,CE,Federal Contract Tower,2,0,3,14,19,0,0,19,26,45,2,0,22,40,64,14,72,86,150
08/12/2008,VCT,TX,ASW,CE,Federal Contract Tower,2,4,7,1,14,2,6,14,27,49,4,10,21,28,63,28,64,92,155
08/13/2008,VCT,TX,ASW,CE,Federal Contract Tower,2,0,5,26,33,2,2,27,39,70,4,2,32,65,103,4,70,74,177
08/14/2008,VCT,TX,ASW,CE,Federal Contract Tower,2,1,11,22,36,2,2,38,51,93,4,3,49,73,129,62,58,120,249
08/15/2008,VCT,TX,ASW,CE,Federal Contract Tower,2,0,6,9,17,2,2,24,8,36,4,2,30,17,53,10,8,18,71
08/16/2008,VCT,TX,ASW,CE,Federal Contract Tower,0,1,1,0,2,0,1,7,1,9,0,2,8,1,11,1,0,1,12
08/17/2008,VCT,TX,ASW,CE,Federal Contract Tower,0,2,2,2,6,0,0,6,0,6,0,2,8,2,12,0,0,0,12
08/18/2008,VCT,TX,ASW,CE,Federal Contract Tower,2,0,5,4,11,2,0,8,2,12,4,0,13,6,23,0,18,18,41
08/19/2008,VCT,TX,ASW,CE,Federal Contract Tower,3,2,7,19,31,3,2,16,21,42,6,4,23,40,73,2,14,16,89
08/20/2008,VCT,TX,ASW,CE,Federal Contract Tower,2,1,12,6,21,2,2,17,7,28,4,3,29,13,49,14,14,28,77
08/21/2008,VCT,TX,ASW,CE,Federal Contract Tower,1,0,12,29,42,1,2,27,44,74,2,2,39,73,116,45,138,183,299
08/22/2008,VCT,TX,ASW,CE,Federal Contract Tower,3,0,1,8,12,3,2,10,19,34,6,2,11,27,46,18,27,45,91
08/23/2008,VCT,TX,ASW,CE,Federal Contract Tower,3,1,4,0,8,1,1,18,0,20,4,2,22,0,28,8,0,8,36
08/24/2008,VCT,TX,ASW,CE,Federal Contract Tower,0,2,6,4,12,0,0,48,2,50,0,2,54,6,62,10,4,14,76
08/25/2008,VCT,TX,ASW,CE,Federal Contract Tower,2,0,7,39,48,2,0,30,13,45,4,0,37,52,93,16,79,95,188
08/26/2008,VCT,TX,ASW,CE,Federal Contract Tower,2,0,4,24,30,0,2,56,62,120,2,2,60,86,150,38,134,172,322
08/27/2008,VCT,TX,ASW,CE,Federal Contract Tower,2,0,20,20,42,2,2,42,37,83,4,2,62,57,125,6,98,104,229
08/28/2008,VCT,TX,ASW,CE,Federal Contract Tower,2,1,4,10,17,2,2,31,34,69,4,3,35,44,86,27,54,81,167
08/29/2008,VCT,TX,ASW,CE,Federal Contract Tower,2,1,5,7,15,2,2,31,32,67,4,3,36,39,82,48,44,92,174
08/30/2008,VCT,TX,ASW,CE,Federal Contract Tower,2,1,4,0,7,0,1,21,0,22,2,2,25,0,29,30,0,30,59
08/31/2008,VCT,TX,ASW,CE,Federal Contract Tower,0,2,2,1,5,0,2,9,1,12,0,4,11,2,17,8,0,8,25
09/01/2008,VCT,TX,ASW,CE,Federal Contract Tower,2,0,2,0,4,0,0,21,0,21,2,0,23,0,25,0,0,0,25
09/02/2008,VCT,TX,ASW,CE,Federal Contract Tower,2,2,12,14,30,2,2,35,33,72,4,4,47,47,102,6,34,40,142
09/03/2008,VCT,TX,ASW,CE,Federal Contract Tower,2,1,14,50,67,0,1,45,37,83,2,2,59,87,150,12,154,166,316
09/04/2008,VCT,TX,ASW,CE,Federal Contract Tower,0,2,19,18,39,0,1,27,21,49,0,3,46,39,88,32,72,104,192
09/05/2008,VCT,TX,ASW,CE,Federal Contract Tower,2,1,2,4,9,0,1,39,13,53,2,2,41,17,62,56,28,84,146
09/06/2008,VCT,TX,ASW,CE,Federal Contract Tower,3,1,1,0,5,0,0,46,4,50,3,1,47,4,55,20,2,22,77
09/07/2008,VCT,TX,ASW,CE,Federal Contract Tower,0,2,3,8,13,0,0,27,0,27,0,2,30,8,40,24,8,32,72
09/08/2008,VCT,TX,ASW,CE,Federal Contract Tower,0,2,5,22,29,0,0,10,19,29,0,2,15,41,58,8,14,22,80
09/09/2008,VCT,TX,ASW,CE,Federal Contract Tower,2,1,17,23,43,0,1,24,13,38,2,2,41,36,81,17,109,126,207
09/10/2008,VCT,TX,ASW,CE,Federal Contract Tower,2,0,11,14,27,0,1,24,8,33,2,1,35,22,60,0,70,70,130
09/11/2008,VCT,TX,ASW,CE,Federal Contract Tower,0,1,9,0,10,0,0,31,21,52,0,1,40,21,62,0,12,12,74
09/12/2008,VCT,TX,ASW,CE,Federal Contract Tower,0,0,3,0,3,0,0,5,7,12,0,0,8,7,15,0,2,2,17
09/13/2008,VCT,TX,ASW,CE,Federal Contract Tower,0,0,0,0,0,0,0,23,13,36,0,0,23,13,36,0,0,0,36
09/14/2008,VCT,TX,ASW,CE,Federal Contract Tower,0,0,4,5,9,0,0,4,7,11,0,0,8,12,20,0,14,14,34
09/15/2008,VCT,TX,ASW,CE,Federal Contract Tower,0,3,7,21,31,0,0,40,43,83,0,3,47,64,114,16,44,60,174
09/16/2008,VCT,TX,ASW,CE,Federal Contract Tower,3,0,9,10,22,0,1,45,48,94,3,1,54,58,116,18,66,84,200
09/17/2008,VCT,TX,ASW,CE,Federal Contract Tower,1,1,5,29,36,1,1,15,44,61,2,2,20,73,97,0,96,96,193
09/18/2008,VCT,TX,ASW,CE,Federal Contract Tower,2,3,10,15,30,0,1,23,50,74,2,4,33,65,104,2,82,84,188
09/19/2008,VCT,TX,ASW,CE,Federal Contract Tower,2,1,5,22,30,0,1,31,52,84,2,2,36,74,114,0,118,118,232
09/20/2008,VCT,TX,ASW,CE,Federal Contract Tower,3,1,4,5,13,0,0,30,11,41,3,1,34,16,54,6,6,12,66
09/21/2008,VCT,TX,ASW,CE,Federal Contract Tower,0,0,5,9,14,0,0,11,4,15,0,0,16,13,29,0,10,10,39
09/22/2008,VCT,TX,ASW,CE,Federal Contract Tower,0,2,1,42,45,0,1,28,30,59,0,3,29,72,104,6,180,186,290
09/23/2008,VCT,TX,ASW,CE,Federal Contract Tower,2,1,5,5,13,0,1,20,7,28,2,2,25,12,41,18,52,70,111
09/24/2008,VCT,TX,ASW,CE,Federal Contract Tower,2,1,14,13,30,0,1,35,37,73,2,2,49,50,103,6,142,148,251
09/25/2008,VCT,TX,ASW,CE,Federal Contract Tower,2,1,8,32,43,0,1,32,13,46,2,2,40,45,89,18,154,172,261
09/26/2008,VCT,TX,ASW,CE,Federal Contract Tower,2,2,0,8,12,0,2,41,21,64,2,4,41,29,76,24,18,42,118
09/27/2008,VCT,TX,ASW,CE,Federal Contract Tower,3,2,1,0,6,0,0,28,0,28,3,2,29,0,34,36,0,36,70
09/28/2008,VCT,TX,ASW,CE,Federal Contract Tower,2,0,7,1,10,0,0,23,1,24,2,0,30,2,34,28,2,30,64
09/29/2008,VCT,TX,ASW,CE,Federal Contract Tower,0,2,7,19,28,0,0,22,15,37,0,2,29,34,65,8,36,44,109
09/30/2008,VCT,TX,ASW,CE,Federal Contract Tower,2,1,5,12,20,0,1,19,26,46,2,2,24,38,66,16,48,64,130
10/01/2008,VCT,TX,ASW,CE,Federal Contract Tower,2,1,17,30,50,0,1,22,19,42,2,2,39,49,92,28,212,240,332
10/02/2008,VCT,TX,ASW,CE,Federal Contract Tower,3,1,17,16,37,0,1,54,31,86,3,2,71,47,123,22,62,84,207
10/03/2008,VCT,TX,ASW,CE,Federal Contract Tower,2,2,2,22,28,0,1,21,37,59,2,3,23,59,87,16,194,210,297
10/04/2008,VCT,TX,ASW,CE,Federal Contract Tower,3,5,1,5,14,0,0,22,0,22,3,5,23,5,36,30,8,38,74
10/05/2008,VCT,TX,ASW,CE,Federal Contract Tower,0,2,2,3,7,0,0,23,4,27,0,2,25,7,34,8,24,32,66
10/06/2008,VCT,TX,ASW,CE,Federal Contract Tower,0,2,9,60,71,0,0,15,32,47,0,2,24,92,118,2,185,187,305
10/07/2008,VCT,TX,ASW,CE,Federal Contract Tower,3,1,6,25,35,0,1,19,15,35,3,2,25,40,70,16,74,90,160
10/08/2008,VCT,TX,ASW,CE,Federal Contract Tower,2,1,4,20,27,0,1,30,32,63,2,2,34,52,90,20,156,176,266
10/09/2008,VCT,TX,ASW,CE,Federal Contract Tower,2,1,5,15,23,0,1,36,16,53,2,2,41,31,76,38,72,110,186
10/10/2008,VCT,TX,ASW,CE,Federal Contract Tower,2,1,0,5,8,0,1,14,23,38,2,2,14,28,46,10,104,114,160
10/11/2008,VCT,TX,ASW,CE,Federal Contract Tower,3,1,2,0,6,0,0,22,2,24,3,1,24,2,30,0,0,0,30
10/12/2008,VCT,TX,ASW,CE,Federal Contract Tower,2,0,3,1,6,0,0,16,1,17,2,0,19,2,23,12,0,12,35
10/13/2008,VCT,TX,ASW,CE,Federal Contract Tower,2,0,6,4,12,0,1,18,3,22,2,1,24,7,34,60,6,66,100
10/14/2008,VCT,TX,ASW,CE,Federal Contract Tower,2,1,1,14,18,0,1,8,15,24,2,2,9,29,42,0,58,58,100
10/15/2008,VCT,TX,ASW,CE,Federal Contract Tower,0,2,8,26,36,0,0,2,24,26,0,2,10,50,62,0,44,44,106
10/16/2008,VCT,TX,ASW,CE,Federal Contract Tower,2,5,13,32,52,0,1,11,14,26,2,6,24,46,78,4,98,102,180
10/17/2008,VCT,TX,ASW,CE,Federal Contract Tower,2,1,12,5,20,0,1,20,23,44,2,2,32,28,64,26,72,98,162
10/18/2008,VCT,TX,ASW,CE,Federal Contract Tower,3,1,0,11,15,0,0,35,3,38,3,1,35,14,53,12,10,22,75
10/19/2008,VCT,TX,ASW,CE,Federal Contract Tower,2,0,5,1,8,0,0,33,1,34,2,0,38,2,42,14,0,14,56
10/20/2008,VCT,TX,ASW,CE,Federal Contract Tower,2,0,11,16,29,0,0,38,27,65,2,0,49,43,94,32,25,57,151
10/21/2008,VCT,TX,ASW,CE,Federal Contract Tower,2,2,16,18,38,0,1,23,17,41,2,3,39,35,79,42,62,104,183
10/22/2008,VCT,TX,ASW,CE,Federal Contract Tower,2,5,8,20,35,0,0,25,40,65,2,5,33,60,100,18,160,178,278
10/23/2008,VCT,TX,ASW,CE,Federal Contract Tower,3,1,12,9,25,0,1,22,41,64,3,2,34,50,89,36,64,100,189
10/24/2008,VCT,TX,ASW,CE,Federal Contract Tower,3,1,7,19,30,0,1,41,25,67,3,2,48,44,97,58,28,86,183
10/25/2008,VCT,TX,ASW,CE,Federal Contract Tower,3,1,4,2,10,0,0,25,4,29,3,1,29,6,39,0,6,6,45
10/26/2008,VCT,TX,ASW,CE,Federal Contract Tower,2,0,14,0,16,0,0,20,0,20,2,0,34,0,36,20,2,22,58
10/27/2008,VCT,TX,ASW,CE,Federal Contract Tower,2,1,0,11,14,0,0,10,9,19,2,1,10,20,33,2,10,12,45
10/28/2008,VCT,TX,ASW,CE,Federal Contract Tower,3,1,8,32,44,0,1,30,30,61,3,2,38,62,105,20,158,178,283
10/29/2008,VCT,TX,ASW,CE,Federal Contract Tower,2,1,4,16,23,0,1,18,27,46,2,2,22,43,69,8,200,208,277
10/30/2008,VCT,TX,ASW,CE,Federal Contract Tower,2,1,9,14,26,0,1,52,24,77,2,2,61,38,103,60,88,148,251
10/31/2008,VCT,TX,ASW,CE,Federal Contract Tower,2,1,10,7,20,0,1,13,11,25,2,2,23,18,45,22,20,42,87
11/01/2008,VCT,TX,ASW,CE,Federal Contract Tower,3,1,6,0,10,0,0,18,0,18,3,1,24,0,28,12,0,12,40
11/02/2008,VCT,TX,ASW,CE,Federal Contract Tower,2,0,5,0,7,0,0,36,0,36,2,0,41,0,43,14,0,14,57
11/03/2008,VCT,TX,ASW,CE,Federal Contract Tower,2,0,13,18,33,0,0,23,31,54,2,0,36,49,87,26,82,108,195
11/04/2008,VCT,TX,ASW,CE,Federal Contract Tower,2,1,11,11,25,0,0,24,29,53,2,1,35,40,78,12,98,110,188
11/05/2008,VCT,TX,ASW,CE,Federal Contract Tower,4,1,10,31,46,0,1,12,25,38,4,2,22,56,84,2,90,92,176
11/06/2008,VCT,TX,ASW,CE,Federal Contract Tower,2,1,7,8,18,0,1,16,30,47,2,2,23,38,65,24,12,36,101
11/07/2008,VCT,TX,ASW,CE,Federal Contract Tower,2,1,3,13,19,0,1,33,24,58,2,2,36,37,77,10,40,50,127
11/08/2008,VCT,TX,ASW,CE,Federal Contract Tower,3,1,1,4,9,0,0,29,2,31,3,1,30,6,40,16,4,20,60
11/09/2008,VCT,TX,ASW,CE,Federal Contract Tower,2,0,3,0,5,0,0,0,24,24,2,0,3,24,29,8,0,8,37
11/10/2008,VCT,TX,ASW,CE,Federal Contract Tower,2,1,7,5,15,0,0,4,17,21,2,1,11,22,36,14,8,22,58
11/11/2008,VCT,TX,ASW,CE,Federal Contract Tower,2,2,5,2,11,0,0,5,4,9,2,2,10,6,20,12,102,114,134
11/12/2008,VCT,TX,ASW,CE,Federal Contract Tower,2,2,9,18,31,0,0,14,24,38,2,2,23,42,69,4,86,90,159
11/13/2008,VCT,TX,ASW,CE,Federal Contract Tower,3,2,15,32,52,0,0,17,2,19,3,2,32,34,71,18,40,58,129
11/14/2008,VCT,TX,ASW,CE,Federal Contract Tower,2,1,4,11,18,0,1,10,33,44,2,2,14,44,62,8,138,146,208
11/15/2008,VCT,TX,ASW,CE,Federal Contract Tower,3,1,3,3,10,0,0,15,6,21,3,1,18,9,31,2,4,6,37
11/16/2008,VCT,TX,ASW,CE,Federal Contract Tower,2,0,0,17,19,0,0,31,1,32,2,0,31,18,51,22,20,42,93
11/17/2008,VCT,TX,ASW,CE,Federal Contract Tower,2,0,12,22,36,0,0,26,22,48,2,0,38,44,84,12,136,148,232
11/18/2008,VCT,TX,ASW,CE,Federal Contract Tower,2,2,9,16,29,0,2,30,10,42,2,4,39,26,71,42,114,156,227
11/19/2008,VCT,TX,ASW,CE,Federal Contract Tower,2,3,11,26,42,0,1,30,23,54,2,4,41,49,96,10,204,214,310
11/20/2008,VCT,TX,ASW,CE,Federal Contract Tower,2,1,13,15,31,0,1,23,25,49,2,2,36,40,80,20,66,86,166
11/21/2008,VCT,TX,ASW,CE,Federal Contract Tower,2,3,10,7,22,0,1,18,2,21,2,4,28,9,43,40,8,48,91
11/22/2008,VCT,TX,ASW,CE,Federal Contract Tower,3,2,5,4,14,0,0,12,2,14,3,2,17,6,28,2,28,30,58
11/23/2008,VCT,TX,ASW,CE,Federal Contract Tower,2,1,7,10,20,0,0,12,1,13,2,1,19,11,33,6,10,16,49
11/24/2008,VCT,TX,ASW,CE,Federal Contract Tower,2,0,11,19,32,0,1,7,16,24,2,1,18,35,56,8,54,62,118
11/25/2008,VCT,TX,ASW,CE,Federal Contract Tower,2,5,8,10,25,0,1,39,21,61,2,6,47,31,86,28,16,44,130
11/26/2008,VCT,TX,ASW,CE,Federal Contract Tower,2,2,7,8,19,0,1,23,0,24,2,3,30,8,43,14,38,52,95
11/27/2008,VCT,TX,ASW,CE,Federal Contract Tower,5,0,1,0,6,0,0,11,0,11,5,0,12,0,17,0,0,0,17
11/28/2008,VCT,TX,ASW,CE,Federal Contract Tower,2,1,7,0,10,0,0,11,0,11,2,1,18,0,21,16,0,16,37
11/29/2008,VCT,TX,ASW,CE,Federal Contract Tower,3,0,13,0,16,0,0,23,0,23,3,0,36,0,39,32,0,32,71
11/30/2008,VCT,TX,ASW,CE,Federal Contract Tower,2,0,3,0,5,0,0,18,0,18,2,0,21,0,23,8,0,8,31
12/01/2008,VCT,TX,ASW,CE,Federal Contract Tower,2,1,5,6,14,0,1,19,17,37,2,2,24,23,51,16,18,34,85
12/02/2008,VCT,TX,ASW,CE,Federal Contract Tower,2,1,7,29,39,0,1,22,20,43,2,2,29,49,82,20,112,132,214
12/03/2008,VCT,TX,ASW,CE,Federal Contract Tower,2,1,6,8,17,0,1,16,12,29,2,2,22,20,46,0,68,68,114
12/04/2008,VCT,TX,ASW,CE,Federal Contract Tower,2,1,2,24,29,0,1,25,19,45,2,2,27,43,74,12,108,120,194
12/05/2008,VCT,TX,ASW,CE,Federal Contract Tower,0,1,6,3,10,0,1,20,4,25,0,2,26,7,35,26,42,68,103
12/06/2008,VCT,TX,ASW,CE,Federal Contract Tower,3,1,2,4,10,0,0,31,9,40,3,1,33,13,50,8,8,16,66
12/07/2008,VCT,TX,ASW,CE,Federal Contract Tower,2,2,1,3,8,0,0,26,3,29,2,2,27,6,37,8,2,10,47
12/08/2008,VCT,TX,ASW,CE,Federal Contract Tower,2,2,12,16,32,0,0,4,1,5,2,2,16,17,37,10,42,52,89
12/09/2008,VCT,TX,ASW,CE,Federal Contract Tower,2,1,10,31,44,0,1,6,6,13,2,2,16,37,57,0,58,58,115
12/10/2008,VCT,TX,ASW,CE,Federal Contract Tower,2,1,13,14,30,0,1,15,14,30,2,2,28,28,60,2,28,30,90
12/11/2008,VCT,TX,ASW,CE,Federal Contract Tower,2,3,6,20,31,0,1,28,25,54,2,4,34,45,85,10,62,72,157
12/12/2008,VCT,TX,ASW,CE,Federal Contract Tower,3,3,4,6,16,0,1,34,15,50,3,4,38,21,66,10,14,24,90
12/13/2008,VCT,TX,ASW,CE,Federal Contract Tower,3,3,5,11,22,0,0,15,5,20,3,3,20,16,42,0,42,42,84
12/14/2008,VCT,TX,ASW,CE,Federal Contract Tower,2,0,2,0,4,0,0,10,2,12,2,0,12,2,16,7,6,13,29
12/15/2008,VCT,TX,ASW,CE,Federal Contract Tower,2,2,5,6,15,0,0,0,2,2,2,2,5,8,17,0,2,2,19
12/16/2008,VCT,TX,ASW,CE,Federal Contract Tower,3,4,15,2,24,0,0,0,0,0,3,4,15,2,24,2,2,4,28
12/17/2008,VCT,TX,ASW,CE,Federal Contract Tower,0,4,18,7,29,0,0,0,0,0,0,4,18,7,29,2,6,8,37
12/18/2008,VCT,TX,ASW,CE,Federal Contract Tower,3,4,9,10,26,0,0,7,0,7,3,4,16,10,33,6,0,6,39
12/19/2008,VCT,TX,ASW,CE,Federal Contract Tower,4,2,10,2,18,0,2,10,6,18,4,4,20,8,36,16,6,22,58
12/20/2008,VCT,TX,ASW,CE,Federal Contract Tower,3,1,3,0,7,0,0,4,2,6,3,1,7,2,13,2,0,2,15
12/21/2008,VCT,TX,ASW,CE,Federal Contract Tower,0,2,7,0,9,0,0,5,0,5,0,2,12,0,14,0,0,0,14
12/22/2008,VCT,TX,ASW,CE,Federal Contract Tower,2,3,9,28,42,0,0,14,10,24,2,3,23,38,66,26,88,114,180
12/23/2008,VCT,TX,ASW,CE,Federal Contract Tower,2,4,8,2,16,0,0,0,0,0,2,4,8,2,16,0,2,2,18
12/24/2008,VCT,TX,ASW,CE,Federal Contract Tower,3,4,3,0,10,0,1,9,0,10,3,5,12,0,20,4,0,4,24
12/25/2008,VCT,TX,ASW,CE,Federal Contract Tower,3,1,1,0,5,0,0,4,0,4,3,1,5,0,9,0,0,0,9
12/26/2008,VCT,TX,ASW,CE,Federal Contract Tower,2,2,6,2,12,0,0,11,0,11,2,2,17,2,23,2,2,4,27
12/27/2008,VCT,TX,ASW,CE,Federal Contract Tower,2,0,2,0,4,0,0,4,0,4,2,0,6,0,8,10,0,10,18
12/28/2008,VCT,TX,ASW,CE,Federal Contract Tower,2,0,3,0,5,0,0,6,0,6,2,0,9,0,11,0,0,0,11
12/29/2008,VCT,TX,ASW,CE,Federal Contract Tower,2,1,1,10,14,0,0,33,17,50,2,1,34,27,64,20,82,102,166
12/30/2008,VCT,TX,ASW,CE,Federal Contract Tower,2,3,5,6,16,0,1,36,5,42,2,4,41,11,58,36,8,44,102
12/31/2008,VCT,TX,ASW,CE,Federal Contract Tower,3,1,5,1,10,0,0,16,0,16,3,1,21,1,26,10,0,10,36
01/01/2009,VCT,TX,ASW,CE,Federal Contract Tower,3,0,6,0,9,0,0,11,0,11,3,0,17,0,20,14,0,14,34
01/02/2009,VCT,TX,ASW,CE,Federal Contract Tower,2,1,3,0,6,0,1,17,0,18,2,2,20,0,24,6,0,6,30
01/03/2009,VCT,TX,ASW,CE,Federal Contract Tower,2,1,4,0,7,0,0,25,0,25,2,1,29,0,32,0,0,0,32
01/04/2009,VCT,TX,ASW,CE,Federal Contract Tower,2,2,6,0,10,0,0,7,0,7,2,2,13,0,17,4,0,4,21
01/05/2009,VCT,TX,ASW,CE,Federal Contract Tower,2,1,9,15,27,0,0,0,0,0,2,1,9,15,27,0,14,14,41
01/06/2009,VCT,TX,ASW,CE,Federal Contract Tower,2,2,11,20,35,0,1,5,15,21,2,3,16,35,56,0,116,116,172
01/07/2009,VCT,TX,ASW,CE,Federal Contract Tower,4,1,6,15,26,0,1,44,22,67,4,2,50,37,93,20,124,144,237
01/08/2009,VCT,TX,ASW,CE,Federal Contract Tower,2,1,10,16,29,0,1,52,35,88,2,2,62,51,117,10,88,98,215
01/09/2009,VCT,TX,ASW,CE,Federal Contract Tower,2,2,11,15,30,0,0,27,26,53,2,2,38,41,83,20,36,56,139
01/10/2009,VCT,TX,ASW,CE,Federal Contract Tower,5,1,4,3,13,0,0,8,1,9,5,1,12,4,22,0,2,2,24
01/11/2009,VCT,TX,ASW,CE,Federal Contract Tower,2,0,0,3,5,0,0,29,1,30,2,0,29,4,35,0,2,2,37
01/12/2009,VCT,TX,ASW,CE,Federal Contract Tower,0,2,3,26,31,1,0,32,40,73,1,2,35,66,104,24,186,210,314
01/13/2009,VCT,TX,ASW,CE,Federal Contract Tower,3,3,8,27,41,0,1,38,32,71,3,4,46,59,112,2,72,74,186
01/14/2009,VCT,TX,ASW,CE,Federal Contract Tower,3,0,13,24,40,0,1,37,44,82,3,1,50,68,122,14,112,126,248
01/15/2009,VCT,TX,ASW,CE,Federal Contract Tower,2,1,7,24,34,0,1,30,35,66,2,2,37,59,100,10,128,138,238
01/16/2009,VCT,TX,ASW,CE,Federal Contract Tower,2,3,3,18,26,0,1,9,33,43,2,4,12,51,69,0,140,140,209
01/17/2009,VCT,TX,ASW,CE,Federal Contract Tower,3,1,3,1,8,0,0,8,6,14,3,1,11,7,22,0,2,2,24
01/18/2009,VCT,TX,ASW,CE,Federal Contract Tower,2,0,5,2,9,0,0,31,11,42,2,0,36,13,51,4,58,62,113
01/19/2009,VCT,TX,ASW,CE,Federal Contract Tower,2,0,8,3,13,0,2,32,12,46,2,2,40,15,59,12,16,28,87
01/20/2009,VCT,TX,ASW,CE,Federal Contract Tower,4,1,11,19,35,0,1,30,19,50,4,2,41,38,85,20,48,68,153
01/21/2009,VCT,TX,ASW,CE,Federal Contract Tower,2,1,3,17,23,0,0,42,29,71,2,1,45,46,94,14,128,142,236
01/22/2009,VCT,TX,ASW,CE,Federal Contract Tower,3,1,7,20,31,0,1,34,33,68,3,2,41,53,99,8,196,204,303
01/23/2009,VCT,TX,ASW,CE,Federal Contract Tower,2,1,17,9,29,0,1,24,10,35,2,2,41,19,64,0,64,64,128
01/24/2009,VCT,TX,ASW,CE,Federal Contract Tower,3,3,3,2,11,0,0,5,0,5,3,3,8,2,16,16,2,18,34
01/25/2009,VCT,TX,ASW,CE,Federal Contract Tower,4,0,5,2,11,0,0,6,0,6,4,0,11,2,17,6,2,8,25
01/26/2009,VCT,TX,ASW,CE,Federal Contract Tower,2,0,3,12,17,0,1,6,20,27,2,1,9,32,44,0,90,90,134
01/27/2009,VCT,TX,ASW,CE,Federal Contract Tower,3,2,8,37,50,0,0,8,13,21,3,2,16,50,71,0,172,172,243
01/28/2009,VCT,TX,ASW,CE,Federal Contract Tower,3,1,7,20,31,0,1,19,10,30,3,2,26,30,61,50,54,104,165
01/29/2009,VCT,TX,ASW,CE,Federal Contract Tower,3,1,7,18,29,0,1,29,16,46,3,2,36,34,75,10,74,84,159
01/30/2009,VCT,TX,ASW,CE,Federal Contract Tower,3,1,3,9,16,0,1,34,16,51,3,2,37,25,67,4,76,80,147
01/31/2009,VCT,TX,ASW,CE,Federal Contract Tower,3,1,6,4,14,0,0,50,6,56,3,1,56,10,70,24,8,32,102
02/01/2009,VCT,TX,ASW,CE,Federal Contract Tower,2,0,1,0,3,0,0,21,0,21,2,0,22,0,24,2,0,2,26
02/02/2009,VCT,TX,ASW,CE,Federal Contract Tower,4,0,4,25,33,0,1,13,17,31,4,1,17,42,64,6,94,100,164
02/03/2009,VCT,TX,ASW,CE,Federal Contract Tower,3,1,2,25,31,0,1,58,17,76,3,2,60,42,107,28,54,82,189
02/04/2009,VCT,TX,ASW,CE,Federal Contract Tower,2,1,4,30,37,0,1,45,17,63,2,2,49,47,100,38,198,236,336
02/05/2009,VCT,TX,ASW,CE,Federal Contract Tower,2,1,8,21,32,0,1,23,13,37,2,2,31,34,69,24,200,224,293
02/06/2009,VCT,TX,ASW,CE,Federal Contract Tower,2,1,7,14,24,0,1,29,30,60,2,2,36,44,84,10,62,72,156
02/07/2009,VCT,TX,ASW,CE,Federal Contract Tower,3,1,0,5,9,0,0,28,1,29,3,1,28,6,38,0,2,2,40
02/08/2009,VCT,TX,ASW,CE,Federal Contract Tower,2,2,4,1,9,0,0,14,2,16,2,2,18,3,25,6,2,8,33
02/09/2009,VCT,TX,ASW,CE,Federal Contract Tower,2,2,10,21,35,0,1,24,11,36,2,3,34,32,71,4,87,91,162
02/10/2009,VCT,TX,ASW,CE,Federal Contract Tower,2,2,6,32,42,0,0,13,7,20,2,2,19,39,62,0,42,42,104
02/11/2009,VCT,TX,ASW,CE,Federal Contract Tower,2,1,12,26,41,0,1,25,37,63,2,2,37,63,104,0,264,264,368
02/12/2009,VCT,TX,ASW,CE,Federal Contract Tower,2,2,7,13,24,0,1,40,17,58,2,3,47,30,82,6,148,154,236
02/13/2009,VCT,TX,ASW,CE,Federal Contract Tower,2,4,8,4,18,0,0,8,7,15,2,4,16,11,33,0,44,44,77
02/14/2009,VCT,TX,ASW,CE,Federal Contract Tower,2,3,0,4,9,0,0,8,0,8,2,3,8,4,17,4,4,8,25
02/15/2009,VCT,TX,ASW,CE,Federal Contract Tower,2,2,4,12,20,0,0,15,2,17,2,2,19,14,37,0,14,14,51
02/16/2009,VCT,TX,ASW,CE,Federal Contract Tower,2,1,16,5,24,0,2,30,0,32,2,3,46,5,56,20,0,20,76
02/17/2009,VCT,TX,ASW,CE,Federal Contract Tower,2,3,17,21,43,0,1,2,4,7,2,4,19,25,50,10,84,94,144
02/18/2009,VCT,TX,ASW,CE,Federal Contract Tower,2,2,16,16,36,0,1,17,5,23,2,3,33,21,59,4,108,112,171
02/19/2009,VCT,TX,ASW,CE,Federal Contract Tower,2,1,11,16,30,0,1,44,28,73,2,2,55,44,103,20,94,114,217
02/20/2009,VCT,TX,ASW,CE,Federal Contract Tower,2,1,5,19,27,0,1,44,16,61,2,2,49,35,88,42,272,314,402
02/21/2009,VCT,TX,ASW,CE,Federal Contract Tower,2,1,1,2,6,0,0,5,0,5,2,1,6,2,11,8,0,8,19
02/22/2009,VCT,TX,ASW,CE,Federal Contract Tower,2,0,1,1,4,0,0,30,9,39,2,0,31,10,43,4,10,14,57
02/23/2009,VCT,TX,ASW,CE,Federal Contract Tower,3,0,4,17,24,0,1,42,47,90,3,1,46,64,114,14,116,130,244
02/24/2009,VCT,TX,ASW,CE,Federal Contract Tower,2,1,8,27,38,0,1,33,28,62,2,2,41,55,100,16,202,218,318
02/25/2009,VCT,TX,ASW,CE,Federal Contract Tower,2,4,7,14,27,0,0,20,14,34,2,4,27,28,61,28,96,124,185
02/26/2009,VCT,TX,ASW,CE,Federal Contract Tower,2,2,7,35,46,0,0,17,19,36,2,2,24,54,82,6,90,96,178
02/27/2009,VCT,TX,ASW,CE,Federal Contract Tower,2,1,5,12,20,0,1,15,15,31,2,2,20,27,51,0,130,130,181
02/28/2009,VCT,TX,ASW,CE,Federal Contract Tower,2,1,2,8,13,0,0,8,0,8,2,1,10,8,21,0,8,8,29
03/01/2009,VCT,TX,ASW,CE,Federal Contract Tower,2,0,0,0,2,0,0,14,8,22,2,0,14,8,24,2,70,72,96
03/02/2009,VCT,TX,ASW,CE,Federal Contract Tower,2,0,4,15,21,0,1,21,13,35,2,1,25,28,56,4,122,126,182
03/03/2009,VCT,TX,ASW,CE,Federal Contract Tower,2,1,5,17,25,0,1,36,19,56,2,2,41,36,81,26,160,186,267
03/04/2009,VCT,TX,ASW,CE,Federal Contract Tower,2,1,7,16,26,0,1,21,24,46,2,2,28,40,72,18,90,108,180
03/05/2009,VCT,TX,ASW,CE,Federal Contract Tower,2,1,3,18,24,0,1,14,27,42,2,2,17,45,66,0,32,32,98
03/06/2009,VCT,TX,ASW,CE,Federal Contract Tower,2,2,5,21,30,0,0,7,31,38,2,2,12,52,68,18,56,74,142
03/07/2009,VCT,TX,ASW,CE,Federal Contract Tower,4,1,9,0,14,0,0,7,6,13,4,1,16,6,27,8,6,14,41
03/08/2009,VCT,TX,ASW,CE,Federal Contract Tower,2,0,4,4,10,0,0,11,0,11,2,0,15,4,21,0,40,40,61
03/09/2009,VCT,TX,ASW,CE,Federal Contract Tower,2,0,7,42,51,0,1,15,19,35,2,1,22,61,86,2,94,96,182
03/10/2009,VCT,TX,ASW,CE,Federal Contract Tower,2,1,7,41,51,0,1,16,21,38,2,2,23,62,89,4,88,92,181
03/11/2009,VCT,TX,ASW,CE,Federal Contract Tower,2,1,15,27,45,0,1,11,15,27,2,2,26,42,72,4,104,108,180
03/12/2009,VCT,TX,ASW,CE,Federal Contract Tower,4,4,8,17,33,0,0,2,0,2,4,4,10,17,35,0,12,12,47
03/13/2009,VCT,TX,ASW,CE,Federal Contract Tower,2,2,7,8,19,0,0,0,0,0,2,2,7,8,19,0,4,4,23
03/14/2009,VCT,TX,ASW,CE,Federal Contract Tower,2,1,3,0,6,0,0,0,0,0,2,1,3,0,6,0,0,0,6
03/15/2009,VCT,TX,ASW,CE,Federal Contract Tower,2,0,4,0,6,0,0,10,0,10,2,0,14,0,16,24,0,24,40
03/16/2009,VCT,TX,ASW,CE,Federal Contract Tower,3,0,4,43,50,0,1,15,19,35,3,1,19,62,85,4,148,152,237
03/17/2009,VCT,TX,ASW,CE,Federal Contract Tower,3,3,5,11,22,0,1,26,7,34,3,4,31,18,56,34,38,72,128
03/18/2009,VCT,TX,ASW,CE,Federal Contract Tower,2,1,14,29,46,0,1,32,22,55,2,2,46,51,101,8,140,148,249
03/19/2009,VCT,TX,ASW,CE,Federal Contract Tower,2,1,15,25,43,0,1,31,14,46,2,2,46,39,89,22,52,74,163
03/20/2009,VCT,TX,ASW,CE,Federal Contract Tower,0,3,11,19,33,0,1,17,21,39,0,4,28,40,72,6,46,52,124
03/21/2009,VCT,TX,ASW,CE,Federal Contract Tower,0,5,3,0,8,0,0,11,0,11,0,5,14,0,19,2,0,2,21
03/22/2009,VCT,TX,ASW,CE,Federal Contract Tower,0,2,8,0,10,0,0,11,4,15,0,2,19,4,25,2,2,4,29
03/23/2009,VCT,TX,ASW,CE,Federal Contract Tower,2,2,8,38,50,0,1,7,31,39,2,3,15,69,89,0,62,62,151
03/24/2009,VCT,TX,ASW,CE,Federal Contract Tower,0,4,9,26,39,0,0,4,4,8,0,4,13,30,47,0,36,36,83
03/25/2009,VCT,TX,ASW,CE,Federal Contract Tower,0,3,6,35,44,0,1,6,15,22,0,4,12,50,66,0,46,46,112
03/26/2009,VCT,TX,ASW,CE,Federal Contract Tower,0,1,8,8,17,0,1,3,2,6,0,2,11,10,23,0,6,6,29
03/27/2009,VCT,TX,ASW,CE,Federal Contract Tower,0,4,13,23,40,0,1,11,25,37,0,5,24,48,77,0,172,172,249
03/28/2009,VCT,TX,ASW,CE,Federal Contract Tower,0,2,8,19,29,0,1,14,6,21,0,3,22,25,50,6,10,16,66
03/29/2009,VCT,TX,ASW,CE,Federal Contract Tower,2,0,8,19,29,0,0,30,8,38,2,0,38,27,67,16,14,30,97
03/30/2009,VCT,TX,ASW,CE,Federal Contract Tower,2,3,5,6,16,0,0,5,17,22,2,3,10,23,38,0,16,16,54
03/31/2009,VCT,TX,ASW,CE,Federal Contract Tower,0,3,5,31,39,0,1,8,14,23,0,4,13,45,62,0,90,90,152
04/01/2009,VCT,TX,ASW,CE,Federal Contract Tower,0,4,7,9,20,0,0,26,13,39,0,4,33,22,59,4,28,32,91
04/02/2009,VCT,TX,ASW,CE,Federal Contract Tower,0,3,8,16,27,0,1,13,12,26,0,4,21,28,53,0,44,44,97
04/03/2009,VCT,TX,ASW,CE,Federal Contract Tower,0,3,8,13,24,0,1,39,25,65,0,4,47,38,89,14,154,168,257
04/04/2009,VCT,TX,ASW,CE,Federal Contract Tower,0,3,11,2,16,0,0,41,2,43,0,3,52,4,59,14,4,18,77
04/05/2009,VCT,TX,ASW,CE,Federal Contract Tower,0,3,1,8,12,0,0,29,6,35,0,3,30,14,47,16,26,42,89
04/06/2009,VCT,TX,ASW,CE,Federal Contract Tower,0,2,4,9,15,0,1,8,21,30,0,3,12,30,45,0,124,124,169
04/07/2009,VCT,TX,ASW,CE,Federal Contract Tower,0,4,7,12,23,0,1,30,19,50,0,5,37,31,73,26,98,124,197
04/08/2009,VCT,TX,ASW,CE,Federal Contract Tower,0,4,6,13,23,0,1,29,21,51,0,5,35,34,74,20,228,248,322
04/09/2009,VCT,TX,ASW,CE,Federal Contract Tower,0,3,5,12,20,0,1,23,10,34,0,4,28,22,54,4,44,48,102
04/10/2009,VCT,TX,ASW,CE,Federal Contract Tower,0,3,3,4,10,0,1,24,14,39,0,4,27,18,49,46,12,58,107
04/11/2009,VCT,TX,ASW,CE,Federal Contract Tower,0,5,2,4,11,0,0,8,0,8,0,5,10,4,19,16,4,20,39
04/12/2009,VCT,TX,ASW,CE,Federal Contract Tower,0,4,4,5,13,0,0,14,3,17,0,4,18,8,30,0,22,22,52
04/13/2009,VCT,TX,ASW,CE,Federal Contract Tower,2,2,1,17,22,0,1,27,30,58,2,3,28,47,80,0,152,152,232
04/14/2009,VCT,TX,ASW,CE,Federal Contract Tower,0,3,0,27,30,0,1,36,33,70,0,4,36,60,100,26,114,140,240
04/15/2009,VCT,TX,ASW,CE,Federal Contract Tower,0,2,5,14,21,0,1,36,23,60,0,3,41,37,81,20,118,138,219
04/16/2009,VCT,TX,ASW,CE,Federal Contract Tower,0,7,8,10,25,0,0,2,0,2,0,7,10,10,27,0,8,8,35
04/17/2009,VCT,TX,ASW,CE,Federal Contract Tower,0,3,7,17,27,0,1,20,18,39,0,4,27,35,66,12,67,79,145
04/18/2009,VCT,TX,ASW,CE,Federal Contract Tower,0,3,3,0,6,0,0,1,0,1,0,3,4,0,7,0,0,0,7
04/19/2009,VCT,TX,ASW,CE,Federal Contract Tower,0,3,11,2,16,0,0,20,0,20,0,3,31,2,36,2,2,4,40
04/20/2009,VCT,TX,ASW,CE,Federal Contract Tower,0,2,4,4,10,0,1,25,7,33,0,3,29,11,43,40,24,64,107
04/21/2009,VCT,TX,ASW,CE,Federal Contract Tower,0,6,2,18,26,0,1,33,36,70,0,7,35,54,96,36,60,96,192
04/22/2009,VCT,TX,ASW,CE,Federal Contract Tower,0,4,23,40,67,0,1,14,23,38,0,5,37,63,105,34,156,190,295
04/23/2009,VCT,TX,ASW,CE,Federal Contract Tower,0,5,2,22,29,0,1,14,39,54,0,6,16,61,83,6,78,84,167
04/24/2009,VCT,TX,ASW,CE,Federal Contract Tower,0,4,2,14,20,0,0,7,9,16,0,4,9,23,36,2,18,20,56
04/25/2009,VCT,TX,ASW,CE,Federal Contract Tower,0,3,4,8,15,0,0,6,4,10,0,3,10,12,25,2,16,18,43
04/26/2009,VCT,TX,ASW,CE,Federal Contract Tower,0,3,0,5,8,0,0,8,0,8,0,3,8,5,16,0,6,6,22
04/27/2009,VCT,TX,ASW,CE,Federal Contract Tower,0,3,6,25,34,0,0,9,9,18,0,3,15,34,52,0,115,115,167
04/28/2009,VCT,TX,ASW,CE,Federal Contract Tower,0,6,16,31,53,0,0,13,11,24,0,6,29,42,77,10,99,109,186
04/29/2009,VCT,TX,ASW,CE,Federal Contract Tower,0,5,6,33,44,0,1,16,14,31,0,6,22,47,75,6,56,62,137
04/30/2009,VCT,TX,ASW,CE,Federal Contract Tower,0,3,5,17,25,0,1,12,5,18,0,4,17,22,43,2,28,30,73
05/01/2009,VCT,TX,ASW,CE,Federal Contract Tower,0,3,4,34,41,0,1,10,13,24,0,4,14,47,65,6,84,90,155
05/02/2009,VCT,TX,ASW,CE,Federal Contract Tower,0,2,17,7,26,0,0,6,6,12,0,2,23,13,38,14,36,50,88
05/03/2009,VCT,TX,ASW,CE,Federal Contract Tower,0,3,10,7,20,0,0,12,6,18,0,3,22,13,38,0,40,40,78
05/04/2009,VCT,TX,ASW,CE,Federal Contract Tower,0,2,9,6,17,0,1,28,5,34,0,3,37,11,51,6,10,16,67
05/05/2009,VCT,TX,ASW,CE,Federal Contract Tower,0,3,7,23,33,0,0,13,36,49,0,3,20,59,82,0,130,130,212
05/06/2009,VCT,TX,ASW,CE,Federal Contract Tower,0,3,4,17,24,0,1,15,22,38,0,4,19,39,62,14,108,122,184
05/07/2009,VCT,TX,ASW,CE,Federal Contract Tower,0,3,13,28,44,0,1,18,13,32,0,4,31,41,76,28,68,96,172
05/08/2009,VCT,TX,ASW,CE,Federal Contract Tower,0,3,10,5,18,0,1,20,14,35,0,4,30,19,53,10,28,38,91
05/09/2009,VCT,TX,ASW,CE,Federal Contract Tower,0,3,4,12,19,0,0,9,7,16,0,3,13,19,35,8,10,18,53
05/10/2009,VCT,TX,ASW,CE,Federal Contract Tower,0,2,7,7,16,0,0,22,6,28,0,2,29,13,44,2,24,26,70
05/11/2009,VCT,TX,ASW,CE,Federal Contract Tower,0,3,10,21,34,0,3,24,17,44,0,6,34,38,78,2,54,56,134
05/12/2009,VCT,TX,ASW,CE,Federal Contract Tower,0,3,8,27,38,0,0,37,34,71,0,3,45,61,109,16,74,90,199
05/13/2009,VCT,TX,ASW,CE,Federal Contract Tower,0,3,13,26,42,0,1,12,20,33,0,4,25,46,75,8,32,40,115
05/14/2009,VCT,TX,ASW,CE,Federal Contract Tower,0,3,12,22,37,0,1,18,8,27,0,4,30,30,64,20,74,94,158
05/15/2009,VCT,TX,ASW,CE,Federal Contract Tower,0,3,7,22,32,0,1,30,19,50,0,4,37,41,82,12,22,34,116
05/16/2009,VCT,TX,ASW,CE,Federal Contract Tower,0,3,3,2,8,0,0,18,0,18,0,3,21,2,26,2,4,6,32
05/17/2009,VCT,TX,ASW,CE,Federal Contract Tower,0,3,8,6,17,0,0,11,4,15,0,3,19,10,32,0,6,6,38
05/18/2009,VCT,TX,ASW,CE,Federal Contract Tower,0,3,7,6,16,0,0,33,23,56,0,3,40,29,72,28,64,92,164
05/19/2009,VCT,TX,ASW,CE,Federal Contract Tower,0,4,4,19,27,0,0,33,23,56,0,4,37,42,83,28,126,154,237
05/20/2009,VCT,TX,ASW,CE,Federal Contract Tower,0,5,4,30,39,0,3,37,21,61,0,8,41,51,100,28,58,86,186
05/21/2009,VCT,TX,ASW,CE,Federal Contract Tower,0,3,7,15,25,0,1,33,22,56,0,4,40,37,81,64,127,191,272
05/22/2009,VCT,TX,ASW,CE,Federal Contract Tower,0,3,2,11,16,0,1,19,10,30,0,4,21,21,46,14,98,112,158
05/23/2009,VCT,TX,ASW,CE,Federal Contract Tower,0,4,5,8,17,0,0,12,2,14,0,4,17,10,31,8,6,14,45
05/24/2009,VCT,TX,ASW,CE,Federal Contract Tower,0,3,3,0,6,0,0,11,0,11,0,3,14,0,17,2,0,2,19
05/25/2009,VCT,TX,ASW,CE,Federal Contract Tower,0,3,1,2,6,0,0,32,2,34,0,3,33,4,40,22,2,24,64
05/26/2009,VCT,TX,ASW,CE,Federal Contract Tower,0,3,8,11,22,0,1,12,8,21,0,4,20,19,43,4,44,48,91
05/27/2009,VCT,TX,ASW,CE,Federal Contract Tower,0,3,5,0,8,0,1,2,0,3,0,4,7,0,11,0,0,0,11
05/28/2009,VCT,TX,ASW,CE,Federal Contract Tower,0,3,9,34,46,0,1,26,17,44,0,4,35,51,90,28,56,84,174
05/29/2009,VCT,TX,ASW,CE,Federal Contract Tower,0,4,3,25,32,0,1,28,27,56,0,5,31,52,88,20,66,86,174
05/30/2009,VCT,TX,ASW,CE,Federal Contract Tower,0,3,5,0,8,0,0,14,0,14,0,3,19,0,22,2,0,2,24
05/31/2009,VCT,TX,ASW,CE,Federal Contract Tower,0,3,4,0,7,0,0,19,2,21,0,3,23,2,28,0,0,0,28
06/01/2009,VCT,TX,ASW,CE,Federal Contract Tower,0,2,11,40,53,0,1,11,14,26,0,3,22,54,79,20,190,210,289
06/02/2009,VCT,TX,ASW,CE,Federal Contract Tower,0,3,5,18,26,0,0,17,19,36,0,3,22,37,62,16,100,116,178
06/03/2009,VCT,TX,ASW,CE,Federal Contract Tower,0,4,7,15,26,0,1,8,16,25,0,5,15,31,51,10,34,44,95
06/04/2009,VCT,TX,ASW,CE,Federal Contract Tower,0,3,10,28,41,0,1,31,18,50,0,4,41,46,91,28,176,204,295
06/05/2009,VCT,TX,ASW,CE,Federal Contract Tower,0,4,0,12,16,0,1,47,18,66,0,5,47,30,82,22,28,50,132
06/06/2009,VCT,TX,ASW,CE,Federal Contract Tower,0,1,3,0,4,0,0,28,2,30,0,1,31,2,34,4,0,4,38
06/07/2009,VCT,TX,ASW,CE,Federal Contract Tower,0,2,1,6,9,0,0,18,10,28,0,2,19,16,37,8,10,18,55
06/08/2009,VCT,TX,ASW,CE,Federal Contract Tower,0,2,2,26,30,0,1,31,25,57,0,3,33,51,87,22,126,148,235
06/09/2009,VCT,TX,ASW,CE,Federal Contract Tower,0,3,9,23,35,0,1,34,14,49,0,4,43,37,84,30,114,144,228
06/10/2009,VCT,TX,ASW,CE,Federal Contract Tower,0,3,3,36,42,0,1,14,18,33,0,4,17,54,75,0,54,54,129
06/11/2009,VCT,TX,ASW,CE,Federal Contract Tower,0,4,14,21,39,0,0,14,14,28,0,4,28,35,67,28,80,108,175
06/12/2009,VCT,TX,ASW,CE,Federal Contract Tower,0,3,3,30,36,0,1,29,23,53,0,4,32,53,89,32,132,164,253
06/13/2009,VCT,TX,ASW,CE,Federal Contract Tower,0,3,5,2,10,0,0,30,6,36,0,3,35,8,46,14,70,84,130
06/14/2009,VCT,TX,ASW,CE,Federal Contract Tower,0,3,1,4,8,0,0,21,4,25,0,3,22,8,33,8,20,28,61
06/15/2009,VCT,TX,ASW,CE,Federal Contract Tower,0,3,5,13,21,0,0,8,18,26,0,3,13,31,47,2,76,78,125
06/16/2009,VCT,TX,ASW,CE,Federal Contract Tower,0,4,5,30,39,0,0,29,35,64,0,4,34,65,103,14,174,188,291
06/17/2009,VCT,TX,ASW,CE,Federal Contract Tower,0,7,4,23,34,0,0,24,38,62,0,7,28,61,96,12,148,160,256
06/18/2009,VCT,TX,ASW,CE,Federal Contract Tower,0,5,10,4,19,0,0,22,31,53,0,5,32,35,72,34,68,102,174
06/19/2009,VCT,TX,ASW,CE,Federal Contract Tower,0,4,7,10,21,0,0,26,17,43,0,4,33,27,64,20,34,54,118
06/20/2009,VCT,TX,ASW,CE,Federal Contract Tower,0,1,8,2,11,0,0,11,0,11,0,1,19,2,22,10,2,12,34
06/21/2009,VCT,TX,ASW,CE,Federal Contract Tower,0,3,3,6,12,0,0,18,5,23,0,3,21,11,35,0,20,20,55
06/22/2009,VCT,TX,ASW,CE,Federal Contract Tower,0,2,7,21,30,0,1,18,20,39,0,3,25,41,69,54,52,106,175
06/23/2009,VCT,TX,ASW,CE,Federal Contract Tower,0,3,7,23,33,0,2,25,10,37,0,5,32,33,70,8,74,82,152
06/24/2009,VCT,TX,ASW,CE,Federal Contract Tower,0,3,5,11,19,0,1,27,15,43,0,4,32,26,62,34,50,84,146
06/25/2009,VCT,TX,ASW,CE,Federal Contract Tower,0,3,8,23,34,0,0,38,28,66,0,3,46,51,100,30,53,83,183
06/26/2009,VCT,TX,ASW,CE,Federal Contract Tower,0,3,6,33,42,0,1,28,22,51,0,4,34,55,93,18,64,82,175
06/27/2009,VCT,TX,ASW,CE,Federal Contract Tower,0,1,6,9,16,0,0,16,8,24,0,1,22,17,40,2,14,16,56
06/28/2009,VCT,TX,ASW,CE,Federal Contract Tower,0,3,0,0,3,0,0,19,6,25,0,3,19,6,28,16,4,20,48
06/29/2009,VCT,TX,ASW,CE,Federal Contract Tower,0,2,4,19,25,0,1,22,21,44,0,3,26,40,69,28,66,94,163
06/30/2009,VCT,TX,ASW,CE,Federal Contract Tower,0,2,6,27,35,0,2,26,37,65,0,4,32,64,100,44,232,276,376
07/01/2009,VCT,TX,ASW,CE,Federal Contract Tower,0,3,10,14,27,0,1,31,14,46,0,4,41,28,73,54,74,128,201
07/02/2009,VCT,TX,ASW,CE,Federal Contract Tower,0,4,6,6,16,0,1,23,10,34,0,5,29,16,50,0,10,10,60
07/03/2009,VCT,TX,ASW,CE,Federal Contract Tower,0,1,2,0,3,0,0,31,1,32,0,1,33,1,35,30,0,30,65
07/04/2009,VCT,TX,ASW,CE,Federal Contract Tower,0,1,4,0,5,0,0,8,0,8,0,1,12,0,13,18,0,18,31
07/05/2009,VCT,TX,ASW,CE,Federal Contract Tower,0,3,1,0,4,0,0,12,3,15,0,3,13,3,19,2,4,6,25
07/06/2009,VCT,TX,ASW,CE,Federal Contract Tower,0,2,6,18,26,0,1,17,30,48,0,3,23,48,74,32,54,86,160
07/07/2009,VCT,TX,ASW,CE,Federal Contract Tower,0,2,7,6,15,0,1,13,16,30,0,3,20,22,45,2,32,34,79
07/08/2009,VCT,TX,ASW,CE,Federal Contract Tower,0,2,9,19,30,0,1,41,16,58,0,3,50,35,88,38,56,94,182
07/09/2009,VCT,TX,ASW,CE,Federal Contract Tower,0,3,10,34,47,0,1,20,18,39,0,4,30,52,86,14,152,166,252
07/10/2009,VCT,TX,ASW,CE,Federal Contract Tower,0,3,5,21,29,0,0,25,25,50,0,3,30,46,79,18,82,100,179
07/11/2009,VCT,TX,ASW,CE,Federal Contract Tower,0,1,0,27,28,0,1,16,7,24,0,2,16,34,52,8,32,40,92
07/12/2009,VCT,TX,ASW,CE,Federal Contract Tower,0,3,1,8,12,0,0,15,6,21,0,3,16,14,33,2,12,14,47
07/13/2009,VCT,TX,ASW,CE,Federal Contract Tower,2,2,3,35,42,0,1,15,36,52,2,3,18,71,94,0,54,54,148
07/14/2009,VCT,TX,ASW,CE,Federal Contract Tower,0,6,12,62,80,0,1,21,33,55,0,7,33,95,135,8,156,164,299
07/15/2009,VCT,TX,ASW,CE,Federal Contract Tower,0,3,11,29,43,0,1,22,15,38,0,4,33,44,81,52,140,192,273
07/16/2009,VCT,TX,ASW,CE,Federal Contract Tower,0,3,3,22,28,0,1,32,28,61,0,4,35,50,89,52,162,214,303
07/17/2009,VCT,TX,ASW,CE,Federal Contract Tower,0,5,6,26,37,0,0,28,46,74,0,5,34,72,111,38,84,122,233
07/18/2009,VCT,TX,ASW,CE,Federal Contract Tower,0,2,5,11,18,0,0,18,0,18,0,2,23,11,36,0,4,4,40
07/19/2009,VCT,TX,ASW,CE,Federal Contract Tower,0,3,3,2,8,0,0,14,2,16,0,3,17,4,24,22,2,24,48
07/20/2009,VCT,TX,ASW,CE,Federal Contract Tower,0,2,3,20,25,0,1,22,20,43,0,3,25,40,68,20,102,122,190
07/21/2009,VCT,TX,ASW,CE,Federal Contract Tower,0,3,5,22,30,0,1,11,14,26,0,4,16,36,56,20,160,180,236
07/22/2009,VCT,TX,ASW,CE,Federal Contract Tower,0,3,7,36,46,0,1,29,23,53,0,4,36,59,99,46,82,128,227
07/23/2009,VCT,TX,ASW,CE,Federal Contract Tower,0,3,9,23,35,0,1,32,16,49,0,4,41,39,84,36,111,147,231
07/24/2009,VCT,TX,ASW,CE,Federal Contract Tower,0,3,10,5,18,0,1,16,33,50,0,4,26,38,68,56,102,158,226
07/25/2009,VCT,TX,ASW,CE,Federal Contract Tower,0,1,8,37,46,0,0,24,4,28,0,1,32,41,74,18,22,40,114
07/26/2009,VCT,TX,ASW,CE,Federal Contract Tower,0,3,5,0,8,0,0,17,4,21,0,3,22,4,29,18,12,30,59
07/27/2009,VCT,TX,ASW,CE,Federal Contract Tower,0,2,2,18,22,0,1,24,19,44,0,3,26,37,66,26,168,194,260
07/28/2009,VCT,TX,ASW,CE,Federal Contract Tower,0,3,3,18,24,0,1,26,16,43,0,4,29,34,67,4,70,74,141
07/29/2009,VCT,TX,ASW,CE,Federal Contract Tower,0,3,8,26,37,0,1,29,13,43,0,4,37,39,80,16,60,76,156
07/30/2009,VCT,TX,ASW,CE,Federal Contract Tower,0,3,6,26,35,0,1,16,8,25,0,4,22,34,60,10,80,90,150
07/31/2009,VCT,TX,ASW,CE,Federal Contract Tower,0,3,5,44,52,0,1,8,30,39,0,4,13,74,91,0,114,114,205
08/01/2009,VCT,TX,ASW,CE,Federal Contract Tower,0,2,6,11,19,0,0,13,4,17,0,2,19,15,36,4,8,12,48
08/02/2009,VCT,TX,ASW,CE,Federal Contract Tower,0,2,5,8,15,0,0,22,5,27,0,2,27,13,42,0,20,20,62
08/03/2009,VCT,TX,ASW,CE,Federal Contract Tower,0,3,10,20,33,0,1,17,27,45,0,4,27,47,78,20,52,72,150
08/04/2009,VCT,TX,ASW,CE,Federal Contract Tower,0,3,5,28,36,0,1,29,15,45,0,4,34,43,81,50,78,128,209
08/05/2009,VCT,TX,ASW,CE,Federal Contract Tower,0,3,8,30,41,0,1,30,32,63,0,4,38,62,104,14,126,140,244
08/06/2009,VCT,TX,ASW,CE,Federal Contract Tower,0,4,10,34,48,0,0,12,21,33,0,4,22,55,81,12,126,138,219
08/07/2009,VCT,TX,ASW,CE,Federal Contract Tower,0,3,2,8,13,0,0,17,2,19,0,3,19,10,32,22,8,30,62
08/08/2009,VCT,TX,ASW,CE,Federal Contract Tower,0,2,9,0,11,0,0,10,0,10,0,2,19,0,21,4,0,4,25
08/09/2009,VCT,TX,ASW,CE,Federal Contract Tower,0,2,6,0,8,0,0,12,1,13,0,2,18,1,21,2,0,2,23
08/10/2009,VCT,TX,ASW,CE,Federal Contract Tower,0,2,6,6,14,0,1,7,6,14,0,3,13,12,28,2,22,24,52
08/11/2009,VCT,TX,ASW,CE,Federal Contract Tower,0,3,4,10,17,0,2,20,4,26,0,5,24,14,43,10,22,32,75
08/12/2009,VCT,TX,ASW,CE,Federal Contract Tower,0,4,6,40,50,0,0,14,25,39,0,4,20,65,89,26,120,146,235
08/13/2009,VCT,TX,ASW,CE,Federal Contract Tower,0,3,12,23,38,0,3,13,10,26,0,6,25,33,64,26,76,102,166
08/14/2009,VCT,TX,ASW,CE,Federal Contract Tower,0,3,8,8,19,0,1,23,13,37,0,4,31,21,56,16,44,60,116
08/15/2009,VCT,TX,ASW,CE,Federal Contract Tower,0,2,7,5,14,0,0,47,11,58,0,2,54,16,72,4,28,32,104
08/16/2009,VCT,TX,ASW,CE,Federal Contract Tower,0,2,6,0,8,0,0,34,2,36,0,2,40,2,44,6,0,6,50
08/17/2009,VCT,TX,ASW,CE,Federal Contract Tower,0,2,6,26,34,0,1,13,25,39,0,3,19,51,73,22,70,92,165
08/18/2009,VCT,TX,ASW,CE,Federal Contract Tower,0,4,11,12,27,0,0,15,5,20,0,4,26,17,47,0,22,22,69
08/19/2009,VCT,TX,ASW,CE,Federal Contract Tower,0,3,5,10,18,0,1,32,19,52,0,4,37,29,70,4,12,16,86
08/20/2009,VCT,TX,ASW,CE,Federal Contract Tower,0,3,8,6,17,0,1,18,17,36,0,4,26,23,53,18,24,42,95
08/21/2009,VCT,TX,ASW,CE,Federal Contract Tower,0,4,6,8,18,0,0,15,22,37,0,4,21,30,55,50,208,258,313
08/22/2009,VCT,TX,ASW,CE,Federal Contract Tower,0,2,4,0,6,0,0,15,1,16,0,2,19,1,22,6,2,8,30
08/23/2009,VCT,TX,ASW,CE,Federal Contract Tower,0,2,5,0,7,0,0,24,3,27,0,2,29,3,34,32,0,32,66
08/24/2009,VCT,TX,ASW,CE,Federal Contract Tower,0,2,3,25,30,0,1,7,12,20,0,3,10,37,50,0,42,42,92
08/25/2009,VCT,TX,ASW,CE,Federal Contract Tower,0,3,4,4,11,0,3,32,15,50,0,6,36,19,61,48,18,66,127
08/26/2009,VCT,TX,ASW,CE,Federal Contract Tower,0,2,13,14,29,0,1,24,12,37,0,3,37,26,66,14,88,102,168
08/27/2009,VCT,TX,ASW,CE,Federal Contract Tower,0,3,4,31,38,0,1,25,17,43,0,4,29,48,81,16,162,178,259
08/28/2009,VCT,TX,ASW,CE,Federal Contract Tower,0,4,1,13,18,0,0,14,28,42,0,4,15,41,60,26,80,106,166
08/29/2009,VCT,TX,ASW,CE,Federal Contract Tower,0,2,3,6,11,0,0,16,2,18,0,2,19,8,29,20,4,24,53
08/30/2009,VCT,TX,ASW,CE,Federal Contract Tower,0,2,2,11,15,0,0,19,1,20,0,2,21,12,35,6,34,40,75
08/31/2009,VCT,TX,ASW,CE,Federal Contract Tower,0,2,9,10,21,0,1,28,19,48,0,3,37,29,69,58,88,146,215
09/01/2009,VCT,TX,ASW,CE,Federal Contract Tower,0,4,5,8,17,0,1,23,5,29,0,5,28,13,46,78,18,96,142
09/02/2009,VCT,TX,ASW,CE,Federal Contract Tower,0,5,19,10,34,0,1,27,17,45,0,6,46,27,79,34,100,134,213
09/03/2009,VCT,TX,ASW,CE,Federal Contract Tower,0,6,11,9,26,0,0,26,19,45,0,6,37,28,71,14,78,92,163
09/04/2009,VCT,TX,ASW,CE,Federal Contract Tower,0,3,9,4,16,0,1,5,14,20,0,4,14,18,36,4,4,8,44
09/05/2009,VCT,TX,ASW,CE,Federal Contract Tower,0,1,6,0,7,0,0,12,0,12,0,1,18,0,19,6,0,6,25
09/06/2009,VCT,TX,ASW,CE,Federal Contract Tower,0,1,0,0,1,0,0,25,0,25,0,1,25,0,26,10,0,10,36
09/07/2009,VCT,TX,ASW,CE,Federal Contract Tower,0,2,3,4,9,0,0,13,2,15,0,2,16,6,24,0,12,12,36
09/08/2009,VCT,TX,ASW,CE,Federal Contract Tower,0,5,6,3,14,0,0,4,0,4,0,5,10,3,18,0,2,2,20
09/09/2009,VCT,TX,ASW,CE,Federal Contract Tower,0,3,17,0,20,0,1,8,0,9,0,4,25,0,29,22,0,22,51
09/10/2009,VCT,TX,ASW,CE,Federal Contract Tower,0,3,6,2,11,0,1,3,4,8,0,4,9,6,19,0,6,6,25
09/11/2009,VCT,TX,ASW,CE,Federal Contract Tower,0,4,4,0,8,0,0,0,0,0,0,4,4,0,8,0,0,0,8
09/12/2009,VCT,TX,ASW,CE,Federal Contract Tower,0,1,2,2,5,0,0,9,2,11,0,1,11,4,16,14,2,16,32
09/13/2009,VCT,TX,ASW,CE,Federal Contract Tower,0,3,3,4,10,0,0,5,2,7,0,3,8,6,17,0,6,6,23
09/14/2009,VCT,TX,ASW,CE,Federal Contract Tower,0,2,7,32,41,0,1,19,26,46,0,3,26,58,87,2,212,214,301
09/15/2009,VCT,TX,ASW,CE,Federal Contract Tower,0,5,4,25,34,0,0,11,21,32,0,5,15,46,66,2,100,102,168
09/16/2009,VCT,TX,ASW,CE,Federal Contract Tower,0,3,12,28,43,0,1,26,32,59,0,4,38,60,102,10,56,66,168
09/17/2009,VCT,TX,ASW,CE,Federal Contract Tower,0,3,10,11,24,0,1,22,18,41,0,4,32,29,65,12,90,102,167
09/18/2009,VCT,TX,ASW,CE,Federal Contract Tower,0,3,13,8,24,0,1,32,15,48,0,4,45,23,72,26,46,72,144
09/19/2009,VCT,TX,ASW,CE,Federal Contract Tower,0,1,6,5,12,0,0,2,3,5,0,1,8,8,17,10,16,26,43
09/20/2009,VCT,TX,ASW,CE,Federal Contract Tower,0,3,8,0,11,0,0,28,0,28,0,3,36,0,39,8,0,8,47
09/21/2009,VCT,TX,ASW,CE,Federal Contract Tower,0,2,2,26,30,0,1,13,16,30,0,3,15,42,60,8,90,98,158
09/22/2009,VCT,TX,ASW,CE,Federal Contract Tower,0,4,4,0,8,0,0,2,0,2,0,4,6,0,10,0,0,0,10
09/23/2009,VCT,TX,ASW,CE,Federal Contract Tower,0,5,9,14,28,0,1,12,3,16,0,6,21,17,44,8,52,60,104
09/24/2009,VCT,TX,ASW,CE,Federal Contract Tower,0,3,6,22,31,0,1,5,1,7,0,4,11,23,38,0,28,28,66
09/25/2009,VCT,TX,ASW,CE,Federal Contract Tower,0,7,4,30,41,0,1,16,8,25,0,8,20,38,66,32,30,62,128
09/26/2009,VCT,TX,ASW,CE,Federal Contract Tower,0,1,4,4,9,0,0,15,0,15,0,1,19,4,24,12,2,14,38
09/27/2009,VCT,TX,ASW,CE,Federal Contract Tower,0,3,2,2,7,0,0,17,1,18,0,3,19,3,25,2,0,2,27
09/28/2009,VCT,TX,ASW,CE,Federal Contract Tower,0,3,4,15,22,0,0,18,11,29,0,3,22,26,51,14,58,72,123
09/29/2009,VCT,TX,ASW,CE,Federal Contract Tower,0,4,3,4,11,0,0,12,8,20,0,4,15,12,31,36,10,46,77
09/30/2009,VCT,TX,ASW,CE,Federal Contract Tower,0,4,9,31,44,0,0,16,6,22,0,4,25,37,66,30,162,192,258
10/01/2009,VCT,TX,ASW,CE,Federal Contract Tower,0,3,9,28,40,0,1,14,5,20,0,4,23,33,60,36,126,162,222
10/02/2009,VCT,TX,ASW,CE,Federal Contract Tower,0,3,5,9,17,0,1,38,10,49,0,4,43,19,66,10,34,44,110
10/03/2009,VCT,TX,ASW,CE,Federal Contract Tower,0,1,0,6,7,0,0,2,2,4,0,1,2,8,11,0,6,6,17
10/04/2009,VCT,TX,ASW,CE,Federal Contract Tower,0,3,5,2,10,0,0,8,0,8,0,3,13,2,18,4,2,6,24
10/05/2009,VCT,TX,ASW,CE,Federal Contract Tower,0,2,6,26,34,0,1,9,12,22,0,3,15,38,56,10,52,62,118
10/06/2009,VCT,TX,ASW,CE,Federal Contract Tower,0,3,6,20,29,0,1,13,12,26,0,4,19,32,55,6,100,106,161
10/07/2009,VCT,TX,ASW,CE,Federal Contract Tower,0,3,14,38,55,0,1,15,6,22,0,4,29,44,77,28,104,132,209
10/08/2009,VCT,TX,ASW,CE,Federal Contract Tower,0,4,8,5,17,0,0,18,12,30,0,4,26,17,47,60,26,86,133
10/09/2009,VCT,TX,ASW,CE,Federal Contract Tower,0,4,1,4,9,0,0,2,2,4,0,4,3,6,13,6,2,8,21
10/10/2009,VCT,TX,ASW,CE,Federal Contract Tower,0,2,6,1,9,0,0,3,0,3,0,2,9,1,12,4,0,4,16
10/11/2009,VCT,TX,ASW,CE,Federal Contract Tower,0,2,5,0,7,0,0,0,0,0,0,2,5,0,7,0,2,2,9
10/12/2009,VCT,TX,ASW,CE,Federal Contract Tower,0,3,2,0,5,0,1,6,2,9,0,4,8,2,14,0,0,0,14
10/13/2009,VCT,TX,ASW,CE,Federal Contract Tower,0,3,1,0,4,0,0,5,7,12,0,3,6,7,16,4,8,12,28
10/14/2009,VCT,TX,ASW,CE,Federal Contract Tower,0,3,12,21,36,0,1,13,23,37,0,4,25,44,73,26,76,102,175
10/15/2009,VCT,TX,ASW,CE,Federal Contract Tower,0,5,16,9,30,0,1,27,16,44,0,6,43,25,74,36,70,106,180
10/16/2009,VCT,TX,ASW,CE,Federal Contract Tower,0,3,6,8,17,0,2,13,11,26,0,5,19,19,43,26,10,36,79
10/17/2009,VCT,TX,ASW,CE,Federal Contract Tower,0,1,3,2,6,0,0,37,2,39,0,1,40,4,45,14,2,16,61
10/18/2009,VCT,TX,ASW,CE,Federal Contract Tower,0,3,6,0,9,0,0,48,0,48,0,3,54,0,57,16,0,16,73
10/19/2009,VCT,TX,ASW,CE,Federal Contract Tower,0,3,6,18,27,0,0,32,9,41,0,3,38,27,68,36,32,68,136
10/20/2009,VCT,TX,ASW,CE,Federal Contract Tower,0,4,8,17,29,0,0,23,11,34,0,4,31,28,63,22,62,84,147
10/21/2009,VCT,TX,ASW,CE,Federal Contract Tower,0,5,9,16,30,0,0,14,16,30,0,5,23,32,60,36,58,94,154
10/22/2009,VCT,TX,ASW,CE,Federal Contract Tower,0,5,6,0,11,0,0,8,14,22,0,5,14,14,33,22,38,60,93
10/23/2009,VCT,TX,ASW,CE,Federal Contract Tower,0,4,12,10,26,0,0,17,14,31,0,4,29,24,57,0,80,80,137
10/24/2009,VCT,TX,ASW,CE,Federal Contract Tower,0,1,5,0,6,0,0,52,4,56,0,1,57,4,62,14,0,14,76
10/25/2009,VCT,TX,ASW,CE,Federal Contract Tower,0,5,0,2,7,0,0,24,2,26,0,5,24,4,33,2,2,4,37
10/26/2009,VCT,TX,ASW,CE,Federal Contract Tower,0,1,3,0,4,0,0,0,0,0,0,1,3,0,4,0,0,0,4
10/27/2009,VCT,TX,ASW,CE,Federal Contract Tower,0,5,4,20,29,0,1,43,17,61,0,6,47,37,90,30,138,168,258
10/28/2009,VCT,TX,ASW,CE,Federal Contract Tower,0,4,6,22,32,0,0,10,6,16,0,4,16,28,48,6,82,88,136
10/29/2009,VCT,TX,ASW,CE,Federal Contract Tower,0,5,1,0,6,0,0,5,0,5,0,5,6,0,11,0,0,0,11
10/30/2009,VCT,TX,ASW,CE,Federal Contract Tower,0,4,2,20,26,0,0,26,13,39,0,4,28,33,65,22,60,82,147
10/31/2009,VCT,TX,ASW,CE,Federal Contract Tower,0,1,7,1,9,0,0,20,3,23,0,1,27,4,32,16,2,18,50
11/01/2009,VCT,TX,ASW,CE,Federal Contract Tower,0,3,3,1,7,0,0,27,2,29,0,3,30,3,36,0,14,14,50
11/02/2009,VCT,TX,ASW,CE,Federal Contract Tower,0,3,2,14,19,0,1,33,9,43,0,4,35,23,62,2,42,44,106
11/03/2009,VCT,TX,ASW,CE,Federal Contract Tower,0,3,4,16,23,0,1,33,3,37,0,4,37,19,60,0,16,16,76
11/04/2009,VCT,TX,ASW,CE,Federal Contract Tower,0,3,4,15,22,0,1,39,11,51,0,4,43,26,73,22,66,88,161
11/05/2009,VCT,TX,ASW,CE,Federal Contract Tower,0,3,9,9,21,0,3,40,12,55,0,6,49,21,76,26,34,60,136
11/06/2009,VCT,TX,ASW,CE,Federal Contract Tower,0,3,4,19,26,0,1,27,5,33,0,4,31,24,59,58,88,146,205
11/07/2009,VCT,TX,ASW,CE,Federal Contract Tower,0,1,9,8,18,0,0,20,2,22,0,1,29,10,40,8,28,36,76
11/08/2009,VCT,TX,ASW,CE,Federal Contract Tower,0,2,2,2,6,0,0,3,0,3,0,2,5,2,9,11,0,11,20
11/09/2009,VCT,TX,ASW,CE,Federal Contract Tower,0,1,16,10,27,0,1,14,11,26,0,2,30,21,53,8,8,16,69
11/10/2009,VCT,TX,ASW,CE,Federal Contract Tower,0,3,2,11,16,0,1,30,11,42,0,4,32,22,58,30,94,124,182
11/11/2009,VCT,TX,ASW,CE,Federal Contract Tower,0,3,3,3,9,0,1,44,4,49,0,4,47,7,58,14,24,38,96
11/12/2009,VCT,TX,ASW,CE,Federal Contract Tower,0,3,9,15,27,0,1,16,9,26,0,4,25,24,53,18,16,34,87
11/13/2009,VCT,TX,ASW,CE,Federal Contract Tower,0,3,3,12,18,0,1,26,9,36,0,4,29,21,54,42,108,150,204
11/14/2009,VCT,TX,ASW,CE,Federal Contract Tower,0,0,7,15,22,0,0,30,4,34,0,0,37,19,56,22,24,46,102
11/15/2009,VCT,TX,ASW,CE,Federal Contract Tower,0,2,5,15,22,0,0,9,2,11,0,2,14,17,33,0,14,14,47
11/16/2009,VCT,TX,ASW,CE,Federal Contract Tower,0,2,9,31,42,0,1,8,15,24,0,3,17,46,66,0,92,92,158
11/17/2009,VCT,TX,ASW,CE,Federal Contract Tower,0,5,4,26,35,0,2,33,11,46,0,7,37,37,81,26,106,132,213
11/18/2009,VCT,TX,ASW,CE,Federal Contract Tower,0,3,8,34,45,0,1,44,28,73,0,4,52,62,118,42,146,188,306
11/19/2009,VCT,TX,ASW,CE,Federal Contract Tower,0,2,19,21,42,0,2,21,5,28,0,4,40,26,70,34,46,80,150
11/20/2009,VCT,TX,ASW,CE,Federal Contract Tower,0,5,0,0,5,0,0,0,0,0,0,5,0,0,5,0,0,0,5
11/21/2009,VCT,TX,ASW,CE,Federal Contract Tower,0,4,25,18,47,0,0,6,0,6,0,4,31,18,53,10,12,22,75
11/22/2009,VCT,TX,ASW,CE,Federal Contract Tower,0,2,0,1,3,0,0,35,6,41,0,2,35,7,44,4,6,10,54
11/23/2009,VCT,TX,ASW,CE,Federal Contract Tower,0,2,6,17,25,0,1,31,14,46,0,3,37,31,71,50,62,112,183
11/24/2009,VCT,TX,ASW,CE,Federal Contract Tower,0,3,7,19,29,0,1,12,12,25,0,4,19,31,54,0,68,68,122
11/25/2009,VCT,TX,ASW,CE,Federal Contract Tower,0,4,8,2,14,0,1,23,8,32,0,5,31,10,46,10,20,30,76
11/26/2009,VCT,TX,ASW,CE,Federal Contract Tower,0,1,4,0,5,0,0,11,0,11,0,1,15,0,16,0,0,0,16
11/27/2009,VCT,TX,ASW,CE,Federal Contract Tower,0,1,3,0,4,0,0,14,0,14,0,1,17,0,18,0,0,0,18
11/28/2009,VCT,TX,ASW,CE,Federal Contract Tower,0,2,11,0,13,0,0,19,0,19,0,2,30,0,32,4,0,4,36
11/29/2009,VCT,TX,ASW,CE,Federal Contract Tower,0,3,9,0,12,0,0,15,0,15,0,3,24,0,27,0,0,0,27
11/30/2009,VCT,TX,ASW,CE,Federal Contract Tower,0,2,6,12,20,0,1,1,0,2,0,3,7,12,22,20,8,28,50
12/01/2009,VCT,TX,ASW,CE,Federal Contract Tower,0,6,10,2,18,0,0,0,0,0,0,6,10,2,18,0,2,2,20
12/02/2009,VCT,TX,ASW,CE,Federal Contract Tower,0,2,5,15,22,0,2,18,11,31,0,4,23,26,53,12,136,148,201
12/03/2009,VCT,TX,ASW,CE,Federal Contract Tower,0,3,9,24,36,0,1,19,15,35,0,4,28,39,71,10,208,218,289
12/04/2009,VCT,TX,ASW,CE,Federal Contract Tower,0,1,2,0,3,0,1,3,0,4,0,2,5,0,7,0,0,0,7
12/05/2009,VCT,TX,ASW,CE,Federal Contract Tower,0,3,4,21,28,0,0,20,12,32,0,3,24,33,60,10,40,50,110
12/06/2009,VCT,TX,ASW,CE,Federal Contract Tower,0,5,2,4,11,0,0,0,0,0,0,5,2,4,11,0,4,4,15
12/07/2009,VCT,TX,ASW,CE,Federal Contract Tower,0,3,4,6,13,0,0,0,0,0,0,3,4,6,13,0,6,6,19
12/08/2009,VCT,TX,ASW,CE,Federal Contract Tower,0,5,5,13,23,0,0,0,0,0,0,5,5,13,23,2,8,10,33
12/09/2009,VCT,TX,ASW,CE,Federal Contract Tower,0,3,11,13,27,0,1,28,11,40,0,4,39,24,67,18,90,108,175
12/10/2009,VCT,TX,ASW,CE,Federal Contract Tower,0,3,3,21,27,0,1,13,12,26,0,4,16,33,53,12,74,86,139
12/11/2009,VCT,TX,ASW,CE,Federal Contract Tower,0,5,7,0,12,0,0,0,0,0,0,5,7,0,12,0,0,0,12
12/12/2009,VCT,TX,ASW,CE,Federal Contract Tower,0,3,3,2,8,0,0,0,0,0,0,3,3,2,8,0,2,2,10
12/13/2009,VCT,TX,ASW,CE,Federal Contract Tower,0,5,7,6,18,0,0,0,0,0,0,5,7,6,18,0,6,6,24
12/14/2009,VCT,TX,ASW,CE,Federal Contract Tower,0,3,4,0,7,0,0,0,0,0,0,3,4,0,7,0,0,0,7
12/15/2009,VCT,TX,ASW,CE,Federal Contract Tower,0,6,9,10,25,0,0,3,4,7,0,6,12,14,32,8,74,82,114
12/16/2009,VCT,TX,ASW,CE,Federal Contract Tower,0,6,2,7,15,0,0,1,2,3,0,6,3,9,18,0,68,68,86
12/17/2009,VCT,TX,ASW,CE,Federal Contract Tower,0,6,10,0,16,0,0,0,0,0,0,6,10,0,16,0,0,0,16
12/18/2009,VCT,TX,ASW,CE,Federal Contract Tower,0,3,4,16,23,0,2,31,13,46,0,5,35,29,69,0,86,86,155
12/19/2009,VCT,TX,ASW,CE,Federal Contract Tower,0,5,5,2,12,0,0,29,11,40,0,5,34,13,52,22,122,144,196
12/20/2009,VCT,TX,ASW,CE,Federal Contract Tower,0,4,6,3,13,0,0,18,10,28,0,4,24,13,41,6,132,138,179
12/21/2009,VCT,TX,ASW,CE,Federal Contract Tower,0,2,4,13,19,0,1,36,15,52,0,3,40,28,71,80,16,96,167
12/22/2009,VCT,TX,ASW,CE,Federal Contract Tower,0,6,6,13,25,0,1,14,13,28,0,7,20,26,53,2,26,28,81
12/23/2009,VCT,TX,ASW,CE,Federal Contract Tower,0,5,8,3,16,0,1,10,4,15,0,6,18,7,31,0,6,6,37
12/24/2009,VCT,TX,ASW,CE,Federal Contract Tower,0,4,0,0,4,0,1,4,0,5,0,5,4,0,9,0,0,0,9
12/25/2009,VCT,TX,ASW,CE,Federal Contract Tower,0,2,0,0,2,0,0,5,0,5,0,2,5,0,7,0,0,0,7
12/26/2009,VCT,TX,ASW,CE,Federal Contract Tower,0,2,2,0,4,0,0,12,0,12,0,2,14,0,16,4,0,4,20
12/27/2009,VCT,TX,ASW,CE,Federal Contract Tower,0,2,2,0,4,0,0,20,0,20,0,2,22,0,24,2,0,2,26
12/28/2009,VCT,TX,ASW,CE,Federal Contract Tower,0,1,6,2,9,0,1,23,5,29,0,2,29,7,38,12,102,114,152
12/29/2009,VCT,TX,ASW,CE,Federal Contract Tower,0,5,0,2,7,0,0,1,0,1,0,5,1,2,8,0,2,2,10
12/30/2009,VCT,TX,ASW,CE,Federal Contract Tower,0,3,4,5,12,0,0,4,1,5,0,3,8,6,17,6,4,10,27
12/31/2009,VCT,TX,ASW,CE,Federal Contract Tower,0,4,6,2,12,0,0,2,0,2,0,4,8,2,14,16,6,22,36
01/01/2010,VCT,TX,ASW,CE,Federal Contract Tower,0,2,8,0,10,0,0,15,0,15,0,2,23,0,25,4,0,4,29
01/02/2010,VCT,TX,ASW,CE,Federal Contract Tower,0,2,9,0,11,0,0,21,2,23,0,2,30,2,34,24,50,74,108
01/03/2010,VCT,TX,ASW,CE,Federal Contract Tower,0,2,7,1,10,0,0,13,1,14,0,2,20,2,24,16,0,16,40
01/04/2010,VCT,TX,ASW,CE,Federal Contract Tower,0,3,10,2,15,0,1,14,2,17,0,4,24,4,32,6,2,8,40
01/05/2010,VCT,TX,ASW,CE,Federal Contract Tower,0,3,4,10,17,0,1,34,8,43,0,4,38,18,60,22,84,106,166
01/06/2010,VCT,TX,ASW,CE,Federal Contract Tower,0,4,5,27,36,0,0,20,2,22,0,4,25,29,58,24,52,76,134
01/07/2010,VCT,TX,ASW,CE,Federal Contract Tower,0,3,6,3,12,0,1,2,0,3,0,4,8,3,15,0,0,0,15
01/08/2010,VCT,TX,ASW,CE,Federal Contract Tower,0,5,0,17,22,0,2,23,23,48,0,7,23,40,70,14,132,146,216
01/09/2010,VCT,TX,ASW,CE,Federal Contract Tower,0,2,5,1,8,0,0,27,0,27,0,2,32,1,35,2,4,6,41
01/10/2010,VCT,TX,ASW,CE,Federal Contract Tower,0,2,2,1,5,0,0,20,3,23,0,2,22,4,28,18,16,34,62
01/11/2010,VCT,TX,ASW,CE,Federal Contract Tower,0,3,3,11,17,0,1,36,24,61,0,4,39,35,78,26,102,128,206
01/12/2010,VCT,TX,ASW,CE,Federal Contract Tower,0,4,5,10,19,0,2,27,29,58,0,6,32,39,77,26,250,276,353
01/13/2010,VCT,TX,ASW,CE,Federal Contract Tower,0,3,9,23,35,0,1,9,6,16,0,4,18,29,51,14,128,142,193
01/14/2010,VCT,TX,ASW,CE,Federal Contract Tower,0,4,8,12,24,0,0,1,0,1,0,4,9,12,25,0,2,2,27
01/15/2010,VCT,TX,ASW,CE,Federal Contract Tower,0,4,7,0,11,0,0,0,0,0,0,4,7,0,11,0,0,0,11
01/16/2010,VCT,TX,ASW,CE,Federal Contract Tower,0,1,7,3,11,0,0,8,1,9,0,1,15,4,20,4,0,4,24
01/17/2010,VCT,TX,ASW,CE,Federal Contract Tower,0,2,3,0,5,0,0,38,4,42,0,2,41,4,47,10,4,14,61
01/18/2010,VCT,TX,ASW,CE,Federal Contract Tower,0,2,18,2,22,0,1,34,11,46,0,3,52,13,68,18,10,28,96
01/19/2010,VCT,TX,ASW,CE,Federal Contract Tower,0,4,7,9,20,0,0,3,4,7,0,4,10,13,27,34,6,40,67
01/20/2010,VCT,TX,ASW,CE,Federal Contract Tower,0,4,17,21,42,0,0,10,2,12,0,4,27,23,54,14,46,60,114
01/21/2010,VCT,TX,ASW,CE,Federal Contract Tower,0,5,16,11,32,0,1,34,23,58,0,6,50,34,90,46,98,144,234
01/22/2010,VCT,TX,ASW,CE,Federal Contract Tower,0,4,15,20,39,0,0,5,15,20,0,4,20,35,59,8,64,72,131
01/23/2010,VCT,TX,ASW,CE,Federal Contract Tower,0,2,1,7,10,0,0,11,7,18,0,2,12,14,28,0,74,74,102
01/24/2010,VCT,TX,ASW,CE,Federal Contract Tower,0,2,2,0,4,0,0,22,10,32,0,2,24,10,36,10,74,84,120
01/25/2010,VCT,TX,ASW,CE,Federal Contract Tower,0,2,5,32,39,0,1,34,13,48,0,3,39,45,87,30,250,280,367
01/26/2010,VCT,TX,ASW,CE,Federal Contract Tower,0,3,4,22,29,0,1,28,24,53,0,4,32,46,82,46,90,136,218
01/27/2010,VCT,TX,ASW,CE,Federal Contract Tower,0,3,13,41,57,0,1,30,24,55,0,4,43,65,112,52,148,200,312
01/28/2010,VCT,TX,ASW,CE,Federal Contract Tower,0,4,15,10,29,0,0,8,2,10,0,4,23,12,39,18,16,34,73
01/29/2010,VCT,TX,ASW,CE,Federal Contract Tower,0,3,10,19,32,0,1,5,3,9,0,4,15,22,41,4,36,40,81
01/30/2010,VCT,TX,ASW,CE,Federal Contract Tower,0,1,4,9,14,0,0,38,5,43,0,1,42,14,57,0,106,106,163
01/31/2010,VCT,TX,ASW,CE,Federal Contract Tower,0,2,3,8,13,0,0,6,0,6,0,2,9,8,19,26,28,54,73
02/01/2010,VCT,TX,ASW,CE,Federal Contract Tower,0,3,8,17,28,0,0,4,0,4,0,3,12,17,32,48,32,80,112
02/02/2010,VCT,TX,ASW,CE,Federal Contract Tower,0,4,7,7,18,0,0,0,0,0,0,4,7,7,18,0,6,6,24
02/03/2010,VCT,TX,ASW,CE,Federal Contract Tower,0,4,12,0,16,0,0,0,0,0,0,4,12,0,16,0,0,0,16
02/04/2010,VCT,TX,ASW,CE,Federal Contract Tower,0,4,13,32,49,0,0,0,0,0,0,4,13,32,49,4,28,32,81
02/05/2010,VCT,TX,ASW,CE,Federal Contract Tower,0,3,7,30,40,0,1,33,52,86,0,4,40,82,126,34,166,200,326
02/06/2010,VCT,TX,ASW,CE,Federal Contract Tower,0,3,4,10,17,0,0,50,22,72,0,3,54,32,89,16,116,132,221
02/07/2010,VCT,TX,ASW,CE,Federal Contract Tower,0,2,9,4,15,0,0,6,0,6,0,2,15,4,21,4,2,6,27
02/08/2010,VCT,TX,ASW,CE,Federal Contract Tower,0,3,5,4,12,0,0,13,2,15,0,3,18,6,27,40,6,46,73
02/09/2010,VCT,TX,ASW,CE,Federal Contract Tower,0,3,5,18,26,0,1,17,29,47,0,4,22,47,73,30,94,124,197
02/10/2010,VCT,TX,ASW,CE,Federal Contract Tower,0,3,11,13,27,0,1,14,13,28,0,4,25,26,55,40,110,150,205
02/11/2010,VCT,TX,ASW,CE,Federal Contract Tower,0,4,2,2,8,0,0,0,0,0,0,4,2,2,8,0,2,2,10
02/12/2010,VCT,TX,ASW,CE,Federal Contract Tower,0,3,8,14,25,0,1,8,7,16,0,4,16,21,41,26,30,56,97
02/13/2010,VCT,TX,ASW,CE,Federal Contract Tower,0,2,6,6,14,0,0,32,3,35,0,2,38,9,49,46,32,78,127
02/14/2010,VCT,TX,ASW,CE,Federal Contract Tower,0,3,4,2,9,0,0,14,1,15,0,3,18,3,24,4,4,8,32
02/15/2010,VCT,TX,ASW,CE,Federal Contract Tower,0,6,0,12,18,0,1,19,2,22,0,7,19,14,40,28,6,34,74
02/16/2010,VCT,TX,ASW,CE,Federal Contract Tower,0,4,2,16,22,0,1,30,13,44,0,5,32,29,66,40,130,170,236
02/17/2010,VCT,TX,ASW,CE,Federal Contract Tower,0,2,5,19,26,0,1,66,14,81,0,3,71,33,107,68,84,152,259
02/18/2010,VCT,TX,ASW,CE,Federal Contract Tower,0,3,11,24,38,0,1,26,18,45,0,4,37,42,83,0,240,240,323
02/19/2010,VCT,TX,ASW,CE,Federal Contract Tower,0,3,7,4,14,0,1,3,4,8,0,4,10,8,22,0,2,2,24
02/20/2010,VCT,TX,ASW,CE,Federal Contract Tower,0,1,11,8,20,0,0,13,0,13,0,1,24,8,33,16,8,24,57
02/21/2010,VCT,TX,ASW,CE,Federal Contract Tower,0,3,11,0,14,0,0,7,1,8,0,3,18,1,22,0,8,8,30
02/22/2010,VCT,TX,ASW,CE,Federal Contract Tower,0,2,10,38,50,0,1,19,12,32,0,3,29,50,82,4,118,122,204
02/23/2010,VCT,TX,ASW,CE,Federal Contract Tower,0,4,6,8,18,0,0,5,0,5,0,4,11,8,23,42,4,46,69
02/24/2010,VCT,TX,ASW,CE,Federal Contract Tower,0,3,6,27,36,0,1,36,4,41,0,4,42,31,77,28,132,160,237
02/25/2010,VCT,TX,ASW,CE,Federal Contract Tower,0,3,8,44,55,0,1,28,7,36,0,4,36,51,91,36,102,138,229
02/26/2010,VCT,TX,ASW,CE,Federal Contract Tower,0,3,2,15,20,0,1,11,5,17,0,4,13,20,37,0,89,89,126
02/27/2010,VCT,TX,ASW,CE,Federal Contract Tower,0,1,1,2,4,0,0,38,7,45,0,1,39,9,49,16,6,22,71
02/28/2010,VCT,TX,ASW,CE,Federal Contract Tower,0,3,6,5,14,0,0,17,4,21,0,3,23,9,35,4,38,42,77
03/01/2010,VCT,TX,ASW,CE,Federal Contract Tower,0,3,4,10,17,0,0,14,5,19,0,3,18,15,36,26,44,70,106
03/02/2010,VCT,TX,ASW,CE,Federal Contract Tower,0,3,10,16,29,0,1,16,17,34,0,4,26,33,63,72,36,108,171
03/03/2010,VCT,TX,ASW,CE,Federal Contract Tower,0,4,9,26,39,0,1,34,11,46,0,5,43,37,85,12,140,152,237
03/04/2010,VCT,TX,ASW,CE,Federal Contract Tower,0,3,4,24,31,0,1,25,9,35,0,4,29,33,66,0,162,162,228
03/05/2010,VCT,TX,ASW,CE,Federal Contract Tower,0,4,3,18,25,0,1,28,2,31,0,5,31,20,56,30,142,172,228
03/06/2010,VCT,TX,ASW,CE,Federal Contract Tower,0,2,5,14,21,0,0,21,0,21,0,2,26,14,42,18,10,28,70
03/07/2010,VCT,TX,ASW,CE,Federal Contract Tower,0,3,2,8,13,0,0,4,9,13,0,3,6,17,26,0,82,82,108
03/08/2010,VCT,TX,ASW,CE,Federal Contract Tower,0,3,8,18,29,0,0,3,0,3,0,3,11,18,32,0,12,12,44
03/09/2010,VCT,TX,ASW,CE,Federal Contract Tower,0,4,7,16,27,0,1,10,15,26,0,5,17,31,53,24,60,84,137
03/10/2010,VCT,TX,ASW,CE,Federal Contract Tower,0,4,3,20,27,0,1,14,3,18,0,5,17,23,45,12,148,160,205
03/11/2010,VCT,TX,ASW,CE,Federal Contract Tower,0,5,6,30,41,0,1,11,4,16,0,6,17,34,57,14,48,62,119
03/12/2010,VCT,TX,ASW,CE,Federal Contract Tower,0,5,6,30,41,0,0,0,0,0,0,5,6,30,41,26,114,140,181
03/13/2010,VCT,TX,ASW,CE,Federal Contract Tower,0,1,0,6,7,0,0,34,10,44,0,1,34,16,51,46,16,62,113
03/14/2010,VCT,TX,ASW,CE,Federal Contract Tower,0,2,7,7,16,0,0,15,2,17,0,2,22,9,33,10,16,26,59
03/15/2010,VCT,TX,ASW,CE,Federal Contract Tower,0,2,5,9,16,0,1,4,5,10,0,3,9,14,26,0,78,78,104
03/16/2010,VCT,TX,ASW,CE,Federal Contract Tower,0,4,6,16,26,0,0,1,1,2,0,4,7,17,28,16,14,30,58
03/17/2010,VCT,TX,ASW,CE,Federal Contract Tower,0,6,4,12,22,0,1,26,19,46,0,7,30,31,68,22,84,106,174
03/18/2010,VCT,TX,ASW,CE,Federal Contract Tower,0,4,10,20,34,0,1,35,12,48,0,5,45,32,82,24,84,108,190
03/19/2010,VCT,TX,ASW,CE,Federal Contract Tower,0,3,1,20,24,0,1,11,8,20,0,4,12,28,44,4,86,90,134
03/20/2010,VCT,TX,ASW,CE,Federal Contract Tower,0,1,2,0,3,0,0,0,0,0,0,1,2,0,3,0,0,0,3
03/21/2010,VCT,TX,ASW,CE,Federal Contract Tower,0,3,6,4,13,0,0,10,6,16,0,3,16,10,29,6,4,10,39
03/22/2010,VCT,TX,ASW,CE,Federal Contract Tower,0,2,3,8,13,0,1,13,16,30,0,3,16,24,43,12,106,118,161
03/23/2010,VCT,TX,ASW,CE,Federal Contract Tower,0,3,10,31,44,0,1,22,20,43,0,4,32,51,87,10,182,192,279
03/24/2010,VCT,TX,ASW,CE,Federal Contract Tower,0,5,13,28,46,0,0,2,0,2,0,5,15,28,48,2,18,20,68
03/25/2010,VCT,TX,ASW,CE,Federal Contract Tower,0,1,13,18,32,0,1,18,10,29,0,2,31,28,61,16,98,114,175
03/26/2010,VCT,TX,ASW,CE,Federal Contract Tower,0,3,2,15,20,0,1,28,7,36,0,4,30,22,56,2,114,116,172
03/27/2010,VCT,TX,ASW,CE,Federal Contract Tower,0,2,3,7,12,0,0,14,1,15,0,2,17,8,27,12,4,16,43
03/28/2010,VCT,TX,ASW,CE,Federal Contract Tower,0,1,3,0,4,0,0,14,2,16,0,1,17,2,20,4,24,28,48
03/29/2010,VCT,TX,ASW,CE,Federal Contract Tower,0,3,5,25,33,0,0,30,9,39,0,3,35,34,72,26,34,60,132
03/30/2010,VCT,TX,ASW,CE,Federal Contract Tower,0,4,12,17,33,0,0,31,6,37,0,4,43,23,70,18,36,54,124
03/31/2010,VCT,TX,ASW,CE,Federal Contract Tower,0,6,2,10,18,0,0,30,1,31,0,6,32,11,49,22,12,34,83
04/01/2010,VCT,TX,ASW,CE,Federal Contract Tower,0,3,17,27,47,0,0,12,8,20,0,3,29,35,67,0,86,86,153
04/02/2010,VCT,TX,ASW,CE,Federal Contract Tower,0,4,8,10,22,0,0,7,2,9,0,4,15,12,31,12,40,52,83
04/03/2010,VCT,TX,ASW,CE,Federal Contract Tower,0,1,6,0,7,0,0,23,4,27,0,1,29,4,34,26,6,32,66
04/04/2010,VCT,TX,ASW,CE,Federal Contract Tower,0,3,4,2,9,0,0,5,3,8,0,3,9,5,17,0,6,6,23
04/05/2010,VCT,TX,ASW,CE,Federal Contract Tower,0,6,12,28,46,0,0,17,5,22,0,6,29,33,68,14,30,44,112
04/06/2010,VCT,TX,ASW,CE,Federal Contract Tower,0,3,14,25,42,0,1,10,7,18,0,4,24,32,60,0,36,36,96
04/07/2010,VCT,TX,ASW,CE,Federal Contract Tower,0,4,9,5,18,0,0,12,11,23,0,4,21,16,41,4,8,12,53
04/08/2010,VCT,TX,ASW,CE,Federal Contract Tower,0,3,5,32,40,0,1,35,14,50,0,4,40,46,90,36,72,108,198
04/09/2010,VCT,TX,ASW,CE,Federal Contract Tower,0,5,8,34,47,0,1,26,2,29,0,6,34,36,76,8,66,74,150
04/10/2010,VCT,TX,ASW,CE,Federal Contract Tower,0,3,6,6,15,0,0,16,3,19,0,3,22,9,34,8,34,42,76
04/11/2010,VCT,TX,ASW,CE,Federal Contract Tower,0,2,13,2,17,0,0,6,0,6,0,2,19,2,23,8,2,10,33
04/12/2010,VCT,TX,ASW,CE,Federal Contract Tower,0,2,7,58,67,0,1,15,14,30,0,3,22,72,97,4,54,58,155
04/13/2010,VCT,TX,ASW,CE,Federal Contract Tower,0,4,13,47,64,0,1,10,6,17,0,5,23,53,81,6,114,120,201
04/14/2010,VCT,TX,ASW,CE,Federal Contract Tower,0,1,7,33,41,0,1,13,7,21,0,2,20,40,62,16,162,178,240
04/15/2010,VCT,TX,ASW,CE,Federal Contract Tower,0,4,14,11,29,0,0,1,2,3,0,4,15,13,32,0,40,40,72
04/16/2010,VCT,TX,ASW,CE,Federal Contract Tower,0,4,6,1,11,0,0,3,1,4,0,4,9,2,15,0,0,0,15
04/17/2010,VCT,TX,ASW,CE,Federal Contract Tower,0,1,5,0,6,0,0,2,0,2,0,1,7,0,8,4,0,4,12
04/18/2010,VCT,TX,ASW,CE,Federal Contract Tower,0,2,8,1,11,0,0,11,1,12,0,2,19,2,23,2,0,2,25
04/19/2010,VCT,TX,ASW,CE,Federal Contract Tower,0,2,20,13,35,0,1,11,9,21,0,3,31,22,56,18,50,68,124
04/20/2010,VCT,TX,ASW,CE,Federal Contract Tower,0,6,8,17,31,0,1,28,6,35,0,7,36,23,66,16,18,34,100
04/21/2010,VCT,TX,ASW,CE,Federal Contract Tower,0,5,6,17,28,0,1,28,27,56,0,6,34,44,84,74,150,224,308
04/22/2010,VCT,TX,ASW,CE,Federal Contract Tower,0,6,16,18,40,0,0,11,22,33,0,6,27,40,73,12,112,124,197
04/23/2010,VCT,TX,ASW,CE,Federal Contract Tower,0,5,8,17,30,0,1,1,12,14,0,6,9,29,44,24,64,88,132
04/24/2010,VCT,TX,ASW,CE,Federal Contract Tower,0,2,3,21,26,0,0,32,4,36,0,2,35,25,62,4,22,26,88
04/25/2010,VCT,TX,ASW,CE,Federal Contract Tower,0,3,2,2,7,0,0,33,0,33,0,3,35,2,40,6,2,8,48
04/26/2010,VCT,TX,ASW,CE,Federal Contract Tower,0,2,4,15,21,0,1,30,15,46,0,3,34,30,67,14,104,118,185
04/27/2010,VCT,TX,ASW,CE,Federal Contract Tower,0,4,9,18,31,0,1,18,18,37,0,5,27,36,68,18,128,146,214
04/28/2010,VCT,TX,ASW,CE,Federal Contract Tower,0,4,13,32,49,0,1,28,31,60,0,5,41,63,109,46,188,234,343
04/29/2010,VCT,TX,ASW,CE,Federal Contract Tower,0,3,1,9,13,0,2,19,15,36,0,5,20,24,49,46,26,72,121
04/30/2010,VCT,TX,ASW,CE,Federal Contract Tower,0,4,5,16,25,0,0,4,3,7,0,4,9,19,32,0,12,12,44
05/01/2010,VCT,TX,ASW,CE,Federal Contract Tower,0,5,9,10,24,0,0,5,3,8,0,5,14,13,32,6,8,14,46
05/02/2010,VCT,TX,ASW,CE,Federal Contract Tower,0,4,7,4,15,0,0,19,0,19,0,4,26,4,34,8,2,10,44
05/03/2010,VCT,TX,ASW,CE,Federal Contract Tower,0,5,10,24,39,0,1,31,12,44,0,6,41,36,83,22,52,74,157
05/04/2010,VCT,TX,ASW,CE,Federal Contract Tower,0,5,6,7,18,0,1,22,12,35,0,6,28,19,53,24,60,84,137
05/05/2010,VCT,TX,ASW,CE,Federal Contract Tower,0,5,9,28,42,0,1,32,7,40,0,6,41,35,82,14,56,70,152
05/06/2010,VCT,TX,ASW,CE,Federal Contract Tower,0,3,6,28,37,0,1,11,7,19,0,4,17,35,56,2,26,28,84
05/07/2010,VCT,TX,ASW,CE,Federal Contract Tower,0,3,1,10,14,0,1,10,16,27,0,4,11,26,41,8,74,82,123
05/08/2010,VCT,TX,ASW,CE,Federal Contract Tower,0,3,1,2,6,0,0,14,8,22,0,3,15,10,28,6,0,6,34
05/09/2010,VCT,TX,ASW,CE,Federal Contract Tower,0,2,10,0,12,0,0,14,2,16,0,2,24,2,28,4,0,4,32
05/10/2010,VCT,TX,ASW,CE,Federal Contract Tower,0,3,9,19,31,0,0,11,14,25,0,3,20,33,56,2,68,70,126
05/11/2010,VCT,TX,ASW,CE,Federal Contract Tower,0,4,14,19,37,0,0,17,14,31,0,4,31,33,68,8,92,100,168
05/12/2010,VCT,TX,ASW,CE,Federal Contract Tower,0,4,2,12,18,0,0,9,8,17,0,4,11,20,35,6,98,104,139
05/13/2010,VCT,TX,ASW,CE,Federal Contract Tower,0,4,16,14,34,0,0,17,15,32,0,4,33,29,66,42,98,140,206
05/14/2010,VCT,TX,ASW,CE,Federal Contract Tower,0,3,4,2,9,0,0,7,2,9,0,3,11,4,18,6,2,8,26
05/15/2010,VCT,TX,ASW,CE,Federal Contract Tower,0,2,1,0,3,0,0,12,5,17,0,2,13,5,20,0,2,2,22
05/16/2010,VCT,TX,ASW,CE,Federal Contract Tower,0,2,3,1,6,0,0,11,4,15,0,2,14,5,21,2,4,6,27
05/17/2010,VCT,TX,ASW,CE,Federal Contract Tower,0,2,10,19,31,0,1,9,11,21,0,3,19,30,52,32,74,106,158
05/18/2010,VCT,TX,ASW,CE,Federal Contract Tower,0,3,14,32,49,0,1,10,9,20,0,4,24,41,69,36,32,68,137
05/19/2010,VCT,TX,ASW,CE,Federal Contract Tower,0,3,9,14,26,0,1,15,11,27,0,4,24,25,53,22,28,50,103
05/20/2010,VCT,TX,ASW,CE,Federal Contract Tower,0,4,6,30,40,0,1,16,23,40,0,5,22,53,80,22,98,120,200
05/21/2010,VCT,TX,ASW,CE,Federal Contract Tower,0,3,9,10,22,0,1,15,12,28,0,4,24,22,50,20,120,140,190
05/22/2010,VCT,TX,ASW,CE,Federal Contract Tower,0,1,3,7,11,0,0,30,1,31,0,1,33,8,42,0,8,8,50
05/23/2010,VCT,TX,ASW,CE,Federal Contract Tower,0,3,8,6,17,0,0,15,1,16,0,3,23,7,33,0,8,8,41
05/24/2010,VCT,TX,ASW,CE,Federal Contract Tower,0,3,6,38,47,0,1,16,28,45,0,4,22,66,92,14,208,222,314
05/25/2010,VCT,TX,ASW,CE,Federal Contract Tower,0,5,9,8,22,0,1,17,6,24,0,6,26,14,46,4,76,80,126
05/26/2010,VCT,TX,ASW,CE,Federal Contract Tower,0,5,12,21,38,0,1,20,33,54,0,6,32,54,92,16,172,188,280
05/27/2010,VCT,TX,ASW,CE,Federal Contract Tower,0,3,4,22,29,0,1,17,18,36,0,4,21,40,65,34,54,88,153
05/28/2010,VCT,TX,ASW,CE,Federal Contract Tower,0,3,3,17,23,0,1,33,9,43,0,4,36,26,66,26,120,146,212
05/29/2010,VCT,TX,ASW,CE,Federal Contract Tower,0,2,4,0,6,0,0,17,4,21,0,2,21,4,27,56,0,56,83
05/30/2010,VCT,TX,ASW,CE,Federal Contract Tower,0,1,2,0,3,0,0,20,0,20,0,1,22,0,23,40,0,40,63
05/31/2010,VCT,TX,ASW,CE,Federal Contract Tower,0,2,1,0,3,0,0,21,2,23,0,2,22,2,26,16,4,20,46
06/01/2010,VCT,TX,ASW,CE,Federal Contract Tower,0,3,8,2,13,0,1,14,4,19,0,4,22,6,32,14,6,20,52
06/02/2010,VCT,TX,ASW,CE,Federal Contract Tower,0,6,13,8,27,0,1,12,15,28,0,7,25,23,55,4,56,60,115
06/03/2010,VCT,TX,ASW,CE,Federal Contract Tower,0,4,5,15,24,0,0,12,1,13,0,4,17,16,37,0,22,22,59
06/04/2010,VCT,TX,ASW,CE,Federal Contract Tower,0,3,1,21,25,0,1,10,10,21,0,4,11,31,46,14,62,76,122
06/05/2010,VCT,TX,ASW,CE,Federal Contract Tower,0,4,4,21,29,0,0,28,1,29,0,4,32,22,58,14,20,34,92
06/06/2010,VCT,TX,ASW,CE,Federal Contract Tower,0,2,9,0,11,0,0,12,0,12,0,2,21,0,23,4,0,4,27
06/07/2010,VCT,TX,ASW,CE,Federal Contract Tower,0,2,8,10,20,0,1,16,3,20,0,3,24,13,40,8,22,30,70
06/08/2010,VCT,TX,ASW,CE,Federal Contract Tower,0,3,4,10,17,0,1,11,5,17,0,4,15,15,34,16,12,28,62
06/09/2010,VCT,TX,ASW,CE,Federal Contract Tower,0,3,6,17,26,0,1,17,9,27,0,4,23,26,53,16,22,38,91
06/10/2010,VCT,TX,ASW,CE,Federal Contract Tower,0,3,34,19,56,0,1,18,10,29,0,4,52,29,85,44,102,146,231
06/11/2010,VCT,TX,ASW,CE,Federal Contract Tower,0,3,6,11,20,0,1,17,14,32,0,4,23,25,52,0,96,96,148
06/12/2010,VCT,TX,ASW,CE,Federal Contract Tower,0,2,6,6,14,0,0,15,2,17,0,2,21,8,31,4,12,16,47
06/13/2010,VCT,TX,ASW,CE,Federal Contract Tower,0,3,2,8,13,0,0,15,9,24,0,3,17,17,37,0,26,26,63
06/14/2010,VCT,TX,ASW,CE,Federal Contract Tower,0,2,8,34,44,0,1,13,11,25,0,3,21,45,69,14,124,138,207
06/15/2010,VCT,TX,ASW,CE,Federal Contract Tower,0,3,12,29,44,0,1,22,30,53,0,4,34,59,97,20,206,226,323
06/16/2010,VCT,TX,ASW,CE,Federal Contract Tower,0,3,5,29,37,0,2,30,9,41,0,5,35,38,78,28,80,108,186
06/17/2010,VCT,TX,ASW,CE,Federal Contract Tower,0,4,6,13,23,0,2,28,11,41,0,6,34,24,64,26,208,234,298
06/18/2010,VCT,TX,ASW,CE,Federal Contract Tower,0,3,7,14,24,0,1,30,16,47,0,4,37,30,71,18,140,158,229
06/19/2010,VCT,TX,ASW,CE,Federal Contract Tower,0,2,7,12,21,0,0,23,2,25,0,2,30,14,46,12,26,38,84
06/20/2010,VCT,TX,ASW,CE,Federal Contract Tower,0,3,3,11,17,0,0,15,6,21,0,3,18,17,38,2,20,22,60
06/21/2010,VCT,TX,ASW,CE,Federal Contract Tower,0,3,6,15,24,0,1,12,26,39,0,4,18,41,63,8,166,174,237
06/22/2010,VCT,TX,ASW,CE,Federal Contract Tower,0,3,7,24,34,0,1,21,25,47,0,4,28,49,81,16,202,218,299
06/23/2010,VCT,TX,ASW,CE,Federal Contract Tower,0,3,9,12,24,0,1,17,8,26,0,4,26,20,50,38,28,66,116
06/24/2010,VCT,TX,ASW,CE,Federal Contract Tower,0,6,12,4,22,0,1,12,4,17,0,7,24,8,39,12,16,28,67
06/25/2010,VCT,TX,ASW,CE,Federal Contract Tower,0,3,4,16,23,0,1,18,8,27,0,4,22,24,50,12,88,100,150
06/26/2010,VCT,TX,ASW,CE,Federal Contract Tower,0,2,10,6,18,0,0,12,1,13,0,2,22,7,31,6,4,10,41
06/27/2010,VCT,TX,ASW,CE,Federal Contract Tower,0,3,5,4,12,0,0,25,1,26,0,3,30,5,38,18,8,26,64
06/28/2010,VCT,TX,ASW,CE,Federal Contract Tower,0,2,5,6,13,0,1,13,2,16,0,3,18,8,29,12,52,64,93
06/29/2010,VCT,TX,ASW,CE,Federal Contract Tower,0,3,14,8,25,0,0,10,7,17,0,3,24,15,42,8,86,94,136
06/30/2010,VCT,TX,ASW,CE,Federal Contract Tower,0,3,4,0,7,0,0,4,0,4,0,3,8,0,11,22,0,22,33
07/01/2010,VCT,TX,ASW,CE,Federal Contract Tower,0,4,4,0,8,0,0,1,0,1,0,4,5,0,9,0,0,0,9
07/02/2010,VCT,TX,ASW,CE,Federal Contract Tower,0,2,1,0,3,0,0,0,0,0,0,2,1,0,3,0,0,0,3
07/03/2010,VCT,TX,ASW,CE,Federal Contract Tower,0,2,2,7,11,0,0,7,3,10,0,2,9,10,21,30,4,34,55
07/04/2010,VCT,TX,ASW,CE,Federal Contract Tower,0,1,0,0,1,0,0,10,0,10,0,1,10,0,11,2,0,2,13
07/05/2010,VCT,TX,ASW,CE,Federal Contract Tower,0,3,2,4,9,0,0,26,3,29,0,3,28,7,38,58,8,66,104
07/06/2010,VCT,TX,ASW,CE,Federal Contract Tower,0,3,8,3,14,0,1,29,13,43,0,4,37,16,57,42,36,78,135
07/07/2010,VCT,TX,ASW,CE,Federal Contract Tower,0,4,4,12,20,0,0,12,5,17,0,4,16,17,37,2,22,24,61
07/08/2010,VCT,TX,ASW,CE,Federal Contract Tower,0,4,7,2,13,0,0,0,0,0,0,4,7,2,13,0,0,0,13
07/09/2010,VCT,TX,ASW,CE,Federal Contract Tower,0,3,3,17,23,0,1,8,15,24,0,4,11,32,47,84,194,278,325
07/10/2010,VCT,TX,ASW,CE,Federal Contract Tower,0,2,2,18,22,0,0,15,3,18,0,2,17,21,40,8,38,46,86
07/11/2010,VCT,TX,ASW,CE,Federal Contract Tower,0,3,11,3,17,0,0,17,3,20,0,3,28,6,37,14,4,18,55
07/12/2010,VCT,TX,ASW,CE,Federal Contract Tower,0,2,13,23,38,0,1,23,3,27,0,3,36,26,65,14,66,80,145
07/13/2010,VCT,TX,ASW,CE,Federal Contract Tower,0,3,13,22,38,0,1,28,15,44,0,4,41,37,82,8,120,128,210
07/14/2010,VCT,TX,ASW,CE,Federal Contract Tower,0,3,4,22,29,0,1,18,12,31,0,4,22,34,60,22,130,152,212
07/15/2010,VCT,TX,ASW,CE,Federal Contract Tower,0,3,1,18,22,0,1,23,16,40,0,4,24,34,62,8,130,138,200
07/16/2010,VCT,TX,ASW,CE,Federal Contract Tower,0,3,5,28,36,0,1,36,8,45,0,4,41,36,81,52,64,116,197
07/17/2010,VCT,TX,ASW,CE,Federal Contract Tower,0,2,2,8,12,0,0,30,9,39,0,2,32,17,51,52,100,152,203
07/18/2010,VCT,TX,ASW,CE,Federal Contract Tower,0,3,3,2,8,0,0,11,3,14,0,3,14,5,22,22,2,24,46
07/19/2010,VCT,TX,ASW,CE,Federal Contract Tower,0,2,5,3,10,0,1,8,11,20,0,3,13,14,30,14,30,44,74
07/20/2010,VCT,TX,ASW,CE,Federal Contract Tower,0,3,9,21,33,0,1,21,9,31,0,4,30,30,64,12,134,146,210
07/21/2010,VCT,TX,ASW,CE,Federal Contract Tower,0,3,6,13,22,0,1,13,9,23,0,4,19,22,45,40,156,196,241
07/22/2010,VCT,TX,ASW,CE,Federal Contract Tower,0,4,6,37,47,0,0,10,11,21,0,4,16,48,68,24,68,92,160
07/23/2010,VCT,TX,ASW,CE,Federal Contract Tower,0,3,6,18,27,0,1,15,9,25,0,4,21,27,52,4,24,28,80
07/24/2010,VCT,TX,ASW,CE,Federal Contract Tower,0,2,0,5,7,0,0,17,1,18,0,2,17,6,25,22,4,26,51
07/25/2010,VCT,TX,ASW,CE,Federal Contract Tower,0,2,3,8,13,0,0,25,6,31,0,2,28,14,44,12,12,24,68
07/26/2010,VCT,TX,ASW,CE,Federal Contract Tower,0,2,2,23,27,0,1,10,2,13,0,3,12,25,40,34,60,94,134
07/27/2010,VCT,TX,ASW,CE,Federal Contract Tower,0,3,8,4,15,0,1,9,4,14,0,4,17,8,29,32,8,40,69
07/28/2010,VCT,TX,ASW,CE,Federal Contract Tower,0,3,10,23,36,0,1,5,4,10,0,4,15,27,46,12,40,52,98
07/29/2010,VCT,TX,ASW,CE,Federal Contract Tower,0,3,7,31,41,0,1,21,9,31,0,4,28,40,72,58,180,238,310
07/30/2010,VCT,TX,ASW,CE,Federal Contract Tower,0,2,6,28,36,0,1,23,17,41,0,3,29,45,77,38,220,258,335
07/31/2010,VCT,TX,ASW,CE,Federal Contract Tower,0,2,1,4,7,0,0,21,4,25,0,2,22,8,32,0,8,8,40
08/01/2010,VCT,TX,ASW,CE,Federal Contract Tower,0,3,3,7,13,0,0,17,0,17,0,3,20,7,30,4,6,10,40
08/02/2010,VCT,TX,ASW,CE,Federal Contract Tower,0,2,6,12,20,0,1,10,13,24,0,3,16,25,44,4,148,152,196
08/03/2010,VCT,TX,ASW,CE,Federal Contract Tower,0,3,2,26,31,0,1,9,18,28,0,4,11,44,59,20,170,190,249
08/04/2010,VCT,TX,ASW,CE,Federal Contract Tower,0,3,7,19,29,0,1,20,20,41,0,4,27,39,70,16,78,94,164
08/05/2010,VCT,TX,ASW,CE,Federal Contract Tower,0,3,3,33,39,0,1,29,17,47,0,4,32,50,86,24,144,168,254
08/06/2010,VCT,TX,ASW,CE,Federal Contract Tower,0,3,1,13,17,0,1,24,21,46,0,4,25,34,63,62,52,114,177
08/07/2010,VCT,TX,ASW,CE,Federal Contract Tower,0,2,0,6,8,0,0,16,1,17,0,2,16,7,25,4,8,12,37
08/08/2010,VCT,TX,ASW,CE,Federal Contract Tower,0,3,0,2,5,0,0,12,12,24,0,3,12,14,29,0,40,40,69
08/09/2010,VCT,TX,ASW,CE,Federal Contract Tower,0,2,4,19,25,0,1,18,15,34,0,3,22,34,59,6,72,78,137
08/10/2010,VCT,TX,ASW,CE,Federal Contract Tower,0,3,8,13,24,0,1,24,9,34,0,4,32,22,58,10,70,80,138
08/11/2010,VCT,TX,ASW,CE,Federal Contract Tower,0,3,13,17,33,0,1,30,16,47,0,4,43,33,80,82,132,214,294
08/12/2010,VCT,TX,ASW,CE,Federal Contract Tower,0,3,5,3,11,0,1,21,8,30,0,4,26,11,41,0,10,10,51
08/13/2010,VCT,TX,ASW,CE,Federal Contract Tower,0,3,5,33,41,0,1,9,19,29,0,4,14,52,70,16,160,176,246
08/14/2010,VCT,TX,ASW,CE,Federal Contract Tower,0,2,2,9,13,0,1,26,11,38,0,3,28,20,51,2,34,36,87
08/15/2010,VCT,TX,ASW,CE,Federal Contract Tower,0,3,6,7,16,0,0,16,5,21,0,3,22,12,37,8,40,48,85
08/16/2010,VCT,TX,ASW,CE,Federal Contract Tower,0,3,7,13,23,0,0,19,28,47,0,3,26,41,70,10,88,98,168
08/17/2010,VCT,TX,ASW,CE,Federal Contract Tower,0,3,12,9,24,0,1,19,13,33,0,4,31,22,57,50,80,130,187
08/18/2010,VCT,TX,ASW,CE,Federal Contract Tower,0,2,5,41,48,0,1,21,16,38,0,3,26,57,86,54,100,154,240
08/19/2010,VCT,TX,ASW,CE,Federal Contract Tower,0,3,5,20,28,0,1,25,7,33,0,4,30,27,61,6,28,34,95
08/20/2010,VCT,TX,ASW,CE,Federal Contract Tower,0,3,0,20,23,0,1,27,26,54,0,4,27,46,77,16,48,64,141
08/21/2010,VCT,TX,ASW,CE,Federal Contract Tower,0,2,3,7,12,0,0,34,6,40,0,2,37,13,52,34,6,40,92
08/22/2010,VCT,TX,ASW,CE,Federal Contract Tower,0,3,14,5,22,0,0,30,2,32,0,3,44,7,54,22,6,28,82
08/23/2010,VCT,TX,ASW,CE,Federal Contract Tower,0,2,5,26,33,0,1,44,19,64,0,3,49,45,97,30,184,214,311
08/24/2010,VCT,TX,ASW,CE,Federal Contract Tower,0,3,10,31,44,0,1,22,12,35,0,4,32,43,79,38,142,180,259
08/25/2010,VCT,TX,ASW,CE,Federal Contract Tower,0,3,13,17,33,0,1,13,12,26,0,4,26,29,59,6,114,120,179
08/26/2010,VCT,TX,ASW,CE,Federal Contract Tower,0,3,3,22,28,0,1,20,13,34,0,4,23,35,62,20,114,134,196
08/27/2010,VCT,TX,ASW,CE,Federal Contract Tower,0,3,2,25,30,0,1,18,11,30,0,4,20,36,60,16,64,80,140
08/28/2010,VCT,TX,ASW,CE,Federal Contract Tower,0,2,3,9,14,0,0,28,7,35,0,2,31,16,49,8,24,32,81
08/29/2010,VCT,TX,ASW,CE,Federal Contract Tower,0,3,2,1,6,0,0,10,3,13,0,3,12,4,19,18,0,18,37
08/30/2010,VCT,TX,ASW,CE,Federal Contract Tower,0,2,8,25,35,0,1,21,19,41,0,3,29,44,76,18,62,80,156
08/31/2010,VCT,TX,ASW,CE,Federal Contract Tower,0,3,8,17,28,0,1,15,14,30,0,4,23,31,58,2,40,42,100
09/01/2010,VCT,TX,ASW,CE,Federal Contract Tower,0,4,7,21,32,0,1,28,28,57,0,5,35,49,89,20,188,208,297
09/02/2010,VCT,TX,ASW,CE,Federal Contract Tower,0,3,6,17,26,0,1,17,30,48,0,4,23,47,74,4,186,190,264
09/03/2010,VCT,TX,ASW,CE,Federal Contract Tower,0,3,5,4,12,0,1,9,2,12,0,4,14,6,24,0,4,4,28
09/04/2010,VCT,TX,ASW,CE,Federal Contract Tower,0,1,5,0,6,0,0,19,0,19,0,1,24,0,25,0,0,0,25
09/05/2010,VCT,TX,ASW,CE,Federal Contract Tower,0,0,4,0,4,0,0,18,2,20,0,0,22,2,24,24,2,26,50
09/06/2010,VCT,TX,ASW,CE,Federal Contract Tower,0,4,6,0,10,0,0,5,0,5,0,4,11,0,15,0,0,0,15
09/07/2010,VCT,TX,ASW,CE,Federal Contract Tower,0,3,0,0,3,0,1,0,0,1,0,4,0,0,4,0,0,0,4
09/08/2010,VCT,TX,ASW,CE,Federal Contract Tower,0,3,6,11,20,0,1,1,5,7,0,4,7,16,27,0,8,8,35
09/09/2010,VCT,TX,ASW,CE,Federal Contract Tower,0,3,8,24,35,0,1,19,12,32,0,4,27,36,67,8,154,162,229
09/10/2010,VCT,TX,ASW,CE,Federal Contract Tower,0,3,4,33,40,0,1,31,19,51,0,4,35,52,91,2,98,100,191
09/11/2010,VCT,TX,ASW,CE,Federal Contract Tower,0,1,2,15,18,0,0,16,3,19,0,1,18,18,37,12,34,46,83
09/12/2010,VCT,TX,ASW,CE,Federal Contract Tower,0,2,3,15,20,0,0,20,4,24,0,2,23,19,44,10,14,24,68
09/13/2010,VCT,TX,ASW,CE,Federal Contract Tower,0,0,17,22,39,0,1,22,13,36,0,1,39,35,75,10,34,44,119
09/14/2010,VCT,TX,ASW,CE,Federal Contract Tower,0,4,6,15,25,0,1,17,17,35,0,5,23,32,60,6,28,34,94
09/15/2010,VCT,TX,ASW,CE,Federal Contract Tower,0,3,7,14,24,0,1,20,11,32,0,4,27,25,56,2,88,90,146
09/16/2010,VCT,TX,ASW,CE,Federal Contract Tower,0,5,11,29,45,0,1,41,11,53,0,6,52,40,98,48,46,94,192
09/17/2010,VCT,TX,ASW,CE,Federal Contract Tower,0,4,8,8,20,0,0,13,6,19,0,4,21,14,39,0,6,6,45
09/18/2010,VCT,TX,ASW,CE,Federal Contract Tower,0,1,2,0,3,0,0,1,0,1,0,1,3,0,4,0,0,0,4
09/19/2010,VCT,TX,ASW,CE,Federal Contract Tower,0,2,7,0,9,0,0,5,0,5,0,2,12,0,14,0,0,0,14
09/20/2010,VCT,TX,ASW,CE,Federal Contract Tower,0,3,9,14,26,0,0,8,4,12,0,3,17,18,38,52,8,60,98
09/21/2010,VCT,TX,ASW,CE,Federal Contract Tower,0,5,11,16,32,0,0,19,6,25,0,5,30,22,57,50,38,88,145
09/22/2010,VCT,TX,ASW,CE,Federal Contract Tower,0,4,9,28,41,0,0,8,15,23,0,4,17,43,64,12,60,72,136
09/23/2010,VCT,TX,ASW,CE,Federal Contract Tower,0,5,13,52,70,0,0,19,22,41,0,5,32,74,111,14,284,298,409
09/24/2010,VCT,TX,ASW,CE,Federal Contract Tower,0,4,6,33,43,0,0,25,19,44,0,4,31,52,87,52,266,318,405
09/25/2010,VCT,TX,ASW,CE,Federal Contract Tower,0,0,5,18,23,0,0,21,2,23,0,0,26,20,46,22,16,38,84
09/26/2010,VCT,TX,ASW,CE,Federal Contract Tower,0,2,6,10,18,0,0,24,5,29,0,2,30,15,47,14,8,22,69
09/27/2010,VCT,TX,ASW,CE,Federal Contract Tower,0,2,8,33,43,0,1,35,28,64,0,3,43,61,107,60,150,210,317
09/28/2010,VCT,TX,ASW,CE,Federal Contract Tower,0,3,8,27,38,0,1,39,12,52,0,4,47,39,90,60,94,154,244
09/29/2010,VCT,TX,ASW,CE,Federal Contract Tower,0,3,8,15,26,0,1,37,24,62,0,4,45,39,88,18,32,50,138
09/30/2010,VCT,TX,ASW,CE,Federal Contract Tower,0,3,10,12,25,0,1,33,9,43,0,4,43,21,68,14,44,58,126
10/01/2010,VCT,TX,ASW,CE,Federal Contract Tower,0,4,5,8,17,0,1,23,12,36,0,5,28,20,53,6,60,66,119
10/02/2010,VCT,TX,ASW,CE,Federal Contract Tower,0,1,3,2,6,0,1,29,0,30,0,2,32,2,36,6,2,8,44
10/03/2010,VCT,TX,ASW,CE,Federal Contract Tower,0,4,2,0,6,0,0,24,5,29,0,4,26,5,35,8,60,68,103
10/04/2010,VCT,TX,ASW,CE,Federal Contract Tower,0,4,11,20,35,0,1,25,10,36,0,5,36,30,71,0,52,52,123
10/05/2010,VCT,TX,ASW,CE,Federal Contract Tower,0,3,9,23,35,0,1,34,14,49,0,4,43,37,84,26,108,134,218
10/06/2010,VCT,TX,ASW,CE,Federal Contract Tower,0,3,8,16,27,0,1,34,32,67,0,4,42,48,94,16,246,262,356
10/07/2010,VCT,TX,ASW,CE,Federal Contract Tower,0,3,4,30,37,0,1,19,15,35,0,4,23,45,72,32,156,188,260
10/08/2010,VCT,TX,ASW,CE,Federal Contract Tower,0,3,7,10,20,0,1,28,6,35,0,4,35,16,55,52,8,60,115
10/09/2010,VCT,TX,ASW,CE,Federal Contract Tower,0,2,0,2,4,0,0,28,2,30,0,2,28,4,34,8,2,10,44
10/10/2010,VCT,TX,ASW,CE,Federal Contract Tower,0,3,2,0,5,0,0,20,0,20,0,3,22,0,25,8,0,8,33
10/11/2010,VCT,TX,ASW,CE,Federal Contract Tower,0,3,2,1,6,0,1,14,14,29,0,4,16,15,35,4,4,8,43
10/12/2010,VCT,TX,ASW,CE,Federal Contract Tower,0,3,8,6,17,0,1,14,15,30,0,4,22,21,47,4,18,22,69
10/13/2010,VCT,TX,ASW,CE,Federal Contract Tower,0,3,3,13,19,0,1,22,29,52,0,4,25,42,71,0,52,52,123
10/14/2010,VCT,TX,ASW,CE,Federal Contract Tower,0,3,2,15,20,0,1,32,15,48,0,4,34,30,68,18,98,116,184
10/15/2010,VCT,TX,ASW,CE,Federal Contract Tower,0,3,9,18,30,0,1,31,16,48,0,4,40,34,78,12,62,74,152
10/16/2010,VCT,TX,ASW,CE,Federal Contract Tower,0,1,1,2,4,0,1,27,8,36,0,2,28,10,40,28,6,34,74
10/17/2010,VCT,TX,ASW,CE,Federal Contract Tower,0,3,8,7,18,0,0,18,4,22,0,3,26,11,40,2,12,14,54
10/18/2010,VCT,TX,ASW,CE,Federal Contract Tower,0,2,5,28,35,0,1,24,17,42,0,3,29,45,77,8,82,90,167
10/19/2010,VCT,TX,ASW,CE,Federal Contract Tower,0,3,11,9,23,0,1,6,20,27,0,4,17,29,50,24,46,70,120
10/20/2010,VCT,TX,ASW,CE,Federal Contract Tower,0,3,10,30,43,0,1,27,17,45,0,4,37,47,88,34,74,108,196
10/21/2010,VCT,TX,ASW,CE,Federal Contract Tower,0,3,4,14,21,0,1,41,13,55,0,4,45,27,76,26,210,236,312
10/22/2010,VCT,TX,ASW,CE,Federal Contract Tower,0,4,8,9,21,0,1,14,11,26,0,5,22,20,47,4,8,12,59
10/23/2010,VCT,TX,ASW,CE,Federal Contract Tower,0,1,5,8,14,0,0,3,0,3,0,1,8,8,17,0,6,6,23
10/24/2010,VCT,TX,ASW,CE,Federal Contract Tower,0,3,5,12,20,0,0,19,0,19,0,3,24,12,39,4,12,16,55
10/25/2010,VCT,TX,ASW,CE,Federal Contract Tower,0,2,7,27,36,0,1,13,15,29,0,3,20,42,65,0,152,152,217
10/26/2010,VCT,TX,ASW,CE,Federal Contract Tower,0,4,5,20,29,0,1,6,9,16,0,5,11,29,45,0,92,92,137
10/27/2010,VCT,TX,ASW,CE,Federal Contract Tower,0,3,3,33,39,0,1,13,9,23,0,4,16,42,62,26,104,130,192
10/28/2010,VCT,TX,ASW,CE,Federal Contract Tower,0,3,7,17,27,0,1,3,14,18,0,4,10,31,45,0,164,164,209
10/29/2010,VCT,TX,ASW,CE,Federal Contract Tower,0,1,10,9,20,0,2,37,7,46,0,3,47,16,66,2,182,184,250
10/30/2010,VCT,TX,ASW,CE,Federal Contract Tower,0,1,4,4,9,0,0,39,1,40,0,1,43,5,49,8,4,12,61
10/31/2010,VCT,TX,ASW,CE,Federal Contract Tower,0,4,3,0,7,0,1,22,0,23,0,5,25,0,30,6,0,6,36
11/01/2010,VCT,TX,ASW,CE,Federal Contract Tower,0,2,9,17,28,0,1,9,11,21,0,3,18,28,49,8,58,66,115
11/02/2010,VCT,TX,ASW,CE,Federal Contract Tower,0,3,7,23,33,0,1,10,6,17,0,4,17,29,50,10,74,84,134
11/03/2010,VCT,TX,ASW,CE,Federal Contract Tower,0,8,8,12,28,0,0,4,3,7,0,8,12,15,35,0,6,6,41
11/04/2010,VCT,TX,ASW,CE,Federal Contract Tower,0,3,2,22,27,0,1,11,8,20,0,4,13,30,47,12,38,50,97
11/05/2010,VCT,TX,ASW,CE,Federal Contract Tower,0,5,12,17,34,0,1,25,11,37,0,6,37,28,71,12,144,156,227
11/06/2010,VCT,TX,ASW,CE,Federal Contract Tower,0,1,2,2,5,0,0,31,6,37,0,1,33,8,42,30,10,40,82
11/07/2010,VCT,TX,ASW,CE,Federal Contract Tower,0,3,0,1,4,0,0,7,1,8,0,3,7,2,12,0,0,0,12
11/08/2010,VCT,TX,ASW,CE,Federal Contract Tower,27,2,8,28,65,0,1,27,13,41,27,3,35,41,106,0,152,152,258
11/09/2010,VCT,TX,ASW,CE,Federal Contract Tower,0,3,2,21,26,0,1,26,19,46,0,4,28,40,72,0,198,198,270
11/10/2010,VCT,TX,ASW,CE,Federal Contract Tower,0,3,11,28,42,0,1,22,19,42,0,4,33,47,84,0,62,62,146
11/11/2010,VCT,TX,ASW,CE,Federal Contract Tower,0,3,8,3,14,0,1,14,8,23,0,4,22,11,37,20,102,122,159
11/12/2010,VCT,TX,ASW,CE,Federal Contract Tower,0,3,6,28,37,0,1,18,12,31,0,4,24,40,68,34,208,242,310
11/13/2010,VCT,TX,ASW,CE,Federal Contract Tower,0,5,4,5,14,0,1,19,4,24,0,6,23,9,38,28,82,110,148
11/14/2010,VCT,TX,ASW,CE,Federal Contract Tower,0,4,2,1,7,0,0,20,1,21,0,4,22,2,28,14,0,14,42
11/15/2010,VCT,TX,ASW,CE,Federal Contract Tower,0,3,6,10,19,0,0,7,0,7,0,3,13,10,26,0,10,10,36
11/16/2010,VCT,TX,ASW,CE,Federal Contract Tower,0,3,8,14,25,0,1,27,18,46,0,4,35,32,71,20,78,98,169
11/17/2010,VCT,TX,ASW,CE,Federal Contract Tower,0,3,8,37,48,0,1,19,7,27,0,4,27,44,75,10,114,124,199
11/18/2010,VCT,TX,ASW,CE,Federal Contract Tower,0,3,7,24,34,0,1,11,16,28,0,4,18,40,62,32,170,202,264
11/19/2010,VCT,TX,ASW,CE,Federal Contract Tower,0,3,5,11,19,0,1,23,11,35,0,4,28,22,54,4,32,36,90
11/20/2010,VCT,TX,ASW,CE,Federal Contract Tower,0,2,6,8,16,0,0,34,1,35,0,2,40,9,51,20,34,54,105
11/21/2010,VCT,TX,ASW,CE,Federal Contract Tower,0,3,7,9,19,0,0,16,3,19,0,3,23,12,38,12,14,26,64
11/22/2010,VCT,TX,ASW,CE,Federal Contract Tower,0,5,5,40,50,0,0,9,11,20,0,5,14,51,70,20,80,100,170
11/23/2010,VCT,TX,ASW,CE,Federal Contract Tower,0,3,9,16,28,0,1,13,10,24,0,4,22,26,52,16,32,48,100
11/24/2010,VCT,TX,ASW,CE,Federal Contract Tower,0,7,15,4,26,0,0,7,2,9,0,7,22,6,35,2,2,4,39
11/25/2010,VCT,TX,ASW,CE,Federal Contract Tower,0,1,2,0,3,0,0,4,0,4,0,1,6,0,7,0,0,0,7
11/26/2010,VCT,TX,ASW,CE,Federal Contract Tower,0,1,6,1,8,0,0,8,3,11,0,1,14,4,19,0,24,24,43
11/27/2010,VCT,TX,ASW,CE,Federal Contract Tower,0,5,3,4,12,0,0,37,3,40,0,5,40,7,52,26,12,38,90
11/28/2010,VCT,TX,ASW,CE,Federal Contract Tower,0,3,7,0,10,0,0,18,0,18,0,3,25,0,28,0,0,0,28
11/29/2010,VCT,TX,ASW,CE,Federal Contract Tower,0,2,5,38,45,0,1,11,16,28,0,3,16,54,73,28,134,162,235
11/30/2010,VCT,TX,ASW,CE,Federal Contract Tower,0,3,9,30,42,0,1,13,14,28,0,4,22,44,70,12,74,86,156
12/01/2010,VCT,TX,ASW,CE,Federal Contract Tower,0,3,15,37,55,0,1,32,29,62,0,4,47,66,117,24,294,318,435
12/02/2010,VCT,TX,ASW,CE,Federal Contract Tower,0,3,11,21,35,0,1,24,25,50,0,4,35,46,85,48,196,244,329
12/03/2010,VCT,TX,ASW,CE,Federal Contract Tower,0,3,11,13,27,0,1,23,14,38,0,4,34,27,65,2,90,92,157
12/04/2010,VCT,TX,ASW,CE,Federal Contract Tower,0,2,7,14,23,0,0,19,2,21,0,2,26,16,44,4,6,10,54
12/05/2010,VCT,TX,ASW,CE,Federal Contract Tower,0,2,4,6,12,0,0,10,2,12,0,2,14,8,24,4,16,20,44
12/06/2010,VCT,TX,ASW,CE,Federal Contract Tower,0,2,2,35,39,0,1,31,36,68,0,3,33,71,107,14,240,254,361
12/07/2010,VCT,TX,ASW,CE,Federal Contract Tower,0,3,9,24,36,0,1,7,7,15,0,4,16,31,51,0,158,158,209
12/08/2010,VCT,TX,ASW,CE,Federal Contract Tower,0,5,16,35,56,0,3,16,16,35,0,8,32,51,91,4,292,296,387
12/09/2010,VCT,TX,ASW,CE,Federal Contract Tower,0,7,6,29,42,0,1,15,10,26,0,8,21,39,68,0,134,134,202
12/10/2010,VCT,TX,ASW,CE,Federal Contract Tower,0,3,9,14,26,0,1,21,11,33,0,4,30,25,59,40,124,164,223
12/11/2010,VCT,TX,ASW,CE,Federal Contract Tower,0,4,7,2,13,0,0,23,5,28,0,4,30,7,41,20,16,36,77
12/12/2010,VCT,TX,ASW,CE,Federal Contract Tower,0,2,4,6,12,0,0,13,5,18,0,2,17,11,30,0,16,16,46
12/13/2010,VCT,TX,ASW,CE,Federal Contract Tower,0,4,5,17,26,0,1,12,23,36,0,5,17,40,62,20,98,118,180
12/14/2010,VCT,TX,ASW,CE,Federal Contract Tower,0,5,7,51,63,0,1,35,27,63,0,6,42,78,126,22,166,188,314
12/15/2010,VCT,TX,ASW,CE,Federal Contract Tower,0,8,11,17,36,0,0,21,7,28,0,8,32,24,64,4,34,38,102
12/16/2010,VCT,TX,ASW,CE,Federal Contract Tower,0,5,11,14,30,0,1,16,22,39,0,6,27,36,69,14,382,396,465
12/17/2010,VCT,TX,ASW,CE,Federal Contract Tower,0,5,10,25,40,0,1,11,7,19,0,6,21,32,59,12,40,52,111
12/18/2010,VCT,TX,ASW,CE,Federal Contract Tower,0,5,1,9,15,0,0,27,11,38,0,5,28,20,53,18,26,44,97
12/19/2010,VCT,TX,ASW,CE,Federal Contract Tower,0,2,6,4,12,0,0,27,0,27,0,2,33,4,39,22,2,24,63
12/20/2010,VCT,TX,ASW,CE,Federal Contract Tower,0,4,8,35,47,0,1,6,10,17,0,5,14,45,64,8,30,38,102
12/21/2010,VCT,TX,ASW,CE,Federal Contract Tower,0,5,13,24,42,0,2,19,9,30,0,7,32,33,72,14,76,90,162
12/22/2010,VCT,TX,ASW,CE,Federal Contract Tower,0,4,10,7,21,0,2,15,6,23,0,6,25,13,44,22,26,48,92
12/23/2010,VCT,TX,ASW,CE,Federal Contract Tower,0,6,6,0,12,0,0,8,0,8,0,6,14,0,20,0,0,0,20
12/24/2010,VCT,TX,ASW,CE,Federal Contract Tower,0,5,1,0,6,0,0,5,2,7,0,5,6,2,13,12,0,12,25
12/25/2010,VCT,TX,ASW,CE,Federal Contract Tower,0,4,1,0,5,0,0,0,0,0,0,4,1,0,5,0,0,0,5
12/26/2010,VCT,TX,ASW,CE,Federal Contract Tower,0,3,4,0,7,0,0,24,0,24,0,3,28,0,31,2,0,2,33
12/27/2010,VCT,TX,ASW,CE,Federal Contract Tower,0,1,11,0,12,0,1,12,0,13,0,2,23,0,25,14,0,14,39
12/28/2010,VCT,TX,ASW,CE,Federal Contract Tower,0,3,4,4,11,0,1,2,2,5,0,4,6,6,16,0,18,18,34
12/29/2010,VCT,TX,ASW,CE,Federal Contract Tower,0,3,6,2,11,0,1,10,0,11,0,4,16,2,22,38,0,38,60
12/30/2010,VCT,TX,ASW,CE,Federal Contract Tower,0,4,4,0,8,0,0,9,0,9,0,4,13,0,17,0,0,0,17
12/31/2010,VCT,TX,ASW,CE,Federal Contract Tower,0,3,0,0,3,0,0,11,0,11,0,3,11,0,14,8,0,8,22
01/01/2011,VCT,TX,ASW,CE,Federal Contract Tower,0,2,1,0,3,0,0,6,0,6,0,2,7,0,9,6,0,6,15
01/02/2011,VCT,TX,ASW,CE,Federal Contract Tower,0,2,1,0,3,0,0,30,0,30,0,2,31,0,33,20,0,20,53
01/03/2011,VCT,TX,ASW,CE,Federal Contract Tower,0,2,6,13,21,0,1,23,1,25,0,3,29,14,46,6,14,20,66
01/04/2011,VCT,TX,ASW,CE,Federal Contract Tower,0,4,12,19,35,0,0,2,1,3,0,4,14,20,38,4,56,60,98
01/05/2011,VCT,TX,ASW,CE,Federal Contract Tower,0,3,7,17,27,0,1,15,7,23,0,4,22,24,50,20,98,118,168
01/06/2011,VCT,TX,ASW,CE,Federal Contract Tower,0,3,7,26,36,0,1,32,17,50,0,4,39,43,86,14,172,186,272
01/07/2011,VCT,TX,ASW,CE,Federal Contract Tower,0,3,8,32,43,0,1,29,25,55,0,4,37,57,98,38,158,196,294
01/08/2011,VCT,TX,ASW,CE,Federal Contract Tower,0,1,14,5,20,0,0,16,1,17,0,1,30,6,37,32,2,34,71
01/09/2011,VCT,TX,ASW,CE,Federal Contract Tower,0,3,2,6,11,0,0,2,0,2,0,3,4,6,13,0,6,6,19
01/10/2011,VCT,TX,ASW,CE,Federal Contract Tower,0,4,6,29,39,0,0,0,0,0,0,4,6,29,39,2,20,22,61
01/11/2011,VCT,TX,ASW,CE,Federal Contract Tower,0,3,13,28,44,0,1,17,21,39,0,4,30,49,83,4,56,60,143
01/12/2011,VCT,TX,ASW,CE,Federal Contract Tower,0,3,5,13,21,0,1,28,11,40,0,4,33,24,61,24,168,192,253
01/13/2011,VCT,TX,ASW,CE,Federal Contract Tower,0,3,10,19,32,0,1,8,21,30,0,4,18,40,62,6,106,112,174
01/14/2011,VCT,TX,ASW,CE,Federal Contract Tower,0,5,19,13,37,0,0,5,0,5,0,5,24,13,42,26,6,32,74
01/15/2011,VCT,TX,ASW,CE,Federal Contract Tower,0,2,3,0,5,0,0,0,0,0,0,2,3,0,5,0,0,0,5
01/16/2011,VCT,TX,ASW,CE,Federal Contract Tower,0,3,11,0,14,0,0,2,0,2,0,3,13,0,16,10,0,10,26
01/17/2011,VCT,TX,ASW,CE,Federal Contract Tower,0,2,1,4,7,0,1,20,10,31,0,3,21,14,38,0,106,106,144
01/18/2011,VCT,TX,ASW,CE,Federal Contract Tower,0,3,3,16,22,0,1,16,12,29,0,4,19,28,51,20,70,90,141
01/19/2011,VCT,TX,ASW,CE,Federal Contract Tower,0,3,17,35,55,0,1,37,9,47,0,4,54,44,102,38,150,188,290
01/20/2011,VCT,TX,ASW,CE,Federal Contract Tower,0,3,4,10,17,0,1,7,2,10,0,4,11,12,27,24,8,32,59
01/21/2011,VCT,TX,ASW,CE,Federal Contract Tower,0,5,4,18,27,0,2,27,27,56,0,7,31,45,83,28,180,208,291
01/22/2011,VCT,TX,ASW,CE,Federal Contract Tower,0,4,5,6,15,0,3,37,1,41,0,7,42,7,56,4,6,10,66
01/23/2011,VCT,TX,ASW,CE,Federal Contract Tower,0,4,4,5,13,0,2,12,1,15,0,6,16,6,28,14,4,18,46
01/24/2011,VCT,TX,ASW,CE,Federal Contract Tower,0,3,4,17,24,0,0,0,2,2,0,3,4,19,26,0,12,12,38
01/25/2011,VCT,TX,ASW,CE,Federal Contract Tower,0,3,12,19,34,0,1,13,11,25,0,4,25,30,59,52,44,96,155
01/26/2011,VCT,TX,ASW,CE,Federal Contract Tower,0,4,11,18,33,0,1,26,5,32,0,5,37,23,65,60,156,216,281
01/27/2011,VCT,TX,ASW,CE,Federal Contract Tower,0,4,2,17,23,0,1,29,16,46,0,5,31,33,69,22,100,122,191
01/28/2011,VCT,TX,ASW,CE,Federal Contract Tower,0,3,4,16,23,0,1,28,18,47,0,4,32,34,70,40,132,172,242
01/29/2011,VCT,TX,ASW,CE,Federal Contract Tower,0,1,8,5,14,0,0,10,1,11,0,1,18,6,25,28,4,32,57
01/30/2011,VCT,TX,ASW,CE,Federal Contract Tower,0,2,18,0,20,0,0,11,2,13,0,2,29,2,33,54,24,78,111
01/31/2011,VCT,TX,ASW,CE,Federal Contract Tower,0,3,7,12,22,0,0,4,6,10,0,3,11,18,32,0,200,200,232
02/01/2011,VCT,TX,ASW,CE,Federal Contract Tower,0,1,3,31,35,0,1,1,18,20,0,2,4,49,55,0,132,132,187
02/02/2011,VCT,TX,ASW,CE,Federal Contract Tower,0,2,0,15,17,0,1,8,10,19,0,3,8,25,36,48,168,216,252
02/03/2011,VCT,TX,ASW,CE,Federal Contract Tower,0,3,0,5,8,0,1,5,1,7,0,4,5,6,15,8,56,64,79
02/04/2011,VCT,TX,ASW,CE,Federal Contract Tower,0,2,0,0,2,0,0,8,0,8,0,2,8,0,10,20,0,20,30
02/05/2011,VCT,TX,ASW,CE,Federal Contract Tower,0,4,3,5,12,0,0,18,13,31,0,4,21,18,43,36,14,50,93
02/06/2011,VCT,TX,ASW,CE,Federal Contract Tower,0,2,10,6,18,0,0,18,2,20,0,2,28,8,38,20,6,26,64
02/07/2011,VCT,TX,ASW,CE,Federal Contract Tower,0,4,2,22,28,0,1,15,38,54,0,5,17,60,82,24,176,200,282
02/08/2011,VCT,TX,ASW,CE,Federal Contract Tower,0,3,9,26,38,0,1,1,8,10,0,4,10,34,48,0,184,184,232
02/09/2011,VCT,TX,ASW,CE,Federal Contract Tower,0,5,7,0,12,0,1,0,6,7,0,6,7,6,19,0,2,2,21
02/10/2011,VCT,TX,ASW,CE,Federal Contract Tower,0,5,15,22,42,0,1,17,15,33,0,6,32,37,75,36,84,120,195
02/11/2011,VCT,TX,ASW,CE,Federal Contract Tower,0,3,2,7,12,0,0,39,17,56,0,3,41,24,68,48,32,80,148
02/12/2011,VCT,TX,ASW,CE,Federal Contract Tower,0,2,11,11,24,0,2,44,9,55,0,4,55,20,79,28,14,42,121
02/13/2011,VCT,TX,ASW,CE,Federal Contract Tower,0,3,7,4,14,0,0,24,2,26,0,3,31,6,40,4,4,8,48
02/14/2011,VCT,TX,ASW,CE,Federal Contract Tower,0,2,2,21,25,0,1,17,12,30,0,3,19,33,55,0,36,36,91
02/15/2011,VCT,TX,ASW,CE,Federal Contract Tower,0,3,5,13,21,0,1,24,16,41,0,4,29,29,62,0,88,88,150
02/16/2011,VCT,TX,ASW,CE,Federal Contract Tower,0,4,8,16,28,0,0,13,11,24,0,4,21,27,52,12,32,44,96
02/17/2011,VCT,TX,ASW,CE,Federal Contract Tower,0,4,9,32,45,0,0,14,20,34,0,4,23,52,79,22,96,118,197
02/18/2011,VCT,TX,ASW,CE,Federal Contract Tower,0,3,8,17,28,0,1,10,8,19,0,4,18,25,47,20,106,126,173
02/19/2011,VCT,TX,ASW,CE,Federal Contract Tower,0,4,1,4,9,0,0,14,0,14,0,4,15,4,23,0,4,4,27
02/20/2011,VCT,TX,ASW,CE,Federal Contract Tower,0,3,6,2,11,0,0,10,0,10,0,3,16,2,21,12,6,18,39
02/21/2011,VCT,TX,ASW,CE,Federal Contract Tower,0,2,7,3,12,0,1,11,5,17,0,3,18,8,29,2,2,4,33
02/22/2011,VCT,TX,ASW,CE,Federal Contract Tower,0,4,8,14,26,0,0,4,5,9,0,4,12,19,35,0,38,38,73
02/23/2011,VCT,TX,ASW,CE,Federal Contract Tower,0,4,7,34,45,0,0,13,0,13,0,4,20,34,58,32,142,174,232
02/24/2011,VCT,TX,ASW,CE,Federal Contract Tower,0,7,8,17,32,0,1,14,5,20,0,8,22,22,52,16,24,40,92
02/25/2011,VCT,TX,ASW,CE,Federal Contract Tower,0,3,2,13,18,0,1,37,23,61,0,4,39,36,79,4,108,112,191
02/26/2011,VCT,TX,ASW,CE,Federal Contract Tower,0,1,7,4,12,0,0,9,0,9,0,1,16,4,21,2,2,4,25
02/27/2011,VCT,TX,ASW,CE,Federal Contract Tower,0,2,7,0,9,0,0,5,2,7,0,2,12,2,16,0,0,0,16
02/28/2011,VCT,TX,ASW,CE,Federal Contract Tower,0,2,3,18,23,0,3,10,22,35,0,5,13,40,58,14,102,116,174
03/01/2011,VCT,TX,ASW,CE,Federal Contract Tower,0,5,7,14,26,0,1,32,17,50,0,6,39,31,76,36,214,250,326
03/02/2011,VCT,TX,ASW,CE,Federal Contract Tower,0,3,20,30,53,0,1,41,12,54,0,4,61,42,107,28,172,200,307
03/03/2011,VCT,TX,ASW,CE,Federal Contract Tower,0,3,11,26,40,0,1,14,17,32,0,4,25,43,72,52,52,104,176
03/04/2011,VCT,TX,ASW,CE,Federal Contract Tower,0,3,1,20,24,0,1,6,9,16,0,4,7,29,40,0,16,16,56
03/05/2011,VCT,TX,ASW,CE,Federal Contract Tower,0,1,3,10,14,0,0,3,3,6,0,1,6,13,20,0,10,10,30
03/06/2011,VCT,TX,ASW,CE,Federal Contract Tower,0,3,3,9,15,0,0,32,7,39,0,3,35,16,54,18,36,54,108
03/07/2011,VCT,TX,ASW,CE,Federal Contract Tower,0,2,9,15,26,0,1,19,12,32,0,3,28,27,58,4,166,170,228
03/08/2011,VCT,TX,ASW,CE,Federal Contract Tower,0,5,10,15,30,0,0,2,1,3,0,5,12,16,33,4,10,14,47
03/09/2011,VCT,TX,ASW,CE,Federal Contract Tower,0,4,11,18,33,0,1,33,18,52,0,5,44,36,85,44,172,216,301
03/10/2011,VCT,TX,ASW,CE,Federal Contract Tower,0,3,4,37,44,0,1,36,38,75,0,4,40,75,119,10,280,290,409
03/11/2011,VCT,TX,ASW,CE,Federal Contract Tower,0,3,9,20,32,0,1,26,14,41,0,4,35,34,73,14,148,162,235
03/12/2011,VCT,TX,ASW,CE,Federal Contract Tower,0,1,24,2,27,0,0,31,0,31,0,1,55,2,58,58,2,60,118
03/13/2011,VCT,TX,ASW,CE,Federal Contract Tower,0,3,26,4,33,0,0,9,0,9,0,3,35,4,42,34,2,36,78
03/14/2011,VCT,TX,ASW,CE,Federal Contract Tower,0,2,6,4,12,0,1,6,0,7,0,3,12,4,19,6,4,10,29
03/15/2011,VCT,TX,ASW,CE,Federal Contract Tower,0,5,17,47,69,0,0,17,18,35,0,5,34,65,104,16,324,340,444
03/16/2011,VCT,TX,ASW,CE,Federal Contract Tower,0,6,15,22,43,0,0,19,2,21,0,6,34,24,64,14,78,92,156
03/17/2011,VCT,TX,ASW,CE,Federal Contract Tower,0,3,7,26,36,0,1,14,6,21,0,4,21,32,57,18,114,132,189
03/18/2011,VCT,TX,ASW,CE,Federal Contract Tower,0,3,4,22,29,0,4,20,5,29,0,7,24,27,58,14,58,72,130
03/19/2011,VCT,TX,ASW,CE,Federal Contract Tower,0,1,13,13,27,0,0,48,2,50,0,1,61,15,77,2,86,88,165
03/20/2011,VCT,TX,ASW,CE,Federal Contract Tower,0,3,5,2,10,0,0,16,2,18,0,3,21,4,28,0,16,16,44
03/21/2011,VCT,TX,ASW,CE,Federal Contract Tower,0,2,0,49,51,0,1,5,7,13,0,3,5,56,64,0,94,94,158
03/22/2011,VCT,TX,ASW,CE,Federal Contract Tower,0,6,7,38,51,0,1,6,19,26,0,7,13,57,77,4,140,144,221
03/23/2011,VCT,TX,ASW,CE,Federal Contract Tower,0,4,8,36,48,0,1,17,17,35,0,5,25,53,83,18,228,246,329
03/24/2011,VCT,TX,ASW,CE,Federal Contract Tower,0,3,6,28,37,0,1,25,11,37,0,4,31,39,74,30,198,228,302
03/25/2011,VCT,TX,ASW,CE,Federal Contract Tower,0,4,8,21,33,0,0,6,7,13,0,4,14,28,46,18,34,52,98
03/26/2011,VCT,TX,ASW,CE,Federal Contract Tower,0,2,6,10,18,0,0,21,1,22,0,2,27,11,40,4,16,20,60
03/27/2011,VCT,TX,ASW,CE,Federal Contract Tower,0,3,15,2,20,0,0,14,0,14,0,3,29,2,34,40,2,42,76
03/28/2011,VCT,TX,ASW,CE,Federal Contract Tower,0,4,10,22,36,0,0,17,6,23,0,4,27,28,59,2,14,16,75
03/29/2011,VCT,TX,ASW,CE,Federal Contract Tower,0,4,4,9,17,0,1,9,4,14,0,5,13,13,31,0,20,20,51
03/30/2011,VCT,TX,ASW,CE,Federal Contract Tower,0,4,14,12,30,0,1,22,11,34,0,5,36,23,64,12,150,162,226
03/31/2011,VCT,TX,ASW,CE,Federal Contract Tower,0,5,6,18,29,0,1,17,6,24,0,6,23,24,53,2,106,108,161
04/01/2011,VCT,TX,ASW,CE,Federal Contract Tower,0,3,5,10,18,0,1,40,8,49,0,4,45,18,67,18,30,48,115
04/02/2011,VCT,TX,ASW,CE,Federal Contract Tower,0,2,8,4,14,0,0,141,3,144,0,2,149,7,158,13,2,15,173
04/03/2011,VCT,TX,ASW,CE,Federal Contract Tower,0,3,9,5,17,0,0,41,7,48,0,3,50,12,65,104,16,120,185
04/04/2011,VCT,TX,ASW,CE,Federal Contract Tower,0,2,8,10,20,0,1,16,6,23,0,3,24,16,43,16,46,62,105
04/05/2011,VCT,TX,ASW,CE,Federal Contract Tower,0,3,6,15,24,0,1,33,16,50,0,4,39,31,74,6,236,242,316
04/06/2011,VCT,TX,ASW,CE,Federal Contract Tower,0,3,6,12,21,0,1,24,10,35,0,4,30,22,56,8,126,134,190
04/07/2011,VCT,TX,ASW,CE,Federal Contract Tower,0,6,7,9,22,0,0,10,2,12,0,6,17,11,34,0,38,38,72
04/08/2011,VCT,TX,ASW,CE,Federal Contract Tower,0,5,9,27,41,0,1,14,6,21,0,6,23,33,62,2,80,82,144
04/09/2011,VCT,TX,ASW,CE,Federal Contract Tower,0,2,1,40,43,0,0,15,18,33,0,2,16,58,76,2,48,50,126
04/10/2011,VCT,TX,ASW,CE,Federal Contract Tower,0,5,6,5,16,0,0,17,16,33,0,5,23,21,49,8,14,22,71
04/11/2011,VCT,TX,ASW,CE,Federal Contract Tower,0,2,4,24,30,0,1,9,5,15,0,3,13,29,45,0,28,28,73
04/12/2011,VCT,TX,ASW,CE,Federal Contract Tower,0,3,5,21,29,0,1,26,12,39,0,4,31,33,68,32,160,192,260
04/13/2011,VCT,TX,ASW,CE,Federal Contract Tower,0,3,14,29,46,0,1,29,17,47,0,4,43,46,93,56,192,248,341
04/14/2011,VCT,TX,ASW,CE,Federal Contract Tower,0,3,20,27,50,0,1,8,10,19,0,4,28,37,69,2,104,106,175
04/15/2011,VCT,TX,ASW,CE,Federal Contract Tower,0,3,18,10,31,0,1,16,9,26,0,4,34,19,57,4,44,48,105
04/16/2011,VCT,TX,ASW,CE,Federal Contract Tower,0,2,3,24,29,0,0,33,2,35,0,2,36,26,64,42,24,66,130
04/17/2011,VCT,TX,ASW,CE,Federal Contract Tower,0,3,11,6,20,0,0,20,1,21,0,3,31,7,41,12,26,38,79
04/18/2011,VCT,TX,ASW,CE,Federal Contract Tower,0,3,12,25,40,0,0,18,6,24,0,3,30,31,64,10,46,56,120
04/19/2011,VCT,TX,ASW,CE,Federal Contract Tower,0,5,5,41,51,0,1,1,10,12,0,6,6,51,63,0,58,58,121
04/20/2011,VCT,TX,ASW,CE,Federal Contract Tower,0,3,9,29,41,0,1,7,19,27,0,4,16,48,68,0,186,186,254
04/21/2011,VCT,TX,ASW,CE,Federal Contract Tower,0,8,8,38,54,0,0,22,19,41,0,8,30,57,95,6,134,140,235
04/22/2011,VCT,TX,ASW,CE,Federal Contract Tower,0,4,8,25,37,0,0,4,16,20,0,4,12,41,57,4,90,94,151
04/23/2011,VCT,TX,ASW,CE,Federal Contract Tower,0,2,1,2,5,0,0,9,5,14,0,2,10,7,19,0,2,2,21
04/24/2011,VCT,TX,ASW,CE,Federal Contract Tower,0,4,8,4,16,0,0,7,0,7,0,4,15,4,23,0,4,4,27
04/25/2011,VCT,TX,ASW,CE,Federal Contract Tower,0,1,9,34,44,0,1,9,9,19,0,2,18,43,63,0,38,38,101
04/26/2011,VCT,TX,ASW,CE,Federal Contract Tower,0,7,6,34,47,0,0,10,33,43,0,7,16,67,90,24,48,72,162
04/27/2011,VCT,TX,ASW,CE,Federal Contract Tower,0,3,9,11,23,0,1,15,8,24,0,4,24,19,47,16,100,116,163
04/28/2011,VCT,TX,ASW,CE,Federal Contract Tower,0,3,11,22,36,0,1,41,19,61,0,4,52,41,97,8,74,82,179
04/29/2011,VCT,TX,ASW,CE,Federal Contract Tower,0,3,7,12,22,0,1,24,12,37,0,4,31,24,59,24,34,58,117
04/30/2011,VCT,TX,ASW,CE,Federal Contract Tower,0,2,2,1,5,0,0,8,9,17,0,2,10,10,22,0,10,10,32
05/01/2011,VCT,TX,ASW,CE,Federal Contract Tower,0,3,4,9,16,0,0,4,17,21,0,3,8,26,37,2,44,46,83
05/02/2011,VCT,TX,ASW,CE,Federal Contract Tower,0,2,20,10,32,0,1,5,5,11,0,3,25,15,43,8,14,22,65
05/03/2011,VCT,TX,ASW,CE,Federal Contract Tower,0,6,6,33,45,0,3,16,16,35,0,9,22,49,80,0,56,56,136
05/04/2011,VCT,TX,ASW,CE,Federal Contract Tower,0,3,4,31,38,0,1,16,31,48,0,4,20,62,86,0,230,230,316
05/05/2011,VCT,TX,ASW,CE,Federal Contract Tower,0,3,5,24,32,0,1,26,26,53,0,4,31,50,85,14,156,170,255
05/06/2011,VCT,TX,ASW,CE,Federal Contract Tower,0,3,4,32,39,0,2,17,18,37,0,5,21,50,76,20,116,136,212
05/07/2011,VCT,TX,ASW,CE,Federal Contract Tower,0,2,7,1,10,0,0,15,5,20,0,2,22,6,30,2,0,2,32
05/08/2011,VCT,TX,ASW,CE,Federal Contract Tower,0,3,5,11,19,0,0,13,3,16,0,3,18,14,35,0,50,50,85
05/09/2011,VCT,TX,ASW,CE,Federal Contract Tower,0,3,4,11,18,0,1,8,11,20,0,4,12,22,38,16,4,20,58
05/10/2011,VCT,TX,ASW,CE,Federal Contract Tower,0,3,6,46,55,0,2,18,20,40,0,5,24,66,95,8,164,172,267
05/11/2011,VCT,TX,ASW,CE,Federal Contract Tower,0,6,4,13,23,0,0,10,2,12,0,6,14,15,35,0,40,40,75
05/12/2011,VCT,TX,ASW,CE,Federal Contract Tower,0,1,9,0,10,0,1,5,0,6,0,2,14,0,16,4,0,4,20
05/13/2011,VCT,TX,ASW,CE,Federal Contract Tower,0,3,1,18,22,0,1,26,10,37,0,4,27,28,59,6,92,98,157
05/14/2011,VCT,TX,ASW,CE,Federal Contract Tower,0,2,0,3,5,0,0,22,6,28,0,2,22,9,33,6,16,22,55
05/15/2011,VCT,TX,ASW,CE,Federal Contract Tower,0,3,0,10,13,0,0,28,0,28,0,3,28,10,41,26,10,36,77
05/16/2011,VCT,TX,ASW,CE,Federal Contract Tower,0,3,5,25,33,0,0,18,20,38,0,3,23,45,71,6,162,168,239
05/17/2011,VCT,TX,ASW,CE,Federal Contract Tower,0,4,11,45,60,0,1,36,18,55,0,5,47,63,115,10,100,110,225
05/18/2011,VCT,TX,ASW,CE,Federal Contract Tower,0,4,13,19,36,0,0,12,7,19,0,4,25,26,55,4,94,98,153
05/19/2011,VCT,TX,ASW,CE,Federal Contract Tower,0,4,7,47,58,0,0,7,9,16,0,4,14,56,74,4,128,132,206
05/20/2011,VCT,TX,ASW,CE,Federal Contract Tower,0,4,16,37,57,0,0,24,0,24,0,4,40,37,81,4,38,42,123
05/21/2011,VCT,TX,ASW,CE,Federal Contract Tower,0,2,7,0,9,0,0,25,2,27,0,2,32,2,36,8,0,8,44
05/22/2011,VCT,TX,ASW,CE,Federal Contract Tower,0,2,2,3,7,0,0,9,4,13,0,2,11,7,20,0,26,26,46
05/23/2011,VCT,TX,ASW,CE,Federal Contract Tower,0,2,8,24,34,0,1,15,12,28,0,3,23,36,62,4,60,64,126
05/24/2011,VCT,TX,ASW,CE,Federal Contract Tower,0,3,10,37,50,0,1,4,19,24,0,4,14,56,74,0,182,182,256
05/25/2011,VCT,TX,ASW,CE,Federal Contract Tower,0,4,9,26,39,0,2,19,25,46,0,6,28,51,85,0,246,246,331
05/26/2011,VCT,TX,ASW,CE,Federal Contract Tower,0,3,8,15,26,0,1,27,1,29,0,4,35,16,55,26,114,140,195
05/27/2011,VCT,TX,ASW,CE,Federal Contract Tower,0,3,5,9,17,0,1,29,4,34,0,4,34,13,51,0,74,74,125
05/28/2011,VCT,TX,ASW,CE,Federal Contract Tower,0,2,4,0,6,0,2,13,0,15,0,4,17,0,21,18,0,18,39
05/29/2011,VCT,TX,ASW,CE,Federal Contract Tower,0,1,4,0,5,0,0,5,0,5,0,1,9,0,10,0,0,0,10
05/30/2011,VCT,TX,ASW,CE,Federal Contract Tower,0,2,7,4,13,0,0,11,0,11,0,2,18,4,24,0,2,2,26
05/31/2011,VCT,TX,ASW,CE,Federal Contract Tower,0,4,6,30,40,0,2,9,18,29,0,6,15,48,69,6,124,130,199
06/01/2011,VCT,TX,ASW,CE,Federal Contract Tower,0,3,5,20,28,0,1,33,15,49,0,4,38,35,77,0,188,188,265
06/02/2011,VCT,TX,ASW,CE,Federal Contract Tower,0,3,5,25,33,0,1,27,14,42,0,4,32,39,75,10,170,180,255
06/03/2011,VCT,TX,ASW,CE,Federal Contract Tower,0,3,6,30,39,0,1,39,14,54,0,4,45,44,93,22,182,204,297
06/04/2011,VCT,TX,ASW,CE,Federal Contract Tower,0,1,5,7,13,0,1,29,1,31,0,2,34,8,44,4,6,10,54
06/05/2011,VCT,TX,ASW,CE,Federal Contract Tower,0,3,3,9,15,0,0,18,3,21,0,3,21,12,36,0,20,20,56
06/06/2011,VCT,TX,ASW,CE,Federal Contract Tower,0,2,4,18,24,0,1,15,22,38,0,3,19,40,62,10,116,126,188
06/07/2011,VCT,TX,ASW,CE,Federal Contract Tower,0,3,10,24,37,0,1,15,19,35,0,4,25,43,72,2,186,188,260
06/08/2011,VCT,TX,ASW,CE,Federal Contract Tower,0,3,6,30,39,0,1,35,12,48,0,4,41,42,87,6,126,132,219
06/09/2011,VCT,TX,ASW,CE,Federal Contract Tower,0,1,3,17,21,0,1,15,22,38,0,2,18,39,59,2,154,156,215
06/10/2011,VCT,TX,ASW,CE,Federal Contract Tower,0,3,6,6,15,0,1,16,20,37,0,4,22,26,52,0,68,68,120
06/11/2011,VCT,TX,ASW,CE,Federal Contract Tower,0,3,3,4,10,0,2,19,0,21,0,5,22,4,31,16,4,20,51
06/12/2011,VCT,TX,ASW,CE,Federal Contract Tower,0,3,10,35,48,0,0,21,10,31,0,3,31,45,79,8,34,42,121
06/13/2011,VCT,TX,ASW,CE,Federal Contract Tower,0,2,16,33,51,0,1,28,25,54,0,3,44,58,105,2,112,114,219
06/14/2011,VCT,TX,ASW,CE,Federal Contract Tower,0,7,12,31,50,0,1,20,18,39,0,8,32,49,89,0,186,186,275
06/15/2011,VCT,TX,ASW,CE,Federal Contract Tower,0,1,13,8,22,0,1,20,14,35,0,2,33,22,57,0,74,74,131
06/16/2011,VCT,TX,ASW,CE,Federal Contract Tower,0,5,13,20,38,0,1,12,24,37,0,6,25,44,75,30,52,82,157
06/17/2011,VCT,TX,ASW,CE,Federal Contract Tower,0,3,5,19,27,0,1,2,7,10,0,4,7,26,37,0,124,124,161
06/18/2011,VCT,TX,ASW,CE,Federal Contract Tower,0,3,5,4,12,0,0,16,0,16,0,3,21,4,28,2,2,4,32
06/19/2011,VCT,TX,ASW,CE,Federal Contract Tower,0,3,4,4,11,0,0,10,0,10,0,3,14,4,21,0,4,4,25
06/20/2011,VCT,TX,ASW,CE,Federal Contract Tower,0,2,5,37,44,0,1,11,32,44,0,3,16,69,88,0,66,66,154
06/21/2011,VCT,TX,ASW,CE,Federal Contract Tower,0,4,4,17,25,0,3,12,19,34,0,7,16,36,59,16,104,120,179
06/22/2011,VCT,TX,ASW,CE,Federal Contract Tower,0,4,8,9,21,0,1,2,3,6,0,5,10,12,27,0,48,48,75
06/23/2011,VCT,TX,ASW,CE,Federal Contract Tower,0,5,6,12,23,0,1,8,19,28,0,6,14,31,51,8,142,150,201
06/24/2011,VCT,TX,ASW,CE,Federal Contract Tower,0,3,10,6,19,0,1,7,7,15,0,4,17,13,34,12,12,24,58
06/25/2011,VCT,TX,ASW,CE,Federal Contract Tower,0,3,5,6,14,0,0,19,6,25,0,3,24,12,39,20,34,54,93
06/26/2011,VCT,TX,ASW,CE,Federal Contract Tower,0,2,4,0,6,0,0,25,0,25,0,2,29,0,31,4,0,4,35
06/27/2011,VCT,TX,ASW,CE,Federal Contract Tower,0,2,9,22,33,0,1,27,18,46,0,3,36,40,79,2,160,162,241
06/28/2011,VCT,TX,ASW,CE,Federal Contract Tower,0,3,16,16,35,0,1,25,25,51,0,4,41,41,86,0,148,148,234
06/29/2011,VCT,TX,ASW,CE,Federal Contract Tower,0,3,7,32,42,0,1,17,18,36,0,4,24,50,78,2,96,98,176
06/30/2011,VCT,TX,ASW,CE,Federal Contract Tower,0,3,14,42,59,0,2,19,12,33,0,5,33,54,92,0,206,206,298
07/01/2011,VCT,TX,ASW,CE,Federal Contract Tower,0,4,3,13,20,0,3,13,4,20,0,7,16,17,40,0,58,58,98
07/02/2011,VCT,TX,ASW,CE,Federal Contract Tower,0,2,3,4,9,0,0,22,2,24,0,2,25,6,33,70,2,72,105
07/03/2011,VCT,TX,ASW,CE,Federal Contract Tower,0,3,3,4,10,0,0,12,4,16,0,3,15,8,26,2,4,6,32
07/04/2011,VCT,TX,ASW,CE,Federal Contract Tower,0,3,3,0,6,0,0,12,0,12,0,3,15,0,18,8,0,8,26
07/05/2011,VCT,TX,ASW,CE,Federal Contract Tower,0,3,4,15,22,0,1,19,9,29,0,4,23,24,51,2,160,162,213
07/06/2011,VCT,TX,ASW,CE,Federal Contract Tower,0,3,10,17,30,0,1,23,12,36,0,4,33,29,66,4,110,114,180
07/07/2011,VCT,TX,ASW,CE,Federal Contract Tower,0,3,9,28,40,0,1,12,27,40,0,4,21,55,80,0,194,194,274
07/08/2011,VCT,TX,ASW,CE,Federal Contract Tower,0,3,3,24,30,0,1,20,14,35,0,4,23,38,65,22,192,214,279
07/09/2011,VCT,TX,ASW,CE,Federal Contract Tower,0,3,5,4,12,0,0,17,1,18,0,3,22,5,30,8,50,58,88
07/10/2011,VCT,TX,ASW,CE,Federal Contract Tower,0,3,3,2,8,0,0,22,0,22,0,3,25,2,30,26,2,28,58
07/11/2011,VCT,TX,ASW,CE,Federal Contract Tower,0,5,4,20,29,0,1,22,14,37,0,6,26,34,66,20,56,76,142
07/12/2011,VCT,TX,ASW,CE,Federal Contract Tower,0,4,9,21,34,0,1,16,17,34,0,5,25,38,68,0,74,74,142
07/13/2011,VCT,TX,ASW,CE,Federal Contract Tower,0,4,10,22,36,0,1,20,19,40,0,5,30,41,76,2,76,78,154
07/14/2011,VCT,TX,ASW,CE,Federal Contract Tower,0,5,18,31,54,0,1,20,22,43,0,6,38,53,97,18,302,320,417
07/15/2011,VCT,TX,ASW,CE,Federal Contract Tower,0,7,2,12,21,0,1,12,15,28,0,8,14,27,49,0,178,178,227
07/16/2011,VCT,TX,ASW,CE,Federal Contract Tower,0,2,11,12,25,0,0,20,13,33,0,2,31,25,58,10,66,76,134
07/17/2011,VCT,TX,ASW,CE,Federal Contract Tower,0,3,4,0,7,0,0,14,0,14,0,3,18,0,21,4,0,4,25
07/18/2011,VCT,TX,ASW,CE,Federal Contract Tower,0,3,7,6,16,0,1,13,12,26,0,4,20,18,42,0,22,22,64
07/19/2011,VCT,TX,ASW,CE,Federal Contract Tower,0,4,10,12,26,0,1,16,12,29,0,5,26,24,55,2,16,18,73
07/20/2011,VCT,TX,ASW,CE,Federal Contract Tower,0,3,4,11,18,0,3,15,19,37,0,6,19,30,55,8,206,214,269
07/21/2011,VCT,TX,ASW,CE,Federal Contract Tower,0,3,9,41,53,0,1,16,11,28,0,4,25,52,81,6,126,132,213
07/22/2011,VCT,TX,ASW,CE,Federal Contract Tower,0,6,5,34,45,0,1,26,17,44,0,7,31,51,89,0,184,184,273
07/23/2011,VCT,TX,ASW,CE,Federal Contract Tower,0,2,2,6,10,0,0,18,6,24,0,2,20,12,34,2,2,4,38
07/24/2011,VCT,TX,ASW,CE,Federal Contract Tower,0,3,3,5,11,0,0,15,1,16,0,3,18,6,27,0,4,4,31
07/25/2011,VCT,TX,ASW,CE,Federal Contract Tower,0,2,6,20,28,0,1,20,18,39,0,3,26,38,67,2,50,52,119
07/26/2011,VCT,TX,ASW,CE,Federal Contract Tower,0,5,8,31,44,0,1,32,9,42,0,6,40,40,86,20,110,130,216
07/27/2011,VCT,TX,ASW,CE,Federal Contract Tower,0,3,8,22,33,0,1,18,17,36,0,4,26,39,69,0,62,62,131
07/28/2011,VCT,TX,ASW,CE,Federal Contract Tower,0,3,12,36,51,0,1,20,12,33,0,4,32,48,84,10,66,76,160
07/29/2011,VCT,TX,ASW,CE,Federal Contract Tower,0,1,1,0,2,0,1,3,0,4,0,2,4,0,6,0,0,0,6
07/30/2011,VCT,TX,ASW,CE,Federal Contract Tower,0,3,4,0,7,0,0,16,0,16,0,3,20,0,23,0,0,0,23
07/31/2011,VCT,TX,ASW,CE,Federal Contract Tower,0,3,0,8,11,0,0,20,2,22,0,3,20,10,33,0,36,36,69
08/01/2011,VCT,TX,ASW,CE,Federal Contract Tower,0,3,4,15,22,0,1,14,8,23,0,4,18,23,45,0,106,106,151
08/02/2011,VCT,TX,ASW,CE,Federal Contract Tower,0,4,5,43,52,0,1,20,14,35,0,5,25,57,87,8,160,168,255
08/03/2011,VCT,TX,ASW,CE,Federal Contract Tower,0,4,17,23,44,0,1,19,15,35,0,5,36,38,79,2,82,84,163
08/04/2011,VCT,TX,ASW,CE,Federal Contract Tower,0,3,11,29,43,0,1,22,7,30,0,4,33,36,73,10,218,228,301
08/05/2011,VCT,TX,ASW,CE,Federal Contract Tower,0,6,9,18,33,0,1,16,18,35,0,7,25,36,68,8,252,260,328
08/06/2011,VCT,TX,ASW,CE,Federal Contract Tower,0,2,2,19,23,0,0,22,15,37,0,2,24,34,60,0,192,192,252
08/07/2011,VCT,TX,ASW,CE,Federal Contract Tower,0,4,4,0,8,0,0,14,2,16,0,4,18,2,24,0,4,4,28
08/08/2011,VCT,TX,ASW,CE,Federal Contract Tower,0,3,8,16,27,0,1,6,29,36,0,4,14,45,63,0,138,138,201
08/09/2011,VCT,TX,ASW,CE,Federal Contract Tower,0,5,2,7,14,0,0,20,12,32,0,5,22,19,46,24,148,172,218
08/10/2011,VCT,TX,ASW,CE,Federal Contract Tower,0,4,14,1,19,0,0,15,16,31,0,4,29,17,50,6,56,62,112
08/11/2011,VCT,TX,ASW,CE,Federal Contract Tower,0,4,10,5,19,0,0,26,12,38,0,4,36,17,57,16,102,118,175
08/12/2011,VCT,TX,ASW,CE,Federal Contract Tower,0,7,5,7,19,0,1,34,1,36,0,8,39,8,55,8,4,12,67
08/13/2011,VCT,TX,ASW,CE,Federal Contract Tower,0,1,2,2,5,0,1,20,2,23,0,2,22,4,28,0,2,2,30
08/14/2011,VCT,TX,ASW,CE,Federal Contract Tower,0,3,1,0,4,0,0,14,2,16,0,3,15,2,20,10,12,22,42
08/15/2011,VCT,TX,ASW,CE,Federal Contract Tower,0,2,1,11,14,0,1,15,26,42,0,3,16,37,56,0,64,64,120
08/16/2011,VCT,TX,ASW,CE,Federal Contract Tower,0,3,4,22,29,0,1,8,16,25,0,4,12,38,54,6,74,80,134
08/17/2011,VCT,TX,ASW,CE,Federal Contract Tower,0,6,4,30,40,0,1,17,22,40,0,7,21,52,80,0,188,188,268
08/18/2011,VCT,TX,ASW,CE,Federal Contract Tower,0,6,5,7,18,0,1,19,15,35,0,7,24,22,53,24,120,144,197
08/19/2011,VCT,TX,ASW,CE,Federal Contract Tower,0,3,0,19,22,0,1,17,20,38,0,4,17,39,60,4,208,212,272
08/20/2011,VCT,TX,ASW,CE,Federal Contract Tower,0,2,3,4,9,0,0,14,4,18,0,2,17,8,27,8,6,14,41
08/21/2011,VCT,TX,ASW,CE,Federal Contract Tower,0,3,2,27,32,0,0,8,8,16,0,3,10,35,48,2,90,92,140
08/22/2011,VCT,TX,ASW,CE,Federal Contract Tower,0,2,3,19,24,0,1,11,21,33,0,3,14,40,57,0,98,98,155
08/23/2011,VCT,TX,ASW,CE,Federal Contract Tower,0,3,6,25,34,0,1,15,8,24,0,4,21,33,58,2,88,90,148
08/24/2011,VCT,TX,ASW,CE,Federal Contract Tower,0,9,1,21,31,0,1,15,23,39,0,10,16,44,70,2,148,150,220
08/25/2011,VCT,TX,ASW,CE,Federal Contract Tower,0,6,7,7,20,0,1,17,11,29,0,7,24,18,49,0,26,26,75
08/26/2011,VCT,TX,ASW,CE,Federal Contract Tower,0,3,2,19,24,0,1,20,5,26,0,4,22,24,50,8,22,30,80
08/27/2011,VCT,TX,ASW,CE,Federal Contract Tower,0,1,0,4,5,0,1,22,12,35,0,2,22,16,40,2,32,34,74
08/28/2011,VCT,TX,ASW,CE,Federal Contract Tower,0,4,0,2,6,0,1,28,3,32,0,5,28,5,38,18,6,24,62
08/29/2011,VCT,TX,ASW,CE,Federal Contract Tower,0,3,4,11,18,0,1,7,20,28,0,4,11,31,46,0,106,106,152
08/30/2011,VCT,TX,ASW,CE,Federal Contract Tower,0,5,8,20,33,0,5,10,20,35,0,10,18,40,68,16,326,342,410
08/31/2011,VCT,TX,ASW,CE,Federal Contract Tower,0,6,4,36,46,0,3,18,12,33,0,9,22,48,79,58,84,142,221
09/01/2011,VCT,TX,ASW,CE,Federal Contract Tower,0,3,10,26,39,0,1,13,12,26,0,4,23,38,65,4,174,178,243
09/02/2011,VCT,TX,ASW,CE,Federal Contract Tower,0,4,3,10,17,0,1,28,13,42,0,5,31,23,59,2,20,22,81
09/03/2011,VCT,TX,ASW,CE,Federal Contract Tower,0,2,2,2,6,0,0,15,2,17,0,2,17,4,23,18,12,30,53
09/04/2011,VCT,TX,ASW,CE,Federal Contract Tower,0,1,2,0,3,0,0,8,0,8,0,1,10,0,11,2,0,2,13
09/05/2011,VCT,TX,ASW,CE,Federal Contract Tower,0,3,6,0,9,0,0,12,2,14,0,3,18,2,23,0,2,2,25
09/06/2011,VCT,TX,ASW,CE,Federal Contract Tower,0,4,4,16,24,0,1,23,16,40,0,5,27,32,64,0,130,130,194
09/07/2011,VCT,TX,ASW,CE,Federal Contract Tower,0,5,8,6,19,0,1,17,13,31,0,6,25,19,50,2,46,48,98
09/08/2011,VCT,TX,ASW,CE,Federal Contract Tower,0,5,6,28,39,0,1,14,20,35,0,6,20,48,74,2,118,120,194
09/09/2011,VCT,TX,ASW,CE,Federal Contract Tower,0,6,0,12,18,0,2,19,6,27,0,8,19,18,45,8,30,38,83
09/10/2011,VCT,TX,ASW,CE,Federal Contract Tower,0,3,6,18,27,0,0,29,15,44,0,3,35,33,71,10,46,56,127
09/11/2011,VCT,TX,ASW,CE,Federal Contract Tower,0,3,0,5,8,0,0,16,1,17,0,3,16,6,25,0,8,8,33
09/12/2011,VCT,TX,ASW,CE,Federal Contract Tower,0,3,10,47,60,0,0,23,14,37,0,3,33,61,97,0,106,106,203
09/13/2011,VCT,TX,ASW,CE,Federal Contract Tower,0,8,6,20,34,0,0,21,36,57,0,8,27,56,91,6,234,240,331
09/14/2011,VCT,TX,ASW,CE,Federal Contract Tower,0,5,6,5,16,0,0,15,4,19,0,5,21,9,35,10,70,80,115
09/15/2011,VCT,TX,ASW,CE,Federal Contract Tower,0,5,3,38,46,0,0,17,15,32,0,5,20,53,78,0,154,154,232
09/16/2011,VCT,TX,ASW,CE,Federal Contract Tower,0,5,0,23,28,0,0,9,4,13,0,5,9,27,41,0,76,76,117
09/17/2011,VCT,TX,ASW,CE,Federal Contract Tower,0,3,2,0,5,0,0,13,0,13,0,3,15,0,18,0,0,0,18
09/18/2011,VCT,TX,ASW,CE,Federal Contract Tower,0,3,3,0,6,0,0,6,2,8,0,3,9,2,14,0,2,2,16
09/19/2011,VCT,TX,ASW,CE,Federal Contract Tower,0,3,0,15,18,0,1,4,16,21,0,4,4,31,39,0,112,112,151
09/20/2011,VCT,TX,ASW,CE,Federal Contract Tower,0,5,6,20,31,0,2,11,37,50,0,7,17,57,81,0,186,186,267
09/21/2011,VCT,TX,ASW,CE,Federal Contract Tower,0,4,6,31,41,0,1,22,17,40,0,5,28,48,81,8,82,90,171
09/22/2011,VCT,TX,ASW,CE,Federal Contract Tower,0,3,8,10,21,0,1,21,11,33,0,4,29,21,54,0,74,74,128
09/23/2011,VCT,TX,ASW,CE,Federal Contract Tower,0,4,14,11,29,0,1,23,14,38,0,5,37,25,67,10,56,66,133
09/24/2011,VCT,TX,ASW,CE,Federal Contract Tower,0,3,5,3,11,0,0,24,8,32,0,3,29,11,43,0,24,24,67
09/25/2011,VCT,TX,ASW,CE,Federal Contract Tower,0,4,2,3,9,0,0,18,3,21,0,4,20,6,30,0,18,18,48
09/26/2011,VCT,TX,ASW,CE,Federal Contract Tower,0,2,4,54,60,0,1,12,13,26,0,3,16,67,86,2,200,202,288
09/27/2011,VCT,TX,ASW,CE,Federal Contract Tower,0,4,14,22,40,0,1,16,15,32,0,5,30,37,72,0,52,52,124
09/28/2011,VCT,TX,ASW,CE,Federal Contract Tower,0,6,16,15,37,0,1,18,16,35,0,7,34,31,72,10,140,150,222
09/29/2011,VCT,TX,ASW,CE,Federal Contract Tower,0,6,18,13,37,0,0,12,13,25,0,6,30,26,62,2,84,86,148
09/30/2011,VCT,TX,ASW,CE,Federal Contract Tower,0,3,7,9,19,0,1,13,22,36,0,4,20,31,55,2,86,88,143
10/01/2011,VCT,TX,ASW,CE,Federal Contract Tower,0,2,1,2,5,0,0,27,1,28,0,2,28,3,33,18,2,20,53
10/02/2011,VCT,TX,ASW,CE,Federal Contract Tower,0,2,3,10,15,0,0,25,0,25,0,2,28,10,40,8,4,12,52
10/03/2011,VCT,TX,ASW,CE,Federal Contract Tower,0,2,3,35,40,0,1,18,15,34,0,3,21,50,74,0,180,180,254
10/04/2011,VCT,TX,ASW,CE,Federal Contract Tower,0,4,3,39,46,0,1,7,20,28,0,5,10,59,74,0,176,176,250
10/05/2011,VCT,TX,ASW,CE,Federal Contract Tower,0,6,9,32,47,0,1,15,10,26,0,7,24,42,73,0,142,142,215
10/06/2011,VCT,TX,ASW,CE,Federal Contract Tower,0,4,11,16,31,0,1,8,10,19,0,5,19,26,50,0,58,58,108
10/07/2011,VCT,TX,ASW,CE,Federal Contract Tower,0,3,2,23,28,0,1,11,5,17,0,4,13,28,45,6,124,130,175
10/08/2011,VCT,TX,ASW,CE,Federal Contract Tower,0,3,0,0,3,0,0,6,0,6,0,3,6,0,9,8,0,8,17
10/09/2011,VCT,TX,ASW,CE,Federal Contract Tower,0,1,4,0,5,0,0,2,0,2,0,1,6,0,7,0,0,0,7
10/10/2011,VCT,TX,ASW,CE,Federal Contract Tower,0,3,7,6,16,0,1,20,3,24,0,4,27,9,40,2,4,6,46
10/11/2011,VCT,TX,ASW,CE,Federal Contract Tower,0,4,6,29,39,0,2,24,12,38,0,6,30,41,77,12,90,102,179
10/12/2011,VCT,TX,ASW,CE,Federal Contract Tower,0,4,17,24,45,0,3,21,21,45,0,7,38,45,90,28,122,150,240
10/13/2011,VCT,TX,ASW,CE,Federal Contract Tower,0,4,9,28,41,0,1,22,20,43,0,5,31,48,84,0,243,243,327
10/14/2011,VCT,TX,ASW,CE,Federal Contract Tower,0,3,1,23,27,0,1,38,9,48,0,4,39,32,75,12,34,46,121
10/15/2011,VCT,TX,ASW,CE,Federal Contract Tower,0,2,1,20,23,0,0,32,12,44,0,2,33,32,67,0,90,90,157
10/16/2011,VCT,TX,ASW,CE,Federal Contract Tower,0,3,3,0,6,0,0,17,3,20,0,3,20,3,26,0,12,12,38
10/17/2011,VCT,TX,ASW,CE,Federal Contract Tower,0,4,3,33,40,0,3,12,13,28,0,7,15,46,68,6,86,92,160
10/18/2011,VCT,TX,ASW,CE,Federal Contract Tower,0,4,8,25,37,0,1,6,15,22,0,5,14,40,59,0,130,130,189
10/19/2011,VCT,TX,ASW,CE,Federal Contract Tower,0,4,7,26,37,0,1,30,21,52,0,5,37,47,89,18,196,214,303
10/20/2011,VCT,TX,ASW,CE,Federal Contract Tower,0,4,3,18,25,0,1,29,13,43,0,5,32,31,68,0,102,102,170
10/21/2011,VCT,TX,ASW,CE,Federal Contract Tower,0,4,5,53,62,0,1,25,23,49,0,5,30,76,111,0,298,298,409
10/22/2011,VCT,TX,ASW,CE,Federal Contract Tower,0,3,4,4,11,0,0,20,0,20,0,3,24,4,31,6,4,10,41
10/23/2011,VCT,TX,ASW,CE,Federal Contract Tower,0,6,5,20,31,0,0,17,11,28,0,6,22,31,59,8,40,48,107
10/24/2011,VCT,TX,ASW,CE,Federal Contract Tower,0,3,8,34,45,0,0,20,15,35,0,3,28,49,80,4,160,164,244
10/25/2011,VCT,TX,ASW,CE,Federal Contract Tower,0,5,3,33,41,0,0,20,19,39,0,5,23,52,80,16,158,174,254
10/26/2011,VCT,TX,ASW,CE,Federal Contract Tower,0,4,8,32,44,0,0,12,26,38,0,4,20,58,82,0,142,142,224
10/27/2011,VCT,TX,ASW,CE,Federal Contract Tower,0,3,7,41,51,0,1,9,6,16,0,4,16,47,67,24,112,136,203
10/28/2011,VCT,TX,ASW,CE,Federal Contract Tower,0,5,5,26,36,0,1,4,6,11,0,6,9,32,47,0,48,48,95
10/29/2011,VCT,TX,ASW,CE,Federal Contract Tower,0,2,1,9,12,0,0,23,8,31,0,2,24,17,43,0,46,46,89
10/30/2011,VCT,TX,ASW,CE,Federal Contract Tower,0,4,7,0,11,0,0,20,0,20,0,4,27,0,31,22,0,22,53
10/31/2011,VCT,TX,ASW,CE,Federal Contract Tower,0,5,12,21,38,0,1,8,22,31,0,6,20,43,69,0,156,156,225
11/01/2011,VCT,TX,ASW,CE,Federal Contract Tower,0,4,6,44,54,0,1,14,42,57,0,5,20,86,111,8,290,298,409
11/02/2011,VCT,TX,ASW,CE,Federal Contract Tower,0,4,5,15,24,0,1,20,29,50,0,5,25,44,74,24,148,172,246
11/03/2011,VCT,TX,ASW,CE,Federal Contract Tower,0,3,6,23,32,0,1,10,18,29,0,4,16,41,61,0,58,58,119
11/04/2011,VCT,TX,ASW,CE,Federal Contract Tower,0,3,8,4,15,0,0,24,11,35,0,3,32,15,50,36,4,40,90
11/05/2011,VCT,TX,ASW,CE,Federal Contract Tower,0,3,5,2,10,0,0,24,4,28,0,3,29,6,38,4,32,36,74
11/06/2011,VCT,TX,ASW,CE,Federal Contract Tower,0,3,10,2,15,0,0,10,0,10,0,3,20,2,25,16,2,18,43
11/07/2011,VCT,TX,ASW,CE,Federal Contract Tower,0,2,13,40,55,0,1,9,13,23,0,3,22,53,78,6,278,284,362
11/08/2011,VCT,TX,ASW,CE,Federal Contract Tower,0,3,16,20,39,0,1,14,4,19,0,4,30,24,58,20,76,96,154
11/09/2011,VCT,TX,ASW,CE,Federal Contract Tower,0,3,7,21,31,0,3,8,16,27,0,6,15,37,58,0,96,96,154
11/10/2011,VCT,TX,ASW,CE,Federal Contract Tower,0,5,9,15,29,0,0,22,10,32,0,5,31,25,61,12,74,86,147
11/11/2011,VCT,TX,ASW,CE,Federal Contract Tower,0,3,5,6,14,0,1,35,4,40,0,4,40,10,54,18,78,96,150
11/12/2011,VCT,TX,ASW,CE,Federal Contract Tower,0,3,2,4,9,0,0,14,4,18,0,3,16,8,27,2,84,86,113
11/13/2011,VCT,TX,ASW,CE,Federal Contract Tower,0,3,1,2,6,0,0,8,2,10,0,3,9,4,16,0,34,34,50
11/14/2011,VCT,TX,ASW,CE,Federal Contract Tower,0,2,16,43,61,0,1,11,14,26,0,3,27,57,87,16,126,142,229
11/15/2011,VCT,TX,ASW,CE,Federal Contract Tower,0,3,7,9,19,0,1,9,6,16,0,4,16,15,35,2,104,106,141
11/16/2011,VCT,TX,ASW,CE,Federal Contract Tower,0,7,11,6,24,0,1,35,7,43,0,8,46,13,67,4,36,40,107
11/17/2011,VCT,TX,ASW,CE,Federal Contract Tower,0,3,12,8,23,0,1,13,26,40,0,4,25,34,63,4,176,180,243
11/18/2011,VCT,TX,ASW,CE,Federal Contract Tower,0,4,7,19,30,0,1,12,8,21,0,5,19,27,51,0,158,158,209
11/19/2011,VCT,TX,ASW,CE,Federal Contract Tower,0,3,10,9,22,0,0,0,1,1,0,3,10,10,23,2,20,22,45
11/20/2011,VCT,TX,ASW,CE,Federal Contract Tower,0,4,8,0,12,0,0,9,0,9,0,4,17,0,21,0,0,0,21
11/21/2011,VCT,TX,ASW,CE,Federal Contract Tower,0,2,8,37,47,0,1,8,8,17,0,3,16,45,64,0,142,142,206
11/22/2011,VCT,TX,ASW,CE,Federal Contract Tower,0,5,6,12,23,0,1,8,12,21,0,6,14,24,44,20,62,82,126
11/23/2011,VCT,TX,ASW,CE,Federal Contract Tower,0,3,10,17,30,0,1,30,3,34,0,4,40,20,64,2,92,94,158
11/24/2011,VCT,TX,ASW,CE,Federal Contract Tower,0,1,6,0,7,0,0,5,0,5,0,1,11,0,12,2,0,2,14
11/25/2011,VCT,TX,ASW,CE,Federal Contract Tower,0,4,3,0,7,0,0,10,0,10,0,4,13,0,17,6,0,6,23
11/26/2011,VCT,TX,ASW,CE,Federal Contract Tower,0,4,1,0,5,0,0,6,0,6,0,4,7,0,11,10,0,10,21
11/27/2011,VCT,TX,ASW,CE,Federal Contract Tower,0,2,2,0,4,0,0,9,0,9,0,2,11,0,13,8,0,8,21
11/28/2011,VCT,TX,ASW,CE,Federal Contract Tower,0,2,4,21,27,0,1,26,16,43,0,3,30,37,70,8,112,120,190
11/29/2011,VCT,TX,ASW,CE,Federal Contract Tower,0,3,4,38,45,0,1,29,6,36,0,4,33,44,81,4,82,86,167
11/30/2011,VCT,TX,ASW,CE,Federal Contract Tower,0,3,11,42,56,0,1,12,21,34,0,4,23,63,90,6,272,278,368
12/01/2011,VCT,TX,ASW,CE,Federal Contract Tower,0,3,4,22,29,0,0,16,5,21,0,3,20,27,50,4,90,94,144
12/02/2011,VCT,TX,ASW,CE,Federal Contract Tower,0,3,3,44,50,0,1,8,3,12,0,4,11,47,62,2,212,214,276
12/03/2011,VCT,TX,ASW,CE,Federal Contract Tower,0,3,6,8,17,0,0,1,0,1,0,3,7,8,18,0,8,8,26
12/04/2011,VCT,TX,ASW,CE,Federal Contract Tower,0,3,1,3,7,0,0,4,1,5,0,3,5,4,12,2,0,2,14
12/05/2011,VCT,TX,ASW,CE,Federal Contract Tower,0,6,3,20,29,0,0,2,7,9,0,6,5,27,38,0,16,16,54
12/06/2011,VCT,TX,ASW,CE,Federal Contract Tower,0,3,6,17,26,0,1,4,9,14,0,4,10,26,40,0,116,116,156
12/07/2011,VCT,TX,ASW,CE,Federal Contract Tower,0,3,4,20,27,0,1,21,17,39,0,4,25,37,66,0,262,262,328
12/08/2011,VCT,TX,ASW,CE,Federal Contract Tower,0,3,7,27,37,0,1,19,23,43,0,4,26,50,80,16,128,144,224
12/09/2011,VCT,TX,ASW,CE,Federal Contract Tower,0,3,7,16,26,0,1,13,9,23,0,4,20,25,49,0,156,156,205
12/10/2011,VCT,TX,ASW,CE,Federal Contract Tower,0,1,3,0,4,0,0,6,0,6,0,1,9,0,10,0,0,0,10
12/11/2011,VCT,TX,ASW,CE,Federal Contract Tower,0,5,2,4,11,0,0,21,6,27,0,5,23,10,38,20,8,28,66
12/12/2011,VCT,TX,ASW,CE,Federal Contract Tower,0,4,12,38,54,0,0,6,18,24,0,4,18,56,78,0,282,282,360
12/13/2011,VCT,TX,ASW,CE,Federal Contract Tower,0,6,4,19,29,0,0,0,0,0,0,6,4,19,29,0,22,22,51
12/14/2011,VCT,TX,ASW,CE,Federal Contract Tower,0,3,14,21,38,0,1,6,2,9,0,4,20,23,47,4,38,42,89
12/15/2011,VCT,TX,ASW,CE,Federal Contract Tower,0,4,9,4,17,0,1,10,9,20,0,5,19,13,37,0,38,38,75
12/16/2011,VCT,TX,ASW,CE,Federal Contract Tower,0,2,10,8,20,0,0,2,2,4,0,2,12,10,24,0,12,12,36
12/17/2011,VCT,TX,ASW,CE,Federal Contract Tower,0,6,3,6,15,0,0,13,0,13,0,6,16,6,28,0,6,6,34
12/18/2011,VCT,TX,ASW,CE,Federal Contract Tower,0,3,1,7,11,0,0,17,1,18,0,3,18,8,29,56,24,80,109
12/19/2011,VCT,TX,ASW,CE,Federal Contract Tower,0,5,7,19,31,0,1,6,2,9,0,6,13,21,40,0,8,8,48
12/20/2011,VCT,TX,ASW,CE,Federal Contract Tower,0,6,4,9,19,0,2,9,11,22,0,8,13,20,41,0,46,46,87
12/21/2011,VCT,TX,ASW,CE,Federal Contract Tower,0,4,11,8,23,0,2,28,12,42,0,6,39,20,65,14,80,94,159
12/22/2011,VCT,TX,ASW,CE,Federal Contract Tower,0,6,7,12,25,0,2,9,1,12,0,8,16,13,37,2,28,30,67
12/23/2011,VCT,TX,ASW,CE,Federal Contract Tower,0,9,3,4,16,0,0,0,4,4,0,9,3,8,20,0,6,6,26
12/24/2011,VCT,TX,ASW,CE,Federal Contract Tower,0,4,5,4,13,0,0,0,0,0,0,4,5,4,13,0,4,4,17
12/25/2011,VCT,TX,ASW,CE,Federal Contract Tower,0,1,2,0,3,0,0,1,0,1,0,1,3,0,4,8,0,8,12
12/26/2011,VCT,TX,ASW,CE,Federal Contract Tower,0,4,3,0,7,0,0,11,0,11,0,4,14,0,18,12,0,12,30
12/27/2011,VCT,TX,ASW,CE,Federal Contract Tower,0,3,0,2,5,0,3,14,3,20,0,6,14,5,25,4,40,44,69
12/28/2011,VCT,TX,ASW,CE,Federal Contract Tower,0,3,3,2,8,0,1,26,1,28,0,4,29,3,36,22,2,24,60
12/29/2011,VCT,TX,ASW,CE,Federal Contract Tower,0,5,9,1,15,0,1,39,0,40,0,6,48,1,55,10,10,20,75
12/30/2011,VCT,TX,ASW,CE,Federal Contract Tower,0,5,3,0,8,0,1,18,0,19,0,6,21,0,27,4,0,4,31
12/31/2011,VCT,TX,ASW,CE,Federal Contract Tower,0,3,4,0,7,0,0,8,0,8,0,3,12,0,15,0,0,0,15
01/01/2012,VCT,TX,ASW,CE,Federal Contract Tower,0,2,3,0,5,0,0,3,0,3,0,2,6,0,8,0,0,0,8
01/02/2012,VCT,TX,ASW,CE,Federal Contract Tower,0,3,1,0,4,0,0,11,0,11,0,3,12,0,15,14,0,14,29
01/03/2012,VCT,TX,ASW,CE,Federal Contract Tower,0,7,3,5,15,0,2,20,3,25,0,9,23,8,40,4,16,20,60
01/04/2012,VCT,TX,ASW,CE,Federal Contract Tower,0,4,13,34,51,0,1,19,9,29,0,5,32,43,80,8,144,152,232
01/05/2012,VCT,TX,ASW,CE,Federal Contract Tower,0,3,4,25,32,0,1,17,6,24,0,4,21,31,56,4,100,104,160
01/06/2012,VCT,TX,ASW,CE,Federal Contract Tower,0,5,5,11,21,0,1,12,12,25,0,6,17,23,46,2,116,118,164
01/07/2012,VCT,TX,ASW,CE,Federal Contract Tower,0,2,2,17,21,0,0,10,4,14,0,2,12,21,35,0,18,18,53
01/08/2012,VCT,TX,ASW,CE,Federal Contract Tower,0,4,7,6,17,0,0,3,0,3,0,4,10,6,20,0,6,6,26
01/09/2012,VCT,TX,ASW,CE,Federal Contract Tower,0,3,7,10,20,0,0,0,0,0,0,3,7,10,20,0,8,8,28
01/10/2012,VCT,TX,ASW,CE,Federal Contract Tower,0,4,5,34,43,0,3,8,21,32,0,7,13,55,75,6,258,264,339
01/11/2012,VCT,TX,ASW,CE,Federal Contract Tower,0,4,6,19,29,0,1,39,14,54,0,5,45,33,83,2,80,82,165
01/12/2012,VCT,TX,ASW,CE,Federal Contract Tower,0,3,7,16,26,0,1,9,14,24,0,4,16,30,50,0,60,60,110
01/13/2012,VCT,TX,ASW,CE,Federal Contract Tower,0,4,5,28,37,0,1,27,30,58,0,5,32,58,95,36,256,292,387
01/14/2012,VCT,TX,ASW,CE,Federal Contract Tower,0,2,2,0,4,0,0,38,0,38,0,2,40,0,42,16,0,16,58
01/15/2012,VCT,TX,ASW,CE,Federal Contract Tower,0,2,5,0,7,0,0,17,0,17,0,2,22,0,24,2,0,2,26
01/16/2012,VCT,TX,ASW,CE,Federal Contract Tower,0,2,4,6,12,0,0,5,0,5,0,2,9,6,17,2,6,8,25
01/17/2012,VCT,TX,ASW,CE,Federal Contract Tower,0,4,12,22,38,0,1,13,3,17,0,5,25,25,55,6,72,78,133
01/18/2012,VCT,TX,ASW,CE,Federal Contract Tower,0,4,11,28,43,0,1,45,38,84,0,5,56,66,127,33,366,399,526
01/19/2012,VCT,TX,ASW,CE,Federal Contract Tower,0,5,12,8,25,0,1,9,0,10,0,6,21,8,35,6,4,10,45
01/20/2012,VCT,TX,ASW,CE,Federal Contract Tower,0,5,13,20,38,0,1,16,5,22,0,6,29,25,60,2,12,14,74
01/21/2012,VCT,TX,ASW,CE,Federal Contract Tower,0,2,12,10,24,0,0,5,0,5,0,2,17,10,29,14,8,22,51
01/22/2012,VCT,TX,ASW,CE,Federal Contract Tower,0,6,9,4,19,0,0,4,2,6,0,6,13,6,25,0,2,2,27
01/23/2012,VCT,TX,ASW,CE,Federal Contract Tower,0,2,10,33,45,0,1,15,12,28,0,3,25,45,73,0,58,58,131
01/24/2012,VCT,TX,ASW,CE,Federal Contract Tower,0,5,12,3,20,0,0,3,1,4,0,5,15,4,24,0,2,2,26
01/25/2012,VCT,TX,ASW,CE,Federal Contract Tower,0,3,6,11,20,0,0,2,7,9,0,3,8,18,29,0,34,34,63
01/26/2012,VCT,TX,ASW,CE,Federal Contract Tower,0,3,7,31,41,0,1,22,26,49,0,4,29,57,90,18,207,225,315
01/27/2012,VCT,TX,ASW,CE,Federal Contract Tower,0,3,6,9,18,0,1,20,23,44,0,4,26,32,62,10,122,132,194
01/28/2012,VCT,TX,ASW,CE,Federal Contract Tower,0,2,3,6,11,0,0,25,4,29,0,2,28,10,40,0,8,8,48
01/29/2012,VCT,TX,ASW,CE,Federal Contract Tower,0,4,2,13,19,0,0,32,3,35,0,4,34,16,54,18,14,32,86
01/30/2012,VCT,TX,ASW,CE,Federal Contract Tower,0,3,5,18,26,0,1,10,19,30,0,4,15,37,56,0,240,240,296
01/31/2012,VCT,TX,ASW,CE,Federal Contract Tower,0,5,10,12,27,0,0,7,4,11,0,5,17,16,38,0,14,14,52
02/01/2012,VCT,TX,ASW,CE,Federal Contract Tower,0,7,7,14,28,0,1,8,0,9,0,8,15,14,37,28,36,64,101
02/02/2012,VCT,TX,ASW,CE,Federal Contract Tower,0,7,4,9,20,0,0,3,2,5,0,7,7,11,25,2,18,20,45
02/03/2012,VCT,TX,ASW,CE,Federal Contract Tower,0,7,9,13,29,0,0,3,6,9,0,7,12,19,38,8,90,98,136
02/04/2012,VCT,TX,ASW,CE,Federal Contract Tower,0,5,8,4,17,0,0,2,0,2,0,5,10,4,19,0,4,4,23
02/05/2012,VCT,TX,ASW,CE,Federal Contract Tower,0,3,2,0,5,0,0,5,0,5,0,3,7,0,10,0,0,0,10
02/06/2012,VCT,TX,ASW,CE,Federal Contract Tower,0,2,13,26,41,0,1,20,19,40,0,3,33,45,81,12,132,144,225
02/07/2012,VCT,TX,ASW,CE,Federal Contract Tower,0,4,5,37,46,0,1,21,8,30,0,5,26,45,76,22,164,186,262
02/08/2012,VCT,TX,ASW,CE,Federal Contract Tower,0,7,3,11,21,0,1,17,21,39,0,8,20,32,60,2,168,170,230
02/09/2012,VCT,TX,ASW,CE,Federal Contract Tower,0,3,7,36,46,0,1,9,7,17,0,4,16,43,63,16,162,178,241
02/10/2012,VCT,TX,ASW,CE,Federal Contract Tower,0,3,10,19,32,0,1,12,1,14,0,4,22,20,46,0,54,54,100
02/11/2012,VCT,TX,ASW,CE,Federal Contract Tower,0,1,1,9,11,0,1,19,5,25,0,2,20,14,36,36,124,160,196
02/12/2012,VCT,TX,ASW,CE,Federal Contract Tower,0,2,2,0,4,0,0,9,2,11,0,2,11,2,15,0,82,82,97
02/13/2012,VCT,TX,ASW,CE,Federal Contract Tower,0,5,6,5,16,0,1,4,1,6,0,6,10,6,22,4,2,6,28
02/14/2012,VCT,TX,ASW,CE,Federal Contract Tower,0,6,5,2,13,0,0,0,0,0,0,6,5,2,13,2,0,2,15
02/15/2012,VCT,TX,ASW,CE,Federal Contract Tower,0,4,2,14,20,0,1,2,0,3,0,5,4,14,23,0,2,2,25
02/16/2012,VCT,TX,ASW,CE,Federal Contract Tower,0,5,6,24,35,0,0,21,7,28,0,5,27,31,63,14,66,80,143
02/17/2012,VCT,TX,ASW,CE,Federal Contract Tower,0,4,2,15,21,0,0,1,0,1,0,4,3,15,22,0,14,14,36
02/18/2012,VCT,TX,ASW,CE,Federal Contract Tower,0,3,3,1,7,0,0,4,0,4,0,3,7,1,11,14,0,14,25
02/19/2012,VCT,TX,ASW,CE,Federal Contract Tower,0,5,1,4,10,0,0,32,0,32,0,5,33,4,42,28,2,30,72
02/20/2012,VCT,TX,ASW,CE,Federal Contract Tower,0,3,8,2,13,0,0,12,0,12,0,3,20,2,25,4,8,12,37
02/21/2012,VCT,TX,ASW,CE,Federal Contract Tower,0,4,7,10,21,0,0,5,4,9,0,4,12,14,30,2,28,30,60
02/22/2012,VCT,TX,ASW,CE,Federal Contract Tower,0,3,11,19,33,0,3,8,15,26,0,6,19,34,59,4,92,96,155
02/23/2012,VCT,TX,ASW,CE,Federal Contract Tower,0,4,17,24,45,0,1,13,14,28,0,5,30,38,73,6,136,142,215
02/24/2012,VCT,TX,ASW,CE,Federal Contract Tower,0,9,4,2,15,0,1,10,2,13,0,10,14,4,28,0,26,26,54
02/25/2012,VCT,TX,ASW,CE,Federal Contract Tower,0,1,4,16,21,0,0,11,6,17,0,1,15,22,38,26,24,50,88
02/26/2012,VCT,TX,ASW,CE,Federal Contract Tower,0,3,4,2,9,0,0,31,1,32,0,3,35,3,41,8,52,60,101
02/27/2012,VCT,TX,ASW,CE,Federal Contract Tower,0,3,6,28,37,0,0,12,1,13,0,3,18,29,50,16,50,66,116
02/28/2012,VCT,TX,ASW,CE,Federal Contract Tower,0,4,1,10,15,0,0,2,2,4,0,4,3,12,19,0,10,10,29
02/29/2012,VCT,TX,ASW,CE,Federal Contract Tower,0,6,16,10,32,0,1,15,3,19,0,7,31,13,51,4,16,20,71
03/01/2012,VCT,TX,ASW,CE,Federal Contract Tower,0,5,9,13,27,0,3,11,4,18,0,8,20,17,45,10,54,64,109
03/02/2012,VCT,TX,ASW,CE,Federal Contract Tower,0,1,1,17,19,0,1,3,6,10,0,2,4,23,29,10,66,76,105
03/03/2012,VCT,TX,ASW,CE,Federal Contract Tower,0,2,8,2,12,0,0,16,0,16,0,2,24,2,28,8,2,10,38
03/04/2012,VCT,TX,ASW,CE,Federal Contract Tower,0,3,5,5,13,0,0,36,7,43,0,3,41,12,56,32,62,94,150
03/05/2012,VCT,TX,ASW,CE,Federal Contract Tower,0,4,9,17,30,0,1,24,5,30,0,5,33,22,60,2,100,102,162
03/06/2012,VCT,TX,ASW,CE,Federal Contract Tower,0,4,11,16,31,0,1,8,7,16,0,5,19,23,47,4,96,100,147
03/07/2012,VCT,TX,ASW,CE,Federal Contract Tower,0,7,10,9,26,0,2,5,6,13,0,9,15,15,39,4,38,42,81
03/08/2012,VCT,TX,ASW,CE,Federal Contract Tower,0,5,6,25,36,0,0,3,2,5,0,5,9,27,41,0,112,112,153
03/09/2012,VCT,TX,ASW,CE,Federal Contract Tower,0,7,5,12,24,0,0,0,0,0,0,7,5,12,24,0,12,12,36
03/10/2012,VCT,TX,ASW,CE,Federal Contract Tower,0,2,12,0,14,0,0,0,0,0,0,2,12,0,14,10,0,10,24
03/11/2012,VCT,TX,ASW,CE,Federal Contract Tower,0,3,9,2,14,0,0,15,0,15,0,3,24,2,29,6,2,8,37
03/12/2012,VCT,TX,ASW,CE,Federal Contract Tower,0,5,7,6,18,0,3,12,0,15,0,8,19,6,33,8,6,14,47
03/13/2012,VCT,TX,ASW,CE,Federal Contract Tower,0,5,9,2,16,0,1,11,0,12,0,6,20,2,28,10,2,12,40
03/14/2012,VCT,TX,ASW,CE,Federal Contract Tower,0,4,19,25,48,0,1,15,2,18,0,5,34,27,66,0,38,38,104
03/15/2012,VCT,TX,ASW,CE,Federal Contract Tower,0,3,14,17,34,0,1,14,6,21,0,4,28,23,55,0,34,34,89
03/16/2012,VCT,TX,ASW,CE,Federal Contract Tower,0,5,4,43,52,0,1,9,8,18,0,6,13,51,70,0,82,82,152
03/17/2012,VCT,TX,ASW,CE,Federal Contract Tower,0,2,9,8,19,0,0,10,0,10,0,2,19,8,29,0,8,8,37
03/18/2012,VCT,TX,ASW,CE,Federal Contract Tower,0,4,4,0,8,0,0,8,0,8,0,4,12,0,16,4,0,4,20
03/19/2012,VCT,TX,ASW,CE,Federal Contract Tower,0,3,10,11,24,0,0,8,1,9,0,3,18,12,33,4,4,8,41
03/20/2012,VCT,TX,ASW,CE,Federal Contract Tower,0,3,7,7,17,0,1,13,7,21,0,4,20,14,38,4,42,46,84
03/21/2012,VCT,TX,ASW,CE,Federal Contract Tower,0,4,20,16,40,0,1,17,7,25,0,5,37,23,65,6,84,90,155
03/22/2012,VCT,TX,ASW,CE,Federal Contract Tower,0,8,3,13,24,0,5,28,14,47,0,13,31,27,71,12,100,112,183
03/23/2012,VCT,TX,ASW,CE,Federal Contract Tower,0,6,3,21,30,0,1,19,6,26,0,7,22,27,56,14,150,164,220
03/24/2012,VCT,TX,ASW,CE,Federal Contract Tower,0,3,3,4,10,0,0,24,6,30,0,3,27,10,40,4,6,10,50
03/25/2012,VCT,TX,ASW,CE,Federal Contract Tower,0,3,5,4,12,0,0,34,0,34,0,3,39,4,46,6,4,10,56
03/26/2012,VCT,TX,ASW,CE,Federal Contract Tower,0,2,8,35,45,0,1,27,18,46,0,3,35,53,91,0,208,208,299
03/27/2012,VCT,TX,ASW,CE,Federal Contract Tower,0,6,13,30,49,0,1,24,8,33,0,7,37,38,82,26,142,168,250
03/28/2012,VCT,TX,ASW,CE,Federal Contract Tower,0,3,3,18,24,0,1,10,7,18,0,4,13,25,42,12,144,156,198
03/29/2012,VCT,TX,ASW,CE,Federal Contract Tower,0,4,8,12,24,0,1,7,0,8,0,5,15,12,32,40,6,46,78
03/30/2012,VCT,TX,ASW,CE,Federal Contract Tower,0,7,3,10,20,0,1,10,5,16,0,8,13,15,36,0,10,10,46
03/31/2012,VCT,TX,ASW,CE,Federal Contract Tower,0,2,0,6,8,0,0,31,5,36,0,2,31,11,44,38,32,70,114
04/01/2012,VCT,TX,ASW,CE,Federal Contract Tower,0,3,5,1,9,0,0,21,1,22,0,3,26,2,31,10,0,10,41
04/02/2012,VCT,TX,ASW,CE,Federal Contract Tower,0,5,2,22,29,0,0,10,8,18,0,5,12,30,47,6,110,116,163
04/03/2012,VCT,TX,ASW,CE,Federal Contract Tower,0,3,13,12,28,0,1,5,2,8,0,4,18,14,36,82,6,88,124
04/04/2012,VCT,TX,ASW,CE,Federal Contract Tower,0,5,7,7,19,0,1,21,0,22,0,6,28,7,41,38,60,98,139
04/05/2012,VCT,TX,ASW,CE,Federal Contract Tower,0,3,6,15,24,0,1,14,8,23,0,4,20,23,47,0,52,52,99
04/06/2012,VCT,TX,ASW,CE,Federal Contract Tower,0,3,8,28,39,0,1,30,21,52,0,4,38,49,91,6,282,288,379
04/07/2012,VCT,TX,ASW,CE,Federal Contract Tower,0,2,2,3,7,0,0,25,1,26,0,2,27,4,33,2,2,4,37
04/08/2012,VCT,TX,ASW,CE,Federal Contract Tower,0,3,5,4,12,0,0,28,2,30,0,3,33,6,42,20,20,40,82
04/09/2012,VCT,TX,ASW,CE,Federal Contract Tower,0,4,6,35,45,0,1,25,28,54,0,5,31,63,99,2,132,134,233
04/10/2012,VCT,TX,ASW,CE,Federal Contract Tower,0,9,3,34,46,0,4,17,22,43,0,13,20,56,89,26,276,302,391
04/11/2012,VCT,TX,ASW,CE,Federal Contract Tower,0,4,9,39,52,0,1,25,16,42,0,5,34,55,94,98,260,358,452
04/12/2012,VCT,TX,ASW,CE,Federal Contract Tower,0,3,10,19,32,0,1,13,17,31,0,4,23,36,63,90,86,176,239
04/13/2012,VCT,TX,ASW,CE,Federal Contract Tower,0,3,3,31,37,0,1,7,9,17,0,4,10,40,54,12,108,120,174
04/14/2012,VCT,TX,ASW,CE,Federal Contract Tower,0,2,2,8,12,0,0,5,1,6,0,2,7,9,18,2,8,10,28
04/15/2012,VCT,TX,ASW,CE,Federal Contract Tower,0,4,2,0,6,0,0,0,0,0,0,4,2,0,6,0,0,0,6
04/16/2012,VCT,TX,ASW,CE,Federal Contract Tower,0,5,2,0,7,0,1,4,0,5,0,6,6,0,12,0,0,0,12
04/17/2012,VCT,TX,ASW,CE,Federal Contract Tower,0,6,8,28,42,0,1,28,16,45,0,7,36,44,87,22,152,174,261
04/18/2012,VCT,TX,ASW,CE,Federal Contract Tower,0,10,6,33,49,0,1,39,22,62,0,11,45,55,111,40,156,196,307
04/19/2012,VCT,TX,ASW,CE,Federal Contract Tower,0,4,10,28,42,0,2,25,19,46,0,6,35,47,88,70,140,210,298
04/20/2012,VCT,TX,ASW,CE,Federal Contract Tower,0,5,10,12,27,0,1,8,7,16,0,6,18,19,43,48,180,228,271
04/21/2012,VCT,TX,ASW,CE,Federal Contract Tower,0,3,7,2,12,0,0,34,0,34,0,3,41,2,46,74,2,76,122
04/22/2012,VCT,TX,ASW,CE,Federal Contract Tower,0,3,7,9,19,0,0,38,4,42,0,3,45,13,61,42,8,50,111
04/23/2012,VCT,TX,ASW,CE,Federal Contract Tower,0,3,13,35,51,0,2,8,11,21,0,5,21,46,72,0,158,158,230
04/24/2012,VCT,TX,ASW,CE,Federal Contract Tower,0,5,12,26,43,0,0,21,7,28,0,5,33,33,71,34,102,136,207
04/25/2012,VCT,TX,ASW,CE,Federal Contract Tower,0,4,16,12,32,0,1,15,12,28,0,5,31,24,60,0,132,132,192
04/26/2012,VCT,TX,ASW,CE,Federal Contract Tower,0,3,13,38,54,0,1,14,14,29,0,4,27,52,83,4,237,241,324
04/27/2012,VCT,TX,ASW,CE,Federal Contract Tower,0,3,4,9,16,0,1,12,9,22,0,4,16,18,38,0,68,68,106
04/28/2012,VCT,TX,ASW,CE,Federal Contract Tower,0,2,5,5,12,0,0,47,1,48,0,2,52,6,60,58,4,62,122
04/29/2012,VCT,TX,ASW,CE,Federal Contract Tower,0,3,2,0,5,0,0,5,0,5,0,3,7,0,10,0,0,0,10
04/30/2012,VCT,TX,ASW,CE,Federal Contract Tower,0,6,8,43,57,0,3,12,8,23,0,9,20,51,80,0,176,176,256
05/01/2012,VCT,TX,ASW,CE,Federal Contract Tower,0,7,13,25,45,0,2,13,15,30,0,9,26,40,75,4,162,166,241
05/02/2012,VCT,TX,ASW,CE,Federal Contract Tower,0,5,7,36,48,0,3,19,10,32,0,8,26,46,80,10,156,166,246
05/03/2012,VCT,TX,ASW,CE,Federal Contract Tower,0,5,2,21,28,0,1,16,4,21,0,6,18,25,49,6,88,94,143
05/04/2012,VCT,TX,ASW,CE,Federal Contract Tower,0,5,4,0,9,0,1,28,6,35,0,6,32,6,44,4,52,56,100
05/05/2012,VCT,TX,ASW,CE,Federal Contract Tower,0,3,1,2,6,0,0,23,0,23,0,3,24,2,29,4,2,6,35
05/06/2012,VCT,TX,ASW,CE,Federal Contract Tower,0,4,5,0,9,0,0,10,0,10,0,4,15,0,19,0,0,0,19
05/07/2012,VCT,TX,ASW,CE,Federal Contract Tower,0,5,3,48,56,0,1,16,12,29,0,6,19,60,85,8,180,188,273
05/08/2012,VCT,TX,ASW,CE,Federal Contract Tower,0,7,7,6,20,0,1,5,0,6,0,8,12,6,26,2,14,16,42
05/09/2012,VCT,TX,ASW,CE,Federal Contract Tower,0,6,16,24,46,0,3,32,13,48,0,9,48,37,94,62,306,368,462
05/10/2012,VCT,TX,ASW,CE,Federal Contract Tower,0,9,4,6,19,0,0,15,0,15,0,9,19,6,34,8,6,14,48
05/11/2012,VCT,TX,ASW,CE,Federal Contract Tower,0,6,4,66,76,0,2,7,18,27,0,8,11,84,103,0,116,116,219
05/12/2012,VCT,TX,ASW,CE,Federal Contract Tower,0,3,10,7,20,0,0,26,3,29,0,3,36,10,49,14,0,14,63
05/13/2012,VCT,TX,ASW,CE,Federal Contract Tower,0,4,6,19,29,0,0,9,8,17,0,4,15,27,46,0,16,16,62
05/14/2012,VCT,TX,ASW,CE,Federal Contract Tower,0,4,11,64,79,0,2,16,18,36,0,6,27,82,115,70,220,290,405
05/15/2012,VCT,TX,ASW,CE,Federal Contract Tower,0,5,10,13,28,0,3,14,8,25,0,8,24,21,53,8,52,60,113
05/16/2012,VCT,TX,ASW,CE,Federal Contract Tower,0,5,5,37,47,0,1,29,12,42,0,6,34,49,89,52,204,256,345
05/17/2012,VCT,TX,ASW,CE,Federal Contract Tower,0,5,5,13,23,0,1,26,7,34,0,6,31,20,57,52,42,94,151
05/18/2012,VCT,TX,ASW,CE,Federal Contract Tower,0,6,5,11,22,0,1,19,17,37,0,7,24,28,59,30,50,80,139
05/19/2012,VCT,TX,ASW,CE,Federal Contract Tower,0,3,3,14,20,0,0,43,7,50,0,3,46,21,70,42,76,118,188
05/20/2012,VCT,TX,ASW,CE,Federal Contract Tower,0,4,1,14,19,0,0,20,2,22,0,4,21,16,41,18,12,30,71
05/21/2012,VCT,TX,ASW,CE,Federal Contract Tower,0,5,3,31,39,0,3,22,14,39,0,8,25,45,78,58,96,154,232
05/22/2012,VCT,TX,ASW,CE,Federal Contract Tower,0,5,11,34,50,0,1,19,14,34,0,6,30,48,84,98,194,292,376
05/23/2012,VCT,TX,ASW,CE,Federal Contract Tower,0,5,8,25,38,0,1,16,11,28,0,6,24,36,66,2,108,110,176
05/24/2012,VCT,TX,ASW,CE,Federal Contract Tower,0,6,9,19,34,0,1,10,7,18,0,7,19,26,52,46,32,78,130
05/25/2012,VCT,TX,ASW,CE,Federal Contract Tower,0,5,1,19,25,0,1,11,6,18,0,6,12,25,43,56,12,68,111
05/26/2012,VCT,TX,ASW,CE,Federal Contract Tower,0,3,3,0,6,0,0,21,2,23,0,3,24,2,29,10,0,10,39
05/27/2012,VCT,TX,ASW,CE,Federal Contract Tower,0,2,5,2,9,0,0,18,3,21,0,2,23,5,30,2,4,6,36
05/28/2012,VCT,TX,ASW,CE,Federal Contract Tower,0,4,4,0,8,0,0,17,0,17,0,4,21,0,25,2,0,2,27
05/29/2012,VCT,TX,ASW,CE,Federal Contract Tower,0,6,7,31,44,0,2,26,15,43,0,8,33,46,87,26,152,178,265
05/30/2012,VCT,TX,ASW,CE,Federal Contract Tower,0,5,8,22,35,0,1,10,19,30,0,6,18,41,65,14,240,254,319
05/31/2012,VCT,TX,ASW,CE,Federal Contract Tower,0,5,5,54,64,0,1,8,9,18,0,6,13,63,82,14,196,210,292
06/01/2012,VCT,TX,ASW,CE,Federal Contract Tower,0,5,8,9,22,0,1,30,11,42,0,6,38,20,64,46,210,256,320
06/02/2012,VCT,TX,ASW,CE,Federal Contract Tower,0,3,4,13,20,0,0,13,8,21,0,3,17,21,41,2,76,78,119
06/03/2012,VCT,TX,ASW,CE,Federal Contract Tower,0,3,0,4,7,0,0,10,2,12,0,3,10,6,19,0,4,4,23
06/04/2012,VCT,TX,ASW,CE,Federal Contract Tower,0,4,3,58,65,0,0,16,20,36,0,4,19,78,101,6,234,240,341
06/05/2012,VCT,TX,ASW,CE,Federal Contract Tower,0,5,7,52,64,0,1,12,8,21,0,6,19,60,85,2,190,192,277
06/06/2012,VCT,TX,ASW,CE,Federal Contract Tower,0,6,5,30,41,0,1,21,15,37,0,7,26,45,78,64,198,262,340
06/07/2012,VCT,TX,ASW,CE,Federal Contract Tower,0,10,8,21,39,0,0,11,0,11,0,10,19,21,50,30,50,80,130
06/08/2012,VCT,TX,ASW,CE,Federal Contract Tower,0,5,4,20,29,0,1,9,10,20,0,6,13,30,49,26,52,78,127
06/09/2012,VCT,TX,ASW,CE,Federal Contract Tower,0,3,4,11,18,0,0,17,3,20,0,3,21,14,38,2,10,12,50
06/10/2012,VCT,TX,ASW,CE,Federal Contract Tower,0,4,2,0,6,0,0,7,0,7,0,4,9,0,13,14,0,14,27
06/11/2012,VCT,TX,ASW,CE,Federal Contract Tower,0,4,1,43,48,0,2,19,18,39,0,6,20,61,87,6,180,186,273
06/12/2012,VCT,TX,ASW,CE,Federal Contract Tower,0,3,6,31,40,0,1,17,36,54,0,4,23,67,94,16,192,208,302
06/13/2012,VCT,TX,ASW,CE,Federal Contract Tower,0,5,7,25,37,0,1,12,4,17,0,6,19,29,54,64,114,178,232
06/14/2012,VCT,TX,ASW,CE,Federal Contract Tower,0,7,7,37,51,0,1,14,13,28,0,8,21,50,79,48,108,156,235
06/15/2012,VCT,TX,ASW,CE,Federal Contract Tower,0,6,12,16,34,0,1,27,12,40,0,7,39,28,74,60,202,262,336
06/16/2012,VCT,TX,ASW,CE,Federal Contract Tower,0,3,0,6,9,0,0,8,2,10,0,3,8,8,19,0,12,12,31
06/17/2012,VCT,TX,ASW,CE,Federal Contract Tower,0,8,0,0,8,0,0,19,1,20,0,8,19,1,28,66,0,66,94
06/18/2012,VCT,TX,ASW,CE,Federal Contract Tower,0,5,4,27,36,0,1,15,10,26,0,6,19,37,62,80,112,192,254
06/19/2012,VCT,TX,ASW,CE,Federal Contract Tower,0,5,6,11,22,0,1,13,3,17,0,6,19,14,39,32,18,50,89
06/20/2012,VCT,TX,ASW,CE,Federal Contract Tower,0,5,7,7,19,0,1,14,9,24,0,6,21,16,43,6,10,16,59
06/21/2012,VCT,TX,ASW,CE,Federal Contract Tower,0,10,12,11,33,0,1,17,7,25,0,11,29,18,58,54,40,94,152
06/22/2012,VCT,TX,ASW,CE,Federal Contract Tower,0,5,10,21,36,0,1,24,15,40,0,6,34,36,76,42,82,124,200
06/23/2012,VCT,TX,ASW,CE,Federal Contract Tower,0,3,10,2,15,0,0,26,3,29,0,3,36,5,44,24,70,94,138
06/24/2012,VCT,TX,ASW,CE,Federal Contract Tower,0,4,5,3,12,0,0,10,3,13,0,4,15,6,25,4,10,14,39
06/25/2012,VCT,TX,ASW,CE,Federal Contract Tower,0,5,5,47,57,0,0,23,18,41,0,5,28,65,98,64,180,244,342
06/26/2012,VCT,TX,ASW,CE,Federal Contract Tower,0,6,7,29,42,0,0,14,13,27,0,6,21,42,69,114,272,386,455
06/27/2012,VCT,TX,ASW,CE,Federal Contract Tower,0,8,7,54,69,0,0,35,22,57,0,8,42,76,126,112,246,358,484
06/28/2012,VCT,TX,ASW,CE,Federal Contract Tower,0,6,3,33,42,0,0,19,7,26,0,6,22,40,68,50,70,120,188
06/29/2012,VCT,TX,ASW,CE,Federal Contract Tower,0,7,10,2,19,0,0,16,3,19,0,7,26,5,38,56,36,92,130
06/30/2012,VCT,TX,ASW,CE,Federal Contract Tower,0,3,5,4,12,0,0,10,0,10,0,3,15,4,22,126,4,130,152
07/01/2012,VCT,TX,ASW,CE,Federal Contract Tower,0,0,0,13,13,0,0,11,1,12,0,0,11,14,25,0,12,12,37
07/02/2012,VCT,TX,ASW,CE,Federal Contract Tower,0,0,13,60,73,0,1,14,20,35,0,1,27,80,108,26,296,322,430
07/03/2012,VCT,TX,ASW,CE,Federal Contract Tower,0,2,8,29,39,0,1,21,22,44,0,3,29,51,83,70,102,172,255
07/04/2012,VCT,TX,ASW,CE,Federal Contract Tower,0,0,0,0,0,0,0,17,0,17,0,0,17,0,17,48,0,48,65
07/05/2012,VCT,TX,ASW,CE,Federal Contract Tower,0,1,5,12,18,0,2,20,4,26,0,3,25,16,44,58,42,100,144
07/06/2012,VCT,TX,ASW,CE,Federal Contract Tower,0,3,0,14,17,0,1,20,11,32,0,4,20,25,49,64,130,194,243
07/07/2012,VCT,TX,ASW,CE,Federal Contract Tower,0,1,5,0,6,0,0,19,4,23,0,1,24,4,29,42,0,42,71
07/08/2012,VCT,TX,ASW,CE,Federal Contract Tower,0,0,2,2,4,0,0,17,0,17,0,0,19,2,21,44,0,44,65
07/09/2012,VCT,TX,ASW,CE,Federal Contract Tower,0,0,3,4,7,0,1,7,2,10,0,1,10,6,17,24,0,24,41
07/10/2012,VCT,TX,ASW,CE,Federal Contract Tower,0,1,4,6,11,0,1,11,2,14,0,2,15,8,25,6,22,28,53
07/11/2012,VCT,TX,ASW,CE,Federal Contract Tower,0,1,4,0,5,0,1,4,0,5,0,2,8,0,10,0,0,0,10
07/12/2012,VCT,TX,ASW,CE,Federal Contract Tower,0,1,6,16,23,0,1,12,4,17,0,2,18,20,40,12,98,110,150
07/13/2012,VCT,TX,ASW,CE,Federal Contract Tower,0,1,2,6,9,0,1,11,6,18,0,2,13,12,27,6,4,10,37
07/14/2012,VCT,TX,ASW,CE,Federal Contract Tower,0,1,2,0,3,0,0,12,7,19,0,1,14,7,22,0,152,152,174
07/15/2012,VCT,TX,ASW,CE,Federal Contract Tower,0,0,3,0,3,0,0,4,2,6,0,0,7,2,9,24,14,38,47
07/16/2012,VCT,TX,ASW,CE,Federal Contract Tower,0,0,3,40,43,0,1,25,8,34,0,1,28,48,77,90,150,240,317
07/17/2012,VCT,TX,ASW,CE,Federal Contract Tower,0,1,7,12,20,0,1,23,15,39,0,2,30,27,59,28,62,90,149
07/18/2012,VCT,TX,ASW,CE,Federal Contract Tower,0,3,7,17,27,0,6,27,13,46,0,9,34,30,73,108,72,180,253
07/19/2012,VCT,TX,ASW,CE,Federal Contract Tower,0,2,8,36,46,0,1,27,10,38,0,3,35,46,84,80,80,160,244
07/20/2012,VCT,TX,ASW,CE,Federal Contract Tower,0,1,6,25,32,0,1,34,4,39,0,2,40,29,71,60,148,208,279
07/21/2012,VCT,TX,ASW,CE,Federal Contract Tower,0,1,2,20,23,0,0,27,12,39,0,1,29,32,62,66,104,170,232
07/22/2012,VCT,TX,ASW,CE,Federal Contract Tower,0,0,7,0,7,0,0,12,2,14,0,0,19,2,21,24,0,24,45
07/23/2012,VCT,TX,ASW,CE,Federal Contract Tower,0,2,5,24,31,0,2,27,7,36,0,4,32,31,67,28,50,78,145
07/24/2012,VCT,TX,ASW,CE,Federal Contract Tower,0,1,3,30,34,0,6,23,20,49,0,7,26,50,83,58,224,282,365
07/25/2012,VCT,TX,ASW,CE,Federal Contract Tower,0,3,7,15,25,0,1,18,13,32,0,4,25,28,57,50,140,190,247
07/26/2012,VCT,TX,ASW,CE,Federal Contract Tower,0,1,6,28,35,0,1,10,14,25,0,2,16,42,60,64,132,196,256
07/27/2012,VCT,TX,ASW,CE,Federal Contract Tower,0,2,5,18,25,0,1,18,15,34,0,3,23,33,59,38,240,278,337
07/28/2012,VCT,TX,ASW,CE,Federal Contract Tower,0,1,2,6,9,0,0,28,0,28,0,1,30,6,37,88,4,92,129
07/29/2012,VCT,TX,ASW,CE,Federal Contract Tower,0,0,5,11,16,0,1,21,16,38,0,1,26,27,54,42,44,86,140
07/30/2012,VCT,TX,ASW,CE,Federal Contract Tower,0,0,0,50,50,0,1,31,8,40,0,1,31,58,90,174,190,364,454
07/31/2012,VCT,TX,ASW,CE,Federal Contract Tower,0,1,3,15,19,0,1,30,17,48,0,2,33,32,67,20,148,168,235
08/01/2012,VCT,TX,ASW,CE,Federal Contract Tower,0,4,11,17,32,0,0,19,23,42,0,4,30,40,74,18,308,326,400
08/02/2012,VCT,TX,ASW,CE,Federal Contract Tower,0,1,2,35,38,0,4,21,21,46,0,5,23,56,84,12,220,232,316
08/03/2012,VCT,TX,ASW,CE,Federal Contract Tower,0,2,11,10,23,0,1,34,7,42,0,3,45,17,65,64,130,194,259
08/04/2012,VCT,TX,ASW,CE,Federal Contract Tower,0,1,8,1,10,0,0,22,2,24,0,1,30,3,34,14,0,14,48
08/05/2012,VCT,TX,ASW,CE,Federal Contract Tower,0,0,5,0,5,0,0,8,0,8,0,0,13,0,13,0,0,0,13
08/06/2012,VCT,TX,ASW,CE,Federal Contract Tower,0,0,9,25,34,0,1,21,24,46,0,1,30,49,80,138,208,346,426
08/07/2012,VCT,TX,ASW,CE,Federal Contract Tower,0,3,6,28,37,0,1,23,16,40,0,4,29,44,77,148,134,282,359
08/08/2012,VCT,TX,ASW,CE,Federal Contract Tower,0,1,11,25,37,0,1,34,22,57,0,2,45,47,94,34,154,188,282
08/09/2012,VCT,TX,ASW,CE,Federal Contract Tower,0,5,9,16,30,0,1,29,9,39,0,6,38,25,69,36,145,181,250
08/10/2012,VCT,TX,ASW,CE,Federal Contract Tower,0,1,4,41,46,0,1,19,14,34,0,2,23,55,80,14,202,216,296
08/11/2012,VCT,TX,ASW,CE,Federal Contract Tower,0,1,4,4,9,0,0,22,5,27,0,1,26,9,36,28,50,78,114
08/12/2012,VCT,TX,ASW,CE,Federal Contract Tower,0,0,1,2,3,0,0,22,0,22,0,0,23,2,25,18,2,20,45
08/13/2012,VCT,TX,ASW,CE,Federal Contract Tower,0,0,5,34,39,0,1,26,16,43,0,1,31,50,82,140,192,332,414
08/14/2012,VCT,TX,ASW,CE,Federal Contract Tower,0,1,7,17,25,0,1,17,19,37,0,2,24,36,62,20,206,226,288
08/15/2012,VCT,TX,ASW,CE,Federal Contract Tower,0,7,4,29,40,0,3,32,15,50,0,10,36,44,90,38,102,140,230
08/16/2012,VCT,TX,ASW,CE,Federal Contract Tower,0,4,4,11,19,0,4,34,10,48,0,8,38,21,67,52,158,210,277
08/17/2012,VCT,TX,ASW,CE,Federal Contract Tower,0,2,1,22,25,0,1,17,4,22,0,3,18,26,47,10,178,188,235
08/18/2012,VCT,TX,ASW,CE,Federal Contract Tower,0,0,6,16,22,0,1,14,14,29,0,1,20,30,51,2,54,56,107
08/19/2012,VCT,TX,ASW,CE,Federal Contract Tower,0,0,4,0,4,0,0,12,0,12,0,0,16,0,16,22,0,22,38
08/20/2012,VCT,TX,ASW,CE,Federal Contract Tower,0,0,8,12,20,0,1,22,19,42,0,1,30,31,62,46,106,152,214
08/21/2012,VCT,TX,ASW,CE,Federal Contract Tower,0,1,13,20,34,0,1,20,26,47,0,2,33,46,81,116,168,284,365
08/22/2012,VCT,TX,ASW,CE,Federal Contract Tower,0,3,3,11,17,0,1,42,19,62,0,4,45,30,79,112,80,192,271
08/23/2012,VCT,TX,ASW,CE,Federal Contract Tower,0,7,15,20,42,0,5,38,11,54,0,12,53,31,96,10,42,52,148
08/24/2012,VCT,TX,ASW,CE,Federal Contract Tower,0,3,9,20,32,0,1,21,17,39,0,4,30,37,71,4,104,108,179
08/25/2012,VCT,TX,ASW,CE,Federal Contract Tower,0,1,3,2,6,0,0,15,2,17,0,1,18,4,23,60,2,62,85
08/26/2012,VCT,TX,ASW,CE,Federal Contract Tower,0,0,6,0,6,0,0,7,2,9,0,0,13,2,15,10,0,10,25
08/27/2012,VCT,TX,ASW,CE,Federal Contract Tower,0,2,8,50,60,0,1,37,34,72,0,3,45,84,132,108,458,566,698
08/28/2012,VCT,TX,ASW,CE,Federal Contract Tower,0,2,5,49,56,0,1,26,17,44,0,3,31,66,100,2,294,296,396
08/29/2012,VCT,TX,ASW,CE,Federal Contract Tower,0,8,5,10,23,0,5,32,12,49,0,13,37,22,72,50,68,118,190
08/30/2012,VCT,TX,ASW,CE,Federal Contract Tower,0,1,15,19,35,0,3,19,6,28,0,4,34,25,63,28,92,120,183
08/31/2012,VCT,TX,ASW,CE,Federal Contract Tower,0,1,8,20,29,0,1,18,13,32,0,2,26,33,61,34,100,134,195
09/01/2012,VCT,TX,ASW,CE,Federal Contract Tower,0,1,1,2,4,0,0,5,7,12,0,1,6,9,16,8,4,12,28
09/02/2012,VCT,TX,ASW,CE,Federal Contract Tower,0,0,1,0,1,0,0,18,2,20,0,0,19,2,21,4,0,4,25
09/03/2012,VCT,TX,ASW,CE,Federal Contract Tower,0,1,2,8,11,0,0,23,1,24,0,1,25,9,35,42,8,50,85
09/04/2012,VCT,TX,ASW,CE,Federal Contract Tower,0,4,11,25,40,0,3,21,12,36,0,7,32,37,76,52,124,176,252
09/05/2012,VCT,TX,ASW,CE,Federal Contract Tower,0,1,5,33,39,0,1,21,21,43,0,2,26,54,82,28,210,238,320
09/06/2012,VCT,TX,ASW,CE,Federal Contract Tower,0,1,4,19,24,0,1,12,7,20,0,2,16,26,44,0,52,52,96
09/07/2012,VCT,TX,ASW,CE,Federal Contract Tower,0,1,6,20,27,0,1,20,15,36,0,2,26,35,63,0,132,132,195
09/08/2012,VCT,TX,ASW,CE,Federal Contract Tower,0,0,3,17,20,0,1,23,1,25,0,1,26,18,45,24,20,44,89
09/09/2012,VCT,TX,ASW,CE,Federal Contract Tower,0,0,8,13,21,0,0,25,0,25,0,0,33,13,46,10,10,20,66
09/10/2012,VCT,TX,ASW,CE,Federal Contract Tower,0,0,4,21,25,0,1,17,25,43,0,1,21,46,68,42,218,260,328
09/11/2012,VCT,TX,ASW,CE,Federal Contract Tower,0,6,7,30,43,0,1,26,18,45,0,7,33,48,88,42,132,174,262
09/12/2012,VCT,TX,ASW,CE,Federal Contract Tower,0,1,9,20,30,0,3,13,23,39,0,4,22,43,69,68,132,200,269
09/13/2012,VCT,TX,ASW,CE,Federal Contract Tower,0,1,6,10,17,0,1,18,6,25,0,2,24,16,42,28,38,66,108
09/14/2012,VCT,TX,ASW,CE,Federal Contract Tower,0,1,8,1,10,0,1,2,6,9,0,2,10,7,19,2,0,2,21
09/15/2012,VCT,TX,ASW,CE,Federal Contract Tower,0,1,3,2,6,0,0,10,0,10,0,1,13,2,16,0,2,2,18
09/16/2012,VCT,TX,ASW,CE,Federal Contract Tower,0,0,2,2,4,0,0,10,1,11,0,0,12,3,15,0,14,14,29
09/17/2012,VCT,TX,ASW,CE,Federal Contract Tower,0,0,10,41,51,0,1,22,15,38,0,1,32,56,89,26,106,132,221
09/18/2012,VCT,TX,ASW,CE,Federal Contract Tower,0,2,18,25,45,0,0,28,15,43,0,2,46,40,88,82,136,218,306
09/19/2012,VCT,TX,ASW,CE,Federal Contract Tower,0,2,9,17,28,0,0,42,15,57,0,2,51,32,85,28,136,164,249
09/20/2012,VCT,TX,ASW,CE,Federal Contract Tower,0,2,12,17,31,0,0,34,7,41,0,2,46,24,72,32,50,82,154
09/21/2012,VCT,TX,ASW,CE,Federal Contract Tower,0,1,7,22,30,0,1,31,12,44,0,2,38,34,74,30,80,110,184
09/22/2012,VCT,TX,ASW,CE,Federal Contract Tower,0,1,3,6,10,0,0,19,5,24,0,1,22,11,34,0,30,30,64
09/23/2012,VCT,TX,ASW,CE,Federal Contract Tower,0,2,7,5,14,0,0,27,1,28,0,2,34,6,42,2,36,38,80
09/24/2012,VCT,TX,ASW,CE,Federal Contract Tower,0,1,5,24,30,0,0,23,25,48,0,1,28,49,78,30,94,124,202
09/25/2012,VCT,TX,ASW,CE,Federal Contract Tower,0,2,7,31,40,0,0,22,10,32,0,2,29,41,72,8,200,208,280
09/26/2012,VCT,TX,ASW,CE,Federal Contract Tower,0,2,5,36,43,0,0,39,24,63,0,2,44,60,106,44,188,232,338
09/27/2012,VCT,TX,ASW,CE,Federal Contract Tower,0,3,4,32,39,0,0,14,6,20,0,3,18,38,59,0,174,174,233
09/28/2012,VCT,TX,ASW,CE,Federal Contract Tower,0,2,8,3,13,0,0,4,5,9,0,2,12,8,22,0,2,2,24
09/29/2012,VCT,TX,ASW,CE,Federal Contract Tower,0,2,0,2,4,0,0,0,0,0,0,2,0,2,4,0,0,0,4
09/30/2012,VCT,TX,ASW,CE,Federal Contract Tower,0,0,5,6,11,0,0,1,0,1,0,0,6,6,12,0,6,6,18
10/01/2012,VCT,TX,ASW,CE,Federal Contract Tower,0,8,11,28,47,0,1,16,18,35,0,9,27,46,82,6,180,186,268
10/02/2012,VCT,TX,ASW,CE,Federal Contract Tower,0,12,7,14,33,0,1,26,13,40,0,13,33,27,73,24,116,140,213
10/03/2012,VCT,TX,ASW,CE,Federal Contract Tower,0,10,4,24,38,0,1,21,15,37,0,11,25,39,75,18,94,112,187
10/04/2012,VCT,TX,ASW,CE,Federal Contract Tower,0,8,10,31,49,0,1,17,15,33,0,9,27,46,82,20,294,314,396
10/05/2012,VCT,TX,ASW,CE,Federal Contract Tower,0,8,2,9,19,0,1,29,2,32,0,9,31,11,51,22,28,50,101
10/06/2012,VCT,TX,ASW,CE,Federal Contract Tower,0,1,3,2,6,0,0,23,0,23,0,1,26,2,29,2,2,4,33
10/07/2012,VCT,TX,ASW,CE,Federal Contract Tower,0,2,8,10,20,0,0,13,1,14,0,2,21,11,34,10,10,20,54
10/08/2012,VCT,TX,ASW,CE,Federal Contract Tower,0,6,4,1,11,0,1,1,3,5,0,7,5,4,16,0,0,0,16
10/09/2012,VCT,TX,ASW,CE,Federal Contract Tower,0,10,7,41,58,0,1,33,9,43,0,11,40,50,101,22,94,116,217
10/10/2012,VCT,TX,ASW,CE,Federal Contract Tower,0,5,7,18,30,0,1,20,12,33,0,6,27,30,63,42,70,112,175
10/11/2012,VCT,TX,ASW,CE,Federal Contract Tower,0,8,14,29,51,0,1,13,9,23,0,9,27,38,74,34,116,150,224
10/12/2012,VCT,TX,ASW,CE,Federal Contract Tower,0,8,2,19,29,0,1,22,5,28,0,9,24,24,57,80,20,100,157
10/13/2012,VCT,TX,ASW,CE,Federal Contract Tower,0,4,0,12,16,0,0,11,0,11,0,4,11,12,27,0,16,16,43
10/14/2012,VCT,TX,ASW,CE,Federal Contract Tower,0,4,5,22,31,0,0,14,1,15,0,4,19,23,46,24,24,48,94
10/15/2012,VCT,TX,ASW,CE,Federal Contract Tower,0,3,2,30,35,0,1,38,16,55,0,4,40,46,90,50,160,210,300
10/16/2012,VCT,TX,ASW,CE,Federal Contract Tower,0,9,5,21,35,0,0,16,2,18,0,9,21,23,53,36,112,148,201
10/17/2012,VCT,TX,ASW,CE,Federal Contract Tower,0,9,9,42,60,0,1,23,11,35,0,10,32,53,95,34,178,212,307
10/18/2012,VCT,TX,ASW,CE,Federal Contract Tower,0,10,6,41,57,0,1,14,1,16,0,11,20,42,73,26,112,138,211
10/19/2012,VCT,TX,ASW,CE,Federal Contract Tower,0,10,6,26,42,0,1,25,14,40,0,11,31,40,82,46,82,128,210
10/20/2012,VCT,TX,ASW,CE,Federal Contract Tower,0,4,5,1,10,0,0,22,2,24,0,4,27,3,34,28,30,58,92
10/21/2012,VCT,TX,ASW,CE,Federal Contract Tower,0,4,2,0,6,0,0,11,0,11,0,4,13,0,17,0,0,0,17
10/22/2012,VCT,TX,ASW,CE,Federal Contract Tower,0,8,5,42,55,0,1,23,15,39,0,9,28,57,94,56,158,214,308
10/23/2012,VCT,TX,ASW,CE,Federal Contract Tower,0,9,3,40,52,0,1,32,24,57,0,10,35,64,109,102,212,314,423
10/24/2012,VCT,TX,ASW,CE,Federal Contract Tower,0,9,3,26,38,0,1,36,25,62,0,10,39,51,100,86,178,264,364
10/25/2012,VCT,TX,ASW,CE,Federal Contract Tower,0,11,5,40,56,0,1,38,18,57,0,12,43,58,113,34,220,254,367
10/26/2012,VCT,TX,ASW,CE,Federal Contract Tower,0,11,1,12,24,0,0,9,2,11,0,11,10,14,35,0,8,8,43
10/27/2012,VCT,TX,ASW,CE,Federal Contract Tower,0,3,2,6,11,0,1,19,2,22,0,4,21,8,33,2,58,60,93
10/28/2012,VCT,TX,ASW,CE,Federal Contract Tower,0,4,2,2,8,0,0,24,2,26,0,4,26,4,34,8,64,72,106
10/29/2012,VCT,TX,ASW,CE,Federal Contract Tower,0,7,2,43,52,0,1,28,29,58,0,8,30,72,110,52,280,332,442
10/30/2012,VCT,TX,ASW,CE,Federal Contract Tower,0,9,6,13,28,0,1,49,23,73,0,10,55,36,101,120,148,268,369
10/31/2012,VCT,TX,ASW,CE,Federal Contract Tower,0,8,7,37,52,0,1,21,27,49,0,9,28,64,101,4,170,174,275
11/01/2012,VCT,TX,ASW,CE,Federal Contract Tower,0,8,7,34,49,0,1,28,9,38,0,9,35,43,87,48,82,130,217
11/02/2012,VCT,TX,ASW,CE,Federal Contract Tower,0,7,13,9,29,0,1,19,8,28,0,8,32,17,57,34,22,56,113
11/03/2012,VCT,TX,ASW,CE,Federal Contract Tower,0,4,2,1,7,0,0,16,2,18,0,4,18,3,25,36,0,36,61
11/04/2012,VCT,TX,ASW,CE,Federal Contract Tower,0,4,6,0,10,0,0,21,2,23,0,4,27,2,33,12,18,30,63
11/05/2012,VCT,TX,ASW,CE,Federal Contract Tower,0,5,7,34,46,0,1,23,25,49,0,6,30,59,95,14,274,288,383
11/06/2012,VCT,TX,ASW,CE,Federal Contract Tower,0,3,9,5,17,0,1,33,3,37,0,4,42,8,54,24,16,40,94
11/07/2012,VCT,TX,ASW,CE,Federal Contract Tower,0,11,5,23,39,0,1,31,24,56,0,12,36,47,95,68,86,154,249
11/08/2012,VCT,TX,ASW,CE,Federal Contract Tower,0,9,10,26,45,0,1,29,17,47,0,10,39,43,92,36,70,106,198
11/09/2012,VCT,TX,ASW,CE,Federal Contract Tower,0,9,18,36,63,0,3,17,9,29,0,12,35,45,92,2,162,164,256
11/10/2012,VCT,TX,ASW,CE,Federal Contract Tower,0,4,4,4,12,0,0,15,0,15,0,4,19,4,27,0,4,4,31
11/11/2012,VCT,TX,ASW,CE,Federal Contract Tower,0,5,4,0,9,0,0,7,0,7,0,5,11,0,16,0,0,0,16
11/12/2012,VCT,TX,ASW,CE,Federal Contract Tower,0,7,4,0,11,0,1,17,0,18,0,8,21,0,29,0,0,0,29
11/13/2012,VCT,TX,ASW,CE,Federal Contract Tower,0,8,5,46,59,0,1,14,12,27,0,9,19,58,86,48,194,242,328
11/14/2012,VCT,TX,ASW,CE,Federal Contract Tower,0,9,3,18,30,0,2,30,15,47,0,11,33,33,77,0,68,68,145
11/15/2012,VCT,TX,ASW,CE,Federal Contract Tower,0,10,6,55,71,0,1,19,17,37,0,11,25,72,108,58,314,372,480
11/16/2012,VCT,TX,ASW,CE,Federal Contract Tower,0,11,7,14,32,0,1,14,8,23,0,12,21,22,55,24,106,130,185
11/17/2012,VCT,TX,ASW,CE,Federal Contract Tower,0,5,1,0,6,0,0,32,4,36,0,5,33,4,42,38,0,38,80
11/18/2012,VCT,TX,ASW,CE,Federal Contract Tower,0,4,3,2,9,0,0,17,6,23,0,4,20,8,32,30,6,36,68
11/19/2012,VCT,TX,ASW,CE,Federal Contract Tower,0,9,9,32,50,0,3,25,16,44,0,12,34,48,94,12,214,226,320
11/20/2012,VCT,TX,ASW,CE,Federal Contract Tower,0,9,7,24,40,0,1,30,17,48,0,10,37,41,88,28,70,98,186
11/21/2012,VCT,TX,ASW,CE,Federal Contract Tower,0,10,5,12,27,0,2,30,2,34,0,12,35,14,61,0,72,72,133
11/22/2012,VCT,TX,ASW,CE,Federal Contract Tower,0,8,0,0,8,0,0,5,0,5,0,8,5,0,13,0,0,0,13
11/23/2012,VCT,TX,ASW,CE,Federal Contract Tower,0,8,0,0,8,0,0,10,0,10,0,8,10,0,18,0,0,0,18
11/24/2012,VCT,TX,ASW,CE,Federal Contract Tower,0,3,4,1,8,0,0,21,3,24,0,3,25,4,32,0,0,0,32
11/25/2012,VCT,TX,ASW,CE,Federal Contract Tower,0,4,7,2,13,0,0,33,0,33,0,4,40,2,46,0,0,0,46
11/26/2012,VCT,TX,ASW,CE,Federal Contract Tower,0,7,0,33,40,0,1,12,16,29,0,8,12,49,69,0,106,106,175
11/27/2012,VCT,TX,ASW,CE,Federal Contract Tower,0,12,10,33,55,0,5,25,23,53,0,17,35,56,108,22,152,174,282
11/28/2012,VCT,TX,ASW,CE,Federal Contract Tower,0,8,4,20,32,0,1,18,11,30,0,9,22,31,62,4,28,32,94
11/29/2012,VCT,TX,ASW,CE,Federal Contract Tower,0,8,9,25,42,0,1,13,10,24,0,9,22,35,66,14,88,102,168
11/30/2012,VCT,TX,ASW,CE,Federal Contract Tower,0,11,12,18,41,0,1,16,21,38,0,12,28,39,79,14,190,204,283
12/01/2012,VCT,TX,ASW,CE,Federal Contract Tower,0,8,4,1,13,0,0,18,4,22,0,8,22,5,35,22,4,26,61
12/02/2012,VCT,TX,ASW,CE,Federal Contract Tower,0,4,0,3,7,0,0,12,0,12,0,4,12,3,19,28,8,36,55
12/03/2012,VCT,TX,ASW,CE,Federal Contract Tower,0,9,12,18,39,0,1,15,8,24,0,10,27,26,63,26,90,116,179
12/04/2012,VCT,TX,ASW,CE,Federal Contract Tower,0,5,10,1,16,0,1,11,6,18,0,6,21,7,34,38,66,104,138
12/05/2012,VCT,TX,ASW,CE,Federal Contract Tower,0,11,10,30,51,0,2,35,24,61,0,13,45,54,112,84,280,364,476
12/06/2012,VCT,TX,ASW,CE,Federal Contract Tower,0,10,18,13,41,0,1,24,2,27,0,11,42,15,68,24,80,104,172
12/07/2012,VCT,TX,ASW,CE,Federal Contract Tower,0,7,3,15,25,0,1,29,1,31,0,8,32,16,56,38,30,68,124
12/08/2012,VCT,TX,ASW,CE,Federal Contract Tower,0,4,5,2,11,0,0,7,2,9,0,4,12,4,20,2,12,14,34
12/09/2012,VCT,TX,ASW,CE,Federal Contract Tower,0,4,8,4,16,0,0,3,0,3,0,4,11,4,19,0,4,4,23
12/10/2012,VCT,TX,ASW,CE,Federal Contract Tower,0,13,11,9,33,0,1,10,3,14,0,14,21,12,47,2,30,32,79
12/11/2012,VCT,TX,ASW,CE,Federal Contract Tower,0,6,20,24,50,0,2,29,12,43,0,8,49,36,93,36,90,126,219
12/12/2012,VCT,TX,ASW,CE,Federal Contract Tower,0,3,5,32,40,0,2,24,11,37,0,5,29,43,77,46,56,102,179
12/13/2012,VCT,TX,ASW,CE,Federal Contract Tower,0,2,3,2,7,0,2,39,14,55,0,4,42,16,62,22,54,76,138
12/14/2012,VCT,TX,ASW,CE,Federal Contract Tower,0,2,2,30,34,0,1,6,13,20,0,3,8,43,54,10,268,278,332
12/15/2012,VCT,TX,ASW,CE,Federal Contract Tower,0,3,5,10,18,0,0,8,0,8,0,3,13,10,26,16,10,26,52
12/16/2012,VCT,TX,ASW,CE,Federal Contract Tower,0,3,4,2,9,0,0,5,0,5,0,3,9,2,14,14,2,16,30
12/17/2012,VCT,TX,ASW,CE,Federal Contract Tower,0,8,8,38,54,0,2,35,50,87,0,10,43,88,141,12,360,372,513
12/18/2012,VCT,TX,ASW,CE,Federal Contract Tower,0,9,5,34,48,0,4,33,21,58,0,13,38,55,106,4,202,206,312
12/19/2012,VCT,TX,ASW,CE,Federal Contract Tower,0,4,6,32,42,0,2,11,7,20,0,6,17,39,62,2,120,122,184
12/20/2012,VCT,TX,ASW,CE,Federal Contract Tower,0,2,7,14,23,0,3,9,14,26,0,5,16,28,49,12,165,177,226
12/21/2012,VCT,TX,ASW,CE,Federal Contract Tower,0,11,0,4,15,0,2,23,8,33,0,13,23,12,48,10,40,50,98
12/22/2012,VCT,TX,ASW,CE,Federal Contract Tower,0,4,0,0,4,0,1,20,0,21,0,5,20,0,25,6,0,6,31
12/23/2012,VCT,TX,ASW,CE,Federal Contract Tower,0,4,5,0,9,0,0,19,0,19,0,4,24,0,28,6,0,6,34
12/24/2012,VCT,TX,ASW,CE,Federal Contract Tower,0,5,2,0,7,0,0,20,0,20,0,5,22,0,27,12,0,12,39
12/25/2012,VCT,TX,ASW,CE,Federal Contract Tower,0,7,0,0,7,0,0,2,0,2,0,7,2,0,9,0,0,0,9
12/26/2012,VCT,TX,ASW,CE,Federal Contract Tower,0,10,2,0,12,0,1,18,0,19,0,11,20,0,31,2,0,2,33
12/27/2012,VCT,TX,ASW,CE,Federal Contract Tower,0,10,4,0,14,0,0,0,0,0,0,10,4,0,14,0,0,0,14
12/28/2012,VCT,TX,ASW,CE,Federal Contract Tower,0,8,5,3,16,0,1,8,1,10,0,9,13,4,26,4,2,6,32
12/29/2012,VCT,TX,ASW,CE,Federal Contract Tower,0,4,0,0,4,0,0,25,0,25,0,4,25,0,29,8,0,8,37
12/30/2012,VCT,TX,ASW,CE,Federal Contract Tower,0,3,4,0,7,0,0,26,0,26,0,3,30,0,33,2,0,2,35
12/31/2012,VCT,TX,ASW,CE,Federal Contract Tower,0,4,8,0,12,0,0,0,0,0,0,4,8,0,12,4,0,4,16
01/01/2013,VCT,TX,ASW,CE,Federal Contract Tower,0,0,0,0,0,0,0,4,0,4,0,0,4,0,4,2,0,2,6
01/02/2013,VCT,TX,ASW,CE,Federal Contract Tower,0,7,5,8,20,0,1,7,0,8,0,8,12,8,28,2,6,8,36
01/03/2013,VCT,TX,ASW,CE,Federal Contract Tower,0,11,7,29,47,0,1,11,0,12,0,12,18,29,59,0,108,108,167
01/04/2013,VCT,TX,ASW,CE,Federal Contract Tower,0,7,1,14,22,0,2,0,4,6,0,9,1,18,28,0,128,128,156
01/05/2013,VCT,TX,ASW,CE,Federal Contract Tower,0,4,3,4,11,0,0,0,0,0,0,4,3,4,11,0,2,2,13
01/06/2013,VCT,TX,ASW,CE,Federal Contract Tower,0,4,3,0,7,0,0,16,0,16,0,4,19,0,23,14,0,14,37
01/07/2013,VCT,TX,ASW,CE,Federal Contract Tower,0,7,5,15,27,0,1,21,13,35,0,8,26,28,62,24,158,182,244
01/08/2013,VCT,TX,ASW,CE,Federal Contract Tower,0,1,9,0,10,0,1,2,0,3,0,2,11,0,13,0,2,2,15
01/09/2013,VCT,TX,ASW,CE,Federal Contract Tower,0,6,5,14,25,0,1,5,0,6,0,7,10,14,31,6,70,76,107
01/10/2013,VCT,TX,ASW,CE,Federal Contract Tower,0,12,8,28,48,0,2,34,17,53,0,14,42,45,101,8,250,258,359
01/11/2013,VCT,TX,ASW,CE,Federal Contract Tower,0,12,25,36,73,0,0,7,1,8,0,12,32,37,81,20,20,40,121
01/12/2013,VCT,TX,ASW,CE,Federal Contract Tower,0,9,1,0,10,0,0,3,0,3,0,9,4,0,13,0,0,0,13
01/13/2013,VCT,TX,ASW,CE,Federal Contract Tower,0,4,2,5,11,0,0,7,1,8,0,4,9,6,19,0,4,4,23
01/14/2013,VCT,TX,ASW,CE,Federal Contract Tower,0,7,10,34,51,0,1,11,0,12,0,8,21,34,63,12,74,86,149
01/15/2013,VCT,TX,ASW,CE,Federal Contract Tower,0,9,11,3,23,0,0,2,0,2,0,9,13,3,25,2,2,4,29
01/16/2013,VCT,TX,ASW,CE,Federal Contract Tower,0,7,2,27,36,0,2,27,23,52,0,9,29,50,88,20,106,126,214
01/17/2013,VCT,TX,ASW,CE,Federal Contract Tower,0,9,8,20,37,0,1,23,18,42,0,10,31,38,79,10,194,204,283
01/18/2013,VCT,TX,ASW,CE,Federal Contract Tower,0,10,3,21,34,0,1,28,12,41,0,11,31,33,75,26,84,110,185
01/19/2013,VCT,TX,ASW,CE,Federal Contract Tower,0,4,4,3,11,0,0,21,6,27,0,4,25,9,38,52,14,66,104
01/20/2013,VCT,TX,ASW,CE,Federal Contract Tower,0,4,1,0,5,0,0,13,2,15,0,4,14,2,20,0,2,2,22
01/21/2013,VCT,TX,ASW,CE,Federal Contract Tower,0,8,7,1,16,0,1,20,1,22,0,9,27,2,38,30,0,30,68
01/22/2013,VCT,TX,ASW,CE,Federal Contract Tower,0,10,0,42,52,0,1,22,13,36,0,11,22,55,88,4,178,182,270
01/23/2013,VCT,TX,ASW,CE,Federal Contract Tower,0,7,10,16,33,0,1,22,12,35,0,8,32,28,68,42,112,154,222
01/24/2013,VCT,TX,ASW,CE,Federal Contract Tower,0,7,5,37,49,0,1,15,8,24,0,8,20,45,73,12,52,64,137
01/25/2013,VCT,TX,ASW,CE,Federal Contract Tower,0,8,12,25,45,0,1,5,9,15,0,9,17,34,60,2,60,62,122
01/26/2013,VCT,TX,ASW,CE,Federal Contract Tower,0,5,8,0,13,0,0,11,0,11,0,5,19,0,24,12,2,14,38
01/27/2013,VCT,TX,ASW,CE,Federal Contract Tower,0,4,2,0,6,0,0,2,0,2,0,4,4,0,8,2,0,2,10
01/28/2013,VCT,TX,ASW,CE,Federal Contract Tower,0,7,8,32,47,0,0,3,2,5,0,7,11,34,52,0,190,190,242
01/29/2013,VCT,TX,ASW,CE,Federal Contract Tower,0,4,6,16,26,0,1,0,0,1,0,5,6,16,27,0,60,60,87
01/30/2013,VCT,TX,ASW,CE,Federal Contract Tower,0,10,5,18,33,0,2,18,13,33,0,12,23,31,66,0,236,236,302
01/31/2013,VCT,TX,ASW,CE,Federal Contract Tower,0,11,6,23,40,0,2,24,6,32,0,13,30,29,72,18,108,126,198
02/01/2013,VCT,TX,ASW,CE,Federal Contract Tower,0,8,4,15,27,0,1,12,12,25,0,9,16,27,52,14,66,80,132
02/02/2013,VCT,TX,ASW,CE,Federal Contract Tower,0,4,2,20,26,0,0,21,1,22,0,4,23,21,48,2,36,38,86
02/03/2013,VCT,TX,ASW,CE,Federal Contract Tower,0,4,3,4,11,0,0,8,0,8,0,4,11,4,19,0,4,4,23
02/04/2013,VCT,TX,ASW,CE,Federal Contract Tower,0,8,14,19,41,0,1,17,15,33,0,9,31,34,74,40,116,156,230
02/05/2013,VCT,TX,ASW,CE,Federal Contract Tower,0,6,6,5,17,0,1,12,7,20,0,7,18,12,37,70,8,78,115
02/06/2013,VCT,TX,ASW,CE,Federal Contract Tower,0,4,4,6,14,0,0,4,0,4,0,4,8,6,18,0,68,68,86
02/07/2013,VCT,TX,ASW,CE,Federal Contract Tower,0,12,10,14,36,0,1,2,0,3,0,13,12,14,39,0,16,16,55
02/08/2013,VCT,TX,ASW,CE,Federal Contract Tower,0,8,7,13,28,0,1,29,14,44,0,9,36,27,72,14,78,92,164
02/09/2013,VCT,TX,ASW,CE,Federal Contract Tower,0,4,17,0,21,0,0,0,0,0,0,4,17,0,21,10,0,10,31
02/10/2013,VCT,TX,ASW,CE,Federal Contract Tower,0,7,1,2,10,0,0,3,1,4,0,7,4,3,14,0,2,2,16
02/11/2013,VCT,TX,ASW,CE,Federal Contract Tower,0,8,10,27,45,0,0,4,1,5,0,8,14,28,50,2,80,82,132
02/12/2013,VCT,TX,ASW,CE,Federal Contract Tower,0,7,14,18,39,0,0,2,5,7,0,7,16,23,46,0,44,44,90
02/13/2013,VCT,TX,ASW,CE,Federal Contract Tower,0,10,13,29,52,0,0,32,20,52,0,10,45,49,104,34,100,134,238
02/14/2013,VCT,TX,ASW,CE,Federal Contract Tower,0,10,6,12,28,0,0,36,15,51,0,10,42,27,79,6,72,78,157
02/15/2013,VCT,TX,ASW,CE,Federal Contract Tower,0,9,4,15,28,0,0,46,8,54,0,9,50,23,82,100,116,216,298
02/16/2013,VCT,TX,ASW,CE,Federal Contract Tower,0,1,1,0,2,0,0,42,1,43,0,1,43,1,45,8,58,66,111
02/17/2013,VCT,TX,ASW,CE,Federal Contract Tower,0,0,1,1,2,0,0,23,5,28,0,0,24,6,30,20,68,88,118
02/18/2013,VCT,TX,ASW,CE,Federal Contract Tower,0,0,5,7,12,0,1,4,1,6,0,1,9,8,18,0,6,6,24
02/19/2013,VCT,TX,ASW,CE,Federal Contract Tower,0,6,7,40,53,0,2,20,4,26,0,8,27,44,79,4,224,228,307
02/20/2013,VCT,TX,ASW,CE,Federal Contract Tower,0,9,13,21,43,0,0,1,0,1,0,9,14,21,44,0,12,12,56
02/21/2013,VCT,TX,ASW,CE,Federal Contract Tower,0,8,8,17,33,0,1,10,1,12,0,9,18,18,45,0,10,10,55
02/22/2013,VCT,TX,ASW,CE,Federal Contract Tower,0,8,4,4,16,0,1,16,0,17,0,9,20,4,33,10,4,14,47
02/23/2013,VCT,TX,ASW,CE,Federal Contract Tower,0,4,2,0,6,0,0,24,0,24,0,4,26,0,30,42,0,42,72
02/24/2013,VCT,TX,ASW,CE,Federal Contract Tower,0,4,1,7,12,0,0,6,0,6,0,4,7,7,18,22,10,32,50
02/25/2013,VCT,TX,ASW,CE,Federal Contract Tower,0,9,3,8,20,0,1,2,4,7,0,10,5,12,27,2,82,84,111
02/26/2013,VCT,TX,ASW,CE,Federal Contract Tower,0,9,6,29,44,0,1,14,17,32,0,10,20,46,76,16,202,218,294
02/27/2013,VCT,TX,ASW,CE,Federal Contract Tower,0,11,11,25,47,0,1,30,9,40,0,12,41,34,87,18,30,48,135
02/28/2013,VCT,TX,ASW,CE,Federal Contract Tower,0,8,4,5,17,0,1,36,8,45,0,9,40,13,62,36,180,216,278
03/01/2013,VCT,TX,ASW,CE,Federal Contract Tower,0,9,5,17,31,0,0,20,8,28,0,9,25,25,59,0,82,82,141
03/02/2013,VCT,TX,ASW,CE,Federal Contract Tower,0,3,1,0,4,0,1,12,2,15,0,4,13,2,19,0,0,0,19
03/03/2013,VCT,TX,ASW,CE,Federal Contract Tower,0,4,1,4,9,0,0,11,2,13,0,4,12,6,22,6,18,24,46
03/04/2013,VCT,TX,ASW,CE,Federal Contract Tower,0,10,8,4,22,0,1,14,6,21,0,11,22,10,43,12,70,82,125
03/05/2013,VCT,TX,ASW,CE,Federal Contract Tower,0,5,5,10,20,0,1,1,4,6,0,6,6,14,26,0,8,8,34
03/06/2013,VCT,TX,ASW,CE,Federal Contract Tower,0,3,7,19,29,0,2,52,7,61,0,5,59,26,90,26,128,154,244
03/07/2013,VCT,TX,ASW,CE,Federal Contract Tower,0,11,7,27,45,0,1,40,3,44,0,12,47,30,89,12,100,112,201
03/08/2013,VCT,TX,ASW,CE,Federal Contract Tower,0,8,6,53,67,0,1,34,6,41,0,9,40,59,108,4,148,152,260
03/09/2013,VCT,TX,ASW,CE,Federal Contract Tower,0,4,9,3,16,0,0,78,1,79,0,4,87,4,95,14,0,14,109
03/10/2013,VCT,TX,ASW,CE,Federal Contract Tower,0,4,19,0,23,0,0,39,0,39,0,4,58,0,62,18,0,18,80
03/11/2013,VCT,TX,ASW,CE,Federal Contract Tower,0,7,5,3,15,0,1,20,10,31,0,8,25,13,46,4,96,100,146
03/12/2013,VCT,TX,ASW,CE,Federal Contract Tower,0,8,9,39,56,0,2,30,17,49,0,10,39,56,105,6,82,88,193
03/13/2013,VCT,TX,ASW,CE,Federal Contract Tower,0,8,10,24,42,0,1,14,9,24,0,9,24,33,66,6,160,166,232
03/14/2013,VCT,TX,ASW,CE,Federal Contract Tower,0,11,4,25,40,0,2,17,6,25,0,13,21,31,65,32,178,210,275
03/15/2013,VCT,TX,ASW,CE,Federal Contract Tower,0,11,7,15,33,0,1,11,8,20,0,12,18,23,53,6,86,92,145
03/16/2013,VCT,TX,ASW,CE,Federal Contract Tower,0,4,1,0,5,0,0,12,4,16,0,4,13,4,21,14,0,14,35
03/17/2013,VCT,TX,ASW,CE,Federal Contract Tower,0,4,4,7,15,0,0,15,0,15,0,4,19,7,30,38,4,42,72
03/18/2013,VCT,TX,ASW,CE,Federal Contract Tower,0,8,11,21,40,0,1,31,4,36,0,9,42,25,76,16,148,164,240
03/19/2013,VCT,TX,ASW,CE,Federal Contract Tower,0,8,8,49,65,0,1,13,2,16,0,9,21,51,81,6,100,106,187
03/20/2013,VCT,TX,ASW,CE,Federal Contract Tower,0,9,11,9,29,0,1,9,5,15,0,10,20,14,44,2,128,130,174
03/21/2013,VCT,TX,ASW,CE,Federal Contract Tower,0,9,11,22,42,0,1,18,5,24,0,10,29,27,66,22,134,156,222
03/22/2013,VCT,TX,ASW,CE,Federal Contract Tower,0,10,7,17,34,0,0,2,0,2,0,10,9,17,36,2,10,12,48
03/23/2013,VCT,TX,ASW,CE,Federal Contract Tower,0,4,0,2,6,0,0,5,0,5,0,4,5,2,11,0,2,2,13
03/24/2013,VCT,TX,ASW,CE,Federal Contract Tower,0,4,2,3,9,0,0,5,4,9,0,4,7,7,18,2,14,16,34
03/25/2013,VCT,TX,ASW,CE,Federal Contract Tower,0,8,0,30,38,0,1,37,20,58,0,9,37,50,96,52,180,232,328
03/26/2013,VCT,TX,ASW,CE,Federal Contract Tower,0,8,15,7,30,0,2,42,7,51,0,10,57,14,81,30,84,114,195
03/27/2013,VCT,TX,ASW,CE,Federal Contract Tower,0,11,3,17,31,0,1,37,10,48,0,12,40,27,79,66,118,184,263
03/28/2013,VCT,TX,ASW,CE,Federal Contract Tower,0,10,13,73,96,0,1,18,12,31,0,11,31,85,127,40,250,290,417
03/29/2013,VCT,TX,ASW,CE,Federal Contract Tower,0,8,7,22,37,0,1,18,4,23,0,9,25,26,60,10,162,172,232
03/30/2013,VCT,TX,ASW,CE,Federal Contract Tower,0,6,2,5,13,0,0,9,4,13,0,6,11,9,26,54,16,70,96
03/31/2013,VCT,TX,ASW,CE,Federal Contract Tower,0,7,6,8,21,0,0,5,0,5,0,7,11,8,26,6,8,14,40
04/01/2013,VCT,TX,ASW,CE,Federal Contract Tower,0,8,5,11,24,0,1,15,3,19,0,9,20,14,43,34,2,36,79
04/02/2013,VCT,TX,ASW,CE,Federal Contract Tower,0,9,7,6,22,0,0,6,0,6,0,9,13,6,28,0,10,10,38
04/03/2013,VCT,TX,ASW,CE,Federal Contract Tower,0,5,5,11,21,0,0,0,2,2,0,5,5,13,23,0,60,60,83
04/04/2013,VCT,TX,ASW,CE,Federal Contract Tower,0,8,4,31,43,0,1,16,11,28,0,9,20,42,71,0,102,102,173
04/05/2013,VCT,TX,ASW,CE,Federal Contract Tower,0,8,7,26,41,0,1,48,13,62,0,9,55,39,103,48,126,174,277
04/06/2013,VCT,TX,ASW,CE,Federal Contract Tower,0,6,6,1,13,0,0,15,3,18,0,6,21,4,31,0,16,16,47
04/07/2013,VCT,TX,ASW,CE,Federal Contract Tower,0,8,6,6,20,0,0,7,2,9,0,8,13,8,29,2,26,28,57
04/08/2013,VCT,TX,ASW,CE,Federal Contract Tower,0,23,9,24,56,0,0,8,0,8,0,23,17,24,64,14,26,40,104
04/09/2013,VCT,TX,ASW,CE,Federal Contract Tower,0,9,5,15,29,0,0,6,0,6,0,9,11,15,35,50,12,62,97
04/10/2013,VCT,TX,ASW,CE,Federal Contract Tower,0,9,9,4,22,0,1,5,0,6,0,10,14,4,28,86,4,90,118
04/11/2013,VCT,TX,ASW,CE,Federal Contract Tower,0,12,9,13,34,0,0,40,2,42,0,12,49,15,76,78,36,114,190
04/12/2013,VCT,TX,ASW,CE,Federal Contract Tower,0,10,8,22,40,0,1,27,15,43,0,11,35,37,83,40,116,156,239
04/13/2013,VCT,TX,ASW,CE,Federal Contract Tower,0,4,6,2,12,0,0,20,6,26,0,4,26,8,38,76,8,84,122
04/14/2013,VCT,TX,ASW,CE,Federal Contract Tower,0,5,7,11,23,0,0,11,1,12,0,5,18,12,35,34,8,42,77
04/15/2013,VCT,TX,ASW,CE,Federal Contract Tower,0,9,7,24,40,0,1,16,11,28,0,10,23,35,68,66,116,182,250
04/16/2013,VCT,TX,ASW,CE,Federal Contract Tower,0,10,7,24,41,0,0,16,2,18,0,10,23,26,59,0,60,60,119
04/17/2013,VCT,TX,ASW,CE,Federal Contract Tower,0,10,26,14,50,0,0,3,0,3,0,10,29,14,53,4,14,18,71
04/18/2013,VCT,TX,ASW,CE,Federal Contract Tower,0,9,10,16,35,0,1,4,2,7,0,10,14,18,42,0,114,114,156
04/19/2013,VCT,TX,ASW,CE,Federal Contract Tower,0,9,6,11,26,0,1,25,4,30,0,10,31,15,56,22,44,66,122
04/20/2013,VCT,TX,ASW,CE,Federal Contract Tower,0,4,1,18,23,0,0,43,8,51,0,4,44,26,74,32,40,72,146
04/21/2013,VCT,TX,ASW,CE,Federal Contract Tower,0,4,4,4,12,0,0,16,1,17,0,4,20,5,29,18,8,26,55
04/22/2013,VCT,TX,ASW,CE,Federal Contract Tower,0,8,2,14,24,0,1,21,7,29,0,9,23,21,53,54,102,156,209
04/23/2013,VCT,TX,ASW,CE,Federal Contract Tower,0,9,16,33,58,0,1,5,2,8,0,10,21,35,66,2,150,152,218
04/24/2013,VCT,TX,ASW,CE,Federal Contract Tower,0,9,10,18,37,0,1,14,2,17,0,10,24,20,54,72,52,124,178
04/25/2013,VCT,TX,ASW,CE,Federal Contract Tower,0,13,15,14,42,0,1,20,2,23,0,14,35,16,65,62,26,88,153
04/26/2013,VCT,TX,ASW,CE,Federal Contract Tower,0,9,9,38,56,0,1,14,2,17,0,10,23,40,73,42,98,140,213
04/27/2013,VCT,TX,ASW,CE,Federal Contract Tower,0,6,3,4,13,0,0,10,0,10,0,6,13,4,23,14,0,14,37
04/28/2013,VCT,TX,ASW,CE,Federal Contract Tower,0,4,4,0,8,0,0,18,2,20,0,4,22,2,28,2,12,14,42
04/29/2013,VCT,TX,ASW,CE,Federal Contract Tower,0,9,3,4,16,0,0,8,5,13,0,9,11,9,29,4,12,16,45
04/30/2013,VCT,TX,ASW,CE,Federal Contract Tower,0,8,6,32,46,0,0,24,10,34,0,8,30,42,80,12,166,178,258
05/01/2013,VCT,TX,ASW,CE,Federal Contract Tower,0,8,6,16,30,0,0,22,2,24,0,8,28,18,54,90,14,104,158
05/02/2013,VCT,TX,ASW,CE,Federal Contract Tower,0,13,4,11,28,0,0,7,6,13,0,13,11,17,41,6,114,120,161
05/03/2013,VCT,TX,ASW,CE,Federal Contract Tower,0,8,0,29,37,0,1,23,17,41,0,9,23,46,78,4,68,72,150
05/04/2013,VCT,TX,ASW,CE,Federal Contract Tower,0,4,4,4,12,0,0,29,0,29,0,4,33,4,41,24,2,26,67
05/05/2013,VCT,TX,ASW,CE,Federal Contract Tower,0,6,3,3,12,0,0,23,12,35,0,6,26,15,47,42,142,184,231
05/06/2013,VCT,TX,ASW,CE,Federal Contract Tower,0,6,1,19,26,0,1,24,22,47,0,7,25,41,73,102,210,312,385
05/07/2013,VCT,TX,ASW,CE,Federal Contract Tower,0,13,7,26,46,0,1,27,19,47,0,14,34,45,93,64,162,226,319
05/08/2013,VCT,TX,ASW,CE,Federal Contract Tower,0,9,14,21,44,0,1,16,6,23,0,10,30,27,67,18,98,116,183
05/09/2013,VCT,TX,ASW,CE,Federal Contract Tower,0,10,6,31,47,0,1,10,2,13,0,11,16,33,60,16,100,116,176
05/10/2013,VCT,TX,ASW,CE,Federal Contract Tower,0,9,5,1,15,0,1,11,1,13,0,10,16,2,28,10,0,10,38
05/11/2013,VCT,TX,ASW,CE,Federal Contract Tower,0,5,3,3,11,0,0,6,0,6,0,5,9,3,17,0,2,2,19
05/12/2013,VCT,TX,ASW,CE,Federal Contract Tower,0,4,3,0,7,0,0,19,0,19,0,4,22,0,26,30,0,30,56
05/13/2013,VCT,TX,ASW,CE,Federal Contract Tower,0,10,6,17,33,0,0,33,7,40,0,10,39,24,73,20,92,112,185
05/14/2013,VCT,TX,ASW,CE,Federal Contract Tower,0,10,10,20,40,0,0,9,3,12,0,10,19,23,52,0,82,82,134
05/15/2013,VCT,TX,ASW,CE,Federal Contract Tower,0,10,10,14,34,0,0,6,0,6,0,10,16,14,40,30,88,118,158
05/16/2013,VCT,TX,ASW,CE,Federal Contract Tower,0,8,6,29,43,0,0,13,13,26,0,8,19,42,69,18,204,222,291
05/17/2013,VCT,TX,ASW,CE,Federal Contract Tower,0,9,7,10,26,0,0,34,5,39,0,9,41,15,65,66,42,108,173
05/18/2013,VCT,TX,ASW,CE,Federal Contract Tower,0,6,6,0,12,0,0,11,4,15,0,6,17,4,27,2,60,62,89
05/19/2013,VCT,TX,ASW,CE,Federal Contract Tower,0,4,3,0,7,0,0,7,0,7,0,4,10,0,14,0,0,0,14
05/20/2013,VCT,TX,ASW,CE,Federal Contract Tower,0,11,13,34,58,0,0,14,5,19,0,11,27,39,77,4,72,76,153
05/21/2013,VCT,TX,ASW,CE,Federal Contract Tower,0,9,7,28,44,0,0,12,11,23,0,9,19,39,67,8,154,162,229
05/22/2013,VCT,TX,ASW,CE,Federal Contract Tower,0,12,7,15,34,0,0,7,1,8,0,12,14,16,42,2,12,14,56
05/23/2013,VCT,TX,ASW,CE,Federal Contract Tower,0,11,8,17,36,0,0,13,4,17,0,11,21,21,53,34,68,102,155
05/24/2013,VCT,TX,ASW,CE,Federal Contract Tower,0,5,0,4,9,0,0,14,2,16,0,5,14,6,25,22,6,28,53
05/25/2013,VCT,TX,ASW,CE,Federal Contract Tower,0,1,1,0,2,0,0,3,0,3,0,1,4,0,5,0,0,0,5
05/26/2013,VCT,TX,ASW,CE,Federal Contract Tower,0,4,3,5,12,0,0,4,1,5,0,4,7,6,17,2,4,6,23
05/27/2013,VCT,TX,ASW,CE,Federal Contract Tower,0,7,4,7,18,0,0,10,4,14,0,7,14,11,32,0,56,56,88
05/28/2013,VCT,TX,ASW,CE,Federal Contract Tower,0,9,5,41,55,0,1,13,9,23,0,10,18,50,78,24,142,166,244
05/29/2013,VCT,TX,ASW,CE,Federal Contract Tower,0,9,1,23,33,0,0,5,4,9,0,9,6,27,42,20,218,238,280
05/30/2013,VCT,TX,ASW,CE,Federal Contract Tower,0,7,11,13,31,0,1,9,0,10,0,8,20,13,41,30,36,66,107
05/31/2013,VCT,TX,ASW,CE,Federal Contract Tower,0,5,5,1,11,0,2,23,3,28,0,7,28,4,39,8,16,24,63
06/01/2013,VCT,TX,ASW,CE,Federal Contract Tower,0,4,3,0,7,0,0,22,0,22,0,4,25,0,29,30,0,30,59
06/02/2013,VCT,TX,ASW,CE,Federal Contract Tower,0,4,0,0,4,0,0,10,2,12,0,4,10,2,16,0,0,0,16
06/03/2013,VCT,TX,ASW,CE,Federal Contract Tower,0,9,4,11,24,0,0,28,7,35,0,9,32,18,59,18,80,98,157
06/04/2013,VCT,TX,ASW,CE,Federal Contract Tower,0,8,4,18,30,0,1,28,2,31,0,9,32,20,61,0,56,56,117
06/05/2013,VCT,TX,ASW,CE,Federal Contract Tower,0,12,8,16,36,0,1,28,7,36,0,13,36,23,72,40,94,134,206
06/06/2013,VCT,TX,ASW,CE,Federal Contract Tower,0,10,7,28,45,0,1,22,7,30,0,11,29,35,75,24,86,110,185
06/07/2013,VCT,TX,ASW,CE,Federal Contract Tower,0,10,2,26,38,0,3,14,12,29,0,13,16,38,67,0,108,108,175
06/08/2013,VCT,TX,ASW,CE,Federal Contract Tower,0,4,0,4,8,0,0,13,2,15,0,4,13,6,23,0,18,18,41
06/09/2013,VCT,TX,ASW,CE,Federal Contract Tower,0,4,6,4,14,0,0,12,2,14,0,4,18,6,28,16,6,22,50
06/10/2013,VCT,TX,ASW,CE,Federal Contract Tower,0,6,6,24,36,0,1,20,5,26,0,7,26,29,62,26,160,186,248
06/11/2013,VCT,TX,ASW,CE,Federal Contract Tower,0,10,12,28,50,0,1,12,11,24,0,11,24,39,74,0,152,152,226
06/12/2013,VCT,TX,ASW,CE,Federal Contract Tower,0,6,10,5,21,0,1,11,4,16,0,7,21,9,37,0,38,38,75
06/13/2013,VCT,TX,ASW,CE,Federal Contract Tower,0,8,13,7,28,0,1,18,5,24,0,9,31,12,52,41,82,123,175
06/14/2013,VCT,TX,ASW,CE,Federal Contract Tower,0,5,7,9,21,0,1,21,1,23,0,6,28,10,44,4,34,38,82
06/15/2013,VCT,TX,ASW,CE,Federal Contract Tower,0,4,5,0,9,0,0,27,0,27,0,4,32,0,36,12,0,12,48
06/16/2013,VCT,TX,ASW,CE,Federal Contract Tower,0,7,2,0,9,0,0,17,0,17,0,7,19,0,26,2,0,2,28
06/17/2013,VCT,TX,ASW,CE,Federal Contract Tower,0,6,5,16,27,0,0,24,9,33,0,6,29,25,60,14,100,114,174
06/18/2013,VCT,TX,ASW,CE,Federal Contract Tower,0,11,7,20,38,0,0,29,4,33,0,11,36,24,71,16,96,112,183
06/19/2013,VCT,TX,ASW,CE,Federal Contract Tower,0,15,17,31,63,0,2,30,26,58,0,17,47,57,121,46,156,202,323
06/20/2013,VCT,TX,ASW,CE,Federal Contract Tower,0,10,11,18,39,0,0,29,25,54,0,10,40,43,93,52,246,298,391
06/21/2013,VCT,TX,ASW,CE,Federal Contract Tower,0,11,6,27,44,0,0,24,12,36,0,11,30,39,80,40,244,284,364
06/22/2013,VCT,TX,ASW,CE,Federal Contract Tower,0,4,3,1,8,0,0,26,3,29,0,4,29,4,37,70,54,124,161
06/23/2013,VCT,TX,ASW,CE,Federal Contract Tower,0,6,8,12,26,0,0,6,0,6,0,6,14,12,32,2,10,12,44
06/24/2013,VCT,TX,ASW,CE,Federal Contract Tower,0,7,7,58,72,0,1,22,9,32,0,8,29,67,104,12,230,242,346
06/25/2013,VCT,TX,ASW,CE,Federal Contract Tower,0,8,7,39,54,0,1,13,19,33,0,9,20,58,87,0,316,316,403
06/26/2013,VCT,TX,ASW,CE,Federal Contract Tower,0,8,9,19,36,0,2,17,2,21,0,10,26,21,57,22,84,106,163
06/27/2013,VCT,TX,ASW,CE,Federal Contract Tower,0,8,10,24,42,0,1,39,6,46,0,9,49,30,88,16,128,144,232
06/28/2013,VCT,TX,ASW,CE,Federal Contract Tower,0,9,1,12,22,0,0,31,5,36,0,9,32,17,58,10,50,60,118
06/29/2013,VCT,TX,ASW,CE,Federal Contract Tower,0,4,2,0,6,0,0,14,2,16,0,4,16,2,22,0,2,2,24
06/30/2013,VCT,TX,ASW,CE,Federal Contract Tower,0,4,6,5,15,0,0,21,2,23,0,4,27,7,38,34,24,58,96
07/01/2013,VCT,TX,ASW,CE,Federal Contract Tower,0,8,5,26,39,0,0,25,10,35,0,8,30,36,74,16,140,156,230
07/02/2013,VCT,TX,ASW,CE,Federal Contract Tower,0,9,6,18,33,0,0,12,6,18,0,9,18,24,51,20,78,98,149
07/03/2013,VCT,TX,ASW,CE,Federal Contract Tower,0,10,8,27,45,0,0,0,0,0,0,10,8,27,45,32,142,174,219
07/04/2013,VCT,TX,ASW,CE,Federal Contract Tower,0,7,3,0,10,0,0,20,0,20,0,7,23,0,30,6,0,6,36
07/05/2013,VCT,TX,ASW,CE,Federal Contract Tower,0,9,2,0,11,0,0,15,2,17,0,9,17,2,28,22,0,22,50
07/06/2013,VCT,TX,ASW,CE,Federal Contract Tower,0,4,2,0,6,0,0,19,1,20,0,4,21,1,26,0,22,22,48
07/07/2013,VCT,TX,ASW,CE,Federal Contract Tower,0,4,4,0,8,0,0,3,0,3,0,4,7,0,11,0,0,0,11
07/08/2013,VCT,TX,ASW,CE,Federal Contract Tower,0,8,6,19,33,0,0,4,6,10,0,8,10,25,43,2,70,72,115
07/09/2013,VCT,TX,ASW,CE,Federal Contract Tower,0,12,5,34,51,0,0,22,7,29,0,12,27,41,80,18,156,174,254
07/10/2013,VCT,TX,ASW,CE,Federal Contract Tower,0,11,13,17,41,0,0,7,5,12,0,11,20,22,53,18,92,110,163
07/11/2013,VCT,TX,ASW,CE,Federal Contract Tower,0,9,11,37,57,0,0,19,7,26,0,9,30,44,83,42,160,202,285
07/12/2013,VCT,TX,ASW,CE,Federal Contract Tower,0,9,2,8,19,0,0,27,7,34,0,9,29,15,53,50,10,60,113
07/13/2013,VCT,TX,ASW,CE,Federal Contract Tower,0,4,3,7,14,0,0,13,0,13,0,4,16,7,27,12,4,16,43
07/14/2013,VCT,TX,ASW,CE,Federal Contract Tower,0,6,0,0,6,0,0,10,0,10,0,6,10,0,16,26,0,26,42
07/15/2013,VCT,TX,ASW,CE,Federal Contract Tower,0,8,14,42,64,0,1,8,3,12,0,9,22,45,76,0,92,92,168
07/16/2013,VCT,TX,ASW,CE,Federal Contract Tower,0,8,15,12,35,0,1,4,4,9,0,9,19,16,44,2,152,154,198
07/17/2013,VCT,TX,ASW,CE,Federal Contract Tower,0,9,12,0,21,0,0,1,0,1,0,9,13,0,22,0,0,0,22
07/18/2013,VCT,TX,ASW,CE,Federal Contract Tower,0,9,6,22,37,0,0,20,4,24,0,9,26,26,61,26,182,208,269
07/19/2013,VCT,TX,ASW,CE,Federal Contract Tower,0,10,5,12,27,0,1,11,4,16,0,11,16,16,43,30,20,50,93
07/20/2013,VCT,TX,ASW,CE,Federal Contract Tower,0,4,6,14,24,0,0,15,7,22,0,4,21,21,46,10,14,24,70
07/21/2013,VCT,TX,ASW,CE,Federal Contract Tower,0,4,6,0,10,0,0,6,0,6,0,4,12,0,16,4,0,4,20
07/22/2013,VCT,TX,ASW,CE,Federal Contract Tower,0,7,4,47,58,0,0,15,18,33,0,7,19,65,91,14,158,172,263
07/23/2013,VCT,TX,ASW,CE,Federal Contract Tower,0,12,5,26,43,0,0,8,17,25,0,12,13,43,68,0,124,124,192
07/24/2013,VCT,TX,ASW,CE,Federal Contract Tower,0,9,9,22,40,0,0,30,11,41,0,9,39,33,81,20,214,234,315
07/25/2013,VCT,TX,ASW,CE,Federal Contract Tower,0,9,9,22,40,0,0,32,9,41,0,9,41,31,81,42,80,122,203
07/26/2013,VCT,TX,ASW,CE,Federal Contract Tower,0,8,6,10,24,0,2,23,12,37,0,10,29,22,61,2,14,16,77
07/27/2013,VCT,TX,ASW,CE,Federal Contract Tower,0,6,2,0,8,0,0,10,0,10,0,6,12,0,18,10,0,10,28
07/28/2013,VCT,TX,ASW,CE,Federal Contract Tower,0,7,2,0,9,0,0,15,4,19,0,7,17,4,28,16,28,44,72
07/29/2013,VCT,TX,ASW,CE,Federal Contract Tower,0,9,4,35,48,0,1,30,9,40,0,10,34,44,88,32,122,154,242
07/30/2013,VCT,TX,ASW,CE,Federal Contract Tower,0,11,9,13,33,0,2,33,11,46,0,13,42,24,79,14,44,58,137
07/31/2013,VCT,TX,ASW,CE,Federal Contract Tower,0,9,16,30,55,0,1,20,12,33,0,10,36,42,88,12,238,250,338
08/01/2013,VCT,TX,ASW,CE,Federal Contract Tower,0,8,4,16,28,0,0,21,5,26,0,8,25,21,54,8,54,62,116
08/02/2013,VCT,TX,ASW,CE,Federal Contract Tower,0,9,6,8,23,0,0,16,3,19,0,9,22,11,42,50,8,58,100
08/03/2013,VCT,TX,ASW,CE,Federal Contract Tower,0,6,5,9,20,0,0,17,5,22,0,6,22,14,42,2,8,10,52
08/04/2013,VCT,TX,ASW,CE,Federal Contract Tower,0,6,1,12,19,0,0,16,3,19,0,6,17,15,38,4,10,14,52
08/05/2013,VCT,TX,ASW,CE,Federal Contract Tower,0,8,5,19,32,0,0,14,9,23,0,8,19,28,55,16,90,106,161
08/06/2013,VCT,TX,ASW,CE,Federal Contract Tower,0,9,3,25,37,0,0,33,16,49,0,9,36,41,86,10,134,144,230
08/07/2013,VCT,TX,ASW,CE,Federal Contract Tower,0,12,8,17,37,0,0,20,9,29,0,12,28,26,66,4,126,130,196
08/08/2013,VCT,TX,ASW,CE,Federal Contract Tower,0,8,5,49,62,0,1,21,7,29,0,9,26,56,91,44,202,246,337
08/09/2013,VCT,TX,ASW,CE,Federal Contract Tower,0,7,11,22,40,0,0,33,10,43,0,7,44,32,83,48,67,115,198
08/10/2013,VCT,TX,ASW,CE,Federal Contract Tower,0,4,3,4,11,0,0,14,0,14,0,4,17,4,25,0,0,0,25
08/11/2013,VCT,TX,ASW,CE,Federal Contract Tower,0,5,4,0,9,0,0,11,2,13,0,5,15,2,22,0,0,0,22
08/12/2013,VCT,TX,ASW,CE,Federal Contract Tower,0,9,7,44,60,0,0,18,9,27,0,9,25,53,87,0,106,106,193
08/13/2013,VCT,TX,ASW,CE,Federal Contract Tower,0,9,11,14,34,0,0,23,10,33,0,9,34,24,67,58,126,184,251
08/14/2013,VCT,TX,ASW,CE,Federal Contract Tower,0,9,5,54,68,0,2,26,26,54,0,11,31,80,122,44,268,312,434
08/15/2013,VCT,TX,ASW,CE,Federal Contract Tower,0,10,5,8,23,0,0,20,6,26,0,10,25,14,49,46,22,68,117
08/16/2013,VCT,TX,ASW,CE,Federal Contract Tower,0,4,2,10,16,0,0,19,13,32,0,4,21,23,48,0,42,42,90
08/17/2013,VCT,TX,ASW,CE,Federal Contract Tower,0,1,1,3,5,0,1,16,3,20,0,2,17,6,25,6,0,6,31
08/18/2013,VCT,TX,ASW,CE,Federal Contract Tower,0,0,1,0,1,0,0,18,0,18,0,0,19,0,19,0,0,0,19
08/19/2013,VCT,TX,ASW,CE,Federal Contract Tower,0,4,6,34,44,0,0,15,20,35,0,4,21,54,79,16,230,246,325
08/20/2013,VCT,TX,ASW,CE,Federal Contract Tower,0,12,8,2,22,0,0,11,0,11,0,12,19,2,33,0,0,0,33
08/21/2013,VCT,TX,ASW,CE,Federal Contract Tower,0,9,20,3,32,0,0,10,9,19,0,9,30,12,51,6,28,34,85
08/22/2013,VCT,TX,ASW,CE,Federal Contract Tower,0,7,7,13,27,0,0,17,5,22,0,7,24,18,49,42,38,80,129
08/23/2013,VCT,TX,ASW,CE,Federal Contract Tower,0,9,6,10,25,0,1,23,5,29,0,10,29,15,54,4,58,62,116
08/24/2013,VCT,TX,ASW,CE,Federal Contract Tower,0,4,2,1,7,0,0,15,6,21,0,4,17,7,28,16,10,26,54
08/25/2013,VCT,TX,ASW,CE,Federal Contract Tower,0,4,1,0,5,0,0,12,0,12,0,4,13,0,17,0,0,0,17
08/26/2013,VCT,TX,ASW,CE,Federal Contract Tower,0,8,7,3,18,0,0,1,1,2,0,8,8,4,20,0,4,4,24
08/27/2013,VCT,TX,ASW,CE,Federal Contract Tower,0,12,8,19,39,0,0,5,4,9,0,12,13,23,48,0,24,24,72
08/28/2013,VCT,TX,ASW,CE,Federal Contract Tower,0,9,5,44,58,0,0,19,23,42,0,9,24,67,100,46,186,232,332
08/29/2013,VCT,TX,ASW,CE,Federal Contract Tower,0,8,13,20,41,0,0,37,7,44,0,8,50,27,85,162,136,298,383
08/30/2013,VCT,TX,ASW,CE,Federal Contract Tower,0,4,10,14,28,0,0,28,3,31,0,4,38,17,59,64,50,114,173
08/31/2013,VCT,TX,ASW,CE,Federal Contract Tower,0,4,1,0,5,0,0,25,5,30,0,4,26,5,35,16,2,18,53
09/01/2013,VCT,TX,ASW,CE,Federal Contract Tower,0,4,3,0,7,0,0,17,2,19,0,4,20,2,26,46,0,46,72
09/02/2013,VCT,TX,ASW,CE,Federal Contract Tower,0,7,2,1,10,0,0,9,1,10,0,7,11,2,20,0,0,0,20
09/03/2013,VCT,TX,ASW,CE,Federal Contract Tower,0,8,8,23,39,0,2,14,11,27,0,10,22,34,66,6,132,138,204
09/04/2013,VCT,TX,ASW,CE,Federal Contract Tower,0,11,7,25,43,0,0,9,20,29,0,11,16,45,72,50,164,214,286
09/05/2013,VCT,TX,ASW,CE,Federal Contract Tower,0,9,9,44,62,0,0,7,12,19,0,9,16,56,81,2,192,194,275
09/06/2013,VCT,TX,ASW,CE,Federal Contract Tower,0,9,0,23,32,0,0,14,19,33,0,9,14,42,65,4,136,140,205
09/07/2013,VCT,TX,ASW,CE,Federal Contract Tower,0,4,3,0,7,0,0,4,4,8,0,4,7,4,15,2,0,2,17
09/08/2013,VCT,TX,ASW,CE,Federal Contract Tower,0,4,4,0,8,0,0,0,0,0,0,4,4,0,8,0,0,0,8
09/09/2013,VCT,TX,ASW,CE,Federal Contract Tower,0,7,7,9,23,0,0,11,7,18,0,7,18,16,41,0,2,2,43
09/10/2013,VCT,TX,ASW,CE,Federal Contract Tower,0,9,9,14,32,0,0,11,5,16,0,9,20,19,48,16,36,52,100
09/11/2013,VCT,TX,ASW,CE,Federal Contract Tower,0,8,7,4,19,0,3,14,15,32,0,11,21,19,51,6,96,102,153
09/12/2013,VCT,TX,ASW,CE,Federal Contract Tower,0,9,10,29,48,0,0,18,7,25,0,9,28,36,73,34,48,82,155
09/13/2013,VCT,TX,ASW,CE,Federal Contract Tower,0,5,7,43,55,0,0,37,32,69,0,5,44,75,124,24,182,206,330
09/14/2013,VCT,TX,ASW,CE,Federal Contract Tower,0,4,2,0,6,0,0,27,6,33,0,4,29,6,39,28,58,86,125
09/15/2013,VCT,TX,ASW,CE,Federal Contract Tower,0,4,4,4,12,0,0,10,3,13,0,4,14,7,25,24,4,28,53
09/16/2013,VCT,TX,ASW,CE,Federal Contract Tower,0,8,11,28,47,0,0,9,0,9,0,8,20,28,56,20,26,46,102
09/17/2013,VCT,TX,ASW,CE,Federal Contract Tower,0,9,13,27,49,0,0,18,10,28,0,9,31,37,77,0,60,60,137
09/18/2013,VCT,TX,ASW,CE,Federal Contract Tower,0,9,11,43,63,0,0,24,16,40,0,9,35,59,103,24,174,198,301
09/19/2013,VCT,TX,ASW,CE,Federal Contract Tower,0,8,12,22,42,0,0,21,12,33,0,8,33,34,75,42,178,220,295
09/20/2013,VCT,TX,ASW,CE,Federal Contract Tower,0,10,7,8,25,0,0,1,1,2,0,10,8,9,27,0,0,0,27
09/21/2013,VCT,TX,ASW,CE,Federal Contract Tower,0,4,2,5,11,0,0,7,2,9,0,4,9,7,20,0,4,4,24
09/22/2013,VCT,TX,ASW,CE,Federal Contract Tower,0,4,7,2,13,0,0,21,2,23,0,4,28,4,36,4,24,28,64
09/23/2013,VCT,TX,ASW,CE,Federal Contract Tower,0,6,11,26,43,0,0,16,19,35,0,6,27,45,78,16,166,182,260
09/24/2013,VCT,TX,ASW,CE,Federal Contract Tower,0,1,11,29,41,0,0,22,18,40,0,1,33,47,81,0,238,238,319
09/25/2013,VCT,TX,ASW,CE,Federal Contract Tower,0,8,5,49,62,0,0,18,20,38,0,8,23,69,100,6,122,128,228
09/26/2013,VCT,TX,ASW,CE,Federal Contract Tower,0,10,7,39,56,0,0,39,15,54,0,10,46,54,110,4,166,170,280
09/27/2013,VCT,TX,ASW,CE,Federal Contract Tower,0,9,8,29,46,0,0,26,9,35,0,9,34,38,81,86,160,246,327
09/28/2013,VCT,TX,ASW,CE,Federal Contract Tower,0,4,5,6,15,0,0,17,2,19,0,4,22,8,34,12,8,20,54
09/29/2013,VCT,TX,ASW,CE,Federal Contract Tower,0,4,5,1,10,0,0,9,6,15,0,4,14,7,25,20,48,68,93
09/30/2013,VCT,TX,ASW,CE,Federal Contract Tower,0,9,9,26,44,0,0,19,6,25,0,9,28,32,69,30,54,84,153
10/01/2013,VCT,TX,ASW,CE,Federal Contract Tower,0,8,8,7,23,0,0,7,4,11,0,8,15,11,34,16,26,42,76
10/02/2013,VCT,TX,ASW,CE,Federal Contract Tower,0,10,8,31,49,0,0,26,7,33,0,10,34,38,82,48,100,148,230
10/03/2013,VCT,TX,ASW,CE,Federal Contract Tower,0,8,12,7,27,0,0,14,7,21,0,8,26,14,48,0,88,88,136
10/04/2013,VCT,TX,ASW,CE,Federal Contract Tower,0,10,3,19,32,0,0,27,5,32,0,10,30,24,64,2,48,50,114
10/05/2013,VCT,TX,ASW,CE,Federal Contract Tower,0,7,3,2,12,0,0,16,0,16,0,7,19,2,28,24,0,24,52
10/06/2013,VCT,TX,ASW,CE,Federal Contract Tower,0,6,2,0,8,0,0,10,0,10,0,6,12,0,18,0,0,0,18
10/07/2013,VCT,TX,ASW,CE,Federal Contract Tower,0,8,13,5,26,0,0,22,4,26,0,8,35,9,52,6,42,48,100
10/08/2013,VCT,TX,ASW,CE,Federal Contract Tower,0,8,12,23,43,0,0,37,7,44,0,8,49,30,87,36,138,174,261
10/09/2013,VCT,TX,ASW,CE,Federal Contract Tower,0,11,2,13,26,0,0,33,5,38,0,11,35,18,64,26,140,166,230
10/10/2013,VCT,TX,ASW,CE,Federal Contract Tower,0,9,7,14,30,0,0,25,3,28,0,9,32,17,58,8,52,60,118
10/11/2013,VCT,TX,ASW,CE,Federal Contract Tower,0,8,10,3,21,0,0,13,1,14,0,8,23,4,35,12,34,46,81
10/12/2013,VCT,TX,ASW,CE,Federal Contract Tower,0,5,1,0,6,0,0,2,0,2,0,5,3,0,8,0,0,0,8
10/13/2013,VCT,TX,ASW,CE,Federal Contract Tower,0,4,2,0,6,0,0,5,0,5,0,4,7,0,11,0,0,0,11
10/14/2013,VCT,TX,ASW,CE,Federal Contract Tower,0,5,11,0,16,0,0,13,0,13,0,5,24,0,29,4,0,4,33
10/15/2013,VCT,TX,ASW,CE,Federal Contract Tower,0,9,18,15,42,0,0,7,6,13,0,9,25,21,55,4,102,106,161
10/16/2013,VCT,TX,ASW,CE,Federal Contract Tower,0,10,13,16,39,0,0,5,0,5,0,10,18,16,44,16,16,32,76
10/17/2013,VCT,TX,ASW,CE,Federal Contract Tower,0,9,5,21,35,0,0,24,3,27,0,9,29,24,62,0,114,114,176
10/18/2013,VCT,TX,ASW,CE,Federal Contract Tower,0,8,5,20,33,0,0,3,1,4,0,8,8,21,37,8,18,26,63
10/19/2013,VCT,TX,ASW,CE,Federal Contract Tower,0,4,2,1,7,0,0,4,0,4,0,4,6,1,11,0,0,0,11
10/20/2013,VCT,TX,ASW,CE,Federal Contract Tower,0,4,2,2,8,0,0,43,0,43,0,4,45,2,51,0,0,0,51
10/21/2013,VCT,TX,ASW,CE,Federal Contract Tower,0,9,10,17,36,0,0,4,3,7,0,9,14,20,43,0,96,96,139
10/22/2013,VCT,TX,ASW,CE,Federal Contract Tower,0,5,10,22,37,0,0,22,13,35,0,5,32,35,72,32,116,148,220
10/23/2013,VCT,TX,ASW,CE,Federal Contract Tower,0,10,7,23,40,0,0,35,9,44,0,10,42,32,84,36,120,156,240
10/24/2013,VCT,TX,ASW,CE,Federal Contract Tower,0,9,10,42,61,0,0,36,15,51,0,9,46,57,112,40,202,242,354
10/25/2013,VCT,TX,ASW,CE,Federal Contract Tower,0,9,5,9,23,0,0,38,15,53,0,9,43,24,76,34,54,88,164
10/26/2013,VCT,TX,ASW,CE,Federal Contract Tower,0,6,3,0,9,0,0,20,2,22,0,6,23,2,31,22,0,22,53
10/27/2013,VCT,TX,ASW,CE,Federal Contract Tower,0,5,3,5,13,0,0,15,1,16,0,5,18,6,29,0,0,0,29
10/28/2013,VCT,TX,ASW,CE,Federal Contract Tower,0,9,16,37,62,0,0,15,27,42,0,9,31,64,104,40,204,244,348
10/29/2013,VCT,TX,ASW,CE,Federal Contract Tower,0,8,14,34,56,0,0,10,11,21,0,8,24,45,77,4,92,96,173
10/30/2013,VCT,TX,ASW,CE,Federal Contract Tower,0,8,12,13,33,0,0,11,3,14,0,8,23,16,47,18,10,28,75
10/31/2013,VCT,TX,ASW,CE,Federal Contract Tower,0,7,7,5,19,0,0,0,3,3,0,7,7,8,22,0,58,58,80
11/01/2013,VCT,TX,ASW,CE,Federal Contract Tower,0,8,2,11,21,0,0,13,25,38,0,8,15,36,59,4,204,208,267
11/02/2013,VCT,TX,ASW,CE,Federal Contract Tower,0,4,0,0,4,0,0,21,6,27,0,4,21,6,31,18,0,18,49
11/03/2013,VCT,TX,ASW,CE,Federal Contract Tower,0,4,6,28,38,0,0,27,13,40,0,4,33,41,78,2,82,84,162
11/04/2013,VCT,TX,ASW,CE,Federal Contract Tower,0,8,11,18,37,0,0,25,13,38,0,8,36,31,75,14,62,76,151
11/05/2013,VCT,TX,ASW,CE,Federal Contract Tower,0,11,5,34,50,0,0,10,5,15,0,11,15,39,65,0,142,142,207
11/06/2013,VCT,TX,ASW,CE,Federal Contract Tower,0,9,16,9,34,0,0,3,2,5,0,9,19,11,39,0,10,10,49
11/07/2013,VCT,TX,ASW,CE,Federal Contract Tower,0,9,8,15,32,0,0,20,11,31,0,9,28,26,63,12,148,160,223
11/08/2013,VCT,TX,ASW,CE,Federal Contract Tower,0,8,14,8,30,0,0,36,0,36,0,8,50,8,66,46,4,50,116
11/09/2013,VCT,TX,ASW,CE,Federal Contract Tower,0,5,5,8,18,0,0,34,2,36,0,5,39,10,54,20,32,52,106
11/10/2013,VCT,TX,ASW,CE,Federal Contract Tower,0,4,2,2,8,0,0,9,0,9,0,4,11,2,17,2,2,4,21
11/11/2013,VCT,TX,ASW,CE,Federal Contract Tower,0,8,2,13,23,0,0,16,2,18,0,8,18,15,41,4,28,32,73
11/12/2013,VCT,TX,ASW,CE,Federal Contract Tower,0,8,11,23,42,0,0,6,19,25,0,8,17,42,67,0,128,128,195
11/13/2013,VCT,TX,ASW,CE,Federal Contract Tower,0,14,8,26,48,0,1,17,20,38,0,15,25,46,86,12,200,212,298
11/14/2013,VCT,TX,ASW,CE,Federal Contract Tower,0,19,12,22,53,0,0,23,11,34,0,19,35,33,87,26,144,170,257
11/15/2013,VCT,TX,ASW,CE,Federal Contract Tower,0,8,4,20,32,0,0,21,7,28,0,8,25,27,60,0,66,66,126
11/16/2013,VCT,TX,ASW,CE,Federal Contract Tower,0,5,2,16,23,0,0,8,1,9,0,5,10,17,32,2,40,42,74
11/17/2013,VCT,TX,ASW,CE,Federal Contract Tower,0,4,1,3,8,0,0,18,5,23,0,4,19,8,31,22,2,24,55
11/18/2013,VCT,TX,ASW,CE,Federal Contract Tower,2,7,2,29,40,0,0,7,5,12,2,7,9,34,52,0,54,54,106
11/19/2013,VCT,TX,ASW,CE,Federal Contract Tower,0,8,9,11,28,0,1,14,6,21,0,9,23,17,49,2,102,104,153
11/20/2013,VCT,TX,ASW,CE,Federal Contract Tower,0,5,14,55,74,0,0,9,6,15,0,5,23,61,89,0,122,122,211
11/21/2013,VCT,TX,ASW,CE,Federal Contract Tower,0,8,11,17,36,0,0,7,4,11,0,8,18,21,47,4,22,26,73
11/22/2013,VCT,TX,ASW,CE,Federal Contract Tower,0,7,2,0,9,0,0,0,0,0,0,7,2,0,9,0,0,0,9
11/23/2013,VCT,TX,ASW,CE,Federal Contract Tower,0,4,6,0,10,0,0,0,0,0,0,4,6,0,10,0,0,0,10
11/24/2013,VCT,TX,ASW,CE,Federal Contract Tower,0,6,6,0,12,0,0,4,0,4,0,6,10,0,16,2,0,2,18
11/25/2013,VCT,TX,ASW,CE,Federal Contract Tower,0,8,4,2,14,0,0,0,0,0,0,8,4,2,14,0,2,2,16
11/26/2013,VCT,TX,ASW,CE,Federal Contract Tower,0,8,9,15,32,0,0,3,11,14,0,8,12,26,46,0,164,164,210
11/27/2013,VCT,TX,ASW,CE,Federal Contract Tower,0,10,4,7,21,0,0,19,13,32,0,10,23,20,53,4,94,98,151
11/28/2013,VCT,TX,ASW,CE,Federal Contract Tower,0,4,0,0,4,0,0,11,0,11,0,4,11,0,15,0,0,0,15
11/29/2013,VCT,TX,ASW,CE,Federal Contract Tower,0,8,2,0,10,0,0,24,0,24,0,8,26,0,34,24,0,24,58
11/30/2013,VCT,TX,ASW,CE,Federal Contract Tower,0,3,3,0,6,0,0,27,0,27,0,3,30,0,33,0,0,0,33
12/01/2013,VCT,TX,ASW,CE,Federal Contract Tower,0,5,5,0,10,0,0,19,0,19,0,5,24,0,29,24,0,24,53
12/02/2013,VCT,TX,ASW,CE,Federal Contract Tower,0,8,3,21,32,0,0,28,10,38,0,8,31,31,70,6,128,134,204
12/03/2013,VCT,TX,ASW,CE,Federal Contract Tower,0,8,3,10,21,0,0,21,17,38,0,8,24,27,59,2,176,178,237
12/04/2013,VCT,TX,ASW,CE,Federal Contract Tower,0,13,15,16,44,0,1,13,9,23,0,14,28,25,67,28,44,72,139
12/05/2013,VCT,TX,ASW,CE,Federal Contract Tower,0,13,5,21,39,0,0,2,0,2,0,13,7,21,41,0,24,24,65
12/06/2013,VCT,TX,ASW,CE,Federal Contract Tower,0,8,14,8,30,0,0,1,2,3,0,8,15,10,33,6,32,38,71
12/07/2013,VCT,TX,ASW,CE,Federal Contract Tower,0,4,5,18,27,0,0,1,1,2,0,4,6,19,29,6,10,16,45
12/08/2013,VCT,TX,ASW,CE,Federal Contract Tower,0,4,7,2,13,0,0,0,0,0,0,4,7,2,13,2,0,2,15
12/09/2013,VCT,TX,ASW,CE,Federal Contract Tower,0,8,6,4,18,0,0,0,0,0,0,8,6,4,18,0,4,4,22
12/10/2013,VCT,TX,ASW,CE,Federal Contract Tower,0,8,9,27,44,0,0,37,18,55,0,8,46,45,99,15,252,267,366
12/11/2013,VCT,TX,ASW,CE,Federal Contract Tower,0,9,11,23,43,0,5,19,3,27,0,14,30,26,70,14,200,214,284
12/12/2013,VCT,TX,ASW,CE,Federal Contract Tower,0,9,12,24,45,0,0,22,14,36,0,9,34,38,81,38,200,238,319
12/13/2013,VCT,TX,ASW,CE,Federal Contract Tower,0,10,6,26,42,0,0,10,16,26,0,10,16,42,68,20,162,182,250
12/14/2013,VCT,TX,ASW,CE,Federal Contract Tower,0,5,4,4,13,0,0,17,6,23,0,5,21,10,36,20,14,34,70
12/15/2013,VCT,TX,ASW,CE,Federal Contract Tower,0,4,3,7,14,0,0,37,11,48,0,4,40,18,62,46,52,98,160
12/16/2013,VCT,TX,ASW,CE,Federal Contract Tower,0,6,3,18,27,0,0,19,10,29,0,6,22,28,56,2,86,88,144
12/17/2013,VCT,TX,ASW,CE,Federal Contract Tower,0,11,13,26,50,0,0,39,19,58,0,11,52,45,108,50,184,234,342
12/18/2013,VCT,TX,ASW,CE,Federal Contract Tower,0,7,15,27,49,0,0,38,15,53,0,7,53,42,102,14,124,138,240
12/19/2013,VCT,TX,ASW,CE,Federal Contract Tower,0,10,20,5,35,0,1,10,0,11,0,11,30,5,46,0,12,12,58
12/20/2013,VCT,TX,ASW,CE,Federal Contract Tower,0,9,13,10,32,0,0,7,0,7,0,9,20,10,39,4,0,4,43
12/21/2013,VCT,TX,ASW,CE,Federal Contract Tower,0,6,4,0,10,0,0,5,0,5,0,6,9,0,15,0,0,0,15
12/22/2013,VCT,TX,ASW,CE,Federal Contract Tower,0,6,6,0,12,0,0,25,0,25,0,6,31,0,37,36,0,36,73
12/23/2013,VCT,TX,ASW,CE,Federal Contract Tower,0,8,8,0,16,0,0,22,2,24,0,8,30,2,40,4,2,6,46
12/24/2013,VCT,TX,ASW,CE,Federal Contract Tower,0,9,2,0,11,0,0,14,0,14,0,9,16,0,25,0,0,0,25
12/25/2013,VCT,TX,ASW,CE,Federal Contract Tower,0,7,1,0,8,0,0,6,0,6,0,7,7,0,14,0,0,0,14
12/26/2013,VCT,TX,ASW,CE,Federal Contract Tower,0,13,7,2,22,0,0,7,2,9,0,13,14,4,31,4,0,4,35
12/27/2013,VCT,TX,ASW,CE,Federal Contract Tower,0,8,4,0,12,0,0,9,0,9,0,8,13,0,21,0,0,0,21
12/28/2013,VCT,TX,ASW,CE,Federal Contract Tower,0,7,2,2,11,0,0,34,0,34,0,7,36,2,45,16,0,16,61
12/29/2013,VCT,TX,ASW,CE,Federal Contract Tower,0,4,3,0,7,0,0,18,0,18,0,4,21,0,25,2,0,2,27
12/30/2013,VCT,TX,ASW,CE,Federal Contract Tower,0,8,2,2,12,0,0,8,2,10,0,8,10,4,22,20,18,38,60
12/31/2013,VCT,TX,ASW,CE,Federal Contract Tower,0,8,3,5,16,0,0,13,3,16,0,8,16,8,32,0,10,10,42
01/01/2014,VCT,TX,ASW,CE,Federal Contract Tower,0,7,3,0,10,0,0,4,0,4,0,7,7,0,14,0,0,0,14
01/02/2014,VCT,TX,ASW,CE,Federal Contract Tower,0,4,9,6,19,0,0,10,6,16,0,4,19,12,35,0,86,86,121
01/03/2014,VCT,TX,ASW,CE,Federal Contract Tower,0,2,7,13,22,0,0,21,13,34,0,2,28,26,56,50,154,204,260
01/04/2014,VCT,TX,ASW,CE,Federal Contract Tower,0,4,5,3,12,0,0,19,2,21,0,4,24,5,33,2,4,6,39
01/05/2014,VCT,TX,ASW,CE,Federal Contract Tower,0,4,8,0,12,0,0,2,4,6,0,4,10,4,18,2,8,10,28
01/06/2014,VCT,TX,ASW,CE,Federal Contract Tower,0,8,8,7,23,0,0,23,23,46,0,8,31,30,69,4,56,60,129
01/07/2014,VCT,TX,ASW,CE,Federal Contract Tower,0,8,10,14,32,0,1,24,20,45,0,9,34,34,77,34,80,114,191
01/08/2014,VCT,TX,ASW,CE,Federal Contract Tower,0,13,16,8,37,0,0,3,0,3,0,13,19,8,40,2,6,8,48
01/09/2014,VCT,TX,ASW,CE,Federal Contract Tower,0,12,14,0,26,0,0,1,0,1,0,12,15,0,27,2,0,2,29
01/10/2014,VCT,TX,ASW,CE,Federal Contract Tower,0,12,17,47,76,0,0,7,6,13,0,12,24,53,89,14,54,68,157
01/11/2014,VCT,TX,ASW,CE,Federal Contract Tower,0,3,9,10,22,0,0,54,18,72,0,3,63,28,94,0,78,78,172
01/12/2014,VCT,TX,ASW,CE,Federal Contract Tower,0,5,9,12,26,0,0,16,7,23,0,5,25,19,49,0,36,36,85
01/13/2014,VCT,TX,ASW,CE,Federal Contract Tower,0,8,17,14,39,0,0,21,6,27,0,8,38,20,66,0,52,52,118
01/14/2014,VCT,TX,ASW,CE,Federal Contract Tower,0,10,15,6,31,0,3,44,14,61,0,13,59,20,92,8,140,148,240
01/15/2014,VCT,TX,ASW,CE,Federal Contract Tower,0,9,9,5,23,0,0,31,14,45,0,9,40,19,68,38,48,86,154
01/16/2014,VCT,TX,ASW,CE,Federal Contract Tower,0,8,8,25,41,0,0,48,23,71,0,8,56,48,112,32,220,252,364
01/17/2014,VCT,TX,ASW,CE,Federal Contract Tower,0,8,2,24,34,0,0,20,11,31,0,8,22,35,65,0,146,146,211
01/18/2014,VCT,TX,ASW,CE,Federal Contract Tower,0,4,8,6,18,0,0,25,2,27,0,4,33,8,45,8,6,14,59
01/19/2014,VCT,TX,ASW,CE,Federal Contract Tower,0,4,0,0,4,0,2,29,7,38,0,6,29,7,42,4,4,8,50
01/20/2014,VCT,TX,ASW,CE,Federal Contract Tower,0,9,6,1,16,0,0,21,5,26,0,9,27,6,42,14,0,14,56
01/21/2014,VCT,TX,ASW,CE,Federal Contract Tower,0,9,15,24,48,0,0,22,7,29,0,9,37,31,77,0,46,46,123
01/22/2014,VCT,TX,ASW,CE,Federal Contract Tower,0,9,9,29,47,0,1,39,12,52,0,10,48,41,99,26,154,180,279
01/23/2014,VCT,TX,ASW,CE,Federal Contract Tower,0,11,19,4,34,0,0,4,2,6,0,11,23,6,40,0,44,44,84
01/24/2014,VCT,TX,ASW,CE,Federal Contract Tower,0,9,3,0,12,0,0,7,0,7,0,9,10,0,19,4,0,4,23
01/25/2014,VCT,TX,ASW,CE,Federal Contract Tower,0,4,2,11,17,0,0,25,4,29,0,4,27,15,46,18,74,92,138
01/26/2014,VCT,TX,ASW,CE,Federal Contract Tower,0,4,4,20,28,0,0,38,6,44,0,4,42,26,72,14,22,36,108
01/27/2014,VCT,TX,ASW,CE,Federal Contract Tower,0,9,7,11,27,0,0,12,14,26,0,9,19,25,53,14,92,106,159
01/28/2014,VCT,TX,ASW,CE,Federal Contract Tower,0,1,5,0,6,0,0,5,0,5,0,1,10,0,11,0,0,0,11
01/29/2014,VCT,TX,ASW,CE,Federal Contract Tower,0,12,8,20,40,0,0,20,16,36,0,12,28,36,76,4,160,164,240
01/30/2014,VCT,TX,ASW,CE,Federal Contract Tower,0,9,15,32,56,0,0,20,3,23,0,9,35,35,79,20,218,238,317
01/31/2014,VCT,TX,ASW,CE,Federal Contract Tower,0,8,15,42,65,0,0,10,15,25,0,8,25,57,90,2,134,136,226
02/01/2014,VCT,TX,ASW,CE,Federal Contract Tower,0,4,10,4,18,0,0,4,2,6,0,4,14,6,24,2,14,16,40
02/02/2014,VCT,TX,ASW,CE,Federal Contract Tower,0,4,2,2,8,0,0,1,0,1,0,4,3,2,9,0,0,0,9
02/03/2014,VCT,TX,ASW,CE,Federal Contract Tower,0,8,7,19,34,0,0,0,0,0,0,8,7,19,34,0,10,10,44
02/04/2014,VCT,TX,ASW,CE,Federal Contract Tower,0,9,10,20,39,0,0,6,9,15,0,9,16,29,54,0,48,48,102
02/05/2014,VCT,TX,ASW,CE,Federal Contract Tower,0,9,5,18,32,0,0,32,13,45,0,9,37,31,77,2,82,84,161
02/06/2014,VCT,TX,ASW,CE,Federal Contract Tower,0,10,9,28,47,0,0,21,19,40,0,10,30,47,87,10,258,268,355
02/07/2014,VCT,TX,ASW,CE,Federal Contract Tower,0,7,11,0,18,0,0,1,0,1,0,7,12,0,19,0,0,0,19
02/08/2014,VCT,TX,ASW,CE,Federal Contract Tower,0,4,4,5,13,0,0,12,0,12,0,4,16,5,25,28,0,28,53
02/09/2014,VCT,TX,ASW,CE,Federal Contract Tower,0,4,2,17,23,0,0,15,1,16,0,4,17,18,39,2,14,16,55
02/10/2014,VCT,TX,ASW,CE,Federal Contract Tower,0,9,0,4,13,0,0,0,0,0,0,9,0,4,13,0,4,4,17
02/11/2014,VCT,TX,ASW,CE,Federal Contract Tower,0,8,6,0,14,0,0,0,0,0,0,8,6,0,14,0,0,0,14
02/12/2014,VCT,TX,ASW,CE,Federal Contract Tower,0,9,4,24,37,0,0,29,17,46,0,9,33,41,83,26,70,96,179
02/13/2014,VCT,TX,ASW,CE,Federal Contract Tower,0,9,13,32,54,0,0,32,13,45,0,9,45,45,99,12,258,270,369
02/14/2014,VCT,TX,ASW,CE,Federal Contract Tower,0,9,8,28,45,0,1,36,5,42,0,10,44,33,87,0,48,48,135
02/15/2014,VCT,TX,ASW,CE,Federal Contract Tower,0,3,3,2,8,0,0,45,7,52,0,3,48,9,60,0,54,54,114
02/16/2014,VCT,TX,ASW,CE,Federal Contract Tower,0,4,8,2,14,0,0,25,0,25,0,4,33,2,39,0,2,2,41
02/17/2014,VCT,TX,ASW,CE,Federal Contract Tower,0,8,5,11,24,0,0,22,1,23,0,8,27,12,47,10,10,20,67
02/18/2014,VCT,TX,ASW,CE,Federal Contract Tower,0,8,9,18,35,0,1,10,8,19,0,9,19,26,54,28,86,114,168
02/19/2014,VCT,TX,ASW,CE,Federal Contract Tower,0,12,16,21,49,0,0,16,7,23,0,12,32,28,72,0,126,126,198
02/20/2014,VCT,TX,ASW,CE,Federal Contract Tower,0,11,4,5,20,0,0,8,3,11,0,11,12,8,31,24,2,26,57
02/21/2014,VCT,TX,ASW,CE,Federal Contract Tower,0,9,13,21,43,0,0,25,30,55,0,9,38,51,98,50,198,248,346
02/22/2014,VCT,TX,ASW,CE,Federal Contract Tower,0,6,8,8,22,0,0,17,4,21,0,6,25,12,43,38,120,158,201
02/23/2014,VCT,TX,ASW,CE,Federal Contract Tower,0,6,3,0,9,0,0,11,0,11,0,6,14,0,20,0,0,0,20
02/24/2014,VCT,TX,ASW,CE,Federal Contract Tower,0,10,10,16,36,0,0,2,1,3,0,10,12,17,39,0,14,14,53
02/25/2014,VCT,TX,ASW,CE,Federal Contract Tower,0,8,6,18,32,0,0,0,0,0,0,8,6,18,32,0,10,10,42
02/26/2014,VCT,TX,ASW,CE,Federal Contract Tower,0,9,5,6,20,0,0,1,0,1,0,9,6,6,21,0,4,4,25
02/27/2014,VCT,TX,ASW,CE,Federal Contract Tower,0,11,10,28,49,0,0,72,23,95,0,11,82,51,144,26,258,284,428
02/28/2014,VCT,TX,ASW,CE,Federal Contract Tower,0,7,8,43,58,0,0,13,13,26,0,7,21,56,84,26,254,280,364
03/01/2014,VCT,TX,ASW,CE,Federal Contract Tower,0,8,2,8,18,0,0,3,0,3,0,8,5,8,21,0,8,8,29
03/02/2014,VCT,TX,ASW,CE,Federal Contract Tower,0,7,2,0,9,0,0,2,0,2,0,7,4,0,11,0,0,0,11
03/03/2014,VCT,TX,ASW,CE,Federal Contract Tower,0,10,7,11,28,0,0,12,2,14,0,10,19,13,42,2,6,8,50
03/04/2014,VCT,TX,ASW,CE,Federal Contract Tower,0,8,12,2,22,0,0,0,0,0,0,8,12,2,22,0,0,0,22
03/05/2014,VCT,TX,ASW,CE,Federal Contract Tower,0,9,19,18,46,0,0,3,0,3,0,9,22,18,49,8,14,22,71
03/06/2014,VCT,TX,ASW,CE,Federal Contract Tower,0,14,9,16,39,0,0,89,21,110,0,14,98,37,149,16,150,166,315
03/07/2014,VCT,TX,ASW,CE,Federal Contract Tower,0,8,8,24,40,0,0,96,18,114,0,8,104,42,154,22,120,142,296
03/08/2014,VCT,TX,ASW,CE,Federal Contract Tower,0,4,8,0,12,0,0,66,0,66,0,4,74,0,78,12,0,12,90
03/09/2014,VCT,TX,ASW,CE,Federal Contract Tower,0,4,1,0,5,0,0,0,0,0,0,4,1,0,5,0,0,0,5
03/10/2014,VCT,TX,ASW,CE,Federal Contract Tower,0,6,11,15,32,0,0,14,8,22,0,6,25,23,54,4,126,130,184
03/11/2014,VCT,TX,ASW,CE,Federal Contract Tower,0,8,9,12,29,0,0,24,7,31,0,8,33,19,60,4,52,56,116
03/12/2014,VCT,TX,ASW,CE,Federal Contract Tower,0,10,1,16,27,0,0,20,20,40,0,10,21,36,67,0,98,98,165
03/13/2014,VCT,TX,ASW,CE,Federal Contract Tower,0,8,13,28,49,0,0,36,29,65,0,8,49,57,114,22,348,370,484
03/14/2014,VCT,TX,ASW,CE,Federal Contract Tower,0,12,8,24,44,0,0,7,7,14,0,12,15,31,58,0,49,49,107
03/15/2014,VCT,TX,ASW,CE,Federal Contract Tower,0,3,8,5,16,0,0,2,0,2,0,3,10,5,18,0,4,4,22
03/16/2014,VCT,TX,ASW,CE,Federal Contract Tower,0,6,3,4,13,0,0,0,2,2,0,6,3,6,15,0,22,22,37
03/17/2014,VCT,TX,ASW,CE,Federal Contract Tower,0,6,10,13,29,0,0,21,19,40,0,6,31,32,69,18,52,70,139
03/18/2014,VCT,TX,ASW,CE,Federal Contract Tower,0,7,8,23,38,0,0,11,14,25,0,7,19,37,63,8,106,114,177
03/19/2014,VCT,TX,ASW,CE,Federal Contract Tower,0,14,12,24,50,0,0,25,19,44,0,14,37,43,94,34,94,128,222
03/20/2014,VCT,TX,ASW,CE,Federal Contract Tower,0,2,14,21,37,0,1,44,15,60,0,3,58,36,97,22,156,178,275
03/21/2014,VCT,TX,ASW,CE,Federal Contract Tower,0,1,9,14,24,0,0,6,6,12,0,1,15,20,36,4,22,26,62
03/22/2014,VCT,TX,ASW,CE,Federal Contract Tower,0,5,8,6,19,0,0,3,0,3,0,5,11,6,22,2,4,6,28
03/23/2014,VCT,TX,ASW,CE,Federal Contract Tower,0,4,12,0,16,0,0,0,0,0,0,4,12,0,16,6,0,6,22
03/24/2014,VCT,TX,ASW,CE,Federal Contract Tower,0,5,10,13,28,0,0,5,0,5,0,5,15,13,33,6,18,24,57
03/25/2014,VCT,TX,ASW,CE,Federal Contract Tower,0,5,13,29,47,0,3,33,16,52,0,8,46,45,99,8,156,164,263
03/26/2014,VCT,TX,ASW,CE,Federal Contract Tower,0,9,4,19,32,0,0,3,3,6,0,9,7,22,38,2,54,56,94
03/27/2014,VCT,TX,ASW,CE,Federal Contract Tower,0,12,10,8,30,0,0,4,0,4,0,12,14,8,34,0,6,6,40
03/28/2014,VCT,TX,ASW,CE,Federal Contract Tower,0,9,5,24,38,0,1,18,16,35,0,10,23,40,73,30,147,177,250
03/29/2014,VCT,TX,ASW,CE,Federal Contract Tower,0,3,3,3,9,0,0,15,12,27,0,3,18,15,36,0,72,72,108
03/30/2014,VCT,TX,ASW,CE,Federal Contract Tower,0,4,2,4,10,0,0,26,4,30,0,4,28,8,40,8,22,30,70
03/31/2014,VCT,TX,ASW,CE,Federal Contract Tower,0,5,12,23,40,0,0,19,17,36,0,5,31,40,76,6,126,132,208
04/01/2014,VCT,TX,ASW,CE,Federal Contract Tower,0,8,12,11,31,0,0,0,3,3,0,8,12,14,34,4,44,48,82
04/02/2014,VCT,TX,ASW,CE,Federal Contract Tower,0,9,4,28,41,0,0,4,5,9,0,9,8,33,50,2,34,36,86
04/03/2014,VCT,TX,ASW,CE,Federal Contract Tower,0,9,3,22,34,0,0,3,2,5,0,9,6,24,39,0,20,20,59
04/04/2014,VCT,TX,ASW,CE,Federal Contract Tower,0,11,7,15,33,0,0,13,23,36,0,11,20,38,69,2,142,144,213
04/05/2014,VCT,TX,ASW,CE,Federal Contract Tower,0,4,1,16,21,0,0,4,2,6,0,4,5,18,27,0,34,34,61
04/06/2014,VCT,TX,ASW,CE,Federal Contract Tower,0,4,2,0,6,0,0,0,0,0,0,4,2,0,6,0,0,0,6
04/07/2014,VCT,TX,ASW,CE,Federal Contract Tower,0,8,7,28,43,0,0,27,13,40,0,8,34,41,83,20,112,132,215
04/08/2014,VCT,TX,ASW,CE,Federal Contract Tower,0,8,14,26,48,0,0,22,20,42,0,8,36,46,90,20,168,188,278
04/09/2014,VCT,TX,ASW,CE,Federal Contract Tower,0,11,5,41,57,0,0,51,29,80,0,11,56,70,137,18,260,278,415
04/10/2014,VCT,TX,ASW,CE,Federal Contract Tower,0,11,8,33,52,0,0,26,17,43,0,11,34,50,95,4,234,238,333
04/11/2014,VCT,TX,ASW,CE,Federal Contract Tower,0,10,11,45,66,0,0,13,13,26,0,10,24,58,92,4,133,137,229
04/12/2014,VCT,TX,ASW,CE,Federal Contract Tower,0,4,5,6,15,0,0,5,0,5,0,4,10,6,20,0,6,6,26
04/13/2014,VCT,TX,ASW,CE,Federal Contract Tower,0,4,14,16,34,0,0,0,0,0,0,4,14,16,34,6,10,16,50
04/14/2014,VCT,TX,ASW,CE,Federal Contract Tower,0,8,3,0,11,0,0,0,4,4,0,8,3,4,15,0,0,0,15
04/15/2014,VCT,TX,ASW,CE,Federal Contract Tower,0,7,10,33,50,0,0,34,21,55,0,7,44,54,105,44,146,190,295
04/16/2014,VCT,TX,ASW,CE,Federal Contract Tower,0,9,15,39,63,0,0,22,15,37,0,9,37,54,100,24,138,162,262
04/17/2014,VCT,TX,ASW,CE,Federal Contract Tower,0,10,12,45,67,0,1,3,9,13,0,11,15,54,80,2,288,290,370
04/18/2014,VCT,TX,ASW,CE,Federal Contract Tower,0,8,17,10,35,0,0,22,13,35,0,8,39,23,70,14,118,132,202
04/19/2014,VCT,TX,ASW,CE,Federal Contract Tower,0,6,4,4,14,0,9,8,7,24,0,15,12,11,38,34,76,110,148
04/20/2014,VCT,TX,ASW,CE,Federal Contract Tower,0,8,5,0,13,0,2,11,3,16,0,10,16,3,29,4,22,26,55
04/21/2014,VCT,TX,ASW,CE,Federal Contract Tower,0,9,15,42,66,0,0,8,12,20,0,9,23,54,86,2,158,160,246
04/22/2014,VCT,TX,ASW,CE,Federal Contract Tower,0,17,9,28,54,0,0,11,31,42,0,17,20,59,96,2,212,214,310
04/23/2014,VCT,TX,ASW,CE,Federal Contract Tower,0,12,17,17,46,0,0,10,16,26,0,12,27,33,72,2,120,122,194
04/24/2014,VCT,TX,ASW,CE,Federal Contract Tower,0,9,19,35,63,0,0,3,18,21,0,9,22,53,84,2,244,246,330
04/25/2014,VCT,TX,ASW,CE,Federal Contract Tower,0,10,6,8,24,0,0,24,12,36,0,10,30,20,60,14,96,110,170
04/26/2014,VCT,TX,ASW,CE,Federal Contract Tower,0,4,8,32,44,0,0,11,4,15,0,4,19,36,59,16,54,70,129
04/27/2014,VCT,TX,ASW,CE,Federal Contract Tower,0,4,7,11,22,0,0,10,17,27,0,4,17,28,49,18,44,62,111
04/28/2014,VCT,TX,ASW,CE,Federal Contract Tower,0,7,11,38,56,0,0,15,22,37,0,7,26,60,93,6,228,234,327
04/29/2014,VCT,TX,ASW,CE,Federal Contract Tower,0,8,5,15,28,0,0,10,14,24,0,8,15,29,52,0,30,30,82
04/30/2014,VCT,TX,ASW,CE,Federal Contract Tower,0,11,14,20,45,0,0,23,21,44,0,11,37,41,89,12,172,184,273
05/01/2014,VCT,TX,ASW,CE,Federal Contract Tower,0,7,13,14,34,0,0,20,22,42,0,7,33,36,76,18,222,240,316
05/02/2014,VCT,TX,ASW,CE,Federal Contract Tower,0,7,8,9,24,0,0,32,2,34,0,7,40,11,58,14,58,72,130
05/03/2014,VCT,TX,ASW,CE,Federal Contract Tower,0,4,3,0,7,0,2,33,0,35,0,6,36,0,42,8,0,8,50
05/04/2014,VCT,TX,ASW,CE,Federal Contract Tower,0,4,6,1,11,0,0,18,4,22,0,4,24,5,33,8,4,12,45
05/05/2014,VCT,TX,ASW,CE,Federal Contract Tower,0,10,5,52,67,0,0,24,19,43,0,10,29,71,110,20,240,260,370
05/06/2014,VCT,TX,ASW,CE,Federal Contract Tower,0,9,15,33,57,0,0,24,16,40,0,9,39,49,97,6,234,240,337
05/07/2014,VCT,TX,ASW,CE,Federal Contract Tower,0,16,13,27,56,0,0,18,25,43,0,16,31,52,99,0,290,290,389
05/08/2014,VCT,TX,ASW,CE,Federal Contract Tower,0,8,6,16,30,0,0,2,0,2,0,8,8,16,32,0,12,12,44
05/09/2014,VCT,TX,ASW,CE,Federal Contract Tower,0,10,14,3,27,0,0,0,1,1,0,10,14,4,28,0,0,0,28
05/10/2014,VCT,TX,ASW,CE,Federal Contract Tower,0,4,1,0,5,0,0,20,0,20,0,4,21,0,25,0,0,0,25
05/11/2014,VCT,TX,ASW,CE,Federal Contract Tower,0,4,3,0,7,0,0,6,0,6,0,4,9,0,13,2,0,2,15
05/12/2014,VCT,TX,ASW,CE,Federal Contract Tower,0,7,16,7,30,0,0,9,10,19,0,7,25,17,49,2,88,90,139
05/13/2014,VCT,TX,ASW,CE,Federal Contract Tower,0,8,7,10,25,0,0,2,0,2,0,8,9,10,27,0,10,10,37
05/14/2014,VCT,TX,ASW,CE,Federal Contract Tower,0,9,4,27,40,0,2,6,19,27,0,11,10,46,67,2,230,232,299
05/15/2014,VCT,TX,ASW,CE,Federal Contract Tower,0,12,10,24,46,0,4,35,13,52,0,16,45,37,98,20,148,168,266
05/16/2014,VCT,TX,ASW,CE,Federal Contract Tower,0,8,14,51,73,0,1,25,17,43,0,9,39,68,116,23,197,220,336
05/17/2014,VCT,TX,ASW,CE,Federal Contract Tower,0,3,10,4,17,0,1,9,15,25,0,4,19,19,42,0,106,106,148
05/18/2014,VCT,TX,ASW,CE,Federal Contract Tower,0,4,4,10,18,0,1,11,8,20,0,5,15,18,38,0,60,60,98
05/19/2014,VCT,TX,ASW,CE,Federal Contract Tower,0,8,9,52,69,0,0,12,19,31,0,8,21,71,100,30,232,262,362
05/20/2014,VCT,TX,ASW,CE,Federal Contract Tower,0,9,8,46,63,0,0,19,27,46,0,9,27,73,109,2,274,276,385
05/21/2014,VCT,TX,ASW,CE,Federal Contract Tower,0,11,13,24,48,0,2,24,29,55,0,13,37,53,103,4,308,312,415
05/22/2014,VCT,TX,ASW,CE,Federal Contract Tower,0,13,11,4,28,0,0,23,3,26,0,13,34,7,54,20,0,20,74
05/23/2014,VCT,TX,ASW,CE,Federal Contract Tower,0,8,17,15,40,0,1,12,10,23,0,9,29,25,63,0,116,116,179
05/24/2014,VCT,TX,ASW,CE,Federal Contract Tower,0,4,7,1,12,0,0,9,9,18,0,4,16,10,30,8,68,76,106
05/25/2014,VCT,TX,ASW,CE,Federal Contract Tower,0,5,4,0,9,0,1,6,6,13,0,6,10,6,22,0,36,36,58
05/26/2014,VCT,TX,ASW,CE,Federal Contract Tower,0,3,4,0,7,0,0,3,0,3,0,3,7,0,10,0,0,0,10
05/27/2014,VCT,TX,ASW,CE,Federal Contract Tower,0,9,4,2,15,0,0,1,0,1,0,9,5,2,16,0,0,0,16
05/28/2014,VCT,TX,ASW,CE,Federal Contract Tower,0,12,12,15,39,0,0,15,20,35,0,12,27,35,74,22,154,176,250
05/29/2014,VCT,TX,ASW,CE,Federal Contract Tower,0,9,9,29,47,0,0,20,22,42,0,9,29,51,89,10,260,270,359
05/30/2014,VCT,TX,ASW,CE,Federal Contract Tower,0,9,6,26,41,0,1,28,13,42,0,10,34,39,83,40,60,100,183
05/31/2014,VCT,TX,ASW,CE,Federal Contract Tower,0,5,0,2,7,0,0,30,7,37,0,5,30,9,44,34,82,116,160
06/01/2014,VCT,TX,ASW,CE,Federal Contract Tower,0,6,6,4,16,0,0,18,7,25,0,6,24,11,41,12,24,36,77
06/02/2014,VCT,TX,ASW,CE,Federal Contract Tower,0,8,5,26,39,0,0,23,20,43,0,8,28,46,82,2,218,220,302
06/03/2014,VCT,TX,ASW,CE,Federal Contract Tower,0,8,6,39,53,0,0,12,30,42,0,8,18,69,95,22,226,248,343
06/04/2014,VCT,TX,ASW,CE,Federal Contract Tower,0,11,7,16,34,0,0,11,9,20,0,11,18,25,54,0,102,102,156
06/05/2014,VCT,TX,ASW,CE,Federal Contract Tower,0,15,11,19,45,0,0,18,1,19,0,15,29,20,64,12,18,30,94
06/06/2014,VCT,TX,ASW,CE,Federal Contract Tower,0,8,8,0,16,0,0,14,13,27,0,8,22,13,43,0,130,130,173
06/07/2014,VCT,TX,ASW,CE,Federal Contract Tower,0,7,5,10,22,0,1,23,4,28,0,8,28,14,50,14,26,40,90
06/08/2014,VCT,TX,ASW,CE,Federal Contract Tower,0,3,8,9,20,0,0,18,7,25,0,3,26,16,45,18,34,52,97
06/09/2014,VCT,TX,ASW,CE,Federal Contract Tower,0,6,6,14,26,0,0,7,7,14,0,6,13,21,40,0,56,56,96
06/10/2014,VCT,TX,ASW,CE,Federal Contract Tower,0,9,8,17,34,0,0,19,12,31,0,9,27,29,65,2,72,74,139
06/11/2014,VCT,TX,ASW,CE,Federal Contract Tower,0,6,6,32,44,0,0,12,11,23,0,6,18,43,67,0,96,96,163
06/12/2014,VCT,TX,ASW,CE,Federal Contract Tower,0,8,7,29,44,0,0,12,12,24,0,8,19,41,68,0,106,106,174
06/13/2014,VCT,TX,ASW,CE,Federal Contract Tower,0,8,6,34,48,0,0,14,10,24,0,8,20,44,72,0,102,102,174
06/14/2014,VCT,TX,ASW,CE,Federal Contract Tower,0,5,2,9,16,0,0,15,14,29,0,5,17,23,45,12,76,88,133
06/15/2014,VCT,TX,ASW,CE,Federal Contract Tower,0,4,3,9,16,0,0,20,2,22,0,4,23,11,38,6,12,18,56
06/16/2014,VCT,TX,ASW,CE,Federal Contract Tower,0,8,5,24,37,0,0,16,22,38,0,8,21,46,75,10,156,166,241
06/17/2014,VCT,TX,ASW,CE,Federal Contract Tower,0,3,11,19,33,0,0,26,25,51,0,3,37,44,84,8,170,178,262
06/18/2014,VCT,TX,ASW,CE,Federal Contract Tower,0,2,9,31,42,0,0,24,19,43,0,2,33,50,85,16,146,162,247
06/19/2014,VCT,TX,ASW,CE,Federal Contract Tower,0,8,8,30,46,0,0,20,11,31,0,8,28,41,77,2,148,150,227
06/20/2014,VCT,TX,ASW,CE,Federal Contract Tower,0,9,6,13,28,0,0,18,25,43,0,9,24,38,71,0,130,130,201
06/21/2014,VCT,TX,ASW,CE,Federal Contract Tower,0,6,3,10,19,0,0,22,10,32,0,6,25,20,51,2,12,14,65
06/22/2014,VCT,TX,ASW,CE,Federal Contract Tower,0,5,3,21,29,0,0,11,13,24,0,5,14,34,53,6,46,52,105
06/23/2014,VCT,TX,ASW,CE,Federal Contract Tower,0,8,0,21,29,0,0,8,12,20,0,8,8,33,49,18,112,130,179
06/24/2014,VCT,TX,ASW,CE,Federal Contract Tower,0,6,9,13,28,0,1,8,3,12,0,7,17,16,40,4,16,20,60
06/25/2014,VCT,TX,ASW,CE,Federal Contract Tower,0,11,2,0,13,0,0,2,2,4,0,11,4,2,17,0,0,0,17
06/26/2014,VCT,TX,ASW,CE,Federal Contract Tower,0,9,10,5,24,0,0,9,8,17,0,9,19,13,41,0,154,154,195
06/27/2014,VCT,TX,ASW,CE,Federal Contract Tower,0,9,8,11,28,0,0,7,6,13,0,9,15,17,41,0,40,40,81
06/28/2014,VCT,TX,ASW,CE,Federal Contract Tower,0,5,4,8,17,0,0,9,1,10,0,5,13,9,27,0,16,16,43
06/29/2014,VCT,TX,ASW,CE,Federal Contract Tower,0,7,2,4,13,0,0,14,6,20,0,7,16,10,33,4,58,62,95
06/30/2014,VCT,TX,ASW,CE,Federal Contract Tower,0,8,6,25,39,0,0,12,6,18,0,8,18,31,57,2,102,104,161
07/01/2014,VCT,TX,ASW,CE,Federal Contract Tower,0,9,5,28,42,0,0,10,14,24,0,9,15,42,66,0,146,146,212
07/02/2014,VCT,TX,ASW,CE,Federal Contract Tower,0,10,4,18,32,0,0,17,11,28,0,10,21,29,60,0,98,98,158
07/03/2014,VCT,TX,ASW,CE,Federal Contract Tower,0,9,2,16,27,0,0,36,3,39,0,9,38,19,66,12,110,122,188
07/04/2014,VCT,TX,ASW,CE,Federal Contract Tower,0,7,5,0,12,0,0,15,0,15,0,7,20,0,27,6,0,6,33
07/05/2014,VCT,TX,ASW,CE,Federal Contract Tower,0,4,0,0,4,0,0,6,0,6,0,4,6,0,10,0,0,0,10
07/06/2014,VCT,TX,ASW,CE,Federal Contract Tower,0,4,2,0,6,0,0,10,2,12,0,4,12,2,18,8,2,10,28
07/07/2014,VCT,TX,ASW,CE,Federal Contract Tower,0,9,6,5,20,0,1,17,10,28,0,10,23,15,48,2,36,38,86
07/08/2014,VCT,TX,ASW,CE,Federal Contract Tower,0,2,7,40,49,0,0,20,10,30,0,2,27,50,79,6,128,134,213
07/09/2014,VCT,TX,ASW,CE,Federal Contract Tower,0,2,10,28,40,0,0,16,9,25,0,2,26,37,65,26,120,146,211
07/10/2014,VCT,TX,ASW,CE,Federal Contract Tower,0,9,11,9,29,0,0,18,15,33,0,9,29,24,62,0,130,130,192
07/11/2014,VCT,TX,ASW,CE,Federal Contract Tower,0,12,9,52,73,0,1,17,15,33,0,13,26,67,106,4,104,108,214
07/12/2014,VCT,TX,ASW,CE,Federal Contract Tower,0,4,2,15,21,0,0,15,12,27,0,4,17,27,48,24,100,124,172
07/13/2014,VCT,TX,ASW,CE,Federal Contract Tower,0,6,5,8,19,0,0,17,10,27,0,6,22,18,46,0,82,82,128
07/14/2014,VCT,TX,ASW,CE,Federal Contract Tower,0,9,8,28,45,0,0,14,20,34,0,9,22,48,79,0,98,98,177
07/15/2014,VCT,TX,ASW,CE,Federal Contract Tower,0,9,16,23,48,0,0,17,13,30,0,9,33,36,78,12,88,100,178
07/16/2014,VCT,TX,ASW,CE,Federal Contract Tower,0,10,8,13,31,0,2,10,23,35,0,12,18,36,66,2,234,236,302
07/17/2014,VCT,TX,ASW,CE,Federal Contract Tower,0,12,6,18,36,0,0,7,4,11,0,12,13,22,47,22,72,94,141
07/18/2014,VCT,TX,ASW,CE,Federal Contract Tower,0,10,4,0,14,0,1,2,7,10,0,11,6,7,24,0,44,44,68
07/19/2014,VCT,TX,ASW,CE,Federal Contract Tower,0,4,10,2,16,0,0,15,8,23,0,4,25,10,39,16,56,72,111
07/20/2014,VCT,TX,ASW,CE,Federal Contract Tower,0,4,2,14,20,0,0,16,3,19,0,4,18,17,39,2,42,44,83
07/21/2014,VCT,TX,ASW,CE,Federal Contract Tower,0,10,6,10,26,0,0,14,11,25,0,10,20,21,51,26,62,88,139
07/22/2014,VCT,TX,ASW,CE,Federal Contract Tower,0,9,8,15,32,0,0,14,13,27,0,9,22,28,59,0,166,166,225
07/23/2014,VCT,TX,ASW,CE,Federal Contract Tower,0,10,8,10,28,0,0,17,13,30,0,10,25,23,58,22,90,112,170
07/24/2014,VCT,TX,ASW,CE,Federal Contract Tower,0,4,4,10,18,0,0,13,11,24,0,4,17,21,42,16,74,90,132
07/25/2014,VCT,TX,ASW,CE,Federal Contract Tower,0,6,11,29,46,0,1,33,26,60,0,7,44,55,106,8,166,174,280
07/26/2014,VCT,TX,ASW,CE,Federal Contract Tower,0,5,7,8,20,0,0,20,7,27,0,5,27,15,47,14,26,40,87
07/27/2014,VCT,TX,ASW,CE,Federal Contract Tower,0,3,2,13,18,0,0,28,4,32,0,3,30,17,50,4,16,20,70
07/28/2014,VCT,TX,ASW,CE,Federal Contract Tower,0,6,4,34,44,0,0,12,19,31,0,6,16,53,75,4,220,224,299
07/29/2014,VCT,TX,ASW,CE,Federal Contract Tower,0,9,16,25,50,0,0,18,17,35,0,9,34,42,85,14,136,150,235
07/30/2014,VCT,TX,ASW,CE,Federal Contract Tower,0,12,10,46,68,0,0,20,26,46,0,12,30,72,114,2,266,268,382
07/31/2014,VCT,TX,ASW,CE,Federal Contract Tower,0,8,12,36,56,0,0,36,18,54,0,8,48,54,110,0,228,228,338
08/01/2014,VCT,TX,ASW,CE,Federal Contract Tower,0,9,14,9,32,0,0,17,0,17,0,9,31,9,49,0,40,40,89
08/02/2014,VCT,TX,ASW,CE,Federal Contract Tower,0,4,4,6,14,0,1,14,7,22,0,5,18,13,36,20,48,68,104
08/03/2014,VCT,TX,ASW,CE,Federal Contract Tower,0,3,9,8,20,0,0,16,4,20,0,3,25,12,40,18,4,22,62
08/04/2014,VCT,TX,ASW,CE,Federal Contract Tower,0,8,11,43,62,0,0,18,16,34,0,8,29,59,96,44,122,166,262
08/05/2014,VCT,TX,ASW,CE,Federal Contract Tower,0,10,5,31,46,0,1,14,21,36,0,11,19,52,82,22,216,238,320
08/06/2014,VCT,TX,ASW,CE,Federal Contract Tower,0,12,4,29,45,0,0,15,21,36,0,12,19,50,81,14,184,198,279
08/07/2014,VCT,TX,ASW,CE,Federal Contract Tower,0,9,15,20,44,0,0,21,7,28,0,9,36,27,72,2,78,80,152
08/08/2014,VCT,TX,ASW,CE,Federal Contract Tower,0,9,8,10,27,0,0,14,10,24,0,9,22,20,51,0,148,148,199
08/09/2014,VCT,TX,ASW,CE,Federal Contract Tower,0,4,7,31,42,0,4,19,8,31,0,8,26,39,73,22,102,124,197
08/10/2014,VCT,TX,ASW,CE,Federal Contract Tower,0,4,3,23,30,0,0,9,7,16,0,4,12,30,46,2,50,52,98
08/11/2014,VCT,TX,ASW,CE,Federal Contract Tower,0,10,9,43,62,0,0,14,14,28,0,10,23,57,90,2,164,166,256
08/12/2014,VCT,TX,ASW,CE,Federal Contract Tower,0,11,8,27,46,0,0,9,8,17,0,11,17,35,63,0,86,86,149
08/13/2014,VCT,TX,ASW,CE,Federal Contract Tower,0,12,16,11,39,0,0,29,15,44,0,12,45,26,83,4,124,128,211
08/14/2014,VCT,TX,ASW,CE,Federal Contract Tower,0,10,6,42,58,0,0,21,34,55,0,10,27,76,113,28,302,330,443
08/15/2014,VCT,TX,ASW,CE,Federal Contract Tower,0,6,13,11,30,0,0,22,13,35,0,6,35,24,65,30,122,152,217
08/16/2014,VCT,TX,ASW,CE,Federal Contract Tower,0,1,2,7,10,0,0,22,11,33,0,1,24,18,43,16,96,112,155
08/17/2014,VCT,TX,ASW,CE,Federal Contract Tower,0,3,3,10,16,0,0,4,3,7,0,3,7,13,23,20,14,34,57
08/18/2014,VCT,TX,ASW,CE,Federal Contract Tower,0,15,7,43,65,0,0,19,14,33,0,15,26,57,98,2,156,158,256
08/19/2014,VCT,TX,ASW,CE,Federal Contract Tower,0,10,15,14,39,0,0,12,25,37,0,10,27,39,76,28,238,266,342
08/20/2014,VCT,TX,ASW,CE,Federal Contract Tower,0,11,10,29,50,0,0,26,14,40,0,11,36,43,90,0,206,206,296
08/21/2014,VCT,TX,ASW,CE,Federal Contract Tower,0,6,13,36,55,0,0,17,21,38,0,6,30,57,93,8,182,190,283
08/22/2014,VCT,TX,ASW,CE,Federal Contract Tower,0,7,5,37,49,0,2,14,22,38,0,9,19,59,87,2,176,178,265
08/23/2014,VCT,TX,ASW,CE,Federal Contract Tower,0,4,6,11,21,0,0,19,10,29,0,4,25,21,50,4,42,46,96
08/24/2014,VCT,TX,ASW,CE,Federal Contract Tower,0,4,2,21,27,0,0,13,3,16,0,4,15,24,43,0,54,54,97
08/25/2014,VCT,TX,ASW,CE,Federal Contract Tower,0,8,12,40,60,0,0,18,23,41,0,8,30,63,101,12,164,176,277
08/26/2014,VCT,TX,ASW,CE,Federal Contract Tower,0,12,9,10,31,0,1,17,13,31,0,13,26,23,62,4,80,84,146
08/27/2014,VCT,TX,ASW,CE,Federal Contract Tower,0,11,6,24,41,0,2,13,26,41,0,13,19,50,82,6,150,156,238
08/28/2014,VCT,TX,ASW,CE,Federal Contract Tower,0,6,7,6,19,0,0,7,34,41,0,6,14,40,60,0,214,214,274
08/29/2014,VCT,TX,ASW,CE,Federal Contract Tower,0,2,7,17,26,0,1,23,8,32,0,3,30,25,58,16,38,54,112
08/30/2014,VCT,TX,ASW,CE,Federal Contract Tower,0,1,0,5,6,0,0,2,3,5,0,1,2,8,11,6,18,24,35
08/31/2014,VCT,TX,ASW,CE,Federal Contract Tower,0,2,0,0,2,0,1,9,0,10,0,3,9,0,12,22,0,22,34
09/01/2014,VCT,TX,ASW,CE,Federal Contract Tower,0,13,0,3,16,0,0,11,1,12,0,13,11,4,28,0,2,2,30
09/02/2014,VCT,TX,ASW,CE,Federal Contract Tower,0,13,10,21,44,0,0,12,15,27,0,13,22,36,71,4,206,210,281
09/03/2014,VCT,TX,ASW,CE,Federal Contract Tower,0,10,6,33,49,0,0,12,29,41,0,10,18,62,90,14,148,162,252
09/04/2014,VCT,TX,ASW,CE,Federal Contract Tower,0,7,10,14,31,0,2,13,14,29,0,9,23,28,60,34,140,174,234
09/05/2014,VCT,TX,ASW,CE,Federal Contract Tower,0,3,4,39,46,0,0,16,20,36,0,3,20,59,82,6,232,238,320
09/06/2014,VCT,TX,ASW,CE,Federal Contract Tower,0,5,2,18,25,0,0,10,9,19,0,5,12,27,44,12,90,102,146
09/07/2014,VCT,TX,ASW,CE,Federal Contract Tower,0,4,13,0,17,0,0,5,0,5,0,4,18,0,22,14,0,14,36
09/08/2014,VCT,TX,ASW,CE,Federal Contract Tower,0,8,15,20,43,0,0,14,11,25,0,8,29,31,68,4,66,70,138
09/09/2014,VCT,TX,ASW,CE,Federal Contract Tower,0,8,10,63,81,0,0,9,22,31,0,8,19,85,112,14,114,128,240
09/10/2014,VCT,TX,ASW,CE,Federal Contract Tower,0,13,11,52,76,0,6,25,8,39,0,19,36,60,115,12,90,102,217
09/11/2014,VCT,TX,ASW,CE,Federal Contract Tower,0,6,7,36,49,0,2,19,29,50,0,8,26,65,99,8,196,204,303
09/12/2014,VCT,TX,ASW,CE,Federal Contract Tower,0,7,11,12,30,0,0,6,3,9,0,7,17,15,39,0,12,12,51
09/13/2014,VCT,TX,ASW,CE,Federal Contract Tower,0,6,1,4,11,0,0,1,0,1,0,6,2,4,12,2,0,2,14
09/14/2014,VCT,TX,ASW,CE,Federal Contract Tower,0,4,3,2,9,0,0,3,5,8,0,4,6,7,17,2,44,46,63
09/15/2014,VCT,TX,ASW,CE,Federal Contract Tower,0,7,5,41,53,0,1,9,15,25,0,8,14,56,78,2,126,128,206
09/16/2014,VCT,TX,ASW,CE,Federal Contract Tower,0,11,13,38,62,0,0,5,11,16,0,11,18,49,78,2,64,66,144
09/17/2014,VCT,TX,ASW,CE,Federal Contract Tower,0,10,6,34,50,0,0,7,10,17,0,10,13,44,67,0,104,104,171
09/18/2014,VCT,TX,ASW,CE,Federal Contract Tower,0,14,9,19,42,0,2,7,6,15,0,16,16,25,57,0,66,66,123
09/19/2014,VCT,TX,ASW,CE,Federal Contract Tower,0,3,7,6,16,0,0,3,10,13,0,3,10,16,29,0,54,54,83
09/20/2014,VCT,TX,ASW,CE,Federal Contract Tower,0,4,1,0,5,0,0,10,8,18,0,4,11,8,23,8,46,54,77
09/21/2014,VCT,TX,ASW,CE,Federal Contract Tower,0,4,0,11,15,0,0,17,10,27,0,4,17,21,42,0,88,88,130
09/22/2014,VCT,TX,ASW,CE,Federal Contract Tower,0,8,3,21,32,0,1,15,28,44,0,9,18,49,76,6,194,200,276
09/23/2014,VCT,TX,ASW,CE,Federal Contract Tower,0,9,19,37,65,0,0,20,16,36,0,9,39,53,101,2,138,140,241
09/24/2014,VCT,TX,ASW,CE,Federal Contract Tower,0,9,11,16,36,0,0,31,25,56,0,9,42,41,92,0,216,216,308
09/25/2014,VCT,TX,ASW,CE,Federal Contract Tower,0,12,15,18,45,0,0,11,11,22,0,12,26,29,67,0,80,80,147
09/26/2014,VCT,TX,ASW,CE,Federal Contract Tower,0,10,4,0,14,0,2,7,1,10,0,12,11,1,24,0,14,14,38
09/27/2014,VCT,TX,ASW,CE,Federal Contract Tower,0,5,2,2,9,0,0,1,2,3,0,5,3,4,12,14,0,14,26
09/28/2014,VCT,TX,ASW,CE,Federal Contract Tower,0,5,6,6,17,0,0,12,0,12,0,5,18,6,29,0,6,6,35
09/29/2014,VCT,TX,ASW,CE,Federal Contract Tower,0,10,15,39,64,0,0,25,19,44,0,10,40,58,108,34,187,221,329
09/30/2014,VCT,TX,ASW,CE,Federal Contract Tower,0,10,8,32,50,0,0,22,14,36,0,10,30,46,86,2,124,126,212
10/01/2014,VCT,TX,ASW,CE,Federal Contract Tower,0,12,16,33,61,0,0,29,25,54,0,12,45,58,115,4,168,172,287
10/02/2014,VCT,TX,ASW,CE,Federal Contract Tower,0,11,4,15,30,0,0,8,5,13,0,11,12,20,43,12,11,23,66
10/03/2014,VCT,TX,ASW,CE,Federal Contract Tower,0,13,4,24,41,0,0,19,11,30,0,13,23,35,71,34,78,112,183
10/04/2014,VCT,TX,ASW,CE,Federal Contract Tower,0,6,4,4,14,0,2,27,5,34,0,8,31,9,48,12,10,22,70
10/05/2014,VCT,TX,ASW,CE,Federal Contract Tower,0,5,8,19,32,0,0,11,12,23,0,5,19,31,55,2,46,48,103
10/06/2014,VCT,TX,ASW,CE,Federal Contract Tower,0,7,6,47,60,0,2,18,17,37,0,9,24,64,97,26,234,260,357
10/07/2014,VCT,TX,ASW,CE,Federal Contract Tower,0,8,5,44,57,0,2,9,19,30,0,10,14,63,87,10,152,162,249
10/08/2014,VCT,TX,ASW,CE,Federal Contract Tower,0,8,16,25,49,0,4,24,8,36,0,12,40,33,85,6,50,56,141
10/09/2014,VCT,TX,ASW,CE,Federal Contract Tower,0,10,11,20,41,0,0,33,21,54,0,10,44,41,95,32,112,144,239
10/10/2014,VCT,TX,ASW,CE,Federal Contract Tower,0,11,13,6,30,0,0,16,2,18,0,11,29,8,48,24,6,30,78
10/11/2014,VCT,TX,ASW,CE,Federal Contract Tower,0,5,4,0,9,0,0,4,0,4,0,5,8,0,13,0,0,0,13
10/12/2014,VCT,TX,ASW,CE,Federal Contract Tower,0,4,5,4,13,0,0,8,0,8,0,4,13,4,21,32,2,34,55
10/13/2014,VCT,TX,ASW,CE,Federal Contract Tower,0,7,4,0,11,0,0,8,0,8,0,7,12,0,19,6,0,6,25
10/14/2014,VCT,TX,ASW,CE,Federal Contract Tower,0,10,2,11,23,0,0,34,22,56,0,10,36,33,79,2,130,132,211
10/15/2014,VCT,TX,ASW,CE,Federal Contract Tower,0,10,10,12,32,0,0,20,24,44,0,10,30,36,76,30,114,144,220
10/16/2014,VCT,TX,ASW,CE,Federal Contract Tower,0,10,5,23,38,0,1,27,18,46,0,11,32,41,84,12,208,220,304
10/17/2014,VCT,TX,ASW,CE,Federal Contract Tower,0,10,10,19,39,0,1,34,18,53,0,11,44,37,92,44,156,200,292
10/18/2014,VCT,TX,ASW,CE,Federal Contract Tower,0,5,6,6,17,0,0,20,2,22,0,5,26,8,39,30,6,36,75
10/19/2014,VCT,TX,ASW,CE,Federal Contract Tower,0,5,8,5,18,0,1,12,2,15,0,6,20,7,33,30,18,48,81
10/20/2014,VCT,TX,ASW,CE,Federal Contract Tower,0,11,6,10,27,0,0,19,18,37,0,11,25,28,64,0,132,132,196
10/21/2014,VCT,TX,ASW,CE,Federal Contract Tower,0,12,7,17,36,0,0,18,16,34,0,12,25,33,70,0,154,154,224
10/22/2014,VCT,TX,ASW,CE,Federal Contract Tower,0,15,14,41,70,0,0,13,13,26,0,15,27,54,96,0,208,208,304
10/23/2014,VCT,TX,ASW,CE,Federal Contract Tower,0,11,16,19,46,0,0,20,5,25,0,11,36,24,71,24,64,88,159
10/24/2014,VCT,TX,ASW,CE,Federal Contract Tower,0,9,5,31,45,0,0,26,8,34,0,9,31,39,79,2,178,180,259
10/25/2014,VCT,TX,ASW,CE,Federal Contract Tower,0,6,7,6,19,0,0,24,15,39,0,6,31,21,58,8,50,58,116
10/26/2014,VCT,TX,ASW,CE,Federal Contract Tower,0,4,2,10,16,0,0,24,1,25,0,4,26,11,41,2,28,30,71
10/27/2014,VCT,TX,ASW,CE,Federal Contract Tower,0,11,3,36,50,0,0,12,32,44,0,11,15,68,94,10,366,376,470
10/28/2014,VCT,TX,ASW,CE,Federal Contract Tower,0,12,8,27,47,0,0,18,25,43,0,12,26,52,90,14,116,130,220
10/29/2014,VCT,TX,ASW,CE,Federal Contract Tower,0,10,5,32,47,0,0,11,14,25,0,10,16,46,72,2,110,112,184
10/30/2014,VCT,TX,ASW,CE,Federal Contract Tower,0,11,10,48,69,0,0,19,7,26,0,11,29,55,95,2,130,132,227
10/31/2014,VCT,TX,ASW,CE,Federal Contract Tower,0,6,13,12,31,0,0,13,12,25,0,6,26,24,56,0,76,76,132
11/01/2014,VCT,TX,ASW,CE,Federal Contract Tower,0,6,0,1,7,0,0,12,8,20,0,6,12,9,27,0,58,58,85
11/02/2014,VCT,TX,ASW,CE,Federal Contract Tower,0,6,12,5,23,0,0,21,3,24,0,6,33,8,47,4,2,6,53
11/03/2014,VCT,TX,ASW,CE,Federal Contract Tower,0,5,6,23,34,0,0,10,15,25,0,5,16,38,59,10,78,88,147
11/04/2014,VCT,TX,ASW,CE,Federal Contract Tower,0,3,6,55,64,0,0,5,26,31,0,3,11,81,95,0,194,194,289
11/05/2014,VCT,TX,ASW,CE,Federal Contract Tower,0,6,4,4,14,0,1,0,0,1,0,7,4,4,15,0,4,4,19
11/06/2014,VCT,TX,ASW,CE,Federal Contract Tower,0,6,5,0,11,0,0,0,0,0,0,6,5,0,11,2,0,2,13
11/07/2014,VCT,TX,ASW,CE,Federal Contract Tower,0,5,3,10,18,0,0,10,6,16,0,5,13,16,34,0,116,116,150
11/08/2014,VCT,TX,ASW,CE,Federal Contract Tower,0,4,2,0,6,0,0,18,3,21,0,4,20,3,27,8,0,8,35
11/09/2014,VCT,TX,ASW,CE,Federal Contract Tower,0,1,1,4,6,0,0,10,2,12,0,1,11,6,18,0,22,22,40
11/10/2014,VCT,TX,ASW,CE,Federal Contract Tower,0,4,11,32,47,0,0,4,20,24,0,4,15,52,71,2,208,210,281
11/11/2014,VCT,TX,ASW,CE,Federal Contract Tower,0,5,8,0,13,0,0,5,2,7,0,5,13,2,20,0,10,10,30
11/12/2014,VCT,TX,ASW,CE,Federal Contract Tower,0,5,5,16,26,0,0,10,7,17,0,5,15,23,43,0,39,39,82
11/13/2014,VCT,TX,ASW,CE,Federal Contract Tower,0,6,10,21,37,0,0,7,10,17,0,6,17,31,54,0,78,78,132
11/14/2014,VCT,TX,ASW,CE,Federal Contract Tower,0,7,5,5,17,0,0,20,12,32,0,7,25,17,49,2,82,84,133
11/15/2014,VCT,TX,ASW,CE,Federal Contract Tower,0,1,4,12,17,0,1,3,8,12,0,2,7,20,29,0,120,120,149
11/16/2014,VCT,TX,ASW,CE,Federal Contract Tower,0,1,4,0,5,0,0,0,0,0,0,1,4,0,5,0,0,0,5
11/17/2014,VCT,TX,ASW,CE,Federal Contract Tower,0,4,7,12,23,0,0,2,12,14,0,4,9,24,37,0,74,74,111
11/18/2014,VCT,TX,ASW,CE,Federal Contract Tower,0,2,5,12,19,0,0,9,32,41,0,2,14,44,60,4,188,192,252
11/19/2014,VCT,TX,ASW,CE,Federal Contract Tower,0,8,9,6,23,0,2,40,21,63,0,10,49,27,86,8,86,94,180
11/20/2014,VCT,TX,ASW,CE,Federal Contract Tower,0,3,25,26,54,0,0,6,8,14,0,3,31,34,68,12,78,90,158
11/21/2014,VCT,TX,ASW,CE,Federal Contract Tower,0,4,8,14,26,0,0,0,1,1,0,4,8,15,27,0,10,10,37
11/22/2014,VCT,TX,ASW,CE,Federal Contract Tower,0,1,0,0,1,0,0,5,0,5,0,1,5,0,6,0,0,0,6
11/23/2014,VCT,TX,ASW,CE,Federal Contract Tower,0,5,0,0,5,0,0,22,0,22,0,5,22,0,27,6,0,6,33
11/24/2014,VCT,TX,ASW,CE,Federal Contract Tower,0,4,2,10,16,0,2,16,18,36,0,6,18,28,52,0,160,160,212
11/25/2014,VCT,TX,ASW,CE,Federal Contract Tower,0,3,14,20,37,0,2,31,18,51,0,5,45,38,88,18,130,148,236
11/26/2014,VCT,TX,ASW,CE,Federal Contract Tower,0,7,12,12,31,0,0,13,6,19,0,7,25,18,50,0,70,70,120
11/27/2014,VCT,TX,ASW,CE,Federal Contract Tower,0,1,1,0,2,0,0,7,0,7,0,1,8,0,9,0,0,0,9
11/28/2014,VCT,TX,ASW,CE,Federal Contract Tower,0,7,3,0,10,0,0,12,0,12,0,7,15,0,22,0,0,0,22
11/29/2014,VCT,TX,ASW,CE,Federal Contract Tower,0,1,9,0,10,0,0,9,0,9,0,1,18,0,19,2,0,2,21
11/30/2014,VCT,TX,ASW,CE,Federal Contract Tower,0,1,4,0,5,0,0,7,0,7,0,1,11,0,12,6,0,6,18
12/01/2014,VCT,TX,ASW,CE,Federal Contract Tower,0,6,3,8,17,0,0,0,1,1,0,6,3,9,18,0,20,20,38
12/02/2014,VCT,TX,ASW,CE,Federal Contract Tower,0,6,12,50,68,0,1,4,4,9,0,7,16,54,77,0,94,94,171
12/03/2014,VCT,TX,ASW,CE,Federal Contract Tower,0,7,11,21,39,0,0,5,12,17,0,7,16,33,56,8,176,184,240
12/04/2014,VCT,TX,ASW,CE,Federal Contract Tower,0,4,18,18,40,0,0,1,3,4,0,4,19,21,44,0,44,44,88
12/05/2014,VCT,TX,ASW,CE,Federal Contract Tower,0,6,7,20,33,0,0,5,14,19,0,6,12,34,52,4,0,4,56
12/06/2014,VCT,TX,ASW,CE,Federal Contract Tower,0,1,5,4,10,0,0,1,1,2,0,1,6,5,12,0,20,20,32
12/07/2014,VCT,TX,ASW,CE,Federal Contract Tower,0,1,2,2,5,0,0,2,0,2,0,1,4,2,7,0,2,2,9
12/08/2014,VCT,TX,ASW,CE,Federal Contract Tower,0,4,7,42,53,0,0,15,39,54,0,4,22,81,107,0,336,336,443
12/09/2014,VCT,TX,ASW,CE,Federal Contract Tower,0,3,8,21,32,0,0,34,28,62,0,3,42,49,94,2,274,276,370
12/10/2014,VCT,TX,ASW,CE,Federal Contract Tower,0,7,9,24,40,0,0,21,23,44,0,7,30,47,84,6,166,172,256
12/11/2014,VCT,TX,ASW,CE,Federal Contract Tower,0,8,12,51,71,0,0,8,15,23,0,8,20,66,94,0,234,234,328
12/12/2014,VCT,TX,ASW,CE,Federal Contract Tower,0,5,7,24,36,0,0,12,25,37,0,5,19,49,73,0,204,204,277
12/13/2014,VCT,TX,ASW,CE,Federal Contract Tower,0,1,7,8,16,0,0,13,6,19,0,1,20,14,35,12,26,38,73
12/14/2014,VCT,TX,ASW,CE,Federal Contract Tower,0,3,3,16,22,0,0,2,4,6,0,3,5,20,28,0,40,40,68
12/15/2014,VCT,TX,ASW,CE,Federal Contract Tower,0,8,5,31,44,0,0,6,12,18,0,8,11,43,62,2,142,144,206
12/16/2014,VCT,TX,ASW,CE,Federal Contract Tower,0,4,6,19,29,0,0,19,26,45,0,4,25,45,74,0,238,238,312
12/17/2014,VCT,TX,ASW,CE,Federal Contract Tower,0,8,15,35,58,0,0,7,5,12,0,8,22,40,70,0,96,96,166
12/18/2014,VCT,TX,ASW,CE,Federal Contract Tower,0,5,11,2,18,0,0,0,0,0,0,5,11,2,18,0,2,2,20
12/19/2014,VCT,TX,ASW,CE,Federal Contract Tower,0,12,15,3,30,0,0,1,0,1,0,12,16,3,31,2,16,18,49
12/20/2014,VCT,TX,ASW,CE,Federal Contract Tower,0,5,2,2,9,0,0,3,0,3,0,5,5,2,12,12,2,14,26
12/21/2014,VCT,TX,ASW,CE,Federal Contract Tower,0,2,3,6,11,0,0,0,5,5,0,2,3,11,16,0,28,28,44
12/22/2014,VCT,TX,ASW,CE,Federal Contract Tower,0,4,13,24,41,0,4,19,7,30,0,8,32,31,71,0,70,70,141
12/23/2014,VCT,TX,ASW,CE,Federal Contract Tower,0,3,6,9,18,0,0,6,0,6,0,3,12,9,24,10,32,42,66
12/24/2014,VCT,TX,ASW,CE,Federal Contract Tower,0,6,2,0,8,0,1,5,0,6,0,7,7,0,14,0,0,0,14
12/25/2014,VCT,TX,ASW,CE,Federal Contract Tower,0,0,2,0,2,0,0,5,0,5,0,0,7,0,7,0,0,0,7
12/26/2014,VCT,TX,ASW,CE,Federal Contract Tower,0,5,6,0,11,0,0,8,0,8,0,5,14,0,19,2,0,2,21
12/27/2014,VCT,TX,ASW,CE,Federal Contract Tower,0,3,5,0,8,0,0,0,0,0,0,3,5,0,8,0,0,0,8
12/28/2014,VCT,TX,ASW,CE,Federal Contract Tower,0,1,5,0,6,0,0,2,0,2,0,1,7,0,8,0,0,0,8
12/29/2014,VCT,TX,ASW,CE,Federal Contract Tower,0,7,8,5,20,0,0,9,6,15,0,7,17,11,35,0,80,80,115
12/30/2014,VCT,TX,ASW,CE,Federal Contract Tower,0,7,3,6,16,0,0,2,0,2,0,7,5,6,18,0,4,4,22
12/31/2014,VCT,TX,ASW,CE,Federal Contract Tower,0,5,9,7,21,0,0,4,2,6,0,5,13,9,27,0,42,42,69
01/01/2015,VCT,TX,ASW,CE,Federal Contract Tower,0,1,0,0,1,0,0,0,0,0,0,1,0,0,1,0,0,0,1
01/02/2015,VCT,TX,ASW,CE,Federal Contract Tower,0,5,8,0,13,0,0,0,0,0,0,5,8,0,13,2,0,2,15
01/03/2015,VCT,TX,ASW,CE,Federal Contract Tower,0,4,7,0,11,0,0,12,0,12,0,4,19,0,23,0,0,0,23
01/04/2015,VCT,TX,ASW,CE,Federal Contract Tower,0,3,2,0,5,0,0,9,0,9,0,3,11,0,14,0,0,0,14
01/05/2015,VCT,TX,ASW,CE,Federal Contract Tower,0,3,3,2,8,0,0,10,9,19,0,3,13,11,27,0,76,76,103
01/06/2015,VCT,TX,ASW,CE,Federal Contract Tower,0,5,6,26,37,0,0,18,32,50,0,5,24,58,87,4,232,236,323
01/07/2015,VCT,TX,ASW,CE,Federal Contract Tower,0,5,5,19,29,0,0,14,18,32,0,5,19,37,61,24,148,172,233
01/08/2015,VCT,TX,ASW,CE,Federal Contract Tower,0,6,8,27,41,0,3,8,28,39,0,9,16,55,80,14,334,348,428
01/09/2015,VCT,TX,ASW,CE,Federal Contract Tower,0,7,10,10,27,0,0,0,0,0,0,7,10,10,27,0,8,8,35
01/10/2015,VCT,TX,ASW,CE,Federal Contract Tower,0,3,4,0,7,0,0,0,0,0,0,3,4,0,7,0,0,0,7
01/11/2015,VCT,TX,ASW,CE,Federal Contract Tower,0,2,6,0,8,0,0,0,0,0,0,2,6,0,8,0,0,0,8
01/12/2015,VCT,TX,ASW,CE,Federal Contract Tower,0,5,7,8,20,0,0,0,0,0,0,5,7,8,20,2,4,6,26
01/13/2015,VCT,TX,ASW,CE,Federal Contract Tower,0,4,7,8,19,0,0,4,0,4,0,4,11,8,23,0,2,2,25
01/14/2015,VCT,TX,ASW,CE,Federal Contract Tower,0,5,19,18,42,0,0,1,0,1,0,5,20,18,43,0,14,14,57
01/15/2015,VCT,TX,ASW,CE,Federal Contract Tower,0,5,8,51,64,0,0,14,24,38,0,5,22,75,102,0,173,173,275
01/16/2015,VCT,TX,ASW,CE,Federal Contract Tower,0,8,3,50,61,0,0,24,23,47,0,8,27,73,108,2,240,242,350
01/17/2015,VCT,TX,ASW,CE,Federal Contract Tower,0,2,2,18,22,0,0,31,8,39,0,2,33,26,61,2,30,32,93
01/18/2015,VCT,TX,ASW,CE,Federal Contract Tower,0,4,0,5,9,0,0,9,2,11,0,4,9,7,20,0,28,28,48
01/19/2015,VCT,TX,ASW,CE,Federal Contract Tower,0,8,4,4,16,0,1,37,0,38,0,9,41,4,54,0,4,4,58
01/20/2015,VCT,TX,ASW,CE,Federal Contract Tower,0,5,3,35,43,0,0,18,30,48,0,5,21,65,91,10,242,252,343
01/21/2015,VCT,TX,ASW,CE,Federal Contract Tower,0,5,13,14,32,0,0,1,2,3,0,5,14,16,35,0,28,28,63
01/22/2015,VCT,TX,ASW,CE,Federal Contract Tower,0,3,14,10,27,0,0,0,0,0,0,3,14,10,27,2,8,10,37
01/23/2015,VCT,TX,ASW,CE,Federal Contract Tower,0,5,6,32,43,0,0,8,1,9,0,5,14,33,52,0,45,45,97
01/24/2015,VCT,TX,ASW,CE,Federal Contract Tower,0,1,2,21,24,0,0,24,2,26,0,1,26,23,50,2,20,22,72
01/25/2015,VCT,TX,ASW,CE,Federal Contract Tower,0,2,0,4,6,0,0,19,2,21,0,2,19,6,27,6,4,10,37
01/26/2015,VCT,TX,ASW,CE,Federal Contract Tower,0,4,2,38,44,0,0,34,18,52,0,4,36,56,96,10,250,260,356
01/27/2015,VCT,TX,ASW,CE,Federal Contract Tower,0,2,6,25,33,0,0,25,34,59,0,2,31,59,92,16,236,252,344
01/28/2015,VCT,TX,ASW,CE,Federal Contract Tower,0,5,17,21,43,0,0,29,16,45,0,5,46,37,88,20,208,228,316
01/29/2015,VCT,TX,ASW,CE,Federal Contract Tower,0,6,12,12,30,0,0,39,12,51,0,6,51,24,81,10,104,114,195
01/30/2015,VCT,TX,ASW,CE,Federal Contract Tower,0,3,9,19,31,0,0,28,11,39,0,3,37,30,70,0,190,190,260
01/31/2015,VCT,TX,ASW,CE,Federal Contract Tower,0,1,2,6,9,0,0,0,4,4,0,1,2,10,13,0,0,0,13
02/01/2015,VCT,TX,ASW,CE,Federal Contract Tower,0,1,5,0,6,0,0,7,0,7,0,1,12,0,13,0,2,2,15
02/02/2015,VCT,TX,ASW,CE,Federal Contract Tower,0,4,8,25,37,0,0,15,26,41,0,4,23,51,78,0,300,300,378
02/03/2015,VCT,TX,ASW,CE,Federal Contract Tower,0,3,7,4,14,0,0,1,0,1,0,3,8,4,15,0,2,2,17
02/04/2015,VCT,TX,ASW,CE,Federal Contract Tower,0,5,5,12,22,0,0,0,0,0,0,5,5,12,22,0,10,10,32
02/05/2015,VCT,TX,ASW,CE,Federal Contract Tower,0,5,24,35,64,0,0,7,8,15,0,5,31,43,79,20,162,182,261
02/06/2015,VCT,TX,ASW,CE,Federal Contract Tower,0,4,10,37,51,0,0,18,15,33,0,4,28,52,84,0,192,192,276
02/07/2015,VCT,TX,ASW,CE,Federal Contract Tower,0,3,7,13,23,0,0,18,0,18,0,3,25,13,41,14,8,22,63
02/08/2015,VCT,TX,ASW,CE,Federal Contract Tower,0,3,3,9,15,0,0,12,0,12,0,3,15,9,27,2,6,8,35
02/09/2015,VCT,TX,ASW,CE,Federal Contract Tower,0,6,7,28,41,0,0,23,4,27,0,6,30,32,68,2,32,34,102
02/10/2015,VCT,TX,ASW,CE,Federal Contract Tower,0,3,11,29,43,0,0,19,44,63,0,3,30,73,106,4,284,288,394
02/11/2015,VCT,TX,ASW,CE,Federal Contract Tower,0,7,9,36,52,0,0,9,17,26,0,7,18,53,78,0,205,205,283
02/12/2015,VCT,TX,ASW,CE,Federal Contract Tower,0,4,11,25,40,0,0,9,12,21,0,4,20,37,61,0,132,132,193
02/13/2015,VCT,TX,ASW,CE,Federal Contract Tower,0,8,5,25,38,0,0,23,15,38,0,8,28,40,76,0,160,160,236
02/14/2015,VCT,TX,ASW,CE,Federal Contract Tower,0,1,3,6,10,0,2,7,0,9,0,3,10,6,19,16,6,22,41
02/15/2015,VCT,TX,ASW,CE,Federal Contract Tower,0,1,4,4,9,0,0,7,0,7,0,1,11,4,16,22,4,26,42
02/16/2015,VCT,TX,ASW,CE,Federal Contract Tower,0,4,2,0,6,0,0,3,0,3,0,4,5,0,9,0,0,0,9
02/17/2015,VCT,TX,ASW,CE,Federal Contract Tower,0,4,9,28,41,0,0,3,23,26,0,4,12,51,67,0,292,292,359
02/18/2015,VCT,TX,ASW,CE,Federal Contract Tower,0,7,6,35,48,0,0,30,17,47,0,7,36,52,95,0,184,184,279
02/19/2015,VCT,TX,ASW,CE,Federal Contract Tower,0,3,20,60,83,0,0,16,28,44,0,3,36,88,127,0,104,104,231
02/20/2015,VCT,TX,ASW,CE,Federal Contract Tower,0,5,14,28,47,0,0,3,6,9,0,5,17,34,56,4,78,82,138
02/21/2015,VCT,TX,ASW,CE,Federal Contract Tower,0,1,3,23,27,0,0,0,2,2,0,1,3,25,29,14,26,40,69
02/22/2015,VCT,TX,ASW,CE,Federal Contract Tower,0,3,4,2,9,0,0,1,0,1,0,3,5,2,10,0,0,0,10
02/23/2015,VCT,TX,ASW,CE,Federal Contract Tower,0,3,6,4,13,0,0,0,0,0,0,3,6,4,13,0,2,2,15
02/24/2015,VCT,TX,ASW,CE,Federal Contract Tower,0,6,2,10,18,0,0,0,0,0,0,6,2,10,18,0,2,2,20
02/25/2015,VCT,TX,ASW,CE,Federal Contract Tower,0,9,6,15,30,0,0,7,5,12,0,9,13,20,42,0,58,58,100
02/26/2015,VCT,TX,ASW,CE,Federal Contract Tower,0,2,16,21,39,0,0,34,23,57,0,2,50,44,96,0,162,162,258
02/27/2015,VCT,TX,ASW,CE,Federal Contract Tower,0,7,16,15,38,0,1,5,2,8,0,8,21,17,46,0,128,128,174
02/28/2015,VCT,TX,ASW,CE,Federal Contract Tower,0,1,8,0,9,0,0,0,0,0,0,1,8,0,9,0,0,0,9
03/01/2015,VCT,TX,ASW,CE,Federal Contract Tower,0,3,10,4,17,0,0,0,0,0,0,3,10,4,17,2,0,2,19
03/02/2015,VCT,TX,ASW,CE,Federal Contract Tower,0,4,10,2,16,0,0,1,0,1,0,4,11,2,17,0,2,2,19
03/03/2015,VCT,TX,ASW,CE,Federal Contract Tower,0,7,5,2,14,0,2,4,0,6,0,9,9,2,20,0,2,2,22
03/04/2015,VCT,TX,ASW,CE,Federal Contract Tower,0,6,4,15,25,0,2,1,6,9,0,8,5,21,34,0,120,120,154
03/05/2015,VCT,TX,ASW,CE,Federal Contract Tower,0,4,12,28,44,0,0,5,5,10,0,4,17,33,54,0,96,96,150
03/06/2015,VCT,TX,ASW,CE,Federal Contract Tower,0,5,0,31,36,0,1,32,14,47,0,6,32,45,83,4,206,210,293
03/07/2015,VCT,TX,ASW,CE,Federal Contract Tower,0,1,11,4,16,0,0,25,7,32,0,1,36,11,48,38,100,138,186
03/08/2015,VCT,TX,ASW,CE,Federal Contract Tower,0,3,3,6,12,0,0,0,0,0,0,3,3,6,12,0,4,4,16
03/09/2015,VCT,TX,ASW,CE,Federal Contract Tower,0,7,6,0,13,0,0,0,0,0,0,7,6,0,13,0,0,0,13
03/10/2015,VCT,TX,ASW,CE,Federal Contract Tower,0,5,8,25,38,0,0,2,23,25,0,5,10,48,63,2,170,172,235
03/11/2015,VCT,TX,ASW,CE,Federal Contract Tower,0,7,8,24,39,0,2,0,0,2,0,9,8,24,41,0,46,46,87
03/12/2015,VCT,TX,ASW,CE,Federal Contract Tower,0,3,8,26,37,0,0,12,10,22,0,3,20,36,59,0,96,96,155
03/13/2015,VCT,TX,ASW,CE,Federal Contract Tower,0,4,10,25,39,0,0,19,17,36,0,4,29,42,75,10,108,118,193
03/14/2015,VCT,TX,ASW,CE,Federal Contract Tower,0,1,5,0,6,0,0,35,2,37,0,1,40,2,43,22,0,22,65
03/15/2015,VCT,TX,ASW,CE,Federal Contract Tower,0,1,8,11,20,0,1,16,4,21,0,2,24,15,41,14,26,40,81
03/16/2015,VCT,TX,ASW,CE,Federal Contract Tower,0,4,3,29,36,0,0,7,3,10,0,4,10,32,46,2,112,114,160
03/17/2015,VCT,TX,ASW,CE,Federal Contract Tower,0,3,8,22,33,0,0,7,0,7,0,3,15,22,40,0,36,36,76
03/18/2015,VCT,TX,ASW,CE,Federal Contract Tower,0,5,15,50,70,0,2,4,20,26,0,7,19,70,96,12,244,256,352
03/19/2015,VCT,TX,ASW,CE,Federal Contract Tower,0,3,17,36,56,0,2,4,9,15,0,5,21,45,71,0,132,132,203
03/20/2015,VCT,TX,ASW,CE,Federal Contract Tower,0,9,5,20,34,0,0,5,0,5,0,9,10,20,39,0,22,22,61
03/21/2015,VCT,TX,ASW,CE,Federal Contract Tower,0,3,0,0,3,0,0,0,0,0,0,3,0,0,3,0,0,0,3
03/22/2015,VCT,TX,ASW,CE,Federal Contract Tower,0,1,6,3,10,0,0,10,8,18,0,1,16,11,28,2,60,62,90
03/23/2015,VCT,TX,ASW,CE,Federal Contract Tower,0,4,7,51,62,0,1,21,27,49,0,5,28,78,111,0,276,276,387
03/24/2015,VCT,TX,ASW,CE,Federal Contract Tower,0,3,15,25,43,0,4,12,13,29,0,7,27,38,72,12,66,78,150
03/25/2015,VCT,TX,ASW,CE,Federal Contract Tower,0,6,5,52,63,0,4,10,18,32,0,10,15,70,95,0,199,199,294
03/26/2015,VCT,TX,ASW,CE,Federal Contract Tower,0,3,6,13,22,0,0,7,2,9,0,3,13,15,31,4,52,56,87
03/27/2015,VCT,TX,ASW,CE,Federal Contract Tower,0,8,11,32,51,0,0,35,21,56,0,8,46,53,107,4,214,218,325
03/28/2015,VCT,TX,ASW,CE,Federal Contract Tower,0,1,2,4,7,0,3,18,6,27,0,4,20,10,34,28,20,48,82
03/29/2015,VCT,TX,ASW,CE,Federal Contract Tower,0,1,2,0,3,0,1,8,1,10,0,2,10,1,13,0,2,2,15
03/30/2015,VCT,TX,ASW,CE,Federal Contract Tower,0,4,6,51,61,0,2,16,15,33,0,6,22,66,94,16,200,216,310
03/31/2015,VCT,TX,ASW,CE,Federal Contract Tower,0,3,12,58,73,0,2,6,11,19,0,5,18,69,92,6,100,106,198
04/01/2015,VCT,TX,ASW,CE,Federal Contract Tower,0,5,9,23,37,0,4,7,1,12,0,9,16,24,49,8,18,26,75
04/02/2015,VCT,TX,ASW,CE,Federal Contract Tower,0,3,16,25,44,0,0,9,3,12,0,3,25,28,56,2,42,44,100
04/03/2015,VCT,TX,ASW,CE,Federal Contract Tower,0,5,5,25,35,0,1,5,3,9,0,6,10,28,44,0,48,48,92
04/04/2015,VCT,TX,ASW,CE,Federal Contract Tower,0,7,2,0,9,0,0,5,0,5,0,7,7,0,14,2,0,2,16
04/05/2015,VCT,TX,ASW,CE,Federal Contract Tower,0,8,1,2,11,0,0,3,0,3,0,8,4,2,14,0,0,0,14
04/06/2015,VCT,TX,ASW,CE,Federal Contract Tower,0,4,5,50,59,0,2,6,16,24,0,6,11,66,83,6,158,164,247
04/07/2015,VCT,TX,ASW,CE,Federal Contract Tower,0,6,6,18,30,0,4,7,16,27,0,10,13,34,57,0,110,110,167
04/08/2015,VCT,TX,ASW,CE,Federal Contract Tower,0,8,3,104,115,0,2,5,11,18,0,10,8,115,133,0,340,340,473
04/09/2015,VCT,TX,ASW,CE,Federal Contract Tower,0,3,18,83,104,0,0,6,13,19,0,3,24,96,123,0,196,196,319
04/10/2015,VCT,TX,ASW,CE,Federal Contract Tower,0,5,11,3,19,0,0,2,0,2,0,5,13,3,21,0,0,0,21
04/11/2015,VCT,TX,ASW,CE,Federal Contract Tower,0,2,2,2,6,0,1,0,0,1,0,3,2,2,7,0,2,2,9
04/12/2015,VCT,TX,ASW,CE,Federal Contract Tower,0,1,3,6,10,0,0,1,0,1,0,1,4,6,11,8,4,12,23
04/13/2015,VCT,TX,ASW,CE,Federal Contract Tower,0,4,10,33,47,0,2,18,4,24,0,6,28,37,71,0,44,44,115
04/14/2015,VCT,TX,ASW,CE,Federal Contract Tower,0,7,4,21,32,0,0,11,11,22,0,7,15,32,54,16,54,70,124
04/15/2015,VCT,TX,ASW,CE,Federal Contract Tower,0,3,12,27,42,0,0,22,8,30,0,3,34,35,72,46,61,107,179
04/16/2015,VCT,TX,ASW,CE,Federal Contract Tower,0,3,1,14,18,0,0,2,0,2,0,3,3,14,20,0,12,12,32
04/17/2015,VCT,TX,ASW,CE,Federal Contract Tower,0,4,5,8,17,0,0,2,0,2,0,4,7,8,19,0,8,8,27
04/18/2015,VCT,TX,ASW,CE,Federal Contract Tower,0,3,3,5,11,0,0,5,0,5,0,3,8,5,16,0,2,2,18
04/19/2015,VCT,TX,ASW,CE,Federal Contract Tower,0,5,5,10,20,0,0,6,14,20,0,5,11,24,40,2,48,50,90
04/20/2015,VCT,TX,ASW,CE,Federal Contract Tower,0,7,6,63,76,0,0,21,23,44,0,7,27,86,120,0,268,268,388
04/21/2015,VCT,TX,ASW,CE,Federal Contract Tower,0,4,10,67,81,0,0,32,41,73,0,4,42,108,154,16,448,464,618
04/22/2015,VCT,TX,ASW,CE,Federal Contract Tower,0,2,8,11,21,0,0,2,3,5,0,2,10,14,26,0,44,44,70
04/23/2015,VCT,TX,ASW,CE,Federal Contract Tower,0,6,15,78,99,0,0,6,3,9,0,6,21,81,108,2,86,88,196
04/24/2015,VCT,TX,ASW,CE,Federal Contract Tower,0,7,5,15,27,0,0,3,4,7,0,7,8,19,34,0,50,50,84
04/25/2015,VCT,TX,ASW,CE,Federal Contract Tower,0,3,4,6,13,0,0,13,3,16,0,3,17,9,29,8,14,22,51
04/26/2015,VCT,TX,ASW,CE,Federal Contract Tower,0,4,7,0,11,0,0,5,0,5,0,4,12,0,16,4,0,4,20
04/27/2015,VCT,TX,ASW,CE,Federal Contract Tower,0,7,4,61,72,0,1,4,16,21,0,8,8,77,93,0,291,291,384
04/28/2015,VCT,TX,ASW,CE,Federal Contract Tower,0,6,8,37,51,0,2,13,16,31,0,8,21,53,82,18,194,212,294
04/29/2015,VCT,TX,ASW,CE,Federal Contract Tower,0,6,41,49,96,0,0,50,15,65,0,6,91,64,161,14,122,136,297
04/30/2015,VCT,TX,ASW,CE,Federal Contract Tower,0,7,15,24,46,0,2,31,18,51,0,9,46,42,97,14,112,126,223
05/01/2015,VCT,TX,ASW,CE,Federal Contract Tower,0,5,9,22,36,0,1,13,9,23,0,6,22,31,59,0,78,78,137
05/02/2015,VCT,TX,ASW,CE,Federal Contract Tower,0,1,1,13,15,0,0,19,4,23,0,1,20,17,38,0,50,50,88
05/03/2015,VCT,TX,ASW,CE,Federal Contract Tower,0,8,3,18,29,0,2,23,1,26,0,10,26,19,55,18,16,34,89
05/04/2015,VCT,TX,ASW,CE,Federal Contract Tower,0,2,4,52,58,0,0,22,28,50,0,2,26,80,108,10,212,222,330
05/05/2015,VCT,TX,ASW,CE,Federal Contract Tower,0,3,6,65,74,0,0,9,34,43,0,3,15,99,117,6,112,118,235
05/06/2015,VCT,TX,ASW,CE,Federal Contract Tower,0,5,11,36,52,0,0,5,19,24,0,5,16,55,76,8,238,246,322
05/07/2015,VCT,TX,ASW,CE,Federal Contract Tower,0,4,5,39,48,0,0,3,10,13,0,4,8,49,61,10,158,168,229
05/08/2015,VCT,TX,ASW,CE,Federal Contract Tower,0,6,2,8,16,0,4,11,2,17,0,10,13,10,33,6,26,32,65
05/09/2015,VCT,TX,ASW,CE,Federal Contract Tower,0,3,10,15,28,0,2,6,0,8,0,5,16,15,36,0,4,4,40
05/10/2015,VCT,TX,ASW,CE,Federal Contract Tower,0,2,7,17,26,0,1,1,4,6,0,3,8,21,32,2,24,26,58
05/11/2015,VCT,TX,ASW,CE,Federal Contract Tower,0,4,6,15,25,0,2,4,11,17,0,6,10,26,42,0,124,124,166
05/12/2015,VCT,TX,ASW,CE,Federal Contract Tower,0,8,2,3,13,0,0,5,5,10,0,8,7,8,23,0,18,18,41
05/13/2015,VCT,TX,ASW,CE,Federal Contract Tower,0,5,5,0,10,0,5,1,0,6,0,10,6,0,16,0,0,0,16
05/14/2015,VCT,TX,ASW,CE,Federal Contract Tower,0,4,14,5,23,0,0,3,2,5,0,4,17,7,28,0,22,22,50
05/15/2015,VCT,TX,ASW,CE,Federal Contract Tower,0,5,4,0,9,0,1,0,0,1,0,6,4,0,10,0,0,0,10
05/16/2015,VCT,TX,ASW,CE,Federal Contract Tower,0,1,6,0,7,0,0,12,2,14,0,1,18,2,21,6,0,6,27
05/17/2015,VCT,TX,ASW,CE,Federal Contract Tower,0,2,2,0,4,0,0,10,0,10,0,2,12,0,14,8,0,8,22
05/18/2015,VCT,TX,ASW,CE,Federal Contract Tower,0,5,23,43,71,0,3,8,12,23,0,8,31,55,94,4,194,198,292
05/19/2015,VCT,TX,ASW,CE,Federal Contract Tower,0,4,12,76,92,0,0,15,12,27,0,4,27,88,119,0,179,179,298
05/20/2015,VCT,TX,ASW,CE,Federal Contract Tower,0,5,6,38,49,0,0,13,7,20,0,5,19,45,69,4,152,156,225
05/21/2015,VCT,TX,ASW,CE,Federal Contract Tower,0,3,12,15,30,0,0,3,3,6,0,3,15,18,36,0,46,46,82
05/22/2015,VCT,TX,ASW,CE,Federal Contract Tower,0,8,7,5,20,0,0,3,0,3,0,8,10,5,23,4,2,6,29
05/23/2015,VCT,TX,ASW,CE,Federal Contract Tower,0,1,6,0,7,0,4,12,0,16,0,5,18,0,23,8,0,8,31
05/24/2015,VCT,TX,ASW,CE,Federal Contract Tower,0,3,4,20,27,0,4,5,2,11,0,7,9,22,38,0,20,20,58
05/25/2015,VCT,TX,ASW,CE,Federal Contract Tower,0,6,8,9,23,0,0,7,2,9,0,6,15,11,32,6,6,12,44
05/26/2015,VCT,TX,ASW,CE,Federal Contract Tower,0,5,12,40,57,0,0,7,9,16,0,5,19,49,73,6,76,82,155
05/27/2015,VCT,TX,ASW,CE,Federal Contract Tower,0,7,10,22,39,0,11,18,12,41,0,18,28,34,80,18,38,56,136
05/28/2015,VCT,TX,ASW,CE,Federal Contract Tower,0,3,7,46,56,0,0,18,34,52,0,3,25,80,108,20,256,276,384
05/29/2015,VCT,TX,ASW,CE,Federal Contract Tower,0,11,2,29,42,0,2,21,15,38,0,13,23,44,80,20,122,142,222
05/30/2015,VCT,TX,ASW,CE,Federal Contract Tower,0,1,1,19,21,0,0,15,5,20,0,1,16,24,41,0,82,82,123
05/31/2015,VCT,TX,ASW,CE,Federal Contract Tower,0,1,1,13,15,0,3,12,2,17,0,4,13,15,32,0,20,20,52
06/01/2015,VCT,TX,ASW,CE,Federal Contract Tower,0,4,5,19,28,0,2,21,11,34,0,6,26,30,62,2,198,200,262
06/02/2015,VCT,TX,ASW,CE,Federal Contract Tower,0,3,4,41,48,0,6,14,19,39,0,9,18,60,87,0,178,178,265
06/03/2015,VCT,TX,ASW,CE,Federal Contract Tower,0,4,5,34,43,0,6,14,33,53,0,10,19,67,96,2,216,218,314
06/04/2015,VCT,TX,ASW,CE,Federal Contract Tower,0,4,11,52,67,0,2,27,29,58,0,6,38,81,125,18,326,344,469
06/05/2015,VCT,TX,ASW,CE,Federal Contract Tower,0,5,6,28,39,0,2,17,39,58,0,7,23,67,97,24,200,224,321
06/06/2015,VCT,TX,ASW,CE,Federal Contract Tower,0,3,1,9,13,0,0,31,5,36,0,3,32,14,49,14,36,50,99
06/07/2015,VCT,TX,ASW,CE,Federal Contract Tower,0,1,5,11,17,0,0,11,18,29,0,1,16,29,46,4,124,128,174
06/08/2015,VCT,TX,ASW,CE,Federal Contract Tower,0,5,7,42,54,0,0,14,19,33,0,5,21,61,87,6,186,192,279
06/09/2015,VCT,TX,ASW,CE,Federal Contract Tower,0,3,4,35,42,0,1,27,23,51,0,4,31,58,93,12,178,190,283
06/10/2015,VCT,TX,ASW,CE,Federal Contract Tower,0,5,4,29,38,0,0,21,21,42,0,5,25,50,80,8,118,126,206
06/11/2015,VCT,TX,ASW,CE,Federal Contract Tower,0,5,5,32,42,0,0,16,15,31,0,5,21,47,73,22,204,226,299
06/12/2015,VCT,TX,ASW,CE,Federal Contract Tower,0,5,6,30,41,0,2,26,13,41,0,7,32,43,82,10,70,80,162
06/13/2015,VCT,TX,ASW,CE,Federal Contract Tower,0,1,3,8,12,0,0,12,13,25,0,1,15,21,37,4,70,74,111
06/14/2015,VCT,TX,ASW,CE,Federal Contract Tower,0,2,6,10,18,0,0,1,6,7,0,2,7,16,25,0,28,28,53
06/15/2015,VCT,TX,ASW,CE,Federal Contract Tower,0,14,2,3,19,0,0,9,1,10,0,14,11,4,29,6,2,8,37
06/16/2015,VCT,TX,ASW,CE,Federal Contract Tower,0,3,0,1,4,0,0,0,0,0,0,3,0,1,4,0,0,0,4
06/17/2015,VCT,TX,ASW,CE,Federal Contract Tower,0,3,5,0,8,0,0,1,0,1,0,3,6,0,9,0,0,0,9
06/18/2015,VCT,TX,ASW,CE,Federal Contract Tower,0,3,6,9,18,0,0,7,8,15,0,3,13,17,33,18,34,52,85
06/19/2015,VCT,TX,ASW,CE,Federal Contract Tower,0,6,8,46,60,0,2,9,9,20,0,8,17,55,80,0,146,146,226
06/20/2015,VCT,TX,ASW,CE,Federal Contract Tower,0,1,0,6,7,0,0,5,22,27,0,1,5,28,34,6,106,112,146
06/21/2015,VCT,TX,ASW,CE,Federal Contract Tower,0,1,4,28,33,0,3,5,3,11,0,4,9,31,44,0,52,52,96
06/22/2015,VCT,TX,ASW,CE,Federal Contract Tower,0,11,12,85,108,0,0,6,18,24,0,11,18,103,132,10,368,378,510
06/23/2015,VCT,TX,ASW,CE,Federal Contract Tower,0,6,5,47,58,0,2,23,34,59,0,8,28,81,117,54,248,302,419
06/24/2015,VCT,TX,ASW,CE,Federal Contract Tower,0,7,9,23,39,0,1,10,11,22,0,8,19,34,61,0,110,110,171
06/25/2015,VCT,TX,ASW,CE,Federal Contract Tower,0,3,11,31,45,0,1,33,10,44,0,4,44,41,89,2,48,50,139
06/26/2015,VCT,TX,ASW,CE,Federal Contract Tower,0,7,7,30,44,0,0,21,21,42,0,7,28,51,86,4,206,210,296
06/27/2015,VCT,TX,ASW,CE,Federal Contract Tower,0,1,2,12,15,0,0,20,5,25,0,1,22,17,40,6,16,22,62
06/28/2015,VCT,TX,ASW,CE,Federal Contract Tower,0,1,2,4,7,0,0,10,2,12,0,1,12,6,19,0,4,4,23
06/29/2015,VCT,TX,ASW,CE,Federal Contract Tower,0,6,11,4,21,0,0,9,14,23,0,6,20,18,44,0,70,70,114
06/30/2015,VCT,TX,ASW,CE,Federal Contract Tower,0,3,3,38,44,0,0,7,22,29,0,3,10,60,73,0,222,222,295
07/01/2015,VCT,TX,ASW,CE,Federal Contract Tower,0,5,8,4,17,0,0,6,3,9,0,5,14,7,26,8,0,8,34
07/02/2015,VCT,TX,ASW,CE,Federal Contract Tower,0,3,4,0,7,0,0,16,0,16,0,3,20,0,23,2,0,2,25
07/03/2015,VCT,TX,ASW,CE,Federal Contract Tower,0,5,4,0,9,0,0,8,2,10,0,5,12,2,19,0,0,0,19
07/04/2015,VCT,TX,ASW,CE,Federal Contract Tower,0,2,4,0,6,0,0,3,0,3,0,2,7,0,9,4,0,4,13
07/05/2015,VCT,TX,ASW,CE,Federal Contract Tower,0,1,2,0,3,0,0,7,0,7,0,1,9,0,10,4,0,4,14
07/06/2015,VCT,TX,ASW,CE,Federal Contract Tower,0,3,17,46,66,0,0,13,20,33,0,3,30,66,99,10,160,170,269
07/07/2015,VCT,TX,ASW,CE,Federal Contract Tower,0,4,7,43,54,0,0,15,20,35,0,4,22,63,89,0,208,208,297
07/08/2015,VCT,TX,ASW,CE,Federal Contract Tower,0,5,13,39,57,0,2,10,15,27,0,7,23,54,84,2,158,160,244
07/09/2015,VCT,TX,ASW,CE,Federal Contract Tower,0,3,16,53,72,0,0,14,20,34,0,3,30,73,106,6,168,174,280
07/10/2015,VCT,TX,ASW,CE,Federal Contract Tower,0,6,7,37,50,0,1,7,19,27,0,7,14,56,77,0,118,118,195
07/11/2015,VCT,TX,ASW,CE,Federal Contract Tower,0,1,1,12,14,0,0,12,4,16,0,1,13,16,30,6,30,36,66
07/12/2015,VCT,TX,ASW,CE,Federal Contract Tower,0,2,2,14,18,0,0,18,9,27,0,2,20,23,45,6,108,114,159
07/13/2015,VCT,TX,ASW,CE,Federal Contract Tower,0,6,5,20,31,0,0,16,0,16,0,6,21,20,47,4,38,42,89
07/14/2015,VCT,TX,ASW,CE,Federal Contract Tower,0,3,11,40,54,0,0,19,14,33,0,3,30,54,87,10,132,142,229
07/15/2015,VCT,TX,ASW,CE,Federal Contract Tower,0,5,17,16,38,0,0,21,26,47,0,5,38,42,85,8,228,236,321
07/16/2015,VCT,TX,ASW,CE,Federal Contract Tower,0,4,7,22,33,0,0,25,4,29,0,4,32,26,62,4,68,72,134
07/17/2015,VCT,TX,ASW,CE,Federal Contract Tower,0,10,4,21,35,0,2,9,19,30,0,12,13,40,65,0,112,112,177
07/18/2015,VCT,TX,ASW,CE,Federal Contract Tower,0,1,1,4,6,0,0,19,8,27,0,1,20,12,33,6,112,118,151
07/19/2015,VCT,TX,ASW,CE,Federal Contract Tower,0,1,5,8,14,0,0,13,7,20,0,1,18,15,34,0,60,60,94
07/20/2015,VCT,TX,ASW,CE,Federal Contract Tower,0,5,3,52,60,0,0,8,28,36,0,5,11,80,96,6,308,314,410
07/21/2015,VCT,TX,ASW,CE,Federal Contract Tower,0,3,1,42,46,0,0,23,11,34,0,3,24,53,80,6,112,118,198
07/22/2015,VCT,TX,ASW,CE,Federal Contract Tower,0,5,3,50,58,0,0,17,21,38,0,5,20,71,96,0,178,178,274
07/23/2015,VCT,TX,ASW,CE,Federal Contract Tower,0,3,7,43,53,0,2,13,19,34,0,5,20,62,87,0,158,158,245
07/24/2015,VCT,TX,ASW,CE,Federal Contract Tower,0,5,3,42,50,0,4,15,9,28,0,9,18,51,78,0,58,58,136
07/25/2015,VCT,TX,ASW,CE,Federal Contract Tower,0,1,0,6,7,0,0,21,5,26,0,1,21,11,33,28,52,80,113
07/26/2015,VCT,TX,ASW,CE,Federal Contract Tower,0,2,6,10,18,0,0,13,7,20,0,2,19,17,38,0,42,42,80
07/27/2015,VCT,TX,ASW,CE,Federal Contract Tower,0,4,5,28,37,0,0,12,12,24,0,4,17,40,61,0,86,86,147
07/28/2015,VCT,TX,ASW,CE,Federal Contract Tower,0,3,5,21,29,0,0,19,14,33,0,3,24,35,62,16,114,130,192
07/29/2015,VCT,TX,ASW,CE,Federal Contract Tower,0,6,9,43,58,0,0,18,10,28,0,6,27,53,86,8,128,136,222
07/30/2015,VCT,TX,ASW,CE,Federal Contract Tower,0,3,12,31,46,0,3,18,13,34,0,6,30,44,80,12,120,132,212
07/31/2015,VCT,TX,ASW,CE,Federal Contract Tower,0,7,5,18,30,2,0,19,5,26,2,7,24,23,56,34,66,100,156
08/01/2015,VCT,TX,ASW,CE,Federal Contract Tower,0,3,8,0,11,0,0,13,2,15,0,3,21,2,26,2,0,2,28
08/02/2015,VCT,TX,ASW,CE,Federal Contract Tower,0,2,4,4,10,0,0,14,0,14,0,2,18,4,24,2,4,6,30
08/03/2015,VCT,TX,ASW,CE,Federal Contract Tower,0,7,3,38,48,0,1,8,15,24,0,8,11,53,72,2,124,126,198
08/04/2015,VCT,TX,ASW,CE,Federal Contract Tower,0,4,5,25,34,0,0,23,12,35,0,4,28,37,69,0,214,214,283
08/05/2015,VCT,TX,ASW,CE,Federal Contract Tower,0,6,6,36,48,0,1,26,11,38,0,7,32,47,86,8,112,120,206
08/06/2015,VCT,TX,ASW,CE,Federal Contract Tower,0,6,5,54,65,0,0,9,12,21,0,6,14,66,86,0,132,132,218
08/07/2015,VCT,TX,ASW,CE,Federal Contract Tower,0,6,3,23,32,0,3,18,8,29,0,9,21,31,61,2,111,113,174
08/08/2015,VCT,TX,ASW,CE,Federal Contract Tower,0,5,2,15,22,0,6,9,20,35,0,11,11,35,57,40,150,190,247
08/09/2015,VCT,TX,ASW,CE,Federal Contract Tower,0,2,4,8,14,0,4,15,4,23,0,6,19,12,37,10,86,96,133
08/10/2015,VCT,TX,ASW,CE,Federal Contract Tower,0,5,3,45,53,0,0,12,13,25,0,5,15,58,78,2,144,146,224
08/11/2015,VCT,TX,ASW,CE,Federal Contract Tower,0,4,5,41,50,0,0,20,17,37,0,4,25,58,87,4,188,192,279
08/12/2015,VCT,TX,ASW,CE,Federal Contract Tower,0,6,8,23,37,0,4,14,14,32,0,10,22,37,69,28,146,174,243
08/13/2015,VCT,TX,ASW,CE,Federal Contract Tower,0,4,1,2,7,0,3,11,9,23,0,7,12,11,30,0,32,32,62
08/14/2015,VCT,TX,ASW,CE,Federal Contract Tower,0,6,8,17,31,0,1,10,18,29,0,7,18,35,60,8,128,136,196
08/15/2015,VCT,TX,ASW,CE,Federal Contract Tower,0,2,5,0,7,0,0,15,0,15,0,2,20,0,22,4,0,4,26
08/16/2015,VCT,TX,ASW,CE,Federal Contract Tower,0,3,8,4,15,0,4,5,2,11,0,7,13,6,26,0,28,28,54
08/17/2015,VCT,TX,ASW,CE,Federal Contract Tower,0,5,7,59,71,0,0,11,11,22,0,5,18,70,93,0,244,244,337
08/18/2015,VCT,TX,ASW,CE,Federal Contract Tower,0,7,8,55,70,0,3,20,13,36,0,10,28,68,106,28,266,294,400
08/19/2015,VCT,TX,ASW,CE,Federal Contract Tower,0,6,6,52,64,0,5,11,13,29,0,11,17,65,93,2,102,104,197
08/20/2015,VCT,TX,ASW,CE,Federal Contract Tower,0,6,7,0,13,0,0,2,0,2,0,6,9,0,15,0,0,0,15
08/21/2015,VCT,TX,ASW,CE,Federal Contract Tower,0,6,12,14,32,0,4,0,1,5,0,10,12,15,37,0,10,10,47
08/22/2015,VCT,TX,ASW,CE,Federal Contract Tower,0,2,3,14,19,0,4,11,8,23,0,6,14,22,42,6,50,56,98
08/23/2015,VCT,TX,ASW,CE,Federal Contract Tower,0,2,9,10,21,0,15,18,4,37,0,17,27,14,58,34,62,96,154
08/24/2015,VCT,TX,ASW,CE,Federal Contract Tower,0,5,5,23,33,0,7,11,24,42,0,12,16,47,75,2,134,136,211
08/25/2015,VCT,TX,ASW,CE,Federal Contract Tower,0,3,18,35,56,0,2,14,21,37,0,5,32,56,93,12,134,146,239
08/26/2015,VCT,TX,ASW,CE,Federal Contract Tower,0,7,9,54,70,0,9,9,14,32,0,16,18,68,102,0,188,188,290
08/27/2015,VCT,TX,ASW,CE,Federal Contract Tower,0,6,5,50,61,0,0,36,16,52,0,6,41,66,113,2,170,172,285
08/28/2015,VCT,TX,ASW,CE,Federal Contract Tower,0,8,10,4,22,0,0,11,0,11,0,8,21,4,33,2,4,6,39
08/29/2015,VCT,TX,ASW,CE,Federal Contract Tower,0,1,6,2,9,0,2,10,6,18,0,3,16,8,27,2,24,26,53
08/30/2015,VCT,TX,ASW,CE,Federal Contract Tower,0,3,2,10,15,0,7,9,4,20,0,10,11,14,35,4,74,78,113
08/31/2015,VCT,TX,ASW,CE,Federal Contract Tower,0,5,6,16,27,0,4,6,9,19,0,9,12,25,46,8,66,74,120
09/01/2015,VCT,TX,ASW,CE,Federal Contract Tower,0,4,11,26,41,0,2,6,7,15,0,6,17,33,56,2,58,60,116
09/02/2015,VCT,TX,ASW,CE,Federal Contract Tower,0,8,5,34,47,0,5,13,27,45,0,13,18,61,92,0,252,252,344
09/03/2015,VCT,TX,ASW,CE,Federal Contract Tower,0,6,5,18,29,0,10,17,7,34,0,16,22,25,63,10,68,78,141
09/04/2015,VCT,TX,ASW,CE,Federal Contract Tower,0,6,12,15,33,0,0,3,5,8,0,6,15,20,41,0,54,54,95
09/05/2015,VCT,TX,ASW,CE,Federal Contract Tower,0,1,0,4,5,0,0,8,3,11,0,1,8,7,16,6,28,34,50
09/06/2015,VCT,TX,ASW,CE,Federal Contract Tower,0,2,2,0,4,0,1,10,4,15,0,3,12,4,19,6,26,32,51
09/07/2015,VCT,TX,ASW,CE,Federal Contract Tower,0,4,1,7,12,0,0,14,1,15,0,4,15,8,27,8,0,8,35
09/08/2015,VCT,TX,ASW,CE,Federal Contract Tower,0,8,3,30,41,0,2,16,16,34,0,10,19,46,75,0,147,147,222
09/09/2015,VCT,TX,ASW,CE,Federal Contract Tower,0,4,10,20,34,0,4,18,13,35,0,8,28,33,69,0,122,122,191
09/10/2015,VCT,TX,ASW,CE,Federal Contract Tower,0,4,13,0,17,0,0,2,5,7,0,4,15,5,24,0,40,40,64
09/11/2015,VCT,TX,ASW,CE,Federal Contract Tower,0,3,5,0,8,0,0,0,2,2,0,3,5,2,10,0,0,0,10
09/12/2015,VCT,TX,ASW,CE,Federal Contract Tower,0,2,2,15,19,0,0,9,1,10,0,2,11,16,29,8,14,22,51
09/13/2015,VCT,TX,ASW,CE,Federal Contract Tower,0,4,3,18,25,0,0,7,4,11,0,4,10,22,36,10,52,62,98
09/14/2015,VCT,TX,ASW,CE,Federal Contract Tower,0,8,5,41,54,0,0,10,10,20,0,8,15,51,74,4,158,162,236
09/15/2015,VCT,TX,ASW,CE,Federal Contract Tower,0,6,6,52,64,0,0,18,8,26,0,6,24,60,90,16,76,92,182
09/16/2015,VCT,TX,ASW,CE,Federal Contract Tower,0,4,8,52,64,0,0,14,10,24,0,4,22,62,88,2,102,104,192
09/17/2015,VCT,TX,ASW,CE,Federal Contract Tower,0,11,9,79,99,0,2,17,12,31,0,13,26,91,130,4,112,116,246
09/18/2015,VCT,TX,ASW,CE,Federal Contract Tower,0,8,12,10,30,0,3,19,4,26,0,11,31,14,56,14,16,30,86
09/19/2015,VCT,TX,ASW,CE,Federal Contract Tower,0,2,5,20,27,0,2,30,12,44,0,4,35,32,71,10,58,68,139
09/20/2015,VCT,TX,ASW,CE,Federal Contract Tower,0,5,7,2,14,0,0,18,0,18,0,5,25,2,32,0,14,14,46
09/21/2015,VCT,TX,ASW,CE,Federal Contract Tower,0,5,10,30,45,0,2,9,20,31,0,7,19,50,76,0,116,116,192
09/22/2015,VCT,TX,ASW,CE,Federal Contract Tower,0,4,10,47,61,0,2,12,21,35,0,6,22,68,96,2,196,198,294
09/23/2015,VCT,TX,ASW,CE,Federal Contract Tower,0,6,13,42,61,0,9,21,8,38,0,15,34,50,99,12,146,158,257
09/24/2015,VCT,TX,ASW,CE,Federal Contract Tower,0,4,10,47,61,0,0,19,14,33,0,4,29,61,94,0,112,112,206
09/25/2015,VCT,TX,ASW,CE,Federal Contract Tower,0,6,5,40,51,0,0,11,15,26,0,6,16,55,77,0,114,114,191
09/26/2015,VCT,TX,ASW,CE,Federal Contract Tower,0,2,2,2,6,0,0,12,0,12,0,2,14,2,18,2,2,4,22
09/27/2015,VCT,TX,ASW,CE,Federal Contract Tower,0,3,2,0,5,0,4,7,2,13,0,7,9,2,18,14,44,58,76
09/28/2015,VCT,TX,ASW,CE,Federal Contract Tower,0,5,7,10,22,0,1,5,2,8,0,6,12,12,30,0,20,20,50
09/29/2015,VCT,TX,ASW,CE,Federal Contract Tower,0,4,7,27,38,0,2,11,32,45,0,6,18,59,83,0,250,250,333
09/30/2015,VCT,TX,ASW,CE,Federal Contract Tower,0,6,5,29,40,0,5,12,14,31,0,11,17,43,71,2,204,206,277
10/01/2015,VCT,TX,ASW,CE,Federal Contract Tower,0,4,7,51,62,0,0,11,11,22,0,4,18,62,84,32,152,184,268
10/02/2015,VCT,TX,ASW,CE,Federal Contract Tower,0,5,6,6,17,0,1,13,21,35,0,6,19,27,52,0,174,174,226
10/03/2015,VCT,TX,ASW,CE,Federal Contract Tower,0,3,0,4,7,0,0,25,0,25,0,3,25,4,32,6,4,10,42
10/04/2015,VCT,TX,ASW,CE,Federal Contract Tower,0,2,5,4,11,0,0,18,5,23,0,2,23,9,34,0,38,38,72
10/05/2015,VCT,TX,ASW,CE,Federal Contract Tower,0,5,5,18,28,0,3,15,15,33,0,8,20,33,61,2,108,110,171
10/06/2015,VCT,TX,ASW,CE,Federal Contract Tower,0,4,6,32,42,0,3,22,17,42,0,7,28,49,84,32,170,202,286
10/07/2015,VCT,TX,ASW,CE,Federal Contract Tower,0,6,4,29,39,0,10,10,7,27,0,16,14,36,66,0,102,102,168
10/08/2015,VCT,TX,ASW,CE,Federal Contract Tower,0,4,9,48,61,0,6,20,11,37,0,10,29,59,98,14,88,102,200
10/09/2015,VCT,TX,ASW,CE,Federal Contract Tower,0,5,4,14,23,0,4,8,3,15,0,9,12,17,38,0,36,36,74
10/10/2015,VCT,TX,ASW,CE,Federal Contract Tower,0,3,3,3,9,0,4,17,4,25,0,7,20,7,34,6,14,20,54
10/11/2015,VCT,TX,ASW,CE,Federal Contract Tower,0,2,6,0,8,0,1,8,2,11,0,3,14,2,19,0,6,6,25
10/12/2015,VCT,TX,ASW,CE,Federal Contract Tower,0,3,11,2,16,0,2,11,0,13,0,5,22,2,29,0,0,0,29
10/13/2015,VCT,TX,ASW,CE,Federal Contract Tower,0,4,9,42,55,0,2,14,12,28,0,6,23,54,83,0,152,152,235
10/14/2015,VCT,TX,ASW,CE,Federal Contract Tower,0,7,6,42,55,0,2,16,18,36,0,9,22,60,91,22,180,202,293
10/15/2015,VCT,TX,ASW,CE,Federal Contract Tower,0,4,13,44,61,0,2,5,12,19,0,6,18,56,80,2,96,98,178
10/16/2015,VCT,TX,ASW,CE,Federal Contract Tower,0,5,11,33,49,0,2,7,16,25,0,7,18,49,74,6,168,174,248
10/17/2015,VCT,TX,ASW,CE,Federal Contract Tower,0,1,3,8,12,0,4,10,8,22,0,5,13,16,34,0,54,54,88
10/18/2015,VCT,TX,ASW,CE,Federal Contract Tower,0,2,1,8,11,0,2,11,2,15,0,4,12,10,26,4,18,22,48
10/19/2015,VCT,TX,ASW,CE,Federal Contract Tower,0,7,8,29,44,0,0,6,24,30,0,7,14,53,74,0,178,178,252
10/20/2015,VCT,TX,ASW,CE,Federal Contract Tower,0,4,7,26,37,0,1,22,22,45,0,5,29,48,82,0,128,128,210
10/21/2015,VCT,TX,ASW,CE,Federal Contract Tower,0,8,0,59,67,0,0,12,17,29,0,8,12,76,96,16,214,230,326
10/22/2015,VCT,TX,ASW,CE,Federal Contract Tower,0,6,5,21,32,0,6,3,4,13,0,12,8,25,45,0,68,68,113
10/23/2015,VCT,TX,ASW,CE,Federal Contract Tower,0,3,3,0,6,0,4,3,0,7,0,7,6,0,13,0,0,0,13
10/24/2015,VCT,TX,ASW,CE,Federal Contract Tower,0,2,2,0,4,0,0,0,0,0,0,2,2,0,4,0,0,0,4
10/25/2015,VCT,TX,ASW,CE,Federal Contract Tower,0,3,1,0,4,0,0,0,0,0,0,3,1,0,4,0,0,0,4
10/26/2015,VCT,TX,ASW,CE,Federal Contract Tower,0,5,6,36,47,0,1,15,18,34,0,6,21,54,81,8,172,180,261
10/27/2015,VCT,TX,ASW,CE,Federal Contract Tower,0,4,2,48,54,0,1,17,20,38,0,5,19,68,92,8,178,186,278
10/28/2015,VCT,TX,ASW,CE,Federal Contract Tower,0,6,7,45,58,0,2,10,16,28,0,8,17,61,86,0,216,216,302
10/29/2015,VCT,TX,ASW,CE,Federal Contract Tower,0,4,8,38,50,0,14,14,10,38,0,18,22,48,88,4,154,158,246
10/30/2015,VCT,TX,ASW,CE,Federal Contract Tower,0,11,9,4,24,0,2,1,2,5,0,13,10,6,29,0,4,4,33
10/31/2015,VCT,TX,ASW,CE,Federal Contract Tower,0,2,5,0,7,0,0,4,0,4,0,2,9,0,11,0,0,0,11
11/01/2015,VCT,TX,ASW,CE,Federal Contract Tower,0,2,5,26,33,0,0,11,0,11,0,2,16,26,44,2,24,26,70
11/02/2015,VCT,TX,ASW,CE,Federal Contract Tower,0,6,0,42,48,0,1,15,8,24,0,7,15,50,72,0,82,82,154
11/03/2015,VCT,TX,ASW,CE,Federal Contract Tower,0,6,8,44,58,0,1,21,12,34,0,7,29,56,92,0,126,126,218
11/04/2015,VCT,TX,ASW,CE,Federal Contract Tower,0,5,8,79,92,0,7,11,11,29,0,12,19,90,121,0,206,206,327
11/05/2015,VCT,TX,ASW,CE,Federal Contract Tower,0,4,14,34,52,0,2,9,13,24,0,6,23,47,76,6,80,86,162
11/06/2015,VCT,TX,ASW,CE,Federal Contract Tower,0,6,5,19,30,0,0,3,1,4,0,6,8,20,34,0,14,14,48
11/07/2015,VCT,TX,ASW,CE,Federal Contract Tower,0,1,7,0,8,0,0,4,0,4,0,1,11,0,12,2,0,2,14
11/08/2015,VCT,TX,ASW,CE,Federal Contract Tower,0,3,2,6,11,0,0,13,0,13,0,3,15,6,24,16,4,20,44
11/09/2015,VCT,TX,ASW,CE,Federal Contract Tower,0,5,19,63,87,0,0,16,19,35,0,5,35,82,122,20,118,138,260
11/10/2015,VCT,TX,ASW,CE,Federal Contract Tower,0,3,6,63,72,0,5,14,8,27,0,8,20,71,99,0,114,114,213
11/11/2015,VCT,TX,ASW,CE,Federal Contract Tower,0,6,4,8,18,0,0,4,2,6,0,6,8,10,24,0,8,8,32
11/12/2015,VCT,TX,ASW,CE,Federal Contract Tower,0,5,9,30,44,0,0,16,22,38,0,5,25,52,82,0,250,250,332
11/13/2015,VCT,TX,ASW,CE,Federal Contract Tower,0,5,18,35,58,0,4,11,17,32,0,9,29,52,90,4,152,156,246
11/14/2015,VCT,TX,ASW,CE,Federal Contract Tower,0,1,1,4,6,0,0,12,0,12,0,1,13,4,18,2,38,40,58
11/15/2015,VCT,TX,ASW,CE,Federal Contract Tower,0,2,0,12,14,0,0,15,0,15,0,2,15,12,29,4,12,16,45
11/16/2015,VCT,TX,ASW,CE,Federal Contract Tower,0,5,10,13,28,0,0,2,11,13,0,5,12,24,41,2,28,30,71
11/17/2015,VCT,TX,ASW,CE,Federal Contract Tower,0,6,7,21,34,0,1,1,5,7,0,7,8,26,41,0,82,82,123
11/18/2015,VCT,TX,ASW,CE,Federal Contract Tower,0,4,9,32,45,0,4,26,20,50,0,8,35,52,95,0,142,142,237
11/19/2015,VCT,TX,ASW,CE,Federal Contract Tower,0,8,10,18,36,0,0,12,5,17,0,8,22,23,53,6,52,58,111
11/20/2015,VCT,TX,ASW,CE,Federal Contract Tower,0,6,6,28,40,0,2,15,22,39,0,8,21,50,79,2,244,246,325
11/21/2015,VCT,TX,ASW,CE,Federal Contract Tower,0,2,4,2,8,0,0,2,1,3,0,2,6,3,11,0,2,2,13
11/22/2015,VCT,TX,ASW,CE,Federal Contract Tower,0,3,0,9,12,0,1,9,23,33,0,4,9,32,45,0,132,132,177
11/23/2015,VCT,TX,ASW,CE,Federal Contract Tower,0,5,5,32,42,0,0,14,16,30,0,5,19,48,72,0,130,130,202
11/24/2015,VCT,TX,ASW,CE,Federal Contract Tower,0,4,10,14,28,0,0,9,14,23,0,4,19,28,51,2,62,64,115
11/25/2015,VCT,TX,ASW,CE,Federal Contract Tower,0,6,5,19,30,0,0,11,1,12,0,6,16,20,42,24,62,86,128
11/26/2015,VCT,TX,ASW,CE,Federal Contract Tower,0,0,0,0,0,0,0,0,0,0,0,0,0,0,0,0,0,0,0
11/27/2015,VCT,TX,ASW,CE,Federal Contract Tower,0,6,5,0,11,0,0,4,0,4,0,6,9,0,15,0,0,0,15
11/28/2015,VCT,TX,ASW,CE,Federal Contract Tower,0,1,0,0,1,0,0,0,0,0,0,1,0,0,1,0,0,0,1
11/29/2015,VCT,TX,ASW,CE,Federal Contract Tower,0,2,6,0,8,0,0,0,0,0,0,2,6,0,8,0,0,0,8
11/30/2015,VCT,TX,ASW,CE,Federal Contract Tower,0,5,7,30,42,0,0,3,2,5,0,5,10,32,47,22,46,68,115
12/01/2015,VCT,TX,ASW,CE,Federal Contract Tower,0,7,2,26,35,0,2,1,0,3,0,9,3,26,38,0,20,20,58
12/02/2015,VCT,TX,ASW,CE,Federal Contract Tower,0,5,14,22,41,0,4,30,13,47,0,9,44,35,88,2,154,156,244
12/03/2015,VCT,TX,ASW,CE,Federal Contract Tower,0,4,10,22,36,0,0,33,12,45,0,4,43,34,81,16,102,118,199
12/04/2015,VCT,TX,ASW,CE,Federal Contract Tower,0,5,10,23,38,0,4,8,21,33,0,9,18,44,71,2,176,178,249
12/05/2015,VCT,TX,ASW,CE,Federal Contract Tower,0,1,10,7,18,0,2,19,12,33,0,3,29,19,51,4,68,72,123
12/06/2015,VCT,TX,ASW,CE,Federal Contract Tower,0,2,0,8,10,0,2,13,3,18,0,4,13,11,28,0,34,34,62
12/07/2015,VCT,TX,ASW,CE,Federal Contract Tower,0,5,11,44,60,0,0,24,16,40,0,5,35,60,100,2,138,140,240
12/08/2015,VCT,TX,ASW,CE,Federal Contract Tower,0,4,9,6,19,0,0,19,14,33,0,4,28,20,52,2,112,114,166
12/09/2015,VCT,TX,ASW,CE,Federal Contract Tower,0,8,6,3,17,0,7,16,36,59,0,15,22,39,76,4,196,200,276
12/10/2015,VCT,TX,ASW,CE,Federal Contract Tower,0,5,14,21,40,0,0,8,9,17,0,5,22,30,57,2,48,50,107
12/11/2015,VCT,TX,ASW,CE,Federal Contract Tower,0,9,10,13,32,0,0,2,3,5,0,9,12,16,37,0,28,28,65
12/12/2015,VCT,TX,ASW,CE,Federal Contract Tower,0,3,1,14,18,0,2,1,0,3,0,5,2,14,21,0,14,14,35
12/13/2015,VCT,TX,ASW,CE,Federal Contract Tower,0,2,2,4,8,0,0,2,0,2,0,2,4,4,10,0,4,4,14
12/14/2015,VCT,TX,ASW,CE,Federal Contract Tower,0,10,14,37,61,0,2,23,26,51,0,12,37,63,112,6,156,162,274
12/15/2015,VCT,TX,ASW,CE,Federal Contract Tower,0,6,4,22,32,0,0,14,6,20,0,6,18,28,52,22,140,162,214
12/16/2015,VCT,TX,ASW,CE,Federal Contract Tower,0,8,9,23,40,0,4,15,18,37,0,12,24,41,77,10,141,151,228
12/17/2015,VCT,TX,ASW,CE,Federal Contract Tower,0,8,7,20,35,0,5,40,23,68,0,13,47,43,103,0,216,216,319
12/18/2015,VCT,TX,ASW,CE,Federal Contract Tower,0,8,7,22,37,0,2,18,4,24,0,10,25,26,61,0,52,52,113
12/19/2015,VCT,TX,ASW,CE,Federal Contract Tower,0,1,5,16,22,0,4,19,0,23,0,5,24,16,45,0,14,14,59
12/20/2015,VCT,TX,ASW,CE,Federal Contract Tower,0,3,5,0,8,0,2,12,0,14,0,5,17,0,22,0,0,0,22
12/21/2015,VCT,TX,ASW,CE,Federal Contract Tower,0,7,6,21,34,0,0,8,15,23,0,7,14,36,57,0,92,92,149
12/22/2015,VCT,TX,ASW,CE,Federal Contract Tower,0,8,4,8,20,0,0,10,7,17,0,8,14,15,37,2,30,32,69
12/23/2015,VCT,TX,ASW,CE,Federal Contract Tower,0,8,7,0,15,0,4,14,3,21,0,12,21,3,36,0,2,2,38
12/24/2015,VCT,TX,ASW,CE,Federal Contract Tower,0,6,7,0,13,0,2,6,0,8,0,8,13,0,21,2,0,2,23
12/25/2015,VCT,TX,ASW,CE,Federal Contract Tower,0,0,1,0,1,0,0,1,0,1,0,0,2,0,2,0,0,0,2
12/26/2015,VCT,TX,ASW,CE,Federal Contract Tower,0,5,1,0,6,0,0,0,0,0,0,5,1,0,6,0,0,0,6
12/27/2015,VCT,TX,ASW,CE,Federal Contract Tower,0,2,5,0,7,0,2,1,0,3,0,4,6,0,10,0,0,0,10
12/28/2015,VCT,TX,ASW,CE,Federal Contract Tower,0,5,5,7,17,0,0,16,7,23,0,5,21,14,40,0,56,56,96
12/29/2015,VCT,TX,ASW,CE,Federal Contract Tower,0,5,3,9,17,0,0,10,8,18,0,5,13,17,35,0,56,56,91
12/30/2015,VCT,TX,ASW,CE,Federal Contract Tower,0,7,4,0,11,0,0,9,0,9,0,7,13,0,20,0,0,0,20
12/31/2015,VCT,TX,ASW,CE,Federal Contract Tower,0,6,0,0,6,0,0,6,0,6,0,6,6,0,12,2,0,2,14
01/01/2016,VCT,TX,ASW,CE,Federal Contract Tower,0,2,0,0,2,0,0,1,0,1,0,2,1,0,3,0,0,0,3
01/02/2016,VCT,TX,ASW,CE,Federal Contract Tower,0,1,3,0,4,0,0,2,0,2,0,1,5,0,6,0,0,0,6
01/03/2016,VCT,TX,ASW,CE,Federal Contract Tower,0,2,1,0,3,0,0,10,0,10,0,2,11,0,13,18,0,18,31
01/04/2016,VCT,TX,ASW,CE,Federal Contract Tower,0,5,1,10,16,0,0,12,12,24,0,5,13,22,40,6,84,90,130
01/05/2016,VCT,TX,ASW,CE,Federal Contract Tower,0,4,3,38,45,0,0,10,12,22,0,4,13,50,67,0,156,156,223
01/06/2016,VCT,TX,ASW,CE,Federal Contract Tower,0,6,8,50,64,0,2,7,1,10,0,8,15,51,74,2,84,86,160
01/07/2016,VCT,TX,ASW,CE,Federal Contract Tower,0,8,7,36,51,0,6,11,11,28,0,14,18,47,79,18,124,142,221
01/08/2016,VCT,TX,ASW,CE,Federal Contract Tower,0,6,18,8,32,0,2,16,2,20,0,8,34,10,52,52,22,74,126
01/09/2016,VCT,TX,ASW,CE,Federal Contract Tower,0,1,1,8,10,0,0,13,0,13,0,1,14,8,23,2,8,10,33
01/10/2016,VCT,TX,ASW,CE,Federal Contract Tower,0,4,3,14,21,0,0,22,15,37,0,4,25,29,58,0,104,104,162
01/11/2016,VCT,TX,ASW,CE,Federal Contract Tower,0,5,7,21,33,0,0,15,13,28,0,5,22,34,61,0,188,188,249
01/12/2016,VCT,TX,ASW,CE,Federal Contract Tower,0,6,4,39,49,0,0,31,19,50,0,6,35,58,99,8,210,218,317
01/13/2016,VCT,TX,ASW,CE,Federal Contract Tower,0,6,5,29,40,0,0,22,12,34,0,6,27,41,74,6,72,78,152
01/14/2016,VCT,TX,ASW,CE,Federal Contract Tower,0,6,15,43,64,0,0,10,12,22,0,6,25,55,86,0,123,123,209
01/15/2016,VCT,TX,ASW,CE,Federal Contract Tower,0,6,10,20,36,0,0,22,12,34,0,6,32,32,70,14,80,94,164
01/16/2016,VCT,TX,ASW,CE,Federal Contract Tower,0,3,6,8,17,0,2,11,0,13,0,5,17,8,30,0,8,8,38
01/17/2016,VCT,TX,ASW,CE,Federal Contract Tower,0,3,3,6,12,0,0,22,6,28,0,3,25,12,40,10,32,42,82
01/18/2016,VCT,TX,ASW,CE,Federal Contract Tower,0,5,6,13,24,0,0,45,1,46,0,5,51,14,70,6,28,34,104
01/19/2016,VCT,TX,ASW,CE,Federal Contract Tower,0,6,12,40,58,0,0,14,8,22,0,6,26,48,80,6,104,110,190
01/20/2016,VCT,TX,ASW,CE,Federal Contract Tower,0,6,10,39,55,0,0,10,6,16,0,6,20,45,71,8,44,52,123
01/21/2016,VCT,TX,ASW,CE,Federal Contract Tower,0,12,12,29,53,0,0,13,10,23,0,12,25,39,76,0,140,140,216
01/22/2016,VCT,TX,ASW,CE,Federal Contract Tower,0,6,5,20,31,0,0,12,13,25,0,6,17,33,56,0,112,112,168
01/23/2016,VCT,TX,ASW,CE,Federal Contract Tower,0,1,0,16,17,0,0,24,4,28,0,1,24,20,45,0,62,62,107
01/24/2016,VCT,TX,ASW,CE,Federal Contract Tower,0,4,2,8,14,0,0,10,8,18,0,4,12,16,32,2,54,56,88
01/25/2016,VCT,TX,ASW,CE,Federal Contract Tower,0,4,6,48,58,0,1,25,6,32,0,5,31,54,90,10,108,118,208
01/26/2016,VCT,TX,ASW,CE,Federal Contract Tower,0,6,8,2,16,0,0,2,3,5,0,6,10,5,21,0,30,30,51
01/27/2016,VCT,TX,ASW,CE,Federal Contract Tower,0,6,6,19,31,0,1,22,15,38,0,7,28,34,69,0,94,94,163
01/28/2016,VCT,TX,ASW,CE,Federal Contract Tower,0,6,7,40,53,0,2,36,6,44,0,8,43,46,97,12,80,92,189
01/29/2016,VCT,TX,ASW,CE,Federal Contract Tower,0,7,12,46,65,0,0,17,7,24,0,7,29,53,89,6,69,75,164
01/30/2016,VCT,TX,ASW,CE,Federal Contract Tower,0,1,3,12,16,0,0,13,1,14,0,1,16,13,30,4,16,20,50
01/31/2016,VCT,TX,ASW,CE,Federal Contract Tower,0,4,5,19,28,0,0,13,6,19,0,4,18,25,47,0,38,38,85
02/01/2016,VCT,TX,ASW,CE,Federal Contract Tower,0,5,5,34,44,0,0,8,3,11,0,5,13,37,55,0,58,58,113
02/02/2016,VCT,TX,ASW,CE,Federal Contract Tower,0,8,2,23,33,0,0,15,10,25,0,8,17,33,58,2,92,94,152
02/03/2016,VCT,TX,ASW,CE,Federal Contract Tower,0,8,6,22,36,0,0,17,11,28,0,8,23,33,64,0,56,56,120
02/04/2016,VCT,TX,ASW,CE,Federal Contract Tower,0,6,11,22,39,0,0,11,12,23,0,6,22,34,62,2,36,38,100
02/05/2016,VCT,TX,ASW,CE,Federal Contract Tower,0,6,11,42,59,0,0,23,10,33,0,6,34,52,92,14,148,162,254
02/06/2016,VCT,TX,ASW,CE,Federal Contract Tower,0,1,4,7,12,0,0,10,1,11,0,1,14,8,23,6,6,12,35
02/07/2016,VCT,TX,ASW,CE,Federal Contract Tower,0,5,2,14,21,0,2,12,2,16,0,7,14,16,37,2,12,14,51
02/08/2016,VCT,TX,ASW,CE,Federal Contract Tower,0,5,3,15,23,0,0,6,20,26,0,5,9,35,49,6,84,90,139
02/09/2016,VCT,TX,ASW,CE,Federal Contract Tower,0,8,2,17,27,0,0,31,11,42,0,8,33,28,69,4,74,78,147
02/10/2016,VCT,TX,ASW,CE,Federal Contract Tower,0,6,10,25,41,0,0,32,35,67,0,6,42,60,108,4,286,290,398
02/11/2016,VCT,TX,ASW,CE,Federal Contract Tower,0,7,5,35,47,0,0,23,20,43,0,7,28,55,90,12,152,164,254
02/12/2016,VCT,TX,ASW,CE,Federal Contract Tower,0,8,15,21,44,0,0,21,13,34,0,8,36,34,78,6,86,92,170
02/13/2016,VCT,TX,ASW,CE,Federal Contract Tower,0,4,5,17,26,0,2,10,2,14,0,6,15,19,40,4,42,46,86
02/14/2016,VCT,TX,ASW,CE,Federal Contract Tower,0,5,0,2,7,0,0,6,0,6,0,5,6,2,13,0,0,0,13
02/15/2016,VCT,TX,ASW,CE,Federal Contract Tower,0,5,9,14,28,0,0,15,0,15,0,5,24,14,43,14,10,24,67
02/16/2016,VCT,TX,ASW,CE,Federal Contract Tower,0,8,10,40,58,0,0,44,8,52,0,8,54,48,110,26,150,176,286
02/17/2016,VCT,TX,ASW,CE,Federal Contract Tower,0,8,8,56,72,0,0,22,7,29,0,8,30,63,101,16,108,124,225
02/18/2016,VCT,TX,ASW,CE,Federal Contract Tower,0,6,9,57,72,0,0,8,14,22,0,6,17,71,94,2,174,176,270
02/19/2016,VCT,TX,ASW,CE,Federal Contract Tower,0,6,8,40,54,0,0,10,8,18,0,6,18,48,72,0,110,110,182
02/20/2016,VCT,TX,ASW,CE,Federal Contract Tower,0,1,13,34,48,0,0,6,0,6,0,1,19,34,54,8,34,42,96
02/21/2016,VCT,TX,ASW,CE,Federal Contract Tower,0,4,2,17,23,0,0,3,8,11,0,4,5,25,34,0,44,44,78
02/22/2016,VCT,TX,ASW,CE,Federal Contract Tower,0,5,4,54,63,0,0,3,8,11,0,5,7,62,74,0,94,94,168
02/23/2016,VCT,TX,ASW,CE,Federal Contract Tower,0,8,4,32,44,0,0,6,12,18,0,8,10,44,62,0,92,92,154
02/24/2016,VCT,TX,ASW,CE,Federal Contract Tower,0,6,6,14,26,0,2,11,14,27,0,8,17,28,53,2,156,158,211
02/25/2016,VCT,TX,ASW,CE,Federal Contract Tower,0,7,5,22,34,0,4,24,20,48,0,11,29,42,82,0,152,152,234
02/26/2016,VCT,TX,ASW,CE,Federal Contract Tower,0,7,4,20,31,0,0,29,10,39,0,7,33,30,70,8,97,105,175
02/27/2016,VCT,TX,ASW,CE,Federal Contract Tower,0,4,4,14,22,0,0,9,2,11,0,4,13,16,33,4,14,18,51
02/28/2016,VCT,TX,ASW,CE,Federal Contract Tower,0,6,9,28,43,0,0,12,0,12,0,6,21,28,55,4,26,30,85
02/29/2016,VCT,TX,ASW,CE,Federal Contract Tower,0,7,3,32,42,0,0,13,14,27,0,7,16,46,69,0,148,148,217
03/01/2016,VCT,TX,ASW,CE,Federal Contract Tower,0,8,5,28,41,0,0,10,21,31,0,8,15,49,72,0,220,220,292
03/02/2016,VCT,TX,ASW,CE,Federal Contract Tower,0,7,11,23,41,0,2,12,22,36,0,9,23,45,77,0,160,160,237
03/03/2016,VCT,TX,ASW,CE,Federal Contract Tower,0,6,3,26,35,0,0,13,5,18,0,6,16,31,53,6,82,88,141
03/04/2016,VCT,TX,ASW,CE,Federal Contract Tower,0,9,7,8,24,0,1,26,13,40,0,10,33,21,64,6,98,104,168
03/05/2016,VCT,TX,ASW,CE,Federal Contract Tower,0,3,5,6,14,0,0,16,0,16,0,3,21,6,30,10,6,16,46
03/06/2016,VCT,TX,ASW,CE,Federal Contract Tower,0,4,3,14,21,0,0,6,0,6,0,4,9,14,27,12,18,30,57
03/07/2016,VCT,TX,ASW,CE,Federal Contract Tower,0,5,13,28,46,0,0,4,0,4,0,5,17,28,50,0,30,30,80
03/08/2016,VCT,TX,ASW,CE,Federal Contract Tower,0,6,3,28,37,0,0,3,0,3,0,6,6,28,40,0,26,26,66
03/09/2016,VCT,TX,ASW,CE,Federal Contract Tower,0,5,1,0,6,0,0,0,0,0,0,5,1,0,6,0,0,0,6
03/10/2016,VCT,TX,ASW,CE,Federal Contract Tower,0,9,6,44,59,0,1,2,10,13,0,10,8,54,72,0,100,100,172
03/11/2016,VCT,TX,ASW,CE,Federal Contract Tower,0,6,9,69,84,0,1,16,17,34,0,7,25,86,118,24,188,212,330
03/12/2016,VCT,TX,ASW,CE,Federal Contract Tower,0,1,3,12,16,0,0,12,8,20,0,1,15,20,36,0,16,16,52
03/13/2016,VCT,TX,ASW,CE,Federal Contract Tower,0,4,3,4,11,0,0,8,0,8,0,4,11,4,19,0,4,4,23
03/14/2016,VCT,TX,ASW,CE,Federal Contract Tower,0,6,3,42,51,0,0,13,14,27,0,6,16,56,78,0,120,120,198
03/15/2016,VCT,TX,ASW,CE,Federal Contract Tower,0,7,2,42,51,0,0,12,13,25,0,7,14,55,76,0,132,132,208
03/16/2016,VCT,TX,ASW,CE,Federal Contract Tower,0,6,12,53,71,0,0,4,0,4,0,6,16,53,75,4,42,46,121
03/17/2016,VCT,TX,ASW,CE,Federal Contract Tower,0,8,4,14,26,0,0,1,0,1,0,8,5,14,27,0,14,14,41
03/18/2016,VCT,TX,ASW,CE,Federal Contract Tower,0,6,4,31,41,0,0,11,2,13,0,6,15,33,54,20,64,84,138
03/19/2016,VCT,TX,ASW,CE,Federal Contract Tower,0,1,4,9,14,0,1,11,2,14,0,2,15,11,28,0,28,28,56
03/20/2016,VCT,TX,ASW,CE,Federal Contract Tower,0,7,1,8,16,0,0,10,2,12,0,7,11,10,28,0,16,16,44
03/21/2016,VCT,TX,ASW,CE,Federal Contract Tower,0,5,2,31,38,0,0,18,19,37,0,5,20,50,75,0,200,200,275
03/22/2016,VCT,TX,ASW,CE,Federal Contract Tower,0,7,3,48,58,0,2,6,32,40,0,9,9,80,98,0,320,320,418
03/23/2016,VCT,TX,ASW,CE,Federal Contract Tower,0,9,8,23,40,0,0,3,4,7,0,9,11,27,47,2,64,66,113
03/24/2016,VCT,TX,ASW,CE,Federal Contract Tower,0,7,2,32,41,0,2,10,16,28,0,9,12,48,69,0,124,124,193
03/25/2016,VCT,TX,ASW,CE,Federal Contract Tower,0,7,4,22,33,0,0,37,15,52,0,7,41,37,85,14,168,182,267
03/26/2016,VCT,TX,ASW,CE,Federal Contract Tower,0,4,4,0,8,0,0,15,0,15,0,4,19,0,23,26,0,26,49
03/27/2016,VCT,TX,ASW,CE,Federal Contract Tower,0,5,3,0,8,0,0,1,0,1,0,5,4,0,9,0,0,0,9
03/28/2016,VCT,TX,ASW,CE,Federal Contract Tower,0,5,4,26,35,0,0,23,12,35,0,5,27,38,70,6,96,102,172
03/29/2016,VCT,TX,ASW,CE,Federal Contract Tower,0,8,6,27,41,0,0,0,0,0,0,8,6,27,41,2,18,20,61
03/30/2016,VCT,TX,ASW,CE,Federal Contract Tower,0,6,7,12,25,0,0,0,0,0,0,6,7,12,25,0,12,12,37
03/31/2016,VCT,TX,ASW,CE,Federal Contract Tower,1,5,7,54,67,0,0,21,14,35,1,5,28,68,102,4,144,148,250
04/01/2016,VCT,TX,ASW,CE,Federal Contract Tower,0,7,9,22,38,0,0,7,14,21,0,7,16,36,59,0,130,130,189
04/02/2016,VCT,TX,ASW,CE,Federal Contract Tower,0,1,9,2,12,0,0,15,2,17,0,1,24,4,29,8,8,16,45
04/03/2016,VCT,TX,ASW,CE,Federal Contract Tower,0,4,7,6,17,0,2,18,4,24,0,6,25,10,41,2,38,40,81
04/04/2016,VCT,TX,ASW,CE,Federal Contract Tower,0,4,9,36,49,0,0,18,17,35,0,4,27,53,84,2,92,94,178
04/05/2016,VCT,TX,ASW,CE,Federal Contract Tower,0,6,4,74,84,0,0,19,16,35,0,6,23,90,119,12,216,228,347
04/06/2016,VCT,TX,ASW,CE,Federal Contract Tower,0,6,7,44,57,0,0,9,17,26,0,6,16,61,83,8,194,202,285
04/07/2016,VCT,TX,ASW,CE,Federal Contract Tower,0,9,6,60,75,0,1,17,9,27,0,10,23,69,102,56,132,188,290
04/08/2016,VCT,TX,ASW,CE,Federal Contract Tower,0,6,8,22,36,0,0,28,4,32,0,6,36,26,68,6,48,54,122
04/09/2016,VCT,TX,ASW,CE,Federal Contract Tower,0,5,7,8,20,0,0,9,2,11,0,5,16,10,31,0,26,26,57
04/10/2016,VCT,TX,ASW,CE,Federal Contract Tower,0,5,5,15,25,0,0,8,1,9,0,5,13,16,34,2,6,8,42
04/11/2016,VCT,TX,ASW,CE,Federal Contract Tower,0,5,6,104,115,0,0,8,2,10,0,5,14,106,125,0,88,88,213
04/12/2016,VCT,TX,ASW,CE,Federal Contract Tower,0,6,18,47,71,0,0,4,1,5,0,6,22,48,76,6,38,44,120
04/13/2016,VCT,TX,ASW,CE,Federal Contract Tower,0,9,7,51,67,0,1,6,7,14,0,10,13,58,81,10,130,140,221
04/14/2016,VCT,TX,ASW,CE,Federal Contract Tower,0,6,15,31,52,0,0,24,4,28,0,6,39,35,80,24,54,78,158
04/15/2016,VCT,TX,ASW,CE,Federal Contract Tower,0,6,13,32,51,0,0,16,3,19,0,6,29,35,70,4,48,52,122
04/16/2016,VCT,TX,ASW,CE,Federal Contract Tower,0,5,3,10,18,0,3,0,0,3,0,8,3,10,21,0,8,8,29
04/17/2016,VCT,TX,ASW,CE,Federal Contract Tower,0,4,3,6,13,0,0,0,0,0,0,4,3,6,13,0,6,6,19
04/18/2016,VCT,TX,ASW,CE,Federal Contract Tower,0,1,4,0,5,0,0,0,0,0,0,1,4,0,5,0,0,0,5
04/19/2016,VCT,TX,ASW,CE,Federal Contract Tower,0,8,9,61,78,0,2,9,9,20,0,10,18,70,98,4,128,132,230
04/20/2016,VCT,TX,ASW,CE,Federal Contract Tower,0,6,6,91,103,0,4,13,17,34,0,10,19,108,137,2,236,238,375
04/21/2016,VCT,TX,ASW,CE,Federal Contract Tower,0,6,3,14,23,0,0,4,3,7,0,6,7,17,30,0,24,24,54
04/22/2016,VCT,TX,ASW,CE,Federal Contract Tower,0,6,4,46,56,0,0,44,18,62,0,6,48,64,118,0,160,160,278
04/23/2016,VCT,TX,ASW,CE,Federal Contract Tower,0,2,1,0,3,0,0,19,11,30,0,2,20,11,33,4,70,74,107
04/24/2016,VCT,TX,ASW,CE,Federal Contract Tower,0,8,9,0,17,0,1,1,3,5,0,9,10,3,22,2,12,14,36
04/25/2016,VCT,TX,ASW,CE,Federal Contract Tower,0,5,2,17,24,0,0,27,13,40,0,5,29,30,64,2,104,106,170
04/26/2016,VCT,TX,ASW,CE,Federal Contract Tower,0,7,2,71,80,0,0,7,6,13,0,7,9,77,93,0,118,118,211
04/27/2016,VCT,TX,ASW,CE,Federal Contract Tower,0,4,6,52,62,0,0,24,23,47,0,4,30,75,109,2,142,144,253
04/28/2016,VCT,TX,ASW,CE,Federal Contract Tower,0,6,2,31,39,0,0,9,7,16,0,6,11,38,55,28,126,154,209
04/29/2016,VCT,TX,ASW,CE,Federal Contract Tower,0,6,3,49,58,0,0,2,3,5,0,6,5,52,63,0,74,74,137
04/30/2016,VCT,TX,ASW,CE,Federal Contract Tower,0,2,2,6,10,0,1,7,2,10,0,3,9,8,20,0,52,52,72
05/01/2016,VCT,TX,ASW,CE,Federal Contract Tower,0,4,4,10,18,0,1,3,0,4,0,5,7,10,22,0,10,10,32
05/02/2016,VCT,TX,ASW,CE,Federal Contract Tower,0,5,8,34,47,0,2,5,9,16,0,7,13,43,63,2,130,132,195
05/03/2016,VCT,TX,ASW,CE,Federal Contract Tower,0,6,7,29,42,0,1,26,27,54,0,7,33,56,96,2,200,202,298
05/04/2016,VCT,TX,ASW,CE,Federal Contract Tower,0,13,9,29,51,0,0,22,28,50,0,13,31,57,101,8,258,266,367
05/05/2016,VCT,TX,ASW,CE,Federal Contract Tower,0,6,6,18,30,0,0,24,17,41,0,6,30,35,71,12,130,142,213
05/06/2016,VCT,TX,ASW,CE,Federal Contract Tower,0,6,5,27,38,0,2,23,7,32,0,8,28,34,70,14,88,102,172
05/07/2016,VCT,TX,ASW,CE,Federal Contract Tower,0,1,0,33,34,0,0,27,9,36,0,1,27,42,70,2,58,60,130
05/08/2016,VCT,TX,ASW,CE,Federal Contract Tower,0,4,4,24,32,0,0,10,0,10,0,4,14,24,42,14,24,38,80
05/09/2016,VCT,TX,ASW,CE,Federal Contract Tower,0,9,11,40,60,0,0,6,22,28,0,9,17,62,88,0,180,180,268
05/10/2016,VCT,TX,ASW,CE,Federal Contract Tower,0,2,6,40,48,0,1,17,10,28,0,3,23,50,76,16,128,144,220
05/11/2016,VCT,TX,ASW,CE,Federal Contract Tower,0,10,7,30,47,0,1,16,18,35,0,11,23,48,82,32,124,156,238
05/12/2016,VCT,TX,ASW,CE,Federal Contract Tower,0,8,1,34,43,0,0,13,13,26,0,8,14,47,69,20,166,186,255
05/13/2016,VCT,TX,ASW,CE,Federal Contract Tower,0,9,2,49,60,0,2,34,14,50,0,11,36,63,110,14,120,134,244
05/14/2016,VCT,TX,ASW,CE,Federal Contract Tower,0,1,3,0,4,0,9,19,1,29,0,10,22,1,33,8,0,8,41
05/15/2016,VCT,TX,ASW,CE,Federal Contract Tower,0,4,0,1,5,0,1,3,0,4,0,5,3,1,9,0,0,0,9
05/16/2016,VCT,TX,ASW,CE,Federal Contract Tower,0,5,6,40,51,0,0,4,3,7,0,5,10,43,58,6,62,68,126
05/17/2016,VCT,TX,ASW,CE,Federal Contract Tower,0,7,7,6,20,0,0,14,8,22,0,7,21,14,42,12,22,34,76
05/18/2016,VCT,TX,ASW,CE,Federal Contract Tower,0,9,5,37,51,0,1,10,25,36,0,10,15,62,87,12,196,208,295
05/19/2016,VCT,TX,ASW,CE,Federal Contract Tower,0,13,3,0,16,0,0,3,0,3,0,13,6,0,19,0,0,0,19
05/20/2016,VCT,TX,ASW,CE,Federal Contract Tower,0,8,9,42,59,0,0,12,21,33,0,8,21,63,92,2,320,322,414
05/21/2016,VCT,TX,ASW,CE,Federal Contract Tower,0,1,8,9,18,0,0,5,0,5,0,1,13,9,23,0,8,8,31
05/22/2016,VCT,TX,ASW,CE,Federal Contract Tower,0,4,8,5,17,0,0,4,7,11,0,4,12,12,28,22,56,78,106
05/23/2016,VCT,TX,ASW,CE,Federal Contract Tower,0,7,5,34,46,0,0,8,8,16,0,7,13,42,62,0,108,108,170
05/24/2016,VCT,TX,ASW,CE,Federal Contract Tower,0,6,7,59,72,0,1,7,9,17,0,7,14,68,89,0,148,148,237
05/25/2016,VCT,TX,ASW,CE,Federal Contract Tower,0,6,6,36,48,0,1,16,6,23,0,7,22,42,71,0,58,58,129
05/26/2016,VCT,TX,ASW,CE,Federal Contract Tower,0,6,3,30,39,0,6,4,12,22,0,12,7,42,61,0,90,90,151
05/27/2016,VCT,TX,ASW,CE,Federal Contract Tower,0,11,7,17,35,0,1,2,3,6,0,12,9,20,41,0,31,31,72
05/28/2016,VCT,TX,ASW,CE,Federal Contract Tower,0,2,3,12,17,0,3,16,0,19,0,5,19,12,36,8,12,20,56
05/29/2016,VCT,TX,ASW,CE,Federal Contract Tower,0,4,4,0,8,0,2,10,0,12,0,6,14,0,20,10,0,10,30
05/30/2016,VCT,TX,ASW,CE,Federal Contract Tower,0,5,1,4,10,0,0,17,0,17,0,5,18,4,27,2,8,10,37
05/31/2016,VCT,TX,ASW,CE,Federal Contract Tower,0,8,10,13,31,0,0,25,11,36,0,8,35,24,67,32,106,138,205
06/01/2016,VCT,TX,ASW,CE,Federal Contract Tower,0,6,7,28,41,0,1,5,4,10,0,7,12,32,51,0,64,64,115
06/02/2016,VCT,TX,ASW,CE,Federal Contract Tower,0,5,9,29,43,0,3,17,6,26,0,8,26,35,69,24,70,94,163
06/03/2016,VCT,TX,ASW,CE,Federal Contract Tower,0,7,0,14,21,0,0,6,0,6,0,7,6,14,27,4,22,26,53
06/04/2016,VCT,TX,ASW,CE,Federal Contract Tower,0,1,2,4,7,0,0,2,0,2,0,1,4,4,9,0,4,4,13
06/05/2016,VCT,TX,ASW,CE,Federal Contract Tower,0,4,2,2,8,0,5,14,4,23,0,9,16,6,31,20,14,34,65
06/06/2016,VCT,TX,ASW,CE,Federal Contract Tower,0,9,9,18,36,0,0,20,20,40,0,9,29,38,76,36,250,286,362
06/07/2016,VCT,TX,ASW,CE,Federal Contract Tower,0,10,4,5,19,0,0,27,15,42,0,10,31,20,61,10,86,96,157
06/09/2016,VCT,TX,ASW,CE,Federal Contract Tower,0,7,8,15,30,0,1,11,12,24,0,8,19,27,54,8,132,140,194
06/10/2016,VCT,TX,ASW,CE,Federal Contract Tower,0,7,6,7,20,0,1,14,6,21,0,8,20,13,41,24,54,78,119
06/11/2016,VCT,TX,ASW,CE,Federal Contract Tower,0,1,4,8,13,0,0,24,9,33,0,1,28,17,46,16,94,110,156
06/12/2016,VCT,TX,ASW,CE,Federal Contract Tower,0,4,5,0,9,0,0,7,0,7,0,4,12,0,16,0,0,0,16
06/13/2016,VCT,TX,ASW,CE,Federal Contract Tower,0,5,10,46,61,0,0,21,20,41,0,5,31,66,102,8,216,224,326
06/14/2016,VCT,TX,ASW,CE,Federal Contract Tower,0,6,2,53,61,0,0,21,35,56,0,6,23,88,117,0,298,298,415
06/15/2016,VCT,TX,ASW,CE,Federal Contract Tower,0,5,0,29,34,0,0,18,11,29,0,5,18,40,63,8,104,112,175
06/16/2016,VCT,TX,ASW,CE,Federal Contract Tower,0,6,13,31,50,0,0,14,16,30,0,6,27,47,80,16,144,160,240
06/17/2016,VCT,TX,ASW,CE,Federal Contract Tower,0,9,12,20,41,0,1,37,17,55,0,10,49,37,96,21,125,146,242
06/18/2016,VCT,TX,ASW,CE,Federal Contract Tower,0,1,0,8,9,0,0,18,11,29,0,1,18,19,38,0,88,88,126
06/19/2016,VCT,TX,ASW,CE,Federal Contract Tower,0,4,3,4,11,0,0,9,15,24,0,4,12,19,35,6,90,96,131
06/20/2016,VCT,TX,ASW,CE,Federal Contract Tower,0,7,9,17,33,0,0,20,16,36,0,7,29,33,69,18,194,212,281
06/21/2016,VCT,TX,ASW,CE,Federal Contract Tower,0,6,10,35,51,0,0,15,29,44,0,6,25,64,95,6,238,244,339
06/22/2016,VCT,TX,ASW,CE,Federal Contract Tower,0,6,13,24,43,0,0,16,13,29,0,6,29,37,72,16,92,108,180
06/23/2016,VCT,TX,ASW,CE,Federal Contract Tower,0,6,7,35,48,0,0,19,27,46,0,6,26,62,94,22,292,314,408
06/24/2016,VCT,TX,ASW,CE,Federal Contract Tower,0,4,5,16,25,0,0,12,13,25,0,4,17,29,50,0,110,110,160
06/25/2016,VCT,TX,ASW,CE,Federal Contract Tower,0,1,2,0,3,0,2,7,7,16,0,3,9,7,19,0,46,46,65
06/26/2016,VCT,TX,ASW,CE,Federal Contract Tower,0,4,3,4,11,0,0,9,6,15,0,4,12,10,26,8,22,30,56
06/27/2016,VCT,TX,ASW,CE,Federal Contract Tower,0,5,6,26,37,0,0,16,21,37,0,5,22,47,74,2,166,168,242
06/28/2016,VCT,TX,ASW,CE,Federal Contract Tower,0,8,4,35,47,0,0,18,16,34,0,8,22,51,81,0,144,144,225
06/29/2016,VCT,TX,ASW,CE,Federal Contract Tower,0,8,6,33,47,0,0,26,20,46,0,8,32,53,93,16,200,216,309
06/30/2016,VCT,TX,ASW,CE,Federal Contract Tower,0,4,12,15,31,0,0,32,19,51,0,4,44,34,82,8,140,148,230
07/01/2016,VCT,TX,ASW,CE,Federal Contract Tower,0,7,8,7,22,0,0,19,6,25,0,7,27,13,47,8,34,42,89
07/02/2016,VCT,TX,ASW,CE,Federal Contract Tower,0,1,4,0,5,0,3,13,4,20,0,4,17,4,25,10,32,42,67
07/03/2016,VCT,TX,ASW,CE,Federal Contract Tower,0,4,3,0,7,0,5,7,2,14,0,9,10,2,21,0,6,6,27
07/04/2016,VCT,TX,ASW,CE,Federal Contract Tower,0,5,2,0,7,0,0,11,0,11,0,5,13,0,18,2,0,2,20
07/05/2016,VCT,TX,ASW,CE,Federal Contract Tower,0,8,4,7,19,0,0,27,14,41,0,8,31,21,60,2,76,78,138
07/06/2016,VCT,TX,ASW,CE,Federal Contract Tower,0,6,9,24,39,0,0,14,19,33,0,6,23,43,72,2,196,198,270
07/07/2016,VCT,TX,ASW,CE,Federal Contract Tower,0,7,7,28,42,0,0,8,25,33,0,7,15,53,75,2,246,248,323
07/08/2016,VCT,TX,ASW,CE,Federal Contract Tower,0,6,12,5,23,0,3,6,22,31,0,9,18,27,54,2,76,78,132
07/09/2016,VCT,TX,ASW,CE,Federal Contract Tower,0,1,3,4,8,0,0,13,2,15,0,1,16,6,23,2,16,18,41
07/10/2016,VCT,TX,ASW,CE,Federal Contract Tower,0,6,8,4,18,0,2,12,2,16,0,8,20,6,34,0,30,30,64
07/11/2016,VCT,TX,ASW,CE,Federal Contract Tower,0,6,5,14,25,0,0,4,29,33,0,6,9,43,58,0,150,150,208
07/12/2016,VCT,TX,ASW,CE,Federal Contract Tower,0,5,11,17,33,0,0,18,21,39,0,5,29,38,72,2,184,186,258
07/13/2016,VCT,TX,ASW,CE,Federal Contract Tower,0,6,2,21,29,0,0,18,18,36,0,6,20,39,65,0,160,160,225
07/14/2016,VCT,TX,ASW,CE,Federal Contract Tower,0,6,3,60,69,0,0,15,14,29,0,6,18,74,98,10,149,159,257
07/15/2016,VCT,TX,ASW,CE,Federal Contract Tower,0,6,9,18,33,0,0,27,11,38,0,6,36,29,71,6,96,102,173
07/16/2016,VCT,TX,ASW,CE,Federal Contract Tower,0,3,4,14,21,0,0,9,2,11,0,3,13,16,32,8,40,48,80
07/17/2016,VCT,TX,ASW,CE,Federal Contract Tower,0,2,2,17,21,0,0,28,4,32,0,2,30,21,53,0,30,30,83
07/18/2016,VCT,TX,ASW,CE,Federal Contract Tower,0,3,12,16,31,0,0,12,11,23,0,3,24,27,54,8,102,110,164
07/19/2016,VCT,TX,ASW,CE,Federal Contract Tower,0,7,7,50,64,0,0,13,14,27,0,7,20,64,91,8,170,178,269
07/20/2016,VCT,TX,ASW,CE,Federal Contract Tower,0,3,14,18,35,0,0,13,18,31,0,3,27,36,66,8,84,92,158
07/21/2016,VCT,TX,ASW,CE,Federal Contract Tower,0,9,4,26,39,0,0,16,16,32,0,9,20,42,71,0,154,154,225
07/22/2016,VCT,TX,ASW,CE,Federal Contract Tower,0,8,4,12,24,0,0,14,6,20,0,8,18,18,44,2,100,102,146
07/23/2016,VCT,TX,ASW,CE,Federal Contract Tower,0,3,2,11,16,0,0,7,9,16,0,3,9,20,32,16,58,74,106
07/24/2016,VCT,TX,ASW,CE,Federal Contract Tower,0,6,1,16,23,0,1,9,13,23,0,7,10,29,46,2,82,84,130
07/25/2016,VCT,TX,ASW,CE,Federal Contract Tower,0,5,3,22,30,0,0,7,10,17,0,5,10,32,47,4,46,50,97
07/26/2016,VCT,TX,ASW,CE,Federal Contract Tower,0,8,8,4,20,0,0,4,6,10,0,8,12,10,30,0,36,36,66
07/27/2016,VCT,TX,ASW,CE,Federal Contract Tower,0,6,1,35,42,0,0,0,14,14,0,6,1,49,56,2,140,142,198
07/28/2016,VCT,TX,ASW,CE,Federal Contract Tower,0,6,8,20,34,0,0,6,16,22,0,6,14,36,56,4,130,134,190
07/29/2016,VCT,TX,ASW,CE,Federal Contract Tower,0,6,4,14,24,0,0,4,7,11,0,6,8,21,35,0,84,84,119
07/30/2016,VCT,TX,ASW,CE,Federal Contract Tower,0,1,3,2,6,0,0,13,9,22,0,1,16,11,28,0,92,92,120
07/31/2016,VCT,TX,ASW,CE,Federal Contract Tower,0,4,0,22,26,0,0,18,0,18,0,4,18,22,44,4,22,26,70
08/01/2016,VCT,TX,ASW,CE,Federal Contract Tower,0,6,5,57,68,0,0,10,22,32,0,6,15,79,100,0,260,260,360
08/02/2016,VCT,TX,ASW,CE,Federal Contract Tower,0,7,7,53,67,0,0,10,30,40,0,7,17,83,107,8,186,194,301
08/03/2016,VCT,TX,ASW,CE,Federal Contract Tower,0,6,2,24,32,0,0,17,19,36,0,6,19,43,68,2,154,156,224
08/04/2016,VCT,TX,ASW,CE,Federal Contract Tower,0,5,4,43,52,0,0,24,25,49,0,5,28,68,101,4,276,280,381
08/05/2016,VCT,TX,ASW,CE,Federal Contract Tower,0,4,8,9,21,0,0,11,20,31,0,4,19,29,52,0,170,170,222
08/06/2016,VCT,TX,ASW,CE,Federal Contract Tower,0,1,9,7,17,0,0,8,2,10,0,1,17,9,27,0,20,20,47
08/07/2016,VCT,TX,ASW,CE,Federal Contract Tower,0,5,1,11,17,0,0,14,4,18,0,5,15,15,35,8,24,32,67
08/08/2016,VCT,TX,ASW,CE,Federal Contract Tower,0,5,4,25,34,0,0,15,20,35,0,5,19,45,69,14,168,182,251
08/09/2016,VCT,TX,ASW,CE,Federal Contract Tower,0,5,16,36,57,0,0,14,15,29,0,5,30,51,86,14,172,186,272
08/10/2016,VCT,TX,ASW,CE,Federal Contract Tower,0,5,2,60,67,0,0,3,21,24,0,5,5,81,91,0,174,174,265
08/11/2016,VCT,TX,ASW,CE,Federal Contract Tower,0,6,3,15,24,0,5,15,22,42,0,11,18,37,66,4,224,228,294
08/12/2016,VCT,TX,ASW,CE,Federal Contract Tower,0,4,6,20,30,0,0,15,11,26,0,4,21,31,56,26,118,144,200
08/13/2016,VCT,TX,ASW,CE,Federal Contract Tower,0,1,5,11,17,0,0,6,4,10,0,1,11,15,27,0,52,52,79
08/14/2016,VCT,TX,ASW,CE,Federal Contract Tower,0,8,4,0,12,0,0,2,0,2,0,8,6,0,14,0,0,0,14
08/15/2016,VCT,TX,ASW,CE,Federal Contract Tower,0,5,2,20,27,0,0,4,4,8,0,5,6,24,35,0,52,52,87
08/16/2016,VCT,TX,ASW,CE,Federal Contract Tower,0,10,3,0,13,0,0,1,2,3,0,10,4,2,16,0,0,0,16
08/17/2016,VCT,TX,ASW,CE,Federal Contract Tower,0,6,7,4,17,0,0,2,4,6,0,6,9,8,23,0,18,18,41
08/18/2016,VCT,TX,ASW,CE,Federal Contract Tower,0,9,2,21,32,0,0,12,21,33,0,9,14,42,65,2,126,128,193
08/19/2016,VCT,TX,ASW,CE,Federal Contract Tower,0,7,7,59,73,0,0,18,19,37,0,7,25,78,110,14,238,252,362
08/20/2016,VCT,TX,ASW,CE,Federal Contract Tower,0,1,6,3,10,0,0,7,12,19,0,1,13,15,29,6,86,92,121
08/21/2016,VCT,TX,ASW,CE,Federal Contract Tower,0,4,4,0,8,0,0,0,0,0,0,4,4,0,8,0,0,0,8
08/22/2016,VCT,TX,ASW,CE,Federal Contract Tower,0,5,13,58,76,0,0,11,17,28,0,5,24,75,104,4,270,274,378
08/23/2016,VCT,TX,ASW,CE,Federal Contract Tower,0,5,8,53,66,0,2,20,18,40,0,7,28,71,106,4,236,240,346
08/24/2016,VCT,TX,ASW,CE,Federal Contract Tower,0,6,6,25,37,0,0,10,25,35,0,6,16,50,72,0,194,194,266
08/25/2016,VCT,TX,ASW,CE,Federal Contract Tower,0,6,9,22,37,0,1,9,46,56,0,7,18,68,93,3,131,134,227
08/26/2016,VCT,TX,ASW,CE,Federal Contract Tower,0,5,1,2,8,0,1,5,4,10,0,6,6,6,18,6,61,67,85
08/27/2016,VCT,TX,ASW,CE,Federal Contract Tower,0,2,0,12,14,0,0,13,6,19,0,2,13,18,33,4,50,54,87
08/28/2016,VCT,TX,ASW,CE,Federal Contract Tower,0,4,2,8,14,0,2,8,0,10,0,6,10,8,24,0,8,8,32
08/29/2016,VCT,TX,ASW,CE,Federal Contract Tower,0,5,1,21,27,0,0,11,5,16,0,5,12,26,43,0,48,48,91
08/30/2016,VCT,TX,ASW,CE,Federal Contract Tower,0,13,6,7,26,0,1,10,2,13,0,14,16,9,39,2,14,16,55
08/31/2016,VCT,TX,ASW,CE,Federal Contract Tower,0,6,4,5,15,0,0,9,8,17,0,6,13,13,32,4,68,72,104
09/01/2016,VCT,TX,ASW,CE,Federal Contract Tower,0,6,3,56,65,0,0,18,45,63,0,6,21,101,128,4,186,190,318
09/02/2016,VCT,TX,ASW,CE,Federal Contract Tower,0,7,6,2,15,0,0,9,8,17,0,7,15,10,32,0,24,24,56
09/03/2016,VCT,TX,ASW,CE,Federal Contract Tower,0,1,3,6,10,0,0,9,0,9,0,1,12,6,19,0,0,0,19
09/04/2016,VCT,TX,ASW,CE,Federal Contract Tower,0,6,3,0,9,0,0,0,0,0,0,6,3,0,9,0,0,0,9
09/05/2016,VCT,TX,ASW,CE,Federal Contract Tower,0,5,3,0,8,0,0,15,0,15,0,5,18,0,23,4,0,4,27
09/06/2016,VCT,TX,ASW,CE,Federal Contract Tower,0,6,1,60,67,0,0,20,11,31,0,6,21,71,98,30,160,190,288
09/07/2016,VCT,TX,ASW,CE,Federal Contract Tower,0,10,4,17,31,0,0,12,9,21,0,10,16,26,52,0,178,178,230
09/08/2016,VCT,TX,ASW,CE,Federal Contract Tower,0,9,7,31,47,0,0,17,19,36,0,9,24,50,83,6,136,142,225
09/09/2016,VCT,TX,ASW,CE,Federal Contract Tower,0,9,4,42,55,0,1,15,11,27,0,10,19,53,82,6,138,144,226
09/10/2016,VCT,TX,ASW,CE,Federal Contract Tower,0,1,2,9,12,0,0,12,1,13,0,1,14,10,25,2,8,10,35
09/11/2016,VCT,TX,ASW,CE,Federal Contract Tower,0,5,8,8,21,0,0,16,2,18,0,5,24,10,39,6,24,30,69
09/12/2016,VCT,TX,ASW,CE,Federal Contract Tower,0,9,7,14,30,0,0,18,11,29,0,9,25,25,59,0,92,92,151
09/13/2016,VCT,TX,ASW,CE,Federal Contract Tower,0,6,1,24,31,0,0,12,18,30,0,6,13,42,61,0,150,150,211
09/14/2016,VCT,TX,ASW,CE,Federal Contract Tower,0,9,5,18,32,0,0,10,15,25,0,9,15,33,57,0,120,120,177
09/15/2016,VCT,TX,ASW,CE,Federal Contract Tower,0,6,7,30,43,0,0,12,22,34,0,6,19,52,77,2,110,112,189
09/16/2016,VCT,TX,ASW,CE,Federal Contract Tower,0,6,11,13,30,0,0,6,29,35,0,6,17,42,65,2,146,148,213
09/17/2016,VCT,TX,ASW,CE,Federal Contract Tower,0,1,1,1,3,0,0,10,3,13,0,1,11,4,16,16,8,24,40
09/18/2016,VCT,TX,ASW,CE,Federal Contract Tower,0,4,3,11,18,0,0,14,1,15,0,4,17,12,33,4,10,14,47
09/19/2016,VCT,TX,ASW,CE,Federal Contract Tower,0,8,8,24,40,0,0,13,27,40,0,8,21,51,80,12,232,244,324
09/20/2016,VCT,TX,ASW,CE,Federal Contract Tower,0,4,11,27,42,0,2,14,13,29,0,6,25,40,71,4,60,64,135
09/21/2016,VCT,TX,ASW,CE,Federal Contract Tower,0,7,4,32,43,0,1,22,8,31,0,8,26,40,74,4,68,72,146
09/22/2016,VCT,TX,ASW,CE,Federal Contract Tower,0,6,3,19,28,0,2,6,13,21,0,8,9,32,49,2,102,104,153
09/23/2016,VCT,TX,ASW,CE,Federal Contract Tower,0,5,4,20,29,0,3,9,8,20,0,8,13,28,49,0,90,90,139
09/24/2016,VCT,TX,ASW,CE,Federal Contract Tower,0,2,0,0,2,0,0,4,0,4,0,2,4,0,6,0,0,0,6
09/25/2016,VCT,TX,ASW,CE,Federal Contract Tower,0,8,8,0,16,0,0,3,5,8,0,8,11,5,24,0,32,32,56
09/26/2016,VCT,TX,ASW,CE,Federal Contract Tower,0,7,3,0,10,0,2,0,5,7,0,9,3,5,17,0,20,20,37
09/27/2016,VCT,TX,ASW,CE,Federal Contract Tower,0,6,5,39,50,0,3,14,17,34,0,9,19,56,84,2,348,350,434
09/28/2016,VCT,TX,ASW,CE,Federal Contract Tower,0,7,3,34,44,0,0,20,22,42,0,7,23,56,86,4,150,154,240
09/29/2016,VCT,TX,ASW,CE,Federal Contract Tower,0,9,5,7,21,0,0,17,20,37,0,9,22,27,58,0,116,116,174
09/30/2016,VCT,TX,ASW,CE,Federal Contract Tower,0,6,7,2,15,0,0,9,5,14,0,6,16,7,29,2,10,12,41
10/01/2016,VCT,TX,ASW,CE,Federal Contract Tower,0,1,1,0,2,0,0,5,0,5,0,1,6,0,7,4,0,4,11
10/02/2016,VCT,TX,ASW,CE,Federal Contract Tower,0,5,5,0,10,0,0,14,0,14,0,5,19,0,24,0,0,0,24
10/03/2016,VCT,TX,ASW,CE,Federal Contract Tower,0,6,3,39,48,0,0,11,11,22,0,6,14,50,70,0,128,128,198
10/04/2016,VCT,TX,ASW,CE,Federal Contract Tower,0,6,11,41,58,0,2,10,35,47,0,8,21,76,105,2,282,284,389
10/05/2016,VCT,TX,ASW,CE,Federal Contract Tower,0,8,10,47,65,0,1,8,8,17,0,9,18,55,82,2,130,132,214
10/06/2016,VCT,TX,ASW,CE,Federal Contract Tower,0,2,2,12,16,0,1,6,17,24,0,3,8,29,40,0,152,152,192
10/07/2016,VCT,TX,ASW,CE,Federal Contract Tower,0,6,11,11,28,0,2,13,6,21,0,8,24,17,49,6,48,54,103
10/08/2016,VCT,TX,ASW,CE,Federal Contract Tower,0,4,4,5,13,0,2,14,1,17,0,6,18,6,30,10,4,14,44
10/09/2016,VCT,TX,ASW,CE,Federal Contract Tower,0,4,4,11,19,0,0,14,1,15,0,4,18,12,34,0,22,22,56
10/10/2016,VCT,TX,ASW,CE,Federal Contract Tower,0,8,0,0,8,0,1,10,0,11,0,9,10,0,19,8,0,8,27
10/11/2016,VCT,TX,ASW,CE,Federal Contract Tower,0,6,7,35,48,0,2,11,14,27,0,8,18,49,75,2,104,106,181
10/12/2016,VCT,TX,ASW,CE,Federal Contract Tower,0,14,8,36,58,0,0,6,19,25,0,14,14,55,83,0,116,116,199
10/13/2016,VCT,TX,ASW,CE,Federal Contract Tower,0,11,9,43,63,0,3,22,20,45,0,14,31,63,108,4,142,146,254
10/14/2016,VCT,TX,ASW,CE,Federal Contract Tower,0,8,15,13,36,0,4,9,7,20,0,12,24,20,56,2,82,84,140
10/15/2016,VCT,TX,ASW,CE,Federal Contract Tower,0,1,0,4,5,0,0,13,0,13,0,1,13,4,18,4,4,8,26
10/16/2016,VCT,TX,ASW,CE,Federal Contract Tower,0,4,7,4,15,0,0,17,4,21,0,4,24,8,36,2,38,40,76
10/17/2016,VCT,TX,ASW,CE,Federal Contract Tower,0,5,9,20,34,0,2,18,33,53,0,7,27,53,87,4,272,276,363
10/18/2016,VCT,TX,ASW,CE,Federal Contract Tower,0,7,4,27,38,0,2,17,24,43,0,9,21,51,81,2,230,232,313
10/19/2016,VCT,TX,ASW,CE,Federal Contract Tower,0,6,32,51,89,0,1,16,35,52,0,7,48,86,141,28,198,226,367
10/20/2016,VCT,TX,ASW,CE,Federal Contract Tower,0,6,28,14,48,0,2,1,11,14,0,8,29,25,62,24,66,90,152
10/21/2016,VCT,TX,ASW,CE,Federal Contract Tower,0,6,2,15,23,0,0,27,9,36,0,6,29,24,59,2,20,22,81
10/22/2016,VCT,TX,ASW,CE,Federal Contract Tower,0,1,3,13,17,0,6,24,9,39,0,7,27,22,56,14,68,82,138
10/23/2016,VCT,TX,ASW,CE,Federal Contract Tower,0,4,3,16,23,0,2,21,0,23,0,6,24,16,46,8,16,24,70
10/24/2016,VCT,TX,ASW,CE,Federal Contract Tower,0,5,6,56,67,0,0,16,19,35,0,5,22,75,102,0,162,162,264
10/25/2016,VCT,TX,ASW,CE,Federal Contract Tower,0,7,3,17,27,0,2,7,15,24,0,9,10,32,51,0,62,62,113
10/26/2016,VCT,TX,ASW,CE,Federal Contract Tower,0,6,5,23,34,0,5,30,24,59,0,11,35,47,93,6,206,212,305
10/27/2016,VCT,TX,ASW,CE,Federal Contract Tower,0,9,5,43,57,0,0,15,11,26,0,9,20,54,83,2,148,150,233
10/28/2016,VCT,TX,ASW,CE,Federal Contract Tower,0,6,5,9,20,0,3,20,8,31,0,9,25,17,51,0,74,74,125
10/29/2016,VCT,TX,ASW,CE,Federal Contract Tower,0,1,7,8,16,0,0,2,4,6,0,1,9,12,22,4,36,40,62
10/30/2016,VCT,TX,ASW,CE,Federal Contract Tower,0,6,1,11,18,0,0,25,7,32,0,6,26,18,50,12,50,62,112
10/31/2016,VCT,TX,ASW,CE,Federal Contract Tower,0,5,4,15,24,0,2,16,4,22,0,7,20,19,46,0,32,32,78
11/01/2016,VCT,TX,ASW,CE,Federal Contract Tower,0,6,7,20,33,0,1,6,5,12,0,7,13,25,45,2,70,72,117
11/02/2016,VCT,TX,ASW,CE,Federal Contract Tower,0,6,7,27,40,0,0,11,22,33,0,6,18,49,73,2,186,188,261
11/03/2016,VCT,TX,ASW,CE,Federal Contract Tower,0,6,5,37,48,0,0,8,14,22,0,6,13,51,70,0,198,198,268
11/04/2016,VCT,TX,ASW,CE,Federal Contract Tower,0,7,11,26,44,0,0,1,4,5,0,7,12,30,49,2,30,32,81
11/05/2016,VCT,TX,ASW,CE,Federal Contract Tower,0,1,5,2,8,0,0,8,3,11,0,1,13,5,19,4,42,46,65
11/06/2016,VCT,TX,ASW,CE,Federal Contract Tower,0,4,2,9,15,0,0,4,3,7,0,4,6,12,22,8,20,28,50
11/07/2016,VCT,TX,ASW,CE,Federal Contract Tower,0,5,7,6,18,0,0,2,9,11,0,5,9,15,29,0,48,48,77
11/08/2016,VCT,TX,ASW,CE,Federal Contract Tower,0,7,6,23,36,0,2,3,1,6,0,9,9,24,42,0,22,22,64
11/09/2016,VCT,TX,ASW,CE,Federal Contract Tower,0,7,5,48,60,0,0,12,9,21,0,7,17,57,81,8,168,176,257
11/10/2016,VCT,TX,ASW,CE,Federal Contract Tower,0,6,6,21,33,0,0,21,13,34,0,6,27,34,67,18,150,168,235
11/11/2016,VCT,TX,ASW,CE,Federal Contract Tower,0,8,7,0,15,0,0,174,0,174,0,8,181,0,189,0,0,0,189
11/12/2016,VCT,TX,ASW,CE,Federal Contract Tower,0,2,5,0,7,0,0,15,0,15,0,2,20,0,22,6,0,6,28
11/13/2016,VCT,TX,ASW,CE,Federal Contract Tower,0,6,10,0,16,0,0,8,0,8,0,6,18,0,24,0,0,0,24
11/14/2016,VCT,TX,ASW,CE,Federal Contract Tower,0,5,3,21,29,0,0,4,9,13,0,5,7,30,42,2,40,42,84
11/15/2016,VCT,TX,ASW,CE,Federal Contract Tower,0,7,15,11,33,0,0,12,20,32,0,7,27,31,65,4,130,134,199
11/16/2016,VCT,TX,ASW,CE,Federal Contract Tower,0,6,15,37,58,0,4,24,21,49,0,10,39,58,107,0,146,146,253
11/17/2016,VCT,TX,ASW,CE,Federal Contract Tower,0,6,5,6,17,0,0,18,8,26,0,6,23,14,43,10,52,62,105
11/18/2016,VCT,TX,ASW,CE,Federal Contract Tower,0,6,14,27,47,0,3,7,4,14,0,9,21,31,61,4,46,50,111
11/19/2016,VCT,TX,ASW,CE,Federal Contract Tower,0,2,5,16,23,0,0,11,8,19,0,2,16,24,42,6,50,56,98
11/20/2016,VCT,TX,ASW,CE,Federal Contract Tower,0,4,5,17,26,0,0,37,8,45,0,4,42,25,71,14,64,78,149
11/21/2016,VCT,TX,ASW,CE,Federal Contract Tower,0,5,4,58,67,0,0,8,25,33,0,5,12,83,100,2,254,256,356
11/22/2016,VCT,TX,ASW,CE,Federal Contract Tower,0,8,7,33,48,0,1,14,21,36,0,9,21,54,84,2,230,232,316
11/23/2016,VCT,TX,ASW,CE,Federal Contract Tower,0,8,8,8,24,0,0,21,0,21,0,8,29,8,45,10,8,18,63
11/24/2016,VCT,TX,ASW,CE,Federal Contract Tower,0,0,1,0,1,0,0,4,0,4,0,0,5,0,5,0,0,0,5
11/25/2016,VCT,TX,ASW,CE,Federal Contract Tower,0,6,10,0,16,0,0,14,0,14,0,6,24,0,30,4,0,4,34
11/26/2016,VCT,TX,ASW,CE,Federal Contract Tower,0,1,15,0,16,0,0,22,0,22,0,1,37,0,38,10,0,10,48
11/27/2016,VCT,TX,ASW,CE,Federal Contract Tower,0,4,5,0,9,0,0,10,0,10,0,4,15,0,19,4,0,4,23
11/28/2016,VCT,TX,ASW,CE,Federal Contract Tower,0,5,5,45,55,0,5,5,21,31,0,10,10,66,86,0,290,290,376
11/29/2016,VCT,TX,ASW,CE,Federal Contract Tower,0,5,3,21,29,0,4,6,11,21,0,9,9,32,50,0,98,98,148
11/30/2016,VCT,TX,ASW,CE,Federal Contract Tower,0,6,14,20,40,0,0,26,35,61,0,6,40,55,101,6,216,222,323
12/01/2016,VCT,TX,ASW,CE,Federal Contract Tower,0,6,8,10,24,0,1,22,23,46,0,7,30,33,70,8,168,176,246
12/02/2016,VCT,TX,ASW,CE,Federal Contract Tower,0,6,9,34,49,0,0,4,7,11,0,6,13,41,60,10,95,105,165
12/03/2016,VCT,TX,ASW,CE,Federal Contract Tower,0,1,5,0,6,0,0,0,0,0,0,1,5,0,6,0,0,0,6
12/04/2016,VCT,TX,ASW,CE,Federal Contract Tower,0,7,6,0,13,0,0,0,0,0,0,7,6,0,13,2,0,2,15
12/05/2016,VCT,TX,ASW,CE,Federal Contract Tower,0,7,5,16,28,0,0,2,0,2,0,7,7,16,30,2,8,10,40
12/06/2016,VCT,TX,ASW,CE,Federal Contract Tower,0,9,13,26,48,0,0,27,32,59,0,9,40,58,107,10,224,234,341
12/07/2016,VCT,TX,ASW,CE,Federal Contract Tower,0,12,8,18,38,0,3,2,0,5,0,15,10,18,43,0,12,12,55
12/08/2016,VCT,TX,ASW,CE,Federal Contract Tower,0,7,13,19,39,0,0,2,0,2,0,7,15,19,41,0,8,8,49
12/09/2016,VCT,TX,ASW,CE,Federal Contract Tower,0,11,7,30,48,0,0,10,7,17,0,11,17,37,65,2,140,142,207
12/10/2016,VCT,TX,ASW,CE,Federal Contract Tower,0,1,3,12,16,0,2,4,2,8,0,3,7,14,24,0,10,10,34
12/11/2016,VCT,TX,ASW,CE,Federal Contract Tower,0,4,5,12,21,0,0,5,6,11,0,4,10,18,32,0,32,32,64
12/12/2016,VCT,TX,ASW,CE,Federal Contract Tower,0,10,5,22,37,0,0,1,1,2,0,10,6,23,39,2,22,24,63
12/13/2016,VCT,TX,ASW,CE,Federal Contract Tower,0,11,14,13,38,0,0,3,0,3,0,11,17,13,41,2,4,6,47
12/14/2016,VCT,TX,ASW,CE,Federal Contract Tower,0,8,6,62,76,0,2,12,1,15,0,10,18,63,91,0,82,82,173
12/15/2016,VCT,TX,ASW,CE,Federal Contract Tower,0,10,6,49,65,0,0,16,31,47,0,10,22,80,112,4,322,326,438
12/16/2016,VCT,TX,ASW,CE,Federal Contract Tower,0,8,12,6,26,0,0,3,0,3,0,8,15,6,29,0,6,6,35
12/17/2016,VCT,TX,ASW,CE,Federal Contract Tower,0,3,7,4,14,0,2,0,0,2,0,5,7,4,16,0,4,4,20
12/18/2016,VCT,TX,ASW,CE,Federal Contract Tower,0,6,4,2,12,0,0,3,4,7,0,6,7,6,19,4,42,46,65
12/19/2016,VCT,TX,ASW,CE,Federal Contract Tower,0,7,3,28,38,0,0,6,14,20,0,7,9,42,58,12,76,88,146
12/20/2016,VCT,TX,ASW,CE,Federal Contract Tower,0,9,2,12,23,0,4,19,7,30,0,13,21,19,53,10,64,74,127
12/21/2016,VCT,TX,ASW,CE,Federal Contract Tower,0,8,4,27,39,0,1,16,14,31,0,9,20,41,70,4,74,78,148
12/22/2016,VCT,TX,ASW,CE,Federal Contract Tower,0,8,8,16,32,0,1,12,0,13,0,9,20,16,45,0,16,16,61
12/23/2016,VCT,TX,ASW,CE,Federal Contract Tower,0,10,8,0,18,0,0,0,0,0,0,10,8,0,18,0,0,0,18
12/24/2016,VCT,TX,ASW,CE,Federal Contract Tower,0,1,4,0,5,0,0,1,0,1,0,1,5,0,6,0,0,0,6
12/25/2016,VCT,TX,ASW,CE,Federal Contract Tower,0,0,1,0,1,0,0,1,0,1,0,0,2,0,2,0,0,0,2
12/26/2016,VCT,TX,ASW,CE,Federal Contract Tower,0,4,3,0,7,0,0,3,0,3,0,4,6,0,10,0,0,0,10
12/27/2016,VCT,TX,ASW,CE,Federal Contract Tower,0,4,12,0,16,0,0,2,1,3,0,4,14,1,19,0,6,6,25
12/28/2016,VCT,TX,ASW,CE,Federal Contract Tower,0,6,5,8,19,0,0,9,0,9,0,6,14,8,28,2,6,8,36
12/29/2016,VCT,TX,ASW,CE,Federal Contract Tower,0,10,5,8,23,0,0,9,3,12,0,10,14,11,35,10,40,50,85
12/30/2016,VCT,TX,ASW,CE,Federal Contract Tower,0,8,21,0,29,0,3,25,0,28,0,11,46,0,57,22,0,22,79
12/31/2016,VCT,TX,ASW,CE,Federal Contract Tower,0,1,7,4,12,0,1,0,0,1,0,2,7,4,13,0,4,4,17
01/01/2017,VCT,TX,ASW,CE,Federal Contract Tower,0,4,2,0,6,0,0,6,0,6,0,4,8,0,12,0,0,0,12
01/02/2017,VCT,TX,ASW,CE,Federal Contract Tower,0,4,7,1,12,0,3,15,1,19,0,7,22,2,31,0,0,0,31
01/03/2017,VCT,TX,ASW,CE,Federal Contract Tower,0,5,5,11,21,0,0,21,13,34,0,5,26,24,55,18,106,124,179
01/04/2017,VCT,TX,ASW,CE,Federal Contract Tower,0,6,6,48,60,0,0,15,22,37,0,6,21,70,97,6,228,234,331
01/05/2017,VCT,TX,ASW,CE,Federal Contract Tower,0,5,1,18,24,0,0,4,2,6,0,5,5,20,30,0,24,24,54
01/06/2017,VCT,TX,ASW,CE,Federal Contract Tower,0,4,4,2,10,0,0,0,0,0,0,4,4,2,10,0,16,16,26
01/07/2017,VCT,TX,ASW,CE,Federal Contract Tower,0,3,1,10,14,0,0,17,13,30,0,3,18,23,44,0,120,120,164
01/08/2017,VCT,TX,ASW,CE,Federal Contract Tower,0,4,7,4,15,0,0,12,0,12,0,4,19,4,27,0,4,4,31
01/09/2017,VCT,TX,ASW,CE,Federal Contract Tower,0,7,3,50,60,0,0,11,30,41,0,7,14,80,101,0,230,230,331
01/10/2017,VCT,TX,ASW,CE,Federal Contract Tower,0,8,6,48,62,0,0,11,34,45,0,8,17,82,107,2,234,236,343
01/11/2017,VCT,TX,ASW,CE,Federal Contract Tower,0,5,7,55,67,0,2,3,14,19,0,7,10,69,86,2,164,166,252
01/12/2017,VCT,TX,ASW,CE,Federal Contract Tower,0,6,5,25,36,0,0,2,34,36,0,6,7,59,72,0,178,178,250
01/13/2017,VCT,TX,ASW,CE,Federal Contract Tower,0,4,9,23,36,0,1,9,5,15,0,5,18,28,51,12,78,90,141
01/14/2017,VCT,TX,ASW,CE,Federal Contract Tower,0,1,8,14,23,0,1,2,2,5,0,2,10,16,28,4,14,18,46
01/15/2017,VCT,TX,ASW,CE,Federal Contract Tower,0,2,0,4,6,0,0,2,0,2,0,2,2,4,8,0,4,4,12
01/16/2017,VCT,TX,ASW,CE,Federal Contract Tower,0,4,3,0,7,0,0,1,0,1,0,4,4,0,8,2,0,2,10
01/17/2017,VCT,TX,ASW,CE,Federal Contract Tower,0,7,8,10,25,0,0,0,0,0,0,7,8,10,25,0,8,8,33
01/18/2017,VCT,TX,ASW,CE,Federal Contract Tower,0,6,4,22,32,0,0,0,0,0,0,6,4,22,32,0,18,18,50
01/19/2017,VCT,TX,ASW,CE,Federal Contract Tower,0,6,0,22,28,0,2,1,6,9,0,8,1,28,37,0,110,110,147
01/20/2017,VCT,TX,ASW,CE,Federal Contract Tower,0,5,7,8,20,0,0,5,0,5,0,5,12,8,25,0,4,4,29
01/21/2017,VCT,TX,ASW,CE,Federal Contract Tower,0,1,3,23,27,0,0,11,19,30,0,1,14,42,57,2,202,204,261
01/22/2017,VCT,TX,ASW,CE,Federal Contract Tower,0,3,0,0,3,0,0,7,0,7,0,3,7,0,10,0,0,0,10
01/23/2017,VCT,TX,ASW,CE,Federal Contract Tower,0,5,2,16,23,0,0,35,28,63,0,5,37,44,86,2,302,304,390
01/24/2017,VCT,TX,ASW,CE,Federal Contract Tower,0,6,12,37,55,0,0,16,17,33,0,6,28,54,88,2,94,96,184
01/25/2017,VCT,TX,ASW,CE,Federal Contract Tower,0,6,11,15,32,0,0,5,23,28,0,6,16,38,60,0,202,202,262
01/26/2017,VCT,TX,ASW,CE,Federal Contract Tower,0,6,3,28,37,0,3,20,34,57,0,9,23,62,94,4,298,302,396
01/27/2017,VCT,TX,ASW,CE,Federal Contract Tower,0,6,9,26,41,0,0,26,10,36,0,6,35,36,77,0,92,92,169
01/28/2017,VCT,TX,ASW,CE,Federal Contract Tower,0,1,1,2,4,0,0,11,3,14,0,1,12,5,18,8,14,22,40
01/29/2017,VCT,TX,ASW,CE,Federal Contract Tower,0,6,4,12,22,0,0,16,2,18,0,6,20,14,40,2,16,18,58
01/30/2017,VCT,TX,ASW,CE,Federal Contract Tower,0,5,10,32,47,0,0,20,16,36,0,5,30,48,83,0,136,136,219
01/31/2017,VCT,TX,ASW,CE,Federal Contract Tower,0,6,9,35,50,0,0,17,35,52,0,6,26,70,102,10,290,300,402
02/01/2017,VCT,TX,ASW,CE,Federal Contract Tower,0,5,9,25,39,0,0,17,32,49,0,5,26,57,88,4,247,251,339
02/02/2017,VCT,TX,ASW,CE,Federal Contract Tower,0,8,7,36,51,0,6,1,0,7,0,14,8,36,58,2,26,28,86
02/03/2017,VCT,TX,ASW,CE,Federal Contract Tower,0,7,5,29,41,0,2,1,4,7,0,9,6,33,48,6,146,152,200
02/04/2017,VCT,TX,ASW,CE,Federal Contract Tower,0,2,2,2,6,0,0,0,0,0,0,2,2,2,6,0,2,2,8
02/05/2017,VCT,TX,ASW,CE,Federal Contract Tower,0,5,6,0,11,0,0,9,0,9,0,5,15,0,20,18,0,18,38
02/06/2017,VCT,TX,ASW,CE,Federal Contract Tower,0,3,9,35,47,0,0,10,6,16,0,3,19,41,63,2,112,114,177
02/07/2017,VCT,TX,ASW,CE,Federal Contract Tower,0,5,6,45,56,0,0,18,27,45,0,5,24,72,101,16,258,274,375
02/08/2017,VCT,TX,ASW,CE,Federal Contract Tower,0,8,6,22,36,0,0,22,28,50,0,8,28,50,86,10,230,240,326
02/09/2017,VCT,TX,ASW,CE,Federal Contract Tower,0,6,3,12,21,0,0,22,38,60,0,6,25,50,81,0,180,180,261
02/10/2017,VCT,TX,ASW,CE,Federal Contract Tower,0,8,5,20,33,0,0,15,8,23,0,8,20,28,56,4,44,48,104
02/11/2017,VCT,TX,ASW,CE,Federal Contract Tower,0,5,1,5,11,0,0,4,4,8,0,5,5,9,19,2,24,26,45
02/12/2017,VCT,TX,ASW,CE,Federal Contract Tower,0,6,4,6,16,0,0,7,7,14,0,6,11,13,30,2,46,48,78
02/13/2017,VCT,TX,ASW,CE,Federal Contract Tower,0,9,7,15,31,0,0,3,0,3,0,9,10,15,34,2,16,18,52
02/14/2017,VCT,TX,ASW,CE,Federal Contract Tower,0,6,2,27,35,0,2,5,5,12,0,8,7,32,47,0,82,82,129
02/15/2017,VCT,TX,ASW,CE,Federal Contract Tower,0,7,4,23,34,0,0,11,39,50,0,7,15,62,84,8,334,342,426
02/16/2017,VCT,TX,ASW,CE,Federal Contract Tower,0,5,6,43,54,0,4,24,22,50,0,9,30,65,104,6,154,160,264
02/17/2017,VCT,TX,ASW,CE,Federal Contract Tower,0,6,6,26,38,0,0,13,6,19,0,6,19,32,57,16,88,104,161
02/18/2017,VCT,TX,ASW,CE,Federal Contract Tower,0,3,5,4,12,0,1,8,4,13,0,4,13,8,25,0,30,30,55
02/19/2017,VCT,TX,ASW,CE,Federal Contract Tower,0,9,2,0,11,0,0,2,0,2,0,9,4,0,13,0,0,0,13
02/20/2017,VCT,TX,ASW,CE,Federal Contract Tower,0,6,3,2,11,0,1,7,0,8,0,7,10,2,19,0,2,2,21
02/21/2017,VCT,TX,ASW,CE,Federal Contract Tower,0,6,7,35,48,0,4,18,17,39,0,10,25,52,87,4,234,238,325
02/22/2017,VCT,TX,ASW,CE,Federal Contract Tower,0,5,2,20,27,0,1,41,47,89,0,6,43,67,116,34,354,388,504
02/23/2017,VCT,TX,ASW,CE,Federal Contract Tower,0,8,1,15,24,0,6,43,14,63,0,14,44,29,87,0,104,104,191
02/24/2017,VCT,TX,ASW,CE,Federal Contract Tower,0,5,4,9,18,0,1,27,29,57,0,6,31,38,75,10,100,110,185
02/25/2017,VCT,TX,ASW,CE,Federal Contract Tower,0,1,0,6,7,0,0,19,8,27,0,1,19,14,34,2,68,70,104
02/26/2017,VCT,TX,ASW,CE,Federal Contract Tower,0,5,3,22,30,0,0,6,0,6,0,5,9,22,36,2,18,20,56
02/27/2017,VCT,TX,ASW,CE,Federal Contract Tower,0,6,8,25,39,0,0,9,35,44,0,6,17,60,83,0,258,258,341
02/28/2017,VCT,TX,ASW,CE,Federal Contract Tower,0,6,9,40,55,0,0,6,10,16,0,6,15,50,71,0,112,112,183
03/01/2017,VCT,TX,ASW,CE,Federal Contract Tower,0,7,7,31,45,0,1,9,18,28,0,8,16,49,73,0,138,138,211
03/02/2017,VCT,TX,ASW,CE,Federal Contract Tower,0,6,14,16,36,0,1,21,25,47,0,7,35,41,83,14,102,116,199
03/03/2017,VCT,TX,ASW,CE,Federal Contract Tower,0,7,11,25,43,0,0,13,13,26,0,7,24,38,69,2,150,152,221
03/04/2017,VCT,TX,ASW,CE,Federal Contract Tower,0,1,6,21,28,0,0,9,0,9,0,1,15,21,37,2,18,20,57
03/05/2017,VCT,TX,ASW,CE,Federal Contract Tower,0,5,4,20,29,0,0,6,4,10,0,5,10,24,39,0,44,44,83
03/06/2017,VCT,TX,ASW,CE,Federal Contract Tower,0,6,9,21,36,0,0,3,0,3,0,6,12,21,39,0,42,42,81
03/07/2017,VCT,TX,ASW,CE,Federal Contract Tower,0,6,8,13,27,0,0,2,0,2,0,6,10,13,29,2,10,12,41
03/08/2017,VCT,TX,ASW,CE,Federal Contract Tower,0,6,11,17,34,0,1,17,8,26,0,7,28,25,60,2,164,166,226
03/09/2017,VCT,TX,ASW,CE,Federal Contract Tower,0,6,4,14,24,0,0,5,0,5,0,6,9,14,29,4,12,16,45
03/10/2017,VCT,TX,ASW,CE,Federal Contract Tower,0,10,9,1,20,0,0,4,3,7,0,10,13,4,27,0,0,0,27
03/11/2017,VCT,TX,ASW,CE,Federal Contract Tower,0,3,5,2,10,0,0,0,0,0,0,3,5,2,10,0,2,2,12
03/12/2017,VCT,TX,ASW,CE,Federal Contract Tower,0,6,2,7,15,0,0,0,0,0,0,6,2,7,15,0,6,6,21
03/13/2017,VCT,TX,ASW,CE,Federal Contract Tower,0,5,11,18,34,0,4,17,12,33,0,9,28,30,67,14,108,122,189
03/14/2017,VCT,TX,ASW,CE,Federal Contract Tower,0,7,7,43,57,0,2,38,17,57,0,9,45,60,114,24,148,172,286
03/15/2017,VCT,TX,ASW,CE,Federal Contract Tower,0,8,3,27,38,0,2,22,25,49,0,10,25,52,87,4,230,234,321
03/16/2017,VCT,TX,ASW,CE,Federal Contract Tower,0,6,6,16,28,0,0,20,16,36,0,6,26,32,64,12,100,112,176
03/17/2017,VCT,TX,ASW,CE,Federal Contract Tower,0,6,4,14,24,0,2,5,2,9,0,8,9,16,33,0,50,50,83
03/18/2017,VCT,TX,ASW,CE,Federal Contract Tower,0,3,5,14,22,0,3,8,0,11,0,6,13,14,33,0,14,14,47
03/19/2017,VCT,TX,ASW,CE,Federal Contract Tower,0,5,0,10,15,0,3,17,4,24,0,8,17,14,39,2,24,26,65
03/20/2017,VCT,TX,ASW,CE,Federal Contract Tower,0,5,8,16,29,0,2,11,36,49,0,7,19,52,78,0,336,336,414
03/21/2017,VCT,TX,ASW,CE,Federal Contract Tower,0,9,5,14,28,0,1,19,25,45,0,10,24,39,73,0,220,220,293
03/22/2017,VCT,TX,ASW,CE,Federal Contract Tower,0,7,3,34,44,0,0,25,18,43,0,7,28,52,87,2,198,200,287
03/23/2017,VCT,TX,ASW,CE,Federal Contract Tower,0,5,5,2,12,0,2,17,0,19,0,7,22,2,31,0,0,0,31
03/24/2017,VCT,TX,ASW,CE,Federal Contract Tower,0,8,5,2,15,0,8,2,0,10,0,16,7,2,25,0,0,0,25
03/25/2017,VCT,TX,ASW,CE,Federal Contract Tower,0,1,1,0,2,0,6,13,2,21,0,7,14,2,23,0,2,2,25
03/26/2017,VCT,TX,ASW,CE,Federal Contract Tower,0,4,5,1,10,0,4,10,1,15,0,8,15,2,25,0,0,0,25
03/27/2017,VCT,TX,ASW,CE,Federal Contract Tower,0,5,3,25,33,0,0,14,17,31,0,5,17,42,64,4,146,150,214
03/28/2017,VCT,TX,ASW,CE,Federal Contract Tower,0,8,3,37,48,0,2,5,20,27,0,10,8,57,75,2,194,196,271
03/29/2017,VCT,TX,ASW,CE,Federal Contract Tower,0,5,7,23,35,0,2,8,13,23,0,7,15,36,58,4,138,142,200
03/30/2017,VCT,TX,ASW,CE,Federal Contract Tower,0,4,6,40,50,0,6,51,9,66,0,10,57,49,116,20,140,160,276
03/31/2017,VCT,TX,ASW,CE,Federal Contract Tower,0,7,7,2,16,0,5,14,6,25,0,12,21,8,41,6,38,44,85
04/01/2017,VCT,TX,ASW,CE,Federal Contract Tower,0,1,4,0,5,0,0,5,0,5,0,1,9,0,10,6,16,22,32
04/02/2017,VCT,TX,ASW,CE,Federal Contract Tower,0,0,1,0,1,0,3,2,0,5,0,3,3,0,6,0,0,0,6
04/03/2017,VCT,TX,ASW,CE,Federal Contract Tower,0,3,5,33,41,0,9,9,16,34,0,12,14,49,75,0,198,198,273
04/04/2017,VCT,TX,ASW,CE,Federal Contract Tower,0,5,0,59,64,0,0,18,33,51,0,5,18,92,115,2,268,270,385
04/05/2017,VCT,TX,ASW,CE,Federal Contract Tower,0,6,5,21,32,0,0,13,15,28,0,6,18,36,60,0,108,108,168
04/06/2017,VCT,TX,ASW,CE,Federal Contract Tower,0,10,12,36,58,0,3,30,36,69,0,13,42,72,127,2,294,296,423
04/07/2017,VCT,TX,ASW,CE,Federal Contract Tower,0,7,4,44,55,0,0,31,21,52,0,7,35,65,107,22,162,184,291
04/08/2017,VCT,TX,ASW,CE,Federal Contract Tower,0,1,2,16,19,0,0,16,6,22,0,1,18,22,41,4,70,74,115
04/09/2017,VCT,TX,ASW,CE,Federal Contract Tower,0,6,1,12,19,0,0,13,9,22,0,6,14,21,41,18,52,70,111
04/10/2017,VCT,TX,ASW,CE,Federal Contract Tower,0,6,12,55,73,0,0,11,6,17,0,6,23,61,90,2,108,110,200
04/11/2017,VCT,TX,ASW,CE,Federal Contract Tower,0,9,8,13,30,0,0,8,4,12,0,9,16,17,42,16,40,56,98
04/12/2017,VCT,TX,ASW,CE,Federal Contract Tower,0,9,10,59,78,0,3,10,23,36,0,12,20,82,114,12,286,298,412
04/13/2017,VCT,TX,ASW,CE,Federal Contract Tower,0,8,8,32,48,0,2,17,10,29,0,10,25,42,77,2,130,132,209
04/14/2017,VCT,TX,ASW,CE,Federal Contract Tower,0,4,6,22,32,0,2,11,10,23,0,6,17,32,55,2,94,96,151
04/15/2017,VCT,TX,ASW,CE,Federal Contract Tower,0,1,1,8,10,0,0,4,2,6,0,1,5,10,16,2,38,40,56
04/16/2017,VCT,TX,ASW,CE,Federal Contract Tower,0,4,3,4,11,0,0,6,4,10,0,4,9,8,21,0,36,36,57
04/17/2017,VCT,TX,ASW,CE,Federal Contract Tower,0,6,3,3,12,0,2,1,0,3,0,8,4,3,15,0,2,2,17
04/18/2017,VCT,TX,ASW,CE,Federal Contract Tower,0,6,8,32,46,0,0,2,2,4,0,6,10,34,50,2,42,44,94
04/19/2017,VCT,TX,ASW,CE,Federal Contract Tower,0,9,6,51,66,0,10,4,15,29,0,19,10,66,95,4,140,144,239
04/20/2017,VCT,TX,ASW,CE,Federal Contract Tower,0,9,8,52,69,0,5,13,23,41,0,14,21,75,110,10,195,205,315
04/21/2017,VCT,TX,ASW,CE,Federal Contract Tower,0,6,8,14,28,0,4,11,5,20,0,10,19,19,48,0,107,107,155
04/22/2017,VCT,TX,ASW,CE,Federal Contract Tower,0,1,7,3,11,0,5,6,0,11,0,6,13,3,22,2,2,4,26
04/23/2017,VCT,TX,ASW,CE,Federal Contract Tower,0,4,6,6,16,0,3,15,2,20,0,7,21,8,36,22,14,36,72
04/24/2017,VCT,TX,ASW,CE,Federal Contract Tower,0,5,8,49,62,0,13,11,14,38,0,18,19,63,100,4,98,102,202
04/25/2017,VCT,TX,ASW,CE,Federal Contract Tower,0,8,19,14,41,0,2,13,11,26,0,10,32,25,67,6,96,102,169
04/26/2017,VCT,TX,ASW,CE,Federal Contract Tower,0,7,2,23,32,0,7,10,16,33,0,14,12,39,65,2,192,194,259
04/27/2017,VCT,TX,ASW,CE,Federal Contract Tower,0,9,13,50,72,0,2,38,12,52,0,11,51,62,124,2,164,166,290
04/28/2017,VCT,TX,ASW,CE,Federal Contract Tower,0,5,15,44,64,0,5,5,7,17,0,10,20,51,81,6,184,190,271
04/29/2017,VCT,TX,ASW,CE,Federal Contract Tower,0,1,2,3,6,0,5,0,0,5,0,6,2,3,11,0,2,2,13
04/30/2017,VCT,TX,ASW,CE,Federal Contract Tower,0,2,0,2,4,0,5,12,4,21,0,7,12,6,25,2,26,28,53
05/01/2017,VCT,TX,ASW,CE,Federal Contract Tower,0,3,6,43,52,0,0,15,22,37,0,3,21,65,89,2,314,316,405
05/02/2017,VCT,TX,ASW,CE,Federal Contract Tower,0,5,5,37,47,0,1,39,13,53,0,6,44,50,100,4,188,192,292
05/03/2017,VCT,TX,ASW,CE,Federal Contract Tower,0,5,5,10,20,0,1,10,1,12,0,6,15,11,32,10,8,18,50
05/04/2017,VCT,TX,ASW,CE,Federal Contract Tower,0,4,4,11,19,0,4,17,19,40,0,8,21,30,59,14,210,224,283
05/05/2017,VCT,TX,ASW,CE,Federal Contract Tower,0,4,2,22,28,0,3,25,17,45,0,7,27,39,73,14,162,176,249
05/06/2017,VCT,TX,ASW,CE,Federal Contract Tower,0,1,7,0,8,0,4,21,2,27,0,5,28,2,35,26,0,26,61
05/07/2017,VCT,TX,ASW,CE,Federal Contract Tower,0,2,2,0,4,0,0,19,0,19,0,2,21,0,23,16,0,16,39
05/08/2017,VCT,TX,ASW,CE,Federal Contract Tower,0,3,12,26,41,0,3,13,20,36,0,6,25,46,77,0,194,194,271
05/09/2017,VCT,TX,ASW,CE,Federal Contract Tower,0,5,14,48,67,0,0,10,8,18,0,5,24,56,85,28,148,176,261
05/10/2017,VCT,TX,ASW,CE,Federal Contract Tower,0,9,17,36,62,0,2,13,17,32,0,11,30,53,94,18,182,200,294
05/11/2017,VCT,TX,ASW,CE,Federal Contract Tower,0,4,7,26,37,0,7,5,12,24,0,11,12,38,61,4,84,88,149
05/12/2017,VCT,TX,ASW,CE,Federal Contract Tower,0,4,5,9,18,0,3,22,21,46,0,7,27,30,64,2,184,186,250
05/13/2017,VCT,TX,ASW,CE,Federal Contract Tower,0,1,3,0,4,0,0,31,2,33,0,1,34,2,37,20,0,20,57
05/14/2017,VCT,TX,ASW,CE,Federal Contract Tower,0,2,4,6,12,0,0,15,0,15,0,2,19,6,27,0,6,6,33
05/15/2017,VCT,TX,ASW,CE,Federal Contract Tower,0,3,6,40,49,0,0,15,17,32,0,3,21,57,81,10,140,150,231
05/16/2017,VCT,TX,ASW,CE,Federal Contract Tower,0,4,7,15,26,0,6,10,23,39,0,10,17,38,65,34,218,252,317
05/17/2017,VCT,TX,ASW,CE,Federal Contract Tower,0,5,5,18,28,0,2,8,0,10,0,7,13,18,38,20,14,34,72
05/18/2017,VCT,TX,ASW,CE,Federal Contract Tower,0,5,5,23,33,0,6,5,7,18,0,11,10,30,51,0,108,108,159
05/19/2017,VCT,TX,ASW,CE,Federal Contract Tower,0,7,7,2,16,0,0,3,0,3,0,7,10,2,19,0,2,2,21
05/20/2017,VCT,TX,ASW,CE,Federal Contract Tower,0,3,8,6,17,0,0,12,0,12,0,3,20,6,29,10,4,14,43
05/21/2017,VCT,TX,ASW,CE,Federal Contract Tower,0,4,7,0,11,0,4,1,0,5,0,8,8,0,16,0,0,0,16
05/22/2017,VCT,TX,ASW,CE,Federal Contract Tower,0,2,6,16,24,0,1,3,0,4,0,3,9,16,28,2,12,14,42
05/23/2017,VCT,TX,ASW,CE,Federal Contract Tower,0,6,4,16,26,0,7,17,18,42,0,13,21,34,68,2,198,200,268
05/24/2017,VCT,TX,ASW,CE,Federal Contract Tower,0,4,9,12,25,0,4,34,17,55,0,8,43,29,80,12,160,172,252
05/25/2017,VCT,TX,ASW,CE,Federal Contract Tower,0,5,4,26,35,0,3,36,23,62,0,8,40,49,97,6,192,198,295
05/26/2017,VCT,TX,ASW,CE,Federal Contract Tower,0,6,8,16,30,0,9,7,12,28,0,15,15,28,58,2,118,120,178
05/27/2017,VCT,TX,ASW,CE,Federal Contract Tower,0,2,3,6,11,0,0,18,2,20,0,2,21,8,31,10,24,34,65
05/28/2017,VCT,TX,ASW,CE,Federal Contract Tower,0,2,2,6,10,0,7,3,0,10,0,9,5,6,20,0,4,4,24
05/29/2017,VCT,TX,ASW,CE,Federal Contract Tower,0,2,0,2,4,0,0,4,0,4,0,2,4,2,8,0,2,2,10
05/30/2017,VCT,TX,ASW,CE,Federal Contract Tower,0,4,9,26,39,0,0,28,13,41,0,4,37,39,80,28,112,140,220
05/31/2017,VCT,TX,ASW,CE,Federal Contract Tower,0,4,5,29,38,0,2,9,17,28,0,6,14,46,66,12,116,128,194
06/01/2017,VCT,TX,ASW,CE,Federal Contract Tower,0,4,8,14,26,0,2,5,8,15,0,6,13,22,41,6,82,88,129
06/02/2017,VCT,TX,ASW,CE,Federal Contract Tower,0,4,10,22,36,0,0,21,7,28,0,4,31,29,64,14,98,112,176
06/03/2017,VCT,TX,ASW,CE,Federal Contract Tower,0,3,12,11,26,0,4,34,7,45,0,7,46,18,71,34,36,70,141
06/04/2017,VCT,TX,ASW,CE,Federal Contract Tower,0,4,4,4,12,0,2,9,0,11,0,6,13,4,23,4,4,8,31
06/05/2017,VCT,TX,ASW,CE,Federal Contract Tower,0,4,3,7,14,0,2,11,4,17,0,6,14,11,31,14,26,40,71
06/06/2017,VCT,TX,ASW,CE,Federal Contract Tower,0,4,15,21,40,0,11,15,13,39,0,15,30,34,79,14,104,118,197
06/07/2017,VCT,TX,ASW,CE,Federal Contract Tower,0,4,3,24,31,0,3,13,16,32,0,7,16,40,63,10,186,196,259
06/08/2017,VCT,TX,ASW,CE,Federal Contract Tower,0,4,11,39,54,0,2,18,16,36,0,6,29,55,90,40,146,186,276
06/09/2017,VCT,TX,ASW,CE,Federal Contract Tower,0,3,12,25,40,0,2,31,25,58,0,5,43,50,98,4,218,222,320
06/10/2017,VCT,TX,ASW,CE,Federal Contract Tower,0,2,2,8,12,0,2,17,14,33,0,4,19,22,45,16,98,114,159
06/11/2017,VCT,TX,ASW,CE,Federal Contract Tower,0,2,4,22,28,0,7,12,7,26,0,9,16,29,54,10,78,88,142
06/12/2017,VCT,TX,ASW,CE,Federal Contract Tower,0,2,27,43,72,0,2,16,22,40,0,4,43,65,112,8,202,210,322
06/13/2017,VCT,TX,ASW,CE,Federal Contract Tower,0,3,10,16,29,0,2,11,20,33,0,5,21,36,62,8,166,174,236
06/14/2017,VCT,TX,ASW,CE,Federal Contract Tower,0,6,12,26,44,0,1,8,27,36,0,7,20,53,80,4,202,206,286
06/15/2017,VCT,TX,ASW,CE,Federal Contract Tower,0,4,6,30,40,0,5,19,16,40,0,9,25,46,80,28,132,160,240
06/16/2017,VCT,TX,ASW,CE,Federal Contract Tower,0,6,6,14,26,0,5,10,28,43,0,11,16,42,69,22,176,198,267
06/17/2017,VCT,TX,ASW,CE,Federal Contract Tower,0,1,2,0,3,0,0,23,14,37,0,1,25,14,40,12,96,108,148
06/18/2017,VCT,TX,ASW,CE,Federal Contract Tower,0,2,2,2,6,0,1,9,10,20,0,3,11,12,26,2,46,48,74
06/19/2017,VCT,TX,ASW,CE,Federal Contract Tower,0,6,12,28,46,0,5,23,22,50,0,11,35,50,96,8,160,168,264
06/20/2017,VCT,TX,ASW,CE,Federal Contract Tower,0,4,7,30,41,0,3,18,28,49,0,7,25,58,90,12,242,254,344
06/21/2017,VCT,TX,ASW,CE,Federal Contract Tower,0,4,12,18,34,0,2,4,21,27,0,6,16,39,61,0,160,160,221
06/22/2017,VCT,TX,ASW,CE,Federal Contract Tower,0,2,2,31,35,0,2,12,24,38,0,4,14,55,73,2,192,194,267
06/23/2017,VCT,TX,ASW,CE,Federal Contract Tower,0,2,6,31,39,0,0,7,20,27,0,2,13,51,66,2,92,94,160
06/24/2017,VCT,TX,ASW,CE,Federal Contract Tower,0,0,0,0,0,0,0,2,0,2,0,0,2,0,2,0,0,0,2
06/25/2017,VCT,TX,ASW,CE,Federal Contract Tower,0,2,1,0,3,0,0,6,2,8,0,2,7,2,11,8,20,28,39
06/26/2017,VCT,TX,ASW,CE,Federal Contract Tower,0,4,15,5,24,0,3,2,3,8,0,7,17,8,32,2,2,4,36
06/27/2017,VCT,TX,ASW,CE,Federal Contract Tower,0,4,4,8,16,0,4,4,9,17,0,8,8,17,33,0,80,80,113
06/28/2017,VCT,TX,ASW,CE,Federal Contract Tower,0,5,11,16,32,0,7,4,2,13,0,12,15,18,45,0,38,38,83
06/29/2017,VCT,TX,ASW,CE,Federal Contract Tower,0,4,10,12,26,0,4,11,20,35,0,8,21,32,61,4,208,212,273
06/30/2017,VCT,TX,ASW,CE,Federal Contract Tower,0,4,7,22,33,0,0,12,10,22,0,4,19,32,55,0,182,182,237
07/01/2017,VCT,TX,ASW,CE,Federal Contract Tower,0,1,5,6,12,0,0,19,0,19,0,1,24,6,31,6,8,14,45
07/02/2017,VCT,TX,ASW,CE,Federal Contract Tower,0,2,2,0,4,0,2,12,0,14,0,4,14,0,18,0,0,0,18
07/03/2017,VCT,TX,ASW,CE,Federal Contract Tower,0,3,5,0,8,0,2,8,0,10,0,5,13,0,18,8,0,8,26
07/04/2017,VCT,TX,ASW,CE,Federal Contract Tower,0,2,4,0,6,0,5,6,0,11,0,7,10,0,17,4,0,4,21
07/05/2017,VCT,TX,ASW,CE,Federal Contract Tower,0,2,4,32,38,0,7,11,16,34,0,9,15,48,72,0,172,172,244
07/06/2017,VCT,TX,ASW,CE,Federal Contract Tower,0,2,7,26,35,0,0,29,18,47,0,2,36,44,82,22,188,210,292
07/07/2017,VCT,TX,ASW,CE,Federal Contract Tower,0,2,5,7,14,0,0,7,14,21,0,2,12,21,35,0,62,62,97
07/08/2017,VCT,TX,ASW,CE,Federal Contract Tower,0,0,3,10,13,0,0,16,8,24,0,0,19,18,37,6,54,60,97
07/09/2017,VCT,TX,ASW,CE,Federal Contract Tower,0,1,1,6,8,0,0,13,9,22,0,1,14,15,30,8,74,82,112
07/10/2017,VCT,TX,ASW,CE,Federal Contract Tower,0,2,7,41,50,0,4,10,24,38,0,6,17,65,88,18,232,250,338
07/11/2017,VCT,TX,ASW,CE,Federal Contract Tower,0,4,5,41,50,0,0,13,26,39,0,4,18,67,89,12,238,250,339
07/12/2017,VCT,TX,ASW,CE,Federal Contract Tower,0,6,8,48,62,0,5,8,16,29,0,11,16,64,91,2,272,274,365
07/13/2017,VCT,TX,ASW,CE,Federal Contract Tower,0,4,8,28,40,0,5,13,29,47,0,9,21,57,87,10,326,336,423
07/14/2017,VCT,TX,ASW,CE,Federal Contract Tower,0,4,9,13,26,0,3,16,12,31,0,7,25,25,57,2,142,144,201
07/15/2017,VCT,TX,ASW,CE,Federal Contract Tower,0,1,7,6,14,0,2,21,2,25,0,3,28,8,39,4,28,32,71
07/16/2017,VCT,TX,ASW,CE,Federal Contract Tower,0,2,4,8,14,0,1,2,0,3,0,3,6,8,17,0,6,6,23
07/17/2017,VCT,TX,ASW,CE,Federal Contract Tower,0,3,3,23,29,0,6,0,16,22,0,9,3,39,51,10,144,154,205
07/18/2017,VCT,TX,ASW,CE,Federal Contract Tower,0,4,10,32,46,0,4,26,22,52,0,8,36,54,98,18,204,222,320
07/19/2017,VCT,TX,ASW,CE,Federal Contract Tower,0,5,10,11,26,0,0,18,28,46,0,5,28,39,72,6,254,260,332
07/20/2017,VCT,TX,ASW,CE,Federal Contract Tower,0,4,7,31,42,0,6,14,11,31,0,10,21,42,73,16,136,152,225
07/21/2017,VCT,TX,ASW,CE,Federal Contract Tower,0,3,10,20,33,0,4,17,7,28,0,7,27,27,61,8,56,64,125
07/22/2017,VCT,TX,ASW,CE,Federal Contract Tower,0,1,3,16,20,0,0,12,12,24,0,1,15,28,44,10,68,78,122
07/23/2017,VCT,TX,ASW,CE,Federal Contract Tower,0,4,5,21,30,0,2,11,7,20,0,6,16,28,50,0,40,40,90
07/24/2017,VCT,TX,ASW,CE,Federal Contract Tower,0,5,6,35,46,0,2,11,6,19,0,7,17,41,65,2,74,76,141
07/25/2017,VCT,TX,ASW,CE,Federal Contract Tower,0,4,5,22,31,0,6,14,23,43,0,10,19,45,74,4,274,278,352
07/26/2017,VCT,TX,ASW,CE,Federal Contract Tower,0,6,5,36,47,0,2,13,21,36,0,8,18,57,83,48,158,206,289
07/27/2017,VCT,TX,ASW,CE,Federal Contract Tower,0,4,6,46,56,0,0,12,30,42,0,4,18,76,98,4,302,306,404
07/28/2017,VCT,TX,ASW,CE,Federal Contract Tower,0,8,5,44,57,0,6,17,3,26,0,14,22,47,83,2,98,100,183
07/29/2017,VCT,TX,ASW,CE,Federal Contract Tower,0,1,2,17,20,0,4,14,3,21,0,5,16,20,41,6,16,22,63
07/30/2017,VCT,TX,ASW,CE,Federal Contract Tower,0,4,4,18,26,0,4,7,2,13,0,8,11,20,39,8,20,28,67
07/31/2017,VCT,TX,ASW,CE,Federal Contract Tower,0,3,4,34,41,0,0,17,26,43,0,3,21,60,84,12,320,332,416
08/01/2017,VCT,TX,ASW,CE,Federal Contract Tower,0,2,16,21,39,0,2,16,17,35,0,4,32,38,74,4,220,224,298
08/02/2017,VCT,TX,ASW,CE,Federal Contract Tower,0,4,9,46,59,0,0,3,12,15,0,4,12,58,74,2,142,144,218
08/03/2017,VCT,TX,ASW,CE,Federal Contract Tower,0,6,4,12,22,0,0,4,5,9,0,6,8,17,31,26,46,72,103
08/04/2017,VCT,TX,ASW,CE,Federal Contract Tower,0,7,3,21,31,0,0,24,14,38,0,7,27,35,69,2,194,196,265
08/05/2017,VCT,TX,ASW,CE,Federal Contract Tower,0,1,1,10,12,0,0,2,2,4,0,1,3,12,16,0,10,10,26
08/06/2017,VCT,TX,ASW,CE,Federal Contract Tower,0,2,4,10,16,0,1,9,4,14,0,3,13,14,30,0,18,18,48
08/07/2017,VCT,TX,ASW,CE,Federal Contract Tower,0,3,5,2,10,0,2,9,0,11,0,5,14,2,21,14,2,16,37
08/08/2017,VCT,TX,ASW,CE,Federal Contract Tower,0,5,7,33,45,0,3,0,27,30,0,8,7,60,75,0,252,252,327
08/09/2017,VCT,TX,ASW,CE,Federal Contract Tower,0,5,5,39,49,0,0,6,8,14,0,5,11,47,63,0,184,184,247
08/10/2017,VCT,TX,ASW,CE,Federal Contract Tower,0,4,4,27,35,0,2,16,13,31,0,6,20,40,66,18,120,138,204
08/11/2017,VCT,TX,ASW,CE,Federal Contract Tower,0,4,8,27,39,0,0,16,11,27,0,4,24,38,66,2,126,128,194
08/12/2017,VCT,TX,ASW,CE,Federal Contract Tower,0,1,7,32,40,0,2,21,13,36,0,3,28,45,76,8,162,170,246
08/13/2017,VCT,TX,ASW,CE,Federal Contract Tower,0,2,6,8,16,0,0,12,4,16,0,2,18,12,32,6,70,76,108
08/14/2017,VCT,TX,ASW,CE,Federal Contract Tower,0,5,3,40,48,0,4,21,15,40,0,9,24,55,88,10,122,132,220
08/15/2017,VCT,TX,ASW,CE,Federal Contract Tower,0,4,1,17,22,0,7,28,40,75,0,11,29,57,97,4,354,358,455
08/16/2017,VCT,TX,ASW,CE,Federal Contract Tower,0,14,6,28,48,0,3,15,6,24,0,17,21,34,72,6,74,80,152
08/17/2017,VCT,TX,ASW,CE,Federal Contract Tower,0,5,5,31,41,0,0,15,25,40,0,5,20,56,81,4,194,198,279
08/18/2017,VCT,TX,ASW,CE,Federal Contract Tower,0,4,8,30,42,0,1,26,9,36,0,5,34,39,78,2,104,106,184
08/19/2017,VCT,TX,ASW,CE,Federal Contract Tower,0,1,1,19,21,0,3,29,11,43,0,4,30,30,64,10,48,58,122
08/20/2017,VCT,TX,ASW,CE,Federal Contract Tower,0,2,2,9,13,0,0,11,3,14,0,2,13,12,27,12,42,54,81
08/21/2017,VCT,TX,ASW,CE,Federal Contract Tower,0,3,6,46,55,0,1,6,21,28,0,4,12,67,83,0,252,252,335
08/22/2017,VCT,TX,ASW,CE,Federal Contract Tower,0,3,12,41,56,0,1,14,26,41,0,4,26,67,97,14,260,274,371
08/23/2017,VCT,TX,ASW,CE,Federal Contract Tower,0,4,5,33,42,0,1,8,10,19,0,5,13,43,61,2,168,170,231
08/24/2017,VCT,TX,ASW,CE,Federal Contract Tower,0,6,14,16,36,0,3,9,6,18,0,9,23,22,54,4,56,60,114
08/25/2017,VCT,TX,ASW,CE,Federal Contract Tower,0,0,0,0,0,0,0,0,0,0,0,0,0,0,0,0,0,0,0
08/26/2017,VCT,TX,ASW,CE,Federal Contract Tower,0,0,0,0,0,0,0,0,0,0,0,0,0,0,0,0,0,0,0
08/27/2017,VCT,TX,ASW,CE,Federal Contract Tower,0,0,0,3,3,0,0,7,5,12,0,0,7,8,15,0,0,0,15
08/28/2017,VCT,TX,ASW,CE,Federal Contract Tower,0,0,3,0,3,0,2,15,6,23,0,2,18,6,26,0,0,0,26
08/29/2017,VCT,TX,ASW,CE,Federal Contract Tower,0,0,2,0,2,0,4,24,6,34,0,4,26,6,36,0,0,0,36
08/30/2017,VCT,TX,ASW,CE,Federal Contract Tower,0,3,5,0,8,0,18,44,0,62,0,21,49,0,70,2,0,2,72
08/31/2017,VCT,TX,ASW,CE,Federal Contract Tower,0,1,8,1,10,0,12,26,0,38,0,13,34,1,48,0,0,0,48
09/01/2017,VCT,TX,ASW,CE,Federal Contract Tower,0,8,10,0,18,0,0,33,2,35,0,8,43,2,53,18,0,18,71
09/02/2017,VCT,TX,ASW,CE,Federal Contract Tower,0,1,7,0,8,0,1,38,0,39,0,2,45,0,47,0,0,0,47
09/03/2017,VCT,TX,ASW,CE,Federal Contract Tower,0,2,2,0,4,0,0,19,0,19,0,2,21,0,23,0,0,0,23
09/04/2017,VCT,TX,ASW,CE,Federal Contract Tower,0,2,9,0,11,0,4,20,0,24,0,6,29,0,35,0,0,0,35
09/05/2017,VCT,TX,ASW,CE,Federal Contract Tower,0,4,16,12,32,0,4,20,1,25,0,8,36,13,57,8,12,20,77
09/06/2017,VCT,TX,ASW,CE,Federal Contract Tower,0,8,2,8,18,0,2,0,6,8,0,10,2,14,26,8,22,30,56
09/07/2017,VCT,TX,ASW,CE,Federal Contract Tower,0,6,13,9,28,0,4,17,3,24,0,10,30,12,52,0,16,16,68
09/08/2017,VCT,TX,ASW,CE,Federal Contract Tower,0,11,15,16,42,0,0,19,6,25,0,11,34,22,67,2,44,46,113
09/09/2017,VCT,TX,ASW,CE,Federal Contract Tower,0,2,3,8,13,0,2,10,8,20,0,4,13,16,33,0,16,16,49
09/10/2017,VCT,TX,ASW,CE,Federal Contract Tower,0,2,6,11,19,0,8,18,12,38,0,10,24,23,57,6,60,66,123
09/11/2017,VCT,TX,ASW,CE,Federal Contract Tower,0,4,8,20,32,0,8,36,12,56,0,12,44,32,88,26,84,110,198
09/12/2017,VCT,TX,ASW,CE,Federal Contract Tower,0,5,13,26,44,0,6,29,9,44,0,11,42,35,88,38,140,178,266
09/13/2017,VCT,TX,ASW,CE,Federal Contract Tower,0,4,8,16,28,0,13,24,17,54,0,17,32,33,82,22,148,170,252
09/14/2017,VCT,TX,ASW,CE,Federal Contract Tower,0,7,7,29,43,0,3,11,20,34,0,10,18,49,77,2,214,216,293
09/15/2017,VCT,TX,ASW,CE,Federal Contract Tower,0,4,15,28,47,0,0,18,10,28,0,4,33,38,75,4,102,106,181
09/16/2017,VCT,TX,ASW,CE,Federal Contract Tower,0,4,4,8,16,0,1,11,10,22,0,5,15,18,38,12,140,152,190
09/17/2017,VCT,TX,ASW,CE,Federal Contract Tower,0,5,7,15,27,0,2,12,7,21,0,7,19,22,48,2,52,54,102
09/18/2017,VCT,TX,ASW,CE,Federal Contract Tower,0,5,7,19,31,0,3,11,12,26,0,8,18,31,57,22,92,114,171
09/19/2017,VCT,TX,ASW,CE,Federal Contract Tower,0,4,4,20,28,0,2,18,26,46,0,6,22,46,74,18,306,324,398
09/20/2017,VCT,TX,ASW,CE,Federal Contract Tower,0,4,13,25,42,0,1,16,19,36,0,5,29,44,78,6,162,168,246
09/21/2017,VCT,TX,ASW,CE,Federal Contract Tower,0,7,15,7,29,0,1,11,10,22,0,8,26,17,51,0,60,60,111
09/22/2017,VCT,TX,ASW,CE,Federal Contract Tower,0,6,7,5,18,0,0,17,11,28,0,6,24,16,46,0,50,50,96
09/23/2017,VCT,TX,ASW,CE,Federal Contract Tower,0,4,2,23,29,0,2,14,7,23,0,6,16,30,52,4,56,60,112
09/24/2017,VCT,TX,ASW,CE,Federal Contract Tower,0,3,10,2,15,0,0,5,2,7,0,3,15,4,22,0,10,10,32
09/25/2017,VCT,TX,ASW,CE,Federal Contract Tower,0,4,9,23,36,0,5,3,15,23,0,9,12,38,59,2,156,158,217
09/26/2017,VCT,TX,ASW,CE,Federal Contract Tower,0,6,10,25,41,0,0,1,11,12,0,6,11,36,53,2,140,142,195
09/27/2017,VCT,TX,ASW,CE,Federal Contract Tower,0,4,6,30,40,0,0,4,12,16,0,4,10,42,56,6,176,182,238
09/28/2017,VCT,TX,ASW,CE,Federal Contract Tower,0,4,3,54,61,0,8,12,21,41,0,12,15,75,102,0,128,128,230
09/29/2017,VCT,TX,ASW,CE,Federal Contract Tower,0,5,7,33,45,0,1,17,1,19,0,6,24,34,64,6,74,80,144
09/30/2017,VCT,TX,ASW,CE,Federal Contract Tower,0,1,6,16,23,0,0,7,0,7,0,1,13,16,30,8,16,24,54
10/01/2017,VCT,TX,ASW,CE,Federal Contract Tower,0,3,1,2,6,0,0,21,12,33,0,3,22,14,39,8,72,80,119
10/02/2017,VCT,TX,ASW,CE,Federal Contract Tower,0,3,6,23,32,0,2,14,23,39,0,5,20,46,71,2,276,278,349
10/03/2017,VCT,TX,ASW,CE,Federal Contract Tower,0,6,8,10,24,0,2,7,5,14,0,8,15,15,38,0,125,125,163
10/04/2017,VCT,TX,ASW,CE,Federal Contract Tower,0,6,7,61,74,0,5,12,11,28,0,11,19,72,102,24,204,228,330
10/05/2017,VCT,TX,ASW,CE,Federal Contract Tower,0,9,8,36,53,0,0,30,15,45,0,9,38,51,98,30,226,256,354
10/06/2017,VCT,TX,ASW,CE,Federal Contract Tower,0,5,7,18,30,0,4,20,7,31,0,9,27,25,61,0,126,126,187
10/07/2017,VCT,TX,ASW,CE,Federal Contract Tower,0,2,3,17,22,0,10,28,1,39,0,12,31,18,61,20,16,36,97
10/08/2017,VCT,TX,ASW,CE,Federal Contract Tower,0,3,7,7,17,0,4,10,0,14,0,7,17,7,31,0,6,6,37
10/09/2017,VCT,TX,ASW,CE,Federal Contract Tower,0,5,8,2,15,0,4,12,0,16,0,9,20,2,31,4,2,6,37
10/10/2017,VCT,TX,ASW,CE,Federal Contract Tower,0,4,13,34,51,0,1,1,5,7,0,5,14,39,58,6,114,120,178
10/11/2017,VCT,TX,ASW,CE,Federal Contract Tower,0,3,4,54,61,0,4,14,22,40,0,7,18,76,101,2,256,258,359
10/12/2017,VCT,TX,ASW,CE,Federal Contract Tower,0,4,7,19,30,0,7,20,30,57,0,11,27,49,87,0,174,174,261
10/13/2017,VCT,TX,ASW,CE,Federal Contract Tower,0,3,7,6,16,0,1,43,2,46,0,4,50,8,62,4,16,20,82
10/14/2017,VCT,TX,ASW,CE,Federal Contract Tower,0,1,7,21,29,0,1,14,6,21,0,2,21,27,50,6,30,36,86
10/15/2017,VCT,TX,ASW,CE,Federal Contract Tower,0,2,5,11,18,0,0,19,3,22,0,2,24,14,40,2,16,18,58
10/16/2017,VCT,TX,ASW,CE,Federal Contract Tower,0,5,8,42,55,0,4,26,31,61,0,9,34,73,116,22,188,210,326
10/17/2017,VCT,TX,ASW,CE,Federal Contract Tower,0,6,2,37,45,0,10,44,31,85,0,16,46,68,130,24,276,300,430
10/18/2017,VCT,TX,ASW,CE,Federal Contract Tower,0,6,8,39,53,0,2,45,13,60,0,8,53,52,113,14,194,208,321
10/19/2017,VCT,TX,ASW,CE,Federal Contract Tower,0,4,6,13,23,0,7,23,20,50,0,11,29,33,73,6,144,150,223
10/20/2017,VCT,TX,ASW,CE,Federal Contract Tower,0,4,6,35,45,0,0,13,8,21,0,4,19,43,66,4,154,158,224
10/21/2017,VCT,TX,ASW,CE,Federal Contract Tower,0,3,5,11,19,0,2,9,3,14,0,5,14,14,33,8,6,14,47
10/22/2017,VCT,TX,ASW,CE,Federal Contract Tower,0,2,7,10,19,0,2,8,2,12,0,4,15,12,31,6,18,24,55
10/23/2017,VCT,TX,ASW,CE,Federal Contract Tower,0,5,7,18,30,0,4,43,27,74,0,9,50,45,104,26,230,256,360
10/24/2017,VCT,TX,ASW,CE,Federal Contract Tower,0,7,11,36,54,0,4,31,20,55,0,11,42,56,109,4,256,260,369
10/25/2017,VCT,TX,ASW,CE,Federal Contract Tower,0,4,7,37,48,0,7,29,24,60,0,11,36,61,108,2,256,258,366
10/26/2017,VCT,TX,ASW,CE,Federal Contract Tower,0,6,5,2,13,0,0,30,4,34,0,6,35,6,47,0,2,2,49
10/27/2017,VCT,TX,ASW,CE,Federal Contract Tower,0,4,8,0,12,0,3,24,0,27,0,7,32,0,39,0,0,0,39
10/28/2017,VCT,TX,ASW,CE,Federal Contract Tower,0,3,3,0,6,0,8,38,0,46,0,11,41,0,52,0,0,0,52
10/29/2017,VCT,TX,ASW,CE,Federal Contract Tower,0,2,5,0,7,0,0,40,0,40,0,2,45,0,47,14,0,14,61
10/30/2017,VCT,TX,ASW,CE,Federal Contract Tower,0,4,7,12,23,0,7,27,11,45,0,11,34,23,68,10,132,142,210
10/31/2017,VCT,TX,ASW,CE,Federal Contract Tower,0,7,4,5,16,0,0,0,0,0,0,7,4,5,16,0,4,4,20
11/01/2017,VCT,TX,ASW,CE,Federal Contract Tower,0,8,6,16,30,0,0,11,6,17,0,8,17,22,47,2,58,60,107
11/02/2017,VCT,TX,ASW,CE,Federal Contract Tower,0,5,10,10,25,0,5,9,18,32,0,10,19,28,57,0,104,104,161
11/03/2017,VCT,TX,ASW,CE,Federal Contract Tower,0,4,2,6,12,0,0,16,2,18,0,4,18,8,30,2,12,14,44
11/04/2017,VCT,TX,ASW,CE,Federal Contract Tower,0,1,4,4,9,0,0,14,4,18,0,1,18,8,27,2,16,18,45
11/05/2017,VCT,TX,ASW,CE,Federal Contract Tower,0,2,11,8,21,0,0,18,12,30,0,2,29,20,51,2,54,56,107
11/06/2017,VCT,TX,ASW,CE,Federal Contract Tower,0,3,8,15,26,0,2,12,8,22,0,5,20,23,48,0,94,94,142
11/07/2017,VCT,TX,ASW,CE,Federal Contract Tower,0,4,15,28,47,0,6,16,9,31,0,10,31,37,78,24,136,160,238
11/08/2017,VCT,TX,ASW,CE,Federal Contract Tower,0,6,16,22,44,0,3,1,0,4,0,9,17,22,48,4,98,102,150
11/09/2017,VCT,TX,ASW,CE,Federal Contract Tower,0,6,7,19,32,0,4,9,3,16,0,10,16,22,48,12,60,72,120
11/10/2017,VCT,TX,ASW,CE,Federal Contract Tower,0,4,7,1,12,0,2,32,2,36,0,6,39,3,48,8,4,12,60
11/11/2017,VCT,TX,ASW,CE,Federal Contract Tower,0,4,7,10,21,0,5,162,6,173,0,9,169,16,194,4,22,26,220
11/12/2017,VCT,TX,ASW,CE,Federal Contract Tower,0,2,6,6,14,0,0,5,0,5,0,2,11,6,19,2,6,8,27
11/13/2017,VCT,TX,ASW,CE,Federal Contract Tower,0,1,16,32,49,0,4,21,30,55,0,5,37,62,104,8,428,436,540
11/14/2017,VCT,TX,ASW,CE,Federal Contract Tower,0,4,7,20,31,0,0,13,25,38,0,4,20,45,69,4,152,156,225
11/15/2017,VCT,TX,ASW,CE,Federal Contract Tower,0,9,11,36,56,0,6,25,12,43,0,15,36,48,99,6,106,112,211
11/16/2017,VCT,TX,ASW,CE,Federal Contract Tower,0,8,15,14,37,0,3,8,3,14,0,11,23,17,51,4,114,118,169
11/17/2017,VCT,TX,ASW,CE,Federal Contract Tower,0,6,10,35,51,0,3,23,6,32,0,9,33,41,83,2,102,104,187
11/18/2017,VCT,TX,ASW,CE,Federal Contract Tower,0,3,3,13,19,0,0,11,7,18,0,3,14,20,37,4,58,62,99
11/19/2017,VCT,TX,ASW,CE,Federal Contract Tower,0,4,2,9,15,0,0,10,6,16,0,4,12,15,31,0,76,76,107
11/20/2017,VCT,TX,ASW,CE,Federal Contract Tower,0,4,7,27,38,0,0,22,25,47,0,4,29,52,85,10,228,238,323
11/21/2017,VCT,TX,ASW,CE,Federal Contract Tower,0,5,13,12,30,0,5,25,10,40,0,10,38,22,70,2,122,124,194
11/22/2017,VCT,TX,ASW,CE,Federal Contract Tower,0,4,3,19,26,0,3,6,6,15,0,7,9,25,41,10,32,42,83
11/23/2017,VCT,TX,ASW,CE,Federal Contract Tower,0,0,3,0,3,0,2,21,0,23,0,2,24,0,26,4,0,4,30
11/24/2017,VCT,TX,ASW,CE,Federal Contract Tower,0,4,2,0,6,0,5,21,0,26,0,9,23,0,32,8,0,8,40
11/25/2017,VCT,TX,ASW,CE,Federal Contract Tower,0,1,3,2,6,0,1,27,0,28,0,2,30,2,34,10,2,12,46
11/26/2017,VCT,TX,ASW,CE,Federal Contract Tower,0,2,5,0,7,0,0,16,0,16,0,2,21,0,23,4,0,4,27
11/27/2017,VCT,TX,ASW,CE,Federal Contract Tower,0,3,4,31,38,0,1,25,15,41,0,4,29,46,79,6,192,198,277
11/28/2017,VCT,TX,ASW,CE,Federal Contract Tower,0,4,10,41,55,0,1,27,33,61,0,5,37,74,116,6,238,244,360
11/29/2017,VCT,TX,ASW,CE,Federal Contract Tower,0,4,4,26,34,0,2,16,8,26,0,6,20,34,60,2,88,90,150
11/30/2017,VCT,TX,ASW,CE,Federal Contract Tower,0,8,6,28,42,0,0,29,18,47,0,8,35,46,89,24,256,280,369
12/01/2017,VCT,TX,ASW,CE,Federal Contract Tower,0,4,8,21,33,0,0,13,12,25,0,4,21,33,58,2,114,116,174
12/02/2017,VCT,TX,ASW,CE,Federal Contract Tower,0,1,5,14,20,0,2,21,11,34,0,3,26,25,54,4,56,60,114
12/03/2017,VCT,TX,ASW,CE,Federal Contract Tower,0,8,1,2,11,0,0,6,2,8,0,8,7,4,19,0,2,2,21
12/04/2017,VCT,TX,ASW,CE,Federal Contract Tower,0,3,3,13,19,0,0,9,13,22,0,3,12,26,41,2,104,106,147
12/05/2017,VCT,TX,ASW,CE,Federal Contract Tower,0,7,6,11,24,0,3,7,1,11,0,10,13,12,35,2,12,14,49
12/06/2017,VCT,TX,ASW,CE,Federal Contract Tower,0,5,5,12,22,0,0,2,1,3,0,5,7,13,25,0,42,42,67
12/07/2017,VCT,TX,ASW,CE,Federal Contract Tower,0,7,10,2,19,0,2,0,0,2,0,9,10,2,21,0,2,2,23
12/08/2017,VCT,TX,ASW,CE,Federal Contract Tower,0,4,10,11,25,0,1,16,6,23,0,5,26,17,48,12,22,34,82
12/09/2017,VCT,TX,ASW,CE,Federal Contract Tower,0,1,5,2,8,0,2,25,4,31,0,3,30,6,39,2,34,36,75
12/10/2017,VCT,TX,ASW,CE,Federal Contract Tower,0,2,5,5,12,0,5,25,5,35,0,7,30,10,47,22,44,66,113
12/11/2017,VCT,TX,ASW,CE,Federal Contract Tower,0,4,4,36,44,0,2,34,22,58,0,6,38,58,102,16,214,230,332
12/12/2017,VCT,TX,ASW,CE,Federal Contract Tower,0,10,9,28,47,0,7,23,26,56,0,17,32,54,103,14,180,194,297
12/13/2017,VCT,TX,ASW,CE,Federal Contract Tower,0,8,7,30,45,0,4,20,9,33,0,12,27,39,78,0,180,180,258
12/14/2017,VCT,TX,ASW,CE,Federal Contract Tower,0,13,9,32,54,0,1,14,18,33,0,14,23,50,87,18,172,190,277
12/15/2017,VCT,TX,ASW,CE,Federal Contract Tower,0,6,6,11,23,0,0,12,2,14,0,6,18,13,37,4,16,20,57
12/16/2017,VCT,TX,ASW,CE,Federal Contract Tower,0,1,3,18,22,0,2,7,0,9,0,3,10,18,31,0,14,14,45
12/17/2017,VCT,TX,ASW,CE,Federal Contract Tower,0,2,3,0,5,0,0,0,0,0,0,2,3,0,5,0,0,0,5
12/18/2017,VCT,TX,ASW,CE,Federal Contract Tower,0,4,3,6,13,0,0,0,0,0,0,4,3,6,13,2,6,8,21
12/19/2017,VCT,TX,ASW,CE,Federal Contract Tower,0,11,7,4,22,0,4,1,0,5,0,15,8,4,27,4,4,8,35
12/20/2017,VCT,TX,ASW,CE,Federal Contract Tower,0,7,6,4,17,0,3,34,27,64,0,10,40,31,81,16,250,266,347
12/21/2017,VCT,TX,ASW,CE,Federal Contract Tower,0,6,21,14,41,0,0,3,0,3,0,6,24,14,44,2,20,22,66
12/22/2017,VCT,TX,ASW,CE,Federal Contract Tower,0,7,8,36,51,0,4,10,1,15,0,11,18,37,66,0,44,44,110
12/23/2017,VCT,TX,ASW,CE,Federal Contract Tower,0,5,2,0,7,0,0,19,0,19,0,5,21,0,26,0,0,0,26
12/24/2017,VCT,TX,ASW,CE,Federal Contract Tower,0,2,0,0,2,0,0,8,0,8,0,2,8,0,10,6,0,6,16
12/25/2017,VCT,TX,ASW,CE,Federal Contract Tower,0,0,0,0,0,0,0,2,0,2,0,0,2,0,2,0,0,0,2
12/26/2017,VCT,TX,ASW,CE,Federal Contract Tower,0,3,2,0,5,0,0,0,0,0,0,3,2,0,5,0,0,0,5
12/27/2017,VCT,TX,ASW,CE,Federal Contract Tower,0,4,6,2,12,0,0,0,0,0,0,4,6,2,12,0,2,2,14
12/28/2017,VCT,TX,ASW,CE,Federal Contract Tower,0,2,10,12,24,0,0,6,0,6,0,2,16,12,30,0,10,10,40
12/29/2017,VCT,TX,ASW,CE,Federal Contract Tower,0,6,3,12,21,0,2,8,0,10,0,8,11,12,31,6,10,16,47
12/30/2017,VCT,TX,ASW,CE,Federal Contract Tower,0,2,9,0,11,0,0,2,0,2,0,2,11,0,13,0,0,0,13
12/31/2017,VCT,TX,ASW,CE,Federal Contract Tower,0,1,0,0,1,0,0,3,0,3,0,1,3,0,4,0,0,0,4
01/01/2018,VCT,TX,ASW,CE,Federal Contract Tower,0,5,0,0,5,0,1,2,0,3,0,6,2,0,8,0,0,0,8
01/02/2018,VCT,TX,ASW,CE,Federal Contract Tower,0,7,8,10,25,0,1,7,0,8,0,8,15,10,33,6,38,44,77
01/03/2018,VCT,TX,ASW,CE,Federal Contract Tower,0,4,7,12,23,0,5,13,3,21,0,9,20,15,44,2,50,52,96
01/04/2018,VCT,TX,ASW,CE,Federal Contract Tower,0,4,2,12,18,0,10,25,6,41,0,14,27,18,59,36,92,128,187
01/05/2018,VCT,TX,ASW,CE,Federal Contract Tower,0,4,4,16,24,0,0,21,15,36,0,4,25,31,60,28,132,160,220
01/06/2018,VCT,TX,ASW,CE,Federal Contract Tower,0,3,9,15,27,0,0,10,14,24,0,3,19,29,51,16,136,152,203
01/07/2018,VCT,TX,ASW,CE,Federal Contract Tower,0,2,3,10,15,0,0,1,4,5,0,2,4,14,20,0,52,52,72
01/08/2018,VCT,TX,ASW,CE,Federal Contract Tower,0,6,2,39,47,0,0,20,22,42,0,6,22,61,89,4,210,214,303
01/09/2018,VCT,TX,ASW,CE,Federal Contract Tower,0,6,5,43,54,0,5,10,22,37,0,11,15,65,91,0,208,208,299
01/10/2018,VCT,TX,ASW,CE,Federal Contract Tower,0,6,10,40,56,0,4,11,25,40,0,10,21,65,96,4,268,272,368
01/11/2018,VCT,TX,ASW,CE,Federal Contract Tower,0,5,3,27,35,0,1,12,6,19,0,6,15,33,54,22,104,126,180
01/12/2018,VCT,TX,ASW,CE,Federal Contract Tower,0,6,16,21,43,0,3,22,22,47,0,9,38,43,90,38,194,232,322
01/13/2018,VCT,TX,ASW,CE,Federal Contract Tower,0,1,0,4,5,0,0,18,2,20,0,1,18,6,25,30,14,44,69
01/14/2018,VCT,TX,ASW,CE,Federal Contract Tower,0,2,2,0,4,0,0,23,2,25,0,2,25,2,29,20,6,26,55
01/15/2018,VCT,TX,ASW,CE,Federal Contract Tower,0,5,8,0,13,0,7,23,0,30,0,12,31,0,43,18,0,18,61
01/16/2018,VCT,TX,ASW,CE,Federal Contract Tower,0,2,0,0,2,0,0,0,0,0,0,2,0,0,2,0,0,0,2
01/17/2018,VCT,TX,ASW,CE,Federal Contract Tower,0,5,6,26,37,0,10,8,22,40,0,15,14,48,77,0,202,202,279
01/18/2018,VCT,TX,ASW,CE,Federal Contract Tower,0,4,8,17,29,0,0,8,6,14,0,4,16,23,43,0,196,196,239
01/19/2018,VCT,TX,ASW,CE,Federal Contract Tower,0,8,6,0,14,0,0,0,0,0,0,8,6,0,14,0,0,0,14
01/20/2018,VCT,TX,ASW,CE,Federal Contract Tower,0,0,4,11,15,0,0,9,1,10,0,0,13,12,25,2,12,14,39
01/21/2018,VCT,TX,ASW,CE,Federal Contract Tower,0,4,3,0,7,0,0,12,0,12,0,4,15,0,19,0,0,0,19
01/22/2018,VCT,TX,ASW,CE,Federal Contract Tower,0,6,9,35,50,0,4,13,27,44,0,10,22,62,94,10,214,224,318
01/23/2018,VCT,TX,ASW,CE,Federal Contract Tower,0,5,5,35,45,0,5,30,27,62,0,10,35,62,107,4,280,284,391
01/24/2018,VCT,TX,ASW,CE,Federal Contract Tower,0,6,9,24,39,0,2,25,30,57,0,8,34,54,96,0,340,340,436
01/25/2018,VCT,TX,ASW,CE,Federal Contract Tower,0,3,11,21,35,0,5,38,26,69,0,8,49,47,104,8,394,402,506
01/26/2018,VCT,TX,ASW,CE,Federal Contract Tower,0,9,16,43,68,0,3,4,3,10,0,12,20,46,78,0,92,92,170
01/27/2018,VCT,TX,ASW,CE,Federal Contract Tower,0,6,2,6,14,0,0,3,0,3,0,6,5,6,17,2,4,6,23
01/28/2018,VCT,TX,ASW,CE,Federal Contract Tower,0,5,9,8,22,0,0,9,8,17,0,5,18,16,39,6,30,36,75
01/29/2018,VCT,TX,ASW,CE,Federal Contract Tower,0,5,5,35,45,0,8,22,28,58,0,13,27,63,103,6,142,148,251
01/30/2018,VCT,TX,ASW,CE,Federal Contract Tower,0,7,3,37,47,0,1,32,26,59,0,8,35,63,106,38,282,320,426
01/31/2018,VCT,TX,ASW,CE,Federal Contract Tower,0,4,6,37,47,0,0,11,49,60,0,4,17,86,107,4,408,412,519
02/01/2018,VCT,TX,ASW,CE,Federal Contract Tower,0,3,17,37,57,0,2,16,19,37,0,5,33,56,94,16,218,234,328
02/02/2018,VCT,TX,ASW,CE,Federal Contract Tower,0,3,9,15,27,0,2,7,3,12,0,5,16,18,39,0,86,86,125
02/03/2018,VCT,TX,ASW,CE,Federal Contract Tower,0,1,2,15,18,0,0,11,1,12,0,1,13,16,30,0,10,10,40
02/04/2018,VCT,TX,ASW,CE,Federal Contract Tower,0,2,7,0,9,0,0,17,2,19,0,2,24,2,28,16,4,20,48
02/05/2018,VCT,TX,ASW,CE,Federal Contract Tower,0,3,8,34,45,0,2,8,0,10,0,5,16,34,55,0,70,70,125
02/06/2018,VCT,TX,ASW,CE,Federal Contract Tower,0,8,1,10,19,0,0,1,0,1,0,8,2,10,20,0,6,6,26
02/07/2018,VCT,TX,ASW,CE,Federal Contract Tower,0,5,2,6,13,0,0,3,0,3,0,5,5,6,16,0,4,4,20
02/08/2018,VCT,TX,ASW,CE,Federal Contract Tower,0,6,10,40,56,0,13,9,0,22,0,19,19,40,78,10,60,70,148
02/09/2018,VCT,TX,ASW,CE,Federal Contract Tower,0,5,9,14,28,0,0,0,0,0,0,5,9,14,28,2,14,16,44
02/10/2018,VCT,TX,ASW,CE,Federal Contract Tower,0,1,1,0,2,0,2,0,2,4,0,3,1,2,6,0,26,26,32
02/11/2018,VCT,TX,ASW,CE,Federal Contract Tower,0,2,3,6,11,0,4,0,0,4,0,6,3,6,15,0,6,6,21
02/12/2018,VCT,TX,ASW,CE,Federal Contract Tower,0,3,8,26,37,0,5,23,2,30,0,8,31,28,67,12,46,58,125
02/13/2018,VCT,TX,ASW,CE,Federal Contract Tower,0,7,12,8,27,0,0,0,0,0,0,7,12,8,27,0,8,8,35
02/14/2018,VCT,TX,ASW,CE,Federal Contract Tower,0,6,6,12,24,0,0,3,0,3,0,6,9,12,27,4,12,16,43
02/15/2018,VCT,TX,ASW,CE,Federal Contract Tower,0,5,3,11,19,0,0,3,4,7,0,5,6,15,26,0,38,38,64
02/16/2018,VCT,TX,ASW,CE,Federal Contract Tower,0,7,6,15,28,0,4,5,1,10,0,11,11,16,38,0,40,40,78
02/17/2018,VCT,TX,ASW,CE,Federal Contract Tower,0,1,6,12,19,0,1,10,0,11,0,2,16,12,30,14,10,24,54
02/18/2018,VCT,TX,ASW,CE,Federal Contract Tower,0,2,5,6,13,0,0,3,0,3,0,2,8,6,16,0,10,10,26
02/19/2018,VCT,TX,ASW,CE,Federal Contract Tower,0,2,8,13,23,0,2,10,2,14,0,4,18,15,37,2,58,60,97
02/20/2018,VCT,TX,ASW,CE,Federal Contract Tower,0,4,8,18,30,0,0,2,1,3,0,4,10,19,33,2,14,16,49
02/21/2018,VCT,TX,ASW,CE,Federal Contract Tower,0,4,4,14,22,0,0,0,0,0,0,4,4,14,22,0,8,8,30
02/22/2018,VCT,TX,ASW,CE,Federal Contract Tower,0,10,2,0,12,0,0,0,0,0,0,10,2,0,12,0,0,0,12
02/23/2018,VCT,TX,ASW,CE,Federal Contract Tower,0,5,8,4,17,0,2,7,4,13,0,7,15,8,30,10,64,74,104
02/24/2018,VCT,TX,ASW,CE,Federal Contract Tower,0,1,2,4,7,0,2,5,2,9,0,3,7,6,16,0,4,4,20
02/25/2018,VCT,TX,ASW,CE,Federal Contract Tower,0,13,4,0,17,0,0,0,0,0,0,13,4,0,17,4,0,4,21
02/26/2018,VCT,TX,ASW,CE,Federal Contract Tower,0,8,12,12,32,0,7,11,5,23,0,15,23,17,55,14,112,126,181
02/27/2018,VCT,TX,ASW,CE,Federal Contract Tower,0,6,12,20,38,0,6,18,14,38,0,12,30,34,76,10,162,172,248
02/28/2018,VCT,TX,ASW,CE,Federal Contract Tower,0,4,5,5,14,0,1,4,12,17,0,5,9,17,31,2,70,72,103
03/01/2018,VCT,TX,ASW,CE,Federal Contract Tower,0,3,6,14,23,0,2,31,32,65,0,5,37,46,88,18,256,274,362
03/02/2018,VCT,TX,ASW,CE,Federal Contract Tower,0,6,5,30,41,0,4,31,18,53,0,10,36,48,94,0,206,206,300
03/03/2018,VCT,TX,ASW,CE,Federal Contract Tower,0,3,18,34,55,0,0,7,0,7,0,3,25,34,62,14,30,44,106
03/04/2018,VCT,TX,ASW,CE,Federal Contract Tower,0,2,6,12,20,0,2,1,2,5,0,4,7,14,25,2,32,34,59
03/05/2018,VCT,TX,ASW,CE,Federal Contract Tower,0,3,10,20,33,0,5,6,8,19,0,8,16,28,52,6,86,92,144
03/06/2018,VCT,TX,ASW,CE,Federal Contract Tower,0,6,2,29,37,0,1,22,21,44,0,7,24,50,81,4,232,236,317
03/07/2018,VCT,TX,ASW,CE,Federal Contract Tower,0,6,3,39,48,0,3,26,29,58,0,9,29,68,106,8,282,290,396
03/08/2018,VCT,TX,ASW,CE,Federal Contract Tower,0,5,5,22,32,0,16,31,29,76,0,21,36,51,108,6,276,282,390
03/09/2018,VCT,TX,ASW,CE,Federal Contract Tower,0,8,13,57,78,0,0,13,5,18,0,8,26,62,96,8,272,280,376
03/10/2018,VCT,TX,ASW,CE,Federal Contract Tower,0,1,7,14,22,0,2,7,7,16,0,3,14,21,38,0,48,48,86
03/11/2018,VCT,TX,ASW,CE,Federal Contract Tower,2,5,8,0,15,0,0,0,0,0,2,5,8,0,15,0,60,60,75
03/12/2018,VCT,TX,ASW,CE,Federal Contract Tower,0,5,7,22,34,0,3,17,29,49,0,8,24,51,83,2,266,268,351
03/13/2018,VCT,TX,ASW,CE,Federal Contract Tower,0,5,7,23,35,0,2,20,36,58,0,7,27,59,93,14,376,390,483
03/14/2018,VCT,TX,ASW,CE,Federal Contract Tower,0,4,6,15,25,0,5,26,26,57,0,9,32,41,82,6,210,216,298
03/15/2018,VCT,TX,ASW,CE,Federal Contract Tower,0,4,10,33,47,0,5,12,7,24,0,9,22,40,71,4,118,122,193
03/16/2018,VCT,TX,ASW,CE,Federal Contract Tower,0,4,5,31,40,0,3,9,11,23,0,7,14,42,63,0,116,116,179
03/17/2018,VCT,TX,ASW,CE,Federal Contract Tower,0,3,7,30,40,0,1,1,2,4,0,4,8,32,44,4,38,42,86
03/18/2018,VCT,TX,ASW,CE,Federal Contract Tower,0,3,11,15,29,0,0,1,3,4,0,3,12,18,33,4,72,76,109
03/19/2018,VCT,TX,ASW,CE,Federal Contract Tower,0,3,4,19,26,0,5,14,20,39,0,8,18,39,65,2,158,160,225
03/20/2018,VCT,TX,ASW,CE,Federal Contract Tower,0,4,12,33,49,0,4,24,29,57,0,8,36,62,106,6,268,274,380
03/21/2018,VCT,TX,ASW,CE,Federal Contract Tower,0,6,7,22,35,0,0,23,24,47,0,6,30,46,82,2,310,312,394
03/22/2018,VCT,TX,ASW,CE,Federal Contract Tower,0,5,4,0,9,0,2,19,0,21,0,7,23,0,30,2,0,2,32
03/23/2018,VCT,TX,ASW,CE,Federal Contract Tower,0,6,9,0,15,0,6,10,7,23,0,12,19,7,38,2,0,2,40
03/24/2018,VCT,TX,ASW,CE,Federal Contract Tower,0,2,5,0,7,0,10,6,0,16,0,12,11,0,23,0,0,0,23
03/25/2018,VCT,TX,ASW,CE,Federal Contract Tower,0,3,2,0,5,0,11,11,0,22,0,14,13,0,27,0,0,0,27
03/26/2018,VCT,TX,ASW,CE,Federal Contract Tower,0,4,7,20,31,0,3,7,2,12,0,7,14,22,43,0,16,16,59
03/27/2018,VCT,TX,ASW,CE,Federal Contract Tower,0,4,14,29,47,0,3,9,9,21,0,7,23,38,68,16,184,200,268
03/28/2018,VCT,TX,ASW,CE,Federal Contract Tower,0,5,2,8,15,0,4,0,0,4,0,9,2,8,19,0,8,8,27
03/29/2018,VCT,TX,ASW,CE,Federal Contract Tower,0,8,9,21,38,0,3,27,29,59,0,11,36,50,97,16,222,238,335
03/30/2018,VCT,TX,ASW,CE,Federal Contract Tower,0,5,15,28,48,0,4,16,11,31,0,9,31,39,79,10,160,170,249
03/31/2018,VCT,TX,ASW,CE,Federal Contract Tower,0,2,6,10,18,0,4,9,2,15,0,6,15,12,33,2,10,12,45
04/01/2018,VCT,TX,ASW,CE,Federal Contract Tower,0,2,3,0,5,0,7,12,0,19,0,9,15,0,24,4,0,4,28
04/02/2018,VCT,TX,ASW,CE,Federal Contract Tower,0,3,5,39,47,0,9,8,13,30,0,12,13,52,77,18,122,140,217
04/03/2018,VCT,TX,ASW,CE,Federal Contract Tower,0,4,14,58,76,0,9,11,10,30,0,13,25,68,106,0,122,122,228
04/04/2018,VCT,TX,ASW,CE,Federal Contract Tower,0,4,7,33,44,0,5,15,13,33,0,9,22,46,77,0,104,104,181
04/05/2018,VCT,TX,ASW,CE,Federal Contract Tower,0,4,11,57,72,0,5,16,6,27,0,9,27,63,99,0,118,118,217
04/06/2018,VCT,TX,ASW,CE,Federal Contract Tower,0,3,9,56,68,0,5,4,1,10,0,8,13,57,78,0,78,78,156
04/07/2018,VCT,TX,ASW,CE,Federal Contract Tower,0,3,2,12,17,0,0,0,0,0,0,3,2,12,17,0,14,14,31
04/08/2018,VCT,TX,ASW,CE,Federal Contract Tower,0,2,7,8,17,0,3,10,0,13,0,5,17,8,30,0,6,6,36
04/09/2018,VCT,TX,ASW,CE,Federal Contract Tower,0,11,9,12,32,0,0,0,0,0,0,11,9,12,32,8,12,20,52
04/10/2018,VCT,TX,ASW,CE,Federal Contract Tower,0,4,5,20,29,0,7,24,13,44,0,11,29,33,73,2,116,118,191
04/11/2018,VCT,TX,ASW,CE,Federal Contract Tower,0,7,0,42,49,0,3,32,24,59,0,10,32,66,108,26,226,252,360
04/12/2018,VCT,TX,ASW,CE,Federal Contract Tower,0,4,5,29,38,0,6,6,21,33,0,10,11,50,71,14,188,202,273
04/13/2018,VCT,TX,ASW,CE,Federal Contract Tower,0,4,1,48,53,0,1,3,4,8,0,5,4,52,61,0,96,96,157
04/14/2018,VCT,TX,ASW,CE,Federal Contract Tower,0,1,3,8,12,0,4,5,0,9,0,5,8,8,21,0,14,14,35
04/15/2018,VCT,TX,ASW,CE,Federal Contract Tower,0,2,2,8,12,0,5,38,17,60,0,7,40,25,72,18,102,120,192
04/16/2018,VCT,TX,ASW,CE,Federal Contract Tower,0,3,6,35,44,0,8,19,14,41,0,11,25,49,85,18,148,166,251
04/17/2018,VCT,TX,ASW,CE,Federal Contract Tower,0,3,5,67,75,0,2,10,17,29,0,5,15,84,104,4,236,240,344
04/18/2018,VCT,TX,ASW,CE,Federal Contract Tower,0,6,5,38,49,0,8,12,7,27,0,14,17,45,76,0,80,80,156
04/19/2018,VCT,TX,ASW,CE,Federal Contract Tower,0,4,6,22,32,0,3,15,7,25,0,7,21,29,57,6,106,112,169
04/20/2018,VCT,TX,ASW,CE,Federal Contract Tower,0,7,12,25,44,0,0,6,8,14,0,7,18,33,58,2,118,120,178
04/21/2018,VCT,TX,ASW,CE,Federal Contract Tower,0,1,4,12,17,0,2,2,0,4,0,3,6,12,21,0,14,14,35
04/22/2018,VCT,TX,ASW,CE,Federal Contract Tower,0,3,1,2,6,0,3,22,2,27,0,6,23,4,33,8,60,68,101
04/23/2018,VCT,TX,ASW,CE,Federal Contract Tower,0,4,3,25,32,0,15,15,25,55,0,19,18,50,87,8,208,216,303
04/24/2018,VCT,TX,ASW,CE,Federal Contract Tower,0,6,7,54,67,0,8,14,9,31,0,14,21,63,98,4,190,194,292
04/25/2018,VCT,TX,ASW,CE,Federal Contract Tower,0,4,12,15,31,0,3,13,8,24,0,7,25,23,55,24,110,134,189
04/26/2018,VCT,TX,ASW,CE,Federal Contract Tower,0,2,9,49,60,0,9,20,24,53,0,11,29,73,113,2,216,218,331
04/27/2018,VCT,TX,ASW,CE,Federal Contract Tower,0,4,10,15,29,0,0,15,12,27,0,4,25,27,56,0,94,94,150
04/28/2018,VCT,TX,ASW,CE,Federal Contract Tower,0,1,5,38,44,0,5,16,8,29,0,6,21,46,73,2,52,54,127
04/29/2018,VCT,TX,ASW,CE,Federal Contract Tower,0,1,7,9,17,0,0,10,8,18,0,1,17,17,35,2,58,60,95
04/30/2018,VCT,TX,ASW,CE,Federal Contract Tower,0,6,10,55,71,0,8,5,10,23,0,14,15,65,94,2,174,176,270
05/01/2018,VCT,TX,ASW,CE,Federal Contract Tower,0,9,6,9,24,0,3,2,5,10,0,12,8,14,34,2,4,6,40
05/02/2018,VCT,TX,ASW,CE,Federal Contract Tower,0,5,4,17,26,0,6,10,7,23,0,11,14,24,49,2,196,198,247
05/03/2018,VCT,TX,ASW,CE,Federal Contract Tower,0,5,12,74,91,0,5,5,9,19,0,10,17,83,110,6,220,226,336
05/04/2018,VCT,TX,ASW,CE,Federal Contract Tower,0,6,5,20,31,0,0,7,4,11,0,6,12,24,42,2,168,170,212
05/05/2018,VCT,TX,ASW,CE,Federal Contract Tower,0,1,3,14,18,0,7,8,1,16,0,8,11,15,34,2,12,14,48
05/06/2018,VCT,TX,ASW,CE,Federal Contract Tower,0,2,3,2,7,0,6,26,6,38,0,8,29,8,45,2,34,36,81
05/07/2018,VCT,TX,ASW,CE,Federal Contract Tower,0,3,6,25,34,0,0,20,29,49,0,3,26,54,83,2,234,236,319
05/08/2018,VCT,TX,ASW,CE,Federal Contract Tower,0,4,4,45,53,0,5,13,35,53,0,9,17,80,106,2,384,386,492
05/09/2018,VCT,TX,ASW,CE,Federal Contract Tower,0,8,6,34,48,0,4,15,22,41,0,12,21,56,89,0,152,152,241
05/10/2018,VCT,TX,ASW,CE,Federal Contract Tower,0,7,7,43,57,0,11,16,16,43,0,18,23,59,100,2,172,174,274
05/11/2018,VCT,TX,ASW,CE,Federal Contract Tower,0,6,8,28,42,0,2,8,12,22,0,8,16,40,64,2,45,47,111
05/12/2018,VCT,TX,ASW,CE,Federal Contract Tower,0,3,2,22,27,0,8,12,9,29,0,11,14,31,56,2,62,64,120
05/13/2018,VCT,TX,ASW,CE,Federal Contract Tower,0,4,8,4,16,0,0,12,5,17,0,4,20,9,33,2,42,44,77
05/14/2018,VCT,TX,ASW,CE,Federal Contract Tower,0,10,1,47,58,0,4,14,26,44,0,14,15,73,102,2,234,236,338
05/15/2018,VCT,TX,ASW,CE,Federal Contract Tower,0,4,7,39,50,0,5,6,27,38,0,9,13,66,88,16,336,352,440
05/16/2018,VCT,TX,ASW,CE,Federal Contract Tower,0,9,10,30,49,0,4,16,16,36,0,13,26,46,85,6,120,126,211
05/17/2018,VCT,TX,ASW,CE,Federal Contract Tower,0,5,4,49,58,0,4,13,5,22,0,9,17,54,80,2,70,72,152
05/18/2018,VCT,TX,ASW,CE,Federal Contract Tower,0,6,5,7,18,0,2,27,3,32,0,8,32,10,50,2,22,24,74
05/19/2018,VCT,TX,ASW,CE,Federal Contract Tower,0,1,4,6,11,0,1,6,4,11,0,2,10,10,22,0,28,28,50
05/20/2018,VCT,TX,ASW,CE,Federal Contract Tower,0,4,10,2,16,0,2,2,0,4,0,6,12,2,20,16,2,18,38
05/21/2018,VCT,TX,ASW,CE,Federal Contract Tower,0,5,2,25,32,0,2,0,15,17,0,7,2,40,49,0,108,108,157
05/22/2018,VCT,TX,ASW,CE,Federal Contract Tower,0,5,2,33,40,0,8,5,33,46,0,13,7,66,86,4,234,238,324
05/23/2018,VCT,TX,ASW,CE,Federal Contract Tower,0,6,4,27,37,0,8,8,23,39,0,14,12,50,76,0,134,134,210
05/24/2018,VCT,TX,ASW,CE,Federal Contract Tower,0,9,7,17,33,0,3,4,14,21,0,12,11,31,54,18,92,110,164
05/25/2018,VCT,TX,ASW,CE,Federal Contract Tower,0,7,6,21,34,0,4,5,6,15,0,11,11,27,49,4,80,84,133
05/26/2018,VCT,TX,ASW,CE,Federal Contract Tower,0,1,10,4,15,0,7,5,4,16,0,8,15,8,31,8,42,50,81
05/27/2018,VCT,TX,ASW,CE,Federal Contract Tower,0,4,1,8,13,0,3,11,3,17,0,7,12,11,30,2,8,10,40
05/28/2018,VCT,TX,ASW,CE,Federal Contract Tower,0,4,4,4,12,0,2,16,0,18,0,6,20,4,30,0,2,2,32
05/29/2018,VCT,TX,ASW,CE,Federal Contract Tower,0,7,3,23,33,0,1,13,23,37,0,8,16,46,70,26,186,212,282
05/30/2018,VCT,TX,ASW,CE,Federal Contract Tower,0,5,10,32,47,0,0,17,29,46,0,5,27,61,93,2,262,264,357
05/31/2018,VCT,TX,ASW,CE,Federal Contract Tower,0,4,10,35,49,0,0,20,22,42,0,4,30,57,91,32,250,282,373
06/01/2018,VCT,TX,ASW,CE,Federal Contract Tower,0,4,8,6,18,0,2,3,8,13,0,6,11,14,31,0,26,26,57
06/02/2018,VCT,TX,ASW,CE,Federal Contract Tower,0,1,4,9,14,0,7,7,19,33,0,8,11,28,47,2,175,177,224
06/03/2018,VCT,TX,ASW,CE,Federal Contract Tower,0,4,3,16,23,0,2,14,4,20,0,6,17,20,43,24,24,48,91
06/04/2018,VCT,TX,ASW,CE,Federal Contract Tower,0,7,8,59,74,0,2,15,20,37,0,9,23,79,111,12,222,234,345
06/05/2018,VCT,TX,ASW,CE,Federal Contract Tower,0,5,4,34,43,0,0,24,51,75,0,5,28,85,118,54,209,263,381
06/06/2018,VCT,TX,ASW,CE,Federal Contract Tower,0,4,6,60,70,0,3,13,31,47,0,7,19,91,117,10,328,338,455
06/07/2018,VCT,TX,ASW,CE,Federal Contract Tower,0,4,3,6,13,0,2,13,15,30,0,6,16,21,43,2,86,88,131
06/08/2018,VCT,TX,ASW,CE,Federal Contract Tower,0,8,3,7,18,0,0,7,9,16,0,8,10,16,34,0,64,64,98
06/09/2018,VCT,TX,ASW,CE,Federal Contract Tower,0,4,0,10,14,0,4,3,4,11,0,8,3,14,25,0,24,24,49
06/10/2018,VCT,TX,ASW,CE,Federal Contract Tower,0,2,5,0,7,0,0,6,6,12,0,2,11,6,19,0,34,34,53
06/11/2018,VCT,TX,ASW,CE,Federal Contract Tower,0,5,6,8,19,0,10,5,23,38,0,15,11,31,57,0,164,164,221
06/12/2018,VCT,TX,ASW,CE,Federal Contract Tower,0,5,4,10,19,0,6,2,22,30,0,11,6,32,49,0,50,50,99
06/13/2018,VCT,TX,ASW,CE,Federal Contract Tower,0,7,4,24,35,0,6,4,9,19,0,13,8,33,54,0,102,102,156
06/14/2018,VCT,TX,ASW,CE,Federal Contract Tower,0,6,10,45,61,0,2,9,21,32,0,8,19,66,93,8,166,174,267
06/15/2018,VCT,TX,ASW,CE,Federal Contract Tower,0,7,7,9,23,0,10,4,6,20,0,17,11,15,43,0,50,50,93
06/16/2018,VCT,TX,ASW,CE,Federal Contract Tower,0,1,0,6,7,0,0,2,15,17,0,1,2,21,24,0,80,80,104
06/17/2018,VCT,TX,ASW,CE,Federal Contract Tower,0,2,2,5,9,0,0,0,1,1,0,2,2,6,10,0,4,4,14
06/18/2018,VCT,TX,ASW,CE,Federal Contract Tower,0,3,2,5,10,0,0,0,3,3,0,3,2,8,13,0,30,30,43
06/19/2018,VCT,TX,ASW,CE,Federal Contract Tower,0,3,2,10,15,0,0,0,0,0,0,3,2,10,15,0,10,10,25
06/20/2018,VCT,TX,ASW,CE,Federal Contract Tower,0,3,1,0,4,0,1,0,0,1,0,4,1,0,5,0,0,0,5
06/21/2018,VCT,TX,ASW,CE,Federal Contract Tower,0,5,6,42,53,0,5,6,4,15,0,10,12,46,68,0,70,70,138
06/22/2018,VCT,TX,ASW,CE,Federal Contract Tower,0,7,4,16,27,0,2,12,4,18,0,9,16,20,45,2,18,20,65
06/23/2018,VCT,TX,ASW,CE,Federal Contract Tower,0,2,7,5,14,0,6,6,6,18,0,8,13,11,32,0,16,16,48
06/24/2018,VCT,TX,ASW,CE,Federal Contract Tower,0,4,2,2,8,0,1,5,2,8,0,5,7,4,16,0,32,32,48
06/25/2018,VCT,TX,ASW,CE,Federal Contract Tower,0,3,6,25,34,0,3,8,11,22,0,6,14,36,56,0,126,126,182
06/26/2018,VCT,TX,ASW,CE,Federal Contract Tower,0,8,6,20,34,0,7,10,6,23,0,15,16,26,57,2,76,78,135
06/27/2018,VCT,TX,ASW,CE,Federal Contract Tower,0,8,14,36,58,0,4,20,6,30,0,12,34,42,88,0,74,74,162
06/28/2018,VCT,TX,ASW,CE,Federal Contract Tower,0,3,2,60,65,0,3,19,4,26,0,6,21,64,91,12,98,110,201
06/29/2018,VCT,TX,ASW,CE,Federal Contract Tower,0,6,9,20,35,0,4,5,15,24,0,10,14,35,59,8,108,116,175
06/30/2018,VCT,TX,ASW,CE,Federal Contract Tower,0,2,2,36,40,0,10,6,2,18,0,12,8,38,58,2,36,38,96
07/01/2018,VCT,TX,ASW,CE,Federal Contract Tower,0,2,7,10,19,0,4,13,3,20,0,6,20,13,39,2,22,24,63
07/02/2018,VCT,TX,ASW,CE,Federal Contract Tower,0,5,1,19,25,0,5,15,10,30,0,10,16,29,55,0,54,54,109
07/03/2018,VCT,TX,ASW,CE,Federal Contract Tower,0,4,0,4,8,0,5,16,6,27,0,9,16,10,35,0,4,4,39
07/04/2018,VCT,TX,ASW,CE,Federal Contract Tower,0,2,2,0,4,0,0,0,0,0,0,2,2,0,4,0,0,0,4
07/05/2018,VCT,TX,ASW,CE,Federal Contract Tower,0,4,14,10,28,0,0,6,2,8,0,4,20,12,36,6,28,34,70
07/06/2018,VCT,TX,ASW,CE,Federal Contract Tower,0,4,1,6,11,0,3,7,1,11,0,7,8,7,22,4,22,26,48
07/07/2018,VCT,TX,ASW,CE,Federal Contract Tower,0,1,8,10,19,0,0,5,3,8,0,1,13,13,27,4,10,14,41
07/08/2018,VCT,TX,ASW,CE,Federal Contract Tower,0,2,6,0,8,0,3,0,6,9,0,5,6,6,17,0,30,30,47
07/09/2018,VCT,TX,ASW,CE,Federal Contract Tower,0,3,11,14,28,0,0,9,23,32,0,3,20,37,60,2,130,132,192
07/10/2018,VCT,TX,ASW,CE,Federal Contract Tower,0,4,10,48,62,0,1,8,15,24,0,5,18,63,86,4,166,170,256
07/11/2018,VCT,TX,ASW,CE,Federal Contract Tower,0,4,6,30,40,0,2,13,22,37,0,6,19,52,77,10,160,170,247
07/12/2018,VCT,TX,ASW,CE,Federal Contract Tower,0,4,5,20,29,0,4,11,10,25,0,8,16,30,54,16,126,142,196
07/13/2018,VCT,TX,ASW,CE,Federal Contract Tower,0,8,5,22,35,0,2,9,9,20,0,10,14,31,55,20,42,62,117
07/14/2018,VCT,TX,ASW,CE,Federal Contract Tower,0,2,0,4,6,0,2,11,4,17,0,4,11,8,23,4,26,30,53
07/15/2018,VCT,TX,ASW,CE,Federal Contract Tower,0,3,3,4,10,0,1,6,5,12,0,4,9,9,22,4,20,24,46
07/16/2018,VCT,TX,ASW,CE,Federal Contract Tower,0,5,5,34,44,0,0,11,8,19,0,5,16,42,63,0,170,170,233
07/17/2018,VCT,TX,ASW,CE,Federal Contract Tower,0,6,6,42,54,0,0,4,18,22,0,6,10,60,76,2,148,150,226
07/18/2018,VCT,TX,ASW,CE,Federal Contract Tower,0,6,12,44,62,0,4,3,20,27,0,10,15,64,89,0,266,266,355
07/19/2018,VCT,TX,ASW,CE,Federal Contract Tower,0,3,5,43,51,0,4,15,6,25,0,7,20,49,76,20,130,150,226
07/20/2018,VCT,TX,ASW,CE,Federal Contract Tower,0,5,6,7,18,0,4,18,6,28,0,9,24,13,46,2,50,52,98
07/21/2018,VCT,TX,ASW,CE,Federal Contract Tower,0,2,0,21,23,0,2,4,5,11,0,4,4,26,34,0,58,58,92
07/22/2018,VCT,TX,ASW,CE,Federal Contract Tower,0,2,4,2,8,0,0,8,5,13,0,2,12,7,21,4,16,20,41
07/23/2018,VCT,TX,ASW,CE,Federal Contract Tower,0,3,7,28,38,0,0,18,5,23,0,3,25,33,61,10,104,114,175
07/24/2018,VCT,TX,ASW,CE,Federal Contract Tower,0,6,7,22,35,0,2,23,26,51,0,8,30,48,86,4,148,152,238
07/25/2018,VCT,TX,ASW,CE,Federal Contract Tower,0,4,13,64,81,0,4,15,15,34,0,8,28,79,115,8,158,166,281
07/26/2018,VCT,TX,ASW,CE,Federal Contract Tower,0,6,6,61,73,0,2,11,16,29,0,8,17,77,102,2,198,200,302
07/27/2018,VCT,TX,ASW,CE,Federal Contract Tower,0,6,8,27,41,0,4,17,6,27,0,10,25,33,68,8,142,150,218
07/28/2018,VCT,TX,ASW,CE,Federal Contract Tower,0,2,0,0,2,0,2,6,2,10,0,4,6,2,12,2,10,12,24
07/29/2018,VCT,TX,ASW,CE,Federal Contract Tower,0,3,7,19,29,0,7,19,6,32,0,10,26,25,61,6,30,36,97
07/30/2018,VCT,TX,ASW,CE,Federal Contract Tower,0,6,4,25,35,0,0,16,24,40,0,6,20,49,75,0,176,176,251
07/31/2018,VCT,TX,ASW,CE,Federal Contract Tower,0,3,7,5,15,0,0,12,12,24,0,3,19,17,39,2,86,88,127
08/01/2018,VCT,TX,ASW,CE,Federal Contract Tower,0,6,2,12,20,0,0,22,18,40,0,6,24,30,60,12,144,156,216
08/02/2018,VCT,TX,ASW,CE,Federal Contract Tower,0,4,6,4,14,0,4,6,13,23,0,8,12,17,37,2,144,146,183
08/03/2018,VCT,TX,ASW,CE,Federal Contract Tower,0,4,12,25,41,0,6,9,7,22,0,10,21,32,63,2,102,104,167
08/04/2018,VCT,TX,ASW,CE,Federal Contract Tower,0,2,7,4,13,0,11,5,0,16,0,13,12,4,29,2,4,6,35
08/05/2018,VCT,TX,ASW,CE,Federal Contract Tower,0,2,0,19,21,0,2,3,15,20,0,4,3,34,41,0,50,50,91
08/06/2018,VCT,TX,ASW,CE,Federal Contract Tower,0,3,2,24,29,0,0,7,5,12,0,3,9,29,41,0,52,52,93
08/07/2018,VCT,TX,ASW,CE,Federal Contract Tower,0,4,2,11,17,0,0,11,17,28,0,4,13,28,45,8,188,196,241
08/08/2018,VCT,TX,ASW,CE,Federal Contract Tower,0,6,5,16,27,0,4,11,6,21,0,10,16,22,48,2,74,76,124
08/09/2018,VCT,TX,ASW,CE,Federal Contract Tower,0,4,7,28,39,0,5,21,7,33,0,9,28,35,72,18,90,108,180
08/10/2018,VCT,TX,ASW,CE,Federal Contract Tower,0,3,7,26,36,0,5,18,7,30,0,8,25,33,66,4,124,128,194
08/11/2018,VCT,TX,ASW,CE,Federal Contract Tower,0,4,0,7,11,0,1,2,1,4,0,5,2,8,15,0,6,6,21
08/12/2018,VCT,TX,ASW,CE,Federal Contract Tower,0,2,3,16,21,0,0,3,14,17,0,2,6,30,38,10,92,102,140
08/13/2018,VCT,TX,ASW,CE,Federal Contract Tower,0,4,7,50,61,0,4,9,16,29,0,8,16,66,90,2,186,188,278
08/14/2018,VCT,TX,ASW,CE,Federal Contract Tower,0,5,14,61,80,0,0,18,20,38,0,5,32,81,118,18,276,294,412
08/15/2018,VCT,TX,ASW,CE,Federal Contract Tower,0,2,10,34,46,0,9,6,9,24,0,11,16,43,70,6,184,190,260
08/16/2018,VCT,TX,ASW,CE,Federal Contract Tower,0,5,8,13,26,0,4,9,22,35,0,9,17,35,61,12,178,190,251
08/17/2018,VCT,TX,ASW,CE,Federal Contract Tower,0,4,11,10,25,0,4,10,6,20,0,8,21,16,45,20,30,50,95
08/18/2018,VCT,TX,ASW,CE,Federal Contract Tower,0,1,1,15,17,0,1,7,3,11,0,2,8,18,28,4,16,20,48
08/19/2018,VCT,TX,ASW,CE,Federal Contract Tower,0,3,1,12,16,0,6,9,6,21,0,9,10,18,37,0,22,22,59
08/20/2018,VCT,TX,ASW,CE,Federal Contract Tower,0,3,7,20,30,0,5,9,7,21,0,8,16,27,51,0,92,92,143
08/21/2018,VCT,TX,ASW,CE,Federal Contract Tower,0,4,7,19,30,0,3,16,23,42,0,7,23,42,72,2,242,244,316
08/22/2018,VCT,TX,ASW,CE,Federal Contract Tower,0,6,2,28,36,0,0,21,25,46,0,6,23,53,82,30,194,224,306
08/23/2018,VCT,TX,ASW,CE,Federal Contract Tower,0,6,7,42,55,0,5,14,25,44,0,11,21,67,99,14,198,212,311
08/24/2018,VCT,TX,ASW,CE,Federal Contract Tower,0,4,10,14,28,0,1,8,6,15,0,5,18,20,43,6,84,90,133
08/25/2018,VCT,TX,ASW,CE,Federal Contract Tower,0,2,3,17,22,0,10,13,1,24,0,12,16,18,46,12,14,26,72
08/26/2018,VCT,TX,ASW,CE,Federal Contract Tower,0,2,5,6,13,0,4,8,4,16,0,6,13,10,29,0,20,20,49
08/27/2018,VCT,TX,ASW,CE,Federal Contract Tower,0,4,8,32,44,0,1,9,15,25,0,5,17,47,69,4,94,98,167
08/28/2018,VCT,TX,ASW,CE,Federal Contract Tower,0,4,3,39,46,0,4,10,22,36,0,8,13,61,82,6,146,152,234
08/29/2018,VCT,TX,ASW,CE,Federal Contract Tower,0,6,5,5,16,0,1,11,8,20,0,7,16,13,36,2,70,72,108
08/30/2018,VCT,TX,ASW,CE,Federal Contract Tower,0,3,10,26,39,0,4,2,9,15,0,7,12,35,54,0,58,58,112
08/31/2018,VCT,TX,ASW,CE,Federal Contract Tower,0,4,16,15,35,0,3,14,8,25,0,7,30,23,60,0,90,90,150
09/01/2018,VCT,TX,ASW,CE,Federal Contract Tower,0,2,1,0,3,0,8,10,0,18,0,10,11,0,21,6,0,6,27
09/02/2018,VCT,TX,ASW,CE,Federal Contract Tower,0,2,6,0,8,0,2,4,0,6,0,4,10,0,14,0,0,0,14
09/03/2018,VCT,TX,ASW,CE,Federal Contract Tower,0,5,4,0,9,0,4,3,0,7,0,9,7,0,16,0,0,0,16
09/04/2018,VCT,TX,ASW,CE,Federal Contract Tower,0,3,6,8,17,0,4,3,8,15,0,7,9,16,32,6,66,72,104
09/05/2018,VCT,TX,ASW,CE,Federal Contract Tower,0,5,4,7,16,0,4,4,7,15,0,9,8,14,31,0,58,58,89
09/06/2018,VCT,TX,ASW,CE,Federal Contract Tower,0,4,14,20,38,0,1,5,0,6,0,5,19,20,44,0,18,18,62
09/07/2018,VCT,TX,ASW,CE,Federal Contract Tower,0,4,2,14,20,0,3,2,9,14,0,7,4,23,34,0,70,70,104
09/08/2018,VCT,TX,ASW,CE,Federal Contract Tower,0,1,1,18,20,0,0,7,12,19,0,1,8,30,39,0,58,58,97
09/09/2018,VCT,TX,ASW,CE,Federal Contract Tower,0,2,2,3,7,0,2,0,6,8,0,4,2,9,15,0,26,26,41
09/10/2018,VCT,TX,ASW,CE,Federal Contract Tower,0,3,7,18,28,0,1,4,0,5,0,4,11,18,33,0,16,16,49
09/11/2018,VCT,TX,ASW,CE,Federal Contract Tower,0,5,7,38,50,0,6,0,2,8,0,11,7,40,58,2,64,66,124
09/12/2018,VCT,TX,ASW,CE,Federal Contract Tower,0,4,4,16,24,0,0,3,12,15,0,4,7,28,39,2,54,56,95
09/14/2018,VCT,TX,ASW,CE,Federal Contract Tower,0,3,7,0,10,0,4,0,0,4,0,7,7,0,14,0,0,0,14
09/15/2018,VCT,TX,ASW,CE,Federal Contract Tower,0,1,0,0,1,0,2,1,0,3,0,3,1,0,4,0,0,0,4
09/16/2018,VCT,TX,ASW,CE,Federal Contract Tower,0,3,7,2,12,0,4,6,10,20,0,7,13,12,32,0,52,52,84
09/17/2018,VCT,TX,ASW,CE,Federal Contract Tower,0,3,9,31,43,0,6,13,19,38,0,9,22,50,81,8,236,244,325
09/18/2018,VCT,TX,ASW,CE,Federal Contract Tower,0,4,5,26,35,0,1,13,19,33,0,5,18,45,68,2,98,100,168
09/19/2018,VCT,TX,ASW,CE,Federal Contract Tower,0,3,14,60,77,0,1,8,31,40,0,4,22,91,117,2,230,232,349
09/20/2018,VCT,TX,ASW,CE,Federal Contract Tower,0,4,3,4,11,0,3,10,8,21,0,7,13,12,32,0,28,28,60
09/21/2018,VCT,TX,ASW,CE,Federal Contract Tower,0,4,13,29,46,0,7,1,5,13,0,11,14,34,59,0,74,74,133
09/22/2018,VCT,TX,ASW,CE,Federal Contract Tower,0,2,5,2,9,0,2,4,0,6,0,4,9,2,15,0,18,18,33
09/23/2018,VCT,TX,ASW,CE,Federal Contract Tower,0,3,4,12,19,0,3,9,9,21,0,6,13,21,40,0,70,70,110
09/24/2018,VCT,TX,ASW,CE,Federal Contract Tower,0,6,6,25,37,0,3,8,22,33,0,9,14,47,70,2,258,260,330
09/25/2018,VCT,TX,ASW,CE,Federal Contract Tower,0,6,5,22,33,0,5,14,22,41,0,11,19,44,74,2,178,180,254
09/26/2018,VCT,TX,ASW,CE,Federal Contract Tower,0,5,3,22,30,0,0,8,4,12,0,5,11,26,42,2,38,40,82
09/27/2018,VCT,TX,ASW,CE,Federal Contract Tower,0,4,8,16,28,0,0,8,18,26,0,4,16,34,54,2,136,138,192
09/28/2018,VCT,TX,ASW,CE,Federal Contract Tower,0,4,8,21,33,0,1,7,1,9,0,5,15,22,42,0,18,18,60
09/29/2018,VCT,TX,ASW,CE,Federal Contract Tower,0,3,2,0,5,0,2,3,0,5,0,5,5,0,10,2,0,2,12
09/30/2018,VCT,TX,ASW,CE,Federal Contract Tower,0,2,2,0,4,0,0,2,0,2,0,2,4,0,6,0,0,0,6
10/01/2018,VCT,TX,ASW,CE,Federal Contract Tower,0,3,1,24,28,0,2,7,9,18,0,5,8,33,46,0,48,48,94
10/02/2018,VCT,TX,ASW,CE,Federal Contract Tower,0,5,3,41,49,0,7,3,20,30,0,12,6,61,79,0,190,190,269
10/03/2018,VCT,TX,ASW,CE,Federal Contract Tower,0,6,8,56,70,0,1,18,17,36,0,7,26,73,106,0,176,176,282
10/04/2018,VCT,TX,ASW,CE,Federal Contract Tower,0,6,9,60,75,0,1,6,17,24,0,7,15,77,99,0,178,178,277
10/05/2018,VCT,TX,ASW,CE,Federal Contract Tower,0,4,16,6,26,0,0,6,11,17,0,4,22,17,43,0,180,180,223
10/06/2018,VCT,TX,ASW,CE,Federal Contract Tower,0,3,1,0,4,0,2,11,9,22,0,5,12,9,26,12,64,76,102
10/07/2018,VCT,TX,ASW,CE,Federal Contract Tower,0,1,6,0,7,0,5,11,0,16,0,6,17,0,23,4,0,4,27
10/08/2018,VCT,TX,ASW,CE,Federal Contract Tower,0,3,10,0,13,0,0,9,0,9,0,3,19,0,22,2,0,2,24
10/09/2018,VCT,TX,ASW,CE,Federal Contract Tower,0,4,3,0,7,0,1,2,4,7,0,5,5,4,14,0,2,2,16
10/10/2018,VCT,TX,ASW,CE,Federal Contract Tower,0,8,4,3,15,0,2,10,26,38,0,10,14,29,53,2,172,174,227
10/11/2018,VCT,TX,ASW,CE,Federal Contract Tower,0,4,5,32,41,0,2,26,25,53,0,6,31,57,94,6,252,258,352
10/12/2018,VCT,TX,ASW,CE,Federal Contract Tower,0,4,10,19,33,0,6,22,11,39,0,10,32,30,72,12,138,150,222
10/13/2018,VCT,TX,ASW,CE,Federal Contract Tower,0,2,2,0,4,0,8,3,5,16,0,10,5,5,20,10,16,26,46
10/14/2018,VCT,TX,ASW,CE,Federal Contract Tower,0,2,4,16,22,0,0,8,1,9,0,2,12,17,31,0,30,30,61
10/15/2018,VCT,TX,ASW,CE,Federal Contract Tower,0,4,4,14,22,0,0,0,0,0,0,4,4,14,22,0,14,14,36
10/16/2018,VCT,TX,ASW,CE,Federal Contract Tower,0,2,7,36,45,0,0,0,0,0,0,2,7,36,45,0,30,30,75
10/17/2018,VCT,TX,ASW,CE,Federal Contract Tower,0,6,9,27,42,0,0,6,0,6,0,6,15,27,48,4,20,24,72
10/18/2018,VCT,TX,ASW,CE,Federal Contract Tower,0,4,14,28,46,0,0,6,0,6,0,4,20,28,52,2,28,30,82
10/19/2018,VCT,TX,ASW,CE,Federal Contract Tower,0,7,5,0,12,0,0,1,0,1,0,7,6,0,13,0,0,0,13
10/20/2018,VCT,TX,ASW,CE,Federal Contract Tower,0,4,10,8,22,0,2,0,6,8,0,6,10,14,30,2,10,12,42
10/21/2018,VCT,TX,ASW,CE,Federal Contract Tower,0,1,7,18,26,0,1,7,5,13,0,2,14,23,39,6,38,44,83
10/22/2018,VCT,TX,ASW,CE,Federal Contract Tower,0,3,5,25,33,0,0,3,23,26,0,3,8,48,59,0,252,252,311
10/23/2018,VCT,TX,ASW,CE,Federal Contract Tower,0,4,9,20,33,0,6,0,0,6,0,10,9,20,39,2,36,38,77
10/24/2018,VCT,TX,ASW,CE,Federal Contract Tower,0,6,12,12,30,0,0,1,0,1,0,6,13,12,31,0,8,8,39
10/25/2018,VCT,TX,ASW,CE,Federal Contract Tower,0,7,6,1,14,0,8,6,3,17,0,15,12,4,31,0,8,8,39
10/26/2018,VCT,TX,ASW,CE,Federal Contract Tower,0,5,15,0,20,0,14,20,3,37,0,19,35,3,57,2,2,4,61
10/27/2018,VCT,TX,ASW,CE,Federal Contract Tower,0,1,3,0,4,0,6,19,2,27,0,7,22,2,31,0,0,0,31
10/28/2018,VCT,TX,ASW,CE,Federal Contract Tower,0,2,4,0,6,0,3,7,4,14,0,5,11,4,20,0,0,0,20
10/29/2018,VCT,TX,ASW,CE,Federal Contract Tower,0,7,9,38,54,0,1,15,28,44,0,8,24,66,98,14,198,212,310
10/30/2018,VCT,TX,ASW,CE,Federal Contract Tower,0,5,2,30,37,0,3,22,18,43,0,8,24,48,80,8,168,176,256
10/31/2018,VCT,TX,ASW,CE,Federal Contract Tower,0,1,11,11,23,0,4,5,6,15,0,5,16,17,38,0,12,12,50
11/01/2018,VCT,TX,ASW,CE,Federal Contract Tower,0,2,7,27,36,0,6,13,23,42,0,8,20,50,78,0,300,300,378
11/02/2018,VCT,TX,ASW,CE,Federal Contract Tower,0,4,5,5,14,0,2,14,13,29,0,6,19,18,43,4,112,116,159
11/03/2018,VCT,TX,ASW,CE,Federal Contract Tower,0,1,4,8,13,0,2,13,11,26,0,3,17,19,39,0,168,168,207
11/04/2018,VCT,TX,ASW,CE,Federal Contract Tower,0,1,2,0,3,0,0,8,10,18,0,1,10,10,21,0,54,54,75
11/05/2018,VCT,TX,ASW,CE,Federal Contract Tower,0,4,7,22,33,0,3,11,9,23,0,7,18,31,56,14,76,90,146
11/06/2018,VCT,TX,ASW,CE,Federal Contract Tower,0,2,14,16,32,0,0,7,14,21,0,2,21,30,53,6,38,44,97
11/07/2018,VCT,TX,ASW,CE,Federal Contract Tower,0,1,7,22,30,0,3,12,7,22,0,4,19,29,52,0,60,60,112
11/08/2018,VCT,TX,ASW,CE,Federal Contract Tower,0,3,10,17,30,0,12,2,2,16,0,15,12,19,46,6,28,34,80
11/09/2018,VCT,TX,ASW,CE,Federal Contract Tower,0,2,10,0,12,0,9,0,0,9,0,11,10,0,21,0,0,0,21
11/10/2018,VCT,TX,ASW,CE,Federal Contract Tower,0,1,7,7,15,0,4,6,8,18,0,5,13,15,33,6,72,78,111
11/11/2018,VCT,TX,ASW,CE,Federal Contract Tower,0,0,2,0,2,0,0,0,0,0,0,0,2,0,2,0,0,0,2
11/12/2018,VCT,TX,ASW,CE,Federal Contract Tower,0,6,0,4,10,0,4,0,0,4,0,10,0,4,14,0,4,4,18
11/13/2018,VCT,TX,ASW,CE,Federal Contract Tower,0,2,5,17,24,0,4,7,11,22,0,6,12,28,46,40,84,124,170
11/14/2018,VCT,TX,ASW,CE,Federal Contract Tower,0,2,3,25,30,0,3,31,14,48,0,5,34,39,78,14,166,180,258
11/15/2018,VCT,TX,ASW,CE,Federal Contract Tower,0,7,3,39,49,0,4,15,15,34,0,11,18,54,83,2,126,128,211
11/16/2018,VCT,TX,ASW,CE,Federal Contract Tower,0,8,5,33,46,0,2,15,15,32,0,10,20,48,78,8,150,158,236
11/17/2018,VCT,TX,ASW,CE,Federal Contract Tower,0,7,8,12,27,0,6,17,15,38,0,13,25,27,65,10,128,138,203
11/18/2018,VCT,TX,ASW,CE,Federal Contract Tower,0,8,8,4,20,0,0,5,0,5,0,8,13,4,25,0,2,2,27
11/19/2018,VCT,TX,ASW,CE,Federal Contract Tower,0,8,14,6,28,0,0,0,0,0,0,8,14,6,28,0,4,4,32
11/20/2018,VCT,TX,ASW,CE,Federal Contract Tower,0,8,5,38,51,0,4,8,31,43,0,12,13,69,94,0,326,326,420
11/21/2018,VCT,TX,ASW,CE,Federal Contract Tower,0,9,8,21,38,0,2,7,2,11,0,11,15,23,49,16,56,72,121
11/22/2018,VCT,TX,ASW,CE,Federal Contract Tower,0,5,0,0,5,0,5,3,0,8,0,10,3,0,13,0,0,0,13
11/23/2018,VCT,TX,ASW,CE,Federal Contract Tower,0,8,7,6,21,0,0,8,0,8,0,8,15,6,29,0,4,4,33
11/24/2018,VCT,TX,ASW,CE,Federal Contract Tower,0,7,1,1,9,0,0,22,12,34,0,7,23,13,43,0,126,126,169
11/25/2018,VCT,TX,ASW,CE,Federal Contract Tower,0,6,2,0,8,0,2,7,2,11,0,8,9,2,19,0,32,32,51
11/26/2018,VCT,TX,ASW,CE,Federal Contract Tower,0,4,2,16,22,0,2,14,11,27,0,6,16,27,49,2,92,94,143
11/27/2018,VCT,TX,ASW,CE,Federal Contract Tower,0,14,2,43,59,0,4,19,23,46,0,18,21,66,105,4,154,158,263
11/28/2018,VCT,TX,ASW,CE,Federal Contract Tower,0,9,8,20,37,0,7,15,36,58,0,16,23,56,95,26,384,410,505
11/29/2018,VCT,TX,ASW,CE,Federal Contract Tower,0,8,11,35,54,0,6,3,6,15,0,14,14,41,69,0,88,88,157
11/30/2018,VCT,TX,ASW,CE,Federal Contract Tower,0,8,7,19,34,0,1,0,6,7,0,9,7,25,41,2,48,50,91
12/01/2018,VCT,TX,ASW,CE,Federal Contract Tower,0,7,3,19,29,0,2,15,9,26,0,9,18,28,55,6,68,74,129
12/02/2018,VCT,TX,ASW,CE,Federal Contract Tower,0,7,0,0,7,0,0,11,8,19,0,7,11,8,26,2,50,52,78
12/03/2018,VCT,TX,ASW,CE,Federal Contract Tower,0,7,1,34,42,0,4,12,13,29,0,11,13,47,71,32,162,194,265
12/04/2018,VCT,TX,ASW,CE,Federal Contract Tower,0,9,2,30,41,0,4,8,30,42,0,13,10,60,83,18,342,360,443
12/05/2018,VCT,TX,ASW,CE,Federal Contract Tower,0,10,0,22,32,0,3,12,21,36,0,13,12,43,68,4,238,242,310
12/06/2018,VCT,TX,ASW,CE,Federal Contract Tower,0,8,21,33,62,0,2,5,5,12,0,10,26,38,74,10,186,196,270
12/07/2018,VCT,TX,ASW,CE,Federal Contract Tower,0,14,6,18,38,0,0,0,0,0,0,14,6,18,38,4,16,20,58
12/08/2018,VCT,TX,ASW,CE,Federal Contract Tower,0,7,3,6,16,0,10,0,0,10,0,17,3,6,26,0,4,4,30
12/09/2018,VCT,TX,ASW,CE,Federal Contract Tower,0,6,0,1,7,0,4,8,2,14,0,10,8,3,21,0,26,26,47
12/10/2018,VCT,TX,ASW,CE,Federal Contract Tower,0,12,15,18,45,0,3,13,19,35,0,15,28,37,80,18,226,244,324
12/11/2018,VCT,TX,ASW,CE,Federal Contract Tower,0,14,8,30,52,0,1,26,12,39,0,15,34,42,91,8,176,184,275
12/12/2018,VCT,TX,ASW,CE,Federal Contract Tower,0,11,5,39,55,0,9,14,14,37,0,20,19,53,92,4,114,118,210
12/13/2018,VCT,TX,ASW,CE,Federal Contract Tower,0,11,8,12,31,0,0,6,9,15,0,11,14,21,46,4,150,154,200
12/14/2018,VCT,TX,ASW,CE,Federal Contract Tower,0,19,3,36,58,0,0,12,9,21,0,19,15,45,79,0,186,186,265
12/15/2018,VCT,TX,ASW,CE,Federal Contract Tower,0,8,8,3,19,0,2,16,5,23,0,10,24,8,42,6,66,72,114
12/16/2018,VCT,TX,ASW,CE,Federal Contract Tower,0,7,2,12,21,0,11,8,8,27,0,18,10,20,48,0,48,48,96
12/17/2018,VCT,TX,ASW,CE,Federal Contract Tower,0,13,6,19,38,0,2,11,23,36,0,15,17,42,74,10,132,142,216
12/18/2018,VCT,TX,ASW,CE,Federal Contract Tower,0,10,8,47,65,0,2,9,0,11,0,12,17,47,76,4,38,42,118
12/19/2018,VCT,TX,ASW,CE,Federal Contract Tower,0,11,4,35,50,0,9,14,8,31,0,20,18,43,81,0,122,122,203
12/20/2018,VCT,TX,ASW,CE,Federal Contract Tower,0,9,7,36,52,0,9,11,11,31,0,18,18,47,83,0,138,138,221
12/21/2018,VCT,TX,ASW,CE,Federal Contract Tower,0,13,7,8,28,0,0,19,19,38,0,13,26,27,66,12,110,122,188
12/22/2018,VCT,TX,ASW,CE,Federal Contract Tower,0,11,4,0,15,0,3,6,2,11,0,14,10,2,26,2,16,18,44
12/23/2018,VCT,TX,ASW,CE,Federal Contract Tower,0,6,4,0,10,0,3,11,0,14,0,9,15,0,24,2,0,2,26
12/24/2018,VCT,TX,ASW,CE,Federal Contract Tower,0,7,2,0,9,0,2,10,0,12,0,9,12,0,21,0,0,0,21
12/25/2018,VCT,TX,ASW,CE,Federal Contract Tower,0,6,2,0,8,0,2,4,0,6,0,8,6,0,14,0,0,0,14
12/26/2018,VCT,TX,ASW,CE,Federal Contract Tower,0,11,7,1,19,0,1,0,1,2,0,12,7,2,21,0,0,0,21
12/27/2018,VCT,TX,ASW,CE,Federal Contract Tower,0,6,4,2,12,0,3,10,4,17,0,9,14,6,29,0,14,14,43
12/28/2018,VCT,TX,ASW,CE,Federal Contract Tower,0,8,6,9,23,0,1,7,3,11,0,9,13,12,34,12,26,38,72
12/29/2018,VCT,TX,ASW,CE,Federal Contract Tower,0,9,2,0,11,0,2,3,0,5,0,11,5,0,16,0,0,0,16
12/30/2018,VCT,TX,ASW,CE,Federal Contract Tower,0,10,7,0,17,0,1,0,0,1,0,11,7,0,18,4,0,4,22
12/31/2018,VCT,TX,ASW,CE,Federal Contract Tower,0,8,6,0,14,0,2,8,0,10,0,10,14,0,24,0,0,0,24
01/01/2019,VCT,TX,ASW,CE,Federal Contract Tower,0,7,2,0,9,0,4,2,0,6,0,11,4,0,15,0,0,0,15
01/02/2019,VCT,TX,ASW,CE,Federal Contract Tower,0,10,3,4,17,0,0,0,0,0,0,10,3,4,17,0,2,2,19
01/03/2019,VCT,TX,ASW,CE,Federal Contract Tower,0,8,19,40,67,0,4,4,2,10,0,12,23,42,77,0,60,60,137
01/04/2019,VCT,TX,ASW,CE,Federal Contract Tower,0,7,5,20,32,0,4,23,18,45,0,11,28,38,77,10,166,176,253
01/05/2019,VCT,TX,ASW,CE,Federal Contract Tower,0,8,0,26,34,0,4,18,14,36,0,12,18,40,70,12,102,114,184
01/06/2019,VCT,TX,ASW,CE,Federal Contract Tower,0,8,7,10,25,0,2,10,3,15,0,10,17,13,40,10,30,40,80
01/07/2019,VCT,TX,ASW,CE,Federal Contract Tower,0,7,2,47,56,0,4,9,7,20,0,11,11,54,76,4,108,112,188
01/08/2019,VCT,TX,ASW,CE,Federal Contract Tower,0,9,1,29,39,0,2,9,11,22,0,11,10,40,61,0,128,128,189
01/09/2019,VCT,TX,ASW,CE,Federal Contract Tower,0,9,4,28,41,0,2,13,19,34,0,11,17,47,75,2,150,152,227
01/10/2019,VCT,TX,ASW,CE,Federal Contract Tower,0,6,8,77,91,0,5,21,19,45,0,11,29,96,136,4,262,266,402
01/11/2019,VCT,TX,ASW,CE,Federal Contract Tower,0,5,9,48,62,0,14,7,12,33,0,19,16,60,95,2,224,226,321
01/12/2019,VCT,TX,ASW,CE,Federal Contract Tower,0,8,4,8,20,0,0,15,22,37,0,8,19,30,57,2,136,138,195
01/13/2019,VCT,TX,ASW,CE,Federal Contract Tower,0,7,2,3,12,0,12,14,8,34,0,19,16,11,46,2,44,46,92
01/14/2019,VCT,TX,ASW,CE,Federal Contract Tower,0,8,5,38,51,0,4,6,24,34,0,12,11,62,85,6,306,312,397
01/15/2019,VCT,TX,ASW,CE,Federal Contract Tower,0,10,13,49,72,0,7,13,18,38,0,17,26,67,110,18,248,266,376
01/16/2019,VCT,TX,ASW,CE,Federal Contract Tower,0,8,7,20,35,0,0,0,0,0,0,8,7,20,35,0,14,14,49
01/17/2019,VCT,TX,ASW,CE,Federal Contract Tower,0,8,14,29,51,0,2,5,3,10,0,10,19,32,61,3,34,37,98
01/18/2019,VCT,TX,ASW,CE,Federal Contract Tower,0,9,8,6,23,0,0,0,0,0,0,9,8,6,23,0,4,4,27
01/19/2019,VCT,TX,ASW,CE,Federal Contract Tower,0,7,1,2,10,0,5,4,6,15,0,12,5,8,25,0,30,30,55
01/20/2019,VCT,TX,ASW,CE,Federal Contract Tower,0,9,7,0,16,0,1,10,9,20,0,10,17,9,36,14,88,102,138
01/21/2019,VCT,TX,ASW,CE,Federal Contract Tower,0,9,6,0,15,0,5,10,14,29,0,14,16,14,44,6,98,104,148
01/22/2019,VCT,TX,ASW,CE,Federal Contract Tower,0,7,3,18,28,0,0,2,7,9,0,7,5,25,37,0,66,66,103
01/23/2019,VCT,TX,ASW,CE,Federal Contract Tower,0,11,6,31,48,0,1,2,23,26,0,12,8,54,74,2,302,304,378
01/24/2019,VCT,TX,ASW,CE,Federal Contract Tower,0,7,14,42,63,0,7,17,22,46,0,14,31,64,109,20,174,194,303
01/25/2019,VCT,TX,ASW,CE,Federal Contract Tower,0,3,9,14,26,0,12,21,14,47,0,15,30,28,73,0,112,112,185
01/26/2019,VCT,TX,ASW,CE,Federal Contract Tower,0,6,7,17,30,0,0,20,2,22,0,6,27,19,52,6,36,42,94
01/27/2019,VCT,TX,ASW,CE,Federal Contract Tower,0,6,3,8,17,0,3,9,6,18,0,9,12,14,35,2,82,84,119
01/28/2019,VCT,TX,ASW,CE,Federal Contract Tower,0,7,10,28,45,0,1,17,9,27,0,8,27,37,72,4,102,106,178
01/29/2019,VCT,TX,ASW,CE,Federal Contract Tower,0,10,6,22,38,0,2,9,15,26,0,12,15,37,64,2,200,202,266
01/30/2019,VCT,TX,ASW,CE,Federal Contract Tower,0,10,6,43,59,0,2,19,13,34,0,12,25,56,93,6,172,178,271
01/31/2019,VCT,TX,ASW,CE,Federal Contract Tower,0,7,6,8,21,0,4,0,1,5,0,11,6,9,26,0,4,4,30
02/01/2019,VCT,TX,ASW,CE,Federal Contract Tower,0,5,6,25,36,0,3,0,0,3,0,8,6,25,39,0,20,20,59
02/02/2019,VCT,TX,ASW,CE,Federal Contract Tower,0,7,0,6,13,0,0,0,0,0,0,7,0,6,13,0,4,4,17
02/03/2019,VCT,TX,ASW,CE,Federal Contract Tower,0,6,4,10,20,0,1,0,0,1,0,7,4,10,21,2,8,10,31
02/04/2019,VCT,TX,ASW,CE,Federal Contract Tower,0,7,5,23,35,0,0,0,0,0,0,7,5,23,35,0,22,22,57
02/05/2019,VCT,TX,ASW,CE,Federal Contract Tower,0,6,7,8,21,0,2,0,1,3,0,8,7,9,24,0,8,8,32
02/06/2019,VCT,TX,ASW,CE,Federal Contract Tower,0,9,9,18,36,0,4,2,0,6,0,13,11,18,42,4,16,20,62
02/07/2019,VCT,TX,ASW,CE,Federal Contract Tower,0,11,3,8,22,0,2,2,2,6,0,13,5,10,28,2,10,12,40
02/08/2019,VCT,TX,ASW,CE,Federal Contract Tower,0,9,4,14,27,0,0,10,4,14,0,9,14,18,41,4,140,144,185
02/09/2019,VCT,TX,ASW,CE,Federal Contract Tower,0,9,6,4,19,0,3,3,0,6,0,12,9,4,25,0,4,4,29
02/10/2019,VCT,TX,ASW,CE,Federal Contract Tower,0,5,4,0,9,0,0,0,0,0,0,5,4,0,9,6,0,6,15
02/11/2019,VCT,TX,ASW,CE,Federal Contract Tower,0,8,7,42,57,0,1,7,1,9,0,9,14,43,66,4,102,106,172
02/12/2019,VCT,TX,ASW,CE,Federal Contract Tower,0,10,9,15,34,0,0,22,9,31,0,10,31,24,65,6,40,46,111
02/13/2019,VCT,TX,ASW,CE,Federal Contract Tower,0,8,7,5,20,0,5,29,5,39,0,13,36,10,59,10,15,25,84
02/14/2019,VCT,TX,ASW,CE,Federal Contract Tower,0,8,7,13,28,0,6,18,9,33,0,14,25,22,61,10,64,74,135
02/15/2019,VCT,TX,ASW,CE,Federal Contract Tower,0,10,5,0,15,0,13,17,0,30,0,23,22,0,45,16,0,16,61
02/16/2019,VCT,TX,ASW,CE,Federal Contract Tower,0,7,7,2,16,0,0,3,0,3,0,7,10,2,19,0,2,2,21
02/17/2019,VCT,TX,ASW,CE,Federal Contract Tower,0,7,3,4,14,0,4,7,2,13,0,11,10,6,27,0,32,32,59
02/18/2019,VCT,TX,ASW,CE,Federal Contract Tower,0,7,7,0,14,0,0,3,2,5,0,7,10,2,19,0,0,0,19
02/19/2019,VCT,TX,ASW,CE,Federal Contract Tower,0,5,2,23,30,0,0,2,1,3,0,5,4,24,33,0,26,26,59
02/20/2019,VCT,TX,ASW,CE,Federal Contract Tower,0,10,4,58,72,0,2,20,14,36,0,12,24,72,108,12,226,238,346
02/21/2019,VCT,TX,ASW,CE,Federal Contract Tower,0,11,11,80,102,0,1,7,1,9,0,12,18,81,111,4,94,98,209
02/22/2019,VCT,TX,ASW,CE,Federal Contract Tower,0,6,8,0,14,0,0,0,0,0,0,6,8,0,14,0,0,0,14
02/23/2019,VCT,TX,ASW,CE,Federal Contract Tower,0,6,3,18,27,0,4,4,6,14,0,10,7,24,41,0,38,38,79
02/24/2019,VCT,TX,ASW,CE,Federal Contract Tower,0,6,7,8,21,0,4,22,0,26,0,10,29,8,47,12,8,20,67
02/25/2019,VCT,TX,ASW,CE,Federal Contract Tower,0,7,7,66,80,0,2,4,16,22,0,9,11,82,102,4,254,258,360
02/26/2019,VCT,TX,ASW,CE,Federal Contract Tower,0,5,6,12,23,0,0,0,0,0,0,5,6,12,23,0,12,12,35
02/27/2019,VCT,TX,ASW,CE,Federal Contract Tower,0,6,7,7,20,0,2,5,0,7,0,8,12,7,27,0,2,2,29
02/28/2019,VCT,TX,ASW,CE,Federal Contract Tower,0,7,5,0,12,0,0,0,0,0,0,7,5,0,12,0,0,0,12
03/01/2019,VCT,TX,ASW,CE,Federal Contract Tower,0,9,6,7,22,0,0,0,0,0,0,9,6,7,22,0,4,4,26
03/02/2019,VCT,TX,ASW,CE,Federal Contract Tower,0,7,3,4,14,0,0,0,0,0,0,7,3,4,14,0,0,0,14
03/03/2019,VCT,TX,ASW,CE,Federal Contract Tower,0,5,7,9,21,0,4,0,0,4,0,9,7,9,25,0,6,6,31
03/04/2019,VCT,TX,ASW,CE,Federal Contract Tower,0,7,4,14,25,0,11,3,12,26,0,18,7,26,51,2,142,144,195
03/05/2019,VCT,TX,ASW,CE,Federal Contract Tower,0,8,2,32,42,0,1,10,23,34,0,9,12,55,76,2,222,224,300
03/06/2019,VCT,TX,ASW,CE,Federal Contract Tower,0,12,10,28,50,0,0,7,14,21,0,12,17,42,71,2,214,216,287
03/07/2019,VCT,TX,ASW,CE,Federal Contract Tower,0,16,9,22,47,0,4,2,0,6,0,20,11,22,53,4,22,26,79
03/08/2019,VCT,TX,ASW,CE,Federal Contract Tower,0,8,2,20,30,0,6,0,0,6,0,14,2,20,36,4,10,14,50
03/09/2019,VCT,TX,ASW,CE,Federal Contract Tower,0,5,5,6,16,0,6,12,0,18,0,11,17,6,34,22,8,30,64
03/10/2019,VCT,TX,ASW,CE,Federal Contract Tower,0,6,2,4,12,0,0,0,0,0,0,6,2,4,12,2,4,6,18
03/11/2019,VCT,TX,ASW,CE,Federal Contract Tower,0,11,0,10,21,0,1,5,6,12,0,12,5,16,33,14,12,26,59
03/12/2019,VCT,TX,ASW,CE,Federal Contract Tower,0,9,5,25,39,0,4,1,7,12,0,13,6,32,51,0,60,60,111
03/13/2019,VCT,TX,ASW,CE,Federal Contract Tower,0,9,6,36,51,0,5,6,2,13,0,14,12,38,64,2,49,51,115
03/14/2019,VCT,TX,ASW,CE,Federal Contract Tower,0,6,11,25,42,0,0,11,15,26,0,6,22,40,68,2,140,142,210
03/15/2019,VCT,TX,ASW,CE,Federal Contract Tower,0,7,6,17,30,0,7,8,20,35,0,14,14,37,65,4,224,228,293
03/16/2019,VCT,TX,ASW,CE,Federal Contract Tower,0,9,4,8,21,0,0,6,1,7,0,9,10,9,28,0,26,26,54
03/17/2019,VCT,TX,ASW,CE,Federal Contract Tower,0,6,5,26,37,0,2,12,0,14,0,8,17,26,51,6,24,30,81
03/18/2019,VCT,TX,ASW,CE,Federal Contract Tower,0,10,2,21,33,0,4,16,25,45,0,14,18,46,78,14,200,214,292
03/19/2019,VCT,TX,ASW,CE,Federal Contract Tower,0,12,1,20,33,0,4,11,8,23,0,16,12,28,56,10,148,158,214
03/20/2019,VCT,TX,ASW,CE,Federal Contract Tower,0,10,9,38,57,0,9,16,7,32,0,19,25,45,89,2,138,140,229
03/21/2019,VCT,TX,ASW,CE,Federal Contract Tower,0,8,6,0,14,0,8,15,4,27,0,16,21,4,41,4,2,6,47
03/22/2019,VCT,TX,ASW,CE,Federal Contract Tower,0,10,3,0,13,0,6,8,0,14,0,16,11,0,27,2,0,2,29
03/23/2019,VCT,TX,ASW,CE,Federal Contract Tower,0,8,6,0,14,0,2,10,0,12,0,10,16,0,26,0,0,0,26
03/24/2019,VCT,TX,ASW,CE,Federal Contract Tower,0,7,4,0,11,0,4,0,0,4,0,11,4,0,15,0,0,0,15
03/25/2019,VCT,TX,ASW,CE,Federal Contract Tower,0,7,6,13,26,0,4,2,8,14,0,11,8,21,40,2,62,64,104
03/26/2019,VCT,TX,ASW,CE,Federal Contract Tower,0,8,10,38,56,0,7,18,16,41,0,15,28,54,97,10,238,248,345
03/27/2019,VCT,TX,ASW,CE,Federal Contract Tower,0,8,13,30,51,0,2,13,17,32,0,10,26,47,83,0,222,222,305
03/28/2019,VCT,TX,ASW,CE,Federal Contract Tower,0,8,3,40,51,0,5,8,9,22,0,13,11,49,73,12,134,146,219
03/29/2019,VCT,TX,ASW,CE,Federal Contract Tower,0,8,12,19,39,0,3,2,18,23,0,11,14,37,62,8,132,140,202
03/30/2019,VCT,TX,ASW,CE,Federal Contract Tower,0,7,7,4,18,0,0,2,3,5,0,7,9,7,23,2,10,12,35
03/31/2019,VCT,TX,ASW,CE,Federal Contract Tower,0,6,2,2,10,0,1,2,0,3,0,7,4,2,13,6,2,8,21
04/01/2019,VCT,TX,ASW,CE,Federal Contract Tower,0,7,9,32,48,0,5,19,32,56,0,12,28,64,104,10,330,340,444
04/02/2019,VCT,TX,ASW,CE,Federal Contract Tower,0,8,0,28,36,0,1,32,24,57,0,9,32,52,93,30,228,258,351
04/03/2019,VCT,TX,ASW,CE,Federal Contract Tower,0,10,4,24,38,0,1,2,1,4,0,11,6,25,42,4,64,68,110
04/04/2019,VCT,TX,ASW,CE,Federal Contract Tower,0,7,19,29,55,0,9,32,7,48,0,16,51,36,103,12,126,138,241
04/05/2019,VCT,TX,ASW,CE,Federal Contract Tower,0,9,10,26,45,0,4,4,3,11,0,13,14,29,56,0,22,22,78
04/06/2019,VCT,TX,ASW,CE,Federal Contract Tower,0,7,8,6,21,0,0,6,0,6,0,7,14,6,27,8,2,10,37
04/07/2019,VCT,TX,ASW,CE,Federal Contract Tower,0,7,3,0,10,0,7,10,0,17,0,14,13,0,27,12,0,12,39
04/08/2019,VCT,TX,ASW,CE,Federal Contract Tower,0,7,7,35,49,0,7,20,14,41,0,14,27,49,90,32,122,154,244
04/09/2019,VCT,TX,ASW,CE,Federal Contract Tower,0,8,6,39,53,0,2,21,23,46,0,10,27,62,99,0,226,226,325
04/10/2019,VCT,TX,ASW,CE,Federal Contract Tower,0,8,7,46,61,0,8,12,10,30,0,16,19,56,91,0,156,156,247
04/11/2019,VCT,TX,ASW,CE,Federal Contract Tower,0,11,3,9,23,0,15,12,7,34,0,26,15,16,57,6,68,74,131
04/12/2019,VCT,TX,ASW,CE,Federal Contract Tower,0,14,10,21,45,0,12,4,2,18,0,26,14,23,63,8,28,36,99
04/13/2019,VCT,TX,ASW,CE,Federal Contract Tower,0,8,8,4,20,0,3,3,1,7,0,11,11,5,27,0,12,12,39
04/14/2019,VCT,TX,ASW,CE,Federal Contract Tower,0,9,7,0,16,0,9,19,0,28,0,18,26,0,44,8,6,14,58
04/15/2019,VCT,TX,ASW,CE,Federal Contract Tower,0,8,3,40,51,0,4,26,8,38,0,12,29,48,89,0,106,106,195
04/16/2019,VCT,TX,ASW,CE,Federal Contract Tower,0,8,12,64,84,0,4,8,16,28,0,12,20,80,112,14,228,242,354
04/17/2019,VCT,TX,ASW,CE,Federal Contract Tower,0,9,6,96,111,0,5,3,0,8,0,14,9,96,119,2,101,103,222
04/18/2019,VCT,TX,ASW,CE,Federal Contract Tower,0,8,13,58,79,0,4,10,15,29,0,12,23,73,108,4,108,112,220
04/19/2019,VCT,TX,ASW,CE,Federal Contract Tower,0,7,4,18,29,0,4,19,17,40,0,11,23,35,69,2,208,210,279
04/20/2019,VCT,TX,ASW,CE,Federal Contract Tower,0,9,8,8,25,0,10,14,2,26,0,19,22,10,51,8,18,26,77
04/21/2019,VCT,TX,ASW,CE,Federal Contract Tower,0,8,0,2,10,0,1,3,2,6,0,9,3,4,16,0,12,12,28
04/22/2019,VCT,TX,ASW,CE,Federal Contract Tower,0,7,7,47,61,0,4,6,8,18,0,11,13,55,79,2,112,114,193
04/23/2019,VCT,TX,ASW,CE,Federal Contract Tower,0,8,5,49,62,0,2,0,9,11,0,10,5,58,73,0,72,72,145
04/24/2019,VCT,TX,ASW,CE,Federal Contract Tower,0,11,6,16,33,0,4,2,0,6,0,15,8,16,39,0,20,20,59
04/25/2019,VCT,TX,ASW,CE,Federal Contract Tower,0,9,5,28,42,0,14,18,30,62,0,23,23,58,104,0,338,338,442
04/26/2019,VCT,TX,ASW,CE,Federal Contract Tower,0,8,9,31,48,0,2,18,27,47,0,10,27,58,95,0,214,214,309
04/27/2019,VCT,TX,ASW,CE,Federal Contract Tower,0,8,1,11,20,0,1,14,9,24,0,9,15,20,44,2,116,118,162
04/28/2019,VCT,TX,ASW,CE,Federal Contract Tower,0,8,1,28,37,0,3,6,5,14,0,11,7,33,51,4,44,48,99
04/29/2019,VCT,TX,ASW,CE,Federal Contract Tower,0,7,14,57,78,0,0,7,9,16,0,7,21,66,94,12,192,204,298
04/30/2019,VCT,TX,ASW,CE,Federal Contract Tower,0,8,9,60,77,0,6,4,14,24,0,14,13,74,101,0,184,184,285
05/01/2019,VCT,TX,ASW,CE,Federal Contract Tower,0,8,5,41,54,0,3,4,12,19,0,11,9,53,73,6,172,178,251
05/02/2019,VCT,TX,ASW,CE,Federal Contract Tower,0,8,3,48,59,0,2,1,8,11,0,10,4,56,70,0,132,132,202
05/03/2019,VCT,TX,ASW,CE,Federal Contract Tower,0,8,2,4,14,0,6,1,0,7,0,14,3,4,21,10,4,14,35
05/04/2019,VCT,TX,ASW,CE,Federal Contract Tower,1,6,3,16,26,0,2,14,6,22,1,8,17,22,48,16,46,62,110
05/05/2019,VCT,TX,ASW,CE,Federal Contract Tower,0,6,4,19,29,0,4,22,9,35,0,10,26,28,64,28,62,90,154
05/06/2019,VCT,TX,ASW,CE,Federal Contract Tower,0,3,5,11,19,0,4,6,1,11,0,7,11,12,30,4,18,22,52
05/07/2019,VCT,TX,ASW,CE,Federal Contract Tower,0,7,1,17,25,0,0,0,1,1,0,7,1,18,26,0,24,24,50
05/08/2019,VCT,TX,ASW,CE,Federal Contract Tower,0,12,6,31,49,0,4,9,5,18,0,16,15,36,67,0,80,80,147
05/09/2019,VCT,TX,ASW,CE,Federal Contract Tower,0,10,8,50,68,0,9,6,1,16,0,19,14,51,84,20,50,70,154
05/10/2019,VCT,TX,ASW,CE,Federal Contract Tower,0,10,4,12,26,0,0,1,0,1,0,10,5,12,27,0,12,12,39
05/11/2019,VCT,TX,ASW,CE,Federal Contract Tower,0,8,10,6,24,0,0,2,0,2,0,8,12,6,26,0,6,6,32
05/12/2019,VCT,TX,ASW,CE,Federal Contract Tower,0,7,2,11,20,0,2,10,0,12,0,9,12,11,32,10,12,22,54
05/13/2019,VCT,TX,ASW,CE,Federal Contract Tower,0,7,5,63,75,0,5,6,18,29,0,12,11,81,104,22,294,316,420
05/14/2019,VCT,TX,ASW,CE,Federal Contract Tower,0,9,8,31,48,0,3,16,19,38,0,12,24,50,86,2,198,200,286
05/15/2019,VCT,TX,ASW,CE,Federal Contract Tower,0,10,2,33,45,0,4,14,18,36,0,14,16,51,81,8,248,256,337
05/16/2019,VCT,TX,ASW,CE,Federal Contract Tower,0,11,8,44,63,0,3,3,11,17,0,14,11,55,80,4,56,60,140
05/17/2019,VCT,TX,ASW,CE,Federal Contract Tower,0,9,9,43,61,0,2,5,8,15,0,11,14,51,76,2,114,116,192
05/18/2019,VCT,TX,ASW,CE,Federal Contract Tower,0,5,7,8,20,0,0,5,0,5,0,5,12,8,25,0,6,6,31
05/19/2019,VCT,TX,ASW,CE,Federal Contract Tower,0,8,2,17,27,0,0,8,0,8,0,8,10,17,35,2,12,14,49
05/20/2019,VCT,TX,ASW,CE,Federal Contract Tower,0,9,6,58,73,0,9,12,9,30,0,18,18,67,103,2,192,194,297
05/21/2019,VCT,TX,ASW,CE,Federal Contract Tower,0,8,6,42,56,0,3,7,9,19,0,11,13,51,75,0,112,112,187
05/22/2019,VCT,TX,ASW,CE,Federal Contract Tower,0,8,11,47,66,0,3,10,15,28,0,11,21,62,94,4,78,82,176
05/23/2019,VCT,TX,ASW,CE,Federal Contract Tower,0,9,5,33,47,0,2,7,6,15,0,11,12,39,62,0,122,122,184
05/24/2019,VCT,TX,ASW,CE,Federal Contract Tower,0,10,9,25,44,0,0,20,19,39,0,10,29,44,83,16,96,112,195
05/25/2019,VCT,TX,ASW,CE,Federal Contract Tower,0,9,2,17,28,0,10,13,0,23,0,19,15,17,51,4,14,18,69
05/26/2019,VCT,TX,ASW,CE,Federal Contract Tower,0,7,0,0,7,0,1,1,2,4,0,8,1,2,11,0,26,26,37
05/27/2019,VCT,TX,ASW,CE,Federal Contract Tower,0,7,7,10,24,0,2,8,4,14,0,9,15,14,38,2,52,54,92
05/28/2019,VCT,TX,ASW,CE,Federal Contract Tower,0,8,4,50,62,0,8,10,12,30,0,16,14,62,92,6,128,134,226
05/29/2019,VCT,TX,ASW,CE,Federal Contract Tower,0,10,5,44,59,0,4,9,15,28,0,14,14,59,87,0,80,80,167
05/30/2019,VCT,TX,ASW,CE,Federal Contract Tower,0,8,4,7,19,0,0,0,4,4,0,8,4,11,23,0,62,62,85
05/31/2019,VCT,TX,ASW,CE,Federal Contract Tower,0,9,11,44,64,0,1,10,9,20,0,10,21,53,84,12,92,104,188
06/01/2019,VCT,TX,ASW,CE,Federal Contract Tower,0,10,1,28,39,0,0,15,8,23,0,10,16,36,62,10,118,128,190
06/02/2019,VCT,TX,ASW,CE,Federal Contract Tower,0,4,0,10,14,0,4,5,6,15,0,8,5,16,29,0,42,42,71
06/03/2019,VCT,TX,ASW,CE,Federal Contract Tower,0,7,7,51,65,0,5,18,7,30,0,12,25,58,95,2,92,94,189
06/04/2019,VCT,TX,ASW,CE,Federal Contract Tower,0,8,2,15,25,0,1,10,13,24,0,9,12,28,49,4,102,106,155
06/05/2019,VCT,TX,ASW,CE,Federal Contract Tower,0,7,3,18,28,0,0,6,7,13,0,7,9,25,41,0,52,52,93
06/06/2019,VCT,TX,ASW,CE,Federal Contract Tower,0,6,0,10,16,0,8,11,17,36,0,14,11,27,52,4,94,98,150
06/07/2019,VCT,TX,ASW,CE,Federal Contract Tower,0,8,6,28,42,0,2,12,8,22,0,10,18,36,64,2,126,128,192
06/08/2019,VCT,TX,ASW,CE,Federal Contract Tower,0,8,0,6,14,0,0,31,7,38,0,8,31,13,52,0,86,86,138
06/09/2019,VCT,TX,ASW,CE,Federal Contract Tower,0,6,5,13,24,0,4,19,5,28,0,10,24,18,52,12,20,32,84
06/10/2019,VCT,TX,ASW,CE,Federal Contract Tower,0,7,10,20,37,0,2,11,34,47,0,9,21,54,84,12,338,350,434
06/11/2019,VCT,TX,ASW,CE,Federal Contract Tower,0,9,7,25,41,0,0,11,4,15,0,9,18,29,56,14,60,74,130
06/12/2019,VCT,TX,ASW,CE,Federal Contract Tower,0,8,3,56,67,0,3,14,29,46,0,11,17,85,113,8,341,349,462
06/13/2019,VCT,TX,ASW,CE,Federal Contract Tower,0,8,6,31,45,0,7,15,17,39,0,15,21,48,84,12,188,200,284
06/14/2019,VCT,TX,ASW,CE,Federal Contract Tower,0,8,8,38,54,0,15,9,8,32,0,23,17,46,86,12,106,118,204
06/15/2019,VCT,TX,ASW,CE,Federal Contract Tower,0,6,4,18,28,0,0,3,14,17,0,6,7,32,45,0,114,114,159
06/16/2019,VCT,TX,ASW,CE,Federal Contract Tower,0,6,2,0,8,0,3,2,4,9,0,9,4,4,17,0,16,16,33
06/17/2019,VCT,TX,ASW,CE,Federal Contract Tower,0,7,8,23,38,0,0,7,20,27,0,7,15,43,65,2,212,214,279
06/18/2019,VCT,TX,ASW,CE,Federal Contract Tower,0,10,9,22,41,0,1,13,22,36,0,11,22,44,77,6,188,194,271
06/19/2019,VCT,TX,ASW,CE,Federal Contract Tower,0,8,6,20,34,0,1,18,15,34,0,9,24,35,68,16,148,164,232
06/20/2019,VCT,TX,ASW,CE,Federal Contract Tower,0,8,6,24,38,0,1,8,17,26,0,9,14,41,64,2,180,182,246
06/21/2019,VCT,TX,ASW,CE,Federal Contract Tower,0,8,8,31,47,0,2,7,22,31,0,10,15,53,78,6,112,118,196
06/22/2019,VCT,TX,ASW,CE,Federal Contract Tower,0,1,5,12,18,0,0,5,3,8,0,1,10,15,26,0,26,26,52
06/23/2019,VCT,TX,ASW,CE,Federal Contract Tower,0,3,3,16,22,0,0,4,7,11,0,3,7,23,33,0,18,18,51
06/24/2019,VCT,TX,ASW,CE,Federal Contract Tower,0,9,3,18,30,0,1,3,3,7,0,10,6,21,37,0,36,36,73
06/25/2019,VCT,TX,ASW,CE,Federal Contract Tower,0,6,6,12,24,0,6,6,7,19,0,12,12,19,43,4,64,68,111
06/26/2019,VCT,TX,ASW,CE,Federal Contract Tower,0,7,1,60,68,0,1,6,14,21,0,8,7,74,89,0,236,236,325
06/27/2019,VCT,TX,ASW,CE,Federal Contract Tower,0,8,10,12,30,0,1,8,5,14,0,9,18,17,44,4,84,88,132
06/28/2019,VCT,TX,ASW,CE,Federal Contract Tower,0,13,11,14,38,0,6,11,11,28,0,19,22,25,66,10,64,74,140
06/29/2019,VCT,TX,ASW,CE,Federal Contract Tower,0,8,8,14,30,0,1,13,2,16,0,9,21,16,46,6,10,16,62
06/30/2019,VCT,TX,ASW,CE,Federal Contract Tower,0,8,7,2,17,0,2,10,2,14,0,10,17,4,31,4,18,22,53
07/01/2019,VCT,TX,ASW,CE,Federal Contract Tower,0,3,2,40,45,0,7,8,15,30,0,10,10,55,75,6,200,206,281
07/02/2019,VCT,TX,ASW,CE,Federal Contract Tower,0,9,10,26,45,0,1,6,9,16,0,10,16,35,61,10,100,110,171
07/03/2019,VCT,TX,ASW,CE,Federal Contract Tower,0,9,9,6,24,0,0,7,3,10,0,9,16,9,34,0,70,70,104
07/04/2019,VCT,TX,ASW,CE,Federal Contract Tower,0,3,0,0,3,0,2,14,4,20,0,5,14,4,23,2,10,12,35
07/05/2019,VCT,TX,ASW,CE,Federal Contract Tower,0,8,5,0,13,0,1,19,2,22,0,9,24,2,35,6,26,32,67
07/06/2019,VCT,TX,ASW,CE,Federal Contract Tower,0,6,7,13,26,0,1,8,4,13,0,7,15,17,39,2,42,44,83
07/07/2019,VCT,TX,ASW,CE,Federal Contract Tower,0,6,4,9,19,0,0,9,1,10,0,6,13,10,29,8,8,16,45
07/08/2019,VCT,TX,ASW,CE,Federal Contract Tower,0,7,6,37,50,0,2,11,27,40,0,9,17,64,90,4,344,348,438
07/09/2019,VCT,TX,ASW,CE,Federal Contract Tower,0,8,7,43,58,0,8,12,23,43,0,16,19,66,101,12,226,238,339
07/10/2019,VCT,TX,ASW,CE,Federal Contract Tower,0,9,12,20,41,0,5,33,29,67,0,14,45,49,108,12,248,260,368
07/11/2019,VCT,TX,ASW,CE,Federal Contract Tower,0,8,4,33,45,0,2,15,24,41,0,10,19,57,86,6,158,164,250
07/12/2019,VCT,TX,ASW,CE,Federal Contract Tower,0,10,3,22,35,0,4,6,17,27,0,14,9,39,62,8,134,142,204
07/13/2019,VCT,TX,ASW,CE,Federal Contract Tower,0,7,3,26,36,0,2,5,10,17,0,9,8,36,53,2,120,122,175
07/14/2019,VCT,TX,ASW,CE,Federal Contract Tower,0,6,1,6,13,0,0,3,5,8,0,6,4,11,21,0,6,6,27
07/15/2019,VCT,TX,ASW,CE,Federal Contract Tower,0,7,8,29,44,0,0,17,14,31,0,7,25,43,75,0,180,180,255
07/16/2019,VCT,TX,ASW,CE,Federal Contract Tower,0,10,2,34,46,0,2,10,33,45,0,12,12,67,91,0,332,332,423
07/17/2019,VCT,TX,ASW,CE,Federal Contract Tower,0,8,3,36,47,0,6,15,24,45,0,14,18,60,92,4,250,254,346
07/18/2019,VCT,TX,ASW,CE,Federal Contract Tower,0,8,4,48,60,0,1,20,25,46,0,9,24,73,106,2,176,178,284
07/19/2019,VCT,TX,ASW,CE,Federal Contract Tower,0,9,4,33,46,0,3,11,21,35,0,12,15,54,81,6,156,162,243
07/20/2019,VCT,TX,ASW,CE,Federal Contract Tower,0,7,2,2,11,0,1,13,15,29,0,8,15,17,40,4,82,86,126
07/21/2019,VCT,TX,ASW,CE,Federal Contract Tower,0,8,0,14,22,0,2,16,3,21,0,10,16,17,43,2,14,16,59
07/22/2019,VCT,TX,ASW,CE,Federal Contract Tower,0,8,8,22,38,0,2,7,13,22,0,10,15,35,60,0,56,56,116
07/23/2019,VCT,TX,ASW,CE,Federal Contract Tower,0,8,6,36,50,0,6,8,9,23,0,14,14,45,73,0,162,162,235
07/24/2019,VCT,TX,ASW,CE,Federal Contract Tower,0,10,3,22,35,0,3,24,23,50,0,13,27,45,85,4,194,198,283
07/25/2019,VCT,TX,ASW,CE,Federal Contract Tower,0,8,7,31,46,0,5,35,24,64,0,13,42,55,110,10,146,156,266
07/26/2019,VCT,TX,ASW,CE,Federal Contract Tower,0,12,7,23,42,0,0,4,8,12,0,12,11,31,54,4,36,40,94
07/27/2019,VCT,TX,ASW,CE,Federal Contract Tower,0,8,2,26,36,0,0,14,27,41,0,8,16,53,77,2,61,63,140
07/28/2019,VCT,TX,ASW,CE,Federal Contract Tower,0,5,3,16,24,0,4,5,2,11,0,9,8,18,35,2,28,30,65
07/29/2019,VCT,TX,ASW,CE,Federal Contract Tower,0,7,3,46,56,0,2,10,37,49,0,9,13,83,105,18,250,268,373
07/30/2019,VCT,TX,ASW,CE,Federal Contract Tower,0,7,2,37,46,0,6,1,24,31,0,13,3,61,77,2,204,206,283
07/31/2019,VCT,TX,ASW,CE,Federal Contract Tower,0,8,4,35,47,0,4,18,30,52,0,12,22,65,99,8,224,232,331
08/01/2019,VCT,TX,ASW,CE,Federal Contract Tower,0,9,1,47,57,0,0,24,7,31,0,9,25,54,88,2,96,98,186
08/02/2019,VCT,TX,ASW,CE,Federal Contract Tower,0,6,2,32,40,0,2,18,15,35,0,8,20,47,75,8,128,136,211
08/03/2019,VCT,TX,ASW,CE,Federal Contract Tower,0,5,2,0,7,0,0,7,4,11,0,5,9,4,18,2,0,2,20
08/04/2019,VCT,TX,ASW,CE,Federal Contract Tower,0,1,1,0,2,0,2,13,3,18,0,3,14,3,20,6,12,18,38
08/05/2019,VCT,TX,ASW,CE,Federal Contract Tower,0,8,4,44,56,0,0,6,13,19,0,8,10,57,75,0,86,86,161
08/06/2019,VCT,TX,ASW,CE,Federal Contract Tower,0,12,8,14,34,0,5,5,24,34,0,17,13,38,68,0,130,130,198
08/07/2019,VCT,TX,ASW,CE,Federal Contract Tower,0,9,8,42,59,0,4,7,34,45,0,13,15,76,104,0,324,324,428
08/08/2019,VCT,TX,ASW,CE,Federal Contract Tower,0,11,5,38,54,0,3,17,24,44,0,14,22,62,98,4,216,220,318
08/09/2019,VCT,TX,ASW,CE,Federal Contract Tower,0,9,9,39,57,0,1,5,23,29,0,10,14,62,86,2,232,234,320
08/10/2019,VCT,TX,ASW,CE,Federal Contract Tower,0,7,4,0,11,0,0,16,5,21,0,7,20,5,32,2,60,62,94
08/11/2019,VCT,TX,ASW,CE,Federal Contract Tower,0,9,9,14,32,0,4,9,4,17,0,13,18,18,49,34,22,56,105
08/12/2019,VCT,TX,ASW,CE,Federal Contract Tower,0,7,5,12,24,0,2,17,8,27,0,9,22,20,51,8,52,60,111
08/13/2019,VCT,TX,ASW,CE,Federal Contract Tower,0,9,4,39,52,0,0,19,22,41,0,9,23,61,93,10,228,238,331
08/14/2019,VCT,TX,ASW,CE,Federal Contract Tower,0,12,9,35,56,0,3,11,22,36,0,15,20,57,92,2,280,282,374
08/15/2019,VCT,TX,ASW,CE,Federal Contract Tower,0,9,7,26,42,0,0,8,10,18,0,9,15,36,60,10,122,132,192
08/16/2019,VCT,TX,ASW,CE,Federal Contract Tower,0,9,4,21,34,0,2,9,17,28,0,11,13,38,62,8,66,74,136
08/17/2019,VCT,TX,ASW,CE,Federal Contract Tower,0,5,2,46,53,0,2,12,13,27,0,7,14,59,80,14,66,80,160
08/18/2019,VCT,TX,ASW,CE,Federal Contract Tower,0,7,0,8,15,0,6,4,0,10,0,13,4,8,25,28,4,32,57
08/19/2019,VCT,TX,ASW,CE,Federal Contract Tower,0,6,6,44,56,0,5,14,12,31,0,11,20,56,87,4,140,144,231
08/20/2019,VCT,TX,ASW,CE,Federal Contract Tower,0,12,4,49,65,0,3,9,12,24,0,15,13,61,89,2,120,122,211
08/21/2019,VCT,TX,ASW,CE,Federal Contract Tower,0,10,6,37,53,0,4,14,5,23,0,14,20,42,76,4,146,150,226
08/22/2019,VCT,TX,ASW,CE,Federal Contract Tower,0,9,3,15,27,0,2,7,10,19,0,11,10,25,46,8,28,36,82
08/23/2019,VCT,TX,ASW,CE,Federal Contract Tower,0,8,4,9,21,0,1,6,4,11,0,9,10,13,32,0,38,38,70
08/24/2019,VCT,TX,ASW,CE,Federal Contract Tower,0,10,5,0,15,0,6,5,10,21,0,16,10,10,36,24,54,78,114
08/25/2019,VCT,TX,ASW,CE,Federal Contract Tower,0,3,0,6,9,0,9,8,0,17,0,12,8,6,26,6,6,12,38
08/26/2019,VCT,TX,ASW,CE,Federal Contract Tower,0,7,5,27,39,0,0,12,11,23,0,7,17,38,62,2,82,84,146
08/27/2019,VCT,TX,ASW,CE,Federal Contract Tower,0,9,11,26,46,0,3,12,17,32,0,12,23,43,78,6,146,152,230
08/28/2019,VCT,TX,ASW,CE,Federal Contract Tower,0,11,7,36,54,0,1,4,9,14,0,12,11,45,68,0,90,90,158
08/29/2019,VCT,TX,ASW,CE,Federal Contract Tower,0,9,5,23,37,0,3,17,15,35,0,12,22,38,72,0,64,64,136
08/30/2019,VCT,TX,ASW,CE,Federal Contract Tower,0,9,6,6,21,0,3,2,2,7,0,12,8,8,28,2,8,10,38
08/31/2019,VCT,TX,ASW,CE,Federal Contract Tower,0,6,7,8,21,0,1,12,0,13,0,7,19,8,34,0,8,8,42
09/01/2019,VCT,TX,ASW,CE,Federal Contract Tower,0,7,1,0,8,0,0,2,10,12,0,7,3,10,20,0,0,0,20
09/02/2019,VCT,TX,ASW,CE,Federal Contract Tower,0,5,1,8,14,0,6,5,2,13,0,11,6,10,27,2,18,20,47
09/03/2019,VCT,TX,ASW,CE,Federal Contract Tower,0,9,4,60,73,0,5,18,18,41,0,14,22,78,114,16,126,142,256
09/04/2019,VCT,TX,ASW,CE,Federal Contract Tower,0,11,3,67,81,0,2,17,16,35,0,13,20,83,116,2,166,168,284
09/05/2019,VCT,TX,ASW,CE,Federal Contract Tower,0,6,3,41,50,0,1,21,6,28,0,7,24,47,78,6,74,80,158
09/06/2019,VCT,TX,ASW,CE,Federal Contract Tower,0,9,14,56,79,0,0,23,9,32,0,9,37,65,111,18,114,132,243
09/07/2019,VCT,TX,ASW,CE,Federal Contract Tower,0,5,1,24,30,0,6,4,6,16,0,11,5,30,46,8,40,48,94
09/08/2019,VCT,TX,ASW,CE,Federal Contract Tower,0,2,1,54,57,0,4,22,5,31,0,6,23,59,88,10,54,64,152
09/09/2019,VCT,TX,ASW,CE,Federal Contract Tower,0,5,5,32,42,0,1,11,14,26,0,6,16,46,68,0,88,88,156
09/10/2019,VCT,TX,ASW,CE,Federal Contract Tower,0,5,7,12,24,0,0,0,8,8,0,5,7,20,32,0,72,72,104
09/11/2019,VCT,TX,ASW,CE,Federal Contract Tower,0,2,8,5,15,0,0,3,3,6,0,2,11,8,21,2,38,40,61
09/12/2019,VCT,TX,ASW,CE,Federal Contract Tower,0,8,1,19,28,0,0,13,6,19,0,8,14,25,47,6,62,68,115
09/13/2019,VCT,TX,ASW,CE,Federal Contract Tower,0,9,7,24,40,0,0,9,16,25,0,9,16,40,65,6,104,110,175
09/14/2019,VCT,TX,ASW,CE,Federal Contract Tower,0,6,3,6,15,0,0,17,2,19,0,6,20,8,34,0,8,8,42
09/15/2019,VCT,TX,ASW,CE,Federal Contract Tower,0,8,2,26,36,0,1,17,10,28,0,9,19,36,64,8,106,114,178
09/16/2019,VCT,TX,ASW,CE,Federal Contract Tower,0,8,3,20,31,0,2,8,6,16,0,10,11,26,47,0,64,64,111
09/17/2019,VCT,TX,ASW,CE,Federal Contract Tower,0,10,4,10,24,0,0,2,5,7,0,10,6,15,31,2,54,56,87
09/18/2019,VCT,TX,ASW,CE,Federal Contract Tower,0,9,2,8,19,0,1,13,13,27,0,10,15,21,46,0,42,42,88
09/19/2019,VCT,TX,ASW,CE,Federal Contract Tower,0,7,4,19,30,0,0,11,4,15,0,7,15,23,45,0,36,36,81
09/20/2019,VCT,TX,ASW,CE,Federal Contract Tower,0,8,10,18,36,0,0,12,7,19,0,8,22,25,55,6,72,78,133
09/21/2019,VCT,TX,ASW,CE,Federal Contract Tower,0,5,2,14,21,0,1,8,4,13,0,6,10,18,34,0,54,54,88
09/22/2019,VCT,TX,ASW,CE,Federal Contract Tower,0,4,4,4,12,0,5,16,6,27,0,9,20,10,39,22,20,42,81
09/23/2019,VCT,TX,ASW,CE,Federal Contract Tower,0,7,0,71,78,0,2,9,7,18,0,9,9,78,96,0,124,124,220
09/24/2019,VCT,TX,ASW,CE,Federal Contract Tower,0,7,4,27,38,0,0,4,16,20,0,7,8,43,58,2,154,156,214
09/25/2019,VCT,TX,ASW,CE,Federal Contract Tower,0,13,4,26,43,0,2,5,27,34,0,15,9,53,77,0,164,164,241
09/26/2019,VCT,TX,ASW,CE,Federal Contract Tower,0,8,16,40,64,0,1,14,13,28,0,9,30,53,92,0,114,114,206
09/27/2019,VCT,TX,ASW,CE,Federal Contract Tower,0,7,8,25,40,0,1,14,7,22,0,8,22,32,62,16,50,66,128
09/28/2019,VCT,TX,ASW,CE,Federal Contract Tower,0,5,3,4,12,0,0,2,2,4,0,5,5,6,16,0,16,16,32
09/29/2019,VCT,TX,ASW,CE,Federal Contract Tower,0,6,11,2,19,0,0,17,4,21,0,6,28,6,40,22,20,42,82
09/30/2019,VCT,TX,ASW,CE,Federal Contract Tower,0,7,2,33,42,0,1,8,16,25,0,8,10,49,67,6,76,82,149
10/01/2019,VCT,TX,ASW,CE,Federal Contract Tower,0,9,2,58,69,0,0,17,18,35,0,9,19,76,104,0,226,226,330
10/02/2019,VCT,TX,ASW,CE,Federal Contract Tower,0,7,3,55,65,0,0,8,30,38,0,7,11,85,103,18,328,346,449
10/03/2019,VCT,TX,ASW,CE,Federal Contract Tower,0,12,9,83,104,0,0,5,19,24,0,12,14,102,128,2,294,296,424
10/04/2019,VCT,TX,ASW,CE,Federal Contract Tower,0,9,9,6,24,0,0,14,2,16,0,9,23,8,40,0,28,28,68
10/05/2019,VCT,TX,ASW,CE,Federal Contract Tower,0,6,6,4,16,0,0,16,15,31,0,6,22,19,47,2,20,22,69
10/06/2019,VCT,TX,ASW,CE,Federal Contract Tower,0,7,8,14,29,0,0,12,10,22,0,7,20,24,51,8,64,72,123
10/07/2019,VCT,TX,ASW,CE,Federal Contract Tower,0,7,7,46,60,0,2,14,15,31,0,9,21,61,91,4,164,168,259
10/08/2019,VCT,TX,ASW,CE,Federal Contract Tower,0,7,3,58,68,0,0,26,16,42,0,7,29,74,110,4,228,232,342
10/09/2019,VCT,TX,ASW,CE,Federal Contract Tower,0,2,10,16,28,0,0,14,13,27,0,2,24,29,55,4,162,166,221
10/10/2019,VCT,TX,ASW,CE,Federal Contract Tower,0,10,3,31,44,0,2,8,26,36,0,12,11,57,80,4,162,166,246
10/11/2019,VCT,TX,ASW,CE,Federal Contract Tower,0,7,7,8,22,0,0,0,0,0,0,7,7,8,22,0,12,12,34
10/12/2019,VCT,TX,ASW,CE,Federal Contract Tower,0,6,3,5,14,0,0,22,10,32,0,6,25,15,46,16,96,112,158
10/13/2019,VCT,TX,ASW,CE,Federal Contract Tower,0,7,8,0,15,0,0,15,4,19,0,7,23,4,34,2,6,8,42
10/14/2019,VCT,TX,ASW,CE,Federal Contract Tower,0,8,3,0,11,0,1,10,0,11,0,9,13,0,22,4,0,4,26
10/15/2019,VCT,TX,ASW,CE,Federal Contract Tower,0,8,11,38,57,0,1,8,24,33,0,9,19,62,90,2,268,270,360
10/16/2019,VCT,TX,ASW,CE,Federal Contract Tower,0,8,4,0,12,0,0,4,0,4,0,8,8,0,16,0,0,0,16
10/17/2019,VCT,TX,ASW,CE,Federal Contract Tower,0,5,5,0,10,0,1,4,1,6,0,6,9,1,16,0,0,0,16
10/18/2019,VCT,TX,ASW,CE,Federal Contract Tower,0,7,4,0,11,0,0,16,0,16,0,7,20,0,27,0,0,0,27
10/19/2019,VCT,TX,ASW,CE,Federal Contract Tower,0,5,3,0,8,0,0,13,0,13,0,5,16,0,21,4,0,4,25
10/20/2019,VCT,TX,ASW,CE,Federal Contract Tower,0,0,2,0,2,0,2,7,0,9,0,2,9,0,11,0,0,0,11
10/21/2019,VCT,TX,ASW,CE,Federal Contract Tower,0,9,6,29,44,0,1,6,5,12,0,10,12,34,56,0,102,102,158
10/22/2019,VCT,TX,ASW,CE,Federal Contract Tower,0,11,7,26,44,0,9,18,18,45,0,20,25,44,89,8,162,170,259
10/23/2019,VCT,TX,ASW,CE,Federal Contract Tower,0,7,3,52,62,0,2,16,13,31,0,9,19,65,93,10,174,184,277
10/24/2019,VCT,TX,ASW,CE,Federal Contract Tower,0,7,6,4,17,0,2,16,2,20,0,9,22,6,37,6,28,34,71
10/25/2019,VCT,TX,ASW,CE,Federal Contract Tower,0,7,2,14,23,0,0,6,2,8,0,7,8,16,31,10,34,44,75
10/26/2019,VCT,TX,ASW,CE,Federal Contract Tower,0,6,7,25,38,0,0,10,16,26,0,6,17,41,64,4,162,166,230
10/27/2019,VCT,TX,ASW,CE,Federal Contract Tower,0,2,1,4,7,0,0,21,3,24,0,2,22,7,31,2,4,6,37
10/28/2019,VCT,TX,ASW,CE,Federal Contract Tower,0,6,6,31,43,0,0,15,8,23,0,6,21,39,66,4,130,134,200
10/29/2019,VCT,TX,ASW,CE,Federal Contract Tower,0,6,4,8,18,0,0,1,0,1,0,6,5,8,19,0,8,8,27
10/30/2019,VCT,TX,ASW,CE,Federal Contract Tower,0,15,8,12,35,0,0,0,0,0,0,15,8,12,35,0,10,10,45
10/31/2019,VCT,TX,ASW,CE,Federal Contract Tower,0,9,9,20,38,0,2,11,21,34,0,11,20,41,72,10,260,270,342
11/01/2019,VCT,TX,ASW,CE,Federal Contract Tower,0,10,17,18,45,0,0,11,17,28,0,10,28,35,73,18,134,152,225
11/02/2019,VCT,TX,ASW,CE,Federal Contract Tower,0,6,1,5,12,0,5,9,7,21,0,11,10,12,33,2,56,58,91
11/03/2019,VCT,TX,ASW,CE,Federal Contract Tower,0,7,4,18,29,0,2,10,8,20,0,9,14,26,49,4,94,98,147
11/04/2019,VCT,TX,ASW,CE,Federal Contract Tower,0,8,7,49,64,0,1,9,21,31,0,9,16,70,95,4,226,230,325
11/05/2019,VCT,TX,ASW,CE,Federal Contract Tower,0,8,14,13,35,0,2,11,16,29,0,10,25,29,64,4,194,198,262
11/06/2019,VCT,TX,ASW,CE,Federal Contract Tower,0,10,2,59,71,0,7,4,24,35,0,17,6,83,106,6,230,236,342
11/07/2019,VCT,TX,ASW,CE,Federal Contract Tower,0,14,10,8,32,0,0,0,0,0,0,14,10,8,32,2,2,4,36
11/08/2019,VCT,TX,ASW,CE,Federal Contract Tower,0,10,14,15,39,0,0,2,0,2,0,10,16,15,41,0,10,10,51
11/09/2019,VCT,TX,ASW,CE,Federal Contract Tower,0,7,3,16,26,0,0,25,7,32,0,7,28,23,58,34,44,78,136
11/10/2019,VCT,TX,ASW,CE,Federal Contract Tower,0,6,4,6,16,0,3,12,0,15,0,9,16,6,31,0,4,4,35
11/11/2019,VCT,TX,ASW,CE,Federal Contract Tower,0,6,7,5,18,0,0,7,2,9,0,6,14,7,27,0,6,6,33
11/12/2019,VCT,TX,ASW,CE,Federal Contract Tower,0,8,0,37,45,0,6,4,11,21,0,14,4,48,66,2,194,196,262
11/13/2019,VCT,TX,ASW,CE,Federal Contract Tower,0,6,5,49,60,0,3,11,9,23,0,9,16,58,83,26,114,140,223
11/14/2019,VCT,TX,ASW,CE,Federal Contract Tower,0,8,7,31,46,0,0,0,0,0,0,8,7,31,46,0,24,24,70
11/15/2019,VCT,TX,ASW,CE,Federal Contract Tower,0,8,6,13,27,0,0,22,19,41,0,8,28,32,68,18,176,194,262
11/16/2019,VCT,TX,ASW,CE,Federal Contract Tower,0,10,1,16,27,0,0,20,13,33,0,10,21,29,60,26,126,152,212
11/17/2019,VCT,TX,ASW,CE,Federal Contract Tower,0,7,5,11,23,0,6,12,4,22,0,13,17,15,45,8,16,24,69
11/18/2019,VCT,TX,ASW,CE,Federal Contract Tower,0,11,16,46,73,0,0,17,13,30,0,11,33,59,103,22,124,146,249
11/19/2019,VCT,TX,ASW,CE,Federal Contract Tower,0,9,7,25,41,0,2,17,10,29,0,11,24,35,70,14,96,110,180
11/20/2019,VCT,TX,ASW,CE,Federal Contract Tower,0,8,8,47,63,0,6,6,16,28,0,14,14,63,91,4,224,228,319
11/21/2019,VCT,TX,ASW,CE,Federal Contract Tower,0,10,3,25,38,0,0,4,15,19,0,10,7,40,57,4,160,164,221
11/22/2019,VCT,TX,ASW,CE,Federal Contract Tower,0,10,5,16,31,0,0,1,4,5,0,10,6,20,36,2,34,36,72
11/23/2019,VCT,TX,ASW,CE,Federal Contract Tower,0,5,6,11,22,0,6,22,9,37,0,11,28,20,59,38,118,156,215
11/24/2019,VCT,TX,ASW,CE,Federal Contract Tower,0,10,4,17,31,0,0,28,25,53,0,10,32,42,84,10,96,106,190
11/25/2019,VCT,TX,ASW,CE,Federal Contract Tower,0,9,3,36,48,0,0,12,22,34,0,9,15,58,82,0,136,136,218
11/26/2019,VCT,TX,ASW,CE,Federal Contract Tower,0,10,11,48,69,0,0,8,6,14,0,10,19,54,83,4,104,108,191
11/27/2019,VCT,TX,ASW,CE,Federal Contract Tower,0,9,1,22,32,0,3,11,4,18,0,12,12,26,50,0,46,46,96
11/28/2019,VCT,TX,ASW,CE,Federal Contract Tower,0,7,2,0,9,0,0,2,0,2,0,7,4,0,11,0,0,0,11
11/29/2019,VCT,TX,ASW,CE,Federal Contract Tower,0,8,6,0,14,0,0,0,0,0,0,8,6,0,14,0,0,0,14
11/30/2019,VCT,TX,ASW,CE,Federal Contract Tower,0,6,4,1,11,0,0,2,1,3,0,6,6,2,14,0,26,26,40
12/01/2019,VCT,TX,ASW,CE,Federal Contract Tower,0,6,0,0,6,0,2,24,3,29,0,8,24,3,35,10,24,34,69
12/02/2019,VCT,TX,ASW,CE,Federal Contract Tower,0,11,5,26,42,0,1,38,38,77,0,12,43,64,119,6,328,334,453
12/03/2019,VCT,TX,ASW,CE,Federal Contract Tower,0,11,3,34,48,0,4,27,49,80,0,15,30,83,128,32,164,196,324
12/04/2019,VCT,TX,ASW,CE,Federal Contract Tower,0,11,7,31,49,0,0,9,35,44,0,11,16,66,93,8,116,124,217
12/05/2019,VCT,TX,ASW,CE,Federal Contract Tower,0,11,12,36,59,0,5,15,19,39,0,16,27,55,98,2,62,64,162
12/06/2019,VCT,TX,ASW,CE,Federal Contract Tower,0,8,2,4,14,0,0,15,17,32,0,8,17,21,46,12,110,122,168
12/07/2019,VCT,TX,ASW,CE,Federal Contract Tower,0,9,2,0,11,0,3,13,8,24,0,12,15,8,35,14,34,48,83
12/08/2019,VCT,TX,ASW,CE,Federal Contract Tower,0,7,8,6,21,0,1,28,6,35,0,8,36,12,56,12,62,74,130
12/09/2019,VCT,TX,ASW,CE,Federal Contract Tower,0,8,12,13,33,0,0,6,19,25,0,8,18,32,58,0,176,176,234
12/10/2019,VCT,TX,ASW,CE,Federal Contract Tower,0,7,6,7,20,0,0,2,1,3,0,7,8,8,23,0,36,36,59
12/11/2019,VCT,TX,ASW,CE,Federal Contract Tower,0,10,5,22,37,0,0,22,33,55,0,10,27,55,92,6,254,260,352
12/12/2019,VCT,TX,ASW,CE,Federal Contract Tower,0,7,5,8,20,0,2,19,12,33,0,9,24,20,53,24,78,102,155
12/13/2019,VCT,TX,ASW,CE,Federal Contract Tower,0,10,3,6,19,0,0,11,7,18,0,10,14,13,37,0,48,48,85
12/14/2019,VCT,TX,ASW,CE,Federal Contract Tower,0,8,3,2,13,0,0,15,0,15,0,8,18,2,28,16,2,18,46
12/15/2019,VCT,TX,ASW,CE,Federal Contract Tower,0,9,10,6,25,0,3,1,4,8,0,12,11,10,33,2,6,8,41
12/16/2019,VCT,TX,ASW,CE,Federal Contract Tower,0,12,4,17,33,0,0,5,12,17,0,12,9,29,50,4,126,130,180
12/17/2019,VCT,TX,ASW,CE,Federal Contract Tower,0,10,6,21,37,0,0,15,16,31,0,10,21,37,68,0,92,92,160
12/18/2019,VCT,TX,ASW,CE,Federal Contract Tower,0,7,8,23,38,0,7,19,8,34,0,14,27,31,72,8,88,96,168
12/19/2019,VCT,TX,ASW,CE,Federal Contract Tower,0,10,5,17,32,0,8,17,18,43,0,18,22,35,75,12,156,168,243
12/20/2019,VCT,TX,ASW,CE,Federal Contract Tower,0,9,10,24,43,0,0,0,2,2,0,9,10,26,45,0,50,50,95
12/21/2019,VCT,TX,ASW,CE,Federal Contract Tower,0,5,1,19,25,0,5,5,3,13,0,10,6,22,38,8,20,28,66
12/22/2019,VCT,TX,ASW,CE,Federal Contract Tower,0,7,3,2,12,0,4,16,2,22,0,11,19,4,34,14,10,24,58
12/23/2019,VCT,TX,ASW,CE,Federal Contract Tower,0,9,3,16,28,0,8,14,6,28,0,17,17,22,56,0,80,80,136
12/24/2019,VCT,TX,ASW,CE,Federal Contract Tower,0,7,2,14,23,0,1,11,0,12,0,8,13,14,35,10,10,20,55
12/25/2019,VCT,TX,ASW,CE,Federal Contract Tower,0,6,0,0,6,0,0,4,0,4,0,6,4,0,10,0,0,0,10
12/26/2019,VCT,TX,ASW,CE,Federal Contract Tower,0,9,7,4,20,0,3,12,8,23,0,12,19,12,43,4,84,88,131
12/27/2019,VCT,TX,ASW,CE,Federal Contract Tower,0,9,3,19,31,0,2,4,0,6,0,11,7,19,37,0,18,18,55
12/28/2019,VCT,TX,ASW,CE,Federal Contract Tower,0,5,3,4,12,0,0,4,0,4,0,5,7,4,16,0,4,4,20
12/29/2019,VCT,TX,ASW,CE,Federal Contract Tower,0,5,3,9,17,0,1,2,2,5,0,6,5,11,22,2,40,42,64
12/30/2019,VCT,TX,ASW,CE,Federal Contract Tower,0,9,1,8,18,0,2,28,20,50,0,11,29,28,68,8,214,222,290
12/31/2019,VCT,TX,ASW,CE,Federal Contract Tower,0,7,3,1,11,0,2,5,1,8,0,9,8,2,19,6,2,8,27
01/01/2020,VCT,TX,ASW,CE,Federal Contract Tower,0,4,4,0,8,0,2,0,0,2,0,6,4,0,10,2,0,2,12
01/02/2020,VCT,TX,ASW,CE,Federal Contract Tower,0,4,4,17,25,0,6,2,1,9,0,10,6,18,34,0,32,32,66
01/03/2020,VCT,TX,ASW,CE,Federal Contract Tower,0,4,8,20,32,0,0,5,13,18,0,4,13,33,50,2,128,130,180
01/04/2020,VCT,TX,ASW,CE,Federal Contract Tower,0,6,3,6,15,0,0,8,2,10,0,6,11,8,25,14,32,46,71
01/05/2020,VCT,TX,ASW,CE,Federal Contract Tower,0,1,5,6,12,0,7,11,0,18,0,8,16,6,30,6,4,10,40
01/06/2020,VCT,TX,ASW,CE,Federal Contract Tower,0,7,7,5,19,0,5,9,9,23,0,12,16,14,42,10,28,38,80
01/07/2020,VCT,TX,ASW,CE,Federal Contract Tower,0,10,6,16,32,0,1,11,11,23,0,11,17,27,55,2,154,156,211
01/08/2020,VCT,TX,ASW,CE,Federal Contract Tower,0,3,3,2,8,0,2,5,32,39,0,5,8,34,47,0,196,196,243
01/09/2020,VCT,TX,ASW,CE,Federal Contract Tower,0,9,9,22,40,0,2,3,0,5,0,11,12,22,45,0,12,12,57
01/10/2020,VCT,TX,ASW,CE,Federal Contract Tower,0,8,9,4,21,0,0,5,0,5,0,8,14,4,26,2,14,16,42
01/11/2020,VCT,TX,ASW,CE,Federal Contract Tower,0,4,1,20,25,0,4,8,2,14,0,8,9,22,39,2,18,20,59
01/12/2020,VCT,TX,ASW,CE,Federal Contract Tower,0,11,7,8,26,0,0,14,11,25,0,11,21,19,51,2,28,30,81
01/13/2020,VCT,TX,ASW,CE,Federal Contract Tower,0,5,10,16,31,0,0,0,0,0,0,5,10,16,31,0,16,16,47
01/14/2020,VCT,TX,ASW,CE,Federal Contract Tower,0,7,13,4,24,0,0,4,0,4,0,7,17,4,28,0,4,4,32
01/15/2020,VCT,TX,ASW,CE,Federal Contract Tower,0,14,10,36,60,0,2,1,7,10,0,16,11,43,70,2,110,112,182
01/16/2020,VCT,TX,ASW,CE,Federal Contract Tower,0,11,6,54,71,0,0,5,1,6,0,11,11,55,77,2,62,64,141
01/17/2020,VCT,TX,ASW,CE,Federal Contract Tower,0,6,9,25,40,0,0,2,3,5,0,6,11,28,45,0,28,28,73
01/18/2020,VCT,TX,ASW,CE,Federal Contract Tower,0,6,0,10,16,0,0,3,2,5,0,6,3,12,21,0,40,40,61
01/19/2020,VCT,TX,ASW,CE,Federal Contract Tower,0,3,4,6,13,0,2,12,4,18,0,5,16,10,31,8,30,38,69
01/20/2020,VCT,TX,ASW,CE,Federal Contract Tower,0,5,4,17,26,0,1,21,5,27,0,6,25,22,53,8,62,70,123
01/21/2020,VCT,TX,ASW,CE,Federal Contract Tower,0,9,6,15,30,0,6,12,33,51,0,15,18,48,81,2,230,232,313
01/22/2020,VCT,TX,ASW,CE,Federal Contract Tower,0,6,9,10,25,0,0,1,0,1,0,6,10,10,26,0,6,6,32
01/23/2020,VCT,TX,ASW,CE,Federal Contract Tower,0,12,19,22,53,0,0,18,15,33,0,12,37,37,86,10,212,222,308
01/24/2020,VCT,TX,ASW,CE,Federal Contract Tower,0,10,5,6,21,0,1,36,10,47,0,11,41,16,68,20,154,174,242
01/25/2020,VCT,TX,ASW,CE,Federal Contract Tower,0,5,0,6,11,0,0,12,2,14,0,5,12,8,25,0,42,42,67
01/26/2020,VCT,TX,ASW,CE,Federal Contract Tower,0,9,3,0,12,0,2,5,3,10,0,11,8,3,22,0,24,24,46
01/27/2020,VCT,TX,ASW,CE,Federal Contract Tower,0,15,5,8,28,0,0,7,19,26,0,15,12,27,54,10,108,118,172
01/28/2020,VCT,TX,ASW,CE,Federal Contract Tower,0,6,3,14,23,0,0,0,0,0,0,6,3,14,23,0,12,12,35
01/29/2020,VCT,TX,ASW,CE,Federal Contract Tower,0,8,9,32,49,0,4,5,15,24,0,12,14,47,73,2,188,190,263
01/30/2020,VCT,TX,ASW,CE,Federal Contract Tower,0,6,12,70,88,0,4,3,14,21,0,10,15,84,109,0,210,210,319
01/31/2020,VCT,TX,ASW,CE,Federal Contract Tower,0,6,3,10,19,0,0,13,6,19,0,6,16,16,38,4,108,112,150
02/01/2020,VCT,TX,ASW,CE,Federal Contract Tower,0,7,2,12,21,0,0,20,10,30,0,7,22,22,51,0,58,58,109
02/02/2020,VCT,TX,ASW,CE,Federal Contract Tower,0,4,3,6,13,0,0,18,0,18,0,4,21,6,31,0,4,4,35
02/03/2020,VCT,TX,ASW,CE,Federal Contract Tower,0,7,4,23,34,0,0,2,3,5,0,7,6,26,39,0,66,66,105
02/04/2020,VCT,TX,ASW,CE,Federal Contract Tower,0,8,6,35,49,0,0,2,1,3,0,8,8,36,52,0,53,53,105
02/05/2020,VCT,TX,ASW,CE,Federal Contract Tower,0,9,5,41,55,0,2,0,3,5,0,11,5,44,60,0,84,84,144
02/06/2020,VCT,TX,ASW,CE,Federal Contract Tower,0,8,7,22,37,0,2,12,13,27,0,10,19,35,64,8,86,94,158
02/07/2020,VCT,TX,ASW,CE,Federal Contract Tower,0,9,15,13,37,0,0,32,20,52,0,9,47,33,89,14,186,200,289
02/08/2020,VCT,TX,ASW,CE,Federal Contract Tower,0,5,4,12,21,0,0,13,3,16,0,5,17,15,37,10,14,24,61
02/09/2020,VCT,TX,ASW,CE,Federal Contract Tower,0,7,4,5,16,0,1,0,1,2,0,8,4,6,18,0,14,14,32
02/10/2020,VCT,TX,ASW,CE,Federal Contract Tower,0,7,6,12,25,0,1,1,0,2,0,8,7,12,27,0,12,12,39
02/11/2020,VCT,TX,ASW,CE,Federal Contract Tower,0,5,1,0,6,0,0,0,0,0,0,5,1,0,6,0,0,0,6
02/12/2020,VCT,TX,ASW,CE,Federal Contract Tower,0,12,5,8,25,0,0,1,4,5,0,12,6,12,30,2,82,84,114
02/13/2020,VCT,TX,ASW,CE,Federal Contract Tower,0,10,3,14,27,0,1,17,27,45,0,11,20,41,72,0,236,236,308
02/14/2020,VCT,TX,ASW,CE,Federal Contract Tower,0,8,2,20,30,0,0,17,24,41,0,8,19,44,71,32,274,306,377
02/15/2020,VCT,TX,ASW,CE,Federal Contract Tower,0,5,11,4,20,0,0,7,6,13,0,5,18,10,33,16,50,66,99
02/16/2020,VCT,TX,ASW,CE,Federal Contract Tower,0,6,11,0,17,0,5,9,4,18,0,11,20,4,35,12,26,38,73
02/17/2020,VCT,TX,ASW,CE,Federal Contract Tower,0,6,10,18,34,0,2,5,0,7,0,8,15,18,41,0,16,16,57
02/18/2020,VCT,TX,ASW,CE,Federal Contract Tower,0,7,15,20,42,0,4,6,0,10,0,11,21,20,52,0,16,16,68
02/19/2020,VCT,TX,ASW,CE,Federal Contract Tower,0,7,6,2,15,0,0,0,0,0,0,7,6,2,15,0,0,0,15
02/20/2020,VCT,TX,ASW,CE,Federal Contract Tower,0,8,8,14,30,0,3,3,1,7,0,11,11,15,37,0,60,60,97
02/21/2020,VCT,TX,ASW,CE,Federal Contract Tower,0,10,11,38,59,0,0,23,32,55,0,10,34,70,114,2,270,272,386
02/22/2020,VCT,TX,ASW,CE,Federal Contract Tower,0,5,4,13,22,0,2,18,18,38,0,7,22,31,60,12,188,200,260
02/23/2020,VCT,TX,ASW,CE,Federal Contract Tower,0,8,2,7,17,0,1,3,5,9,0,9,5,12,26,0,24,24,50
02/24/2020,VCT,TX,ASW,CE,Federal Contract Tower,0,7,1,24,32,0,1,5,25,31,0,8,6,49,63,0,238,238,301
02/25/2020,VCT,TX,ASW,CE,Federal Contract Tower,0,8,4,51,63,0,0,16,9,25,0,8,20,60,88,14,210,224,312
02/26/2020,VCT,TX,ASW,CE,Federal Contract Tower,0,7,13,23,43,0,5,14,18,37,0,12,27,41,80,20,190,210,290
02/27/2020,VCT,TX,ASW,CE,Federal Contract Tower,0,11,5,17,33,0,10,23,13,46,0,21,28,30,79,10,106,116,195
02/28/2020,VCT,TX,ASW,CE,Federal Contract Tower,0,8,3,34,45,0,0,14,16,30,0,8,17,50,75,0,158,158,233
02/29/2020,VCT,TX,ASW,CE,Federal Contract Tower,0,6,0,8,14,0,0,12,12,24,0,6,12,20,38,6,60,66,104
03/01/2020,VCT,TX,ASW,CE,Federal Contract Tower,0,6,9,12,27,0,11,4,0,15,0,17,13,12,42,4,12,16,58
03/02/2020,VCT,TX,ASW,CE,Federal Contract Tower,0,9,12,35,56,0,4,2,5,11,0,13,14,40,67,2,112,114,181
03/03/2020,VCT,TX,ASW,CE,Federal Contract Tower,0,8,2,30,40,0,4,2,0,6,0,12,4,30,46,0,24,24,70
03/04/2020,VCT,TX,ASW,CE,Federal Contract Tower,0,7,3,25,35,0,3,2,16,21,0,10,5,41,56,0,206,206,262
03/05/2020,VCT,TX,ASW,CE,Federal Contract Tower,0,10,4,31,45,0,7,16,17,40,0,17,20,48,85,0,154,154,239
03/06/2020,VCT,TX,ASW,CE,Federal Contract Tower,0,9,12,32,53,0,0,20,22,42,0,9,32,54,95,2,198,200,295
03/07/2020,VCT,TX,ASW,CE,Federal Contract Tower,0,6,5,22,33,0,0,10,11,21,0,6,15,33,54,4,106,110,164
03/08/2020,VCT,TX,ASW,CE,Federal Contract Tower,0,9,7,6,22,0,1,8,9,18,0,10,15,15,40,2,64,66,106
03/09/2020,VCT,TX,ASW,CE,Federal Contract Tower,0,6,6,22,34,0,9,7,8,24,0,15,13,30,58,6,154,160,218
03/10/2020,VCT,TX,ASW,CE,Federal Contract Tower,0,9,2,46,57,0,2,6,13,21,0,11,8,59,78,14,120,134,212
03/11/2020,VCT,TX,ASW,CE,Federal Contract Tower,0,9,6,33,48,0,10,16,7,33,0,19,22,40,81,10,118,128,209
03/12/2020,VCT,TX,ASW,CE,Federal Contract Tower,0,9,6,29,44,0,7,7,10,24,0,16,13,39,68,0,92,92,160
03/13/2020,VCT,TX,ASW,CE,Federal Contract Tower,0,10,5,20,35,0,0,7,7,14,0,10,12,27,49,0,82,82,131
03/14/2020,VCT,TX,ASW,CE,Federal Contract Tower,0,5,6,4,15,0,8,6,6,20,0,13,12,10,35,2,130,132,167
03/15/2020,VCT,TX,ASW,CE,Federal Contract Tower,0,8,5,15,28,0,0,9,1,10,0,8,14,16,38,4,12,16,54
03/16/2020,VCT,TX,ASW,CE,Federal Contract Tower,0,7,2,34,43,0,0,4,0,4,0,7,6,34,47,0,32,32,79
03/17/2020,VCT,TX,ASW,CE,Federal Contract Tower,0,8,13,5,26,0,6,2,0,8,0,14,15,5,34,0,12,12,46
03/18/2020,VCT,TX,ASW,CE,Federal Contract Tower,0,9,4,38,51,0,0,7,0,7,0,9,11,38,58,4,32,36,94
03/19/2020,VCT,TX,ASW,CE,Federal Contract Tower,0,7,6,46,59,0,2,6,4,12,0,9,12,50,71,4,70,74,145
03/20/2020,VCT,TX,ASW,CE,Federal Contract Tower,0,8,0,8,16,0,0,2,0,2,0,8,2,8,18,0,6,6,24
03/21/2020,VCT,TX,ASW,CE,Federal Contract Tower,0,5,4,10,19,0,0,1,0,1,0,5,5,10,20,0,30,30,50
03/22/2020,VCT,TX,ASW,CE,Federal Contract Tower,0,9,2,6,17,0,0,1,0,1,0,9,3,6,18,0,4,4,22
03/23/2020,VCT,TX,ASW,CE,Federal Contract Tower,0,7,3,29,39,0,7,14,2,23,0,14,17,31,62,12,32,44,106
03/24/2020,VCT,TX,ASW,CE,Federal Contract Tower,0,13,6,28,47,0,6,11,16,33,0,19,17,44,80,6,136,142,222
03/25/2020,VCT,TX,ASW,CE,Federal Contract Tower,0,7,7,62,76,0,1,15,14,30,0,8,22,76,106,24,144,168,274
03/26/2020,VCT,TX,ASW,CE,Federal Contract Tower,0,8,1,62,71,0,5,17,15,37,0,13,18,77,108,2,138,140,248
03/27/2020,VCT,TX,ASW,CE,Federal Contract Tower,0,7,2,24,33,0,5,8,11,24,0,12,10,35,57,0,82,82,139
03/28/2020,VCT,TX,ASW,CE,Federal Contract Tower,0,5,2,17,24,0,0,3,8,11,0,5,5,25,35,0,106,106,141
03/29/2020,VCT,TX,ASW,CE,Federal Contract Tower,0,6,3,15,24,0,3,13,4,20,0,9,16,19,44,2,33,35,79
03/30/2020,VCT,TX,ASW,CE,Federal Contract Tower,0,7,1,69,77,0,1,2,13,16,0,8,3,82,93,0,174,174,267
03/31/2020,VCT,TX,ASW,CE,Federal Contract Tower,0,8,0,22,30,0,2,10,20,32,0,10,10,42,62,8,246,254,316
04/01/2020,VCT,TX,ASW,CE,Federal Contract Tower,0,6,2,2,10,0,0,10,13,23,0,6,12,15,33,0,52,52,85
04/02/2020,VCT,TX,ASW,CE,Federal Contract Tower,0,8,3,0,11,0,2,4,4,10,0,10,7,4,21,2,50,52,73
04/03/2020,VCT,TX,ASW,CE,Federal Contract Tower,0,6,0,0,6,0,0,0,0,0,0,6,0,0,6,0,0,0,6
04/04/2020,VCT,TX,ASW,CE,Federal Contract Tower,0,0,0,0,0,0,0,0,0,0,0,0,0,0,0,0,0,0,0
04/05/2020,VCT,TX,ASW,CE,Federal Contract Tower,0,5,0,4,9,0,2,4,0,6,0,7,4,4,15,4,4,8,23
04/06/2020,VCT,TX,ASW,CE,Federal Contract Tower,0,6,0,0,6,0,3,3,0,6,0,9,3,0,12,0,0,0,12
04/07/2020,VCT,TX,ASW,CE,Federal Contract Tower,0,8,0,0,8,0,0,9,0,9,0,8,9,0,17,0,0,0,17
04/08/2020,VCT,TX,ASW,CE,Federal Contract Tower,0,8,3,1,12,0,0,11,2,13,0,8,14,3,25,0,30,30,55
04/09/2020,VCT,TX,ASW,CE,Federal Contract Tower,0,9,2,6,17,0,3,9,0,12,0,12,11,6,29,2,4,6,35
04/10/2020,VCT,TX,ASW,CE,Federal Contract Tower,0,9,0,5,14,0,0,7,2,9,0,9,7,7,23,10,22,32,55
04/11/2020,VCT,TX,ASW,CE,Federal Contract Tower,0,0,0,0,0,0,0,3,0,3,0,0,3,0,3,0,0,0,3
04/12/2020,VCT,TX,ASW,CE,Federal Contract Tower,0,6,1,0,7,0,0,4,0,4,0,6,5,0,11,2,0,2,13
04/13/2020,VCT,TX,ASW,CE,Federal Contract Tower,0,2,2,2,6,0,3,26,8,37,0,5,28,10,43,4,10,14,57
04/14/2020,VCT,TX,ASW,CE,Federal Contract Tower,0,8,9,6,23,0,0,13,4,17,0,8,22,10,40,6,30,36,76
04/15/2020,VCT,TX,ASW,CE,Federal Contract Tower,0,7,2,7,16,0,3,22,8,33,0,10,24,15,49,8,54,62,111
04/16/2020,VCT,TX,ASW,CE,Federal Contract Tower,0,10,2,1,13,0,1,10,6,17,0,11,12,7,30,0,54,54,84
04/17/2020,VCT,TX,ASW,CE,Federal Contract Tower,0,7,2,2,11,0,0,4,4,8,0,7,6,6,19,0,26,26,45
04/18/2020,VCT,TX,ASW,CE,Federal Contract Tower,0,2,0,0,2,0,0,0,0,0,0,2,0,0,2,0,0,0,2
04/19/2020,VCT,TX,ASW,CE,Federal Contract Tower,0,6,0,4,10,0,0,0,0,0,0,6,0,4,10,0,4,4,14
04/20/2020,VCT,TX,ASW,CE,Federal Contract Tower,0,5,3,8,16,0,3,11,19,33,0,8,14,27,49,0,90,90,139
04/21/2020,VCT,TX,ASW,CE,Federal Contract Tower,0,5,0,2,7,0,4,2,2,8,0,9,2,4,15,0,2,2,17
04/22/2020,VCT,TX,ASW,CE,Federal Contract Tower,0,7,5,0,12,0,0,2,2,4,0,7,7,2,16,0,14,14,30
04/23/2020,VCT,TX,ASW,CE,Federal Contract Tower,0,6,2,5,13,0,3,11,6,20,0,9,13,11,33,4,26,30,63
04/24/2020,VCT,TX,ASW,CE,Federal Contract Tower,0,8,4,4,16,0,0,15,0,15,0,8,19,4,31,2,4,6,37
04/25/2020,VCT,TX,ASW,CE,Federal Contract Tower,0,4,8,0,12,0,0,13,0,13,0,4,21,0,25,6,0,6,31
04/26/2020,VCT,TX,ASW,CE,Federal Contract Tower,0,5,2,0,7,0,1,18,0,19,0,6,20,0,26,12,0,12,38
04/27/2020,VCT,TX,ASW,CE,Federal Contract Tower,0,7,2,10,19,0,2,12,11,25,0,9,14,21,44,0,50,50,94
04/28/2020,VCT,TX,ASW,CE,Federal Contract Tower,0,7,2,1,10,0,3,0,5,8,0,10,2,6,18,0,52,52,70
04/29/2020,VCT,TX,ASW,CE,Federal Contract Tower,0,8,1,0,9,0,2,2,2,6,0,10,3,2,15,0,2,2,17
04/30/2020,VCT,TX,ASW,CE,Federal Contract Tower,0,7,1,0,8,0,3,14,6,23,0,10,15,6,31,2,28,30,61
05/01/2020,VCT,TX,ASW,CE,Federal Contract Tower,0,10,6,2,18,0,1,8,8,17,0,11,14,10,35,0,78,78,113
05/02/2020,VCT,TX,ASW,CE,Federal Contract Tower,0,0,4,0,4,0,0,12,6,18,0,0,16,6,22,8,54,62,84
05/03/2020,VCT,TX,ASW,CE,Federal Contract Tower,0,6,0,0,6,0,0,9,2,11,0,6,9,2,17,2,10,12,29
05/04/2020,VCT,TX,ASW,CE,Federal Contract Tower,0,7,1,0,8,0,4,5,4,13,0,11,6,4,21,2,24,26,47
05/05/2020,VCT,TX,ASW,CE,Federal Contract Tower,0,8,2,1,11,0,4,10,2,16,0,12,12,3,27,2,18,20,47
05/06/2020,VCT,TX,ASW,CE,Federal Contract Tower,0,8,2,2,12,0,3,7,6,16,0,11,9,8,28,2,40,42,70
05/07/2020,VCT,TX,ASW,CE,Federal Contract Tower,0,8,2,8,18,0,0,8,4,12,0,8,10,12,30,0,12,12,42
05/08/2020,VCT,TX,ASW,CE,Federal Contract Tower,0,7,2,8,17,0,1,6,2,9,0,8,8,10,26,4,30,34,60
05/09/2020,VCT,TX,ASW,CE,Federal Contract Tower,0,0,2,0,2,0,0,9,0,9,0,0,11,0,11,8,0,8,19
05/10/2020,VCT,TX,ASW,CE,Federal Contract Tower,0,6,0,4,10,0,4,19,0,23,0,10,19,4,33,2,4,6,39
05/11/2020,VCT,TX,ASW,CE,Federal Contract Tower,0,9,1,0,10,0,6,14,4,24,0,15,15,4,34,8,4,12,46
05/12/2020,VCT,TX,ASW,CE,Federal Contract Tower,0,7,1,0,8,0,2,5,0,7,0,9,6,0,15,2,0,2,17
05/13/2020,VCT,TX,ASW,CE,Federal Contract Tower,0,8,6,18,32,0,0,9,4,13,0,8,15,22,45,2,16,18,63
05/14/2020,VCT,TX,ASW,CE,Federal Contract Tower,0,8,5,6,19,0,1,9,4,14,0,9,14,10,33,2,14,16,49
05/15/2020,VCT,TX,ASW,CE,Federal Contract Tower,0,8,5,6,19,0,1,2,2,5,0,9,7,8,24,0,8,8,32
05/16/2020,VCT,TX,ASW,CE,Federal Contract Tower,0,4,3,0,7,0,0,3,0,3,0,4,6,0,10,0,0,0,10
05/17/2020,VCT,TX,ASW,CE,Federal Contract Tower,0,5,4,4,13,0,2,15,0,17,0,7,19,4,30,8,4,12,42
05/18/2020,VCT,TX,ASW,CE,Federal Contract Tower,0,8,0,4,12,0,4,12,10,26,0,12,12,14,38,0,88,88,126
05/19/2020,VCT,TX,ASW,CE,Federal Contract Tower,0,9,4,5,18,0,1,4,1,6,0,10,8,6,24,0,26,26,50
05/20/2020,VCT,TX,ASW,CE,Federal Contract Tower,0,8,2,5,15,0,1,8,11,20,0,9,10,16,35,4,26,30,65
05/21/2020,VCT,TX,ASW,CE,Federal Contract Tower,0,8,10,4,22,0,5,10,2,17,0,13,20,6,39,2,28,30,69
05/22/2020,VCT,TX,ASW,CE,Federal Contract Tower,0,7,9,0,16,0,1,5,7,13,0,8,14,7,29,20,14,34,63
05/23/2020,VCT,TX,ASW,CE,Federal Contract Tower,0,0,2,2,4,0,0,3,0,3,0,0,5,2,7,8,2,10,17
05/24/2020,VCT,TX,ASW,CE,Federal Contract Tower,0,6,0,0,6,0,5,2,2,9,0,11,2,2,15,0,2,2,17
05/25/2020,VCT,TX,ASW,CE,Federal Contract Tower,0,6,0,0,6,0,4,4,0,8,0,10,4,0,14,0,0,0,14
05/26/2020,VCT,TX,ASW,CE,Federal Contract Tower,0,8,2,9,19,0,1,8,8,17,0,9,10,17,36,4,80,84,120
05/27/2020,VCT,TX,ASW,CE,Federal Contract Tower,0,9,3,2,14,0,0,15,6,21,0,9,18,8,35,4,24,28,63
05/28/2020,VCT,TX,ASW,CE,Federal Contract Tower,0,8,8,7,23,0,2,4,12,18,0,10,12,19,41,22,66,88,129
05/29/2020,VCT,TX,ASW,CE,Federal Contract Tower,0,7,6,10,23,0,0,11,10,21,0,7,17,20,44,2,80,82,126
05/30/2020,VCT,TX,ASW,CE,Federal Contract Tower,0,0,2,0,2,0,0,8,0,8,0,0,10,0,10,0,0,0,10
05/31/2020,VCT,TX,ASW,CE,Federal Contract Tower,0,6,2,2,10,0,0,2,0,2,0,6,4,2,12,0,2,2,14
06/01/2020,VCT,TX,ASW,CE,Federal Contract Tower,0,7,1,4,12,0,0,1,0,1,0,7,2,4,13,0,4,4,17
06/02/2020,VCT,TX,ASW,CE,Federal Contract Tower,0,8,2,3,13,0,0,4,3,7,0,8,6,6,20,0,16,16,36
06/03/2020,VCT,TX,ASW,CE,Federal Contract Tower,0,10,1,2,13,0,4,3,4,11,0,14,4,6,24,6,6,12,36
06/04/2020,VCT,TX,ASW,CE,Federal Contract Tower,0,8,8,15,31,0,5,16,8,29,0,13,24,23,60,4,50,54,114
06/05/2020,VCT,TX,ASW,CE,Federal Contract Tower,0,9,2,12,23,0,5,12,5,22,0,14,14,17,45,34,32,66,111
06/06/2020,VCT,TX,ASW,CE,Federal Contract Tower,0,0,0,1,1,0,5,16,3,24,0,5,16,4,25,18,20,38,63
06/07/2020,VCT,TX,ASW,CE,Federal Contract Tower,0,6,6,2,14,0,2,12,0,14,0,8,18,2,28,4,2,6,34
06/08/2020,VCT,TX,ASW,CE,Federal Contract Tower,0,7,2,2,11,0,2,5,14,21,0,9,7,16,32,0,84,84,116
06/09/2020,VCT,TX,ASW,CE,Federal Contract Tower,0,8,1,0,9,0,0,15,5,20,0,8,16,5,29,14,20,34,63
06/10/2020,VCT,TX,ASW,CE,Federal Contract Tower,0,8,7,4,19,0,2,14,6,22,0,10,21,10,41,2,86,88,129
06/11/2020,VCT,TX,ASW,CE,Federal Contract Tower,0,8,6,0,14,0,5,18,4,27,0,13,24,4,41,6,36,42,83
06/12/2020,VCT,TX,ASW,CE,Federal Contract Tower,0,7,5,6,18,0,3,25,2,30,0,10,30,8,48,0,32,32,80
06/13/2020,VCT,TX,ASW,CE,Federal Contract Tower,0,0,0,0,0,0,0,10,2,12,0,0,10,2,12,0,4,4,16
06/14/2020,VCT,TX,ASW,CE,Federal Contract Tower,0,6,1,0,7,0,0,9,0,9,0,6,10,0,16,0,0,0,16
06/15/2020,VCT,TX,ASW,CE,Federal Contract Tower,0,11,1,8,20,0,2,7,4,13,0,13,8,12,33,10,34,44,77
06/16/2020,VCT,TX,ASW,CE,Federal Contract Tower,0,8,3,28,39,0,3,8,11,22,0,11,11,39,61,2,48,50,111
06/17/2020,VCT,TX,ASW,CE,Federal Contract Tower,0,6,4,22,32,0,2,15,4,21,0,8,19,26,53,4,32,36,89
06/18/2020,VCT,TX,ASW,CE,Federal Contract Tower,0,8,4,32,44,0,2,6,0,8,0,10,10,32,52,10,32,42,94
06/19/2020,VCT,TX,ASW,CE,Federal Contract Tower,0,7,4,4,15,0,0,6,1,7,0,7,10,5,22,0,4,4,26
06/20/2020,VCT,TX,ASW,CE,Federal Contract Tower,0,0,2,4,6,0,0,6,0,6,0,0,8,4,12,4,4,8,20
06/21/2020,VCT,TX,ASW,CE,Federal Contract Tower,0,0,4,0,4,0,1,6,0,7,0,1,10,0,11,0,0,0,11
06/22/2020,VCT,TX,ASW,CE,Federal Contract Tower,0,5,3,4,12,0,1,7,0,8,0,6,10,4,20,0,4,4,24
06/23/2020,VCT,TX,ASW,CE,Federal Contract Tower,0,12,4,33,49,0,0,6,7,13,0,12,10,40,62,0,64,64,126
06/24/2020,VCT,TX,ASW,CE,Federal Contract Tower,0,10,9,8,27,0,2,9,0,11,0,12,18,8,38,8,8,16,54
06/25/2020,VCT,TX,ASW,CE,Federal Contract Tower,0,8,7,13,28,0,0,1,4,5,0,8,8,17,33,2,32,34,67
06/26/2020,VCT,TX,ASW,CE,Federal Contract Tower,0,7,4,4,15,0,0,0,0,0,0,7,4,4,15,0,4,4,19
06/27/2020,VCT,TX,ASW,CE,Federal Contract Tower,0,5,4,2,11,0,0,3,4,7,0,5,7,6,18,0,2,2,20
06/28/2020,VCT,TX,ASW,CE,Federal Contract Tower,0,10,3,2,15,0,6,0,0,6,0,16,3,2,21,0,2,2,23
06/29/2020,VCT,TX,ASW,CE,Federal Contract Tower,0,7,7,21,35,0,0,0,6,6,0,7,7,27,41,0,106,106,147
06/30/2020,VCT,TX,ASW,CE,Federal Contract Tower,0,8,2,31,41,0,0,7,2,9,0,8,9,33,50,4,86,90,140
07/01/2020,VCT,TX,ASW,CE,Federal Contract Tower,0,8,2,26,36,0,3,8,3,14,0,11,10,29,50,2,48,50,100
07/02/2020,VCT,TX,ASW,CE,Federal Contract Tower,0,9,1,8,18,0,0,13,0,13,0,9,14,8,31,24,16,40,71
07/03/2020,VCT,TX,ASW,CE,Federal Contract Tower,0,8,0,0,8,0,4,9,0,13,0,12,9,0,21,0,0,0,21
07/04/2020,VCT,TX,ASW,CE,Federal Contract Tower,0,1,3,0,4,0,0,10,0,10,0,1,13,0,14,0,0,0,14
07/05/2020,VCT,TX,ASW,CE,Federal Contract Tower,0,8,3,0,11,0,3,5,0,8,0,11,8,0,19,0,0,0,19
07/06/2020,VCT,TX,ASW,CE,Federal Contract Tower,0,9,4,0,13,0,1,11,2,14,0,10,15,2,27,0,0,0,27
07/07/2020,VCT,TX,ASW,CE,Federal Contract Tower,0,9,2,29,40,0,2,11,9,22,0,11,13,38,62,0,82,82,144
07/08/2020,VCT,TX,ASW,CE,Federal Contract Tower,0,8,9,27,44,0,3,24,5,32,0,11,33,32,76,0,90,90,166
07/09/2020,VCT,TX,ASW,CE,Federal Contract Tower,0,8,1,22,31,0,2,17,10,29,0,10,18,32,60,2,36,38,98
07/10/2020,VCT,TX,ASW,CE,Federal Contract Tower,0,10,8,24,42,0,0,11,7,18,0,10,19,31,60,2,44,46,106
07/11/2020,VCT,TX,ASW,CE,Federal Contract Tower,0,1,0,8,9,0,0,18,6,24,0,1,18,14,33,4,18,22,55
07/12/2020,VCT,TX,ASW,CE,Federal Contract Tower,0,8,2,0,10,0,0,9,2,11,0,8,11,2,21,0,10,10,31
07/13/2020,VCT,TX,ASW,CE,Federal Contract Tower,0,7,0,17,24,0,1,11,1,13,0,8,11,18,37,0,18,18,55
07/14/2020,VCT,TX,ASW,CE,Federal Contract Tower,0,8,1,19,28,0,1,9,5,15,0,9,10,24,43,4,44,48,91
07/15/2020,VCT,TX,ASW,CE,Federal Contract Tower,0,8,2,0,10,0,1,22,0,23,0,9,24,0,33,18,0,18,51
07/16/2020,VCT,TX,ASW,CE,Federal Contract Tower,0,4,7,9,20,0,2,17,13,32,0,6,24,22,52,30,100,130,182
07/17/2020,VCT,TX,ASW,CE,Federal Contract Tower,0,10,12,6,28,0,0,5,0,5,0,10,17,6,33,8,6,14,47
07/18/2020,VCT,TX,ASW,CE,Federal Contract Tower,0,0,0,2,2,0,0,16,2,18,0,0,16,4,20,8,54,62,82
07/19/2020,VCT,TX,ASW,CE,Federal Contract Tower,0,6,3,2,11,0,0,22,0,22,0,6,25,2,33,16,2,18,51
07/20/2020,VCT,TX,ASW,CE,Federal Contract Tower,0,7,2,1,10,0,2,4,1,7,0,9,6,2,17,10,0,10,27
07/21/2020,VCT,TX,ASW,CE,Federal Contract Tower,0,10,7,6,23,0,2,5,0,7,0,12,12,6,30,12,4,16,46
07/22/2020,VCT,TX,ASW,CE,Federal Contract Tower,0,10,4,0,14,0,0,6,6,12,0,10,10,6,26,2,24,26,52
07/23/2020,VCT,TX,ASW,CE,Federal Contract Tower,0,8,4,6,18,0,5,22,3,30,0,13,26,9,48,6,26,32,80
07/24/2020,VCT,TX,ASW,CE,Federal Contract Tower,0,7,8,6,21,0,1,8,0,9,0,8,16,6,30,0,8,8,38
07/25/2020,VCT,TX,ASW,CE,Federal Contract Tower,0,0,0,0,0,0,0,0,0,0,0,0,0,0,0,0,0,0,0
07/26/2020,VCT,TX,ASW,CE,Federal Contract Tower,0,4,0,0,4,0,2,0,0,2,0,6,0,0,6,0,0,0,6
07/27/2020,VCT,TX,ASW,CE,Federal Contract Tower,0,3,2,0,5,0,0,11,0,11,0,3,13,0,16,0,0,0,16
07/28/2020,VCT,TX,ASW,CE,Federal Contract Tower,0,10,2,16,28,0,1,3,0,4,0,11,5,16,32,14,16,30,62
07/29/2020,VCT,TX,ASW,CE,Federal Contract Tower,0,8,0,0,8,0,2,9,2,13,0,10,9,2,21,0,18,18,39
07/30/2020,VCT,TX,ASW,CE,Federal Contract Tower,0,8,2,2,12,0,0,27,5,32,0,8,29,7,44,36,12,48,92
07/31/2020,VCT,TX,ASW,CE,Federal Contract Tower,0,7,5,0,12,0,0,23,0,23,0,7,28,0,35,6,0,6,41
08/01/2020,VCT,TX,ASW,CE,Federal Contract Tower,0,0,0,0,0,0,0,7,0,7,0,0,7,0,7,0,0,0,7
08/02/2020,VCT,TX,ASW,CE,Federal Contract Tower,0,6,5,6,17,0,1,15,0,16,0,7,20,6,33,16,4,20,53
08/03/2020,VCT,TX,ASW,CE,Federal Contract Tower,0,6,3,14,23,0,0,25,3,28,0,6,28,17,51,2,66,68,119
08/04/2020,VCT,TX,ASW,CE,Federal Contract Tower,0,9,4,4,17,0,7,17,9,33,0,16,21,13,50,4,36,40,90
08/05/2020,VCT,TX,ASW,CE,Federal Contract Tower,0,8,5,0,13,0,0,23,6,29,0,8,28,6,42,14,6,20,62
08/06/2020,VCT,TX,ASW,CE,Federal Contract Tower,0,8,1,4,13,0,3,31,4,38,0,11,32,8,51,30,20,50,101
08/07/2020,VCT,TX,ASW,CE,Federal Contract Tower,0,7,2,10,19,0,1,9,8,18,0,8,11,18,37,14,44,58,95
08/08/2020,VCT,TX,ASW,CE,Federal Contract Tower,0,0,1,5,6,0,0,9,4,13,0,0,10,9,19,2,52,54,73
08/09/2020,VCT,TX,ASW,CE,Federal Contract Tower,0,8,2,2,12,0,1,9,0,10,0,9,11,2,22,0,2,2,24
08/10/2020,VCT,TX,ASW,CE,Federal Contract Tower,0,9,1,5,15,0,2,13,1,16,0,11,14,6,31,4,14,18,49
08/11/2020,VCT,TX,ASW,CE,Federal Contract Tower,0,12,3,2,17,0,3,4,5,12,0,15,7,7,29,0,20,20,49
08/12/2020,VCT,TX,ASW,CE,Federal Contract Tower,0,6,2,4,12,0,0,15,9,24,0,6,17,13,36,14,62,76,112
08/13/2020,VCT,TX,ASW,CE,Federal Contract Tower,0,8,4,0,12,0,0,24,9,33,0,8,28,9,45,8,66,74,119
08/14/2020,VCT,TX,ASW,CE,Federal Contract Tower,0,3,4,3,10,0,2,20,3,25,0,5,24,6,35,20,22,42,77
08/15/2020,VCT,TX,ASW,CE,Federal Contract Tower,0,0,0,0,0,0,0,19,0,19,0,0,19,0,19,10,0,10,29
08/16/2020,VCT,TX,ASW,CE,Federal Contract Tower,0,6,2,4,12,0,0,15,4,19,0,6,17,8,31,16,4,20,51
08/17/2020,VCT,TX,ASW,CE,Federal Contract Tower,0,7,7,10,24,0,3,5,2,10,0,10,12,12,34,36,26,62,96
08/18/2020,VCT,TX,ASW,CE,Federal Contract Tower,0,11,3,2,16,0,1,19,4,24,0,12,22,6,40,16,12,28,68
08/19/2020,VCT,TX,ASW,CE,Federal Contract Tower,0,8,3,12,23,0,0,18,2,20,0,8,21,14,43,8,14,22,65
08/20/2020,VCT,TX,ASW,CE,Federal Contract Tower,0,8,6,6,20,0,0,13,8,21,0,8,19,14,41,2,36,38,79
08/21/2020,VCT,TX,ASW,CE,Federal Contract Tower,0,3,8,0,11,0,0,10,2,12,0,3,18,2,23,2,14,16,39
08/22/2020,VCT,TX,ASW,CE,Federal Contract Tower,0,0,3,0,3,0,0,10,0,10,0,0,13,0,13,0,0,0,13
08/23/2020,VCT,TX,ASW,CE,Federal Contract Tower,0,6,0,6,12,0,0,9,0,9,0,6,9,6,21,30,4,34,55
08/24/2020,VCT,TX,ASW,CE,Federal Contract Tower,0,8,2,0,10,0,4,8,0,12,0,12,10,0,22,0,0,0,22
08/25/2020,VCT,TX,ASW,CE,Federal Contract Tower,0,8,3,10,21,0,0,36,11,47,0,8,39,21,68,18,98,116,184
08/26/2020,VCT,TX,ASW,CE,Federal Contract Tower,0,8,2,1,11,0,0,8,1,9,0,8,10,2,20,6,0,6,26
08/27/2020,VCT,TX,ASW,CE,Federal Contract Tower,0,4,1,0,5,0,0,31,3,34,0,4,32,3,39,10,2,12,51
08/28/2020,VCT,TX,ASW,CE,Federal Contract Tower,0,4,4,6,14,0,0,24,6,30,0,4,28,12,44,12,18,30,74
08/29/2020,VCT,TX,ASW,CE,Federal Contract Tower,0,1,0,0,1,0,23,0,0,23,0,24,0,0,24,2,0,2,26
08/30/2020,VCT,TX,ASW,CE,Federal Contract Tower,0,6,2,2,10,0,0,12,2,14,0,6,14,4,24,12,2,14,38
08/31/2020,VCT,TX,ASW,CE,Federal Contract Tower,0,7,5,6,18,0,0,8,3,11,0,7,13,9,29,0,10,10,39
09/01/2020,VCT,TX,ASW,CE,Federal Contract Tower,0,9,5,0,14,0,0,22,4,26,0,9,27,4,40,0,2,2,42
09/02/2020,VCT,TX,ASW,CE,Federal Contract Tower,0,8,6,1,15,0,0,10,6,16,0,8,16,7,31,2,18,20,51
09/03/2020,VCT,TX,ASW,CE,Federal Contract Tower,0,5,3,4,12,0,0,18,2,20,0,5,21,6,32,16,2,18,50
09/04/2020,VCT,TX,ASW,CE,Federal Contract Tower,0,9,3,1,13,0,0,11,0,11,0,9,14,1,24,14,0,14,38
09/05/2020,VCT,TX,ASW,CE,Federal Contract Tower,0,8,1,7,16,0,9,1,0,10,0,17,2,7,26,0,4,4,30
09/06/2020,VCT,TX,ASW,CE,Federal Contract Tower,0,5,2,0,7,0,0,7,0,7,0,5,9,0,14,2,0,2,16
09/07/2020,VCT,TX,ASW,CE,Federal Contract Tower,0,6,3,0,9,0,0,10,1,11,0,6,13,1,20,14,0,14,34
09/08/2020,VCT,TX,ASW,CE,Federal Contract Tower,0,7,0,2,9,0,0,4,0,4,0,7,4,2,13,0,2,2,15
09/09/2020,VCT,TX,ASW,CE,Federal Contract Tower,0,8,5,2,15,0,0,2,2,4,0,8,7,4,19,0,4,4,23
09/10/2020,VCT,TX,ASW,CE,Federal Contract Tower,0,8,7,5,20,0,0,5,1,6,0,8,12,6,26,0,12,12,38
09/11/2020,VCT,TX,ASW,CE,Federal Contract Tower,0,7,9,12,28,0,1,22,6,29,0,8,31,18,57,0,16,16,73
09/12/2020,VCT,TX,ASW,CE,Federal Contract Tower,0,6,3,2,11,0,0,25,0,25,0,6,28,2,36,10,2,12,48
09/13/2020,VCT,TX,ASW,CE,Federal Contract Tower,0,6,2,0,8,0,0,2,0,2,0,6,4,0,10,2,0,2,12
09/14/2020,VCT,TX,ASW,CE,Federal Contract Tower,0,8,0,16,24,0,3,11,3,17,0,11,11,19,41,0,18,18,59
09/15/2020,VCT,TX,ASW,CE,Federal Contract Tower,0,8,2,17,27,0,1,12,8,21,0,9,14,25,48,0,50,50,98
09/16/2020,VCT,TX,ASW,CE,Federal Contract Tower,0,8,0,0,8,0,0,10,6,16,0,8,10,6,24,6,4,10,34
09/17/2020,VCT,TX,ASW,CE,Federal Contract Tower,0,8,0,14,22,0,0,12,0,12,0,8,12,14,34,4,10,14,48
09/18/2020,VCT,TX,ASW,CE,Federal Contract Tower,0,11,7,15,33,0,0,14,1,15,0,11,21,16,48,48,10,58,106
09/19/2020,VCT,TX,ASW,CE,Federal Contract Tower,0,6,1,0,7,0,0,29,0,29,0,6,30,0,36,26,0,26,62
09/20/2020,VCT,TX,ASW,CE,Federal Contract Tower,0,14,7,0,21,0,1,14,0,15,0,15,21,0,36,28,0,28,64
09/21/2020,VCT,TX,ASW,CE,Federal Contract Tower,0,6,1,0,7,0,0,0,0,0,0,6,1,0,7,0,0,0,7
09/22/2020,VCT,TX,ASW,CE,Federal Contract Tower,0,6,0,0,6,0,0,0,0,0,0,6,0,0,6,2,0,2,8
09/23/2020,VCT,TX,ASW,CE,Federal Contract Tower,0,6,9,10,25,0,1,22,2,25,0,7,31,12,50,2,2,4,54
09/24/2020,VCT,TX,ASW,CE,Federal Contract Tower,0,11,9,7,27,0,0,16,7,23,0,11,25,14,50,20,44,64,114
09/25/2020,VCT,TX,ASW,CE,Federal Contract Tower,0,8,4,10,22,0,0,23,2,25,0,8,27,12,47,22,16,38,85
09/26/2020,VCT,TX,ASW,CE,Federal Contract Tower,0,7,0,6,13,0,0,11,0,11,0,7,11,6,24,12,4,16,40
09/27/2020,VCT,TX,ASW,CE,Federal Contract Tower,0,6,4,2,12,0,0,10,0,10,0,6,14,2,22,10,2,12,34
09/28/2020,VCT,TX,ASW,CE,Federal Contract Tower,0,7,4,2,13,0,0,6,10,16,0,7,10,12,29,0,10,10,39
09/29/2020,VCT,TX,ASW,CE,Federal Contract Tower,0,8,0,6,14,0,0,25,7,32,0,8,25,13,46,2,12,14,60
09/30/2020,VCT,TX,ASW,CE,Federal Contract Tower,0,7,6,6,19,0,0,31,6,37,0,7,37,12,56,22,6,28,84
10/01/2020,VCT,TX,ASW,CE,Federal Contract Tower,0,10,6,17,33,0,0,26,11,37,0,10,32,28,70,12,110,122,192
10/02/2020,VCT,TX,ASW,CE,Federal Contract Tower,0,12,14,28,54,0,0,13,8,21,0,12,27,36,75,6,76,82,157
10/03/2020,VCT,TX,ASW,CE,Federal Contract Tower,0,6,7,8,21,0,2,26,2,30,0,8,33,10,51,8,8,16,67
10/04/2020,VCT,TX,ASW,CE,Federal Contract Tower,0,6,4,4,14,0,1,28,2,31,0,7,32,6,45,8,48,56,101
10/05/2020,VCT,TX,ASW,CE,Federal Contract Tower,0,11,8,20,39,0,2,9,11,22,0,13,17,31,61,0,134,134,195
10/06/2020,VCT,TX,ASW,CE,Federal Contract Tower,0,13,5,30,48,0,0,12,16,28,0,13,17,46,76,0,366,366,442
10/07/2020,VCT,TX,ASW,CE,Federal Contract Tower,0,11,3,34,48,0,0,28,11,39,0,11,31,45,87,0,186,186,273
10/08/2020,VCT,TX,ASW,CE,Federal Contract Tower,0,9,14,23,46,0,0,19,6,25,0,9,33,29,71,2,258,260,331
10/09/2020,VCT,TX,ASW,CE,Federal Contract Tower,0,6,9,26,41,0,0,6,1,7,0,6,15,27,48,0,80,80,128
10/10/2020,VCT,TX,ASW,CE,Federal Contract Tower,0,4,4,4,12,0,1,30,2,33,0,5,34,6,45,18,2,20,65
10/11/2020,VCT,TX,ASW,CE,Federal Contract Tower,0,6,3,11,20,0,0,21,2,23,0,6,24,13,43,16,16,32,75
10/12/2020,VCT,TX,ASW,CE,Federal Contract Tower,0,6,3,10,19,0,2,10,5,17,0,8,13,15,36,0,42,42,78
10/13/2020,VCT,TX,ASW,CE,Federal Contract Tower,0,9,12,34,55,0,1,43,17,61,0,10,55,51,116,26,130,156,272
10/14/2020,VCT,TX,ASW,CE,Federal Contract Tower,0,6,6,25,37,0,2,22,14,38,0,8,28,39,75,4,136,140,215
10/15/2020,VCT,TX,ASW,CE,Federal Contract Tower,0,3,4,39,46,0,0,16,15,31,0,3,20,54,77,2,240,242,319
10/16/2020,VCT,TX,ASW,CE,Federal Contract Tower,0,7,10,25,42,0,0,2,0,2,0,7,12,25,44,0,18,18,62
10/17/2020,VCT,TX,ASW,CE,Federal Contract Tower,0,10,4,15,29,0,0,6,0,6,0,10,10,15,35,0,10,10,45
10/18/2020,VCT,TX,ASW,CE,Federal Contract Tower,0,8,10,9,27,0,0,20,4,24,0,8,30,13,51,8,62,70,121
10/19/2020,VCT,TX,ASW,CE,Federal Contract Tower,0,6,6,38,50,0,0,1,9,10,0,6,7,47,60,2,146,148,208
10/20/2020,VCT,TX,ASW,CE,Federal Contract Tower,0,10,13,26,49,0,1,22,17,40,0,11,35,43,89,14,176,190,279
10/21/2020,VCT,TX,ASW,CE,Federal Contract Tower,0,9,4,21,34,0,0,8,9,17,0,9,12,30,51,6,94,100,151
10/22/2020,VCT,TX,ASW,CE,Federal Contract Tower,0,11,6,46,63,0,0,3,4,7,0,11,9,50,70,2,72,74,144
10/23/2020,VCT,TX,ASW,CE,Federal Contract Tower,0,8,12,34,54,0,1,11,7,19,0,9,23,41,73,2,64,66,139
10/24/2020,VCT,TX,ASW,CE,Federal Contract Tower,0,5,3,3,11,0,0,18,3,21,0,5,21,6,32,6,20,26,58
10/25/2020,VCT,TX,ASW,CE,Federal Contract Tower,0,7,6,6,19,0,0,1,0,1,0,7,7,6,20,2,6,8,28
10/26/2020,VCT,TX,ASW,CE,Federal Contract Tower,0,8,6,11,25,0,0,2,1,3,0,8,8,12,28,20,32,52,80
10/27/2020,VCT,TX,ASW,CE,Federal Contract Tower,0,12,3,4,19,0,0,2,0,2,0,12,5,4,21,2,4,6,27
10/28/2020,VCT,TX,ASW,CE,Federal Contract Tower,0,8,3,28,39,0,0,4,5,9,0,8,7,33,48,2,102,104,152
10/29/2020,VCT,TX,ASW,CE,Federal Contract Tower,0,8,4,26,38,0,2,18,17,37,0,10,22,43,75,16,116,132,207
10/30/2020,VCT,TX,ASW,CE,Federal Contract Tower,0,9,5,24,38,0,0,30,10,40,0,9,35,34,78,10,142,152,230
10/31/2020,VCT,TX,ASW,CE,Federal Contract Tower,0,7,2,12,21,0,0,21,2,23,0,7,23,14,44,4,14,18,62
11/01/2020,VCT,TX,ASW,CE,Federal Contract Tower,0,6,3,8,17,0,0,12,4,16,0,6,15,12,33,8,40,48,81
11/02/2020,VCT,TX,ASW,CE,Federal Contract Tower,0,7,2,35,44,0,0,20,11,31,0,7,22,46,75,12,238,250,325
11/03/2020,VCT,TX,ASW,CE,Federal Contract Tower,0,8,8,42,58,0,0,28,18,46,0,8,36,60,104,10,142,152,256
11/04/2020,VCT,TX,ASW,CE,Federal Contract Tower,0,8,5,32,45,0,2,15,24,41,0,10,20,56,86,4,238,242,328
11/05/2020,VCT,TX,ASW,CE,Federal Contract Tower,0,13,4,48,65,0,2,24,25,51,0,15,28,73,116,18,168,186,302
11/06/2020,VCT,TX,ASW,CE,Federal Contract Tower,0,12,10,22,44,0,0,13,15,28,0,12,23,37,72,8,122,130,202
11/07/2020,VCT,TX,ASW,CE,Federal Contract Tower,0,8,6,12,26,0,0,28,3,31,0,8,34,15,57,10,28,38,95
11/08/2020,VCT,TX,ASW,CE,Federal Contract Tower,0,5,3,18,26,0,1,11,5,17,0,6,14,23,43,10,34,44,87
11/09/2020,VCT,TX,ASW,CE,Federal Contract Tower,0,5,16,19,40,0,1,9,6,16,0,6,25,25,56,6,98,104,160
11/10/2020,VCT,TX,ASW,CE,Federal Contract Tower,0,9,10,39,58,0,2,8,21,31,0,11,18,60,89,18,190,208,297
11/11/2020,VCT,TX,ASW,CE,Federal Contract Tower,0,6,4,18,28,0,1,18,5,24,0,7,22,23,52,10,18,28,80
11/12/2020,VCT,TX,ASW,CE,Federal Contract Tower,0,6,13,17,36,0,0,13,13,26,0,6,26,30,62,14,96,110,172
11/13/2020,VCT,TX,ASW,CE,Federal Contract Tower,0,8,5,35,48,0,1,4,9,14,0,9,9,44,62,0,90,90,152
11/14/2020,VCT,TX,ASW,CE,Federal Contract Tower,0,4,0,45,49,0,0,2,6,8,0,4,2,51,57,0,102,102,159
11/15/2020,VCT,TX,ASW,CE,Federal Contract Tower,0,4,1,6,11,0,0,1,0,1,0,4,2,6,12,0,6,6,18
11/16/2020,VCT,TX,ASW,CE,Federal Contract Tower,0,7,5,8,20,0,0,13,13,26,0,7,18,21,46,4,168,172,218
11/17/2020,VCT,TX,ASW,CE,Federal Contract Tower,0,4,9,13,26,0,0,14,16,30,0,4,23,29,56,20,204,224,280
11/18/2020,VCT,TX,ASW,CE,Federal Contract Tower,0,6,1,15,22,0,0,21,19,40,0,6,22,34,62,2,168,170,232
11/19/2020,VCT,TX,ASW,CE,Federal Contract Tower,0,6,9,34,49,0,0,30,15,45,0,6,39,49,94,34,136,170,264
11/20/2020,VCT,TX,ASW,CE,Federal Contract Tower,0,8,11,23,42,0,0,10,6,16,0,8,21,29,58,10,84,94,152
11/21/2020,VCT,TX,ASW,CE,Federal Contract Tower,0,3,4,29,36,0,0,15,11,26,0,3,19,40,62,0,146,146,208
11/22/2020,VCT,TX,ASW,CE,Federal Contract Tower,0,6,6,2,14,0,0,8,0,8,0,6,14,2,22,8,2,10,32
11/23/2020,VCT,TX,ASW,CE,Federal Contract Tower,0,5,5,41,51,0,0,11,7,18,0,5,16,48,69,6,154,160,229
11/24/2020,VCT,TX,ASW,CE,Federal Contract Tower,0,6,4,37,47,0,0,1,10,11,0,6,5,47,58,2,130,132,190
11/25/2020,VCT,TX,ASW,CE,Federal Contract Tower,0,6,7,12,25,0,0,9,8,17,0,6,16,20,42,2,166,168,210
11/26/2020,VCT,TX,ASW,CE,Federal Contract Tower,0,2,3,0,5,0,0,3,0,3,0,2,6,0,8,2,0,2,10
11/27/2020,VCT,TX,ASW,CE,Federal Contract Tower,0,4,4,0,8,0,0,7,0,7,0,4,11,0,15,0,0,0,15
11/28/2020,VCT,TX,ASW,CE,Federal Contract Tower,0,4,3,0,7,0,0,2,0,2,0,4,5,0,9,0,0,0,9
11/29/2020,VCT,TX,ASW,CE,Federal Contract Tower,0,4,1,2,7,0,0,5,2,7,0,4,6,4,14,4,40,44,58
11/30/2020,VCT,TX,ASW,CE,Federal Contract Tower,0,5,7,22,34,0,0,23,14,37,0,5,30,36,71,6,150,156,227
12/01/2020,VCT,TX,ASW,CE,Federal Contract Tower,0,4,5,53,62,0,0,15,15,30,0,4,20,68,92,22,106,128,220
12/02/2020,VCT,TX,ASW,CE,Federal Contract Tower,0,6,16,24,46,0,0,8,5,13,0,6,24,29,59,6,142,148,207
12/03/2020,VCT,TX,ASW,CE,Federal Contract Tower,0,7,3,44,54,0,0,12,6,18,0,7,15,50,72,4,82,86,158
12/04/2020,VCT,TX,ASW,CE,Federal Contract Tower,0,9,7,24,40,0,0,19,8,27,0,9,26,32,67,26,102,128,195
12/05/2020,VCT,TX,ASW,CE,Federal Contract Tower,0,4,4,7,15,0,0,8,2,10,0,4,12,9,25,4,18,22,47
12/06/2020,VCT,TX,ASW,CE,Federal Contract Tower,0,5,2,10,17,0,0,22,3,25,0,5,24,13,42,0,40,40,82
12/07/2020,VCT,TX,ASW,CE,Federal Contract Tower,0,5,4,32,41,0,0,18,8,26,0,5,22,40,67,6,154,160,227
12/08/2020,VCT,TX,ASW,CE,Federal Contract Tower,0,6,8,28,42,0,0,8,17,25,0,6,16,45,67,2,92,94,161
12/09/2020,VCT,TX,ASW,CE,Federal Contract Tower,0,6,2,45,53,0,0,7,9,16,0,6,9,54,69,2,126,128,197
12/10/2020,VCT,TX,ASW,CE,Federal Contract Tower,0,6,4,40,50,0,0,17,31,48,0,6,21,71,98,20,192,212,310
12/11/2020,VCT,TX,ASW,CE,Federal Contract Tower,0,7,5,25,37,0,0,7,2,9,0,7,12,27,46,0,46,46,92
12/12/2020,VCT,TX,ASW,CE,Federal Contract Tower,0,3,7,6,16,0,0,4,0,4,0,3,11,6,20,2,6,8,28
12/13/2020,VCT,TX,ASW,CE,Federal Contract Tower,0,6,5,0,11,0,0,1,0,1,0,6,6,0,12,0,0,0,12
12/14/2020,VCT,TX,ASW,CE,Federal Contract Tower,0,6,3,22,31,0,0,11,4,15,0,6,14,26,46,12,56,68,114
12/15/2020,VCT,TX,ASW,CE,Federal Contract Tower,0,6,18,61,85,0,0,13,20,33,0,6,31,81,118,10,196,206,324
12/16/2020,VCT,TX,ASW,CE,Federal Contract Tower,0,6,7,25,38,0,0,16,26,42,0,6,23,51,80,0,196,196,276
12/17/2020,VCT,TX,ASW,CE,Federal Contract Tower,0,6,12,24,42,0,0,22,11,33,0,6,34,35,75,14,66,80,155
12/18/2020,VCT,TX,ASW,CE,Federal Contract Tower,0,8,10,2,20,0,0,6,7,13,0,8,16,9,33,0,62,62,95
12/19/2020,VCT,TX,ASW,CE,Federal Contract Tower,0,4,1,0,5,0,0,0,0,0,0,4,1,0,5,0,0,0,5
12/20/2020,VCT,TX,ASW,CE,Federal Contract Tower,0,4,3,6,13,0,0,26,4,30,0,4,29,10,43,12,26,38,81
12/21/2020,VCT,TX,ASW,CE,Federal Contract Tower,0,8,4,16,28,0,0,15,0,15,0,8,19,16,43,4,52,56,99
12/22/2020,VCT,TX,ASW,CE,Federal Contract Tower,0,6,3,8,17,0,0,26,14,40,0,6,29,22,57,18,48,66,123
12/23/2020,VCT,TX,ASW,CE,Federal Contract Tower,0,8,1,6,15,0,1,3,4,8,0,9,4,10,23,0,12,12,35
12/24/2020,VCT,TX,ASW,CE,Federal Contract Tower,0,4,1,0,5,0,0,5,0,5,0,4,6,0,10,0,0,0,10
12/25/2020,VCT,TX,ASW,CE,Federal Contract Tower,0,2,0,0,2,0,0,7,0,7,0,2,7,0,9,14,0,14,23
12/26/2020,VCT,TX,ASW,CE,Federal Contract Tower,0,5,3,0,8,0,0,16,0,16,0,5,19,0,24,2,0,2,26
12/27/2020,VCT,TX,ASW,CE,Federal Contract Tower,0,4,0,0,4,0,0,9,0,9,0,4,9,0,13,0,0,0,13
12/28/2020,VCT,TX,ASW,CE,Federal Contract Tower,0,7,5,10,22,0,3,9,2,14,0,10,14,12,36,4,20,24,60
12/29/2020,VCT,TX,ASW,CE,Federal Contract Tower,0,6,2,6,14,0,0,10,4,14,0,6,12,10,28,0,14,14,42
12/30/2020,VCT,TX,ASW,CE,Federal Contract Tower,0,7,9,6,22,0,2,3,0,5,0,9,12,6,27,6,4,10,37
12/31/2020,VCT,TX,ASW,CE,Federal Contract Tower,0,2,1,0,3,0,0,1,0,1,0,2,2,0,4,0,0,0,4
01/01/2021,VCT,TX,ASW,CE,Federal Contract Tower,0,2,3,0,5,0,0,6,0,6,0,2,9,0,11,0,0,0,11
01/02/2021,VCT,TX,ASW,CE,Federal Contract Tower,0,5,7,0,12,0,0,17,0,17,0,5,24,0,29,20,0,20,49
01/03/2021,VCT,TX,ASW,CE,Federal Contract Tower,0,7,5,0,12,0,0,30,0,30,0,7,35,0,42,2,0,2,44
01/04/2021,VCT,TX,ASW,CE,Federal Contract Tower,0,8,7,9,24,0,3,19,3,25,0,11,26,12,49,2,48,50,99
01/05/2021,VCT,TX,ASW,CE,Federal Contract Tower,0,4,2,11,17,0,0,4,4,8,0,4,6,15,25,0,34,34,59
01/06/2021,VCT,TX,ASW,CE,Federal Contract Tower,0,6,2,8,16,0,0,8,6,14,0,6,10,14,30,0,26,26,56
01/07/2021,VCT,TX,ASW,CE,Federal Contract Tower,0,5,7,23,35,0,1,14,15,30,0,6,21,38,65,4,84,88,153
01/08/2021,VCT,TX,ASW,CE,Federal Contract Tower,0,5,7,19,31,0,1,13,12,26,0,6,20,31,57,0,142,142,199
01/09/2021,VCT,TX,ASW,CE,Federal Contract Tower,0,2,3,16,21,0,1,16,2,19,0,3,19,18,40,0,44,44,84
01/10/2021,VCT,TX,ASW,CE,Federal Contract Tower,0,4,4,0,8,0,0,0,0,0,0,4,4,0,8,0,0,0,8
01/11/2021,VCT,TX,ASW,CE,Federal Contract Tower,0,5,2,41,48,0,0,10,10,20,0,5,12,51,68,0,178,178,246
01/12/2021,VCT,TX,ASW,CE,Federal Contract Tower,0,4,3,109,116,0,0,19,18,37,0,4,22,127,153,0,264,264,417
01/13/2021,VCT,TX,ASW,CE,Federal Contract Tower,0,6,3,42,51,0,0,14,21,35,0,6,17,63,86,6,240,246,332
01/14/2021,VCT,TX,ASW,CE,Federal Contract Tower,0,8,8,4,20,0,0,20,23,43,0,8,28,27,63,12,214,226,289
01/15/2021,VCT,TX,ASW,CE,Federal Contract Tower,0,8,5,7,20,0,0,22,21,43,0,8,27,28,63,4,248,252,315
01/16/2021,VCT,TX,ASW,CE,Federal Contract Tower,0,4,9,2,15,0,0,13,2,15,0,4,22,4,30,8,30,38,68
01/17/2021,VCT,TX,ASW,CE,Federal Contract Tower,0,4,2,4,10,0,0,14,0,14,0,4,16,4,24,18,4,22,46
01/18/2021,VCT,TX,ASW,CE,Federal Contract Tower,0,5,15,3,23,0,0,21,4,25,0,5,36,7,48,6,12,18,66
01/19/2021,VCT,TX,ASW,CE,Federal Contract Tower,0,13,5,57,75,0,0,0,12,12,0,13,5,69,87,14,150,164,251
01/20/2021,VCT,TX,ASW,CE,Federal Contract Tower,0,7,1,63,71,0,0,0,0,0,0,7,1,63,71,0,52,52,123
01/21/2021,VCT,TX,ASW,CE,Federal Contract Tower,0,6,12,23,41,0,0,0,0,0,0,6,12,23,41,0,22,22,63
01/22/2021,VCT,TX,ASW,CE,Federal Contract Tower,0,7,13,43,63,0,1,10,9,20,0,8,23,52,83,2,112,114,197
01/23/2021,VCT,TX,ASW,CE,Federal Contract Tower,0,6,4,11,21,0,0,0,0,0,0,6,4,11,21,0,6,6,27
01/24/2021,VCT,TX,ASW,CE,Federal Contract Tower,0,3,4,7,14,0,0,0,0,0,0,3,4,7,14,0,8,8,22
01/25/2021,VCT,TX,ASW,CE,Federal Contract Tower,0,8,11,49,68,0,3,4,22,29,0,11,15,71,97,18,298,316,413
01/26/2021,VCT,TX,ASW,CE,Federal Contract Tower,0,4,14,19,37,0,0,24,26,50,0,4,38,45,87,62,218,280,367
01/27/2021,VCT,TX,ASW,CE,Federal Contract Tower,0,7,11,44,62,0,1,20,19,40,0,8,31,63,102,52,254,306,408
01/28/2021,VCT,TX,ASW,CE,Federal Contract Tower,0,7,7,46,60,0,0,20,15,35,0,7,27,61,95,4,226,230,325
01/29/2021,VCT,TX,ASW,CE,Federal Contract Tower,0,6,8,4,18,0,0,17,12,29,0,6,25,16,47,0,84,84,131
01/30/2021,VCT,TX,ASW,CE,Federal Contract Tower,0,3,4,1,8,0,3,7,6,16,0,6,11,7,24,2,86,88,112
01/31/2021,VCT,TX,ASW,CE,Federal Contract Tower,0,5,3,8,16,0,4,15,0,19,0,9,18,8,35,0,6,6,41
02/01/2021,VCT,TX,ASW,CE,Federal Contract Tower,0,5,5,24,34,0,0,13,25,38,0,5,18,49,72,10,210,220,292
02/02/2021,VCT,TX,ASW,CE,Federal Contract Tower,0,4,8,27,39,0,0,35,19,54,0,4,43,46,93,10,132,142,235
02/03/2021,VCT,TX,ASW,CE,Federal Contract Tower,0,6,3,38,47,0,0,6,28,34,0,6,9,66,81,2,288,290,371
02/04/2021,VCT,TX,ASW,CE,Federal Contract Tower,0,6,5,50,61,0,0,10,22,32,0,6,15,72,93,48,248,296,389
02/05/2021,VCT,TX,ASW,CE,Federal Contract Tower,0,6,11,51,68,0,3,0,9,12,0,9,11,60,80,0,130,130,210
02/06/2021,VCT,TX,ASW,CE,Federal Contract Tower,0,3,17,8,28,0,4,14,0,18,0,7,31,8,46,16,8,24,70
02/07/2021,VCT,TX,ASW,CE,Federal Contract Tower,0,4,7,3,14,0,1,16,0,17,0,5,23,3,31,8,2,10,41
02/08/2021,VCT,TX,ASW,CE,Federal Contract Tower,0,5,0,2,7,0,0,7,4,11,0,5,7,6,18,4,18,22,40
02/09/2021,VCT,TX,ASW,CE,Federal Contract Tower,0,4,13,17,34,0,0,6,1,7,0,4,19,18,41,6,28,34,75
02/10/2021,VCT,TX,ASW,CE,Federal Contract Tower,0,6,7,14,27,0,0,0,0,0,0,6,7,14,27,0,14,14,41
02/11/2021,VCT,TX,ASW,CE,Federal Contract Tower,0,7,2,0,9,0,0,0,0,0,0,7,2,0,9,2,0,2,11
02/12/2021,VCT,TX,ASW,CE,Federal Contract Tower,0,6,2,10,18,0,0,0,0,0,0,6,2,10,18,0,44,44,62
02/13/2021,VCT,TX,ASW,CE,Federal Contract Tower,0,3,2,0,5,0,0,0,0,0,0,3,2,0,5,2,0,2,7
02/14/2021,VCT,TX,ASW,CE,Federal Contract Tower,0,1,0,0,1,0,0,0,0,0,0,1,0,0,1,0,0,0,1
02/15/2021,VCT,TX,ASW,CE,Federal Contract Tower,0,0,0,0,0,0,0,5,0,5,0,0,5,0,5,0,0,0,5
02/16/2021,VCT,TX,ASW,CE,Federal Contract Tower,0,0,1,0,1,0,0,1,0,1,0,0,2,0,2,0,0,0,2
02/18/2021,VCT,TX,ASW,CE,Federal Contract Tower,0,1,6,0,7,0,0,0,0,0,0,1,6,0,7,0,0,0,7
02/19/2021,VCT,TX,ASW,CE,Federal Contract Tower,0,5,1,0,6,0,2,7,0,9,0,7,8,0,15,0,0,0,15
02/20/2021,VCT,TX,ASW,CE,Federal Contract Tower,0,3,0,10,13,0,2,16,10,28,0,5,16,20,41,18,94,112,153
02/21/2021,VCT,TX,ASW,CE,Federal Contract Tower,0,6,2,6,14,0,0,5,7,12,0,6,7,13,26,0,44,44,70
02/22/2021,VCT,TX,ASW,CE,Federal Contract Tower,0,7,8,31,46,0,1,17,19,37,0,8,25,50,83,8,294,302,385
02/23/2021,VCT,TX,ASW,CE,Federal Contract Tower,0,6,12,33,51,0,0,16,8,24,0,6,28,41,75,2,88,90,165
02/24/2021,VCT,TX,ASW,CE,Federal Contract Tower,0,8,11,8,27,0,0,3,0,3,0,8,14,8,30,0,16,16,46
02/25/2021,VCT,TX,ASW,CE,Federal Contract Tower,0,5,8,21,34,0,0,4,0,4,0,5,12,21,38,0,20,20,58
02/26/2021,VCT,TX,ASW,CE,Federal Contract Tower,0,6,13,9,28,0,2,0,1,3,0,8,13,10,31,2,16,18,49
02/28/2021,VCT,TX,ASW,CE,Federal Contract Tower,0,4,5,18,27,0,1,0,2,3,0,5,5,20,30,0,14,14,44
03/01/2021,VCT,TX,ASW,CE,Federal Contract Tower,0,5,12,4,21,0,0,0,0,0,0,5,12,4,21,2,2,4,25
03/02/2021,VCT,TX,ASW,CE,Federal Contract Tower,0,5,2,35,42,0,0,8,12,20,0,5,10,47,62,0,222,222,284
03/03/2021,VCT,TX,ASW,CE,Federal Contract Tower,0,6,2,22,30,0,0,16,15,31,0,6,18,37,61,18,88,106,167
03/04/2021,VCT,TX,ASW,CE,Federal Contract Tower,0,6,5,48,59,0,1,13,27,41,0,7,18,75,100,2,304,306,406
03/05/2021,VCT,TX,ASW,CE,Federal Contract Tower,0,6,6,30,42,0,0,14,12,26,0,6,20,42,68,0,148,148,216
03/06/2021,VCT,TX,ASW,CE,Federal Contract Tower,0,3,0,13,16,0,0,10,5,15,0,3,10,18,31,0,26,26,57
03/07/2021,VCT,TX,ASW,CE,Federal Contract Tower,0,4,5,9,18,0,0,19,7,26,0,4,24,16,44,18,70,88,132
03/08/2021,VCT,TX,ASW,CE,Federal Contract Tower,0,5,0,23,28,0,0,7,21,28,0,5,7,44,56,0,208,208,264
03/09/2021,VCT,TX,ASW,CE,Federal Contract Tower,0,9,2,84,95,0,3,7,28,38,0,12,9,112,133,2,278,280,413
03/10/2021,VCT,TX,ASW,CE,Federal Contract Tower,0,6,10,38,54,0,0,8,19,27,0,6,18,57,81,2,228,230,311
03/11/2021,VCT,TX,ASW,CE,Federal Contract Tower,0,6,15,43,64,0,0,6,10,16,0,6,21,53,80,8,96,104,184
03/12/2021,VCT,TX,ASW,CE,Federal Contract Tower,0,6,11,30,47,0,2,4,7,13,0,8,15,37,60,0,144,144,204
03/13/2021,VCT,TX,ASW,CE,Federal Contract Tower,0,3,11,6,20,0,0,0,5,5,0,3,11,11,25,4,80,84,109
03/14/2021,VCT,TX,ASW,CE,Federal Contract Tower,0,4,7,0,11,0,3,0,0,3,0,7,7,0,14,0,0,0,14
03/15/2021,VCT,TX,ASW,CE,Federal Contract Tower,0,7,12,11,30,0,0,2,1,3,0,7,14,12,33,2,22,24,57
03/16/2021,VCT,TX,ASW,CE,Federal Contract Tower,0,7,4,12,23,0,0,6,0,6,0,7,10,12,29,0,10,10,39
03/17/2021,VCT,TX,ASW,CE,Federal Contract Tower,0,6,4,18,28,0,0,13,17,30,0,6,17,35,58,0,202,202,260
03/18/2021,VCT,TX,ASW,CE,Federal Contract Tower,0,8,8,24,40,0,3,17,22,42,0,11,25,46,82,0,222,222,304
03/19/2021,VCT,TX,ASW,CE,Federal Contract Tower,0,6,3,25,34,0,0,25,19,44,0,6,28,44,78,4,226,230,308
03/20/2021,VCT,TX,ASW,CE,Federal Contract Tower,0,6,1,28,35,0,0,29,0,29,0,6,30,28,64,8,28,36,100
03/21/2021,VCT,TX,ASW,CE,Federal Contract Tower,0,3,5,17,25,0,0,21,4,25,0,3,26,21,50,10,16,26,76
03/22/2021,VCT,TX,ASW,CE,Federal Contract Tower,0,6,5,38,49,0,0,6,20,26,0,6,11,58,75,4,304,308,383
03/23/2021,VCT,TX,ASW,CE,Federal Contract Tower,0,4,6,26,36,0,0,25,29,54,0,4,31,55,90,36,272,308,398
03/24/2021,VCT,TX,ASW,CE,Federal Contract Tower,0,9,7,18,34,0,0,0,0,0,0,9,7,18,34,2,14,16,50
03/25/2021,VCT,TX,ASW,CE,Federal Contract Tower,0,6,6,11,23,0,0,10,24,34,0,6,16,35,57,4,218,222,279
03/26/2021,VCT,TX,ASW,CE,Federal Contract Tower,0,6,6,17,29,0,0,6,17,23,0,6,12,34,52,0,200,200,252
03/27/2021,VCT,TX,ASW,CE,Federal Contract Tower,0,3,1,17,21,0,0,2,5,7,0,3,3,22,28,0,70,70,98
03/28/2021,VCT,TX,ASW,CE,Federal Contract Tower,0,4,3,0,7,0,2,7,0,9,0,6,10,0,16,0,0,0,16
03/29/2021,VCT,TX,ASW,CE,Federal Contract Tower,0,5,1,12,18,0,10,13,4,27,0,15,14,16,45,44,54,98,143
03/30/2021,VCT,TX,ASW,CE,Federal Contract Tower,0,4,2,32,38,0,1,2,2,5,0,5,4,34,43,0,64,64,107
03/31/2021,VCT,TX,ASW,CE,Federal Contract Tower,0,8,8,6,22,0,10,0,2,12,0,18,8,8,34,0,10,10,44
04/01/2021,VCT,TX,ASW,CE,Federal Contract Tower,0,6,5,25,36,0,4,20,20,44,0,10,25,45,80,8,128,136,216
04/02/2021,VCT,TX,ASW,CE,Federal Contract Tower,0,7,9,13,29,0,0,35,19,54,0,7,44,32,83,26,192,218,301
04/03/2021,VCT,TX,ASW,CE,Federal Contract Tower,0,4,3,5,12,0,7,19,5,31,0,11,22,10,43,20,36,56,99
04/04/2021,VCT,TX,ASW,CE,Federal Contract Tower,0,4,3,0,7,0,6,5,2,13,0,10,8,2,20,2,16,18,38
04/05/2021,VCT,TX,ASW,CE,Federal Contract Tower,0,6,2,29,37,0,0,11,15,26,0,6,13,44,63,4,262,266,329
04/06/2021,VCT,TX,ASW,CE,Federal Contract Tower,0,6,7,19,32,0,5,2,10,17,0,11,9,29,49,0,138,138,187
04/07/2021,VCT,TX,ASW,CE,Federal Contract Tower,0,6,8,16,30,0,0,3,2,5,0,6,11,18,35,2,62,64,99
04/08/2021,VCT,TX,ASW,CE,Federal Contract Tower,0,6,9,15,30,0,4,13,12,29,0,10,22,27,59,24,102,126,185
04/09/2021,VCT,TX,ASW,CE,Federal Contract Tower,0,8,2,25,35,0,1,9,5,15,0,9,11,30,50,0,66,66,116
04/10/2021,VCT,TX,ASW,CE,Federal Contract Tower,0,3,2,11,16,0,3,14,2,19,0,6,16,13,35,26,10,36,71
04/11/2021,VCT,TX,ASW,CE,Federal Contract Tower,0,3,4,6,13,0,7,19,0,26,0,10,23,6,39,18,6,24,63
04/12/2021,VCT,TX,ASW,CE,Federal Contract Tower,0,7,4,8,19,0,5,5,2,12,0,12,9,10,31,0,6,6,37
04/13/2021,VCT,TX,ASW,CE,Federal Contract Tower,0,5,4,17,26,0,2,7,1,10,0,7,11,18,36,0,66,66,102
04/14/2021,VCT,TX,ASW,CE,Federal Contract Tower,0,8,4,10,22,0,3,2,0,5,0,11,6,10,27,0,10,10,37
04/15/2021,VCT,TX,ASW,CE,Federal Contract Tower,0,5,9,0,14,0,0,0,0,0,0,5,9,0,14,0,0,0,14
04/16/2021,VCT,TX,ASW,CE,Federal Contract Tower,0,5,8,0,13,0,0,0,0,0,0,5,8,0,13,0,0,0,13
04/17/2021,VCT,TX,ASW,CE,Federal Contract Tower,0,3,3,3,9,0,5,3,3,11,0,8,6,6,20,0,110,110,130
04/18/2021,VCT,TX,ASW,CE,Federal Contract Tower,0,4,4,2,10,0,0,8,0,8,0,4,12,2,18,2,2,4,22
04/19/2021,VCT,TX,ASW,CE,Federal Contract Tower,0,5,4,46,55,0,7,13,12,32,0,12,17,58,87,6,218,224,311
04/20/2021,VCT,TX,ASW,CE,Federal Contract Tower,0,7,2,19,28,0,0,25,11,36,0,7,27,30,64,6,206,212,276
04/21/2021,VCT,TX,ASW,CE,Federal Contract Tower,0,6,7,8,21,0,0,21,19,40,0,6,28,27,61,4,126,130,191
04/22/2021,VCT,TX,ASW,CE,Federal Contract Tower,0,6,10,14,30,0,0,6,20,26,0,6,16,34,56,8,200,208,264
04/23/2021,VCT,TX,ASW,CE,Federal Contract Tower,0,6,5,0,11,0,0,3,0,3,0,6,8,0,14,0,0,0,14
04/24/2021,VCT,TX,ASW,CE,Federal Contract Tower,0,3,7,4,14,0,0,14,0,14,0,3,21,4,28,4,4,8,36
04/25/2021,VCT,TX,ASW,CE,Federal Contract Tower,0,5,1,1,7,0,1,26,11,38,0,6,27,12,45,6,92,98,143
04/26/2021,VCT,TX,ASW,CE,Federal Contract Tower,0,7,5,32,44,0,0,20,9,29,0,7,25,41,73,14,190,204,277
04/27/2021,VCT,TX,ASW,CE,Federal Contract Tower,0,7,13,10,30,0,0,4,0,4,0,7,17,10,34,2,6,8,42
04/28/2021,VCT,TX,ASW,CE,Federal Contract Tower,0,6,11,30,47,0,0,7,7,14,0,6,18,37,61,2,138,140,201
04/29/2021,VCT,TX,ASW,CE,Federal Contract Tower,0,6,10,20,36,0,0,5,0,5,0,6,15,20,41,2,38,40,81
04/30/2021,VCT,TX,ASW,CE,Federal Contract Tower,0,5,5,0,10,0,1,1,0,2,0,6,6,0,12,0,0,0,12
05/01/2021,VCT,TX,ASW,CE,Federal Contract Tower,0,3,3,0,6,0,0,2,0,2,0,3,5,0,8,0,0,0,8
05/02/2021,VCT,TX,ASW,CE,Federal Contract Tower,0,6,12,0,18,0,0,4,9,13,0,6,16,9,31,6,30,36,67
05/03/2021,VCT,TX,ASW,CE,Federal Contract Tower,0,5,3,9,17,0,0,7,22,29,0,5,10,31,46,4,196,200,246
05/04/2021,VCT,TX,ASW,CE,Federal Contract Tower,0,4,4,29,37,0,2,2,10,14,0,6,6,39,51,2,84,86,137
05/05/2021,VCT,TX,ASW,CE,Federal Contract Tower,0,7,16,11,34,0,0,32,20,52,0,7,48,31,86,12,178,190,276
05/06/2021,VCT,TX,ASW,CE,Federal Contract Tower,0,8,13,11,32,0,0,19,27,46,0,8,32,38,78,7,274,281,359
05/07/2021,VCT,TX,ASW,CE,Federal Contract Tower,0,8,8,16,32,0,0,19,8,27,0,8,27,24,59,4,100,104,163
05/08/2021,VCT,TX,ASW,CE,Federal Contract Tower,0,4,2,5,11,0,0,17,7,24,0,4,19,12,35,16,62,78,113
05/09/2021,VCT,TX,ASW,CE,Federal Contract Tower,0,4,3,8,15,0,2,1,2,5,0,6,4,10,20,0,14,14,34
05/10/2021,VCT,TX,ASW,CE,Federal Contract Tower,0,5,8,15,28,0,0,16,12,28,0,5,24,27,56,12,120,132,188
05/11/2021,VCT,TX,ASW,CE,Federal Contract Tower,0,4,4,8,16,0,0,16,12,28,0,4,20,20,44,0,98,98,142
05/12/2021,VCT,TX,ASW,CE,Federal Contract Tower,0,7,3,26,36,0,2,16,11,29,0,9,19,37,65,16,188,204,269
05/13/2021,VCT,TX,ASW,CE,Federal Contract Tower,0,6,12,29,47,0,4,6,24,34,0,10,18,53,81,24,284,308,389
05/14/2021,VCT,TX,ASW,CE,Federal Contract Tower,0,8,7,10,25,0,1,11,21,33,0,9,18,31,58,0,194,194,252
05/15/2021,VCT,TX,ASW,CE,Federal Contract Tower,0,3,0,14,17,0,0,8,2,10,0,3,8,16,27,4,34,38,65
05/16/2021,VCT,TX,ASW,CE,Federal Contract Tower,0,4,4,2,10,0,0,0,0,0,0,4,4,2,10,2,2,4,14
05/17/2021,VCT,TX,ASW,CE,Federal Contract Tower,0,4,10,21,35,0,0,4,5,9,0,4,14,26,44,2,168,170,214
05/18/2021,VCT,TX,ASW,CE,Federal Contract Tower,0,3,2,0,5,0,0,9,4,13,0,3,11,4,18,0,2,2,20
05/19/2021,VCT,TX,ASW,CE,Federal Contract Tower,0,5,2,0,7,0,0,0,0,0,0,5,2,0,7,0,0,0,7
05/20/2021,VCT,TX,ASW,CE,Federal Contract Tower,0,6,9,15,30,0,0,14,15,29,0,6,23,30,59,6,228,234,293
05/21/2021,VCT,TX,ASW,CE,Federal Contract Tower,0,6,5,9,20,0,0,6,3,9,0,6,11,12,29,0,42,42,71
05/22/2021,VCT,TX,ASW,CE,Federal Contract Tower,0,3,1,4,8,0,0,6,0,6,0,3,7,4,14,0,2,2,16
05/23/2021,VCT,TX,ASW,CE,Federal Contract Tower,0,4,3,0,7,0,0,0,0,0,0,4,3,0,7,0,0,0,7
05/24/2021,VCT,TX,ASW,CE,Federal Contract Tower,0,10,4,34,48,0,0,4,8,12,0,10,8,42,60,4,60,64,124
05/25/2021,VCT,TX,ASW,CE,Federal Contract Tower,0,3,4,9,16,0,0,2,0,2,0,3,6,9,18,2,14,16,34
05/26/2021,VCT,TX,ASW,CE,Federal Contract Tower,0,6,8,14,28,0,0,4,18,22,0,6,12,32,50,4,136,140,190
05/27/2021,VCT,TX,ASW,CE,Federal Contract Tower,0,8,6,4,18,0,0,14,17,31,0,8,20,21,49,6,82,88,137
05/28/2021,VCT,TX,ASW,CE,Federal Contract Tower,0,6,12,12,30,0,0,10,0,10,0,6,22,12,40,2,10,12,52
05/29/2021,VCT,TX,ASW,CE,Federal Contract Tower,0,4,7,14,25,0,0,10,0,10,0,4,17,14,35,0,14,14,49
05/30/2021,VCT,TX,ASW,CE,Federal Contract Tower,0,6,3,0,9,0,0,10,0,10,0,6,13,0,19,6,0,6,25
05/31/2021,VCT,TX,ASW,CE,Federal Contract Tower,0,5,3,10,18,0,0,10,0,10,0,5,13,10,28,4,10,14,42
06/01/2021,VCT,TX,ASW,CE,Federal Contract Tower,0,4,4,18,26,0,0,7,12,19,0,4,11,30,45,2,110,112,157
06/02/2021,VCT,TX,ASW,CE,Federal Contract Tower,0,4,11,18,33,0,0,10,10,20,0,4,21,28,53,14,122,136,189
06/03/2021,VCT,TX,ASW,CE,Federal Contract Tower,0,4,4,4,12,0,0,1,1,2,0,4,5,5,14,0,22,22,36
06/04/2021,VCT,TX,ASW,CE,Federal Contract Tower,0,6,6,7,19,0,0,3,8,11,0,6,9,15,30,2,26,28,58
06/05/2021,VCT,TX,ASW,CE,Federal Contract Tower,0,5,0,14,19,0,0,13,3,16,0,5,13,17,35,6,20,26,61
06/06/2021,VCT,TX,ASW,CE,Federal Contract Tower,0,4,4,17,25,0,1,12,1,14,0,5,16,18,39,34,24,58,97
06/07/2021,VCT,TX,ASW,CE,Federal Contract Tower,0,5,7,35,47,0,0,8,8,16,0,5,15,43,63,6,152,158,221
06/08/2021,VCT,TX,ASW,CE,Federal Contract Tower,0,4,16,31,51,0,0,17,14,31,0,4,33,45,82,4,124,128,210
06/09/2021,VCT,TX,ASW,CE,Federal Contract Tower,0,6,10,57,73,0,3,25,16,44,0,9,35,73,117,2,212,214,331
06/10/2021,VCT,TX,ASW,CE,Federal Contract Tower,0,7,8,28,43,0,0,9,28,37,0,7,17,56,80,4,290,294,374
06/11/2021,VCT,TX,ASW,CE,Federal Contract Tower,0,7,11,30,48,0,0,19,14,33,0,7,30,44,81,4,70,74,155
06/12/2021,VCT,TX,ASW,CE,Federal Contract Tower,0,2,2,0,4,0,2,13,7,22,0,4,15,7,26,10,80,90,116
06/13/2021,VCT,TX,ASW,CE,Federal Contract Tower,0,4,7,12,23,0,0,16,2,18,0,4,23,14,41,4,8,12,53
06/14/2021,VCT,TX,ASW,CE,Federal Contract Tower,0,4,2,12,18,0,1,18,8,27,0,5,20,20,45,2,78,80,125
06/15/2021,VCT,TX,ASW,CE,Federal Contract Tower,0,6,0,9,15,0,0,15,14,29,0,6,15,23,44,2,170,172,216
06/16/2021,VCT,TX,ASW,CE,Federal Contract Tower,0,8,8,18,34,0,0,12,23,35,0,8,20,41,69,0,206,206,275
06/17/2021,VCT,TX,ASW,CE,Federal Contract Tower,0,7,2,19,28,0,0,10,34,44,0,7,12,53,72,4,358,362,434
06/18/2021,VCT,TX,ASW,CE,Federal Contract Tower,0,7,13,2,22,0,0,20,2,22,0,7,33,4,44,6,4,10,54
06/19/2021,VCT,TX,ASW,CE,Federal Contract Tower,0,5,0,16,21,0,0,30,2,32,0,5,30,18,53,4,48,52,105
06/20/2021,VCT,TX,ASW,CE,Federal Contract Tower,0,4,1,4,9,0,2,6,2,10,0,6,7,6,19,2,10,12,31
06/21/2021,VCT,TX,ASW,CE,Federal Contract Tower,0,7,4,31,42,0,0,5,9,14,0,7,9,40,56,2,82,84,140
06/22/2021,VCT,TX,ASW,CE,Federal Contract Tower,0,4,5,40,49,0,0,14,7,21,0,4,19,47,70,8,134,142,212
06/23/2021,VCT,TX,ASW,CE,Federal Contract Tower,0,8,14,45,67,0,0,21,31,52,0,8,35,76,119,12,376,388,507
06/24/2021,VCT,TX,ASW,CE,Federal Contract Tower,0,6,10,57,73,0,0,10,29,39,0,6,20,86,112,26,254,280,392
06/25/2021,VCT,TX,ASW,CE,Federal Contract Tower,0,7,5,24,36,0,0,0,0,0,0,7,5,24,36,12,168,180,216
06/26/2021,VCT,TX,ASW,CE,Federal Contract Tower,0,6,4,21,31,0,0,14,18,32,0,6,18,39,63,10,150,160,223
06/27/2021,VCT,TX,ASW,CE,Federal Contract Tower,0,5,4,8,17,0,0,2,0,2,0,5,6,8,19,0,8,8,27
06/28/2021,VCT,TX,ASW,CE,Federal Contract Tower,0,4,0,19,23,0,0,1,7,8,0,4,1,26,31,0,68,68,99
06/29/2021,VCT,TX,ASW,CE,Federal Contract Tower,0,4,8,68,80,0,0,8,10,18,0,4,16,78,98,0,132,132,230
06/30/2021,VCT,TX,ASW,CE,Federal Contract Tower,0,9,4,26,39,0,0,4,16,20,0,9,8,42,59,0,226,226,285
07/01/2021,VCT,TX,ASW,CE,Federal Contract Tower,0,6,2,31,39,0,0,14,15,29,0,6,16,46,68,0,156,156,224
07/02/2021,VCT,TX,ASW,CE,Federal Contract Tower,0,4,3,5,12,0,1,20,3,24,0,5,23,8,36,6,14,20,56
07/03/2021,VCT,TX,ASW,CE,Federal Contract Tower,0,6,0,0,6,0,0,10,0,10,0,6,10,0,16,12,0,12,28
07/04/2021,VCT,TX,ASW,CE,Federal Contract Tower,0,4,0,0,4,0,0,4,0,4,0,4,4,0,8,10,0,10,18
07/05/2021,VCT,TX,ASW,CE,Federal Contract Tower,0,3,7,0,10,0,0,6,0,6,0,3,13,0,16,0,0,0,16
07/06/2021,VCT,TX,ASW,CE,Federal Contract Tower,0,4,4,18,26,0,2,5,0,7,0,6,9,18,33,0,14,14,47
07/07/2021,VCT,TX,ASW,CE,Federal Contract Tower,0,6,0,0,6,0,0,1,0,1,0,6,1,0,7,0,0,0,7
07/08/2021,VCT,TX,ASW,CE,Federal Contract Tower,0,6,5,0,11,0,0,0,0,0,0,6,5,0,11,0,0,0,11
07/09/2021,VCT,TX,ASW,CE,Federal Contract Tower,0,6,2,16,24,0,4,4,0,8,0,10,6,16,32,0,8,8,40
07/10/2021,VCT,TX,ASW,CE,Federal Contract Tower,0,3,3,2,8,0,0,11,0,11,0,3,14,2,19,0,2,2,21
07/11/2021,VCT,TX,ASW,CE,Federal Contract Tower,0,3,7,11,21,0,0,9,0,9,0,3,16,11,30,4,7,11,41
07/12/2021,VCT,TX,ASW,CE,Federal Contract Tower,0,9,5,21,35,0,4,13,22,39,0,13,18,43,74,0,136,136,210
07/13/2021,VCT,TX,ASW,CE,Federal Contract Tower,0,4,6,13,23,0,0,14,3,17,0,4,20,16,40,4,22,26,66
07/14/2021,VCT,TX,ASW,CE,Federal Contract Tower,0,6,4,10,20,0,4,1,9,14,0,10,5,19,34,0,66,66,100
07/15/2021,VCT,TX,ASW,CE,Federal Contract Tower,0,6,4,52,62,0,1,32,25,58,0,7,36,77,120,14,212,226,346
07/16/2021,VCT,TX,ASW,CE,Federal Contract Tower,0,14,13,47,74,0,8,25,35,68,0,22,38,82,142,19,238,257,399
07/17/2021,VCT,TX,ASW,CE,Federal Contract Tower,0,3,7,20,30,0,0,21,3,24,0,3,28,23,54,24,48,72,126
07/18/2021,VCT,TX,ASW,CE,Federal Contract Tower,0,4,2,16,22,0,0,28,3,31,0,4,30,19,53,0,40,40,93
07/19/2021,VCT,TX,ASW,CE,Federal Contract Tower,0,5,9,18,32,0,0,5,11,16,0,5,14,29,48,2,44,46,94
07/20/2021,VCT,TX,ASW,CE,Federal Contract Tower,0,3,2,32,37,0,1,12,10,23,0,4,14,42,60,4,160,164,224
07/21/2021,VCT,TX,ASW,CE,Federal Contract Tower,0,5,6,18,29,0,3,15,20,38,0,8,21,38,67,0,118,118,185
07/22/2021,VCT,TX,ASW,CE,Federal Contract Tower,0,6,0,29,35,0,0,3,16,19,0,6,3,45,54,0,112,112,166
07/23/2021,VCT,TX,ASW,CE,Federal Contract Tower,0,4,6,15,25,0,0,17,10,27,0,4,23,25,52,0,104,104,156
07/24/2021,VCT,TX,ASW,CE,Federal Contract Tower,1,3,6,16,26,0,0,9,6,15,1,3,15,22,41,6,62,68,109
07/25/2021,VCT,TX,ASW,CE,Federal Contract Tower,0,3,2,18,23,0,4,21,8,33,0,7,23,26,56,8,52,60,116
07/26/2021,VCT,TX,ASW,CE,Federal Contract Tower,0,7,0,54,61,0,10,9,33,52,0,17,9,87,113,2,278,280,393
07/27/2021,VCT,TX,ASW,CE,Federal Contract Tower,0,4,4,48,56,0,3,9,20,32,0,7,13,68,88,0,164,164,252
07/28/2021,VCT,TX,ASW,CE,Federal Contract Tower,0,6,5,34,45,0,0,14,22,36,0,6,19,56,81,4,202,206,287
07/29/2021,VCT,TX,ASW,CE,Federal Contract Tower,0,6,8,54,68,0,0,17,15,32,0,6,25,69,100,8,166,174,274
07/30/2021,VCT,TX,ASW,CE,Federal Contract Tower,0,8,10,6,24,0,0,1,15,16,0,8,11,21,40,0,172,172,212
07/31/2021,VCT,TX,ASW,CE,Federal Contract Tower,0,3,7,16,26,0,0,24,8,32,0,3,31,24,58,12,68,80,138
08/01/2021,VCT,TX,ASW,CE,Federal Contract Tower,0,4,8,0,12,0,0,18,6,24,0,4,26,6,36,4,0,4,40
08/02/2021,VCT,TX,ASW,CE,Federal Contract Tower,0,5,2,36,43,0,3,11,12,26,0,8,13,48,69,0,88,88,157
08/03/2021,VCT,TX,ASW,CE,Federal Contract Tower,0,4,2,38,44,0,0,4,2,6,0,4,6,40,50,4,62,66,116
08/04/2021,VCT,TX,ASW,CE,Federal Contract Tower,0,10,7,21,38,0,0,7,3,10,0,10,14,24,48,0,16,16,64
08/05/2021,VCT,TX,ASW,CE,Federal Contract Tower,0,6,3,30,39,0,0,6,7,13,0,6,9,37,52,4,52,56,108
08/06/2021,VCT,TX,ASW,CE,Federal Contract Tower,0,5,3,24,32,0,4,6,3,13,0,9,9,27,45,0,26,26,71
08/07/2021,VCT,TX,ASW,CE,Federal Contract Tower,0,3,7,9,19,0,4,12,2,18,0,7,19,11,37,26,12,38,75
08/08/2021,VCT,TX,ASW,CE,Federal Contract Tower,0,4,3,1,8,0,1,11,1,13,0,5,14,2,21,6,2,8,29
08/09/2021,VCT,TX,ASW,CE,Federal Contract Tower,0,7,1,42,50,0,0,15,9,24,0,7,16,51,74,22,140,162,236
08/10/2021,VCT,TX,ASW,CE,Federal Contract Tower,0,6,3,34,43,0,2,6,16,24,0,8,9,50,67,0,188,188,255
08/11/2021,VCT,TX,ASW,CE,Federal Contract Tower,0,7,6,82,95,0,0,9,15,24,0,7,15,97,119,18,280,298,417
08/12/2021,VCT,TX,ASW,CE,Federal Contract Tower,0,7,4,22,33,0,0,13,23,36,0,7,17,45,69,20,158,178,247
08/13/2021,VCT,TX,ASW,CE,Federal Contract Tower,0,6,5,2,13,0,2,9,6,17,0,8,14,8,30,29,44,73,103
08/14/2021,VCT,TX,ASW,CE,Federal Contract Tower,0,4,2,8,14,0,14,13,0,27,0,18,15,8,41,18,8,26,67
08/15/2021,VCT,TX,ASW,CE,Federal Contract Tower,0,4,1,2,7,0,1,8,0,9,0,5,9,2,16,10,2,12,28
08/16/2021,VCT,TX,ASW,CE,Federal Contract Tower,0,5,0,8,13,0,1,15,10,26,0,6,15,18,39,8,34,42,81
08/17/2021,VCT,TX,ASW,CE,Federal Contract Tower,0,4,3,24,31,0,0,5,12,17,0,4,8,36,48,14,98,112,160
08/18/2021,VCT,TX,ASW,CE,Federal Contract Tower,0,10,0,41,51,0,0,5,9,14,0,10,5,50,65,0,100,100,165
08/19/2021,VCT,TX,ASW,CE,Federal Contract Tower,0,6,7,73,86,0,2,13,27,42,0,8,20,100,128,32,324,356,484
08/20/2021,VCT,TX,ASW,CE,Federal Contract Tower,0,7,4,47,58,0,10,14,8,32,0,17,18,55,90,0,66,66,156
08/21/2021,VCT,TX,ASW,CE,Federal Contract Tower,0,3,3,6,12,0,0,12,0,12,0,3,15,6,24,0,8,8,32
08/22/2021,VCT,TX,ASW,CE,Federal Contract Tower,0,3,7,17,27,0,0,19,13,32,0,3,26,30,59,24,68,92,151
08/23/2021,VCT,TX,ASW,CE,Federal Contract Tower,0,9,5,57,71,0,4,20,24,48,0,13,25,81,119,2,288,290,409
08/24/2021,VCT,TX,ASW,CE,Federal Contract Tower,0,4,4,82,90,0,6,11,21,38,0,10,15,103,128,4,188,192,320
08/25/2021,VCT,TX,ASW,CE,Federal Contract Tower,0,6,3,56,65,0,0,16,12,28,0,6,19,68,93,26,130,156,249
08/26/2021,VCT,TX,ASW,CE,Federal Contract Tower,0,6,3,10,19,0,0,7,14,21,0,6,10,24,40,0,154,154,194
08/27/2021,VCT,TX,ASW,CE,Federal Contract Tower,0,7,6,6,19,0,6,4,0,10,0,13,10,6,29,0,2,2,31
08/28/2021,VCT,TX,ASW,CE,Federal Contract Tower,0,4,0,2,6,0,6,0,0,6,0,10,0,2,12,0,2,2,14
08/29/2021,VCT,TX,ASW,CE,Federal Contract Tower,0,4,9,3,16,0,1,18,5,24,0,5,27,8,40,14,32,46,86
08/30/2021,VCT,TX,ASW,CE,Federal Contract Tower,0,5,1,41,47,0,18,17,22,57,0,23,18,63,104,8,232,240,344
08/31/2021,VCT,TX,ASW,CE,Federal Contract Tower,0,4,2,63,69,0,2,13,34,49,0,6,15,97,118,18,400,418,536
09/01/2021,VCT,TX,ASW,CE,Federal Contract Tower,0,6,2,16,24,0,0,13,21,34,0,6,15,37,58,0,188,188,246
09/02/2021,VCT,TX,ASW,CE,Federal Contract Tower,0,6,0,9,15,0,5,3,12,20,0,11,3,21,35,0,116,116,151
09/03/2021,VCT,TX,ASW,CE,Federal Contract Tower,0,5,5,2,12,0,5,2,0,7,0,10,7,2,19,0,2,2,21
09/04/2021,VCT,TX,ASW,CE,Federal Contract Tower,0,4,1,15,20,0,2,12,7,21,0,6,13,22,41,8,44,52,93
09/05/2021,VCT,TX,ASW,CE,Federal Contract Tower,0,3,2,3,8,0,0,12,5,17,0,3,14,8,25,8,18,26,51
09/06/2021,VCT,TX,ASW,CE,Federal Contract Tower,0,5,5,14,24,0,3,5,0,8,0,8,10,14,32,0,14,14,46
09/07/2021,VCT,TX,ASW,CE,Federal Contract Tower,0,6,5,47,58,0,0,8,20,28,0,6,13,67,86,0,184,184,270
09/08/2021,VCT,TX,ASW,CE,Federal Contract Tower,0,6,2,50,58,0,0,25,24,49,0,6,27,74,107,2,218,220,327
09/10/2021,VCT,TX,ASW,CE,Federal Contract Tower,0,7,3,36,46,0,2,12,15,29,0,9,15,51,75,2,130,132,207
09/11/2021,VCT,TX,ASW,CE,Federal Contract Tower,0,4,0,11,15,0,2,22,6,30,0,6,22,17,45,2,4,6,51
09/12/2021,VCT,TX,ASW,CE,Federal Contract Tower,0,6,2,6,14,0,0,7,0,7,0,6,9,6,21,2,0,2,23
09/13/2021,VCT,TX,ASW,CE,Federal Contract Tower,0,1,0,0,1,0,1,1,0,2,0,2,1,0,3,0,0,0,3
09/14/2021,VCT,TX,ASW,CE,Federal Contract Tower,0,2,2,24,28,0,3,5,14,22,0,5,7,38,50,0,100,100,150
09/15/2021,VCT,TX,ASW,CE,Federal Contract Tower,0,6,8,4,18,0,1,10,4,15,0,7,18,8,33,0,34,34,67
09/16/2021,VCT,TX,ASW,CE,Federal Contract Tower,0,5,9,62,76,0,0,11,18,29,0,5,20,80,105,32,204,236,341
09/17/2021,VCT,TX,ASW,CE,Federal Contract Tower,0,5,6,36,47,0,3,15,15,33,0,8,21,51,80,14,156,170,250
09/18/2021,VCT,TX,ASW,CE,Federal Contract Tower,0,3,3,13,19,0,3,9,9,21,0,6,12,22,40,6,38,44,84
09/19/2021,VCT,TX,ASW,CE,Federal Contract Tower,0,4,4,0,8,0,0,9,0,9,0,4,13,0,17,4,0,4,21
09/20/2021,VCT,TX,ASW,CE,Federal Contract Tower,0,5,4,26,35,0,2,7,6,15,0,7,11,32,50,14,68,82,132
09/21/2021,VCT,TX,ASW,CE,Federal Contract Tower,0,4,8,14,26,0,2,10,4,16,0,6,18,18,42,12,76,88,130
09/22/2021,VCT,TX,ASW,CE,Federal Contract Tower,0,8,3,17,28,0,2,12,3,17,0,10,15,20,45,0,54,54,99
09/23/2021,VCT,TX,ASW,CE,Federal Contract Tower,0,7,4,19,30,0,0,23,8,31,0,7,27,27,61,14,96,110,171
09/24/2021,VCT,TX,ASW,CE,Federal Contract Tower,0,6,2,17,25,0,0,14,11,25,0,6,16,28,50,8,86,94,144
09/25/2021,VCT,TX,ASW,CE,Federal Contract Tower,0,3,5,0,8,0,1,26,0,27,0,4,31,0,35,6,0,6,41
09/26/2021,VCT,TX,ASW,CE,Federal Contract Tower,0,4,5,3,12,0,0,31,1,32,0,4,36,4,44,4,6,10,54
09/27/2021,VCT,TX,ASW,CE,Federal Contract Tower,0,5,2,70,77,0,0,18,18,36,0,5,20,88,113,0,214,214,327
09/28/2021,VCT,TX,ASW,CE,Federal Contract Tower,0,4,7,29,40,0,0,26,4,30,0,4,33,33,70,8,44,52,122
09/29/2021,VCT,TX,ASW,CE,Federal Contract Tower,1,8,5,0,14,0,0,13,0,13,1,8,18,0,27,0,0,0,27
09/30/2021,VCT,TX,ASW,CE,Federal Contract Tower,0,8,12,27,47,0,1,4,4,9,0,9,16,31,56,2,92,94,150
10/01/2021,VCT,TX,ASW,CE,Federal Contract Tower,0,6,2,6,14,0,2,0,2,4,0,8,2,8,18,0,20,20,38
10/02/2021,VCT,TX,ASW,CE,Federal Contract Tower,0,4,2,8,14,0,5,1,0,6,0,9,3,8,20,0,6,6,26
10/03/2021,VCT,TX,ASW,CE,Federal Contract Tower,0,4,5,0,9,0,0,6,0,6,0,4,11,0,15,4,0,4,19
10/04/2021,VCT,TX,ASW,CE,Federal Contract Tower,0,5,2,60,67,0,2,11,16,29,0,7,13,76,96,4,102,106,202
10/05/2021,VCT,TX,ASW,CE,Federal Contract Tower,0,4,4,34,42,0,4,13,31,48,0,8,17,65,90,2,306,308,398
10/06/2021,VCT,TX,ASW,CE,Federal Contract Tower,0,6,1,17,24,0,0,24,7,31,0,6,25,24,55,36,44,80,135
10/07/2021,VCT,TX,ASW,CE,Federal Contract Tower,0,6,5,53,64,0,0,15,19,34,0,6,20,72,98,8,194,202,300
10/08/2021,VCT,TX,ASW,CE,Federal Contract Tower,0,6,6,32,44,0,8,19,26,53,0,14,25,58,97,2,244,246,343
10/09/2021,VCT,TX,ASW,CE,Federal Contract Tower,0,3,4,18,25,0,3,11,4,18,0,6,15,22,43,14,14,28,71
10/10/2021,VCT,TX,ASW,CE,Federal Contract Tower,0,4,4,4,12,0,0,6,4,10,0,4,10,8,22,12,20,32,54
10/11/2021,VCT,TX,ASW,CE,Federal Contract Tower,0,5,7,2,14,0,8,13,4,25,0,13,20,6,39,0,56,56,95
10/12/2021,VCT,TX,ASW,CE,Federal Contract Tower,0,4,9,46,59,0,3,3,12,18,0,7,12,58,77,0,248,248,325
10/13/2021,VCT,TX,ASW,CE,Federal Contract Tower,0,6,8,33,47,0,0,6,17,23,0,6,14,50,70,2,244,246,316
10/14/2021,VCT,TX,ASW,CE,Federal Contract Tower,0,6,3,41,50,0,1,0,5,6,0,7,3,46,56,0,58,58,114
10/15/2021,VCT,TX,ASW,CE,Federal Contract Tower,0,6,10,27,43,0,0,10,3,13,0,6,20,30,56,12,26,38,94
10/16/2021,VCT,TX,ASW,CE,Federal Contract Tower,0,3,4,15,22,0,3,13,13,29,0,6,17,28,51,0,42,42,93
10/17/2021,VCT,TX,ASW,CE,Federal Contract Tower,0,4,11,5,20,0,2,10,3,15,0,6,21,8,35,0,18,18,53
10/18/2021,VCT,TX,ASW,CE,Federal Contract Tower,0,5,9,68,82,0,5,16,26,47,0,10,25,94,129,10,234,244,373
10/19/2021,VCT,TX,ASW,CE,Federal Contract Tower,0,4,9,49,62,0,0,16,25,41,0,4,25,74,103,8,202,210,313
10/20/2021,VCT,TX,ASW,CE,Federal Contract Tower,0,5,11,16,32,0,0,8,2,10,0,5,19,18,42,2,94,96,138
10/21/2021,VCT,TX,ASW,CE,Federal Contract Tower,0,8,5,42,55,0,1,21,4,26,0,9,26,46,81,6,68,74,155
10/22/2021,VCT,TX,ASW,CE,Federal Contract Tower,0,4,5,40,49,0,1,16,15,32,0,5,21,55,81,0,154,154,235
10/23/2021,VCT,TX,ASW,CE,Federal Contract Tower,0,6,1,4,11,0,3,6,0,9,0,9,7,4,20,0,4,4,24
10/24/2021,VCT,TX,ASW,CE,Federal Contract Tower,0,5,1,4,10,0,0,14,4,18,0,5,15,8,28,16,38,54,82
10/25/2021,VCT,TX,ASW,CE,Federal Contract Tower,0,5,8,52,65,0,8,12,15,35,0,13,20,67,100,4,104,108,208
10/26/2021,VCT,TX,ASW,CE,Federal Contract Tower,0,5,8,38,51,0,1,4,11,16,0,6,12,49,67,0,104,104,171
10/27/2021,VCT,TX,ASW,CE,Federal Contract Tower,0,6,3,12,21,0,0,2,0,2,0,6,5,12,23,0,40,40,63
10/28/2021,VCT,TX,ASW,CE,Federal Contract Tower,0,7,2,31,40,0,0,14,10,24,0,7,16,41,64,6,64,70,134
10/29/2021,VCT,TX,ASW,CE,Federal Contract Tower,0,5,4,16,25,0,0,12,13,25,0,5,16,29,50,2,68,70,120
10/30/2021,VCT,TX,ASW,CE,Federal Contract Tower,0,6,5,4,15,0,0,31,0,31,0,6,36,4,46,4,4,8,54
10/31/2021,VCT,TX,ASW,CE,Federal Contract Tower,0,3,4,0,7,0,0,21,0,21,0,3,25,0,28,10,0,10,38
11/01/2021,VCT,TX,ASW,CE,Federal Contract Tower,0,5,7,47,59,0,0,15,13,28,0,5,22,60,87,12,266,278,365
11/02/2021,VCT,TX,ASW,CE,Federal Contract Tower,0,6,7,59,72,0,2,15,12,29,0,8,22,71,101,2,256,258,359
11/03/2021,VCT,TX,ASW,CE,Federal Contract Tower,0,6,4,3,13,0,0,3,14,17,0,6,7,17,30,0,138,138,168
11/04/2021,VCT,TX,ASW,CE,Federal Contract Tower,0,6,6,39,51,0,0,0,3,3,0,6,6,42,54,0,30,30,84
11/05/2021,VCT,TX,ASW,CE,Federal Contract Tower,0,6,7,25,38,0,1,27,11,39,0,7,34,36,77,6,106,112,189
11/06/2021,VCT,TX,ASW,CE,Federal Contract Tower,0,3,4,9,16,0,1,29,3,33,0,4,33,12,49,2,6,8,57
11/07/2021,VCT,TX,ASW,CE,Federal Contract Tower,0,4,4,6,14,0,2,31,6,39,0,6,35,12,53,2,58,60,113
11/08/2021,VCT,TX,ASW,CE,Federal Contract Tower,0,6,3,45,54,0,2,19,25,46,0,8,22,70,100,4,196,200,300
11/09/2021,VCT,TX,ASW,CE,Federal Contract Tower,0,6,5,61,72,0,4,7,24,35,0,10,12,85,107,0,376,376,483
11/10/2021,VCT,TX,ASW,CE,Federal Contract Tower,0,6,4,31,41,0,1,11,8,20,0,7,15,39,61,12,108,120,181
11/11/2021,VCT,TX,ASW,CE,Federal Contract Tower,0,6,6,2,14,0,1,14,0,15,0,7,20,2,29,6,2,8,37
11/12/2021,VCT,TX,ASW,CE,Federal Contract Tower,0,6,8,2,16,0,0,19,4,23,0,6,27,6,39,32,48,80,119
11/13/2021,VCT,TX,ASW,CE,Federal Contract Tower,0,5,2,12,19,0,0,14,2,16,0,5,16,14,35,2,24,26,61
11/14/2021,VCT,TX,ASW,CE,Federal Contract Tower,0,4,3,4,11,0,0,20,0,20,0,4,23,4,31,14,4,18,49
11/15/2021,VCT,TX,ASW,CE,Federal Contract Tower,0,5,5,32,42,0,0,9,28,37,0,5,14,60,79,0,216,216,295
11/16/2021,VCT,TX,ASW,CE,Federal Contract Tower,0,4,10,19,33,0,2,5,17,24,0,6,15,36,57,2,120,122,179
11/17/2021,VCT,TX,ASW,CE,Federal Contract Tower,0,8,8,71,87,0,0,14,21,35,0,8,22,92,122,2,218,220,342
11/18/2021,VCT,TX,ASW,CE,Federal Contract Tower,0,6,0,26,32,0,1,6,17,24,0,7,6,43,56,2,186,188,244
11/19/2021,VCT,TX,ASW,CE,Federal Contract Tower,0,10,5,47,62,0,1,24,23,48,0,11,29,70,110,20,192,212,322
11/20/2021,VCT,TX,ASW,CE,Federal Contract Tower,0,5,7,8,20,0,6,22,6,34,0,11,29,14,54,22,10,32,86
11/21/2021,VCT,TX,ASW,CE,Federal Contract Tower,0,4,2,3,9,0,1,3,3,7,0,5,5,6,16,0,14,14,30
11/22/2021,VCT,TX,ASW,CE,Federal Contract Tower,0,4,0,24,28,0,4,9,15,28,0,8,9,39,56,0,214,214,270
11/23/2021,VCT,TX,ASW,CE,Federal Contract Tower,0,7,6,51,64,0,2,16,24,42,0,9,22,75,106,10,352,362,468
11/24/2021,VCT,TX,ASW,CE,Federal Contract Tower,0,6,6,13,25,0,0,16,0,16,0,6,22,13,41,6,26,32,73
11/25/2021,VCT,TX,ASW,CE,Federal Contract Tower,0,2,1,0,3,0,2,0,0,2,0,4,1,0,5,0,0,0,5
11/26/2021,VCT,TX,ASW,CE,Federal Contract Tower,0,4,3,0,7,0,2,12,0,14,0,6,15,0,21,4,0,4,25
11/27/2021,VCT,TX,ASW,CE,Federal Contract Tower,0,6,5,0,11,0,0,0,2,2,0,6,5,2,13,0,0,0,13
11/28/2021,VCT,TX,ASW,CE,Federal Contract Tower,0,4,6,2,12,0,0,10,0,10,0,4,16,2,22,12,2,14,36
11/29/2021,VCT,TX,ASW,CE,Federal Contract Tower,0,5,9,26,40,0,0,14,23,37,0,5,23,49,77,20,212,232,309
11/30/2021,VCT,TX,ASW,CE,Federal Contract Tower,0,4,4,106,114,0,2,9,15,26,0,6,13,121,140,2,214,216,356
12/01/2021,VCT,TX,ASW,CE,Federal Contract Tower,0,6,2,51,59,0,0,24,23,47,0,6,26,74,106,10,144,154,260
12/02/2021,VCT,TX,ASW,CE,Federal Contract Tower,0,6,6,80,92,0,0,8,25,33,0,6,14,105,125,2,224,226,351
12/03/2021,VCT,TX,ASW,CE,Federal Contract Tower,0,6,5,22,33,0,0,13,1,14,0,6,18,23,47,10,30,40,87
12/04/2021,VCT,TX,ASW,CE,Federal Contract Tower,0,3,5,4,12,0,0,8,0,8,0,3,13,4,20,4,4,8,28
12/05/2021,VCT,TX,ASW,CE,Federal Contract Tower,0,3,14,10,27,0,1,6,2,9,0,4,20,12,36,12,10,22,58
12/06/2021,VCT,TX,ASW,CE,Federal Contract Tower,0,4,6,38,48,0,8,4,8,20,0,12,10,46,68,0,36,36,104
12/07/2021,VCT,TX,ASW,CE,Federal Contract Tower,0,4,11,57,72,0,2,9,15,26,0,6,20,72,98,10,176,186,284
12/08/2021,VCT,TX,ASW,CE,Federal Contract Tower,0,6,13,55,74,0,5,5,5,15,0,11,18,60,89,4,78,82,171
12/09/2021,VCT,TX,ASW,CE,Federal Contract Tower,0,6,9,27,42,0,1,12,4,17,0,7,21,31,59,10,42,52,111
12/10/2021,VCT,TX,ASW,CE,Federal Contract Tower,0,5,12,32,49,0,2,11,9,22,0,7,23,41,71,0,52,52,123
12/11/2021,VCT,TX,ASW,CE,Federal Contract Tower,0,4,2,7,13,0,1,3,1,5,0,5,5,8,18,2,6,8,26
12/12/2021,VCT,TX,ASW,CE,Federal Contract Tower,0,4,4,16,24,0,0,32,3,35,0,4,36,19,59,6,34,40,99
12/13/2021,VCT,TX,ASW,CE,Federal Contract Tower,0,5,8,6,19,0,0,0,0,0,0,5,8,6,19,2,0,2,21
12/14/2021,VCT,TX,ASW,CE,Federal Contract Tower,0,4,12,35,51,0,2,6,5,13,0,6,18,40,64,2,42,44,108
12/15/2021,VCT,TX,ASW,CE,Federal Contract Tower,0,6,10,71,87,0,1,5,6,12,0,7,15,77,99,0,140,140,239
12/16/2021,VCT,TX,ASW,CE,Federal Contract Tower,0,5,15,69,89,0,0,16,10,26,0,5,31,79,115,8,282,290,405
12/17/2021,VCT,TX,ASW,CE,Federal Contract Tower,0,5,13,52,70,0,0,9,9,18,0,5,22,61,88,0,128,128,216
12/18/2021,VCT,TX,ASW,CE,Federal Contract Tower,0,3,5,0,8,0,2,0,0,2,0,5,5,0,10,0,0,0,10
12/19/2021,VCT,TX,ASW,CE,Federal Contract Tower,0,4,5,1,10,0,0,4,0,4,0,4,9,1,14,4,0,4,18
12/20/2021,VCT,TX,ASW,CE,Federal Contract Tower,0,5,4,33,42,0,0,9,23,32,0,5,13,56,74,2,204,206,280
12/21/2021,VCT,TX,ASW,CE,Federal Contract Tower,0,3,5,60,68,0,9,25,17,51,0,12,30,77,119,2,194,196,315
12/22/2021,VCT,TX,ASW,CE,Federal Contract Tower,0,4,5,28,37,0,0,24,19,43,0,4,29,47,80,24,76,100,180
12/23/2021,VCT,TX,ASW,CE,Federal Contract Tower,0,4,3,0,7,0,1,18,1,20,0,5,21,1,27,14,0,14,41
12/24/2021,VCT,TX,ASW,CE,Federal Contract Tower,0,4,4,0,8,0,1,8,0,9,0,5,12,0,17,0,0,0,17
12/25/2021,VCT,TX,ASW,CE,Federal Contract Tower,0,2,0,0,2,0,0,4,0,4,0,2,4,0,6,2,0,2,8
12/26/2021,VCT,TX,ASW,CE,Federal Contract Tower,0,4,4,0,8,0,1,5,0,6,0,5,9,0,14,0,0,0,14
12/27/2021,VCT,TX,ASW,CE,Federal Contract Tower,0,6,3,22,31,0,5,10,0,15,0,11,13,22,46,0,20,20,66
12/28/2021,VCT,TX,ASW,CE,Federal Contract Tower,0,4,5,18,27,0,1,9,6,16,0,5,14,24,43,0,30,30,73
12/29/2021,VCT,TX,ASW,CE,Federal Contract Tower,0,7,2,25,34,0,0,6,2,8,0,7,8,27,42,0,40,40,82
12/30/2021,VCT,TX,ASW,CE,Federal Contract Tower,0,10,4,11,25,0,0,2,0,2,0,10,6,11,27,0,10,10,37
12/31/2021,VCT,TX,ASW,CE,Federal Contract Tower,0,3,2,0,5,0,0,3,0,3,0,3,5,0,8,0,0,0,8
01/01/2022,VCT,TX,ASW,CE,Federal Contract Tower,0,1,3,0,4,0,7,2,0,9,0,8,5,0,13,2,0,2,15
01/02/2022,VCT,TX,ASW,CE,Federal Contract Tower,0,3,4,0,7,0,1,0,0,1,0,4,4,0,8,0,0,0,8
01/03/2022,VCT,TX,ASW,CE,Federal Contract Tower,0,12,4,1,17,0,3,18,1,22,0,15,22,2,39,14,6,20,59
01/04/2022,VCT,TX,ASW,CE,Federal Contract Tower,0,3,7,9,19,0,15,20,15,50,0,18,27,24,69,2,88,90,159
01/05/2022,VCT,TX,ASW,CE,Federal Contract Tower,0,5,1,28,34,0,1,8,28,37,0,6,9,56,71,6,230,236,307
01/06/2022,VCT,TX,ASW,CE,Federal Contract Tower,0,5,3,17,25,0,2,12,18,32,0,7,15,35,57,4,116,120,177
01/07/2022,VCT,TX,ASW,CE,Federal Contract Tower,0,8,8,25,41,0,3,1,1,5,0,11,9,26,46,0,48,48,94
01/08/2022,VCT,TX,ASW,CE,Federal Contract Tower,0,4,2,0,6,0,0,0,0,0,0,4,2,0,6,0,0,0,6
01/09/2022,VCT,TX,ASW,CE,Federal Contract Tower,0,6,0,0,6,0,0,2,0,2,0,6,2,0,8,0,0,0,8
01/10/2022,VCT,TX,ASW,CE,Federal Contract Tower,0,7,2,17,26,0,2,13,27,42,0,9,15,44,68,6,98,104,172
01/11/2022,VCT,TX,ASW,CE,Federal Contract Tower,0,5,5,38,48,0,3,16,26,45,0,8,21,64,93,2,212,214,307
01/12/2022,VCT,TX,ASW,CE,Federal Contract Tower,0,8,11,57,76,0,0,18,14,32,0,8,29,71,108,18,340,358,466
01/13/2022,VCT,TX,ASW,CE,Federal Contract Tower,0,6,2,37,45,0,0,32,33,65,0,6,34,70,110,30,231,261,371
01/14/2022,VCT,TX,ASW,CE,Federal Contract Tower,0,8,4,42,54,0,1,5,12,18,0,9,9,54,72,4,82,86,158
01/15/2022,VCT,TX,ASW,CE,Federal Contract Tower,0,3,1,0,4,0,2,0,0,2,0,5,1,0,6,0,0,0,6
01/16/2022,VCT,TX,ASW,CE,Federal Contract Tower,0,5,1,6,12,0,0,9,4,13,0,5,10,10,25,2,6,8,33
01/17/2022,VCT,TX,ASW,CE,Federal Contract Tower,0,7,6,12,25,0,0,27,5,32,0,7,33,17,57,14,44,58,115
01/18/2022,VCT,TX,ASW,CE,Federal Contract Tower,0,4,3,51,58,0,4,20,20,44,0,8,23,71,102,0,206,206,308
01/19/2022,VCT,TX,ASW,CE,Federal Contract Tower,0,7,7,36,50,0,0,15,8,23,0,7,22,44,73,2,34,36,109
01/20/2022,VCT,TX,ASW,CE,Federal Contract Tower,0,6,0,2,8,0,0,0,2,2,0,6,0,4,10,0,4,4,14
01/21/2022,VCT,TX,ASW,CE,Federal Contract Tower,0,5,7,20,32,0,0,14,16,30,0,5,21,36,62,16,180,196,258
01/22/2022,VCT,TX,ASW,CE,Federal Contract Tower,0,3,0,16,19,0,1,29,16,46,0,4,29,32,65,36,56,92,157
01/23/2022,VCT,TX,ASW,CE,Federal Contract Tower,0,4,3,16,23,0,0,4,17,21,0,4,7,33,44,12,72,84,128
01/24/2022,VCT,TX,ASW,CE,Federal Contract Tower,0,5,2,33,40,0,1,0,0,1,0,6,2,33,41,0,30,30,71
01/25/2022,VCT,TX,ASW,CE,Federal Contract Tower,0,4,8,34,46,0,2,5,1,8,0,6,13,35,54,4,24,28,82
01/26/2022,VCT,TX,ASW,CE,Federal Contract Tower,0,5,12,43,60,0,2,19,14,35,0,7,31,57,95,10,182,192,287
01/27/2022,VCT,TX,ASW,CE,Federal Contract Tower,0,6,3,55,64,0,0,22,22,44,0,6,25,77,108,2,340,342,450
01/28/2022,VCT,TX,ASW,CE,Federal Contract Tower,0,6,7,44,57,0,1,12,18,31,0,7,19,62,88,2,210,212,300
01/29/2022,VCT,TX,ASW,CE,Federal Contract Tower,0,3,2,17,22,0,5,22,4,31,0,8,24,21,53,2,32,34,87
01/30/2022,VCT,TX,ASW,CE,Federal Contract Tower,0,4,4,10,18,0,0,13,2,15,0,4,17,12,33,0,24,24,57
01/31/2022,VCT,TX,ASW,CE,Federal Contract Tower,0,5,0,0,5,0,0,0,0,0,0,5,0,0,5,0,0,0,5
02/01/2022,VCT,TX,ASW,CE,Federal Contract Tower,0,6,7,39,52,0,6,8,15,29,0,12,15,54,81,8,130,138,219
02/02/2022,VCT,TX,ASW,CE,Federal Contract Tower,0,6,8,16,30,0,1,1,1,3,0,7,9,17,33,2,22,24,57
02/03/2022,VCT,TX,ASW,CE,Federal Contract Tower,0,1,2,4,7,0,0,0,0,0,0,1,2,4,7,0,0,0,7
02/04/2022,VCT,TX,ASW,CE,Federal Contract Tower,0,5,1,8,14,0,2,4,2,8,0,7,5,10,22,4,6,10,32
02/05/2022,VCT,TX,ASW,CE,Federal Contract Tower,0,3,0,12,15,0,10,21,6,37,0,13,21,18,52,22,34,56,108
02/06/2022,VCT,TX,ASW,CE,Federal Contract Tower,0,3,5,7,15,0,1,14,5,20,0,4,19,12,35,2,10,12,47
02/07/2022,VCT,TX,ASW,CE,Federal Contract Tower,0,7,5,33,45,0,1,13,25,39,0,8,18,58,84,10,196,206,290
02/08/2022,VCT,TX,ASW,CE,Federal Contract Tower,0,4,4,46,54,0,2,25,14,41,0,6,29,60,95,14,228,242,337
02/09/2022,VCT,TX,ASW,CE,Federal Contract Tower,0,7,7,57,71,0,0,24,27,51,0,7,31,84,122,40,280,320,442
02/10/2022,VCT,TX,ASW,CE,Federal Contract Tower,0,7,3,65,75,0,5,20,33,58,0,12,23,98,133,16,248,264,397
02/11/2022,VCT,TX,ASW,CE,Federal Contract Tower,0,8,11,76,95,0,4,24,19,47,0,12,35,95,142,10,178,188,330
02/12/2022,VCT,TX,ASW,CE,Federal Contract Tower,0,3,2,4,9,0,1,0,0,1,0,4,2,4,10,0,4,4,14
02/13/2022,VCT,TX,ASW,CE,Federal Contract Tower,0,6,8,18,32,0,4,21,0,25,0,10,29,18,57,10,18,28,85
02/14/2022,VCT,TX,ASW,CE,Federal Contract Tower,0,4,6,75,85,0,2,8,24,34,0,6,14,99,119,4,224,228,347
02/15/2022,VCT,TX,ASW,CE,Federal Contract Tower,0,2,11,31,44,0,4,6,16,26,0,6,17,47,70,0,146,146,216
02/16/2022,VCT,TX,ASW,CE,Federal Contract Tower,0,4,13,61,78,0,0,3,11,14,0,4,16,72,92,0,126,126,218
02/17/2022,VCT,TX,ASW,CE,Federal Contract Tower,0,4,5,18,27,0,4,14,20,38,0,8,19,38,65,2,146,148,213
02/18/2022,VCT,TX,ASW,CE,Federal Contract Tower,0,6,12,18,36,0,5,20,28,53,0,11,32,46,89,4,118,122,211
02/19/2022,VCT,TX,ASW,CE,Federal Contract Tower,0,3,7,12,22,0,3,10,4,17,0,6,17,16,39,12,12,24,63
02/20/2022,VCT,TX,ASW,CE,Federal Contract Tower,0,5,5,15,25,0,0,11,5,16,0,5,16,20,41,40,74,114,155
02/21/2022,VCT,TX,ASW,CE,Federal Contract Tower,0,5,5,3,13,0,0,0,4,4,0,5,5,7,17,2,18,20,37
02/22/2022,VCT,TX,ASW,CE,Federal Contract Tower,0,4,16,22,42,0,0,3,4,7,0,4,19,26,49,4,122,126,175
02/23/2022,VCT,TX,ASW,CE,Federal Contract Tower,0,6,6,16,28,0,1,0,1,2,0,7,6,17,30,2,38,40,70
02/24/2022,VCT,TX,ASW,CE,Federal Contract Tower,0,10,5,0,15,0,0,0,0,0,0,10,5,0,15,0,0,0,15
02/25/2022,VCT,TX,ASW,CE,Federal Contract Tower,0,6,5,39,50,0,2,7,1,10,0,8,12,40,60,0,98,98,158
02/26/2022,VCT,TX,ASW,CE,Federal Contract Tower,0,3,3,4,10,0,0,0,0,0,0,3,3,4,10,0,4,4,14
02/27/2022,VCT,TX,ASW,CE,Federal Contract Tower,0,5,12,6,23,0,0,13,7,20,0,5,25,13,43,16,38,54,97
02/28/2022,VCT,TX,ASW,CE,Federal Contract Tower,0,7,10,72,89,0,2,16,29,47,0,9,26,101,136,18,252,270,406
03/01/2022,VCT,TX,ASW,CE,Federal Contract Tower,0,5,12,72,89,0,1,21,34,56,0,6,33,106,145,8,332,340,485
03/02/2022,VCT,TX,ASW,CE,Federal Contract Tower,0,6,4,60,70,0,1,11,21,33,0,7,15,81,103,2,144,146,249
03/03/2022,VCT,TX,ASW,CE,Federal Contract Tower,0,6,10,50,66,0,3,7,17,27,0,9,17,67,93,6,116,122,215
03/04/2022,VCT,TX,ASW,CE,Federal Contract Tower,0,4,14,64,82,0,1,7,20,28,0,5,21,84,110,12,172,184,294
03/05/2022,VCT,TX,ASW,CE,Federal Contract Tower,0,3,10,0,13,0,0,0,0,0,0,3,10,0,13,8,0,8,21
03/06/2022,VCT,TX,ASW,CE,Federal Contract Tower,0,4,3,4,11,0,4,1,0,5,0,8,4,4,16,4,2,6,22
03/07/2022,VCT,TX,ASW,CE,Federal Contract Tower,0,10,0,8,18,0,0,3,26,29,0,10,3,34,47,2,26,28,75
03/08/2022,VCT,TX,ASW,CE,Federal Contract Tower,0,6,11,19,36,0,1,2,0,3,0,7,13,19,39,0,12,12,51
03/09/2022,VCT,TX,ASW,CE,Federal Contract Tower,0,6,9,11,26,0,0,28,27,55,0,6,37,38,81,12,114,126,207
03/10/2022,VCT,TX,ASW,CE,Federal Contract Tower,0,6,3,36,45,0,0,19,30,49,0,6,22,66,94,6,248,254,348
03/11/2022,VCT,TX,ASW,CE,Federal Contract Tower,0,6,7,4,17,0,0,0,0,0,0,6,7,4,17,0,4,4,21
03/12/2022,VCT,TX,ASW,CE,Federal Contract Tower,0,3,2,4,9,0,1,16,8,25,0,4,18,12,34,8,24,32,66
03/13/2022,VCT,TX,ASW,CE,Federal Contract Tower,0,3,3,19,25,0,0,10,9,19,0,3,13,28,44,4,74,78,122
03/14/2022,VCT,TX,ASW,CE,Federal Contract Tower,0,4,7,49,60,0,1,11,18,30,0,5,18,67,90,0,128,128,218
03/15/2022,VCT,TX,ASW,CE,Federal Contract Tower,0,6,9,24,39,0,4,10,22,36,0,10,19,46,75,0,172,172,247
03/16/2022,VCT,TX,ASW,CE,Federal Contract Tower,0,8,6,49,63,0,1,16,17,34,0,9,22,66,97,10,102,112,209
03/17/2022,VCT,TX,ASW,CE,Federal Contract Tower,0,7,7,18,32,0,0,4,7,11,0,7,11,25,43,2,70,72,115
03/18/2022,VCT,TX,ASW,CE,Federal Contract Tower,0,6,7,21,34,0,2,17,18,37,0,8,24,39,71,18,152,170,241
03/19/2022,VCT,TX,ASW,CE,Federal Contract Tower,0,5,3,4,12,0,4,26,12,42,0,9,29,16,54,4,98,102,156
03/20/2022,VCT,TX,ASW,CE,Federal Contract Tower,0,4,7,33,44,0,3,12,7,22,0,7,19,40,66,0,54,54,120
03/21/2022,VCT,TX,ASW,CE,Federal Contract Tower,0,7,3,10,20,0,0,0,0,0,0,7,3,10,20,0,8,8,28
03/22/2022,VCT,TX,ASW,CE,Federal Contract Tower,0,4,3,42,49,0,3,11,22,36,0,7,14,64,85,2,266,268,353
03/23/2022,VCT,TX,ASW,CE,Federal Contract Tower,0,8,5,45,58,0,1,18,35,54,0,9,23,80,112,8,230,238,350
03/24/2022,VCT,TX,ASW,CE,Federal Contract Tower,0,8,1,52,61,0,3,20,29,52,0,11,21,81,113,20,236,256,369
03/25/2022,VCT,TX,ASW,CE,Federal Contract Tower,0,8,4,26,38,0,1,25,16,42,0,9,29,42,80,2,74,76,156
03/26/2022,VCT,TX,ASW,CE,Federal Contract Tower,0,4,4,3,11,0,1,6,2,9,0,5,10,5,20,2,12,14,34
03/27/2022,VCT,TX,ASW,CE,Federal Contract Tower,0,4,1,25,30,0,3,5,3,11,0,7,6,28,41,0,40,40,81
03/28/2022,VCT,TX,ASW,CE,Federal Contract Tower,0,5,11,16,32,0,0,8,16,24,0,5,19,32,56,6,156,162,218
03/29/2022,VCT,TX,ASW,CE,Federal Contract Tower,0,4,3,10,17,0,0,1,8,9,0,4,4,18,26,2,32,34,60
03/30/2022,VCT,TX,ASW,CE,Federal Contract Tower,0,10,13,27,50,0,3,2,15,20,0,13,15,42,70,4,168,172,242
03/31/2022,VCT,TX,ASW,CE,Federal Contract Tower,0,6,5,25,36,0,0,24,29,53,0,6,29,54,89,4,142,146,235
04/01/2022,VCT,TX,ASW,CE,Federal Contract Tower,0,7,5,48,60,0,5,7,32,44,0,12,12,80,104,2,178,180,284
04/02/2022,VCT,TX,ASW,CE,Federal Contract Tower,0,3,6,14,23,0,8,9,13,30,0,11,15,27,53,12,142,154,207
04/03/2022,VCT,TX,ASW,CE,Federal Contract Tower,0,4,9,10,23,0,2,5,6,13,0,6,14,16,36,2,46,48,84
04/04/2022,VCT,TX,ASW,CE,Federal Contract Tower,0,5,7,27,39,0,3,0,0,3,0,8,7,27,42,2,16,18,60
04/05/2022,VCT,TX,ASW,CE,Federal Contract Tower,0,5,7,43,55,0,4,7,10,21,0,9,14,53,76,2,132,134,210
04/06/2022,VCT,TX,ASW,CE,Federal Contract Tower,0,6,10,8,24,0,6,9,21,36,0,12,19,29,60,0,68,68,128
04/07/2022,VCT,TX,ASW,CE,Federal Contract Tower,0,8,3,29,40,0,4,21,26,51,0,12,24,55,91,4,242,246,337
04/08/2022,VCT,TX,ASW,CE,Federal Contract Tower,0,11,12,5,28,0,1,13,13,27,0,12,25,18,55,4,84,88,143
04/09/2022,VCT,TX,ASW,CE,Federal Contract Tower,0,5,2,10,17,0,4,10,2,16,0,9,12,12,33,2,28,30,63
04/10/2022,VCT,TX,ASW,CE,Federal Contract Tower,0,9,8,4,21,0,2,6,2,10,0,11,14,6,31,2,4,6,37
04/11/2022,VCT,TX,ASW,CE,Federal Contract Tower,0,5,6,28,39,0,1,7,12,20,0,6,13,40,59,2,118,120,179
04/12/2022,VCT,TX,ASW,CE,Federal Contract Tower,0,6,8,30,44,0,2,5,0,7,0,8,13,30,51,2,22,24,75
04/13/2022,VCT,TX,ASW,CE,Federal Contract Tower,0,6,3,50,59,0,8,9,11,28,0,14,12,61,87,10,118,128,215
04/14/2022,VCT,TX,ASW,CE,Federal Contract Tower,0,6,10,44,60,0,1,15,23,39,0,7,25,67,99,12,155,167,266
04/15/2022,VCT,TX,ASW,CE,Federal Contract Tower,0,6,6,21,33,0,2,0,0,2,0,8,6,21,35,2,18,20,55
04/16/2022,VCT,TX,ASW,CE,Federal Contract Tower,0,4,12,4,20,0,3,6,1,10,0,7,18,5,30,8,14,22,52
04/17/2022,VCT,TX,ASW,CE,Federal Contract Tower,0,4,8,0,12,0,1,0,0,1,0,5,8,0,13,0,0,0,13
04/18/2022,VCT,TX,ASW,CE,Federal Contract Tower,0,6,1,51,58,0,4,10,12,26,0,10,11,63,84,4,198,202,286
04/19/2022,VCT,TX,ASW,CE,Federal Contract Tower,0,4,9,83,96,0,1,3,20,24,0,5,12,103,120,4,352,356,476
04/20/2022,VCT,TX,ASW,CE,Federal Contract Tower,0,6,12,55,73,0,4,4,8,16,0,10,16,63,89,4,92,96,185
04/21/2022,VCT,TX,ASW,CE,Federal Contract Tower,0,8,13,51,72,0,3,7,2,12,0,11,20,53,84,6,60,66,150
04/22/2022,VCT,TX,ASW,CE,Federal Contract Tower,0,9,12,28,49,0,3,12,15,30,0,12,24,43,79,14,108,122,201
04/23/2022,VCT,TX,ASW,CE,Federal Contract Tower,0,3,5,6,14,0,0,5,2,7,0,3,10,8,21,9,4,13,34
04/24/2022,VCT,TX,ASW,CE,Federal Contract Tower,0,5,6,7,18,0,1,1,7,9,0,6,7,14,27,2,24,26,53
04/25/2022,VCT,TX,ASW,CE,Federal Contract Tower,0,2,3,8,13,0,2,4,11,17,0,4,7,19,30,0,16,16,46
04/26/2022,VCT,TX,ASW,CE,Federal Contract Tower,0,4,3,14,21,0,3,5,12,20,0,7,8,26,41,0,122,122,163
04/27/2022,VCT,TX,ASW,CE,Federal Contract Tower,0,8,14,54,76,0,11,21,24,56,0,19,35,78,132,14,248,262,394
04/28/2022,VCT,TX,ASW,CE,Federal Contract Tower,0,13,10,60,83,0,4,13,30,47,0,17,23,90,130,16,238,254,384
04/29/2022,VCT,TX,ASW,CE,Federal Contract Tower,0,6,6,32,44,0,7,4,3,14,0,13,10,35,58,2,92,94,152
04/30/2022,VCT,TX,ASW,CE,Federal Contract Tower,0,3,4,5,12,0,3,10,3,16,0,6,14,8,28,4,4,8,36
05/01/2022,VCT,TX,ASW,CE,Federal Contract Tower,0,4,10,12,26,0,2,12,3,17,0,6,22,15,43,12,16,28,71
05/02/2022,VCT,TX,ASW,CE,Federal Contract Tower,0,5,1,18,24,0,2,1,25,28,0,7,2,43,52,0,182,182,234
05/03/2022,VCT,TX,ASW,CE,Federal Contract Tower,0,4,9,45,58,0,5,10,19,34,0,9,19,64,92,2,222,224,316
05/04/2022,VCT,TX,ASW,CE,Federal Contract Tower,0,6,5,74,85,0,1,11,3,15,0,7,16,77,100,4,152,156,256
05/05/2022,VCT,TX,ASW,CE,Federal Contract Tower,0,5,6,24,35,0,3,8,4,15,0,8,14,28,50,0,92,92,142
05/06/2022,VCT,TX,ASW,CE,Federal Contract Tower,0,6,9,23,38,0,8,17,8,33,0,14,26,31,71,4,52,56,127
05/07/2022,VCT,TX,ASW,CE,Federal Contract Tower,0,3,4,19,26,0,1,14,0,15,0,4,18,19,41,16,14,30,71
05/08/2022,VCT,TX,ASW,CE,Federal Contract Tower,0,4,1,20,25,0,0,4,1,5,0,4,5,21,30,0,20,20,50
05/09/2022,VCT,TX,ASW,CE,Federal Contract Tower,0,6,0,49,55,0,0,5,20,25,0,6,5,69,80,0,232,232,312
05/10/2022,VCT,TX,ASW,CE,Federal Contract Tower,0,4,6,84,94,0,0,11,21,32,0,4,17,105,126,14,116,130,256
05/11/2022,VCT,TX,ASW,CE,Federal Contract Tower,0,6,5,37,48,0,7,8,14,29,0,13,13,51,77,0,184,184,261
05/12/2022,VCT,TX,ASW,CE,Federal Contract Tower,0,6,8,18,32,0,1,17,39,57,0,7,25,57,89,16,140,156,245
05/13/2022,VCT,TX,ASW,CE,Federal Contract Tower,0,7,7,24,38,0,4,8,31,43,0,11,15,55,81,6,58,64,145
05/14/2022,VCT,TX,ASW,CE,Federal Contract Tower,0,5,9,12,26,0,4,15,11,30,0,9,24,23,56,10,114,124,180
05/15/2022,VCT,TX,ASW,CE,Federal Contract Tower,0,4,7,26,37,0,2,10,8,20,0,6,17,34,57,10,100,110,167
05/16/2022,VCT,TX,ASW,CE,Federal Contract Tower,0,5,12,57,74,0,0,8,18,26,0,5,20,75,100,10,184,194,294
05/17/2022,VCT,TX,ASW,CE,Federal Contract Tower,0,4,7,46,57,0,0,7,25,32,0,4,14,71,89,4,140,144,233
05/18/2022,VCT,TX,ASW,CE,Federal Contract Tower,0,6,10,16,32,0,4,9,25,38,0,10,19,41,70,2,170,172,242
05/19/2022,VCT,TX,ASW,CE,Federal Contract Tower,0,7,4,54,65,0,4,13,17,34,0,11,17,71,99,2,210,212,311
05/20/2022,VCT,TX,ASW,CE,Federal Contract Tower,0,6,5,34,45,0,1,2,18,21,0,7,7,52,66,0,102,102,168
05/21/2022,VCT,TX,ASW,CE,Federal Contract Tower,0,3,3,7,13,0,1,3,5,9,0,4,6,12,22,6,18,24,46
05/22/2022,VCT,TX,ASW,CE,Federal Contract Tower,0,9,1,16,26,0,3,6,6,15,0,12,7,22,41,4,54,58,99
05/23/2022,VCT,TX,ASW,CE,Federal Contract Tower,0,5,6,58,69,0,4,5,19,28,0,9,11,77,97,0,396,396,493
05/24/2022,VCT,TX,ASW,CE,Federal Contract Tower,0,6,7,10,23,0,1,10,12,23,0,7,17,22,46,2,162,164,210
05/25/2022,VCT,TX,ASW,CE,Federal Contract Tower,0,6,3,31,40,0,2,10,36,48,0,8,13,67,88,18,312,330,418
05/26/2022,VCT,TX,ASW,CE,Federal Contract Tower,0,6,5,68,79,0,7,26,11,44,0,13,31,79,123,15,150,165,288
05/27/2022,VCT,TX,ASW,CE,Federal Contract Tower,0,7,5,12,24,0,4,9,8,21,0,11,14,20,45,10,46,56,101
05/28/2022,VCT,TX,ASW,CE,Federal Contract Tower,0,3,6,10,19,0,4,22,2,28,0,7,28,12,47,12,14,26,73
05/29/2022,VCT,TX,ASW,CE,Federal Contract Tower,0,4,2,5,11,0,0,5,1,6,0,4,7,6,17,4,4,8,25
05/30/2022,VCT,TX,ASW,CE,Federal Contract Tower,0,4,9,3,16,0,3,12,4,19,0,7,21,7,35,4,24,28,63
05/31/2022,VCT,TX,ASW,CE,Federal Contract Tower,0,4,8,44,56,0,4,4,22,30,0,8,12,66,86,6,206,212,298
06/01/2022,VCT,TX,ASW,CE,Federal Contract Tower,0,6,7,54,67,0,2,5,9,16,0,8,12,63,83,4,180,184,267
06/02/2022,VCT,TX,ASW,CE,Federal Contract Tower,0,6,8,76,90,0,1,14,30,45,0,7,22,106,135,14,168,182,317
06/03/2022,VCT,TX,ASW,CE,Federal Contract Tower,0,6,5,41,52,0,4,17,18,39,0,10,22,59,91,22,170,192,283
06/04/2022,VCT,TX,ASW,CE,Federal Contract Tower,0,3,1,13,17,0,2,12,4,18,0,5,13,17,35,4,10,14,49
06/05/2022,VCT,TX,ASW,CE,Federal Contract Tower,0,5,6,18,29,0,4,13,10,27,0,9,19,28,56,8,48,56,112
06/06/2022,VCT,TX,ASW,CE,Federal Contract Tower,0,5,7,57,69,0,4,8,30,42,0,9,15,87,111,4,268,272,383
06/07/2022,VCT,TX,ASW,CE,Federal Contract Tower,0,4,13,46,63,0,2,7,22,31,0,6,20,68,94,4,188,192,286
06/08/2022,VCT,TX,ASW,CE,Federal Contract Tower,0,6,13,39,58,0,0,13,17,30,0,6,26,56,88,2,124,126,214
06/09/2022,VCT,TX,ASW,CE,Federal Contract Tower,0,5,9,62,76,0,1,14,28,43,0,6,23,90,119,16,214,230,349
06/10/2022,VCT,TX,ASW,CE,Federal Contract Tower,0,7,10,39,56,0,4,20,16,40,0,11,30,55,96,6,216,222,318
06/11/2022,VCT,TX,ASW,CE,Federal Contract Tower,0,3,1,27,31,0,2,4,3,9,0,5,5,30,40,0,48,48,88
06/12/2022,VCT,TX,ASW,CE,Federal Contract Tower,0,4,4,37,45,0,1,6,2,9,0,5,10,39,54,12,44,56,110
06/13/2022,VCT,TX,ASW,CE,Federal Contract Tower,0,7,3,3,13,0,3,1,5,9,0,10,4,8,22,2,36,38,60
06/14/2022,VCT,TX,ASW,CE,Federal Contract Tower,0,4,8,75,87,0,2,8,8,18,0,6,16,83,105,2,136,138,243
06/15/2022,VCT,TX,ASW,CE,Federal Contract Tower,0,6,2,51,59,0,4,8,19,31,0,10,10,70,90,0,128,128,218
06/16/2022,VCT,TX,ASW,CE,Federal Contract Tower,0,6,13,60,79,0,2,14,23,39,0,8,27,83,118,4,184,188,306
06/17/2022,VCT,TX,ASW,CE,Federal Contract Tower,0,6,9,54,69,0,0,8,13,21,0,6,17,67,90,2,160,162,252
06/18/2022,VCT,TX,ASW,CE,Federal Contract Tower,0,3,8,12,23,0,0,9,14,23,0,3,17,26,46,4,68,72,118
06/19/2022,VCT,TX,ASW,CE,Federal Contract Tower,0,4,1,11,16,0,7,16,1,24,0,11,17,12,40,20,10,30,70
06/20/2022,VCT,TX,ASW,CE,Federal Contract Tower,0,5,7,10,22,0,1,7,4,12,0,6,14,14,34,8,36,44,78
06/21/2022,VCT,TX,ASW,CE,Federal Contract Tower,0,9,6,16,31,0,2,17,24,43,0,11,23,40,74,10,42,52,126
06/22/2022,VCT,TX,ASW,CE,Federal Contract Tower,0,6,8,26,40,0,2,9,24,35,0,8,17,50,75,0,166,166,241
06/23/2022,VCT,TX,ASW,CE,Federal Contract Tower,0,7,6,37,50,0,5,12,15,32,0,12,18,52,82,16,114,130,212
06/24/2022,VCT,TX,ASW,CE,Federal Contract Tower,0,6,11,19,36,0,1,11,29,41,0,7,22,48,77,2,86,88,165
06/25/2022,VCT,TX,ASW,CE,Federal Contract Tower,0,5,0,18,23,0,4,19,4,27,0,9,19,22,50,0,24,24,74
06/26/2022,VCT,TX,ASW,CE,Federal Contract Tower,0,5,3,20,28,0,1,14,24,39,0,6,17,44,67,0,28,28,95
06/27/2022,VCT,TX,ASW,CE,Federal Contract Tower,0,4,3,40,47,0,2,5,19,26,0,6,8,59,73,2,82,84,157
06/28/2022,VCT,TX,ASW,CE,Federal Contract Tower,0,3,3,0,6,0,4,11,12,27,0,7,14,12,33,8,8,16,49
06/29/2022,VCT,TX,ASW,CE,Federal Contract Tower,0,6,6,44,56,0,3,8,6,17,0,9,14,50,73,8,70,78,151
06/30/2022,VCT,TX,ASW,CE,Federal Contract Tower,0,6,1,35,42,0,3,10,1,14,0,9,11,36,56,0,68,68,124
07/01/2022,VCT,TX,ASW,CE,Federal Contract Tower,0,4,0,27,31,0,2,4,11,17,0,6,4,38,48,0,84,84,132
07/02/2022,VCT,TX,ASW,CE,Federal Contract Tower,0,3,1,5,9,0,8,8,2,18,0,11,9,7,27,0,24,24,51
07/03/2022,VCT,TX,ASW,CE,Federal Contract Tower,0,2,1,6,9,0,3,7,4,14,0,5,8,10,23,10,70,80,103
07/04/2022,VCT,TX,ASW,CE,Federal Contract Tower,0,2,8,2,12,0,2,14,2,18,0,4,22,4,30,12,4,16,46
07/05/2022,VCT,TX,ASW,CE,Federal Contract Tower,0,4,10,10,24,0,0,10,6,16,0,4,20,16,40,4,76,80,120
07/06/2022,VCT,TX,ASW,CE,Federal Contract Tower,0,5,10,88,103,0,0,8,16,24,0,5,18,104,127,12,228,240,367
07/07/2022,VCT,TX,ASW,CE,Federal Contract Tower,0,5,4,64,73,0,0,13,21,34,0,5,17,85,107,2,144,146,253
07/08/2022,VCT,TX,ASW,CE,Federal Contract Tower,0,4,7,55,66,0,3,18,26,47,0,7,25,81,113,6,188,194,307
07/09/2022,VCT,TX,ASW,CE,Federal Contract Tower,0,4,3,19,26,0,2,17,6,25,0,6,20,25,51,10,48,58,109
07/10/2022,VCT,TX,ASW,CE,Federal Contract Tower,0,2,0,11,13,0,1,15,12,28,0,3,15,23,41,8,72,80,121
07/11/2022,VCT,TX,ASW,CE,Federal Contract Tower,0,4,2,80,86,0,0,12,33,45,0,4,14,113,131,28,364,392,523
07/12/2022,VCT,TX,ASW,CE,Federal Contract Tower,0,2,5,37,44,0,0,11,29,40,0,2,16,66,84,0,175,175,259
07/13/2022,VCT,TX,ASW,CE,Federal Contract Tower,0,5,7,47,59,0,3,6,34,43,0,8,13,81,102,8,192,200,302
07/14/2022,VCT,TX,ASW,CE,Federal Contract Tower,0,4,8,52,64,0,2,10,10,22,0,6,18,62,86,10,62,72,158
07/15/2022,VCT,TX,ASW,CE,Federal Contract Tower,0,6,3,22,31,0,0,4,10,14,0,6,7,32,45,0,100,100,145
07/16/2022,VCT,TX,ASW,CE,Federal Contract Tower,0,2,0,12,14,0,3,9,2,14,0,5,9,14,28,0,24,24,52
07/17/2022,VCT,TX,ASW,CE,Federal Contract Tower,0,3,4,23,30,0,1,15,6,22,0,4,19,29,52,8,38,46,98
07/18/2022,VCT,TX,ASW,CE,Federal Contract Tower,0,4,6,77,87,0,0,17,26,43,0,4,23,103,130,12,270,282,412
07/19/2022,VCT,TX,ASW,CE,Federal Contract Tower,0,2,1,97,100,0,5,9,16,30,0,7,10,113,130,2,130,132,262
07/20/2022,VCT,TX,ASW,CE,Federal Contract Tower,0,5,1,74,80,0,3,14,31,48,0,8,15,105,128,0,252,252,380
07/21/2022,VCT,TX,ASW,CE,Federal Contract Tower,0,4,6,48,58,0,0,7,18,25,0,4,13,66,83,4,115,119,202
07/22/2022,VCT,TX,ASW,CE,Federal Contract Tower,0,5,10,38,53,0,4,14,15,33,0,9,24,53,86,4,134,138,224
07/23/2022,VCT,TX,ASW,CE,Federal Contract Tower,0,1,2,20,23,0,5,10,2,17,0,6,12,22,40,2,28,30,70
07/24/2022,VCT,TX,ASW,CE,Federal Contract Tower,0,3,1,37,41,0,0,13,2,15,0,3,14,39,56,2,46,48,104
07/25/2022,VCT,TX,ASW,CE,Federal Contract Tower,0,4,3,52,59,0,0,13,21,34,0,4,16,73,93,6,194,200,293
07/26/2022,VCT,TX,ASW,CE,Federal Contract Tower,0,3,3,95,101,0,3,13,19,35,0,6,16,114,136,10,332,342,478
07/27/2022,VCT,TX,ASW,CE,Federal Contract Tower,0,4,8,58,70,0,4,10,18,32,0,8,18,76,102,26,120,146,248
07/28/2022,VCT,TX,ASW,CE,Federal Contract Tower,0,5,5,57,67,0,4,13,25,42,0,9,18,82,109,2,208,210,319
07/29/2022,VCT,TX,ASW,CE,Federal Contract Tower,0,5,2,59,66,0,3,10,20,33,0,8,12,79,99,2,150,152,251
07/30/2022,VCT,TX,ASW,CE,Federal Contract Tower,0,2,1,16,19,0,1,5,5,11,0,3,6,21,30,0,16,16,46
07/31/2022,VCT,TX,ASW,CE,Federal Contract Tower,0,2,2,9,13,0,0,6,1,7,0,2,8,10,20,6,62,68,88
08/01/2022,VCT,TX,ASW,CE,Federal Contract Tower,0,3,3,78,84,0,2,7,21,30,0,5,10,99,114,4,162,166,280
08/02/2022,VCT,TX,ASW,CE,Federal Contract Tower,0,2,1,76,79,0,5,10,19,34,0,7,11,95,113,14,210,224,337
08/03/2022,VCT,TX,ASW,CE,Federal Contract Tower,0,6,4,45,55,0,4,14,23,41,0,10,18,68,96,2,184,186,282
08/04/2022,VCT,TX,ASW,CE,Federal Contract Tower,0,6,0,78,84,0,2,13,25,40,0,8,13,103,124,2,178,180,304
08/05/2022,VCT,TX,ASW,CE,Federal Contract Tower,0,4,5,18,27,0,3,12,4,19,0,7,17,22,46,0,88,88,134
08/06/2022,VCT,TX,ASW,CE,Federal Contract Tower,0,4,1,4,9,0,2,9,2,13,0,6,10,6,22,2,28,30,52
08/07/2022,VCT,TX,ASW,CE,Federal Contract Tower,0,3,4,22,29,0,2,18,0,20,0,5,22,22,49,4,20,24,73
08/08/2022,VCT,TX,ASW,CE,Federal Contract Tower,0,4,1,84,89,0,0,9,17,26,0,4,10,101,115,2,232,234,349
08/09/2022,VCT,TX,ASW,CE,Federal Contract Tower,0,2,1,97,100,0,0,12,24,36,0,2,13,121,136,8,161,169,305
08/10/2022,VCT,TX,ASW,CE,Federal Contract Tower,0,2,6,63,71,0,14,17,28,59,0,16,23,91,130,14,120,134,264
08/11/2022,VCT,TX,ASW,CE,Federal Contract Tower,0,5,11,20,36,0,6,16,10,32,0,11,27,30,68,8,88,96,164
08/12/2022,VCT,TX,ASW,CE,Federal Contract Tower,0,5,9,2,16,0,2,6,5,13,0,7,15,7,29,2,2,4,33
08/13/2022,VCT,TX,ASW,CE,Federal Contract Tower,0,1,2,3,6,0,5,4,1,10,0,6,6,4,16,0,4,4,20
08/14/2022,VCT,TX,ASW,CE,Federal Contract Tower,0,6,4,4,14,0,1,4,2,7,0,7,8,6,21,0,6,6,27
08/15/2022,VCT,TX,ASW,CE,Federal Contract Tower,0,3,5,83,91,0,3,15,14,32,0,6,20,97,123,2,138,140,263
08/16/2022,VCT,TX,ASW,CE,Federal Contract Tower,0,3,6,46,55,0,4,19,21,44,0,7,25,67,99,12,196,208,307
08/17/2022,VCT,TX,ASW,CE,Federal Contract Tower,0,4,8,14,26,0,0,20,31,51,0,4,28,45,77,4,208,212,289
08/18/2022,VCT,TX,ASW,CE,Federal Contract Tower,0,5,3,9,17,0,6,13,15,34,0,11,16,24,51,16,118,134,185
08/19/2022,VCT,TX,ASW,CE,Federal Contract Tower,0,7,5,8,20,0,1,7,9,17,0,8,12,17,37,12,40,52,89
08/20/2022,VCT,TX,ASW,CE,Federal Contract Tower,0,2,2,5,9,0,2,4,3,9,0,4,6,8,18,2,8,10,28
08/21/2022,VCT,TX,ASW,CE,Federal Contract Tower,0,2,4,17,23,0,0,5,7,12,0,2,9,24,35,0,38,38,73
08/22/2022,VCT,TX,ASW,CE,Federal Contract Tower,0,3,6,43,52,0,2,8,18,28,0,5,14,61,80,2,122,124,204
08/23/2022,VCT,TX,ASW,CE,Federal Contract Tower,0,4,12,20,36,0,3,8,9,20,0,7,20,29,56,20,50,70,126
08/24/2022,VCT,TX,ASW,CE,Federal Contract Tower,0,4,11,2,17,0,3,3,1,7,0,7,14,3,24,2,0,2,26
08/25/2022,VCT,TX,ASW,CE,Federal Contract Tower,0,4,7,14,25,0,5,5,2,12,0,9,12,16,37,0,26,26,63
08/26/2022,VCT,TX,ASW,CE,Federal Contract Tower,0,4,7,8,19,0,10,9,2,21,0,14,16,10,40,2,6,8,48
08/27/2022,VCT,TX,ASW,CE,Federal Contract Tower,0,4,0,19,23,0,8,12,4,24,0,12,12,23,47,2,20,22,69
08/28/2022,VCT,TX,ASW,CE,Federal Contract Tower,0,2,5,25,32,0,4,11,7,22,0,6,16,32,54,0,94,94,148
08/29/2022,VCT,TX,ASW,CE,Federal Contract Tower,0,4,2,4,10,0,4,3,6,13,0,8,5,10,23,12,16,28,51
08/30/2022,VCT,TX,ASW,CE,Federal Contract Tower,0,3,6,22,31,0,2,4,2,8,0,5,10,24,39,0,20,20,59
08/31/2022,VCT,TX,ASW,CE,Federal Contract Tower,0,6,3,56,65,0,3,14,18,35,0,9,17,74,100,12,202,214,314
09/01/2022,VCT,TX,ASW,CE,Federal Contract Tower,0,5,2,58,65,0,7,6,30,43,0,12,8,88,108,0,160,160,268
09/02/2022,VCT,TX,ASW,CE,Federal Contract Tower,0,4,4,25,33,0,3,10,10,23,0,7,14,35,56,6,110,116,172
09/03/2022,VCT,TX,ASW,CE,Federal Contract Tower,0,2,2,6,10,0,2,3,0,5,0,4,5,6,15,6,4,10,25
09/04/2022,VCT,TX,ASW,CE,Federal Contract Tower,0,2,0,7,9,0,7,0,1,8,0,9,0,8,17,0,8,8,25
09/05/2022,VCT,TX,ASW,CE,Federal Contract Tower,0,3,12,4,19,0,6,12,0,18,0,9,24,4,37,4,4,8,45
09/06/2022,VCT,TX,ASW,CE,Federal Contract Tower,0,4,0,46,50,0,0,9,13,22,0,4,9,59,72,26,120,146,218
09/07/2022,VCT,TX,ASW,CE,Federal Contract Tower,0,2,2,42,46,0,0,18,12,30,0,2,20,54,76,8,96,104,180
09/08/2022,VCT,TX,ASW,CE,Federal Contract Tower,0,4,10,14,28,0,0,8,12,20,0,4,18,26,48,8,128,136,184
09/09/2022,VCT,TX,ASW,CE,Federal Contract Tower,0,7,7,28,42,0,2,8,24,34,0,9,15,52,76,4,96,100,176
09/10/2022,VCT,TX,ASW,CE,Federal Contract Tower,0,1,6,7,14,0,5,22,1,28,0,6,28,8,42,14,8,22,64
09/11/2022,VCT,TX,ASW,CE,Federal Contract Tower,0,2,4,15,21,0,1,24,6,31,0,3,28,21,52,6,42,48,100
09/12/2022,VCT,TX,ASW,CE,Federal Contract Tower,0,3,17,57,77,0,2,14,25,41,0,5,31,82,118,6,254,260,378
09/13/2022,VCT,TX,ASW,CE,Federal Contract Tower,0,2,4,27,33,0,0,9,5,14,0,2,13,32,47,0,116,116,163
09/14/2022,VCT,TX,ASW,CE,Federal Contract Tower,0,4,8,98,110,0,2,17,28,47,0,6,25,126,157,8,284,292,449
09/15/2022,VCT,TX,ASW,CE,Federal Contract Tower,0,4,6,29,39,0,12,15,20,47,0,16,21,49,86,22,268,290,376
09/16/2022,VCT,TX,ASW,CE,Federal Contract Tower,0,5,8,33,46,0,2,17,10,29,0,7,25,43,75,0,144,144,219
09/17/2022,VCT,TX,ASW,CE,Federal Contract Tower,0,1,4,6,11,0,1,13,13,27,0,2,17,19,38,8,98,106,144
09/18/2022,VCT,TX,ASW,CE,Federal Contract Tower,0,2,13,12,27,0,2,19,12,33,0,4,32,24,60,26,76,102,162
09/19/2022,VCT,TX,ASW,CE,Federal Contract Tower,0,3,11,48,62,0,1,5,31,37,0,4,16,79,99,2,268,270,369
09/20/2022,VCT,TX,ASW,CE,Federal Contract Tower,0,2,8,40,50,0,1,13,13,27,0,3,21,53,77,0,152,152,229
09/21/2022,VCT,TX,ASW,CE,Federal Contract Tower,0,4,4,72,80,0,5,12,14,31,0,9,16,86,111,6,188,194,305
09/22/2022,VCT,TX,ASW,CE,Federal Contract Tower,0,4,5,42,51,0,1,28,14,43,0,5,33,56,94,8,84,92,186
09/23/2022,VCT,TX,ASW,CE,Federal Contract Tower,0,4,5,29,38,0,5,8,4,17,0,9,13,33,55,4,106,110,165
09/24/2022,VCT,TX,ASW,CE,Federal Contract Tower,0,0,3,0,3,0,6,5,4,15,0,6,8,4,18,2,30,32,50
09/25/2022,VCT,TX,ASW,CE,Federal Contract Tower,0,2,3,18,23,0,0,14,3,17,0,2,17,21,40,2,28,30,70
09/26/2022,VCT,TX,ASW,CE,Federal Contract Tower,0,4,4,51,59,0,1,11,26,38,0,5,15,77,97,2,303,305,402
09/27/2022,VCT,TX,ASW,CE,Federal Contract Tower,0,3,6,59,68,0,0,10,14,24,0,3,16,73,92,2,136,138,230
09/28/2022,VCT,TX,ASW,CE,Federal Contract Tower,0,5,6,61,72,0,2,18,17,37,0,7,24,78,109,12,164,176,285
09/29/2022,VCT,TX,ASW,CE,Federal Contract Tower,0,5,8,46,59,0,1,21,10,32,0,6,29,56,91,6,214,220,311
09/30/2022,VCT,TX,ASW,CE,Federal Contract Tower,0,5,2,17,24,0,0,16,11,27,0,5,18,28,51,6,140,146,197
10/01/2022,VCT,TX,ASW,CE,Federal Contract Tower,0,2,0,12,14,0,2,15,0,17,0,4,15,12,31,8,8,16,47
10/02/2022,VCT,TX,ASW,CE,Federal Contract Tower,0,3,3,7,13,0,0,28,0,28,0,3,31,7,41,4,6,10,51
10/03/2022,VCT,TX,ASW,CE,Federal Contract Tower,0,4,1,62,67,0,0,17,16,33,0,4,18,78,100,2,122,124,224
10/04/2022,VCT,TX,ASW,CE,Federal Contract Tower,0,2,4,43,49,0,3,17,14,34,0,5,21,57,83,16,222,238,321
10/05/2022,VCT,TX,ASW,CE,Federal Contract Tower,0,5,3,39,47,0,2,21,22,45,0,7,24,61,92,10,186,196,288
10/06/2022,VCT,TX,ASW,CE,Federal Contract Tower,0,5,5,37,47,0,3,15,17,35,0,8,20,54,82,4,110,114,196
10/08/2022,VCT,TX,ASW,CE,Federal Contract Tower,0,2,2,0,4,0,7,19,2,28,0,9,21,2,32,6,2,8,40
10/09/2022,VCT,TX,ASW,CE,Federal Contract Tower,0,3,2,0,5,0,2,10,4,16,0,5,12,4,21,0,28,28,49
10/10/2022,VCT,TX,ASW,CE,Federal Contract Tower,0,4,6,4,14,0,0,18,2,20,0,4,24,6,34,22,2,24,58
10/11/2022,VCT,TX,ASW,CE,Federal Contract Tower,0,2,8,65,75,0,3,10,37,50,0,5,18,102,125,4,238,242,367
10/12/2022,VCT,TX,ASW,CE,Federal Contract Tower,0,5,11,44,60,0,2,16,12,30,0,7,27,56,90,22,116,138,228
10/13/2022,VCT,TX,ASW,CE,Federal Contract Tower,0,5,8,9,22,0,2,10,16,28,0,7,18,25,50,2,56,58,108
10/14/2022,VCT,TX,ASW,CE,Federal Contract Tower,0,5,11,36,52,0,8,5,3,16,0,13,16,39,68,6,52,58,126
10/15/2022,VCT,TX,ASW,CE,Federal Contract Tower,0,2,2,17,21,0,3,12,3,18,0,5,14,20,39,4,30,34,73
10/16/2022,VCT,TX,ASW,CE,Federal Contract Tower,0,3,4,0,7,0,0,11,0,11,0,3,15,0,18,12,0,12,30
10/17/2022,VCT,TX,ASW,CE,Federal Contract Tower,0,4,8,6,18,0,4,1,2,7,0,8,9,8,25,0,42,42,67
10/18/2022,VCT,TX,ASW,CE,Federal Contract Tower,0,3,12,30,45,0,2,12,8,22,0,5,24,38,67,16,246,262,329
10/19/2022,VCT,TX,ASW,CE,Federal Contract Tower,0,5,7,18,30,0,1,14,41,56,0,6,21,59,86,8,180,188,274
10/20/2022,VCT,TX,ASW,CE,Federal Contract Tower,0,5,10,15,30,0,1,19,17,37,0,6,29,32,67,2,144,146,213
10/21/2022,VCT,TX,ASW,CE,Federal Contract Tower,0,5,7,30,42,0,4,19,12,35,0,9,26,42,77,2,124,126,203
10/22/2022,VCT,TX,ASW,CE,Federal Contract Tower,0,2,2,22,26,0,2,18,14,34,0,4,20,36,60,2,106,108,168
10/23/2022,VCT,TX,ASW,CE,Federal Contract Tower,0,3,4,4,11,0,1,6,7,14,0,4,10,11,25,10,36,46,71
10/24/2022,VCT,TX,ASW,CE,Federal Contract Tower,0,6,3,45,54,0,1,3,12,16,0,7,6,57,70,10,222,232,302
10/25/2022,VCT,TX,ASW,CE,Federal Contract Tower,0,4,4,32,40,0,2,5,29,36,0,6,9,61,76,2,140,142,218
10/26/2022,VCT,TX,ASW,CE,Federal Contract Tower,0,8,6,60,74,0,6,23,31,60,0,14,29,91,134,2,298,300,434
10/27/2022,VCT,TX,ASW,CE,Federal Contract Tower,0,9,5,46,60,0,7,18,33,58,0,16,23,79,118,4,270,274,392
10/28/2022,VCT,TX,ASW,CE,Federal Contract Tower,0,7,2,6,15,0,2,0,0,2,0,9,2,6,17,0,4,4,21
10/29/2022,VCT,TX,ASW,CE,Federal Contract Tower,0,2,2,6,10,0,6,12,6,24,0,8,14,12,34,0,72,72,106
10/30/2022,VCT,TX,ASW,CE,Federal Contract Tower,0,3,2,0,5,0,2,11,2,15,0,5,13,2,20,2,8,10,30
10/31/2022,VCT,TX,ASW,CE,Federal Contract Tower,0,6,7,45,58,0,3,13,30,46,0,9,20,75,104,2,308,310,414
11/01/2022,VCT,TX,ASW,CE,Federal Contract Tower,0,3,16,31,50,0,0,0,1,1,0,3,16,32,51,4,50,54,105
11/02/2022,VCT,TX,ASW,CE,Federal Contract Tower,0,8,13,80,101,0,3,5,6,14,0,11,18,86,115,4,294,298,413
11/03/2022,VCT,TX,ASW,CE,Federal Contract Tower,0,6,12,25,43,0,4,8,10,22,0,10,20,35,65,0,100,100,165
11/04/2022,VCT,TX,ASW,CE,Federal Contract Tower,0,7,10,19,36,0,0,2,12,14,0,7,12,31,50,2,14,16,66
11/05/2022,VCT,TX,ASW,CE,Federal Contract Tower,0,4,4,24,32,0,8,25,10,43,0,12,29,34,75,2,38,40,115
11/06/2022,VCT,TX,ASW,CE,Federal Contract Tower,0,5,4,7,16,0,2,8,5,15,0,7,12,12,31,4,32,36,67
11/07/2022,VCT,TX,ASW,CE,Federal Contract Tower,0,3,4,91,98,0,4,12,13,29,0,7,16,104,127,18,262,280,407
11/08/2022,VCT,TX,ASW,CE,Federal Contract Tower,0,2,12,82,96,0,6,5,6,17,0,8,17,88,113,4,98,102,215
11/09/2022,VCT,TX,ASW,CE,Federal Contract Tower,0,8,7,80,95,0,4,9,6,19,0,12,16,86,114,0,128,128,242
11/10/2022,VCT,TX,ASW,CE,Federal Contract Tower,0,5,6,37,48,0,4,14,23,41,0,9,20,60,89,6,170,176,265
11/11/2022,VCT,TX,ASW,CE,Federal Contract Tower,0,6,8,9,23,0,2,10,1,13,0,8,18,10,36,2,4,6,42
11/12/2022,VCT,TX,ASW,CE,Federal Contract Tower,0,2,6,7,15,0,3,12,6,21,0,5,18,13,36,2,60,62,98
11/13/2022,VCT,TX,ASW,CE,Federal Contract Tower,0,3,5,2,10,0,4,16,2,22,0,7,21,4,32,4,14,18,50
11/14/2022,VCT,TX,ASW,CE,Federal Contract Tower,0,7,3,18,28,0,6,0,0,6,0,13,3,18,34,2,16,18,52
11/15/2022,VCT,TX,ASW,CE,Federal Contract Tower,0,3,11,10,24,0,4,8,12,24,0,7,19,22,48,2,152,154,202
11/16/2022,VCT,TX,ASW,CE,Federal Contract Tower,0,12,4,46,62,0,0,15,34,49,0,12,19,80,111,8,260,268,379
11/17/2022,VCT,TX,ASW,CE,Federal Contract Tower,0,7,5,11,23,0,0,11,7,18,0,7,16,18,41,22,120,142,183
11/18/2022,VCT,TX,ASW,CE,Federal Contract Tower,0,5,18,43,66,0,13,2,12,27,0,18,20,55,93,2,158,160,253
11/19/2022,VCT,TX,ASW,CE,Federal Contract Tower,0,2,1,0,3,0,0,1,0,1,0,2,2,0,4,0,0,0,4
11/20/2022,VCT,TX,ASW,CE,Federal Contract Tower,0,3,1,22,26,0,0,9,2,11,0,3,10,24,37,4,26,30,67
11/21/2022,VCT,TX,ASW,CE,Federal Contract Tower,0,6,2,19,27,0,1,0,0,1,0,7,2,19,28,0,14,14,42
11/22/2022,VCT,TX,ASW,CE,Federal Contract Tower,0,5,16,48,69,0,2,0,1,3,0,7,16,49,72,4,66,70,142
11/23/2022,VCT,TX,ASW,CE,Federal Contract Tower,0,5,4,7,16,0,1,5,4,10,0,6,9,11,26,2,26,28,54
11/24/2022,VCT,TX,ASW,CE,Federal Contract Tower,0,1,0,0,1,0,0,0,0,0,0,1,0,0,1,0,0,0,1
11/25/2022,VCT,TX,ASW,CE,Federal Contract Tower,0,5,1,0,6,0,0,0,0,0,0,5,1,0,6,0,0,0,6
11/26/2022,VCT,TX,ASW,CE,Federal Contract Tower,0,2,3,4,9,0,3,16,0,19,0,5,19,4,28,20,4,24,52
11/27/2022,VCT,TX,ASW,CE,Federal Contract Tower,0,3,8,7,18,0,1,22,1,24,0,4,30,8,42,6,18,24,66
11/28/2022,VCT,TX,ASW,CE,Federal Contract Tower,0,4,3,56,63,0,2,23,18,43,0,6,26,74,106,8,432,440,546
11/29/2022,VCT,TX,ASW,CE,Federal Contract Tower,0,10,5,56,71,0,7,8,8,23,0,17,13,64,94,10,120,130,224
11/30/2022,VCT,TX,ASW,CE,Federal Contract Tower,0,8,6,66,80,0,9,14,23,46,0,17,20,89,126,12,164,176,302
12/01/2022,VCT,TX,ASW,CE,Federal Contract Tower,0,5,7,28,40,0,4,3,14,21,0,9,10,42,61,2,96,98,159
12/02/2022,VCT,TX,ASW,CE,Federal Contract Tower,0,4,5,8,17,0,0,0,0,0,0,4,5,8,17,0,8,8,25
12/03/2022,VCT,TX,ASW,CE,Federal Contract Tower,0,3,4,8,15,0,1,0,0,1,0,4,4,8,16,4,6,10,26
12/04/2022,VCT,TX,ASW,CE,Federal Contract Tower,0,3,2,7,12,0,2,4,0,6,0,5,6,7,18,16,4,20,38
12/05/2022,VCT,TX,ASW,CE,Federal Contract Tower,0,4,15,15,34,0,3,8,10,21,0,7,23,25,55,10,56,66,121
12/06/2022,VCT,TX,ASW,CE,Federal Contract Tower,0,4,15,15,34,0,1,6,18,25,0,5,21,33,59,8,136,144,203
12/07/2022,VCT,TX,ASW,CE,Federal Contract Tower,0,6,6,7,19,0,4,15,4,23,0,10,21,11,42,14,34,48,90
12/08/2022,VCT,TX,ASW,CE,Federal Contract Tower,0,4,3,2,9,0,2,9,10,21,0,6,12,12,30,0,36,36,66
12/09/2022,VCT,TX,ASW,CE,Federal Contract Tower,0,6,8,6,20,0,5,5,6,16,0,11,13,12,36,20,6,26,62
12/10/2022,VCT,TX,ASW,CE,Federal Contract Tower,0,3,3,11,17,0,1,1,4,6,0,4,4,15,23,0,30,30,53
12/11/2022,VCT,TX,ASW,CE,Federal Contract Tower,0,2,2,6,10,0,2,4,0,6,0,4,6,6,16,2,18,20,36
12/12/2022,VCT,TX,ASW,CE,Federal Contract Tower,0,4,16,24,44,0,2,2,1,5,0,6,18,25,49,6,16,22,71
12/13/2022,VCT,TX,ASW,CE,Federal Contract Tower,0,4,23,47,74,0,2,4,14,20,0,6,27,61,94,4,56,60,154
12/14/2022,VCT,TX,ASW,CE,Federal Contract Tower,0,4,9,45,58,0,0,6,8,14,0,4,15,53,72,0,164,164,236
12/15/2022,VCT,TX,ASW,CE,Federal Contract Tower,0,4,10,65,79,0,2,28,54,84,0,6,38,119,163,28,488,516,679
12/16/2022,VCT,TX,ASW,CE,Federal Contract Tower,0,5,8,39,52,0,2,8,23,33,0,7,16,62,85,22,196,218,303
12/18/2022,VCT,TX,ASW,CE,Federal Contract Tower,0,2,12,13,27,0,0,14,9,23,0,2,26,22,50,2,104,106,156
12/19/2022,VCT,TX,ASW,CE,Federal Contract Tower,0,5,5,0,10,0,0,0,0,0,0,5,5,0,10,0,0,0,10
12/21/2022,VCT,TX,ASW,CE,Federal Contract Tower,0,4,14,50,68,0,4,7,0,11,0,8,21,50,79,2,30,32,111
12/22/2022,VCT,TX,ASW,CE,Federal Contract Tower,0,5,1,22,28,0,3,6,5,14,0,8,7,27,42,2,18,20,62
12/23/2022,VCT,TX,ASW,CE,Federal Contract Tower,0,6,5,0,11,0,6,10,0,16,0,12,15,0,27,0,0,0,27
12/24/2022,VCT,TX,ASW,CE,Federal Contract Tower,0,5,0,0,5,0,2,8,0,10,0,7,8,0,15,2,0,2,17
12/25/2022,VCT,TX,ASW,CE,Federal Contract Tower,0,2,3,0,5,0,0,6,0,6,0,2,9,0,11,0,0,0,11
12/26/2022,VCT,TX,ASW,CE,Federal Contract Tower,0,5,6,0,11,0,0,20,0,20,0,5,26,0,31,16,0,16,47
12/27/2022,VCT,TX,ASW,CE,Federal Contract Tower,0,4,1,6,11,0,0,18,2,20,0,4,19,8,31,0,14,14,45
12/28/2022,VCT,TX,ASW,CE,Federal Contract Tower,0,5,4,17,26,0,1,21,18,40,0,6,25,35,66,0,86,86,152
12/29/2022,VCT,TX,ASW,CE,Federal Contract Tower,0,4,2,19,25,0,4,5,4,13,0,8,7,23,38,0,20,20,58
12/30/2022,VCT,TX,ASW,CE,Federal Contract Tower,0,4,8,1,13,0,7,7,1,15,0,11,15,2,28,0,0,0,28
12/31/2022,VCT,TX,ASW,CE,Federal Contract Tower,0,3,2,0,5,0,3,12,1,16,0,6,14,1,21,2,0,2,23
01/01/2023,VCT,TX,ASW,CE,Federal Contract Tower,0,2,1,0,3,0,2,0,0,2,0,4,1,0,5,0,0,0,5
01/02/2023,VCT,TX,ASW,CE,Federal Contract Tower,0,2,9,0,11,0,1,1,0,2,0,3,10,0,13,0,0,0,13
01/03/2023,VCT,TX,ASW,CE,Federal Contract Tower,0,4,1,25,30,0,2,12,8,22,0,6,13,33,52,4,140,144,196
01/04/2023,VCT,TX,ASW,CE,Federal Contract Tower,0,4,6,19,29,0,3,26,27,56,0,7,32,46,85,8,170,178,263
01/05/2023,VCT,TX,ASW,CE,Federal Contract Tower,0,5,2,29,36,0,2,21,10,33,0,7,23,39,69,8,132,140,209
01/06/2023,VCT,TX,ASW,CE,Federal Contract Tower,0,5,9,42,56,0,4,7,22,33,0,9,16,64,89,4,248,252,341
01/07/2023,VCT,TX,ASW,CE,Federal Contract Tower,0,3,6,4,13,0,2,3,2,7,0,5,9,6,20,22,24,46,66
01/08/2023,VCT,TX,ASW,CE,Federal Contract Tower,0,2,0,11,13,0,0,21,4,25,0,2,21,15,38,8,58,66,104
01/09/2023,VCT,TX,ASW,CE,Federal Contract Tower,0,4,6,32,42,0,5,6,10,21,0,9,12,42,63,2,82,84,147
01/10/2023,VCT,TX,ASW,CE,Federal Contract Tower,0,4,5,31,40,0,2,11,6,19,0,6,16,37,59,4,66,70,129
01/11/2023,VCT,TX,ASW,CE,Federal Contract Tower,0,5,0,49,54,0,2,13,11,26,0,7,13,60,80,2,114,116,196
01/12/2023,VCT,TX,ASW,CE,Federal Contract Tower,0,4,14,42,60,0,4,10,14,28,0,8,24,56,88,10,42,52,140
01/13/2023,VCT,TX,ASW,CE,Federal Contract Tower,0,4,11,30,45,0,0,16,24,40,0,4,27,54,85,6,70,76,161
01/14/2023,VCT,TX,ASW,CE,Federal Contract Tower,0,3,6,10,19,0,2,27,4,33,0,5,33,14,52,16,26,42,94
01/15/2023,VCT,TX,ASW,CE,Federal Contract Tower,0,2,7,5,14,0,1,3,3,7,0,3,10,8,21,2,4,6,27
01/16/2023,VCT,TX,ASW,CE,Federal Contract Tower,0,6,4,14,24,0,6,4,2,12,0,12,8,16,36,6,28,34,70
01/17/2023,VCT,TX,ASW,CE,Federal Contract Tower,0,6,4,50,60,0,9,4,7,20,0,15,8,57,80,2,63,65,145
01/18/2023,VCT,TX,ASW,CE,Federal Contract Tower,0,5,5,53,63,0,0,13,10,23,0,5,18,63,86,10,194,204,290
01/19/2023,VCT,TX,ASW,CE,Federal Contract Tower,0,6,9,32,47,0,12,49,9,70,0,18,58,41,117,18,98,116,233
01/20/2023,VCT,TX,ASW,CE,Federal Contract Tower,0,5,7,64,76,0,1,10,13,24,0,6,17,77,100,0,122,122,222
01/21/2023,VCT,TX,ASW,CE,Federal Contract Tower,0,3,0,18,21,0,3,0,9,12,0,6,0,27,33,0,60,60,93
01/22/2023,VCT,TX,ASW,CE,Federal Contract Tower,0,2,3,25,30,0,4,33,8,45,0,6,36,33,75,8,30,38,113
01/23/2023,VCT,TX,ASW,CE,Federal Contract Tower,0,5,8,63,76,0,2,17,25,44,0,7,25,88,120,14,236,250,370
01/24/2023,VCT,TX,ASW,CE,Federal Contract Tower,0,4,6,16,26,0,0,0,2,2,0,4,6,18,28,0,36,36,64
01/25/2023,VCT,TX,ASW,CE,Federal Contract Tower,0,5,15,29,49,0,5,8,26,39,0,10,23,55,88,4,152,156,244
01/26/2023,VCT,TX,ASW,CE,Federal Contract Tower,4,5,0,30,39,0,1,10,34,45,4,6,10,64,84,6,276,282,366
01/27/2023,VCT,TX,ASW,CE,Federal Contract Tower,0,5,11,23,39,0,3,6,12,21,0,8,17,35,60,0,48,48,108
01/28/2023,VCT,TX,ASW,CE,Federal Contract Tower,0,3,0,16,19,0,0,0,1,1,0,3,0,17,20,0,16,16,36
01/29/2023,VCT,TX,ASW,CE,Federal Contract Tower,0,4,9,2,15,0,0,0,0,0,0,4,9,2,15,0,2,2,17
01/30/2023,VCT,TX,ASW,CE,Federal Contract Tower,0,3,5,0,8,0,0,0,0,0,0,3,5,0,8,2,0,2,10
01/31/2023,VCT,TX,ASW,CE,Federal Contract Tower,0,4,4,0,8,0,0,0,0,0,0,4,4,0,8,2,0,2,10
02/01/2023,VCT,TX,ASW,CE,Federal Contract Tower,0,4,2,0,6,0,0,0,0,0,0,4,2,0,6,0,0,0,6
02/02/2023,VCT,TX,ASW,CE,Federal Contract Tower,0,4,4,23,31,0,0,0,0,0,0,4,4,23,31,2,14,16,47
02/03/2023,VCT,TX,ASW,CE,Federal Contract Tower,0,4,16,18,38,0,1,6,7,14,0,5,22,25,52,6,74,80,132
02/04/2023,VCT,TX,ASW,CE,Federal Contract Tower,0,1,2,4,7,0,1,8,2,11,0,2,10,6,18,4,10,14,32
02/05/2023,VCT,TX,ASW,CE,Federal Contract Tower,0,4,5,22,31,0,1,27,11,39,0,5,32,33,70,32,74,106,176
02/06/2023,VCT,TX,ASW,CE,Federal Contract Tower,0,4,3,78,85,0,2,7,22,31,0,6,10,100,116,0,234,234,350
02/07/2023,VCT,TX,ASW,CE,Federal Contract Tower,0,2,1,51,54,0,0,2,15,17,0,2,3,66,71,0,90,90,161
02/08/2023,VCT,TX,ASW,CE,Federal Contract Tower,0,4,10,15,29,0,0,5,5,10,0,4,15,20,39,0,46,46,85
02/09/2023,VCT,TX,ASW,CE,Federal Contract Tower,0,4,7,71,82,0,0,27,15,42,0,4,34,86,124,16,166,182,306
02/10/2023,VCT,TX,ASW,CE,Federal Contract Tower,0,7,9,19,35,0,1,6,17,24,0,8,15,36,59,2,72,74,133
02/11/2023,VCT,TX,ASW,CE,Federal Contract Tower,0,2,4,2,8,0,2,11,2,15,0,4,15,4,23,18,2,20,43
02/12/2023,VCT,TX,ASW,CE,Federal Contract Tower,0,2,4,10,16,0,0,29,6,35,0,2,33,16,51,36,30,66,117
02/13/2023,VCT,TX,ASW,CE,Federal Contract Tower,0,4,10,66,80,0,3,13,20,36,0,7,23,86,116,12,146,158,274
02/14/2023,VCT,TX,ASW,CE,Federal Contract Tower,0,2,12,50,64,0,2,8,15,25,0,4,20,65,89,2,136,138,227
02/15/2023,VCT,TX,ASW,CE,Federal Contract Tower,0,7,0,47,54,0,1,2,2,5,0,8,2,49,59,0,60,60,119
02/16/2023,VCT,TX,ASW,CE,Federal Contract Tower,0,6,11,36,53,0,3,5,6,14,0,9,16,42,67,0,142,142,209
02/17/2023,VCT,TX,ASW,CE,Federal Contract Tower,0,5,8,24,37,0,2,12,13,27,0,7,20,37,64,10,206,216,280
02/18/2023,VCT,TX,ASW,CE,Federal Contract Tower,0,1,6,17,24,0,4,15,1,20,0,5,21,18,44,22,16,38,82
02/19/2023,VCT,TX,ASW,CE,Federal Contract Tower,0,2,5,2,9,0,2,19,0,21,0,4,24,2,30,16,0,16,46
02/20/2023,VCT,TX,ASW,CE,Federal Contract Tower,0,2,4,8,14,0,0,0,6,6,0,2,4,14,20,2,60,62,82
02/21/2023,VCT,TX,ASW,CE,Federal Contract Tower,0,2,7,19,28,0,1,5,9,15,0,3,12,28,43,2,34,36,79
02/22/2023,VCT,TX,ASW,CE,Federal Contract Tower,0,4,9,42,55,0,0,11,11,22,0,4,20,53,77,8,96,104,181
02/23/2023,VCT,TX,ASW,CE,Federal Contract Tower,0,8,6,4,18,0,2,4,0,6,0,10,10,4,24,0,0,0,24
02/24/2023,VCT,TX,ASW,CE,Federal Contract Tower,0,3,9,22,34,0,0,3,3,6,0,3,12,25,40,0,26,26,66
02/25/2023,VCT,TX,ASW,CE,Federal Contract Tower,0,1,5,13,19,0,0,5,0,5,0,1,10,13,24,4,12,16,40
02/26/2023,VCT,TX,ASW,CE,Federal Contract Tower,0,2,9,30,41,0,0,0,7,7,0,2,9,37,48,2,40,42,90
02/27/2023,VCT,TX,ASW,CE,Federal Contract Tower,0,7,7,33,47,0,8,9,15,32,0,15,16,48,79,18,138,156,235
02/28/2023,VCT,TX,ASW,CE,Federal Contract Tower,0,4,13,22,39,0,2,5,5,12,0,6,18,27,51,2,46,48,99
03/01/2023,VCT,TX,ASW,CE,Federal Contract Tower,0,4,5,31,40,0,5,0,4,9,0,9,5,35,49,0,28,28,77
03/02/2023,VCT,TX,ASW,CE,Federal Contract Tower,0,4,5,56,65,0,0,2,0,2,0,4,7,56,67,2,50,52,119
03/03/2023,VCT,TX,ASW,CE,Federal Contract Tower,0,6,8,27,41,0,4,15,11,30,0,10,23,38,71,10,78,88,159
03/04/2023,VCT,TX,ASW,CE,Federal Contract Tower,0,4,7,16,27,0,2,24,4,30,0,6,31,20,57,14,62,76,133
03/05/2023,VCT,TX,ASW,CE,Federal Contract Tower,0,2,3,7,12,0,0,17,3,20,0,2,20,10,32,4,40,44,76
03/06/2023,VCT,TX,ASW,CE,Federal Contract Tower,0,3,5,12,20,0,6,7,7,20,0,9,12,19,40,0,18,18,58
03/07/2023,VCT,TX,ASW,CE,Federal Contract Tower,0,3,9,43,55,0,4,11,8,23,0,7,20,51,78,2,58,60,138
03/08/2023,VCT,TX,ASW,CE,Federal Contract Tower,0,5,19,60,84,0,8,11,14,33,0,13,30,74,117,6,128,134,251
03/09/2023,VCT,TX,ASW,CE,Federal Contract Tower,0,3,2,40,45,0,2,12,24,38,0,5,14,64,83,6,132,138,221
03/10/2023,VCT,TX,ASW,CE,Federal Contract Tower,0,4,6,18,28,0,2,13,6,21,0,6,19,24,49,2,56,58,107
03/11/2023,VCT,TX,ASW,CE,Federal Contract Tower,0,1,1,16,18,0,2,5,4,11,0,3,6,20,29,10,54,64,93
03/12/2023,VCT,TX,ASW,CE,Federal Contract Tower,0,3,2,0,5,0,0,6,3,9,0,3,8,3,14,6,36,42,56
03/13/2023,VCT,TX,ASW,CE,Federal Contract Tower,0,5,4,46,55,0,1,12,17,30,0,6,16,63,85,8,102,110,195
03/14/2023,VCT,TX,ASW,CE,Federal Contract Tower,0,3,10,113,126,0,2,14,32,48,0,5,24,145,174,8,286,294,468
03/15/2023,VCT,TX,ASW,CE,Federal Contract Tower,0,4,5,43,52,0,1,13,29,43,0,5,18,72,95,4,216,220,315
03/16/2023,VCT,TX,ASW,CE,Federal Contract Tower,0,4,2,22,28,0,3,0,4,7,0,7,2,26,35,0,28,28,63
03/17/2023,VCT,TX,ASW,CE,Federal Contract Tower,0,6,4,10,20,0,2,0,2,4,0,8,4,12,24,0,54,54,78
03/18/2023,VCT,TX,ASW,CE,Federal Contract Tower,0,2,3,0,5,0,1,2,2,5,0,3,5,2,10,0,0,0,10
03/19/2023,VCT,TX,ASW,CE,Federal Contract Tower,0,5,6,8,19,0,1,14,2,17,0,6,20,10,36,24,18,42,78
03/20/2023,VCT,TX,ASW,CE,Federal Contract Tower,0,3,8,48,59,0,0,4,17,21,0,3,12,65,80,4,142,146,226
03/21/2023,VCT,TX,ASW,CE,Federal Contract Tower,0,6,5,61,72,0,1,1,1,3,0,7,6,62,75,0,42,42,117
03/22/2023,VCT,TX,ASW,CE,Federal Contract Tower,0,9,13,102,124,0,2,12,16,30,0,11,25,118,154,10,170,180,334
03/23/2023,VCT,TX,ASW,CE,Federal Contract Tower,0,4,9,47,60,0,3,8,0,11,0,7,17,47,71,4,60,64,135
03/24/2023,VCT,TX,ASW,CE,Federal Contract Tower,0,5,9,19,33,0,0,6,0,6,0,5,15,19,39,10,28,38,77
03/25/2023,VCT,TX,ASW,CE,Federal Contract Tower,0,3,4,4,11,0,5,29,12,46,0,8,33,16,57,12,24,36,93
03/26/2023,VCT,TX,ASW,CE,Federal Contract Tower,0,3,9,18,30,0,0,1,0,1,0,3,10,18,31,2,16,18,49
03/27/2023,VCT,TX,ASW,CE,Federal Contract Tower,0,3,11,21,35,0,2,9,3,14,0,5,20,24,49,6,30,36,85
03/28/2023,VCT,TX,ASW,CE,Federal Contract Tower,0,2,3,13,18,0,4,9,10,23,0,6,12,23,41,0,68,68,109
03/29/2023,VCT,TX,ASW,CE,Federal Contract Tower,0,3,25,63,91,0,1,18,6,25,0,4,43,69,116,12,154,166,282
03/30/2023,VCT,TX,ASW,CE,Federal Contract Tower,0,4,15,48,67,0,2,9,1,12,0,6,24,49,79,4,48,52,131
03/31/2023,VCT,TX,ASW,CE,Federal Contract Tower,0,5,7,45,57,0,4,12,8,24,0,9,19,53,81,8,100,108,189
04/01/2023,VCT,TX,ASW,CE,Federal Contract Tower,0,5,3,7,15,0,4,8,1,13,0,9,11,8,28,2,6,8,36
04/02/2023,VCT,TX,ASW,CE,Federal Contract Tower,0,3,4,12,19,0,0,5,3,8,0,3,9,15,27,2,18,20,47
04/03/2023,VCT,TX,ASW,CE,Federal Contract Tower,0,4,10,15,29,0,0,4,1,5,0,4,14,16,34,0,12,12,46
04/04/2023,VCT,TX,ASW,CE,Federal Contract Tower,0,3,7,55,65,0,0,4,2,6,0,3,11,57,71,0,64,64,135
04/05/2023,VCT,TX,ASW,CE,Federal Contract Tower,0,6,10,4,20,0,0,0,4,4,0,6,10,8,24,0,12,12,36
04/06/2023,VCT,TX,ASW,CE,Federal Contract Tower,0,4,4,2,10,0,0,0,0,0,0,4,4,2,10,0,2,2,12
04/07/2023,VCT,TX,ASW,CE,Federal Contract Tower,0,4,8,0,12,0,0,0,0,0,0,4,8,0,12,0,0,0,12
04/08/2023,VCT,TX,ASW,CE,Federal Contract Tower,0,2,2,8,12,0,1,8,0,9,0,3,10,8,21,8,8,16,37
04/09/2023,VCT,TX,ASW,CE,Federal Contract Tower,0,3,6,20,29,0,2,4,1,7,0,5,10,21,36,4,44,48,84
04/10/2023,VCT,TX,ASW,CE,Federal Contract Tower,0,4,16,30,50,0,1,16,18,35,0,5,32,48,85,26,82,108,193
04/11/2023,VCT,TX,ASW,CE,Federal Contract Tower,0,3,2,60,65,0,1,8,28,37,0,4,10,88,102,2,188,190,292
04/12/2023,VCT,TX,ASW,CE,Federal Contract Tower,0,5,5,38,48,0,2,23,15,40,0,7,28,53,88,8,104,112,200
04/13/2023,VCT,TX,ASW,CE,Federal Contract Tower,0,4,1,37,42,0,14,15,29,58,0,18,16,66,100,10,154,164,264
04/14/2023,VCT,TX,ASW,CE,Federal Contract Tower,0,8,14,66,88,0,14,0,3,17,0,22,14,69,105,4,67,71,176
04/15/2023,VCT,TX,ASW,CE,Federal Contract Tower,0,1,3,3,7,0,1,5,4,10,0,2,8,7,17,4,10,14,31
04/16/2023,VCT,TX,ASW,CE,Federal Contract Tower,0,3,5,6,14,0,11,5,10,26,0,14,10,16,40,4,60,64,104
04/17/2023,VCT,TX,ASW,CE,Federal Contract Tower,0,6,11,53,70,0,3,23,27,53,0,9,34,80,123,8,322,330,453
04/18/2023,VCT,TX,ASW,CE,Federal Contract Tower,0,7,7,39,53,0,0,6,12,18,0,7,13,51,71,4,98,102,173
04/19/2023,VCT,TX,ASW,CE,Federal Contract Tower,0,5,13,50,68,0,7,11,17,35,0,12,24,67,103,6,274,280,383
04/20/2023,VCT,TX,ASW,CE,Federal Contract Tower,0,5,13,37,55,0,3,4,3,10,0,8,17,40,65,6,68,74,139
04/21/2023,VCT,TX,ASW,CE,Federal Contract Tower,0,5,10,26,41,0,3,12,5,20,0,8,22,31,61,10,138,148,209
04/22/2023,VCT,TX,ASW,CE,Federal Contract Tower,0,3,3,19,25,0,3,19,0,22,0,6,22,19,47,24,36,60,107
04/23/2023,VCT,TX,ASW,CE,Federal Contract Tower,0,3,2,1,6,0,1,1,3,5,0,4,3,4,11,0,12,12,23
04/24/2023,VCT,TX,ASW,CE,Federal Contract Tower,0,4,7,75,86,0,1,8,29,38,0,5,15,104,124,2,326,328,452
04/25/2023,VCT,TX,ASW,CE,Federal Contract Tower,0,3,17,46,66,0,0,5,6,11,0,3,22,52,77,4,66,70,147
04/26/2023,VCT,TX,ASW,CE,Federal Contract Tower,0,5,7,35,47,0,0,2,10,12,0,5,9,45,59,0,68,68,127
04/27/2023,VCT,TX,ASW,CE,Federal Contract Tower,0,6,3,31,40,0,5,7,21,33,0,11,10,52,73,8,128,136,209
04/28/2023,VCT,TX,ASW,CE,Federal Contract Tower,0,4,8,25,37,0,2,10,16,28,0,6,18,41,65,4,78,82,147
04/29/2023,VCT,TX,ASW,CE,Federal Contract Tower,0,2,6,4,12,0,0,5,2,7,0,2,11,6,19,0,6,6,25
04/30/2023,VCT,TX,ASW,CE,Federal Contract Tower,0,4,6,24,34,0,1,25,7,33,0,5,31,31,67,34,58,92,159
05/01/2023,VCT,TX,ASW,CE,Federal Contract Tower,0,6,4,23,33,0,1,24,22,47,0,7,28,45,80,6,70,76,156
05/02/2023,VCT,TX,ASW,CE,Federal Contract Tower,0,4,8,56,68,0,2,13,28,43,0,6,21,84,111,4,216,220,331
05/03/2023,VCT,TX,ASW,CE,Federal Contract Tower,0,5,12,78,95,0,4,16,5,25,0,9,28,83,120,22,102,124,244
05/04/2023,VCT,TX,ASW,CE,Federal Contract Tower,0,6,13,30,49,0,4,3,2,9,0,10,16,32,58,8,10,18,76
05/05/2023,VCT,TX,ASW,CE,Federal Contract Tower,0,10,18,22,50,0,2,4,8,14,0,12,22,30,64,6,64,70,134
05/06/2023,VCT,TX,ASW,CE,Federal Contract Tower,0,3,9,12,24,0,0,4,0,4,0,3,13,12,28,2,12,14,42
05/07/2023,VCT,TX,ASW,CE,Federal Contract Tower,0,4,8,0,12,0,1,2,0,3,0,5,10,0,15,0,0,0,15
05/08/2023,VCT,TX,ASW,CE,Federal Contract Tower,0,4,7,76,87,0,2,6,7,15,0,6,13,83,102,2,140,142,244
05/09/2023,VCT,TX,ASW,CE,Federal Contract Tower,0,6,8,4,18,0,0,3,1,4,0,6,11,5,22,0,4,4,26
05/10/2023,VCT,TX,ASW,CE,Federal Contract Tower,0,4,2,26,32,0,3,5,0,8,0,7,7,26,40,2,26,28,68
05/11/2023,VCT,TX,ASW,CE,Federal Contract Tower,0,8,11,58,77,0,5,6,10,21,0,13,17,68,98,4,152,156,254
05/12/2023,VCT,TX,ASW,CE,Federal Contract Tower,0,6,11,86,103,0,0,7,10,17,0,6,18,96,120,12,164,176,296
05/13/2023,VCT,TX,ASW,CE,Federal Contract Tower,0,2,0,8,10,0,2,4,0,6,0,4,4,8,16,4,6,10,26
05/14/2023,VCT,TX,ASW,CE,Federal Contract Tower,0,2,2,12,16,0,4,2,0,6,0,6,4,12,22,6,12,18,40
05/15/2023,VCT,TX,ASW,CE,Federal Contract Tower,0,4,3,25,32,0,2,16,4,22,0,6,19,29,54,8,44,52,106
05/16/2023,VCT,TX,ASW,CE,Federal Contract Tower,0,4,7,4,15,0,0,10,11,21,0,4,17,15,36,10,74,84,120
05/17/2023,VCT,TX,ASW,CE,Federal Contract Tower,0,6,10,52,68,0,6,31,22,59,0,12,41,74,127,14,276,290,417
05/18/2023,VCT,TX,ASW,CE,Federal Contract Tower,0,6,6,33,45,0,2,29,21,52,0,8,35,54,97,16,86,102,199
05/19/2023,VCT,TX,ASW,CE,Federal Contract Tower,0,5,16,42,63,0,0,20,22,42,0,5,36,64,105,26,118,144,249
05/20/2023,VCT,TX,ASW,CE,Federal Contract Tower,0,2,9,4,15,0,0,7,2,9,0,2,16,6,24,6,4,10,34
05/21/2023,VCT,TX,ASW,CE,Federal Contract Tower,0,3,4,14,21,0,2,4,2,8,0,5,8,16,29,4,22,26,55
05/22/2023,VCT,TX,ASW,CE,Federal Contract Tower,0,7,6,38,51,0,5,3,23,31,0,12,9,61,82,4,125,129,211
05/23/2023,VCT,TX,ASW,CE,Federal Contract Tower,0,7,9,79,95,0,5,15,21,41,0,12,24,100,136,12,151,163,299
05/24/2023,VCT,TX,ASW,CE,Federal Contract Tower,0,4,6,36,46,0,2,13,50,65,0,6,19,86,111,0,132,132,243
05/25/2023,VCT,TX,ASW,CE,Federal Contract Tower,0,5,11,42,58,0,4,16,13,33,0,9,27,55,91,2,56,58,149
05/26/2023,VCT,TX,ASW,CE,Federal Contract Tower,0,7,10,18,35,0,2,16,2,20,0,9,26,20,55,4,32,36,91
05/27/2023,VCT,TX,ASW,CE,Federal Contract Tower,0,4,0,0,4,0,0,43,0,43,0,4,43,0,47,12,0,12,59
05/28/2023,VCT,TX,ASW,CE,Federal Contract Tower,0,4,0,4,8,0,0,3,4,7,0,4,3,8,15,2,36,38,53
05/29/2023,VCT,TX,ASW,CE,Federal Contract Tower,0,3,6,0,9,0,2,6,2,10,0,5,12,2,19,6,10,16,35
05/30/2023,VCT,TX,ASW,CE,Federal Contract Tower,0,3,6,30,39,0,2,12,20,34,0,5,18,50,73,4,90,94,167
05/31/2023,VCT,TX,ASW,CE,Federal Contract Tower,0,5,12,29,46,0,0,23,33,56,0,5,35,62,102,8,172,180,282
06/01/2023,VCT,TX,ASW,CE,Federal Contract Tower,0,7,11,44,62,0,16,24,0,40,0,23,35,44,102,18,161,179,281
06/02/2023,VCT,TX,ASW,CE,Federal Contract Tower,0,7,7,33,47,0,0,13,15,28,0,7,20,48,75,12,146,158,233
06/03/2023,VCT,TX,ASW,CE,Federal Contract Tower,0,8,5,14,27,0,0,23,3,26,0,8,28,17,53,18,48,66,119
06/04/2023,VCT,TX,ASW,CE,Federal Contract Tower,0,3,6,20,29,0,0,5,5,10,0,3,11,25,39,2,46,48,87
06/05/2023,VCT,TX,ASW,CE,Federal Contract Tower,0,3,3,3,9,0,0,2,0,2,0,3,5,3,11,0,22,22,33
06/06/2023,VCT,TX,ASW,CE,Federal Contract Tower,0,3,5,45,53,0,7,7,21,35,0,10,12,66,88,8,76,84,172
06/07/2023,VCT,TX,ASW,CE,Federal Contract Tower,0,6,4,47,57,0,1,18,16,35,0,7,22,63,92,28,162,190,282
06/08/2023,VCT,TX,ASW,CE,Federal Contract Tower,0,9,7,35,51,0,10,13,26,49,0,19,20,61,100,20,66,86,186
06/09/2023,VCT,TX,ASW,CE,Federal Contract Tower,0,7,8,25,40,0,2,17,17,36,0,9,25,42,76,4,64,68,144
06/10/2023,VCT,TX,ASW,CE,Federal Contract Tower,0,1,4,22,27,0,1,3,0,4,0,2,7,22,31,6,20,26,57
06/11/2023,VCT,TX,ASW,CE,Federal Contract Tower,0,4,5,6,15,0,0,7,8,15,0,4,12,14,30,4,22,26,56
06/12/2023,VCT,TX,ASW,CE,Federal Contract Tower,0,7,5,60,72,0,2,5,19,26,0,9,10,79,98,0,116,116,214
06/13/2023,VCT,TX,ASW,CE,Federal Contract Tower,0,5,5,47,57,0,0,14,26,40,0,5,19,73,97,2,156,158,255
06/14/2023,VCT,TX,ASW,CE,Federal Contract Tower,0,5,12,34,51,0,2,1,10,13,0,7,13,44,64,0,24,24,88
06/15/2023,VCT,TX,ASW,CE,Federal Contract Tower,0,5,7,44,56,0,6,12,27,45,0,11,19,71,101,2,86,88,189
06/16/2023,VCT,TX,ASW,CE,Federal Contract Tower,0,8,16,43,67,0,1,5,7,13,0,9,21,50,80,4,98,102,182
06/17/2023,VCT,TX,ASW,CE,Federal Contract Tower,0,4,9,8,21,0,0,5,0,5,0,4,14,8,26,2,6,8,34
06/18/2023,VCT,TX,ASW,CE,Federal Contract Tower,0,3,7,19,29,0,0,1,1,2,0,3,8,20,31,4,30,34,65
06/19/2023,VCT,TX,ASW,CE,Federal Contract Tower,0,4,9,12,25,0,4,16,0,20,0,8,25,12,45,6,12,18,63
06/20/2023,VCT,TX,ASW,CE,Federal Contract Tower,0,4,2,42,48,0,0,8,14,22,0,4,10,56,70,2,172,174,244
06/21/2023,VCT,TX,ASW,CE,Federal Contract Tower,0,4,8,26,38,0,10,10,23,43,0,14,18,49,81,2,110,112,193
06/22/2023,VCT,TX,ASW,CE,Federal Contract Tower,0,4,12,41,57,0,1,13,29,43,0,5,25,70,100,10,126,136,236
06/23/2023,VCT,TX,ASW,CE,Federal Contract Tower,0,6,16,26,48,0,0,16,14,30,0,6,32,40,78,10,72,82,160
06/24/2023,VCT,TX,ASW,CE,Federal Contract Tower,0,1,4,6,11,0,0,10,7,17,0,1,14,13,28,12,48,60,88
06/25/2023,VCT,TX,ASW,CE,Federal Contract Tower,0,5,3,20,28,0,2,8,4,14,0,7,11,24,42,4,48,52,94
06/26/2023,VCT,TX,ASW,CE,Federal Contract Tower,0,3,2,37,42,0,1,16,22,39,0,4,18,59,81,0,200,200,281
06/27/2023,VCT,TX,ASW,CE,Federal Contract Tower,0,3,9,37,49,0,4,15,15,34,0,7,24,52,83,10,82,92,175
06/28/2023,VCT,TX,ASW,CE,Federal Contract Tower,0,4,15,59,78,0,4,12,13,29,0,8,27,72,107,38,112,150,257
06/29/2023,VCT,TX,ASW,CE,Federal Contract Tower,0,7,6,43,56,0,2,14,21,37,0,9,20,64,93,40,150,190,283
06/30/2023,VCT,TX,ASW,CE,Federal Contract Tower,0,9,11,16,36,0,5,13,9,27,0,14,24,25,63,14,28,42,105
07/01/2023,VCT,TX,ASW,CE,Federal Contract Tower,0,4,2,16,22,0,0,11,1,12,0,4,13,17,34,20,24,44,78
07/02/2023,VCT,TX,ASW,CE,Federal Contract Tower,0,5,6,3,14,0,0,7,1,8,0,5,13,4,22,4,4,8,30
07/03/2023,VCT,TX,ASW,CE,Federal Contract Tower,0,3,2,0,5,0,2,3,0,5,0,5,5,0,10,6,0,6,16
07/04/2023,VCT,TX,ASW,CE,Federal Contract Tower,0,1,2,0,3,0,12,7,0,19,0,13,9,0,22,4,0,4,26
07/05/2023,VCT,TX,ASW,CE,Federal Contract Tower,0,5,2,14,21,0,5,7,2,14,0,10,9,16,35,4,22,26,61
07/06/2023,VCT,TX,ASW,CE,Federal Contract Tower,0,5,4,7,16,0,0,5,5,10,0,5,9,12,26,2,56,58,84
07/07/2023,VCT,TX,ASW,CE,Federal Contract Tower,0,5,6,11,22,0,0,8,3,11,0,5,14,14,33,12,48,60,93
07/08/2023,VCT,TX,ASW,CE,Federal Contract Tower,0,2,0,5,7,0,2,4,2,8,0,4,4,7,15,0,14,14,29
07/09/2023,VCT,TX,ASW,CE,Federal Contract Tower,0,2,0,2,4,0,5,7,2,14,0,7,7,4,18,8,12,20,38
07/10/2023,VCT,TX,ASW,CE,Federal Contract Tower,0,4,14,34,52,0,1,7,2,10,0,5,21,36,62,6,34,40,102
07/11/2023,VCT,TX,ASW,CE,Federal Contract Tower,0,4,5,56,65,0,4,10,17,31,0,8,15,73,96,4,94,98,194
07/12/2023,VCT,TX,ASW,CE,Federal Contract Tower,0,10,5,42,57,0,1,12,16,29,0,11,17,58,86,8,56,64,150
07/13/2023,VCT,TX,ASW,CE,Federal Contract Tower,0,4,8,30,42,0,4,18,17,39,0,8,26,47,81,6,86,92,173
07/14/2023,VCT,TX,ASW,CE,Federal Contract Tower,0,6,15,27,48,0,0,12,25,37,0,6,27,52,85,0,164,164,249
07/15/2023,VCT,TX,ASW,CE,Federal Contract Tower,0,2,5,4,11,0,1,16,0,17,0,3,21,4,28,10,6,16,44
07/16/2023,VCT,TX,ASW,CE,Federal Contract Tower,0,6,4,29,39,0,1,14,12,27,0,7,18,41,66,14,76,90,156
07/17/2023,VCT,TX,ASW,CE,Federal Contract Tower,0,5,5,43,53,0,1,10,14,25,0,6,15,57,78,6,118,124,202
07/18/2023,VCT,TX,ASW,CE,Federal Contract Tower,0,7,8,33,48,0,4,12,28,44,0,11,20,61,92,4,174,178,270
07/19/2023,VCT,TX,ASW,CE,Federal Contract Tower,0,5,11,54,70,0,0,18,14,32,0,5,29,68,102,10,126,136,238
07/20/2023,VCT,TX,ASW,CE,Federal Contract Tower,0,8,8,26,42,0,4,10,9,23,0,12,18,35,65,14,102,116,181
07/21/2023,VCT,TX,ASW,CE,Federal Contract Tower,0,4,9,26,39,0,1,7,19,27,0,5,16,45,66,2,98,100,166
07/22/2023,VCT,TX,ASW,CE,Federal Contract Tower,0,2,0,7,9,0,0,7,5,12,0,2,7,12,21,6,102,108,129
07/23/2023,VCT,TX,ASW,CE,Federal Contract Tower,0,3,3,4,10,0,1,4,7,12,0,4,7,11,22,0,16,16,38
07/24/2023,VCT,TX,ASW,CE,Federal Contract Tower,0,4,3,19,26,0,2,8,19,29,0,6,11,38,55,4,112,116,171
07/25/2023,VCT,TX,ASW,CE,Federal Contract Tower,0,2,11,40,53,0,4,11,15,30,0,6,22,55,83,2,110,112,195
07/26/2023,VCT,TX,ASW,CE,Federal Contract Tower,0,8,4,30,42,0,4,4,12,20,0,12,8,42,62,2,154,156,218
07/27/2023,VCT,TX,ASW,CE,Federal Contract Tower,0,5,3,40,48,0,2,20,19,41,0,7,23,59,89,4,126,130,219
07/28/2023,VCT,TX,ASW,CE,Federal Contract Tower,0,5,10,22,37,0,0,12,13,25,0,5,22,35,62,12,46,58,120
07/29/2023,VCT,TX,ASW,CE,Federal Contract Tower,0,2,7,1,10,0,2,6,3,11,0,4,13,4,21,6,32,38,59
07/30/2023,VCT,TX,ASW,CE,Federal Contract Tower,0,3,12,13,28,0,1,14,0,15,0,4,26,13,43,8,12,20,63
07/31/2023,VCT,TX,ASW,CE,Federal Contract Tower,0,6,5,12,23,0,5,13,17,35,0,11,18,29,58,4,136,140,198
08/01/2023,VCT,TX,ASW,CE,Federal Contract Tower,0,2,8,33,43,0,3,15,36,54,0,5,23,69,97,2,198,200,297
08/02/2023,VCT,TX,ASW,CE,Federal Contract Tower,0,7,9,12,28,0,5,32,6,43,0,12,41,18,71,14,80,94,165
08/03/2023,VCT,TX,ASW,CE,Federal Contract Tower,0,7,7,20,34,0,7,17,22,46,0,14,24,42,80,6,152,158,238
08/04/2023,VCT,TX,ASW,CE,Federal Contract Tower,0,4,10,18,32,0,0,24,22,46,0,4,34,40,78,20,110,130,208
08/05/2023,VCT,TX,ASW,CE,Federal Contract Tower,0,1,10,0,11,0,1,9,6,16,0,2,19,6,27,18,44,62,89
08/06/2023,VCT,TX,ASW,CE,Federal Contract Tower,0,4,7,13,24,0,1,12,9,22,0,5,19,22,46,16,68,84,130
08/07/2023,VCT,TX,ASW,CE,Federal Contract Tower,0,4,3,41,48,0,8,11,31,50,0,12,14,72,98,0,180,180,278
08/08/2023,VCT,TX,ASW,CE,Federal Contract Tower,0,3,5,44,52,0,0,18,17,35,0,3,23,61,87,14,128,142,229
08/09/2023,VCT,TX,ASW,CE,Federal Contract Tower,0,5,11,35,51,0,3,23,31,57,0,8,34,66,108,10,118,128,236
08/10/2023,VCT,TX,ASW,CE,Federal Contract Tower,0,9,5,47,61,0,0,10,23,33,0,9,15,70,94,6,178,184,278
08/11/2023,VCT,TX,ASW,CE,Federal Contract Tower,0,4,2,22,28,0,0,5,11,16,0,4,7,33,44,0,38,38,82
08/12/2023,VCT,TX,ASW,CE,Federal Contract Tower,0,2,10,28,40,0,0,3,3,6,0,2,13,31,46,4,28,32,78
08/13/2023,VCT,TX,ASW,CE,Federal Contract Tower,0,3,6,1,10,0,2,15,3,20,0,5,21,4,30,2,0,2,32
08/14/2023,VCT,TX,ASW,CE,Federal Contract Tower,0,4,2,39,45,0,0,13,16,29,0,4,15,55,74,6,126,132,206
08/15/2023,VCT,TX,ASW,CE,Federal Contract Tower,0,6,6,33,45,0,0,18,28,46,0,6,24,61,91,12,246,258,349
08/16/2023,VCT,TX,ASW,CE,Federal Contract Tower,0,7,3,3,13,0,5,9,15,29,0,12,12,18,42,8,78,86,128
08/17/2023,VCT,TX,ASW,CE,Federal Contract Tower,0,7,4,34,45,0,5,9,22,36,0,12,13,56,81,22,94,116,197
08/18/2023,VCT,TX,ASW,CE,Federal Contract Tower,0,4,5,14,23,0,0,23,30,53,0,4,28,44,76,6,60,66,142
08/19/2023,VCT,TX,ASW,CE,Federal Contract Tower,0,3,3,10,16,0,0,14,7,21,0,3,17,17,37,4,14,18,55
08/20/2023,VCT,TX,ASW,CE,Federal Contract Tower,0,3,4,7,14,0,0,15,10,25,0,3,19,17,39,30,6,36,75
08/21/2023,VCT,TX,ASW,CE,Federal Contract Tower,0,6,4,35,45,0,1,10,18,29,0,7,14,53,74,0,98,98,172
08/22/2023,VCT,TX,ASW,CE,Federal Contract Tower,0,2,2,0,4,0,4,1,0,5,0,6,3,0,9,0,0,0,9
08/23/2023,VCT,TX,ASW,CE,Federal Contract Tower,0,8,6,67,81,0,3,5,29,37,0,11,11,96,118,8,228,236,354
08/24/2023,VCT,TX,ASW,CE,Federal Contract Tower,0,6,5,35,46,0,3,8,22,33,0,9,13,57,79,8,186,194,273
08/25/2023,VCT,TX,ASW,CE,Federal Contract Tower,0,8,5,2,15,0,3,14,9,26,0,11,19,11,41,8,42,50,91
08/26/2023,VCT,TX,ASW,CE,Federal Contract Tower,0,4,3,19,26,0,0,10,10,20,0,4,13,29,46,8,32,40,86
08/27/2023,VCT,TX,ASW,CE,Federal Contract Tower,0,2,1,4,7,0,2,6,10,18,0,4,7,14,25,2,24,26,51
08/28/2023,VCT,TX,ASW,CE,Federal Contract Tower,0,6,1,30,37,0,2,8,7,17,0,8,9,37,54,0,50,50,104
08/29/2023,VCT,TX,ASW,CE,Federal Contract Tower,0,3,11,43,57,0,6,6,25,37,0,9,17,68,94,4,102,106,200
08/30/2023,VCT,TX,ASW,CE,Federal Contract Tower,0,7,4,27,38,0,6,17,21,44,0,13,21,48,82,10,100,110,192
08/31/2023,VCT,TX,ASW,CE,Federal Contract Tower,0,5,5,45,55,0,5,10,17,32,0,10,15,62,87,6,82,88,175
