05/01/2002,VCV,CA,AWP,WE,Federal Contract Tower,2,0,13,0,15,0,0,13,8,21,2,0,26,8,36,62,12,74,110
05/02/2002,VCV,CA,AWP,WE,Federal Contract Tower,3,0,22,0,25,0,0,16,6,22,3,0,38,6,47,66,8,74,121
05/03/2002,VCV,CA,AWP,WE,Federal Contract Tower,3,0,19,0,22,0,0,23,4,27,3,0,42,4,49,74,4,78,127
05/04/2002,VCV,CA,AWP,WE,Federal Contract Tower,4,0,16,0,20,0,0,13,4,17,4,0,29,4,37,82,8,90,127
05/05/2002,VCV,CA,AWP,WE,Federal Contract Tower,4,0,17,0,21,2,0,20,6,28,6,0,37,6,49,56,6,62,111
05/06/2002,VCV,CA,AWP,WE,Federal Contract Tower,4,0,16,0,20,4,0,12,2,18,8,0,28,2,38,62,6,68,106
05/07/2002,VCV,CA,AWP,WE,Federal Contract Tower,0,0,6,0,6,0,0,16,4,20,0,0,22,4,26,48,10,58,84
05/08/2002,VCV,CA,AWP,WE,Federal Contract Tower,0,0,11,0,11,0,0,25,8,33,0,0,36,8,44,64,2,66,110
05/09/2002,VCV,CA,AWP,WE,Federal Contract Tower,0,0,15,0,15,0,0,29,0,29,0,0,44,0,44,52,0,52,96
05/10/2002,VCV,CA,AWP,WE,Federal Contract Tower,0,0,6,0,6,0,0,19,2,21,0,0,25,2,27,38,0,38,65
05/11/2002,VCV,CA,AWP,WE,Federal Contract Tower,2,0,15,0,17,0,0,13,16,29,2,0,28,16,46,34,0,34,80
05/12/2002,VCV,CA,AWP,WE,Federal Contract Tower,4,0,16,0,20,2,0,19,24,45,6,0,35,24,65,46,4,50,115
05/13/2002,VCV,CA,AWP,WE,Federal Contract Tower,4,0,18,0,22,0,0,19,18,37,4,0,37,18,59,64,14,78,137
05/14/2002,VCV,CA,AWP,WE,Federal Contract Tower,3,0,29,0,32,0,0,19,14,33,3,0,48,14,65,66,10,76,141
05/15/2002,VCV,CA,AWP,WE,Federal Contract Tower,3,0,20,0,23,0,0,22,28,50,3,0,42,28,73,42,6,48,121
05/16/2002,VCV,CA,AWP,WE,Federal Contract Tower,0,0,11,0,11,0,0,30,16,46,0,0,41,16,57,38,16,54,111
05/17/2002,VCV,CA,AWP,WE,Federal Contract Tower,0,0,10,0,10,0,0,25,14,39,0,0,35,14,49,40,4,44,93
05/18/2002,VCV,CA,AWP,WE,Federal Contract Tower,0,0,26,0,26,0,0,17,10,27,0,0,43,10,53,26,0,26,79
05/19/2002,VCV,CA,AWP,WE,Federal Contract Tower,2,0,16,0,18,0,0,16,12,28,2,0,32,12,46,38,0,38,84
05/20/2002,VCV,CA,AWP,WE,Federal Contract Tower,2,0,12,0,14,0,0,21,26,47,2,0,33,26,61,34,22,56,117
05/21/2002,VCV,CA,AWP,WE,Federal Contract Tower,3,0,17,0,20,1,0,14,22,37,4,0,31,22,57,28,12,40,97
05/22/2002,VCV,CA,AWP,WE,Federal Contract Tower,2,0,16,0,18,2,0,13,18,33,4,0,29,18,51,38,8,46,97
05/23/2002,VCV,CA,AWP,WE,Federal Contract Tower,4,0,26,0,30,0,0,21,16,37,4,0,47,16,67,46,6,52,119
05/24/2002,VCV,CA,AWP,WE,Federal Contract Tower,3,0,17,0,20,5,0,15,19,39,8,0,32,19,59,32,10,42,101
05/25/2002,VCV,CA,AWP,WE,Federal Contract Tower,4,0,26,0,30,2,0,18,15,35,6,0,44,15,65,44,4,48,113
05/26/2002,VCV,CA,AWP,WE,Federal Contract Tower,2,0,15,0,17,4,0,8,24,36,6,0,23,24,53,56,6,62,115
05/27/2002,VCV,CA,AWP,WE,Federal Contract Tower,5,0,26,0,31,3,0,10,20,33,8,0,36,20,64,62,2,64,128
05/28/2002,VCV,CA,AWP,WE,Federal Contract Tower,2,0,20,0,22,0,0,22,15,37,2,0,42,15,59,48,0,48,107
05/29/2002,VCV,CA,AWP,WE,Federal Contract Tower,4,0,22,0,26,0,0,16,6,22,4,0,38,6,48,66,0,66,114
05/30/2002,VCV,CA,AWP,WE,Federal Contract Tower,3,0,19,0,22,3,0,12,8,23,6,0,31,8,45,72,4,76,121
05/31/2002,VCV,CA,AWP,WE,Federal Contract Tower,3,0,17,0,20,3,0,6,5,14,6,0,23,5,34,42,6,48,82
06/01/2002,VCV,CA,AWP,WE,Federal Contract Tower,2,0,19,4,25,0,0,17,0,17,2,0,36,4,42,88,6,94,136
06/02/2002,VCV,CA,AWP,WE,Federal Contract Tower,3,0,14,2,19,1,0,8,0,9,4,0,22,2,28,76,12,88,116
06/03/2002,VCV,CA,AWP,WE,Federal Contract Tower,3,0,11,2,16,1,0,13,0,14,4,0,24,2,30,58,10,68,98
06/04/2002,VCV,CA,AWP,WE,Federal Contract Tower,2,0,17,5,24,0,0,11,1,12,2,0,28,6,36,62,8,70,106
06/05/2002,VCV,CA,AWP,WE,Federal Contract Tower,3,0,13,2,18,3,0,3,0,6,6,0,16,2,24,74,16,90,114
06/06/2002,VCV,CA,AWP,WE,Federal Contract Tower,3,0,15,4,22,1,0,5,0,6,4,0,20,4,28,82,22,104,132
06/07/2002,VCV,CA,AWP,WE,Federal Contract Tower,2,0,8,2,12,1,0,4,0,5,3,0,12,2,17,96,18,114,131
06/08/2002,VCV,CA,AWP,WE,Federal Contract Tower,2,0,9,4,15,1,0,5,2,8,3,0,14,6,23,84,12,96,119
06/09/2002,VCV,CA,AWP,WE,Federal Contract Tower,0,0,15,3,18,0,0,7,0,7,0,0,22,3,25,78,8,86,111
06/10/2002,VCV,CA,AWP,WE,Federal Contract Tower,0,0,13,3,16,0,0,15,0,15,0,0,28,3,31,74,6,80,111
06/11/2002,VCV,CA,AWP,WE,Federal Contract Tower,0,0,3,2,5,0,0,13,0,13,0,0,16,2,18,82,14,96,114
06/12/2002,VCV,CA,AWP,WE,Federal Contract Tower,0,0,8,2,10,0,0,8,2,10,0,0,16,4,20,104,8,112,132
06/13/2002,VCV,CA,AWP,WE,Federal Contract Tower,0,0,12,3,15,0,0,2,9,11,0,0,14,12,26,86,12,98,124
06/14/2002,VCV,CA,AWP,WE,Federal Contract Tower,2,0,20,6,28,0,0,8,2,10,2,0,28,8,38,82,20,102,140
06/15/2002,VCV,CA,AWP,WE,Federal Contract Tower,1,0,15,4,20,0,0,7,1,8,1,0,22,5,28,76,14,90,118
06/16/2002,VCV,CA,AWP,WE,Federal Contract Tower,3,0,16,3,22,0,0,8,0,8,3,0,24,3,30,86,32,118,148
06/17/2002,VCV,CA,AWP,WE,Federal Contract Tower,2,0,11,2,15,4,0,1,0,5,6,0,12,2,20,92,18,110,130
06/18/2002,VCV,CA,AWP,WE,Federal Contract Tower,3,0,15,4,22,1,0,3,0,4,4,0,18,4,26,84,14,98,124
06/19/2002,VCV,CA,AWP,WE,Federal Contract Tower,2,0,15,4,21,0,0,7,0,7,2,0,22,4,28,72,28,100,128
06/20/2002,VCV,CA,AWP,WE,Federal Contract Tower,0,0,19,6,25,0,0,7,0,7,0,0,26,6,32,58,18,76,108
06/21/2002,VCV,CA,AWP,WE,Federal Contract Tower,0,0,12,4,16,0,0,4,4,8,0,0,16,8,24,64,22,86,110
06/22/2002,VCV,CA,AWP,WE,Federal Contract Tower,0,0,6,2,8,0,0,8,0,8,0,0,14,2,16,84,16,100,116
06/23/2002,VCV,CA,AWP,WE,Federal Contract Tower,0,0,8,3,11,0,0,10,1,11,0,0,18,4,22,88,12,100,122
06/24/2002,VCV,CA,AWP,WE,Federal Contract Tower,2,0,16,4,22,0,0,6,0,6,2,0,22,4,28,56,24,80,108
06/25/2002,VCV,CA,AWP,WE,Federal Contract Tower,2,0,16,2,20,2,0,4,0,6,4,0,20,2,26,82,28,110,136
06/26/2002,VCV,CA,AWP,WE,Federal Contract Tower,2,0,14,4,20,0,0,0,2,2,2,0,14,6,22,96,24,120,142
06/27/2002,VCV,CA,AWP,WE,Federal Contract Tower,2,0,12,4,18,4,0,6,4,14,6,0,18,8,32,86,12,98,130
06/28/2002,VCV,CA,AWP,WE,Federal Contract Tower,3,0,18,4,25,1,0,4,0,5,4,0,22,4,30,104,14,118,148
06/29/2002,VCV,CA,AWP,WE,Federal Contract Tower,1,0,9,3,13,2,0,3,0,5,3,0,12,3,18,92,18,110,128
06/30/2002,VCV,CA,AWP,WE,Federal Contract Tower,1,0,11,3,15,4,0,3,0,7,5,0,14,3,22,88,12,100,122
07/01/2002,VCV,CA,AWP,WE,Federal Contract Tower,3,0,11,2,16,0,0,13,0,13,3,0,24,2,29,68,6,74,103
07/02/2002,VCV,CA,AWP,WE,Federal Contract Tower,3,0,11,4,18,0,0,11,0,11,3,0,22,4,29,72,8,80,109
07/03/2002,VCV,CA,AWP,WE,Federal Contract Tower,3,0,13,4,20,1,0,19,0,20,4,0,32,4,40,86,8,94,134
07/04/2002,VCV,CA,AWP,WE,Federal Contract Tower,2,0,6,0,8,0,0,12,0,12,2,0,18,0,20,78,4,82,102
07/05/2002,VCV,CA,AWP,WE,Federal Contract Tower,2,0,8,0,10,0,0,20,0,20,2,0,28,0,30,92,12,104,134
07/06/2002,VCV,CA,AWP,WE,Federal Contract Tower,4,0,16,6,26,0,0,8,0,8,4,0,24,6,34,84,10,94,128
07/07/2002,VCV,CA,AWP,WE,Federal Contract Tower,0,0,8,4,12,0,0,14,0,14,0,0,22,4,26,88,14,102,128
07/08/2002,VCV,CA,AWP,WE,Federal Contract Tower,0,0,8,2,10,0,0,10,0,10,0,0,18,2,20,76,8,84,104
07/09/2002,VCV,CA,AWP,WE,Federal Contract Tower,0,0,4,0,4,0,0,20,0,20,0,0,24,0,24,98,4,102,126
07/10/2002,VCV,CA,AWP,WE,Federal Contract Tower,2,0,9,0,11,0,0,19,0,19,2,0,28,0,30,102,4,106,136
07/11/2002,VCV,CA,AWP,WE,Federal Contract Tower,3,0,9,0,12,1,0,17,0,18,4,0,26,0,30,88,8,96,126
07/12/2002,VCV,CA,AWP,WE,Federal Contract Tower,3,0,10,0,13,1,0,12,0,13,4,0,22,0,26,84,16,100,126
07/13/2002,VCV,CA,AWP,WE,Federal Contract Tower,3,0,10,3,16,3,0,8,1,12,6,0,18,4,28,68,24,92,120
07/14/2002,VCV,CA,AWP,WE,Federal Contract Tower,2,0,12,2,16,0,0,20,0,20,2,0,32,2,36,76,10,86,122
07/15/2002,VCV,CA,AWP,WE,Federal Contract Tower,2,0,15,4,21,0,0,11,0,11,2,0,26,4,32,82,8,90,122
07/16/2002,VCV,CA,AWP,WE,Federal Contract Tower,2,0,13,5,20,2,0,9,1,12,4,0,22,6,32,88,6,94,126
07/17/2002,VCV,CA,AWP,WE,Federal Contract Tower,1,0,9,3,13,5,0,5,0,10,6,0,14,3,23,84,14,98,121
07/18/2002,VCV,CA,AWP,WE,Federal Contract Tower,2,0,14,3,19,4,0,11,0,15,6,0,25,3,34,92,22,114,148
07/19/2002,VCV,CA,AWP,WE,Federal Contract Tower,1,0,9,2,12,1,0,10,0,11,2,0,19,2,23,74,16,90,113
07/20/2002,VCV,CA,AWP,WE,Federal Contract Tower,2,0,12,0,14,2,0,21,0,23,4,0,33,0,37,68,18,86,123
07/21/2002,VCV,CA,AWP,WE,Federal Contract Tower,1,0,8,0,9,1,0,16,0,17,2,0,24,0,26,26,82,108,134
07/22/2002,VCV,CA,AWP,WE,Federal Contract Tower,0,0,10,0,10,0,0,17,0,17,0,0,27,0,27,66,16,82,109
07/23/2002,VCV,CA,AWP,WE,Federal Contract Tower,0,0,12,2,14,0,0,19,0,19,0,0,31,2,33,74,20,94,127
07/24/2002,VCV,CA,AWP,WE,Federal Contract Tower,0,0,15,4,19,0,0,19,0,19,0,0,34,4,38,76,12,88,126
07/25/2002,VCV,CA,AWP,WE,Federal Contract Tower,1,0,8,3,12,1,0,8,1,10,2,0,16,4,22,88,8,96,118
07/26/2002,VCV,CA,AWP,WE,Federal Contract Tower,2,0,14,6,22,0,0,5,2,7,2,0,19,8,29,70,4,74,103
07/27/2002,VCV,CA,AWP,WE,Federal Contract Tower,0,0,10,2,12,0,0,16,0,16,0,0,26,2,28,84,14,98,126
07/28/2002,VCV,CA,AWP,WE,Federal Contract Tower,4,0,28,11,43,0,0,4,13,17,4,0,32,24,60,78,18,96,156
07/29/2002,VCV,CA,AWP,WE,Federal Contract Tower,2,0,22,8,32,0,0,6,8,14,2,0,28,16,46,82,22,104,150
07/30/2002,VCV,CA,AWP,WE,Federal Contract Tower,4,0,20,8,32,0,0,2,10,12,4,0,22,18,44,72,36,108,152
07/31/2002,VCV,CA,AWP,WE,Federal Contract Tower,2,0,14,8,24,0,0,0,16,16,2,0,14,24,40,62,42,104,144
08/01/2002,VCV,CA,AWP,WE,Federal Contract Tower,3,0,12,2,17,0,0,10,0,10,3,0,22,2,27,82,4,86,113
08/02/2002,VCV,CA,AWP,WE,Federal Contract Tower,4,0,14,4,22,2,0,14,0,16,6,0,28,4,38,68,2,70,108
08/03/2002,VCV,CA,AWP,WE,Federal Contract Tower,2,0,16,6,24,0,0,10,0,10,2,0,26,6,34,82,4,86,120
08/04/2002,VCV,CA,AWP,WE,Federal Contract Tower,4,0,12,6,22,0,0,18,0,18,4,0,30,6,40,84,6,90,130
08/05/2002,VCV,CA,AWP,WE,Federal Contract Tower,3,0,10,0,13,1,0,18,0,19,4,0,28,0,32,88,8,96,128
08/06/2002,VCV,CA,AWP,WE,Federal Contract Tower,3,0,10,2,15,3,0,12,0,15,6,0,22,2,30,96,2,98,128
08/07/2002,VCV,CA,AWP,WE,Federal Contract Tower,0,0,8,3,11,0,0,10,3,13,0,0,18,6,24,82,10,92,116
08/08/2002,VCV,CA,AWP,WE,Federal Contract Tower,0,0,10,4,14,0,0,18,0,18,0,0,28,4,32,86,6,92,124
08/09/2002,VCV,CA,AWP,WE,Federal Contract Tower,0,0,9,2,11,0,0,13,0,13,0,0,22,2,24,92,2,94,118
08/10/2002,VCV,CA,AWP,WE,Federal Contract Tower,2,0,9,2,13,0,0,21,0,21,2,0,30,2,34,98,2,100,134
08/11/2002,VCV,CA,AWP,WE,Federal Contract Tower,0,0,9,0,9,0,0,15,0,15,0,0,24,0,24,78,8,86,110
08/12/2002,VCV,CA,AWP,WE,Federal Contract Tower,0,0,4,0,4,0,0,16,0,16,0,0,20,0,20,104,20,124,144
08/13/2002,VCV,CA,AWP,WE,Federal Contract Tower,5,0,16,6,27,1,0,16,0,17,6,0,32,6,44,86,14,100,144
08/14/2002,VCV,CA,AWP,WE,Federal Contract Tower,3,0,10,4,17,3,0,11,0,14,6,0,21,4,31,88,16,104,135
08/15/2002,VCV,CA,AWP,WE,Federal Contract Tower,5,0,16,6,27,3,0,12,0,15,8,0,28,6,42,96,12,108,150
08/16/2002,VCV,CA,AWP,WE,Federal Contract Tower,4,0,12,6,22,0,0,8,2,10,4,0,20,8,32,88,8,96,128
08/17/2002,VCV,CA,AWP,WE,Federal Contract Tower,5,0,15,2,22,11,0,7,0,18,16,0,22,2,40,94,4,98,138
08/18/2002,VCV,CA,AWP,WE,Federal Contract Tower,5,0,17,4,26,5,0,8,0,13,10,0,25,4,39,84,16,100,139
08/19/2002,VCV,CA,AWP,WE,Federal Contract Tower,4,0,13,4,21,0,0,13,1,14,4,0,26,5,35,86,12,98,133
08/20/2002,VCV,CA,AWP,WE,Federal Contract Tower,4,0,15,5,24,0,0,17,0,17,4,0,32,5,41,78,18,96,137
08/21/2002,VCV,CA,AWP,WE,Federal Contract Tower,1,0,8,0,9,1,0,14,0,15,2,0,22,0,24,74,22,96,120
08/22/2002,VCV,CA,AWP,WE,Federal Contract Tower,0,0,9,0,9,0,0,20,0,20,0,0,29,0,29,82,20,102,131
08/23/2002,VCV,CA,AWP,WE,Federal Contract Tower,0,0,8,3,11,0,0,13,1,14,0,0,21,4,25,88,18,106,131
08/24/2002,VCV,CA,AWP,WE,Federal Contract Tower,4,0,16,6,26,0,0,14,0,14,4,0,30,6,40,82,14,96,136
08/25/2002,VCV,CA,AWP,WE,Federal Contract Tower,2,0,10,2,14,4,0,8,0,12,6,0,18,2,26,92,10,102,128
08/26/2002,VCV,CA,AWP,WE,Federal Contract Tower,2,0,13,6,21,0,0,12,0,12,2,0,25,6,33,96,6,102,135
08/27/2002,VCV,CA,AWP,WE,Federal Contract Tower,0,0,20,9,29,0,0,8,9,17,0,0,28,18,46,78,12,90,136
08/28/2002,VCV,CA,AWP,WE,Federal Contract Tower,2,0,19,8,29,0,0,16,0,16,2,0,35,8,45,76,24,100,145
08/29/2002,VCV,CA,AWP,WE,Federal Contract Tower,4,0,18,8,30,2,0,6,4,12,6,0,24,12,42,86,16,102,144
08/30/2002,VCV,CA,AWP,WE,Federal Contract Tower,2,0,22,9,33,0,0,6,11,17,2,0,28,20,50,96,24,120,170
08/31/2002,VCV,CA,AWP,WE,Federal Contract Tower,4,0,18,9,31,0,0,0,13,13,4,0,18,22,44,78,22,100,144
09/01/2002,VCV,CA,AWP,WE,Federal Contract Tower,4,0,17,4,25,0,0,7,0,7,4,0,24,4,32,88,8,96,128
09/02/2002,VCV,CA,AWP,WE,Federal Contract Tower,4,0,16,6,26,0,0,2,0,2,4,0,18,6,28,72,6,78,106
09/03/2002,VCV,CA,AWP,WE,Federal Contract Tower,4,0,21,6,31,0,0,7,0,7,4,0,28,6,38,78,6,84,122
09/04/2002,VCV,CA,AWP,WE,Federal Contract Tower,5,0,20,7,32,1,0,12,1,14,6,0,32,8,46,96,4,100,146
09/05/2002,VCV,CA,AWP,WE,Federal Contract Tower,2,0,10,2,14,0,0,20,0,20,2,0,30,2,34,84,12,96,130
09/06/2002,VCV,CA,AWP,WE,Federal Contract Tower,5,0,20,4,29,1,0,4,0,5,6,0,24,4,34,92,6,98,132
09/07/2002,VCV,CA,AWP,WE,Federal Contract Tower,0,0,12,4,16,0,0,8,0,8,0,0,20,4,24,88,10,98,122
09/08/2002,VCV,CA,AWP,WE,Federal Contract Tower,0,0,11,4,15,0,0,13,2,15,0,0,24,6,30,92,8,100,130
09/09/2002,VCV,CA,AWP,WE,Federal Contract Tower,4,0,16,6,26,0,0,10,0,10,4,0,26,6,36,80,4,84,120
09/10/2002,VCV,CA,AWP,WE,Federal Contract Tower,4,0,16,6,26,0,0,16,2,18,4,0,32,8,44,92,8,100,144
09/11/2002,VCV,CA,AWP,WE,Federal Contract Tower,7,0,26,2,35,7,0,0,0,7,14,0,26,2,42,84,6,90,132
09/12/2002,VCV,CA,AWP,WE,Federal Contract Tower,4,0,13,4,21,0,0,9,0,9,4,0,22,4,30,98,12,110,140
09/13/2002,VCV,CA,AWP,WE,Federal Contract Tower,4,0,13,2,19,6,0,17,0,23,10,0,30,2,42,94,8,102,144
09/14/2002,VCV,CA,AWP,WE,Federal Contract Tower,4,0,15,2,21,10,0,8,0,18,14,0,23,2,39,92,12,104,143
09/15/2002,VCV,CA,AWP,WE,Federal Contract Tower,6,0,23,7,36,6,0,8,0,14,12,0,31,7,50,102,24,126,176
09/16/2002,VCV,CA,AWP,WE,Federal Contract Tower,4,0,18,5,27,0,0,0,0,0,4,0,18,5,27,94,12,106,133
09/17/2002,VCV,CA,AWP,WE,Federal Contract Tower,2,0,12,4,18,0,0,15,0,15,2,0,27,4,33,92,6,98,131
09/18/2002,VCV,CA,AWP,WE,Federal Contract Tower,4,0,21,6,31,4,0,3,0,7,8,0,24,6,38,98,14,112,150
09/19/2002,VCV,CA,AWP,WE,Federal Contract Tower,3,0,14,5,22,1,0,19,3,23,4,0,33,8,45,88,8,96,141
09/20/2002,VCV,CA,AWP,WE,Federal Contract Tower,4,0,22,7,33,0,0,8,0,8,4,0,30,7,41,86,20,106,147
09/21/2002,VCV,CA,AWP,WE,Federal Contract Tower,2,0,15,3,20,0,0,11,0,11,2,0,26,3,31,96,14,110,141
09/22/2002,VCV,CA,AWP,WE,Federal Contract Tower,3,0,16,4,23,1,0,12,0,13,4,0,28,4,36,78,12,90,126
09/23/2002,VCV,CA,AWP,WE,Federal Contract Tower,2,0,20,4,26,0,0,6,0,6,2,0,26,4,32,92,18,110,142
09/24/2002,VCV,CA,AWP,WE,Federal Contract Tower,0,0,17,6,23,0,0,15,2,17,0,0,32,8,40,84,22,106,146
09/25/2002,VCV,CA,AWP,WE,Federal Contract Tower,0,0,16,4,20,0,0,8,0,8,0,0,24,4,28,98,12,110,138
09/26/2002,VCV,CA,AWP,WE,Federal Contract Tower,0,0,13,2,15,0,0,9,0,9,0,0,22,2,24,104,8,112,136
09/27/2002,VCV,CA,AWP,WE,Federal Contract Tower,4,0,23,8,35,0,0,13,0,13,4,0,36,8,48,88,10,98,146
09/28/2002,VCV,CA,AWP,WE,Federal Contract Tower,4,0,23,8,35,0,0,9,4,13,4,0,32,12,48,82,22,104,152
09/29/2002,VCV,CA,AWP,WE,Federal Contract Tower,0,0,22,9,31,0,0,0,13,13,0,0,22,22,44,92,18,110,154
09/30/2002,VCV,CA,AWP,WE,Federal Contract Tower,2,0,24,9,35,0,0,6,9,15,2,0,30,18,50,84,20,104,154
10/01/2002,VCV,CA,AWP,WE,Federal Contract Tower,2,0,18,8,28,0,0,12,0,12,2,0,30,8,40,102,4,106,146
10/02/2002,VCV,CA,AWP,WE,Federal Contract Tower,4,0,12,4,20,2,0,10,0,12,6,0,22,4,32,86,6,92,124
10/03/2002,VCV,CA,AWP,WE,Federal Contract Tower,5,0,13,6,24,1,0,5,2,8,6,0,18,8,32,84,8,92,124
10/04/2002,VCV,CA,AWP,WE,Federal Contract Tower,2,0,14,7,23,0,0,14,3,17,2,0,28,10,40,88,10,98,138
10/05/2002,VCV,CA,AWP,WE,Federal Contract Tower,4,0,15,7,26,0,0,11,5,16,4,0,26,12,42,96,8,104,146
10/06/2002,VCV,CA,AWP,WE,Federal Contract Tower,5,0,15,6,26,3,0,4,0,7,8,0,19,6,33,106,4,110,143
10/07/2002,VCV,CA,AWP,WE,Federal Contract Tower,2,0,13,6,21,0,0,10,0,10,2,0,23,6,31,92,8,100,131
10/08/2002,VCV,CA,AWP,WE,Federal Contract Tower,2,0,14,4,20,0,0,19,0,19,2,0,33,4,39,96,12,108,147
10/09/2002,VCV,CA,AWP,WE,Federal Contract Tower,4,0,16,8,28,0,0,13,0,13,4,0,29,8,41,88,6,94,135
10/10/2002,VCV,CA,AWP,WE,Federal Contract Tower,6,0,15,7,28,0,0,0,3,3,6,0,15,10,31,94,10,104,135
10/11/2002,VCV,CA,AWP,WE,Federal Contract Tower,5,0,14,4,23,3,0,8,0,11,8,0,22,4,34,112,8,120,154
10/12/2002,VCV,CA,AWP,WE,Federal Contract Tower,5,0,14,0,19,7,0,9,0,16,12,0,23,0,35,92,8,100,135
10/13/2002,VCV,CA,AWP,WE,Federal Contract Tower,6,0,15,0,21,4,0,20,0,24,10,0,35,0,45,98,12,110,155
10/14/2002,VCV,CA,AWP,WE,Federal Contract Tower,7,0,22,6,35,9,0,9,0,18,16,0,31,6,53,96,12,108,161
10/15/2002,VCV,CA,AWP,WE,Federal Contract Tower,5,0,19,8,32,7,0,3,0,10,12,0,22,8,42,84,18,102,144
10/16/2002,VCV,CA,AWP,WE,Federal Contract Tower,4,0,14,2,20,4,0,12,0,16,8,0,26,2,36,96,14,110,146
10/17/2002,VCV,CA,AWP,WE,Federal Contract Tower,3,0,12,5,20,1,0,5,1,7,4,0,17,6,27,78,8,86,113
10/18/2002,VCV,CA,AWP,WE,Federal Contract Tower,3,0,12,4,19,5,0,13,0,18,8,0,25,4,37,124,12,136,173
10/19/2002,VCV,CA,AWP,WE,Federal Contract Tower,5,0,17,8,30,1,0,14,0,15,6,0,31,8,45,92,16,108,153
10/20/2002,VCV,CA,AWP,WE,Federal Contract Tower,0,0,15,4,19,0,0,12,0,12,0,0,27,4,31,72,20,92,123
10/21/2002,VCV,CA,AWP,WE,Federal Contract Tower,0,0,11,4,15,0,0,14,2,16,0,0,25,6,31,104,12,116,147
10/22/2002,VCV,CA,AWP,WE,Federal Contract Tower,0,0,11,4,15,0,0,17,0,17,0,0,28,4,32,84,10,94,126
10/23/2002,VCV,CA,AWP,WE,Federal Contract Tower,0,0,11,2,13,0,0,18,0,18,0,0,29,2,31,96,8,104,135
10/24/2002,VCV,CA,AWP,WE,Federal Contract Tower,0,0,10,4,14,0,0,8,2,10,0,0,18,6,24,88,18,106,130
10/25/2002,VCV,CA,AWP,WE,Federal Contract Tower,0,0,12,5,17,0,0,15,1,16,0,0,27,6,33,78,32,110,143
10/26/2002,VCV,CA,AWP,WE,Federal Contract Tower,5,0,16,4,25,1,0,9,0,10,6,0,25,4,35,94,20,114,149
10/27/2002,VCV,CA,AWP,WE,Federal Contract Tower,4,0,17,8,29,0,0,16,0,16,4,0,33,8,45,110,18,128,173
10/28/2002,VCV,CA,AWP,WE,Federal Contract Tower,4,0,20,8,32,0,0,15,2,17,4,0,35,10,49,88,24,112,161
10/29/2002,VCV,CA,AWP,WE,Federal Contract Tower,2,0,17,8,27,0,0,8,8,16,2,0,25,16,43,94,12,106,149
10/30/2002,VCV,CA,AWP,WE,Federal Contract Tower,0,0,23,10,33,0,0,10,10,20,0,0,33,20,53,96,18,114,167
11/01/2002,VCV,CA,AWP,WE,Federal Contract Tower,2,0,7,2,11,0,0,9,0,9,2,0,16,2,20,82,16,98,118
11/02/2002,VCV,CA,AWP,WE,Federal Contract Tower,2,0,10,2,14,0,0,12,0,12,2,0,22,2,26,86,8,94,120
11/03/2002,VCV,CA,AWP,WE,Federal Contract Tower,5,0,20,2,27,1,0,10,0,11,6,0,30,2,38,76,12,88,126
11/04/2002,VCV,CA,AWP,WE,Federal Contract Tower,4,0,14,4,22,0,0,3,2,5,4,0,17,6,27,104,10,114,141
11/05/2002,VCV,CA,AWP,WE,Federal Contract Tower,0,0,7,3,10,0,0,5,1,6,0,0,12,4,16,92,6,98,114
11/06/2002,VCV,CA,AWP,WE,Federal Contract Tower,0,0,11,2,13,0,0,8,0,8,0,0,19,2,21,86,8,94,115
11/07/2002,VCV,CA,AWP,WE,Federal Contract Tower,0,0,14,4,18,0,0,12,4,16,0,0,26,8,34,78,22,100,134
11/08/2002,VCV,CA,AWP,WE,Federal Contract Tower,4,0,15,4,23,2,0,7,0,9,6,0,22,4,32,86,16,102,134
11/09/2002,VCV,CA,AWP,WE,Federal Contract Tower,2,0,10,3,15,0,0,8,1,9,2,0,18,4,24,94,12,106,130
11/10/2002,VCV,CA,AWP,WE,Federal Contract Tower,4,0,18,2,24,6,0,12,0,18,10,0,30,2,42,90,6,96,138
11/11/2002,VCV,CA,AWP,WE,Federal Contract Tower,5,0,19,6,30,3,0,3,4,10,8,0,22,10,40,86,8,94,134
11/12/2002,VCV,CA,AWP,WE,Federal Contract Tower,4,0,18,6,28,2,0,10,0,12,6,0,28,6,40,100,16,116,156
11/13/2002,VCV,CA,AWP,WE,Federal Contract Tower,4,0,4,5,13,4,17,0,91,112,8,17,4,96,125,12,0,12,137
11/14/2002,VCV,CA,AWP,WE,Federal Contract Tower,2,0,15,4,21,0,0,8,0,8,2,0,23,4,29,94,14,108,137
11/15/2002,VCV,CA,AWP,WE,Federal Contract Tower,4,0,20,6,30,0,0,16,0,16,4,0,36,6,46,92,18,110,156
11/16/2002,VCV,CA,AWP,WE,Federal Contract Tower,3,0,15,4,22,5,0,9,0,14,8,0,24,4,36,98,10,108,144
11/17/2002,VCV,CA,AWP,WE,Federal Contract Tower,0,0,18,5,23,0,0,10,3,13,0,0,28,8,36,94,8,102,138
11/18/2002,VCV,CA,AWP,WE,Federal Contract Tower,0,0,22,8,30,0,0,0,0,0,0,0,22,8,30,88,8,96,126
11/19/2002,VCV,CA,AWP,WE,Federal Contract Tower,4,0,21,7,32,0,0,6,5,11,4,0,27,12,43,92,18,110,153
11/20/2002,VCV,CA,AWP,WE,Federal Contract Tower,2,0,14,4,20,4,0,19,0,23,6,0,33,4,43,86,22,108,151
11/21/2002,VCV,CA,AWP,WE,Federal Contract Tower,0,0,18,2,20,0,0,6,0,6,0,0,24,2,26,90,18,108,134
11/22/2002,VCV,CA,AWP,WE,Federal Contract Tower,3,0,23,0,26,0,0,9,0,9,3,0,32,0,35,82,14,96,131
11/23/2002,VCV,CA,AWP,WE,Federal Contract Tower,3,0,16,5,24,2,0,19,1,22,5,0,35,6,46,98,20,118,164
11/24/2002,VCV,CA,AWP,WE,Federal Contract Tower,2,0,14,4,20,0,0,7,4,11,2,0,21,8,31,82,24,106,137
11/25/2002,VCV,CA,AWP,WE,Federal Contract Tower,2,0,14,4,20,0,0,12,2,14,2,0,26,6,34,90,14,104,138
11/26/2002,VCV,CA,AWP,WE,Federal Contract Tower,1,0,10,2,13,3,0,8,0,11,4,0,18,2,24,98,10,108,132
11/27/2002,VCV,CA,AWP,WE,Federal Contract Tower,0,0,15,4,19,0,0,10,0,10,0,0,25,4,29,92,12,104,133
11/28/2002,VCV,CA,AWP,WE,Federal Contract Tower,0,0,16,5,21,0,0,14,3,17,0,0,30,8,38,86,26,112,150
11/29/2002,VCV,CA,AWP,WE,Federal Contract Tower,0,0,21,7,28,0,0,6,3,9,0,0,27,10,37,96,20,116,153
11/30/2002,VCV,CA,AWP,WE,Federal Contract Tower,4,0,23,7,34,0,0,1,5,6,4,0,24,12,40,84,22,106,146
12/01/2002,VCV,CA,AWP,WE,Federal Contract Tower,3,0,9,4,16,1,0,7,0,8,4,0,16,4,24,112,12,124,148
12/02/2002,VCV,CA,AWP,WE,Federal Contract Tower,3,0,13,6,22,1,0,7,0,8,4,0,20,6,30,92,8,100,130
12/03/2002,VCV,CA,AWP,WE,Federal Contract Tower,4,0,17,6,27,4,0,5,0,9,8,0,22,6,36,88,10,98,134
12/04/2002,VCV,CA,AWP,WE,Federal Contract Tower,2,0,17,7,26,0,0,9,1,10,2,0,26,8,36,76,6,82,118
12/05/2002,VCV,CA,AWP,WE,Federal Contract Tower,6,0,25,11,42,0,0,5,3,8,6,0,30,14,50,88,14,102,152
12/06/2002,VCV,CA,AWP,WE,Federal Contract Tower,2,0,13,6,21,0,0,5,2,7,2,0,18,8,28,102,8,110,138
12/07/2002,VCV,CA,AWP,WE,Federal Contract Tower,2,0,14,6,22,0,0,8,2,10,2,0,22,8,32,84,12,96,128
12/08/2002,VCV,CA,AWP,WE,Federal Contract Tower,0,0,14,6,20,0,0,14,0,14,0,0,28,6,34,92,10,102,136
12/09/2002,VCV,CA,AWP,WE,Federal Contract Tower,2,0,9,2,13,0,0,13,0,13,2,0,22,2,26,86,8,94,120
12/10/2002,VCV,CA,AWP,WE,Federal Contract Tower,2,0,7,2,11,0,0,17,0,17,2,0,24,2,28,98,8,106,134
12/11/2002,VCV,CA,AWP,WE,Federal Contract Tower,0,0,12,5,17,0,0,16,1,17,0,0,28,6,34,90,6,96,130
12/12/2002,VCV,CA,AWP,WE,Federal Contract Tower,0,0,13,6,19,0,0,7,2,9,0,0,20,8,28,116,4,120,148
12/13/2002,VCV,CA,AWP,WE,Federal Contract Tower,0,0,20,9,29,0,0,10,3,13,0,0,30,12,42,88,4,92,134
12/14/2002,VCV,CA,AWP,WE,Federal Contract Tower,4,0,20,6,30,8,0,4,0,12,12,0,24,6,42,102,8,110,152
12/15/2002,VCV,CA,AWP,WE,Federal Contract Tower,3,0,15,4,22,5,0,11,0,16,8,0,26,4,38,74,12,86,124
12/16/2002,VCV,CA,AWP,WE,Federal Contract Tower,3,0,19,4,26,3,0,19,0,22,6,0,38,4,48,90,16,106,154
12/17/2002,VCV,CA,AWP,WE,Federal Contract Tower,0,0,13,5,18,0,0,8,3,11,0,0,21,8,29,84,10,94,123
12/18/2002,VCV,CA,AWP,WE,Federal Contract Tower,0,0,9,4,13,0,0,4,2,6,0,0,13,6,19,98,8,106,125
12/19/2002,VCV,CA,AWP,WE,Federal Contract Tower,3,0,18,4,25,5,0,6,0,11,8,0,24,4,36,94,6,100,136
12/20/2002,VCV,CA,AWP,WE,Federal Contract Tower,2,0,13,5,20,0,0,4,3,7,2,0,17,8,27,86,18,104,131
12/21/2002,VCV,CA,AWP,WE,Federal Contract Tower,3,0,17,6,26,1,0,12,0,13,4,0,29,6,39,88,14,102,141
12/22/2002,VCV,CA,AWP,WE,Federal Contract Tower,2,0,14,6,22,1,0,8,0,9,3,0,22,6,31,106,10,116,147
12/23/2002,VCV,CA,AWP,WE,Federal Contract Tower,2,0,13,2,17,1,0,8,0,9,3,0,21,2,26,94,12,106,132
12/24/2002,VCV,CA,AWP,WE,Federal Contract Tower,1,0,5,0,6,1,0,7,0,8,2,0,12,0,14,116,2,118,132
12/25/2002,VCV,CA,AWP,WE,Federal Contract Tower,0,0,5,0,5,0,0,11,0,11,0,0,16,0,16,64,0,64,80
12/26/2002,VCV,CA,AWP,WE,Federal Contract Tower,0,0,9,0,9,0,0,19,0,19,0,0,28,0,28,82,0,82,110
12/27/2002,VCV,CA,AWP,WE,Federal Contract Tower,0,0,14,4,18,0,0,18,0,18,0,0,32,4,36,98,4,102,138
12/28/2002,VCV,CA,AWP,WE,Federal Contract Tower,2,0,17,6,25,0,0,10,4,14,2,0,27,10,39,92,12,104,143
12/29/2002,VCV,CA,AWP,WE,Federal Contract Tower,0,0,15,6,21,0,0,8,6,14,0,0,23,12,35,96,2,98,133
12/30/2002,VCV,CA,AWP,WE,Federal Contract Tower,2,0,13,2,17,0,0,17,0,17,2,0,30,2,34,102,6,108,142
12/31/2002,VCV,CA,AWP,WE,Federal Contract Tower,1,0,8,2,11,1,0,4,0,5,2,0,12,2,16,78,0,78,94
01/01/2003,VCV,CA,AWP,WE,Federal Contract Tower,4,0,14,6,24,0,0,18,4,22,4,0,32,10,46,86,16,102,148
01/02/2003,VCV,CA,AWP,WE,Federal Contract Tower,6,0,17,7,30,0,0,11,5,16,6,0,28,12,46,92,22,114,160
01/03/2003,VCV,CA,AWP,WE,Federal Contract Tower,0,0,10,4,14,0,0,21,4,25,0,0,31,8,39,102,14,116,155
01/04/2003,VCV,CA,AWP,WE,Federal Contract Tower,2,0,11,4,17,0,0,16,2,18,2,0,27,6,35,88,18,106,141
01/05/2003,VCV,CA,AWP,WE,Federal Contract Tower,2,0,9,3,14,0,0,13,1,14,2,0,22,4,28,80,20,100,128
01/06/2003,VCV,CA,AWP,WE,Federal Contract Tower,6,0,16,6,28,2,0,19,0,21,8,0,35,6,49,94,8,102,151
01/07/2003,VCV,CA,AWP,WE,Federal Contract Tower,4,0,13,5,22,0,0,11,9,20,4,0,24,14,42,86,14,100,142
01/08/2003,VCV,CA,AWP,WE,Federal Contract Tower,2,0,13,6,21,0,0,17,2,19,2,0,30,8,40,78,12,90,130
01/09/2003,VCV,CA,AWP,WE,Federal Contract Tower,4,0,13,5,22,0,0,8,5,13,4,0,21,10,35,92,24,116,151
01/10/2003,VCV,CA,AWP,WE,Federal Contract Tower,6,0,17,7,30,2,0,10,9,21,8,0,27,16,51,88,26,114,165
01/11/2003,VCV,CA,AWP,WE,Federal Contract Tower,10,0,29,11,50,18,0,3,1,22,28,0,32,12,72,74,14,88,160
01/12/2003,VCV,CA,AWP,WE,Federal Contract Tower,11,0,33,13,57,21,0,0,1,22,32,0,33,14,79,86,16,102,181
01/13/2003,VCV,CA,AWP,WE,Federal Contract Tower,2,0,9,4,15,0,0,15,2,17,2,0,24,6,32,68,12,80,112
01/14/2003,VCV,CA,AWP,WE,Federal Contract Tower,4,0,13,7,24,0,0,17,1,18,4,0,30,8,42,72,20,92,134
01/15/2003,VCV,CA,AWP,WE,Federal Contract Tower,2,0,9,4,15,0,0,9,0,9,2,0,18,4,24,78,12,90,114
01/16/2003,VCV,CA,AWP,WE,Federal Contract Tower,2,0,12,4,18,0,0,12,1,13,2,0,24,5,31,82,16,98,129
01/17/2003,VCV,CA,AWP,WE,Federal Contract Tower,0,0,12,5,17,0,0,16,3,19,0,0,28,8,36,86,14,100,136
01/18/2003,VCV,CA,AWP,WE,Federal Contract Tower,0,0,12,4,16,0,0,18,2,20,0,0,30,6,36,76,20,96,132
01/19/2003,VCV,CA,AWP,WE,Federal Contract Tower,3,0,10,3,16,1,0,6,9,16,4,0,16,12,32,82,16,98,130
01/20/2003,VCV,CA,AWP,WE,Federal Contract Tower,2,0,10,3,15,0,0,12,5,17,2,0,22,8,32,88,22,110,142
01/21/2003,VCV,CA,AWP,WE,Federal Contract Tower,2,0,11,4,17,0,0,15,2,17,2,0,26,6,34,68,18,86,120
01/22/2003,VCV,CA,AWP,WE,Federal Contract Tower,2,0,7,3,12,2,0,13,11,26,4,0,20,14,38,72,16,88,126
01/23/2003,VCV,CA,AWP,WE,Federal Contract Tower,0,0,9,3,12,0,0,8,1,9,0,0,17,4,21,76,12,88,109
01/24/2003,VCV,CA,AWP,WE,Federal Contract Tower,1,0,6,3,10,3,0,25,3,31,4,0,31,6,41,82,14,96,137
01/25/2003,VCV,CA,AWP,WE,Federal Contract Tower,2,0,10,3,15,0,0,12,5,17,2,0,22,8,32,88,8,96,128
01/26/2003,VCV,CA,AWP,WE,Federal Contract Tower,0,0,9,3,12,0,0,16,118,134,0,0,25,121,146,96,16,112,258
01/27/2003,VCV,CA,AWP,WE,Federal Contract Tower,0,0,12,5,17,0,0,9,11,20,0,0,21,16,37,78,22,100,137
01/28/2003,VCV,CA,AWP,WE,Federal Contract Tower,0,0,13,5,18,0,0,11,7,18,0,0,24,12,36,80,14,94,130
01/29/2003,VCV,CA,AWP,WE,Federal Contract Tower,1,0,5,2,8,1,0,17,10,28,2,0,22,12,36,12,14,26,62
01/30/2003,VCV,CA,AWP,WE,Federal Contract Tower,1,0,13,5,19,0,0,33,17,50,1,0,46,22,69,22,16,38,107
01/31/2003,VCV,CA,AWP,WE,Federal Contract Tower,2,0,7,3,12,0,0,26,7,33,2,0,33,10,45,32,16,48,93
02/01/2003,VCV,CA,AWP,WE,Federal Contract Tower,2,0,10,2,14,0,0,12,2,14,2,0,22,4,28,86,16,102,130
02/02/2003,VCV,CA,AWP,WE,Federal Contract Tower,4,0,11,2,17,0,0,13,4,17,4,0,24,6,34,92,8,100,134
02/03/2003,VCV,CA,AWP,WE,Federal Contract Tower,2,0,8,1,11,0,0,10,3,13,2,0,18,4,24,76,12,88,112
02/04/2003,VCV,CA,AWP,WE,Federal Contract Tower,2,0,12,2,16,0,0,14,7,21,2,0,26,9,37,68,14,82,119
02/05/2003,VCV,CA,AWP,WE,Federal Contract Tower,6,0,15,2,23,0,0,8,4,12,6,0,23,6,35,72,6,78,113
02/06/2003,VCV,CA,AWP,WE,Federal Contract Tower,4,0,10,2,16,0,0,11,6,17,4,0,21,8,33,78,12,90,123
02/07/2003,VCV,CA,AWP,WE,Federal Contract Tower,6,0,14,2,22,2,0,10,2,14,8,0,24,4,36,82,4,86,122
02/08/2003,VCV,CA,AWP,WE,Federal Contract Tower,6,0,14,2,22,0,0,14,0,14,6,0,28,2,36,88,6,94,130
02/09/2003,VCV,CA,AWP,WE,Federal Contract Tower,4,0,14,0,18,0,0,18,0,18,4,0,32,0,36,78,6,84,120
02/10/2003,VCV,CA,AWP,WE,Federal Contract Tower,2,0,10,0,12,0,0,14,0,14,2,0,24,0,26,78,6,84,110
02/11/2003,VCV,CA,AWP,WE,Federal Contract Tower,2,0,12,2,16,0,0,16,0,16,2,0,28,2,32,80,2,82,114
02/12/2003,VCV,CA,AWP,WE,Federal Contract Tower,3,0,10,3,16,1,0,12,1,14,4,0,22,4,30,92,0,92,122
02/13/2003,VCV,CA,AWP,WE,Federal Contract Tower,4,0,16,4,24,4,0,8,2,14,8,0,24,6,38,76,4,80,118
02/14/2003,VCV,CA,AWP,WE,Federal Contract Tower,6,0,20,4,30,6,0,10,2,18,12,0,30,6,48,74,4,78,126
02/15/2003,VCV,CA,AWP,WE,Federal Contract Tower,4,0,16,4,24,2,0,18,0,20,6,0,34,4,44,84,8,92,136
02/16/2003,VCV,CA,AWP,WE,Federal Contract Tower,0,0,10,3,13,0,0,18,3,21,0,0,28,6,34,68,8,76,110
02/17/2003,VCV,CA,AWP,WE,Federal Contract Tower,0,0,12,2,14,0,0,14,0,14,0,0,26,2,28,82,4,86,114
02/18/2003,VCV,CA,AWP,WE,Federal Contract Tower,0,0,11,0,11,0,0,15,0,15,0,0,26,0,26,78,6,84,110
02/19/2003,VCV,CA,AWP,WE,Federal Contract Tower,4,0,15,0,19,0,0,7,0,7,4,0,22,0,26,72,12,84,110
02/20/2003,VCV,CA,AWP,WE,Federal Contract Tower,2,0,15,2,19,0,0,17,0,17,2,0,32,2,36,66,10,76,112
02/21/2003,VCV,CA,AWP,WE,Federal Contract Tower,4,0,17,3,24,0,0,21,3,24,4,0,38,6,48,84,8,92,140
02/22/2003,VCV,CA,AWP,WE,Federal Contract Tower,3,0,10,1,14,3,0,22,3,28,6,0,32,4,42,74,4,78,120
02/23/2003,VCV,CA,AWP,WE,Federal Contract Tower,4,0,17,3,24,2,0,7,5,14,6,0,24,8,38,74,6,80,118
02/24/2003,VCV,CA,AWP,WE,Federal Contract Tower,4,0,17,2,23,6,0,11,0,17,10,0,28,2,40,82,6,88,128
02/25/2003,VCV,CA,AWP,WE,Federal Contract Tower,2,0,11,2,15,0,0,13,0,13,2,0,24,2,28,88,4,92,120
02/26/2003,VCV,CA,AWP,WE,Federal Contract Tower,4,0,15,2,21,2,0,7,4,13,6,0,22,6,34,76,0,76,110
02/27/2003,VCV,CA,AWP,WE,Federal Contract Tower,0,0,13,2,15,0,0,19,2,21,0,0,32,4,36,68,0,68,104
02/28/2003,VCV,CA,AWP,WE,Federal Contract Tower,2,0,13,2,17,0,0,15,0,15,2,0,28,2,32,72,2,74,106
03/01/2003,VCV,CA,AWP,WE,Federal Contract Tower,2,0,12,8,22,0,0,14,0,14,2,0,26,8,36,62,8,70,106
03/02/2003,VCV,CA,AWP,WE,Federal Contract Tower,3,0,14,6,23,0,0,24,0,24,3,0,38,6,47,66,2,68,115
03/03/2003,VCV,CA,AWP,WE,Federal Contract Tower,3,0,14,4,21,0,0,28,0,28,3,0,42,4,49,74,6,80,129
03/04/2003,VCV,CA,AWP,WE,Federal Contract Tower,3,0,12,4,19,1,0,17,0,18,4,0,29,4,37,82,4,86,123
03/05/2003,VCV,CA,AWP,WE,Federal Contract Tower,4,0,15,6,25,2,0,22,0,24,6,0,37,6,49,66,4,70,119
03/06/2003,VCV,CA,AWP,WE,Federal Contract Tower,3,0,12,2,17,5,0,16,0,21,8,0,28,2,38,62,2,64,102
03/07/2003,VCV,CA,AWP,WE,Federal Contract Tower,2,0,9,4,15,0,0,13,0,13,2,0,22,4,28,48,6,54,82
03/08/2003,VCV,CA,AWP,WE,Federal Contract Tower,4,0,14,6,24,0,0,22,0,22,4,0,36,6,46,64,2,66,112
03/09/2003,VCV,CA,AWP,WE,Federal Contract Tower,4,0,17,6,27,0,0,27,0,27,4,0,44,6,54,62,4,66,120
03/10/2003,VCV,CA,AWP,WE,Federal Contract Tower,0,0,8,2,10,0,0,17,0,17,0,0,25,2,27,68,4,72,99
03/11/2003,VCV,CA,AWP,WE,Federal Contract Tower,2,0,16,12,30,0,0,12,4,16,2,0,28,16,46,54,0,54,100
03/12/2003,VCV,CA,AWP,WE,Federal Contract Tower,6,0,23,17,46,0,0,12,7,19,6,0,35,24,65,72,0,72,137
03/13/2003,VCV,CA,AWP,WE,Federal Contract Tower,4,0,20,15,39,0,0,17,3,20,4,0,37,18,59,64,0,64,123
03/14/2003,VCV,CA,AWP,WE,Federal Contract Tower,3,0,18,14,35,0,0,30,0,30,3,0,48,14,65,86,6,92,157
03/15/2003,VCV,CA,AWP,WE,Federal Contract Tower,3,0,20,16,39,0,0,22,6,28,3,0,42,22,67,68,2,70,137
03/16/2003,VCV,CA,AWP,WE,Federal Contract Tower,0,0,18,13,31,0,0,23,3,26,0,0,41,16,57,74,4,78,135
03/17/2003,VCV,CA,AWP,WE,Federal Contract Tower,0,0,17,14,31,0,0,18,0,18,0,0,35,14,49,88,2,90,139
03/18/2003,VCV,CA,AWP,WE,Federal Contract Tower,0,0,14,10,24,0,0,29,0,29,0,0,43,10,53,56,0,56,109
03/19/2003,VCV,CA,AWP,WE,Federal Contract Tower,2,0,14,10,26,0,0,18,2,20,2,0,32,12,46,48,0,48,94
03/20/2003,VCV,CA,AWP,WE,Federal Contract Tower,2,0,23,16,41,0,0,10,10,20,2,0,33,26,61,62,8,70,131
03/21/2003,VCV,CA,AWP,WE,Federal Contract Tower,4,0,21,15,40,0,0,10,7,17,4,0,31,22,57,58,6,64,121
03/22/2003,VCV,CA,AWP,WE,Federal Contract Tower,4,0,19,14,37,0,0,10,4,14,4,0,29,18,51,66,2,68,119
03/23/2003,VCV,CA,AWP,WE,Federal Contract Tower,4,0,21,15,40,0,0,26,1,27,4,0,47,16,67,74,2,76,143
03/24/2003,VCV,CA,AWP,WE,Federal Contract Tower,5,0,23,17,45,3,0,9,2,14,8,0,32,19,59,82,4,86,145
03/25/2003,VCV,CA,AWP,WE,Federal Contract Tower,4,0,20,15,39,2,0,24,0,26,6,0,44,15,65,62,8,70,135
03/26/2003,VCV,CA,AWP,WE,Federal Contract Tower,4,0,22,16,42,2,0,1,8,11,6,0,23,24,53,76,10,86,139
03/27/2003,VCV,CA,AWP,WE,Federal Contract Tower,4,0,22,16,42,4,0,14,4,22,8,0,36,20,64,68,6,74,138
03/28/2003,VCV,CA,AWP,WE,Federal Contract Tower,4,0,20,15,39,0,0,22,0,22,4,0,42,15,61,82,14,96,157
03/29/2003,VCV,CA,AWP,WE,Federal Contract Tower,3,0,17,6,26,1,0,21,0,22,4,0,38,6,48,66,8,74,122
03/30/2003,VCV,CA,AWP,WE,Federal Contract Tower,2,0,14,8,24,4,0,17,0,21,6,0,31,8,45,70,8,78,123
03/31/2003,VCV,CA,AWP,WE,Federal Contract Tower,3,0,14,5,22,3,0,9,0,12,6,0,23,5,34,76,12,88,122
04/01/2003,VCV,CA,AWP,WE,Federal Contract Tower,4,0,17,4,25,0,0,19,2,21,4,0,36,6,46,96,4,100,146
04/02/2003,VCV,CA,AWP,WE,Federal Contract Tower,2,0,19,4,25,0,0,23,4,27,2,0,42,8,52,102,6,108,160
04/03/2003,VCV,CA,AWP,WE,Federal Contract Tower,2,0,15,4,21,0,0,15,4,19,2,0,30,8,40,88,6,94,134
04/04/2003,VCV,CA,AWP,WE,Federal Contract Tower,3,0,15,4,22,3,0,11,0,14,6,0,26,4,36,92,4,96,132
04/05/2003,VCV,CA,AWP,WE,Federal Contract Tower,4,0,18,2,24,0,0,16,0,16,4,0,34,2,40,104,2,106,146
04/06/2003,VCV,CA,AWP,WE,Federal Contract Tower,4,0,17,2,23,2,0,11,0,13,6,0,28,2,36,82,8,90,126
04/07/2003,VCV,CA,AWP,WE,Federal Contract Tower,2,0,15,4,21,0,0,7,0,7,2,0,22,4,28,94,6,100,128
04/08/2003,VCV,CA,AWP,WE,Federal Contract Tower,2,0,18,2,22,0,0,18,0,18,2,0,36,2,40,88,4,92,132
04/09/2003,VCV,CA,AWP,WE,Federal Contract Tower,0,0,18,4,22,0,0,22,0,22,0,0,40,4,44,78,2,80,124
04/10/2003,VCV,CA,AWP,WE,Federal Contract Tower,0,0,16,3,19,0,0,22,3,25,0,0,38,6,44,92,2,94,138
04/11/2003,VCV,CA,AWP,WE,Federal Contract Tower,0,0,14,4,18,0,0,18,2,20,0,0,32,6,38,112,4,116,154
04/12/2003,VCV,CA,AWP,WE,Federal Contract Tower,2,0,15,4,21,0,0,7,4,11,2,0,22,8,32,96,7,103,135
04/13/2003,VCV,CA,AWP,WE,Federal Contract Tower,4,0,26,6,36,0,0,20,6,26,4,0,46,12,62,86,5,91,153
04/14/2003,VCV,CA,AWP,WE,Federal Contract Tower,5,0,22,5,32,1,0,20,11,32,6,0,42,16,64,88,9,97,161
04/15/2003,VCV,CA,AWP,WE,Federal Contract Tower,3,0,21,4,28,0,0,17,0,17,3,0,38,4,45,98,3,101,146
04/16/2003,VCV,CA,AWP,WE,Federal Contract Tower,5,0,25,5,35,0,0,7,7,14,5,0,32,12,49,104,4,108,157
04/17/2003,VCV,CA,AWP,WE,Federal Contract Tower,3,0,22,5,30,3,0,6,19,28,6,0,28,24,58,90,6,96,154
04/18/2003,VCV,CA,AWP,WE,Federal Contract Tower,0,0,18,4,22,0,0,18,8,26,0,0,36,12,48,82,8,90,138
04/19/2003,VCV,CA,AWP,WE,Federal Contract Tower,0,0,13,3,16,0,0,10,7,17,0,0,23,10,33,108,6,114,147
04/20/2003,VCV,CA,AWP,WE,Federal Contract Tower,2,0,17,3,22,0,0,18,5,23,2,0,35,8,45,86,8,94,139
04/21/2003,VCV,CA,AWP,WE,Federal Contract Tower,3,0,22,5,30,1,0,14,1,16,4,0,36,6,46,94,4,98,144
04/22/2003,VCV,CA,AWP,WE,Federal Contract Tower,4,0,25,6,35,0,0,22,6,28,4,0,47,12,63,98,2,100,163
04/23/2003,VCV,CA,AWP,WE,Federal Contract Tower,4,0,25,5,34,2,0,18,5,25,6,0,43,10,59,116,7,123,182
04/24/2003,VCV,CA,AWP,WE,Federal Contract Tower,3,0,20,5,28,5,0,8,3,16,8,0,28,8,44,92,4,96,140
04/25/2003,VCV,CA,AWP,WE,Federal Contract Tower,4,0,23,5,32,8,0,13,3,24,12,0,36,8,56,98,2,100,156
04/26/2003,VCV,CA,AWP,WE,Federal Contract Tower,2,0,23,4,29,0,0,19,0,19,2,0,42,4,48,88,3,91,139
04/27/2003,VCV,CA,AWP,WE,Federal Contract Tower,5,0,32,7,44,5,0,15,9,29,10,0,47,16,73,92,6,98,171
04/28/2003,VCV,CA,AWP,WE,Federal Contract Tower,0,0,18,3,21,0,0,25,9,34,0,0,43,12,55,96,8,104,159
04/29/2003,VCV,CA,AWP,WE,Federal Contract Tower,2,0,16,4,22,0,0,11,4,15,2,0,27,8,37,88,4,92,129
04/30/2003,VCV,CA,AWP,WE,Federal Contract Tower,0,0,2,0,2,2,0,23,10,35,2,0,25,10,37,92,6,98,135
05/01/2003,VCV,CA,AWP,WE,Federal Contract Tower,2,0,11,5,18,0,0,13,5,18,2,0,24,10,36,78,10,88,124
05/02/2003,VCV,CA,AWP,WE,Federal Contract Tower,3,0,14,7,24,1,0,14,5,20,4,0,28,12,44,72,8,80,124
05/03/2003,VCV,CA,AWP,WE,Federal Contract Tower,3,0,13,6,22,3,0,9,2,14,6,0,22,8,36,76,12,88,124
05/04/2003,VCV,CA,AWP,WE,Federal Contract Tower,4,0,16,7,27,0,0,16,7,23,4,0,32,14,50,86,18,104,154
05/05/2003,VCV,CA,AWP,WE,Federal Contract Tower,3,0,14,6,23,3,0,10,0,13,6,0,24,6,36,82,10,92,128
05/06/2003,VCV,CA,AWP,WE,Federal Contract Tower,0,0,12,5,17,0,0,14,7,21,0,0,26,12,38,88,6,94,132
05/07/2003,VCV,CA,AWP,WE,Federal Contract Tower,0,0,10,4,14,0,0,12,6,18,0,0,22,10,32,82,4,86,118
05/08/2003,VCV,CA,AWP,WE,Federal Contract Tower,0,0,15,6,21,0,0,19,6,25,0,0,34,12,46,94,12,106,152
05/09/2003,VCV,CA,AWP,WE,Federal Contract Tower,3,0,14,7,24,3,0,12,1,16,6,0,26,8,40,86,10,96,136
05/10/2003,VCV,CA,AWP,WE,Federal Contract Tower,2,0,11,4,17,0,0,13,2,15,2,0,24,6,32,84,4,88,120
05/11/2003,VCV,CA,AWP,WE,Federal Contract Tower,3,0,10,4,17,0,0,8,4,12,3,0,18,8,29,78,8,86,115
05/12/2003,VCV,CA,AWP,WE,Federal Contract Tower,3,0,14,7,24,2,0,12,3,17,5,0,26,10,41,92,10,102,143
05/13/2003,VCV,CA,AWP,WE,Federal Contract Tower,3,0,13,5,21,1,0,7,9,17,4,0,20,14,38,82,14,96,134
05/14/2003,VCV,CA,AWP,WE,Federal Contract Tower,2,0,13,6,21,0,0,15,6,21,2,0,28,12,42,76,4,80,122
05/15/2003,VCV,CA,AWP,WE,Federal Contract Tower,2,0,11,4,17,0,0,11,4,15,2,0,22,8,32,84,10,94,126
05/16/2003,VCV,CA,AWP,WE,Federal Contract Tower,0,0,11,6,17,0,0,13,4,17,0,0,24,10,34,78,6,84,118
05/17/2003,VCV,CA,AWP,WE,Federal Contract Tower,0,0,13,7,20,0,0,19,5,24,0,0,32,12,44,94,12,106,150
05/18/2003,VCV,CA,AWP,WE,Federal Contract Tower,0,0,12,5,17,0,0,16,3,19,0,0,28,8,36,88,8,96,132
05/19/2003,VCV,CA,AWP,WE,Federal Contract Tower,2,0,14,5,21,0,0,10,9,19,2,0,24,14,40,96,10,106,146
05/20/2003,VCV,CA,AWP,WE,Federal Contract Tower,0,0,13,5,18,0,0,12,7,19,0,0,25,12,37,72,4,76,113
05/21/2003,VCV,CA,AWP,WE,Federal Contract Tower,2,0,12,4,18,2,0,9,2,13,4,0,21,6,31,92,16,108,139
05/22/2003,VCV,CA,AWP,WE,Federal Contract Tower,2,0,14,6,22,3,0,9,2,14,5,0,23,8,36,86,8,94,130
05/23/2003,VCV,CA,AWP,WE,Federal Contract Tower,3,0,18,7,28,4,0,9,7,20,7,0,27,14,48,82,10,92,140
05/24/2003,VCV,CA,AWP,WE,Federal Contract Tower,2,0,15,6,23,0,0,9,4,13,2,0,24,10,36,94,12,106,142
05/25/2003,VCV,CA,AWP,WE,Federal Contract Tower,2,0,15,7,24,2,0,13,5,20,4,0,28,12,44,88,6,94,138
05/26/2003,VCV,CA,AWP,WE,Federal Contract Tower,0,0,14,5,19,0,0,8,13,21,0,0,22,18,40,96,8,104,144
05/27/2003,VCV,CA,AWP,WE,Federal Contract Tower,0,0,12,5,17,0,0,14,5,19,0,0,26,10,36,84,10,94,130
05/28/2003,VCV,CA,AWP,WE,Federal Contract Tower,2,0,15,6,23,2,0,13,2,17,4,0,28,8,40,76,14,90,130
05/29/2003,VCV,CA,AWP,WE,Federal Contract Tower,2,0,14,5,21,0,0,10,9,19,2,0,24,14,40,82,8,90,130
05/30/2003,VCV,CA,AWP,WE,Federal Contract Tower,2,0,14,5,21,2,0,8,7,17,4,0,22,12,38,88,12,100,138
05/31/2003,VCV,CA,AWP,WE,Federal Contract Tower,0,0,13,5,18,0,0,13,5,18,0,0,26,10,36,76,10,86,122
06/01/2003,VCV,CA,AWP,WE,Federal Contract Tower,2,0,11,2,15,0,0,15,4,19,2,0,26,6,34,96,14,110,144
06/02/2003,VCV,CA,AWP,WE,Federal Contract Tower,4,0,12,2,18,0,0,10,2,12,4,0,22,4,30,92,16,108,138
06/03/2003,VCV,CA,AWP,WE,Federal Contract Tower,4,0,11,2,17,2,0,5,2,9,6,0,16,4,26,88,22,110,136
06/04/2003,VCV,CA,AWP,WE,Federal Contract Tower,4,0,10,2,16,2,0,4,0,6,6,0,14,2,22,82,16,98,120
06/05/2003,VCV,CA,AWP,WE,Federal Contract Tower,0,0,5,1,6,0,0,7,1,8,0,0,12,2,14,90,14,104,118
06/06/2003,VCV,CA,AWP,WE,Federal Contract Tower,0,0,8,0,8,0,0,14,0,14,0,0,22,0,22,84,18,102,124
06/07/2003,VCV,CA,AWP,WE,Federal Contract Tower,3,0,9,0,12,1,0,9,0,10,4,0,18,0,22,88,20,108,130
06/08/2003,VCV,CA,AWP,WE,Federal Contract Tower,4,0,12,0,16,0,0,12,0,12,4,0,24,0,28,86,12,98,126
06/09/2003,VCV,CA,AWP,WE,Federal Contract Tower,4,0,15,2,21,2,0,11,0,13,6,0,26,2,34,94,28,122,156
06/10/2003,VCV,CA,AWP,WE,Federal Contract Tower,0,0,9,2,11,0,0,13,2,15,0,0,22,4,26,88,22,110,136
06/11/2003,VCV,CA,AWP,WE,Federal Contract Tower,2,0,8,2,12,0,0,8,2,10,2,0,16,4,22,84,18,102,124
06/12/2003,VCV,CA,AWP,WE,Federal Contract Tower,4,0,15,3,22,0,0,13,5,18,4,0,28,8,40,78,12,90,130
06/13/2003,VCV,CA,AWP,WE,Federal Contract Tower,2,0,8,2,12,0,0,10,0,10,2,0,18,2,22,82,14,96,118
06/14/2003,VCV,CA,AWP,WE,Federal Contract Tower,2,0,9,2,13,0,0,11,2,13,2,0,20,4,26,86,26,112,138
06/15/2003,VCV,CA,AWP,WE,Federal Contract Tower,4,0,12,2,18,0,0,10,0,10,4,0,22,2,28,82,24,106,134
06/16/2003,VCV,CA,AWP,WE,Federal Contract Tower,4,0,15,3,22,2,0,11,3,16,6,0,26,6,38,80,16,96,134
06/17/2003,VCV,CA,AWP,WE,Federal Contract Tower,4,0,16,2,22,6,0,4,2,12,10,0,20,4,34,88,12,100,134
06/18/2003,VCV,CA,AWP,WE,Federal Contract Tower,0,0,10,1,11,0,0,14,3,17,0,0,24,4,28,94,16,110,138
06/19/2003,VCV,CA,AWP,WE,Federal Contract Tower,0,0,11,1,12,0,0,17,1,18,0,0,28,2,30,96,22,118,148
06/20/2003,VCV,CA,AWP,WE,Federal Contract Tower,0,0,9,0,9,0,0,13,0,13,0,0,22,0,22,82,20,102,124
06/21/2003,VCV,CA,AWP,WE,Federal Contract Tower,2,0,9,0,11,0,0,11,0,11,2,0,20,0,22,76,18,94,116
06/22/2003,VCV,CA,AWP,WE,Federal Contract Tower,2,0,9,1,12,0,0,7,1,8,2,0,16,2,20,84,24,108,128
06/23/2003,VCV,CA,AWP,WE,Federal Contract Tower,3,0,10,1,14,0,0,8,3,11,3,0,18,4,25,88,16,104,129
06/24/2003,VCV,CA,AWP,WE,Federal Contract Tower,5,0,16,2,23,2,0,12,0,14,7,0,28,2,37,92,18,110,147
06/25/2003,VCV,CA,AWP,WE,Federal Contract Tower,4,0,13,1,18,0,0,11,3,14,4,0,24,4,32,74,24,98,130
06/26/2003,VCV,CA,AWP,WE,Federal Contract Tower,3,0,14,2,19,5,0,8,0,13,8,0,22,2,32,90,12,102,134
06/27/2003,VCV,CA,AWP,WE,Federal Contract Tower,4,0,14,2,20,0,0,4,0,4,4,0,18,2,24,82,16,98,122
06/28/2003,VCV,CA,AWP,WE,Federal Contract Tower,2,0,9,1,12,0,0,19,5,24,2,0,28,6,36,78,14,92,128
06/29/2003,VCV,CA,AWP,WE,Federal Contract Tower,2,0,9,1,12,0,0,7,1,8,2,0,16,2,20,90,20,110,130
06/30/2003,VCV,CA,AWP,WE,Federal Contract Tower,2,0,10,1,13,0,0,8,3,11,2,0,18,4,24,88,16,104,128
07/01/2003,VCV,CA,AWP,WE,Federal Contract Tower,3,0,10,2,15,1,0,12,0,13,4,0,22,2,28,86,6,92,120
07/02/2003,VCV,CA,AWP,WE,Federal Contract Tower,2,0,10,2,14,0,0,14,0,14,2,0,24,2,28,92,4,96,124
07/03/2003,VCV,CA,AWP,WE,Federal Contract Tower,4,0,14,3,21,0,0,18,0,18,4,0,32,3,39,74,14,88,127
07/04/2003,VCV,CA,AWP,WE,Federal Contract Tower,0,0,8,2,10,0,0,20,0,20,0,0,28,2,30,98,6,104,134
07/05/2003,VCV,CA,AWP,WE,Federal Contract Tower,2,0,10,3,15,0,0,12,0,12,2,0,22,3,27,88,2,90,117
07/06/2003,VCV,CA,AWP,WE,Federal Contract Tower,2,0,8,4,14,0,0,10,0,10,2,0,18,4,24,84,4,88,112
07/07/2003,VCV,CA,AWP,WE,Federal Contract Tower,0,0,10,3,13,0,0,16,0,16,0,0,26,3,29,96,2,98,127
07/08/2003,VCV,CA,AWP,WE,Federal Contract Tower,2,0,11,5,18,0,0,11,0,11,2,0,22,5,29,82,8,90,119
07/09/2003,VCV,CA,AWP,WE,Federal Contract Tower,4,0,17,7,28,0,0,7,1,8,4,0,24,8,36,88,8,96,132
07/10/2003,VCV,CA,AWP,WE,Federal Contract Tower,2,0,10,4,16,0,0,8,1,9,2,0,18,5,25,86,10,96,121
07/11/2003,VCV,CA,AWP,WE,Federal Contract Tower,2,0,14,5,21,0,0,8,4,12,2,0,22,9,33,78,12,90,123
07/12/2003,VCV,CA,AWP,WE,Federal Contract Tower,4,0,14,4,22,1,0,12,0,13,5,0,26,4,35,80,6,86,121
07/13/2003,VCV,CA,AWP,WE,Federal Contract Tower,3,0,9,3,15,0,0,11,1,12,3,0,20,4,27,96,0,96,123
07/14/2003,VCV,CA,AWP,WE,Federal Contract Tower,0,0,9,4,13,0,0,9,2,11,0,0,18,6,24,102,0,102,126
07/15/2003,VCV,CA,AWP,WE,Federal Contract Tower,0,0,9,4,13,0,0,5,5,10,0,0,14,9,23,98,2,100,123
07/16/2003,VCV,CA,AWP,WE,Federal Contract Tower,0,0,11,6,17,0,0,11,1,12,0,0,22,7,29,86,8,94,123
07/17/2003,VCV,CA,AWP,WE,Federal Contract Tower,0,0,10,3,13,0,0,18,0,18,0,0,28,3,31,78,4,82,113
07/18/2003,VCV,CA,AWP,WE,Federal Contract Tower,3,0,16,5,24,3,0,8,0,11,6,0,24,5,35,92,6,98,133
07/19/2003,VCV,CA,AWP,WE,Federal Contract Tower,2,0,12,5,19,2,0,4,2,8,4,0,16,7,27,84,4,88,115
07/20/2003,VCV,CA,AWP,WE,Federal Contract Tower,3,0,16,6,25,1,0,10,1,12,4,0,26,7,37,82,4,86,123
07/21/2003,VCV,CA,AWP,WE,Federal Contract Tower,2,0,14,5,21,0,0,8,3,11,2,0,22,8,32,78,2,80,112
07/22/2003,VCV,CA,AWP,WE,Federal Contract Tower,2,0,13,4,19,7,0,5,0,12,9,0,18,4,31,96,0,96,127
07/23/2003,VCV,CA,AWP,WE,Federal Contract Tower,2,0,13,4,19,1,0,10,0,11,3,0,23,4,30,84,0,84,114
07/24/2003,VCV,CA,AWP,WE,Federal Contract Tower,3,0,16,6,25,4,0,9,0,13,7,0,25,6,38,98,2,100,138
07/25/2003,VCV,CA,AWP,WE,Federal Contract Tower,2,0,13,4,19,3,0,9,0,12,5,0,22,4,31,90,6,96,127
07/26/2003,VCV,CA,AWP,WE,Federal Contract Tower,2,0,14,5,21,0,0,7,1,8,2,0,21,6,29,82,8,90,119
07/27/2003,VCV,CA,AWP,WE,Federal Contract Tower,0,0,10,4,14,0,0,13,0,13,0,0,23,4,27,84,6,90,117
07/28/2003,VCV,CA,AWP,WE,Federal Contract Tower,0,0,11,2,13,0,0,15,0,15,0,0,26,2,28,88,8,96,124
07/29/2003,VCV,CA,AWP,WE,Federal Contract Tower,2,0,13,5,20,2,0,6,3,11,4,0,19,8,31,92,6,98,129
07/30/2003,VCV,CA,AWP,WE,Federal Contract Tower,2,0,13,4,19,2,0,9,0,11,4,0,22,4,30,76,6,82,112
07/31/2003,VCV,CA,AWP,WE,Federal Contract Tower,2,0,14,5,21,0,0,10,1,11,2,0,24,6,32,88,4,92,124
08/01/2003,VCV,CA,AWP,WE,Federal Contract Tower,5,0,16,4,25,1,0,16,0,17,6,0,32,4,42,88,16,104,146
08/02/2003,VCV,CA,AWP,WE,Federal Contract Tower,2,0,11,3,16,0,0,15,1,16,2,0,26,4,32,84,22,106,138
08/03/2003,VCV,CA,AWP,WE,Federal Contract Tower,2,0,12,4,18,0,0,12,2,14,2,0,24,6,32,78,6,84,116
08/04/2003,VCV,CA,AWP,WE,Federal Contract Tower,2,0,11,2,15,0,0,19,0,19,2,0,30,2,34,92,8,100,134
08/05/2003,VCV,CA,AWP,WE,Federal Contract Tower,0,0,10,3,13,0,0,17,5,22,0,0,27,8,35,102,8,110,145
08/06/2003,VCV,CA,AWP,WE,Federal Contract Tower,0,0,11,3,14,0,0,14,5,19,0,0,25,8,33,116,10,126,159
08/07/2003,VCV,CA,AWP,WE,Federal Contract Tower,4,0,16,5,25,2,0,18,1,21,6,0,34,6,46,94,12,106,152
08/08/2003,VCV,CA,AWP,WE,Federal Contract Tower,5,0,14,4,23,3,0,17,2,22,8,0,31,6,45,84,16,100,145
08/09/2003,VCV,CA,AWP,WE,Federal Contract Tower,3,0,12,3,18,3,0,11,0,14,6,0,23,3,32,106,12,118,150
08/10/2003,VCV,CA,AWP,WE,Federal Contract Tower,4,0,14,4,22,0,0,14,1,15,4,0,28,5,37,96,8,104,141
08/11/2003,VCV,CA,AWP,WE,Federal Contract Tower,3,0,12,4,19,1,0,6,2,9,4,0,18,6,28,123,12,135,163
08/12/2003,VCV,CA,AWP,WE,Federal Contract Tower,2,0,13,4,19,0,0,21,0,21,2,0,34,4,40,80,14,94,134
08/13/2003,VCV,CA,AWP,WE,Federal Contract Tower,5,0,15,2,22,1,0,17,0,18,6,0,32,2,40,74,22,96,136
08/14/2003,VCV,CA,AWP,WE,Federal Contract Tower,0,0,11,3,14,0,0,16,4,20,0,0,27,7,34,86,8,94,128
08/15/2003,VCV,CA,AWP,WE,Federal Contract Tower,0,0,10,3,13,0,0,14,1,15,0,0,24,4,28,88,6,94,122
08/16/2003,VCV,CA,AWP,WE,Federal Contract Tower,0,0,9,2,11,0,0,10,4,14,0,0,19,6,25,72,14,86,111
08/17/2003,VCV,CA,AWP,WE,Federal Contract Tower,4,0,15,3,22,0,0,13,2,15,4,0,28,5,37,102,16,118,155
08/18/2003,VCV,CA,AWP,WE,Federal Contract Tower,5,0,16,3,24,1,0,14,0,15,6,0,30,3,39,98,22,120,159
08/19/2003,VCV,CA,AWP,WE,Federal Contract Tower,4,0,14,3,21,2,0,11,3,16,6,0,25,6,37,108,12,120,157
08/20/2003,VCV,CA,AWP,WE,Federal Contract Tower,5,0,15,3,23,3,0,12,1,16,8,0,27,4,39,92,10,102,141
08/21/2003,VCV,CA,AWP,WE,Federal Contract Tower,4,0,14,3,21,3,0,9,5,17,7,0,23,8,38,86,8,94,132
08/22/2003,VCV,CA,AWP,WE,Federal Contract Tower,4,0,13,2,19,1,0,13,0,14,5,0,26,2,33,90,20,110,143
08/23/2003,VCV,CA,AWP,WE,Federal Contract Tower,4,0,15,3,22,0,0,17,0,17,4,0,32,3,39,112,12,124,163
08/24/2003,VCV,CA,AWP,WE,Federal Contract Tower,2,0,13,2,17,0,0,18,0,18,2,0,31,2,35,86,14,100,135
08/25/2003,VCV,CA,AWP,WE,Federal Contract Tower,4,0,17,4,25,6,0,10,0,16,10,0,27,4,41,92,22,114,155
08/26/2003,VCV,CA,AWP,WE,Federal Contract Tower,2,0,9,2,13,0,0,9,4,13,2,0,18,6,26,78,14,92,118
08/27/2003,VCV,CA,AWP,WE,Federal Contract Tower,2,0,14,3,19,0,0,14,2,16,2,0,28,5,35,84,16,100,135
08/28/2003,VCV,CA,AWP,WE,Federal Contract Tower,5,0,17,4,26,1,0,13,4,18,6,0,30,8,44,88,8,96,140
08/29/2003,VCV,CA,AWP,WE,Federal Contract Tower,4,0,15,2,21,4,0,9,0,13,8,0,24,2,34,96,6,102,136
08/30/2003,VCV,CA,AWP,WE,Federal Contract Tower,3,0,11,2,16,1,0,11,0,12,4,0,22,2,28,82,6,88,116
08/31/2003,VCV,CA,AWP,WE,Federal Contract Tower,2,0,8,1,11,0,0,10,3,13,2,0,18,4,24,72,4,76,100
09/01/2003,VCV,CA,AWP,WE,Federal Contract Tower,4,0,12,6,22,0,0,12,6,18,4,0,24,12,40,86,22,108,148
09/02/2003,VCV,CA,AWP,WE,Federal Contract Tower,4,0,10,5,19,0,0,12,5,17,4,0,22,10,36,88,18,106,142
09/03/2003,VCV,CA,AWP,WE,Federal Contract Tower,6,0,11,6,23,0,0,15,2,17,6,0,26,8,40,94,14,108,148
09/04/2003,VCV,CA,AWP,WE,Federal Contract Tower,7,0,13,6,26,1,0,19,0,20,8,0,32,6,46,78,16,94,140
09/05/2003,VCV,CA,AWP,WE,Federal Contract Tower,6,0,12,6,24,2,0,12,2,16,8,0,24,8,40,92,20,112,152
09/06/2003,VCV,CA,AWP,WE,Federal Contract Tower,2,0,8,4,14,0,0,12,6,18,2,0,20,10,32,88,24,112,144
09/07/2003,VCV,CA,AWP,WE,Federal Contract Tower,0,0,10,5,15,0,0,16,7,23,0,0,26,12,38,82,12,94,132
09/08/2003,VCV,CA,AWP,WE,Federal Contract Tower,0,0,8,4,12,0,0,17,4,21,0,0,25,8,33,76,16,92,125
09/09/2003,VCV,CA,AWP,WE,Federal Contract Tower,0,0,7,4,11,0,0,16,2,18,0,0,23,6,29,94,14,108,137
09/10/2003,VCV,CA,AWP,WE,Federal Contract Tower,4,0,13,7,24,0,0,9,11,20,4,0,22,18,44,84,18,102,146
09/11/2003,VCV,CA,AWP,WE,Federal Contract Tower,6,0,10,5,21,2,0,17,1,20,8,0,27,6,41,88,20,108,149
09/12/2003,VCV,CA,AWP,WE,Federal Contract Tower,7,0,14,7,28,5,0,7,5,17,12,0,21,12,45,82,16,98,143
09/13/2003,VCV,CA,AWP,WE,Federal Contract Tower,8,0,18,9,35,2,0,0,13,15,10,0,18,22,50,78,12,90,140
09/14/2003,VCV,CA,AWP,WE,Federal Contract Tower,6,0,12,6,24,2,0,12,2,16,8,0,24,8,40,94,22,116,156
09/15/2003,VCV,CA,AWP,WE,Federal Contract Tower,7,0,14,6,27,4,0,2,10,16,11,0,16,16,43,102,16,118,161
09/16/2003,VCV,CA,AWP,WE,Federal Contract Tower,8,0,16,7,31,1,0,12,5,18,9,0,28,12,49,88,18,106,155
09/17/2003,VCV,CA,AWP,WE,Federal Contract Tower,6,0,13,5,24,0,0,11,3,14,6,0,24,8,38,98,14,112,150
09/18/2003,VCV,CA,AWP,WE,Federal Contract Tower,4,0,12,5,21,0,0,6,11,17,4,0,18,16,38,86,12,98,136
09/19/2003,VCV,CA,AWP,WE,Federal Contract Tower,7,0,13,5,25,1,0,9,5,15,8,0,22,10,40,106,22,128,168
09/20/2003,VCV,CA,AWP,WE,Federal Contract Tower,8,0,17,7,32,4,0,8,5,17,12,0,25,12,49,100,18,118,167
09/21/2003,VCV,CA,AWP,WE,Federal Contract Tower,6,0,13,5,24,0,0,8,9,17,6,0,21,14,41,96,12,108,149
09/22/2003,VCV,CA,AWP,WE,Federal Contract Tower,2,0,13,5,20,0,0,17,7,24,2,0,30,12,44,88,16,104,148
09/23/2003,VCV,CA,AWP,WE,Federal Contract Tower,2,0,11,4,17,0,0,5,12,17,2,0,16,16,34,94,10,104,138
09/24/2003,VCV,CA,AWP,WE,Federal Contract Tower,0,0,8,3,11,0,0,13,5,18,0,0,21,8,29,98,20,118,147
09/25/2003,VCV,CA,AWP,WE,Federal Contract Tower,0,0,9,3,12,0,0,17,3,20,0,0,26,6,32,112,18,130,162
09/26/2003,VCV,CA,AWP,WE,Federal Contract Tower,8,0,17,7,32,8,0,4,5,17,16,0,21,12,49,94,14,108,157
09/27/2003,VCV,CA,AWP,WE,Federal Contract Tower,8,0,17,7,32,4,0,12,1,17,12,0,29,8,49,102,22,124,173
09/28/2003,VCV,CA,AWP,WE,Federal Contract Tower,7,0,15,6,28,3,0,8,6,17,10,0,23,12,45,84,12,96,141
09/29/2003,VCV,CA,AWP,WE,Federal Contract Tower,8,0,15,6,29,0,0,9,8,17,8,0,24,14,46,92,16,108,154
09/30/2003,VCV,CA,AWP,WE,Federal Contract Tower,4,0,10,4,18,0,0,11,6,17,4,0,21,10,35,88,14,102,137
10/01/2003,VCV,CA,AWP,WE,Federal Contract Tower,8,0,12,4,24,2,0,12,0,14,10,0,24,4,38,88,16,104,142
10/02/2003,VCV,CA,AWP,WE,Federal Contract Tower,8,0,13,6,27,0,0,19,0,19,8,0,32,6,46,84,22,106,152
10/03/2003,VCV,CA,AWP,WE,Federal Contract Tower,12,0,13,6,31,2,0,5,0,7,14,0,18,6,38,102,14,116,154
10/04/2003,VCV,CA,AWP,WE,Federal Contract Tower,4,0,12,6,22,0,0,10,6,16,4,0,22,12,38,86,18,104,142
10/05/2003,VCV,CA,AWP,WE,Federal Contract Tower,6,0,12,6,24,0,0,12,2,14,6,0,24,8,38,78,16,94,132
10/06/2003,VCV,CA,AWP,WE,Federal Contract Tower,0,0,8,4,12,0,0,12,2,14,0,0,20,6,26,86,20,106,132
10/07/2003,VCV,CA,AWP,WE,Federal Contract Tower,0,0,9,5,14,0,0,7,7,14,0,0,16,12,28,98,32,130,158
10/08/2003,VCV,CA,AWP,WE,Federal Contract Tower,8,0,12,4,24,0,0,14,0,14,8,0,26,4,38,106,16,122,160
10/09/2003,VCV,CA,AWP,WE,Federal Contract Tower,12,0,15,6,33,0,0,15,0,15,12,0,30,6,48,88,22,110,158
10/10/2003,VCV,CA,AWP,WE,Federal Contract Tower,13,0,15,8,36,1,0,7,0,8,14,0,22,8,44,96,12,108,152
10/11/2003,VCV,CA,AWP,WE,Federal Contract Tower,6,0,10,5,21,0,0,8,3,11,6,0,18,8,32,92,18,110,142
10/12/2003,VCV,CA,AWP,WE,Federal Contract Tower,4,0,13,7,24,0,0,15,3,18,4,0,28,10,42,84,30,114,156
10/13/2003,VCV,CA,AWP,WE,Federal Contract Tower,2,0,15,8,25,0,0,18,6,24,2,0,33,14,49,88,22,110,159
10/14/2003,VCV,CA,AWP,WE,Federal Contract Tower,8,0,15,8,31,0,0,6,4,10,8,0,21,12,41,98,18,116,157
10/15/2003,VCV,CA,AWP,WE,Federal Contract Tower,0,0,7,4,11,0,0,10,4,14,0,0,17,8,25,104,14,118,143
10/16/2003,VCV,CA,AWP,WE,Federal Contract Tower,10,0,13,7,30,0,0,12,1,13,10,0,25,8,43,86,20,106,149
10/17/2003,VCV,CA,AWP,WE,Federal Contract Tower,12,0,14,6,32,0,0,8,0,8,12,0,22,6,40,88,24,112,152
10/18/2003,VCV,CA,AWP,WE,Federal Contract Tower,6,0,11,2,19,0,0,17,0,17,6,0,28,2,36,112,18,130,166
10/19/2003,VCV,CA,AWP,WE,Federal Contract Tower,4,0,12,4,20,0,0,20,0,20,4,0,32,4,40,96,26,122,162
10/20/2003,VCV,CA,AWP,WE,Federal Contract Tower,15,0,18,2,35,9,0,6,0,15,24,0,24,2,50,92,28,120,170
10/21/2003,VCV,CA,AWP,WE,Federal Contract Tower,19,0,22,4,45,13,0,4,0,17,32,0,26,4,62,80,22,102,164
10/22/2003,VCV,CA,AWP,WE,Federal Contract Tower,16,0,20,6,42,2,0,14,0,16,18,0,34,6,58,86,18,104,162
10/23/2003,VCV,CA,AWP,WE,Federal Contract Tower,15,0,19,4,38,7,0,9,0,16,22,0,28,4,54,94,24,118,172
10/24/2003,VCV,CA,AWP,WE,Federal Contract Tower,23,0,27,10,60,13,0,0,0,13,36,0,27,10,73,90,8,98,171
10/25/2003,VCV,CA,AWP,WE,Federal Contract Tower,15,0,19,8,42,1,0,12,0,13,16,0,31,8,55,76,12,88,143
10/26/2003,VCV,CA,AWP,WE,Federal Contract Tower,28,0,24,12,64,20,0,0,0,20,48,0,24,12,84,94,16,110,194
10/27/2003,VCV,CA,AWP,WE,Federal Contract Tower,16,0,21,2,39,14,0,7,0,21,30,0,28,2,60,88,24,112,172
10/28/2003,VCV,CA,AWP,WE,Federal Contract Tower,18,0,23,8,49,6,0,9,0,15,24,0,32,8,64,82,22,104,168
10/29/2003,VCV,CA,AWP,WE,Federal Contract Tower,10,0,14,4,28,0,0,12,0,12,10,0,26,4,40,96,20,116,156
10/30/2003,VCV,CA,AWP,WE,Federal Contract Tower,2,0,8,3,13,0,0,16,1,17,2,0,24,4,30,86,16,102,132
10/31/2003,VCV,CA,AWP,WE,Federal Contract Tower,0,0,10,4,14,0,0,20,2,22,0,0,30,6,36,76,26,102,138
11/01/2003,VCV,CA,AWP,WE,Federal Contract Tower,4,0,11,12,27,0,0,15,0,15,4,0,26,12,42,88,22,110,152
11/02/2003,VCV,CA,AWP,WE,Federal Contract Tower,4,0,12,13,29,0,0,10,5,15,4,0,22,18,44,92,24,116,160
11/03/2003,VCV,CA,AWP,WE,Federal Contract Tower,2,0,10,10,22,0,0,8,2,10,2,0,18,12,32,98,18,116,148
11/04/2003,VCV,CA,AWP,WE,Federal Contract Tower,6,0,15,16,37,0,0,9,2,11,6,0,24,18,48,84,16,100,148
11/05/2003,VCV,CA,AWP,WE,Federal Contract Tower,8,0,15,14,37,0,0,15,0,15,8,0,30,14,52,80,22,102,154
11/06/2003,VCV,CA,AWP,WE,Federal Contract Tower,6,0,11,10,27,2,0,5,0,7,8,0,16,10,34,78,26,104,138
11/07/2003,VCV,CA,AWP,WE,Federal Contract Tower,2,0,12,13,27,0,0,14,9,23,2,0,26,22,50,94,14,108,158
11/08/2003,VCV,CA,AWP,WE,Federal Contract Tower,4,0,14,13,31,0,0,8,5,13,4,0,22,18,44,102,20,122,166
11/09/2003,VCV,CA,AWP,WE,Federal Contract Tower,6,0,11,8,25,4,0,7,0,11,10,0,18,8,36,98,22,120,156
11/10/2003,VCV,CA,AWP,WE,Federal Contract Tower,8,0,15,12,35,0,0,17,0,17,8,0,32,12,52,106,18,124,176
11/11/2003,VCV,CA,AWP,WE,Federal Contract Tower,9,0,16,14,39,3,0,12,0,15,12,0,28,14,54,92,24,116,170
11/12/2003,VCV,CA,AWP,WE,Federal Contract Tower,10,0,19,18,47,6,0,5,0,11,16,0,24,18,58,88,16,104,162
11/13/2003,VCV,CA,AWP,WE,Federal Contract Tower,9,0,15,12,36,1,0,18,0,19,10,0,33,12,55,100,12,112,167
11/14/2003,VCV,CA,AWP,WE,Federal Contract Tower,7,0,11,8,26,1,0,16,0,17,8,0,27,8,43,92,22,114,157
11/15/2003,VCV,CA,AWP,WE,Federal Contract Tower,7,0,16,12,35,5,0,9,0,14,12,0,25,12,49,96,18,114,163
11/16/2003,VCV,CA,AWP,WE,Federal Contract Tower,4,0,15,13,32,0,0,7,5,12,4,0,22,18,44,88,14,102,146
11/17/2003,VCV,CA,AWP,WE,Federal Contract Tower,4,0,16,18,38,0,0,12,4,16,4,0,28,22,54,84,20,104,158
11/18/2003,VCV,CA,AWP,WE,Federal Contract Tower,8,0,15,14,37,2,0,16,0,18,10,0,31,14,55,90,16,106,161
11/19/2003,VCV,CA,AWP,WE,Federal Contract Tower,0,0,10,10,20,0,0,17,0,17,0,0,27,10,37,82,18,100,137
11/20/2003,VCV,CA,AWP,WE,Federal Contract Tower,8,0,18,18,44,4,0,5,2,11,12,0,23,20,55,78,12,90,145
11/21/2003,VCV,CA,AWP,WE,Federal Contract Tower,8,0,18,16,42,6,0,8,0,14,14,0,26,16,56,84,16,100,156
11/22/2003,VCV,CA,AWP,WE,Federal Contract Tower,2,0,11,12,25,0,0,21,0,21,2,0,32,12,46,96,20,116,162
11/23/2003,VCV,CA,AWP,WE,Federal Contract Tower,6,0,13,14,33,0,0,16,0,16,6,0,29,14,49,104,14,118,167
11/24/2003,VCV,CA,AWP,WE,Federal Contract Tower,6,0,13,10,29,4,0,12,0,16,10,0,25,10,45,86,12,98,143
11/25/2003,VCV,CA,AWP,WE,Federal Contract Tower,0,0,7,8,15,0,0,15,0,15,0,0,22,8,30,72,8,80,110
11/26/2003,VCV,CA,AWP,WE,Federal Contract Tower,0,0,11,12,23,0,0,17,2,19,0,0,28,14,42,94,12,106,148
11/27/2003,VCV,CA,AWP,WE,Federal Contract Tower,8,0,18,16,42,4,0,13,0,17,12,0,31,16,59,82,18,100,159
11/28/2003,VCV,CA,AWP,WE,Federal Contract Tower,8,0,18,18,44,0,0,9,4,13,8,0,27,22,57,88,20,108,165
11/29/2003,VCV,CA,AWP,WE,Federal Contract Tower,9,0,18,18,45,3,0,12,0,15,12,0,30,18,60,98,16,114,174
11/30/2003,VCV,CA,AWP,WE,Federal Contract Tower,6,0,12,12,30,0,0,16,0,16,6,0,28,12,46,84,18,102,148
12/01/2003,VCV,CA,AWP,WE,Federal Contract Tower,4,0,20,8,32,2,0,7,0,9,6,0,27,8,41,88,16,104,145
12/02/2003,VCV,CA,AWP,WE,Federal Contract Tower,4,0,18,10,32,0,0,14,2,16,4,0,32,12,48,94,12,106,154
12/03/2003,VCV,CA,AWP,WE,Federal Contract Tower,2,0,18,10,30,0,0,5,6,11,2,0,23,16,41,82,14,96,137
12/04/2003,VCV,CA,AWP,WE,Federal Contract Tower,2,0,13,6,21,0,0,8,4,12,2,0,21,10,33,102,18,120,153
12/05/2003,VCV,CA,AWP,WE,Federal Contract Tower,0,0,10,5,15,0,0,8,3,11,0,0,18,8,26,106,22,128,154
12/06/2003,VCV,CA,AWP,WE,Federal Contract Tower,0,0,14,6,20,0,0,21,0,21,0,0,35,6,41,96,16,112,153
12/07/2003,VCV,CA,AWP,WE,Federal Contract Tower,0,0,11,6,17,0,0,15,0,15,0,0,26,6,32,88,12,100,132
12/08/2003,VCV,CA,AWP,WE,Federal Contract Tower,3,0,13,4,20,3,0,9,0,12,6,0,22,4,32,100,22,122,154
12/09/2003,VCV,CA,AWP,WE,Federal Contract Tower,4,0,21,10,35,0,0,13,2,15,4,0,34,12,50,98,18,116,166
12/10/2003,VCV,CA,AWP,WE,Federal Contract Tower,5,0,21,8,34,3,0,17,0,20,8,0,38,8,54,92,20,112,166
12/11/2003,VCV,CA,AWP,WE,Federal Contract Tower,5,0,21,11,37,2,0,5,5,12,7,0,26,16,49,86,14,100,149
12/12/2003,VCV,CA,AWP,WE,Federal Contract Tower,3,0,17,8,28,0,0,5,4,9,3,0,22,12,37,104,12,116,153
12/13/2003,VCV,CA,AWP,WE,Federal Contract Tower,5,0,24,13,42,5,0,6,1,12,10,0,30,14,54,88,18,106,160
12/14/2003,VCV,CA,AWP,WE,Federal Contract Tower,7,0,30,15,52,5,0,6,3,14,12,0,36,18,66,94,22,116,182
12/15/2003,VCV,CA,AWP,WE,Federal Contract Tower,3,0,16,8,27,1,0,16,0,17,4,0,32,8,44,92,12,104,148
12/16/2003,VCV,CA,AWP,WE,Federal Contract Tower,2,0,14,4,20,2,0,14,0,16,4,0,28,4,36,106,20,126,162
12/17/2003,VCV,CA,AWP,WE,Federal Contract Tower,2,0,15,7,24,0,0,6,3,9,2,0,21,10,33,78,16,94,127
12/18/2003,VCV,CA,AWP,WE,Federal Contract Tower,3,0,18,8,29,3,0,11,0,14,6,0,29,8,43,88,12,100,143
12/19/2003,VCV,CA,AWP,WE,Federal Contract Tower,0,0,12,2,14,0,0,19,0,19,0,0,31,2,33,96,18,114,147
12/20/2003,VCV,CA,AWP,WE,Federal Contract Tower,2,0,19,10,31,0,0,9,6,15,2,0,28,16,46,84,12,96,142
12/21/2003,VCV,CA,AWP,WE,Federal Contract Tower,0,0,16,7,23,0,0,10,5,15,0,0,26,12,38,102,8,110,148
12/22/2003,VCV,CA,AWP,WE,Federal Contract Tower,0,0,11,5,16,0,0,11,1,12,0,0,22,6,28,80,4,84,112
12/23/2003,VCV,CA,AWP,WE,Federal Contract Tower,2,0,18,2,22,0,0,20,0,20,2,0,38,2,42,88,2,90,132
12/24/2003,VCV,CA,AWP,WE,Federal Contract Tower,0,0,8,2,10,0,0,10,0,10,0,0,18,2,20,94,0,94,114
12/25/2003,VCV,CA,AWP,WE,Federal Contract Tower,0,0,5,0,5,0,0,9,0,9,0,0,14,0,14,62,0,62,76
12/26/2003,VCV,CA,AWP,WE,Federal Contract Tower,0,0,9,0,9,0,0,17,0,17,0,0,26,0,26,68,0,68,94
12/27/2003,VCV,CA,AWP,WE,Federal Contract Tower,0,0,8,0,8,0,0,14,0,14,0,0,22,0,22,76,6,82,104
12/28/2003,VCV,CA,AWP,WE,Federal Contract Tower,2,0,11,2,15,0,0,17,0,17,2,0,28,2,32,88,8,96,128
12/29/2003,VCV,CA,AWP,WE,Federal Contract Tower,2,0,15,4,21,2,0,17,0,19,4,0,32,4,40,92,12,104,144
12/30/2003,VCV,CA,AWP,WE,Federal Contract Tower,2,0,11,2,15,0,0,16,0,16,2,0,27,2,31,98,4,102,133
12/31/2003,VCV,CA,AWP,WE,Federal Contract Tower,0,0,11,2,13,0,0,14,0,14,0,0,25,2,27,74,4,78,105
01/01/2004,VCV,CA,AWP,WE,Federal Contract Tower,6,0,11,6,23,0,0,13,0,13,6,0,24,6,36,48,0,48,84
01/02/2004,VCV,CA,AWP,WE,Federal Contract Tower,7,0,13,4,24,1,0,19,0,20,8,0,32,4,44,64,6,70,114
01/03/2004,VCV,CA,AWP,WE,Federal Contract Tower,7,0,13,4,24,1,0,15,0,16,8,0,28,4,40,82,22,104,144
01/04/2004,VCV,CA,AWP,WE,Federal Contract Tower,2,0,10,7,19,0,0,12,1,13,2,0,22,8,32,78,18,96,128
01/05/2004,VCV,CA,AWP,WE,Federal Contract Tower,4,0,15,9,28,0,0,15,3,18,4,0,30,12,46,80,12,92,138
01/06/2004,VCV,CA,AWP,WE,Federal Contract Tower,6,0,14,9,29,0,0,13,1,14,6,0,27,10,43,74,16,90,133
01/07/2004,VCV,CA,AWP,WE,Federal Contract Tower,8,0,17,6,31,4,0,16,0,20,12,0,33,6,51,78,20,98,149
01/08/2004,VCV,CA,AWP,WE,Federal Contract Tower,9,0,18,8,35,5,0,13,0,18,14,0,31,8,53,86,14,100,153
01/09/2004,VCV,CA,AWP,WE,Federal Contract Tower,8,0,16,10,34,0,0,9,2,11,8,0,25,12,45,72,22,94,139
01/10/2004,VCV,CA,AWP,WE,Federal Contract Tower,2,0,8,4,14,0,0,14,0,14,2,0,22,4,28,96,28,124,152
01/11/2004,VCV,CA,AWP,WE,Federal Contract Tower,2,0,12,8,22,0,0,20,0,20,2,0,32,8,42,88,20,108,150
01/12/2004,VCV,CA,AWP,WE,Federal Contract Tower,6,0,12,6,24,0,0,14,0,14,6,0,26,6,38,82,16,98,136
01/13/2004,VCV,CA,AWP,WE,Federal Contract Tower,4,0,16,10,30,0,0,14,4,18,4,0,30,14,48,76,18,94,142
01/14/2004,VCV,CA,AWP,WE,Federal Contract Tower,9,0,19,10,38,7,0,3,0,10,16,0,22,10,48,92,10,102,150
01/15/2004,VCV,CA,AWP,WE,Federal Contract Tower,10,0,20,8,38,12,0,5,0,17,22,0,25,8,55,86,8,94,149
01/16/2004,VCV,CA,AWP,WE,Federal Contract Tower,9,0,20,13,42,1,0,13,1,15,10,0,33,14,57,78,20,98,155
01/17/2004,VCV,CA,AWP,WE,Federal Contract Tower,8,0,18,8,34,6,0,13,0,19,14,0,31,8,53,82,14,96,149
01/18/2004,VCV,CA,AWP,WE,Federal Contract Tower,5,0,11,4,20,3,0,16,0,19,8,0,27,4,39,88,12,100,139
01/19/2004,VCV,CA,AWP,WE,Federal Contract Tower,2,0,16,11,29,0,0,8,7,15,2,0,24,18,44,94,10,104,148
01/20/2004,VCV,CA,AWP,WE,Federal Contract Tower,4,0,14,10,28,0,0,14,2,16,4,0,28,12,44,102,6,108,152
01/21/2004,VCV,CA,AWP,WE,Federal Contract Tower,4,0,16,8,28,0,0,18,0,18,4,0,34,8,46,98,16,114,160
01/22/2004,VCV,CA,AWP,WE,Federal Contract Tower,2,0,12,7,21,0,0,10,3,13,2,0,22,10,34,92,12,104,138
01/23/2004,VCV,CA,AWP,WE,Federal Contract Tower,0,0,11,7,18,0,0,20,0,20,0,0,31,7,38,88,22,110,148
01/24/2004,VCV,CA,AWP,WE,Federal Contract Tower,0,0,10,5,15,0,0,17,0,17,0,0,27,5,32,96,18,114,146
01/25/2004,VCV,CA,AWP,WE,Federal Contract Tower,6,0,15,10,31,0,0,11,2,13,6,0,26,12,44,86,16,102,146
01/26/2004,VCV,CA,AWP,WE,Federal Contract Tower,6,0,14,8,28,2,0,10,0,12,8,0,24,8,40,78,18,96,136
01/27/2004,VCV,CA,AWP,WE,Federal Contract Tower,8,0,20,12,40,0,0,12,2,14,8,0,32,14,54,82,24,106,160
01/28/2004,VCV,CA,AWP,WE,Federal Contract Tower,11,0,24,15,50,1,0,6,7,14,12,0,30,22,64,88,12,100,164
01/29/2004,VCV,CA,AWP,WE,Federal Contract Tower,6,0,17,10,33,0,0,8,6,14,6,0,25,16,47,90,16,106,153
01/30/2004,VCV,CA,AWP,WE,Federal Contract Tower,6,0,16,8,30,0,0,13,0,13,6,0,29,8,43,82,18,100,143
01/31/2004,VCV,CA,AWP,WE,Federal Contract Tower,4,0,12,4,20,0,0,20,0,20,4,0,32,4,40,94,12,106,146
02/01/2004,VCV,CA,AWP,WE,Federal Contract Tower,7,0,15,6,28,1,0,11,6,18,8,0,26,12,46,88,22,110,156
02/02/2004,VCV,CA,AWP,WE,Federal Contract Tower,4,0,11,5,20,0,0,11,3,14,4,0,22,8,34,92,16,108,142
02/03/2004,VCV,CA,AWP,WE,Federal Contract Tower,4,0,13,5,22,0,0,19,5,24,4,0,32,10,46,78,20,98,144
02/04/2004,VCV,CA,AWP,WE,Federal Contract Tower,7,0,14,6,27,3,0,4,8,15,10,0,18,14,42,86,12,98,140
02/05/2004,VCV,CA,AWP,WE,Federal Contract Tower,6,0,12,5,23,0,0,12,5,17,6,0,24,10,40,82,24,106,146
02/06/2004,VCV,CA,AWP,WE,Federal Contract Tower,4,0,15,6,25,0,0,12,9,21,4,0,27,15,46,96,22,118,164
02/07/2004,VCV,CA,AWP,WE,Federal Contract Tower,10,0,17,7,34,2,0,14,6,22,12,0,31,13,56,88,18,106,162
02/08/2004,VCV,CA,AWP,WE,Federal Contract Tower,8,0,16,7,31,0,0,12,5,17,8,0,28,12,48,68,22,90,138
02/09/2004,VCV,CA,AWP,WE,Federal Contract Tower,2,0,12,5,19,0,0,20,11,31,2,0,32,16,50,76,18,94,144
02/10/2004,VCV,CA,AWP,WE,Federal Contract Tower,2,0,8,4,14,0,0,11,4,15,2,0,19,8,29,90,26,116,145
02/11/2004,VCV,CA,AWP,WE,Federal Contract Tower,7,0,13,5,25,1,0,12,1,14,8,0,25,6,39,94,22,116,155
02/12/2004,VCV,CA,AWP,WE,Federal Contract Tower,6,0,13,5,24,0,0,11,1,12,6,0,24,6,36,82,28,110,146
02/13/2004,VCV,CA,AWP,WE,Federal Contract Tower,4,0,11,5,20,0,0,11,5,16,4,0,22,10,36,80,20,100,136
02/14/2004,VCV,CA,AWP,WE,Federal Contract Tower,2,0,14,6,22,0,0,21,7,28,2,0,35,13,50,72,18,90,140
02/15/2004,VCV,CA,AWP,WE,Federal Contract Tower,2,0,12,5,19,0,0,13,12,25,2,0,25,17,44,92,14,106,150
02/16/2004,VCV,CA,AWP,WE,Federal Contract Tower,2,0,12,5,19,0,0,20,7,27,2,0,32,12,46,86,14,100,146
02/17/2004,VCV,CA,AWP,WE,Federal Contract Tower,8,0,16,5,29,0,0,12,9,21,8,0,28,14,50,102,18,120,170
02/18/2004,VCV,CA,AWP,WE,Federal Contract Tower,8,0,17,6,31,6,0,7,4,17,14,0,24,10,48,78,12,90,138
02/19/2004,VCV,CA,AWP,WE,Federal Contract Tower,9,0,16,5,30,3,0,11,3,17,12,0,27,8,47,88,22,110,157
02/20/2004,VCV,CA,AWP,WE,Federal Contract Tower,8,0,16,5,29,2,0,7,8,17,10,0,23,13,46,82,24,106,152
02/21/2004,VCV,CA,AWP,WE,Federal Contract Tower,4,0,14,5,23,0,0,18,6,24,4,0,32,11,47,94,16,110,157
02/22/2004,VCV,CA,AWP,WE,Federal Contract Tower,6,0,13,4,23,0,0,14,4,18,6,0,27,8,41,78,16,94,135
02/23/2004,VCV,CA,AWP,WE,Federal Contract Tower,8,0,15,4,27,4,0,8,0,12,12,0,23,4,39,86,20,106,145
02/24/2004,VCV,CA,AWP,WE,Federal Contract Tower,7,0,13,2,22,1,0,14,0,15,8,0,27,2,37,100,18,118,155
02/25/2004,VCV,CA,AWP,WE,Federal Contract Tower,6,0,14,5,25,0,0,18,3,21,6,0,32,8,46,88,12,100,146
02/26/2004,VCV,CA,AWP,WE,Federal Contract Tower,9,0,20,7,36,3,0,16,5,24,12,0,36,12,60,82,16,98,158
02/27/2004,VCV,CA,AWP,WE,Federal Contract Tower,9,0,18,6,33,1,0,13,8,22,10,0,31,14,55,96,22,118,173
02/28/2004,VCV,CA,AWP,WE,Federal Contract Tower,10,0,18,6,34,6,0,8,4,18,16,0,26,10,52,92,14,106,158
02/29/2004,VCV,CA,AWP,WE,Federal Contract Tower,9,0,18,6,33,5,0,6,8,19,14,0,24,14,52,84,20,104,156
03/01/2004,VCV,CA,AWP,WE,Federal Contract Tower,6,0,13,4,23,0,0,11,2,13,6,0,24,6,36,88,16,104,140
03/02/2004,VCV,CA,AWP,WE,Federal Contract Tower,6,0,16,4,26,2,0,12,0,14,8,0,28,4,40,76,12,88,128
03/03/2004,VCV,CA,AWP,WE,Federal Contract Tower,5,0,11,2,18,3,0,7,0,10,8,0,18,2,28,92,8,100,128
03/04/2004,VCV,CA,AWP,WE,Federal Contract Tower,2,0,11,4,17,0,0,15,0,15,2,0,26,4,32,84,10,94,126
03/05/2004,VCV,CA,AWP,WE,Federal Contract Tower,6,0,15,4,25,4,0,7,0,11,10,0,22,4,36,86,12,98,134
03/06/2004,VCV,CA,AWP,WE,Federal Contract Tower,7,0,17,6,30,1,0,7,2,10,8,0,24,8,40,90,8,98,138
03/07/2004,VCV,CA,AWP,WE,Federal Contract Tower,6,0,16,6,28,0,0,7,0,7,6,0,23,6,35,78,10,88,123
03/08/2004,VCV,CA,AWP,WE,Federal Contract Tower,7,0,17,2,26,3,0,14,0,17,10,0,31,2,43,82,6,88,131
03/09/2004,VCV,CA,AWP,WE,Federal Contract Tower,8,0,18,4,30,0,0,9,0,9,8,0,27,4,39,88,4,92,131
03/10/2004,VCV,CA,AWP,WE,Federal Contract Tower,2,0,16,6,24,0,0,8,4,12,2,0,24,10,36,102,4,106,142
03/11/2004,VCV,CA,AWP,WE,Federal Contract Tower,8,0,18,6,32,0,0,11,0,11,8,0,29,6,43,86,8,94,137
03/12/2004,VCV,CA,AWP,WE,Federal Contract Tower,4,0,11,2,17,0,0,11,0,11,4,0,22,2,28,98,14,112,140
03/13/2004,VCV,CA,AWP,WE,Federal Contract Tower,6,0,17,4,27,0,0,11,0,11,6,0,28,4,38,92,12,104,142
03/14/2004,VCV,CA,AWP,WE,Federal Contract Tower,4,0,16,6,26,0,0,4,2,6,4,0,20,8,32,106,8,114,146
03/15/2004,VCV,CA,AWP,WE,Federal Contract Tower,6,0,16,4,26,0,0,10,0,10,6,0,26,4,36,84,10,94,130
03/16/2004,VCV,CA,AWP,WE,Federal Contract Tower,9,0,23,6,38,1,0,10,0,11,10,0,33,6,49,96,6,102,151
03/17/2004,VCV,CA,AWP,WE,Federal Contract Tower,7,0,16,2,25,3,0,12,0,15,10,0,28,2,40,88,12,100,140
03/18/2004,VCV,CA,AWP,WE,Federal Contract Tower,7,0,18,5,30,1,0,9,1,11,8,0,27,6,41,94,8,102,143
03/19/2004,VCV,CA,AWP,WE,Federal Contract Tower,10,0,25,4,39,2,0,9,0,11,12,0,34,4,50,78,4,82,132
03/20/2004,VCV,CA,AWP,WE,Federal Contract Tower,9,0,21,4,34,5,0,10,0,15,14,0,31,4,49,90,12,102,151
03/21/2004,VCV,CA,AWP,WE,Federal Contract Tower,4,0,14,4,22,0,0,9,4,13,4,0,23,8,35,100,8,108,143
03/22/2004,VCV,CA,AWP,WE,Federal Contract Tower,2,0,12,2,16,0,0,10,0,10,2,0,22,2,26,102,4,106,132
03/23/2004,VCV,CA,AWP,WE,Federal Contract Tower,8,0,18,5,31,0,0,8,1,9,8,0,26,6,40,86,2,88,128
03/24/2004,VCV,CA,AWP,WE,Federal Contract Tower,9,0,24,7,40,1,0,4,3,8,10,0,28,10,48,98,6,104,152
03/25/2004,VCV,CA,AWP,WE,Federal Contract Tower,2,0,14,4,20,0,0,10,4,14,2,0,24,8,34,88,10,98,132
03/26/2004,VCV,CA,AWP,WE,Federal Contract Tower,6,0,17,2,25,2,0,13,0,15,8,0,30,2,40,94,4,98,138
03/27/2004,VCV,CA,AWP,WE,Federal Contract Tower,6,0,18,5,29,0,0,7,3,10,6,0,25,8,39,82,8,90,129
03/28/2004,VCV,CA,AWP,WE,Federal Contract Tower,4,0,13,3,20,0,0,10,1,11,4,0,23,4,31,92,8,100,131
03/29/2004,VCV,CA,AWP,WE,Federal Contract Tower,4,0,23,6,33,0,0,13,0,13,4,0,36,6,46,86,2,88,134
03/30/2004,VCV,CA,AWP,WE,Federal Contract Tower,10,0,25,7,42,2,0,5,5,12,12,0,30,12,54,94,6,100,154
03/31/2004,VCV,CA,AWP,WE,Federal Contract Tower,6,0,16,2,24,0,0,11,0,11,6,0,27,2,35,104,4,108,143
04/01/2004,VCV,CA,AWP,WE,Federal Contract Tower,2,0,14,6,22,0,0,14,0,14,2,0,28,6,36,88,16,104,140
04/02/2004,VCV,CA,AWP,WE,Federal Contract Tower,4,0,16,7,27,0,0,6,3,9,4,0,22,10,36,92,12,104,140
04/03/2004,VCV,CA,AWP,WE,Federal Contract Tower,5,0,15,5,25,0,0,15,0,15,5,0,30,5,40,78,8,86,126
04/04/2004,VCV,CA,AWP,WE,Federal Contract Tower,4,0,13,3,20,3,0,8,0,11,7,0,21,3,31,98,6,104,135
04/05/2004,VCV,CA,AWP,WE,Federal Contract Tower,2,0,10,5,17,0,0,15,1,16,2,0,25,6,33,84,6,90,123
04/06/2004,VCV,CA,AWP,WE,Federal Contract Tower,4,0,14,6,24,1,0,4,1,6,5,0,18,7,30,76,12,88,118
04/07/2004,VCV,CA,AWP,WE,Federal Contract Tower,2,0,11,4,17,0,0,11,0,11,2,0,22,4,28,102,10,112,140
04/08/2004,VCV,CA,AWP,WE,Federal Contract Tower,5,0,16,7,28,1,0,0,5,6,6,0,16,12,34,92,2,94,128
04/09/2004,VCV,CA,AWP,WE,Federal Contract Tower,4,0,13,6,23,0,0,6,0,6,4,0,19,6,29,88,4,92,121
04/10/2004,VCV,CA,AWP,WE,Federal Contract Tower,0,0,9,4,13,0,0,12,0,12,0,0,21,4,25,96,4,100,125
04/11/2004,VCV,CA,AWP,WE,Federal Contract Tower,3,0,8,2,13,1,0,7,0,8,4,0,15,2,21,100,8,108,129
04/12/2004,VCV,CA,AWP,WE,Federal Contract Tower,0,0,11,5,16,0,0,8,2,10,0,0,19,7,26,94,10,104,130
04/13/2004,VCV,CA,AWP,WE,Federal Contract Tower,0,0,12,5,17,0,0,11,0,11,0,0,23,5,28,78,16,94,122
04/14/2004,VCV,CA,AWP,WE,Federal Contract Tower,2,0,11,5,18,0,0,11,1,12,2,0,22,6,30,82,8,90,120
04/15/2004,VCV,CA,AWP,WE,Federal Contract Tower,5,0,20,7,32,3,0,8,1,12,8,0,28,8,44,88,12,100,144
04/16/2004,VCV,CA,AWP,WE,Federal Contract Tower,4,0,16,4,24,0,0,16,0,16,4,0,32,4,40,96,6,102,142
04/17/2004,VCV,CA,AWP,WE,Federal Contract Tower,2,0,12,4,18,1,0,7,0,8,3,0,19,4,26,104,8,112,138
04/18/2004,VCV,CA,AWP,WE,Federal Contract Tower,4,0,17,7,28,3,0,6,1,10,7,0,23,8,38,92,10,102,140
04/19/2004,VCV,CA,AWP,WE,Federal Contract Tower,4,0,17,2,23,6,0,10,0,16,10,0,27,2,39,88,4,92,131
04/20/2004,VCV,CA,AWP,WE,Federal Contract Tower,2,0,13,5,20,0,0,9,2,11,2,0,22,7,31,82,2,84,115
04/21/2004,VCV,CA,AWP,WE,Federal Contract Tower,3,0,15,5,23,1,0,15,0,16,4,0,30,5,39,78,6,84,123
04/22/2004,VCV,CA,AWP,WE,Federal Contract Tower,3,0,14,4,21,1,0,11,0,12,4,0,25,4,33,86,10,96,129
04/23/2004,VCV,CA,AWP,WE,Federal Contract Tower,3,0,15,2,20,3,0,7,0,10,6,0,22,2,30,90,12,102,132
04/24/2004,VCV,CA,AWP,WE,Federal Contract Tower,2,0,11,5,18,0,0,8,1,9,2,0,19,6,27,88,8,96,123
04/25/2004,VCV,CA,AWP,WE,Federal Contract Tower,4,0,19,4,27,3,0,16,0,19,7,0,35,4,46,112,4,116,162
04/26/2004,VCV,CA,AWP,WE,Federal Contract Tower,3,0,18,7,28,0,0,14,1,15,3,0,32,8,43,100,18,118,161
04/27/2004,VCV,CA,AWP,WE,Federal Contract Tower,0,0,17,7,24,0,0,11,5,16,0,0,28,12,40,98,8,106,146
04/28/2004,VCV,CA,AWP,WE,Federal Contract Tower,0,0,11,5,16,0,0,10,1,11,0,0,21,6,27,86,12,98,125
04/29/2004,VCV,CA,AWP,WE,Federal Contract Tower,2,0,14,6,22,0,0,13,0,13,2,0,27,6,35,92,16,108,143
04/30/2004,VCV,CA,AWP,WE,Federal Contract Tower,2,0,11,4,17,0,0,11,0,11,2,0,22,4,28,100,6,106,134
05/01/2004,VCV,CA,AWP,WE,Federal Contract Tower,4,0,16,4,24,0,0,6,0,6,4,0,22,4,30,88,12,100,130
05/02/2004,VCV,CA,AWP,WE,Federal Contract Tower,2,0,14,4,20,0,0,16,2,18,2,0,30,6,38,92,10,102,140
05/03/2004,VCV,CA,AWP,WE,Federal Contract Tower,2,0,12,3,17,0,0,8,1,9,2,0,20,4,26,78,16,94,120
05/04/2004,VCV,CA,AWP,WE,Federal Contract Tower,3,0,12,2,17,3,0,6,0,9,6,0,18,2,26,82,8,90,116
05/05/2004,VCV,CA,AWP,WE,Federal Contract Tower,3,0,13,2,18,0,0,13,0,13,3,0,26,2,31,84,6,90,121
05/06/2004,VCV,CA,AWP,WE,Federal Contract Tower,5,0,16,4,25,0,0,8,0,8,5,0,24,4,33,72,10,82,115
05/07/2004,VCV,CA,AWP,WE,Federal Contract Tower,0,0,8,2,10,0,0,12,0,12,0,0,20,2,22,76,4,80,102
05/08/2004,VCV,CA,AWP,WE,Federal Contract Tower,2,0,13,0,15,0,0,21,0,21,2,0,34,0,36,94,6,100,136
05/09/2004,VCV,CA,AWP,WE,Federal Contract Tower,3,0,10,0,13,3,0,8,0,11,6,0,18,0,24,82,12,94,118
05/10/2004,VCV,CA,AWP,WE,Federal Contract Tower,3,0,14,2,19,0,0,10,0,10,3,0,24,2,29,74,8,82,111
05/11/2004,VCV,CA,AWP,WE,Federal Contract Tower,5,0,17,4,26,2,0,13,0,15,7,0,30,4,41,88,14,102,143
05/12/2004,VCV,CA,AWP,WE,Federal Contract Tower,4,0,17,4,25,0,0,17,0,17,4,0,34,4,42,80,10,90,132
05/13/2004,VCV,CA,AWP,WE,Federal Contract Tower,2,0,7,2,11,0,0,9,0,9,2,0,16,2,20,72,16,88,108
05/14/2004,VCV,CA,AWP,WE,Federal Contract Tower,4,0,13,4,21,0,0,9,2,11,4,0,22,6,32,90,8,98,130
05/15/2004,VCV,CA,AWP,WE,Federal Contract Tower,7,0,20,3,30,7,0,10,0,17,14,0,30,3,47,92,4,96,143
05/16/2004,VCV,CA,AWP,WE,Federal Contract Tower,7,0,20,5,32,7,0,8,0,15,14,0,28,5,47,78,2,80,127
05/17/2004,VCV,CA,AWP,WE,Federal Contract Tower,5,0,16,2,23,7,0,2,0,9,12,0,18,2,32,72,12,84,116
05/18/2004,VCV,CA,AWP,WE,Federal Contract Tower,4,0,14,3,21,0,0,6,3,9,4,0,20,6,30,86,8,94,124
05/19/2004,VCV,CA,AWP,WE,Federal Contract Tower,2,0,12,2,16,0,0,14,2,16,2,0,26,4,32,68,10,78,110
05/20/2004,VCV,CA,AWP,WE,Federal Contract Tower,5,0,14,3,22,1,0,8,1,10,6,0,22,4,32,78,6,84,116
05/21/2004,VCV,CA,AWP,WE,Federal Contract Tower,4,0,14,2,20,0,0,16,0,16,4,0,30,2,36,82,6,88,124
05/22/2004,VCV,CA,AWP,WE,Federal Contract Tower,2,0,12,2,16,0,0,6,4,10,2,0,18,6,26,96,4,100,126
05/23/2004,VCV,CA,AWP,WE,Federal Contract Tower,4,0,14,3,21,0,0,13,1,14,4,0,27,4,35,72,2,74,109
05/24/2004,VCV,CA,AWP,WE,Federal Contract Tower,4,0,12,2,18,0,0,9,0,9,4,0,21,2,27,88,8,96,123
05/25/2004,VCV,CA,AWP,WE,Federal Contract Tower,2,0,17,2,21,0,0,18,0,18,2,0,35,2,39,76,10,86,125
05/26/2004,VCV,CA,AWP,WE,Federal Contract Tower,0,0,13,2,15,0,0,20,0,20,0,0,33,2,35,82,12,94,129
05/27/2004,VCV,CA,AWP,WE,Federal Contract Tower,2,0,13,3,18,0,0,5,5,10,2,0,18,8,28,94,8,102,130
05/28/2004,VCV,CA,AWP,WE,Federal Contract Tower,2,0,14,3,19,0,0,14,1,15,2,0,28,4,34,88,4,92,126
05/29/2004,VCV,CA,AWP,WE,Federal Contract Tower,6,0,16,5,27,10,0,0,1,11,16,0,16,6,38,92,12,104,142
05/30/2004,VCV,CA,AWP,WE,Federal Contract Tower,4,0,18,4,26,0,0,14,0,14,4,0,32,4,40,86,6,92,132
05/31/2004,VCV,CA,AWP,WE,Federal Contract Tower,2,0,18,4,24,0,0,16,0,16,2,0,34,4,40,74,8,82,122
06/01/2004,VCV,CA,AWP,WE,Federal Contract Tower,6,2,24,6,38,0,2,18,0,20,6,4,42,6,58,98,2,100,158
06/02/2004,VCV,CA,AWP,WE,Federal Contract Tower,2,0,15,6,23,0,0,13,2,15,2,0,28,8,38,82,4,86,124
06/03/2004,VCV,CA,AWP,WE,Federal Contract Tower,4,0,13,2,19,0,0,21,0,21,4,0,34,2,40,94,8,102,142
06/04/2004,VCV,CA,AWP,WE,Federal Contract Tower,2,1,11,4,18,0,3,7,0,10,2,4,18,4,28,76,2,78,106
06/05/2004,VCV,CA,AWP,WE,Federal Contract Tower,8,0,20,8,36,0,0,2,8,10,8,0,22,16,46,88,6,94,140
06/06/2004,VCV,CA,AWP,WE,Federal Contract Tower,3,0,17,7,27,0,0,11,3,14,3,0,28,10,41,82,4,86,127
06/07/2004,VCV,CA,AWP,WE,Federal Contract Tower,4,0,10,4,18,1,0,10,2,13,5,0,20,6,31,74,16,90,121
06/08/2004,VCV,CA,AWP,WE,Federal Contract Tower,4,2,15,2,23,0,2,17,0,19,4,4,32,2,42,86,12,98,140
06/09/2004,VCV,CA,AWP,WE,Federal Contract Tower,5,0,12,4,21,5,0,4,0,9,10,0,16,4,30,80,24,104,134
06/10/2004,VCV,CA,AWP,WE,Federal Contract Tower,2,0,14,6,22,0,0,12,6,18,2,0,26,12,40,92,2,94,134
06/11/2004,VCV,CA,AWP,WE,Federal Contract Tower,2,2,18,7,29,0,2,20,1,23,2,4,38,8,52,98,6,104,156
06/12/2004,VCV,CA,AWP,WE,Federal Contract Tower,6,0,14,2,22,0,0,18,0,18,6,0,32,2,40,84,4,88,128
06/13/2004,VCV,CA,AWP,WE,Federal Contract Tower,4,0,10,2,16,0,0,14,0,14,4,0,24,2,30,78,8,86,116
06/14/2004,VCV,CA,AWP,WE,Federal Contract Tower,7,0,15,4,26,3,0,15,0,18,10,0,30,4,44,90,12,102,146
06/15/2004,VCV,CA,AWP,WE,Federal Contract Tower,6,1,12,0,19,2,3,14,0,19,8,4,26,0,38,82,8,90,128
06/16/2004,VCV,CA,AWP,WE,Federal Contract Tower,4,0,9,3,16,0,0,9,1,10,4,0,18,4,26,94,22,116,142
06/17/2004,VCV,CA,AWP,WE,Federal Contract Tower,8,0,17,8,33,4,0,7,0,11,12,0,24,8,44,86,16,102,146
06/18/2004,VCV,CA,AWP,WE,Federal Contract Tower,4,1,16,2,23,0,3,18,0,21,4,4,34,2,44,88,12,100,144
06/19/2004,VCV,CA,AWP,WE,Federal Contract Tower,2,0,9,4,15,0,0,13,0,13,2,0,22,4,28,94,8,102,130
06/20/2004,VCV,CA,AWP,WE,Federal Contract Tower,2,0,8,2,12,0,0,12,0,12,2,0,20,2,24,102,6,108,132
06/21/2004,VCV,CA,AWP,WE,Federal Contract Tower,4,0,13,6,23,0,0,23,0,23,4,0,36,6,46,96,4,100,146
06/22/2004,VCV,CA,AWP,WE,Federal Contract Tower,6,0,12,2,20,0,4,16,0,20,6,4,28,2,40,82,8,90,130
06/23/2004,VCV,CA,AWP,WE,Federal Contract Tower,4,0,13,4,21,0,0,19,0,19,4,0,32,4,40,88,16,104,144
06/24/2004,VCV,CA,AWP,WE,Federal Contract Tower,9,0,18,6,33,7,0,6,0,13,16,0,24,6,46,78,28,106,152
06/25/2004,VCV,CA,AWP,WE,Federal Contract Tower,10,1,19,6,36,14,3,0,0,17,24,4,19,6,53,92,36,128,181
06/26/2004,VCV,CA,AWP,WE,Federal Contract Tower,12,0,24,11,47,8,0,3,1,12,20,0,27,12,59,86,72,158,217
06/27/2004,VCV,CA,AWP,WE,Federal Contract Tower,10,0,21,10,41,2,0,9,4,15,12,0,30,14,56,90,42,132,188
06/28/2004,VCV,CA,AWP,WE,Federal Contract Tower,4,0,13,6,23,0,0,15,4,19,4,0,28,10,42,82,6,88,130
06/29/2004,VCV,CA,AWP,WE,Federal Contract Tower,6,1,16,8,31,0,3,8,0,11,6,4,24,8,42,94,12,106,148
06/30/2004,VCV,CA,AWP,WE,Federal Contract Tower,8,0,18,7,33,0,0,0,11,11,8,0,18,18,44,84,6,90,134
07/01/2004,VCV,CA,AWP,WE,Federal Contract Tower,4,0,15,10,29,0,0,33,0,33,4,0,48,10,62,46,8,54,116
07/02/2004,VCV,CA,AWP,WE,Federal Contract Tower,6,0,11,4,21,1,0,86,0,87,7,0,97,4,108,20,0,20,128
07/03/2004,VCV,CA,AWP,WE,Federal Contract Tower,6,0,19,12,37,0,0,53,13,66,6,0,72,25,103,80,50,130,233
07/04/2004,VCV,CA,AWP,WE,Federal Contract Tower,2,0,5,2,9,0,0,60,0,60,2,0,65,2,69,32,8,40,109
07/05/2004,VCV,CA,AWP,WE,Federal Contract Tower,0,0,3,0,3,0,0,43,0,43,0,0,46,0,46,33,0,33,79
07/06/2004,VCV,CA,AWP,WE,Federal Contract Tower,0,0,19,0,19,0,0,54,0,54,0,0,73,0,73,38,10,48,121
07/07/2004,VCV,CA,AWP,WE,Federal Contract Tower,0,0,13,9,22,0,0,81,31,112,0,0,94,40,134,164,20,184,318
07/08/2004,VCV,CA,AWP,WE,Federal Contract Tower,7,0,15,10,32,7,0,79,2,88,14,0,94,12,120,76,22,98,218
07/09/2004,VCV,CA,AWP,WE,Federal Contract Tower,7,0,14,4,25,9,2,54,0,65,16,2,68,4,90,44,16,60,150
07/10/2004,VCV,CA,AWP,WE,Federal Contract Tower,2,0,8,6,16,0,0,95,7,102,2,0,103,13,118,78,60,138,256
07/11/2004,VCV,CA,AWP,WE,Federal Contract Tower,0,0,3,0,3,0,0,49,0,49,0,0,52,0,52,23,0,23,75
07/12/2004,VCV,CA,AWP,WE,Federal Contract Tower,0,0,5,2,7,0,0,92,0,92,0,0,97,2,99,20,18,38,137
07/13/2004,VCV,CA,AWP,WE,Federal Contract Tower,0,0,1,0,1,0,0,42,0,42,0,0,43,0,43,4,0,4,47
07/14/2004,VCV,CA,AWP,WE,Federal Contract Tower,2,0,7,5,14,0,0,60,7,67,2,0,67,12,81,24,12,36,117
07/15/2004,VCV,CA,AWP,WE,Federal Contract Tower,7,0,15,8,30,9,0,93,4,106,16,0,108,12,136,34,12,46,182
07/16/2004,VCV,CA,AWP,WE,Federal Contract Tower,5,0,11,6,22,7,0,75,10,92,12,0,86,16,114,54,28,82,196
07/17/2004,VCV,CA,AWP,WE,Federal Contract Tower,4,0,8,4,16,4,0,48,2,54,8,0,56,6,70,30,58,88,158
07/18/2004,VCV,CA,AWP,WE,Federal Contract Tower,0,0,3,1,4,0,0,60,3,63,0,0,63,4,67,20,32,52,119
07/19/2004,VCV,CA,AWP,WE,Federal Contract Tower,0,0,2,0,2,0,0,41,6,47,0,0,43,6,49,8,12,20,69
07/20/2004,VCV,CA,AWP,WE,Federal Contract Tower,0,0,4,0,4,0,0,54,0,54,0,0,58,0,58,4,0,4,62
07/21/2004,VCV,CA,AWP,WE,Federal Contract Tower,0,0,3,2,5,0,0,50,8,58,0,0,53,10,63,0,0,0,63
07/22/2004,VCV,CA,AWP,WE,Federal Contract Tower,2,0,10,6,18,0,0,84,20,104,2,0,94,26,122,48,58,106,228
07/23/2004,VCV,CA,AWP,WE,Federal Contract Tower,2,0,7,5,14,0,0,83,7,90,2,0,90,12,104,52,26,78,182
07/24/2004,VCV,CA,AWP,WE,Federal Contract Tower,1,0,5,3,9,2,0,39,1,42,3,0,44,4,51,4,2,6,57
07/25/2004,VCV,CA,AWP,WE,Federal Contract Tower,3,0,8,5,16,2,0,60,9,71,5,0,68,14,87,22,18,40,127
07/26/2004,VCV,CA,AWP,WE,Federal Contract Tower,0,0,2,0,2,2,0,70,0,72,2,0,72,0,74,14,0,14,88
07/27/2004,VCV,CA,AWP,WE,Federal Contract Tower,1,0,3,2,6,3,0,51,4,58,4,0,54,6,64,8,0,8,72
07/28/2004,VCV,CA,AWP,WE,Federal Contract Tower,1,0,3,1,5,5,0,83,3,91,6,0,86,4,96,16,4,20,116
07/29/2004,VCV,CA,AWP,WE,Federal Contract Tower,0,0,7,5,12,0,0,55,1,56,0,0,62,6,68,20,2,22,90
07/30/2004,VCV,CA,AWP,WE,Federal Contract Tower,2,0,9,6,17,0,0,37,11,48,2,0,46,17,65,18,14,32,97
07/31/2004,VCV,CA,AWP,WE,Federal Contract Tower,2,0,11,6,19,0,0,97,0,97,2,0,108,6,116,70,6,76,192
08/01/2004,VCV,CA,AWP,WE,Federal Contract Tower,0,0,4,2,6,0,0,52,2,54,0,0,56,4,60,36,8,44,104
08/02/2004,VCV,CA,AWP,WE,Federal Contract Tower,0,0,9,4,13,0,0,47,8,55,0,0,56,12,68,0,12,12,80
08/03/2004,VCV,CA,AWP,WE,Federal Contract Tower,0,0,3,2,5,0,0,37,9,46,0,0,40,11,51,14,22,36,87
08/04/2004,VCV,CA,AWP,WE,Federal Contract Tower,0,0,6,0,6,0,0,76,0,76,0,0,82,0,82,34,0,34,116
08/05/2004,VCV,CA,AWP,WE,Federal Contract Tower,2,0,6,4,12,0,0,49,2,51,2,0,55,6,63,28,12,40,103
08/06/2004,VCV,CA,AWP,WE,Federal Contract Tower,2,0,7,4,13,0,0,58,8,66,2,0,65,12,79,40,30,70,149
08/07/2004,VCV,CA,AWP,WE,Federal Contract Tower,2,0,10,5,17,0,0,58,11,69,2,0,68,16,86,26,22,48,134
08/08/2004,VCV,CA,AWP,WE,Federal Contract Tower,0,0,0,0,0,0,0,54,10,64,0,0,54,10,64,30,0,30,94
08/09/2004,VCV,CA,AWP,WE,Federal Contract Tower,0,0,2,0,2,0,0,74,6,80,0,0,76,6,82,22,0,22,104
08/10/2004,VCV,CA,AWP,WE,Federal Contract Tower,1,0,9,5,15,0,0,41,10,51,1,0,50,15,66,26,40,66,132
08/11/2004,VCV,CA,AWP,WE,Federal Contract Tower,3,0,15,8,26,0,0,57,8,65,3,0,72,16,91,54,38,92,183
08/12/2004,VCV,CA,AWP,WE,Federal Contract Tower,4,0,15,8,27,0,0,73,10,83,4,0,88,18,110,42,64,106,216
08/13/2004,VCV,CA,AWP,WE,Federal Contract Tower,4,0,14,7,25,0,0,90,15,105,4,0,104,22,130,44,52,96,226
08/14/2004,VCV,CA,AWP,WE,Federal Contract Tower,3,0,9,4,16,1,0,74,4,79,4,0,83,8,95,40,24,64,159
08/15/2004,VCV,CA,AWP,WE,Federal Contract Tower,5,0,18,9,32,6,0,108,15,129,11,0,126,24,161,66,42,108,269
08/16/2004,VCV,CA,AWP,WE,Federal Contract Tower,2,0,7,4,13,3,0,99,12,114,5,0,106,16,127,58,34,92,219
08/17/2004,VCV,CA,AWP,WE,Federal Contract Tower,1,0,3,1,5,7,0,83,36,126,8,0,86,37,131,30,68,98,229
08/18/2004,VCV,CA,AWP,WE,Federal Contract Tower,1,0,5,0,6,3,0,40,0,43,4,0,45,0,49,8,0,8,57
08/19/2004,VCV,CA,AWP,WE,Federal Contract Tower,0,0,3,0,3,10,0,86,23,119,10,0,89,23,122,32,254,286,408
08/20/2004,VCV,CA,AWP,WE,Federal Contract Tower,1,0,5,1,7,6,0,65,34,105,7,0,70,35,112,36,142,178,290
08/21/2004,VCV,CA,AWP,WE,Federal Contract Tower,1,0,7,3,11,11,0,47,53,111,12,0,54,56,122,58,68,126,248
08/22/2004,VCV,CA,AWP,WE,Federal Contract Tower,2,0,11,5,18,16,0,87,41,144,18,0,98,46,162,98,42,140,302
08/23/2004,VCV,CA,AWP,WE,Federal Contract Tower,7,0,69,34,110,0,0,6,6,12,7,0,75,40,122,52,146,198,320
08/24/2004,VCV,CA,AWP,WE,Federal Contract Tower,1,0,7,4,12,0,1,82,47,130,1,1,89,51,142,42,200,242,384
08/25/2004,VCV,CA,AWP,WE,Federal Contract Tower,0,0,3,2,5,0,0,52,48,100,0,0,55,50,105,19,0,19,124
08/26/2004,VCV,CA,AWP,WE,Federal Contract Tower,2,0,11,6,19,0,2,53,32,87,2,2,64,38,106,86,226,312,418
08/27/2004,VCV,CA,AWP,WE,Federal Contract Tower,3,0,12,6,21,2,0,72,36,110,5,0,84,42,131,48,128,176,307
08/28/2004,VCV,CA,AWP,WE,Federal Contract Tower,0,0,2,0,2,4,0,44,62,110,4,0,46,62,112,38,188,226,338
08/29/2004,VCV,CA,AWP,WE,Federal Contract Tower,1,0,5,2,8,3,0,69,49,121,4,0,74,51,129,24,314,338,467
08/30/2004,VCV,CA,AWP,WE,Federal Contract Tower,1,0,6,2,9,2,0,68,101,171,3,0,74,103,180,52,70,122,302
08/31/2004,VCV,CA,AWP,WE,Federal Contract Tower,0,0,11,5,16,0,2,55,74,131,0,2,66,79,147,32,130,162,309
09/01/2004,VCV,CA,AWP,WE,Federal Contract Tower,0,1,7,3,11,0,19,52,35,106,0,20,59,38,117,40,152,192,309
09/02/2004,VCV,CA,AWP,WE,Federal Contract Tower,4,1,4,1,10,0,17,60,47,124,4,18,64,48,134,44,126,170,304
09/03/2004,VCV,CA,AWP,WE,Federal Contract Tower,3,0,4,1,8,3,14,72,17,106,6,14,76,18,114,48,16,64,178
09/04/2004,VCV,CA,AWP,WE,Federal Contract Tower,0,0,3,0,3,0,30,81,12,123,0,30,84,12,126,30,0,30,156
09/05/2004,VCV,CA,AWP,WE,Federal Contract Tower,0,0,0,0,0,6,14,89,10,119,6,14,89,10,119,30,8,38,157
09/06/2004,VCV,CA,AWP,WE,Federal Contract Tower,0,0,3,1,4,0,22,77,4,103,0,22,80,5,107,40,0,40,147
09/07/2004,VCV,CA,AWP,WE,Federal Contract Tower,4,0,4,3,11,2,10,95,9,116,6,10,99,12,127,34,24,58,185
09/08/2004,VCV,CA,AWP,WE,Federal Contract Tower,9,0,8,4,21,5,32,154,20,211,14,32,162,24,232,44,16,60,292
09/09/2004,VCV,CA,AWP,WE,Federal Contract Tower,4,0,4,3,11,0,22,62,5,89,4,22,66,8,100,22,14,36,136
09/10/2004,VCV,CA,AWP,WE,Federal Contract Tower,6,0,5,3,14,0,32,113,11,156,6,32,118,14,170,18,16,34,204
09/11/2004,VCV,CA,AWP,WE,Federal Contract Tower,3,0,2,2,7,10,7,64,2,83,13,7,66,4,90,48,0,48,138
09/12/2004,VCV,CA,AWP,WE,Federal Contract Tower,1,0,0,1,2,10,19,95,7,131,11,19,95,8,133,32,22,54,187
09/13/2004,VCV,CA,AWP,WE,Federal Contract Tower,3,0,2,2,7,14,14,63,14,105,17,14,65,16,112,72,28,100,212
09/14/2004,VCV,CA,AWP,WE,Federal Contract Tower,4,0,4,3,11,14,68,87,13,182,18,68,91,16,193,88,30,118,311
09/15/2004,VCV,CA,AWP,WE,Federal Contract Tower,11,0,10,5,26,11,44,102,3,160,22,44,112,8,186,76,12,88,274
09/16/2004,VCV,CA,AWP,WE,Federal Contract Tower,9,0,8,4,21,10,33,70,16,129,19,33,78,20,150,40,20,60,210
09/17/2004,VCV,CA,AWP,WE,Federal Contract Tower,3,0,2,2,7,7,27,72,26,132,10,27,74,28,139,26,14,40,179
09/18/2004,VCV,CA,AWP,WE,Federal Contract Tower,2,0,5,3,10,0,1,36,8,45,2,1,41,11,55,28,150,178,233
09/19/2004,VCV,CA,AWP,WE,Federal Contract Tower,5,0,4,2,11,1,9,27,6,43,6,9,31,8,54,0,22,22,76
09/20/2004,VCV,CA,AWP,WE,Federal Contract Tower,4,0,3,1,8,2,24,50,7,83,6,24,53,8,91,34,22,56,147
09/21/2004,VCV,CA,AWP,WE,Federal Contract Tower,0,0,4,1,5,0,8,64,2,74,0,8,68,3,79,0,2,2,81
09/22/2004,VCV,CA,AWP,WE,Federal Contract Tower,4,0,2,1,7,6,25,69,15,115,10,25,71,16,122,60,48,108,230
09/23/2004,VCV,CA,AWP,WE,Federal Contract Tower,13,0,11,5,29,0,38,74,27,139,13,38,85,32,168,66,44,110,278
09/24/2004,VCV,CA,AWP,WE,Federal Contract Tower,8,0,6,3,17,6,17,38,11,72,14,17,44,14,89,40,20,60,149
09/25/2004,VCV,CA,AWP,WE,Federal Contract Tower,12,0,10,4,26,11,18,31,6,66,23,18,41,10,92,0,6,6,98
09/26/2004,VCV,CA,AWP,WE,Federal Contract Tower,7,0,6,0,13,8,8,34,0,50,15,8,40,0,63,8,0,8,71
09/27/2004,VCV,CA,AWP,WE,Federal Contract Tower,5,0,4,2,11,2,20,87,10,119,7,20,91,12,130,44,32,76,206
09/28/2004,VCV,CA,AWP,WE,Federal Contract Tower,2,0,2,1,5,0,54,88,4,146,2,54,90,5,151,78,0,78,229
09/29/2004,VCV,CA,AWP,WE,Federal Contract Tower,2,0,1,0,3,2,27,89,16,134,4,27,90,16,137,64,10,74,211
09/30/2004,VCV,CA,AWP,WE,Federal Contract Tower,4,0,2,1,7,0,46,70,15,131,4,46,72,16,138,82,12,94,232
10/01/2004,VCV,CA,AWP,WE,Federal Contract Tower,0,0,4,0,4,4,38,88,10,140,4,38,92,10,144,30,8,38,182
10/02/2004,VCV,CA,AWP,WE,Federal Contract Tower,0,0,3,0,3,2,20,87,10,119,2,20,90,10,122,46,30,76,198
10/03/2004,VCV,CA,AWP,WE,Federal Contract Tower,1,0,2,1,4,0,5,31,0,36,1,5,33,1,40,20,0,20,60
10/04/2004,VCV,CA,AWP,WE,Federal Contract Tower,1,0,8,0,9,2,12,87,2,103,3,12,95,2,112,62,40,102,214
10/05/2004,VCV,CA,AWP,WE,Federal Contract Tower,0,0,10,5,15,0,24,112,22,158,0,24,122,27,173,78,25,103,276
10/06/2004,VCV,CA,AWP,WE,Federal Contract Tower,0,0,15,7,22,3,28,116,45,192,3,28,131,52,214,96,64,160,374
10/07/2004,VCV,CA,AWP,WE,Federal Contract Tower,0,0,8,1,9,3,20,160,13,196,3,20,168,14,205,88,20,108,313
10/08/2004,VCV,CA,AWP,WE,Federal Contract Tower,2,0,13,2,17,7,20,100,14,141,9,20,113,16,158,62,0,62,220
10/09/2004,VCV,CA,AWP,WE,Federal Contract Tower,0,0,9,3,12,0,18,82,1,101,0,18,91,4,113,31,140,171,284
10/10/2004,VCV,CA,AWP,WE,Federal Contract Tower,1,0,20,2,23,0,3,61,0,64,1,3,81,2,87,60,2,62,149
10/11/2004,VCV,CA,AWP,WE,Federal Contract Tower,4,0,18,0,22,3,24,86,10,123,7,24,104,10,145,84,26,110,255
10/12/2004,VCV,CA,AWP,WE,Federal Contract Tower,7,0,24,0,31,3,28,126,4,161,10,28,150,4,192,60,0,60,252
10/13/2004,VCV,CA,AWP,WE,Federal Contract Tower,3,0,12,1,16,2,35,107,9,153,5,35,119,10,169,150,4,154,323
10/14/2004,VCV,CA,AWP,WE,Federal Contract Tower,0,0,12,0,12,2,15,110,6,133,2,15,122,6,145,66,0,66,211
10/15/2004,VCV,CA,AWP,WE,Federal Contract Tower,0,0,10,2,12,8,26,76,14,124,8,26,86,16,136,94,30,124,260
10/16/2004,VCV,CA,AWP,WE,Federal Contract Tower,3,0,16,4,23,0,12,106,4,122,3,12,122,8,145,80,6,86,231
10/17/2004,VCV,CA,AWP,WE,Federal Contract Tower,9,0,0,4,13,0,1,34,1,36,9,1,34,5,49,0,0,0,49
10/18/2004,VCV,CA,AWP,WE,Federal Contract Tower,6,0,4,0,10,0,18,106,2,126,6,18,110,2,136,96,0,96,232
10/19/2004,VCV,CA,AWP,WE,Federal Contract Tower,1,0,9,0,10,4,16,52,2,74,5,16,61,2,84,8,0,8,92
10/20/2004,VCV,CA,AWP,WE,Federal Contract Tower,0,0,1,0,1,0,10,30,0,40,0,10,31,0,41,16,0,16,57
10/21/2004,VCV,CA,AWP,WE,Federal Contract Tower,23,0,8,1,32,6,79,112,29,226,29,79,120,30,258,68,22,90,348
10/22/2004,VCV,CA,AWP,WE,Federal Contract Tower,22,0,6,0,28,3,34,148,0,185,25,34,154,0,213,112,0,112,325
10/23/2004,VCV,CA,AWP,WE,Federal Contract Tower,24,0,2,0,26,0,17,120,12,149,24,17,122,12,175,46,36,82,257
10/24/2004,VCV,CA,AWP,WE,Federal Contract Tower,9,0,8,0,17,0,7,34,0,41,9,7,42,0,58,104,0,104,162
10/25/2004,VCV,CA,AWP,WE,Federal Contract Tower,2,0,8,2,12,3,36,75,6,120,5,36,83,8,132,94,6,100,232
10/26/2004,VCV,CA,AWP,WE,Federal Contract Tower,2,0,6,0,8,2,12,72,0,86,4,12,78,0,94,2,0,2,96
10/27/2004,VCV,CA,AWP,WE,Federal Contract Tower,1,0,7,0,8,0,16,60,15,91,1,16,67,15,99,26,0,26,125
10/28/2004,VCV,CA,AWP,WE,Federal Contract Tower,2,0,9,0,11,2,45,71,4,122,4,45,80,4,133,50,0,50,183
10/29/2004,VCV,CA,AWP,WE,Federal Contract Tower,4,0,19,0,23,1,15,83,37,136,5,15,102,37,159,40,20,60,219
10/30/2004,VCV,CA,AWP,WE,Federal Contract Tower,0,0,12,0,12,0,12,80,0,92,0,12,92,0,104,118,0,118,222
10/31/2004,VCV,CA,AWP,WE,Federal Contract Tower,0,0,5,0,5,0,8,24,0,32,0,8,29,0,37,100,0,100,137
11/01/2004,VCV,CA,AWP,WE,Federal Contract Tower,0,0,4,3,7,0,2,50,5,57,0,2,54,8,64,32,6,38,102
11/02/2004,VCV,CA,AWP,WE,Federal Contract Tower,0,0,3,0,3,0,26,58,20,104,0,26,61,20,107,16,0,16,123
11/03/2004,VCV,CA,AWP,WE,Federal Contract Tower,0,0,7,0,7,0,44,112,14,170,0,44,119,14,177,84,142,226,403
11/04/2004,VCV,CA,AWP,WE,Federal Contract Tower,0,0,4,3,7,10,22,119,15,166,10,22,123,18,173,66,16,82,255
11/05/2004,VCV,CA,AWP,WE,Federal Contract Tower,0,0,4,1,5,0,7,61,3,71,0,7,65,4,76,2,0,2,78
11/06/2004,VCV,CA,AWP,WE,Federal Contract Tower,5,0,0,0,5,1,0,46,0,47,6,0,46,0,52,0,0,0,52
11/07/2004,VCV,CA,AWP,WE,Federal Contract Tower,5,0,0,0,5,0,6,9,0,15,5,6,9,0,20,22,0,22,42
11/08/2004,VCV,CA,AWP,WE,Federal Contract Tower,6,0,34,9,49,0,0,0,0,0,6,0,34,9,49,0,66,66,115
11/09/2004,VCV,CA,AWP,WE,Federal Contract Tower,0,0,15,3,18,0,20,59,0,79,0,20,74,3,97,45,0,45,142
11/10/2004,VCV,CA,AWP,WE,Federal Contract Tower,0,0,6,3,9,4,13,96,26,139,4,13,102,29,148,86,68,154,302
11/11/2004,VCV,CA,AWP,WE,Federal Contract Tower,1,2,5,1,9,3,48,107,29,187,4,50,112,30,196,32,60,92,288
11/12/2004,VCV,CA,AWP,WE,Federal Contract Tower,9,0,6,1,16,1,28,84,19,132,10,28,90,20,148,40,12,52,200
11/13/2004,VCV,CA,AWP,WE,Federal Contract Tower,2,4,4,0,10,0,11,52,0,63,2,15,56,0,73,66,0,66,139
11/14/2004,VCV,CA,AWP,WE,Federal Contract Tower,0,1,3,0,4,0,13,20,0,33,0,14,23,0,37,52,0,52,89
11/15/2004,VCV,CA,AWP,WE,Federal Contract Tower,1,0,0,0,1,0,8,30,0,38,1,8,30,0,39,14,0,14,53
11/16/2004,VCV,CA,AWP,WE,Federal Contract Tower,3,2,3,0,8,1,24,45,30,100,4,26,48,30,108,80,140,220,328
11/17/2004,VCV,CA,AWP,WE,Federal Contract Tower,8,0,12,0,20,0,21,99,46,166,8,21,111,46,186,130,0,130,316
11/18/2004,VCV,CA,AWP,WE,Federal Contract Tower,22,0,5,2,29,5,20,77,12,114,27,20,82,14,143,58,4,62,205
11/19/2004,VCV,CA,AWP,WE,Federal Contract Tower,27,0,1,0,28,0,43,94,16,153,27,43,95,16,181,60,20,80,261
11/20/2004,VCV,CA,AWP,WE,Federal Contract Tower,30,4,12,4,50,0,32,78,12,122,30,36,90,16,172,46,22,68,240
11/21/2004,VCV,CA,AWP,WE,Federal Contract Tower,6,0,3,1,10,1,0,0,0,1,7,0,3,1,11,0,0,0,11
11/22/2004,VCV,CA,AWP,WE,Federal Contract Tower,0,0,2,0,2,0,4,21,4,29,0,4,23,4,31,0,0,0,31
11/23/2004,VCV,CA,AWP,WE,Federal Contract Tower,1,0,6,16,23,0,22,34,8,64,1,22,40,24,87,22,24,46,133
11/24/2004,VCV,CA,AWP,WE,Federal Contract Tower,2,0,5,1,8,0,50,96,1,147,2,50,101,2,155,64,20,84,239
11/25/2004,VCV,CA,AWP,WE,Federal Contract Tower,0,0,1,0,1,0,12,26,0,38,0,12,27,0,39,0,0,0,39
11/26/2004,VCV,CA,AWP,WE,Federal Contract Tower,2,0,4,0,6,0,24,94,24,142,2,24,98,24,148,50,24,74,222
11/27/2004,VCV,CA,AWP,WE,Federal Contract Tower,1,2,1,0,4,1,12,63,4,80,2,14,64,4,84,4,2,6,90
11/28/2004,VCV,CA,AWP,WE,Federal Contract Tower,0,0,6,0,6,0,13,18,0,31,0,13,24,0,37,14,0,14,51
11/29/2004,VCV,CA,AWP,WE,Federal Contract Tower,1,4,10,5,20,0,4,42,3,49,1,8,52,8,69,0,8,8,77
11/30/2004,VCV,CA,AWP,WE,Federal Contract Tower,2,2,4,4,12,0,16,97,2,115,2,18,101,6,127,27,4,31,158
12/01/2004,VCV,CA,AWP,WE,Federal Contract Tower,2,0,7,4,13,0,26,77,12,115,2,26,84,16,128,60,38,98,226
12/02/2004,VCV,CA,AWP,WE,Federal Contract Tower,2,0,1,7,10,0,27,96,13,136,2,27,97,20,146,74,60,134,280
12/03/2004,VCV,CA,AWP,WE,Federal Contract Tower,2,0,0,3,5,4,24,96,77,201,6,24,96,80,206,66,62,128,334
12/04/2004,VCV,CA,AWP,WE,Federal Contract Tower,2,0,3,0,5,0,18,33,8,59,2,18,36,8,64,56,34,90,154
12/05/2004,VCV,CA,AWP,WE,Federal Contract Tower,0,0,0,5,5,0,10,26,1,37,0,10,26,6,42,0,4,4,46
12/06/2004,VCV,CA,AWP,WE,Federal Contract Tower,0,0,2,1,3,0,14,31,0,45,0,14,33,1,48,18,14,32,80
12/07/2004,VCV,CA,AWP,WE,Federal Contract Tower,0,4,0,4,8,0,40,80,20,140,0,44,80,24,148,40,32,72,220
12/08/2004,VCV,CA,AWP,WE,Federal Contract Tower,2,0,5,0,7,0,30,77,0,107,2,30,82,0,114,52,0,52,166
12/09/2004,VCV,CA,AWP,WE,Federal Contract Tower,2,0,7,0,9,1,18,76,3,98,3,18,83,3,107,26,12,38,145
12/10/2004,VCV,CA,AWP,WE,Federal Contract Tower,3,0,0,2,5,1,29,106,12,148,4,29,106,14,153,58,32,90,243
12/11/2004,VCV,CA,AWP,WE,Federal Contract Tower,2,0,5,0,7,0,16,83,10,109,2,16,88,10,116,40,8,48,164
12/12/2004,VCV,CA,AWP,WE,Federal Contract Tower,0,0,18,2,20,0,12,40,0,52,0,12,58,2,72,12,0,12,84
12/13/2004,VCV,CA,AWP,WE,Federal Contract Tower,0,0,16,5,21,0,2,61,2,65,0,2,77,7,86,6,10,16,102
12/14/2004,VCV,CA,AWP,WE,Federal Contract Tower,13,9,2,14,38,0,26,124,31,181,13,35,126,45,219,60,155,215,434
12/15/2004,VCV,CA,AWP,WE,Federal Contract Tower,17,0,7,0,24,0,26,113,26,165,17,26,120,26,189,46,28,74,263
12/16/2004,VCV,CA,AWP,WE,Federal Contract Tower,10,0,2,0,12,0,5,46,0,51,10,5,48,0,63,20,0,20,83
12/17/2004,VCV,CA,AWP,WE,Federal Contract Tower,7,0,3,0,10,7,47,153,32,239,14,47,156,32,249,48,34,82,331
12/18/2004,VCV,CA,AWP,WE,Federal Contract Tower,6,2,4,4,16,0,34,101,6,141,6,36,105,10,157,82,38,120,277
12/19/2004,VCV,CA,AWP,WE,Federal Contract Tower,0,0,14,4,18,0,12,31,0,43,0,12,45,4,61,20,0,20,81
12/20/2004,VCV,CA,AWP,WE,Federal Contract Tower,0,0,10,10,20,0,1,73,5,79,0,1,83,15,99,38,2,40,139
12/21/2004,VCV,CA,AWP,WE,Federal Contract Tower,2,0,2,0,4,0,25,64,0,89,2,25,66,0,93,34,0,34,127
12/22/2004,VCV,CA,AWP,WE,Federal Contract Tower,0,0,7,1,8,0,19,70,0,89,0,19,77,1,97,56,4,60,157
12/23/2004,VCV,CA,AWP,WE,Federal Contract Tower,0,0,0,5,5,0,14,22,8,44,0,14,22,13,49,2,30,32,81
12/24/2004,VCV,CA,AWP,WE,Federal Contract Tower,0,0,0,0,0,0,32,70,0,102,0,32,70,0,102,80,0,80,182
12/25/2004,VCV,CA,AWP,WE,Federal Contract Tower,0,0,0,0,0,0,14,28,0,42,0,14,28,0,42,0,0,0,42
12/26/2004,VCV,CA,AWP,WE,Federal Contract Tower,0,0,6,0,6,0,14,44,0,58,0,14,50,0,64,2,0,2,66
12/27/2004,VCV,CA,AWP,WE,Federal Contract Tower,0,0,1,6,7,0,0,36,0,36,0,0,37,6,43,6,123,129,172
12/28/2004,VCV,CA,AWP,WE,Federal Contract Tower,0,0,1,6,7,0,5,5,0,10,0,5,6,6,17,0,178,178,195
12/29/2004,VCV,CA,AWP,WE,Federal Contract Tower,0,0,6,3,9,0,15,62,3,80,0,15,68,6,89,4,218,222,311
12/30/2004,VCV,CA,AWP,WE,Federal Contract Tower,1,0,4,4,9,0,26,52,3,81,1,26,56,7,90,0,78,78,168
12/31/2004,VCV,CA,AWP,WE,Federal Contract Tower,0,0,2,0,2,1,24,58,0,83,1,24,60,0,85,40,0,40,125
01/01/2005,VCV,CA,AWP,WE,Federal Contract Tower,0,0,2,0,2,0,14,66,6,86,0,14,68,6,88,32,0,32,120
01/02/2005,VCV,CA,AWP,WE,Federal Contract Tower,0,0,3,0,3,0,3,17,0,20,0,3,20,0,23,0,0,0,23
01/03/2005,VCV,CA,AWP,WE,Federal Contract Tower,10,2,9,0,21,0,2,3,0,5,10,4,12,0,26,0,0,0,26
01/04/2005,VCV,CA,AWP,WE,Federal Contract Tower,0,0,0,0,0,0,6,86,31,123,0,6,86,31,123,0,29,29,152
01/05/2005,VCV,CA,AWP,WE,Federal Contract Tower,1,0,4,1,6,1,6,97,11,115,2,6,101,12,121,72,140,212,333
01/06/2005,VCV,CA,AWP,WE,Federal Contract Tower,2,0,3,4,9,0,18,76,0,94,2,18,79,4,103,32,30,62,165
01/07/2005,VCV,CA,AWP,WE,Federal Contract Tower,3,0,11,0,14,6,20,99,22,147,9,20,110,22,161,72,80,152,313
01/08/2005,VCV,CA,AWP,WE,Federal Contract Tower,10,0,0,0,10,0,4,40,0,44,10,4,40,0,54,22,0,22,76
01/09/2005,VCV,CA,AWP,WE,Federal Contract Tower,6,0,1,1,8,0,0,18,0,18,6,0,19,1,26,4,0,4,30
01/10/2005,VCV,CA,AWP,WE,Federal Contract Tower,20,0,4,0,24,0,5,24,1,30,20,5,28,1,54,0,0,0,54
01/11/2005,VCV,CA,AWP,WE,Federal Contract Tower,14,0,4,0,18,0,28,32,2,62,14,28,36,2,80,0,0,0,80
01/12/2005,VCV,CA,AWP,WE,Federal Contract Tower,11,1,9,6,27,0,29,182,54,265,11,30,191,60,292,80,60,140,432
01/13/2005,VCV,CA,AWP,WE,Federal Contract Tower,0,0,7,10,17,0,40,89,0,129,0,40,96,10,146,34,32,66,212
01/14/2005,VCV,CA,AWP,WE,Federal Contract Tower,2,0,4,1,7,0,32,146,29,207,2,32,150,30,214,78,60,138,352
01/15/2005,VCV,CA,AWP,WE,Federal Contract Tower,1,0,4,0,5,0,27,56,0,83,1,27,60,0,88,24,0,24,112
01/16/2005,VCV,CA,AWP,WE,Federal Contract Tower,10,0,5,0,15,0,13,43,0,56,10,13,48,0,71,14,2,16,87
01/17/2005,VCV,CA,AWP,WE,Federal Contract Tower,10,2,14,0,26,0,6,76,0,82,10,8,90,0,108,4,0,4,112
01/18/2005,VCV,CA,AWP,WE,Federal Contract Tower,8,0,10,4,22,0,34,82,0,116,8,34,92,4,138,56,20,76,214
01/19/2005,VCV,CA,AWP,WE,Federal Contract Tower,2,0,4,4,10,0,30,138,15,183,2,30,142,19,193,152,2,154,347
01/20/2005,VCV,CA,AWP,WE,Federal Contract Tower,0,0,3,2,5,0,18,47,2,67,0,18,50,4,72,10,0,10,82
01/21/2005,VCV,CA,AWP,WE,Federal Contract Tower,1,0,5,0,6,3,40,105,0,148,4,40,110,0,154,90,0,90,244
01/22/2005,VCV,CA,AWP,WE,Federal Contract Tower,8,0,12,0,20,0,22,46,0,68,8,22,58,0,88,0,0,0,88
01/23/2005,VCV,CA,AWP,WE,Federal Contract Tower,2,0,8,0,10,0,7,37,0,44,2,7,45,0,54,8,4,12,66
01/24/2005,VCV,CA,AWP,WE,Federal Contract Tower,0,4,4,16,24,0,0,35,6,41,0,4,39,22,65,0,6,6,71
01/25/2005,VCV,CA,AWP,WE,Federal Contract Tower,0,0,12,6,18,0,20,44,4,68,0,20,56,10,86,0,8,8,94
01/26/2005,VCV,CA,AWP,WE,Federal Contract Tower,6,2,8,0,16,0,8,46,2,56,6,10,54,2,72,22,2,24,96
01/27/2005,VCV,CA,AWP,WE,Federal Contract Tower,0,0,11,0,11,0,20,80,34,134,0,20,91,34,145,68,60,128,273
01/28/2005,VCV,CA,AWP,WE,Federal Contract Tower,0,1,7,0,8,0,29,68,12,109,0,30,75,12,117,30,28,58,175
01/29/2005,VCV,CA,AWP,WE,Federal Contract Tower,1,0,8,0,9,0,10,40,2,52,1,10,48,2,61,17,2,19,80
01/30/2005,VCV,CA,AWP,WE,Federal Contract Tower,5,0,10,0,15,0,5,26,3,34,5,5,36,3,49,46,1,47,96
01/31/2005,VCV,CA,AWP,WE,Federal Contract Tower,3,0,10,2,15,0,20,74,8,102,3,20,84,10,117,70,10,80,197
02/01/2005,VCV,CA,AWP,WE,Federal Contract Tower,0,0,14,12,26,0,24,58,0,82,0,24,72,12,108,21,30,51,159
02/02/2005,VCV,CA,AWP,WE,Federal Contract Tower,10,0,1,3,14,0,5,53,3,61,10,5,54,6,75,28,2,30,105
02/03/2005,VCV,CA,AWP,WE,Federal Contract Tower,1,0,13,2,16,0,40,129,10,179,1,40,142,12,195,76,40,116,311
02/04/2005,VCV,CA,AWP,WE,Federal Contract Tower,2,0,8,0,10,6,51,122,30,209,8,51,130,30,219,56,50,106,325
02/05/2005,VCV,CA,AWP,WE,Federal Contract Tower,1,0,4,0,5,0,14,84,0,98,1,14,88,0,103,28,0,28,131
02/06/2005,VCV,CA,AWP,WE,Federal Contract Tower,0,0,2,4,6,0,2,24,2,28,0,2,26,6,34,4,10,14,48
02/07/2005,VCV,CA,AWP,WE,Federal Contract Tower,7,2,3,9,21,6,8,52,3,69,13,10,55,12,90,48,114,162,252
02/08/2005,VCV,CA,AWP,WE,Federal Contract Tower,8,0,6,8,22,0,35,130,24,189,8,35,136,32,211,70,70,140,351
02/09/2005,VCV,CA,AWP,WE,Federal Contract Tower,4,5,8,3,20,0,38,146,33,217,4,43,154,36,237,100,140,240,477
02/10/2005,VCV,CA,AWP,WE,Federal Contract Tower,2,0,5,4,11,0,22,54,8,84,2,22,59,12,95,28,9,37,132
02/11/2005,VCV,CA,AWP,WE,Federal Contract Tower,1,0,10,0,11,0,25,75,20,120,1,25,85,20,131,46,10,56,187
02/12/2005,VCV,CA,AWP,WE,Federal Contract Tower,0,0,0,0,0,0,8,22,0,30,0,8,22,0,30,10,0,10,40
02/13/2005,VCV,CA,AWP,WE,Federal Contract Tower,1,0,16,0,17,0,8,54,0,62,1,8,70,0,79,4,0,4,83
02/14/2005,VCV,CA,AWP,WE,Federal Contract Tower,6,1,1,1,9,0,5,34,3,42,6,6,35,4,51,2,0,2,53
02/15/2005,VCV,CA,AWP,WE,Federal Contract Tower,1,0,22,4,27,0,15,64,4,83,1,15,86,8,110,37,36,73,183
02/16/2005,VCV,CA,AWP,WE,Federal Contract Tower,2,0,9,4,15,1,2,83,4,90,3,2,92,8,105,24,4,28,133
02/17/2005,VCV,CA,AWP,WE,Federal Contract Tower,2,0,7,0,9,0,22,105,0,127,2,22,112,0,136,42,0,42,178
02/18/2005,VCV,CA,AWP,WE,Federal Contract Tower,0,0,4,0,4,0,32,36,0,68,0,32,40,0,72,6,0,6,78
02/19/2005,VCV,CA,AWP,WE,Federal Contract Tower,1,0,10,0,11,0,30,30,0,60,1,30,40,0,71,0,0,0,71
02/20/2005,VCV,CA,AWP,WE,Federal Contract Tower,0,8,0,0,8,0,18,28,0,46,0,26,28,0,54,0,0,0,54
02/21/2005,VCV,CA,AWP,WE,Federal Contract Tower,3,0,0,0,3,0,12,16,0,28,3,12,16,0,31,0,0,0,31
02/22/2005,VCV,CA,AWP,WE,Federal Contract Tower,5,0,3,0,8,1,0,30,0,31,6,0,33,0,39,35,0,35,74
02/23/2005,VCV,CA,AWP,WE,Federal Contract Tower,3,0,0,0,3,2,10,28,0,40,5,10,28,0,43,0,0,0,43
02/24/2005,VCV,CA,AWP,WE,Federal Contract Tower,4,0,6,0,10,0,4,78,11,93,4,4,84,11,103,10,10,20,123
02/25/2005,VCV,CA,AWP,WE,Federal Contract Tower,0,0,6,0,6,0,25,118,0,143,0,25,124,0,149,112,0,112,261
02/26/2005,VCV,CA,AWP,WE,Federal Contract Tower,6,4,4,0,14,0,13,91,4,108,6,17,95,4,122,32,0,32,154
02/27/2005,VCV,CA,AWP,WE,Federal Contract Tower,1,2,12,0,15,0,20,78,0,98,1,22,90,0,113,28,0,28,141
02/28/2005,VCV,CA,AWP,WE,Federal Contract Tower,4,0,4,1,9,0,12,59,5,76,4,12,63,6,85,8,0,8,93
03/01/2005,VCV,CA,AWP,WE,Federal Contract Tower,0,0,10,3,13,2,2,112,12,128,2,2,122,15,141,42,20,62,203
03/02/2005,VCV,CA,AWP,WE,Federal Contract Tower,4,0,15,2,21,0,10,158,0,168,4,10,173,2,189,90,0,90,279
03/03/2005,VCV,CA,AWP,WE,Federal Contract Tower,0,0,2,1,3,0,8,70,3,81,0,8,72,4,84,10,10,20,104
03/04/2005,VCV,CA,AWP,WE,Federal Contract Tower,8,0,9,2,19,0,14,71,18,103,8,14,80,20,122,50,10,60,182
03/05/2005,VCV,CA,AWP,WE,Federal Contract Tower,1,1,2,3,7,1,19,60,17,97,2,20,62,20,104,52,0,52,156
03/06/2005,VCV,CA,AWP,WE,Federal Contract Tower,8,0,2,0,10,0,6,56,0,62,8,6,58,0,72,6,0,6,78
03/07/2005,VCV,CA,AWP,WE,Federal Contract Tower,2,0,1,3,6,0,5,47,5,57,2,5,48,8,63,2,2,4,67
03/08/2005,VCV,CA,AWP,WE,Federal Contract Tower,0,0,1,0,1,0,2,49,0,51,0,2,50,0,52,0,0,0,52
03/09/2005,VCV,CA,AWP,WE,Federal Contract Tower,0,4,9,4,17,0,2,110,8,120,0,6,119,12,137,30,12,42,179
03/10/2005,VCV,CA,AWP,WE,Federal Contract Tower,0,0,13,2,15,0,16,107,2,125,0,16,120,4,140,52,2,54,194
03/11/2005,VCV,CA,AWP,WE,Federal Contract Tower,0,0,3,0,3,0,30,114,30,174,0,30,117,30,177,102,70,172,349
03/12/2005,VCV,CA,AWP,WE,Federal Contract Tower,8,0,8,0,16,0,26,94,0,120,8,26,102,0,136,4,0,4,140
03/13/2005,VCV,CA,AWP,WE,Federal Contract Tower,0,0,0,0,0,0,14,30,0,44,0,14,30,0,44,12,0,12,56
03/14/2005,VCV,CA,AWP,WE,Federal Contract Tower,3,0,0,0,3,0,2,46,2,50,3,2,46,2,53,6,0,6,59
03/15/2005,VCV,CA,AWP,WE,Federal Contract Tower,0,0,0,6,6,0,13,70,0,83,0,13,70,6,89,25,0,25,114
03/16/2005,VCV,CA,AWP,WE,Federal Contract Tower,0,0,5,0,5,0,34,136,0,170,0,34,141,0,175,58,0,58,233
03/17/2005,VCV,CA,AWP,WE,Federal Contract Tower,0,0,6,0,6,0,46,166,0,212,0,46,172,0,218,52,0,52,270
03/18/2005,VCV,CA,AWP,WE,Federal Contract Tower,2,0,4,2,8,0,22,106,8,136,2,22,110,10,144,46,20,66,210
03/19/2005,VCV,CA,AWP,WE,Federal Contract Tower,0,0,14,2,16,0,34,60,0,94,0,34,74,2,110,18,60,78,188
03/20/2005,VCV,CA,AWP,WE,Federal Contract Tower,0,0,6,6,12,0,32,29,26,87,0,32,35,32,99,34,102,136,235
03/21/2005,VCV,CA,AWP,WE,Federal Contract Tower,9,0,4,8,21,0,16,74,31,121,9,16,78,39,142,6,48,54,196
03/22/2005,VCV,CA,AWP,WE,Federal Contract Tower,1,0,0,4,5,0,0,90,56,146,1,0,90,60,151,0,54,54,205
03/23/2005,VCV,CA,AWP,WE,Federal Contract Tower,5,0,6,1,12,0,26,91,79,196,5,26,97,80,208,20,140,160,368
03/24/2005,VCV,CA,AWP,WE,Federal Contract Tower,5,0,3,0,8,1,12,31,44,88,6,12,34,44,96,10,12,22,118
03/25/2005,VCV,CA,AWP,WE,Federal Contract Tower,4,0,5,7,16,2,30,145,68,245,6,30,150,75,261,42,70,112,373
03/26/2005,VCV,CA,AWP,WE,Federal Contract Tower,10,0,16,0,26,0,49,96,50,195,10,49,112,50,221,52,47,99,320
03/27/2005,VCV,CA,AWP,WE,Federal Contract Tower,10,0,0,0,10,0,24,40,10,74,10,24,40,10,84,0,0,0,84
03/28/2005,VCV,CA,AWP,WE,Federal Contract Tower,1,0,4,1,6,0,5,24,16,45,1,5,28,17,51,10,68,78,129
03/29/2005,VCV,CA,AWP,WE,Federal Contract Tower,1,0,17,0,18,1,27,124,115,267,2,27,141,115,285,36,260,296,581
03/30/2005,VCV,CA,AWP,WE,Federal Contract Tower,11,2,7,7,27,13,53,186,208,460,24,55,193,215,487,127,244,371,858
03/31/2005,VCV,CA,AWP,WE,Federal Contract Tower,28,0,5,0,33,4,14,76,150,244,32,14,81,150,277,20,450,470,747
04/01/2005,VCV,CA,AWP,WE,Federal Contract Tower,15,0,6,0,21,0,10,104,34,148,15,10,110,34,169,0,36,36,205
04/02/2005,VCV,CA,AWP,WE,Federal Contract Tower,6,0,14,1,21,0,26,34,25,85,6,26,48,26,106,22,0,22,128
04/03/2005,VCV,CA,AWP,WE,Federal Contract Tower,4,0,10,1,15,0,7,70,1,78,4,7,80,2,93,70,0,70,163
04/04/2005,VCV,CA,AWP,WE,Federal Contract Tower,1,0,6,2,9,0,15,45,2,62,1,15,51,4,71,20,0,20,91
04/05/2005,VCV,CA,AWP,WE,Federal Contract Tower,4,0,9,4,17,1,16,114,22,153,5,16,123,26,170,35,0,35,205
04/06/2005,VCV,CA,AWP,WE,Federal Contract Tower,0,0,7,2,9,0,14,94,0,108,0,14,101,2,117,24,18,42,159
04/07/2005,VCV,CA,AWP,WE,Federal Contract Tower,12,0,20,2,34,2,34,78,8,122,14,34,98,10,156,26,28,54,210
04/08/2005,VCV,CA,AWP,WE,Federal Contract Tower,10,0,3,0,13,4,18,67,10,99,14,18,70,10,112,30,10,40,152
04/09/2005,VCV,CA,AWP,WE,Federal Contract Tower,14,0,2,0,16,0,24,24,2,50,14,24,26,2,66,0,0,0,66
04/10/2005,VCV,CA,AWP,WE,Federal Contract Tower,0,0,10,0,10,0,25,26,2,53,0,25,36,2,63,32,8,40,103
04/11/2005,VCV,CA,AWP,WE,Federal Contract Tower,4,0,3,1,8,0,6,56,5,67,4,6,59,6,75,46,4,50,125
04/12/2005,VCV,CA,AWP,WE,Federal Contract Tower,0,0,16,0,16,0,18,94,4,116,0,18,110,4,132,0,0,0,132
04/13/2005,VCV,CA,AWP,WE,Federal Contract Tower,7,0,7,1,15,1,54,94,19,168,8,54,101,20,183,78,0,78,261
04/14/2005,VCV,CA,AWP,WE,Federal Contract Tower,0,0,0,0,0,0,11,45,0,56,0,11,45,0,56,32,0,32,88
04/15/2005,VCV,CA,AWP,WE,Federal Contract Tower,3,0,10,0,13,7,31,121,33,192,10,31,131,33,205,56,4,60,265
04/16/2005,VCV,CA,AWP,WE,Federal Contract Tower,6,0,0,1,7,0,26,84,11,121,6,26,84,12,128,40,0,40,168
04/17/2005,VCV,CA,AWP,WE,Federal Contract Tower,1,2,0,0,3,0,12,52,4,68,1,14,52,4,71,18,0,18,89
04/18/2005,VCV,CA,AWP,WE,Federal Contract Tower,0,0,5,3,8,0,13,27,7,47,0,13,32,10,55,14,8,22,77
04/19/2005,VCV,CA,AWP,WE,Federal Contract Tower,0,0,3,0,3,2,10,49,0,61,2,10,52,0,64,0,0,0,64
04/20/2005,VCV,CA,AWP,WE,Federal Contract Tower,1,0,9,0,10,1,26,109,5,141,2,26,118,5,151,56,0,56,207
04/21/2005,VCV,CA,AWP,WE,Federal Contract Tower,1,0,8,0,9,1,32,116,12,161,2,32,124,12,170,52,2,54,224
04/22/2005,VCV,CA,AWP,WE,Federal Contract Tower,2,0,12,1,15,0,20,98,19,137,2,20,110,20,152,60,8,68,220
04/23/2005,VCV,CA,AWP,WE,Federal Contract Tower,0,0,4,2,6,0,22,22,0,44,0,22,26,2,50,32,58,90,140
04/24/2005,VCV,CA,AWP,WE,Federal Contract Tower,8,0,0,0,8,0,28,48,2,78,8,28,48,2,86,16,2,18,104
04/25/2005,VCV,CA,AWP,WE,Federal Contract Tower,4,4,0,1,9,1,12,58,2,73,5,16,58,3,82,20,2,22,104
04/26/2005,VCV,CA,AWP,WE,Federal Contract Tower,4,0,6,1,11,1,12,85,0,98,5,12,91,1,109,38,1,39,148
04/27/2005,VCV,CA,AWP,WE,Federal Contract Tower,24,0,2,0,26,3,12,92,16,123,27,12,94,16,149,38,4,42,191
04/28/2005,VCV,CA,AWP,WE,Federal Contract Tower,19,0,0,0,19,9,36,112,8,165,28,36,112,8,184,42,40,82,266
04/29/2005,VCV,CA,AWP,WE,Federal Contract Tower,8,0,7,0,15,0,20,103,6,129,8,20,110,6,144,24,0,24,168
04/30/2005,VCV,CA,AWP,WE,Federal Contract Tower,2,2,0,0,4,0,60,60,10,130,2,62,60,10,134,64,0,64,198
05/01/2005,VCV,CA,AWP,WE,Federal Contract Tower,1,0,2,0,3,0,31,43,0,74,1,31,45,0,77,10,0,10,87
05/02/2005,VCV,CA,AWP,WE,Federal Contract Tower,2,0,0,1,3,0,18,64,39,121,2,18,64,40,124,82,140,222,346
05/03/2005,VCV,CA,AWP,WE,Federal Contract Tower,14,0,0,0,14,0,21,125,2,148,14,21,125,2,162,85,1,86,248
05/04/2005,VCV,CA,AWP,WE,Federal Contract Tower,22,0,6,0,28,0,3,86,54,143,22,3,92,54,171,46,0,46,217
05/05/2005,VCV,CA,AWP,WE,Federal Contract Tower,18,0,2,1,21,0,24,74,5,103,18,24,76,6,124,16,0,16,140
05/06/2005,VCV,CA,AWP,WE,Federal Contract Tower,6,0,8,0,14,0,18,72,20,110,6,18,80,20,124,20,0,20,144
05/07/2005,VCV,CA,AWP,WE,Federal Contract Tower,0,18,6,2,26,0,16,126,6,148,0,34,132,8,174,58,60,118,292
05/08/2005,VCV,CA,AWP,WE,Federal Contract Tower,0,0,6,2,8,0,22,34,0,56,0,22,40,2,64,0,0,0,64
05/09/2005,VCV,CA,AWP,WE,Federal Contract Tower,2,4,3,0,9,0,6,21,18,45,2,10,24,18,54,6,0,6,60
05/10/2005,VCV,CA,AWP,WE,Federal Contract Tower,1,0,5,0,6,0,12,83,6,101,1,12,88,6,107,2,0,2,109
05/11/2005,VCV,CA,AWP,WE,Federal Contract Tower,0,0,4,3,7,0,19,76,38,133,0,19,80,41,140,50,0,50,190
05/12/2005,VCV,CA,AWP,WE,Federal Contract Tower,1,0,1,3,5,0,16,89,11,116,1,16,90,14,121,56,14,70,191
05/13/2005,VCV,CA,AWP,WE,Federal Contract Tower,3,0,2,3,8,0,30,96,3,129,3,30,98,6,137,38,12,50,187
05/14/2005,VCV,CA,AWP,WE,Federal Contract Tower,2,0,0,0,2,0,40,104,30,174,2,40,104,30,176,30,10,40,216
05/15/2005,VCV,CA,AWP,WE,Federal Contract Tower,0,0,6,0,6,0,30,74,4,108,0,30,80,4,114,54,2,56,170
05/16/2005,VCV,CA,AWP,WE,Federal Contract Tower,4,1,1,1,7,0,10,46,1,57,4,11,47,2,64,22,24,46,110
05/17/2005,VCV,CA,AWP,WE,Federal Contract Tower,0,0,9,0,9,0,10,59,8,77,0,10,68,8,86,24,0,24,110
05/18/2005,VCV,CA,AWP,WE,Federal Contract Tower,0,2,3,4,9,0,27,98,0,125,0,29,101,4,134,30,20,50,184
05/19/2005,VCV,CA,AWP,WE,Federal Contract Tower,0,0,12,3,15,1,20,106,21,148,1,20,118,24,163,60,46,106,269
05/20/2005,VCV,CA,AWP,WE,Federal Contract Tower,2,0,3,3,8,0,40,117,27,184,2,40,120,30,192,40,10,50,242
05/21/2005,VCV,CA,AWP,WE,Federal Contract Tower,6,4,6,2,18,0,24,85,16,125,6,28,91,18,143,58,98,156,299
05/22/2005,VCV,CA,AWP,WE,Federal Contract Tower,4,0,4,1,9,0,29,72,1,102,4,29,76,2,111,24,50,74,185
05/23/2005,VCV,CA,AWP,WE,Federal Contract Tower,4,0,4,0,8,0,7,55,0,62,4,7,59,0,70,50,0,50,120
05/24/2005,VCV,CA,AWP,WE,Federal Contract Tower,2,2,5,0,9,0,23,88,4,115,2,25,93,4,124,60,0,60,184
05/25/2005,VCV,CA,AWP,WE,Federal Contract Tower,2,0,3,6,11,0,14,97,2,113,2,14,100,8,124,18,4,22,146
05/26/2005,VCV,CA,AWP,WE,Federal Contract Tower,11,0,1,2,14,3,32,111,0,146,14,32,112,2,160,48,0,48,208
05/27/2005,VCV,CA,AWP,WE,Federal Contract Tower,4,0,1,1,6,0,50,99,39,188,4,50,100,40,194,42,20,62,256
05/28/2005,VCV,CA,AWP,WE,Federal Contract Tower,2,0,10,0,12,0,52,96,2,150,2,52,106,2,162,58,0,58,220
05/29/2005,VCV,CA,AWP,WE,Federal Contract Tower,0,4,6,0,10,0,23,51,0,74,0,27,57,0,84,14,0,14,98
05/30/2005,VCV,CA,AWP,WE,Federal Contract Tower,0,0,0,2,2,0,7,70,2,79,0,7,70,4,81,0,0,0,81
05/31/2005,VCV,CA,AWP,WE,Federal Contract Tower,2,3,0,0,5,0,5,49,0,54,2,8,49,0,59,6,0,6,65
06/01/2005,VCV,CA,AWP,WE,Federal Contract Tower,0,0,6,2,8,0,25,81,38,144,0,25,87,40,152,50,22,72,224
06/02/2005,VCV,CA,AWP,WE,Federal Contract Tower,0,0,5,1,6,0,21,119,5,145,0,21,124,6,151,18,16,34,185
06/03/2005,VCV,CA,AWP,WE,Federal Contract Tower,1,0,1,0,2,0,23,81,0,104,1,23,82,0,106,20,0,20,126
06/04/2005,VCV,CA,AWP,WE,Federal Contract Tower,16,0,2,0,18,0,26,82,0,108,16,26,84,0,126,22,0,22,148
06/05/2005,VCV,CA,AWP,WE,Federal Contract Tower,12,0,0,0,12,0,18,58,4,80,12,18,58,4,92,16,0,16,108
06/06/2005,VCV,CA,AWP,WE,Federal Contract Tower,9,0,5,4,18,0,2,78,1,81,9,2,83,5,99,8,26,34,133
06/07/2005,VCV,CA,AWP,WE,Federal Contract Tower,6,0,5,3,14,0,14,75,7,96,6,14,80,10,110,6,0,6,116
06/08/2005,VCV,CA,AWP,WE,Federal Contract Tower,0,0,4,1,5,0,26,103,1,130,0,26,107,2,135,50,16,66,201
06/09/2005,VCV,CA,AWP,WE,Federal Contract Tower,0,0,4,1,5,0,18,38,1,57,0,18,42,2,62,0,26,26,88
06/10/2005,VCV,CA,AWP,WE,Federal Contract Tower,2,0,10,0,12,1,40,100,18,159,3,40,110,18,171,40,20,60,231
06/11/2005,VCV,CA,AWP,WE,Federal Contract Tower,2,4,14,0,20,0,33,101,0,134,2,37,115,0,154,6,0,6,160
06/12/2005,VCV,CA,AWP,WE,Federal Contract Tower,2,0,1,0,3,0,10,113,2,125,2,10,114,2,128,18,0,18,146
06/13/2005,VCV,CA,AWP,WE,Federal Contract Tower,0,1,5,1,7,0,12,53,1,66,0,13,58,2,73,26,2,28,101
06/14/2005,VCV,CA,AWP,WE,Federal Contract Tower,5,0,11,0,16,0,29,67,2,98,5,29,78,2,114,51,0,51,165
06/15/2005,VCV,CA,AWP,WE,Federal Contract Tower,2,0,7,3,12,1,30,114,2,147,3,30,121,5,159,4,8,12,171
06/16/2005,VCV,CA,AWP,WE,Federal Contract Tower,0,0,9,3,12,6,22,133,5,166,6,22,142,8,178,102,16,118,296
06/17/2005,VCV,CA,AWP,WE,Federal Contract Tower,6,0,9,3,18,0,46,111,17,174,6,46,120,20,192,40,120,160,352
06/18/2005,VCV,CA,AWP,WE,Federal Contract Tower,0,0,0,0,0,0,36,70,18,124,0,36,70,18,124,96,36,132,256
06/19/2005,VCV,CA,AWP,WE,Federal Contract Tower,0,0,0,0,0,0,14,84,0,98,0,14,84,0,98,28,0,28,126
06/20/2005,VCV,CA,AWP,WE,Federal Contract Tower,0,0,4,6,10,0,24,84,10,118,0,24,88,16,128,42,144,186,314
06/21/2005,VCV,CA,AWP,WE,Federal Contract Tower,0,0,2,2,4,0,19,59,4,82,0,19,61,6,86,2,70,72,158
06/22/2005,VCV,CA,AWP,WE,Federal Contract Tower,4,0,3,0,7,0,12,86,0,98,4,12,89,0,105,46,2,48,153
06/23/2005,VCV,CA,AWP,WE,Federal Contract Tower,0,0,1,0,1,0,14,51,6,71,0,14,52,6,72,0,160,160,232
06/24/2005,VCV,CA,AWP,WE,Federal Contract Tower,0,0,6,6,12,0,48,83,8,139,0,48,89,14,151,18,32,50,201
06/25/2005,VCV,CA,AWP,WE,Federal Contract Tower,1,0,0,0,1,0,39,92,16,147,1,39,92,16,148,58,48,106,254
06/26/2005,VCV,CA,AWP,WE,Federal Contract Tower,0,4,10,0,14,0,12,41,0,53,0,16,51,0,67,0,0,0,67
06/27/2005,VCV,CA,AWP,WE,Federal Contract Tower,4,1,0,3,8,0,17,53,3,73,4,18,53,6,81,16,6,22,103
06/28/2005,VCV,CA,AWP,WE,Federal Contract Tower,4,0,9,4,17,0,32,93,37,162,4,32,102,41,179,32,88,120,299
06/29/2005,VCV,CA,AWP,WE,Federal Contract Tower,7,0,2,4,13,3,8,65,1,77,10,8,67,5,90,36,24,60,150
06/30/2005,VCV,CA,AWP,WE,Federal Contract Tower,0,0,3,0,3,0,28,73,0,101,0,28,76,0,104,30,24,54,158
07/01/2005,VCV,CA,AWP,WE,Federal Contract Tower,0,0,6,5,11,0,20,92,5,117,0,20,98,10,128,40,26,66,194
07/02/2005,VCV,CA,AWP,WE,Federal Contract Tower,0,0,0,0,0,0,38,82,0,120,0,38,82,0,120,26,0,26,146
07/03/2005,VCV,CA,AWP,WE,Federal Contract Tower,0,0,12,0,12,0,16,47,0,63,0,16,59,0,75,40,0,40,115
07/04/2005,VCV,CA,AWP,WE,Federal Contract Tower,0,0,18,0,18,0,22,34,0,56,0,22,52,0,74,26,0,26,100
07/05/2005,VCV,CA,AWP,WE,Federal Contract Tower,8,0,3,0,11,0,22,65,0,87,8,22,68,0,98,12,0,12,110
07/06/2005,VCV,CA,AWP,WE,Federal Contract Tower,11,2,3,3,19,1,25,95,13,134,12,27,98,16,153,2,26,28,181
07/07/2005,VCV,CA,AWP,WE,Federal Contract Tower,10,0,8,1,19,0,39,134,1,174,10,39,142,2,193,68,20,88,281
07/08/2005,VCV,CA,AWP,WE,Federal Contract Tower,17,0,8,0,25,0,54,156,10,220,17,54,164,10,245,70,10,80,325
07/09/2005,VCV,CA,AWP,WE,Federal Contract Tower,10,0,14,4,28,0,46,112,14,172,10,46,126,18,200,42,28,70,270
07/10/2005,VCV,CA,AWP,WE,Federal Contract Tower,4,0,3,0,7,1,15,87,10,113,5,15,90,10,120,28,0,28,148
07/11/2005,VCV,CA,AWP,WE,Federal Contract Tower,4,0,12,0,16,0,5,67,2,74,4,5,79,2,90,22,0,22,112
07/12/2005,VCV,CA,AWP,WE,Federal Contract Tower,2,0,5,4,11,0,42,76,26,144,2,42,81,30,155,22,65,87,242
07/13/2005,VCV,CA,AWP,WE,Federal Contract Tower,0,0,3,1,4,0,20,68,7,95,0,20,71,8,99,44,44,88,187
07/14/2005,VCV,CA,AWP,WE,Federal Contract Tower,2,0,9,1,12,0,32,87,5,124,2,32,96,6,136,64,12,76,212
07/15/2005,VCV,CA,AWP,WE,Federal Contract Tower,5,0,9,0,14,7,30,121,20,178,12,30,130,20,192,54,10,64,256
07/16/2005,VCV,CA,AWP,WE,Federal Contract Tower,4,0,0,0,4,0,34,96,28,158,4,34,96,28,162,104,0,104,266
07/17/2005,VCV,CA,AWP,WE,Federal Contract Tower,3,0,3,2,8,0,24,51,0,75,3,24,54,2,83,0,0,0,83
07/18/2005,VCV,CA,AWP,WE,Federal Contract Tower,4,1,2,4,11,0,11,42,6,59,4,12,44,10,70,60,28,88,158
07/19/2005,VCV,CA,AWP,WE,Federal Contract Tower,0,0,3,6,9,0,27,70,38,135,0,27,73,44,144,46,82,128,272
07/20/2005,VCV,CA,AWP,WE,Federal Contract Tower,0,0,7,2,9,0,43,133,58,234,0,43,140,60,243,64,92,156,399
07/21/2005,VCV,CA,AWP,WE,Federal Contract Tower,2,0,12,3,17,0,6,60,2,68,2,6,72,5,85,30,0,30,115
07/22/2005,VCV,CA,AWP,WE,Federal Contract Tower,0,0,10,1,11,2,44,98,19,163,2,44,108,20,174,34,94,128,302
07/23/2005,VCV,CA,AWP,WE,Federal Contract Tower,0,0,9,0,9,0,32,101,10,143,0,32,110,10,152,56,58,114,266
07/24/2005,VCV,CA,AWP,WE,Federal Contract Tower,0,2,0,1,3,0,34,107,38,179,0,36,107,39,182,83,52,135,317
07/25/2005,VCV,CA,AWP,WE,Federal Contract Tower,6,14,0,0,20,0,8,57,12,77,6,22,57,12,97,62,28,90,187
07/26/2005,VCV,CA,AWP,WE,Federal Contract Tower,0,0,3,0,3,0,24,95,15,134,0,24,98,15,137,86,50,136,273
07/27/2005,VCV,CA,AWP,WE,Federal Contract Tower,0,8,10,2,20,0,46,108,28,182,0,54,118,30,202,85,56,141,343
07/28/2005,VCV,CA,AWP,WE,Federal Contract Tower,2,0,2,2,6,0,20,86,12,118,2,20,88,14,124,62,26,88,212
07/29/2005,VCV,CA,AWP,WE,Federal Contract Tower,3,0,1,3,7,0,23,104,11,138,3,23,105,14,145,82,30,112,257
07/30/2005,VCV,CA,AWP,WE,Federal Contract Tower,1,0,6,0,7,0,20,88,25,133,1,20,94,25,140,74,55,129,269
07/31/2005,VCV,CA,AWP,WE,Federal Contract Tower,5,0,0,2,7,0,22,70,10,102,5,22,70,12,109,24,0,24,133
08/01/2005,VCV,CA,AWP,WE,Federal Contract Tower,2,1,1,0,4,5,6,61,4,76,7,7,62,4,80,76,0,76,156
08/02/2005,VCV,CA,AWP,WE,Federal Contract Tower,0,0,3,5,8,0,7,66,9,82,0,7,69,14,90,8,82,90,180
08/03/2005,VCV,CA,AWP,WE,Federal Contract Tower,3,0,1,1,5,1,39,103,9,152,4,39,104,10,157,76,50,126,283
08/04/2005,VCV,CA,AWP,WE,Federal Contract Tower,4,0,7,0,11,2,22,62,2,88,6,22,69,2,99,10,0,10,109
08/05/2005,VCV,CA,AWP,WE,Federal Contract Tower,16,6,6,6,34,0,25,98,19,142,16,31,104,25,176,74,18,92,268
08/06/2005,VCV,CA,AWP,WE,Federal Contract Tower,14,2,0,4,20,0,54,138,26,218,14,56,138,30,238,67,50,117,355
08/07/2005,VCV,CA,AWP,WE,Federal Contract Tower,19,0,0,0,19,0,24,58,12,94,19,24,58,12,113,6,0,6,119
08/08/2005,VCV,CA,AWP,WE,Federal Contract Tower,6,0,2,2,10,0,35,69,10,114,6,35,71,12,124,56,27,83,207
08/09/2005,VCV,CA,AWP,WE,Federal Contract Tower,1,0,12,4,17,1,11,84,0,96,2,11,96,4,113,118,8,126,239
08/10/2005,VCV,CA,AWP,WE,Federal Contract Tower,0,0,11,4,15,0,15,112,4,131,0,15,123,8,146,50,4,54,200
08/11/2005,VCV,CA,AWP,WE,Federal Contract Tower,2,0,3,3,8,0,5,85,7,97,2,5,88,10,105,64,72,136,241
08/12/2005,VCV,CA,AWP,WE,Federal Contract Tower,1,0,4,6,11,0,65,151,12,228,1,65,155,18,239,92,75,167,406
08/13/2005,VCV,CA,AWP,WE,Federal Contract Tower,0,4,2,6,12,0,23,104,12,139,0,27,106,18,151,78,12,90,241
08/14/2005,VCV,CA,AWP,WE,Federal Contract Tower,0,0,0,0,0,0,45,97,28,170,0,45,97,28,170,88,65,153,323
08/15/2005,VCV,CA,AWP,WE,Federal Contract Tower,0,0,14,0,14,0,14,54,8,76,0,14,68,8,90,62,4,66,156
08/16/2005,VCV,CA,AWP,WE,Federal Contract Tower,0,0,4,5,9,0,41,74,22,137,0,41,78,27,146,25,13,38,184
08/17/2005,VCV,CA,AWP,WE,Federal Contract Tower,0,0,13,7,20,0,30,94,21,145,0,30,107,28,165,42,12,54,219
08/18/2005,VCV,CA,AWP,WE,Federal Contract Tower,0,0,3,3,6,0,16,89,11,116,0,16,92,14,122,68,178,246,368
08/19/2005,VCV,CA,AWP,WE,Federal Contract Tower,5,0,2,0,7,0,22,130,14,166,5,22,132,14,173,68,48,116,289
08/20/2005,VCV,CA,AWP,WE,Federal Contract Tower,6,0,2,0,8,0,36,105,22,163,6,36,107,22,171,95,42,137,308
08/21/2005,VCV,CA,AWP,WE,Federal Contract Tower,9,0,2,4,15,0,26,54,8,88,9,26,56,12,103,36,25,61,164
08/22/2005,VCV,CA,AWP,WE,Federal Contract Tower,1,0,1,0,2,0,32,93,3,128,1,32,94,3,130,39,0,39,169
08/23/2005,VCV,CA,AWP,WE,Federal Contract Tower,2,0,11,6,19,4,23,113,5,145,6,23,124,11,164,58,32,90,254
08/24/2005,VCV,CA,AWP,WE,Federal Contract Tower,1,0,21,2,24,0,6,100,9,115,1,6,121,11,139,70,8,78,217
08/25/2005,VCV,CA,AWP,WE,Federal Contract Tower,2,0,11,3,16,0,26,159,41,226,2,26,170,44,242,88,38,126,368
08/26/2005,VCV,CA,AWP,WE,Federal Contract Tower,4,0,10,3,17,2,36,144,19,201,6,36,154,22,218,30,66,96,314
08/27/2005,VCV,CA,AWP,WE,Federal Contract Tower,2,0,6,2,10,0,45,59,20,124,2,45,65,22,134,85,18,103,237
08/28/2005,VCV,CA,AWP,WE,Federal Contract Tower,1,0,6,0,7,0,38,50,12,100,1,38,56,12,107,55,6,61,168
08/29/2005,VCV,CA,AWP,WE,Federal Contract Tower,7,0,0,2,9,7,11,42,2,62,14,11,42,4,71,26,4,30,101
08/30/2005,VCV,CA,AWP,WE,Federal Contract Tower,0,0,1,5,6,0,22,89,1,112,0,22,90,6,118,14,17,31,149
08/31/2005,VCV,CA,AWP,WE,Federal Contract Tower,20,7,7,3,37,2,18,118,14,152,22,25,125,17,189,50,0,50,239
09/01/2005,VCV,CA,AWP,WE,Federal Contract Tower,16,0,0,3,19,0,10,89,7,106,16,10,89,10,125,30,10,40,165
09/02/2005,VCV,CA,AWP,WE,Federal Contract Tower,18,0,2,1,21,0,31,158,27,216,18,31,160,28,237,80,60,140,377
09/03/2005,VCV,CA,AWP,WE,Federal Contract Tower,15,0,20,0,35,0,57,118,28,203,15,57,138,28,238,84,34,118,356
09/04/2005,VCV,CA,AWP,WE,Federal Contract Tower,10,30,0,0,40,0,5,80,0,85,10,35,80,0,125,36,0,36,161
09/05/2005,VCV,CA,AWP,WE,Federal Contract Tower,4,0,3,3,10,4,8,56,4,72,8,8,59,7,82,14,3,17,99
09/06/2005,VCV,CA,AWP,WE,Federal Contract Tower,1,1,2,1,5,1,22,85,36,144,2,23,87,37,149,2,34,36,185
09/07/2005,VCV,CA,AWP,WE,Federal Contract Tower,1,0,7,0,8,0,22,69,2,93,1,22,76,2,101,18,2,20,121
09/08/2005,VCV,CA,AWP,WE,Federal Contract Tower,0,0,2,12,14,0,6,93,32,131,0,6,95,44,145,0,80,80,225
09/09/2005,VCV,CA,AWP,WE,Federal Contract Tower,1,0,8,1,10,0,25,114,17,156,1,25,122,18,166,56,40,96,262
09/10/2005,VCV,CA,AWP,WE,Federal Contract Tower,0,0,0,0,0,0,32,114,28,174,0,32,114,28,174,54,38,92,266
09/11/2005,VCV,CA,AWP,WE,Federal Contract Tower,0,0,3,0,3,0,25,71,0,96,0,25,74,0,99,54,0,54,153
09/12/2005,VCV,CA,AWP,WE,Federal Contract Tower,1,1,8,4,14,1,5,31,5,42,2,6,39,9,56,14,10,24,80
09/13/2005,VCV,CA,AWP,WE,Federal Contract Tower,2,1,6,3,12,1,16,91,7,115,3,17,97,10,127,6,58,64,191
09/14/2005,VCV,CA,AWP,WE,Federal Contract Tower,1,1,8,2,12,1,23,104,32,160,2,24,112,34,172,74,44,118,290
09/15/2005,VCV,CA,AWP,WE,Federal Contract Tower,2,0,15,11,28,0,12,120,45,177,2,12,135,56,205,44,68,112,317
09/16/2005,VCV,CA,AWP,WE,Federal Contract Tower,3,0,8,4,15,0,36,132,22,190,3,36,140,26,205,70,50,120,325
09/17/2005,VCV,CA,AWP,WE,Federal Contract Tower,0,0,6,0,6,0,38,141,10,189,0,38,147,10,195,92,24,116,311
09/18/2005,VCV,CA,AWP,WE,Federal Contract Tower,0,0,4,2,6,0,36,47,10,93,0,36,51,12,99,28,8,36,135
09/19/2005,VCV,CA,AWP,WE,Federal Contract Tower,2,0,6,1,9,0,27,49,11,87,2,27,55,12,96,28,6,34,130
09/20/2005,VCV,CA,AWP,WE,Federal Contract Tower,0,1,2,5,8,3,18,74,21,116,3,19,76,26,124,4,30,34,158
09/21/2005,VCV,CA,AWP,WE,Federal Contract Tower,1,1,3,2,7,1,12,64,4,81,2,13,67,6,88,43,2,45,133
09/22/2005,VCV,CA,AWP,WE,Federal Contract Tower,2,0,5,1,8,0,22,77,8,107,2,22,82,9,115,30,28,58,173
09/23/2005,VCV,CA,AWP,WE,Federal Contract Tower,0,0,4,0,4,0,24,124,24,172,0,24,128,24,176,86,46,132,308
09/24/2005,VCV,CA,AWP,WE,Federal Contract Tower,0,0,18,0,18,0,57,138,26,221,0,57,156,26,239,78,46,124,363
09/25/2005,VCV,CA,AWP,WE,Federal Contract Tower,1,2,8,2,13,0,17,102,10,129,1,19,110,12,142,70,26,96,238
09/26/2005,VCV,CA,AWP,WE,Federal Contract Tower,4,0,1,1,6,0,24,153,5,182,4,24,154,6,188,76,32,108,296
09/27/2005,VCV,CA,AWP,WE,Federal Contract Tower,4,0,7,0,11,3,48,76,0,127,7,48,83,0,138,60,0,60,198
09/28/2005,VCV,CA,AWP,WE,Federal Contract Tower,6,0,14,0,20,0,16,178,14,208,6,16,192,14,228,76,38,114,342
09/29/2005,VCV,CA,AWP,WE,Federal Contract Tower,4,0,0,2,6,0,12,60,4,76,4,12,60,6,82,0,6,6,88
09/30/2005,VCV,CA,AWP,WE,Federal Contract Tower,4,0,2,3,9,0,30,126,27,183,4,30,128,30,192,62,36,98,290
10/01/2005,VCV,CA,AWP,WE,Federal Contract Tower,15,0,6,0,21,0,42,90,0,132,15,42,96,0,153,88,0,88,241
10/02/2005,VCV,CA,AWP,WE,Federal Contract Tower,0,2,0,0,2,0,27,115,20,162,0,29,115,20,164,52,54,106,270
10/03/2005,VCV,CA,AWP,WE,Federal Contract Tower,24,18,0,3,45,0,20,116,24,160,24,38,116,27,205,104,52,156,361
10/04/2005,VCV,CA,AWP,WE,Federal Contract Tower,4,8,12,0,24,11,25,151,60,247,15,33,163,60,271,60,74,134,405
10/05/2005,VCV,CA,AWP,WE,Federal Contract Tower,9,4,10,4,27,5,40,109,18,172,14,44,119,22,199,9,16,25,224
10/06/2005,VCV,CA,AWP,WE,Federal Contract Tower,4,0,2,7,13,0,6,88,47,141,4,6,90,54,154,62,116,178,332
10/07/2005,VCV,CA,AWP,WE,Federal Contract Tower,2,0,3,0,5,1,38,91,20,150,3,38,94,20,155,42,20,62,217
10/08/2005,VCV,CA,AWP,WE,Federal Contract Tower,1,0,4,0,5,0,27,32,10,69,1,27,36,10,74,24,20,44,118
10/09/2005,VCV,CA,AWP,WE,Federal Contract Tower,0,0,2,0,2,0,45,74,10,129,0,45,76,10,131,28,16,44,175
10/10/2005,VCV,CA,AWP,WE,Federal Contract Tower,1,4,1,0,6,0,32,54,10,96,1,36,55,10,102,36,14,50,152
10/11/2005,VCV,CA,AWP,WE,Federal Contract Tower,1,0,3,6,10,0,4,99,48,151,1,4,102,54,161,34,70,104,265
10/12/2005,VCV,CA,AWP,WE,Federal Contract Tower,1,0,15,3,19,2,11,137,84,234,3,11,152,87,253,40,49,89,342
10/13/2005,VCV,CA,AWP,WE,Federal Contract Tower,1,0,10,2,13,1,15,78,30,124,2,15,88,32,137,40,266,306,443
10/14/2005,VCV,CA,AWP,WE,Federal Contract Tower,2,0,11,1,14,1,24,92,53,170,3,24,103,54,184,50,34,84,268
10/15/2005,VCV,CA,AWP,WE,Federal Contract Tower,9,0,12,0,21,0,58,160,56,274,9,58,172,56,295,78,48,126,421
10/16/2005,VCV,CA,AWP,WE,Federal Contract Tower,2,0,0,0,2,0,28,38,25,91,2,28,38,25,93,16,56,72,165
10/17/2005,VCV,CA,AWP,WE,Federal Contract Tower,0,0,7,4,11,0,15,124,26,165,0,15,131,30,176,28,34,62,238
10/18/2005,VCV,CA,AWP,WE,Federal Contract Tower,1,4,5,5,15,0,4,85,66,155,1,8,90,71,170,0,67,67,237
10/19/2005,VCV,CA,AWP,WE,Federal Contract Tower,1,3,8,8,20,0,25,190,66,281,1,28,198,74,301,38,68,106,407
10/20/2005,VCV,CA,AWP,WE,Federal Contract Tower,2,0,5,8,15,0,10,43,16,69,2,10,48,24,84,62,86,148,232
10/21/2005,VCV,CA,AWP,WE,Federal Contract Tower,0,0,3,7,10,0,50,131,23,204,0,50,134,30,214,72,154,226,440
10/22/2005,VCV,CA,AWP,WE,Federal Contract Tower,0,0,4,0,4,0,54,130,26,210,0,54,134,26,214,102,36,138,352
10/23/2005,VCV,CA,AWP,WE,Federal Contract Tower,0,0,16,0,16,0,34,88,0,122,0,34,104,0,138,76,0,76,214
10/24/2005,VCV,CA,AWP,WE,Federal Contract Tower,2,5,14,7,28,0,29,62,25,116,2,34,76,32,144,48,124,172,316
10/25/2005,VCV,CA,AWP,WE,Federal Contract Tower,0,4,0,3,7,0,15,47,63,125,0,19,47,66,132,30,102,132,264
10/26/2005,VCV,CA,AWP,WE,Federal Contract Tower,1,12,11,4,28,0,20,77,12,109,1,32,88,16,137,54,38,92,229
10/27/2005,VCV,CA,AWP,WE,Federal Contract Tower,5,0,4,3,12,0,0,58,5,63,5,0,62,8,75,32,86,118,193
10/28/2005,VCV,CA,AWP,WE,Federal Contract Tower,4,0,8,0,12,0,20,84,12,116,4,20,92,12,128,30,52,82,210
10/29/2005,VCV,CA,AWP,WE,Federal Contract Tower,0,0,18,0,18,0,25,89,18,132,0,25,107,18,150,65,22,87,237
10/30/2005,VCV,CA,AWP,WE,Federal Contract Tower,0,0,6,0,6,0,44,128,26,198,0,44,134,26,204,85,52,137,341
10/31/2005,VCV,CA,AWP,WE,Federal Contract Tower,0,2,12,6,20,0,24,84,15,123,0,26,96,21,143,84,45,129,272
11/01/2005,VCV,CA,AWP,WE,Federal Contract Tower,5,2,6,8,21,0,28,126,58,212,5,30,132,66,233,42,112,154,387
11/02/2005,VCV,CA,AWP,WE,Federal Contract Tower,0,3,3,2,8,1,152,110,2,265,1,155,113,4,273,61,1,62,335
11/03/2005,VCV,CA,AWP,WE,Federal Contract Tower,4,0,14,8,26,0,2,72,24,98,4,2,86,32,124,38,70,108,232
11/04/2005,VCV,CA,AWP,WE,Federal Contract Tower,2,0,7,1,10,0,16,28,2,46,2,16,35,3,56,26,6,32,88
11/05/2005,VCV,CA,AWP,WE,Federal Contract Tower,0,0,6,0,6,0,16,59,10,85,0,16,65,10,91,88,16,104,195
11/06/2005,VCV,CA,AWP,WE,Federal Contract Tower,0,0,6,0,6,0,35,79,0,114,0,35,85,0,120,34,0,34,154
11/07/2005,VCV,CA,AWP,WE,Federal Contract Tower,0,4,12,6,22,0,15,36,8,59,0,19,48,14,81,26,10,36,117
11/08/2005,VCV,CA,AWP,WE,Federal Contract Tower,2,0,5,5,12,2,5,50,7,64,4,5,55,12,76,6,48,54,130
11/09/2005,VCV,CA,AWP,WE,Federal Contract Tower,2,0,4,2,8,0,10,62,0,72,2,10,66,2,80,30,10,40,120
11/10/2005,VCV,CA,AWP,WE,Federal Contract Tower,5,2,1,7,15,0,23,90,45,158,5,25,91,52,173,0,122,122,295
11/11/2005,VCV,CA,AWP,WE,Federal Contract Tower,4,1,10,0,15,0,49,76,0,125,4,50,86,0,140,74,0,74,214
11/12/2005,VCV,CA,AWP,WE,Federal Contract Tower,3,0,10,0,13,0,62,156,10,228,3,62,166,10,241,85,25,110,351
11/13/2005,VCV,CA,AWP,WE,Federal Contract Tower,2,0,6,0,8,0,24,88,10,122,2,24,94,10,130,28,25,53,183
11/14/2005,VCV,CA,AWP,WE,Federal Contract Tower,4,1,3,2,10,0,21,85,8,114,4,22,88,10,124,28,18,46,170
11/15/2005,VCV,CA,AWP,WE,Federal Contract Tower,1,2,7,4,14,1,20,63,37,121,2,22,70,41,135,60,124,184,319
11/16/2005,VCV,CA,AWP,WE,Federal Contract Tower,2,0,3,0,5,0,13,76,3,92,2,13,79,3,97,14,0,14,111
11/17/2005,VCV,CA,AWP,WE,Federal Contract Tower,1,0,8,4,13,0,4,45,1,50,1,4,53,5,63,24,68,92,155
11/18/2005,VCV,CA,AWP,WE,Federal Contract Tower,2,0,9,3,14,0,25,111,13,149,2,25,120,16,163,64,40,104,267
11/19/2005,VCV,CA,AWP,WE,Federal Contract Tower,7,0,4,0,11,0,32,131,30,193,7,32,135,30,204,34,35,69,273
11/20/2005,VCV,CA,AWP,WE,Federal Contract Tower,1,0,6,0,7,0,27,48,0,75,1,27,54,0,82,65,0,65,147
11/21/2005,VCV,CA,AWP,WE,Federal Contract Tower,6,0,11,2,19,0,10,67,1,78,6,10,78,3,97,20,42,62,159
11/22/2005,VCV,CA,AWP,WE,Federal Contract Tower,0,0,4,2,6,0,13,57,0,70,0,13,61,2,76,4,66,70,146
11/23/2005,VCV,CA,AWP,WE,Federal Contract Tower,0,2,7,4,13,0,13,59,4,76,0,15,66,8,89,16,0,16,105
11/24/2005,VCV,CA,AWP,WE,Federal Contract Tower,0,0,0,0,0,0,32,132,0,164,0,32,132,0,164,28,0,28,192
11/25/2005,VCV,CA,AWP,WE,Federal Contract Tower,2,0,0,0,2,0,35,120,6,161,2,35,120,6,163,40,26,66,229
11/26/2005,VCV,CA,AWP,WE,Federal Contract Tower,0,0,6,0,6,0,32,106,26,164,0,32,112,26,170,86,16,102,272
11/27/2005,VCV,CA,AWP,WE,Federal Contract Tower,1,0,0,0,1,0,37,52,10,99,1,37,52,10,100,18,16,34,134
11/28/2005,VCV,CA,AWP,WE,Federal Contract Tower,0,0,6,0,6,2,18,40,0,60,2,18,46,0,66,14,78,92,158
11/29/2005,VCV,CA,AWP,WE,Federal Contract Tower,1,0,4,1,6,1,8,40,6,55,2,8,44,7,61,16,35,51,112
11/30/2005,VCV,CA,AWP,WE,Federal Contract Tower,3,0,11,4,18,1,1,57,0,59,4,1,68,4,77,10,14,24,101
12/01/2005,VCV,CA,AWP,WE,Federal Contract Tower,4,0,9,3,16,0,16,101,13,130,4,16,110,16,146,76,118,194,340
12/02/2005,VCV,CA,AWP,WE,Federal Contract Tower,3,0,5,0,8,0,6,65,10,81,3,6,70,10,89,32,0,32,121
12/03/2005,VCV,CA,AWP,WE,Federal Contract Tower,1,0,5,4,10,0,16,115,10,141,1,16,120,14,151,60,0,60,211
12/04/2005,VCV,CA,AWP,WE,Federal Contract Tower,0,0,9,0,9,0,26,92,8,126,0,26,101,8,135,42,0,42,177
12/05/2005,VCV,CA,AWP,WE,Federal Contract Tower,0,0,9,3,12,1,7,66,7,81,1,7,75,10,93,0,68,68,161
12/06/2005,VCV,CA,AWP,WE,Federal Contract Tower,1,0,6,5,12,0,58,92,13,163,1,58,98,18,175,46,136,182,357
12/07/2005,VCV,CA,AWP,WE,Federal Contract Tower,2,1,0,7,10,0,18,104,28,150,2,19,104,35,160,70,149,219,379
12/08/2005,VCV,CA,AWP,WE,Federal Contract Tower,0,0,11,2,13,0,26,99,18,143,0,26,110,20,156,80,122,202,358
12/09/2005,VCV,CA,AWP,WE,Federal Contract Tower,0,0,7,1,8,0,40,83,13,136,0,40,90,14,144,56,60,116,260
12/10/2005,VCV,CA,AWP,WE,Federal Contract Tower,5,0,3,0,8,6,27,91,6,130,11,27,94,6,138,72,0,72,210
12/11/2005,VCV,CA,AWP,WE,Federal Contract Tower,2,0,3,0,5,0,22,65,6,93,2,22,68,6,98,84,34,118,216
12/12/2005,VCV,CA,AWP,WE,Federal Contract Tower,1,1,3,5,10,0,18,43,7,68,1,19,46,12,78,12,48,60,138
12/13/2005,VCV,CA,AWP,WE,Federal Contract Tower,1,0,2,7,10,1,6,92,22,121,2,6,94,29,131,39,108,147,278
12/14/2005,VCV,CA,AWP,WE,Federal Contract Tower,2,0,11,9,22,0,30,143,41,214,2,30,154,50,236,70,150,220,456
12/15/2005,VCV,CA,AWP,WE,Federal Contract Tower,5,0,12,3,20,4,33,132,35,204,9,33,144,38,224,58,138,196,420
12/16/2005,VCV,CA,AWP,WE,Federal Contract Tower,2,1,10,1,14,0,16,74,11,101,2,17,84,12,115,48,40,88,203
12/17/2005,VCV,CA,AWP,WE,Federal Contract Tower,1,0,4,5,10,0,22,70,9,101,1,22,74,14,111,46,72,118,229
12/18/2005,VCV,CA,AWP,WE,Federal Contract Tower,0,0,9,1,10,0,9,27,0,36,0,9,36,1,46,28,0,28,74
12/19/2005,VCV,CA,AWP,WE,Federal Contract Tower,3,1,4,2,10,1,25,76,10,112,4,26,80,12,122,58,28,86,208
12/20/2005,VCV,CA,AWP,WE,Federal Contract Tower,0,0,4,3,7,0,28,18,1,47,0,28,22,4,54,40,28,68,122
12/21/2005,VCV,CA,AWP,WE,Federal Contract Tower,0,0,6,6,12,2,39,125,12,178,2,39,131,18,190,36,98,134,324
12/22/2005,VCV,CA,AWP,WE,Federal Contract Tower,1,0,3,4,8,2,28,81,5,116,3,28,84,9,124,26,104,130,254
12/23/2005,VCV,CA,AWP,WE,Federal Contract Tower,2,0,8,4,14,0,30,112,12,154,2,30,120,16,168,80,36,116,284
12/24/2005,VCV,CA,AWP,WE,Federal Contract Tower,4,2,0,0,6,0,14,76,8,98,4,16,76,8,104,46,34,80,184
12/25/2005,VCV,CA,AWP,WE,Federal Contract Tower,1,0,0,2,3,0,22,74,0,96,1,22,74,2,99,22,16,38,137
12/26/2005,VCV,CA,AWP,WE,Federal Contract Tower,3,0,7,0,10,0,8,24,0,32,3,8,31,0,42,0,0,0,42
12/27/2005,VCV,CA,AWP,WE,Federal Contract Tower,1,0,4,0,5,0,6,51,2,59,1,6,55,2,64,16,2,18,82
12/28/2005,VCV,CA,AWP,WE,Federal Contract Tower,1,0,10,5,16,0,36,91,5,132,1,36,101,10,148,68,102,170,318
12/29/2005,VCV,CA,AWP,WE,Federal Contract Tower,0,0,6,4,10,0,22,41,4,67,0,22,47,8,77,44,112,156,233
12/30/2005,VCV,CA,AWP,WE,Federal Contract Tower,2,2,2,1,7,0,22,36,1,59,2,24,38,2,66,44,16,60,126
12/31/2005,VCV,CA,AWP,WE,Federal Contract Tower,2,0,0,0,2,0,22,38,2,62,2,22,38,2,64,48,10,58,122
01/01/2006,VCV,CA,AWP,WE,Federal Contract Tower,0,0,4,2,6,0,16,28,0,44,0,16,32,2,50,24,0,24,74
01/02/2006,VCV,CA,AWP,WE,Federal Contract Tower,1,0,0,0,1,0,0,9,0,9,1,0,9,0,10,0,0,0,10
01/03/2006,VCV,CA,AWP,WE,Federal Contract Tower,8,1,1,4,14,0,2,52,4,58,8,3,53,8,72,22,70,92,164
01/04/2006,VCV,CA,AWP,WE,Federal Contract Tower,5,0,10,10,25,0,24,53,11,88,5,24,63,21,113,32,64,96,209
01/05/2006,VCV,CA,AWP,WE,Federal Contract Tower,4,0,6,3,13,0,26,114,9,149,4,26,120,12,162,70,60,130,292
01/06/2006,VCV,CA,AWP,WE,Federal Contract Tower,2,0,2,0,4,3,43,88,5,139,5,43,90,5,143,34,1,35,178
01/07/2006,VCV,CA,AWP,WE,Federal Contract Tower,0,0,11,0,11,0,16,110,5,131,0,16,121,5,142,62,20,82,224
01/08/2006,VCV,CA,AWP,WE,Federal Contract Tower,4,0,5,0,9,0,19,112,0,131,4,19,117,0,140,94,0,94,234
01/09/2006,VCV,CA,AWP,WE,Federal Contract Tower,3,0,3,6,12,0,4,47,0,51,3,4,50,6,63,58,76,134,197
01/10/2006,VCV,CA,AWP,WE,Federal Contract Tower,2,1,6,10,19,0,4,94,36,134,2,5,100,46,153,16,104,120,273
01/11/2006,VCV,CA,AWP,WE,Federal Contract Tower,2,0,5,1,8,0,17,49,1,67,2,17,54,2,75,8,10,18,93
01/12/2006,VCV,CA,AWP,WE,Federal Contract Tower,3,0,6,2,11,0,16,70,7,93,3,16,76,9,104,40,34,74,178
01/13/2006,VCV,CA,AWP,WE,Federal Contract Tower,2,0,3,5,10,0,40,117,15,172,2,40,120,20,182,46,84,130,312
01/14/2006,VCV,CA,AWP,WE,Federal Contract Tower,0,0,4,0,4,0,30,44,8,82,0,30,48,8,86,44,0,44,130
01/15/2006,VCV,CA,AWP,WE,Federal Contract Tower,1,0,2,0,3,0,14,62,8,84,1,14,64,8,87,26,0,26,113
01/16/2006,VCV,CA,AWP,WE,Federal Contract Tower,4,0,10,0,14,0,5,51,0,56,4,5,61,0,70,8,0,8,78
01/17/2006,VCV,CA,AWP,WE,Federal Contract Tower,1,0,13,7,21,1,3,80,17,101,2,3,93,24,122,10,72,82,204
01/18/2006,VCV,CA,AWP,WE,Federal Contract Tower,3,0,7,4,14,0,18,83,26,127,3,18,90,30,141,44,114,158,299
01/19/2006,VCV,CA,AWP,WE,Federal Contract Tower,0,0,4,3,7,0,16,23,1,40,0,16,27,4,47,62,26,88,135
01/20/2006,VCV,CA,AWP,WE,Federal Contract Tower,0,0,6,0,6,0,19,56,30,105,0,19,62,30,111,40,14,54,165
01/21/2006,VCV,CA,AWP,WE,Federal Contract Tower,0,0,4,0,4,0,28,104,4,136,0,28,108,4,140,66,18,84,224
01/22/2006,VCV,CA,AWP,WE,Federal Contract Tower,3,0,5,2,10,0,14,129,10,153,3,14,134,12,163,42,16,58,221
01/23/2006,VCV,CA,AWP,WE,Federal Contract Tower,0,1,6,2,9,0,21,142,2,165,0,22,148,4,174,64,38,102,276
01/24/2006,VCV,CA,AWP,WE,Federal Contract Tower,2,0,6,6,14,0,8,60,14,82,2,8,66,20,96,46,60,106,202
01/25/2006,VCV,CA,AWP,WE,Federal Contract Tower,0,0,8,2,10,1,47,84,0,132,1,47,92,2,142,54,82,136,278
01/26/2006,VCV,CA,AWP,WE,Federal Contract Tower,0,0,7,1,8,0,18,47,3,68,0,18,54,4,76,2,26,28,104
01/27/2006,VCV,CA,AWP,WE,Federal Contract Tower,3,0,4,2,9,0,0,82,13,95,3,0,86,15,104,10,30,40,144
01/28/2006,VCV,CA,AWP,WE,Federal Contract Tower,0,0,4,0,4,0,24,98,12,134,0,24,102,12,138,36,0,36,174
01/29/2006,VCV,CA,AWP,WE,Federal Contract Tower,0,0,5,0,5,0,24,149,0,173,0,24,154,0,178,80,0,80,258
01/30/2006,VCV,CA,AWP,WE,Federal Contract Tower,1,0,3,2,6,0,0,60,6,66,1,0,63,8,72,6,24,30,102
01/31/2006,VCV,CA,AWP,WE,Federal Contract Tower,0,0,8,6,14,0,4,71,6,81,0,4,79,12,95,46,76,122,217
02/01/2006,VCV,CA,AWP,WE,Federal Contract Tower,7,0,7,6,20,0,23,104,16,143,7,23,111,22,163,62,68,130,293
02/02/2006,VCV,CA,AWP,WE,Federal Contract Tower,1,0,6,4,11,1,10,20,14,45,2,10,26,18,56,11,52,63,119
02/03/2006,VCV,CA,AWP,WE,Federal Contract Tower,8,0,17,0,25,0,32,119,22,173,8,32,136,22,198,72,70,142,340
02/04/2006,VCV,CA,AWP,WE,Federal Contract Tower,1,0,6,0,7,1,46,127,9,183,2,46,133,9,190,64,32,96,286
02/05/2006,VCV,CA,AWP,WE,Federal Contract Tower,0,0,2,2,4,0,24,142,4,170,0,24,144,6,174,62,14,76,250
02/06/2006,VCV,CA,AWP,WE,Federal Contract Tower,3,0,1,0,4,0,7,40,12,59,3,7,41,12,63,0,10,10,73
02/07/2006,VCV,CA,AWP,WE,Federal Contract Tower,4,0,8,2,14,0,2,66,20,88,4,2,74,22,102,4,68,72,174
02/08/2006,VCV,CA,AWP,WE,Federal Contract Tower,3,0,0,9,12,0,11,73,2,86,3,11,73,11,98,22,14,36,134
02/09/2006,VCV,CA,AWP,WE,Federal Contract Tower,2,0,6,8,16,0,16,52,11,79,2,16,58,19,95,18,86,104,199
02/10/2006,VCV,CA,AWP,WE,Federal Contract Tower,0,0,15,2,17,0,14,113,12,139,0,14,128,14,156,70,94,164,320
02/11/2006,VCV,CA,AWP,WE,Federal Contract Tower,0,0,4,1,5,0,26,68,30,124,0,26,72,31,129,72,0,72,201
02/12/2006,VCV,CA,AWP,WE,Federal Contract Tower,0,1,1,0,2,0,19,145,10,174,0,20,146,10,176,88,30,118,294
02/13/2006,VCV,CA,AWP,WE,Federal Contract Tower,2,0,3,2,7,0,11,47,2,60,2,11,50,4,67,8,2,10,77
02/14/2006,VCV,CA,AWP,WE,Federal Contract Tower,2,1,1,4,8,0,31,155,2,188,2,32,156,6,196,40,188,228,424
02/15/2006,VCV,CA,AWP,WE,Federal Contract Tower,1,0,4,6,11,0,6,42,0,48,1,6,46,6,59,8,120,128,187
02/16/2006,VCV,CA,AWP,WE,Federal Contract Tower,3,0,6,4,13,0,16,44,0,60,3,16,50,4,73,8,44,52,125
02/17/2006,VCV,CA,AWP,WE,Federal Contract Tower,2,0,0,0,2,0,34,86,26,146,2,34,86,26,148,54,32,86,234
02/18/2006,VCV,CA,AWP,WE,Federal Contract Tower,0,0,6,0,6,0,40,84,0,124,0,40,90,0,130,60,0,60,190
02/19/2006,VCV,CA,AWP,WE,Federal Contract Tower,1,0,4,0,5,0,16,113,4,133,1,16,117,4,138,32,12,44,182
02/20/2006,VCV,CA,AWP,WE,Federal Contract Tower,0,2,5,0,7,0,4,45,2,51,0,6,50,2,58,50,2,52,110
02/21/2006,VCV,CA,AWP,WE,Federal Contract Tower,1,0,16,3,20,1,8,52,7,68,2,8,68,10,88,10,88,98,186
02/22/2006,VCV,CA,AWP,WE,Federal Contract Tower,0,0,5,1,6,0,8,79,16,103,0,8,84,17,109,16,104,120,229
02/23/2006,VCV,CA,AWP,WE,Federal Contract Tower,0,0,10,4,14,0,8,38,0,46,0,8,48,4,60,8,80,88,148
02/24/2006,VCV,CA,AWP,WE,Federal Contract Tower,1,0,9,0,10,0,16,122,18,156,1,16,131,18,166,82,40,122,288
02/25/2006,VCV,CA,AWP,WE,Federal Contract Tower,0,0,12,0,12,1,27,78,4,110,1,27,90,4,122,60,18,78,200
02/26/2006,VCV,CA,AWP,WE,Federal Contract Tower,0,0,4,0,4,0,24,78,2,104,0,24,82,2,108,28,16,44,152
02/27/2006,VCV,CA,AWP,WE,Federal Contract Tower,0,0,2,4,6,0,4,24,2,30,0,4,26,6,36,8,72,80,116
02/28/2006,VCV,CA,AWP,WE,Federal Contract Tower,1,0,2,6,9,0,0,41,0,41,1,0,43,6,50,4,20,24,74
03/01/2006,VCV,CA,AWP,WE,Federal Contract Tower,2,0,4,4,10,0,8,89,1,98,2,8,93,5,108,46,80,126,234
03/02/2006,VCV,CA,AWP,WE,Federal Contract Tower,4,0,6,4,14,0,18,51,2,71,4,18,57,6,85,6,58,64,149
03/03/2006,VCV,CA,AWP,WE,Federal Contract Tower,2,0,7,0,9,2,14,73,30,119,4,14,80,30,128,32,20,52,180
03/04/2006,VCV,CA,AWP,WE,Federal Contract Tower,1,0,3,0,4,0,20,99,10,129,1,20,102,10,133,62,10,72,205
03/05/2006,VCV,CA,AWP,WE,Federal Contract Tower,1,0,5,0,6,0,18,71,4,93,1,18,76,4,99,44,18,62,161
03/06/2006,VCV,CA,AWP,WE,Federal Contract Tower,2,1,4,6,13,0,0,39,8,47,2,1,43,14,60,4,4,8,68
03/07/2006,VCV,CA,AWP,WE,Federal Contract Tower,4,0,5,4,13,0,0,77,1,78,4,0,82,5,91,12,104,116,207
03/08/2006,VCV,CA,AWP,WE,Federal Contract Tower,9,0,9,4,22,0,3,77,7,87,9,3,86,11,109,2,102,104,213
03/09/2006,VCV,CA,AWP,WE,Federal Contract Tower,16,0,0,8,24,0,18,62,3,83,16,18,62,11,107,26,76,102,209
03/10/2006,VCV,CA,AWP,WE,Federal Contract Tower,18,0,7,0,25,0,20,73,20,113,18,20,80,20,138,0,10,10,148
03/11/2006,VCV,CA,AWP,WE,Federal Contract Tower,2,0,6,0,8,0,9,23,0,32,2,9,29,0,40,2,0,2,42
03/12/2006,VCV,CA,AWP,WE,Federal Contract Tower,3,0,2,0,5,1,9,35,2,47,4,9,37,2,52,0,0,0,52
03/13/2006,VCV,CA,AWP,WE,Federal Contract Tower,6,0,5,5,16,0,6,53,1,60,6,6,58,6,76,26,22,48,124
03/14/2006,VCV,CA,AWP,WE,Federal Contract Tower,2,0,7,2,11,1,21,87,8,117,3,21,94,10,128,0,90,90,218
03/15/2006,VCV,CA,AWP,WE,Federal Contract Tower,6,0,11,9,26,0,32,93,6,131,6,32,104,15,157,60,92,152,309
03/16/2006,VCV,CA,AWP,WE,Federal Contract Tower,6,0,8,5,19,0,18,41,16,75,6,18,49,21,94,76,62,138,232
03/17/2006,VCV,CA,AWP,WE,Federal Contract Tower,5,0,3,0,8,0,25,67,10,102,5,25,70,10,110,8,10,18,128
03/18/2006,VCV,CA,AWP,WE,Federal Contract Tower,6,0,0,0,6,0,15,91,6,112,6,15,91,6,118,60,0,60,178
03/19/2006,VCV,CA,AWP,WE,Federal Contract Tower,6,0,3,0,9,0,4,42,0,46,6,4,45,0,55,0,0,0,55
03/20/2006,VCV,CA,AWP,WE,Federal Contract Tower,0,0,4,2,6,0,8,27,9,44,0,8,31,11,50,4,22,26,76
03/21/2006,VCV,CA,AWP,WE,Federal Contract Tower,5,0,5,5,15,0,5,79,19,103,5,5,84,24,118,0,94,94,212
03/22/2006,VCV,CA,AWP,WE,Federal Contract Tower,0,0,6,2,8,0,12,73,0,85,0,12,79,2,93,8,102,110,203
03/23/2006,VCV,CA,AWP,WE,Federal Contract Tower,0,0,16,3,19,0,14,42,0,56,0,14,58,3,75,36,34,70,145
03/24/2006,VCV,CA,AWP,WE,Federal Contract Tower,2,0,4,2,8,1,26,86,8,121,3,26,90,10,129,10,2,12,141
03/25/2006,VCV,CA,AWP,WE,Federal Contract Tower,0,0,7,0,7,0,30,75,8,113,0,30,82,8,120,40,22,62,182
03/26/2006,VCV,CA,AWP,WE,Federal Contract Tower,2,0,6,0,8,0,6,74,0,80,2,6,80,0,88,16,8,24,112
03/27/2006,VCV,CA,AWP,WE,Federal Contract Tower,7,1,8,5,21,0,4,77,5,86,7,5,85,10,107,31,10,41,148
03/28/2006,VCV,CA,AWP,WE,Federal Contract Tower,0,0,8,2,10,1,8,46,2,57,1,8,54,4,67,20,22,42,109
03/29/2006,VCV,CA,AWP,WE,Federal Contract Tower,1,0,6,2,9,0,12,62,0,74,1,12,68,2,83,10,42,52,135
03/30/2006,VCV,CA,AWP,WE,Federal Contract Tower,1,0,22,3,26,1,40,62,5,108,2,40,84,8,134,56,50,106,240
03/31/2006,VCV,CA,AWP,WE,Federal Contract Tower,1,0,4,1,6,1,24,61,1,87,2,24,65,2,93,16,12,28,121
04/01/2006,VCV,CA,AWP,WE,Federal Contract Tower,3,0,0,2,5,1,22,80,14,117,4,22,80,16,122,58,12,70,192
04/02/2006,VCV,CA,AWP,WE,Federal Contract Tower,2,0,4,4,10,0,11,57,2,70,2,11,61,6,80,14,10,24,104
04/03/2006,VCV,CA,AWP,WE,Federal Contract Tower,1,0,7,5,13,0,8,55,5,68,1,8,62,10,81,35,10,45,126
04/04/2006,VCV,CA,AWP,WE,Federal Contract Tower,1,0,0,2,3,0,6,6,0,12,1,6,6,2,15,0,66,66,81
04/05/2006,VCV,CA,AWP,WE,Federal Contract Tower,0,0,0,5,5,0,14,84,3,101,0,14,84,8,106,58,46,104,210
04/06/2006,VCV,CA,AWP,WE,Federal Contract Tower,3,0,7,4,14,0,30,103,16,149,3,30,110,20,163,62,70,132,295
04/07/2006,VCV,CA,AWP,WE,Federal Contract Tower,2,1,18,2,23,0,10,67,9,86,2,11,85,11,109,42,26,68,177
04/08/2006,VCV,CA,AWP,WE,Federal Contract Tower,0,0,13,0,13,0,5,66,2,73,0,5,79,2,86,28,0,28,114
04/09/2006,VCV,CA,AWP,WE,Federal Contract Tower,0,0,0,0,0,0,10,22,0,32,0,10,22,0,32,22,0,22,54
04/10/2006,VCV,CA,AWP,WE,Federal Contract Tower,1,0,2,2,5,0,2,41,3,46,1,2,43,5,51,0,0,0,51
04/11/2006,VCV,CA,AWP,WE,Federal Contract Tower,2,0,5,2,9,0,6,50,10,66,2,6,55,12,75,10,70,80,155
04/12/2006,VCV,CA,AWP,WE,Federal Contract Tower,1,0,13,1,15,0,0,71,6,77,1,0,84,7,92,16,52,68,160
04/13/2006,VCV,CA,AWP,WE,Federal Contract Tower,2,0,6,5,13,0,20,74,15,109,2,20,80,20,122,10,80,90,212
04/14/2006,VCV,CA,AWP,WE,Federal Contract Tower,1,0,2,0,3,1,18,10,1,30,2,18,12,1,33,2,18,20,53
04/15/2006,VCV,CA,AWP,WE,Federal Contract Tower,3,0,2,0,5,0,8,43,18,69,3,8,45,18,74,18,12,30,104
04/16/2006,VCV,CA,AWP,WE,Federal Contract Tower,4,0,11,0,15,0,9,38,1,48,4,9,49,1,63,5,0,5,68
04/17/2006,VCV,CA,AWP,WE,Federal Contract Tower,14,0,9,0,23,0,2,80,2,84,14,2,89,2,107,50,14,64,171
04/18/2006,VCV,CA,AWP,WE,Federal Contract Tower,6,0,13,6,25,0,8,73,0,81,6,8,86,6,106,40,100,140,246
04/19/2006,VCV,CA,AWP,WE,Federal Contract Tower,7,0,4,4,15,0,12,114,7,133,7,12,118,11,148,66,80,146,294
04/20/2006,VCV,CA,AWP,WE,Federal Contract Tower,15,0,5,2,22,0,30,75,18,123,15,30,80,20,145,20,120,140,285
04/21/2006,VCV,CA,AWP,WE,Federal Contract Tower,8,0,1,2,11,7,8,37,15,67,15,8,38,17,78,2,28,30,108
04/22/2006,VCV,CA,AWP,WE,Federal Contract Tower,14,0,18,3,35,0,4,23,0,27,14,4,41,3,62,0,4,4,66
04/23/2006,VCV,CA,AWP,WE,Federal Contract Tower,3,0,2,2,7,1,6,39,4,50,4,6,41,6,57,2,0,2,59
04/24/2006,VCV,CA,AWP,WE,Federal Contract Tower,3,0,8,1,12,0,0,66,1,67,3,0,74,2,79,36,74,110,189
04/25/2006,VCV,CA,AWP,WE,Federal Contract Tower,0,0,8,1,9,0,10,51,6,67,0,10,59,7,76,77,46,123,199
04/26/2006,VCV,CA,AWP,WE,Federal Contract Tower,0,0,4,4,8,0,7,27,0,34,0,7,31,4,42,14,46,60,102
04/27/2006,VCV,CA,AWP,WE,Federal Contract Tower,2,0,2,3,7,0,40,78,17,135,2,40,80,20,142,10,80,90,232
04/28/2006,VCV,CA,AWP,WE,Federal Contract Tower,0,0,6,0,6,0,18,64,4,86,0,18,70,4,92,34,20,54,146
04/29/2006,VCV,CA,AWP,WE,Federal Contract Tower,0,0,9,0,9,2,16,57,0,75,2,16,66,0,84,58,0,58,142
04/30/2006,VCV,CA,AWP,WE,Federal Contract Tower,0,0,4,0,4,0,13,35,0,48,0,13,39,0,52,34,10,44,96
05/01/2006,VCV,CA,AWP,WE,Federal Contract Tower,1,0,9,0,10,0,4,113,4,121,1,4,122,4,131,4,19,23,154
05/02/2006,VCV,CA,AWP,WE,Federal Contract Tower,2,0,3,4,9,0,4,88,0,92,2,4,91,4,101,26,94,120,221
05/03/2006,VCV,CA,AWP,WE,Federal Contract Tower,2,0,4,6,12,0,9,30,0,39,2,9,34,6,51,6,90,96,147
05/04/2006,VCV,CA,AWP,WE,Federal Contract Tower,1,0,4,3,8,0,20,106,27,153,1,20,110,30,161,22,128,150,311
05/05/2006,VCV,CA,AWP,WE,Federal Contract Tower,0,0,2,1,3,2,11,54,29,96,2,11,56,30,99,42,22,64,163
05/06/2006,VCV,CA,AWP,WE,Federal Contract Tower,1,0,4,0,5,0,20,28,2,50,1,20,32,2,55,14,0,14,69
05/07/2006,VCV,CA,AWP,WE,Federal Contract Tower,2,0,2,0,4,0,8,48,7,63,2,8,50,7,67,22,35,57,124
05/08/2006,VCV,CA,AWP,WE,Federal Contract Tower,0,0,8,6,14,0,31,95,2,128,0,31,103,8,142,0,112,112,254
05/09/2006,VCV,CA,AWP,WE,Federal Contract Tower,0,0,6,6,12,0,22,74,12,108,0,22,80,18,120,14,100,114,234
05/10/2006,VCV,CA,AWP,WE,Federal Contract Tower,6,1,8,3,18,0,8,78,12,98,6,9,86,15,116,14,108,122,238
05/11/2006,VCV,CA,AWP,WE,Federal Contract Tower,2,0,8,3,13,0,20,62,7,89,2,20,70,10,102,14,72,86,188
05/12/2006,VCV,CA,AWP,WE,Federal Contract Tower,5,0,2,0,7,3,16,58,1,78,8,16,60,1,85,18,0,18,103
05/13/2006,VCV,CA,AWP,WE,Federal Contract Tower,0,0,5,0,5,0,11,75,14,100,0,11,80,14,105,48,26,74,179
05/14/2006,VCV,CA,AWP,WE,Federal Contract Tower,0,0,10,6,16,0,11,35,9,55,0,11,45,15,71,0,34,34,105
05/15/2006,VCV,CA,AWP,WE,Federal Contract Tower,1,2,16,4,23,0,2,52,1,55,1,4,68,5,78,20,10,30,108
05/16/2006,VCV,CA,AWP,WE,Federal Contract Tower,7,0,6,4,17,0,4,44,13,61,7,4,50,17,78,14,90,104,182
05/17/2006,VCV,CA,AWP,WE,Federal Contract Tower,14,0,9,4,27,2,16,95,26,139,16,16,104,30,166,10,58,68,234
05/18/2006,VCV,CA,AWP,WE,Federal Contract Tower,12,0,12,10,34,0,10,68,0,78,12,10,80,10,112,22,100,122,234
05/19/2006,VCV,CA,AWP,WE,Federal Contract Tower,7,1,0,1,9,3,21,103,3,130,10,22,103,4,139,26,20,46,185
05/20/2006,VCV,CA,AWP,WE,Federal Contract Tower,17,0,2,0,19,3,8,53,9,73,20,8,55,9,92,43,25,68,160
05/21/2006,VCV,CA,AWP,WE,Federal Contract Tower,6,0,0,0,6,0,16,24,0,40,6,16,24,0,46,10,0,10,56
05/22/2006,VCV,CA,AWP,WE,Federal Contract Tower,6,0,6,4,16,0,10,26,4,40,6,10,32,8,56,8,10,18,74
05/23/2006,VCV,CA,AWP,WE,Federal Contract Tower,2,0,2,5,9,0,18,52,6,76,2,18,54,11,85,36,46,82,167
05/24/2006,VCV,CA,AWP,WE,Federal Contract Tower,4,0,6,2,12,0,10,86,6,102,4,10,92,8,114,6,52,58,172
05/25/2006,VCV,CA,AWP,WE,Federal Contract Tower,6,1,0,4,11,2,21,102,12,137,8,22,102,16,148,32,78,110,258
05/26/2006,VCV,CA,AWP,WE,Federal Contract Tower,2,0,1,0,3,4,10,36,0,50,6,10,37,0,53,0,0,0,53
05/27/2006,VCV,CA,AWP,WE,Federal Contract Tower,1,0,3,0,4,0,9,38,0,47,1,9,41,0,51,26,0,26,77
05/28/2006,VCV,CA,AWP,WE,Federal Contract Tower,0,0,1,0,1,0,6,37,0,43,0,6,38,0,44,0,2,2,46
05/29/2006,VCV,CA,AWP,WE,Federal Contract Tower,0,0,2,0,2,0,8,55,2,65,0,8,57,2,67,0,6,6,73
05/30/2006,VCV,CA,AWP,WE,Federal Contract Tower,1,0,0,7,8,0,10,64,7,81,1,10,64,14,89,32,102,134,223
05/31/2006,VCV,CA,AWP,WE,Federal Contract Tower,2,0,9,4,15,0,18,92,6,116,2,18,101,10,131,50,120,170,301
06/01/2006,VCV,CA,AWP,WE,Federal Contract Tower,2,0,4,2,8,0,13,59,4,76,2,13,63,6,84,26,80,106,190
06/02/2006,VCV,CA,AWP,WE,Federal Contract Tower,2,0,6,1,9,3,15,103,9,130,5,15,109,10,139,26,44,70,209
06/03/2006,VCV,CA,AWP,WE,Federal Contract Tower,0,0,13,0,13,0,11,19,2,32,0,11,32,2,45,0,0,0,45
06/04/2006,VCV,CA,AWP,WE,Federal Contract Tower,0,0,6,4,10,0,15,39,0,54,0,15,45,4,64,20,4,24,88
06/05/2006,VCV,CA,AWP,WE,Federal Contract Tower,9,0,4,2,15,0,7,42,0,49,9,7,46,2,64,8,0,8,72
06/06/2006,VCV,CA,AWP,WE,Federal Contract Tower,0,0,11,3,14,0,7,50,4,61,0,7,61,7,75,24,36,60,135
06/07/2006,VCV,CA,AWP,WE,Federal Contract Tower,0,0,4,3,7,0,20,76,7,103,0,20,80,10,110,34,56,90,200
06/08/2006,VCV,CA,AWP,WE,Federal Contract Tower,0,0,1,6,7,0,17,84,84,185,0,17,85,90,192,52,149,201,393
06/09/2006,VCV,CA,AWP,WE,Federal Contract Tower,2,0,5,0,7,0,29,91,14,134,2,29,96,14,141,52,96,148,289
06/10/2006,VCV,CA,AWP,WE,Federal Contract Tower,0,0,8,0,8,0,25,98,18,141,0,25,106,18,149,56,26,82,231
06/11/2006,VCV,CA,AWP,WE,Federal Contract Tower,0,0,3,2,5,0,9,27,0,36,0,9,30,2,41,10,4,14,55
06/12/2006,VCV,CA,AWP,WE,Federal Contract Tower,8,0,4,8,20,0,5,37,2,44,8,5,41,10,64,4,73,77,141
06/13/2006,VCV,CA,AWP,WE,Federal Contract Tower,0,0,4,7,11,0,12,24,6,42,0,12,28,13,53,6,76,82,135
06/14/2006,VCV,CA,AWP,WE,Federal Contract Tower,7,0,17,3,27,0,15,72,12,99,7,15,89,15,126,54,36,90,216
06/15/2006,VCV,CA,AWP,WE,Federal Contract Tower,10,3,1,5,19,2,19,77,9,107,12,22,78,14,126,64,108,172,298
06/16/2006,VCV,CA,AWP,WE,Federal Contract Tower,4,0,2,0,6,4,12,55,1,72,8,12,57,1,78,6,10,16,94
06/17/2006,VCV,CA,AWP,WE,Federal Contract Tower,0,0,4,0,4,0,12,31,2,45,0,12,35,2,49,38,0,38,87
06/18/2006,VCV,CA,AWP,WE,Federal Contract Tower,8,0,0,0,8,0,4,23,0,27,8,4,23,0,35,24,0,24,59
06/19/2006,VCV,CA,AWP,WE,Federal Contract Tower,5,0,7,0,12,0,9,41,4,54,5,9,48,4,66,0,2,2,68
06/20/2006,VCV,CA,AWP,WE,Federal Contract Tower,1,0,5,14,20,0,5,37,9,51,1,5,42,23,71,10,96,106,177
06/21/2006,VCV,CA,AWP,WE,Federal Contract Tower,2,0,5,1,8,0,8,30,1,39,2,8,35,2,47,0,48,48,95
06/22/2006,VCV,CA,AWP,WE,Federal Contract Tower,0,0,2,0,2,0,6,21,0,27,0,6,23,0,29,24,2,26,55
06/23/2006,VCV,CA,AWP,WE,Federal Contract Tower,2,6,5,2,15,0,0,107,6,113,2,6,112,8,128,60,50,110,238
06/24/2006,VCV,CA,AWP,WE,Federal Contract Tower,0,0,4,0,4,0,10,20,4,34,0,10,24,4,38,12,0,12,50
06/25/2006,VCV,CA,AWP,WE,Federal Contract Tower,0,0,0,0,0,0,10,22,4,36,0,10,22,4,36,0,0,0,36
06/26/2006,VCV,CA,AWP,WE,Federal Contract Tower,0,0,3,3,6,0,5,46,5,56,0,5,49,8,62,26,66,92,154
06/27/2006,VCV,CA,AWP,WE,Federal Contract Tower,2,0,3,3,8,0,9,25,2,36,2,9,28,5,44,38,64,102,146
06/28/2006,VCV,CA,AWP,WE,Federal Contract Tower,0,0,8,7,15,0,10,52,3,65,0,10,60,10,80,70,10,80,160
06/29/2006,VCV,CA,AWP,WE,Federal Contract Tower,2,2,7,2,13,0,13,83,23,119,2,15,90,25,132,42,108,150,282
06/30/2006,VCV,CA,AWP,WE,Federal Contract Tower,2,0,5,8,15,0,12,71,16,99,2,12,76,24,114,42,48,90,204
07/01/2006,VCV,CA,AWP,WE,Federal Contract Tower,0,0,1,0,1,0,15,86,12,113,0,15,87,12,114,42,0,42,156
07/02/2006,VCV,CA,AWP,WE,Federal Contract Tower,0,0,0,0,0,0,9,16,9,34,0,9,16,9,34,14,0,14,48
07/03/2006,VCV,CA,AWP,WE,Federal Contract Tower,1,0,6,0,7,0,11,33,0,44,1,11,39,0,51,12,0,12,63
07/04/2006,VCV,CA,AWP,WE,Federal Contract Tower,0,0,1,0,1,0,21,22,0,43,0,21,23,0,44,0,0,0,44
07/05/2006,VCV,CA,AWP,WE,Federal Contract Tower,8,0,10,0,18,0,20,60,20,100,8,20,70,20,118,30,22,52,170
07/06/2006,VCV,CA,AWP,WE,Federal Contract Tower,2,0,0,4,6,3,9,72,14,98,5,9,72,18,104,38,112,150,254
07/07/2006,VCV,CA,AWP,WE,Federal Contract Tower,5,0,8,0,13,0,6,28,0,34,5,6,36,0,47,10,18,28,75
07/08/2006,VCV,CA,AWP,WE,Federal Contract Tower,9,0,5,2,16,0,11,59,6,76,9,11,64,8,92,36,40,76,168
07/09/2006,VCV,CA,AWP,WE,Federal Contract Tower,1,0,16,1,18,0,2,8,1,11,1,2,24,2,29,2,14,16,45
07/10/2006,VCV,CA,AWP,WE,Federal Contract Tower,1,0,3,3,7,0,16,69,11,96,1,16,72,14,103,60,14,74,177
07/11/2006,VCV,CA,AWP,WE,Federal Contract Tower,2,0,2,3,7,0,8,47,1,56,2,8,49,4,63,42,40,82,145
07/12/2006,VCV,CA,AWP,WE,Federal Contract Tower,1,0,5,6,12,0,20,81,4,105,1,20,86,10,117,50,92,142,259
07/13/2006,VCV,CA,AWP,WE,Federal Contract Tower,2,0,1,0,3,0,8,18,7,33,2,8,19,7,36,2,14,16,52
07/14/2006,VCV,CA,AWP,WE,Federal Contract Tower,3,0,5,0,8,0,12,34,2,48,3,12,39,2,56,14,0,14,70
07/15/2006,VCV,CA,AWP,WE,Federal Contract Tower,0,0,0,5,5,0,19,95,5,119,0,19,95,10,124,40,36,76,200
07/16/2006,VCV,CA,AWP,WE,Federal Contract Tower,0,0,1,2,3,0,15,50,0,65,0,15,51,2,68,30,40,70,138
07/17/2006,VCV,CA,AWP,WE,Federal Contract Tower,1,1,4,5,11,0,9,30,42,81,1,10,34,47,92,32,81,113,205
07/18/2006,VCV,CA,AWP,WE,Federal Contract Tower,1,0,7,5,13,0,8,25,1,34,1,8,32,6,47,0,66,66,113
07/19/2006,VCV,CA,AWP,WE,Federal Contract Tower,0,0,7,7,14,0,6,71,23,100,0,6,78,30,114,54,120,174,288
07/20/2006,VCV,CA,AWP,WE,Federal Contract Tower,3,0,2,5,10,1,6,52,17,76,4,6,54,22,86,30,70,100,186
07/21/2006,VCV,CA,AWP,WE,Federal Contract Tower,1,0,7,6,14,0,12,62,10,84,1,12,69,16,98,22,12,34,132
07/22/2006,VCV,CA,AWP,WE,Federal Contract Tower,0,2,6,0,8,0,6,78,4,88,0,8,84,4,96,38,8,46,142
07/23/2006,VCV,CA,AWP,WE,Federal Contract Tower,0,1,2,0,3,0,7,55,1,63,0,8,57,1,66,8,10,18,84
07/24/2006,VCV,CA,AWP,WE,Federal Contract Tower,5,1,1,2,9,0,8,44,2,54,5,9,45,4,63,10,80,90,153
07/25/2006,VCV,CA,AWP,WE,Federal Contract Tower,0,0,6,4,10,0,3,54,0,57,0,3,60,4,67,0,86,86,153
07/26/2006,VCV,CA,AWP,WE,Federal Contract Tower,0,0,2,2,4,0,14,79,2,95,0,14,81,4,99,48,102,150,249
07/27/2006,VCV,CA,AWP,WE,Federal Contract Tower,1,1,3,4,9,0,17,58,9,84,1,18,61,13,93,84,26,110,203
07/28/2006,VCV,CA,AWP,WE,Federal Contract Tower,0,0,3,0,3,0,6,38,0,44,0,6,41,0,47,37,2,39,86
07/29/2006,VCV,CA,AWP,WE,Federal Contract Tower,4,0,4,0,8,0,9,41,4,54,4,9,45,4,62,20,8,28,90
07/30/2006,VCV,CA,AWP,WE,Federal Contract Tower,2,0,4,0,6,0,4,36,0,40,2,4,40,0,46,4,2,6,52
07/31/2006,VCV,CA,AWP,WE,Federal Contract Tower,12,0,5,2,19,0,1,45,0,46,12,1,50,2,65,18,4,22,87
08/01/2006,VCV,CA,AWP,WE,Federal Contract Tower,7,0,5,9,21,0,4,27,10,41,7,4,32,19,62,20,68,88,150
08/02/2006,VCV,CA,AWP,WE,Federal Contract Tower,19,0,6,8,33,0,20,74,52,146,19,20,80,60,179,70,70,140,319
08/03/2006,VCV,CA,AWP,WE,Federal Contract Tower,12,0,6,1,19,2,14,75,38,129,14,14,81,39,148,42,56,98,246
08/04/2006,VCV,CA,AWP,WE,Federal Contract Tower,17,0,0,8,25,0,18,98,2,118,17,18,98,10,143,36,10,46,189
08/05/2006,VCV,CA,AWP,WE,Federal Contract Tower,3,2,12,2,19,0,9,69,28,106,3,11,81,30,125,60,26,86,211
08/06/2006,VCV,CA,AWP,WE,Federal Contract Tower,0,0,3,0,3,0,4,50,3,57,0,4,53,3,60,0,32,32,92
08/07/2006,VCV,CA,AWP,WE,Federal Contract Tower,4,0,1,0,5,0,10,36,4,50,4,10,37,4,55,24,0,24,79
08/08/2006,VCV,CA,AWP,WE,Federal Contract Tower,0,0,0,4,4,0,19,75,5,99,0,19,75,9,103,24,112,136,239
08/09/2006,VCV,CA,AWP,WE,Federal Contract Tower,0,0,2,1,3,2,10,48,21,81,2,10,50,22,84,42,90,132,216
08/10/2006,VCV,CA,AWP,WE,Federal Contract Tower,2,0,0,1,3,2,2,22,1,27,4,2,22,2,30,8,62,70,100
08/11/2006,VCV,CA,AWP,WE,Federal Contract Tower,2,0,2,3,7,0,14,79,2,95,2,14,81,5,102,32,12,44,146
08/12/2006,VCV,CA,AWP,WE,Federal Contract Tower,0,3,5,0,8,0,12,77,2,91,0,15,82,2,99,34,0,34,133
08/13/2006,VCV,CA,AWP,WE,Federal Contract Tower,0,0,4,0,4,0,6,26,0,32,0,6,30,0,36,6,0,6,42
08/14/2006,VCV,CA,AWP,WE,Federal Contract Tower,1,0,10,7,18,0,9,75,0,84,1,9,85,7,102,24,94,118,220
08/15/2006,VCV,CA,AWP,WE,Federal Contract Tower,1,0,3,6,10,0,11,67,16,94,1,11,70,22,104,14,102,116,220
08/16/2006,VCV,CA,AWP,WE,Federal Contract Tower,0,0,2,4,6,0,4,81,12,97,0,4,83,16,103,26,108,134,237
08/17/2006,VCV,CA,AWP,WE,Federal Contract Tower,0,3,2,4,9,0,3,86,16,105,0,6,88,20,114,32,74,106,220
08/18/2006,VCV,CA,AWP,WE,Federal Contract Tower,3,0,6,6,15,0,12,48,14,74,3,12,54,20,89,10,0,10,99
08/19/2006,VCV,CA,AWP,WE,Federal Contract Tower,2,0,3,1,6,0,8,31,15,54,2,8,34,16,60,6,0,6,66
08/20/2006,VCV,CA,AWP,WE,Federal Contract Tower,0,0,0,0,0,0,5,54,2,61,0,5,54,2,61,21,9,30,91
08/21/2006,VCV,CA,AWP,WE,Federal Contract Tower,0,0,6,0,6,0,9,120,12,141,0,9,126,12,147,52,42,94,241
08/22/2006,VCV,CA,AWP,WE,Federal Contract Tower,0,0,6,7,13,0,7,53,8,68,0,7,59,15,81,16,84,100,181
08/23/2006,VCV,CA,AWP,WE,Federal Contract Tower,3,0,5,12,20,0,12,49,10,71,3,12,54,22,91,30,160,190,281
08/24/2006,VCV,CA,AWP,WE,Federal Contract Tower,1,0,13,3,17,0,10,47,17,74,1,10,60,20,91,20,60,80,171
08/25/2006,VCV,CA,AWP,WE,Federal Contract Tower,1,0,1,7,9,0,4,59,18,81,1,4,60,25,90,4,32,36,126
08/26/2006,VCV,CA,AWP,WE,Federal Contract Tower,0,0,1,1,2,0,9,33,16,58,0,9,34,17,60,0,4,4,64
08/27/2006,VCV,CA,AWP,WE,Federal Contract Tower,1,0,0,0,1,0,6,48,0,54,1,6,48,0,55,6,0,6,61
08/28/2006,VCV,CA,AWP,WE,Federal Contract Tower,1,0,7,3,11,7,10,125,26,168,8,10,132,29,179,64,68,132,311
08/29/2006,VCV,CA,AWP,WE,Federal Contract Tower,2,0,13,4,19,0,0,82,47,129,2,0,95,51,148,20,56,76,224
08/30/2006,VCV,CA,AWP,WE,Federal Contract Tower,1,0,5,5,11,0,10,65,35,110,1,10,70,40,121,34,104,138,259
08/31/2006,VCV,CA,AWP,WE,Federal Contract Tower,0,0,10,3,13,0,3,35,1,39,0,3,45,4,52,6,40,46,98
09/01/2006,VCV,CA,AWP,WE,Federal Contract Tower,11,0,4,0,15,0,22,128,20,170,11,22,132,20,185,54,50,104,289
09/02/2006,VCV,CA,AWP,WE,Federal Contract Tower,1,0,2,0,3,0,9,24,0,33,1,9,26,0,36,24,0,24,60
09/03/2006,VCV,CA,AWP,WE,Federal Contract Tower,6,0,2,0,8,0,8,40,0,48,6,8,42,0,56,10,0,10,66
09/04/2006,VCV,CA,AWP,WE,Federal Contract Tower,0,0,3,0,3,0,23,157,12,192,0,23,160,12,195,58,18,76,271
09/05/2006,VCV,CA,AWP,WE,Federal Contract Tower,7,0,6,4,17,0,9,84,23,116,7,9,90,27,133,40,78,118,251
09/06/2006,VCV,CA,AWP,WE,Federal Contract Tower,8,0,3,4,15,0,20,77,16,113,8,20,80,20,128,76,140,216,344
09/07/2006,VCV,CA,AWP,WE,Federal Contract Tower,9,0,4,5,18,0,17,77,17,111,9,17,81,22,129,55,72,127,256
09/08/2006,VCV,CA,AWP,WE,Federal Contract Tower,8,0,3,2,13,0,22,107,6,135,8,22,110,8,148,40,48,88,236
09/09/2006,VCV,CA,AWP,WE,Federal Contract Tower,6,0,2,5,13,0,5,29,11,45,6,5,31,16,58,0,70,70,128
09/10/2006,VCV,CA,AWP,WE,Federal Contract Tower,8,0,6,3,17,0,10,75,8,93,8,10,81,11,110,50,14,64,174
09/11/2006,VCV,CA,AWP,WE,Federal Contract Tower,4,0,4,5,13,0,8,66,15,89,4,8,70,20,102,18,6,24,126
09/12/2006,VCV,CA,AWP,WE,Federal Contract Tower,1,0,13,7,21,0,18,77,13,108,1,18,90,20,129,78,120,198,327
09/13/2006,VCV,CA,AWP,WE,Federal Contract Tower,2,0,12,9,23,0,5,45,18,68,2,5,57,27,91,16,86,102,193
09/14/2006,VCV,CA,AWP,WE,Federal Contract Tower,5,0,3,2,10,0,6,83,5,94,5,6,86,7,104,18,40,58,162
09/15/2006,VCV,CA,AWP,WE,Federal Contract Tower,7,0,1,4,12,0,2,23,10,35,7,2,24,14,47,0,14,14,61
09/16/2006,VCV,CA,AWP,WE,Federal Contract Tower,5,0,7,0,12,0,2,34,2,38,5,2,41,2,50,0,0,0,50
09/17/2006,VCV,CA,AWP,WE,Federal Contract Tower,1,0,0,0,1,0,12,89,8,109,1,12,89,8,110,32,0,32,142
09/18/2006,VCV,CA,AWP,WE,Federal Contract Tower,0,0,5,0,5,0,8,73,0,81,0,8,78,0,86,10,26,36,122
09/19/2006,VCV,CA,AWP,WE,Federal Contract Tower,0,0,6,6,12,0,10,68,6,84,0,10,74,12,96,16,110,126,222
09/20/2006,VCV,CA,AWP,WE,Federal Contract Tower,0,0,15,5,20,0,20,56,10,86,0,20,71,15,106,30,150,180,286
09/21/2006,VCV,CA,AWP,WE,Federal Contract Tower,4,0,5,1,10,0,2,34,3,39,4,2,39,4,49,16,46,62,111
09/22/2006,VCV,CA,AWP,WE,Federal Contract Tower,1,0,10,6,17,0,2,40,10,52,1,2,50,16,69,6,82,88,157
09/23/2006,VCV,CA,AWP,WE,Federal Contract Tower,0,0,0,0,0,0,9,2,0,11,0,9,2,0,11,4,0,4,15
09/24/2006,VCV,CA,AWP,WE,Federal Contract Tower,1,0,3,0,4,0,11,80,0,91,1,11,83,0,95,31,0,31,126
09/25/2006,VCV,CA,AWP,WE,Federal Contract Tower,1,2,10,2,15,0,2,57,6,65,1,4,67,8,80,36,10,46,126
09/26/2006,VCV,CA,AWP,WE,Federal Contract Tower,3,0,11,7,21,0,15,74,2,91,3,15,85,9,112,16,90,106,218
09/27/2006,VCV,CA,AWP,WE,Federal Contract Tower,0,0,4,2,6,0,2,36,3,41,0,2,40,5,47,22,114,136,183
09/28/2006,VCV,CA,AWP,WE,Federal Contract Tower,0,0,9,2,11,0,0,62,4,66,0,0,71,6,77,16,62,78,155
09/29/2006,VCV,CA,AWP,WE,Federal Contract Tower,1,0,0,0,1,0,9,37,2,48,1,9,37,2,49,12,0,12,61
09/30/2006,VCV,CA,AWP,WE,Federal Contract Tower,2,0,1,0,3,0,11,126,6,143,2,11,127,6,146,62,24,86,232
10/01/2006,VCV,CA,AWP,WE,Federal Contract Tower,2,0,2,0,4,0,14,24,0,38,2,14,26,0,42,14,0,14,56
10/02/2006,VCV,CA,AWP,WE,Federal Contract Tower,2,1,5,0,8,0,12,44,4,60,2,13,49,4,68,0,0,0,68
10/03/2006,VCV,CA,AWP,WE,Federal Contract Tower,0,0,2,6,8,0,8,58,14,80,0,8,60,20,88,50,142,192,280
10/04/2006,VCV,CA,AWP,WE,Federal Contract Tower,1,0,3,1,5,0,6,22,4,32,1,6,25,5,37,14,50,64,101
10/05/2006,VCV,CA,AWP,WE,Federal Contract Tower,2,0,9,0,11,0,6,19,0,25,2,6,28,0,36,0,30,30,66
10/06/2006,VCV,CA,AWP,WE,Federal Contract Tower,0,0,3,0,3,0,6,41,0,47,0,6,44,0,50,30,0,30,80
10/07/2006,VCV,CA,AWP,WE,Federal Contract Tower,1,0,2,3,6,0,5,54,1,60,1,5,56,4,66,0,0,0,66
10/08/2006,VCV,CA,AWP,WE,Federal Contract Tower,2,0,0,2,4,0,5,44,0,49,2,5,44,2,53,0,0,0,53
10/09/2006,VCV,CA,AWP,WE,Federal Contract Tower,2,0,2,0,4,0,4,66,0,70,2,4,68,0,74,16,0,16,90
10/10/2006,VCV,CA,AWP,WE,Federal Contract Tower,0,0,3,2,5,0,10,67,8,85,0,10,70,10,90,30,120,150,240
10/11/2006,VCV,CA,AWP,WE,Federal Contract Tower,7,0,10,1,18,0,12,121,13,146,7,12,131,14,164,66,76,142,306
10/12/2006,VCV,CA,AWP,WE,Federal Contract Tower,10,0,3,3,16,0,6,115,9,130,10,6,118,12,146,26,64,90,236
10/13/2006,VCV,CA,AWP,WE,Federal Contract Tower,4,0,4,0,8,0,16,29,6,51,4,16,33,6,59,8,20,28,87
10/14/2006,VCV,CA,AWP,WE,Federal Contract Tower,0,0,0,1,1,0,2,56,15,73,0,2,56,16,74,44,64,108,182
10/15/2006,VCV,CA,AWP,WE,Federal Contract Tower,3,0,2,0,5,0,8,27,0,35,3,8,29,0,40,4,0,4,44
10/16/2006,VCV,CA,AWP,WE,Federal Contract Tower,1,0,1,2,4,0,12,37,4,53,1,12,38,6,57,0,50,50,107
10/17/2006,VCV,CA,AWP,WE,Federal Contract Tower,0,0,3,5,8,0,3,44,5,52,0,3,47,10,60,14,122,136,196
10/18/2006,VCV,CA,AWP,WE,Federal Contract Tower,0,0,2,0,2,0,12,80,8,100,0,12,82,8,102,52,32,84,186
10/19/2006,VCV,CA,AWP,WE,Federal Contract Tower,1,0,1,1,3,1,4,83,11,99,2,4,84,12,102,50,62,112,214
10/20/2006,VCV,CA,AWP,WE,Federal Contract Tower,1,0,0,0,1,0,12,63,14,89,1,12,63,14,90,36,24,60,150
10/21/2006,VCV,CA,AWP,WE,Federal Contract Tower,0,0,0,0,0,0,12,138,6,156,0,12,138,6,156,68,12,80,236
10/22/2006,VCV,CA,AWP,WE,Federal Contract Tower,4,0,0,0,4,0,10,182,4,196,4,10,182,4,200,84,14,98,298
10/23/2006,VCV,CA,AWP,WE,Federal Contract Tower,0,0,1,2,3,0,6,53,23,82,0,6,54,25,85,16,78,94,179
10/24/2006,VCV,CA,AWP,WE,Federal Contract Tower,0,0,2,3,5,0,12,58,37,107,0,12,60,40,112,20,150,170,282
10/25/2006,VCV,CA,AWP,WE,Federal Contract Tower,2,0,6,2,10,0,6,88,11,105,2,6,94,13,115,48,98,146,261
10/26/2006,VCV,CA,AWP,WE,Federal Contract Tower,6,0,4,0,10,0,12,76,10,98,6,12,80,10,108,12,22,34,142
10/27/2006,VCV,CA,AWP,WE,Federal Contract Tower,8,1,1,0,10,0,23,113,50,186,8,24,114,50,196,62,76,138,334
10/28/2006,VCV,CA,AWP,WE,Federal Contract Tower,14,0,0,0,14,0,18,133,6,157,14,18,133,6,171,48,16,64,235
10/29/2006,VCV,CA,AWP,WE,Federal Contract Tower,0,0,1,0,1,0,10,64,14,88,0,10,65,14,89,2,2,4,93
10/30/2006,VCV,CA,AWP,WE,Federal Contract Tower,0,0,1,0,1,0,8,41,12,61,0,8,42,12,62,28,2,30,92
10/31/2006,VCV,CA,AWP,WE,Federal Contract Tower,1,0,4,1,6,0,2,66,4,72,1,2,70,5,78,28,84,112,190
11/01/2006,VCV,CA,AWP,WE,Federal Contract Tower,1,0,2,2,5,0,10,88,10,108,1,10,90,12,113,50,88,138,251
11/02/2006,VCV,CA,AWP,WE,Federal Contract Tower,0,0,0,1,1,1,8,95,11,115,1,8,95,12,116,66,70,136,252
11/03/2006,VCV,CA,AWP,WE,Federal Contract Tower,2,0,0,1,3,0,17,94,11,122,2,17,94,12,125,50,32,82,207
11/04/2006,VCV,CA,AWP,WE,Federal Contract Tower,4,0,3,0,7,0,14,83,4,101,4,14,86,4,108,46,12,58,166
11/05/2006,VCV,CA,AWP,WE,Federal Contract Tower,0,0,0,0,0,0,4,55,4,63,0,4,55,4,63,86,18,104,167
11/06/2006,VCV,CA,AWP,WE,Federal Contract Tower,0,0,1,3,4,0,6,56,7,69,0,6,57,10,73,4,136,140,213
11/07/2006,VCV,CA,AWP,WE,Federal Contract Tower,1,0,1,1,3,1,10,49,19,79,2,10,50,20,82,30,90,120,202
11/08/2006,VCV,CA,AWP,WE,Federal Contract Tower,3,0,3,4,10,0,3,68,5,76,3,3,71,9,86,36,72,108,194
11/09/2006,VCV,CA,AWP,WE,Federal Contract Tower,3,0,4,4,11,0,8,50,8,66,3,8,54,12,77,30,108,138,215
11/10/2006,VCV,CA,AWP,WE,Federal Contract Tower,0,0,4,0,4,0,22,41,12,75,0,22,45,12,79,42,20,62,141
11/11/2006,VCV,CA,AWP,WE,Federal Contract Tower,0,4,2,0,6,0,4,82,12,98,0,8,84,12,104,34,62,96,200
11/12/2006,VCV,CA,AWP,WE,Federal Contract Tower,2,0,0,0,2,0,9,39,0,48,2,9,39,0,50,0,0,0,50
11/13/2006,VCV,CA,AWP,WE,Federal Contract Tower,2,0,3,1,6,0,4,50,11,65,2,4,53,12,71,10,0,10,81
11/14/2006,VCV,CA,AWP,WE,Federal Contract Tower,0,0,4,6,10,0,7,36,4,47,0,7,40,10,57,20,128,148,205
11/15/2006,VCV,CA,AWP,WE,Federal Contract Tower,2,0,8,6,16,0,14,104,11,129,2,14,112,17,145,60,52,112,257
11/16/2006,VCV,CA,AWP,WE,Federal Contract Tower,2,0,5,0,7,0,22,83,10,115,2,22,88,10,122,30,66,96,218
11/17/2006,VCV,CA,AWP,WE,Federal Contract Tower,6,0,0,0,6,0,14,50,7,71,6,14,50,7,77,0,0,0,77
11/18/2006,VCV,CA,AWP,WE,Federal Contract Tower,4,0,1,1,6,0,18,75,11,104,4,18,76,12,110,116,18,134,244
11/19/2006,VCV,CA,AWP,WE,Federal Contract Tower,6,0,0,1,7,0,18,34,0,52,6,18,34,1,59,4,60,64,123
11/20/2006,VCV,CA,AWP,WE,Federal Contract Tower,10,0,0,1,11,0,4,39,0,43,10,4,39,1,54,14,0,14,68
11/21/2006,VCV,CA,AWP,WE,Federal Contract Tower,6,0,3,3,12,0,10,81,17,108,6,10,84,20,120,26,104,130,250
11/22/2006,VCV,CA,AWP,WE,Federal Contract Tower,5,0,2,0,7,0,16,65,4,85,5,16,67,4,92,28,0,28,120
11/23/2006,VCV,CA,AWP,WE,Federal Contract Tower,0,0,1,0,1,0,12,37,2,51,0,12,38,2,52,40,0,40,92
11/24/2006,VCV,CA,AWP,WE,Federal Contract Tower,4,0,2,0,6,0,7,31,0,38,4,7,33,0,44,14,0,14,58
11/25/2006,VCV,CA,AWP,WE,Federal Contract Tower,8,0,0,0,8,0,15,144,4,163,8,15,144,4,171,78,18,96,267
11/26/2006,VCV,CA,AWP,WE,Federal Contract Tower,10,0,1,0,11,0,6,39,0,45,10,6,40,0,56,2,0,2,58
11/27/2006,VCV,CA,AWP,WE,Federal Contract Tower,1,0,1,1,3,0,6,25,1,32,1,6,26,2,35,0,48,48,83
11/28/2006,VCV,CA,AWP,WE,Federal Contract Tower,4,0,3,2,9,0,2,25,0,27,4,2,28,2,36,9,70,79,115
11/29/2006,VCV,CA,AWP,WE,Federal Contract Tower,0,0,7,1,8,0,4,69,11,84,0,4,76,12,92,28,60,88,180
11/30/2006,VCV,CA,AWP,WE,Federal Contract Tower,0,0,0,6,6,0,18,88,8,114,0,18,88,14,120,38,170,208,328
12/01/2006,VCV,CA,AWP,WE,Federal Contract Tower,0,0,5,0,5,0,16,90,6,112,0,16,95,6,117,52,36,88,205
12/02/2006,VCV,CA,AWP,WE,Federal Contract Tower,0,0,0,0,0,0,15,64,8,87,0,15,64,8,87,38,18,56,143
12/03/2006,VCV,CA,AWP,WE,Federal Contract Tower,0,0,2,0,2,0,13,66,6,85,0,13,68,6,87,36,12,48,135
12/04/2006,VCV,CA,AWP,WE,Federal Contract Tower,0,0,4,0,4,0,9,90,6,105,0,9,94,6,109,32,14,46,155
12/05/2006,VCV,CA,AWP,WE,Federal Contract Tower,1,0,11,3,15,0,7,46,3,56,1,7,57,6,71,6,86,92,163
12/06/2006,VCV,CA,AWP,WE,Federal Contract Tower,5,0,4,2,11,0,10,66,4,80,5,10,70,6,91,20,54,74,165
12/07/2006,VCV,CA,AWP,WE,Federal Contract Tower,1,0,6,1,8,0,19,92,15,126,1,19,98,16,134,40,72,112,246
12/08/2006,VCV,CA,AWP,WE,Federal Contract Tower,2,0,2,0,4,0,14,62,4,80,2,14,64,4,84,28,20,48,132
12/09/2006,VCV,CA,AWP,WE,Federal Contract Tower,0,0,8,0,8,0,28,46,0,74,0,28,54,0,82,30,0,30,112
12/10/2006,VCV,CA,AWP,WE,Federal Contract Tower,0,0,0,0,0,0,3,14,0,17,0,3,14,0,17,0,0,0,17
12/11/2006,VCV,CA,AWP,WE,Federal Contract Tower,1,0,1,0,2,0,18,77,8,103,1,18,78,8,105,52,47,99,204
12/12/2006,VCV,CA,AWP,WE,Federal Contract Tower,0,0,4,3,7,0,4,79,5,88,0,4,83,8,95,46,36,82,177
12/13/2006,VCV,CA,AWP,WE,Federal Contract Tower,2,0,3,2,7,0,10,45,0,55,2,10,48,2,62,48,56,104,166
12/14/2006,VCV,CA,AWP,WE,Federal Contract Tower,1,0,5,1,7,0,26,101,13,140,1,26,106,14,147,58,84,142,289
12/15/2006,VCV,CA,AWP,WE,Federal Contract Tower,3,2,6,0,11,0,0,37,0,37,3,2,43,0,48,28,1,29,77
12/16/2006,VCV,CA,AWP,WE,Federal Contract Tower,4,0,0,0,4,0,13,84,4,101,4,13,84,4,105,88,26,114,219
12/17/2006,VCV,CA,AWP,WE,Federal Contract Tower,4,0,2,0,6,0,16,86,4,106,4,16,88,4,112,26,12,38,150
12/18/2006,VCV,CA,AWP,WE,Federal Contract Tower,6,0,4,1,11,0,16,66,7,89,6,16,70,8,100,22,6,28,128
12/19/2006,VCV,CA,AWP,WE,Federal Contract Tower,8,0,4,4,16,0,0,37,0,37,8,0,41,4,53,6,56,62,115
12/20/2006,VCV,CA,AWP,WE,Federal Contract Tower,3,0,6,1,10,0,0,50,5,55,3,0,56,6,65,26,58,84,149
12/21/2006,VCV,CA,AWP,WE,Federal Contract Tower,2,0,3,2,7,0,14,75,6,95,2,14,78,8,102,38,76,114,216
12/22/2006,VCV,CA,AWP,WE,Federal Contract Tower,2,0,8,0,10,1,6,22,6,35,3,6,30,6,45,10,24,34,79
12/23/2006,VCV,CA,AWP,WE,Federal Contract Tower,0,2,4,0,6,0,20,113,8,141,0,22,117,8,147,84,46,130,277
12/24/2006,VCV,CA,AWP,WE,Federal Contract Tower,0,0,1,0,1,0,2,34,0,36,0,2,35,0,37,0,0,0,37
12/25/2006,VCV,CA,AWP,WE,Federal Contract Tower,0,0,2,0,2,0,10,43,0,53,0,10,45,0,55,32,0,32,87
12/26/2006,VCV,CA,AWP,WE,Federal Contract Tower,1,0,2,0,3,0,3,21,3,27,1,3,23,3,30,10,2,12,42
12/27/2006,VCV,CA,AWP,WE,Federal Contract Tower,1,0,4,0,5,0,2,14,0,16,1,2,18,0,21,8,0,8,29
12/28/2006,VCV,CA,AWP,WE,Federal Contract Tower,0,0,4,2,6,0,22,84,18,124,0,22,88,20,130,42,76,118,248
12/29/2006,VCV,CA,AWP,WE,Federal Contract Tower,2,0,6,0,8,0,22,83,6,111,2,22,89,6,119,30,38,68,187
12/30/2006,VCV,CA,AWP,WE,Federal Contract Tower,1,0,2,0,3,0,18,63,0,81,1,18,65,0,84,22,0,22,106
12/31/2006,VCV,CA,AWP,WE,Federal Contract Tower,0,0,5,0,5,0,13,126,6,145,0,13,131,6,150,40,14,54,204
01/01/2007,VCV,CA,AWP,WE,Federal Contract Tower,0,0,0,0,0,0,18,14,0,32,0,18,14,0,32,0,0,0,32
01/02/2007,VCV,CA,AWP,WE,Federal Contract Tower,0,0,2,0,2,0,2,21,0,23,0,2,23,0,25,2,0,2,27
01/03/2007,VCV,CA,AWP,WE,Federal Contract Tower,0,0,0,2,2,0,7,40,8,55,0,7,40,10,57,0,30,30,87
01/04/2007,VCV,CA,AWP,WE,Federal Contract Tower,0,0,3,0,3,0,20,69,12,101,0,20,72,12,104,26,54,80,184
01/05/2007,VCV,CA,AWP,WE,Federal Contract Tower,2,0,0,0,2,0,10,24,0,34,2,10,24,0,36,2,2,4,40
01/06/2007,VCV,CA,AWP,WE,Federal Contract Tower,0,0,1,0,1,0,9,54,12,75,0,9,55,12,76,40,4,44,120
01/07/2007,VCV,CA,AWP,WE,Federal Contract Tower,4,0,0,0,4,0,4,17,4,25,4,4,17,4,29,26,0,26,55
01/08/2007,VCV,CA,AWP,WE,Federal Contract Tower,3,0,3,0,6,0,3,43,0,46,3,3,46,0,52,2,2,4,56
01/09/2007,VCV,CA,AWP,WE,Federal Contract Tower,8,0,11,8,27,0,5,86,3,94,8,5,97,11,121,88,96,184,305
01/10/2007,VCV,CA,AWP,WE,Federal Contract Tower,8,0,9,3,20,0,8,57,2,67,8,8,66,5,87,24,80,104,191
01/11/2007,VCV,CA,AWP,WE,Federal Contract Tower,19,0,2,2,23,0,6,52,18,76,19,6,54,20,99,4,88,92,191
01/12/2007,VCV,CA,AWP,WE,Federal Contract Tower,17,0,0,0,17,0,15,62,16,93,17,15,62,16,110,2,51,53,163
01/13/2007,VCV,CA,AWP,WE,Federal Contract Tower,10,2,2,0,14,0,16,86,10,112,10,18,88,10,126,42,28,70,196
01/14/2007,VCV,CA,AWP,WE,Federal Contract Tower,10,0,2,2,14,0,16,60,10,86,10,16,62,12,100,44,36,80,180
01/15/2007,VCV,CA,AWP,WE,Federal Contract Tower,8,0,0,2,10,0,10,36,3,49,8,10,36,5,59,20,18,38,97
01/16/2007,VCV,CA,AWP,WE,Federal Contract Tower,2,0,10,2,14,0,7,27,25,59,2,7,37,27,73,18,66,84,157
01/17/2007,VCV,CA,AWP,WE,Federal Contract Tower,2,0,0,4,6,1,6,38,17,62,3,6,38,21,68,72,118,190,258
01/18/2007,VCV,CA,AWP,WE,Federal Contract Tower,1,0,3,1,5,1,16,75,13,105,2,16,78,14,110,52,54,106,216
01/19/2007,VCV,CA,AWP,WE,Federal Contract Tower,1,0,2,1,4,0,9,27,6,42,1,9,29,7,46,2,0,2,48
01/20/2007,VCV,CA,AWP,WE,Federal Contract Tower,0,0,0,4,4,0,18,96,11,125,0,18,96,15,129,64,40,104,233
01/21/2007,VCV,CA,AWP,WE,Federal Contract Tower,0,0,0,0,0,0,8,44,2,54,0,8,44,2,54,42,24,66,120
01/22/2007,VCV,CA,AWP,WE,Federal Contract Tower,0,0,3,1,4,0,6,36,5,47,0,6,39,6,51,37,12,49,100
01/23/2007,VCV,CA,AWP,WE,Federal Contract Tower,0,0,6,11,17,0,6,62,21,89,0,6,68,32,106,26,116,142,248
01/24/2007,VCV,CA,AWP,WE,Federal Contract Tower,1,0,4,1,6,0,8,57,10,75,1,8,61,11,81,44,46,90,171
01/25/2007,VCV,CA,AWP,WE,Federal Contract Tower,1,0,3,2,6,1,16,75,12,104,2,16,78,14,110,54,68,122,232
01/26/2007,VCV,CA,AWP,WE,Federal Contract Tower,1,0,3,4,8,0,16,89,13,118,1,16,92,17,126,48,52,100,226
01/27/2007,VCV,CA,AWP,WE,Federal Contract Tower,3,1,2,0,6,0,7,60,6,73,3,8,62,6,79,54,28,82,161
01/28/2007,VCV,CA,AWP,WE,Federal Contract Tower,0,0,6,0,6,0,17,78,4,99,0,17,84,4,105,36,54,90,195
01/29/2007,VCV,CA,AWP,WE,Federal Contract Tower,2,0,1,0,3,0,16,95,16,127,2,16,96,16,130,42,61,103,233
01/30/2007,VCV,CA,AWP,WE,Federal Contract Tower,2,0,2,10,14,0,18,100,30,148,2,18,102,40,162,42,108,150,312
01/31/2007,VCV,CA,AWP,WE,Federal Contract Tower,1,0,3,2,6,0,8,40,22,70,1,8,43,24,76,0,34,34,110
02/01/2007,VCV,CA,AWP,WE,Federal Contract Tower,2,0,1,0,3,0,8,86,10,104,2,8,87,10,107,42,60,102,209
02/02/2007,VCV,CA,AWP,WE,Federal Contract Tower,4,0,0,2,6,0,1,82,8,91,4,1,82,10,97,44,54,98,195
02/03/2007,VCV,CA,AWP,WE,Federal Contract Tower,4,0,5,7,16,0,17,63,23,103,4,17,68,30,119,44,38,82,201
02/04/2007,VCV,CA,AWP,WE,Federal Contract Tower,3,0,11,0,14,0,12,44,0,56,3,12,55,0,70,24,0,24,94
02/05/2007,VCV,CA,AWP,WE,Federal Contract Tower,14,0,1,0,15,0,17,79,12,108,14,17,80,12,123,34,20,54,177
02/06/2007,VCV,CA,AWP,WE,Federal Contract Tower,3,0,15,5,23,0,7,39,3,49,3,7,54,8,72,32,82,114,186
02/07/2007,VCV,CA,AWP,WE,Federal Contract Tower,8,1,8,4,21,0,8,36,7,51,8,9,44,11,72,44,96,140,212
02/08/2007,VCV,CA,AWP,WE,Federal Contract Tower,20,0,11,4,35,0,14,85,10,109,20,14,96,14,144,70,72,142,286
02/09/2007,VCV,CA,AWP,WE,Federal Contract Tower,17,1,1,3,22,0,15,83,11,109,17,16,84,14,131,60,44,104,235
02/10/2007,VCV,CA,AWP,WE,Federal Contract Tower,15,0,4,0,19,0,20,72,12,104,15,20,76,12,123,60,22,82,205
02/11/2007,VCV,CA,AWP,WE,Federal Contract Tower,6,0,0,0,6,0,7,34,2,43,6,7,34,2,49,12,2,14,63
02/12/2007,VCV,CA,AWP,WE,Federal Contract Tower,0,0,5,2,7,0,10,31,6,47,0,10,36,8,54,5,44,49,103
02/13/2007,VCV,CA,AWP,WE,Federal Contract Tower,2,0,2,5,9,0,7,21,6,34,2,7,23,11,43,20,56,76,119
02/14/2007,VCV,CA,AWP,WE,Federal Contract Tower,0,0,0,4,4,0,4,46,13,63,0,4,46,17,67,8,34,42,109
02/15/2007,VCV,CA,AWP,WE,Federal Contract Tower,0,0,4,2,6,0,4,29,3,36,0,4,33,5,42,20,32,52,94
02/16/2007,VCV,CA,AWP,WE,Federal Contract Tower,2,0,5,0,7,0,12,127,12,151,2,12,132,12,158,58,0,58,216
02/17/2007,VCV,CA,AWP,WE,Federal Contract Tower,0,0,4,0,4,0,26,130,4,160,0,26,134,4,164,44,12,56,220
02/18/2007,VCV,CA,AWP,WE,Federal Contract Tower,2,0,1,0,3,0,13,39,0,52,2,13,40,0,55,56,0,56,111
02/19/2007,VCV,CA,AWP,WE,Federal Contract Tower,1,0,3,0,4,0,16,79,4,99,1,16,82,4,103,30,28,58,161
02/20/2007,VCV,CA,AWP,WE,Federal Contract Tower,14,0,8,4,26,0,11,50,9,70,14,11,58,13,96,16,18,34,130
02/21/2007,VCV,CA,AWP,WE,Federal Contract Tower,3,0,8,8,19,0,9,45,6,60,3,9,53,14,79,18,72,90,169
02/22/2007,VCV,CA,AWP,WE,Federal Contract Tower,1,0,3,1,5,0,14,77,9,100,1,14,80,10,105,16,52,68,173
02/23/2007,VCV,CA,AWP,WE,Federal Contract Tower,2,1,3,0,6,0,20,69,0,89,2,21,72,0,95,52,0,52,147
02/24/2007,VCV,CA,AWP,WE,Federal Contract Tower,1,0,3,0,4,0,21,107,0,128,1,21,110,0,132,24,0,24,156
02/25/2007,VCV,CA,AWP,WE,Federal Contract Tower,0,0,4,0,4,0,23,56,0,79,0,23,60,0,83,14,0,14,97
02/26/2007,VCV,CA,AWP,WE,Federal Contract Tower,0,1,1,13,15,0,3,69,23,95,0,4,70,36,110,40,22,62,172
02/27/2007,VCV,CA,AWP,WE,Federal Contract Tower,0,0,2,5,7,0,2,18,4,24,0,2,20,9,31,28,69,97,128
02/28/2007,VCV,CA,AWP,WE,Federal Contract Tower,0,0,13,12,25,0,4,55,0,59,0,4,68,12,84,12,44,56,140
03/01/2007,VCV,CA,AWP,WE,Federal Contract Tower,1,0,8,3,12,1,10,62,27,100,2,10,70,30,112,36,62,98,210
03/02/2007,VCV,CA,AWP,WE,Federal Contract Tower,2,0,2,0,4,0,7,33,3,43,2,7,35,3,47,0,0,0,47
03/03/2007,VCV,CA,AWP,WE,Federal Contract Tower,1,0,4,0,5,0,16,78,16,110,1,16,82,16,115,32,74,106,221
03/04/2007,VCV,CA,AWP,WE,Federal Contract Tower,1,0,1,0,2,0,16,71,6,93,1,16,72,6,95,36,14,50,145
03/05/2007,VCV,CA,AWP,WE,Federal Contract Tower,2,0,8,4,14,0,11,49,2,62,2,11,57,6,76,10,36,46,122
03/06/2007,VCV,CA,AWP,WE,Federal Contract Tower,0,0,13,6,19,0,13,43,6,62,0,13,56,12,81,50,36,86,167
03/07/2007,VCV,CA,AWP,WE,Federal Contract Tower,2,2,2,2,8,0,11,46,13,70,2,13,48,15,78,32,70,102,180
03/08/2007,VCV,CA,AWP,WE,Federal Contract Tower,3,0,9,5,17,0,10,45,5,60,3,10,54,10,77,10,38,48,125
03/09/2007,VCV,CA,AWP,WE,Federal Contract Tower,2,2,1,5,10,0,10,47,6,63,2,12,48,11,73,6,22,28,101
03/10/2007,VCV,CA,AWP,WE,Federal Contract Tower,0,0,0,0,0,0,11,40,2,53,0,11,40,2,53,26,0,26,79
03/11/2007,VCV,CA,AWP,WE,Federal Contract Tower,0,0,9,0,9,0,12,24,12,48,0,12,33,12,57,72,0,72,129
03/12/2007,VCV,CA,AWP,WE,Federal Contract Tower,0,0,16,6,22,0,1,56,14,71,0,1,72,20,93,24,16,40,133
03/13/2007,VCV,CA,AWP,WE,Federal Contract Tower,1,0,1,2,4,0,9,29,9,47,1,9,30,11,51,4,36,40,91
03/14/2007,VCV,CA,AWP,WE,Federal Contract Tower,0,0,4,1,5,0,13,52,3,68,0,13,56,4,73,12,48,60,133
03/15/2007,VCV,CA,AWP,WE,Federal Contract Tower,6,0,10,6,22,2,8,25,11,46,8,8,35,17,68,32,30,62,130
03/16/2007,VCV,CA,AWP,WE,Federal Contract Tower,5,0,8,2,15,0,14,48,7,69,5,14,56,9,84,6,4,10,94
03/17/2007,VCV,CA,AWP,WE,Federal Contract Tower,2,0,5,1,8,0,6,43,1,50,2,6,48,2,58,18,0,18,76
03/18/2007,VCV,CA,AWP,WE,Federal Contract Tower,4,0,22,0,26,0,6,11,0,17,4,6,33,0,43,52,0,52,95
03/19/2007,VCV,CA,AWP,WE,Federal Contract Tower,3,1,6,1,11,0,1,72,5,78,3,2,78,6,89,40,22,62,151
03/20/2007,VCV,CA,AWP,WE,Federal Contract Tower,1,0,0,6,7,0,4,56,10,70,1,4,56,16,77,14,64,78,155
03/21/2007,VCV,CA,AWP,WE,Federal Contract Tower,3,0,18,2,23,0,3,59,11,73,3,3,77,13,96,25,36,61,157
03/22/2007,VCV,CA,AWP,WE,Federal Contract Tower,2,0,7,1,10,1,10,30,9,50,3,10,37,10,60,10,16,26,86
03/23/2007,VCV,CA,AWP,WE,Federal Contract Tower,1,0,7,6,14,0,7,73,9,89,1,7,80,15,103,20,16,36,139
03/24/2007,VCV,CA,AWP,WE,Federal Contract Tower,2,0,7,1,10,1,12,19,1,33,3,12,26,2,43,14,0,14,57
03/25/2007,VCV,CA,AWP,WE,Federal Contract Tower,1,1,0,0,2,0,8,25,6,39,1,9,25,6,41,10,28,38,79
03/26/2007,VCV,CA,AWP,WE,Federal Contract Tower,4,4,4,1,13,0,8,44,5,57,4,12,48,6,70,52,18,70,140
03/27/2007,VCV,CA,AWP,WE,Federal Contract Tower,2,1,1,1,5,0,2,10,1,13,2,3,11,2,18,0,6,6,24
03/28/2007,VCV,CA,AWP,WE,Federal Contract Tower,1,0,11,6,18,0,14,80,10,104,1,14,91,16,122,34,62,96,218
03/29/2007,VCV,CA,AWP,WE,Federal Contract Tower,2,8,2,6,18,0,10,113,10,133,2,18,115,16,151,36,62,98,249
03/30/2007,VCV,CA,AWP,WE,Federal Contract Tower,2,7,10,7,26,0,6,56,2,64,2,13,66,9,90,26,26,52,142
03/31/2007,VCV,CA,AWP,WE,Federal Contract Tower,2,0,1,3,6,0,12,107,1,120,2,12,108,4,126,46,10,56,182
04/01/2007,VCV,CA,AWP,WE,Federal Contract Tower,1,0,0,1,2,0,16,50,20,86,1,16,50,21,88,6,0,6,94
04/02/2007,VCV,CA,AWP,WE,Federal Contract Tower,0,0,1,1,2,0,16,93,3,112,0,16,94,4,114,36,12,48,162
04/03/2007,VCV,CA,AWP,WE,Federal Contract Tower,1,0,2,6,9,0,13,36,1,50,1,13,38,7,59,12,38,50,109
04/04/2007,VCV,CA,AWP,WE,Federal Contract Tower,4,0,3,13,20,0,9,48,17,74,4,9,51,30,94,0,52,52,146
04/05/2007,VCV,CA,AWP,WE,Federal Contract Tower,2,0,7,0,9,0,12,54,24,90,2,12,61,24,99,0,30,30,129
04/06/2007,VCV,CA,AWP,WE,Federal Contract Tower,2,0,3,3,8,0,20,76,9,105,2,20,79,12,113,31,46,77,190
04/07/2007,VCV,CA,AWP,WE,Federal Contract Tower,3,0,1,0,4,0,22,87,8,117,3,22,88,8,121,46,10,56,177
04/08/2007,VCV,CA,AWP,WE,Federal Contract Tower,0,0,9,2,11,0,12,14,0,26,0,12,23,2,37,18,10,28,65
04/09/2007,VCV,CA,AWP,WE,Federal Contract Tower,2,2,2,7,13,0,16,92,1,109,2,18,94,8,122,62,28,90,212
04/10/2007,VCV,CA,AWP,WE,Federal Contract Tower,5,3,11,7,26,0,13,34,5,52,5,16,45,12,78,12,44,56,134
04/11/2007,VCV,CA,AWP,WE,Federal Contract Tower,12,0,12,0,24,0,12,65,8,85,12,12,77,8,109,46,0,46,155
04/12/2007,VCV,CA,AWP,WE,Federal Contract Tower,6,0,0,3,9,0,8,7,3,18,6,8,7,6,27,2,52,54,81
04/13/2007,VCV,CA,AWP,WE,Federal Contract Tower,8,0,10,0,18,1,12,82,10,105,9,12,92,10,123,34,16,50,173
04/14/2007,VCV,CA,AWP,WE,Federal Contract Tower,8,0,0,1,9,0,14,64,7,85,8,14,64,8,94,68,12,80,174
04/15/2007,VCV,CA,AWP,WE,Federal Contract Tower,3,0,4,3,10,0,11,23,10,44,3,11,27,13,54,16,68,84,138
04/16/2007,VCV,CA,AWP,WE,Federal Contract Tower,1,1,4,3,9,0,15,74,9,98,1,16,78,12,107,42,48,90,197
04/17/2007,VCV,CA,AWP,WE,Federal Contract Tower,0,0,7,3,10,0,10,39,2,51,0,10,46,5,61,6,28,34,95
04/18/2007,VCV,CA,AWP,WE,Federal Contract Tower,6,0,0,2,8,0,12,114,4,130,6,12,114,6,138,56,42,98,236
04/19/2007,VCV,CA,AWP,WE,Federal Contract Tower,1,1,6,8,16,0,9,71,6,86,1,10,77,14,102,16,128,144,246
04/20/2007,VCV,CA,AWP,WE,Federal Contract Tower,2,3,2,2,9,0,14,66,4,84,2,17,68,6,93,20,14,34,127
04/21/2007,VCV,CA,AWP,WE,Federal Contract Tower,1,1,4,0,6,0,17,111,4,132,1,18,115,4,138,38,12,50,188
04/22/2007,VCV,CA,AWP,WE,Federal Contract Tower,0,0,6,1,7,0,10,21,7,38,0,10,27,8,45,4,12,16,61
04/23/2007,VCV,CA,AWP,WE,Federal Contract Tower,0,0,2,2,4,0,16,86,10,112,0,16,88,12,116,40,62,102,218
04/24/2007,VCV,CA,AWP,WE,Federal Contract Tower,0,0,5,4,9,0,7,46,12,65,0,7,51,16,74,4,136,140,214
04/25/2007,VCV,CA,AWP,WE,Federal Contract Tower,0,0,3,4,7,0,14,89,13,116,0,14,92,17,123,20,72,92,215
04/26/2007,VCV,CA,AWP,WE,Federal Contract Tower,0,2,11,2,15,0,9,39,10,58,0,11,50,12,73,44,48,92,165
04/27/2007,VCV,CA,AWP,WE,Federal Contract Tower,1,0,2,0,3,0,12,76,7,95,1,12,78,7,98,30,28,58,156
04/28/2007,VCV,CA,AWP,WE,Federal Contract Tower,0,0,0,0,0,0,18,74,0,92,0,18,74,0,92,32,0,32,124
04/29/2007,VCV,CA,AWP,WE,Federal Contract Tower,0,0,3,1,4,1,13,47,3,64,1,13,50,4,68,34,0,34,102
04/30/2007,VCV,CA,AWP,WE,Federal Contract Tower,2,0,4,2,8,0,16,94,4,114,2,16,98,6,122,38,48,86,208
05/01/2007,VCV,CA,AWP,WE,Federal Contract Tower,2,0,2,4,8,0,11,58,13,82,2,11,60,17,90,26,82,108,198
05/02/2007,VCV,CA,AWP,WE,Federal Contract Tower,1,0,0,0,1,0,9,44,2,55,1,9,44,2,56,6,42,48,104
05/03/2007,VCV,CA,AWP,WE,Federal Contract Tower,1,1,2,0,4,1,5,25,0,31,2,6,27,0,35,2,0,2,37
05/04/2007,VCV,CA,AWP,WE,Federal Contract Tower,2,3,4,0,9,1,11,50,10,72,3,14,54,10,81,24,12,36,117
05/05/2007,VCV,CA,AWP,WE,Federal Contract Tower,4,0,5,0,9,0,23,91,2,116,4,23,96,2,125,64,8,72,197
05/06/2007,VCV,CA,AWP,WE,Federal Contract Tower,1,0,1,0,2,0,18,59,0,77,1,18,60,0,79,0,0,0,79
05/07/2007,VCV,CA,AWP,WE,Federal Contract Tower,3,0,5,7,15,0,16,113,9,138,3,16,118,16,153,38,74,112,265
05/08/2007,VCV,CA,AWP,WE,Federal Contract Tower,5,0,6,2,13,0,5,66,15,86,5,5,72,17,99,12,140,152,251
05/09/2007,VCV,CA,AWP,WE,Federal Contract Tower,11,0,1,5,17,0,0,64,7,71,11,0,65,12,88,72,82,154,242
05/10/2007,VCV,CA,AWP,WE,Federal Contract Tower,11,2,1,2,16,0,33,89,14,136,11,35,90,16,152,46,27,73,225
05/11/2007,VCV,CA,AWP,WE,Federal Contract Tower,11,0,1,1,13,0,16,62,7,85,11,16,63,8,98,20,28,48,146
05/12/2007,VCV,CA,AWP,WE,Federal Contract Tower,12,0,3,0,15,0,30,109,4,143,12,30,112,4,158,88,12,100,258
05/13/2007,VCV,CA,AWP,WE,Federal Contract Tower,12,0,8,0,20,0,14,49,2,65,12,14,57,2,85,8,0,8,93
05/14/2007,VCV,CA,AWP,WE,Federal Contract Tower,2,0,4,1,7,0,22,124,19,165,2,22,128,20,172,42,18,60,232
05/15/2007,VCV,CA,AWP,WE,Federal Contract Tower,4,0,12,3,19,0,16,31,21,68,4,16,43,24,87,20,58,78,165
05/16/2007,VCV,CA,AWP,WE,Federal Contract Tower,4,0,8,6,18,0,17,57,20,94,4,17,65,26,112,38,90,128,240
05/17/2007,VCV,CA,AWP,WE,Federal Contract Tower,8,3,7,4,22,0,12,55,9,76,8,15,62,13,98,28,80,108,206
05/18/2007,VCV,CA,AWP,WE,Federal Contract Tower,17,3,0,1,21,0,10,53,3,66,17,13,53,4,87,42,12,54,141
05/19/2007,VCV,CA,AWP,WE,Federal Contract Tower,19,0,2,0,21,0,28,92,19,139,19,28,94,19,160,30,68,98,258
05/20/2007,VCV,CA,AWP,WE,Federal Contract Tower,8,0,0,0,8,0,23,36,1,60,8,23,36,1,68,20,16,36,104
05/21/2007,VCV,CA,AWP,WE,Federal Contract Tower,4,0,6,0,10,0,28,88,28,144,4,28,94,28,154,38,18,56,210
05/22/2007,VCV,CA,AWP,WE,Federal Contract Tower,1,1,2,11,15,0,9,45,16,70,1,10,47,27,85,28,98,126,211
05/23/2007,VCV,CA,AWP,WE,Federal Contract Tower,0,0,4,8,12,0,14,82,12,108,0,14,86,20,120,32,136,168,288
05/24/2007,VCV,CA,AWP,WE,Federal Contract Tower,1,0,11,9,21,0,24,65,7,96,1,24,76,16,117,14,94,108,225
05/25/2007,VCV,CA,AWP,WE,Federal Contract Tower,5,0,8,0,13,0,20,102,9,131,5,20,110,9,144,34,0,34,178
05/26/2007,VCV,CA,AWP,WE,Federal Contract Tower,0,0,3,3,6,0,22,75,0,97,0,22,78,3,103,30,0,30,133
05/27/2007,VCV,CA,AWP,WE,Federal Contract Tower,0,0,3,1,4,0,12,21,0,33,0,12,24,1,37,0,0,0,37
05/28/2007,VCV,CA,AWP,WE,Federal Contract Tower,0,0,3,0,3,0,16,90,4,110,0,16,93,4,113,48,14,62,175
05/29/2007,VCV,CA,AWP,WE,Federal Contract Tower,0,0,1,0,1,0,12,58,4,74,0,12,59,4,75,24,2,26,101
05/30/2007,VCV,CA,AWP,WE,Federal Contract Tower,1,0,17,1,19,0,11,46,7,64,1,11,63,8,83,4,42,46,129
05/31/2007,VCV,CA,AWP,WE,Federal Contract Tower,0,1,5,5,11,0,5,34,3,42,0,6,39,8,53,28,14,42,95
06/01/2007,VCV,CA,AWP,WE,Federal Contract Tower,1,0,7,0,8,0,4,37,0,41,1,4,44,0,49,6,0,6,55
06/02/2007,VCV,CA,AWP,WE,Federal Contract Tower,1,0,6,0,7,0,21,52,0,73,1,21,58,0,80,36,0,36,116
06/03/2007,VCV,CA,AWP,WE,Federal Contract Tower,0,0,0,0,0,0,12,63,0,75,0,12,63,0,75,72,0,72,147
06/04/2007,VCV,CA,AWP,WE,Federal Contract Tower,1,0,1,2,4,0,8,52,6,66,1,8,53,8,70,22,2,24,94
06/05/2007,VCV,CA,AWP,WE,Federal Contract Tower,0,0,3,2,5,0,7,50,7,64,0,7,53,9,69,0,50,50,119
06/06/2007,VCV,CA,AWP,WE,Federal Contract Tower,0,0,3,1,4,0,13,34,3,50,0,13,37,4,54,0,24,24,78
06/07/2007,VCV,CA,AWP,WE,Federal Contract Tower,2,2,4,2,10,0,3,41,6,50,2,5,45,8,60,18,28,46,106
06/08/2007,VCV,CA,AWP,WE,Federal Contract Tower,14,0,4,2,20,0,20,41,8,69,14,20,45,10,89,6,30,36,125
06/09/2007,VCV,CA,AWP,WE,Federal Contract Tower,0,0,0,3,3,0,26,105,4,135,0,26,105,7,138,28,0,28,166
06/10/2007,VCV,CA,AWP,WE,Federal Contract Tower,8,0,5,5,18,0,12,44,4,60,8,12,49,9,78,6,0,6,84
06/11/2007,VCV,CA,AWP,WE,Federal Contract Tower,8,0,6,1,15,0,19,58,9,86,8,19,64,10,101,36,0,36,137
06/12/2007,VCV,CA,AWP,WE,Federal Contract Tower,9,0,17,3,29,0,8,48,15,71,9,8,65,18,100,40,60,100,200
06/13/2007,VCV,CA,AWP,WE,Federal Contract Tower,22,0,10,2,34,0,2,43,4,49,22,2,53,6,83,10,48,58,141
06/14/2007,VCV,CA,AWP,WE,Federal Contract Tower,17,0,11,1,29,0,18,75,5,98,17,18,86,6,127,40,68,108,235
06/15/2007,VCV,CA,AWP,WE,Federal Contract Tower,15,0,0,2,17,0,20,82,4,106,15,20,82,6,123,36,20,56,179
06/16/2007,VCV,CA,AWP,WE,Federal Contract Tower,10,0,6,1,17,3,17,45,1,66,13,17,51,2,83,12,0,12,95
06/17/2007,VCV,CA,AWP,WE,Federal Contract Tower,5,0,0,1,6,0,12,41,0,53,5,12,41,1,59,26,2,28,87
06/18/2007,VCV,CA,AWP,WE,Federal Contract Tower,7,0,9,0,16,0,8,89,8,105,7,8,98,8,121,24,4,28,149
06/19/2007,VCV,CA,AWP,WE,Federal Contract Tower,0,0,7,0,7,0,14,53,3,70,0,14,60,3,77,30,58,88,165
06/20/2007,VCV,CA,AWP,WE,Federal Contract Tower,0,0,5,8,13,0,7,32,6,45,0,7,37,14,58,34,68,102,160
06/21/2007,VCV,CA,AWP,WE,Federal Contract Tower,0,0,3,0,3,0,20,93,10,123,0,20,96,10,126,42,24,66,192
06/22/2007,VCV,CA,AWP,WE,Federal Contract Tower,1,4,2,0,7,0,35,98,16,149,1,39,100,16,156,38,10,48,204
06/23/2007,VCV,CA,AWP,WE,Federal Contract Tower,0,0,0,0,0,0,20,100,8,128,0,20,100,8,128,40,16,56,184
06/24/2007,VCV,CA,AWP,WE,Federal Contract Tower,0,1,9,0,10,0,21,86,2,109,0,22,95,2,119,39,0,39,158
06/25/2007,VCV,CA,AWP,WE,Federal Contract Tower,0,0,4,2,6,0,13,97,16,126,0,13,101,18,132,19,68,87,219
06/26/2007,VCV,CA,AWP,WE,Federal Contract Tower,1,4,6,8,19,0,14,59,7,80,1,18,65,15,99,18,62,80,179
06/27/2007,VCV,CA,AWP,WE,Federal Contract Tower,1,0,7,2,10,0,6,38,13,57,1,6,45,15,67,50,26,76,143
06/28/2007,VCV,CA,AWP,WE,Federal Contract Tower,1,0,6,2,9,0,22,124,10,156,1,22,130,12,165,54,40,94,259
06/29/2007,VCV,CA,AWP,WE,Federal Contract Tower,1,0,11,0,12,0,22,141,6,169,1,22,152,6,181,62,0,62,243
06/30/2007,VCV,CA,AWP,WE,Federal Contract Tower,0,1,0,0,1,0,16,116,2,134,0,17,116,2,135,49,0,49,184
07/01/2007,VCV,CA,AWP,WE,Federal Contract Tower,0,0,2,0,2,0,22,119,5,146,0,22,121,5,148,46,0,46,194
07/02/2007,VCV,CA,AWP,WE,Federal Contract Tower,1,0,6,0,7,0,11,92,3,106,1,11,98,3,113,50,0,50,163
07/03/2007,VCV,CA,AWP,WE,Federal Contract Tower,0,1,11,0,12,0,9,55,2,66,0,10,66,2,78,26,0,26,104
07/04/2007,VCV,CA,AWP,WE,Federal Contract Tower,0,0,13,0,13,0,6,46,3,55,0,6,59,3,68,0,0,0,68
07/05/2007,VCV,CA,AWP,WE,Federal Contract Tower,2,0,5,2,9,0,4,69,2,75,2,4,74,4,84,36,6,42,126
07/06/2007,VCV,CA,AWP,WE,Federal Contract Tower,2,0,3,1,6,0,18,121,5,144,2,18,124,6,150,44,10,54,204
07/07/2007,VCV,CA,AWP,WE,Federal Contract Tower,0,0,3,1,4,0,12,115,7,134,0,12,118,8,138,40,14,54,192
07/08/2007,VCV,CA,AWP,WE,Federal Contract Tower,2,0,7,0,9,0,13,105,0,118,2,13,112,0,127,50,0,50,177
07/09/2007,VCV,CA,AWP,WE,Federal Contract Tower,0,0,6,0,6,0,8,120,10,138,0,8,126,10,144,60,2,62,206
07/10/2007,VCV,CA,AWP,WE,Federal Contract Tower,2,1,3,6,12,0,8,55,14,77,2,9,58,20,89,38,18,56,145
07/11/2007,VCV,CA,AWP,WE,Federal Contract Tower,13,0,6,6,25,0,8,57,11,76,13,8,63,17,101,30,54,84,185
07/12/2007,VCV,CA,AWP,WE,Federal Contract Tower,12,0,6,1,19,0,16,134,7,157,12,16,140,8,176,72,80,152,328
07/13/2007,VCV,CA,AWP,WE,Federal Contract Tower,9,0,3,0,12,1,14,121,8,144,10,14,124,8,156,52,8,60,216
07/14/2007,VCV,CA,AWP,WE,Federal Contract Tower,12,0,4,0,16,0,13,102,2,117,12,13,106,2,133,40,0,40,173
07/15/2007,VCV,CA,AWP,WE,Federal Contract Tower,10,0,0,0,10,0,14,113,0,127,10,14,113,0,137,32,0,32,169
07/16/2007,VCV,CA,AWP,WE,Federal Contract Tower,0,0,7,13,20,0,10,88,19,117,0,10,95,32,137,30,48,78,215
07/17/2007,VCV,CA,AWP,WE,Federal Contract Tower,8,0,6,7,21,0,6,65,7,78,8,6,71,14,99,12,58,70,169
07/18/2007,VCV,CA,AWP,WE,Federal Contract Tower,0,3,8,1,12,0,0,48,6,54,0,3,56,7,66,14,12,26,92
07/19/2007,VCV,CA,AWP,WE,Federal Contract Tower,2,0,6,1,9,0,2,106,5,113,2,2,112,6,122,62,40,102,224
07/20/2007,VCV,CA,AWP,WE,Federal Contract Tower,3,0,7,0,10,0,14,101,5,120,3,14,108,5,130,30,14,44,174
07/21/2007,VCV,CA,AWP,WE,Federal Contract Tower,0,0,3,0,3,0,16,117,8,141,0,16,120,8,144,50,12,62,206
07/22/2007,VCV,CA,AWP,WE,Federal Contract Tower,0,0,2,0,2,0,5,107,0,112,0,5,109,0,114,26,0,26,140
07/23/2007,VCV,CA,AWP,WE,Federal Contract Tower,0,0,4,3,7,0,13,95,5,113,0,13,99,8,120,0,0,0,120
07/24/2007,VCV,CA,AWP,WE,Federal Contract Tower,0,0,12,1,13,0,6,57,6,69,0,6,69,7,82,12,16,28,110
07/25/2007,VCV,CA,AWP,WE,Federal Contract Tower,0,0,14,0,14,0,0,60,3,63,0,0,74,3,77,32,0,32,109
07/26/2007,VCV,CA,AWP,WE,Federal Contract Tower,0,0,4,2,6,0,15,44,7,66,0,15,48,9,72,4,38,42,114
07/27/2007,VCV,CA,AWP,WE,Federal Contract Tower,0,0,12,0,12,0,9,48,2,59,0,9,60,2,71,12,0,12,83
07/28/2007,VCV,CA,AWP,WE,Federal Contract Tower,0,0,12,0,12,0,9,48,2,59,0,9,60,2,71,12,0,12,83
07/29/2007,VCV,CA,AWP,WE,Federal Contract Tower,3,0,2,0,5,0,4,66,0,70,3,4,68,0,75,12,0,12,87
07/30/2007,VCV,CA,AWP,WE,Federal Contract Tower,0,1,9,2,12,0,6,40,8,54,0,7,49,10,66,12,4,16,82
07/31/2007,VCV,CA,AWP,WE,Federal Contract Tower,2,0,5,2,9,0,3,63,12,78,2,3,68,14,87,0,30,30,117
08/01/2007,VCV,CA,AWP,WE,Federal Contract Tower,1,0,13,3,17,0,14,117,7,138,1,14,130,10,155,32,52,84,239
08/02/2007,VCV,CA,AWP,WE,Federal Contract Tower,2,1,4,2,9,0,7,64,8,79,2,8,68,10,88,84,64,148,236
08/03/2007,VCV,CA,AWP,WE,Federal Contract Tower,1,0,5,0,6,0,13,91,4,108,1,13,96,4,114,40,0,40,154
08/04/2007,VCV,CA,AWP,WE,Federal Contract Tower,2,0,2,0,4,0,18,107,4,129,2,18,109,4,133,28,0,28,161
08/05/2007,VCV,CA,AWP,WE,Federal Contract Tower,4,0,2,0,6,0,7,72,0,79,4,7,74,0,85,24,0,24,109
08/06/2007,VCV,CA,AWP,WE,Federal Contract Tower,0,0,3,2,5,0,10,39,0,49,0,10,42,2,54,10,0,10,64
08/07/2007,VCV,CA,AWP,WE,Federal Contract Tower,4,0,7,3,14,0,14,77,3,94,4,14,84,6,108,2,72,74,182
08/08/2007,VCV,CA,AWP,WE,Federal Contract Tower,8,0,13,8,29,0,6,70,16,92,8,6,83,24,121,10,30,40,161
08/09/2007,VCV,CA,AWP,WE,Federal Contract Tower,10,0,3,3,16,0,6,63,12,81,10,6,66,15,97,2,72,74,171
08/10/2007,VCV,CA,AWP,WE,Federal Contract Tower,15,1,4,2,22,0,17,94,8,119,15,18,98,10,141,14,10,24,165
08/11/2007,VCV,CA,AWP,WE,Federal Contract Tower,0,0,9,0,9,0,25,73,6,104,0,25,82,6,113,72,0,72,185
08/12/2007,VCV,CA,AWP,WE,Federal Contract Tower,6,0,7,0,13,0,21,87,4,112,6,21,94,4,125,90,0,90,215
08/13/2007,VCV,CA,AWP,WE,Federal Contract Tower,6,0,13,2,21,0,4,78,4,86,6,4,91,6,107,20,38,58,165
08/14/2007,VCV,CA,AWP,WE,Federal Contract Tower,1,0,12,3,16,0,13,85,7,105,1,13,97,10,121,8,38,46,167
08/15/2007,VCV,CA,AWP,WE,Federal Contract Tower,4,0,12,2,18,0,5,53,17,75,4,5,65,19,93,26,32,58,151
08/16/2007,VCV,CA,AWP,WE,Federal Contract Tower,6,0,6,4,16,0,1,47,3,51,6,1,53,7,67,14,23,37,104
08/17/2007,VCV,CA,AWP,WE,Federal Contract Tower,12,0,2,0,14,0,31,89,24,144,12,31,91,24,158,44,10,54,212
08/18/2007,VCV,CA,AWP,WE,Federal Contract Tower,4,0,1,0,5,0,15,59,8,82,4,15,60,8,87,2,26,28,115
08/19/2007,VCV,CA,AWP,WE,Federal Contract Tower,0,0,6,0,6,0,13,48,50,111,0,13,54,50,117,24,204,228,345
08/20/2007,VCV,CA,AWP,WE,Federal Contract Tower,2,0,9,0,11,0,6,103,0,109,2,6,112,0,120,26,193,219,339
08/21/2007,VCV,CA,AWP,WE,Federal Contract Tower,4,0,10,9,23,0,6,83,45,134,4,6,93,54,157,48,198,246,403
08/22/2007,VCV,CA,AWP,WE,Federal Contract Tower,2,0,4,6,12,0,8,80,35,123,2,8,84,41,135,21,150,171,306
08/23/2007,VCV,CA,AWP,WE,Federal Contract Tower,3,0,1,15,19,0,17,73,66,156,3,17,74,81,175,20,332,352,527
08/24/2007,VCV,CA,AWP,WE,Federal Contract Tower,0,1,6,4,11,0,19,74,65,158,0,20,80,69,169,34,410,444,613
08/25/2007,VCV,CA,AWP,WE,Federal Contract Tower,0,0,1,2,3,0,17,47,48,112,0,17,48,50,115,41,246,287,402
08/26/2007,VCV,CA,AWP,WE,Federal Contract Tower,0,0,9,1,10,0,21,54,45,120,0,21,63,46,130,18,209,227,357
08/27/2007,VCV,CA,AWP,WE,Federal Contract Tower,1,0,0,0,1,0,7,66,56,129,1,7,66,56,130,8,46,54,184
08/28/2007,VCV,CA,AWP,WE,Federal Contract Tower,1,0,7,5,13,0,4,78,47,129,1,4,85,52,142,8,180,188,330
08/29/2007,VCV,CA,AWP,WE,Federal Contract Tower,0,0,9,9,18,0,11,73,69,153,0,11,82,78,171,74,388,462,633
08/30/2007,VCV,CA,AWP,WE,Federal Contract Tower,1,0,6,4,11,0,9,56,62,127,1,9,62,66,138,0,70,70,208
08/31/2007,VCV,CA,AWP,WE,Federal Contract Tower,3,0,8,1,12,0,10,52,39,101,3,10,60,40,113,38,161,199,312
09/01/2007,VCV,CA,AWP,WE,Federal Contract Tower,0,0,5,0,5,0,8,48,58,114,0,8,53,58,119,31,188,219,338
09/02/2007,VCV,CA,AWP,WE,Federal Contract Tower,0,0,0,1,1,0,24,37,60,121,0,24,37,61,122,18,202,220,342
09/03/2007,VCV,CA,AWP,WE,Federal Contract Tower,0,0,2,1,3,10,0,0,0,10,10,0,2,1,13,10,116,126,139
09/04/2007,VCV,CA,AWP,WE,Federal Contract Tower,2,0,5,1,8,0,6,38,29,73,2,6,43,30,81,6,58,64,145
09/05/2007,VCV,CA,AWP,WE,Federal Contract Tower,4,0,6,2,12,0,4,32,26,62,4,4,38,28,74,6,50,56,130
09/06/2007,VCV,CA,AWP,WE,Federal Contract Tower,7,0,2,1,10,0,9,49,27,85,7,9,51,28,95,32,97,129,224
09/07/2007,VCV,CA,AWP,WE,Federal Contract Tower,11,0,7,1,19,0,8,49,22,79,11,8,56,23,98,36,52,88,186
09/08/2007,VCV,CA,AWP,WE,Federal Contract Tower,16,0,4,0,20,0,23,63,21,107,16,23,67,21,127,30,72,102,229
09/09/2007,VCV,CA,AWP,WE,Federal Contract Tower,9,0,14,0,23,0,12,31,5,48,9,12,45,5,71,48,0,48,119
09/10/2007,VCV,CA,AWP,WE,Federal Contract Tower,3,0,1,3,7,0,12,55,21,88,3,12,56,24,95,20,28,48,143
09/11/2007,VCV,CA,AWP,WE,Federal Contract Tower,3,0,3,7,13,0,7,56,19,82,3,7,59,26,95,18,30,48,143
09/12/2007,VCV,CA,AWP,WE,Federal Contract Tower,3,0,5,3,11,0,8,60,12,80,3,8,65,15,91,38,40,78,169
09/13/2007,VCV,CA,AWP,WE,Federal Contract Tower,1,0,3,3,7,0,3,38,20,61,1,3,41,23,68,16,63,79,147
09/14/2007,VCV,CA,AWP,WE,Federal Contract Tower,2,0,1,4,7,0,9,64,19,92,2,9,65,23,99,47,61,108,207
09/15/2007,VCV,CA,AWP,WE,Federal Contract Tower,0,0,0,2,2,0,27,87,0,114,0,27,87,2,116,122,0,122,238
09/16/2007,VCV,CA,AWP,WE,Federal Contract Tower,0,0,2,0,2,0,14,97,0,111,0,14,99,0,113,58,0,58,171
09/17/2007,VCV,CA,AWP,WE,Federal Contract Tower,0,0,0,0,0,0,15,46,18,79,0,15,46,18,79,10,42,52,131
09/18/2007,VCV,CA,AWP,WE,Federal Contract Tower,4,0,4,3,11,0,7,65,22,94,4,7,69,25,105,10,98,108,213
09/19/2007,VCV,CA,AWP,WE,Federal Contract Tower,0,0,6,9,15,0,4,41,20,65,0,4,47,29,80,7,86,93,173
09/20/2007,VCV,CA,AWP,WE,Federal Contract Tower,0,0,2,8,10,0,4,37,34,75,0,4,39,42,85,10,86,96,181
09/21/2007,VCV,CA,AWP,WE,Federal Contract Tower,2,0,2,0,4,0,9,49,8,66,2,9,51,8,70,70,24,94,164
09/22/2007,VCV,CA,AWP,WE,Federal Contract Tower,2,0,2,0,4,0,14,20,0,34,2,14,22,0,38,54,0,54,92
09/23/2007,VCV,CA,AWP,WE,Federal Contract Tower,0,0,2,0,2,0,14,55,5,74,0,14,57,5,76,14,0,14,90
09/24/2007,VCV,CA,AWP,WE,Federal Contract Tower,0,0,6,0,6,0,13,55,5,73,0,13,61,5,79,26,4,30,109
09/25/2007,VCV,CA,AWP,WE,Federal Contract Tower,1,0,2,6,9,0,13,53,3,69,1,13,55,9,78,0,80,80,158
09/26/2007,VCV,CA,AWP,WE,Federal Contract Tower,0,0,7,2,9,0,3,76,18,97,0,3,83,20,106,38,92,130,236
09/27/2007,VCV,CA,AWP,WE,Federal Contract Tower,1,0,14,4,19,0,6,62,29,97,1,6,76,33,116,40,68,108,224
09/28/2007,VCV,CA,AWP,WE,Federal Contract Tower,4,0,9,1,14,0,20,67,11,98,4,20,76,12,112,72,36,108,220
09/29/2007,VCV,CA,AWP,WE,Federal Contract Tower,0,0,3,0,3,0,26,51,5,82,0,26,54,5,85,86,4,90,175
09/30/2007,VCV,CA,AWP,WE,Federal Contract Tower,0,0,1,2,3,0,19,62,12,93,0,19,63,14,96,72,56,128,224
10/01/2007,VCV,CA,AWP,WE,Federal Contract Tower,0,1,18,1,20,0,18,22,7,47,0,19,40,8,67,28,28,56,123
10/02/2007,VCV,CA,AWP,WE,Federal Contract Tower,0,0,11,5,16,0,12,54,18,84,0,12,65,23,100,0,78,78,178
10/03/2007,VCV,CA,AWP,WE,Federal Contract Tower,3,0,7,4,14,0,8,58,8,74,3,8,65,12,88,10,38,48,136
10/04/2007,VCV,CA,AWP,WE,Federal Contract Tower,3,0,6,2,11,0,4,49,8,61,3,4,55,10,72,10,32,42,114
10/05/2007,VCV,CA,AWP,WE,Federal Contract Tower,11,0,5,2,18,0,10,48,11,69,11,10,53,13,87,52,0,52,139
10/06/2007,VCV,CA,AWP,WE,Federal Contract Tower,0,0,3,0,3,0,19,43,0,62,0,19,46,0,65,94,0,94,159
10/07/2007,VCV,CA,AWP,WE,Federal Contract Tower,0,0,3,0,3,0,15,51,0,66,0,15,54,0,69,56,0,56,125
10/08/2007,VCV,CA,AWP,WE,Federal Contract Tower,0,0,0,1,1,0,10,65,0,75,0,10,65,1,76,28,0,28,104
10/09/2007,VCV,CA,AWP,WE,Federal Contract Tower,0,0,10,1,11,0,8,42,7,57,0,8,52,8,68,24,24,48,116
10/10/2007,VCV,CA,AWP,WE,Federal Contract Tower,3,0,13,5,21,0,8,61,19,88,3,8,74,24,109,52,66,118,227
10/11/2007,VCV,CA,AWP,WE,Federal Contract Tower,3,0,2,1,6,0,1,61,7,69,3,1,63,8,75,26,6,32,107
10/12/2007,VCV,CA,AWP,WE,Federal Contract Tower,4,0,0,0,4,0,12,43,10,65,4,12,43,10,69,36,18,54,123
10/13/2007,VCV,CA,AWP,WE,Federal Contract Tower,0,0,6,0,6,0,22,37,46,105,0,22,43,46,111,62,96,158,269
10/14/2007,VCV,CA,AWP,WE,Federal Contract Tower,0,0,4,0,4,0,8,54,9,71,0,8,58,9,75,54,8,62,137
10/15/2007,VCV,CA,AWP,WE,Federal Contract Tower,0,0,3,7,10,0,8,55,4,67,0,8,58,11,77,46,44,90,167
10/16/2007,VCV,CA,AWP,WE,Federal Contract Tower,1,1,5,2,9,0,4,34,8,46,1,5,39,10,55,0,42,42,97
10/17/2007,VCV,CA,AWP,WE,Federal Contract Tower,0,0,5,3,8,0,3,31,16,50,0,3,36,19,58,24,38,62,120
10/18/2007,VCV,CA,AWP,WE,Federal Contract Tower,2,0,9,3,14,0,6,55,5,66,2,6,64,8,80,34,32,66,146
10/19/2007,VCV,CA,AWP,WE,Federal Contract Tower,2,0,11,0,13,0,10,85,22,117,2,10,96,22,130,6,82,88,218
10/20/2007,VCV,CA,AWP,WE,Federal Contract Tower,0,0,0,0,0,0,10,41,2,53,0,10,41,2,53,70,14,84,137
10/21/2007,VCV,CA,AWP,WE,Federal Contract Tower,0,0,0,0,0,0,10,30,4,44,0,10,30,4,44,72,14,86,130
10/22/2007,VCV,CA,AWP,WE,Federal Contract Tower,0,0,1,1,2,0,7,50,5,62,0,7,51,6,64,60,0,60,124
10/23/2007,VCV,CA,AWP,WE,Federal Contract Tower,0,0,6,2,8,0,4,79,23,106,0,4,85,25,114,0,30,30,144
10/24/2007,VCV,CA,AWP,WE,Federal Contract Tower,0,0,7,1,8,0,2,59,15,76,0,2,66,16,84,20,36,56,140
10/25/2007,VCV,CA,AWP,WE,Federal Contract Tower,2,0,5,4,11,0,8,51,14,73,2,8,56,18,84,12,56,68,152
10/26/2007,VCV,CA,AWP,WE,Federal Contract Tower,9,0,5,1,15,0,6,61,6,73,9,6,66,7,88,72,24,96,184
10/27/2007,VCV,CA,AWP,WE,Federal Contract Tower,4,0,1,0,5,0,9,62,2,73,4,9,63,2,78,126,0,126,204
10/28/2007,VCV,CA,AWP,WE,Federal Contract Tower,0,2,4,0,6,0,9,59,4,72,0,11,63,4,78,18,0,18,96
10/29/2007,VCV,CA,AWP,WE,Federal Contract Tower,0,0,7,4,11,0,16,75,21,112,0,16,82,25,123,82,44,126,249
10/30/2007,VCV,CA,AWP,WE,Federal Contract Tower,0,2,10,3,15,0,11,65,10,86,0,13,75,13,101,52,30,82,183
10/31/2007,VCV,CA,AWP,WE,Federal Contract Tower,21,1,9,2,33,0,6,59,12,77,21,7,68,14,110,10,34,44,154
11/01/2007,VCV,CA,AWP,WE,Federal Contract Tower,14,0,3,0,17,0,4,71,6,81,14,4,74,6,98,74,30,104,202
11/02/2007,VCV,CA,AWP,WE,Federal Contract Tower,17,0,10,0,27,0,5,74,8,87,17,5,84,8,114,92,14,106,220
11/03/2007,VCV,CA,AWP,WE,Federal Contract Tower,0,1,10,0,11,0,10,68,12,90,0,11,78,12,101,138,64,202,303
11/04/2007,VCV,CA,AWP,WE,Federal Contract Tower,0,0,4,0,4,0,3,54,8,65,0,3,58,8,69,18,10,28,97
11/05/2007,VCV,CA,AWP,WE,Federal Contract Tower,0,0,5,4,9,0,6,43,2,51,0,6,48,6,60,20,26,46,106
11/06/2007,VCV,CA,AWP,WE,Federal Contract Tower,0,0,3,5,8,0,5,69,4,78,0,5,72,9,86,6,60,66,152
11/07/2007,VCV,CA,AWP,WE,Federal Contract Tower,3,1,17,3,24,0,2,60,8,70,3,3,77,11,94,24,20,44,138
11/08/2007,VCV,CA,AWP,WE,Federal Contract Tower,1,0,8,2,11,0,4,42,15,61,1,4,50,17,72,64,94,158,230
11/09/2007,VCV,CA,AWP,WE,Federal Contract Tower,1,0,7,1,9,0,6,52,5,63,1,6,59,6,72,132,24,156,228
11/10/2007,VCV,CA,AWP,WE,Federal Contract Tower,6,0,1,0,7,0,8,45,4,57,6,8,46,4,64,98,8,106,170
11/11/2007,VCV,CA,AWP,WE,Federal Contract Tower,1,0,1,0,2,0,19,49,0,68,1,19,50,0,70,50,0,50,120
11/12/2007,VCV,CA,AWP,WE,Federal Contract Tower,0,0,6,0,6,0,6,57,1,64,0,6,63,1,70,0,0,0,70
11/13/2007,VCV,CA,AWP,WE,Federal Contract Tower,4,0,6,1,11,0,6,23,7,36,4,6,29,8,47,18,24,42,89
11/14/2007,VCV,CA,AWP,WE,Federal Contract Tower,0,0,9,8,17,0,5,30,6,41,0,5,39,14,58,30,32,62,120
11/15/2007,VCV,CA,AWP,WE,Federal Contract Tower,2,0,19,4,25,0,11,34,7,52,2,11,53,11,77,32,54,86,163
11/16/2007,VCV,CA,AWP,WE,Federal Contract Tower,3,0,6,2,11,0,11,82,6,99,3,11,88,8,110,140,28,168,278
11/17/2007,VCV,CA,AWP,WE,Federal Contract Tower,2,0,12,0,14,0,16,88,8,112,2,16,100,8,126,64,6,70,196
11/18/2007,VCV,CA,AWP,WE,Federal Contract Tower,0,0,3,0,3,0,8,94,2,104,0,8,97,2,107,124,14,138,245
11/19/2007,VCV,CA,AWP,WE,Federal Contract Tower,0,0,15,4,19,0,5,56,8,69,0,5,71,12,88,6,86,92,180
11/20/2007,VCV,CA,AWP,WE,Federal Contract Tower,3,0,20,3,26,0,10,17,10,37,3,10,37,13,63,22,58,80,143
11/21/2007,VCV,CA,AWP,WE,Federal Contract Tower,3,0,3,5,11,1,3,48,4,56,4,3,51,9,67,98,48,146,213
11/22/2007,VCV,CA,AWP,WE,Federal Contract Tower,0,0,2,0,2,0,4,37,0,41,0,4,39,0,43,72,0,72,115
11/23/2007,VCV,CA,AWP,WE,Federal Contract Tower,0,0,4,0,4,0,6,46,2,54,0,6,50,2,58,76,16,92,150
11/24/2007,VCV,CA,AWP,WE,Federal Contract Tower,2,0,0,0,2,0,6,98,2,106,2,6,98,2,108,84,18,102,210
11/25/2007,VCV,CA,AWP,WE,Federal Contract Tower,0,0,1,2,3,0,10,81,2,93,0,10,82,4,96,112,32,144,240
11/26/2007,VCV,CA,AWP,WE,Federal Contract Tower,1,0,3,0,4,0,16,65,16,97,1,16,68,16,101,22,8,30,131
11/27/2007,VCV,CA,AWP,WE,Federal Contract Tower,3,0,3,3,9,0,2,40,9,51,3,2,43,12,60,56,86,142,202
11/28/2007,VCV,CA,AWP,WE,Federal Contract Tower,13,0,13,1,27,0,5,20,10,35,13,5,33,11,62,58,88,146,208
11/29/2007,VCV,CA,AWP,WE,Federal Contract Tower,14,0,22,12,48,0,3,41,8,52,14,3,63,20,100,58,82,140,240
11/30/2007,VCV,CA,AWP,WE,Federal Contract Tower,4,0,7,0,11,0,0,40,5,45,4,0,47,5,56,48,34,82,138
12/01/2007,VCV,CA,AWP,WE,Federal Contract Tower,6,0,8,0,14,0,4,81,2,87,6,4,89,2,101,108,12,120,221
12/02/2007,VCV,CA,AWP,WE,Federal Contract Tower,2,0,7,0,9,0,11,72,2,85,2,11,79,2,94,74,8,82,176
12/03/2007,VCV,CA,AWP,WE,Federal Contract Tower,0,0,12,0,12,0,14,24,2,40,0,14,36,2,52,50,22,72,124
12/04/2007,VCV,CA,AWP,WE,Federal Contract Tower,0,0,17,2,19,0,7,28,10,45,0,7,45,12,64,8,46,54,118
12/05/2007,VCV,CA,AWP,WE,Federal Contract Tower,0,0,10,2,12,0,13,29,7,49,0,13,39,9,61,26,86,112,173
12/06/2007,VCV,CA,AWP,WE,Federal Contract Tower,0,0,9,1,10,0,0,64,8,72,0,0,73,9,82,56,104,160,242
12/07/2007,VCV,CA,AWP,WE,Federal Contract Tower,0,0,0,0,0,2,4,24,4,34,2,4,24,4,34,48,28,76,110
12/08/2007,VCV,CA,AWP,WE,Federal Contract Tower,5,0,0,0,5,0,2,52,45,99,5,2,52,45,104,100,6,106,210
12/09/2007,VCV,CA,AWP,WE,Federal Contract Tower,1,0,0,0,1,0,6,67,7,80,1,6,67,7,81,48,36,84,165
12/10/2007,VCV,CA,AWP,WE,Federal Contract Tower,1,0,7,1,9,0,9,76,3,88,1,9,83,4,97,20,0,20,117
12/11/2007,VCV,CA,AWP,WE,Federal Contract Tower,2,0,4,1,7,0,2,28,9,39,2,2,32,10,46,16,38,54,100
12/12/2007,VCV,CA,AWP,WE,Federal Contract Tower,0,0,10,3,13,0,7,39,8,54,0,7,49,11,67,72,94,166,233
12/13/2007,VCV,CA,AWP,WE,Federal Contract Tower,0,0,10,2,12,7,69,0,84,160,7,69,10,86,172,76,94,170,342
12/14/2007,VCV,CA,AWP,WE,Federal Contract Tower,1,0,7,2,10,0,6,65,4,75,1,6,72,6,85,64,36,100,185
12/15/2007,VCV,CA,AWP,WE,Federal Contract Tower,1,0,1,1,3,0,4,81,3,88,1,4,82,4,91,168,0,168,259
12/16/2007,VCV,CA,AWP,WE,Federal Contract Tower,0,0,9,0,9,0,4,64,0,68,0,4,73,0,77,38,0,38,115
12/17/2007,VCV,CA,AWP,WE,Federal Contract Tower,3,0,12,0,15,3,8,62,0,73,6,8,74,0,88,29,2,31,119
12/18/2007,VCV,CA,AWP,WE,Federal Contract Tower,1,0,7,2,10,0,0,11,8,19,1,0,18,10,29,2,28,30,59
12/19/2007,VCV,CA,AWP,WE,Federal Contract Tower,3,0,4,3,10,0,0,24,2,26,3,0,28,5,36,8,80,88,124
12/20/2007,VCV,CA,AWP,WE,Federal Contract Tower,0,1,2,6,9,1,6,43,3,53,1,7,45,9,62,40,110,150,212
12/21/2007,VCV,CA,AWP,WE,Federal Contract Tower,1,0,3,0,4,0,13,69,2,84,1,13,72,2,88,84,30,114,202
12/22/2007,VCV,CA,AWP,WE,Federal Contract Tower,1,0,11,2,14,0,9,61,3,73,1,9,72,5,87,88,72,160,247
12/23/2007,VCV,CA,AWP,WE,Federal Contract Tower,0,0,0,0,0,0,10,51,0,61,0,10,51,0,61,84,0,84,145
12/24/2007,VCV,CA,AWP,WE,Federal Contract Tower,0,0,1,0,1,0,8,53,0,61,0,8,54,0,62,100,0,100,162
12/25/2007,VCV,CA,AWP,WE,Federal Contract Tower,0,0,0,0,0,0,8,49,0,57,0,8,49,0,57,84,0,84,141
12/26/2007,VCV,CA,AWP,WE,Federal Contract Tower,0,0,0,0,0,0,0,3,0,3,0,0,3,0,3,6,0,6,9
12/27/2007,VCV,CA,AWP,WE,Federal Contract Tower,2,0,0,2,4,1,4,42,2,49,3,4,42,4,53,74,48,122,175
12/28/2007,VCV,CA,AWP,WE,Federal Contract Tower,2,0,0,2,4,0,7,56,3,66,2,7,56,5,70,52,32,84,154
12/29/2007,VCV,CA,AWP,WE,Federal Contract Tower,2,0,2,0,4,0,8,52,2,62,2,8,54,2,66,88,18,106,172
12/30/2007,VCV,CA,AWP,WE,Federal Contract Tower,0,0,0,0,0,0,10,33,0,43,0,10,33,0,43,46,0,46,89
12/31/2007,VCV,CA,AWP,WE,Federal Contract Tower,0,0,8,0,8,0,7,45,6,58,0,7,53,6,66,66,36,102,168
01/01/2008,VCV,CA,AWP,WE,Federal Contract Tower,0,0,0,0,0,0,4,5,0,9,0,4,5,0,9,0,0,0,9
01/02/2008,VCV,CA,AWP,WE,Federal Contract Tower,0,0,7,0,7,0,6,109,2,117,0,6,116,2,124,168,30,198,322
01/03/2008,VCV,CA,AWP,WE,Federal Contract Tower,0,0,1,1,2,0,6,49,3,58,0,6,50,4,60,84,22,106,166
01/04/2008,VCV,CA,AWP,WE,Federal Contract Tower,0,0,0,1,1,0,11,68,2,81,0,11,68,3,82,82,18,100,182
01/05/2008,VCV,CA,AWP,WE,Federal Contract Tower,2,0,2,0,4,0,5,36,4,45,2,5,38,4,49,62,0,62,111
01/06/2008,VCV,CA,AWP,WE,Federal Contract Tower,2,0,0,0,2,0,6,70,6,82,2,6,70,6,84,94,56,150,234
01/07/2008,VCV,CA,AWP,WE,Federal Contract Tower,11,0,5,1,17,0,9,80,3,92,11,9,85,4,109,108,32,140,249
01/08/2008,VCV,CA,AWP,WE,Federal Contract Tower,3,0,12,3,18,0,0,41,8,49,3,0,53,11,67,48,56,104,171
01/09/2008,VCV,CA,AWP,WE,Federal Contract Tower,12,0,3,2,17,0,4,55,6,65,12,4,58,8,82,64,54,118,200
01/10/2008,VCV,CA,AWP,WE,Federal Contract Tower,6,0,4,5,15,9,2,43,10,64,15,2,47,15,79,48,74,122,201
01/11/2008,VCV,CA,AWP,WE,Federal Contract Tower,5,0,3,0,8,0,5,79,10,94,5,5,82,10,102,82,68,150,252
01/12/2008,VCV,CA,AWP,WE,Federal Contract Tower,10,0,6,0,16,0,7,87,4,98,10,7,93,4,114,136,22,158,272
01/13/2008,VCV,CA,AWP,WE,Federal Contract Tower,5,0,9,0,14,0,6,41,5,52,5,6,50,5,66,16,0,16,82
01/14/2008,VCV,CA,AWP,WE,Federal Contract Tower,2,0,2,0,4,0,3,133,6,142,2,3,135,6,146,118,48,166,312
01/15/2008,VCV,CA,AWP,WE,Federal Contract Tower,0,0,7,7,14,0,4,26,9,39,0,4,33,16,53,20,40,60,113
01/16/2008,VCV,CA,AWP,WE,Federal Contract Tower,1,0,10,4,15,0,5,28,2,35,1,5,38,6,50,4,44,48,98
01/17/2008,VCV,CA,AWP,WE,Federal Contract Tower,1,0,6,0,7,0,7,62,3,72,1,7,68,3,79,39,38,77,156
01/18/2008,VCV,CA,AWP,WE,Federal Contract Tower,0,0,2,0,2,0,12,62,0,74,0,12,64,0,76,72,0,72,148
01/19/2008,VCV,CA,AWP,WE,Federal Contract Tower,0,0,22,0,22,0,10,93,2,105,0,10,115,2,127,94,24,118,245
01/20/2008,VCV,CA,AWP,WE,Federal Contract Tower,1,0,5,0,6,0,8,46,0,54,1,8,51,0,60,56,0,56,116
01/21/2008,VCV,CA,AWP,WE,Federal Contract Tower,3,0,6,0,9,0,3,108,0,111,3,3,114,0,120,104,0,104,224
01/22/2008,VCV,CA,AWP,WE,Federal Contract Tower,0,1,4,3,8,0,2,15,6,23,0,3,19,9,31,34,58,92,123
01/23/2008,VCV,CA,AWP,WE,Federal Contract Tower,2,0,18,1,21,0,4,62,17,83,2,4,80,18,104,66,82,148,252
01/24/2008,VCV,CA,AWP,WE,Federal Contract Tower,0,0,10,1,11,0,8,76,7,91,0,8,86,8,102,58,72,130,232
01/25/2008,VCV,CA,AWP,WE,Federal Contract Tower,2,0,16,0,18,0,5,31,2,38,2,5,47,2,56,46,14,60,116
01/26/2008,VCV,CA,AWP,WE,Federal Contract Tower,2,0,10,0,12,0,13,108,4,125,2,13,118,4,137,104,30,134,271
01/27/2008,VCV,CA,AWP,WE,Federal Contract Tower,0,0,28,0,28,0,7,57,2,66,0,7,85,2,94,84,12,96,190
01/28/2008,VCV,CA,AWP,WE,Federal Contract Tower,2,0,5,0,7,0,5,130,6,141,2,5,135,6,148,124,60,184,332
01/29/2008,VCV,CA,AWP,WE,Federal Contract Tower,1,0,13,5,19,0,3,54,2,59,1,3,67,7,78,32,76,108,186
01/30/2008,VCV,CA,AWP,WE,Federal Contract Tower,1,0,2,1,4,0,3,84,4,91,1,3,86,5,95,96,40,136,231
01/31/2008,VCV,CA,AWP,WE,Federal Contract Tower,0,0,9,5,14,0,1,89,22,112,0,1,98,27,126,96,142,238,364
02/01/2008,VCV,CA,AWP,WE,Federal Contract Tower,0,0,8,0,8,0,5,75,6,86,0,5,83,6,94,52,18,70,164
02/02/2008,VCV,CA,AWP,WE,Federal Contract Tower,1,0,10,0,11,0,8,58,28,94,1,8,68,28,105,88,64,152,257
02/03/2008,VCV,CA,AWP,WE,Federal Contract Tower,0,0,1,1,2,0,6,105,1,112,0,6,106,2,114,108,22,130,244
02/04/2008,VCV,CA,AWP,WE,Federal Contract Tower,1,0,7,5,13,0,6,54,18,78,1,6,61,23,91,24,54,78,169
02/05/2008,VCV,CA,AWP,WE,Federal Contract Tower,0,0,6,0,6,1,9,82,12,104,1,9,88,12,110,70,16,86,196
02/06/2008,VCV,CA,AWP,WE,Federal Contract Tower,7,1,3,3,14,1,14,80,10,105,8,15,83,13,119,68,38,106,225
02/07/2008,VCV,CA,AWP,WE,Federal Contract Tower,23,0,13,2,38,0,7,26,11,44,23,7,39,13,82,18,24,42,124
02/08/2008,VCV,CA,AWP,WE,Federal Contract Tower,18,0,4,0,22,1,14,103,4,122,19,14,107,4,144,92,36,128,272
02/09/2008,VCV,CA,AWP,WE,Federal Contract Tower,7,0,8,1,16,0,14,98,3,115,7,14,106,4,131,88,46,134,265
02/10/2008,VCV,CA,AWP,WE,Federal Contract Tower,4,0,11,1,16,0,6,75,9,90,4,6,86,10,106,94,48,142,248
02/11/2008,VCV,CA,AWP,WE,Federal Contract Tower,0,0,8,1,9,0,4,18,3,25,0,4,26,4,34,28,40,68,102
02/12/2008,VCV,CA,AWP,WE,Federal Contract Tower,1,0,4,4,9,0,5,53,2,60,1,5,57,6,69,56,18,74,143
02/13/2008,VCV,CA,AWP,WE,Federal Contract Tower,2,0,4,1,7,0,2,25,5,32,2,2,29,6,39,10,34,44,83
02/14/2008,VCV,CA,AWP,WE,Federal Contract Tower,1,0,0,1,2,0,18,136,0,154,1,18,136,1,156,146,0,146,302
02/15/2008,VCV,CA,AWP,WE,Federal Contract Tower,2,0,5,3,10,0,6,91,3,100,2,6,96,6,110,114,22,136,246
02/16/2008,VCV,CA,AWP,WE,Federal Contract Tower,0,0,15,2,17,0,14,67,4,85,0,14,82,6,102,78,0,78,180
02/17/2008,VCV,CA,AWP,WE,Federal Contract Tower,1,7,9,1,18,0,15,83,1,99,1,22,92,2,117,42,0,42,159
02/18/2008,VCV,CA,AWP,WE,Federal Contract Tower,3,0,8,1,12,0,6,53,7,66,3,6,61,8,78,56,6,62,140
02/19/2008,VCV,CA,AWP,WE,Federal Contract Tower,0,0,10,0,10,4,19,43,2,68,4,19,53,2,78,68,10,78,156
02/20/2008,VCV,CA,AWP,WE,Federal Contract Tower,1,0,2,0,3,0,4,52,0,56,1,4,54,0,59,72,0,72,131
02/21/2008,VCV,CA,AWP,WE,Federal Contract Tower,1,0,4,1,6,0,7,30,7,44,1,7,34,8,50,36,36,72,122
02/22/2008,VCV,CA,AWP,WE,Federal Contract Tower,1,1,2,1,5,0,7,64,4,75,1,8,66,5,80,60,8,68,148
02/23/2008,VCV,CA,AWP,WE,Federal Contract Tower,0,0,12,1,13,0,7,116,0,123,0,7,128,1,136,144,0,144,280
02/24/2008,VCV,CA,AWP,WE,Federal Contract Tower,0,0,5,0,5,2,4,57,0,63,2,4,62,0,68,56,0,56,124
02/25/2008,VCV,CA,AWP,WE,Federal Contract Tower,0,0,10,3,13,0,6,46,6,58,0,6,56,9,71,64,12,76,147
02/26/2008,VCV,CA,AWP,WE,Federal Contract Tower,1,2,8,8,19,0,0,41,12,53,1,2,49,20,72,46,0,46,118
02/27/2008,VCV,CA,AWP,WE,Federal Contract Tower,1,0,10,4,15,0,1,42,0,43,1,1,52,4,58,2,52,54,112
02/28/2008,VCV,CA,AWP,WE,Federal Contract Tower,5,0,9,3,17,0,6,56,13,75,5,6,65,16,92,70,42,112,204
02/29/2008,VCV,CA,AWP,WE,Federal Contract Tower,17,1,9,2,29,0,6,93,2,101,17,7,102,4,130,102,0,102,232
03/01/2008,VCV,CA,AWP,WE,Federal Contract Tower,0,1,3,2,6,0,8,91,0,99,0,9,94,2,105,58,0,58,163
03/02/2008,VCV,CA,AWP,WE,Federal Contract Tower,3,0,4,2,9,0,13,70,6,89,3,13,74,8,98,90,16,106,204
03/03/2008,VCV,CA,AWP,WE,Federal Contract Tower,0,0,5,6,11,0,2,54,14,70,0,2,59,20,81,40,12,52,133
03/04/2008,VCV,CA,AWP,WE,Federal Contract Tower,4,0,13,6,23,0,9,66,6,81,4,9,79,12,104,56,30,86,190
03/05/2008,VCV,CA,AWP,WE,Federal Contract Tower,1,0,4,2,7,0,12,105,7,124,1,12,109,9,131,140,12,152,283
03/06/2008,VCV,CA,AWP,WE,Federal Contract Tower,4,0,0,0,4,0,7,107,2,116,4,7,107,2,120,130,8,138,258
03/07/2008,VCV,CA,AWP,WE,Federal Contract Tower,6,0,11,1,18,0,1,63,1,65,6,1,74,2,83,62,0,62,145
03/08/2008,VCV,CA,AWP,WE,Federal Contract Tower,0,0,6,0,6,0,8,87,0,95,0,8,93,0,101,118,0,118,219
03/09/2008,VCV,CA,AWP,WE,Federal Contract Tower,3,0,2,2,7,1,6,98,1,106,4,6,100,3,113,86,10,96,209
03/10/2008,VCV,CA,AWP,WE,Federal Contract Tower,3,0,4,1,8,0,0,41,1,42,3,0,45,2,50,16,0,16,66
03/11/2008,VCV,CA,AWP,WE,Federal Contract Tower,3,0,3,4,10,0,6,90,6,102,3,6,93,10,112,44,36,80,192
03/12/2008,VCV,CA,AWP,WE,Federal Contract Tower,0,2,6,2,10,0,5,80,13,98,0,7,86,15,108,84,46,130,238
03/13/2008,VCV,CA,AWP,WE,Federal Contract Tower,0,0,1,1,2,0,4,79,4,87,0,4,80,5,89,80,50,130,219
03/14/2008,VCV,CA,AWP,WE,Federal Contract Tower,5,0,3,0,8,0,3,117,0,120,5,3,120,0,128,106,0,106,234
03/15/2008,VCV,CA,AWP,WE,Federal Contract Tower,1,0,4,0,5,0,10,129,0,139,1,10,133,0,144,96,0,96,240
03/16/2008,VCV,CA,AWP,WE,Federal Contract Tower,1,0,3,0,4,0,9,66,2,77,1,9,69,2,81,78,0,78,159
03/17/2008,VCV,CA,AWP,WE,Federal Contract Tower,1,0,16,0,17,0,8,56,19,83,1,8,72,19,100,30,22,52,152
03/18/2008,VCV,CA,AWP,WE,Federal Contract Tower,1,0,23,1,25,0,8,40,3,51,1,8,63,4,76,24,44,68,144
03/19/2008,VCV,CA,AWP,WE,Federal Contract Tower,2,0,8,1,11,0,1,35,11,47,2,1,43,12,58,18,44,62,120
03/20/2008,VCV,CA,AWP,WE,Federal Contract Tower,3,0,7,4,14,1,4,44,17,66,4,4,51,21,80,28,34,62,142
03/21/2008,VCV,CA,AWP,WE,Federal Contract Tower,3,0,5,1,9,0,4,99,5,108,3,4,104,6,117,97,30,127,244
03/22/2008,VCV,CA,AWP,WE,Federal Contract Tower,0,0,5,0,5,0,7,101,0,108,0,7,106,0,113,122,0,122,235
03/23/2008,VCV,CA,AWP,WE,Federal Contract Tower,0,0,10,0,10,0,12,101,0,113,0,12,111,0,123,118,0,118,241
03/24/2008,VCV,CA,AWP,WE,Federal Contract Tower,0,0,9,0,9,0,0,40,8,48,0,0,49,8,57,50,0,50,107
03/25/2008,VCV,CA,AWP,WE,Federal Contract Tower,1,0,2,0,3,0,7,63,1,71,1,7,65,1,74,42,32,74,148
03/26/2008,VCV,CA,AWP,WE,Federal Contract Tower,2,0,7,4,13,0,4,25,3,32,2,4,32,7,45,4,30,34,79
03/27/2008,VCV,CA,AWP,WE,Federal Contract Tower,1,2,4,3,10,0,3,90,15,108,1,5,94,18,118,56,52,108,226
03/28/2008,VCV,CA,AWP,WE,Federal Contract Tower,2,1,10,5,18,0,3,39,7,49,2,4,49,12,67,26,8,34,101
03/29/2008,VCV,CA,AWP,WE,Federal Contract Tower,0,0,14,3,17,0,2,38,1,41,0,2,52,4,58,16,0,16,74
03/30/2008,VCV,CA,AWP,WE,Federal Contract Tower,0,0,8,3,11,0,4,41,5,50,0,4,49,8,61,26,0,26,87
03/31/2008,VCV,CA,AWP,WE,Federal Contract Tower,0,0,9,7,16,0,3,57,21,81,0,3,66,28,97,34,0,34,131
04/01/2008,VCV,CA,AWP,WE,Federal Contract Tower,1,0,9,1,11,0,6,33,4,43,1,6,42,5,54,34,0,34,88
04/02/2008,VCV,CA,AWP,WE,Federal Contract Tower,1,0,5,4,10,0,1,22,0,23,1,1,27,4,33,4,22,26,59
04/03/2008,VCV,CA,AWP,WE,Federal Contract Tower,1,0,7,1,9,0,2,38,3,43,1,2,45,4,52,6,0,6,58
04/04/2008,VCV,CA,AWP,WE,Federal Contract Tower,2,0,6,0,8,0,2,40,2,44,2,2,46,2,52,2,0,2,54
04/05/2008,VCV,CA,AWP,WE,Federal Contract Tower,0,0,5,3,8,0,2,76,4,82,0,2,81,7,90,110,26,136,226
04/06/2008,VCV,CA,AWP,WE,Federal Contract Tower,1,0,4,1,6,0,4,43,20,67,1,4,47,21,73,10,51,61,134
04/07/2008,VCV,CA,AWP,WE,Federal Contract Tower,1,0,8,2,11,0,0,24,4,28,1,0,32,6,39,56,54,110,149
04/08/2008,VCV,CA,AWP,WE,Federal Contract Tower,1,0,4,2,7,0,2,19,9,30,1,2,23,11,37,24,58,82,119
04/09/2008,VCV,CA,AWP,WE,Federal Contract Tower,3,0,14,1,18,0,2,40,4,46,3,2,54,5,64,4,26,30,94
04/10/2008,VCV,CA,AWP,WE,Federal Contract Tower,1,1,12,1,15,0,8,58,7,73,1,9,70,8,88,12,11,23,111
04/11/2008,VCV,CA,AWP,WE,Federal Contract Tower,3,0,18,1,22,0,5,31,6,42,3,5,49,7,64,12,6,18,82
04/12/2008,VCV,CA,AWP,WE,Federal Contract Tower,2,0,12,4,18,0,0,80,2,82,2,0,92,6,100,70,0,70,170
04/13/2008,VCV,CA,AWP,WE,Federal Contract Tower,7,0,6,0,13,0,7,98,0,105,7,7,104,0,118,98,0,98,216
04/14/2008,VCV,CA,AWP,WE,Federal Contract Tower,7,0,16,1,24,0,1,67,4,72,7,1,83,5,96,98,26,124,220
04/15/2008,VCV,CA,AWP,WE,Federal Contract Tower,14,0,11,1,26,6,0,49,4,59,20,0,60,5,85,12,56,68,153
04/16/2008,VCV,CA,AWP,WE,Federal Contract Tower,13,0,3,6,22,0,12,103,11,126,13,12,106,17,148,74,60,134,282
04/17/2008,VCV,CA,AWP,WE,Federal Contract Tower,7,0,14,2,23,0,3,49,17,69,7,3,63,19,92,30,46,76,168
04/18/2008,VCV,CA,AWP,WE,Federal Contract Tower,6,0,7,0,13,5,14,55,27,101,11,14,62,27,114,58,57,115,229
04/19/2008,VCV,CA,AWP,WE,Federal Contract Tower,4,0,7,0,11,0,3,75,11,89,4,3,82,11,100,62,22,84,184
04/20/2008,VCV,CA,AWP,WE,Federal Contract Tower,3,0,9,0,12,0,9,28,0,37,3,9,37,0,49,13,0,13,62
04/21/2008,VCV,CA,AWP,WE,Federal Contract Tower,0,0,7,4,11,0,12,68,9,89,0,12,75,13,100,40,22,62,162
04/22/2008,VCV,CA,AWP,WE,Federal Contract Tower,3,0,10,3,16,1,1,5,7,14,4,1,15,10,30,0,0,0,30
04/23/2008,VCV,CA,AWP,WE,Federal Contract Tower,0,0,5,3,8,0,2,6,2,10,0,2,11,5,18,0,0,0,18
04/24/2008,VCV,CA,AWP,WE,Federal Contract Tower,0,0,7,8,15,0,4,25,9,38,0,4,32,17,53,14,18,32,85
04/25/2008,VCV,CA,AWP,WE,Federal Contract Tower,1,0,0,0,1,0,9,109,0,118,1,9,109,0,119,101,0,101,220
04/26/2008,VCV,CA,AWP,WE,Federal Contract Tower,0,0,1,0,1,0,5,122,1,128,0,5,123,1,129,103,18,121,250
04/27/2008,VCV,CA,AWP,WE,Federal Contract Tower,0,0,5,0,5,0,6,97,0,103,0,6,102,0,108,104,0,104,212
04/28/2008,VCV,CA,AWP,WE,Federal Contract Tower,0,0,1,1,2,0,6,105,3,114,0,6,106,4,116,104,18,122,238
04/29/2008,VCV,CA,AWP,WE,Federal Contract Tower,0,0,8,0,8,0,4,80,6,90,0,4,88,6,98,110,26,136,234
04/30/2008,VCV,CA,AWP,WE,Federal Contract Tower,0,0,7,0,7,0,4,79,6,89,0,4,86,6,96,98,34,132,228
05/01/2008,VCV,CA,AWP,WE,Federal Contract Tower,0,0,7,1,8,0,4,61,6,71,0,4,68,7,79,44,6,50,129
05/02/2008,VCV,CA,AWP,WE,Federal Contract Tower,0,0,3,1,4,0,3,41,0,44,0,3,44,1,48,31,0,31,79
05/03/2008,VCV,CA,AWP,WE,Federal Contract Tower,0,0,8,1,9,1,2,51,9,63,1,2,59,10,72,66,66,132,204
05/04/2008,VCV,CA,AWP,WE,Federal Contract Tower,0,0,0,0,0,0,5,24,0,29,0,5,24,0,29,8,0,8,37
05/05/2008,VCV,CA,AWP,WE,Federal Contract Tower,0,0,2,3,5,0,1,43,1,45,0,1,45,4,50,36,3,39,89
05/06/2008,VCV,CA,AWP,WE,Federal Contract Tower,0,0,5,4,9,0,24,34,7,65,0,24,39,11,74,18,88,106,180
05/07/2008,VCV,CA,AWP,WE,Federal Contract Tower,0,0,9,0,9,0,5,23,2,30,0,5,32,2,39,62,0,62,101
05/08/2008,VCV,CA,AWP,WE,Federal Contract Tower,0,0,8,5,13,0,4,41,4,49,0,4,49,9,62,32,9,41,103
05/09/2008,VCV,CA,AWP,WE,Federal Contract Tower,0,0,16,2,18,0,1,84,5,90,0,1,100,7,108,78,18,96,204
05/10/2008,VCV,CA,AWP,WE,Federal Contract Tower,4,0,4,0,8,0,4,70,10,84,4,4,74,10,92,74,22,96,188
05/11/2008,VCV,CA,AWP,WE,Federal Contract Tower,3,0,6,0,9,3,8,108,8,127,6,8,114,8,136,108,34,142,278
05/12/2008,VCV,CA,AWP,WE,Federal Contract Tower,19,0,10,5,34,0,0,92,5,97,19,0,102,10,131,88,12,100,231
05/13/2008,VCV,CA,AWP,WE,Federal Contract Tower,15,0,3,0,18,0,3,48,6,57,15,3,51,6,75,18,34,52,127
05/14/2008,VCV,CA,AWP,WE,Federal Contract Tower,21,1,11,2,35,2,8,108,6,124,23,9,119,8,159,12,10,22,181
05/15/2008,VCV,CA,AWP,WE,Federal Contract Tower,24,0,8,0,32,0,6,120,4,130,24,6,128,4,162,146,18,164,326
05/16/2008,VCV,CA,AWP,WE,Federal Contract Tower,20,0,16,0,36,0,2,41,3,46,20,2,57,3,82,22,0,22,104
05/17/2008,VCV,CA,AWP,WE,Federal Contract Tower,21,0,1,0,22,0,8,98,4,110,21,8,99,4,132,87,14,101,233
05/18/2008,VCV,CA,AWP,WE,Federal Contract Tower,7,1,1,0,9,0,6,35,0,41,7,7,36,0,50,16,0,16,66
05/19/2008,VCV,CA,AWP,WE,Federal Contract Tower,9,0,5,0,14,0,6,15,7,28,9,6,20,7,42,12,6,18,60
05/20/2008,VCV,CA,AWP,WE,Federal Contract Tower,0,0,7,0,7,0,8,122,11,141,0,8,129,11,148,114,42,156,304
05/21/2008,VCV,CA,AWP,WE,Federal Contract Tower,0,0,4,1,5,0,4,126,3,133,0,4,130,4,138,134,28,162,300
05/22/2008,VCV,CA,AWP,WE,Federal Contract Tower,1,0,6,4,11,1,3,119,14,137,2,3,125,18,148,110,76,186,334
05/23/2008,VCV,CA,AWP,WE,Federal Contract Tower,2,0,1,0,3,0,6,145,4,155,2,6,146,4,158,128,16,144,302
05/24/2008,VCV,CA,AWP,WE,Federal Contract Tower,0,0,3,0,3,0,8,131,8,147,0,8,134,8,150,152,18,170,320
05/25/2008,VCV,CA,AWP,WE,Federal Contract Tower,0,0,1,0,1,0,6,123,14,143,0,6,124,14,144,132,24,156,300
05/26/2008,VCV,CA,AWP,WE,Federal Contract Tower,0,0,3,0,3,0,6,141,2,149,0,6,144,2,152,96,8,104,256
05/27/2008,VCV,CA,AWP,WE,Federal Contract Tower,0,0,7,6,13,0,6,129,23,158,0,6,136,29,171,156,46,202,373
05/28/2008,VCV,CA,AWP,WE,Federal Contract Tower,0,0,14,1,15,0,0,32,10,42,0,0,46,11,57,36,30,66,123
05/29/2008,VCV,CA,AWP,WE,Federal Contract Tower,2,0,17,0,19,0,5,32,10,47,2,5,49,10,66,12,31,43,109
05/30/2008,VCV,CA,AWP,WE,Federal Contract Tower,1,0,4,4,9,0,9,68,2,79,1,9,72,6,88,46,19,65,153
05/31/2008,VCV,CA,AWP,WE,Federal Contract Tower,0,0,53,1,54,0,1,0,0,1,0,1,53,1,55,68,0,68,123
06/01/2008,VCV,CA,AWP,WE,Federal Contract Tower,0,0,4,0,4,0,6,122,8,136,0,6,126,8,140,148,26,174,314
06/02/2008,VCV,CA,AWP,WE,Federal Contract Tower,0,0,0,2,2,1,8,100,6,115,1,8,100,8,117,98,22,120,237
06/03/2008,VCV,CA,AWP,WE,Federal Contract Tower,0,0,3,0,3,0,8,105,6,119,0,8,108,6,122,120,20,140,262
06/04/2008,VCV,CA,AWP,WE,Federal Contract Tower,0,0,3,1,4,0,6,79,1,86,0,6,82,2,90,100,12,112,202
06/05/2008,VCV,CA,AWP,WE,Federal Contract Tower,0,0,6,7,13,0,6,130,3,139,0,6,136,10,152,142,56,198,350
06/06/2008,VCV,CA,AWP,WE,Federal Contract Tower,2,0,0,0,2,0,6,126,8,140,2,6,126,8,142,154,18,172,314
06/07/2008,VCV,CA,AWP,WE,Federal Contract Tower,2,0,10,0,12,0,4,78,4,86,2,4,88,4,98,110,14,124,222
06/08/2008,VCV,CA,AWP,WE,Federal Contract Tower,6,0,12,0,18,0,6,110,4,120,6,6,122,4,138,164,14,178,316
06/09/2008,VCV,CA,AWP,WE,Federal Contract Tower,2,0,8,6,16,0,6,122,21,149,2,6,130,27,165,132,50,182,347
06/10/2008,VCV,CA,AWP,WE,Federal Contract Tower,10,0,15,2,27,0,1,20,20,41,10,1,35,22,68,46,52,98,166
06/11/2008,VCV,CA,AWP,WE,Federal Contract Tower,7,0,13,0,20,0,10,53,22,85,7,10,66,22,105,60,56,116,221
06/12/2008,VCV,CA,AWP,WE,Federal Contract Tower,13,0,3,16,32,1,9,62,32,104,14,9,65,48,136,68,92,160,296
06/13/2008,VCV,CA,AWP,WE,Federal Contract Tower,3,0,7,1,11,0,1,51,25,77,3,1,58,26,88,2,80,82,170
06/14/2008,VCV,CA,AWP,WE,Federal Contract Tower,6,2,0,1,9,0,2,94,17,113,6,4,94,18,122,84,84,168,290
06/15/2008,VCV,CA,AWP,WE,Federal Contract Tower,0,0,6,4,10,0,6,40,2,48,0,6,46,6,58,48,38,86,144
06/16/2008,VCV,CA,AWP,WE,Federal Contract Tower,0,0,4,1,5,0,9,36,5,50,0,9,40,6,55,41,28,69,124
06/17/2008,VCV,CA,AWP,WE,Federal Contract Tower,0,0,6,5,11,0,1,18,12,31,0,1,24,17,42,34,54,88,130
06/18/2008,VCV,CA,AWP,WE,Federal Contract Tower,0,0,3,4,7,0,6,113,6,125,0,6,116,10,132,152,46,198,330
06/19/2008,VCV,CA,AWP,WE,Federal Contract Tower,4,0,9,5,18,0,9,53,24,86,4,9,62,29,104,22,136,158,262
06/20/2008,VCV,CA,AWP,WE,Federal Contract Tower,2,0,2,1,5,0,4,30,10,44,2,4,32,11,49,32,42,74,123
06/21/2008,VCV,CA,AWP,WE,Federal Contract Tower,0,0,4,0,4,0,12,80,12,104,0,12,84,12,108,122,52,174,282
06/22/2008,VCV,CA,AWP,WE,Federal Contract Tower,0,0,2,0,2,0,14,84,12,110,0,14,86,12,112,64,38,102,214
06/23/2008,VCV,CA,AWP,WE,Federal Contract Tower,1,1,11,5,18,0,7,65,1,73,1,8,76,6,91,118,44,162,253
06/24/2008,VCV,CA,AWP,WE,Federal Contract Tower,5,0,7,12,24,0,1,24,20,45,5,1,31,32,69,32,8,40,109
06/25/2008,VCV,CA,AWP,WE,Federal Contract Tower,0,0,3,4,7,0,6,95,17,118,0,6,98,21,125,118,54,172,297
06/26/2008,VCV,CA,AWP,WE,Federal Contract Tower,4,0,0,5,9,0,10,61,15,86,4,10,61,20,95,44,52,96,191
06/27/2008,VCV,CA,AWP,WE,Federal Contract Tower,0,0,8,5,13,0,5,37,16,58,0,5,45,21,71,37,16,53,124
06/28/2008,VCV,CA,AWP,WE,Federal Contract Tower,3,1,6,1,11,0,6,78,5,89,3,7,84,6,100,122,32,154,254
06/29/2008,VCV,CA,AWP,WE,Federal Contract Tower,3,0,8,0,11,0,4,58,7,69,3,4,66,7,80,90,24,114,194
06/30/2008,VCV,CA,AWP,WE,Federal Contract Tower,2,0,6,4,12,0,8,74,10,92,2,8,80,14,104,90,38,128,232
07/01/2008,VCV,CA,AWP,WE,Federal Contract Tower,4,8,59,0,71,4,0,10,0,14,8,8,69,0,85,26,0,26,111
07/02/2008,VCV,CA,AWP,WE,Federal Contract Tower,6,0,3,0,9,10,21,72,7,110,16,21,75,7,119,76,62,138,257
07/03/2008,VCV,CA,AWP,WE,Federal Contract Tower,7,0,7,1,15,11,5,55,7,78,18,5,62,8,93,79,48,127,220
07/04/2008,VCV,CA,AWP,WE,Federal Contract Tower,5,0,1,0,6,9,10,63,3,85,14,10,64,3,91,94,20,114,205
07/05/2008,VCV,CA,AWP,WE,Federal Contract Tower,10,0,0,1,11,0,3,47,2,52,10,3,47,3,63,38,12,50,113
07/06/2008,VCV,CA,AWP,WE,Federal Contract Tower,9,0,6,1,16,0,15,18,1,34,9,15,24,2,50,84,10,94,144
07/07/2008,VCV,CA,AWP,WE,Federal Contract Tower,4,0,6,4,14,4,6,57,8,75,8,6,63,12,89,68,7,75,164
07/08/2008,VCV,CA,AWP,WE,Federal Contract Tower,3,0,5,4,12,3,2,47,6,58,6,2,52,10,70,50,6,56,126
07/09/2008,VCV,CA,AWP,WE,Federal Contract Tower,1,0,6,11,18,1,1,52,26,80,2,1,58,37,98,56,2,58,156
07/10/2008,VCV,CA,AWP,WE,Federal Contract Tower,0,1,4,5,10,0,3,24,8,35,0,4,28,13,45,10,16,26,71
07/11/2008,VCV,CA,AWP,WE,Federal Contract Tower,3,0,3,3,9,3,0,73,10,86,6,0,76,13,95,115,42,157,252
07/12/2008,VCV,CA,AWP,WE,Federal Contract Tower,5,0,6,1,12,0,6,84,18,108,5,6,90,19,120,214,38,252,372
07/13/2008,VCV,CA,AWP,WE,Federal Contract Tower,0,0,2,0,2,1,5,112,8,126,1,5,114,8,128,130,40,170,298
07/14/2008,VCV,CA,AWP,WE,Federal Contract Tower,0,0,1,1,2,0,2,103,7,112,0,2,104,8,114,72,20,92,206
07/15/2008,VCV,CA,AWP,WE,Federal Contract Tower,3,0,6,0,9,0,3,10,6,19,3,3,16,6,28,12,0,12,40
07/16/2008,VCV,CA,AWP,WE,Federal Contract Tower,0,0,2,0,2,0,6,28,0,34,0,6,30,0,36,0,0,0,36
07/17/2008,VCV,CA,AWP,WE,Federal Contract Tower,1,0,9,0,10,0,3,52,7,62,1,3,61,7,72,89,22,111,183
07/18/2008,VCV,CA,AWP,WE,Federal Contract Tower,1,0,13,3,17,0,3,70,14,87,1,3,83,17,104,54,52,106,210
07/19/2008,VCV,CA,AWP,WE,Federal Contract Tower,0,0,6,1,7,0,3,59,2,64,0,3,65,3,71,88,16,104,175
07/20/2008,VCV,CA,AWP,WE,Federal Contract Tower,3,0,0,8,11,0,3,66,6,75,3,3,66,14,86,76,34,110,196
07/21/2008,VCV,CA,AWP,WE,Federal Contract Tower,2,0,7,8,17,0,2,37,0,39,2,2,44,8,56,46,0,46,102
07/22/2008,VCV,CA,AWP,WE,Federal Contract Tower,2,3,3,5,13,0,1,37,5,43,2,4,40,10,56,4,10,14,70
07/23/2008,VCV,CA,AWP,WE,Federal Contract Tower,0,0,2,3,5,0,4,42,10,56,0,4,44,13,61,30,22,52,113
07/24/2008,VCV,CA,AWP,WE,Federal Contract Tower,2,0,11,2,15,0,2,40,5,47,2,2,51,7,62,10,45,55,117
07/25/2008,VCV,CA,AWP,WE,Federal Contract Tower,2,0,24,3,29,2,3,57,19,81,4,3,81,22,110,42,46,88,198
07/26/2008,VCV,CA,AWP,WE,Federal Contract Tower,2,0,3,2,7,0,0,72,12,84,2,0,75,14,91,76,38,114,205
07/27/2008,VCV,CA,AWP,WE,Federal Contract Tower,2,0,1,5,8,0,7,34,20,61,2,7,35,25,69,36,52,88,157
07/28/2008,VCV,CA,AWP,WE,Federal Contract Tower,5,0,13,2,20,0,4,59,21,84,5,4,72,23,104,24,22,46,150
07/29/2008,VCV,CA,AWP,WE,Federal Contract Tower,17,0,10,2,29,0,7,41,9,57,17,7,51,11,86,18,86,104,190
07/30/2008,VCV,CA,AWP,WE,Federal Contract Tower,11,0,12,5,28,0,2,35,15,52,11,2,47,20,80,4,24,28,108
07/31/2008,VCV,CA,AWP,WE,Federal Contract Tower,8,0,10,2,20,0,3,35,7,45,8,3,45,9,65,37,10,47,112
08/01/2008,VCV,CA,AWP,WE,Federal Contract Tower,10,0,6,2,18,0,0,45,3,48,10,0,51,5,66,38,26,64,130
08/02/2008,VCV,CA,AWP,WE,Federal Contract Tower,2,1,1,1,5,0,2,59,3,64,2,3,60,4,69,38,26,64,133
08/03/2008,VCV,CA,AWP,WE,Federal Contract Tower,4,0,3,0,7,0,4,43,0,47,4,4,46,0,54,68,0,68,122
08/04/2008,VCV,CA,AWP,WE,Federal Contract Tower,3,0,7,4,14,0,3,32,3,38,3,3,39,7,52,24,0,24,76
08/05/2008,VCV,CA,AWP,WE,Federal Contract Tower,7,0,4,3,14,0,6,22,9,37,7,6,26,12,51,16,6,22,73
08/06/2008,VCV,CA,AWP,WE,Federal Contract Tower,12,0,0,3,15,0,6,57,16,79,12,6,57,19,94,60,28,88,182
08/07/2008,VCV,CA,AWP,WE,Federal Contract Tower,5,0,2,3,10,0,0,49,11,60,5,0,51,14,70,52,42,94,164
08/08/2008,VCV,CA,AWP,WE,Federal Contract Tower,2,1,4,10,17,0,2,61,20,83,2,3,65,30,100,34,58,92,192
08/09/2008,VCV,CA,AWP,WE,Federal Contract Tower,1,0,0,0,1,0,2,10,4,16,1,2,10,4,17,18,0,18,35
08/10/2008,VCV,CA,AWP,WE,Federal Contract Tower,1,0,1,2,4,0,3,47,6,56,1,3,48,8,60,56,22,78,138
08/11/2008,VCV,CA,AWP,WE,Federal Contract Tower,1,0,5,0,6,0,1,26,7,34,1,1,31,7,40,24,12,36,76
08/12/2008,VCV,CA,AWP,WE,Federal Contract Tower,1,0,3,2,6,0,1,45,25,71,1,1,48,27,77,28,6,34,111
08/13/2008,VCV,CA,AWP,WE,Federal Contract Tower,0,0,7,4,11,0,1,58,8,67,0,1,65,12,78,8,20,28,106
08/14/2008,VCV,CA,AWP,WE,Federal Contract Tower,4,0,11,13,28,0,9,22,6,37,4,9,33,19,65,2,0,2,67
08/15/2008,VCV,CA,AWP,WE,Federal Contract Tower,4,0,11,13,28,0,9,72,6,87,4,9,83,19,115,42,12,54,169
08/16/2008,VCV,CA,AWP,WE,Federal Contract Tower,0,0,3,0,3,0,1,64,7,72,0,1,67,7,75,72,34,106,181
08/17/2008,VCV,CA,AWP,WE,Federal Contract Tower,0,0,2,0,2,0,5,45,3,53,0,5,47,3,55,50,26,76,131
08/18/2008,VCV,CA,AWP,WE,Federal Contract Tower,0,0,1,2,3,0,2,90,13,105,0,2,91,15,108,50,34,84,192
08/19/2008,VCV,CA,AWP,WE,Federal Contract Tower,0,0,8,1,9,0,4,41,6,51,0,4,49,7,60,16,16,32,92
08/20/2008,VCV,CA,AWP,WE,Federal Contract Tower,0,0,5,2,7,0,18,14,9,41,0,18,19,11,48,8,20,28,76
08/21/2008,VCV,CA,AWP,WE,Federal Contract Tower,6,0,5,2,13,0,5,36,12,53,6,5,41,14,66,22,66,88,154
08/22/2008,VCV,CA,AWP,WE,Federal Contract Tower,3,1,15,0,19,0,3,67,15,85,3,4,82,15,104,40,32,72,176
08/23/2008,VCV,CA,AWP,WE,Federal Contract Tower,2,1,2,6,11,0,0,43,34,77,2,1,45,40,88,80,12,92,180
08/24/2008,VCV,CA,AWP,WE,Federal Contract Tower,1,0,9,2,12,0,2,34,0,36,1,2,43,2,48,2,20,22,70
08/25/2008,VCV,CA,AWP,WE,Federal Contract Tower,8,0,2,1,11,0,2,12,6,20,8,2,14,7,31,12,10,22,53
08/26/2008,VCV,CA,AWP,WE,Federal Contract Tower,5,0,11,10,26,0,1,44,11,56,5,1,55,21,82,28,46,74,156
08/27/2008,VCV,CA,AWP,WE,Federal Contract Tower,6,0,4,6,16,0,1,80,11,92,6,1,84,17,108,60,66,126,234
08/28/2008,VCV,CA,AWP,WE,Federal Contract Tower,6,0,10,2,18,0,0,24,7,31,6,0,34,9,49,6,12,18,67
08/29/2008,VCV,CA,AWP,WE,Federal Contract Tower,7,0,0,0,7,0,2,28,1,31,7,2,28,1,38,18,0,18,56
08/30/2008,VCV,CA,AWP,WE,Federal Contract Tower,3,0,0,0,3,0,5,51,13,69,3,5,51,13,72,64,70,134,206
08/31/2008,VCV,CA,AWP,WE,Federal Contract Tower,8,0,7,0,15,0,8,18,0,26,8,8,25,0,41,0,8,8,49
09/01/2008,VCV,CA,AWP,WE,Federal Contract Tower,3,0,9,0,12,0,0,27,1,28,3,0,36,1,40,16,14,30,70
09/02/2008,VCV,CA,AWP,WE,Federal Contract Tower,8,0,4,1,13,0,3,42,5,50,8,3,46,6,63,54,0,54,117
09/03/2008,VCV,CA,AWP,WE,Federal Contract Tower,12,0,0,0,12,0,0,22,11,33,12,0,22,11,45,16,28,44,89
09/04/2008,VCV,CA,AWP,WE,Federal Contract Tower,12,0,11,2,25,0,2,42,10,54,12,2,53,12,79,60,56,116,195
09/05/2008,VCV,CA,AWP,WE,Federal Contract Tower,13,0,4,2,19,0,1,34,19,54,13,1,38,21,73,50,82,132,205
09/06/2008,VCV,CA,AWP,WE,Federal Contract Tower,5,0,8,4,17,0,0,24,34,58,5,0,32,38,75,14,86,100,175
09/07/2008,VCV,CA,AWP,WE,Federal Contract Tower,1,0,1,0,2,0,4,25,15,44,1,4,26,15,46,20,86,106,152
09/08/2008,VCV,CA,AWP,WE,Federal Contract Tower,0,0,4,3,7,0,2,17,10,29,0,2,21,13,36,18,58,76,112
09/09/2008,VCV,CA,AWP,WE,Federal Contract Tower,1,0,15,3,19,0,0,84,20,104,1,0,99,23,123,108,44,152,275
09/10/2008,VCV,CA,AWP,WE,Federal Contract Tower,3,0,5,1,9,0,2,56,6,64,3,2,61,7,73,56,54,110,183
09/11/2008,VCV,CA,AWP,WE,Federal Contract Tower,3,0,11,0,14,0,2,81,9,92,3,2,92,9,106,120,28,148,254
09/12/2008,VCV,CA,AWP,WE,Federal Contract Tower,0,0,1,3,4,0,1,71,19,91,0,1,72,22,95,96,78,174,269
09/13/2008,VCV,CA,AWP,WE,Federal Contract Tower,7,0,2,3,12,1,2,26,18,47,8,2,28,21,59,10,158,168,227
09/14/2008,VCV,CA,AWP,WE,Federal Contract Tower,1,0,2,1,4,0,3,14,20,37,1,3,16,21,41,0,150,150,191
09/15/2008,VCV,CA,AWP,WE,Federal Contract Tower,0,0,1,3,4,0,1,35,12,48,0,1,36,15,52,16,0,16,68
09/16/2008,VCV,CA,AWP,WE,Federal Contract Tower,1,0,4,0,5,0,0,64,8,72,1,0,68,8,77,68,78,146,223
09/17/2008,VCV,CA,AWP,WE,Federal Contract Tower,5,0,10,6,21,0,0,45,12,57,5,0,55,18,78,36,62,98,176
09/18/2008,VCV,CA,AWP,WE,Federal Contract Tower,2,0,10,2,14,0,4,42,8,54,2,4,52,10,68,36,42,78,146
09/19/2008,VCV,CA,AWP,WE,Federal Contract Tower,2,0,10,11,23,0,2,44,9,55,2,2,54,20,78,82,96,178,256
09/20/2008,VCV,CA,AWP,WE,Federal Contract Tower,1,0,12,0,13,0,3,74,4,81,1,3,86,4,94,82,30,112,206
09/21/2008,VCV,CA,AWP,WE,Federal Contract Tower,0,0,0,0,0,0,1,47,4,52,0,1,47,4,52,40,28,68,120
09/22/2008,VCV,CA,AWP,WE,Federal Contract Tower,0,0,16,6,22,0,4,28,15,47,0,4,44,21,69,0,28,28,97
09/23/2008,VCV,CA,AWP,WE,Federal Contract Tower,1,0,2,1,4,0,0,62,6,68,1,0,64,7,72,26,30,56,128
09/24/2008,VCV,CA,AWP,WE,Federal Contract Tower,0,0,5,4,9,0,1,85,30,116,0,1,90,34,125,104,50,154,279
09/25/2008,VCV,CA,AWP,WE,Federal Contract Tower,3,1,2,12,18,0,3,81,16,100,3,4,83,28,118,112,64,176,294
09/26/2008,VCV,CA,AWP,WE,Federal Contract Tower,7,0,3,6,16,0,3,63,30,96,7,3,66,36,112,0,62,62,174
09/27/2008,VCV,CA,AWP,WE,Federal Contract Tower,4,0,5,0,9,0,1,36,36,73,4,1,41,36,82,90,116,206,288
09/28/2008,VCV,CA,AWP,WE,Federal Contract Tower,2,0,4,0,6,0,5,37,22,64,2,5,41,22,70,10,102,112,182
09/29/2008,VCV,CA,AWP,WE,Federal Contract Tower,0,0,17,4,21,0,2,34,16,52,0,2,51,20,73,4,32,36,109
09/30/2008,VCV,CA,AWP,WE,Federal Contract Tower,7,0,8,6,21,0,7,27,27,61,7,7,35,33,82,12,94,106,188
10/01/2008,VCV,CA,AWP,WE,Federal Contract Tower,26,1,7,3,37,0,3,81,16,100,26,4,88,19,137,54,98,152,289
10/02/2008,VCV,CA,AWP,WE,Federal Contract Tower,23,0,3,1,27,0,7,52,18,77,23,7,55,19,104,64,104,168,272
10/03/2008,VCV,CA,AWP,WE,Federal Contract Tower,30,0,2,3,35,0,2,46,34,82,30,2,48,37,117,28,158,186,303
10/04/2008,VCV,CA,AWP,WE,Federal Contract Tower,16,3,4,2,25,0,2,8,15,25,16,5,12,17,50,14,28,42,92
10/05/2008,VCV,CA,AWP,WE,Federal Contract Tower,0,0,19,10,29,0,2,48,24,74,0,2,67,34,103,46,66,112,215
10/06/2008,VCV,CA,AWP,WE,Federal Contract Tower,0,0,5,1,6,0,4,41,37,82,0,4,46,38,88,38,126,164,252
10/07/2008,VCV,CA,AWP,WE,Federal Contract Tower,1,0,2,0,3,0,2,46,32,80,1,2,48,32,83,64,120,184,267
10/08/2008,VCV,CA,AWP,WE,Federal Contract Tower,2,0,2,6,10,0,4,33,16,53,2,4,35,22,63,56,92,148,211
10/09/2008,VCV,CA,AWP,WE,Federal Contract Tower,1,0,0,7,8,0,2,102,36,140,1,2,102,43,148,140,62,202,350
10/10/2008,VCV,CA,AWP,WE,Federal Contract Tower,2,0,3,4,9,0,2,64,28,94,2,2,67,32,103,88,44,132,235
10/11/2008,VCV,CA,AWP,WE,Federal Contract Tower,0,0,5,0,5,0,2,79,13,94,0,2,84,13,99,114,70,184,283
10/12/2008,VCV,CA,AWP,WE,Federal Contract Tower,1,0,1,0,2,0,2,82,14,98,1,2,83,14,100,110,50,160,260
10/13/2008,VCV,CA,AWP,WE,Federal Contract Tower,1,0,0,0,1,0,9,63,9,81,1,9,63,9,82,68,40,108,190
10/14/2008,VCV,CA,AWP,WE,Federal Contract Tower,2,0,0,0,2,0,1,87,20,108,2,1,87,20,110,116,58,174,284
10/15/2008,VCV,CA,AWP,WE,Federal Contract Tower,0,0,0,4,4,1,1,51,18,71,1,1,51,22,75,64,160,224,299
10/16/2008,VCV,CA,AWP,WE,Federal Contract Tower,2,0,1,4,7,0,3,50,20,73,2,3,51,24,80,66,108,174,254
10/17/2008,VCV,CA,AWP,WE,Federal Contract Tower,1,0,5,0,6,0,4,45,8,57,1,4,50,8,63,62,46,108,171
10/18/2008,VCV,CA,AWP,WE,Federal Contract Tower,0,0,5,0,5,0,0,50,5,55,0,0,55,5,60,24,48,72,132
10/19/2008,VCV,CA,AWP,WE,Federal Contract Tower,0,0,12,0,12,0,0,29,0,29,0,0,41,0,41,0,0,0,41
10/20/2008,VCV,CA,AWP,WE,Federal Contract Tower,2,1,2,7,12,2,2,17,17,38,4,3,19,24,50,0,72,72,122
10/21/2008,VCV,CA,AWP,WE,Federal Contract Tower,0,2,12,8,22,0,2,58,12,72,0,4,70,20,94,86,66,152,246
10/22/2008,VCV,CA,AWP,WE,Federal Contract Tower,1,3,2,1,7,0,0,58,13,71,1,3,60,14,78,66,106,172,250
10/23/2008,VCV,CA,AWP,WE,Federal Contract Tower,2,0,4,3,9,0,2,48,10,60,2,2,52,13,69,108,52,160,229
10/24/2008,VCV,CA,AWP,WE,Federal Contract Tower,2,0,12,0,14,0,2,39,13,54,2,2,51,13,68,30,92,122,190
10/25/2008,VCV,CA,AWP,WE,Federal Contract Tower,3,2,12,0,17,2,4,64,38,108,5,6,76,38,125,64,126,190,315
10/26/2008,VCV,CA,AWP,WE,Federal Contract Tower,7,0,7,0,14,2,7,21,20,50,9,7,28,20,64,4,157,161,225
10/27/2008,VCV,CA,AWP,WE,Federal Contract Tower,6,1,10,0,17,0,2,30,12,44,6,3,40,12,61,6,0,6,67
10/28/2008,VCV,CA,AWP,WE,Federal Contract Tower,12,0,9,3,24,0,4,39,11,54,12,4,48,14,78,16,22,38,116
10/29/2008,VCV,CA,AWP,WE,Federal Contract Tower,33,0,0,3,36,0,1,81,9,91,33,1,81,12,127,116,80,196,323
10/30/2008,VCV,CA,AWP,WE,Federal Contract Tower,15,0,4,4,23,0,4,28,9,41,15,4,32,13,64,38,54,92,156
10/31/2008,VCV,CA,AWP,WE,Federal Contract Tower,12,0,4,0,16,0,14,41,6,61,12,14,45,6,77,32,56,88,165
11/01/2008,VCV,CA,AWP,WE,Federal Contract Tower,0,0,7,0,7,0,3,32,0,35,0,3,39,0,42,38,0,38,80
11/02/2008,VCV,CA,AWP,WE,Federal Contract Tower,4,0,5,3,12,0,5,45,5,55,4,5,50,8,67,34,40,74,141
11/03/2008,VCV,CA,AWP,WE,Federal Contract Tower,6,1,4,3,14,0,10,82,36,128,6,11,86,39,142,106,74,180,322
11/04/2008,VCV,CA,AWP,WE,Federal Contract Tower,2,0,6,5,13,0,6,62,12,80,2,6,68,17,93,88,38,126,219
11/05/2008,VCV,CA,AWP,WE,Federal Contract Tower,1,0,4,4,9,0,7,64,17,88,1,7,68,21,97,74,74,148,245
11/06/2008,VCV,CA,AWP,WE,Federal Contract Tower,0,1,3,3,7,2,9,41,10,62,2,10,44,13,69,58,72,130,199
11/07/2008,VCV,CA,AWP,WE,Federal Contract Tower,1,0,7,0,8,0,4,39,7,50,1,4,46,7,58,4,34,38,96
11/08/2008,VCV,CA,AWP,WE,Federal Contract Tower,1,0,10,0,11,0,6,76,5,87,1,6,86,5,98,8,32,40,138
11/09/2008,VCV,CA,AWP,WE,Federal Contract Tower,2,0,4,0,6,0,3,9,0,12,2,3,13,0,18,2,0,2,20
11/10/2008,VCV,CA,AWP,WE,Federal Contract Tower,6,0,10,6,22,0,0,27,13,40,6,0,37,19,62,28,30,58,120
11/11/2008,VCV,CA,AWP,WE,Federal Contract Tower,4,0,4,2,10,0,1,11,5,17,4,1,15,7,27,30,0,30,57
11/12/2008,VCV,CA,AWP,WE,Federal Contract Tower,8,0,7,0,15,0,3,42,9,54,8,3,49,9,69,34,34,68,137
11/13/2008,VCV,CA,AWP,WE,Federal Contract Tower,9,4,4,7,24,11,0,57,8,76,20,4,61,15,100,28,30,58,158
11/14/2008,VCV,CA,AWP,WE,Federal Contract Tower,5,0,8,0,13,5,2,54,2,63,10,2,62,2,76,84,30,114,190
11/15/2008,VCV,CA,AWP,WE,Federal Contract Tower,1,0,11,1,13,0,3,62,0,65,1,3,73,1,78,60,0,60,138
11/16/2008,VCV,CA,AWP,WE,Federal Contract Tower,0,0,4,2,6,0,6,68,0,74,0,6,72,2,80,28,16,44,124
11/17/2008,VCV,CA,AWP,WE,Federal Contract Tower,5,0,5,3,13,0,3,61,4,68,5,3,66,7,81,80,46,126,207
11/18/2008,VCV,CA,AWP,WE,Federal Contract Tower,7,0,2,1,10,0,7,22,2,31,7,7,24,3,41,4,0,4,45
11/19/2008,VCV,CA,AWP,WE,Federal Contract Tower,1,0,11,0,12,0,2,48,2,52,1,2,59,2,64,32,0,32,96
11/20/2008,VCV,CA,AWP,WE,Federal Contract Tower,3,0,0,5,8,0,1,20,8,29,3,1,20,13,37,2,10,12,49
11/21/2008,VCV,CA,AWP,WE,Federal Contract Tower,0,0,1,4,5,0,2,54,4,60,0,2,55,8,65,54,42,96,161
11/22/2008,VCV,CA,AWP,WE,Federal Contract Tower,0,0,4,0,4,0,3,55,9,67,0,3,59,9,71,12,48,60,131
11/23/2008,VCV,CA,AWP,WE,Federal Contract Tower,1,0,4,2,7,0,3,37,2,42,1,3,41,4,49,22,0,22,71
11/24/2008,VCV,CA,AWP,WE,Federal Contract Tower,8,0,9,3,20,0,4,34,5,43,8,4,43,8,63,20,0,20,83
11/25/2008,VCV,CA,AWP,WE,Federal Contract Tower,4,0,4,3,11,0,2,19,8,29,4,2,23,11,40,20,0,20,60
11/26/2008,VCV,CA,AWP,WE,Federal Contract Tower,5,0,5,1,11,0,2,7,2,11,5,2,12,3,22,12,0,12,34
11/27/2008,VCV,CA,AWP,WE,Federal Contract Tower,2,0,10,0,12,0,0,8,0,8,2,0,18,0,20,2,0,2,22
11/28/2008,VCV,CA,AWP,WE,Federal Contract Tower,2,0,0,0,2,0,1,17,0,18,2,1,17,0,20,26,0,26,46
11/29/2008,VCV,CA,AWP,WE,Federal Contract Tower,0,0,2,0,2,0,1,53,2,56,0,1,55,2,58,80,14,94,152
11/30/2008,VCV,CA,AWP,WE,Federal Contract Tower,0,0,4,0,4,0,2,10,0,12,0,2,14,0,16,22,0,22,38
12/01/2008,VCV,CA,AWP,WE,Federal Contract Tower,0,0,2,3,5,0,2,24,10,36,0,2,26,13,41,46,0,46,87
12/02/2008,VCV,CA,AWP,WE,Federal Contract Tower,0,0,8,1,9,0,1,31,0,32,0,1,39,1,41,16,0,16,57
12/03/2008,VCV,CA,AWP,WE,Federal Contract Tower,3,0,4,4,11,0,7,39,7,53,3,7,43,11,64,32,46,78,142
12/04/2008,VCV,CA,AWP,WE,Federal Contract Tower,6,0,9,3,18,0,0,46,6,52,6,0,55,9,70,39,36,75,145
12/05/2008,VCV,CA,AWP,WE,Federal Contract Tower,3,0,5,2,10,0,4,31,3,38,3,4,36,5,48,34,4,38,86
12/06/2008,VCV,CA,AWP,WE,Federal Contract Tower,4,0,12,0,16,0,4,77,7,88,4,4,89,7,104,68,34,102,206
12/07/2008,VCV,CA,AWP,WE,Federal Contract Tower,2,0,1,0,3,0,11,27,1,39,2,11,28,1,42,66,8,74,116
12/08/2008,VCV,CA,AWP,WE,Federal Contract Tower,1,0,7,0,8,0,2,33,0,35,1,2,40,0,43,8,0,8,51
12/09/2008,VCV,CA,AWP,WE,Federal Contract Tower,0,0,3,0,3,0,5,45,4,54,0,5,48,4,57,74,58,132,189
12/10/2008,VCV,CA,AWP,WE,Federal Contract Tower,1,0,8,6,15,0,3,22,11,36,1,3,30,17,51,2,10,12,63
12/11/2008,VCV,CA,AWP,WE,Federal Contract Tower,1,0,14,2,17,0,2,46,0,48,1,2,60,2,65,12,8,20,85
12/12/2008,VCV,CA,AWP,WE,Federal Contract Tower,1,0,4,5,10,0,1,30,5,36,1,1,34,10,46,0,42,42,88
12/13/2008,VCV,CA,AWP,WE,Federal Contract Tower,0,0,3,0,3,0,3,30,5,38,0,3,33,5,41,26,36,62,103
12/14/2008,VCV,CA,AWP,WE,Federal Contract Tower,0,0,4,0,4,0,2,31,0,33,0,2,35,0,37,62,0,62,99
12/15/2008,VCV,CA,AWP,WE,Federal Contract Tower,0,0,2,0,2,0,0,0,0,0,0,0,2,0,2,0,0,0,2
12/16/2008,VCV,CA,AWP,WE,Federal Contract Tower,0,0,13,1,14,0,3,38,4,45,0,3,51,5,59,86,24,110,169
12/17/2008,VCV,CA,AWP,WE,Federal Contract Tower,0,0,0,0,0,0,0,0,0,0,0,0,0,0,0,0,0,0,0
12/18/2008,VCV,CA,AWP,WE,Federal Contract Tower,0,0,0,12,12,0,2,30,12,44,0,2,30,24,56,24,8,32,88
12/19/2008,VCV,CA,AWP,WE,Federal Contract Tower,0,0,0,0,0,0,2,42,5,49,0,2,42,5,49,52,38,90,139
12/20/2008,VCV,CA,AWP,WE,Federal Contract Tower,0,0,0,0,0,0,4,63,4,71,0,4,63,4,71,60,42,102,173
12/21/2008,VCV,CA,AWP,WE,Federal Contract Tower,1,0,3,0,4,0,6,26,2,34,1,6,29,2,38,34,12,46,84
12/22/2008,VCV,CA,AWP,WE,Federal Contract Tower,2,0,7,0,9,0,0,12,0,12,2,0,19,0,21,2,0,2,23
12/23/2008,VCV,CA,AWP,WE,Federal Contract Tower,0,0,3,0,3,0,2,18,0,20,0,2,21,0,23,0,0,0,23
12/24/2008,VCV,CA,AWP,WE,Federal Contract Tower,0,0,6,1,7,0,2,1,2,5,0,2,7,3,12,8,0,8,20
12/25/2008,VCV,CA,AWP,WE,Federal Contract Tower,0,0,0,0,0,0,4,34,0,38,0,4,34,0,38,74,0,74,112
12/26/2008,VCV,CA,AWP,WE,Federal Contract Tower,0,0,2,0,2,0,1,11,0,12,0,1,13,0,14,28,0,28,42
12/27/2008,VCV,CA,AWP,WE,Federal Contract Tower,0,0,2,0,2,0,2,62,4,68,0,2,64,4,70,76,30,106,176
12/28/2008,VCV,CA,AWP,WE,Federal Contract Tower,1,0,8,0,9,0,7,31,0,38,1,7,39,0,47,38,0,38,85
12/29/2008,VCV,CA,AWP,WE,Federal Contract Tower,2,0,2,3,7,0,1,25,2,28,2,1,27,5,35,10,8,18,53
12/30/2008,VCV,CA,AWP,WE,Federal Contract Tower,0,0,8,3,11,0,2,27,3,32,0,2,35,6,43,4,0,4,47
12/31/2008,VCV,CA,AWP,WE,Federal Contract Tower,2,0,10,0,12,0,0,28,5,33,2,0,38,5,45,30,0,30,75
01/01/2009,VCV,CA,AWP,WE,Federal Contract Tower,0,0,0,0,0,0,0,6,0,6,0,0,6,0,6,4,0,4,10
01/02/2009,VCV,CA,AWP,WE,Federal Contract Tower,2,0,8,0,10,0,2,22,0,24,2,2,30,0,34,0,0,0,34
01/03/2009,VCV,CA,AWP,WE,Federal Contract Tower,1,0,6,0,7,0,5,63,2,70,1,5,69,2,77,96,16,112,189
01/04/2009,VCV,CA,AWP,WE,Federal Contract Tower,5,0,0,0,5,0,2,19,0,21,5,2,19,0,26,30,0,30,56
01/05/2009,VCV,CA,AWP,WE,Federal Contract Tower,0,0,2,1,3,0,1,23,1,25,0,1,25,2,28,2,22,24,52
01/06/2009,VCV,CA,AWP,WE,Federal Contract Tower,6,0,7,2,15,0,2,35,2,39,6,2,42,4,54,2,26,28,82
01/07/2009,VCV,CA,AWP,WE,Federal Contract Tower,7,0,9,3,19,0,2,29,0,31,7,2,38,3,50,34,0,34,84
01/08/2009,VCV,CA,AWP,WE,Federal Contract Tower,8,0,9,5,22,0,1,26,9,36,8,1,35,14,58,10,6,16,74
01/09/2009,VCV,CA,AWP,WE,Federal Contract Tower,12,0,5,6,23,2,0,27,10,39,14,0,32,16,62,10,0,10,72
01/10/2009,VCV,CA,AWP,WE,Federal Contract Tower,7,0,0,4,11,0,3,9,3,15,7,3,9,7,26,40,22,62,88
01/11/2009,VCV,CA,AWP,WE,Federal Contract Tower,6,1,4,0,11,0,4,10,0,14,6,5,14,0,25,0,6,6,31
01/12/2009,VCV,CA,AWP,WE,Federal Contract Tower,3,0,3,4,10,0,0,18,9,27,3,0,21,13,37,4,2,6,43
01/13/2009,VCV,CA,AWP,WE,Federal Contract Tower,2,0,0,7,9,0,2,11,13,26,2,2,11,20,35,0,4,4,39
01/14/2009,VCV,CA,AWP,WE,Federal Contract Tower,4,0,7,0,11,0,1,19,8,28,4,1,26,8,39,52,0,52,91
01/15/2009,VCV,CA,AWP,WE,Federal Contract Tower,1,0,5,0,6,0,0,24,1,25,1,0,29,1,31,2,0,2,33
01/16/2009,VCV,CA,AWP,WE,Federal Contract Tower,1,0,4,3,8,0,1,11,2,14,1,1,15,5,22,0,16,16,38
01/17/2009,VCV,CA,AWP,WE,Federal Contract Tower,0,0,0,0,0,0,1,48,4,53,0,1,48,4,53,44,26,70,123
01/18/2009,VCV,CA,AWP,WE,Federal Contract Tower,0,0,2,0,2,0,5,32,1,38,0,5,34,1,40,36,6,42,82
01/19/2009,VCV,CA,AWP,WE,Federal Contract Tower,0,0,1,0,1,0,2,38,0,40,0,2,39,0,41,36,0,36,77
01/20/2009,VCV,CA,AWP,WE,Federal Contract Tower,1,0,14,3,18,0,4,47,8,59,1,4,61,11,77,0,40,40,117
01/21/2009,VCV,CA,AWP,WE,Federal Contract Tower,1,0,8,6,15,0,2,29,9,40,1,2,37,15,55,24,6,30,85
01/22/2009,VCV,CA,AWP,WE,Federal Contract Tower,2,0,3,6,11,0,1,11,10,22,2,1,14,16,33,2,2,4,37
01/23/2009,VCV,CA,AWP,WE,Federal Contract Tower,0,0,2,0,2,0,3,52,8,63,0,3,54,8,65,26,42,68,133
01/24/2009,VCV,CA,AWP,WE,Federal Contract Tower,0,1,4,2,7,0,4,70,3,77,0,5,74,5,84,78,18,96,180
01/25/2009,VCV,CA,AWP,WE,Federal Contract Tower,0,0,5,1,6,0,2,23,0,25,0,2,28,1,31,0,0,0,31
01/26/2009,VCV,CA,AWP,WE,Federal Contract Tower,3,0,6,3,12,0,5,42,11,58,3,5,48,14,70,48,20,68,138
01/27/2009,VCV,CA,AWP,WE,Federal Contract Tower,0,0,2,4,6,0,4,18,7,29,0,4,20,11,35,32,24,56,91
01/28/2009,VCV,CA,AWP,WE,Federal Contract Tower,3,0,3,4,10,0,2,8,10,20,3,2,11,14,30,0,0,0,30
01/29/2009,VCV,CA,AWP,WE,Federal Contract Tower,1,0,2,0,3,0,6,47,6,59,1,6,49,6,62,44,36,80,142
01/30/2009,VCV,CA,AWP,WE,Federal Contract Tower,2,0,2,2,6,0,2,56,2,60,2,2,58,4,66,24,20,44,110
01/31/2009,VCV,CA,AWP,WE,Federal Contract Tower,0,0,3,0,3,0,6,53,3,62,0,6,56,3,65,92,20,112,177
02/01/2009,VCV,CA,AWP,WE,Federal Contract Tower,0,0,2,0,2,0,4,33,2,39,0,4,35,2,41,52,8,60,101
02/02/2009,VCV,CA,AWP,WE,Federal Contract Tower,6,0,5,1,12,0,5,29,5,39,6,5,34,6,51,14,0,14,65
02/03/2009,VCV,CA,AWP,WE,Federal Contract Tower,10,0,1,3,14,0,0,26,1,27,10,0,27,4,41,12,0,12,53
02/04/2009,VCV,CA,AWP,WE,Federal Contract Tower,15,0,4,10,29,0,1,28,12,41,15,1,32,22,70,50,24,74,144
02/05/2009,VCV,CA,AWP,WE,Federal Contract Tower,14,0,0,3,17,0,2,39,7,48,14,2,39,10,65,22,24,46,111
02/06/2009,VCV,CA,AWP,WE,Federal Contract Tower,23,1,5,0,29,0,0,53,2,55,23,1,58,2,84,52,26,78,162
02/07/2009,VCV,CA,AWP,WE,Federal Contract Tower,12,0,3,0,15,0,0,49,0,49,12,0,52,0,64,54,0,54,118
02/08/2009,VCV,CA,AWP,WE,Federal Contract Tower,12,0,9,0,21,0,2,26,0,28,12,2,35,0,49,0,0,0,49
02/09/2009,VCV,CA,AWP,WE,Federal Contract Tower,3,0,2,0,5,0,0,5,2,7,3,0,7,2,12,16,0,16,28
02/10/2009,VCV,CA,AWP,WE,Federal Contract Tower,0,0,9,4,13,0,0,30,4,34,0,0,39,8,47,22,14,36,83
02/11/2009,VCV,CA,AWP,WE,Federal Contract Tower,3,0,15,5,23,0,0,48,1,49,3,0,63,6,72,20,16,36,108
02/12/2009,VCV,CA,AWP,WE,Federal Contract Tower,3,1,13,2,19,0,1,20,5,26,3,2,33,7,45,0,0,0,45
02/13/2009,VCV,CA,AWP,WE,Federal Contract Tower,1,1,2,0,4,0,2,30,0,32,1,3,32,0,36,28,0,28,64
02/14/2009,VCV,CA,AWP,WE,Federal Contract Tower,2,0,9,0,11,0,3,30,6,39,2,3,39,6,50,0,2,2,52
02/15/2009,VCV,CA,AWP,WE,Federal Contract Tower,0,0,0,0,0,0,2,2,0,4,0,2,2,0,4,2,0,2,6
02/16/2009,VCV,CA,AWP,WE,Federal Contract Tower,2,1,0,0,3,0,0,0,0,0,2,1,0,0,3,0,0,0,3
02/17/2009,VCV,CA,AWP,WE,Federal Contract Tower,7,1,2,3,13,0,0,38,7,45,7,1,40,10,58,22,42,64,122
02/18/2009,VCV,CA,AWP,WE,Federal Contract Tower,3,0,4,3,10,0,1,12,0,13,3,1,16,3,23,0,12,12,35
02/19/2009,VCV,CA,AWP,WE,Federal Contract Tower,2,0,7,7,16,0,1,24,20,45,2,1,31,27,61,12,140,152,213
02/20/2009,VCV,CA,AWP,WE,Federal Contract Tower,1,0,4,0,5,0,2,25,0,27,1,2,29,0,32,2,0,2,34
02/21/2009,VCV,CA,AWP,WE,Federal Contract Tower,0,0,11,0,11,0,3,69,0,72,0,3,80,0,83,68,0,68,151
02/22/2009,VCV,CA,AWP,WE,Federal Contract Tower,0,0,8,0,8,0,3,25,0,28,0,3,33,0,36,2,0,2,38
02/23/2009,VCV,CA,AWP,WE,Federal Contract Tower,2,0,3,4,9,0,2,20,0,22,2,2,23,4,31,4,0,4,35
02/24/2009,VCV,CA,AWP,WE,Federal Contract Tower,2,0,9,2,13,0,0,26,4,30,2,0,35,6,43,6,4,10,53
02/25/2009,VCV,CA,AWP,WE,Federal Contract Tower,2,0,6,2,10,0,0,28,7,35,2,0,34,9,45,70,28,98,143
02/26/2009,VCV,CA,AWP,WE,Federal Contract Tower,1,0,6,4,11,0,3,14,8,25,1,3,20,12,36,6,6,12,48
02/27/2009,VCV,CA,AWP,WE,Federal Contract Tower,5,0,6,1,12,0,3,32,2,37,5,3,38,3,49,22,0,22,71
02/28/2009,VCV,CA,AWP,WE,Federal Contract Tower,10,0,22,0,32,0,0,65,2,67,10,0,87,2,99,78,6,84,183
03/01/2009,VCV,CA,AWP,WE,Federal Contract Tower,2,0,4,0,6,0,6,38,0,44,2,6,42,0,50,46,0,46,96
03/02/2009,VCV,CA,AWP,WE,Federal Contract Tower,1,0,8,2,11,0,0,22,6,28,1,0,30,8,39,12,0,12,51
03/03/2009,VCV,CA,AWP,WE,Federal Contract Tower,1,0,0,1,2,0,0,52,4,56,1,0,52,5,58,38,56,94,152
03/04/2009,VCV,CA,AWP,WE,Federal Contract Tower,3,0,3,3,9,0,0,31,1,32,3,0,34,4,41,42,12,54,95
03/05/2009,VCV,CA,AWP,WE,Federal Contract Tower,8,0,1,2,11,0,4,63,5,72,8,4,64,7,83,52,32,84,167
03/06/2009,VCV,CA,AWP,WE,Federal Contract Tower,24,0,5,1,30,0,2,52,5,59,24,2,57,6,89,8,20,28,117
03/07/2009,VCV,CA,AWP,WE,Federal Contract Tower,7,0,10,0,17,0,3,19,0,22,7,3,29,0,39,32,0,32,71
03/08/2009,VCV,CA,AWP,WE,Federal Contract Tower,7,0,12,0,19,0,2,17,0,19,7,2,29,0,38,0,0,0,38
03/09/2009,VCV,CA,AWP,WE,Federal Contract Tower,12,0,8,3,23,0,6,44,8,58,12,6,52,11,81,34,38,72,153
03/10/2009,VCV,CA,AWP,WE,Federal Contract Tower,6,0,24,1,31,0,1,61,2,64,6,1,85,3,95,54,32,86,181
03/11/2009,VCV,CA,AWP,WE,Federal Contract Tower,8,0,21,0,29,0,3,52,2,57,8,3,73,2,86,18,0,18,104
03/12/2009,VCV,CA,AWP,WE,Federal Contract Tower,4,0,6,0,10,0,3,38,2,43,4,3,44,2,53,24,0,24,77
03/13/2009,VCV,CA,AWP,WE,Federal Contract Tower,5,0,3,4,12,0,2,35,11,48,5,2,38,15,60,4,14,18,78
03/14/2009,VCV,CA,AWP,WE,Federal Contract Tower,3,0,7,0,10,0,6,56,0,62,3,6,63,0,72,50,0,50,122
03/15/2009,VCV,CA,AWP,WE,Federal Contract Tower,0,0,4,0,4,0,4,22,1,27,0,4,26,1,31,26,0,26,57
03/16/2009,VCV,CA,AWP,WE,Federal Contract Tower,0,0,26,1,27,0,5,64,1,70,0,5,90,2,97,96,0,96,193
03/17/2009,VCV,CA,AWP,WE,Federal Contract Tower,4,0,6,1,11,0,0,22,4,26,4,0,28,5,37,8,8,16,53
03/18/2009,VCV,CA,AWP,WE,Federal Contract Tower,4,0,8,3,15,0,1,52,6,59,4,1,60,9,74,16,0,16,90
03/19/2009,VCV,CA,AWP,WE,Federal Contract Tower,3,0,13,3,19,0,4,47,1,52,3,4,60,4,71,54,0,54,125
03/20/2009,VCV,CA,AWP,WE,Federal Contract Tower,4,0,2,4,10,0,6,55,1,62,4,6,57,5,72,32,8,40,112
03/21/2009,VCV,CA,AWP,WE,Federal Contract Tower,1,0,10,0,11,0,2,64,0,66,1,2,74,0,77,52,0,52,129
03/22/2009,VCV,CA,AWP,WE,Federal Contract Tower,9,1,0,0,10,0,0,0,0,0,9,1,0,0,10,0,0,0,10
03/23/2009,VCV,CA,AWP,WE,Federal Contract Tower,1,2,7,2,12,0,4,31,3,38,1,6,38,5,50,8,0,8,58
03/24/2009,VCV,CA,AWP,WE,Federal Contract Tower,0,0,10,2,12,0,1,22,3,26,0,1,32,5,38,0,0,0,38
03/25/2009,VCV,CA,AWP,WE,Federal Contract Tower,1,0,12,4,17,0,2,36,8,46,1,2,48,12,63,30,3,33,96
03/26/2009,VCV,CA,AWP,WE,Federal Contract Tower,1,0,12,4,17,0,7,64,3,74,1,7,76,7,91,70,0,70,161
03/27/2009,VCV,CA,AWP,WE,Federal Contract Tower,0,0,8,1,9,0,5,36,0,41,0,5,44,1,50,34,0,34,84
03/28/2009,VCV,CA,AWP,WE,Federal Contract Tower,5,0,9,1,15,0,4,62,0,66,5,4,71,1,81,54,0,54,135
03/29/2009,VCV,CA,AWP,WE,Federal Contract Tower,3,0,3,1,7,0,9,59,4,72,3,9,62,5,79,58,0,58,137
03/30/2009,VCV,CA,AWP,WE,Federal Contract Tower,1,0,10,0,11,0,6,46,13,65,1,6,56,13,76,52,2,54,130
03/31/2009,VCV,CA,AWP,WE,Federal Contract Tower,14,0,6,7,27,0,3,34,4,41,14,3,40,11,68,28,6,34,102
04/01/2009,VCV,CA,AWP,WE,Federal Contract Tower,12,0,9,3,24,0,2,21,7,30,12,2,30,10,54,52,0,52,106
04/02/2009,VCV,CA,AWP,WE,Federal Contract Tower,17,0,1,0,18,0,4,64,4,72,17,4,65,4,90,54,34,88,178
04/03/2009,VCV,CA,AWP,WE,Federal Contract Tower,8,0,1,0,9,0,3,36,2,41,8,3,37,2,50,16,30,46,96
04/04/2009,VCV,CA,AWP,WE,Federal Contract Tower,7,0,1,0,8,0,3,19,0,22,7,3,20,0,30,42,0,42,72
04/05/2009,VCV,CA,AWP,WE,Federal Contract Tower,7,0,6,0,13,0,6,45,4,55,7,6,51,4,68,0,28,28,96
04/06/2009,VCV,CA,AWP,WE,Federal Contract Tower,3,0,10,9,22,0,7,83,4,94,3,7,93,13,116,16,28,44,160
04/07/2009,VCV,CA,AWP,WE,Federal Contract Tower,6,0,12,6,24,0,2,23,3,28,6,2,35,9,52,18,12,30,82
04/08/2009,VCV,CA,AWP,WE,Federal Contract Tower,0,0,3,1,4,0,7,52,8,67,0,7,55,9,71,50,32,82,153
04/09/2009,VCV,CA,AWP,WE,Federal Contract Tower,5,0,9,3,17,0,8,65,4,77,5,8,74,7,94,58,22,80,174
04/10/2009,VCV,CA,AWP,WE,Federal Contract Tower,4,0,8,4,16,0,7,63,5,75,4,7,71,9,91,58,44,102,193
04/11/2009,VCV,CA,AWP,WE,Federal Contract Tower,8,0,12,4,24,0,8,47,6,61,8,8,59,10,85,44,32,76,161
04/12/2009,VCV,CA,AWP,WE,Federal Contract Tower,1,0,0,0,1,0,9,32,0,41,1,9,32,0,42,34,0,34,76
04/13/2009,VCV,CA,AWP,WE,Federal Contract Tower,3,0,3,4,10,0,15,39,17,71,3,15,42,21,81,8,0,8,89
04/14/2009,VCV,CA,AWP,WE,Federal Contract Tower,9,0,6,8,23,0,2,19,9,30,9,2,25,17,53,0,28,28,81
04/15/2009,VCV,CA,AWP,WE,Federal Contract Tower,11,0,0,6,17,0,2,51,0,53,11,2,51,6,70,28,10,38,108
04/16/2009,VCV,CA,AWP,WE,Federal Contract Tower,8,0,4,2,14,0,2,48,18,68,8,2,52,20,82,32,30,62,144
04/17/2009,VCV,CA,AWP,WE,Federal Contract Tower,9,2,5,9,25,0,0,42,15,57,9,2,47,24,82,14,0,14,96
04/18/2009,VCV,CA,AWP,WE,Federal Contract Tower,1,0,6,0,7,0,4,53,3,60,1,4,59,3,67,54,24,78,145
04/19/2009,VCV,CA,AWP,WE,Federal Contract Tower,3,2,5,1,11,0,0,36,1,37,3,2,41,2,48,24,0,24,72
04/20/2009,VCV,CA,AWP,WE,Federal Contract Tower,4,2,1,0,7,0,13,42,4,59,4,15,43,4,66,6,0,6,72
04/21/2009,VCV,CA,AWP,WE,Federal Contract Tower,6,0,2,5,13,0,6,57,7,70,6,6,59,12,83,36,38,74,157
04/22/2009,VCV,CA,AWP,WE,Federal Contract Tower,2,0,2,7,11,0,3,25,9,37,2,3,27,16,48,18,12,30,78
04/23/2009,VCV,CA,AWP,WE,Federal Contract Tower,2,0,3,6,11,0,4,11,15,30,2,4,14,21,41,6,14,20,61
04/24/2009,VCV,CA,AWP,WE,Federal Contract Tower,0,0,3,5,8,1,6,12,5,24,1,6,15,10,32,0,2,2,34
04/25/2009,VCV,CA,AWP,WE,Federal Contract Tower,1,0,2,0,3,0,3,0,0,3,1,3,2,0,6,0,0,0,6
04/26/2009,VCV,CA,AWP,WE,Federal Contract Tower,3,0,5,0,8,0,3,14,0,17,3,3,19,0,25,10,1,11,36
04/27/2009,VCV,CA,AWP,WE,Federal Contract Tower,1,0,4,3,8,0,2,18,1,21,1,2,22,4,29,6,0,6,35
04/28/2009,VCV,CA,AWP,WE,Federal Contract Tower,3,0,4,1,8,0,2,11,3,16,3,2,15,4,24,0,16,16,40
04/29/2009,VCV,CA,AWP,WE,Federal Contract Tower,0,1,8,4,13,0,0,27,9,36,0,1,35,13,49,18,22,40,89
04/30/2009,VCV,CA,AWP,WE,Federal Contract Tower,1,0,9,3,13,0,1,29,6,36,1,1,38,9,49,44,14,58,107
05/01/2009,VCV,CA,AWP,WE,Federal Contract Tower,4,0,3,2,9,0,6,6,6,18,4,6,9,8,27,0,2,2,29
05/02/2009,VCV,CA,AWP,WE,Federal Contract Tower,2,0,4,0,6,1,4,44,2,51,3,4,48,2,57,46,8,54,111
05/03/2009,VCV,CA,AWP,WE,Federal Contract Tower,0,0,0,0,0,0,2,27,0,29,0,2,27,0,29,28,0,28,57
05/04/2009,VCV,CA,AWP,WE,Federal Contract Tower,2,0,2,2,6,0,3,37,6,46,2,3,39,8,52,18,28,46,98
05/05/2009,VCV,CA,AWP,WE,Federal Contract Tower,1,0,7,1,9,0,5,17,0,22,1,5,24,1,31,2,26,28,59
05/06/2009,VCV,CA,AWP,WE,Federal Contract Tower,1,0,8,5,14,0,0,16,54,70,1,0,24,59,84,0,26,26,110
05/07/2009,VCV,CA,AWP,WE,Federal Contract Tower,7,0,9,1,17,0,3,25,4,32,7,3,34,5,49,0,8,8,57
05/08/2009,VCV,CA,AWP,WE,Federal Contract Tower,3,0,4,1,8,0,0,43,4,47,3,0,47,5,55,46,18,64,119
05/09/2009,VCV,CA,AWP,WE,Federal Contract Tower,6,1,3,2,12,0,2,48,19,69,6,3,51,21,81,22,66,88,169
05/10/2009,VCV,CA,AWP,WE,Federal Contract Tower,2,0,4,0,6,0,3,51,11,65,2,3,55,11,71,32,56,88,159
05/11/2009,VCV,CA,AWP,WE,Federal Contract Tower,4,0,5,1,10,0,0,28,7,35,4,0,33,8,45,0,56,56,101
05/12/2009,VCV,CA,AWP,WE,Federal Contract Tower,8,0,20,4,32,0,3,53,13,69,8,3,73,17,101,2,32,34,135
05/13/2009,VCV,CA,AWP,WE,Federal Contract Tower,26,0,4,4,34,0,3,24,7,34,26,3,28,11,68,32,28,60,128
05/14/2009,VCV,CA,AWP,WE,Federal Contract Tower,25,0,1,4,30,0,2,28,7,37,25,2,29,11,67,44,46,90,157
05/15/2009,VCV,CA,AWP,WE,Federal Contract Tower,16,0,9,0,25,0,0,57,6,63,16,0,66,6,88,8,32,40,128
05/16/2009,VCV,CA,AWP,WE,Federal Contract Tower,11,0,14,0,25,0,2,71,3,76,11,2,85,3,101,58,10,68,169
05/17/2009,VCV,CA,AWP,WE,Federal Contract Tower,11,0,12,0,23,0,2,36,0,38,11,2,48,0,61,30,0,30,91
05/18/2009,VCV,CA,AWP,WE,Federal Contract Tower,4,0,3,4,11,0,1,25,6,32,4,1,28,10,43,4,14,18,61
05/19/2009,VCV,CA,AWP,WE,Federal Contract Tower,2,0,3,2,7,0,3,80,8,91,2,3,83,10,98,56,22,78,176
05/20/2009,VCV,CA,AWP,WE,Federal Contract Tower,3,0,4,5,12,0,0,66,8,74,3,0,70,13,86,34,22,56,142
05/21/2009,VCV,CA,AWP,WE,Federal Contract Tower,4,0,11,4,19,0,2,38,1,41,4,2,49,5,60,36,32,68,128
05/22/2009,VCV,CA,AWP,WE,Federal Contract Tower,2,0,3,4,9,0,6,55,4,65,2,6,58,8,74,14,12,26,100
05/23/2009,VCV,CA,AWP,WE,Federal Contract Tower,0,0,20,1,21,0,6,58,2,66,0,6,78,3,87,32,18,50,137
05/24/2009,VCV,CA,AWP,WE,Federal Contract Tower,2,0,3,0,5,0,6,39,0,45,2,6,42,0,50,64,0,64,114
05/25/2009,VCV,CA,AWP,WE,Federal Contract Tower,0,0,12,0,12,0,3,23,2,28,0,3,35,2,40,8,0,8,48
05/26/2009,VCV,CA,AWP,WE,Federal Contract Tower,0,0,3,2,5,0,3,68,4,75,0,3,71,6,80,46,30,76,156
05/27/2009,VCV,CA,AWP,WE,Federal Contract Tower,1,0,10,2,13,0,3,25,9,37,1,3,35,11,50,56,34,90,140
05/28/2009,VCV,CA,AWP,WE,Federal Contract Tower,3,0,21,0,24,0,2,54,1,57,3,2,75,1,81,50,18,68,149
05/29/2009,VCV,CA,AWP,WE,Federal Contract Tower,0,0,1,0,1,0,3,34,5,42,0,3,35,5,43,34,22,56,99
05/30/2009,VCV,CA,AWP,WE,Federal Contract Tower,1,0,2,0,3,0,3,49,1,53,1,3,51,1,56,86,6,92,148
05/31/2009,VCV,CA,AWP,WE,Federal Contract Tower,0,0,3,1,4,0,3,58,4,65,0,3,61,5,69,32,14,46,115
06/01/2009,VCV,CA,AWP,WE,Federal Contract Tower,0,0,0,9,9,0,2,22,8,32,0,2,22,17,41,6,8,14,55
06/02/2009,VCV,CA,AWP,WE,Federal Contract Tower,2,0,8,0,10,0,2,25,4,31,2,2,33,4,41,12,4,16,57
06/03/2009,VCV,CA,AWP,WE,Federal Contract Tower,2,0,1,9,12,0,5,16,8,29,2,5,17,17,41,56,2,58,99
06/04/2009,VCV,CA,AWP,WE,Federal Contract Tower,4,0,10,1,15,0,0,30,1,31,4,0,40,2,46,14,0,14,60
06/05/2009,VCV,CA,AWP,WE,Federal Contract Tower,3,0,0,2,5,0,3,9,4,16,3,3,9,6,21,8,14,22,43
06/06/2009,VCV,CA,AWP,WE,Federal Contract Tower,2,2,3,0,7,0,4,45,3,52,2,6,48,3,59,50,10,60,119
06/07/2009,VCV,CA,AWP,WE,Federal Contract Tower,1,0,0,0,1,0,5,32,0,37,1,5,32,0,38,114,0,114,152
06/08/2009,VCV,CA,AWP,WE,Federal Contract Tower,4,0,3,2,9,0,0,14,1,15,4,0,17,3,24,18,10,28,52
06/09/2009,VCV,CA,AWP,WE,Federal Contract Tower,8,0,3,2,13,0,0,9,7,16,8,0,12,9,29,6,12,18,47
06/10/2009,VCV,CA,AWP,WE,Federal Contract Tower,10,0,4,5,19,0,2,52,12,66,10,2,56,17,85,22,14,36,121
06/11/2009,VCV,CA,AWP,WE,Federal Contract Tower,15,0,3,1,19,0,5,28,3,36,15,5,31,4,55,36,0,36,91
06/12/2009,VCV,CA,AWP,WE,Federal Contract Tower,8,0,4,0,12,0,0,23,2,25,8,0,27,2,37,24,0,24,61
06/13/2009,VCV,CA,AWP,WE,Federal Contract Tower,10,0,7,0,17,0,2,55,0,57,10,2,62,0,74,68,0,68,142
06/14/2009,VCV,CA,AWP,WE,Federal Contract Tower,0,0,1,0,1,0,4,27,0,31,0,4,28,0,32,68,0,68,100
06/15/2009,VCV,CA,AWP,WE,Federal Contract Tower,1,0,9,3,13,0,3,19,3,25,1,3,28,6,38,4,0,4,42
06/16/2009,VCV,CA,AWP,WE,Federal Contract Tower,10,0,9,1,20,0,3,50,2,55,10,3,59,3,75,20,0,20,95
06/17/2009,VCV,CA,AWP,WE,Federal Contract Tower,0,0,4,2,6,0,1,21,2,24,0,1,25,4,30,4,0,4,34
06/18/2009,VCV,CA,AWP,WE,Federal Contract Tower,2,0,11,7,20,0,0,33,10,43,2,0,44,17,63,6,0,6,69
06/19/2009,VCV,CA,AWP,WE,Federal Contract Tower,5,0,8,5,18,0,3,24,18,45,5,3,32,23,63,4,0,4,67
06/20/2009,VCV,CA,AWP,WE,Federal Contract Tower,0,0,7,0,7,0,3,69,1,73,0,3,76,1,80,84,6,90,170
06/21/2009,VCV,CA,AWP,WE,Federal Contract Tower,1,0,3,0,4,0,6,30,0,36,1,6,33,0,40,53,0,53,93
06/22/2009,VCV,CA,AWP,WE,Federal Contract Tower,0,0,2,2,4,0,2,20,4,26,0,2,22,6,30,12,0,12,42
06/23/2009,VCV,CA,AWP,WE,Federal Contract Tower,0,0,5,9,14,0,2,59,10,71,0,2,64,19,85,24,56,80,165
06/24/2009,VCV,CA,AWP,WE,Federal Contract Tower,3,0,1,3,7,0,0,45,17,62,3,0,46,20,69,0,87,87,156
06/25/2009,VCV,CA,AWP,WE,Federal Contract Tower,3,0,3,1,7,0,3,69,5,77,3,3,72,6,84,48,64,112,196
06/26/2009,VCV,CA,AWP,WE,Federal Contract Tower,1,0,9,4,14,0,5,61,10,76,1,5,70,14,90,42,34,76,166
06/27/2009,VCV,CA,AWP,WE,Federal Contract Tower,0,0,8,0,8,0,2,20,0,22,0,2,28,0,30,0,0,0,30
06/28/2009,VCV,CA,AWP,WE,Federal Contract Tower,5,0,5,0,10,0,9,44,0,53,5,9,49,0,63,44,0,44,107
06/29/2009,VCV,CA,AWP,WE,Federal Contract Tower,4,0,4,14,22,2,2,14,1,19,6,2,18,15,41,4,48,52,93
06/30/2009,VCV,CA,AWP,WE,Federal Contract Tower,2,0,0,5,7,0,0,48,9,57,2,0,48,14,64,44,120,164,228
07/01/2009,VCV,CA,AWP,WE,Federal Contract Tower,20,0,1,8,29,0,2,42,11,55,20,2,43,19,84,12,88,100,184
07/02/2009,VCV,CA,AWP,WE,Federal Contract Tower,19,0,0,3,22,0,2,30,10,42,19,2,30,13,64,0,28,28,92
07/03/2009,VCV,CA,AWP,WE,Federal Contract Tower,3,0,13,0,16,0,6,69,0,75,3,6,82,0,91,92,0,92,183
07/04/2009,VCV,CA,AWP,WE,Federal Contract Tower,6,0,1,0,7,0,4,68,2,74,6,4,69,2,81,68,0,68,149
07/05/2009,VCV,CA,AWP,WE,Federal Contract Tower,4,0,2,0,6,0,3,37,4,44,4,3,39,4,50,40,32,72,122
07/06/2009,VCV,CA,AWP,WE,Federal Contract Tower,1,0,4,0,5,0,0,17,6,23,1,0,21,6,28,2,26,28,56
07/07/2009,VCV,CA,AWP,WE,Federal Contract Tower,1,0,20,9,30,0,4,70,13,87,1,4,90,22,117,42,94,136,253
07/08/2009,VCV,CA,AWP,WE,Federal Contract Tower,1,0,6,4,11,0,7,46,9,62,1,7,52,13,73,36,86,122,195
07/09/2009,VCV,CA,AWP,WE,Federal Contract Tower,6,0,4,3,13,0,2,28,4,34,6,2,32,7,47,20,28,48,95
07/10/2009,VCV,CA,AWP,WE,Federal Contract Tower,1,0,13,0,14,0,6,70,2,78,1,6,83,2,92,60,22,82,174
07/11/2009,VCV,CA,AWP,WE,Federal Contract Tower,0,0,3,0,3,0,5,75,1,81,0,5,78,1,84,74,12,86,170
07/12/2009,VCV,CA,AWP,WE,Federal Contract Tower,3,0,3,0,6,0,3,29,0,32,3,3,32,0,38,34,0,34,72
07/13/2009,VCV,CA,AWP,WE,Federal Contract Tower,3,0,3,1,7,0,4,20,2,26,3,4,23,3,33,0,0,0,33
07/14/2009,VCV,CA,AWP,WE,Federal Contract Tower,0,0,4,5,9,0,2,60,15,77,0,2,64,20,86,61,114,175,261
07/15/2009,VCV,CA,AWP,WE,Federal Contract Tower,2,0,7,3,12,0,4,64,7,75,2,4,71,10,87,90,88,178,265
07/16/2009,VCV,CA,AWP,WE,Federal Contract Tower,0,0,5,1,6,0,0,23,6,29,0,0,28,7,35,24,48,72,107
07/17/2009,VCV,CA,AWP,WE,Federal Contract Tower,2,0,7,3,12,0,4,76,4,84,2,4,83,7,96,56,38,94,190
07/18/2009,VCV,CA,AWP,WE,Federal Contract Tower,0,0,0,0,0,0,4,73,2,79,0,4,73,2,79,48,28,76,155
07/19/2009,VCV,CA,AWP,WE,Federal Contract Tower,0,0,1,0,1,0,4,63,0,67,0,4,64,0,68,66,0,66,134
07/20/2009,VCV,CA,AWP,WE,Federal Contract Tower,1,0,2,0,3,0,1,3,0,4,1,1,5,0,7,2,0,2,9
07/21/2009,VCV,CA,AWP,WE,Federal Contract Tower,5,0,9,5,19,0,2,25,9,36,5,2,34,14,55,40,56,96,151
07/22/2009,VCV,CA,AWP,WE,Federal Contract Tower,2,0,1,2,5,0,7,13,4,24,2,7,14,6,29,0,50,50,79
07/23/2009,VCV,CA,AWP,WE,Federal Contract Tower,0,0,0,2,2,0,2,11,9,22,0,2,11,11,24,2,28,30,54
07/24/2009,VCV,CA,AWP,WE,Federal Contract Tower,3,0,8,1,12,0,2,21,2,25,3,2,29,3,37,0,16,16,53
07/25/2009,VCV,CA,AWP,WE,Federal Contract Tower,1,0,10,0,11,0,3,62,0,65,1,3,72,0,76,90,0,90,166
07/26/2009,VCV,CA,AWP,WE,Federal Contract Tower,14,0,1,0,15,0,7,39,3,49,14,7,40,3,64,58,20,78,142
07/27/2009,VCV,CA,AWP,WE,Federal Contract Tower,8,0,6,0,14,0,4,26,4,34,8,4,32,4,48,4,30,34,82
07/28/2009,VCV,CA,AWP,WE,Federal Contract Tower,3,0,9,0,12,0,2,59,4,65,3,2,68,4,77,62,66,128,205
07/29/2009,VCV,CA,AWP,WE,Federal Contract Tower,15,0,4,1,20,0,7,20,4,31,15,7,24,5,51,8,56,64,115
07/30/2009,VCV,CA,AWP,WE,Federal Contract Tower,17,0,3,1,21,0,4,68,2,74,17,4,71,3,95,30,50,80,175
07/31/2009,VCV,CA,AWP,WE,Federal Contract Tower,17,2,2,0,21,0,5,62,7,74,17,7,64,7,95,64,44,108,203
08/01/2009,VCV,CA,AWP,WE,Federal Contract Tower,19,0,0,1,20,0,7,56,5,68,19,7,56,6,88,64,18,82,170
08/02/2009,VCV,CA,AWP,WE,Federal Contract Tower,11,0,2,0,13,0,2,37,0,39,11,2,39,0,52,54,0,54,106
08/03/2009,VCV,CA,AWP,WE,Federal Contract Tower,0,0,6,0,6,0,3,25,0,28,0,3,31,0,34,0,0,0,34
08/04/2009,VCV,CA,AWP,WE,Federal Contract Tower,1,0,2,5,8,0,7,56,0,63,1,7,58,5,71,32,64,96,167
08/05/2009,VCV,CA,AWP,WE,Federal Contract Tower,0,0,3,1,4,0,4,11,4,19,0,4,14,5,23,26,24,50,73
08/06/2009,VCV,CA,AWP,WE,Federal Contract Tower,3,0,3,0,6,0,2,23,0,25,3,2,26,0,31,8,0,8,39
08/07/2009,VCV,CA,AWP,WE,Federal Contract Tower,0,0,0,0,0,0,2,60,0,62,0,2,60,0,62,62,0,62,124
08/08/2009,VCV,CA,AWP,WE,Federal Contract Tower,0,0,5,0,5,0,2,54,0,56,0,2,59,0,61,68,0,68,129
08/09/2009,VCV,CA,AWP,WE,Federal Contract Tower,1,0,2,0,3,0,4,31,0,35,1,4,33,0,38,50,0,50,88
08/10/2009,VCV,CA,AWP,WE,Federal Contract Tower,0,0,7,0,7,0,4,23,2,29,0,4,30,2,36,54,4,58,94
08/11/2009,VCV,CA,AWP,WE,Federal Contract Tower,1,0,4,4,9,0,4,65,4,73,1,4,69,8,82,24,48,72,154
08/12/2009,VCV,CA,AWP,WE,Federal Contract Tower,3,1,13,0,17,0,3,54,5,62,3,4,67,5,79,26,26,52,131
08/13/2009,VCV,CA,AWP,WE,Federal Contract Tower,2,0,8,0,10,0,0,35,2,37,2,0,43,2,47,14,0,14,61
08/14/2009,VCV,CA,AWP,WE,Federal Contract Tower,0,0,2,2,4,0,2,75,5,82,0,2,77,7,86,64,50,114,200
08/15/2009,VCV,CA,AWP,WE,Federal Contract Tower,0,0,0,0,0,0,5,53,2,60,0,5,53,2,60,66,8,74,134
08/16/2009,VCV,CA,AWP,WE,Federal Contract Tower,0,1,0,1,2,0,4,32,0,36,0,5,32,1,38,54,0,54,92
08/17/2009,VCV,CA,AWP,WE,Federal Contract Tower,2,0,10,4,16,0,3,33,7,43,2,3,43,11,59,58,0,58,117
08/18/2009,VCV,CA,AWP,WE,Federal Contract Tower,2,0,1,8,11,0,2,48,13,63,2,2,49,21,74,34,46,80,154
08/19/2009,VCV,CA,AWP,WE,Federal Contract Tower,0,0,13,3,16,0,2,32,4,38,0,2,45,7,54,24,0,24,78
08/20/2009,VCV,CA,AWP,WE,Federal Contract Tower,3,0,10,1,14,0,1,41,7,49,3,1,51,8,63,16,4,20,83
08/21/2009,VCV,CA,AWP,WE,Federal Contract Tower,1,0,7,2,10,0,2,70,13,85,1,2,77,15,95,70,40,110,205
08/22/2009,VCV,CA,AWP,WE,Federal Contract Tower,1,0,25,0,26,0,5,63,1,69,1,5,88,1,95,48,6,54,149
08/23/2009,VCV,CA,AWP,WE,Federal Contract Tower,1,0,11,0,12,0,6,59,0,65,1,6,70,0,77,70,0,70,147
08/24/2009,VCV,CA,AWP,WE,Federal Contract Tower,5,0,14,1,20,0,2,82,9,93,5,2,96,10,113,36,48,84,197
08/25/2009,VCV,CA,AWP,WE,Federal Contract Tower,9,0,9,3,21,0,3,75,5,83,9,3,84,8,104,58,46,104,208
08/26/2009,VCV,CA,AWP,WE,Federal Contract Tower,7,0,4,1,12,0,2,77,6,85,7,2,81,7,97,50,42,92,189
08/27/2009,VCV,CA,AWP,WE,Federal Contract Tower,18,0,5,2,25,0,5,21,8,34,18,5,26,10,59,2,2,4,63
08/28/2009,VCV,CA,AWP,WE,Federal Contract Tower,13,0,2,1,16,0,5,79,4,88,13,5,81,5,104,70,8,78,182
08/29/2009,VCV,CA,AWP,WE,Federal Contract Tower,4,0,0,0,4,0,3,73,10,86,4,3,73,10,90,72,74,146,236
08/30/2009,VCV,CA,AWP,WE,Federal Contract Tower,4,0,5,0,9,0,1,76,4,81,4,1,81,4,90,70,32,102,192
08/31/2009,VCV,CA,AWP,WE,Federal Contract Tower,7,0,5,9,21,0,0,42,4,46,7,0,47,13,67,8,2,10,77
09/01/2009,VCV,CA,AWP,WE,Federal Contract Tower,1,1,24,16,42,0,3,83,31,117,1,4,107,47,159,20,52,72,231
09/02/2009,VCV,CA,AWP,WE,Federal Contract Tower,3,0,21,2,26,0,0,39,4,43,3,0,60,6,69,22,48,70,139
09/03/2009,VCV,CA,AWP,WE,Federal Contract Tower,6,0,5,3,14,0,2,18,8,28,6,2,23,11,42,0,0,0,42
09/04/2009,VCV,CA,AWP,WE,Federal Contract Tower,24,0,3,0,27,0,4,65,7,76,24,4,68,7,103,64,22,86,189
09/05/2009,VCV,CA,AWP,WE,Federal Contract Tower,16,0,6,0,22,0,3,59,0,62,16,3,65,0,84,38,0,38,122
09/06/2009,VCV,CA,AWP,WE,Federal Contract Tower,8,0,0,0,8,0,3,48,3,54,8,3,48,3,62,22,14,36,98
09/07/2009,VCV,CA,AWP,WE,Federal Contract Tower,3,0,7,0,10,0,0,25,0,25,3,0,32,0,35,0,0,0,35
09/08/2009,VCV,CA,AWP,WE,Federal Contract Tower,2,0,11,4,17,0,2,55,4,61,2,2,66,8,78,40,40,80,158
09/09/2009,VCV,CA,AWP,WE,Federal Contract Tower,3,0,14,2,19,0,0,79,15,94,3,0,93,17,113,32,94,126,239
09/10/2009,VCV,CA,AWP,WE,Federal Contract Tower,5,0,13,5,23,0,1,63,11,75,5,1,76,16,98,32,40,72,170
09/11/2009,VCV,CA,AWP,WE,Federal Contract Tower,2,0,12,1,15,0,4,88,11,103,2,4,100,12,118,58,54,112,230
09/12/2009,VCV,CA,AWP,WE,Federal Contract Tower,0,0,14,2,16,0,3,45,1,49,0,3,59,3,65,40,16,56,121
09/13/2009,VCV,CA,AWP,WE,Federal Contract Tower,0,0,8,3,11,0,0,0,0,0,0,0,8,3,11,6,0,6,17
09/14/2009,VCV,CA,AWP,WE,Federal Contract Tower,3,0,0,3,6,0,3,35,3,41,3,3,35,6,47,8,44,52,99
09/15/2009,VCV,CA,AWP,WE,Federal Contract Tower,3,0,4,5,12,0,2,67,17,86,3,2,71,22,98,72,80,152,250
09/16/2009,VCV,CA,AWP,WE,Federal Contract Tower,1,0,16,4,21,0,2,64,10,76,1,2,80,14,97,94,66,160,257
09/17/2009,VCV,CA,AWP,WE,Federal Contract Tower,2,0,13,2,17,0,4,34,4,42,2,4,47,6,59,24,0,24,83
09/18/2009,VCV,CA,AWP,WE,Federal Contract Tower,1,0,14,0,15,0,4,69,3,76,1,4,83,3,91,68,24,92,183
09/19/2009,VCV,CA,AWP,WE,Federal Contract Tower,0,0,18,0,18,0,0,95,2,97,0,0,113,2,115,82,8,90,205
09/20/2009,VCV,CA,AWP,WE,Federal Contract Tower,1,0,3,0,4,0,6,46,2,54,1,6,49,2,58,48,8,56,114
09/21/2009,VCV,CA,AWP,WE,Federal Contract Tower,2,0,10,2,14,0,1,38,0,39,2,1,48,2,53,20,26,46,99
09/22/2009,VCV,CA,AWP,WE,Federal Contract Tower,2,0,3,3,8,0,0,70,3,73,2,0,73,6,81,34,38,72,153
09/23/2009,VCV,CA,AWP,WE,Federal Contract Tower,2,0,10,7,19,0,1,55,19,75,2,1,65,26,94,44,106,150,244
09/24/2009,VCV,CA,AWP,WE,Federal Contract Tower,2,0,9,6,17,0,2,61,11,74,2,2,70,17,91,20,24,44,135
09/25/2009,VCV,CA,AWP,WE,Federal Contract Tower,6,0,11,1,18,0,6,64,4,74,6,6,75,5,92,30,16,46,138
09/26/2009,VCV,CA,AWP,WE,Federal Contract Tower,0,0,12,0,12,0,3,73,2,78,0,3,85,2,90,62,10,72,162
09/27/2009,VCV,CA,AWP,WE,Federal Contract Tower,4,0,17,0,21,0,6,49,0,55,4,6,66,0,76,22,0,22,98
09/28/2009,VCV,CA,AWP,WE,Federal Contract Tower,7,0,14,0,21,0,3,77,11,91,7,3,91,11,112,62,42,104,216
09/29/2009,VCV,CA,AWP,WE,Federal Contract Tower,0,0,13,3,16,0,4,53,11,68,0,4,66,14,84,42,70,112,196
09/30/2009,VCV,CA,AWP,WE,Federal Contract Tower,2,0,10,5,17,0,4,63,11,78,2,4,73,16,95,36,82,118,213
10/01/2009,VCV,CA,AWP,WE,Federal Contract Tower,22,0,4,8,34,0,5,77,9,91,22,5,81,17,125,44,68,112,237
10/02/2009,VCV,CA,AWP,WE,Federal Contract Tower,29,0,2,0,31,0,5,65,6,76,29,5,67,6,107,66,28,94,201
10/03/2009,VCV,CA,AWP,WE,Federal Contract Tower,28,0,1,0,29,0,7,58,2,67,28,7,59,2,96,22,10,32,128
10/04/2009,VCV,CA,AWP,WE,Federal Contract Tower,15,0,5,0,20,0,3,30,0,33,15,3,35,0,53,4,0,4,57
10/05/2009,VCV,CA,AWP,WE,Federal Contract Tower,1,0,10,6,17,0,2,44,11,57,1,2,54,17,74,6,22,28,102
10/06/2009,VCV,CA,AWP,WE,Federal Contract Tower,3,2,7,5,17,0,0,37,15,52,3,2,44,20,69,20,38,58,127
10/07/2009,VCV,CA,AWP,WE,Federal Contract Tower,0,0,8,7,15,0,3,33,22,58,0,3,41,29,73,20,38,58,131
10/08/2009,VCV,CA,AWP,WE,Federal Contract Tower,3,0,2,5,10,0,3,16,8,27,3,3,18,13,37,2,14,16,53
10/09/2009,VCV,CA,AWP,WE,Federal Contract Tower,4,2,5,1,12,0,4,18,11,33,4,6,23,12,45,12,4,16,61
10/10/2009,VCV,CA,AWP,WE,Federal Contract Tower,0,0,0,0,0,0,3,12,0,15,0,3,12,0,15,0,0,0,15
10/11/2009,VCV,CA,AWP,WE,Federal Contract Tower,0,0,2,0,2,0,2,8,0,10,0,2,10,0,12,0,0,0,12
10/12/2009,VCV,CA,AWP,WE,Federal Contract Tower,1,0,5,0,6,0,0,25,0,25,1,0,30,0,31,0,0,0,31
10/13/2009,VCV,CA,AWP,WE,Federal Contract Tower,5,0,6,7,18,0,1,3,4,8,5,1,9,11,26,0,30,30,56
10/14/2009,VCV,CA,AWP,WE,Federal Contract Tower,2,0,11,2,15,0,0,13,6,19,2,0,24,8,34,2,28,30,64
10/15/2009,VCV,CA,AWP,WE,Federal Contract Tower,2,0,15,3,20,0,6,35,3,44,2,6,50,6,64,2,0,2,66
10/16/2009,VCV,CA,AWP,WE,Federal Contract Tower,3,0,13,0,16,0,5,59,2,66,3,5,72,2,82,46,8,54,136
10/17/2009,VCV,CA,AWP,WE,Federal Contract Tower,2,0,2,0,4,2,8,57,2,69,4,8,59,2,73,84,12,96,169
10/18/2009,VCV,CA,AWP,WE,Federal Contract Tower,2,0,0,0,2,10,5,35,2,52,12,5,35,2,54,70,0,70,124
10/19/2009,VCV,CA,AWP,WE,Federal Contract Tower,1,0,6,4,11,0,2,19,6,27,1,2,25,10,38,0,0,0,38
10/20/2009,VCV,CA,AWP,WE,Federal Contract Tower,2,0,9,5,16,0,2,47,18,67,2,2,56,23,83,4,44,48,131
10/21/2009,VCV,CA,AWP,WE,Federal Contract Tower,3,0,7,3,13,0,1,20,1,22,3,1,27,4,35,2,48,50,85
10/22/2009,VCV,CA,AWP,WE,Federal Contract Tower,2,0,9,4,15,0,0,36,8,44,2,0,45,12,59,24,2,26,85
10/23/2009,VCV,CA,AWP,WE,Federal Contract Tower,1,0,10,1,12,0,2,74,2,78,1,2,84,3,90,60,8,68,158
10/24/2009,VCV,CA,AWP,WE,Federal Contract Tower,1,0,0,0,1,0,2,60,0,62,1,2,60,0,63,50,0,50,113
10/25/2009,VCV,CA,AWP,WE,Federal Contract Tower,6,0,6,0,12,0,1,44,0,45,6,1,50,0,57,48,0,48,105
10/26/2009,VCV,CA,AWP,WE,Federal Contract Tower,15,0,7,2,24,0,6,13,1,20,15,6,20,3,44,2,12,14,58
10/27/2009,VCV,CA,AWP,WE,Federal Contract Tower,9,0,1,2,12,0,0,0,0,0,9,0,1,2,12,0,32,32,44
10/28/2009,VCV,CA,AWP,WE,Federal Contract Tower,19,0,5,0,24,0,3,12,0,15,19,3,17,0,39,0,0,0,39
10/29/2009,VCV,CA,AWP,WE,Federal Contract Tower,32,0,10,3,45,0,7,31,6,44,32,7,41,9,89,10,0,10,99
10/30/2009,VCV,CA,AWP,WE,Federal Contract Tower,30,1,8,1,40,0,10,64,4,78,30,11,72,5,118,46,40,86,204
10/31/2009,VCV,CA,AWP,WE,Federal Contract Tower,10,0,1,0,11,0,6,60,2,68,10,6,61,2,79,62,8,70,149
11/01/2009,VCV,CA,AWP,WE,Federal Contract Tower,8,0,6,0,14,0,5,60,0,65,8,5,66,0,79,56,0,56,135
11/02/2009,VCV,CA,AWP,WE,Federal Contract Tower,1,0,21,7,29,0,4,63,19,86,1,4,84,26,115,12,70,82,197
11/03/2009,VCV,CA,AWP,WE,Federal Contract Tower,0,0,16,9,25,0,3,34,14,51,0,3,50,23,76,0,46,46,122
11/04/2009,VCV,CA,AWP,WE,Federal Contract Tower,2,0,6,1,9,0,3,58,8,69,2,3,64,9,78,52,50,102,180
11/05/2009,VCV,CA,AWP,WE,Federal Contract Tower,2,2,9,2,15,0,3,69,17,89,2,5,78,19,104,18,70,88,192
11/06/2009,VCV,CA,AWP,WE,Federal Contract Tower,1,0,7,0,8,0,2,62,4,68,1,2,69,4,76,50,32,82,158
11/07/2009,VCV,CA,AWP,WE,Federal Contract Tower,0,0,3,0,3,0,6,49,4,59,0,6,52,4,62,70,24,94,156
11/08/2009,VCV,CA,AWP,WE,Federal Contract Tower,0,0,5,2,7,0,3,55,6,64,0,3,60,8,71,52,18,70,141
11/09/2009,VCV,CA,AWP,WE,Federal Contract Tower,4,0,4,1,9,1,4,11,0,16,5,4,15,1,25,22,0,22,47
11/10/2009,VCV,CA,AWP,WE,Federal Contract Tower,4,0,27,0,31,0,1,60,3,64,4,1,87,3,95,2,26,28,123
11/11/2009,VCV,CA,AWP,WE,Federal Contract Tower,2,0,22,1,25,0,1,56,2,59,2,1,78,3,84,8,0,8,92
11/12/2009,VCV,CA,AWP,WE,Federal Contract Tower,3,0,9,2,14,0,1,47,3,51,3,1,56,5,65,72,14,86,151
11/13/2009,VCV,CA,AWP,WE,Federal Contract Tower,5,0,38,6,49,0,4,85,15,104,5,4,123,21,153,70,12,82,235
11/14/2009,VCV,CA,AWP,WE,Federal Contract Tower,1,0,13,0,14,0,7,74,3,84,1,7,87,3,98,58,16,74,172
11/15/2009,VCV,CA,AWP,WE,Federal Contract Tower,0,0,5,0,5,0,6,53,2,61,0,6,58,2,66,48,10,58,124
11/16/2009,VCV,CA,AWP,WE,Federal Contract Tower,2,0,27,8,37,0,4,80,12,96,2,4,107,20,133,18,26,44,177
11/17/2009,VCV,CA,AWP,WE,Federal Contract Tower,3,0,19,15,37,0,0,42,26,68,3,0,61,41,105,8,82,90,195
11/18/2009,VCV,CA,AWP,WE,Federal Contract Tower,0,0,20,14,34,0,3,91,23,117,0,3,111,37,151,46,64,110,261
11/19/2009,VCV,CA,AWP,WE,Federal Contract Tower,6,0,8,3,17,0,1,45,6,52,6,1,53,9,69,20,4,24,93
11/20/2009,VCV,CA,AWP,WE,Federal Contract Tower,1,0,9,5,15,0,4,63,8,75,1,4,72,13,90,40,32,72,162
11/21/2009,VCV,CA,AWP,WE,Federal Contract Tower,1,0,7,1,9,0,5,44,3,52,1,5,51,4,61,46,14,60,121
11/22/2009,VCV,CA,AWP,WE,Federal Contract Tower,7,0,0,0,7,0,2,19,0,21,7,2,19,0,28,0,0,0,28
11/23/2009,VCV,CA,AWP,WE,Federal Contract Tower,13,2,7,10,32,0,5,14,29,48,13,7,21,39,80,44,42,86,166
11/24/2009,VCV,CA,AWP,WE,Federal Contract Tower,26,0,7,9,42,0,5,75,16,96,26,5,82,25,138,46,76,122,260
11/25/2009,VCV,CA,AWP,WE,Federal Contract Tower,5,0,19,0,24,0,0,67,7,74,5,0,86,7,98,32,8,40,138
11/26/2009,VCV,CA,AWP,WE,Federal Contract Tower,0,0,0,0,0,0,5,35,0,40,0,5,35,0,40,16,0,16,56
11/27/2009,VCV,CA,AWP,WE,Federal Contract Tower,0,0,3,0,3,0,1,23,0,24,0,1,26,0,27,22,0,22,49
11/28/2009,VCV,CA,AWP,WE,Federal Contract Tower,2,0,3,4,9,0,4,49,0,53,2,4,52,4,62,44,0,44,106
11/29/2009,VCV,CA,AWP,WE,Federal Contract Tower,1,0,6,0,7,0,6,38,0,44,1,6,44,0,51,52,0,52,103
11/30/2009,VCV,CA,AWP,WE,Federal Contract Tower,4,0,11,5,20,0,3,26,6,35,4,3,37,11,55,14,8,22,77
12/01/2009,VCV,CA,AWP,WE,Federal Contract Tower,3,0,11,2,16,0,1,43,8,52,3,1,54,10,68,22,42,64,132
12/02/2009,VCV,CA,AWP,WE,Federal Contract Tower,0,0,10,9,19,0,1,35,21,57,0,1,45,30,76,0,36,36,112
12/03/2009,VCV,CA,AWP,WE,Federal Contract Tower,6,0,15,5,26,0,3,44,16,63,6,3,59,21,89,4,6,10,99
12/04/2009,VCV,CA,AWP,WE,Federal Contract Tower,0,0,10,0,10,0,2,55,2,59,0,2,65,2,69,18,8,26,95
12/05/2009,VCV,CA,AWP,WE,Federal Contract Tower,0,0,9,2,11,0,6,69,3,78,0,6,78,5,89,54,16,70,159
12/06/2009,VCV,CA,AWP,WE,Federal Contract Tower,1,0,2,0,3,0,1,41,0,42,1,1,43,0,45,50,0,50,95
12/07/2009,VCV,CA,AWP,WE,Federal Contract Tower,4,0,3,2,9,0,2,2,3,7,4,2,5,5,16,0,0,0,16
12/08/2009,VCV,CA,AWP,WE,Federal Contract Tower,1,0,2,2,5,0,3,46,7,56,1,3,48,9,61,2,26,28,89
12/09/2009,VCV,CA,AWP,WE,Federal Contract Tower,2,0,6,6,14,0,1,21,25,47,2,1,27,31,61,0,56,56,117
12/10/2009,VCV,CA,AWP,WE,Federal Contract Tower,5,0,12,8,25,0,3,42,10,55,5,3,54,18,80,18,0,18,98
12/11/2009,VCV,CA,AWP,WE,Federal Contract Tower,1,0,12,3,16,0,4,47,7,58,1,4,59,10,74,42,12,54,128
12/12/2009,VCV,CA,AWP,WE,Federal Contract Tower,0,0,10,0,10,0,2,42,0,44,0,2,52,0,54,64,0,64,118
12/13/2009,VCV,CA,AWP,WE,Federal Contract Tower,0,0,2,0,2,0,2,44,1,47,0,2,46,1,49,44,4,48,97
12/14/2009,VCV,CA,AWP,WE,Federal Contract Tower,0,0,7,4,11,0,2,26,6,34,0,2,33,10,45,4,2,6,51
12/15/2009,VCV,CA,AWP,WE,Federal Contract Tower,0,0,10,6,16,0,3,47,8,58,0,3,57,14,74,34,72,106,180
12/16/2009,VCV,CA,AWP,WE,Federal Contract Tower,3,0,10,6,19,0,3,23,13,39,3,3,33,19,58,0,98,98,156
12/17/2009,VCV,CA,AWP,WE,Federal Contract Tower,3,0,15,1,19,0,5,42,4,51,3,5,57,5,70,30,4,34,104
12/18/2009,VCV,CA,AWP,WE,Federal Contract Tower,1,0,19,0,20,0,1,75,4,80,1,1,94,4,100,88,12,100,200
12/19/2009,VCV,CA,AWP,WE,Federal Contract Tower,1,0,1,0,2,0,2,22,0,24,1,2,23,0,26,34,0,34,60
12/20/2009,VCV,CA,AWP,WE,Federal Contract Tower,2,0,3,2,7,0,5,40,0,45,2,5,43,2,52,42,0,42,94
12/21/2009,VCV,CA,AWP,WE,Federal Contract Tower,4,0,5,5,14,0,4,26,4,34,4,4,31,9,48,38,14,52,100
12/22/2009,VCV,CA,AWP,WE,Federal Contract Tower,1,0,2,0,3,0,0,5,3,8,1,0,7,3,11,0,14,14,25
12/23/2009,VCV,CA,AWP,WE,Federal Contract Tower,0,0,2,1,3,0,0,6,0,6,0,0,8,1,9,4,4,8,17
12/24/2009,VCV,CA,AWP,WE,Federal Contract Tower,1,0,9,0,10,0,0,7,0,7,1,0,16,0,17,0,0,0,17
12/25/2009,VCV,CA,AWP,WE,Federal Contract Tower,0,0,4,0,4,0,2,18,0,20,0,2,22,0,24,18,0,18,42
12/26/2009,VCV,CA,AWP,WE,Federal Contract Tower,0,0,2,0,2,0,3,47,0,50,0,3,49,0,52,52,0,52,104
12/27/2009,VCV,CA,AWP,WE,Federal Contract Tower,0,0,2,0,2,0,2,27,0,29,0,2,29,0,31,38,0,38,69
12/28/2009,VCV,CA,AWP,WE,Federal Contract Tower,3,0,7,0,10,0,2,17,0,19,3,2,24,0,29,60,0,60,89
12/29/2009,VCV,CA,AWP,WE,Federal Contract Tower,2,0,3,1,6,0,3,50,2,55,2,3,53,3,61,66,32,98,159
12/30/2009,VCV,CA,AWP,WE,Federal Contract Tower,0,0,1,1,2,0,2,6,2,10,0,2,7,3,12,20,5,25,37
12/31/2009,VCV,CA,AWP,WE,Federal Contract Tower,0,0,6,2,8,0,2,20,0,22,0,2,26,2,30,90,0,90,120
01/01/2010,VCV,CA,AWP,WE,Federal Contract Tower,1,1,2,0,4,0,2,60,0,62,1,3,62,0,66,56,0,56,122
01/02/2010,VCV,CA,AWP,WE,Federal Contract Tower,1,0,0,0,1,0,2,43,0,45,1,2,43,0,46,34,0,34,80
01/03/2010,VCV,CA,AWP,WE,Federal Contract Tower,0,0,1,0,1,0,6,29,0,35,0,6,30,0,36,20,0,20,56
01/04/2010,VCV,CA,AWP,WE,Federal Contract Tower,7,1,5,5,18,0,8,29,3,40,7,9,34,8,58,2,2,4,62
01/05/2010,VCV,CA,AWP,WE,Federal Contract Tower,7,0,5,8,20,0,3,46,8,57,7,3,51,16,77,44,68,112,189
01/06/2010,VCV,CA,AWP,WE,Federal Contract Tower,3,0,5,7,15,0,4,25,5,34,3,4,30,12,49,8,48,56,105
01/07/2010,VCV,CA,AWP,WE,Federal Contract Tower,5,0,4,7,16,0,4,21,4,29,5,4,25,11,45,18,6,24,69
01/08/2010,VCV,CA,AWP,WE,Federal Contract Tower,5,0,15,5,25,0,8,53,2,63,5,8,68,7,88,70,16,86,174
01/09/2010,VCV,CA,AWP,WE,Federal Contract Tower,1,0,6,2,9,0,1,59,12,72,1,1,65,14,81,30,40,70,151
01/10/2010,VCV,CA,AWP,WE,Federal Contract Tower,0,0,1,1,2,0,6,30,4,40,0,6,31,5,42,30,22,52,94
01/11/2010,VCV,CA,AWP,WE,Federal Contract Tower,2,1,3,1,7,0,0,22,6,28,2,1,25,7,35,4,26,30,65
01/12/2010,VCV,CA,AWP,WE,Federal Contract Tower,1,0,12,16,29,1,2,53,38,94,2,2,65,54,123,28,42,70,193
01/13/2010,VCV,CA,AWP,WE,Federal Contract Tower,1,0,8,11,20,0,1,11,29,41,1,1,19,40,61,0,2,2,63
01/14/2010,VCV,CA,AWP,WE,Federal Contract Tower,4,0,5,1,10,0,5,31,8,44,4,5,36,9,54,38,20,58,112
01/15/2010,VCV,CA,AWP,WE,Federal Contract Tower,2,0,11,0,13,0,1,47,9,57,2,1,58,9,70,48,26,74,144
01/16/2010,VCV,CA,AWP,WE,Federal Contract Tower,1,0,13,2,16,0,1,46,7,54,1,1,59,9,70,54,10,64,134
01/17/2010,VCV,CA,AWP,WE,Federal Contract Tower,0,0,1,0,1,0,2,50,0,52,0,2,51,0,53,54,0,54,107
01/18/2010,VCV,CA,AWP,WE,Federal Contract Tower,6,0,0,0,6,0,0,4,0,4,6,0,4,0,10,0,0,0,10
01/19/2010,VCV,CA,AWP,WE,Federal Contract Tower,2,0,1,2,5,0,0,15,2,17,2,0,16,4,22,4,20,24,46
01/20/2010,VCV,CA,AWP,WE,Federal Contract Tower,3,0,7,2,12,0,0,17,2,19,3,0,24,4,31,8,0,8,39
01/21/2010,VCV,CA,AWP,WE,Federal Contract Tower,9,3,2,0,14,0,0,0,0,0,9,3,2,0,14,0,0,0,14
01/22/2010,VCV,CA,AWP,WE,Federal Contract Tower,3,0,2,0,5,0,2,44,4,50,3,2,46,4,55,28,18,46,101
01/23/2010,VCV,CA,AWP,WE,Federal Contract Tower,0,0,4,0,4,0,4,68,12,84,0,4,72,12,88,80,32,112,200
01/24/2010,VCV,CA,AWP,WE,Federal Contract Tower,0,0,2,0,2,0,2,51,4,57,0,2,53,4,59,64,2,66,125
01/25/2010,VCV,CA,AWP,WE,Federal Contract Tower,0,0,6,7,13,0,0,32,15,47,0,0,38,22,60,10,6,16,76
01/26/2010,VCV,CA,AWP,WE,Federal Contract Tower,1,0,29,9,39,0,1,94,24,119,1,1,123,33,158,24,52,76,234
01/27/2010,VCV,CA,AWP,WE,Federal Contract Tower,1,0,15,7,23,0,0,56,11,67,1,0,71,18,90,20,68,88,178
01/28/2010,VCV,CA,AWP,WE,Federal Contract Tower,1,0,24,4,29,0,2,51,4,57,1,2,75,8,86,0,0,0,86
01/29/2010,VCV,CA,AWP,WE,Federal Contract Tower,1,1,22,0,24,0,7,88,9,104,1,8,110,9,128,86,0,86,214
01/30/2010,VCV,CA,AWP,WE,Federal Contract Tower,1,0,5,0,6,0,7,63,3,73,1,7,68,3,79,74,14,88,167
01/31/2010,VCV,CA,AWP,WE,Federal Contract Tower,3,0,0,0,3,0,4,46,6,56,3,4,46,6,59,54,10,64,123
02/01/2010,VCV,CA,AWP,WE,Federal Contract Tower,6,0,13,3,22,0,3,21,11,35,6,3,34,14,57,6,0,6,63
02/02/2010,VCV,CA,AWP,WE,Federal Contract Tower,4,0,11,4,19,0,5,74,19,98,4,5,85,23,117,56,36,92,209
02/03/2010,VCV,CA,AWP,WE,Federal Contract Tower,0,0,11,7,18,0,0,51,15,66,0,0,62,22,84,12,34,46,130
02/04/2010,VCV,CA,AWP,WE,Federal Contract Tower,2,2,8,8,20,0,5,37,16,58,2,7,45,24,78,16,28,44,122
02/05/2010,VCV,CA,AWP,WE,Federal Contract Tower,7,0,5,0,12,0,5,57,2,64,7,5,62,2,76,38,8,46,122
02/06/2010,VCV,CA,AWP,WE,Federal Contract Tower,4,0,8,2,14,0,4,49,5,58,4,4,57,7,72,54,12,66,138
02/07/2010,VCV,CA,AWP,WE,Federal Contract Tower,0,0,8,0,8,0,3,39,0,42,0,3,47,0,50,46,0,46,96
02/08/2010,VCV,CA,AWP,WE,Federal Contract Tower,2,0,13,11,26,0,0,37,13,50,2,0,50,24,76,20,16,36,112
02/09/2010,VCV,CA,AWP,WE,Federal Contract Tower,3,0,7,2,12,0,0,35,2,37,3,0,42,4,49,12,30,42,91
02/10/2010,VCV,CA,AWP,WE,Federal Contract Tower,0,0,16,2,18,0,3,38,6,47,0,3,54,8,65,24,46,70,135
02/11/2010,VCV,CA,AWP,WE,Federal Contract Tower,4,0,9,2,15,0,1,23,7,31,4,1,32,9,46,28,6,34,80
02/12/2010,VCV,CA,AWP,WE,Federal Contract Tower,1,0,8,0,9,0,8,62,6,76,1,8,70,6,85,38,10,48,133
02/13/2010,VCV,CA,AWP,WE,Federal Contract Tower,2,0,2,0,4,0,3,58,12,73,2,3,60,12,77,42,24,66,143
02/14/2010,VCV,CA,AWP,WE,Federal Contract Tower,0,0,0,0,0,0,4,40,4,48,0,4,40,4,48,52,8,60,108
02/15/2010,VCV,CA,AWP,WE,Federal Contract Tower,2,0,6,2,10,0,3,31,4,38,2,3,37,6,48,26,0,26,74
02/16/2010,VCV,CA,AWP,WE,Federal Contract Tower,10,0,2,4,16,0,4,28,7,39,10,4,30,11,55,8,48,56,111
02/17/2010,VCV,CA,AWP,WE,Federal Contract Tower,9,0,13,6,28,0,6,61,14,81,9,6,74,20,109,28,30,58,167
02/18/2010,VCV,CA,AWP,WE,Federal Contract Tower,13,1,19,5,38,0,2,51,10,63,13,3,70,15,101,38,8,46,147
02/19/2010,VCV,CA,AWP,WE,Federal Contract Tower,10,4,14,0,28,0,8,67,6,81,10,12,81,6,109,52,20,72,181
02/20/2010,VCV,CA,AWP,WE,Federal Contract Tower,4,1,10,1,16,0,1,9,7,17,4,2,19,8,33,6,0,6,39
02/21/2010,VCV,CA,AWP,WE,Federal Contract Tower,0,0,13,0,13,0,4,50,7,61,0,4,63,7,74,28,18,46,120
02/22/2010,VCV,CA,AWP,WE,Federal Contract Tower,2,0,15,7,24,0,2,55,7,64,2,2,70,14,88,18,22,40,128
02/23/2010,VCV,CA,AWP,WE,Federal Contract Tower,3,0,11,5,19,0,1,66,14,81,3,1,77,19,100,38,54,92,192
02/24/2010,VCV,CA,AWP,WE,Federal Contract Tower,7,0,19,13,39,0,4,51,21,76,7,4,70,34,115,6,56,62,177
02/25/2010,VCV,CA,AWP,WE,Federal Contract Tower,7,0,16,6,29,0,3,71,8,82,7,3,87,14,111,32,46,78,189
02/26/2010,VCV,CA,AWP,WE,Federal Contract Tower,7,2,4,1,14,0,4,51,4,59,7,6,55,5,73,30,18,48,121
02/27/2010,VCV,CA,AWP,WE,Federal Contract Tower,10,0,15,0,25,0,4,51,0,55,10,4,66,0,80,34,0,34,114
02/28/2010,VCV,CA,AWP,WE,Federal Contract Tower,5,0,2,0,7,0,4,41,14,59,5,4,43,14,66,14,46,60,126
03/01/2010,VCV,CA,AWP,WE,Federal Contract Tower,1,1,10,2,14,0,3,33,11,47,1,4,43,13,61,2,42,44,105
03/02/2010,VCV,CA,AWP,WE,Federal Contract Tower,1,0,5,10,16,0,4,51,20,75,1,4,56,30,91,34,70,104,195
03/03/2010,VCV,CA,AWP,WE,Federal Contract Tower,3,0,7,11,21,0,4,28,11,43,3,4,35,22,64,6,50,56,120
03/04/2010,VCV,CA,AWP,WE,Federal Contract Tower,3,0,6,5,14,0,1,50,8,59,3,1,56,13,73,12,24,36,109
03/05/2010,VCV,CA,AWP,WE,Federal Contract Tower,6,0,7,4,17,0,2,56,6,64,6,2,63,10,81,50,18,68,149
03/06/2010,VCV,CA,AWP,WE,Federal Contract Tower,5,0,3,1,9,0,2,51,4,57,5,2,54,5,66,30,6,36,102
03/07/2010,VCV,CA,AWP,WE,Federal Contract Tower,2,0,0,0,2,0,4,44,1,49,2,4,44,1,51,58,14,72,123
03/08/2010,VCV,CA,AWP,WE,Federal Contract Tower,0,0,4,1,5,0,1,23,2,26,0,1,27,3,31,26,32,58,89
03/09/2010,VCV,CA,AWP,WE,Federal Contract Tower,1,0,3,2,6,0,2,19,0,21,1,2,22,2,27,8,30,38,65
03/10/2010,VCV,CA,AWP,WE,Federal Contract Tower,0,1,5,3,9,0,4,21,5,30,0,5,26,8,39,56,54,110,149
03/11/2010,VCV,CA,AWP,WE,Federal Contract Tower,5,0,6,5,16,0,2,48,14,64,5,2,54,19,80,18,32,50,130
03/12/2010,VCV,CA,AWP,WE,Federal Contract Tower,1,1,5,1,8,0,7,21,7,35,1,8,26,8,43,4,4,8,51
03/13/2010,VCV,CA,AWP,WE,Federal Contract Tower,2,0,5,2,9,0,2,11,0,13,2,2,16,2,22,6,0,6,28
03/14/2010,VCV,CA,AWP,WE,Federal Contract Tower,0,0,6,2,8,0,4,35,5,44,0,4,41,7,52,38,0,38,90
03/15/2010,VCV,CA,AWP,WE,Federal Contract Tower,0,0,8,0,8,0,2,54,2,58,0,2,62,2,66,58,0,58,124
03/16/2010,VCV,CA,AWP,WE,Federal Contract Tower,0,0,11,3,14,0,4,44,8,56,0,4,55,11,70,62,34,96,166
03/17/2010,VCV,CA,AWP,WE,Federal Contract Tower,1,0,6,7,14,0,4,58,15,77,1,4,64,22,91,64,26,90,181
03/18/2010,VCV,CA,AWP,WE,Federal Contract Tower,4,0,6,2,12,0,6,42,3,51,4,6,48,5,63,42,6,48,111
03/19/2010,VCV,CA,AWP,WE,Federal Contract Tower,1,0,13,18,32,0,6,59,32,97,1,6,72,50,129,40,20,60,189
03/20/2010,VCV,CA,AWP,WE,Federal Contract Tower,4,0,7,0,11,0,2,73,0,75,4,2,80,0,86,60,0,60,146
03/21/2010,VCV,CA,AWP,WE,Federal Contract Tower,0,0,1,0,1,0,9,59,3,71,0,9,60,3,72,92,0,92,164
03/22/2010,VCV,CA,AWP,WE,Federal Contract Tower,1,0,16,11,28,0,4,41,20,65,1,4,57,31,93,0,34,34,127
03/23/2010,VCV,CA,AWP,WE,Federal Contract Tower,0,0,9,6,15,0,0,53,10,63,0,0,62,16,78,38,18,56,134
03/24/2010,VCV,CA,AWP,WE,Federal Contract Tower,1,0,10,3,14,0,3,61,6,70,1,3,71,9,84,46,46,92,176
03/25/2010,VCV,CA,AWP,WE,Federal Contract Tower,4,0,10,5,19,0,4,64,10,78,4,4,74,15,97,48,42,90,187
03/26/2010,VCV,CA,AWP,WE,Federal Contract Tower,0,0,6,1,7,0,3,48,4,55,0,3,54,5,62,16,18,34,96
03/27/2010,VCV,CA,AWP,WE,Federal Contract Tower,1,0,12,0,13,0,3,63,4,70,1,3,75,4,83,38,14,52,135
03/28/2010,VCV,CA,AWP,WE,Federal Contract Tower,1,1,2,0,4,0,3,55,13,71,1,4,57,13,75,38,8,46,121
03/29/2010,VCV,CA,AWP,WE,Federal Contract Tower,4,0,2,6,12,0,1,19,6,26,4,1,21,12,38,0,0,0,38
03/30/2010,VCV,CA,AWP,WE,Federal Contract Tower,1,2,9,2,14,0,2,60,4,66,1,4,69,6,80,18,26,44,124
03/31/2010,VCV,CA,AWP,WE,Federal Contract Tower,9,0,2,4,15,0,0,12,6,18,9,0,14,10,33,18,80,98,131
04/01/2010,VCV,CA,AWP,WE,Federal Contract Tower,10,0,5,2,17,0,2,21,6,29,10,2,26,8,46,14,0,14,60
04/02/2010,VCV,CA,AWP,WE,Federal Contract Tower,12,0,7,0,19,0,4,65,2,71,12,4,72,2,90,38,6,44,134
04/03/2010,VCV,CA,AWP,WE,Federal Contract Tower,1,0,14,0,15,0,7,66,0,73,1,7,80,0,88,36,0,36,124
04/04/2010,VCV,CA,AWP,WE,Federal Contract Tower,1,0,1,0,2,0,4,44,0,48,1,4,45,0,50,34,0,34,84
04/05/2010,VCV,CA,AWP,WE,Federal Contract Tower,4,0,0,0,4,0,2,6,0,8,4,2,6,0,12,0,0,0,12
04/06/2010,VCV,CA,AWP,WE,Federal Contract Tower,4,0,13,2,19,0,6,38,8,52,4,6,51,10,71,22,62,84,155
04/07/2010,VCV,CA,AWP,WE,Federal Contract Tower,4,0,11,5,20,0,3,39,11,53,4,3,50,16,73,28,36,64,137
04/08/2010,VCV,CA,AWP,WE,Federal Contract Tower,5,0,6,6,17,0,3,60,18,81,5,3,66,24,98,4,22,26,124
04/09/2010,VCV,CA,AWP,WE,Federal Contract Tower,10,0,11,2,23,0,6,32,7,45,10,6,43,9,68,6,6,12,80
04/10/2010,VCV,CA,AWP,WE,Federal Contract Tower,9,0,8,3,20,0,3,47,2,52,9,3,55,5,72,30,16,46,118
04/11/2010,VCV,CA,AWP,WE,Federal Contract Tower,8,0,7,0,15,0,2,44,3,49,8,2,51,3,64,10,30,40,104
04/12/2010,VCV,CA,AWP,WE,Federal Contract Tower,2,0,5,2,9,0,0,11,7,18,2,0,16,9,27,0,16,16,43
04/13/2010,VCV,CA,AWP,WE,Federal Contract Tower,0,0,6,2,8,0,0,46,14,60,0,0,52,16,68,4,54,58,126
04/14/2010,VCV,CA,AWP,WE,Federal Contract Tower,0,0,5,2,7,0,4,29,7,40,0,4,34,9,47,14,38,52,99
04/15/2010,VCV,CA,AWP,WE,Federal Contract Tower,5,0,9,4,18,0,4,28,19,51,5,4,37,23,69,14,36,50,119
04/16/2010,VCV,CA,AWP,WE,Federal Contract Tower,1,0,10,2,13,0,5,54,8,67,1,5,64,10,80,36,68,104,184
04/17/2010,VCV,CA,AWP,WE,Federal Contract Tower,0,0,6,0,6,0,2,65,0,67,0,2,71,0,73,50,0,50,123
04/18/2010,VCV,CA,AWP,WE,Federal Contract Tower,0,0,0,0,0,0,6,49,0,55,0,6,49,0,55,40,0,40,95
04/19/2010,VCV,CA,AWP,WE,Federal Contract Tower,0,0,7,12,19,0,1,20,0,21,0,1,27,12,40,20,0,20,60
04/20/2010,VCV,CA,AWP,WE,Federal Contract Tower,0,0,6,1,7,0,2,8,4,14,0,2,14,5,21,0,56,56,77
04/21/2010,VCV,CA,AWP,WE,Federal Contract Tower,0,0,8,4,12,0,2,33,3,38,0,2,41,7,50,20,0,20,70
04/22/2010,VCV,CA,AWP,WE,Federal Contract Tower,3,0,9,7,19,0,4,24,14,42,3,4,33,21,61,28,0,28,89
04/23/2010,VCV,CA,AWP,WE,Federal Contract Tower,1,0,20,2,23,0,4,69,16,89,1,4,89,18,112,26,18,44,156
04/24/2010,VCV,CA,AWP,WE,Federal Contract Tower,3,0,4,2,9,0,2,65,4,71,3,2,69,6,80,48,16,64,144
04/25/2010,VCV,CA,AWP,WE,Federal Contract Tower,0,0,5,0,5,0,3,59,6,68,0,3,64,6,73,30,40,70,143
04/26/2010,VCV,CA,AWP,WE,Federal Contract Tower,1,0,8,2,11,0,1,34,3,38,1,1,42,5,49,22,0,22,71
04/27/2010,VCV,CA,AWP,WE,Federal Contract Tower,2,0,4,2,8,0,2,60,5,67,2,2,64,7,75,34,82,116,191
04/28/2010,VCV,CA,AWP,WE,Federal Contract Tower,3,0,10,1,14,0,0,12,0,12,3,0,22,1,26,8,0,8,34
04/29/2010,VCV,CA,AWP,WE,Federal Contract Tower,4,0,6,0,10,0,1,12,0,13,4,1,18,0,23,2,0,2,25
04/30/2010,VCV,CA,AWP,WE,Federal Contract Tower,5,0,6,0,11,0,2,70,5,77,5,2,76,5,88,34,24,58,146
05/01/2010,VCV,CA,AWP,WE,Federal Contract Tower,3,0,1,0,4,0,1,60,2,63,3,1,61,2,67,52,8,60,127
05/02/2010,VCV,CA,AWP,WE,Federal Contract Tower,6,0,7,0,13,0,4,65,0,69,6,4,72,0,82,56,0,56,138
05/03/2010,VCV,CA,AWP,WE,Federal Contract Tower,0,0,8,2,10,0,2,22,4,28,0,2,30,6,38,2,0,2,40
05/04/2010,VCV,CA,AWP,WE,Federal Contract Tower,5,0,23,2,30,0,0,86,16,102,5,0,109,18,132,36,42,78,210
05/05/2010,VCV,CA,AWP,WE,Federal Contract Tower,13,2,6,6,27,0,0,23,6,29,13,2,29,12,56,0,28,28,84
05/06/2010,VCV,CA,AWP,WE,Federal Contract Tower,22,0,9,1,32,0,4,33,8,45,22,4,42,9,77,24,96,120,197
05/07/2010,VCV,CA,AWP,WE,Federal Contract Tower,12,0,7,2,21,0,5,56,4,65,12,5,63,6,86,56,66,122,208
05/08/2010,VCV,CA,AWP,WE,Federal Contract Tower,9,0,11,0,20,0,3,63,0,66,9,3,74,0,86,28,0,28,114
05/09/2010,VCV,CA,AWP,WE,Federal Contract Tower,4,0,3,0,7,0,0,28,0,28,4,0,31,0,35,0,0,0,35
05/10/2010,VCV,CA,AWP,WE,Federal Contract Tower,0,0,12,0,12,0,2,23,0,25,0,2,35,0,37,8,0,8,45
05/11/2010,VCV,CA,AWP,WE,Federal Contract Tower,4,0,4,3,11,0,0,7,1,8,4,0,11,4,19,0,50,50,69
05/12/2010,VCV,CA,AWP,WE,Federal Contract Tower,5,0,13,3,21,0,0,49,5,54,5,0,62,8,75,32,74,106,181
05/13/2010,VCV,CA,AWP,WE,Federal Contract Tower,14,0,22,2,38,0,4,41,10,55,14,4,63,12,93,10,106,116,209
05/14/2010,VCV,CA,AWP,WE,Federal Contract Tower,13,0,15,4,32,0,7,33,7,47,13,7,48,11,79,2,138,140,219
05/15/2010,VCV,CA,AWP,WE,Federal Contract Tower,9,0,5,0,14,0,6,30,3,39,9,6,35,3,53,0,128,128,181
05/16/2010,VCV,CA,AWP,WE,Federal Contract Tower,11,0,7,1,19,0,2,17,2,21,11,2,24,3,40,2,80,82,122
05/17/2010,VCV,CA,AWP,WE,Federal Contract Tower,2,0,7,2,11,0,2,18,3,23,2,2,25,5,34,0,14,14,48
05/18/2010,VCV,CA,AWP,WE,Federal Contract Tower,1,0,11,2,14,0,0,33,4,37,1,0,44,6,51,2,130,132,183
05/19/2010,VCV,CA,AWP,WE,Federal Contract Tower,1,0,8,8,17,3,2,61,13,79,4,2,69,21,96,30,96,126,222
05/20/2010,VCV,CA,AWP,WE,Federal Contract Tower,3,0,7,1,11,0,2,14,2,18,3,2,21,3,29,4,0,4,33
05/21/2010,VCV,CA,AWP,WE,Federal Contract Tower,3,0,7,0,10,0,6,48,0,54,3,6,55,0,64,40,0,40,104
05/22/2010,VCV,CA,AWP,WE,Federal Contract Tower,3,0,8,0,11,0,5,53,0,58,3,5,61,0,69,38,0,38,107
05/23/2010,VCV,CA,AWP,WE,Federal Contract Tower,1,0,7,0,8,0,2,50,0,52,1,2,57,0,60,28,0,28,88
05/24/2010,VCV,CA,AWP,WE,Federal Contract Tower,0,0,11,7,18,0,0,17,2,19,0,0,28,9,37,20,10,30,67
05/25/2010,VCV,CA,AWP,WE,Federal Contract Tower,1,0,18,17,36,0,3,79,31,113,1,3,97,48,149,80,150,230,379
05/26/2010,VCV,CA,AWP,WE,Federal Contract Tower,2,0,7,7,16,0,3,16,29,48,2,3,23,36,64,6,22,28,92
05/27/2010,VCV,CA,AWP,WE,Federal Contract Tower,6,0,6,3,15,0,3,13,16,32,6,3,19,19,47,6,16,22,69
05/28/2010,VCV,CA,AWP,WE,Federal Contract Tower,0,0,11,4,15,0,5,57,21,83,0,5,68,25,98,24,24,48,146
05/29/2010,VCV,CA,AWP,WE,Federal Contract Tower,4,0,6,0,10,2,4,63,0,69,6,4,69,0,79,26,0,26,105
05/30/2010,VCV,CA,AWP,WE,Federal Contract Tower,3,0,9,0,12,0,5,53,0,58,3,5,62,0,70,22,0,22,92
05/31/2010,VCV,CA,AWP,WE,Federal Contract Tower,1,0,3,1,5,0,0,17,4,21,1,0,20,5,26,8,16,24,50
06/01/2010,VCV,CA,AWP,WE,Federal Contract Tower,1,0,10,7,18,0,3,57,7,67,1,3,67,14,85,46,48,94,179
06/02/2010,VCV,CA,AWP,WE,Federal Contract Tower,2,0,23,2,27,0,5,92,11,108,2,5,115,13,135,48,118,166,301
06/03/2010,VCV,CA,AWP,WE,Federal Contract Tower,4,1,26,0,31,0,4,52,2,58,4,5,78,2,89,10,26,36,125
06/04/2010,VCV,CA,AWP,WE,Federal Contract Tower,3,0,15,1,19,1,5,68,5,79,4,5,83,6,98,56,28,84,182
06/05/2010,VCV,CA,AWP,WE,Federal Contract Tower,6,0,13,0,19,1,8,82,5,96,7,8,95,5,115,69,38,107,222
06/06/2010,VCV,CA,AWP,WE,Federal Contract Tower,1,0,13,0,14,0,6,65,2,73,1,6,78,2,87,56,14,70,157
06/07/2010,VCV,CA,AWP,WE,Federal Contract Tower,3,0,16,2,21,0,2,31,0,33,3,2,47,2,54,32,8,40,94
06/08/2010,VCV,CA,AWP,WE,Federal Contract Tower,10,0,8,2,20,0,2,39,6,47,10,2,47,8,67,40,42,82,149
06/09/2010,VCV,CA,AWP,WE,Federal Contract Tower,21,0,9,6,36,0,2,17,9,28,21,2,26,15,64,10,46,56,120
06/10/2010,VCV,CA,AWP,WE,Federal Contract Tower,8,0,11,1,20,0,4,20,2,26,8,4,31,3,46,12,0,12,58
06/11/2010,VCV,CA,AWP,WE,Federal Contract Tower,1,0,7,3,11,0,2,58,5,65,1,2,65,8,76,40,52,92,168
06/12/2010,VCV,CA,AWP,WE,Federal Contract Tower,4,0,12,0,16,0,2,53,2,57,4,2,65,2,73,44,20,64,137
06/13/2010,VCV,CA,AWP,WE,Federal Contract Tower,2,0,12,0,14,0,4,61,3,68,2,4,73,3,82,20,18,38,120
06/14/2010,VCV,CA,AWP,WE,Federal Contract Tower,0,0,14,3,17,0,1,38,1,40,0,1,52,4,57,20,22,42,99
06/15/2010,VCV,CA,AWP,WE,Federal Contract Tower,2,0,25,3,30,0,0,56,7,63,2,0,81,10,93,36,36,72,165
06/16/2010,VCV,CA,AWP,WE,Federal Contract Tower,1,0,24,3,28,0,2,62,4,68,1,2,86,7,96,8,36,44,140
06/17/2010,VCV,CA,AWP,WE,Federal Contract Tower,2,0,9,0,11,0,3,44,2,49,2,3,53,2,60,60,6,66,126
06/18/2010,VCV,CA,AWP,WE,Federal Contract Tower,1,0,11,3,15,0,3,95,7,105,1,3,106,10,120,70,18,88,208
06/19/2010,VCV,CA,AWP,WE,Federal Contract Tower,3,0,5,0,8,0,2,17,0,19,3,2,22,0,27,0,0,0,27
06/20/2010,VCV,CA,AWP,WE,Federal Contract Tower,0,0,0,0,0,0,3,37,0,40,0,3,37,0,40,22,0,22,62
06/21/2010,VCV,CA,AWP,WE,Federal Contract Tower,1,0,5,9,15,0,6,13,3,22,1,6,18,12,37,12,22,34,71
06/22/2010,VCV,CA,AWP,WE,Federal Contract Tower,1,0,3,6,10,0,2,16,10,28,1,2,19,16,38,18,76,94,132
06/23/2010,VCV,CA,AWP,WE,Federal Contract Tower,3,0,4,4,11,0,0,20,3,23,3,0,24,7,34,0,14,14,48
06/24/2010,VCV,CA,AWP,WE,Federal Contract Tower,2,0,7,2,11,0,4,30,3,37,2,4,37,5,48,16,24,40,88
06/25/2010,VCV,CA,AWP,WE,Federal Contract Tower,0,0,10,1,11,0,2,42,4,48,0,2,52,5,59,14,4,18,77
06/26/2010,VCV,CA,AWP,WE,Federal Contract Tower,0,0,11,0,11,0,6,48,0,54,0,6,59,0,65,38,0,38,103
06/27/2010,VCV,CA,AWP,WE,Federal Contract Tower,0,0,9,0,9,0,4,44,0,48,0,4,53,0,57,28,0,28,85
06/28/2010,VCV,CA,AWP,WE,Federal Contract Tower,4,0,8,4,16,0,0,48,9,57,4,0,56,13,73,2,42,44,117
06/29/2010,VCV,CA,AWP,WE,Federal Contract Tower,2,0,6,4,12,0,0,22,10,32,2,0,28,14,44,14,42,56,100
06/30/2010,VCV,CA,AWP,WE,Federal Contract Tower,2,0,10,1,13,0,6,32,6,44,2,6,42,7,57,22,6,28,85
07/01/2010,VCV,CA,AWP,WE,Federal Contract Tower,3,2,12,2,19,0,1,63,6,70,3,3,75,8,89,4,28,32,121
07/02/2010,VCV,CA,AWP,WE,Federal Contract Tower,12,0,9,1,22,0,7,38,6,51,12,7,47,7,73,4,0,4,77
07/03/2010,VCV,CA,AWP,WE,Federal Contract Tower,12,3,8,0,23,0,6,58,0,64,12,9,66,0,87,52,0,52,139
07/04/2010,VCV,CA,AWP,WE,Federal Contract Tower,20,0,7,0,27,0,4,41,0,45,20,4,48,0,72,36,0,36,108
07/05/2010,VCV,CA,AWP,WE,Federal Contract Tower,4,0,4,0,8,0,4,32,2,38,4,4,36,2,46,8,0,8,54
07/06/2010,VCV,CA,AWP,WE,Federal Contract Tower,0,1,9,6,16,0,8,40,13,61,0,9,49,19,77,0,50,50,127
07/07/2010,VCV,CA,AWP,WE,Federal Contract Tower,1,0,2,8,11,0,3,21,13,37,1,3,23,21,48,10,50,60,108
07/08/2010,VCV,CA,AWP,WE,Federal Contract Tower,2,0,2,2,6,0,1,21,6,28,2,1,23,8,34,10,12,22,56
07/09/2010,VCV,CA,AWP,WE,Federal Contract Tower,2,1,2,0,5,0,5,22,4,31,2,6,24,4,36,4,18,22,58
07/10/2010,VCV,CA,AWP,WE,Federal Contract Tower,0,0,9,0,9,0,3,62,1,66,0,3,71,1,75,36,0,36,111
07/11/2010,VCV,CA,AWP,WE,Federal Contract Tower,0,0,7,0,7,0,6,38,2,46,0,6,45,2,53,26,24,50,103
07/12/2010,VCV,CA,AWP,WE,Federal Contract Tower,4,0,6,5,15,0,0,21,3,24,4,0,27,8,39,14,22,36,75
07/13/2010,VCV,CA,AWP,WE,Federal Contract Tower,1,2,11,4,18,0,0,41,5,46,1,2,52,9,64,28,54,82,146
07/14/2010,VCV,CA,AWP,WE,Federal Contract Tower,0,0,5,8,13,0,2,14,12,28,0,2,19,20,41,2,52,54,95
07/15/2010,VCV,CA,AWP,WE,Federal Contract Tower,2,0,11,1,14,0,5,15,4,24,2,5,26,5,38,8,2,10,48
07/16/2010,VCV,CA,AWP,WE,Federal Contract Tower,0,0,6,0,6,0,4,37,0,41,0,4,43,0,47,26,0,26,73
07/17/2010,VCV,CA,AWP,WE,Federal Contract Tower,3,0,9,0,12,0,4,64,0,68,3,4,73,0,80,35,0,35,115
07/18/2010,VCV,CA,AWP,WE,Federal Contract Tower,0,0,8,0,8,0,4,19,0,23,0,4,27,0,31,0,0,0,31
07/19/2010,VCV,CA,AWP,WE,Federal Contract Tower,7,1,10,4,22,0,1,29,2,32,7,2,39,6,54,50,36,86,140
07/20/2010,VCV,CA,AWP,WE,Federal Contract Tower,4,0,4,8,16,0,2,18,5,25,4,2,22,13,41,8,24,32,73
07/21/2010,VCV,CA,AWP,WE,Federal Contract Tower,2,2,15,7,26,0,0,22,17,39,2,2,37,24,65,6,58,64,129
07/22/2010,VCV,CA,AWP,WE,Federal Contract Tower,3,0,7,1,11,0,3,41,6,50,3,3,48,7,61,2,4,6,67
07/23/2010,VCV,CA,AWP,WE,Federal Contract Tower,2,0,4,9,15,0,13,9,17,39,2,13,13,26,54,2,12,14,68
07/24/2010,VCV,CA,AWP,WE,Federal Contract Tower,2,0,9,0,11,0,4,52,0,56,2,4,61,0,67,26,0,26,93
07/25/2010,VCV,CA,AWP,WE,Federal Contract Tower,2,0,4,0,6,0,0,27,0,27,2,0,31,0,33,0,0,0,33
07/26/2010,VCV,CA,AWP,WE,Federal Contract Tower,10,0,9,4,23,2,1,20,5,28,12,1,29,9,51,0,4,4,55
07/27/2010,VCV,CA,AWP,WE,Federal Contract Tower,4,0,4,7,15,0,2,30,12,44,4,2,34,19,59,18,54,72,131
07/28/2010,VCV,CA,AWP,WE,Federal Contract Tower,21,1,14,3,39,0,1,44,10,55,21,2,58,13,94,12,24,36,130
07/29/2010,VCV,CA,AWP,WE,Federal Contract Tower,34,1,7,4,46,0,5,20,11,36,34,6,27,15,82,24,16,40,122
07/30/2010,VCV,CA,AWP,WE,Federal Contract Tower,31,0,4,5,40,0,7,53,19,79,31,7,57,24,119,48,58,106,225
07/31/2010,VCV,CA,AWP,WE,Federal Contract Tower,25,0,8,5,38,0,7,44,5,56,25,7,52,10,94,16,16,32,126
08/01/2010,VCV,CA,AWP,WE,Federal Contract Tower,11,0,8,1,20,0,1,54,7,62,11,1,62,8,82,18,40,58,140
08/02/2010,VCV,CA,AWP,WE,Federal Contract Tower,7,0,4,4,15,0,0,59,4,63,7,0,63,8,78,0,30,30,108
08/03/2010,VCV,CA,AWP,WE,Federal Contract Tower,2,0,5,8,15,0,0,54,15,69,2,0,59,23,84,22,60,82,166
08/04/2010,VCV,CA,AWP,WE,Federal Contract Tower,0,0,4,5,9,0,2,58,11,71,0,2,62,16,80,42,72,114,194
08/05/2010,VCV,CA,AWP,WE,Federal Contract Tower,4,0,6,4,14,0,8,22,4,34,4,8,28,8,48,10,10,20,68
08/06/2010,VCV,CA,AWP,WE,Federal Contract Tower,0,0,4,1,5,0,1,23,4,28,0,1,27,5,33,14,8,22,55
08/07/2010,VCV,CA,AWP,WE,Federal Contract Tower,1,0,9,8,18,0,0,63,21,84,1,0,72,29,102,10,58,68,170
08/08/2010,VCV,CA,AWP,WE,Federal Contract Tower,0,0,4,2,6,0,4,37,1,42,0,4,41,3,48,8,2,10,58
08/09/2010,VCV,CA,AWP,WE,Federal Contract Tower,0,0,2,3,5,0,0,22,6,28,0,0,24,9,33,16,8,24,57
08/10/2010,VCV,CA,AWP,WE,Federal Contract Tower,0,0,5,5,10,0,0,26,9,35,0,0,31,14,45,10,28,38,83
08/11/2010,VCV,CA,AWP,WE,Federal Contract Tower,3,0,12,7,22,0,2,21,8,31,3,2,33,15,53,14,42,56,109
08/12/2010,VCV,CA,AWP,WE,Federal Contract Tower,4,0,1,3,8,0,4,12,6,22,4,4,13,9,30,18,22,40,70
08/13/2010,VCV,CA,AWP,WE,Federal Contract Tower,1,0,2,5,8,0,4,32,10,46,1,4,34,15,54,8,2,10,64
08/14/2010,VCV,CA,AWP,WE,Federal Contract Tower,2,0,7,2,11,0,6,40,1,47,2,6,47,3,58,30,6,36,94
08/15/2010,VCV,CA,AWP,WE,Federal Contract Tower,0,0,6,0,6,0,4,45,0,49,0,4,51,0,55,24,0,24,79
08/16/2010,VCV,CA,AWP,WE,Federal Contract Tower,3,0,13,2,18,0,6,68,2,76,3,6,81,4,94,74,30,104,198
08/17/2010,VCV,CA,AWP,WE,Federal Contract Tower,0,0,12,4,16,0,6,58,4,68,0,6,70,8,84,38,45,83,167
08/18/2010,VCV,CA,AWP,WE,Federal Contract Tower,1,0,7,9,17,0,0,23,11,34,1,0,30,20,51,2,32,34,85
08/19/2010,VCV,CA,AWP,WE,Federal Contract Tower,3,0,13,2,18,0,1,31,5,37,3,1,44,7,55,32,0,32,87
08/20/2010,VCV,CA,AWP,WE,Federal Contract Tower,2,0,18,2,22,0,4,66,12,82,2,4,84,14,104,72,32,104,208
08/21/2010,VCV,CA,AWP,WE,Federal Contract Tower,13,0,6,0,19,0,1,23,0,24,13,1,29,0,43,14,0,14,57
08/22/2010,VCV,CA,AWP,WE,Federal Contract Tower,3,4,5,2,14,0,11,60,2,73,3,15,65,4,87,54,2,56,143
08/23/2010,VCV,CA,AWP,WE,Federal Contract Tower,4,0,10,0,14,0,0,27,0,27,4,0,37,0,41,12,0,12,53
08/24/2010,VCV,CA,AWP,WE,Federal Contract Tower,13,0,10,5,28,0,6,49,9,64,13,6,59,14,92,20,78,98,190
08/25/2010,VCV,CA,AWP,WE,Federal Contract Tower,18,0,13,9,40,0,5,53,11,69,18,5,66,20,109,22,38,60,169
08/26/2010,VCV,CA,AWP,WE,Federal Contract Tower,10,0,14,1,25,0,4,60,2,66,10,4,74,3,91,68,30,98,189
08/27/2010,VCV,CA,AWP,WE,Federal Contract Tower,2,0,19,0,21,0,6,28,0,34,2,6,47,0,55,4,0,4,59
08/28/2010,VCV,CA,AWP,WE,Federal Contract Tower,6,0,13,0,19,0,4,60,0,64,6,4,73,0,83,16,0,16,99
08/29/2010,VCV,CA,AWP,WE,Federal Contract Tower,5,0,6,11,22,0,4,52,1,57,5,4,58,12,79,30,6,36,115
08/30/2010,VCV,CA,AWP,WE,Federal Contract Tower,1,1,3,5,10,0,2,15,4,21,1,3,18,9,31,8,38,46,77
08/31/2010,VCV,CA,AWP,WE,Federal Contract Tower,4,0,11,6,21,0,2,39,17,58,4,2,50,23,79,4,56,60,139
09/01/2010,VCV,CA,AWP,WE,Federal Contract Tower,8,0,12,12,32,0,1,33,10,44,8,1,45,22,76,18,28,46,122
09/02/2010,VCV,CA,AWP,WE,Federal Contract Tower,7,0,10,3,20,0,1,56,4,61,7,1,66,7,81,14,32,46,127
09/03/2010,VCV,CA,AWP,WE,Federal Contract Tower,2,0,2,0,4,0,3,52,1,56,2,3,54,1,60,30,8,38,98
09/04/2010,VCV,CA,AWP,WE,Federal Contract Tower,0,0,3,0,3,0,7,36,0,43,0,7,39,0,46,40,0,40,86
09/05/2010,VCV,CA,AWP,WE,Federal Contract Tower,1,0,1,3,5,0,6,51,2,59,1,6,52,5,64,42,28,70,134
09/06/2010,VCV,CA,AWP,WE,Federal Contract Tower,0,0,8,0,8,0,4,56,0,60,0,4,64,0,68,50,0,50,118
09/07/2010,VCV,CA,AWP,WE,Federal Contract Tower,1,0,6,2,9,0,2,42,1,45,1,2,48,3,54,30,36,66,120
09/08/2010,VCV,CA,AWP,WE,Federal Contract Tower,3,0,10,4,17,0,1,27,3,31,3,1,37,7,48,8,36,44,92
09/09/2010,VCV,CA,AWP,WE,Federal Contract Tower,3,0,9,5,17,0,2,52,8,62,3,2,61,13,79,28,54,82,161
09/10/2010,VCV,CA,AWP,WE,Federal Contract Tower,1,0,6,0,7,0,4,69,3,76,1,4,75,3,83,82,26,108,191
09/11/2010,VCV,CA,AWP,WE,Federal Contract Tower,1,0,10,2,13,0,4,43,6,53,1,4,53,8,66,36,48,84,150
09/12/2010,VCV,CA,AWP,WE,Federal Contract Tower,1,0,14,2,17,0,3,65,10,78,1,3,79,12,95,44,38,82,177
09/13/2010,VCV,CA,AWP,WE,Federal Contract Tower,2,0,8,3,13,0,3,44,7,54,2,3,52,10,67,28,44,72,139
09/14/2010,VCV,CA,AWP,WE,Federal Contract Tower,7,0,7,6,20,0,2,32,10,44,7,2,39,16,64,16,50,66,130
09/15/2010,VCV,CA,AWP,WE,Federal Contract Tower,1,0,8,8,17,0,7,27,9,43,1,7,35,17,60,22,24,46,106
09/16/2010,VCV,CA,AWP,WE,Federal Contract Tower,17,0,8,5,30,0,7,58,9,74,17,7,66,14,104,30,102,132,236
09/17/2010,VCV,CA,AWP,WE,Federal Contract Tower,4,0,15,2,21,0,5,61,18,84,4,5,76,20,105,44,30,74,179
09/18/2010,VCV,CA,AWP,WE,Federal Contract Tower,10,0,12,0,22,0,1,53,2,56,10,1,65,2,78,18,12,30,108
09/19/2010,VCV,CA,AWP,WE,Federal Contract Tower,11,0,10,2,23,0,2,55,4,61,11,2,65,6,84,34,8,42,126
09/20/2010,VCV,CA,AWP,WE,Federal Contract Tower,3,0,9,2,14,0,2,42,2,46,3,2,51,4,60,24,24,48,108
09/21/2010,VCV,CA,AWP,WE,Federal Contract Tower,4,0,11,6,21,0,5,23,8,36,4,5,34,14,57,6,36,42,99
09/22/2010,VCV,CA,AWP,WE,Federal Contract Tower,2,0,8,1,11,0,3,41,4,48,2,3,49,5,59,28,46,74,133
09/23/2010,VCV,CA,AWP,WE,Federal Contract Tower,3,0,22,4,29,0,6,56,7,69,3,6,78,11,98,28,20,48,146
09/24/2010,VCV,CA,AWP,WE,Federal Contract Tower,3,0,15,3,21,0,2,44,4,50,3,2,59,7,71,20,4,24,95
09/25/2010,VCV,CA,AWP,WE,Federal Contract Tower,0,0,13,0,13,0,3,71,1,75,0,3,84,1,88,26,8,34,122
09/26/2010,VCV,CA,AWP,WE,Federal Contract Tower,1,0,0,2,3,0,2,15,2,19,1,2,15,4,22,0,0,0,22
09/27/2010,VCV,CA,AWP,WE,Federal Contract Tower,2,0,15,1,18,0,4,38,8,50,2,4,53,9,68,14,0,14,82
09/28/2010,VCV,CA,AWP,WE,Federal Contract Tower,1,0,20,7,28,0,2,68,6,76,1,2,88,13,104,18,88,106,210
09/29/2010,VCV,CA,AWP,WE,Federal Contract Tower,1,0,18,6,25,0,5,70,22,97,1,5,88,28,122,52,92,144,266
09/30/2010,VCV,CA,AWP,WE,Federal Contract Tower,2,1,8,2,13,0,3,40,7,50,2,4,48,9,63,14,24,38,101
10/01/2010,VCV,CA,AWP,WE,Federal Contract Tower,1,0,10,4,15,0,1,47,9,57,1,1,57,13,72,18,42,60,132
10/02/2010,VCV,CA,AWP,WE,Federal Contract Tower,0,0,8,2,10,0,5,34,5,44,0,5,42,7,54,32,20,52,106
10/03/2010,VCV,CA,AWP,WE,Federal Contract Tower,0,0,5,0,5,0,4,20,0,24,0,4,25,0,29,29,0,29,58
10/04/2010,VCV,CA,AWP,WE,Federal Contract Tower,1,0,6,0,7,0,0,5,0,5,1,0,11,0,12,14,0,14,26
10/05/2010,VCV,CA,AWP,WE,Federal Contract Tower,1,0,15,3,19,0,6,65,4,75,1,6,80,7,94,40,40,80,174
10/06/2010,VCV,CA,AWP,WE,Federal Contract Tower,1,0,10,7,18,0,2,47,6,55,1,2,57,13,73,8,102,110,183
10/07/2010,VCV,CA,AWP,WE,Federal Contract Tower,3,2,8,1,14,1,6,32,4,43,4,8,40,5,57,8,20,28,85
10/08/2010,VCV,CA,AWP,WE,Federal Contract Tower,0,0,14,1,15,0,3,89,7,99,0,3,103,8,114,76,48,124,238
10/09/2010,VCV,CA,AWP,WE,Federal Contract Tower,0,0,6,5,11,0,6,23,8,37,0,6,29,13,48,20,0,20,68
10/10/2010,VCV,CA,AWP,WE,Federal Contract Tower,1,0,6,0,7,0,1,25,0,26,1,1,31,0,33,6,0,6,39
10/11/2010,VCV,CA,AWP,WE,Federal Contract Tower,2,0,7,0,9,0,2,30,0,32,2,2,37,0,41,42,0,42,83
10/12/2010,VCV,CA,AWP,WE,Federal Contract Tower,3,0,18,4,25,0,2,60,3,65,3,2,78,7,90,44,62,106,196
10/13/2010,VCV,CA,AWP,WE,Federal Contract Tower,5,0,10,4,19,1,4,67,9,81,6,4,77,13,100,36,58,94,194
10/14/2010,VCV,CA,AWP,WE,Federal Contract Tower,11,0,13,0,24,0,3,45,7,55,11,3,58,7,79,20,8,28,107
10/15/2010,VCV,CA,AWP,WE,Federal Contract Tower,9,0,9,0,18,0,3,46,6,55,9,3,55,6,73,26,58,84,157
10/16/2010,VCV,CA,AWP,WE,Federal Contract Tower,0,0,26,0,26,0,3,45,3,51,0,3,71,3,77,10,26,36,113
10/17/2010,VCV,CA,AWP,WE,Federal Contract Tower,0,0,8,0,8,0,1,19,0,20,0,1,27,0,28,10,0,10,38
10/18/2010,VCV,CA,AWP,WE,Federal Contract Tower,6,0,9,6,21,0,5,21,11,37,6,5,30,17,58,10,32,42,100
10/19/2010,VCV,CA,AWP,WE,Federal Contract Tower,0,0,3,6,9,0,1,37,5,43,0,1,40,11,52,8,64,72,124
10/20/2010,VCV,CA,AWP,WE,Federal Contract Tower,1,2,5,2,10,0,0,3,0,3,1,2,8,2,13,0,8,8,21
10/21/2010,VCV,CA,AWP,WE,Federal Contract Tower,2,0,4,4,10,0,11,27,12,50,2,11,31,16,60,15,22,37,97
10/22/2010,VCV,CA,AWP,WE,Federal Contract Tower,14,0,10,6,30,0,4,24,22,50,14,4,34,28,80,18,20,38,118
10/23/2010,VCV,CA,AWP,WE,Federal Contract Tower,21,0,15,0,36,0,6,27,0,33,21,6,42,0,69,8,0,8,77
10/24/2010,VCV,CA,AWP,WE,Federal Contract Tower,20,0,4,4,28,0,1,3,5,9,20,1,7,9,37,2,0,2,39
10/25/2010,VCV,CA,AWP,WE,Federal Contract Tower,0,2,7,2,11,0,2,31,2,35,0,4,38,4,46,32,20,52,98
10/26/2010,VCV,CA,AWP,WE,Federal Contract Tower,3,0,8,10,21,0,7,62,9,78,3,7,70,19,99,17,80,97,196
10/27/2010,VCV,CA,AWP,WE,Federal Contract Tower,2,0,10,2,14,0,2,50,7,59,2,2,60,9,73,83,60,143,216
10/28/2010,VCV,CA,AWP,WE,Federal Contract Tower,3,3,6,6,18,0,5,40,9,54,3,8,46,15,72,65,33,98,170
10/29/2010,VCV,CA,AWP,WE,Federal Contract Tower,2,0,13,1,16,0,3,46,5,54,2,3,59,6,70,44,74,118,188
10/30/2010,VCV,CA,AWP,WE,Federal Contract Tower,1,0,6,0,7,0,4,13,2,19,1,4,19,2,26,0,0,0,26
10/31/2010,VCV,CA,AWP,WE,Federal Contract Tower,0,0,4,3,7,0,2,15,0,17,0,2,19,3,24,18,0,18,42
11/01/2010,VCV,CA,AWP,WE,Federal Contract Tower,2,0,3,2,7,0,0,18,6,24,2,0,21,8,31,12,14,26,57
11/02/2010,VCV,CA,AWP,WE,Federal Contract Tower,3,0,15,6,24,0,5,52,6,63,3,5,67,12,87,30,118,148,235
11/03/2010,VCV,CA,AWP,WE,Federal Contract Tower,3,0,12,2,17,0,3,67,8,78,3,3,79,10,95,34,78,112,207
11/04/2010,VCV,CA,AWP,WE,Federal Contract Tower,2,0,12,12,26,1,5,36,13,55,3,5,48,25,81,10,68,78,159
11/05/2010,VCV,CA,AWP,WE,Federal Contract Tower,4,0,13,3,20,0,0,23,5,28,4,0,36,8,48,14,20,34,82
11/06/2010,VCV,CA,AWP,WE,Federal Contract Tower,3,0,0,0,3,0,7,33,7,47,3,7,33,7,50,37,62,99,149
11/07/2010,VCV,CA,AWP,WE,Federal Contract Tower,1,0,1,4,6,0,5,12,2,19,1,5,13,6,25,0,27,27,52
11/08/2010,VCV,CA,AWP,WE,Federal Contract Tower,3,1,15,3,22,0,4,29,5,38,3,5,44,8,60,2,54,56,116
11/09/2010,VCV,CA,AWP,WE,Federal Contract Tower,3,0,19,5,27,0,10,71,9,90,3,10,90,14,117,46,121,167,284
11/10/2010,VCV,CA,AWP,WE,Federal Contract Tower,5,0,8,2,15,0,1,41,2,44,5,1,49,4,59,32,32,64,123
11/11/2010,VCV,CA,AWP,WE,Federal Contract Tower,0,1,6,1,8,0,0,18,0,18,0,1,24,1,26,0,0,0,26
11/12/2010,VCV,CA,AWP,WE,Federal Contract Tower,1,3,2,11,17,0,6,12,21,39,1,9,14,32,56,27,27,54,110
11/13/2010,VCV,CA,AWP,WE,Federal Contract Tower,4,0,8,0,12,0,5,25,0,30,4,5,33,0,42,53,0,53,95
11/14/2010,VCV,CA,AWP,WE,Federal Contract Tower,3,0,17,0,20,0,9,31,0,40,3,9,48,0,60,21,0,21,81
11/15/2010,VCV,CA,AWP,WE,Federal Contract Tower,1,1,5,3,10,0,2,16,1,19,1,3,21,4,29,6,26,32,61
11/16/2010,VCV,CA,AWP,WE,Federal Contract Tower,10,0,21,4,35,0,4,78,7,89,10,4,99,11,124,28,100,128,252
11/17/2010,VCV,CA,AWP,WE,Federal Contract Tower,14,0,16,13,43,0,3,64,8,75,14,3,80,21,118,30,86,116,234
11/18/2010,VCV,CA,AWP,WE,Federal Contract Tower,11,0,12,4,27,0,3,58,14,75,11,3,70,18,102,32,80,112,214
11/19/2010,VCV,CA,AWP,WE,Federal Contract Tower,2,0,7,0,9,0,4,13,5,22,2,4,20,5,31,4,35,39,70
11/20/2010,VCV,CA,AWP,WE,Federal Contract Tower,0,0,0,0,0,0,1,7,0,8,0,1,7,0,8,0,0,0,8
11/21/2010,VCV,CA,AWP,WE,Federal Contract Tower,0,1,0,2,3,0,5,6,0,11,0,6,6,2,14,0,6,6,20
11/22/2010,VCV,CA,AWP,WE,Federal Contract Tower,5,1,4,0,10,0,7,22,2,31,5,8,26,2,41,0,47,47,88
11/23/2010,VCV,CA,AWP,WE,Federal Contract Tower,7,0,17,0,24,0,1,49,2,52,7,1,66,2,76,12,30,42,118
11/24/2010,VCV,CA,AWP,WE,Federal Contract Tower,1,0,11,4,16,0,4,36,6,46,1,4,47,10,62,22,46,68,130
11/25/2010,VCV,CA,AWP,WE,Federal Contract Tower,0,0,1,0,1,0,2,5,0,7,0,2,6,0,8,14,0,14,22
11/26/2010,VCV,CA,AWP,WE,Federal Contract Tower,1,0,0,0,1,0,14,13,0,27,1,14,13,0,28,5,0,5,33
11/27/2010,VCV,CA,AWP,WE,Federal Contract Tower,2,1,5,0,8,2,7,34,0,43,4,8,39,0,51,22,0,22,73
11/28/2010,VCV,CA,AWP,WE,Federal Contract Tower,1,0,3,0,4,0,1,4,0,5,1,1,7,0,9,0,0,0,9
11/29/2010,VCV,CA,AWP,WE,Federal Contract Tower,1,4,26,1,32,0,0,37,2,39,1,4,63,3,71,10,0,10,81
11/30/2010,VCV,CA,AWP,WE,Federal Contract Tower,0,3,13,3,19,0,5,64,4,73,0,8,77,7,92,46,54,100,192
12/01/2010,VCV,CA,AWP,WE,Federal Contract Tower,1,0,11,0,12,0,3,58,4,65,1,3,69,4,77,34,46,80,157
12/02/2010,VCV,CA,AWP,WE,Federal Contract Tower,3,0,20,7,30,0,6,61,15,82,3,6,81,22,112,22,40,62,174
12/03/2010,VCV,CA,AWP,WE,Federal Contract Tower,0,0,22,6,28,0,3,37,7,47,0,3,59,13,75,30,26,56,131
12/04/2010,VCV,CA,AWP,WE,Federal Contract Tower,8,0,9,2,19,0,1,16,10,27,8,1,25,12,46,25,52,77,123
12/05/2010,VCV,CA,AWP,WE,Federal Contract Tower,1,0,9,0,10,0,0,17,0,17,1,0,26,0,27,4,0,4,31
12/06/2010,VCV,CA,AWP,WE,Federal Contract Tower,3,4,3,2,12,1,13,22,2,38,4,17,25,4,50,6,60,66,116
12/07/2010,VCV,CA,AWP,WE,Federal Contract Tower,3,2,15,4,24,4,5,77,7,93,7,7,92,11,117,41,64,105,222
12/08/2010,VCV,CA,AWP,WE,Federal Contract Tower,0,0,11,6,17,0,4,52,17,73,0,4,63,23,90,30,122,152,242
12/09/2010,VCV,CA,AWP,WE,Federal Contract Tower,2,0,18,6,26,0,1,42,10,53,2,1,60,16,79,14,28,42,121
12/10/2010,VCV,CA,AWP,WE,Federal Contract Tower,3,1,4,0,8,0,6,14,0,20,3,7,18,0,28,8,0,8,36
12/11/2010,VCV,CA,AWP,WE,Federal Contract Tower,4,7,13,4,28,0,14,37,0,51,4,21,50,4,79,36,8,44,123
12/12/2010,VCV,CA,AWP,WE,Federal Contract Tower,2,0,9,7,18,0,6,29,4,39,2,6,38,11,57,12,18,30,87
12/13/2010,VCV,CA,AWP,WE,Federal Contract Tower,2,0,14,10,26,0,19,29,5,53,2,19,43,15,79,26,50,76,155
12/14/2010,VCV,CA,AWP,WE,Federal Contract Tower,3,2,10,6,21,0,5,50,7,62,3,7,60,13,83,34,68,102,185
12/15/2010,VCV,CA,AWP,WE,Federal Contract Tower,2,1,19,5,27,0,3,85,8,96,2,4,104,13,123,22,64,86,209
12/16/2010,VCV,CA,AWP,WE,Federal Contract Tower,4,1,7,1,13,0,5,48,8,61,4,6,55,9,74,16,42,58,132
12/17/2010,VCV,CA,AWP,WE,Federal Contract Tower,1,2,14,0,17,0,1,35,0,36,1,3,49,0,53,24,0,24,77
12/18/2010,VCV,CA,AWP,WE,Federal Contract Tower,3,0,0,0,3,0,0,14,0,14,3,0,14,0,17,0,0,0,17
12/19/2010,VCV,CA,AWP,WE,Federal Contract Tower,0,1,3,0,4,0,0,2,0,2,0,1,5,0,6,0,0,0,6
12/20/2010,VCV,CA,AWP,WE,Federal Contract Tower,0,0,4,8,12,0,0,0,0,0,0,0,4,8,12,0,4,4,16
12/21/2010,VCV,CA,AWP,WE,Federal Contract Tower,0,0,4,0,4,0,0,0,0,0,0,0,4,0,4,0,0,0,4
12/22/2010,VCV,CA,AWP,WE,Federal Contract Tower,4,2,3,0,9,0,1,0,0,1,4,3,3,0,10,6,0,6,16
12/23/2010,VCV,CA,AWP,WE,Federal Contract Tower,0,0,4,2,6,0,4,23,4,31,0,4,27,6,37,14,36,50,87
12/24/2010,VCV,CA,AWP,WE,Federal Contract Tower,1,1,2,0,4,0,10,8,0,18,1,11,10,0,22,16,0,16,38
12/25/2010,VCV,CA,AWP,WE,Federal Contract Tower,0,0,0,0,0,0,2,8,0,10,0,2,8,0,10,0,0,0,10
12/26/2010,VCV,CA,AWP,WE,Federal Contract Tower,0,1,0,0,1,0,4,8,0,12,0,5,8,0,13,0,0,0,13
12/27/2010,VCV,CA,AWP,WE,Federal Contract Tower,0,0,2,2,4,0,6,18,3,27,0,6,20,5,31,8,0,8,39
12/28/2010,VCV,CA,AWP,WE,Federal Contract Tower,0,0,0,4,4,0,0,43,3,46,0,0,43,7,50,6,60,66,116
12/29/2010,VCV,CA,AWP,WE,Federal Contract Tower,0,0,4,8,12,0,2,38,12,52,0,2,42,20,64,14,48,62,126
12/30/2010,VCV,CA,AWP,WE,Federal Contract Tower,1,0,2,3,6,0,2,4,6,12,1,2,6,9,18,0,0,0,18
12/31/2010,VCV,CA,AWP,WE,Federal Contract Tower,1,0,0,0,1,0,19,14,0,33,1,19,14,0,34,11,0,11,45
01/01/2011,VCV,CA,AWP,WE,Federal Contract Tower,1,0,6,0,7,0,12,30,0,42,1,12,36,0,49,16,0,16,65
01/02/2011,VCV,CA,AWP,WE,Federal Contract Tower,0,0,2,0,2,0,2,3,0,5,0,2,5,0,7,2,0,2,9
01/03/2011,VCV,CA,AWP,WE,Federal Contract Tower,0,0,0,4,4,0,0,3,4,7,0,0,3,8,11,0,46,46,57
01/04/2011,VCV,CA,AWP,WE,Federal Contract Tower,1,0,21,6,28,0,4,62,10,76,1,4,83,16,104,4,76,80,184
01/05/2011,VCV,CA,AWP,WE,Federal Contract Tower,2,0,16,10,28,0,1,44,20,65,2,1,60,30,93,8,44,52,145
01/06/2011,VCV,CA,AWP,WE,Federal Contract Tower,4,0,24,4,32,0,4,64,14,82,4,4,88,18,114,10,12,22,136
01/07/2011,VCV,CA,AWP,WE,Federal Contract Tower,23,0,47,3,73,0,3,44,4,51,23,3,91,7,124,56,20,76,200
01/08/2011,VCV,CA,AWP,WE,Federal Contract Tower,8,0,21,10,39,4,3,54,20,81,12,3,75,30,120,51,104,155,275
01/09/2011,VCV,CA,AWP,WE,Federal Contract Tower,3,0,22,2,27,0,2,16,7,25,3,2,38,9,52,10,22,32,84
01/10/2011,VCV,CA,AWP,WE,Federal Contract Tower,4,0,11,3,18,0,7,33,0,40,4,7,44,3,58,2,22,24,82
01/11/2011,VCV,CA,AWP,WE,Federal Contract Tower,1,0,14,12,27,0,1,64,16,81,1,1,78,28,108,12,100,112,220
01/12/2011,VCV,CA,AWP,WE,Federal Contract Tower,1,0,19,8,28,0,0,69,21,90,1,0,88,29,118,22,82,104,222
01/13/2011,VCV,CA,AWP,WE,Federal Contract Tower,2,0,6,6,14,0,7,27,11,45,2,7,33,17,59,20,44,64,123
01/14/2011,VCV,CA,AWP,WE,Federal Contract Tower,4,0,18,9,31,1,13,39,7,60,5,13,57,16,91,10,24,34,125
01/15/2011,VCV,CA,AWP,WE,Federal Contract Tower,5,0,7,0,12,0,2,25,0,27,5,2,32,0,39,26,0,26,65
01/16/2011,VCV,CA,AWP,WE,Federal Contract Tower,1,0,11,0,12,0,6,22,0,28,1,6,33,0,40,59,0,59,99
01/17/2011,VCV,CA,AWP,WE,Federal Contract Tower,0,0,15,3,18,0,4,58,2,64,0,4,73,5,82,0,20,20,102
01/18/2011,VCV,CA,AWP,WE,Federal Contract Tower,2,0,16,12,30,0,5,73,17,95,2,5,89,29,125,42,80,122,247
01/19/2011,VCV,CA,AWP,WE,Federal Contract Tower,1,0,18,2,21,0,1,73,7,81,1,1,91,9,102,40,90,130,232
01/20/2011,VCV,CA,AWP,WE,Federal Contract Tower,0,0,22,7,29,0,3,46,11,60,0,3,68,18,89,4,22,26,115
01/21/2011,VCV,CA,AWP,WE,Federal Contract Tower,0,5,5,12,22,1,6,28,9,44,1,11,33,21,66,37,54,91,157
01/22/2011,VCV,CA,AWP,WE,Federal Contract Tower,3,0,9,2,14,0,5,67,14,86,3,5,76,16,100,29,18,47,147
01/23/2011,VCV,CA,AWP,WE,Federal Contract Tower,0,0,13,0,13,0,6,35,2,43,0,6,48,2,56,18,0,18,74
01/24/2011,VCV,CA,AWP,WE,Federal Contract Tower,1,1,24,11,37,0,3,45,10,58,1,4,69,21,95,15,31,46,141
01/25/2011,VCV,CA,AWP,WE,Federal Contract Tower,1,0,26,15,42,2,2,89,14,107,3,2,115,29,149,36,72,108,257
01/26/2011,VCV,CA,AWP,WE,Federal Contract Tower,1,0,12,6,19,0,3,61,11,75,1,3,73,17,94,18,76,94,188
01/27/2011,VCV,CA,AWP,WE,Federal Contract Tower,1,0,21,0,22,0,3,45,10,58,1,3,66,10,80,8,2,10,90
01/28/2011,VCV,CA,AWP,WE,Federal Contract Tower,0,1,24,10,35,8,9,31,2,50,8,10,55,12,85,21,6,27,112
01/29/2011,VCV,CA,AWP,WE,Federal Contract Tower,2,1,20,4,27,0,1,54,0,55,2,2,74,4,82,39,8,47,129
01/30/2011,VCV,CA,AWP,WE,Federal Contract Tower,8,0,5,1,14,0,7,3,0,10,8,7,8,1,24,0,0,0,24
01/31/2011,VCV,CA,AWP,WE,Federal Contract Tower,2,4,23,8,37,0,0,30,3,33,2,4,53,11,70,4,0,4,74
02/01/2011,VCV,CA,AWP,WE,Federal Contract Tower,4,0,10,10,24,0,2,27,28,57,4,2,37,38,81,0,36,36,117
02/02/2011,VCV,CA,AWP,WE,Federal Contract Tower,8,0,2,3,13,0,2,23,4,29,8,2,25,7,42,20,52,72,114
02/03/2011,VCV,CA,AWP,WE,Federal Contract Tower,7,0,6,7,20,0,3,35,11,49,7,3,41,18,69,12,73,85,154
02/04/2011,VCV,CA,AWP,WE,Federal Contract Tower,28,4,20,6,58,0,6,50,9,65,28,10,70,15,123,54,62,116,239
02/05/2011,VCV,CA,AWP,WE,Federal Contract Tower,30,0,13,2,45,2,0,36,4,42,32,0,49,6,87,30,32,62,149
02/06/2011,VCV,CA,AWP,WE,Federal Contract Tower,16,0,8,3,27,0,4,37,1,42,16,4,45,4,69,18,45,63,132
02/07/2011,VCV,CA,AWP,WE,Federal Contract Tower,8,5,15,7,35,0,2,26,13,41,8,7,41,20,76,48,14,62,138
02/08/2011,VCV,CA,AWP,WE,Federal Contract Tower,5,0,14,11,30,3,14,54,14,85,8,14,68,25,115,16,62,78,193
02/09/2011,VCV,CA,AWP,WE,Federal Contract Tower,2,0,8,5,15,0,8,25,13,46,2,8,33,18,61,8,82,90,151
02/10/2011,VCV,CA,AWP,WE,Federal Contract Tower,2,0,10,5,17,0,0,39,9,48,2,0,49,14,65,0,44,44,109
02/11/2011,VCV,CA,AWP,WE,Federal Contract Tower,4,1,12,0,17,3,10,44,3,60,7,11,56,3,77,6,20,26,103
02/12/2011,VCV,CA,AWP,WE,Federal Contract Tower,0,4,7,0,11,0,6,27,2,35,0,10,34,2,46,12,58,70,116
02/13/2011,VCV,CA,AWP,WE,Federal Contract Tower,2,0,4,5,11,0,19,17,4,40,2,19,21,9,51,20,21,41,92
02/14/2011,VCV,CA,AWP,WE,Federal Contract Tower,0,0,13,2,15,0,3,17,4,24,0,3,30,6,39,1,57,58,97
02/15/2011,VCV,CA,AWP,WE,Federal Contract Tower,0,1,27,5,33,0,0,51,8,59,0,1,78,13,92,33,72,105,197
02/16/2011,VCV,CA,AWP,WE,Federal Contract Tower,1,0,1,4,6,0,1,10,2,13,1,1,11,6,19,0,42,42,61
02/17/2011,VCV,CA,AWP,WE,Federal Contract Tower,4,2,11,5,22,0,5,47,13,65,4,7,58,18,87,4,76,80,167
02/18/2011,VCV,CA,AWP,WE,Federal Contract Tower,0,1,7,3,11,0,0,16,4,20,0,1,23,7,31,4,148,152,183
02/19/2011,VCV,CA,AWP,WE,Federal Contract Tower,1,0,14,0,15,0,0,23,0,23,1,0,37,0,38,4,0,4,42
02/20/2011,VCV,CA,AWP,WE,Federal Contract Tower,0,0,5,0,5,0,9,19,3,31,0,9,24,3,36,24,28,52,88
02/21/2011,VCV,CA,AWP,WE,Federal Contract Tower,0,0,17,1,18,0,3,20,1,24,0,3,37,2,42,16,0,16,58
02/22/2011,VCV,CA,AWP,WE,Federal Contract Tower,6,0,8,14,28,0,4,37,9,50,6,4,45,23,78,2,76,78,156
02/23/2011,VCV,CA,AWP,WE,Federal Contract Tower,2,0,10,3,15,0,1,39,9,49,2,1,49,12,64,6,146,152,216
02/24/2011,VCV,CA,AWP,WE,Federal Contract Tower,3,0,17,3,23,0,2,29,9,40,3,2,46,12,63,24,52,76,139
02/25/2011,VCV,CA,AWP,WE,Federal Contract Tower,3,2,19,0,24,1,9,23,6,39,4,11,42,6,63,4,62,66,129
02/26/2011,VCV,CA,AWP,WE,Federal Contract Tower,0,0,4,0,4,0,0,0,0,0,0,0,4,0,4,0,0,0,4
02/27/2011,VCV,CA,AWP,WE,Federal Contract Tower,3,0,1,0,4,0,3,8,0,11,3,3,9,0,15,2,0,2,17
02/28/2011,VCV,CA,AWP,WE,Federal Contract Tower,7,1,8,13,29,0,0,21,4,25,7,1,29,17,54,13,59,72,126
03/01/2011,VCV,CA,AWP,WE,Federal Contract Tower,6,0,6,5,17,0,4,53,8,65,6,4,59,13,82,10,132,142,224
03/02/2011,VCV,CA,AWP,WE,Federal Contract Tower,9,0,13,3,25,0,2,46,20,68,9,2,59,23,93,22,120,142,235
03/03/2011,VCV,CA,AWP,WE,Federal Contract Tower,19,0,15,3,37,0,0,39,14,53,19,0,54,17,90,6,22,28,118
03/04/2011,VCV,CA,AWP,WE,Federal Contract Tower,28,2,30,4,64,0,4,33,9,46,28,6,63,13,110,14,18,32,142
03/05/2011,VCV,CA,AWP,WE,Federal Contract Tower,21,6,14,0,41,0,19,49,5,73,21,25,63,5,114,46,81,127,241
03/06/2011,VCV,CA,AWP,WE,Federal Contract Tower,9,0,3,1,13,0,3,10,3,16,9,3,13,4,29,0,53,53,82
03/07/2011,VCV,CA,AWP,WE,Federal Contract Tower,1,0,4,1,6,0,0,0,2,2,1,0,4,3,8,0,12,12,20
03/08/2011,VCV,CA,AWP,WE,Federal Contract Tower,2,0,5,10,17,0,0,45,9,54,2,0,50,19,71,62,66,128,199
03/09/2011,VCV,CA,AWP,WE,Federal Contract Tower,0,3,16,4,23,0,3,60,7,70,0,6,76,11,93,58,66,124,217
03/10/2011,VCV,CA,AWP,WE,Federal Contract Tower,3,2,14,2,21,0,5,36,11,52,3,7,50,13,73,22,49,71,144
03/11/2011,VCV,CA,AWP,WE,Federal Contract Tower,0,4,11,1,16,0,13,20,1,34,0,17,31,2,50,10,10,20,70
03/12/2011,VCV,CA,AWP,WE,Federal Contract Tower,4,0,4,6,14,0,8,20,1,29,4,8,24,7,43,32,2,34,77
03/13/2011,VCV,CA,AWP,WE,Federal Contract Tower,0,0,19,0,19,0,5,11,0,16,0,5,30,0,35,19,0,19,54
03/14/2011,VCV,CA,AWP,WE,Federal Contract Tower,0,0,6,5,11,0,4,20,9,33,0,4,26,14,44,24,18,42,86
03/15/2011,VCV,CA,AWP,WE,Federal Contract Tower,0,0,13,8,21,0,2,24,7,33,0,2,37,15,54,15,68,83,137
03/16/2011,VCV,CA,AWP,WE,Federal Contract Tower,0,0,8,2,10,0,11,11,2,24,0,11,19,4,34,6,24,30,64
03/17/2011,VCV,CA,AWP,WE,Federal Contract Tower,6,0,13,1,20,0,1,23,4,28,6,1,36,5,48,8,8,16,64
03/18/2011,VCV,CA,AWP,WE,Federal Contract Tower,1,0,2,15,18,0,13,13,21,47,1,13,15,36,65,10,31,41,106
03/19/2011,VCV,CA,AWP,WE,Federal Contract Tower,0,0,12,0,12,0,7,7,0,14,0,7,19,0,26,17,0,17,43
03/20/2011,VCV,CA,AWP,WE,Federal Contract Tower,0,0,3,2,5,0,0,1,0,1,0,0,4,2,6,0,0,0,6
03/21/2011,VCV,CA,AWP,WE,Federal Contract Tower,0,0,1,3,4,0,0,2,6,8,0,0,3,9,12,0,26,26,38
03/22/2011,VCV,CA,AWP,WE,Federal Contract Tower,0,0,7,9,16,0,3,28,27,58,0,3,35,36,74,50,96,146,220
03/23/2011,VCV,CA,AWP,WE,Federal Contract Tower,0,0,6,7,13,0,1,58,20,79,0,1,64,27,92,30,90,120,212
03/24/2011,VCV,CA,AWP,WE,Federal Contract Tower,0,0,1,4,5,0,1,10,8,19,0,1,11,12,24,10,40,50,74
03/25/2011,VCV,CA,AWP,WE,Federal Contract Tower,3,0,7,0,10,0,6,16,1,23,3,6,23,1,33,0,0,0,33
03/26/2011,VCV,CA,AWP,WE,Federal Contract Tower,3,0,4,0,7,0,2,20,5,27,3,2,24,5,34,8,50,58,92
03/27/2011,VCV,CA,AWP,WE,Federal Contract Tower,0,0,8,0,8,0,0,14,0,14,0,0,22,0,22,4,1,5,27
03/28/2011,VCV,CA,AWP,WE,Federal Contract Tower,2,0,17,17,36,0,3,13,10,26,2,3,30,27,62,6,41,47,109
03/29/2011,VCV,CA,AWP,WE,Federal Contract Tower,16,0,6,6,28,0,3,38,17,58,16,3,44,23,86,10,102,112,198
03/30/2011,VCV,CA,AWP,WE,Federal Contract Tower,18,0,13,3,34,0,6,50,9,65,18,6,63,12,99,32,96,128,227
03/31/2011,VCV,CA,AWP,WE,Federal Contract Tower,8,0,0,2,10,0,6,32,9,47,8,6,32,11,57,20,70,90,147
04/01/2011,VCV,CA,AWP,WE,Federal Contract Tower,13,0,3,5,21,0,6,8,9,23,13,6,11,14,44,0,55,55,99
04/02/2011,VCV,CA,AWP,WE,Federal Contract Tower,2,0,4,0,6,0,0,18,4,22,2,0,22,4,28,25,40,65,93
04/03/2011,VCV,CA,AWP,WE,Federal Contract Tower,0,0,0,4,4,0,2,6,4,12,0,2,6,8,16,25,6,31,47
04/04/2011,VCV,CA,AWP,WE,Federal Contract Tower,3,0,5,4,12,0,9,14,3,26,3,9,19,7,38,0,4,4,42
04/05/2011,VCV,CA,AWP,WE,Federal Contract Tower,2,0,4,3,9,0,3,46,12,61,2,3,50,15,70,40,116,156,226
04/06/2011,VCV,CA,AWP,WE,Federal Contract Tower,2,0,2,2,6,0,0,31,9,40,2,0,33,11,46,12,76,88,134
04/07/2011,VCV,CA,AWP,WE,Federal Contract Tower,3,1,7,0,11,0,1,5,0,6,3,2,12,0,17,0,0,0,17
04/08/2011,VCV,CA,AWP,WE,Federal Contract Tower,16,0,3,4,23,0,4,6,5,15,16,4,9,9,38,0,50,50,88
04/09/2011,VCV,CA,AWP,WE,Federal Contract Tower,19,0,18,5,42,4,9,44,6,63,23,9,62,11,105,72,18,90,195
04/10/2011,VCV,CA,AWP,WE,Federal Contract Tower,4,0,11,0,15,0,3,18,0,21,4,3,29,0,36,40,0,40,76
04/11/2011,VCV,CA,AWP,WE,Federal Contract Tower,0,0,1,5,6,0,0,9,8,17,0,0,10,13,23,6,8,14,37
04/12/2011,VCV,CA,AWP,WE,Federal Contract Tower,2,0,9,8,19,0,3,53,15,71,2,3,62,23,90,36,52,88,178
04/13/2011,VCV,CA,AWP,WE,Federal Contract Tower,0,1,12,2,15,0,2,13,4,19,0,3,25,6,34,0,46,46,80
04/14/2011,VCV,CA,AWP,WE,Federal Contract Tower,4,0,1,9,14,0,6,18,23,47,4,6,19,32,61,20,54,74,135
04/15/2011,VCV,CA,AWP,WE,Federal Contract Tower,2,0,11,9,22,2,5,26,10,43,4,5,37,19,65,20,0,20,85
04/16/2011,VCV,CA,AWP,WE,Federal Contract Tower,1,0,10,0,11,0,2,40,2,44,1,2,50,2,55,28,0,28,83
04/17/2011,VCV,CA,AWP,WE,Federal Contract Tower,0,0,4,1,5,0,6,13,3,22,0,6,17,4,27,2,0,2,29
04/18/2011,VCV,CA,AWP,WE,Federal Contract Tower,0,0,3,4,7,0,0,8,1,9,0,0,11,5,16,4,0,4,20
04/19/2011,VCV,CA,AWP,WE,Federal Contract Tower,1,1,7,6,15,0,2,6,8,16,1,3,13,14,31,0,48,48,79
04/20/2011,VCV,CA,AWP,WE,Federal Contract Tower,1,0,7,6,14,0,2,41,6,49,1,2,48,12,63,26,66,92,155
04/21/2011,VCV,CA,AWP,WE,Federal Contract Tower,9,0,12,7,28,0,1,33,10,44,9,1,45,17,72,10,54,64,136
04/22/2011,VCV,CA,AWP,WE,Federal Contract Tower,2,0,4,14,20,0,9,14,9,32,2,9,18,23,52,10,32,42,94
04/23/2011,VCV,CA,AWP,WE,Federal Contract Tower,0,0,13,9,22,0,2,29,7,38,0,2,42,16,60,6,50,56,116
04/24/2011,VCV,CA,AWP,WE,Federal Contract Tower,0,1,7,0,8,0,4,0,0,4,0,5,7,0,12,7,0,7,19
04/25/2011,VCV,CA,AWP,WE,Federal Contract Tower,0,0,6,3,9,0,0,7,4,11,0,0,13,7,20,5,10,15,35
04/26/2011,VCV,CA,AWP,WE,Federal Contract Tower,1,4,8,12,25,0,3,45,10,58,1,7,53,22,83,10,70,80,163
04/27/2011,VCV,CA,AWP,WE,Federal Contract Tower,0,0,11,5,16,0,1,54,13,68,0,1,65,18,84,32,102,134,218
04/28/2011,VCV,CA,AWP,WE,Federal Contract Tower,2,1,13,4,20,0,2,51,11,64,2,3,64,15,84,2,52,54,138
04/29/2011,VCV,CA,AWP,WE,Federal Contract Tower,3,0,3,0,6,0,7,23,1,31,3,7,26,1,37,53,0,53,90
04/30/2011,VCV,CA,AWP,WE,Federal Contract Tower,1,0,15,0,16,0,6,69,5,80,1,6,84,5,96,116,96,212,308
05/01/2011,VCV,CA,AWP,WE,Federal Contract Tower,2,6,3,0,11,0,6,9,0,15,2,12,12,0,26,6,0,6,32
05/02/2011,VCV,CA,AWP,WE,Federal Contract Tower,5,3,3,2,13,0,0,43,8,51,5,3,46,10,64,24,36,60,124
05/03/2011,VCV,CA,AWP,WE,Federal Contract Tower,4,0,8,1,13,0,3,57,8,68,4,3,65,9,81,26,72,98,179
05/04/2011,VCV,CA,AWP,WE,Federal Contract Tower,8,2,13,7,30,0,2,61,15,78,8,4,74,22,108,42,142,184,292
05/05/2011,VCV,CA,AWP,WE,Federal Contract Tower,11,1,13,0,25,0,1,51,6,58,11,2,64,6,83,16,53,69,152
05/06/2011,VCV,CA,AWP,WE,Federal Contract Tower,5,0,18,9,32,0,4,26,9,39,5,4,44,18,71,35,76,111,182
05/07/2011,VCV,CA,AWP,WE,Federal Contract Tower,11,0,14,0,25,5,2,43,5,55,16,2,57,5,80,30,36,66,146
05/08/2011,VCV,CA,AWP,WE,Federal Contract Tower,12,0,9,0,21,0,3,6,0,9,12,3,15,0,30,4,0,4,34
05/09/2011,VCV,CA,AWP,WE,Federal Contract Tower,16,1,6,5,28,0,7,32,19,58,16,8,38,24,86,14,24,38,124
05/10/2011,VCV,CA,AWP,WE,Federal Contract Tower,12,0,5,5,22,3,4,56,14,77,15,4,61,19,99,24,130,154,253
05/11/2011,VCV,CA,AWP,WE,Federal Contract Tower,0,2,6,0,8,0,3,33,10,46,0,5,39,10,54,10,92,102,156
05/12/2011,VCV,CA,AWP,WE,Federal Contract Tower,2,0,4,6,12,0,2,23,13,38,2,2,27,19,50,6,46,52,102
05/13/2011,VCV,CA,AWP,WE,Federal Contract Tower,2,1,10,9,22,3,6,20,13,42,5,7,30,22,64,23,29,52,116
05/14/2011,VCV,CA,AWP,WE,Federal Contract Tower,0,0,20,4,24,4,5,43,7,59,4,5,63,11,83,32,52,84,167
05/15/2011,VCV,CA,AWP,WE,Federal Contract Tower,0,0,4,0,4,0,8,0,0,8,0,8,4,0,12,0,0,0,12
05/16/2011,VCV,CA,AWP,WE,Federal Contract Tower,4,0,2,3,9,0,2,23,2,27,4,2,25,5,36,16,36,52,88
05/17/2011,VCV,CA,AWP,WE,Federal Contract Tower,3,0,1,6,10,0,2,25,10,37,3,2,26,16,47,0,74,74,121
05/18/2011,VCV,CA,AWP,WE,Federal Contract Tower,0,1,8,0,9,0,3,55,5,63,0,4,63,5,72,22,52,74,146
05/19/2011,VCV,CA,AWP,WE,Federal Contract Tower,3,0,5,8,16,0,6,29,8,43,3,6,34,16,59,34,8,42,101
05/20/2011,VCV,CA,AWP,WE,Federal Contract Tower,3,1,11,1,16,0,4,17,0,21,3,5,28,1,37,14,0,14,51
05/21/2011,VCV,CA,AWP,WE,Federal Contract Tower,0,0,8,0,8,0,3,8,0,11,0,3,16,0,19,17,0,17,36
05/22/2011,VCV,CA,AWP,WE,Federal Contract Tower,3,0,0,4,7,0,4,4,0,8,3,4,4,4,15,0,0,0,15
05/23/2011,VCV,CA,AWP,WE,Federal Contract Tower,0,2,10,4,16,0,2,18,11,31,0,4,28,15,47,0,0,0,47
05/24/2011,VCV,CA,AWP,WE,Federal Contract Tower,3,0,16,9,28,0,8,21,17,46,3,8,37,26,74,0,40,40,114
05/25/2011,VCV,CA,AWP,WE,Federal Contract Tower,0,0,11,5,16,0,0,37,12,49,0,0,48,17,65,18,84,102,167
05/26/2011,VCV,CA,AWP,WE,Federal Contract Tower,2,1,11,3,17,0,2,29,6,37,2,3,40,9,54,6,0,6,60
05/27/2011,VCV,CA,AWP,WE,Federal Contract Tower,8,0,16,10,34,0,7,32,10,49,8,7,48,20,83,2,48,50,133
05/28/2011,VCV,CA,AWP,WE,Federal Contract Tower,27,0,17,0,44,0,2,30,0,32,27,2,47,0,76,21,0,21,97
05/29/2011,VCV,CA,AWP,WE,Federal Contract Tower,8,0,4,0,12,5,4,17,0,26,13,4,21,0,38,6,0,6,44
05/30/2011,VCV,CA,AWP,WE,Federal Contract Tower,1,0,9,0,10,1,8,11,0,20,2,8,20,0,30,6,0,6,36
05/31/2011,VCV,CA,AWP,WE,Federal Contract Tower,0,0,8,4,12,0,3,69,5,77,0,3,77,9,89,62,70,132,221
06/01/2011,VCV,CA,AWP,WE,Federal Contract Tower,1,0,8,12,21,0,2,36,8,46,1,2,44,20,67,8,54,62,129
06/02/2011,VCV,CA,AWP,WE,Federal Contract Tower,4,1,16,2,23,1,3,53,17,74,5,4,69,19,97,24,86,110,207
06/03/2011,VCV,CA,AWP,WE,Federal Contract Tower,13,10,9,0,32,0,6,18,5,29,13,16,27,5,61,22,18,40,101
06/04/2011,VCV,CA,AWP,WE,Federal Contract Tower,9,2,9,6,26,1,14,15,5,35,10,16,24,11,61,38,3,41,102
06/05/2011,VCV,CA,AWP,WE,Federal Contract Tower,2,0,1,0,3,1,0,9,3,13,3,0,10,3,16,2,10,12,28
06/06/2011,VCV,CA,AWP,WE,Federal Contract Tower,1,0,8,1,10,3,2,6,3,14,4,2,14,4,24,0,30,30,54
06/07/2011,VCV,CA,AWP,WE,Federal Contract Tower,0,2,14,7,23,0,4,60,14,78,0,6,74,21,101,42,90,132,233
06/08/2011,VCV,CA,AWP,WE,Federal Contract Tower,2,0,6,3,11,0,4,35,9,48,2,4,41,12,59,36,44,80,139
06/09/2011,VCV,CA,AWP,WE,Federal Contract Tower,4,1,8,0,13,0,9,27,3,39,4,10,35,3,52,4,2,6,58
06/10/2011,VCV,CA,AWP,WE,Federal Contract Tower,1,0,11,0,12,1,10,21,5,37,2,10,32,5,49,12,6,18,67
06/11/2011,VCV,CA,AWP,WE,Federal Contract Tower,2,0,2,0,4,0,9,11,6,26,2,9,13,6,30,4,0,4,34
06/12/2011,VCV,CA,AWP,WE,Federal Contract Tower,1,0,11,2,14,0,3,13,2,18,1,3,24,4,32,12,2,14,46
06/13/2011,VCV,CA,AWP,WE,Federal Contract Tower,3,0,5,4,12,0,10,7,3,20,3,10,12,7,32,16,32,48,80
06/14/2011,VCV,CA,AWP,WE,Federal Contract Tower,5,0,11,14,30,1,3,30,7,41,6,3,41,21,71,32,91,123,194
06/15/2011,VCV,CA,AWP,WE,Federal Contract Tower,1,0,13,1,15,0,4,55,10,69,1,4,68,11,84,28,110,138,222
06/16/2011,VCV,CA,AWP,WE,Federal Contract Tower,2,0,7,4,13,0,3,15,12,30,2,3,22,16,43,6,36,42,85
06/17/2011,VCV,CA,AWP,WE,Federal Contract Tower,4,0,5,2,11,0,3,10,5,18,4,3,15,7,29,14,28,42,71
06/18/2011,VCV,CA,AWP,WE,Federal Contract Tower,0,0,8,0,8,0,2,26,0,28,0,2,34,0,36,16,0,16,52
06/19/2011,VCV,CA,AWP,WE,Federal Contract Tower,1,0,0,1,2,0,3,8,1,12,1,3,8,2,14,20,0,20,34
06/20/2011,VCV,CA,AWP,WE,Federal Contract Tower,2,4,6,5,17,0,10,20,2,32,2,14,26,7,49,29,29,58,107
06/21/2011,VCV,CA,AWP,WE,Federal Contract Tower,0,0,13,10,23,0,3,53,12,68,0,3,66,22,91,27,124,151,242
06/22/2011,VCV,CA,AWP,WE,Federal Contract Tower,1,2,5,5,13,0,6,33,9,48,1,8,38,14,61,54,78,132,193
06/23/2011,VCV,CA,AWP,WE,Federal Contract Tower,9,0,8,10,27,6,4,44,19,73,15,4,52,29,100,32,122,154,254
06/24/2011,VCV,CA,AWP,WE,Federal Contract Tower,1,2,6,2,11,0,11,16,5,32,1,13,22,7,43,0,56,56,99
06/25/2011,VCV,CA,AWP,WE,Federal Contract Tower,4,0,5,2,11,0,4,16,0,20,4,4,21,2,31,2,0,2,33
06/26/2011,VCV,CA,AWP,WE,Federal Contract Tower,1,0,10,0,11,0,0,9,9,18,1,0,19,9,29,22,0,22,51
06/27/2011,VCV,CA,AWP,WE,Federal Contract Tower,1,1,3,7,12,0,7,14,2,23,1,8,17,9,35,21,28,49,84
06/28/2011,VCV,CA,AWP,WE,Federal Contract Tower,3,0,16,6,25,0,4,36,6,46,3,4,52,12,71,16,111,127,198
06/29/2011,VCV,CA,AWP,WE,Federal Contract Tower,1,0,15,5,21,0,3,42,6,51,1,3,57,11,72,42,99,141,213
06/30/2011,VCV,CA,AWP,WE,Federal Contract Tower,7,1,5,1,14,0,3,23,4,30,7,4,28,5,44,0,4,4,48
07/01/2011,VCV,CA,AWP,WE,Federal Contract Tower,0,0,0,0,0,0,6,36,2,44,0,6,36,2,44,32,12,44,88
07/02/2011,VCV,CA,AWP,WE,Federal Contract Tower,0,2,12,0,14,0,0,32,0,32,0,2,44,0,46,28,0,28,74
07/03/2011,VCV,CA,AWP,WE,Federal Contract Tower,0,0,2,0,2,0,2,9,0,11,0,2,11,0,13,0,0,0,13
07/04/2011,VCV,CA,AWP,WE,Federal Contract Tower,0,0,1,2,3,0,2,2,0,4,0,2,3,2,7,0,0,0,7
07/05/2011,VCV,CA,AWP,WE,Federal Contract Tower,0,0,0,2,2,0,4,16,0,20,0,4,16,2,22,8,30,38,60
07/06/2011,VCV,CA,AWP,WE,Federal Contract Tower,0,1,7,3,11,0,1,34,7,42,0,2,41,10,53,20,42,62,115
07/07/2011,VCV,CA,AWP,WE,Federal Contract Tower,2,4,0,6,12,0,8,18,4,30,2,12,18,10,42,8,31,39,81
07/08/2011,VCV,CA,AWP,WE,Federal Contract Tower,1,0,2,9,12,0,5,18,20,43,1,5,20,29,55,0,59,59,114
07/09/2011,VCV,CA,AWP,WE,Federal Contract Tower,0,0,11,2,13,0,1,10,13,24,0,1,21,15,37,4,31,35,72
07/10/2011,VCV,CA,AWP,WE,Federal Contract Tower,0,0,4,0,4,0,10,2,3,15,0,10,6,3,19,3,36,39,58
07/11/2011,VCV,CA,AWP,WE,Federal Contract Tower,0,0,5,2,7,0,3,8,26,37,0,3,13,28,44,2,55,57,101
07/12/2011,VCV,CA,AWP,WE,Federal Contract Tower,0,0,8,8,16,0,0,22,10,32,0,0,30,18,48,0,62,62,110
07/13/2011,VCV,CA,AWP,WE,Federal Contract Tower,0,0,10,6,16,0,0,25,5,30,0,0,35,11,46,10,10,20,66
07/14/2011,VCV,CA,AWP,WE,Federal Contract Tower,2,0,17,0,19,0,4,35,0,39,2,4,52,0,58,2,38,40,98
07/15/2011,VCV,CA,AWP,WE,Federal Contract Tower,0,0,15,3,18,0,4,32,8,44,0,4,47,11,62,0,50,50,112
07/16/2011,VCV,CA,AWP,WE,Federal Contract Tower,0,0,15,2,17,0,6,40,7,53,0,6,55,9,70,18,24,42,112
07/17/2011,VCV,CA,AWP,WE,Federal Contract Tower,0,0,0,0,0,0,5,10,0,15,0,5,10,0,15,0,0,0,15
07/18/2011,VCV,CA,AWP,WE,Federal Contract Tower,0,0,15,3,18,0,3,23,6,32,0,3,38,9,50,9,25,34,84
07/19/2011,VCV,CA,AWP,WE,Federal Contract Tower,1,0,8,6,15,0,7,36,8,51,1,7,44,14,66,6,52,58,124
07/20/2011,VCV,CA,AWP,WE,Federal Contract Tower,1,0,11,2,14,0,5,52,9,66,1,5,63,11,80,32,86,118,198
07/21/2011,VCV,CA,AWP,WE,Federal Contract Tower,0,0,10,2,12,0,2,47,9,58,0,2,57,11,70,60,56,116,186
07/22/2011,VCV,CA,AWP,WE,Federal Contract Tower,2,1,13,8,24,0,5,32,9,46,2,6,45,17,70,14,20,34,104
07/23/2011,VCV,CA,AWP,WE,Federal Contract Tower,0,0,10,4,14,0,4,30,3,37,0,4,40,7,51,6,32,38,89
07/24/2011,VCV,CA,AWP,WE,Federal Contract Tower,0,0,8,2,10,0,0,12,0,12,0,0,20,2,22,0,2,2,24
07/25/2011,VCV,CA,AWP,WE,Federal Contract Tower,0,0,3,7,10,0,7,13,2,22,0,7,16,9,32,6,18,24,56
07/26/2011,VCV,CA,AWP,WE,Federal Contract Tower,2,0,2,4,8,0,1,37,12,50,2,1,39,16,58,23,69,92,150
07/27/2011,VCV,CA,AWP,WE,Federal Contract Tower,0,0,9,4,13,0,7,54,6,67,0,7,63,10,80,16,82,98,178
07/28/2011,VCV,CA,AWP,WE,Federal Contract Tower,2,0,1,7,10,0,11,52,10,73,2,11,53,17,83,36,60,96,179
07/29/2011,VCV,CA,AWP,WE,Federal Contract Tower,2,0,5,3,10,0,5,28,5,38,2,5,33,8,48,25,44,69,117
07/30/2011,VCV,CA,AWP,WE,Federal Contract Tower,0,0,20,0,20,0,1,36,2,39,0,1,56,2,59,2,22,24,83
07/31/2011,VCV,CA,AWP,WE,Federal Contract Tower,5,1,16,0,22,0,3,78,6,87,5,4,94,6,109,134,150,284,393
08/01/2011,VCV,CA,AWP,WE,Federal Contract Tower,0,0,6,4,10,0,4,6,2,12,0,4,12,6,22,23,0,23,45
08/02/2011,VCV,CA,AWP,WE,Federal Contract Tower,0,0,12,3,15,0,1,28,12,41,0,1,40,15,56,42,28,70,126
08/03/2011,VCV,CA,AWP,WE,Federal Contract Tower,12,0,1,3,16,0,2,43,9,54,12,2,44,12,70,24,78,102,172
08/04/2011,VCV,CA,AWP,WE,Federal Contract Tower,12,0,10,5,27,0,5,46,9,60,12,5,56,14,87,16,58,74,161
08/05/2011,VCV,CA,AWP,WE,Federal Contract Tower,9,0,9,0,18,0,2,46,6,54,9,2,55,6,72,14,84,98,170
08/06/2011,VCV,CA,AWP,WE,Federal Contract Tower,7,0,12,0,19,0,7,36,1,44,7,7,48,1,63,10,53,63,126
08/07/2011,VCV,CA,AWP,WE,Federal Contract Tower,5,0,2,2,9,0,6,8,7,21,5,6,10,9,30,0,93,93,123
08/08/2011,VCV,CA,AWP,WE,Federal Contract Tower,1,8,2,2,13,0,7,13,4,24,1,15,15,6,37,4,0,4,41
08/09/2011,VCV,CA,AWP,WE,Federal Contract Tower,0,0,12,3,15,0,2,46,6,54,0,2,58,9,69,14,106,120,189
08/10/2011,VCV,CA,AWP,WE,Federal Contract Tower,0,0,10,4,14,0,4,47,11,62,0,4,57,15,76,38,148,186,262
08/11/2011,VCV,CA,AWP,WE,Federal Contract Tower,1,0,13,2,16,0,4,35,20,59,1,4,48,22,75,2,132,134,209
08/12/2011,VCV,CA,AWP,WE,Federal Contract Tower,1,1,9,0,11,0,5,19,9,33,1,6,28,9,44,4,93,97,141
08/13/2011,VCV,CA,AWP,WE,Federal Contract Tower,2,1,4,5,12,1,15,7,0,23,3,16,11,5,35,6,0,6,41
08/14/2011,VCV,CA,AWP,WE,Federal Contract Tower,0,0,4,5,9,0,3,6,0,9,0,3,10,5,18,6,7,13,31
08/15/2011,VCV,CA,AWP,WE,Federal Contract Tower,1,0,0,7,8,0,1,10,5,16,1,1,10,12,24,30,47,77,101
08/16/2011,VCV,CA,AWP,WE,Federal Contract Tower,0,0,4,4,8,0,6,33,12,51,0,6,37,16,59,4,118,122,181
08/17/2011,VCV,CA,AWP,WE,Federal Contract Tower,0,0,8,3,11,0,3,48,16,67,0,3,56,19,78,36,142,178,256
08/18/2011,VCV,CA,AWP,WE,Federal Contract Tower,1,0,4,2,7,0,0,39,12,51,1,0,43,14,58,18,90,108,166
08/19/2011,VCV,CA,AWP,WE,Federal Contract Tower,0,0,8,0,8,0,5,37,4,46,0,5,45,4,54,18,44,62,116
08/20/2011,VCV,CA,AWP,WE,Federal Contract Tower,0,1,0,3,4,0,0,4,1,5,0,1,4,4,9,0,6,6,15
08/21/2011,VCV,CA,AWP,WE,Federal Contract Tower,0,0,3,4,7,0,3,10,2,15,0,3,13,6,22,2,2,4,26
08/22/2011,VCV,CA,AWP,WE,Federal Contract Tower,1,0,0,7,8,0,3,12,6,21,1,3,12,13,29,12,22,34,63
08/23/2011,VCV,CA,AWP,WE,Federal Contract Tower,2,0,9,3,14,0,2,14,4,20,2,2,23,7,34,8,18,26,60
08/24/2011,VCV,CA,AWP,WE,Federal Contract Tower,0,0,5,7,12,0,3,26,18,47,0,3,31,25,59,4,10,14,73
08/25/2011,VCV,CA,AWP,WE,Federal Contract Tower,3,0,9,5,17,0,7,25,10,42,3,7,34,15,59,22,34,56,115
08/26/2011,VCV,CA,AWP,WE,Federal Contract Tower,1,0,6,1,8,0,4,10,17,31,1,4,16,18,39,4,0,4,43
08/27/2011,VCV,CA,AWP,WE,Federal Contract Tower,2,0,3,2,7,0,0,5,0,5,2,0,8,2,12,10,4,14,26
08/28/2011,VCV,CA,AWP,WE,Federal Contract Tower,0,0,1,6,7,0,7,2,0,9,0,7,3,6,16,6,18,24,40
08/29/2011,VCV,CA,AWP,WE,Federal Contract Tower,7,0,5,3,15,0,0,10,6,16,7,0,15,9,31,0,16,16,47
08/30/2011,VCV,CA,AWP,WE,Federal Contract Tower,4,3,8,3,18,0,2,10,9,21,4,5,18,12,39,0,0,0,39
08/31/2011,VCV,CA,AWP,WE,Federal Contract Tower,7,0,19,1,27,0,16,30,7,53,7,16,49,8,80,2,13,15,95
09/01/2011,VCV,CA,AWP,WE,Federal Contract Tower,7,0,16,9,32,0,4,26,6,36,7,4,42,15,68,10,2,12,80
09/02/2011,VCV,CA,AWP,WE,Federal Contract Tower,11,2,13,5,31,0,50,18,0,68,11,52,31,5,99,13,0,13,112
09/03/2011,VCV,CA,AWP,WE,Federal Contract Tower,17,0,4,3,24,0,12,24,0,36,17,12,28,3,60,20,0,20,80
09/04/2011,VCV,CA,AWP,WE,Federal Contract Tower,8,0,1,2,11,0,0,3,0,3,8,0,4,2,14,2,0,2,16
09/05/2011,VCV,CA,AWP,WE,Federal Contract Tower,1,0,6,0,7,0,0,1,2,3,1,0,7,2,10,0,0,0,10
09/06/2011,VCV,CA,AWP,WE,Federal Contract Tower,3,1,16,4,24,0,4,23,13,40,3,5,39,17,64,10,0,10,74
09/07/2011,VCV,CA,AWP,WE,Federal Contract Tower,0,0,10,9,19,0,0,42,20,62,0,0,52,29,81,0,74,74,155
09/08/2011,VCV,CA,AWP,WE,Federal Contract Tower,0,0,6,5,11,0,2,23,6,31,0,2,29,11,42,0,42,42,84
09/09/2011,VCV,CA,AWP,WE,Federal Contract Tower,0,0,12,6,18,0,1,18,3,22,0,1,30,9,40,16,16,32,72
09/10/2011,VCV,CA,AWP,WE,Federal Contract Tower,0,0,10,0,10,0,1,44,2,47,0,1,54,2,57,14,22,36,93
09/11/2011,VCV,CA,AWP,WE,Federal Contract Tower,0,0,13,6,19,0,8,16,12,36,0,8,29,18,55,7,41,48,103
09/12/2011,VCV,CA,AWP,WE,Federal Contract Tower,0,0,15,5,20,0,1,17,8,26,0,1,32,13,46,49,4,53,99
09/13/2011,VCV,CA,AWP,WE,Federal Contract Tower,1,0,4,9,14,0,13,28,8,49,1,13,32,17,63,8,130,138,201
09/14/2011,VCV,CA,AWP,WE,Federal Contract Tower,0,0,17,3,20,0,4,52,8,64,0,4,69,11,84,58,132,190,274
09/15/2011,VCV,CA,AWP,WE,Federal Contract Tower,1,0,5,2,8,0,5,25,21,51,1,5,30,23,59,12,140,152,211
09/16/2011,VCV,CA,AWP,WE,Federal Contract Tower,3,0,12,15,30,0,7,42,27,76,3,7,54,42,106,10,76,86,192
09/17/2011,VCV,CA,AWP,WE,Federal Contract Tower,2,0,10,2,14,0,8,27,4,39,2,8,37,6,53,50,62,112,165
09/18/2011,VCV,CA,AWP,WE,Federal Contract Tower,1,0,12,2,15,0,4,8,0,12,1,4,20,2,27,6,0,6,33
09/19/2011,VCV,CA,AWP,WE,Federal Contract Tower,3,0,0,3,6,0,9,12,7,28,3,9,12,10,34,12,18,30,64
09/20/2011,VCV,CA,AWP,WE,Federal Contract Tower,0,0,3,4,7,0,9,38,21,68,0,9,41,25,75,22,78,100,175
09/21/2011,VCV,CA,AWP,WE,Federal Contract Tower,1,0,21,7,29,0,1,52,33,86,1,1,73,40,115,12,106,118,233
09/22/2011,VCV,CA,AWP,WE,Federal Contract Tower,2,0,15,6,23,0,0,44,14,58,2,0,59,20,81,12,98,110,191
09/23/2011,VCV,CA,AWP,WE,Federal Contract Tower,5,0,4,15,24,0,9,37,6,52,5,9,41,21,76,4,54,58,134
09/24/2011,VCV,CA,AWP,WE,Federal Contract Tower,8,1,8,6,23,0,3,52,4,59,8,4,60,10,82,38,66,104,186
09/25/2011,VCV,CA,AWP,WE,Federal Contract Tower,4,0,8,4,16,0,5,22,0,27,4,5,30,4,43,0,2,2,45
09/26/2011,VCV,CA,AWP,WE,Federal Contract Tower,1,0,3,13,17,0,7,15,5,27,1,7,18,18,44,22,43,65,109
09/27/2011,VCV,CA,AWP,WE,Federal Contract Tower,6,0,11,11,28,0,3,49,17,69,6,3,60,28,97,10,108,118,215
09/28/2011,VCV,CA,AWP,WE,Federal Contract Tower,9,0,7,6,22,0,2,51,9,62,9,2,58,15,84,34,82,116,200
09/29/2011,VCV,CA,AWP,WE,Federal Contract Tower,10,0,14,0,24,0,0,51,6,57,10,0,65,6,81,4,90,94,175
09/30/2011,VCV,CA,AWP,WE,Federal Contract Tower,32,0,14,14,60,0,4,80,9,93,32,4,94,23,153,14,35,49,202
10/01/2011,VCV,CA,AWP,WE,Federal Contract Tower,18,0,10,2,30,0,7,49,6,62,18,7,59,8,92,38,65,103,195
10/02/2011,VCV,CA,AWP,WE,Federal Contract Tower,2,0,11,0,13,0,2,28,3,33,2,2,39,3,46,9,30,39,85
10/03/2011,VCV,CA,AWP,WE,Federal Contract Tower,0,1,12,13,26,0,1,33,9,43,0,2,45,22,69,27,37,64,133
10/04/2011,VCV,CA,AWP,WE,Federal Contract Tower,0,2,9,7,18,0,0,44,10,54,0,2,53,17,72,9,66,75,147
10/05/2011,VCV,CA,AWP,WE,Federal Contract Tower,0,1,22,0,23,0,0,42,0,42,0,1,64,0,65,10,0,10,75
10/06/2011,VCV,CA,AWP,WE,Federal Contract Tower,4,0,11,2,17,0,3,44,6,53,4,3,55,8,70,8,64,72,142
10/07/2011,VCV,CA,AWP,WE,Federal Contract Tower,1,0,4,5,10,0,0,29,4,33,1,0,33,9,43,52,73,125,168
10/08/2011,VCV,CA,AWP,WE,Federal Contract Tower,0,0,15,8,23,0,7,42,4,53,0,7,57,12,76,30,18,48,124
10/09/2011,VCV,CA,AWP,WE,Federal Contract Tower,1,0,32,3,36,0,3,37,2,42,1,3,69,5,78,34,0,34,112
10/10/2011,VCV,CA,AWP,WE,Federal Contract Tower,0,1,11,7,19,0,6,25,7,38,0,7,36,14,57,8,5,13,70
10/11/2011,VCV,CA,AWP,WE,Federal Contract Tower,3,0,7,4,14,0,3,33,0,36,3,3,40,4,50,7,0,7,57
10/12/2011,VCV,CA,AWP,WE,Federal Contract Tower,1,0,12,12,25,0,1,57,18,76,1,1,69,30,101,14,58,72,173
10/13/2011,VCV,CA,AWP,WE,Federal Contract Tower,4,0,6,6,16,0,0,42,15,57,4,0,48,21,73,44,68,112,185
10/14/2011,VCV,CA,AWP,WE,Federal Contract Tower,1,0,16,2,19,0,2,47,2,51,1,2,63,4,70,50,12,62,132
10/15/2011,VCV,CA,AWP,WE,Federal Contract Tower,3,0,6,3,12,0,2,10,2,14,3,2,16,5,26,14,2,16,42
10/16/2011,VCV,CA,AWP,WE,Federal Contract Tower,0,0,0,2,2,0,2,22,0,24,0,2,22,2,26,34,0,34,60
10/17/2011,VCV,CA,AWP,WE,Federal Contract Tower,1,0,3,6,10,0,2,35,2,39,1,2,38,8,49,26,22,48,97
10/18/2011,VCV,CA,AWP,WE,Federal Contract Tower,1,0,4,7,12,0,4,35,23,62,1,4,39,30,74,24,94,118,192
10/19/2011,VCV,CA,AWP,WE,Federal Contract Tower,3,1,1,1,6,0,2,40,12,54,3,3,41,13,60,22,74,96,156
10/20/2011,VCV,CA,AWP,WE,Federal Contract Tower,1,0,12,5,18,0,2,38,16,56,1,2,50,21,74,24,72,96,170
10/21/2011,VCV,CA,AWP,WE,Federal Contract Tower,3,0,8,4,15,0,3,23,4,30,3,3,31,8,45,50,48,98,143
10/22/2011,VCV,CA,AWP,WE,Federal Contract Tower,7,3,1,1,12,0,2,18,0,20,7,5,19,1,32,29,0,29,61
10/23/2011,VCV,CA,AWP,WE,Federal Contract Tower,10,0,15,2,27,0,10,34,0,44,10,10,49,2,71,44,0,44,115
10/24/2011,VCV,CA,AWP,WE,Federal Contract Tower,5,0,6,10,21,0,2,10,8,20,5,2,16,18,41,6,57,63,104
10/25/2011,VCV,CA,AWP,WE,Federal Contract Tower,4,1,13,6,24,0,1,14,11,26,4,2,27,17,50,12,32,44,94
10/26/2011,VCV,CA,AWP,WE,Federal Contract Tower,0,0,1,4,5,0,2,37,17,56,0,2,38,21,61,22,138,160,221
10/27/2011,VCV,CA,AWP,WE,Federal Contract Tower,3,0,7,8,18,0,3,42,16,61,3,3,49,24,79,20,80,100,179
10/28/2011,VCV,CA,AWP,WE,Federal Contract Tower,11,2,15,5,33,0,9,25,6,40,11,11,40,11,73,8,16,24,97
10/29/2011,VCV,CA,AWP,WE,Federal Contract Tower,10,0,32,1,43,0,6,40,3,49,10,6,72,4,92,2,0,2,94
10/30/2011,VCV,CA,AWP,WE,Federal Contract Tower,7,0,9,0,16,0,0,18,0,18,7,0,27,0,34,22,0,22,56
10/31/2011,VCV,CA,AWP,WE,Federal Contract Tower,6,0,8,5,19,0,5,23,1,29,6,5,31,6,48,10,20,30,78
11/01/2011,VCV,CA,AWP,WE,Federal Contract Tower,3,0,6,8,17,0,2,40,16,58,3,2,46,24,75,22,84,106,181
11/02/2011,VCV,CA,AWP,WE,Federal Contract Tower,1,0,5,6,12,0,4,30,8,42,1,4,35,14,54,34,74,108,162
11/03/2011,VCV,CA,AWP,WE,Federal Contract Tower,3,0,3,4,10,0,2,21,4,27,3,2,24,8,37,6,0,6,43
11/04/2011,VCV,CA,AWP,WE,Federal Contract Tower,0,1,2,17,20,0,2,5,4,11,0,3,7,21,31,0,12,12,43
11/05/2011,VCV,CA,AWP,WE,Federal Contract Tower,0,0,7,0,7,0,10,12,5,27,0,10,19,5,34,0,32,32,66
11/06/2011,VCV,CA,AWP,WE,Federal Contract Tower,0,1,8,2,11,0,2,8,7,17,0,3,16,9,28,0,60,60,88
11/07/2011,VCV,CA,AWP,WE,Federal Contract Tower,2,4,13,1,20,0,8,9,4,21,2,12,22,5,41,73,0,73,114
11/08/2011,VCV,CA,AWP,WE,Federal Contract Tower,0,0,18,5,23,0,4,45,10,59,0,4,63,15,82,88,52,140,222
11/09/2011,VCV,CA,AWP,WE,Federal Contract Tower,2,1,10,3,16,0,2,55,11,68,2,3,65,14,84,36,118,154,238
11/10/2011,VCV,CA,AWP,WE,Federal Contract Tower,1,1,7,2,11,0,1,36,11,48,1,2,43,13,59,22,64,86,145
11/11/2011,VCV,CA,AWP,WE,Federal Contract Tower,1,0,17,0,18,0,6,14,0,20,1,6,31,0,38,22,0,22,60
11/12/2011,VCV,CA,AWP,WE,Federal Contract Tower,0,0,0,0,0,0,6,1,0,7,0,6,1,0,7,0,0,0,7
11/13/2011,VCV,CA,AWP,WE,Federal Contract Tower,5,1,8,1,15,1,2,11,2,16,6,3,19,3,31,2,0,2,33
11/14/2011,VCV,CA,AWP,WE,Federal Contract Tower,0,2,2,5,9,0,7,8,4,19,0,9,10,9,28,23,6,29,57
11/15/2011,VCV,CA,AWP,WE,Federal Contract Tower,3,0,1,13,17,1,7,43,22,73,4,7,44,35,90,52,252,304,394
11/16/2011,VCV,CA,AWP,WE,Federal Contract Tower,6,1,12,2,21,0,4,59,12,75,6,5,71,14,96,42,238,280,376
11/17/2011,VCV,CA,AWP,WE,Federal Contract Tower,11,0,8,3,22,0,13,49,10,72,11,13,57,13,94,60,170,230,324
11/18/2011,VCV,CA,AWP,WE,Federal Contract Tower,5,0,17,4,26,0,9,22,1,32,5,9,39,5,58,0,16,16,74
11/19/2011,VCV,CA,AWP,WE,Federal Contract Tower,2,0,2,2,6,0,0,13,0,13,2,0,15,2,19,10,0,10,29
11/20/2011,VCV,CA,AWP,WE,Federal Contract Tower,11,0,3,1,15,0,4,7,0,11,11,4,10,1,26,2,0,2,28
11/21/2011,VCV,CA,AWP,WE,Federal Contract Tower,22,0,3,14,39,0,8,9,6,23,22,8,12,20,62,4,0,4,66
11/22/2011,VCV,CA,AWP,WE,Federal Contract Tower,23,1,8,10,42,1,7,35,19,62,24,8,43,29,104,40,170,210,314
11/23/2011,VCV,CA,AWP,WE,Federal Contract Tower,22,1,2,3,28,0,2,30,11,43,22,3,32,14,71,28,108,136,207
11/24/2011,VCV,CA,AWP,WE,Federal Contract Tower,0,0,0,0,0,0,0,6,0,6,0,0,6,0,6,0,0,0,6
11/25/2011,VCV,CA,AWP,WE,Federal Contract Tower,1,0,10,0,11,0,0,36,0,36,1,0,46,0,47,34,0,34,81
11/26/2011,VCV,CA,AWP,WE,Federal Contract Tower,0,0,13,5,18,0,12,10,0,22,0,12,23,5,40,2,0,2,42
11/27/2011,VCV,CA,AWP,WE,Federal Contract Tower,2,0,4,0,6,0,8,20,1,29,2,8,24,1,35,8,2,10,45
11/28/2011,VCV,CA,AWP,WE,Federal Contract Tower,6,0,9,8,23,0,2,37,8,47,6,2,46,16,70,16,64,80,150
11/29/2011,VCV,CA,AWP,WE,Federal Contract Tower,6,0,13,1,20,0,5,45,14,64,6,5,58,15,84,34,120,154,238
11/30/2011,VCV,CA,AWP,WE,Federal Contract Tower,9,2,19,6,36,0,3,63,13,79,9,5,82,19,115,104,164,268,383
12/01/2011,VCV,CA,AWP,WE,Federal Contract Tower,0,0,3,0,3,0,2,6,0,8,0,2,9,0,11,0,0,0,11
12/02/2011,VCV,CA,AWP,WE,Federal Contract Tower,2,0,3,7,12,0,6,28,18,52,2,6,31,25,64,50,143,193,257
12/03/2011,VCV,CA,AWP,WE,Federal Contract Tower,0,1,3,12,16,0,2,16,9,27,0,3,19,21,43,4,21,25,68
12/04/2011,VCV,CA,AWP,WE,Federal Contract Tower,1,1,1,2,5,0,4,10,0,14,1,5,11,2,19,80,1,81,100
12/05/2011,VCV,CA,AWP,WE,Federal Contract Tower,3,0,13,2,18,0,2,22,2,26,3,2,35,4,44,28,0,28,72
12/06/2011,VCV,CA,AWP,WE,Federal Contract Tower,7,0,3,2,12,0,4,43,14,61,7,4,46,16,73,57,150,207,280
12/07/2011,VCV,CA,AWP,WE,Federal Contract Tower,3,2,17,4,26,0,0,46,19,65,3,2,63,23,91,76,146,222,313
12/08/2011,VCV,CA,AWP,WE,Federal Contract Tower,2,0,12,6,20,0,6,32,7,45,2,6,44,13,65,92,44,136,201
12/09/2011,VCV,CA,AWP,WE,Federal Contract Tower,4,3,21,1,29,0,3,30,4,37,4,6,51,5,66,18,7,25,91
12/10/2011,VCV,CA,AWP,WE,Federal Contract Tower,0,0,22,0,22,0,8,16,4,28,0,8,38,4,50,6,0,6,56
12/11/2011,VCV,CA,AWP,WE,Federal Contract Tower,0,0,7,1,8,0,2,11,5,18,0,2,18,6,26,16,0,16,42
12/12/2011,VCV,CA,AWP,WE,Federal Contract Tower,4,0,5,2,11,0,0,3,7,10,4,0,8,9,21,0,14,14,35
12/13/2011,VCV,CA,AWP,WE,Federal Contract Tower,1,0,12,5,18,0,0,18,15,33,1,0,30,20,51,0,100,100,151
12/14/2011,VCV,CA,AWP,WE,Federal Contract Tower,4,2,11,4,21,0,2,44,31,77,4,4,55,35,98,56,116,172,270
12/15/2011,VCV,CA,AWP,WE,Federal Contract Tower,3,7,14,23,47,0,5,47,20,72,3,12,61,43,119,30,134,164,283
12/16/2011,VCV,CA,AWP,WE,Federal Contract Tower,1,0,0,0,1,0,4,15,6,25,1,4,15,6,26,4,10,14,40
12/17/2011,VCV,CA,AWP,WE,Federal Contract Tower,7,0,11,0,18,0,10,16,0,26,7,10,27,0,44,24,0,24,68
12/18/2011,VCV,CA,AWP,WE,Federal Contract Tower,7,0,1,0,8,0,3,0,0,3,7,3,1,0,11,0,0,0,11
12/19/2011,VCV,CA,AWP,WE,Federal Contract Tower,4,5,8,2,19,0,2,14,8,24,4,7,22,10,43,71,52,123,166
12/20/2011,VCV,CA,AWP,WE,Federal Contract Tower,7,0,17,6,30,0,7,47,20,74,7,7,64,26,104,82,138,220,324
12/21/2011,VCV,CA,AWP,WE,Federal Contract Tower,2,0,16,5,23,0,2,42,14,58,2,2,58,19,81,30,154,184,265
12/22/2011,VCV,CA,AWP,WE,Federal Contract Tower,2,0,1,0,3,0,4,23,0,27,2,4,24,0,30,0,0,0,30
12/23/2011,VCV,CA,AWP,WE,Federal Contract Tower,0,0,2,0,2,0,6,0,0,6,0,6,2,0,8,0,0,0,8
12/24/2011,VCV,CA,AWP,WE,Federal Contract Tower,0,0,0,0,0,0,2,20,0,22,0,2,20,0,22,32,0,32,54
12/25/2011,VCV,CA,AWP,WE,Federal Contract Tower,0,0,0,0,0,0,9,3,0,12,0,9,3,0,12,0,0,0,12
12/26/2011,VCV,CA,AWP,WE,Federal Contract Tower,0,1,5,0,6,0,5,21,0,26,0,6,26,0,32,12,0,12,44
12/27/2011,VCV,CA,AWP,WE,Federal Contract Tower,2,0,20,2,24,0,1,17,8,26,2,1,37,10,50,14,90,104,154
12/28/2011,VCV,CA,AWP,WE,Federal Contract Tower,0,0,9,5,14,0,1,26,6,33,0,1,35,11,47,0,88,88,135
12/29/2011,VCV,CA,AWP,WE,Federal Contract Tower,2,0,10,2,14,0,2,20,0,22,2,2,30,2,36,12,0,12,48
12/30/2011,VCV,CA,AWP,WE,Federal Contract Tower,1,0,9,0,10,0,3,8,0,11,1,3,17,0,21,0,0,0,21
12/31/2011,VCV,CA,AWP,WE,Federal Contract Tower,0,0,0,0,0,0,3,13,0,16,0,3,13,0,16,4,0,4,20
01/01/2012,VCV,CA,AWP,WE,Federal Contract Tower,0,0,8,0,8,0,2,10,0,12,0,2,18,0,20,4,0,4,24
01/02/2012,VCV,CA,AWP,WE,Federal Contract Tower,0,0,5,1,6,0,1,12,2,15,0,1,17,3,21,2,0,2,23
01/03/2012,VCV,CA,AWP,WE,Federal Contract Tower,1,0,11,4,16,0,3,37,8,48,1,3,48,12,64,36,96,132,196
01/04/2012,VCV,CA,AWP,WE,Federal Contract Tower,4,0,15,4,23,0,4,47,14,65,4,4,62,18,88,36,138,174,262
01/05/2012,VCV,CA,AWP,WE,Federal Contract Tower,7,0,15,1,23,0,7,30,12,49,7,7,45,13,72,0,36,36,108
01/06/2012,VCV,CA,AWP,WE,Federal Contract Tower,0,0,16,4,20,0,5,25,1,31,0,5,41,5,51,32,13,45,96
01/07/2012,VCV,CA,AWP,WE,Federal Contract Tower,0,0,15,13,28,0,2,24,8,34,0,2,39,21,62,42,66,108,170
01/08/2012,VCV,CA,AWP,WE,Federal Contract Tower,0,1,19,0,20,0,0,31,1,32,0,1,50,1,52,12,4,16,68
01/09/2012,VCV,CA,AWP,WE,Federal Contract Tower,0,0,8,6,14,0,2,12,24,38,0,2,20,30,52,4,55,59,111
01/10/2012,VCV,CA,AWP,WE,Federal Contract Tower,0,1,16,6,23,0,0,30,17,47,0,1,46,23,70,4,126,130,200
01/11/2012,VCV,CA,AWP,WE,Federal Contract Tower,2,0,14,6,22,0,2,51,25,78,2,2,65,31,100,34,106,140,240
01/12/2012,VCV,CA,AWP,WE,Federal Contract Tower,2,0,12,4,18,0,1,31,15,47,2,1,43,19,65,4,64,68,133
01/13/2012,VCV,CA,AWP,WE,Federal Contract Tower,1,0,3,1,5,0,7,11,1,19,1,7,14,2,24,14,20,34,58
01/14/2012,VCV,CA,AWP,WE,Federal Contract Tower,7,0,4,0,11,0,3,43,11,57,7,3,47,11,68,31,122,153,221
01/15/2012,VCV,CA,AWP,WE,Federal Contract Tower,5,0,12,1,18,0,3,35,4,42,5,3,47,5,60,32,60,92,152
01/16/2012,VCV,CA,AWP,WE,Federal Contract Tower,0,1,8,3,12,0,7,12,6,25,0,8,20,9,37,5,0,5,42
01/17/2012,VCV,CA,AWP,WE,Federal Contract Tower,4,0,12,7,23,0,2,36,20,58,4,2,48,27,81,16,116,132,213
01/18/2012,VCV,CA,AWP,WE,Federal Contract Tower,0,1,16,9,26,0,3,35,23,61,0,4,51,32,87,32,158,190,277
01/19/2012,VCV,CA,AWP,WE,Federal Contract Tower,0,0,9,18,27,0,4,41,15,60,0,4,50,33,87,44,88,132,219
01/20/2012,VCV,CA,AWP,WE,Federal Contract Tower,3,0,6,6,15,0,2,16,14,32,3,2,22,20,47,16,64,80,127
01/21/2012,VCV,CA,AWP,WE,Federal Contract Tower,2,0,0,0,2,0,0,7,0,7,2,0,7,0,9,0,12,12,21
01/22/2012,VCV,CA,AWP,WE,Federal Contract Tower,2,1,4,8,15,0,5,6,10,21,2,6,10,18,36,4,28,32,68
01/23/2012,VCV,CA,AWP,WE,Federal Contract Tower,2,0,2,2,6,0,1,0,4,5,2,1,2,6,11,0,4,4,15
01/24/2012,VCV,CA,AWP,WE,Federal Contract Tower,4,0,10,8,22,0,6,26,17,49,4,6,36,25,71,11,93,104,175
01/25/2012,VCV,CA,AWP,WE,Federal Contract Tower,2,0,11,8,21,0,0,50,22,72,2,0,61,30,93,18,168,186,279
01/26/2012,VCV,CA,AWP,WE,Federal Contract Tower,4,0,17,2,23,0,2,33,4,39,4,2,50,6,62,20,10,30,92
01/27/2012,VCV,CA,AWP,WE,Federal Contract Tower,2,0,7,4,13,0,5,13,3,21,2,5,20,7,34,48,35,83,117
01/28/2012,VCV,CA,AWP,WE,Federal Contract Tower,0,0,0,1,1,0,17,29,6,52,0,17,29,7,53,76,74,150,203
01/29/2012,VCV,CA,AWP,WE,Federal Contract Tower,2,0,5,4,11,0,4,10,2,16,2,4,15,6,27,4,24,28,55
01/30/2012,VCV,CA,AWP,WE,Federal Contract Tower,7,0,4,5,16,0,5,16,15,36,7,5,20,20,52,0,43,43,95
01/31/2012,VCV,CA,AWP,WE,Federal Contract Tower,1,0,10,8,19,0,3,57,26,86,1,3,67,34,105,34,176,210,315
02/01/2012,VCV,CA,AWP,WE,Federal Contract Tower,18,0,7,2,27,0,4,40,8,52,18,4,47,10,79,54,124,178,257
02/02/2012,VCV,CA,AWP,WE,Federal Contract Tower,26,0,4,3,33,0,1,46,25,72,26,1,50,28,105,72,248,320,425
02/03/2012,VCV,CA,AWP,WE,Federal Contract Tower,31,0,20,7,58,0,7,39,22,68,31,7,59,29,126,84,348,432,558
02/04/2012,VCV,CA,AWP,WE,Federal Contract Tower,16,0,2,2,20,0,1,51,8,60,16,1,53,10,80,54,80,134,214
02/05/2012,VCV,CA,AWP,WE,Federal Contract Tower,6,0,11,2,19,0,12,53,2,67,6,12,64,4,86,102,0,102,188
02/06/2012,VCV,CA,AWP,WE,Federal Contract Tower,1,0,4,6,11,0,4,25,16,45,1,4,29,22,56,0,30,30,86
02/07/2012,VCV,CA,AWP,WE,Federal Contract Tower,0,1,2,1,4,0,7,24,3,34,0,8,26,4,38,50,86,136,174
02/08/2012,VCV,CA,AWP,WE,Federal Contract Tower,5,0,20,6,31,0,4,59,9,72,5,4,79,15,103,102,288,390,493
02/09/2012,VCV,CA,AWP,WE,Federal Contract Tower,1,1,16,3,21,0,3,52,6,61,1,4,68,9,82,74,148,222,304
02/10/2012,VCV,CA,AWP,WE,Federal Contract Tower,2,0,9,11,22,0,8,45,8,61,2,8,54,19,83,46,90,136,219
02/11/2012,VCV,CA,AWP,WE,Federal Contract Tower,0,0,33,2,35,0,2,6,1,9,0,2,39,3,44,6,0,6,50
02/12/2012,VCV,CA,AWP,WE,Federal Contract Tower,1,2,14,0,17,0,4,27,0,31,1,6,41,0,48,9,2,11,59
02/13/2012,VCV,CA,AWP,WE,Federal Contract Tower,0,0,11,2,13,0,0,3,0,3,0,0,14,2,16,8,6,14,30
02/14/2012,VCV,CA,AWP,WE,Federal Contract Tower,0,0,8,5,13,0,9,29,5,43,0,9,37,10,56,20,86,106,162
02/15/2012,VCV,CA,AWP,WE,Federal Contract Tower,4,2,17,7,30,0,0,45,10,55,4,2,62,17,85,0,72,72,157
02/16/2012,VCV,CA,AWP,WE,Federal Contract Tower,5,1,17,8,31,0,0,47,8,55,5,1,64,16,86,70,82,152,238
02/17/2012,VCV,CA,AWP,WE,Federal Contract Tower,3,0,10,6,19,0,6,38,12,56,3,6,48,18,75,104,42,146,221
02/18/2012,VCV,CA,AWP,WE,Federal Contract Tower,0,0,18,1,19,0,13,32,5,50,0,13,50,6,69,121,72,193,262
02/19/2012,VCV,CA,AWP,WE,Federal Contract Tower,1,0,10,0,11,0,1,22,0,23,1,1,32,0,34,22,0,22,56
02/20/2012,VCV,CA,AWP,WE,Federal Contract Tower,2,0,2,2,6,0,8,18,7,33,2,8,20,9,39,55,0,55,94
02/21/2012,VCV,CA,AWP,WE,Federal Contract Tower,2,0,3,2,7,0,0,26,11,37,2,0,29,13,44,106,154,260,304
02/22/2012,VCV,CA,AWP,WE,Federal Contract Tower,6,0,16,3,25,0,1,61,10,72,6,1,77,13,97,44,160,204,301
02/23/2012,VCV,CA,AWP,WE,Federal Contract Tower,1,6,29,12,48,0,7,51,16,74,1,13,80,28,122,42,128,170,292
02/24/2012,VCV,CA,AWP,WE,Federal Contract Tower,1,0,5,3,9,1,10,35,5,51,2,10,40,8,60,44,49,93,153
02/25/2012,VCV,CA,AWP,WE,Federal Contract Tower,2,1,4,0,7,0,0,4,0,4,2,1,8,0,11,23,0,23,34
02/26/2012,VCV,CA,AWP,WE,Federal Contract Tower,6,0,2,2,10,0,9,7,2,18,6,9,9,4,28,12,4,16,44
02/27/2012,VCV,CA,AWP,WE,Federal Contract Tower,6,1,7,4,18,0,0,7,8,15,6,1,14,12,33,8,0,8,41
02/28/2012,VCV,CA,AWP,WE,Federal Contract Tower,5,1,5,3,14,0,4,24,13,41,5,5,29,16,55,43,167,210,265
02/29/2012,VCV,CA,AWP,WE,Federal Contract Tower,15,0,16,4,35,0,6,70,18,94,15,6,86,22,129,110,196,306,435
03/01/2012,VCV,CA,AWP,WE,Federal Contract Tower,32,1,3,2,38,0,7,38,1,46,32,8,41,3,84,44,14,58,142
03/02/2012,VCV,CA,AWP,WE,Federal Contract Tower,21,0,18,2,41,1,6,43,5,55,22,6,61,7,96,124,110,234,330
03/03/2012,VCV,CA,AWP,WE,Federal Contract Tower,15,0,29,11,55,0,8,19,7,34,15,8,48,18,89,85,97,182,271
03/04/2012,VCV,CA,AWP,WE,Federal Contract Tower,7,2,12,0,21,0,7,23,5,35,7,9,35,5,56,8,5,13,69
03/05/2012,VCV,CA,AWP,WE,Federal Contract Tower,2,0,1,1,4,0,4,19,6,29,2,4,20,7,33,8,59,67,100
03/06/2012,VCV,CA,AWP,WE,Federal Contract Tower,1,0,4,1,6,0,0,11,8,19,1,0,15,9,25,8,50,58,83
03/07/2012,VCV,CA,AWP,WE,Federal Contract Tower,4,1,15,9,29,0,4,44,21,69,4,5,59,30,98,54,202,256,354
03/08/2012,VCV,CA,AWP,WE,Federal Contract Tower,2,1,12,8,23,0,1,35,5,41,2,2,47,13,64,102,116,218,282
03/09/2012,VCV,CA,AWP,WE,Federal Contract Tower,2,0,13,10,25,0,6,25,6,37,2,6,38,16,62,106,118,224,286
03/10/2012,VCV,CA,AWP,WE,Federal Contract Tower,0,1,14,0,15,0,13,11,0,24,0,14,25,0,39,15,0,15,54
03/11/2012,VCV,CA,AWP,WE,Federal Contract Tower,0,0,17,2,19,0,8,12,4,24,0,8,29,6,43,22,4,26,69
03/12/2012,VCV,CA,AWP,WE,Federal Contract Tower,1,1,17,6,25,0,4,34,15,53,1,5,51,21,78,14,40,54,132
03/13/2012,VCV,CA,AWP,WE,Federal Contract Tower,0,0,14,13,27,0,7,25,17,49,0,7,39,30,76,32,110,142,218
03/14/2012,VCV,CA,AWP,WE,Federal Contract Tower,0,0,3,9,12,0,6,22,5,33,0,6,25,14,45,6,25,31,76
03/15/2012,VCV,CA,AWP,WE,Federal Contract Tower,1,0,4,3,8,0,7,12,7,26,1,7,16,10,34,6,10,16,50
03/16/2012,VCV,CA,AWP,WE,Federal Contract Tower,4,1,16,1,22,1,10,21,2,34,5,11,37,3,56,24,22,46,102
03/17/2012,VCV,CA,AWP,WE,Federal Contract Tower,0,0,0,1,1,0,0,0,0,0,0,0,0,1,1,0,0,0,1
03/18/2012,VCV,CA,AWP,WE,Federal Contract Tower,1,0,0,0,1,0,0,0,0,0,1,0,0,0,1,0,0,0,1
03/19/2012,VCV,CA,AWP,WE,Federal Contract Tower,4,0,10,2,16,0,0,18,2,20,4,0,28,4,36,0,10,10,46
03/20/2012,VCV,CA,AWP,WE,Federal Contract Tower,0,1,3,1,5,0,11,22,6,39,0,12,25,7,44,22,116,138,182
03/21/2012,VCV,CA,AWP,WE,Federal Contract Tower,3,0,25,8,36,0,5,30,10,45,3,5,55,18,81,79,42,121,202
03/22/2012,VCV,CA,AWP,WE,Federal Contract Tower,2,0,11,1,14,0,8,47,7,62,2,8,58,8,76,68,44,112,188
03/23/2012,VCV,CA,AWP,WE,Federal Contract Tower,0,0,10,4,14,1,2,27,12,42,1,2,37,16,56,49,11,60,116
03/24/2012,VCV,CA,AWP,WE,Federal Contract Tower,0,0,15,0,15,0,0,4,12,16,0,0,19,12,31,26,0,26,57
03/25/2012,VCV,CA,AWP,WE,Federal Contract Tower,0,0,2,5,7,0,0,6,0,6,0,0,8,5,13,2,2,4,17
03/26/2012,VCV,CA,AWP,WE,Federal Contract Tower,2,0,2,5,9,0,6,13,4,23,2,6,15,9,32,14,0,14,46
03/27/2012,VCV,CA,AWP,WE,Federal Contract Tower,11,0,12,6,29,0,8,28,7,43,11,8,40,13,72,37,148,185,257
03/28/2012,VCV,CA,AWP,WE,Federal Contract Tower,21,0,12,7,40,0,3,44,13,60,21,3,56,20,100,38,102,140,240
03/29/2012,VCV,CA,AWP,WE,Federal Contract Tower,6,2,19,4,31,0,2,47,15,64,6,4,66,19,95,64,208,272,367
03/30/2012,VCV,CA,AWP,WE,Federal Contract Tower,4,0,11,4,19,0,6,24,5,35,4,6,35,9,54,104,87,191,245
03/31/2012,VCV,CA,AWP,WE,Federal Contract Tower,3,0,13,0,16,0,3,59,3,65,3,3,72,3,81,84,58,142,223
04/01/2012,VCV,CA,AWP,WE,Federal Contract Tower,0,0,0,0,0,0,4,0,0,4,0,4,0,0,4,0,0,0,4
04/02/2012,VCV,CA,AWP,WE,Federal Contract Tower,1,0,11,0,12,0,0,25,0,25,1,0,36,0,37,32,0,32,69
04/03/2012,VCV,CA,AWP,WE,Federal Contract Tower,1,0,6,17,24,0,2,17,8,27,1,2,23,25,51,58,142,200,251
04/04/2012,VCV,CA,AWP,WE,Federal Contract Tower,0,0,7,11,18,0,6,22,1,29,0,6,29,12,47,17,48,65,112
04/05/2012,VCV,CA,AWP,WE,Federal Contract Tower,2,0,3,5,10,0,1,27,6,34,2,1,30,11,44,2,24,26,70
04/06/2012,VCV,CA,AWP,WE,Federal Contract Tower,5,0,13,8,26,0,9,19,5,33,5,9,32,13,59,19,28,47,106
04/07/2012,VCV,CA,AWP,WE,Federal Contract Tower,0,0,19,4,23,0,0,21,1,22,0,0,40,5,45,42,0,42,87
04/08/2012,VCV,CA,AWP,WE,Federal Contract Tower,0,0,0,0,0,0,4,16,0,20,0,4,16,0,20,88,0,88,108
04/09/2012,VCV,CA,AWP,WE,Federal Contract Tower,0,0,3,3,6,0,3,11,4,18,0,3,14,7,24,44,8,52,76
04/10/2012,VCV,CA,AWP,WE,Federal Contract Tower,0,0,13,3,16,0,2,30,3,35,0,2,43,6,51,108,68,176,227
04/11/2012,VCV,CA,AWP,WE,Federal Contract Tower,0,0,12,3,15,0,2,39,9,50,0,2,51,12,65,86,204,290,355
04/12/2012,VCV,CA,AWP,WE,Federal Contract Tower,2,1,10,3,16,0,0,23,13,36,2,1,33,16,52,30,36,66,118
04/13/2012,VCV,CA,AWP,WE,Federal Contract Tower,0,0,4,1,5,0,2,37,6,45,0,2,41,7,50,138,116,254,304
04/14/2012,VCV,CA,AWP,WE,Federal Contract Tower,0,0,0,2,2,0,5,6,0,11,0,5,6,2,13,47,0,47,60
04/15/2012,VCV,CA,AWP,WE,Federal Contract Tower,0,0,16,1,17,0,10,12,5,27,0,10,28,6,44,26,64,90,134
04/16/2012,VCV,CA,AWP,WE,Federal Contract Tower,1,0,0,2,3,0,4,24,3,31,1,4,24,5,34,8,40,48,82
04/17/2012,VCV,CA,AWP,WE,Federal Contract Tower,1,0,3,14,18,0,6,44,29,79,1,6,47,43,97,4,247,251,348
04/18/2012,VCV,CA,AWP,WE,Federal Contract Tower,0,1,7,12,20,0,2,33,13,48,0,3,40,25,68,24,180,204,272
04/19/2012,VCV,CA,AWP,WE,Federal Contract Tower,3,0,4,8,15,0,1,19,11,31,3,1,23,19,46,6,118,124,170
04/20/2012,VCV,CA,AWP,WE,Federal Contract Tower,2,0,25,16,43,0,2,31,8,41,2,2,56,24,84,58,72,130,214
04/21/2012,VCV,CA,AWP,WE,Federal Contract Tower,1,0,14,0,15,0,4,27,4,35,1,4,41,4,50,89,74,163,213
04/22/2012,VCV,CA,AWP,WE,Federal Contract Tower,5,0,11,2,18,0,9,18,8,35,5,9,29,10,53,11,0,11,64
04/23/2012,VCV,CA,AWP,WE,Federal Contract Tower,2,0,5,4,11,0,2,25,6,33,2,2,30,10,44,12,36,48,92
04/24/2012,VCV,CA,AWP,WE,Federal Contract Tower,0,0,8,4,12,0,2,22,15,39,0,2,30,19,51,6,150,156,207
04/25/2012,VCV,CA,AWP,WE,Federal Contract Tower,1,0,6,1,8,0,2,48,12,62,1,2,54,13,70,40,144,184,254
04/26/2012,VCV,CA,AWP,WE,Federal Contract Tower,0,0,10,6,16,0,0,20,11,31,0,0,30,17,47,0,102,102,149
04/27/2012,VCV,CA,AWP,WE,Federal Contract Tower,1,0,11,2,14,0,1,35,6,42,1,1,46,8,56,10,94,104,160
04/28/2012,VCV,CA,AWP,WE,Federal Contract Tower,9,0,2,2,13,0,1,44,1,46,9,1,46,3,59,48,6,54,113
04/29/2012,VCV,CA,AWP,WE,Federal Contract Tower,1,0,0,0,1,0,2,10,0,12,1,2,10,0,13,0,0,0,13
04/30/2012,VCV,CA,AWP,WE,Federal Contract Tower,0,0,7,7,14,0,4,25,11,40,0,4,32,18,54,10,40,50,104
05/01/2012,VCV,CA,AWP,WE,Federal Contract Tower,3,0,6,2,11,0,2,26,7,35,3,2,32,9,46,28,112,140,186
05/02/2012,VCV,CA,AWP,WE,Federal Contract Tower,0,0,12,3,15,0,3,46,11,60,0,3,58,14,75,78,188,266,341
05/03/2012,VCV,CA,AWP,WE,Federal Contract Tower,3,0,16,2,21,0,2,48,11,61,3,2,64,13,82,60,80,140,222
05/04/2012,VCV,CA,AWP,WE,Federal Contract Tower,10,0,2,0,12,0,3,51,6,60,10,3,53,6,72,118,106,224,296
05/05/2012,VCV,CA,AWP,WE,Federal Contract Tower,0,0,8,0,8,0,0,40,7,47,0,0,48,7,55,114,162,276,331
05/06/2012,VCV,CA,AWP,WE,Federal Contract Tower,8,0,6,3,17,0,0,23,8,31,8,0,29,11,48,50,64,114,162
05/07/2012,VCV,CA,AWP,WE,Federal Contract Tower,0,1,12,5,18,0,6,24,12,42,0,7,36,17,60,20,60,80,140
05/08/2012,VCV,CA,AWP,WE,Federal Contract Tower,1,0,17,11,29,0,1,47,22,70,1,1,64,33,99,66,116,182,281
05/09/2012,VCV,CA,AWP,WE,Federal Contract Tower,0,0,11,3,14,0,2,33,18,53,0,2,44,21,67,92,160,252,319
05/10/2012,VCV,CA,AWP,WE,Federal Contract Tower,1,0,17,3,21,0,3,50,10,63,1,3,67,13,84,124,250,374,458
05/11/2012,VCV,CA,AWP,WE,Federal Contract Tower,0,0,12,0,12,0,3,33,5,41,0,3,45,5,53,124,108,232,285
05/12/2012,VCV,CA,AWP,WE,Federal Contract Tower,0,0,20,0,20,0,5,27,0,32,0,5,47,0,52,34,0,34,86
05/13/2012,VCV,CA,AWP,WE,Federal Contract Tower,0,0,11,0,11,0,5,22,0,27,0,5,33,0,38,10,0,10,48
05/14/2012,VCV,CA,AWP,WE,Federal Contract Tower,1,2,11,1,15,0,2,29,1,32,1,4,40,2,47,4,42,46,93
05/15/2012,VCV,CA,AWP,WE,Federal Contract Tower,3,0,10,4,17,0,4,18,6,28,3,4,28,10,45,28,72,100,145
05/16/2012,VCV,CA,AWP,WE,Federal Contract Tower,1,0,14,3,18,0,1,29,7,37,1,1,43,10,55,122,210,332,387
05/17/2012,VCV,CA,AWP,WE,Federal Contract Tower,4,0,11,2,17,0,2,47,6,55,4,2,58,8,72,96,108,204,276
05/18/2012,VCV,CA,AWP,WE,Federal Contract Tower,0,0,14,0,14,0,8,47,4,59,0,8,61,4,73,44,0,44,117
05/19/2012,VCV,CA,AWP,WE,Federal Contract Tower,0,0,11,0,11,0,2,41,2,45,0,2,52,2,56,44,14,58,114
05/20/2012,VCV,CA,AWP,WE,Federal Contract Tower,2,0,14,0,16,0,0,11,0,11,2,0,25,0,27,0,0,0,27
05/21/2012,VCV,CA,AWP,WE,Federal Contract Tower,3,0,0,1,4,0,0,22,0,22,3,0,22,1,26,0,32,32,58
05/22/2012,VCV,CA,AWP,WE,Federal Contract Tower,3,0,6,4,13,0,5,15,8,28,3,5,21,12,41,4,54,58,99
05/23/2012,VCV,CA,AWP,WE,Federal Contract Tower,1,0,2,2,5,0,4,21,0,25,1,4,23,2,30,0,44,44,74
05/24/2012,VCV,CA,AWP,WE,Federal Contract Tower,0,0,10,6,16,0,4,40,14,58,0,4,50,20,74,54,160,214,288
05/25/2012,VCV,CA,AWP,WE,Federal Contract Tower,4,0,5,2,11,0,0,4,0,4,4,0,9,2,15,0,0,0,15
05/26/2012,VCV,CA,AWP,WE,Federal Contract Tower,14,0,16,5,35,0,3,54,1,58,14,3,70,6,93,84,6,90,183
05/27/2012,VCV,CA,AWP,WE,Federal Contract Tower,4,0,20,0,24,0,3,40,0,43,4,3,60,0,67,62,0,62,129
05/28/2012,VCV,CA,AWP,WE,Federal Contract Tower,3,0,2,0,5,0,1,15,0,16,3,1,17,0,21,10,0,10,31
05/29/2012,VCV,CA,AWP,WE,Federal Contract Tower,1,1,9,3,14,0,3,42,7,52,1,4,51,10,66,182,190,372,438
05/30/2012,VCV,CA,AWP,WE,Federal Contract Tower,2,0,9,0,11,0,2,41,16,59,2,2,50,16,70,100,124,224,294
05/31/2012,VCV,CA,AWP,WE,Federal Contract Tower,2,0,1,0,3,0,0,38,10,48,2,0,39,10,51,150,224,374,425
06/01/2012,VCV,CA,AWP,WE,Federal Contract Tower,17,0,10,2,29,0,4,28,4,36,17,4,38,6,65,52,46,98,163
06/02/2012,VCV,CA,AWP,WE,Federal Contract Tower,16,0,4,3,23,0,4,38,7,49,16,4,42,10,72,146,114,260,332
06/03/2012,VCV,CA,AWP,WE,Federal Contract Tower,13,0,3,2,18,0,1,18,5,24,13,1,21,7,42,26,48,74,116
06/04/2012,VCV,CA,AWP,WE,Federal Contract Tower,2,0,5,5,12,0,3,30,5,38,2,3,35,10,50,8,38,46,96
06/05/2012,VCV,CA,AWP,WE,Federal Contract Tower,1,0,6,8,15,0,1,14,12,27,1,1,20,20,42,2,112,114,156
06/06/2012,VCV,CA,AWP,WE,Federal Contract Tower,0,0,7,5,12,0,1,44,10,55,0,1,51,15,67,14,148,162,229
06/07/2012,VCV,CA,AWP,WE,Federal Contract Tower,2,0,12,7,21,0,1,46,9,56,2,1,58,16,77,18,198,216,293
06/08/2012,VCV,CA,AWP,WE,Federal Contract Tower,0,0,16,2,18,0,0,46,12,58,0,0,62,14,76,92,122,214,290
06/09/2012,VCV,CA,AWP,WE,Federal Contract Tower,0,0,22,0,22,0,3,35,0,38,0,3,57,0,60,50,0,50,110
06/10/2012,VCV,CA,AWP,WE,Federal Contract Tower,0,0,7,0,7,0,2,13,0,15,0,2,20,0,22,20,0,20,42
06/11/2012,VCV,CA,AWP,WE,Federal Contract Tower,15,0,10,6,31,0,2,24,5,31,15,2,34,11,62,94,52,146,208
06/12/2012,VCV,CA,AWP,WE,Federal Contract Tower,4,0,14,3,21,0,4,43,1,48,4,4,57,4,69,24,78,102,171
06/13/2012,VCV,CA,AWP,WE,Federal Contract Tower,1,0,17,12,30,0,6,54,10,70,1,6,71,22,100,88,220,308,408
06/14/2012,VCV,CA,AWP,WE,Federal Contract Tower,2,0,16,10,28,0,2,63,15,80,2,2,79,25,108,20,206,226,334
06/15/2012,VCV,CA,AWP,WE,Federal Contract Tower,2,0,6,14,22,0,1,31,11,43,2,1,37,25,65,34,108,142,207
06/16/2012,VCV,CA,AWP,WE,Federal Contract Tower,0,0,15,0,15,0,3,44,0,47,0,3,59,0,62,54,0,54,116
06/17/2012,VCV,CA,AWP,WE,Federal Contract Tower,0,0,6,1,7,0,7,11,6,24,0,7,17,7,31,0,0,0,31
06/18/2012,VCV,CA,AWP,WE,Federal Contract Tower,1,0,4,5,10,0,0,11,4,15,1,0,15,9,25,0,102,102,127
06/19/2012,VCV,CA,AWP,WE,Federal Contract Tower,0,0,5,2,7,0,1,33,2,36,0,1,38,4,43,0,58,58,101
06/20/2012,VCV,CA,AWP,WE,Federal Contract Tower,3,0,12,7,22,0,4,59,13,76,3,4,71,20,98,68,134,202,300
06/21/2012,VCV,CA,AWP,WE,Federal Contract Tower,1,0,23,7,31,0,7,59,21,87,1,7,82,28,118,56,200,256,374
06/22/2012,VCV,CA,AWP,WE,Federal Contract Tower,6,0,28,0,34,0,5,60,4,69,6,5,88,4,103,68,32,100,203
06/23/2012,VCV,CA,AWP,WE,Federal Contract Tower,5,0,9,0,14,0,0,28,0,28,5,0,37,0,42,4,0,4,46
06/24/2012,VCV,CA,AWP,WE,Federal Contract Tower,0,0,37,0,37,0,2,49,0,51,0,2,86,0,88,14,0,14,102
06/25/2012,VCV,CA,AWP,WE,Federal Contract Tower,5,3,4,8,20,0,2,14,16,32,5,5,18,24,52,8,62,70,122
06/26/2012,VCV,CA,AWP,WE,Federal Contract Tower,7,0,10,2,19,0,1,42,8,51,7,1,52,10,70,18,88,106,176
06/27/2012,VCV,CA,AWP,WE,Federal Contract Tower,19,0,10,2,31,0,2,50,6,58,19,2,60,8,89,14,142,156,245
06/28/2012,VCV,CA,AWP,WE,Federal Contract Tower,18,2,17,2,39,0,0,53,9,62,18,2,70,11,101,26,92,118,219
06/29/2012,VCV,CA,AWP,WE,Federal Contract Tower,15,3,18,6,42,0,6,60,16,82,15,9,78,22,124,104,86,190,314
06/30/2012,VCV,CA,AWP,WE,Federal Contract Tower,15,0,17,1,33,0,5,81,7,93,15,5,98,8,126,204,166,370,496
07/01/2012,VCV,CA,AWP,WE,Federal Contract Tower,5,0,6,1,12,0,3,53,0,56,5,3,59,1,68,146,0,146,214
07/02/2012,VCV,CA,AWP,WE,Federal Contract Tower,1,0,8,3,12,0,2,13,3,18,1,2,21,6,30,0,110,110,140
07/03/2012,VCV,CA,AWP,WE,Federal Contract Tower,1,0,3,2,6,0,2,32,4,38,1,2,35,6,44,124,174,298,342
07/04/2012,VCV,CA,AWP,WE,Federal Contract Tower,0,0,2,0,2,0,1,23,0,24,0,1,25,0,26,18,0,18,44
07/05/2012,VCV,CA,AWP,WE,Federal Contract Tower,0,0,15,5,20,0,4,41,14,59,0,4,56,19,79,28,150,178,257
07/06/2012,VCV,CA,AWP,WE,Federal Contract Tower,2,0,25,0,27,0,4,52,5,61,2,4,77,5,88,170,130,300,388
07/07/2012,VCV,CA,AWP,WE,Federal Contract Tower,0,0,12,0,12,0,5,44,4,53,0,5,56,4,65,42,34,76,141
07/08/2012,VCV,CA,AWP,WE,Federal Contract Tower,0,0,14,0,14,0,1,26,2,29,0,1,40,2,43,36,28,64,107
07/09/2012,VCV,CA,AWP,WE,Federal Contract Tower,0,0,11,14,25,0,2,53,37,92,0,2,64,51,117,112,140,252,369
07/10/2012,VCV,CA,AWP,WE,Federal Contract Tower,0,0,2,12,14,0,4,12,14,30,0,4,14,26,44,0,98,98,142
07/11/2012,VCV,CA,AWP,WE,Federal Contract Tower,0,0,1,2,3,0,2,27,9,38,0,2,28,11,41,50,224,274,315
07/12/2012,VCV,CA,AWP,WE,Federal Contract Tower,3,0,3,9,15,0,0,24,11,35,3,0,27,20,50,4,76,80,130
07/13/2012,VCV,CA,AWP,WE,Federal Contract Tower,0,0,12,9,21,0,4,48,11,63,0,4,60,20,84,110,102,212,296
07/14/2012,VCV,CA,AWP,WE,Federal Contract Tower,0,0,22,0,22,0,2,61,10,73,0,2,83,10,95,184,156,340,435
07/15/2012,VCV,CA,AWP,WE,Federal Contract Tower,0,0,16,0,16,0,2,35,0,37,0,2,51,0,53,88,0,88,141
07/16/2012,VCV,CA,AWP,WE,Federal Contract Tower,0,0,2,5,7,0,3,69,16,88,0,3,71,21,95,126,162,288,383
07/17/2012,VCV,CA,AWP,WE,Federal Contract Tower,2,0,3,4,9,0,0,15,5,20,2,0,18,9,29,18,164,182,211
07/18/2012,VCV,CA,AWP,WE,Federal Contract Tower,0,0,15,5,20,0,3,45,8,56,0,3,60,13,76,120,216,336,412
07/19/2012,VCV,CA,AWP,WE,Federal Contract Tower,2,0,9,14,25,0,4,16,19,39,2,4,25,33,64,24,34,58,122
07/20/2012,VCV,CA,AWP,WE,Federal Contract Tower,0,0,14,5,19,0,7,14,13,34,0,7,28,18,53,56,46,102,155
07/21/2012,VCV,CA,AWP,WE,Federal Contract Tower,0,0,15,2,17,0,4,29,0,33,0,4,44,2,50,54,0,54,104
07/22/2012,VCV,CA,AWP,WE,Federal Contract Tower,0,0,8,1,9,0,0,60,0,60,0,0,68,1,69,100,0,100,169
07/23/2012,VCV,CA,AWP,WE,Federal Contract Tower,6,0,0,2,8,0,2,8,8,18,6,2,8,10,26,8,16,24,50
07/24/2012,VCV,CA,AWP,WE,Federal Contract Tower,1,0,3,2,6,0,4,29,8,41,1,4,32,10,47,136,200,336,383
07/25/2012,VCV,CA,AWP,WE,Federal Contract Tower,0,0,9,2,11,0,5,33,11,49,0,5,42,13,60,98,142,240,300
07/26/2012,VCV,CA,AWP,WE,Federal Contract Tower,2,0,10,0,12,0,2,43,0,45,2,2,53,0,57,82,0,82,139
07/27/2012,VCV,CA,AWP,WE,Federal Contract Tower,29,0,5,0,34,0,4,46,6,56,29,4,51,6,90,130,150,280,370
07/28/2012,VCV,CA,AWP,WE,Federal Contract Tower,30,0,2,0,32,0,3,25,5,33,30,3,27,5,65,122,124,246,311
07/29/2012,VCV,CA,AWP,WE,Federal Contract Tower,13,0,3,7,23,0,0,3,0,3,13,0,6,7,26,0,45,45,71
07/30/2012,VCV,CA,AWP,WE,Federal Contract Tower,4,0,2,0,6,0,1,4,2,7,4,1,6,2,13,0,46,46,59
07/31/2012,VCV,CA,AWP,WE,Federal Contract Tower,4,0,5,8,17,0,8,19,1,28,4,8,24,9,45,36,93,129,174
08/01/2012,VCV,CA,AWP,WE,Federal Contract Tower,2,0,15,4,21,0,12,48,9,69,2,12,63,13,90,120,146,266,356
08/02/2012,VCV,CA,AWP,WE,Federal Contract Tower,6,0,9,10,25,0,2,45,22,69,6,2,54,32,94,0,62,62,156
08/03/2012,VCV,CA,AWP,WE,Federal Contract Tower,0,0,3,8,11,0,5,25,4,34,0,5,28,12,45,46,50,96,141
08/04/2012,VCV,CA,AWP,WE,Federal Contract Tower,0,0,6,0,6,0,19,39,3,61,0,19,45,3,67,98,70,168,235
08/05/2012,VCV,CA,AWP,WE,Federal Contract Tower,0,0,0,0,0,0,2,0,2,4,0,2,0,2,4,24,30,54,58
08/06/2012,VCV,CA,AWP,WE,Federal Contract Tower,0,0,11,2,13,0,5,11,3,19,0,5,22,5,32,18,22,40,72
08/07/2012,VCV,CA,AWP,WE,Federal Contract Tower,0,0,7,0,7,0,2,35,12,49,0,2,42,12,56,100,116,216,272
08/08/2012,VCV,CA,AWP,WE,Federal Contract Tower,2,0,9,2,13,0,5,37,8,50,2,5,46,10,63,114,148,262,325
08/09/2012,VCV,CA,AWP,WE,Federal Contract Tower,0,0,6,5,11,0,7,14,5,26,0,7,20,10,37,36,40,76,113
08/10/2012,VCV,CA,AWP,WE,Federal Contract Tower,6,0,13,0,19,0,7,26,4,37,6,7,39,4,56,42,34,76,132
08/11/2012,VCV,CA,AWP,WE,Federal Contract Tower,1,0,6,4,11,0,2,30,0,32,1,2,36,4,43,0,15,15,58
08/12/2012,VCV,CA,AWP,WE,Federal Contract Tower,0,0,4,0,4,0,4,8,0,12,0,4,12,0,16,32,0,32,48
08/13/2012,VCV,CA,AWP,WE,Federal Contract Tower,4,0,3,0,7,0,4,11,2,17,4,4,14,2,24,14,0,14,38
08/14/2012,VCV,CA,AWP,WE,Federal Contract Tower,0,0,6,2,8,0,5,11,7,23,0,5,17,9,31,48,140,188,219
08/15/2012,VCV,CA,AWP,WE,Federal Contract Tower,0,1,12,0,13,0,8,54,8,70,0,9,66,8,83,104,124,228,311
08/16/2012,VCV,CA,AWP,WE,Federal Contract Tower,3,0,12,9,24,0,4,35,20,59,3,4,47,29,83,12,126,138,221
08/17/2012,VCV,CA,AWP,WE,Federal Contract Tower,1,0,6,11,18,0,21,24,8,53,1,21,30,19,71,58,86,144,215
08/18/2012,VCV,CA,AWP,WE,Federal Contract Tower,16,2,8,0,26,0,4,25,0,29,16,6,33,0,55,26,15,41,96
08/19/2012,VCV,CA,AWP,WE,Federal Contract Tower,10,0,0,0,10,0,4,55,8,67,10,4,55,8,77,96,186,282,359
08/20/2012,VCV,CA,AWP,WE,Federal Contract Tower,5,0,10,5,20,0,7,18,3,28,5,7,28,8,48,0,50,50,98
08/21/2012,VCV,CA,AWP,WE,Federal Contract Tower,6,0,10,14,30,0,1,29,21,51,6,1,39,35,81,82,264,346,427
08/22/2012,VCV,CA,AWP,WE,Federal Contract Tower,24,0,18,3,45,0,2,43,22,67,24,2,61,25,112,48,170,218,330
08/23/2012,VCV,CA,AWP,WE,Federal Contract Tower,21,0,19,2,42,0,7,45,18,70,21,7,64,20,112,0,244,244,356
08/24/2012,VCV,CA,AWP,WE,Federal Contract Tower,22,0,10,3,35,0,10,27,8,45,22,10,37,11,80,92,169,261,341
08/25/2012,VCV,CA,AWP,WE,Federal Contract Tower,21,0,1,0,22,0,1,26,0,27,21,1,27,0,49,42,12,54,103
08/26/2012,VCV,CA,AWP,WE,Federal Contract Tower,10,0,3,0,13,0,5,9,8,22,10,5,12,8,35,0,11,11,46
08/27/2012,VCV,CA,AWP,WE,Federal Contract Tower,0,0,6,9,15,0,0,17,4,21,0,0,23,13,36,15,76,91,127
08/28/2012,VCV,CA,AWP,WE,Federal Contract Tower,1,0,12,8,21,0,4,25,8,37,1,4,37,16,58,40,86,126,184
08/29/2012,VCV,CA,AWP,WE,Federal Contract Tower,0,0,15,1,16,0,0,46,11,57,0,0,61,12,73,51,226,277,350
08/30/2012,VCV,CA,AWP,WE,Federal Contract Tower,3,0,10,4,17,0,3,23,2,28,3,3,33,6,45,14,38,52,97
08/31/2012,VCV,CA,AWP,WE,Federal Contract Tower,0,0,3,10,13,0,5,14,11,30,0,5,17,21,43,10,52,62,105
09/01/2012,VCV,CA,AWP,WE,Federal Contract Tower,0,0,2,0,2,0,2,14,0,16,0,2,16,0,18,62,0,62,80
09/02/2012,VCV,CA,AWP,WE,Federal Contract Tower,4,0,4,0,8,0,5,35,0,40,4,5,39,0,48,42,0,42,90
09/03/2012,VCV,CA,AWP,WE,Federal Contract Tower,0,0,1,1,2,0,2,13,2,17,0,2,14,3,19,0,0,0,19
09/04/2012,VCV,CA,AWP,WE,Federal Contract Tower,0,0,6,7,13,0,1,21,14,36,0,1,27,21,49,0,0,0,49
09/05/2012,VCV,CA,AWP,WE,Federal Contract Tower,0,0,6,3,9,0,8,31,2,41,0,8,37,5,50,28,48,76,126
09/06/2012,VCV,CA,AWP,WE,Federal Contract Tower,2,0,11,5,18,0,3,55,10,68,2,3,66,15,86,66,262,328,414
09/07/2012,VCV,CA,AWP,WE,Federal Contract Tower,0,0,3,2,5,0,1,23,13,37,0,1,26,15,42,28,167,195,237
09/08/2012,VCV,CA,AWP,WE,Federal Contract Tower,0,0,2,3,5,0,0,48,5,53,0,0,50,8,58,60,138,198,256
09/09/2012,VCV,CA,AWP,WE,Federal Contract Tower,0,0,8,0,8,0,2,17,9,28,0,2,25,9,36,102,98,200,236
09/10/2012,VCV,CA,AWP,WE,Federal Contract Tower,0,0,2,0,2,0,13,8,0,21,0,13,10,0,23,2,8,10,33
09/11/2012,VCV,CA,AWP,WE,Federal Contract Tower,2,0,8,4,14,0,0,14,7,21,2,0,22,11,35,46,143,189,224
09/12/2012,VCV,CA,AWP,WE,Federal Contract Tower,0,1,11,4,16,0,5,52,11,68,0,6,63,15,84,54,204,258,342
09/13/2012,VCV,CA,AWP,WE,Federal Contract Tower,7,0,20,3,30,0,2,52,12,66,7,2,72,15,96,80,168,248,344
09/14/2012,VCV,CA,AWP,WE,Federal Contract Tower,3,0,5,4,12,0,6,29,10,45,3,6,34,14,57,70,36,106,163
09/15/2012,VCV,CA,AWP,WE,Federal Contract Tower,4,0,0,0,4,0,11,32,0,43,4,11,32,0,47,90,0,90,137
09/16/2012,VCV,CA,AWP,WE,Federal Contract Tower,3,0,2,1,6,0,10,13,9,32,3,10,15,10,38,54,0,54,92
09/17/2012,VCV,CA,AWP,WE,Federal Contract Tower,4,0,5,16,25,0,5,7,50,62,4,5,12,66,87,8,16,24,111
09/18/2012,VCV,CA,AWP,WE,Federal Contract Tower,7,3,7,0,17,0,2,29,26,57,7,5,36,26,74,10,100,110,184
09/19/2012,VCV,CA,AWP,WE,Federal Contract Tower,14,1,17,1,33,0,4,48,19,71,14,5,65,20,104,82,278,360,464
09/20/2012,VCV,CA,AWP,WE,Federal Contract Tower,8,0,12,0,20,0,2,46,8,56,8,2,58,8,76,94,122,216,292
09/21/2012,VCV,CA,AWP,WE,Federal Contract Tower,22,2,6,2,32,0,2,28,13,43,22,4,34,15,75,34,57,91,166
09/22/2012,VCV,CA,AWP,WE,Federal Contract Tower,15,0,3,4,22,0,6,14,2,22,15,6,17,6,44,8,0,8,52
09/23/2012,VCV,CA,AWP,WE,Federal Contract Tower,38,0,1,0,39,0,6,52,0,58,38,6,53,0,97,61,0,61,158
09/24/2012,VCV,CA,AWP,WE,Federal Contract Tower,0,0,4,6,10,0,3,24,9,36,0,3,28,15,46,0,40,40,86
09/25/2012,VCV,CA,AWP,WE,Federal Contract Tower,0,3,10,2,15,0,0,34,6,40,0,3,44,8,55,25,62,87,142
09/26/2012,VCV,CA,AWP,WE,Federal Contract Tower,1,1,10,0,12,0,0,28,8,36,1,1,38,8,48,42,27,69,117
09/27/2012,VCV,CA,AWP,WE,Federal Contract Tower,3,0,6,5,14,0,0,28,17,45,3,0,34,22,59,24,14,38,97
09/28/2012,VCV,CA,AWP,WE,Federal Contract Tower,1,2,5,2,10,0,3,16,3,22,1,5,21,5,32,12,22,34,66
09/29/2012,VCV,CA,AWP,WE,Federal Contract Tower,0,0,0,4,4,0,2,19,5,26,0,2,19,9,30,23,4,27,57
09/30/2012,VCV,CA,AWP,WE,Federal Contract Tower,0,0,0,0,0,0,4,13,0,17,0,4,13,0,17,31,0,31,48
10/01/2012,VCV,CA,AWP,WE,Federal Contract Tower,0,0,2,2,4,0,2,9,7,18,0,2,11,9,22,15,0,15,37
10/02/2012,VCV,CA,AWP,WE,Federal Contract Tower,0,0,12,5,17,0,1,34,4,39,0,1,46,9,56,22,74,96,152
10/03/2012,VCV,CA,AWP,WE,Federal Contract Tower,0,0,16,2,18,0,2,52,8,62,0,2,68,10,80,130,131,261,341
10/04/2012,VCV,CA,AWP,WE,Federal Contract Tower,2,0,18,6,26,0,2,72,11,85,2,2,90,17,111,118,96,214,325
10/05/2012,VCV,CA,AWP,WE,Federal Contract Tower,0,0,14,5,19,0,4,43,5,52,0,4,57,10,71,80,44,124,195
10/06/2012,VCV,CA,AWP,WE,Federal Contract Tower,0,0,8,1,9,0,2,32,3,37,0,2,40,4,46,16,10,26,72
10/07/2012,VCV,CA,AWP,WE,Federal Contract Tower,0,0,6,0,6,0,6,28,0,34,0,6,34,0,40,48,0,48,88
10/08/2012,VCV,CA,AWP,WE,Federal Contract Tower,1,0,14,2,17,0,0,35,0,35,1,0,49,2,52,0,0,0,52
10/09/2012,VCV,CA,AWP,WE,Federal Contract Tower,2,0,9,4,15,0,5,40,6,51,2,5,49,10,66,156,160,316,382
10/10/2012,VCV,CA,AWP,WE,Federal Contract Tower,1,0,12,5,18,0,2,53,12,67,1,2,65,17,85,68,102,170,255
10/11/2012,VCV,CA,AWP,WE,Federal Contract Tower,2,12,4,1,19,0,0,36,7,43,2,12,40,8,62,18,58,76,138
10/12/2012,VCV,CA,AWP,WE,Federal Contract Tower,0,0,33,1,34,0,3,43,1,47,0,3,76,2,81,70,14,84,165
10/13/2012,VCV,CA,AWP,WE,Federal Contract Tower,1,0,16,5,22,0,0,35,3,38,1,0,51,8,60,48,56,104,164
10/14/2012,VCV,CA,AWP,WE,Federal Contract Tower,4,0,14,0,18,0,2,41,0,43,4,2,55,0,61,48,0,48,109
10/15/2012,VCV,CA,AWP,WE,Federal Contract Tower,4,0,10,2,16,0,5,27,8,40,4,5,37,10,56,34,0,34,90
10/16/2012,VCV,CA,AWP,WE,Federal Contract Tower,13,0,20,13,46,0,0,27,5,32,13,0,47,18,78,4,119,123,201
10/17/2012,VCV,CA,AWP,WE,Federal Contract Tower,21,1,8,2,32,0,1,40,10,51,21,2,48,12,83,80,162,242,325
10/18/2012,VCV,CA,AWP,WE,Federal Contract Tower,26,1,17,18,62,0,1,49,9,59,26,2,66,27,121,86,60,146,267
10/19/2012,VCV,CA,AWP,WE,Federal Contract Tower,44,1,16,0,61,0,4,28,8,40,44,5,44,8,101,40,54,94,195
10/20/2012,VCV,CA,AWP,WE,Federal Contract Tower,21,0,3,4,28,0,9,8,2,19,21,9,11,6,47,6,29,35,82
10/21/2012,VCV,CA,AWP,WE,Federal Contract Tower,2,0,10,0,12,0,0,40,1,41,2,0,50,1,53,46,0,46,99
10/22/2012,VCV,CA,AWP,WE,Federal Contract Tower,0,0,21,0,21,0,0,4,4,8,0,0,25,4,29,16,0,16,45
10/23/2012,VCV,CA,AWP,WE,Federal Contract Tower,1,0,3,6,10,0,2,17,3,22,1,2,20,9,32,27,114,141,173
10/24/2012,VCV,CA,AWP,WE,Federal Contract Tower,0,0,6,2,8,0,0,36,1,37,0,0,42,3,45,52,30,82,127
10/25/2012,VCV,CA,AWP,WE,Federal Contract Tower,0,1,4,6,11,0,16,46,8,70,0,17,50,14,81,142,136,278,359
10/26/2012,VCV,CA,AWP,WE,Federal Contract Tower,2,10,9,0,21,0,10,11,2,23,2,20,20,2,44,37,51,88,132
10/27/2012,VCV,CA,AWP,WE,Federal Contract Tower,0,0,5,7,12,0,9,0,2,11,0,9,5,9,23,6,18,24,47
10/28/2012,VCV,CA,AWP,WE,Federal Contract Tower,0,0,19,3,22,0,4,29,0,33,0,4,48,3,55,88,0,88,143
10/29/2012,VCV,CA,AWP,WE,Federal Contract Tower,1,0,15,1,17,0,0,39,3,42,1,0,54,4,59,26,22,48,107
10/30/2012,VCV,CA,AWP,WE,Federal Contract Tower,3,1,8,5,17,0,3,17,11,31,3,4,25,16,48,60,138,198,246
10/31/2012,VCV,CA,AWP,WE,Federal Contract Tower,4,0,22,3,29,0,4,63,10,77,4,4,85,13,106,186,212,398,504
11/01/2012,VCV,CA,AWP,WE,Federal Contract Tower,3,0,7,10,20,0,13,16,2,31,3,13,23,12,51,8,39,47,98
11/02/2012,VCV,CA,AWP,WE,Federal Contract Tower,0,0,12,4,16,0,3,43,7,53,0,3,55,11,69,118,173,291,360
11/03/2012,VCV,CA,AWP,WE,Federal Contract Tower,0,0,5,3,8,0,5,35,3,43,0,5,40,6,51,44,50,94,145
11/04/2012,VCV,CA,AWP,WE,Federal Contract Tower,6,0,9,2,17,0,0,10,0,10,6,0,19,2,27,0,38,38,65
11/05/2012,VCV,CA,AWP,WE,Federal Contract Tower,0,8,16,1,25,0,4,36,2,42,0,12,52,3,67,54,0,54,121
11/06/2012,VCV,CA,AWP,WE,Federal Contract Tower,4,0,10,3,17,0,5,50,9,64,4,5,60,12,81,60,165,225,306
11/07/2012,VCV,CA,AWP,WE,Federal Contract Tower,7,0,10,9,26,0,4,54,10,68,7,4,64,19,94,64,128,192,286
11/08/2012,VCV,CA,AWP,WE,Federal Contract Tower,3,0,10,4,17,0,5,43,3,51,3,5,53,7,68,104,80,184,252
11/09/2012,VCV,CA,AWP,WE,Federal Contract Tower,2,0,15,3,20,0,1,65,7,73,2,1,80,10,93,174,188,362,455
11/10/2012,VCV,CA,AWP,WE,Federal Contract Tower,5,0,10,4,19,0,10,68,6,84,5,10,78,10,103,136,140,276,379
11/11/2012,VCV,CA,AWP,WE,Federal Contract Tower,0,0,2,2,4,0,5,8,0,13,0,5,10,2,17,0,0,0,17
11/12/2012,VCV,CA,AWP,WE,Federal Contract Tower,1,0,4,1,6,0,12,16,2,30,1,12,20,3,36,2,0,2,38
11/13/2012,VCV,CA,AWP,WE,Federal Contract Tower,7,0,9,3,19,0,9,12,3,24,7,9,21,6,43,2,80,82,125
11/14/2012,VCV,CA,AWP,WE,Federal Contract Tower,14,1,13,3,31,0,0,50,6,56,14,1,63,9,87,118,170,288,375
11/15/2012,VCV,CA,AWP,WE,Federal Contract Tower,18,0,15,10,43,0,2,44,5,51,18,2,59,15,94,54,46,100,194
11/16/2012,VCV,CA,AWP,WE,Federal Contract Tower,20,2,6,8,36,0,7,8,2,17,20,9,14,10,53,0,0,0,53
11/17/2012,VCV,CA,AWP,WE,Federal Contract Tower,3,0,9,0,12,0,2,8,0,10,3,2,17,0,22,0,0,0,22
11/18/2012,VCV,CA,AWP,WE,Federal Contract Tower,0,0,24,7,31,0,3,11,0,14,0,3,35,7,45,21,24,45,90
11/19/2012,VCV,CA,AWP,WE,Federal Contract Tower,2,4,25,8,39,0,7,28,15,50,2,11,53,23,89,55,83,138,227
11/20/2012,VCV,CA,AWP,WE,Federal Contract Tower,4,0,4,3,11,0,0,37,10,47,4,0,41,13,58,61,98,159,217
11/21/2012,VCV,CA,AWP,WE,Federal Contract Tower,0,0,16,8,24,0,2,53,19,74,0,2,69,27,98,8,94,102,200
11/22/2012,VCV,CA,AWP,WE,Federal Contract Tower,0,0,8,0,8,0,2,19,0,21,0,2,27,0,29,0,0,0,29
11/23/2012,VCV,CA,AWP,WE,Federal Contract Tower,1,0,14,0,15,0,9,4,0,13,1,9,18,0,28,0,0,0,28
11/24/2012,VCV,CA,AWP,WE,Federal Contract Tower,0,0,6,0,6,0,7,2,0,9,0,7,8,0,15,10,0,10,25
11/25/2012,VCV,CA,AWP,WE,Federal Contract Tower,0,0,0,0,0,0,3,3,0,6,0,3,3,0,6,0,0,0,6
11/26/2012,VCV,CA,AWP,WE,Federal Contract Tower,1,1,8,13,23,0,1,12,6,19,1,2,20,19,42,24,70,94,136
11/27/2012,VCV,CA,AWP,WE,Federal Contract Tower,1,0,4,5,10,0,2,22,8,32,1,2,26,13,42,8,152,160,202
11/28/2012,VCV,CA,AWP,WE,Federal Contract Tower,0,1,10,7,18,0,4,45,8,57,0,5,55,15,75,10,132,142,217
11/29/2012,VCV,CA,AWP,WE,Federal Contract Tower,2,0,13,9,24,0,0,33,12,45,2,0,46,21,69,14,82,96,165
11/30/2012,VCV,CA,AWP,WE,Federal Contract Tower,2,0,12,7,21,0,2,64,6,72,2,2,76,13,93,60,42,102,195
12/01/2012,VCV,CA,AWP,WE,Federal Contract Tower,1,0,32,0,33,0,0,10,0,10,1,0,42,0,43,10,0,10,53
12/02/2012,VCV,CA,AWP,WE,Federal Contract Tower,0,0,3,0,3,0,4,11,1,16,0,4,14,1,19,46,0,46,65
12/03/2012,VCV,CA,AWP,WE,Federal Contract Tower,0,0,17,5,22,0,0,12,6,18,0,0,29,11,40,17,41,58,98
12/04/2012,VCV,CA,AWP,WE,Federal Contract Tower,0,0,16,2,18,0,0,30,8,38,0,0,46,10,56,18,56,74,130
12/05/2012,VCV,CA,AWP,WE,Federal Contract Tower,2,0,15,13,30,0,1,35,9,45,2,1,50,22,75,22,114,136,211
12/06/2012,VCV,CA,AWP,WE,Federal Contract Tower,2,0,6,10,18,0,1,18,14,33,2,1,24,24,51,4,10,14,65
12/07/2012,VCV,CA,AWP,WE,Federal Contract Tower,3,0,12,0,15,0,0,23,8,31,3,0,35,8,46,2,12,14,60
12/08/2012,VCV,CA,AWP,WE,Federal Contract Tower,1,0,9,0,10,0,10,8,0,18,1,10,17,0,28,25,0,25,53
12/09/2012,VCV,CA,AWP,WE,Federal Contract Tower,0,0,7,6,13,0,3,11,0,14,0,3,18,6,27,78,43,121,148
12/10/2012,VCV,CA,AWP,WE,Federal Contract Tower,0,0,2,3,5,0,2,14,8,24,0,2,16,11,29,62,4,66,95
12/11/2012,VCV,CA,AWP,WE,Federal Contract Tower,0,0,16,8,24,0,0,33,13,46,0,0,49,21,70,68,112,180,250
12/12/2012,VCV,CA,AWP,WE,Federal Contract Tower,0,2,4,6,12,0,4,11,10,25,0,6,15,16,37,0,82,82,119
12/13/2012,VCV,CA,AWP,WE,Federal Contract Tower,0,0,7,2,9,0,0,3,0,3,0,0,10,2,12,0,8,8,20
12/14/2012,VCV,CA,AWP,WE,Federal Contract Tower,5,2,16,6,29,0,4,3,6,13,5,6,19,12,42,14,45,59,101
12/15/2012,VCV,CA,AWP,WE,Federal Contract Tower,0,0,8,0,8,0,7,4,0,11,0,7,12,0,19,37,0,37,56
12/16/2012,VCV,CA,AWP,WE,Federal Contract Tower,0,0,5,0,5,0,0,10,0,10,0,0,15,0,15,30,0,30,45
12/17/2012,VCV,CA,AWP,WE,Federal Contract Tower,1,0,4,11,16,0,4,10,12,26,1,4,14,23,42,2,33,35,77
12/18/2012,VCV,CA,AWP,WE,Federal Contract Tower,0,1,5,3,9,0,0,0,4,4,0,1,5,7,13,0,66,66,79
12/19/2012,VCV,CA,AWP,WE,Federal Contract Tower,2,1,8,2,13,0,0,36,13,49,2,1,44,15,62,50,130,180,242
12/20/2012,VCV,CA,AWP,WE,Federal Contract Tower,4,0,9,7,20,0,0,37,12,49,4,0,46,19,69,40,60,100,169
12/21/2012,VCV,CA,AWP,WE,Federal Contract Tower,1,0,7,6,14,0,0,10,0,10,1,0,17,6,24,16,10,26,50
12/22/2012,VCV,CA,AWP,WE,Federal Contract Tower,0,0,11,0,11,0,1,6,0,7,0,1,17,0,18,29,0,29,47
12/23/2012,VCV,CA,AWP,WE,Federal Contract Tower,0,0,13,0,13,0,3,16,0,19,0,3,29,0,32,12,0,12,44
12/24/2012,VCV,CA,AWP,WE,Federal Contract Tower,0,0,3,0,3,0,0,10,0,10,0,0,13,0,13,2,0,2,15
12/25/2012,VCV,CA,AWP,WE,Federal Contract Tower,0,0,6,0,6,0,6,10,0,16,0,6,16,0,22,14,0,14,36
12/26/2012,VCV,CA,AWP,WE,Federal Contract Tower,1,0,7,0,8,0,4,13,5,22,1,4,20,5,30,12,50,62,92
12/27/2012,VCV,CA,AWP,WE,Federal Contract Tower,1,0,4,4,9,0,1,4,2,7,1,1,8,6,16,8,44,52,68
12/28/2012,VCV,CA,AWP,WE,Federal Contract Tower,0,0,15,0,15,0,3,10,0,13,0,3,25,0,28,12,0,12,40
12/29/2012,VCV,CA,AWP,WE,Federal Contract Tower,0,0,2,0,2,0,4,4,0,8,0,4,6,0,10,15,0,15,25
12/30/2012,VCV,CA,AWP,WE,Federal Contract Tower,0,0,3,0,3,0,3,15,0,18,0,3,18,0,21,2,0,2,23
12/31/2012,VCV,CA,AWP,WE,Federal Contract Tower,0,0,2,0,2,0,1,2,0,3,0,1,4,0,5,0,0,0,5
01/01/2013,VCV,CA,AWP,WE,Federal Contract Tower,0,0,0,0,0,0,6,1,0,7,0,6,1,0,7,8,0,8,15
01/02/2013,VCV,CA,AWP,WE,Federal Contract Tower,1,0,9,5,15,0,0,26,9,35,1,0,35,14,50,0,108,108,158
01/03/2013,VCV,CA,AWP,WE,Federal Contract Tower,2,0,3,4,9,0,0,26,5,31,2,0,29,9,40,52,74,126,166
01/04/2013,VCV,CA,AWP,WE,Federal Contract Tower,4,0,9,10,23,1,2,19,5,27,5,2,28,15,50,26,36,62,112
01/05/2013,VCV,CA,AWP,WE,Federal Contract Tower,2,0,11,0,13,0,5,44,5,54,2,5,55,5,67,31,110,141,208
01/06/2013,VCV,CA,AWP,WE,Federal Contract Tower,2,2,5,0,9,0,1,15,0,16,2,3,20,0,25,0,0,0,25
01/07/2013,VCV,CA,AWP,WE,Federal Contract Tower,10,0,7,4,21,0,2,24,2,28,10,2,31,6,49,8,0,8,57
01/08/2013,VCV,CA,AWP,WE,Federal Contract Tower,5,0,7,2,14,0,5,36,8,49,5,5,43,10,63,63,79,142,205
01/09/2013,VCV,CA,AWP,WE,Federal Contract Tower,6,0,9,4,19,0,3,41,12,56,6,3,50,16,75,66,128,194,269
01/10/2013,VCV,CA,AWP,WE,Federal Contract Tower,10,4,1,0,15,0,0,2,0,2,10,4,3,0,17,0,0,0,17
01/11/2013,VCV,CA,AWP,WE,Federal Contract Tower,12,0,4,0,16,0,13,27,0,40,12,13,31,0,56,39,0,39,95
01/12/2013,VCV,CA,AWP,WE,Federal Contract Tower,2,0,3,0,5,0,4,22,0,26,2,4,25,0,31,48,0,48,79
01/13/2013,VCV,CA,AWP,WE,Federal Contract Tower,1,0,1,1,3,0,12,14,1,27,1,12,15,2,30,42,0,42,72
01/14/2013,VCV,CA,AWP,WE,Federal Contract Tower,1,0,1,6,8,0,18,10,14,42,1,18,11,20,50,0,0,0,50
01/15/2013,VCV,CA,AWP,WE,Federal Contract Tower,2,2,5,9,18,0,3,18,12,33,2,5,23,21,51,16,118,134,185
01/16/2013,VCV,CA,AWP,WE,Federal Contract Tower,1,2,12,13,28,0,2,44,27,73,1,4,56,40,101,68,180,248,349
01/17/2013,VCV,CA,AWP,WE,Federal Contract Tower,4,0,5,6,15,0,2,23,6,31,4,2,28,12,46,26,90,116,162
01/18/2013,VCV,CA,AWP,WE,Federal Contract Tower,2,0,12,15,29,0,3,30,6,39,2,3,42,21,68,70,70,140,208
01/19/2013,VCV,CA,AWP,WE,Federal Contract Tower,1,0,5,3,9,0,2,13,0,15,1,2,18,3,24,14,0,14,38
01/20/2013,VCV,CA,AWP,WE,Federal Contract Tower,0,2,5,0,7,0,9,11,0,20,0,11,16,0,27,6,0,6,33
01/21/2013,VCV,CA,AWP,WE,Federal Contract Tower,1,0,2,0,3,0,8,32,10,50,1,8,34,10,53,10,0,10,63
01/22/2013,VCV,CA,AWP,WE,Federal Contract Tower,0,0,2,0,2,0,6,15,3,24,0,6,17,3,26,50,0,50,76
01/23/2013,VCV,CA,AWP,WE,Federal Contract Tower,0,0,7,3,10,0,5,35,6,46,0,5,42,9,56,96,46,142,198
01/24/2013,VCV,CA,AWP,WE,Federal Contract Tower,0,0,7,2,9,0,2,14,3,19,0,2,21,5,28,18,8,26,54
01/25/2013,VCV,CA,AWP,WE,Federal Contract Tower,2,0,0,2,4,0,0,2,0,2,2,0,2,2,6,0,2,2,8
01/26/2013,VCV,CA,AWP,WE,Federal Contract Tower,0,0,0,2,2,0,4,7,0,11,0,4,7,2,13,54,15,69,82
01/27/2013,VCV,CA,AWP,WE,Federal Contract Tower,1,0,1,6,8,0,3,1,0,4,1,3,2,6,12,12,18,30,42
01/28/2013,VCV,CA,AWP,WE,Federal Contract Tower,2,0,0,0,2,0,10,8,0,18,2,10,8,0,20,0,0,0,20
01/29/2013,VCV,CA,AWP,WE,Federal Contract Tower,0,0,2,2,4,0,0,13,15,28,0,0,15,17,32,46,88,134,166
01/30/2013,VCV,CA,AWP,WE,Federal Contract Tower,4,0,14,4,22,0,3,55,12,70,4,3,69,16,92,102,144,246,338
01/31/2013,VCV,CA,AWP,WE,Federal Contract Tower,2,0,14,12,28,0,3,28,9,40,2,3,42,21,68,70,87,157,225
02/01/2013,VCV,CA,AWP,WE,Federal Contract Tower,1,0,6,7,14,0,5,22,4,31,1,5,28,11,45,24,20,44,89
02/02/2013,VCV,CA,AWP,WE,Federal Contract Tower,0,0,25,3,28,0,5,16,0,21,0,5,41,3,49,20,26,46,95
02/03/2013,VCV,CA,AWP,WE,Federal Contract Tower,1,0,0,0,1,0,8,25,0,33,1,8,25,0,34,16,0,16,50
02/04/2013,VCV,CA,AWP,WE,Federal Contract Tower,14,0,7,6,27,0,0,24,25,49,14,0,31,31,76,0,20,20,96
02/05/2013,VCV,CA,AWP,WE,Federal Contract Tower,0,0,8,2,10,0,1,33,10,44,0,1,41,12,54,69,125,194,248
02/06/2013,VCV,CA,AWP,WE,Federal Contract Tower,24,0,5,1,30,0,2,43,13,58,24,2,48,14,88,60,166,226,314
02/07/2013,VCV,CA,AWP,WE,Federal Contract Tower,19,0,13,2,34,0,2,37,4,43,19,2,50,6,77,24,52,76,153
02/08/2013,VCV,CA,AWP,WE,Federal Contract Tower,28,0,0,0,28,0,5,10,0,15,28,5,10,0,43,0,0,0,43
02/09/2013,VCV,CA,AWP,WE,Federal Contract Tower,21,0,5,0,26,0,3,10,0,13,21,3,15,0,39,24,0,24,63
02/10/2013,VCV,CA,AWP,WE,Federal Contract Tower,0,0,1,0,1,0,1,11,1,13,0,1,12,1,14,0,30,30,44
02/11/2013,VCV,CA,AWP,WE,Federal Contract Tower,2,0,11,5,18,0,13,16,4,33,2,13,27,9,51,4,62,66,117
02/12/2013,VCV,CA,AWP,WE,Federal Contract Tower,0,0,7,5,12,0,2,28,12,42,0,2,35,17,54,30,76,106,160
02/13/2013,VCV,CA,AWP,WE,Federal Contract Tower,0,0,19,4,23,0,3,47,10,60,0,3,66,14,83,74,142,216,299
02/14/2013,VCV,CA,AWP,WE,Federal Contract Tower,0,0,2,2,4,0,0,31,4,35,0,0,33,6,39,10,43,53,92
02/15/2013,VCV,CA,AWP,WE,Federal Contract Tower,11,4,1,8,24,0,0,14,11,25,11,4,15,19,49,3,32,35,84
02/16/2013,VCV,CA,AWP,WE,Federal Contract Tower,2,1,10,5,18,0,4,11,1,16,2,5,21,6,34,33,6,39,73
02/17/2013,VCV,CA,AWP,WE,Federal Contract Tower,0,0,7,0,7,0,0,26,0,26,0,0,33,0,33,10,0,10,43
02/18/2013,VCV,CA,AWP,WE,Federal Contract Tower,2,0,6,0,8,0,7,29,0,36,2,7,35,0,44,35,0,35,79
02/19/2013,VCV,CA,AWP,WE,Federal Contract Tower,0,0,5,10,15,0,12,22,0,34,0,12,27,10,49,10,48,58,107
02/20/2013,VCV,CA,AWP,WE,Federal Contract Tower,0,0,6,5,11,0,0,8,8,16,0,0,14,13,27,2,48,50,77
02/21/2013,VCV,CA,AWP,WE,Federal Contract Tower,1,0,13,6,20,0,5,56,15,76,1,5,69,21,96,44,146,190,286
02/22/2013,VCV,CA,AWP,WE,Federal Contract Tower,4,0,19,8,31,0,4,29,2,35,4,4,48,10,66,40,53,93,159
02/23/2013,VCV,CA,AWP,WE,Federal Contract Tower,1,0,21,0,22,0,2,4,0,6,1,2,25,0,28,0,0,0,28
02/24/2013,VCV,CA,AWP,WE,Federal Contract Tower,0,0,9,0,9,0,6,6,0,12,0,6,15,0,21,10,0,10,31
02/25/2013,VCV,CA,AWP,WE,Federal Contract Tower,2,0,10,5,17,0,0,22,14,36,2,0,32,19,53,0,47,47,100
02/26/2013,VCV,CA,AWP,WE,Federal Contract Tower,0,0,18,6,24,0,3,40,9,52,0,3,58,15,76,15,118,133,209
02/27/2013,VCV,CA,AWP,WE,Federal Contract Tower,2,0,18,4,24,0,2,55,10,67,2,2,73,14,91,58,142,200,291
02/28/2013,VCV,CA,AWP,WE,Federal Contract Tower,3,0,5,2,10,1,2,23,12,38,4,2,28,14,48,76,114,190,238
03/01/2013,VCV,CA,AWP,WE,Federal Contract Tower,1,2,9,0,12,0,2,6,0,8,1,4,15,0,20,0,0,0,20
03/02/2013,VCV,CA,AWP,WE,Federal Contract Tower,0,0,25,9,34,0,0,28,3,31,0,0,53,12,65,14,16,30,95
03/03/2013,VCV,CA,AWP,WE,Federal Contract Tower,0,0,0,0,0,0,7,15,1,23,0,7,15,1,23,30,26,56,79
03/04/2013,VCV,CA,AWP,WE,Federal Contract Tower,0,0,8,14,22,0,2,14,2,18,0,2,22,16,40,4,22,26,66
03/05/2013,VCV,CA,AWP,WE,Federal Contract Tower,0,0,4,2,6,0,1,7,1,9,0,1,11,3,15,54,74,128,143
03/06/2013,VCV,CA,AWP,WE,Federal Contract Tower,0,0,15,0,15,0,0,54,4,58,0,0,69,4,73,8,12,20,93
03/07/2013,VCV,CA,AWP,WE,Federal Contract Tower,3,0,9,1,13,0,0,16,4,20,3,0,25,5,33,12,0,12,45
03/08/2013,VCV,CA,AWP,WE,Federal Contract Tower,9,0,9,0,18,0,0,8,0,8,9,0,17,0,26,0,0,0,26
03/09/2013,VCV,CA,AWP,WE,Federal Contract Tower,1,0,10,4,15,0,6,19,0,25,1,6,29,4,40,58,0,58,98
03/10/2013,VCV,CA,AWP,WE,Federal Contract Tower,0,0,8,3,11,0,0,16,0,16,0,0,24,3,27,12,22,34,61
03/11/2013,VCV,CA,AWP,WE,Federal Contract Tower,0,0,9,1,10,0,3,30,9,42,0,3,39,10,52,28,0,28,80
03/12/2013,VCV,CA,AWP,WE,Federal Contract Tower,2,0,14,3,19,0,6,48,7,61,2,6,62,10,80,10,153,163,243
03/13/2013,VCV,CA,AWP,WE,Federal Contract Tower,2,0,20,7,29,0,1,45,15,61,2,1,65,22,90,60,192,252,342
03/14/2013,VCV,CA,AWP,WE,Federal Contract Tower,2,0,15,3,20,0,2,38,11,51,2,2,53,14,71,54,146,200,271
03/15/2013,VCV,CA,AWP,WE,Federal Contract Tower,4,0,4,3,11,0,6,33,7,46,4,6,37,10,57,111,118,229,286
03/16/2013,VCV,CA,AWP,WE,Federal Contract Tower,4,0,0,4,8,0,0,35,0,35,4,0,35,4,43,40,0,40,83
03/17/2013,VCV,CA,AWP,WE,Federal Contract Tower,0,0,2,5,7,0,1,16,3,20,0,1,18,8,27,14,10,24,51
03/18/2013,VCV,CA,AWP,WE,Federal Contract Tower,0,2,21,14,37,0,10,39,10,59,0,12,60,24,96,40,44,84,180
03/19/2013,VCV,CA,AWP,WE,Federal Contract Tower,2,0,7,8,17,0,3,36,10,49,2,3,43,18,66,2,66,68,134
03/20/2013,VCV,CA,AWP,WE,Federal Contract Tower,0,0,1,7,8,0,0,37,9,46,0,0,38,16,54,32,80,112,166
03/21/2013,VCV,CA,AWP,WE,Federal Contract Tower,0,0,9,3,12,0,4,29,7,40,0,4,38,10,52,64,80,144,196
03/22/2013,VCV,CA,AWP,WE,Federal Contract Tower,2,1,14,0,17,0,8,45,6,59,2,9,59,6,76,130,84,214,290
03/23/2013,VCV,CA,AWP,WE,Federal Contract Tower,0,0,5,4,9,0,2,14,0,16,0,2,19,4,25,0,0,0,25
03/24/2013,VCV,CA,AWP,WE,Federal Contract Tower,0,1,1,0,2,0,10,3,0,13,0,11,4,0,15,0,0,0,15
03/25/2013,VCV,CA,AWP,WE,Federal Contract Tower,2,3,4,0,9,0,3,21,0,24,2,6,25,0,33,2,21,23,56
03/26/2013,VCV,CA,AWP,WE,Federal Contract Tower,4,0,7,7,18,0,6,39,13,58,4,6,46,20,76,55,107,162,238
03/27/2013,VCV,CA,AWP,WE,Federal Contract Tower,0,0,10,12,22,1,2,46,9,58,1,2,56,21,80,108,171,279,359
03/28/2013,VCV,CA,AWP,WE,Federal Contract Tower,5,0,4,3,12,0,2,32,14,48,5,2,36,17,60,30,86,116,176
03/29/2013,VCV,CA,AWP,WE,Federal Contract Tower,0,0,9,0,9,0,2,37,9,48,0,2,46,9,57,146,124,270,327
03/30/2013,VCV,CA,AWP,WE,Federal Contract Tower,0,0,5,2,7,0,9,10,7,26,0,9,15,9,33,0,0,0,33
03/31/2013,VCV,CA,AWP,WE,Federal Contract Tower,0,0,0,0,0,0,8,7,2,17,0,8,7,2,17,14,10,24,41
04/01/2013,VCV,CA,AWP,WE,Federal Contract Tower,1,0,8,5,14,0,0,11,6,17,1,0,19,11,31,8,68,76,107
04/02/2013,VCV,CA,AWP,WE,Federal Contract Tower,0,0,17,5,22,0,4,31,9,44,0,4,48,14,66,92,140,232,298
04/03/2013,VCV,CA,AWP,WE,Federal Contract Tower,3,0,15,15,33,0,5,32,44,81,3,5,47,59,114,32,105,137,251
04/04/2013,VCV,CA,AWP,WE,Federal Contract Tower,9,0,11,0,20,0,1,27,2,30,9,1,38,2,50,24,18,42,92
04/05/2013,VCV,CA,AWP,WE,Federal Contract Tower,6,0,10,0,16,0,5,31,11,47,6,5,41,11,63,32,0,32,95
04/06/2013,VCV,CA,AWP,WE,Federal Contract Tower,0,0,0,0,0,0,3,7,0,10,0,3,7,0,10,0,0,0,10
04/07/2013,VCV,CA,AWP,WE,Federal Contract Tower,0,0,6,3,9,0,0,1,4,5,0,0,7,7,14,8,0,8,22
04/08/2013,VCV,CA,AWP,WE,Federal Contract Tower,0,0,4,3,7,0,0,0,0,0,0,0,4,3,7,0,0,0,7
04/09/2013,VCV,CA,AWP,WE,Federal Contract Tower,4,0,9,8,21,0,8,37,13,58,4,8,46,21,79,50,160,210,289
04/10/2013,VCV,CA,AWP,WE,Federal Contract Tower,5,1,15,7,28,0,9,50,13,72,5,10,65,20,100,188,167,355,455
04/11/2013,VCV,CA,AWP,WE,Federal Contract Tower,2,0,2,3,7,0,2,35,6,43,2,2,37,9,50,120,30,150,200
04/12/2013,VCV,CA,AWP,WE,Federal Contract Tower,0,0,2,0,2,0,5,34,9,48,0,5,36,9,50,106,98,204,254
04/13/2013,VCV,CA,AWP,WE,Federal Contract Tower,0,0,17,8,25,0,7,3,0,10,0,7,20,8,35,34,0,34,69
04/14/2013,VCV,CA,AWP,WE,Federal Contract Tower,0,0,2,0,2,0,9,4,0,13,0,9,6,0,15,8,0,8,23
04/15/2013,VCV,CA,AWP,WE,Federal Contract Tower,0,0,5,3,8,3,1,9,1,14,3,1,14,4,22,0,49,49,71
04/16/2013,VCV,CA,AWP,WE,Federal Contract Tower,0,0,8,4,12,0,4,16,6,26,0,4,24,10,38,0,70,70,108
04/17/2013,VCV,CA,AWP,WE,Federal Contract Tower,3,0,17,7,27,0,3,47,16,66,3,3,64,23,93,102,173,275,368
04/18/2013,VCV,CA,AWP,WE,Federal Contract Tower,1,0,0,3,4,0,7,33,12,52,1,7,33,15,56,48,146,194,250
04/19/2013,VCV,CA,AWP,WE,Federal Contract Tower,5,0,0,0,5,0,3,33,0,36,5,3,33,0,41,28,0,28,69
04/20/2013,VCV,CA,AWP,WE,Federal Contract Tower,0,0,2,2,4,0,0,18,8,26,0,0,20,10,30,26,8,34,64
04/21/2013,VCV,CA,AWP,WE,Federal Contract Tower,0,0,1,0,1,0,5,10,0,15,0,5,11,0,16,0,0,0,16
04/22/2013,VCV,CA,AWP,WE,Federal Contract Tower,3,2,6,2,13,1,4,11,1,17,4,6,17,3,30,4,30,34,64
04/23/2013,VCV,CA,AWP,WE,Federal Contract Tower,4,0,10,6,20,0,4,27,8,39,4,4,37,14,59,65,119,184,243
04/24/2013,VCV,CA,AWP,WE,Federal Contract Tower,4,0,16,2,22,2,12,48,14,76,6,12,64,16,98,60,163,223,321
04/25/2013,VCV,CA,AWP,WE,Federal Contract Tower,2,0,0,4,6,0,6,16,13,35,2,6,16,17,41,18,10,28,69
04/26/2013,VCV,CA,AWP,WE,Federal Contract Tower,0,0,13,6,19,0,6,14,6,26,0,6,27,12,45,106,33,139,184
04/27/2013,VCV,CA,AWP,WE,Federal Contract Tower,1,0,9,0,10,0,24,18,0,42,1,24,27,0,52,32,0,32,84
04/28/2013,VCV,CA,AWP,WE,Federal Contract Tower,4,0,5,0,9,0,3,15,0,18,4,3,20,0,27,36,0,36,63
04/29/2013,VCV,CA,AWP,WE,Federal Contract Tower,0,0,1,10,11,0,3,13,5,21,0,3,14,15,32,22,20,42,74
04/30/2013,VCV,CA,AWP,WE,Federal Contract Tower,4,4,11,8,27,0,1,56,16,73,4,5,67,24,100,156,302,458,558
05/01/2013,VCV,CA,AWP,WE,Federal Contract Tower,3,0,10,16,29,0,0,49,10,59,3,0,59,26,88,4,130,134,222
05/02/2013,VCV,CA,AWP,WE,Federal Contract Tower,0,0,10,0,10,0,1,31,12,44,0,1,41,12,54,98,86,184,238
05/03/2013,VCV,CA,AWP,WE,Federal Contract Tower,2,0,2,6,10,0,3,35,10,48,2,3,37,16,58,90,136,226,284
05/04/2013,VCV,CA,AWP,WE,Federal Contract Tower,2,0,0,0,2,0,1,9,2,12,2,1,9,2,14,0,42,42,56
05/05/2013,VCV,CA,AWP,WE,Federal Contract Tower,2,0,0,3,5,0,2,7,2,11,2,2,7,5,16,0,20,20,36
05/06/2013,VCV,CA,AWP,WE,Federal Contract Tower,0,0,1,1,2,0,0,6,5,11,0,0,7,6,13,0,34,34,47
05/07/2013,VCV,CA,AWP,WE,Federal Contract Tower,3,0,12,4,19,0,11,77,7,95,3,11,89,11,114,86,124,210,324
05/08/2013,VCV,CA,AWP,WE,Federal Contract Tower,0,0,15,4,19,0,3,49,10,62,0,3,64,14,81,60,94,154,235
05/09/2013,VCV,CA,AWP,WE,Federal Contract Tower,3,2,3,3,11,0,2,43,9,54,3,4,46,12,65,46,164,210,275
05/10/2013,VCV,CA,AWP,WE,Federal Contract Tower,3,0,3,0,6,0,3,39,8,50,3,3,42,8,56,78,114,192,248
05/11/2013,VCV,CA,AWP,WE,Federal Contract Tower,1,0,0,0,1,0,4,10,0,14,1,4,10,0,15,2,0,2,17
05/12/2013,VCV,CA,AWP,WE,Federal Contract Tower,0,1,15,0,16,0,3,20,0,23,0,4,35,0,39,40,0,40,79
05/13/2013,VCV,CA,AWP,WE,Federal Contract Tower,0,0,23,0,23,0,7,28,0,35,0,7,51,0,58,58,0,58,116
05/14/2013,VCV,CA,AWP,WE,Federal Contract Tower,4,0,13,5,22,0,4,40,9,53,4,4,53,14,75,18,98,116,191
05/15/2013,VCV,CA,AWP,WE,Federal Contract Tower,11,2,13,6,32,0,2,46,8,56,11,4,59,14,88,58,92,150,238
05/16/2013,VCV,CA,AWP,WE,Federal Contract Tower,0,0,3,2,5,0,2,26,2,30,0,2,29,4,35,72,40,112,147
05/17/2013,VCV,CA,AWP,WE,Federal Contract Tower,2,0,2,8,12,0,4,4,0,8,2,4,6,8,20,12,10,22,42
05/18/2013,VCV,CA,AWP,WE,Federal Contract Tower,0,0,0,0,0,0,8,10,0,18,0,8,10,0,18,37,0,37,55
05/19/2013,VCV,CA,AWP,WE,Federal Contract Tower,0,0,1,0,1,0,7,17,3,27,0,7,18,3,28,12,30,42,70
05/20/2013,VCV,CA,AWP,WE,Federal Contract Tower,0,0,5,4,9,0,4,19,11,34,0,4,24,15,43,10,58,68,111
05/21/2013,VCV,CA,AWP,WE,Federal Contract Tower,5,0,30,5,40,0,13,53,8,74,5,13,83,13,114,88,152,240,354
05/22/2013,VCV,CA,AWP,WE,Federal Contract Tower,0,0,9,6,15,0,4,44,8,56,0,4,53,14,71,46,86,132,203
05/23/2013,VCV,CA,AWP,WE,Federal Contract Tower,2,0,10,1,13,0,4,53,2,59,2,4,63,3,72,86,48,134,206
05/24/2013,VCV,CA,AWP,WE,Federal Contract Tower,2,1,16,0,19,0,2,47,4,53,2,3,63,4,72,38,70,108,180
05/25/2013,VCV,CA,AWP,WE,Federal Contract Tower,0,0,1,0,1,0,0,10,0,10,0,0,11,0,11,63,0,63,74
05/26/2013,VCV,CA,AWP,WE,Federal Contract Tower,0,0,24,0,24,0,5,20,0,25,0,5,44,0,49,62,0,62,111
05/27/2013,VCV,CA,AWP,WE,Federal Contract Tower,0,0,0,2,2,0,5,13,0,18,0,5,13,2,20,30,0,30,50
05/28/2013,VCV,CA,AWP,WE,Federal Contract Tower,1,1,2,0,4,0,1,16,0,17,1,2,18,0,21,0,0,0,21
05/29/2013,VCV,CA,AWP,WE,Federal Contract Tower,0,0,8,6,14,0,14,36,6,56,0,14,44,12,70,29,78,107,177
05/30/2013,VCV,CA,AWP,WE,Federal Contract Tower,1,0,20,1,22,0,3,54,7,64,1,3,74,8,86,104,148,252,338
05/31/2013,VCV,CA,AWP,WE,Federal Contract Tower,2,0,17,0,19,0,5,62,6,73,2,5,79,6,92,124,146,270,362
06/01/2013,VCV,CA,AWP,WE,Federal Contract Tower,0,0,0,0,0,0,7,5,0,12,0,7,5,0,12,27,0,27,39
06/02/2013,VCV,CA,AWP,WE,Federal Contract Tower,0,0,1,0,1,0,2,4,3,9,0,2,5,3,10,17,41,58,68
06/03/2013,VCV,CA,AWP,WE,Federal Contract Tower,0,0,9,3,12,0,6,11,2,19,0,6,20,5,31,4,0,4,35
06/04/2013,VCV,CA,AWP,WE,Federal Contract Tower,0,0,12,6,18,0,4,42,9,55,0,4,54,15,73,51,185,236,309
06/05/2013,VCV,CA,AWP,WE,Federal Contract Tower,0,0,18,7,25,0,4,35,16,55,0,4,53,23,80,6,228,234,314
06/06/2013,VCV,CA,AWP,WE,Federal Contract Tower,0,0,16,2,18,0,5,28,5,38,0,5,44,7,56,50,90,140,196
06/07/2013,VCV,CA,AWP,WE,Federal Contract Tower,3,0,19,1,23,0,12,27,4,43,3,12,46,5,66,43,34,77,143
06/08/2013,VCV,CA,AWP,WE,Federal Contract Tower,2,1,4,0,7,0,10,9,0,19,2,11,13,0,26,0,0,0,26
06/09/2013,VCV,CA,AWP,WE,Federal Contract Tower,1,0,4,0,5,0,2,4,0,6,1,2,8,0,11,0,0,0,11
06/10/2013,VCV,CA,AWP,WE,Federal Contract Tower,2,1,10,0,13,4,2,19,0,25,6,3,29,0,38,0,0,0,38
06/11/2013,VCV,CA,AWP,WE,Federal Contract Tower,10,0,18,8,36,0,0,53,13,66,10,0,71,21,102,32,141,173,275
06/12/2013,VCV,CA,AWP,WE,Federal Contract Tower,3,0,16,10,29,0,2,36,7,45,3,2,52,17,74,22,84,106,180
06/13/2013,VCV,CA,AWP,WE,Federal Contract Tower,0,0,1,0,1,0,5,34,2,41,0,5,35,2,42,112,40,152,194
06/14/2013,VCV,CA,AWP,WE,Federal Contract Tower,5,2,10,0,17,0,5,28,3,36,5,7,38,3,53,66,60,126,179
06/15/2013,VCV,CA,AWP,WE,Federal Contract Tower,1,0,17,0,18,0,5,25,0,30,1,5,42,0,48,20,0,20,68
06/16/2013,VCV,CA,AWP,WE,Federal Contract Tower,1,0,0,0,1,0,13,9,0,22,1,13,9,0,23,0,0,0,23
06/17/2013,VCV,CA,AWP,WE,Federal Contract Tower,0,7,12,2,21,0,1,44,1,46,0,8,56,3,67,40,12,52,119
06/18/2013,VCV,CA,AWP,WE,Federal Contract Tower,0,0,11,5,16,0,6,49,6,61,0,6,60,11,77,34,70,104,181
06/19/2013,VCV,CA,AWP,WE,Federal Contract Tower,0,0,13,3,16,0,2,52,8,62,0,2,65,11,78,68,143,211,289
06/20/2013,VCV,CA,AWP,WE,Federal Contract Tower,0,0,7,3,10,0,2,33,4,39,0,2,40,7,49,50,80,130,179
06/21/2013,VCV,CA,AWP,WE,Federal Contract Tower,4,0,5,5,14,2,2,28,7,39,6,2,33,12,53,36,86,122,175
06/22/2013,VCV,CA,AWP,WE,Federal Contract Tower,0,0,0,0,0,0,12,30,5,47,0,12,30,5,47,64,104,168,215
06/23/2013,VCV,CA,AWP,WE,Federal Contract Tower,1,0,0,0,1,0,1,5,0,6,1,1,5,0,7,0,0,0,7
06/24/2013,VCV,CA,AWP,WE,Federal Contract Tower,1,0,0,0,1,0,1,13,0,14,1,1,13,0,15,0,0,0,15
06/25/2013,VCV,CA,AWP,WE,Federal Contract Tower,0,0,13,4,17,0,6,57,14,77,0,6,70,18,94,60,133,193,287
06/26/2013,VCV,CA,AWP,WE,Federal Contract Tower,1,0,10,4,15,0,1,40,8,49,1,1,50,12,64,47,89,136,200
06/27/2013,VCV,CA,AWP,WE,Federal Contract Tower,0,0,2,4,6,0,2,27,5,34,0,2,29,9,40,48,42,90,130
06/28/2013,VCV,CA,AWP,WE,Federal Contract Tower,0,0,1,2,3,0,9,33,5,47,0,9,34,7,50,34,59,93,143
06/29/2013,VCV,CA,AWP,WE,Federal Contract Tower,0,0,4,0,4,0,5,15,0,20,0,5,19,0,24,0,0,0,24
06/30/2013,VCV,CA,AWP,WE,Federal Contract Tower,0,0,19,0,19,0,1,59,0,60,0,1,78,0,79,114,0,114,193
07/01/2013,VCV,CA,AWP,WE,Federal Contract Tower,0,0,0,0,0,0,1,20,0,21,0,1,20,0,21,0,0,0,21
07/02/2013,VCV,CA,AWP,WE,Federal Contract Tower,0,0,12,3,15,0,2,35,5,42,0,2,47,8,57,8,44,52,109
07/03/2013,VCV,CA,AWP,WE,Federal Contract Tower,12,0,12,1,25,0,0,46,4,50,12,0,58,5,75,40,56,96,171
07/04/2013,VCV,CA,AWP,WE,Federal Contract Tower,0,0,5,0,5,0,2,21,0,23,0,2,26,0,28,14,0,14,42
07/05/2013,VCV,CA,AWP,WE,Federal Contract Tower,4,0,17,0,21,0,0,41,0,41,4,0,58,0,62,38,0,38,100
07/06/2013,VCV,CA,AWP,WE,Federal Contract Tower,1,0,10,0,11,0,0,29,0,29,1,0,39,0,40,38,0,38,78
07/07/2013,VCV,CA,AWP,WE,Federal Contract Tower,0,10,19,0,29,0,2,45,0,47,0,12,64,0,76,42,0,42,118
07/08/2013,VCV,CA,AWP,WE,Federal Contract Tower,0,0,9,1,10,0,4,19,5,28,0,4,28,6,38,12,16,28,66
07/09/2013,VCV,CA,AWP,WE,Federal Contract Tower,1,0,11,5,17,0,0,36,16,52,1,0,47,21,69,44,106,150,219
07/10/2013,VCV,CA,AWP,WE,Federal Contract Tower,4,0,11,4,19,0,2,28,11,41,4,2,39,15,60,30,90,120,180
07/11/2013,VCV,CA,AWP,WE,Federal Contract Tower,2,0,21,5,28,0,1,33,5,39,2,1,54,10,67,0,28,28,95
07/12/2013,VCV,CA,AWP,WE,Federal Contract Tower,0,0,2,0,2,0,4,30,0,34,0,4,32,0,36,6,0,6,42
07/13/2013,VCV,CA,AWP,WE,Federal Contract Tower,1,0,2,2,5,0,1,18,7,26,1,1,20,9,31,44,75,119,150
07/14/2013,VCV,CA,AWP,WE,Federal Contract Tower,0,0,2,2,4,0,2,23,5,30,0,2,25,7,34,30,50,80,114
07/15/2013,VCV,CA,AWP,WE,Federal Contract Tower,0,0,0,0,0,0,0,12,6,18,0,0,12,6,18,45,48,93,111
07/16/2013,VCV,CA,AWP,WE,Federal Contract Tower,0,0,6,5,11,0,2,28,9,39,0,2,34,14,50,19,47,66,116
07/17/2013,VCV,CA,AWP,WE,Federal Contract Tower,4,1,8,4,17,0,0,20,8,28,4,1,28,12,45,32,50,82,127
07/18/2013,VCV,CA,AWP,WE,Federal Contract Tower,4,1,10,5,20,0,2,24,10,36,4,3,34,15,56,6,54,60,116
07/19/2013,VCV,CA,AWP,WE,Federal Contract Tower,1,0,6,0,7,0,3,21,0,24,1,3,27,0,31,20,71,91,122
07/20/2013,VCV,CA,AWP,WE,Federal Contract Tower,1,0,0,1,2,0,8,20,6,34,1,8,20,7,36,193,134,327,363
07/21/2013,VCV,CA,AWP,WE,Federal Contract Tower,0,0,0,0,0,0,6,6,0,12,0,6,6,0,12,0,0,0,12
07/22/2013,VCV,CA,AWP,WE,Federal Contract Tower,0,0,0,0,0,0,5,5,0,10,0,5,5,0,10,0,0,0,10
07/23/2013,VCV,CA,AWP,WE,Federal Contract Tower,0,0,21,5,26,0,4,27,10,41,0,4,48,15,67,44,117,161,228
07/24/2013,VCV,CA,AWP,WE,Federal Contract Tower,0,0,10,0,10,0,1,29,1,31,0,1,39,1,41,0,90,90,131
07/25/2013,VCV,CA,AWP,WE,Federal Contract Tower,6,1,49,13,69,0,2,49,19,70,6,3,98,32,139,62,100,162,301
07/26/2013,VCV,CA,AWP,WE,Federal Contract Tower,0,0,4,1,5,0,5,23,3,31,0,5,27,4,36,91,16,107,143
07/27/2013,VCV,CA,AWP,WE,Federal Contract Tower,1,0,22,0,23,0,6,13,0,19,1,6,35,0,42,87,0,87,129
07/28/2013,VCV,CA,AWP,WE,Federal Contract Tower,2,0,0,1,3,0,1,15,0,16,2,1,15,1,19,4,0,4,23
07/29/2013,VCV,CA,AWP,WE,Federal Contract Tower,1,0,0,3,4,0,4,19,12,35,1,4,19,15,39,47,88,135,174
07/30/2013,VCV,CA,AWP,WE,Federal Contract Tower,2,0,3,4,9,0,2,29,13,44,2,2,32,17,53,82,170,252,305
07/31/2013,VCV,CA,AWP,WE,Federal Contract Tower,2,0,7,4,13,0,1,15,5,21,2,1,22,9,34,36,34,70,104
08/01/2013,VCV,CA,AWP,WE,Federal Contract Tower,2,3,11,5,21,0,2,46,10,58,2,5,57,15,79,36,96,132,211
08/02/2013,VCV,CA,AWP,WE,Federal Contract Tower,6,2,4,4,16,0,12,24,0,36,6,14,28,4,52,130,0,130,182
08/03/2013,VCV,CA,AWP,WE,Federal Contract Tower,0,0,0,1,1,0,5,10,6,21,0,5,10,7,22,61,25,86,108
08/04/2013,VCV,CA,AWP,WE,Federal Contract Tower,14,0,10,0,24,0,4,27,3,34,14,4,37,3,58,132,86,218,276
08/05/2013,VCV,CA,AWP,WE,Federal Contract Tower,1,1,11,9,22,0,4,20,12,36,1,5,31,21,58,2,76,78,136
08/06/2013,VCV,CA,AWP,WE,Federal Contract Tower,6,0,15,9,30,0,0,28,18,46,6,0,43,27,76,18,146,164,240
08/07/2013,VCV,CA,AWP,WE,Federal Contract Tower,5,0,10,8,23,0,4,28,7,39,5,4,38,15,62,80,148,228,290
08/08/2013,VCV,CA,AWP,WE,Federal Contract Tower,4,0,13,7,24,0,4,41,8,53,4,4,54,15,77,44,98,142,219
08/09/2013,VCV,CA,AWP,WE,Federal Contract Tower,3,1,9,10,23,0,11,7,3,21,3,12,16,13,44,10,5,15,59
08/10/2013,VCV,CA,AWP,WE,Federal Contract Tower,0,1,0,0,1,0,2,4,0,6,0,3,4,0,7,48,0,48,55
08/11/2013,VCV,CA,AWP,WE,Federal Contract Tower,0,0,0,0,0,0,4,4,5,13,0,4,4,5,13,0,0,0,13
08/12/2013,VCV,CA,AWP,WE,Federal Contract Tower,1,0,3,0,4,0,0,16,3,19,1,0,19,3,23,42,46,88,111
08/13/2013,VCV,CA,AWP,WE,Federal Contract Tower,1,0,5,1,7,0,1,35,13,49,1,1,40,14,56,74,210,284,340
08/14/2013,VCV,CA,AWP,WE,Federal Contract Tower,4,0,8,12,24,0,3,35,25,63,4,3,43,37,87,126,212,338,425
08/15/2013,VCV,CA,AWP,WE,Federal Contract Tower,5,0,9,4,18,0,3,36,12,51,5,3,45,16,69,42,60,102,171
08/16/2013,VCV,CA,AWP,WE,Federal Contract Tower,1,0,9,3,13,0,3,13,0,16,1,3,22,3,29,18,0,18,47
08/17/2013,VCV,CA,AWP,WE,Federal Contract Tower,1,0,0,0,1,0,7,10,0,17,1,7,10,0,18,12,0,12,30
08/18/2013,VCV,CA,AWP,WE,Federal Contract Tower,0,0,2,0,2,0,2,18,0,20,0,2,20,0,22,14,0,14,36
08/19/2013,VCV,CA,AWP,WE,Federal Contract Tower,1,0,4,2,7,0,4,10,4,18,1,4,14,6,25,4,0,4,29
08/20/2013,VCV,CA,AWP,WE,Federal Contract Tower,0,0,14,1,15,0,5,20,6,31,0,5,34,7,46,35,26,61,107
08/21/2013,VCV,CA,AWP,WE,Federal Contract Tower,0,0,17,3,20,0,0,41,12,53,0,0,58,15,73,6,94,100,173
08/22/2013,VCV,CA,AWP,WE,Federal Contract Tower,6,0,18,4,28,0,1,45,15,61,6,1,63,19,89,68,118,186,275
08/23/2013,VCV,CA,AWP,WE,Federal Contract Tower,0,0,4,3,7,0,9,12,0,21,0,9,16,3,28,4,0,4,32
08/24/2013,VCV,CA,AWP,WE,Federal Contract Tower,0,0,0,0,0,0,6,32,0,38,0,6,32,0,38,60,0,60,98
08/25/2013,VCV,CA,AWP,WE,Federal Contract Tower,0,0,0,4,4,0,0,14,0,14,0,0,14,4,18,7,35,42,60
08/26/2013,VCV,CA,AWP,WE,Federal Contract Tower,1,0,4,0,5,0,2,5,0,7,1,2,9,0,12,0,0,0,12
08/27/2013,VCV,CA,AWP,WE,Federal Contract Tower,0,0,4,5,9,0,6,6,12,24,0,6,10,17,33,51,111,162,195
08/28/2013,VCV,CA,AWP,WE,Federal Contract Tower,4,1,14,3,22,0,2,36,14,52,4,3,50,17,74,34,98,132,206
08/29/2013,VCV,CA,AWP,WE,Federal Contract Tower,2,0,8,1,11,0,0,42,6,48,2,0,50,7,59,20,22,42,101
08/30/2013,VCV,CA,AWP,WE,Federal Contract Tower,0,0,12,2,14,0,2,15,3,20,0,2,27,5,34,24,0,24,58
08/31/2013,VCV,CA,AWP,WE,Federal Contract Tower,2,0,7,0,9,0,0,46,8,54,2,0,53,8,63,62,86,148,211
09/01/2013,VCV,CA,AWP,WE,Federal Contract Tower,1,0,0,0,1,0,7,5,0,12,1,7,5,0,13,0,0,0,13
09/02/2013,VCV,CA,AWP,WE,Federal Contract Tower,3,0,2,0,5,0,6,10,1,17,3,6,12,1,22,0,0,0,22
09/03/2013,VCV,CA,AWP,WE,Federal Contract Tower,2,0,4,5,11,0,5,18,6,29,2,5,22,11,40,6,78,84,124
09/04/2013,VCV,CA,AWP,WE,Federal Contract Tower,3,0,14,4,21,0,2,17,11,30,3,2,31,15,51,18,56,74,125
09/05/2013,VCV,CA,AWP,WE,Federal Contract Tower,0,0,16,1,17,0,2,24,2,28,0,2,40,3,45,34,0,34,79
09/06/2013,VCV,CA,AWP,WE,Federal Contract Tower,2,0,11,15,28,0,0,9,5,14,2,0,20,20,42,8,77,85,127
09/07/2013,VCV,CA,AWP,WE,Federal Contract Tower,3,0,1,2,6,0,0,5,0,5,3,0,6,2,11,0,0,0,11
09/08/2013,VCV,CA,AWP,WE,Federal Contract Tower,0,0,0,0,0,0,1,13,0,14,0,1,13,0,14,0,0,0,14
09/09/2013,VCV,CA,AWP,WE,Federal Contract Tower,0,0,3,2,5,0,0,24,12,36,0,0,27,14,41,21,17,38,79
09/10/2013,VCV,CA,AWP,WE,Federal Contract Tower,6,0,4,12,22,0,0,13,10,23,6,0,17,22,45,28,88,116,161
09/11/2013,VCV,CA,AWP,WE,Federal Contract Tower,3,0,11,5,19,0,6,27,7,40,3,6,38,12,59,38,58,96,155
09/12/2013,VCV,CA,AWP,WE,Federal Contract Tower,5,0,16,0,21,0,1,33,4,38,5,1,49,4,59,20,46,66,125
09/13/2013,VCV,CA,AWP,WE,Federal Contract Tower,2,0,9,3,14,0,3,25,2,30,2,3,34,5,44,70,0,70,114
09/14/2013,VCV,CA,AWP,WE,Federal Contract Tower,0,0,10,0,10,0,7,23,0,30,0,7,33,0,40,30,0,30,70
09/15/2013,VCV,CA,AWP,WE,Federal Contract Tower,0,0,5,2,7,0,4,21,0,25,0,4,26,2,32,10,0,10,42
09/16/2013,VCV,CA,AWP,WE,Federal Contract Tower,7,0,3,1,11,0,0,14,5,19,7,0,17,6,30,20,0,20,50
09/17/2013,VCV,CA,AWP,WE,Federal Contract Tower,3,0,13,5,21,0,2,40,10,52,3,2,53,15,73,4,72,76,149
09/18/2013,VCV,CA,AWP,WE,Federal Contract Tower,2,0,3,3,8,0,2,24,7,33,2,2,27,10,41,58,102,160,201
09/19/2013,VCV,CA,AWP,WE,Federal Contract Tower,3,0,0,0,3,0,1,9,2,12,3,1,9,2,15,8,14,22,37
09/20/2013,VCV,CA,AWP,WE,Federal Contract Tower,3,0,8,0,11,0,0,11,0,11,3,0,19,0,22,0,0,0,22
09/21/2013,VCV,CA,AWP,WE,Federal Contract Tower,2,0,1,0,3,0,3,2,0,5,2,3,3,0,8,0,0,0,8
09/22/2013,VCV,CA,AWP,WE,Federal Contract Tower,6,0,0,0,6,0,5,12,9,26,6,5,12,9,32,12,0,12,44
09/23/2013,VCV,CA,AWP,WE,Federal Contract Tower,1,0,8,2,11,0,8,10,3,21,1,8,18,5,32,51,22,73,105
09/24/2013,VCV,CA,AWP,WE,Federal Contract Tower,6,0,13,0,19,0,4,40,7,51,6,4,53,7,70,63,48,111,181
09/25/2013,VCV,CA,AWP,WE,Federal Contract Tower,2,0,7,0,9,0,4,20,0,24,2,4,27,0,33,2,0,2,35
09/26/2013,VCV,CA,AWP,WE,Federal Contract Tower,1,0,10,1,12,0,4,17,4,25,1,4,27,5,37,4,4,8,45
09/27/2013,VCV,CA,AWP,WE,Federal Contract Tower,1,0,15,0,16,0,1,25,6,32,1,1,40,6,48,33,51,84,132
09/28/2013,VCV,CA,AWP,WE,Federal Contract Tower,4,0,21,7,32,0,11,20,0,31,4,11,41,7,63,29,0,29,92
09/29/2013,VCV,CA,AWP,WE,Federal Contract Tower,4,0,8,0,12,0,7,38,4,49,4,7,46,4,61,46,15,61,122
09/30/2013,VCV,CA,AWP,WE,Federal Contract Tower,1,0,6,6,13,0,2,6,7,15,1,2,12,13,28,0,20,20,48
10/01/2013,VCV,CA,AWP,WE,Federal Contract Tower,1,0,17,3,21,0,3,43,0,46,1,3,60,3,67,34,4,38,105
10/02/2013,VCV,CA,AWP,WE,Federal Contract Tower,4,0,13,1,18,0,4,35,5,44,4,4,48,6,62,66,50,116,178
10/03/2013,VCV,CA,AWP,WE,Federal Contract Tower,3,0,10,2,15,0,2,19,11,32,3,2,29,13,47,36,22,58,105
10/04/2013,VCV,CA,AWP,WE,Federal Contract Tower,2,0,6,5,13,0,2,34,0,36,2,2,40,5,49,14,0,14,63
10/05/2013,VCV,CA,AWP,WE,Federal Contract Tower,0,1,2,4,7,0,8,25,8,41,0,9,27,12,48,154,138,292,340
10/06/2013,VCV,CA,AWP,WE,Federal Contract Tower,2,0,7,0,9,0,5,19,0,24,2,5,26,0,33,26,0,26,59
10/07/2013,VCV,CA,AWP,WE,Federal Contract Tower,0,0,10,0,10,0,1,35,8,44,0,1,45,8,54,35,35,70,124
10/08/2013,VCV,CA,AWP,WE,Federal Contract Tower,0,0,7,4,11,0,2,22,8,32,0,2,29,12,43,35,85,120,163
10/09/2013,VCV,CA,AWP,WE,Federal Contract Tower,3,0,4,7,14,0,0,1,8,9,3,0,5,15,23,0,74,74,97
10/10/2013,VCV,CA,AWP,WE,Federal Contract Tower,4,0,5,4,13,0,0,0,24,24,4,0,5,28,37,14,58,72,109
10/11/2013,VCV,CA,AWP,WE,Federal Contract Tower,0,0,6,0,6,0,2,19,0,21,0,2,25,0,27,22,0,22,49
10/12/2013,VCV,CA,AWP,WE,Federal Contract Tower,1,0,2,3,6,0,10,36,21,67,1,10,38,24,73,167,234,401,474
10/13/2013,VCV,CA,AWP,WE,Federal Contract Tower,2,0,12,0,14,0,0,7,22,29,2,0,19,22,43,4,158,162,205
10/14/2013,VCV,CA,AWP,WE,Federal Contract Tower,0,0,3,3,6,0,2,11,40,53,0,2,14,43,59,10,176,186,245
10/15/2013,VCV,CA,AWP,WE,Federal Contract Tower,3,0,3,1,7,0,1,23,28,52,3,1,26,29,59,62,90,152,211
10/16/2013,VCV,CA,AWP,WE,Federal Contract Tower,0,0,14,0,14,0,3,27,3,33,0,3,41,3,47,94,148,242,289
10/17/2013,VCV,CA,AWP,WE,Federal Contract Tower,2,0,9,0,11,0,2,25,2,29,2,2,34,2,40,52,66,118,158
10/18/2013,VCV,CA,AWP,WE,Federal Contract Tower,0,1,6,0,7,0,4,21,8,33,0,5,27,8,40,89,0,89,129
10/19/2013,VCV,CA,AWP,WE,Federal Contract Tower,0,0,0,0,0,0,5,13,0,18,0,5,13,0,18,73,4,77,95
10/20/2013,VCV,CA,AWP,WE,Federal Contract Tower,0,0,6,0,6,1,4,25,0,30,1,4,31,0,36,40,0,40,76
10/21/2013,VCV,CA,AWP,WE,Federal Contract Tower,0,0,6,1,7,0,4,19,6,29,0,4,25,7,36,71,71,142,178
10/22/2013,VCV,CA,AWP,WE,Federal Contract Tower,0,0,8,3,11,0,0,25,10,35,0,0,33,13,46,37,126,163,209
10/23/2013,VCV,CA,AWP,WE,Federal Contract Tower,1,2,16,2,21,0,1,36,14,51,1,3,52,16,72,0,64,64,136
10/24/2013,VCV,CA,AWP,WE,Federal Contract Tower,5,0,10,6,21,0,0,31,7,38,5,0,41,13,59,48,68,116,175
10/25/2013,VCV,CA,AWP,WE,Federal Contract Tower,0,3,16,1,20,0,2,32,2,36,0,5,48,3,56,40,0,40,96
10/26/2013,VCV,CA,AWP,WE,Federal Contract Tower,0,0,2,6,8,0,10,7,2,19,0,10,9,8,27,47,0,47,74
10/27/2013,VCV,CA,AWP,WE,Federal Contract Tower,0,0,4,2,6,0,2,20,0,22,0,2,24,2,28,14,0,14,42
10/28/2013,VCV,CA,AWP,WE,Federal Contract Tower,2,0,0,2,4,0,6,0,1,7,2,6,0,3,11,0,2,2,13
10/29/2013,VCV,CA,AWP,WE,Federal Contract Tower,0,1,7,2,10,0,0,6,6,12,0,1,13,8,22,25,68,93,115
10/30/2013,VCV,CA,AWP,WE,Federal Contract Tower,0,0,10,2,12,0,0,6,5,11,0,0,16,7,23,16,42,58,81
10/31/2013,VCV,CA,AWP,WE,Federal Contract Tower,2,0,7,2,11,0,1,20,19,40,2,1,27,21,51,4,16,20,71
11/01/2013,VCV,CA,AWP,WE,Federal Contract Tower,2,0,8,0,10,0,0,21,0,21,2,0,29,0,31,10,14,24,55
11/02/2013,VCV,CA,AWP,WE,Federal Contract Tower,0,0,7,0,7,0,4,20,1,25,0,4,27,1,32,8,45,53,85
11/03/2013,VCV,CA,AWP,WE,Federal Contract Tower,0,0,1,2,3,0,6,15,7,28,0,6,16,9,31,0,20,20,51
11/04/2013,VCV,CA,AWP,WE,Federal Contract Tower,3,0,6,9,18,0,0,8,31,39,3,0,14,40,57,30,0,30,87
11/05/2013,VCV,CA,AWP,WE,Federal Contract Tower,1,0,5,5,11,0,4,25,16,45,1,4,30,21,56,10,154,164,220
11/06/2013,VCV,CA,AWP,WE,Federal Contract Tower,0,0,11,4,15,0,4,27,11,42,0,4,38,15,57,32,92,124,181
11/07/2013,VCV,CA,AWP,WE,Federal Contract Tower,4,1,12,4,21,0,0,30,9,39,4,1,42,13,60,0,4,4,64
11/08/2013,VCV,CA,AWP,WE,Federal Contract Tower,6,0,8,2,16,0,6,23,10,39,6,6,31,12,55,58,4,62,117
11/09/2013,VCV,CA,AWP,WE,Federal Contract Tower,2,0,3,0,5,0,8,20,15,43,2,8,23,15,48,49,45,94,142
11/10/2013,VCV,CA,AWP,WE,Federal Contract Tower,3,0,21,0,24,0,10,42,11,63,3,10,63,11,87,77,72,149,236
11/11/2013,VCV,CA,AWP,WE,Federal Contract Tower,4,0,8,2,14,0,8,17,16,41,4,8,25,18,55,6,150,156,211
11/12/2013,VCV,CA,AWP,WE,Federal Contract Tower,5,0,17,10,32,0,2,30,8,40,5,2,47,18,72,42,84,126,198
11/13/2013,VCV,CA,AWP,WE,Federal Contract Tower,1,0,2,4,7,0,4,34,16,54,1,4,36,20,61,14,142,156,217
11/14/2013,VCV,CA,AWP,WE,Federal Contract Tower,3,0,8,4,15,0,0,30,10,40,3,0,38,14,55,0,116,116,171
11/15/2013,VCV,CA,AWP,WE,Federal Contract Tower,0,0,11,3,14,0,3,8,2,13,0,3,19,5,27,0,24,24,51
11/16/2013,VCV,CA,AWP,WE,Federal Contract Tower,0,0,0,3,3,0,5,2,0,7,0,5,2,3,10,0,0,0,10
11/17/2013,VCV,CA,AWP,WE,Federal Contract Tower,2,0,0,0,2,0,1,16,0,17,2,1,16,0,19,22,0,22,41
11/18/2013,VCV,CA,AWP,WE,Federal Contract Tower,8,0,18,2,28,0,0,25,9,34,8,0,43,11,62,38,36,74,136
11/19/2013,VCV,CA,AWP,WE,Federal Contract Tower,0,0,1,5,6,0,1,25,11,37,0,1,26,16,43,48,180,228,271
11/20/2013,VCV,CA,AWP,WE,Federal Contract Tower,3,0,3,2,8,0,1,25,8,34,3,1,28,10,42,62,110,172,214
11/21/2013,VCV,CA,AWP,WE,Federal Contract Tower,3,0,1,2,6,0,0,6,2,8,3,0,7,4,14,0,22,22,36
11/22/2013,VCV,CA,AWP,WE,Federal Contract Tower,2,0,18,0,20,0,0,0,0,0,2,0,18,0,20,0,0,0,20
11/23/2013,VCV,CA,AWP,WE,Federal Contract Tower,0,0,12,0,12,0,0,3,0,3,0,0,15,0,15,0,0,0,15
11/24/2013,VCV,CA,AWP,WE,Federal Contract Tower,0,0,3,1,4,0,2,6,1,9,0,2,9,2,13,28,6,34,47
11/25/2013,VCV,CA,AWP,WE,Federal Contract Tower,0,0,3,2,5,0,1,19,13,33,0,1,22,15,38,24,198,222,260
11/26/2013,VCV,CA,AWP,WE,Federal Contract Tower,1,0,0,4,5,0,3,20,12,35,1,3,20,16,40,44,226,270,310
11/27/2013,VCV,CA,AWP,WE,Federal Contract Tower,0,0,3,0,3,0,5,21,7,33,0,5,24,7,36,0,168,168,204
11/28/2013,VCV,CA,AWP,WE,Federal Contract Tower,0,0,0,0,0,4,10,0,0,14,4,10,0,0,14,36,0,36,50
11/29/2013,VCV,CA,AWP,WE,Federal Contract Tower,3,0,2,5,10,0,0,10,5,15,3,0,12,10,25,2,8,10,35
11/30/2013,VCV,CA,AWP,WE,Federal Contract Tower,0,0,4,0,4,0,1,11,0,12,0,1,15,0,16,0,0,0,16
12/01/2013,VCV,CA,AWP,WE,Federal Contract Tower,0,0,5,0,5,0,4,33,0,37,0,4,38,0,42,34,0,34,76
12/02/2013,VCV,CA,AWP,WE,Federal Contract Tower,3,0,13,4,20,0,1,44,10,55,3,1,57,14,75,0,4,4,79
12/03/2013,VCV,CA,AWP,WE,Federal Contract Tower,0,0,24,1,25,0,1,49,3,53,0,1,73,4,78,6,58,64,142
12/04/2013,VCV,CA,AWP,WE,Federal Contract Tower,0,1,15,1,17,0,2,33,5,40,0,3,48,6,57,0,28,28,85
12/05/2013,VCV,CA,AWP,WE,Federal Contract Tower,2,3,11,4,20,0,0,35,13,48,2,3,46,17,68,26,20,46,114
12/06/2013,VCV,CA,AWP,WE,Federal Contract Tower,1,0,13,1,15,0,0,12,4,16,1,0,25,5,31,0,0,0,31
12/07/2013,VCV,CA,AWP,WE,Federal Contract Tower,2,0,2,0,4,0,0,5,2,7,2,0,7,2,11,0,0,0,11
12/08/2013,VCV,CA,AWP,WE,Federal Contract Tower,1,0,20,0,21,0,2,47,0,49,1,2,67,0,70,8,0,8,78
12/09/2013,VCV,CA,AWP,WE,Federal Contract Tower,0,2,21,4,27,0,2,30,5,37,0,4,51,9,64,0,0,0,64
12/10/2013,VCV,CA,AWP,WE,Federal Contract Tower,0,0,8,6,14,0,0,28,20,48,0,0,36,26,62,6,64,70,132
12/11/2013,VCV,CA,AWP,WE,Federal Contract Tower,4,0,14,4,22,0,2,42,19,63,4,2,56,23,85,36,12,48,133
12/12/2013,VCV,CA,AWP,WE,Federal Contract Tower,3,0,18,5,26,0,4,42,0,46,3,4,60,5,72,46,0,46,118
12/13/2013,VCV,CA,AWP,WE,Federal Contract Tower,1,0,5,0,6,0,0,7,0,7,1,0,12,0,13,0,0,0,13
12/14/2013,VCV,CA,AWP,WE,Federal Contract Tower,0,0,9,0,9,0,0,12,0,12,0,0,21,0,21,2,0,2,23
12/15/2013,VCV,CA,AWP,WE,Federal Contract Tower,0,0,1,2,3,0,6,14,4,24,0,6,15,6,27,8,0,8,35
12/16/2013,VCV,CA,AWP,WE,Federal Contract Tower,0,1,3,1,5,1,6,15,6,28,1,7,18,7,33,0,12,12,45
12/17/2013,VCV,CA,AWP,WE,Federal Contract Tower,0,0,12,2,14,0,0,22,3,25,0,0,34,5,39,0,32,32,71
12/18/2013,VCV,CA,AWP,WE,Federal Contract Tower,0,0,5,9,14,1,4,23,7,35,1,4,28,16,49,6,46,52,101
12/19/2013,VCV,CA,AWP,WE,Federal Contract Tower,0,0,19,2,21,4,1,34,5,44,4,1,53,7,65,16,4,20,85
12/20/2013,VCV,CA,AWP,WE,Federal Contract Tower,0,0,3,0,3,1,0,21,1,23,1,0,24,1,26,8,0,8,34
12/21/2013,VCV,CA,AWP,WE,Federal Contract Tower,0,1,0,0,1,1,1,12,0,14,1,2,12,0,15,18,0,18,33
12/22/2013,VCV,CA,AWP,WE,Federal Contract Tower,0,1,3,0,4,0,2,11,0,13,0,3,14,0,17,0,0,0,17
12/23/2013,VCV,CA,AWP,WE,Federal Contract Tower,0,0,5,2,7,0,2,14,3,19,0,2,19,5,26,14,0,14,40
12/24/2013,VCV,CA,AWP,WE,Federal Contract Tower,0,0,0,0,0,0,2,6,0,8,0,2,6,0,8,0,0,0,8
12/25/2013,VCV,CA,AWP,WE,Federal Contract Tower,0,0,3,0,3,0,4,5,0,9,0,4,8,0,12,0,0,0,12
12/26/2013,VCV,CA,AWP,WE,Federal Contract Tower,1,0,3,0,4,0,2,0,2,4,1,2,3,2,8,0,0,0,8
12/27/2013,VCV,CA,AWP,WE,Federal Contract Tower,4,0,2,1,7,1,4,10,0,15,5,4,12,1,22,34,0,34,56
12/28/2013,VCV,CA,AWP,WE,Federal Contract Tower,0,0,4,0,4,0,3,10,4,17,0,3,14,4,21,14,0,14,35
12/29/2013,VCV,CA,AWP,WE,Federal Contract Tower,0,0,0,0,0,0,0,2,0,2,0,0,2,0,2,0,0,0,2
12/30/2013,VCV,CA,AWP,WE,Federal Contract Tower,0,1,9,1,11,0,2,20,5,27,0,3,29,6,38,0,30,30,68
12/31/2013,VCV,CA,AWP,WE,Federal Contract Tower,1,0,7,0,8,0,0,2,0,2,1,0,9,0,10,0,0,0,10
01/01/2014,VCV,CA,AWP,WE,Federal Contract Tower,0,0,0,0,0,0,2,5,0,7,0,2,5,0,7,0,0,0,7
01/02/2014,VCV,CA,AWP,WE,Federal Contract Tower,3,0,5,0,8,0,1,8,2,11,3,1,13,2,19,0,0,0,19
01/03/2014,VCV,CA,AWP,WE,Federal Contract Tower,3,0,5,0,8,0,1,2,0,3,3,1,7,0,11,0,0,0,11
01/04/2014,VCV,CA,AWP,WE,Federal Contract Tower,1,0,0,1,2,0,1,0,0,1,1,1,0,1,3,0,0,0,3
01/05/2014,VCV,CA,AWP,WE,Federal Contract Tower,0,0,0,4,4,0,5,18,0,23,0,5,18,4,27,6,0,6,33
01/06/2014,VCV,CA,AWP,WE,Federal Contract Tower,4,0,2,7,13,0,0,27,16,43,4,0,29,23,56,0,44,44,100
01/07/2014,VCV,CA,AWP,WE,Federal Contract Tower,1,0,2,5,8,0,2,21,15,38,1,2,23,20,46,0,76,76,122
01/08/2014,VCV,CA,AWP,WE,Federal Contract Tower,0,0,12,5,17,0,2,8,23,33,0,2,20,28,50,0,12,12,62
01/09/2014,VCV,CA,AWP,WE,Federal Contract Tower,1,0,8,2,11,0,2,14,15,31,1,2,22,17,42,14,0,14,56
01/10/2014,VCV,CA,AWP,WE,Federal Contract Tower,4,0,24,0,28,0,0,37,0,37,4,0,61,0,65,76,0,76,141
01/11/2014,VCV,CA,AWP,WE,Federal Contract Tower,4,0,6,3,13,0,2,11,8,21,4,2,17,11,34,8,0,8,42
01/12/2014,VCV,CA,AWP,WE,Federal Contract Tower,0,0,0,6,6,0,1,7,2,10,0,1,7,8,16,24,8,32,48
01/13/2014,VCV,CA,AWP,WE,Federal Contract Tower,3,1,21,11,36,0,2,40,6,48,3,3,61,17,84,26,0,26,110
01/14/2014,VCV,CA,AWP,WE,Federal Contract Tower,1,0,2,20,23,0,1,4,30,35,1,1,6,50,58,0,76,76,134
01/15/2014,VCV,CA,AWP,WE,Federal Contract Tower,5,0,4,6,15,0,3,6,10,19,5,3,10,16,34,0,12,12,46
01/16/2014,VCV,CA,AWP,WE,Federal Contract Tower,2,0,13,2,17,0,3,26,0,29,2,3,39,2,46,30,0,30,76
01/17/2014,VCV,CA,AWP,WE,Federal Contract Tower,4,2,19,2,27,0,0,38,0,38,4,2,57,2,65,48,4,52,117
01/18/2014,VCV,CA,AWP,WE,Federal Contract Tower,4,0,7,0,11,0,0,17,0,17,4,0,24,0,28,0,0,0,28
01/19/2014,VCV,CA,AWP,WE,Federal Contract Tower,4,0,24,0,28,0,3,33,0,36,4,3,57,0,64,26,0,26,90
01/20/2014,VCV,CA,AWP,WE,Federal Contract Tower,2,0,7,0,9,0,3,31,0,34,2,3,38,0,43,0,0,0,43
01/21/2014,VCV,CA,AWP,WE,Federal Contract Tower,0,0,19,1,20,0,0,31,3,34,0,0,50,4,54,4,30,34,88
01/22/2014,VCV,CA,AWP,WE,Federal Contract Tower,0,0,7,1,8,0,4,26,2,32,0,4,33,3,40,28,0,28,68
01/23/2014,VCV,CA,AWP,WE,Federal Contract Tower,2,0,12,3,17,0,2,22,16,40,2,2,34,19,57,14,0,14,71
01/24/2014,VCV,CA,AWP,WE,Federal Contract Tower,2,2,10,2,16,0,0,13,33,46,2,2,23,35,62,6,2,8,70
01/25/2014,VCV,CA,AWP,WE,Federal Contract Tower,0,0,6,0,6,0,2,10,0,12,0,2,16,0,18,0,0,0,18
01/26/2014,VCV,CA,AWP,WE,Federal Contract Tower,0,0,0,0,0,0,4,6,0,10,0,4,6,0,10,8,0,8,18
01/27/2014,VCV,CA,AWP,WE,Federal Contract Tower,2,0,13,2,17,0,1,38,4,43,2,1,51,6,60,20,0,20,80
01/28/2014,VCV,CA,AWP,WE,Federal Contract Tower,2,1,13,3,19,0,2,35,7,44,2,3,48,10,63,4,46,50,113
01/29/2014,VCV,CA,AWP,WE,Federal Contract Tower,0,0,8,1,9,0,4,19,12,35,0,4,27,13,44,14,0,14,58
01/30/2014,VCV,CA,AWP,WE,Federal Contract Tower,4,0,8,3,15,0,0,4,12,16,4,0,12,15,31,0,19,19,50
01/31/2014,VCV,CA,AWP,WE,Federal Contract Tower,1,0,13,0,14,0,0,4,0,4,1,0,17,0,18,4,0,4,22
02/01/2014,VCV,CA,AWP,WE,Federal Contract Tower,1,0,16,2,19,0,2,22,21,45,1,2,38,23,64,18,0,18,82
02/02/2014,VCV,CA,AWP,WE,Federal Contract Tower,4,0,24,0,28,0,3,27,13,43,4,3,51,13,71,26,0,26,97
02/03/2014,VCV,CA,AWP,WE,Federal Contract Tower,9,0,14,9,32,1,2,43,4,50,10,2,57,13,82,10,0,10,92
02/04/2014,VCV,CA,AWP,WE,Federal Contract Tower,6,0,19,8,33,0,0,48,8,56,6,0,67,16,89,20,44,64,153
02/05/2014,VCV,CA,AWP,WE,Federal Contract Tower,5,0,16,8,29,1,1,38,12,52,6,1,54,20,81,0,0,0,81
02/06/2014,VCV,CA,AWP,WE,Federal Contract Tower,7,0,5,3,15,0,4,15,2,21,7,4,20,5,36,18,30,48,84
02/07/2014,VCV,CA,AWP,WE,Federal Contract Tower,15,0,7,1,23,0,4,0,3,7,15,4,7,4,30,0,0,0,30
02/08/2014,VCV,CA,AWP,WE,Federal Contract Tower,11,0,20,1,32,0,0,26,0,26,11,0,46,1,58,0,0,0,58
02/09/2014,VCV,CA,AWP,WE,Federal Contract Tower,5,0,0,2,7,0,3,16,1,20,5,3,16,3,27,6,0,6,33
02/10/2014,VCV,CA,AWP,WE,Federal Contract Tower,0,0,8,2,10,0,0,19,4,23,0,0,27,6,33,0,0,0,33
02/11/2014,VCV,CA,AWP,WE,Federal Contract Tower,1,0,6,9,16,1,0,33,15,49,2,0,39,24,65,8,36,44,109
02/12/2014,VCV,CA,AWP,WE,Federal Contract Tower,2,0,15,5,22,0,0,22,9,31,2,0,37,14,53,8,0,8,61
02/13/2014,VCV,CA,AWP,WE,Federal Contract Tower,3,0,15,2,20,0,1,24,1,26,3,1,39,3,46,6,6,12,58
02/14/2014,VCV,CA,AWP,WE,Federal Contract Tower,3,2,16,0,21,0,0,17,4,21,3,2,33,4,42,2,0,2,44
02/15/2014,VCV,CA,AWP,WE,Federal Contract Tower,1,0,3,0,4,2,3,27,0,32,3,3,30,0,36,24,14,38,74
02/16/2014,VCV,CA,AWP,WE,Federal Contract Tower,0,0,0,0,0,0,2,8,0,10,0,2,8,0,10,4,0,4,14
02/17/2014,VCV,CA,AWP,WE,Federal Contract Tower,0,0,9,0,9,0,1,22,0,23,0,1,31,0,32,6,0,6,38
02/18/2014,VCV,CA,AWP,WE,Federal Contract Tower,4,0,26,0,30,0,0,24,0,24,4,0,50,0,54,20,0,20,74
02/19/2014,VCV,CA,AWP,WE,Federal Contract Tower,0,0,17,0,17,0,0,33,0,33,0,0,50,0,50,10,0,10,60
02/20/2014,VCV,CA,AWP,WE,Federal Contract Tower,5,0,43,3,51,0,2,43,2,47,5,2,86,5,98,39,0,39,137
02/21/2014,VCV,CA,AWP,WE,Federal Contract Tower,3,2,3,3,11,0,2,9,4,15,3,4,12,7,26,0,0,0,26
02/22/2014,VCV,CA,AWP,WE,Federal Contract Tower,2,0,11,3,16,0,2,14,9,25,2,2,25,12,41,12,4,16,57
02/23/2014,VCV,CA,AWP,WE,Federal Contract Tower,1,0,4,1,6,0,1,13,0,14,1,1,17,1,20,25,0,25,45
02/24/2014,VCV,CA,AWP,WE,Federal Contract Tower,0,0,6,14,20,2,2,31,24,59,2,2,37,38,79,8,6,14,93
02/25/2014,VCV,CA,AWP,WE,Federal Contract Tower,5,3,21,8,37,0,2,23,18,43,5,5,44,26,80,30,7,37,117
02/26/2014,VCV,CA,AWP,WE,Federal Contract Tower,3,0,18,8,29,0,0,27,18,45,3,0,45,26,74,16,6,22,96
02/27/2014,VCV,CA,AWP,WE,Federal Contract Tower,2,0,9,4,15,0,0,17,6,23,2,0,26,10,38,38,0,38,76
02/28/2014,VCV,CA,AWP,WE,Federal Contract Tower,0,0,0,0,0,0,0,4,0,4,0,0,4,0,4,0,0,0,4
03/01/2014,VCV,CA,AWP,WE,Federal Contract Tower,1,0,1,0,2,0,2,2,0,4,1,2,3,0,6,6,0,6,12
03/02/2014,VCV,CA,AWP,WE,Federal Contract Tower,4,0,5,0,9,0,0,11,0,11,4,0,16,0,20,2,0,2,22
03/03/2014,VCV,CA,AWP,WE,Federal Contract Tower,4,0,2,4,10,0,0,1,8,9,4,0,3,12,19,0,0,0,19
03/04/2014,VCV,CA,AWP,WE,Federal Contract Tower,3,0,3,3,9,0,0,4,6,10,3,0,7,9,19,0,20,20,39
03/05/2014,VCV,CA,AWP,WE,Federal Contract Tower,6,1,10,3,20,0,2,15,3,20,6,3,25,6,40,25,4,29,69
03/06/2014,VCV,CA,AWP,WE,Federal Contract Tower,7,3,18,0,28,0,2,24,0,26,7,5,42,0,54,6,0,6,60
03/07/2014,VCV,CA,AWP,WE,Federal Contract Tower,10,5,2,0,17,0,2,7,2,11,10,7,9,2,28,10,0,10,38
03/08/2014,VCV,CA,AWP,WE,Federal Contract Tower,4,2,3,0,9,0,2,19,2,23,4,4,22,2,32,42,17,59,91
03/09/2014,VCV,CA,AWP,WE,Federal Contract Tower,8,0,2,1,11,0,2,15,4,21,8,2,17,5,32,17,0,17,49
03/10/2014,VCV,CA,AWP,WE,Federal Contract Tower,4,0,1,2,7,0,1,16,4,21,4,1,17,6,28,0,0,0,28
03/11/2014,VCV,CA,AWP,WE,Federal Contract Tower,0,0,11,1,12,0,3,23,3,29,0,3,34,4,41,32,8,40,81
03/12/2014,VCV,CA,AWP,WE,Federal Contract Tower,4,0,14,6,24,0,3,22,10,35,4,3,36,16,59,8,8,16,75
03/13/2014,VCV,CA,AWP,WE,Federal Contract Tower,4,0,11,5,20,0,0,35,9,44,4,0,46,14,64,4,28,32,96
03/14/2014,VCV,CA,AWP,WE,Federal Contract Tower,2,0,5,2,9,0,0,11,18,29,2,0,16,20,38,4,0,4,42
03/15/2014,VCV,CA,AWP,WE,Federal Contract Tower,2,0,5,2,9,0,0,16,0,16,2,0,21,2,25,8,0,8,33
03/16/2014,VCV,CA,AWP,WE,Federal Contract Tower,0,0,3,0,3,0,0,12,0,12,0,0,15,0,15,8,0,8,23
03/17/2014,VCV,CA,AWP,WE,Federal Contract Tower,0,0,7,3,10,0,0,13,7,20,0,0,20,10,30,8,0,8,38
03/18/2014,VCV,CA,AWP,WE,Federal Contract Tower,6,0,11,4,21,0,2,32,6,40,6,2,43,10,61,16,32,48,109
03/19/2014,VCV,CA,AWP,WE,Federal Contract Tower,1,0,17,7,25,0,4,34,9,47,1,4,51,16,72,20,16,36,108
03/20/2014,VCV,CA,AWP,WE,Federal Contract Tower,2,0,18,1,21,0,1,48,6,55,2,1,66,7,76,24,0,24,100
03/21/2014,VCV,CA,AWP,WE,Federal Contract Tower,2,0,3,3,8,0,2,9,6,17,2,2,12,9,25,2,0,2,27
03/22/2014,VCV,CA,AWP,WE,Federal Contract Tower,0,3,7,1,11,0,0,20,4,24,0,3,27,5,35,44,6,50,85
03/23/2014,VCV,CA,AWP,WE,Federal Contract Tower,0,0,5,2,7,0,3,19,2,24,0,3,24,4,31,34,0,34,65
03/24/2014,VCV,CA,AWP,WE,Federal Contract Tower,0,3,8,2,13,0,0,17,13,30,0,3,25,15,43,0,20,20,63
03/25/2014,VCV,CA,AWP,WE,Federal Contract Tower,1,0,5,3,9,0,0,6,6,12,1,0,11,9,21,6,16,22,43
03/26/2014,VCV,CA,AWP,WE,Federal Contract Tower,0,0,1,2,3,0,4,12,4,20,0,4,13,6,23,0,0,0,23
03/27/2014,VCV,CA,AWP,WE,Federal Contract Tower,2,0,0,1,3,0,0,7,0,7,2,0,7,1,10,14,0,14,24
03/28/2014,VCV,CA,AWP,WE,Federal Contract Tower,0,0,4,2,6,0,2,2,0,4,0,2,6,2,10,4,0,4,14
03/29/2014,VCV,CA,AWP,WE,Federal Contract Tower,0,0,2,1,3,0,0,12,4,16,0,0,14,5,19,6,8,14,33
03/30/2014,VCV,CA,AWP,WE,Federal Contract Tower,0,0,1,0,1,0,0,9,0,9,0,0,10,0,10,0,0,0,10
03/31/2014,VCV,CA,AWP,WE,Federal Contract Tower,8,2,7,5,22,0,1,25,11,37,8,3,32,16,59,0,4,4,63
04/01/2014,VCV,CA,AWP,WE,Federal Contract Tower,1,0,6,6,13,0,4,16,3,23,1,4,22,9,36,2,22,24,60
04/02/2014,VCV,CA,AWP,WE,Federal Contract Tower,10,0,4,4,18,0,0,18,6,24,10,0,22,10,42,6,18,24,66
04/03/2014,VCV,CA,AWP,WE,Federal Contract Tower,7,0,8,3,18,0,0,17,4,21,7,0,25,7,39,0,22,22,61
04/04/2014,VCV,CA,AWP,WE,Federal Contract Tower,14,0,5,3,22,0,5,6,12,23,14,5,11,15,45,20,25,45,90
04/05/2014,VCV,CA,AWP,WE,Federal Contract Tower,12,0,2,0,14,0,1,12,7,20,12,1,14,7,34,18,0,18,52
04/06/2014,VCV,CA,AWP,WE,Federal Contract Tower,2,0,0,0,2,0,0,10,2,12,2,0,10,2,14,3,0,3,17
04/07/2014,VCV,CA,AWP,WE,Federal Contract Tower,10,0,16,1,27,0,2,27,2,31,10,2,43,3,58,0,0,0,58
04/08/2014,VCV,CA,AWP,WE,Federal Contract Tower,1,0,5,12,18,0,2,16,29,47,1,2,21,41,65,0,0,0,65
04/09/2014,VCV,CA,AWP,WE,Federal Contract Tower,0,1,7,11,19,0,2,7,10,19,0,3,14,21,38,0,0,0,38
04/10/2014,VCV,CA,AWP,WE,Federal Contract Tower,3,0,7,0,10,0,1,6,0,7,3,1,13,0,17,0,0,0,17
04/11/2014,VCV,CA,AWP,WE,Federal Contract Tower,9,0,2,6,17,0,5,6,7,18,9,5,8,13,35,8,16,24,59
04/12/2014,VCV,CA,AWP,WE,Federal Contract Tower,7,0,0,0,7,0,1,6,0,7,7,1,6,0,14,10,0,10,24
04/13/2014,VCV,CA,AWP,WE,Federal Contract Tower,11,0,1,3,15,0,4,10,0,14,11,4,11,3,29,30,0,30,59
04/14/2014,VCV,CA,AWP,WE,Federal Contract Tower,2,0,16,2,20,0,0,37,12,49,2,0,53,14,69,6,0,6,75
04/15/2014,VCV,CA,AWP,WE,Federal Contract Tower,0,0,9,4,13,0,5,20,4,29,0,5,29,8,42,10,0,10,52
04/16/2014,VCV,CA,AWP,WE,Federal Contract Tower,1,0,8,7,16,0,3,31,6,40,1,3,39,13,56,0,12,12,68
04/17/2014,VCV,CA,AWP,WE,Federal Contract Tower,1,0,0,3,4,0,0,18,4,22,1,0,18,7,26,10,0,10,36
04/18/2014,VCV,CA,AWP,WE,Federal Contract Tower,2,0,4,2,8,0,2,21,12,35,2,2,25,14,43,4,18,22,65
04/19/2014,VCV,CA,AWP,WE,Federal Contract Tower,1,0,2,0,3,0,3,4,0,7,1,3,6,0,10,0,0,0,10
04/20/2014,VCV,CA,AWP,WE,Federal Contract Tower,0,0,0,0,0,0,3,1,0,4,0,3,1,0,4,0,0,0,4
04/21/2014,VCV,CA,AWP,WE,Federal Contract Tower,6,0,1,0,7,0,0,7,0,7,6,0,8,0,14,0,0,0,14
04/22/2014,VCV,CA,AWP,WE,Federal Contract Tower,6,0,4,1,11,0,0,8,2,10,6,0,12,3,21,0,2,2,23
04/23/2014,VCV,CA,AWP,WE,Federal Contract Tower,3,0,12,4,19,0,5,33,5,43,3,5,45,9,62,0,4,4,66
04/24/2014,VCV,CA,AWP,WE,Federal Contract Tower,8,1,4,2,15,0,2,11,4,17,8,3,15,6,32,30,0,30,62
04/25/2014,VCV,CA,AWP,WE,Federal Contract Tower,6,2,0,2,10,1,0,9,16,26,7,2,9,18,36,0,16,16,52
04/26/2014,VCV,CA,AWP,WE,Federal Contract Tower,0,0,6,0,6,0,0,0,0,0,0,0,6,0,6,0,0,0,6
04/27/2014,VCV,CA,AWP,WE,Federal Contract Tower,0,1,4,0,5,0,1,7,0,8,0,2,11,0,13,0,0,0,13
04/28/2014,VCV,CA,AWP,WE,Federal Contract Tower,1,0,11,0,12,0,2,15,0,17,1,2,26,0,29,0,0,0,29
04/29/2014,VCV,CA,AWP,WE,Federal Contract Tower,1,0,11,3,15,0,1,15,6,22,1,1,26,9,37,0,20,20,57
04/30/2014,VCV,CA,AWP,WE,Federal Contract Tower,3,0,2,3,8,0,2,11,11,24,3,2,13,14,32,12,8,20,52
05/01/2014,VCV,CA,AWP,WE,Federal Contract Tower,2,0,6,0,8,0,2,6,0,8,2,2,12,0,16,2,0,2,18
05/02/2014,VCV,CA,AWP,WE,Federal Contract Tower,0,0,13,2,15,0,0,5,6,11,0,0,18,8,26,0,23,23,49
05/03/2014,VCV,CA,AWP,WE,Federal Contract Tower,0,7,7,2,16,0,1,12,1,14,0,8,19,3,30,0,0,0,30
05/04/2014,VCV,CA,AWP,WE,Federal Contract Tower,1,0,3,0,4,0,1,7,28,36,1,1,10,28,40,0,2,2,42
05/05/2014,VCV,CA,AWP,WE,Federal Contract Tower,0,1,8,0,9,0,8,25,8,41,0,9,33,8,50,0,0,0,50
05/06/2014,VCV,CA,AWP,WE,Federal Contract Tower,1,0,12,0,13,0,2,23,16,41,1,2,35,16,54,0,6,6,60
05/07/2014,VCV,CA,AWP,WE,Federal Contract Tower,7,0,2,2,11,0,1,17,16,34,7,1,19,18,45,66,8,74,119
05/08/2014,VCV,CA,AWP,WE,Federal Contract Tower,7,0,4,0,11,0,2,8,10,20,7,2,12,10,31,18,14,32,63
05/09/2014,VCV,CA,AWP,WE,Federal Contract Tower,9,0,0,2,11,0,0,2,5,7,9,0,2,7,18,0,0,0,18
05/10/2014,VCV,CA,AWP,WE,Federal Contract Tower,7,0,0,0,7,0,0,6,0,6,7,0,6,0,13,8,0,8,21
05/11/2014,VCV,CA,AWP,WE,Federal Contract Tower,0,0,3,0,3,0,5,2,0,7,0,5,5,0,10,0,0,0,10
05/12/2014,VCV,CA,AWP,WE,Federal Contract Tower,1,3,10,4,18,0,1,12,7,20,1,4,22,11,38,0,56,56,94
05/13/2014,VCV,CA,AWP,WE,Federal Contract Tower,0,0,13,4,17,0,9,14,9,32,0,9,27,13,49,4,0,4,53
05/14/2014,VCV,CA,AWP,WE,Federal Contract Tower,0,0,9,4,13,0,4,21,8,33,0,4,30,12,46,0,6,6,52
05/15/2014,VCV,CA,AWP,WE,Federal Contract Tower,4,0,10,0,14,0,4,24,4,32,4,4,34,4,46,24,8,32,78
05/16/2014,VCV,CA,AWP,WE,Federal Contract Tower,1,0,8,2,11,0,0,20,4,24,1,0,28,6,35,48,2,50,85
05/17/2014,VCV,CA,AWP,WE,Federal Contract Tower,0,0,8,3,11,0,2,19,4,25,0,2,27,7,36,4,0,4,40
05/18/2014,VCV,CA,AWP,WE,Federal Contract Tower,0,1,8,0,9,0,3,10,0,13,0,4,18,0,22,0,0,0,22
05/19/2014,VCV,CA,AWP,WE,Federal Contract Tower,0,0,2,3,5,0,2,7,8,17,0,2,9,11,22,8,6,14,36
05/20/2014,VCV,CA,AWP,WE,Federal Contract Tower,1,0,13,2,16,0,2,23,4,29,1,2,36,6,45,14,8,22,67
05/21/2014,VCV,CA,AWP,WE,Federal Contract Tower,1,1,11,4,17,0,0,27,7,34,1,1,38,11,51,0,22,22,73
05/22/2014,VCV,CA,AWP,WE,Federal Contract Tower,0,0,3,6,9,0,2,11,8,21,0,2,14,14,30,4,0,4,34
05/23/2014,VCV,CA,AWP,WE,Federal Contract Tower,1,0,2,3,6,0,4,0,6,10,1,4,2,9,16,8,0,8,24
05/24/2014,VCV,CA,AWP,WE,Federal Contract Tower,0,0,1,0,1,1,1,5,1,8,1,1,6,1,9,0,0,0,9
05/25/2014,VCV,CA,AWP,WE,Federal Contract Tower,1,0,9,0,10,0,2,16,0,18,1,2,25,0,28,0,0,0,28
05/26/2014,VCV,CA,AWP,WE,Federal Contract Tower,1,0,6,2,9,0,4,10,4,18,1,4,16,6,27,0,0,0,27
05/27/2014,VCV,CA,AWP,WE,Federal Contract Tower,0,0,8,1,9,0,2,32,2,36,0,2,40,3,45,4,0,4,49
05/28/2014,VCV,CA,AWP,WE,Federal Contract Tower,1,0,7,2,10,0,0,22,5,27,1,0,29,7,37,10,22,32,69
05/29/2014,VCV,CA,AWP,WE,Federal Contract Tower,0,1,0,0,1,0,4,6,0,10,0,5,6,0,11,0,0,0,11
05/30/2014,VCV,CA,AWP,WE,Federal Contract Tower,2,0,4,0,6,0,1,16,2,19,2,1,20,2,25,10,0,10,35
05/31/2014,VCV,CA,AWP,WE,Federal Contract Tower,3,0,5,0,8,0,2,11,0,13,3,2,16,0,21,10,0,10,31
06/01/2014,VCV,CA,AWP,WE,Federal Contract Tower,0,0,3,0,3,0,3,10,7,20,0,3,13,7,23,4,0,4,27
06/02/2014,VCV,CA,AWP,WE,Federal Contract Tower,5,0,9,4,18,0,0,17,29,46,5,0,26,33,64,0,16,16,80
06/03/2014,VCV,CA,AWP,WE,Federal Contract Tower,1,0,10,6,17,0,1,37,31,69,1,1,47,37,86,24,28,52,138
06/04/2014,VCV,CA,AWP,WE,Federal Contract Tower,0,0,8,0,8,0,2,13,4,19,0,2,21,4,27,6,0,6,33
06/05/2014,VCV,CA,AWP,WE,Federal Contract Tower,5,3,8,2,18,0,1,14,5,20,5,4,22,7,38,6,8,14,52
06/06/2014,VCV,CA,AWP,WE,Federal Contract Tower,11,5,2,0,18,0,2,2,0,4,11,7,4,0,22,0,0,0,22
06/07/2014,VCV,CA,AWP,WE,Federal Contract Tower,14,0,3,0,17,0,2,6,0,8,14,2,9,0,25,0,0,0,25
06/08/2014,VCV,CA,AWP,WE,Federal Contract Tower,10,0,11,4,25,0,4,7,0,11,10,4,18,4,36,0,0,0,36
06/09/2014,VCV,CA,AWP,WE,Federal Contract Tower,11,0,8,1,20,0,2,22,0,24,11,2,30,1,44,0,0,0,44
06/10/2014,VCV,CA,AWP,WE,Federal Contract Tower,4,0,21,1,26,0,1,35,4,40,4,1,56,5,66,14,0,14,80
06/11/2014,VCV,CA,AWP,WE,Federal Contract Tower,2,0,14,2,18,0,0,11,0,11,2,0,25,2,29,0,0,0,29
06/12/2014,VCV,CA,AWP,WE,Federal Contract Tower,6,2,11,0,19,0,0,17,2,19,6,2,28,2,38,8,0,8,46
06/13/2014,VCV,CA,AWP,WE,Federal Contract Tower,1,0,5,0,6,0,0,3,0,3,1,0,8,0,9,19,0,19,28
06/14/2014,VCV,CA,AWP,WE,Federal Contract Tower,1,0,6,0,7,0,1,11,0,12,1,1,17,0,19,0,0,0,19
06/15/2014,VCV,CA,AWP,WE,Federal Contract Tower,0,0,6,0,6,0,2,10,4,16,0,2,16,4,22,0,0,0,22
06/16/2014,VCV,CA,AWP,WE,Federal Contract Tower,3,0,0,3,6,0,0,3,2,5,3,0,3,5,11,0,0,0,11
06/17/2014,VCV,CA,AWP,WE,Federal Contract Tower,0,0,3,3,6,0,0,12,2,14,0,0,15,5,20,6,6,12,32
06/18/2014,VCV,CA,AWP,WE,Federal Contract Tower,0,0,4,1,5,0,0,15,2,17,0,0,19,3,22,8,0,8,30
06/19/2014,VCV,CA,AWP,WE,Federal Contract Tower,1,1,3,1,6,0,0,5,2,7,1,1,8,3,13,0,0,0,13
06/20/2014,VCV,CA,AWP,WE,Federal Contract Tower,0,0,8,4,12,0,1,17,0,18,0,1,25,4,30,0,0,0,30
06/21/2014,VCV,CA,AWP,WE,Federal Contract Tower,0,0,8,0,8,0,0,14,0,14,0,0,22,0,22,2,0,2,24
06/22/2014,VCV,CA,AWP,WE,Federal Contract Tower,0,0,3,0,3,0,0,18,2,20,0,0,21,2,23,2,0,2,25
06/23/2014,VCV,CA,AWP,WE,Federal Contract Tower,2,0,6,4,12,0,0,17,3,20,2,0,23,7,32,10,0,10,42
06/24/2014,VCV,CA,AWP,WE,Federal Contract Tower,1,1,0,4,6,0,2,11,0,13,1,3,11,4,19,0,6,6,25
06/25/2014,VCV,CA,AWP,WE,Federal Contract Tower,3,0,10,5,18,0,3,36,2,41,3,3,46,7,59,22,8,30,89
06/26/2014,VCV,CA,AWP,WE,Federal Contract Tower,0,0,10,0,10,0,1,19,0,20,0,1,29,0,30,0,0,0,30
06/27/2014,VCV,CA,AWP,WE,Federal Contract Tower,1,0,7,0,8,0,3,17,2,22,1,3,24,2,30,0,2,2,32
06/28/2014,VCV,CA,AWP,WE,Federal Contract Tower,1,0,7,0,8,0,0,17,0,17,1,0,24,0,25,0,0,0,25
06/29/2014,VCV,CA,AWP,WE,Federal Contract Tower,5,0,3,0,8,0,2,16,0,18,5,2,19,0,26,4,0,4,30
06/30/2014,VCV,CA,AWP,WE,Federal Contract Tower,5,2,9,0,16,0,0,14,0,14,5,2,23,0,30,0,0,0,30
07/01/2014,VCV,CA,AWP,WE,Federal Contract Tower,1,0,6,0,7,0,0,18,0,18,1,0,24,0,25,0,0,0,25
07/02/2014,VCV,CA,AWP,WE,Federal Contract Tower,3,1,13,1,18,0,1,27,2,30,3,2,40,3,48,14,0,14,62
07/03/2014,VCV,CA,AWP,WE,Federal Contract Tower,2,0,14,6,22,0,1,21,15,37,2,1,35,21,59,0,12,12,71
07/04/2014,VCV,CA,AWP,WE,Federal Contract Tower,0,0,4,0,4,0,0,12,0,12,0,0,16,0,16,2,0,2,18
07/05/2014,VCV,CA,AWP,WE,Federal Contract Tower,0,0,8,0,8,0,1,4,0,5,0,1,12,0,13,10,0,10,23
07/06/2014,VCV,CA,AWP,WE,Federal Contract Tower,0,0,7,0,7,0,4,10,0,14,0,4,17,0,21,12,0,12,33
07/07/2014,VCV,CA,AWP,WE,Federal Contract Tower,2,0,4,0,6,0,0,7,0,7,2,0,11,0,13,0,0,0,13
07/08/2014,VCV,CA,AWP,WE,Federal Contract Tower,0,0,6,2,8,0,0,12,4,16,0,0,18,6,24,0,0,0,24
07/09/2014,VCV,CA,AWP,WE,Federal Contract Tower,1,0,1,2,4,0,1,7,12,20,1,1,8,14,24,0,0,0,24
07/10/2014,VCV,CA,AWP,WE,Federal Contract Tower,0,0,3,2,5,0,0,12,0,12,0,0,15,2,17,18,0,18,35
07/11/2014,VCV,CA,AWP,WE,Federal Contract Tower,2,0,0,0,2,0,0,7,0,7,2,0,7,0,9,0,0,0,9
07/12/2014,VCV,CA,AWP,WE,Federal Contract Tower,0,0,4,0,4,0,2,4,0,6,0,2,8,0,10,0,0,0,10
07/13/2014,VCV,CA,AWP,WE,Federal Contract Tower,0,0,6,0,6,0,0,6,0,6,0,0,12,0,12,4,0,4,16
07/14/2014,VCV,CA,AWP,WE,Federal Contract Tower,0,0,2,0,2,0,0,8,0,8,0,0,10,0,10,0,0,0,10
07/15/2014,VCV,CA,AWP,WE,Federal Contract Tower,0,0,7,5,12,0,0,14,9,23,0,0,21,14,35,4,14,18,53
07/16/2014,VCV,CA,AWP,WE,Federal Contract Tower,0,0,9,1,10,0,2,28,1,31,0,2,37,2,41,18,0,18,59
07/17/2014,VCV,CA,AWP,WE,Federal Contract Tower,1,0,2,1,4,0,1,11,2,14,1,1,13,3,18,0,26,26,44
07/18/2014,VCV,CA,AWP,WE,Federal Contract Tower,2,0,22,0,24,0,0,18,4,22,2,0,40,4,46,20,0,20,66
07/19/2014,VCV,CA,AWP,WE,Federal Contract Tower,3,0,16,0,19,0,0,25,4,29,3,0,41,4,48,30,0,30,78
07/20/2014,VCV,CA,AWP,WE,Federal Contract Tower,2,0,0,0,2,0,0,16,0,16,2,0,16,0,18,20,0,20,38
07/21/2014,VCV,CA,AWP,WE,Federal Contract Tower,0,0,20,0,20,0,4,18,0,22,0,4,38,0,42,36,0,36,78
07/22/2014,VCV,CA,AWP,WE,Federal Contract Tower,3,0,8,0,11,0,0,16,6,22,3,0,24,6,33,0,0,0,33
07/23/2014,VCV,CA,AWP,WE,Federal Contract Tower,1,0,12,3,16,0,1,28,4,33,1,1,40,7,49,8,0,8,57
07/24/2014,VCV,CA,AWP,WE,Federal Contract Tower,0,0,14,0,14,0,0,18,2,20,0,0,32,2,34,8,10,18,52
07/25/2014,VCV,CA,AWP,WE,Federal Contract Tower,2,0,13,6,21,0,0,24,8,32,2,0,37,14,53,4,18,22,75
07/26/2014,VCV,CA,AWP,WE,Federal Contract Tower,2,0,18,3,23,0,2,20,1,23,2,2,38,4,46,10,6,16,62
07/27/2014,VCV,CA,AWP,WE,Federal Contract Tower,2,0,1,0,3,0,0,0,0,0,2,0,1,0,3,0,0,0,3
07/28/2014,VCV,CA,AWP,WE,Federal Contract Tower,6,0,2,3,11,0,2,9,0,11,6,2,11,3,22,6,0,6,28
07/29/2014,VCV,CA,AWP,WE,Federal Contract Tower,8,0,22,2,32,0,4,17,2,23,8,4,39,4,55,0,0,0,55
07/30/2014,VCV,CA,AWP,WE,Federal Contract Tower,0,0,4,1,5,0,1,19,14,34,0,1,23,15,39,18,60,78,117
07/31/2014,VCV,CA,AWP,WE,Federal Contract Tower,2,0,2,2,6,0,1,11,4,16,2,1,13,6,22,0,40,40,62
08/01/2014,VCV,CA,AWP,WE,Federal Contract Tower,9,0,2,1,12,0,0,12,18,30,9,0,14,19,42,12,14,26,68
08/02/2014,VCV,CA,AWP,WE,Federal Contract Tower,9,1,3,0,13,0,3,5,2,10,9,4,8,2,23,0,34,34,57
08/03/2014,VCV,CA,AWP,WE,Federal Contract Tower,2,0,7,0,9,0,4,10,0,14,2,4,17,0,23,12,0,12,35
08/04/2014,VCV,CA,AWP,WE,Federal Contract Tower,2,0,4,0,6,0,0,17,5,22,2,0,21,5,28,12,0,12,40
08/05/2014,VCV,CA,AWP,WE,Federal Contract Tower,1,0,18,8,27,0,1,29,10,40,1,1,47,18,67,0,13,13,80
08/06/2014,VCV,CA,AWP,WE,Federal Contract Tower,3,0,13,6,22,0,2,22,8,32,3,2,35,14,54,0,0,0,54
08/07/2014,VCV,CA,AWP,WE,Federal Contract Tower,1,0,9,4,14,0,1,19,13,33,1,1,28,17,47,6,75,81,128
08/08/2014,VCV,CA,AWP,WE,Federal Contract Tower,0,0,6,3,9,0,0,10,1,11,0,0,16,4,20,0,6,6,26
08/09/2014,VCV,CA,AWP,WE,Federal Contract Tower,4,0,8,0,12,0,4,10,0,14,4,4,18,0,26,12,0,12,38
08/10/2014,VCV,CA,AWP,WE,Federal Contract Tower,0,0,1,1,2,0,2,6,0,8,0,2,7,1,10,0,0,0,10
08/11/2014,VCV,CA,AWP,WE,Federal Contract Tower,0,0,3,2,5,0,2,4,6,12,0,2,7,8,17,0,0,0,17
08/12/2014,VCV,CA,AWP,WE,Federal Contract Tower,0,0,6,0,6,0,0,12,0,12,0,0,18,0,18,4,0,4,22
08/13/2014,VCV,CA,AWP,WE,Federal Contract Tower,1,1,6,2,10,0,1,22,8,31,1,2,28,10,41,36,92,128,169
08/14/2014,VCV,CA,AWP,WE,Federal Contract Tower,2,0,11,3,16,0,3,7,4,14,2,3,18,7,30,0,50,50,80
08/15/2014,VCV,CA,AWP,WE,Federal Contract Tower,1,0,21,7,29,0,0,25,4,29,1,0,46,11,58,0,80,80,138
08/16/2014,VCV,CA,AWP,WE,Federal Contract Tower,2,0,3,0,5,0,3,18,2,23,2,3,21,2,28,28,0,28,56
08/17/2014,VCV,CA,AWP,WE,Federal Contract Tower,0,0,0,1,1,0,0,5,2,7,0,0,5,3,8,4,0,4,12
08/18/2014,VCV,CA,AWP,WE,Federal Contract Tower,1,0,2,2,5,0,0,6,4,10,1,0,8,6,15,0,0,0,15
08/19/2014,VCV,CA,AWP,WE,Federal Contract Tower,0,0,2,8,10,0,0,16,9,25,0,0,18,17,35,24,10,34,69
08/20/2014,VCV,CA,AWP,WE,Federal Contract Tower,2,0,10,1,13,0,0,19,4,23,2,0,29,5,36,24,52,76,112
08/21/2014,VCV,CA,AWP,WE,Federal Contract Tower,1,0,9,2,12,0,3,23,5,31,1,3,32,7,43,18,80,98,141
08/22/2014,VCV,CA,AWP,WE,Federal Contract Tower,4,0,17,2,23,0,0,27,4,31,4,0,44,6,54,12,0,12,66
08/23/2014,VCV,CA,AWP,WE,Federal Contract Tower,5,0,2,0,7,0,2,5,11,18,5,2,7,11,25,0,30,30,55
08/24/2014,VCV,CA,AWP,WE,Federal Contract Tower,5,0,6,0,11,0,0,11,3,14,5,0,17,3,25,0,94,94,119
08/25/2014,VCV,CA,AWP,WE,Federal Contract Tower,0,0,12,3,15,0,0,35,8,43,0,0,47,11,58,60,0,60,118
08/26/2014,VCV,CA,AWP,WE,Federal Contract Tower,14,2,7,4,27,0,3,17,13,33,14,5,24,17,60,0,41,41,101
08/27/2014,VCV,CA,AWP,WE,Federal Contract Tower,2,2,19,4,27,0,0,33,14,47,2,2,52,18,74,4,40,44,118
08/28/2014,VCV,CA,AWP,WE,Federal Contract Tower,6,0,14,1,21,0,3,32,1,36,6,3,46,2,57,24,8,32,89
08/29/2014,VCV,CA,AWP,WE,Federal Contract Tower,6,0,22,3,31,0,6,19,0,25,6,6,41,3,56,8,4,12,68
08/30/2014,VCV,CA,AWP,WE,Federal Contract Tower,16,0,15,0,31,0,4,7,0,11,16,4,22,0,42,42,0,42,84
08/31/2014,VCV,CA,AWP,WE,Federal Contract Tower,10,0,9,0,19,0,7,15,0,22,10,7,24,0,41,22,0,22,63
09/01/2014,VCV,CA,AWP,WE,Federal Contract Tower,0,0,7,0,7,0,4,8,2,14,0,4,15,2,21,4,0,4,25
09/02/2014,VCV,CA,AWP,WE,Federal Contract Tower,0,1,10,6,17,0,3,28,5,36,0,4,38,11,53,6,0,6,59
09/03/2014,VCV,CA,AWP,WE,Federal Contract Tower,0,0,16,0,16,0,0,29,14,43,0,0,45,14,59,14,6,20,79
09/04/2014,VCV,CA,AWP,WE,Federal Contract Tower,0,0,1,0,1,0,2,13,4,19,0,2,14,4,20,10,12,22,42
09/05/2014,VCV,CA,AWP,WE,Federal Contract Tower,5,0,0,2,7,0,0,9,5,14,5,0,9,7,21,10,15,25,46
09/06/2014,VCV,CA,AWP,WE,Federal Contract Tower,0,0,3,0,3,0,1,3,0,4,0,1,6,0,7,8,0,8,15
09/07/2014,VCV,CA,AWP,WE,Federal Contract Tower,0,0,0,0,0,0,2,15,0,17,0,2,15,0,17,18,0,18,35
09/08/2014,VCV,CA,AWP,WE,Federal Contract Tower,1,0,3,0,4,0,0,4,0,4,1,0,7,0,8,0,0,0,8
09/09/2014,VCV,CA,AWP,WE,Federal Contract Tower,3,2,10,2,17,0,0,19,17,36,3,2,29,19,53,6,20,26,79
09/10/2014,VCV,CA,AWP,WE,Federal Contract Tower,1,1,6,1,9,0,4,30,6,40,1,5,36,7,49,30,24,54,103
09/11/2014,VCV,CA,AWP,WE,Federal Contract Tower,0,0,9,0,9,0,4,20,0,24,0,4,29,0,33,24,0,24,57
09/12/2014,VCV,CA,AWP,WE,Federal Contract Tower,2,0,2,0,4,0,3,20,4,27,2,3,22,4,31,3,34,37,68
09/13/2014,VCV,CA,AWP,WE,Federal Contract Tower,2,0,15,1,18,0,4,13,2,19,2,4,28,3,37,20,0,20,57
09/14/2014,VCV,CA,AWP,WE,Federal Contract Tower,1,0,0,0,1,0,4,16,0,20,1,4,16,0,21,14,0,14,35
09/15/2014,VCV,CA,AWP,WE,Federal Contract Tower,0,0,2,2,4,0,0,7,0,7,0,0,9,2,11,0,0,0,11
09/16/2014,VCV,CA,AWP,WE,Federal Contract Tower,2,0,7,2,11,0,0,14,6,20,2,0,21,8,31,14,14,28,59
09/17/2014,VCV,CA,AWP,WE,Federal Contract Tower,0,0,6,3,9,0,4,22,4,30,0,4,28,7,39,28,28,56,95
09/18/2014,VCV,CA,AWP,WE,Federal Contract Tower,3,0,0,0,3,0,0,12,8,20,3,0,12,8,23,8,6,14,37
09/19/2014,VCV,CA,AWP,WE,Federal Contract Tower,3,0,16,3,22,0,0,27,15,42,3,0,43,18,64,12,12,24,88
09/20/2014,VCV,CA,AWP,WE,Federal Contract Tower,2,0,10,0,12,0,1,11,0,12,2,1,21,0,24,6,0,6,30
09/21/2014,VCV,CA,AWP,WE,Federal Contract Tower,0,0,3,0,3,0,0,6,0,6,0,0,9,0,9,2,0,2,11
09/22/2014,VCV,CA,AWP,WE,Federal Contract Tower,0,0,8,0,8,0,2,11,2,15,0,2,19,2,23,0,0,0,23
09/23/2014,VCV,CA,AWP,WE,Federal Contract Tower,3,0,4,5,12,0,0,17,8,25,3,0,21,13,37,20,19,39,76
09/24/2014,VCV,CA,AWP,WE,Federal Contract Tower,0,0,10,4,14,0,3,24,8,35,0,3,34,12,49,10,30,40,89
09/25/2014,VCV,CA,AWP,WE,Federal Contract Tower,1,0,6,4,11,0,0,13,8,21,1,0,19,12,32,6,0,6,38
09/26/2014,VCV,CA,AWP,WE,Federal Contract Tower,2,0,24,2,28,0,0,28,2,30,2,0,52,4,58,4,0,4,62
09/27/2014,VCV,CA,AWP,WE,Federal Contract Tower,2,0,15,3,20,0,1,21,1,23,2,1,36,4,43,5,4,9,52
09/28/2014,VCV,CA,AWP,WE,Federal Contract Tower,0,0,8,0,8,0,4,19,0,23,0,4,27,0,31,0,0,0,31
09/29/2014,VCV,CA,AWP,WE,Federal Contract Tower,4,0,13,1,18,0,1,10,3,14,4,1,23,4,32,0,5,5,37
09/30/2014,VCV,CA,AWP,WE,Federal Contract Tower,2,2,7,5,16,0,0,8,9,17,2,2,15,14,33,0,20,20,53
10/01/2014,VCV,CA,AWP,WE,Federal Contract Tower,0,0,3,3,6,0,3,18,7,28,0,3,21,10,34,8,16,24,58
10/02/2014,VCV,CA,AWP,WE,Federal Contract Tower,3,0,17,1,21,0,0,27,2,29,3,0,44,3,50,24,0,24,74
10/03/2014,VCV,CA,AWP,WE,Federal Contract Tower,5,0,7,1,13,0,4,17,3,24,5,4,24,4,37,6,10,16,53
10/04/2014,VCV,CA,AWP,WE,Federal Contract Tower,1,0,0,0,1,0,0,5,2,7,1,0,5,2,8,0,14,14,22
10/05/2014,VCV,CA,AWP,WE,Federal Contract Tower,0,0,10,0,10,0,0,35,2,37,0,0,45,2,47,0,0,0,47
10/06/2014,VCV,CA,AWP,WE,Federal Contract Tower,5,0,9,9,23,0,2,15,18,35,5,2,24,27,58,23,0,23,81
10/07/2014,VCV,CA,AWP,WE,Federal Contract Tower,1,0,9,6,16,0,2,21,15,38,1,2,30,21,54,4,2,6,60
10/08/2014,VCV,CA,AWP,WE,Federal Contract Tower,0,2,14,4,20,0,5,25,10,40,0,7,39,14,60,10,24,34,94
10/09/2014,VCV,CA,AWP,WE,Federal Contract Tower,2,0,16,5,23,0,1,28,19,48,2,1,44,24,71,46,24,70,141
10/10/2014,VCV,CA,AWP,WE,Federal Contract Tower,3,0,6,2,11,0,4,14,0,18,3,4,20,2,29,32,0,32,61
10/11/2014,VCV,CA,AWP,WE,Federal Contract Tower,2,0,7,0,9,0,2,14,0,16,2,2,21,0,25,6,0,6,31
10/12/2014,VCV,CA,AWP,WE,Federal Contract Tower,0,0,8,2,10,0,2,18,0,20,0,2,26,2,30,0,0,0,30
10/13/2014,VCV,CA,AWP,WE,Federal Contract Tower,2,0,9,0,11,0,2,24,0,26,2,2,33,0,37,0,0,0,37
10/14/2014,VCV,CA,AWP,WE,Federal Contract Tower,1,0,4,4,9,0,4,13,4,21,1,4,17,8,30,0,0,0,30
10/15/2014,VCV,CA,AWP,WE,Federal Contract Tower,3,0,7,2,12,0,4,20,8,32,3,4,27,10,44,32,18,50,94
10/16/2014,VCV,CA,AWP,WE,Federal Contract Tower,3,2,5,1,11,0,0,26,4,30,3,2,31,5,41,24,18,42,83
10/17/2014,VCV,CA,AWP,WE,Federal Contract Tower,3,0,11,0,14,1,2,19,3,25,4,2,30,3,39,14,12,26,65
10/18/2014,VCV,CA,AWP,WE,Federal Contract Tower,2,0,8,0,10,0,4,11,0,15,2,4,19,0,25,20,0,20,45
10/19/2014,VCV,CA,AWP,WE,Federal Contract Tower,0,0,6,0,6,0,2,12,2,16,0,2,18,2,22,0,0,0,22
10/20/2014,VCV,CA,AWP,WE,Federal Contract Tower,0,0,3,0,3,0,2,22,4,28,0,2,25,4,31,0,0,0,31
10/21/2014,VCV,CA,AWP,WE,Federal Contract Tower,1,0,6,6,13,0,0,16,6,22,1,0,22,12,35,0,6,6,41
10/22/2014,VCV,CA,AWP,WE,Federal Contract Tower,1,0,5,7,13,0,3,29,10,42,1,3,34,17,55,36,16,52,107
10/23/2014,VCV,CA,AWP,WE,Federal Contract Tower,4,0,5,6,15,0,2,30,5,37,4,2,35,11,52,6,21,27,79
10/24/2014,VCV,CA,AWP,WE,Federal Contract Tower,9,0,7,4,20,0,2,23,15,40,9,2,30,19,60,10,4,14,74
10/25/2014,VCV,CA,AWP,WE,Federal Contract Tower,3,0,6,1,10,0,7,17,0,24,3,7,23,1,34,2,0,2,36
10/26/2014,VCV,CA,AWP,WE,Federal Contract Tower,0,0,12,0,12,0,4,9,4,17,0,4,21,4,29,5,0,5,34
10/27/2014,VCV,CA,AWP,WE,Federal Contract Tower,5,0,7,5,17,0,2,15,12,29,5,2,22,17,46,0,0,0,46
10/28/2014,VCV,CA,AWP,WE,Federal Contract Tower,0,0,16,5,21,0,0,50,10,60,0,0,66,15,81,20,10,30,111
10/29/2014,VCV,CA,AWP,WE,Federal Contract Tower,2,0,8,2,12,0,2,24,6,32,2,2,32,8,44,34,16,50,94
10/30/2014,VCV,CA,AWP,WE,Federal Contract Tower,5,2,10,0,17,0,5,20,2,27,5,7,30,2,44,10,18,28,72
10/31/2014,VCV,CA,AWP,WE,Federal Contract Tower,5,0,14,0,19,0,5,33,0,38,5,5,47,0,57,50,0,50,107
11/01/2014,VCV,CA,AWP,WE,Federal Contract Tower,1,0,14,0,15,0,2,0,0,2,1,2,14,0,17,0,0,0,17
11/02/2014,VCV,CA,AWP,WE,Federal Contract Tower,0,0,4,0,4,0,3,23,3,29,0,3,27,3,33,0,24,24,57
11/03/2014,VCV,CA,AWP,WE,Federal Contract Tower,1,0,5,6,12,0,2,12,14,28,1,2,17,20,40,0,0,0,40
11/04/2014,VCV,CA,AWP,WE,Federal Contract Tower,7,0,19,1,27,0,2,17,4,23,7,2,36,5,50,68,0,68,118
11/05/2014,VCV,CA,AWP,WE,Federal Contract Tower,3,0,12,0,15,0,0,19,8,27,3,0,31,8,42,14,10,24,66
11/06/2014,VCV,CA,AWP,WE,Federal Contract Tower,4,2,7,2,15,0,4,28,14,46,4,6,35,16,61,24,46,70,131
11/07/2014,VCV,CA,AWP,WE,Federal Contract Tower,3,0,9,0,12,0,2,13,1,16,3,2,22,1,28,6,6,12,40
11/08/2014,VCV,CA,AWP,WE,Federal Contract Tower,3,0,16,0,19,0,4,28,0,32,3,4,44,0,51,44,0,44,95
11/09/2014,VCV,CA,AWP,WE,Federal Contract Tower,0,0,5,0,5,0,2,27,0,29,0,2,32,0,34,0,0,0,34
11/10/2014,VCV,CA,AWP,WE,Federal Contract Tower,5,0,10,1,16,0,0,16,6,22,5,0,26,7,38,0,0,0,38
11/11/2014,VCV,CA,AWP,WE,Federal Contract Tower,1,0,4,4,9,0,2,11,7,20,1,2,15,11,29,14,0,14,43
11/12/2014,VCV,CA,AWP,WE,Federal Contract Tower,1,0,19,9,29,0,3,46,18,67,1,3,65,27,96,34,20,54,150
11/13/2014,VCV,CA,AWP,WE,Federal Contract Tower,5,0,10,4,19,1,0,11,0,12,6,0,21,4,31,4,5,9,40
11/14/2014,VCV,CA,AWP,WE,Federal Contract Tower,6,0,6,2,14,0,4,11,19,34,6,4,17,21,48,6,34,40,88
11/15/2014,VCV,CA,AWP,WE,Federal Contract Tower,6,0,2,0,8,0,6,16,17,39,6,6,18,17,47,4,44,48,95
11/16/2014,VCV,CA,AWP,WE,Federal Contract Tower,3,0,6,1,10,0,2,15,24,41,3,2,21,25,51,0,14,14,65
11/17/2014,VCV,CA,AWP,WE,Federal Contract Tower,4,0,11,4,19,0,2,29,13,44,4,2,40,17,63,38,14,52,115
11/18/2014,VCV,CA,AWP,WE,Federal Contract Tower,2,0,7,0,9,0,3,20,11,34,2,3,27,11,43,8,8,16,59
11/19/2014,VCV,CA,AWP,WE,Federal Contract Tower,0,0,3,9,12,0,3,16,20,39,0,3,19,29,51,10,28,38,89
11/20/2014,VCV,CA,AWP,WE,Federal Contract Tower,2,0,4,7,13,0,0,11,24,35,2,0,15,31,48,10,14,24,72
11/21/2014,VCV,CA,AWP,WE,Federal Contract Tower,2,0,4,0,6,0,3,21,10,34,2,3,25,10,40,24,44,68,108
11/22/2014,VCV,CA,AWP,WE,Federal Contract Tower,2,0,6,0,8,0,2,4,0,6,2,2,10,0,14,6,0,6,20
11/23/2014,VCV,CA,AWP,WE,Federal Contract Tower,1,0,16,0,17,0,2,9,0,11,1,2,25,0,28,26,0,26,54
11/24/2014,VCV,CA,AWP,WE,Federal Contract Tower,2,0,3,0,5,0,2,10,4,16,2,2,13,4,21,14,12,26,47
11/25/2014,VCV,CA,AWP,WE,Federal Contract Tower,2,0,12,2,16,0,5,22,12,39,2,5,34,14,55,16,6,22,77
11/26/2014,VCV,CA,AWP,WE,Federal Contract Tower,3,0,13,1,17,0,2,30,4,36,3,2,43,5,53,22,20,42,95
11/27/2014,VCV,CA,AWP,WE,Federal Contract Tower,1,0,0,0,1,0,5,14,0,19,1,5,14,0,20,24,0,24,44
11/28/2014,VCV,CA,AWP,WE,Federal Contract Tower,1,0,2,0,3,0,4,11,0,15,1,4,13,0,18,0,0,0,18
11/29/2014,VCV,CA,AWP,WE,Federal Contract Tower,2,0,16,0,18,0,3,25,0,28,2,3,41,0,46,6,0,6,52
11/30/2014,VCV,CA,AWP,WE,Federal Contract Tower,2,0,4,0,6,0,0,6,0,6,2,0,10,0,12,0,0,0,12
12/01/2014,VCV,CA,AWP,WE,Federal Contract Tower,0,0,2,2,4,4,3,14,4,25,4,3,16,6,29,0,0,0,29
12/02/2014,VCV,CA,AWP,WE,Federal Contract Tower,1,0,2,7,10,0,0,1,2,3,1,0,3,9,13,0,0,0,13
12/03/2014,VCV,CA,AWP,WE,Federal Contract Tower,2,0,1,1,4,0,0,0,0,0,2,0,1,1,4,0,0,0,4
12/04/2014,VCV,CA,AWP,WE,Federal Contract Tower,7,0,19,1,27,0,2,17,4,23,7,2,36,5,50,68,0,68,118
12/05/2014,VCV,CA,AWP,WE,Federal Contract Tower,3,0,13,0,16,0,3,27,4,34,3,3,40,4,50,36,10,46,96
12/06/2014,VCV,CA,AWP,WE,Federal Contract Tower,2,0,10,3,15,0,2,12,8,22,2,2,22,11,37,0,29,29,66
12/07/2014,VCV,CA,AWP,WE,Federal Contract Tower,1,0,2,0,3,0,0,20,3,23,1,0,22,3,26,38,14,52,78
12/08/2014,VCV,CA,AWP,WE,Federal Contract Tower,12,1,11,5,29,0,2,25,7,34,12,3,36,12,63,14,0,14,77
12/09/2014,VCV,CA,AWP,WE,Federal Contract Tower,1,4,9,7,21,0,0,21,16,37,1,4,30,23,58,7,2,9,67
12/10/2014,VCV,CA,AWP,WE,Federal Contract Tower,0,0,6,6,12,0,3,23,15,41,0,3,29,21,53,4,2,6,59
12/11/2014,VCV,CA,AWP,WE,Federal Contract Tower,6,0,13,10,29,0,1,27,12,40,6,1,40,22,69,10,26,36,105
12/12/2014,VCV,CA,AWP,WE,Federal Contract Tower,5,0,5,0,10,0,0,0,0,0,5,0,5,0,10,0,0,0,10
12/13/2014,VCV,CA,AWP,WE,Federal Contract Tower,1,0,0,1,2,0,0,0,0,0,1,0,0,1,2,0,0,0,2
12/14/2014,VCV,CA,AWP,WE,Federal Contract Tower,0,0,12,2,14,0,0,9,0,9,0,0,21,2,23,26,0,26,49
12/15/2014,VCV,CA,AWP,WE,Federal Contract Tower,2,0,9,10,21,0,2,25,8,35,2,2,34,18,56,6,22,28,84
12/16/2014,VCV,CA,AWP,WE,Federal Contract Tower,3,0,9,13,25,0,0,9,10,19,3,0,18,23,44,8,22,30,74
12/17/2014,VCV,CA,AWP,WE,Federal Contract Tower,6,0,8,1,15,0,0,6,0,6,6,0,14,1,21,6,4,10,31
12/18/2014,VCV,CA,AWP,WE,Federal Contract Tower,3,0,5,1,9,0,2,18,4,24,3,2,23,5,33,22,6,28,61
12/19/2014,VCV,CA,AWP,WE,Federal Contract Tower,5,0,3,1,9,0,2,9,2,13,5,2,12,3,22,14,0,14,36
12/20/2014,VCV,CA,AWP,WE,Federal Contract Tower,1,0,0,0,1,0,2,10,0,12,1,2,10,0,13,0,0,0,13
12/21/2014,VCV,CA,AWP,WE,Federal Contract Tower,0,0,2,0,2,0,0,13,0,13,0,0,15,0,15,0,0,0,15
12/22/2014,VCV,CA,AWP,WE,Federal Contract Tower,0,0,4,0,4,0,0,15,1,16,0,0,19,1,20,0,10,10,30
12/23/2014,VCV,CA,AWP,WE,Federal Contract Tower,0,0,8,9,17,0,5,13,10,28,0,5,21,19,45,10,10,20,65
12/24/2014,VCV,CA,AWP,WE,Federal Contract Tower,0,0,1,1,2,0,4,1,2,7,0,4,2,3,9,0,0,0,9
12/25/2014,VCV,CA,AWP,WE,Federal Contract Tower,0,0,0,0,0,0,6,0,0,6,0,6,0,0,6,0,0,0,6
12/26/2014,VCV,CA,AWP,WE,Federal Contract Tower,1,0,9,0,10,0,4,4,0,8,1,4,13,0,18,26,0,26,44
12/27/2014,VCV,CA,AWP,WE,Federal Contract Tower,1,0,12,0,13,0,4,7,0,11,1,4,19,0,24,20,0,20,44
12/28/2014,VCV,CA,AWP,WE,Federal Contract Tower,0,0,2,0,2,0,0,4,0,4,0,0,6,0,6,0,0,0,6
12/29/2014,VCV,CA,AWP,WE,Federal Contract Tower,1,0,3,2,6,0,0,15,0,15,1,0,18,2,21,0,0,0,21
12/30/2014,VCV,CA,AWP,WE,Federal Contract Tower,0,0,11,2,13,1,2,25,8,36,1,2,36,10,49,10,0,10,59
12/31/2014,VCV,CA,AWP,WE,Federal Contract Tower,0,0,0,2,2,0,4,4,4,12,0,4,4,6,14,6,6,12,26
01/01/2015,VCV,CA,AWP,WE,Federal Contract Tower,0,1,4,0,5,0,2,9,0,11,0,3,13,0,16,8,0,8,24
01/02/2015,VCV,CA,AWP,WE,Federal Contract Tower,4,2,7,0,13,0,2,21,0,23,4,4,28,0,36,44,0,44,80
01/03/2015,VCV,CA,AWP,WE,Federal Contract Tower,3,0,10,0,13,0,3,12,0,15,3,3,22,0,28,30,0,30,58
01/04/2015,VCV,CA,AWP,WE,Federal Contract Tower,0,0,3,0,3,0,2,14,0,16,0,2,17,0,19,18,0,18,37
01/05/2015,VCV,CA,AWP,WE,Federal Contract Tower,5,0,10,5,20,0,0,17,1,18,5,0,27,6,38,0,28,28,66
01/06/2015,VCV,CA,AWP,WE,Federal Contract Tower,4,0,2,2,8,0,0,17,12,29,4,0,19,14,37,19,12,31,68
01/07/2015,VCV,CA,AWP,WE,Federal Contract Tower,13,0,13,4,30,0,4,34,10,48,13,4,47,14,78,12,28,40,118
01/08/2015,VCV,CA,AWP,WE,Federal Contract Tower,12,0,4,3,19,0,8,40,13,61,12,8,44,16,80,0,30,30,110
01/09/2015,VCV,CA,AWP,WE,Federal Contract Tower,9,0,46,3,58,0,9,80,7,96,9,9,126,10,154,44,20,64,218
01/10/2015,VCV,CA,AWP,WE,Federal Contract Tower,5,0,27,0,32,0,0,26,6,32,5,0,53,6,64,10,6,16,80
01/11/2015,VCV,CA,AWP,WE,Federal Contract Tower,2,0,20,0,22,0,0,42,0,42,2,0,62,0,64,0,0,0,64
01/12/2015,VCV,CA,AWP,WE,Federal Contract Tower,0,0,9,5,14,0,3,29,5,37,0,3,38,10,51,40,8,48,99
01/13/2015,VCV,CA,AWP,WE,Federal Contract Tower,0,2,9,0,11,0,0,29,5,34,0,2,38,5,45,7,7,14,59
01/14/2015,VCV,CA,AWP,WE,Federal Contract Tower,0,0,2,5,7,0,5,18,10,33,0,5,20,15,40,2,36,38,78
01/15/2015,VCV,CA,AWP,WE,Federal Contract Tower,3,0,9,2,14,0,5,25,14,44,3,5,34,16,58,24,34,58,116
01/16/2015,VCV,CA,AWP,WE,Federal Contract Tower,4,0,7,8,19,0,2,31,11,44,4,2,38,19,63,26,30,56,119
01/17/2015,VCV,CA,AWP,WE,Federal Contract Tower,2,0,50,0,52,0,4,30,0,34,2,4,80,0,86,66,0,66,152
01/18/2015,VCV,CA,AWP,WE,Federal Contract Tower,1,0,3,8,12,0,0,9,4,13,1,0,12,12,25,6,8,14,39
01/19/2015,VCV,CA,AWP,WE,Federal Contract Tower,0,0,6,0,6,0,5,38,4,47,0,5,44,4,53,56,0,56,109
01/20/2015,VCV,CA,AWP,WE,Federal Contract Tower,1,0,13,6,20,0,1,25,9,35,1,1,38,15,55,10,2,12,67
01/21/2015,VCV,CA,AWP,WE,Federal Contract Tower,1,0,7,2,10,0,4,28,7,39,1,4,35,9,49,14,12,26,75
01/22/2015,VCV,CA,AWP,WE,Federal Contract Tower,2,0,10,0,12,0,0,41,5,46,2,0,51,5,58,60,20,80,138
01/23/2015,VCV,CA,AWP,WE,Federal Contract Tower,3,0,15,3,21,0,6,20,2,28,3,6,35,5,49,34,20,54,103
01/24/2015,VCV,CA,AWP,WE,Federal Contract Tower,0,0,21,0,21,0,4,19,0,23,0,4,40,0,44,0,0,0,44
01/25/2015,VCV,CA,AWP,WE,Federal Contract Tower,2,0,35,0,37,0,4,41,0,45,2,4,76,0,82,26,0,26,108
01/26/2015,VCV,CA,AWP,WE,Federal Contract Tower,0,0,15,0,15,0,3,9,1,13,0,3,24,1,28,8,0,8,36
01/27/2015,VCV,CA,AWP,WE,Federal Contract Tower,1,0,4,8,13,0,2,18,7,27,1,2,22,15,40,0,0,0,40
01/28/2015,VCV,CA,AWP,WE,Federal Contract Tower,0,0,19,3,22,0,0,30,6,36,0,0,49,9,58,12,8,20,78
01/29/2015,VCV,CA,AWP,WE,Federal Contract Tower,2,2,9,7,20,0,1,32,4,37,2,3,41,11,57,12,8,20,77
01/30/2015,VCV,CA,AWP,WE,Federal Contract Tower,3,0,16,7,26,0,4,6,2,12,3,4,22,9,38,8,17,25,63
01/31/2015,VCV,CA,AWP,WE,Federal Contract Tower,4,0,18,1,23,0,2,55,2,59,4,2,73,3,82,78,14,92,174
02/01/2015,VCV,CA,AWP,WE,Federal Contract Tower,0,0,21,0,21,0,4,21,3,28,0,4,42,3,49,24,6,30,79
02/02/2015,VCV,CA,AWP,WE,Federal Contract Tower,3,0,5,4,12,0,0,26,5,31,3,0,31,9,43,0,32,32,75
02/03/2015,VCV,CA,AWP,WE,Federal Contract Tower,4,0,10,3,17,0,0,27,10,37,4,0,37,13,54,6,16,22,76
02/04/2015,VCV,CA,AWP,WE,Federal Contract Tower,2,0,4,8,14,0,2,13,20,35,2,2,17,28,49,34,68,102,151
02/05/2015,VCV,CA,AWP,WE,Federal Contract Tower,3,0,16,3,22,0,0,37,12,49,3,0,53,15,71,8,18,26,97
02/06/2015,VCV,CA,AWP,WE,Federal Contract Tower,3,0,21,4,28,0,4,40,6,50,3,4,61,10,78,34,6,40,118
02/07/2015,VCV,CA,AWP,WE,Federal Contract Tower,0,0,32,0,32,0,2,18,0,20,0,2,50,0,52,14,0,14,66
02/08/2015,VCV,CA,AWP,WE,Federal Contract Tower,0,0,6,0,6,0,3,8,3,14,0,3,14,3,20,6,14,20,40
02/09/2015,VCV,CA,AWP,WE,Federal Contract Tower,16,4,9,10,39,0,2,35,6,43,16,6,44,16,82,6,0,6,88
02/10/2015,VCV,CA,AWP,WE,Federal Contract Tower,1,0,11,1,13,0,2,24,2,28,1,2,35,3,41,8,8,16,57
02/11/2015,VCV,CA,AWP,WE,Federal Contract Tower,1,0,20,2,23,0,2,46,6,54,1,2,66,8,77,14,2,16,93
02/12/2015,VCV,CA,AWP,WE,Federal Contract Tower,17,0,18,5,40,0,5,32,10,47,17,5,50,15,87,6,34,40,127
02/13/2015,VCV,CA,AWP,WE,Federal Contract Tower,22,0,25,0,47,0,4,30,3,37,22,4,55,3,84,8,20,28,112
02/14/2015,VCV,CA,AWP,WE,Federal Contract Tower,14,0,5,0,19,0,4,17,0,21,14,4,22,0,40,14,0,14,54
02/15/2015,VCV,CA,AWP,WE,Federal Contract Tower,15,0,8,0,23,0,0,15,0,15,15,0,23,0,38,10,0,10,48
02/16/2015,VCV,CA,AWP,WE,Federal Contract Tower,2,0,1,1,4,0,2,7,2,11,2,2,8,3,15,6,0,6,21
02/17/2015,VCV,CA,AWP,WE,Federal Contract Tower,0,0,13,8,21,0,1,22,17,40,0,1,35,25,61,22,8,30,91
02/18/2015,VCV,CA,AWP,WE,Federal Contract Tower,3,0,27,1,31,0,5,25,3,33,3,5,52,4,64,22,8,30,94
02/19/2015,VCV,CA,AWP,WE,Federal Contract Tower,3,0,8,7,18,0,2,34,21,57,3,2,42,28,75,10,40,50,125
02/20/2015,VCV,CA,AWP,WE,Federal Contract Tower,2,0,34,2,38,0,3,23,2,28,2,3,57,4,66,26,6,32,98
02/21/2015,VCV,CA,AWP,WE,Federal Contract Tower,0,0,65,0,65,0,3,20,0,23,0,3,85,0,88,44,2,46,134
02/22/2015,VCV,CA,AWP,WE,Federal Contract Tower,0,0,5,0,5,0,4,6,0,10,0,4,11,0,15,0,0,0,15
02/23/2015,VCV,CA,AWP,WE,Federal Contract Tower,0,0,19,2,21,0,0,18,4,22,0,0,37,6,43,0,0,0,43
02/24/2015,VCV,CA,AWP,WE,Federal Contract Tower,0,0,15,4,19,0,0,56,14,70,0,0,71,18,89,19,9,28,117
02/25/2015,VCV,CA,AWP,WE,Federal Contract Tower,0,0,25,12,37,0,1,53,35,89,0,1,78,47,126,22,14,36,162
02/26/2015,VCV,CA,AWP,WE,Federal Contract Tower,0,0,26,5,31,0,0,2,0,2,0,0,28,5,33,16,36,52,85
02/27/2015,VCV,CA,AWP,WE,Federal Contract Tower,1,0,14,1,16,0,0,2,0,2,1,0,16,1,18,4,0,4,22
02/28/2015,VCV,CA,AWP,WE,Federal Contract Tower,4,2,29,0,35,0,3,46,0,49,4,5,75,0,84,102,0,102,186
03/01/2015,VCV,CA,AWP,WE,Federal Contract Tower,0,0,2,0,2,0,0,0,0,0,0,0,2,0,2,2,0,2,4
03/02/2015,VCV,CA,AWP,WE,Federal Contract Tower,3,0,3,4,10,0,0,14,0,14,3,0,17,4,24,34,4,38,62
03/03/2015,VCV,CA,AWP,WE,Federal Contract Tower,3,0,1,6,10,2,1,28,20,51,5,1,29,26,61,44,98,142,203
03/04/2015,VCV,CA,AWP,WE,Federal Contract Tower,0,0,23,1,24,0,1,41,2,44,0,1,64,3,68,0,0,0,68
03/05/2015,VCV,CA,AWP,WE,Federal Contract Tower,2,0,21,2,25,0,0,0,0,0,2,0,21,2,25,32,36,68,93
03/06/2015,VCV,CA,AWP,WE,Federal Contract Tower,6,1,12,6,25,0,1,45,13,59,6,2,57,19,84,30,18,48,132
03/07/2015,VCV,CA,AWP,WE,Federal Contract Tower,0,0,14,0,14,0,0,10,1,11,0,0,24,1,25,6,2,8,33
03/08/2015,VCV,CA,AWP,WE,Federal Contract Tower,4,0,7,0,11,0,2,42,3,47,4,2,49,3,58,20,20,40,98
03/09/2015,VCV,CA,AWP,WE,Federal Contract Tower,10,0,12,0,22,0,0,18,0,18,10,0,30,0,40,12,0,12,52
03/10/2015,VCV,CA,AWP,WE,Federal Contract Tower,29,0,6,1,36,0,1,30,8,39,29,1,36,9,75,8,20,28,103
03/11/2015,VCV,CA,AWP,WE,Federal Contract Tower,25,1,10,2,38,0,6,31,6,43,25,7,41,8,81,46,30,76,157
03/12/2015,VCV,CA,AWP,WE,Federal Contract Tower,25,0,20,5,50,0,0,0,0,0,25,0,20,5,50,18,16,34,84
03/13/2015,VCV,CA,AWP,WE,Federal Contract Tower,30,0,1,9,40,0,0,0,0,0,30,0,1,9,40,14,24,38,78
03/14/2015,VCV,CA,AWP,WE,Federal Contract Tower,11,0,5,0,16,0,0,0,0,0,11,0,5,0,16,18,0,18,34
03/15/2015,VCV,CA,AWP,WE,Federal Contract Tower,2,0,10,0,12,0,8,23,2,33,2,8,33,2,45,66,0,66,111
03/16/2015,VCV,CA,AWP,WE,Federal Contract Tower,2,0,22,2,26,0,1,32,11,44,2,1,54,13,70,70,6,76,146
03/17/2015,VCV,CA,AWP,WE,Federal Contract Tower,2,0,9,8,19,0,3,40,18,61,2,3,49,26,80,38,30,68,148
03/18/2015,VCV,CA,AWP,WE,Federal Contract Tower,5,0,9,3,17,0,4,25,7,36,5,4,34,10,53,30,26,56,109
03/19/2015,VCV,CA,AWP,WE,Federal Contract Tower,1,0,1,7,9,0,0,0,0,0,1,0,1,7,9,16,40,56,65
03/20/2015,VCV,CA,AWP,WE,Federal Contract Tower,2,0,9,0,11,0,0,2,0,2,2,0,11,0,13,48,44,92,105
03/21/2015,VCV,CA,AWP,WE,Federal Contract Tower,2,0,0,0,2,0,0,2,0,2,2,0,2,0,4,20,0,20,24
03/22/2015,VCV,CA,AWP,WE,Federal Contract Tower,0,0,3,0,3,0,1,10,4,15,0,1,13,4,18,16,0,16,34
03/23/2015,VCV,CA,AWP,WE,Federal Contract Tower,0,0,3,0,3,0,4,26,2,32,0,4,29,2,35,28,0,28,63
03/24/2015,VCV,CA,AWP,WE,Federal Contract Tower,0,0,2,3,5,0,0,11,4,15,0,0,13,7,20,8,0,8,28
03/25/2015,VCV,CA,AWP,WE,Federal Contract Tower,1,0,0,0,1,0,2,36,10,48,1,2,36,10,49,58,72,130,179
03/26/2015,VCV,CA,AWP,WE,Federal Contract Tower,2,0,13,8,23,0,0,0,0,0,2,0,13,8,23,6,6,12,35
03/27/2015,VCV,CA,AWP,WE,Federal Contract Tower,4,0,4,2,10,0,0,2,0,2,4,0,6,2,12,50,22,72,84
03/28/2015,VCV,CA,AWP,WE,Federal Contract Tower,4,0,9,0,13,0,6,31,6,43,4,6,40,6,56,42,0,42,98
03/29/2015,VCV,CA,AWP,WE,Federal Contract Tower,0,0,5,3,8,0,0,16,5,21,0,0,21,8,29,2,0,2,31
03/30/2015,VCV,CA,AWP,WE,Federal Contract Tower,2,0,23,0,25,0,3,40,0,43,2,3,63,0,68,32,0,32,100
03/31/2015,VCV,CA,AWP,WE,Federal Contract Tower,3,0,10,0,13,0,1,41,4,46,3,1,51,4,59,52,24,76,135
04/01/2015,VCV,CA,AWP,WE,Federal Contract Tower,0,0,9,3,12,0,0,26,8,34,0,0,35,11,46,20,22,42,88
04/02/2015,VCV,CA,AWP,WE,Federal Contract Tower,0,0,11,7,18,0,0,0,0,0,0,0,11,7,18,12,22,34,52
04/03/2015,VCV,CA,AWP,WE,Federal Contract Tower,4,0,16,4,24,0,6,40,8,54,4,6,56,12,78,6,38,44,122
04/04/2015,VCV,CA,AWP,WE,Federal Contract Tower,2,0,17,0,19,0,5,32,0,37,2,5,49,0,56,36,0,36,92
04/05/2015,VCV,CA,AWP,WE,Federal Contract Tower,1,0,0,0,1,0,4,19,0,23,1,4,19,0,24,26,0,26,50
04/06/2015,VCV,CA,AWP,WE,Federal Contract Tower,6,0,9,0,15,0,0,8,0,8,6,0,17,0,23,0,0,0,23
04/07/2015,VCV,CA,AWP,WE,Federal Contract Tower,7,0,11,1,19,0,0,34,3,37,7,0,45,4,56,4,0,4,60
04/08/2015,VCV,CA,AWP,WE,Federal Contract Tower,1,0,10,0,11,0,1,25,5,31,1,1,35,5,42,4,4,8,50
04/09/2015,VCV,CA,AWP,WE,Federal Contract Tower,18,0,4,3,25,0,0,18,9,27,18,0,22,12,52,18,14,32,84
04/10/2015,VCV,CA,AWP,WE,Federal Contract Tower,25,0,12,0,37,0,3,24,2,29,25,3,36,2,66,22,6,28,94
04/11/2015,VCV,CA,AWP,WE,Federal Contract Tower,16,0,16,0,32,1,1,18,2,22,17,1,34,2,54,26,20,46,100
04/12/2015,VCV,CA,AWP,WE,Federal Contract Tower,10,0,5,0,15,0,2,11,3,16,10,2,16,3,31,32,32,64,95
04/13/2015,VCV,CA,AWP,WE,Federal Contract Tower,0,0,4,0,4,0,2,8,17,27,0,2,12,17,31,16,0,16,47
04/14/2015,VCV,CA,AWP,WE,Federal Contract Tower,4,0,2,1,7,0,6,5,0,11,4,6,7,1,18,14,0,14,32
04/15/2015,VCV,CA,AWP,WE,Federal Contract Tower,2,0,9,2,13,0,7,34,7,48,2,7,43,9,61,38,18,56,117
04/16/2015,VCV,CA,AWP,WE,Federal Contract Tower,9,0,16,6,31,0,4,24,12,40,9,4,40,18,71,36,26,62,133
04/17/2015,VCV,CA,AWP,WE,Federal Contract Tower,13,0,25,0,38,0,5,36,5,46,13,5,61,5,84,16,40,56,140
04/18/2015,VCV,CA,AWP,WE,Federal Contract Tower,18,0,21,0,39,0,8,35,0,43,18,8,56,0,82,82,0,82,164
04/19/2015,VCV,CA,AWP,WE,Federal Contract Tower,8,0,16,0,24,0,4,23,8,35,8,4,39,8,59,8,0,8,67
04/20/2015,VCV,CA,AWP,WE,Federal Contract Tower,0,0,9,4,13,0,2,21,1,24,0,2,30,5,37,0,8,8,45
04/21/2015,VCV,CA,AWP,WE,Federal Contract Tower,0,0,3,2,5,0,0,4,0,4,0,0,7,2,9,0,0,0,9
04/22/2015,VCV,CA,AWP,WE,Federal Contract Tower,0,1,9,3,13,0,0,17,8,25,0,1,26,11,38,20,16,36,74
04/23/2015,VCV,CA,AWP,WE,Federal Contract Tower,2,0,5,3,10,0,2,18,4,24,2,2,23,7,34,24,46,70,104
04/24/2015,VCV,CA,AWP,WE,Federal Contract Tower,4,2,11,0,17,0,2,5,0,7,4,4,16,0,24,30,0,30,54
04/25/2015,VCV,CA,AWP,WE,Federal Contract Tower,0,0,8,0,8,0,0,0,0,0,0,0,8,0,8,0,0,0,8
04/26/2015,VCV,CA,AWP,WE,Federal Contract Tower,0,0,1,2,3,0,6,18,6,30,0,6,19,8,33,32,0,32,65
04/27/2015,VCV,CA,AWP,WE,Federal Contract Tower,0,0,3,1,4,0,2,23,6,31,0,2,26,7,35,24,18,42,77
04/28/2015,VCV,CA,AWP,WE,Federal Contract Tower,0,0,2,3,5,0,0,13,4,17,0,0,15,7,22,0,20,20,42
04/29/2015,VCV,CA,AWP,WE,Federal Contract Tower,0,0,7,5,12,0,0,13,15,28,0,0,20,20,40,30,34,64,104
04/30/2015,VCV,CA,AWP,WE,Federal Contract Tower,0,0,9,6,15,0,4,32,13,49,0,4,41,19,64,22,22,44,108
05/01/2015,VCV,CA,AWP,WE,Federal Contract Tower,2,0,9,1,12,0,3,32,6,41,2,3,41,7,53,26,14,40,93
05/02/2015,VCV,CA,AWP,WE,Federal Contract Tower,0,0,19,4,23,0,4,25,4,33,0,4,44,8,56,60,12,72,128
05/03/2015,VCV,CA,AWP,WE,Federal Contract Tower,0,0,15,0,15,0,2,15,2,19,0,2,30,2,34,48,10,58,92
05/04/2015,VCV,CA,AWP,WE,Federal Contract Tower,0,0,24,2,26,0,2,22,0,24,0,2,46,2,50,26,0,26,76
05/05/2015,VCV,CA,AWP,WE,Federal Contract Tower,0,0,3,2,5,0,0,6,5,11,0,0,9,7,16,0,8,8,24
05/06/2015,VCV,CA,AWP,WE,Federal Contract Tower,2,0,1,0,3,0,0,12,2,14,2,0,13,2,17,18,14,32,49
05/07/2015,VCV,CA,AWP,WE,Federal Contract Tower,0,0,8,2,10,0,3,2,4,9,0,3,10,6,19,2,0,2,21
05/08/2015,VCV,CA,AWP,WE,Federal Contract Tower,1,0,11,1,13,0,2,0,1,3,1,2,11,2,16,0,12,12,28
05/09/2015,VCV,CA,AWP,WE,Federal Contract Tower,6,0,19,2,27,0,2,38,1,41,6,2,57,3,68,64,16,80,148
05/10/2015,VCV,CA,AWP,WE,Federal Contract Tower,4,0,5,0,9,0,0,23,2,25,4,0,28,2,34,24,0,24,58
05/11/2015,VCV,CA,AWP,WE,Federal Contract Tower,1,0,13,2,16,0,5,12,4,21,1,5,25,6,37,10,0,10,47
05/12/2015,VCV,CA,AWP,WE,Federal Contract Tower,0,0,7,2,9,0,0,11,8,19,0,0,18,10,28,0,22,22,50
05/13/2015,VCV,CA,AWP,WE,Federal Contract Tower,6,0,10,5,21,0,0,18,12,30,6,0,28,17,51,2,20,22,73
05/14/2015,VCV,CA,AWP,WE,Federal Contract Tower,8,0,11,0,19,0,1,20,2,23,8,1,31,2,42,0,32,32,74
05/15/2015,VCV,CA,AWP,WE,Federal Contract Tower,15,0,7,0,22,0,2,21,15,38,15,2,28,15,60,44,26,70,130
05/16/2015,VCV,CA,AWP,WE,Federal Contract Tower,23,0,15,0,38,0,3,35,0,38,23,3,50,0,76,72,0,72,148
05/17/2015,VCV,CA,AWP,WE,Federal Contract Tower,10,0,2,0,12,0,1,19,3,23,10,1,21,3,35,92,0,92,127
05/18/2015,VCV,CA,AWP,WE,Federal Contract Tower,0,0,16,0,16,1,0,3,0,4,1,0,19,0,20,0,22,22,42
05/19/2015,VCV,CA,AWP,WE,Federal Contract Tower,7,0,13,8,28,0,0,26,11,37,7,0,39,19,65,16,18,34,99
05/20/2015,VCV,CA,AWP,WE,Federal Contract Tower,0,0,7,5,12,0,4,17,18,39,0,4,24,23,51,14,16,30,81
05/21/2015,VCV,CA,AWP,WE,Federal Contract Tower,0,0,9,0,9,0,2,17,4,23,0,2,26,4,32,14,14,28,60
05/22/2015,VCV,CA,AWP,WE,Federal Contract Tower,1,0,6,2,9,0,0,0,0,0,1,0,6,2,9,0,0,0,9
05/23/2015,VCV,CA,AWP,WE,Federal Contract Tower,3,0,10,0,13,2,5,10,0,17,5,5,20,0,30,22,0,22,52
05/24/2015,VCV,CA,AWP,WE,Federal Contract Tower,11,0,3,2,16,0,4,10,2,16,11,4,13,4,32,4,0,4,36
05/25/2015,VCV,CA,AWP,WE,Federal Contract Tower,2,0,2,1,5,0,2,11,4,17,2,2,13,5,22,8,0,8,30
05/26/2015,VCV,CA,AWP,WE,Federal Contract Tower,6,0,7,6,19,0,1,19,12,32,6,1,26,18,51,2,24,26,77
05/27/2015,VCV,CA,AWP,WE,Federal Contract Tower,0,0,7,4,11,0,1,22,6,29,0,1,29,10,40,2,6,8,48
05/28/2015,VCV,CA,AWP,WE,Federal Contract Tower,0,0,4,2,6,0,2,17,4,23,0,2,21,6,29,32,16,48,77
05/29/2015,VCV,CA,AWP,WE,Federal Contract Tower,4,0,17,3,24,0,4,16,12,32,4,4,33,15,56,54,18,72,128
05/30/2015,VCV,CA,AWP,WE,Federal Contract Tower,0,0,3,2,5,0,2,13,0,15,0,2,16,2,20,28,0,28,48
05/31/2015,VCV,CA,AWP,WE,Federal Contract Tower,0,0,3,0,3,0,2,24,0,26,0,2,27,0,29,42,0,42,71
06/01/2015,VCV,CA,AWP,WE,Federal Contract Tower,0,0,2,0,2,1,2,18,4,25,1,2,20,4,27,12,18,30,57
06/02/2015,VCV,CA,AWP,WE,Federal Contract Tower,0,0,7,2,9,0,1,14,2,17,0,1,21,4,26,12,12,24,50
06/03/2015,VCV,CA,AWP,WE,Federal Contract Tower,0,0,7,4,11,0,1,16,8,25,0,1,23,12,36,0,0,0,36
06/04/2015,VCV,CA,AWP,WE,Federal Contract Tower,0,0,5,8,13,0,1,3,18,22,0,1,8,26,35,0,22,22,57
06/05/2015,VCV,CA,AWP,WE,Federal Contract Tower,4,0,10,5,19,0,2,18,3,23,4,2,28,8,42,52,28,80,122
06/06/2015,VCV,CA,AWP,WE,Federal Contract Tower,2,0,12,1,15,0,3,32,2,37,2,3,44,3,52,36,0,36,88
06/07/2015,VCV,CA,AWP,WE,Federal Contract Tower,0,0,6,3,9,0,2,21,40,63,0,2,27,43,72,12,0,12,84
06/08/2015,VCV,CA,AWP,WE,Federal Contract Tower,0,0,16,0,16,0,4,24,8,36,0,4,40,8,52,16,20,36,88
06/09/2015,VCV,CA,AWP,WE,Federal Contract Tower,1,0,14,2,17,0,3,29,6,38,1,3,43,8,55,16,32,48,103
06/10/2015,VCV,CA,AWP,WE,Federal Contract Tower,1,0,5,0,6,2,6,24,0,32,3,6,29,0,38,28,0,28,66
06/11/2015,VCV,CA,AWP,WE,Federal Contract Tower,1,0,7,3,11,0,4,42,7,53,1,4,49,10,64,24,11,35,99
06/12/2015,VCV,CA,AWP,WE,Federal Contract Tower,2,0,11,3,16,0,2,24,2,28,2,2,35,5,44,40,0,40,84
06/13/2015,VCV,CA,AWP,WE,Federal Contract Tower,2,0,21,2,25,0,2,27,2,31,2,2,48,4,56,40,12,52,108
06/14/2015,VCV,CA,AWP,WE,Federal Contract Tower,0,0,1,1,2,0,0,20,8,28,0,0,21,9,30,16,14,30,60
06/15/2015,VCV,CA,AWP,WE,Federal Contract Tower,4,0,19,1,24,0,5,17,2,24,4,5,36,3,48,26,38,64,112
06/16/2015,VCV,CA,AWP,WE,Federal Contract Tower,1,0,6,2,9,0,2,21,4,27,1,2,27,6,36,12,36,48,84
06/17/2015,VCV,CA,AWP,WE,Federal Contract Tower,4,0,17,0,21,0,0,32,4,36,4,0,49,4,57,36,12,48,105
06/18/2015,VCV,CA,AWP,WE,Federal Contract Tower,0,0,20,6,26,0,0,29,12,41,0,0,49,18,67,10,16,26,93
06/19/2015,VCV,CA,AWP,WE,Federal Contract Tower,4,0,21,5,30,0,1,23,2,26,4,1,44,7,56,24,0,24,80
06/20/2015,VCV,CA,AWP,WE,Federal Contract Tower,1,0,11,0,12,0,2,36,2,40,1,2,47,2,52,54,8,62,114
06/21/2015,VCV,CA,AWP,WE,Federal Contract Tower,0,0,0,0,0,0,4,30,0,34,0,4,30,0,34,8,0,8,42
06/22/2015,VCV,CA,AWP,WE,Federal Contract Tower,0,0,3,0,3,3,4,25,2,34,3,4,28,2,37,28,14,42,79
06/23/2015,VCV,CA,AWP,WE,Federal Contract Tower,0,0,7,2,9,0,4,30,13,47,0,4,37,15,56,14,32,46,102
06/24/2015,VCV,CA,AWP,WE,Federal Contract Tower,0,0,8,4,12,0,4,30,16,50,0,4,38,20,62,42,36,78,140
06/25/2015,VCV,CA,AWP,WE,Federal Contract Tower,1,0,3,0,4,0,8,36,4,48,1,8,39,4,52,40,8,48,100
06/26/2015,VCV,CA,AWP,WE,Federal Contract Tower,1,0,18,0,19,0,3,34,10,47,1,3,52,10,66,36,28,64,130
06/27/2015,VCV,CA,AWP,WE,Federal Contract Tower,4,0,2,0,6,3,6,47,0,56,7,6,49,0,62,78,0,78,140
06/28/2015,VCV,CA,AWP,WE,Federal Contract Tower,9,0,4,0,13,0,1,24,0,25,9,1,28,0,38,14,0,14,52
06/29/2015,VCV,CA,AWP,WE,Federal Contract Tower,0,0,2,1,3,0,6,20,2,28,0,6,22,3,31,34,0,34,65
06/30/2015,VCV,CA,AWP,WE,Federal Contract Tower,0,0,5,3,8,0,6,19,5,30,0,6,24,8,38,14,34,48,86
07/01/2015,VCV,CA,AWP,WE,Federal Contract Tower,0,2,4,2,8,0,1,13,10,24,0,3,17,12,32,8,14,22,54
07/02/2015,VCV,CA,AWP,WE,Federal Contract Tower,1,0,2,0,3,0,5,23,21,49,1,5,25,21,52,62,16,78,130
07/03/2015,VCV,CA,AWP,WE,Federal Contract Tower,1,0,8,0,9,0,5,20,0,25,1,5,28,0,34,32,0,32,66
07/04/2015,VCV,CA,AWP,WE,Federal Contract Tower,0,0,2,0,2,0,2,20,2,24,0,2,22,2,26,0,0,0,26
07/05/2015,VCV,CA,AWP,WE,Federal Contract Tower,0,0,10,0,10,0,2,23,0,25,0,2,33,0,35,30,0,30,65
07/06/2015,VCV,CA,AWP,WE,Federal Contract Tower,3,0,16,2,21,0,6,29,0,35,3,6,45,2,56,30,0,30,86
07/07/2015,VCV,CA,AWP,WE,Federal Contract Tower,9,0,4,3,16,0,14,13,8,35,9,14,17,11,51,16,16,32,83
07/08/2015,VCV,CA,AWP,WE,Federal Contract Tower,9,0,7,3,19,0,1,27,16,44,9,1,34,19,63,16,30,46,109
07/09/2015,VCV,CA,AWP,WE,Federal Contract Tower,8,0,6,1,15,0,3,15,6,24,8,3,21,7,39,56,34,90,129
07/10/2015,VCV,CA,AWP,WE,Federal Contract Tower,4,0,13,0,17,0,5,20,0,25,4,5,33,0,42,52,0,52,94
07/11/2015,VCV,CA,AWP,WE,Federal Contract Tower,4,0,16,0,20,0,3,32,1,36,4,3,48,1,56,26,4,30,86
07/12/2015,VCV,CA,AWP,WE,Federal Contract Tower,0,0,4,5,9,0,4,42,5,51,0,4,46,10,60,54,14,68,128
07/13/2015,VCV,CA,AWP,WE,Federal Contract Tower,1,0,3,0,4,0,0,12,0,12,1,0,15,0,16,2,0,2,18
07/14/2015,VCV,CA,AWP,WE,Federal Contract Tower,0,0,11,5,16,0,5,45,16,66,0,5,56,21,82,22,24,46,128
07/15/2015,VCV,CA,AWP,WE,Federal Contract Tower,0,0,11,0,11,0,6,39,4,49,0,6,50,4,60,52,40,92,152
07/16/2015,VCV,CA,AWP,WE,Federal Contract Tower,4,0,5,5,14,0,0,0,0,0,4,0,5,5,14,24,30,54,68
07/17/2015,VCV,CA,AWP,WE,Federal Contract Tower,2,1,5,0,8,0,11,38,7,56,2,12,43,7,64,26,22,48,112
07/18/2015,VCV,CA,AWP,WE,Federal Contract Tower,0,0,10,0,10,0,5,3,0,8,0,5,13,0,18,22,0,22,40
07/19/2015,VCV,CA,AWP,WE,Federal Contract Tower,0,0,1,3,4,0,3,8,11,22,0,3,9,14,26,0,10,10,36
07/20/2015,VCV,CA,AWP,WE,Federal Contract Tower,0,0,5,0,5,0,2,16,10,28,0,2,21,10,33,6,0,6,39
07/21/2015,VCV,CA,AWP,WE,Federal Contract Tower,4,0,13,2,19,0,2,36,6,44,4,2,49,8,63,14,14,28,91
07/22/2015,VCV,CA,AWP,WE,Federal Contract Tower,6,0,3,2,11,0,5,19,11,35,6,5,22,13,46,0,0,0,46
07/23/2015,VCV,CA,AWP,WE,Federal Contract Tower,0,0,13,4,17,0,6,35,28,69,0,6,48,32,86,28,25,53,139
07/24/2015,VCV,CA,AWP,WE,Federal Contract Tower,1,1,4,1,7,0,3,19,8,30,1,4,23,9,37,29,24,53,90
07/25/2015,VCV,CA,AWP,WE,Federal Contract Tower,1,0,6,0,7,0,12,21,0,33,1,12,27,0,40,6,0,6,46
07/26/2015,VCV,CA,AWP,WE,Federal Contract Tower,1,0,1,1,3,0,0,20,2,22,1,0,21,3,25,26,0,26,51
07/27/2015,VCV,CA,AWP,WE,Federal Contract Tower,7,0,0,0,7,0,2,26,2,30,7,2,26,2,37,38,0,38,75
07/28/2015,VCV,CA,AWP,WE,Federal Contract Tower,4,0,7,4,15,0,2,22,9,33,4,2,29,13,48,16,28,44,92
07/29/2015,VCV,CA,AWP,WE,Federal Contract Tower,0,0,13,2,15,0,0,26,9,35,0,0,39,11,50,44,26,70,120
07/30/2015,VCV,CA,AWP,WE,Federal Contract Tower,2,0,25,2,29,0,2,57,4,63,2,2,82,6,92,22,14,36,128
07/31/2015,VCV,CA,AWP,WE,Federal Contract Tower,13,0,8,1,22,2,7,46,3,58,15,7,54,4,80,18,22,40,120
08/01/2015,VCV,CA,AWP,WE,Federal Contract Tower,2,1,19,7,29,2,7,19,5,33,4,8,38,12,62,38,38,76,138
08/02/2015,VCV,CA,AWP,WE,Federal Contract Tower,11,0,1,0,12,0,4,32,2,38,11,4,33,2,50,40,18,58,108
08/03/2015,VCV,CA,AWP,WE,Federal Contract Tower,20,0,0,0,20,1,2,40,24,67,21,2,40,24,87,22,16,38,125
08/04/2015,VCV,CA,AWP,WE,Federal Contract Tower,19,0,3,0,22,2,10,28,3,43,21,10,31,3,65,30,28,58,123
08/05/2015,VCV,CA,AWP,WE,Federal Contract Tower,16,2,3,3,24,0,3,22,30,55,16,5,25,33,79,26,16,42,121
08/06/2015,VCV,CA,AWP,WE,Federal Contract Tower,8,0,7,5,20,7,5,16,18,46,15,5,23,23,66,6,0,6,72
08/07/2015,VCV,CA,AWP,WE,Federal Contract Tower,3,0,0,2,5,1,6,20,7,34,4,6,20,9,39,32,4,36,75
08/08/2015,VCV,CA,AWP,WE,Federal Contract Tower,18,0,2,0,20,0,7,14,13,34,18,7,16,13,54,0,0,0,54
08/09/2015,VCV,CA,AWP,WE,Federal Contract Tower,8,0,12,0,20,2,9,19,0,30,10,9,31,0,50,36,0,36,86
08/10/2015,VCV,CA,AWP,WE,Federal Contract Tower,5,4,16,4,29,1,7,26,0,34,6,11,42,4,63,22,26,48,111
08/11/2015,VCV,CA,AWP,WE,Federal Contract Tower,1,0,7,6,14,0,3,33,8,44,1,3,40,14,58,38,10,48,106
08/12/2015,VCV,CA,AWP,WE,Federal Contract Tower,0,0,14,3,17,0,3,49,9,61,0,3,63,12,78,46,20,66,144
08/13/2015,VCV,CA,AWP,WE,Federal Contract Tower,0,0,8,0,8,0,4,37,4,45,0,4,45,4,53,32,12,44,97
08/14/2015,VCV,CA,AWP,WE,Federal Contract Tower,1,2,1,1,5,0,21,15,0,36,1,23,16,1,41,6,0,6,47
08/15/2015,VCV,CA,AWP,WE,Federal Contract Tower,4,0,6,0,10,0,3,24,0,27,4,3,30,0,37,0,0,0,37
08/16/2015,VCV,CA,AWP,WE,Federal Contract Tower,4,0,0,1,5,0,11,8,0,19,4,11,8,1,24,16,0,16,40
08/17/2015,VCV,CA,AWP,WE,Federal Contract Tower,2,0,18,3,23,1,5,17,0,23,3,5,35,3,46,64,0,64,110
08/18/2015,VCV,CA,AWP,WE,Federal Contract Tower,2,0,7,0,9,0,3,23,2,28,2,3,30,2,37,34,12,46,83
08/19/2015,VCV,CA,AWP,WE,Federal Contract Tower,0,0,7,1,8,0,3,25,12,40,0,3,32,13,48,32,6,38,86
08/20/2015,VCV,CA,AWP,WE,Federal Contract Tower,2,0,1,0,3,1,5,19,5,30,3,5,20,5,33,34,14,48,81
08/21/2015,VCV,CA,AWP,WE,Federal Contract Tower,0,0,2,3,5,1,0,12,8,21,1,0,14,11,26,26,18,44,70
08/22/2015,VCV,CA,AWP,WE,Federal Contract Tower,1,2,0,0,3,1,7,13,0,21,2,9,13,0,24,0,0,0,24
08/23/2015,VCV,CA,AWP,WE,Federal Contract Tower,2,0,0,0,2,0,7,17,0,24,2,7,17,0,26,22,0,22,48
08/24/2015,VCV,CA,AWP,WE,Federal Contract Tower,2,0,3,1,6,0,0,28,7,35,2,0,31,8,41,20,32,52,93
08/25/2015,VCV,CA,AWP,WE,Federal Contract Tower,2,0,8,9,19,0,3,12,7,22,2,3,20,16,41,22,30,52,93
08/26/2015,VCV,CA,AWP,WE,Federal Contract Tower,8,0,3,0,11,0,7,18,2,27,8,7,21,2,38,26,6,32,70
08/27/2015,VCV,CA,AWP,WE,Federal Contract Tower,2,1,7,2,12,1,8,28,32,69,3,9,35,34,81,10,16,26,107
08/28/2015,VCV,CA,AWP,WE,Federal Contract Tower,13,0,0,2,15,1,4,16,13,34,14,4,16,15,49,0,20,20,69
08/29/2015,VCV,CA,AWP,WE,Federal Contract Tower,18,0,1,0,19,0,2,4,0,6,18,2,5,0,25,4,0,4,29
08/30/2015,VCV,CA,AWP,WE,Federal Contract Tower,0,0,0,0,0,0,0,7,2,9,0,0,7,2,9,0,0,0,9
08/31/2015,VCV,CA,AWP,WE,Federal Contract Tower,2,0,7,0,9,0,2,19,5,26,2,2,26,5,35,28,14,42,77
09/01/2015,VCV,CA,AWP,WE,Federal Contract Tower,1,0,5,1,7,0,2,12,6,20,1,2,17,7,27,16,6,22,49
09/02/2015,VCV,CA,AWP,WE,Federal Contract Tower,4,1,11,0,16,0,0,29,4,33,4,1,40,4,49,44,12,56,105
09/03/2015,VCV,CA,AWP,WE,Federal Contract Tower,6,0,4,0,10,0,4,18,18,40,6,4,22,18,50,18,18,36,86
09/04/2015,VCV,CA,AWP,WE,Federal Contract Tower,5,0,0,0,5,0,6,9,3,18,5,6,9,3,23,8,2,10,33
09/05/2015,VCV,CA,AWP,WE,Federal Contract Tower,4,0,0,0,4,0,1,5,0,6,4,1,5,0,10,0,0,0,10
09/06/2015,VCV,CA,AWP,WE,Federal Contract Tower,2,0,0,0,2,0,10,27,0,37,2,10,27,0,39,12,0,12,51
09/07/2015,VCV,CA,AWP,WE,Federal Contract Tower,0,0,6,0,6,0,0,28,1,29,0,0,34,1,35,20,6,26,61
09/08/2015,VCV,CA,AWP,WE,Federal Contract Tower,2,0,3,2,7,0,1,25,4,30,2,1,28,6,37,4,0,4,41
09/09/2015,VCV,CA,AWP,WE,Federal Contract Tower,0,0,1,0,1,0,0,27,4,31,0,0,28,4,32,40,16,56,88
09/10/2015,VCV,CA,AWP,WE,Federal Contract Tower,1,0,6,3,10,0,8,20,8,36,1,8,26,11,46,24,20,44,90
09/11/2015,VCV,CA,AWP,WE,Federal Contract Tower,0,0,0,4,4,0,5,19,9,33,0,5,19,13,37,33,42,75,112
09/12/2015,VCV,CA,AWP,WE,Federal Contract Tower,0,0,8,2,10,0,16,15,4,35,0,16,23,6,45,49,17,66,111
09/13/2015,VCV,CA,AWP,WE,Federal Contract Tower,0,0,1,1,2,0,4,15,5,24,0,4,16,6,26,32,14,46,72
09/14/2015,VCV,CA,AWP,WE,Federal Contract Tower,0,0,4,4,8,0,8,9,0,17,0,8,13,4,25,4,40,44,69
09/15/2015,VCV,CA,AWP,WE,Federal Contract Tower,4,0,5,2,11,0,2,9,2,13,4,2,14,4,24,0,0,0,24
09/16/2015,VCV,CA,AWP,WE,Federal Contract Tower,0,0,14,10,24,0,5,28,24,57,0,5,42,34,81,32,20,52,133
09/17/2015,VCV,CA,AWP,WE,Federal Contract Tower,0,0,10,3,13,0,8,31,10,49,0,8,41,13,62,18,10,28,90
09/18/2015,VCV,CA,AWP,WE,Federal Contract Tower,7,2,4,2,15,1,6,20,3,30,8,8,24,5,45,22,16,38,83
09/19/2015,VCV,CA,AWP,WE,Federal Contract Tower,0,0,1,0,1,0,9,25,0,34,0,9,26,0,35,0,0,0,35
09/20/2015,VCV,CA,AWP,WE,Federal Contract Tower,0,0,1,0,1,0,2,22,0,24,0,2,23,0,25,30,0,30,55
09/21/2015,VCV,CA,AWP,WE,Federal Contract Tower,0,0,1,0,1,0,3,19,4,26,0,3,20,4,27,24,16,40,67
09/22/2015,VCV,CA,AWP,WE,Federal Contract Tower,2,0,19,2,23,0,5,50,9,64,2,5,69,11,87,22,26,48,135
09/23/2015,VCV,CA,AWP,WE,Federal Contract Tower,0,0,13,7,20,0,1,43,15,59,0,1,56,22,79,30,40,70,149
09/24/2015,VCV,CA,AWP,WE,Federal Contract Tower,7,0,13,2,22,0,1,35,6,42,7,1,48,8,64,47,30,77,141
09/25/2015,VCV,CA,AWP,WE,Federal Contract Tower,14,0,4,0,18,0,6,38,5,49,14,6,42,5,67,66,4,70,137
09/26/2015,VCV,CA,AWP,WE,Federal Contract Tower,6,0,0,0,6,0,2,19,0,21,6,2,19,0,27,57,0,57,84
09/27/2015,VCV,CA,AWP,WE,Federal Contract Tower,5,0,4,2,11,3,3,11,0,17,8,3,15,2,28,4,0,4,32
09/28/2015,VCV,CA,AWP,WE,Federal Contract Tower,4,0,5,0,9,0,0,24,0,24,4,0,29,0,33,26,0,26,59
09/29/2015,VCV,CA,AWP,WE,Federal Contract Tower,0,0,2,1,3,0,5,14,4,23,0,5,16,5,26,14,12,26,52
09/30/2015,VCV,CA,AWP,WE,Federal Contract Tower,0,1,7,0,8,0,2,25,3,30,0,3,32,3,38,20,16,36,74
10/01/2015,VCV,CA,AWP,WE,Federal Contract Tower,21,0,3,2,26,0,2,22,2,26,21,2,25,4,52,4,2,6,58
10/02/2015,VCV,CA,AWP,WE,Federal Contract Tower,23,0,13,2,38,0,2,46,4,52,23,2,59,6,90,46,33,79,169
10/03/2015,VCV,CA,AWP,WE,Federal Contract Tower,30,0,2,1,33,0,10,20,5,35,30,10,22,6,68,50,22,72,140
10/04/2015,VCV,CA,AWP,WE,Federal Contract Tower,16,0,4,1,21,0,0,14,1,15,16,0,18,2,36,20,18,38,74
10/05/2015,VCV,CA,AWP,WE,Federal Contract Tower,5,0,2,0,7,0,1,6,0,7,5,1,8,0,14,0,0,0,14
10/06/2015,VCV,CA,AWP,WE,Federal Contract Tower,2,0,16,1,19,0,3,36,3,42,2,3,52,4,61,32,26,58,119
10/07/2015,VCV,CA,AWP,WE,Federal Contract Tower,2,0,10,13,25,0,2,48,13,63,2,2,58,26,88,66,16,82,170
10/08/2015,VCV,CA,AWP,WE,Federal Contract Tower,3,1,5,1,10,0,0,20,6,26,3,1,25,7,36,24,12,36,72
10/09/2015,VCV,CA,AWP,WE,Federal Contract Tower,0,4,18,2,24,1,11,31,1,44,1,15,49,3,68,91,0,91,159
10/10/2015,VCV,CA,AWP,WE,Federal Contract Tower,5,0,18,0,23,0,6,41,0,47,5,6,59,0,70,38,0,38,108
10/11/2015,VCV,CA,AWP,WE,Federal Contract Tower,0,0,2,2,4,0,4,14,15,33,0,4,16,17,37,4,16,20,57
10/12/2015,VCV,CA,AWP,WE,Federal Contract Tower,1,1,3,5,10,0,24,12,2,38,1,25,15,7,48,80,0,80,128
10/13/2015,VCV,CA,AWP,WE,Federal Contract Tower,0,0,2,0,2,0,9,19,2,30,0,9,21,2,32,60,0,60,92
10/14/2015,VCV,CA,AWP,WE,Federal Contract Tower,0,0,13,0,13,0,2,49,3,54,0,2,62,3,67,46,8,54,121
10/15/2015,VCV,CA,AWP,WE,Federal Contract Tower,6,0,23,0,29,0,5,32,4,41,6,5,55,4,70,58,18,76,146
10/16/2015,VCV,CA,AWP,WE,Federal Contract Tower,2,0,24,0,26,0,3,18,0,21,2,3,42,0,47,30,0,30,77
10/17/2015,VCV,CA,AWP,WE,Federal Contract Tower,0,0,4,0,4,0,4,23,0,27,0,4,27,0,31,40,0,40,71
10/18/2015,VCV,CA,AWP,WE,Federal Contract Tower,0,0,4,1,5,0,2,18,0,20,0,2,22,1,25,15,0,15,40
10/19/2015,VCV,CA,AWP,WE,Federal Contract Tower,0,0,0,1,1,0,4,27,6,37,0,4,27,7,38,24,0,24,62
10/20/2015,VCV,CA,AWP,WE,Federal Contract Tower,2,1,18,0,21,0,0,21,6,27,2,1,39,6,48,22,22,44,92
10/21/2015,VCV,CA,AWP,WE,Federal Contract Tower,1,0,3,2,6,0,8,32,7,47,1,8,35,9,53,40,44,84,137
10/22/2015,VCV,CA,AWP,WE,Federal Contract Tower,2,0,12,6,20,0,5,48,14,67,2,5,60,20,87,16,32,48,135
10/23/2015,VCV,CA,AWP,WE,Federal Contract Tower,3,0,8,2,13,0,4,43,5,52,3,4,51,7,65,2,38,40,105
10/24/2015,VCV,CA,AWP,WE,Federal Contract Tower,6,0,1,1,8,0,0,0,0,0,6,0,1,1,8,0,0,0,8
10/25/2015,VCV,CA,AWP,WE,Federal Contract Tower,0,0,12,1,13,0,0,4,0,4,0,0,16,1,17,18,0,18,35
10/26/2015,VCV,CA,AWP,WE,Federal Contract Tower,1,0,5,2,8,0,3,25,2,30,1,3,30,4,38,50,0,50,88
10/27/2015,VCV,CA,AWP,WE,Federal Contract Tower,1,1,17,1,20,0,2,33,4,39,1,3,50,5,59,44,42,86,145
10/28/2015,VCV,CA,AWP,WE,Federal Contract Tower,8,0,9,5,22,0,8,40,6,54,8,8,49,11,76,32,18,50,126
10/29/2015,VCV,CA,AWP,WE,Federal Contract Tower,11,0,19,0,30,0,2,30,2,34,11,2,49,2,64,36,0,36,100
10/30/2015,VCV,CA,AWP,WE,Federal Contract Tower,14,0,13,1,28,4,27,29,4,64,18,27,42,5,92,76,22,98,190
10/31/2015,VCV,CA,AWP,WE,Federal Contract Tower,8,0,10,3,21,0,0,33,6,39,8,0,43,9,60,50,0,50,110
11/01/2015,VCV,CA,AWP,WE,Federal Contract Tower,6,0,0,3,9,0,4,19,6,29,6,4,19,9,38,28,0,28,66
11/02/2015,VCV,CA,AWP,WE,Federal Contract Tower,3,0,0,2,5,0,5,15,0,20,3,5,15,2,25,10,0,10,35
11/03/2015,VCV,CA,AWP,WE,Federal Contract Tower,0,0,5,14,19,0,0,10,8,18,0,0,15,22,37,32,38,70,107
11/04/2015,VCV,CA,AWP,WE,Federal Contract Tower,4,0,3,4,11,0,0,8,3,11,4,0,11,7,22,0,0,0,22
11/05/2015,VCV,CA,AWP,WE,Federal Contract Tower,6,0,9,4,19,0,1,28,8,37,6,1,37,12,56,58,14,72,128
11/06/2015,VCV,CA,AWP,WE,Federal Contract Tower,2,0,11,5,18,0,2,13,0,15,2,2,24,5,33,32,0,32,65
11/07/2015,VCV,CA,AWP,WE,Federal Contract Tower,8,0,0,7,15,0,8,29,5,42,8,8,29,12,57,82,16,98,155
11/08/2015,VCV,CA,AWP,WE,Federal Contract Tower,1,0,9,2,12,0,10,24,7,41,1,10,33,9,53,57,76,133,186
11/09/2015,VCV,CA,AWP,WE,Federal Contract Tower,0,2,3,1,6,0,7,16,2,25,0,9,19,3,31,38,8,46,77
11/10/2015,VCV,CA,AWP,WE,Federal Contract Tower,1,0,5,7,13,0,2,15,8,25,1,2,20,15,38,0,0,0,38
11/11/2015,VCV,CA,AWP,WE,Federal Contract Tower,0,0,20,7,27,0,6,44,6,56,0,6,64,13,83,46,0,46,129
11/12/2015,VCV,CA,AWP,WE,Federal Contract Tower,4,0,7,6,17,0,5,37,19,61,4,5,44,25,78,58,30,88,166
11/13/2015,VCV,CA,AWP,WE,Federal Contract Tower,0,0,20,3,23,0,5,23,3,31,0,5,43,6,54,65,30,95,149
11/14/2015,VCV,CA,AWP,WE,Federal Contract Tower,0,0,0,0,0,0,5,29,3,37,0,5,29,3,37,66,0,66,103
11/15/2015,VCV,CA,AWP,WE,Federal Contract Tower,4,0,0,4,8,0,6,2,0,8,4,6,2,4,16,0,40,40,56
11/16/2015,VCV,CA,AWP,WE,Federal Contract Tower,0,0,5,0,5,0,4,14,0,18,0,4,19,0,23,0,0,0,23
11/17/2015,VCV,CA,AWP,WE,Federal Contract Tower,2,2,7,1,12,0,3,21,5,29,2,5,28,6,41,27,15,42,83
11/18/2015,VCV,CA,AWP,WE,Federal Contract Tower,1,0,2,6,9,0,3,25,12,40,1,3,27,18,49,40,22,62,111
11/19/2015,VCV,CA,AWP,WE,Federal Contract Tower,0,0,4,2,6,0,1,30,8,39,0,1,34,10,45,42,46,88,133
11/20/2015,VCV,CA,AWP,WE,Federal Contract Tower,2,0,20,2,24,0,19,36,3,58,2,19,56,5,82,54,8,62,144
11/21/2015,VCV,CA,AWP,WE,Federal Contract Tower,0,0,3,3,6,0,10,13,1,24,0,10,16,4,30,26,8,34,64
11/22/2015,VCV,CA,AWP,WE,Federal Contract Tower,0,0,1,0,1,0,3,16,0,19,0,3,17,0,20,43,0,43,63
11/23/2015,VCV,CA,AWP,WE,Federal Contract Tower,0,0,1,2,3,0,5,19,5,29,0,5,20,7,32,22,25,47,79
11/24/2015,VCV,CA,AWP,WE,Federal Contract Tower,3,0,4,0,7,0,4,10,2,16,3,4,14,2,23,25,0,25,48
11/25/2015,VCV,CA,AWP,WE,Federal Contract Tower,6,0,0,0,6,0,2,4,2,8,6,2,4,2,14,0,20,20,34
11/26/2015,VCV,CA,AWP,WE,Federal Contract Tower,0,0,0,0,0,0,6,1,0,7,0,6,1,0,7,14,0,14,21
11/27/2015,VCV,CA,AWP,WE,Federal Contract Tower,0,0,4,0,4,0,2,19,0,21,0,2,23,0,25,40,0,40,65
11/28/2015,VCV,CA,AWP,WE,Federal Contract Tower,3,0,0,0,3,0,4,14,0,18,3,4,14,0,21,74,0,74,95
11/29/2015,VCV,CA,AWP,WE,Federal Contract Tower,0,0,0,0,0,0,1,14,0,15,0,1,14,0,15,16,0,16,31
11/30/2015,VCV,CA,AWP,WE,Federal Contract Tower,6,0,2,5,13,0,6,36,19,61,6,6,38,24,74,6,0,6,80
12/01/2015,VCV,CA,AWP,WE,Federal Contract Tower,0,0,11,19,30,0,2,22,39,63,0,2,33,58,93,33,49,82,175
12/02/2015,VCV,CA,AWP,WE,Federal Contract Tower,2,4,6,3,15,0,4,53,7,64,2,8,59,10,79,52,28,80,159
12/03/2015,VCV,CA,AWP,WE,Federal Contract Tower,1,0,7,1,9,0,2,30,6,38,1,2,37,7,47,32,52,84,131
12/04/2015,VCV,CA,AWP,WE,Federal Contract Tower,4,0,19,2,25,0,3,20,0,23,4,3,39,2,48,56,0,56,104
12/05/2015,VCV,CA,AWP,WE,Federal Contract Tower,0,0,8,6,14,0,4,31,9,44,0,4,39,15,58,53,58,111,169
12/06/2015,VCV,CA,AWP,WE,Federal Contract Tower,0,0,3,8,11,0,0,20,16,36,0,0,23,24,47,36,0,36,83
12/07/2015,VCV,CA,AWP,WE,Federal Contract Tower,1,0,21,4,26,0,2,23,2,27,1,2,44,6,53,26,26,52,105
12/08/2015,VCV,CA,AWP,WE,Federal Contract Tower,1,0,6,2,9,0,6,16,4,26,1,6,22,6,35,29,0,29,64
12/09/2015,VCV,CA,AWP,WE,Federal Contract Tower,0,0,6,5,11,0,0,37,14,51,0,0,43,19,62,26,22,48,110
12/10/2015,VCV,CA,AWP,WE,Federal Contract Tower,1,0,8,4,13,0,0,20,7,27,1,0,28,11,40,26,30,56,96
12/11/2015,VCV,CA,AWP,WE,Federal Contract Tower,0,0,2,0,2,0,1,7,1,9,0,1,9,1,11,18,0,18,29
12/12/2015,VCV,CA,AWP,WE,Federal Contract Tower,0,0,10,6,16,0,11,23,4,38,0,11,33,10,54,70,0,70,124
12/13/2015,VCV,CA,AWP,WE,Federal Contract Tower,0,0,0,0,0,0,2,17,0,19,0,2,17,0,19,32,0,32,51
12/14/2015,VCV,CA,AWP,WE,Federal Contract Tower,0,0,3,0,3,0,4,9,0,13,0,4,12,0,16,10,0,10,26
12/15/2015,VCV,CA,AWP,WE,Federal Contract Tower,0,0,7,4,11,0,11,26,12,49,0,11,33,16,60,34,32,66,126
12/16/2015,VCV,CA,AWP,WE,Federal Contract Tower,1,0,15,9,25,0,1,34,8,43,1,1,49,17,68,52,52,104,172
12/17/2015,VCV,CA,AWP,WE,Federal Contract Tower,3,0,12,1,16,0,3,43,4,50,3,3,55,5,66,60,8,68,134
12/18/2015,VCV,CA,AWP,WE,Federal Contract Tower,1,0,8,0,9,0,19,28,3,50,1,19,36,3,59,69,20,89,148
12/19/2015,VCV,CA,AWP,WE,Federal Contract Tower,0,0,4,0,4,0,9,15,0,24,0,9,19,0,28,93,0,93,121
12/20/2015,VCV,CA,AWP,WE,Federal Contract Tower,0,0,1,0,1,0,3,14,0,17,0,3,15,0,18,56,0,56,74
12/21/2015,VCV,CA,AWP,WE,Federal Contract Tower,0,0,0,0,0,0,6,34,0,40,0,6,34,0,40,60,25,85,125
12/22/2015,VCV,CA,AWP,WE,Federal Contract Tower,0,2,2,0,4,0,0,6,0,6,0,2,8,0,10,0,0,0,10
12/23/2015,VCV,CA,AWP,WE,Federal Contract Tower,0,0,0,0,0,0,4,18,0,22,0,4,18,0,22,66,0,66,88
12/24/2015,VCV,CA,AWP,WE,Federal Contract Tower,0,0,0,0,0,0,2,0,0,2,0,2,0,0,2,0,0,0,2
12/25/2015,VCV,CA,AWP,WE,Federal Contract Tower,0,0,0,0,0,0,4,0,0,4,0,4,0,0,4,0,0,0,4
12/26/2015,VCV,CA,AWP,WE,Federal Contract Tower,0,0,0,0,0,0,2,0,0,2,0,2,0,0,2,0,0,0,2
12/27/2015,VCV,CA,AWP,WE,Federal Contract Tower,0,0,0,0,0,0,4,6,0,10,0,4,6,0,10,39,0,39,49
12/28/2015,VCV,CA,AWP,WE,Federal Contract Tower,0,0,0,0,0,0,9,19,2,30,0,9,19,2,30,42,0,42,72
12/29/2015,VCV,CA,AWP,WE,Federal Contract Tower,0,2,1,4,7,0,4,5,3,12,0,6,6,7,19,41,18,59,78
12/30/2015,VCV,CA,AWP,WE,Federal Contract Tower,0,5,15,3,23,0,7,27,4,38,0,12,42,7,61,34,0,34,95
12/31/2015,VCV,CA,AWP,WE,Federal Contract Tower,0,6,23,0,29,0,9,46,6,61,0,15,69,6,90,58,62,120,210
01/01/2016,VCV,CA,AWP,WE,Federal Contract Tower,0,0,0,0,0,0,4,8,2,14,0,4,8,2,14,14,14,28,42
01/02/2016,VCV,CA,AWP,WE,Federal Contract Tower,0,0,1,1,2,0,3,4,5,12,0,3,5,6,14,55,16,71,85
01/03/2016,VCV,CA,AWP,WE,Federal Contract Tower,0,0,0,0,0,0,10,23,8,41,0,10,23,8,41,59,55,114,155
01/04/2016,VCV,CA,AWP,WE,Federal Contract Tower,0,0,3,0,3,0,6,21,2,29,0,6,24,2,32,61,18,79,111
01/05/2016,VCV,CA,AWP,WE,Federal Contract Tower,1,1,2,12,16,0,0,0,0,0,1,1,2,12,16,0,50,50,66
01/06/2016,VCV,CA,AWP,WE,Federal Contract Tower,1,2,2,11,16,0,0,6,11,17,1,2,8,22,33,0,64,64,97
01/07/2016,VCV,CA,AWP,WE,Federal Contract Tower,3,2,4,12,21,0,2,19,20,41,3,4,23,32,62,14,56,70,132
01/08/2016,VCV,CA,AWP,WE,Federal Contract Tower,0,0,11,0,11,0,4,38,11,53,0,4,49,11,64,71,39,110,174
01/09/2016,VCV,CA,AWP,WE,Federal Contract Tower,1,0,0,0,1,0,0,15,12,27,1,0,15,12,28,23,34,57,85
01/10/2016,VCV,CA,AWP,WE,Federal Contract Tower,4,0,5,0,9,0,2,12,1,15,4,2,17,1,24,22,0,22,46
01/11/2016,VCV,CA,AWP,WE,Federal Contract Tower,5,0,7,0,12,0,3,56,20,79,5,3,63,20,91,72,24,96,187
01/12/2016,VCV,CA,AWP,WE,Federal Contract Tower,6,0,6,7,19,0,6,12,22,40,6,6,18,29,59,78,69,147,206
01/13/2016,VCV,CA,AWP,WE,Federal Contract Tower,2,0,1,5,8,0,2,35,16,53,2,2,36,21,61,34,56,90,151
01/14/2016,VCV,CA,AWP,WE,Federal Contract Tower,1,0,11,4,16,0,2,30,22,54,1,2,41,26,70,18,40,58,128
01/15/2016,VCV,CA,AWP,WE,Federal Contract Tower,5,0,6,0,11,0,2,8,29,39,5,2,14,29,50,6,50,56,106
01/16/2016,VCV,CA,AWP,WE,Federal Contract Tower,0,0,3,1,4,0,1,27,10,38,0,1,30,11,42,40,66,106,148
01/17/2016,VCV,CA,AWP,WE,Federal Contract Tower,1,0,1,2,4,0,13,24,9,46,1,13,25,11,50,66,32,98,148
01/18/2016,VCV,CA,AWP,WE,Federal Contract Tower,0,0,0,4,4,0,11,12,16,39,0,11,12,20,43,0,36,36,79
01/19/2016,VCV,CA,AWP,WE,Federal Contract Tower,0,0,11,7,18,0,0,22,14,36,0,0,33,21,54,25,0,25,79
01/20/2016,VCV,CA,AWP,WE,Federal Contract Tower,0,0,5,2,7,0,4,37,11,52,0,4,42,13,59,42,46,88,147
01/21/2016,VCV,CA,AWP,WE,Federal Contract Tower,2,0,9,10,21,0,5,54,7,66,2,5,63,17,87,50,80,130,217
01/22/2016,VCV,CA,AWP,WE,Federal Contract Tower,3,1,20,14,38,5,0,56,19,80,8,1,76,33,118,1,29,30,148
01/23/2016,VCV,CA,AWP,WE,Federal Contract Tower,1,0,2,2,5,0,0,28,45,73,1,0,30,47,78,36,130,166,244
01/24/2016,VCV,CA,AWP,WE,Federal Contract Tower,0,0,2,3,5,0,18,48,33,99,0,18,50,36,104,0,102,102,206
01/25/2016,VCV,CA,AWP,WE,Federal Contract Tower,1,0,5,3,9,3,11,40,44,98,4,11,45,47,107,66,70,136,243
01/26/2016,VCV,CA,AWP,WE,Federal Contract Tower,3,0,12,3,18,1,0,15,12,28,4,0,27,15,46,15,20,35,81
01/27/2016,VCV,CA,AWP,WE,Federal Contract Tower,6,0,6,2,14,0,9,29,13,51,6,9,35,15,65,42,20,62,127
01/28/2016,VCV,CA,AWP,WE,Federal Contract Tower,3,0,5,5,13,1,0,26,5,32,4,0,31,10,45,14,10,24,69
01/29/2016,VCV,CA,AWP,WE,Federal Contract Tower,9,0,23,0,32,0,6,22,2,30,9,6,45,2,62,0,18,18,80
01/30/2016,VCV,CA,AWP,WE,Federal Contract Tower,0,0,22,0,22,0,7,60,0,67,0,7,82,0,89,134,0,134,223
01/31/2016,VCV,CA,AWP,WE,Federal Contract Tower,2,0,0,0,2,0,0,0,4,4,2,0,0,4,6,0,0,0,6
02/01/2016,VCV,CA,AWP,WE,Federal Contract Tower,8,0,2,3,13,2,6,2,2,12,10,6,4,5,25,36,43,79,104
02/02/2016,VCV,CA,AWP,WE,Federal Contract Tower,3,0,5,6,14,0,5,25,2,32,3,5,30,8,46,43,46,89,135
02/03/2016,VCV,CA,AWP,WE,Federal Contract Tower,8,0,3,3,14,0,5,16,5,26,8,5,19,8,40,49,39,88,128
02/04/2016,VCV,CA,AWP,WE,Federal Contract Tower,12,2,11,4,29,0,8,48,8,64,12,10,59,12,93,44,28,72,165
02/05/2016,VCV,CA,AWP,WE,Federal Contract Tower,14,0,17,0,31,0,3,49,4,56,14,3,66,4,87,38,36,74,161
02/06/2016,VCV,CA,AWP,WE,Federal Contract Tower,16,0,21,6,43,0,10,49,0,59,16,10,70,6,102,74,16,90,192
02/07/2016,VCV,CA,AWP,WE,Federal Contract Tower,23,0,4,0,27,0,0,22,0,22,23,0,26,0,49,86,0,86,135
02/08/2016,VCV,CA,AWP,WE,Federal Contract Tower,4,1,4,7,16,0,1,23,4,28,4,2,27,11,44,33,60,93,137
02/09/2016,VCV,CA,AWP,WE,Federal Contract Tower,0,1,7,12,20,1,6,22,18,47,1,7,29,30,67,20,54,74,141
02/10/2016,VCV,CA,AWP,WE,Federal Contract Tower,0,1,6,8,15,1,4,10,10,25,1,5,16,18,40,15,51,66,106
02/11/2016,VCV,CA,AWP,WE,Federal Contract Tower,3,0,2,3,8,0,3,35,3,41,3,3,37,6,49,34,12,46,95
02/12/2016,VCV,CA,AWP,WE,Federal Contract Tower,3,0,9,0,12,0,2,31,5,38,3,2,40,5,50,26,44,70,120
02/13/2016,VCV,CA,AWP,WE,Federal Contract Tower,0,0,3,3,6,0,1,27,2,30,0,1,30,5,36,62,0,62,98
02/14/2016,VCV,CA,AWP,WE,Federal Contract Tower,0,0,2,0,2,0,11,23,0,34,0,11,25,0,36,59,0,59,95
02/15/2016,VCV,CA,AWP,WE,Federal Contract Tower,5,0,0,1,6,0,11,30,0,41,5,11,30,1,47,30,10,40,87
02/16/2016,VCV,CA,AWP,WE,Federal Contract Tower,1,0,8,3,12,0,2,17,0,19,1,2,25,3,31,15,40,55,86
02/17/2016,VCV,CA,AWP,WE,Federal Contract Tower,4,2,4,0,10,0,0,13,0,13,4,2,17,0,23,14,0,14,37
02/18/2016,VCV,CA,AWP,WE,Federal Contract Tower,0,0,20,9,29,0,1,17,9,27,0,1,37,18,56,6,14,20,76
02/19/2016,VCV,CA,AWP,WE,Federal Contract Tower,2,0,3,2,7,2,4,31,5,42,4,4,34,7,49,74,40,114,163
02/20/2016,VCV,CA,AWP,WE,Federal Contract Tower,0,0,5,2,7,1,4,25,0,30,1,4,30,2,37,49,65,114,151
02/21/2016,VCV,CA,AWP,WE,Federal Contract Tower,2,0,22,0,24,0,8,36,0,44,2,8,58,0,68,93,0,93,161
02/22/2016,VCV,CA,AWP,WE,Federal Contract Tower,2,0,19,12,33,0,5,11,6,22,2,5,30,18,55,29,64,93,148
02/23/2016,VCV,CA,AWP,WE,Federal Contract Tower,1,0,3,4,8,0,3,19,10,32,1,3,22,14,40,14,26,40,80
02/24/2016,VCV,CA,AWP,WE,Federal Contract Tower,7,0,4,5,16,0,2,29,18,49,7,2,33,23,65,34,52,86,151
02/25/2016,VCV,CA,AWP,WE,Federal Contract Tower,3,0,11,15,29,0,4,34,27,65,3,4,45,42,94,34,64,98,192
02/26/2016,VCV,CA,AWP,WE,Federal Contract Tower,4,0,6,1,11,0,2,28,12,42,4,2,34,13,53,47,74,121,174
02/27/2016,VCV,CA,AWP,WE,Federal Contract Tower,1,0,1,0,2,0,7,26,4,37,1,7,27,4,39,85,40,125,164
02/28/2016,VCV,CA,AWP,WE,Federal Contract Tower,2,0,1,0,3,0,10,20,11,41,2,10,21,11,44,46,22,68,112
02/29/2016,VCV,CA,AWP,WE,Federal Contract Tower,2,0,2,2,6,0,3,25,17,45,2,3,27,19,51,42,90,132,183
03/01/2016,VCV,CA,AWP,WE,Federal Contract Tower,13,0,7,15,35,0,7,31,26,64,13,7,38,41,99,10,54,64,163
03/02/2016,VCV,CA,AWP,WE,Federal Contract Tower,9,1,3,10,23,0,1,45,17,63,9,2,48,27,86,74,42,116,202
03/03/2016,VCV,CA,AWP,WE,Federal Contract Tower,10,0,3,20,33,0,2,35,40,77,10,2,38,60,110,44,80,124,234
03/04/2016,VCV,CA,AWP,WE,Federal Contract Tower,7,0,16,9,32,0,0,40,17,57,7,0,56,26,89,60,64,124,213
03/05/2016,VCV,CA,AWP,WE,Federal Contract Tower,22,0,0,0,22,0,4,23,0,27,22,4,23,0,49,62,0,62,111
03/06/2016,VCV,CA,AWP,WE,Federal Contract Tower,0,0,0,0,0,0,0,0,0,0,0,0,0,0,0,10,0,10,10
03/07/2016,VCV,CA,AWP,WE,Federal Contract Tower,2,2,2,11,17,0,2,0,2,4,2,4,2,13,21,0,0,0,21
03/08/2016,VCV,CA,AWP,WE,Federal Contract Tower,0,1,2,10,13,0,15,16,3,34,0,16,18,13,47,31,49,80,127
03/09/2016,VCV,CA,AWP,WE,Federal Contract Tower,0,0,13,3,16,0,2,45,9,56,0,2,58,12,72,31,21,52,124
03/10/2016,VCV,CA,AWP,WE,Federal Contract Tower,2,0,7,3,12,0,2,40,17,59,2,2,47,20,71,64,35,99,170
03/11/2016,VCV,CA,AWP,WE,Federal Contract Tower,0,0,8,0,8,0,2,9,0,11,0,2,17,0,19,6,0,6,25
03/12/2016,VCV,CA,AWP,WE,Federal Contract Tower,0,0,20,0,20,0,2,46,2,50,0,2,66,2,70,70,10,80,150
03/13/2016,VCV,CA,AWP,WE,Federal Contract Tower,0,2,2,0,4,0,7,27,6,40,0,9,29,6,44,54,0,54,98
03/14/2016,VCV,CA,AWP,WE,Federal Contract Tower,2,0,2,0,4,0,5,19,0,24,2,5,21,0,28,28,0,28,56
03/15/2016,VCV,CA,AWP,WE,Federal Contract Tower,1,0,6,7,14,1,6,8,10,25,2,6,14,17,39,20,0,20,59
03/16/2016,VCV,CA,AWP,WE,Federal Contract Tower,0,0,4,5,9,1,5,20,23,49,1,5,24,28,58,49,18,67,125
03/17/2016,VCV,CA,AWP,WE,Federal Contract Tower,0,0,11,8,19,0,3,38,29,70,0,3,49,37,89,42,76,118,207
03/18/2016,VCV,CA,AWP,WE,Federal Contract Tower,2,0,17,2,21,0,5,53,8,66,2,5,70,10,87,52,62,114,201
03/19/2016,VCV,CA,AWP,WE,Federal Contract Tower,0,0,0,0,0,0,7,27,1,35,0,7,27,1,35,100,12,112,147
03/20/2016,VCV,CA,AWP,WE,Federal Contract Tower,1,0,0,0,1,0,8,24,0,32,1,8,24,0,33,54,0,54,87
03/21/2016,VCV,CA,AWP,WE,Federal Contract Tower,3,0,2,0,5,1,0,19,3,23,4,0,21,3,28,71,6,77,105
03/22/2016,VCV,CA,AWP,WE,Federal Contract Tower,0,0,4,0,4,1,0,3,0,4,1,0,7,0,8,4,0,4,12
03/23/2016,VCV,CA,AWP,WE,Federal Contract Tower,2,0,12,8,22,0,2,34,27,63,2,2,46,35,85,34,32,66,151
03/24/2016,VCV,CA,AWP,WE,Federal Contract Tower,4,0,16,10,30,0,3,57,29,89,4,3,73,39,119,78,74,152,271
03/25/2016,VCV,CA,AWP,WE,Federal Contract Tower,2,0,22,5,29,0,5,41,10,56,2,5,63,15,85,40,50,90,175
03/26/2016,VCV,CA,AWP,WE,Federal Contract Tower,0,0,24,0,24,0,5,22,4,31,0,5,46,4,55,86,0,86,141
03/27/2016,VCV,CA,AWP,WE,Federal Contract Tower,0,0,0,0,0,0,2,13,0,15,0,2,13,0,15,18,0,18,33
03/28/2016,VCV,CA,AWP,WE,Federal Contract Tower,5,0,0,4,9,0,0,1,0,1,5,0,1,4,10,0,6,6,16
03/29/2016,VCV,CA,AWP,WE,Federal Contract Tower,2,0,9,6,17,0,1,10,4,15,2,1,19,10,32,10,10,20,52
03/30/2016,VCV,CA,AWP,WE,Federal Contract Tower,4,0,13,5,22,0,8,30,5,43,4,8,43,10,65,57,51,108,173
03/31/2016,VCV,CA,AWP,WE,Federal Contract Tower,2,0,23,2,27,0,0,41,15,56,2,0,64,17,83,70,66,136,219
04/01/2016,VCV,CA,AWP,WE,Federal Contract Tower,4,0,16,1,21,0,3,40,7,50,4,3,56,8,71,52,48,100,171
04/02/2016,VCV,CA,AWP,WE,Federal Contract Tower,1,0,0,2,3,0,2,23,6,31,1,2,23,8,34,53,96,149,183
04/03/2016,VCV,CA,AWP,WE,Federal Contract Tower,4,0,0,0,4,0,6,20,2,28,4,6,20,2,32,76,16,92,124
04/04/2016,VCV,CA,AWP,WE,Federal Contract Tower,5,0,7,6,18,0,3,33,4,40,5,3,40,10,58,32,14,46,104
04/05/2016,VCV,CA,AWP,WE,Federal Contract Tower,3,0,5,6,14,0,6,17,7,30,3,6,22,13,44,34,24,58,102
04/06/2016,VCV,CA,AWP,WE,Federal Contract Tower,1,0,4,4,9,0,2,20,6,28,1,2,24,10,37,15,0,15,52
04/07/2016,VCV,CA,AWP,WE,Federal Contract Tower,3,0,15,1,19,0,4,27,0,31,3,4,42,1,50,46,12,58,108
04/08/2016,VCV,CA,AWP,WE,Federal Contract Tower,2,0,20,1,23,0,2,35,2,39,2,2,55,3,62,18,0,18,80
04/09/2016,VCV,CA,AWP,WE,Federal Contract Tower,1,0,2,0,3,0,4,18,4,26,1,4,20,4,29,41,22,63,92
04/10/2016,VCV,CA,AWP,WE,Federal Contract Tower,0,0,1,0,1,0,8,21,0,29,0,8,22,0,30,68,0,68,98
04/11/2016,VCV,CA,AWP,WE,Federal Contract Tower,0,0,3,5,8,0,3,22,3,28,0,3,25,8,36,38,44,82,118
04/12/2016,VCV,CA,AWP,WE,Federal Contract Tower,0,0,9,1,10,0,6,23,10,39,0,6,32,11,49,25,4,29,78
04/13/2016,VCV,CA,AWP,WE,Federal Contract Tower,1,0,16,5,22,0,4,42,6,52,1,4,58,11,74,19,25,44,118
04/14/2016,VCV,CA,AWP,WE,Federal Contract Tower,1,0,0,0,1,2,3,36,2,43,3,3,36,2,44,14,0,14,58
04/15/2016,VCV,CA,AWP,WE,Federal Contract Tower,0,0,8,2,10,0,4,10,3,17,0,4,18,5,27,2,0,2,29
04/16/2016,VCV,CA,AWP,WE,Federal Contract Tower,0,0,2,7,9,0,5,20,14,39,0,5,22,21,48,34,40,74,122
04/17/2016,VCV,CA,AWP,WE,Federal Contract Tower,0,0,2,0,2,0,4,2,0,6,0,4,4,0,8,0,0,0,8
04/18/2016,VCV,CA,AWP,WE,Federal Contract Tower,0,0,5,0,5,0,6,24,0,30,0,6,29,0,35,38,0,38,73
04/19/2016,VCV,CA,AWP,WE,Federal Contract Tower,12,0,13,8,33,0,3,41,10,54,12,3,54,18,87,15,19,34,121
04/20/2016,VCV,CA,AWP,WE,Federal Contract Tower,0,0,12,2,14,0,3,21,2,26,0,3,33,4,40,32,20,52,92
04/21/2016,VCV,CA,AWP,WE,Federal Contract Tower,3,0,15,4,22,0,6,42,8,56,3,6,57,12,78,34,22,56,134
04/22/2016,VCV,CA,AWP,WE,Federal Contract Tower,7,0,7,5,19,1,5,24,4,34,8,5,31,9,53,14,14,28,81
04/23/2016,VCV,CA,AWP,WE,Federal Contract Tower,0,0,3,1,4,0,5,10,3,18,0,5,13,4,22,16,0,16,38
04/24/2016,VCV,CA,AWP,WE,Federal Contract Tower,4,1,5,0,10,0,0,13,0,13,4,1,18,0,23,4,0,4,27
04/25/2016,VCV,CA,AWP,WE,Federal Contract Tower,0,0,2,0,2,0,0,9,0,9,0,0,11,0,11,0,0,0,11
04/26/2016,VCV,CA,AWP,WE,Federal Contract Tower,15,0,11,14,40,0,4,21,7,32,15,4,32,21,72,29,16,45,117
04/27/2016,VCV,CA,AWP,WE,Federal Contract Tower,10,0,9,7,26,0,0,27,4,31,10,0,36,11,57,8,0,8,65
04/28/2016,VCV,CA,AWP,WE,Federal Contract Tower,7,0,4,3,14,0,0,0,0,0,7,0,4,3,14,0,0,0,14
04/29/2016,VCV,CA,AWP,WE,Federal Contract Tower,6,0,2,1,9,2,7,27,4,40,8,7,29,5,49,62,42,104,153
04/30/2016,VCV,CA,AWP,WE,Federal Contract Tower,4,0,0,0,4,2,9,20,0,31,6,9,20,0,35,34,0,34,69
05/01/2016,VCV,CA,AWP,WE,Federal Contract Tower,2,0,7,0,9,0,4,35,0,39,2,4,42,0,48,16,0,16,64
05/02/2016,VCV,CA,AWP,WE,Federal Contract Tower,7,0,0,0,7,0,2,13,7,22,7,2,13,7,29,30,16,46,75
05/03/2016,VCV,CA,AWP,WE,Federal Contract Tower,1,0,3,4,8,0,0,22,17,39,1,0,25,21,47,33,35,68,115
05/04/2016,VCV,CA,AWP,WE,Federal Contract Tower,3,0,3,7,13,0,3,27,19,49,3,3,30,26,62,58,40,98,160
05/05/2016,VCV,CA,AWP,WE,Federal Contract Tower,0,0,3,2,5,0,1,28,7,36,0,1,31,9,41,66,32,98,139
05/06/2016,VCV,CA,AWP,WE,Federal Contract Tower,7,0,8,0,15,0,2,21,6,29,7,2,29,6,44,28,44,72,116
05/07/2016,VCV,CA,AWP,WE,Federal Contract Tower,0,0,1,0,1,0,1,18,0,19,0,1,19,0,20,51,0,51,71
05/08/2016,VCV,CA,AWP,WE,Federal Contract Tower,0,0,4,0,4,0,0,23,1,24,0,0,27,1,28,76,0,76,104
05/09/2016,VCV,CA,AWP,WE,Federal Contract Tower,6,0,3,0,9,0,1,16,0,17,6,1,19,0,26,24,0,24,50
05/10/2016,VCV,CA,AWP,WE,Federal Contract Tower,0,2,4,4,10,0,0,20,17,37,0,2,24,21,47,29,24,53,100
05/11/2016,VCV,CA,AWP,WE,Federal Contract Tower,0,0,7,4,11,0,6,39,12,57,0,6,46,16,68,42,46,88,156
05/12/2016,VCV,CA,AWP,WE,Federal Contract Tower,2,1,1,1,5,0,1,17,3,21,2,2,18,4,26,60,26,86,112
05/13/2016,VCV,CA,AWP,WE,Federal Contract Tower,1,0,1,2,4,2,7,28,12,49,3,7,29,14,53,42,60,102,155
05/14/2016,VCV,CA,AWP,WE,Federal Contract Tower,0,0,0,0,0,0,6,21,2,29,0,6,21,2,29,70,8,78,107
05/15/2016,VCV,CA,AWP,WE,Federal Contract Tower,4,0,4,0,8,0,0,37,0,37,4,0,41,0,45,85,0,85,130
05/16/2016,VCV,CA,AWP,WE,Federal Contract Tower,1,0,5,3,9,0,3,31,7,41,1,3,36,10,50,85,28,113,163
05/17/2016,VCV,CA,AWP,WE,Federal Contract Tower,0,0,5,0,5,0,0,17,2,19,0,0,22,2,24,44,4,48,72
05/18/2016,VCV,CA,AWP,WE,Federal Contract Tower,1,0,9,3,13,0,1,42,10,53,1,1,51,13,66,44,62,106,172
05/19/2016,VCV,CA,AWP,WE,Federal Contract Tower,0,0,11,0,11,0,0,23,2,25,0,0,34,2,36,8,8,16,52
05/20/2016,VCV,CA,AWP,WE,Federal Contract Tower,0,0,7,3,10,0,5,19,12,36,0,5,26,15,46,0,0,0,46
05/21/2016,VCV,CA,AWP,WE,Federal Contract Tower,3,0,5,2,10,0,9,21,0,30,3,9,26,2,40,46,0,46,86
05/22/2016,VCV,CA,AWP,WE,Federal Contract Tower,6,0,3,0,9,0,2,13,4,19,6,2,16,4,28,6,0,6,34
05/23/2016,VCV,CA,AWP,WE,Federal Contract Tower,4,2,4,5,15,0,4,13,2,19,4,6,17,7,34,0,10,10,44
05/24/2016,VCV,CA,AWP,WE,Federal Contract Tower,4,1,4,3,12,0,2,11,4,17,4,3,15,7,29,16,18,34,63
05/25/2016,VCV,CA,AWP,WE,Federal Contract Tower,3,0,15,0,18,0,1,24,4,29,3,1,39,4,47,32,20,52,99
05/26/2016,VCV,CA,AWP,WE,Federal Contract Tower,1,1,11,6,19,0,2,28,15,45,1,3,39,21,64,30,28,58,122
05/27/2016,VCV,CA,AWP,WE,Federal Contract Tower,3,0,8,2,13,0,2,27,14,43,3,2,35,16,56,10,24,34,90
05/28/2016,VCV,CA,AWP,WE,Federal Contract Tower,0,0,5,10,15,0,6,10,2,18,0,6,15,12,33,0,0,0,33
05/29/2016,VCV,CA,AWP,WE,Federal Contract Tower,2,0,5,2,9,0,1,12,0,13,2,1,17,2,22,18,0,18,40
05/30/2016,VCV,CA,AWP,WE,Federal Contract Tower,6,0,2,0,8,0,7,17,2,26,6,7,19,2,34,36,42,78,112
05/31/2016,VCV,CA,AWP,WE,Federal Contract Tower,0,0,4,0,4,0,5,25,6,36,0,5,29,6,40,64,28,92,132
06/01/2016,VCV,CA,AWP,WE,Federal Contract Tower,0,4,29,4,37,0,2,38,6,46,0,6,67,10,83,84,70,154,237
06/02/2016,VCV,CA,AWP,WE,Federal Contract Tower,0,0,22,3,25,0,0,49,5,54,0,0,71,8,79,118,56,174,253
06/03/2016,VCV,CA,AWP,WE,Federal Contract Tower,20,0,5,0,25,0,4,32,7,43,20,4,37,7,68,70,24,94,162
06/04/2016,VCV,CA,AWP,WE,Federal Contract Tower,18,0,14,0,32,0,6,23,2,31,18,6,37,2,63,74,20,94,157
06/05/2016,VCV,CA,AWP,WE,Federal Contract Tower,18,0,2,0,20,0,0,6,0,6,18,0,8,0,26,0,0,0,26
06/06/2016,VCV,CA,AWP,WE,Federal Contract Tower,1,0,15,3,19,5,1,27,1,34,6,1,42,4,53,30,30,60,113
06/07/2016,VCV,CA,AWP,WE,Federal Contract Tower,2,1,3,4,10,1,2,20,6,29,3,3,23,10,39,0,4,4,43
06/08/2016,VCV,CA,AWP,WE,Federal Contract Tower,0,2,13,2,17,0,3,28,6,37,0,5,41,8,54,16,14,30,84
06/09/2016,VCV,CA,AWP,WE,Federal Contract Tower,6,0,8,3,17,0,10,42,9,61,6,10,50,12,78,80,52,132,210
06/10/2016,VCV,CA,AWP,WE,Federal Contract Tower,0,0,2,0,2,3,8,29,6,46,3,8,31,6,48,78,24,102,150
06/11/2016,VCV,CA,AWP,WE,Federal Contract Tower,2,0,4,4,10,0,7,18,6,31,2,7,22,10,41,6,0,6,47
06/12/2016,VCV,CA,AWP,WE,Federal Contract Tower,4,0,0,3,7,11,3,27,0,41,15,3,27,3,48,30,0,30,78
06/13/2016,VCV,CA,AWP,WE,Federal Contract Tower,0,0,5,2,7,0,0,19,4,23,0,0,24,6,30,30,0,30,60
06/14/2016,VCV,CA,AWP,WE,Federal Contract Tower,5,0,9,4,18,3,1,17,5,26,8,1,26,9,44,14,0,14,58
06/15/2016,VCV,CA,AWP,WE,Federal Contract Tower,4,0,4,1,9,0,2,9,6,17,4,2,13,7,26,22,44,66,92
06/16/2016,VCV,CA,AWP,WE,Federal Contract Tower,3,1,4,8,16,0,6,14,22,42,3,7,18,30,58,22,40,62,120
06/17/2016,VCV,CA,AWP,WE,Federal Contract Tower,0,0,0,0,0,0,0,25,7,32,0,0,25,7,32,54,26,80,112
06/18/2016,VCV,CA,AWP,WE,Federal Contract Tower,2,0,17,2,21,0,2,27,2,31,2,2,44,4,52,34,20,54,106
06/19/2016,VCV,CA,AWP,WE,Federal Contract Tower,0,0,0,1,1,10,8,10,0,28,10,8,10,1,29,8,0,8,37
06/20/2016,VCV,CA,AWP,WE,Federal Contract Tower,3,0,2,0,5,1,2,26,3,32,4,2,28,3,37,10,0,10,47
06/21/2016,VCV,CA,AWP,WE,Federal Contract Tower,0,0,14,2,16,0,6,34,4,44,0,6,48,6,60,2,0,2,62
06/22/2016,VCV,CA,AWP,WE,Federal Contract Tower,0,0,8,0,8,0,7,51,5,63,0,7,59,5,71,82,30,112,183
06/23/2016,VCV,CA,AWP,WE,Federal Contract Tower,8,2,3,0,13,1,1,37,10,49,9,3,40,10,62,62,38,100,162
06/24/2016,VCV,CA,AWP,WE,Federal Contract Tower,1,0,18,1,20,0,8,37,4,49,1,8,55,5,69,76,46,122,191
06/25/2016,VCV,CA,AWP,WE,Federal Contract Tower,4,0,17,0,21,6,7,43,4,60,10,7,60,4,81,88,54,142,223
06/26/2016,VCV,CA,AWP,WE,Federal Contract Tower,16,0,6,4,26,0,9,32,0,41,16,9,38,4,67,68,0,68,135
06/27/2016,VCV,CA,AWP,WE,Federal Contract Tower,20,0,17,2,39,2,5,35,24,66,22,5,52,26,105,73,28,101,206
06/28/2016,VCV,CA,AWP,WE,Federal Contract Tower,22,0,11,4,37,0,5,21,3,29,22,5,32,7,66,0,0,0,66
06/29/2016,VCV,CA,AWP,WE,Federal Contract Tower,1,0,2,0,3,0,7,27,8,42,1,7,29,8,45,62,22,84,129
06/30/2016,VCV,CA,AWP,WE,Federal Contract Tower,0,0,12,0,12,0,4,22,2,28,0,4,34,2,40,18,0,18,58
07/01/2016,VCV,CA,AWP,WE,Federal Contract Tower,7,0,4,0,11,0,9,30,0,39,7,9,34,0,50,52,0,52,102
07/02/2016,VCV,CA,AWP,WE,Federal Contract Tower,5,0,3,1,9,0,6,26,3,35,5,6,29,4,44,38,26,64,108
07/03/2016,VCV,CA,AWP,WE,Federal Contract Tower,0,0,3,1,4,0,5,11,0,16,0,5,14,1,20,18,0,18,38
07/04/2016,VCV,CA,AWP,WE,Federal Contract Tower,0,0,1,0,1,0,6,27,0,33,0,6,28,0,34,50,0,50,84
07/05/2016,VCV,CA,AWP,WE,Federal Contract Tower,0,0,7,0,7,0,1,7,0,8,0,1,14,0,15,0,0,0,15
07/06/2016,VCV,CA,AWP,WE,Federal Contract Tower,1,0,4,0,5,0,2,19,9,30,1,2,23,9,35,42,22,64,99
07/07/2016,VCV,CA,AWP,WE,Federal Contract Tower,1,0,2,0,3,0,2,29,9,40,1,2,31,9,43,42,30,72,115
07/08/2016,VCV,CA,AWP,WE,Federal Contract Tower,0,0,0,0,0,0,3,26,8,37,0,3,26,8,37,54,24,78,115
07/09/2016,VCV,CA,AWP,WE,Federal Contract Tower,0,0,0,0,0,0,6,31,6,43,0,6,31,6,43,80,10,90,133
07/10/2016,VCV,CA,AWP,WE,Federal Contract Tower,0,0,1,1,2,0,8,17,5,30,0,8,18,6,32,28,4,32,64
07/11/2016,VCV,CA,AWP,WE,Federal Contract Tower,0,0,1,0,1,0,3,16,0,19,0,3,17,0,20,0,0,0,20
07/12/2016,VCV,CA,AWP,WE,Federal Contract Tower,4,0,5,3,12,0,14,10,12,36,4,14,15,15,48,30,30,60,108
07/13/2016,VCV,CA,AWP,WE,Federal Contract Tower,0,0,4,0,4,0,2,40,10,52,0,2,44,10,56,70,36,106,162
07/14/2016,VCV,CA,AWP,WE,Federal Contract Tower,1,0,1,0,2,0,3,18,15,36,1,3,19,15,38,36,18,54,92
07/15/2016,VCV,CA,AWP,WE,Federal Contract Tower,1,0,0,3,4,0,9,41,6,56,1,9,41,9,60,24,31,55,115
07/16/2016,VCV,CA,AWP,WE,Federal Contract Tower,3,0,1,0,4,0,10,35,0,45,3,10,36,0,49,54,0,54,103
07/17/2016,VCV,CA,AWP,WE,Federal Contract Tower,0,0,2,1,3,1,4,42,0,47,1,4,44,1,50,66,0,66,116
07/18/2016,VCV,CA,AWP,WE,Federal Contract Tower,6,0,4,0,10,0,0,28,0,28,6,0,32,0,38,16,15,31,69
07/19/2016,VCV,CA,AWP,WE,Federal Contract Tower,0,2,5,0,7,0,6,17,9,32,0,8,22,9,39,13,13,26,65
07/20/2016,VCV,CA,AWP,WE,Federal Contract Tower,0,0,7,1,8,0,2,55,8,65,0,2,62,9,73,70,0,70,143
07/21/2016,VCV,CA,AWP,WE,Federal Contract Tower,0,0,9,1,10,1,7,31,9,48,1,7,40,10,58,42,22,64,122
07/22/2016,VCV,CA,AWP,WE,Federal Contract Tower,9,0,17,0,26,0,0,38,10,48,9,0,55,10,74,38,20,58,132
07/23/2016,VCV,CA,AWP,WE,Federal Contract Tower,3,0,0,4,7,0,0,2,0,2,3,0,2,4,9,0,0,0,9
07/24/2016,VCV,CA,AWP,WE,Federal Contract Tower,0,0,0,3,3,0,7,13,0,20,0,7,13,3,23,30,0,30,53
07/25/2016,VCV,CA,AWP,WE,Federal Contract Tower,0,0,7,0,7,0,4,20,4,28,0,4,27,4,35,46,10,56,91
07/26/2016,VCV,CA,AWP,WE,Federal Contract Tower,0,0,10,5,15,0,1,12,9,22,0,1,22,14,37,50,56,106,143
07/27/2016,VCV,CA,AWP,WE,Federal Contract Tower,0,0,4,5,9,0,6,28,9,43,0,6,32,14,52,82,28,110,162
07/28/2016,VCV,CA,AWP,WE,Federal Contract Tower,8,1,3,2,14,0,6,18,3,27,8,7,21,5,41,42,36,78,119
07/29/2016,VCV,CA,AWP,WE,Federal Contract Tower,0,0,1,1,2,0,5,37,1,43,0,5,38,2,45,57,0,57,102
07/30/2016,VCV,CA,AWP,WE,Federal Contract Tower,0,0,0,3,3,0,3,7,0,10,0,3,7,3,13,4,0,4,17
07/31/2016,VCV,CA,AWP,WE,Federal Contract Tower,6,0,0,0,6,0,3,12,0,15,6,3,12,0,21,67,0,67,88
08/01/2016,VCV,CA,AWP,WE,Federal Contract Tower,2,0,0,3,5,0,4,19,0,23,2,4,19,3,28,0,0,0,28
08/02/2016,VCV,CA,AWP,WE,Federal Contract Tower,0,0,0,2,2,0,3,40,7,50,0,3,40,9,52,68,20,88,140
08/03/2016,VCV,CA,AWP,WE,Federal Contract Tower,0,0,0,2,2,0,5,40,8,53,0,5,40,10,55,110,64,174,229
08/04/2016,VCV,CA,AWP,WE,Federal Contract Tower,1,0,4,7,12,0,9,23,15,47,1,9,27,22,59,30,12,42,101
08/05/2016,VCV,CA,AWP,WE,Federal Contract Tower,3,0,5,2,10,0,8,24,2,34,3,8,29,4,44,32,10,42,86
08/06/2016,VCV,CA,AWP,WE,Federal Contract Tower,0,0,2,1,3,0,3,13,8,24,0,3,15,9,27,0,12,12,39
08/07/2016,VCV,CA,AWP,WE,Federal Contract Tower,1,0,1,0,2,0,5,26,3,34,1,5,27,3,36,58,32,90,126
08/08/2016,VCV,CA,AWP,WE,Federal Contract Tower,0,0,8,13,21,0,4,27,12,43,0,4,35,25,64,0,30,30,94
08/09/2016,VCV,CA,AWP,WE,Federal Contract Tower,4,0,11,9,24,0,5,15,25,45,4,5,26,34,69,15,71,86,155
08/10/2016,VCV,CA,AWP,WE,Federal Contract Tower,0,0,15,9,24,0,4,21,20,45,0,4,36,29,69,12,30,42,111
08/11/2016,VCV,CA,AWP,WE,Federal Contract Tower,0,0,20,4,24,0,0,63,11,74,0,0,83,15,98,58,49,107,205
08/12/2016,VCV,CA,AWP,WE,Federal Contract Tower,7,0,10,5,22,0,8,30,0,38,7,8,40,5,60,73,4,77,137
08/13/2016,VCV,CA,AWP,WE,Federal Contract Tower,2,0,11,0,13,0,4,21,2,27,2,4,32,2,40,10,0,10,50
08/14/2016,VCV,CA,AWP,WE,Federal Contract Tower,2,0,1,1,4,0,5,22,0,27,2,5,23,1,31,46,0,46,77
08/15/2016,VCV,CA,AWP,WE,Federal Contract Tower,0,1,4,11,16,0,2,16,4,22,0,3,20,15,38,28,0,28,66
08/16/2016,VCV,CA,AWP,WE,Federal Contract Tower,0,0,7,5,12,0,2,5,6,13,0,2,12,11,25,0,13,13,38
08/17/2016,VCV,CA,AWP,WE,Federal Contract Tower,4,0,4,1,9,0,4,17,0,21,4,4,21,1,30,30,0,30,60
08/18/2016,VCV,CA,AWP,WE,Federal Contract Tower,2,0,6,1,9,0,0,29,2,31,2,0,35,3,40,30,8,38,78
08/19/2016,VCV,CA,AWP,WE,Federal Contract Tower,2,0,15,2,19,0,2,30,1,33,2,2,45,3,52,56,12,68,120
08/20/2016,VCV,CA,AWP,WE,Federal Contract Tower,3,0,17,2,22,0,5,45,0,50,3,5,62,2,72,66,0,66,138
08/21/2016,VCV,CA,AWP,WE,Federal Contract Tower,6,0,0,3,9,0,3,27,4,34,6,3,27,7,43,56,0,56,99
08/22/2016,VCV,CA,AWP,WE,Federal Contract Tower,2,0,11,3,16,0,8,49,2,59,2,8,60,5,75,28,6,34,109
08/23/2016,VCV,CA,AWP,WE,Federal Contract Tower,0,0,6,1,7,0,1,29,6,36,0,1,35,7,43,18,16,34,77
08/24/2016,VCV,CA,AWP,WE,Federal Contract Tower,1,0,6,3,10,0,0,34,10,44,1,0,40,13,54,66,20,86,140
08/25/2016,VCV,CA,AWP,WE,Federal Contract Tower,1,0,10,0,11,0,4,36,1,41,1,4,46,1,52,56,20,76,128
08/26/2016,VCV,CA,AWP,WE,Federal Contract Tower,0,0,13,3,16,0,2,24,3,29,0,2,37,6,45,54,34,88,133
08/27/2016,VCV,CA,AWP,WE,Federal Contract Tower,1,0,22,0,23,0,4,31,2,37,1,4,53,2,60,118,12,130,190
08/28/2016,VCV,CA,AWP,WE,Federal Contract Tower,0,0,1,0,1,0,4,28,0,32,0,4,29,0,33,42,0,42,75
08/29/2016,VCV,CA,AWP,WE,Federal Contract Tower,2,0,5,3,10,0,2,47,7,56,2,2,52,10,66,62,14,76,142
08/30/2016,VCV,CA,AWP,WE,Federal Contract Tower,0,0,4,3,7,0,2,29,8,39,0,2,33,11,46,38,40,78,124
08/31/2016,VCV,CA,AWP,WE,Federal Contract Tower,0,0,13,4,17,0,4,38,10,52,0,4,51,14,69,48,36,84,153
09/01/2016,VCV,CA,AWP,WE,Federal Contract Tower,2,1,24,1,28,0,1,58,5,64,2,2,82,6,92,48,12,60,152
09/02/2016,VCV,CA,AWP,WE,Federal Contract Tower,0,0,3,0,3,0,4,48,1,53,0,4,51,1,56,74,22,96,152
09/03/2016,VCV,CA,AWP,WE,Federal Contract Tower,0,0,1,0,1,0,0,20,4,24,0,0,21,4,25,12,0,12,37
09/04/2016,VCV,CA,AWP,WE,Federal Contract Tower,0,0,15,0,15,0,2,33,0,35,0,2,48,0,50,76,0,76,126
09/05/2016,VCV,CA,AWP,WE,Federal Contract Tower,0,0,21,0,21,0,5,50,0,55,0,5,71,0,76,70,0,70,146
09/06/2016,VCV,CA,AWP,WE,Federal Contract Tower,0,0,0,0,0,1,3,36,3,43,1,3,36,3,43,38,46,84,127
09/07/2016,VCV,CA,AWP,WE,Federal Contract Tower,0,0,3,1,4,0,2,40,13,55,0,2,43,14,59,52,32,84,143
09/08/2016,VCV,CA,AWP,WE,Federal Contract Tower,2,0,10,2,14,0,2,41,9,52,2,2,51,11,66,40,38,78,144
09/09/2016,VCV,CA,AWP,WE,Federal Contract Tower,0,0,9,0,9,0,5,44,7,56,0,5,53,7,65,10,54,64,129
09/10/2016,VCV,CA,AWP,WE,Federal Contract Tower,3,0,5,2,10,0,0,14,2,16,3,0,19,4,26,18,122,140,166
09/11/2016,VCV,CA,AWP,WE,Federal Contract Tower,5,0,1,0,6,0,6,30,2,38,5,6,31,2,44,76,72,148,192
09/12/2016,VCV,CA,AWP,WE,Federal Contract Tower,0,0,0,2,2,1,3,27,3,34,1,3,27,5,36,44,105,149,185
09/13/2016,VCV,CA,AWP,WE,Federal Contract Tower,1,0,0,3,4,0,6,32,4,42,1,6,32,7,46,42,66,108,154
09/14/2016,VCV,CA,AWP,WE,Federal Contract Tower,7,2,15,4,28,1,4,41,14,60,8,6,56,18,88,38,36,74,162
09/15/2016,VCV,CA,AWP,WE,Federal Contract Tower,9,1,4,6,20,0,2,26,10,38,9,3,30,16,58,40,16,56,114
09/16/2016,VCV,CA,AWP,WE,Federal Contract Tower,2,0,5,3,10,0,11,21,8,40,2,11,26,11,50,25,52,77,127
09/17/2016,VCV,CA,AWP,WE,Federal Contract Tower,2,0,0,1,3,0,9,27,2,38,2,9,27,3,41,68,10,78,119
09/18/2016,VCV,CA,AWP,WE,Federal Contract Tower,0,0,0,1,1,0,5,12,0,17,0,5,12,1,18,0,0,0,18
09/19/2016,VCV,CA,AWP,WE,Federal Contract Tower,2,0,1,0,3,0,0,8,0,8,2,0,9,0,11,0,0,0,11
09/20/2016,VCV,CA,AWP,WE,Federal Contract Tower,3,0,2,4,9,0,7,23,6,36,3,7,25,10,45,12,20,32,77
09/21/2016,VCV,CA,AWP,WE,Federal Contract Tower,14,0,11,5,30,0,4,35,15,54,14,4,46,20,84,40,40,80,164
09/22/2016,VCV,CA,AWP,WE,Federal Contract Tower,12,0,12,2,26,0,0,21,3,24,12,0,33,5,50,60,42,102,152
09/23/2016,VCV,CA,AWP,WE,Federal Contract Tower,17,0,5,2,24,0,0,35,9,44,17,0,40,11,68,38,12,50,118
09/24/2016,VCV,CA,AWP,WE,Federal Contract Tower,21,0,7,1,29,0,4,26,0,30,21,4,33,1,59,12,0,12,71
09/25/2016,VCV,CA,AWP,WE,Federal Contract Tower,0,0,7,3,10,0,0,45,0,45,0,0,52,3,55,10,0,10,65
09/26/2016,VCV,CA,AWP,WE,Federal Contract Tower,0,0,5,5,10,0,3,30,2,35,0,3,35,7,45,21,54,75,120
09/27/2016,VCV,CA,AWP,WE,Federal Contract Tower,3,0,8,6,17,0,3,28,10,41,3,3,36,16,58,48,36,84,142
09/28/2016,VCV,CA,AWP,WE,Federal Contract Tower,2,0,5,1,8,0,2,29,6,37,2,2,34,7,45,64,60,124,169
09/29/2016,VCV,CA,AWP,WE,Federal Contract Tower,1,0,2,1,4,0,2,19,31,52,1,2,21,32,56,54,30,84,140
09/30/2016,VCV,CA,AWP,WE,Federal Contract Tower,0,0,0,3,3,0,29,33,17,79,0,29,33,20,82,0,74,74,156
10/01/2016,VCV,CA,AWP,WE,Federal Contract Tower,1,0,0,2,3,0,7,13,7,27,1,7,13,9,30,0,36,36,66
10/02/2016,VCV,CA,AWP,WE,Federal Contract Tower,0,0,1,0,1,0,8,11,3,22,0,8,12,3,23,10,10,20,43
10/03/2016,VCV,CA,AWP,WE,Federal Contract Tower,0,0,2,0,2,0,2,10,0,12,0,2,12,0,14,0,0,0,14
10/04/2016,VCV,CA,AWP,WE,Federal Contract Tower,0,0,1,10,11,0,2,36,15,53,0,2,37,25,64,78,34,112,176
10/05/2016,VCV,CA,AWP,WE,Federal Contract Tower,2,0,5,5,12,0,2,37,13,52,2,2,42,18,64,38,44,82,146
10/06/2016,VCV,CA,AWP,WE,Federal Contract Tower,3,1,2,5,11,0,3,34,22,59,3,4,36,27,70,124,108,232,302
10/07/2016,VCV,CA,AWP,WE,Federal Contract Tower,0,0,9,2,11,1,6,22,0,29,1,6,31,2,40,30,0,30,70
10/08/2016,VCV,CA,AWP,WE,Federal Contract Tower,2,0,1,0,3,0,3,18,0,21,2,3,19,0,24,46,0,46,70
10/09/2016,VCV,CA,AWP,WE,Federal Contract Tower,0,0,3,0,3,0,6,14,2,22,0,6,17,2,25,44,0,44,69
10/10/2016,VCV,CA,AWP,WE,Federal Contract Tower,0,1,1,5,7,0,7,19,2,28,0,8,20,7,35,18,0,18,53
10/11/2016,VCV,CA,AWP,WE,Federal Contract Tower,3,1,4,8,16,1,7,29,15,52,4,8,33,23,68,60,8,68,136
10/12/2016,VCV,CA,AWP,WE,Federal Contract Tower,0,1,14,7,22,0,4,45,15,64,0,5,59,22,86,46,86,132,218
10/13/2016,VCV,CA,AWP,WE,Federal Contract Tower,1,1,6,3,11,0,5,33,20,58,1,6,39,23,69,48,106,154,223
10/14/2016,VCV,CA,AWP,WE,Federal Contract Tower,0,0,2,0,2,0,5,13,0,18,0,5,15,0,20,50,24,74,94
10/15/2016,VCV,CA,AWP,WE,Federal Contract Tower,0,1,9,1,11,0,2,30,0,32,0,3,39,1,43,98,0,98,141
10/16/2016,VCV,CA,AWP,WE,Federal Contract Tower,4,1,0,0,5,0,7,15,0,22,4,8,15,0,27,41,0,41,68
10/17/2016,VCV,CA,AWP,WE,Federal Contract Tower,9,1,7,1,18,1,0,31,1,33,10,1,38,2,51,16,26,42,93
10/18/2016,VCV,CA,AWP,WE,Federal Contract Tower,8,0,3,2,13,0,5,29,13,47,8,5,32,15,60,50,42,92,152
10/19/2016,VCV,CA,AWP,WE,Federal Contract Tower,12,0,5,2,19,0,7,37,14,58,12,7,42,16,77,50,56,106,183
10/20/2016,VCV,CA,AWP,WE,Federal Contract Tower,11,0,2,0,13,0,1,38,3,42,11,1,40,3,55,48,36,84,139
10/21/2016,VCV,CA,AWP,WE,Federal Contract Tower,8,1,5,1,15,1,1,28,5,35,9,2,33,6,50,44,0,44,94
10/22/2016,VCV,CA,AWP,WE,Federal Contract Tower,0,0,1,0,1,0,0,8,6,14,0,0,9,6,15,34,0,34,49
10/23/2016,VCV,CA,AWP,WE,Federal Contract Tower,6,0,1,0,7,0,0,10,1,11,6,0,11,1,18,0,6,6,24
10/24/2016,VCV,CA,AWP,WE,Federal Contract Tower,1,1,0,2,4,0,3,14,7,24,1,4,14,9,28,0,21,21,49
10/25/2016,VCV,CA,AWP,WE,Federal Contract Tower,1,0,4,0,5,0,4,41,13,58,1,4,45,13,63,84,72,156,219
10/26/2016,VCV,CA,AWP,WE,Federal Contract Tower,5,0,13,2,20,0,4,57,14,75,5,4,70,16,95,58,66,124,219
10/27/2016,VCV,CA,AWP,WE,Federal Contract Tower,5,0,15,1,21,0,2,47,3,52,5,2,62,4,73,34,14,48,121
10/28/2016,VCV,CA,AWP,WE,Federal Contract Tower,0,0,1,1,2,0,8,11,0,19,0,8,12,1,21,0,0,0,21
10/29/2016,VCV,CA,AWP,WE,Federal Contract Tower,1,0,0,3,4,0,11,3,5,19,1,11,3,8,23,0,0,0,23
10/30/2016,VCV,CA,AWP,WE,Federal Contract Tower,0,0,1,2,3,0,6,12,0,18,0,6,13,2,21,44,0,44,65
10/31/2016,VCV,CA,AWP,WE,Federal Contract Tower,0,1,3,4,8,0,6,22,4,32,0,7,25,8,40,60,0,60,100
11/01/2016,VCV,CA,AWP,WE,Federal Contract Tower,2,0,8,4,14,0,2,36,3,41,2,2,44,7,55,16,50,66,121
11/02/2016,VCV,CA,AWP,WE,Federal Contract Tower,0,0,7,2,9,0,14,29,10,53,0,14,36,12,62,66,40,106,168
11/03/2016,VCV,CA,AWP,WE,Federal Contract Tower,3,1,5,2,11,0,1,40,5,46,3,2,45,7,57,30,30,60,117
11/04/2016,VCV,CA,AWP,WE,Federal Contract Tower,2,1,2,6,11,0,8,31,10,49,2,9,33,16,60,76,142,218,278
11/05/2016,VCV,CA,AWP,WE,Federal Contract Tower,5,1,7,4,17,0,8,15,0,23,5,9,22,4,40,8,0,8,48
11/06/2016,VCV,CA,AWP,WE,Federal Contract Tower,2,0,5,6,13,0,4,35,2,41,2,4,40,8,54,71,46,117,171
11/07/2016,VCV,CA,AWP,WE,Federal Contract Tower,1,4,5,9,19,0,6,37,2,45,1,10,42,11,64,21,0,21,85
11/08/2016,VCV,CA,AWP,WE,Federal Contract Tower,0,1,6,5,12,0,4,25,15,44,0,5,31,20,56,50,72,122,178
11/09/2016,VCV,CA,AWP,WE,Federal Contract Tower,0,0,0,1,1,0,3,30,3,36,0,3,30,4,37,56,38,94,131
11/10/2016,VCV,CA,AWP,WE,Federal Contract Tower,0,2,6,15,23,0,3,47,33,83,0,5,53,48,106,26,108,134,240
11/11/2016,VCV,CA,AWP,WE,Federal Contract Tower,0,1,3,6,10,0,5,41,13,59,0,6,44,19,69,0,0,0,69
11/12/2016,VCV,CA,AWP,WE,Federal Contract Tower,2,1,3,1,7,0,2,7,0,9,2,3,10,1,16,16,0,16,32
11/13/2016,VCV,CA,AWP,WE,Federal Contract Tower,2,0,0,1,3,0,11,15,0,26,2,11,15,1,29,44,0,44,73
11/14/2016,VCV,CA,AWP,WE,Federal Contract Tower,0,0,8,1,9,0,14,43,0,57,0,14,51,1,66,57,0,57,123
11/15/2016,VCV,CA,AWP,WE,Federal Contract Tower,4,0,7,6,17,0,3,23,11,37,4,3,30,17,54,48,36,84,138
11/16/2016,VCV,CA,AWP,WE,Federal Contract Tower,4,0,9,2,15,0,1,35,3,39,4,1,44,5,54,44,28,72,126
11/17/2016,VCV,CA,AWP,WE,Federal Contract Tower,3,2,3,4,12,0,8,41,7,56,3,10,44,11,68,88,76,164,232
11/18/2016,VCV,CA,AWP,WE,Federal Contract Tower,0,0,1,2,3,1,1,14,13,29,1,1,15,15,32,16,104,120,152
11/19/2016,VCV,CA,AWP,WE,Federal Contract Tower,0,6,2,1,9,0,0,23,0,23,0,6,25,1,32,52,0,52,84
11/20/2016,VCV,CA,AWP,WE,Federal Contract Tower,0,0,3,1,4,0,3,8,0,11,0,3,11,1,15,8,0,8,23
11/21/2016,VCV,CA,AWP,WE,Federal Contract Tower,0,0,5,7,12,0,5,37,13,55,0,5,42,20,67,98,0,98,165
11/22/2016,VCV,CA,AWP,WE,Federal Contract Tower,0,0,6,4,10,0,1,40,13,54,0,1,46,17,64,86,58,144,208
11/23/2016,VCV,CA,AWP,WE,Federal Contract Tower,1,0,6,0,7,0,4,31,5,40,1,4,37,5,47,64,30,94,141
11/24/2016,VCV,CA,AWP,WE,Federal Contract Tower,0,0,0,0,0,0,7,45,0,52,0,7,45,0,52,82,0,82,134
11/25/2016,VCV,CA,AWP,WE,Federal Contract Tower,0,0,4,0,4,0,5,12,0,17,0,5,16,0,21,43,0,43,64
11/26/2016,VCV,CA,AWP,WE,Federal Contract Tower,0,0,0,0,0,0,9,10,0,19,0,9,10,0,19,32,0,32,51
11/27/2016,VCV,CA,AWP,WE,Federal Contract Tower,0,0,1,1,2,0,4,12,0,16,0,4,13,1,18,26,0,26,44
11/28/2016,VCV,CA,AWP,WE,Federal Contract Tower,0,0,0,0,0,8,3,11,0,22,8,3,11,0,22,39,0,39,61
11/29/2016,VCV,CA,AWP,WE,Federal Contract Tower,0,4,7,10,21,0,7,24,22,53,0,11,31,32,74,47,75,122,196
11/30/2016,VCV,CA,AWP,WE,Federal Contract Tower,1,0,4,6,11,0,3,27,19,49,1,3,31,25,60,62,96,158,218
12/01/2016,VCV,CA,AWP,WE,Federal Contract Tower,2,2,4,6,14,0,1,20,14,35,2,3,24,20,49,40,24,64,113
12/02/2016,VCV,CA,AWP,WE,Federal Contract Tower,5,0,5,6,16,0,0,19,4,23,5,0,24,10,39,91,59,150,189
12/03/2016,VCV,CA,AWP,WE,Federal Contract Tower,0,3,1,2,6,0,0,14,0,14,0,3,15,2,20,10,0,10,30
12/04/2016,VCV,CA,AWP,WE,Federal Contract Tower,5,3,4,2,14,0,6,29,4,39,5,9,33,6,53,54,22,76,129
12/05/2016,VCV,CA,AWP,WE,Federal Contract Tower,0,0,7,1,8,0,2,27,0,29,0,2,34,1,37,20,0,20,57
12/06/2016,VCV,CA,AWP,WE,Federal Contract Tower,1,0,2,2,5,1,4,20,2,27,2,4,22,4,32,14,48,62,94
12/07/2016,VCV,CA,AWP,WE,Federal Contract Tower,1,0,2,16,19,1,7,39,19,66,2,7,41,35,85,78,96,174,259
12/08/2016,VCV,CA,AWP,WE,Federal Contract Tower,0,0,10,8,18,0,0,25,9,34,0,0,35,17,52,36,98,134,186
12/09/2016,VCV,CA,AWP,WE,Federal Contract Tower,1,0,3,2,6,0,5,18,0,23,1,5,21,2,29,42,30,72,101
12/10/2016,VCV,CA,AWP,WE,Federal Contract Tower,0,0,6,1,7,0,2,26,0,28,0,2,32,1,35,20,0,20,55
12/11/2016,VCV,CA,AWP,WE,Federal Contract Tower,2,0,1,2,5,1,3,22,0,26,3,3,23,2,31,52,0,52,83
12/12/2016,VCV,CA,AWP,WE,Federal Contract Tower,2,0,1,3,6,0,4,16,2,22,2,4,17,5,28,42,0,42,70
12/13/2016,VCV,CA,AWP,WE,Federal Contract Tower,5,0,3,12,20,0,4,23,20,47,5,4,26,32,67,48,24,72,139
12/14/2016,VCV,CA,AWP,WE,Federal Contract Tower,1,0,6,6,13,1,5,47,21,74,2,5,53,27,87,34,46,80,167
12/15/2016,VCV,CA,AWP,WE,Federal Contract Tower,1,0,10,0,11,0,5,37,5,47,1,5,47,5,58,86,64,150,208
12/16/2016,VCV,CA,AWP,WE,Federal Contract Tower,0,0,1,0,1,0,3,4,0,7,0,3,5,0,8,22,0,22,30
12/17/2016,VCV,CA,AWP,WE,Federal Contract Tower,1,0,0,0,1,0,8,14,0,22,1,8,14,0,23,44,0,44,67
12/18/2016,VCV,CA,AWP,WE,Federal Contract Tower,1,0,0,0,1,0,2,24,0,26,1,2,24,0,27,44,0,44,71
12/19/2016,VCV,CA,AWP,WE,Federal Contract Tower,0,0,4,0,4,0,9,30,2,41,0,9,34,2,45,58,40,98,143
12/20/2016,VCV,CA,AWP,WE,Federal Contract Tower,0,0,8,1,9,0,6,22,13,41,0,6,30,14,50,44,48,92,142
12/21/2016,VCV,CA,AWP,WE,Federal Contract Tower,2,0,17,2,21,0,1,36,2,39,2,1,53,4,60,92,14,106,166
12/22/2016,VCV,CA,AWP,WE,Federal Contract Tower,2,0,11,4,17,0,0,8,0,8,2,0,19,4,25,52,0,52,77
12/23/2016,VCV,CA,AWP,WE,Federal Contract Tower,1,0,3,0,4,0,6,8,0,14,1,6,11,0,18,22,0,22,40
12/24/2016,VCV,CA,AWP,WE,Federal Contract Tower,0,0,0,0,0,0,11,21,0,32,0,11,21,0,32,18,0,18,50
12/25/2016,VCV,CA,AWP,WE,Federal Contract Tower,0,0,0,0,0,0,6,33,0,39,0,6,33,0,39,58,0,58,97
12/26/2016,VCV,CA,AWP,WE,Federal Contract Tower,0,0,0,0,0,0,0,10,0,10,0,0,10,0,10,21,0,21,31
12/27/2016,VCV,CA,AWP,WE,Federal Contract Tower,3,0,6,0,9,0,2,36,0,38,3,2,42,0,47,64,0,64,111
12/28/2016,VCV,CA,AWP,WE,Federal Contract Tower,0,0,13,0,13,0,4,51,0,55,0,4,64,0,68,56,0,56,124
12/29/2016,VCV,CA,AWP,WE,Federal Contract Tower,0,0,7,0,7,0,4,49,0,53,0,4,56,0,60,22,0,22,82
12/30/2016,VCV,CA,AWP,WE,Federal Contract Tower,0,0,0,2,2,0,7,11,7,25,0,7,11,9,27,0,32,32,59
12/31/2016,VCV,CA,AWP,WE,Federal Contract Tower,0,0,2,0,2,0,7,33,0,40,0,7,35,0,42,84,0,84,126
01/01/2017,VCV,CA,AWP,WE,Federal Contract Tower,0,0,1,0,1,0,4,16,0,20,0,4,17,0,21,16,0,16,37
01/02/2017,VCV,CA,AWP,WE,Federal Contract Tower,2,0,4,0,6,0,0,10,0,10,2,0,14,0,16,22,0,22,38
01/03/2017,VCV,CA,AWP,WE,Federal Contract Tower,6,0,9,0,15,0,2,19,1,22,6,2,28,1,37,38,8,46,83
01/04/2017,VCV,CA,AWP,WE,Federal Contract Tower,3,0,4,1,8,0,6,28,14,48,3,6,32,15,56,48,28,76,132
01/05/2017,VCV,CA,AWP,WE,Federal Contract Tower,0,0,8,2,10,0,0,10,5,15,0,0,18,7,25,0,16,16,41
01/06/2017,VCV,CA,AWP,WE,Federal Contract Tower,1,0,8,2,11,0,0,20,0,20,1,0,28,2,31,20,0,20,51
01/07/2017,VCV,CA,AWP,WE,Federal Contract Tower,4,0,6,1,11,0,0,10,0,10,4,0,16,1,21,10,0,10,31
01/08/2017,VCV,CA,AWP,WE,Federal Contract Tower,5,0,1,0,6,0,0,16,0,16,5,0,17,0,22,22,0,22,44
01/09/2017,VCV,CA,AWP,WE,Federal Contract Tower,2,0,4,1,7,0,2,14,3,19,2,2,18,4,26,0,0,0,26
01/10/2017,VCV,CA,AWP,WE,Federal Contract Tower,3,0,3,3,9,0,4,26,4,34,3,4,29,7,43,2,18,20,63
01/11/2017,VCV,CA,AWP,WE,Federal Contract Tower,1,0,12,1,14,0,6,23,8,37,1,6,35,9,51,36,28,64,115
01/12/2017,VCV,CA,AWP,WE,Federal Contract Tower,4,2,9,1,16,0,0,13,2,15,4,2,22,3,31,12,0,12,43
01/13/2017,VCV,CA,AWP,WE,Federal Contract Tower,6,0,37,0,43,0,0,9,0,9,6,0,46,0,52,25,0,25,77
01/14/2017,VCV,CA,AWP,WE,Federal Contract Tower,3,0,0,0,3,0,11,9,3,23,3,11,9,3,26,0,0,0,26
01/15/2017,VCV,CA,AWP,WE,Federal Contract Tower,0,0,1,0,1,0,0,8,10,18,0,0,9,10,19,14,0,14,33
01/16/2017,VCV,CA,AWP,WE,Federal Contract Tower,0,0,4,0,4,0,2,18,0,20,0,2,22,0,24,18,0,18,42
01/17/2017,VCV,CA,AWP,WE,Federal Contract Tower,0,0,1,4,5,0,4,29,8,41,0,4,30,12,46,80,40,120,166
01/18/2017,VCV,CA,AWP,WE,Federal Contract Tower,0,0,0,0,0,0,4,27,9,40,0,4,27,9,40,162,88,250,290
01/19/2017,VCV,CA,AWP,WE,Federal Contract Tower,3,0,6,0,9,0,0,26,0,26,3,0,32,0,35,10,0,10,45
01/20/2017,VCV,CA,AWP,WE,Federal Contract Tower,1,0,15,2,18,0,3,44,0,47,1,3,59,2,65,34,0,34,99
01/21/2017,VCV,CA,AWP,WE,Federal Contract Tower,8,0,10,2,20,0,2,14,0,16,8,2,24,2,36,12,0,12,48
01/22/2017,VCV,CA,AWP,WE,Federal Contract Tower,2,0,3,1,6,0,0,0,0,0,2,0,3,1,6,0,0,0,6
01/23/2017,VCV,CA,AWP,WE,Federal Contract Tower,1,0,8,0,9,0,0,10,2,12,1,0,18,2,21,0,20,20,41
01/24/2017,VCV,CA,AWP,WE,Federal Contract Tower,2,0,15,4,21,0,5,41,33,79,2,5,56,37,100,82,32,114,214
01/25/2017,VCV,CA,AWP,WE,Federal Contract Tower,1,0,14,2,17,1,4,37,15,57,2,4,51,17,74,70,72,142,216
01/26/2017,VCV,CA,AWP,WE,Federal Contract Tower,3,0,14,1,18,0,0,65,11,76,3,0,79,12,94,78,66,144,238
01/27/2017,VCV,CA,AWP,WE,Federal Contract Tower,3,0,1,7,11,0,9,19,17,45,3,9,20,24,56,69,38,107,163
01/28/2017,VCV,CA,AWP,WE,Federal Contract Tower,0,1,1,0,2,0,1,7,15,23,0,2,8,15,25,2,0,2,27
01/29/2017,VCV,CA,AWP,WE,Federal Contract Tower,1,0,3,0,4,0,2,18,0,20,1,2,21,0,24,35,0,35,59
01/30/2017,VCV,CA,AWP,WE,Federal Contract Tower,2,0,4,5,11,0,4,21,19,44,2,4,25,24,55,36,0,36,91
01/31/2017,VCV,CA,AWP,WE,Federal Contract Tower,3,3,5,2,13,0,5,44,12,61,3,8,49,14,74,74,82,156,230
02/01/2017,VCV,CA,AWP,WE,Federal Contract Tower,5,0,16,6,27,0,7,52,15,74,5,7,68,21,101,78,76,154,255
02/02/2017,VCV,CA,AWP,WE,Federal Contract Tower,10,0,6,1,17,0,3,42,4,49,10,3,48,5,66,114,22,136,202
02/03/2017,VCV,CA,AWP,WE,Federal Contract Tower,6,0,12,6,24,0,2,31,6,39,6,2,43,12,63,54,36,90,153
02/04/2017,VCV,CA,AWP,WE,Federal Contract Tower,3,0,2,3,8,0,3,34,2,39,3,3,36,5,47,64,35,99,146
02/05/2017,VCV,CA,AWP,WE,Federal Contract Tower,11,0,14,0,25,0,1,49,2,52,11,1,63,2,77,160,0,160,237
02/06/2017,VCV,CA,AWP,WE,Federal Contract Tower,9,0,10,0,19,0,5,58,2,65,9,5,68,2,84,206,16,222,306
02/07/2017,VCV,CA,AWP,WE,Federal Contract Tower,4,0,7,1,12,0,6,20,6,32,4,6,27,7,44,24,18,42,86
02/08/2017,VCV,CA,AWP,WE,Federal Contract Tower,5,0,8,3,16,0,0,24,17,41,5,0,32,20,57,50,56,106,163
02/09/2017,VCV,CA,AWP,WE,Federal Contract Tower,22,0,12,2,36,0,2,39,9,50,22,2,51,11,86,66,84,150,236
02/10/2017,VCV,CA,AWP,WE,Federal Contract Tower,17,1,6,4,28,0,2,28,10,40,17,3,34,14,68,10,0,10,78
02/11/2017,VCV,CA,AWP,WE,Federal Contract Tower,15,0,7,1,23,0,15,6,4,25,15,15,13,5,48,14,44,58,106
02/12/2017,VCV,CA,AWP,WE,Federal Contract Tower,17,0,1,1,19,0,0,14,2,16,17,0,15,3,35,20,20,40,75
02/13/2017,VCV,CA,AWP,WE,Federal Contract Tower,0,1,3,3,7,0,10,17,8,35,0,11,20,11,42,8,34,42,84
02/14/2017,VCV,CA,AWP,WE,Federal Contract Tower,2,0,6,7,15,0,6,23,17,46,2,6,29,24,61,34,52,86,147
02/15/2017,VCV,CA,AWP,WE,Federal Contract Tower,0,0,8,0,8,0,4,32,7,43,0,4,40,7,51,70,42,112,163
02/16/2017,VCV,CA,AWP,WE,Federal Contract Tower,0,0,5,4,9,0,4,17,6,27,0,4,22,10,36,56,8,64,100
02/17/2017,VCV,CA,AWP,WE,Federal Contract Tower,1,0,0,1,2,0,0,0,4,4,1,0,0,5,6,0,0,0,6
02/18/2017,VCV,CA,AWP,WE,Federal Contract Tower,0,0,1,0,1,0,6,20,13,39,0,6,21,13,40,32,0,32,72
02/19/2017,VCV,CA,AWP,WE,Federal Contract Tower,0,0,1,0,1,0,7,23,1,31,0,7,24,1,32,98,0,98,130
02/20/2017,VCV,CA,AWP,WE,Federal Contract Tower,2,0,8,2,12,0,6,29,1,36,2,6,37,3,48,52,0,52,100
02/21/2017,VCV,CA,AWP,WE,Federal Contract Tower,6,0,12,9,27,0,2,34,6,42,6,2,46,15,69,20,0,20,89
02/22/2017,VCV,CA,AWP,WE,Federal Contract Tower,0,1,5,5,11,0,2,17,7,26,0,3,22,12,37,22,40,62,99
02/23/2017,VCV,CA,AWP,WE,Federal Contract Tower,0,0,4,6,10,0,12,8,17,37,0,12,12,23,47,10,0,10,57
02/24/2017,VCV,CA,AWP,WE,Federal Contract Tower,4,0,2,1,7,0,9,22,5,36,4,9,24,6,43,23,42,65,108
02/25/2017,VCV,CA,AWP,WE,Federal Contract Tower,2,0,2,0,4,0,2,15,2,19,2,2,17,2,23,28,16,44,67
02/26/2017,VCV,CA,AWP,WE,Federal Contract Tower,0,0,0,0,0,0,1,18,0,19,0,1,18,0,19,0,0,0,19
02/27/2017,VCV,CA,AWP,WE,Federal Contract Tower,2,0,14,5,21,0,0,21,7,28,2,0,35,12,49,52,52,104,153
02/28/2017,VCV,CA,AWP,WE,Federal Contract Tower,2,0,20,0,22,0,4,36,8,48,2,4,56,8,70,31,53,84,154
03/01/2017,VCV,CA,AWP,WE,Federal Contract Tower,6,0,12,2,20,0,3,37,9,49,6,3,49,11,69,58,78,136,205
03/02/2017,VCV,CA,AWP,WE,Federal Contract Tower,0,0,14,4,18,0,2,41,11,54,0,2,55,15,72,44,42,86,158
03/03/2017,VCV,CA,AWP,WE,Federal Contract Tower,2,0,7,4,13,0,15,40,6,61,2,15,47,10,74,26,16,42,116
03/04/2017,VCV,CA,AWP,WE,Federal Contract Tower,4,0,1,4,9,0,3,11,0,14,4,3,12,4,23,0,0,0,23
03/05/2017,VCV,CA,AWP,WE,Federal Contract Tower,5,0,0,1,6,8,5,12,0,25,13,5,12,1,31,0,0,0,31
03/06/2017,VCV,CA,AWP,WE,Federal Contract Tower,1,0,6,2,9,0,4,39,2,45,1,4,45,4,54,40,0,40,94
03/07/2017,VCV,CA,AWP,WE,Federal Contract Tower,3,0,3,3,9,0,12,23,29,64,3,12,26,32,73,57,42,99,172
03/08/2017,VCV,CA,AWP,WE,Federal Contract Tower,13,0,3,1,17,0,7,23,9,39,13,7,26,10,56,38,50,88,144
03/09/2017,VCV,CA,AWP,WE,Federal Contract Tower,16,2,14,1,33,0,6,51,11,68,16,8,65,12,101,82,68,150,251
03/10/2017,VCV,CA,AWP,WE,Federal Contract Tower,14,0,7,3,24,0,11,35,19,65,14,11,42,22,89,50,137,187,276
03/11/2017,VCV,CA,AWP,WE,Federal Contract Tower,2,0,13,1,16,0,9,22,15,46,2,9,35,16,62,52,28,80,142
03/12/2017,VCV,CA,AWP,WE,Federal Contract Tower,1,0,1,0,2,0,1,16,0,17,1,1,17,0,19,31,0,31,50
03/13/2017,VCV,CA,AWP,WE,Federal Contract Tower,3,0,1,2,6,0,7,23,0,30,3,7,24,2,36,20,0,20,56
03/14/2017,VCV,CA,AWP,WE,Federal Contract Tower,5,0,1,2,8,0,8,34,6,48,5,8,35,8,56,58,38,96,152
03/15/2017,VCV,CA,AWP,WE,Federal Contract Tower,4,0,1,3,8,0,5,44,3,52,4,5,45,6,60,86,22,108,168
03/16/2017,VCV,CA,AWP,WE,Federal Contract Tower,1,0,8,2,11,0,3,51,4,58,1,3,59,6,69,58,4,62,131
03/17/2017,VCV,CA,AWP,WE,Federal Contract Tower,1,0,3,4,8,0,3,43,17,63,1,3,46,21,71,58,8,66,137
03/19/2017,VCV,CA,AWP,WE,Federal Contract Tower,0,0,2,2,4,0,9,30,3,42,0,9,32,5,46,24,28,52,98
03/20/2017,VCV,CA,AWP,WE,Federal Contract Tower,0,0,4,3,7,0,4,17,14,35,0,4,21,17,42,2,47,49,91
03/21/2017,VCV,CA,AWP,WE,Federal Contract Tower,9,0,18,4,31,0,3,13,20,36,9,3,31,24,67,0,28,28,95
03/22/2017,VCV,CA,AWP,WE,Federal Contract Tower,8,0,2,3,13,0,1,23,15,39,8,1,25,18,52,26,66,92,144
03/23/2017,VCV,CA,AWP,WE,Federal Contract Tower,9,0,17,2,28,0,0,20,5,25,9,0,37,7,53,10,34,44,97
03/24/2017,VCV,CA,AWP,WE,Federal Contract Tower,8,1,8,7,24,0,5,34,21,60,8,6,42,28,84,40,54,94,178
03/25/2017,VCV,CA,AWP,WE,Federal Contract Tower,15,0,1,2,18,0,7,11,10,28,15,7,12,12,46,20,68,88,134
03/26/2017,VCV,CA,AWP,WE,Federal Contract Tower,9,0,2,4,15,0,5,20,14,39,9,5,22,18,54,14,30,44,98
03/27/2017,VCV,CA,AWP,WE,Federal Contract Tower,1,0,8,0,9,0,11,16,5,32,1,11,24,5,41,10,0,10,51
03/28/2017,VCV,CA,AWP,WE,Federal Contract Tower,1,0,3,5,9,0,6,34,25,65,1,6,37,30,74,40,84,124,198
03/29/2017,VCV,CA,AWP,WE,Federal Contract Tower,1,0,0,0,1,0,3,40,9,52,1,3,40,9,53,56,40,96,149
03/30/2017,VCV,CA,AWP,WE,Federal Contract Tower,4,0,2,2,8,0,2,16,8,26,4,2,18,10,34,0,14,14,48
03/31/2017,VCV,CA,AWP,WE,Federal Contract Tower,4,0,0,5,9,0,11,11,7,29,4,11,11,12,38,10,10,20,58
04/01/2017,VCV,CA,AWP,WE,Federal Contract Tower,1,0,2,5,8,0,1,16,3,20,1,1,18,8,28,12,0,12,40
04/02/2017,VCV,CA,AWP,WE,Federal Contract Tower,0,0,1,0,1,0,2,35,4,41,0,2,36,4,42,14,42,56,98
04/03/2017,VCV,CA,AWP,WE,Federal Contract Tower,2,0,10,3,15,0,2,25,14,41,2,2,35,17,56,48,18,66,122
04/04/2017,VCV,CA,AWP,WE,Federal Contract Tower,4,0,9,5,18,0,6,32,15,53,4,6,41,20,71,74,68,142,213
04/05/2017,VCV,CA,AWP,WE,Federal Contract Tower,0,0,0,3,3,0,7,45,11,63,0,7,45,14,66,76,52,128,194
04/06/2017,VCV,CA,AWP,WE,Federal Contract Tower,0,0,17,3,20,1,2,47,11,61,1,2,64,14,81,74,16,90,171
04/07/2017,VCV,CA,AWP,WE,Federal Contract Tower,1,0,5,3,9,0,4,39,6,49,1,4,44,9,58,10,0,10,68
04/08/2017,VCV,CA,AWP,WE,Federal Contract Tower,0,0,6,2,8,0,6,11,6,23,0,6,17,8,31,0,0,0,31
04/09/2017,VCV,CA,AWP,WE,Federal Contract Tower,0,0,2,1,3,0,0,14,5,19,0,0,16,6,22,16,0,16,38
04/10/2017,VCV,CA,AWP,WE,Federal Contract Tower,0,0,0,6,6,0,3,20,14,37,0,3,20,20,43,10,0,10,53
04/11/2017,VCV,CA,AWP,WE,Federal Contract Tower,2,1,1,5,9,0,5,18,4,27,2,6,19,9,36,12,24,36,72
04/12/2017,VCV,CA,AWP,WE,Federal Contract Tower,0,0,4,8,12,0,1,25,7,33,0,1,29,15,45,18,12,30,75
04/13/2017,VCV,CA,AWP,WE,Federal Contract Tower,2,0,3,0,5,0,2,14,2,18,2,2,17,2,23,14,0,14,37
04/14/2017,VCV,CA,AWP,WE,Federal Contract Tower,4,0,4,3,11,0,5,28,8,41,4,5,32,11,52,2,12,14,66
04/15/2017,VCV,CA,AWP,WE,Federal Contract Tower,0,1,4,2,7,0,2,14,0,16,0,3,18,2,23,12,0,12,35
04/16/2017,VCV,CA,AWP,WE,Federal Contract Tower,1,0,2,0,3,0,2,15,2,19,1,2,17,2,22,0,0,0,22
04/17/2017,VCV,CA,AWP,WE,Federal Contract Tower,6,0,2,8,16,0,4,8,19,31,6,4,10,27,47,20,22,42,89
04/18/2017,VCV,CA,AWP,WE,Federal Contract Tower,17,0,1,9,27,0,7,7,15,29,17,7,8,24,56,10,10,20,76
04/19/2017,VCV,CA,AWP,WE,Federal Contract Tower,12,0,11,5,28,0,3,27,8,38,12,3,38,13,66,38,2,40,106
04/20/2017,VCV,CA,AWP,WE,Federal Contract Tower,11,0,0,4,15,0,0,19,0,19,11,0,19,4,34,0,0,0,34
04/21/2017,VCV,CA,AWP,WE,Federal Contract Tower,13,0,6,3,22,0,4,26,0,30,13,4,32,3,52,0,0,0,52
04/22/2017,VCV,CA,AWP,WE,Federal Contract Tower,13,0,7,10,30,0,4,37,5,46,13,4,44,15,76,14,16,30,106
04/23/2017,VCV,CA,AWP,WE,Federal Contract Tower,3,0,10,2,15,0,0,17,5,22,3,0,27,7,37,18,24,42,79
04/24/2017,VCV,CA,AWP,WE,Federal Contract Tower,1,0,1,1,3,0,0,2,7,9,1,0,3,8,12,0,6,6,18
04/25/2017,VCV,CA,AWP,WE,Federal Contract Tower,0,0,4,7,11,0,8,13,7,28,0,8,17,14,39,0,0,0,39
04/26/2017,VCV,CA,AWP,WE,Federal Contract Tower,2,0,1,4,7,0,1,30,6,37,2,1,31,10,44,82,70,152,196
04/27/2017,VCV,CA,AWP,WE,Federal Contract Tower,2,0,11,2,15,0,1,29,3,33,2,1,40,5,48,6,0,6,54
04/28/2017,VCV,CA,AWP,WE,Federal Contract Tower,0,0,1,4,5,0,6,10,2,18,0,6,11,6,23,0,36,36,59
04/29/2017,VCV,CA,AWP,WE,Federal Contract Tower,5,0,2,2,9,0,7,16,0,23,5,7,18,2,32,14,0,14,46
04/30/2017,VCV,CA,AWP,WE,Federal Contract Tower,1,0,1,0,2,0,0,20,1,21,1,0,21,1,23,0,0,0,23
05/01/2017,VCV,CA,AWP,WE,Federal Contract Tower,1,0,1,4,6,0,1,27,7,35,1,1,28,11,41,19,0,19,60
05/02/2017,VCV,CA,AWP,WE,Federal Contract Tower,2,0,4,6,12,0,4,23,11,38,2,4,27,17,50,12,22,34,84
05/03/2017,VCV,CA,AWP,WE,Federal Contract Tower,0,0,1,3,4,0,0,27,1,28,0,0,28,4,32,32,4,36,68
05/04/2017,VCV,CA,AWP,WE,Federal Contract Tower,0,0,2,3,5,0,0,30,5,35,0,0,32,8,40,0,2,2,42
05/05/2017,VCV,CA,AWP,WE,Federal Contract Tower,3,0,12,0,15,0,4,31,0,35,3,4,43,0,50,46,0,46,96
05/06/2017,VCV,CA,AWP,WE,Federal Contract Tower,3,0,0,1,4,4,2,17,0,23,7,2,17,1,27,24,0,24,51
05/07/2017,VCV,CA,AWP,WE,Federal Contract Tower,0,0,0,3,3,0,2,13,0,15,0,2,13,3,18,16,0,16,34
05/08/2017,VCV,CA,AWP,WE,Federal Contract Tower,2,0,10,6,18,0,9,30,4,43,2,9,40,10,61,30,14,44,105
05/09/2017,VCV,CA,AWP,WE,Federal Contract Tower,1,0,6,2,9,1,6,20,0,27,2,6,26,2,36,0,0,0,36
05/10/2017,VCV,CA,AWP,WE,Federal Contract Tower,0,0,10,0,10,0,0,33,14,47,0,0,43,14,57,40,14,54,111
05/11/2017,VCV,CA,AWP,WE,Federal Contract Tower,0,0,8,1,9,0,2,20,2,24,0,2,28,3,33,50,2,52,85
05/12/2017,VCV,CA,AWP,WE,Federal Contract Tower,3,2,8,6,19,0,2,9,2,13,3,4,17,8,32,0,0,0,32
05/13/2017,VCV,CA,AWP,WE,Federal Contract Tower,0,1,1,2,4,0,0,9,2,11,0,1,10,4,15,12,0,12,27
05/14/2017,VCV,CA,AWP,WE,Federal Contract Tower,0,0,0,1,1,0,4,11,0,15,0,4,11,1,16,46,0,46,62
05/15/2017,VCV,CA,AWP,WE,Federal Contract Tower,8,0,2,1,11,0,0,17,2,19,8,0,19,3,30,0,0,0,30
05/16/2017,VCV,CA,AWP,WE,Federal Contract Tower,1,0,2,7,10,0,1,16,10,27,1,1,18,17,37,6,14,20,57
05/17/2017,VCV,CA,AWP,WE,Federal Contract Tower,3,0,2,2,7,0,5,9,2,16,3,5,11,4,23,26,4,30,53
05/18/2017,VCV,CA,AWP,WE,Federal Contract Tower,0,1,3,15,19,0,1,14,14,29,0,2,17,29,48,2,11,13,61
05/19/2017,VCV,CA,AWP,WE,Federal Contract Tower,22,0,1,4,27,0,2,17,6,25,22,2,18,10,52,24,16,40,92
05/20/2017,VCV,CA,AWP,WE,Federal Contract Tower,21,0,6,5,32,0,1,16,1,18,21,1,22,6,50,32,12,44,94
05/21/2017,VCV,CA,AWP,WE,Federal Contract Tower,15,0,1,3,19,0,2,11,2,15,15,2,12,5,34,30,8,38,72
05/22/2017,VCV,CA,AWP,WE,Federal Contract Tower,0,0,4,3,7,0,10,32,4,46,0,10,36,7,53,24,0,24,77
05/23/2017,VCV,CA,AWP,WE,Federal Contract Tower,0,0,3,1,4,0,1,12,2,15,0,1,15,3,19,4,8,12,31
05/24/2017,VCV,CA,AWP,WE,Federal Contract Tower,0,0,4,6,10,0,2,30,2,34,0,2,34,8,44,4,0,4,48
05/25/2017,VCV,CA,AWP,WE,Federal Contract Tower,4,0,4,2,10,0,1,15,0,16,4,1,19,2,26,0,0,0,26
05/26/2017,VCV,CA,AWP,WE,Federal Contract Tower,0,0,4,1,5,0,2,12,0,14,0,2,16,1,19,17,0,17,36
05/27/2017,VCV,CA,AWP,WE,Federal Contract Tower,4,0,12,1,17,0,2,27,2,31,4,2,39,3,48,28,0,28,76
05/29/2017,VCV,CA,AWP,WE,Federal Contract Tower,0,0,1,0,1,0,4,10,0,14,0,4,11,0,15,0,0,0,15
05/30/2017,VCV,CA,AWP,WE,Federal Contract Tower,1,0,5,9,15,0,0,14,4,18,1,0,19,13,33,0,2,2,35
05/31/2017,VCV,CA,AWP,WE,Federal Contract Tower,0,0,10,8,18,0,2,37,12,51,0,2,47,20,69,20,26,46,115
06/01/2017,VCV,CA,AWP,WE,Federal Contract Tower,0,0,8,14,22,0,2,23,5,30,0,2,31,19,52,32,50,82,134
06/02/2017,VCV,CA,AWP,WE,Federal Contract Tower,0,0,0,1,1,0,8,25,3,36,0,8,25,4,37,20,32,52,89
06/03/2017,VCV,CA,AWP,WE,Federal Contract Tower,1,0,0,3,4,0,9,22,4,35,1,9,22,7,39,32,28,60,99
06/04/2017,VCV,CA,AWP,WE,Federal Contract Tower,0,0,2,1,3,0,1,17,0,18,0,1,19,1,21,0,0,0,21
06/05/2017,VCV,CA,AWP,WE,Federal Contract Tower,0,0,0,0,0,0,0,11,0,11,0,0,11,0,11,12,0,12,23
06/06/2017,VCV,CA,AWP,WE,Federal Contract Tower,7,1,3,2,13,0,2,16,4,22,7,3,19,6,35,0,0,0,35
06/07/2017,VCV,CA,AWP,WE,Federal Contract Tower,3,0,21,1,25,0,2,32,1,35,3,2,53,2,60,46,8,54,114
06/08/2017,VCV,CA,AWP,WE,Federal Contract Tower,1,0,12,1,14,0,2,25,2,29,1,2,37,3,43,38,12,50,93
06/09/2017,VCV,CA,AWP,WE,Federal Contract Tower,2,0,2,2,6,0,4,22,3,29,2,4,24,5,35,4,28,32,67
06/10/2017,VCV,CA,AWP,WE,Federal Contract Tower,0,0,0,1,1,0,0,12,0,12,0,0,12,1,13,4,0,4,17
06/11/2017,VCV,CA,AWP,WE,Federal Contract Tower,0,0,4,1,5,0,2,34,2,38,0,2,38,3,43,0,0,0,43
06/12/2017,VCV,CA,AWP,WE,Federal Contract Tower,13,0,2,6,21,0,0,21,0,21,13,0,23,6,42,10,0,10,52
06/13/2017,VCV,CA,AWP,WE,Federal Contract Tower,5,1,4,5,15,0,6,34,6,46,5,7,38,11,61,20,6,26,87
06/14/2017,VCV,CA,AWP,WE,Federal Contract Tower,32,0,3,1,36,0,5,21,4,30,32,5,24,5,66,16,0,16,82
06/16/2017,VCV,CA,AWP,WE,Federal Contract Tower,6,0,9,7,22,0,5,22,0,27,6,5,31,7,49,32,0,32,81
06/17/2017,VCV,CA,AWP,WE,Federal Contract Tower,0,0,0,5,5,0,1,10,1,12,0,1,10,6,17,20,6,26,43
06/18/2017,VCV,CA,AWP,WE,Federal Contract Tower,8,0,3,2,13,0,3,24,0,27,8,3,27,2,40,40,0,40,80
06/19/2017,VCV,CA,AWP,WE,Federal Contract Tower,9,0,8,0,17,0,4,29,0,33,9,4,37,0,50,0,0,0,50
06/20/2017,VCV,CA,AWP,WE,Federal Contract Tower,3,0,2,2,7,0,1,10,1,12,3,1,12,3,19,0,0,0,19
06/21/2017,VCV,CA,AWP,WE,Federal Contract Tower,1,2,4,6,13,0,2,28,0,30,1,4,32,6,43,26,0,26,69
06/22/2017,VCV,CA,AWP,WE,Federal Contract Tower,1,0,9,7,17,0,1,28,8,37,1,1,37,15,54,20,4,24,78
06/23/2017,VCV,CA,AWP,WE,Federal Contract Tower,2,0,1,4,7,0,6,9,0,15,2,6,10,4,22,8,0,8,30
06/24/2017,VCV,CA,AWP,WE,Federal Contract Tower,1,0,0,5,6,0,2,0,0,2,1,2,0,5,8,0,0,0,8
06/25/2017,VCV,CA,AWP,WE,Federal Contract Tower,0,0,1,6,7,0,4,6,0,10,0,4,7,6,17,0,0,0,17
06/26/2017,VCV,CA,AWP,WE,Federal Contract Tower,0,0,0,0,0,0,0,13,0,13,0,0,13,0,13,0,0,0,13
06/27/2017,VCV,CA,AWP,WE,Federal Contract Tower,0,0,4,2,6,0,5,28,0,33,0,5,32,2,39,20,0,20,59
06/28/2017,VCV,CA,AWP,WE,Federal Contract Tower,0,0,1,7,8,0,3,19,13,35,0,3,20,20,43,22,16,38,81
06/29/2017,VCV,CA,AWP,WE,Federal Contract Tower,5,0,1,2,8,0,0,22,7,29,5,0,23,9,37,22,14,36,73
06/30/2017,VCV,CA,AWP,WE,Federal Contract Tower,0,0,0,2,2,0,0,10,18,28,0,0,10,20,30,15,58,73,103
07/01/2017,VCV,CA,AWP,WE,Federal Contract Tower,0,0,4,0,4,0,5,11,0,16,0,5,15,0,20,0,0,0,20
07/02/2017,VCV,CA,AWP,WE,Federal Contract Tower,0,0,0,2,2,0,3,14,0,17,0,3,14,2,19,20,0,20,39
07/03/2017,VCV,CA,AWP,WE,Federal Contract Tower,0,0,1,1,2,0,4,27,0,31,0,4,28,1,33,8,0,8,41
07/04/2017,VCV,CA,AWP,WE,Federal Contract Tower,0,0,0,1,1,0,1,4,0,5,0,1,4,1,6,0,0,0,6
07/05/2017,VCV,CA,AWP,WE,Federal Contract Tower,0,0,2,2,4,0,0,9,1,10,0,0,11,3,14,8,12,20,34
07/06/2017,VCV,CA,AWP,WE,Federal Contract Tower,0,0,15,2,17,0,4,31,2,37,0,4,46,4,54,28,0,28,82
07/07/2017,VCV,CA,AWP,WE,Federal Contract Tower,0,0,17,0,17,0,4,42,1,47,0,4,59,1,64,42,6,48,112
07/08/2017,VCV,CA,AWP,WE,Federal Contract Tower,3,0,6,0,9,0,0,33,0,33,3,0,39,0,42,45,0,45,87
07/09/2017,VCV,CA,AWP,WE,Federal Contract Tower,0,0,1,1,2,0,7,29,0,36,0,7,30,1,38,17,0,17,55
07/10/2017,VCV,CA,AWP,WE,Federal Contract Tower,0,0,3,2,5,0,4,48,0,52,0,4,51,2,57,8,0,8,65
07/11/2017,VCV,CA,AWP,WE,Federal Contract Tower,0,0,6,4,10,0,6,20,0,26,0,6,26,4,36,6,42,48,84
07/12/2017,VCV,CA,AWP,WE,Federal Contract Tower,0,0,5,3,8,0,6,16,4,26,0,6,21,7,34,20,22,42,76
07/13/2017,VCV,CA,AWP,WE,Federal Contract Tower,0,0,7,1,8,0,2,19,1,22,0,2,26,2,30,4,6,10,40
07/14/2017,VCV,CA,AWP,WE,Federal Contract Tower,4,0,3,0,7,0,2,27,6,35,4,2,30,6,42,18,18,36,78
07/15/2017,VCV,CA,AWP,WE,Federal Contract Tower,0,0,3,0,3,0,8,19,0,27,0,8,22,0,30,0,0,0,30
07/16/2017,VCV,CA,AWP,WE,Federal Contract Tower,1,0,2,0,3,0,0,12,0,12,1,0,14,0,15,0,0,0,15
07/17/2017,VCV,CA,AWP,WE,Federal Contract Tower,1,0,5,8,14,0,1,30,22,53,1,1,35,30,67,10,33,43,110
07/18/2017,VCV,CA,AWP,WE,Federal Contract Tower,0,0,9,1,10,0,0,39,2,41,0,0,48,3,51,0,0,0,51
07/19/2017,VCV,CA,AWP,WE,Federal Contract Tower,0,0,13,0,13,0,2,53,3,58,0,2,66,3,71,30,18,48,119
07/20/2017,VCV,CA,AWP,WE,Federal Contract Tower,0,0,7,7,14,0,0,32,8,40,0,0,39,15,54,18,46,64,118
07/21/2017,VCV,CA,AWP,WE,Federal Contract Tower,0,0,7,3,10,0,1,40,7,48,0,1,47,10,58,72,64,136,194
07/22/2017,VCV,CA,AWP,WE,Federal Contract Tower,0,0,2,1,3,0,0,26,0,26,0,0,28,1,29,6,0,6,35
07/23/2017,VCV,CA,AWP,WE,Federal Contract Tower,0,0,0,1,1,0,1,7,0,8,0,1,7,1,9,0,0,0,9
07/24/2017,VCV,CA,AWP,WE,Federal Contract Tower,0,1,1,2,4,0,0,19,4,23,0,1,20,6,27,0,0,0,27
07/25/2017,VCV,CA,AWP,WE,Federal Contract Tower,1,0,7,0,8,0,4,26,0,30,1,4,33,0,38,4,0,4,42
07/26/2017,VCV,CA,AWP,WE,Federal Contract Tower,2,0,14,0,16,0,7,40,12,59,2,7,54,12,75,8,22,30,105
07/27/2017,VCV,CA,AWP,WE,Federal Contract Tower,1,3,10,0,14,0,0,31,0,31,1,3,41,0,45,4,0,4,49
07/28/2017,VCV,CA,AWP,WE,Federal Contract Tower,0,1,0,0,1,0,0,19,3,22,0,1,19,3,23,0,12,12,35
07/29/2017,VCV,CA,AWP,WE,Federal Contract Tower,0,0,0,0,0,0,1,8,6,15,0,1,8,6,15,0,0,0,15
07/30/2017,VCV,CA,AWP,WE,Federal Contract Tower,0,0,0,0,0,0,3,15,0,18,0,3,15,0,18,0,0,0,18
07/31/2017,VCV,CA,AWP,WE,Federal Contract Tower,0,0,2,2,4,0,0,29,6,35,0,0,31,8,39,22,38,60,99
08/01/2017,VCV,CA,AWP,WE,Federal Contract Tower,5,1,5,0,11,0,7,17,2,26,5,8,22,2,37,8,0,8,45
08/02/2017,VCV,CA,AWP,WE,Federal Contract Tower,0,0,2,2,4,0,4,15,0,19,0,4,17,2,23,0,14,14,37
08/03/2017,VCV,CA,AWP,WE,Federal Contract Tower,0,2,5,0,7,0,2,26,0,28,0,4,31,0,35,10,0,10,45
08/04/2017,VCV,CA,AWP,WE,Federal Contract Tower,3,0,6,0,9,0,2,24,10,36,3,2,30,10,45,10,0,10,55
08/05/2017,VCV,CA,AWP,WE,Federal Contract Tower,3,0,0,2,5,0,3,6,0,9,3,3,6,2,14,24,0,24,38
08/06/2017,VCV,CA,AWP,WE,Federal Contract Tower,2,0,1,0,3,0,0,10,0,10,2,0,11,0,13,0,0,0,13
08/07/2017,VCV,CA,AWP,WE,Federal Contract Tower,2,0,1,0,3,0,0,23,4,27,2,0,24,4,30,8,0,8,38
08/08/2017,VCV,CA,AWP,WE,Federal Contract Tower,0,3,4,3,10,0,2,30,4,36,0,5,34,7,46,22,10,32,78
08/09/2017,VCV,CA,AWP,WE,Federal Contract Tower,0,0,5,1,6,0,6,24,3,33,0,6,29,4,39,36,18,54,93
08/10/2017,VCV,CA,AWP,WE,Federal Contract Tower,2,0,16,0,18,0,3,63,1,67,2,3,79,1,85,44,12,56,141
08/11/2017,VCV,CA,AWP,WE,Federal Contract Tower,0,0,1,0,1,0,4,32,8,44,0,4,33,8,45,56,44,100,145
08/12/2017,VCV,CA,AWP,WE,Federal Contract Tower,3,0,1,0,4,0,1,8,2,11,3,1,9,2,15,0,0,0,15
08/13/2017,VCV,CA,AWP,WE,Federal Contract Tower,0,0,1,0,1,0,2,12,3,17,0,2,13,3,18,0,0,0,18
08/14/2017,VCV,CA,AWP,WE,Federal Contract Tower,0,0,4,2,6,0,2,28,4,34,0,2,32,6,40,14,16,30,70
08/15/2017,VCV,CA,AWP,WE,Federal Contract Tower,17,0,8,0,25,0,7,21,0,28,17,7,29,0,53,0,0,0,53
08/16/2017,VCV,CA,AWP,WE,Federal Contract Tower,0,0,25,0,25,0,2,35,3,40,0,2,60,3,65,24,24,48,113
08/17/2017,VCV,CA,AWP,WE,Federal Contract Tower,0,0,8,1,9,0,4,29,5,38,0,4,37,6,47,22,40,62,109
08/18/2017,VCV,CA,AWP,WE,Federal Contract Tower,1,0,2,0,3,0,5,18,10,33,1,5,20,10,36,14,12,26,62
08/19/2017,VCV,CA,AWP,WE,Federal Contract Tower,2,0,0,0,2,0,6,13,3,22,2,6,13,3,24,34,18,52,76
08/20/2017,VCV,CA,AWP,WE,Federal Contract Tower,0,0,0,0,0,0,5,11,5,21,0,5,11,5,21,0,0,0,21
08/21/2017,VCV,CA,AWP,WE,Federal Contract Tower,1,0,7,2,10,0,10,18,16,44,1,10,25,18,54,0,0,0,54
08/22/2017,VCV,CA,AWP,WE,Federal Contract Tower,1,0,12,0,13,0,8,29,1,38,1,8,41,1,51,50,8,58,109
08/23/2017,VCV,CA,AWP,WE,Federal Contract Tower,5,0,11,3,19,0,0,30,8,38,5,0,41,11,57,6,14,20,77
08/24/2017,VCV,CA,AWP,WE,Federal Contract Tower,2,0,13,11,26,0,2,25,11,38,2,2,38,22,64,28,18,46,110
08/25/2017,VCV,CA,AWP,WE,Federal Contract Tower,0,0,3,2,5,0,6,28,13,47,0,6,31,15,52,0,53,53,105
08/26/2017,VCV,CA,AWP,WE,Federal Contract Tower,1,0,0,1,2,0,0,28,0,28,1,0,28,1,30,8,0,8,38
08/27/2017,VCV,CA,AWP,WE,Federal Contract Tower,2,0,1,0,3,0,2,13,8,23,2,2,14,8,26,0,0,0,26
08/28/2017,VCV,CA,AWP,WE,Federal Contract Tower,4,1,1,3,9,0,5,17,4,26,4,6,18,7,35,17,12,29,64
08/29/2017,VCV,CA,AWP,WE,Federal Contract Tower,0,0,0,1,1,0,23,21,14,58,0,23,21,15,59,26,22,48,107
08/30/2017,VCV,CA,AWP,WE,Federal Contract Tower,0,2,0,1,3,0,2,9,2,13,0,4,9,3,16,4,4,8,24
08/31/2017,VCV,CA,AWP,WE,Federal Contract Tower,1,0,8,1,10,0,6,35,3,44,1,6,43,4,54,38,16,54,108
09/01/2017,VCV,CA,AWP,WE,Federal Contract Tower,3,0,19,0,22,0,9,44,3,56,3,9,63,3,78,20,24,44,122
09/02/2017,VCV,CA,AWP,WE,Federal Contract Tower,2,1,2,0,5,0,4,10,0,14,2,5,12,0,19,14,0,14,33
09/03/2017,VCV,CA,AWP,WE,Federal Contract Tower,2,4,1,0,7,0,2,9,16,27,2,6,10,16,34,10,14,24,58
09/04/2017,VCV,CA,AWP,WE,Federal Contract Tower,10,1,10,9,30,0,5,34,10,49,10,6,44,19,79,34,40,74,153
09/05/2017,VCV,CA,AWP,WE,Federal Contract Tower,7,0,20,13,40,0,8,44,13,65,7,8,64,26,105,40,28,68,173
09/06/2017,VCV,CA,AWP,WE,Federal Contract Tower,0,0,12,0,12,0,6,55,6,67,0,6,67,6,79,36,28,64,143
09/07/2017,VCV,CA,AWP,WE,Federal Contract Tower,0,0,8,2,10,0,3,31,3,37,0,3,39,5,47,10,14,24,71
09/08/2017,VCV,CA,AWP,WE,Federal Contract Tower,4,0,21,0,25,0,4,41,2,47,4,4,62,2,72,52,20,72,144
09/09/2017,VCV,CA,AWP,WE,Federal Contract Tower,1,0,6,0,7,0,0,30,0,30,1,0,36,0,37,54,0,54,91
09/10/2017,VCV,CA,AWP,WE,Federal Contract Tower,0,0,1,0,1,0,2,57,0,59,0,2,58,0,60,44,0,44,104
09/11/2017,VCV,CA,AWP,WE,Federal Contract Tower,0,0,1,0,1,2,2,16,1,21,2,2,17,1,22,26,12,38,60
09/12/2017,VCV,CA,AWP,WE,Federal Contract Tower,1,0,4,5,10,0,5,15,2,22,1,5,19,7,32,0,10,10,42
09/13/2017,VCV,CA,AWP,WE,Federal Contract Tower,0,0,8,7,15,0,1,34,15,50,0,1,42,22,65,26,20,46,111
09/14/2017,VCV,CA,AWP,WE,Federal Contract Tower,10,0,7,1,18,0,3,34,6,43,10,3,41,7,61,10,28,38,99
09/15/2017,VCV,CA,AWP,WE,Federal Contract Tower,0,0,18,1,19,0,3,47,3,53,0,3,65,4,72,50,22,72,144
09/16/2017,VCV,CA,AWP,WE,Federal Contract Tower,0,0,8,0,8,0,0,12,0,12,0,0,20,0,20,6,0,6,26
09/17/2017,VCV,CA,AWP,WE,Federal Contract Tower,0,0,1,0,1,1,4,17,3,25,1,4,18,3,26,2,0,2,28
09/18/2017,VCV,CA,AWP,WE,Federal Contract Tower,2,0,3,3,8,1,6,30,8,45,3,6,33,11,53,15,0,15,68
09/19/2017,VCV,CA,AWP,WE,Federal Contract Tower,3,0,8,1,12,0,2,20,6,28,3,2,28,7,40,18,40,58,98
09/20/2017,VCV,CA,AWP,WE,Federal Contract Tower,1,0,2,1,4,2,7,33,10,52,3,7,35,11,56,32,64,96,152
09/21/2017,VCV,CA,AWP,WE,Federal Contract Tower,1,0,3,5,9,1,0,4,8,13,2,0,7,13,22,2,34,36,58
09/22/2017,VCV,CA,AWP,WE,Federal Contract Tower,2,0,0,1,3,0,11,30,19,60,2,11,30,20,63,32,72,104,167
09/23/2017,VCV,CA,AWP,WE,Federal Contract Tower,0,0,2,0,2,0,2,18,0,20,0,2,20,0,22,16,0,16,38
09/24/2017,VCV,CA,AWP,WE,Federal Contract Tower,2,0,0,0,2,6,5,12,3,26,8,5,12,3,28,48,18,66,94
09/25/2017,VCV,CA,AWP,WE,Federal Contract Tower,1,0,0,0,1,1,10,26,9,46,2,10,26,9,47,34,64,98,145
09/26/2017,VCV,CA,AWP,WE,Federal Contract Tower,2,0,1,10,13,1,8,26,29,64,3,8,27,39,77,48,84,132,209
09/27/2017,VCV,CA,AWP,WE,Federal Contract Tower,2,0,11,9,22,1,5,37,23,66,3,5,48,32,88,16,100,116,204
09/28/2017,VCV,CA,AWP,WE,Federal Contract Tower,0,0,5,0,5,1,4,34,7,46,1,4,39,7,51,10,52,62,113
09/29/2017,VCV,CA,AWP,WE,Federal Contract Tower,19,2,13,9,43,0,0,53,2,55,19,2,66,11,98,48,52,100,198
09/30/2017,VCV,CA,AWP,WE,Federal Contract Tower,26,0,12,2,40,0,7,35,0,42,26,7,47,2,82,64,0,64,146
10/01/2017,VCV,CA,AWP,WE,Federal Contract Tower,0,0,0,0,0,0,4,16,0,20,0,4,16,0,20,10,0,10,30
10/02/2017,VCV,CA,AWP,WE,Federal Contract Tower,0,0,10,4,14,0,18,8,6,32,0,18,18,10,46,0,0,0,46
10/03/2017,VCV,CA,AWP,WE,Federal Contract Tower,4,0,7,6,17,1,9,28,12,50,5,9,35,18,67,22,50,72,139
10/04/2017,VCV,CA,AWP,WE,Federal Contract Tower,0,1,7,9,17,0,5,39,23,67,0,6,46,32,84,46,72,118,202
10/05/2017,VCV,CA,AWP,WE,Federal Contract Tower,1,2,3,0,6,0,5,38,6,49,1,7,41,6,55,26,70,96,151
10/06/2017,VCV,CA,AWP,WE,Federal Contract Tower,1,0,17,3,21,0,3,43,10,56,1,3,60,13,77,58,44,102,179
10/07/2017,VCV,CA,AWP,WE,Federal Contract Tower,0,0,4,0,4,0,4,18,0,22,0,4,22,0,26,10,0,10,36
10/08/2017,VCV,CA,AWP,WE,Federal Contract Tower,3,0,4,0,7,0,4,45,0,49,3,4,49,0,56,60,0,60,116
10/09/2017,VCV,CA,AWP,WE,Federal Contract Tower,1,0,0,2,3,0,4,13,0,17,1,4,13,2,20,0,0,0,20
10/10/2017,VCV,CA,AWP,WE,Federal Contract Tower,0,0,15,0,15,0,1,57,3,61,0,1,72,3,76,84,22,106,182
10/11/2017,VCV,CA,AWP,WE,Federal Contract Tower,0,0,7,3,10,0,5,35,3,43,0,5,42,6,53,17,4,21,74
10/12/2017,VCV,CA,AWP,WE,Federal Contract Tower,2,0,0,2,4,0,5,25,1,31,2,5,25,3,35,8,0,8,43
10/13/2017,VCV,CA,AWP,WE,Federal Contract Tower,1,0,0,1,2,0,8,25,7,40,1,8,25,8,42,28,54,82,124
10/14/2017,VCV,CA,AWP,WE,Federal Contract Tower,0,0,1,2,3,0,2,11,5,18,0,2,12,7,21,6,12,18,39
10/15/2017,VCV,CA,AWP,WE,Federal Contract Tower,0,1,2,0,3,0,3,22,0,25,0,4,24,0,28,26,0,26,54
10/16/2017,VCV,CA,AWP,WE,Federal Contract Tower,0,0,2,2,4,0,6,14,3,23,0,6,16,5,27,20,0,20,47
10/17/2017,VCV,CA,AWP,WE,Federal Contract Tower,2,2,7,1,12,3,1,27,2,33,5,3,34,3,45,36,0,36,81
10/18/2017,VCV,CA,AWP,WE,Federal Contract Tower,0,0,14,0,14,0,0,43,2,45,0,0,57,2,59,42,20,62,121
10/19/2017,VCV,CA,AWP,WE,Federal Contract Tower,1,0,15,5,21,1,6,39,11,57,2,6,54,16,78,8,14,22,100
10/20/2017,VCV,CA,AWP,WE,Federal Contract Tower,0,0,1,0,1,0,2,6,0,8,0,2,7,0,9,0,0,0,9
10/21/2017,VCV,CA,AWP,WE,Federal Contract Tower,2,0,0,0,2,0,12,20,0,32,2,12,20,0,34,16,0,16,50
10/22/2017,VCV,CA,AWP,WE,Federal Contract Tower,1,0,4,0,5,0,4,9,0,13,1,4,13,0,18,18,0,18,36
10/23/2017,VCV,CA,AWP,WE,Federal Contract Tower,0,0,2,1,3,0,4,13,4,21,0,4,15,5,24,0,10,10,34
10/24/2017,VCV,CA,AWP,WE,Federal Contract Tower,0,0,12,3,15,0,3,36,6,45,0,3,48,9,60,0,14,14,74
10/25/2017,VCV,CA,AWP,WE,Federal Contract Tower,0,0,24,1,25,0,4,41,5,50,0,4,65,6,75,26,46,72,147
10/26/2017,VCV,CA,AWP,WE,Federal Contract Tower,3,0,12,3,18,4,4,25,12,45,7,4,37,15,63,28,38,66,129
10/27/2017,VCV,CA,AWP,WE,Federal Contract Tower,4,1,1,0,6,1,2,28,2,33,5,3,29,2,39,10,0,10,49
10/28/2017,VCV,CA,AWP,WE,Federal Contract Tower,1,1,2,0,4,0,2,37,0,39,1,3,39,0,43,25,0,25,68
10/29/2017,VCV,CA,AWP,WE,Federal Contract Tower,3,0,3,0,6,0,8,32,0,40,3,8,35,0,46,42,0,42,88
10/30/2017,VCV,CA,AWP,WE,Federal Contract Tower,0,0,6,0,6,0,4,34,5,43,0,4,40,5,49,22,30,52,101
10/31/2017,VCV,CA,AWP,WE,Federal Contract Tower,7,0,2,5,14,0,5,36,7,48,7,5,38,12,62,50,76,126,188
11/01/2017,VCV,CA,AWP,WE,Federal Contract Tower,0,0,18,2,20,0,3,24,6,33,0,3,42,8,53,72,18,90,143
11/02/2017,VCV,CA,AWP,WE,Federal Contract Tower,3,0,3,14,20,2,2,22,10,36,5,2,25,24,56,58,20,78,134
11/03/2017,VCV,CA,AWP,WE,Federal Contract Tower,0,1,1,11,13,0,0,11,0,11,0,1,12,11,24,4,27,31,55
11/04/2017,VCV,CA,AWP,WE,Federal Contract Tower,0,0,8,2,10,0,3,19,6,28,0,3,27,8,38,16,0,16,54
11/05/2017,VCV,CA,AWP,WE,Federal Contract Tower,1,0,2,5,8,0,5,14,0,19,1,5,16,5,27,4,23,27,54
11/06/2017,VCV,CA,AWP,WE,Federal Contract Tower,0,0,3,7,10,1,12,10,10,33,1,12,13,17,43,2,15,17,60
11/07/2017,VCV,CA,AWP,WE,Federal Contract Tower,0,0,0,3,3,0,5,11,2,18,0,5,11,5,21,0,0,0,21
11/08/2017,VCV,CA,AWP,WE,Federal Contract Tower,0,0,6,1,7,0,2,37,15,54,0,2,43,16,61,46,68,114,175
11/09/2017,VCV,CA,AWP,WE,Federal Contract Tower,1,0,20,5,26,0,3,42,1,46,1,3,62,6,72,36,4,40,112
11/10/2017,VCV,CA,AWP,WE,Federal Contract Tower,0,0,6,0,6,0,3,40,5,48,0,3,46,5,54,64,50,114,168
11/11/2017,VCV,CA,AWP,WE,Federal Contract Tower,0,0,6,0,6,0,0,17,0,17,0,0,23,0,23,14,0,14,37
11/12/2017,VCV,CA,AWP,WE,Federal Contract Tower,0,0,8,3,11,0,3,25,0,28,0,3,33,3,39,21,0,21,60
11/13/2017,VCV,CA,AWP,WE,Federal Contract Tower,0,0,6,6,12,0,5,15,3,23,0,5,21,9,35,0,0,0,35
11/14/2017,VCV,CA,AWP,WE,Federal Contract Tower,1,0,9,17,27,1,4,22,10,37,2,4,31,27,64,0,30,30,94
11/15/2017,VCV,CA,AWP,WE,Federal Contract Tower,2,0,14,11,27,0,3,47,14,64,2,3,61,25,91,22,48,70,161
11/16/2017,VCV,CA,AWP,WE,Federal Contract Tower,0,0,21,16,37,0,1,38,30,69,0,1,59,46,106,2,34,36,142
11/17/2017,VCV,CA,AWP,WE,Federal Contract Tower,1,0,10,4,15,0,4,28,7,39,1,4,38,11,54,16,32,48,102
11/18/2017,VCV,CA,AWP,WE,Federal Contract Tower,0,0,6,2,8,0,2,4,8,14,0,2,10,10,22,40,12,52,74
11/19/2017,VCV,CA,AWP,WE,Federal Contract Tower,0,0,2,2,4,0,2,32,1,35,0,2,34,3,39,100,6,106,145
11/20/2017,VCV,CA,AWP,WE,Federal Contract Tower,1,1,2,6,10,0,1,22,12,35,1,2,24,18,45,52,34,86,131
11/21/2017,VCV,CA,AWP,WE,Federal Contract Tower,2,0,9,3,14,0,11,16,4,31,2,11,25,7,45,4,12,16,61
11/22/2017,VCV,CA,AWP,WE,Federal Contract Tower,0,0,8,1,9,0,8,28,3,39,0,8,36,4,48,24,32,56,104
11/23/2017,VCV,CA,AWP,WE,Federal Contract Tower,0,0,0,0,0,0,0,4,0,4,0,0,4,0,4,0,0,0,4
11/24/2017,VCV,CA,AWP,WE,Federal Contract Tower,0,0,0,0,0,0,8,1,0,9,0,8,1,0,9,4,0,4,13
11/25/2017,VCV,CA,AWP,WE,Federal Contract Tower,0,0,0,0,0,0,8,6,0,14,0,8,6,0,14,4,0,4,18
11/26/2017,VCV,CA,AWP,WE,Federal Contract Tower,0,0,0,0,0,0,2,18,0,20,0,2,18,0,20,0,0,0,20
11/27/2017,VCV,CA,AWP,WE,Federal Contract Tower,0,0,3,1,4,0,2,16,0,18,0,2,19,1,22,8,0,8,30
11/28/2017,VCV,CA,AWP,WE,Federal Contract Tower,4,0,11,5,20,0,4,33,18,55,4,4,44,23,75,18,150,168,243
11/29/2017,VCV,CA,AWP,WE,Federal Contract Tower,2,0,15,4,21,0,6,44,6,56,2,6,59,10,77,92,64,156,233
11/30/2017,VCV,CA,AWP,WE,Federal Contract Tower,1,0,2,5,8,0,7,39,6,52,1,7,41,11,60,24,56,80,140
12/01/2017,VCV,CA,AWP,WE,Federal Contract Tower,1,0,12,2,15,0,3,13,6,22,1,3,25,8,37,34,0,34,71
12/02/2017,VCV,CA,AWP,WE,Federal Contract Tower,1,0,13,0,14,0,0,21,10,31,1,0,34,10,45,22,48,70,115
12/03/2017,VCV,CA,AWP,WE,Federal Contract Tower,0,0,0,6,6,0,0,39,1,40,0,0,39,7,46,38,0,38,84
12/04/2017,VCV,CA,AWP,WE,Federal Contract Tower,0,0,1,4,5,0,2,33,4,39,0,2,34,8,44,30,0,30,74
12/05/2017,VCV,CA,AWP,WE,Federal Contract Tower,0,2,0,4,6,0,2,3,32,37,0,4,3,36,43,10,18,28,71
12/06/2017,VCV,CA,AWP,WE,Federal Contract Tower,0,0,5,5,10,0,13,41,17,71,0,13,46,22,81,28,104,132,213
12/07/2017,VCV,CA,AWP,WE,Federal Contract Tower,0,0,1,1,2,0,2,5,1,8,0,2,6,2,10,10,0,10,20
12/08/2017,VCV,CA,AWP,WE,Federal Contract Tower,0,0,4,2,6,0,4,6,4,14,0,4,10,6,20,0,6,6,26
12/09/2017,VCV,CA,AWP,WE,Federal Contract Tower,2,0,11,1,14,0,1,26,1,28,2,1,37,2,42,14,10,24,66
12/10/2017,VCV,CA,AWP,WE,Federal Contract Tower,0,0,3,0,3,0,1,35,0,36,0,1,38,0,39,0,0,0,39
12/11/2017,VCV,CA,AWP,WE,Federal Contract Tower,0,0,2,4,6,0,7,25,2,34,0,7,27,6,40,4,0,4,44
12/12/2017,VCV,CA,AWP,WE,Federal Contract Tower,0,0,3,10,13,0,5,37,12,54,0,5,40,22,67,20,18,38,105
12/13/2017,VCV,CA,AWP,WE,Federal Contract Tower,0,0,9,2,11,0,1,23,0,24,0,1,32,2,35,10,0,10,45
12/14/2017,VCV,CA,AWP,WE,Federal Contract Tower,0,0,3,1,4,0,2,2,6,10,0,2,5,7,14,0,16,16,30
12/15/2017,VCV,CA,AWP,WE,Federal Contract Tower,0,0,6,0,6,0,4,23,2,29,0,4,29,2,35,20,14,34,69
12/16/2017,VCV,CA,AWP,WE,Federal Contract Tower,0,0,5,1,6,0,8,22,2,32,0,8,27,3,38,44,14,58,96
12/17/2017,VCV,CA,AWP,WE,Federal Contract Tower,1,0,2,0,3,0,3,14,0,17,1,3,16,0,20,0,0,0,20
12/18/2017,VCV,CA,AWP,WE,Federal Contract Tower,0,0,2,0,2,0,12,20,2,34,0,12,22,2,36,18,20,38,74
12/19/2017,VCV,CA,AWP,WE,Federal Contract Tower,0,1,2,1,4,0,7,26,2,35,0,8,28,3,39,48,27,75,114
12/20/2017,VCV,CA,AWP,WE,Federal Contract Tower,1,0,6,0,7,0,6,32,5,43,1,6,38,5,50,66,56,122,172
12/21/2017,VCV,CA,AWP,WE,Federal Contract Tower,0,0,4,9,13,0,1,18,18,37,0,1,22,27,50,26,2,28,78
12/22/2017,VCV,CA,AWP,WE,Federal Contract Tower,1,0,6,1,8,2,2,21,2,27,3,2,27,3,35,56,10,66,101
12/23/2017,VCV,CA,AWP,WE,Federal Contract Tower,0,0,5,0,5,0,6,28,2,36,0,6,33,2,41,30,0,30,71
12/24/2017,VCV,CA,AWP,WE,Federal Contract Tower,0,0,0,0,0,0,8,24,0,32,0,8,24,0,32,56,0,56,88
12/25/2017,VCV,CA,AWP,WE,Federal Contract Tower,0,1,1,0,2,0,4,29,0,33,0,5,30,0,35,72,0,72,107
12/26/2017,VCV,CA,AWP,WE,Federal Contract Tower,0,0,0,0,0,0,0,24,2,26,0,0,24,2,26,20,10,30,56
12/27/2017,VCV,CA,AWP,WE,Federal Contract Tower,0,0,2,0,2,0,4,39,3,46,0,4,41,3,48,64,26,90,138
12/28/2017,VCV,CA,AWP,WE,Federal Contract Tower,1,0,0,0,1,0,4,39,3,46,1,4,39,3,47,64,42,106,153
12/29/2017,VCV,CA,AWP,WE,Federal Contract Tower,0,0,6,0,6,0,1,20,2,23,0,1,26,2,29,32,10,42,71
12/30/2017,VCV,CA,AWP,WE,Federal Contract Tower,0,0,1,0,1,0,4,45,3,52,0,4,46,3,53,72,24,96,149
12/31/2017,VCV,CA,AWP,WE,Federal Contract Tower,1,0,4,0,5,0,8,20,0,28,1,8,24,0,33,54,0,54,87
01/01/2018,VCV,CA,AWP,WE,Federal Contract Tower,0,0,1,0,1,0,2,7,0,9,0,2,8,0,10,18,0,18,28
01/02/2018,VCV,CA,AWP,WE,Federal Contract Tower,0,0,0,0,0,0,0,39,3,42,0,0,39,3,42,52,31,83,125
01/03/2018,VCV,CA,AWP,WE,Federal Contract Tower,0,0,7,2,9,0,4,27,4,35,0,4,34,6,44,48,48,96,140
01/04/2018,VCV,CA,AWP,WE,Federal Contract Tower,1,0,9,2,12,0,1,14,0,15,1,1,23,2,27,38,12,50,77
01/05/2018,VCV,CA,AWP,WE,Federal Contract Tower,0,0,0,0,0,0,5,27,5,37,0,5,27,5,37,26,40,66,103
01/06/2018,VCV,CA,AWP,WE,Federal Contract Tower,1,0,10,0,11,0,2,25,0,27,1,2,35,0,38,46,0,46,84
01/07/2018,VCV,CA,AWP,WE,Federal Contract Tower,0,0,9,3,12,0,6,23,0,29,0,6,32,3,41,38,28,66,107
01/08/2018,VCV,CA,AWP,WE,Federal Contract Tower,2,0,3,3,8,0,2,16,8,26,2,2,19,11,34,20,12,32,66
01/09/2018,VCV,CA,AWP,WE,Federal Contract Tower,1,1,2,8,12,0,0,3,2,5,1,1,5,10,17,0,22,22,39
01/10/2018,VCV,CA,AWP,WE,Federal Contract Tower,1,1,7,11,20,0,1,21,31,53,1,2,28,42,73,20,86,106,179
01/11/2018,VCV,CA,AWP,WE,Federal Contract Tower,0,0,4,0,4,0,4,41,9,54,0,4,45,9,58,82,62,144,202
01/12/2018,VCV,CA,AWP,WE,Federal Contract Tower,2,0,0,0,2,0,0,49,9,58,2,0,49,9,60,76,64,140,200
01/13/2018,VCV,CA,AWP,WE,Federal Contract Tower,1,0,0,0,1,0,2,41,5,48,1,2,41,5,49,74,66,140,189
01/14/2018,VCV,CA,AWP,WE,Federal Contract Tower,0,0,2,1,3,0,6,27,2,35,0,6,29,3,38,50,22,72,110
01/15/2018,VCV,CA,AWP,WE,Federal Contract Tower,0,0,0,0,0,0,7,38,0,45,0,7,38,0,45,16,0,16,61
01/16/2018,VCV,CA,AWP,WE,Federal Contract Tower,0,1,16,7,24,0,6,20,7,33,0,7,36,14,57,10,18,28,85
01/17/2018,VCV,CA,AWP,WE,Federal Contract Tower,0,1,9,3,13,0,6,32,14,52,0,7,41,17,65,90,84,174,239
01/18/2018,VCV,CA,AWP,WE,Federal Contract Tower,0,0,24,1,25,0,2,65,9,76,0,2,89,10,101,126,72,198,299
01/19/2018,VCV,CA,AWP,WE,Federal Contract Tower,0,0,21,0,21,0,2,55,7,64,0,2,76,7,85,90,76,166,251
01/20/2018,VCV,CA,AWP,WE,Federal Contract Tower,0,1,0,2,3,1,2,29,3,35,1,3,29,5,38,50,28,78,116
01/21/2018,VCV,CA,AWP,WE,Federal Contract Tower,0,0,0,4,4,0,2,34,0,36,0,2,34,4,40,45,0,45,85
01/22/2018,VCV,CA,AWP,WE,Federal Contract Tower,2,0,3,9,14,0,2,34,2,38,2,2,37,11,52,34,0,34,86
01/23/2018,VCV,CA,AWP,WE,Federal Contract Tower,0,1,3,2,6,0,8,31,6,45,0,9,34,8,51,54,68,122,173
01/24/2018,VCV,CA,AWP,WE,Federal Contract Tower,1,0,6,1,8,0,4,36,3,43,1,4,42,4,51,48,38,86,137
01/25/2018,VCV,CA,AWP,WE,Federal Contract Tower,1,0,4,2,7,0,4,18,5,27,1,4,22,7,34,12,44,56,90
01/26/2018,VCV,CA,AWP,WE,Federal Contract Tower,0,0,4,1,5,0,3,28,1,32,0,3,32,2,37,10,0,10,47
01/27/2018,VCV,CA,AWP,WE,Federal Contract Tower,1,0,0,1,2,0,5,22,8,35,1,5,22,9,37,32,88,120,157
01/28/2018,VCV,CA,AWP,WE,Federal Contract Tower,0,0,0,1,1,0,7,39,0,46,0,7,39,1,47,71,0,71,118
01/29/2018,VCV,CA,AWP,WE,Federal Contract Tower,0,1,3,2,6,0,4,29,6,39,0,5,32,8,45,10,48,58,103
01/30/2018,VCV,CA,AWP,WE,Federal Contract Tower,0,0,8,7,15,0,3,17,3,23,0,3,25,10,38,2,22,24,62
01/31/2018,VCV,CA,AWP,WE,Federal Contract Tower,0,0,12,2,14,0,5,42,2,49,0,5,54,4,63,48,30,78,141
02/01/2018,VCV,CA,AWP,WE,Federal Contract Tower,2,0,4,7,13,0,3,22,8,33,2,3,26,15,46,8,76,84,130
02/02/2018,VCV,CA,AWP,WE,Federal Contract Tower,0,0,2,4,6,0,2,15,0,17,0,2,17,4,23,14,0,14,37
02/03/2018,VCV,CA,AWP,WE,Federal Contract Tower,0,0,2,2,4,1,8,36,2,47,1,8,38,4,51,85,14,99,150
02/04/2018,VCV,CA,AWP,WE,Federal Contract Tower,0,0,1,2,3,0,5,35,0,40,0,5,36,2,43,91,0,91,134
02/05/2018,VCV,CA,AWP,WE,Federal Contract Tower,0,1,3,3,7,0,4,37,8,49,0,5,40,11,56,60,58,118,174
02/06/2018,VCV,CA,AWP,WE,Federal Contract Tower,1,0,8,2,11,0,4,14,1,19,1,4,22,3,30,12,0,12,42
02/07/2018,VCV,CA,AWP,WE,Federal Contract Tower,1,3,7,2,13,0,8,42,5,55,1,11,49,7,68,56,60,116,184
02/08/2018,VCV,CA,AWP,WE,Federal Contract Tower,5,5,9,9,28,0,5,40,12,57,5,10,49,21,85,48,106,154,239
02/09/2018,VCV,CA,AWP,WE,Federal Contract Tower,0,0,3,3,6,0,8,25,6,39,0,8,28,9,45,0,8,8,53
02/10/2018,VCV,CA,AWP,WE,Federal Contract Tower,0,0,0,6,6,0,6,28,6,40,0,6,28,12,46,46,50,96,142
02/11/2018,VCV,CA,AWP,WE,Federal Contract Tower,0,0,1,2,3,0,9,38,6,53,0,9,39,8,56,61,38,99,155
02/12/2018,VCV,CA,AWP,WE,Federal Contract Tower,0,1,6,6,13,0,4,5,2,11,0,5,11,8,24,6,0,6,30
02/13/2018,VCV,CA,AWP,WE,Federal Contract Tower,1,0,5,2,8,0,6,27,2,35,1,6,32,4,43,18,12,30,73
02/14/2018,VCV,CA,AWP,WE,Federal Contract Tower,0,1,0,1,2,0,5,59,6,70,0,6,59,7,72,110,76,186,258
02/15/2018,VCV,CA,AWP,WE,Federal Contract Tower,0,1,0,0,1,0,6,59,8,73,0,7,59,8,74,108,90,198,272
02/16/2018,VCV,CA,AWP,WE,Federal Contract Tower,0,2,0,2,4,0,20,34,7,61,0,22,34,9,65,48,68,116,181
02/17/2018,VCV,CA,AWP,WE,Federal Contract Tower,0,0,3,0,3,0,12,37,4,53,0,12,40,4,56,40,36,76,132
02/18/2018,VCV,CA,AWP,WE,Federal Contract Tower,0,0,1,0,1,0,18,4,0,22,0,18,5,0,23,0,0,0,23
02/19/2018,VCV,CA,AWP,WE,Federal Contract Tower,1,0,0,0,1,0,0,2,0,2,1,0,2,0,3,0,0,0,3
02/20/2018,VCV,CA,AWP,WE,Federal Contract Tower,1,0,4,5,10,0,7,27,6,40,1,7,31,11,50,24,0,24,74
02/21/2018,VCV,CA,AWP,WE,Federal Contract Tower,1,0,8,7,16,0,6,26,11,43,1,6,34,18,59,18,52,70,129
02/22/2018,VCV,CA,AWP,WE,Federal Contract Tower,0,1,4,3,8,0,5,12,2,19,0,6,16,5,27,26,0,26,53
02/23/2018,VCV,CA,AWP,WE,Federal Contract Tower,0,0,0,1,1,0,3,4,0,7,0,3,4,1,8,14,0,14,22
02/24/2018,VCV,CA,AWP,WE,Federal Contract Tower,1,0,2,1,4,0,4,7,2,13,1,4,9,3,17,14,0,14,31
02/25/2018,VCV,CA,AWP,WE,Federal Contract Tower,0,0,4,0,4,0,12,9,0,21,0,12,13,0,25,0,0,0,25
02/26/2018,VCV,CA,AWP,WE,Federal Contract Tower,1,1,1,0,3,0,3,21,3,27,1,4,22,3,30,28,36,64,94
02/27/2018,VCV,CA,AWP,WE,Federal Contract Tower,0,0,1,0,1,0,4,18,4,26,0,4,19,4,27,32,36,68,95
02/28/2018,VCV,CA,AWP,WE,Federal Contract Tower,0,0,0,0,0,0,5,42,6,53,0,5,42,6,53,66,60,126,179
03/01/2018,VCV,CA,AWP,WE,Federal Contract Tower,0,0,8,1,9,0,5,24,2,31,0,5,32,3,40,22,14,36,76
03/02/2018,VCV,CA,AWP,WE,Federal Contract Tower,1,0,4,4,9,0,2,5,2,9,1,2,9,6,18,0,8,8,26
03/03/2018,VCV,CA,AWP,WE,Federal Contract Tower,0,0,10,3,13,0,5,33,0,38,0,5,43,3,51,40,0,40,91
03/04/2018,VCV,CA,AWP,WE,Federal Contract Tower,0,0,2,2,4,0,1,13,0,14,0,1,15,2,18,0,0,0,18
03/05/2018,VCV,CA,AWP,WE,Federal Contract Tower,0,0,0,2,2,0,0,2,0,2,0,0,2,2,4,0,0,0,4
03/06/2018,VCV,CA,AWP,WE,Federal Contract Tower,0,0,4,4,8,0,8,25,6,39,0,8,29,10,47,0,8,8,55
03/07/2018,VCV,CA,AWP,WE,Federal Contract Tower,2,0,5,2,9,0,8,32,4,44,2,8,37,6,53,58,48,106,159
03/08/2018,VCV,CA,AWP,WE,Federal Contract Tower,2,0,6,7,15,0,4,19,5,28,2,4,25,12,43,36,46,82,125
03/09/2018,VCV,CA,AWP,WE,Federal Contract Tower,0,0,1,2,3,0,7,17,0,24,0,7,18,2,27,4,30,34,61
03/10/2018,VCV,CA,AWP,WE,Federal Contract Tower,0,0,1,2,3,0,8,15,0,23,0,8,16,2,26,34,0,34,60
03/11/2018,VCV,CA,AWP,WE,Federal Contract Tower,0,0,2,0,2,0,4,4,0,8,0,4,6,0,10,14,0,14,24
03/12/2018,VCV,CA,AWP,WE,Federal Contract Tower,0,0,2,0,2,0,4,11,9,24,0,4,13,9,26,0,12,12,38
03/13/2018,VCV,CA,AWP,WE,Federal Contract Tower,1,0,9,4,14,0,8,8,5,21,1,8,17,9,35,12,14,26,61
03/14/2018,VCV,CA,AWP,WE,Federal Contract Tower,0,0,4,3,7,0,2,45,13,60,0,2,49,16,67,68,76,144,211
03/15/2018,VCV,CA,AWP,WE,Federal Contract Tower,0,0,18,0,18,0,4,35,6,45,0,4,53,6,63,78,56,134,197
03/16/2018,VCV,CA,AWP,WE,Federal Contract Tower,0,0,0,0,0,0,2,19,3,24,0,2,19,3,24,24,34,58,82
03/17/2018,VCV,CA,AWP,WE,Federal Contract Tower,4,0,2,0,6,0,8,24,0,32,4,8,26,0,38,38,0,38,76
03/18/2018,VCV,CA,AWP,WE,Federal Contract Tower,0,0,2,0,2,0,4,30,6,40,0,4,32,6,42,58,0,58,100
03/19/2018,VCV,CA,AWP,WE,Federal Contract Tower,1,0,3,0,4,0,0,1,0,1,1,0,4,0,5,4,0,4,9
03/20/2018,VCV,CA,AWP,WE,Federal Contract Tower,0,1,4,2,7,0,18,16,6,40,0,19,20,8,47,0,6,6,53
03/21/2018,VCV,CA,AWP,WE,Federal Contract Tower,3,2,4,1,10,0,3,8,5,16,3,5,12,6,26,4,10,14,40
03/22/2018,VCV,CA,AWP,WE,Federal Contract Tower,1,0,1,0,2,0,2,6,4,12,1,2,7,4,14,16,44,60,74
03/23/2018,VCV,CA,AWP,WE,Federal Contract Tower,0,0,0,0,0,0,8,11,8,27,0,8,11,8,27,10,44,54,81
03/25/2018,VCV,CA,AWP,WE,Federal Contract Tower,0,0,2,0,2,0,6,25,0,31,0,6,27,0,33,26,0,26,59
03/26/2018,VCV,CA,AWP,WE,Federal Contract Tower,0,0,6,0,6,0,2,26,2,30,0,2,32,2,36,39,30,69,105
03/27/2018,VCV,CA,AWP,WE,Federal Contract Tower,2,0,2,0,4,0,7,5,0,12,2,7,7,0,16,0,0,0,16
03/28/2018,VCV,CA,AWP,WE,Federal Contract Tower,1,0,4,0,5,0,10,36,4,50,1,10,40,4,55,54,54,108,163
03/29/2018,VCV,CA,AWP,WE,Federal Contract Tower,0,0,0,0,0,0,9,31,5,45,0,9,31,5,45,62,50,112,157
03/30/2018,VCV,CA,AWP,WE,Federal Contract Tower,1,0,0,2,3,0,6,11,8,25,1,6,11,10,28,25,64,89,117
03/31/2018,VCV,CA,AWP,WE,Federal Contract Tower,1,0,0,0,1,0,6,41,0,47,1,6,41,0,48,62,0,62,110
04/01/2018,VCV,CA,AWP,WE,Federal Contract Tower,0,0,0,0,0,0,4,35,0,39,0,4,35,0,39,46,0,46,85
04/02/2018,VCV,CA,AWP,WE,Federal Contract Tower,0,0,4,0,4,0,4,24,3,31,0,4,28,3,35,36,48,84,119
04/03/2018,VCV,CA,AWP,WE,Federal Contract Tower,1,1,6,0,8,0,4,12,2,18,1,5,18,2,26,10,0,10,36
04/04/2018,VCV,CA,AWP,WE,Federal Contract Tower,0,0,2,0,2,0,6,38,3,47,0,6,40,3,49,52,48,100,149
04/05/2018,VCV,CA,AWP,WE,Federal Contract Tower,2,0,2,1,5,0,11,30,1,42,2,11,32,2,47,48,18,66,113
04/06/2018,VCV,CA,AWP,WE,Federal Contract Tower,1,0,1,1,3,0,5,14,3,22,1,5,15,4,25,14,12,26,51
04/07/2018,VCV,CA,AWP,WE,Federal Contract Tower,0,0,0,0,0,0,5,7,0,12,0,5,7,0,12,18,0,18,30
04/08/2018,VCV,CA,AWP,WE,Federal Contract Tower,0,0,0,0,0,0,2,14,0,16,0,2,14,0,16,16,0,16,32
04/09/2018,VCV,CA,AWP,WE,Federal Contract Tower,0,1,0,0,1,0,1,14,5,20,0,2,14,5,21,6,0,6,27
04/10/2018,VCV,CA,AWP,WE,Federal Contract Tower,3,0,1,1,5,0,2,19,7,28,3,2,20,8,33,14,38,52,85
04/11/2018,VCV,CA,AWP,WE,Federal Contract Tower,0,1,7,0,8,0,1,26,3,30,0,2,33,3,38,22,40,62,100
04/12/2018,VCV,CA,AWP,WE,Federal Contract Tower,0,0,0,0,0,0,4,0,2,6,0,4,0,2,6,0,2,2,8
04/13/2018,VCV,CA,AWP,WE,Federal Contract Tower,2,2,2,1,7,0,8,8,1,17,2,10,10,2,24,16,0,16,40
04/14/2018,VCV,CA,AWP,WE,Federal Contract Tower,0,0,2,0,2,0,7,22,0,29,0,7,24,0,31,46,0,46,77
04/15/2018,VCV,CA,AWP,WE,Federal Contract Tower,0,0,2,0,2,0,4,17,0,21,0,4,19,0,23,26,0,26,49
04/16/2018,VCV,CA,AWP,WE,Federal Contract Tower,0,0,0,0,0,0,5,17,4,26,0,5,17,4,26,20,23,43,69
04/17/2018,VCV,CA,AWP,WE,Federal Contract Tower,1,0,1,1,3,0,13,6,4,23,1,13,7,5,26,0,10,10,36
04/18/2018,VCV,CA,AWP,WE,Federal Contract Tower,0,0,1,2,3,0,4,30,4,38,0,4,31,6,41,40,50,90,131
04/19/2018,VCV,CA,AWP,WE,Federal Contract Tower,1,0,0,0,1,0,3,29,3,35,1,3,29,3,36,34,44,78,114
04/20/2018,VCV,CA,AWP,WE,Federal Contract Tower,1,0,0,1,2,7,14,2,0,23,8,14,2,1,25,12,0,12,37
04/21/2018,VCV,CA,AWP,WE,Federal Contract Tower,0,0,2,0,2,0,5,22,0,27,0,5,24,0,29,49,0,49,78
04/22/2018,VCV,CA,AWP,WE,Federal Contract Tower,0,0,1,0,1,0,6,12,0,18,0,6,13,0,19,0,0,0,19
04/23/2018,VCV,CA,AWP,WE,Federal Contract Tower,0,0,3,0,3,0,5,23,1,29,0,5,26,1,32,6,0,6,38
04/24/2018,VCV,CA,AWP,WE,Federal Contract Tower,2,0,2,1,5,0,7,5,2,14,2,7,7,3,19,0,12,12,31
04/25/2018,VCV,CA,AWP,WE,Federal Contract Tower,0,0,2,0,2,0,6,30,4,40,0,6,32,4,42,18,58,76,118
04/26/2018,VCV,CA,AWP,WE,Federal Contract Tower,0,0,1,0,1,0,3,29,3,35,0,3,30,3,36,32,40,72,108
04/27/2018,VCV,CA,AWP,WE,Federal Contract Tower,0,0,0,2,2,0,7,3,0,10,0,7,3,2,12,14,8,22,34
04/28/2018,VCV,CA,AWP,WE,Federal Contract Tower,0,0,0,0,0,0,5,7,0,12,0,5,7,0,12,6,0,6,18
04/29/2018,VCV,CA,AWP,WE,Federal Contract Tower,0,0,1,0,1,0,1,8,0,9,0,1,9,0,10,0,0,0,10
04/30/2018,VCV,CA,AWP,WE,Federal Contract Tower,0,0,0,0,0,0,1,56,13,70,0,1,56,13,70,86,106,192,262
05/01/2018,VCV,CA,AWP,WE,Federal Contract Tower,2,0,2,0,4,0,4,24,3,31,2,4,26,3,35,32,36,68,103
05/02/2018,VCV,CA,AWP,WE,Federal Contract Tower,0,0,2,2,4,0,7,42,1,50,0,7,44,3,54,74,10,84,138
05/03/2018,VCV,CA,AWP,WE,Federal Contract Tower,0,0,4,0,4,0,5,33,3,41,0,5,37,3,45,78,38,116,161
05/04/2018,VCV,CA,AWP,WE,Federal Contract Tower,0,0,0,2,2,0,2,23,4,29,0,2,23,6,31,36,44,80,111
05/05/2018,VCV,CA,AWP,WE,Federal Contract Tower,6,0,0,2,8,0,2,6,0,8,6,2,6,2,16,2,0,2,18
05/06/2018,VCV,CA,AWP,WE,Federal Contract Tower,0,0,7,0,7,0,4,24,15,43,0,4,31,15,50,14,66,80,130
05/07/2018,VCV,CA,AWP,WE,Federal Contract Tower,3,0,0,0,3,0,4,22,6,32,3,4,22,6,35,34,50,84,119
05/08/2018,VCV,CA,AWP,WE,Federal Contract Tower,0,1,13,0,14,0,6,24,3,33,0,7,37,3,47,28,38,66,113
05/09/2018,VCV,CA,AWP,WE,Federal Contract Tower,1,1,5,2,9,0,10,21,0,31,1,11,26,2,40,24,26,50,90
05/10/2018,VCV,CA,AWP,WE,Federal Contract Tower,0,0,0,0,0,0,3,24,4,31,0,3,24,4,31,34,0,34,65
05/11/2018,VCV,CA,AWP,WE,Federal Contract Tower,2,1,1,0,4,0,5,1,0,6,2,6,2,0,10,0,0,0,10
05/12/2018,VCV,CA,AWP,WE,Federal Contract Tower,0,0,2,0,2,0,4,3,0,7,0,4,5,0,9,10,0,10,19
05/14/2018,VCV,CA,AWP,WE,Federal Contract Tower,0,0,0,0,0,0,10,15,4,29,0,10,15,4,29,40,36,76,105
05/15/2018,VCV,CA,AWP,WE,Federal Contract Tower,0,0,10,0,10,0,4,24,3,31,0,4,34,3,41,60,40,100,141
05/16/2018,VCV,CA,AWP,WE,Federal Contract Tower,1,0,1,1,3,0,5,12,3,20,1,5,13,4,23,6,10,16,39
05/17/2018,VCV,CA,AWP,WE,Federal Contract Tower,1,0,5,0,6,0,4,31,6,41,1,4,36,6,47,60,14,74,121
05/18/2018,VCV,CA,AWP,WE,Federal Contract Tower,0,0,0,0,0,0,5,31,6,42,0,5,31,6,42,36,50,86,128
05/19/2018,VCV,CA,AWP,WE,Federal Contract Tower,2,0,5,0,7,0,5,25,0,30,2,5,30,0,37,68,0,68,105
05/20/2018,VCV,CA,AWP,WE,Federal Contract Tower,0,2,0,0,2,0,8,6,0,14,0,10,6,0,16,0,0,0,16
05/21/2018,VCV,CA,AWP,WE,Federal Contract Tower,0,0,8,0,8,0,3,36,4,43,0,3,44,4,51,72,52,124,175
05/22/2018,VCV,CA,AWP,WE,Federal Contract Tower,0,0,8,0,8,0,11,39,4,54,0,11,47,4,62,88,60,148,210
05/23/2018,VCV,CA,AWP,WE,Federal Contract Tower,0,0,3,0,3,0,7,31,4,42,0,7,34,4,45,36,60,96,141
05/24/2018,VCV,CA,AWP,WE,Federal Contract Tower,0,0,1,0,1,0,12,14,4,30,0,12,15,4,31,38,34,72,103
05/25/2018,VCV,CA,AWP,WE,Federal Contract Tower,1,0,1,0,2,0,7,1,0,8,1,7,2,0,10,0,0,0,10
05/26/2018,VCV,CA,AWP,WE,Federal Contract Tower,2,0,0,3,5,0,8,16,1,25,2,8,16,4,30,74,6,80,110
05/27/2018,VCV,CA,AWP,WE,Federal Contract Tower,0,0,0,0,0,0,7,32,3,42,0,7,32,3,42,62,42,104,146
05/28/2018,VCV,CA,AWP,WE,Federal Contract Tower,2,0,0,0,2,0,5,13,8,26,2,5,13,8,28,30,0,30,58
05/29/2018,VCV,CA,AWP,WE,Federal Contract Tower,0,1,0,0,1,0,1,13,2,16,0,2,13,2,17,16,4,20,37
05/30/2018,VCV,CA,AWP,WE,Federal Contract Tower,2,3,0,0,5,0,5,34,0,39,2,8,34,0,44,88,0,88,132
05/31/2018,VCV,CA,AWP,WE,Federal Contract Tower,0,0,1,0,1,0,12,31,4,47,0,12,32,4,48,84,54,138,186
06/01/2018,VCV,CA,AWP,WE,Federal Contract Tower,0,0,4,0,4,0,8,1,0,9,0,8,5,0,13,0,0,0,13
06/02/2018,VCV,CA,AWP,WE,Federal Contract Tower,0,0,0,0,0,0,7,14,1,22,0,7,14,1,22,37,12,49,71
06/03/2018,VCV,CA,AWP,WE,Federal Contract Tower,0,0,0,0,0,0,12,7,0,19,0,12,7,0,19,29,0,29,48
06/04/2018,VCV,CA,AWP,WE,Federal Contract Tower,0,0,0,0,0,0,4,17,3,24,0,4,17,3,24,5,9,14,38
06/05/2018,VCV,CA,AWP,WE,Federal Contract Tower,0,0,1,0,1,0,10,8,0,18,0,10,9,0,19,0,4,4,23
06/06/2018,VCV,CA,AWP,WE,Federal Contract Tower,0,0,10,0,10,0,3,19,8,30,0,3,29,8,40,64,90,154,194
06/07/2018,VCV,CA,AWP,WE,Federal Contract Tower,0,0,16,0,16,0,7,34,7,48,0,7,50,7,64,54,82,136,200
06/08/2018,VCV,CA,AWP,WE,Federal Contract Tower,2,0,2,0,4,0,7,14,3,24,2,7,16,3,28,30,21,51,79
06/09/2018,VCV,CA,AWP,WE,Federal Contract Tower,4,0,0,0,4,0,6,16,0,22,4,6,16,0,26,39,0,39,65
06/11/2018,VCV,CA,AWP,WE,Federal Contract Tower,0,0,2,0,2,0,1,20,2,23,0,1,22,2,25,16,0,16,41
06/12/2018,VCV,CA,AWP,WE,Federal Contract Tower,0,1,0,0,1,0,6,26,4,36,0,7,26,4,37,64,52,116,153
06/13/2018,VCV,CA,AWP,WE,Federal Contract Tower,0,1,0,0,1,0,5,36,4,45,0,6,36,4,46,70,56,126,172
06/14/2018,VCV,CA,AWP,WE,Federal Contract Tower,1,0,0,0,1,1,2,25,2,30,2,2,25,2,31,34,24,58,89
06/15/2018,VCV,CA,AWP,WE,Federal Contract Tower,1,0,0,2,3,0,7,15,3,25,1,7,15,5,28,13,17,30,58
06/16/2018,VCV,CA,AWP,WE,Federal Contract Tower,2,0,13,0,15,0,6,19,4,29,2,6,32,4,44,82,58,140,184
06/17/2018,VCV,CA,AWP,WE,Federal Contract Tower,3,0,1,0,4,0,2,1,0,3,3,2,2,0,7,8,0,8,15
06/18/2018,VCV,CA,AWP,WE,Federal Contract Tower,0,1,1,0,2,0,1,5,6,12,0,2,6,6,14,0,0,0,14
06/19/2018,VCV,CA,AWP,WE,Federal Contract Tower,0,1,5,1,7,0,8,17,1,26,0,9,22,2,33,36,18,54,87
06/20/2018,VCV,CA,AWP,WE,Federal Contract Tower,0,4,18,0,22,0,3,41,4,48,0,7,59,4,70,84,54,138,208
06/21/2018,VCV,CA,AWP,WE,Federal Contract Tower,1,0,14,0,15,0,5,34,4,43,1,5,48,4,58,94,44,138,196
06/22/2018,VCV,CA,AWP,WE,Federal Contract Tower,0,0,2,1,3,0,7,18,3,28,0,7,20,4,31,20,30,50,81
06/23/2018,VCV,CA,AWP,WE,Federal Contract Tower,0,0,1,0,1,0,4,18,0,22,0,4,19,0,23,12,0,12,35
06/24/2018,VCV,CA,AWP,WE,Federal Contract Tower,1,0,0,0,1,0,4,2,0,6,1,4,2,0,7,8,0,8,15
06/25/2018,VCV,CA,AWP,WE,Federal Contract Tower,3,0,25,1,29,0,7,51,7,65,3,7,76,8,94,110,100,210,304
06/26/2018,VCV,CA,AWP,WE,Federal Contract Tower,0,1,2,1,4,0,5,7,4,16,0,6,9,5,20,0,14,14,34
06/27/2018,VCV,CA,AWP,WE,Federal Contract Tower,4,1,5,0,10,0,3,25,5,33,4,4,30,5,43,58,40,98,141
06/28/2018,VCV,CA,AWP,WE,Federal Contract Tower,0,0,14,0,14,0,5,38,3,46,0,5,52,3,60,80,44,124,184
06/29/2018,VCV,CA,AWP,WE,Federal Contract Tower,1,0,1,0,2,0,7,43,14,64,1,7,44,14,66,66,80,146,212
06/30/2018,VCV,CA,AWP,WE,Federal Contract Tower,0,0,2,1,3,0,8,15,1,24,0,8,17,2,27,44,0,44,71
07/01/2018,VCV,CA,AWP,WE,Federal Contract Tower,0,0,0,0,0,0,4,17,0,21,0,4,17,0,21,40,0,40,61
07/02/2018,VCV,CA,AWP,WE,Federal Contract Tower,1,0,2,0,3,0,4,18,0,22,1,4,20,0,25,19,0,19,44
07/03/2018,VCV,CA,AWP,WE,Federal Contract Tower,1,1,2,0,4,0,3,8,0,11,1,4,10,0,15,10,0,10,25
07/05/2018,VCV,CA,AWP,WE,Federal Contract Tower,0,0,1,0,1,0,6,33,5,44,0,6,34,5,45,52,60,112,157
07/06/2018,VCV,CA,AWP,WE,Federal Contract Tower,2,0,0,2,4,0,3,15,3,21,2,3,15,5,25,31,24,55,80
07/07/2018,VCV,CA,AWP,WE,Federal Contract Tower,2,0,0,0,2,0,5,30,0,35,2,5,30,0,37,98,0,98,135
07/08/2018,VCV,CA,AWP,WE,Federal Contract Tower,1,0,0,0,1,0,4,16,0,20,1,4,16,0,21,32,0,32,53
07/09/2018,VCV,CA,AWP,WE,Federal Contract Tower,2,2,0,0,4,0,3,3,0,6,2,5,3,0,10,0,0,0,10
07/10/2018,VCV,CA,AWP,WE,Federal Contract Tower,2,0,6,0,8,0,7,14,2,23,2,7,20,2,31,6,6,12,43
07/11/2018,VCV,CA,AWP,WE,Federal Contract Tower,2,0,2,0,4,0,8,33,5,46,2,8,35,5,50,68,66,134,184
07/12/2018,VCV,CA,AWP,WE,Federal Contract Tower,0,0,0,0,0,0,11,40,5,56,0,11,40,5,56,92,62,154,210
07/13/2018,VCV,CA,AWP,WE,Federal Contract Tower,0,0,1,0,1,0,2,4,0,6,0,2,5,0,7,8,0,8,15
07/14/2018,VCV,CA,AWP,WE,Federal Contract Tower,0,0,1,0,1,0,5,7,0,12,0,5,8,0,13,30,0,30,43
07/15/2018,VCV,CA,AWP,WE,Federal Contract Tower,0,1,0,0,1,0,6,12,0,18,0,7,12,0,19,22,0,22,41
07/16/2018,VCV,CA,AWP,WE,Federal Contract Tower,4,0,1,0,5,0,2,15,0,17,4,2,16,0,22,8,0,8,30
07/17/2018,VCV,CA,AWP,WE,Federal Contract Tower,0,0,6,0,6,0,3,6,1,10,0,3,12,1,16,14,0,14,30
07/18/2018,VCV,CA,AWP,WE,Federal Contract Tower,3,1,2,0,6,0,3,4,2,9,3,4,6,2,15,0,0,0,15
07/19/2018,VCV,CA,AWP,WE,Federal Contract Tower,0,0,2,0,2,0,3,23,2,28,0,3,25,2,30,10,10,20,50
07/20/2018,VCV,CA,AWP,WE,Federal Contract Tower,1,3,2,0,6,0,19,14,0,33,1,22,16,0,39,2,0,2,41
07/21/2018,VCV,CA,AWP,WE,Federal Contract Tower,1,0,1,0,2,0,3,4,0,7,1,3,5,0,9,0,0,0,9
07/22/2018,VCV,CA,AWP,WE,Federal Contract Tower,0,0,0,0,0,0,5,18,0,23,0,5,18,0,23,78,0,78,101
07/23/2018,VCV,CA,AWP,WE,Federal Contract Tower,0,0,1,0,1,0,9,0,0,9,0,9,1,0,10,0,0,0,10
07/24/2018,VCV,CA,AWP,WE,Federal Contract Tower,1,0,2,0,3,0,9,6,0,15,1,9,8,0,18,12,0,12,30
07/25/2018,VCV,CA,AWP,WE,Federal Contract Tower,0,3,4,0,7,0,7,14,4,25,0,10,18,4,32,32,14,46,78
07/26/2018,VCV,CA,AWP,WE,Federal Contract Tower,3,0,0,0,3,0,5,40,5,50,3,5,40,5,53,88,70,158,211
07/27/2018,VCV,CA,AWP,WE,Federal Contract Tower,0,0,0,0,0,0,5,41,6,52,0,5,41,6,52,82,72,154,206
07/28/2018,VCV,CA,AWP,WE,Federal Contract Tower,1,0,0,0,1,0,2,6,0,8,1,2,6,0,9,6,0,6,15
07/29/2018,VCV,CA,AWP,WE,Federal Contract Tower,0,0,0,0,0,0,3,13,0,16,0,3,13,0,16,32,0,32,48
07/30/2018,VCV,CA,AWP,WE,Federal Contract Tower,2,0,1,0,3,0,6,14,3,23,2,6,15,3,26,11,18,29,55
07/31/2018,VCV,CA,AWP,WE,Federal Contract Tower,0,0,0,0,0,0,6,42,5,53,0,6,42,5,53,68,72,140,193
08/01/2018,VCV,CA,AWP,WE,Federal Contract Tower,1,5,0,0,6,3,6,39,4,52,4,11,39,4,58,102,48,150,208
08/02/2018,VCV,CA,AWP,WE,Federal Contract Tower,0,0,0,2,2,0,6,39,4,49,0,6,39,6,51,96,56,152,203
08/03/2018,VCV,CA,AWP,WE,Federal Contract Tower,0,1,0,0,1,0,10,12,2,24,0,11,12,2,25,10,0,10,35
08/04/2018,VCV,CA,AWP,WE,Federal Contract Tower,2,0,0,0,2,0,8,16,0,24,2,8,16,0,26,36,0,36,62
08/05/2018,VCV,CA,AWP,WE,Federal Contract Tower,0,0,2,0,2,0,5,11,0,16,0,5,13,0,18,52,0,52,70
08/06/2018,VCV,CA,AWP,WE,Federal Contract Tower,1,0,5,0,6,0,8,0,2,10,1,8,5,2,16,8,0,8,24
08/07/2018,VCV,CA,AWP,WE,Federal Contract Tower,1,0,17,0,18,0,3,40,4,47,1,3,57,4,65,88,66,154,219
08/08/2018,VCV,CA,AWP,WE,Federal Contract Tower,0,5,6,0,11,1,7,39,5,52,1,12,45,5,63,136,42,178,241
08/09/2018,VCV,CA,AWP,WE,Federal Contract Tower,0,0,0,0,0,0,4,28,4,36,0,4,28,4,36,70,58,128,164
08/10/2018,VCV,CA,AWP,WE,Federal Contract Tower,0,0,2,0,2,0,7,11,2,20,0,7,13,2,22,26,26,52,74
08/11/2018,VCV,CA,AWP,WE,Federal Contract Tower,0,0,0,0,0,0,11,17,0,28,0,11,17,0,28,38,0,38,66
08/12/2018,VCV,CA,AWP,WE,Federal Contract Tower,1,0,0,0,1,0,5,19,1,25,1,5,19,1,26,80,0,80,106
08/13/2018,VCV,CA,AWP,WE,Federal Contract Tower,0,0,2,0,2,0,7,10,0,17,0,7,12,0,19,8,0,8,27
08/14/2018,VCV,CA,AWP,WE,Federal Contract Tower,2,0,1,0,3,0,7,10,1,18,2,7,11,1,21,0,0,0,21
08/15/2018,VCV,CA,AWP,WE,Federal Contract Tower,0,0,2,1,3,0,3,15,3,21,0,3,17,4,24,10,22,32,56
08/16/2018,VCV,CA,AWP,WE,Federal Contract Tower,0,0,1,1,2,0,3,5,1,9,0,3,6,2,11,2,16,18,29
08/17/2018,VCV,CA,AWP,WE,Federal Contract Tower,2,1,2,0,5,0,4,15,1,20,2,5,17,1,25,32,12,44,69
08/18/2018,VCV,CA,AWP,WE,Federal Contract Tower,1,0,0,0,1,0,5,14,0,19,1,5,14,0,20,35,0,35,55
08/19/2018,VCV,CA,AWP,WE,Federal Contract Tower,0,0,7,0,7,0,9,19,0,28,0,9,26,0,35,76,0,76,111
08/20/2018,VCV,CA,AWP,WE,Federal Contract Tower,2,1,0,0,3,1,5,16,1,23,3,6,16,1,26,20,2,22,48
08/21/2018,VCV,CA,AWP,WE,Federal Contract Tower,0,0,1,0,1,0,13,57,4,74,0,13,58,4,75,166,58,224,299
08/22/2018,VCV,CA,AWP,WE,Federal Contract Tower,0,1,1,0,2,0,9,21,0,30,0,10,22,0,32,14,0,14,46
08/23/2018,VCV,CA,AWP,WE,Federal Contract Tower,0,2,8,0,10,0,7,36,4,47,0,9,44,4,57,82,58,140,197
08/24/2018,VCV,CA,AWP,WE,Federal Contract Tower,0,0,0,3,3,0,6,16,5,27,0,6,16,8,30,32,16,48,78
08/25/2018,VCV,CA,AWP,WE,Federal Contract Tower,0,0,0,0,0,0,9,17,6,32,0,9,17,6,32,12,52,64,96
08/26/2018,VCV,CA,AWP,WE,Federal Contract Tower,2,0,0,0,2,1,9,9,1,20,3,9,9,1,22,12,4,16,38
08/27/2018,VCV,CA,AWP,WE,Federal Contract Tower,4,0,0,0,4,0,2,29,4,35,4,2,29,4,39,42,58,100,139
08/28/2018,VCV,CA,AWP,WE,Federal Contract Tower,1,0,5,2,8,2,11,7,0,20,3,11,12,2,28,0,10,10,38
08/29/2018,VCV,CA,AWP,WE,Federal Contract Tower,2,4,2,0,8,0,6,13,2,21,2,10,15,2,29,6,14,20,49
08/30/2018,VCV,CA,AWP,WE,Federal Contract Tower,2,3,4,0,9,0,9,34,5,48,2,12,38,5,57,78,66,144,201
08/31/2018,VCV,CA,AWP,WE,Federal Contract Tower,0,0,0,0,0,0,8,18,1,27,0,8,18,1,27,31,12,43,70
09/01/2018,VCV,CA,AWP,WE,Federal Contract Tower,3,0,0,0,3,0,5,17,4,26,3,5,17,4,29,22,60,82,111
09/02/2018,VCV,CA,AWP,WE,Federal Contract Tower,1,0,2,0,3,0,4,21,5,30,1,4,23,5,33,32,54,86,119
09/03/2018,VCV,CA,AWP,WE,Federal Contract Tower,0,0,0,0,0,0,6,13,5,24,0,6,13,5,24,40,68,108,132
09/04/2018,VCV,CA,AWP,WE,Federal Contract Tower,2,1,0,0,3,0,6,11,0,17,2,7,11,0,20,10,0,10,30
09/05/2018,VCV,CA,AWP,WE,Federal Contract Tower,1,2,3,0,6,0,7,8,4,19,1,9,11,4,25,6,0,6,31
09/06/2018,VCV,CA,AWP,WE,Federal Contract Tower,0,0,2,0,2,0,4,37,5,46,0,4,39,5,48,100,64,164,212
09/07/2018,VCV,CA,AWP,WE,Federal Contract Tower,2,0,0,0,2,0,5,33,6,44,2,5,33,6,46,80,82,162,208
09/08/2018,VCV,CA,AWP,WE,Federal Contract Tower,1,0,0,0,1,0,10,11,0,21,1,10,11,0,22,30,0,30,52
09/09/2018,VCV,CA,AWP,WE,Federal Contract Tower,0,0,1,0,1,0,12,25,0,37,0,12,26,0,38,80,0,80,118
09/10/2018,VCV,CA,AWP,WE,Federal Contract Tower,0,0,0,0,0,0,8,43,4,55,0,8,43,4,55,90,62,152,207
09/11/2018,VCV,CA,AWP,WE,Federal Contract Tower,3,2,2,0,7,0,5,13,0,18,3,7,15,0,25,0,0,0,25
09/12/2018,VCV,CA,AWP,WE,Federal Contract Tower,1,4,4,0,9,0,2,12,2,16,1,6,16,2,25,12,0,12,37
09/13/2018,VCV,CA,AWP,WE,Federal Contract Tower,0,2,0,0,2,0,4,36,4,44,0,6,36,4,46,90,32,122,168
09/14/2018,VCV,CA,AWP,WE,Federal Contract Tower,3,3,0,4,10,0,8,10,8,26,3,11,10,12,36,0,0,0,36
09/15/2018,VCV,CA,AWP,WE,Federal Contract Tower,0,1,0,0,1,1,4,32,5,42,1,5,32,5,43,108,62,170,213
09/16/2018,VCV,CA,AWP,WE,Federal Contract Tower,3,0,0,0,3,0,4,36,0,40,3,4,36,0,43,108,0,108,151
09/17/2018,VCV,CA,AWP,WE,Federal Contract Tower,1,0,0,0,1,0,5,39,3,47,1,5,39,3,48,84,38,122,170
09/18/2018,VCV,CA,AWP,WE,Federal Contract Tower,3,1,6,0,10,0,9,3,0,12,3,10,9,0,22,0,0,0,22
09/19/2018,VCV,CA,AWP,WE,Federal Contract Tower,0,1,2,0,3,2,3,23,2,30,2,4,25,2,33,36,4,40,73
09/20/2018,VCV,CA,AWP,WE,Federal Contract Tower,0,0,0,0,0,0,3,7,0,10,0,3,7,0,10,4,0,4,14
09/21/2018,VCV,CA,AWP,WE,Federal Contract Tower,2,0,2,0,4,0,7,3,0,10,2,7,5,0,14,0,0,0,14
09/22/2018,VCV,CA,AWP,WE,Federal Contract Tower,0,0,3,0,3,0,0,8,0,8,0,0,11,0,11,4,0,4,15
09/23/2018,VCV,CA,AWP,WE,Federal Contract Tower,0,0,2,0,2,0,2,4,0,6,0,2,6,0,8,2,0,2,10
09/24/2018,VCV,CA,AWP,WE,Federal Contract Tower,1,0,0,0,1,0,8,0,1,9,1,8,0,1,10,0,10,10,20
09/25/2018,VCV,CA,AWP,WE,Federal Contract Tower,3,1,2,0,6,0,5,4,4,13,3,6,6,4,19,8,10,18,37
09/26/2018,VCV,CA,AWP,WE,Federal Contract Tower,5,0,1,0,6,0,5,11,0,16,5,5,12,0,22,4,0,4,26
09/27/2018,VCV,CA,AWP,WE,Federal Contract Tower,3,0,0,0,3,0,3,8,0,11,3,3,8,0,14,0,0,0,14
09/28/2018,VCV,CA,AWP,WE,Federal Contract Tower,2,2,1,0,5,0,8,5,0,13,2,10,6,0,18,0,0,0,18
09/29/2018,VCV,CA,AWP,WE,Federal Contract Tower,0,1,0,0,1,0,2,8,0,10,0,3,8,0,11,0,0,0,11
09/30/2018,VCV,CA,AWP,WE,Federal Contract Tower,0,0,0,0,0,0,2,2,0,4,0,2,2,0,4,0,0,0,4
10/01/2018,VCV,CA,AWP,WE,Federal Contract Tower,0,0,1,0,1,0,7,1,2,10,0,7,2,2,11,0,0,0,11
10/02/2018,VCV,CA,AWP,WE,Federal Contract Tower,0,2,1,0,3,0,4,4,0,8,0,6,5,0,11,0,0,0,11
10/03/2018,VCV,CA,AWP,WE,Federal Contract Tower,1,7,2,3,13,0,0,1,1,2,1,7,3,4,15,0,12,12,27
10/04/2018,VCV,CA,AWP,WE,Federal Contract Tower,0,2,0,2,4,0,0,3,0,3,0,2,3,2,7,0,0,0,7
10/05/2018,VCV,CA,AWP,WE,Federal Contract Tower,0,0,3,0,3,0,7,6,2,15,0,7,9,2,18,0,0,0,18
10/06/2018,VCV,CA,AWP,WE,Federal Contract Tower,2,0,0,0,2,0,1,1,0,2,2,1,1,0,4,0,0,0,4
10/07/2018,VCV,CA,AWP,WE,Federal Contract Tower,1,0,0,0,1,0,3,3,0,6,1,3,3,0,7,0,0,0,7
10/08/2018,VCV,CA,AWP,WE,Federal Contract Tower,4,0,2,0,6,0,2,0,2,4,4,2,2,2,10,0,0,0,10
10/09/2018,VCV,CA,AWP,WE,Federal Contract Tower,0,0,0,0,0,0,3,5,2,10,0,3,5,2,10,0,0,0,10
10/10/2018,VCV,CA,AWP,WE,Federal Contract Tower,2,3,2,2,9,0,4,18,2,24,2,7,20,4,33,0,12,12,45
10/11/2018,VCV,CA,AWP,WE,Federal Contract Tower,0,0,0,0,0,0,1,4,2,7,0,1,4,2,7,0,8,8,15
10/12/2018,VCV,CA,AWP,WE,Federal Contract Tower,0,0,0,0,0,0,2,0,0,2,0,2,0,0,2,0,0,0,2
10/13/2018,VCV,CA,AWP,WE,Federal Contract Tower,0,0,0,0,0,0,4,2,0,6,0,4,2,0,6,0,0,0,6
10/14/2018,VCV,CA,AWP,WE,Federal Contract Tower,1,0,4,2,7,0,6,5,0,11,1,6,9,2,18,4,0,4,22
10/15/2018,VCV,CA,AWP,WE,Federal Contract Tower,1,0,0,0,1,0,6,2,0,8,1,6,2,0,9,0,0,0,9
10/16/2018,VCV,CA,AWP,WE,Federal Contract Tower,2,2,3,2,9,0,4,9,0,13,2,6,12,2,22,12,2,14,36
10/17/2018,VCV,CA,AWP,WE,Federal Contract Tower,0,0,7,0,7,0,0,15,2,17,0,0,22,2,24,34,2,36,60
10/18/2018,VCV,CA,AWP,WE,Federal Contract Tower,4,0,0,0,4,0,3,15,0,18,4,3,15,0,22,26,0,26,48
10/19/2018,VCV,CA,AWP,WE,Federal Contract Tower,2,0,1,0,3,0,4,9,0,13,2,4,10,0,16,2,0,2,18
10/20/2018,VCV,CA,AWP,WE,Federal Contract Tower,1,0,0,6,7,0,8,1,1,10,1,8,1,7,17,0,0,0,17
10/21/2018,VCV,CA,AWP,WE,Federal Contract Tower,0,0,0,0,0,0,6,2,0,8,0,6,2,0,8,0,0,0,8
10/22/2018,VCV,CA,AWP,WE,Federal Contract Tower,2,0,0,0,2,0,8,0,2,10,2,8,0,2,12,0,0,0,12
10/23/2018,VCV,CA,AWP,WE,Federal Contract Tower,0,0,6,0,6,0,1,11,0,12,0,1,17,0,18,4,0,4,22
10/24/2018,VCV,CA,AWP,WE,Federal Contract Tower,0,4,1,0,5,0,1,9,0,10,0,5,10,0,15,0,0,0,15
10/25/2018,VCV,CA,AWP,WE,Federal Contract Tower,0,0,0,0,0,0,3,5,0,8,0,3,5,0,8,0,0,0,8
10/26/2018,VCV,CA,AWP,WE,Federal Contract Tower,1,0,0,0,1,0,2,11,0,13,1,2,11,0,14,0,0,0,14
10/27/2018,VCV,CA,AWP,WE,Federal Contract Tower,1,0,0,0,1,0,4,5,0,9,1,4,5,0,10,0,0,0,10
10/28/2018,VCV,CA,AWP,WE,Federal Contract Tower,0,0,0,6,6,0,5,8,0,13,0,5,8,6,19,8,0,8,27
10/29/2018,VCV,CA,AWP,WE,Federal Contract Tower,0,1,0,2,3,0,5,6,0,11,0,6,6,2,14,0,4,4,18
10/30/2018,VCV,CA,AWP,WE,Federal Contract Tower,0,0,3,0,3,0,6,12,0,18,0,6,15,0,21,0,0,0,21
10/31/2018,VCV,CA,AWP,WE,Federal Contract Tower,2,0,3,0,5,0,1,16,0,17,2,1,19,0,22,0,0,0,22
11/01/2018,VCV,CA,AWP,WE,Federal Contract Tower,0,2,0,0,2,0,0,0,2,2,0,2,0,2,4,0,0,0,4
11/02/2018,VCV,CA,AWP,WE,Federal Contract Tower,0,0,0,0,0,0,2,6,2,10,0,2,6,2,10,0,0,0,10
11/03/2018,VCV,CA,AWP,WE,Federal Contract Tower,0,0,0,0,0,0,3,4,0,7,0,3,4,0,7,0,0,0,7
11/04/2018,VCV,CA,AWP,WE,Federal Contract Tower,2,0,0,0,2,0,3,4,3,10,2,3,4,3,12,8,0,8,20
11/05/2018,VCV,CA,AWP,WE,Federal Contract Tower,0,0,2,0,2,0,6,4,0,10,0,6,6,0,12,0,0,0,12
11/06/2018,VCV,CA,AWP,WE,Federal Contract Tower,4,2,1,0,7,0,2,9,0,11,4,4,10,0,18,0,0,0,18
11/07/2018,VCV,CA,AWP,WE,Federal Contract Tower,8,2,0,3,13,0,4,9,2,15,8,6,9,5,28,2,0,2,30
11/08/2018,VCV,CA,AWP,WE,Federal Contract Tower,1,0,2,0,3,0,4,10,0,14,1,4,12,0,17,0,0,0,17
11/09/2018,VCV,CA,AWP,WE,Federal Contract Tower,6,0,0,0,6,0,4,11,0,15,6,4,11,0,21,14,0,14,35
11/10/2018,VCV,CA,AWP,WE,Federal Contract Tower,0,0,0,0,0,1,9,8,0,18,1,9,8,0,18,0,0,0,18
11/11/2018,VCV,CA,AWP,WE,Federal Contract Tower,0,0,0,0,0,0,3,2,0,5,0,3,2,0,5,0,0,0,5
11/12/2018,VCV,CA,AWP,WE,Federal Contract Tower,1,0,3,0,4,0,3,0,0,3,1,3,3,0,7,2,0,2,9
11/13/2018,VCV,CA,AWP,WE,Federal Contract Tower,0,0,0,0,0,0,6,13,0,19,0,6,13,0,19,14,0,14,33
11/14/2018,VCV,CA,AWP,WE,Federal Contract Tower,0,1,7,0,8,0,2,23,0,25,0,3,30,0,33,2,0,2,35
11/15/2018,VCV,CA,AWP,WE,Federal Contract Tower,0,0,3,0,3,0,2,21,0,23,0,2,24,0,26,14,0,14,40
11/16/2018,VCV,CA,AWP,WE,Federal Contract Tower,0,1,3,0,4,0,1,16,5,22,0,2,19,5,26,14,6,20,46
11/17/2018,VCV,CA,AWP,WE,Federal Contract Tower,1,0,1,0,2,0,4,0,0,4,1,4,1,0,6,0,0,0,6
11/18/2018,VCV,CA,AWP,WE,Federal Contract Tower,3,0,0,0,3,0,15,3,0,18,3,15,3,0,21,4,0,4,25
11/19/2018,VCV,CA,AWP,WE,Federal Contract Tower,0,0,1,0,1,0,5,8,0,13,0,5,9,0,14,0,0,0,14
11/20/2018,VCV,CA,AWP,WE,Federal Contract Tower,1,1,0,0,2,0,6,24,2,32,1,7,24,2,34,12,0,12,46
11/21/2018,VCV,CA,AWP,WE,Federal Contract Tower,0,0,0,0,0,0,6,6,0,12,0,6,6,0,12,0,0,0,12
11/22/2018,VCV,CA,AWP,WE,Federal Contract Tower,0,0,0,0,0,0,2,4,0,6,0,2,4,0,6,0,0,0,6
11/23/2018,VCV,CA,AWP,WE,Federal Contract Tower,0,0,3,0,3,0,4,0,0,4,0,4,3,0,7,0,0,0,7
11/24/2018,VCV,CA,AWP,WE,Federal Contract Tower,1,0,0,0,1,0,7,2,0,9,1,7,2,0,10,0,0,0,10
11/25/2018,VCV,CA,AWP,WE,Federal Contract Tower,3,0,0,0,3,0,7,5,0,12,3,7,5,0,15,0,0,0,15
11/26/2018,VCV,CA,AWP,WE,Federal Contract Tower,0,0,2,0,2,0,9,4,0,13,0,9,6,0,15,0,0,0,15
11/27/2018,VCV,CA,AWP,WE,Federal Contract Tower,1,3,1,0,5,0,2,10,0,12,1,5,11,0,17,0,0,0,17
11/28/2018,VCV,CA,AWP,WE,Federal Contract Tower,0,0,1,0,1,0,7,4,0,11,0,7,5,0,12,0,0,0,12
11/29/2018,VCV,CA,AWP,WE,Federal Contract Tower,0,0,0,0,0,0,0,0,0,0,0,0,0,0,0,0,0,0,0
11/30/2018,VCV,CA,AWP,WE,Federal Contract Tower,0,0,0,0,0,0,3,5,0,8,0,3,5,0,8,32,0,32,40
12/01/2018,VCV,CA,AWP,WE,Federal Contract Tower,0,0,1,6,7,0,0,6,0,6,0,0,7,6,13,0,0,0,13
12/02/2018,VCV,CA,AWP,WE,Federal Contract Tower,2,1,0,0,3,0,7,7,0,14,2,8,7,0,17,2,0,2,19
12/03/2018,VCV,CA,AWP,WE,Federal Contract Tower,4,0,3,6,13,0,0,6,0,6,4,0,9,6,19,0,0,0,19
12/04/2018,VCV,CA,AWP,WE,Federal Contract Tower,2,0,2,0,4,0,3,12,0,15,2,3,14,0,19,24,0,24,43
12/05/2018,VCV,CA,AWP,WE,Federal Contract Tower,0,0,2,0,2,0,0,1,0,1,0,0,3,0,3,0,0,0,3
12/06/2018,VCV,CA,AWP,WE,Federal Contract Tower,2,0,1,0,3,0,0,0,0,0,2,0,1,0,3,0,0,0,3
12/07/2018,VCV,CA,AWP,WE,Federal Contract Tower,0,1,3,0,4,0,3,6,0,9,0,4,9,0,13,12,0,12,25
12/08/2018,VCV,CA,AWP,WE,Federal Contract Tower,1,0,0,0,1,0,6,8,0,14,1,6,8,0,15,12,0,12,27
12/09/2018,VCV,CA,AWP,WE,Federal Contract Tower,2,2,1,2,7,0,3,19,0,22,2,5,20,2,29,0,0,0,29
12/10/2018,VCV,CA,AWP,WE,Federal Contract Tower,0,0,4,8,12,0,5,4,2,11,0,5,8,10,23,0,8,8,31
12/11/2018,VCV,CA,AWP,WE,Federal Contract Tower,0,0,0,0,0,0,2,2,0,4,0,2,2,0,4,0,0,0,4
12/12/2018,VCV,CA,AWP,WE,Federal Contract Tower,1,0,1,0,2,0,3,1,0,4,1,3,2,0,6,0,0,0,6
12/13/2018,VCV,CA,AWP,WE,Federal Contract Tower,0,0,0,0,0,0,0,0,0,0,0,0,0,0,0,0,0,0,0
12/14/2018,VCV,CA,AWP,WE,Federal Contract Tower,3,0,0,0,3,0,6,5,2,13,3,6,5,2,16,4,10,14,30
12/15/2018,VCV,CA,AWP,WE,Federal Contract Tower,1,0,0,2,3,0,6,7,2,15,1,6,7,4,18,0,6,6,24
12/16/2018,VCV,CA,AWP,WE,Federal Contract Tower,1,0,2,0,3,0,6,4,2,12,1,6,6,2,15,0,14,14,29
12/17/2018,VCV,CA,AWP,WE,Federal Contract Tower,1,0,0,0,1,0,5,2,0,7,1,5,2,0,8,0,0,0,8
12/18/2018,VCV,CA,AWP,WE,Federal Contract Tower,0,0,1,0,1,0,6,14,2,22,0,6,15,2,23,42,10,52,75
12/19/2018,VCV,CA,AWP,WE,Federal Contract Tower,4,0,7,1,12,0,3,17,5,25,4,3,24,6,37,12,12,24,61
12/20/2018,VCV,CA,AWP,WE,Federal Contract Tower,0,0,0,0,0,0,2,0,0,2,0,2,0,0,2,0,0,0,2
12/21/2018,VCV,CA,AWP,WE,Federal Contract Tower,1,0,0,0,1,0,3,5,2,10,1,3,5,2,11,0,10,10,21
12/22/2018,VCV,CA,AWP,WE,Federal Contract Tower,0,0,0,0,0,0,7,4,0,11,0,7,4,0,11,0,0,0,11
12/23/2018,VCV,CA,AWP,WE,Federal Contract Tower,0,0,0,0,0,0,0,3,0,3,0,0,3,0,3,0,0,0,3
12/24/2018,VCV,CA,AWP,WE,Federal Contract Tower,0,0,0,0,0,0,1,0,0,1,0,1,0,0,1,0,0,0,1
12/25/2018,VCV,CA,AWP,WE,Federal Contract Tower,0,0,0,0,0,0,1,2,0,3,0,1,2,0,3,0,0,0,3
12/26/2018,VCV,CA,AWP,WE,Federal Contract Tower,1,0,0,0,1,0,1,1,0,2,1,1,1,0,3,0,0,0,3
12/27/2018,VCV,CA,AWP,WE,Federal Contract Tower,0,0,0,0,0,0,1,2,0,3,0,1,2,0,3,0,0,0,3
12/28/2018,VCV,CA,AWP,WE,Federal Contract Tower,0,0,0,0,0,0,8,1,0,9,0,8,1,0,9,0,0,0,9
12/29/2018,VCV,CA,AWP,WE,Federal Contract Tower,0,0,0,0,0,0,3,2,0,5,0,3,2,0,5,0,0,0,5
12/30/2018,VCV,CA,AWP,WE,Federal Contract Tower,0,0,0,0,0,0,0,3,0,3,0,0,3,0,3,0,0,0,3
12/31/2018,VCV,CA,AWP,WE,Federal Contract Tower,1,0,0,0,1,0,5,2,0,7,1,5,2,0,8,12,0,12,20
01/01/2019,VCV,CA,AWP,WE,Federal Contract Tower,0,0,0,0,0,0,1,4,0,5,0,1,4,0,5,0,0,0,5
01/02/2019,VCV,CA,AWP,WE,Federal Contract Tower,0,0,1,0,1,0,2,2,0,4,0,2,3,0,5,0,0,0,5
01/03/2019,VCV,CA,AWP,WE,Federal Contract Tower,0,0,0,0,0,0,2,0,0,2,0,2,0,0,2,0,0,0,2
01/04/2019,VCV,CA,AWP,WE,Federal Contract Tower,0,0,0,1,1,0,3,5,2,10,0,3,5,3,11,0,0,0,11
01/05/2019,VCV,CA,AWP,WE,Federal Contract Tower,0,2,0,0,2,0,3,3,0,6,0,5,3,0,8,0,0,0,8
01/06/2019,VCV,CA,AWP,WE,Federal Contract Tower,0,0,0,0,0,0,2,0,0,2,0,2,0,0,2,0,0,0,2
01/07/2019,VCV,CA,AWP,WE,Federal Contract Tower,0,0,1,2,3,0,0,4,1,5,0,0,5,3,8,0,4,4,12
01/08/2019,VCV,CA,AWP,WE,Federal Contract Tower,0,1,1,2,4,0,9,3,1,13,0,10,4,3,17,0,0,0,17
01/09/2019,VCV,CA,AWP,WE,Federal Contract Tower,1,0,0,0,1,0,1,2,0,3,1,1,2,0,4,0,0,0,4
01/10/2019,VCV,CA,AWP,WE,Federal Contract Tower,0,0,1,0,1,0,1,4,0,5,0,1,5,0,6,0,0,0,6
01/11/2019,VCV,CA,AWP,WE,Federal Contract Tower,2,0,1,3,6,0,2,6,2,10,2,2,7,5,16,6,0,6,22
01/12/2019,VCV,CA,AWP,WE,Federal Contract Tower,0,0,0,2,2,0,1,4,3,8,0,1,4,5,10,28,0,28,38
01/13/2019,VCV,CA,AWP,WE,Federal Contract Tower,3,0,3,1,7,0,4,1,1,6,3,4,4,2,13,0,0,0,13
01/14/2019,VCV,CA,AWP,WE,Federal Contract Tower,0,0,0,0,0,0,0,0,0,0,0,0,0,0,0,0,0,0,0
01/15/2019,VCV,CA,AWP,WE,Federal Contract Tower,4,0,1,0,5,0,2,2,0,4,4,2,3,0,9,0,0,0,9
01/16/2019,VCV,CA,AWP,WE,Federal Contract Tower,3,2,2,0,7,0,2,0,0,2,3,4,2,0,9,0,0,0,9
01/17/2019,VCV,CA,AWP,WE,Federal Contract Tower,3,0,0,0,3,0,1,0,0,1,3,1,0,0,4,0,0,0,4
01/18/2019,VCV,CA,AWP,WE,Federal Contract Tower,0,0,2,0,2,0,1,13,0,14,0,1,15,0,16,0,0,0,16
01/19/2019,VCV,CA,AWP,WE,Federal Contract Tower,0,0,3,0,3,0,7,12,0,19,0,7,15,0,22,12,0,12,34
01/20/2019,VCV,CA,AWP,WE,Federal Contract Tower,0,0,0,0,0,0,3,1,2,6,0,3,1,2,6,0,2,2,8
01/21/2019,VCV,CA,AWP,WE,Federal Contract Tower,1,0,1,0,2,0,4,7,0,11,1,4,8,0,13,0,0,0,13
01/22/2019,VCV,CA,AWP,WE,Federal Contract Tower,0,0,1,0,1,0,2,2,3,7,0,2,3,3,8,0,0,0,8
01/23/2019,VCV,CA,AWP,WE,Federal Contract Tower,0,3,0,0,3,0,4,4,0,8,0,7,4,0,11,0,0,0,11
01/24/2019,VCV,CA,AWP,WE,Federal Contract Tower,0,0,0,0,0,0,1,1,0,2,0,1,1,0,2,0,0,0,2
01/25/2019,VCV,CA,AWP,WE,Federal Contract Tower,2,0,0,0,2,0,3,2,0,5,2,3,2,0,7,0,0,0,7
01/26/2019,VCV,CA,AWP,WE,Federal Contract Tower,0,0,0,0,0,0,1,12,0,13,0,1,12,0,13,14,0,14,27
01/27/2019,VCV,CA,AWP,WE,Federal Contract Tower,0,0,3,0,3,0,0,4,0,4,0,0,7,0,7,8,0,8,15
01/28/2019,VCV,CA,AWP,WE,Federal Contract Tower,0,0,0,0,0,0,3,17,1,21,0,3,17,1,21,16,8,24,45
01/29/2019,VCV,CA,AWP,WE,Federal Contract Tower,4,0,1,0,5,0,1,11,2,14,4,1,12,2,19,0,8,8,27
01/30/2019,VCV,CA,AWP,WE,Federal Contract Tower,0,0,2,0,2,0,3,5,0,8,0,3,7,0,10,2,0,2,12
01/31/2019,VCV,CA,AWP,WE,Federal Contract Tower,0,0,2,0,2,0,4,6,4,14,0,4,8,4,16,0,10,10,26
02/01/2019,VCV,CA,AWP,WE,Federal Contract Tower,0,0,0,0,0,0,2,4,0,6,0,2,4,0,6,0,0,0,6
02/02/2019,VCV,CA,AWP,WE,Federal Contract Tower,1,0,0,0,1,0,0,0,0,0,1,0,0,0,1,0,0,0,1
02/03/2019,VCV,CA,AWP,WE,Federal Contract Tower,0,0,1,0,1,0,1,7,0,8,0,1,8,0,9,0,0,0,9
02/05/2019,VCV,CA,AWP,WE,Federal Contract Tower,2,4,0,0,6,0,3,0,0,3,2,7,0,0,9,0,0,0,9
02/06/2019,VCV,CA,AWP,WE,Federal Contract Tower,2,6,1,0,9,0,3,16,2,21,2,9,17,2,30,0,0,0,30
02/07/2019,VCV,CA,AWP,WE,Federal Contract Tower,0,0,4,0,4,0,0,14,0,14,0,0,18,0,18,10,0,10,28
02/08/2019,VCV,CA,AWP,WE,Federal Contract Tower,0,0,0,1,1,0,2,6,2,10,0,2,6,3,11,4,0,4,15
02/09/2019,VCV,CA,AWP,WE,Federal Contract Tower,1,0,0,0,1,0,1,6,2,9,1,1,6,2,10,0,0,0,10
02/10/2019,VCV,CA,AWP,WE,Federal Contract Tower,0,0,0,1,1,0,3,1,0,4,0,3,1,1,5,0,0,0,5
02/11/2019,VCV,CA,AWP,WE,Federal Contract Tower,0,0,2,0,2,0,2,25,0,27,0,2,27,0,29,6,0,6,35
02/12/2019,VCV,CA,AWP,WE,Federal Contract Tower,3,2,0,0,5,0,6,14,4,24,3,8,14,4,29,0,0,0,29
02/13/2019,VCV,CA,AWP,WE,Federal Contract Tower,0,2,1,0,3,0,1,1,0,2,0,3,2,0,5,0,0,0,5
02/14/2019,VCV,CA,AWP,WE,Federal Contract Tower,1,1,0,0,2,0,0,0,0,0,1,1,0,0,2,0,0,0,2
02/15/2019,VCV,CA,AWP,WE,Federal Contract Tower,0,1,0,0,1,0,4,0,0,4,0,5,0,0,5,0,0,0,5
02/16/2019,VCV,CA,AWP,WE,Federal Contract Tower,0,0,2,0,2,0,2,0,0,2,0,2,2,0,4,0,0,0,4
02/17/2019,VCV,CA,AWP,WE,Federal Contract Tower,1,0,2,0,3,0,1,1,0,2,1,1,3,0,5,0,0,0,5
02/18/2019,VCV,CA,AWP,WE,Federal Contract Tower,2,0,0,0,2,0,3,12,0,15,2,3,12,0,17,10,0,10,27
02/19/2019,VCV,CA,AWP,WE,Federal Contract Tower,2,2,1,3,8,0,2,16,1,19,2,4,17,4,27,8,0,8,35
02/20/2019,VCV,CA,AWP,WE,Federal Contract Tower,4,0,1,1,6,0,1,9,1,11,4,1,10,2,17,0,0,0,17
02/21/2019,VCV,CA,AWP,WE,Federal Contract Tower,0,0,0,0,0,0,1,0,0,1,0,1,0,0,1,0,0,0,1
02/22/2019,VCV,CA,AWP,WE,Federal Contract Tower,3,1,1,0,5,0,0,6,0,6,3,1,7,0,11,0,0,0,11
02/23/2019,VCV,CA,AWP,WE,Federal Contract Tower,1,0,0,1,2,0,0,1,7,8,1,0,1,8,10,0,0,0,10
02/24/2019,VCV,CA,AWP,WE,Federal Contract Tower,3,0,0,0,3,0,3,13,5,21,3,3,13,5,24,18,0,18,42
02/25/2019,VCV,CA,AWP,WE,Federal Contract Tower,1,2,0,2,5,0,7,17,4,28,1,9,17,6,33,0,0,0,33
02/26/2019,VCV,CA,AWP,WE,Federal Contract Tower,1,3,2,3,9,0,5,9,7,21,1,8,11,10,30,0,18,18,48
02/27/2019,VCV,CA,AWP,WE,Federal Contract Tower,1,0,0,2,3,0,8,3,3,14,1,8,3,5,17,4,16,20,37
02/28/2019,VCV,CA,AWP,WE,Federal Contract Tower,1,0,2,0,3,0,0,1,0,1,1,0,3,0,4,0,0,0,4
03/01/2019,VCV,CA,AWP,WE,Federal Contract Tower,1,2,0,0,3,0,4,7,1,12,1,6,7,1,15,12,12,24,39
03/02/2019,VCV,CA,AWP,WE,Federal Contract Tower,1,0,0,0,1,0,0,0,0,0,1,0,0,0,1,0,0,0,1
03/03/2019,VCV,CA,AWP,WE,Federal Contract Tower,0,0,0,0,0,0,4,0,0,4,0,4,0,0,4,0,0,0,4
03/04/2019,VCV,CA,AWP,WE,Federal Contract Tower,1,0,0,0,1,0,1,6,0,7,1,1,6,0,8,0,0,0,8
03/05/2019,VCV,CA,AWP,WE,Federal Contract Tower,0,5,4,1,10,0,6,3,0,9,0,11,7,1,19,6,0,6,25
03/06/2019,VCV,CA,AWP,WE,Federal Contract Tower,2,1,1,0,4,0,3,0,1,4,2,4,1,1,8,0,0,0,8
03/07/2019,VCV,CA,AWP,WE,Federal Contract Tower,0,0,0,0,0,0,3,2,4,9,0,3,2,4,9,0,0,0,9
03/08/2019,VCV,CA,AWP,WE,Federal Contract Tower,2,1,0,0,3,0,3,1,0,4,2,4,1,0,7,0,0,0,7
03/09/2019,VCV,CA,AWP,WE,Federal Contract Tower,0,0,0,0,0,0,0,4,0,4,0,0,4,0,4,0,0,0,4
03/10/2019,VCV,CA,AWP,WE,Federal Contract Tower,1,0,0,0,1,0,0,3,1,4,1,0,3,1,5,0,0,0,5
03/11/2019,VCV,CA,AWP,WE,Federal Contract Tower,1,8,0,0,9,0,1,8,0,9,1,9,8,0,18,0,0,0,18
03/12/2019,VCV,CA,AWP,WE,Federal Contract Tower,1,3,0,6,10,0,4,0,1,5,1,7,0,7,15,0,0,0,15
03/13/2019,VCV,CA,AWP,WE,Federal Contract Tower,0,5,3,0,8,0,1,5,0,6,0,6,8,0,14,2,0,2,16
03/14/2019,VCV,CA,AWP,WE,Federal Contract Tower,3,0,0,1,4,0,0,6,0,6,3,0,6,1,10,2,0,2,12
03/15/2019,VCV,CA,AWP,WE,Federal Contract Tower,0,1,0,0,1,0,2,0,0,2,0,3,0,0,3,0,0,0,3
03/16/2019,VCV,CA,AWP,WE,Federal Contract Tower,0,0,1,0,1,0,1,4,0,5,0,1,5,0,6,0,0,0,6
03/17/2019,VCV,CA,AWP,WE,Federal Contract Tower,2,0,4,2,8,0,0,9,0,9,2,0,13,2,17,0,0,0,17
03/18/2019,VCV,CA,AWP,WE,Federal Contract Tower,0,0,3,0,3,0,3,8,0,11,0,3,11,0,14,0,0,0,14
03/19/2019,VCV,CA,AWP,WE,Federal Contract Tower,2,1,2,0,5,0,10,9,0,19,2,11,11,0,24,2,0,2,26
03/20/2019,VCV,CA,AWP,WE,Federal Contract Tower,1,0,0,0,1,0,0,2,0,2,1,0,2,0,3,10,0,10,13
03/21/2019,VCV,CA,AWP,WE,Federal Contract Tower,1,0,2,0,3,0,3,0,0,3,1,3,2,0,6,0,0,0,6
03/22/2019,VCV,CA,AWP,WE,Federal Contract Tower,0,0,0,0,0,0,1,1,1,3,0,1,1,1,3,0,0,0,3
04/01/2019,VCV,CA,AWP,WE,Federal Contract Tower,1,0,9,0,10,0,1,34,2,37,1,1,43,2,47,62,34,96,143
04/02/2019,VCV,CA,AWP,WE,Federal Contract Tower,0,0,0,0,0,0,11,28,0,39,0,11,28,0,39,56,0,56,95
04/03/2019,VCV,CA,AWP,WE,Federal Contract Tower,0,2,0,0,2,0,5,12,3,20,0,7,12,3,22,30,38,68,90
04/04/2019,VCV,CA,AWP,WE,Federal Contract Tower,0,3,9,0,12,0,3,39,3,45,0,6,48,3,57,70,42,112,169
04/05/2019,VCV,CA,AWP,WE,Federal Contract Tower,0,0,0,0,0,0,5,13,0,18,0,5,13,0,18,32,0,32,50
04/06/2019,VCV,CA,AWP,WE,Federal Contract Tower,2,0,0,0,2,0,4,29,2,35,2,4,29,2,37,44,24,68,105
04/07/2019,VCV,CA,AWP,WE,Federal Contract Tower,0,0,0,0,0,0,3,31,4,38,0,3,31,4,38,44,42,86,124
04/08/2019,VCV,CA,AWP,WE,Federal Contract Tower,0,1,1,0,2,0,3,33,0,36,0,4,34,0,38,66,0,66,104
04/09/2019,VCV,CA,AWP,WE,Federal Contract Tower,0,1,0,0,1,0,5,24,4,33,0,6,24,4,34,38,26,64,98
04/10/2019,VCV,CA,AWP,WE,Federal Contract Tower,0,0,0,1,1,0,3,10,2,15,0,3,10,3,16,12,24,36,52
04/11/2019,VCV,CA,AWP,WE,Federal Contract Tower,0,0,0,0,0,0,2,22,1,25,0,2,22,1,25,44,10,54,79
04/12/2019,VCV,CA,AWP,WE,Federal Contract Tower,0,0,0,0,0,0,2,24,4,30,0,2,24,4,30,50,20,70,100
04/13/2019,VCV,CA,AWP,WE,Federal Contract Tower,0,0,0,0,0,0,2,19,1,22,0,2,19,1,22,30,12,42,64
04/14/2019,VCV,CA,AWP,WE,Federal Contract Tower,2,0,0,0,2,0,4,30,2,36,2,4,30,2,38,46,22,68,106
04/15/2019,VCV,CA,AWP,WE,Federal Contract Tower,0,0,2,0,2,0,3,18,0,21,0,3,20,0,23,30,0,30,53
04/16/2019,VCV,CA,AWP,WE,Federal Contract Tower,1,0,3,0,4,0,7,35,4,46,1,7,38,4,50,34,28,62,112
04/17/2019,VCV,CA,AWP,WE,Federal Contract Tower,1,0,0,0,1,1,0,31,2,34,2,0,31,2,35,40,20,60,95
04/18/2019,VCV,CA,AWP,WE,Federal Contract Tower,2,3,2,1,8,0,6,25,2,33,2,9,27,3,41,28,16,44,85
04/19/2019,VCV,CA,AWP,WE,Federal Contract Tower,0,0,1,0,1,0,8,27,2,37,0,8,28,2,38,38,22,60,98
04/20/2019,VCV,CA,AWP,WE,Federal Contract Tower,0,0,8,0,8,0,4,32,2,38,0,4,40,2,46,64,22,86,132
04/21/2019,VCV,CA,AWP,WE,Federal Contract Tower,0,0,0,0,0,0,3,27,4,34,0,3,27,4,34,36,34,70,104
04/22/2019,VCV,CA,AWP,WE,Federal Contract Tower,0,0,0,0,0,0,5,20,2,27,0,5,20,2,27,32,18,50,77
04/23/2019,VCV,CA,AWP,WE,Federal Contract Tower,2,1,0,0,3,0,3,29,2,34,2,4,29,2,37,60,18,78,115
04/24/2019,VCV,CA,AWP,WE,Federal Contract Tower,1,3,6,2,12,0,6,11,2,19,1,9,17,4,31,8,0,8,39
04/25/2019,VCV,CA,AWP,WE,Federal Contract Tower,0,0,6,2,8,0,17,4,4,25,0,17,10,6,33,10,32,42,75
04/26/2019,VCV,CA,AWP,WE,Federal Contract Tower,0,0,7,1,8,0,7,33,1,41,0,7,40,2,49,54,6,60,109
04/27/2019,VCV,CA,AWP,WE,Federal Contract Tower,0,0,0,0,0,0,10,6,0,16,0,10,6,0,16,34,0,34,50
04/28/2019,VCV,CA,AWP,WE,Federal Contract Tower,0,0,0,1,1,0,5,2,0,7,0,5,2,1,8,12,0,12,20
04/29/2019,VCV,CA,AWP,WE,Federal Contract Tower,4,0,5,2,11,1,8,2,8,19,5,8,7,10,30,2,26,28,58
04/30/2019,VCV,CA,AWP,WE,Federal Contract Tower,3,2,1,5,11,1,9,15,10,35,4,11,16,15,46,66,36,102,148
05/01/2019,VCV,CA,AWP,WE,Federal Contract Tower,1,3,2,0,6,0,4,25,2,31,1,7,27,2,37,50,14,64,101
05/02/2019,VCV,CA,AWP,WE,Federal Contract Tower,0,3,5,0,8,0,10,19,2,31,0,13,24,2,39,56,14,70,109
05/03/2019,VCV,CA,AWP,WE,Federal Contract Tower,3,3,1,6,13,0,2,20,6,28,3,5,21,12,41,50,24,74,115
05/05/2019,VCV,CA,AWP,WE,Federal Contract Tower,0,0,2,0,2,0,6,21,2,29,0,6,23,2,31,44,22,66,97
05/06/2019,VCV,CA,AWP,WE,Federal Contract Tower,0,2,7,1,10,0,8,37,6,51,0,10,44,7,61,44,30,74,135
05/07/2019,VCV,CA,AWP,WE,Federal Contract Tower,0,1,0,0,1,1,6,19,9,35,1,7,19,9,36,24,10,34,70
05/08/2019,VCV,CA,AWP,WE,Federal Contract Tower,0,1,0,0,1,0,10,25,3,38,0,11,25,3,39,48,38,86,125
05/09/2019,VCV,CA,AWP,WE,Federal Contract Tower,1,0,1,0,2,0,14,26,1,41,1,14,27,1,43,38,26,64,107
05/10/2019,VCV,CA,AWP,WE,Federal Contract Tower,1,1,6,0,8,0,5,6,0,11,1,6,12,0,19,20,0,20,39
05/11/2019,VCV,CA,AWP,WE,Federal Contract Tower,0,0,0,0,0,0,8,26,3,37,0,8,26,3,37,60,36,96,133
05/12/2019,VCV,CA,AWP,WE,Federal Contract Tower,1,0,0,0,1,0,8,10,0,18,1,8,10,0,19,26,0,26,45
05/13/2019,VCV,CA,AWP,WE,Federal Contract Tower,0,2,2,14,18,0,12,8,6,26,0,14,10,20,44,8,14,22,66
05/14/2019,VCV,CA,AWP,WE,Federal Contract Tower,2,3,5,0,10,0,4,6,0,10,2,7,11,0,20,12,0,12,32
05/15/2019,VCV,CA,AWP,WE,Federal Contract Tower,1,2,2,0,5,0,11,6,0,17,1,13,8,0,22,0,0,0,22
05/16/2019,VCV,CA,AWP,WE,Federal Contract Tower,6,0,2,4,12,0,18,4,4,26,6,18,6,8,38,2,60,62,100
05/17/2019,VCV,CA,AWP,WE,Federal Contract Tower,0,0,4,0,4,0,17,4,0,21,0,17,8,0,25,6,0,6,31
05/18/2019,VCV,CA,AWP,WE,Federal Contract Tower,0,0,2,0,2,0,6,15,2,23,0,6,17,2,25,6,0,6,31
05/19/2019,VCV,CA,AWP,WE,Federal Contract Tower,0,0,0,0,0,0,0,1,0,1,0,0,1,0,1,0,0,0,1
05/20/2019,VCV,CA,AWP,WE,Federal Contract Tower,2,0,2,2,6,0,5,15,12,32,2,5,17,14,38,2,16,18,56
05/21/2019,VCV,CA,AWP,WE,Federal Contract Tower,1,1,7,0,9,0,8,1,0,9,1,9,8,0,18,0,0,0,18
05/22/2019,VCV,CA,AWP,WE,Federal Contract Tower,0,0,3,5,8,0,12,20,3,35,0,12,23,8,43,38,38,76,119
05/23/2019,VCV,CA,AWP,WE,Federal Contract Tower,1,2,2,0,5,0,2,19,2,23,1,4,21,2,28,36,30,66,94
05/24/2019,VCV,CA,AWP,WE,Federal Contract Tower,3,0,8,0,11,0,14,14,2,30,3,14,22,2,41,50,20,70,111
05/25/2019,VCV,CA,AWP,WE,Federal Contract Tower,0,0,3,0,3,0,3,14,2,19,0,3,17,2,22,64,18,82,104
05/26/2019,VCV,CA,AWP,WE,Federal Contract Tower,0,0,2,0,2,0,0,3,0,3,0,0,5,0,5,16,0,16,21
05/27/2019,VCV,CA,AWP,WE,Federal Contract Tower,0,0,0,0,0,0,9,23,2,34,0,9,23,2,34,56,0,56,90
05/28/2019,VCV,CA,AWP,WE,Federal Contract Tower,0,2,0,2,4,0,10,10,0,20,0,12,10,2,24,16,14,30,54
05/29/2019,VCV,CA,AWP,WE,Federal Contract Tower,2,1,2,1,6,0,4,14,4,22,2,5,16,5,28,36,14,50,78
05/30/2019,VCV,CA,AWP,WE,Federal Contract Tower,3,2,0,0,5,0,3,17,5,25,3,5,17,5,30,28,38,66,96
05/31/2019,VCV,CA,AWP,WE,Federal Contract Tower,2,0,7,2,11,0,3,19,5,27,2,3,26,7,38,36,26,62,100
06/01/2019,VCV,CA,AWP,WE,Federal Contract Tower,0,0,0,0,0,0,0,14,17,31,0,0,14,17,31,48,0,48,79
06/02/2019,VCV,CA,AWP,WE,Federal Contract Tower,1,1,1,0,3,0,7,6,0,13,1,8,7,0,16,42,0,42,58
06/03/2019,VCV,CA,AWP,WE,Federal Contract Tower,2,4,5,0,11,0,8,6,0,14,2,12,11,0,25,32,0,32,57
06/04/2019,VCV,CA,AWP,WE,Federal Contract Tower,2,1,3,0,6,0,12,16,2,30,2,13,19,2,36,24,10,34,70
06/05/2019,VCV,CA,AWP,WE,Federal Contract Tower,0,2,2,0,4,0,4,18,1,23,0,6,20,1,27,50,14,64,91
06/06/2019,VCV,CA,AWP,WE,Federal Contract Tower,0,0,0,0,0,0,12,11,1,24,0,12,11,1,24,42,10,52,76
06/07/2019,VCV,CA,AWP,WE,Federal Contract Tower,0,3,1,8,12,0,2,18,1,21,0,5,19,9,33,68,10,78,111
06/08/2019,VCV,CA,AWP,WE,Federal Contract Tower,0,0,0,0,0,0,15,11,0,26,0,15,11,0,26,62,0,62,88
06/09/2019,VCV,CA,AWP,WE,Federal Contract Tower,0,0,2,0,2,0,6,14,1,21,0,6,16,1,23,0,8,8,31
06/10/2019,VCV,CA,AWP,WE,Federal Contract Tower,0,0,4,0,4,0,4,10,1,15,0,4,14,1,19,0,14,14,33
06/11/2019,VCV,CA,AWP,WE,Federal Contract Tower,0,2,13,0,15,0,10,11,2,23,0,12,24,2,38,4,14,18,56
06/12/2019,VCV,CA,AWP,WE,Federal Contract Tower,0,0,1,4,5,0,5,13,4,22,0,5,14,8,27,31,0,31,58
06/13/2019,VCV,CA,AWP,WE,Federal Contract Tower,1,1,3,2,7,0,6,14,3,23,1,7,17,5,30,34,30,64,94
06/14/2019,VCV,CA,AWP,WE,Federal Contract Tower,0,0,0,0,0,0,9,12,2,23,0,9,12,2,23,28,18,46,69
06/15/2019,VCV,CA,AWP,WE,Federal Contract Tower,0,0,0,0,0,0,9,21,2,32,0,9,21,2,32,58,0,58,90
06/16/2019,VCV,CA,AWP,WE,Federal Contract Tower,0,2,0,0,2,0,4,27,2,33,0,6,27,2,35,57,0,57,92
06/17/2019,VCV,CA,AWP,WE,Federal Contract Tower,1,2,6,1,10,0,4,6,1,11,1,6,12,2,21,10,0,10,31
06/18/2019,VCV,CA,AWP,WE,Federal Contract Tower,1,1,0,1,3,0,5,3,3,11,1,6,3,4,14,12,2,14,28
06/19/2019,VCV,CA,AWP,WE,Federal Contract Tower,1,2,1,1,5,0,4,12,1,17,1,6,13,2,22,30,10,40,62
06/20/2019,VCV,CA,AWP,WE,Federal Contract Tower,1,0,0,1,2,0,5,16,8,29,1,5,16,9,31,34,38,72,103
06/21/2019,VCV,CA,AWP,WE,Federal Contract Tower,1,1,3,3,8,0,8,18,6,32,1,9,21,9,40,48,56,104,144
06/22/2019,VCV,CA,AWP,WE,Federal Contract Tower,0,0,0,0,0,0,3,9,2,14,0,3,9,2,14,32,10,42,56
06/23/2019,VCV,CA,AWP,WE,Federal Contract Tower,1,0,0,0,1,0,0,8,2,10,1,0,8,2,11,0,0,0,11
06/24/2019,VCV,CA,AWP,WE,Federal Contract Tower,2,0,0,0,2,0,2,2,2,6,2,2,2,2,8,0,22,22,30
06/25/2019,VCV,CA,AWP,WE,Federal Contract Tower,0,0,4,0,4,0,7,21,5,33,0,7,25,5,37,22,40,62,99
06/26/2019,VCV,CA,AWP,WE,Federal Contract Tower,0,10,4,0,14,0,12,11,0,23,0,22,15,0,37,31,0,31,68
06/27/2019,VCV,CA,AWP,WE,Federal Contract Tower,1,0,2,0,3,0,1,13,1,15,1,1,15,1,18,0,6,6,24
06/28/2019,VCV,CA,AWP,WE,Federal Contract Tower,3,0,1,0,4,1,4,10,5,20,4,4,11,5,24,0,12,12,36
06/29/2019,VCV,CA,AWP,WE,Federal Contract Tower,1,0,0,0,1,0,2,4,0,6,1,2,4,0,7,4,0,4,11
06/30/2019,VCV,CA,AWP,WE,Federal Contract Tower,0,0,0,0,0,0,9,9,0,18,0,9,9,0,18,14,0,14,32
07/01/2019,VCV,CA,AWP,WE,Federal Contract Tower,0,0,3,2,5,0,3,0,8,11,0,3,3,10,16,0,28,28,44
07/02/2019,VCV,CA,AWP,WE,Federal Contract Tower,1,1,4,9,15,0,10,28,30,68,1,11,32,39,83,46,38,84,167
07/03/2019,VCV,CA,AWP,WE,Federal Contract Tower,4,4,2,6,16,0,23,16,9,48,4,27,18,15,64,12,0,12,76
07/04/2019,VCV,CA,AWP,WE,Federal Contract Tower,0,0,0,1,1,0,6,8,0,14,0,6,8,1,15,6,4,10,25
07/05/2019,VCV,CA,AWP,WE,Federal Contract Tower,0,0,5,0,5,0,4,7,0,11,0,4,12,0,16,10,0,10,26
07/06/2019,VCV,CA,AWP,WE,Federal Contract Tower,0,0,0,0,0,0,7,2,0,9,0,7,2,0,9,6,0,6,15
07/07/2019,VCV,CA,AWP,WE,Federal Contract Tower,0,0,0,0,0,0,1,3,2,6,0,1,3,2,6,0,0,0,6
07/08/2019,VCV,CA,AWP,WE,Federal Contract Tower,1,0,1,1,3,0,6,13,3,22,1,6,14,4,25,16,10,26,51
07/09/2019,VCV,CA,AWP,WE,Federal Contract Tower,0,4,3,6,13,0,8,14,6,28,0,12,17,12,41,6,8,14,55
07/10/2019,VCV,CA,AWP,WE,Federal Contract Tower,1,6,0,14,21,0,14,11,20,45,1,20,11,34,66,12,32,44,110
07/11/2019,VCV,CA,AWP,WE,Federal Contract Tower,0,1,0,3,4,0,2,5,3,10,0,3,5,6,14,0,24,24,38
07/12/2019,VCV,CA,AWP,WE,Federal Contract Tower,0,1,4,0,5,0,7,9,0,16,0,8,13,0,21,0,0,0,21
07/13/2019,VCV,CA,AWP,WE,Federal Contract Tower,0,0,7,0,7,0,11,4,2,17,0,11,11,2,24,4,0,4,28
07/14/2019,VCV,CA,AWP,WE,Federal Contract Tower,0,0,0,0,0,0,3,8,0,11,0,3,8,0,11,0,0,0,11
07/15/2019,VCV,CA,AWP,WE,Federal Contract Tower,1,0,1,2,4,0,6,3,9,18,1,6,4,11,22,0,22,22,44
07/16/2019,VCV,CA,AWP,WE,Federal Contract Tower,1,1,0,1,3,0,7,16,5,28,1,8,16,6,31,28,0,28,59
07/17/2019,VCV,CA,AWP,WE,Federal Contract Tower,1,2,0,0,3,0,2,4,0,6,1,4,4,0,9,0,0,0,9
07/18/2019,VCV,CA,AWP,WE,Federal Contract Tower,0,0,0,2,2,0,5,8,3,16,0,5,8,5,18,16,0,16,34
07/19/2019,VCV,CA,AWP,WE,Federal Contract Tower,1,0,1,0,2,0,4,10,2,16,1,4,11,2,18,10,8,18,36
07/20/2019,VCV,CA,AWP,WE,Federal Contract Tower,0,0,1,0,1,0,11,10,0,21,0,11,11,0,22,0,0,0,22
07/21/2019,VCV,CA,AWP,WE,Federal Contract Tower,0,0,2,0,2,0,7,1,0,8,0,7,3,0,10,0,0,0,10
07/22/2019,VCV,CA,AWP,WE,Federal Contract Tower,1,3,0,2,6,0,10,0,0,10,1,13,0,2,16,0,0,0,16
07/23/2019,VCV,CA,AWP,WE,Federal Contract Tower,2,2,0,0,4,0,10,11,0,21,2,12,11,0,25,4,0,4,29
07/24/2019,VCV,CA,AWP,WE,Federal Contract Tower,5,4,2,4,15,0,15,29,0,44,5,19,31,4,59,26,24,50,109
07/25/2019,VCV,CA,AWP,WE,Federal Contract Tower,0,0,0,0,0,0,2,4,0,6,0,2,4,0,6,2,0,2,8
07/26/2019,VCV,CA,AWP,WE,Federal Contract Tower,0,1,0,0,1,0,5,7,9,21,0,6,7,9,22,38,8,46,68
07/27/2019,VCV,CA,AWP,WE,Federal Contract Tower,2,0,0,0,2,0,4,2,0,6,2,4,2,0,8,6,0,6,14
07/28/2019,VCV,CA,AWP,WE,Federal Contract Tower,0,0,1,0,1,0,6,0,0,6,0,6,1,0,7,0,0,0,7
07/29/2019,VCV,CA,AWP,WE,Federal Contract Tower,1,0,2,1,4,2,5,13,2,22,3,5,15,3,26,0,4,4,30
07/30/2019,VCV,CA,AWP,WE,Federal Contract Tower,3,2,2,0,7,0,5,8,8,21,3,7,10,8,28,4,10,14,42
07/31/2019,VCV,CA,AWP,WE,Federal Contract Tower,0,1,1,0,2,0,5,12,1,18,0,6,13,1,20,6,0,6,26
08/01/2019,VCV,CA,AWP,WE,Federal Contract Tower,0,0,2,6,8,0,10,7,4,21,0,10,9,10,29,0,41,41,70
08/02/2019,VCV,CA,AWP,WE,Federal Contract Tower,2,0,0,0,2,0,2,14,16,32,2,2,14,16,34,6,54,60,94
08/03/2019,VCV,CA,AWP,WE,Federal Contract Tower,1,0,0,0,1,12,7,7,0,26,13,7,7,0,27,4,0,4,31
08/04/2019,VCV,CA,AWP,WE,Federal Contract Tower,2,1,1,0,4,2,5,2,0,9,4,6,3,0,13,20,0,20,33
08/05/2019,VCV,CA,AWP,WE,Federal Contract Tower,1,0,0,0,1,0,4,2,0,6,1,4,2,0,7,0,0,0,7
08/06/2019,VCV,CA,AWP,WE,Federal Contract Tower,1,2,2,4,9,0,3,9,2,14,1,5,11,6,23,0,2,2,25
08/07/2019,VCV,CA,AWP,WE,Federal Contract Tower,0,9,0,0,9,0,26,12,2,40,0,35,12,2,49,34,14,48,97
08/08/2019,VCV,CA,AWP,WE,Federal Contract Tower,3,3,1,2,9,0,12,20,11,43,3,15,21,13,52,26,20,46,98
08/09/2019,VCV,CA,AWP,WE,Federal Contract Tower,0,0,3,1,4,0,2,12,0,14,0,2,15,1,18,0,0,0,18
08/10/2019,VCV,CA,AWP,WE,Federal Contract Tower,1,0,0,3,4,0,2,6,0,8,1,2,6,3,12,4,0,4,16
08/11/2019,VCV,CA,AWP,WE,Federal Contract Tower,1,0,0,1,2,0,7,4,4,15,1,7,4,5,17,2,4,6,23
08/12/2019,VCV,CA,AWP,WE,Federal Contract Tower,0,0,1,1,2,0,3,7,0,10,0,3,8,1,12,0,0,0,12
08/13/2019,VCV,CA,AWP,WE,Federal Contract Tower,1,2,2,4,9,0,10,12,15,37,1,12,14,19,46,16,58,74,120
08/14/2019,VCV,CA,AWP,WE,Federal Contract Tower,1,6,0,0,7,0,12,7,4,23,1,18,7,4,30,22,26,48,78
08/15/2019,VCV,CA,AWP,WE,Federal Contract Tower,0,5,5,0,10,0,6,6,0,12,0,11,11,0,22,0,0,0,22
08/16/2019,VCV,CA,AWP,WE,Federal Contract Tower,2,4,0,0,6,0,17,3,0,20,2,21,3,0,26,26,0,26,52
08/17/2019,VCV,CA,AWP,WE,Federal Contract Tower,0,6,0,0,6,0,0,15,0,15,0,6,15,0,21,4,0,4,25
08/18/2019,VCV,CA,AWP,WE,Federal Contract Tower,0,0,0,0,0,0,4,6,0,10,0,4,6,0,10,22,0,22,32
08/19/2019,VCV,CA,AWP,WE,Federal Contract Tower,0,0,0,1,1,0,5,8,19,32,0,5,8,20,33,4,0,4,37
08/20/2019,VCV,CA,AWP,WE,Federal Contract Tower,0,2,0,1,3,0,2,8,13,23,0,4,8,14,26,0,18,18,44
08/21/2019,VCV,CA,AWP,WE,Federal Contract Tower,0,0,1,0,1,0,4,12,1,17,0,4,13,1,18,32,32,64,82
08/22/2019,VCV,CA,AWP,WE,Federal Contract Tower,1,2,0,2,5,0,4,3,2,9,1,6,3,4,14,0,0,0,14
08/23/2019,VCV,CA,AWP,WE,Federal Contract Tower,0,0,0,1,1,0,1,10,10,21,0,1,10,11,22,0,18,18,40
08/24/2019,VCV,CA,AWP,WE,Federal Contract Tower,0,0,0,0,0,0,4,3,3,10,0,4,3,3,10,4,0,4,14
08/25/2019,VCV,CA,AWP,WE,Federal Contract Tower,2,0,0,0,2,0,2,7,0,9,2,2,7,0,11,0,0,0,11
08/26/2019,VCV,CA,AWP,WE,Federal Contract Tower,0,0,4,0,4,0,1,4,10,15,0,1,8,10,19,0,0,0,19
08/27/2019,VCV,CA,AWP,WE,Federal Contract Tower,0,2,4,1,7,0,9,29,3,41,0,11,33,4,48,4,16,20,68
08/28/2019,VCV,CA,AWP,WE,Federal Contract Tower,2,6,3,2,13,20,20,24,7,71,22,26,27,9,84,12,6,18,102
08/29/2019,VCV,CA,AWP,WE,Federal Contract Tower,0,0,0,0,0,0,4,0,4,8,0,4,0,4,8,4,0,4,12
08/30/2019,VCV,CA,AWP,WE,Federal Contract Tower,0,1,1,2,4,0,4,6,0,10,0,5,7,2,14,0,0,0,14
08/31/2019,VCV,CA,AWP,WE,Federal Contract Tower,0,1,2,0,3,0,1,3,0,4,0,2,5,0,7,0,0,0,7
09/01/2019,VCV,CA,AWP,WE,Federal Contract Tower,0,0,0,0,0,0,0,2,0,2,0,0,2,0,2,0,0,0,2
09/02/2019,VCV,CA,AWP,WE,Federal Contract Tower,0,0,0,0,0,0,1,3,0,4,0,1,3,0,4,0,0,0,4
09/03/2019,VCV,CA,AWP,WE,Federal Contract Tower,0,0,0,1,1,0,16,3,4,23,0,16,3,5,24,4,12,16,40
09/04/2019,VCV,CA,AWP,WE,Federal Contract Tower,1,5,0,4,10,0,10,7,10,27,1,15,7,14,37,4,34,38,75
09/05/2019,VCV,CA,AWP,WE,Federal Contract Tower,1,0,0,0,1,0,1,5,1,7,1,1,5,1,8,0,10,10,18
09/06/2019,VCV,CA,AWP,WE,Federal Contract Tower,1,2,4,0,7,0,3,2,0,5,1,5,6,0,12,0,0,0,12
09/07/2019,VCV,CA,AWP,WE,Federal Contract Tower,1,0,0,0,1,0,3,4,0,7,1,3,4,0,8,4,0,4,12
09/08/2019,VCV,CA,AWP,WE,Federal Contract Tower,0,0,0,1,1,0,2,0,4,6,0,2,0,5,7,0,0,0,7
09/09/2019,VCV,CA,AWP,WE,Federal Contract Tower,0,0,1,0,1,0,0,9,0,9,0,0,10,0,10,0,0,0,10
09/10/2019,VCV,CA,AWP,WE,Federal Contract Tower,0,0,0,3,3,0,7,12,2,21,0,7,12,5,24,18,0,18,42
09/11/2019,VCV,CA,AWP,WE,Federal Contract Tower,0,2,2,1,5,0,20,10,10,40,0,22,12,11,45,26,42,68,113
09/12/2019,VCV,CA,AWP,WE,Federal Contract Tower,3,1,0,2,6,0,1,3,12,16,3,2,3,14,22,12,38,50,72
09/13/2019,VCV,CA,AWP,WE,Federal Contract Tower,1,2,0,1,4,0,1,9,14,24,1,3,9,15,28,44,6,50,78
09/14/2019,VCV,CA,AWP,WE,Federal Contract Tower,0,0,1,2,3,0,6,4,1,11,0,6,5,3,14,0,0,0,14
09/15/2019,VCV,CA,AWP,WE,Federal Contract Tower,0,3,5,1,9,0,6,3,0,9,0,9,8,1,18,4,0,4,22
09/16/2019,VCV,CA,AWP,WE,Federal Contract Tower,3,0,4,0,7,0,4,4,4,12,3,4,8,4,19,0,2,2,21
09/17/2019,VCV,CA,AWP,WE,Federal Contract Tower,2,2,1,2,7,0,4,2,5,11,2,6,3,7,18,0,34,34,52
09/18/2019,VCV,CA,AWP,WE,Federal Contract Tower,1,4,1,5,11,0,8,9,15,32,1,12,10,20,43,12,82,94,137
09/19/2019,VCV,CA,AWP,WE,Federal Contract Tower,0,0,0,2,2,0,4,10,13,27,0,4,10,15,29,0,54,54,83
09/20/2019,VCV,CA,AWP,WE,Federal Contract Tower,2,0,2,0,4,0,16,8,10,34,2,16,10,10,38,26,8,34,72
09/21/2019,VCV,CA,AWP,WE,Federal Contract Tower,0,0,0,0,0,0,20,12,0,32,0,20,12,0,32,70,0,70,102
09/22/2019,VCV,CA,AWP,WE,Federal Contract Tower,0,0,0,0,0,0,1,2,0,3,0,1,2,0,3,24,0,24,27
09/23/2019,VCV,CA,AWP,WE,Federal Contract Tower,0,0,0,0,0,0,3,3,0,6,0,3,3,0,6,0,0,0,6
09/24/2019,VCV,CA,AWP,WE,Federal Contract Tower,3,2,4,0,9,0,4,12,0,16,3,6,16,0,25,4,0,4,29
09/25/2019,VCV,CA,AWP,WE,Federal Contract Tower,0,6,1,3,10,0,9,10,10,29,0,15,11,13,39,16,14,30,69
09/26/2019,VCV,CA,AWP,WE,Federal Contract Tower,1,1,0,0,2,0,3,7,4,14,1,4,7,4,16,4,10,14,30
09/27/2019,VCV,CA,AWP,WE,Federal Contract Tower,0,0,2,0,2,0,6,2,2,10,0,6,4,2,12,4,16,20,32
09/28/2019,VCV,CA,AWP,WE,Federal Contract Tower,0,0,0,0,0,0,6,2,0,8,0,6,2,0,8,0,0,0,8
09/29/2019,VCV,CA,AWP,WE,Federal Contract Tower,0,0,0,0,0,0,1,3,1,5,0,1,3,1,5,4,0,4,9
09/30/2019,VCV,CA,AWP,WE,Federal Contract Tower,0,0,3,1,4,0,7,12,1,20,0,7,15,2,24,4,2,6,30
10/01/2019,VCV,CA,AWP,WE,Federal Contract Tower,4,5,2,1,12,0,11,7,9,27,4,16,9,10,39,22,20,42,81
10/02/2019,VCV,CA,AWP,WE,Federal Contract Tower,1,1,1,0,3,0,2,20,2,24,1,3,21,2,27,10,14,24,51
10/03/2019,VCV,CA,AWP,WE,Federal Contract Tower,3,2,2,1,8,0,7,3,18,28,3,9,5,19,36,0,20,20,56
10/04/2019,VCV,CA,AWP,WE,Federal Contract Tower,0,0,0,3,3,0,5,14,2,21,0,5,14,5,24,12,12,24,48
10/05/2019,VCV,CA,AWP,WE,Federal Contract Tower,0,0,0,1,1,0,10,6,1,17,0,10,6,2,18,0,8,8,26
10/06/2019,VCV,CA,AWP,WE,Federal Contract Tower,2,0,0,1,3,0,5,8,0,13,2,5,8,1,16,0,6,6,22
10/07/2019,VCV,CA,AWP,WE,Federal Contract Tower,4,0,2,1,7,0,5,6,8,19,4,5,8,9,26,0,28,28,54
10/08/2019,VCV,CA,AWP,WE,Federal Contract Tower,2,1,1,0,4,0,6,14,0,20,2,7,15,0,24,18,0,18,42
10/09/2019,VCV,CA,AWP,WE,Federal Contract Tower,2,0,2,0,4,0,12,17,3,32,2,12,19,3,36,4,0,4,40
10/10/2019,VCV,CA,AWP,WE,Federal Contract Tower,0,3,0,1,4,0,13,6,1,20,0,16,6,2,24,12,0,12,36
10/11/2019,VCV,CA,AWP,WE,Federal Contract Tower,1,2,0,0,3,0,8,11,2,21,1,10,11,2,24,10,4,14,38
10/12/2019,VCV,CA,AWP,WE,Federal Contract Tower,0,0,0,1,1,0,7,9,2,18,0,7,9,3,19,16,0,16,35
10/13/2019,VCV,CA,AWP,WE,Federal Contract Tower,0,0,3,0,3,0,4,12,4,20,0,4,15,4,23,10,14,24,47
10/14/2019,VCV,CA,AWP,WE,Federal Contract Tower,3,6,0,0,9,0,32,9,0,41,3,38,9,0,50,14,0,14,64
10/15/2019,VCV,CA,AWP,WE,Federal Contract Tower,0,1,0,0,1,0,5,11,0,16,0,6,11,0,17,8,0,8,25
10/16/2019,VCV,CA,AWP,WE,Federal Contract Tower,4,4,1,3,12,0,15,19,0,34,4,19,20,3,46,20,0,20,66
10/17/2019,VCV,CA,AWP,WE,Federal Contract Tower,7,0,2,1,10,5,10,7,0,22,12,10,9,1,32,0,0,0,32
10/18/2019,VCV,CA,AWP,WE,Federal Contract Tower,2,0,0,2,4,0,2,21,5,28,2,2,21,7,32,32,18,50,82
10/19/2019,VCV,CA,AWP,WE,Federal Contract Tower,0,0,1,0,1,0,5,4,0,9,0,5,5,0,10,12,0,12,22
10/20/2019,VCV,CA,AWP,WE,Federal Contract Tower,3,0,0,0,3,0,11,2,0,13,3,11,2,0,16,0,0,0,16
10/21/2019,VCV,CA,AWP,WE,Federal Contract Tower,3,3,0,4,10,2,4,5,5,16,5,7,5,9,26,16,4,20,46
10/22/2019,VCV,CA,AWP,WE,Federal Contract Tower,1,3,0,0,4,0,18,11,0,29,1,21,11,0,33,22,0,22,55
10/23/2019,VCV,CA,AWP,WE,Federal Contract Tower,1,3,1,0,5,0,7,13,3,23,1,10,14,3,28,0,0,0,28
10/24/2019,VCV,CA,AWP,WE,Federal Contract Tower,4,0,0,0,4,0,4,2,0,6,4,4,2,0,10,10,0,10,20
10/25/2019,VCV,CA,AWP,WE,Federal Contract Tower,3,0,2,0,5,0,10,3,8,21,3,10,5,8,26,13,12,25,51
10/26/2019,VCV,CA,AWP,WE,Federal Contract Tower,1,0,0,0,1,0,4,5,0,9,1,4,5,0,10,8,0,8,18
10/27/2019,VCV,CA,AWP,WE,Federal Contract Tower,5,0,0,0,5,0,11,5,0,16,5,11,5,0,21,10,0,10,31
10/28/2019,VCV,CA,AWP,WE,Federal Contract Tower,1,0,1,0,2,2,4,6,2,14,3,4,7,2,16,2,0,2,18
10/29/2019,VCV,CA,AWP,WE,Federal Contract Tower,0,2,0,1,3,0,4,4,3,11,0,6,4,4,14,16,0,16,30
10/30/2019,VCV,CA,AWP,WE,Federal Contract Tower,1,2,0,0,3,0,6,9,0,15,1,8,9,0,18,32,0,32,50
10/31/2019,VCV,CA,AWP,WE,Federal Contract Tower,2,2,0,0,4,0,9,1,0,10,2,11,1,0,14,10,0,10,24
11/01/2019,VCV,CA,AWP,WE,Federal Contract Tower,1,2,0,2,5,0,2,6,5,13,1,4,6,7,18,4,4,8,26
11/02/2019,VCV,CA,AWP,WE,Federal Contract Tower,4,0,0,0,4,0,7,13,0,20,4,7,13,0,24,20,0,20,44
11/03/2019,VCV,CA,AWP,WE,Federal Contract Tower,0,0,0,0,0,0,2,3,0,5,0,2,3,0,5,0,0,0,5
11/04/2019,VCV,CA,AWP,WE,Federal Contract Tower,2,0,0,2,4,0,6,10,6,22,2,6,10,8,26,6,18,24,50
11/05/2019,VCV,CA,AWP,WE,Federal Contract Tower,1,0,1,2,4,0,18,28,4,50,1,18,29,6,54,6,0,6,60
11/06/2019,VCV,CA,AWP,WE,Federal Contract Tower,3,5,0,1,9,0,21,22,10,53,3,26,22,11,62,8,14,22,84
11/07/2019,VCV,CA,AWP,WE,Federal Contract Tower,2,3,0,3,8,0,10,20,8,38,2,13,20,11,46,18,58,76,122
11/08/2019,VCV,CA,AWP,WE,Federal Contract Tower,1,1,0,1,3,0,6,16,10,32,1,7,16,11,35,32,32,64,99
11/09/2019,VCV,CA,AWP,WE,Federal Contract Tower,0,0,0,0,0,0,4,14,0,18,0,4,14,0,18,22,0,22,40
11/10/2019,VCV,CA,AWP,WE,Federal Contract Tower,1,0,0,0,1,0,3,2,0,5,1,3,2,0,6,0,0,0,6
11/11/2019,VCV,CA,AWP,WE,Federal Contract Tower,1,0,0,0,1,0,4,16,1,21,1,4,16,1,22,38,0,38,60
11/12/2019,VCV,CA,AWP,WE,Federal Contract Tower,4,5,1,8,18,0,6,15,19,40,4,11,16,27,58,32,12,44,102
11/13/2019,VCV,CA,AWP,WE,Federal Contract Tower,0,2,0,3,5,0,7,21,9,37,0,9,21,12,42,30,34,64,106
11/14/2019,VCV,CA,AWP,WE,Federal Contract Tower,0,0,0,0,0,0,6,39,2,47,0,6,39,2,47,50,14,64,111
11/15/2019,VCV,CA,AWP,WE,Federal Contract Tower,1,0,0,0,1,0,8,32,2,42,1,8,32,2,43,48,22,70,113
11/16/2019,VCV,CA,AWP,WE,Federal Contract Tower,0,0,0,0,0,0,4,18,0,22,0,4,18,0,22,22,0,22,44
11/17/2019,VCV,CA,AWP,WE,Federal Contract Tower,2,0,6,0,8,0,7,28,0,35,2,7,34,0,43,8,0,8,51
11/18/2019,VCV,CA,AWP,WE,Federal Contract Tower,5,1,5,5,16,0,7,37,16,60,5,8,42,21,76,38,28,66,142
11/19/2019,VCV,CA,AWP,WE,Federal Contract Tower,1,2,4,2,9,0,18,9,2,29,1,20,13,4,38,16,0,16,54
11/20/2019,VCV,CA,AWP,WE,Federal Contract Tower,0,2,2,0,4,0,2,16,2,20,0,4,18,2,24,20,8,28,52
11/21/2019,VCV,CA,AWP,WE,Federal Contract Tower,3,0,2,0,5,1,4,16,5,26,4,4,18,5,31,32,40,72,103
11/22/2019,VCV,CA,AWP,WE,Federal Contract Tower,0,2,0,0,2,1,9,14,0,24,1,11,14,0,26,30,0,30,56
11/23/2019,VCV,CA,AWP,WE,Federal Contract Tower,2,0,2,2,6,0,7,20,3,30,2,7,22,5,36,66,18,84,120
11/24/2019,VCV,CA,AWP,WE,Federal Contract Tower,1,0,0,1,2,0,7,17,2,26,1,7,17,3,28,10,16,26,54
11/25/2019,VCV,CA,AWP,WE,Federal Contract Tower,3,0,0,0,3,0,6,6,0,12,3,6,6,0,15,0,0,0,15
11/26/2019,VCV,CA,AWP,WE,Federal Contract Tower,1,1,0,6,8,0,13,16,17,46,1,14,16,23,54,32,14,46,100
11/27/2019,VCV,CA,AWP,WE,Federal Contract Tower,1,2,0,0,3,0,3,0,0,3,1,5,0,0,6,0,0,0,6
11/28/2019,VCV,CA,AWP,WE,Federal Contract Tower,1,0,2,0,3,0,1,0,0,1,1,1,2,0,4,0,0,0,4
11/29/2019,VCV,CA,AWP,WE,Federal Contract Tower,0,2,0,1,3,0,10,0,0,10,0,12,0,1,13,0,0,0,13
11/30/2019,VCV,CA,AWP,WE,Federal Contract Tower,1,3,0,0,4,0,5,2,0,7,1,8,2,0,11,4,0,4,15
12/01/2019,VCV,CA,AWP,WE,Federal Contract Tower,3,0,1,0,4,0,6,3,0,9,3,6,4,0,13,18,0,18,31
12/02/2019,VCV,CA,AWP,WE,Federal Contract Tower,2,1,2,1,6,0,5,9,3,17,2,6,11,4,23,30,12,42,65
12/03/2019,VCV,CA,AWP,WE,Federal Contract Tower,0,4,1,5,10,1,4,1,4,10,1,8,2,9,20,0,26,26,46
12/04/2019,VCV,CA,AWP,WE,Federal Contract Tower,0,6,1,0,7,0,8,1,0,9,0,14,2,0,16,10,0,10,26
12/05/2019,VCV,CA,AWP,WE,Federal Contract Tower,0,0,0,2,2,0,1,7,14,22,0,1,7,16,24,10,36,46,70
12/06/2019,VCV,CA,AWP,WE,Federal Contract Tower,1,1,3,0,5,0,4,3,0,7,1,5,6,0,12,0,0,0,12
12/07/2019,VCV,CA,AWP,WE,Federal Contract Tower,2,0,1,0,3,0,10,6,1,17,2,10,7,1,20,36,8,44,64
12/08/2019,VCV,CA,AWP,WE,Federal Contract Tower,0,0,1,0,1,0,0,2,0,2,0,0,3,0,3,2,0,2,5
12/09/2019,VCV,CA,AWP,WE,Federal Contract Tower,2,1,10,0,13,0,6,26,0,32,2,7,36,0,45,20,0,20,65
12/10/2019,VCV,CA,AWP,WE,Federal Contract Tower,0,4,2,0,6,0,9,20,4,33,0,13,22,4,39,24,4,28,67
12/11/2019,VCV,CA,AWP,WE,Federal Contract Tower,2,2,3,2,9,0,3,22,2,27,2,5,25,4,36,38,32,70,106
12/12/2019,VCV,CA,AWP,WE,Federal Contract Tower,2,2,0,4,8,0,5,10,3,18,2,7,10,7,26,12,0,12,38
12/13/2019,VCV,CA,AWP,WE,Federal Contract Tower,4,0,3,0,7,0,9,23,0,32,4,9,26,0,39,46,0,46,85
12/14/2019,VCV,CA,AWP,WE,Federal Contract Tower,2,0,0,0,2,0,5,5,1,11,2,5,5,1,13,34,0,34,47
12/15/2019,VCV,CA,AWP,WE,Federal Contract Tower,1,0,1,0,2,0,4,10,0,14,1,4,11,0,16,14,0,14,30
12/16/2019,VCV,CA,AWP,WE,Federal Contract Tower,4,0,2,8,14,0,3,10,15,28,4,3,12,23,42,2,12,14,56
12/17/2019,VCV,CA,AWP,WE,Federal Contract Tower,2,2,4,2,10,5,4,11,33,53,7,6,15,35,63,22,14,36,99
12/18/2019,VCV,CA,AWP,WE,Federal Contract Tower,1,6,1,0,8,0,34,13,9,56,1,40,14,9,64,22,36,58,122
12/19/2019,VCV,CA,AWP,WE,Federal Contract Tower,4,2,0,6,12,2,26,20,20,68,6,28,20,26,80,24,82,106,186
12/20/2019,VCV,CA,AWP,WE,Federal Contract Tower,1,0,2,4,7,0,5,13,2,20,1,5,15,6,27,14,20,34,61
12/21/2019,VCV,CA,AWP,WE,Federal Contract Tower,0,0,0,0,0,0,2,10,0,12,0,2,10,0,12,34,0,34,46
12/22/2019,VCV,CA,AWP,WE,Federal Contract Tower,0,0,0,0,0,0,6,6,0,12,0,6,6,0,12,0,0,0,12
12/23/2019,VCV,CA,AWP,WE,Federal Contract Tower,2,0,0,1,3,0,0,0,0,0,2,0,0,1,3,0,0,0,3
12/24/2019,VCV,CA,AWP,WE,Federal Contract Tower,0,0,0,0,0,0,6,8,0,14,0,6,8,0,14,0,0,0,14
12/25/2019,VCV,CA,AWP,WE,Federal Contract Tower,0,0,0,0,0,0,6,2,0,8,0,6,2,0,8,0,0,0,8
12/26/2019,VCV,CA,AWP,WE,Federal Contract Tower,1,0,0,0,1,0,1,0,0,1,1,1,0,0,2,0,0,0,2
12/27/2019,VCV,CA,AWP,WE,Federal Contract Tower,2,0,12,0,14,0,5,19,0,24,2,5,31,0,38,46,0,46,84
12/28/2019,VCV,CA,AWP,WE,Federal Contract Tower,5,0,2,0,7,0,8,11,0,19,5,8,13,0,26,48,0,48,74
12/29/2019,VCV,CA,AWP,WE,Federal Contract Tower,3,0,0,0,3,0,5,8,0,13,3,5,8,0,16,26,0,26,42
12/30/2019,VCV,CA,AWP,WE,Federal Contract Tower,1,0,0,0,1,0,7,2,2,11,1,7,2,2,12,0,0,0,12
12/31/2019,VCV,CA,AWP,WE,Federal Contract Tower,2,0,3,0,5,0,6,8,0,14,2,6,11,0,19,6,0,6,25
01/01/2020,VCV,CA,AWP,WE,Federal Contract Tower,0,0,0,0,0,0,11,1,0,12,0,11,1,0,12,26,0,26,38
01/02/2020,VCV,CA,AWP,WE,Federal Contract Tower,0,4,0,0,4,0,6,12,0,18,0,10,12,0,22,56,0,56,78
01/03/2020,VCV,CA,AWP,WE,Federal Contract Tower,8,0,0,0,8,0,7,21,2,30,8,7,21,2,38,66,6,72,110
01/04/2020,VCV,CA,AWP,WE,Federal Contract Tower,0,0,0,0,0,0,12,11,0,23,0,12,11,0,23,44,0,44,67
01/05/2020,VCV,CA,AWP,WE,Federal Contract Tower,0,0,1,0,1,0,9,7,0,16,0,9,8,0,17,32,0,32,49
01/06/2020,VCV,CA,AWP,WE,Federal Contract Tower,5,1,2,2,10,0,10,9,0,19,5,11,11,2,29,2,32,34,63
01/07/2020,VCV,CA,AWP,WE,Federal Contract Tower,1,1,0,1,3,0,8,11,4,23,1,9,11,5,26,22,21,43,69
01/08/2020,VCV,CA,AWP,WE,Federal Contract Tower,0,2,1,2,5,0,12,35,9,56,0,14,36,11,61,46,38,84,145
01/09/2020,VCV,CA,AWP,WE,Federal Contract Tower,5,0,0,4,9,0,13,13,2,28,5,13,13,6,37,30,14,44,81
01/10/2020,VCV,CA,AWP,WE,Federal Contract Tower,3,0,2,0,5,1,7,20,3,31,4,7,22,3,36,66,22,88,124
01/11/2020,VCV,CA,AWP,WE,Federal Contract Tower,1,0,0,2,3,0,13,22,0,35,1,13,22,2,38,40,18,58,96
01/12/2020,VCV,CA,AWP,WE,Federal Contract Tower,1,0,0,0,1,0,13,12,0,25,1,13,12,0,26,52,0,52,78
01/13/2020,VCV,CA,AWP,WE,Federal Contract Tower,0,0,0,0,0,0,2,10,0,12,0,2,10,0,12,20,0,20,32
01/14/2020,VCV,CA,AWP,WE,Federal Contract Tower,2,3,2,2,9,0,4,24,0,28,2,7,26,2,37,10,22,32,69
01/15/2020,VCV,CA,AWP,WE,Federal Contract Tower,0,2,3,3,8,0,13,18,2,33,0,15,21,5,41,0,20,20,61
01/16/2020,VCV,CA,AWP,WE,Federal Contract Tower,3,0,0,4,7,0,11,17,9,37,3,11,17,13,44,44,44,88,132
01/17/2020,VCV,CA,AWP,WE,Federal Contract Tower,0,0,1,1,2,0,2,16,6,24,0,2,17,7,26,58,12,70,96
01/18/2020,VCV,CA,AWP,WE,Federal Contract Tower,0,0,0,0,0,0,20,18,8,46,0,20,18,8,46,22,0,22,68
01/19/2020,VCV,CA,AWP,WE,Federal Contract Tower,0,0,0,0,0,0,9,19,0,28,0,9,19,0,28,50,0,50,78
01/20/2020,VCV,CA,AWP,WE,Federal Contract Tower,0,0,3,0,3,0,10,10,6,26,0,10,13,6,29,18,6,24,53
01/21/2020,VCV,CA,AWP,WE,Federal Contract Tower,0,4,3,6,13,0,5,19,13,37,0,9,22,19,50,54,20,74,124
01/22/2020,VCV,CA,AWP,WE,Federal Contract Tower,7,6,0,0,13,0,12,9,6,27,7,18,9,6,40,6,2,8,48
01/23/2020,VCV,CA,AWP,WE,Federal Contract Tower,2,2,7,4,15,0,13,44,9,66,2,15,51,13,81,46,12,58,139
01/24/2020,VCV,CA,AWP,WE,Federal Contract Tower,6,1,5,3,15,0,9,37,4,50,6,10,42,7,65,64,32,96,161
01/25/2020,VCV,CA,AWP,WE,Federal Contract Tower,1,0,3,3,7,0,15,9,1,25,1,15,12,4,32,42,4,46,78
01/26/2020,VCV,CA,AWP,WE,Federal Contract Tower,0,1,0,4,5,0,6,6,3,15,0,7,6,7,20,36,14,50,70
01/27/2020,VCV,CA,AWP,WE,Federal Contract Tower,3,0,2,0,5,1,4,4,8,17,4,4,6,8,22,0,28,28,50
01/28/2020,VCV,CA,AWP,WE,Federal Contract Tower,6,2,4,0,12,0,8,18,2,28,6,10,22,2,40,8,4,12,52
01/29/2020,VCV,CA,AWP,WE,Federal Contract Tower,1,8,0,6,15,0,0,8,6,14,1,8,8,12,29,6,16,22,51
01/30/2020,VCV,CA,AWP,WE,Federal Contract Tower,1,1,4,4,10,6,10,21,11,48,7,11,25,15,58,32,10,42,100
01/31/2020,VCV,CA,AWP,WE,Federal Contract Tower,3,0,4,0,7,0,11,43,4,58,3,11,47,4,65,38,10,48,113
02/01/2020,VCV,CA,AWP,WE,Federal Contract Tower,1,0,1,0,2,0,6,15,0,21,1,6,16,0,23,76,0,76,99
02/02/2020,VCV,CA,AWP,WE,Federal Contract Tower,1,0,0,0,1,0,5,17,0,22,1,5,17,0,23,32,4,36,59
02/03/2020,VCV,CA,AWP,WE,Federal Contract Tower,2,0,0,0,2,0,2,9,5,16,2,2,9,5,18,20,28,48,66
02/04/2020,VCV,CA,AWP,WE,Federal Contract Tower,4,4,0,0,8,1,8,2,2,13,5,12,2,2,21,0,12,12,33
02/05/2020,VCV,CA,AWP,WE,Federal Contract Tower,1,6,1,4,12,0,0,21,9,30,1,6,22,13,42,50,20,70,112
02/06/2020,VCV,CA,AWP,WE,Federal Contract Tower,6,0,5,11,22,0,4,30,12,46,6,4,35,23,68,26,26,52,120
02/07/2020,VCV,CA,AWP,WE,Federal Contract Tower,3,1,2,1,7,2,12,11,11,36,5,13,13,12,43,36,12,48,91
02/08/2020,VCV,CA,AWP,WE,Federal Contract Tower,1,0,0,0,1,0,16,11,0,27,1,16,11,0,28,22,0,22,50
02/09/2020,VCV,CA,AWP,WE,Federal Contract Tower,0,0,3,0,3,0,6,1,0,7,0,6,4,0,10,0,0,0,10
02/10/2020,VCV,CA,AWP,WE,Federal Contract Tower,0,0,1,0,1,0,11,5,2,18,0,11,6,2,19,4,16,20,39
02/11/2020,VCV,CA,AWP,WE,Federal Contract Tower,3,7,1,0,11,1,11,4,0,16,4,18,5,0,27,32,0,32,59
02/12/2020,VCV,CA,AWP,WE,Federal Contract Tower,3,5,8,4,20,0,21,9,12,42,3,26,17,16,62,22,10,32,94
02/13/2020,VCV,CA,AWP,WE,Federal Contract Tower,5,10,11,0,26,1,3,42,6,52,6,13,53,6,78,24,38,62,140
02/14/2020,VCV,CA,AWP,WE,Federal Contract Tower,7,1,1,0,9,0,16,18,0,34,7,17,19,0,43,28,0,28,71
02/15/2020,VCV,CA,AWP,WE,Federal Contract Tower,3,0,2,0,5,0,8,10,0,18,3,8,12,0,23,16,0,16,39
02/16/2020,VCV,CA,AWP,WE,Federal Contract Tower,0,2,0,0,2,0,8,10,2,20,0,10,10,2,22,6,0,6,28
02/17/2020,VCV,CA,AWP,WE,Federal Contract Tower,2,2,1,0,5,0,6,4,4,14,2,8,5,4,19,2,0,2,21
02/18/2020,VCV,CA,AWP,WE,Federal Contract Tower,4,16,1,5,26,0,29,8,12,49,4,45,9,17,75,6,2,8,83
02/19/2020,VCV,CA,AWP,WE,Federal Contract Tower,4,7,2,2,15,0,16,8,8,32,4,23,10,10,47,6,20,26,73
02/20/2020,VCV,CA,AWP,WE,Federal Contract Tower,2,3,0,4,9,0,11,23,11,45,2,14,23,15,54,30,40,70,124
02/21/2020,VCV,CA,AWP,WE,Federal Contract Tower,2,0,0,2,4,0,12,31,3,46,2,12,31,5,50,58,10,68,118
02/22/2020,VCV,CA,AWP,WE,Federal Contract Tower,0,0,0,0,0,0,10,3,3,16,0,10,3,3,16,26,12,38,54
02/23/2020,VCV,CA,AWP,WE,Federal Contract Tower,1,0,2,0,3,0,14,9,8,31,1,14,11,8,34,76,0,76,110
02/24/2020,VCV,CA,AWP,WE,Federal Contract Tower,2,7,2,0,11,0,4,30,7,41,2,11,32,7,52,36,38,74,126
02/25/2020,VCV,CA,AWP,WE,Federal Contract Tower,4,4,3,0,11,0,11,7,2,20,4,15,10,2,31,12,4,16,47
02/26/2020,VCV,CA,AWP,WE,Federal Contract Tower,0,0,2,2,4,0,5,11,4,20,0,5,13,6,24,0,16,16,40
02/27/2020,VCV,CA,AWP,WE,Federal Contract Tower,3,0,0,0,3,0,5,12,0,17,3,5,12,0,20,38,0,38,58
02/28/2020,VCV,CA,AWP,WE,Federal Contract Tower,1,1,2,2,6,0,8,13,1,22,1,9,15,3,28,32,14,46,74
02/29/2020,VCV,CA,AWP,WE,Federal Contract Tower,4,0,6,1,11,0,10,14,5,29,4,10,20,6,40,36,20,56,96
03/01/2020,VCV,CA,AWP,WE,Federal Contract Tower,1,0,0,1,2,0,6,1,1,8,1,6,1,2,10,0,0,0,10
03/02/2020,VCV,CA,AWP,WE,Federal Contract Tower,1,0,2,3,6,0,3,11,7,21,1,3,13,10,27,0,8,8,35
03/03/2020,VCV,CA,AWP,WE,Federal Contract Tower,2,5,2,0,9,0,8,14,2,24,2,13,16,2,33,42,14,56,89
03/04/2020,VCV,CA,AWP,WE,Federal Contract Tower,5,2,2,2,11,0,17,16,10,43,5,19,18,12,54,54,14,68,122
03/05/2020,VCV,CA,AWP,WE,Federal Contract Tower,3,0,4,0,7,0,15,30,4,49,3,15,34,4,56,56,18,74,130
03/06/2020,VCV,CA,AWP,WE,Federal Contract Tower,2,0,2,0,4,0,13,32,5,50,2,13,34,5,54,56,36,92,146
03/07/2020,VCV,CA,AWP,WE,Federal Contract Tower,0,0,0,0,0,0,9,9,2,20,0,9,9,2,20,28,0,28,48
03/08/2020,VCV,CA,AWP,WE,Federal Contract Tower,3,0,1,2,6,0,6,14,0,20,3,6,15,2,26,36,34,70,96
03/09/2020,VCV,CA,AWP,WE,Federal Contract Tower,3,0,0,5,8,1,4,6,16,27,4,4,6,21,35,0,20,20,55
03/10/2020,VCV,CA,AWP,WE,Federal Contract Tower,3,6,0,3,12,0,4,2,0,6,3,10,2,3,18,0,10,10,28
03/11/2020,VCV,CA,AWP,WE,Federal Contract Tower,3,6,1,0,10,0,9,5,0,14,3,15,6,0,24,30,0,30,54
03/12/2020,VCV,CA,AWP,WE,Federal Contract Tower,1,0,0,1,2,0,1,1,2,4,1,1,1,3,6,0,0,0,6
03/13/2020,VCV,CA,AWP,WE,Federal Contract Tower,2,0,1,0,3,0,3,2,6,11,2,3,3,6,14,0,0,0,14
03/14/2020,VCV,CA,AWP,WE,Federal Contract Tower,1,1,0,0,2,0,5,2,1,8,1,6,2,1,10,0,0,0,10
03/15/2020,VCV,CA,AWP,WE,Federal Contract Tower,0,0,0,0,0,0,2,0,0,2,0,2,0,0,2,0,0,0,2
03/16/2020,VCV,CA,AWP,WE,Federal Contract Tower,0,0,2,0,2,0,5,0,2,7,0,5,2,2,9,0,0,0,9
03/17/2020,VCV,CA,AWP,WE,Federal Contract Tower,2,0,0,2,4,0,2,5,5,12,2,2,5,7,16,0,4,4,20
03/18/2020,VCV,CA,AWP,WE,Federal Contract Tower,1,0,2,3,6,0,4,13,3,20,1,4,15,6,26,4,4,8,34
03/19/2020,VCV,CA,AWP,WE,Federal Contract Tower,3,0,0,0,3,0,3,10,2,15,3,3,10,2,18,20,10,30,48
03/20/2020,VCV,CA,AWP,WE,Federal Contract Tower,15,1,0,0,16,0,4,23,3,30,15,5,23,3,46,22,26,48,94
03/21/2020,VCV,CA,AWP,WE,Federal Contract Tower,26,0,1,0,27,0,9,10,0,19,26,9,11,0,46,42,0,42,88
03/22/2020,VCV,CA,AWP,WE,Federal Contract Tower,32,0,0,0,32,0,3,1,10,14,32,3,1,10,46,0,32,32,78
03/23/2020,VCV,CA,AWP,WE,Federal Contract Tower,18,0,3,0,21,0,2,3,0,5,18,2,6,0,26,18,0,18,44
03/24/2020,VCV,CA,AWP,WE,Federal Contract Tower,30,2,0,10,42,0,5,6,7,18,30,7,6,17,60,10,28,38,98
03/25/2020,VCV,CA,AWP,WE,Federal Contract Tower,9,2,0,5,16,0,8,8,10,26,9,10,8,15,42,50,16,66,108
03/26/2020,VCV,CA,AWP,WE,Federal Contract Tower,12,0,3,2,17,0,7,9,7,23,12,7,12,9,40,42,18,60,100
03/27/2020,VCV,CA,AWP,WE,Federal Contract Tower,9,0,0,2,11,0,10,17,2,29,9,10,17,4,40,58,6,64,104
03/28/2020,VCV,CA,AWP,WE,Federal Contract Tower,10,0,0,0,10,0,4,20,5,29,10,4,20,5,39,18,38,56,95
03/29/2020,VCV,CA,AWP,WE,Federal Contract Tower,6,0,2,1,9,0,5,10,2,17,6,5,12,3,26,36,8,44,70
03/30/2020,VCV,CA,AWP,WE,Federal Contract Tower,8,0,2,2,12,0,1,10,2,13,8,1,12,4,25,26,8,34,59
03/31/2020,VCV,CA,AWP,WE,Federal Contract Tower,7,0,0,1,8,0,4,16,0,20,7,4,16,1,28,4,0,4,32
04/01/2020,VCV,CA,AWP,WE,Federal Contract Tower,1,0,3,0,4,0,2,8,9,19,1,2,11,9,23,2,2,4,27
04/02/2020,VCV,CA,AWP,WE,Federal Contract Tower,4,2,2,0,8,1,5,9,3,18,5,7,11,3,26,62,18,80,106
04/03/2020,VCV,CA,AWP,WE,Federal Contract Tower,0,2,0,0,2,0,4,22,2,28,0,6,22,2,30,60,20,80,110
04/04/2020,VCV,CA,AWP,WE,Federal Contract Tower,1,0,1,0,2,0,10,18,2,30,1,10,19,2,32,78,22,100,132
04/05/2020,VCV,CA,AWP,WE,Federal Contract Tower,0,0,0,0,0,0,6,7,1,14,0,6,7,1,14,48,6,54,68
04/06/2020,VCV,CA,AWP,WE,Federal Contract Tower,1,0,2,0,3,0,0,0,0,0,1,0,2,0,3,0,0,0,3
04/07/2020,VCV,CA,AWP,WE,Federal Contract Tower,1,4,0,0,5,0,0,0,0,0,1,4,0,0,5,0,0,0,5
04/08/2020,VCV,CA,AWP,WE,Federal Contract Tower,2,0,0,0,2,0,2,1,0,3,2,2,1,0,5,0,0,0,5
04/09/2020,VCV,CA,AWP,WE,Federal Contract Tower,0,1,1,2,4,0,5,7,0,12,0,6,8,2,16,30,0,30,46
04/10/2020,VCV,CA,AWP,WE,Federal Contract Tower,3,0,0,0,3,0,4,7,0,11,3,4,7,0,14,38,0,38,52
04/11/2020,VCV,CA,AWP,WE,Federal Contract Tower,0,0,3,0,3,0,10,29,0,39,0,10,32,0,42,92,0,92,134
04/12/2020,VCV,CA,AWP,WE,Federal Contract Tower,0,4,2,0,6,0,6,8,0,14,0,10,10,0,20,56,0,56,76
04/13/2020,VCV,CA,AWP,WE,Federal Contract Tower,0,0,2,2,4,0,6,7,1,14,0,6,9,3,18,62,0,62,80
04/14/2020,VCV,CA,AWP,WE,Federal Contract Tower,4,2,2,1,9,0,5,12,0,17,4,7,14,1,26,16,0,16,42
04/15/2020,VCV,CA,AWP,WE,Federal Contract Tower,0,0,6,7,13,1,6,20,4,31,1,6,26,11,44,12,16,28,72
04/16/2020,VCV,CA,AWP,WE,Federal Contract Tower,0,0,5,0,5,0,5,26,11,42,0,5,31,11,47,56,55,111,158
04/17/2020,VCV,CA,AWP,WE,Federal Contract Tower,1,0,0,4,5,0,3,14,0,17,1,3,14,4,22,60,4,64,86
04/18/2020,VCV,CA,AWP,WE,Federal Contract Tower,3,0,8,0,11,0,4,7,0,11,3,4,15,0,22,68,0,68,90
04/19/2020,VCV,CA,AWP,WE,Federal Contract Tower,0,0,0,0,0,0,5,15,0,20,0,5,15,0,20,54,0,54,74
04/20/2020,VCV,CA,AWP,WE,Federal Contract Tower,0,0,2,0,2,0,9,10,0,19,0,9,12,0,21,34,0,34,55
04/21/2020,VCV,CA,AWP,WE,Federal Contract Tower,6,6,1,1,14,1,24,12,3,40,7,30,13,4,54,20,8,28,82
04/22/2020,VCV,CA,AWP,WE,Federal Contract Tower,2,2,0,3,7,0,2,33,4,39,2,4,33,7,46,6,0,6,52
04/23/2020,VCV,CA,AWP,WE,Federal Contract Tower,0,2,2,3,7,0,4,18,7,29,0,6,20,10,36,6,20,26,62
04/24/2020,VCV,CA,AWP,WE,Federal Contract Tower,2,0,0,3,5,0,2,35,2,39,2,2,35,5,44,58,6,64,108
04/25/2020,VCV,CA,AWP,WE,Federal Contract Tower,0,0,2,0,2,0,7,33,0,40,0,7,35,0,42,18,0,18,60
04/26/2020,VCV,CA,AWP,WE,Federal Contract Tower,1,0,3,0,4,0,2,16,0,18,1,2,19,0,22,0,0,0,22
04/27/2020,VCV,CA,AWP,WE,Federal Contract Tower,3,2,0,5,10,0,13,13,7,33,3,15,13,12,43,38,0,38,81
04/28/2020,VCV,CA,AWP,WE,Federal Contract Tower,2,2,1,5,10,0,5,26,29,60,2,7,27,34,70,72,10,82,152
04/29/2020,VCV,CA,AWP,WE,Federal Contract Tower,2,0,4,4,10,5,8,22,0,35,7,8,26,4,45,8,10,18,63
04/30/2020,VCV,CA,AWP,WE,Federal Contract Tower,0,4,4,2,10,0,8,8,3,19,0,12,12,5,29,12,10,22,51
05/01/2020,VCV,CA,AWP,WE,Federal Contract Tower,1,0,1,5,7,0,13,8,5,26,1,13,9,10,33,10,2,12,45
05/02/2020,VCV,CA,AWP,WE,Federal Contract Tower,0,0,0,0,0,0,4,18,0,22,0,4,18,0,22,46,0,46,68
05/03/2020,VCV,CA,AWP,WE,Federal Contract Tower,0,0,0,0,0,0,7,19,0,26,0,7,19,0,26,48,0,48,74
05/04/2020,VCV,CA,AWP,WE,Federal Contract Tower,1,0,6,0,7,0,4,18,7,29,1,4,24,7,36,56,4,60,96
05/05/2020,VCV,CA,AWP,WE,Federal Contract Tower,2,2,2,0,6,0,11,13,2,26,2,13,15,2,32,22,8,30,62
05/06/2020,VCV,CA,AWP,WE,Federal Contract Tower,0,5,4,9,18,0,3,33,11,47,0,8,37,20,65,40,10,50,115
05/07/2020,VCV,CA,AWP,WE,Federal Contract Tower,4,2,0,0,6,0,8,18,24,50,4,10,18,24,56,48,0,48,104
05/08/2020,VCV,CA,AWP,WE,Federal Contract Tower,0,0,1,0,1,0,6,35,2,43,0,6,36,2,44,50,8,58,102
05/09/2020,VCV,CA,AWP,WE,Federal Contract Tower,0,0,0,0,0,0,9,37,0,46,0,9,37,0,46,62,0,62,108
05/10/2020,VCV,CA,AWP,WE,Federal Contract Tower,0,0,1,0,1,0,3,4,0,7,0,3,5,0,8,14,0,14,22
05/11/2020,VCV,CA,AWP,WE,Federal Contract Tower,1,0,2,0,3,0,10,18,3,31,1,10,20,3,34,28,26,54,88
05/12/2020,VCV,CA,AWP,WE,Federal Contract Tower,5,6,3,0,14,0,1,10,6,17,5,7,13,6,31,0,0,0,31
05/13/2020,VCV,CA,AWP,WE,Federal Contract Tower,0,0,1,8,9,0,3,16,5,24,0,3,17,13,33,0,4,4,37
05/14/2020,VCV,CA,AWP,WE,Federal Contract Tower,4,1,0,0,5,0,7,12,4,23,4,8,12,4,28,18,2,20,48
05/15/2020,VCV,CA,AWP,WE,Federal Contract Tower,1,1,2,2,6,0,5,25,2,32,1,6,27,4,38,48,10,58,96
05/16/2020,VCV,CA,AWP,WE,Federal Contract Tower,0,0,1,0,1,0,10,25,0,35,0,10,26,0,36,48,0,48,84
05/17/2020,VCV,CA,AWP,WE,Federal Contract Tower,0,0,1,0,1,0,12,19,0,31,0,12,20,0,32,42,0,42,74
05/18/2020,VCV,CA,AWP,WE,Federal Contract Tower,1,2,0,0,3,0,14,16,1,31,1,16,16,1,34,44,8,52,86
05/19/2020,VCV,CA,AWP,WE,Federal Contract Tower,3,2,0,0,5,0,7,5,2,14,3,9,5,2,19,0,4,4,23
05/20/2020,VCV,CA,AWP,WE,Federal Contract Tower,0,2,2,0,4,0,5,27,5,37,0,7,29,5,41,32,0,32,73
05/21/2020,VCV,CA,AWP,WE,Federal Contract Tower,0,3,2,4,9,0,23,16,2,41,0,26,18,6,50,20,0,20,70
05/22/2020,VCV,CA,AWP,WE,Federal Contract Tower,0,2,2,0,4,0,6,30,0,36,0,8,32,0,40,76,0,76,116
05/23/2020,VCV,CA,AWP,WE,Federal Contract Tower,0,0,0,0,0,0,14,32,0,46,0,14,32,0,46,56,0,56,102
05/24/2020,VCV,CA,AWP,WE,Federal Contract Tower,0,0,0,1,1,0,6,17,0,23,0,6,17,1,24,60,0,60,84
05/25/2020,VCV,CA,AWP,WE,Federal Contract Tower,0,0,0,0,0,0,13,19,0,32,0,13,19,0,32,58,0,58,90
05/26/2020,VCV,CA,AWP,WE,Federal Contract Tower,2,2,3,3,10,0,5,12,3,20,2,7,15,6,30,6,4,10,40
05/27/2020,VCV,CA,AWP,WE,Federal Contract Tower,0,3,2,4,9,0,11,8,8,27,0,14,10,12,36,28,0,28,64
05/28/2020,VCV,CA,AWP,WE,Federal Contract Tower,0,0,0,0,0,0,3,12,0,15,0,3,12,0,15,2,0,2,17
05/29/2020,VCV,CA,AWP,WE,Federal Contract Tower,0,4,0,0,4,0,16,8,0,24,0,20,8,0,28,36,0,36,64
05/30/2020,VCV,CA,AWP,WE,Federal Contract Tower,0,0,0,0,0,0,12,16,0,28,0,12,16,0,28,68,0,68,96
05/31/2020,VCV,CA,AWP,WE,Federal Contract Tower,1,0,0,0,1,0,19,26,0,45,1,19,26,0,46,56,0,56,102
06/01/2020,VCV,CA,AWP,WE,Federal Contract Tower,3,3,2,1,9,0,16,5,1,22,3,19,7,2,31,2,0,2,33
06/02/2020,VCV,CA,AWP,WE,Federal Contract Tower,2,3,0,2,7,0,4,9,5,18,2,7,9,7,25,0,0,0,25
06/03/2020,VCV,CA,AWP,WE,Federal Contract Tower,0,5,1,2,8,0,8,6,2,16,0,13,7,4,24,4,8,12,36
06/04/2020,VCV,CA,AWP,WE,Federal Contract Tower,3,2,9,0,14,0,4,11,8,23,3,6,20,8,37,0,12,12,49
06/05/2020,VCV,CA,AWP,WE,Federal Contract Tower,0,1,0,0,1,0,6,7,0,13,0,7,7,0,14,14,0,14,28
06/06/2020,VCV,CA,AWP,WE,Federal Contract Tower,0,0,0,0,0,0,5,11,0,16,0,5,11,0,16,38,0,38,54
06/07/2020,VCV,CA,AWP,WE,Federal Contract Tower,0,0,0,0,0,0,16,2,0,18,0,16,2,0,18,0,0,0,18
06/08/2020,VCV,CA,AWP,WE,Federal Contract Tower,0,0,2,0,2,0,3,7,2,12,0,3,9,2,14,16,12,28,42
06/09/2020,VCV,CA,AWP,WE,Federal Contract Tower,2,4,0,0,6,0,3,9,0,12,2,7,9,0,18,28,0,28,46
06/10/2020,VCV,CA,AWP,WE,Federal Contract Tower,0,2,3,4,9,0,6,5,5,16,0,8,8,9,25,4,26,30,55
06/11/2020,VCV,CA,AWP,WE,Federal Contract Tower,0,1,2,0,3,0,8,9,0,17,0,9,11,0,20,6,0,6,26
06/12/2020,VCV,CA,AWP,WE,Federal Contract Tower,0,0,1,0,1,0,13,18,0,31,0,13,19,0,32,36,0,36,68
06/13/2020,VCV,CA,AWP,WE,Federal Contract Tower,1,0,7,0,8,0,7,20,0,27,1,7,27,0,35,32,0,32,67
06/14/2020,VCV,CA,AWP,WE,Federal Contract Tower,0,0,0,0,0,0,11,15,0,26,0,11,15,0,26,62,0,62,88
06/15/2020,VCV,CA,AWP,WE,Federal Contract Tower,3,2,0,0,5,3,7,15,4,29,6,9,15,4,34,18,10,28,62
06/16/2020,VCV,CA,AWP,WE,Federal Contract Tower,3,2,3,3,11,0,10,17,6,33,3,12,20,9,44,44,12,56,100
06/17/2020,VCV,CA,AWP,WE,Federal Contract Tower,3,8,4,0,15,0,4,17,2,23,3,12,21,2,38,4,0,4,42
06/18/2020,VCV,CA,AWP,WE,Federal Contract Tower,0,2,1,3,6,0,5,11,12,28,0,7,12,15,34,8,2,10,44
06/19/2020,VCV,CA,AWP,WE,Federal Contract Tower,0,0,6,0,6,0,14,25,1,40,0,14,31,1,46,36,6,42,88
06/20/2020,VCV,CA,AWP,WE,Federal Contract Tower,0,0,2,0,2,0,6,16,0,22,0,6,18,0,24,32,0,32,56
06/21/2020,VCV,CA,AWP,WE,Federal Contract Tower,0,0,3,0,3,0,7,14,0,21,0,7,17,0,24,48,0,48,72
06/22/2020,VCV,CA,AWP,WE,Federal Contract Tower,0,0,0,1,1,0,8,26,1,35,0,8,26,2,36,20,8,28,64
06/23/2020,VCV,CA,AWP,WE,Federal Contract Tower,4,2,2,0,8,0,11,14,3,28,4,13,16,3,36,22,0,22,58
06/24/2020,VCV,CA,AWP,WE,Federal Contract Tower,2,8,6,6,22,1,12,23,12,48,3,20,29,18,70,0,6,6,76
06/25/2020,VCV,CA,AWP,WE,Federal Contract Tower,3,8,1,2,14,0,11,16,10,37,3,19,17,12,51,8,8,16,67
06/26/2020,VCV,CA,AWP,WE,Federal Contract Tower,4,0,4,0,8,0,9,23,2,34,4,9,27,2,42,34,14,48,90
06/27/2020,VCV,CA,AWP,WE,Federal Contract Tower,1,0,0,0,1,0,16,25,0,41,1,16,25,0,42,44,0,44,86
06/28/2020,VCV,CA,AWP,WE,Federal Contract Tower,1,0,0,0,1,0,8,3,0,11,1,8,3,0,12,0,0,0,12
06/29/2020,VCV,CA,AWP,WE,Federal Contract Tower,1,0,0,0,1,0,13,6,2,21,1,13,6,2,22,22,12,34,56
06/30/2020,VCV,CA,AWP,WE,Federal Contract Tower,5,3,1,0,9,0,12,10,0,22,5,15,11,0,31,22,0,22,53
07/01/2020,VCV,CA,AWP,WE,Federal Contract Tower,2,0,1,0,3,0,3,10,0,13,2,3,11,0,16,0,0,0,16
07/02/2020,VCV,CA,AWP,WE,Federal Contract Tower,5,1,2,1,9,0,7,6,3,16,5,8,8,4,25,10,0,10,35
07/03/2020,VCV,CA,AWP,WE,Federal Contract Tower,0,0,0,0,0,0,10,20,0,30,0,10,20,0,30,40,0,40,70
07/04/2020,VCV,CA,AWP,WE,Federal Contract Tower,0,0,0,0,0,0,14,8,0,22,0,14,8,0,22,14,0,14,36
07/05/2020,VCV,CA,AWP,WE,Federal Contract Tower,1,0,0,0,1,0,11,12,0,23,1,11,12,0,24,56,0,56,80
07/06/2020,VCV,CA,AWP,WE,Federal Contract Tower,2,0,0,5,7,0,6,7,0,13,2,6,7,5,20,14,0,14,34
07/07/2020,VCV,CA,AWP,WE,Federal Contract Tower,4,3,5,1,13,0,9,7,3,19,4,12,12,4,32,8,0,8,40
07/08/2020,VCV,CA,AWP,WE,Federal Contract Tower,2,2,6,1,11,0,10,11,0,21,2,12,17,1,32,0,0,0,32
07/09/2020,VCV,CA,AWP,WE,Federal Contract Tower,0,1,4,2,7,4,4,21,4,33,4,5,25,6,40,12,8,20,60
07/10/2020,VCV,CA,AWP,WE,Federal Contract Tower,2,0,4,2,8,0,9,20,9,38,2,9,24,11,46,20,56,76,122
07/11/2020,VCV,CA,AWP,WE,Federal Contract Tower,0,0,0,0,0,0,9,17,2,28,0,9,17,2,28,32,22,54,82
07/12/2020,VCV,CA,AWP,WE,Federal Contract Tower,0,0,2,0,2,0,9,21,2,32,0,9,23,2,34,44,32,76,110
07/13/2020,VCV,CA,AWP,WE,Federal Contract Tower,1,1,0,0,2,0,11,13,3,27,1,12,13,3,29,6,20,26,55
07/14/2020,VCV,CA,AWP,WE,Federal Contract Tower,4,0,2,0,6,0,0,10,4,14,4,0,12,4,20,74,0,74,94
07/15/2020,VCV,CA,AWP,WE,Federal Contract Tower,6,4,0,1,11,1,9,7,0,17,7,13,7,1,28,0,0,0,28
07/16/2020,VCV,CA,AWP,WE,Federal Contract Tower,2,2,5,2,11,0,2,11,2,15,2,4,16,4,26,4,0,4,30
07/17/2020,VCV,CA,AWP,WE,Federal Contract Tower,2,0,4,0,6,0,5,21,2,28,2,5,25,2,34,36,18,54,88
07/18/2020,VCV,CA,AWP,WE,Federal Contract Tower,1,0,2,0,3,0,14,21,0,35,1,14,23,0,38,40,0,40,78
07/19/2020,VCV,CA,AWP,WE,Federal Contract Tower,0,0,0,0,0,0,14,24,0,38,0,14,24,0,38,72,0,72,110
07/20/2020,VCV,CA,AWP,WE,Federal Contract Tower,5,0,1,0,6,0,11,9,2,22,5,11,10,2,28,20,20,40,68
07/21/2020,VCV,CA,AWP,WE,Federal Contract Tower,4,2,1,1,8,0,10,10,10,30,4,12,11,11,38,2,36,38,76
07/22/2020,VCV,CA,AWP,WE,Federal Contract Tower,5,1,1,0,7,0,5,8,0,13,5,6,9,0,20,16,0,16,36
07/23/2020,VCV,CA,AWP,WE,Federal Contract Tower,9,3,1,2,15,2,14,10,4,30,11,17,11,6,45,14,0,14,59
07/24/2020,VCV,CA,AWP,WE,Federal Contract Tower,4,0,2,0,6,0,10,27,1,38,4,10,29,1,44,36,0,36,80
07/25/2020,VCV,CA,AWP,WE,Federal Contract Tower,0,0,2,1,3,0,10,21,8,39,0,10,23,9,42,20,14,34,76
07/26/2020,VCV,CA,AWP,WE,Federal Contract Tower,1,0,0,0,1,0,7,18,0,25,1,7,18,0,26,66,0,66,92
07/27/2020,VCV,CA,AWP,WE,Federal Contract Tower,4,0,2,0,6,0,8,23,1,32,4,8,25,1,38,50,0,50,88
07/28/2020,VCV,CA,AWP,WE,Federal Contract Tower,2,3,0,0,5,0,8,16,4,28,2,11,16,4,33,14,2,16,49
07/29/2020,VCV,CA,AWP,WE,Federal Contract Tower,3,2,4,2,11,0,4,21,4,29,3,6,25,6,40,4,0,4,44
07/30/2020,VCV,CA,AWP,WE,Federal Contract Tower,6,3,9,0,18,0,5,23,0,28,6,8,32,0,46,18,0,18,64
07/31/2020,VCV,CA,AWP,WE,Federal Contract Tower,0,0,1,1,2,0,4,18,4,26,0,4,19,5,28,56,22,78,106
08/01/2020,VCV,CA,AWP,WE,Federal Contract Tower,2,1,2,0,5,0,12,21,0,33,2,13,23,0,38,74,0,74,112
08/02/2020,VCV,CA,AWP,WE,Federal Contract Tower,0,0,0,0,0,0,9,17,0,26,0,9,17,0,26,52,0,52,78
08/03/2020,VCV,CA,AWP,WE,Federal Contract Tower,2,0,0,0,2,0,6,10,6,22,2,6,10,6,24,2,0,2,26
08/04/2020,VCV,CA,AWP,WE,Federal Contract Tower,0,2,0,4,6,0,2,10,8,20,0,4,10,12,26,0,4,4,30
08/05/2020,VCV,CA,AWP,WE,Federal Contract Tower,0,1,3,1,5,0,7,14,3,24,0,8,17,4,29,20,12,32,61
08/06/2020,VCV,CA,AWP,WE,Federal Contract Tower,5,5,1,4,15,2,6,18,12,38,7,11,19,16,53,56,40,96,149
08/07/2020,VCV,CA,AWP,WE,Federal Contract Tower,1,0,2,3,6,0,9,25,3,37,1,9,27,6,43,54,12,66,109
08/08/2020,VCV,CA,AWP,WE,Federal Contract Tower,0,0,2,0,2,0,6,15,3,24,0,6,17,3,26,20,30,50,76
08/09/2020,VCV,CA,AWP,WE,Federal Contract Tower,0,0,3,0,3,0,4,13,0,17,0,4,16,0,20,76,0,76,96
08/10/2020,VCV,CA,AWP,WE,Federal Contract Tower,5,0,0,0,5,0,0,13,2,15,5,0,13,2,20,36,22,58,78
08/11/2020,VCV,CA,AWP,WE,Federal Contract Tower,0,6,2,2,10,0,7,4,12,23,0,13,6,14,33,2,4,6,39
08/12/2020,VCV,CA,AWP,WE,Federal Contract Tower,4,0,0,1,5,0,1,12,4,17,4,1,12,5,22,0,4,4,26
08/13/2020,VCV,CA,AWP,WE,Federal Contract Tower,4,2,2,0,8,0,11,6,0,17,4,13,8,0,25,0,0,0,25
08/14/2020,VCV,CA,AWP,WE,Federal Contract Tower,1,0,2,2,5,0,9,23,5,37,1,9,25,7,42,44,8,52,94
08/15/2020,VCV,CA,AWP,WE,Federal Contract Tower,0,0,3,0,3,0,0,23,4,27,0,0,26,4,30,12,0,12,42
08/16/2020,VCV,CA,AWP,WE,Federal Contract Tower,0,0,0,0,0,0,13,19,0,32,0,13,19,0,32,26,0,26,58
08/17/2020,VCV,CA,AWP,WE,Federal Contract Tower,2,5,6,4,17,0,6,4,1,11,2,11,10,5,28,0,0,0,28
08/18/2020,VCV,CA,AWP,WE,Federal Contract Tower,4,2,2,2,10,0,4,9,0,13,4,6,11,2,23,12,22,34,57
08/19/2020,VCV,CA,AWP,WE,Federal Contract Tower,2,0,0,2,4,0,4,2,4,10,2,4,2,6,14,4,0,4,18
08/20/2020,VCV,CA,AWP,WE,Federal Contract Tower,6,2,4,6,18,0,1,0,10,11,6,3,4,16,29,0,0,0,29
08/21/2020,VCV,CA,AWP,WE,Federal Contract Tower,1,0,2,0,3,0,6,5,10,21,1,6,7,10,24,0,0,0,24
08/22/2020,VCV,CA,AWP,WE,Federal Contract Tower,3,0,2,0,5,0,1,6,0,7,3,1,8,0,12,0,0,0,12
08/23/2020,VCV,CA,AWP,WE,Federal Contract Tower,0,0,0,0,0,0,8,14,0,22,0,8,14,0,22,68,0,68,90
08/24/2020,VCV,CA,AWP,WE,Federal Contract Tower,4,2,0,2,8,0,8,8,2,18,4,10,8,4,26,42,20,62,88
08/25/2020,VCV,CA,AWP,WE,Federal Contract Tower,3,5,2,0,10,0,7,3,8,18,3,12,5,8,28,4,20,24,52
08/26/2020,VCV,CA,AWP,WE,Federal Contract Tower,2,3,2,0,7,0,9,4,2,15,2,12,6,2,22,0,2,2,24
08/27/2020,VCV,CA,AWP,WE,Federal Contract Tower,5,1,1,3,10,1,4,16,10,31,6,5,17,13,41,8,26,34,75
08/28/2020,VCV,CA,AWP,WE,Federal Contract Tower,2,1,0,0,3,0,1,19,1,21,2,2,19,1,24,28,6,34,58
08/29/2020,VCV,CA,AWP,WE,Federal Contract Tower,0,0,2,0,2,0,11,15,8,34,0,11,17,8,36,40,26,66,102
08/30/2020,VCV,CA,AWP,WE,Federal Contract Tower,0,0,3,0,3,0,8,33,0,41,0,8,36,0,44,40,0,40,84
08/31/2020,VCV,CA,AWP,WE,Federal Contract Tower,2,0,0,7,9,0,3,12,5,20,2,3,12,12,29,32,26,58,87
09/01/2020,VCV,CA,AWP,WE,Federal Contract Tower,1,2,3,10,16,0,16,7,6,29,1,18,10,16,45,10,4,14,59
09/02/2020,VCV,CA,AWP,WE,Federal Contract Tower,3,2,0,0,5,0,5,10,0,15,3,7,10,0,20,2,0,2,22
09/03/2020,VCV,CA,AWP,WE,Federal Contract Tower,1,0,0,0,1,0,0,15,0,15,1,0,15,0,16,6,0,6,22
09/04/2020,VCV,CA,AWP,WE,Federal Contract Tower,4,0,1,0,5,0,3,18,2,23,4,3,19,2,28,30,8,38,66
09/05/2020,VCV,CA,AWP,WE,Federal Contract Tower,0,0,0,0,0,0,5,9,4,18,0,5,9,4,18,8,6,14,32
09/06/2020,VCV,CA,AWP,WE,Federal Contract Tower,0,0,1,0,1,0,5,5,0,10,0,5,6,0,11,0,0,0,11
09/07/2020,VCV,CA,AWP,WE,Federal Contract Tower,0,0,0,0,0,0,2,0,0,2,0,2,0,0,2,0,0,0,2
09/08/2020,VCV,CA,AWP,WE,Federal Contract Tower,0,1,0,2,3,0,0,0,0,0,0,1,0,2,3,0,0,0,3
09/09/2020,VCV,CA,AWP,WE,Federal Contract Tower,4,2,13,2,21,0,3,4,12,19,4,5,17,14,40,0,0,0,40
09/10/2020,VCV,CA,AWP,WE,Federal Contract Tower,0,2,9,5,16,0,4,16,6,26,0,6,25,11,42,0,10,10,52
09/11/2020,VCV,CA,AWP,WE,Federal Contract Tower,1,2,1,0,4,0,4,15,3,22,1,6,16,3,26,34,12,46,72
09/12/2020,VCV,CA,AWP,WE,Federal Contract Tower,0,0,0,0,0,0,10,15,1,26,0,10,15,1,26,40,8,48,74
09/13/2020,VCV,CA,AWP,WE,Federal Contract Tower,0,0,0,0,0,0,2,0,0,2,0,2,0,0,2,0,0,0,2
09/14/2020,VCV,CA,AWP,WE,Federal Contract Tower,3,2,3,0,8,0,12,10,6,28,3,14,13,6,36,22,32,54,90
09/15/2020,VCV,CA,AWP,WE,Federal Contract Tower,3,5,1,5,14,5,8,0,7,20,8,13,1,12,34,0,24,24,58
09/16/2020,VCV,CA,AWP,WE,Federal Contract Tower,0,2,1,2,5,0,10,16,4,30,0,12,17,6,35,6,12,18,53
09/17/2020,VCV,CA,AWP,WE,Federal Contract Tower,5,2,6,4,17,2,5,18,5,30,7,7,24,9,47,14,6,20,67
09/18/2020,VCV,CA,AWP,WE,Federal Contract Tower,1,0,0,0,1,0,3,0,0,3,1,3,0,0,4,0,0,0,4
09/19/2020,VCV,CA,AWP,WE,Federal Contract Tower,1,0,2,1,4,0,6,25,9,40,1,6,27,10,44,34,8,42,86
09/20/2020,VCV,CA,AWP,WE,Federal Contract Tower,0,0,0,0,0,0,4,4,0,8,0,4,4,0,8,0,0,0,8
09/21/2020,VCV,CA,AWP,WE,Federal Contract Tower,0,0,4,1,5,0,2,12,6,20,0,2,16,7,25,32,0,32,57
09/22/2020,VCV,CA,AWP,WE,Federal Contract Tower,1,6,6,4,17,0,5,12,7,24,1,11,18,11,41,2,18,20,61
09/23/2020,VCV,CA,AWP,WE,Federal Contract Tower,2,6,0,1,9,0,8,16,13,37,2,14,16,14,46,8,0,8,54
09/24/2020,VCV,CA,AWP,WE,Federal Contract Tower,10,5,11,4,30,0,2,19,0,21,10,7,30,4,51,8,0,8,59
09/25/2020,VCV,CA,AWP,WE,Federal Contract Tower,1,1,3,3,8,0,7,12,6,25,1,8,15,9,33,5,0,5,38
09/26/2020,VCV,CA,AWP,WE,Federal Contract Tower,0,0,0,2,2,0,4,4,0,8,0,4,4,2,10,0,0,0,10
09/27/2020,VCV,CA,AWP,WE,Federal Contract Tower,0,0,0,0,0,0,14,12,0,26,0,14,12,0,26,40,0,40,66
09/28/2020,VCV,CA,AWP,WE,Federal Contract Tower,1,0,2,2,5,0,1,8,24,33,1,1,10,26,38,50,14,64,102
09/29/2020,VCV,CA,AWP,WE,Federal Contract Tower,1,2,0,0,3,0,7,8,1,16,1,9,8,1,19,22,10,32,51
09/30/2020,VCV,CA,AWP,WE,Federal Contract Tower,1,3,0,1,5,0,2,8,0,10,1,5,8,1,15,22,0,22,37
10/01/2020,VCV,CA,AWP,WE,Federal Contract Tower,4,2,1,4,11,0,1,12,9,22,4,3,13,13,33,30,16,46,79
10/02/2020,VCV,CA,AWP,WE,Federal Contract Tower,1,0,3,0,4,0,10,18,0,28,1,10,21,0,32,46,0,46,78
10/03/2020,VCV,CA,AWP,WE,Federal Contract Tower,1,0,2,0,3,0,6,27,0,33,1,6,29,0,36,60,0,60,96
10/04/2020,VCV,CA,AWP,WE,Federal Contract Tower,1,0,3,0,4,0,5,6,0,11,1,5,9,0,15,38,0,38,53
10/05/2020,VCV,CA,AWP,WE,Federal Contract Tower,6,0,1,1,8,3,4,12,7,26,9,4,13,8,34,52,28,80,114
10/06/2020,VCV,CA,AWP,WE,Federal Contract Tower,3,2,5,6,16,0,6,25,31,62,3,8,30,37,78,40,102,142,220
10/07/2020,VCV,CA,AWP,WE,Federal Contract Tower,2,0,3,8,13,0,10,23,5,38,2,10,26,13,51,40,8,48,99
10/08/2020,VCV,CA,AWP,WE,Federal Contract Tower,4,0,2,2,8,0,5,10,4,19,4,5,12,6,27,0,14,14,41
10/09/2020,VCV,CA,AWP,WE,Federal Contract Tower,0,2,3,2,7,0,8,13,2,23,0,10,16,4,30,42,24,66,96
10/10/2020,VCV,CA,AWP,WE,Federal Contract Tower,0,0,1,0,1,0,8,11,0,19,0,8,12,0,20,20,0,20,40
10/11/2020,VCV,CA,AWP,WE,Federal Contract Tower,0,0,3,0,3,0,6,3,0,9,0,6,6,0,12,32,0,32,44
10/12/2020,VCV,CA,AWP,WE,Federal Contract Tower,1,0,2,1,4,2,5,13,7,27,3,5,15,8,31,34,0,34,65
10/13/2020,VCV,CA,AWP,WE,Federal Contract Tower,8,3,2,4,17,0,5,6,10,21,8,8,8,14,38,2,48,50,88
10/14/2020,VCV,CA,AWP,WE,Federal Contract Tower,3,0,6,7,16,0,11,22,14,47,3,11,28,21,63,18,36,54,117
10/15/2020,VCV,CA,AWP,WE,Federal Contract Tower,5,0,1,4,10,0,2,20,8,30,5,2,21,12,40,2,14,16,56
10/16/2020,VCV,CA,AWP,WE,Federal Contract Tower,3,0,0,2,5,0,4,21,12,37,3,4,21,14,42,28,72,100,142
10/17/2020,VCV,CA,AWP,WE,Federal Contract Tower,0,0,0,0,0,0,4,6,0,10,0,4,6,0,10,0,0,0,10
10/18/2020,VCV,CA,AWP,WE,Federal Contract Tower,0,0,2,0,2,0,5,3,0,8,0,5,5,0,10,12,0,12,22
10/19/2020,VCV,CA,AWP,WE,Federal Contract Tower,0,0,6,4,10,1,5,15,3,24,1,5,21,7,34,0,8,8,42
10/20/2020,VCV,CA,AWP,WE,Federal Contract Tower,4,4,0,0,8,0,6,7,0,13,4,10,7,0,21,8,0,8,29
10/21/2020,VCV,CA,AWP,WE,Federal Contract Tower,3,4,3,2,12,0,5,20,1,26,3,9,23,3,38,10,8,18,56
10/22/2020,VCV,CA,AWP,WE,Federal Contract Tower,2,2,4,6,14,0,9,37,0,46,2,11,41,6,60,48,4,52,112
10/23/2020,VCV,CA,AWP,WE,Federal Contract Tower,3,0,0,4,7,0,10,11,2,23,3,10,11,6,30,16,6,22,52
10/24/2020,VCV,CA,AWP,WE,Federal Contract Tower,4,0,0,1,5,0,8,15,6,29,4,8,15,7,34,22,18,40,74
10/25/2020,VCV,CA,AWP,WE,Federal Contract Tower,2,0,0,0,2,0,9,9,0,18,2,9,9,0,20,10,0,10,30
10/26/2020,VCV,CA,AWP,WE,Federal Contract Tower,0,2,0,0,2,0,4,1,0,5,0,6,1,0,7,0,0,0,7
10/27/2020,VCV,CA,AWP,WE,Federal Contract Tower,2,2,0,4,8,0,6,14,2,22,2,8,14,6,30,42,4,46,76
10/28/2020,VCV,CA,AWP,WE,Federal Contract Tower,0,1,0,0,1,1,4,8,0,13,1,5,8,0,14,6,0,6,20
10/29/2020,VCV,CA,AWP,WE,Federal Contract Tower,4,3,1,0,8,0,15,10,6,31,4,18,11,6,39,54,0,54,93
10/30/2020,VCV,CA,AWP,WE,Federal Contract Tower,7,3,0,0,10,1,18,15,0,34,8,21,15,0,44,28,0,28,72
10/31/2020,VCV,CA,AWP,WE,Federal Contract Tower,1,0,3,0,4,0,10,28,0,38,1,10,31,0,42,52,0,52,94
11/01/2020,VCV,CA,AWP,WE,Federal Contract Tower,1,0,0,0,1,0,13,18,0,31,1,13,18,0,32,36,0,36,68
11/02/2020,VCV,CA,AWP,WE,Federal Contract Tower,0,0,3,0,3,1,2,16,0,19,1,2,19,0,22,14,0,14,36
11/03/2020,VCV,CA,AWP,WE,Federal Contract Tower,6,4,0,6,16,0,7,13,6,26,6,11,13,12,42,10,20,30,72
11/04/2020,VCV,CA,AWP,WE,Federal Contract Tower,4,2,1,0,7,0,16,9,0,25,4,18,10,0,32,0,0,0,32
11/05/2020,VCV,CA,AWP,WE,Federal Contract Tower,6,4,0,5,15,1,10,5,14,30,7,14,5,19,45,2,40,42,87
11/06/2020,VCV,CA,AWP,WE,Federal Contract Tower,1,2,2,0,5,0,3,2,0,5,1,5,4,0,10,0,0,0,10
11/07/2020,VCV,CA,AWP,WE,Federal Contract Tower,0,0,0,0,0,0,2,0,2,4,0,2,0,2,4,0,0,0,4
11/08/2020,VCV,CA,AWP,WE,Federal Contract Tower,0,0,0,0,0,0,6,6,0,12,0,6,6,0,12,0,0,0,12
11/09/2020,VCV,CA,AWP,WE,Federal Contract Tower,1,5,0,0,6,0,12,13,3,28,1,17,13,3,34,10,18,28,62
11/10/2020,VCV,CA,AWP,WE,Federal Contract Tower,2,11,2,4,19,2,5,30,13,50,4,16,32,17,69,40,58,98,167
11/11/2020,VCV,CA,AWP,WE,Federal Contract Tower,3,4,3,1,11,0,21,21,0,42,3,25,24,1,53,6,0,6,59
11/12/2020,VCV,CA,AWP,WE,Federal Contract Tower,9,4,5,6,24,3,7,25,13,48,12,11,30,19,72,30,6,36,108
11/13/2020,VCV,CA,AWP,WE,Federal Contract Tower,2,0,0,3,5,0,6,16,7,29,2,6,16,10,34,28,10,38,72
11/14/2020,VCV,CA,AWP,WE,Federal Contract Tower,1,0,0,1,2,0,15,17,4,36,1,15,17,5,38,36,22,58,96
11/15/2020,VCV,CA,AWP,WE,Federal Contract Tower,0,0,0,0,0,0,10,20,0,30,0,10,20,0,30,66,0,66,96
11/16/2020,VCV,CA,AWP,WE,Federal Contract Tower,5,1,3,4,13,0,14,17,9,40,5,15,20,13,53,48,50,98,151
11/17/2020,VCV,CA,AWP,WE,Federal Contract Tower,4,0,0,3,7,0,12,4,5,21,4,12,4,8,28,0,22,22,50
11/18/2020,VCV,CA,AWP,WE,Federal Contract Tower,3,0,3,3,9,0,8,2,6,16,3,8,5,9,25,0,20,20,45
11/19/2020,VCV,CA,AWP,WE,Federal Contract Tower,3,2,5,6,16,0,13,27,8,48,3,15,32,14,64,21,40,61,125
11/20/2020,VCV,CA,AWP,WE,Federal Contract Tower,2,1,4,0,7,0,7,20,2,29,2,8,24,2,36,30,14,44,80
11/21/2020,VCV,CA,AWP,WE,Federal Contract Tower,0,0,0,0,0,0,6,12,0,18,0,6,12,0,18,30,0,30,48
11/22/2020,VCV,CA,AWP,WE,Federal Contract Tower,1,0,0,0,1,0,7,8,0,15,1,7,8,0,16,10,0,10,26
11/23/2020,VCV,CA,AWP,WE,Federal Contract Tower,0,0,1,1,2,0,6,7,1,14,0,6,8,2,16,18,6,24,40
11/24/2020,VCV,CA,AWP,WE,Federal Contract Tower,3,0,0,2,5,0,6,12,4,22,3,6,12,6,27,6,26,32,59
11/25/2020,VCV,CA,AWP,WE,Federal Contract Tower,1,0,0,2,3,0,2,10,4,16,1,2,10,6,19,10,12,22,41
11/26/2020,VCV,CA,AWP,WE,Federal Contract Tower,0,0,2,0,2,0,8,0,0,8,0,8,2,0,10,0,0,0,10
11/27/2020,VCV,CA,AWP,WE,Federal Contract Tower,0,0,0,0,0,0,2,2,0,4,0,2,2,0,4,0,0,0,4
11/28/2020,VCV,CA,AWP,WE,Federal Contract Tower,1,0,0,0,1,0,4,11,0,15,1,4,11,0,16,6,0,6,22
11/29/2020,VCV,CA,AWP,WE,Federal Contract Tower,1,0,0,0,1,0,7,4,0,11,1,7,4,0,12,0,0,0,12
11/30/2020,VCV,CA,AWP,WE,Federal Contract Tower,2,0,2,2,6,1,8,14,2,25,3,8,16,4,31,32,20,52,83
12/01/2020,VCV,CA,AWP,WE,Federal Contract Tower,3,2,2,1,8,1,3,5,1,10,4,5,7,2,18,0,0,0,18
12/02/2020,VCV,CA,AWP,WE,Federal Contract Tower,4,0,1,2,7,2,10,1,8,21,6,10,2,10,28,12,22,34,62
12/03/2020,VCV,CA,AWP,WE,Federal Contract Tower,0,4,1,2,7,0,4,2,5,11,0,8,3,7,18,20,0,20,38
12/04/2020,VCV,CA,AWP,WE,Federal Contract Tower,3,0,1,1,5,0,10,6,3,19,3,10,7,4,24,14,28,42,66
12/05/2020,VCV,CA,AWP,WE,Federal Contract Tower,0,0,2,0,2,0,9,13,2,24,0,9,15,2,26,12,14,26,52
12/06/2020,VCV,CA,AWP,WE,Federal Contract Tower,0,0,3,0,3,0,12,13,0,25,0,12,16,0,28,16,0,16,44
12/07/2020,VCV,CA,AWP,WE,Federal Contract Tower,0,2,2,1,5,0,4,4,2,10,0,6,6,3,15,6,10,16,31
12/08/2020,VCV,CA,AWP,WE,Federal Contract Tower,2,3,4,0,9,0,3,8,0,11,2,6,12,0,20,8,0,8,28
12/09/2020,VCV,CA,AWP,WE,Federal Contract Tower,5,4,6,1,16,1,9,10,3,23,6,13,16,4,39,6,14,20,59
12/10/2020,VCV,CA,AWP,WE,Federal Contract Tower,7,1,0,2,10,0,0,10,11,21,7,1,10,13,31,16,16,32,63
12/11/2020,VCV,CA,AWP,WE,Federal Contract Tower,5,0,0,1,6,1,3,2,0,6,6,3,2,1,12,0,0,0,12
12/12/2020,VCV,CA,AWP,WE,Federal Contract Tower,0,0,2,0,2,0,4,0,0,4,0,4,2,0,6,0,0,0,6
12/13/2020,VCV,CA,AWP,WE,Federal Contract Tower,0,0,0,0,0,0,5,11,0,16,0,5,11,0,16,4,0,4,20
12/14/2020,VCV,CA,AWP,WE,Federal Contract Tower,1,0,0,0,1,0,8,0,4,12,1,8,0,4,13,0,0,0,13
12/15/2020,VCV,CA,AWP,WE,Federal Contract Tower,2,2,2,3,9,3,9,13,13,38,5,11,15,16,47,22,44,66,113
12/16/2020,VCV,CA,AWP,WE,Federal Contract Tower,3,0,6,1,10,0,18,17,1,36,3,18,23,2,46,10,12,22,68
12/17/2020,VCV,CA,AWP,WE,Federal Contract Tower,1,0,0,1,2,0,1,4,4,9,1,1,4,5,11,0,16,16,27
12/18/2020,VCV,CA,AWP,WE,Federal Contract Tower,1,0,2,1,4,0,5,6,1,12,1,5,8,2,16,6,0,6,22
12/19/2020,VCV,CA,AWP,WE,Federal Contract Tower,2,0,0,0,2,0,6,12,0,18,2,6,12,0,20,6,0,6,26
12/20/2020,VCV,CA,AWP,WE,Federal Contract Tower,0,0,0,0,0,0,4,14,0,18,0,4,14,0,18,0,0,0,18
12/21/2020,VCV,CA,AWP,WE,Federal Contract Tower,3,0,0,0,3,2,4,5,4,15,5,4,5,4,18,0,0,0,18
12/22/2020,VCV,CA,AWP,WE,Federal Contract Tower,4,2,0,2,8,2,2,5,11,20,6,4,5,13,28,2,18,20,48
12/23/2020,VCV,CA,AWP,WE,Federal Contract Tower,3,1,0,1,5,2,1,5,3,11,5,2,5,4,16,0,0,0,16
12/24/2020,VCV,CA,AWP,WE,Federal Contract Tower,0,0,0,0,0,0,4,6,0,10,0,4,6,0,10,6,0,6,16
12/25/2020,VCV,CA,AWP,WE,Federal Contract Tower,0,0,0,0,0,0,5,1,0,6,0,5,1,0,6,4,0,4,10
12/26/2020,VCV,CA,AWP,WE,Federal Contract Tower,3,0,6,0,9,0,3,6,0,9,3,3,12,0,18,10,0,10,28
12/27/2020,VCV,CA,AWP,WE,Federal Contract Tower,0,0,0,0,0,0,2,4,0,6,0,2,4,0,6,0,0,0,6
12/28/2020,VCV,CA,AWP,WE,Federal Contract Tower,0,0,0,0,0,0,0,0,0,0,0,0,0,0,0,0,0,0,0
12/29/2020,VCV,CA,AWP,WE,Federal Contract Tower,3,4,0,3,10,0,12,4,5,21,3,16,4,8,31,6,18,24,55
12/30/2020,VCV,CA,AWP,WE,Federal Contract Tower,2,4,2,0,8,0,14,9,0,23,2,18,11,0,31,12,0,12,43
12/31/2020,VCV,CA,AWP,WE,Federal Contract Tower,0,0,1,0,1,0,1,10,0,11,0,1,11,0,12,8,0,8,20
01/01/2021,VCV,CA,AWP,WE,Federal Contract Tower,0,0,0,0,0,0,7,2,0,9,0,7,2,0,9,4,0,4,13
01/02/2021,VCV,CA,AWP,WE,Federal Contract Tower,3,0,0,0,3,0,4,9,2,15,3,4,9,2,18,0,10,10,28
01/03/2021,VCV,CA,AWP,WE,Federal Contract Tower,0,0,0,0,0,0,10,20,0,30,0,10,20,0,30,10,0,10,40
01/04/2021,VCV,CA,AWP,WE,Federal Contract Tower,0,0,2,0,2,0,4,12,1,17,0,4,14,1,19,22,8,30,49
01/05/2021,VCV,CA,AWP,WE,Federal Contract Tower,6,0,2,3,11,0,1,10,20,31,6,1,12,23,42,4,72,76,118
01/06/2021,VCV,CA,AWP,WE,Federal Contract Tower,0,0,9,1,10,0,5,12,2,19,0,5,21,3,29,12,0,12,41
01/07/2021,VCV,CA,AWP,WE,Federal Contract Tower,1,0,1,1,3,0,3,17,13,33,1,3,18,14,36,24,48,72,108
01/08/2021,VCV,CA,AWP,WE,Federal Contract Tower,3,0,2,0,5,0,5,11,5,21,3,5,13,5,26,30,40,70,96
01/09/2021,VCV,CA,AWP,WE,Federal Contract Tower,3,0,0,0,3,0,4,16,1,21,3,4,16,1,24,46,12,58,82
01/10/2021,VCV,CA,AWP,WE,Federal Contract Tower,2,0,0,0,2,2,12,10,2,26,4,12,10,2,28,16,12,28,56
01/11/2021,VCV,CA,AWP,WE,Federal Contract Tower,2,0,3,0,5,0,6,11,3,20,2,6,14,3,25,24,20,44,69
01/12/2021,VCV,CA,AWP,WE,Federal Contract Tower,6,1,2,1,10,0,5,6,5,16,6,6,8,6,26,18,2,20,46
01/13/2021,VCV,CA,AWP,WE,Federal Contract Tower,2,0,1,1,4,0,11,2,6,19,2,11,3,7,23,2,14,16,39
01/14/2021,VCV,CA,AWP,WE,Federal Contract Tower,1,0,1,2,4,0,2,10,5,17,1,2,11,7,21,14,38,52,73
01/15/2021,VCV,CA,AWP,WE,Federal Contract Tower,1,0,0,1,2,1,5,14,2,22,2,5,14,3,24,34,30,64,88
01/16/2021,VCV,CA,AWP,WE,Federal Contract Tower,1,0,0,1,2,0,5,4,3,12,1,5,4,4,14,16,22,38,52
01/17/2021,VCV,CA,AWP,WE,Federal Contract Tower,0,0,0,0,0,0,7,7,0,14,0,7,7,0,14,12,0,12,26
01/18/2021,VCV,CA,AWP,WE,Federal Contract Tower,0,0,0,0,0,0,8,8,2,18,0,8,8,2,18,18,12,30,48
01/19/2021,VCV,CA,AWP,WE,Federal Contract Tower,2,0,0,0,2,0,0,0,0,0,2,0,0,0,2,0,0,0,2
01/20/2021,VCV,CA,AWP,WE,Federal Contract Tower,0,4,1,1,6,0,3,1,3,7,0,7,2,4,13,0,10,10,23
01/21/2021,VCV,CA,AWP,WE,Federal Contract Tower,4,0,1,2,7,2,5,8,5,20,6,5,9,7,27,2,10,12,39
01/22/2021,VCV,CA,AWP,WE,Federal Contract Tower,3,0,3,2,8,0,6,9,5,20,3,6,12,7,28,26,20,46,74
01/23/2021,VCV,CA,AWP,WE,Federal Contract Tower,1,0,0,0,1,0,1,1,1,3,1,1,1,1,4,0,0,0,4
01/24/2021,VCV,CA,AWP,WE,Federal Contract Tower,0,0,1,0,1,1,2,13,7,23,1,2,14,7,24,30,0,30,54
01/25/2021,VCV,CA,AWP,WE,Federal Contract Tower,2,0,0,0,2,0,6,0,0,6,2,6,0,0,8,0,0,0,8
01/26/2021,VCV,CA,AWP,WE,Federal Contract Tower,5,0,2,2,9,0,6,7,10,23,5,6,9,12,32,24,32,56,88
01/27/2021,VCV,CA,AWP,WE,Federal Contract Tower,4,4,1,3,12,0,0,5,6,11,4,4,6,9,23,14,12,26,49
01/28/2021,VCV,CA,AWP,WE,Federal Contract Tower,4,0,0,4,8,0,6,4,4,14,4,6,4,8,22,6,16,22,44
01/29/2021,VCV,CA,AWP,WE,Federal Contract Tower,4,0,1,0,5,0,0,0,0,0,4,0,1,0,5,0,0,0,5
01/30/2021,VCV,CA,AWP,WE,Federal Contract Tower,1,0,1,0,2,0,4,12,2,18,1,4,13,2,20,8,18,26,46
01/31/2021,VCV,CA,AWP,WE,Federal Contract Tower,2,0,0,0,2,2,7,16,1,26,4,7,16,1,28,16,12,28,56
02/01/2021,VCV,CA,AWP,WE,Federal Contract Tower,1,0,0,0,1,0,7,7,1,15,1,7,7,1,16,16,12,28,44
02/02/2021,VCV,CA,AWP,WE,Federal Contract Tower,5,0,0,4,9,0,6,14,5,25,5,6,14,9,34,12,24,36,70
02/03/2021,VCV,CA,AWP,WE,Federal Contract Tower,0,0,0,0,0,0,5,10,0,15,0,5,10,0,15,4,0,4,19
02/04/2021,VCV,CA,AWP,WE,Federal Contract Tower,0,4,2,3,9,0,4,9,6,19,0,8,11,9,28,2,12,14,42
02/05/2021,VCV,CA,AWP,WE,Federal Contract Tower,0,0,1,0,1,0,3,16,2,21,0,3,17,2,22,22,12,34,56
02/06/2021,VCV,CA,AWP,WE,Federal Contract Tower,1,0,0,0,1,0,4,16,1,21,1,4,16,1,22,14,10,24,46
02/07/2021,VCV,CA,AWP,WE,Federal Contract Tower,1,0,1,0,2,1,3,6,0,10,2,3,7,0,12,8,0,8,20
02/08/2021,VCV,CA,AWP,WE,Federal Contract Tower,0,1,0,0,1,0,6,12,5,23,0,7,12,5,24,20,24,44,68
02/09/2021,VCV,CA,AWP,WE,Federal Contract Tower,4,2,0,0,6,1,7,19,6,33,5,9,19,6,39,12,12,24,63
02/10/2021,VCV,CA,AWP,WE,Federal Contract Tower,5,0,3,1,9,0,4,8,2,14,5,4,11,3,23,0,0,0,23
02/11/2021,VCV,CA,AWP,WE,Federal Contract Tower,7,4,4,3,18,0,8,18,6,32,7,12,22,9,50,10,14,24,74
02/12/2021,VCV,CA,AWP,WE,Federal Contract Tower,1,0,2,0,3,0,10,3,0,13,1,10,5,0,16,0,0,0,16
02/13/2021,VCV,CA,AWP,WE,Federal Contract Tower,1,0,2,0,3,0,3,0,0,3,1,3,2,0,6,0,0,0,6
02/14/2021,VCV,CA,AWP,WE,Federal Contract Tower,3,0,0,0,3,4,5,4,0,13,7,5,4,0,16,6,0,6,22
02/15/2021,VCV,CA,AWP,WE,Federal Contract Tower,0,0,0,0,0,0,5,5,0,10,0,5,5,0,10,0,0,0,10
02/16/2021,VCV,CA,AWP,WE,Federal Contract Tower,0,0,0,3,3,0,3,1,1,5,0,3,1,4,8,0,14,14,22
02/17/2021,VCV,CA,AWP,WE,Federal Contract Tower,3,2,2,3,10,0,8,5,6,19,3,10,7,9,29,0,26,26,55
02/18/2021,VCV,CA,AWP,WE,Federal Contract Tower,2,3,1,0,6,0,7,17,9,33,2,10,18,9,39,14,10,24,63
02/19/2021,VCV,CA,AWP,WE,Federal Contract Tower,2,0,0,2,4,0,4,7,3,14,2,4,7,5,18,20,22,42,60
02/20/2021,VCV,CA,AWP,WE,Federal Contract Tower,0,0,0,0,0,0,4,0,0,4,0,4,0,0,4,0,0,0,4
02/21/2021,VCV,CA,AWP,WE,Federal Contract Tower,2,0,0,0,2,4,3,11,0,18,6,3,11,0,20,12,0,12,32
02/22/2021,VCV,CA,AWP,WE,Federal Contract Tower,2,0,2,0,4,0,11,8,1,20,2,11,10,1,24,18,8,26,50
02/23/2021,VCV,CA,AWP,WE,Federal Contract Tower,5,5,0,1,11,2,18,1,0,21,7,23,1,1,32,28,0,28,60
02/24/2021,VCV,CA,AWP,WE,Federal Contract Tower,2,0,0,0,2,0,2,6,2,10,2,2,6,2,12,2,0,2,14
02/25/2021,VCV,CA,AWP,WE,Federal Contract Tower,5,0,0,1,6,0,4,7,1,12,5,4,7,2,18,0,10,10,28
02/26/2021,VCV,CA,AWP,WE,Federal Contract Tower,0,0,2,0,2,0,8,19,1,28,0,8,21,1,30,24,8,32,62
02/27/2021,VCV,CA,AWP,WE,Federal Contract Tower,1,0,3,1,5,0,6,20,1,27,1,6,23,2,32,16,0,16,48
02/28/2021,VCV,CA,AWP,WE,Federal Contract Tower,2,0,0,0,2,4,6,10,0,20,6,6,10,0,22,30,0,30,52
03/01/2021,VCV,CA,AWP,WE,Federal Contract Tower,1,1,0,0,2,0,4,13,4,21,1,5,13,4,23,0,12,12,35
03/02/2021,VCV,CA,AWP,WE,Federal Contract Tower,3,1,0,5,9,0,3,7,9,19,3,4,7,14,28,14,30,44,72
03/03/2021,VCV,CA,AWP,WE,Federal Contract Tower,2,0,0,0,2,0,6,2,2,10,2,6,2,2,12,0,0,0,12
03/04/2021,VCV,CA,AWP,WE,Federal Contract Tower,3,2,0,0,5,0,5,12,0,17,3,7,12,0,22,36,0,36,58
03/05/2021,VCV,CA,AWP,WE,Federal Contract Tower,0,0,0,6,6,0,3,25,6,34,0,3,25,12,40,12,18,30,70
03/06/2021,VCV,CA,AWP,WE,Federal Contract Tower,0,1,1,0,2,0,6,11,0,17,0,7,12,0,19,34,0,34,53
03/07/2021,VCV,CA,AWP,WE,Federal Contract Tower,3,0,1,0,4,4,6,10,0,20,7,6,11,0,24,26,0,26,50
03/08/2021,VCV,CA,AWP,WE,Federal Contract Tower,0,0,0,0,0,0,4,4,2,10,0,4,4,2,10,6,0,6,16
03/09/2021,VCV,CA,AWP,WE,Federal Contract Tower,3,2,0,0,5,0,2,0,4,6,3,4,0,4,11,0,0,0,11
03/10/2021,VCV,CA,AWP,WE,Federal Contract Tower,3,4,0,0,7,0,4,0,0,4,3,8,0,0,11,0,0,0,11
03/11/2021,VCV,CA,AWP,WE,Federal Contract Tower,0,2,1,1,4,0,4,2,2,8,0,6,3,3,12,0,0,0,12
03/12/2021,VCV,CA,AWP,WE,Federal Contract Tower,4,2,0,4,10,0,4,8,3,15,4,6,8,7,25,8,12,20,45
03/13/2021,VCV,CA,AWP,WE,Federal Contract Tower,1,0,4,0,5,0,10,7,4,21,1,10,11,4,26,8,2,10,36
03/14/2021,VCV,CA,AWP,WE,Federal Contract Tower,3,0,0,0,3,4,4,9,6,23,7,4,9,6,26,32,4,36,62
03/15/2021,VCV,CA,AWP,WE,Federal Contract Tower,0,0,1,0,1,0,0,1,0,1,0,0,2,0,2,0,0,0,2
03/16/2021,VCV,CA,AWP,WE,Federal Contract Tower,2,0,1,1,4,4,18,15,6,43,6,18,16,7,47,38,14,52,99
03/17/2021,VCV,CA,AWP,WE,Federal Contract Tower,3,5,0,1,9,0,19,15,2,36,3,24,15,3,45,18,22,40,85
03/18/2021,VCV,CA,AWP,WE,Federal Contract Tower,0,1,1,1,3,1,19,8,6,34,1,20,9,7,37,0,18,18,55
03/19/2021,VCV,CA,AWP,WE,Federal Contract Tower,2,1,2,1,6,0,5,15,0,20,2,6,17,1,26,36,0,36,62
03/20/2021,VCV,CA,AWP,WE,Federal Contract Tower,0,0,1,0,1,0,6,5,0,11,0,6,6,0,12,6,0,6,18
03/21/2021,VCV,CA,AWP,WE,Federal Contract Tower,2,0,0,0,2,4,4,2,0,10,6,4,2,0,12,6,0,6,18
03/22/2021,VCV,CA,AWP,WE,Federal Contract Tower,4,0,2,2,8,0,10,10,7,27,4,10,12,9,35,12,24,36,71
03/23/2021,VCV,CA,AWP,WE,Federal Contract Tower,3,5,3,7,18,1,15,10,12,38,4,20,13,19,56,4,28,32,88
03/24/2021,VCV,CA,AWP,WE,Federal Contract Tower,2,0,0,3,5,0,5,6,3,14,2,5,6,6,19,0,4,4,23
03/25/2021,VCV,CA,AWP,WE,Federal Contract Tower,3,4,0,1,8,0,7,1,6,14,3,11,1,7,22,0,0,0,22
03/26/2021,VCV,CA,AWP,WE,Federal Contract Tower,0,2,0,0,2,0,9,11,0,20,0,11,11,0,22,2,0,2,24
03/27/2021,VCV,CA,AWP,WE,Federal Contract Tower,2,0,0,2,4,0,7,10,4,21,2,7,10,6,25,18,0,18,43
03/28/2021,VCV,CA,AWP,WE,Federal Contract Tower,2,0,0,0,2,4,5,5,0,14,6,5,5,0,16,14,0,14,30
03/29/2021,VCV,CA,AWP,WE,Federal Contract Tower,0,0,0,0,0,0,9,14,1,24,0,9,14,1,24,6,0,6,30
03/30/2021,VCV,CA,AWP,WE,Federal Contract Tower,5,3,0,0,8,1,6,3,0,10,6,9,3,0,18,2,0,2,20
03/31/2021,VCV,CA,AWP,WE,Federal Contract Tower,2,1,7,1,11,0,1,11,3,15,2,2,18,4,26,4,0,4,30
04/01/2021,VCV,CA,AWP,WE,Federal Contract Tower,4,1,0,0,5,0,9,19,0,28,4,10,19,0,33,0,2,2,35
04/02/2021,VCV,CA,AWP,WE,Federal Contract Tower,6,0,0,0,6,0,13,11,2,26,6,13,11,2,32,6,4,10,42
04/03/2021,VCV,CA,AWP,WE,Federal Contract Tower,0,2,1,0,3,0,8,7,0,15,0,10,8,0,18,10,0,10,28
04/04/2021,VCV,CA,AWP,WE,Federal Contract Tower,2,0,1,0,3,4,6,7,0,17,6,6,8,0,20,8,0,8,28
04/05/2021,VCV,CA,AWP,WE,Federal Contract Tower,5,0,0,0,5,0,8,5,0,13,5,8,5,0,18,0,0,0,18
04/06/2021,VCV,CA,AWP,WE,Federal Contract Tower,5,9,3,1,18,0,5,7,0,12,5,14,10,1,30,0,8,8,38
04/07/2021,VCV,CA,AWP,WE,Federal Contract Tower,1,4,2,3,10,2,6,3,2,13,3,10,5,5,23,2,6,8,31
04/08/2021,VCV,CA,AWP,WE,Federal Contract Tower,5,2,1,5,13,2,2,7,2,13,7,4,8,7,26,4,0,4,30
04/09/2021,VCV,CA,AWP,WE,Federal Contract Tower,4,0,0,3,7,0,2,31,6,39,4,2,31,9,46,0,10,10,56
04/10/2021,VCV,CA,AWP,WE,Federal Contract Tower,6,0,0,4,10,2,7,20,1,30,8,7,20,5,40,10,6,16,56
04/11/2021,VCV,CA,AWP,WE,Federal Contract Tower,0,0,2,2,4,0,3,9,2,14,0,3,11,4,18,2,0,2,20
04/12/2021,VCV,CA,AWP,WE,Federal Contract Tower,1,0,0,3,4,0,4,20,6,30,1,4,20,9,34,8,16,24,58
04/13/2021,VCV,CA,AWP,WE,Federal Contract Tower,3,0,1,1,5,0,5,1,2,8,3,5,2,3,13,0,10,10,23
04/14/2021,VCV,CA,AWP,WE,Federal Contract Tower,1,0,1,1,3,0,9,3,4,16,1,9,4,5,19,1,4,5,24
04/15/2021,VCV,CA,AWP,WE,Federal Contract Tower,2,0,0,0,2,0,0,22,0,22,2,0,22,0,24,10,0,10,34
04/16/2021,VCV,CA,AWP,WE,Federal Contract Tower,3,0,0,1,4,0,1,10,1,12,3,1,10,2,16,2,12,14,30
04/17/2021,VCV,CA,AWP,WE,Federal Contract Tower,0,0,0,0,0,0,11,0,0,11,0,11,0,0,11,0,0,0,11
04/18/2021,VCV,CA,AWP,WE,Federal Contract Tower,1,0,0,0,1,0,8,12,0,20,1,8,12,0,21,0,0,0,21
04/19/2021,VCV,CA,AWP,WE,Federal Contract Tower,3,2,0,1,6,0,0,11,10,21,3,2,11,11,27,16,20,36,63
04/20/2021,VCV,CA,AWP,WE,Federal Contract Tower,9,0,1,1,11,0,0,3,2,5,9,0,4,3,16,0,8,8,24
04/21/2021,VCV,CA,AWP,WE,Federal Contract Tower,2,3,4,3,12,0,4,3,9,16,2,7,7,12,28,2,0,2,30
04/22/2021,VCV,CA,AWP,WE,Federal Contract Tower,3,1,4,3,11,2,10,9,13,34,5,11,13,16,45,6,10,16,61
04/23/2021,VCV,CA,AWP,WE,Federal Contract Tower,4,1,3,0,8,0,13,16,14,43,4,14,19,14,51,14,8,22,73
04/24/2021,VCV,CA,AWP,WE,Federal Contract Tower,1,0,0,0,1,0,7,7,1,15,1,7,7,1,16,4,0,4,20
04/25/2021,VCV,CA,AWP,WE,Federal Contract Tower,2,0,1,0,3,3,4,4,0,11,5,4,5,0,14,8,0,8,22
04/26/2021,VCV,CA,AWP,WE,Federal Contract Tower,2,2,0,0,4,0,6,8,0,14,2,8,8,0,18,14,0,14,32
04/27/2021,VCV,CA,AWP,WE,Federal Contract Tower,5,6,0,0,11,0,8,9,0,17,5,14,9,0,28,0,0,0,28
04/28/2021,VCV,CA,AWP,WE,Federal Contract Tower,1,0,0,0,1,0,6,9,0,15,1,6,9,0,16,0,0,0,16
04/29/2021,VCV,CA,AWP,WE,Federal Contract Tower,0,0,1,0,1,0,3,14,3,20,0,3,15,3,21,12,20,32,53
04/30/2021,VCV,CA,AWP,WE,Federal Contract Tower,1,0,0,0,1,0,3,20,2,25,1,3,20,2,26,56,4,60,86
05/01/2021,VCV,CA,AWP,WE,Federal Contract Tower,0,0,4,0,4,0,11,7,0,18,0,11,11,0,22,4,0,4,26
05/02/2021,VCV,CA,AWP,WE,Federal Contract Tower,0,0,0,0,0,0,7,7,0,14,0,7,7,0,14,20,0,20,34
05/03/2021,VCV,CA,AWP,WE,Federal Contract Tower,0,1,0,1,2,0,9,13,6,28,0,10,13,7,30,6,20,26,56
05/04/2021,VCV,CA,AWP,WE,Federal Contract Tower,3,3,1,0,7,0,12,27,2,41,3,15,28,2,48,16,0,16,64
05/05/2021,VCV,CA,AWP,WE,Federal Contract Tower,1,3,0,0,4,0,13,13,2,28,1,16,13,2,32,28,14,42,74
05/06/2021,VCV,CA,AWP,WE,Federal Contract Tower,0,0,2,0,2,0,1,12,1,14,0,1,14,1,16,28,6,34,50
05/07/2021,VCV,CA,AWP,WE,Federal Contract Tower,3,1,2,1,7,0,17,26,8,51,3,18,28,9,58,24,10,34,92
05/08/2021,VCV,CA,AWP,WE,Federal Contract Tower,0,0,0,0,0,0,5,14,3,22,0,5,14,3,22,22,6,28,50
05/09/2021,VCV,CA,AWP,WE,Federal Contract Tower,1,0,0,0,1,0,3,4,0,7,1,3,4,0,8,8,0,8,16
05/10/2021,VCV,CA,AWP,WE,Federal Contract Tower,1,5,0,0,6,1,7,12,1,21,2,12,12,1,27,34,8,42,69
05/11/2021,VCV,CA,AWP,WE,Federal Contract Tower,3,8,1,1,13,0,5,16,1,22,3,13,17,2,35,12,10,22,57
05/12/2021,VCV,CA,AWP,WE,Federal Contract Tower,1,4,3,6,14,0,6,17,9,32,1,10,20,15,46,24,8,32,78
05/13/2021,VCV,CA,AWP,WE,Federal Contract Tower,0,2,0,0,2,0,5,3,0,8,0,7,3,0,10,12,0,12,22
05/14/2021,VCV,CA,AWP,WE,Federal Contract Tower,2,0,0,0,2,0,6,8,0,14,2,6,8,0,16,14,0,14,30
05/15/2021,VCV,CA,AWP,WE,Federal Contract Tower,4,0,0,0,4,0,6,6,0,12,4,6,6,0,16,6,0,6,22
05/16/2021,VCV,CA,AWP,WE,Federal Contract Tower,3,0,0,0,3,0,3,14,0,17,3,3,14,0,20,22,0,22,42
05/17/2021,VCV,CA,AWP,WE,Federal Contract Tower,2,0,2,0,4,0,7,5,0,12,2,7,7,0,16,20,0,20,36
05/18/2021,VCV,CA,AWP,WE,Federal Contract Tower,2,3,6,2,13,0,5,12,4,21,2,8,18,6,34,16,6,22,56
05/19/2021,VCV,CA,AWP,WE,Federal Contract Tower,1,5,2,0,8,0,7,3,2,12,1,12,5,2,20,0,0,0,20
05/20/2021,VCV,CA,AWP,WE,Federal Contract Tower,4,1,0,0,5,0,0,6,3,9,4,1,6,3,14,6,14,20,34
05/21/2021,VCV,CA,AWP,WE,Federal Contract Tower,4,0,0,0,4,0,5,15,2,22,4,5,15,2,26,14,0,14,40
05/22/2021,VCV,CA,AWP,WE,Federal Contract Tower,0,0,0,0,0,0,6,4,8,18,0,6,4,8,18,4,0,4,22
05/23/2021,VCV,CA,AWP,WE,Federal Contract Tower,1,0,0,0,1,0,5,8,8,21,1,5,8,8,22,10,8,18,40
05/24/2021,VCV,CA,AWP,WE,Federal Contract Tower,4,0,0,0,4,0,2,3,3,8,4,2,3,3,12,10,0,10,22
05/25/2021,VCV,CA,AWP,WE,Federal Contract Tower,7,2,4,0,13,0,7,8,6,21,7,9,12,6,34,8,18,26,60
05/26/2021,VCV,CA,AWP,WE,Federal Contract Tower,0,8,3,2,13,0,7,9,4,20,0,15,12,6,33,12,0,12,45
05/27/2021,VCV,CA,AWP,WE,Federal Contract Tower,1,0,2,0,3,0,7,5,0,12,1,7,7,0,15,0,0,0,15
05/28/2021,VCV,CA,AWP,WE,Federal Contract Tower,4,0,2,0,6,0,6,15,1,22,4,6,17,1,28,20,6,26,54
05/29/2021,VCV,CA,AWP,WE,Federal Contract Tower,2,0,0,0,2,0,13,13,6,32,2,13,13,6,34,38,0,38,72
05/30/2021,VCV,CA,AWP,WE,Federal Contract Tower,2,0,0,0,2,0,7,11,0,18,2,7,11,0,20,26,0,26,46
05/31/2021,VCV,CA,AWP,WE,Federal Contract Tower,1,0,0,1,2,0,7,7,0,14,1,7,7,1,16,16,0,16,32
06/01/2021,VCV,CA,AWP,WE,Federal Contract Tower,9,3,0,0,12,0,6,13,3,22,9,9,13,3,34,12,0,12,46
06/02/2021,VCV,CA,AWP,WE,Federal Contract Tower,2,0,2,0,4,0,6,19,4,29,2,6,21,4,33,16,0,16,49
06/03/2021,VCV,CA,AWP,WE,Federal Contract Tower,4,0,1,3,8,0,6,5,7,18,4,6,6,10,26,8,24,32,58
06/04/2021,VCV,CA,AWP,WE,Federal Contract Tower,4,1,1,0,6,0,4,10,8,22,4,5,11,8,28,22,0,22,50
06/05/2021,VCV,CA,AWP,WE,Federal Contract Tower,0,2,0,0,2,2,7,17,0,26,2,9,17,0,28,20,0,20,48
06/06/2021,VCV,CA,AWP,WE,Federal Contract Tower,1,0,3,0,4,0,8,8,0,16,1,8,11,0,20,6,0,6,26
06/07/2021,VCV,CA,AWP,WE,Federal Contract Tower,2,0,0,0,2,0,4,2,0,6,2,4,2,0,8,0,0,0,8
06/08/2021,VCV,CA,AWP,WE,Federal Contract Tower,1,1,2,0,4,0,7,9,0,16,1,8,11,0,20,4,0,4,24
06/09/2021,VCV,CA,AWP,WE,Federal Contract Tower,1,2,0,1,4,0,10,9,18,37,1,12,9,19,41,0,0,0,41
06/10/2021,VCV,CA,AWP,WE,Federal Contract Tower,2,0,0,0,2,0,3,9,0,12,2,3,9,0,14,12,0,12,26
06/11/2021,VCV,CA,AWP,WE,Federal Contract Tower,2,0,0,1,3,0,9,19,5,33,2,9,19,6,36,20,8,28,64
06/12/2021,VCV,CA,AWP,WE,Federal Contract Tower,0,0,0,0,0,0,7,17,0,24,0,7,17,0,24,34,0,34,58
06/13/2021,VCV,CA,AWP,WE,Federal Contract Tower,1,0,2,0,3,0,2,5,0,7,1,2,7,0,10,0,0,0,10
06/14/2021,VCV,CA,AWP,WE,Federal Contract Tower,1,3,2,0,6,0,7,9,0,16,1,10,11,0,22,10,0,10,32
06/15/2021,VCV,CA,AWP,WE,Federal Contract Tower,3,4,1,0,8,0,16,13,1,30,3,20,14,1,38,24,6,30,68
06/16/2021,VCV,CA,AWP,WE,Federal Contract Tower,0,4,3,0,7,0,16,3,7,26,0,20,6,7,33,0,4,4,37
06/17/2021,VCV,CA,AWP,WE,Federal Contract Tower,1,0,6,0,7,0,1,21,2,24,1,1,27,2,31,6,2,8,39
06/18/2021,VCV,CA,AWP,WE,Federal Contract Tower,0,0,0,0,0,0,5,15,0,20,0,5,15,0,20,14,0,14,34
06/19/2021,VCV,CA,AWP,WE,Federal Contract Tower,0,0,0,0,0,0,5,7,0,12,0,5,7,0,12,4,0,4,16
06/20/2021,VCV,CA,AWP,WE,Federal Contract Tower,1,0,0,0,1,0,7,8,0,15,1,7,8,0,16,0,0,0,16
06/21/2021,VCV,CA,AWP,WE,Federal Contract Tower,2,0,0,1,3,0,2,10,3,15,2,2,10,4,18,0,0,0,18
06/22/2021,VCV,CA,AWP,WE,Federal Contract Tower,0,1,0,0,1,0,13,22,0,35,0,14,22,0,36,20,0,20,56
06/23/2021,VCV,CA,AWP,WE,Federal Contract Tower,1,2,6,2,11,0,7,11,0,18,1,9,17,2,29,2,0,2,31
06/24/2021,VCV,CA,AWP,WE,Federal Contract Tower,3,0,1,0,4,0,5,9,19,33,3,5,10,19,37,10,6,16,53
06/25/2021,VCV,CA,AWP,WE,Federal Contract Tower,1,0,0,0,1,0,3,10,2,15,1,3,10,2,16,16,16,32,48
06/26/2021,VCV,CA,AWP,WE,Federal Contract Tower,0,0,0,0,0,0,7,9,0,16,0,7,9,0,16,20,0,20,36
06/27/2021,VCV,CA,AWP,WE,Federal Contract Tower,0,0,0,0,0,0,6,4,0,10,0,6,4,0,10,0,0,0,10
06/28/2021,VCV,CA,AWP,WE,Federal Contract Tower,3,0,1,1,5,0,7,2,0,9,3,7,3,1,14,0,0,0,14
06/29/2021,VCV,CA,AWP,WE,Federal Contract Tower,0,0,0,0,0,0,2,0,0,2,0,2,0,0,2,0,0,0,2
06/30/2021,VCV,CA,AWP,WE,Federal Contract Tower,0,0,4,0,4,0,2,0,0,2,0,2,4,0,6,0,0,0,6
07/01/2021,VCV,CA,AWP,WE,Federal Contract Tower,2,0,1,1,4,0,7,8,1,16,2,7,9,2,20,14,0,14,34
07/02/2021,VCV,CA,AWP,WE,Federal Contract Tower,2,0,0,0,2,0,11,5,0,16,2,11,5,0,18,0,0,0,18
07/03/2021,VCV,CA,AWP,WE,Federal Contract Tower,0,0,1,0,1,0,4,3,0,7,0,4,4,0,8,16,0,16,24
07/04/2021,VCV,CA,AWP,WE,Federal Contract Tower,0,2,2,0,4,0,9,11,0,20,0,11,13,0,24,8,0,8,32
07/05/2021,VCV,CA,AWP,WE,Federal Contract Tower,0,0,0,2,2,0,6,22,0,28,0,6,22,2,30,18,0,18,48
07/06/2021,VCV,CA,AWP,WE,Federal Contract Tower,2,0,0,2,4,0,7,23,10,40,2,7,23,12,44,14,0,14,58
07/07/2021,VCV,CA,AWP,WE,Federal Contract Tower,2,2,0,4,8,0,7,18,7,32,2,9,18,11,40,6,12,18,58
07/08/2021,VCV,CA,AWP,WE,Federal Contract Tower,1,0,1,0,2,0,6,20,10,36,1,6,21,10,38,0,8,8,46
07/09/2021,VCV,CA,AWP,WE,Federal Contract Tower,1,0,0,0,1,0,4,13,4,21,1,4,13,4,22,0,0,0,22
07/10/2021,VCV,CA,AWP,WE,Federal Contract Tower,2,0,0,3,5,0,10,20,0,30,2,10,20,3,35,47,0,47,82
07/11/2021,VCV,CA,AWP,WE,Federal Contract Tower,1,0,1,0,2,0,6,4,0,10,1,6,5,0,12,26,0,26,38
07/12/2021,VCV,CA,AWP,WE,Federal Contract Tower,1,1,0,2,4,0,6,11,3,20,1,7,11,5,24,10,0,10,34
07/13/2021,VCV,CA,AWP,WE,Federal Contract Tower,0,1,2,10,13,0,3,7,7,17,0,4,9,17,30,6,4,10,40
07/14/2021,VCV,CA,AWP,WE,Federal Contract Tower,0,1,1,0,2,0,4,12,0,16,0,5,13,0,18,16,0,16,34
07/15/2021,VCV,CA,AWP,WE,Federal Contract Tower,4,12,2,3,21,0,15,12,1,28,4,27,14,4,49,42,12,54,103
07/16/2021,VCV,CA,AWP,WE,Federal Contract Tower,2,0,0,1,3,0,3,14,4,21,2,3,14,5,24,6,6,12,36
07/17/2021,VCV,CA,AWP,WE,Federal Contract Tower,2,0,0,0,2,0,4,10,0,14,2,4,10,0,16,52,0,52,68
07/18/2021,VCV,CA,AWP,WE,Federal Contract Tower,0,0,0,0,0,0,2,0,0,2,0,2,0,0,2,0,0,0,2
07/19/2021,VCV,CA,AWP,WE,Federal Contract Tower,0,0,1,4,5,0,11,2,5,18,0,11,3,9,23,0,13,13,36
07/20/2021,VCV,CA,AWP,WE,Federal Contract Tower,0,0,2,2,4,0,9,14,7,30,0,9,16,9,34,28,22,50,84
07/21/2021,VCV,CA,AWP,WE,Federal Contract Tower,1,3,3,0,7,0,4,1,11,16,1,7,4,11,23,4,0,4,27
07/22/2021,VCV,CA,AWP,WE,Federal Contract Tower,0,0,2,3,5,0,10,2,21,33,0,10,4,24,38,2,12,14,52
07/23/2021,VCV,CA,AWP,WE,Federal Contract Tower,4,0,2,3,9,0,5,1,3,9,4,5,3,6,18,0,12,12,30
07/24/2021,VCV,CA,AWP,WE,Federal Contract Tower,0,0,1,0,1,0,5,2,1,8,0,5,3,1,9,0,5,5,14
07/25/2021,VCV,CA,AWP,WE,Federal Contract Tower,0,0,0,0,0,0,4,2,0,6,0,4,2,0,6,0,0,0,6
07/26/2021,VCV,CA,AWP,WE,Federal Contract Tower,2,1,0,0,3,0,4,4,1,9,2,5,4,1,12,0,0,0,12
07/27/2021,VCV,CA,AWP,WE,Federal Contract Tower,1,2,3,2,8,0,6,6,0,12,1,8,9,2,20,6,0,6,26
07/28/2021,VCV,CA,AWP,WE,Federal Contract Tower,1,0,0,1,2,0,7,2,1,10,1,7,2,2,12,18,28,46,58
07/29/2021,VCV,CA,AWP,WE,Federal Contract Tower,3,5,2,1,11,0,7,6,6,19,3,12,8,7,30,8,6,14,44
07/30/2021,VCV,CA,AWP,WE,Federal Contract Tower,0,0,3,0,3,0,1,0,10,11,0,1,3,10,14,0,0,0,14
07/31/2021,VCV,CA,AWP,WE,Federal Contract Tower,0,0,0,0,0,0,8,12,10,30,0,8,12,10,30,0,0,0,30
08/01/2021,VCV,CA,AWP,WE,Federal Contract Tower,0,2,0,3,5,0,6,3,2,11,0,8,3,5,16,0,0,0,16
08/02/2021,VCV,CA,AWP,WE,Federal Contract Tower,2,0,0,0,2,0,10,1,0,11,2,10,1,0,13,0,0,0,13
08/03/2021,VCV,CA,AWP,WE,Federal Contract Tower,0,0,0,0,0,0,6,6,0,12,0,6,6,0,12,0,0,0,12
08/04/2021,VCV,CA,AWP,WE,Federal Contract Tower,0,0,0,0,0,0,10,4,0,14,0,10,4,0,14,0,0,0,14
08/05/2021,VCV,CA,AWP,WE,Federal Contract Tower,0,0,0,0,0,0,4,0,0,4,0,4,0,0,4,0,0,0,4
08/06/2021,VCV,CA,AWP,WE,Federal Contract Tower,2,0,0,1,3,0,4,0,1,5,2,4,0,2,8,0,2,2,10
08/07/2021,VCV,CA,AWP,WE,Federal Contract Tower,1,4,0,0,5,0,5,2,0,7,1,9,2,0,12,0,0,0,12
08/08/2021,VCV,CA,AWP,WE,Federal Contract Tower,0,0,3,0,3,0,8,7,0,15,0,8,10,0,18,0,0,0,18
08/09/2021,VCV,CA,AWP,WE,Federal Contract Tower,0,0,0,6,6,1,2,5,7,15,1,2,5,13,21,0,2,2,23
08/10/2021,VCV,CA,AWP,WE,Federal Contract Tower,1,2,0,0,3,0,11,12,2,25,1,13,12,2,28,12,0,12,40
08/11/2021,VCV,CA,AWP,WE,Federal Contract Tower,0,2,4,0,6,0,5,3,2,10,0,7,7,2,16,6,0,6,22
08/12/2021,VCV,CA,AWP,WE,Federal Contract Tower,2,1,4,0,7,0,6,9,6,21,2,7,13,6,28,36,0,36,64
08/13/2021,VCV,CA,AWP,WE,Federal Contract Tower,0,0,1,1,2,0,6,17,1,24,0,6,18,2,26,30,6,36,62
08/14/2021,VCV,CA,AWP,WE,Federal Contract Tower,0,0,0,0,0,0,7,7,0,14,0,7,7,0,14,40,0,40,54
08/15/2021,VCV,CA,AWP,WE,Federal Contract Tower,0,0,2,0,2,0,11,9,0,20,0,11,11,0,22,28,0,28,50
08/16/2021,VCV,CA,AWP,WE,Federal Contract Tower,1,1,0,2,4,0,7,10,0,17,1,8,10,2,21,10,0,10,31
08/17/2021,VCV,CA,AWP,WE,Federal Contract Tower,4,5,0,0,9,0,5,10,0,15,4,10,10,0,24,28,0,28,52
08/18/2021,VCV,CA,AWP,WE,Federal Contract Tower,4,0,0,3,7,0,5,1,3,9,4,5,1,6,16,0,14,14,30
08/19/2021,VCV,CA,AWP,WE,Federal Contract Tower,0,0,0,1,1,0,2,5,2,9,0,2,5,3,10,0,14,14,24
08/20/2021,VCV,CA,AWP,WE,Federal Contract Tower,2,0,2,2,6,0,1,8,0,9,2,1,10,2,15,0,0,0,15
08/21/2021,VCV,CA,AWP,WE,Federal Contract Tower,1,0,0,0,1,0,3,12,0,15,1,3,12,0,16,6,0,6,22
08/22/2021,VCV,CA,AWP,WE,Federal Contract Tower,0,0,0,0,0,0,4,2,0,6,0,4,2,0,6,4,0,4,10
08/23/2021,VCV,CA,AWP,WE,Federal Contract Tower,2,0,0,0,2,0,6,3,0,9,2,6,3,0,11,10,0,10,21
08/24/2021,VCV,CA,AWP,WE,Federal Contract Tower,0,0,0,0,0,0,4,2,2,8,0,4,2,2,8,2,4,6,14
08/25/2021,VCV,CA,AWP,WE,Federal Contract Tower,0,0,0,3,3,0,6,7,6,19,0,6,7,9,22,0,22,22,44
08/26/2021,VCV,CA,AWP,WE,Federal Contract Tower,2,2,0,0,4,0,4,0,0,4,2,6,0,0,8,0,0,0,8
08/27/2021,VCV,CA,AWP,WE,Federal Contract Tower,1,1,0,0,2,0,4,1,3,8,1,5,1,3,10,0,0,0,10
08/28/2021,VCV,CA,AWP,WE,Federal Contract Tower,0,1,0,0,1,0,10,8,5,23,0,11,8,5,24,18,0,18,42
08/29/2021,VCV,CA,AWP,WE,Federal Contract Tower,0,0,0,1,1,0,0,3,4,7,0,0,3,5,8,6,0,6,14
08/30/2021,VCV,CA,AWP,WE,Federal Contract Tower,0,2,0,0,2,0,5,7,0,12,0,7,7,0,14,6,0,6,20
08/31/2021,VCV,CA,AWP,WE,Federal Contract Tower,3,0,0,0,3,0,1,4,0,5,3,1,4,0,8,2,0,2,10
09/01/2021,VCV,CA,AWP,WE,Federal Contract Tower,0,2,1,0,3,0,3,6,4,13,0,5,7,4,16,50,0,50,66
09/02/2021,VCV,CA,AWP,WE,Federal Contract Tower,8,5,4,1,18,2,10,13,1,26,10,15,17,2,44,12,24,36,80
09/03/2021,VCV,CA,AWP,WE,Federal Contract Tower,0,0,0,0,0,0,8,10,0,18,0,8,10,0,18,6,0,6,24
09/04/2021,VCV,CA,AWP,WE,Federal Contract Tower,2,0,2,0,4,0,5,4,0,9,2,5,6,0,13,10,0,10,23
09/05/2021,VCV,CA,AWP,WE,Federal Contract Tower,0,0,1,0,1,0,3,4,2,9,0,3,5,2,10,0,8,8,18
09/06/2021,VCV,CA,AWP,WE,Federal Contract Tower,0,0,0,2,2,0,9,7,2,18,0,9,7,4,20,14,10,24,44
09/07/2021,VCV,CA,AWP,WE,Federal Contract Tower,2,2,0,1,5,0,8,9,0,17,2,10,9,1,22,0,0,0,22
09/08/2021,VCV,CA,AWP,WE,Federal Contract Tower,1,3,0,1,5,0,8,2,1,11,1,11,2,2,16,8,4,12,28
09/09/2021,VCV,CA,AWP,WE,Federal Contract Tower,0,0,1,0,1,0,3,8,0,11,0,3,9,0,12,2,0,2,14
09/10/2021,VCV,CA,AWP,WE,Federal Contract Tower,6,0,1,1,8,0,10,9,1,20,6,10,10,2,28,22,4,26,54
09/11/2021,VCV,CA,AWP,WE,Federal Contract Tower,1,12,0,0,13,0,3,12,0,15,1,15,12,0,28,2,12,14,42
09/12/2021,VCV,CA,AWP,WE,Federal Contract Tower,0,0,0,0,0,0,10,4,0,14,0,10,4,0,14,12,0,12,26
09/13/2021,VCV,CA,AWP,WE,Federal Contract Tower,2,5,3,7,17,0,9,11,12,32,2,14,14,19,49,6,18,24,73
09/14/2021,VCV,CA,AWP,WE,Federal Contract Tower,2,1,0,2,5,0,4,8,6,18,2,5,8,8,23,2,8,10,33
09/15/2021,VCV,CA,AWP,WE,Federal Contract Tower,2,3,0,0,5,0,9,12,2,23,2,12,12,2,28,14,0,14,42
09/16/2021,VCV,CA,AWP,WE,Federal Contract Tower,1,0,1,0,2,0,3,2,3,8,1,3,3,3,10,8,0,8,18
09/17/2021,VCV,CA,AWP,WE,Federal Contract Tower,1,0,0,3,4,0,3,4,1,8,1,3,4,4,12,14,6,20,32
09/18/2021,VCV,CA,AWP,WE,Federal Contract Tower,2,1,0,0,3,0,15,7,0,22,2,16,7,0,25,6,0,6,31
09/19/2021,VCV,CA,AWP,WE,Federal Contract Tower,0,0,1,0,1,0,4,6,0,10,0,4,7,0,11,4,0,4,15
09/20/2021,VCV,CA,AWP,WE,Federal Contract Tower,0,2,0,0,2,0,4,10,1,15,0,6,10,1,17,8,0,8,25
09/21/2021,VCV,CA,AWP,WE,Federal Contract Tower,5,5,0,0,10,0,2,4,6,12,5,7,4,6,22,0,0,0,22
09/22/2021,VCV,CA,AWP,WE,Federal Contract Tower,3,4,1,0,8,2,7,11,0,20,5,11,12,0,28,18,0,18,46
09/23/2021,VCV,CA,AWP,WE,Federal Contract Tower,1,0,5,3,9,0,4,19,8,31,1,4,24,11,40,50,2,52,92
09/24/2021,VCV,CA,AWP,WE,Federal Contract Tower,1,0,0,1,2,0,3,17,2,22,1,3,17,3,24,42,0,42,66
09/25/2021,VCV,CA,AWP,WE,Federal Contract Tower,0,0,0,0,0,0,6,5,3,14,0,6,5,3,14,4,0,4,18
09/26/2021,VCV,CA,AWP,WE,Federal Contract Tower,0,0,1,1,2,0,3,5,0,8,0,3,6,1,10,16,0,16,26
09/27/2021,VCV,CA,AWP,WE,Federal Contract Tower,1,0,5,1,7,0,4,13,0,17,1,4,18,1,24,12,0,12,36
09/28/2021,VCV,CA,AWP,WE,Federal Contract Tower,2,2,4,2,10,0,6,5,1,12,2,8,9,3,22,10,0,10,32
09/29/2021,VCV,CA,AWP,WE,Federal Contract Tower,5,0,6,2,13,0,5,18,0,23,5,5,24,2,36,14,0,14,50
09/30/2021,VCV,CA,AWP,WE,Federal Contract Tower,1,0,4,4,9,0,14,23,1,38,1,14,27,5,47,30,28,58,105
10/01/2021,VCV,CA,AWP,WE,Federal Contract Tower,1,0,2,0,3,0,2,7,2,11,1,2,9,2,14,0,18,18,32
10/02/2021,VCV,CA,AWP,WE,Federal Contract Tower,5,0,2,0,7,0,0,0,0,0,5,0,2,0,7,14,0,14,21
10/03/2021,VCV,CA,AWP,WE,Federal Contract Tower,0,2,0,0,2,0,6,5,2,13,0,8,5,2,15,0,0,0,15
10/04/2021,VCV,CA,AWP,WE,Federal Contract Tower,4,0,8,4,16,0,11,4,0,15,4,11,12,4,31,0,0,0,31
10/05/2021,VCV,CA,AWP,WE,Federal Contract Tower,5,4,6,1,16,0,4,8,1,13,5,8,14,2,29,40,0,40,69
10/06/2021,VCV,CA,AWP,WE,Federal Contract Tower,2,4,3,0,9,0,11,9,0,20,2,15,12,0,29,4,0,4,33
10/07/2021,VCV,CA,AWP,WE,Federal Contract Tower,1,0,0,0,1,0,1,7,0,8,1,1,7,0,9,0,0,0,9
10/08/2021,VCV,CA,AWP,WE,Federal Contract Tower,4,2,3,1,10,0,6,2,3,11,4,8,5,4,21,0,6,6,27
10/09/2021,VCV,CA,AWP,WE,Federal Contract Tower,4,0,2,1,7,0,13,13,4,30,4,13,15,5,37,24,8,32,69
10/10/2021,VCV,CA,AWP,WE,Federal Contract Tower,0,0,0,0,0,0,6,6,0,12,0,6,6,0,12,0,0,0,12
10/11/2021,VCV,CA,AWP,WE,Federal Contract Tower,2,0,0,0,2,0,0,0,0,0,2,0,0,0,2,0,0,0,2
10/12/2021,VCV,CA,AWP,WE,Federal Contract Tower,4,8,0,0,12,0,10,0,0,10,4,18,0,0,22,0,0,0,22
10/13/2021,VCV,CA,AWP,WE,Federal Contract Tower,3,2,0,2,7,0,0,0,0,0,3,2,0,2,7,0,4,4,11
10/14/2021,VCV,CA,AWP,WE,Federal Contract Tower,5,3,1,2,11,0,0,0,0,0,5,3,1,2,11,2,8,10,21
10/15/2021,VCV,CA,AWP,WE,Federal Contract Tower,3,0,1,0,4,0,2,10,0,12,3,2,11,0,16,8,0,8,24
10/16/2021,VCV,CA,AWP,WE,Federal Contract Tower,4,0,2,0,6,2,6,14,0,22,6,6,16,0,28,0,0,0,28
10/17/2021,VCV,CA,AWP,WE,Federal Contract Tower,0,5,0,0,5,0,5,6,0,11,0,10,6,0,16,0,0,0,16
10/18/2021,VCV,CA,AWP,WE,Federal Contract Tower,1,2,0,0,3,0,0,0,0,0,1,2,0,0,3,0,0,0,3
10/19/2021,VCV,CA,AWP,WE,Federal Contract Tower,8,1,0,3,12,0,0,0,0,0,8,1,0,3,12,4,0,4,16
10/20/2021,VCV,CA,AWP,WE,Federal Contract Tower,0,5,0,0,5,0,8,3,2,13,0,13,3,2,18,0,0,0,18
10/21/2021,VCV,CA,AWP,WE,Federal Contract Tower,0,0,1,0,1,0,6,16,2,24,0,6,17,2,25,14,0,14,39
10/22/2021,VCV,CA,AWP,WE,Federal Contract Tower,1,2,2,1,6,0,0,0,0,0,1,2,2,1,6,18,22,40,46
10/23/2021,VCV,CA,AWP,WE,Federal Contract Tower,0,4,0,0,4,0,2,8,0,10,0,6,8,0,14,48,0,48,62
10/24/2021,VCV,CA,AWP,WE,Federal Contract Tower,2,0,0,0,2,0,0,0,0,0,2,0,0,0,2,0,0,0,2
10/25/2021,VCV,CA,AWP,WE,Federal Contract Tower,2,0,0,1,3,0,0,0,0,0,2,0,0,1,3,0,8,8,11
10/26/2021,VCV,CA,AWP,WE,Federal Contract Tower,1,7,2,0,10,0,8,11,2,21,1,15,13,2,31,0,0,0,31
10/27/2021,VCV,CA,AWP,WE,Federal Contract Tower,1,5,3,2,11,0,4,18,0,22,1,9,21,2,33,28,0,28,61
10/28/2021,VCV,CA,AWP,WE,Federal Contract Tower,4,1,0,0,5,0,0,0,0,0,4,1,0,0,5,8,0,8,13
10/29/2021,VCV,CA,AWP,WE,Federal Contract Tower,2,0,5,0,7,2,4,13,2,21,4,4,18,2,28,4,6,10,38
10/30/2021,VCV,CA,AWP,WE,Federal Contract Tower,1,0,0,0,1,0,8,9,0,17,1,8,9,0,18,28,0,28,46
10/31/2021,VCV,CA,AWP,WE,Federal Contract Tower,0,0,3,0,3,0,8,5,0,13,0,8,8,0,16,8,0,8,24
11/01/2021,VCV,CA,AWP,WE,Federal Contract Tower,2,0,0,0,2,0,6,1,0,7,2,6,1,0,9,4,0,4,13
11/02/2021,VCV,CA,AWP,WE,Federal Contract Tower,4,0,1,0,5,0,0,0,0,0,4,0,1,0,5,8,0,8,13
11/03/2021,VCV,CA,AWP,WE,Federal Contract Tower,1,5,0,0,6,0,11,4,2,17,1,16,4,2,23,16,12,28,51
11/04/2021,VCV,CA,AWP,WE,Federal Contract Tower,0,7,0,0,7,0,12,6,6,24,0,19,6,6,31,8,20,28,59
11/05/2021,VCV,CA,AWP,WE,Federal Contract Tower,3,4,2,0,9,0,10,17,4,31,3,14,19,4,40,30,0,30,70
11/06/2021,VCV,CA,AWP,WE,Federal Contract Tower,1,5,2,0,8,0,14,17,0,31,1,19,19,0,39,38,0,38,77
11/07/2021,VCV,CA,AWP,WE,Federal Contract Tower,1,0,1,0,2,0,10,6,0,16,1,10,7,0,18,16,0,16,34
11/08/2021,VCV,CA,AWP,WE,Federal Contract Tower,3,0,4,3,10,0,6,23,0,29,3,6,27,3,39,6,16,22,61
11/09/2021,VCV,CA,AWP,WE,Federal Contract Tower,1,0,3,0,4,0,6,2,4,12,1,6,5,4,16,4,30,34,50
11/10/2021,VCV,CA,AWP,WE,Federal Contract Tower,1,2,2,0,5,0,14,7,0,21,1,16,9,0,26,34,0,34,60
11/11/2021,VCV,CA,AWP,WE,Federal Contract Tower,2,3,0,0,5,0,9,9,0,18,2,12,9,0,23,30,0,30,53
11/12/2021,VCV,CA,AWP,WE,Federal Contract Tower,1,4,1,0,6,0,7,5,0,12,1,11,6,0,18,18,0,18,36
11/13/2021,VCV,CA,AWP,WE,Federal Contract Tower,0,0,2,0,2,0,4,5,0,9,0,4,7,0,11,14,0,14,25
11/14/2021,VCV,CA,AWP,WE,Federal Contract Tower,1,1,0,0,2,0,7,14,0,21,1,8,14,0,23,2,0,2,25
11/15/2021,VCV,CA,AWP,WE,Federal Contract Tower,0,5,0,0,5,0,7,5,2,14,0,12,5,2,19,0,16,16,35
11/16/2021,VCV,CA,AWP,WE,Federal Contract Tower,1,7,2,2,12,0,17,7,7,31,1,24,9,9,43,6,12,18,61
11/17/2021,VCV,CA,AWP,WE,Federal Contract Tower,1,4,1,1,7,0,3,14,1,18,1,7,15,2,25,14,14,28,53
11/18/2021,VCV,CA,AWP,WE,Federal Contract Tower,1,5,4,1,11,0,8,7,0,15,1,13,11,1,26,20,22,42,68
11/19/2021,VCV,CA,AWP,WE,Federal Contract Tower,2,3,1,7,13,0,9,7,8,24,2,12,8,15,37,28,28,56,93
11/20/2021,VCV,CA,AWP,WE,Federal Contract Tower,0,1,3,1,5,0,4,12,0,16,0,5,15,1,21,26,6,32,53
11/21/2021,VCV,CA,AWP,WE,Federal Contract Tower,0,0,4,1,5,0,10,13,1,24,0,10,17,2,29,16,8,24,53
11/22/2021,VCV,CA,AWP,WE,Federal Contract Tower,2,1,1,0,4,0,7,7,0,14,2,8,8,0,18,16,0,16,34
11/23/2021,VCV,CA,AWP,WE,Federal Contract Tower,2,14,1,0,17,0,5,14,2,21,2,19,15,2,38,12,0,12,50
11/24/2021,VCV,CA,AWP,WE,Federal Contract Tower,3,0,2,3,8,0,4,13,1,18,3,4,15,4,26,10,14,24,50
11/25/2021,VCV,CA,AWP,WE,Federal Contract Tower,0,0,0,0,0,0,7,1,0,8,0,7,1,0,8,0,0,0,8
11/26/2021,VCV,CA,AWP,WE,Federal Contract Tower,0,0,2,0,2,0,12,8,0,20,0,12,10,0,22,2,0,2,24
11/27/2021,VCV,CA,AWP,WE,Federal Contract Tower,1,2,0,2,5,0,7,8,0,15,1,9,8,2,20,12,2,14,34
11/28/2021,VCV,CA,AWP,WE,Federal Contract Tower,1,0,0,0,1,0,9,8,0,17,1,9,8,0,18,0,0,0,18
11/29/2021,VCV,CA,AWP,WE,Federal Contract Tower,0,2,0,0,2,0,5,3,2,10,0,7,3,2,12,0,12,12,24
11/30/2021,VCV,CA,AWP,WE,Federal Contract Tower,1,0,0,0,1,0,15,5,2,22,1,15,5,2,23,6,0,6,29
12/01/2021,VCV,CA,AWP,WE,Federal Contract Tower,3,7,2,1,13,0,7,7,3,17,3,14,9,4,30,10,6,16,46
12/02/2021,VCV,CA,AWP,WE,Federal Contract Tower,3,0,4,0,7,0,15,14,10,39,3,15,18,10,46,10,2,12,58
12/03/2021,VCV,CA,AWP,WE,Federal Contract Tower,0,3,5,2,10,0,7,16,5,28,0,10,21,7,38,26,10,36,74
12/04/2021,VCV,CA,AWP,WE,Federal Contract Tower,2,0,10,0,12,0,8,9,4,21,2,8,19,4,33,8,0,8,41
12/05/2021,VCV,CA,AWP,WE,Federal Contract Tower,1,3,0,0,4,0,7,2,0,9,1,10,2,0,13,0,0,0,13
12/06/2021,VCV,CA,AWP,WE,Federal Contract Tower,1,6,2,1,10,0,9,5,2,16,1,15,7,3,26,2,4,6,32
12/07/2021,VCV,CA,AWP,WE,Federal Contract Tower,3,0,0,10,13,0,9,4,0,13,3,9,4,10,26,16,10,26,52
12/08/2021,VCV,CA,AWP,WE,Federal Contract Tower,1,7,0,0,8,0,5,12,0,17,1,12,12,0,25,12,0,12,37
12/09/2021,VCV,CA,AWP,WE,Federal Contract Tower,0,18,6,14,38,0,1,2,4,7,0,19,8,18,45,10,30,40,85
12/10/2021,VCV,CA,AWP,WE,Federal Contract Tower,1,0,6,4,11,0,12,14,1,27,1,12,20,5,38,26,6,32,70
12/11/2021,VCV,CA,AWP,WE,Federal Contract Tower,2,2,0,0,4,0,23,3,0,26,2,25,3,0,30,12,0,12,42
12/12/2021,VCV,CA,AWP,WE,Federal Contract Tower,0,13,0,0,13,0,15,8,0,23,0,28,8,0,36,8,0,8,44
12/13/2021,VCV,CA,AWP,WE,Federal Contract Tower,3,2,2,4,11,0,3,17,2,22,3,5,19,6,33,0,22,22,55
12/14/2021,VCV,CA,AWP,WE,Federal Contract Tower,0,1,0,0,1,0,2,0,0,2,0,3,0,0,3,0,0,0,3
12/15/2021,VCV,CA,AWP,WE,Federal Contract Tower,3,8,1,1,13,2,8,23,15,48,5,16,24,16,61,4,0,4,65
12/16/2021,VCV,CA,AWP,WE,Federal Contract Tower,2,1,12,0,15,0,5,10,6,21,2,6,22,6,36,6,4,10,46
12/17/2021,VCV,CA,AWP,WE,Federal Contract Tower,1,1,18,2,22,0,7,34,0,41,1,8,52,2,63,18,0,18,81
12/18/2021,VCV,CA,AWP,WE,Federal Contract Tower,2,11,3,0,16,0,12,4,2,18,2,23,7,2,34,4,6,10,44
12/19/2021,VCV,CA,AWP,WE,Federal Contract Tower,2,2,4,0,8,0,23,8,4,35,2,25,12,4,43,22,14,36,79
12/20/2021,VCV,CA,AWP,WE,Federal Contract Tower,0,3,5,1,9,0,7,10,2,19,0,10,15,3,28,24,12,36,64
12/21/2021,VCV,CA,AWP,WE,Federal Contract Tower,1,7,0,2,10,0,2,14,4,20,1,9,14,6,30,0,22,22,52
12/22/2021,VCV,CA,AWP,WE,Federal Contract Tower,2,3,6,0,11,0,2,11,0,13,2,5,17,0,24,6,0,6,30
12/23/2021,VCV,CA,AWP,WE,Federal Contract Tower,1,0,0,0,1,0,5,1,0,6,1,5,1,0,7,0,0,0,7
12/24/2021,VCV,CA,AWP,WE,Federal Contract Tower,0,0,0,0,0,0,1,5,0,6,0,1,5,0,6,2,0,2,8
12/25/2021,VCV,CA,AWP,WE,Federal Contract Tower,0,0,0,0,0,0,2,0,0,2,0,2,0,0,2,0,0,0,2
12/26/2021,VCV,CA,AWP,WE,Federal Contract Tower,0,0,1,0,1,0,12,3,0,15,0,12,4,0,16,6,0,6,22
12/27/2021,VCV,CA,AWP,WE,Federal Contract Tower,0,0,1,1,2,0,3,4,1,8,0,3,5,2,10,0,24,24,34
12/28/2021,VCV,CA,AWP,WE,Federal Contract Tower,1,1,5,0,7,0,2,5,0,7,1,3,10,0,14,0,0,0,14
12/29/2021,VCV,CA,AWP,WE,Federal Contract Tower,1,0,0,0,1,0,1,3,0,4,1,1,3,0,5,0,0,0,5
12/30/2021,VCV,CA,AWP,WE,Federal Contract Tower,1,0,0,0,1,0,0,8,0,8,1,0,8,0,9,6,0,6,15
12/31/2021,VCV,CA,AWP,WE,Federal Contract Tower,0,0,6,0,6,0,2,13,0,15,0,2,19,0,21,6,0,6,27
01/01/2022,VCV,CA,AWP,WE,Federal Contract Tower,0,0,0,0,0,0,4,3,0,7,0,4,3,0,7,2,0,2,9
01/02/2022,VCV,CA,AWP,WE,Federal Contract Tower,0,1,6,0,7,0,6,6,0,12,0,7,12,0,19,20,0,20,39
01/03/2022,VCV,CA,AWP,WE,Federal Contract Tower,1,0,6,0,7,0,6,4,0,10,1,6,10,0,17,12,0,12,29
01/04/2022,VCV,CA,AWP,WE,Federal Contract Tower,1,0,1,3,5,0,3,5,1,9,1,3,6,4,14,16,0,16,30
01/05/2022,VCV,CA,AWP,WE,Federal Contract Tower,3,2,3,1,9,0,2,15,0,17,3,4,18,1,26,71,0,71,97
01/06/2022,VCV,CA,AWP,WE,Federal Contract Tower,0,4,0,4,8,0,0,14,2,16,0,4,14,6,24,16,15,31,55
01/07/2022,VCV,CA,AWP,WE,Federal Contract Tower,4,2,3,3,12,0,0,8,1,9,4,2,11,4,21,2,17,19,40
01/08/2022,VCV,CA,AWP,WE,Federal Contract Tower,0,3,2,0,5,0,5,10,0,15,0,8,12,0,20,14,0,14,34
01/09/2022,VCV,CA,AWP,WE,Federal Contract Tower,2,8,1,0,11,0,14,11,0,25,2,22,12,0,36,18,0,18,54
01/10/2022,VCV,CA,AWP,WE,Federal Contract Tower,2,0,0,0,2,0,13,5,0,18,2,13,5,0,20,0,0,0,20
01/11/2022,VCV,CA,AWP,WE,Federal Contract Tower,0,2,3,8,13,0,1,10,2,13,0,3,13,10,26,10,0,10,36
01/12/2022,VCV,CA,AWP,WE,Federal Contract Tower,2,4,2,0,8,0,2,9,0,11,2,6,11,0,19,40,0,40,59
01/13/2022,VCV,CA,AWP,WE,Federal Contract Tower,2,0,4,4,10,1,2,5,0,8,3,2,9,4,18,18,4,22,40
01/14/2022,VCV,CA,AWP,WE,Federal Contract Tower,0,0,13,0,13,0,2,11,2,15,0,2,24,2,28,10,68,78,106
01/15/2022,VCV,CA,AWP,WE,Federal Contract Tower,0,0,3,0,3,0,7,12,8,27,0,7,15,8,30,10,0,10,40
01/16/2022,VCV,CA,AWP,WE,Federal Contract Tower,1,0,2,0,3,0,6,5,0,11,1,6,7,0,14,8,0,8,22
01/17/2022,VCV,CA,AWP,WE,Federal Contract Tower,2,0,2,0,4,0,4,4,0,8,2,4,6,0,12,2,0,2,14
01/18/2022,VCV,CA,AWP,WE,Federal Contract Tower,4,4,1,4,13,0,2,13,0,15,4,6,14,4,28,22,12,34,62
01/19/2022,VCV,CA,AWP,WE,Federal Contract Tower,1,4,2,2,9,0,1,23,2,26,1,5,25,4,35,0,0,0,35
01/20/2022,VCV,CA,AWP,WE,Federal Contract Tower,1,0,3,1,5,0,3,7,4,14,1,3,10,5,19,16,2,18,37
01/21/2022,VCV,CA,AWP,WE,Federal Contract Tower,2,0,2,0,4,1,6,8,0,15,3,6,10,0,19,2,0,2,21
01/22/2022,VCV,CA,AWP,WE,Federal Contract Tower,1,0,1,0,2,0,5,6,0,11,1,5,7,0,13,6,0,6,19
01/23/2022,VCV,CA,AWP,WE,Federal Contract Tower,0,0,1,1,2,0,1,12,1,14,0,1,13,2,16,2,8,10,26
01/24/2022,VCV,CA,AWP,WE,Federal Contract Tower,0,0,2,5,7,0,8,23,4,35,0,8,25,9,42,16,30,46,88
01/25/2022,VCV,CA,AWP,WE,Federal Contract Tower,3,4,7,7,21,0,1,8,1,10,3,5,15,8,31,5,20,25,56
01/26/2022,VCV,CA,AWP,WE,Federal Contract Tower,0,5,6,0,11,0,7,19,2,28,0,12,25,2,39,0,0,0,39
01/27/2022,VCV,CA,AWP,WE,Federal Contract Tower,1,1,2,2,6,0,0,11,4,15,1,1,13,6,21,47,0,47,68
01/28/2022,VCV,CA,AWP,WE,Federal Contract Tower,1,0,1,1,3,0,4,3,1,8,1,4,4,2,11,0,10,10,21
01/29/2022,VCV,CA,AWP,WE,Federal Contract Tower,0,0,6,0,6,0,6,12,0,18,0,6,18,0,24,6,0,6,30
01/30/2022,VCV,CA,AWP,WE,Federal Contract Tower,1,0,3,0,4,0,5,13,0,18,1,5,16,0,22,14,0,14,36
01/31/2022,VCV,CA,AWP,WE,Federal Contract Tower,3,0,0,0,3,0,7,18,2,27,3,7,18,2,30,4,8,12,42
02/01/2022,VCV,CA,AWP,WE,Federal Contract Tower,2,0,11,2,15,0,9,11,2,22,2,9,22,4,37,6,0,6,43
02/02/2022,VCV,CA,AWP,WE,Federal Contract Tower,1,4,4,0,9,0,6,2,0,8,1,10,6,0,17,0,0,0,17
02/03/2022,VCV,CA,AWP,WE,Federal Contract Tower,0,0,6,0,6,0,14,20,0,34,0,14,26,0,40,20,0,20,60
02/04/2022,VCV,CA,AWP,WE,Federal Contract Tower,5,1,1,0,7,1,8,1,0,10,6,9,2,0,17,2,0,2,19
02/05/2022,VCV,CA,AWP,WE,Federal Contract Tower,4,0,2,0,6,0,7,10,0,17,4,7,12,0,23,16,0,16,39
02/06/2022,VCV,CA,AWP,WE,Federal Contract Tower,1,0,0,0,1,0,7,5,0,12,1,7,5,0,13,6,0,6,19
02/07/2022,VCV,CA,AWP,WE,Federal Contract Tower,2,0,2,2,6,0,3,9,0,12,2,3,11,2,18,6,0,6,24
02/08/2022,VCV,CA,AWP,WE,Federal Contract Tower,1,1,1,0,3,0,9,10,0,19,1,10,11,0,22,5,0,5,27
02/09/2022,VCV,CA,AWP,WE,Federal Contract Tower,4,2,0,0,6,0,10,11,0,21,4,12,11,0,27,52,0,52,79
02/10/2022,VCV,CA,AWP,WE,Federal Contract Tower,0,0,4,2,6,0,10,6,3,19,0,10,10,5,25,10,0,10,35
02/11/2022,VCV,CA,AWP,WE,Federal Contract Tower,5,2,1,0,8,0,14,9,2,25,5,16,10,2,33,14,0,14,47
02/12/2022,VCV,CA,AWP,WE,Federal Contract Tower,5,1,5,0,11,0,8,18,0,26,5,9,23,0,37,48,0,48,85
02/13/2022,VCV,CA,AWP,WE,Federal Contract Tower,0,0,0,0,0,0,9,1,1,11,0,9,1,1,11,4,2,6,17
02/14/2022,VCV,CA,AWP,WE,Federal Contract Tower,4,1,2,0,7,0,11,1,0,12,4,12,3,0,19,8,0,8,27
02/15/2022,VCV,CA,AWP,WE,Federal Contract Tower,3,4,0,0,7,2,0,2,4,8,5,4,2,4,15,6,0,6,21
02/16/2022,VCV,CA,AWP,WE,Federal Contract Tower,3,9,3,0,15,1,12,6,0,19,4,21,9,0,34,5,0,5,39
02/17/2022,VCV,CA,AWP,WE,Federal Contract Tower,5,0,0,0,5,0,3,7,2,12,5,3,7,2,17,0,0,0,17
02/18/2022,VCV,CA,AWP,WE,Federal Contract Tower,3,0,0,0,3,0,15,14,0,29,3,15,14,0,32,7,0,7,39
02/19/2022,VCV,CA,AWP,WE,Federal Contract Tower,3,0,0,0,3,0,8,5,0,13,3,8,5,0,16,6,0,6,22
02/20/2022,VCV,CA,AWP,WE,Federal Contract Tower,3,0,1,0,4,27,14,27,0,68,30,14,28,0,72,46,0,46,118
02/21/2022,VCV,CA,AWP,WE,Federal Contract Tower,4,1,0,0,5,0,1,0,0,1,4,2,0,0,6,0,0,0,6
02/22/2022,VCV,CA,AWP,WE,Federal Contract Tower,2,2,0,0,4,0,3,0,0,3,2,5,0,0,7,0,0,0,7
02/23/2022,VCV,CA,AWP,WE,Federal Contract Tower,9,5,0,4,18,1,7,5,0,13,10,12,5,4,31,7,10,17,48
02/24/2022,VCV,CA,AWP,WE,Federal Contract Tower,13,7,3,0,23,0,12,22,0,34,13,19,25,0,57,12,0,12,69
02/25/2022,VCV,CA,AWP,WE,Federal Contract Tower,3,0,7,0,10,0,6,12,1,19,3,6,19,1,29,11,8,19,48
02/26/2022,VCV,CA,AWP,WE,Federal Contract Tower,2,0,4,3,9,1,6,20,4,31,3,6,24,7,40,30,6,36,76
02/27/2022,VCV,CA,AWP,WE,Federal Contract Tower,1,2,1,0,4,0,12,5,0,17,1,14,6,0,21,10,0,10,31
02/28/2022,VCV,CA,AWP,WE,Federal Contract Tower,2,1,3,0,6,0,18,14,0,32,2,19,17,0,38,24,0,24,62
03/01/2022,VCV,CA,AWP,WE,Federal Contract Tower,2,15,1,2,20,1,9,13,6,29,3,24,14,8,49,32,14,46,95
03/02/2022,VCV,CA,AWP,WE,Federal Contract Tower,2,7,2,0,11,3,25,22,0,50,5,32,24,0,61,24,0,24,85
03/03/2022,VCV,CA,AWP,WE,Federal Contract Tower,2,0,6,2,10,1,10,24,6,41,3,10,30,8,51,26,0,26,77
03/04/2022,VCV,CA,AWP,WE,Federal Contract Tower,2,3,2,0,7,0,3,2,0,5,2,6,4,0,12,2,0,2,14
03/05/2022,VCV,CA,AWP,WE,Federal Contract Tower,0,0,0,0,0,0,6,0,0,6,0,6,0,0,6,0,0,0,6
03/06/2022,VCV,CA,AWP,WE,Federal Contract Tower,2,0,1,0,3,0,9,5,0,14,2,9,6,0,17,0,0,0,17
03/07/2022,VCV,CA,AWP,WE,Federal Contract Tower,1,0,1,2,4,0,8,15,6,29,1,8,16,8,33,8,32,40,73
03/08/2022,VCV,CA,AWP,WE,Federal Contract Tower,2,2,1,0,5,0,18,9,6,33,2,20,10,6,38,6,0,6,44
03/09/2022,VCV,CA,AWP,WE,Federal Contract Tower,1,4,0,0,5,0,8,2,2,12,1,12,2,2,17,0,8,8,25
03/10/2022,VCV,CA,AWP,WE,Federal Contract Tower,1,1,0,0,2,0,4,6,1,11,1,5,6,1,13,8,11,19,32
03/11/2022,VCV,CA,AWP,WE,Federal Contract Tower,0,1,2,4,7,0,3,23,0,26,0,4,25,4,33,0,0,0,33
03/12/2022,VCV,CA,AWP,WE,Federal Contract Tower,0,0,0,0,0,0,3,14,0,17,0,3,14,0,17,16,0,16,33
03/13/2022,VCV,CA,AWP,WE,Federal Contract Tower,0,0,2,0,2,0,4,13,0,17,0,4,15,0,19,8,0,8,27
03/14/2022,VCV,CA,AWP,WE,Federal Contract Tower,2,0,0,2,4,0,30,2,10,42,2,30,2,12,46,8,0,8,54
03/15/2022,VCV,CA,AWP,WE,Federal Contract Tower,2,3,0,0,5,0,5,13,2,20,2,8,13,2,25,4,0,4,29
03/16/2022,VCV,CA,AWP,WE,Federal Contract Tower,1,7,0,2,10,0,14,17,4,35,1,21,17,6,45,24,0,24,69
03/17/2022,VCV,CA,AWP,WE,Federal Contract Tower,2,1,3,3,9,0,4,14,2,20,2,5,17,5,29,10,0,10,39
03/18/2022,VCV,CA,AWP,WE,Federal Contract Tower,1,0,3,0,4,0,6,10,0,16,1,6,13,0,20,2,0,2,22
03/19/2022,VCV,CA,AWP,WE,Federal Contract Tower,0,0,6,0,6,0,11,8,2,21,0,11,14,2,27,6,4,10,37
03/20/2022,VCV,CA,AWP,WE,Federal Contract Tower,0,1,0,0,1,0,6,2,0,8,0,7,2,0,9,2,0,2,11
03/21/2022,VCV,CA,AWP,WE,Federal Contract Tower,1,0,0,0,1,0,5,2,0,7,1,5,2,0,8,2,0,2,10
03/22/2022,VCV,CA,AWP,WE,Federal Contract Tower,1,0,0,1,2,0,6,5,8,19,1,6,5,9,21,7,12,19,40
03/23/2022,VCV,CA,AWP,WE,Federal Contract Tower,3,4,0,1,8,0,8,8,2,18,3,12,8,3,26,6,18,24,50
03/24/2022,VCV,CA,AWP,WE,Federal Contract Tower,2,3,5,3,13,0,9,14,4,27,2,12,19,7,40,16,0,16,56
03/25/2022,VCV,CA,AWP,WE,Federal Contract Tower,0,2,2,0,4,0,5,12,0,17,0,7,14,0,21,16,0,16,37
03/26/2022,VCV,CA,AWP,WE,Federal Contract Tower,0,0,0,0,0,0,6,7,4,17,0,6,7,4,17,14,0,14,31
03/27/2022,VCV,CA,AWP,WE,Federal Contract Tower,0,1,0,0,1,0,4,1,0,5,0,5,1,0,6,0,0,0,6
03/28/2022,VCV,CA,AWP,WE,Federal Contract Tower,0,0,1,0,1,0,0,1,0,1,0,0,2,0,2,0,0,0,2
03/29/2022,VCV,CA,AWP,WE,Federal Contract Tower,1,6,0,1,8,0,7,4,1,12,1,13,4,2,20,11,0,11,31
03/30/2022,VCV,CA,AWP,WE,Federal Contract Tower,2,6,2,2,12,1,5,9,4,19,3,11,11,6,31,6,18,24,55
03/31/2022,VCV,CA,AWP,WE,Federal Contract Tower,1,5,1,0,7,0,4,16,4,24,1,9,17,4,31,16,6,22,53
04/01/2022,VCV,CA,AWP,WE,Federal Contract Tower,0,0,0,0,0,0,2,13,0,15,0,2,13,0,15,10,0,10,25
04/02/2022,VCV,CA,AWP,WE,Federal Contract Tower,3,0,1,0,4,0,10,7,0,17,3,10,8,0,21,20,0,20,41
04/03/2022,VCV,CA,AWP,WE,Federal Contract Tower,1,2,4,0,7,0,5,6,0,11,1,7,10,0,18,0,0,0,18
04/04/2022,VCV,CA,AWP,WE,Federal Contract Tower,0,3,1,3,7,0,8,5,1,14,0,11,6,4,21,6,22,28,49
04/05/2022,VCV,CA,AWP,WE,Federal Contract Tower,7,4,1,0,12,0,7,12,10,29,7,11,13,10,41,14,0,14,55
04/06/2022,VCV,CA,AWP,WE,Federal Contract Tower,2,2,2,0,6,0,7,10,0,17,2,9,12,0,23,18,0,18,41
04/07/2022,VCV,CA,AWP,WE,Federal Contract Tower,1,1,3,0,5,0,4,3,0,7,1,5,6,0,12,0,0,0,12
04/08/2022,VCV,CA,AWP,WE,Federal Contract Tower,1,2,0,0,3,0,7,7,0,14,1,9,7,0,17,6,0,6,23
04/09/2022,VCV,CA,AWP,WE,Federal Contract Tower,2,0,0,0,2,0,13,5,0,18,2,13,5,0,20,2,0,2,22
04/10/2022,VCV,CA,AWP,WE,Federal Contract Tower,0,0,0,1,1,0,8,9,0,17,0,8,9,1,18,16,0,16,34
04/11/2022,VCV,CA,AWP,WE,Federal Contract Tower,1,3,0,1,5,0,5,0,2,7,1,8,0,3,12,0,0,0,12
04/12/2022,VCV,CA,AWP,WE,Federal Contract Tower,4,2,1,7,14,0,5,7,9,21,4,7,8,16,35,2,2,4,39
04/13/2022,VCV,CA,AWP,WE,Federal Contract Tower,1,4,4,1,10,0,8,3,8,19,1,12,7,9,29,0,0,0,29
04/14/2022,VCV,CA,AWP,WE,Federal Contract Tower,0,4,3,2,9,0,8,11,5,24,0,12,14,7,33,4,6,10,43
04/15/2022,VCV,CA,AWP,WE,Federal Contract Tower,1,3,2,0,6,0,9,9,0,18,1,12,11,0,24,6,0,6,30
04/16/2022,VCV,CA,AWP,WE,Federal Contract Tower,0,0,0,0,0,0,7,3,0,10,0,7,3,0,10,2,0,2,12
04/17/2022,VCV,CA,AWP,WE,Federal Contract Tower,0,0,0,0,0,0,3,14,0,17,0,3,14,0,17,8,0,8,25
04/18/2022,VCV,CA,AWP,WE,Federal Contract Tower,0,0,2,0,2,0,4,10,0,14,0,4,12,0,16,2,0,2,18
04/19/2022,VCV,CA,AWP,WE,Federal Contract Tower,0,6,1,2,9,0,10,2,0,12,0,16,3,2,21,2,0,2,23
04/20/2022,VCV,CA,AWP,WE,Federal Contract Tower,4,5,0,0,9,0,10,6,0,16,4,15,6,0,25,14,0,14,39
04/21/2022,VCV,CA,AWP,WE,Federal Contract Tower,0,1,1,0,2,0,8,11,4,23,0,9,12,4,25,4,25,29,54
04/22/2022,VCV,CA,AWP,WE,Federal Contract Tower,1,1,0,0,2,0,2,2,0,4,1,3,2,0,6,0,0,0,6
04/23/2022,VCV,CA,AWP,WE,Federal Contract Tower,2,0,0,2,4,0,9,1,0,10,2,9,1,2,14,0,0,0,14
04/24/2022,VCV,CA,AWP,WE,Federal Contract Tower,1,0,2,0,3,0,8,5,0,13,1,8,7,0,16,8,0,8,24
04/25/2022,VCV,CA,AWP,WE,Federal Contract Tower,4,0,4,0,8,0,13,11,0,24,4,13,15,0,32,2,0,2,34
04/26/2022,VCV,CA,AWP,WE,Federal Contract Tower,2,3,1,2,8,0,5,8,0,13,2,8,9,2,21,16,0,16,37
04/27/2022,VCV,CA,AWP,WE,Federal Contract Tower,2,9,0,3,14,0,6,8,0,14,2,15,8,3,28,6,0,6,34
04/28/2022,VCV,CA,AWP,WE,Federal Contract Tower,1,0,1,1,3,0,6,2,5,13,1,6,3,6,16,0,2,2,18
04/29/2022,VCV,CA,AWP,WE,Federal Contract Tower,2,1,0,0,3,0,5,19,2,26,2,6,19,2,29,14,0,14,43
04/30/2022,VCV,CA,AWP,WE,Federal Contract Tower,1,0,0,0,1,0,11,4,16,31,1,11,4,16,32,14,0,14,46
05/01/2022,VCV,CA,AWP,WE,Federal Contract Tower,1,0,0,0,1,0,14,10,0,24,1,14,10,0,25,22,0,22,47
05/02/2022,VCV,CA,AWP,WE,Federal Contract Tower,4,1,6,2,13,0,26,7,2,35,4,27,13,4,48,0,0,0,48
05/03/2022,VCV,CA,AWP,WE,Federal Contract Tower,4,2,5,0,11,0,9,20,0,29,4,11,25,0,40,39,0,39,79
05/04/2022,VCV,CA,AWP,WE,Federal Contract Tower,2,3,1,1,7,0,11,2,3,16,2,14,3,4,23,0,20,20,43
05/05/2022,VCV,CA,AWP,WE,Federal Contract Tower,2,7,1,0,10,0,7,6,2,15,2,14,7,2,25,3,8,11,36
05/06/2022,VCV,CA,AWP,WE,Federal Contract Tower,4,0,0,0,4,0,9,4,2,15,4,9,4,2,19,0,2,2,21
05/07/2022,VCV,CA,AWP,WE,Federal Contract Tower,0,2,0,3,5,0,10,0,5,15,0,12,0,8,20,0,4,4,24
05/08/2022,VCV,CA,AWP,WE,Federal Contract Tower,0,0,0,0,0,0,9,2,0,11,0,9,2,0,11,0,0,0,11
05/09/2022,VCV,CA,AWP,WE,Federal Contract Tower,2,3,0,0,5,0,10,2,0,12,2,13,2,0,17,4,0,4,21
05/10/2022,VCV,CA,AWP,WE,Federal Contract Tower,5,7,5,0,17,0,6,4,0,10,5,13,9,0,27,8,2,10,37
05/11/2022,VCV,CA,AWP,WE,Federal Contract Tower,3,4,0,0,7,0,7,5,3,15,3,11,5,3,22,10,6,16,38
05/12/2022,VCV,CA,AWP,WE,Federal Contract Tower,3,0,2,0,5,0,15,18,4,37,3,15,20,4,42,26,2,28,70
05/13/2022,VCV,CA,AWP,WE,Federal Contract Tower,4,0,3,0,7,0,6,19,0,25,4,6,22,0,32,13,0,13,45
05/14/2022,VCV,CA,AWP,WE,Federal Contract Tower,3,0,0,3,6,0,10,3,3,16,3,10,3,6,22,10,2,12,34
05/15/2022,VCV,CA,AWP,WE,Federal Contract Tower,0,0,1,0,1,0,10,2,0,12,0,10,3,0,13,2,0,2,15
05/16/2022,VCV,CA,AWP,WE,Federal Contract Tower,6,2,0,1,9,0,17,16,3,36,6,19,16,4,45,0,0,0,45
05/17/2022,VCV,CA,AWP,WE,Federal Contract Tower,3,2,3,27,35,3,13,13,2,31,6,15,16,29,66,2,4,6,72
05/18/2022,VCV,CA,AWP,WE,Federal Contract Tower,4,2,16,0,22,0,10,18,0,28,4,12,34,0,50,4,0,4,54
05/19/2022,VCV,CA,AWP,WE,Federal Contract Tower,4,0,1,4,9,2,13,3,2,20,6,13,4,6,29,12,4,16,45
05/20/2022,VCV,CA,AWP,WE,Federal Contract Tower,2,0,0,0,2,2,13,0,0,15,4,13,0,0,17,0,0,0,17
05/21/2022,VCV,CA,AWP,WE,Federal Contract Tower,4,0,0,0,4,0,15,8,0,23,4,15,8,0,27,14,0,14,41
05/22/2022,VCV,CA,AWP,WE,Federal Contract Tower,2,0,0,0,2,0,10,6,0,16,2,10,6,0,18,12,0,12,30
05/23/2022,VCV,CA,AWP,WE,Federal Contract Tower,4,0,0,2,6,0,7,4,0,11,4,7,4,2,17,6,26,32,49
05/24/2022,VCV,CA,AWP,WE,Federal Contract Tower,1,5,4,0,10,0,7,6,5,18,1,12,10,5,28,10,36,46,74
05/25/2022,VCV,CA,AWP,WE,Federal Contract Tower,4,2,2,4,12,0,5,7,6,18,4,7,9,10,30,0,53,53,83
05/26/2022,VCV,CA,AWP,WE,Federal Contract Tower,4,2,5,0,11,0,7,5,0,12,4,9,10,0,23,15,0,15,38
05/27/2022,VCV,CA,AWP,WE,Federal Contract Tower,6,0,2,3,11,0,11,6,2,19,6,11,8,5,30,4,12,16,46
05/28/2022,VCV,CA,AWP,WE,Federal Contract Tower,1,0,0,2,3,0,3,0,1,4,1,3,0,3,7,0,0,0,7
05/29/2022,VCV,CA,AWP,WE,Federal Contract Tower,0,0,0,0,0,0,3,0,0,3,0,3,0,0,3,0,0,0,3
05/30/2022,VCV,CA,AWP,WE,Federal Contract Tower,5,0,0,0,5,0,3,4,0,7,5,3,4,0,12,12,0,12,24
05/31/2022,VCV,CA,AWP,WE,Federal Contract Tower,6,6,1,1,14,0,9,8,12,29,6,15,9,13,43,0,11,11,54
06/01/2022,VCV,CA,AWP,WE,Federal Contract Tower,4,2,0,3,9,0,7,5,8,20,4,9,5,11,29,0,0,0,29
06/02/2022,VCV,CA,AWP,WE,Federal Contract Tower,4,1,0,0,5,0,4,4,6,14,4,5,4,6,19,2,2,4,23
06/03/2022,VCV,CA,AWP,WE,Federal Contract Tower,2,0,3,3,8,0,10,11,4,25,2,10,14,7,33,20,4,24,57
06/04/2022,VCV,CA,AWP,WE,Federal Contract Tower,2,0,1,0,3,0,8,2,0,10,2,8,3,0,13,7,0,7,20
06/05/2022,VCV,CA,AWP,WE,Federal Contract Tower,2,0,0,0,2,0,8,0,0,8,2,8,0,0,10,0,0,0,10
06/06/2022,VCV,CA,AWP,WE,Federal Contract Tower,2,3,1,2,8,0,4,1,0,5,2,7,2,2,13,3,0,3,16
06/07/2022,VCV,CA,AWP,WE,Federal Contract Tower,6,7,1,3,17,0,1,0,6,7,6,8,1,9,24,6,6,12,36
06/08/2022,VCV,CA,AWP,WE,Federal Contract Tower,4,6,4,1,15,0,10,10,1,21,4,16,14,2,36,12,5,17,53
06/09/2022,VCV,CA,AWP,WE,Federal Contract Tower,2,5,6,2,15,0,16,4,1,21,2,21,10,3,36,5,8,13,49
06/10/2022,VCV,CA,AWP,WE,Federal Contract Tower,1,2,0,1,4,0,8,10,0,18,1,10,10,1,22,8,0,8,30
06/11/2022,VCV,CA,AWP,WE,Federal Contract Tower,2,1,1,1,5,0,11,11,0,22,2,12,12,1,27,8,0,8,35
06/12/2022,VCV,CA,AWP,WE,Federal Contract Tower,1,0,0,1,2,0,7,4,0,11,1,7,4,1,13,0,0,0,13
06/13/2022,VCV,CA,AWP,WE,Federal Contract Tower,4,0,0,0,4,0,4,0,0,4,4,4,0,0,8,0,0,0,8
06/14/2022,VCV,CA,AWP,WE,Federal Contract Tower,3,3,0,1,7,0,3,11,1,15,3,6,11,2,22,15,0,15,37
06/15/2022,VCV,CA,AWP,WE,Federal Contract Tower,2,0,5,2,9,0,11,9,2,22,2,11,14,4,31,9,12,21,52
06/16/2022,VCV,CA,AWP,WE,Federal Contract Tower,0,1,0,0,1,0,6,3,0,9,0,7,3,0,10,11,0,11,21
06/17/2022,VCV,CA,AWP,WE,Federal Contract Tower,4,0,0,6,10,0,2,3,0,5,4,2,3,6,15,8,18,26,41
06/18/2022,VCV,CA,AWP,WE,Federal Contract Tower,0,0,0,0,0,0,7,9,0,16,0,7,9,0,16,16,0,16,32
06/19/2022,VCV,CA,AWP,WE,Federal Contract Tower,0,0,0,0,0,0,4,2,0,6,0,4,2,0,6,0,0,0,6
06/20/2022,VCV,CA,AWP,WE,Federal Contract Tower,4,0,0,0,4,0,6,2,0,8,4,6,2,0,12,10,0,10,22
06/21/2022,VCV,CA,AWP,WE,Federal Contract Tower,3,12,0,0,15,0,15,13,0,28,3,27,13,0,43,28,0,28,71
06/22/2022,VCV,CA,AWP,WE,Federal Contract Tower,0,6,0,0,6,0,7,0,0,7,0,13,0,0,13,0,0,0,13
06/23/2022,VCV,CA,AWP,WE,Federal Contract Tower,4,5,4,1,14,0,14,19,2,35,4,19,23,3,49,59,2,61,110
06/24/2022,VCV,CA,AWP,WE,Federal Contract Tower,4,0,0,0,4,0,5,10,10,25,4,5,10,10,29,8,6,14,43
06/25/2022,VCV,CA,AWP,WE,Federal Contract Tower,0,0,3,0,3,0,11,7,6,24,0,11,10,6,27,4,0,4,31
06/26/2022,VCV,CA,AWP,WE,Federal Contract Tower,1,0,0,0,1,0,10,1,0,11,1,10,1,0,12,2,0,2,14
06/27/2022,VCV,CA,AWP,WE,Federal Contract Tower,0,9,0,2,11,0,4,1,1,6,0,13,1,3,17,2,2,4,21
06/28/2022,VCV,CA,AWP,WE,Federal Contract Tower,2,1,0,0,3,0,0,18,0,18,2,1,18,0,21,40,0,40,61
06/29/2022,VCV,CA,AWP,WE,Federal Contract Tower,5,7,0,0,12,0,3,4,0,7,5,10,4,0,19,6,0,6,25
06/30/2022,VCV,CA,AWP,WE,Federal Contract Tower,2,2,0,2,6,0,9,14,2,25,2,11,14,4,31,0,8,8,39
07/01/2022,VCV,CA,AWP,WE,Federal Contract Tower,1,0,0,0,1,0,5,3,4,12,1,5,3,4,13,6,0,6,19
07/02/2022,VCV,CA,AWP,WE,Federal Contract Tower,0,2,0,0,2,0,21,8,0,29,0,23,8,0,31,23,0,23,54
07/03/2022,VCV,CA,AWP,WE,Federal Contract Tower,0,0,0,0,0,0,8,1,0,9,0,8,1,0,9,3,0,3,12
07/04/2022,VCV,CA,AWP,WE,Federal Contract Tower,0,0,0,0,0,0,8,6,0,14,0,8,6,0,14,24,0,24,38
07/05/2022,VCV,CA,AWP,WE,Federal Contract Tower,2,0,0,0,2,0,8,10,8,26,2,8,10,8,28,8,12,20,48
07/06/2022,VCV,CA,AWP,WE,Federal Contract Tower,3,3,1,0,7,0,9,3,6,18,3,12,4,6,25,0,0,0,25
07/07/2022,VCV,CA,AWP,WE,Federal Contract Tower,1,2,0,0,3,0,11,0,10,21,1,13,0,10,24,18,16,34,58
07/08/2022,VCV,CA,AWP,WE,Federal Contract Tower,1,1,2,0,4,0,7,9,4,20,1,8,11,4,24,16,4,20,44
07/09/2022,VCV,CA,AWP,WE,Federal Contract Tower,3,0,0,0,3,0,10,3,0,13,3,10,3,0,16,0,0,0,16
07/10/2022,VCV,CA,AWP,WE,Federal Contract Tower,0,0,0,0,0,0,10,3,0,13,0,10,3,0,13,12,0,12,25
07/11/2022,VCV,CA,AWP,WE,Federal Contract Tower,2,0,0,0,2,0,10,3,2,15,2,10,3,2,17,4,0,4,21
07/12/2022,VCV,CA,AWP,WE,Federal Contract Tower,3,7,0,0,10,0,13,4,0,17,3,20,4,0,27,4,0,4,31
07/13/2022,VCV,CA,AWP,WE,Federal Contract Tower,2,6,0,0,8,0,8,4,10,22,2,14,4,10,30,22,36,58,88
07/14/2022,VCV,CA,AWP,WE,Federal Contract Tower,5,2,0,1,8,0,3,5,0,8,5,5,5,1,16,8,12,20,36
07/15/2022,VCV,CA,AWP,WE,Federal Contract Tower,1,2,0,1,4,0,6,8,0,14,1,8,8,1,18,14,2,16,34
07/16/2022,VCV,CA,AWP,WE,Federal Contract Tower,1,2,0,0,3,0,5,2,0,7,1,7,2,0,10,0,0,0,10
07/17/2022,VCV,CA,AWP,WE,Federal Contract Tower,0,0,0,1,1,0,0,8,0,8,0,0,8,1,9,16,8,24,33
07/18/2022,VCV,CA,AWP,WE,Federal Contract Tower,3,1,0,0,4,0,10,4,4,18,3,11,4,4,22,4,0,4,26
07/19/2022,VCV,CA,AWP,WE,Federal Contract Tower,1,3,0,2,6,0,7,11,0,18,1,10,11,2,24,6,0,6,30
07/20/2022,VCV,CA,AWP,WE,Federal Contract Tower,1,2,0,0,3,2,12,1,6,21,3,14,1,6,24,6,0,6,30
07/21/2022,VCV,CA,AWP,WE,Federal Contract Tower,1,2,8,2,13,0,13,6,4,23,1,15,14,6,36,10,24,34,70
07/22/2022,VCV,CA,AWP,WE,Federal Contract Tower,1,0,0,0,1,0,6,2,2,10,1,6,2,2,11,0,8,8,19
07/23/2022,VCV,CA,AWP,WE,Federal Contract Tower,0,0,3,0,3,0,2,4,0,6,0,2,7,0,9,11,0,11,20
07/24/2022,VCV,CA,AWP,WE,Federal Contract Tower,1,2,0,0,3,0,9,2,0,11,1,11,2,0,14,2,0,2,16
07/25/2022,VCV,CA,AWP,WE,Federal Contract Tower,0,0,1,2,3,0,12,6,1,19,0,12,7,3,22,4,2,6,28
07/26/2022,VCV,CA,AWP,WE,Federal Contract Tower,8,7,2,2,19,1,1,12,7,21,9,8,14,9,40,13,34,47,87
07/27/2022,VCV,CA,AWP,WE,Federal Contract Tower,4,4,5,0,13,0,4,3,0,7,4,8,8,0,20,0,0,0,20
07/28/2022,VCV,CA,AWP,WE,Federal Contract Tower,1,5,0,2,8,0,8,13,7,28,1,13,13,9,36,10,11,21,57
07/29/2022,VCV,CA,AWP,WE,Federal Contract Tower,4,2,0,1,7,0,5,2,12,19,4,7,2,13,26,6,8,14,40
07/30/2022,VCV,CA,AWP,WE,Federal Contract Tower,2,0,1,0,3,0,4,6,4,14,2,4,7,4,17,8,0,8,25
07/31/2022,VCV,CA,AWP,WE,Federal Contract Tower,0,0,0,0,0,0,4,0,0,4,0,4,0,0,4,0,0,0,4
08/01/2022,VCV,CA,AWP,WE,Federal Contract Tower,0,0,2,0,2,0,2,8,0,10,0,2,10,0,12,6,0,6,18
08/02/2022,VCV,CA,AWP,WE,Federal Contract Tower,0,4,0,3,7,0,9,6,3,18,0,13,6,6,25,2,10,12,37
08/03/2022,VCV,CA,AWP,WE,Federal Contract Tower,3,4,4,2,13,0,3,4,2,9,3,7,8,4,22,6,4,10,32
08/04/2022,VCV,CA,AWP,WE,Federal Contract Tower,2,0,2,0,4,0,0,2,2,4,2,0,4,2,8,4,0,4,12
08/05/2022,VCV,CA,AWP,WE,Federal Contract Tower,9,2,0,0,11,0,3,6,8,17,9,5,6,8,28,12,16,28,56
08/06/2022,VCV,CA,AWP,WE,Federal Contract Tower,1,13,0,0,14,0,3,8,0,11,1,16,8,0,25,4,0,4,29
08/07/2022,VCV,CA,AWP,WE,Federal Contract Tower,1,0,0,2,3,0,7,7,0,14,1,7,7,2,17,25,0,25,42
08/08/2022,VCV,CA,AWP,WE,Federal Contract Tower,0,0,0,0,0,0,10,6,8,24,0,10,6,8,24,4,8,12,36
08/09/2022,VCV,CA,AWP,WE,Federal Contract Tower,4,3,4,9,20,0,2,18,9,29,4,5,22,18,49,46,4,50,99
08/10/2022,VCV,CA,AWP,WE,Federal Contract Tower,4,4,0,0,8,0,6,9,12,27,4,10,9,12,35,14,4,18,53
08/11/2022,VCV,CA,AWP,WE,Federal Contract Tower,0,9,0,0,9,0,10,4,9,23,0,19,4,9,32,6,0,6,38
08/12/2022,VCV,CA,AWP,WE,Federal Contract Tower,1,0,0,2,3,0,3,8,1,12,1,3,8,3,15,8,25,33,48
08/13/2022,VCV,CA,AWP,WE,Federal Contract Tower,1,3,4,0,8,0,6,7,0,13,1,9,11,0,21,11,0,11,32
08/14/2022,VCV,CA,AWP,WE,Federal Contract Tower,1,3,2,0,6,0,8,7,0,15,1,11,9,0,21,2,0,2,23
08/15/2022,VCV,CA,AWP,WE,Federal Contract Tower,2,6,0,2,10,0,5,4,0,9,2,11,4,2,19,12,4,16,35
08/16/2022,VCV,CA,AWP,WE,Federal Contract Tower,1,0,0,0,1,0,6,3,2,11,1,6,3,2,12,0,2,2,14
08/17/2022,VCV,CA,AWP,WE,Federal Contract Tower,1,4,5,0,10,0,2,12,4,18,1,6,17,4,28,10,16,26,54
08/18/2022,VCV,CA,AWP,WE,Federal Contract Tower,0,5,0,0,5,0,11,15,1,27,0,16,15,1,32,42,4,46,78
08/19/2022,VCV,CA,AWP,WE,Federal Contract Tower,3,0,0,0,3,0,15,5,2,22,3,15,5,2,25,2,0,2,27
08/20/2022,VCV,CA,AWP,WE,Federal Contract Tower,3,0,0,0,3,0,12,4,0,16,3,12,4,0,19,4,0,4,23
08/21/2022,VCV,CA,AWP,WE,Federal Contract Tower,0,6,0,0,6,0,4,3,0,7,0,10,3,0,13,6,0,6,19
08/22/2022,VCV,CA,AWP,WE,Federal Contract Tower,3,8,0,2,13,0,4,2,8,14,3,12,2,10,27,10,0,10,37
08/23/2022,VCV,CA,AWP,WE,Federal Contract Tower,1,6,0,1,8,0,11,7,1,19,1,17,7,2,27,11,5,16,43
08/24/2022,VCV,CA,AWP,WE,Federal Contract Tower,1,5,0,0,6,0,7,5,0,12,1,12,5,0,18,0,0,0,18
08/25/2022,VCV,CA,AWP,WE,Federal Contract Tower,1,15,1,0,17,0,8,3,0,11,1,23,4,0,28,0,0,0,28
08/26/2022,VCV,CA,AWP,WE,Federal Contract Tower,5,3,6,0,14,0,12,12,0,24,5,15,18,0,38,37,0,37,75
08/27/2022,VCV,CA,AWP,WE,Federal Contract Tower,2,0,0,0,2,0,8,3,0,11,2,8,3,0,13,2,0,2,15
08/28/2022,VCV,CA,AWP,WE,Federal Contract Tower,0,0,0,0,0,0,9,8,0,17,0,9,8,0,17,14,0,14,31
08/29/2022,VCV,CA,AWP,WE,Federal Contract Tower,3,0,0,0,3,0,8,8,0,16,3,8,8,0,19,2,0,2,21
08/30/2022,VCV,CA,AWP,WE,Federal Contract Tower,1,2,0,0,3,0,5,13,0,18,1,7,13,0,21,42,0,42,63
08/31/2022,VCV,CA,AWP,WE,Federal Contract Tower,2,5,0,4,11,0,12,5,1,18,2,17,5,5,29,0,0,0,29
09/01/2022,VCV,CA,AWP,WE,Federal Contract Tower,3,3,0,1,7,0,13,5,6,24,3,16,5,7,31,0,12,12,43
09/02/2022,VCV,CA,AWP,WE,Federal Contract Tower,3,0,1,0,4,0,4,0,0,4,3,4,1,0,8,0,0,0,8
09/03/2022,VCV,CA,AWP,WE,Federal Contract Tower,0,0,0,0,0,0,5,4,1,10,0,5,4,1,10,0,0,0,10
09/04/2022,VCV,CA,AWP,WE,Federal Contract Tower,0,0,0,0,0,0,6,9,0,15,0,6,9,0,15,0,0,0,15
09/05/2022,VCV,CA,AWP,WE,Federal Contract Tower,1,0,0,0,1,0,6,1,0,7,1,6,1,0,8,6,0,6,14
09/06/2022,VCV,CA,AWP,WE,Federal Contract Tower,2,4,0,0,6,0,6,8,2,16,2,10,8,2,22,10,6,16,38
09/07/2022,VCV,CA,AWP,WE,Federal Contract Tower,2,1,0,0,3,0,6,5,0,11,2,7,5,0,14,0,0,0,14
09/08/2022,VCV,CA,AWP,WE,Federal Contract Tower,3,0,0,1,4,0,6,1,1,8,3,6,1,2,12,2,0,2,14
09/09/2022,VCV,CA,AWP,WE,Federal Contract Tower,2,1,0,0,3,0,2,5,0,7,2,3,5,0,10,10,0,10,20
09/10/2022,VCV,CA,AWP,WE,Federal Contract Tower,1,0,0,0,1,0,14,0,0,14,1,14,0,0,15,0,0,0,15
09/11/2022,VCV,CA,AWP,WE,Federal Contract Tower,0,0,1,1,2,0,4,1,0,5,0,4,2,1,7,8,0,8,15
09/12/2022,VCV,CA,AWP,WE,Federal Contract Tower,3,1,2,0,6,0,7,3,6,16,3,8,5,6,22,0,0,0,22
09/13/2022,VCV,CA,AWP,WE,Federal Contract Tower,1,1,0,5,7,2,12,8,14,36,3,13,8,19,43,6,18,24,67
09/14/2022,VCV,CA,AWP,WE,Federal Contract Tower,6,6,2,2,16,1,9,10,16,36,7,15,12,18,52,2,18,20,72
09/15/2022,VCV,CA,AWP,WE,Federal Contract Tower,2,4,2,2,10,4,11,12,2,29,6,15,14,4,39,0,4,4,43
09/16/2022,VCV,CA,AWP,WE,Federal Contract Tower,2,5,0,0,7,0,12,19,14,45,2,17,19,14,52,10,0,10,62
09/17/2022,VCV,CA,AWP,WE,Federal Contract Tower,0,0,1,0,1,2,10,16,0,28,2,10,17,0,29,20,0,20,49
09/18/2022,VCV,CA,AWP,WE,Federal Contract Tower,0,0,0,0,0,0,7,8,0,15,0,7,8,0,15,6,0,6,21
09/19/2022,VCV,CA,AWP,WE,Federal Contract Tower,2,0,2,0,4,0,6,7,0,13,2,6,9,0,17,2,0,2,19
09/20/2022,VCV,CA,AWP,WE,Federal Contract Tower,1,14,0,0,15,0,15,15,4,34,1,29,15,4,49,6,4,10,59
09/21/2022,VCV,CA,AWP,WE,Federal Contract Tower,0,7,0,0,7,0,9,6,1,16,0,16,6,1,23,6,12,18,41
09/22/2022,VCV,CA,AWP,WE,Federal Contract Tower,1,1,2,0,4,0,10,10,0,20,1,11,12,0,24,12,0,12,36
09/23/2022,VCV,CA,AWP,WE,Federal Contract Tower,3,0,0,0,3,0,7,4,0,11,3,7,4,0,14,4,0,4,18
09/24/2022,VCV,CA,AWP,WE,Federal Contract Tower,0,2,0,7,9,0,4,10,0,14,0,6,10,7,23,6,0,6,29
09/25/2022,VCV,CA,AWP,WE,Federal Contract Tower,0,0,0,0,0,0,8,2,8,18,0,8,2,8,18,0,0,0,18
09/26/2022,VCV,CA,AWP,WE,Federal Contract Tower,2,0,0,1,3,0,18,4,4,26,2,18,4,5,29,8,0,8,37
09/27/2022,VCV,CA,AWP,WE,Federal Contract Tower,3,3,0,2,8,0,14,7,1,22,3,17,7,3,30,10,4,14,44
09/28/2022,VCV,CA,AWP,WE,Federal Contract Tower,2,5,4,0,11,0,17,16,0,33,2,22,20,0,44,12,0,12,56
09/29/2022,VCV,CA,AWP,WE,Federal Contract Tower,0,2,0,0,2,0,16,13,0,29,0,18,13,0,31,10,0,10,41
09/30/2022,VCV,CA,AWP,WE,Federal Contract Tower,2,0,3,0,5,0,9,6,1,16,2,9,9,1,21,4,6,10,31
10/01/2022,VCV,CA,AWP,WE,Federal Contract Tower,3,0,0,0,3,0,16,9,0,25,3,16,9,0,28,14,0,14,42
10/02/2022,VCV,CA,AWP,WE,Federal Contract Tower,0,0,0,0,0,1,8,8,0,17,1,8,8,0,17,12,0,12,29
10/03/2022,VCV,CA,AWP,WE,Federal Contract Tower,3,2,2,0,7,0,9,18,1,28,3,11,20,1,35,6,0,6,41
10/04/2022,VCV,CA,AWP,WE,Federal Contract Tower,1,2,0,3,6,0,8,7,2,17,1,10,7,5,23,0,8,8,31
10/05/2022,VCV,CA,AWP,WE,Federal Contract Tower,0,0,10,0,10,0,15,14,2,31,0,15,24,2,41,2,6,8,49
10/06/2022,VCV,CA,AWP,WE,Federal Contract Tower,1,11,9,0,21,0,7,5,5,17,1,18,14,5,38,0,12,12,50
10/07/2022,VCV,CA,AWP,WE,Federal Contract Tower,5,1,0,0,6,0,9,10,0,19,5,10,10,0,25,4,0,4,29
10/08/2022,VCV,CA,AWP,WE,Federal Contract Tower,1,0,0,0,1,0,10,0,2,12,1,10,0,2,13,0,0,0,13
10/09/2022,VCV,CA,AWP,WE,Federal Contract Tower,3,0,2,0,5,0,6,7,0,13,3,6,9,0,18,6,0,6,24
10/10/2022,VCV,CA,AWP,WE,Federal Contract Tower,0,3,0,2,5,0,6,7,0,13,0,9,7,2,18,4,0,4,22
10/11/2022,VCV,CA,AWP,WE,Federal Contract Tower,2,3,1,3,9,0,2,0,19,21,2,5,1,22,30,0,8,8,38
10/12/2022,VCV,CA,AWP,WE,Federal Contract Tower,5,10,5,0,20,0,6,6,2,14,5,16,11,2,34,12,0,12,46
10/13/2022,VCV,CA,AWP,WE,Federal Contract Tower,2,0,6,1,9,0,5,9,3,17,2,5,15,4,26,6,0,6,32
10/14/2022,VCV,CA,AWP,WE,Federal Contract Tower,4,1,2,1,8,0,8,24,2,34,4,9,26,3,42,20,8,28,70
10/15/2022,VCV,CA,AWP,WE,Federal Contract Tower,1,2,1,0,4,0,3,11,2,16,1,5,12,2,20,6,6,12,32
10/16/2022,VCV,CA,AWP,WE,Federal Contract Tower,0,1,1,2,4,0,8,4,1,13,0,9,5,3,17,6,12,18,35
10/17/2022,VCV,CA,AWP,WE,Federal Contract Tower,0,2,0,0,2,0,8,8,0,16,0,10,8,0,18,10,0,10,28
10/18/2022,VCV,CA,AWP,WE,Federal Contract Tower,2,3,1,0,6,0,7,2,2,11,2,10,3,2,17,0,8,8,25
10/19/2022,VCV,CA,AWP,WE,Federal Contract Tower,3,6,4,0,13,0,8,12,9,29,3,14,16,9,42,0,12,12,54
10/20/2022,VCV,CA,AWP,WE,Federal Contract Tower,1,4,3,0,8,0,6,6,4,16,1,10,9,4,24,4,10,14,38
10/21/2022,VCV,CA,AWP,WE,Federal Contract Tower,5,0,6,0,11,0,4,6,0,10,5,4,12,0,21,2,0,2,23
10/22/2022,VCV,CA,AWP,WE,Federal Contract Tower,0,0,0,0,0,0,10,4,0,14,0,10,4,0,14,0,0,0,14
10/23/2022,VCV,CA,AWP,WE,Federal Contract Tower,0,0,0,0,0,0,10,1,0,11,0,10,1,0,11,14,0,14,25
10/24/2022,VCV,CA,AWP,WE,Federal Contract Tower,3,1,5,0,9,0,16,13,4,33,3,17,18,4,42,8,6,14,56
10/25/2022,VCV,CA,AWP,WE,Federal Contract Tower,1,5,0,4,10,0,5,9,2,16,1,10,9,6,26,2,0,2,28
10/26/2022,VCV,CA,AWP,WE,Federal Contract Tower,2,4,0,0,6,0,4,0,0,4,2,8,0,0,10,0,0,0,10
10/27/2022,VCV,CA,AWP,WE,Federal Contract Tower,4,0,4,0,8,0,6,11,3,20,4,6,15,3,28,2,2,4,32
10/28/2022,VCV,CA,AWP,WE,Federal Contract Tower,0,0,1,0,1,0,7,6,0,13,0,7,7,0,14,4,0,4,18
10/29/2022,VCV,CA,AWP,WE,Federal Contract Tower,1,0,1,0,2,0,14,11,0,25,1,14,12,0,27,30,0,30,57
10/30/2022,VCV,CA,AWP,WE,Federal Contract Tower,0,0,0,0,0,0,8,11,0,19,0,8,11,0,19,34,0,34,53
10/31/2022,VCV,CA,AWP,WE,Federal Contract Tower,3,3,4,3,13,0,2,5,1,8,3,5,9,4,21,14,0,14,35
11/01/2022,VCV,CA,AWP,WE,Federal Contract Tower,3,0,0,1,4,0,7,1,0,8,3,7,1,1,12,2,0,2,14
11/02/2022,VCV,CA,AWP,WE,Federal Contract Tower,3,2,0,9,14,0,5,2,0,7,3,7,2,9,21,0,0,0,21
11/03/2022,VCV,CA,AWP,WE,Federal Contract Tower,2,3,1,3,9,0,4,9,13,26,2,7,10,16,35,20,14,34,69
11/04/2022,VCV,CA,AWP,WE,Federal Contract Tower,2,1,2,1,6,0,7,6,7,20,2,8,8,8,26,6,6,12,38
11/05/2022,VCV,CA,AWP,WE,Federal Contract Tower,1,0,0,0,1,0,6,15,4,25,1,6,15,4,26,14,0,14,40
11/06/2022,VCV,CA,AWP,WE,Federal Contract Tower,1,0,0,3,4,0,6,4,1,11,1,6,4,4,15,8,0,8,23
11/07/2022,VCV,CA,AWP,WE,Federal Contract Tower,0,0,0,7,7,0,5,0,0,5,0,5,0,7,12,0,7,7,19
11/08/2022,VCV,CA,AWP,WE,Federal Contract Tower,2,4,0,2,8,0,1,0,0,1,2,5,0,2,9,0,0,0,9
11/09/2022,VCV,CA,AWP,WE,Federal Contract Tower,2,4,0,9,15,0,4,2,9,15,2,8,2,18,30,4,4,8,38
11/10/2022,VCV,CA,AWP,WE,Federal Contract Tower,0,0,2,5,7,0,8,11,4,23,0,8,13,9,30,8,0,8,38
11/11/2022,VCV,CA,AWP,WE,Federal Contract Tower,1,0,0,0,1,0,6,5,0,11,1,6,5,0,12,0,0,0,12
11/12/2022,VCV,CA,AWP,WE,Federal Contract Tower,1,0,1,0,2,0,2,14,0,16,1,2,15,0,18,6,0,6,24
11/13/2022,VCV,CA,AWP,WE,Federal Contract Tower,0,2,2,0,4,0,5,4,2,11,0,7,6,2,15,6,0,6,21
11/14/2022,VCV,CA,AWP,WE,Federal Contract Tower,0,6,2,2,10,0,6,8,6,20,0,12,10,8,30,12,0,12,42
11/15/2022,VCV,CA,AWP,WE,Federal Contract Tower,2,5,0,2,9,0,10,4,14,28,2,15,4,16,37,0,6,6,43
11/16/2022,VCV,CA,AWP,WE,Federal Contract Tower,2,4,1,0,7,0,7,6,10,23,2,11,7,10,30,0,0,0,30
11/17/2022,VCV,CA,AWP,WE,Federal Contract Tower,3,5,0,1,9,0,11,8,12,31,3,16,8,13,40,10,8,18,58
11/18/2022,VCV,CA,AWP,WE,Federal Contract Tower,2,1,5,2,10,0,15,8,4,27,2,16,13,6,37,30,13,43,80
11/19/2022,VCV,CA,AWP,WE,Federal Contract Tower,2,0,3,1,6,0,4,17,0,21,2,4,20,1,27,2,0,2,29
11/20/2022,VCV,CA,AWP,WE,Federal Contract Tower,6,0,2,0,8,0,15,3,4,22,6,15,5,4,30,22,0,22,52
11/21/2022,VCV,CA,AWP,WE,Federal Contract Tower,0,0,0,3,3,0,11,12,1,24,0,11,12,4,27,16,8,24,51
11/22/2022,VCV,CA,AWP,WE,Federal Contract Tower,4,4,1,6,15,0,7,5,1,13,4,11,6,7,28,0,5,5,33
11/23/2022,VCV,CA,AWP,WE,Federal Contract Tower,0,5,0,0,5,2,14,2,0,18,2,19,2,0,23,0,0,0,23
11/24/2022,VCV,CA,AWP,WE,Federal Contract Tower,0,0,0,0,0,0,1,3,0,4,0,1,3,0,4,0,0,0,4
11/25/2022,VCV,CA,AWP,WE,Federal Contract Tower,0,0,0,0,0,0,6,11,0,17,0,6,11,0,17,8,0,8,25
11/26/2022,VCV,CA,AWP,WE,Federal Contract Tower,0,0,1,0,1,0,7,5,0,12,0,7,6,0,13,0,0,0,13
11/27/2022,VCV,CA,AWP,WE,Federal Contract Tower,9,0,2,0,11,0,9,6,0,15,9,9,8,0,26,0,0,0,26
11/28/2022,VCV,CA,AWP,WE,Federal Contract Tower,4,0,0,4,8,0,12,4,0,16,4,12,4,4,24,2,0,2,26
11/29/2022,VCV,CA,AWP,WE,Federal Contract Tower,1,2,0,0,3,0,14,9,0,23,1,16,9,0,26,9,0,9,35
11/30/2022,VCV,CA,AWP,WE,Federal Contract Tower,0,8,4,0,12,0,7,8,0,15,0,15,12,0,27,10,0,10,37
12/01/2022,VCV,CA,AWP,WE,Federal Contract Tower,3,0,0,0,3,0,4,2,2,8,3,4,2,2,11,0,6,6,17
12/02/2022,VCV,CA,AWP,WE,Federal Contract Tower,6,4,0,0,10,0,4,3,3,10,6,8,3,3,20,12,6,18,38
12/03/2022,VCV,CA,AWP,WE,Federal Contract Tower,4,0,2,4,10,0,10,4,1,15,4,10,6,5,25,8,10,18,43
12/04/2022,VCV,CA,AWP,WE,Federal Contract Tower,0,0,2,1,3,0,7,7,0,14,0,7,9,1,17,0,0,0,17
12/05/2022,VCV,CA,AWP,WE,Federal Contract Tower,1,0,2,2,5,0,6,2,0,8,1,6,4,2,13,6,11,17,30
12/06/2022,VCV,CA,AWP,WE,Federal Contract Tower,2,2,0,2,6,0,3,4,4,11,2,5,4,6,17,4,24,28,45
12/07/2022,VCV,CA,AWP,WE,Federal Contract Tower,1,2,0,2,5,0,5,2,3,10,1,7,2,5,15,0,12,12,27
12/08/2022,VCV,CA,AWP,WE,Federal Contract Tower,1,1,1,1,4,0,11,9,4,24,1,12,10,5,28,2,34,36,64
12/09/2022,VCV,CA,AWP,WE,Federal Contract Tower,1,0,3,1,5,0,10,14,2,26,1,10,17,3,31,0,16,16,47
12/10/2022,VCV,CA,AWP,WE,Federal Contract Tower,1,0,1,0,2,0,5,3,0,8,1,5,4,0,10,6,0,6,16
12/11/2022,VCV,CA,AWP,WE,Federal Contract Tower,0,5,2,0,7,0,3,0,0,3,0,8,2,0,10,0,0,0,10
12/12/2022,VCV,CA,AWP,WE,Federal Contract Tower,3,0,2,0,5,0,3,0,0,3,3,3,2,0,8,2,0,2,10
12/13/2022,VCV,CA,AWP,WE,Federal Contract Tower,3,4,2,1,10,0,9,6,0,15,3,13,8,1,25,0,10,10,35
12/14/2022,VCV,CA,AWP,WE,Federal Contract Tower,0,2,0,2,4,0,14,10,0,24,0,16,10,2,28,12,0,12,40
12/15/2022,VCV,CA,AWP,WE,Federal Contract Tower,4,3,2,0,9,0,11,6,0,17,4,14,8,0,26,0,0,0,26
12/16/2022,VCV,CA,AWP,WE,Federal Contract Tower,4,1,0,0,5,0,15,6,1,22,4,16,6,1,27,0,6,6,33
12/17/2022,VCV,CA,AWP,WE,Federal Contract Tower,0,0,0,0,0,0,8,20,0,28,0,8,20,0,28,36,0,36,64
12/18/2022,VCV,CA,AWP,WE,Federal Contract Tower,0,0,1,0,1,0,13,7,0,20,0,13,8,0,21,20,0,20,41
12/19/2022,VCV,CA,AWP,WE,Federal Contract Tower,0,13,0,1,14,0,14,4,1,19,0,27,4,2,33,10,0,10,43
12/20/2022,VCV,CA,AWP,WE,Federal Contract Tower,1,1,3,2,7,0,9,1,2,12,1,10,4,4,19,0,21,21,40
12/21/2022,VCV,CA,AWP,WE,Federal Contract Tower,7,6,2,2,17,0,5,1,0,6,7,11,3,2,23,0,0,0,23
12/22/2022,VCV,CA,AWP,WE,Federal Contract Tower,5,5,2,7,19,2,19,8,2,31,7,24,10,9,50,8,4,12,62
12/23/2022,VCV,CA,AWP,WE,Federal Contract Tower,1,0,3,0,4,0,7,6,0,13,1,7,9,0,17,0,0,0,17
12/24/2022,VCV,CA,AWP,WE,Federal Contract Tower,0,0,0,0,0,0,9,4,0,13,0,9,4,0,13,0,0,0,13
12/25/2022,VCV,CA,AWP,WE,Federal Contract Tower,2,0,0,0,2,0,7,2,0,9,2,7,2,0,11,0,0,0,11
12/26/2022,VCV,CA,AWP,WE,Federal Contract Tower,1,0,0,0,1,0,4,10,0,14,1,4,10,0,15,6,0,6,21
12/27/2022,VCV,CA,AWP,WE,Federal Contract Tower,0,0,0,2,2,1,2,2,2,7,1,2,2,4,9,0,0,0,9
12/28/2022,VCV,CA,AWP,WE,Federal Contract Tower,2,16,0,4,22,0,5,7,0,12,2,21,7,4,34,3,0,3,37
12/29/2022,VCV,CA,AWP,WE,Federal Contract Tower,1,0,2,0,3,0,10,0,0,10,1,10,2,0,13,0,0,0,13
12/30/2022,VCV,CA,AWP,WE,Federal Contract Tower,1,0,4,0,5,0,0,1,0,1,1,0,5,0,6,0,0,0,6
12/31/2022,VCV,CA,AWP,WE,Federal Contract Tower,1,0,0,0,1,0,3,2,0,5,1,3,2,0,6,0,0,0,6
01/01/2023,VCV,CA,AWP,WE,Federal Contract Tower,1,0,0,0,1,0,5,3,0,8,1,5,3,0,9,0,0,0,9
01/02/2023,VCV,CA,AWP,WE,Federal Contract Tower,2,0,3,0,5,0,7,6,0,13,2,7,9,0,18,0,0,0,18
01/03/2023,VCV,CA,AWP,WE,Federal Contract Tower,3,0,2,0,5,2,2,4,0,8,5,2,6,0,13,18,0,18,31
01/04/2023,VCV,CA,AWP,WE,Federal Contract Tower,0,0,2,4,6,0,8,2,7,17,0,8,4,11,23,4,24,28,51
01/05/2023,VCV,CA,AWP,WE,Federal Contract Tower,2,0,0,4,6,0,5,0,0,5,2,5,0,4,11,0,0,0,11
01/06/2023,VCV,CA,AWP,WE,Federal Contract Tower,1,6,0,0,7,0,17,5,0,22,1,23,5,0,29,16,0,16,45
01/07/2023,VCV,CA,AWP,WE,Federal Contract Tower,0,0,3,0,3,0,13,6,0,19,0,13,9,0,22,10,0,10,32
01/08/2023,VCV,CA,AWP,WE,Federal Contract Tower,1,0,1,0,2,0,6,5,0,11,1,6,6,0,13,8,0,8,21
01/09/2023,VCV,CA,AWP,WE,Federal Contract Tower,8,3,0,0,11,0,0,8,2,10,8,3,8,2,21,0,24,24,45
01/10/2023,VCV,CA,AWP,WE,Federal Contract Tower,5,2,0,0,7,0,0,0,4,4,5,2,0,4,11,0,0,0,11
01/11/2023,VCV,CA,AWP,WE,Federal Contract Tower,3,9,2,4,18,0,8,7,6,21,3,17,9,10,39,0,8,8,47
01/12/2023,VCV,CA,AWP,WE,Federal Contract Tower,3,0,1,4,8,0,9,8,4,21,3,9,9,8,29,25,0,25,54
01/13/2023,VCV,CA,AWP,WE,Federal Contract Tower,1,4,0,7,12,0,9,4,1,14,1,13,4,8,26,12,4,16,42
01/14/2023,VCV,CA,AWP,WE,Federal Contract Tower,5,0,0,0,5,6,6,2,0,14,11,6,2,0,19,28,0,28,47
01/15/2023,VCV,CA,AWP,WE,Federal Contract Tower,1,4,0,0,5,0,10,6,0,16,1,14,6,0,21,18,0,18,39
01/16/2023,VCV,CA,AWP,WE,Federal Contract Tower,2,0,0,0,2,0,0,3,0,3,2,0,3,0,5,0,0,0,5
01/17/2023,VCV,CA,AWP,WE,Federal Contract Tower,4,5,0,0,9,0,0,22,11,33,4,5,22,11,42,10,0,10,52
01/18/2023,VCV,CA,AWP,WE,Federal Contract Tower,1,2,0,0,3,0,7,7,2,16,1,9,7,2,19,0,13,13,32
01/19/2023,VCV,CA,AWP,WE,Federal Contract Tower,1,2,2,0,5,0,5,0,0,5,1,7,2,0,10,5,0,5,15
01/20/2023,VCV,CA,AWP,WE,Federal Contract Tower,2,2,2,2,8,0,6,6,0,12,2,8,8,2,20,0,4,4,24
01/21/2023,VCV,CA,AWP,WE,Federal Contract Tower,3,0,0,0,3,0,12,7,0,19,3,12,7,0,22,10,0,10,32
01/22/2023,VCV,CA,AWP,WE,Federal Contract Tower,0,0,0,0,0,0,12,2,0,14,0,12,2,0,14,0,0,0,14
01/23/2023,VCV,CA,AWP,WE,Federal Contract Tower,2,0,2,1,5,1,2,2,2,7,3,2,4,3,12,20,0,20,32
01/24/2023,VCV,CA,AWP,WE,Federal Contract Tower,0,6,1,4,11,0,6,8,3,17,0,12,9,7,28,16,16,32,60
01/25/2023,VCV,CA,AWP,WE,Federal Contract Tower,0,6,1,5,12,0,9,11,2,22,0,15,12,7,34,4,8,12,46
01/26/2023,VCV,CA,AWP,WE,Federal Contract Tower,0,4,2,0,6,0,5,2,0,7,0,9,4,0,13,0,6,6,19
01/27/2023,VCV,CA,AWP,WE,Federal Contract Tower,1,0,0,0,1,0,3,9,2,14,1,3,9,2,15,12,0,12,27
01/28/2023,VCV,CA,AWP,WE,Federal Contract Tower,1,0,0,0,1,0,5,14,0,19,1,5,14,0,20,2,0,2,22
01/29/2023,VCV,CA,AWP,WE,Federal Contract Tower,1,1,0,0,2,0,5,0,0,5,1,6,0,0,7,0,0,0,7
01/30/2023,VCV,CA,AWP,WE,Federal Contract Tower,3,0,0,0,3,0,0,2,3,5,3,0,2,3,8,6,0,6,14
01/31/2023,VCV,CA,AWP,WE,Federal Contract Tower,0,2,0,1,3,0,6,11,8,25,0,8,11,9,28,6,14,20,48
02/01/2023,VCV,CA,AWP,WE,Federal Contract Tower,0,8,3,0,11,0,2,7,0,9,0,10,10,0,20,0,0,0,20
02/02/2023,VCV,CA,AWP,WE,Federal Contract Tower,2,4,0,2,8,0,5,11,4,20,2,9,11,6,28,15,0,15,43
02/03/2023,VCV,CA,AWP,WE,Federal Contract Tower,0,5,3,2,10,0,5,5,0,10,0,10,8,2,20,0,0,0,20
02/04/2023,VCV,CA,AWP,WE,Federal Contract Tower,4,1,0,0,5,1,7,5,0,13,5,8,5,0,18,2,0,2,20
02/05/2023,VCV,CA,AWP,WE,Federal Contract Tower,2,1,0,0,3,0,2,3,0,5,2,3,3,0,8,2,0,2,10
02/06/2023,VCV,CA,AWP,WE,Federal Contract Tower,3,4,1,0,8,0,4,8,0,12,3,8,9,0,20,0,0,0,20
02/07/2023,VCV,CA,AWP,WE,Federal Contract Tower,0,7,2,3,12,0,9,10,0,19,0,16,12,3,31,6,0,6,37
02/08/2023,VCV,CA,AWP,WE,Federal Contract Tower,2,6,3,1,12,0,1,16,0,17,2,7,19,1,29,10,2,12,41
02/09/2023,VCV,CA,AWP,WE,Federal Contract Tower,4,2,0,0,6,1,8,17,0,26,5,10,17,0,32,2,2,4,36
02/10/2023,VCV,CA,AWP,WE,Federal Contract Tower,2,1,0,6,9,0,8,15,3,26,2,9,15,9,35,18,0,18,53
02/11/2023,VCV,CA,AWP,WE,Federal Contract Tower,5,0,0,0,5,0,5,8,1,14,5,5,8,1,19,2,6,8,27
02/12/2023,VCV,CA,AWP,WE,Federal Contract Tower,0,2,0,0,2,0,5,1,0,6,0,7,1,0,8,0,0,0,8
02/13/2023,VCV,CA,AWP,WE,Federal Contract Tower,1,0,0,1,2,0,4,4,0,8,1,4,4,1,10,0,12,12,22
02/14/2023,VCV,CA,AWP,WE,Federal Contract Tower,1,0,3,3,7,0,0,0,0,0,1,0,3,3,7,0,0,0,7
02/15/2023,VCV,CA,AWP,WE,Federal Contract Tower,3,6,0,3,12,0,6,8,3,17,3,12,8,6,29,8,4,12,41
02/16/2023,VCV,CA,AWP,WE,Federal Contract Tower,2,2,1,1,6,0,3,13,4,20,2,5,14,5,26,0,12,12,38
02/17/2023,VCV,CA,AWP,WE,Federal Contract Tower,2,0,2,0,4,0,9,7,0,16,2,9,9,0,20,0,0,0,20
02/18/2023,VCV,CA,AWP,WE,Federal Contract Tower,1,0,1,1,3,0,10,14,0,24,1,10,15,1,27,8,0,8,35
02/19/2023,VCV,CA,AWP,WE,Federal Contract Tower,0,0,2,1,3,0,2,13,0,15,0,2,15,1,18,6,0,6,24
02/20/2023,VCV,CA,AWP,WE,Federal Contract Tower,4,3,0,0,7,0,3,8,1,12,4,6,8,1,19,4,0,4,23
02/21/2023,VCV,CA,AWP,WE,Federal Contract Tower,3,0,2,3,8,3,3,4,0,10,6,3,6,3,18,0,0,0,18
02/22/2023,VCV,CA,AWP,WE,Federal Contract Tower,2,0,0,0,2,0,0,2,0,2,2,0,2,0,4,0,0,0,4
02/23/2023,VCV,CA,AWP,WE,Federal Contract Tower,1,0,0,2,3,0,2,2,0,4,1,2,2,2,7,0,0,0,7
02/24/2023,VCV,CA,AWP,WE,Federal Contract Tower,1,2,0,1,4,0,0,0,0,0,1,2,0,1,4,0,0,0,4
02/25/2023,VCV,CA,AWP,WE,Federal Contract Tower,0,0,0,0,0,0,0,0,0,0,0,0,0,0,0,0,0,0,0
02/26/2023,VCV,CA,AWP,WE,Federal Contract Tower,0,0,0,0,0,0,7,0,0,7,0,7,0,0,7,8,0,8,15
02/27/2023,VCV,CA,AWP,WE,Federal Contract Tower,4,1,0,0,5,0,6,2,7,15,4,7,2,7,20,6,14,20,40
02/28/2023,VCV,CA,AWP,WE,Federal Contract Tower,2,6,0,0,8,0,1,4,1,6,2,7,4,1,14,2,0,2,16
03/01/2023,VCV,CA,AWP,WE,Federal Contract Tower,2,4,0,0,6,0,3,0,0,3,2,7,0,0,9,0,0,0,9
03/02/2023,VCV,CA,AWP,WE,Federal Contract Tower,3,4,2,2,11,0,14,23,2,39,3,18,25,4,50,42,6,48,98
03/03/2023,VCV,CA,AWP,WE,Federal Contract Tower,2,1,3,0,6,0,16,17,6,39,2,17,20,6,45,18,0,18,63
03/04/2023,VCV,CA,AWP,WE,Federal Contract Tower,0,2,0,0,2,2,1,3,0,6,2,3,3,0,8,0,0,0,8
03/05/2023,VCV,CA,AWP,WE,Federal Contract Tower,1,0,0,0,1,0,4,0,0,4,1,4,0,0,5,0,0,0,5
03/06/2023,VCV,CA,AWP,WE,Federal Contract Tower,2,0,1,0,3,0,6,13,0,19,2,6,14,0,22,0,0,0,22
03/07/2023,VCV,CA,AWP,WE,Federal Contract Tower,3,4,0,5,12,1,3,15,8,27,4,7,15,13,39,4,34,38,77
03/08/2023,VCV,CA,AWP,WE,Federal Contract Tower,2,5,0,4,11,11,7,15,6,39,13,12,15,10,50,0,30,30,80
03/09/2023,VCV,CA,AWP,WE,Federal Contract Tower,2,1,0,0,3,4,3,17,0,24,6,4,17,0,27,14,0,14,41
03/10/2023,VCV,CA,AWP,WE,Federal Contract Tower,3,0,0,0,3,0,2,0,1,3,3,2,0,1,6,0,0,0,6
03/11/2023,VCV,CA,AWP,WE,Federal Contract Tower,4,2,0,0,6,0,0,6,12,18,4,2,6,12,24,0,18,18,42
03/12/2023,VCV,CA,AWP,WE,Federal Contract Tower,1,0,0,0,1,0,4,0,8,12,1,4,0,8,13,0,4,4,17
03/13/2023,VCV,CA,AWP,WE,Federal Contract Tower,0,0,0,6,6,0,4,9,11,24,0,4,9,17,30,8,16,24,54
03/14/2023,VCV,CA,AWP,WE,Federal Contract Tower,6,6,0,1,13,0,0,1,0,1,6,6,1,1,14,0,0,0,14
03/15/2023,VCV,CA,AWP,WE,Federal Contract Tower,4,2,0,0,6,0,0,2,0,2,4,2,2,0,8,0,0,0,8
03/16/2023,VCV,CA,AWP,WE,Federal Contract Tower,8,1,2,0,11,0,13,12,0,25,8,14,14,0,36,6,0,6,42
03/17/2023,VCV,CA,AWP,WE,Federal Contract Tower,5,0,2,0,7,0,9,9,1,19,5,9,11,1,26,24,28,52,78
03/18/2023,VCV,CA,AWP,WE,Federal Contract Tower,4,0,2,0,6,0,1,11,4,16,4,1,13,4,22,10,12,22,44
03/19/2023,VCV,CA,AWP,WE,Federal Contract Tower,2,0,0,0,2,0,0,9,0,9,2,0,9,0,11,0,0,0,11
03/20/2023,VCV,CA,AWP,WE,Federal Contract Tower,2,2,2,0,6,0,1,5,1,7,2,3,7,1,13,0,0,0,13
03/21/2023,VCV,CA,AWP,WE,Federal Contract Tower,1,2,0,0,3,0,2,2,0,4,1,4,2,0,7,0,0,0,7
03/22/2023,VCV,CA,AWP,WE,Federal Contract Tower,2,7,0,2,11,0,4,0,0,4,2,11,0,2,15,4,0,4,19
03/23/2023,VCV,CA,AWP,WE,Federal Contract Tower,0,3,3,0,6,0,3,5,0,8,0,6,8,0,14,10,0,10,24
03/24/2023,VCV,CA,AWP,WE,Federal Contract Tower,3,0,0,0,3,0,11,7,0,18,3,11,7,0,21,0,0,0,21
03/25/2023,VCV,CA,AWP,WE,Federal Contract Tower,2,3,1,0,6,0,11,7,0,18,2,14,8,0,24,8,6,14,38
03/26/2023,VCV,CA,AWP,WE,Federal Contract Tower,6,0,0,0,6,0,6,0,2,8,6,6,0,2,14,0,0,0,14
03/27/2023,VCV,CA,AWP,WE,Federal Contract Tower,2,0,0,2,4,0,10,10,4,24,2,10,10,6,28,6,0,6,34
03/28/2023,VCV,CA,AWP,WE,Federal Contract Tower,1,2,2,0,5,0,16,11,26,53,1,18,13,26,58,12,0,12,70
03/29/2023,VCV,CA,AWP,WE,Federal Contract Tower,1,3,0,4,8,0,1,0,1,2,1,4,0,5,10,0,0,0,10
03/30/2023,VCV,CA,AWP,WE,Federal Contract Tower,2,2,0,0,4,0,4,1,5,10,2,6,1,5,14,16,2,18,32
03/31/2023,VCV,CA,AWP,WE,Federal Contract Tower,2,1,11,16,30,0,13,13,3,29,2,14,24,19,59,2,4,6,65
04/01/2023,VCV,CA,AWP,WE,Federal Contract Tower,1,2,0,0,3,0,5,5,2,12,1,7,5,2,15,10,0,10,25
04/02/2023,VCV,CA,AWP,WE,Federal Contract Tower,9,1,0,1,11,0,2,9,2,13,9,3,9,3,24,14,6,20,44
04/03/2023,VCV,CA,AWP,WE,Federal Contract Tower,3,0,0,0,3,0,1,5,0,6,3,1,5,0,9,0,0,0,9
04/04/2023,VCV,CA,AWP,WE,Federal Contract Tower,0,4,0,0,4,0,11,10,5,26,0,15,10,5,30,0,8,8,38
04/05/2023,VCV,CA,AWP,WE,Federal Contract Tower,0,3,0,1,4,0,4,5,4,13,0,7,5,5,17,6,4,10,27
04/06/2023,VCV,CA,AWP,WE,Federal Contract Tower,4,0,3,0,7,0,3,7,3,13,4,3,10,3,20,6,14,20,40
04/07/2023,VCV,CA,AWP,WE,Federal Contract Tower,0,0,0,0,0,0,5,7,6,18,0,5,7,6,18,8,10,18,36
04/08/2023,VCV,CA,AWP,WE,Federal Contract Tower,2,0,0,4,6,0,4,5,7,16,2,4,5,11,22,10,0,10,32
04/09/2023,VCV,CA,AWP,WE,Federal Contract Tower,0,0,1,0,1,0,1,5,0,6,0,1,6,0,7,2,0,2,9
04/10/2023,VCV,CA,AWP,WE,Federal Contract Tower,1,0,2,0,3,0,10,14,0,24,1,10,16,0,27,7,0,7,34
04/11/2023,VCV,CA,AWP,WE,Federal Contract Tower,1,1,0,8,10,0,4,8,3,15,1,5,8,11,25,26,46,72,97
04/12/2023,VCV,CA,AWP,WE,Federal Contract Tower,2,6,0,8,16,0,6,4,29,39,2,12,4,37,55,6,6,12,67
04/13/2023,VCV,CA,AWP,WE,Federal Contract Tower,4,4,0,2,10,0,15,6,2,23,4,19,6,4,33,14,0,14,47
04/14/2023,VCV,CA,AWP,WE,Federal Contract Tower,5,2,0,0,7,0,10,6,0,16,5,12,6,0,23,6,0,6,29
04/15/2023,VCV,CA,AWP,WE,Federal Contract Tower,0,0,4,0,4,0,2,11,0,13,0,2,15,0,17,2,0,2,19
04/16/2023,VCV,CA,AWP,WE,Federal Contract Tower,0,0,0,0,0,0,6,7,0,13,0,6,7,0,13,0,0,0,13
04/17/2023,VCV,CA,AWP,WE,Federal Contract Tower,3,4,2,2,11,0,6,8,1,15,3,10,10,3,26,16,0,16,42
04/18/2023,VCV,CA,AWP,WE,Federal Contract Tower,3,1,0,0,4,0,6,4,2,12,3,7,4,2,16,4,8,12,28
04/19/2023,VCV,CA,AWP,WE,Federal Contract Tower,1,2,1,0,4,0,7,2,1,10,1,9,3,1,14,0,8,8,22
04/20/2023,VCV,CA,AWP,WE,Federal Contract Tower,7,0,0,0,7,9,3,14,0,26,16,3,14,0,33,26,14,40,73
04/21/2023,VCV,CA,AWP,WE,Federal Contract Tower,1,0,1,2,4,14,5,9,0,28,15,5,10,2,32,2,12,14,46
04/22/2023,VCV,CA,AWP,WE,Federal Contract Tower,2,0,1,0,3,5,8,5,0,18,7,8,6,0,21,32,0,32,53
04/23/2023,VCV,CA,AWP,WE,Federal Contract Tower,2,0,1,0,3,0,6,30,0,36,2,6,31,0,39,4,0,4,43
04/24/2023,VCV,CA,AWP,WE,Federal Contract Tower,1,0,0,2,3,1,3,5,4,13,2,3,5,6,16,2,2,4,20
04/25/2023,VCV,CA,AWP,WE,Federal Contract Tower,5,1,1,2,9,0,4,9,13,26,5,5,10,15,35,18,18,36,71
04/26/2023,VCV,CA,AWP,WE,Federal Contract Tower,1,0,0,0,1,1,4,15,2,22,2,4,15,2,23,0,0,0,23
04/27/2023,VCV,CA,AWP,WE,Federal Contract Tower,4,0,4,4,12,1,3,7,0,11,5,3,11,4,23,38,0,38,61
04/28/2023,VCV,CA,AWP,WE,Federal Contract Tower,4,0,2,0,6,0,5,3,0,8,4,5,5,0,14,0,0,0,14
04/29/2023,VCV,CA,AWP,WE,Federal Contract Tower,2,0,0,0,2,0,5,8,0,13,2,5,8,0,15,22,0,22,37
04/30/2023,VCV,CA,AWP,WE,Federal Contract Tower,1,0,0,2,3,0,5,6,0,11,1,5,6,2,14,14,0,14,28
05/01/2023,VCV,CA,AWP,WE,Federal Contract Tower,1,0,1,1,3,0,7,5,8,20,1,7,6,9,23,8,0,8,31
05/02/2023,VCV,CA,AWP,WE,Federal Contract Tower,3,1,0,2,6,4,2,4,6,16,7,3,4,8,22,8,0,8,30
05/03/2023,VCV,CA,AWP,WE,Federal Contract Tower,1,2,1,11,15,0,4,5,27,36,1,6,6,38,51,0,0,0,51
05/04/2023,VCV,CA,AWP,WE,Federal Contract Tower,0,0,0,2,2,0,2,0,2,4,0,2,0,4,6,0,0,0,6
05/05/2023,VCV,CA,AWP,WE,Federal Contract Tower,5,0,0,0,5,6,6,5,0,17,11,6,5,0,22,0,0,0,22
05/06/2023,VCV,CA,AWP,WE,Federal Contract Tower,2,4,1,0,7,10,3,14,6,33,12,7,15,6,40,6,0,6,46
05/07/2023,VCV,CA,AWP,WE,Federal Contract Tower,0,1,0,0,1,0,8,2,0,10,0,9,2,0,11,4,0,4,15
05/08/2023,VCV,CA,AWP,WE,Federal Contract Tower,0,0,0,2,2,6,2,9,1,18,6,2,9,3,20,10,0,10,30
05/09/2023,VCV,CA,AWP,WE,Federal Contract Tower,4,2,0,0,6,0,6,4,2,12,4,8,4,2,18,6,0,6,24
05/10/2023,VCV,CA,AWP,WE,Federal Contract Tower,9,2,0,0,11,0,4,2,6,12,9,6,2,6,23,0,0,0,23
05/11/2023,VCV,CA,AWP,WE,Federal Contract Tower,1,2,10,1,14,0,4,6,0,10,1,6,16,1,24,30,0,30,54
05/12/2023,VCV,CA,AWP,WE,Federal Contract Tower,3,5,3,0,11,1,8,16,0,25,4,13,19,0,36,18,0,18,54
05/13/2023,VCV,CA,AWP,WE,Federal Contract Tower,5,0,4,1,10,0,3,9,6,18,5,3,13,7,28,4,8,12,40
05/14/2023,VCV,CA,AWP,WE,Federal Contract Tower,1,0,1,0,2,0,7,3,4,14,1,7,4,4,16,6,0,6,22
05/15/2023,VCV,CA,AWP,WE,Federal Contract Tower,3,3,3,2,11,0,5,15,21,41,3,8,18,23,52,8,0,8,60
05/16/2023,VCV,CA,AWP,WE,Federal Contract Tower,4,2,1,2,9,2,6,18,9,35,6,8,19,11,44,4,16,20,64
05/17/2023,VCV,CA,AWP,WE,Federal Contract Tower,4,3,3,0,10,0,6,1,0,7,4,9,4,0,17,0,0,0,17
05/18/2023,VCV,CA,AWP,WE,Federal Contract Tower,6,0,2,0,8,0,3,5,6,14,6,3,7,6,22,0,6,6,28
05/19/2023,VCV,CA,AWP,WE,Federal Contract Tower,3,3,3,0,9,0,2,5,4,11,3,5,8,4,20,0,14,14,34
05/20/2023,VCV,CA,AWP,WE,Federal Contract Tower,3,0,1,0,4,8,2,10,0,20,11,2,11,0,24,0,0,0,24
05/21/2023,VCV,CA,AWP,WE,Federal Contract Tower,0,0,2,0,2,0,4,5,8,17,0,4,7,8,19,20,0,20,39
05/22/2023,VCV,CA,AWP,WE,Federal Contract Tower,6,5,0,0,11,0,8,7,0,15,6,13,7,0,26,4,0,4,30
05/23/2023,VCV,CA,AWP,WE,Federal Contract Tower,2,2,3,1,8,0,2,3,8,13,2,4,6,9,21,6,30,36,57
05/24/2023,VCV,CA,AWP,WE,Federal Contract Tower,1,2,1,0,4,0,41,16,0,57,1,43,17,0,61,0,0,0,61
05/25/2023,VCV,CA,AWP,WE,Federal Contract Tower,3,0,1,0,4,0,2,6,0,8,3,2,7,0,12,8,6,14,26
05/26/2023,VCV,CA,AWP,WE,Federal Contract Tower,8,0,5,0,13,0,3,7,0,10,8,3,12,0,23,4,20,24,47
05/27/2023,VCV,CA,AWP,WE,Federal Contract Tower,3,5,0,0,8,0,8,13,0,21,3,13,13,0,29,2,0,2,31
05/28/2023,VCV,CA,AWP,WE,Federal Contract Tower,0,0,3,0,3,0,5,5,0,10,0,5,8,0,13,0,0,0,13
05/29/2023,VCV,CA,AWP,WE,Federal Contract Tower,1,0,0,0,1,0,7,4,0,11,1,7,4,0,12,4,0,4,16
05/30/2023,VCV,CA,AWP,WE,Federal Contract Tower,5,0,3,2,10,0,7,7,0,14,5,7,10,2,24,2,20,22,46
05/31/2023,VCV,CA,AWP,WE,Federal Contract Tower,3,1,5,0,9,0,11,5,7,23,3,12,10,7,32,4,6,10,42
06/01/2023,VCV,CA,AWP,WE,Federal Contract Tower,2,1,1,0,4,0,15,7,0,22,2,16,8,0,26,14,16,30,56
06/02/2023,VCV,CA,AWP,WE,Federal Contract Tower,2,3,1,0,6,0,1,8,0,9,2,4,9,0,15,8,0,8,23
06/03/2023,VCV,CA,AWP,WE,Federal Contract Tower,0,0,0,0,0,0,0,7,0,7,0,0,7,0,7,0,0,0,7
06/04/2023,VCV,CA,AWP,WE,Federal Contract Tower,1,0,0,0,1,0,5,1,0,6,1,5,1,0,7,2,0,2,9
06/05/2023,VCV,CA,AWP,WE,Federal Contract Tower,2,0,0,0,2,1,11,2,4,18,3,11,2,4,20,16,8,24,44
06/06/2023,VCV,CA,AWP,WE,Federal Contract Tower,3,4,1,1,9,0,6,3,1,10,3,10,4,2,19,14,0,14,33
06/07/2023,VCV,CA,AWP,WE,Federal Contract Tower,1,3,2,0,6,0,5,15,4,24,1,8,17,4,30,8,6,14,44
06/08/2023,VCV,CA,AWP,WE,Federal Contract Tower,0,3,0,2,5,0,7,8,9,24,0,10,8,11,29,14,18,32,61
06/09/2023,VCV,CA,AWP,WE,Federal Contract Tower,2,0,1,0,3,0,4,6,7,17,2,4,7,7,20,4,10,14,34
06/10/2023,VCV,CA,AWP,WE,Federal Contract Tower,2,0,1,4,7,0,4,13,13,30,2,4,14,17,37,10,8,18,55
06/11/2023,VCV,CA,AWP,WE,Federal Contract Tower,0,0,2,0,2,0,2,2,0,4,0,2,4,0,6,2,0,2,8
06/12/2023,VCV,CA,AWP,WE,Federal Contract Tower,0,3,0,1,4,0,4,3,2,9,0,7,3,3,13,0,6,6,19
06/13/2023,VCV,CA,AWP,WE,Federal Contract Tower,4,3,0,0,7,0,5,2,3,10,4,8,2,3,17,0,0,0,17
06/14/2023,VCV,CA,AWP,WE,Federal Contract Tower,3,1,3,1,8,0,2,4,5,11,3,3,7,6,19,5,34,39,58
06/15/2023,VCV,CA,AWP,WE,Federal Contract Tower,1,0,1,7,9,0,5,9,2,16,1,5,10,9,25,4,12,16,41
06/16/2023,VCV,CA,AWP,WE,Federal Contract Tower,2,6,0,0,8,0,5,1,0,6,2,11,1,0,14,10,0,10,24
06/17/2023,VCV,CA,AWP,WE,Federal Contract Tower,0,0,0,0,0,0,2,2,0,4,0,2,2,0,4,2,0,2,6
06/18/2023,VCV,CA,AWP,WE,Federal Contract Tower,2,0,1,0,3,0,7,7,0,14,2,7,8,0,17,6,0,6,23
06/19/2023,VCV,CA,AWP,WE,Federal Contract Tower,1,1,1,1,4,0,8,5,0,13,1,9,6,1,17,0,6,6,23
06/20/2023,VCV,CA,AWP,WE,Federal Contract Tower,3,3,3,0,9,0,5,5,3,13,3,8,8,3,22,0,31,31,53
06/21/2023,VCV,CA,AWP,WE,Federal Contract Tower,2,0,0,10,12,0,4,6,0,10,2,4,6,10,22,4,0,4,26
06/22/2023,VCV,CA,AWP,WE,Federal Contract Tower,1,2,0,0,3,0,0,6,0,6,1,2,6,0,9,6,0,6,15
06/23/2023,VCV,CA,AWP,WE,Federal Contract Tower,2,0,0,0,2,0,6,4,2,12,2,6,4,2,14,12,0,12,26
06/24/2023,VCV,CA,AWP,WE,Federal Contract Tower,0,1,1,0,2,0,3,9,1,13,0,4,10,1,15,12,2,14,29
06/25/2023,VCV,CA,AWP,WE,Federal Contract Tower,0,0,0,0,0,1,13,2,1,17,1,13,2,1,17,4,0,4,21
06/26/2023,VCV,CA,AWP,WE,Federal Contract Tower,2,0,3,0,5,0,6,6,8,20,2,6,9,8,25,22,14,36,61
06/27/2023,VCV,CA,AWP,WE,Federal Contract Tower,3,1,0,11,15,0,8,6,16,30,3,9,6,27,45,10,16,26,71
06/28/2023,VCV,CA,AWP,WE,Federal Contract Tower,2,0,0,0,2,0,7,6,8,21,2,7,6,8,23,8,0,8,31
06/29/2023,VCV,CA,AWP,WE,Federal Contract Tower,2,5,3,2,12,0,5,2,0,7,2,10,5,2,19,8,0,8,27
06/30/2023,VCV,CA,AWP,WE,Federal Contract Tower,1,0,0,1,2,0,5,6,5,16,1,5,6,6,18,0,0,0,18
07/01/2023,VCV,CA,AWP,WE,Federal Contract Tower,1,0,0,0,1,0,7,7,0,14,1,7,7,0,15,0,0,0,15
07/02/2023,VCV,CA,AWP,WE,Federal Contract Tower,0,0,0,0,0,0,6,2,0,8,0,6,2,0,8,0,0,0,8
07/03/2023,VCV,CA,AWP,WE,Federal Contract Tower,0,0,0,0,0,0,3,1,0,4,0,3,1,0,4,0,0,0,4
07/04/2023,VCV,CA,AWP,WE,Federal Contract Tower,0,0,0,0,0,0,1,2,0,3,0,1,2,0,3,0,0,0,3
07/05/2023,VCV,CA,AWP,WE,Federal Contract Tower,1,0,3,2,6,0,2,9,4,15,1,2,12,6,21,0,0,0,21
07/06/2023,VCV,CA,AWP,WE,Federal Contract Tower,1,3,3,3,10,0,7,2,6,15,1,10,5,9,25,14,6,20,45
07/07/2023,VCV,CA,AWP,WE,Federal Contract Tower,3,0,2,2,7,2,2,4,2,10,5,2,6,4,17,12,16,28,45
07/08/2023,VCV,CA,AWP,WE,Federal Contract Tower,6,0,0,0,6,0,1,3,0,4,6,1,3,0,10,6,0,6,16
07/09/2023,VCV,CA,AWP,WE,Federal Contract Tower,2,0,0,0,2,1,6,8,0,15,3,6,8,0,17,0,0,0,17
07/10/2023,VCV,CA,AWP,WE,Federal Contract Tower,0,2,0,0,2,0,9,0,0,9,0,11,0,0,11,0,0,0,11
07/11/2023,VCV,CA,AWP,WE,Federal Contract Tower,0,1,2,2,5,0,5,8,6,19,0,6,10,8,24,8,0,8,32
07/12/2023,VCV,CA,AWP,WE,Federal Contract Tower,2,1,0,0,3,0,10,3,0,13,2,11,3,0,16,6,0,6,22
07/13/2023,VCV,CA,AWP,WE,Federal Contract Tower,1,3,1,0,5,0,10,6,0,16,1,13,7,0,21,8,0,8,29
07/14/2023,VCV,CA,AWP,WE,Federal Contract Tower,4,0,0,1,5,0,7,16,13,36,4,7,16,14,41,0,8,8,49
07/15/2023,VCV,CA,AWP,WE,Federal Contract Tower,0,0,0,0,0,0,5,1,0,6,0,5,1,0,6,6,0,6,12
07/16/2023,VCV,CA,AWP,WE,Federal Contract Tower,1,0,0,0,1,0,4,1,0,5,1,4,1,0,6,8,0,8,14
07/17/2023,VCV,CA,AWP,WE,Federal Contract Tower,2,0,1,2,5,0,0,8,8,16,2,0,9,10,21,6,0,6,27
07/18/2023,VCV,CA,AWP,WE,Federal Contract Tower,2,1,0,0,3,0,7,2,2,11,2,8,2,2,14,0,0,0,14
07/19/2023,VCV,CA,AWP,WE,Federal Contract Tower,0,1,0,3,4,0,8,11,8,27,0,9,11,11,31,6,2,8,39
07/20/2023,VCV,CA,AWP,WE,Federal Contract Tower,0,1,4,0,5,0,5,1,4,10,0,6,5,4,15,0,0,0,15
07/21/2023,VCV,CA,AWP,WE,Federal Contract Tower,2,0,1,0,3,0,2,4,3,9,2,2,5,3,12,12,0,12,24
07/22/2023,VCV,CA,AWP,WE,Federal Contract Tower,1,0,2,0,3,0,2,0,0,2,1,2,2,0,5,0,0,0,5
07/23/2023,VCV,CA,AWP,WE,Federal Contract Tower,1,0,1,0,2,0,5,6,0,11,1,5,7,0,13,0,0,0,13
07/24/2023,VCV,CA,AWP,WE,Federal Contract Tower,0,0,5,0,5,0,6,6,0,12,0,6,11,0,17,14,0,14,31
07/25/2023,VCV,CA,AWP,WE,Federal Contract Tower,1,1,0,2,4,0,5,12,3,20,1,6,12,5,24,12,36,48,72
07/26/2023,VCV,CA,AWP,WE,Federal Contract Tower,0,4,0,2,6,0,6,2,0,8,0,10,2,2,14,0,0,0,14
07/27/2023,VCV,CA,AWP,WE,Federal Contract Tower,1,1,1,0,3,0,3,3,0,6,1,4,4,0,9,0,0,0,9
07/28/2023,VCV,CA,AWP,WE,Federal Contract Tower,3,0,1,0,4,0,8,6,0,14,3,8,7,0,18,0,0,0,18
07/29/2023,VCV,CA,AWP,WE,Federal Contract Tower,1,4,0,0,5,0,6,5,0,11,1,10,5,0,16,0,0,0,16
07/30/2023,VCV,CA,AWP,WE,Federal Contract Tower,1,0,0,0,1,0,8,4,0,12,1,8,4,0,13,8,0,8,21
07/31/2023,VCV,CA,AWP,WE,Federal Contract Tower,2,0,0,0,2,0,4,2,0,6,2,4,2,0,8,0,0,0,8
08/01/2023,VCV,CA,AWP,WE,Federal Contract Tower,2,3,0,0,5,0,7,3,0,10,2,10,3,0,15,0,0,0,15
08/02/2023,VCV,CA,AWP,WE,Federal Contract Tower,1,1,3,2,7,0,5,10,0,15,1,6,13,2,22,4,0,4,26
08/03/2023,VCV,CA,AWP,WE,Federal Contract Tower,1,0,0,0,1,0,2,9,0,11,1,2,9,0,12,2,0,2,14
08/04/2023,VCV,CA,AWP,WE,Federal Contract Tower,4,0,0,0,4,0,4,6,3,13,4,4,6,3,17,14,0,14,31
08/06/2023,VCV,CA,AWP,WE,Federal Contract Tower,2,0,1,1,4,1,6,9,19,35,3,6,10,20,39,6,26,32,71
08/07/2023,VCV,CA,AWP,WE,Federal Contract Tower,0,2,0,0,2,0,2,6,0,8,0,4,6,0,10,2,0,2,12
08/08/2023,VCV,CA,AWP,WE,Federal Contract Tower,2,5,1,0,8,0,6,7,0,13,2,11,8,0,21,4,0,4,25
08/09/2023,VCV,CA,AWP,WE,Federal Contract Tower,1,4,2,2,9,0,7,22,0,29,1,11,24,2,38,16,20,36,74
08/11/2023,VCV,CA,AWP,WE,Federal Contract Tower,3,0,1,0,4,0,13,1,1,15,3,13,2,1,19,0,0,0,19
08/12/2023,VCV,CA,AWP,WE,Federal Contract Tower,0,1,0,0,1,0,12,5,0,17,0,13,5,0,18,0,0,0,18
08/13/2023,VCV,CA,AWP,WE,Federal Contract Tower,0,0,0,0,0,0,2,3,0,5,0,2,3,0,5,0,0,0,5
08/14/2023,VCV,CA,AWP,WE,Federal Contract Tower,0,0,1,2,3,0,3,8,0,11,0,3,9,2,14,18,0,18,32
08/15/2023,VCV,CA,AWP,WE,Federal Contract Tower,2,7,0,0,9,1,5,10,2,18,3,12,10,2,27,0,0,0,27
08/16/2023,VCV,CA,AWP,WE,Federal Contract Tower,1,3,0,0,4,0,11,9,0,20,1,14,9,0,24,4,0,4,28
08/17/2023,VCV,CA,AWP,WE,Federal Contract Tower,0,0,0,7,7,0,7,22,1,30,0,7,22,8,37,8,16,24,61
08/18/2023,VCV,CA,AWP,WE,Federal Contract Tower,1,2,0,0,3,0,4,1,6,11,1,6,1,6,14,10,0,10,24
08/19/2023,VCV,CA,AWP,WE,Federal Contract Tower,1,11,0,1,13,0,3,0,0,3,1,14,0,1,16,0,0,0,16
08/20/2023,VCV,CA,AWP,WE,Federal Contract Tower,0,0,0,0,0,0,0,0,0,0,0,0,0,0,0,0,0,0,0
08/21/2023,VCV,CA,AWP,WE,Federal Contract Tower,1,0,2,3,6,0,6,4,0,10,1,6,6,3,16,0,0,0,16
08/23/2023,VCV,CA,AWP,WE,Federal Contract Tower,0,4,0,0,4,0,3,9,0,12,0,7,9,0,16,14,0,14,30
08/24/2023,VCV,CA,AWP,WE,Federal Contract Tower,3,2,0,0,5,2,11,12,8,33,5,13,12,8,38,6,4,10,48
08/25/2023,VCV,CA,AWP,WE,Federal Contract Tower,2,1,0,3,6,0,6,3,7,16,2,7,3,10,22,0,0,0,22
08/26/2023,VCV,CA,AWP,WE,Federal Contract Tower,2,0,2,0,4,0,8,10,2,20,2,8,12,2,24,8,0,8,32
08/27/2023,VCV,CA,AWP,WE,Federal Contract Tower,1,0,1,0,2,0,10,8,0,18,1,10,9,0,20,36,0,36,56
08/28/2023,VCV,CA,AWP,WE,Federal Contract Tower,1,2,0,1,4,0,6,5,1,12,1,8,5,2,16,6,8,14,30
08/29/2023,VCV,CA,AWP,WE,Federal Contract Tower,7,1,0,0,8,0,6,14,8,28,7,7,14,8,36,16,14,30,66
08/30/2023,VCV,CA,AWP,WE,Federal Contract Tower,5,3,0,0,8,0,6,2,0,8,5,9,2,0,16,0,0,0,16
08/31/2023,VCV,CA,AWP,WE,Federal Contract Tower,3,0,1,4,8,0,13,5,8,26,3,13,6,12,34,8,24,32,66
