01/01/2000,VLD,GA,ASO,ES,Federal Contract Tower,0,3,7,0,10,0,4,34,0,38,0,7,41,0,48,54,0,54,102
01/02/2000,VLD,GA,ASO,ES,Federal Contract Tower,0,8,13,0,21,0,2,60,0,62,0,10,73,0,83,58,0,58,141
01/03/2000,VLD,GA,ASO,ES,Federal Contract Tower,0,13,17,6,36,0,2,38,8,48,0,15,55,14,84,46,14,60,144
01/04/2000,VLD,GA,ASO,ES,Federal Contract Tower,0,13,17,6,36,0,1,12,6,19,0,14,29,12,55,16,12,28,83
01/05/2000,VLD,GA,ASO,ES,Federal Contract Tower,0,13,18,6,37,0,1,46,0,47,0,14,64,6,84,50,0,50,134
01/06/2000,VLD,GA,ASO,ES,Federal Contract Tower,0,13,23,8,44,0,0,18,12,30,0,13,41,20,74,64,16,80,154
01/07/2000,VLD,GA,ASO,ES,Federal Contract Tower,0,11,15,4,30,0,2,49,0,51,0,13,64,4,81,50,28,78,159
01/08/2000,VLD,GA,ASO,ES,Federal Contract Tower,0,7,9,0,16,0,2,61,0,63,0,9,70,0,79,66,0,66,145
01/09/2000,VLD,GA,ASO,ES,Federal Contract Tower,0,10,14,0,24,0,1,50,0,51,0,11,64,0,75,68,0,68,143
01/10/2000,VLD,GA,ASO,ES,Federal Contract Tower,0,14,21,7,42,0,0,16,19,35,0,14,37,26,77,18,56,74,151
01/11/2000,VLD,GA,ASO,ES,Federal Contract Tower,0,13,17,6,36,0,2,69,2,73,0,15,86,8,109,74,24,98,207
01/12/2000,VLD,GA,ASO,ES,Federal Contract Tower,0,14,23,8,45,0,0,38,6,44,0,14,61,14,89,26,72,98,187
01/13/2000,VLD,GA,ASO,ES,Federal Contract Tower,0,14,18,6,38,0,1,38,6,45,0,15,56,12,83,58,84,142,225
01/14/2000,VLD,GA,ASO,ES,Federal Contract Tower,0,13,18,6,37,0,0,47,2,49,0,13,65,8,86,34,64,98,184
01/15/2000,VLD,GA,ASO,ES,Federal Contract Tower,0,9,15,0,24,0,0,77,0,77,0,9,92,0,101,50,0,50,151
01/16/2000,VLD,GA,ASO,ES,Federal Contract Tower,0,7,10,2,19,0,3,61,0,64,0,10,71,2,83,50,0,50,133
01/17/2000,VLD,GA,ASO,ES,Federal Contract Tower,0,9,12,0,21,0,2,45,0,47,0,11,57,0,68,14,0,14,82
01/18/2000,VLD,GA,ASO,ES,Federal Contract Tower,0,11,18,6,35,0,0,33,11,44,0,11,51,17,79,20,40,60,139
01/19/2000,VLD,GA,ASO,ES,Federal Contract Tower,0,13,17,6,36,0,0,42,11,53,0,13,59,17,89,16,40,56,145
01/20/2000,VLD,GA,ASO,ES,Federal Contract Tower,0,13,21,6,40,0,0,48,4,52,0,13,69,10,92,30,36,66,158
01/21/2000,VLD,GA,ASO,ES,Federal Contract Tower,0,13,20,6,39,0,0,48,4,52,0,13,68,10,91,51,108,159,250
01/22/2000,VLD,GA,ASO,ES,Federal Contract Tower,0,8,11,0,19,0,0,84,0,84,0,8,95,0,103,120,0,120,223
01/23/2000,VLD,GA,ASO,ES,Federal Contract Tower,0,7,11,0,18,0,1,15,0,16,0,8,26,0,34,46,0,46,80
01/24/2000,VLD,GA,ASO,ES,Federal Contract Tower,0,12,14,5,31,0,3,0,9,12,0,15,14,14,43,0,14,14,57
01/25/2000,VLD,GA,ASO,ES,Federal Contract Tower,0,11,17,5,33,0,0,49,13,62,0,11,66,18,95,12,52,64,159
01/26/2000,VLD,GA,ASO,ES,Federal Contract Tower,0,13,19,5,37,0,0,48,11,59,0,13,67,16,96,28,54,82,178
01/27/2000,VLD,GA,ASO,ES,Federal Contract Tower,0,11,15,4,30,0,2,42,2,46,0,13,57,6,76,34,94,128,204
01/28/2000,VLD,GA,ASO,ES,Federal Contract Tower,0,4,11,3,18,0,0,31,7,38,0,4,42,10,56,20,32,52,108
01/29/2000,VLD,GA,ASO,ES,Federal Contract Tower,0,0,1,1,2,0,0,0,6,6,0,0,1,7,8,0,0,0,8
01/30/2000,VLD,GA,ASO,ES,Federal Contract Tower,0,4,6,0,10,0,0,5,0,5,0,4,11,0,15,0,0,0,15
01/31/2000,VLD,GA,ASO,ES,Federal Contract Tower,0,9,12,3,24,0,7,57,25,89,0,16,69,28,113,88,78,166,279
02/01/2000,VLD,GA,ASO,ES,Federal Contract Tower,0,13,18,5,36,0,0,49,3,52,0,13,67,8,88,86,0,86,174
02/02/2000,VLD,GA,ASO,ES,Federal Contract Tower,0,12,14,4,30,0,1,52,7,60,0,13,66,11,90,82,63,145,235
02/03/2000,VLD,GA,ASO,ES,Federal Contract Tower,0,15,20,5,40,0,0,39,13,52,0,15,59,18,92,22,98,120,212
02/04/2000,VLD,GA,ASO,ES,Federal Contract Tower,0,12,21,6,39,0,0,43,6,49,0,12,64,12,88,16,60,76,164
02/05/2000,VLD,GA,ASO,ES,Federal Contract Tower,0,7,8,0,15,0,2,73,0,75,0,9,81,0,90,56,0,56,146
02/06/2000,VLD,GA,ASO,ES,Federal Contract Tower,0,7,8,0,15,0,5,79,0,84,0,12,87,0,99,98,0,98,197
02/07/2000,VLD,GA,ASO,ES,Federal Contract Tower,0,14,14,4,32,0,1,37,6,44,0,15,51,10,76,12,44,56,132
02/08/2000,VLD,GA,ASO,ES,Federal Contract Tower,0,11,11,0,22,0,2,70,0,72,0,13,81,0,94,46,18,64,158
02/09/2000,VLD,GA,ASO,ES,Federal Contract Tower,0,12,21,6,39,0,0,37,10,47,0,12,58,16,86,50,54,104,190
02/10/2000,VLD,GA,ASO,ES,Federal Contract Tower,0,0,0,0,0,0,15,63,4,82,0,15,63,4,82,36,46,82,164
02/11/2000,VLD,GA,ASO,ES,Federal Contract Tower,0,15,22,6,43,0,0,39,2,41,0,15,61,8,84,48,28,76,160
02/12/2000,VLD,GA,ASO,ES,Federal Contract Tower,0,5,6,0,11,0,6,53,0,59,0,11,59,0,70,68,0,68,138
02/13/2000,VLD,GA,ASO,ES,Federal Contract Tower,0,8,9,0,17,0,2,65,0,67,0,10,74,0,84,76,0,76,160
02/14/2000,VLD,GA,ASO,ES,Federal Contract Tower,0,18,20,6,44,0,1,29,0,30,0,19,49,6,74,30,60,90,164
02/15/2000,VLD,GA,ASO,ES,Federal Contract Tower,0,14,14,2,30,0,2,49,0,51,0,16,63,2,81,50,0,50,131
02/16/2000,VLD,GA,ASO,ES,Federal Contract Tower,0,12,13,4,29,0,1,67,0,68,0,13,80,4,97,60,0,60,157
02/17/2000,VLD,GA,ASO,ES,Federal Contract Tower,0,20,22,4,46,0,8,35,0,43,0,28,57,4,89,36,32,68,157
02/18/2000,VLD,GA,ASO,ES,Federal Contract Tower,0,17,19,2,38,0,8,47,0,55,0,25,66,2,93,58,12,70,163
02/19/2000,VLD,GA,ASO,ES,Federal Contract Tower,0,10,11,0,21,0,2,31,0,33,0,12,42,0,54,2,0,2,56
02/20/2000,VLD,GA,ASO,ES,Federal Contract Tower,0,12,14,0,26,0,0,67,0,67,0,12,81,0,93,70,0,70,163
02/21/2000,VLD,GA,ASO,ES,Federal Contract Tower,0,10,12,0,22,0,3,50,0,53,0,13,62,0,75,36,0,36,111
02/22/2000,VLD,GA,ASO,ES,Federal Contract Tower,0,14,16,3,33,0,3,51,3,57,0,17,67,6,90,38,64,102,192
02/23/2000,VLD,GA,ASO,ES,Federal Contract Tower,0,15,20,4,39,0,0,54,4,58,0,15,74,8,97,40,44,84,181
02/24/2000,VLD,GA,ASO,ES,Federal Contract Tower,0,11,23,5,39,0,0,30,11,41,0,11,53,16,80,36,56,92,172
02/25/2000,VLD,GA,ASO,ES,Federal Contract Tower,0,15,20,4,39,0,0,32,11,43,0,15,52,15,82,42,48,90,172
02/26/2000,VLD,GA,ASO,ES,Federal Contract Tower,0,10,11,0,21,0,1,63,0,64,0,11,74,0,85,58,0,58,143
02/27/2000,VLD,GA,ASO,ES,Federal Contract Tower,0,8,10,0,18,0,2,53,0,55,0,10,63,0,73,36,0,36,109
02/28/2000,VLD,GA,ASO,ES,Federal Contract Tower,0,12,14,3,29,0,2,43,5,50,0,14,57,8,79,28,50,78,157
02/29/2000,VLD,GA,ASO,ES,Federal Contract Tower,0,15,16,3,34,0,10,46,9,65,0,25,62,12,99,18,32,50,149
03/01/2000,VLD,GA,ASO,ES,Federal Contract Tower,0,15,26,6,47,0,0,55,14,69,0,15,81,20,116,60,62,122,238
03/02/2000,VLD,GA,ASO,ES,Federal Contract Tower,0,15,24,6,45,0,0,43,6,49,0,15,67,12,94,80,44,124,218
03/03/2000,VLD,GA,ASO,ES,Federal Contract Tower,0,12,15,4,31,0,3,60,18,81,0,15,75,22,112,62,40,102,214
03/04/2000,VLD,GA,ASO,ES,Federal Contract Tower,0,11,16,4,31,0,0,91,2,93,0,11,107,6,124,96,40,136,260
03/05/2000,VLD,GA,ASO,ES,Federal Contract Tower,0,11,21,5,37,0,0,83,1,84,0,11,104,6,121,86,2,88,209
03/06/2000,VLD,GA,ASO,ES,Federal Contract Tower,0,13,16,4,33,0,0,32,32,64,0,13,48,36,97,30,31,61,158
03/07/2000,VLD,GA,ASO,ES,Federal Contract Tower,0,16,19,5,40,0,0,41,32,73,0,16,60,37,113,32,20,52,165
03/08/2000,VLD,GA,ASO,ES,Federal Contract Tower,0,14,20,5,39,0,0,39,15,54,0,14,59,20,93,28,114,142,235
03/09/2000,VLD,GA,ASO,ES,Federal Contract Tower,0,15,19,5,39,0,0,25,13,38,0,15,44,18,77,40,108,148,225
03/10/2000,VLD,GA,ASO,ES,Federal Contract Tower,0,13,14,4,31,0,2,35,9,46,0,15,49,13,77,50,86,136,213
03/11/2000,VLD,GA,ASO,ES,Federal Contract Tower,0,6,6,0,12,0,5,55,0,60,0,11,61,0,72,68,0,68,140
03/12/2000,VLD,GA,ASO,ES,Federal Contract Tower,0,4,5,1,10,0,4,59,0,63,0,8,64,1,73,78,0,78,151
03/13/2000,VLD,GA,ASO,ES,Federal Contract Tower,0,12,13,4,29,0,3,43,6,52,0,15,56,10,81,34,78,112,193
03/14/2000,VLD,GA,ASO,ES,Federal Contract Tower,0,14,17,5,36,0,1,91,9,101,0,15,108,14,137,38,24,62,199
03/15/2000,VLD,GA,ASO,ES,Federal Contract Tower,0,15,16,4,35,0,0,42,8,50,0,15,58,12,85,58,90,148,233
03/16/2000,VLD,GA,ASO,ES,Federal Contract Tower,0,10,11,3,24,0,3,11,6,20,0,13,22,9,44,0,84,84,128
03/17/2000,VLD,GA,ASO,ES,Federal Contract Tower,0,13,16,2,31,0,0,50,0,50,0,13,66,2,81,34,12,46,127
03/18/2000,VLD,GA,ASO,ES,Federal Contract Tower,0,6,7,2,15,0,3,53,0,56,0,9,60,2,71,36,0,36,107
03/19/2000,VLD,GA,ASO,ES,Federal Contract Tower,0,9,11,0,20,0,2,39,0,41,0,11,50,0,61,14,0,14,75
03/20/2000,VLD,GA,ASO,ES,Federal Contract Tower,0,15,25,5,45,0,0,34,11,45,0,15,59,16,90,40,54,94,184
03/21/2000,VLD,GA,ASO,ES,Federal Contract Tower,0,15,20,4,39,0,0,51,24,75,0,15,71,28,114,52,30,82,196
03/22/2000,VLD,GA,ASO,ES,Federal Contract Tower,0,15,22,5,42,0,0,26,3,29,0,15,48,8,71,34,48,82,153
03/23/2000,VLD,GA,ASO,ES,Federal Contract Tower,0,15,24,5,44,0,0,41,4,45,0,15,65,9,89,32,48,80,169
03/24/2000,VLD,GA,ASO,ES,Federal Contract Tower,0,11,14,2,27,0,5,37,0,42,0,16,51,2,69,18,20,38,107
03/25/2000,VLD,GA,ASO,ES,Federal Contract Tower,0,10,12,2,24,0,0,48,6,54,0,10,60,8,78,30,0,30,108
03/26/2000,VLD,GA,ASO,ES,Federal Contract Tower,0,7,8,0,15,0,4,22,0,26,0,11,30,0,41,16,0,16,57
03/27/2000,VLD,GA,ASO,ES,Federal Contract Tower,0,9,11,0,20,0,6,12,0,18,0,15,23,0,38,0,0,0,38
03/28/2000,VLD,GA,ASO,ES,Federal Contract Tower,0,15,19,4,38,0,20,43,4,67,0,35,62,8,105,28,26,54,159
03/29/2000,VLD,GA,ASO,ES,Federal Contract Tower,0,13,15,3,31,0,0,66,33,99,0,13,81,36,130,36,6,42,172
03/30/2000,VLD,GA,ASO,ES,Federal Contract Tower,0,10,13,0,23,0,5,27,0,32,0,15,40,0,55,2,0,2,57
03/31/2000,VLD,GA,ASO,ES,Federal Contract Tower,0,15,20,4,39,0,0,41,2,43,0,15,61,6,82,85,8,93,175
04/01/2000,VLD,GA,ASO,ES,Federal Contract Tower,0,7,7,0,14,0,2,55,0,57,0,9,62,0,71,60,0,60,131
04/02/2000,VLD,GA,ASO,ES,Federal Contract Tower,0,9,11,0,20,0,1,61,0,62,0,10,72,0,82,60,0,60,142
04/03/2000,VLD,GA,ASO,ES,Federal Contract Tower,0,13,18,7,38,0,0,25,13,38,0,13,43,20,76,28,52,80,156
04/04/2000,VLD,GA,ASO,ES,Federal Contract Tower,0,7,9,4,20,0,3,84,28,115,0,10,93,32,135,62,0,62,197
04/05/2000,VLD,GA,ASO,ES,Federal Contract Tower,0,7,9,0,16,0,6,115,0,121,0,13,124,0,137,60,46,106,243
04/06/2000,VLD,GA,ASO,ES,Federal Contract Tower,0,13,23,10,46,0,0,89,46,135,0,13,112,56,181,36,118,154,335
04/07/2000,VLD,GA,ASO,ES,Federal Contract Tower,0,12,15,4,31,0,1,167,0,168,0,13,182,4,199,27,26,53,252
04/08/2000,VLD,GA,ASO,ES,Federal Contract Tower,0,9,11,0,20,0,2,147,0,149,0,11,158,0,169,68,0,68,237
04/09/2000,VLD,GA,ASO,ES,Federal Contract Tower,0,7,10,5,22,0,2,226,1,229,0,9,236,6,251,84,0,84,335
04/10/2000,VLD,GA,ASO,ES,Federal Contract Tower,0,13,18,8,39,0,0,127,44,171,0,13,145,52,210,40,112,152,362
04/11/2000,VLD,GA,ASO,ES,Federal Contract Tower,0,13,17,7,37,0,1,98,17,116,0,14,115,24,153,42,48,90,243
04/12/2000,VLD,GA,ASO,ES,Federal Contract Tower,0,13,19,8,40,0,0,129,28,157,0,13,148,36,197,52,130,182,379
04/13/2000,VLD,GA,ASO,ES,Federal Contract Tower,0,13,27,11,51,0,0,133,9,142,0,13,160,20,193,36,110,146,339
04/14/2000,VLD,GA,ASO,ES,Federal Contract Tower,0,13,29,12,54,0,0,3,6,9,0,13,32,18,63,0,0,0,63
04/15/2000,VLD,GA,ASO,ES,Federal Contract Tower,0,11,18,8,37,0,0,129,6,135,0,11,147,14,172,20,0,20,192
04/16/2000,VLD,GA,ASO,ES,Federal Contract Tower,0,5,7,0,12,0,5,94,0,99,0,10,101,0,111,74,0,74,185
04/17/2000,VLD,GA,ASO,ES,Federal Contract Tower,0,11,15,6,32,0,2,56,10,68,0,13,71,16,100,64,56,120,220
04/18/2000,VLD,GA,ASO,ES,Federal Contract Tower,0,12,17,6,35,0,1,88,0,89,0,13,105,6,124,78,0,78,202
04/19/2000,VLD,GA,ASO,ES,Federal Contract Tower,0,13,18,6,37,0,0,57,4,61,0,13,75,10,98,98,24,122,220
04/20/2000,VLD,GA,ASO,ES,Federal Contract Tower,0,13,24,9,46,0,0,35,9,44,0,13,59,18,90,10,52,62,152
04/21/2000,VLD,GA,ASO,ES,Federal Contract Tower,0,13,21,8,42,0,0,38,8,46,0,13,59,16,88,20,52,72,160
04/22/2000,VLD,GA,ASO,ES,Federal Contract Tower,0,6,9,0,15,0,5,112,0,117,0,11,121,0,132,58,0,58,190
04/23/2000,VLD,GA,ASO,ES,Federal Contract Tower,0,6,8,0,14,0,4,96,0,100,0,10,104,0,114,52,0,52,166
04/24/2000,VLD,GA,ASO,ES,Federal Contract Tower,0,4,4,0,8,0,7,0,0,7,0,11,4,0,15,0,0,0,15
04/25/2000,VLD,GA,ASO,ES,Federal Contract Tower,0,12,17,4,33,0,1,38,0,39,0,13,55,4,72,30,36,66,138
04/26/2000,VLD,GA,ASO,ES,Federal Contract Tower,0,13,21,7,41,0,0,45,15,60,0,13,66,22,101,22,74,96,197
04/27/2000,VLD,GA,ASO,ES,Federal Contract Tower,0,13,24,9,46,0,0,40,9,49,0,13,64,18,95,22,44,66,161
04/28/2000,VLD,GA,ASO,ES,Federal Contract Tower,0,13,22,8,43,0,0,77,4,81,0,13,99,12,124,40,18,58,182
04/29/2000,VLD,GA,ASO,ES,Federal Contract Tower,0,8,11,0,19,0,2,77,0,79,0,10,88,0,98,12,0,12,110
04/30/2000,VLD,GA,ASO,ES,Federal Contract Tower,0,8,12,4,24,0,2,66,0,68,0,10,78,4,92,52,0,52,144
05/01/2000,VLD,GA,ASO,ES,Federal Contract Tower,0,11,16,4,31,0,2,37,24,63,0,13,53,28,94,34,98,132,226
05/02/2000,VLD,GA,ASO,ES,Federal Contract Tower,0,13,18,4,35,0,0,32,2,34,0,13,50,6,69,30,2,32,101
05/03/2000,VLD,GA,ASO,ES,Federal Contract Tower,0,13,27,6,46,0,0,51,4,55,0,13,78,10,101,38,20,58,159
05/04/2000,VLD,GA,ASO,ES,Federal Contract Tower,0,11,13,3,27,0,0,74,11,85,0,11,87,14,112,58,54,112,224
05/05/2000,VLD,GA,ASO,ES,Federal Contract Tower,0,8,10,3,21,0,5,58,3,66,0,13,68,6,87,62,18,80,167
05/06/2000,VLD,GA,ASO,ES,Federal Contract Tower,0,11,16,4,31,0,0,58,0,58,0,11,74,4,89,64,0,64,153
05/07/2000,VLD,GA,ASO,ES,Federal Contract Tower,0,9,20,4,33,0,0,45,0,45,0,9,65,4,78,36,0,36,114
05/08/2000,VLD,GA,ASO,ES,Federal Contract Tower,0,14,18,0,32,0,0,34,0,34,0,14,52,0,66,42,0,42,108
05/09/2000,VLD,GA,ASO,ES,Federal Contract Tower,0,14,24,6,44,0,0,55,6,61,0,14,79,12,105,52,8,60,165
05/10/2000,VLD,GA,ASO,ES,Federal Contract Tower,0,13,24,4,41,0,0,44,0,44,0,13,68,4,85,30,0,30,115
05/11/2000,VLD,GA,ASO,ES,Federal Contract Tower,0,8,10,3,21,0,3,56,15,74,0,11,66,18,95,6,78,84,179
05/12/2000,VLD,GA,ASO,ES,Federal Contract Tower,0,13,24,6,43,0,0,44,16,60,0,13,68,22,103,34,60,94,197
05/13/2000,VLD,GA,ASO,ES,Federal Contract Tower,0,8,10,0,18,0,3,63,0,66,0,11,73,0,84,46,0,46,130
05/14/2000,VLD,GA,ASO,ES,Federal Contract Tower,0,9,12,0,21,0,4,71,0,75,0,13,83,0,96,48,0,48,144
05/15/2000,VLD,GA,ASO,ES,Federal Contract Tower,0,13,17,3,33,0,2,49,1,52,0,15,66,4,85,26,0,26,111
05/16/2000,VLD,GA,ASO,ES,Federal Contract Tower,0,13,17,2,32,0,0,85,0,85,0,13,102,2,117,48,0,48,165
05/17/2000,VLD,GA,ASO,ES,Federal Contract Tower,0,11,16,3,30,0,2,41,7,50,0,13,57,10,80,36,48,84,164
05/18/2000,VLD,GA,ASO,ES,Federal Contract Tower,0,13,19,3,35,0,0,53,5,58,0,13,72,8,93,48,38,86,179
05/19/2000,VLD,GA,ASO,ES,Federal Contract Tower,0,13,20,0,33,0,0,59,0,59,0,13,79,0,92,68,0,68,160
05/20/2000,VLD,GA,ASO,ES,Federal Contract Tower,0,9,13,2,24,0,0,64,6,70,0,9,77,8,94,50,0,50,144
05/21/2000,VLD,GA,ASO,ES,Federal Contract Tower,0,7,11,2,20,0,2,60,4,66,0,9,71,6,86,44,0,44,130
05/22/2000,VLD,GA,ASO,ES,Federal Contract Tower,0,11,14,2,27,0,2,22,0,24,0,13,36,2,51,20,0,20,71
05/23/2000,VLD,GA,ASO,ES,Federal Contract Tower,0,13,18,3,34,0,0,44,3,47,0,13,62,6,81,60,70,130,211
05/24/2000,VLD,GA,ASO,ES,Federal Contract Tower,0,13,22,4,39,0,0,49,2,51,0,13,71,6,90,14,4,18,108
05/25/2000,VLD,GA,ASO,ES,Federal Contract Tower,0,13,20,4,37,0,0,55,2,57,0,13,75,6,94,30,22,52,146
05/26/2000,VLD,GA,ASO,ES,Federal Contract Tower,0,11,16,0,27,0,1,70,0,71,0,12,86,0,98,56,0,56,154
05/27/2000,VLD,GA,ASO,ES,Federal Contract Tower,0,7,11,0,18,0,5,44,0,49,0,12,55,0,67,52,0,52,119
05/28/2000,VLD,GA,ASO,ES,Federal Contract Tower,0,8,11,0,19,0,2,45,0,47,0,10,56,0,66,14,0,14,80
05/29/2000,VLD,GA,ASO,ES,Federal Contract Tower,0,7,10,0,17,0,2,57,0,59,0,9,67,0,76,16,0,16,92
05/30/2000,VLD,GA,ASO,ES,Federal Contract Tower,0,13,19,3,35,0,0,49,5,54,0,13,68,8,89,22,18,40,129
05/31/2000,VLD,GA,ASO,ES,Federal Contract Tower,0,13,20,4,37,0,0,36,22,58,0,13,56,26,95,24,66,90,185
06/01/2000,VLD,GA,ASO,ES,Federal Contract Tower,0,13,22,8,43,0,0,44,12,56,0,13,66,20,99,26,78,104,203
06/02/2000,VLD,GA,ASO,ES,Federal Contract Tower,0,13,18,7,38,0,0,66,11,77,0,13,84,18,115,44,28,72,187
06/03/2000,VLD,GA,ASO,ES,Federal Contract Tower,0,10,13,0,23,0,0,71,0,71,0,10,84,0,94,78,0,78,172
06/04/2000,VLD,GA,ASO,ES,Federal Contract Tower,0,7,10,3,20,0,2,56,0,58,0,9,66,3,78,58,0,58,136
06/05/2000,VLD,GA,ASO,ES,Federal Contract Tower,0,11,13,5,29,0,0,25,6,31,0,11,38,11,60,10,26,36,96
06/06/2000,VLD,GA,ASO,ES,Federal Contract Tower,0,13,19,7,39,0,0,39,21,60,0,13,58,28,99,44,40,84,183
06/07/2000,VLD,GA,ASO,ES,Federal Contract Tower,0,12,16,6,34,0,1,26,10,37,0,13,42,16,71,24,42,66,137
06/08/2000,VLD,GA,ASO,ES,Federal Contract Tower,0,13,17,7,37,0,0,43,5,48,0,13,60,12,85,16,46,62,147
06/09/2000,VLD,GA,ASO,ES,Federal Contract Tower,0,13,18,6,37,0,0,36,0,36,0,13,54,6,73,13,50,63,136
06/10/2000,VLD,GA,ASO,ES,Federal Contract Tower,0,6,9,0,15,0,1,84,0,85,0,7,93,0,100,46,0,46,146
06/11/2000,VLD,GA,ASO,ES,Federal Contract Tower,0,8,11,0,19,0,0,65,0,65,0,8,76,0,84,66,0,66,150
06/12/2000,VLD,GA,ASO,ES,Federal Contract Tower,0,10,14,6,30,0,1,62,10,73,0,11,76,16,103,50,8,58,161
06/13/2000,VLD,GA,ASO,ES,Federal Contract Tower,0,8,11,0,19,0,5,37,0,42,0,13,48,0,61,48,0,48,109
06/14/2000,VLD,GA,ASO,ES,Federal Contract Tower,0,11,22,8,41,0,0,44,2,46,0,11,66,10,87,0,50,50,137
06/15/2000,VLD,GA,ASO,ES,Federal Contract Tower,0,10,12,5,27,0,0,33,1,34,0,10,45,6,61,40,40,80,141
06/16/2000,VLD,GA,ASO,ES,Federal Contract Tower,0,9,21,8,38,0,0,36,8,44,0,9,57,16,82,28,110,138,220
06/17/2000,VLD,GA,ASO,ES,Federal Contract Tower,0,5,6,2,13,0,4,79,0,83,0,9,85,2,96,78,0,78,174
06/18/2000,VLD,GA,ASO,ES,Federal Contract Tower,0,7,10,0,17,0,3,61,0,64,0,10,71,0,81,70,0,70,151
06/19/2000,VLD,GA,ASO,ES,Federal Contract Tower,0,8,12,4,24,0,3,34,4,41,0,11,46,8,65,26,68,94,159
06/20/2000,VLD,GA,ASO,ES,Federal Contract Tower,0,14,20,7,41,0,0,35,23,58,0,14,55,30,99,38,110,148,247
06/21/2000,VLD,GA,ASO,ES,Federal Contract Tower,0,12,18,6,36,0,0,19,3,22,0,12,37,9,58,29,31,60,118
06/22/2000,VLD,GA,ASO,ES,Federal Contract Tower,0,8,13,0,21,0,2,33,0,35,0,10,46,0,56,42,46,88,144
06/23/2000,VLD,GA,ASO,ES,Federal Contract Tower,0,13,22,7,42,0,0,32,7,39,0,13,54,14,81,20,30,50,131
06/24/2000,VLD,GA,ASO,ES,Federal Contract Tower,0,6,8,0,14,0,3,39,0,42,0,9,47,0,56,34,0,34,90
06/25/2000,VLD,GA,ASO,ES,Federal Contract Tower,0,7,11,0,18,0,3,44,0,47,0,10,55,0,65,72,0,72,137
06/26/2000,VLD,GA,ASO,ES,Federal Contract Tower,0,8,12,3,23,0,3,63,3,69,0,11,75,6,92,28,32,60,152
06/27/2000,VLD,GA,ASO,ES,Federal Contract Tower,0,11,15,5,31,0,0,33,3,36,0,11,48,8,67,34,22,56,123
06/28/2000,VLD,GA,ASO,ES,Federal Contract Tower,0,11,19,6,36,0,0,39,6,45,0,11,58,12,81,32,16,48,129
06/29/2000,VLD,GA,ASO,ES,Federal Contract Tower,0,8,13,4,25,0,3,50,6,59,0,11,63,10,84,66,44,110,194
06/30/2000,VLD,GA,ASO,ES,Federal Contract Tower,0,9,17,4,30,0,0,33,0,33,0,9,50,4,63,24,18,42,105
07/01/2000,VLD,GA,ASO,ES,Federal Contract Tower,0,11,16,0,27,0,0,68,0,68,0,11,84,0,95,66,0,66,161
07/02/2000,VLD,GA,ASO,ES,Federal Contract Tower,0,6,7,0,13,0,4,49,0,53,0,10,56,0,66,93,0,93,159
07/03/2000,VLD,GA,ASO,ES,Federal Contract Tower,0,7,9,0,16,0,1,44,0,45,0,8,53,0,61,68,0,68,129
07/04/2000,VLD,GA,ASO,ES,Federal Contract Tower,0,3,5,0,8,0,5,78,0,83,0,8,83,0,91,32,0,32,123
07/05/2000,VLD,GA,ASO,ES,Federal Contract Tower,0,13,24,6,43,0,0,47,8,55,0,13,71,14,98,30,32,62,160
07/06/2000,VLD,GA,ASO,ES,Federal Contract Tower,0,11,16,4,31,0,0,34,6,40,0,11,50,10,71,58,24,82,153
07/07/2000,VLD,GA,ASO,ES,Federal Contract Tower,0,11,22,5,38,0,0,37,5,42,0,11,59,10,80,80,72,152,232
07/08/2000,VLD,GA,ASO,ES,Federal Contract Tower,0,7,9,0,16,0,2,42,0,44,0,9,51,0,60,34,0,34,94
07/09/2000,VLD,GA,ASO,ES,Federal Contract Tower,0,6,7,0,13,0,4,44,0,48,0,10,51,0,61,90,0,90,151
07/10/2000,VLD,GA,ASO,ES,Federal Contract Tower,0,12,16,0,28,0,1,85,0,86,0,13,101,0,114,48,0,48,162
07/11/2000,VLD,GA,ASO,ES,Federal Contract Tower,0,13,17,4,34,0,4,69,4,77,0,17,86,8,111,54,0,54,165
07/12/2000,VLD,GA,ASO,ES,Federal Contract Tower,0,7,9,0,16,0,4,72,0,76,0,11,81,0,92,42,0,42,134
07/13/2000,VLD,GA,ASO,ES,Federal Contract Tower,0,11,14,4,29,0,1,64,2,67,0,12,78,6,96,46,0,46,142
07/14/2000,VLD,GA,ASO,ES,Federal Contract Tower,0,11,22,5,38,0,0,79,11,90,0,11,101,16,128,50,0,50,178
07/15/2000,VLD,GA,ASO,ES,Federal Contract Tower,0,7,9,0,16,0,4,68,0,72,0,11,77,0,88,48,0,48,136
07/16/2000,VLD,GA,ASO,ES,Federal Contract Tower,0,7,10,0,17,0,3,59,0,62,0,10,69,0,79,56,0,56,135
07/17/2000,VLD,GA,ASO,ES,Federal Contract Tower,0,9,13,2,24,0,4,60,10,74,0,13,73,12,98,34,40,74,172
07/18/2000,VLD,GA,ASO,ES,Federal Contract Tower,0,8,11,2,21,0,5,25,14,44,0,13,36,16,65,12,56,68,133
07/19/2000,VLD,GA,ASO,ES,Federal Contract Tower,0,13,22,4,39,0,0,26,10,36,0,13,48,14,75,2,58,60,135
07/20/2000,VLD,GA,ASO,ES,Federal Contract Tower,0,10,18,3,31,0,0,34,9,43,0,10,52,12,74,58,72,130,204
07/21/2000,VLD,GA,ASO,ES,Federal Contract Tower,0,12,19,4,35,0,1,49,4,54,0,13,68,8,89,60,36,96,185
07/22/2000,VLD,GA,ASO,ES,Federal Contract Tower,0,7,10,2,19,0,2,74,4,80,0,9,84,6,99,60,0,60,159
07/23/2000,VLD,GA,ASO,ES,Federal Contract Tower,0,10,15,0,25,0,0,69,0,69,0,10,84,0,94,70,0,70,164
07/24/2000,VLD,GA,ASO,ES,Federal Contract Tower,0,11,24,5,40,0,0,79,27,106,0,11,103,32,146,14,14,28,174
07/25/2000,VLD,GA,ASO,ES,Federal Contract Tower,0,10,14,3,27,0,3,79,1,83,0,13,93,4,110,66,12,78,188
07/26/2000,VLD,GA,ASO,ES,Federal Contract Tower,0,13,24,5,42,0,0,19,11,30,0,13,43,16,72,0,24,24,96
07/27/2000,VLD,GA,ASO,ES,Federal Contract Tower,0,13,20,4,37,0,0,30,6,36,0,13,50,10,73,0,34,34,107
07/28/2000,VLD,GA,ASO,ES,Federal Contract Tower,0,10,20,2,32,0,0,48,0,48,0,10,68,2,80,6,38,44,124
07/29/2000,VLD,GA,ASO,ES,Federal Contract Tower,0,11,16,0,27,0,0,78,0,78,0,11,94,0,105,66,0,66,171
07/30/2000,VLD,GA,ASO,ES,Federal Contract Tower,0,9,15,0,24,0,0,83,0,83,0,9,98,0,107,56,0,56,163
07/31/2000,VLD,GA,ASO,ES,Federal Contract Tower,0,8,11,2,21,0,5,25,12,42,0,13,36,14,63,8,96,104,167
08/01/2000,VLD,GA,ASO,ES,Federal Contract Tower,0,9,13,4,26,0,4,22,4,30,0,13,35,8,56,20,74,94,150
08/02/2000,VLD,GA,ASO,ES,Federal Contract Tower,0,10,15,5,30,0,5,82,17,104,0,15,97,22,134,36,36,72,206
08/03/2000,VLD,GA,ASO,ES,Federal Contract Tower,0,11,20,6,37,0,0,39,15,54,0,11,59,21,91,38,30,68,159
08/04/2000,VLD,GA,ASO,ES,Federal Contract Tower,0,14,24,7,45,0,0,59,11,70,0,14,83,18,115,20,18,38,153
08/05/2000,VLD,GA,ASO,ES,Federal Contract Tower,0,8,11,1,20,0,1,56,0,57,0,9,67,1,77,54,10,64,141
08/06/2000,VLD,GA,ASO,ES,Federal Contract Tower,0,3,2,0,5,0,7,56,0,63,0,10,58,0,68,68,0,68,136
08/07/2000,VLD,GA,ASO,ES,Federal Contract Tower,0,8,9,3,20,0,5,35,9,49,0,13,44,12,69,40,56,96,165
08/08/2000,VLD,GA,ASO,ES,Federal Contract Tower,0,11,13,4,28,0,2,35,16,53,0,13,48,20,81,26,8,34,115
08/09/2000,VLD,GA,ASO,ES,Federal Contract Tower,0,9,12,4,25,0,5,27,0,32,0,14,39,4,57,52,18,70,127
08/10/2000,VLD,GA,ASO,ES,Federal Contract Tower,0,12,28,9,49,0,0,39,3,42,0,12,67,12,91,30,40,70,161
08/11/2000,VLD,GA,ASO,ES,Federal Contract Tower,0,10,12,4,26,0,2,49,2,53,0,12,61,6,79,48,26,74,153
08/12/2000,VLD,GA,ASO,ES,Federal Contract Tower,0,8,9,2,19,0,3,62,0,65,0,11,71,2,84,62,0,62,146
08/13/2000,VLD,GA,ASO,ES,Federal Contract Tower,0,8,9,2,19,0,2,62,0,64,0,10,71,2,83,52,0,52,135
08/14/2000,VLD,GA,ASO,ES,Federal Contract Tower,0,11,14,5,30,0,1,58,3,62,0,12,72,8,92,98,4,102,194
08/15/2000,VLD,GA,ASO,ES,Federal Contract Tower,0,11,14,5,30,0,0,31,13,44,0,11,45,18,74,26,68,94,168
08/16/2000,VLD,GA,ASO,ES,Federal Contract Tower,0,11,14,5,30,0,2,65,9,76,0,13,79,14,106,38,18,56,162
08/17/2000,VLD,GA,ASO,ES,Federal Contract Tower,0,13,20,6,39,0,0,53,8,61,0,13,73,14,100,36,24,60,160
08/18/2000,VLD,GA,ASO,ES,Federal Contract Tower,0,10,15,5,30,0,0,44,11,55,0,10,59,16,85,38,8,46,131
08/19/2000,VLD,GA,ASO,ES,Federal Contract Tower,0,6,8,0,14,0,3,63,0,66,0,9,71,0,80,72,0,72,152
08/20/2000,VLD,GA,ASO,ES,Federal Contract Tower,0,8,10,0,18,0,2,32,0,34,0,10,42,0,52,0,0,0,52
08/21/2000,VLD,GA,ASO,ES,Federal Contract Tower,0,9,13,3,25,0,3,38,7,48,0,12,51,10,73,46,24,70,143
08/22/2000,VLD,GA,ASO,ES,Federal Contract Tower,0,11,14,3,28,0,1,81,9,91,0,12,95,12,119,54,0,54,173
08/23/2000,VLD,GA,ASO,ES,Federal Contract Tower,0,12,18,5,35,0,0,40,5,45,0,12,58,10,80,20,40,60,140
08/24/2000,VLD,GA,ASO,ES,Federal Contract Tower,0,13,17,4,34,0,0,42,4,46,0,13,59,8,80,78,40,118,198
08/25/2000,VLD,GA,ASO,ES,Federal Contract Tower,0,13,17,4,34,0,0,39,1,40,0,13,56,5,74,68,10,78,152
08/26/2000,VLD,GA,ASO,ES,Federal Contract Tower,0,6,8,0,14,0,3,62,0,65,0,9,70,0,79,62,0,62,141
08/27/2000,VLD,GA,ASO,ES,Federal Contract Tower,0,8,11,0,19,0,2,47,0,49,0,10,58,0,68,86,0,86,154
08/28/2000,VLD,GA,ASO,ES,Federal Contract Tower,0,9,13,0,22,0,2,40,0,42,0,11,53,0,64,92,0,92,156
08/29/2000,VLD,GA,ASO,ES,Federal Contract Tower,0,10,13,3,26,0,3,43,7,53,0,13,56,10,79,146,26,172,251
08/30/2000,VLD,GA,ASO,ES,Federal Contract Tower,0,12,16,4,32,0,1,44,2,47,0,13,60,6,79,36,26,62,141
08/31/2000,VLD,GA,ASO,ES,Federal Contract Tower,0,11,14,2,27,0,3,13,0,16,0,14,27,2,43,87,0,87,130
09/01/2000,VLD,GA,ASO,ES,Federal Contract Tower,0,9,17,3,29,0,4,124,5,133,0,13,141,8,162,106,34,140,302
09/02/2000,VLD,GA,ASO,ES,Federal Contract Tower,0,8,14,0,22,0,1,77,0,78,0,9,91,0,100,104,0,104,204
09/03/2000,VLD,GA,ASO,ES,Federal Contract Tower,0,3,5,0,8,0,1,73,0,74,0,4,78,0,82,66,0,66,148
09/04/2000,VLD,GA,ASO,ES,Federal Contract Tower,0,6,10,0,16,0,4,86,0,90,0,10,96,0,106,70,0,70,176
09/05/2000,VLD,GA,ASO,ES,Federal Contract Tower,0,10,20,5,35,0,0,71,17,88,0,10,91,22,123,34,52,86,209
09/06/2000,VLD,GA,ASO,ES,Federal Contract Tower,0,8,14,0,22,0,2,56,0,58,0,10,70,0,80,34,0,34,114
09/07/2000,VLD,GA,ASO,ES,Federal Contract Tower,0,13,38,9,60,0,0,25,6,31,0,13,63,15,91,18,48,66,157
09/08/2000,VLD,GA,ASO,ES,Federal Contract Tower,0,10,25,6,41,0,0,26,10,36,0,10,51,16,77,16,44,60,137
09/09/2000,VLD,GA,ASO,ES,Federal Contract Tower,0,9,17,0,26,0,2,55,0,57,0,11,72,0,83,48,24,72,155
09/10/2000,VLD,GA,ASO,ES,Federal Contract Tower,0,10,19,2,31,0,0,67,0,67,0,10,86,2,98,66,2,68,166
09/11/2000,VLD,GA,ASO,ES,Federal Contract Tower,0,7,13,3,23,0,5,109,15,129,0,12,122,18,152,80,18,98,250
09/12/2000,VLD,GA,ASO,ES,Federal Contract Tower,0,12,21,5,38,0,1,55,7,63,0,13,76,12,101,46,14,60,161
09/13/2000,VLD,GA,ASO,ES,Federal Contract Tower,0,9,17,2,28,0,4,46,0,50,0,13,63,2,78,52,0,52,130
09/14/2000,VLD,GA,ASO,ES,Federal Contract Tower,0,11,21,5,37,0,1,34,1,36,0,12,55,6,73,99,32,131,204
09/15/2000,VLD,GA,ASO,ES,Federal Contract Tower,0,10,19,5,34,0,3,34,5,42,0,13,53,10,76,3,64,67,143
09/16/2000,VLD,GA,ASO,ES,Federal Contract Tower,0,7,12,0,19,2,4,69,0,75,2,11,81,0,94,82,0,82,176
09/17/2000,VLD,GA,ASO,ES,Federal Contract Tower,0,6,10,0,16,0,3,24,0,27,0,9,34,0,43,18,0,18,61
09/18/2000,VLD,GA,ASO,ES,Federal Contract Tower,0,13,25,5,43,0,0,18,19,37,0,13,43,24,80,24,34,58,138
09/19/2000,VLD,GA,ASO,ES,Federal Contract Tower,0,11,21,4,36,0,2,49,8,59,0,13,70,12,95,30,60,90,185
09/20/2000,VLD,GA,ASO,ES,Federal Contract Tower,0,11,22,4,37,0,1,23,0,24,0,12,45,4,61,38,8,46,107
09/21/2000,VLD,GA,ASO,ES,Federal Contract Tower,0,10,26,5,41,0,0,30,12,42,0,10,56,17,83,52,47,99,182
09/22/2000,VLD,GA,ASO,ES,Federal Contract Tower,0,4,8,0,12,0,1,5,0,6,0,5,13,0,18,0,0,0,18
09/23/2000,VLD,GA,ASO,ES,Federal Contract Tower,0,11,28,0,39,0,0,40,0,40,0,11,68,0,79,56,0,56,135
09/24/2000,VLD,GA,ASO,ES,Federal Contract Tower,0,9,18,2,29,0,1,51,0,52,0,10,69,2,81,52,0,52,133
09/25/2000,VLD,GA,ASO,ES,Federal Contract Tower,0,14,31,6,51,0,0,21,20,41,0,14,52,26,92,18,22,40,132
09/26/2000,VLD,GA,ASO,ES,Federal Contract Tower,0,13,27,5,45,0,0,30,13,43,0,13,57,18,88,16,18,34,122
09/27/2000,VLD,GA,ASO,ES,Federal Contract Tower,0,11,24,2,37,0,0,61,0,61,0,11,85,2,98,14,0,14,112
09/28/2000,VLD,GA,ASO,ES,Federal Contract Tower,0,12,27,5,44,0,0,40,3,43,0,12,67,8,87,64,22,86,173
09/29/2000,VLD,GA,ASO,ES,Federal Contract Tower,0,11,19,2,32,0,2,61,0,63,0,13,80,2,95,63,0,63,158
09/30/2000,VLD,GA,ASO,ES,Federal Contract Tower,0,9,17,0,26,0,2,42,0,44,0,11,59,0,70,26,0,26,96
10/01/2000,VLD,GA,ASO,ES,Federal Contract Tower,0,10,19,0,29,0,0,86,0,86,0,10,105,0,115,66,0,66,181
10/02/2000,VLD,GA,ASO,ES,Federal Contract Tower,0,8,9,2,19,0,3,106,8,117,0,11,115,10,136,100,36,136,272
10/03/2000,VLD,GA,ASO,ES,Federal Contract Tower,0,10,12,3,25,0,3,27,5,35,0,13,39,8,60,37,4,41,101
10/04/2000,VLD,GA,ASO,ES,Federal Contract Tower,0,13,23,5,41,0,0,29,6,35,0,13,52,11,76,48,26,74,150
10/05/2000,VLD,GA,ASO,ES,Federal Contract Tower,0,13,20,6,39,0,0,58,0,58,0,13,78,6,97,29,22,51,148
10/06/2000,VLD,GA,ASO,ES,Federal Contract Tower,0,9,12,0,21,0,2,67,0,69,0,11,79,0,90,60,0,60,150
10/07/2000,VLD,GA,ASO,ES,Federal Contract Tower,0,9,11,0,20,0,0,88,0,88,0,9,99,0,108,54,0,54,162
10/08/2000,VLD,GA,ASO,ES,Federal Contract Tower,0,9,12,0,21,0,1,42,0,43,0,10,54,0,64,98,0,98,162
10/09/2000,VLD,GA,ASO,ES,Federal Contract Tower,0,6,6,0,12,0,5,27,0,32,0,11,33,0,44,116,0,116,160
10/10/2000,VLD,GA,ASO,ES,Federal Contract Tower,0,13,21,6,40,0,0,27,36,63,0,13,48,42,103,66,74,140,243
10/11/2000,VLD,GA,ASO,ES,Federal Contract Tower,0,11,14,4,29,0,2,40,4,46,0,13,54,8,75,28,0,28,103
10/12/2000,VLD,GA,ASO,ES,Federal Contract Tower,0,13,20,6,39,0,0,35,6,41,0,13,55,12,80,56,28,84,164
10/13/2000,VLD,GA,ASO,ES,Federal Contract Tower,0,12,14,4,30,0,1,47,2,50,0,13,61,6,80,14,46,60,140
10/14/2000,VLD,GA,ASO,ES,Federal Contract Tower,0,8,10,0,18,2,3,95,0,100,2,11,105,0,118,36,0,36,154
10/15/2000,VLD,GA,ASO,ES,Federal Contract Tower,0,6,8,0,14,0,3,64,0,67,0,9,72,0,81,54,0,54,135
10/16/2000,VLD,GA,ASO,ES,Federal Contract Tower,0,12,16,5,33,0,0,38,9,47,0,12,54,14,80,88,34,122,202
10/17/2000,VLD,GA,ASO,ES,Federal Contract Tower,0,12,15,5,32,0,1,41,7,49,0,13,56,12,81,100,26,126,207
10/18/2000,VLD,GA,ASO,ES,Federal Contract Tower,0,12,16,3,31,0,1,35,1,37,0,13,51,4,68,68,14,82,150
10/19/2000,VLD,GA,ASO,ES,Federal Contract Tower,0,13,26,6,45,0,0,43,0,43,0,13,69,6,88,45,0,45,133
10/20/2000,VLD,GA,ASO,ES,Federal Contract Tower,0,15,21,2,38,0,0,35,0,35,0,15,56,2,73,38,8,46,119
10/21/2000,VLD,GA,ASO,ES,Federal Contract Tower,0,11,16,0,27,0,0,64,0,64,0,11,80,0,91,34,0,34,125
10/22/2000,VLD,GA,ASO,ES,Federal Contract Tower,0,9,13,0,22,0,1,51,0,52,0,10,64,0,74,56,0,56,130
10/23/2000,VLD,GA,ASO,ES,Federal Contract Tower,0,8,11,2,21,0,5,25,0,30,0,13,36,2,51,30,0,30,81
10/24/2000,VLD,GA,ASO,ES,Federal Contract Tower,0,13,18,4,35,0,0,36,22,58,0,13,54,26,93,52,12,64,157
10/25/2000,VLD,GA,ASO,ES,Federal Contract Tower,0,15,20,4,39,0,0,45,14,59,0,15,65,18,98,32,48,80,178
10/26/2000,VLD,GA,ASO,ES,Federal Contract Tower,0,13,25,6,44,0,0,35,16,51,0,13,60,22,95,2,74,76,171
10/27/2000,VLD,GA,ASO,ES,Federal Contract Tower,0,12,15,3,30,0,2,49,11,62,0,14,64,14,92,20,14,34,126
10/28/2000,VLD,GA,ASO,ES,Federal Contract Tower,0,7,10,0,17,0,5,56,0,61,0,12,66,0,78,48,0,48,126
10/29/2000,VLD,GA,ASO,ES,Federal Contract Tower,0,10,17,4,31,0,0,59,0,59,0,10,76,4,90,38,0,38,128
10/30/2000,VLD,GA,ASO,ES,Federal Contract Tower,0,12,16,3,31,0,1,36,15,52,0,13,52,18,83,68,48,116,199
10/31/2000,VLD,GA,ASO,ES,Federal Contract Tower,0,10,14,3,27,0,3,52,15,70,0,13,66,18,97,46,40,86,183
11/01/2000,VLD,GA,ASO,ES,Federal Contract Tower,0,12,20,5,37,0,0,58,18,76,0,12,78,23,113,108,56,164,277
11/02/2000,VLD,GA,ASO,ES,Federal Contract Tower,0,13,23,7,43,0,0,38,18,56,0,13,61,25,99,54,113,167,266
11/03/2000,VLD,GA,ASO,ES,Federal Contract Tower,0,13,20,6,39,0,0,44,14,58,0,13,64,20,97,54,32,86,183
11/04/2000,VLD,GA,ASO,ES,Federal Contract Tower,0,7,10,0,17,0,2,94,0,96,0,9,104,0,113,50,0,50,163
11/05/2000,VLD,GA,ASO,ES,Federal Contract Tower,0,7,8,3,18,0,3,77,3,83,0,10,85,6,101,54,0,54,155
11/06/2000,VLD,GA,ASO,ES,Federal Contract Tower,0,9,12,4,25,0,4,83,24,111,0,13,95,28,136,84,24,108,244
11/07/2000,VLD,GA,ASO,ES,Federal Contract Tower,0,9,11,4,24,0,4,27,12,43,0,13,38,16,67,42,44,86,153
11/08/2000,VLD,GA,ASO,ES,Federal Contract Tower,0,12,20,7,39,0,0,36,7,43,0,12,56,14,82,14,74,88,170
11/09/2000,VLD,GA,ASO,ES,Federal Contract Tower,0,10,13,5,28,0,1,68,25,94,0,11,81,30,122,58,32,90,212
11/10/2000,VLD,GA,ASO,ES,Federal Contract Tower,0,11,18,6,35,0,0,84,6,90,0,11,102,12,125,54,40,94,219
11/11/2000,VLD,GA,ASO,ES,Federal Contract Tower,0,7,9,4,20,0,4,70,20,94,0,11,79,24,114,48,24,72,186
11/12/2000,VLD,GA,ASO,ES,Federal Contract Tower,0,5,6,0,11,0,5,65,0,70,0,10,71,0,81,44,0,44,125
11/13/2000,VLD,GA,ASO,ES,Federal Contract Tower,0,7,10,4,21,0,4,67,10,81,0,11,77,14,102,56,22,78,180
11/14/2000,VLD,GA,ASO,ES,Federal Contract Tower,0,13,20,7,40,0,0,36,15,51,0,13,56,22,91,24,76,100,191
11/15/2000,VLD,GA,ASO,ES,Federal Contract Tower,0,12,16,6,34,0,1,37,1,39,0,13,53,7,73,30,63,93,166
11/16/2000,VLD,GA,ASO,ES,Federal Contract Tower,0,13,23,8,44,0,0,56,10,66,0,13,79,18,110,40,64,104,214
11/17/2000,VLD,GA,ASO,ES,Federal Contract Tower,0,12,17,6,35,2,1,74,2,79,2,13,91,8,114,40,0,40,154
11/18/2000,VLD,GA,ASO,ES,Federal Contract Tower,0,8,12,0,20,1,3,92,0,96,1,11,104,0,116,60,0,60,176
11/19/2000,VLD,GA,ASO,ES,Federal Contract Tower,0,7,29,0,36,0,0,22,0,22,0,7,51,0,58,20,0,20,78
11/20/2000,VLD,GA,ASO,ES,Federal Contract Tower,0,14,22,6,42,0,0,39,18,57,0,14,61,24,99,46,44,90,189
11/21/2000,VLD,GA,ASO,ES,Federal Contract Tower,0,13,19,5,37,0,0,30,13,43,0,13,49,18,80,20,76,96,176
11/22/2000,VLD,GA,ASO,ES,Federal Contract Tower,0,10,14,0,24,0,3,135,0,138,0,13,149,0,162,72,0,72,234
11/23/2000,VLD,GA,ASO,ES,Federal Contract Tower,0,5,6,0,11,0,3,75,0,78,0,8,81,0,89,42,0,42,131
11/24/2000,VLD,GA,ASO,ES,Federal Contract Tower,0,7,11,0,18,0,1,66,0,67,0,8,77,0,85,50,0,50,135
11/25/2000,VLD,GA,ASO,ES,Federal Contract Tower,0,11,16,0,27,0,0,53,0,53,0,11,69,0,80,36,0,36,116
11/26/2000,VLD,GA,ASO,ES,Federal Contract Tower,0,10,14,0,24,0,0,52,0,52,0,10,66,0,76,44,0,44,120
11/27/2000,VLD,GA,ASO,ES,Federal Contract Tower,0,11,15,4,30,0,2,57,40,99,0,13,72,44,129,66,70,136,265
11/28/2000,VLD,GA,ASO,ES,Federal Contract Tower,0,13,20,5,38,0,0,35,9,44,0,13,55,14,82,26,30,56,138
11/29/2000,VLD,GA,ASO,ES,Federal Contract Tower,0,15,28,8,51,0,0,48,32,80,0,15,76,40,131,24,28,52,183
11/30/2000,VLD,GA,ASO,ES,Federal Contract Tower,0,9,14,4,27,0,4,27,2,33,0,13,41,6,60,12,32,44,104
12/01/2000,VLD,GA,ASO,ES,Federal Contract Tower,0,15,23,7,45,0,0,95,17,112,0,15,118,24,157,68,24,92,249
12/02/2000,VLD,GA,ASO,ES,Federal Contract Tower,0,8,9,3,20,0,6,108,5,119,0,14,117,8,139,94,26,120,259
12/03/2000,VLD,GA,ASO,ES,Federal Contract Tower,0,7,9,0,16,0,3,68,0,71,0,10,77,0,87,46,0,46,133
12/04/2000,VLD,GA,ASO,ES,Federal Contract Tower,0,11,14,5,30,0,2,26,11,39,0,13,40,16,69,42,70,112,181
12/05/2000,VLD,GA,ASO,ES,Federal Contract Tower,0,11,16,5,32,0,0,42,9,51,0,11,58,14,83,42,30,72,155
12/06/2000,VLD,GA,ASO,ES,Federal Contract Tower,0,14,21,7,42,0,0,80,3,83,0,14,101,10,125,50,34,84,209
12/07/2000,VLD,GA,ASO,ES,Federal Contract Tower,0,14,21,7,42,0,0,30,1,31,0,14,51,8,73,48,36,84,157
12/08/2000,VLD,GA,ASO,ES,Federal Contract Tower,0,13,19,0,32,0,0,50,0,50,0,13,69,0,82,68,0,68,150
12/09/2000,VLD,GA,ASO,ES,Federal Contract Tower,0,10,12,2,24,0,2,53,0,55,0,12,65,2,79,46,0,46,125
12/10/2000,VLD,GA,ASO,ES,Federal Contract Tower,0,11,14,0,25,0,0,29,0,29,0,11,43,0,54,26,0,26,80
12/11/2000,VLD,GA,ASO,ES,Federal Contract Tower,0,7,10,0,17,0,2,38,0,40,0,9,48,0,57,0,0,0,57
12/12/2000,VLD,GA,ASO,ES,Federal Contract Tower,0,12,15,0,27,0,1,28,0,29,0,13,43,0,56,38,0,38,94
12/13/2000,VLD,GA,ASO,ES,Federal Contract Tower,0,12,24,2,38,0,0,47,0,47,0,12,71,2,85,36,22,58,143
12/14/2000,VLD,GA,ASO,ES,Federal Contract Tower,0,13,23,6,42,0,0,11,13,24,0,13,34,19,66,0,70,70,136
12/15/2000,VLD,GA,ASO,ES,Federal Contract Tower,0,9,18,5,32,0,0,31,7,38,0,9,49,12,70,32,38,70,140
12/16/2000,VLD,GA,ASO,ES,Federal Contract Tower,0,3,5,0,8,0,2,62,0,64,0,5,67,0,72,48,0,48,120
12/17/2000,VLD,GA,ASO,ES,Federal Contract Tower,0,5,8,1,14,0,2,70,0,72,0,7,78,1,86,28,0,28,114
12/18/2000,VLD,GA,ASO,ES,Federal Contract Tower,0,11,18,5,34,0,0,41,9,50,0,11,59,14,84,20,36,56,140
12/19/2000,VLD,GA,ASO,ES,Federal Contract Tower,0,7,11,3,21,0,3,50,11,64,0,10,61,14,85,28,8,36,121
12/20/2000,VLD,GA,ASO,ES,Federal Contract Tower,0,10,17,4,31,0,0,43,4,47,0,10,60,8,78,12,2,14,92
12/21/2000,VLD,GA,ASO,ES,Federal Contract Tower,0,10,18,5,33,0,0,36,5,41,0,10,54,10,74,40,18,58,132
12/22/2000,VLD,GA,ASO,ES,Federal Contract Tower,0,12,16,4,32,0,2,35,8,45,0,14,51,12,77,42,14,56,133
12/23/2000,VLD,GA,ASO,ES,Federal Contract Tower,0,8,12,0,20,0,1,64,0,65,0,9,76,0,85,48,0,48,133
12/24/2000,VLD,GA,ASO,ES,Federal Contract Tower,0,5,8,0,13,0,2,69,0,71,0,7,77,0,84,38,0,38,122
12/25/2000,VLD,GA,ASO,ES,Federal Contract Tower,0,3,5,0,8,0,3,21,0,24,0,6,26,0,32,4,0,4,36
12/26/2000,VLD,GA,ASO,ES,Federal Contract Tower,0,7,10,0,17,0,5,43,0,48,0,12,53,0,65,26,0,26,91
12/27/2000,VLD,GA,ASO,ES,Federal Contract Tower,0,12,19,5,36,0,0,21,19,40,0,12,40,24,76,10,32,42,118
12/28/2000,VLD,GA,ASO,ES,Federal Contract Tower,0,9,12,0,21,0,0,4,0,4,0,9,16,0,25,0,0,0,25
12/29/2000,VLD,GA,ASO,ES,Federal Contract Tower,0,12,18,5,35,0,0,26,5,31,0,12,44,10,66,0,54,54,120
12/30/2000,VLD,GA,ASO,ES,Federal Contract Tower,0,7,10,0,17,0,1,56,0,57,0,8,66,0,74,16,0,16,90
12/31/2000,VLD,GA,ASO,ES,Federal Contract Tower,0,5,7,0,12,0,2,23,0,25,0,7,30,0,37,0,0,0,37
01/01/2001,VLD,GA,ASO,ES,Federal Contract Tower,0,5,7,0,12,0,2,26,0,28,0,7,33,0,40,14,0,14,54
01/02/2001,VLD,GA,ASO,ES,Federal Contract Tower,0,11,14,6,31,0,0,28,6,34,0,11,42,12,65,22,36,58,123
01/03/2001,VLD,GA,ASO,ES,Federal Contract Tower,0,9,12,5,26,0,4,24,15,43,0,13,36,20,69,22,42,64,133
01/04/2001,VLD,GA,ASO,ES,Federal Contract Tower,0,12,13,6,31,0,2,32,4,38,0,14,45,10,69,22,108,130,199
01/05/2001,VLD,GA,ASO,ES,Federal Contract Tower,0,11,16,8,35,0,0,28,9,37,0,11,44,17,72,10,62,72,144
01/06/2001,VLD,GA,ASO,ES,Federal Contract Tower,0,7,8,0,15,0,4,68,0,72,0,11,76,0,87,36,0,36,123
01/07/2001,VLD,GA,ASO,ES,Federal Contract Tower,0,4,5,0,9,0,4,100,0,104,0,8,105,0,113,88,0,88,201
01/08/2001,VLD,GA,ASO,ES,Federal Contract Tower,0,11,12,6,29,0,2,17,20,39,0,13,29,26,68,18,104,122,190
01/09/2001,VLD,GA,ASO,ES,Federal Contract Tower,0,10,11,5,26,0,3,27,7,37,0,13,38,12,63,20,36,56,119
01/10/2001,VLD,GA,ASO,ES,Federal Contract Tower,0,13,14,7,34,0,0,45,1,46,0,13,59,8,80,42,36,78,158
01/11/2001,VLD,GA,ASO,ES,Federal Contract Tower,0,12,20,9,41,0,0,20,21,41,0,12,40,30,82,12,90,102,184
01/12/2001,VLD,GA,ASO,ES,Federal Contract Tower,0,11,16,8,35,0,0,74,20,94,0,11,90,28,129,42,36,78,207
01/13/2001,VLD,GA,ASO,ES,Federal Contract Tower,0,9,10,0,19,0,2,56,0,58,0,11,66,0,77,68,0,68,145
01/14/2001,VLD,GA,ASO,ES,Federal Contract Tower,0,7,8,0,15,0,1,91,0,92,0,8,99,0,107,58,0,58,165
01/15/2001,VLD,GA,ASO,ES,Federal Contract Tower,0,7,6,0,13,0,4,77,0,81,0,11,83,0,94,58,0,58,152
01/16/2001,VLD,GA,ASO,ES,Federal Contract Tower,0,13,15,7,35,0,0,41,21,62,0,13,56,28,97,56,52,108,205
01/17/2001,VLD,GA,ASO,ES,Federal Contract Tower,0,13,15,7,35,0,0,49,3,52,0,13,64,10,87,18,48,66,153
01/18/2001,VLD,GA,ASO,ES,Federal Contract Tower,0,14,22,5,41,0,0,34,0,34,0,14,56,5,75,18,52,70,145
01/19/2001,VLD,GA,ASO,ES,Federal Contract Tower,0,6,12,4,22,0,0,35,22,57,0,6,47,26,79,0,56,56,135
01/20/2001,VLD,GA,ASO,ES,Federal Contract Tower,0,7,8,0,15,0,1,71,0,72,0,8,79,0,87,32,0,32,119
01/21/2001,VLD,GA,ASO,ES,Federal Contract Tower,0,7,11,0,18,0,0,82,0,82,0,7,93,0,100,28,0,28,128
01/22/2001,VLD,GA,ASO,ES,Federal Contract Tower,0,10,13,5,28,0,5,25,29,59,0,15,38,34,87,40,84,124,211
01/23/2001,VLD,GA,ASO,ES,Federal Contract Tower,0,10,13,5,28,0,2,83,33,118,0,12,96,38,146,54,14,68,214
01/24/2001,VLD,GA,ASO,ES,Federal Contract Tower,0,13,22,9,44,0,0,38,6,44,0,13,60,15,88,6,88,94,182
01/25/2001,VLD,GA,ASO,ES,Federal Contract Tower,0,13,19,7,39,0,0,27,5,32,0,13,46,12,71,14,64,78,149
01/26/2001,VLD,GA,ASO,ES,Federal Contract Tower,0,13,16,0,29,0,0,41,0,41,0,13,57,0,70,40,6,46,116
01/27/2001,VLD,GA,ASO,ES,Federal Contract Tower,0,8,9,3,20,0,3,47,3,53,0,11,56,6,73,36,0,36,109
01/28/2001,VLD,GA,ASO,ES,Federal Contract Tower,0,6,7,0,13,0,4,58,0,62,0,10,65,0,75,34,0,34,109
01/29/2001,VLD,GA,ASO,ES,Federal Contract Tower,0,10,11,4,25,0,0,27,12,39,0,10,38,16,64,8,118,126,190
01/30/2001,VLD,GA,ASO,ES,Federal Contract Tower,0,11,20,8,39,0,0,32,16,48,0,11,52,24,87,8,88,96,183
01/31/2001,VLD,GA,ASO,ES,Federal Contract Tower,0,11,14,5,30,0,0,12,9,21,0,11,26,14,51,8,68,76,127
02/01/2001,VLD,GA,ASO,ES,Federal Contract Tower,0,12,20,6,38,0,0,71,26,97,0,12,91,32,135,44,92,136,271
02/02/2001,VLD,GA,ASO,ES,Federal Contract Tower,0,12,18,6,36,0,0,64,26,90,0,12,82,32,126,46,70,116,242
02/03/2001,VLD,GA,ASO,ES,Federal Contract Tower,0,7,8,0,15,0,4,68,0,72,0,11,76,0,87,36,0,36,123
02/04/2001,VLD,GA,ASO,ES,Federal Contract Tower,0,10,11,4,25,0,0,72,6,78,0,10,83,10,103,60,0,60,163
02/05/2001,VLD,GA,ASO,ES,Federal Contract Tower,0,7,10,4,21,0,4,74,16,94,0,11,84,20,115,64,28,92,207
02/06/2001,VLD,GA,ASO,ES,Federal Contract Tower,0,11,13,5,29,0,3,43,7,53,0,14,56,12,82,36,102,138,220
02/07/2001,VLD,GA,ASO,ES,Federal Contract Tower,0,12,22,8,42,0,0,46,8,54,0,12,68,16,96,20,34,54,150
02/08/2001,VLD,GA,ASO,ES,Federal Contract Tower,0,13,26,9,48,0,0,39,9,48,0,13,65,18,96,16,56,72,168
02/09/2001,VLD,GA,ASO,ES,Federal Contract Tower,0,13,19,7,39,0,0,104,9,113,0,13,123,16,152,42,76,118,270
02/10/2001,VLD,GA,ASO,ES,Federal Contract Tower,0,9,15,0,24,0,0,68,0,68,0,9,83,0,92,20,0,20,112
02/11/2001,VLD,GA,ASO,ES,Federal Contract Tower,0,10,17,0,27,0,0,78,0,78,0,10,95,0,105,60,0,60,165
02/12/2001,VLD,GA,ASO,ES,Federal Contract Tower,0,10,12,4,26,0,3,5,20,28,0,13,17,24,54,22,94,116,170
02/13/2001,VLD,GA,ASO,ES,Federal Contract Tower,0,8,11,2,21,0,0,59,0,59,0,8,70,2,80,40,26,66,146
02/14/2001,VLD,GA,ASO,ES,Federal Contract Tower,0,9,10,4,23,0,1,67,14,82,0,10,77,18,105,14,64,78,183
02/15/2001,VLD,GA,ASO,ES,Federal Contract Tower,0,12,22,8,42,0,0,32,4,36,0,12,54,12,78,32,60,92,170
02/16/2001,VLD,GA,ASO,ES,Federal Contract Tower,0,10,13,4,27,0,2,28,8,38,0,12,41,12,65,50,14,64,129
02/17/2001,VLD,GA,ASO,ES,Federal Contract Tower,0,6,9,0,15,0,5,42,0,47,0,11,51,0,62,74,0,74,136
02/18/2001,VLD,GA,ASO,ES,Federal Contract Tower,0,8,11,0,19,0,2,59,0,61,0,10,70,0,80,58,0,58,138
02/19/2001,VLD,GA,ASO,ES,Federal Contract Tower,0,6,9,0,15,0,5,50,0,55,0,11,59,0,70,48,0,48,118
02/20/2001,VLD,GA,ASO,ES,Federal Contract Tower,0,10,13,4,27,0,3,38,4,45,0,13,51,8,72,70,64,134,206
02/21/2001,VLD,GA,ASO,ES,Federal Contract Tower,0,13,21,6,40,0,0,21,14,35,0,13,42,20,75,0,78,78,153
02/22/2001,VLD,GA,ASO,ES,Federal Contract Tower,0,15,21,6,42,0,0,32,4,36,0,15,53,10,78,14,46,60,138
02/23/2001,VLD,GA,ASO,ES,Federal Contract Tower,0,15,23,7,45,0,0,32,12,44,0,15,55,19,89,58,24,82,171
02/24/2001,VLD,GA,ASO,ES,Federal Contract Tower,0,5,8,2,15,0,6,45,0,51,0,11,53,2,66,70,0,70,136
02/25/2001,VLD,GA,ASO,ES,Federal Contract Tower,0,10,12,3,25,0,0,77,1,78,0,10,89,4,103,44,6,50,153
02/26/2001,VLD,GA,ASO,ES,Federal Contract Tower,0,7,16,5,28,0,0,47,3,50,0,7,63,8,78,42,0,42,120
02/27/2001,VLD,GA,ASO,ES,Federal Contract Tower,0,14,18,5,37,0,1,76,19,96,0,15,94,24,133,28,20,48,181
02/28/2001,VLD,GA,ASO,ES,Federal Contract Tower,0,14,19,5,38,0,1,9,19,29,0,15,28,24,67,48,44,92,159
03/01/2001,VLD,GA,ASO,ES,Federal Contract Tower,0,13,23,9,45,0,0,77,27,104,0,13,100,36,149,32,76,108,257
03/02/2001,VLD,GA,ASO,ES,Federal Contract Tower,0,11,21,9,41,0,0,48,9,57,0,11,69,18,98,34,76,110,208
03/03/2001,VLD,GA,ASO,ES,Federal Contract Tower,0,7,9,0,16,0,4,57,0,61,0,11,66,0,77,79,0,79,156
03/04/2001,VLD,GA,ASO,ES,Federal Contract Tower,0,9,19,0,28,0,0,82,0,82,0,9,101,0,110,106,0,106,216
03/05/2001,VLD,GA,ASO,ES,Federal Contract Tower,0,8,11,5,24,0,7,97,25,129,0,15,108,30,153,58,70,128,281
03/06/2001,VLD,GA,ASO,ES,Federal Contract Tower,0,10,14,6,30,0,3,95,6,104,0,13,109,12,134,46,68,114,248
03/07/2001,VLD,GA,ASO,ES,Federal Contract Tower,0,11,19,8,38,0,0,76,18,94,0,11,95,26,132,0,90,90,222
03/08/2001,VLD,GA,ASO,ES,Federal Contract Tower,0,13,23,9,45,0,0,60,21,81,0,13,83,30,126,14,62,76,202
03/09/2001,VLD,GA,ASO,ES,Federal Contract Tower,0,11,14,6,31,0,8,39,10,57,0,19,53,16,88,44,48,92,180
03/10/2001,VLD,GA,ASO,ES,Federal Contract Tower,0,8,10,0,18,0,2,96,0,98,0,10,106,0,116,110,0,110,226
03/11/2001,VLD,GA,ASO,ES,Federal Contract Tower,0,8,10,0,18,0,2,42,0,44,0,10,52,0,62,86,0,86,148
03/12/2001,VLD,GA,ASO,ES,Federal Contract Tower,0,11,16,7,34,0,0,70,13,83,0,11,86,20,117,54,24,78,195
03/13/2001,VLD,GA,ASO,ES,Federal Contract Tower,0,15,19,8,42,0,0,42,8,50,0,15,61,16,92,20,40,60,152
03/14/2001,VLD,GA,ASO,ES,Federal Contract Tower,0,12,17,7,36,0,1,45,9,55,0,13,62,16,91,46,36,82,173
03/15/2001,VLD,GA,ASO,ES,Federal Contract Tower,0,12,18,6,36,0,1,32,2,35,0,13,50,8,71,16,26,42,113
03/16/2001,VLD,GA,ASO,ES,Federal Contract Tower,0,13,22,8,43,0,0,42,13,55,0,13,64,21,98,54,32,86,184
03/17/2001,VLD,GA,ASO,ES,Federal Contract Tower,0,8,12,0,20,0,1,48,0,49,0,9,60,0,69,80,0,80,149
03/18/2001,VLD,GA,ASO,ES,Federal Contract Tower,0,9,13,0,22,0,0,35,0,35,0,9,48,0,57,32,0,32,89
03/19/2001,VLD,GA,ASO,ES,Federal Contract Tower,0,11,17,6,34,0,2,2,8,12,0,13,19,14,46,0,66,66,112
03/20/2001,VLD,GA,ASO,ES,Federal Contract Tower,0,6,8,2,16,0,6,65,16,87,0,12,73,18,103,44,70,114,217
03/21/2001,VLD,GA,ASO,ES,Federal Contract Tower,0,14,27,9,50,0,0,18,21,39,0,14,45,30,89,22,52,74,163
03/22/2001,VLD,GA,ASO,ES,Federal Contract Tower,0,15,25,9,49,0,0,64,1,65,0,15,89,10,114,60,48,108,222
03/23/2001,VLD,GA,ASO,ES,Federal Contract Tower,0,12,16,5,33,0,1,41,3,45,0,13,57,8,78,84,26,110,188
03/24/2001,VLD,GA,ASO,ES,Federal Contract Tower,0,6,8,1,15,0,5,68,0,73,0,11,76,1,88,56,0,56,144
03/25/2001,VLD,GA,ASO,ES,Federal Contract Tower,0,9,13,1,23,0,0,41,0,41,0,9,54,1,64,36,0,36,100
03/26/2001,VLD,GA,ASO,ES,Federal Contract Tower,0,8,10,2,20,0,3,36,0,39,0,11,46,2,59,14,0,14,73
03/27/2001,VLD,GA,ASO,ES,Federal Contract Tower,0,13,18,6,37,0,0,37,0,37,0,13,55,6,74,14,0,14,88
03/28/2001,VLD,GA,ASO,ES,Federal Contract Tower,0,16,25,9,50,0,0,34,7,41,0,16,59,16,91,28,52,80,171
03/29/2001,VLD,GA,ASO,ES,Federal Contract Tower,0,8,11,4,23,0,3,20,0,23,0,11,31,4,46,0,14,14,60
03/30/2001,VLD,GA,ASO,ES,Federal Contract Tower,0,13,22,6,41,0,0,20,0,20,0,13,42,6,61,6,18,24,85
03/31/2001,VLD,GA,ASO,ES,Federal Contract Tower,0,10,13,0,23,0,1,54,0,55,0,11,67,0,78,36,0,36,114
04/01/2001,VLD,GA,ASO,ES,Federal Contract Tower,0,10,12,0,22,0,0,61,0,61,0,10,73,0,83,48,0,48,131
04/02/2001,VLD,GA,ASO,ES,Federal Contract Tower,0,13,16,4,33,0,0,102,14,116,0,13,118,18,149,70,40,110,259
04/03/2001,VLD,GA,ASO,ES,Federal Contract Tower,0,11,5,10,26,0,0,63,16,79,0,11,68,26,105,36,30,66,171
04/04/2001,VLD,GA,ASO,ES,Federal Contract Tower,0,13,13,6,32,0,0,56,10,66,0,13,69,16,98,42,40,82,180
04/05/2001,VLD,GA,ASO,ES,Federal Contract Tower,0,13,29,8,50,0,1,42,14,57,0,14,71,22,107,40,71,111,218
04/06/2001,VLD,GA,ASO,ES,Federal Contract Tower,0,12,13,10,35,0,0,106,13,119,0,12,119,23,154,40,78,118,272
04/07/2001,VLD,GA,ASO,ES,Federal Contract Tower,0,7,15,0,22,0,0,159,0,159,0,7,174,0,181,136,0,136,317
04/08/2001,VLD,GA,ASO,ES,Federal Contract Tower,0,11,17,0,28,0,0,125,2,127,0,11,142,2,155,82,0,82,237
04/09/2001,VLD,GA,ASO,ES,Federal Contract Tower,0,13,16,6,35,0,0,131,11,142,0,13,147,17,177,82,44,126,303
04/10/2001,VLD,GA,ASO,ES,Federal Contract Tower,0,13,23,9,45,0,2,122,23,147,0,15,145,32,192,48,26,74,266
04/11/2001,VLD,GA,ASO,ES,Federal Contract Tower,0,13,15,8,36,0,0,112,40,152,0,13,127,48,188,56,46,102,290
04/12/2001,VLD,GA,ASO,ES,Federal Contract Tower,0,13,14,6,33,0,0,139,16,155,0,13,153,22,188,60,88,148,336
04/13/2001,VLD,GA,ASO,ES,Federal Contract Tower,0,13,26,0,39,0,0,154,0,154,0,13,180,0,193,86,36,122,315
04/14/2001,VLD,GA,ASO,ES,Federal Contract Tower,0,7,16,0,23,0,0,129,5,134,0,7,145,5,157,144,0,144,301
04/15/2001,VLD,GA,ASO,ES,Federal Contract Tower,0,11,12,1,24,0,0,69,0,69,0,11,81,1,93,40,0,40,133
04/16/2001,VLD,GA,ASO,ES,Federal Contract Tower,0,13,8,2,23,0,0,97,12,109,0,13,105,14,132,96,26,122,254
04/17/2001,VLD,GA,ASO,ES,Federal Contract Tower,0,11,13,8,32,0,0,38,8,46,0,11,51,16,78,40,18,58,136
04/18/2001,VLD,GA,ASO,ES,Federal Contract Tower,0,13,8,13,34,0,1,50,10,61,0,14,58,23,95,56,54,110,205
04/19/2001,VLD,GA,ASO,ES,Federal Contract Tower,0,12,7,16,35,0,2,51,5,58,0,14,58,21,93,56,52,108,201
04/20/2001,VLD,GA,ASO,ES,Federal Contract Tower,0,13,20,2,35,0,0,51,0,51,0,13,71,2,86,56,6,62,148
04/21/2001,VLD,GA,ASO,ES,Federal Contract Tower,0,7,4,0,11,0,0,66,0,66,0,7,70,0,77,56,0,56,133
04/22/2001,VLD,GA,ASO,ES,Federal Contract Tower,0,9,12,0,21,0,0,68,0,68,0,9,80,0,89,52,0,52,141
04/23/2001,VLD,GA,ASO,ES,Federal Contract Tower,0,12,20,8,40,0,1,30,12,43,0,13,50,20,83,44,52,96,179
04/24/2001,VLD,GA,ASO,ES,Federal Contract Tower,0,12,11,10,33,0,1,32,8,41,0,13,43,18,74,20,108,128,202
04/25/2001,VLD,GA,ASO,ES,Federal Contract Tower,0,13,16,14,43,0,0,21,14,35,0,13,37,28,78,2,54,56,134
04/26/2001,VLD,GA,ASO,ES,Federal Contract Tower,0,12,15,14,41,0,0,38,2,40,0,12,53,16,81,0,38,38,119
04/27/2001,VLD,GA,ASO,ES,Federal Contract Tower,0,12,19,12,43,0,1,23,5,29,0,13,42,17,72,16,61,77,149
04/28/2001,VLD,GA,ASO,ES,Federal Contract Tower,0,7,15,0,22,0,0,54,0,54,0,7,69,0,76,42,0,42,118
04/29/2001,VLD,GA,ASO,ES,Federal Contract Tower,0,13,13,1,27,0,0,48,1,49,0,13,61,2,76,34,8,42,118
04/30/2001,VLD,GA,ASO,ES,Federal Contract Tower,0,13,13,12,38,0,0,39,6,45,0,13,52,18,83,24,78,102,185
05/01/2001,VLD,GA,ASO,ES,Federal Contract Tower,0,13,10,17,40,0,0,64,19,83,0,13,74,36,123,54,72,126,249
05/02/2001,VLD,GA,ASO,ES,Federal Contract Tower,0,13,27,10,50,0,3,36,0,39,0,16,63,10,89,32,66,98,187
05/03/2001,VLD,GA,ASO,ES,Federal Contract Tower,0,13,11,0,24,0,0,56,4,60,0,13,67,4,84,26,44,70,154
05/04/2001,VLD,GA,ASO,ES,Federal Contract Tower,0,13,16,9,38,0,0,40,1,41,0,13,56,10,79,54,77,131,210
05/05/2001,VLD,GA,ASO,ES,Federal Contract Tower,0,7,16,0,23,0,0,58,4,62,0,7,74,4,85,40,0,40,125
05/06/2001,VLD,GA,ASO,ES,Federal Contract Tower,0,11,5,0,16,0,0,73,0,73,0,11,78,0,89,41,0,41,130
05/07/2001,VLD,GA,ASO,ES,Federal Contract Tower,0,11,14,6,31,0,0,71,18,89,0,11,85,24,120,28,20,48,168
05/08/2001,VLD,GA,ASO,ES,Federal Contract Tower,0,13,21,6,40,0,0,39,5,44,0,13,60,11,84,24,20,44,128
05/09/2001,VLD,GA,ASO,ES,Federal Contract Tower,0,13,18,1,32,0,0,38,7,45,0,13,56,8,77,46,0,46,123
05/10/2001,VLD,GA,ASO,ES,Federal Contract Tower,0,13,17,11,41,0,0,48,2,50,0,13,65,13,91,28,68,96,187
05/11/2001,VLD,GA,ASO,ES,Federal Contract Tower,0,13,15,13,41,0,0,42,21,63,0,13,57,34,104,33,18,51,155
05/12/2001,VLD,GA,ASO,ES,Federal Contract Tower,0,7,4,0,11,0,0,67,0,67,0,7,71,0,78,94,0,94,172
05/13/2001,VLD,GA,ASO,ES,Federal Contract Tower,0,11,7,0,18,0,0,46,0,46,0,11,53,0,64,56,0,56,120
05/14/2001,VLD,GA,ASO,ES,Federal Contract Tower,0,14,7,6,27,0,0,52,8,60,0,14,59,14,87,74,20,94,181
05/15/2001,VLD,GA,ASO,ES,Federal Contract Tower,0,15,18,5,38,0,0,34,12,46,0,15,52,17,84,34,44,78,162
05/16/2001,VLD,GA,ASO,ES,Federal Contract Tower,0,15,26,14,55,0,0,48,1,49,0,15,74,15,104,66,34,100,204
05/17/2001,VLD,GA,ASO,ES,Federal Contract Tower,0,13,7,0,20,0,0,43,6,49,0,13,50,6,69,62,0,62,131
05/18/2001,VLD,GA,ASO,ES,Federal Contract Tower,0,13,9,0,22,0,0,73,0,73,0,13,82,0,95,54,0,54,149
05/19/2001,VLD,GA,ASO,ES,Federal Contract Tower,0,7,11,0,18,0,0,54,0,54,0,7,65,0,72,48,0,48,120
05/20/2001,VLD,GA,ASO,ES,Federal Contract Tower,0,11,16,1,28,0,0,30,5,35,0,11,46,6,63,68,4,72,135
05/21/2001,VLD,GA,ASO,ES,Federal Contract Tower,0,11,5,21,37,0,0,40,7,47,0,11,45,28,84,38,4,42,126
05/22/2001,VLD,GA,ASO,ES,Federal Contract Tower,0,11,25,1,37,0,0,22,8,30,0,11,47,9,67,8,0,8,75
05/23/2001,VLD,GA,ASO,ES,Federal Contract Tower,0,13,31,6,50,0,3,52,20,75,0,16,83,26,125,24,4,28,153
05/24/2001,VLD,GA,ASO,ES,Federal Contract Tower,0,12,13,16,41,0,2,46,2,50,0,14,59,18,91,62,20,82,173
05/25/2001,VLD,GA,ASO,ES,Federal Contract Tower,0,5,7,0,12,0,8,46,0,54,0,13,53,0,66,58,0,58,124
05/26/2001,VLD,GA,ASO,ES,Federal Contract Tower,0,6,8,0,14,0,1,75,0,76,0,7,83,0,90,70,0,70,160
05/27/2001,VLD,GA,ASO,ES,Federal Contract Tower,0,6,9,0,15,0,5,50,0,55,0,11,59,0,70,66,0,66,136
05/28/2001,VLD,GA,ASO,ES,Federal Contract Tower,0,8,9,0,17,0,0,23,0,23,0,8,32,0,40,54,0,54,94
05/29/2001,VLD,GA,ASO,ES,Federal Contract Tower,0,12,16,0,28,0,2,48,0,50,0,14,64,0,78,38,0,38,116
05/30/2001,VLD,GA,ASO,ES,Federal Contract Tower,0,13,18,4,35,0,0,33,0,33,0,13,51,4,68,46,0,46,114
05/31/2001,VLD,GA,ASO,ES,Federal Contract Tower,0,0,0,0,0,0,15,52,14,81,0,15,52,14,81,20,64,84,165
06/01/2001,VLD,GA,ASO,ES,Federal Contract Tower,0,11,7,4,22,0,0,64,8,72,0,11,71,12,94,56,32,88,182
06/02/2001,VLD,GA,ASO,ES,Federal Contract Tower,0,6,17,0,23,0,0,64,0,64,0,6,81,0,87,94,0,94,181
06/03/2001,VLD,GA,ASO,ES,Federal Contract Tower,0,9,5,0,14,0,0,67,0,67,0,9,72,0,81,74,0,74,155
06/04/2001,VLD,GA,ASO,ES,Federal Contract Tower,0,8,9,4,21,0,0,84,16,100,0,8,93,20,121,80,0,80,201
06/05/2001,VLD,GA,ASO,ES,Federal Contract Tower,0,13,12,2,27,0,0,36,0,36,0,13,48,2,63,50,0,50,113
06/06/2001,VLD,GA,ASO,ES,Federal Contract Tower,0,13,7,4,24,0,0,75,10,85,0,13,82,14,109,58,10,68,177
06/07/2001,VLD,GA,ASO,ES,Federal Contract Tower,0,13,20,3,36,0,0,43,11,54,0,13,63,14,90,54,6,60,150
06/08/2001,VLD,GA,ASO,ES,Federal Contract Tower,0,13,22,9,44,0,0,26,3,29,0,13,48,12,73,32,14,46,119
06/09/2001,VLD,GA,ASO,ES,Federal Contract Tower,0,7,9,0,16,0,0,66,0,66,0,7,75,0,82,70,0,70,152
06/10/2001,VLD,GA,ASO,ES,Federal Contract Tower,0,11,13,0,24,0,0,66,0,66,0,11,79,0,90,78,0,78,168
06/11/2001,VLD,GA,ASO,ES,Federal Contract Tower,0,12,17,13,42,0,0,34,11,45,0,12,51,24,87,0,36,36,123
06/12/2001,VLD,GA,ASO,ES,Federal Contract Tower,0,13,7,0,20,0,0,60,6,66,0,13,67,6,86,20,14,34,120
06/13/2001,VLD,GA,ASO,ES,Federal Contract Tower,0,13,17,10,40,0,2,54,12,68,0,15,71,22,108,34,12,46,154
06/14/2001,VLD,GA,ASO,ES,Federal Contract Tower,0,11,24,4,39,0,0,55,0,55,0,11,79,4,94,50,32,82,176
06/15/2001,VLD,GA,ASO,ES,Federal Contract Tower,0,13,21,0,34,0,0,48,0,48,0,13,69,0,82,94,0,94,176
06/16/2001,VLD,GA,ASO,ES,Federal Contract Tower,0,7,7,0,14,0,0,66,0,66,0,7,73,0,80,76,0,76,156
06/17/2001,VLD,GA,ASO,ES,Federal Contract Tower,0,11,24,0,35,0,0,41,2,43,0,11,65,2,78,48,0,48,126
06/18/2001,VLD,GA,ASO,ES,Federal Contract Tower,0,17,8,10,35,0,0,82,24,106,0,17,90,34,141,68,10,78,219
06/19/2001,VLD,GA,ASO,ES,Federal Contract Tower,0,13,23,3,39,0,0,32,12,44,0,13,55,15,83,50,14,64,147
06/20/2001,VLD,GA,ASO,ES,Federal Contract Tower,0,13,15,6,34,0,0,84,36,120,0,13,99,42,154,88,14,102,256
06/21/2001,VLD,GA,ASO,ES,Federal Contract Tower,0,14,28,6,48,0,0,34,11,45,0,14,62,17,93,50,0,50,143
06/22/2001,VLD,GA,ASO,ES,Federal Contract Tower,0,8,20,7,35,0,0,35,8,43,0,8,55,15,78,46,32,78,156
06/23/2001,VLD,GA,ASO,ES,Federal Contract Tower,0,5,8,0,13,0,0,76,0,76,0,5,84,0,89,54,0,54,143
06/24/2001,VLD,GA,ASO,ES,Federal Contract Tower,0,13,8,1,22,0,0,64,0,64,0,13,72,1,86,78,0,78,164
06/25/2001,VLD,GA,ASO,ES,Federal Contract Tower,0,11,19,8,38,0,0,41,11,52,0,11,60,19,90,68,118,186,276
06/26/2001,VLD,GA,ASO,ES,Federal Contract Tower,0,13,13,2,28,0,0,54,0,54,0,13,67,2,82,34,32,66,148
06/27/2001,VLD,GA,ASO,ES,Federal Contract Tower,0,11,24,0,35,0,0,32,0,32,0,11,56,0,67,35,0,35,102
06/28/2001,VLD,GA,ASO,ES,Federal Contract Tower,0,13,17,9,39,0,0,42,1,43,0,13,59,10,82,54,26,80,162
06/29/2001,VLD,GA,ASO,ES,Federal Contract Tower,0,12,20,4,36,0,0,23,0,23,0,12,43,4,59,12,10,22,81
06/30/2001,VLD,GA,ASO,ES,Federal Contract Tower,0,8,11,2,21,0,0,39,0,39,0,8,50,2,60,80,0,80,140
07/01/2001,VLD,GA,ASO,ES,Federal Contract Tower,0,10,8,0,18,0,1,49,0,50,0,11,57,0,68,54,0,54,122
07/02/2001,VLD,GA,ASO,ES,Federal Contract Tower,0,12,12,3,27,0,0,60,1,61,0,12,72,4,88,66,12,78,166
07/03/2001,VLD,GA,ASO,ES,Federal Contract Tower,0,12,15,0,27,0,0,67,0,67,0,12,82,0,94,92,0,92,186
07/04/2001,VLD,GA,ASO,ES,Federal Contract Tower,0,5,6,0,11,0,0,61,0,61,0,5,67,0,72,42,0,42,114
07/05/2001,VLD,GA,ASO,ES,Federal Contract Tower,0,10,18,19,47,0,1,31,3,35,0,11,49,22,82,20,74,94,176
07/06/2001,VLD,GA,ASO,ES,Federal Contract Tower,0,13,19,13,45,0,0,30,5,35,0,13,49,18,80,94,8,102,182
07/07/2001,VLD,GA,ASO,ES,Federal Contract Tower,0,6,9,0,15,0,0,62,0,62,0,6,71,0,77,106,0,106,183
07/08/2001,VLD,GA,ASO,ES,Federal Contract Tower,0,10,15,0,25,0,0,48,0,48,0,10,63,0,73,54,0,54,127
07/09/2001,VLD,GA,ASO,ES,Federal Contract Tower,0,12,17,11,40,0,0,34,7,41,0,12,51,18,81,24,4,28,109
07/10/2001,VLD,GA,ASO,ES,Federal Contract Tower,0,13,10,12,35,0,0,26,7,33,0,13,36,19,68,42,74,116,184
07/11/2001,VLD,GA,ASO,ES,Federal Contract Tower,0,13,17,8,38,0,0,43,3,46,0,13,60,11,84,78,24,102,186
07/12/2001,VLD,GA,ASO,ES,Federal Contract Tower,0,12,23,15,50,0,0,19,3,22,0,12,42,18,72,110,44,154,226
07/13/2001,VLD,GA,ASO,ES,Federal Contract Tower,0,13,13,11,37,0,0,55,15,70,0,13,68,26,107,48,38,86,193
07/14/2001,VLD,GA,ASO,ES,Federal Contract Tower,0,7,7,0,14,0,0,53,0,53,0,7,60,0,67,84,0,84,151
07/15/2001,VLD,GA,ASO,ES,Federal Contract Tower,0,9,16,1,26,0,0,60,0,60,0,9,76,1,86,54,0,54,140
07/16/2001,VLD,GA,ASO,ES,Federal Contract Tower,0,11,15,12,38,0,0,35,4,39,0,11,50,16,77,14,4,18,95
07/17/2001,VLD,GA,ASO,ES,Federal Contract Tower,0,15,10,5,30,0,0,47,9,56,0,15,57,14,86,146,24,170,256
07/18/2001,VLD,GA,ASO,ES,Federal Contract Tower,0,13,16,3,32,0,0,42,3,45,0,13,58,6,77,36,4,40,117
07/19/2001,VLD,GA,ASO,ES,Federal Contract Tower,0,13,23,20,56,0,0,37,6,43,0,13,60,26,99,132,36,168,267
07/20/2001,VLD,GA,ASO,ES,Federal Contract Tower,0,13,16,8,37,0,0,27,4,31,0,13,43,12,68,30,48,78,146
07/21/2001,VLD,GA,ASO,ES,Federal Contract Tower,0,7,13,0,20,0,0,37,0,37,0,7,50,0,57,30,0,30,87
07/22/2001,VLD,GA,ASO,ES,Federal Contract Tower,0,9,19,0,28,0,0,53,0,53,0,9,72,0,81,72,0,72,153
07/23/2001,VLD,GA,ASO,ES,Federal Contract Tower,0,11,24,6,41,0,0,24,4,28,0,11,48,10,69,20,32,52,121
07/24/2001,VLD,GA,ASO,ES,Federal Contract Tower,0,12,12,16,40,0,0,45,12,57,0,12,57,28,97,18,16,34,131
07/25/2001,VLD,GA,ASO,ES,Federal Contract Tower,0,13,15,20,48,0,0,25,6,31,0,13,40,26,79,34,26,60,139
07/26/2001,VLD,GA,ASO,ES,Federal Contract Tower,0,12,26,20,58,0,0,27,0,27,0,12,53,20,85,40,66,106,191
07/27/2001,VLD,GA,ASO,ES,Federal Contract Tower,0,11,7,12,30,0,0,39,2,41,0,11,46,14,71,60,6,66,137
07/28/2001,VLD,GA,ASO,ES,Federal Contract Tower,0,5,9,0,14,0,0,44,0,44,0,5,53,0,58,68,0,68,126
07/29/2001,VLD,GA,ASO,ES,Federal Contract Tower,0,8,2,0,10,0,0,54,0,54,0,8,56,0,64,50,0,50,114
07/30/2001,VLD,GA,ASO,ES,Federal Contract Tower,0,12,11,8,31,0,0,24,8,32,0,12,35,16,63,24,2,26,89
07/31/2001,VLD,GA,ASO,ES,Federal Contract Tower,0,13,26,6,45,0,0,36,14,50,0,13,62,20,95,28,4,32,127
08/01/2001,VLD,GA,ASO,ES,Federal Contract Tower,0,11,14,14,39,0,1,35,17,53,0,12,49,31,92,30,80,110,202
08/02/2001,VLD,GA,ASO,ES,Federal Contract Tower,0,13,23,6,42,0,0,44,12,56,0,13,67,18,98,164,8,172,270
08/03/2001,VLD,GA,ASO,ES,Federal Contract Tower,0,13,16,4,33,0,0,32,5,37,0,13,48,9,70,58,44,102,172
08/04/2001,VLD,GA,ASO,ES,Federal Contract Tower,0,6,22,0,28,0,0,41,0,41,0,6,63,0,69,76,0,76,145
08/05/2001,VLD,GA,ASO,ES,Federal Contract Tower,0,10,9,0,19,0,0,49,0,49,0,10,58,0,68,0,0,0,68
08/06/2001,VLD,GA,ASO,ES,Federal Contract Tower,0,13,9,12,34,0,0,29,0,29,0,13,38,12,63,66,4,70,133
08/07/2001,VLD,GA,ASO,ES,Federal Contract Tower,0,13,23,14,50,0,0,25,2,27,0,13,48,16,77,22,16,38,115
08/08/2001,VLD,GA,ASO,ES,Federal Contract Tower,0,13,12,22,47,0,0,51,6,57,0,13,63,28,104,83,34,117,221
08/09/2001,VLD,GA,ASO,ES,Federal Contract Tower,0,13,21,15,49,0,0,38,10,48,0,13,59,25,97,63,87,150,247
08/10/2001,VLD,GA,ASO,ES,Federal Contract Tower,0,13,15,3,31,0,0,38,0,38,0,13,53,3,69,64,50,114,183
08/11/2001,VLD,GA,ASO,ES,Federal Contract Tower,0,6,10,0,16,0,0,35,0,35,0,6,45,0,51,54,0,54,105
08/12/2001,VLD,GA,ASO,ES,Federal Contract Tower,0,10,10,0,20,0,0,36,0,36,0,10,46,0,56,78,0,78,134
08/13/2001,VLD,GA,ASO,ES,Federal Contract Tower,0,13,19,10,42,0,0,35,4,39,0,13,54,14,81,28,24,52,133
08/14/2001,VLD,GA,ASO,ES,Federal Contract Tower,0,11,14,0,25,0,0,29,2,31,0,11,43,2,56,38,0,38,94
08/15/2001,VLD,GA,ASO,ES,Federal Contract Tower,0,12,21,7,40,0,0,47,3,50,0,12,68,10,90,36,6,42,132
08/16/2001,VLD,GA,ASO,ES,Federal Contract Tower,0,14,20,12,46,0,0,38,2,40,0,14,58,14,86,62,50,112,198
08/17/2001,VLD,GA,ASO,ES,Federal Contract Tower,0,13,15,4,32,0,1,41,0,42,0,14,56,4,74,72,30,102,176
08/18/2001,VLD,GA,ASO,ES,Federal Contract Tower,0,7,15,0,22,0,0,94,0,94,0,7,109,0,116,60,0,60,176
08/19/2001,VLD,GA,ASO,ES,Federal Contract Tower,0,11,7,6,24,0,0,61,0,61,0,11,68,6,85,86,0,86,171
08/20/2001,VLD,GA,ASO,ES,Federal Contract Tower,0,13,20,14,47,0,0,63,8,71,0,13,83,22,118,64,52,116,234
08/21/2001,VLD,GA,ASO,ES,Federal Contract Tower,0,15,9,12,36,0,0,44,12,56,0,15,53,24,92,56,28,84,176
08/22/2001,VLD,GA,ASO,ES,Federal Contract Tower,0,13,12,13,38,0,0,28,0,28,0,13,40,13,66,68,46,114,180
08/23/2001,VLD,GA,ASO,ES,Federal Contract Tower,0,11,19,8,38,0,0,28,0,28,0,11,47,8,66,143,0,143,209
08/24/2001,VLD,GA,ASO,ES,Federal Contract Tower,0,13,5,2,20,0,0,23,2,25,0,13,28,4,45,61,10,71,116
08/25/2001,VLD,GA,ASO,ES,Federal Contract Tower,0,8,11,0,19,0,0,42,0,42,0,8,53,0,61,58,0,58,119
08/26/2001,VLD,GA,ASO,ES,Federal Contract Tower,0,11,4,4,19,0,0,35,0,35,0,11,39,4,54,10,0,10,64
08/27/2001,VLD,GA,ASO,ES,Federal Contract Tower,0,11,10,10,31,0,0,38,10,48,0,11,48,20,79,46,48,94,173
08/28/2001,VLD,GA,ASO,ES,Federal Contract Tower,0,13,16,4,33,0,0,44,4,48,0,13,60,8,81,12,36,48,129
08/29/2001,VLD,GA,ASO,ES,Federal Contract Tower,0,12,15,16,43,0,0,46,6,52,0,12,61,22,95,130,58,188,283
08/30/2001,VLD,GA,ASO,ES,Federal Contract Tower,0,13,26,10,49,0,0,31,2,33,0,13,57,12,82,70,22,92,174
08/31/2001,VLD,GA,ASO,ES,Federal Contract Tower,0,12,18,8,38,0,1,21,2,24,0,13,39,10,62,20,14,34,96
09/01/2001,VLD,GA,ASO,ES,Federal Contract Tower,0,7,1,0,8,0,0,35,0,35,0,7,36,0,43,64,0,64,107
09/02/2001,VLD,GA,ASO,ES,Federal Contract Tower,0,6,6,0,12,0,0,55,0,55,0,6,61,0,67,86,0,86,153
09/03/2001,VLD,GA,ASO,ES,Federal Contract Tower,0,7,9,0,16,0,0,66,0,66,0,7,75,0,82,66,0,66,148
09/04/2001,VLD,GA,ASO,ES,Federal Contract Tower,0,12,20,9,41,0,0,23,2,25,0,12,43,11,66,38,2,40,106
09/05/2001,VLD,GA,ASO,ES,Federal Contract Tower,0,13,11,21,45,0,0,59,3,62,0,13,70,24,107,74,56,130,237
09/06/2001,VLD,GA,ASO,ES,Federal Contract Tower,0,13,27,11,51,0,1,45,5,51,0,14,72,16,102,90,54,144,246
09/07/2001,VLD,GA,ASO,ES,Federal Contract Tower,0,12,30,16,58,0,0,55,2,57,0,12,85,18,115,50,54,104,219
09/08/2001,VLD,GA,ASO,ES,Federal Contract Tower,0,7,18,0,25,0,0,63,1,64,0,7,81,1,89,64,0,64,153
09/09/2001,VLD,GA,ASO,ES,Federal Contract Tower,0,11,11,4,26,0,0,63,3,66,0,11,74,7,92,68,12,80,172
09/10/2001,VLD,GA,ASO,ES,Federal Contract Tower,0,12,19,8,39,0,0,29,2,31,0,12,48,10,70,128,6,134,204
09/11/2001,VLD,GA,ASO,ES,Federal Contract Tower,0,0,2,2,4,0,0,1,0,1,0,0,3,2,5,28,0,28,33
09/12/2001,VLD,GA,ASO,ES,Federal Contract Tower,0,0,0,0,0,0,0,0,0,0,0,0,0,0,0,0,0,0,0
09/13/2001,VLD,GA,ASO,ES,Federal Contract Tower,0,3,2,22,27,0,0,0,10,10,0,3,2,32,37,0,56,56,93
09/14/2001,VLD,GA,ASO,ES,Federal Contract Tower,0,8,2,26,36,0,0,0,15,15,0,8,2,41,51,0,103,103,154
09/15/2001,VLD,GA,ASO,ES,Federal Contract Tower,0,6,9,0,15,0,0,0,0,0,0,6,9,0,15,0,0,0,15
09/16/2001,VLD,GA,ASO,ES,Federal Contract Tower,0,11,10,0,21,0,0,0,0,0,0,11,10,0,21,0,0,0,21
09/17/2001,VLD,GA,ASO,ES,Federal Contract Tower,0,13,22,22,57,0,0,0,38,38,0,13,22,60,95,0,78,78,173
09/18/2001,VLD,GA,ASO,ES,Federal Contract Tower,0,13,36,18,67,0,0,0,30,30,0,13,36,48,97,0,54,54,151
09/19/2001,VLD,GA,ASO,ES,Federal Contract Tower,0,11,32,12,55,0,0,0,32,32,0,11,32,44,87,0,82,82,169
09/20/2001,VLD,GA,ASO,ES,Federal Contract Tower,0,10,19,20,49,0,1,37,4,42,0,11,56,24,91,0,66,66,157
09/21/2001,VLD,GA,ASO,ES,Federal Contract Tower,0,13,22,14,49,0,0,27,4,31,0,13,49,18,80,0,150,150,230
09/22/2001,VLD,GA,ASO,ES,Federal Contract Tower,2,7,4,0,13,0,0,79,0,79,2,7,83,0,92,0,0,0,92
09/23/2001,VLD,GA,ASO,ES,Federal Contract Tower,0,11,8,6,25,0,0,61,0,61,0,11,69,6,86,54,14,68,154
09/24/2001,VLD,GA,ASO,ES,Federal Contract Tower,0,12,14,2,28,0,0,42,12,54,0,12,56,14,82,30,40,70,152
09/25/2001,VLD,GA,ASO,ES,Federal Contract Tower,0,13,10,12,35,0,0,58,16,74,0,13,68,28,109,68,116,184,293
09/26/2001,VLD,GA,ASO,ES,Federal Contract Tower,0,15,23,10,48,0,0,53,2,55,0,15,76,12,103,62,0,62,165
09/27/2001,VLD,GA,ASO,ES,Federal Contract Tower,0,13,22,2,37,0,0,45,0,45,0,13,67,2,82,80,18,98,180
09/28/2001,VLD,GA,ASO,ES,Federal Contract Tower,0,13,19,0,32,0,0,43,0,43,0,13,62,0,75,88,0,88,163
09/29/2001,VLD,GA,ASO,ES,Federal Contract Tower,0,7,9,2,18,0,0,53,0,53,0,7,62,2,71,88,0,88,159
09/30/2001,VLD,GA,ASO,ES,Federal Contract Tower,0,11,15,0,26,0,0,64,2,66,0,11,79,2,92,30,0,30,122
10/01/2001,VLD,GA,ASO,ES,Federal Contract Tower,0,11,13,16,40,0,0,48,10,58,0,11,61,26,98,82,48,130,228
10/02/2001,VLD,GA,ASO,ES,Federal Contract Tower,0,13,21,6,40,0,0,47,0,47,0,13,68,6,87,18,84,102,189
10/03/2001,VLD,GA,ASO,ES,Federal Contract Tower,0,13,23,12,48,0,0,42,1,43,0,13,65,13,91,28,68,96,187
10/04/2001,VLD,GA,ASO,ES,Federal Contract Tower,0,13,14,33,60,0,0,42,6,48,0,13,56,39,108,38,70,108,216
10/05/2001,VLD,GA,ASO,ES,Federal Contract Tower,0,13,15,28,56,0,0,43,0,43,0,13,58,28,99,0,34,34,133
10/06/2001,VLD,GA,ASO,ES,Federal Contract Tower,3,7,14,0,24,0,0,55,0,55,3,7,69,0,79,52,0,52,131
10/07/2001,VLD,GA,ASO,ES,Federal Contract Tower,0,11,20,0,31,0,0,46,0,46,0,11,66,0,77,56,0,56,133
10/08/2001,VLD,GA,ASO,ES,Federal Contract Tower,0,9,14,2,25,0,0,39,0,39,0,9,53,2,64,38,0,38,102
10/09/2001,VLD,GA,ASO,ES,Federal Contract Tower,0,13,8,10,31,0,0,65,8,73,0,13,73,18,104,58,30,88,192
10/10/2001,VLD,GA,ASO,ES,Federal Contract Tower,0,13,24,10,47,0,0,34,10,44,0,13,58,20,91,62,8,70,161
10/11/2001,VLD,GA,ASO,ES,Federal Contract Tower,0,13,22,12,47,0,0,32,0,32,0,13,54,12,79,52,28,80,159
10/12/2001,VLD,GA,ASO,ES,Federal Contract Tower,0,13,13,6,32,0,0,35,0,35,0,13,48,6,67,80,26,106,173
10/13/2001,VLD,GA,ASO,ES,Federal Contract Tower,0,7,10,0,17,0,0,80,0,80,0,7,90,0,97,0,98,98,195
10/14/2001,VLD,GA,ASO,ES,Federal Contract Tower,0,9,7,0,16,0,0,66,0,66,0,9,73,0,82,70,0,70,152
10/15/2001,VLD,GA,ASO,ES,Federal Contract Tower,0,13,13,0,26,0,0,50,0,50,0,13,63,0,76,26,0,26,102
10/16/2001,VLD,GA,ASO,ES,Federal Contract Tower,0,11,17,24,52,0,0,49,2,51,0,11,66,26,103,42,42,84,187
10/17/2001,VLD,GA,ASO,ES,Federal Contract Tower,0,13,16,7,36,0,0,56,3,59,0,13,72,10,95,52,18,70,165
10/18/2001,VLD,GA,ASO,ES,Federal Contract Tower,0,13,19,5,37,0,0,34,16,50,0,13,53,21,87,46,48,94,181
10/19/2001,VLD,GA,ASO,ES,Federal Contract Tower,0,13,27,18,58,0,0,37,4,41,0,13,64,22,99,68,40,108,207
10/20/2001,VLD,GA,ASO,ES,Federal Contract Tower,0,7,17,0,24,0,0,39,0,39,0,7,56,0,63,66,0,66,129
10/21/2001,VLD,GA,ASO,ES,Federal Contract Tower,0,11,21,0,32,0,0,49,0,49,0,11,70,0,81,55,0,55,136
10/22/2001,VLD,GA,ASO,ES,Federal Contract Tower,0,14,16,6,36,0,0,37,12,49,0,14,53,18,85,66,42,108,193
10/23/2001,VLD,GA,ASO,ES,Federal Contract Tower,0,13,17,12,42,0,0,37,4,41,0,13,54,16,83,56,38,94,177
10/24/2001,VLD,GA,ASO,ES,Federal Contract Tower,0,13,11,8,32,0,0,30,4,34,0,13,41,12,66,30,0,30,96
10/25/2001,VLD,GA,ASO,ES,Federal Contract Tower,0,13,12,12,37,0,0,31,0,31,0,13,43,12,68,62,20,82,150
10/26/2001,VLD,GA,ASO,ES,Federal Contract Tower,0,12,18,4,34,0,0,36,2,38,0,12,54,6,72,38,0,38,110
10/27/2001,VLD,GA,ASO,ES,Federal Contract Tower,0,7,15,0,22,0,0,52,0,52,0,7,67,0,74,30,0,30,104
10/28/2001,VLD,GA,ASO,ES,Federal Contract Tower,0,9,12,0,21,0,0,53,0,53,0,9,65,0,74,10,0,10,84
10/29/2001,VLD,GA,ASO,ES,Federal Contract Tower,0,13,9,0,22,0,0,63,0,63,0,13,72,0,85,40,0,40,125
10/30/2001,VLD,GA,ASO,ES,Federal Contract Tower,0,13,30,10,53,0,0,34,6,40,0,13,64,16,93,48,22,70,163
10/31/2001,VLD,GA,ASO,ES,Federal Contract Tower,0,13,36,10,59,0,0,29,1,30,0,13,65,11,89,64,42,106,195
11/01/2001,VLD,GA,ASO,ES,Federal Contract Tower,0,13,20,19,52,0,0,57,1,58,0,13,77,20,110,53,48,101,211
11/02/2001,VLD,GA,ASO,ES,Federal Contract Tower,0,13,12,21,46,0,0,53,1,54,0,13,65,22,100,56,44,100,200
11/03/2001,VLD,GA,ASO,ES,Federal Contract Tower,1,7,7,0,15,0,0,76,0,76,1,7,83,0,91,92,0,92,183
11/04/2001,VLD,GA,ASO,ES,Federal Contract Tower,0,11,16,0,27,0,0,63,0,63,0,11,79,0,90,88,0,88,178
11/05/2001,VLD,GA,ASO,ES,Federal Contract Tower,0,12,19,5,36,0,1,27,23,51,0,13,46,28,87,18,52,70,157
11/06/2001,VLD,GA,ASO,ES,Federal Contract Tower,0,13,12,13,38,0,0,54,5,59,0,13,66,18,97,72,6,78,175
11/07/2001,VLD,GA,ASO,ES,Federal Contract Tower,0,15,14,3,32,0,0,118,19,137,0,15,132,22,169,84,34,118,287
11/08/2001,VLD,GA,ASO,ES,Federal Contract Tower,0,13,31,11,55,0,0,34,9,43,0,13,65,20,98,76,48,124,222
11/09/2001,VLD,GA,ASO,ES,Federal Contract Tower,0,13,23,21,57,0,0,36,1,37,0,13,59,22,94,78,16,94,188
11/10/2001,VLD,GA,ASO,ES,Federal Contract Tower,0,7,21,0,28,0,0,74,0,74,0,7,95,0,102,108,0,108,210
11/11/2001,VLD,GA,ASO,ES,Federal Contract Tower,0,11,18,0,29,0,0,68,0,68,0,11,86,0,97,82,0,82,179
11/12/2001,VLD,GA,ASO,ES,Federal Contract Tower,0,11,20,0,31,0,0,75,0,75,0,11,95,0,106,104,30,134,240
11/13/2001,VLD,GA,ASO,ES,Federal Contract Tower,0,12,19,5,36,0,1,53,35,89,0,13,72,40,125,40,78,118,243
11/14/2001,VLD,GA,ASO,ES,Federal Contract Tower,0,13,22,7,42,0,0,33,7,40,0,13,55,14,82,50,46,96,178
11/15/2001,VLD,GA,ASO,ES,Federal Contract Tower,0,12,19,5,36,0,3,39,27,69,0,15,58,32,105,12,58,70,175
11/16/2001,VLD,GA,ASO,ES,Federal Contract Tower,0,8,30,0,38,0,0,40,0,40,0,8,70,0,78,64,0,64,142
11/17/2001,VLD,GA,ASO,ES,Federal Contract Tower,0,7,13,0,20,0,0,65,0,65,0,7,78,0,85,66,0,66,151
11/18/2001,VLD,GA,ASO,ES,Federal Contract Tower,0,13,14,0,27,0,0,50,0,50,0,13,64,0,77,78,0,78,155
11/19/2001,VLD,GA,ASO,ES,Federal Contract Tower,0,12,19,5,36,0,0,46,17,63,0,12,65,22,99,70,2,72,171
11/20/2001,VLD,GA,ASO,ES,Federal Contract Tower,0,10,17,4,31,0,3,31,10,44,0,13,48,14,75,66,60,126,201
11/21/2001,VLD,GA,ASO,ES,Federal Contract Tower,0,10,18,4,32,0,3,87,34,124,0,13,105,38,156,62,0,62,218
11/22/2001,VLD,GA,ASO,ES,Federal Contract Tower,0,7,3,0,10,0,0,28,0,28,0,7,31,0,38,62,0,62,100
11/23/2001,VLD,GA,ASO,ES,Federal Contract Tower,0,7,28,0,35,0,0,16,0,16,0,7,44,0,51,34,0,34,85
11/24/2001,VLD,GA,ASO,ES,Federal Contract Tower,0,7,8,0,15,0,0,62,0,62,0,7,70,0,77,56,0,56,133
11/25/2001,VLD,GA,ASO,ES,Federal Contract Tower,0,10,17,1,28,0,0,53,1,54,0,10,70,2,82,88,0,88,170
11/26/2001,VLD,GA,ASO,ES,Federal Contract Tower,0,13,11,6,30,0,0,34,2,36,0,13,45,8,66,54,6,60,126
11/27/2001,VLD,GA,ASO,ES,Federal Contract Tower,0,12,14,14,40,0,0,42,4,46,0,12,56,18,86,52,64,116,202
11/28/2001,VLD,GA,ASO,ES,Federal Contract Tower,0,12,17,20,49,0,0,29,0,29,0,12,46,20,78,62,22,84,162
11/29/2001,VLD,GA,ASO,ES,Federal Contract Tower,0,13,28,10,51,0,0,19,14,33,0,13,47,24,84,64,37,101,185
11/30/2001,VLD,GA,ASO,ES,Federal Contract Tower,0,14,37,30,81,0,0,26,2,28,0,14,63,32,109,14,0,14,123
12/01/2001,VLD,GA,ASO,ES,Federal Contract Tower,0,7,13,0,20,0,0,73,0,73,0,7,86,0,93,82,0,82,175
12/02/2001,VLD,GA,ASO,ES,Federal Contract Tower,0,11,12,3,26,0,0,67,5,72,0,11,79,8,98,56,0,56,154
12/03/2001,VLD,GA,ASO,ES,Federal Contract Tower,0,13,25,13,51,0,0,35,15,50,0,13,60,28,101,18,50,68,169
12/04/2001,VLD,GA,ASO,ES,Federal Contract Tower,0,13,17,12,42,0,0,44,19,63,0,13,61,31,105,46,18,64,169
12/05/2001,VLD,GA,ASO,ES,Federal Contract Tower,0,13,13,0,26,0,0,42,4,46,0,13,55,4,72,58,0,58,130
12/06/2001,VLD,GA,ASO,ES,Federal Contract Tower,0,13,23,27,63,0,0,37,1,38,0,13,60,28,101,58,40,98,199
12/07/2001,VLD,GA,ASO,ES,Federal Contract Tower,0,12,19,17,48,0,0,30,3,33,0,12,49,20,81,18,83,101,182
12/08/2001,VLD,GA,ASO,ES,Federal Contract Tower,0,7,21,0,28,0,0,78,0,78,0,7,99,0,106,66,0,66,172
12/09/2001,VLD,GA,ASO,ES,Federal Contract Tower,0,10,21,0,31,0,0,54,0,54,0,10,75,0,85,54,0,54,139
12/10/2001,VLD,GA,ASO,ES,Federal Contract Tower,0,12,13,17,42,0,0,54,31,85,0,12,67,48,127,32,14,46,173
12/11/2001,VLD,GA,ASO,ES,Federal Contract Tower,0,11,23,0,34,0,0,25,0,25,0,11,48,0,59,20,0,20,79
12/12/2001,VLD,GA,ASO,ES,Federal Contract Tower,0,10,29,12,51,0,0,52,0,52,0,10,81,12,103,24,0,24,127
12/13/2001,VLD,GA,ASO,ES,Federal Contract Tower,0,8,25,10,43,0,0,29,0,29,0,8,54,10,72,38,34,72,144
12/14/2001,VLD,GA,ASO,ES,Federal Contract Tower,0,13,26,13,52,0,0,27,3,30,0,13,53,16,82,59,58,117,199
12/15/2001,VLD,GA,ASO,ES,Federal Contract Tower,0,7,23,0,30,0,0,51,0,51,0,7,74,0,81,50,0,50,131
12/16/2001,VLD,GA,ASO,ES,Federal Contract Tower,0,11,17,0,28,0,0,48,0,48,0,11,65,0,76,56,0,56,132
12/17/2001,VLD,GA,ASO,ES,Federal Contract Tower,0,13,12,13,38,0,0,20,9,29,0,13,32,22,67,14,74,88,155
12/18/2001,VLD,GA,ASO,ES,Federal Contract Tower,0,13,25,42,80,0,0,50,0,50,0,13,75,42,130,12,8,20,150
12/19/2001,VLD,GA,ASO,ES,Federal Contract Tower,0,14,15,22,51,0,0,32,2,34,0,14,47,24,85,16,54,70,155
12/20/2001,VLD,GA,ASO,ES,Federal Contract Tower,0,12,14,39,65,0,0,31,1,32,0,12,45,40,97,16,28,44,141
12/21/2001,VLD,GA,ASO,ES,Federal Contract Tower,0,13,20,6,39,0,0,39,5,44,0,13,59,11,83,11,22,33,116
12/22/2001,VLD,GA,ASO,ES,Federal Contract Tower,0,7,12,0,19,0,0,55,0,55,0,7,67,0,74,44,0,44,118
12/23/2001,VLD,GA,ASO,ES,Federal Contract Tower,0,11,11,0,22,0,0,61,0,61,0,11,72,0,83,38,0,38,121
12/24/2001,VLD,GA,ASO,ES,Federal Contract Tower,0,9,6,0,15,0,0,59,0,59,0,9,65,0,74,30,0,30,104
12/25/2001,VLD,GA,ASO,ES,Federal Contract Tower,0,5,2,0,7,0,0,29,0,29,0,5,31,0,36,40,0,40,76
12/26/2001,VLD,GA,ASO,ES,Federal Contract Tower,0,13,18,3,34,0,0,21,0,21,0,13,39,3,55,0,34,34,89
12/27/2001,VLD,GA,ASO,ES,Federal Contract Tower,0,13,23,0,36,0,0,17,2,19,0,13,40,2,55,8,10,18,73
12/28/2001,VLD,GA,ASO,ES,Federal Contract Tower,0,13,24,2,39,0,0,28,2,30,0,13,52,4,69,30,68,98,167
12/29/2001,VLD,GA,ASO,ES,Federal Contract Tower,0,7,16,0,23,0,0,34,0,34,0,7,50,0,57,16,0,16,73
12/30/2001,VLD,GA,ASO,ES,Federal Contract Tower,0,11,12,0,23,0,0,40,0,40,0,11,52,0,63,10,0,10,73
12/31/2001,VLD,GA,ASO,ES,Federal Contract Tower,0,5,10,0,15,0,4,25,0,29,0,9,35,0,44,0,0,0,44
01/01/2002,VLD,GA,ASO,ES,Federal Contract Tower,0,6,6,0,12,0,0,66,0,66,0,6,72,0,78,18,0,18,96
01/02/2002,VLD,GA,ASO,ES,Federal Contract Tower,0,5,7,0,12,0,4,34,0,38,0,9,41,0,50,0,0,0,50
01/03/2002,VLD,GA,ASO,ES,Federal Contract Tower,0,8,6,11,25,0,0,53,1,54,0,8,59,12,79,18,52,70,149
01/04/2002,VLD,GA,ASO,ES,Federal Contract Tower,0,14,10,19,43,0,0,52,7,59,0,14,62,26,102,48,46,94,196
01/05/2002,VLD,GA,ASO,ES,Federal Contract Tower,0,8,10,0,18,0,0,58,0,58,0,8,68,0,76,84,0,84,160
01/06/2002,VLD,GA,ASO,ES,Federal Contract Tower,0,11,10,1,22,0,0,53,1,54,0,11,63,2,76,68,0,68,144
01/07/2002,VLD,GA,ASO,ES,Federal Contract Tower,0,12,16,7,35,0,0,29,13,42,0,12,45,20,77,20,76,96,173
01/08/2002,VLD,GA,ASO,ES,Federal Contract Tower,0,13,22,19,54,0,0,32,11,43,0,13,54,30,97,16,60,76,173
01/09/2002,VLD,GA,ASO,ES,Federal Contract Tower,0,13,23,19,55,0,0,34,3,37,0,13,57,22,92,40,24,64,156
01/10/2002,VLD,GA,ASO,ES,Federal Contract Tower,0,13,27,3,43,0,0,36,1,37,0,13,63,4,80,48,22,70,150
01/11/2002,VLD,GA,ASO,ES,Federal Contract Tower,0,13,23,3,39,0,0,33,1,34,0,13,56,4,73,34,36,70,143
01/12/2002,VLD,GA,ASO,ES,Federal Contract Tower,0,7,16,0,23,0,0,68,0,68,0,7,84,0,91,52,0,52,143
01/13/2002,VLD,GA,ASO,ES,Federal Contract Tower,0,11,18,3,32,0,0,64,1,65,0,11,82,4,97,54,12,66,163
01/14/2002,VLD,GA,ASO,ES,Federal Contract Tower,0,12,13,9,34,0,0,0,7,7,0,12,13,16,41,0,38,38,79
01/15/2002,VLD,GA,ASO,ES,Federal Contract Tower,0,15,13,9,37,0,0,88,21,109,0,15,101,30,146,58,58,116,262
01/16/2002,VLD,GA,ASO,ES,Federal Contract Tower,0,14,25,12,51,0,0,38,8,46,0,14,63,20,97,46,0,46,143
01/17/2002,VLD,GA,ASO,ES,Federal Contract Tower,0,13,24,20,57,0,0,51,14,65,0,13,75,34,122,70,48,118,240
01/18/2002,VLD,GA,ASO,ES,Federal Contract Tower,0,14,19,6,39,0,0,34,0,34,0,14,53,6,73,56,24,80,153
01/19/2002,VLD,GA,ASO,ES,Federal Contract Tower,0,5,9,0,14,0,3,56,0,59,0,8,65,0,73,76,0,76,149
01/20/2002,VLD,GA,ASO,ES,Federal Contract Tower,0,6,10,2,18,0,0,81,4,85,0,6,91,6,103,68,12,80,183
01/21/2002,VLD,GA,ASO,ES,Federal Contract Tower,0,13,11,0,24,0,0,50,0,50,0,13,61,0,74,38,0,38,112
01/22/2002,VLD,GA,ASO,ES,Federal Contract Tower,0,14,22,24,60,0,1,27,4,32,0,15,49,28,92,46,64,110,202
01/23/2002,VLD,GA,ASO,ES,Federal Contract Tower,0,13,13,4,30,0,0,33,2,35,0,13,46,6,65,44,24,68,133
01/24/2002,VLD,GA,ASO,ES,Federal Contract Tower,0,13,18,26,57,0,0,25,0,25,0,13,43,26,82,16,56,72,154
01/25/2002,VLD,GA,ASO,ES,Federal Contract Tower,0,11,36,20,67,0,0,49,0,49,0,11,85,20,116,40,0,40,156
01/26/2002,VLD,GA,ASO,ES,Federal Contract Tower,0,7,12,0,19,0,0,53,0,53,0,7,65,0,72,55,0,55,127
01/27/2002,VLD,GA,ASO,ES,Federal Contract Tower,0,14,15,0,29,0,0,59,2,61,0,14,74,2,90,48,0,48,138
01/28/2002,VLD,GA,ASO,ES,Federal Contract Tower,0,13,24,4,41,0,0,65,0,65,0,13,89,4,106,74,12,86,192
01/29/2002,VLD,GA,ASO,ES,Federal Contract Tower,0,11,16,16,43,0,0,42,10,52,0,11,58,26,95,56,64,120,215
01/30/2002,VLD,GA,ASO,ES,Federal Contract Tower,0,12,10,6,28,0,0,37,4,41,0,12,47,10,69,80,38,118,187
01/31/2002,VLD,GA,ASO,ES,Federal Contract Tower,0,12,22,8,42,0,0,31,0,31,0,12,53,8,73,87,52,139,212
02/01/2002,VLD,GA,ASO,ES,Federal Contract Tower,0,12,20,17,49,0,1,38,1,40,0,13,58,18,89,54,48,102,191
02/02/2002,VLD,GA,ASO,ES,Federal Contract Tower,0,7,29,0,36,0,1,61,0,62,0,8,90,0,98,80,0,80,178
02/03/2002,VLD,GA,ASO,ES,Federal Contract Tower,0,12,12,0,24,0,0,65,0,65,0,12,77,0,89,90,0,90,179
02/04/2002,VLD,GA,ASO,ES,Federal Contract Tower,0,15,4,11,30,0,0,36,11,47,0,15,40,22,77,30,4,34,111
02/05/2002,VLD,GA,ASO,ES,Federal Contract Tower,0,11,11,15,37,0,0,35,5,40,0,11,46,20,77,58,34,92,169
02/06/2002,VLD,GA,ASO,ES,Federal Contract Tower,0,3,8,18,29,0,0,53,0,53,0,3,61,18,82,52,50,102,184
02/07/2002,VLD,GA,ASO,ES,Federal Contract Tower,0,11,28,2,41,0,0,45,0,45,0,11,73,2,86,74,44,118,204
02/08/2002,VLD,GA,ASO,ES,Federal Contract Tower,0,13,16,27,56,0,0,44,3,47,0,13,60,30,103,90,52,142,245
02/09/2002,VLD,GA,ASO,ES,Federal Contract Tower,0,7,17,0,24,0,0,82,0,82,0,7,99,0,106,142,0,142,248
02/10/2002,VLD,GA,ASO,ES,Federal Contract Tower,0,11,24,0,35,0,0,40,0,40,0,11,64,0,75,102,0,102,177
02/11/2002,VLD,GA,ASO,ES,Federal Contract Tower,0,13,9,12,34,0,0,53,0,53,0,13,62,12,87,88,6,94,181
02/12/2002,VLD,GA,ASO,ES,Federal Contract Tower,0,15,14,39,68,0,0,46,17,63,0,15,60,56,131,80,84,164,295
02/13/2002,VLD,GA,ASO,ES,Federal Contract Tower,0,14,19,29,62,0,0,48,5,53,0,14,67,34,115,70,30,100,215
02/14/2002,VLD,GA,ASO,ES,Federal Contract Tower,0,13,22,48,83,0,0,49,0,49,0,13,71,48,132,84,46,130,262
02/15/2002,VLD,GA,ASO,ES,Federal Contract Tower,0,13,14,21,48,0,0,39,0,39,0,13,53,21,87,101,46,147,234
02/16/2002,VLD,GA,ASO,ES,Federal Contract Tower,0,6,22,0,28,0,0,61,0,61,0,6,83,0,89,84,0,84,173
02/17/2002,VLD,GA,ASO,ES,Federal Contract Tower,0,11,25,1,37,0,0,72,5,77,0,11,97,6,114,62,0,62,176
02/18/2002,VLD,GA,ASO,ES,Federal Contract Tower,0,11,25,0,36,0,0,35,0,35,0,11,60,0,71,24,0,24,95
02/19/2002,VLD,GA,ASO,ES,Federal Contract Tower,0,15,16,23,54,0,0,54,13,67,0,15,70,36,121,44,56,100,221
02/20/2002,VLD,GA,ASO,ES,Federal Contract Tower,0,13,23,21,57,0,0,6,10,16,0,13,29,31,73,20,44,64,137
02/21/2002,VLD,GA,ASO,ES,Federal Contract Tower,0,13,23,30,66,0,0,30,0,30,0,13,53,30,96,38,72,110,206
02/22/2002,VLD,GA,ASO,ES,Federal Contract Tower,0,13,38,36,87,0,0,32,0,32,0,13,70,36,119,26,36,62,181
02/23/2002,VLD,GA,ASO,ES,Federal Contract Tower,0,9,22,0,31,0,0,24,0,24,0,9,46,0,55,12,0,12,67
02/24/2002,VLD,GA,ASO,ES,Federal Contract Tower,0,13,9,5,27,0,0,50,3,53,0,13,59,8,80,32,0,32,112
02/25/2002,VLD,GA,ASO,ES,Federal Contract Tower,0,14,13,9,36,0,0,42,1,43,0,14,55,10,79,106,6,112,191
02/26/2002,VLD,GA,ASO,ES,Federal Contract Tower,0,9,16,12,37,0,4,32,0,36,0,13,48,12,73,20,4,24,97
02/27/2002,VLD,GA,ASO,ES,Federal Contract Tower,0,13,26,22,61,0,0,8,26,34,0,13,34,48,95,0,48,48,143
02/28/2002,VLD,GA,ASO,ES,Federal Contract Tower,0,13,26,21,60,0,0,16,7,23,0,13,42,28,83,62,24,86,169
03/01/2002,VLD,GA,ASO,ES,Federal Contract Tower,0,13,15,23,51,0,0,44,21,65,0,13,59,44,116,68,72,140,256
03/02/2002,VLD,GA,ASO,ES,Federal Contract Tower,0,6,3,0,9,0,0,19,0,19,0,6,22,0,28,54,0,54,82
03/03/2002,VLD,GA,ASO,ES,Federal Contract Tower,0,12,9,0,21,0,0,50,0,50,0,12,59,0,71,56,0,56,127
03/04/2002,VLD,GA,ASO,ES,Federal Contract Tower,0,12,6,19,37,0,0,53,9,62,0,12,59,28,99,68,66,134,233
03/05/2002,VLD,GA,ASO,ES,Federal Contract Tower,0,13,29,7,49,0,0,40,7,47,0,13,69,14,96,90,16,106,202
03/06/2002,VLD,GA,ASO,ES,Federal Contract Tower,0,13,18,19,50,0,0,54,7,61,0,13,72,26,111,138,58,196,307
03/07/2002,VLD,GA,ASO,ES,Federal Contract Tower,0,13,30,13,56,0,0,38,5,43,0,13,68,18,99,91,48,139,238
03/08/2002,VLD,GA,ASO,ES,Federal Contract Tower,0,15,20,14,49,0,0,40,6,46,0,15,60,20,95,44,52,96,191
03/09/2002,VLD,GA,ASO,ES,Federal Contract Tower,0,7,8,0,15,0,0,54,0,54,0,7,62,0,69,103,0,103,172
03/10/2002,VLD,GA,ASO,ES,Federal Contract Tower,0,10,10,19,39,0,1,45,1,47,0,11,55,20,86,54,14,68,154
03/11/2002,VLD,GA,ASO,ES,Federal Contract Tower,0,13,12,18,43,0,0,44,4,48,0,13,56,22,91,104,18,122,213
03/12/2002,VLD,GA,ASO,ES,Federal Contract Tower,0,12,11,22,45,0,0,13,4,17,0,12,24,26,62,40,24,64,126
03/13/2002,VLD,GA,ASO,ES,Federal Contract Tower,0,13,23,12,48,0,0,58,4,62,0,13,81,16,110,56,42,98,208
03/14/2002,VLD,GA,ASO,ES,Federal Contract Tower,0,13,23,30,66,0,0,36,2,38,0,13,59,32,104,64,36,100,204
03/15/2002,VLD,GA,ASO,ES,Federal Contract Tower,0,13,16,20,49,0,0,24,2,26,0,13,40,22,75,56,26,82,157
03/16/2002,VLD,GA,ASO,ES,Federal Contract Tower,2,9,7,0,18,0,0,50,0,50,2,9,57,0,68,58,0,58,126
03/17/2002,VLD,GA,ASO,ES,Federal Contract Tower,0,10,10,10,30,0,0,66,0,66,0,10,76,10,96,98,14,112,208
03/18/2002,VLD,GA,ASO,ES,Federal Contract Tower,0,13,10,33,56,0,0,33,8,41,0,13,43,41,97,34,26,60,157
03/19/2002,VLD,GA,ASO,ES,Federal Contract Tower,0,17,15,12,44,0,0,45,2,47,0,17,60,14,91,94,6,100,191
03/20/2002,VLD,GA,ASO,ES,Federal Contract Tower,0,13,19,37,69,0,0,29,0,29,0,13,48,37,98,41,64,105,203
03/21/2002,VLD,GA,ASO,ES,Federal Contract Tower,0,13,19,46,78,0,0,22,0,22,0,13,41,46,100,28,56,84,184
03/22/2002,VLD,GA,ASO,ES,Federal Contract Tower,0,13,16,28,57,0,0,28,0,28,0,13,44,28,85,60,44,104,189
03/23/2002,VLD,GA,ASO,ES,Federal Contract Tower,0,7,18,0,25,0,0,60,0,60,0,7,78,0,85,64,0,64,149
03/24/2002,VLD,GA,ASO,ES,Federal Contract Tower,0,11,12,0,23,0,0,68,0,68,0,11,80,0,91,38,0,38,129
03/25/2002,VLD,GA,ASO,ES,Federal Contract Tower,0,15,20,4,39,0,0,39,2,41,0,15,59,6,80,82,0,82,162
03/26/2002,VLD,GA,ASO,ES,Federal Contract Tower,0,14,37,14,65,0,0,16,8,24,0,14,53,22,89,18,62,80,169
03/27/2002,VLD,GA,ASO,ES,Federal Contract Tower,0,13,22,6,41,0,0,41,2,43,0,13,63,8,84,76,0,76,160
03/28/2002,VLD,GA,ASO,ES,Federal Contract Tower,0,13,30,8,51,0,0,53,8,61,0,13,83,16,112,84,46,130,242
03/29/2002,VLD,GA,ASO,ES,Federal Contract Tower,0,13,23,14,50,0,0,27,2,29,0,13,50,16,79,65,20,85,164
03/30/2002,VLD,GA,ASO,ES,Federal Contract Tower,0,6,14,0,20,0,0,34,0,34,0,6,48,0,54,84,0,84,138
03/31/2002,VLD,GA,ASO,ES,Federal Contract Tower,0,6,9,0,15,0,6,30,0,36,0,12,39,0,51,0,0,0,51
04/01/2002,VLD,GA,ASO,ES,Federal Contract Tower,0,13,13,23,49,0,0,52,23,75,0,13,65,46,124,100,138,238,362
04/02/2002,VLD,GA,ASO,ES,Federal Contract Tower,0,13,17,14,44,0,0,70,22,92,0,13,87,36,136,82,60,142,278
04/03/2002,VLD,GA,ASO,ES,Federal Contract Tower,0,15,14,29,58,0,0,44,15,59,0,15,58,44,117,34,56,90,207
04/04/2002,VLD,GA,ASO,ES,Federal Contract Tower,0,13,20,45,78,0,0,43,3,46,0,13,63,48,124,70,8,78,202
04/05/2002,VLD,GA,ASO,ES,Federal Contract Tower,0,15,23,10,48,0,0,106,6,112,0,15,129,16,160,68,36,104,264
04/06/2002,VLD,GA,ASO,ES,Federal Contract Tower,0,7,21,0,28,0,0,130,0,130,0,7,151,0,158,48,0,48,206
04/07/2002,VLD,GA,ASO,ES,Federal Contract Tower,0,11,23,23,57,0,0,93,9,102,0,11,116,32,159,40,34,74,233
04/08/2002,VLD,GA,ASO,ES,Federal Contract Tower,0,13,21,11,45,0,0,57,9,66,0,13,78,20,111,48,36,84,195
04/09/2002,VLD,GA,ASO,ES,Federal Contract Tower,0,13,22,13,48,0,0,91,37,128,0,13,113,50,176,72,78,150,326
04/10/2002,VLD,GA,ASO,ES,Federal Contract Tower,0,13,41,17,71,0,0,78,3,81,0,13,119,20,152,44,46,90,242
04/11/2002,VLD,GA,ASO,ES,Federal Contract Tower,0,13,30,12,55,0,0,81,5,86,0,13,111,17,141,48,50,98,239
04/12/2002,VLD,GA,ASO,ES,Federal Contract Tower,0,12,26,5,43,0,0,76,1,77,0,12,102,6,120,74,32,106,226
04/13/2002,VLD,GA,ASO,ES,Federal Contract Tower,0,6,17,0,23,0,0,119,0,119,0,6,136,0,142,112,0,112,254
04/14/2002,VLD,GA,ASO,ES,Federal Contract Tower,0,11,13,0,24,0,0,108,0,108,0,11,121,0,132,84,0,84,216
04/15/2002,VLD,GA,ASO,ES,Federal Contract Tower,0,13,20,9,42,0,0,64,1,65,0,13,84,10,107,104,18,122,229
04/16/2002,VLD,GA,ASO,ES,Federal Contract Tower,0,13,16,5,34,0,0,47,5,52,0,13,63,10,86,52,32,84,170
04/17/2002,VLD,GA,ASO,ES,Federal Contract Tower,0,13,22,2,37,0,0,32,1,33,0,13,54,3,70,78,77,155,225
04/18/2002,VLD,GA,ASO,ES,Federal Contract Tower,0,13,32,14,59,0,0,39,2,41,0,13,71,16,100,52,34,86,186
04/19/2002,VLD,GA,ASO,ES,Federal Contract Tower,0,13,20,14,47,0,0,47,0,47,0,13,67,14,94,42,44,86,180
04/20/2002,VLD,GA,ASO,ES,Federal Contract Tower,0,7,16,0,23,0,0,66,0,66,0,7,82,0,89,54,0,54,143
04/21/2002,VLD,GA,ASO,ES,Federal Contract Tower,0,11,10,0,21,0,0,79,0,79,0,11,89,0,100,46,0,46,146
04/22/2002,VLD,GA,ASO,ES,Federal Contract Tower,0,11,18,10,39,0,5,26,4,35,0,16,44,14,74,34,26,60,134
04/23/2002,VLD,GA,ASO,ES,Federal Contract Tower,0,13,15,16,44,0,0,46,4,50,0,13,61,20,94,42,20,62,156
04/24/2002,VLD,GA,ASO,ES,Federal Contract Tower,0,13,21,16,50,0,0,45,4,49,0,13,66,20,99,20,80,100,199
04/25/2002,VLD,GA,ASO,ES,Federal Contract Tower,0,13,22,12,47,0,0,39,4,43,0,13,61,16,90,40,64,104,194
04/26/2002,VLD,GA,ASO,ES,Federal Contract Tower,0,11,17,9,37,0,2,36,5,43,0,13,53,14,80,42,28,70,150
04/27/2002,VLD,GA,ASO,ES,Federal Contract Tower,0,7,16,0,23,0,0,64,0,64,0,7,80,0,87,102,0,102,189
04/28/2002,VLD,GA,ASO,ES,Federal Contract Tower,0,11,19,4,34,0,0,45,0,45,0,11,64,4,79,0,22,22,101
04/29/2002,VLD,GA,ASO,ES,Federal Contract Tower,0,13,6,12,31,0,0,22,4,26,0,13,28,16,57,52,54,106,163
04/30/2002,VLD,GA,ASO,ES,Federal Contract Tower,0,12,7,10,29,0,0,17,8,25,0,12,24,18,54,10,48,58,112
05/01/2002,VLD,GA,ASO,ES,Federal Contract Tower,0,12,23,24,59,0,1,42,0,43,0,13,65,24,102,64,114,178,280
05/02/2002,VLD,GA,ASO,ES,Federal Contract Tower,0,14,22,26,62,0,1,39,0,40,0,15,61,26,102,46,44,90,192
05/03/2002,VLD,GA,ASO,ES,Federal Contract Tower,0,9,13,5,27,0,1,45,1,47,0,10,58,6,74,92,28,120,194
05/04/2002,VLD,GA,ASO,ES,Federal Contract Tower,0,7,8,1,16,0,1,53,3,57,0,8,61,4,73,88,0,88,161
05/05/2002,VLD,GA,ASO,ES,Federal Contract Tower,0,10,11,0,21,0,1,45,0,46,0,11,56,0,67,64,6,70,137
05/06/2002,VLD,GA,ASO,ES,Federal Contract Tower,0,12,16,15,43,0,1,48,3,52,0,13,64,18,95,46,130,176,271
05/07/2002,VLD,GA,ASO,ES,Federal Contract Tower,0,12,17,29,58,0,1,27,7,35,0,13,44,36,93,6,54,60,153
05/08/2002,VLD,GA,ASO,ES,Federal Contract Tower,0,12,15,31,58,0,1,30,9,40,0,13,45,40,98,30,34,64,162
05/09/2002,VLD,GA,ASO,ES,Federal Contract Tower,0,13,25,33,71,0,0,18,19,37,0,13,43,52,108,38,92,130,238
05/10/2002,VLD,GA,ASO,ES,Federal Contract Tower,0,12,8,23,43,0,1,36,7,44,0,13,44,30,87,20,96,116,203
05/11/2002,VLD,GA,ASO,ES,Federal Contract Tower,0,6,27,0,33,0,1,51,0,52,0,7,78,0,85,72,0,72,157
05/12/2002,VLD,GA,ASO,ES,Federal Contract Tower,0,10,14,1,25,0,1,66,1,68,0,11,80,2,93,44,0,44,137
05/13/2002,VLD,GA,ASO,ES,Federal Contract Tower,0,11,4,21,36,0,0,25,1,26,0,11,29,22,62,8,0,8,70
05/14/2002,VLD,GA,ASO,ES,Federal Contract Tower,0,13,3,23,39,0,0,47,7,54,0,13,50,30,93,16,24,40,133
05/15/2002,VLD,GA,ASO,ES,Federal Contract Tower,0,15,22,39,76,0,0,50,11,61,0,15,72,50,137,34,78,112,249
05/16/2002,VLD,GA,ASO,ES,Federal Contract Tower,0,13,20,25,58,0,0,39,1,40,0,13,59,26,98,32,62,94,192
05/17/2002,VLD,GA,ASO,ES,Federal Contract Tower,0,12,27,21,60,0,0,30,5,35,0,12,57,26,95,12,30,42,137
05/18/2002,VLD,GA,ASO,ES,Federal Contract Tower,0,7,4,0,11,0,0,50,0,50,0,7,54,0,61,44,0,44,105
05/19/2002,VLD,GA,ASO,ES,Federal Contract Tower,0,11,16,30,57,0,0,15,0,15,0,11,31,30,72,4,18,22,94
05/20/2002,VLD,GA,ASO,ES,Federal Contract Tower,0,14,9,33,56,0,0,56,15,71,0,14,65,48,127,22,38,60,187
05/21/2002,VLD,GA,ASO,ES,Federal Contract Tower,0,13,17,32,62,0,0,34,0,34,0,13,51,32,96,32,14,46,142
05/22/2002,VLD,GA,ASO,ES,Federal Contract Tower,0,13,26,36,75,0,0,34,10,44,0,13,60,46,119,14,54,68,187
05/23/2002,VLD,GA,ASO,ES,Federal Contract Tower,0,13,23,64,100,0,0,28,0,28,0,13,51,64,128,14,16,30,158
05/24/2002,VLD,GA,ASO,ES,Federal Contract Tower,0,13,20,12,45,0,0,36,0,36,0,13,56,12,81,24,6,30,111
05/25/2002,VLD,GA,ASO,ES,Federal Contract Tower,0,7,19,0,26,0,2,42,0,44,0,9,61,0,70,36,0,36,106
05/26/2002,VLD,GA,ASO,ES,Federal Contract Tower,0,11,5,0,16,0,0,50,0,50,0,11,55,0,66,20,0,20,86
05/27/2002,VLD,GA,ASO,ES,Federal Contract Tower,0,11,12,0,23,0,0,32,0,32,0,11,44,0,55,2,0,2,57
05/28/2002,VLD,GA,ASO,ES,Federal Contract Tower,0,14,12,24,50,0,0,32,14,46,0,14,44,38,96,10,76,86,182
05/29/2002,VLD,GA,ASO,ES,Federal Contract Tower,0,13,11,41,65,0,0,24,3,27,0,13,35,44,92,0,16,16,108
05/30/2002,VLD,GA,ASO,ES,Federal Contract Tower,0,13,28,30,71,0,0,23,0,23,0,13,51,30,94,26,26,52,146
05/31/2002,VLD,GA,ASO,ES,Federal Contract Tower,0,15,20,20,55,0,0,32,0,32,0,15,52,20,87,36,16,52,139
06/01/2002,VLD,GA,ASO,ES,Federal Contract Tower,0,7,2,0,9,0,0,76,0,76,0,7,78,0,85,64,0,64,149
06/02/2002,VLD,GA,ASO,ES,Federal Contract Tower,0,13,9,14,36,0,0,41,0,41,0,13,50,14,77,28,26,54,131
06/03/2002,VLD,GA,ASO,ES,Federal Contract Tower,0,13,13,14,40,0,0,28,8,36,0,13,41,22,76,20,108,128,204
06/04/2002,VLD,GA,ASO,ES,Federal Contract Tower,0,12,19,42,73,0,0,69,6,75,0,12,88,48,148,34,40,74,222
06/05/2002,VLD,GA,ASO,ES,Federal Contract Tower,0,13,20,14,47,0,0,24,18,42,0,13,44,32,89,32,36,68,157
06/06/2002,VLD,GA,ASO,ES,Federal Contract Tower,0,12,10,31,53,0,0,27,2,29,0,12,37,33,82,38,61,99,181
06/07/2002,VLD,GA,ASO,ES,Federal Contract Tower,0,14,11,17,42,0,0,26,0,26,0,14,37,17,68,40,20,60,128
06/08/2002,VLD,GA,ASO,ES,Federal Contract Tower,0,7,19,0,26,0,0,50,0,50,0,7,69,0,76,34,0,34,110
06/09/2002,VLD,GA,ASO,ES,Federal Contract Tower,0,13,29,10,52,0,0,54,0,54,0,13,83,10,106,64,8,72,178
06/10/2002,VLD,GA,ASO,ES,Federal Contract Tower,0,13,3,26,42,0,0,29,4,33,0,13,32,30,75,24,94,118,193
06/11/2002,VLD,GA,ASO,ES,Federal Contract Tower,0,13,19,20,52,0,0,32,8,40,0,13,51,28,92,8,92,100,192
06/12/2002,VLD,GA,ASO,ES,Federal Contract Tower,0,13,18,18,49,0,0,39,0,39,0,13,57,18,88,56,48,104,192
06/13/2002,VLD,GA,ASO,ES,Federal Contract Tower,0,13,20,16,49,0,0,33,3,36,0,13,53,19,85,92,38,130,215
06/14/2002,VLD,GA,ASO,ES,Federal Contract Tower,0,13,19,28,60,0,0,24,2,26,0,13,43,30,86,37,26,63,149
06/15/2002,VLD,GA,ASO,ES,Federal Contract Tower,0,7,13,0,20,0,0,55,0,55,0,7,68,0,75,34,0,34,109
06/16/2002,VLD,GA,ASO,ES,Federal Contract Tower,0,15,19,12,46,0,0,25,0,25,0,15,44,12,71,42,18,60,131
06/17/2002,VLD,GA,ASO,ES,Federal Contract Tower,0,13,10,26,49,0,0,28,8,36,0,13,38,34,85,42,24,66,151
06/18/2002,VLD,GA,ASO,ES,Federal Contract Tower,0,15,10,22,47,0,0,19,2,21,0,15,29,24,68,30,60,90,158
06/19/2002,VLD,GA,ASO,ES,Federal Contract Tower,0,13,24,6,43,0,0,68,6,74,0,13,92,12,117,64,28,92,209
06/20/2002,VLD,GA,ASO,ES,Federal Contract Tower,0,13,16,44,73,0,0,30,0,30,0,13,46,44,103,57,44,101,204
06/21/2002,VLD,GA,ASO,ES,Federal Contract Tower,0,15,13,12,40,0,0,27,0,27,0,15,40,12,67,0,49,49,116
06/22/2002,VLD,GA,ASO,ES,Federal Contract Tower,0,7,47,0,54,0,0,41,0,41,0,7,88,0,95,62,0,62,157
06/23/2002,VLD,GA,ASO,ES,Federal Contract Tower,0,11,8,10,29,0,0,34,0,34,0,11,42,10,63,30,18,48,111
06/24/2002,VLD,GA,ASO,ES,Federal Contract Tower,0,13,12,36,61,0,1,9,0,10,0,14,21,36,71,42,30,72,143
06/25/2002,VLD,GA,ASO,ES,Federal Contract Tower,0,10,17,46,73,0,0,46,6,52,0,10,63,52,125,16,46,62,187
06/26/2002,VLD,GA,ASO,ES,Federal Contract Tower,0,16,15,19,50,0,0,28,6,34,0,16,43,25,84,20,14,34,118
06/27/2002,VLD,GA,ASO,ES,Federal Contract Tower,0,10,39,34,83,0,0,32,4,36,0,10,71,38,119,80,44,124,243
06/28/2002,VLD,GA,ASO,ES,Federal Contract Tower,0,13,18,24,55,0,0,34,0,34,0,13,52,24,89,36,42,78,167
06/29/2002,VLD,GA,ASO,ES,Federal Contract Tower,0,7,8,10,25,0,0,42,0,42,0,7,50,10,67,48,6,54,121
06/30/2002,VLD,GA,ASO,ES,Federal Contract Tower,0,0,0,0,0,0,11,52,20,83,0,11,52,20,83,34,18,52,135
07/01/2002,VLD,GA,ASO,ES,Federal Contract Tower,0,11,16,6,33,0,0,45,4,49,0,11,61,10,82,46,0,46,128
07/02/2002,VLD,GA,ASO,ES,Federal Contract Tower,0,11,11,6,28,0,0,76,18,94,0,11,87,24,122,66,48,114,236
07/03/2002,VLD,GA,ASO,ES,Federal Contract Tower,0,13,9,8,30,0,0,55,18,73,0,13,64,26,103,28,60,88,191
07/04/2002,VLD,GA,ASO,ES,Federal Contract Tower,0,6,6,0,12,0,0,37,0,37,0,6,43,0,49,40,0,40,89
07/05/2002,VLD,GA,ASO,ES,Federal Contract Tower,0,9,16,0,25,0,0,49,0,49,0,9,65,0,74,58,0,58,132
07/06/2002,VLD,GA,ASO,ES,Federal Contract Tower,0,7,20,0,27,0,0,36,0,36,0,7,56,0,63,70,0,70,133
07/07/2002,VLD,GA,ASO,ES,Federal Contract Tower,0,11,15,12,38,0,0,57,0,57,0,11,72,12,95,46,26,72,167
07/08/2002,VLD,GA,ASO,ES,Federal Contract Tower,0,13,4,28,45,0,0,28,2,30,0,13,32,30,75,18,44,62,137
07/09/2002,VLD,GA,ASO,ES,Federal Contract Tower,0,13,17,11,41,0,0,20,9,29,0,13,37,20,70,38,40,78,148
07/10/2002,VLD,GA,ASO,ES,Federal Contract Tower,0,13,28,30,71,0,0,33,0,33,0,13,61,30,104,72,74,146,250
07/11/2002,VLD,GA,ASO,ES,Federal Contract Tower,0,11,17,24,52,0,0,33,0,33,0,11,50,24,85,52,44,96,181
07/12/2002,VLD,GA,ASO,ES,Federal Contract Tower,0,11,12,25,48,0,0,30,0,30,0,11,42,25,78,28,56,84,162
07/13/2002,VLD,GA,ASO,ES,Federal Contract Tower,0,7,17,2,26,0,0,75,0,75,0,7,92,2,101,76,0,76,177
07/14/2002,VLD,GA,ASO,ES,Federal Contract Tower,0,11,16,12,39,0,0,49,0,49,0,11,65,12,88,116,28,144,232
07/15/2002,VLD,GA,ASO,ES,Federal Contract Tower,0,13,10,23,46,0,0,34,5,39,0,13,44,28,85,6,20,26,111
07/16/2002,VLD,GA,ASO,ES,Federal Contract Tower,0,13,11,35,59,0,0,52,13,65,0,13,63,48,124,44,32,76,200
07/17/2002,VLD,GA,ASO,ES,Federal Contract Tower,0,13,16,24,53,0,0,37,10,47,0,13,53,34,100,6,46,52,152
07/18/2002,VLD,GA,ASO,ES,Federal Contract Tower,0,13,12,44,69,0,0,44,0,44,0,13,56,44,113,56,36,92,205
07/19/2002,VLD,GA,ASO,ES,Federal Contract Tower,0,15,23,28,66,0,0,35,1,36,0,15,58,29,102,86,89,175,277
07/20/2002,VLD,GA,ASO,ES,Federal Contract Tower,0,6,18,6,30,0,0,31,0,31,0,6,49,6,61,64,0,64,125
07/21/2002,VLD,GA,ASO,ES,Federal Contract Tower,0,13,7,6,26,0,0,46,4,50,0,13,53,10,76,68,6,74,150
07/22/2002,VLD,GA,ASO,ES,Federal Contract Tower,0,12,14,10,36,0,0,38,0,38,0,12,52,10,74,56,0,56,130
07/23/2002,VLD,GA,ASO,ES,Federal Contract Tower,0,10,25,28,63,0,0,20,7,27,0,10,45,35,90,20,54,74,164
07/24/2002,VLD,GA,ASO,ES,Federal Contract Tower,0,13,28,10,51,0,0,22,0,22,0,13,50,10,73,34,18,52,125
07/25/2002,VLD,GA,ASO,ES,Federal Contract Tower,0,14,22,26,62,0,0,36,4,40,0,14,58,30,102,78,72,150,252
07/26/2002,VLD,GA,ASO,ES,Federal Contract Tower,0,13,17,44,74,0,0,30,4,34,0,13,47,48,108,44,42,86,194
07/27/2002,VLD,GA,ASO,ES,Federal Contract Tower,0,7,17,0,24,0,0,56,0,56,0,7,73,0,80,64,0,64,144
07/28/2002,VLD,GA,ASO,ES,Federal Contract Tower,0,7,10,6,23,0,4,30,0,34,0,11,40,6,57,32,6,38,95
07/29/2002,VLD,GA,ASO,ES,Federal Contract Tower,0,13,21,17,51,0,0,33,7,40,0,13,54,24,91,93,20,113,204
07/30/2002,VLD,GA,ASO,ES,Federal Contract Tower,0,13,16,50,79,0,0,36,7,43,0,13,52,57,122,46,56,102,224
07/31/2002,VLD,GA,ASO,ES,Federal Contract Tower,0,13,16,38,67,0,0,34,14,48,0,13,50,52,115,72,54,126,241
08/01/2002,VLD,GA,ASO,ES,Federal Contract Tower,0,13,21,43,77,0,0,18,6,24,0,13,39,49,101,36,103,139,240
08/02/2002,VLD,GA,ASO,ES,Federal Contract Tower,0,13,17,49,79,0,0,35,7,42,0,13,52,56,121,48,84,132,253
08/03/2002,VLD,GA,ASO,ES,Federal Contract Tower,0,7,14,0,21,0,0,28,0,28,0,7,42,0,49,92,0,92,141
08/04/2002,VLD,GA,ASO,ES,Federal Contract Tower,0,13,15,19,47,0,0,44,1,45,0,13,59,20,92,112,14,126,218
08/05/2002,VLD,GA,ASO,ES,Federal Contract Tower,0,14,22,21,57,0,1,38,13,52,0,15,60,34,109,102,64,166,275
08/06/2002,VLD,GA,ASO,ES,Federal Contract Tower,0,20,15,37,72,0,0,53,13,66,0,20,68,50,138,92,78,170,308
08/07/2002,VLD,GA,ASO,ES,Federal Contract Tower,0,13,10,53,76,0,0,27,11,38,0,13,37,64,114,60,14,74,188
08/08/2002,VLD,GA,ASO,ES,Federal Contract Tower,0,13,25,43,81,0,0,45,9,54,0,13,70,52,135,58,22,80,215
08/09/2002,VLD,GA,ASO,ES,Federal Contract Tower,0,14,14,64,92,0,0,32,1,33,0,14,46,65,125,34,70,104,229
08/10/2002,VLD,GA,ASO,ES,Federal Contract Tower,0,8,13,14,35,0,3,28,0,31,0,11,41,14,66,24,30,54,120
08/11/2002,VLD,GA,ASO,ES,Federal Contract Tower,0,4,8,0,12,0,3,55,0,58,0,7,63,0,70,74,0,74,144
08/12/2002,VLD,GA,ASO,ES,Federal Contract Tower,0,13,10,33,56,0,0,41,11,52,0,13,51,44,108,112,24,136,244
08/13/2002,VLD,GA,ASO,ES,Federal Contract Tower,0,13,23,21,57,0,0,27,7,34,0,13,50,28,91,72,34,106,197
08/14/2002,VLD,GA,ASO,ES,Federal Contract Tower,0,12,23,59,94,0,0,25,5,30,0,12,48,64,124,16,22,38,162
08/15/2002,VLD,GA,ASO,ES,Federal Contract Tower,0,12,25,15,52,0,0,33,7,40,0,12,58,22,92,46,20,66,158
08/16/2002,VLD,GA,ASO,ES,Federal Contract Tower,0,15,16,29,60,0,0,25,2,27,0,15,41,31,87,40,43,83,170
08/17/2002,VLD,GA,ASO,ES,Federal Contract Tower,0,7,10,0,17,0,0,40,0,40,0,7,50,0,57,92,0,92,149
08/18/2002,VLD,GA,ASO,ES,Federal Contract Tower,0,11,19,16,46,0,0,43,4,47,0,11,62,20,93,110,12,122,215
08/19/2002,VLD,GA,ASO,ES,Federal Contract Tower,0,13,21,22,56,0,0,29,10,39,0,13,50,32,95,22,40,62,157
08/20/2002,VLD,GA,ASO,ES,Federal Contract Tower,0,12,21,16,49,0,0,21,8,29,0,12,42,24,78,40,40,80,158
08/21/2002,VLD,GA,ASO,ES,Federal Contract Tower,0,13,15,42,70,0,0,34,2,36,0,13,49,44,106,82,52,134,240
08/22/2002,VLD,GA,ASO,ES,Federal Contract Tower,0,13,17,28,58,0,0,37,6,43,0,13,54,34,101,71,32,103,204
08/23/2002,VLD,GA,ASO,ES,Federal Contract Tower,0,15,17,10,42,0,0,40,2,42,0,15,57,12,84,54,20,74,158
08/24/2002,VLD,GA,ASO,ES,Federal Contract Tower,0,7,5,0,12,0,0,58,0,58,0,7,63,0,70,44,0,44,114
08/25/2002,VLD,GA,ASO,ES,Federal Contract Tower,0,13,11,6,30,0,0,0,0,0,0,13,11,6,30,0,0,0,30
08/26/2002,VLD,GA,ASO,ES,Federal Contract Tower,0,13,18,38,69,0,0,16,8,24,0,13,34,46,93,64,20,84,177
08/27/2002,VLD,GA,ASO,ES,Federal Contract Tower,0,13,27,16,56,0,1,22,6,29,0,14,49,22,85,4,8,12,97
08/28/2002,VLD,GA,ASO,ES,Federal Contract Tower,0,13,23,24,60,0,0,20,6,26,0,13,43,30,86,60,4,64,150
08/29/2002,VLD,GA,ASO,ES,Federal Contract Tower,0,13,18,42,73,0,0,17,4,21,0,13,35,46,94,60,6,66,160
08/30/2002,VLD,GA,ASO,ES,Federal Contract Tower,0,13,14,36,63,0,0,14,0,14,0,13,28,36,77,16,0,16,93
08/31/2002,VLD,GA,ASO,ES,Federal Contract Tower,0,7,13,0,20,0,0,12,0,12,0,7,25,0,32,0,0,0,32
09/01/2002,VLD,GA,ASO,ES,Federal Contract Tower,0,4,8,0,12,0,0,17,0,17,0,4,25,0,29,2,0,2,31
09/02/2002,VLD,GA,ASO,ES,Federal Contract Tower,0,7,10,0,17,0,0,25,0,25,0,7,35,0,42,56,0,56,98
09/03/2002,VLD,GA,ASO,ES,Federal Contract Tower,0,13,27,37,77,0,0,36,13,49,0,13,63,50,126,26,118,144,270
09/04/2002,VLD,GA,ASO,ES,Federal Contract Tower,0,13,18,47,78,0,0,35,5,40,0,13,53,52,118,60,68,128,246
09/05/2002,VLD,GA,ASO,ES,Federal Contract Tower,0,13,24,58,95,0,0,28,6,34,0,13,52,64,129,14,60,74,203
09/06/2002,VLD,GA,ASO,ES,Federal Contract Tower,0,13,19,26,58,0,0,29,2,31,0,13,48,28,89,40,22,62,151
09/07/2002,VLD,GA,ASO,ES,Federal Contract Tower,0,7,9,0,16,0,0,49,0,49,0,7,58,0,65,76,0,76,141
09/08/2002,VLD,GA,ASO,ES,Federal Contract Tower,0,11,10,20,41,0,0,41,4,45,0,11,51,24,86,40,18,58,144
09/09/2002,VLD,GA,ASO,ES,Federal Contract Tower,0,13,11,42,66,0,0,32,8,40,0,13,43,50,106,38,32,70,176
09/10/2002,VLD,GA,ASO,ES,Federal Contract Tower,0,9,8,26,43,0,0,51,6,57,0,9,59,32,100,60,64,124,224
09/11/2002,VLD,GA,ASO,ES,Federal Contract Tower,0,11,18,24,53,0,0,37,16,53,0,11,55,40,106,46,20,66,172
09/12/2002,VLD,GA,ASO,ES,Federal Contract Tower,0,9,16,44,69,0,0,37,0,37,0,9,53,44,106,46,104,150,256
09/13/2002,VLD,GA,ASO,ES,Federal Contract Tower,0,12,16,30,58,0,0,15,2,17,0,12,31,32,75,36,44,80,155
09/14/2002,VLD,GA,ASO,ES,Federal Contract Tower,0,5,15,0,20,0,0,13,0,13,0,5,28,0,33,20,0,20,53
09/15/2002,VLD,GA,ASO,ES,Federal Contract Tower,0,9,9,2,20,0,0,22,0,22,0,9,31,2,42,0,0,0,42
09/16/2002,VLD,GA,ASO,ES,Federal Contract Tower,0,13,15,34,62,0,0,35,16,51,0,13,50,50,113,22,64,86,199
09/17/2002,VLD,GA,ASO,ES,Federal Contract Tower,0,13,19,44,76,0,0,37,26,63,0,13,56,70,139,46,124,170,309
09/18/2002,VLD,GA,ASO,ES,Federal Contract Tower,0,13,14,46,73,0,0,30,0,30,0,13,44,46,103,50,56,106,209
09/19/2002,VLD,GA,ASO,ES,Federal Contract Tower,0,13,32,38,83,0,0,22,0,22,0,13,54,38,105,40,44,84,189
09/20/2002,VLD,GA,ASO,ES,Federal Contract Tower,0,13,18,26,57,0,0,27,0,27,0,13,45,26,84,82,50,132,216
09/21/2002,VLD,GA,ASO,ES,Federal Contract Tower,0,6,12,0,18,0,0,47,0,47,0,6,59,0,65,66,0,66,131
09/22/2002,VLD,GA,ASO,ES,Federal Contract Tower,0,10,8,14,32,0,0,50,0,50,0,10,58,14,82,100,16,116,198
09/23/2002,VLD,GA,ASO,ES,Federal Contract Tower,0,13,11,34,58,0,0,35,20,55,0,13,46,54,113,56,142,198,311
09/24/2002,VLD,GA,ASO,ES,Federal Contract Tower,0,13,22,46,81,0,0,9,7,16,0,13,31,53,97,8,15,23,120
09/25/2002,VLD,GA,ASO,ES,Federal Contract Tower,0,9,25,30,64,0,0,7,2,9,0,9,32,32,73,0,52,52,125
09/26/2002,VLD,GA,ASO,ES,Federal Contract Tower,0,7,12,14,33,0,4,10,0,14,0,11,22,14,47,0,22,22,69
09/27/2002,VLD,GA,ASO,ES,Federal Contract Tower,0,11,22,4,37,0,0,12,0,12,0,11,34,4,49,36,0,36,85
09/28/2002,VLD,GA,ASO,ES,Federal Contract Tower,0,7,23,0,30,0,0,49,0,49,0,7,72,0,79,110,0,110,189
09/29/2002,VLD,GA,ASO,ES,Federal Contract Tower,0,11,8,0,19,0,0,43,0,43,0,11,51,0,62,64,0,64,126
09/30/2002,VLD,GA,ASO,ES,Federal Contract Tower,0,13,14,0,27,0,0,23,0,23,0,13,37,0,50,86,0,86,136
10/01/2002,VLD,GA,ASO,ES,Federal Contract Tower,0,11,17,18,46,0,0,18,6,24,0,11,35,24,70,30,28,58,128
10/02/2002,VLD,GA,ASO,ES,Federal Contract Tower,0,11,20,16,47,0,0,47,12,59,0,11,67,28,106,80,38,118,224
10/03/2002,VLD,GA,ASO,ES,Federal Contract Tower,0,17,12,18,47,0,0,35,3,38,0,17,47,21,85,80,84,164,249
10/04/2002,VLD,GA,ASO,ES,Federal Contract Tower,1,11,21,14,47,0,0,26,6,32,1,11,47,20,79,65,84,149,228
10/05/2002,VLD,GA,ASO,ES,Federal Contract Tower,2,7,14,0,23,0,0,52,0,52,2,7,66,0,75,72,0,72,147
10/06/2002,VLD,GA,ASO,ES,Federal Contract Tower,0,11,11,18,40,0,0,36,0,36,0,11,47,18,76,24,22,46,122
10/07/2002,VLD,GA,ASO,ES,Federal Contract Tower,0,13,8,30,51,0,0,27,12,39,0,13,35,42,90,16,78,94,184
10/08/2002,VLD,GA,ASO,ES,Federal Contract Tower,0,13,15,20,48,0,0,24,12,36,0,13,39,32,84,74,58,132,216
10/09/2002,VLD,GA,ASO,ES,Federal Contract Tower,0,13,34,30,77,0,0,4,0,4,0,13,38,30,81,0,0,0,81
10/10/2002,VLD,GA,ASO,ES,Federal Contract Tower,0,15,26,26,67,0,0,24,2,26,0,15,50,28,93,72,8,80,173
10/11/2002,VLD,GA,ASO,ES,Federal Contract Tower,0,13,35,26,74,0,0,19,2,21,0,13,54,28,95,34,22,56,151
10/12/2002,VLD,GA,ASO,ES,Federal Contract Tower,0,5,7,0,12,0,0,81,0,81,0,5,88,0,93,74,0,74,167
10/13/2002,VLD,GA,ASO,ES,Federal Contract Tower,0,11,11,0,22,0,0,55,0,55,0,11,66,0,77,76,0,76,153
10/14/2002,VLD,GA,ASO,ES,Federal Contract Tower,0,11,20,0,31,0,0,34,0,34,0,11,54,0,65,50,0,50,115
10/15/2002,VLD,GA,ASO,ES,Federal Contract Tower,0,8,27,2,37,0,0,32,0,32,0,8,59,2,69,33,0,33,102
10/16/2002,VLD,GA,ASO,ES,Federal Contract Tower,0,13,17,30,60,0,0,37,2,39,0,13,54,32,99,74,26,100,199
10/17/2002,VLD,GA,ASO,ES,Federal Contract Tower,0,13,12,32,57,0,0,61,0,61,0,13,73,32,118,109,54,163,281
10/18/2002,VLD,GA,ASO,ES,Federal Contract Tower,1,13,20,12,46,0,0,42,6,48,1,13,62,18,94,36,74,110,204
10/19/2002,VLD,GA,ASO,ES,Federal Contract Tower,3,7,13,0,23,0,0,72,0,72,3,7,85,0,95,62,0,62,157
10/20/2002,VLD,GA,ASO,ES,Federal Contract Tower,0,11,14,4,29,0,0,46,0,46,0,11,60,4,75,36,2,38,113
10/21/2002,VLD,GA,ASO,ES,Federal Contract Tower,0,10,15,28,53,0,0,34,12,46,0,10,49,40,99,58,52,110,209
10/22/2002,VLD,GA,ASO,ES,Federal Contract Tower,0,13,18,28,59,0,0,24,4,28,0,13,42,32,87,70,36,106,193
10/23/2002,VLD,GA,ASO,ES,Federal Contract Tower,0,15,30,31,76,0,0,23,14,37,0,15,53,45,113,60,58,118,231
10/24/2002,VLD,GA,ASO,ES,Federal Contract Tower,0,13,36,32,81,0,0,0,0,0,0,13,36,32,81,0,0,0,81
10/25/2002,VLD,GA,ASO,ES,Federal Contract Tower,0,15,18,14,47,0,0,12,0,12,0,15,30,14,59,18,0,18,77
10/26/2002,VLD,GA,ASO,ES,Federal Contract Tower,0,7,9,0,16,0,0,21,0,21,0,7,30,0,37,40,0,40,77
10/27/2002,VLD,GA,ASO,ES,Federal Contract Tower,0,13,18,14,45,0,0,40,4,44,0,13,58,18,89,108,10,118,207
10/28/2002,VLD,GA,ASO,ES,Federal Contract Tower,0,13,15,18,46,0,0,23,2,25,0,13,38,20,71,24,4,28,99
10/29/2002,VLD,GA,ASO,ES,Federal Contract Tower,0,12,23,2,37,0,0,23,4,27,0,12,46,6,64,88,6,94,158
10/30/2002,VLD,GA,ASO,ES,Federal Contract Tower,0,11,19,21,51,0,0,31,3,34,0,11,50,24,85,12,8,20,105
10/31/2002,VLD,GA,ASO,ES,Federal Contract Tower,0,13,24,26,63,0,0,38,6,44,0,13,62,32,107,46,28,74,181
11/01/2002,VLD,GA,ASO,ES,Federal Contract Tower,0,13,30,24,67,0,0,39,4,43,0,13,69,28,110,82,74,156,266
11/02/2002,VLD,GA,ASO,ES,Federal Contract Tower,0,7,10,0,17,0,0,87,0,87,0,7,97,0,104,88,0,88,192
11/03/2002,VLD,GA,ASO,ES,Federal Contract Tower,0,11,15,22,48,0,0,54,4,58,0,11,69,26,106,40,12,52,158
11/04/2002,VLD,GA,ASO,ES,Federal Contract Tower,0,13,14,6,33,0,0,28,4,32,0,13,42,10,65,64,48,112,177
11/05/2002,VLD,GA,ASO,ES,Federal Contract Tower,0,9,17,14,40,0,0,30,0,30,0,9,47,14,70,22,38,60,130
11/06/2002,VLD,GA,ASO,ES,Federal Contract Tower,0,13,20,38,71,0,0,52,14,66,0,13,72,52,137,40,30,70,207
11/07/2002,VLD,GA,ASO,ES,Federal Contract Tower,4,16,33,26,79,0,0,36,6,42,4,16,69,32,121,72,84,156,277
11/08/2002,VLD,GA,ASO,ES,Federal Contract Tower,0,11,14,24,49,0,0,40,7,47,0,11,54,31,96,122,72,194,290
11/09/2002,VLD,GA,ASO,ES,Federal Contract Tower,0,7,25,0,32,0,0,57,0,57,0,7,82,0,89,122,0,122,211
11/10/2002,VLD,GA,ASO,ES,Federal Contract Tower,0,11,17,26,54,0,0,36,0,36,0,11,53,26,90,70,24,94,184
11/11/2002,VLD,GA,ASO,ES,Federal Contract Tower,0,7,3,0,10,0,0,42,0,42,0,7,45,0,52,82,0,82,134
11/12/2002,VLD,GA,ASO,ES,Federal Contract Tower,0,15,16,8,39,0,0,56,0,56,0,15,72,8,95,34,36,70,165
11/13/2002,VLD,GA,ASO,ES,Federal Contract Tower,0,11,31,40,82,0,0,37,22,59,0,11,68,62,141,44,88,132,273
11/14/2002,VLD,GA,ASO,ES,Federal Contract Tower,0,13,6,72,91,0,0,53,2,55,0,13,59,74,146,80,62,142,288
11/15/2002,VLD,GA,ASO,ES,Federal Contract Tower,0,15,10,38,63,0,0,32,10,42,0,15,42,48,105,60,102,162,267
11/16/2002,VLD,GA,ASO,ES,Federal Contract Tower,0,5,2,0,7,0,0,47,0,47,0,5,49,0,54,90,0,90,144
11/17/2002,VLD,GA,ASO,ES,Federal Contract Tower,0,11,10,4,25,0,0,47,4,51,0,11,57,8,76,50,10,60,136
11/18/2002,VLD,GA,ASO,ES,Federal Contract Tower,0,12,5,24,41,0,0,52,32,84,0,12,57,56,125,8,122,130,255
11/19/2002,VLD,GA,ASO,ES,Federal Contract Tower,0,13,15,31,59,0,0,48,15,63,0,13,63,46,122,108,102,210,332
11/20/2002,VLD,GA,ASO,ES,Federal Contract Tower,0,13,15,41,69,0,0,49,9,58,0,13,64,50,127,30,82,112,239
11/21/2002,VLD,GA,ASO,ES,Federal Contract Tower,0,11,29,48,88,0,0,23,0,23,0,11,52,48,111,60,46,106,217
11/22/2002,VLD,GA,ASO,ES,Federal Contract Tower,0,14,13,32,59,0,1,34,4,39,0,15,47,36,98,38,52,90,188
11/23/2002,VLD,GA,ASO,ES,Federal Contract Tower,0,8,24,0,32,0,0,31,0,31,0,8,55,0,63,10,0,10,73
11/24/2002,VLD,GA,ASO,ES,Federal Contract Tower,0,11,15,14,40,0,0,36,4,40,0,11,51,18,80,24,10,34,114
11/25/2002,VLD,GA,ASO,ES,Federal Contract Tower,0,13,13,38,64,0,0,44,6,50,0,13,57,44,114,34,52,86,200
11/26/2002,VLD,GA,ASO,ES,Federal Contract Tower,0,13,12,20,45,0,0,27,10,37,0,13,39,30,82,20,74,94,176
11/27/2002,VLD,GA,ASO,ES,Federal Contract Tower,0,13,29,20,62,0,0,38,10,48,0,13,67,30,110,0,64,64,174
11/28/2002,VLD,GA,ASO,ES,Federal Contract Tower,0,9,7,0,16,0,0,23,0,23,0,9,30,0,39,18,0,18,57
11/29/2002,VLD,GA,ASO,ES,Federal Contract Tower,0,11,10,0,21,0,0,28,0,28,0,11,38,0,49,22,0,22,71
11/30/2002,VLD,GA,ASO,ES,Federal Contract Tower,0,7,22,0,29,0,0,30,0,30,0,7,52,0,59,0,0,0,59
12/01/2002,VLD,GA,ASO,ES,Federal Contract Tower,0,11,21,0,32,0,0,39,0,39,0,11,60,0,71,42,0,42,113
12/02/2002,VLD,GA,ASO,ES,Federal Contract Tower,0,15,5,35,55,0,0,34,15,49,0,15,39,50,104,52,82,134,238
12/03/2002,VLD,GA,ASO,ES,Federal Contract Tower,0,13,7,25,45,0,0,45,13,58,0,13,52,38,103,30,88,118,221
12/04/2002,VLD,GA,ASO,ES,Federal Contract Tower,0,13,16,31,60,0,0,16,5,21,0,13,32,36,81,26,16,42,123
12/05/2002,VLD,GA,ASO,ES,Federal Contract Tower,0,17,27,4,48,0,0,34,0,34,0,17,61,4,82,38,12,50,132
12/06/2002,VLD,GA,ASO,ES,Federal Contract Tower,2,13,23,45,83,0,0,25,0,25,2,13,48,45,108,14,24,38,146
12/07/2002,VLD,GA,ASO,ES,Federal Contract Tower,2,7,15,13,37,0,0,43,0,43,2,7,58,13,80,56,10,66,146
12/08/2002,VLD,GA,ASO,ES,Federal Contract Tower,0,13,4,41,58,0,0,49,0,49,0,13,53,41,107,56,40,96,203
12/09/2002,VLD,GA,ASO,ES,Federal Contract Tower,0,13,10,38,61,0,0,35,8,43,0,13,45,46,104,50,68,118,222
12/10/2002,VLD,GA,ASO,ES,Federal Contract Tower,0,14,14,2,30,0,0,0,0,0,0,14,14,2,30,0,0,0,30
12/11/2002,VLD,GA,ASO,ES,Federal Contract Tower,0,14,34,43,91,0,0,10,3,13,0,14,44,46,104,26,42,68,172
12/12/2002,VLD,GA,ASO,ES,Federal Contract Tower,0,13,31,20,64,0,0,30,8,38,0,13,61,28,102,48,50,98,200
12/13/2002,VLD,GA,ASO,ES,Federal Contract Tower,0,12,26,30,68,0,0,14,3,17,0,12,40,33,85,20,75,95,180
12/14/2002,VLD,GA,ASO,ES,Federal Contract Tower,0,7,20,1,28,0,0,52,1,53,0,7,72,2,81,26,0,26,107
12/15/2002,VLD,GA,ASO,ES,Federal Contract Tower,0,11,21,22,54,0,0,39,2,41,0,11,60,24,95,44,22,66,161
12/16/2002,VLD,GA,ASO,ES,Federal Contract Tower,0,12,13,22,47,0,0,31,6,37,0,12,44,28,84,14,48,62,146
12/17/2002,VLD,GA,ASO,ES,Federal Contract Tower,0,12,25,28,65,0,0,42,7,49,0,12,67,35,114,92,44,136,250
12/18/2002,VLD,GA,ASO,ES,Federal Contract Tower,0,13,32,43,88,0,0,4,0,4,0,13,36,43,92,0,0,0,92
12/19/2002,VLD,GA,ASO,ES,Federal Contract Tower,0,13,14,24,51,0,0,25,2,27,0,13,39,26,78,61,62,123,201
12/20/2002,VLD,GA,ASO,ES,Federal Contract Tower,0,3,5,5,13,0,10,37,25,72,0,13,42,30,85,18,20,38,123
12/21/2002,VLD,GA,ASO,ES,Federal Contract Tower,0,7,22,0,29,0,0,44,0,44,0,7,66,0,73,54,0,54,127
12/22/2002,VLD,GA,ASO,ES,Federal Contract Tower,0,11,13,0,24,0,0,32,0,32,0,11,45,0,56,30,0,30,86
12/23/2002,VLD,GA,ASO,ES,Federal Contract Tower,0,13,25,4,42,0,0,26,2,28,0,13,51,6,70,36,0,36,106
12/24/2002,VLD,GA,ASO,ES,Federal Contract Tower,0,14,2,0,16,0,0,0,0,0,0,14,2,0,16,0,0,0,16
12/25/2002,VLD,GA,ASO,ES,Federal Contract Tower,0,5,6,0,11,0,0,0,0,0,0,5,6,0,11,72,0,72,83
12/26/2002,VLD,GA,ASO,ES,Federal Contract Tower,0,5,25,0,30,0,0,20,0,20,0,5,45,0,50,34,0,34,84
12/27/2002,VLD,GA,ASO,ES,Federal Contract Tower,0,13,23,0,36,0,0,42,0,42,0,13,65,0,78,42,0,42,120
12/28/2002,VLD,GA,ASO,ES,Federal Contract Tower,0,9,12,0,21,0,0,48,0,48,0,9,60,0,69,40,0,40,109
12/29/2002,VLD,GA,ASO,ES,Federal Contract Tower,0,11,11,0,22,0,0,45,0,45,0,11,56,0,67,28,0,28,95
12/30/2002,VLD,GA,ASO,ES,Federal Contract Tower,0,13,12,8,33,0,0,22,6,28,0,13,34,14,61,8,72,80,141
12/31/2002,VLD,GA,ASO,ES,Federal Contract Tower,0,9,4,0,13,0,0,4,0,4,0,9,8,0,17,0,0,0,17
01/01/2003,VLD,GA,ASO,ES,Federal Contract Tower,0,5,6,0,11,0,0,45,0,45,0,5,51,0,56,44,0,44,100
01/02/2003,VLD,GA,ASO,ES,Federal Contract Tower,0,7,11,29,47,0,0,38,1,39,0,7,49,30,86,68,76,144,230
01/03/2003,VLD,GA,ASO,ES,Federal Contract Tower,0,13,2,21,36,0,0,29,3,32,0,13,31,24,68,12,30,42,110
01/04/2003,VLD,GA,ASO,ES,Federal Contract Tower,0,7,17,0,24,0,0,59,0,59,0,7,76,0,83,62,0,62,145
01/05/2003,VLD,GA,ASO,ES,Federal Contract Tower,0,11,11,13,35,0,0,64,3,67,0,11,75,16,102,54,12,66,168
01/06/2003,VLD,GA,ASO,ES,Federal Contract Tower,0,13,10,26,49,0,0,24,10,34,0,13,34,36,83,54,52,106,189
01/07/2003,VLD,GA,ASO,ES,Federal Contract Tower,0,13,15,30,58,0,0,37,12,49,0,13,52,42,107,56,60,116,223
01/08/2003,VLD,GA,ASO,ES,Federal Contract Tower,0,13,14,36,63,0,0,27,12,39,0,13,41,48,102,2,62,64,166
01/09/2003,VLD,GA,ASO,ES,Federal Contract Tower,0,13,19,46,78,0,0,38,3,41,0,13,57,49,119,44,62,106,225
01/10/2003,VLD,GA,ASO,ES,Federal Contract Tower,0,13,10,46,69,0,0,25,0,25,0,13,35,46,94,28,24,52,146
01/11/2003,VLD,GA,ASO,ES,Federal Contract Tower,0,7,16,0,23,0,0,41,0,41,0,7,57,0,64,54,0,54,118
01/12/2003,VLD,GA,ASO,ES,Federal Contract Tower,0,11,7,0,18,0,3,35,0,38,0,14,42,0,56,38,0,38,94
01/13/2003,VLD,GA,ASO,ES,Federal Contract Tower,0,11,19,58,88,0,0,7,6,13,0,11,26,64,101,40,14,54,155
01/14/2003,VLD,GA,ASO,ES,Federal Contract Tower,0,13,20,30,63,0,0,17,2,19,0,13,37,32,82,2,12,14,96
01/15/2003,VLD,GA,ASO,ES,Federal Contract Tower,0,13,26,20,59,0,0,20,8,28,0,13,46,28,87,30,18,48,135
01/16/2003,VLD,GA,ASO,ES,Federal Contract Tower,0,11,26,44,81,0,0,37,6,43,0,11,63,50,124,92,46,138,262
01/17/2003,VLD,GA,ASO,ES,Federal Contract Tower,0,12,19,30,61,0,0,18,2,20,0,12,37,32,81,24,16,40,121
01/18/2003,VLD,GA,ASO,ES,Federal Contract Tower,0,7,3,0,10,0,0,62,2,64,0,7,65,2,74,40,0,40,114
01/19/2003,VLD,GA,ASO,ES,Federal Contract Tower,0,7,11,20,38,0,2,53,0,55,0,9,64,20,93,48,12,60,153
01/20/2003,VLD,GA,ASO,ES,Federal Contract Tower,0,11,15,0,26,0,0,57,4,61,0,11,72,4,87,64,0,64,151
01/21/2003,VLD,GA,ASO,ES,Federal Contract Tower,0,11,24,50,85,0,0,56,10,66,0,11,80,60,151,48,66,114,265
01/22/2003,VLD,GA,ASO,ES,Federal Contract Tower,0,13,21,52,86,0,0,3,8,11,0,13,24,60,97,0,18,18,115
01/23/2003,VLD,GA,ASO,ES,Federal Contract Tower,0,13,11,65,89,0,0,18,9,27,0,13,29,74,116,20,82,102,218
01/24/2003,VLD,GA,ASO,ES,Federal Contract Tower,0,13,23,46,82,0,0,14,0,14,0,13,37,46,96,18,34,52,148
01/25/2003,VLD,GA,ASO,ES,Federal Contract Tower,0,7,13,0,20,0,0,53,0,53,0,7,66,0,73,48,0,48,121
01/26/2003,VLD,GA,ASO,ES,Federal Contract Tower,0,9,6,12,27,0,0,60,0,60,0,9,66,12,87,32,26,58,145
01/27/2003,VLD,GA,ASO,ES,Federal Contract Tower,0,13,15,50,78,0,0,73,18,91,0,13,88,68,169,34,116,150,319
01/28/2003,VLD,GA,ASO,ES,Federal Contract Tower,0,11,13,38,62,0,0,34,10,44,0,11,47,48,106,14,66,80,186
01/29/2003,VLD,GA,ASO,ES,Federal Contract Tower,0,10,24,41,75,0,0,32,19,51,0,10,56,60,126,38,120,158,284
01/30/2003,VLD,GA,ASO,ES,Federal Contract Tower,0,11,25,12,48,0,0,19,5,24,0,11,44,17,72,28,61,89,161
01/31/2003,VLD,GA,ASO,ES,Federal Contract Tower,0,8,10,35,53,0,0,17,0,17,0,8,27,35,70,0,10,10,80
02/01/2003,VLD,GA,ASO,ES,Federal Contract Tower,0,4,14,1,19,0,0,59,0,59,0,4,73,1,78,120,0,120,198
02/02/2003,VLD,GA,ASO,ES,Federal Contract Tower,0,4,12,16,32,0,0,71,0,71,0,4,83,16,103,94,22,116,219
02/03/2003,VLD,GA,ASO,ES,Federal Contract Tower,2,5,12,24,43,0,0,64,4,68,2,5,76,28,111,36,56,92,203
02/04/2003,VLD,GA,ASO,ES,Federal Contract Tower,2,4,15,24,45,0,0,50,6,56,2,4,65,30,101,32,56,88,189
02/05/2003,VLD,GA,ASO,ES,Federal Contract Tower,2,4,18,18,42,0,0,19,34,53,2,4,37,52,95,0,56,56,151
02/06/2003,VLD,GA,ASO,ES,Federal Contract Tower,2,4,21,58,85,0,0,21,7,28,2,4,42,65,113,32,96,128,241
02/07/2003,VLD,GA,ASO,ES,Federal Contract Tower,2,7,15,42,66,0,0,19,4,23,2,7,34,46,89,14,42,56,145
02/08/2003,VLD,GA,ASO,ES,Federal Contract Tower,2,2,11,0,15,0,0,36,117,153,2,2,47,117,168,35,0,35,203
02/09/2003,VLD,GA,ASO,ES,Federal Contract Tower,2,6,11,24,43,0,0,52,0,52,2,6,63,24,95,52,26,78,173
02/10/2003,VLD,GA,ASO,ES,Federal Contract Tower,2,3,12,24,41,0,1,51,4,56,2,4,63,28,97,58,60,118,215
02/11/2003,VLD,GA,ASO,ES,Federal Contract Tower,2,4,18,36,60,0,0,32,12,44,2,4,50,48,104,44,80,124,228
02/12/2003,VLD,GA,ASO,ES,Federal Contract Tower,0,6,10,26,42,0,0,42,18,60,0,6,52,44,102,32,74,106,208
02/13/2003,VLD,GA,ASO,ES,Federal Contract Tower,2,6,31,54,93,0,0,42,6,48,2,6,73,60,141,82,92,174,315
02/14/2003,VLD,GA,ASO,ES,Federal Contract Tower,2,4,9,6,21,0,0,67,6,73,2,4,76,12,94,58,28,86,180
02/15/2003,VLD,GA,ASO,ES,Federal Contract Tower,4,4,10,0,18,0,0,85,0,85,4,4,95,0,103,120,0,120,223
02/16/2003,VLD,GA,ASO,ES,Federal Contract Tower,4,8,17,0,29,0,0,62,0,62,4,8,79,0,91,56,0,56,147
02/17/2003,VLD,GA,ASO,ES,Federal Contract Tower,2,5,22,0,29,0,0,51,0,51,2,5,73,0,80,58,0,58,138
02/18/2003,VLD,GA,ASO,ES,Federal Contract Tower,4,6,22,32,64,0,0,19,10,29,4,6,41,42,93,2,68,70,163
02/19/2003,VLD,GA,ASO,ES,Federal Contract Tower,2,8,21,23,54,0,0,22,13,35,2,8,43,36,89,14,142,156,245
02/20/2003,VLD,GA,ASO,ES,Federal Contract Tower,4,4,16,65,89,0,0,26,0,26,4,4,42,65,115,42,96,138,253
02/21/2003,VLD,GA,ASO,ES,Federal Contract Tower,2,4,19,34,59,0,0,50,0,50,2,4,69,34,109,34,70,104,213
02/22/2003,VLD,GA,ASO,ES,Federal Contract Tower,2,6,0,0,8,0,0,70,0,70,2,6,70,0,78,58,0,58,136
02/23/2003,VLD,GA,ASO,ES,Federal Contract Tower,4,2,9,10,25,0,0,64,0,64,4,2,73,10,89,26,36,62,151
02/24/2003,VLD,GA,ASO,ES,Federal Contract Tower,2,8,25,26,61,0,0,20,14,34,2,8,45,40,95,12,134,146,241
02/25/2003,VLD,GA,ASO,ES,Federal Contract Tower,4,6,21,30,61,0,0,36,18,54,4,6,57,48,115,54,86,140,255
02/26/2003,VLD,GA,ASO,ES,Federal Contract Tower,4,4,17,32,57,0,0,22,16,38,4,4,39,48,95,22,90,112,207
02/27/2003,VLD,GA,ASO,ES,Federal Contract Tower,4,4,19,40,67,0,0,10,4,14,4,4,29,44,81,0,44,44,125
02/28/2003,VLD,GA,ASO,ES,Federal Contract Tower,2,6,23,12,43,0,0,26,0,26,2,6,49,12,69,0,0,0,69
03/01/2003,VLD,GA,ASO,ES,Federal Contract Tower,2,0,2,0,4,0,0,67,0,67,2,0,69,0,71,0,0,0,71
03/02/2003,VLD,GA,ASO,ES,Federal Contract Tower,6,5,15,26,52,0,0,32,4,36,6,5,47,30,88,18,8,26,114
03/03/2003,VLD,GA,ASO,ES,Federal Contract Tower,4,4,15,19,42,0,0,5,11,16,4,4,20,30,58,8,104,112,170
03/04/2003,VLD,GA,ASO,ES,Federal Contract Tower,4,4,15,4,27,0,0,39,10,49,4,4,54,14,76,30,20,50,126
03/05/2003,VLD,GA,ASO,ES,Federal Contract Tower,4,4,7,38,53,0,0,69,38,107,4,4,76,76,160,102,112,214,374
03/06/2003,VLD,GA,ASO,ES,Federal Contract Tower,0,5,10,29,44,0,1,30,2,33,0,6,40,31,77,50,83,133,210
03/07/2003,VLD,GA,ASO,ES,Federal Contract Tower,4,5,10,54,73,0,0,30,5,35,4,5,40,59,108,16,90,106,214
03/08/2003,VLD,GA,ASO,ES,Federal Contract Tower,4,1,15,0,20,0,0,62,0,62,4,1,77,0,82,102,0,102,184
03/09/2003,VLD,GA,ASO,ES,Federal Contract Tower,4,2,12,31,49,0,0,50,1,51,4,2,62,32,100,88,38,126,226
03/10/2003,VLD,GA,ASO,ES,Federal Contract Tower,2,6,10,13,31,0,0,82,9,91,2,6,92,22,122,72,48,120,242
03/11/2003,VLD,GA,ASO,ES,Federal Contract Tower,2,6,15,34,57,0,0,77,12,89,2,6,92,46,146,38,96,134,280
03/12/2003,VLD,GA,ASO,ES,Federal Contract Tower,4,4,18,31,57,0,0,25,3,28,4,4,43,34,85,46,8,54,139
03/13/2003,VLD,GA,ASO,ES,Federal Contract Tower,2,6,25,29,62,0,0,27,1,28,2,6,52,30,90,24,76,100,190
03/14/2003,VLD,GA,ASO,ES,Federal Contract Tower,2,4,11,4,21,0,0,27,2,29,2,4,38,6,50,48,44,92,142
03/15/2003,VLD,GA,ASO,ES,Federal Contract Tower,4,2,34,0,40,0,0,35,3,38,4,2,69,3,78,51,12,63,141
03/16/2003,VLD,GA,ASO,ES,Federal Contract Tower,4,2,16,17,39,0,0,27,20,47,4,2,43,37,86,40,104,144,230
03/17/2003,VLD,GA,ASO,ES,Federal Contract Tower,2,6,5,13,26,0,0,3,11,14,2,6,8,24,40,18,82,100,140
03/18/2003,VLD,GA,ASO,ES,Federal Contract Tower,4,4,21,35,64,0,0,53,11,64,4,4,74,46,128,26,80,106,234
03/19/2003,VLD,GA,ASO,ES,Federal Contract Tower,2,6,13,31,52,0,0,11,13,24,2,6,24,44,76,16,52,68,144
03/20/2003,VLD,GA,ASO,ES,Federal Contract Tower,4,4,15,13,36,0,0,23,16,39,4,4,38,29,75,14,77,91,166
03/21/2003,VLD,GA,ASO,ES,Federal Contract Tower,2,6,16,5,29,0,0,26,9,35,2,6,42,14,64,62,152,214,278
03/22/2003,VLD,GA,ASO,ES,Federal Contract Tower,2,4,34,0,40,0,0,61,0,61,2,4,95,0,101,50,0,50,151
03/23/2003,VLD,GA,ASO,ES,Federal Contract Tower,4,2,31,17,54,0,0,0,1,1,4,2,31,18,55,0,0,0,55
03/24/2003,VLD,GA,ASO,ES,Federal Contract Tower,2,4,16,47,69,0,0,30,19,49,2,4,46,66,118,10,112,122,240
03/25/2003,VLD,GA,ASO,ES,Federal Contract Tower,4,4,26,45,79,0,0,29,15,44,4,4,55,60,123,4,78,82,205
03/26/2003,VLD,GA,ASO,ES,Federal Contract Tower,2,6,21,33,62,0,0,25,11,36,2,6,46,44,98,0,30,30,128
03/27/2003,VLD,GA,ASO,ES,Federal Contract Tower,4,4,17,21,46,0,0,18,3,21,4,4,35,24,67,8,34,42,109
03/28/2003,VLD,GA,ASO,ES,Federal Contract Tower,4,4,27,30,65,0,0,29,6,35,4,4,56,36,100,32,90,122,222
03/29/2003,VLD,GA,ASO,ES,Federal Contract Tower,2,4,6,0,12,0,0,72,0,72,2,4,78,0,84,86,0,86,170
03/30/2003,VLD,GA,ASO,ES,Federal Contract Tower,4,2,2,15,23,0,0,34,1,35,4,2,36,16,58,0,16,16,74
03/31/2003,VLD,GA,ASO,ES,Federal Contract Tower,4,4,17,35,60,0,0,43,5,48,4,4,60,40,108,0,30,30,138
04/01/2003,VLD,GA,ASO,ES,Federal Contract Tower,4,3,22,32,61,0,1,91,10,102,4,4,113,42,163,48,98,146,309
04/02/2003,VLD,GA,ASO,ES,Federal Contract Tower,4,3,21,19,47,0,1,152,13,166,4,4,173,32,213,86,120,206,419
04/03/2003,VLD,GA,ASO,ES,Federal Contract Tower,4,4,33,12,53,0,0,78,6,84,4,4,111,18,137,28,76,104,241
04/04/2003,VLD,GA,ASO,ES,Federal Contract Tower,4,4,20,7,35,0,0,74,0,74,4,4,94,7,109,36,86,122,231
04/05/2003,VLD,GA,ASO,ES,Federal Contract Tower,4,2,25,31,62,0,0,97,5,102,4,2,122,36,164,50,52,102,266
04/06/2003,VLD,GA,ASO,ES,Federal Contract Tower,4,2,25,36,67,0,0,97,0,97,4,2,122,36,164,50,52,102,266
04/07/2003,VLD,GA,ASO,ES,Federal Contract Tower,4,6,20,30,60,0,0,70,4,74,4,6,90,34,134,34,66,100,234
04/08/2003,VLD,GA,ASO,ES,Federal Contract Tower,2,8,10,0,20,0,0,54,0,54,2,8,64,0,74,78,0,78,152
04/09/2003,VLD,GA,ASO,ES,Federal Contract Tower,2,6,18,20,46,0,0,84,2,86,2,6,102,22,132,50,64,114,246
04/10/2003,VLD,GA,ASO,ES,Federal Contract Tower,4,4,14,0,22,0,0,65,0,65,4,4,79,0,87,88,28,116,203
04/11/2003,VLD,GA,ASO,ES,Federal Contract Tower,4,4,24,10,42,0,0,59,2,61,4,4,83,12,103,82,40,122,225
04/12/2003,VLD,GA,ASO,ES,Federal Contract Tower,4,2,6,0,12,0,0,90,0,90,4,2,96,0,102,102,0,102,204
04/13/2003,VLD,GA,ASO,ES,Federal Contract Tower,4,2,16,12,34,0,0,80,0,80,4,2,96,12,114,59,26,85,199
04/14/2003,VLD,GA,ASO,ES,Federal Contract Tower,4,4,11,24,43,0,0,62,8,70,4,4,73,32,113,52,100,152,265
04/15/2003,VLD,GA,ASO,ES,Federal Contract Tower,4,4,10,28,46,0,0,80,6,86,4,4,90,34,132,72,90,162,294
04/16/2003,VLD,GA,ASO,ES,Federal Contract Tower,3,4,18,21,46,1,1,32,17,51,4,5,50,38,97,28,102,130,227
04/17/2003,VLD,GA,ASO,ES,Federal Contract Tower,4,5,17,40,66,0,0,36,5,41,4,5,53,45,107,102,142,244,351
04/18/2003,VLD,GA,ASO,ES,Federal Contract Tower,4,4,24,43,75,0,0,26,0,26,4,4,50,43,101,18,112,130,231
04/19/2003,VLD,GA,ASO,ES,Federal Contract Tower,4,2,15,0,21,0,0,71,0,71,4,2,86,0,92,104,0,104,196
04/20/2003,VLD,GA,ASO,ES,Federal Contract Tower,2,4,15,6,27,0,0,36,0,36,2,4,51,6,63,36,0,36,99
04/21/2003,VLD,GA,ASO,ES,Federal Contract Tower,3,4,10,22,39,0,0,8,6,14,3,4,18,28,53,14,38,52,105
04/22/2003,VLD,GA,ASO,ES,Federal Contract Tower,5,6,17,34,62,0,0,35,2,37,5,6,52,36,99,32,38,70,169
04/23/2003,VLD,GA,ASO,ES,Federal Contract Tower,4,4,22,18,48,0,0,30,4,34,4,4,52,22,82,34,48,82,164
04/24/2003,VLD,GA,ASO,ES,Federal Contract Tower,4,4,16,28,52,0,0,48,10,58,4,4,64,38,110,42,74,116,226
04/25/2003,VLD,GA,ASO,ES,Federal Contract Tower,2,6,10,4,22,0,0,50,0,50,2,6,60,4,72,30,8,38,110
04/26/2003,VLD,GA,ASO,ES,Federal Contract Tower,4,4,14,0,22,0,0,47,0,47,4,4,61,0,69,38,0,38,107
04/27/2003,VLD,GA,ASO,ES,Federal Contract Tower,1,2,9,11,23,1,2,41,13,57,2,4,50,24,80,26,14,40,120
04/28/2003,VLD,GA,ASO,ES,Federal Contract Tower,2,4,22,54,82,0,0,19,12,31,2,4,41,66,113,28,100,128,241
04/29/2003,VLD,GA,ASO,ES,Federal Contract Tower,4,4,19,44,71,0,0,25,3,28,4,4,44,47,99,16,24,40,139
04/30/2003,VLD,GA,ASO,ES,Federal Contract Tower,4,4,19,32,59,0,0,19,18,37,4,4,38,50,96,8,58,66,162
05/01/2003,VLD,GA,ASO,ES,Federal Contract Tower,3,4,16,42,65,1,0,31,8,40,4,4,47,50,105,40,156,196,301
05/02/2003,VLD,GA,ASO,ES,Federal Contract Tower,2,4,18,68,92,1,0,36,16,53,3,4,54,84,145,38,76,114,259
05/03/2003,VLD,GA,ASO,ES,Federal Contract Tower,4,1,7,0,12,0,1,83,0,84,4,2,90,0,96,78,0,78,174
05/04/2003,VLD,GA,ASO,ES,Federal Contract Tower,4,1,10,28,43,0,1,55,0,56,4,2,65,28,99,40,44,84,183
05/05/2003,VLD,GA,ASO,ES,Federal Contract Tower,4,1,17,24,46,0,1,20,10,31,4,2,37,34,77,46,68,114,191
05/06/2003,VLD,GA,ASO,ES,Federal Contract Tower,2,3,13,28,46,0,1,17,12,30,2,4,30,40,76,0,106,106,182
05/07/2003,VLD,GA,ASO,ES,Federal Contract Tower,0,8,18,54,80,0,0,28,6,34,0,8,46,60,114,24,44,68,182
05/08/2003,VLD,GA,ASO,ES,Federal Contract Tower,2,6,20,46,74,0,0,30,1,31,2,6,50,47,105,10,118,128,233
05/09/2003,VLD,GA,ASO,ES,Federal Contract Tower,4,4,24,27,59,0,0,30,3,33,4,4,54,30,92,22,48,70,162
05/10/2003,VLD,GA,ASO,ES,Federal Contract Tower,4,2,14,0,20,0,0,89,0,89,4,2,103,0,109,66,0,66,175
05/11/2003,VLD,GA,ASO,ES,Federal Contract Tower,4,2,5,9,20,0,0,58,1,59,4,2,63,10,79,54,30,84,163
05/12/2003,VLD,GA,ASO,ES,Federal Contract Tower,4,4,10,23,41,0,0,34,11,45,4,4,44,34,86,26,30,56,142
05/13/2003,VLD,GA,ASO,ES,Federal Contract Tower,4,4,9,21,38,0,0,17,11,28,4,4,26,32,66,8,54,62,128
05/14/2003,VLD,GA,ASO,ES,Federal Contract Tower,4,5,39,46,94,0,0,19,0,19,4,5,58,46,113,16,40,56,169
05/15/2003,VLD,GA,ASO,ES,Federal Contract Tower,2,4,19,49,74,0,0,28,1,29,2,4,47,50,103,36,54,90,193
05/16/2003,VLD,GA,ASO,ES,Federal Contract Tower,2,6,7,17,32,0,0,46,3,49,2,6,53,20,81,12,52,64,145
05/17/2003,VLD,GA,ASO,ES,Federal Contract Tower,4,2,17,0,23,0,0,53,0,53,4,2,70,0,76,72,0,72,148
05/18/2003,VLD,GA,ASO,ES,Federal Contract Tower,2,4,7,1,14,0,0,63,1,64,2,4,70,2,78,0,36,36,114
05/19/2003,VLD,GA,ASO,ES,Federal Contract Tower,4,4,22,31,61,0,0,7,15,22,4,4,29,46,83,22,64,86,169
05/20/2003,VLD,GA,ASO,ES,Federal Contract Tower,4,4,12,65,85,0,0,13,5,18,4,4,25,70,103,36,78,114,217
05/21/2003,VLD,GA,ASO,ES,Federal Contract Tower,2,6,29,57,94,0,0,25,17,42,2,6,54,74,136,44,136,180,316
05/22/2003,VLD,GA,ASO,ES,Federal Contract Tower,2,6,12,29,49,0,0,2,5,7,2,6,14,34,56,0,64,64,120
05/23/2003,VLD,GA,ASO,ES,Federal Contract Tower,2,4,21,6,33,0,2,24,0,26,2,6,45,6,59,46,0,46,105
05/24/2003,VLD,GA,ASO,ES,Federal Contract Tower,2,2,12,0,16,0,0,49,1,50,2,2,61,1,66,48,24,72,138
05/25/2003,VLD,GA,ASO,ES,Federal Contract Tower,2,2,3,0,7,0,0,65,0,65,2,2,68,0,72,50,0,50,122
05/26/2003,VLD,GA,ASO,ES,Federal Contract Tower,2,2,18,5,27,0,0,14,4,18,2,2,32,9,45,10,30,40,85
05/27/2003,VLD,GA,ASO,ES,Federal Contract Tower,2,6,12,37,57,0,0,10,5,15,2,6,22,42,72,18,68,86,158
05/28/2003,VLD,GA,ASO,ES,Federal Contract Tower,4,4,28,18,54,0,0,40,10,50,4,4,68,28,104,4,92,96,200
05/29/2003,VLD,GA,ASO,ES,Federal Contract Tower,2,6,23,38,69,0,0,17,4,21,2,6,40,42,90,6,52,58,148
05/30/2003,VLD,GA,ASO,ES,Federal Contract Tower,2,6,20,14,42,0,0,38,6,44,2,6,58,20,86,60,48,108,194
05/31/2003,VLD,GA,ASO,ES,Federal Contract Tower,4,2,10,0,16,0,0,26,0,26,4,2,36,0,42,0,0,0,42
06/01/2003,VLD,GA,ASO,ES,Federal Contract Tower,4,2,17,29,52,0,0,48,1,49,4,2,65,30,101,6,46,52,153
06/02/2003,VLD,GA,ASO,ES,Federal Contract Tower,4,4,13,41,62,0,0,10,11,21,4,4,23,52,83,64,48,112,195
06/03/2003,VLD,GA,ASO,ES,Federal Contract Tower,4,4,19,13,40,0,0,52,3,55,4,4,71,16,95,10,34,44,139
06/04/2003,VLD,GA,ASO,ES,Federal Contract Tower,4,5,14,23,46,0,0,78,9,87,4,5,92,32,133,52,40,92,225
06/05/2003,VLD,GA,ASO,ES,Federal Contract Tower,4,5,28,35,72,0,0,37,2,39,4,5,65,37,111,22,28,50,161
06/06/2003,VLD,GA,ASO,ES,Federal Contract Tower,4,4,20,28,56,0,0,41,1,42,4,4,61,29,98,18,34,52,150
06/07/2003,VLD,GA,ASO,ES,Federal Contract Tower,2,4,7,0,13,0,0,62,4,66,2,4,69,4,79,26,30,56,135
06/08/2003,VLD,GA,ASO,ES,Federal Contract Tower,4,2,14,8,28,0,0,53,3,56,4,2,67,11,84,44,54,98,182
06/09/2003,VLD,GA,ASO,ES,Federal Contract Tower,4,4,9,42,59,0,0,27,6,33,4,4,36,48,92,6,68,74,166
06/10/2003,VLD,GA,ASO,ES,Federal Contract Tower,4,6,28,40,78,0,0,31,22,53,4,6,59,62,131,6,96,102,233
06/11/2003,VLD,GA,ASO,ES,Federal Contract Tower,4,8,31,42,85,0,0,13,12,25,4,8,44,54,110,20,48,68,178
06/12/2003,VLD,GA,ASO,ES,Federal Contract Tower,4,4,20,40,68,0,0,28,2,30,4,4,48,42,98,24,54,78,176
06/13/2003,VLD,GA,ASO,ES,Federal Contract Tower,2,5,13,6,26,0,0,64,4,68,2,5,77,10,94,42,50,92,186
06/14/2003,VLD,GA,ASO,ES,Federal Contract Tower,4,3,2,2,11,0,0,46,1,47,4,3,48,3,58,48,22,70,128
06/15/2003,VLD,GA,ASO,ES,Federal Contract Tower,4,2,8,4,18,0,0,62,0,62,4,2,70,4,80,30,22,52,132
06/16/2003,VLD,GA,ASO,ES,Federal Contract Tower,2,2,18,14,36,0,0,45,1,46,2,2,63,15,82,36,50,86,168
06/17/2003,VLD,GA,ASO,ES,Federal Contract Tower,2,4,17,34,57,0,0,10,4,14,2,4,27,38,71,30,42,72,143
06/18/2003,VLD,GA,ASO,ES,Federal Contract Tower,2,6,24,24,56,0,0,36,0,36,2,6,60,24,92,18,48,66,158
06/19/2003,VLD,GA,ASO,ES,Federal Contract Tower,4,4,26,36,70,0,0,36,3,39,4,4,62,39,109,18,85,103,212
06/20/2003,VLD,GA,ASO,ES,Federal Contract Tower,3,3,14,9,29,1,1,57,0,59,4,4,71,9,88,0,26,26,114
06/21/2003,VLD,GA,ASO,ES,Federal Contract Tower,2,2,13,0,17,2,0,46,0,48,4,2,59,0,65,64,0,64,129
06/22/2003,VLD,GA,ASO,ES,Federal Contract Tower,4,2,17,10,33,0,0,38,2,40,4,2,55,12,73,28,20,48,121
06/23/2003,VLD,GA,ASO,ES,Federal Contract Tower,4,8,18,30,60,0,0,42,12,54,4,8,60,42,114,48,56,104,218
06/24/2003,VLD,GA,ASO,ES,Federal Contract Tower,4,4,17,52,77,0,0,38,6,44,4,4,55,58,121,28,76,104,225
06/25/2003,VLD,GA,ASO,ES,Federal Contract Tower,4,4,27,30,65,0,0,38,4,42,4,4,65,34,107,18,42,60,167
06/26/2003,VLD,GA,ASO,ES,Federal Contract Tower,4,4,19,24,51,0,0,43,8,51,4,4,62,32,102,42,114,156,258
06/27/2003,VLD,GA,ASO,ES,Federal Contract Tower,4,4,12,20,40,0,0,25,7,32,4,4,37,27,72,44,54,98,170
06/28/2003,VLD,GA,ASO,ES,Federal Contract Tower,2,4,9,0,15,0,0,53,1,54,2,4,62,1,69,46,0,46,115
06/29/2003,VLD,GA,ASO,ES,Federal Contract Tower,4,2,9,8,23,0,0,23,1,24,4,2,32,9,47,14,18,32,79
06/30/2003,VLD,GA,ASO,ES,Federal Contract Tower,4,4,14,46,68,0,0,16,14,30,4,4,30,60,98,12,88,100,198
07/01/2003,VLD,GA,ASO,ES,Federal Contract Tower,4,4,15,48,71,0,0,7,6,13,4,4,22,54,84,30,50,80,164
07/02/2003,VLD,GA,ASO,ES,Federal Contract Tower,4,5,6,40,55,0,0,36,10,46,4,5,42,50,101,42,72,114,215
07/03/2003,VLD,GA,ASO,ES,Federal Contract Tower,4,4,20,10,38,0,0,31,0,31,4,4,51,10,69,22,18,40,109
07/04/2003,VLD,GA,ASO,ES,Federal Contract Tower,2,2,8,0,12,0,0,55,0,55,2,2,63,0,67,62,0,62,129
07/05/2003,VLD,GA,ASO,ES,Federal Contract Tower,4,2,6,0,12,0,0,54,0,54,4,2,60,0,66,92,0,92,158
07/06/2003,VLD,GA,ASO,ES,Federal Contract Tower,2,4,11,0,17,0,0,45,0,45,2,4,56,0,62,62,0,62,124
07/07/2003,VLD,GA,ASO,ES,Federal Contract Tower,2,6,7,24,39,0,0,34,16,50,2,6,41,40,89,38,86,124,213
07/08/2003,VLD,GA,ASO,ES,Federal Contract Tower,4,4,13,20,41,0,0,23,12,35,4,4,36,32,76,10,84,94,170
07/09/2003,VLD,GA,ASO,ES,Federal Contract Tower,4,4,8,26,42,0,0,25,12,37,4,4,33,38,79,18,40,58,137
07/10/2003,VLD,GA,ASO,ES,Federal Contract Tower,2,4,12,20,38,0,0,36,14,50,2,4,48,34,88,42,114,156,244
07/11/2003,VLD,GA,ASO,ES,Federal Contract Tower,4,4,10,20,38,0,0,46,14,60,4,4,56,34,98,42,88,130,228
07/12/2003,VLD,GA,ASO,ES,Federal Contract Tower,2,4,7,0,13,0,0,59,0,59,2,4,66,0,72,70,0,70,142
07/13/2003,VLD,GA,ASO,ES,Federal Contract Tower,2,4,4,4,14,0,0,47,4,51,2,4,51,8,65,46,34,80,145
07/14/2003,VLD,GA,ASO,ES,Federal Contract Tower,4,4,21,52,81,0,0,16,18,34,4,4,37,70,115,22,90,112,227
07/15/2003,VLD,GA,ASO,ES,Federal Contract Tower,4,4,18,43,69,0,0,20,17,37,4,4,38,60,106,40,84,124,230
07/16/2003,VLD,GA,ASO,ES,Federal Contract Tower,3,4,16,39,62,0,0,32,11,43,3,4,48,50,105,34,64,98,203
07/17/2003,VLD,GA,ASO,ES,Federal Contract Tower,4,4,22,10,40,0,0,29,12,41,4,4,51,22,81,47,50,97,178
07/18/2003,VLD,GA,ASO,ES,Federal Contract Tower,2,6,23,6,37,0,0,52,0,52,2,6,75,6,89,52,18,70,159
07/19/2003,VLD,GA,ASO,ES,Federal Contract Tower,2,2,15,0,19,0,0,67,0,67,2,2,82,0,86,92,0,92,178
07/20/2003,VLD,GA,ASO,ES,Federal Contract Tower,4,2,2,0,8,0,0,35,0,35,4,2,37,0,43,38,0,38,81
07/21/2003,VLD,GA,ASO,ES,Federal Contract Tower,4,4,16,44,68,0,0,13,12,25,4,4,29,56,93,14,40,54,147
07/22/2003,VLD,GA,ASO,ES,Federal Contract Tower,2,4,9,12,27,0,0,45,0,45,2,4,54,12,72,36,48,84,156
07/23/2003,VLD,GA,ASO,ES,Federal Contract Tower,4,4,16,24,48,0,0,65,0,65,4,4,81,24,113,48,48,96,209
07/24/2003,VLD,GA,ASO,ES,Federal Contract Tower,4,4,17,44,69,0,0,31,12,43,4,4,48,56,112,32,36,68,180
07/25/2003,VLD,GA,ASO,ES,Federal Contract Tower,4,4,12,8,28,0,0,35,8,43,4,4,47,16,71,46,26,72,143
07/26/2003,VLD,GA,ASO,ES,Federal Contract Tower,4,2,20,1,27,0,0,62,1,63,4,2,82,2,90,102,0,102,192
07/27/2003,VLD,GA,ASO,ES,Federal Contract Tower,4,2,21,6,33,0,0,82,10,92,4,2,103,16,125,54,44,98,223
07/28/2003,VLD,GA,ASO,ES,Federal Contract Tower,4,4,15,52,75,0,0,31,10,41,4,4,46,62,116,28,152,180,296
07/29/2003,VLD,GA,ASO,ES,Federal Contract Tower,4,4,13,25,46,0,0,52,15,67,4,4,65,40,113,54,40,94,207
07/30/2003,VLD,GA,ASO,ES,Federal Contract Tower,2,6,18,16,42,0,0,24,4,28,2,6,42,20,70,32,62,94,164
07/31/2003,VLD,GA,ASO,ES,Federal Contract Tower,2,4,29,16,51,0,0,37,10,47,2,4,66,26,98,58,32,90,188
08/01/2003,VLD,GA,ASO,ES,Federal Contract Tower,4,4,16,6,30,0,0,68,5,73,4,4,84,11,103,47,114,161,264
08/02/2003,VLD,GA,ASO,ES,Federal Contract Tower,4,2,21,0,27,0,0,69,1,70,4,2,90,1,97,62,0,62,159
08/03/2003,VLD,GA,ASO,ES,Federal Contract Tower,4,2,17,5,28,0,0,49,8,57,4,2,66,13,85,52,40,92,177
08/04/2003,VLD,GA,ASO,ES,Federal Contract Tower,4,4,12,13,33,0,0,59,13,72,4,4,71,26,105,66,26,92,197
08/05/2003,VLD,GA,ASO,ES,Federal Contract Tower,4,4,10,35,53,0,0,27,15,42,4,4,37,50,95,76,76,152,247
08/06/2003,VLD,GA,ASO,ES,Federal Contract Tower,2,4,18,19,43,0,0,76,19,95,2,4,94,38,138,48,86,134,272
08/07/2003,VLD,GA,ASO,ES,Federal Contract Tower,4,4,40,33,81,0,0,67,19,86,4,4,107,52,167,76,72,148,315
08/08/2003,VLD,GA,ASO,ES,Federal Contract Tower,2,6,12,37,57,0,0,29,18,47,2,6,41,55,104,78,98,176,280
08/09/2003,VLD,GA,ASO,ES,Federal Contract Tower,4,2,5,0,11,0,0,67,0,67,4,2,72,0,78,94,0,94,172
08/10/2003,VLD,GA,ASO,ES,Federal Contract Tower,4,2,13,0,19,0,0,77,0,77,4,2,90,0,96,80,0,80,176
08/11/2003,VLD,GA,ASO,ES,Federal Contract Tower,2,7,12,27,48,0,0,17,13,30,2,7,29,40,78,74,52,126,204
08/12/2003,VLD,GA,ASO,ES,Federal Contract Tower,4,4,16,68,92,0,0,13,10,23,4,4,29,78,115,34,56,90,205
08/13/2003,VLD,GA,ASO,ES,Federal Contract Tower,4,4,14,26,48,0,0,26,6,32,4,4,40,32,80,10,40,50,130
08/14/2003,VLD,GA,ASO,ES,Federal Contract Tower,4,4,11,22,41,0,0,38,14,52,4,4,49,36,93,56,78,134,227
08/15/2003,VLD,GA,ASO,ES,Federal Contract Tower,4,4,20,11,39,0,0,23,9,32,4,4,43,20,71,38,97,135,206
08/16/2003,VLD,GA,ASO,ES,Federal Contract Tower,2,4,12,1,19,0,0,64,0,64,2,4,76,1,83,64,0,64,147
08/17/2003,VLD,GA,ASO,ES,Federal Contract Tower,4,2,8,12,26,0,0,31,0,31,4,2,39,12,57,32,12,44,101
08/18/2003,VLD,GA,ASO,ES,Federal Contract Tower,4,4,14,16,38,0,0,32,14,46,4,4,46,30,84,52,50,102,186
08/19/2003,VLD,GA,ASO,ES,Federal Contract Tower,4,4,24,12,44,0,1,27,6,34,4,5,51,18,78,98,30,128,206
08/20/2003,VLD,GA,ASO,ES,Federal Contract Tower,4,2,15,28,49,0,0,27,12,39,4,2,42,40,88,48,24,72,160
08/21/2003,VLD,GA,ASO,ES,Federal Contract Tower,4,4,17,10,35,0,0,24,6,30,4,4,41,16,65,45,104,149,214
08/22/2003,VLD,GA,ASO,ES,Federal Contract Tower,4,4,18,10,36,0,0,31,4,35,4,4,49,14,71,62,20,82,153
08/23/2003,VLD,GA,ASO,ES,Federal Contract Tower,2,2,13,0,17,0,2,54,0,56,2,4,67,0,73,62,0,62,135
08/24/2003,VLD,GA,ASO,ES,Federal Contract Tower,4,2,15,4,25,0,0,44,0,44,4,2,59,4,69,34,28,62,131
08/25/2003,VLD,GA,ASO,ES,Federal Contract Tower,2,4,18,32,56,0,0,34,20,54,2,4,52,52,110,50,104,154,264
08/26/2003,VLD,GA,ASO,ES,Federal Contract Tower,4,4,10,50,68,0,0,46,14,60,4,4,56,64,128,78,74,152,280
08/27/2003,VLD,GA,ASO,ES,Federal Contract Tower,4,4,19,34,61,0,0,36,10,46,4,4,55,44,107,80,82,162,269
08/28/2003,VLD,GA,ASO,ES,Federal Contract Tower,2,4,23,40,69,0,0,30,9,39,2,4,53,49,108,64,61,125,233
08/29/2003,VLD,GA,ASO,ES,Federal Contract Tower,4,6,33,4,47,0,0,16,0,16,4,6,49,4,63,44,0,44,107
08/30/2003,VLD,GA,ASO,ES,Federal Contract Tower,2,2,8,8,20,0,0,18,0,18,2,2,26,8,38,18,0,18,56
08/31/2003,VLD,GA,ASO,ES,Federal Contract Tower,1,2,9,0,12,3,2,17,0,22,4,4,26,0,34,14,0,14,48
09/01/2003,VLD,GA,ASO,ES,Federal Contract Tower,4,2,16,0,22,0,0,20,0,20,4,2,36,0,42,50,0,50,92
09/02/2003,VLD,GA,ASO,ES,Federal Contract Tower,2,6,19,0,27,0,0,30,8,38,2,6,49,8,65,78,68,146,211
09/03/2003,VLD,GA,ASO,ES,Federal Contract Tower,4,4,23,0,31,0,2,34,16,52,4,6,57,16,83,86,42,128,211
09/04/2003,VLD,GA,ASO,ES,Federal Contract Tower,4,4,24,10,42,0,0,15,10,25,4,4,39,20,67,76,73,149,216
09/05/2003,VLD,GA,ASO,ES,Federal Contract Tower,4,4,15,38,61,0,0,22,8,30,4,4,37,46,91,64,102,166,257
09/06/2003,VLD,GA,ASO,ES,Federal Contract Tower,4,2,19,0,25,0,0,57,0,57,4,2,76,0,82,40,0,40,122
09/07/2003,VLD,GA,ASO,ES,Federal Contract Tower,4,2,12,8,26,0,0,44,0,44,4,2,56,8,70,70,10,80,150
09/08/2003,VLD,GA,ASO,ES,Federal Contract Tower,4,4,14,42,64,0,0,33,2,35,4,4,47,44,99,106,50,156,255
09/09/2003,VLD,GA,ASO,ES,Federal Contract Tower,4,4,15,22,45,0,0,49,16,65,4,4,64,38,110,48,78,126,236
09/10/2003,VLD,GA,ASO,ES,Federal Contract Tower,4,4,14,37,59,0,0,37,21,58,4,4,51,58,117,46,114,160,277
09/11/2003,VLD,GA,ASO,ES,Federal Contract Tower,4,6,11,18,39,0,0,33,4,37,4,6,44,22,76,57,19,76,152
09/12/2003,VLD,GA,ASO,ES,Federal Contract Tower,4,4,28,14,50,0,0,38,14,52,4,4,66,28,102,48,40,88,190
09/13/2003,VLD,GA,ASO,ES,Federal Contract Tower,4,2,20,0,26,0,0,27,0,27,4,2,47,0,53,36,0,36,89
09/14/2003,VLD,GA,ASO,ES,Federal Contract Tower,4,2,13,14,33,0,0,51,0,51,4,2,64,14,84,66,34,100,184
09/15/2003,VLD,GA,ASO,ES,Federal Contract Tower,4,4,16,29,53,0,0,34,13,47,4,4,50,42,100,92,58,150,250
09/16/2003,VLD,GA,ASO,ES,Federal Contract Tower,4,4,9,32,49,0,0,31,6,37,4,4,40,38,86,48,34,82,168
09/17/2003,VLD,GA,ASO,ES,Federal Contract Tower,4,4,11,12,31,0,0,38,10,48,4,4,49,22,79,36,18,54,133
09/18/2003,VLD,GA,ASO,ES,Federal Contract Tower,4,4,19,32,59,0,0,28,7,35,4,4,47,39,94,101,74,175,269
09/19/2003,VLD,GA,ASO,ES,Federal Contract Tower,4,6,16,22,48,0,0,44,8,52,4,6,60,30,100,121,12,133,233
09/20/2003,VLD,GA,ASO,ES,Federal Contract Tower,4,2,7,1,14,0,0,46,1,47,4,2,53,2,61,44,2,46,107
09/21/2003,VLD,GA,ASO,ES,Federal Contract Tower,4,4,13,4,25,0,0,27,2,29,4,4,40,6,54,42,22,64,118
09/22/2003,VLD,GA,ASO,ES,Federal Contract Tower,4,4,13,18,39,0,0,81,10,91,4,4,94,28,130,36,52,88,218
09/23/2003,VLD,GA,ASO,ES,Federal Contract Tower,4,4,22,48,78,0,0,19,8,27,4,4,41,56,105,26,30,56,161
09/24/2003,VLD,GA,ASO,ES,Federal Contract Tower,4,4,15,20,43,0,0,43,14,57,4,4,58,34,100,76,78,154,254
09/25/2003,VLD,GA,ASO,ES,Federal Contract Tower,4,4,19,35,62,0,0,24,3,27,4,4,43,38,89,135,0,135,224
09/26/2003,VLD,GA,ASO,ES,Federal Contract Tower,4,6,11,4,25,0,0,36,0,36,4,6,47,4,61,130,28,158,219
09/27/2003,VLD,GA,ASO,ES,Federal Contract Tower,6,2,19,0,27,0,0,29,0,29,6,2,48,0,56,72,0,72,128
09/28/2003,VLD,GA,ASO,ES,Federal Contract Tower,2,6,14,0,22,0,0,44,0,44,2,6,58,0,66,32,0,32,98
09/29/2003,VLD,GA,ASO,ES,Federal Contract Tower,4,4,8,4,20,0,0,22,2,24,4,4,30,6,44,8,18,26,70
09/30/2003,VLD,GA,ASO,ES,Federal Contract Tower,4,4,22,0,30,0,0,33,0,33,4,4,55,0,63,34,0,34,97
10/01/2003,VLD,GA,ASO,ES,Federal Contract Tower,4,4,22,28,58,0,0,28,16,44,4,4,50,44,102,50,82,132,234
10/02/2003,VLD,GA,ASO,ES,Federal Contract Tower,4,4,31,38,77,0,0,33,37,70,4,4,64,75,147,76,144,220,367
10/03/2003,VLD,GA,ASO,ES,Federal Contract Tower,4,4,21,26,55,0,0,38,12,50,4,4,59,38,105,24,34,58,163
10/04/2003,VLD,GA,ASO,ES,Federal Contract Tower,2,1,4,0,7,2,1,79,0,82,4,2,83,0,89,64,0,64,153
10/05/2003,VLD,GA,ASO,ES,Federal Contract Tower,2,1,5,2,10,2,1,45,0,48,4,2,50,2,58,52,20,72,130
10/06/2003,VLD,GA,ASO,ES,Federal Contract Tower,2,5,21,26,54,0,1,18,20,39,2,6,39,46,93,16,56,72,165
10/07/2003,VLD,GA,ASO,ES,Federal Contract Tower,4,6,25,36,71,0,0,0,12,12,4,6,25,48,83,0,52,52,135
10/08/2003,VLD,GA,ASO,ES,Federal Contract Tower,2,7,27,34,70,0,1,18,6,25,2,8,45,40,95,22,62,84,179
10/09/2003,VLD,GA,ASO,ES,Federal Contract Tower,4,4,27,34,69,0,0,29,12,41,4,4,56,46,110,85,22,107,217
10/10/2003,VLD,GA,ASO,ES,Federal Contract Tower,4,4,17,23,48,0,0,25,1,26,4,4,42,24,74,35,26,61,135
10/11/2003,VLD,GA,ASO,ES,Federal Contract Tower,2,2,8,0,12,2,0,33,0,35,4,2,41,0,47,0,0,0,47
10/12/2003,VLD,GA,ASO,ES,Federal Contract Tower,2,1,6,0,9,2,5,62,0,69,4,6,68,0,78,34,0,34,112
10/13/2003,VLD,GA,ASO,ES,Federal Contract Tower,3,2,12,2,19,1,3,63,0,67,4,5,75,2,86,92,0,92,178
10/14/2003,VLD,GA,ASO,ES,Federal Contract Tower,4,4,20,24,52,0,0,37,8,45,4,4,57,32,97,100,26,126,223
10/15/2003,VLD,GA,ASO,ES,Federal Contract Tower,4,4,20,23,51,0,0,49,14,63,4,4,69,37,114,62,96,158,272
10/16/2003,VLD,GA,ASO,ES,Federal Contract Tower,4,4,17,19,44,0,0,64,5,69,4,4,81,24,113,108,46,154,267
10/17/2003,VLD,GA,ASO,ES,Federal Contract Tower,3,3,12,2,20,3,1,57,0,61,6,4,69,2,81,54,12,66,147
10/18/2003,VLD,GA,ASO,ES,Federal Contract Tower,2,1,5,4,12,2,3,45,0,50,4,4,50,4,62,69,0,69,131
10/19/2003,VLD,GA,ASO,ES,Federal Contract Tower,1,2,7,4,14,3,0,46,0,49,4,2,53,4,63,57,14,71,134
10/20/2003,VLD,GA,ASO,ES,Federal Contract Tower,3,4,16,18,41,1,0,38,10,49,4,4,54,28,90,104,144,248,338
10/21/2003,VLD,GA,ASO,ES,Federal Contract Tower,3,4,16,18,41,1,0,32,20,53,4,4,48,38,94,74,114,188,282
10/22/2003,VLD,GA,ASO,ES,Federal Contract Tower,2,4,12,13,31,0,0,52,7,59,2,4,64,20,90,58,52,110,200
10/23/2003,VLD,GA,ASO,ES,Federal Contract Tower,4,4,24,28,60,0,0,37,13,50,4,4,61,41,110,97,30,127,237
10/24/2003,VLD,GA,ASO,ES,Federal Contract Tower,4,4,18,21,47,0,0,33,13,46,4,4,51,34,93,42,16,58,151
10/25/2003,VLD,GA,ASO,ES,Federal Contract Tower,1,2,6,2,11,3,0,43,0,46,4,2,49,2,57,68,0,68,125
10/26/2003,VLD,GA,ASO,ES,Federal Contract Tower,3,2,16,12,33,1,0,23,0,24,4,2,39,12,57,24,14,38,95
10/27/2003,VLD,GA,ASO,ES,Federal Contract Tower,2,4,18,31,55,0,0,0,19,19,2,4,18,50,74,0,12,12,86
10/28/2003,VLD,GA,ASO,ES,Federal Contract Tower,1,1,7,0,9,3,3,4,0,10,4,4,11,0,19,0,0,0,19
10/29/2003,VLD,GA,ASO,ES,Federal Contract Tower,4,5,19,23,51,0,1,42,19,62,4,6,61,42,113,58,50,108,221
10/30/2003,VLD,GA,ASO,ES,Federal Contract Tower,4,4,19,23,50,0,0,38,7,45,4,4,57,30,95,54,53,107,202
10/31/2003,VLD,GA,ASO,ES,Federal Contract Tower,2,2,9,10,23,2,2,38,0,42,4,4,47,10,65,87,26,113,178
11/01/2003,VLD,GA,ASO,ES,Federal Contract Tower,4,2,12,2,20,0,2,48,0,50,4,4,60,2,70,76,0,76,146
11/02/2003,VLD,GA,ASO,ES,Federal Contract Tower,2,1,7,0,10,2,1,73,0,76,4,2,80,0,86,118,0,118,204
11/03/2003,VLD,GA,ASO,ES,Federal Contract Tower,4,4,20,21,49,0,0,18,23,41,4,4,38,44,90,62,60,122,212
11/04/2003,VLD,GA,ASO,ES,Federal Contract Tower,4,4,22,23,53,0,0,14,11,25,4,4,36,34,78,84,6,90,168
11/05/2003,VLD,GA,ASO,ES,Federal Contract Tower,4,5,26,27,62,0,1,23,22,46,4,6,49,49,108,76,46,122,230
11/06/2003,VLD,GA,ASO,ES,Federal Contract Tower,4,3,18,18,43,0,1,51,6,58,4,4,69,24,101,124,48,172,273
11/07/2003,VLD,GA,ASO,ES,Federal Contract Tower,5,4,21,21,51,0,0,74,0,74,5,4,95,21,125,146,54,200,325
11/08/2003,VLD,GA,ASO,ES,Federal Contract Tower,3,1,7,3,14,3,1,58,0,62,6,2,65,3,76,130,0,130,206
11/09/2003,VLD,GA,ASO,ES,Federal Contract Tower,3,2,11,5,21,1,0,71,0,72,4,2,82,5,93,116,20,136,229
11/10/2003,VLD,GA,ASO,ES,Federal Contract Tower,4,4,20,20,48,0,0,52,18,70,4,4,72,38,118,120,64,184,302
11/11/2003,VLD,GA,ASO,ES,Federal Contract Tower,2,2,9,0,13,2,2,83,0,87,4,4,92,0,100,100,0,100,200
11/12/2003,VLD,GA,ASO,ES,Federal Contract Tower,4,4,27,27,62,0,0,39,17,56,4,4,66,44,118,22,132,154,272
11/13/2003,VLD,GA,ASO,ES,Federal Contract Tower,4,4,24,25,57,0,0,30,25,55,4,4,54,50,112,54,128,182,294
11/14/2003,VLD,GA,ASO,ES,Federal Contract Tower,4,4,21,21,50,0,0,59,26,85,4,4,80,47,135,76,94,170,305
11/15/2003,VLD,GA,ASO,ES,Federal Contract Tower,2,2,10,9,23,2,0,75,0,77,4,2,85,9,100,114,12,126,226
11/16/2003,VLD,GA,ASO,ES,Federal Contract Tower,2,2,12,10,26,2,0,74,1,77,4,2,86,11,103,64,22,86,189
11/17/2003,VLD,GA,ASO,ES,Federal Contract Tower,4,4,26,25,59,0,0,30,39,69,4,4,56,64,128,88,102,190,318
11/18/2003,VLD,GA,ASO,ES,Federal Contract Tower,3,4,16,15,38,1,0,25,29,55,4,4,41,44,93,18,162,180,273
11/19/2003,VLD,GA,ASO,ES,Federal Contract Tower,4,5,21,20,50,0,2,15,22,39,4,7,36,42,89,60,68,128,217
11/20/2003,VLD,GA,ASO,ES,Federal Contract Tower,4,4,23,22,53,0,0,49,28,77,4,4,72,50,130,65,62,127,257
11/21/2003,VLD,GA,ASO,ES,Federal Contract Tower,4,5,29,27,65,0,0,33,15,48,4,5,62,42,113,80,38,118,231
11/22/2003,VLD,GA,ASO,ES,Federal Contract Tower,1,2,6,4,13,3,2,33,0,38,4,4,39,4,51,80,8,88,139
11/23/2003,VLD,GA,ASO,ES,Federal Contract Tower,2,2,12,10,26,2,0,53,2,57,4,2,65,12,83,46,20,66,149
11/24/2003,VLD,GA,ASO,ES,Federal Contract Tower,4,4,24,25,57,0,0,0,17,17,4,4,24,42,74,2,14,16,90
11/25/2003,VLD,GA,ASO,ES,Federal Contract Tower,4,6,32,30,72,0,0,36,28,64,4,6,68,58,136,18,200,218,354
11/26/2003,VLD,GA,ASO,ES,Federal Contract Tower,4,4,18,17,43,0,0,42,13,55,4,4,60,30,98,38,124,162,260
11/27/2003,VLD,GA,ASO,ES,Federal Contract Tower,0,0,3,0,3,4,0,45,0,49,4,0,48,0,52,32,0,32,84
11/28/2003,VLD,GA,ASO,ES,Federal Contract Tower,1,1,8,0,10,3,1,30,0,34,4,2,38,0,44,30,0,30,74
11/29/2003,VLD,GA,ASO,ES,Federal Contract Tower,2,1,9,0,12,2,1,47,0,50,4,2,56,0,62,17,0,17,79
11/30/2003,VLD,GA,ASO,ES,Federal Contract Tower,2,1,8,0,11,2,1,40,0,43,4,2,48,0,54,0,0,0,54
12/01/2003,VLD,GA,ASO,ES,Federal Contract Tower,3,3,12,16,34,1,1,22,10,34,4,4,34,26,68,30,58,88,156
12/02/2003,VLD,GA,ASO,ES,Federal Contract Tower,4,4,21,27,56,0,0,26,11,37,4,4,47,38,93,30,42,72,165
12/03/2003,VLD,GA,ASO,ES,Federal Contract Tower,4,4,22,29,59,0,0,28,20,48,4,4,50,49,107,34,140,174,281
12/04/2003,VLD,GA,ASO,ES,Federal Contract Tower,0,6,28,35,69,0,0,14,37,51,0,6,42,72,120,44,112,156,276
12/05/2003,VLD,GA,ASO,ES,Federal Contract Tower,2,4,25,33,64,0,0,18,21,39,2,4,43,54,103,44,76,120,223
12/06/2003,VLD,GA,ASO,ES,Federal Contract Tower,3,2,12,16,33,1,0,41,11,53,4,2,53,27,86,58,68,126,212
12/07/2003,VLD,GA,ASO,ES,Federal Contract Tower,2,2,9,10,23,2,0,47,0,49,4,2,56,10,72,34,32,66,138
12/08/2003,VLD,GA,ASO,ES,Federal Contract Tower,4,4,21,27,56,0,0,24,24,48,4,4,45,51,104,14,64,78,182
12/09/2003,VLD,GA,ASO,ES,Federal Contract Tower,4,4,17,22,47,0,0,14,36,50,4,4,31,58,97,6,120,126,223
12/10/2003,VLD,GA,ASO,ES,Federal Contract Tower,2,4,17,28,51,0,0,0,10,10,2,4,17,38,61,0,2,2,63
12/11/2003,VLD,GA,ASO,ES,Federal Contract Tower,4,4,23,29,60,0,0,42,17,59,4,4,65,46,119,44,98,142,261
12/12/2003,VLD,GA,ASO,ES,Federal Contract Tower,4,4,19,24,51,0,0,24,25,49,4,4,43,49,100,12,133,145,245
12/13/2003,VLD,GA,ASO,ES,Federal Contract Tower,3,2,13,7,25,1,0,63,0,64,4,2,76,7,89,40,8,48,137
12/14/2003,VLD,GA,ASO,ES,Federal Contract Tower,4,2,17,20,43,0,0,15,3,18,4,2,32,23,61,0,0,0,61
12/15/2003,VLD,GA,ASO,ES,Federal Contract Tower,4,4,19,24,51,0,0,11,24,35,4,4,30,48,86,20,52,72,158
12/16/2003,VLD,GA,ASO,ES,Federal Contract Tower,3,2,14,16,35,1,2,10,4,17,4,4,24,20,52,0,76,76,128
12/17/2003,VLD,GA,ASO,ES,Federal Contract Tower,4,4,17,25,50,0,0,0,23,23,4,4,17,48,73,0,74,74,147
12/18/2003,VLD,GA,ASO,ES,Federal Contract Tower,2,6,27,32,67,0,0,24,24,48,2,6,51,56,115,0,102,102,217
12/19/2003,VLD,GA,ASO,ES,Federal Contract Tower,3,4,14,12,33,1,2,44,0,47,4,6,58,12,80,14,118,132,212
12/20/2003,VLD,GA,ASO,ES,Federal Contract Tower,1,2,7,0,10,3,0,43,0,46,4,2,50,0,56,22,0,22,78
12/21/2003,VLD,GA,ASO,ES,Federal Contract Tower,1,2,7,0,10,3,0,30,0,33,4,2,37,0,43,40,0,40,83
12/22/2003,VLD,GA,ASO,ES,Federal Contract Tower,2,3,12,4,21,2,3,32,0,37,4,6,44,4,58,12,0,12,70
12/23/2003,VLD,GA,ASO,ES,Federal Contract Tower,3,4,19,2,28,1,0,48,0,49,4,4,67,2,77,0,0,0,77
12/24/2003,VLD,GA,ASO,ES,Federal Contract Tower,1,3,10,0,14,3,1,13,0,17,4,4,23,0,31,0,0,0,31
12/25/2003,VLD,GA,ASO,ES,Federal Contract Tower,0,2,18,0,20,0,0,33,0,33,0,2,51,0,53,24,0,24,77
12/26/2003,VLD,GA,ASO,ES,Federal Contract Tower,2,3,14,0,19,2,1,87,0,90,4,4,101,0,109,32,0,32,141
12/27/2003,VLD,GA,ASO,ES,Federal Contract Tower,2,2,11,0,15,0,0,49,0,49,2,2,60,0,64,80,0,80,144
12/28/2003,VLD,GA,ASO,ES,Federal Contract Tower,1,1,10,0,12,3,1,42,0,46,4,2,52,0,58,12,0,12,70
12/29/2003,VLD,GA,ASO,ES,Federal Contract Tower,4,4,23,29,60,0,0,48,9,57,4,4,71,38,117,32,58,90,207
12/30/2003,VLD,GA,ASO,ES,Federal Contract Tower,4,4,23,28,59,0,0,35,8,43,4,4,58,36,102,42,30,72,174
12/31/2003,VLD,GA,ASO,ES,Federal Contract Tower,2,3,14,0,19,2,1,25,0,28,4,4,39,0,47,10,0,10,57
01/01/2004,VLD,GA,ASO,ES,Federal Contract Tower,2,0,6,2,10,2,0,75,0,77,4,0,81,2,87,40,0,40,127
01/02/2004,VLD,GA,ASO,ES,Federal Contract Tower,2,2,10,0,14,2,0,54,0,56,4,2,64,0,70,72,0,72,142
01/03/2004,VLD,GA,ASO,ES,Federal Contract Tower,4,4,35,36,79,0,0,46,0,46,4,4,81,36,125,42,64,106,231
01/04/2004,VLD,GA,ASO,ES,Federal Contract Tower,3,2,14,0,19,1,0,43,0,44,4,2,57,0,63,22,0,22,85
01/05/2004,VLD,GA,ASO,ES,Federal Contract Tower,4,3,17,22,46,0,1,50,16,67,4,4,67,38,113,24,68,92,205
01/06/2004,VLD,GA,ASO,ES,Federal Contract Tower,3,2,12,15,32,1,2,45,28,76,4,4,57,43,108,36,104,140,248
01/07/2004,VLD,GA,ASO,ES,Federal Contract Tower,4,3,17,21,45,0,2,61,13,76,4,5,78,34,121,47,70,117,238
01/08/2004,VLD,GA,ASO,ES,Federal Contract Tower,4,5,24,30,63,0,0,49,6,55,4,5,73,36,118,32,82,114,232
01/09/2004,VLD,GA,ASO,ES,Federal Contract Tower,4,4,18,24,50,0,0,6,8,14,4,4,24,32,64,0,98,98,162
01/10/2004,VLD,GA,ASO,ES,Federal Contract Tower,3,2,12,0,17,1,1,62,0,64,4,3,74,0,81,70,0,70,151
01/11/2004,VLD,GA,ASO,ES,Federal Contract Tower,4,3,22,26,55,0,0,49,6,55,4,3,71,32,110,20,42,62,172
01/12/2004,VLD,GA,ASO,ES,Federal Contract Tower,4,4,20,23,51,0,3,18,13,34,4,7,38,36,85,30,86,116,201
01/13/2004,VLD,GA,ASO,ES,Federal Contract Tower,2,4,23,26,55,0,3,13,22,38,2,7,36,48,93,0,114,114,207
01/14/2004,VLD,GA,ASO,ES,Federal Contract Tower,4,5,25,28,62,0,0,23,12,35,4,5,48,40,97,32,102,134,231
01/15/2004,VLD,GA,ASO,ES,Federal Contract Tower,4,7,36,41,88,0,0,23,11,34,4,7,59,52,122,26,122,148,270
01/16/2004,VLD,GA,ASO,ES,Federal Contract Tower,3,5,20,23,51,1,0,27,1,29,4,5,47,24,80,28,30,58,138
01/17/2004,VLD,GA,ASO,ES,Federal Contract Tower,2,3,13,1,19,2,0,33,0,35,4,3,46,1,54,26,2,28,82
01/18/2004,VLD,GA,ASO,ES,Federal Contract Tower,2,3,11,9,25,0,2,16,0,18,2,5,27,9,43,0,12,12,55
01/19/2004,VLD,GA,ASO,ES,Federal Contract Tower,1,2,8,0,11,3,1,13,0,17,4,3,21,0,28,40,0,40,68
01/20/2004,VLD,GA,ASO,ES,Federal Contract Tower,3,5,22,25,55,1,0,20,17,38,4,5,42,42,93,24,56,80,173
01/21/2004,VLD,GA,ASO,ES,Federal Contract Tower,3,4,18,20,45,1,1,10,12,24,4,5,28,32,69,0,47,47,116
01/22/2004,VLD,GA,ASO,ES,Federal Contract Tower,4,5,42,49,100,0,0,7,35,42,4,5,49,84,142,34,138,172,314
01/23/2004,VLD,GA,ASO,ES,Federal Contract Tower,4,7,28,34,73,0,0,30,4,34,4,7,58,38,107,22,82,104,211
01/24/2004,VLD,GA,ASO,ES,Federal Contract Tower,3,3,16,0,22,1,0,55,0,56,4,3,71,0,78,44,0,44,122
01/25/2004,VLD,GA,ASO,ES,Federal Contract Tower,2,3,22,25,52,0,0,26,17,43,2,3,48,42,95,16,46,62,157
01/26/2004,VLD,GA,ASO,ES,Federal Contract Tower,3,4,15,26,48,1,1,0,6,8,4,5,15,32,56,0,0,0,56
01/27/2004,VLD,GA,ASO,ES,Federal Contract Tower,4,5,38,45,92,0,0,7,25,32,4,5,45,70,124,12,60,72,196
01/28/2004,VLD,GA,ASO,ES,Federal Contract Tower,4,5,27,33,69,0,0,24,3,27,4,5,51,36,96,36,92,128,224
01/29/2004,VLD,GA,ASO,ES,Federal Contract Tower,4,5,28,33,70,0,0,44,3,47,4,5,72,36,117,44,54,98,215
01/30/2004,VLD,GA,ASO,ES,Federal Contract Tower,3,5,21,25,54,1,0,20,33,54,4,5,41,58,108,26,166,192,300
01/31/2004,VLD,GA,ASO,ES,Federal Contract Tower,2,2,12,9,25,2,1,12,0,15,4,3,24,9,40,0,0,0,40
02/01/2004,VLD,GA,ASO,ES,Federal Contract Tower,4,3,21,26,54,0,0,25,11,36,4,3,46,37,90,30,50,80,170
02/02/2004,VLD,GA,ASO,ES,Federal Contract Tower,4,5,57,68,134,0,0,2,14,16,4,5,59,82,150,0,0,0,150
02/03/2004,VLD,GA,ASO,ES,Federal Contract Tower,4,5,35,43,87,0,0,5,29,34,4,5,40,72,121,28,76,104,225
02/04/2004,VLD,GA,ASO,ES,Federal Contract Tower,4,5,19,24,52,0,0,60,12,72,4,5,79,36,124,43,75,118,242
02/05/2004,VLD,GA,ASO,ES,Federal Contract Tower,4,5,23,29,61,0,0,55,22,77,4,5,78,51,138,34,136,170,308
02/06/2004,VLD,GA,ASO,ES,Federal Contract Tower,3,3,13,11,30,1,3,51,0,55,4,6,64,11,85,28,62,90,175
02/07/2004,VLD,GA,ASO,ES,Federal Contract Tower,3,3,13,6,25,1,1,68,0,70,4,4,81,6,95,62,12,74,169
02/08/2004,VLD,GA,ASO,ES,Federal Contract Tower,3,4,15,8,30,1,0,54,0,55,4,4,69,8,85,59,47,106,191
02/09/2004,VLD,GA,ASO,ES,Federal Contract Tower,4,4,18,23,49,0,2,47,12,61,4,6,65,35,110,50,78,128,238
02/10/2004,VLD,GA,ASO,ES,Federal Contract Tower,4,8,37,44,93,0,0,20,24,44,4,8,57,68,137,41,134,175,312
02/11/2004,VLD,GA,ASO,ES,Federal Contract Tower,2,8,36,44,90,0,0,43,16,59,2,8,79,60,149,0,84,84,233
02/12/2004,VLD,GA,ASO,ES,Federal Contract Tower,3,3,13,2,21,1,0,13,0,14,4,3,26,2,35,0,0,0,35
02/13/2004,VLD,GA,ASO,ES,Federal Contract Tower,4,5,38,43,90,0,0,0,7,7,4,5,38,50,97,0,0,0,97
02/14/2004,VLD,GA,ASO,ES,Federal Contract Tower,1,1,6,0,8,3,2,55,0,60,4,3,61,0,68,68,0,68,136
02/15/2004,VLD,GA,ASO,ES,Federal Contract Tower,2,2,10,6,20,2,1,59,0,62,4,3,69,6,82,40,36,76,158
02/16/2004,VLD,GA,ASO,ES,Federal Contract Tower,3,2,12,0,17,1,1,64,0,66,4,3,76,0,83,68,58,126,209
02/17/2004,VLD,GA,ASO,ES,Federal Contract Tower,4,5,26,30,65,0,0,45,14,59,4,5,71,44,124,38,114,152,276
02/18/2004,VLD,GA,ASO,ES,Federal Contract Tower,4,5,23,27,59,0,0,28,5,33,4,5,51,32,92,12,30,42,134
02/19/2004,VLD,GA,ASO,ES,Federal Contract Tower,4,5,27,31,67,0,0,47,11,58,4,5,74,42,125,70,84,154,279
02/20/2004,VLD,GA,ASO,ES,Federal Contract Tower,3,5,22,25,55,1,0,77,5,83,4,5,99,30,138,48,144,192,330
02/21/2004,VLD,GA,ASO,ES,Federal Contract Tower,1,3,10,4,18,3,0,70,0,73,4,3,80,4,91,114,24,138,229
02/22/2004,VLD,GA,ASO,ES,Federal Contract Tower,2,4,13,4,23,2,1,63,0,66,4,5,76,4,89,84,37,121,210
02/23/2004,VLD,GA,ASO,ES,Federal Contract Tower,4,6,25,26,61,0,1,14,0,15,4,7,39,26,76,84,104,188,264
02/24/2004,VLD,GA,ASO,ES,Federal Contract Tower,1,4,10,4,19,3,1,28,0,32,4,5,38,4,51,46,42,88,139
02/25/2004,VLD,GA,ASO,ES,Federal Contract Tower,2,5,16,12,35,2,0,21,0,23,4,5,37,12,58,58,20,78,136
02/26/2004,VLD,GA,ASO,ES,Federal Contract Tower,4,8,32,37,81,0,2,17,9,28,4,10,49,46,109,30,42,72,181
02/27/2004,VLD,GA,ASO,ES,Federal Contract Tower,3,5,22,26,56,1,6,42,2,51,4,11,64,28,107,34,48,82,189
02/28/2004,VLD,GA,ASO,ES,Federal Contract Tower,1,3,11,6,21,3,1,74,0,78,4,4,85,6,99,50,30,80,179
02/29/2004,VLD,GA,ASO,ES,Federal Contract Tower,2,2,12,14,30,2,2,26,2,32,4,4,38,16,62,6,8,14,76
03/01/2004,VLD,GA,ASO,ES,Federal Contract Tower,4,3,15,15,37,0,2,43,11,56,4,5,58,26,93,36,78,114,207
03/02/2004,VLD,GA,ASO,ES,Federal Contract Tower,4,5,22,20,51,0,0,57,4,61,4,5,79,24,112,56,62,118,230
03/03/2004,VLD,GA,ASO,ES,Federal Contract Tower,4,5,22,20,51,0,0,58,2,60,4,5,80,22,111,30,78,108,219
03/04/2004,VLD,GA,ASO,ES,Federal Contract Tower,2,5,18,17,42,0,2,68,5,75,2,7,86,22,117,53,87,140,257
03/05/2004,VLD,GA,ASO,ES,Federal Contract Tower,4,5,33,30,72,0,0,24,15,39,4,5,57,45,111,52,58,110,221
03/06/2004,VLD,GA,ASO,ES,Federal Contract Tower,2,2,7,3,14,2,1,51,0,54,4,3,58,3,68,48,14,62,130
03/07/2004,VLD,GA,ASO,ES,Federal Contract Tower,3,3,12,9,27,1,0,25,0,26,4,3,37,9,53,32,8,40,93
03/08/2004,VLD,GA,ASO,ES,Federal Contract Tower,3,3,12,12,30,1,2,61,17,81,4,5,73,29,111,62,86,148,259
03/09/2004,VLD,GA,ASO,ES,Federal Contract Tower,4,5,27,25,61,0,0,10,14,24,4,5,37,39,85,40,49,89,174
03/10/2004,VLD,GA,ASO,ES,Federal Contract Tower,4,4,18,17,43,0,3,51,15,69,4,7,69,32,112,76,75,151,263
03/11/2004,VLD,GA,ASO,ES,Federal Contract Tower,4,5,22,21,52,0,0,18,12,30,4,5,40,33,82,51,76,127,209
03/12/2004,VLD,GA,ASO,ES,Federal Contract Tower,2,7,28,26,63,0,0,53,13,66,2,7,81,39,129,54,94,148,277
03/13/2004,VLD,GA,ASO,ES,Federal Contract Tower,4,4,18,10,36,0,0,60,0,60,4,4,78,10,96,36,12,48,144
03/14/2004,VLD,GA,ASO,ES,Federal Contract Tower,3,3,13,6,25,1,2,28,0,31,4,5,41,6,56,18,4,22,78
03/15/2004,VLD,GA,ASO,ES,Federal Contract Tower,3,5,16,14,38,1,0,63,2,66,4,5,79,16,104,64,67,131,235
03/16/2004,VLD,GA,ASO,ES,Federal Contract Tower,4,5,25,23,57,0,0,54,9,63,4,5,79,32,120,65,72,137,257
03/17/2004,VLD,GA,ASO,ES,Federal Contract Tower,4,5,28,24,61,0,0,70,10,80,4,5,98,34,141,22,76,98,239
03/18/2004,VLD,GA,ASO,ES,Federal Contract Tower,3,5,18,15,41,1,0,52,15,68,4,5,70,30,109,26,50,76,185
03/19/2004,VLD,GA,ASO,ES,Federal Contract Tower,3,5,18,16,42,1,0,38,4,43,4,5,56,20,85,16,42,58,143
03/20/2004,VLD,GA,ASO,ES,Federal Contract Tower,1,3,10,2,16,3,0,42,0,45,4,3,52,2,61,54,0,54,115
03/21/2004,VLD,GA,ASO,ES,Federal Contract Tower,1,3,8,0,12,3,0,49,0,52,4,3,57,0,64,44,32,76,140
03/22/2004,VLD,GA,ASO,ES,Federal Contract Tower,3,5,18,15,41,1,0,50,13,64,4,5,68,28,105,50,52,102,207
03/23/2004,VLD,GA,ASO,ES,Federal Contract Tower,4,6,23,20,53,0,0,47,11,58,4,6,70,31,111,48,42,90,201
03/24/2004,VLD,GA,ASO,ES,Federal Contract Tower,3,5,20,10,38,1,0,37,0,38,4,5,57,10,76,16,64,80,156
03/25/2004,VLD,GA,ASO,ES,Federal Contract Tower,4,5,24,21,54,0,0,38,13,51,4,5,62,34,105,30,46,76,181
03/26/2004,VLD,GA,ASO,ES,Federal Contract Tower,3,5,19,8,35,1,0,51,0,52,4,5,70,8,87,44,16,60,147
03/27/2004,VLD,GA,ASO,ES,Federal Contract Tower,3,4,18,0,25,1,13,52,0,66,4,17,70,0,91,56,0,56,147
03/28/2004,VLD,GA,ASO,ES,Federal Contract Tower,2,5,23,20,50,0,1,28,0,29,2,6,51,20,79,28,6,34,113
03/29/2004,VLD,GA,ASO,ES,Federal Contract Tower,4,5,23,21,53,0,0,3,26,29,4,5,26,47,82,16,86,102,184
03/30/2004,VLD,GA,ASO,ES,Federal Contract Tower,4,6,27,25,62,0,1,15,6,22,4,7,42,31,84,6,83,89,173
03/31/2004,VLD,GA,ASO,ES,Federal Contract Tower,4,5,22,19,50,0,1,25,1,27,4,6,47,20,77,0,46,46,123
04/01/2004,VLD,GA,ASO,ES,Federal Contract Tower,4,7,30,42,83,0,0,67,20,87,4,7,97,62,170,90,89,179,349
04/02/2004,VLD,GA,ASO,ES,Federal Contract Tower,3,3,13,19,38,1,4,72,3,80,4,7,85,22,118,92,94,186,304
04/03/2004,VLD,GA,ASO,ES,Federal Contract Tower,2,2,6,0,10,2,1,75,0,78,4,3,81,0,88,104,0,104,192
04/04/2004,VLD,GA,ASO,ES,Federal Contract Tower,1,1,4,0,6,3,2,126,0,131,4,3,130,0,137,179,0,179,316
04/05/2004,VLD,GA,ASO,ES,Federal Contract Tower,4,6,26,32,68,0,0,40,0,40,4,6,66,32,108,166,84,250,358
04/06/2004,VLD,GA,ASO,ES,Federal Contract Tower,4,5,26,37,72,0,0,43,21,64,4,5,69,58,136,84,118,202,338
04/07/2004,VLD,GA,ASO,ES,Federal Contract Tower,4,6,26,38,74,0,0,60,2,62,4,6,86,40,136,74,86,160,296
04/08/2004,VLD,GA,ASO,ES,Federal Contract Tower,4,5,17,22,48,0,1,92,0,93,4,6,109,22,141,42,86,128,269
04/09/2004,VLD,GA,ASO,ES,Federal Contract Tower,4,5,22,31,62,0,0,82,6,88,4,5,104,37,150,66,99,165,315
04/10/2004,VLD,GA,ASO,ES,Federal Contract Tower,4,3,13,21,41,0,0,98,4,102,4,3,111,25,143,80,55,135,278
04/11/2004,VLD,GA,ASO,ES,Federal Contract Tower,3,3,10,15,31,1,0,76,1,78,4,3,86,16,109,52,30,82,191
04/12/2004,VLD,GA,ASO,ES,Federal Contract Tower,4,8,31,44,87,0,0,22,31,53,4,8,53,75,140,40,166,206,346
04/13/2004,VLD,GA,ASO,ES,Federal Contract Tower,4,5,18,25,52,0,2,69,7,78,4,7,87,32,130,40,89,129,259
04/14/2004,VLD,GA,ASO,ES,Federal Contract Tower,2,6,22,30,60,0,3,85,10,98,2,9,107,40,158,24,34,58,216
04/15/2004,VLD,GA,ASO,ES,Federal Contract Tower,4,5,25,34,68,0,0,33,14,47,4,5,58,48,115,8,58,66,181
04/16/2004,VLD,GA,ASO,ES,Federal Contract Tower,2,3,9,11,25,2,2,111,4,119,4,5,120,15,144,62,40,102,246
04/17/2004,VLD,GA,ASO,ES,Federal Contract Tower,2,1,5,0,8,2,2,67,0,71,4,3,72,0,79,50,0,50,129
04/18/2004,VLD,GA,ASO,ES,Federal Contract Tower,4,3,18,0,25,0,0,56,0,56,4,3,74,0,81,76,0,76,157
04/19/2004,VLD,GA,ASO,ES,Federal Contract Tower,4,5,18,23,50,0,0,37,5,42,4,5,55,28,92,28,40,68,160
04/20/2004,VLD,GA,ASO,ES,Federal Contract Tower,4,5,22,30,61,0,0,23,11,34,4,5,45,41,95,16,113,129,224
04/21/2004,VLD,GA,ASO,ES,Federal Contract Tower,3,6,17,23,49,1,3,23,1,28,4,9,40,24,77,0,102,102,179
04/22/2004,VLD,GA,ASO,ES,Federal Contract Tower,3,5,17,22,47,1,0,26,2,29,4,5,43,24,76,19,118,137,213
04/23/2004,VLD,GA,ASO,ES,Federal Contract Tower,3,5,18,20,46,1,0,41,0,42,4,5,59,20,88,18,94,112,200
04/24/2004,VLD,GA,ASO,ES,Federal Contract Tower,2,3,11,0,16,2,0,59,0,61,4,3,70,0,77,34,0,34,111
04/25/2004,VLD,GA,ASO,ES,Federal Contract Tower,1,2,7,0,10,3,1,68,0,72,4,3,75,0,82,90,0,90,172
04/26/2004,VLD,GA,ASO,ES,Federal Contract Tower,4,5,27,37,73,0,0,3,26,29,4,5,30,63,102,26,84,110,212
04/27/2004,VLD,GA,ASO,ES,Federal Contract Tower,4,5,21,29,59,0,0,14,9,23,4,5,35,38,82,10,42,52,134
04/28/2004,VLD,GA,ASO,ES,Federal Contract Tower,4,5,20,26,55,0,0,24,8,32,4,5,44,34,87,10,64,74,161
04/29/2004,VLD,GA,ASO,ES,Federal Contract Tower,3,6,17,10,36,1,3,31,0,35,4,9,48,10,71,0,8,8,79
04/30/2004,VLD,GA,ASO,ES,Federal Contract Tower,4,5,14,30,53,0,0,0,16,16,4,5,14,46,69,0,12,12,81
05/01/2004,VLD,GA,ASO,ES,Federal Contract Tower,1,2,3,0,6,3,1,61,0,65,4,3,64,0,71,74,0,74,145
05/02/2004,VLD,GA,ASO,ES,Federal Contract Tower,2,1,6,0,9,2,2,78,0,82,4,3,84,0,91,84,0,84,175
05/03/2004,VLD,GA,ASO,ES,Federal Contract Tower,4,5,16,24,49,0,0,79,18,97,4,5,95,42,146,48,124,172,318
05/04/2004,VLD,GA,ASO,ES,Federal Contract Tower,4,5,18,26,53,0,0,75,0,75,4,5,93,26,128,113,78,191,319
05/05/2004,VLD,GA,ASO,ES,Federal Contract Tower,4,7,30,46,87,0,0,44,18,62,4,7,74,64,149,44,42,86,235
05/06/2004,VLD,GA,ASO,ES,Federal Contract Tower,4,6,20,31,61,0,2,47,32,81,4,8,67,63,142,54,142,196,338
05/07/2004,VLD,GA,ASO,ES,Federal Contract Tower,4,7,23,34,68,0,1,49,8,58,4,8,72,42,126,30,76,106,232
05/08/2004,VLD,GA,ASO,ES,Federal Contract Tower,2,2,5,0,9,2,2,56,0,60,4,4,61,0,69,78,0,78,147
05/09/2004,VLD,GA,ASO,ES,Federal Contract Tower,3,2,8,7,20,1,1,74,0,76,4,3,82,7,96,62,34,96,192
05/10/2004,VLD,GA,ASO,ES,Federal Contract Tower,4,5,21,30,60,0,0,13,26,39,4,5,34,56,99,6,173,179,278
05/11/2004,VLD,GA,ASO,ES,Federal Contract Tower,4,4,15,21,44,0,1,19,7,27,4,5,34,28,71,22,60,82,153
05/12/2004,VLD,GA,ASO,ES,Federal Contract Tower,4,4,28,39,75,0,0,5,23,28,4,4,33,62,103,10,46,56,159
05/13/2004,VLD,GA,ASO,ES,Federal Contract Tower,2,4,27,38,71,0,0,23,12,35,2,4,50,50,106,26,100,126,232
05/14/2004,VLD,GA,ASO,ES,Federal Contract Tower,2,5,19,26,52,0,2,43,1,46,2,7,62,27,98,46,81,127,225
05/15/2004,VLD,GA,ASO,ES,Federal Contract Tower,2,2,7,0,11,2,1,42,0,45,4,3,49,0,56,64,0,64,120
05/16/2004,VLD,GA,ASO,ES,Federal Contract Tower,4,3,13,18,38,0,0,40,20,60,4,3,53,38,98,36,50,86,184
05/17/2004,VLD,GA,ASO,ES,Federal Contract Tower,4,4,19,27,54,0,0,20,8,28,4,4,39,35,82,36,46,82,164
05/18/2004,VLD,GA,ASO,ES,Federal Contract Tower,4,10,29,41,84,0,4,18,19,41,4,14,47,60,125,0,94,94,219
05/19/2004,VLD,GA,ASO,ES,Federal Contract Tower,2,5,12,16,35,2,0,27,0,29,4,5,39,16,64,8,28,36,100
05/20/2004,VLD,GA,ASO,ES,Federal Contract Tower,4,7,24,33,68,0,0,28,29,57,4,7,52,62,125,45,162,207,332
05/21/2004,VLD,GA,ASO,ES,Federal Contract Tower,4,5,25,26,60,0,0,38,0,38,4,5,63,26,98,2,24,26,124
05/22/2004,VLD,GA,ASO,ES,Federal Contract Tower,1,2,5,0,8,3,1,24,0,28,4,3,29,0,36,0,0,0,36
05/23/2004,VLD,GA,ASO,ES,Federal Contract Tower,1,3,7,9,20,3,2,10,1,16,4,5,17,10,36,0,2,2,38
05/24/2004,VLD,GA,ASO,ES,Federal Contract Tower,4,6,22,31,63,0,1,13,11,25,4,7,35,42,88,0,52,52,140
05/25/2004,VLD,GA,ASO,ES,Federal Contract Tower,4,5,24,35,68,0,0,20,19,39,4,5,44,54,107,10,86,96,203
05/26/2004,VLD,GA,ASO,ES,Federal Contract Tower,3,5,16,24,48,1,2,46,0,49,4,7,62,24,97,14,30,44,141
05/27/2004,VLD,GA,ASO,ES,Federal Contract Tower,4,5,21,31,61,0,0,34,1,35,4,5,55,32,96,0,75,75,171
05/28/2004,VLD,GA,ASO,ES,Federal Contract Tower,3,4,13,0,20,1,1,35,0,37,4,5,48,0,57,2,0,2,59
05/29/2004,VLD,GA,ASO,ES,Federal Contract Tower,1,2,8,4,15,3,1,14,0,18,4,3,22,4,33,15,0,15,48
05/30/2004,VLD,GA,ASO,ES,Federal Contract Tower,0,2,4,0,6,4,1,10,0,15,4,3,14,0,21,8,0,8,29
05/31/2004,VLD,GA,ASO,ES,Federal Contract Tower,1,3,8,0,12,3,0,16,0,19,4,3,24,0,31,6,0,6,37
06/01/2004,VLD,GA,ASO,ES,Federal Contract Tower,4,5,19,33,61,0,0,54,8,62,4,5,73,41,123,51,72,123,246
06/02/2004,VLD,GA,ASO,ES,Federal Contract Tower,4,5,15,26,50,0,0,17,7,24,4,5,32,33,74,16,122,138,212
06/03/2004,VLD,GA,ASO,ES,Federal Contract Tower,4,5,26,43,78,0,0,25,16,41,4,5,51,59,119,12,102,114,233
06/04/2004,VLD,GA,ASO,ES,Federal Contract Tower,4,5,18,30,57,0,0,23,5,28,4,5,41,35,85,52,82,134,219
06/05/2004,VLD,GA,ASO,ES,Federal Contract Tower,2,3,7,4,16,4,0,10,0,14,6,3,17,4,30,14,23,37,67
06/06/2004,VLD,GA,ASO,ES,Federal Contract Tower,3,3,11,18,35,1,0,13,3,17,4,3,24,21,52,8,12,20,72
06/07/2004,VLD,GA,ASO,ES,Federal Contract Tower,2,5,19,32,58,0,0,23,5,28,2,5,42,37,86,14,58,72,158
06/08/2004,VLD,GA,ASO,ES,Federal Contract Tower,4,5,27,44,80,0,0,26,19,45,4,5,53,63,125,24,56,80,205
06/09/2004,VLD,GA,ASO,ES,Federal Contract Tower,4,6,19,28,57,0,0,39,0,39,4,6,58,28,96,36,40,76,172
06/10/2004,VLD,GA,ASO,ES,Federal Contract Tower,4,6,20,34,64,0,0,42,8,50,4,6,62,42,114,44,26,70,184
06/11/2004,VLD,GA,ASO,ES,Federal Contract Tower,4,5,18,29,56,0,2,32,6,40,4,7,50,35,96,14,66,80,176
06/12/2004,VLD,GA,ASO,ES,Federal Contract Tower,3,3,9,4,19,1,0,45,0,46,4,3,54,4,65,66,0,66,131
06/13/2004,VLD,GA,ASO,ES,Federal Contract Tower,2,2,11,19,34,0,0,47,1,48,2,2,58,20,82,56,40,96,178
06/14/2004,VLD,GA,ASO,ES,Federal Contract Tower,4,5,19,30,58,0,1,54,0,55,4,6,73,30,113,54,50,104,217
06/15/2004,VLD,GA,ASO,ES,Federal Contract Tower,4,4,14,23,45,0,1,18,3,22,4,5,32,26,67,3,60,63,130
06/16/2004,VLD,GA,ASO,ES,Federal Contract Tower,4,4,14,21,43,0,1,23,2,26,4,5,37,23,69,40,66,106,175
06/17/2004,VLD,GA,ASO,ES,Federal Contract Tower,4,4,25,39,72,0,0,41,12,53,4,4,66,51,125,16,142,158,283
06/18/2004,VLD,GA,ASO,ES,Federal Contract Tower,3,4,14,17,38,1,4,38,0,43,4,8,52,17,81,61,26,87,168
06/19/2004,VLD,GA,ASO,ES,Federal Contract Tower,1,2,7,6,16,3,2,17,0,22,4,4,24,6,38,6,11,17,55
06/20/2004,VLD,GA,ASO,ES,Federal Contract Tower,2,1,10,10,23,4,0,55,0,59,6,1,65,10,82,50,14,64,146
06/21/2004,VLD,GA,ASO,ES,Federal Contract Tower,3,5,15,23,46,1,1,30,3,35,4,6,45,26,81,32,120,152,233
06/22/2004,VLD,GA,ASO,ES,Federal Contract Tower,4,7,22,34,67,0,1,19,10,30,4,8,41,44,97,9,62,71,168
06/23/2004,VLD,GA,ASO,ES,Federal Contract Tower,4,7,20,30,61,0,2,17,9,28,4,9,37,39,89,20,64,84,173
06/24/2004,VLD,GA,ASO,ES,Federal Contract Tower,4,6,17,26,53,0,3,24,10,37,4,9,41,36,90,48,22,70,160
06/25/2004,VLD,GA,ASO,ES,Federal Contract Tower,2,4,12,18,36,2,1,13,14,30,4,5,25,32,66,36,72,108,174
06/26/2004,VLD,GA,ASO,ES,Federal Contract Tower,1,2,7,10,20,3,0,69,4,76,4,2,76,14,96,78,46,124,220
06/27/2004,VLD,GA,ASO,ES,Federal Contract Tower,2,2,10,16,30,2,0,34,2,38,4,2,44,18,68,7,50,57,125
06/28/2004,VLD,GA,ASO,ES,Federal Contract Tower,4,6,21,34,65,0,0,16,11,27,4,6,37,45,92,30,82,112,204
06/29/2004,VLD,GA,ASO,ES,Federal Contract Tower,3,3,14,21,41,1,6,32,4,43,4,9,46,25,84,13,121,134,218
06/30/2004,VLD,GA,ASO,ES,Federal Contract Tower,4,5,19,29,57,0,0,32,16,48,4,5,51,45,105,6,71,77,182
07/01/2004,VLD,GA,ASO,ES,Federal Contract Tower,4,4,15,21,44,0,1,40,13,54,4,5,55,34,98,14,100,114,212
07/02/2004,VLD,GA,ASO,ES,Federal Contract Tower,3,2,10,10,25,1,5,58,0,64,4,7,68,10,89,68,50,118,207
07/03/2004,VLD,GA,ASO,ES,Federal Contract Tower,2,1,8,6,17,2,0,56,0,58,4,1,64,6,75,40,18,58,133
07/04/2004,VLD,GA,ASO,ES,Federal Contract Tower,3,2,10,4,19,1,1,38,0,40,4,3,48,4,59,44,12,56,115
07/05/2004,VLD,GA,ASO,ES,Federal Contract Tower,4,3,13,6,26,0,0,61,0,61,4,3,74,6,87,64,18,82,169
07/06/2004,VLD,GA,ASO,ES,Federal Contract Tower,4,6,20,29,59,0,2,28,2,32,4,8,48,31,91,56,98,154,245
07/07/2004,VLD,GA,ASO,ES,Federal Contract Tower,4,3,15,21,43,0,3,35,12,50,4,6,50,33,93,54,105,159,252
07/08/2004,VLD,GA,ASO,ES,Federal Contract Tower,2,3,10,13,28,0,3,54,0,57,2,6,64,13,85,44,28,72,157
07/09/2004,VLD,GA,ASO,ES,Federal Contract Tower,4,3,14,21,42,0,2,35,17,54,4,5,49,38,96,52,66,118,214
07/10/2004,VLD,GA,ASO,ES,Federal Contract Tower,3,1,10,15,29,1,0,27,10,38,4,1,37,25,67,28,8,36,103
07/11/2004,VLD,GA,ASO,ES,Federal Contract Tower,2,1,6,8,17,0,2,56,0,58,2,3,62,8,75,44,30,74,149
07/12/2004,VLD,GA,ASO,ES,Federal Contract Tower,4,5,20,28,57,0,0,21,4,25,4,5,41,32,82,12,38,50,132
07/13/2004,VLD,GA,ASO,ES,Federal Contract Tower,4,5,16,23,48,0,0,25,5,30,4,5,41,28,78,32,40,72,150
07/14/2004,VLD,GA,ASO,ES,Federal Contract Tower,4,4,24,33,65,0,0,37,4,41,4,4,61,37,106,86,16,102,208
07/15/2004,VLD,GA,ASO,ES,Federal Contract Tower,4,5,21,29,59,0,0,40,7,47,4,5,61,36,106,74,52,126,232
07/16/2004,VLD,GA,ASO,ES,Federal Contract Tower,4,6,26,34,70,0,0,26,20,46,4,6,52,54,116,42,90,132,248
07/17/2004,VLD,GA,ASO,ES,Federal Contract Tower,1,1,7,9,18,3,0,54,1,58,4,1,61,10,76,54,28,82,158
07/18/2004,VLD,GA,ASO,ES,Federal Contract Tower,1,2,6,2,11,3,2,41,0,46,4,4,47,2,57,54,0,54,111
07/19/2004,VLD,GA,ASO,ES,Federal Contract Tower,4,6,26,34,70,0,0,43,12,55,4,6,69,46,125,48,230,278,403
07/20/2004,VLD,GA,ASO,ES,Federal Contract Tower,4,5,25,33,67,0,0,26,9,35,4,5,51,42,102,28,54,82,184
07/21/2004,VLD,GA,ASO,ES,Federal Contract Tower,4,5,25,32,66,0,0,50,16,66,4,5,75,48,132,30,88,118,250
07/22/2004,VLD,GA,ASO,ES,Federal Contract Tower,4,5,25,32,66,0,0,30,8,38,4,5,55,40,104,20,82,102,206
07/23/2004,VLD,GA,ASO,ES,Federal Contract Tower,4,5,18,23,50,0,0,20,15,35,4,5,38,38,85,16,78,94,179
07/24/2004,VLD,GA,ASO,ES,Federal Contract Tower,0,2,5,1,8,4,6,52,0,62,4,8,57,1,70,60,17,77,147
07/25/2004,VLD,GA,ASO,ES,Federal Contract Tower,3,2,13,18,36,1,0,42,3,46,4,2,55,21,82,32,34,66,148
07/26/2004,VLD,GA,ASO,ES,Federal Contract Tower,4,6,24,31,65,0,0,13,23,36,4,6,37,54,101,16,52,68,169
07/27/2004,VLD,GA,ASO,ES,Federal Contract Tower,4,5,27,36,72,0,0,25,33,58,4,5,52,69,130,26,144,170,300
07/28/2004,VLD,GA,ASO,ES,Federal Contract Tower,4,6,26,37,73,0,0,18,21,39,4,6,44,58,112,30,124,154,266
07/29/2004,VLD,GA,ASO,ES,Federal Contract Tower,4,4,18,24,50,0,2,18,6,26,4,6,36,30,76,12,62,74,150
07/30/2004,VLD,GA,ASO,ES,Federal Contract Tower,4,4,18,24,50,0,5,26,13,44,4,9,44,37,94,18,62,80,174
07/31/2004,VLD,GA,ASO,ES,Federal Contract Tower,1,1,6,3,11,3,0,13,0,16,4,1,19,3,27,2,2,4,31
08/01/2004,VLD,GA,ASO,ES,Federal Contract Tower,3,2,9,13,27,1,3,52,7,63,4,5,61,20,90,50,49,99,189
08/02/2004,VLD,GA,ASO,ES,Federal Contract Tower,4,5,26,38,73,0,0,44,35,79,4,5,70,73,152,74,72,146,298
08/03/2004,VLD,GA,ASO,ES,Federal Contract Tower,4,5,27,39,75,0,0,28,20,48,4,5,55,59,123,40,61,101,224
08/04/2004,VLD,GA,ASO,ES,Federal Contract Tower,4,6,21,31,62,0,1,47,0,48,4,7,68,31,110,60,64,124,234
08/05/2004,VLD,GA,ASO,ES,Federal Contract Tower,4,5,16,24,49,0,2,64,0,66,4,7,80,24,115,68,67,135,250
08/06/2004,VLD,GA,ASO,ES,Federal Contract Tower,4,6,18,27,55,0,3,58,19,80,4,9,76,46,135,46,104,150,285
08/07/2004,VLD,GA,ASO,ES,Federal Contract Tower,3,2,8,4,17,1,4,73,0,78,4,6,81,4,95,82,50,132,227
08/08/2004,VLD,GA,ASO,ES,Federal Contract Tower,3,2,7,8,20,1,1,60,0,62,4,3,67,8,82,44,40,84,166
08/09/2004,VLD,GA,ASO,ES,Federal Contract Tower,4,5,19,28,56,0,0,20,8,28,4,5,39,36,84,32,57,89,173
08/10/2004,VLD,GA,ASO,ES,Federal Contract Tower,2,3,11,15,31,0,2,41,22,65,2,5,52,37,96,32,120,152,248
08/11/2004,VLD,GA,ASO,ES,Federal Contract Tower,4,5,21,29,59,0,0,31,25,56,4,5,52,54,115,58,70,128,243
08/12/2004,VLD,GA,ASO,ES,Federal Contract Tower,3,2,8,0,13,1,3,44,0,48,4,5,52,0,61,52,0,52,113
08/13/2004,VLD,GA,ASO,ES,Federal Contract Tower,3,3,12,10,28,2,2,25,0,29,5,5,37,10,57,34,20,54,111
08/14/2004,VLD,GA,ASO,ES,Federal Contract Tower,1,1,4,0,6,3,0,43,0,46,4,1,47,0,52,72,0,72,124
08/15/2004,VLD,GA,ASO,ES,Federal Contract Tower,3,3,12,12,30,1,0,63,0,64,4,3,75,12,94,50,26,76,170
08/16/2004,VLD,GA,ASO,ES,Federal Contract Tower,4,6,28,40,78,0,0,38,30,68,4,6,66,70,146,60,108,168,314
08/17/2004,VLD,GA,ASO,ES,Federal Contract Tower,4,7,19,26,56,0,0,54,18,72,4,7,73,44,128,60,124,184,312
08/18/2004,VLD,GA,ASO,ES,Federal Contract Tower,3,4,14,14,35,1,2,69,0,72,4,6,83,14,107,117,18,135,242
08/19/2004,VLD,GA,ASO,ES,Federal Contract Tower,2,5,12,16,35,2,0,60,2,64,4,5,72,18,99,71,66,137,236
08/20/2004,VLD,GA,ASO,ES,Federal Contract Tower,3,4,13,18,38,1,0,59,2,62,4,4,72,20,100,92,54,146,246
08/21/2004,VLD,GA,ASO,ES,Federal Contract Tower,1,1,5,5,12,3,0,41,0,44,4,1,46,5,56,36,8,44,100
08/22/2004,VLD,GA,ASO,ES,Federal Contract Tower,1,2,8,10,21,1,3,56,0,60,2,5,64,10,81,36,20,56,137
08/23/2004,VLD,GA,ASO,ES,Federal Contract Tower,4,5,24,35,68,0,0,22,28,50,4,5,46,63,118,4,106,110,228
08/24/2004,VLD,GA,ASO,ES,Federal Contract Tower,4,5,32,45,86,0,0,22,33,55,4,5,54,78,141,36,95,131,272
08/25/2004,VLD,GA,ASO,ES,Federal Contract Tower,4,5,24,35,68,0,0,45,17,62,4,5,69,52,130,78,50,128,258
08/26/2004,VLD,GA,ASO,ES,Federal Contract Tower,3,3,14,16,36,1,2,37,0,40,4,5,51,16,76,28,68,96,172
08/27/2004,VLD,GA,ASO,ES,Federal Contract Tower,4,5,18,26,53,0,0,23,0,23,4,5,41,26,76,58,36,94,170
08/28/2004,VLD,GA,ASO,ES,Federal Contract Tower,1,1,7,6,15,3,0,47,0,50,4,1,54,6,65,44,12,56,121
08/29/2004,VLD,GA,ASO,ES,Federal Contract Tower,1,2,7,11,21,3,1,30,1,35,4,3,37,12,56,10,0,10,66
08/30/2004,VLD,GA,ASO,ES,Federal Contract Tower,4,7,28,39,78,0,0,12,28,40,4,7,40,67,118,72,91,163,281
08/31/2004,VLD,GA,ASO,ES,Federal Contract Tower,3,5,16,18,42,1,1,43,0,45,4,6,59,18,87,74,35,109,196
09/01/2004,VLD,GA,ASO,ES,Federal Contract Tower,4,3,15,14,36,0,2,32,16,50,4,5,47,30,86,73,98,171,257
09/02/2004,VLD,GA,ASO,ES,Federal Contract Tower,2,4,18,14,38,0,2,108,0,110,2,6,126,14,148,56,34,90,238
09/03/2004,VLD,GA,ASO,ES,Federal Contract Tower,4,5,20,19,48,0,3,131,31,165,4,8,151,50,213,108,46,154,367
09/04/2004,VLD,GA,ASO,ES,Federal Contract Tower,2,1,5,0,8,2,0,78,0,80,4,1,83,0,88,64,0,64,152
09/05/2004,VLD,GA,ASO,ES,Federal Contract Tower,1,0,1,0,2,1,0,26,0,27,2,0,27,0,29,18,0,18,47
09/06/2004,VLD,GA,ASO,ES,Federal Contract Tower,0,0,0,0,0,0,0,0,0,0,0,0,0,0,0,0,0,0,0
09/07/2004,VLD,GA,ASO,ES,Federal Contract Tower,2,3,8,2,15,2,6,27,0,35,4,9,35,2,50,30,60,90,140
09/08/2004,VLD,GA,ASO,ES,Federal Contract Tower,4,4,19,18,45,0,1,87,0,88,4,5,106,18,133,150,84,234,367
09/09/2004,VLD,GA,ASO,ES,Federal Contract Tower,4,5,24,22,55,0,4,67,26,97,4,9,91,48,152,96,123,219,371
09/10/2004,VLD,GA,ASO,ES,Federal Contract Tower,5,7,30,27,69,0,0,29,21,50,5,7,59,48,119,86,94,180,299
09/11/2004,VLD,GA,ASO,ES,Federal Contract Tower,4,1,18,17,40,1,0,9,4,14,5,1,27,21,54,36,12,48,102
09/12/2004,VLD,GA,ASO,ES,Federal Contract Tower,4,3,21,20,48,0,0,32,4,36,4,3,53,24,84,50,58,108,192
09/13/2004,VLD,GA,ASO,ES,Federal Contract Tower,4,7,29,23,63,0,0,26,0,26,4,7,55,23,89,24,34,58,147
09/14/2004,VLD,GA,ASO,ES,Federal Contract Tower,4,5,20,18,47,0,1,50,8,59,4,6,70,26,106,72,30,102,208
09/15/2004,VLD,GA,ASO,ES,Federal Contract Tower,4,5,18,0,27,0,1,56,0,57,4,6,74,0,84,72,0,72,156
09/16/2004,VLD,GA,ASO,ES,Federal Contract Tower,2,1,5,0,8,0,1,14,0,15,2,2,19,0,23,0,0,0,23
09/17/2004,VLD,GA,ASO,ES,Federal Contract Tower,4,6,22,21,53,0,0,40,34,74,4,6,62,55,127,101,26,127,254
09/18/2004,VLD,GA,ASO,ES,Federal Contract Tower,5,0,25,24,54,0,0,45,6,51,5,0,70,30,105,116,40,156,261
09/19/2004,VLD,GA,ASO,ES,Federal Contract Tower,3,3,18,13,37,1,0,44,0,45,4,3,62,13,82,76,50,126,208
09/20/2004,VLD,GA,ASO,ES,Federal Contract Tower,4,5,31,26,66,0,0,32,34,66,4,5,63,60,132,60,127,187,319
09/21/2004,VLD,GA,ASO,ES,Federal Contract Tower,2,6,23,19,50,0,1,27,17,45,2,7,50,36,95,155,32,187,282
09/22/2004,VLD,GA,ASO,ES,Federal Contract Tower,3,5,18,14,40,1,0,27,18,46,4,5,45,32,86,124,24,148,234
09/23/2004,VLD,GA,ASO,ES,Federal Contract Tower,3,5,19,16,43,1,0,32,20,53,4,5,51,36,96,107,49,156,252
09/24/2004,VLD,GA,ASO,ES,Federal Contract Tower,4,7,31,26,68,0,0,46,31,77,4,7,77,57,145,62,92,154,299
09/25/2004,VLD,GA,ASO,ES,Federal Contract Tower,3,1,17,8,29,3,0,24,0,27,6,1,41,8,56,0,0,0,56
09/26/2004,VLD,GA,ASO,ES,Federal Contract Tower,0,0,5,0,5,2,2,0,0,4,2,2,5,0,9,0,0,0,9
09/27/2004,VLD,GA,ASO,ES,Federal Contract Tower,1,1,4,0,6,2,5,0,0,7,3,6,4,0,13,0,0,0,13
09/28/2004,VLD,GA,ASO,ES,Federal Contract Tower,4,5,25,22,56,0,0,47,17,64,4,5,72,39,120,79,78,157,277
09/29/2004,VLD,GA,ASO,ES,Federal Contract Tower,2,3,12,0,17,2,2,42,0,46,4,5,54,0,63,28,0,28,91
09/30/2004,VLD,GA,ASO,ES,Federal Contract Tower,2,3,13,2,20,2,3,37,0,42,4,6,50,2,62,81,0,81,143
10/01/2004,VLD,GA,ASO,ES,Federal Contract Tower,4,5,19,58,86,0,2,41,13,56,4,7,60,71,142,104,118,222,364
10/02/2004,VLD,GA,ASO,ES,Federal Contract Tower,4,1,22,2,29,0,0,45,9,54,4,1,67,11,83,78,20,98,181
10/03/2004,VLD,GA,ASO,ES,Federal Contract Tower,2,5,29,2,38,0,0,42,4,46,2,5,71,6,84,100,34,134,218
10/04/2004,VLD,GA,ASO,ES,Federal Contract Tower,4,5,14,48,71,0,0,40,5,45,4,5,54,53,116,68,121,189,305
10/05/2004,VLD,GA,ASO,ES,Federal Contract Tower,4,7,24,40,75,0,0,41,16,57,4,7,65,56,132,60,154,214,346
10/06/2004,VLD,GA,ASO,ES,Federal Contract Tower,4,6,23,48,81,0,0,28,7,35,4,6,51,55,116,38,62,100,216
10/07/2004,VLD,GA,ASO,ES,Federal Contract Tower,4,5,9,27,45,0,2,46,15,63,4,7,55,42,108,50,107,157,265
10/08/2004,VLD,GA,ASO,ES,Federal Contract Tower,4,8,20,52,84,0,1,44,24,69,4,9,64,76,153,56,173,229,382
10/09/2004,VLD,GA,ASO,ES,Federal Contract Tower,5,1,11,41,58,0,0,12,0,12,5,1,23,41,70,0,38,38,108
10/10/2004,VLD,GA,ASO,ES,Federal Contract Tower,6,3,14,20,43,0,0,3,0,3,6,3,17,20,46,0,6,6,52
10/11/2004,VLD,GA,ASO,ES,Federal Contract Tower,4,7,17,0,28,0,0,44,0,44,4,7,61,0,72,90,0,90,162
10/12/2004,VLD,GA,ASO,ES,Federal Contract Tower,4,8,20,24,56,0,0,35,12,47,4,8,55,36,103,62,62,124,227
10/13/2004,VLD,GA,ASO,ES,Federal Contract Tower,4,7,16,27,54,0,0,34,9,43,4,7,50,36,97,32,114,146,243
10/14/2004,VLD,GA,ASO,ES,Federal Contract Tower,4,5,15,28,52,0,1,39,11,51,4,6,54,39,103,51,159,210,313
10/15/2004,VLD,GA,ASO,ES,Federal Contract Tower,4,6,17,27,54,0,2,25,2,29,4,8,42,29,83,46,20,66,149
10/16/2004,VLD,GA,ASO,ES,Federal Contract Tower,4,1,10,4,19,0,0,11,2,13,4,1,21,6,32,30,0,30,62
10/17/2004,VLD,GA,ASO,ES,Federal Contract Tower,4,3,12,6,25,0,0,36,0,36,4,3,48,6,61,18,0,18,79
10/18/2004,VLD,GA,ASO,ES,Federal Contract Tower,4,8,11,24,47,0,1,29,14,44,4,9,40,38,91,72,56,128,219
10/19/2004,VLD,GA,ASO,ES,Federal Contract Tower,4,7,25,54,90,0,0,25,21,46,4,7,50,75,136,50,146,196,332
10/20/2004,VLD,GA,ASO,ES,Federal Contract Tower,4,5,23,32,64,0,2,29,14,45,4,7,52,46,109,12,38,50,159
10/21/2004,VLD,GA,ASO,ES,Federal Contract Tower,4,6,27,29,66,0,1,31,11,43,4,7,58,40,109,54,96,150,259
10/22/2004,VLD,GA,ASO,ES,Federal Contract Tower,4,8,22,21,55,0,1,9,0,10,4,9,31,21,65,8,38,46,111
10/23/2004,VLD,GA,ASO,ES,Federal Contract Tower,4,1,28,8,41,0,0,44,2,46,4,1,72,10,87,74,20,94,181
10/24/2004,VLD,GA,ASO,ES,Federal Contract Tower,4,5,10,4,23,0,0,31,0,31,4,5,41,4,54,0,0,0,54
10/25/2004,VLD,GA,ASO,ES,Federal Contract Tower,4,4,10,9,27,0,1,26,15,42,4,5,36,24,69,55,98,153,222
10/26/2004,VLD,GA,ASO,ES,Federal Contract Tower,4,5,21,20,50,0,1,23,8,32,4,6,44,28,82,42,44,86,168
10/27/2004,VLD,GA,ASO,ES,Federal Contract Tower,4,6,20,29,59,0,0,45,11,56,4,6,65,40,115,48,78,126,241
10/28/2004,VLD,GA,ASO,ES,Federal Contract Tower,4,5,14,12,35,0,2,28,10,40,4,7,42,22,75,76,74,150,225
10/29/2004,VLD,GA,ASO,ES,Federal Contract Tower,4,6,20,2,32,0,0,18,0,18,4,6,38,2,50,46,0,46,96
10/30/2004,VLD,GA,ASO,ES,Federal Contract Tower,4,1,12,3,20,0,0,14,6,20,4,1,26,9,40,56,21,77,117
10/31/2004,VLD,GA,ASO,ES,Federal Contract Tower,6,3,8,14,31,0,0,19,2,21,6,3,27,16,52,25,0,25,77
11/01/2004,VLD,GA,ASO,ES,Federal Contract Tower,4,5,16,21,46,0,1,36,8,45,4,6,52,29,91,78,56,134,225
11/02/2004,VLD,GA,ASO,ES,Federal Contract Tower,4,7,18,12,41,0,1,57,2,60,4,8,75,14,101,102,40,142,243
11/03/2004,VLD,GA,ASO,ES,Federal Contract Tower,4,5,16,19,44,0,2,63,9,74,4,7,79,28,118,71,34,105,223
11/04/2004,VLD,GA,ASO,ES,Federal Contract Tower,4,8,13,30,55,0,2,48,8,58,4,10,61,38,113,64,70,134,247
11/05/2004,VLD,GA,ASO,ES,Federal Contract Tower,4,7,19,10,40,0,1,86,14,101,4,8,105,24,141,82,66,148,289
11/06/2004,VLD,GA,ASO,ES,Federal Contract Tower,4,3,15,16,38,0,1,58,15,74,4,4,73,31,112,85,62,147,259
11/07/2004,VLD,GA,ASO,ES,Federal Contract Tower,4,5,17,14,40,0,1,44,4,49,4,6,61,18,89,34,44,78,167
11/08/2004,VLD,GA,ASO,ES,Federal Contract Tower,4,5,19,36,64,0,1,28,10,39,4,6,47,46,103,76,76,152,255
11/09/2004,VLD,GA,ASO,ES,Federal Contract Tower,4,5,17,44,70,0,2,53,17,72,4,7,70,61,142,84,125,209,351
11/10/2004,VLD,GA,ASO,ES,Federal Contract Tower,4,9,21,38,72,0,2,58,28,88,4,11,79,66,160,64,102,166,326
11/11/2004,VLD,GA,ASO,ES,Federal Contract Tower,4,3,26,0,33,0,0,51,8,59,4,3,77,8,92,138,16,154,246
11/12/2004,VLD,GA,ASO,ES,Federal Contract Tower,4,7,23,23,57,0,0,37,3,40,4,7,60,26,97,86,26,112,209
11/13/2004,VLD,GA,ASO,ES,Federal Contract Tower,4,3,34,0,41,0,0,51,0,51,4,3,85,0,92,82,0,82,174
11/14/2004,VLD,GA,ASO,ES,Federal Contract Tower,4,3,19,0,26,0,0,46,0,46,4,3,65,0,72,64,0,64,136
11/15/2004,VLD,GA,ASO,ES,Federal Contract Tower,4,6,25,35,70,0,0,60,17,77,4,6,85,52,147,85,84,169,316
11/16/2004,VLD,GA,ASO,ES,Federal Contract Tower,4,5,24,33,66,0,0,32,15,47,4,5,56,48,113,47,102,149,262
11/17/2004,VLD,GA,ASO,ES,Federal Contract Tower,4,5,23,56,88,0,0,32,15,47,4,5,55,71,135,34,183,217,352
11/18/2004,VLD,GA,ASO,ES,Federal Contract Tower,4,5,23,60,92,0,1,30,16,47,4,6,53,76,139,40,136,176,315
11/19/2004,VLD,GA,ASO,ES,Federal Contract Tower,4,5,28,5,42,0,0,50,11,61,4,5,78,16,103,90,70,160,263
11/20/2004,VLD,GA,ASO,ES,Federal Contract Tower,4,6,24,0,34,0,0,56,2,58,4,6,80,2,92,68,22,90,182
11/21/2004,VLD,GA,ASO,ES,Federal Contract Tower,4,3,12,12,31,0,0,62,2,64,4,3,74,14,95,58,28,86,181
11/22/2004,VLD,GA,ASO,ES,Federal Contract Tower,4,2,26,17,49,0,0,51,13,64,4,2,77,30,113,82,68,150,263
11/23/2004,VLD,GA,ASO,ES,Federal Contract Tower,4,7,8,46,65,0,0,28,4,32,4,7,36,50,97,46,72,118,215
11/24/2004,VLD,GA,ASO,ES,Federal Contract Tower,4,6,14,0,24,0,0,63,0,63,4,6,77,0,87,70,0,70,157
11/25/2004,VLD,GA,ASO,ES,Federal Contract Tower,2,3,7,0,12,0,0,65,0,65,2,3,72,0,77,82,0,82,159
11/26/2004,VLD,GA,ASO,ES,Federal Contract Tower,2,6,13,1,22,0,0,61,0,61,2,6,74,1,83,64,0,64,147
11/27/2004,VLD,GA,ASO,ES,Federal Contract Tower,4,2,5,0,11,0,0,49,0,49,4,2,54,0,60,64,0,64,124
11/28/2004,VLD,GA,ASO,ES,Federal Contract Tower,6,2,17,3,28,0,0,51,3,54,6,2,68,6,82,54,20,74,156
11/29/2004,VLD,GA,ASO,ES,Federal Contract Tower,4,5,19,33,61,0,2,27,16,45,4,7,46,49,106,54,94,148,254
11/30/2004,VLD,GA,ASO,ES,Federal Contract Tower,4,6,20,18,48,0,0,17,20,37,4,6,37,38,85,14,56,70,155
12/01/2004,VLD,GA,ASO,ES,Federal Contract Tower,4,5,16,32,57,0,2,30,14,46,4,7,46,46,103,48,96,144,247
12/02/2004,VLD,GA,ASO,ES,Federal Contract Tower,4,7,20,26,57,0,2,43,11,56,4,9,63,37,113,40,66,106,219
12/03/2004,VLD,GA,ASO,ES,Federal Contract Tower,4,5,14,22,45,0,1,80,16,97,4,6,94,38,142,84,110,194,336
12/04/2004,VLD,GA,ASO,ES,Federal Contract Tower,4,4,30,0,38,0,0,64,0,64,4,4,94,0,102,90,0,90,192
12/05/2004,VLD,GA,ASO,ES,Federal Contract Tower,4,3,6,6,19,0,0,72,12,84,4,3,78,18,103,58,52,110,213
12/06/2004,VLD,GA,ASO,ES,Federal Contract Tower,4,5,26,36,71,0,2,24,14,40,4,7,50,50,111,20,90,110,221
12/07/2004,VLD,GA,ASO,ES,Federal Contract Tower,4,9,15,60,88,0,0,22,8,30,4,9,37,68,118,48,62,110,228
12/08/2004,VLD,GA,ASO,ES,Federal Contract Tower,4,6,27,42,79,0,0,9,4,13,4,6,36,46,92,22,18,40,132
12/09/2004,VLD,GA,ASO,ES,Federal Contract Tower,4,7,29,40,80,0,3,51,20,74,4,10,80,60,154,62,96,158,312
12/10/2004,VLD,GA,ASO,ES,Federal Contract Tower,4,6,13,12,35,0,1,45,16,62,4,7,58,28,97,58,76,134,231
12/11/2004,VLD,GA,ASO,ES,Federal Contract Tower,4,3,26,0,33,0,0,55,0,55,4,3,81,0,88,92,0,92,180
12/12/2004,VLD,GA,ASO,ES,Federal Contract Tower,4,3,13,10,30,0,0,55,4,59,4,3,68,14,89,62,24,86,175
12/13/2004,VLD,GA,ASO,ES,Federal Contract Tower,4,5,20,34,63,0,0,22,15,37,4,5,42,49,100,0,222,222,322
12/14/2004,VLD,GA,ASO,ES,Federal Contract Tower,4,5,14,39,62,0,0,29,26,55,4,5,43,65,117,14,176,190,307
12/15/2004,VLD,GA,ASO,ES,Federal Contract Tower,4,5,19,32,60,0,0,32,14,46,4,5,51,46,106,24,97,121,227
12/16/2004,VLD,GA,ASO,ES,Federal Contract Tower,4,5,22,28,59,0,0,48,10,58,4,5,70,38,117,28,78,106,223
12/17/2004,VLD,GA,ASO,ES,Federal Contract Tower,4,9,17,38,68,0,0,23,19,42,4,9,40,57,110,0,78,78,188
12/18/2004,VLD,GA,ASO,ES,Federal Contract Tower,4,3,21,4,32,0,0,48,3,51,4,3,69,7,83,44,28,72,155
12/19/2004,VLD,GA,ASO,ES,Federal Contract Tower,4,3,8,7,22,0,0,27,4,31,4,3,35,11,53,14,36,50,103
12/20/2004,VLD,GA,ASO,ES,Federal Contract Tower,4,6,7,32,49,0,0,12,10,22,4,6,19,42,71,0,64,64,135
12/21/2004,VLD,GA,ASO,ES,Federal Contract Tower,4,5,22,34,65,0,0,21,14,35,4,5,43,48,100,8,72,80,180
12/22/2004,VLD,GA,ASO,ES,Federal Contract Tower,4,4,10,13,31,0,0,19,1,20,4,4,29,14,51,0,12,12,63
12/23/2004,VLD,GA,ASO,ES,Federal Contract Tower,2,5,26,0,33,0,0,21,0,21,2,5,47,0,54,18,0,18,72
12/24/2004,VLD,GA,ASO,ES,Federal Contract Tower,4,5,7,0,16,0,0,19,0,19,4,5,26,0,35,0,0,0,35
12/25/2004,VLD,GA,ASO,ES,Federal Contract Tower,4,3,1,0,8,0,0,3,0,3,4,3,4,0,11,0,0,0,11
12/26/2004,VLD,GA,ASO,ES,Federal Contract Tower,4,2,19,0,25,0,0,15,0,15,4,2,34,0,40,0,0,0,40
12/27/2004,VLD,GA,ASO,ES,Federal Contract Tower,4,5,26,8,43,0,2,24,6,32,4,7,50,14,75,26,14,40,115
12/28/2004,VLD,GA,ASO,ES,Federal Contract Tower,2,6,15,0,23,0,0,28,0,28,2,6,43,0,51,24,0,24,75
12/29/2004,VLD,GA,ASO,ES,Federal Contract Tower,4,5,33,0,42,0,0,16,0,16,4,5,49,0,58,8,0,8,66
12/30/2004,VLD,GA,ASO,ES,Federal Contract Tower,4,5,18,0,27,0,0,31,0,31,4,5,49,0,58,24,0,24,82
12/31/2004,VLD,GA,ASO,ES,Federal Contract Tower,4,5,19,0,28,0,0,9,0,9,4,5,28,0,37,2,0,2,39
01/01/2005,VLD,GA,ASO,ES,Federal Contract Tower,4,3,12,0,19,0,0,46,0,46,4,3,58,0,65,64,0,64,129
01/02/2005,VLD,GA,ASO,ES,Federal Contract Tower,4,5,20,0,29,0,0,50,0,50,4,5,70,0,79,72,0,72,151
01/03/2005,VLD,GA,ASO,ES,Federal Contract Tower,4,7,20,8,39,0,0,48,5,53,4,7,68,13,92,42,31,73,165
01/04/2005,VLD,GA,ASO,ES,Federal Contract Tower,4,5,13,50,72,0,1,59,12,72,4,6,72,62,144,66,86,152,296
01/05/2005,VLD,GA,ASO,ES,Federal Contract Tower,4,5,42,6,57,0,0,44,4,48,4,5,86,10,105,70,20,90,195
01/06/2005,VLD,GA,ASO,ES,Federal Contract Tower,4,6,33,4,47,0,0,44,10,54,4,6,77,14,101,46,64,110,211
01/07/2005,VLD,GA,ASO,ES,Federal Contract Tower,4,4,15,46,69,0,1,46,18,65,4,5,61,64,134,26,194,220,354
01/08/2005,VLD,GA,ASO,ES,Federal Contract Tower,4,3,12,8,27,0,0,32,7,39,4,3,44,15,66,26,66,92,158
01/09/2005,VLD,GA,ASO,ES,Federal Contract Tower,4,3,19,21,47,0,0,38,3,41,4,3,57,24,88,34,68,102,190
01/10/2005,VLD,GA,ASO,ES,Federal Contract Tower,4,5,27,35,71,0,0,44,15,59,4,5,71,50,130,36,154,190,320
01/11/2005,VLD,GA,ASO,ES,Federal Contract Tower,4,5,32,33,74,0,0,19,9,28,4,5,51,42,102,20,96,116,218
01/12/2005,VLD,GA,ASO,ES,Federal Contract Tower,4,7,16,24,51,0,0,20,13,33,4,7,36,37,84,34,139,173,257
01/13/2005,VLD,GA,ASO,ES,Federal Contract Tower,4,4,17,54,79,0,0,7,10,17,4,4,24,64,96,24,82,106,202
01/14/2005,VLD,GA,ASO,ES,Federal Contract Tower,4,8,25,37,74,0,0,31,14,45,4,8,56,51,119,18,134,152,271
01/15/2005,VLD,GA,ASO,ES,Federal Contract Tower,4,3,18,4,29,0,0,28,0,28,4,3,46,4,57,44,22,66,123
01/16/2005,VLD,GA,ASO,ES,Federal Contract Tower,4,2,17,13,36,0,0,30,7,37,4,2,47,20,73,36,18,54,127
01/17/2005,VLD,GA,ASO,ES,Federal Contract Tower,4,3,17,15,39,0,0,41,2,43,4,3,58,17,82,72,22,94,176
01/18/2005,VLD,GA,ASO,ES,Federal Contract Tower,4,5,20,18,47,0,0,29,17,46,4,5,49,35,93,0,151,151,244
01/19/2005,VLD,GA,ASO,ES,Federal Contract Tower,4,5,30,28,67,0,0,22,12,34,4,5,52,40,101,16,46,62,163
01/20/2005,VLD,GA,ASO,ES,Federal Contract Tower,4,6,27,34,71,0,0,26,13,39,4,6,53,47,110,16,51,67,177
01/21/2005,VLD,GA,ASO,ES,Federal Contract Tower,4,11,28,54,97,0,0,28,10,38,4,11,56,64,135,28,78,106,241
01/22/2005,VLD,GA,ASO,ES,Federal Contract Tower,4,3,19,0,26,0,0,25,0,25,4,3,44,0,51,44,0,44,95
01/23/2005,VLD,GA,ASO,ES,Federal Contract Tower,4,7,19,2,32,0,0,20,2,22,4,7,39,4,54,44,24,68,122
01/24/2005,VLD,GA,ASO,ES,Federal Contract Tower,4,7,20,14,45,0,0,20,10,30,4,7,40,24,75,6,58,64,139
01/25/2005,VLD,GA,ASO,ES,Federal Contract Tower,4,8,15,23,50,0,0,24,18,42,4,8,39,41,92,40,76,116,208
01/26/2005,VLD,GA,ASO,ES,Federal Contract Tower,4,6,18,18,46,0,0,15,6,21,4,6,33,24,67,6,26,32,99
01/27/2005,VLD,GA,ASO,ES,Federal Contract Tower,4,6,23,41,74,0,0,15,23,38,4,6,38,64,112,16,112,128,240
01/28/2005,VLD,GA,ASO,ES,Federal Contract Tower,4,6,21,32,63,0,1,12,8,21,4,7,33,40,84,8,70,78,162
01/29/2005,VLD,GA,ASO,ES,Federal Contract Tower,0,3,26,0,29,0,0,0,0,0,0,3,26,0,29,0,0,0,29
01/30/2005,VLD,GA,ASO,ES,Federal Contract Tower,0,3,29,8,40,0,0,9,5,14,0,3,38,13,54,14,27,41,95
01/31/2005,VLD,GA,ASO,ES,Federal Contract Tower,2,8,24,76,110,0,0,23,4,27,2,8,47,80,137,0,10,10,147
02/01/2005,VLD,GA,ASO,ES,Federal Contract Tower,4,4,21,76,105,0,0,19,4,23,4,4,40,80,128,32,66,98,226
02/02/2005,VLD,GA,ASO,ES,Federal Contract Tower,4,2,18,74,98,0,0,27,4,31,4,2,45,78,129,0,12,12,141
02/03/2005,VLD,GA,ASO,ES,Federal Contract Tower,4,4,21,26,55,0,0,0,0,0,4,4,21,26,55,0,0,0,55
02/04/2005,VLD,GA,ASO,ES,Federal Contract Tower,4,4,28,60,96,0,0,62,11,73,4,4,90,71,169,90,125,215,384
02/05/2005,VLD,GA,ASO,ES,Federal Contract Tower,2,2,40,0,44,0,0,37,0,37,2,2,77,0,81,86,0,86,167
02/06/2005,VLD,GA,ASO,ES,Federal Contract Tower,4,2,52,5,63,0,0,32,2,34,4,2,84,7,97,62,16,78,175
02/07/2005,VLD,GA,ASO,ES,Federal Contract Tower,4,4,12,54,74,0,0,56,8,64,4,4,68,62,138,56,82,138,276
02/08/2005,VLD,GA,ASO,ES,Federal Contract Tower,4,4,16,38,62,0,0,32,10,42,4,4,48,48,104,18,118,136,240
02/09/2005,VLD,GA,ASO,ES,Federal Contract Tower,2,8,18,54,82,0,0,64,16,80,2,8,82,70,162,34,86,120,282
02/10/2005,VLD,GA,ASO,ES,Federal Contract Tower,4,4,28,36,72,0,0,30,10,40,4,4,58,46,112,18,165,183,295
02/11/2005,VLD,GA,ASO,ES,Federal Contract Tower,4,5,20,26,55,0,1,47,25,73,4,6,67,51,128,30,104,134,262
02/12/2005,VLD,GA,ASO,ES,Federal Contract Tower,2,2,39,0,43,0,0,19,0,19,2,2,58,0,62,12,0,12,74
02/13/2005,VLD,GA,ASO,ES,Federal Contract Tower,4,2,48,12,66,0,0,30,4,34,4,2,78,16,100,42,46,88,188
02/14/2005,VLD,GA,ASO,ES,Federal Contract Tower,4,4,14,46,68,0,0,4,4,8,4,4,18,50,76,0,0,0,76
02/15/2005,VLD,GA,ASO,ES,Federal Contract Tower,2,5,25,79,111,0,0,38,13,51,2,5,63,92,162,58,110,168,330
02/16/2005,VLD,GA,ASO,ES,Federal Contract Tower,4,5,28,34,71,0,0,37,10,47,4,5,65,44,118,38,100,138,256
02/17/2005,VLD,GA,ASO,ES,Federal Contract Tower,4,4,28,12,48,0,0,24,7,31,4,4,52,19,79,10,47,57,136
02/18/2005,VLD,GA,ASO,ES,Federal Contract Tower,4,4,12,1,21,0,0,67,5,72,4,4,79,6,93,26,64,90,183
02/19/2005,VLD,GA,ASO,ES,Federal Contract Tower,2,2,19,0,23,0,0,82,20,102,2,2,101,20,125,52,58,110,235
02/20/2005,VLD,GA,ASO,ES,Federal Contract Tower,4,2,16,0,22,0,0,51,0,51,4,2,67,0,73,64,0,64,137
02/21/2005,VLD,GA,ASO,ES,Federal Contract Tower,2,0,12,7,21,0,0,48,3,51,2,0,60,10,72,68,45,113,185
02/22/2005,VLD,GA,ASO,ES,Federal Contract Tower,4,4,24,34,66,0,0,42,9,51,4,4,66,43,117,48,126,174,291
02/23/2005,VLD,GA,ASO,ES,Federal Contract Tower,4,4,27,31,66,0,0,34,7,41,4,4,61,38,107,24,80,104,211
02/24/2005,VLD,GA,ASO,ES,Federal Contract Tower,4,5,22,23,54,0,0,53,8,61,4,5,75,31,115,30,87,117,232
02/25/2005,VLD,GA,ASO,ES,Federal Contract Tower,4,6,15,42,67,0,0,33,0,33,4,6,48,42,100,34,30,64,164
02/26/2005,VLD,GA,ASO,ES,Federal Contract Tower,2,2,5,11,20,0,0,46,7,53,2,2,51,18,73,34,30,64,137
02/27/2005,VLD,GA,ASO,ES,Federal Contract Tower,3,4,7,0,14,0,0,0,0,0,3,4,7,0,14,0,0,0,14
02/28/2005,VLD,GA,ASO,ES,Federal Contract Tower,2,4,19,47,72,0,0,41,10,51,2,4,60,57,123,42,76,118,241
03/01/2005,VLD,GA,ASO,ES,Federal Contract Tower,2,7,23,48,80,0,0,62,21,83,2,7,85,69,163,68,129,197,360
03/02/2005,VLD,GA,ASO,ES,Federal Contract Tower,4,5,25,51,85,0,0,44,9,53,4,5,69,60,138,46,98,144,282
03/03/2005,VLD,GA,ASO,ES,Federal Contract Tower,4,6,29,40,79,0,0,41,7,48,4,6,70,47,127,54,94,148,275
03/04/2005,VLD,GA,ASO,ES,Federal Contract Tower,2,7,11,22,42,0,0,66,3,69,2,7,77,25,111,64,61,125,236
03/05/2005,VLD,GA,ASO,ES,Federal Contract Tower,2,4,12,1,19,0,1,61,0,62,2,5,73,1,81,86,0,86,167
03/06/2005,VLD,GA,ASO,ES,Federal Contract Tower,4,4,4,3,15,0,0,61,2,63,4,4,65,5,78,62,26,88,166
03/07/2005,VLD,GA,ASO,ES,Federal Contract Tower,4,6,17,40,67,0,0,51,0,51,4,6,68,40,118,48,85,133,251
03/08/2005,VLD,GA,ASO,ES,Federal Contract Tower,4,4,11,42,61,0,0,57,4,61,4,4,68,46,122,56,113,169,291
03/09/2005,VLD,GA,ASO,ES,Federal Contract Tower,4,6,23,20,53,0,0,48,14,62,4,6,71,34,115,44,86,130,245
03/10/2005,VLD,GA,ASO,ES,Federal Contract Tower,2,8,22,41,73,0,0,38,14,52,2,8,60,55,125,50,91,141,266
03/11/2005,VLD,GA,ASO,ES,Federal Contract Tower,4,4,16,26,50,0,0,52,7,59,4,4,68,33,109,50,104,154,263
03/12/2005,VLD,GA,ASO,ES,Federal Contract Tower,2,2,7,5,16,0,0,37,28,65,2,2,44,33,81,0,66,66,147
03/13/2005,VLD,GA,ASO,ES,Federal Contract Tower,4,2,12,8,26,0,0,19,5,24,4,2,31,13,50,30,6,36,86
03/14/2005,VLD,GA,ASO,ES,Federal Contract Tower,4,4,19,27,54,0,0,38,9,47,4,4,57,36,101,34,62,96,197
03/15/2005,VLD,GA,ASO,ES,Federal Contract Tower,4,6,20,50,80,0,0,45,2,47,4,6,65,52,127,52,0,52,179
03/16/2005,VLD,GA,ASO,ES,Federal Contract Tower,3,2,18,0,23,0,0,27,0,27,3,2,45,0,50,34,0,34,84
03/17/2005,VLD,GA,ASO,ES,Federal Contract Tower,4,3,17,44,68,0,0,0,0,0,4,3,17,44,68,0,0,0,68
03/18/2005,VLD,GA,ASO,ES,Federal Contract Tower,4,6,18,40,68,0,0,45,2,47,4,6,63,42,115,42,64,106,221
03/19/2005,VLD,GA,ASO,ES,Federal Contract Tower,2,4,11,9,26,0,0,48,2,50,2,4,59,11,76,40,48,88,164
03/20/2005,VLD,GA,ASO,ES,Federal Contract Tower,4,2,14,21,41,0,0,18,0,18,4,2,32,21,59,0,20,20,79
03/21/2005,VLD,GA,ASO,ES,Federal Contract Tower,4,5,26,26,61,0,0,32,2,34,4,5,58,28,95,48,50,98,193
03/22/2005,VLD,GA,ASO,ES,Federal Contract Tower,4,3,23,8,38,0,0,38,2,40,4,3,61,10,78,30,12,42,120
03/23/2005,VLD,GA,ASO,ES,Federal Contract Tower,4,6,21,32,63,0,0,47,8,55,4,6,68,40,118,40,39,79,197
03/24/2005,VLD,GA,ASO,ES,Federal Contract Tower,4,5,18,32,59,0,2,41,8,51,4,7,59,40,110,0,106,106,216
03/25/2005,VLD,GA,ASO,ES,Federal Contract Tower,4,4,28,2,38,0,0,32,3,35,4,4,60,5,73,42,10,52,125
03/26/2005,VLD,GA,ASO,ES,Federal Contract Tower,2,2,18,0,22,0,0,31,0,31,2,2,49,0,53,42,0,42,95
03/27/2005,VLD,GA,ASO,ES,Federal Contract Tower,2,0,3,0,5,0,0,32,0,32,2,0,35,0,37,112,0,112,149
03/28/2005,VLD,GA,ASO,ES,Federal Contract Tower,2,4,9,38,53,0,0,18,20,38,2,4,27,58,91,0,138,138,229
03/29/2005,VLD,GA,ASO,ES,Federal Contract Tower,2,4,22,24,52,0,0,27,10,37,2,4,49,34,89,14,92,106,195
03/30/2005,VLD,GA,ASO,ES,Federal Contract Tower,4,4,27,28,63,0,0,29,14,43,4,4,56,42,106,16,96,112,218
03/31/2005,VLD,GA,ASO,ES,Federal Contract Tower,2,2,18,40,62,0,1,12,8,21,2,3,30,48,83,8,62,70,153
04/01/2005,VLD,GA,ASO,ES,Federal Contract Tower,4,4,15,16,39,0,0,39,16,55,4,4,54,32,94,50,90,140,234
04/02/2005,VLD,GA,ASO,ES,Federal Contract Tower,2,2,8,2,14,0,0,53,2,55,2,2,61,4,69,72,30,102,171
04/03/2005,VLD,GA,ASO,ES,Federal Contract Tower,2,7,15,4,28,0,0,85,2,87,2,7,100,6,115,56,20,76,191
04/04/2005,VLD,GA,ASO,ES,Federal Contract Tower,2,6,21,53,82,0,0,57,11,68,2,6,78,64,150,48,147,195,345
04/05/2005,VLD,GA,ASO,ES,Federal Contract Tower,2,10,20,55,87,0,0,49,13,62,2,10,69,68,149,46,157,203,352
04/06/2005,VLD,GA,ASO,ES,Federal Contract Tower,2,7,19,43,71,0,0,53,21,74,2,7,72,64,145,90,182,272,417
04/07/2005,VLD,GA,ASO,ES,Federal Contract Tower,2,4,18,56,80,0,2,33,13,48,2,6,51,69,128,50,199,249,377
04/08/2005,VLD,GA,ASO,ES,Federal Contract Tower,2,6,30,31,69,0,0,82,18,100,2,6,112,49,169,79,155,234,403
04/09/2005,VLD,GA,ASO,ES,Federal Contract Tower,0,4,19,3,26,0,0,97,10,107,0,4,116,13,133,66,39,105,238
04/10/2005,VLD,GA,ASO,ES,Federal Contract Tower,2,4,28,25,59,0,0,93,13,106,2,4,121,38,165,70,85,155,320
04/11/2005,VLD,GA,ASO,ES,Federal Contract Tower,2,6,13,42,63,0,0,104,12,116,2,6,117,54,179,28,95,123,302
04/12/2005,VLD,GA,ASO,ES,Federal Contract Tower,2,6,21,41,70,0,0,29,11,40,2,6,50,52,110,20,177,197,307
04/13/2005,VLD,GA,ASO,ES,Federal Contract Tower,2,8,22,59,91,0,0,60,14,74,2,8,82,73,165,41,68,109,274
04/14/2005,VLD,GA,ASO,ES,Federal Contract Tower,2,6,34,76,118,0,0,53,22,75,2,6,87,98,193,20,154,174,367
04/15/2005,VLD,GA,ASO,ES,Federal Contract Tower,2,6,24,20,52,0,0,81,14,95,2,6,105,34,147,0,78,78,225
04/16/2005,VLD,GA,ASO,ES,Federal Contract Tower,0,6,9,1,16,0,0,56,3,59,0,6,65,4,75,54,6,60,135
04/17/2005,VLD,GA,ASO,ES,Federal Contract Tower,2,6,17,6,31,0,0,32,0,32,2,6,49,6,63,18,0,18,81
04/18/2005,VLD,GA,ASO,ES,Federal Contract Tower,2,9,5,20,36,0,0,34,15,49,2,9,39,35,85,0,174,174,259
04/19/2005,VLD,GA,ASO,ES,Federal Contract Tower,2,8,23,24,57,0,0,30,13,43,2,8,53,37,100,42,93,135,235
04/20/2005,VLD,GA,ASO,ES,Federal Contract Tower,2,6,31,20,59,0,0,38,12,50,2,6,69,32,109,24,28,52,161
04/21/2005,VLD,GA,ASO,ES,Federal Contract Tower,2,9,29,22,62,0,3,35,8,46,2,12,64,30,108,6,32,38,146
04/22/2005,VLD,GA,ASO,ES,Federal Contract Tower,2,4,10,37,53,0,0,12,8,20,2,4,22,45,73,0,76,76,149
04/23/2005,VLD,GA,ASO,ES,Federal Contract Tower,0,4,18,1,23,0,0,36,0,36,0,4,54,1,59,54,0,54,113
04/24/2005,VLD,GA,ASO,ES,Federal Contract Tower,2,4,4,1,11,0,0,50,2,52,2,4,54,3,63,44,17,61,124
04/25/2005,VLD,GA,ASO,ES,Federal Contract Tower,2,6,14,24,46,0,0,30,9,39,2,6,44,33,85,22,92,114,199
04/26/2005,VLD,GA,ASO,ES,Federal Contract Tower,2,6,18,21,47,0,0,17,12,29,2,6,35,33,76,0,48,48,124
04/27/2005,VLD,GA,ASO,ES,Federal Contract Tower,2,6,16,22,46,0,0,46,12,58,2,6,62,34,104,32,114,146,250
04/28/2005,VLD,GA,ASO,ES,Federal Contract Tower,2,6,33,10,51,0,0,26,9,35,2,6,59,19,86,12,34,46,132
04/29/2005,VLD,GA,ASO,ES,Federal Contract Tower,2,6,26,32,66,0,0,19,3,22,2,6,45,35,88,4,30,34,122
04/30/2005,VLD,GA,ASO,ES,Federal Contract Tower,0,3,10,1,14,0,0,1,0,1,0,3,11,1,15,0,0,0,15
05/01/2005,VLD,GA,ASO,ES,Federal Contract Tower,2,4,27,0,33,0,0,72,0,72,2,4,99,0,105,72,0,72,177
05/02/2005,VLD,GA,ASO,ES,Federal Contract Tower,2,6,13,8,29,0,0,73,4,77,2,6,86,12,106,60,54,114,220
05/03/2005,VLD,GA,ASO,ES,Federal Contract Tower,2,5,26,21,54,0,0,83,9,92,2,5,109,30,146,70,66,136,282
05/04/2005,VLD,GA,ASO,ES,Federal Contract Tower,2,7,27,34,70,0,0,67,2,69,2,7,94,36,139,80,66,146,285
05/05/2005,VLD,GA,ASO,ES,Federal Contract Tower,2,6,32,25,65,0,0,35,2,37,2,6,67,27,102,0,32,32,134
05/06/2005,VLD,GA,ASO,ES,Federal Contract Tower,2,6,25,29,62,0,0,49,15,64,2,6,74,44,126,30,140,170,296
05/07/2005,VLD,GA,ASO,ES,Federal Contract Tower,0,4,7,0,11,0,0,62,2,64,0,4,69,2,75,42,32,74,149
05/08/2005,VLD,GA,ASO,ES,Federal Contract Tower,2,4,3,1,10,0,0,79,0,79,2,4,82,1,89,70,0,70,159
05/09/2005,VLD,GA,ASO,ES,Federal Contract Tower,2,6,28,35,71,0,0,29,11,40,2,6,57,46,111,34,186,220,331
05/10/2005,VLD,GA,ASO,ES,Federal Contract Tower,2,6,20,50,78,0,0,64,11,75,2,6,84,61,153,56,171,227,380
05/11/2005,VLD,GA,ASO,ES,Federal Contract Tower,2,6,27,25,60,0,0,49,6,55,2,6,76,31,115,46,39,85,200
05/12/2005,VLD,GA,ASO,ES,Federal Contract Tower,1,6,25,30,62,0,0,31,15,46,1,6,56,45,108,16,83,99,207
05/13/2005,VLD,GA,ASO,ES,Federal Contract Tower,3,6,19,36,64,0,0,28,11,39,3,6,47,47,103,14,50,64,167
05/14/2005,VLD,GA,ASO,ES,Federal Contract Tower,2,2,19,0,23,0,0,28,0,28,2,2,47,0,51,52,0,52,103
05/15/2005,VLD,GA,ASO,ES,Federal Contract Tower,2,4,25,15,46,0,0,45,5,50,2,4,70,20,96,50,48,98,194
05/16/2005,VLD,GA,ASO,ES,Federal Contract Tower,2,6,14,50,72,0,0,28,10,38,2,6,42,60,110,40,184,224,334
05/17/2005,VLD,GA,ASO,ES,Federal Contract Tower,2,7,16,26,51,0,0,28,10,38,2,7,44,36,89,18,70,88,177
05/18/2005,VLD,GA,ASO,ES,Federal Contract Tower,0,10,24,36,70,0,0,36,10,46,0,10,60,46,116,22,50,72,188
05/19/2005,VLD,GA,ASO,ES,Federal Contract Tower,2,6,20,22,50,0,0,44,8,52,2,6,64,30,102,22,78,100,202
05/20/2005,VLD,GA,ASO,ES,Federal Contract Tower,2,3,18,17,40,0,0,51,19,70,2,3,69,36,110,28,70,98,208
05/21/2005,VLD,GA,ASO,ES,Federal Contract Tower,0,4,26,0,30,0,0,35,0,35,0,4,61,0,65,68,0,68,133
05/22/2005,VLD,GA,ASO,ES,Federal Contract Tower,2,4,27,8,41,0,0,29,2,31,2,4,56,10,72,34,20,54,126
05/23/2005,VLD,GA,ASO,ES,Federal Contract Tower,2,6,14,63,85,0,0,27,1,28,2,6,41,64,113,12,87,99,212
05/24/2005,VLD,GA,ASO,ES,Federal Contract Tower,2,6,20,43,71,0,0,31,7,38,2,6,51,50,109,10,98,108,217
05/25/2005,VLD,GA,ASO,ES,Federal Contract Tower,2,7,18,28,55,0,1,32,7,40,2,8,50,35,95,22,18,40,135
05/26/2005,VLD,GA,ASO,ES,Federal Contract Tower,2,6,20,38,66,0,0,12,12,24,2,6,32,50,90,10,44,54,144
05/27/2005,VLD,GA,ASO,ES,Federal Contract Tower,2,6,25,1,34,0,0,15,0,15,2,6,40,1,49,18,0,18,67
05/28/2005,VLD,GA,ASO,ES,Federal Contract Tower,2,4,17,0,23,0,0,26,0,26,2,4,43,0,49,40,0,40,89
05/29/2005,VLD,GA,ASO,ES,Federal Contract Tower,0,4,8,0,12,0,0,9,0,9,0,4,17,0,21,0,0,0,21
05/30/2005,VLD,GA,ASO,ES,Federal Contract Tower,2,4,23,6,35,0,0,17,0,17,2,4,40,6,52,8,0,8,60
05/31/2005,VLD,GA,ASO,ES,Federal Contract Tower,2,3,15,55,75,0,0,0,0,0,2,3,15,55,75,0,0,0,75
06/01/2005,VLD,GA,ASO,ES,Federal Contract Tower,2,4,17,47,70,0,0,4,21,25,2,4,21,68,95,22,140,162,257
06/02/2005,VLD,GA,ASO,ES,Federal Contract Tower,2,4,16,44,66,0,0,32,9,41,2,4,48,53,107,16,105,121,228
06/03/2005,VLD,GA,ASO,ES,Federal Contract Tower,2,6,15,20,43,0,0,39,18,57,2,6,54,38,100,54,72,126,226
06/04/2005,VLD,GA,ASO,ES,Federal Contract Tower,0,4,29,0,33,0,0,22,0,22,0,4,51,0,55,122,0,122,177
06/05/2005,VLD,GA,ASO,ES,Federal Contract Tower,2,4,21,18,45,0,0,30,0,30,2,4,51,18,75,56,16,72,147
06/06/2005,VLD,GA,ASO,ES,Federal Contract Tower,0,7,17,58,82,0,0,14,12,26,0,7,31,70,108,30,96,126,234
06/07/2005,VLD,GA,ASO,ES,Federal Contract Tower,2,6,20,50,78,0,0,17,14,31,2,6,37,64,109,22,97,119,228
06/08/2005,VLD,GA,ASO,ES,Federal Contract Tower,2,6,22,40,70,0,0,15,22,37,2,6,37,62,107,2,102,104,211
06/09/2005,VLD,GA,ASO,ES,Federal Contract Tower,2,6,24,32,64,0,0,17,6,23,2,6,41,38,87,2,50,52,139
06/10/2005,VLD,GA,ASO,ES,Federal Contract Tower,2,7,24,55,88,0,0,28,3,31,2,7,52,58,119,38,128,166,285
06/11/2005,VLD,GA,ASO,ES,Federal Contract Tower,0,4,6,0,10,0,0,0,0,0,0,4,6,0,10,0,0,0,10
06/12/2005,VLD,GA,ASO,ES,Federal Contract Tower,2,5,8,1,16,0,0,0,0,0,2,5,8,1,16,0,0,0,16
06/13/2005,VLD,GA,ASO,ES,Federal Contract Tower,2,7,35,39,83,0,0,12,7,19,2,7,47,46,102,0,52,52,154
06/14/2005,VLD,GA,ASO,ES,Federal Contract Tower,2,6,20,35,63,0,0,19,15,34,2,6,39,50,97,0,112,112,209
06/15/2005,VLD,GA,ASO,ES,Federal Contract Tower,2,6,27,50,85,0,0,19,12,31,2,6,46,62,116,16,34,50,166
06/16/2005,VLD,GA,ASO,ES,Federal Contract Tower,2,7,29,46,84,0,0,11,8,19,2,7,40,54,103,20,96,116,219
06/17/2005,VLD,GA,ASO,ES,Federal Contract Tower,2,8,42,0,52,0,0,37,0,37,2,8,79,0,89,46,0,46,135
06/18/2005,VLD,GA,ASO,ES,Federal Contract Tower,2,5,18,4,29,0,0,37,0,37,2,5,55,4,66,40,6,46,112
06/19/2005,VLD,GA,ASO,ES,Federal Contract Tower,2,6,6,10,24,0,0,24,0,24,2,6,30,10,48,42,0,42,90
06/20/2005,VLD,GA,ASO,ES,Federal Contract Tower,2,6,17,28,53,0,0,22,10,32,2,6,39,38,85,24,127,151,236
06/21/2005,VLD,GA,ASO,ES,Federal Contract Tower,2,9,25,45,81,0,0,17,17,34,2,9,42,62,115,14,74,88,203
06/22/2005,VLD,GA,ASO,ES,Federal Contract Tower,0,11,29,32,72,0,0,35,12,47,0,11,64,44,119,72,48,120,239
06/23/2005,VLD,GA,ASO,ES,Federal Contract Tower,2,12,12,34,60,0,0,26,2,28,2,12,38,36,88,62,16,78,166
06/24/2005,VLD,GA,ASO,ES,Federal Contract Tower,2,10,19,26,57,0,0,31,9,40,2,10,50,35,97,46,76,122,219
06/25/2005,VLD,GA,ASO,ES,Federal Contract Tower,0,4,13,0,17,0,0,4,0,4,0,4,17,0,21,0,0,0,21
06/26/2005,VLD,GA,ASO,ES,Federal Contract Tower,2,4,15,10,31,0,0,49,2,51,2,4,64,12,82,52,20,72,154
06/27/2005,VLD,GA,ASO,ES,Federal Contract Tower,2,7,14,14,37,0,0,61,6,67,2,7,75,20,104,60,53,113,217
06/28/2005,VLD,GA,ASO,ES,Federal Contract Tower,2,6,19,74,101,0,0,26,9,35,2,6,45,83,136,36,108,144,280
06/29/2005,VLD,GA,ASO,ES,Federal Contract Tower,2,5,20,70,97,0,0,29,3,32,2,5,49,73,129,0,79,79,208
06/30/2005,VLD,GA,ASO,ES,Federal Contract Tower,2,5,36,46,89,0,0,18,10,28,2,5,54,56,117,0,16,16,133
07/01/2005,VLD,GA,ASO,ES,Federal Contract Tower,0,9,36,0,45,0,0,60,0,60,0,9,96,0,105,116,102,218,323
07/02/2005,VLD,GA,ASO,ES,Federal Contract Tower,0,6,20,8,34,0,0,52,2,54,0,6,72,10,88,54,62,116,204
07/03/2005,VLD,GA,ASO,ES,Federal Contract Tower,0,4,12,18,34,0,0,48,3,51,0,4,60,21,85,70,64,134,219
07/04/2005,VLD,GA,ASO,ES,Federal Contract Tower,2,4,15,2,23,0,0,56,0,56,2,4,71,2,79,96,0,96,175
07/05/2005,VLD,GA,ASO,ES,Federal Contract Tower,2,6,21,23,52,0,0,26,11,37,2,6,47,34,89,38,66,104,193
07/06/2005,VLD,GA,ASO,ES,Federal Contract Tower,2,7,25,36,70,0,0,10,16,26,2,7,35,52,96,30,148,178,274
07/07/2005,VLD,GA,ASO,ES,Federal Contract Tower,2,7,19,29,57,0,0,15,7,22,2,7,34,36,79,64,62,126,205
07/08/2005,VLD,GA,ASO,ES,Federal Contract Tower,2,6,39,24,71,0,0,52,14,66,2,6,91,38,137,76,74,150,287
07/09/2005,VLD,GA,ASO,ES,Federal Contract Tower,2,4,12,1,19,0,0,46,0,46,2,4,58,1,65,0,0,0,65
07/10/2005,VLD,GA,ASO,ES,Federal Contract Tower,0,2,0,0,2,0,0,0,0,0,0,2,0,0,2,0,0,0,2
07/11/2005,VLD,GA,ASO,ES,Federal Contract Tower,2,6,7,46,61,0,0,47,10,57,2,6,54,56,118,34,70,104,222
07/12/2005,VLD,GA,ASO,ES,Federal Contract Tower,2,6,21,26,55,0,0,13,6,19,2,6,34,32,74,36,56,92,166
07/13/2005,VLD,GA,ASO,ES,Federal Contract Tower,2,6,29,36,73,0,0,24,10,34,2,6,53,46,107,46,70,116,223
07/14/2005,VLD,GA,ASO,ES,Federal Contract Tower,2,6,27,32,67,0,0,13,14,27,2,6,40,46,94,0,150,150,244
07/15/2005,VLD,GA,ASO,ES,Federal Contract Tower,2,4,20,36,62,0,0,35,7,42,2,4,55,43,104,54,75,129,233
07/16/2005,VLD,GA,ASO,ES,Federal Contract Tower,0,4,4,0,8,0,0,50,0,50,0,4,54,0,58,68,0,68,126
07/17/2005,VLD,GA,ASO,ES,Federal Contract Tower,2,4,9,20,35,0,0,39,4,43,2,4,48,24,78,52,28,80,158
07/18/2005,VLD,GA,ASO,ES,Federal Contract Tower,2,6,9,18,35,0,0,50,6,56,2,6,59,24,91,52,64,116,207
07/19/2005,VLD,GA,ASO,ES,Federal Contract Tower,2,4,15,28,49,0,0,58,8,66,2,4,73,36,115,54,127,181,296
07/20/2005,VLD,GA,ASO,ES,Federal Contract Tower,2,6,21,26,55,0,0,45,3,48,2,6,66,29,103,54,35,89,192
07/21/2005,VLD,GA,ASO,ES,Federal Contract Tower,2,6,13,21,42,0,0,45,8,53,2,6,58,29,95,48,83,131,226
07/22/2005,VLD,GA,ASO,ES,Federal Contract Tower,2,6,17,18,43,0,0,46,6,52,2,6,63,24,95,46,66,112,207
07/23/2005,VLD,GA,ASO,ES,Federal Contract Tower,0,6,36,4,46,0,0,40,1,41,0,6,76,5,87,110,37,147,234
07/24/2005,VLD,GA,ASO,ES,Federal Contract Tower,2,4,26,13,45,0,0,38,3,41,2,4,64,16,86,72,42,114,200
07/25/2005,VLD,GA,ASO,ES,Federal Contract Tower,2,7,21,31,61,0,0,36,10,46,2,7,57,41,107,44,79,123,230
07/26/2005,VLD,GA,ASO,ES,Federal Contract Tower,2,4,21,38,65,0,0,30,18,48,2,4,51,56,113,40,94,134,247
07/27/2005,VLD,GA,ASO,ES,Federal Contract Tower,2,6,16,38,62,0,0,11,17,28,2,6,27,55,90,0,90,90,180
07/28/2005,VLD,GA,ASO,ES,Federal Contract Tower,2,4,25,46,77,0,0,32,12,44,2,4,57,58,121,40,92,132,253
07/29/2005,VLD,GA,ASO,ES,Federal Contract Tower,2,6,25,39,72,0,0,13,2,15,2,6,38,41,87,32,20,52,139
07/30/2005,VLD,GA,ASO,ES,Federal Contract Tower,0,2,14,6,22,0,0,4,1,5,0,2,18,7,27,0,0,0,27
07/31/2005,VLD,GA,ASO,ES,Federal Contract Tower,2,6,7,0,15,0,0,8,1,9,2,6,15,1,24,14,0,14,38
08/01/2005,VLD,GA,ASO,ES,Federal Contract Tower,2,6,25,60,93,0,0,41,32,73,2,6,66,92,166,38,62,100,266
08/02/2005,VLD,GA,ASO,ES,Federal Contract Tower,2,6,12,56,76,0,0,51,7,58,2,6,63,63,134,28,102,130,264
08/03/2005,VLD,GA,ASO,ES,Federal Contract Tower,2,6,21,52,81,0,0,50,12,62,2,6,71,64,143,42,100,142,285
08/04/2005,VLD,GA,ASO,ES,Federal Contract Tower,2,33,27,18,80,0,0,42,4,46,2,33,69,22,126,34,78,112,238
08/05/2005,VLD,GA,ASO,ES,Federal Contract Tower,2,7,16,31,56,0,0,52,8,60,2,7,68,39,116,26,83,109,225
08/06/2005,VLD,GA,ASO,ES,Federal Contract Tower,0,4,9,15,28,0,0,43,12,55,0,4,52,27,83,52,71,123,206
08/07/2005,VLD,GA,ASO,ES,Federal Contract Tower,2,4,11,3,20,0,0,39,5,44,2,4,50,8,64,50,50,100,164
08/08/2005,VLD,GA,ASO,ES,Federal Contract Tower,2,4,8,51,65,0,0,38,5,43,2,4,46,56,108,40,58,98,206
08/09/2005,VLD,GA,ASO,ES,Federal Contract Tower,2,6,22,33,63,0,0,46,8,54,2,6,68,41,117,46,84,130,247
08/10/2005,VLD,GA,ASO,ES,Federal Contract Tower,2,4,24,26,56,0,1,16,11,28,2,5,40,37,84,12,82,94,178
08/11/2005,VLD,GA,ASO,ES,Federal Contract Tower,2,6,33,18,59,0,0,34,12,46,2,6,67,30,105,68,94,162,267
08/12/2005,VLD,GA,ASO,ES,Federal Contract Tower,0,6,35,20,61,0,0,31,16,47,0,6,66,36,108,28,78,106,214
08/13/2005,VLD,GA,ASO,ES,Federal Contract Tower,0,4,7,8,19,0,0,35,4,39,0,4,42,12,58,34,60,94,152
08/14/2005,VLD,GA,ASO,ES,Federal Contract Tower,2,4,15,4,25,0,0,34,8,42,2,4,49,12,67,44,42,86,153
08/15/2005,VLD,GA,ASO,ES,Federal Contract Tower,2,6,20,20,48,0,0,23,12,35,2,6,43,32,83,0,170,170,253
08/16/2005,VLD,GA,ASO,ES,Federal Contract Tower,2,4,20,25,51,0,0,23,21,44,2,4,43,46,95,8,148,156,251
08/17/2005,VLD,GA,ASO,ES,Federal Contract Tower,2,6,32,32,72,0,0,21,4,25,2,6,53,36,97,34,48,82,179
08/18/2005,VLD,GA,ASO,ES,Federal Contract Tower,0,6,23,14,43,0,0,41,8,49,0,6,64,22,92,42,90,132,224
08/19/2005,VLD,GA,ASO,ES,Federal Contract Tower,0,10,17,20,47,0,0,14,7,21,0,10,31,27,68,12,96,108,176
08/20/2005,VLD,GA,ASO,ES,Federal Contract Tower,0,4,8,4,16,0,0,45,1,46,0,4,53,5,62,44,8,52,114
08/21/2005,VLD,GA,ASO,ES,Federal Contract Tower,2,4,13,13,32,0,0,43,4,47,2,4,56,17,79,44,24,68,147
08/22/2005,VLD,GA,ASO,ES,Federal Contract Tower,2,9,19,16,46,0,0,49,7,56,2,9,68,23,102,70,103,173,275
08/23/2005,VLD,GA,ASO,ES,Federal Contract Tower,2,4,16,10,32,0,0,45,12,57,2,4,61,22,89,76,76,152,241
08/24/2005,VLD,GA,ASO,ES,Federal Contract Tower,2,8,12,56,78,0,0,47,15,62,2,8,59,71,140,32,133,165,305
08/25/2005,VLD,GA,ASO,ES,Federal Contract Tower,2,4,23,53,82,0,0,37,6,43,2,4,60,59,125,52,90,142,267
08/26/2005,VLD,GA,ASO,ES,Federal Contract Tower,2,6,18,14,40,0,0,39,8,47,2,6,57,22,87,40,92,132,219
08/27/2005,VLD,GA,ASO,ES,Federal Contract Tower,0,2,12,10,24,0,0,32,6,38,0,2,44,16,62,42,40,82,144
08/28/2005,VLD,GA,ASO,ES,Federal Contract Tower,0,6,9,11,26,0,0,29,12,41,0,6,38,23,67,36,68,104,171
08/29/2005,VLD,GA,ASO,ES,Federal Contract Tower,2,4,7,47,60,0,0,13,9,22,2,4,20,56,82,12,79,91,173
08/30/2005,VLD,GA,ASO,ES,Federal Contract Tower,2,6,21,34,63,0,0,36,16,52,2,6,57,50,115,34,98,132,247
08/31/2005,VLD,GA,ASO,ES,Federal Contract Tower,2,12,13,27,54,0,0,18,5,23,2,12,31,32,77,0,16,16,93
09/01/2005,VLD,GA,ASO,ES,Federal Contract Tower,2,5,21,32,60,0,0,41,14,55,2,5,62,46,115,80,144,224,339
09/02/2005,VLD,GA,ASO,ES,Federal Contract Tower,2,10,18,24,54,0,2,59,18,79,2,12,77,42,133,144,117,261,394
09/03/2005,VLD,GA,ASO,ES,Federal Contract Tower,2,3,16,0,21,0,0,30,0,30,2,3,46,0,51,52,0,52,103
09/04/2005,VLD,GA,ASO,ES,Federal Contract Tower,2,5,17,0,24,0,0,58,0,58,2,5,75,0,82,134,0,134,216
09/05/2005,VLD,GA,ASO,ES,Federal Contract Tower,2,3,18,0,23,0,0,43,0,43,2,3,61,0,66,102,0,102,168
09/06/2005,VLD,GA,ASO,ES,Federal Contract Tower,2,7,18,27,54,0,0,40,21,61,2,7,58,48,115,78,86,164,279
09/07/2005,VLD,GA,ASO,ES,Federal Contract Tower,2,5,21,29,57,0,0,38,22,60,2,5,59,51,117,58,96,154,271
09/08/2005,VLD,GA,ASO,ES,Federal Contract Tower,2,9,21,51,83,0,0,41,14,55,2,9,62,65,138,42,113,155,293
09/09/2005,VLD,GA,ASO,ES,Federal Contract Tower,2,7,15,27,51,0,0,37,13,50,2,7,52,40,101,96,90,186,287
09/10/2005,VLD,GA,ASO,ES,Federal Contract Tower,2,3,12,3,20,0,0,44,3,47,2,3,56,6,67,36,30,66,133
09/11/2005,VLD,GA,ASO,ES,Federal Contract Tower,2,3,7,5,17,0,0,37,2,39,2,3,44,7,56,42,12,54,110
09/12/2005,VLD,GA,ASO,ES,Federal Contract Tower,2,5,17,20,44,0,0,55,12,67,2,5,72,32,111,70,78,148,259
09/13/2005,VLD,GA,ASO,ES,Federal Contract Tower,2,5,24,34,65,0,0,39,12,51,2,5,63,46,116,51,80,131,247
09/14/2005,VLD,GA,ASO,ES,Federal Contract Tower,2,5,17,44,68,0,0,56,0,56,2,5,73,44,124,40,96,136,260
09/15/2005,VLD,GA,ASO,ES,Federal Contract Tower,0,7,15,31,53,0,5,20,1,26,0,12,35,32,79,34,62,96,175
09/16/2005,VLD,GA,ASO,ES,Federal Contract Tower,3,8,31,16,58,0,0,15,5,20,3,8,46,21,78,86,22,108,186
09/17/2005,VLD,GA,ASO,ES,Federal Contract Tower,3,6,11,2,22,0,0,44,4,48,3,6,55,6,70,40,20,60,130
09/18/2005,VLD,GA,ASO,ES,Federal Contract Tower,0,7,9,2,18,0,0,16,0,16,0,7,25,2,34,54,0,54,88
09/19/2005,VLD,GA,ASO,ES,Federal Contract Tower,2,8,8,21,39,0,5,32,7,44,2,13,40,28,83,78,60,138,221
09/20/2005,VLD,GA,ASO,ES,Federal Contract Tower,2,5,20,13,40,0,0,35,5,40,2,5,55,18,80,62,42,104,184
09/21/2005,VLD,GA,ASO,ES,Federal Contract Tower,2,5,26,18,51,0,0,42,10,52,2,5,68,28,103,24,84,108,211
09/22/2005,VLD,GA,ASO,ES,Federal Contract Tower,2,5,21,31,59,0,0,54,5,59,2,5,75,36,118,26,80,106,224
09/23/2005,VLD,GA,ASO,ES,Federal Contract Tower,2,5,13,17,37,0,0,59,5,64,2,5,72,22,101,42,68,110,211
09/24/2005,VLD,GA,ASO,ES,Federal Contract Tower,5,6,15,0,26,0,0,29,0,29,5,6,44,0,55,84,0,84,139
09/25/2005,VLD,GA,ASO,ES,Federal Contract Tower,2,3,5,1,11,0,0,45,2,47,2,3,50,3,58,72,22,94,152
09/26/2005,VLD,GA,ASO,ES,Federal Contract Tower,2,5,29,28,64,0,0,10,0,10,2,5,39,28,74,54,30,84,158
09/27/2005,VLD,GA,ASO,ES,Federal Contract Tower,2,5,29,28,64,0,0,10,0,10,2,5,39,28,74,54,30,84,158
09/28/2005,VLD,GA,ASO,ES,Federal Contract Tower,2,5,17,2,26,0,0,39,0,39,2,5,56,2,65,68,0,68,133
09/29/2005,VLD,GA,ASO,ES,Federal Contract Tower,2,3,26,0,31,0,0,11,4,15,2,3,37,4,46,38,0,38,84
09/30/2005,VLD,GA,ASO,ES,Federal Contract Tower,2,5,20,0,27,0,0,23,0,23,2,5,43,0,50,26,0,26,76
10/01/2005,VLD,GA,ASO,ES,Federal Contract Tower,4,3,12,0,19,0,0,40,0,40,4,3,52,0,59,78,0,78,137
10/02/2005,VLD,GA,ASO,ES,Federal Contract Tower,2,3,5,0,10,0,0,47,0,47,2,3,52,0,57,102,0,102,159
10/03/2005,VLD,GA,ASO,ES,Federal Contract Tower,2,3,11,62,78,0,0,69,8,77,2,3,80,70,155,78,118,196,351
10/04/2005,VLD,GA,ASO,ES,Federal Contract Tower,2,5,20,80,107,0,0,38,16,54,2,5,58,96,161,66,138,204,365
10/05/2005,VLD,GA,ASO,ES,Federal Contract Tower,2,9,18,26,55,0,0,37,8,45,2,9,55,34,100,78,160,238,338
10/06/2005,VLD,GA,ASO,ES,Federal Contract Tower,2,5,16,64,87,0,0,32,6,38,2,5,48,70,125,42,72,114,239
10/07/2005,VLD,GA,ASO,ES,Federal Contract Tower,2,6,27,60,95,0,0,28,4,32,2,6,55,64,127,72,106,178,305
10/08/2005,VLD,GA,ASO,ES,Federal Contract Tower,2,3,27,6,38,0,0,30,4,34,2,3,57,10,72,70,64,134,206
10/09/2005,VLD,GA,ASO,ES,Federal Contract Tower,2,3,22,0,27,0,0,48,0,48,2,3,70,0,75,90,0,90,165
10/10/2005,VLD,GA,ASO,ES,Federal Contract Tower,2,5,29,21,57,0,0,42,12,54,2,5,71,33,111,94,66,160,271
10/11/2005,VLD,GA,ASO,ES,Federal Contract Tower,2,7,17,66,92,0,0,39,17,56,2,7,56,83,148,82,129,211,359
10/12/2005,VLD,GA,ASO,ES,Federal Contract Tower,0,9,32,44,85,0,0,27,12,39,0,9,59,56,124,42,81,123,247
10/13/2005,VLD,GA,ASO,ES,Federal Contract Tower,2,5,41,36,84,0,0,26,6,32,2,5,67,42,116,56,82,138,254
10/14/2005,VLD,GA,ASO,ES,Federal Contract Tower,2,5,21,26,54,0,0,48,11,59,2,5,69,37,113,78,97,175,288
10/15/2005,VLD,GA,ASO,ES,Federal Contract Tower,2,5,10,8,25,0,0,55,4,59,2,5,65,12,84,52,66,118,202
10/16/2005,VLD,GA,ASO,ES,Federal Contract Tower,2,3,21,5,31,0,0,39,7,46,2,3,60,12,77,54,52,106,183
10/17/2005,VLD,GA,ASO,ES,Federal Contract Tower,2,6,14,42,64,0,0,57,2,59,2,6,71,44,123,74,88,162,285
10/18/2005,VLD,GA,ASO,ES,Federal Contract Tower,2,5,12,41,60,0,0,27,17,44,2,5,39,58,104,38,156,194,298
10/19/2005,VLD,GA,ASO,ES,Federal Contract Tower,2,5,26,13,46,0,0,27,6,33,2,5,53,19,79,28,53,81,160
10/20/2005,VLD,GA,ASO,ES,Federal Contract Tower,2,5,31,22,60,0,0,47,18,65,2,5,78,40,125,40,92,132,257
10/21/2005,VLD,GA,ASO,ES,Federal Contract Tower,2,5,28,15,50,0,0,17,9,26,2,5,45,24,76,0,59,59,135
10/22/2005,VLD,GA,ASO,ES,Federal Contract Tower,2,3,13,5,23,0,0,30,0,30,2,3,43,5,53,38,0,38,91
10/23/2005,VLD,GA,ASO,ES,Federal Contract Tower,2,6,13,1,22,0,0,68,1,69,2,6,81,2,91,10,0,10,101
10/24/2005,VLD,GA,ASO,ES,Federal Contract Tower,2,5,16,31,54,0,0,29,5,34,2,5,45,36,88,74,44,118,206
10/25/2005,VLD,GA,ASO,ES,Federal Contract Tower,2,6,30,20,58,0,0,57,6,63,2,6,87,26,121,10,50,60,181
10/26/2005,VLD,GA,ASO,ES,Federal Contract Tower,2,5,21,12,40,0,0,29,22,51,2,5,50,34,91,14,58,72,163
10/27/2005,VLD,GA,ASO,ES,Federal Contract Tower,2,5,22,10,39,0,0,28,6,34,2,5,50,16,73,28,34,62,135
10/28/2005,VLD,GA,ASO,ES,Federal Contract Tower,2,7,27,10,46,0,0,26,2,28,2,7,53,12,74,4,14,18,92
10/29/2005,VLD,GA,ASO,ES,Federal Contract Tower,2,6,9,0,17,0,0,28,0,28,2,6,37,0,45,18,0,18,63
10/30/2005,VLD,GA,ASO,ES,Federal Contract Tower,2,3,6,0,11,0,0,18,0,18,2,3,24,0,29,12,0,12,41
10/31/2005,VLD,GA,ASO,ES,Federal Contract Tower,0,9,16,12,37,0,0,15,10,25,0,9,31,22,62,20,36,56,118
11/01/2005,VLD,GA,ASO,ES,Federal Contract Tower,2,5,25,30,62,0,0,50,7,57,2,5,75,37,119,116,134,250,369
11/02/2005,VLD,GA,ASO,ES,Federal Contract Tower,2,8,34,26,70,0,0,50,12,62,2,8,84,38,132,78,106,184,316
11/03/2005,VLD,GA,ASO,ES,Federal Contract Tower,2,5,26,29,62,0,0,62,8,70,2,5,88,37,132,86,80,166,298
11/04/2005,VLD,GA,ASO,ES,Federal Contract Tower,2,5,34,18,59,0,0,51,5,56,2,5,85,23,115,52,64,116,231
11/05/2005,VLD,GA,ASO,ES,Federal Contract Tower,2,4,21,0,27,0,0,43,5,48,2,4,64,5,75,28,20,48,123
11/06/2005,VLD,GA,ASO,ES,Federal Contract Tower,2,3,15,2,22,0,0,32,2,34,2,3,47,4,56,40,8,48,104
11/07/2005,VLD,GA,ASO,ES,Federal Contract Tower,2,7,15,31,55,0,0,54,13,67,2,7,69,44,122,0,128,128,250
11/08/2005,VLD,GA,ASO,ES,Federal Contract Tower,2,7,26,19,54,0,0,47,9,56,2,7,73,28,110,72,98,170,280
11/09/2005,VLD,GA,ASO,ES,Federal Contract Tower,2,7,15,22,46,0,0,62,8,70,2,7,77,30,116,86,90,176,292
11/10/2005,VLD,GA,ASO,ES,Federal Contract Tower,0,7,21,37,65,0,0,48,21,69,0,7,69,58,134,48,80,128,262
11/11/2005,VLD,GA,ASO,ES,Federal Contract Tower,0,5,26,7,38,0,0,60,7,67,0,5,86,14,105,84,54,138,243
11/12/2005,VLD,GA,ASO,ES,Federal Contract Tower,0,7,49,4,60,0,0,31,4,35,0,7,80,8,95,54,20,74,169
11/13/2005,VLD,GA,ASO,ES,Federal Contract Tower,0,5,19,6,30,0,0,42,9,51,0,5,61,15,81,36,48,84,165
11/14/2005,VLD,GA,ASO,ES,Federal Contract Tower,0,7,32,14,53,0,0,38,8,46,0,7,70,22,99,48,57,105,204
11/15/2005,VLD,GA,ASO,ES,Federal Contract Tower,0,7,17,37,61,0,0,51,21,72,0,7,68,58,133,33,180,213,346
11/16/2005,VLD,GA,ASO,ES,Federal Contract Tower,2,7,28,14,51,0,0,19,8,27,2,7,47,22,78,0,136,136,214
11/17/2005,VLD,GA,ASO,ES,Federal Contract Tower,2,8,25,34,69,0,0,53,12,65,2,8,78,46,134,58,168,226,360
11/18/2005,VLD,GA,ASO,ES,Federal Contract Tower,2,8,26,48,84,0,0,57,16,73,2,8,83,64,157,70,126,196,353
11/19/2005,VLD,GA,ASO,ES,Federal Contract Tower,2,5,19,15,41,0,0,69,7,76,2,5,88,22,117,64,76,140,257
11/20/2005,VLD,GA,ASO,ES,Federal Contract Tower,0,11,11,22,44,0,0,31,0,31,0,11,42,22,75,16,0,16,91
11/21/2005,VLD,GA,ASO,ES,Federal Contract Tower,2,6,16,25,49,0,0,37,4,41,2,6,53,29,90,34,68,102,192
11/22/2005,VLD,GA,ASO,ES,Federal Contract Tower,2,6,34,8,50,0,0,50,5,55,2,6,84,13,105,36,94,130,235
11/23/2005,VLD,GA,ASO,ES,Federal Contract Tower,0,12,25,24,61,0,0,47,6,53,0,12,72,30,114,62,50,112,226
11/24/2005,VLD,GA,ASO,ES,Federal Contract Tower,2,5,10,0,17,0,0,48,0,48,2,5,58,0,65,50,0,50,115
11/25/2005,VLD,GA,ASO,ES,Federal Contract Tower,2,8,12,0,22,0,0,60,0,60,2,8,72,0,82,74,0,74,156
11/26/2005,VLD,GA,ASO,ES,Federal Contract Tower,2,3,21,0,26,0,0,51,0,51,2,3,72,0,77,82,0,82,159
11/27/2005,VLD,GA,ASO,ES,Federal Contract Tower,2,6,12,0,20,0,0,36,0,36,2,6,48,0,56,54,0,54,110
11/28/2005,VLD,GA,ASO,ES,Federal Contract Tower,2,6,14,39,61,0,0,59,9,68,2,6,73,48,129,26,85,111,240
11/29/2005,VLD,GA,ASO,ES,Federal Contract Tower,2,7,15,10,34,0,0,67,10,77,2,7,82,20,111,60,94,154,265
11/30/2005,VLD,GA,ASO,ES,Federal Contract Tower,2,7,31,14,54,0,0,32,2,34,2,7,63,16,88,0,12,12,100
12/01/2005,VLD,GA,ASO,ES,Federal Contract Tower,2,8,27,41,78,0,0,52,18,70,2,8,79,59,148,44,127,171,319
12/02/2005,VLD,GA,ASO,ES,Federal Contract Tower,2,11,23,20,56,0,0,59,10,69,2,11,82,30,125,48,98,146,271
12/03/2005,VLD,GA,ASO,ES,Federal Contract Tower,0,5,20,15,40,0,0,35,3,38,0,5,55,18,78,94,40,134,212
12/04/2005,VLD,GA,ASO,ES,Federal Contract Tower,2,4,18,0,24,0,0,55,0,55,2,4,73,0,79,86,0,86,165
12/05/2005,VLD,GA,ASO,ES,Federal Contract Tower,2,5,7,28,42,0,0,44,1,45,2,5,51,29,87,32,70,102,189
12/06/2005,VLD,GA,ASO,ES,Federal Contract Tower,2,8,14,57,81,0,0,55,17,72,2,8,69,74,153,42,154,196,349
12/07/2005,VLD,GA,ASO,ES,Federal Contract Tower,2,8,18,38,66,0,0,42,10,52,2,8,60,48,118,26,90,116,234
12/08/2005,VLD,GA,ASO,ES,Federal Contract Tower,2,6,20,32,60,0,0,27,4,31,2,6,47,36,91,26,28,54,145
12/09/2005,VLD,GA,ASO,ES,Federal Contract Tower,2,7,15,42,66,0,3,61,18,82,2,10,76,60,148,52,120,172,320
12/10/2005,VLD,GA,ASO,ES,Federal Contract Tower,4,4,29,0,37,0,11,54,0,65,4,15,83,0,102,68,0,68,170
12/11/2005,VLD,GA,ASO,ES,Federal Contract Tower,2,6,19,25,52,0,0,50,4,54,2,6,69,29,106,90,24,114,220
12/12/2005,VLD,GA,ASO,ES,Federal Contract Tower,2,5,14,32,53,0,0,30,12,42,2,5,44,44,95,40,70,110,205
12/13/2005,VLD,GA,ASO,ES,Federal Contract Tower,2,5,25,46,78,0,0,23,12,35,2,5,48,58,113,24,70,94,207
12/14/2005,VLD,GA,ASO,ES,Federal Contract Tower,2,8,20,40,70,0,1,45,16,62,2,9,65,56,132,58,118,176,308
12/15/2005,VLD,GA,ASO,ES,Federal Contract Tower,2,6,23,18,49,0,0,5,2,7,2,6,28,20,56,8,18,26,82
12/16/2005,VLD,GA,ASO,ES,Federal Contract Tower,2,6,28,26,62,0,0,46,24,70,2,6,74,50,132,32,168,200,332
12/17/2005,VLD,GA,ASO,ES,Federal Contract Tower,2,3,10,0,15,0,0,42,0,42,2,3,52,0,57,36,0,36,93
12/18/2005,VLD,GA,ASO,ES,Federal Contract Tower,2,4,23,0,29,0,0,28,0,28,2,4,51,0,57,40,0,40,97
12/19/2005,VLD,GA,ASO,ES,Federal Contract Tower,2,5,24,12,43,0,0,38,16,54,2,5,62,28,97,34,115,149,246
12/20/2005,VLD,GA,ASO,ES,Federal Contract Tower,2,6,20,40,68,0,0,41,8,49,2,6,61,48,117,58,66,124,241
12/21/2005,VLD,GA,ASO,ES,Federal Contract Tower,2,5,18,28,53,0,0,26,4,30,2,5,44,32,83,0,36,36,119
12/22/2005,VLD,GA,ASO,ES,Federal Contract Tower,2,6,27,6,41,0,0,7,2,9,2,6,34,8,50,12,16,28,78
12/23/2005,VLD,GA,ASO,ES,Federal Contract Tower,2,6,17,0,25,0,0,16,0,16,2,6,33,0,41,30,0,30,71
12/24/2005,VLD,GA,ASO,ES,Federal Contract Tower,2,5,4,2,13,0,0,18,0,18,2,5,22,2,31,12,0,12,43
12/25/2005,VLD,GA,ASO,ES,Federal Contract Tower,2,5,0,0,7,0,0,1,0,1,2,5,1,0,8,0,0,0,8
12/26/2005,VLD,GA,ASO,ES,Federal Contract Tower,2,4,27,0,33,0,0,17,0,17,2,4,44,0,50,38,0,38,88
12/27/2005,VLD,GA,ASO,ES,Federal Contract Tower,2,9,19,22,52,0,0,47,6,53,2,9,66,28,105,66,52,118,223
12/28/2005,VLD,GA,ASO,ES,Federal Contract Tower,4,9,15,8,36,0,0,23,2,25,4,9,38,10,61,26,14,40,101
12/29/2005,VLD,GA,ASO,ES,Federal Contract Tower,2,6,26,0,34,0,0,11,0,11,2,6,37,0,45,10,0,10,55
12/30/2005,VLD,GA,ASO,ES,Federal Contract Tower,2,6,25,0,33,0,0,32,0,32,2,6,57,0,65,28,0,28,93
12/31/2005,VLD,GA,ASO,ES,Federal Contract Tower,0,6,6,0,12,0,0,4,0,4,0,6,10,0,16,30,0,30,46
01/01/2006,VLD,GA,ASO,ES,Federal Contract Tower,2,4,22,0,28,0,0,28,0,28,2,4,50,0,56,84,0,84,140
01/02/2006,VLD,GA,ASO,ES,Federal Contract Tower,0,2,20,0,22,0,0,14,0,14,0,2,34,0,36,0,0,0,36
01/03/2006,VLD,GA,ASO,ES,Federal Contract Tower,2,7,24,30,63,0,0,39,8,47,2,7,63,38,110,76,78,154,264
01/04/2006,VLD,GA,ASO,ES,Federal Contract Tower,2,5,23,26,56,0,1,51,20,72,2,6,74,46,128,36,120,156,284
01/05/2006,VLD,GA,ASO,ES,Federal Contract Tower,2,6,32,12,52,0,0,31,12,43,2,6,63,24,95,36,96,132,227
01/06/2006,VLD,GA,ASO,ES,Federal Contract Tower,2,6,24,42,74,0,0,35,16,51,2,6,59,58,125,56,114,170,295
01/07/2006,VLD,GA,ASO,ES,Federal Contract Tower,2,3,15,10,30,0,0,33,6,39,2,3,48,16,69,56,60,116,185
01/08/2006,VLD,GA,ASO,ES,Federal Contract Tower,2,4,18,8,32,0,0,41,4,45,2,4,59,12,77,98,38,136,213
01/09/2006,VLD,GA,ASO,ES,Federal Contract Tower,2,5,17,42,66,0,0,58,8,66,2,5,75,50,132,72,126,198,330
01/10/2006,VLD,GA,ASO,ES,Federal Contract Tower,2,5,19,29,55,0,0,43,17,60,2,5,62,46,115,48,168,216,331
01/11/2006,VLD,GA,ASO,ES,Federal Contract Tower,2,5,17,36,60,0,0,52,8,60,2,5,69,44,120,52,100,152,272
01/12/2006,VLD,GA,ASO,ES,Federal Contract Tower,2,7,25,56,90,0,0,45,16,61,2,7,70,72,151,54,90,144,295
01/13/2006,VLD,GA,ASO,ES,Federal Contract Tower,2,7,17,32,58,0,0,39,14,53,2,7,56,46,111,44,102,146,257
01/14/2006,VLD,GA,ASO,ES,Federal Contract Tower,2,3,21,0,26,0,0,37,0,37,2,3,58,0,63,56,0,56,119
01/15/2006,VLD,GA,ASO,ES,Federal Contract Tower,2,4,28,12,46,0,0,31,2,33,2,4,59,14,79,24,36,60,139
01/16/2006,VLD,GA,ASO,ES,Federal Contract Tower,2,5,28,0,35,0,0,18,0,18,2,5,46,0,53,26,0,26,79
01/17/2006,VLD,GA,ASO,ES,Federal Contract Tower,2,7,15,47,71,0,0,33,11,44,2,7,48,58,115,20,88,108,223
01/18/2006,VLD,GA,ASO,ES,Federal Contract Tower,2,8,19,14,43,0,0,12,12,24,2,8,31,26,67,0,114,114,181
01/19/2006,VLD,GA,ASO,ES,Federal Contract Tower,2,8,27,28,65,0,0,9,6,15,2,8,36,34,80,34,90,124,204
01/20/2006,VLD,GA,ASO,ES,Federal Contract Tower,2,9,19,29,59,0,0,23,16,39,2,9,42,45,98,16,110,126,224
01/21/2006,VLD,GA,ASO,ES,Federal Contract Tower,2,3,21,4,30,0,0,34,2,36,2,3,55,6,66,74,22,96,162
01/22/2006,VLD,GA,ASO,ES,Federal Contract Tower,2,3,30,6,41,0,0,36,2,38,2,3,66,8,79,74,40,114,193
01/23/2006,VLD,GA,ASO,ES,Federal Contract Tower,2,7,25,58,92,0,1,23,6,30,2,8,48,64,122,0,46,46,168
01/24/2006,VLD,GA,ASO,ES,Federal Contract Tower,2,7,15,51,75,0,0,26,17,43,2,7,41,68,118,22,94,116,234
01/25/2006,VLD,GA,ASO,ES,Federal Contract Tower,2,7,29,42,80,0,0,23,26,49,2,7,52,68,129,36,32,68,197
01/26/2006,VLD,GA,ASO,ES,Federal Contract Tower,2,9,31,24,66,0,1,34,2,37,2,10,65,26,103,10,0,10,113
01/27/2006,VLD,GA,ASO,ES,Federal Contract Tower,2,8,13,15,38,0,0,23,3,26,2,8,36,18,64,8,48,56,120
01/28/2006,VLD,GA,ASO,ES,Federal Contract Tower,2,4,11,6,23,0,0,23,2,25,2,4,34,8,48,22,12,34,82
01/29/2006,VLD,GA,ASO,ES,Federal Contract Tower,2,0,4,8,14,0,0,1,1,2,2,0,5,9,16,0,0,0,16
01/30/2006,VLD,GA,ASO,ES,Federal Contract Tower,2,6,9,28,45,0,0,2,4,6,2,6,11,32,51,0,16,16,67
01/31/2006,VLD,GA,ASO,ES,Federal Contract Tower,2,7,22,11,42,0,0,15,3,18,2,7,37,14,60,26,64,90,150
02/01/2006,VLD,GA,ASO,ES,Federal Contract Tower,2,7,26,63,98,0,0,34,6,40,2,7,60,69,138,32,180,212,350
02/02/2006,VLD,GA,ASO,ES,Federal Contract Tower,2,8,23,20,53,0,0,34,6,40,2,8,57,26,93,14,90,104,197
02/03/2006,VLD,GA,ASO,ES,Federal Contract Tower,4,8,26,28,66,0,0,22,10,32,4,8,48,38,98,48,46,94,192
02/04/2006,VLD,GA,ASO,ES,Federal Contract Tower,2,7,19,0,28,0,0,25,0,25,2,7,44,0,53,48,0,48,101
02/05/2006,VLD,GA,ASO,ES,Federal Contract Tower,2,4,19,0,25,0,0,31,0,31,2,4,50,0,56,46,0,46,102
02/06/2006,VLD,GA,ASO,ES,Federal Contract Tower,0,5,28,48,81,0,0,38,14,52,0,5,66,62,133,76,94,170,303
02/07/2006,VLD,GA,ASO,ES,Federal Contract Tower,2,5,27,58,92,0,0,51,14,65,2,5,78,72,157,54,110,164,321
02/08/2006,VLD,GA,ASO,ES,Federal Contract Tower,2,5,36,18,61,0,0,49,4,53,2,5,85,22,114,64,84,148,262
02/09/2006,VLD,GA,ASO,ES,Federal Contract Tower,2,7,34,72,115,0,0,42,14,56,2,7,76,86,171,26,114,140,311
02/10/2006,VLD,GA,ASO,ES,Federal Contract Tower,2,6,26,29,63,0,0,49,0,49,2,6,75,29,112,78,54,132,244
02/11/2006,VLD,GA,ASO,ES,Federal Contract Tower,2,6,21,0,29,0,0,15,0,15,2,6,36,0,44,46,0,46,90
02/12/2006,VLD,GA,ASO,ES,Federal Contract Tower,2,5,33,20,60,0,0,22,8,30,2,5,55,28,90,48,66,114,204
02/13/2006,VLD,GA,ASO,ES,Federal Contract Tower,2,6,37,66,111,0,0,25,12,37,2,6,62,78,148,24,94,118,266
02/14/2006,VLD,GA,ASO,ES,Federal Contract Tower,2,5,26,54,87,0,0,35,12,47,2,5,61,66,134,35,112,147,281
02/15/2006,VLD,GA,ASO,ES,Federal Contract Tower,2,5,36,42,85,0,0,36,8,44,2,5,72,50,129,38,132,170,299
02/16/2006,VLD,GA,ASO,ES,Federal Contract Tower,2,6,48,38,94,0,0,30,0,30,2,6,78,38,124,48,60,108,232
02/17/2006,VLD,GA,ASO,ES,Federal Contract Tower,2,6,36,52,96,0,0,51,14,65,2,6,87,66,161,86,124,210,371
02/18/2006,VLD,GA,ASO,ES,Federal Contract Tower,2,3,39,0,44,0,0,19,0,19,2,3,58,0,63,74,0,74,137
02/19/2006,VLD,GA,ASO,ES,Federal Contract Tower,2,5,27,8,42,0,0,21,0,21,2,5,48,8,63,36,12,48,111
02/20/2006,VLD,GA,ASO,ES,Federal Contract Tower,2,4,31,2,39,0,0,15,0,15,2,4,46,2,54,44,0,44,98
02/21/2006,VLD,GA,ASO,ES,Federal Contract Tower,2,5,18,38,63,0,0,18,7,25,2,5,36,45,88,22,12,34,122
02/22/2006,VLD,GA,ASO,ES,Federal Contract Tower,2,4,17,27,50,0,0,2,1,3,2,4,19,28,53,2,44,46,99
02/23/2006,VLD,GA,ASO,ES,Federal Contract Tower,2,6,34,38,80,0,0,41,6,47,2,6,75,44,127,20,110,130,257
02/24/2006,VLD,GA,ASO,ES,Federal Contract Tower,0,10,29,18,57,0,0,43,8,51,0,10,72,26,108,38,74,112,220
02/25/2006,VLD,GA,ASO,ES,Federal Contract Tower,2,2,19,5,28,0,0,25,2,27,2,2,44,7,55,64,16,80,135
02/26/2006,VLD,GA,ASO,ES,Federal Contract Tower,2,7,16,6,31,0,0,23,4,27,2,7,39,10,58,36,34,70,128
02/27/2006,VLD,GA,ASO,ES,Federal Contract Tower,2,6,17,4,29,0,0,21,0,21,2,6,38,4,50,62,0,62,112
02/28/2006,VLD,GA,ASO,ES,Federal Contract Tower,2,5,25,9,41,0,0,21,1,22,2,5,46,10,63,24,6,30,93
03/01/2006,VLD,GA,ASO,ES,Federal Contract Tower,2,6,36,55,99,0,4,53,16,73,2,10,89,71,172,58,143,201,373
03/02/2006,VLD,GA,ASO,ES,Federal Contract Tower,2,5,45,34,86,0,0,29,8,37,2,5,74,42,123,74,92,166,289
03/03/2006,VLD,GA,ASO,ES,Federal Contract Tower,2,6,45,10,63,0,0,50,6,56,2,6,95,16,119,98,84,182,301
03/04/2006,VLD,GA,ASO,ES,Federal Contract Tower,2,2,38,0,42,0,8,54,0,62,2,10,92,0,104,116,0,116,220
03/05/2006,VLD,GA,ASO,ES,Federal Contract Tower,2,4,16,4,26,0,0,60,2,62,2,4,76,6,88,50,18,68,156
03/06/2006,VLD,GA,ASO,ES,Federal Contract Tower,2,7,23,23,55,0,0,19,6,25,2,7,42,29,80,18,83,101,181
03/07/2006,VLD,GA,ASO,ES,Federal Contract Tower,2,4,32,28,66,0,5,47,6,58,2,9,79,34,124,116,102,218,342
03/08/2006,VLD,GA,ASO,ES,Federal Contract Tower,2,6,27,12,47,0,2,42,2,46,2,8,69,14,93,52,90,142,235
03/09/2006,VLD,GA,ASO,ES,Federal Contract Tower,2,8,38,46,94,0,0,47,19,66,2,8,85,65,160,60,191,251,411
03/10/2006,VLD,GA,ASO,ES,Federal Contract Tower,2,6,33,40,81,0,1,32,13,46,2,7,65,53,127,80,149,229,356
03/11/2006,VLD,GA,ASO,ES,Federal Contract Tower,2,4,20,8,34,0,0,23,0,23,2,4,43,8,57,42,0,42,99
03/12/2006,VLD,GA,ASO,ES,Federal Contract Tower,2,8,22,1,33,0,0,31,4,35,2,8,53,5,68,0,0,0,68
03/13/2006,VLD,GA,ASO,ES,Federal Contract Tower,2,10,27,24,63,0,0,18,14,32,2,10,45,38,95,18,96,114,209
03/14/2006,VLD,GA,ASO,ES,Federal Contract Tower,2,4,24,38,68,0,0,43,8,51,2,4,67,46,119,38,88,126,245
03/15/2006,VLD,GA,ASO,ES,Federal Contract Tower,2,6,35,25,68,0,0,44,5,49,2,6,79,30,117,50,100,150,267
03/16/2006,VLD,GA,ASO,ES,Federal Contract Tower,0,8,19,14,41,0,0,20,12,32,0,8,39,26,73,14,132,146,219
03/17/2006,VLD,GA,ASO,ES,Federal Contract Tower,2,8,13,21,44,0,0,20,7,27,2,8,33,28,71,20,36,56,127
03/18/2006,VLD,GA,ASO,ES,Federal Contract Tower,2,2,13,1,18,0,0,39,1,40,2,2,52,2,58,10,0,10,68
03/19/2006,VLD,GA,ASO,ES,Federal Contract Tower,2,4,6,15,27,0,0,18,2,20,2,4,24,17,47,22,0,22,69
03/20/2006,VLD,GA,ASO,ES,Federal Contract Tower,2,4,23,14,43,0,0,36,6,42,2,4,59,20,85,46,60,106,191
03/21/2006,VLD,GA,ASO,ES,Federal Contract Tower,2,4,29,25,60,0,1,22,8,31,2,5,51,33,91,32,113,145,236
03/22/2006,VLD,GA,ASO,ES,Federal Contract Tower,2,6,21,18,47,0,3,28,6,37,2,9,49,24,84,16,30,46,130
03/23/2006,VLD,GA,ASO,ES,Federal Contract Tower,2,4,29,21,56,0,0,0,4,4,2,4,29,25,60,0,2,2,62
03/24/2006,VLD,GA,ASO,ES,Federal Contract Tower,2,7,17,10,36,0,0,21,4,25,2,7,38,14,61,64,20,84,145
03/25/2006,VLD,GA,ASO,ES,Federal Contract Tower,2,4,18,0,24,0,0,14,32,46,2,4,32,32,70,20,0,20,90
03/26/2006,VLD,GA,ASO,ES,Federal Contract Tower,2,6,25,0,33,0,0,27,0,27,2,6,52,0,60,70,0,70,130
03/27/2006,VLD,GA,ASO,ES,Federal Contract Tower,2,7,14,30,53,0,0,18,12,30,2,7,32,42,83,24,81,105,188
03/28/2006,VLD,GA,ASO,ES,Federal Contract Tower,2,8,31,30,71,0,0,15,8,23,2,8,46,38,94,28,58,86,180
03/29/2006,VLD,GA,ASO,ES,Federal Contract Tower,2,8,19,29,58,0,0,19,4,23,2,8,38,33,81,12,14,26,107
03/30/2006,VLD,GA,ASO,ES,Federal Contract Tower,2,6,36,16,60,0,0,22,10,32,2,6,58,26,92,10,75,85,177
03/31/2006,VLD,GA,ASO,ES,Federal Contract Tower,2,6,37,12,57,0,0,34,3,37,2,6,71,15,94,14,8,22,116
04/01/2006,VLD,GA,ASO,ES,Federal Contract Tower,2,2,26,10,40,0,0,77,2,79,2,2,103,12,119,98,44,142,261
04/02/2006,VLD,GA,ASO,ES,Federal Contract Tower,3,2,36,2,43,0,0,60,2,62,3,2,96,4,105,66,32,98,203
04/03/2006,VLD,GA,ASO,ES,Federal Contract Tower,2,4,39,48,93,0,0,70,10,80,2,4,109,58,173,64,122,186,359
04/04/2006,VLD,GA,ASO,ES,Federal Contract Tower,2,5,29,36,72,0,0,76,8,84,2,5,105,44,156,30,112,142,298
04/05/2006,VLD,GA,ASO,ES,Federal Contract Tower,2,6,28,37,73,0,0,34,8,42,2,6,62,45,115,60,114,174,289
04/06/2006,VLD,GA,ASO,ES,Federal Contract Tower,2,6,34,55,97,0,0,71,13,84,2,6,105,68,181,43,152,195,376
04/07/2006,VLD,GA,ASO,ES,Federal Contract Tower,4,8,31,35,78,0,0,67,18,85,4,8,98,53,163,52,100,152,315
04/08/2006,VLD,GA,ASO,ES,Federal Contract Tower,2,2,27,4,35,0,0,88,6,94,2,2,115,10,129,104,36,140,269
04/09/2006,VLD,GA,ASO,ES,Federal Contract Tower,2,6,38,8,54,0,0,106,3,109,2,6,144,11,163,110,48,158,321
04/10/2006,VLD,GA,ASO,ES,Federal Contract Tower,2,10,30,30,72,0,0,99,3,102,2,10,129,33,174,80,136,216,390
04/11/2006,VLD,GA,ASO,ES,Federal Contract Tower,2,6,35,52,95,0,0,52,10,62,2,6,87,62,157,84,97,181,338
04/12/2006,VLD,GA,ASO,ES,Federal Contract Tower,2,6,39,18,65,0,0,40,8,48,2,6,79,26,113,52,86,138,251
04/13/2006,VLD,GA,ASO,ES,Federal Contract Tower,2,8,36,38,84,0,3,47,8,58,2,11,83,46,142,86,114,200,342
04/14/2006,VLD,GA,ASO,ES,Federal Contract Tower,2,7,34,9,52,0,1,45,0,46,2,8,79,9,98,110,24,134,232
04/15/2006,VLD,GA,ASO,ES,Federal Contract Tower,2,2,26,10,40,0,0,50,6,56,2,2,76,16,96,108,40,148,244
04/16/2006,VLD,GA,ASO,ES,Federal Contract Tower,2,6,18,2,28,0,0,53,2,55,2,6,71,4,83,104,20,124,207
04/17/2006,VLD,GA,ASO,ES,Federal Contract Tower,2,6,39,42,89,0,0,32,4,36,2,6,71,46,125,58,116,174,299
04/18/2006,VLD,GA,ASO,ES,Federal Contract Tower,2,4,40,18,64,0,0,44,4,48,2,4,84,22,112,52,70,122,234
04/19/2006,VLD,GA,ASO,ES,Federal Contract Tower,2,6,25,22,55,0,0,30,8,38,2,6,55,30,93,38,118,156,249
04/20/2006,VLD,GA,ASO,ES,Federal Contract Tower,2,6,33,18,59,0,2,35,6,43,2,8,68,24,102,54,114,168,270
04/21/2006,VLD,GA,ASO,ES,Federal Contract Tower,2,4,33,12,51,0,0,38,6,44,2,4,71,18,95,50,72,122,217
04/22/2006,VLD,GA,ASO,ES,Federal Contract Tower,2,2,21,8,33,0,0,29,4,33,2,2,50,12,66,68,44,112,178
04/23/2006,VLD,GA,ASO,ES,Federal Contract Tower,2,4,26,0,32,0,14,53,2,69,2,18,79,2,101,84,12,96,197
04/24/2006,VLD,GA,ASO,ES,Federal Contract Tower,2,6,18,18,44,0,0,16,8,24,2,6,34,26,68,30,38,68,136
04/25/2006,VLD,GA,ASO,ES,Federal Contract Tower,2,4,23,21,50,0,0,25,6,31,2,4,48,27,81,0,56,56,137
04/26/2006,VLD,GA,ASO,ES,Federal Contract Tower,2,6,14,4,26,0,0,0,2,2,2,6,14,6,28,0,4,4,32
04/27/2006,VLD,GA,ASO,ES,Federal Contract Tower,2,6,41,23,72,0,0,21,12,33,2,6,62,35,105,0,26,26,131
04/28/2006,VLD,GA,ASO,ES,Federal Contract Tower,2,6,13,8,29,0,0,15,2,17,2,6,28,10,46,0,54,54,100
04/29/2006,VLD,GA,ASO,ES,Federal Contract Tower,2,4,13,1,20,0,0,12,2,14,2,4,25,3,34,4,0,4,38
04/30/2006,VLD,GA,ASO,ES,Federal Contract Tower,2,4,6,6,18,0,0,11,2,13,2,4,17,8,31,4,0,4,35
05/01/2006,VLD,GA,ASO,ES,Federal Contract Tower,2,5,23,10,40,0,0,32,6,38,2,5,55,16,78,28,56,84,162
05/02/2006,VLD,GA,ASO,ES,Federal Contract Tower,2,7,17,6,32,0,0,43,2,45,2,7,60,8,77,42,34,76,153
05/03/2006,VLD,GA,ASO,ES,Federal Contract Tower,2,6,35,15,58,0,0,26,3,29,2,6,61,18,87,60,24,84,171
05/04/2006,VLD,GA,ASO,ES,Federal Contract Tower,2,6,29,10,47,0,0,28,4,32,2,6,57,14,79,20,8,28,107
05/05/2006,VLD,GA,ASO,ES,Federal Contract Tower,2,8,13,0,23,0,0,32,0,32,2,8,45,0,55,58,0,58,113
05/06/2006,VLD,GA,ASO,ES,Federal Contract Tower,2,4,28,1,35,0,0,26,0,26,2,4,54,1,61,30,0,30,91
05/07/2006,VLD,GA,ASO,ES,Federal Contract Tower,2,4,22,12,40,0,0,55,5,60,2,4,77,17,100,56,32,88,188
05/08/2006,VLD,GA,ASO,ES,Federal Contract Tower,2,6,27,22,57,0,0,47,6,53,2,6,74,28,110,74,46,120,230
05/09/2006,VLD,GA,ASO,ES,Federal Contract Tower,2,6,34,32,74,0,0,33,5,38,2,6,67,37,112,60,68,128,240
05/10/2006,VLD,GA,ASO,ES,Federal Contract Tower,2,5,42,20,69,0,0,38,2,40,2,5,80,22,109,92,82,174,283
05/11/2006,VLD,GA,ASO,ES,Federal Contract Tower,2,6,43,33,84,0,0,24,5,29,2,6,67,38,113,98,152,250,363
05/12/2006,VLD,GA,ASO,ES,Federal Contract Tower,2,6,40,24,72,0,0,50,8,58,2,6,90,32,130,80,104,184,314
05/13/2006,VLD,GA,ASO,ES,Federal Contract Tower,2,6,19,10,37,0,0,44,4,48,2,6,63,14,85,90,20,110,195
05/14/2006,VLD,GA,ASO,ES,Federal Contract Tower,2,4,21,24,51,0,0,36,7,43,2,4,57,31,94,50,82,132,226
05/15/2006,VLD,GA,ASO,ES,Federal Contract Tower,0,8,32,36,76,0,0,24,10,34,0,8,56,46,110,46,101,147,257
05/16/2006,VLD,GA,ASO,ES,Federal Contract Tower,2,8,33,26,69,0,0,44,11,55,2,8,77,37,124,93,103,196,320
05/17/2006,VLD,GA,ASO,ES,Federal Contract Tower,2,7,38,18,65,0,0,38,4,42,2,7,76,22,107,58,90,148,255
05/18/2006,VLD,GA,ASO,ES,Federal Contract Tower,2,8,23,18,51,0,1,23,14,38,2,9,46,32,89,34,78,112,201
05/19/2006,VLD,GA,ASO,ES,Federal Contract Tower,2,7,37,28,74,0,0,45,8,53,2,7,82,36,127,96,74,170,297
05/20/2006,VLD,GA,ASO,ES,Federal Contract Tower,2,4,21,4,31,0,0,45,2,47,2,4,66,6,78,78,26,104,182
05/21/2006,VLD,GA,ASO,ES,Federal Contract Tower,2,4,26,4,36,0,0,32,2,34,2,4,58,6,70,48,14,62,132
05/22/2006,VLD,GA,ASO,ES,Federal Contract Tower,2,8,32,34,76,0,0,25,10,35,2,8,57,44,111,40,170,210,321
05/23/2006,VLD,GA,ASO,ES,Federal Contract Tower,2,12,25,6,45,0,0,37,2,39,2,12,62,8,84,76,0,76,160
05/24/2006,VLD,GA,ASO,ES,Federal Contract Tower,2,6,26,25,59,0,0,16,14,30,2,6,42,39,89,78,80,158,247
05/25/2006,VLD,GA,ASO,ES,Federal Contract Tower,2,8,24,13,47,0,0,13,0,13,2,8,37,13,60,58,8,66,126
05/26/2006,VLD,GA,ASO,ES,Federal Contract Tower,2,7,19,0,28,0,0,20,1,21,2,7,39,1,49,36,0,36,85
05/27/2006,VLD,GA,ASO,ES,Federal Contract Tower,2,4,14,0,20,0,0,8,0,8,2,4,22,0,28,24,0,24,52
05/28/2006,VLD,GA,ASO,ES,Federal Contract Tower,2,4,18,0,24,0,0,8,0,8,2,4,26,0,32,30,0,30,62
05/29/2006,VLD,GA,ASO,ES,Federal Contract Tower,2,4,16,2,24,0,0,17,2,19,2,4,33,4,43,20,6,26,69
05/30/2006,VLD,GA,ASO,ES,Federal Contract Tower,2,8,24,32,66,0,0,17,0,17,2,8,41,32,83,0,40,40,123
05/31/2006,VLD,GA,ASO,ES,Federal Contract Tower,2,7,20,16,45,0,0,20,0,20,2,7,40,16,65,6,0,6,71
06/01/2006,VLD,GA,ASO,ES,Federal Contract Tower,2,8,36,18,64,0,0,37,14,51,2,8,73,32,115,98,70,168,283
06/02/2006,VLD,GA,ASO,ES,Federal Contract Tower,2,6,33,16,57,0,0,41,4,45,2,6,74,20,102,98,58,156,258
06/03/2006,VLD,GA,ASO,ES,Federal Contract Tower,2,4,38,6,50,0,0,26,4,30,2,4,64,10,80,98,36,134,214
06/04/2006,VLD,GA,ASO,ES,Federal Contract Tower,2,4,28,24,58,0,0,42,2,44,2,4,70,26,102,86,62,148,250
06/05/2006,VLD,GA,ASO,ES,Federal Contract Tower,2,8,27,34,71,0,0,32,10,42,2,8,59,44,113,76,74,150,263
06/06/2006,VLD,GA,ASO,ES,Federal Contract Tower,2,8,36,50,96,0,0,42,10,52,2,8,78,60,148,56,94,150,298
06/07/2006,VLD,GA,ASO,ES,Federal Contract Tower,2,7,36,28,73,0,0,34,8,42,2,7,70,36,115,82,34,116,231
06/08/2006,VLD,GA,ASO,ES,Federal Contract Tower,2,6,32,34,74,0,0,45,4,49,2,6,77,38,123,44,48,92,215
06/09/2006,VLD,GA,ASO,ES,Federal Contract Tower,2,7,38,14,61,0,0,30,2,32,2,7,68,16,93,100,38,138,231
06/10/2006,VLD,GA,ASO,ES,Federal Contract Tower,2,3,42,18,65,0,0,17,0,17,2,3,59,18,82,94,0,94,176
06/11/2006,VLD,GA,ASO,ES,Federal Contract Tower,2,3,10,6,21,0,0,4,0,4,2,3,14,6,25,30,0,30,55
06/12/2006,VLD,GA,ASO,ES,Federal Contract Tower,2,7,28,40,77,0,0,32,4,36,2,7,60,44,113,42,84,126,239
06/13/2006,VLD,GA,ASO,ES,Federal Contract Tower,0,5,6,0,11,0,0,0,0,0,0,5,6,0,11,0,0,0,11
06/14/2006,VLD,GA,ASO,ES,Federal Contract Tower,2,7,28,26,63,0,0,22,2,24,2,7,50,28,87,80,14,94,181
06/15/2006,VLD,GA,ASO,ES,Federal Contract Tower,2,7,32,18,59,0,1,33,6,40,2,8,65,24,99,62,46,108,207
06/16/2006,VLD,GA,ASO,ES,Federal Contract Tower,2,7,27,27,63,0,0,33,8,41,2,7,60,35,104,44,44,88,192
06/17/2006,VLD,GA,ASO,ES,Federal Contract Tower,2,5,28,22,57,0,0,10,6,16,2,5,38,28,73,38,32,70,143
06/18/2006,VLD,GA,ASO,ES,Federal Contract Tower,2,5,29,20,56,0,0,27,6,33,2,5,56,26,89,46,62,108,197
06/19/2006,VLD,GA,ASO,ES,Federal Contract Tower,2,5,32,49,88,0,0,20,15,35,2,5,52,64,123,30,116,146,269
06/20/2006,VLD,GA,ASO,ES,Federal Contract Tower,2,5,20,29,56,0,0,24,5,29,2,5,44,34,85,34,28,62,147
06/21/2006,VLD,GA,ASO,ES,Federal Contract Tower,2,5,28,9,44,0,0,21,8,29,2,5,49,17,73,8,50,58,131
06/22/2006,VLD,GA,ASO,ES,Federal Contract Tower,2,6,22,8,38,0,1,15,2,18,2,7,37,10,56,0,20,20,76
06/23/2006,VLD,GA,ASO,ES,Federal Contract Tower,2,5,22,28,57,0,0,14,4,18,2,5,36,32,75,34,36,70,145
06/24/2006,VLD,GA,ASO,ES,Federal Contract Tower,2,3,27,15,47,0,0,27,2,29,2,3,54,17,76,50,48,98,174
06/25/2006,VLD,GA,ASO,ES,Federal Contract Tower,2,3,26,0,31,0,0,20,0,20,2,3,46,0,51,48,0,48,99
06/26/2006,VLD,GA,ASO,ES,Federal Contract Tower,2,6,14,21,43,0,0,11,6,17,2,6,25,27,60,10,36,46,106
06/27/2006,VLD,GA,ASO,ES,Federal Contract Tower,2,6,42,4,54,0,0,27,2,29,2,6,69,6,83,70,20,90,173
06/28/2006,VLD,GA,ASO,ES,Federal Contract Tower,2,6,32,36,76,0,0,37,4,41,2,6,69,40,117,44,30,74,191
06/29/2006,VLD,GA,ASO,ES,Federal Contract Tower,2,7,35,66,110,0,2,0,6,8,2,9,35,72,118,2,136,138,256
06/30/2006,VLD,GA,ASO,ES,Federal Contract Tower,2,9,38,1,50,0,0,19,3,22,2,9,57,4,72,26,14,40,112
07/01/2006,VLD,GA,ASO,ES,Federal Contract Tower,2,3,36,0,41,0,0,32,0,32,2,3,68,0,73,110,0,110,183
07/02/2006,VLD,GA,ASO,ES,Federal Contract Tower,2,3,32,18,55,0,0,46,4,50,2,3,78,22,105,88,56,144,249
07/03/2006,VLD,GA,ASO,ES,Federal Contract Tower,2,7,32,8,49,0,0,48,0,48,2,7,80,8,97,102,28,130,227
07/04/2006,VLD,GA,ASO,ES,Federal Contract Tower,2,3,27,0,32,0,0,43,0,43,2,3,70,0,75,94,0,94,169
07/05/2006,VLD,GA,ASO,ES,Federal Contract Tower,2,6,35,30,73,0,0,40,8,48,2,6,75,38,121,78,102,180,301
07/06/2006,VLD,GA,ASO,ES,Federal Contract Tower,2,3,45,22,72,0,0,23,4,27,2,3,68,26,99,62,40,102,201
07/07/2006,VLD,GA,ASO,ES,Federal Contract Tower,2,9,27,32,70,0,0,27,16,43,2,9,54,48,113,62,64,126,239
07/08/2006,VLD,GA,ASO,ES,Federal Contract Tower,2,3,28,14,47,0,0,38,4,42,2,3,66,18,89,58,65,123,212
07/09/2006,VLD,GA,ASO,ES,Federal Contract Tower,2,3,25,22,52,0,0,60,4,64,2,3,85,26,116,56,64,120,236
07/10/2006,VLD,GA,ASO,ES,Federal Contract Tower,2,6,36,28,72,0,0,30,4,34,2,6,66,32,106,60,88,148,254
07/11/2006,VLD,GA,ASO,ES,Federal Contract Tower,2,6,32,28,68,0,0,34,6,40,2,6,66,34,108,66,72,138,246
07/12/2006,VLD,GA,ASO,ES,Federal Contract Tower,2,5,25,8,40,0,0,44,2,46,2,5,69,10,86,88,32,120,206
07/13/2006,VLD,GA,ASO,ES,Federal Contract Tower,2,5,29,20,56,0,0,45,4,49,2,5,74,24,105,94,116,210,315
07/14/2006,VLD,GA,ASO,ES,Federal Contract Tower,2,7,25,28,62,0,0,37,12,49,2,7,62,40,111,44,38,82,193
07/15/2006,VLD,GA,ASO,ES,Federal Contract Tower,2,4,15,6,27,0,0,64,2,66,2,4,79,8,93,102,8,110,203
07/16/2006,VLD,GA,ASO,ES,Federal Contract Tower,2,3,16,14,35,0,0,51,6,57,2,3,67,20,92,20,52,72,164
07/17/2006,VLD,GA,ASO,ES,Federal Contract Tower,2,6,25,23,56,0,0,22,5,27,2,6,47,28,83,8,52,60,143
07/18/2006,VLD,GA,ASO,ES,Federal Contract Tower,2,7,27,20,56,0,0,37,6,43,2,7,64,26,99,72,32,104,203
07/19/2006,VLD,GA,ASO,ES,Federal Contract Tower,2,5,27,18,52,0,0,41,6,47,2,5,68,24,99,40,60,100,199
07/20/2006,VLD,GA,ASO,ES,Federal Contract Tower,2,5,20,24,51,0,0,44,15,59,2,5,64,39,110,64,120,184,294
07/21/2006,VLD,GA,ASO,ES,Federal Contract Tower,2,5,31,8,46,0,0,46,10,56,2,5,77,18,102,54,42,96,198
07/22/2006,VLD,GA,ASO,ES,Federal Contract Tower,2,2,18,8,30,0,0,40,2,42,2,2,58,10,72,60,34,94,166
07/23/2006,VLD,GA,ASO,ES,Federal Contract Tower,2,5,18,4,29,0,0,41,2,43,2,5,59,6,72,74,18,92,164
07/24/2006,VLD,GA,ASO,ES,Federal Contract Tower,2,5,22,26,55,0,0,48,10,58,2,5,70,36,113,38,52,90,203
07/25/2006,VLD,GA,ASO,ES,Federal Contract Tower,2,5,28,22,57,0,0,40,4,44,2,5,68,26,101,42,50,92,193
07/26/2006,VLD,GA,ASO,ES,Federal Contract Tower,2,6,26,16,50,0,4,28,8,40,2,10,54,24,90,22,48,70,160
07/27/2006,VLD,GA,ASO,ES,Federal Contract Tower,2,6,22,22,52,0,0,25,8,33,2,6,47,30,85,14,83,97,182
07/28/2006,VLD,GA,ASO,ES,Federal Contract Tower,2,7,27,34,70,0,0,36,8,44,2,7,63,42,114,66,58,124,238
07/29/2006,VLD,GA,ASO,ES,Federal Contract Tower,2,3,16,9,30,0,0,42,7,49,2,3,58,16,79,62,34,96,175
07/30/2006,VLD,GA,ASO,ES,Federal Contract Tower,2,4,11,23,40,0,0,34,4,38,2,4,45,27,78,23,26,49,127
07/31/2006,VLD,GA,ASO,ES,Federal Contract Tower,2,6,18,12,38,0,0,15,1,16,2,6,33,13,54,0,7,7,61
08/01/2006,VLD,GA,ASO,ES,Federal Contract Tower,2,5,45,42,94,0,0,35,10,45,2,5,80,52,139,42,88,130,269
08/02/2006,VLD,GA,ASO,ES,Federal Contract Tower,2,5,37,39,83,0,0,11,0,11,2,5,48,39,94,48,103,151,245
08/03/2006,VLD,GA,ASO,ES,Federal Contract Tower,2,5,48,52,107,0,0,34,6,40,2,5,82,58,147,52,158,210,357
08/04/2006,VLD,GA,ASO,ES,Federal Contract Tower,2,5,38,25,70,0,4,40,9,53,2,9,78,34,123,76,72,148,271
08/05/2006,VLD,GA,ASO,ES,Federal Contract Tower,2,2,24,18,46,0,0,30,6,36,2,2,54,24,82,56,94,150,232
08/06/2006,VLD,GA,ASO,ES,Federal Contract Tower,2,3,29,16,50,0,0,26,4,30,2,3,55,20,80,54,64,118,198
08/07/2006,VLD,GA,ASO,ES,Federal Contract Tower,2,7,31,39,79,0,0,35,4,39,2,7,66,43,118,62,131,193,311
08/08/2006,VLD,GA,ASO,ES,Federal Contract Tower,2,5,32,28,67,0,0,32,6,38,2,5,64,34,105,44,86,130,235
08/09/2006,VLD,GA,ASO,ES,Federal Contract Tower,2,5,28,36,71,0,0,40,18,58,2,5,68,54,129,38,104,142,271
08/10/2006,VLD,GA,ASO,ES,Federal Contract Tower,2,7,33,38,80,0,0,51,6,57,2,7,84,44,137,48,68,116,253
08/11/2006,VLD,GA,ASO,ES,Federal Contract Tower,2,5,35,38,80,0,0,27,10,37,2,5,62,48,117,58,146,204,321
08/12/2006,VLD,GA,ASO,ES,Federal Contract Tower,2,3,26,20,51,0,2,21,5,28,2,5,47,25,79,52,70,122,201
08/13/2006,VLD,GA,ASO,ES,Federal Contract Tower,2,5,20,23,50,0,0,29,7,36,2,5,49,30,86,30,32,62,148
08/14/2006,VLD,GA,ASO,ES,Federal Contract Tower,2,6,27,40,75,0,0,36,6,42,2,6,63,46,117,26,126,152,269
08/15/2006,VLD,GA,ASO,ES,Federal Contract Tower,2,5,29,28,64,0,0,41,2,43,2,5,70,30,107,40,82,122,229
08/16/2006,VLD,GA,ASO,ES,Federal Contract Tower,0,7,18,24,49,0,0,18,8,26,0,7,36,32,75,4,66,70,145
08/17/2006,VLD,GA,ASO,ES,Federal Contract Tower,2,7,34,21,64,0,0,31,10,41,2,7,65,31,105,44,88,132,237
08/18/2006,VLD,GA,ASO,ES,Federal Contract Tower,2,5,27,18,52,0,0,38,8,46,2,5,65,26,98,48,64,112,210
08/19/2006,VLD,GA,ASO,ES,Federal Contract Tower,2,5,23,0,30,0,0,32,0,32,2,5,55,0,62,56,0,56,118
08/20/2006,VLD,GA,ASO,ES,Federal Contract Tower,2,3,24,12,41,0,0,38,4,42,2,3,62,16,83,52,36,88,171
08/21/2006,VLD,GA,ASO,ES,Federal Contract Tower,2,5,23,18,48,0,0,47,6,53,2,5,70,24,101,36,80,116,217
08/22/2006,VLD,GA,ASO,ES,Federal Contract Tower,2,4,36,22,64,0,0,33,6,39,2,4,69,28,103,32,56,88,191
08/23/2006,VLD,GA,ASO,ES,Federal Contract Tower,2,6,27,21,56,0,0,23,7,30,2,6,50,28,86,30,86,116,202
08/24/2006,VLD,GA,ASO,ES,Federal Contract Tower,2,6,30,8,46,0,0,36,6,42,2,6,66,14,88,28,52,80,168
08/25/2006,VLD,GA,ASO,ES,Federal Contract Tower,2,5,15,26,48,0,0,43,14,57,2,5,58,40,105,34,112,146,251
08/26/2006,VLD,GA,ASO,ES,Federal Contract Tower,2,3,21,2,28,0,0,44,2,46,2,3,65,4,74,80,16,96,170
08/27/2006,VLD,GA,ASO,ES,Federal Contract Tower,2,5,23,10,40,0,0,50,6,56,2,5,73,16,96,74,52,126,222
08/28/2006,VLD,GA,ASO,ES,Federal Contract Tower,0,4,18,12,34,0,2,43,10,55,0,6,61,22,89,46,54,100,189
08/29/2006,VLD,GA,ASO,ES,Federal Contract Tower,2,5,26,16,49,0,0,53,14,67,2,5,79,30,116,40,52,92,208
08/30/2006,VLD,GA,ASO,ES,Federal Contract Tower,2,7,19,22,50,0,0,17,0,17,2,7,36,22,67,16,0,16,83
08/31/2006,VLD,GA,ASO,ES,Federal Contract Tower,0,10,27,20,57,0,0,18,6,24,0,10,45,26,81,10,60,70,151
09/01/2006,VLD,GA,ASO,ES,Federal Contract Tower,0,10,33,32,75,0,0,46,8,54,0,10,79,40,129,62,142,204,333
09/02/2006,VLD,GA,ASO,ES,Federal Contract Tower,2,3,33,0,38,0,0,38,0,38,2,3,71,0,76,124,0,124,200
09/03/2006,VLD,GA,ASO,ES,Federal Contract Tower,2,3,22,0,27,0,0,40,0,40,2,3,62,0,67,86,0,86,153
09/04/2006,VLD,GA,ASO,ES,Federal Contract Tower,2,4,34,0,40,0,0,44,0,44,2,4,78,0,84,124,0,124,208
09/05/2006,VLD,GA,ASO,ES,Federal Contract Tower,2,7,27,28,64,0,0,41,12,53,2,7,68,40,117,38,110,148,265
09/06/2006,VLD,GA,ASO,ES,Federal Contract Tower,2,5,33,24,64,0,2,45,6,53,2,7,78,30,117,50,100,150,267
09/07/2006,VLD,GA,ASO,ES,Federal Contract Tower,2,8,37,34,81,0,0,43,6,49,2,8,80,40,130,30,124,154,284
09/08/2006,VLD,GA,ASO,ES,Federal Contract Tower,2,6,27,42,77,0,0,38,6,44,2,6,65,48,121,48,138,186,307
09/09/2006,VLD,GA,ASO,ES,Federal Contract Tower,2,1,25,4,32,0,0,56,2,58,2,1,81,6,90,132,28,160,250
09/10/2006,VLD,GA,ASO,ES,Federal Contract Tower,0,7,27,16,50,0,0,32,4,36,0,7,59,20,86,54,82,136,222
09/11/2006,VLD,GA,ASO,ES,Federal Contract Tower,2,5,17,16,40,0,0,52,7,59,2,5,69,23,99,53,77,130,229
09/12/2006,VLD,GA,ASO,ES,Federal Contract Tower,2,4,22,42,70,0,0,35,12,47,2,4,57,54,117,28,144,172,289
09/13/2006,VLD,GA,ASO,ES,Federal Contract Tower,0,9,15,44,68,0,0,34,20,54,0,9,49,64,122,14,148,162,284
09/14/2006,VLD,GA,ASO,ES,Federal Contract Tower,2,5,23,23,53,0,0,18,13,31,2,5,41,36,84,4,80,84,168
09/15/2006,VLD,GA,ASO,ES,Federal Contract Tower,2,7,26,22,57,0,0,50,8,58,2,7,76,30,115,30,100,130,245
09/16/2006,VLD,GA,ASO,ES,Federal Contract Tower,2,3,29,8,42,0,0,38,2,40,2,3,67,10,82,44,48,92,174
09/17/2006,VLD,GA,ASO,ES,Federal Contract Tower,0,5,16,8,29,0,0,55,4,59,0,5,71,12,88,52,34,86,174
09/18/2006,VLD,GA,ASO,ES,Federal Contract Tower,2,5,25,14,46,0,0,36,6,42,2,5,61,20,88,54,50,104,192
09/19/2006,VLD,GA,ASO,ES,Federal Contract Tower,2,5,18,10,35,0,0,42,4,46,2,5,60,14,81,28,30,58,139
09/20/2006,VLD,GA,ASO,ES,Federal Contract Tower,2,9,31,0,42,0,0,49,2,51,2,9,80,2,93,26,52,78,171
09/21/2006,VLD,GA,ASO,ES,Federal Contract Tower,2,5,31,22,60,0,0,42,6,48,2,5,73,28,108,52,78,130,238
09/22/2006,VLD,GA,ASO,ES,Federal Contract Tower,2,5,13,12,32,0,0,48,6,54,2,5,61,18,86,18,38,56,142
09/23/2006,VLD,GA,ASO,ES,Federal Contract Tower,4,1,16,0,21,0,0,40,3,43,4,1,56,3,64,48,28,76,140
09/24/2006,VLD,GA,ASO,ES,Federal Contract Tower,0,5,23,0,28,0,0,39,2,41,0,5,62,2,69,42,12,54,123
09/25/2006,VLD,GA,ASO,ES,Federal Contract Tower,0,7,23,27,57,0,0,22,7,29,0,7,45,34,86,20,134,154,240
09/26/2006,VLD,GA,ASO,ES,Federal Contract Tower,2,5,16,14,37,0,0,59,14,73,2,5,75,28,110,26,82,108,218
09/27/2006,VLD,GA,ASO,ES,Federal Contract Tower,0,7,15,5,27,0,0,44,5,49,0,7,59,10,76,24,40,64,140
09/28/2006,VLD,GA,ASO,ES,Federal Contract Tower,4,5,19,4,32,0,0,46,2,48,4,5,65,6,80,40,20,60,140
09/29/2006,VLD,GA,ASO,ES,Federal Contract Tower,2,5,22,0,29,0,2,25,0,27,2,7,47,0,56,0,0,0,56
09/30/2006,VLD,GA,ASO,ES,Federal Contract Tower,2,1,6,0,9,0,0,41,0,41,2,1,47,0,50,45,0,45,95
10/01/2006,VLD,GA,ASO,ES,Federal Contract Tower,2,3,19,2,26,0,0,41,0,41,2,3,60,2,67,102,0,102,169
10/02/2006,VLD,GA,ASO,ES,Federal Contract Tower,2,5,26,28,61,0,0,31,3,34,2,5,57,31,95,40,63,103,198
10/03/2006,VLD,GA,ASO,ES,Federal Contract Tower,2,5,33,32,72,0,0,47,6,53,2,5,80,38,125,44,50,94,219
10/04/2006,VLD,GA,ASO,ES,Federal Contract Tower,2,5,29,30,66,0,0,36,6,42,2,5,65,36,108,52,102,154,262
10/05/2006,VLD,GA,ASO,ES,Federal Contract Tower,2,8,42,32,84,0,3,35,24,62,2,11,77,56,146,52,217,269,415
10/06/2006,VLD,GA,ASO,ES,Federal Contract Tower,2,5,36,41,84,0,0,44,8,52,2,5,80,49,136,57,177,234,370
10/07/2006,VLD,GA,ASO,ES,Federal Contract Tower,2,1,27,7,37,0,0,36,4,40,2,1,63,11,77,42,58,100,177
10/08/2006,VLD,GA,ASO,ES,Federal Contract Tower,2,2,32,8,44,0,0,28,2,30,2,2,60,10,74,126,12,138,212
10/09/2006,VLD,GA,ASO,ES,Federal Contract Tower,2,5,36,8,51,0,0,46,2,48,2,5,82,10,99,116,36,152,251
10/10/2006,VLD,GA,ASO,ES,Federal Contract Tower,2,11,37,40,90,0,0,62,5,67,2,11,99,45,157,84,133,217,374
10/11/2006,VLD,GA,ASO,ES,Federal Contract Tower,2,5,28,38,73,0,0,41,4,45,2,5,69,42,118,64,144,208,326
10/12/2006,VLD,GA,ASO,ES,Federal Contract Tower,4,6,43,22,75,0,4,38,5,47,4,10,81,27,122,68,74,142,264
10/13/2006,VLD,GA,ASO,ES,Federal Contract Tower,2,5,31,22,60,0,0,38,4,42,2,5,69,26,102,30,96,126,228
10/14/2006,VLD,GA,ASO,ES,Federal Contract Tower,2,1,27,8,38,0,0,70,2,72,2,1,97,10,110,58,24,82,192
10/15/2006,VLD,GA,ASO,ES,Federal Contract Tower,2,5,26,2,35,0,0,58,2,60,2,5,84,4,95,32,12,44,139
10/16/2006,VLD,GA,ASO,ES,Federal Contract Tower,2,5,34,52,93,0,0,60,6,66,2,5,94,58,159,48,138,186,345
10/17/2006,VLD,GA,ASO,ES,Federal Contract Tower,2,2,35,42,81,0,0,38,4,42,2,2,73,46,123,50,138,188,311
10/18/2006,VLD,GA,ASO,ES,Federal Contract Tower,2,5,41,36,84,0,0,39,18,57,2,5,80,54,141,46,114,160,301
10/19/2006,VLD,GA,ASO,ES,Federal Contract Tower,2,4,37,38,81,0,0,47,18,65,2,4,84,56,146,40,110,150,296
10/20/2006,VLD,GA,ASO,ES,Federal Contract Tower,0,6,37,11,54,0,0,46,2,48,0,6,83,13,102,138,48,186,288
10/21/2006,VLD,GA,ASO,ES,Federal Contract Tower,2,1,10,1,14,0,0,28,0,28,2,1,38,1,42,26,0,26,68
10/22/2006,VLD,GA,ASO,ES,Federal Contract Tower,2,3,19,2,26,0,0,27,0,27,2,3,46,2,53,42,0,42,95
10/23/2006,VLD,GA,ASO,ES,Federal Contract Tower,2,5,46,18,71,0,0,42,4,46,2,5,88,22,117,50,64,114,231
10/24/2006,VLD,GA,ASO,ES,Federal Contract Tower,2,5,35,21,63,0,2,52,3,57,2,7,87,24,120,50,52,102,222
10/25/2006,VLD,GA,ASO,ES,Federal Contract Tower,0,10,34,18,62,0,0,29,8,37,0,10,63,26,99,18,36,54,153
10/26/2006,VLD,GA,ASO,ES,Federal Contract Tower,2,5,30,13,50,0,0,18,1,19,2,5,48,14,69,0,2,2,71
10/27/2006,VLD,GA,ASO,ES,Federal Contract Tower,0,4,19,17,40,0,0,8,7,15,0,4,27,24,55,36,28,64,119
10/28/2006,VLD,GA,ASO,ES,Federal Contract Tower,2,1,14,1,18,0,0,11,1,12,2,1,25,2,30,0,0,0,30
10/29/2006,VLD,GA,ASO,ES,Federal Contract Tower,2,3,7,5,17,0,0,32,2,34,2,3,39,7,51,0,8,8,59
10/30/2006,VLD,GA,ASO,ES,Federal Contract Tower,2,5,20,4,31,0,0,8,3,11,2,5,28,7,42,18,12,30,72
10/31/2006,VLD,GA,ASO,ES,Federal Contract Tower,2,14,22,1,39,0,0,11,4,15,2,14,33,5,54,10,10,20,74
11/01/2006,VLD,GA,ASO,ES,Federal Contract Tower,2,19,41,30,92,0,10,55,8,73,2,29,96,38,165,94,186,280,445
11/02/2006,VLD,GA,ASO,ES,Federal Contract Tower,2,6,42,36,86,0,0,43,6,49,2,6,85,42,135,60,200,260,395
11/03/2006,VLD,GA,ASO,ES,Federal Contract Tower,2,4,51,27,84,0,0,38,4,42,2,4,89,31,126,116,114,230,356
11/04/2006,VLD,GA,ASO,ES,Federal Contract Tower,2,3,27,4,36,0,4,41,1,46,2,7,68,5,82,89,21,110,192
11/05/2006,VLD,GA,ASO,ES,Federal Contract Tower,2,2,24,2,30,0,0,26,2,28,2,2,50,4,58,56,26,82,140
11/06/2006,VLD,GA,ASO,ES,Federal Contract Tower,2,7,32,38,79,0,2,50,18,70,2,9,82,56,149,30,126,156,305
11/07/2006,VLD,GA,ASO,ES,Federal Contract Tower,3,6,23,38,70,0,0,29,32,61,3,6,52,70,131,18,42,60,191
11/08/2006,VLD,GA,ASO,ES,Federal Contract Tower,2,7,33,32,74,0,0,28,6,34,2,7,61,38,108,38,72,110,218
11/09/2006,VLD,GA,ASO,ES,Federal Contract Tower,2,5,31,16,54,0,0,16,10,26,2,5,47,26,80,10,42,52,132
11/10/2006,VLD,GA,ASO,ES,Federal Contract Tower,2,5,36,10,53,0,0,37,2,39,2,5,73,12,92,64,78,142,234
11/11/2006,VLD,GA,ASO,ES,Federal Contract Tower,2,1,19,0,22,0,0,36,0,36,2,1,55,0,58,68,0,68,126
11/12/2006,VLD,GA,ASO,ES,Federal Contract Tower,2,3,23,6,34,0,0,23,2,25,2,3,46,8,59,58,24,82,141
11/13/2006,VLD,GA,ASO,ES,Federal Contract Tower,2,6,34,46,88,0,0,44,8,52,2,6,78,54,140,38,150,188,328
11/14/2006,VLD,GA,ASO,ES,Federal Contract Tower,2,5,34,41,82,0,0,34,12,46,2,5,68,53,128,86,132,218,346
11/15/2006,VLD,GA,ASO,ES,Federal Contract Tower,0,4,16,16,36,0,1,12,4,17,0,5,28,20,53,22,16,38,91
11/16/2006,VLD,GA,ASO,ES,Federal Contract Tower,2,5,34,30,71,0,0,35,6,41,2,5,69,36,112,38,100,138,250
11/17/2006,VLD,GA,ASO,ES,Federal Contract Tower,2,7,38,36,83,0,0,43,9,52,2,7,81,45,135,106,142,248,383
11/18/2006,VLD,GA,ASO,ES,Federal Contract Tower,2,3,19,6,30,0,0,55,1,56,2,3,74,7,86,107,24,131,217
11/19/2006,VLD,GA,ASO,ES,Federal Contract Tower,2,3,17,16,38,0,0,52,3,55,2,3,69,19,93,64,66,130,223
11/20/2006,VLD,GA,ASO,ES,Federal Contract Tower,2,5,30,28,65,0,0,44,10,54,2,5,74,38,119,50,88,138,257
11/21/2006,VLD,GA,ASO,ES,Federal Contract Tower,2,5,44,51,102,0,0,28,7,35,2,5,72,58,137,52,168,220,357
11/22/2006,VLD,GA,ASO,ES,Federal Contract Tower,2,7,26,6,41,0,0,57,2,59,2,7,83,8,100,66,30,96,196
11/23/2006,VLD,GA,ASO,ES,Federal Contract Tower,2,3,27,0,32,0,0,45,0,45,2,3,72,0,77,121,0,121,198
11/24/2006,VLD,GA,ASO,ES,Federal Contract Tower,0,6,25,0,31,0,0,39,0,39,0,6,64,0,70,78,0,78,148
11/25/2006,VLD,GA,ASO,ES,Federal Contract Tower,2,3,26,0,31,0,0,40,0,40,2,3,66,0,71,84,0,84,155
11/26/2006,VLD,GA,ASO,ES,Federal Contract Tower,2,3,18,1,24,0,0,59,1,60,2,3,77,2,84,62,12,74,158
11/27/2006,VLD,GA,ASO,ES,Federal Contract Tower,2,5,17,38,62,0,0,48,16,64,2,5,65,54,126,22,86,108,234
11/28/2006,VLD,GA,ASO,ES,Federal Contract Tower,2,5,29,34,70,0,0,14,6,20,2,5,43,40,90,20,38,58,148
11/29/2006,VLD,GA,ASO,ES,Federal Contract Tower,2,5,28,43,78,0,0,5,12,17,2,5,33,55,95,6,56,62,157
11/30/2006,VLD,GA,ASO,ES,Federal Contract Tower,2,5,21,12,40,0,0,14,4,18,2,5,35,16,58,0,42,42,100
12/01/2006,VLD,GA,ASO,ES,Federal Contract Tower,2,5,26,30,63,0,0,55,6,61,2,5,81,36,124,82,94,176,300
12/02/2006,VLD,GA,ASO,ES,Federal Contract Tower,2,3,35,2,42,0,0,38,0,38,2,3,73,2,80,107,28,135,215
12/03/2006,VLD,GA,ASO,ES,Federal Contract Tower,2,4,10,4,20,0,0,10,0,10,2,4,20,4,30,0,0,0,30
12/04/2006,VLD,GA,ASO,ES,Federal Contract Tower,2,6,33,27,68,0,0,31,6,37,2,6,64,33,105,60,146,206,311
12/05/2006,VLD,GA,ASO,ES,Federal Contract Tower,2,7,47,20,76,0,0,42,4,46,2,7,89,24,122,62,110,172,294
12/06/2006,VLD,GA,ASO,ES,Federal Contract Tower,2,6,28,54,90,0,1,56,4,61,2,7,84,58,151,81,116,197,348
12/07/2006,VLD,GA,ASO,ES,Federal Contract Tower,2,6,43,46,97,0,0,48,10,58,2,6,91,56,155,48,178,226,381
12/08/2006,VLD,GA,ASO,ES,Federal Contract Tower,2,5,32,37,76,0,0,40,5,45,2,5,72,42,121,46,104,150,271
12/09/2006,VLD,GA,ASO,ES,Federal Contract Tower,2,1,26,4,33,0,0,50,2,52,2,1,76,6,85,68,40,108,193
12/10/2006,VLD,GA,ASO,ES,Federal Contract Tower,2,1,23,7,33,0,0,29,3,32,2,1,52,10,65,46,28,74,139
12/11/2006,VLD,GA,ASO,ES,Federal Contract Tower,2,5,29,30,66,0,0,40,10,50,2,5,69,40,116,48,140,188,304
12/12/2006,VLD,GA,ASO,ES,Federal Contract Tower,2,5,36,39,82,0,0,31,18,49,2,5,67,57,131,66,125,191,322
12/13/2006,VLD,GA,ASO,ES,Federal Contract Tower,2,5,32,55,94,0,2,7,26,35,2,7,39,81,129,0,90,90,219
12/14/2006,VLD,GA,ASO,ES,Federal Contract Tower,0,6,29,35,70,0,0,4,5,9,0,6,33,40,79,0,78,78,157
12/15/2006,VLD,GA,ASO,ES,Federal Contract Tower,2,7,27,47,83,0,0,44,3,47,2,7,71,50,130,52,90,142,272
12/16/2006,VLD,GA,ASO,ES,Federal Contract Tower,0,2,29,0,31,0,0,48,0,48,0,2,77,0,79,84,0,84,163
12/17/2006,VLD,GA,ASO,ES,Federal Contract Tower,2,6,22,0,30,0,0,41,0,41,2,6,63,0,71,32,0,32,103
12/18/2006,VLD,GA,ASO,ES,Federal Contract Tower,0,10,36,24,70,0,0,47,6,53,0,10,83,30,123,50,118,168,291
12/19/2006,VLD,GA,ASO,ES,Federal Contract Tower,2,9,26,32,69,0,0,17,8,25,2,9,43,40,94,20,40,60,154
12/20/2006,VLD,GA,ASO,ES,Federal Contract Tower,2,15,48,12,77,0,0,27,2,29,2,15,75,14,106,24,14,38,144
12/21/2006,VLD,GA,ASO,ES,Federal Contract Tower,2,9,19,26,56,0,0,22,2,24,2,9,41,28,80,38,22,60,140
12/22/2006,VLD,GA,ASO,ES,Federal Contract Tower,2,8,11,18,39,0,0,11,2,13,2,8,22,20,52,0,6,6,58
12/23/2006,VLD,GA,ASO,ES,Federal Contract Tower,0,3,14,0,17,0,0,32,0,32,0,3,46,0,49,26,0,26,75
12/24/2006,VLD,GA,ASO,ES,Federal Contract Tower,2,2,14,0,18,0,0,13,0,13,2,2,27,0,31,26,0,26,57
12/25/2006,VLD,GA,ASO,ES,Federal Contract Tower,0,3,0,0,3,0,0,3,0,3,0,3,3,0,6,10,0,10,16
12/26/2006,VLD,GA,ASO,ES,Federal Contract Tower,2,7,20,0,29,0,0,31,0,31,2,7,51,0,60,40,0,40,100
12/27/2006,VLD,GA,ASO,ES,Federal Contract Tower,2,7,17,14,40,0,0,49,0,49,2,7,66,14,89,52,0,52,141
12/28/2006,VLD,GA,ASO,ES,Federal Contract Tower,0,11,22,0,33,0,0,50,0,50,0,11,72,0,83,62,0,62,145
12/29/2006,VLD,GA,ASO,ES,Federal Contract Tower,0,7,14,4,25,0,0,20,4,24,0,7,34,8,49,36,16,52,101
12/30/2006,VLD,GA,ASO,ES,Federal Contract Tower,0,5,12,4,21,0,0,4,0,4,0,5,16,4,25,17,2,19,44
12/31/2006,VLD,GA,ASO,ES,Federal Contract Tower,2,1,4,2,9,0,0,3,0,3,2,1,7,2,12,0,0,0,12
01/01/2007,VLD,GA,ASO,ES,Federal Contract Tower,0,3,21,0,24,0,0,25,0,25,0,3,46,0,49,42,0,42,91
01/02/2007,VLD,GA,ASO,ES,Federal Contract Tower,2,9,31,9,51,0,0,37,2,39,2,9,68,11,90,70,16,86,176
01/03/2007,VLD,GA,ASO,ES,Federal Contract Tower,0,6,51,18,75,0,0,47,8,55,0,6,98,26,130,82,78,160,290
01/04/2007,VLD,GA,ASO,ES,Federal Contract Tower,0,8,38,24,70,0,0,31,6,37,0,8,69,30,107,25,116,141,248
01/05/2007,VLD,GA,ASO,ES,Federal Contract Tower,0,10,27,26,63,0,0,20,3,23,0,10,47,29,86,24,82,106,192
01/06/2007,VLD,GA,ASO,ES,Federal Contract Tower,0,3,25,11,39,0,0,32,1,33,0,3,57,12,72,48,44,92,164
01/07/2007,VLD,GA,ASO,ES,Federal Contract Tower,2,8,33,4,47,0,0,28,2,30,2,8,61,6,77,56,58,114,191
01/08/2007,VLD,GA,ASO,ES,Federal Contract Tower,2,7,36,24,69,0,0,47,4,51,2,7,83,28,120,52,98,150,270
01/09/2007,VLD,GA,ASO,ES,Federal Contract Tower,2,7,27,28,64,0,1,51,8,60,2,8,78,36,124,44,126,170,294
01/10/2007,VLD,GA,ASO,ES,Federal Contract Tower,2,7,43,22,74,0,0,69,4,73,2,7,112,26,147,50,98,148,295
01/11/2007,VLD,GA,ASO,ES,Federal Contract Tower,2,8,44,26,80,0,0,61,16,77,2,8,105,42,157,50,150,200,357
01/12/2007,VLD,GA,ASO,ES,Federal Contract Tower,2,9,38,14,63,0,0,48,2,50,2,9,86,16,113,86,52,138,251
01/13/2007,VLD,GA,ASO,ES,Federal Contract Tower,0,3,19,4,26,0,0,50,2,52,0,3,69,6,78,60,40,100,178
01/14/2007,VLD,GA,ASO,ES,Federal Contract Tower,2,3,21,4,30,0,0,24,2,26,2,3,45,6,56,50,58,108,164
01/15/2007,VLD,GA,ASO,ES,Federal Contract Tower,2,6,34,0,42,0,0,39,0,39,2,6,73,0,81,105,0,105,186
01/16/2007,VLD,GA,ASO,ES,Federal Contract Tower,2,10,29,32,73,0,0,32,2,34,2,10,61,34,107,58,38,96,203
01/17/2007,VLD,GA,ASO,ES,Federal Contract Tower,0,7,34,16,57,0,0,39,2,41,0,7,73,18,98,56,64,120,218
01/18/2007,VLD,GA,ASO,ES,Federal Contract Tower,2,6,29,46,83,0,0,24,10,34,2,6,53,56,117,8,68,76,193
01/19/2007,VLD,GA,ASO,ES,Federal Contract Tower,2,7,28,26,63,0,0,40,2,42,2,7,68,28,105,30,64,94,199
01/20/2007,VLD,GA,ASO,ES,Federal Contract Tower,0,3,16,0,19,0,0,39,2,41,0,3,55,2,60,50,22,72,132
01/21/2007,VLD,GA,ASO,ES,Federal Contract Tower,2,4,19,2,27,0,0,18,2,20,2,4,37,4,47,48,22,70,117
01/22/2007,VLD,GA,ASO,ES,Federal Contract Tower,2,5,25,59,91,0,0,29,7,36,2,5,54,66,127,29,126,155,282
01/23/2007,VLD,GA,ASO,ES,Federal Contract Tower,2,11,37,35,85,0,0,31,3,34,2,11,68,38,119,36,100,136,255
01/24/2007,VLD,GA,ASO,ES,Federal Contract Tower,2,9,37,22,70,0,0,32,1,33,2,9,69,23,103,36,63,99,202
01/25/2007,VLD,GA,ASO,ES,Federal Contract Tower,2,7,43,30,82,0,0,37,2,39,2,7,80,32,121,64,52,116,237
01/26/2007,VLD,GA,ASO,ES,Federal Contract Tower,2,5,17,27,51,0,0,38,5,43,2,5,55,32,94,22,12,34,128
01/27/2007,VLD,GA,ASO,ES,Federal Contract Tower,0,3,24,1,28,0,0,28,1,29,0,3,52,2,57,16,0,16,73
01/28/2007,VLD,GA,ASO,ES,Federal Contract Tower,0,5,12,4,21,0,0,4,4,8,0,5,16,8,29,2,0,2,31
01/29/2007,VLD,GA,ASO,ES,Federal Contract Tower,2,7,20,1,30,0,0,24,3,27,2,7,44,4,57,6,0,6,63
01/30/2007,VLD,GA,ASO,ES,Federal Contract Tower,2,10,22,20,54,0,3,12,2,17,2,13,34,22,71,4,10,14,85
01/31/2007,VLD,GA,ASO,ES,Federal Contract Tower,2,7,22,12,43,0,0,19,4,23,2,7,41,16,66,0,30,30,96
02/01/2007,VLD,GA,ASO,ES,Federal Contract Tower,0,8,32,37,77,0,0,20,5,25,0,8,52,42,102,30,144,174,276
02/02/2007,VLD,GA,ASO,ES,Federal Contract Tower,2,9,34,24,69,0,0,23,4,27,2,9,57,28,96,12,72,84,180
02/03/2007,VLD,GA,ASO,ES,Federal Contract Tower,0,9,25,4,38,0,0,20,0,20,0,9,45,4,58,40,22,62,120
02/04/2007,VLD,GA,ASO,ES,Federal Contract Tower,2,4,25,18,49,0,0,36,2,38,2,4,61,20,87,56,46,102,189
02/05/2007,VLD,GA,ASO,ES,Federal Contract Tower,2,9,39,48,98,0,0,53,4,57,2,9,92,52,155,56,168,224,379
02/06/2007,VLD,GA,ASO,ES,Federal Contract Tower,2,5,43,28,78,0,0,42,5,47,2,5,85,33,125,80,103,183,308
02/07/2007,VLD,GA,ASO,ES,Federal Contract Tower,2,6,37,24,69,0,0,34,4,38,2,6,71,28,107,92,94,186,293
02/08/2007,VLD,GA,ASO,ES,Federal Contract Tower,3,7,37,44,91,0,0,47,6,53,3,7,84,50,144,78,118,196,340
02/09/2007,VLD,GA,ASO,ES,Federal Contract Tower,2,5,28,24,59,0,0,31,4,35,2,5,59,28,94,48,90,138,232
02/10/2007,VLD,GA,ASO,ES,Federal Contract Tower,0,3,29,2,34,0,0,33,0,33,0,3,62,2,67,54,16,70,137
02/11/2007,VLD,GA,ASO,ES,Federal Contract Tower,2,2,26,10,40,0,0,42,4,46,2,2,68,14,86,64,62,126,212
02/12/2007,VLD,GA,ASO,ES,Federal Contract Tower,2,9,36,22,69,0,0,29,6,35,2,9,65,28,104,90,70,160,264
02/13/2007,VLD,GA,ASO,ES,Federal Contract Tower,2,13,34,30,79,0,0,26,5,31,2,13,60,35,110,52,92,144,254
02/14/2007,VLD,GA,ASO,ES,Federal Contract Tower,0,2,38,42,82,0,0,32,8,40,0,2,70,50,122,32,80,112,234
02/15/2007,VLD,GA,ASO,ES,Federal Contract Tower,2,10,49,25,86,0,0,31,4,35,2,10,80,29,121,26,124,150,271
02/16/2007,VLD,GA,ASO,ES,Federal Contract Tower,2,5,34,29,70,0,0,41,2,43,2,5,75,31,113,58,122,180,293
02/17/2007,VLD,GA,ASO,ES,Federal Contract Tower,2,4,36,10,52,0,0,29,4,33,2,4,65,14,85,74,56,130,215
02/18/2007,VLD,GA,ASO,ES,Federal Contract Tower,2,5,36,0,43,0,0,40,0,40,2,5,76,0,83,40,0,40,123
02/19/2007,VLD,GA,ASO,ES,Federal Contract Tower,0,5,47,0,52,0,0,35,0,35,0,5,82,0,87,74,0,74,161
02/20/2007,VLD,GA,ASO,ES,Federal Contract Tower,2,10,55,48,115,0,0,32,4,36,2,10,87,52,151,62,108,170,321
02/21/2007,VLD,GA,ASO,ES,Federal Contract Tower,2,4,42,24,72,0,0,31,4,35,2,4,73,28,107,34,76,110,217
02/22/2007,VLD,GA,ASO,ES,Federal Contract Tower,2,7,53,18,80,0,0,16,4,20,2,7,69,22,100,18,108,126,226
02/23/2007,VLD,GA,ASO,ES,Federal Contract Tower,2,7,42,16,67,0,0,41,4,45,2,7,83,20,112,82,38,120,232
02/24/2007,VLD,GA,ASO,ES,Federal Contract Tower,2,3,23,2,30,0,0,36,0,36,2,3,59,2,66,66,12,78,144
02/25/2007,VLD,GA,ASO,ES,Federal Contract Tower,2,4,24,4,34,0,0,26,2,28,2,4,50,6,62,34,20,54,116
02/26/2007,VLD,GA,ASO,ES,Federal Contract Tower,2,8,13,16,39,0,0,19,4,23,2,8,32,20,62,28,66,94,156
02/27/2007,VLD,GA,ASO,ES,Federal Contract Tower,2,7,12,18,39,0,0,26,0,26,2,7,38,18,65,10,54,64,129
02/28/2007,VLD,GA,ASO,ES,Federal Contract Tower,2,7,32,6,47,0,0,19,0,19,2,7,51,6,66,38,8,46,112
03/01/2007,VLD,GA,ASO,ES,Federal Contract Tower,2,5,39,22,68,0,0,25,4,29,2,5,64,26,97,46,90,136,233
03/02/2007,VLD,GA,ASO,ES,Federal Contract Tower,0,6,37,32,75,0,0,46,4,50,0,6,83,36,125,66,90,156,281
03/03/2007,VLD,GA,ASO,ES,Federal Contract Tower,2,3,32,7,44,0,0,38,2,40,2,3,70,9,84,50,19,69,153
03/04/2007,VLD,GA,ASO,ES,Federal Contract Tower,2,3,19,10,34,0,0,31,2,33,2,3,50,12,67,60,30,90,157
03/05/2007,VLD,GA,ASO,ES,Federal Contract Tower,2,9,46,41,98,0,0,27,11,38,2,9,73,52,136,68,218,286,422
03/06/2007,VLD,GA,ASO,ES,Federal Contract Tower,2,12,42,45,101,0,1,38,5,44,2,13,80,50,145,34,162,196,341
03/07/2007,VLD,GA,ASO,ES,Federal Contract Tower,2,8,39,29,78,0,0,42,4,46,2,8,81,33,124,66,157,223,347
03/08/2007,VLD,GA,ASO,ES,Federal Contract Tower,2,7,37,26,72,0,4,35,4,43,2,11,72,30,115,96,90,186,301
03/09/2007,VLD,GA,ASO,ES,Federal Contract Tower,2,7,36,22,67,0,0,44,6,50,2,7,80,28,117,40,120,160,277
03/10/2007,VLD,GA,ASO,ES,Federal Contract Tower,2,3,31,8,44,0,0,33,2,35,2,3,64,10,79,84,32,116,195
03/11/2007,VLD,GA,ASO,ES,Federal Contract Tower,2,4,26,2,34,0,0,34,2,36,2,4,60,4,70,86,24,110,180
03/12/2007,VLD,GA,ASO,ES,Federal Contract Tower,2,9,31,28,70,0,0,39,4,43,2,9,70,32,113,40,112,152,265
03/13/2007,VLD,GA,ASO,ES,Federal Contract Tower,2,6,33,10,51,0,0,43,4,47,2,6,76,14,98,52,38,90,188
03/14/2007,VLD,GA,ASO,ES,Federal Contract Tower,2,5,37,8,52,0,0,33,2,35,2,5,70,10,87,56,46,102,189
03/15/2007,VLD,GA,ASO,ES,Federal Contract Tower,2,7,35,18,62,0,0,40,2,42,2,7,75,20,104,44,92,136,240
03/16/2007,VLD,GA,ASO,ES,Federal Contract Tower,2,7,34,24,67,0,0,28,4,32,2,7,62,28,99,26,92,118,217
03/17/2007,VLD,GA,ASO,ES,Federal Contract Tower,2,3,17,2,24,0,0,45,0,45,2,3,62,2,69,36,18,54,123
03/18/2007,VLD,GA,ASO,ES,Federal Contract Tower,2,8,29,8,47,0,0,42,2,44,2,8,71,10,91,36,60,96,187
03/19/2007,VLD,GA,ASO,ES,Federal Contract Tower,2,9,34,16,61,0,0,43,4,47,2,9,77,20,108,36,76,112,220
03/20/2007,VLD,GA,ASO,ES,Federal Contract Tower,2,9,34,0,45,0,0,38,0,38,2,9,72,0,83,56,0,56,139
03/21/2007,VLD,GA,ASO,ES,Federal Contract Tower,2,8,27,8,45,0,0,24,2,26,2,8,51,10,71,56,42,98,169
03/22/2007,VLD,GA,ASO,ES,Federal Contract Tower,2,7,29,0,38,0,0,40,0,40,2,7,69,0,78,56,0,56,134
03/23/2007,VLD,GA,ASO,ES,Federal Contract Tower,2,9,12,9,32,0,0,27,9,36,2,9,39,18,68,22,71,93,161
03/24/2007,VLD,GA,ASO,ES,Federal Contract Tower,2,3,23,12,40,0,10,32,4,46,2,13,55,16,86,31,56,87,173
03/25/2007,VLD,GA,ASO,ES,Federal Contract Tower,2,3,25,0,30,0,0,35,0,35,2,3,60,0,65,34,0,34,99
03/26/2007,VLD,GA,ASO,ES,Federal Contract Tower,2,9,31,6,48,0,0,45,1,46,2,9,76,7,94,48,18,66,160
03/27/2007,VLD,GA,ASO,ES,Federal Contract Tower,2,7,14,12,35,0,0,26,2,28,2,7,40,14,63,22,36,58,121
03/28/2007,VLD,GA,ASO,ES,Federal Contract Tower,2,7,26,14,49,0,0,25,5,30,2,7,51,19,79,12,29,41,120
03/29/2007,VLD,GA,ASO,ES,Federal Contract Tower,2,7,47,10,66,0,0,33,6,39,2,7,80,16,105,30,62,92,197
03/30/2007,VLD,GA,ASO,ES,Federal Contract Tower,2,7,26,7,42,0,0,20,8,28,2,7,46,15,70,0,43,43,113
03/31/2007,VLD,GA,ASO,ES,Federal Contract Tower,2,3,17,1,23,0,0,15,0,15,2,3,32,1,38,10,0,10,48
04/01/2007,VLD,GA,ASO,ES,Federal Contract Tower,2,3,38,0,43,0,6,24,0,30,2,9,62,0,73,78,0,78,151
04/02/2007,VLD,GA,ASO,ES,Federal Contract Tower,2,9,10,10,31,0,0,22,10,32,2,9,32,20,63,12,126,138,201
04/03/2007,VLD,GA,ASO,ES,Federal Contract Tower,2,7,48,32,89,0,6,30,4,40,2,13,78,36,129,58,156,214,343
04/04/2007,VLD,GA,ASO,ES,Federal Contract Tower,2,7,35,40,84,0,0,38,8,46,2,7,73,48,130,44,146,190,320
04/05/2007,VLD,GA,ASO,ES,Federal Contract Tower,2,5,38,32,77,0,3,38,10,51,2,8,76,42,128,48,148,196,324
04/06/2007,VLD,GA,ASO,ES,Federal Contract Tower,2,7,33,20,62,0,0,35,4,39,2,7,68,24,101,74,86,160,261
04/07/2007,VLD,GA,ASO,ES,Federal Contract Tower,2,5,26,0,33,0,0,35,0,35,2,5,61,0,68,30,0,30,98
04/08/2007,VLD,GA,ASO,ES,Federal Contract Tower,2,6,39,0,47,0,5,24,0,29,2,11,63,0,76,64,0,64,140
04/09/2007,VLD,GA,ASO,ES,Federal Contract Tower,2,7,32,22,63,0,0,43,6,49,2,7,75,28,112,50,80,130,242
04/10/2007,VLD,GA,ASO,ES,Federal Contract Tower,2,8,36,16,62,0,0,43,4,47,2,8,79,20,109,50,98,148,257
04/11/2007,VLD,GA,ASO,ES,Federal Contract Tower,2,8,43,22,75,0,0,17,4,21,2,8,60,26,96,58,78,136,232
04/12/2007,VLD,GA,ASO,ES,Federal Contract Tower,2,7,52,31,92,0,4,61,11,76,2,11,113,42,168,53,188,241,409
04/13/2007,VLD,GA,ASO,ES,Federal Contract Tower,2,8,36,25,71,0,0,46,5,51,2,8,82,30,122,54,162,216,338
04/14/2007,VLD,GA,ASO,ES,Federal Contract Tower,2,3,28,0,33,0,0,37,0,37,2,3,65,0,70,54,0,54,124
04/15/2007,VLD,GA,ASO,ES,Federal Contract Tower,2,5,19,0,26,0,2,20,0,22,2,7,39,0,48,16,0,16,64
04/16/2007,VLD,GA,ASO,ES,Federal Contract Tower,2,6,42,32,82,0,0,101,4,105,2,6,143,36,187,54,130,184,371
04/17/2007,VLD,GA,ASO,ES,Federal Contract Tower,2,7,40,16,65,0,2,40,2,44,2,9,80,18,109,58,0,58,167
04/18/2007,VLD,GA,ASO,ES,Federal Contract Tower,2,5,36,6,49,0,0,48,4,52,2,5,84,10,101,38,56,94,195
04/19/2007,VLD,GA,ASO,ES,Federal Contract Tower,2,7,47,22,78,0,0,41,6,47,2,7,88,28,125,74,60,134,259
04/20/2007,VLD,GA,ASO,ES,Federal Contract Tower,2,7,32,10,51,0,0,69,2,71,2,7,101,12,122,80,62,142,264
04/21/2007,VLD,GA,ASO,ES,Federal Contract Tower,2,2,28,34,66,0,0,37,10,47,2,2,65,44,113,38,54,92,205
04/22/2007,VLD,GA,ASO,ES,Federal Contract Tower,2,3,28,0,33,0,0,54,0,54,2,3,82,0,87,38,0,38,125
04/23/2007,VLD,GA,ASO,ES,Federal Contract Tower,2,9,38,10,59,0,0,47,4,51,2,9,85,14,110,66,72,138,248
04/24/2007,VLD,GA,ASO,ES,Federal Contract Tower,2,8,35,14,59,0,2,34,2,38,2,10,69,16,97,60,24,84,181
04/25/2007,VLD,GA,ASO,ES,Federal Contract Tower,2,8,29,4,43,0,0,33,2,35,2,8,62,6,78,72,42,114,192
04/26/2007,VLD,GA,ASO,ES,Federal Contract Tower,2,8,38,10,58,0,0,33,4,37,2,8,71,14,95,14,52,66,161
04/27/2007,VLD,GA,ASO,ES,Federal Contract Tower,2,9,34,0,45,0,0,38,0,38,2,9,72,0,83,38,0,38,121
04/28/2007,VLD,GA,ASO,ES,Federal Contract Tower,2,2,25,2,31,0,0,24,2,26,2,2,49,4,57,42,12,54,111
04/29/2007,VLD,GA,ASO,ES,Federal Contract Tower,0,3,19,0,22,0,0,32,0,32,0,3,51,0,54,34,0,34,88
04/30/2007,VLD,GA,ASO,ES,Federal Contract Tower,0,7,23,0,30,0,0,17,0,17,0,7,40,0,47,24,0,24,71
05/01/2007,VLD,GA,ASO,ES,Federal Contract Tower,2,6,40,10,58,0,4,29,4,37,2,10,69,14,95,80,42,122,217
05/02/2007,VLD,GA,ASO,ES,Federal Contract Tower,2,5,27,0,34,0,0,33,0,33,2,5,60,0,67,61,0,61,128
05/03/2007,VLD,GA,ASO,ES,Federal Contract Tower,2,5,38,2,47,0,0,49,2,51,2,5,87,4,98,42,8,50,148
05/04/2007,VLD,GA,ASO,ES,Federal Contract Tower,2,8,45,4,59,0,0,35,2,37,2,8,80,6,96,67,8,75,171
05/05/2007,VLD,GA,ASO,ES,Federal Contract Tower,2,1,26,0,29,0,0,19,0,19,2,1,45,0,48,56,0,56,104
05/06/2007,VLD,GA,ASO,ES,Federal Contract Tower,2,3,32,0,37,0,0,28,0,28,2,3,60,0,65,52,0,52,117
05/07/2007,VLD,GA,ASO,ES,Federal Contract Tower,0,9,37,8,54,0,2,23,2,27,0,11,60,10,81,30,36,66,147
05/08/2007,VLD,GA,ASO,ES,Federal Contract Tower,2,15,36,0,53,0,0,37,0,37,2,15,73,0,90,82,0,82,172
05/09/2007,VLD,GA,ASO,ES,Federal Contract Tower,2,9,34,2,47,0,0,35,0,35,2,9,69,2,82,68,0,68,150
05/10/2007,VLD,GA,ASO,ES,Federal Contract Tower,2,7,42,4,55,0,4,37,2,43,2,11,79,6,98,52,24,76,174
05/11/2007,VLD,GA,ASO,ES,Federal Contract Tower,2,9,45,2,58,0,0,30,0,30,2,9,75,2,88,88,0,88,176
05/12/2007,VLD,GA,ASO,ES,Federal Contract Tower,0,4,5,2,11,0,0,2,0,2,0,4,7,2,13,0,0,0,13
05/13/2007,VLD,GA,ASO,ES,Federal Contract Tower,0,3,12,0,15,0,0,0,0,0,0,3,12,0,15,0,0,0,15
05/14/2007,VLD,GA,ASO,ES,Federal Contract Tower,2,7,31,10,50,0,0,31,2,33,2,7,62,12,83,92,28,120,203
05/15/2007,VLD,GA,ASO,ES,Federal Contract Tower,2,7,43,2,54,0,2,27,2,31,2,9,70,4,85,48,24,72,157
05/16/2007,VLD,GA,ASO,ES,Federal Contract Tower,2,7,47,8,64,0,0,39,2,41,2,7,86,10,105,58,60,118,223
05/17/2007,VLD,GA,ASO,ES,Federal Contract Tower,2,7,43,14,66,0,4,25,4,33,2,11,68,18,99,78,38,116,215
05/18/2007,VLD,GA,ASO,ES,Federal Contract Tower,0,10,42,0,52,0,0,26,0,26,0,10,68,0,78,60,0,60,138
05/19/2007,VLD,GA,ASO,ES,Federal Contract Tower,2,2,28,0,32,0,9,33,0,42,2,11,61,0,74,60,0,60,134
05/20/2007,VLD,GA,ASO,ES,Federal Contract Tower,2,3,23,0,28,0,0,37,0,37,2,3,60,0,65,50,0,50,115
05/21/2007,VLD,GA,ASO,ES,Federal Contract Tower,2,7,33,14,56,0,0,31,2,33,2,7,64,16,89,32,52,84,173
05/22/2007,VLD,GA,ASO,ES,Federal Contract Tower,2,10,46,6,64,0,3,23,4,30,2,13,69,10,94,22,36,58,152
05/23/2007,VLD,GA,ASO,ES,Federal Contract Tower,2,9,38,8,57,0,0,22,2,24,2,9,60,10,81,14,12,26,107
05/24/2007,VLD,GA,ASO,ES,Federal Contract Tower,2,7,26,2,37,0,0,0,0,0,2,7,26,2,37,0,0,0,37
05/25/2007,VLD,GA,ASO,ES,Federal Contract Tower,2,6,21,0,29,0,0,0,0,0,2,6,21,0,29,0,0,0,29
05/26/2007,VLD,GA,ASO,ES,Federal Contract Tower,0,3,9,0,12,0,0,3,0,3,0,3,12,0,15,0,0,0,15
05/27/2007,VLD,GA,ASO,ES,Federal Contract Tower,0,6,12,0,18,0,0,0,0,0,0,6,12,0,18,0,0,0,18
05/28/2007,VLD,GA,ASO,ES,Federal Contract Tower,0,6,5,0,11,0,0,0,0,0,0,6,5,0,11,6,0,6,17
05/29/2007,VLD,GA,ASO,ES,Federal Contract Tower,2,5,34,18,59,0,0,24,2,26,2,5,58,20,85,28,48,76,161
05/30/2007,VLD,GA,ASO,ES,Federal Contract Tower,2,7,45,10,64,0,0,19,2,21,2,7,64,12,85,28,62,90,175
05/31/2007,VLD,GA,ASO,ES,Federal Contract Tower,0,7,27,8,42,0,0,0,2,2,0,7,27,10,44,0,8,8,52
06/01/2007,VLD,GA,ASO,ES,Federal Contract Tower,0,7,41,9,57,0,0,9,4,13,0,7,50,13,70,18,30,48,118
06/02/2007,VLD,GA,ASO,ES,Federal Contract Tower,2,1,2,1,6,0,0,0,0,0,2,1,2,1,6,0,0,0,6
06/03/2007,VLD,GA,ASO,ES,Federal Contract Tower,2,3,27,0,32,0,0,26,0,26,2,3,53,0,58,66,0,66,124
06/04/2007,VLD,GA,ASO,ES,Federal Contract Tower,2,7,29,0,38,0,0,15,0,15,2,7,44,0,53,64,0,64,117
06/05/2007,VLD,GA,ASO,ES,Federal Contract Tower,2,7,37,10,56,0,0,15,2,17,2,7,52,12,73,14,20,34,107
06/06/2007,VLD,GA,ASO,ES,Federal Contract Tower,2,8,38,0,48,0,0,27,0,27,2,8,65,0,75,70,0,70,145
06/07/2007,VLD,GA,ASO,ES,Federal Contract Tower,2,8,54,10,74,0,0,25,4,29,2,8,79,14,103,32,24,56,159
06/08/2007,VLD,GA,ASO,ES,Federal Contract Tower,2,10,31,0,43,0,0,36,0,36,2,10,67,0,79,52,0,52,131
06/09/2007,VLD,GA,ASO,ES,Federal Contract Tower,2,3,27,0,32,0,0,13,0,13,2,3,40,0,45,52,0,52,97
06/10/2007,VLD,GA,ASO,ES,Federal Contract Tower,2,3,16,2,23,0,0,12,0,12,2,3,28,2,35,0,0,0,35
06/11/2007,VLD,GA,ASO,ES,Federal Contract Tower,2,7,45,11,65,0,1,23,3,27,2,8,68,14,92,42,84,126,218
06/12/2007,VLD,GA,ASO,ES,Federal Contract Tower,2,8,28,28,66,0,0,9,4,13,2,8,37,32,79,8,56,64,143
06/13/2007,VLD,GA,ASO,ES,Federal Contract Tower,2,10,37,16,65,0,0,22,4,26,2,10,59,20,91,40,78,118,209
06/14/2007,VLD,GA,ASO,ES,Federal Contract Tower,2,10,46,18,76,0,0,34,4,38,2,10,80,22,114,62,68,130,244
06/15/2007,VLD,GA,ASO,ES,Federal Contract Tower,2,11,38,0,51,0,0,33,2,35,2,11,71,2,86,48,0,48,134
06/16/2007,VLD,GA,ASO,ES,Federal Contract Tower,2,3,13,1,19,0,0,20,0,20,2,3,33,1,39,2,0,2,41
06/17/2007,VLD,GA,ASO,ES,Federal Contract Tower,2,3,12,1,18,0,0,23,0,23,2,3,35,1,41,16,0,16,57
06/18/2007,VLD,GA,ASO,ES,Federal Contract Tower,2,7,21,10,40,0,0,29,2,31,2,7,50,12,71,22,28,50,121
06/19/2007,VLD,GA,ASO,ES,Federal Contract Tower,2,6,32,8,48,0,0,20,2,22,2,6,52,10,70,22,6,28,98
06/20/2007,VLD,GA,ASO,ES,Federal Contract Tower,2,11,34,2,49,0,0,12,0,12,2,11,46,2,61,10,0,10,71
06/21/2007,VLD,GA,ASO,ES,Federal Contract Tower,2,7,29,0,38,0,0,17,0,17,2,7,46,0,55,16,0,16,71
06/22/2007,VLD,GA,ASO,ES,Federal Contract Tower,2,11,36,0,49,0,0,34,0,34,2,11,70,0,83,56,0,56,139
06/23/2007,VLD,GA,ASO,ES,Federal Contract Tower,0,7,25,0,32,0,0,6,0,6,0,7,31,0,38,50,0,50,88
06/24/2007,VLD,GA,ASO,ES,Federal Contract Tower,2,4,10,0,16,0,0,20,0,20,2,4,30,0,36,6,0,6,42
06/25/2007,VLD,GA,ASO,ES,Federal Contract Tower,2,5,54,10,71,0,0,14,2,16,2,5,68,12,87,16,6,22,109
06/26/2007,VLD,GA,ASO,ES,Federal Contract Tower,2,9,32,0,43,0,0,18,0,18,2,9,50,0,61,0,0,0,61
06/27/2007,VLD,GA,ASO,ES,Federal Contract Tower,4,9,16,0,29,0,0,16,0,16,4,9,32,0,45,10,0,10,55
06/28/2007,VLD,GA,ASO,ES,Federal Contract Tower,0,8,25,0,33,0,0,9,0,9,0,8,34,0,42,0,0,0,42
06/29/2007,VLD,GA,ASO,ES,Federal Contract Tower,0,6,27,1,34,0,0,21,0,21,0,6,48,1,55,10,0,10,65
06/30/2007,VLD,GA,ASO,ES,Federal Contract Tower,2,3,13,1,19,0,0,16,0,16,2,3,29,1,35,8,0,8,43
07/01/2007,VLD,GA,ASO,ES,Federal Contract Tower,0,4,11,0,15,0,0,19,0,19,0,4,30,0,34,28,0,28,62
07/02/2007,VLD,GA,ASO,ES,Federal Contract Tower,0,8,38,6,52,0,0,22,4,26,0,8,60,10,78,56,42,98,176
07/03/2007,VLD,GA,ASO,ES,Federal Contract Tower,0,6,27,6,39,0,0,14,2,16,0,6,41,8,55,48,48,96,151
07/04/2007,VLD,GA,ASO,ES,Federal Contract Tower,2,2,19,0,23,0,0,26,0,26,2,2,45,0,49,48,0,48,97
07/05/2007,VLD,GA,ASO,ES,Federal Contract Tower,0,8,25,6,39,0,3,24,2,29,0,11,49,8,68,34,42,76,144
07/06/2007,VLD,GA,ASO,ES,Federal Contract Tower,0,13,32,0,45,0,0,25,0,25,0,13,57,0,70,44,0,44,114
07/07/2007,VLD,GA,ASO,ES,Federal Contract Tower,0,5,7,0,12,0,0,13,0,13,0,5,20,0,25,4,0,4,29
07/08/2007,VLD,GA,ASO,ES,Federal Contract Tower,0,5,17,0,22,0,0,6,2,8,0,5,23,2,30,0,0,0,30
07/09/2007,VLD,GA,ASO,ES,Federal Contract Tower,0,8,42,12,62,0,0,9,2,11,0,8,51,14,73,30,72,102,175
07/10/2007,VLD,GA,ASO,ES,Federal Contract Tower,0,11,42,14,67,0,0,14,4,18,0,11,56,18,85,36,30,66,151
07/11/2007,VLD,GA,ASO,ES,Federal Contract Tower,0,7,32,10,49,0,0,19,2,21,0,7,51,12,70,56,12,68,138
07/12/2007,VLD,GA,ASO,ES,Federal Contract Tower,0,11,37,0,48,0,0,22,0,22,0,11,59,0,70,69,0,69,139
07/13/2007,VLD,GA,ASO,ES,Federal Contract Tower,0,9,14,0,23,0,0,4,1,5,0,9,18,1,28,4,0,4,32
07/14/2007,VLD,GA,ASO,ES,Federal Contract Tower,0,3,11,0,14,0,0,9,0,9,0,3,20,0,23,12,0,12,35
07/15/2007,VLD,GA,ASO,ES,Federal Contract Tower,0,5,4,0,9,0,0,10,0,10,0,5,14,0,19,12,0,12,31
07/16/2007,VLD,GA,ASO,ES,Federal Contract Tower,0,9,28,0,37,0,0,16,0,16,0,9,44,0,53,52,0,52,105
07/17/2007,VLD,GA,ASO,ES,Federal Contract Tower,0,11,37,0,48,0,0,25,0,25,0,11,62,0,73,46,0,46,119
07/18/2007,VLD,GA,ASO,ES,Federal Contract Tower,0,13,31,4,48,0,0,31,2,33,0,13,62,6,81,54,12,66,147
07/19/2007,VLD,GA,ASO,ES,Federal Contract Tower,0,7,35,0,42,0,0,20,0,20,0,7,55,0,62,28,0,28,90
07/20/2007,VLD,GA,ASO,ES,Federal Contract Tower,0,8,35,2,45,0,0,44,0,44,0,8,79,2,89,32,0,32,121
07/21/2007,VLD,GA,ASO,ES,Federal Contract Tower,0,3,10,0,13,0,0,23,0,23,0,3,33,0,36,22,0,22,58
07/22/2007,VLD,GA,ASO,ES,Federal Contract Tower,0,5,11,0,16,0,0,8,0,8,0,5,19,0,24,25,0,25,49
07/23/2007,VLD,GA,ASO,ES,Federal Contract Tower,0,12,28,2,42,0,0,13,0,13,0,12,41,2,55,46,0,46,101
07/24/2007,VLD,GA,ASO,ES,Federal Contract Tower,0,12,25,0,37,0,2,19,2,23,0,14,44,2,60,60,0,60,120
07/25/2007,VLD,GA,ASO,ES,Federal Contract Tower,0,11,19,0,30,0,0,13,0,13,0,11,32,0,43,18,0,18,61
07/26/2007,VLD,GA,ASO,ES,Federal Contract Tower,0,16,34,0,50,0,0,18,0,18,0,16,52,0,68,32,0,32,100
07/27/2007,VLD,GA,ASO,ES,Federal Contract Tower,0,9,30,0,39,0,0,15,0,15,0,9,45,0,54,6,0,6,60
07/28/2007,VLD,GA,ASO,ES,Federal Contract Tower,0,3,9,0,12,0,0,29,1,30,0,3,38,1,42,47,0,47,89
07/29/2007,VLD,GA,ASO,ES,Federal Contract Tower,0,4,6,2,12,0,0,29,2,31,0,4,35,4,43,60,0,60,103
07/30/2007,VLD,GA,ASO,ES,Federal Contract Tower,0,9,8,0,17,0,0,12,0,12,0,9,20,0,29,0,0,0,29
07/31/2007,VLD,GA,ASO,ES,Federal Contract Tower,0,10,18,4,32,0,0,12,2,14,0,10,30,6,46,14,10,24,70
08/01/2007,VLD,GA,ASO,ES,Federal Contract Tower,0,9,42,0,51,0,0,23,0,23,0,9,65,0,74,66,0,66,140
08/02/2007,VLD,GA,ASO,ES,Federal Contract Tower,0,9,37,0,46,0,0,18,0,18,0,9,55,0,64,26,0,26,90
08/03/2007,VLD,GA,ASO,ES,Federal Contract Tower,0,9,16,0,25,0,0,4,0,4,0,9,20,0,29,0,0,0,29
08/04/2007,VLD,GA,ASO,ES,Federal Contract Tower,0,3,27,0,30,0,0,33,0,33,0,3,60,0,63,40,0,40,103
08/05/2007,VLD,GA,ASO,ES,Federal Contract Tower,0,8,31,0,39,0,0,9,0,9,0,8,40,0,48,58,0,58,106
08/06/2007,VLD,GA,ASO,ES,Federal Contract Tower,0,11,32,0,43,0,0,23,0,23,0,11,55,0,66,50,0,50,116
08/07/2007,VLD,GA,ASO,ES,Federal Contract Tower,0,9,36,12,57,0,2,17,4,23,0,11,53,16,80,62,62,124,204
08/08/2007,VLD,GA,ASO,ES,Federal Contract Tower,0,14,25,4,43,0,0,37,2,39,0,14,62,6,82,72,12,84,166
08/09/2007,VLD,GA,ASO,ES,Federal Contract Tower,0,9,33,0,42,0,0,16,0,16,0,9,49,0,58,48,0,48,106
08/10/2007,VLD,GA,ASO,ES,Federal Contract Tower,1,8,38,0,47,0,1,19,0,20,1,9,57,0,67,0,0,0,67
08/11/2007,VLD,GA,ASO,ES,Federal Contract Tower,3,3,11,1,18,0,0,15,0,15,3,3,26,1,33,0,0,0,33
08/12/2007,VLD,GA,ASO,ES,Federal Contract Tower,0,5,7,0,12,0,2,13,2,17,0,7,20,2,29,16,0,16,45
08/13/2007,VLD,GA,ASO,ES,Federal Contract Tower,0,11,37,2,50,0,0,24,2,26,0,11,61,4,76,50,70,120,196
08/14/2007,VLD,GA,ASO,ES,Federal Contract Tower,0,9,34,2,45,0,0,27,2,29,0,9,61,4,74,94,32,126,200
08/15/2007,VLD,GA,ASO,ES,Federal Contract Tower,0,10,32,0,42,0,0,11,0,11,0,10,43,0,53,80,0,80,133
08/16/2007,VLD,GA,ASO,ES,Federal Contract Tower,0,8,45,0,53,0,0,10,0,10,0,8,55,0,63,56,0,56,119
08/17/2007,VLD,GA,ASO,ES,Federal Contract Tower,0,9,21,0,30,0,0,28,0,28,0,9,49,0,58,8,0,8,66
08/18/2007,VLD,GA,ASO,ES,Federal Contract Tower,0,3,0,1,4,0,6,15,1,22,0,9,15,2,26,11,6,17,43
08/19/2007,VLD,GA,ASO,ES,Federal Contract Tower,0,5,10,0,15,0,0,17,0,17,0,5,27,0,32,8,0,8,40
08/20/2007,VLD,GA,ASO,ES,Federal Contract Tower,0,20,11,4,35,0,1,15,0,16,0,21,26,4,51,0,0,0,51
08/21/2007,VLD,GA,ASO,ES,Federal Contract Tower,0,40,16,0,56,0,2,13,0,15,0,42,29,0,71,16,0,16,87
08/22/2007,VLD,GA,ASO,ES,Federal Contract Tower,0,14,27,0,41,0,0,20,0,20,0,14,47,0,61,48,0,48,109
08/23/2007,VLD,GA,ASO,ES,Federal Contract Tower,0,10,43,12,65,0,0,14,4,18,0,10,57,16,83,44,50,94,177
08/24/2007,VLD,GA,ASO,ES,Federal Contract Tower,0,8,34,10,52,0,0,10,4,14,0,8,44,14,66,62,34,96,162
08/25/2007,VLD,GA,ASO,ES,Federal Contract Tower,0,3,18,1,22,0,0,14,0,14,0,3,32,1,36,26,0,26,62
08/26/2007,VLD,GA,ASO,ES,Federal Contract Tower,0,4,7,0,11,0,0,8,1,9,0,4,15,1,20,12,0,12,32
08/27/2007,VLD,GA,ASO,ES,Federal Contract Tower,0,9,31,0,40,0,0,11,0,11,0,9,42,0,51,30,0,30,81
08/28/2007,VLD,GA,ASO,ES,Federal Contract Tower,0,9,26,2,37,0,0,18,0,18,0,9,44,2,55,6,0,6,61
08/29/2007,VLD,GA,ASO,ES,Federal Contract Tower,0,9,36,6,51,0,0,13,0,13,0,9,49,6,64,44,0,44,108
08/30/2007,VLD,GA,ASO,ES,Federal Contract Tower,0,9,21,4,34,0,2,14,0,16,0,11,35,4,50,2,0,2,52
08/31/2007,VLD,GA,ASO,ES,Federal Contract Tower,0,11,23,0,34,0,0,18,0,18,0,11,41,0,52,0,0,0,52
09/01/2007,VLD,GA,ASO,ES,Federal Contract Tower,0,3,10,0,13,0,0,1,0,1,0,3,11,0,14,0,0,0,14
09/02/2007,VLD,GA,ASO,ES,Federal Contract Tower,0,1,8,0,9,0,0,1,0,1,0,1,9,0,10,0,0,0,10
09/03/2007,VLD,GA,ASO,ES,Federal Contract Tower,0,5,10,0,15,0,0,22,0,22,0,5,32,0,37,16,0,16,53
09/04/2007,VLD,GA,ASO,ES,Federal Contract Tower,0,12,25,0,37,0,0,15,0,15,0,12,40,0,52,6,0,6,58
09/05/2007,VLD,GA,ASO,ES,Federal Contract Tower,0,9,47,0,56,0,0,31,0,31,0,9,78,0,87,108,0,108,195
09/06/2007,VLD,GA,ASO,ES,Federal Contract Tower,0,9,35,16,60,0,0,25,2,27,0,9,60,18,87,76,36,112,199
09/07/2007,VLD,GA,ASO,ES,Federal Contract Tower,0,9,44,0,53,0,0,11,0,11,0,9,55,0,64,46,0,46,110
09/08/2007,VLD,GA,ASO,ES,Federal Contract Tower,0,14,28,0,42,0,0,17,0,17,0,14,45,0,59,38,0,38,97
09/09/2007,VLD,GA,ASO,ES,Federal Contract Tower,0,6,32,0,38,0,0,14,0,14,0,6,46,0,52,44,0,44,96
09/10/2007,VLD,GA,ASO,ES,Federal Contract Tower,0,13,28,18,59,0,0,15,4,19,0,13,43,22,78,64,60,124,202
09/11/2007,VLD,GA,ASO,ES,Federal Contract Tower,0,9,39,2,50,0,0,11,2,13,0,9,50,4,63,40,20,60,123
09/12/2007,VLD,GA,ASO,ES,Federal Contract Tower,0,8,16,0,24,0,0,17,0,17,0,8,33,0,41,0,0,0,41
09/13/2007,VLD,GA,ASO,ES,Federal Contract Tower,0,10,48,20,78,0,0,12,2,14,0,10,60,22,92,80,56,136,228
09/14/2007,VLD,GA,ASO,ES,Federal Contract Tower,0,11,21,0,32,0,0,7,0,7,0,11,28,0,39,6,0,6,45
09/15/2007,VLD,GA,ASO,ES,Federal Contract Tower,0,4,15,1,20,0,1,9,1,11,0,5,24,2,31,0,0,0,31
09/16/2007,VLD,GA,ASO,ES,Federal Contract Tower,0,7,11,0,18,0,0,25,0,25,0,7,36,0,43,12,0,12,55
09/17/2007,VLD,GA,ASO,ES,Federal Contract Tower,0,10,18,4,32,0,1,21,0,22,0,11,39,4,54,4,0,4,58
09/18/2007,VLD,GA,ASO,ES,Federal Contract Tower,0,9,21,8,38,0,0,24,8,32,0,9,45,16,70,18,0,18,88
09/19/2007,VLD,GA,ASO,ES,Federal Contract Tower,0,8,20,6,34,0,0,16,0,16,0,8,36,6,50,20,0,20,70
09/20/2007,VLD,GA,ASO,ES,Federal Contract Tower,0,9,27,22,58,0,0,11,2,13,0,9,38,24,71,0,0,0,71
09/21/2007,VLD,GA,ASO,ES,Federal Contract Tower,0,10,22,0,32,0,0,11,0,11,0,10,33,0,43,4,0,4,47
09/22/2007,VLD,GA,ASO,ES,Federal Contract Tower,1,6,18,0,25,0,0,10,0,10,1,6,28,0,35,10,0,10,45
09/23/2007,VLD,GA,ASO,ES,Federal Contract Tower,1,5,24,0,30,0,0,10,0,10,1,5,34,0,40,2,0,2,42
09/24/2007,VLD,GA,ASO,ES,Federal Contract Tower,0,11,18,2,31,0,0,13,0,13,0,11,31,2,44,72,0,72,116
09/25/2007,VLD,GA,ASO,ES,Federal Contract Tower,0,9,39,0,48,0,0,23,0,23,0,9,62,0,71,14,0,14,85
09/26/2007,VLD,GA,ASO,ES,Federal Contract Tower,0,9,14,0,23,0,1,16,0,17,0,10,30,0,40,6,0,6,46
09/27/2007,VLD,GA,ASO,ES,Federal Contract Tower,0,11,28,4,43,0,1,10,0,11,0,12,38,4,54,2,0,2,56
09/28/2007,VLD,GA,ASO,ES,Federal Contract Tower,0,9,16,0,25,0,0,19,0,19,0,9,35,0,44,20,0,20,64
09/29/2007,VLD,GA,ASO,ES,Federal Contract Tower,0,5,21,0,26,0,0,15,0,15,0,5,36,0,41,2,0,2,43
09/30/2007,VLD,GA,ASO,ES,Federal Contract Tower,0,5,10,0,15,0,0,12,0,12,0,5,22,0,27,12,0,12,39
10/01/2007,VLD,GA,ASO,ES,Federal Contract Tower,0,10,22,0,32,0,0,15,0,15,0,10,37,0,47,8,0,8,55
10/02/2007,VLD,GA,ASO,ES,Federal Contract Tower,0,11,26,0,37,0,0,14,0,14,0,11,40,0,51,12,0,12,63
10/03/2007,VLD,GA,ASO,ES,Federal Contract Tower,0,10,29,0,39,0,0,11,0,11,0,10,40,0,50,0,0,0,50
10/04/2007,VLD,GA,ASO,ES,Federal Contract Tower,0,10,28,9,47,0,0,18,4,22,0,10,46,13,69,0,55,55,124
10/05/2007,VLD,GA,ASO,ES,Federal Contract Tower,0,12,22,8,42,0,0,13,2,15,0,12,35,10,57,0,10,10,67
10/06/2007,VLD,GA,ASO,ES,Federal Contract Tower,2,6,13,0,21,0,0,8,0,8,2,6,21,0,29,0,0,0,29
10/07/2007,VLD,GA,ASO,ES,Federal Contract Tower,0,7,17,0,24,0,0,11,0,11,0,7,28,0,35,0,0,0,35
10/08/2007,VLD,GA,ASO,ES,Federal Contract Tower,0,5,18,0,23,0,2,11,0,13,0,7,29,0,36,6,0,6,42
10/09/2007,VLD,GA,ASO,ES,Federal Contract Tower,0,11,23,0,34,0,0,10,0,10,0,11,33,0,44,0,0,0,44
10/10/2007,VLD,GA,ASO,ES,Federal Contract Tower,0,10,13,0,23,0,0,32,0,32,0,10,45,0,55,46,0,46,101
10/11/2007,VLD,GA,ASO,ES,Federal Contract Tower,0,12,28,12,52,0,0,16,4,20,0,12,44,16,72,18,20,38,110
10/12/2007,VLD,GA,ASO,ES,Federal Contract Tower,0,10,29,0,39,0,1,23,0,24,0,11,52,0,63,30,0,30,93
10/13/2007,VLD,GA,ASO,ES,Federal Contract Tower,0,6,14,0,20,0,0,30,0,30,0,6,44,0,50,20,0,20,70
10/14/2007,VLD,GA,ASO,ES,Federal Contract Tower,0,7,4,0,11,0,0,21,0,21,0,7,25,0,32,2,0,2,34
10/15/2007,VLD,GA,ASO,ES,Federal Contract Tower,0,11,20,0,31,0,2,20,2,24,0,13,40,2,55,38,18,56,111
10/16/2007,VLD,GA,ASO,ES,Federal Contract Tower,0,11,36,16,63,0,0,31,4,35,0,11,67,20,98,34,42,76,174
10/17/2007,VLD,GA,ASO,ES,Federal Contract Tower,0,10,42,12,64,0,0,26,2,28,0,10,68,14,92,38,26,64,156
10/18/2007,VLD,GA,ASO,ES,Federal Contract Tower,0,15,22,0,37,0,1,13,0,14,0,16,35,0,51,0,0,0,51
10/19/2007,VLD,GA,ASO,ES,Federal Contract Tower,0,11,17,1,29,0,0,15,0,15,0,11,32,1,44,0,0,0,44
10/20/2007,VLD,GA,ASO,ES,Federal Contract Tower,0,6,22,5,33,0,0,9,5,14,0,6,31,10,47,0,34,34,81
10/21/2007,VLD,GA,ASO,ES,Federal Contract Tower,0,7,19,1,27,0,0,16,0,16,0,7,35,1,43,20,0,20,63
10/22/2007,VLD,GA,ASO,ES,Federal Contract Tower,0,11,27,0,38,0,0,14,0,14,0,11,41,0,52,8,0,8,60
10/23/2007,VLD,GA,ASO,ES,Federal Contract Tower,0,8,30,10,48,0,1,19,0,20,0,9,49,10,68,0,0,0,68
10/24/2007,VLD,GA,ASO,ES,Federal Contract Tower,0,12,29,14,55,0,0,15,0,15,0,12,44,14,70,28,0,28,98
10/25/2007,VLD,GA,ASO,ES,Federal Contract Tower,0,11,33,4,48,0,1,35,0,36,0,12,68,4,84,16,0,16,100
10/26/2007,VLD,GA,ASO,ES,Federal Contract Tower,0,11,26,4,41,0,3,27,2,32,0,14,53,6,73,32,0,32,105
10/27/2007,VLD,GA,ASO,ES,Federal Contract Tower,0,6,18,0,24,0,0,8,0,8,0,6,26,0,32,10,0,10,42
10/28/2007,VLD,GA,ASO,ES,Federal Contract Tower,0,9,21,0,30,0,0,20,0,20,0,9,41,0,50,14,0,14,64
10/29/2007,VLD,GA,ASO,ES,Federal Contract Tower,0,13,24,6,43,0,0,19,8,27,0,13,43,14,70,20,0,20,90
10/30/2007,VLD,GA,ASO,ES,Federal Contract Tower,0,9,29,4,42,0,0,25,0,25,0,9,54,4,67,30,0,30,97
10/31/2007,VLD,GA,ASO,ES,Federal Contract Tower,0,22,31,4,57,0,11,16,0,27,0,33,47,4,84,10,0,10,94
11/01/2007,VLD,GA,ASO,ES,Federal Contract Tower,0,19,43,6,68,0,2,35,2,39,0,21,78,8,107,58,38,96,203
11/02/2007,VLD,GA,ASO,ES,Federal Contract Tower,0,7,31,1,39,0,0,35,0,35,0,7,66,1,74,66,0,66,140
11/03/2007,VLD,GA,ASO,ES,Federal Contract Tower,2,4,5,7,18,0,0,29,1,30,2,4,34,8,48,14,10,24,72
11/04/2007,VLD,GA,ASO,ES,Federal Contract Tower,0,5,4,1,10,0,0,21,0,21,0,5,25,1,31,0,0,0,31
11/05/2007,VLD,GA,ASO,ES,Federal Contract Tower,0,9,18,11,38,0,1,20,1,22,0,10,38,12,60,34,6,40,100
11/06/2007,VLD,GA,ASO,ES,Federal Contract Tower,0,9,44,4,57,0,0,17,0,17,0,9,61,4,74,0,0,0,74
11/07/2007,VLD,GA,ASO,ES,Federal Contract Tower,0,9,28,6,43,0,1,27,0,28,0,10,55,6,71,10,2,12,83
11/08/2007,VLD,GA,ASO,ES,Federal Contract Tower,0,17,32,6,55,0,0,35,0,35,0,17,67,6,90,10,0,10,100
11/09/2007,VLD,GA,ASO,ES,Federal Contract Tower,0,23,23,6,52,0,5,24,0,29,0,28,47,6,81,16,0,16,97
11/10/2007,VLD,GA,ASO,ES,Federal Contract Tower,0,4,17,0,21,0,0,30,0,30,0,4,47,0,51,14,0,14,65
11/11/2007,VLD,GA,ASO,ES,Federal Contract Tower,0,7,16,0,23,0,0,20,0,20,0,7,36,0,43,18,0,18,61
11/12/2007,VLD,GA,ASO,ES,Federal Contract Tower,0,7,16,0,23,0,0,37,0,37,0,7,53,0,60,36,0,36,96
11/13/2007,VLD,GA,ASO,ES,Federal Contract Tower,0,15,13,6,34,0,0,25,2,27,0,15,38,8,61,22,12,34,95
11/14/2007,VLD,GA,ASO,ES,Federal Contract Tower,0,10,25,4,39,0,7,20,1,28,0,17,45,5,67,8,38,46,113
11/15/2007,VLD,GA,ASO,ES,Federal Contract Tower,0,11,20,5,36,0,0,13,7,20,0,11,33,12,56,12,56,68,124
11/16/2007,VLD,GA,ASO,ES,Federal Contract Tower,0,11,22,13,46,0,0,29,6,35,0,11,51,19,81,40,18,58,139
11/17/2007,VLD,GA,ASO,ES,Federal Contract Tower,0,4,15,0,19,0,2,25,1,28,0,6,40,1,47,18,0,18,65
11/18/2007,VLD,GA,ASO,ES,Federal Contract Tower,0,5,8,0,13,0,0,19,0,19,0,5,27,0,32,10,0,10,42
11/19/2007,VLD,GA,ASO,ES,Federal Contract Tower,0,5,17,9,31,0,2,17,3,22,0,7,34,12,53,14,6,20,73
11/20/2007,VLD,GA,ASO,ES,Federal Contract Tower,0,13,47,11,71,0,0,21,3,24,0,13,68,14,95,34,54,88,183
11/21/2007,VLD,GA,ASO,ES,Federal Contract Tower,0,7,49,8,64,0,0,29,2,31,0,7,78,10,95,34,32,66,161
11/22/2007,VLD,GA,ASO,ES,Federal Contract Tower,0,1,6,0,7,0,0,6,0,6,0,1,12,0,13,0,0,0,13
11/23/2007,VLD,GA,ASO,ES,Federal Contract Tower,0,6,8,0,14,0,0,20,0,20,0,6,28,0,34,4,0,4,38
11/24/2007,VLD,GA,ASO,ES,Federal Contract Tower,0,5,24,0,29,0,0,12,0,12,0,5,36,0,41,8,0,8,49
11/25/2007,VLD,GA,ASO,ES,Federal Contract Tower,0,4,15,0,19,0,0,2,0,2,0,4,17,0,21,0,0,0,21
11/26/2007,VLD,GA,ASO,ES,Federal Contract Tower,2,6,15,0,23,0,0,9,0,9,2,6,24,0,32,0,0,0,32
11/27/2007,VLD,GA,ASO,ES,Federal Contract Tower,0,11,32,14,57,0,2,17,4,23,0,13,49,18,80,42,54,96,176
11/28/2007,VLD,GA,ASO,ES,Federal Contract Tower,0,7,33,10,50,0,0,22,2,24,0,7,55,12,74,26,20,46,120
11/29/2007,VLD,GA,ASO,ES,Federal Contract Tower,0,13,29,4,46,0,0,6,0,6,0,13,35,4,52,6,0,6,58
11/30/2007,VLD,GA,ASO,ES,Federal Contract Tower,0,9,19,3,31,0,0,13,0,13,0,9,32,3,44,12,0,12,56
12/01/2007,VLD,GA,ASO,ES,Federal Contract Tower,0,6,14,2,22,0,24,17,0,41,0,30,31,2,63,0,0,0,63
12/02/2007,VLD,GA,ASO,ES,Federal Contract Tower,0,7,12,1,20,0,6,25,0,31,0,13,37,1,51,16,0,16,67
12/03/2007,VLD,GA,ASO,ES,Federal Contract Tower,0,13,22,10,45,0,0,12,4,16,0,13,34,14,61,38,50,88,149
12/04/2007,VLD,GA,ASO,ES,Federal Contract Tower,0,9,34,6,49,0,0,23,0,23,0,9,57,6,72,66,40,106,178
12/05/2007,VLD,GA,ASO,ES,Federal Contract Tower,0,10,37,16,63,0,2,20,4,26,0,12,57,20,89,68,56,124,213
12/06/2007,VLD,GA,ASO,ES,Federal Contract Tower,0,9,30,18,57,0,1,26,4,31,0,10,56,22,88,18,4,22,110
12/07/2007,VLD,GA,ASO,ES,Federal Contract Tower,2,13,16,0,31,0,0,14,30,44,2,13,30,30,75,8,0,8,83
12/08/2007,VLD,GA,ASO,ES,Federal Contract Tower,2,4,10,1,17,0,2,19,31,52,2,6,29,32,69,56,0,56,125
12/09/2007,VLD,GA,ASO,ES,Federal Contract Tower,0,9,13,1,23,0,0,14,1,15,0,9,27,2,38,12,0,12,50
12/10/2007,VLD,GA,ASO,ES,Federal Contract Tower,0,8,13,2,23,0,0,14,0,14,0,8,27,2,37,14,0,14,51
12/11/2007,VLD,GA,ASO,ES,Federal Contract Tower,0,9,22,9,40,0,0,16,4,20,0,9,38,13,60,0,60,60,120
12/12/2007,VLD,GA,ASO,ES,Federal Contract Tower,0,19,22,6,47,0,0,25,3,28,0,19,47,9,75,46,8,54,129
12/13/2007,VLD,GA,ASO,ES,Federal Contract Tower,0,9,25,0,34,0,1,26,0,27,0,10,51,0,61,14,0,14,75
12/14/2007,VLD,GA,ASO,ES,Federal Contract Tower,0,10,19,15,44,0,0,22,0,22,0,10,41,15,66,26,16,42,108
12/15/2007,VLD,GA,ASO,ES,Federal Contract Tower,0,6,15,2,23,0,0,3,0,3,0,6,18,2,26,6,0,6,32
12/16/2007,VLD,GA,ASO,ES,Federal Contract Tower,0,5,16,1,22,0,0,8,0,8,0,5,24,1,30,0,0,0,30
12/17/2007,VLD,GA,ASO,ES,Federal Contract Tower,0,17,17,8,42,0,0,27,0,27,0,17,44,8,69,6,24,30,99
12/18/2007,VLD,GA,ASO,ES,Federal Contract Tower,0,12,29,12,53,0,1,14,0,15,0,13,43,12,68,8,0,8,76
12/19/2007,VLD,GA,ASO,ES,Federal Contract Tower,0,7,28,21,56,0,0,9,9,18,0,7,37,30,74,18,24,42,116
12/20/2007,VLD,GA,ASO,ES,Federal Contract Tower,0,9,20,10,39,0,0,18,4,22,0,9,38,14,61,22,16,38,99
12/21/2007,VLD,GA,ASO,ES,Federal Contract Tower,0,9,34,8,51,0,0,14,0,14,0,9,48,8,65,24,0,24,89
12/22/2007,VLD,GA,ASO,ES,Federal Contract Tower,0,4,20,0,24,0,0,3,0,3,0,4,23,0,27,0,0,0,27
12/23/2007,VLD,GA,ASO,ES,Federal Contract Tower,0,3,8,0,11,0,0,3,0,3,0,3,11,0,14,0,0,0,14
12/24/2007,VLD,GA,ASO,ES,Federal Contract Tower,0,3,11,0,14,0,0,15,0,15,0,3,26,0,29,0,0,0,29
12/25/2007,VLD,GA,ASO,ES,Federal Contract Tower,0,1,4,0,5,0,0,5,0,5,0,1,9,0,10,10,0,10,20
12/26/2007,VLD,GA,ASO,ES,Federal Contract Tower,0,7,18,6,31,0,2,10,0,12,0,9,28,6,43,24,0,24,67
12/27/2007,VLD,GA,ASO,ES,Federal Contract Tower,0,9,23,18,50,0,0,6,6,12,0,9,29,24,62,8,18,26,88
12/28/2007,VLD,GA,ASO,ES,Federal Contract Tower,0,9,31,2,42,0,0,10,0,10,0,9,41,2,52,22,0,22,74
12/29/2007,VLD,GA,ASO,ES,Federal Contract Tower,0,8,17,0,25,0,0,9,0,9,0,8,26,0,34,2,0,2,36
12/30/2007,VLD,GA,ASO,ES,Federal Contract Tower,0,6,11,0,17,0,0,0,0,0,0,6,11,0,17,0,0,0,17
12/31/2007,VLD,GA,ASO,ES,Federal Contract Tower,0,7,10,0,17,0,0,27,0,27,0,7,37,0,44,16,0,16,60
01/01/2008,VLD,GA,ASO,ES,Federal Contract Tower,0,4,9,0,13,0,0,15,0,15,0,4,24,0,28,0,0,0,28
01/02/2008,VLD,GA,ASO,ES,Federal Contract Tower,0,9,15,0,24,0,0,13,0,13,0,9,28,0,37,18,0,18,55
01/03/2008,VLD,GA,ASO,ES,Federal Contract Tower,0,12,18,12,42,0,0,23,2,25,0,12,41,14,67,36,10,46,113
01/04/2008,VLD,GA,ASO,ES,Federal Contract Tower,0,17,19,0,36,0,0,17,0,17,0,17,36,0,53,14,0,14,67
01/05/2008,VLD,GA,ASO,ES,Federal Contract Tower,0,3,8,0,11,0,1,29,0,30,0,4,37,0,41,16,0,16,57
01/06/2008,VLD,GA,ASO,ES,Federal Contract Tower,0,7,11,0,18,0,0,22,0,22,0,7,33,0,40,4,0,4,44
01/07/2008,VLD,GA,ASO,ES,Federal Contract Tower,0,14,19,6,39,0,2,20,0,22,0,16,39,6,61,18,0,18,79
01/08/2008,VLD,GA,ASO,ES,Federal Contract Tower,0,10,26,12,48,0,0,9,2,11,0,10,35,14,59,8,12,20,79
01/09/2008,VLD,GA,ASO,ES,Federal Contract Tower,0,9,20,25,54,0,0,14,7,21,0,9,34,32,75,42,48,90,165
01/10/2008,VLD,GA,ASO,ES,Federal Contract Tower,0,10,30,5,45,0,0,7,4,11,0,10,37,9,56,14,0,14,70
01/11/2008,VLD,GA,ASO,ES,Federal Contract Tower,0,10,22,3,35,0,0,8,0,8,0,10,30,3,43,0,0,0,43
01/12/2008,VLD,GA,ASO,ES,Federal Contract Tower,0,6,18,2,26,0,0,10,0,10,0,6,28,2,36,0,0,0,36
01/13/2008,VLD,GA,ASO,ES,Federal Contract Tower,0,11,21,1,33,0,0,9,0,9,0,11,30,1,42,0,0,0,42
01/14/2008,VLD,GA,ASO,ES,Federal Contract Tower,0,13,21,18,52,0,0,11,2,13,0,13,32,20,65,24,12,36,101
01/15/2008,VLD,GA,ASO,ES,Federal Contract Tower,0,14,21,8,43,0,1,15,0,16,0,15,36,8,59,24,12,36,95
01/16/2008,VLD,GA,ASO,ES,Federal Contract Tower,0,12,20,12,44,0,0,10,0,10,0,12,30,12,54,0,0,0,54
01/17/2008,VLD,GA,ASO,ES,Federal Contract Tower,0,12,20,0,32,0,0,0,0,0,0,12,20,0,32,0,0,0,32
01/18/2008,VLD,GA,ASO,ES,Federal Contract Tower,0,27,23,14,64,0,0,15,0,15,0,27,38,14,79,12,0,12,91
01/19/2008,VLD,GA,ASO,ES,Federal Contract Tower,0,2,6,0,8,0,0,0,0,0,0,2,6,0,8,0,0,0,8
01/20/2008,VLD,GA,ASO,ES,Federal Contract Tower,0,4,1,5,10,0,0,21,0,21,0,4,22,5,31,0,0,0,31
01/21/2008,VLD,GA,ASO,ES,Federal Contract Tower,0,11,17,1,29,0,0,13,0,13,0,11,30,1,42,12,0,12,54
01/22/2008,VLD,GA,ASO,ES,Federal Contract Tower,0,11,26,18,55,0,0,21,0,21,0,11,47,18,76,18,0,18,94
01/23/2008,VLD,GA,ASO,ES,Federal Contract Tower,0,10,27,12,49,0,0,15,0,15,0,10,42,12,64,0,10,10,74
01/24/2008,VLD,GA,ASO,ES,Federal Contract Tower,0,9,30,7,46,0,0,17,1,18,0,9,47,8,64,4,28,32,96
01/25/2008,VLD,GA,ASO,ES,Federal Contract Tower,0,14,21,1,36,0,0,23,1,24,0,14,44,2,60,0,0,0,60
01/26/2008,VLD,GA,ASO,ES,Federal Contract Tower,0,3,6,0,9,0,0,0,0,0,0,3,6,0,9,0,0,0,9
01/27/2008,VLD,GA,ASO,ES,Federal Contract Tower,0,5,20,0,25,0,0,19,0,19,0,5,39,0,44,12,0,12,56
01/28/2008,VLD,GA,ASO,ES,Federal Contract Tower,0,10,16,2,28,0,0,31,0,31,0,10,47,2,59,6,0,6,65
01/29/2008,VLD,GA,ASO,ES,Federal Contract Tower,0,11,20,8,39,0,0,22,2,24,0,11,42,10,63,18,14,32,95
01/30/2008,VLD,GA,ASO,ES,Federal Contract Tower,1,8,23,8,40,0,0,16,0,16,1,8,39,8,56,0,0,0,56
01/31/2008,VLD,GA,ASO,ES,Federal Contract Tower,0,9,20,17,46,0,0,6,2,8,0,9,26,19,54,20,43,63,117
02/01/2008,VLD,GA,ASO,ES,Federal Contract Tower,0,9,24,0,33,0,1,9,2,12,0,10,33,2,45,0,0,0,45
02/02/2008,VLD,GA,ASO,ES,Federal Contract Tower,0,5,13,0,18,0,0,30,2,32,0,5,43,2,50,10,0,10,60
02/03/2008,VLD,GA,ASO,ES,Federal Contract Tower,0,6,3,0,9,0,0,14,0,14,0,6,17,0,23,18,0,18,41
02/04/2008,VLD,GA,ASO,ES,Federal Contract Tower,0,13,12,13,38,0,0,8,1,9,0,13,20,14,47,12,26,38,85
02/05/2008,VLD,GA,ASO,ES,Federal Contract Tower,0,6,20,1,27,0,0,12,2,14,0,6,32,3,41,12,30,42,83
02/06/2008,VLD,GA,ASO,ES,Federal Contract Tower,0,10,4,1,15,0,0,1,2,3,0,10,5,3,18,0,24,24,42
02/07/2008,VLD,GA,ASO,ES,Federal Contract Tower,0,10,21,0,31,0,0,14,2,16,0,10,35,2,47,28,0,28,75
02/08/2008,VLD,GA,ASO,ES,Federal Contract Tower,0,13,17,0,30,0,0,21,0,21,0,13,38,0,51,0,0,0,51
02/09/2008,VLD,GA,ASO,ES,Federal Contract Tower,0,5,7,1,13,0,0,29,0,29,0,5,36,1,42,24,0,24,66
02/10/2008,VLD,GA,ASO,ES,Federal Contract Tower,0,5,10,1,16,0,2,8,0,10,0,7,18,1,26,40,0,40,66
02/11/2008,VLD,GA,ASO,ES,Federal Contract Tower,0,10,22,7,39,0,0,12,1,13,0,10,34,8,52,46,0,46,98
02/12/2008,VLD,GA,ASO,ES,Federal Contract Tower,0,6,18,6,30,0,0,11,1,12,0,6,29,7,42,10,40,50,92
02/13/2008,VLD,GA,ASO,ES,Federal Contract Tower,0,8,15,0,23,0,0,6,0,6,0,8,21,0,29,0,0,0,29
02/14/2008,VLD,GA,ASO,ES,Federal Contract Tower,0,9,25,2,36,0,0,18,0,18,0,9,43,2,54,40,0,40,94
02/15/2008,VLD,GA,ASO,ES,Federal Contract Tower,0,11,29,3,43,0,0,15,2,17,0,11,44,5,60,16,12,28,88
02/16/2008,VLD,GA,ASO,ES,Federal Contract Tower,0,6,23,0,29,0,7,20,0,27,0,13,43,0,56,69,0,69,125
02/17/2008,VLD,GA,ASO,ES,Federal Contract Tower,0,7,15,2,24,0,0,8,2,10,0,7,23,4,34,0,0,0,34
02/18/2008,VLD,GA,ASO,ES,Federal Contract Tower,0,9,14,0,23,0,0,12,0,12,0,9,26,0,35,14,0,14,49
02/19/2008,VLD,GA,ASO,ES,Federal Contract Tower,0,9,16,0,25,0,4,17,2,23,0,13,33,2,48,18,0,18,66
02/20/2008,VLD,GA,ASO,ES,Federal Contract Tower,0,15,23,20,58,0,3,20,2,25,0,18,43,22,83,31,18,49,132
02/21/2008,VLD,GA,ASO,ES,Federal Contract Tower,0,9,27,4,40,0,0,6,0,6,0,9,33,4,46,0,0,0,46
02/22/2008,VLD,GA,ASO,ES,Federal Contract Tower,0,7,10,0,17,0,0,3,0,3,0,7,13,0,20,0,0,0,20
02/23/2008,VLD,GA,ASO,ES,Federal Contract Tower,0,5,8,0,13,0,0,12,0,12,0,5,20,0,25,22,0,22,47
02/24/2008,VLD,GA,ASO,ES,Federal Contract Tower,0,5,13,0,18,0,2,15,0,17,0,7,28,0,35,26,0,26,61
02/25/2008,VLD,GA,ASO,ES,Federal Contract Tower,0,13,15,12,40,0,1,24,0,25,0,14,39,12,65,32,32,64,129
02/26/2008,VLD,GA,ASO,ES,Federal Contract Tower,0,8,16,7,31,0,2,9,1,12,0,10,25,8,43,18,2,20,63
02/27/2008,VLD,GA,ASO,ES,Federal Contract Tower,0,9,8,6,23,0,0,22,2,24,0,9,30,8,47,18,0,18,65
02/28/2008,VLD,GA,ASO,ES,Federal Contract Tower,0,8,30,10,48,0,0,30,3,33,0,8,60,13,81,34,28,62,143
02/29/2008,VLD,GA,ASO,ES,Federal Contract Tower,0,9,9,0,18,0,0,25,0,25,0,9,34,0,43,38,0,38,81
03/01/2008,VLD,GA,ASO,ES,Federal Contract Tower,0,5,4,0,9,0,0,15,0,15,0,5,19,0,24,26,0,26,50
03/02/2008,VLD,GA,ASO,ES,Federal Contract Tower,0,5,14,0,19,0,0,18,0,18,0,5,32,0,37,2,0,2,39
03/03/2008,VLD,GA,ASO,ES,Federal Contract Tower,0,9,20,6,35,0,0,21,0,21,0,9,41,6,56,10,12,22,78
03/04/2008,VLD,GA,ASO,ES,Federal Contract Tower,0,7,9,10,26,0,0,7,4,11,0,7,16,14,37,0,8,8,45
03/05/2008,VLD,GA,ASO,ES,Federal Contract Tower,0,9,20,0,29,0,4,24,6,34,0,13,44,6,63,24,0,24,87
03/06/2008,VLD,GA,ASO,ES,Federal Contract Tower,0,7,44,6,57,0,0,4,2,6,0,7,48,8,63,12,0,12,75
03/07/2008,VLD,GA,ASO,ES,Federal Contract Tower,0,9,5,0,14,0,0,3,0,3,0,9,8,0,17,0,0,0,17
03/08/2008,VLD,GA,ASO,ES,Federal Contract Tower,0,5,2,0,7,0,0,6,0,6,0,5,8,0,13,10,0,10,23
03/09/2008,VLD,GA,ASO,ES,Federal Contract Tower,0,5,23,0,28,0,3,31,0,34,0,8,54,0,62,24,0,24,86
03/10/2008,VLD,GA,ASO,ES,Federal Contract Tower,0,11,17,0,28,0,0,20,0,20,0,11,37,0,48,28,0,28,76
03/11/2008,VLD,GA,ASO,ES,Federal Contract Tower,0,10,18,0,28,0,0,17,0,17,0,10,35,0,45,36,0,36,81
03/12/2008,VLD,GA,ASO,ES,Federal Contract Tower,0,5,32,0,37,0,0,23,0,23,0,5,55,0,60,24,0,24,84
03/13/2008,VLD,GA,ASO,ES,Federal Contract Tower,0,4,43,4,51,0,0,19,2,21,0,4,62,6,72,18,0,18,90
03/14/2008,VLD,GA,ASO,ES,Federal Contract Tower,0,5,20,12,37,0,2,8,4,14,0,7,28,16,51,4,0,4,55
03/15/2008,VLD,GA,ASO,ES,Federal Contract Tower,0,6,7,0,13,0,0,12,0,12,0,6,19,0,25,10,0,10,35
03/16/2008,VLD,GA,ASO,ES,Federal Contract Tower,0,4,13,0,17,0,0,16,0,16,0,4,29,0,33,4,0,4,37
03/17/2008,VLD,GA,ASO,ES,Federal Contract Tower,0,8,24,13,45,0,1,17,5,23,0,9,41,18,68,8,12,20,88
03/18/2008,VLD,GA,ASO,ES,Federal Contract Tower,0,8,15,22,45,0,0,29,0,29,0,8,44,22,74,40,0,40,114
03/19/2008,VLD,GA,ASO,ES,Federal Contract Tower,0,7,14,0,21,0,0,2,0,2,0,7,16,0,23,0,0,0,23
03/20/2008,VLD,GA,ASO,ES,Federal Contract Tower,0,5,30,4,39,0,1,10,0,11,0,6,40,4,50,0,0,0,50
03/21/2008,VLD,GA,ASO,ES,Federal Contract Tower,0,9,12,14,35,0,0,45,0,45,0,9,57,14,80,34,20,54,134
03/22/2008,VLD,GA,ASO,ES,Federal Contract Tower,0,7,11,0,18,0,0,10,0,10,0,7,21,0,28,4,0,4,32
03/23/2008,VLD,GA,ASO,ES,Federal Contract Tower,0,5,6,0,11,0,0,20,0,20,0,5,26,0,31,8,0,8,39
03/24/2008,VLD,GA,ASO,ES,Federal Contract Tower,0,5,21,6,32,0,0,20,0,20,0,5,41,6,52,20,0,20,72
03/25/2008,VLD,GA,ASO,ES,Federal Contract Tower,0,5,14,16,35,0,0,31,2,33,0,5,45,18,68,22,36,58,126
03/26/2008,VLD,GA,ASO,ES,Federal Contract Tower,0,4,14,0,18,0,0,18,0,18,0,4,32,0,36,8,0,8,44
03/27/2008,VLD,GA,ASO,ES,Federal Contract Tower,0,5,36,0,41,0,0,24,0,24,0,5,60,0,65,20,0,20,85
03/28/2008,VLD,GA,ASO,ES,Federal Contract Tower,0,7,28,4,39,0,2,22,2,26,0,9,50,6,65,16,0,16,81
03/29/2008,VLD,GA,ASO,ES,Federal Contract Tower,0,5,12,11,28,0,0,10,1,11,0,5,22,12,39,4,4,8,47
03/30/2008,VLD,GA,ASO,ES,Federal Contract Tower,0,5,27,2,34,0,0,1,0,1,0,5,28,2,35,0,0,0,35
03/31/2008,VLD,GA,ASO,ES,Federal Contract Tower,0,8,7,0,15,0,0,10,0,10,0,8,17,0,25,22,0,22,47
04/01/2008,VLD,GA,ASO,ES,Federal Contract Tower,0,8,20,6,34,0,0,11,0,11,0,8,31,6,45,26,0,26,71
04/02/2008,VLD,GA,ASO,ES,Federal Contract Tower,0,6,13,0,19,0,0,14,0,14,0,6,27,0,33,0,0,0,33
04/03/2008,VLD,GA,ASO,ES,Federal Contract Tower,0,5,22,6,33,0,0,17,0,17,0,5,39,6,50,4,0,4,54
04/04/2008,VLD,GA,ASO,ES,Federal Contract Tower,0,9,1,1,11,0,0,11,1,12,0,9,12,2,23,0,0,0,23
04/05/2008,VLD,GA,ASO,ES,Federal Contract Tower,0,5,5,0,10,0,0,0,0,0,0,5,5,0,10,0,0,0,10
04/06/2008,VLD,GA,ASO,ES,Federal Contract Tower,0,7,17,0,24,0,0,27,2,29,0,7,44,2,53,12,0,12,65
04/07/2008,VLD,GA,ASO,ES,Federal Contract Tower,0,9,31,6,46,0,0,32,2,34,0,9,63,8,80,32,6,38,118
04/08/2008,VLD,GA,ASO,ES,Federal Contract Tower,0,7,32,18,57,0,0,37,4,41,0,7,69,22,98,8,46,54,152
04/09/2008,VLD,GA,ASO,ES,Federal Contract Tower,0,6,38,4,48,0,0,36,4,40,0,6,74,8,88,32,14,46,134
04/10/2008,VLD,GA,ASO,ES,Federal Contract Tower,0,7,21,14,42,0,0,37,4,41,0,7,58,18,83,16,36,52,135
04/11/2008,VLD,GA,ASO,ES,Federal Contract Tower,0,6,11,0,17,0,0,39,0,39,0,6,50,0,56,14,0,14,70
04/12/2008,VLD,GA,ASO,ES,Federal Contract Tower,0,3,14,0,17,0,0,27,0,27,0,3,41,0,44,28,0,28,72
04/13/2008,VLD,GA,ASO,ES,Federal Contract Tower,0,5,12,0,17,0,6,62,0,68,0,11,74,0,85,22,0,22,107
04/14/2008,VLD,GA,ASO,ES,Federal Contract Tower,0,8,13,8,29,0,2,24,4,30,0,10,37,12,59,4,14,18,77
04/15/2008,VLD,GA,ASO,ES,Federal Contract Tower,0,7,25,2,34,0,0,28,0,28,0,7,53,2,62,16,0,16,78
04/16/2008,VLD,GA,ASO,ES,Federal Contract Tower,0,9,22,10,41,0,0,21,0,21,0,9,43,10,62,10,0,10,72
04/17/2008,VLD,GA,ASO,ES,Federal Contract Tower,0,9,23,2,34,0,0,27,4,31,0,9,50,6,65,12,8,20,85
04/18/2008,VLD,GA,ASO,ES,Federal Contract Tower,0,5,26,14,45,0,0,29,0,29,0,5,55,14,74,24,0,24,98
04/19/2008,VLD,GA,ASO,ES,Federal Contract Tower,0,3,12,0,15,0,0,6,0,6,0,3,18,0,21,0,0,0,21
04/20/2008,VLD,GA,ASO,ES,Federal Contract Tower,0,5,13,0,18,0,0,33,0,33,0,5,46,0,51,4,0,4,55
04/21/2008,VLD,GA,ASO,ES,Federal Contract Tower,0,5,27,19,51,0,0,21,3,24,0,5,48,22,75,26,32,58,133
04/22/2008,VLD,GA,ASO,ES,Federal Contract Tower,0,5,23,33,61,0,0,21,13,34,0,5,44,46,95,0,52,52,147
04/23/2008,VLD,GA,ASO,ES,Federal Contract Tower,0,5,22,10,37,0,0,24,2,26,0,5,46,12,63,12,6,18,81
04/24/2008,VLD,GA,ASO,ES,Federal Contract Tower,0,7,22,9,38,0,0,4,3,7,0,7,26,12,45,0,14,14,59
04/25/2008,VLD,GA,ASO,ES,Federal Contract Tower,0,5,14,2,21,0,0,17,0,17,0,5,31,2,38,24,0,24,62
04/26/2008,VLD,GA,ASO,ES,Federal Contract Tower,0,3,5,0,8,0,0,20,0,20,0,3,25,0,28,20,0,20,48
04/27/2008,VLD,GA,ASO,ES,Federal Contract Tower,0,5,19,2,26,0,0,22,0,22,0,5,41,2,48,26,4,30,78
04/28/2008,VLD,GA,ASO,ES,Federal Contract Tower,0,11,16,2,29,0,0,8,0,8,0,11,24,2,37,0,0,0,37
04/29/2008,VLD,GA,ASO,ES,Federal Contract Tower,0,7,24,4,35,0,0,23,0,23,0,7,47,4,58,6,0,6,64
04/30/2008,VLD,GA,ASO,ES,Federal Contract Tower,0,7,24,0,31,0,0,21,0,21,0,7,45,0,52,2,0,2,54
05/01/2008,VLD,GA,ASO,ES,Federal Contract Tower,0,3,17,6,26,0,0,24,9,33,0,3,41,15,59,30,20,50,109
05/02/2008,VLD,GA,ASO,ES,Federal Contract Tower,0,3,21,0,24,0,0,23,2,25,0,3,44,2,49,12,0,12,61
05/03/2008,VLD,GA,ASO,ES,Federal Contract Tower,0,3,9,0,12,0,0,11,0,11,0,3,20,0,23,0,0,0,23
05/04/2008,VLD,GA,ASO,ES,Federal Contract Tower,0,3,11,0,14,0,0,16,0,16,0,3,27,0,30,4,0,4,34
05/05/2008,VLD,GA,ASO,ES,Federal Contract Tower,0,3,9,2,14,0,0,19,0,19,0,3,28,2,33,26,0,26,59
05/06/2008,VLD,GA,ASO,ES,Federal Contract Tower,0,5,22,4,31,0,0,21,2,23,0,5,43,6,54,34,12,46,100
05/07/2008,VLD,GA,ASO,ES,Federal Contract Tower,0,3,20,0,23,0,0,17,2,19,0,3,37,2,42,2,0,2,44
05/08/2008,VLD,GA,ASO,ES,Federal Contract Tower,0,5,29,10,44,0,0,14,10,24,0,5,43,20,68,12,0,12,80
05/09/2008,VLD,GA,ASO,ES,Federal Contract Tower,0,6,25,6,37,0,1,21,4,26,0,7,46,10,63,6,14,20,83
05/10/2008,VLD,GA,ASO,ES,Federal Contract Tower,0,1,9,3,13,0,0,15,24,39,0,1,24,27,52,8,0,8,60
05/11/2008,VLD,GA,ASO,ES,Federal Contract Tower,0,3,12,1,16,0,0,2,0,2,0,3,14,1,18,0,0,0,18
05/12/2008,VLD,GA,ASO,ES,Federal Contract Tower,0,3,14,13,30,0,0,22,5,27,0,3,36,18,57,24,50,74,131
05/13/2008,VLD,GA,ASO,ES,Federal Contract Tower,0,3,19,2,24,0,0,21,0,21,0,3,40,2,45,13,0,13,58
05/14/2008,VLD,GA,ASO,ES,Federal Contract Tower,0,3,13,7,23,0,2,28,0,30,0,5,41,7,53,16,10,26,79
05/15/2008,VLD,GA,ASO,ES,Federal Contract Tower,0,3,20,0,23,0,4,15,8,27,0,7,35,8,50,6,2,8,58
05/16/2008,VLD,GA,ASO,ES,Federal Contract Tower,0,5,13,0,18,0,3,5,0,8,0,8,18,0,26,2,0,2,28
05/17/2008,VLD,GA,ASO,ES,Federal Contract Tower,0,6,6,0,12,0,0,29,0,29,0,6,35,0,41,10,0,10,51
05/18/2008,VLD,GA,ASO,ES,Federal Contract Tower,0,4,8,0,12,0,0,11,0,11,0,4,19,0,23,6,0,6,29
05/19/2008,VLD,GA,ASO,ES,Federal Contract Tower,0,5,9,3,17,0,0,15,1,16,0,5,24,4,33,14,32,46,79
05/20/2008,VLD,GA,ASO,ES,Federal Contract Tower,0,3,16,0,19,0,0,16,0,16,0,3,32,0,35,8,0,8,43
05/21/2008,VLD,GA,ASO,ES,Federal Contract Tower,0,3,24,12,39,0,0,11,4,15,0,3,35,16,54,6,6,12,66
05/22/2008,VLD,GA,ASO,ES,Federal Contract Tower,0,6,16,3,25,0,0,7,1,8,0,6,23,4,33,0,6,6,39
05/23/2008,VLD,GA,ASO,ES,Federal Contract Tower,0,6,19,0,25,0,0,9,0,9,0,6,28,0,34,6,0,6,40
05/24/2008,VLD,GA,ASO,ES,Federal Contract Tower,0,1,3,0,4,0,0,6,0,6,0,1,9,0,10,0,0,0,10
05/25/2008,VLD,GA,ASO,ES,Federal Contract Tower,0,1,8,4,13,0,0,8,0,8,0,1,16,4,21,4,0,4,25
05/26/2008,VLD,GA,ASO,ES,Federal Contract Tower,0,3,14,0,17,0,2,12,0,14,0,5,26,0,31,24,0,24,55
05/27/2008,VLD,GA,ASO,ES,Federal Contract Tower,0,6,25,4,35,0,0,13,6,19,0,6,38,10,54,18,18,36,90
05/28/2008,VLD,GA,ASO,ES,Federal Contract Tower,0,5,10,4,19,0,0,21,0,21,0,5,31,4,40,0,0,0,40
05/29/2008,VLD,GA,ASO,ES,Federal Contract Tower,0,6,16,9,31,0,0,17,3,20,0,6,33,12,51,36,10,46,97
05/30/2008,VLD,GA,ASO,ES,Federal Contract Tower,0,3,20,4,27,0,0,19,0,19,0,3,39,4,46,18,0,18,64
05/31/2008,VLD,GA,ASO,ES,Federal Contract Tower,0,1,5,0,6,0,0,22,0,22,0,1,27,0,28,36,0,36,64
06/01/2008,VLD,GA,ASO,ES,Federal Contract Tower,0,3,9,0,12,0,0,15,0,15,0,3,24,0,27,2,0,2,29
06/02/2008,VLD,GA,ASO,ES,Federal Contract Tower,0,3,9,4,16,0,0,20,2,22,0,3,29,6,38,6,0,6,44
06/03/2008,VLD,GA,ASO,ES,Federal Contract Tower,0,3,15,1,19,0,0,9,1,10,0,3,24,2,29,0,0,0,29
06/04/2008,VLD,GA,ASO,ES,Federal Contract Tower,0,5,13,2,20,0,0,19,0,19,0,5,32,2,39,4,2,6,45
06/05/2008,VLD,GA,ASO,ES,Federal Contract Tower,0,7,16,0,23,0,0,29,4,33,0,7,45,4,56,60,8,68,124
06/06/2008,VLD,GA,ASO,ES,Federal Contract Tower,0,8,11,0,19,0,1,9,0,10,0,9,20,0,29,2,0,2,31
06/07/2008,VLD,GA,ASO,ES,Federal Contract Tower,0,3,3,4,10,0,0,35,3,38,0,3,38,7,48,10,0,10,58
06/08/2008,VLD,GA,ASO,ES,Federal Contract Tower,0,5,14,0,19,0,1,8,0,9,0,6,22,0,28,16,0,16,44
06/09/2008,VLD,GA,ASO,ES,Federal Contract Tower,0,3,12,23,38,0,0,13,3,16,0,3,25,26,54,20,12,32,86
06/10/2008,VLD,GA,ASO,ES,Federal Contract Tower,0,6,21,2,29,0,1,11,0,12,0,7,32,2,41,22,0,22,63
06/11/2008,VLD,GA,ASO,ES,Federal Contract Tower,0,5,15,10,30,0,0,16,2,18,0,5,31,12,48,0,24,24,72
06/12/2008,VLD,GA,ASO,ES,Federal Contract Tower,0,5,31,0,36,0,0,8,0,8,0,5,39,0,44,22,0,22,66
06/13/2008,VLD,GA,ASO,ES,Federal Contract Tower,0,4,17,8,29,0,0,18,0,18,0,4,35,8,47,6,0,6,53
06/14/2008,VLD,GA,ASO,ES,Federal Contract Tower,0,3,2,2,7,0,0,17,0,17,0,3,19,2,24,16,0,16,40
06/15/2008,VLD,GA,ASO,ES,Federal Contract Tower,0,3,5,0,8,0,0,4,0,4,0,3,9,0,12,0,0,0,12
06/16/2008,VLD,GA,ASO,ES,Federal Contract Tower,0,3,11,13,27,0,0,15,3,18,0,3,26,16,45,16,8,24,69
06/17/2008,VLD,GA,ASO,ES,Federal Contract Tower,0,3,24,10,37,0,2,14,2,18,0,5,38,12,55,12,6,18,73
06/18/2008,VLD,GA,ASO,ES,Federal Contract Tower,0,3,22,16,41,0,0,39,2,41,0,3,61,18,82,44,32,76,158
06/19/2008,VLD,GA,ASO,ES,Federal Contract Tower,0,5,21,14,40,0,0,21,4,25,0,5,42,18,65,12,10,22,87
06/20/2008,VLD,GA,ASO,ES,Federal Contract Tower,0,6,22,21,49,0,1,24,6,31,0,7,46,27,80,34,46,80,160
06/21/2008,VLD,GA,ASO,ES,Federal Contract Tower,0,3,7,2,12,0,0,17,0,17,0,3,24,2,29,10,0,10,39
06/22/2008,VLD,GA,ASO,ES,Federal Contract Tower,0,3,5,0,8,0,0,1,0,1,0,3,6,0,9,12,0,12,21
06/23/2008,VLD,GA,ASO,ES,Federal Contract Tower,0,5,25,0,30,0,0,14,6,20,0,5,39,6,50,20,0,20,70
06/24/2008,VLD,GA,ASO,ES,Federal Contract Tower,0,5,17,4,26,0,0,21,0,21,0,5,38,4,47,42,0,42,89
06/25/2008,VLD,GA,ASO,ES,Federal Contract Tower,0,7,15,4,26,0,0,12,4,16,0,7,27,8,42,26,10,36,78
06/26/2008,VLD,GA,ASO,ES,Federal Contract Tower,0,4,19,6,29,0,0,18,4,22,0,4,37,10,51,12,20,32,83
06/27/2008,VLD,GA,ASO,ES,Federal Contract Tower,0,3,8,4,15,0,1,18,2,21,0,4,26,6,36,0,0,0,36
06/28/2008,VLD,GA,ASO,ES,Federal Contract Tower,0,3,4,2,9,0,0,25,25,50,0,3,29,27,59,18,0,18,77
06/29/2008,VLD,GA,ASO,ES,Federal Contract Tower,0,2,12,0,14,0,0,8,0,8,0,2,20,0,22,0,0,0,22
06/30/2008,VLD,GA,ASO,ES,Federal Contract Tower,0,5,12,1,18,0,0,4,1,5,0,5,16,2,23,2,0,2,25
07/01/2008,VLD,GA,ASO,ES,Federal Contract Tower,0,5,21,6,32,0,0,15,4,19,0,5,36,10,51,20,40,60,111
07/02/2008,VLD,GA,ASO,ES,Federal Contract Tower,0,5,18,4,27,0,0,30,4,34,0,5,48,8,61,14,54,68,129
07/03/2008,VLD,GA,ASO,ES,Federal Contract Tower,0,5,18,2,25,0,0,24,0,24,0,5,42,2,49,26,33,59,108
07/04/2008,VLD,GA,ASO,ES,Federal Contract Tower,0,1,8,0,9,0,0,16,0,16,0,1,24,0,25,18,0,18,43
07/05/2008,VLD,GA,ASO,ES,Federal Contract Tower,0,4,1,0,5,0,0,22,0,22,0,4,23,0,27,32,0,32,59
07/06/2008,VLD,GA,ASO,ES,Federal Contract Tower,0,1,10,0,11,0,0,17,0,17,0,1,27,0,28,0,0,0,28
07/07/2008,VLD,GA,ASO,ES,Federal Contract Tower,0,7,14,0,21,0,0,8,0,8,0,7,22,0,29,42,0,42,71
07/08/2008,VLD,GA,ASO,ES,Federal Contract Tower,0,5,16,4,25,0,0,12,5,17,0,5,28,9,42,30,58,88,130
07/09/2008,VLD,GA,ASO,ES,Federal Contract Tower,0,8,9,6,23,0,3,14,2,19,0,11,23,8,42,8,32,40,82
07/10/2008,VLD,GA,ASO,ES,Federal Contract Tower,0,10,23,14,47,0,0,16,6,22,0,10,39,20,69,10,46,56,125
07/11/2008,VLD,GA,ASO,ES,Federal Contract Tower,0,10,10,3,23,0,0,16,2,18,0,10,26,5,41,10,0,10,51
07/12/2008,VLD,GA,ASO,ES,Federal Contract Tower,0,3,8,6,17,0,0,8,0,8,0,3,16,6,25,32,0,32,57
07/13/2008,VLD,GA,ASO,ES,Federal Contract Tower,0,1,7,3,11,0,0,6,0,6,0,1,13,3,17,0,0,0,17
07/14/2008,VLD,GA,ASO,ES,Federal Contract Tower,0,9,2,16,27,0,0,6,4,10,0,9,8,20,37,16,0,16,53
07/15/2008,VLD,GA,ASO,ES,Federal Contract Tower,0,6,13,2,21,0,0,10,0,10,0,6,23,2,31,10,0,10,41
07/16/2008,VLD,GA,ASO,ES,Federal Contract Tower,0,11,13,16,40,0,0,15,4,19,0,11,28,20,59,12,26,38,97
07/17/2008,VLD,GA,ASO,ES,Federal Contract Tower,0,7,10,8,25,0,0,13,4,17,0,7,23,12,42,8,14,22,64
07/18/2008,VLD,GA,ASO,ES,Federal Contract Tower,0,8,11,2,21,0,1,16,0,17,0,9,27,2,38,10,0,10,48
07/19/2008,VLD,GA,ASO,ES,Federal Contract Tower,0,3,9,6,18,0,0,28,0,28,0,3,37,6,46,52,0,52,98
07/20/2008,VLD,GA,ASO,ES,Federal Contract Tower,0,3,10,0,13,0,1,7,0,8,0,4,17,0,21,4,0,4,25
07/21/2008,VLD,GA,ASO,ES,Federal Contract Tower,0,6,18,16,40,0,1,18,4,23,0,7,36,20,63,14,16,30,93
07/22/2008,VLD,GA,ASO,ES,Federal Contract Tower,0,7,18,0,25,0,0,21,0,21,0,7,39,0,46,18,0,18,64
07/23/2008,VLD,GA,ASO,ES,Federal Contract Tower,0,9,26,12,47,0,0,15,0,15,0,9,41,12,62,0,0,0,62
07/24/2008,VLD,GA,ASO,ES,Federal Contract Tower,0,7,25,10,42,0,0,28,4,32,0,7,53,14,74,6,16,22,96
07/25/2008,VLD,GA,ASO,ES,Federal Contract Tower,0,5,21,0,26,0,3,12,0,15,0,8,33,0,41,20,0,20,61
07/26/2008,VLD,GA,ASO,ES,Federal Contract Tower,0,3,8,0,11,0,0,16,0,16,0,3,24,0,27,20,0,20,47
07/27/2008,VLD,GA,ASO,ES,Federal Contract Tower,0,3,7,0,10,0,0,9,0,9,0,3,16,0,19,0,0,0,19
07/28/2008,VLD,GA,ASO,ES,Federal Contract Tower,0,9,18,4,31,0,0,18,4,22,0,9,36,8,53,34,18,52,105
07/29/2008,VLD,GA,ASO,ES,Federal Contract Tower,0,7,20,4,31,0,0,26,2,28,0,7,46,6,59,14,16,30,89
07/30/2008,VLD,GA,ASO,ES,Federal Contract Tower,0,5,23,2,30,0,0,16,2,18,0,5,39,4,48,44,22,66,114
07/31/2008,VLD,GA,ASO,ES,Federal Contract Tower,0,3,17,8,28,0,2,14,8,24,0,5,31,16,52,34,16,50,102
08/01/2008,VLD,GA,ASO,ES,Federal Contract Tower,0,7,8,0,15,0,1,13,0,14,0,8,21,0,29,30,0,30,59
08/02/2008,VLD,GA,ASO,ES,Federal Contract Tower,0,3,11,0,14,0,0,22,0,22,0,3,33,0,36,30,0,30,66
08/03/2008,VLD,GA,ASO,ES,Federal Contract Tower,0,3,1,0,4,0,8,9,0,17,0,11,10,0,21,2,0,2,23
08/04/2008,VLD,GA,ASO,ES,Federal Contract Tower,0,7,10,8,25,0,0,28,2,30,0,7,38,10,55,78,10,88,143
08/05/2008,VLD,GA,ASO,ES,Federal Contract Tower,0,3,14,7,24,0,2,22,9,33,0,5,36,16,57,62,38,100,157
08/06/2008,VLD,GA,ASO,ES,Federal Contract Tower,0,7,13,4,24,0,0,25,2,27,0,7,38,6,51,40,16,56,107
08/07/2008,VLD,GA,ASO,ES,Federal Contract Tower,0,11,19,6,36,0,0,16,2,18,0,11,35,8,54,16,24,40,94
08/08/2008,VLD,GA,ASO,ES,Federal Contract Tower,0,18,11,0,29,0,2,18,0,20,0,20,29,0,49,18,0,18,67
08/09/2008,VLD,GA,ASO,ES,Federal Contract Tower,0,3,8,1,12,0,0,14,0,14,0,3,22,1,26,20,2,22,48
08/10/2008,VLD,GA,ASO,ES,Federal Contract Tower,0,3,12,0,15,0,0,15,0,15,0,3,27,0,30,6,0,6,36
08/11/2008,VLD,GA,ASO,ES,Federal Contract Tower,0,8,10,3,21,0,1,10,1,12,0,9,20,4,33,44,8,52,85
08/12/2008,VLD,GA,ASO,ES,Federal Contract Tower,0,7,28,6,41,0,0,9,4,13,0,7,37,10,54,26,0,26,80
08/13/2008,VLD,GA,ASO,ES,Federal Contract Tower,0,9,11,0,20,0,0,3,0,3,0,9,14,0,23,0,0,0,23
08/14/2008,VLD,GA,ASO,ES,Federal Contract Tower,0,9,47,12,68,0,0,16,2,18,0,9,63,14,86,14,16,30,116
08/15/2008,VLD,GA,ASO,ES,Federal Contract Tower,0,7,16,8,31,0,0,29,1,30,0,7,45,9,61,50,0,50,111
08/16/2008,VLD,GA,ASO,ES,Federal Contract Tower,0,3,2,1,6,0,1,17,1,19,0,4,19,2,25,44,0,44,69
08/17/2008,VLD,GA,ASO,ES,Federal Contract Tower,0,3,7,0,10,0,0,8,0,8,0,3,15,0,18,10,0,10,28
08/18/2008,VLD,GA,ASO,ES,Federal Contract Tower,0,7,8,0,15,0,0,9,0,9,0,7,17,0,24,6,0,6,30
08/19/2008,VLD,GA,ASO,ES,Federal Contract Tower,0,4,14,0,18,0,0,8,0,8,0,4,22,0,26,36,0,36,62
08/20/2008,VLD,GA,ASO,ES,Federal Contract Tower,0,5,16,6,27,0,0,16,2,18,0,5,32,8,45,56,14,70,115
08/21/2008,VLD,GA,ASO,ES,Federal Contract Tower,0,10,9,12,31,0,0,8,2,10,0,10,17,14,41,8,12,20,61
08/22/2008,VLD,GA,ASO,ES,Federal Contract Tower,0,7,0,0,7,0,0,0,0,0,0,7,0,0,7,0,0,0,7
08/23/2008,VLD,GA,ASO,ES,Federal Contract Tower,0,3,0,0,3,0,0,0,0,0,0,3,0,0,3,0,0,0,3
08/24/2008,VLD,GA,ASO,ES,Federal Contract Tower,0,3,4,0,7,0,0,3,6,9,0,3,7,6,16,0,0,0,16
08/25/2008,VLD,GA,ASO,ES,Federal Contract Tower,0,7,19,6,32,0,0,7,2,9,0,7,26,8,41,16,22,38,79
08/26/2008,VLD,GA,ASO,ES,Federal Contract Tower,0,5,18,0,23,0,0,11,0,11,0,5,29,0,34,38,0,38,72
08/27/2008,VLD,GA,ASO,ES,Federal Contract Tower,0,7,18,2,27,0,0,13,0,13,0,7,31,2,40,16,0,16,56
08/28/2008,VLD,GA,ASO,ES,Federal Contract Tower,0,9,31,8,48,0,0,16,2,18,0,9,47,10,66,16,24,40,106
08/29/2008,VLD,GA,ASO,ES,Federal Contract Tower,0,5,16,0,21,0,0,24,0,24,0,5,40,0,45,28,0,28,73
08/30/2008,VLD,GA,ASO,ES,Federal Contract Tower,0,3,9,0,12,0,0,24,0,24,0,3,33,0,36,22,0,22,58
08/31/2008,VLD,GA,ASO,ES,Federal Contract Tower,0,3,8,0,11,0,2,5,0,7,0,5,13,0,18,0,0,0,18
09/01/2008,VLD,GA,ASO,ES,Federal Contract Tower,0,3,6,0,9,0,0,16,0,16,0,3,22,0,25,34,0,34,59
09/02/2008,VLD,GA,ASO,ES,Federal Contract Tower,0,11,19,0,30,0,1,16,0,17,0,12,35,0,47,32,0,32,79
09/03/2008,VLD,GA,ASO,ES,Federal Contract Tower,0,7,22,11,40,0,0,24,1,25,0,7,46,12,65,31,32,63,128
09/04/2008,VLD,GA,ASO,ES,Federal Contract Tower,0,7,24,0,31,0,0,19,0,19,0,7,43,0,50,2,0,2,52
09/05/2008,VLD,GA,ASO,ES,Federal Contract Tower,0,6,14,0,20,0,0,16,0,16,0,6,30,0,36,14,0,14,50
09/06/2008,VLD,GA,ASO,ES,Federal Contract Tower,0,3,11,0,14,0,0,8,0,8,0,3,19,0,22,16,0,16,38
09/07/2008,VLD,GA,ASO,ES,Federal Contract Tower,0,6,9,0,15,0,0,14,0,14,0,6,23,0,29,4,0,4,33
09/08/2008,VLD,GA,ASO,ES,Federal Contract Tower,0,5,10,12,27,0,0,10,4,14,0,5,20,16,41,34,32,66,107
09/09/2008,VLD,GA,ASO,ES,Federal Contract Tower,0,3,22,2,27,0,0,14,0,14,0,3,36,2,41,0,0,0,41
09/10/2008,VLD,GA,ASO,ES,Federal Contract Tower,0,5,11,13,29,0,0,10,5,15,0,5,21,18,44,12,74,86,130
09/11/2008,VLD,GA,ASO,ES,Federal Contract Tower,0,6,29,4,39,0,0,12,2,14,0,6,41,6,53,24,12,36,89
09/12/2008,VLD,GA,ASO,ES,Federal Contract Tower,0,6,12,0,18,0,0,10,0,10,0,6,22,0,28,10,0,10,38
09/13/2008,VLD,GA,ASO,ES,Federal Contract Tower,0,5,4,1,10,0,0,9,0,9,0,5,13,1,19,0,0,0,19
09/14/2008,VLD,GA,ASO,ES,Federal Contract Tower,0,5,8,1,14,0,0,10,0,10,0,5,18,1,24,0,0,0,24
09/15/2008,VLD,GA,ASO,ES,Federal Contract Tower,0,6,6,0,12,0,1,12,0,13,0,7,18,0,25,32,0,32,57
09/16/2008,VLD,GA,ASO,ES,Federal Contract Tower,0,5,13,12,30,0,0,8,4,12,0,5,21,16,42,20,36,56,98
09/17/2008,VLD,GA,ASO,ES,Federal Contract Tower,0,7,39,18,64,0,0,12,2,14,0,7,51,20,78,2,14,16,94
09/18/2008,VLD,GA,ASO,ES,Federal Contract Tower,0,12,21,10,43,0,3,11,2,16,0,15,32,12,59,8,18,26,85
09/19/2008,VLD,GA,ASO,ES,Federal Contract Tower,0,5,7,0,12,0,0,22,0,22,0,5,29,0,34,0,0,0,34
09/20/2008,VLD,GA,ASO,ES,Federal Contract Tower,0,5,6,0,11,0,0,9,0,9,0,5,15,0,20,12,0,12,32
09/21/2008,VLD,GA,ASO,ES,Federal Contract Tower,0,5,5,0,10,0,0,4,0,4,0,5,9,0,14,0,0,0,14
09/22/2008,VLD,GA,ASO,ES,Federal Contract Tower,0,7,10,4,21,0,0,15,2,17,0,7,25,6,38,40,14,54,92
09/23/2008,VLD,GA,ASO,ES,Federal Contract Tower,0,5,24,10,39,0,0,20,2,22,0,5,44,12,61,22,22,44,105
09/24/2008,VLD,GA,ASO,ES,Federal Contract Tower,0,7,14,4,25,0,0,20,4,24,0,7,34,8,49,29,42,71,120
09/25/2008,VLD,GA,ASO,ES,Federal Contract Tower,0,7,23,2,32,0,0,13,0,13,0,7,36,2,45,12,0,12,57
09/26/2008,VLD,GA,ASO,ES,Federal Contract Tower,0,10,16,0,26,0,0,18,0,18,0,10,34,0,44,0,0,0,44
09/27/2008,VLD,GA,ASO,ES,Federal Contract Tower,0,5,10,0,15,0,2,21,0,23,0,7,31,0,38,0,0,0,38
09/28/2008,VLD,GA,ASO,ES,Federal Contract Tower,0,7,13,0,20,0,0,24,0,24,0,7,37,0,44,18,0,18,62
09/29/2008,VLD,GA,ASO,ES,Federal Contract Tower,0,5,9,7,21,0,2,18,10,30,0,7,27,17,51,0,10,10,61
09/30/2008,VLD,GA,ASO,ES,Federal Contract Tower,0,5,26,6,37,0,0,10,2,12,0,5,36,8,49,8,0,8,57
10/01/2008,VLD,GA,ASO,ES,Federal Contract Tower,0,5,19,0,24,0,0,23,0,23,0,5,42,0,47,8,0,8,55
10/02/2008,VLD,GA,ASO,ES,Federal Contract Tower,0,5,30,8,43,0,0,38,2,40,0,5,68,10,83,36,18,54,137
10/03/2008,VLD,GA,ASO,ES,Federal Contract Tower,0,9,7,15,31,0,0,33,0,33,0,9,40,15,64,18,8,26,90
10/04/2008,VLD,GA,ASO,ES,Federal Contract Tower,0,3,2,0,5,0,0,27,0,27,0,3,29,0,32,34,0,34,66
10/05/2008,VLD,GA,ASO,ES,Federal Contract Tower,0,5,9,0,14,0,0,27,0,27,0,5,36,0,41,20,0,20,61
10/06/2008,VLD,GA,ASO,ES,Federal Contract Tower,0,5,8,12,25,0,0,22,8,30,0,5,30,20,55,16,36,52,107
10/07/2008,VLD,GA,ASO,ES,Federal Contract Tower,0,3,31,2,36,0,0,16,0,16,0,3,47,2,52,0,0,0,52
10/08/2008,VLD,GA,ASO,ES,Federal Contract Tower,0,5,12,2,19,0,0,5,4,9,0,5,17,6,28,0,0,0,28
10/09/2008,VLD,GA,ASO,ES,Federal Contract Tower,0,6,12,0,18,0,0,8,2,10,0,6,20,2,28,0,0,0,28
10/10/2008,VLD,GA,ASO,ES,Federal Contract Tower,0,0,8,19,27,0,0,8,0,8,0,0,16,19,35,0,0,0,35
10/11/2008,VLD,GA,ASO,ES,Federal Contract Tower,2,3,8,0,13,0,0,9,0,9,2,3,17,0,22,0,0,0,22
10/12/2008,VLD,GA,ASO,ES,Federal Contract Tower,1,5,10,0,16,0,0,8,0,8,1,5,18,0,24,0,0,0,24
10/13/2008,VLD,GA,ASO,ES,Federal Contract Tower,0,5,13,0,18,0,0,4,0,4,0,5,17,0,22,0,0,0,22
10/14/2008,VLD,GA,ASO,ES,Federal Contract Tower,0,3,22,0,25,0,0,20,2,22,0,3,42,2,47,20,0,20,67
10/15/2008,VLD,GA,ASO,ES,Federal Contract Tower,0,8,24,6,38,0,0,33,2,35,0,8,57,8,73,24,22,46,119
10/16/2008,VLD,GA,ASO,ES,Federal Contract Tower,0,7,24,16,47,0,0,19,4,23,0,7,43,20,70,20,40,60,130
10/17/2008,VLD,GA,ASO,ES,Federal Contract Tower,0,7,14,0,21,0,0,8,2,10,0,7,22,2,31,0,0,0,31
10/18/2008,VLD,GA,ASO,ES,Federal Contract Tower,0,3,12,8,23,0,0,9,12,21,0,3,21,20,44,0,18,18,62
10/19/2008,VLD,GA,ASO,ES,Federal Contract Tower,0,5,5,3,13,0,0,26,0,26,0,5,31,3,39,14,0,14,53
10/20/2008,VLD,GA,ASO,ES,Federal Contract Tower,0,6,6,10,22,0,0,26,0,26,0,6,32,10,48,52,0,52,100
10/21/2008,VLD,GA,ASO,ES,Federal Contract Tower,0,5,26,0,31,0,0,17,0,17,0,5,43,0,48,0,0,0,48
10/22/2008,VLD,GA,ASO,ES,Federal Contract Tower,0,5,26,0,31,0,0,26,0,26,0,5,52,0,57,22,0,22,79
10/23/2008,VLD,GA,ASO,ES,Federal Contract Tower,2,9,16,0,27,0,0,11,0,11,2,9,27,0,38,0,0,0,38
10/24/2008,VLD,GA,ASO,ES,Federal Contract Tower,0,10,17,0,27,0,0,0,0,0,0,10,17,0,27,0,0,0,27
10/25/2008,VLD,GA,ASO,ES,Federal Contract Tower,0,3,9,0,12,0,2,4,1,7,0,5,13,1,19,0,0,0,19
10/26/2008,VLD,GA,ASO,ES,Federal Contract Tower,0,5,5,0,10,0,0,5,1,6,0,5,10,1,16,0,0,0,16
10/27/2008,VLD,GA,ASO,ES,Federal Contract Tower,0,7,20,6,33,0,0,16,5,21,0,7,36,11,54,0,20,20,74
10/28/2008,VLD,GA,ASO,ES,Federal Contract Tower,0,5,18,1,24,0,0,18,10,28,0,5,36,11,52,16,54,70,122
10/29/2008,VLD,GA,ASO,ES,Federal Contract Tower,0,8,18,2,28,0,0,15,0,15,0,8,33,2,43,0,0,0,43
10/30/2008,VLD,GA,ASO,ES,Federal Contract Tower,0,5,29,2,36,0,0,29,2,31,0,5,58,4,67,22,14,36,103
10/31/2008,VLD,GA,ASO,ES,Federal Contract Tower,0,9,17,0,26,0,0,33,0,33,0,9,50,0,59,34,0,34,93
11/01/2008,VLD,GA,ASO,ES,Federal Contract Tower,0,3,6,0,9,0,0,11,0,11,0,3,17,0,20,34,0,34,54
11/02/2008,VLD,GA,ASO,ES,Federal Contract Tower,2,5,7,0,14,0,0,12,0,12,2,5,19,0,26,10,0,10,36
11/03/2008,VLD,GA,ASO,ES,Federal Contract Tower,0,5,10,0,15,0,0,21,0,21,0,5,31,0,36,16,0,16,52
11/04/2008,VLD,GA,ASO,ES,Federal Contract Tower,2,3,28,12,45,0,0,12,0,12,2,3,40,12,57,0,0,0,57
11/05/2008,VLD,GA,ASO,ES,Federal Contract Tower,0,7,24,5,36,0,0,12,1,13,0,7,36,6,49,10,10,20,69
11/06/2008,VLD,GA,ASO,ES,Federal Contract Tower,0,5,31,7,43,0,0,29,12,41,0,5,60,19,84,16,66,82,166
11/07/2008,VLD,GA,ASO,ES,Federal Contract Tower,0,11,13,5,29,0,0,15,3,18,0,11,28,8,47,24,0,24,71
11/08/2008,VLD,GA,ASO,ES,Federal Contract Tower,0,3,2,2,7,0,12,22,2,36,0,15,24,4,43,28,0,28,71
11/09/2008,VLD,GA,ASO,ES,Federal Contract Tower,0,5,7,0,12,0,0,26,0,26,0,5,33,0,38,28,0,28,66
11/10/2008,VLD,GA,ASO,ES,Federal Contract Tower,0,7,5,0,12,0,0,31,0,31,0,7,36,0,43,26,0,26,69
11/11/2008,VLD,GA,ASO,ES,Federal Contract Tower,0,3,12,0,15,0,0,33,0,33,0,3,45,0,48,28,0,28,76
11/12/2008,VLD,GA,ASO,ES,Federal Contract Tower,0,7,25,0,32,0,0,2,0,2,0,7,27,0,34,0,0,0,34
11/13/2008,VLD,GA,ASO,ES,Federal Contract Tower,0,7,25,4,36,0,0,2,0,2,0,7,27,4,38,0,0,0,38
11/14/2008,VLD,GA,ASO,ES,Federal Contract Tower,1,7,15,0,23,0,0,8,0,8,1,7,23,0,31,8,0,8,39
11/15/2008,VLD,GA,ASO,ES,Federal Contract Tower,0,5,0,2,7,0,0,19,0,19,0,5,19,2,26,16,0,16,42
11/16/2008,VLD,GA,ASO,ES,Federal Contract Tower,0,5,9,5,19,0,2,28,0,30,0,7,37,5,49,10,8,18,67
11/17/2008,VLD,GA,ASO,ES,Federal Contract Tower,0,5,13,0,18,0,0,33,4,37,0,5,46,4,55,36,0,36,91
11/18/2008,VLD,GA,ASO,ES,Federal Contract Tower,0,3,18,0,21,0,0,36,2,38,0,3,54,2,59,40,20,60,119
11/19/2008,VLD,GA,ASO,ES,Federal Contract Tower,0,5,15,1,21,0,3,18,3,24,0,8,33,4,45,26,10,36,81
11/20/2008,VLD,GA,ASO,ES,Federal Contract Tower,0,5,28,3,36,0,0,32,0,32,0,5,60,3,68,34,6,40,108
11/21/2008,VLD,GA,ASO,ES,Federal Contract Tower,0,7,8,6,21,0,0,24,1,25,0,7,32,7,46,14,0,14,60
11/22/2008,VLD,GA,ASO,ES,Federal Contract Tower,0,3,6,3,12,0,0,19,0,19,0,3,25,3,31,14,10,24,55
11/23/2008,VLD,GA,ASO,ES,Federal Contract Tower,0,5,4,1,10,0,0,42,0,42,0,5,46,1,52,18,0,18,70
11/24/2008,VLD,GA,ASO,ES,Federal Contract Tower,0,5,7,2,14,0,0,15,4,19,0,5,22,6,33,30,32,62,95
11/25/2008,VLD,GA,ASO,ES,Federal Contract Tower,0,5,9,0,14,0,0,19,0,19,0,5,28,0,33,28,0,28,61
11/26/2008,VLD,GA,ASO,ES,Federal Contract Tower,0,6,10,6,22,0,1,26,0,27,0,7,36,6,49,58,20,78,127
11/27/2008,VLD,GA,ASO,ES,Federal Contract Tower,0,1,2,0,3,0,0,6,0,6,0,1,8,0,9,0,0,0,9
11/28/2008,VLD,GA,ASO,ES,Federal Contract Tower,0,5,12,0,17,0,1,10,0,11,0,6,22,0,28,0,0,0,28
11/29/2008,VLD,GA,ASO,ES,Federal Contract Tower,0,5,5,0,10,0,0,8,0,8,0,5,13,0,18,0,0,0,18
11/30/2008,VLD,GA,ASO,ES,Federal Contract Tower,0,7,12,0,19,0,0,5,0,5,0,7,17,0,24,0,0,0,24
12/01/2008,VLD,GA,ASO,ES,Federal Contract Tower,0,5,8,2,15,0,0,14,0,14,0,5,22,2,29,0,0,0,29
12/02/2008,VLD,GA,ASO,ES,Federal Contract Tower,0,3,20,2,25,0,0,23,0,23,0,3,43,2,48,30,6,36,84
12/03/2008,VLD,GA,ASO,ES,Federal Contract Tower,0,7,16,2,25,0,1,19,0,20,0,8,35,2,45,38,0,38,83
12/04/2008,VLD,GA,ASO,ES,Federal Contract Tower,0,6,8,0,14,0,0,24,2,26,0,6,32,2,40,18,32,50,90
12/05/2008,VLD,GA,ASO,ES,Federal Contract Tower,0,9,31,1,41,0,0,0,0,0,0,9,31,1,41,0,0,0,41
12/06/2008,VLD,GA,ASO,ES,Federal Contract Tower,0,5,3,0,8,0,0,23,0,23,0,5,26,0,31,22,0,22,53
12/07/2008,VLD,GA,ASO,ES,Federal Contract Tower,0,5,3,0,8,0,0,22,0,22,0,5,25,0,30,44,0,44,74
12/08/2008,VLD,GA,ASO,ES,Federal Contract Tower,0,5,11,2,18,0,0,26,0,26,0,5,37,2,44,6,0,6,50
12/09/2008,VLD,GA,ASO,ES,Federal Contract Tower,0,5,10,9,24,0,2,28,2,32,0,7,38,11,56,0,8,8,64
12/10/2008,VLD,GA,ASO,ES,Federal Contract Tower,0,9,10,6,25,0,0,0,0,0,0,9,10,6,25,0,0,0,25
12/11/2008,VLD,GA,ASO,ES,Federal Contract Tower,0,7,5,4,16,0,0,14,12,26,0,7,19,16,42,26,42,68,110
12/12/2008,VLD,GA,ASO,ES,Federal Contract Tower,0,6,24,10,40,0,2,11,2,15,0,8,35,12,55,36,0,36,91
12/13/2008,VLD,GA,ASO,ES,Federal Contract Tower,0,3,11,0,14,0,0,27,0,27,0,3,38,0,41,26,0,26,67
12/14/2008,VLD,GA,ASO,ES,Federal Contract Tower,0,5,7,2,14,0,0,16,0,16,0,5,23,2,30,8,0,8,38
12/15/2008,VLD,GA,ASO,ES,Federal Contract Tower,0,8,20,0,28,0,0,18,0,18,0,8,38,0,46,16,0,16,62
12/16/2008,VLD,GA,ASO,ES,Federal Contract Tower,0,5,13,27,45,0,0,19,4,23,0,5,32,31,68,20,61,81,149
12/17/2008,VLD,GA,ASO,ES,Federal Contract Tower,1,7,7,2,17,0,0,24,0,24,1,7,31,2,41,12,0,12,53
12/18/2008,VLD,GA,ASO,ES,Federal Contract Tower,0,7,22,4,33,0,0,22,2,24,0,7,44,6,57,26,58,84,141
12/19/2008,VLD,GA,ASO,ES,Federal Contract Tower,0,9,14,4,27,0,2,8,0,10,0,11,22,4,37,0,0,0,37
12/20/2008,VLD,GA,ASO,ES,Federal Contract Tower,0,3,6,0,9,0,0,8,0,8,0,3,14,0,17,8,0,8,25
12/21/2008,VLD,GA,ASO,ES,Federal Contract Tower,0,5,9,0,14,0,0,10,0,10,0,5,19,0,24,0,0,0,24
12/22/2008,VLD,GA,ASO,ES,Federal Contract Tower,0,7,11,7,25,0,0,17,4,21,0,7,28,11,46,18,48,66,112
12/23/2008,VLD,GA,ASO,ES,Federal Contract Tower,0,5,19,0,24,0,0,29,0,29,0,5,48,0,53,70,0,70,123
12/24/2008,VLD,GA,ASO,ES,Federal Contract Tower,0,5,3,0,8,0,0,22,0,22,0,5,25,0,30,58,0,58,88
12/25/2008,VLD,GA,ASO,ES,Federal Contract Tower,0,2,6,0,8,0,0,7,0,7,0,2,13,0,15,0,0,0,15
12/26/2008,VLD,GA,ASO,ES,Federal Contract Tower,0,7,13,0,20,0,0,5,0,5,0,7,18,0,25,0,0,0,25
12/27/2008,VLD,GA,ASO,ES,Federal Contract Tower,0,6,24,0,30,0,2,6,0,8,0,8,30,0,38,16,0,16,54
12/28/2008,VLD,GA,ASO,ES,Federal Contract Tower,0,5,5,0,10,0,0,12,0,12,0,5,17,0,22,28,0,28,50
12/29/2008,VLD,GA,ASO,ES,Federal Contract Tower,0,6,3,0,9,0,0,5,0,5,0,6,8,0,14,0,0,0,14
12/30/2008,VLD,GA,ASO,ES,Federal Contract Tower,0,5,15,0,20,0,0,16,0,16,0,5,31,0,36,20,0,20,56
12/31/2008,VLD,GA,ASO,ES,Federal Contract Tower,0,3,2,0,5,0,0,19,0,19,0,3,21,0,24,38,0,38,62
01/01/2009,VLD,GA,ASO,ES,Federal Contract Tower,0,2,4,0,6,0,0,19,0,19,0,2,23,0,25,22,0,22,47
01/02/2009,VLD,GA,ASO,ES,Federal Contract Tower,0,7,10,0,17,0,2,7,0,9,0,9,17,0,26,12,0,12,38
01/03/2009,VLD,GA,ASO,ES,Federal Contract Tower,0,2,7,0,9,0,0,8,0,8,0,2,15,0,17,12,0,12,29
01/04/2009,VLD,GA,ASO,ES,Federal Contract Tower,0,5,18,0,23,0,0,16,0,16,0,5,34,0,39,32,0,32,71
01/05/2009,VLD,GA,ASO,ES,Federal Contract Tower,0,10,14,10,34,0,8,8,1,17,0,18,22,11,51,42,0,42,93
01/06/2009,VLD,GA,ASO,ES,Federal Contract Tower,0,9,10,30,49,0,0,5,0,5,0,9,15,30,54,2,0,2,56
01/07/2009,VLD,GA,ASO,ES,Federal Contract Tower,0,8,17,0,25,0,0,2,0,2,0,8,19,0,27,4,0,4,31
01/08/2009,VLD,GA,ASO,ES,Federal Contract Tower,0,7,28,0,35,0,0,19,0,19,0,7,47,0,54,26,0,26,80
01/09/2009,VLD,GA,ASO,ES,Federal Contract Tower,0,9,18,6,33,0,2,38,0,40,0,11,56,6,73,48,32,80,153
01/10/2009,VLD,GA,ASO,ES,Federal Contract Tower,0,3,13,4,20,0,0,15,0,15,0,3,28,4,35,40,10,50,85
01/11/2009,VLD,GA,ASO,ES,Federal Contract Tower,0,8,12,0,20,0,0,4,2,6,0,8,16,2,26,0,0,0,26
01/12/2009,VLD,GA,ASO,ES,Federal Contract Tower,0,10,9,3,22,0,0,13,1,14,0,10,22,4,36,34,16,50,86
01/13/2009,VLD,GA,ASO,ES,Federal Contract Tower,0,4,16,0,20,0,0,8,0,8,0,4,24,0,28,42,0,42,70
01/14/2009,VLD,GA,ASO,ES,Federal Contract Tower,0,11,16,0,27,0,0,11,2,13,0,11,27,2,40,24,0,24,64
01/15/2009,VLD,GA,ASO,ES,Federal Contract Tower,0,9,24,4,37,0,0,25,0,25,0,9,49,4,62,20,0,20,82
01/16/2009,VLD,GA,ASO,ES,Federal Contract Tower,0,7,18,2,27,0,0,24,0,24,0,7,42,2,51,20,0,20,71
01/17/2009,VLD,GA,ASO,ES,Federal Contract Tower,0,3,5,1,9,0,0,18,2,20,0,3,23,3,29,14,0,14,43
01/18/2009,VLD,GA,ASO,ES,Federal Contract Tower,0,4,12,0,16,0,0,0,1,1,0,4,12,1,17,0,0,0,17
01/19/2009,VLD,GA,ASO,ES,Federal Contract Tower,0,5,14,0,19,0,0,18,0,18,0,5,32,0,37,24,0,24,61
01/20/2009,VLD,GA,ASO,ES,Federal Contract Tower,0,7,11,1,19,0,0,11,8,19,0,7,22,9,38,0,22,22,60
01/21/2009,VLD,GA,ASO,ES,Federal Contract Tower,0,7,14,0,21,0,0,18,2,20,0,7,32,2,41,18,0,18,59
01/22/2009,VLD,GA,ASO,ES,Federal Contract Tower,0,9,12,0,21,0,0,30,35,65,0,9,42,35,86,32,0,32,118
01/23/2009,VLD,GA,ASO,ES,Federal Contract Tower,0,9,10,0,19,0,0,12,0,12,0,9,22,0,31,6,0,6,37
01/24/2009,VLD,GA,ASO,ES,Federal Contract Tower,0,3,9,0,12,0,0,14,22,36,0,3,23,22,48,0,0,0,48
01/25/2009,VLD,GA,ASO,ES,Federal Contract Tower,0,5,15,0,20,0,0,0,0,0,0,5,15,0,20,0,0,0,20
01/26/2009,VLD,GA,ASO,ES,Federal Contract Tower,0,9,11,0,20,0,1,8,0,9,0,10,19,0,29,14,0,14,43
01/27/2009,VLD,GA,ASO,ES,Federal Contract Tower,0,3,6,4,13,0,0,14,6,20,0,3,20,10,33,34,38,72,105
01/28/2009,VLD,GA,ASO,ES,Federal Contract Tower,0,4,25,2,31,0,0,3,0,3,0,4,28,2,34,0,0,0,34
01/29/2009,VLD,GA,ASO,ES,Federal Contract Tower,0,7,29,4,40,0,0,24,4,28,0,7,53,8,68,26,0,26,94
01/30/2009,VLD,GA,ASO,ES,Federal Contract Tower,0,7,26,5,38,0,0,38,0,38,0,7,64,5,76,36,2,38,114
01/31/2009,VLD,GA,ASO,ES,Federal Contract Tower,0,3,9,4,16,0,0,30,0,30,0,3,39,4,46,66,0,66,112
02/01/2009,VLD,GA,ASO,ES,Federal Contract Tower,0,5,14,0,19,0,0,16,0,16,0,5,30,0,35,20,0,20,55
02/02/2009,VLD,GA,ASO,ES,Federal Contract Tower,0,5,9,3,17,0,0,10,1,11,0,5,19,4,28,6,37,43,71
02/03/2009,VLD,GA,ASO,ES,Federal Contract Tower,0,3,12,2,17,0,0,17,2,19,0,3,29,4,36,28,0,28,64
02/04/2009,VLD,GA,ASO,ES,Federal Contract Tower,0,6,11,5,22,0,0,14,1,15,0,6,25,6,37,0,10,10,47
02/05/2009,VLD,GA,ASO,ES,Federal Contract Tower,0,6,19,8,33,0,0,20,0,20,0,6,39,8,53,40,0,40,93
02/06/2009,VLD,GA,ASO,ES,Federal Contract Tower,0,5,15,4,24,0,2,20,4,26,0,7,35,8,50,2,0,2,52
02/07/2009,VLD,GA,ASO,ES,Federal Contract Tower,0,3,11,0,14,0,0,20,0,20,0,3,31,0,34,72,0,72,106
02/08/2009,VLD,GA,ASO,ES,Federal Contract Tower,0,10,11,0,21,0,0,5,0,5,0,10,16,0,26,6,0,6,32
02/09/2009,VLD,GA,ASO,ES,Federal Contract Tower,0,5,16,0,21,0,0,13,0,13,0,5,29,0,34,0,0,0,34
02/10/2009,VLD,GA,ASO,ES,Federal Contract Tower,0,3,13,0,16,0,0,24,0,24,0,3,37,0,40,30,0,30,70
02/11/2009,VLD,GA,ASO,ES,Federal Contract Tower,0,3,11,1,15,0,0,5,5,10,0,3,16,6,25,14,12,26,51
02/12/2009,VLD,GA,ASO,ES,Federal Contract Tower,0,7,18,0,25,0,4,13,2,19,0,11,31,2,44,48,8,56,100
02/13/2009,VLD,GA,ASO,ES,Federal Contract Tower,0,5,13,0,18,0,2,30,0,32,0,7,43,0,50,34,0,34,84
02/14/2009,VLD,GA,ASO,ES,Federal Contract Tower,0,3,4,0,7,0,0,0,0,0,0,3,4,0,7,0,0,0,7
02/15/2009,VLD,GA,ASO,ES,Federal Contract Tower,0,5,16,0,21,0,0,7,0,7,0,5,23,0,28,18,0,18,46
02/16/2009,VLD,GA,ASO,ES,Federal Contract Tower,0,5,15,0,20,0,0,19,0,19,0,5,34,0,39,43,0,43,82
02/17/2009,VLD,GA,ASO,ES,Federal Contract Tower,0,7,9,5,21,0,0,26,3,29,0,7,35,8,50,50,44,94,144
02/18/2009,VLD,GA,ASO,ES,Federal Contract Tower,0,2,16,6,24,0,0,16,2,18,0,2,32,8,42,46,0,46,88
02/19/2009,VLD,GA,ASO,ES,Federal Contract Tower,0,7,18,0,25,0,0,18,2,20,0,7,36,2,45,40,0,40,85
02/20/2009,VLD,GA,ASO,ES,Federal Contract Tower,0,5,17,3,25,0,0,30,0,30,0,5,47,3,55,14,0,14,69
02/21/2009,VLD,GA,ASO,ES,Federal Contract Tower,0,3,4,5,12,0,0,20,1,21,0,3,24,6,33,8,18,26,59
02/22/2009,VLD,GA,ASO,ES,Federal Contract Tower,0,7,5,0,12,0,0,18,1,19,0,7,23,1,31,6,18,24,55
02/23/2009,VLD,GA,ASO,ES,Federal Contract Tower,0,11,13,0,24,0,0,15,0,15,0,11,28,0,39,36,0,36,75
02/24/2009,VLD,GA,ASO,ES,Federal Contract Tower,0,4,8,0,12,0,0,26,0,26,0,4,34,0,38,52,0,52,90
02/25/2009,VLD,GA,ASO,ES,Federal Contract Tower,0,5,13,0,18,0,0,23,0,23,0,5,36,0,41,36,0,36,77
02/26/2009,VLD,GA,ASO,ES,Federal Contract Tower,0,6,43,0,49,0,2,14,4,20,0,8,57,4,69,36,18,54,123
02/27/2009,VLD,GA,ASO,ES,Federal Contract Tower,0,7,13,0,20,0,1,26,0,27,0,8,39,0,47,36,0,36,83
02/28/2009,VLD,GA,ASO,ES,Federal Contract Tower,0,4,15,0,19,0,0,4,0,4,0,4,19,0,23,30,0,30,53
03/01/2009,VLD,GA,ASO,ES,Federal Contract Tower,0,4,6,2,12,0,0,8,0,8,0,4,14,2,20,6,0,6,26
03/02/2009,VLD,GA,ASO,ES,Federal Contract Tower,0,9,14,0,23,0,0,17,0,17,0,9,31,0,40,38,0,38,78
03/03/2009,VLD,GA,ASO,ES,Federal Contract Tower,0,7,12,0,19,0,0,20,0,20,0,7,32,0,39,42,0,42,81
03/04/2009,VLD,GA,ASO,ES,Federal Contract Tower,0,5,15,2,22,0,0,19,2,21,0,5,34,4,43,14,20,34,77
03/05/2009,VLD,GA,ASO,ES,Federal Contract Tower,0,7,17,0,24,0,0,18,6,24,0,7,35,6,48,56,40,96,144
03/06/2009,VLD,GA,ASO,ES,Federal Contract Tower,0,8,18,7,33,0,0,33,1,34,0,8,51,8,67,48,0,48,115
03/07/2009,VLD,GA,ASO,ES,Federal Contract Tower,0,8,6,0,14,0,0,25,2,27,0,8,31,2,41,50,0,50,91
03/08/2009,VLD,GA,ASO,ES,Federal Contract Tower,0,5,4,3,12,0,0,19,1,20,0,5,23,4,32,26,0,26,58
03/09/2009,VLD,GA,ASO,ES,Federal Contract Tower,0,7,16,2,25,0,0,11,4,15,0,7,27,6,40,28,43,71,111
03/10/2009,VLD,GA,ASO,ES,Federal Contract Tower,0,4,13,0,17,0,0,19,0,19,0,4,32,0,36,64,0,64,100
03/11/2009,VLD,GA,ASO,ES,Federal Contract Tower,0,7,14,3,24,0,0,27,3,30,0,7,41,6,54,32,50,82,136
03/12/2009,VLD,GA,ASO,ES,Federal Contract Tower,0,5,16,2,23,0,0,18,6,24,0,5,34,8,47,46,44,90,137
03/13/2009,VLD,GA,ASO,ES,Federal Contract Tower,0,3,22,4,29,0,0,18,0,18,0,3,40,4,47,38,0,38,85
03/14/2009,VLD,GA,ASO,ES,Federal Contract Tower,0,7,9,0,16,0,0,14,0,14,0,7,23,0,30,30,0,30,60
03/15/2009,VLD,GA,ASO,ES,Federal Contract Tower,0,6,18,12,36,0,0,13,4,17,0,6,31,16,53,40,0,40,93
03/16/2009,VLD,GA,ASO,ES,Federal Contract Tower,0,7,3,5,15,0,0,13,1,14,0,7,16,6,29,8,20,28,57
03/17/2009,VLD,GA,ASO,ES,Federal Contract Tower,0,8,16,0,24,0,0,18,0,18,0,8,34,0,42,28,0,28,70
03/18/2009,VLD,GA,ASO,ES,Federal Contract Tower,0,5,21,0,26,0,0,24,0,24,0,5,45,0,50,28,0,28,78
03/19/2009,VLD,GA,ASO,ES,Federal Contract Tower,0,5,11,0,16,0,2,28,0,30,0,7,39,0,46,42,0,42,88
03/20/2009,VLD,GA,ASO,ES,Federal Contract Tower,0,6,13,0,19,0,0,26,2,28,0,6,39,2,47,22,0,22,69
03/21/2009,VLD,GA,ASO,ES,Federal Contract Tower,0,3,10,0,13,0,0,20,0,20,0,3,30,0,33,52,0,52,85
03/22/2009,VLD,GA,ASO,ES,Federal Contract Tower,0,5,4,0,9,0,0,26,0,26,0,5,30,0,35,46,0,46,81
03/23/2009,VLD,GA,ASO,ES,Federal Contract Tower,0,8,7,14,29,0,0,17,5,22,0,8,24,19,51,40,29,69,120
03/24/2009,VLD,GA,ASO,ES,Federal Contract Tower,0,10,15,0,25,0,0,19,4,23,0,10,34,4,48,44,18,62,110
03/25/2009,VLD,GA,ASO,ES,Federal Contract Tower,0,9,25,0,34,0,0,13,0,13,0,9,38,0,47,34,0,34,81
03/26/2009,VLD,GA,ASO,ES,Federal Contract Tower,0,7,9,0,16,0,0,9,4,13,0,7,18,4,29,36,12,48,77
03/27/2009,VLD,GA,ASO,ES,Federal Contract Tower,0,9,8,0,17,0,0,19,3,22,0,9,27,3,39,28,16,44,83
03/28/2009,VLD,GA,ASO,ES,Federal Contract Tower,0,3,0,0,3,0,0,21,0,21,0,3,21,0,24,22,0,22,46
03/29/2009,VLD,GA,ASO,ES,Federal Contract Tower,0,7,7,0,14,0,0,19,0,19,0,7,26,0,33,54,0,54,87
03/30/2009,VLD,GA,ASO,ES,Federal Contract Tower,0,7,12,3,22,0,0,14,1,15,0,7,26,4,37,25,16,41,78
03/31/2009,VLD,GA,ASO,ES,Federal Contract Tower,0,6,12,1,19,0,0,21,1,22,0,6,33,2,41,42,8,50,91
