01/01/2000,VNY,CA,AWP,WE,Towers with Display (VFR),0,5,91,1,97,0,8,546,1,555,0,13,637,2,652,252,0,252,904
01/02/2000,VNY,CA,AWP,WE,Towers with Display (VFR),0,10,172,1,183,0,10,691,1,702,0,20,863,2,885,224,0,224,1109
01/03/2000,VNY,CA,AWP,WE,Towers with Display (VFR),0,7,131,0,138,0,14,970,0,984,0,21,1101,0,1122,370,0,370,1492
01/04/2000,VNY,CA,AWP,WE,Towers with Display (VFR),0,6,105,0,111,0,13,1023,0,1036,0,19,1128,0,1147,392,0,392,1539
01/05/2000,VNY,CA,AWP,WE,Towers with Display (VFR),0,8,124,0,132,0,8,823,0,831,0,16,947,0,963,194,0,194,1157
01/06/2000,VNY,CA,AWP,WE,Towers with Display (VFR),0,7,109,0,116,0,14,993,0,1007,0,21,1102,0,1123,164,0,164,1287
01/07/2000,VNY,CA,AWP,WE,Towers with Display (VFR),0,8,127,1,136,0,6,1316,7,1329,0,14,1443,8,1465,580,8,588,2053
01/08/2000,VNY,CA,AWP,WE,Towers with Display (VFR),0,6,89,1,96,0,12,1101,13,1126,0,18,1190,14,1222,492,0,492,1714
01/09/2000,VNY,CA,AWP,WE,Towers with Display (VFR),0,8,130,1,139,0,6,935,6,947,0,14,1065,7,1086,464,0,464,1550
01/10/2000,VNY,CA,AWP,WE,Towers with Display (VFR),0,6,102,1,109,0,7,1100,0,1107,0,13,1202,1,1216,400,0,400,1616
01/11/2000,VNY,CA,AWP,WE,Towers with Display (VFR),0,9,143,1,153,0,7,940,1,948,0,16,1083,2,1101,194,0,194,1295
01/12/2000,VNY,CA,AWP,WE,Towers with Display (VFR),0,11,160,0,171,0,5,836,0,841,0,16,996,0,1012,316,0,316,1328
01/13/2000,VNY,CA,AWP,WE,Towers with Display (VFR),0,7,116,0,123,0,9,1181,0,1190,0,16,1297,0,1313,496,0,496,1809
01/14/2000,VNY,CA,AWP,WE,Towers with Display (VFR),0,9,142,0,151,0,4,1468,0,1472,0,13,1610,0,1623,798,0,798,2421
01/15/2000,VNY,CA,AWP,WE,Towers with Display (VFR),0,8,144,0,152,0,0,1395,0,1395,0,8,1539,0,1547,724,0,724,2271
01/16/2000,VNY,CA,AWP,WE,Towers with Display (VFR),0,6,132,0,138,0,0,872,0,872,0,6,1004,0,1010,338,0,338,1348
01/17/2000,VNY,CA,AWP,WE,Towers with Display (VFR),0,10,154,1,165,0,5,862,0,867,0,15,1016,1,1032,256,0,256,1288
01/18/2000,VNY,CA,AWP,WE,Towers with Display (VFR),0,7,110,0,117,0,15,907,0,922,0,22,1017,0,1039,282,0,282,1321
01/19/2000,VNY,CA,AWP,WE,Towers with Display (VFR),0,9,132,0,141,0,9,1138,0,1147,0,18,1270,0,1288,454,0,454,1742
01/20/2000,VNY,CA,AWP,WE,Towers with Display (VFR),0,11,161,0,172,0,3,998,0,1001,0,14,1159,0,1173,508,0,508,1681
01/21/2000,VNY,CA,AWP,WE,Towers with Display (VFR),0,12,204,0,216,0,17,1375,0,1392,0,29,1579,0,1608,496,0,496,2104
01/22/2000,VNY,CA,AWP,WE,Towers with Display (VFR),0,10,152,0,162,0,15,1008,0,1023,0,25,1160,0,1185,500,0,500,1685
01/23/2000,VNY,CA,AWP,WE,Towers with Display (VFR),0,10,161,0,171,0,22,967,0,989,0,32,1128,0,1160,552,0,552,1712
01/24/2000,VNY,CA,AWP,WE,Towers with Display (VFR),0,9,137,0,146,0,17,1080,2,1099,0,26,1217,2,1245,396,0,396,1641
01/25/2000,VNY,CA,AWP,WE,Towers with Display (VFR),0,11,197,0,208,0,0,441,0,441,0,11,638,0,649,16,0,16,665
01/26/2000,VNY,CA,AWP,WE,Towers with Display (VFR),0,9,142,0,151,0,3,1000,1,1004,0,12,1142,1,1155,362,0,362,1517
01/27/2000,VNY,CA,AWP,WE,Towers with Display (VFR),0,10,147,0,157,0,16,1214,2,1232,0,26,1361,2,1389,354,0,354,1743
01/28/2000,VNY,CA,AWP,WE,Towers with Display (VFR),0,9,142,0,151,0,10,1307,4,1321,0,19,1449,4,1472,321,0,321,1793
01/29/2000,VNY,CA,AWP,WE,Towers with Display (VFR),0,10,147,0,157,0,14,1186,0,1200,0,24,1333,0,1357,674,0,674,2031
01/30/2000,VNY,CA,AWP,WE,Towers with Display (VFR),0,12,185,0,197,0,8,275,2,285,0,20,460,2,482,72,0,72,554
01/31/2000,VNY,CA,AWP,WE,Towers with Display (VFR),0,8,128,0,136,0,3,982,8,993,0,11,1110,8,1129,282,12,294,1423
02/01/2000,VNY,CA,AWP,WE,Towers with Display (VFR),0,9,119,1,129,0,23,1151,4,1178,0,32,1270,5,1307,476,0,476,1783
02/02/2000,VNY,CA,AWP,WE,Towers with Display (VFR),0,14,174,1,189,0,26,1226,2,1254,0,40,1400,3,1443,614,0,614,2057
02/03/2000,VNY,CA,AWP,WE,Towers with Display (VFR),0,12,147,1,160,0,4,1056,0,1060,0,16,1203,1,1220,448,0,448,1668
02/04/2000,VNY,CA,AWP,WE,Towers with Display (VFR),0,14,173,0,187,0,18,890,0,908,0,32,1063,0,1095,402,0,402,1497
02/05/2000,VNY,CA,AWP,WE,Towers with Display (VFR),0,10,137,0,147,0,0,720,0,720,0,10,857,0,867,590,0,590,1457
02/06/2000,VNY,CA,AWP,WE,Towers with Display (VFR),0,15,169,0,184,0,9,853,0,862,0,24,1022,0,1046,498,0,498,1544
02/07/2000,VNY,CA,AWP,WE,Towers with Display (VFR),0,13,154,1,168,0,6,987,1,994,0,19,1141,2,1162,178,0,178,1340
02/08/2000,VNY,CA,AWP,WE,Towers with Display (VFR),0,15,175,1,191,0,18,954,5,977,0,33,1129,6,1168,202,0,202,1370
02/09/2000,VNY,CA,AWP,WE,Towers with Display (VFR),0,15,166,0,181,0,14,907,0,921,0,29,1073,0,1102,280,0,280,1382
02/10/2000,VNY,CA,AWP,WE,Towers with Display (VFR),0,15,175,0,190,0,12,362,0,374,0,27,537,0,564,16,0,16,580
02/11/2000,VNY,CA,AWP,WE,Towers with Display (VFR),0,16,181,1,198,0,12,594,0,606,0,28,775,1,804,164,0,164,968
02/12/2000,VNY,CA,AWP,WE,Towers with Display (VFR),0,9,107,1,117,0,1,628,3,632,0,10,735,4,749,306,0,306,1055
02/13/2000,VNY,CA,AWP,WE,Towers with Display (VFR),0,7,210,1,218,0,0,282,0,282,0,7,492,1,500,10,0,10,510
02/14/2000,VNY,CA,AWP,WE,Towers with Display (VFR),0,11,169,1,181,0,0,476,0,476,0,11,645,1,657,46,0,46,703
02/15/2000,VNY,CA,AWP,WE,Towers with Display (VFR),0,13,149,0,162,0,6,886,0,892,0,19,1035,0,1054,316,0,316,1370
02/16/2000,VNY,CA,AWP,WE,Towers with Display (VFR),0,15,178,1,194,0,0,441,0,441,0,15,619,1,635,26,0,26,661
02/17/2000,VNY,CA,AWP,WE,Towers with Display (VFR),0,15,186,0,201,0,0,1027,0,1027,0,15,1213,0,1228,576,0,576,1804
02/18/2000,VNY,CA,AWP,WE,Towers with Display (VFR),0,18,205,1,224,0,11,1105,0,1116,0,29,1310,1,1340,456,0,456,1796
02/19/2000,VNY,CA,AWP,WE,Towers with Display (VFR),0,10,135,1,146,0,0,918,0,918,0,10,1053,1,1064,418,0,418,1482
02/20/2000,VNY,CA,AWP,WE,Towers with Display (VFR),0,7,120,0,127,0,0,273,0,273,0,7,393,0,400,14,0,14,414
02/21/2000,VNY,CA,AWP,WE,Towers with Display (VFR),0,17,190,0,207,0,10,390,0,400,0,27,580,0,607,34,0,34,641
02/22/2000,VNY,CA,AWP,WE,Towers with Display (VFR),0,15,173,0,188,0,7,711,4,722,0,22,884,4,910,250,0,250,1160
02/23/2000,VNY,CA,AWP,WE,Towers with Display (VFR),0,9,163,0,172,0,0,472,0,472,0,9,635,0,644,4,0,4,648
02/24/2000,VNY,CA,AWP,WE,Towers with Display (VFR),0,13,147,0,160,0,6,949,0,955,0,19,1096,0,1115,312,0,312,1427
02/25/2000,VNY,CA,AWP,WE,Towers with Display (VFR),0,19,215,0,234,0,1,851,3,855,0,20,1066,3,1089,300,0,300,1389
02/26/2000,VNY,CA,AWP,WE,Towers with Display (VFR),0,12,141,0,153,0,8,1202,0,1210,0,20,1343,0,1363,776,0,776,2139
02/27/2000,VNY,CA,AWP,WE,Towers with Display (VFR),0,13,148,0,161,0,0,379,12,391,0,13,527,12,552,10,0,10,562
02/28/2000,VNY,CA,AWP,WE,Towers with Display (VFR),0,11,126,0,137,0,3,1018,0,1021,0,14,1144,0,1158,292,0,292,1450
02/29/2000,VNY,CA,AWP,WE,Towers with Display (VFR),0,17,192,0,209,0,4,758,0,762,0,21,950,0,971,312,0,312,1283
03/01/2000,VNY,CA,AWP,WE,Towers with Display (VFR),0,9,129,0,138,0,5,1052,0,1057,0,14,1181,0,1195,500,0,500,1695
03/02/2000,VNY,CA,AWP,WE,Towers with Display (VFR),0,10,149,0,159,0,15,909,0,924,0,25,1058,0,1083,338,0,338,1421
03/03/2000,VNY,CA,AWP,WE,Towers with Display (VFR),0,14,196,0,210,0,9,765,0,774,0,23,961,0,984,352,0,352,1336
03/04/2000,VNY,CA,AWP,WE,Towers with Display (VFR),0,11,148,0,159,0,11,842,0,853,0,22,990,0,1012,640,0,640,1652
03/05/2000,VNY,CA,AWP,WE,Towers with Display (VFR),0,7,96,0,103,0,4,261,0,265,0,11,357,0,368,50,0,50,418
03/06/2000,VNY,CA,AWP,WE,Towers with Display (VFR),0,7,122,0,129,0,0,625,0,625,0,7,747,0,754,164,0,164,918
03/07/2000,VNY,CA,AWP,WE,Towers with Display (VFR),0,9,137,1,147,0,0,716,0,716,0,9,853,1,863,298,0,298,1161
03/08/2000,VNY,CA,AWP,WE,Towers with Display (VFR),0,13,165,0,178,0,1,556,0,557,0,14,721,0,735,120,0,120,855
03/09/2000,VNY,CA,AWP,WE,Towers with Display (VFR),0,14,179,1,194,0,1,1021,2,1024,0,15,1200,3,1218,392,0,392,1610
03/10/2000,VNY,CA,AWP,WE,Towers with Display (VFR),0,10,132,1,143,0,6,1158,1,1165,0,16,1290,2,1308,426,0,426,1734
03/11/2000,VNY,CA,AWP,WE,Towers with Display (VFR),0,10,134,0,144,0,12,1156,0,1168,0,22,1290,0,1312,638,0,638,1950
03/12/2000,VNY,CA,AWP,WE,Towers with Display (VFR),0,11,145,0,156,0,1,926,0,927,0,12,1071,0,1083,504,0,504,1587
03/13/2000,VNY,CA,AWP,WE,Towers with Display (VFR),0,9,123,0,132,0,4,802,0,806,0,13,925,0,938,374,0,374,1312
03/14/2000,VNY,CA,AWP,WE,Towers with Display (VFR),0,9,124,1,134,0,13,841,1,855,0,22,965,2,989,358,0,358,1347
03/15/2000,VNY,CA,AWP,WE,Towers with Display (VFR),0,13,163,1,177,0,14,865,3,882,0,27,1028,4,1059,494,0,494,1553
03/16/2000,VNY,CA,AWP,WE,Towers with Display (VFR),0,14,182,0,196,0,11,960,0,971,0,25,1142,0,1167,464,0,464,1631
03/17/2000,VNY,CA,AWP,WE,Towers with Display (VFR),0,11,143,1,155,0,17,970,1,988,0,28,1113,2,1143,356,0,356,1499
03/18/2000,VNY,CA,AWP,WE,Towers with Display (VFR),0,9,125,1,135,0,13,1137,4,1154,0,22,1262,5,1289,756,0,756,2045
03/19/2000,VNY,CA,AWP,WE,Towers with Display (VFR),0,11,144,1,156,0,6,746,0,752,0,17,890,1,908,476,0,476,1384
03/20/2000,VNY,CA,AWP,WE,Towers with Display (VFR),0,7,88,0,95,0,1,592,2,595,0,8,680,2,690,94,0,94,784
03/21/2000,VNY,CA,AWP,WE,Towers with Display (VFR),0,7,120,0,127,0,0,768,0,768,0,7,888,0,895,174,0,174,1069
03/22/2000,VNY,CA,AWP,WE,Towers with Display (VFR),0,10,129,0,139,0,5,942,0,947,0,15,1071,0,1086,486,0,486,1572
03/23/2000,VNY,CA,AWP,WE,Towers with Display (VFR),0,11,138,0,149,0,11,1137,0,1148,0,22,1275,0,1297,674,0,674,1971
03/24/2000,VNY,CA,AWP,WE,Towers with Display (VFR),0,12,159,0,171,0,8,1146,0,1154,0,20,1305,0,1325,570,0,570,1895
03/25/2000,VNY,CA,AWP,WE,Towers with Display (VFR),0,5,129,0,134,0,0,891,1,892,0,5,1020,1,1026,446,0,446,1472
03/26/2000,VNY,CA,AWP,WE,Towers with Display (VFR),0,11,148,0,159,0,5,817,0,822,0,16,965,0,981,570,0,570,1551
03/27/2000,VNY,CA,AWP,WE,Towers with Display (VFR),0,12,156,0,168,0,17,794,0,811,0,29,950,0,979,364,0,364,1343
03/28/2000,VNY,CA,AWP,WE,Towers with Display (VFR),0,11,149,0,160,0,8,811,0,819,0,19,960,0,979,476,0,476,1455
03/29/2000,VNY,CA,AWP,WE,Towers with Display (VFR),0,12,160,0,172,0,4,897,0,901,0,16,1057,0,1073,384,0,384,1457
03/30/2000,VNY,CA,AWP,WE,Towers with Display (VFR),0,12,153,0,165,0,11,993,2,1006,0,23,1146,2,1171,376,0,376,1547
03/31/2000,VNY,CA,AWP,WE,Towers with Display (VFR),0,9,122,0,131,0,5,871,0,876,0,14,993,0,1007,156,0,156,1163
04/01/2000,VNY,CA,AWP,WE,Towers with Display (VFR),0,7,93,0,100,0,26,670,0,696,0,33,763,0,796,296,0,296,1092
04/02/2000,VNY,CA,AWP,WE,Towers with Display (VFR),0,11,166,0,177,0,6,991,0,997,0,17,1157,0,1174,480,0,480,1654
04/03/2000,VNY,CA,AWP,WE,Towers with Display (VFR),0,9,127,0,136,0,4,937,0,941,0,13,1064,0,1077,536,0,536,1613
04/04/2000,VNY,CA,AWP,WE,Towers with Display (VFR),0,10,145,0,155,0,6,854,0,860,0,16,999,0,1015,306,0,306,1321
04/05/2000,VNY,CA,AWP,WE,Towers with Display (VFR),0,9,132,0,141,0,9,1025,0,1034,0,18,1157,0,1175,418,0,418,1593
04/06/2000,VNY,CA,AWP,WE,Towers with Display (VFR),0,14,199,1,214,0,2,904,1,907,0,16,1103,2,1121,402,0,402,1523
04/07/2000,VNY,CA,AWP,WE,Towers with Display (VFR),0,16,229,1,246,0,6,992,3,1001,0,22,1221,4,1247,424,0,424,1671
04/08/2000,VNY,CA,AWP,WE,Towers with Display (VFR),0,6,149,0,155,0,0,889,0,889,0,6,1038,0,1044,486,0,486,1530
04/09/2000,VNY,CA,AWP,WE,Towers with Display (VFR),0,11,156,1,168,0,13,877,1,891,0,24,1033,2,1059,458,0,458,1517
04/10/2000,VNY,CA,AWP,WE,Towers with Display (VFR),0,9,137,0,146,0,15,940,0,955,0,24,1077,0,1101,458,0,458,1559
04/11/2000,VNY,CA,AWP,WE,Towers with Display (VFR),0,9,125,1,135,0,3,915,3,921,0,12,1040,4,1056,560,0,560,1616
04/12/2000,VNY,CA,AWP,WE,Towers with Display (VFR),0,12,171,0,183,0,8,980,0,988,0,20,1151,0,1171,438,0,438,1609
04/13/2000,VNY,CA,AWP,WE,Towers with Display (VFR),0,11,166,1,178,0,6,875,2,883,0,17,1041,3,1061,690,0,690,1751
04/14/2000,VNY,CA,AWP,WE,Towers with Display (VFR),0,12,167,0,179,0,18,1093,0,1111,0,30,1260,0,1290,490,0,490,1780
04/15/2000,VNY,CA,AWP,WE,Towers with Display (VFR),0,13,188,0,201,0,0,808,0,808,0,13,996,0,1009,628,0,628,1637
04/16/2000,VNY,CA,AWP,WE,Towers with Display (VFR),0,9,136,0,145,0,10,595,0,605,0,19,731,0,750,428,0,428,1178
04/17/2000,VNY,CA,AWP,WE,Towers with Display (VFR),0,10,150,0,160,0,11,458,0,469,0,21,608,0,629,46,0,46,675
04/18/2000,VNY,CA,AWP,WE,Towers with Display (VFR),0,9,131,0,140,0,9,715,0,724,0,18,846,0,864,232,0,232,1096
04/19/2000,VNY,CA,AWP,WE,Towers with Display (VFR),0,9,137,0,146,0,8,1002,0,1010,0,17,1139,0,1156,430,0,430,1586
04/20/2000,VNY,CA,AWP,WE,Towers with Display (VFR),0,11,167,0,178,0,7,1038,3,1048,0,18,1205,3,1226,610,0,610,1836
04/21/2000,VNY,CA,AWP,WE,Towers with Display (VFR),0,14,197,0,211,0,3,800,0,803,0,17,997,0,1014,392,0,392,1406
04/22/2000,VNY,CA,AWP,WE,Towers with Display (VFR),0,12,190,0,202,0,0,734,0,734,0,12,924,0,936,688,0,688,1624
04/23/2000,VNY,CA,AWP,WE,Towers with Display (VFR),0,9,136,0,145,0,7,724,0,731,0,16,860,0,876,414,0,414,1290
04/24/2000,VNY,CA,AWP,WE,Towers with Display (VFR),0,10,153,0,163,0,16,950,0,966,0,26,1103,0,1129,330,0,330,1459
04/25/2000,VNY,CA,AWP,WE,Towers with Display (VFR),0,10,147,0,157,0,14,1071,0,1085,0,24,1218,0,1242,451,0,451,1693
04/26/2000,VNY,CA,AWP,WE,Towers with Display (VFR),0,8,118,0,126,0,2,998,0,1000,0,10,1116,0,1126,410,0,410,1536
04/27/2000,VNY,CA,AWP,WE,Towers with Display (VFR),0,11,156,0,167,0,16,930,0,946,0,27,1086,0,1113,418,0,418,1531
04/28/2000,VNY,CA,AWP,WE,Towers with Display (VFR),0,16,233,0,249,0,11,755,2,768,0,27,988,2,1017,338,0,338,1355
04/29/2000,VNY,CA,AWP,WE,Towers with Display (VFR),0,7,108,0,115,0,1,890,0,891,0,8,998,0,1006,494,0,494,1500
04/30/2000,VNY,CA,AWP,WE,Towers with Display (VFR),0,9,128,0,137,0,13,1002,4,1019,0,22,1130,4,1156,456,0,456,1612
05/01/2000,VNY,CA,AWP,WE,Towers with Display (VFR),0,11,139,0,150,0,13,872,0,885,0,24,1011,0,1035,310,0,310,1345
05/02/2000,VNY,CA,AWP,WE,Towers with Display (VFR),0,11,137,1,149,0,16,752,1,769,0,27,889,2,918,416,0,416,1334
05/03/2000,VNY,CA,AWP,WE,Towers with Display (VFR),0,14,170,1,185,0,4,1009,1,1014,0,18,1179,2,1199,364,2,366,1565
05/04/2000,VNY,CA,AWP,WE,Towers with Display (VFR),0,15,188,0,203,0,20,1023,0,1043,0,35,1211,0,1246,428,0,428,1674
05/05/2000,VNY,CA,AWP,WE,Towers with Display (VFR),0,23,284,1,308,0,15,607,1,623,0,38,891,2,931,400,0,400,1331
05/06/2000,VNY,CA,AWP,WE,Towers with Display (VFR),0,11,135,0,146,0,19,685,0,704,0,30,820,0,850,608,0,608,1458
05/07/2000,VNY,CA,AWP,WE,Towers with Display (VFR),0,12,152,0,164,0,7,680,0,687,0,19,832,0,851,474,0,474,1325
05/08/2000,VNY,CA,AWP,WE,Towers with Display (VFR),0,13,170,1,184,0,17,548,1,566,0,30,718,2,750,252,0,252,1002
05/09/2000,VNY,CA,AWP,WE,Towers with Display (VFR),0,11,140,0,151,0,16,663,0,679,0,27,803,0,830,312,0,312,1142
05/10/2000,VNY,CA,AWP,WE,Towers with Display (VFR),0,14,177,1,192,0,15,592,0,607,0,29,769,1,799,304,0,304,1103
05/11/2000,VNY,CA,AWP,WE,Towers with Display (VFR),0,12,146,0,158,0,20,553,0,573,0,32,699,0,731,182,0,182,913
05/12/2000,VNY,CA,AWP,WE,Towers with Display (VFR),0,11,144,1,156,0,19,905,2,926,0,30,1049,3,1082,340,0,340,1422
05/13/2000,VNY,CA,AWP,WE,Towers with Display (VFR),0,9,115,0,124,0,11,791,0,802,0,20,906,0,926,496,0,496,1422
05/14/2000,VNY,CA,AWP,WE,Towers with Display (VFR),0,9,120,1,130,0,15,655,1,671,0,24,775,2,801,414,0,414,1215
05/15/2000,VNY,CA,AWP,WE,Towers with Display (VFR),0,9,113,1,123,0,14,623,0,637,0,23,736,1,760,382,0,382,1142
05/16/2000,VNY,CA,AWP,WE,Towers with Display (VFR),0,15,190,0,205,0,22,574,0,596,0,37,764,0,801,340,0,340,1141
05/17/2000,VNY,CA,AWP,WE,Towers with Display (VFR),0,12,146,0,158,0,18,681,0,699,0,30,827,0,857,392,0,392,1249
05/18/2000,VNY,CA,AWP,WE,Towers with Display (VFR),0,11,141,0,152,0,23,857,0,880,0,34,998,0,1032,520,0,520,1552
05/19/2000,VNY,CA,AWP,WE,Towers with Display (VFR),0,14,180,0,194,0,12,826,4,842,0,26,1006,4,1036,442,0,442,1478
05/20/2000,VNY,CA,AWP,WE,Towers with Display (VFR),0,8,108,0,116,0,4,675,0,679,0,12,783,0,795,424,0,424,1219
05/21/2000,VNY,CA,AWP,WE,Towers with Display (VFR),0,11,145,0,156,0,12,562,2,576,0,23,707,2,732,316,0,316,1048
05/22/2000,VNY,CA,AWP,WE,Towers with Display (VFR),0,15,192,0,207,0,9,649,0,658,0,24,841,0,865,284,0,284,1149
05/23/2000,VNY,CA,AWP,WE,Towers with Display (VFR),0,19,232,0,251,0,9,198,0,207,0,28,430,0,458,102,0,102,560
05/24/2000,VNY,CA,AWP,WE,Towers with Display (VFR),0,20,249,0,269,0,0,473,3,476,0,20,722,3,745,222,0,222,967
05/25/2000,VNY,CA,AWP,WE,Towers with Display (VFR),0,18,233,0,251,0,0,531,2,533,0,18,764,2,784,298,0,298,1082
05/26/2000,VNY,CA,AWP,WE,Towers with Display (VFR),0,14,176,0,190,0,8,854,1,863,0,22,1030,1,1053,340,0,340,1393
05/27/2000,VNY,CA,AWP,WE,Towers with Display (VFR),0,9,113,0,122,0,10,604,1,615,0,19,717,1,737,400,0,400,1137
05/28/2000,VNY,CA,AWP,WE,Towers with Display (VFR),0,9,115,0,124,0,8,487,4,499,0,17,602,4,623,300,0,300,923
05/29/2000,VNY,CA,AWP,WE,Towers with Display (VFR),0,12,158,0,170,0,3,687,0,690,0,15,845,0,860,320,0,320,1180
05/30/2000,VNY,CA,AWP,WE,Towers with Display (VFR),0,12,152,0,164,0,9,535,1,545,0,21,687,1,709,294,0,294,1003
05/31/2000,VNY,CA,AWP,WE,Towers with Display (VFR),0,13,171,0,184,0,14,799,0,813,0,27,970,0,997,548,0,548,1545
06/01/2000,VNY,CA,AWP,WE,Towers with Display (VFR),0,12,153,2,167,0,2,838,0,840,0,14,991,2,1007,470,0,470,1477
06/02/2000,VNY,CA,AWP,WE,Towers with Display (VFR),0,14,176,0,190,0,16,776,0,792,0,30,952,0,982,426,0,426,1408
06/03/2000,VNY,CA,AWP,WE,Towers with Display (VFR),0,6,93,0,99,0,0,801,0,801,0,6,894,0,900,616,0,616,1516
06/04/2000,VNY,CA,AWP,WE,Towers with Display (VFR),0,10,135,0,145,0,13,702,0,715,0,23,837,0,860,454,0,454,1314
06/05/2000,VNY,CA,AWP,WE,Towers with Display (VFR),0,9,123,1,133,0,28,615,0,643,0,37,738,1,776,364,0,364,1140
06/06/2000,VNY,CA,AWP,WE,Towers with Display (VFR),0,9,118,3,130,0,23,744,1,768,0,32,862,4,898,330,0,330,1228
06/07/2000,VNY,CA,AWP,WE,Towers with Display (VFR),0,10,132,2,144,0,21,707,0,728,0,31,839,2,872,362,0,362,1234
06/08/2000,VNY,CA,AWP,WE,Towers with Display (VFR),0,13,179,4,196,0,0,692,2,694,0,13,871,6,890,406,0,406,1296
06/09/2000,VNY,CA,AWP,WE,Towers with Display (VFR),0,11,152,3,166,0,2,815,0,817,0,13,967,3,983,388,0,388,1371
06/10/2000,VNY,CA,AWP,WE,Towers with Display (VFR),0,7,104,0,111,0,10,679,0,689,0,17,783,0,800,448,0,448,1248
06/11/2000,VNY,CA,AWP,WE,Towers with Display (VFR),0,12,149,2,163,0,2,651,0,653,0,14,800,2,816,350,0,350,1166
06/12/2000,VNY,CA,AWP,WE,Towers with Display (VFR),0,8,113,0,121,0,7,588,0,595,0,15,701,0,716,316,0,316,1032
06/13/2000,VNY,CA,AWP,WE,Towers with Display (VFR),0,11,137,3,151,0,3,646,3,652,0,14,783,6,803,338,0,338,1141
06/14/2000,VNY,CA,AWP,WE,Towers with Display (VFR),0,12,159,2,173,0,10,792,0,802,0,22,951,2,975,390,0,390,1365
06/15/2000,VNY,CA,AWP,WE,Towers with Display (VFR),0,12,168,3,183,0,13,775,0,788,0,25,943,3,971,250,0,250,1221
06/16/2000,VNY,CA,AWP,WE,Towers with Display (VFR),0,17,225,4,246,0,3,657,0,660,0,20,882,4,906,228,0,228,1134
06/17/2000,VNY,CA,AWP,WE,Towers with Display (VFR),0,11,155,0,166,0,8,587,0,595,0,19,742,0,761,344,0,344,1105
06/18/2000,VNY,CA,AWP,WE,Towers with Display (VFR),0,13,177,1,191,0,17,670,0,687,0,30,847,1,878,486,0,486,1364
06/19/2000,VNY,CA,AWP,WE,Towers with Display (VFR),0,12,151,0,163,0,8,614,0,622,0,20,765,0,785,302,0,302,1087
06/20/2000,VNY,CA,AWP,WE,Towers with Display (VFR),0,10,135,2,147,0,2,732,0,734,0,12,867,2,881,342,0,342,1223
06/21/2000,VNY,CA,AWP,WE,Towers with Display (VFR),0,12,161,0,173,0,15,903,0,918,0,27,1064,0,1091,412,0,412,1503
06/22/2000,VNY,CA,AWP,WE,Towers with Display (VFR),0,11,154,3,168,0,15,736,5,756,0,26,890,8,924,362,2,364,1288
06/23/2000,VNY,CA,AWP,WE,Towers with Display (VFR),0,8,198,3,209,0,0,925,30,955,0,8,1123,33,1164,420,54,474,1638
06/24/2000,VNY,CA,AWP,WE,Towers with Display (VFR),0,2,97,1,100,0,0,366,1,367,0,2,463,2,467,278,0,278,745
06/25/2000,VNY,CA,AWP,WE,Towers with Display (VFR),0,6,76,1,83,0,2,498,7,507,0,8,574,8,590,220,0,220,810
06/26/2000,VNY,CA,AWP,WE,Towers with Display (VFR),0,7,106,2,115,0,7,937,25,969,0,14,1043,27,1084,542,40,582,1666
06/27/2000,VNY,CA,AWP,WE,Towers with Display (VFR),0,8,114,1,123,0,13,833,0,846,0,21,947,1,969,500,0,500,1469
06/28/2000,VNY,CA,AWP,WE,Towers with Display (VFR),0,9,119,0,128,0,27,856,0,883,0,36,975,0,1011,664,0,664,1675
06/29/2000,VNY,CA,AWP,WE,Towers with Display (VFR),0,13,170,3,186,0,6,850,4,860,0,19,1020,7,1046,508,0,508,1554
06/30/2000,VNY,CA,AWP,WE,Towers with Display (VFR),0,14,186,3,203,0,17,898,1,916,0,31,1084,4,1119,490,0,490,1609
07/01/2000,VNY,CA,AWP,WE,Towers with Display (VFR),0,10,147,0,157,0,0,587,0,587,0,10,734,0,744,356,0,356,1100
07/02/2000,VNY,CA,AWP,WE,Towers with Display (VFR),0,8,117,0,125,0,13,510,0,523,0,21,627,0,648,364,0,364,1012
07/03/2000,VNY,CA,AWP,WE,Towers with Display (VFR),0,8,121,0,129,0,7,560,0,567,0,15,681,0,696,372,0,372,1068
07/04/2000,VNY,CA,AWP,WE,Towers with Display (VFR),0,9,114,0,123,0,7,525,0,532,0,16,639,0,655,300,0,300,955
07/05/2000,VNY,CA,AWP,WE,Towers with Display (VFR),0,12,152,0,164,0,21,849,0,870,0,33,1001,0,1034,438,0,438,1472
07/06/2000,VNY,CA,AWP,WE,Towers with Display (VFR),0,10,124,0,134,0,19,772,0,791,0,29,896,0,925,322,0,322,1247
07/07/2000,VNY,CA,AWP,WE,Towers with Display (VFR),0,12,150,1,163,0,18,865,4,887,0,30,1015,5,1050,506,0,506,1556
07/08/2000,VNY,CA,AWP,WE,Towers with Display (VFR),0,10,160,1,171,0,0,873,2,875,0,10,1033,3,1046,610,0,610,1656
07/09/2000,VNY,CA,AWP,WE,Towers with Display (VFR),0,15,186,1,202,0,16,681,0,697,0,31,867,1,899,364,0,364,1263
07/10/2000,VNY,CA,AWP,WE,Towers with Display (VFR),0,11,136,1,148,0,6,593,3,602,0,17,729,4,750,354,0,354,1104
07/11/2000,VNY,CA,AWP,WE,Towers with Display (VFR),0,11,143,0,154,0,7,720,0,727,0,18,863,0,881,408,0,408,1289
07/12/2000,VNY,CA,AWP,WE,Towers with Display (VFR),0,13,168,0,181,0,10,715,0,725,0,23,883,0,906,438,0,438,1344
07/13/2000,VNY,CA,AWP,WE,Towers with Display (VFR),0,15,183,0,198,0,10,846,0,856,0,25,1029,0,1054,510,0,510,1564
07/14/2000,VNY,CA,AWP,WE,Towers with Display (VFR),0,11,133,0,144,0,10,1046,0,1056,0,21,1179,0,1200,692,0,692,1892
07/15/2000,VNY,CA,AWP,WE,Towers with Display (VFR),0,12,146,0,158,0,9,779,0,788,0,21,925,0,946,544,0,544,1490
07/16/2000,VNY,CA,AWP,WE,Towers with Display (VFR),0,13,163,0,176,0,12,558,0,570,0,25,721,0,746,246,0,246,992
07/17/2000,VNY,CA,AWP,WE,Towers with Display (VFR),0,9,121,0,130,0,8,745,0,753,0,17,866,0,883,394,0,394,1277
07/18/2000,VNY,CA,AWP,WE,Towers with Display (VFR),0,11,137,0,148,0,1,792,0,793,0,12,929,0,941,434,0,434,1375
07/19/2000,VNY,CA,AWP,WE,Towers with Display (VFR),0,11,134,0,145,0,7,775,0,782,0,18,909,0,927,594,0,594,1521
07/20/2000,VNY,CA,AWP,WE,Towers with Display (VFR),0,12,155,0,167,0,19,869,1,889,0,31,1024,1,1056,402,0,402,1458
07/21/2000,VNY,CA,AWP,WE,Towers with Display (VFR),0,13,163,0,176,0,19,783,3,805,0,32,946,3,981,614,0,614,1595
07/22/2000,VNY,CA,AWP,WE,Towers with Display (VFR),0,11,134,0,145,0,9,680,0,689,0,20,814,0,834,544,0,544,1378
07/23/2000,VNY,CA,AWP,WE,Towers with Display (VFR),0,13,166,0,179,0,40,725,4,769,0,53,891,4,948,426,0,426,1374
07/24/2000,VNY,CA,AWP,WE,Towers with Display (VFR),0,11,141,0,152,0,4,760,0,764,0,15,901,0,916,478,0,478,1394
07/25/2000,VNY,CA,AWP,WE,Towers with Display (VFR),0,11,134,0,145,0,2,689,5,696,0,13,823,5,841,416,0,416,1257
07/26/2000,VNY,CA,AWP,WE,Towers with Display (VFR),0,9,120,0,129,0,19,714,0,733,0,28,834,0,862,338,0,338,1200
07/27/2000,VNY,CA,AWP,WE,Towers with Display (VFR),0,13,166,0,179,0,34,684,0,718,0,47,850,0,897,414,0,414,1311
07/28/2000,VNY,CA,AWP,WE,Towers with Display (VFR),0,13,166,0,179,0,22,761,0,783,0,35,927,0,962,372,0,372,1334
07/29/2000,VNY,CA,AWP,WE,Towers with Display (VFR),0,11,139,0,150,0,4,721,0,725,0,15,860,0,875,434,0,434,1309
07/30/2000,VNY,CA,AWP,WE,Towers with Display (VFR),0,12,157,0,169,0,24,785,0,809,0,36,942,0,978,462,0,462,1440
07/31/2000,VNY,CA,AWP,WE,Towers with Display (VFR),0,13,159,0,172,0,14,485,3,502,0,27,644,3,674,320,0,320,994
08/01/2000,VNY,CA,AWP,WE,Towers with Display (VFR),0,10,111,0,121,0,12,676,0,688,0,22,787,0,809,292,0,292,1101
08/02/2000,VNY,CA,AWP,WE,Towers with Display (VFR),0,11,123,1,135,0,24,841,0,865,0,35,964,1,1000,484,0,484,1484
08/03/2000,VNY,CA,AWP,WE,Towers with Display (VFR),0,16,165,0,181,0,19,1039,0,1058,0,35,1204,0,1239,518,0,518,1757
08/04/2000,VNY,CA,AWP,WE,Towers with Display (VFR),0,11,124,0,135,0,13,827,0,840,0,24,951,0,975,312,0,312,1287
08/05/2000,VNY,CA,AWP,WE,Towers with Display (VFR),0,13,133,0,146,0,2,632,0,634,0,15,765,0,780,352,0,352,1132
08/06/2000,VNY,CA,AWP,WE,Towers with Display (VFR),0,18,176,0,194,0,15,646,0,661,0,33,822,0,855,438,0,438,1293
08/07/2000,VNY,CA,AWP,WE,Towers with Display (VFR),0,15,154,0,169,0,14,559,0,573,0,29,713,0,742,206,0,206,948
08/08/2000,VNY,CA,AWP,WE,Towers with Display (VFR),0,14,138,1,153,0,28,621,7,656,0,42,759,8,809,320,0,320,1129
08/09/2000,VNY,CA,AWP,WE,Towers with Display (VFR),0,12,124,1,137,0,27,778,1,806,0,39,902,2,943,390,0,390,1333
08/10/2000,VNY,CA,AWP,WE,Towers with Display (VFR),0,14,136,1,151,0,17,1030,0,1047,0,31,1166,1,1198,444,0,444,1642
08/11/2000,VNY,CA,AWP,WE,Towers with Display (VFR),0,19,191,1,211,0,24,846,2,872,0,43,1037,3,1083,450,0,450,1533
08/12/2000,VNY,CA,AWP,WE,Towers with Display (VFR),0,12,119,1,132,0,12,738,1,751,0,24,857,2,883,436,0,436,1319
08/13/2000,VNY,CA,AWP,WE,Towers with Display (VFR),0,17,167,1,185,0,7,953,1,961,0,24,1120,2,1146,526,0,526,1672
08/14/2000,VNY,CA,AWP,WE,Towers with Display (VFR),0,15,152,0,167,0,16,725,0,741,0,31,877,0,908,406,0,406,1314
08/15/2000,VNY,CA,AWP,WE,Towers with Display (VFR),0,11,115,1,127,0,7,828,0,835,0,18,943,1,962,250,0,250,1212
08/16/2000,VNY,CA,AWP,WE,Towers with Display (VFR),0,12,119,0,131,0,25,940,0,965,0,37,1059,0,1096,430,0,430,1526
08/17/2000,VNY,CA,AWP,WE,Towers with Display (VFR),0,14,142,0,156,0,21,883,0,904,0,35,1025,0,1060,452,0,452,1512
08/18/2000,VNY,CA,AWP,WE,Towers with Display (VFR),0,19,186,1,206,0,11,1037,3,1051,0,30,1223,4,1257,466,0,466,1723
08/19/2000,VNY,CA,AWP,WE,Towers with Display (VFR),0,13,135,0,148,0,12,928,0,940,0,25,1063,0,1088,606,0,606,1694
08/20/2000,VNY,CA,AWP,WE,Towers with Display (VFR),0,18,174,1,193,0,20,898,1,919,0,38,1072,2,1112,514,0,514,1626
08/21/2000,VNY,CA,AWP,WE,Towers with Display (VFR),0,8,153,0,161,0,0,586,0,586,0,8,739,0,747,300,0,300,1047
08/22/2000,VNY,CA,AWP,WE,Towers with Display (VFR),0,15,154,1,170,0,25,647,2,674,0,40,801,3,844,466,0,466,1310
08/23/2000,VNY,CA,AWP,WE,Towers with Display (VFR),0,13,133,0,146,0,16,720,0,736,0,29,853,0,882,260,0,260,1142
08/24/2000,VNY,CA,AWP,WE,Towers with Display (VFR),0,17,168,0,185,0,25,609,2,636,0,42,777,2,821,468,0,468,1289
08/25/2000,VNY,CA,AWP,WE,Towers with Display (VFR),0,17,173,0,190,0,16,980,2,998,0,33,1153,2,1188,482,0,482,1670
08/26/2000,VNY,CA,AWP,WE,Towers with Display (VFR),0,14,145,0,159,0,8,784,0,792,0,22,929,0,951,506,0,506,1457
08/27/2000,VNY,CA,AWP,WE,Towers with Display (VFR),0,15,151,0,166,0,6,786,0,792,0,21,937,0,958,532,0,532,1490
08/28/2000,VNY,CA,AWP,WE,Towers with Display (VFR),0,18,178,0,196,0,10,590,1,601,0,28,768,1,797,344,0,344,1141
08/29/2000,VNY,CA,AWP,WE,Towers with Display (VFR),0,19,192,0,211,0,8,405,1,414,0,27,597,1,625,138,0,138,763
08/30/2000,VNY,CA,AWP,WE,Towers with Display (VFR),0,17,166,0,183,0,16,679,0,695,0,33,845,0,878,524,0,524,1402
08/31/2000,VNY,CA,AWP,WE,Towers with Display (VFR),0,17,171,0,188,0,23,679,0,702,0,40,850,0,890,378,0,378,1268
09/01/2000,VNY,CA,AWP,WE,Towers with Display (VFR),0,20,191,1,212,0,14,886,3,903,0,34,1077,4,1115,422,0,422,1537
09/02/2000,VNY,CA,AWP,WE,Towers with Display (VFR),0,11,106,0,117,0,9,970,0,979,0,20,1076,0,1096,634,0,634,1730
09/03/2000,VNY,CA,AWP,WE,Towers with Display (VFR),0,12,121,1,134,0,14,656,3,673,0,26,777,4,807,470,0,470,1277
09/04/2000,VNY,CA,AWP,WE,Towers with Display (VFR),0,15,144,1,160,0,2,743,0,745,0,17,887,1,905,376,0,376,1281
09/05/2000,VNY,CA,AWP,WE,Towers with Display (VFR),0,14,127,0,141,0,43,831,0,874,0,57,958,0,1015,320,0,320,1335
09/06/2000,VNY,CA,AWP,WE,Towers with Display (VFR),0,14,131,0,145,0,30,877,0,907,0,44,1008,0,1052,418,42,460,1512
09/07/2000,VNY,CA,AWP,WE,Towers with Display (VFR),0,14,131,0,145,0,18,828,0,846,0,32,959,0,991,512,0,512,1503
09/08/2000,VNY,CA,AWP,WE,Towers with Display (VFR),0,17,150,0,167,0,23,859,0,882,0,40,1009,0,1049,422,0,422,1471
09/09/2000,VNY,CA,AWP,WE,Towers with Display (VFR),0,14,123,0,137,0,24,774,0,798,0,38,897,0,935,426,0,426,1361
09/10/2000,VNY,CA,AWP,WE,Towers with Display (VFR),0,18,161,1,180,0,10,700,2,712,0,28,861,3,892,436,0,436,1328
09/11/2000,VNY,CA,AWP,WE,Towers with Display (VFR),0,12,107,1,120,0,8,617,4,629,0,20,724,5,749,406,0,406,1155
09/12/2000,VNY,CA,AWP,WE,Towers with Display (VFR),0,12,107,1,120,0,15,668,1,684,0,27,775,2,804,278,0,278,1082
09/13/2000,VNY,CA,AWP,WE,Towers with Display (VFR),0,14,123,0,137,0,11,805,0,816,0,25,928,0,953,330,0,330,1283
09/14/2000,VNY,CA,AWP,WE,Towers with Display (VFR),0,16,148,1,165,0,13,764,0,777,0,29,912,1,942,576,0,576,1518
09/15/2000,VNY,CA,AWP,WE,Towers with Display (VFR),0,16,144,1,161,0,11,946,3,960,0,27,1090,4,1121,318,0,318,1439
09/16/2000,VNY,CA,AWP,WE,Towers with Display (VFR),0,12,110,0,122,0,13,912,0,925,0,25,1022,0,1047,536,0,536,1583
09/17/2000,VNY,CA,AWP,WE,Towers with Display (VFR),0,14,125,1,140,0,14,710,2,726,0,28,835,3,866,446,0,446,1312
09/18/2000,VNY,CA,AWP,WE,Towers with Display (VFR),0,17,156,0,173,0,19,644,0,663,0,36,800,0,836,296,0,296,1132
09/19/2000,VNY,CA,AWP,WE,Towers with Display (VFR),0,15,137,0,152,0,34,879,0,913,0,49,1016,0,1065,446,0,446,1511
09/20/2000,VNY,CA,AWP,WE,Towers with Display (VFR),0,21,185,0,206,0,4,714,0,718,0,25,899,0,924,358,0,358,1282
09/21/2000,VNY,CA,AWP,WE,Towers with Display (VFR),0,23,212,1,236,0,0,418,1,419,0,23,630,2,655,186,0,186,841
09/22/2000,VNY,CA,AWP,WE,Towers with Display (VFR),0,24,224,1,249,0,5,690,1,696,0,29,914,2,945,176,0,176,1121
09/23/2000,VNY,CA,AWP,WE,Towers with Display (VFR),0,14,130,0,144,0,1,622,0,623,0,15,752,0,767,620,0,620,1387
09/24/2000,VNY,CA,AWP,WE,Towers with Display (VFR),0,18,159,0,177,0,10,852,3,865,0,28,1011,3,1042,536,0,536,1578
09/25/2000,VNY,CA,AWP,WE,Towers with Display (VFR),0,14,127,0,141,0,18,602,0,620,0,32,729,0,761,346,0,346,1107
09/26/2000,VNY,CA,AWP,WE,Towers with Display (VFR),0,14,130,0,144,0,19,769,7,795,0,33,899,7,939,364,0,364,1303
09/27/2000,VNY,CA,AWP,WE,Towers with Display (VFR),0,16,145,0,161,0,16,748,0,764,0,32,893,0,925,276,0,276,1201
09/28/2000,VNY,CA,AWP,WE,Towers with Display (VFR),0,20,182,0,202,0,2,575,3,580,0,22,757,3,782,290,0,290,1072
09/29/2000,VNY,CA,AWP,WE,Towers with Display (VFR),0,20,177,0,197,0,12,821,0,833,0,32,998,0,1030,538,0,538,1568
09/30/2000,VNY,CA,AWP,WE,Towers with Display (VFR),0,14,127,0,141,0,14,710,0,724,0,28,837,0,865,424,0,424,1289
10/01/2000,VNY,CA,AWP,WE,Towers with Display (VFR),0,16,152,0,168,0,11,685,0,696,0,27,837,0,864,440,0,440,1304
10/02/2000,VNY,CA,AWP,WE,Towers with Display (VFR),0,16,148,0,164,0,2,441,0,443,0,18,589,0,607,246,0,246,853
10/03/2000,VNY,CA,AWP,WE,Towers with Display (VFR),0,20,185,0,205,0,13,519,2,534,0,33,704,2,739,124,0,124,863
10/04/2000,VNY,CA,AWP,WE,Towers with Display (VFR),0,22,205,0,227,0,10,434,0,444,0,32,639,0,671,210,0,210,881
10/05/2000,VNY,CA,AWP,WE,Towers with Display (VFR),0,15,154,0,169,0,17,710,0,727,0,32,864,0,896,304,0,304,1200
10/06/2000,VNY,CA,AWP,WE,Towers with Display (VFR),0,25,272,0,297,0,0,397,0,397,0,25,669,0,694,96,0,96,790
10/07/2000,VNY,CA,AWP,WE,Towers with Display (VFR),0,18,181,1,200,0,13,710,9,732,0,31,891,10,932,658,0,658,1590
10/08/2000,VNY,CA,AWP,WE,Towers with Display (VFR),0,18,174,0,192,0,6,524,0,530,0,24,698,0,722,376,0,376,1098
10/09/2000,VNY,CA,AWP,WE,Towers with Display (VFR),0,13,134,1,148,0,7,332,1,340,0,20,466,2,488,150,0,150,638
10/10/2000,VNY,CA,AWP,WE,Towers with Display (VFR),0,9,92,0,101,0,13,544,0,557,0,22,636,0,658,152,0,152,810
10/11/2000,VNY,CA,AWP,WE,Towers with Display (VFR),0,12,116,0,128,0,5,588,0,593,0,17,704,0,721,234,0,234,955
10/12/2000,VNY,CA,AWP,WE,Towers with Display (VFR),0,13,135,0,148,0,6,663,0,669,0,19,798,0,817,286,0,286,1103
10/13/2000,VNY,CA,AWP,WE,Towers with Display (VFR),0,14,144,1,159,0,9,886,1,896,0,23,1030,2,1055,410,0,410,1465
10/14/2000,VNY,CA,AWP,WE,Towers with Display (VFR),0,13,135,1,149,0,7,930,0,937,0,20,1065,1,1086,622,0,622,1708
10/15/2000,VNY,CA,AWP,WE,Towers with Display (VFR),0,12,121,0,133,0,10,685,0,695,0,22,806,0,828,394,0,394,1222
10/16/2000,VNY,CA,AWP,WE,Towers with Display (VFR),0,13,131,0,144,0,20,667,1,688,0,33,798,1,832,340,0,340,1172
10/17/2000,VNY,CA,AWP,WE,Towers with Display (VFR),0,13,131,0,144,0,30,709,0,739,0,43,840,0,883,420,0,420,1303
10/18/2000,VNY,CA,AWP,WE,Towers with Display (VFR),0,20,193,0,213,0,3,353,0,356,0,23,546,0,569,92,0,92,661
10/19/2000,VNY,CA,AWP,WE,Towers with Display (VFR),0,23,224,0,247,0,8,395,0,403,0,31,619,0,650,188,0,188,838
10/20/2000,VNY,CA,AWP,WE,Towers with Display (VFR),0,25,242,0,267,0,20,495,0,515,0,45,737,0,782,170,0,170,952
10/21/2000,VNY,CA,AWP,WE,Towers with Display (VFR),0,13,129,0,142,0,14,381,2,397,0,27,510,2,539,302,0,302,841
10/22/2000,VNY,CA,AWP,WE,Towers with Display (VFR),0,15,149,0,164,0,10,590,0,600,0,25,739,0,764,248,0,248,1012
10/23/2000,VNY,CA,AWP,WE,Towers with Display (VFR),0,13,128,0,141,0,14,681,0,695,0,27,809,0,836,286,0,286,1122
10/24/2000,VNY,CA,AWP,WE,Towers with Display (VFR),0,14,142,0,156,0,29,838,4,871,0,43,980,4,1027,410,0,410,1437
10/25/2000,VNY,CA,AWP,WE,Towers with Display (VFR),0,15,152,0,167,0,11,749,1,761,0,26,901,1,928,416,0,416,1344
10/26/2000,VNY,CA,AWP,WE,Towers with Display (VFR),0,17,166,0,183,0,14,496,0,510,0,31,662,0,693,286,0,286,979
10/27/2000,VNY,CA,AWP,WE,Towers with Display (VFR),0,16,155,0,171,0,23,483,1,507,0,39,638,1,678,222,0,222,900
10/28/2000,VNY,CA,AWP,WE,Towers with Display (VFR),0,9,143,0,152,0,0,595,0,595,0,9,738,0,747,348,0,348,1095
10/29/2000,VNY,CA,AWP,WE,Towers with Display (VFR),0,15,151,0,166,0,12,156,0,168,0,27,307,0,334,156,0,156,490
10/30/2000,VNY,CA,AWP,WE,Towers with Display (VFR),0,10,102,0,112,0,5,714,0,719,0,15,816,0,831,314,0,314,1145
10/31/2000,VNY,CA,AWP,WE,Towers with Display (VFR),0,10,101,0,111,0,6,837,0,843,0,16,938,0,954,422,0,422,1376
11/01/2000,VNY,CA,AWP,WE,Towers with Display (VFR),0,18,184,0,202,0,17,896,0,913,0,35,1080,0,1115,404,0,404,1519
11/02/2000,VNY,CA,AWP,WE,Towers with Display (VFR),0,14,149,0,163,0,21,821,0,842,0,35,970,0,1005,420,0,420,1425
11/03/2000,VNY,CA,AWP,WE,Towers with Display (VFR),0,14,147,0,161,0,24,908,0,932,0,38,1055,0,1093,214,0,214,1307
11/04/2000,VNY,CA,AWP,WE,Towers with Display (VFR),0,9,95,3,107,0,5,770,9,784,0,14,865,12,891,466,0,466,1357
11/05/2000,VNY,CA,AWP,WE,Towers with Display (VFR),0,17,173,0,190,0,9,845,0,854,0,26,1018,0,1044,624,0,624,1668
11/06/2000,VNY,CA,AWP,WE,Towers with Display (VFR),0,12,122,2,136,0,14,636,0,650,0,26,758,2,786,244,0,244,1030
11/07/2000,VNY,CA,AWP,WE,Towers with Display (VFR),0,7,74,0,81,0,4,477,0,481,0,11,551,0,562,140,0,140,702
11/08/2000,VNY,CA,AWP,WE,Towers with Display (VFR),0,13,128,0,141,0,26,621,0,647,0,39,749,0,788,314,0,314,1102
11/09/2000,VNY,CA,AWP,WE,Towers with Display (VFR),0,15,157,0,172,0,11,600,0,611,0,26,757,0,783,366,0,366,1149
11/10/2000,VNY,CA,AWP,WE,Towers with Display (VFR),0,14,142,0,156,0,18,860,0,878,0,32,1002,0,1034,338,0,338,1372
11/11/2000,VNY,CA,AWP,WE,Towers with Display (VFR),0,11,115,2,128,0,11,721,0,732,0,22,836,2,860,638,0,638,1498
11/12/2000,VNY,CA,AWP,WE,Towers with Display (VFR),0,12,127,0,139,0,7,690,0,697,0,19,817,0,836,506,0,506,1342
11/13/2000,VNY,CA,AWP,WE,Towers with Display (VFR),0,13,133,0,146,0,19,786,0,805,0,32,919,0,951,478,0,478,1429
11/14/2000,VNY,CA,AWP,WE,Towers with Display (VFR),0,14,139,0,153,0,25,643,0,668,0,39,782,0,821,272,0,272,1093
11/15/2000,VNY,CA,AWP,WE,Towers with Display (VFR),0,15,156,2,173,0,7,775,0,782,0,22,931,2,955,352,0,352,1307
11/16/2000,VNY,CA,AWP,WE,Towers with Display (VFR),0,14,144,2,160,0,16,931,0,947,0,30,1075,2,1107,334,0,334,1441
11/17/2000,VNY,CA,AWP,WE,Towers with Display (VFR),0,14,147,2,163,0,27,1222,0,1249,0,41,1369,2,1412,426,0,426,1838
11/18/2000,VNY,CA,AWP,WE,Towers with Display (VFR),0,9,94,0,103,0,7,1141,0,1148,0,16,1235,0,1251,610,0,610,1861
11/19/2000,VNY,CA,AWP,WE,Towers with Display (VFR),0,14,146,0,160,0,0,934,0,934,0,14,1080,0,1094,528,0,528,1622
11/20/2000,VNY,CA,AWP,WE,Towers with Display (VFR),0,12,125,0,137,0,21,702,0,723,0,33,827,0,860,298,0,298,1158
11/21/2000,VNY,CA,AWP,WE,Towers with Display (VFR),0,17,174,0,191,0,15,987,0,1002,0,32,1161,0,1193,564,0,564,1757
11/22/2000,VNY,CA,AWP,WE,Towers with Display (VFR),0,18,180,0,198,0,18,869,0,887,0,36,1049,0,1085,360,0,360,1445
11/23/2000,VNY,CA,AWP,WE,Towers with Display (VFR),0,8,72,0,80,0,2,433,0,435,0,10,505,0,515,150,0,150,665
11/24/2000,VNY,CA,AWP,WE,Towers with Display (VFR),0,9,89,0,98,0,9,761,0,770,0,18,850,0,868,448,0,448,1316
11/25/2000,VNY,CA,AWP,WE,Towers with Display (VFR),0,13,130,0,143,0,5,788,0,793,0,18,918,0,936,582,0,582,1518
11/26/2000,VNY,CA,AWP,WE,Towers with Display (VFR),0,9,220,2,231,0,0,823,0,823,0,9,1043,2,1054,498,0,498,1552
11/27/2000,VNY,CA,AWP,WE,Towers with Display (VFR),0,13,136,2,151,0,7,578,0,585,0,20,714,2,736,260,0,260,996
11/28/2000,VNY,CA,AWP,WE,Towers with Display (VFR),0,11,115,3,129,0,20,835,1,856,0,31,950,4,985,422,0,422,1407
11/29/2000,VNY,CA,AWP,WE,Towers with Display (VFR),0,16,162,0,178,0,11,555,0,566,0,27,717,0,744,254,4,258,1002
11/30/2000,VNY,CA,AWP,WE,Towers with Display (VFR),0,14,143,2,159,0,43,673,0,716,0,57,816,2,875,380,0,380,1255
12/01/2000,VNY,CA,AWP,WE,Towers with Display (VFR),0,18,180,1,199,0,25,548,0,573,0,43,728,1,772,218,0,218,990
12/02/2000,VNY,CA,AWP,WE,Towers with Display (VFR),0,13,138,0,151,0,11,874,0,885,0,24,1012,0,1036,674,0,674,1710
12/03/2000,VNY,CA,AWP,WE,Towers with Display (VFR),0,14,158,2,174,0,8,719,0,727,0,22,877,2,901,610,0,610,1511
12/04/2000,VNY,CA,AWP,WE,Towers with Display (VFR),0,11,121,2,134,0,10,518,0,528,0,21,639,2,662,222,0,222,884
12/05/2000,VNY,CA,AWP,WE,Towers with Display (VFR),0,12,133,0,145,0,20,923,0,943,0,32,1056,0,1088,374,0,374,1462
12/06/2000,VNY,CA,AWP,WE,Towers with Display (VFR),0,12,138,0,150,0,11,691,0,702,0,23,829,0,852,324,0,324,1176
12/07/2000,VNY,CA,AWP,WE,Towers with Display (VFR),0,12,136,0,148,0,25,643,0,668,0,37,779,0,816,446,0,446,1262
12/08/2000,VNY,CA,AWP,WE,Towers with Display (VFR),0,19,219,0,238,0,0,382,0,382,0,19,601,0,620,138,0,138,758
12/09/2000,VNY,CA,AWP,WE,Towers with Display (VFR),0,11,130,0,141,0,8,639,0,647,0,19,769,0,788,512,0,512,1300
12/10/2000,VNY,CA,AWP,WE,Towers with Display (VFR),0,12,130,0,142,0,11,612,0,623,0,23,742,0,765,410,0,410,1175
12/11/2000,VNY,CA,AWP,WE,Towers with Display (VFR),0,11,122,0,133,0,13,625,0,638,0,24,747,0,771,304,0,304,1075
12/12/2000,VNY,CA,AWP,WE,Towers with Display (VFR),0,0,0,0,0,0,18,908,1,927,0,18,908,1,927,284,0,284,1211
12/13/2000,VNY,CA,AWP,WE,Towers with Display (VFR),0,12,137,1,150,0,1,750,0,751,0,13,887,1,901,274,0,274,1175
12/14/2000,VNY,CA,AWP,WE,Towers with Display (VFR),0,13,145,0,158,0,8,707,0,715,0,21,852,0,873,266,0,266,1139
12/15/2000,VNY,CA,AWP,WE,Towers with Display (VFR),0,17,187,4,208,0,13,1059,0,1072,0,30,1246,4,1280,500,0,500,1780
12/16/2000,VNY,CA,AWP,WE,Towers with Display (VFR),0,11,119,0,130,0,15,995,0,1010,0,26,1114,0,1140,560,0,560,1700
12/17/2000,VNY,CA,AWP,WE,Towers with Display (VFR),0,12,131,0,143,0,9,984,0,993,0,21,1115,0,1136,464,0,464,1600
12/18/2000,VNY,CA,AWP,WE,Towers with Display (VFR),0,8,98,1,107,0,13,525,0,538,0,21,623,1,645,128,0,128,773
12/19/2000,VNY,CA,AWP,WE,Towers with Display (VFR),0,11,119,0,130,0,11,729,0,740,0,22,848,0,870,288,0,288,1158
12/20/2000,VNY,CA,AWP,WE,Towers with Display (VFR),0,11,124,0,135,0,16,738,0,754,0,27,862,0,889,242,0,242,1131
12/21/2000,VNY,CA,AWP,WE,Towers with Display (VFR),0,15,166,0,181,0,19,779,0,798,0,34,945,0,979,434,0,434,1413
12/22/2000,VNY,CA,AWP,WE,Towers with Display (VFR),0,17,193,0,210,0,11,766,0,777,0,28,959,0,987,486,0,486,1473
12/23/2000,VNY,CA,AWP,WE,Towers with Display (VFR),0,13,145,0,158,0,7,672,0,679,0,20,817,0,837,316,0,316,1153
12/24/2000,VNY,CA,AWP,WE,Towers with Display (VFR),0,7,93,0,100,0,0,405,0,405,0,7,498,0,505,156,0,156,661
12/25/2000,VNY,CA,AWP,WE,Towers with Display (VFR),0,4,49,0,53,0,6,164,0,170,0,10,213,0,223,29,0,29,252
12/26/2000,VNY,CA,AWP,WE,Towers with Display (VFR),0,12,132,0,144,0,7,482,0,489,0,19,614,0,633,146,0,146,779
12/27/2000,VNY,CA,AWP,WE,Towers with Display (VFR),0,8,97,0,105,0,11,641,0,652,0,19,738,0,757,262,0,262,1019
12/28/2000,VNY,CA,AWP,WE,Towers with Display (VFR),0,10,113,0,123,0,19,703,0,722,0,29,816,0,845,227,0,227,1072
12/29/2000,VNY,CA,AWP,WE,Towers with Display (VFR),0,11,122,0,133,0,9,825,0,834,0,20,947,0,967,418,0,418,1385
12/30/2000,VNY,CA,AWP,WE,Towers with Display (VFR),0,10,109,1,120,0,12,645,0,657,0,22,754,1,777,426,0,426,1203
12/31/2000,VNY,CA,AWP,WE,Towers with Display (VFR),0,7,75,0,82,0,10,610,0,620,0,17,685,0,702,258,0,258,960
01/01/2001,VNY,CA,AWP,WE,Towers with Display (VFR),0,23,214,0,237,0,11,736,0,747,0,34,950,0,984,352,0,352,1336
01/02/2001,VNY,CA,AWP,WE,Towers with Display (VFR),0,18,164,0,182,0,3,554,0,557,0,21,718,0,739,180,0,180,919
01/03/2001,VNY,CA,AWP,WE,Towers with Display (VFR),0,13,130,0,143,0,6,737,0,743,0,19,867,0,886,292,0,292,1178
01/04/2001,VNY,CA,AWP,WE,Towers with Display (VFR),0,14,143,0,157,0,6,730,0,736,0,20,873,0,893,398,0,398,1291
01/05/2001,VNY,CA,AWP,WE,Towers with Display (VFR),0,14,140,0,154,0,5,729,0,734,0,19,869,0,888,291,0,291,1179
01/06/2001,VNY,CA,AWP,WE,Towers with Display (VFR),0,0,0,0,0,0,19,957,0,976,0,19,957,0,976,392,0,392,1368
01/07/2001,VNY,CA,AWP,WE,Towers with Display (VFR),0,10,180,0,190,0,0,693,0,693,0,10,873,0,883,280,0,280,1163
01/08/2001,VNY,CA,AWP,WE,Towers with Display (VFR),0,21,217,1,239,0,0,335,1,336,0,21,552,2,575,38,0,38,613
01/09/2001,VNY,CA,AWP,WE,Towers with Display (VFR),0,15,148,0,163,0,7,544,0,551,0,22,692,0,714,220,0,220,934
01/10/2001,VNY,CA,AWP,WE,Towers with Display (VFR),0,19,185,0,204,0,2,368,0,370,0,21,553,0,574,70,0,70,644
01/11/2001,VNY,CA,AWP,WE,Towers with Display (VFR),0,13,128,0,141,0,7,419,0,426,0,20,547,0,567,34,2,36,603
01/12/2001,VNY,CA,AWP,WE,Towers with Display (VFR),0,17,172,1,190,0,14,450,4,468,0,31,622,5,658,190,0,190,848
01/13/2001,VNY,CA,AWP,WE,Towers with Display (VFR),0,9,94,1,104,0,6,633,2,641,0,15,727,3,745,560,0,560,1305
01/14/2001,VNY,CA,AWP,WE,Towers with Display (VFR),0,11,113,0,124,0,4,674,0,678,0,15,787,0,802,320,0,320,1122
01/15/2001,VNY,CA,AWP,WE,Towers with Display (VFR),0,13,133,0,146,0,4,628,0,632,0,17,761,0,778,272,0,272,1050
01/16/2001,VNY,CA,AWP,WE,Towers with Display (VFR),0,11,114,0,125,0,19,735,0,754,0,30,849,0,879,254,0,254,1133
01/17/2001,VNY,CA,AWP,WE,Towers with Display (VFR),0,11,111,0,122,0,21,735,0,756,0,32,846,0,878,296,0,296,1174
01/18/2001,VNY,CA,AWP,WE,Towers with Display (VFR),0,13,132,0,145,0,12,793,0,805,0,25,925,0,950,386,0,386,1336
01/19/2001,VNY,CA,AWP,WE,Towers with Display (VFR),0,15,148,0,163,0,10,712,0,722,0,25,860,0,885,326,0,326,1211
01/20/2001,VNY,CA,AWP,WE,Towers with Display (VFR),0,11,110,0,121,0,1,789,0,790,0,12,899,0,911,420,0,420,1331
01/21/2001,VNY,CA,AWP,WE,Towers with Display (VFR),0,15,146,0,161,0,7,939,2,948,0,22,1085,2,1109,502,4,506,1615
01/22/2001,VNY,CA,AWP,WE,Towers with Display (VFR),0,13,126,0,139,0,9,690,0,699,0,22,816,0,838,286,0,286,1124
01/23/2001,VNY,CA,AWP,WE,Towers with Display (VFR),0,16,155,0,171,0,17,614,1,632,0,33,769,1,803,240,0,240,1043
01/24/2001,VNY,CA,AWP,WE,Towers with Display (VFR),0,11,114,0,125,0,8,645,1,654,0,19,759,1,779,172,0,172,951
01/25/2001,VNY,CA,AWP,WE,Towers with Display (VFR),0,15,152,0,167,0,14,898,2,914,0,29,1050,2,1081,486,0,486,1567
01/26/2001,VNY,CA,AWP,WE,Towers with Display (VFR),0,13,134,0,147,0,8,401,0,409,0,21,535,0,556,80,0,80,636
01/27/2001,VNY,CA,AWP,WE,Towers with Display (VFR),0,10,100,0,110,0,17,739,0,756,0,27,839,0,866,542,0,542,1408
01/28/2001,VNY,CA,AWP,WE,Towers with Display (VFR),0,13,128,0,141,0,8,507,0,515,0,21,635,0,656,388,0,388,1044
01/29/2001,VNY,CA,AWP,WE,Towers with Display (VFR),0,15,148,0,163,0,5,469,1,475,0,20,617,1,638,196,0,196,834
01/30/2001,VNY,CA,AWP,WE,Towers with Display (VFR),0,11,111,0,122,0,4,555,0,559,0,15,666,0,681,160,0,160,841
01/31/2001,VNY,CA,AWP,WE,Towers with Display (VFR),0,9,92,0,101,0,9,734,0,743,0,18,826,0,844,202,0,202,1046
02/01/2001,VNY,CA,AWP,WE,Towers with Display (VFR),0,11,90,0,101,0,0,671,0,671,0,11,761,0,772,250,0,250,1022
02/02/2001,VNY,CA,AWP,WE,Towers with Display (VFR),0,13,110,0,123,0,10,932,0,942,0,23,1042,0,1065,378,0,378,1443
02/03/2001,VNY,CA,AWP,WE,Towers with Display (VFR),0,11,93,0,104,0,5,935,0,940,0,16,1028,0,1044,572,0,572,1616
02/04/2001,VNY,CA,AWP,WE,Towers with Display (VFR),0,14,166,0,180,0,0,804,0,804,0,14,970,0,984,328,0,328,1312
02/05/2001,VNY,CA,AWP,WE,Towers with Display (VFR),0,6,111,0,117,0,0,572,0,572,0,6,683,0,689,226,0,226,915
02/06/2001,VNY,CA,AWP,WE,Towers with Display (VFR),0,13,138,0,151,0,0,689,0,689,0,13,827,0,840,212,0,212,1052
02/07/2001,VNY,CA,AWP,WE,Towers with Display (VFR),0,12,111,1,124,0,13,684,0,697,0,25,795,1,821,240,0,240,1061
02/08/2001,VNY,CA,AWP,WE,Towers with Display (VFR),0,16,138,1,155,0,11,896,1,908,0,27,1034,2,1063,366,0,366,1429
02/09/2001,VNY,CA,AWP,WE,Towers with Display (VFR),0,8,138,0,146,0,0,700,0,700,0,8,838,0,846,320,0,320,1166
02/10/2001,VNY,CA,AWP,WE,Towers with Display (VFR),0,8,72,0,80,0,2,385,0,387,0,10,457,0,467,148,0,148,615
02/11/2001,VNY,CA,AWP,WE,Towers with Display (VFR),0,12,112,0,124,0,4,335,0,339,0,16,447,0,463,197,0,197,660
02/12/2001,VNY,CA,AWP,WE,Towers with Display (VFR),0,13,119,0,132,0,6,317,0,323,0,19,436,0,455,32,0,32,487
02/13/2001,VNY,CA,AWP,WE,Towers with Display (VFR),0,11,103,0,114,0,8,389,0,397,0,19,492,0,511,70,0,70,581
02/14/2001,VNY,CA,AWP,WE,Towers with Display (VFR),0,13,113,0,126,0,19,882,0,901,0,32,995,0,1027,394,0,394,1421
02/15/2001,VNY,CA,AWP,WE,Towers with Display (VFR),0,19,166,1,186,0,5,964,2,971,0,24,1130,3,1157,380,0,380,1537
02/16/2001,VNY,CA,AWP,WE,Towers with Display (VFR),0,19,168,1,188,0,5,901,1,907,0,24,1069,2,1095,480,0,480,1575
02/17/2001,VNY,CA,AWP,WE,Towers with Display (VFR),0,16,144,0,160,0,6,804,0,810,0,22,948,0,970,532,0,532,1502
02/18/2001,VNY,CA,AWP,WE,Towers with Display (VFR),0,12,112,0,124,0,8,420,0,428,0,20,532,0,552,321,0,321,873
02/19/2001,VNY,CA,AWP,WE,Towers with Display (VFR),0,24,212,0,236,0,5,265,3,273,0,29,477,3,509,68,0,68,577
02/20/2001,VNY,CA,AWP,WE,Towers with Display (VFR),0,11,104,0,115,0,26,634,5,665,0,37,738,5,780,372,0,372,1152
02/21/2001,VNY,CA,AWP,WE,Towers with Display (VFR),0,15,134,0,149,0,6,834,1,841,0,21,968,1,990,464,0,464,1454
02/22/2001,VNY,CA,AWP,WE,Towers with Display (VFR),0,24,216,0,240,0,9,682,1,692,0,33,898,1,932,410,0,410,1342
02/23/2001,VNY,CA,AWP,WE,Towers with Display (VFR),0,14,129,0,143,0,17,634,1,652,0,31,763,1,795,340,0,340,1135
02/24/2001,VNY,CA,AWP,WE,Towers with Display (VFR),0,12,112,0,124,0,12,307,0,319,0,24,419,0,443,78,0,78,521
02/25/2001,VNY,CA,AWP,WE,Towers with Display (VFR),0,15,138,0,153,0,3,135,0,138,0,18,273,0,291,10,0,10,301
02/26/2001,VNY,CA,AWP,WE,Towers with Display (VFR),0,18,163,0,181,0,11,507,4,522,0,29,670,4,703,118,0,118,821
02/27/2001,VNY,CA,AWP,WE,Towers with Display (VFR),0,12,111,0,123,0,11,523,3,537,0,23,634,3,660,156,0,156,816
02/28/2001,VNY,CA,AWP,WE,Towers with Display (VFR),0,22,193,0,215,0,19,601,1,621,0,41,794,1,836,130,0,130,966
03/01/2001,VNY,CA,AWP,WE,Towers with Display (VFR),0,14,150,0,164,0,23,909,0,932,0,37,1059,0,1096,410,0,410,1506
03/02/2001,VNY,CA,AWP,WE,Towers with Display (VFR),0,14,149,1,164,0,9,761,1,771,0,23,910,2,935,422,0,422,1357
03/03/2001,VNY,CA,AWP,WE,Towers with Display (VFR),0,13,134,0,147,0,7,606,0,613,0,20,740,0,760,514,0,514,1274
03/04/2001,VNY,CA,AWP,WE,Towers with Display (VFR),0,12,125,0,137,0,14,383,0,397,0,26,508,0,534,258,0,258,792
03/05/2001,VNY,CA,AWP,WE,Towers with Display (VFR),0,11,113,0,124,0,12,322,0,334,0,23,435,0,458,86,0,86,544
03/06/2001,VNY,CA,AWP,WE,Towers with Display (VFR),0,13,126,0,139,0,20,798,0,818,0,33,924,0,957,360,0,360,1317
03/07/2001,VNY,CA,AWP,WE,Towers with Display (VFR),0,16,159,1,176,0,15,882,1,898,0,31,1041,2,1074,340,2,342,1416
03/08/2001,VNY,CA,AWP,WE,Towers with Display (VFR),0,17,184,1,202,0,0,815,1,816,0,17,999,2,1018,532,0,532,1550
03/09/2001,VNY,CA,AWP,WE,Towers with Display (VFR),0,20,191,1,212,0,8,560,1,569,0,28,751,2,781,382,0,382,1163
03/10/2001,VNY,CA,AWP,WE,Towers with Display (VFR),0,11,112,0,123,0,5,772,0,777,0,16,884,0,900,550,0,550,1450
03/11/2001,VNY,CA,AWP,WE,Towers with Display (VFR),0,17,169,1,187,0,6,672,0,678,0,23,841,1,865,658,0,658,1523
03/12/2001,VNY,CA,AWP,WE,Towers with Display (VFR),0,11,112,0,123,0,14,688,0,702,0,25,800,0,825,428,0,428,1253
03/13/2001,VNY,CA,AWP,WE,Towers with Display (VFR),0,14,142,0,156,0,5,658,0,663,0,19,800,0,819,202,0,202,1021
03/14/2001,VNY,CA,AWP,WE,Towers with Display (VFR),0,20,193,0,213,0,4,857,0,861,0,24,1050,0,1074,460,0,460,1534
03/15/2001,VNY,CA,AWP,WE,Towers with Display (VFR),0,21,202,0,223,0,7,600,0,607,0,28,802,0,830,384,0,384,1214
03/16/2001,VNY,CA,AWP,WE,Towers with Display (VFR),0,15,156,0,171,0,0,751,0,751,0,15,907,0,922,500,0,500,1422
03/17/2001,VNY,CA,AWP,WE,Towers with Display (VFR),0,13,131,0,144,0,2,901,0,903,0,15,1032,0,1047,846,0,846,1893
03/18/2001,VNY,CA,AWP,WE,Towers with Display (VFR),0,18,174,0,192,0,11,853,0,864,0,29,1027,0,1056,524,0,524,1580
03/19/2001,VNY,CA,AWP,WE,Towers with Display (VFR),0,14,144,0,158,0,4,629,0,633,0,18,773,0,791,230,0,230,1021
03/20/2001,VNY,CA,AWP,WE,Towers with Display (VFR),0,14,140,0,154,0,30,948,1,979,0,44,1088,1,1133,552,0,552,1685
03/21/2001,VNY,CA,AWP,WE,Towers with Display (VFR),0,18,173,0,191,0,2,558,0,560,0,20,731,0,751,290,0,290,1041
03/22/2001,VNY,CA,AWP,WE,Towers with Display (VFR),0,20,193,0,213,0,12,577,0,589,0,32,770,0,802,304,0,304,1106
03/23/2001,VNY,CA,AWP,WE,Towers with Display (VFR),0,18,178,0,196,0,5,706,2,713,0,23,884,2,909,300,0,300,1209
03/24/2001,VNY,CA,AWP,WE,Towers with Display (VFR),0,18,173,0,191,0,3,719,0,722,0,21,892,0,913,592,0,592,1505
03/25/2001,VNY,CA,AWP,WE,Towers with Display (VFR),0,19,187,0,206,0,7,655,0,662,0,26,842,0,868,432,0,432,1300
03/26/2001,VNY,CA,AWP,WE,Towers with Display (VFR),0,16,154,0,170,0,9,573,2,584,0,25,727,2,754,302,0,302,1056
03/27/2001,VNY,CA,AWP,WE,Towers with Display (VFR),0,14,139,0,153,0,21,762,0,783,0,35,901,0,936,398,0,398,1334
03/28/2001,VNY,CA,AWP,WE,Towers with Display (VFR),0,13,133,0,146,0,23,637,0,660,0,36,770,0,806,302,0,302,1108
03/29/2001,VNY,CA,AWP,WE,Towers with Display (VFR),0,14,135,0,149,0,12,853,1,866,0,26,988,1,1015,412,0,412,1427
03/30/2001,VNY,CA,AWP,WE,Towers with Display (VFR),0,18,175,0,193,0,12,765,2,779,0,30,940,2,972,420,2,422,1394
03/31/2001,VNY,CA,AWP,WE,Towers with Display (VFR),0,12,175,0,187,0,0,594,3,597,0,12,769,3,784,368,0,368,1152
04/01/2001,VNY,CA,AWP,WE,Towers with Display (VFR),0,21,256,2,279,0,3,254,0,257,0,24,510,2,536,78,0,78,614
04/02/2001,VNY,CA,AWP,WE,Towers with Display (VFR),0,19,151,2,172,0,5,547,0,552,0,24,698,2,724,322,0,322,1046
04/03/2001,VNY,CA,AWP,WE,Towers with Display (VFR),0,11,100,0,111,0,6,664,0,670,0,17,764,0,781,242,0,242,1023
04/04/2001,VNY,CA,AWP,WE,Towers with Display (VFR),0,22,135,0,157,0,11,785,0,796,0,33,920,0,953,488,2,490,1443
04/05/2001,VNY,CA,AWP,WE,Towers with Display (VFR),0,11,119,0,130,0,17,662,2,681,0,28,781,2,811,444,0,444,1255
04/06/2001,VNY,CA,AWP,WE,Towers with Display (VFR),0,7,137,12,156,0,16,803,0,819,0,23,940,12,975,494,4,498,1473
04/07/2001,VNY,CA,AWP,WE,Towers with Display (VFR),0,10,84,0,94,0,0,364,0,364,0,10,448,0,458,146,0,146,604
04/08/2001,VNY,CA,AWP,WE,Towers with Display (VFR),0,8,133,1,142,0,10,760,0,770,0,18,893,1,912,552,0,552,1464
04/09/2001,VNY,CA,AWP,WE,Towers with Display (VFR),0,6,113,0,119,0,9,477,0,486,0,15,590,0,605,228,0,228,833
04/10/2001,VNY,CA,AWP,WE,Towers with Display (VFR),0,11,122,0,133,0,22,853,0,875,0,33,975,0,1008,498,0,498,1506
04/11/2001,VNY,CA,AWP,WE,Towers with Display (VFR),0,6,184,2,192,0,21,766,4,791,0,27,950,6,983,427,0,427,1410
04/12/2001,VNY,CA,AWP,WE,Towers with Display (VFR),0,13,155,0,168,0,13,839,0,852,0,26,994,0,1020,439,0,439,1459
04/13/2001,VNY,CA,AWP,WE,Towers with Display (VFR),0,12,135,1,148,0,13,785,1,799,0,25,920,2,947,528,0,528,1475
04/14/2001,VNY,CA,AWP,WE,Towers with Display (VFR),0,6,108,2,116,0,2,808,0,810,0,8,916,2,926,586,0,586,1512
04/15/2001,VNY,CA,AWP,WE,Towers with Display (VFR),0,15,108,2,125,0,3,661,0,664,0,18,769,2,789,258,2,260,1049
04/16/2001,VNY,CA,AWP,WE,Towers with Display (VFR),0,14,103,0,117,0,5,689,0,694,0,19,792,0,811,348,0,348,1159
04/17/2001,VNY,CA,AWP,WE,Towers with Display (VFR),0,18,138,0,156,0,11,745,2,758,0,29,883,2,914,426,0,426,1340
04/18/2001,VNY,CA,AWP,WE,Towers with Display (VFR),0,12,142,0,154,0,11,879,0,890,0,23,1021,0,1044,530,0,530,1574
04/19/2001,VNY,CA,AWP,WE,Towers with Display (VFR),0,15,173,0,188,0,5,587,0,592,0,20,760,0,780,336,0,336,1116
04/20/2001,VNY,CA,AWP,WE,Towers with Display (VFR),0,7,125,3,135,0,2,669,0,671,0,9,794,3,806,348,0,348,1154
04/21/2001,VNY,CA,AWP,WE,Towers with Display (VFR),0,8,109,0,117,0,11,542,0,553,0,19,651,0,670,328,0,328,998
04/22/2001,VNY,CA,AWP,WE,Towers with Display (VFR),0,8,152,2,162,0,7,604,5,616,0,15,756,7,778,488,0,488,1266
04/23/2001,VNY,CA,AWP,WE,Towers with Display (VFR),0,6,94,0,100,0,17,924,0,941,0,23,1018,0,1041,528,0,528,1569
04/24/2001,VNY,CA,AWP,WE,Towers with Display (VFR),0,15,90,0,105,0,8,749,0,757,0,23,839,0,862,412,0,412,1274
04/25/2001,VNY,CA,AWP,WE,Towers with Display (VFR),0,17,164,0,181,0,5,767,0,772,0,22,931,0,953,358,0,358,1311
04/26/2001,VNY,CA,AWP,WE,Towers with Display (VFR),0,24,172,0,196,0,9,684,3,696,0,33,856,3,892,360,0,360,1252
04/27/2001,VNY,CA,AWP,WE,Towers with Display (VFR),0,16,173,0,189,0,0,532,0,532,0,16,705,0,721,298,0,298,1019
04/28/2001,VNY,CA,AWP,WE,Towers with Display (VFR),0,14,161,1,176,0,1,575,4,580,0,15,736,5,756,412,0,412,1168
04/29/2001,VNY,CA,AWP,WE,Towers with Display (VFR),0,15,158,0,173,0,8,631,1,640,0,23,789,1,813,430,0,430,1243
04/30/2001,VNY,CA,AWP,WE,Towers with Display (VFR),0,4,109,0,113,0,4,606,0,610,0,8,715,0,723,296,0,296,1019
05/01/2001,VNY,CA,AWP,WE,Towers with Display (VFR),0,15,181,0,196,0,27,719,0,746,0,42,900,0,942,306,0,306,1248
05/02/2001,VNY,CA,AWP,WE,Towers with Display (VFR),0,12,160,0,172,0,11,710,0,721,0,23,870,0,893,360,0,360,1253
05/03/2001,VNY,CA,AWP,WE,Towers with Display (VFR),0,16,102,0,118,0,2,601,0,603,0,18,703,0,721,198,0,198,919
05/04/2001,VNY,CA,AWP,WE,Towers with Display (VFR),0,18,135,0,153,0,9,874,0,883,0,27,1009,0,1036,370,0,370,1406
05/05/2001,VNY,CA,AWP,WE,Towers with Display (VFR),0,2,107,0,109,0,9,760,0,769,0,11,867,0,878,470,0,470,1348
05/06/2001,VNY,CA,AWP,WE,Towers with Display (VFR),0,1,177,0,178,0,2,712,0,714,0,3,889,0,892,555,0,555,1447
05/07/2001,VNY,CA,AWP,WE,Towers with Display (VFR),0,11,145,0,156,0,6,673,0,679,0,17,818,0,835,314,0,314,1149
05/08/2001,VNY,CA,AWP,WE,Towers with Display (VFR),0,11,136,0,147,0,14,794,0,808,0,25,930,0,955,403,0,403,1358
05/09/2001,VNY,CA,AWP,WE,Towers with Display (VFR),0,21,181,0,202,0,7,1027,0,1034,0,28,1208,0,1236,464,0,464,1700
05/10/2001,VNY,CA,AWP,WE,Towers with Display (VFR),0,23,163,0,186,0,22,747,0,769,0,45,910,0,955,476,0,476,1431
05/11/2001,VNY,CA,AWP,WE,Towers with Display (VFR),0,24,205,0,229,0,0,709,0,709,0,24,914,0,938,322,0,322,1260
05/12/2001,VNY,CA,AWP,WE,Towers with Display (VFR),0,16,191,0,207,0,3,323,1,327,0,19,514,1,534,328,0,328,862
05/13/2001,VNY,CA,AWP,WE,Towers with Display (VFR),0,11,181,2,194,0,6,373,0,379,0,17,554,2,573,324,0,324,897
05/14/2001,VNY,CA,AWP,WE,Towers with Display (VFR),0,15,183,2,200,0,7,528,0,535,0,22,711,2,735,334,0,334,1069
05/15/2001,VNY,CA,AWP,WE,Towers with Display (VFR),0,14,180,0,194,0,20,821,0,841,0,34,1001,0,1035,383,0,383,1418
05/16/2001,VNY,CA,AWP,WE,Towers with Display (VFR),0,19,211,0,230,0,7,913,2,922,0,26,1124,2,1152,410,0,410,1562
05/17/2001,VNY,CA,AWP,WE,Towers with Display (VFR),0,11,221,0,232,0,12,755,2,769,0,23,976,2,1001,452,0,452,1453
05/18/2001,VNY,CA,AWP,WE,Towers with Display (VFR),0,18,216,2,236,0,0,740,0,740,0,18,956,2,976,406,0,406,1382
05/19/2001,VNY,CA,AWP,WE,Towers with Display (VFR),0,10,175,0,185,0,5,587,2,594,0,15,762,2,779,405,0,405,1184
05/20/2001,VNY,CA,AWP,WE,Towers with Display (VFR),0,11,212,0,223,0,6,551,1,558,0,17,763,1,781,408,0,408,1189
05/21/2001,VNY,CA,AWP,WE,Towers with Display (VFR),0,21,188,0,209,0,6,355,0,361,0,27,543,0,570,400,0,400,970
05/22/2001,VNY,CA,AWP,WE,Towers with Display (VFR),0,12,151,0,163,0,12,736,0,748,0,24,887,0,911,378,0,378,1289
05/23/2001,VNY,CA,AWP,WE,Towers with Display (VFR),0,11,158,0,169,0,7,943,0,950,0,18,1101,0,1119,480,4,484,1603
05/24/2001,VNY,CA,AWP,WE,Towers with Display (VFR),0,23,186,0,209,0,5,637,0,642,0,28,823,0,851,330,0,330,1181
05/25/2001,VNY,CA,AWP,WE,Towers with Display (VFR),0,14,213,1,228,0,10,806,0,816,0,24,1019,1,1044,696,0,696,1740
05/26/2001,VNY,CA,AWP,WE,Towers with Display (VFR),0,4,133,1,138,0,0,542,3,545,0,4,675,4,683,454,0,454,1137
05/27/2001,VNY,CA,AWP,WE,Towers with Display (VFR),0,6,156,0,162,0,1,346,0,347,0,7,502,0,509,218,0,218,727
05/28/2001,VNY,CA,AWP,WE,Towers with Display (VFR),0,7,154,6,167,0,7,630,1,638,0,14,784,7,805,378,0,378,1183
05/29/2001,VNY,CA,AWP,WE,Towers with Display (VFR),0,8,123,0,131,0,7,749,3,759,0,15,872,3,890,470,0,470,1360
05/30/2001,VNY,CA,AWP,WE,Towers with Display (VFR),0,20,106,3,129,0,2,976,0,978,0,22,1082,3,1107,620,0,620,1727
05/31/2001,VNY,CA,AWP,WE,Towers with Display (VFR),0,12,175,2,189,0,8,889,1,898,0,20,1064,3,1087,462,0,462,1549
06/01/2001,VNY,CA,AWP,WE,Towers with Display (VFR),0,16,172,0,188,0,1,738,0,739,0,17,910,0,927,461,0,461,1388
06/02/2001,VNY,CA,AWP,WE,Towers with Display (VFR),0,15,185,0,200,0,0,478,0,478,0,15,663,0,678,560,0,560,1238
06/03/2001,VNY,CA,AWP,WE,Towers with Display (VFR),0,15,159,0,174,0,6,509,1,516,0,21,668,1,690,437,0,437,1127
06/04/2001,VNY,CA,AWP,WE,Towers with Display (VFR),0,11,114,0,125,0,14,616,0,630,0,25,730,0,755,308,0,308,1063
06/05/2001,VNY,CA,AWP,WE,Towers with Display (VFR),0,8,161,0,169,0,9,771,0,780,0,17,932,0,949,300,0,300,1249
06/06/2001,VNY,CA,AWP,WE,Towers with Display (VFR),0,15,149,1,165,0,13,908,0,921,0,28,1057,1,1086,544,0,544,1630
06/07/2001,VNY,CA,AWP,WE,Towers with Display (VFR),0,15,124,0,139,0,4,720,0,724,0,19,844,0,863,452,0,452,1315
06/08/2001,VNY,CA,AWP,WE,Towers with Display (VFR),0,19,172,0,191,0,6,754,0,760,0,25,926,0,951,486,0,486,1437
06/09/2001,VNY,CA,AWP,WE,Towers with Display (VFR),0,6,144,0,150,0,9,698,0,707,0,15,842,0,857,602,0,602,1459
06/10/2001,VNY,CA,AWP,WE,Towers with Display (VFR),0,13,129,0,142,0,9,649,0,658,0,22,778,0,800,398,0,398,1198
06/11/2001,VNY,CA,AWP,WE,Towers with Display (VFR),0,7,132,0,139,0,17,625,0,642,0,24,757,0,781,308,0,308,1089
06/12/2001,VNY,CA,AWP,WE,Towers with Display (VFR),0,17,140,0,157,0,6,716,0,722,0,23,856,0,879,532,0,532,1411
06/13/2001,VNY,CA,AWP,WE,Towers with Display (VFR),0,19,136,0,155,0,4,910,0,914,0,23,1046,0,1069,608,0,608,1677
06/14/2001,VNY,CA,AWP,WE,Towers with Display (VFR),0,14,126,0,140,0,8,787,2,797,0,22,913,2,937,466,0,466,1403
06/15/2001,VNY,CA,AWP,WE,Towers with Display (VFR),0,19,155,3,177,0,16,948,1,965,0,35,1103,4,1142,392,0,392,1534
06/16/2001,VNY,CA,AWP,WE,Towers with Display (VFR),0,16,123,0,139,0,1,797,0,798,0,17,920,0,937,459,0,459,1396
06/17/2001,VNY,CA,AWP,WE,Towers with Display (VFR),0,12,158,0,170,0,11,679,0,690,0,23,837,0,860,371,0,371,1231
06/18/2001,VNY,CA,AWP,WE,Towers with Display (VFR),0,12,138,0,150,0,9,835,0,844,0,21,973,0,994,452,0,452,1446
06/19/2001,VNY,CA,AWP,WE,Towers with Display (VFR),0,18,130,0,148,0,5,703,0,708,0,23,833,0,856,336,0,336,1192
06/20/2001,VNY,CA,AWP,WE,Towers with Display (VFR),0,11,150,0,161,0,7,1155,1,1163,0,18,1305,1,1324,628,0,628,1952
06/21/2001,VNY,CA,AWP,WE,Towers with Display (VFR),0,14,146,16,176,0,7,878,29,914,0,21,1024,45,1090,548,20,568,1658
06/22/2001,VNY,CA,AWP,WE,Towers with Display (VFR),0,18,174,15,207,0,13,998,68,1079,0,31,1172,83,1286,415,26,441,1727
06/23/2001,VNY,CA,AWP,WE,Towers with Display (VFR),0,6,107,1,114,0,4,1049,17,1070,0,10,1156,18,1184,364,0,364,1548
06/24/2001,VNY,CA,AWP,WE,Towers with Display (VFR),0,4,116,4,124,0,11,1365,60,1436,0,15,1481,64,1560,546,24,570,2130
06/25/2001,VNY,CA,AWP,WE,Towers with Display (VFR),0,10,117,20,147,0,7,908,49,964,0,17,1025,69,1111,480,40,520,1631
06/26/2001,VNY,CA,AWP,WE,Towers with Display (VFR),0,16,115,4,135,0,15,916,0,931,0,31,1031,4,1066,390,4,394,1460
06/27/2001,VNY,CA,AWP,WE,Towers with Display (VFR),0,25,127,9,161,0,3,1000,0,1003,0,28,1127,9,1164,618,6,624,1788
06/28/2001,VNY,CA,AWP,WE,Towers with Display (VFR),0,23,114,0,137,0,10,814,1,825,0,33,928,1,962,568,0,568,1530
06/29/2001,VNY,CA,AWP,WE,Towers with Display (VFR),0,13,135,2,150,0,5,764,0,769,0,18,899,2,919,486,0,486,1405
06/30/2001,VNY,CA,AWP,WE,Towers with Display (VFR),0,10,127,0,137,0,8,790,0,798,0,18,917,0,935,476,0,476,1411
07/01/2001,VNY,CA,AWP,WE,Towers with Display (VFR),0,9,136,0,145,0,2,647,0,649,0,11,783,0,794,334,0,334,1128
07/02/2001,VNY,CA,AWP,WE,Towers with Display (VFR),0,6,103,0,109,0,6,740,0,746,0,12,843,0,855,306,0,306,1161
07/03/2001,VNY,CA,AWP,WE,Towers with Display (VFR),0,19,135,0,154,0,28,902,0,930,0,47,1037,0,1084,370,0,370,1454
07/04/2001,VNY,CA,AWP,WE,Towers with Display (VFR),0,7,74,0,81,0,3,671,1,675,0,10,745,1,756,178,0,178,934
07/05/2001,VNY,CA,AWP,WE,Towers with Display (VFR),0,13,117,1,131,0,12,765,0,777,0,25,882,1,908,410,0,410,1318
07/06/2001,VNY,CA,AWP,WE,Towers with Display (VFR),0,13,131,0,144,0,6,648,0,654,0,19,779,0,798,385,1,386,1184
07/07/2001,VNY,CA,AWP,WE,Towers with Display (VFR),0,5,104,0,109,0,17,860,0,877,0,22,964,0,986,628,0,628,1614
07/08/2001,VNY,CA,AWP,WE,Towers with Display (VFR),0,11,144,0,155,0,5,692,0,697,0,16,836,0,852,304,0,304,1156
07/09/2001,VNY,CA,AWP,WE,Towers with Display (VFR),0,10,124,0,134,0,6,608,2,616,0,16,732,2,750,254,0,254,1004
07/10/2001,VNY,CA,AWP,WE,Towers with Display (VFR),0,12,154,0,166,0,21,714,0,735,0,33,868,0,901,370,0,370,1271
07/11/2001,VNY,CA,AWP,WE,Towers with Display (VFR),0,14,151,0,165,0,1,599,0,600,0,15,750,0,765,364,0,364,1129
07/12/2001,VNY,CA,AWP,WE,Towers with Display (VFR),0,19,134,0,153,0,11,798,2,811,0,30,932,2,964,492,0,492,1456
07/13/2001,VNY,CA,AWP,WE,Towers with Display (VFR),0,16,128,2,146,0,0,749,0,749,0,16,877,2,895,348,0,348,1243
07/14/2001,VNY,CA,AWP,WE,Towers with Display (VFR),0,13,137,0,150,0,8,830,0,838,0,21,967,0,988,608,0,608,1596
07/15/2001,VNY,CA,AWP,WE,Towers with Display (VFR),0,8,136,0,144,0,1,599,0,600,0,9,735,0,744,508,2,510,1254
07/16/2001,VNY,CA,AWP,WE,Towers with Display (VFR),0,14,119,0,133,0,7,692,0,699,0,21,811,0,832,340,0,340,1172
07/17/2001,VNY,CA,AWP,WE,Towers with Display (VFR),0,6,109,0,115,0,2,753,0,755,0,8,862,0,870,458,0,458,1328
07/18/2001,VNY,CA,AWP,WE,Towers with Display (VFR),0,10,116,0,126,0,4,761,0,765,0,14,877,0,891,422,0,422,1313
07/19/2001,VNY,CA,AWP,WE,Towers with Display (VFR),0,28,142,0,170,0,13,791,0,804,0,41,933,0,974,440,0,440,1414
07/20/2001,VNY,CA,AWP,WE,Towers with Display (VFR),0,21,169,0,190,0,7,923,0,930,0,28,1092,0,1120,446,0,446,1566
07/21/2001,VNY,CA,AWP,WE,Towers with Display (VFR),0,4,134,0,138,0,8,689,0,697,0,12,823,0,835,454,0,454,1289
07/22/2001,VNY,CA,AWP,WE,Towers with Display (VFR),0,6,134,0,140,0,1,560,0,561,0,7,694,0,701,272,0,272,973
07/23/2001,VNY,CA,AWP,WE,Towers with Display (VFR),0,17,125,0,142,0,0,539,0,539,0,17,664,0,681,244,0,244,925
07/24/2001,VNY,CA,AWP,WE,Towers with Display (VFR),0,17,162,0,179,0,16,725,2,743,0,33,887,2,922,388,0,388,1310
07/25/2001,VNY,CA,AWP,WE,Towers with Display (VFR),0,21,161,0,182,0,6,767,1,774,0,27,928,1,956,450,0,450,1406
07/26/2001,VNY,CA,AWP,WE,Towers with Display (VFR),0,21,140,1,162,0,5,920,4,929,0,26,1060,5,1091,646,0,646,1737
07/27/2001,VNY,CA,AWP,WE,Towers with Display (VFR),0,23,174,1,198,0,11,712,0,723,0,34,886,1,921,292,0,292,1213
07/28/2001,VNY,CA,AWP,WE,Towers with Display (VFR),0,16,100,1,117,0,1,666,0,667,0,17,766,1,784,474,0,474,1258
07/29/2001,VNY,CA,AWP,WE,Towers with Display (VFR),0,14,190,0,204,0,6,515,3,524,0,20,705,3,728,384,8,392,1120
07/30/2001,VNY,CA,AWP,WE,Towers with Display (VFR),0,13,170,0,183,0,10,555,2,567,0,23,725,2,750,334,0,334,1084
07/31/2001,VNY,CA,AWP,WE,Towers with Display (VFR),0,8,104,4,116,0,8,590,0,598,0,16,694,4,714,388,0,388,1102
08/01/2001,VNY,CA,AWP,WE,Towers with Display (VFR),0,14,144,0,158,0,4,640,0,644,0,18,784,0,802,368,0,368,1170
08/02/2001,VNY,CA,AWP,WE,Towers with Display (VFR),0,24,151,1,176,0,5,837,0,842,0,29,988,1,1018,530,0,530,1548
08/03/2001,VNY,CA,AWP,WE,Towers with Display (VFR),0,25,183,1,209,0,0,929,0,929,0,25,1112,1,1138,672,0,672,1810
08/04/2001,VNY,CA,AWP,WE,Towers with Display (VFR),0,16,137,0,153,0,0,690,0,690,0,16,827,0,843,332,0,332,1175
08/05/2001,VNY,CA,AWP,WE,Towers with Display (VFR),0,13,160,0,173,0,4,717,2,723,0,17,877,2,896,532,0,532,1428
08/06/2001,VNY,CA,AWP,WE,Towers with Display (VFR),0,11,146,0,157,0,1,628,0,629,0,12,774,0,786,290,0,290,1076
08/07/2001,VNY,CA,AWP,WE,Towers with Display (VFR),0,17,146,0,163,0,8,755,0,763,0,25,901,0,926,360,0,360,1286
08/08/2001,VNY,CA,AWP,WE,Towers with Display (VFR),0,23,149,0,172,0,0,786,0,786,0,23,935,0,958,522,0,522,1480
08/09/2001,VNY,CA,AWP,WE,Towers with Display (VFR),0,13,208,0,221,0,13,620,0,633,0,26,828,0,854,370,0,370,1224
08/10/2001,VNY,CA,AWP,WE,Towers with Display (VFR),0,12,134,0,146,0,7,717,0,724,0,19,851,0,870,380,0,380,1250
08/11/2001,VNY,CA,AWP,WE,Towers with Display (VFR),0,6,144,0,150,0,0,624,0,624,0,6,768,0,774,404,0,404,1178
08/12/2001,VNY,CA,AWP,WE,Towers with Display (VFR),0,17,145,0,162,0,6,670,0,676,0,23,815,0,838,423,0,423,1261
08/13/2001,VNY,CA,AWP,WE,Towers with Display (VFR),0,9,150,0,159,0,7,681,4,692,0,16,831,4,851,422,0,422,1273
08/14/2001,VNY,CA,AWP,WE,Towers with Display (VFR),0,14,143,0,157,0,8,828,0,836,0,22,971,0,993,444,0,444,1437
08/15/2001,VNY,CA,AWP,WE,Towers with Display (VFR),0,19,132,1,152,0,13,923,3,939,0,32,1055,4,1091,480,0,480,1571
08/16/2001,VNY,CA,AWP,WE,Towers with Display (VFR),0,9,138,0,147,0,16,870,0,886,0,25,1008,0,1033,596,0,596,1629
08/17/2001,VNY,CA,AWP,WE,Towers with Display (VFR),0,18,150,4,172,0,7,823,2,832,0,25,973,6,1004,426,0,426,1430
08/18/2001,VNY,CA,AWP,WE,Towers with Display (VFR),0,17,118,0,135,0,11,760,0,771,0,28,878,0,906,520,2,522,1428
08/19/2001,VNY,CA,AWP,WE,Towers with Display (VFR),0,10,159,0,169,0,3,731,1,735,0,13,890,1,904,354,0,354,1258
08/20/2001,VNY,CA,AWP,WE,Towers with Display (VFR),0,19,137,1,157,0,0,732,0,732,0,19,869,1,889,468,0,468,1357
08/21/2001,VNY,CA,AWP,WE,Towers with Display (VFR),0,18,155,1,174,0,4,951,0,955,0,22,1106,1,1129,476,1,477,1606
08/22/2001,VNY,CA,AWP,WE,Towers with Display (VFR),0,15,142,0,157,0,13,780,0,793,0,28,922,0,950,416,0,416,1366
08/23/2001,VNY,CA,AWP,WE,Towers with Display (VFR),0,8,152,0,160,0,12,865,0,877,0,20,1017,0,1037,505,0,505,1542
08/24/2001,VNY,CA,AWP,WE,Towers with Display (VFR),0,10,154,0,164,0,5,818,0,823,0,15,972,0,987,522,0,522,1509
08/25/2001,VNY,CA,AWP,WE,Towers with Display (VFR),0,10,116,0,126,0,7,827,0,834,0,17,943,0,960,628,0,628,1588
08/26/2001,VNY,CA,AWP,WE,Towers with Display (VFR),0,19,169,0,188,0,13,727,0,740,0,32,896,0,928,573,0,573,1501
08/27/2001,VNY,CA,AWP,WE,Towers with Display (VFR),0,15,105,0,120,0,5,630,0,635,0,20,735,0,755,256,0,256,1011
08/28/2001,VNY,CA,AWP,WE,Towers with Display (VFR),0,14,113,1,128,0,2,651,0,653,0,16,764,1,781,444,0,444,1225
08/29/2001,VNY,CA,AWP,WE,Towers with Display (VFR),0,20,162,1,183,0,3,685,1,689,0,23,847,2,872,272,0,272,1144
08/30/2001,VNY,CA,AWP,WE,Towers with Display (VFR),0,21,185,0,206,0,4,801,0,805,0,25,986,0,1011,450,0,450,1461
08/31/2001,VNY,CA,AWP,WE,Towers with Display (VFR),0,12,178,1,191,0,9,966,0,975,0,21,1144,1,1166,716,0,716,1882
09/01/2001,VNY,CA,AWP,WE,Towers with Display (VFR),0,9,129,0,138,0,1,710,0,711,0,10,839,0,849,564,0,564,1413
09/02/2001,VNY,CA,AWP,WE,Towers with Display (VFR),0,19,112,0,131,0,0,648,0,648,0,19,760,0,779,432,0,432,1211
09/03/2001,VNY,CA,AWP,WE,Towers with Display (VFR),0,18,191,1,210,0,3,582,0,585,0,21,773,1,795,430,0,430,1225
09/04/2001,VNY,CA,AWP,WE,Towers with Display (VFR),0,8,174,4,186,0,13,799,0,812,0,21,973,4,998,412,0,412,1410
09/05/2001,VNY,CA,AWP,WE,Towers with Display (VFR),0,9,131,2,142,0,1,893,1,895,0,10,1024,3,1037,376,0,376,1413
09/06/2001,VNY,CA,AWP,WE,Towers with Display (VFR),0,25,177,0,202,0,2,589,0,591,0,27,766,0,793,406,0,406,1199
09/07/2001,VNY,CA,AWP,WE,Towers with Display (VFR),0,9,184,4,197,0,15,624,4,643,0,24,808,8,840,473,0,473,1313
09/08/2001,VNY,CA,AWP,WE,Towers with Display (VFR),0,5,173,0,178,0,10,705,0,715,0,15,878,0,893,596,0,596,1489
09/09/2001,VNY,CA,AWP,WE,Towers with Display (VFR),0,11,166,0,177,0,5,468,1,474,0,16,634,1,651,470,0,470,1121
09/10/2001,VNY,CA,AWP,WE,Towers with Display (VFR),0,14,170,0,184,0,8,554,0,562,0,22,724,0,746,252,0,252,998
09/11/2001,VNY,CA,AWP,WE,Towers with Display (VFR),0,1,13,2,16,0,1,62,0,63,0,2,75,2,79,0,0,0,79
09/12/2001,VNY,CA,AWP,WE,Towers with Display (VFR),0,5,2,0,7,0,1,44,0,45,0,6,46,0,52,0,0,0,52
09/13/2001,VNY,CA,AWP,WE,Towers with Display (VFR),0,97,1,0,98,0,1,122,0,123,0,98,123,0,221,0,0,0,221
09/14/2001,VNY,CA,AWP,WE,Towers with Display (VFR),0,164,52,0,216,0,10,149,0,159,0,174,201,0,375,14,0,14,389
09/15/2001,VNY,CA,AWP,WE,Towers with Display (VFR),0,50,167,0,217,0,12,159,0,171,0,62,326,0,388,4,0,4,392
09/16/2001,VNY,CA,AWP,WE,Towers with Display (VFR),0,55,124,0,179,0,4,93,0,97,0,59,217,0,276,4,0,4,280
09/17/2001,VNY,CA,AWP,WE,Towers with Display (VFR),0,46,114,2,162,0,0,101,0,101,0,46,215,2,263,0,0,0,263
09/18/2001,VNY,CA,AWP,WE,Towers with Display (VFR),0,32,175,0,207,0,0,89,0,89,0,32,264,0,296,0,0,0,296
09/19/2001,VNY,CA,AWP,WE,Towers with Display (VFR),0,41,170,0,211,0,0,137,0,137,0,41,307,0,348,0,0,0,348
09/20/2001,VNY,CA,AWP,WE,Towers with Display (VFR),0,42,161,0,203,0,4,288,1,293,0,46,449,1,496,78,0,78,574
09/21/2001,VNY,CA,AWP,WE,Towers with Display (VFR),0,55,65,1,121,0,0,511,0,511,0,55,576,1,632,80,0,80,712
09/22/2001,VNY,CA,AWP,WE,Towers with Display (VFR),0,26,158,0,184,0,0,527,0,527,0,26,685,0,711,344,0,344,1055
09/23/2001,VNY,CA,AWP,WE,Towers with Display (VFR),0,50,158,0,208,0,1,593,0,594,0,51,751,0,802,332,0,332,1134
09/24/2001,VNY,CA,AWP,WE,Towers with Display (VFR),0,45,164,2,211,0,3,592,0,595,0,48,756,2,806,250,0,250,1056
09/25/2001,VNY,CA,AWP,WE,Towers with Display (VFR),0,45,181,0,226,0,0,567,0,567,0,45,748,0,793,282,0,282,1075
09/26/2001,VNY,CA,AWP,WE,Towers with Display (VFR),0,30,176,0,206,0,4,607,0,611,0,34,783,0,817,374,0,374,1191
09/27/2001,VNY,CA,AWP,WE,Towers with Display (VFR),0,32,171,0,203,0,1,732,0,733,0,33,903,0,936,482,0,482,1418
09/28/2001,VNY,CA,AWP,WE,Towers with Display (VFR),0,37,159,0,196,0,12,746,0,758,0,49,905,0,954,606,0,606,1560
09/29/2001,VNY,CA,AWP,WE,Towers with Display (VFR),0,27,120,0,147,0,0,782,0,782,0,27,902,0,929,568,0,568,1497
09/30/2001,VNY,CA,AWP,WE,Towers with Display (VFR),0,45,164,0,209,0,6,618,0,624,0,51,782,0,833,428,0,428,1261
10/01/2001,VNY,CA,AWP,WE,Towers with Display (VFR),0,34,136,0,170,0,1,848,0,849,0,35,984,0,1019,296,0,296,1315
10/02/2001,VNY,CA,AWP,WE,Towers with Display (VFR),0,37,136,0,173,0,7,794,0,801,0,44,930,0,974,456,0,456,1430
10/03/2001,VNY,CA,AWP,WE,Towers with Display (VFR),0,33,173,0,206,0,9,942,0,951,0,42,1115,0,1157,424,0,424,1581
10/04/2001,VNY,CA,AWP,WE,Towers with Display (VFR),0,40,198,0,238,0,2,669,0,671,0,42,867,0,909,452,0,452,1361
10/05/2001,VNY,CA,AWP,WE,Towers with Display (VFR),0,20,157,0,177,0,22,897,0,919,0,42,1054,0,1096,428,0,428,1524
10/06/2001,VNY,CA,AWP,WE,Towers with Display (VFR),0,22,161,3,186,0,10,709,1,720,0,32,870,4,906,670,4,674,1580
10/07/2001,VNY,CA,AWP,WE,Towers with Display (VFR),0,45,153,0,198,0,11,656,5,672,0,56,809,5,870,626,0,626,1496
10/08/2001,VNY,CA,AWP,WE,Towers with Display (VFR),0,23,120,0,143,0,7,710,0,717,0,30,830,0,860,350,0,350,1210
10/09/2001,VNY,CA,AWP,WE,Towers with Display (VFR),0,47,163,0,210,0,8,705,0,713,0,55,868,0,923,452,0,452,1375
10/10/2001,VNY,CA,AWP,WE,Towers with Display (VFR),0,35,116,0,151,0,11,936,0,947,0,46,1052,0,1098,474,0,474,1572
10/11/2001,VNY,CA,AWP,WE,Towers with Display (VFR),0,30,178,3,211,0,21,857,0,878,0,51,1035,3,1089,496,0,496,1585
10/12/2001,VNY,CA,AWP,WE,Towers with Display (VFR),0,59,146,0,205,0,8,888,0,896,0,67,1034,0,1101,490,0,490,1591
10/13/2001,VNY,CA,AWP,WE,Towers with Display (VFR),0,26,141,0,167,0,9,815,0,824,0,35,956,0,991,584,0,584,1575
10/14/2001,VNY,CA,AWP,WE,Towers with Display (VFR),0,39,175,0,214,0,10,699,0,709,0,49,874,0,923,520,0,520,1443
10/15/2001,VNY,CA,AWP,WE,Towers with Display (VFR),0,33,165,0,198,0,10,709,0,719,0,43,874,0,917,290,0,290,1207
10/16/2001,VNY,CA,AWP,WE,Towers with Display (VFR),0,37,152,0,189,0,6,696,0,702,0,43,848,0,891,460,0,460,1351
10/17/2001,VNY,CA,AWP,WE,Towers with Display (VFR),0,39,173,0,212,0,15,940,2,957,0,54,1113,2,1169,622,0,622,1791
10/18/2001,VNY,CA,AWP,WE,Towers with Display (VFR),0,60,142,0,202,0,6,847,0,853,0,66,989,0,1055,524,0,524,1579
10/19/2001,VNY,CA,AWP,WE,Towers with Display (VFR),0,49,153,1,203,0,5,908,0,913,0,54,1061,1,1116,542,0,542,1658
10/20/2001,VNY,CA,AWP,WE,Towers with Display (VFR),0,29,144,0,173,0,0,472,0,472,0,29,616,0,645,204,0,204,849
10/21/2001,VNY,CA,AWP,WE,Towers with Display (VFR),0,28,190,0,218,0,7,314,0,321,0,35,504,0,539,230,0,230,769
10/22/2001,VNY,CA,AWP,WE,Towers with Display (VFR),0,39,142,0,181,0,2,455,0,457,0,41,597,0,638,178,0,178,816
10/23/2001,VNY,CA,AWP,WE,Towers with Display (VFR),0,47,190,4,241,0,6,535,1,542,0,53,725,5,783,426,0,426,1209
10/24/2001,VNY,CA,AWP,WE,Towers with Display (VFR),0,39,166,2,207,0,0,590,2,592,0,39,756,4,799,402,0,402,1201
10/25/2001,VNY,CA,AWP,WE,Towers with Display (VFR),0,55,169,0,224,0,5,794,0,799,0,60,963,0,1023,392,0,392,1415
10/26/2001,VNY,CA,AWP,WE,Towers with Display (VFR),0,48,174,0,222,0,9,942,1,952,0,57,1116,1,1174,632,0,632,1806
10/27/2001,VNY,CA,AWP,WE,Towers with Display (VFR),0,32,131,0,163,0,4,713,0,717,0,36,844,0,880,722,0,722,1602
10/28/2001,VNY,CA,AWP,WE,Towers with Display (VFR),0,34,182,0,216,0,7,566,0,573,0,41,748,0,789,422,0,422,1211
10/29/2001,VNY,CA,AWP,WE,Towers with Display (VFR),0,26,134,0,160,0,19,758,0,777,0,45,892,0,937,382,0,382,1319
10/30/2001,VNY,CA,AWP,WE,Towers with Display (VFR),0,29,101,0,130,0,12,620,0,632,0,41,721,0,762,210,0,210,972
10/31/2001,VNY,CA,AWP,WE,Towers with Display (VFR),0,36,136,0,172,0,12,1000,0,1012,0,48,1136,0,1184,746,0,746,1930
11/01/2001,VNY,CA,AWP,WE,Towers with Display (VFR),0,37,171,0,208,0,16,844,0,860,0,53,1015,0,1068,694,0,694,1762
11/02/2001,VNY,CA,AWP,WE,Towers with Display (VFR),0,60,189,0,249,0,9,470,0,479,0,69,659,0,728,228,0,228,956
11/03/2001,VNY,CA,AWP,WE,Towers with Display (VFR),0,46,107,0,153,0,0,760,0,760,0,46,867,0,913,540,0,540,1453
11/04/2001,VNY,CA,AWP,WE,Towers with Display (VFR),0,38,144,0,182,0,7,437,0,444,0,45,581,0,626,196,0,196,822
11/05/2001,VNY,CA,AWP,WE,Towers with Display (VFR),0,42,111,0,153,0,6,835,0,841,0,48,946,0,994,338,0,338,1332
11/06/2001,VNY,CA,AWP,WE,Towers with Display (VFR),0,38,212,0,250,0,14,394,0,408,0,52,606,0,658,250,0,250,908
11/07/2001,VNY,CA,AWP,WE,Towers with Display (VFR),0,25,183,0,208,0,10,648,0,658,0,35,831,0,866,430,0,430,1296
11/08/2001,VNY,CA,AWP,WE,Towers with Display (VFR),0,30,144,0,174,0,22,974,0,996,0,52,1118,0,1170,658,0,658,1828
11/09/2001,VNY,CA,AWP,WE,Towers with Display (VFR),0,49,174,0,223,0,12,926,0,938,0,61,1100,0,1161,638,0,638,1799
11/10/2001,VNY,CA,AWP,WE,Towers with Display (VFR),0,19,167,0,186,0,10,592,0,602,0,29,759,0,788,480,0,480,1268
11/11/2001,VNY,CA,AWP,WE,Towers with Display (VFR),0,18,156,0,174,0,13,194,0,207,0,31,350,0,381,28,0,28,409
11/12/2001,VNY,CA,AWP,WE,Towers with Display (VFR),0,38,136,0,174,0,5,407,0,412,0,43,543,0,586,210,0,210,796
11/13/2001,VNY,CA,AWP,WE,Towers with Display (VFR),0,47,135,0,182,0,20,962,0,982,0,67,1097,0,1164,614,0,614,1778
11/14/2001,VNY,CA,AWP,WE,Towers with Display (VFR),0,48,162,0,210,0,7,989,0,996,0,55,1151,0,1206,510,0,510,1716
11/15/2001,VNY,CA,AWP,WE,Towers with Display (VFR),0,38,175,0,213,0,7,934,2,943,0,45,1109,2,1156,656,0,656,1812
11/16/2001,VNY,CA,AWP,WE,Towers with Display (VFR),0,63,176,0,239,0,10,1084,0,1094,0,73,1260,0,1333,600,0,600,1933
11/17/2001,VNY,CA,AWP,WE,Towers with Display (VFR),0,56,138,0,194,0,1,1192,0,1193,0,57,1330,0,1387,972,0,972,2359
11/18/2001,VNY,CA,AWP,WE,Towers with Display (VFR),0,52,140,0,192,0,5,791,0,796,0,57,931,0,988,736,0,736,1724
11/19/2001,VNY,CA,AWP,WE,Towers with Display (VFR),0,25,103,2,130,0,10,855,1,866,0,35,958,3,996,374,0,374,1370
11/20/2001,VNY,CA,AWP,WE,Towers with Display (VFR),0,52,167,0,219,0,12,942,0,954,0,64,1109,0,1173,672,0,672,1845
11/21/2001,VNY,CA,AWP,WE,Towers with Display (VFR),0,49,156,0,205,0,11,956,0,967,0,60,1112,0,1172,652,0,652,1824
11/22/2001,VNY,CA,AWP,WE,Towers with Display (VFR),0,20,66,0,86,0,5,311,0,316,0,25,377,0,402,186,0,186,588
11/23/2001,VNY,CA,AWP,WE,Towers with Display (VFR),0,28,83,0,111,0,0,593,0,593,0,28,676,0,704,302,0,302,1006
11/24/2001,VNY,CA,AWP,WE,Towers with Display (VFR),0,39,87,0,126,0,0,204,0,204,0,39,291,0,330,94,0,94,424
11/25/2001,VNY,CA,AWP,WE,Towers with Display (VFR),0,74,196,0,270,0,19,967,0,986,0,93,1163,0,1256,783,0,783,2039
11/26/2001,VNY,CA,AWP,WE,Towers with Display (VFR),0,42,135,0,177,0,13,832,0,845,0,55,967,0,1022,364,0,364,1386
11/27/2001,VNY,CA,AWP,WE,Towers with Display (VFR),0,42,102,0,144,0,13,951,0,964,0,55,1053,0,1108,482,0,482,1590
11/28/2001,VNY,CA,AWP,WE,Towers with Display (VFR),0,67,135,2,204,0,2,1030,0,1032,0,69,1165,2,1236,584,0,584,1820
11/29/2001,VNY,CA,AWP,WE,Towers with Display (VFR),0,42,142,0,184,0,15,544,0,559,0,57,686,0,743,186,0,186,929
11/30/2001,VNY,CA,AWP,WE,Towers with Display (VFR),0,39,145,0,184,0,10,873,0,883,0,49,1018,0,1067,608,0,608,1675
12/01/2001,VNY,CA,AWP,WE,Towers with Display (VFR),0,23,115,0,138,0,11,861,0,872,0,34,976,0,1010,764,0,764,1774
12/02/2001,VNY,CA,AWP,WE,Towers with Display (VFR),0,37,121,3,161,0,2,468,5,475,0,39,589,8,636,356,6,362,998
12/03/2001,VNY,CA,AWP,WE,Towers with Display (VFR),0,24,115,2,141,0,13,713,0,726,0,37,828,2,867,320,0,320,1187
12/04/2001,VNY,CA,AWP,WE,Towers with Display (VFR),0,33,78,0,111,0,12,611,0,623,0,45,689,0,734,184,0,184,918
12/05/2001,VNY,CA,AWP,WE,Towers with Display (VFR),0,31,123,0,154,0,26,1047,0,1073,0,57,1170,0,1227,438,0,438,1665
12/06/2001,VNY,CA,AWP,WE,Towers with Display (VFR),0,34,136,0,170,0,20,728,0,748,0,54,864,0,918,368,0,368,1286
12/07/2001,VNY,CA,AWP,WE,Towers with Display (VFR),0,40,143,0,183,0,5,676,1,682,0,45,819,1,865,162,0,162,1027
12/08/2001,VNY,CA,AWP,WE,Towers with Display (VFR),0,23,81,0,104,0,5,696,0,701,0,28,777,0,805,488,0,488,1293
12/09/2001,VNY,CA,AWP,WE,Towers with Display (VFR),0,32,133,0,165,0,10,645,0,655,0,42,778,0,820,410,0,410,1230
12/10/2001,VNY,CA,AWP,WE,Towers with Display (VFR),0,43,100,0,143,0,4,740,0,744,0,47,840,0,887,314,0,314,1201
12/11/2001,VNY,CA,AWP,WE,Towers with Display (VFR),0,33,118,0,151,0,7,745,0,752,0,40,863,0,903,466,0,466,1369
12/12/2001,VNY,CA,AWP,WE,Towers with Display (VFR),0,33,157,0,190,0,5,894,0,899,0,38,1051,0,1089,386,0,386,1475
12/13/2001,VNY,CA,AWP,WE,Towers with Display (VFR),0,35,151,0,186,0,20,833,0,853,0,55,984,0,1039,566,0,566,1605
12/14/2001,VNY,CA,AWP,WE,Towers with Display (VFR),0,53,166,2,221,0,3,388,0,391,0,56,554,2,612,84,0,84,696
12/15/2001,VNY,CA,AWP,WE,Towers with Display (VFR),0,42,73,0,115,0,0,697,0,697,0,42,770,0,812,276,0,276,1088
12/16/2001,VNY,CA,AWP,WE,Towers with Display (VFR),0,36,135,2,173,0,14,648,0,662,0,50,783,2,835,520,0,520,1355
12/17/2001,VNY,CA,AWP,WE,Towers with Display (VFR),0,19,109,0,128,0,6,754,0,760,0,25,863,0,888,432,0,432,1320
12/18/2001,VNY,CA,AWP,WE,Towers with Display (VFR),0,21,127,0,148,0,13,802,0,815,0,34,929,0,963,468,0,468,1431
12/19/2001,VNY,CA,AWP,WE,Towers with Display (VFR),0,34,163,0,197,0,6,892,0,898,0,40,1055,0,1095,412,0,412,1507
12/20/2001,VNY,CA,AWP,WE,Towers with Display (VFR),0,21,150,0,171,0,8,638,0,646,0,29,788,0,817,352,0,352,1169
12/21/2001,VNY,CA,AWP,WE,Towers with Display (VFR),0,66,197,0,263,0,11,543,2,556,0,77,740,2,819,306,0,306,1125
12/22/2001,VNY,CA,AWP,WE,Towers with Display (VFR),0,36,164,0,200,0,9,802,0,811,0,45,966,0,1011,590,0,590,1601
12/23/2001,VNY,CA,AWP,WE,Towers with Display (VFR),0,36,82,0,118,0,11,496,0,507,0,47,578,0,625,210,0,210,835
12/24/2001,VNY,CA,AWP,WE,Towers with Display (VFR),0,22,41,0,63,0,4,547,0,551,0,26,588,0,614,212,0,212,826
12/25/2001,VNY,CA,AWP,WE,Towers with Display (VFR),0,16,54,0,70,0,8,334,0,342,0,24,388,0,412,164,0,164,576
12/26/2001,VNY,CA,AWP,WE,Towers with Display (VFR),0,54,159,0,213,0,3,769,0,772,0,57,928,0,985,440,0,440,1425
12/27/2001,VNY,CA,AWP,WE,Towers with Display (VFR),0,40,169,0,209,0,21,815,0,836,0,61,984,0,1045,538,0,538,1583
12/28/2001,VNY,CA,AWP,WE,Towers with Display (VFR),0,39,148,0,187,0,13,729,0,742,0,52,877,0,929,438,0,438,1367
12/29/2001,VNY,CA,AWP,WE,Towers with Display (VFR),0,32,130,0,162,0,0,263,0,263,0,32,393,0,425,132,0,132,557
12/30/2001,VNY,CA,AWP,WE,Towers with Display (VFR),0,31,136,0,167,0,6,522,1,529,0,37,658,1,696,410,0,410,1106
12/31/2001,VNY,CA,AWP,WE,Towers with Display (VFR),0,31,107,2,140,0,3,470,0,473,0,34,577,2,613,244,0,244,857
01/01/2002,VNY,CA,AWP,WE,Towers with Display (VFR),0,40,134,0,174,0,10,375,0,385,0,50,509,0,559,180,0,180,739
01/02/2002,VNY,CA,AWP,WE,Towers with Display (VFR),0,52,170,0,222,0,4,356,0,360,0,56,526,0,582,127,0,127,709
01/03/2002,VNY,CA,AWP,WE,Towers with Display (VFR),0,56,159,1,216,0,14,618,1,633,0,70,777,2,849,218,2,220,1069
01/04/2002,VNY,CA,AWP,WE,Towers with Display (VFR),0,35,133,0,168,0,8,898,0,906,0,43,1031,0,1074,540,0,540,1614
01/05/2002,VNY,CA,AWP,WE,Towers with Display (VFR),0,43,148,2,193,0,5,1013,3,1021,0,48,1161,5,1214,794,0,794,2008
01/06/2002,VNY,CA,AWP,WE,Towers with Display (VFR),0,28,134,0,162,0,5,714,0,719,0,33,848,0,881,428,0,428,1309
01/07/2002,VNY,CA,AWP,WE,Towers with Display (VFR),0,27,96,0,123,0,10,586,5,601,0,37,682,5,724,292,0,292,1016
01/08/2002,VNY,CA,AWP,WE,Towers with Display (VFR),0,35,131,0,166,0,13,753,0,766,0,48,884,0,932,516,0,516,1448
01/09/2002,VNY,CA,AWP,WE,Towers with Display (VFR),0,34,154,0,188,0,8,682,0,690,0,42,836,0,878,444,0,444,1322
01/10/2002,VNY,CA,AWP,WE,Towers with Display (VFR),0,37,111,0,148,0,3,626,0,629,0,40,737,0,777,156,0,156,933
01/11/2002,VNY,CA,AWP,WE,Towers with Display (VFR),0,38,119,0,157,0,15,707,0,722,0,53,826,0,879,376,0,376,1255
01/12/2002,VNY,CA,AWP,WE,Towers with Display (VFR),0,27,105,1,133,0,7,753,0,760,0,34,858,1,893,562,0,562,1455
01/13/2002,VNY,CA,AWP,WE,Towers with Display (VFR),0,32,93,0,125,0,2,627,1,630,0,34,720,1,755,448,0,448,1203
01/14/2002,VNY,CA,AWP,WE,Towers with Display (VFR),0,30,98,0,128,0,4,418,0,422,0,34,516,0,550,220,0,220,770
01/15/2002,VNY,CA,AWP,WE,Towers with Display (VFR),0,20,143,0,163,0,14,628,2,644,0,34,771,2,807,392,0,392,1199
01/16/2002,VNY,CA,AWP,WE,Towers with Display (VFR),0,35,107,0,142,0,20,774,0,794,0,55,881,0,936,520,0,520,1456
01/17/2002,VNY,CA,AWP,WE,Towers with Display (VFR),0,54,132,0,186,0,0,743,0,743,0,54,875,0,929,386,0,386,1315
01/18/2002,VNY,CA,AWP,WE,Towers with Display (VFR),0,61,138,0,199,0,0,977,1,978,0,61,1115,1,1177,428,0,428,1605
01/19/2002,VNY,CA,AWP,WE,Towers with Display (VFR),0,19,90,0,109,0,5,872,0,877,0,24,962,0,986,534,0,534,1520
01/20/2002,VNY,CA,AWP,WE,Towers with Display (VFR),0,26,113,0,139,0,11,680,0,691,0,37,793,0,830,380,0,380,1210
01/21/2002,VNY,CA,AWP,WE,Towers with Display (VFR),0,43,138,0,181,0,12,830,0,842,0,55,968,0,1023,504,0,504,1527
01/22/2002,VNY,CA,AWP,WE,Towers with Display (VFR),0,31,119,0,150,0,8,701,0,709,0,39,820,0,859,278,0,278,1137
01/23/2002,VNY,CA,AWP,WE,Towers with Display (VFR),0,23,112,0,135,0,7,476,0,483,0,30,588,0,618,112,0,112,730
01/24/2002,VNY,CA,AWP,WE,Towers with Display (VFR),0,44,132,0,176,0,0,782,0,782,0,44,914,0,958,288,0,288,1246
01/25/2002,VNY,CA,AWP,WE,Towers with Display (VFR),0,39,122,0,161,0,0,758,4,762,0,39,880,4,923,316,0,316,1239
01/26/2002,VNY,CA,AWP,WE,Towers with Display (VFR),0,27,160,0,187,0,0,953,0,953,0,27,1113,0,1140,666,0,666,1806
01/27/2002,VNY,CA,AWP,WE,Towers with Display (VFR),0,43,136,0,179,0,3,114,0,117,0,46,250,0,296,142,0,142,438
01/28/2002,VNY,CA,AWP,WE,Towers with Display (VFR),0,25,102,0,127,0,12,630,0,642,0,37,732,0,769,280,0,280,1049
01/29/2002,VNY,CA,AWP,WE,Towers with Display (VFR),0,38,107,0,145,0,22,750,6,778,0,60,857,6,923,310,4,314,1237
01/30/2002,VNY,CA,AWP,WE,Towers with Display (VFR),0,35,100,1,136,0,6,661,1,668,0,41,761,2,804,306,0,306,1110
01/31/2002,VNY,CA,AWP,WE,Towers with Display (VFR),0,41,150,0,191,0,7,938,0,945,0,48,1088,0,1136,532,0,532,1668
02/01/2002,VNY,CA,AWP,WE,Towers with Display (VFR),0,45,151,0,196,0,1,1056,0,1057,0,46,1207,0,1253,502,0,502,1755
02/02/2002,VNY,CA,AWP,WE,Towers with Display (VFR),0,26,110,0,136,0,9,1042,0,1051,0,35,1152,0,1187,664,0,664,1851
02/03/2002,VNY,CA,AWP,WE,Towers with Display (VFR),0,55,132,0,187,0,7,1142,0,1149,0,62,1274,0,1336,636,0,636,1972
02/04/2002,VNY,CA,AWP,WE,Towers with Display (VFR),0,51,146,0,197,0,7,935,0,942,0,58,1081,0,1139,327,0,327,1466
02/05/2002,VNY,CA,AWP,WE,Towers with Display (VFR),0,34,162,0,196,0,18,992,0,1010,0,52,1154,0,1206,512,0,512,1718
02/06/2002,VNY,CA,AWP,WE,Towers with Display (VFR),0,33,164,0,197,0,7,846,0,853,0,40,1010,0,1050,386,0,386,1436
02/07/2002,VNY,CA,AWP,WE,Towers with Display (VFR),0,41,143,0,184,0,12,1014,0,1026,0,53,1157,0,1210,406,0,406,1616
02/08/2002,VNY,CA,AWP,WE,Towers with Display (VFR),0,48,184,0,232,0,0,838,0,838,0,48,1022,0,1070,330,0,330,1400
02/09/2002,VNY,CA,AWP,WE,Towers with Display (VFR),0,27,72,0,99,0,4,368,0,372,0,31,440,0,471,144,0,144,615
02/10/2002,VNY,CA,AWP,WE,Towers with Display (VFR),0,37,115,0,152,0,7,376,0,383,0,44,491,0,535,184,0,184,719
02/11/2002,VNY,CA,AWP,WE,Towers with Display (VFR),0,45,110,0,155,0,6,761,0,767,0,51,871,0,922,240,0,240,1162
02/12/2002,VNY,CA,AWP,WE,Towers with Display (VFR),0,40,144,0,184,0,15,1060,0,1075,0,55,1204,0,1259,476,0,476,1735
02/13/2002,VNY,CA,AWP,WE,Towers with Display (VFR),0,47,138,0,185,0,19,837,2,858,0,66,975,2,1043,538,0,538,1581
02/14/2002,VNY,CA,AWP,WE,Towers with Display (VFR),0,35,152,1,188,0,16,832,0,848,0,51,984,1,1036,400,0,400,1436
02/15/2002,VNY,CA,AWP,WE,Towers with Display (VFR),0,38,175,0,213,0,15,945,0,960,0,53,1120,0,1173,508,0,508,1681
02/16/2002,VNY,CA,AWP,WE,Towers with Display (VFR),0,21,169,0,190,0,13,552,0,565,0,34,721,0,755,422,0,422,1177
02/17/2002,VNY,CA,AWP,WE,Towers with Display (VFR),0,32,119,0,151,0,12,428,0,440,0,44,547,0,591,322,0,322,913
02/18/2002,VNY,CA,AWP,WE,Towers with Display (VFR),0,39,205,0,244,0,30,905,4,939,0,69,1110,4,1183,656,0,656,1839
02/19/2002,VNY,CA,AWP,WE,Towers with Display (VFR),0,29,128,0,157,0,16,764,4,784,0,45,892,4,941,354,0,354,1295
02/20/2002,VNY,CA,AWP,WE,Towers with Display (VFR),0,46,164,0,210,0,0,619,6,625,0,46,783,6,835,362,0,362,1197
02/21/2002,VNY,CA,AWP,WE,Towers with Display (VFR),0,45,145,0,190,0,10,911,0,921,0,55,1056,0,1111,454,0,454,1565
02/22/2002,VNY,CA,AWP,WE,Towers with Display (VFR),0,46,114,0,160,0,8,934,8,950,0,54,1048,8,1110,412,0,412,1522
02/23/2002,VNY,CA,AWP,WE,Towers with Display (VFR),0,28,117,4,149,0,12,1081,8,1101,0,40,1198,12,1250,784,0,784,2034
02/24/2002,VNY,CA,AWP,WE,Towers with Display (VFR),0,40,189,0,229,0,17,1008,0,1025,0,57,1197,0,1254,748,0,748,2002
02/25/2002,VNY,CA,AWP,WE,Towers with Display (VFR),0,39,141,2,182,0,6,786,1,793,0,45,927,3,975,422,0,422,1397
02/26/2002,VNY,CA,AWP,WE,Towers with Display (VFR),0,32,133,0,165,0,5,911,0,916,0,37,1044,0,1081,400,0,400,1481
02/27/2002,VNY,CA,AWP,WE,Towers with Display (VFR),0,39,142,0,181,0,9,858,0,867,0,48,1000,0,1048,424,0,424,1472
02/28/2002,VNY,CA,AWP,WE,Towers with Display (VFR),0,59,164,0,223,0,1,642,0,643,0,60,806,0,866,312,0,312,1178
03/01/2002,VNY,CA,AWP,WE,Towers with Display (VFR),0,51,111,0,162,0,0,922,0,922,0,51,1033,0,1084,294,0,294,1378
03/02/2002,VNY,CA,AWP,WE,Towers with Display (VFR),0,26,92,0,118,0,11,698,13,722,0,37,790,13,840,448,0,448,1288
03/03/2002,VNY,CA,AWP,WE,Towers with Display (VFR),0,41,129,0,170,0,7,842,0,849,0,48,971,0,1019,702,0,702,1721
03/04/2002,VNY,CA,AWP,WE,Towers with Display (VFR),0,29,110,0,139,0,8,816,0,824,0,37,926,0,963,386,0,386,1349
03/05/2002,VNY,CA,AWP,WE,Towers with Display (VFR),0,30,126,0,156,0,10,618,0,628,0,40,744,0,784,205,0,205,989
03/06/2002,VNY,CA,AWP,WE,Towers with Display (VFR),0,51,135,0,186,0,1,847,0,848,0,52,982,0,1034,536,0,536,1570
03/07/2002,VNY,CA,AWP,WE,Towers with Display (VFR),0,27,152,2,181,0,3,536,2,541,0,30,688,4,722,242,0,242,964
03/08/2002,VNY,CA,AWP,WE,Towers with Display (VFR),0,67,173,2,242,0,0,987,3,990,0,67,1160,5,1232,564,0,564,1796
03/09/2002,VNY,CA,AWP,WE,Towers with Display (VFR),0,23,126,0,149,0,19,1020,5,1044,0,42,1146,5,1193,718,0,718,1911
03/10/2002,VNY,CA,AWP,WE,Towers with Display (VFR),0,31,168,0,199,0,8,872,0,880,0,39,1040,0,1079,712,0,712,1791
03/11/2002,VNY,CA,AWP,WE,Towers with Display (VFR),0,40,117,0,157,0,8,854,0,862,0,48,971,0,1019,348,0,348,1367
03/12/2002,VNY,CA,AWP,WE,Towers with Display (VFR),0,32,150,0,182,0,23,744,0,767,0,55,894,0,949,322,0,322,1271
03/13/2002,VNY,CA,AWP,WE,Towers with Display (VFR),0,33,103,0,136,0,16,686,0,702,0,49,789,0,838,180,0,180,1018
03/14/2002,VNY,CA,AWP,WE,Towers with Display (VFR),0,39,113,1,153,0,0,562,0,562,0,39,675,1,715,256,0,256,971
03/15/2002,VNY,CA,AWP,WE,Towers with Display (VFR),0,40,162,0,202,0,8,897,0,905,0,48,1059,0,1107,386,0,386,1493
03/16/2002,VNY,CA,AWP,WE,Towers with Display (VFR),0,36,115,1,152,0,20,714,0,734,0,56,829,1,886,676,2,678,1564
03/17/2002,VNY,CA,AWP,WE,Towers with Display (VFR),0,41,134,0,175,0,4,581,0,585,0,45,715,0,760,504,0,504,1264
03/18/2002,VNY,CA,AWP,WE,Towers with Display (VFR),0,32,105,0,137,0,8,734,0,742,0,40,839,0,879,210,0,210,1089
03/19/2002,VNY,CA,AWP,WE,Towers with Display (VFR),0,46,154,0,200,0,10,767,0,777,0,56,921,0,977,392,0,392,1369
03/20/2002,VNY,CA,AWP,WE,Towers with Display (VFR),0,53,163,0,216,0,2,892,2,896,0,55,1055,2,1112,422,0,422,1534
03/21/2002,VNY,CA,AWP,WE,Towers with Display (VFR),0,38,141,0,179,0,12,719,2,733,0,50,860,2,912,432,0,432,1344
03/22/2002,VNY,CA,AWP,WE,Towers with Display (VFR),0,66,163,2,231,0,0,1070,0,1070,0,66,1233,2,1301,558,0,558,1859
03/23/2002,VNY,CA,AWP,WE,Towers with Display (VFR),0,35,158,0,193,0,9,624,0,633,0,44,782,0,826,492,0,492,1318
03/24/2002,VNY,CA,AWP,WE,Towers with Display (VFR),0,37,151,0,188,0,3,797,0,800,0,40,948,0,988,580,0,580,1568
03/25/2002,VNY,CA,AWP,WE,Towers with Display (VFR),0,43,121,0,164,0,14,762,0,776,0,57,883,0,940,302,0,302,1242
03/26/2002,VNY,CA,AWP,WE,Towers with Display (VFR),0,39,136,0,175,0,7,974,0,981,0,46,1110,0,1156,492,0,492,1648
03/27/2002,VNY,CA,AWP,WE,Towers with Display (VFR),0,45,155,0,200,0,16,832,0,848,0,61,987,0,1048,458,0,458,1506
03/28/2002,VNY,CA,AWP,WE,Towers with Display (VFR),0,20,155,0,175,0,21,677,0,698,0,41,832,0,873,400,0,400,1273
03/29/2002,VNY,CA,AWP,WE,Towers with Display (VFR),0,41,220,0,261,0,7,857,5,869,0,48,1077,5,1130,493,0,493,1623
03/30/2002,VNY,CA,AWP,WE,Towers with Display (VFR),0,36,173,0,209,0,7,582,0,589,0,43,755,0,798,487,0,487,1285
03/31/2002,VNY,CA,AWP,WE,Towers with Display (VFR),0,56,149,0,205,0,2,439,0,441,0,58,588,0,646,262,0,262,908
04/01/2002,VNY,CA,AWP,WE,Towers with Display (VFR),0,34,155,0,189,0,5,428,0,433,0,39,583,0,622,232,4,236,858
04/02/2002,VNY,CA,AWP,WE,Towers with Display (VFR),0,23,155,0,178,0,0,411,0,411,0,23,566,0,589,136,0,136,725
04/03/2002,VNY,CA,AWP,WE,Towers with Display (VFR),0,39,161,1,201,0,3,692,1,696,0,42,853,2,897,310,0,310,1207
04/04/2002,VNY,CA,AWP,WE,Towers with Display (VFR),0,38,144,1,183,0,5,648,6,659,0,43,792,7,842,370,0,370,1212
04/05/2002,VNY,CA,AWP,WE,Towers with Display (VFR),0,59,140,0,199,0,0,971,0,971,0,59,1111,0,1170,494,0,494,1664
04/06/2002,VNY,CA,AWP,WE,Towers with Display (VFR),0,55,180,1,236,0,3,663,5,671,0,58,843,6,907,426,0,426,1333
04/07/2002,VNY,CA,AWP,WE,Towers with Display (VFR),0,61,178,0,239,0,6,800,0,806,0,67,978,0,1045,490,0,490,1535
04/08/2002,VNY,CA,AWP,WE,Towers with Display (VFR),0,35,151,0,186,0,23,660,0,683,0,58,811,0,869,388,0,388,1257
04/09/2002,VNY,CA,AWP,WE,Towers with Display (VFR),0,23,145,0,168,0,13,858,0,871,0,36,1003,0,1039,427,0,427,1466
04/10/2002,VNY,CA,AWP,WE,Towers with Display (VFR),0,25,152,0,177,0,8,687,0,695,0,33,839,0,872,446,0,446,1318
04/11/2002,VNY,CA,AWP,WE,Towers with Display (VFR),0,36,160,0,196,0,10,652,0,662,0,46,812,0,858,290,0,290,1148
04/12/2002,VNY,CA,AWP,WE,Towers with Display (VFR),0,50,200,0,250,0,0,618,0,618,0,50,818,0,868,274,0,274,1142
04/13/2002,VNY,CA,AWP,WE,Towers with Display (VFR),0,27,160,0,187,0,14,840,0,854,0,41,1000,0,1041,380,0,380,1421
04/14/2002,VNY,CA,AWP,WE,Towers with Display (VFR),0,28,190,0,218,0,14,848,0,862,0,42,1038,0,1080,842,0,842,1922
04/15/2002,VNY,CA,AWP,WE,Towers with Display (VFR),0,31,152,0,183,0,4,488,0,492,0,35,640,0,675,228,0,228,903
04/16/2002,VNY,CA,AWP,WE,Towers with Display (VFR),0,29,161,0,190,0,9,698,0,707,0,38,859,0,897,424,0,424,1321
04/17/2002,VNY,CA,AWP,WE,Towers with Display (VFR),0,40,157,0,197,0,17,806,0,823,0,57,963,0,1020,362,0,362,1382
04/18/2002,VNY,CA,AWP,WE,Towers with Display (VFR),0,43,112,1,156,0,7,816,1,824,0,50,928,2,980,452,0,452,1432
04/19/2002,VNY,CA,AWP,WE,Towers with Display (VFR),0,46,118,0,164,0,0,1018,0,1018,0,46,1136,0,1182,368,0,368,1550
04/20/2002,VNY,CA,AWP,WE,Towers with Display (VFR),0,28,118,0,146,0,4,864,0,868,0,32,982,0,1014,690,0,690,1704
04/21/2002,VNY,CA,AWP,WE,Towers with Display (VFR),0,30,130,0,160,0,10,816,0,826,0,40,946,0,986,588,0,588,1574
04/22/2002,VNY,CA,AWP,WE,Towers with Display (VFR),0,21,123,0,144,0,4,741,0,745,0,25,864,0,889,386,0,386,1275
04/23/2002,VNY,CA,AWP,WE,Towers with Display (VFR),0,32,131,0,163,0,8,880,0,888,0,40,1011,0,1051,510,0,510,1561
04/24/2002,VNY,CA,AWP,WE,Towers with Display (VFR),0,24,169,0,193,0,5,705,0,710,0,29,874,0,903,254,0,254,1157
04/25/2002,VNY,CA,AWP,WE,Towers with Display (VFR),0,45,134,0,179,0,6,762,0,768,0,51,896,0,947,288,0,288,1235
04/26/2002,VNY,CA,AWP,WE,Towers with Display (VFR),0,52,162,1,215,0,0,723,4,727,0,52,885,5,942,304,0,304,1246
04/27/2002,VNY,CA,AWP,WE,Towers with Display (VFR),0,33,147,0,180,0,12,705,0,717,0,45,852,0,897,390,0,390,1287
04/28/2002,VNY,CA,AWP,WE,Towers with Display (VFR),0,37,153,0,190,0,7,903,0,910,0,44,1056,0,1100,426,0,426,1526
04/29/2002,VNY,CA,AWP,WE,Towers with Display (VFR),0,36,122,0,158,0,15,629,0,644,0,51,751,0,802,216,0,216,1018
04/30/2002,VNY,CA,AWP,WE,Towers with Display (VFR),0,25,156,0,181,0,10,713,1,724,0,35,869,1,905,410,0,410,1315
05/01/2002,VNY,CA,AWP,WE,Towers with Display (VFR),0,35,162,0,197,0,21,780,0,801,0,56,942,0,998,414,0,414,1412
05/02/2002,VNY,CA,AWP,WE,Towers with Display (VFR),0,53,182,2,237,0,9,986,0,995,0,62,1168,2,1232,334,0,334,1566
05/03/2002,VNY,CA,AWP,WE,Towers with Display (VFR),0,39,130,1,170,0,3,960,0,963,0,42,1090,1,1133,422,0,422,1555
05/04/2002,VNY,CA,AWP,WE,Towers with Display (VFR),0,32,121,0,153,0,7,961,5,973,0,39,1082,5,1126,868,6,874,2000
05/05/2002,VNY,CA,AWP,WE,Towers with Display (VFR),0,33,173,2,208,0,9,698,0,707,0,42,871,2,915,688,0,688,1603
05/06/2002,VNY,CA,AWP,WE,Towers with Display (VFR),0,14,196,0,210,0,28,589,0,617,0,42,785,0,827,220,0,220,1047
05/07/2002,VNY,CA,AWP,WE,Towers with Display (VFR),0,31,149,0,180,0,16,632,1,649,0,47,781,1,829,434,0,434,1263
05/08/2002,VNY,CA,AWP,WE,Towers with Display (VFR),0,17,147,0,164,0,12,689,0,701,0,29,836,0,865,306,0,306,1171
05/09/2002,VNY,CA,AWP,WE,Towers with Display (VFR),0,32,142,1,175,0,16,762,1,779,0,48,904,2,954,382,0,382,1336
05/10/2002,VNY,CA,AWP,WE,Towers with Display (VFR),0,20,176,0,196,0,27,864,0,891,0,47,1040,0,1087,538,0,538,1625
05/11/2002,VNY,CA,AWP,WE,Towers with Display (VFR),0,21,127,0,148,0,15,964,0,979,0,36,1091,0,1127,786,0,786,1913
05/12/2002,VNY,CA,AWP,WE,Towers with Display (VFR),0,17,127,0,144,0,5,658,2,665,0,22,785,2,809,438,0,438,1247
05/13/2002,VNY,CA,AWP,WE,Towers with Display (VFR),0,32,110,0,142,0,8,838,0,846,0,40,948,0,988,444,0,444,1432
05/14/2002,VNY,CA,AWP,WE,Towers with Display (VFR),0,25,115,0,140,0,25,859,0,884,0,50,974,0,1024,392,0,392,1416
05/15/2002,VNY,CA,AWP,WE,Towers with Display (VFR),0,30,185,1,216,0,19,744,1,764,0,49,929,2,980,394,0,394,1374
05/16/2002,VNY,CA,AWP,WE,Towers with Display (VFR),0,39,185,0,224,0,3,740,0,743,0,42,925,0,967,374,0,374,1341
05/17/2002,VNY,CA,AWP,WE,Towers with Display (VFR),0,58,152,0,210,0,0,986,4,990,0,58,1138,4,1200,464,4,468,1668
05/18/2002,VNY,CA,AWP,WE,Towers with Display (VFR),0,26,163,0,189,0,13,625,0,638,0,39,788,0,827,478,0,478,1305
05/19/2002,VNY,CA,AWP,WE,Towers with Display (VFR),0,32,171,0,203,0,10,504,0,514,0,42,675,0,717,522,0,522,1239
05/20/2002,VNY,CA,AWP,WE,Towers with Display (VFR),0,30,137,0,167,0,3,415,2,420,0,33,552,2,587,150,0,150,737
05/21/2002,VNY,CA,AWP,WE,Towers with Display (VFR),0,33,129,0,162,0,30,740,0,770,0,63,869,0,932,416,0,416,1348
05/22/2002,VNY,CA,AWP,WE,Towers with Display (VFR),0,38,176,0,214,0,9,827,1,837,0,47,1003,1,1051,522,0,522,1573
05/23/2002,VNY,CA,AWP,WE,Towers with Display (VFR),0,33,157,0,190,0,11,943,0,954,0,44,1100,0,1144,546,0,546,1690
05/24/2002,VNY,CA,AWP,WE,Towers with Display (VFR),0,49,149,0,198,0,2,933,0,935,0,51,1082,0,1133,596,0,596,1729
05/25/2002,VNY,CA,AWP,WE,Towers with Display (VFR),0,21,121,0,142,0,6,687,0,693,0,27,808,0,835,540,0,540,1375
05/26/2002,VNY,CA,AWP,WE,Towers with Display (VFR),0,21,97,0,118,0,11,540,0,551,0,32,637,0,669,494,0,494,1163
05/27/2002,VNY,CA,AWP,WE,Towers with Display (VFR),0,26,177,0,203,0,13,730,0,743,0,39,907,0,946,482,0,482,1428
05/28/2002,VNY,CA,AWP,WE,Towers with Display (VFR),0,39,134,0,173,0,9,604,0,613,0,48,738,0,786,482,0,482,1268
05/29/2002,VNY,CA,AWP,WE,Towers with Display (VFR),0,47,142,1,190,0,5,822,0,827,0,52,964,1,1017,484,0,484,1501
05/30/2002,VNY,CA,AWP,WE,Towers with Display (VFR),0,27,168,2,197,0,8,708,0,716,0,35,876,2,913,402,0,402,1315
05/31/2002,VNY,CA,AWP,WE,Towers with Display (VFR),0,32,140,2,174,0,0,709,0,709,0,32,849,2,883,348,0,348,1231
06/01/2002,VNY,CA,AWP,WE,Towers with Display (VFR),0,27,168,0,195,0,7,738,2,747,0,34,906,2,942,574,0,574,1516
06/02/2002,VNY,CA,AWP,WE,Towers with Display (VFR),0,50,203,0,253,0,11,666,0,677,0,61,869,0,930,614,0,614,1544
06/03/2002,VNY,CA,AWP,WE,Towers with Display (VFR),0,42,101,0,143,0,0,724,0,724,0,42,825,0,867,256,0,256,1123
06/04/2002,VNY,CA,AWP,WE,Towers with Display (VFR),0,21,122,0,143,0,19,741,0,760,0,40,863,0,903,472,0,472,1375
06/05/2002,VNY,CA,AWP,WE,Towers with Display (VFR),0,41,149,0,190,0,22,857,0,879,0,63,1006,0,1069,584,0,584,1653
06/06/2002,VNY,CA,AWP,WE,Towers with Display (VFR),0,37,145,2,184,0,4,719,0,723,0,41,864,2,907,500,0,500,1407
06/07/2002,VNY,CA,AWP,WE,Towers with Display (VFR),0,44,194,0,238,0,0,553,0,553,0,44,747,0,791,234,0,234,1025
06/08/2002,VNY,CA,AWP,WE,Towers with Display (VFR),0,26,178,0,204,0,9,645,0,654,0,35,823,0,858,774,0,774,1632
06/09/2002,VNY,CA,AWP,WE,Towers with Display (VFR),0,35,177,0,212,0,9,723,2,734,0,44,900,2,946,578,0,578,1524
06/10/2002,VNY,CA,AWP,WE,Towers with Display (VFR),0,31,129,0,160,0,17,686,0,703,0,48,815,0,863,328,0,328,1191
06/11/2002,VNY,CA,AWP,WE,Towers with Display (VFR),0,36,146,0,182,0,19,778,0,797,0,55,924,0,979,384,0,384,1363
06/12/2002,VNY,CA,AWP,WE,Towers with Display (VFR),0,30,147,0,177,0,35,857,0,892,0,65,1004,0,1069,548,0,548,1617
06/13/2002,VNY,CA,AWP,WE,Towers with Display (VFR),0,39,153,1,193,0,6,734,3,743,0,45,887,4,936,352,0,352,1288
06/14/2002,VNY,CA,AWP,WE,Towers with Display (VFR),0,45,123,0,168,0,11,765,0,776,0,56,888,0,944,512,0,512,1456
06/15/2002,VNY,CA,AWP,WE,Towers with Display (VFR),0,33,156,0,189,0,11,1149,0,1160,0,44,1305,0,1349,656,0,656,2005
06/16/2002,VNY,CA,AWP,WE,Towers with Display (VFR),0,49,129,0,178,0,3,644,0,647,0,52,773,0,825,372,0,372,1197
06/17/2002,VNY,CA,AWP,WE,Towers with Display (VFR),0,35,118,0,153,0,11,769,0,780,0,46,887,0,933,468,0,468,1401
06/18/2002,VNY,CA,AWP,WE,Towers with Display (VFR),0,39,124,0,163,0,10,852,1,863,0,49,976,1,1026,356,0,356,1382
06/19/2002,VNY,CA,AWP,WE,Towers with Display (VFR),0,28,172,0,200,0,29,783,4,816,0,57,955,4,1016,478,0,478,1494
06/20/2002,VNY,CA,AWP,WE,Towers with Display (VFR),0,41,158,0,199,0,17,714,3,734,0,58,872,3,933,588,0,588,1521
06/21/2002,VNY,CA,AWP,WE,Towers with Display (VFR),0,50,201,0,251,0,3,747,2,752,0,53,948,2,1003,474,0,474,1477
06/22/2002,VNY,CA,AWP,WE,Towers with Display (VFR),0,27,135,0,162,0,21,842,0,863,0,48,977,0,1025,522,0,522,1547
06/23/2002,VNY,CA,AWP,WE,Towers with Display (VFR),0,50,182,0,232,0,4,864,0,868,0,54,1046,0,1100,392,0,392,1492
06/24/2002,VNY,CA,AWP,WE,Towers with Display (VFR),0,23,132,0,155,0,9,726,0,735,0,32,858,0,890,460,0,460,1350
06/25/2002,VNY,CA,AWP,WE,Towers with Display (VFR),0,28,160,0,188,0,20,666,0,686,0,48,826,0,874,514,0,514,1388
06/26/2002,VNY,CA,AWP,WE,Towers with Display (VFR),0,49,144,0,193,0,2,809,0,811,0,51,953,0,1004,580,0,580,1584
06/27/2002,VNY,CA,AWP,WE,Towers with Display (VFR),0,45,173,0,218,0,5,668,3,676,0,50,841,3,894,432,0,432,1326
06/28/2002,VNY,CA,AWP,WE,Towers with Display (VFR),0,51,166,3,220,0,0,940,0,940,0,51,1106,3,1160,532,0,532,1692
06/29/2002,VNY,CA,AWP,WE,Towers with Display (VFR),0,31,139,1,171,0,0,664,0,664,0,31,803,1,835,510,0,510,1345
06/30/2002,VNY,CA,AWP,WE,Towers with Display (VFR),0,41,173,1,215,0,12,646,0,658,0,53,819,1,873,370,0,370,1243
07/01/2002,VNY,CA,AWP,WE,Towers with Display (VFR),0,35,110,0,145,0,8,779,1,788,0,43,889,1,933,402,0,402,1335
07/02/2002,VNY,CA,AWP,WE,Towers with Display (VFR),0,57,110,0,167,0,2,881,0,883,0,59,991,0,1050,530,0,530,1580
07/03/2002,VNY,CA,AWP,WE,Towers with Display (VFR),0,56,162,0,218,0,29,895,0,924,0,85,1057,0,1142,604,0,604,1746
07/04/2002,VNY,CA,AWP,WE,Towers with Display (VFR),0,8,108,1,117,0,13,373,0,386,0,21,481,1,503,200,0,200,703
07/05/2002,VNY,CA,AWP,WE,Towers with Display (VFR),0,35,121,0,156,0,0,759,0,759,0,35,880,0,915,290,0,290,1205
07/06/2002,VNY,CA,AWP,WE,Towers with Display (VFR),0,25,117,0,142,0,3,598,0,601,0,28,715,0,743,424,0,424,1167
07/07/2002,VNY,CA,AWP,WE,Towers with Display (VFR),0,42,150,0,192,0,12,751,0,763,0,54,901,0,955,480,0,480,1435
07/08/2002,VNY,CA,AWP,WE,Towers with Display (VFR),0,28,113,0,141,0,11,881,0,892,0,39,994,0,1033,394,0,394,1427
07/09/2002,VNY,CA,AWP,WE,Towers with Display (VFR),0,40,152,0,192,0,20,969,4,993,0,60,1121,4,1185,544,0,544,1729
07/10/2002,VNY,CA,AWP,WE,Towers with Display (VFR),0,37,132,0,169,0,24,842,0,866,0,61,974,0,1035,632,0,632,1667
07/11/2002,VNY,CA,AWP,WE,Towers with Display (VFR),0,54,125,0,179,0,0,848,0,848,0,54,973,0,1027,442,0,442,1469
07/12/2002,VNY,CA,AWP,WE,Towers with Display (VFR),0,50,128,0,178,0,19,1188,0,1207,0,69,1316,0,1385,636,0,636,2021
07/13/2002,VNY,CA,AWP,WE,Towers with Display (VFR),0,26,137,0,163,0,23,960,0,983,0,49,1097,0,1146,442,0,442,1588
07/14/2002,VNY,CA,AWP,WE,Towers with Display (VFR),0,51,139,0,190,0,2,731,0,733,0,53,870,0,923,446,0,446,1369
07/15/2002,VNY,CA,AWP,WE,Towers with Display (VFR),0,36,120,0,156,0,27,866,0,893,0,63,986,0,1049,398,0,398,1447
07/16/2002,VNY,CA,AWP,WE,Towers with Display (VFR),0,58,118,0,176,0,0,956,0,956,0,58,1074,0,1132,600,0,600,1732
07/17/2002,VNY,CA,AWP,WE,Towers with Display (VFR),0,55,207,0,262,0,15,908,0,923,0,70,1115,0,1185,504,0,504,1689
07/18/2002,VNY,CA,AWP,WE,Towers with Display (VFR),0,59,191,0,250,0,9,830,0,839,0,68,1021,0,1089,498,0,498,1587
07/19/2002,VNY,CA,AWP,WE,Towers with Display (VFR),0,40,154,0,194,0,20,676,0,696,0,60,830,0,890,400,0,400,1290
07/20/2002,VNY,CA,AWP,WE,Towers with Display (VFR),0,28,133,0,161,0,13,731,0,744,0,41,864,0,905,502,0,502,1407
07/21/2002,VNY,CA,AWP,WE,Towers with Display (VFR),0,49,143,0,192,0,9,537,0,546,0,58,680,0,738,364,0,364,1102
07/22/2002,VNY,CA,AWP,WE,Towers with Display (VFR),0,43,130,0,173,0,10,744,0,754,0,53,874,0,927,330,0,330,1257
07/23/2002,VNY,CA,AWP,WE,Towers with Display (VFR),0,49,99,0,148,0,24,809,2,835,0,73,908,2,983,456,0,456,1439
07/24/2002,VNY,CA,AWP,WE,Towers with Display (VFR),0,55,119,2,176,0,4,737,0,741,0,59,856,2,917,424,0,424,1341
07/25/2002,VNY,CA,AWP,WE,Towers with Display (VFR),0,49,127,0,176,0,7,791,0,798,0,56,918,0,974,456,0,456,1430
07/26/2002,VNY,CA,AWP,WE,Towers with Display (VFR),0,37,119,0,156,0,12,963,0,975,0,49,1082,0,1131,484,0,484,1615
07/27/2002,VNY,CA,AWP,WE,Towers with Display (VFR),0,15,109,0,124,0,20,705,1,726,0,35,814,1,850,500,0,500,1350
07/28/2002,VNY,CA,AWP,WE,Towers with Display (VFR),0,31,148,0,179,0,7,680,0,687,0,38,828,0,866,454,0,454,1320
07/29/2002,VNY,CA,AWP,WE,Towers with Display (VFR),0,35,89,0,124,0,0,642,0,642,0,35,731,0,766,472,0,472,1238
07/30/2002,VNY,CA,AWP,WE,Towers with Display (VFR),0,36,144,0,180,0,13,860,0,873,0,49,1004,0,1053,518,0,518,1571
07/31/2002,VNY,CA,AWP,WE,Towers with Display (VFR),0,49,148,0,197,0,5,696,0,701,0,54,844,0,898,426,0,426,1324
08/01/2002,VNY,CA,AWP,WE,Towers with Display (VFR),0,54,136,1,191,0,1,710,0,711,0,55,846,1,902,408,0,408,1310
08/02/2002,VNY,CA,AWP,WE,Towers with Display (VFR),0,44,184,0,228,0,15,686,0,701,0,59,870,0,929,324,0,324,1253
08/03/2002,VNY,CA,AWP,WE,Towers with Display (VFR),0,34,137,0,171,0,3,596,0,599,0,37,733,0,770,386,0,386,1156
08/04/2002,VNY,CA,AWP,WE,Towers with Display (VFR),0,52,153,0,205,0,7,759,0,766,0,59,912,0,971,642,0,642,1613
08/05/2002,VNY,CA,AWP,WE,Towers with Display (VFR),0,44,95,0,139,0,0,797,0,797,0,44,892,0,936,330,0,330,1266
08/06/2002,VNY,CA,AWP,WE,Towers with Display (VFR),0,18,123,0,141,0,12,747,0,759,0,30,870,0,900,434,0,434,1334
08/07/2002,VNY,CA,AWP,WE,Towers with Display (VFR),0,26,145,0,171,0,19,845,0,864,0,45,990,0,1035,546,0,546,1581
08/08/2002,VNY,CA,AWP,WE,Towers with Display (VFR),0,36,141,0,177,0,5,833,0,838,0,41,974,0,1015,514,0,514,1529
08/09/2002,VNY,CA,AWP,WE,Towers with Display (VFR),0,42,140,2,184,0,8,848,0,856,0,50,988,2,1040,368,0,368,1408
08/10/2002,VNY,CA,AWP,WE,Towers with Display (VFR),0,31,133,0,164,0,9,915,0,924,0,40,1048,0,1088,514,0,514,1602
08/11/2002,VNY,CA,AWP,WE,Towers with Display (VFR),0,43,135,1,179,0,7,600,3,610,0,50,735,4,789,396,0,396,1185
08/12/2002,VNY,CA,AWP,WE,Towers with Display (VFR),0,33,145,0,178,0,16,767,0,783,0,49,912,0,961,316,0,316,1277
08/13/2002,VNY,CA,AWP,WE,Towers with Display (VFR),0,28,153,0,181,0,22,892,5,919,0,50,1045,5,1100,466,0,466,1566
08/14/2002,VNY,CA,AWP,WE,Towers with Display (VFR),0,42,142,0,184,0,8,817,0,825,0,50,959,0,1009,462,0,462,1471
08/15/2002,VNY,CA,AWP,WE,Towers with Display (VFR),0,41,177,0,218,0,10,520,0,530,0,51,697,0,748,398,0,398,1146
08/16/2002,VNY,CA,AWP,WE,Towers with Display (VFR),0,45,175,0,220,0,2,766,0,768,0,47,941,0,988,332,0,332,1320
08/17/2002,VNY,CA,AWP,WE,Towers with Display (VFR),0,21,161,0,182,0,15,539,0,554,0,36,700,0,736,280,0,280,1016
08/18/2002,VNY,CA,AWP,WE,Towers with Display (VFR),0,37,234,0,271,0,8,395,0,403,0,45,629,0,674,214,0,214,888
08/19/2002,VNY,CA,AWP,WE,Towers with Display (VFR),0,37,146,0,183,0,6,572,0,578,0,43,718,0,761,236,0,236,997
08/20/2002,VNY,CA,AWP,WE,Towers with Display (VFR),0,29,151,0,180,0,26,659,0,685,0,55,810,0,865,256,0,256,1121
08/21/2002,VNY,CA,AWP,WE,Towers with Display (VFR),0,45,180,6,231,0,8,654,0,662,0,53,834,6,893,272,0,272,1165
08/22/2002,VNY,CA,AWP,WE,Towers with Display (VFR),0,31,126,2,159,0,13,665,0,678,0,44,791,2,837,192,0,192,1029
08/23/2002,VNY,CA,AWP,WE,Towers with Display (VFR),0,44,131,2,177,0,3,852,0,855,0,47,983,2,1032,476,0,476,1508
08/24/2002,VNY,CA,AWP,WE,Towers with Display (VFR),0,37,122,1,160,0,12,957,1,970,0,49,1079,2,1130,476,0,476,1606
08/25/2002,VNY,CA,AWP,WE,Towers with Display (VFR),0,31,164,2,197,0,9,858,0,867,0,40,1022,2,1064,706,0,706,1770
08/26/2002,VNY,CA,AWP,WE,Towers with Display (VFR),0,32,132,0,164,0,13,772,0,785,0,45,904,0,949,258,0,258,1207
08/27/2002,VNY,CA,AWP,WE,Towers with Display (VFR),0,31,149,0,180,0,24,992,4,1020,0,55,1141,4,1200,642,0,642,1842
08/28/2002,VNY,CA,AWP,WE,Towers with Display (VFR),0,36,167,0,203,0,3,726,0,729,0,39,893,0,932,488,0,488,1420
08/29/2002,VNY,CA,AWP,WE,Towers with Display (VFR),0,40,140,0,180,0,6,749,0,755,0,46,889,0,935,370,0,370,1305
08/30/2002,VNY,CA,AWP,WE,Towers with Display (VFR),0,55,146,0,201,0,0,856,0,856,0,55,1002,0,1057,392,0,392,1449
08/31/2002,VNY,CA,AWP,WE,Towers with Display (VFR),0,21,110,1,132,0,15,710,0,725,0,36,820,1,857,364,0,364,1221
09/01/2002,VNY,CA,AWP,WE,Towers with Display (VFR),0,23,99,0,122,0,12,514,0,526,0,35,613,0,648,260,0,260,908
09/02/2002,VNY,CA,AWP,WE,Towers with Display (VFR),0,50,101,0,151,0,0,837,0,837,0,50,938,0,988,352,0,352,1340
09/03/2002,VNY,CA,AWP,WE,Towers with Display (VFR),0,39,107,2,148,0,11,674,3,688,0,50,781,5,836,316,0,316,1152
09/04/2002,VNY,CA,AWP,WE,Towers with Display (VFR),0,20,127,2,149,0,28,751,0,779,0,48,878,2,928,350,0,350,1278
09/05/2002,VNY,CA,AWP,WE,Towers with Display (VFR),0,26,127,3,156,0,8,757,1,766,0,34,884,4,922,314,0,314,1236
09/06/2002,VNY,CA,AWP,WE,Towers with Display (VFR),0,22,124,0,146,0,12,865,0,877,0,34,989,0,1023,410,0,410,1433
09/07/2002,VNY,CA,AWP,WE,Towers with Display (VFR),0,26,97,0,123,0,11,886,0,897,0,37,983,0,1020,620,0,620,1640
09/08/2002,VNY,CA,AWP,WE,Towers with Display (VFR),0,21,142,0,163,0,10,746,0,756,0,31,888,0,919,469,0,469,1388
09/09/2002,VNY,CA,AWP,WE,Towers with Display (VFR),0,30,105,0,135,0,4,805,0,809,0,34,910,0,944,262,0,262,1206
09/10/2002,VNY,CA,AWP,WE,Towers with Display (VFR),0,34,111,1,146,0,29,764,1,794,0,63,875,2,940,428,0,428,1368
09/11/2002,VNY,CA,AWP,WE,Towers with Display (VFR),0,25,129,1,155,0,7,827,3,837,0,32,956,4,992,438,0,438,1430
09/12/2002,VNY,CA,AWP,WE,Towers with Display (VFR),0,30,165,0,195,0,18,837,0,855,0,48,1002,0,1050,470,0,470,1520
09/13/2002,VNY,CA,AWP,WE,Towers with Display (VFR),0,32,159,0,191,0,11,885,2,898,0,43,1044,2,1089,564,0,564,1653
09/14/2002,VNY,CA,AWP,WE,Towers with Display (VFR),0,30,132,0,162,0,10,849,0,859,0,40,981,0,1021,554,0,554,1575
09/15/2002,VNY,CA,AWP,WE,Towers with Display (VFR),0,44,154,0,198,0,13,852,0,865,0,57,1006,0,1063,528,0,528,1591
09/16/2002,VNY,CA,AWP,WE,Towers with Display (VFR),0,18,121,0,139,0,6,842,0,848,0,24,963,0,987,486,0,486,1473
09/17/2002,VNY,CA,AWP,WE,Towers with Display (VFR),0,33,136,0,169,0,8,828,0,836,0,41,964,0,1005,388,0,388,1393
09/18/2002,VNY,CA,AWP,WE,Towers with Display (VFR),0,47,163,0,210,0,13,859,0,872,0,60,1022,0,1082,302,0,302,1384
09/19/2002,VNY,CA,AWP,WE,Towers with Display (VFR),0,58,150,2,210,0,0,876,0,876,0,58,1026,2,1086,396,0,396,1482
09/20/2002,VNY,CA,AWP,WE,Towers with Display (VFR),0,32,158,1,191,0,27,975,0,1002,0,59,1133,1,1193,370,0,370,1563
09/21/2002,VNY,CA,AWP,WE,Towers with Display (VFR),0,42,109,0,151,0,2,1085,0,1087,0,44,1194,0,1238,498,0,498,1736
09/22/2002,VNY,CA,AWP,WE,Towers with Display (VFR),0,42,155,0,197,0,8,879,0,887,0,50,1034,0,1084,586,0,586,1670
09/23/2002,VNY,CA,AWP,WE,Towers with Display (VFR),0,25,116,0,141,0,12,677,0,689,0,37,793,0,830,340,0,340,1170
09/24/2002,VNY,CA,AWP,WE,Towers with Display (VFR),0,41,139,0,180,0,11,700,0,711,0,52,839,0,891,392,0,392,1283
09/25/2002,VNY,CA,AWP,WE,Towers with Display (VFR),0,34,145,0,179,0,7,720,0,727,0,41,865,0,906,318,0,318,1224
09/26/2002,VNY,CA,AWP,WE,Towers with Display (VFR),0,46,151,0,197,0,0,719,0,719,0,46,870,0,916,220,0,220,1136
09/27/2002,VNY,CA,AWP,WE,Towers with Display (VFR),0,56,176,0,232,0,4,763,0,767,0,60,939,0,999,290,0,290,1289
09/28/2002,VNY,CA,AWP,WE,Towers with Display (VFR),0,29,120,0,149,0,2,561,0,563,0,31,681,0,712,268,0,268,980
09/29/2002,VNY,CA,AWP,WE,Towers with Display (VFR),0,27,171,0,198,0,7,688,0,695,0,34,859,0,893,584,0,584,1477
09/30/2002,VNY,CA,AWP,WE,Towers with Display (VFR),0,39,151,0,190,0,7,864,1,872,0,46,1015,1,1062,336,0,336,1398
10/01/2002,VNY,CA,AWP,WE,Towers with Display (VFR),0,24,166,0,190,0,18,594,0,612,0,42,760,0,802,290,0,290,1092
10/02/2002,VNY,CA,AWP,WE,Towers with Display (VFR),0,21,131,0,152,0,26,920,0,946,0,47,1051,0,1098,512,0,512,1610
10/03/2002,VNY,CA,AWP,WE,Towers with Display (VFR),0,15,147,0,162,0,43,772,0,815,0,58,919,0,977,418,0,418,1395
10/04/2002,VNY,CA,AWP,WE,Towers with Display (VFR),0,21,112,1,134,0,22,935,0,957,0,43,1047,1,1091,410,0,410,1501
10/05/2002,VNY,CA,AWP,WE,Towers with Display (VFR),0,24,84,0,108,0,22,877,0,899,0,46,961,0,1007,438,0,438,1445
10/06/2002,VNY,CA,AWP,WE,Towers with Display (VFR),0,21,149,0,170,0,3,802,0,805,0,24,951,0,975,450,0,450,1425
10/07/2002,VNY,CA,AWP,WE,Towers with Display (VFR),0,22,103,0,125,0,11,811,0,822,0,33,914,0,947,396,0,396,1343
10/08/2002,VNY,CA,AWP,WE,Towers with Display (VFR),0,29,113,0,142,0,1,761,3,765,0,30,874,3,907,452,0,452,1359
10/09/2002,VNY,CA,AWP,WE,Towers with Display (VFR),0,27,157,0,184,0,14,753,0,767,0,41,910,0,951,432,0,432,1383
10/10/2002,VNY,CA,AWP,WE,Towers with Display (VFR),0,39,182,0,221,0,12,510,1,523,0,51,692,1,744,322,0,322,1066
10/11/2002,VNY,CA,AWP,WE,Towers with Display (VFR),0,28,166,1,195,0,19,808,1,828,0,47,974,2,1023,358,0,358,1381
10/12/2002,VNY,CA,AWP,WE,Towers with Display (VFR),0,15,106,2,123,0,16,701,0,717,0,31,807,2,840,504,0,504,1344
10/13/2002,VNY,CA,AWP,WE,Towers with Display (VFR),0,22,140,1,163,0,3,602,1,606,0,25,742,2,769,526,0,526,1295
10/14/2002,VNY,CA,AWP,WE,Towers with Display (VFR),0,41,176,6,223,0,0,670,0,670,0,41,846,6,893,322,0,322,1215
10/15/2002,VNY,CA,AWP,WE,Towers with Display (VFR),0,34,183,3,220,0,19,321,2,342,0,53,504,5,562,94,0,94,656
10/16/2002,VNY,CA,AWP,WE,Towers with Display (VFR),0,34,193,0,227,0,13,507,0,520,0,47,700,0,747,398,0,398,1145
10/17/2002,VNY,CA,AWP,WE,Towers with Display (VFR),0,35,168,0,203,0,18,830,0,848,0,53,998,0,1051,420,0,420,1471
10/18/2002,VNY,CA,AWP,WE,Towers with Display (VFR),0,45,193,0,238,0,9,993,0,1002,0,54,1186,0,1240,526,0,526,1766
10/19/2002,VNY,CA,AWP,WE,Towers with Display (VFR),0,24,133,0,157,0,14,849,2,865,0,38,982,2,1022,484,0,484,1506
10/20/2002,VNY,CA,AWP,WE,Towers with Display (VFR),0,25,161,0,186,0,0,586,0,586,0,25,747,0,772,550,0,550,1322
10/21/2002,VNY,CA,AWP,WE,Towers with Display (VFR),0,25,137,0,162,0,10,452,3,465,0,35,589,3,627,162,0,162,789
10/22/2002,VNY,CA,AWP,WE,Towers with Display (VFR),0,29,166,0,195,0,16,628,1,645,0,45,794,1,840,514,4,518,1358
10/23/2002,VNY,CA,AWP,WE,Towers with Display (VFR),0,42,136,0,178,0,1,724,0,725,0,43,860,0,903,544,0,544,1447
10/24/2002,VNY,CA,AWP,WE,Towers with Display (VFR),0,43,176,0,219,0,1,658,0,659,0,44,834,0,878,538,0,538,1416
10/25/2002,VNY,CA,AWP,WE,Towers with Display (VFR),0,26,176,0,202,0,5,592,2,599,0,31,768,2,801,196,0,196,997
10/26/2002,VNY,CA,AWP,WE,Towers with Display (VFR),0,17,114,0,131,0,2,636,2,640,0,19,750,2,771,514,0,514,1285
10/27/2002,VNY,CA,AWP,WE,Towers with Display (VFR),0,39,132,0,171,0,2,656,0,658,0,41,788,0,829,562,0,562,1391
10/28/2002,VNY,CA,AWP,WE,Towers with Display (VFR),0,15,104,0,119,0,19,783,0,802,0,34,887,0,921,474,0,474,1395
10/29/2002,VNY,CA,AWP,WE,Towers with Display (VFR),0,36,138,0,174,0,15,678,0,693,0,51,816,0,867,594,0,594,1461
10/30/2002,VNY,CA,AWP,WE,Towers with Display (VFR),0,47,184,2,233,0,8,880,0,888,0,55,1064,2,1121,528,10,538,1659
10/31/2002,VNY,CA,AWP,WE,Towers with Display (VFR),0,25,202,0,227,0,6,549,1,556,0,31,751,1,783,354,0,354,1137
11/01/2002,VNY,CA,AWP,WE,Towers with Display (VFR),0,38,184,0,222,0,4,802,0,806,0,42,986,0,1028,438,0,438,1466
11/02/2002,VNY,CA,AWP,WE,Towers with Display (VFR),0,21,106,0,127,0,8,965,3,976,0,29,1071,3,1103,750,0,750,1853
11/03/2002,VNY,CA,AWP,WE,Towers with Display (VFR),0,32,125,0,157,0,11,672,0,683,0,43,797,0,840,406,0,406,1246
11/04/2002,VNY,CA,AWP,WE,Towers with Display (VFR),0,25,119,0,144,0,11,689,0,700,0,36,808,0,844,456,0,456,1300
11/05/2002,VNY,CA,AWP,WE,Towers with Display (VFR),0,33,119,0,152,0,3,856,0,859,0,36,975,0,1011,556,0,556,1567
11/06/2002,VNY,CA,AWP,WE,Towers with Display (VFR),0,12,161,0,173,0,27,876,0,903,0,39,1037,0,1076,504,0,504,1580
11/07/2002,VNY,CA,AWP,WE,Towers with Display (VFR),0,46,139,0,185,0,1,713,0,714,0,47,852,0,899,424,0,424,1323
11/08/2002,VNY,CA,AWP,WE,Towers with Display (VFR),0,42,200,0,242,0,0,256,0,256,0,42,456,0,498,12,0,12,510
11/09/2002,VNY,CA,AWP,WE,Towers with Display (VFR),0,28,123,0,151,0,2,131,0,133,0,30,254,0,284,66,0,66,350
11/10/2002,VNY,CA,AWP,WE,Towers with Display (VFR),0,19,137,0,156,0,11,729,0,740,0,30,866,0,896,424,0,424,1320
11/11/2002,VNY,CA,AWP,WE,Towers with Display (VFR),0,24,95,0,119,0,9,774,0,783,0,33,869,0,902,400,0,400,1302
11/12/2002,VNY,CA,AWP,WE,Towers with Display (VFR),0,22,114,0,136,0,13,814,0,827,0,35,928,0,963,382,0,382,1345
11/13/2002,VNY,CA,AWP,WE,Towers with Display (VFR),0,28,140,0,168,0,12,761,0,773,0,40,901,0,941,420,0,420,1361
11/14/2002,VNY,CA,AWP,WE,Towers with Display (VFR),0,32,130,0,162,0,8,1013,0,1021,0,40,1143,0,1183,600,0,600,1783
11/15/2002,VNY,CA,AWP,WE,Towers with Display (VFR),0,21,135,0,156,0,13,1032,2,1047,0,34,1167,2,1203,376,0,376,1579
11/16/2002,VNY,CA,AWP,WE,Towers with Display (VFR),0,23,91,0,114,0,6,959,0,965,0,29,1050,0,1079,642,0,642,1721
11/17/2002,VNY,CA,AWP,WE,Towers with Display (VFR),0,35,154,0,189,0,6,842,0,848,0,41,996,0,1037,612,0,612,1649
11/18/2002,VNY,CA,AWP,WE,Towers with Display (VFR),0,25,110,0,135,0,9,803,0,812,0,34,913,0,947,406,0,406,1353
11/19/2002,VNY,CA,AWP,WE,Towers with Display (VFR),0,30,110,2,142,0,19,813,0,832,0,49,923,2,974,368,0,368,1342
11/20/2002,VNY,CA,AWP,WE,Towers with Display (VFR),0,40,139,3,182,0,3,766,0,769,0,43,905,3,951,248,0,248,1199
11/21/2002,VNY,CA,AWP,WE,Towers with Display (VFR),0,51,148,0,199,0,0,1044,0,1044,0,51,1192,0,1243,574,0,574,1817
11/22/2002,VNY,CA,AWP,WE,Towers with Display (VFR),0,50,128,0,178,0,15,1365,0,1380,0,65,1493,0,1558,630,0,630,2188
11/23/2002,VNY,CA,AWP,WE,Towers with Display (VFR),0,24,140,0,164,0,6,609,0,615,0,30,749,0,779,494,0,494,1273
11/24/2002,VNY,CA,AWP,WE,Towers with Display (VFR),0,30,138,0,168,0,8,740,0,748,0,38,878,0,916,650,0,650,1566
11/25/2002,VNY,CA,AWP,WE,Towers with Display (VFR),0,25,101,0,126,0,17,721,0,738,0,42,822,0,864,256,0,256,1120
11/26/2002,VNY,CA,AWP,WE,Towers with Display (VFR),0,38,107,0,145,0,19,568,0,587,0,57,675,0,732,134,0,134,866
11/27/2002,VNY,CA,AWP,WE,Towers with Display (VFR),0,44,166,0,210,0,5,848,0,853,0,49,1014,0,1063,344,0,344,1407
11/28/2002,VNY,CA,AWP,WE,Towers with Display (VFR),0,26,51,0,77,0,1,409,0,410,0,27,460,0,487,184,0,184,671
11/29/2002,VNY,CA,AWP,WE,Towers with Display (VFR),0,21,140,0,161,0,10,737,0,747,0,31,877,0,908,376,0,376,1284
11/30/2002,VNY,CA,AWP,WE,Towers with Display (VFR),0,29,112,0,141,0,16,485,0,501,0,45,597,0,642,378,0,378,1020
12/01/2002,VNY,CA,AWP,WE,Towers with Display (VFR),0,28,195,0,223,0,4,803,0,807,0,32,998,0,1030,646,0,646,1676
12/02/2002,VNY,CA,AWP,WE,Towers with Display (VFR),0,24,101,0,125,0,4,826,0,830,0,28,927,0,955,378,0,378,1333
12/03/2002,VNY,CA,AWP,WE,Towers with Display (VFR),0,32,115,0,147,0,3,818,0,821,0,35,933,0,968,390,0,390,1358
12/04/2002,VNY,CA,AWP,WE,Towers with Display (VFR),0,22,136,2,160,0,12,801,0,813,0,34,937,2,973,418,0,418,1391
12/05/2002,VNY,CA,AWP,WE,Towers with Display (VFR),0,50,121,0,171,0,0,878,0,878,0,50,999,0,1049,378,0,378,1427
12/06/2002,VNY,CA,AWP,WE,Towers with Display (VFR),0,34,146,0,180,0,17,874,0,891,0,51,1020,0,1071,410,0,410,1481
12/07/2002,VNY,CA,AWP,WE,Towers with Display (VFR),0,27,142,1,170,0,5,736,0,741,0,32,878,1,911,490,0,490,1401
12/08/2002,VNY,CA,AWP,WE,Towers with Display (VFR),0,27,110,0,137,0,5,775,0,780,0,32,885,0,917,554,0,554,1471
12/09/2002,VNY,CA,AWP,WE,Towers with Display (VFR),0,26,121,2,149,0,16,743,3,762,0,42,864,5,911,440,0,440,1351
12/10/2002,VNY,CA,AWP,WE,Towers with Display (VFR),0,28,119,0,147,0,16,851,0,867,0,44,970,0,1014,414,0,414,1428
12/11/2002,VNY,CA,AWP,WE,Towers with Display (VFR),0,33,158,0,191,0,12,773,0,785,0,45,931,0,976,410,0,410,1386
12/12/2002,VNY,CA,AWP,WE,Towers with Display (VFR),0,32,131,0,163,0,17,799,0,816,0,49,930,0,979,388,0,388,1367
12/13/2002,VNY,CA,AWP,WE,Towers with Display (VFR),0,19,137,0,156,0,9,940,0,949,0,28,1077,0,1105,480,0,480,1585
12/14/2002,VNY,CA,AWP,WE,Towers with Display (VFR),0,15,74,0,89,0,11,677,0,688,0,26,751,0,777,656,0,656,1433
12/15/2002,VNY,CA,AWP,WE,Towers with Display (VFR),0,29,113,0,142,0,5,462,0,467,0,34,575,0,609,300,0,300,909
12/16/2002,VNY,CA,AWP,WE,Towers with Display (VFR),0,26,162,2,190,0,12,259,0,271,0,38,421,2,461,10,0,10,471
12/17/2002,VNY,CA,AWP,WE,Towers with Display (VFR),0,41,99,0,140,0,5,602,0,607,0,46,701,0,747,295,0,295,1042
12/18/2002,VNY,CA,AWP,WE,Towers with Display (VFR),0,47,117,0,164,0,13,886,0,899,0,60,1003,0,1063,440,0,440,1503
12/19/2002,VNY,CA,AWP,WE,Towers with Display (VFR),0,39,136,0,175,0,20,679,2,701,0,59,815,2,876,316,0,316,1192
12/20/2002,VNY,CA,AWP,WE,Towers with Display (VFR),0,54,165,2,221,0,6,767,0,773,0,60,932,2,994,474,0,474,1468
12/21/2002,VNY,CA,AWP,WE,Towers with Display (VFR),0,39,158,0,197,0,9,406,0,415,0,48,564,0,612,458,0,458,1070
12/22/2002,VNY,CA,AWP,WE,Towers with Display (VFR),0,42,109,0,151,0,8,597,0,605,0,50,706,0,756,294,0,294,1050
12/23/2002,VNY,CA,AWP,WE,Towers with Display (VFR),0,25,106,0,131,0,5,739,0,744,0,30,845,0,875,402,0,402,1277
12/24/2002,VNY,CA,AWP,WE,Towers with Display (VFR),0,25,49,0,74,0,2,525,0,527,0,27,574,0,601,344,0,344,945
12/25/2002,VNY,CA,AWP,WE,Towers with Display (VFR),0,28,56,0,84,0,6,305,0,311,0,34,361,0,395,170,0,170,565
12/26/2002,VNY,CA,AWP,WE,Towers with Display (VFR),0,43,138,0,181,0,0,843,2,845,0,43,981,2,1026,474,0,474,1500
12/27/2002,VNY,CA,AWP,WE,Towers with Display (VFR),0,37,127,1,165,0,11,998,0,1009,0,48,1125,1,1174,528,0,528,1702
12/28/2002,VNY,CA,AWP,WE,Towers with Display (VFR),0,25,112,2,139,0,17,808,0,825,0,42,920,2,964,652,0,652,1616
12/29/2002,VNY,CA,AWP,WE,Towers with Display (VFR),0,30,83,4,117,0,0,610,0,610,0,30,693,4,727,390,0,390,1117
12/30/2002,VNY,CA,AWP,WE,Towers with Display (VFR),0,30,108,0,138,0,5,751,0,756,0,35,859,0,894,422,0,422,1316
12/31/2002,VNY,CA,AWP,WE,Towers with Display (VFR),0,31,99,0,130,0,15,663,0,678,0,46,762,0,808,354,0,354,1162
01/01/2003,VNY,CA,AWP,WE,Towers with Display (VFR),0,18,92,0,110,0,1,432,0,433,0,19,524,0,543,174,0,174,717
01/02/2003,VNY,CA,AWP,WE,Towers with Display (VFR),0,40,148,2,190,0,3,662,0,665,0,43,810,2,855,232,0,232,1087
01/03/2003,VNY,CA,AWP,WE,Towers with Display (VFR),0,42,160,0,202,0,15,950,0,965,0,57,1110,0,1167,434,0,434,1601
01/04/2003,VNY,CA,AWP,WE,Towers with Display (VFR),0,38,153,0,191,0,20,943,0,963,0,58,1096,0,1154,924,0,924,2078
01/05/2003,VNY,CA,AWP,WE,Towers with Display (VFR),0,45,156,0,201,0,5,849,0,854,0,50,1005,0,1055,548,0,548,1603
01/06/2003,VNY,CA,AWP,WE,Towers with Display (VFR),0,23,60,0,83,0,2,439,0,441,0,25,499,0,524,50,0,50,574
01/07/2003,VNY,CA,AWP,WE,Towers with Display (VFR),0,28,85,0,113,0,2,563,2,567,0,30,648,2,680,224,0,224,904
01/08/2003,VNY,CA,AWP,WE,Towers with Display (VFR),0,23,130,2,155,0,17,680,0,697,0,40,810,2,852,340,0,340,1192
01/09/2003,VNY,CA,AWP,WE,Towers with Display (VFR),0,23,162,0,185,0,22,859,0,881,0,45,1021,0,1066,510,0,510,1576
01/10/2003,VNY,CA,AWP,WE,Towers with Display (VFR),0,25,152,0,177,0,15,992,0,1007,0,40,1144,0,1184,629,0,629,1813
01/11/2003,VNY,CA,AWP,WE,Towers with Display (VFR),0,34,109,0,143,0,6,555,2,563,0,40,664,2,706,434,4,438,1144
01/12/2003,VNY,CA,AWP,WE,Towers with Display (VFR),0,25,183,0,208,0,11,808,0,819,0,36,991,0,1027,552,0,552,1579
01/13/2003,VNY,CA,AWP,WE,Towers with Display (VFR),0,33,115,0,148,0,0,754,0,754,0,33,869,0,902,462,0,462,1364
01/14/2003,VNY,CA,AWP,WE,Towers with Display (VFR),0,24,140,0,164,0,11,605,0,616,0,35,745,0,780,396,0,396,1176
01/15/2003,VNY,CA,AWP,WE,Towers with Display (VFR),0,31,141,3,175,0,3,774,0,777,0,34,915,3,952,440,0,440,1392
01/16/2003,VNY,CA,AWP,WE,Towers with Display (VFR),0,33,151,0,184,0,9,758,0,767,0,42,909,0,951,380,0,380,1331
01/17/2003,VNY,CA,AWP,WE,Towers with Display (VFR),0,27,138,0,165,0,5,987,0,992,0,32,1125,0,1157,554,0,554,1711
01/18/2003,VNY,CA,AWP,WE,Towers with Display (VFR),0,23,106,1,130,0,15,921,0,936,0,38,1027,1,1066,770,0,770,1836
01/19/2003,VNY,CA,AWP,WE,Towers with Display (VFR),0,33,105,3,141,0,7,700,0,707,0,40,805,3,848,570,0,570,1418
01/20/2003,VNY,CA,AWP,WE,Towers with Display (VFR),0,40,170,2,212,0,25,853,0,878,0,65,1023,2,1090,438,0,438,1528
01/21/2003,VNY,CA,AWP,WE,Towers with Display (VFR),0,20,134,1,155,0,4,532,0,536,0,24,666,1,691,294,0,294,985
01/22/2003,VNY,CA,AWP,WE,Towers with Display (VFR),0,28,173,0,201,0,11,570,0,581,0,39,743,0,782,316,0,316,1098
01/23/2003,VNY,CA,AWP,WE,Towers with Display (VFR),0,41,142,1,184,0,0,768,0,768,0,41,910,1,952,420,0,420,1372
01/24/2003,VNY,CA,AWP,WE,Towers with Display (VFR),0,32,131,0,163,0,1,773,0,774,0,33,904,0,937,362,0,362,1299
01/25/2003,VNY,CA,AWP,WE,Towers with Display (VFR),0,21,102,0,123,0,2,643,0,645,0,23,745,0,768,444,0,444,1212
01/26/2003,VNY,CA,AWP,WE,Towers with Display (VFR),0,40,100,0,140,0,5,623,0,628,0,45,723,0,768,574,0,574,1342
01/27/2003,VNY,CA,AWP,WE,Towers with Display (VFR),0,31,119,0,150,0,8,630,0,638,0,39,749,0,788,254,0,254,1042
01/28/2003,VNY,CA,AWP,WE,Towers with Display (VFR),0,29,137,0,166,0,11,767,0,778,0,40,904,0,944,364,0,364,1308
01/29/2003,VNY,CA,AWP,WE,Towers with Display (VFR),0,26,162,0,188,0,11,861,0,872,0,37,1023,0,1060,316,0,316,1376
01/30/2003,VNY,CA,AWP,WE,Towers with Display (VFR),0,24,147,0,171,0,4,921,0,925,0,28,1068,0,1096,430,0,430,1526
01/31/2003,VNY,CA,AWP,WE,Towers with Display (VFR),0,29,123,0,152,0,43,918,0,961,0,72,1041,0,1113,438,0,438,1551
02/01/2003,VNY,CA,AWP,WE,Towers with Display (VFR),0,16,116,0,132,0,0,742,0,742,0,16,858,0,874,466,0,466,1340
02/02/2003,VNY,CA,AWP,WE,Towers with Display (VFR),0,31,123,0,154,0,3,397,0,400,0,34,520,0,554,136,0,136,690
02/03/2003,VNY,CA,AWP,WE,Towers with Display (VFR),0,37,88,0,125,0,0,754,0,754,0,37,842,0,879,248,0,248,1127
02/04/2003,VNY,CA,AWP,WE,Towers with Display (VFR),0,24,99,0,123,0,5,761,0,766,0,29,860,0,889,312,0,312,1201
02/05/2003,VNY,CA,AWP,WE,Towers with Display (VFR),0,19,110,0,129,0,2,746,0,748,0,21,856,0,877,266,0,266,1143
02/06/2003,VNY,CA,AWP,WE,Towers with Display (VFR),0,26,146,0,172,0,6,835,0,841,0,32,981,0,1013,382,0,382,1395
02/07/2003,VNY,CA,AWP,WE,Towers with Display (VFR),0,33,112,0,145,0,15,903,0,918,0,48,1015,0,1063,438,0,438,1501
02/08/2003,VNY,CA,AWP,WE,Towers with Display (VFR),0,8,92,0,100,0,6,743,0,749,0,14,835,0,849,508,0,508,1357
02/09/2003,VNY,CA,AWP,WE,Towers with Display (VFR),0,30,117,0,147,0,4,711,0,715,0,34,828,0,862,504,0,504,1366
02/10/2003,VNY,CA,AWP,WE,Towers with Display (VFR),0,18,120,0,138,0,9,701,0,710,0,27,821,0,848,312,0,312,1160
02/11/2003,VNY,CA,AWP,WE,Towers with Display (VFR),0,17,157,0,174,0,3,449,0,452,0,20,606,0,626,70,0,70,696
02/12/2003,VNY,CA,AWP,WE,Towers with Display (VFR),0,22,126,0,148,0,0,120,0,120,0,22,246,0,268,0,0,0,268
02/13/2003,VNY,CA,AWP,WE,Towers with Display (VFR),0,30,198,0,228,0,0,575,0,575,0,30,773,0,803,212,0,212,1015
02/14/2003,VNY,CA,AWP,WE,Towers with Display (VFR),0,45,170,0,215,0,6,962,0,968,0,51,1132,0,1183,406,0,406,1589
02/15/2003,VNY,CA,AWP,WE,Towers with Display (VFR),0,19,186,0,205,0,6,298,0,304,0,25,484,0,509,562,0,562,1071
02/16/2003,VNY,CA,AWP,WE,Towers with Display (VFR),0,13,137,0,150,0,21,717,0,738,0,34,854,0,888,750,0,750,1638
02/17/2003,VNY,CA,AWP,WE,Towers with Display (VFR),0,57,145,0,202,0,0,843,0,843,0,57,988,0,1045,372,0,372,1417
02/18/2003,VNY,CA,AWP,WE,Towers with Display (VFR),0,40,114,0,154,0,8,734,0,742,0,48,848,0,896,354,0,354,1250
02/19/2003,VNY,CA,AWP,WE,Towers with Display (VFR),0,31,152,0,183,0,4,618,0,622,0,35,770,0,805,292,0,292,1097
02/20/2003,VNY,CA,AWP,WE,Towers with Display (VFR),0,30,142,1,173,0,3,662,0,665,0,33,804,1,838,246,0,246,1084
02/21/2003,VNY,CA,AWP,WE,Towers with Display (VFR),0,29,128,0,157,0,1,809,0,810,0,30,937,0,967,426,0,426,1393
02/22/2003,VNY,CA,AWP,WE,Towers with Display (VFR),0,23,121,2,146,0,1,845,0,846,0,24,966,2,992,624,0,624,1616
02/23/2003,VNY,CA,AWP,WE,Towers with Display (VFR),0,38,184,0,222,0,3,545,0,548,0,41,729,0,770,534,0,534,1304
02/24/2003,VNY,CA,AWP,WE,Towers with Display (VFR),0,27,128,0,155,0,0,437,0,437,0,27,565,0,592,140,0,140,732
02/25/2003,VNY,CA,AWP,WE,Towers with Display (VFR),0,27,110,0,137,0,4,477,0,481,0,31,587,0,618,116,0,116,734
02/26/2003,VNY,CA,AWP,WE,Towers with Display (VFR),0,24,159,1,184,0,8,689,0,697,0,32,848,1,881,438,0,438,1319
02/27/2003,VNY,CA,AWP,WE,Towers with Display (VFR),0,40,140,0,180,0,10,637,0,647,0,50,777,0,827,278,0,278,1105
02/28/2003,VNY,CA,AWP,WE,Towers with Display (VFR),0,42,140,0,182,0,3,872,0,875,0,45,1012,0,1057,384,0,384,1441
03/01/2003,VNY,CA,AWP,WE,Towers with Display (VFR),0,30,110,0,140,0,1,795,0,796,0,31,905,0,936,578,0,578,1514
03/02/2003,VNY,CA,AWP,WE,Towers with Display (VFR),0,45,138,0,183,0,4,754,0,758,0,49,892,0,941,388,0,388,1329
03/03/2003,VNY,CA,AWP,WE,Towers with Display (VFR),0,37,115,0,152,0,1,718,0,719,0,38,833,0,871,482,0,482,1353
03/04/2003,VNY,CA,AWP,WE,Towers with Display (VFR),0,15,119,2,136,0,5,476,0,481,0,20,595,2,617,172,0,172,789
03/05/2003,VNY,CA,AWP,WE,Towers with Display (VFR),0,25,116,0,141,0,13,777,4,794,0,38,893,4,935,380,0,380,1315
03/06/2003,VNY,CA,AWP,WE,Towers with Display (VFR),0,53,140,1,194,0,3,857,0,860,0,56,997,1,1054,408,0,408,1462
03/07/2003,VNY,CA,AWP,WE,Towers with Display (VFR),0,28,128,0,156,0,8,849,0,857,0,36,977,0,1013,534,0,534,1547
03/08/2003,VNY,CA,AWP,WE,Towers with Display (VFR),0,16,97,1,114,0,3,850,0,853,0,19,947,1,967,586,0,586,1553
03/09/2003,VNY,CA,AWP,WE,Towers with Display (VFR),0,51,115,0,166,0,7,818,1,826,0,58,933,1,992,458,0,458,1450
03/10/2003,VNY,CA,AWP,WE,Towers with Display (VFR),0,32,95,1,128,0,11,781,0,792,0,43,876,1,920,302,0,302,1222
03/11/2003,VNY,CA,AWP,WE,Towers with Display (VFR),0,31,114,0,145,0,1,629,0,630,0,32,743,0,775,238,0,238,1013
03/12/2003,VNY,CA,AWP,WE,Towers with Display (VFR),0,42,179,3,224,0,6,551,0,557,0,48,730,3,781,382,0,382,1163
03/13/2003,VNY,CA,AWP,WE,Towers with Display (VFR),0,37,163,0,200,0,6,838,0,844,0,43,1001,0,1044,524,0,524,1568
03/14/2003,VNY,CA,AWP,WE,Towers with Display (VFR),0,31,180,2,213,0,12,791,0,803,0,43,971,2,1016,368,0,368,1384
03/15/2003,VNY,CA,AWP,WE,Towers with Display (VFR),0,25,114,0,139,0,0,69,0,69,0,25,183,0,208,0,0,0,208
03/16/2003,VNY,CA,AWP,WE,Towers with Display (VFR),0,33,141,0,174,0,4,617,0,621,0,37,758,0,795,352,0,352,1147
03/17/2003,VNY,CA,AWP,WE,Towers with Display (VFR),0,20,105,0,125,0,7,520,2,529,0,27,625,2,654,234,0,234,888
03/18/2003,VNY,CA,AWP,WE,Towers with Display (VFR),0,27,104,0,131,0,5,486,0,491,0,32,590,0,622,86,0,86,708
03/19/2003,VNY,CA,AWP,WE,Towers with Display (VFR),0,36,131,1,168,0,5,730,1,736,0,41,861,2,904,399,0,399,1303
03/20/2003,VNY,CA,AWP,WE,Towers with Display (VFR),0,27,181,0,208,0,19,665,0,684,0,46,846,0,892,344,0,344,1236
03/21/2003,VNY,CA,AWP,WE,Towers with Display (VFR),0,31,166,0,197,0,3,743,0,746,0,34,909,0,943,466,0,466,1409
03/22/2003,VNY,CA,AWP,WE,Towers with Display (VFR),0,27,113,2,142,0,9,846,0,855,0,36,959,2,997,510,0,510,1507
03/23/2003,VNY,CA,AWP,WE,Towers with Display (VFR),0,32,152,0,184,0,18,730,0,748,0,50,882,0,932,506,0,506,1438
03/24/2003,VNY,CA,AWP,WE,Towers with Display (VFR),0,42,208,0,250,0,8,584,2,594,0,50,792,2,844,240,0,240,1084
03/25/2003,VNY,CA,AWP,WE,Towers with Display (VFR),0,39,126,2,167,0,0,708,1,709,0,39,834,3,876,234,0,234,1110
03/26/2003,VNY,CA,AWP,WE,Towers with Display (VFR),0,40,141,0,181,0,4,594,0,598,0,44,735,0,779,262,0,262,1041
03/27/2003,VNY,CA,AWP,WE,Towers with Display (VFR),0,40,128,0,168,0,14,583,4,601,0,54,711,4,769,174,0,174,943
03/28/2003,VNY,CA,AWP,WE,Towers with Display (VFR),0,32,130,0,162,0,4,752,0,756,0,36,882,0,918,176,0,176,1094
03/29/2003,VNY,CA,AWP,WE,Towers with Display (VFR),0,28,96,0,124,0,9,483,0,492,0,37,579,0,616,392,0,392,1008
03/30/2003,VNY,CA,AWP,WE,Towers with Display (VFR),0,34,112,0,146,0,3,684,0,687,0,37,796,0,833,514,0,514,1347
03/31/2003,VNY,CA,AWP,WE,Towers with Display (VFR),0,23,115,1,139,0,16,658,1,675,0,39,773,2,814,318,0,318,1132
04/01/2003,VNY,CA,AWP,WE,Towers with Display (VFR),0,30,126,0,156,0,4,579,0,583,0,34,705,0,739,254,0,254,993
04/02/2003,VNY,CA,AWP,WE,Towers with Display (VFR),0,30,124,0,154,0,5,603,0,608,0,35,727,0,762,306,0,306,1068
04/03/2003,VNY,CA,AWP,WE,Towers with Display (VFR),0,39,136,0,175,0,2,705,0,707,0,41,841,0,882,522,0,522,1404
04/04/2003,VNY,CA,AWP,WE,Towers with Display (VFR),0,26,149,3,178,0,20,794,1,815,0,46,943,4,993,406,0,406,1399
04/05/2003,VNY,CA,AWP,WE,Towers with Display (VFR),0,17,100,0,117,0,17,496,0,513,0,34,596,0,630,298,0,298,928
04/06/2003,VNY,CA,AWP,WE,Towers with Display (VFR),0,57,111,0,168,0,3,656,0,659,0,60,767,0,827,332,0,332,1159
04/07/2003,VNY,CA,AWP,WE,Towers with Display (VFR),0,26,130,0,156,0,18,687,0,705,0,44,817,0,861,356,0,356,1217
04/08/2003,VNY,CA,AWP,WE,Towers with Display (VFR),0,26,106,2,134,0,6,668,0,674,0,32,774,2,808,304,0,304,1112
04/09/2003,VNY,CA,AWP,WE,Towers with Display (VFR),0,27,127,0,154,0,2,706,2,710,0,29,833,2,864,370,0,370,1234
04/10/2003,VNY,CA,AWP,WE,Towers with Display (VFR),0,23,151,0,174,0,5,744,0,749,0,28,895,0,923,348,0,348,1271
04/11/2003,VNY,CA,AWP,WE,Towers with Display (VFR),0,30,194,0,224,0,4,548,0,552,0,34,742,0,776,292,0,292,1068
04/12/2003,VNY,CA,AWP,WE,Towers with Display (VFR),0,18,165,1,184,0,23,637,1,661,0,41,802,2,845,466,0,466,1311
04/13/2003,VNY,CA,AWP,WE,Towers with Display (VFR),0,42,125,0,167,0,10,330,0,340,0,52,455,0,507,206,0,206,713
04/14/2003,VNY,CA,AWP,WE,Towers with Display (VFR),0,24,105,0,129,0,7,363,0,370,0,31,468,0,499,26,0,26,525
04/15/2003,VNY,CA,AWP,WE,Towers with Display (VFR),0,22,127,0,149,0,16,717,0,733,0,38,844,0,882,348,0,348,1230
04/16/2003,VNY,CA,AWP,WE,Towers with Display (VFR),0,40,131,0,171,0,6,728,0,734,0,46,859,0,905,392,0,392,1297
04/17/2003,VNY,CA,AWP,WE,Towers with Display (VFR),0,49,121,0,170,0,10,671,0,681,0,59,792,0,851,420,0,420,1271
04/18/2003,VNY,CA,AWP,WE,Towers with Display (VFR),0,28,165,3,196,0,10,833,1,844,0,38,998,4,1040,512,0,512,1552
04/19/2003,VNY,CA,AWP,WE,Towers with Display (VFR),0,23,98,0,121,0,12,855,0,867,0,35,953,0,988,454,0,454,1442
04/20/2003,VNY,CA,AWP,WE,Towers with Display (VFR),0,31,125,0,156,0,8,445,0,453,0,39,570,0,609,208,0,208,817
04/21/2003,VNY,CA,AWP,WE,Towers with Display (VFR),0,33,145,0,178,0,14,548,0,562,0,47,693,0,740,258,0,258,998
04/22/2003,VNY,CA,AWP,WE,Towers with Display (VFR),0,29,131,0,160,0,5,597,0,602,0,34,728,0,762,378,0,378,1140
04/23/2003,VNY,CA,AWP,WE,Towers with Display (VFR),0,43,184,0,227,0,4,597,0,601,0,47,781,0,828,324,0,324,1152
04/24/2003,VNY,CA,AWP,WE,Towers with Display (VFR),0,48,180,0,228,0,4,879,0,883,0,52,1059,0,1111,536,0,536,1647
04/25/2003,VNY,CA,AWP,WE,Towers with Display (VFR),0,34,174,0,208,0,19,789,0,808,0,53,963,0,1016,438,0,438,1454
04/26/2003,VNY,CA,AWP,WE,Towers with Display (VFR),0,14,99,1,114,0,15,838,3,856,0,29,937,4,970,488,0,488,1458
04/27/2003,VNY,CA,AWP,WE,Towers with Display (VFR),0,35,153,1,189,0,4,778,0,782,0,39,931,1,971,500,0,500,1471
04/28/2003,VNY,CA,AWP,WE,Towers with Display (VFR),0,18,161,0,179,0,6,700,2,708,0,24,861,2,887,278,0,278,1165
04/29/2003,VNY,CA,AWP,WE,Towers with Display (VFR),0,31,119,0,150,0,4,667,0,671,0,35,786,0,821,388,0,388,1209
04/30/2003,VNY,CA,AWP,WE,Towers with Display (VFR),0,26,163,0,189,0,6,728,0,734,0,32,891,0,923,420,0,420,1343
05/01/2003,VNY,CA,AWP,WE,Towers with Display (VFR),0,30,160,0,190,0,24,935,5,964,0,54,1095,5,1154,634,6,640,1794
05/02/2003,VNY,CA,AWP,WE,Towers with Display (VFR),0,38,141,1,180,0,14,696,1,711,0,52,837,2,891,498,0,498,1389
05/03/2003,VNY,CA,AWP,WE,Towers with Display (VFR),0,19,106,0,125,0,6,227,0,233,0,25,333,0,358,62,0,62,420
05/04/2003,VNY,CA,AWP,WE,Towers with Display (VFR),0,32,150,0,182,0,7,700,0,707,0,39,850,0,889,544,0,544,1433
05/05/2003,VNY,CA,AWP,WE,Towers with Display (VFR),0,36,119,1,156,0,13,673,1,687,0,49,792,2,843,302,0,302,1145
05/06/2003,VNY,CA,AWP,WE,Towers with Display (VFR),0,26,163,0,189,0,6,549,1,556,0,32,712,1,745,354,0,354,1099
05/07/2003,VNY,CA,AWP,WE,Towers with Display (VFR),0,34,170,0,204,0,32,623,1,656,0,66,793,1,860,458,0,458,1318
05/08/2003,VNY,CA,AWP,WE,Towers with Display (VFR),0,33,151,1,185,0,6,674,0,680,0,39,825,1,865,376,0,376,1241
05/09/2003,VNY,CA,AWP,WE,Towers with Display (VFR),0,31,112,0,143,0,13,910,0,923,0,44,1022,0,1066,444,0,444,1510
05/10/2003,VNY,CA,AWP,WE,Towers with Display (VFR),0,17,125,0,142,0,12,952,0,964,0,29,1077,0,1106,796,0,796,1902
05/11/2003,VNY,CA,AWP,WE,Towers with Display (VFR),0,23,107,0,130,0,5,628,0,633,0,28,735,0,763,312,0,312,1075
05/12/2003,VNY,CA,AWP,WE,Towers with Display (VFR),0,33,91,0,124,0,4,763,0,767,0,37,854,0,891,436,0,436,1327
05/13/2003,VNY,CA,AWP,WE,Towers with Display (VFR),0,27,128,0,155,0,15,635,2,652,0,42,763,2,807,436,0,436,1243
05/14/2003,VNY,CA,AWP,WE,Towers with Display (VFR),0,21,182,0,203,0,12,655,0,667,0,33,837,0,870,382,0,382,1252
05/15/2003,VNY,CA,AWP,WE,Towers with Display (VFR),0,38,159,0,197,0,17,884,0,901,0,55,1043,0,1098,490,0,490,1588
05/16/2003,VNY,CA,AWP,WE,Towers with Display (VFR),0,34,149,0,183,0,16,926,0,942,0,50,1075,0,1125,690,0,690,1815
05/17/2003,VNY,CA,AWP,WE,Towers with Display (VFR),0,17,113,0,130,0,10,743,0,753,0,27,856,0,883,526,0,526,1409
05/18/2003,VNY,CA,AWP,WE,Towers with Display (VFR),0,32,155,0,187,0,3,634,0,637,0,35,789,0,824,388,0,388,1212
05/19/2003,VNY,CA,AWP,WE,Towers with Display (VFR),0,35,131,0,166,0,6,700,0,706,0,41,831,0,872,314,0,314,1186
05/20/2003,VNY,CA,AWP,WE,Towers with Display (VFR),0,29,136,0,165,0,14,781,0,795,0,43,917,0,960,422,0,422,1382
05/21/2003,VNY,CA,AWP,WE,Towers with Display (VFR),0,43,159,0,202,0,5,789,0,794,0,48,948,0,996,337,0,337,1333
05/22/2003,VNY,CA,AWP,WE,Towers with Display (VFR),0,42,167,0,209,0,12,828,0,840,0,54,995,0,1049,512,0,512,1561
05/23/2003,VNY,CA,AWP,WE,Towers with Display (VFR),0,45,183,2,230,0,12,836,1,849,0,57,1019,3,1079,660,0,660,1739
05/24/2003,VNY,CA,AWP,WE,Towers with Display (VFR),0,18,183,0,201,0,7,331,1,339,0,25,514,1,540,230,0,230,770
05/25/2003,VNY,CA,AWP,WE,Towers with Display (VFR),0,16,134,1,151,0,8,381,0,389,0,24,515,1,540,396,0,396,936
05/26/2003,VNY,CA,AWP,WE,Towers with Display (VFR),0,43,150,2,195,0,3,870,0,873,0,46,1020,2,1068,525,0,525,1593
05/27/2003,VNY,CA,AWP,WE,Towers with Display (VFR),0,39,119,0,158,0,6,695,0,701,0,45,814,0,859,316,0,316,1175
05/28/2003,VNY,CA,AWP,WE,Towers with Display (VFR),0,26,161,0,187,0,6,736,0,742,0,32,897,0,929,386,0,386,1315
05/29/2003,VNY,CA,AWP,WE,Towers with Display (VFR),0,54,155,0,209,0,12,936,0,948,0,66,1091,0,1157,660,0,660,1817
05/30/2003,VNY,CA,AWP,WE,Towers with Display (VFR),0,28,141,0,169,0,20,947,0,967,0,48,1088,0,1136,526,0,526,1662
05/31/2003,VNY,CA,AWP,WE,Towers with Display (VFR),0,22,132,0,154,0,3,732,0,735,0,25,864,0,889,582,0,582,1471
06/01/2003,VNY,CA,AWP,WE,Towers with Display (VFR),0,32,160,0,192,0,5,523,0,528,0,37,683,0,720,364,0,364,1084
06/02/2003,VNY,CA,AWP,WE,Towers with Display (VFR),0,23,116,0,139,0,7,510,0,517,0,30,626,0,656,262,0,262,918
06/03/2003,VNY,CA,AWP,WE,Towers with Display (VFR),0,25,165,0,190,0,0,280,0,280,0,25,445,0,470,262,0,262,732
06/04/2003,VNY,CA,AWP,WE,Towers with Display (VFR),0,39,179,0,218,0,6,648,0,654,0,45,827,0,872,286,0,286,1158
06/05/2003,VNY,CA,AWP,WE,Towers with Display (VFR),0,20,188,0,208,0,9,520,0,529,0,29,708,0,737,244,0,244,981
06/06/2003,VNY,CA,AWP,WE,Towers with Display (VFR),0,37,213,0,250,0,0,686,0,686,0,37,899,0,936,328,0,328,1264
06/07/2003,VNY,CA,AWP,WE,Towers with Display (VFR),0,14,152,0,166,0,1,460,0,461,0,15,612,0,627,284,0,284,911
06/08/2003,VNY,CA,AWP,WE,Towers with Display (VFR),0,34,137,0,171,0,0,488,0,488,0,34,625,0,659,282,0,282,941
06/09/2003,VNY,CA,AWP,WE,Towers with Display (VFR),0,18,170,0,188,0,6,392,0,398,0,24,562,0,586,67,0,67,653
06/10/2003,VNY,CA,AWP,WE,Towers with Display (VFR),0,15,176,0,191,0,17,499,1,517,0,32,675,1,708,210,0,210,918
06/11/2003,VNY,CA,AWP,WE,Towers with Display (VFR),0,29,168,0,197,0,4,704,2,710,0,33,872,2,907,418,10,428,1335
06/12/2003,VNY,CA,AWP,WE,Towers with Display (VFR),0,37,175,4,216,0,18,762,0,780,0,55,937,4,996,666,0,666,1662
06/13/2003,VNY,CA,AWP,WE,Towers with Display (VFR),0,42,185,5,232,0,6,846,1,853,0,48,1031,6,1085,418,0,418,1503
06/14/2003,VNY,CA,AWP,WE,Towers with Display (VFR),0,38,174,4,216,0,17,763,0,780,0,55,937,4,996,666,0,666,1662
06/15/2003,VNY,CA,AWP,WE,Towers with Display (VFR),0,35,128,1,164,0,4,532,0,536,0,39,660,1,700,398,0,398,1098
06/16/2003,VNY,CA,AWP,WE,Towers with Display (VFR),0,36,163,0,199,0,5,732,0,737,0,41,895,0,936,330,0,330,1266
06/17/2003,VNY,CA,AWP,WE,Towers with Display (VFR),0,25,155,0,180,0,6,647,0,653,0,31,802,0,833,336,0,336,1169
06/18/2003,VNY,CA,AWP,WE,Towers with Display (VFR),0,28,238,0,266,0,4,625,0,629,0,32,863,0,895,434,0,434,1329
06/19/2003,VNY,CA,AWP,WE,Towers with Display (VFR),0,43,207,5,255,0,6,544,0,550,0,49,751,5,805,366,0,366,1171
06/20/2003,VNY,CA,AWP,WE,Towers with Display (VFR),0,38,222,25,285,0,9,890,65,964,0,47,1112,90,1249,407,26,433,1682
06/21/2003,VNY,CA,AWP,WE,Towers with Display (VFR),0,28,119,2,149,0,4,588,6,598,0,32,707,8,747,220,0,220,967
06/22/2003,VNY,CA,AWP,WE,Towers with Display (VFR),0,36,162,9,207,0,4,624,9,637,0,40,786,18,844,236,0,236,1080
06/23/2003,VNY,CA,AWP,WE,Towers with Display (VFR),0,44,129,38,211,0,0,619,0,619,0,44,748,38,830,340,38,378,1208
06/24/2003,VNY,CA,AWP,WE,Towers with Display (VFR),0,31,141,0,172,0,1,764,0,765,0,32,905,0,937,440,0,440,1377
06/25/2003,VNY,CA,AWP,WE,Towers with Display (VFR),0,35,147,0,182,0,0,923,2,925,0,35,1070,2,1107,530,0,530,1637
06/26/2003,VNY,CA,AWP,WE,Towers with Display (VFR),0,32,158,0,190,0,20,935,0,955,0,52,1093,0,1145,440,0,440,1585
06/27/2003,VNY,CA,AWP,WE,Towers with Display (VFR),0,48,225,0,273,0,0,733,2,735,0,48,958,2,1008,262,0,262,1270
06/28/2003,VNY,CA,AWP,WE,Towers with Display (VFR),0,15,152,0,167,0,5,591,0,596,0,20,743,0,763,572,0,572,1335
06/29/2003,VNY,CA,AWP,WE,Towers with Display (VFR),0,40,153,0,193,0,0,607,0,607,0,40,760,0,800,450,0,450,1250
06/30/2003,VNY,CA,AWP,WE,Towers with Display (VFR),0,37,82,0,119,0,0,637,0,637,0,37,719,0,756,268,0,268,1024
07/01/2003,VNY,CA,AWP,WE,Towers with Display (VFR),0,37,122,0,159,0,7,735,0,742,0,44,857,0,901,472,0,472,1373
07/02/2003,VNY,CA,AWP,WE,Towers with Display (VFR),0,51,169,0,220,0,0,828,0,828,0,51,997,0,1048,368,0,368,1416
07/03/2003,VNY,CA,AWP,WE,Towers with Display (VFR),0,24,164,0,188,0,36,913,0,949,0,60,1077,0,1137,566,0,566,1703
07/04/2003,VNY,CA,AWP,WE,Towers with Display (VFR),0,15,66,0,81,0,5,736,0,741,0,20,802,0,822,386,0,386,1208
07/05/2003,VNY,CA,AWP,WE,Towers with Display (VFR),0,25,83,0,108,0,15,629,0,644,0,40,712,0,752,416,0,416,1168
07/06/2003,VNY,CA,AWP,WE,Towers with Display (VFR),0,38,177,0,215,0,3,614,0,617,0,41,791,0,832,352,0,352,1184
07/07/2003,VNY,CA,AWP,WE,Towers with Display (VFR),0,28,132,1,161,0,8,647,0,655,0,36,779,1,816,490,0,490,1306
07/08/2003,VNY,CA,AWP,WE,Towers with Display (VFR),0,26,175,0,201,0,3,718,0,721,0,29,893,0,922,431,0,431,1353
07/09/2003,VNY,CA,AWP,WE,Towers with Display (VFR),0,32,212,0,244,0,3,739,0,742,0,35,951,0,986,492,0,492,1478
07/10/2003,VNY,CA,AWP,WE,Towers with Display (VFR),0,42,194,2,238,0,7,821,0,828,0,49,1015,2,1066,470,0,470,1536
07/11/2003,VNY,CA,AWP,WE,Towers with Display (VFR),0,34,147,0,181,0,3,711,0,714,0,37,858,0,895,312,0,312,1207
07/12/2003,VNY,CA,AWP,WE,Towers with Display (VFR),0,26,89,0,115,0,26,697,0,723,0,52,786,0,838,584,0,584,1422
07/13/2003,VNY,CA,AWP,WE,Towers with Display (VFR),0,51,137,0,188,0,0,646,6,652,0,51,783,6,840,442,0,442,1282
07/14/2003,VNY,CA,AWP,WE,Towers with Display (VFR),0,36,100,0,136,0,2,727,0,729,0,38,827,0,865,375,0,375,1240
07/15/2003,VNY,CA,AWP,WE,Towers with Display (VFR),0,22,100,0,122,0,5,790,2,797,0,27,890,2,919,303,0,303,1222
07/16/2003,VNY,CA,AWP,WE,Towers with Display (VFR),0,38,159,0,197,0,0,781,0,781,0,38,940,0,978,434,0,434,1412
07/17/2003,VNY,CA,AWP,WE,Towers with Display (VFR),0,49,141,0,190,0,8,935,0,943,0,57,1076,0,1133,456,0,456,1589
07/18/2003,VNY,CA,AWP,WE,Towers with Display (VFR),0,34,147,0,181,0,21,858,2,881,0,55,1005,2,1062,566,0,566,1628
07/19/2003,VNY,CA,AWP,WE,Towers with Display (VFR),0,23,86,0,109,0,18,761,6,785,0,41,847,6,894,604,0,604,1498
07/20/2003,VNY,CA,AWP,WE,Towers with Display (VFR),0,51,161,0,212,0,4,795,0,799,0,55,956,0,1011,518,0,518,1529
07/21/2003,VNY,CA,AWP,WE,Towers with Display (VFR),0,33,108,0,141,0,12,599,0,611,0,45,707,0,752,302,0,302,1054
07/22/2003,VNY,CA,AWP,WE,Towers with Display (VFR),0,50,124,0,174,0,0,756,0,756,0,50,880,0,930,402,0,402,1332
07/23/2003,VNY,CA,AWP,WE,Towers with Display (VFR),0,37,138,0,175,0,4,699,0,703,0,41,837,0,878,426,0,426,1304
07/24/2003,VNY,CA,AWP,WE,Towers with Display (VFR),0,37,185,1,223,0,6,785,2,793,0,43,970,3,1016,484,0,484,1500
07/25/2003,VNY,CA,AWP,WE,Towers with Display (VFR),0,36,166,1,203,0,0,697,0,697,0,36,863,1,900,424,0,424,1324
07/26/2003,VNY,CA,AWP,WE,Towers with Display (VFR),0,19,131,2,152,0,10,668,1,679,0,29,799,3,831,493,0,493,1324
07/27/2003,VNY,CA,AWP,WE,Towers with Display (VFR),0,45,137,0,182,0,1,627,0,628,0,46,764,0,810,499,0,499,1309
07/28/2003,VNY,CA,AWP,WE,Towers with Display (VFR),0,42,127,1,170,0,2,627,0,629,0,44,754,1,799,404,0,404,1203
07/29/2003,VNY,CA,AWP,WE,Towers with Display (VFR),0,37,116,0,153,0,9,618,0,627,0,46,734,0,780,304,0,304,1084
07/30/2003,VNY,CA,AWP,WE,Towers with Display (VFR),0,45,122,0,167,0,1,705,0,706,0,46,827,0,873,528,0,528,1401
07/31/2003,VNY,CA,AWP,WE,Towers with Display (VFR),0,29,154,3,186,0,12,819,0,831,0,41,973,3,1017,442,0,442,1459
08/01/2003,VNY,CA,AWP,WE,Towers with Display (VFR),0,35,114,0,149,0,6,857,1,864,0,41,971,1,1013,504,0,504,1517
08/02/2003,VNY,CA,AWP,WE,Towers with Display (VFR),0,24,82,1,107,0,7,730,1,738,0,31,812,2,845,530,24,554,1399
08/03/2003,VNY,CA,AWP,WE,Towers with Display (VFR),0,45,133,2,180,0,7,547,0,554,0,52,680,2,734,524,0,524,1258
08/04/2003,VNY,CA,AWP,WE,Towers with Display (VFR),0,21,107,0,128,0,3,648,0,651,0,24,755,0,779,360,0,360,1139
08/05/2003,VNY,CA,AWP,WE,Towers with Display (VFR),0,33,119,0,152,0,24,726,0,750,0,57,845,0,902,410,0,410,1312
08/06/2003,VNY,CA,AWP,WE,Towers with Display (VFR),0,41,141,0,182,0,8,770,0,778,0,49,911,0,960,428,0,428,1388
08/07/2003,VNY,CA,AWP,WE,Towers with Display (VFR),0,37,130,0,167,0,16,738,0,754,0,53,868,0,921,470,0,470,1391
08/08/2003,VNY,CA,AWP,WE,Towers with Display (VFR),0,32,160,0,192,0,0,876,0,876,0,32,1036,0,1068,432,0,432,1500
08/09/2003,VNY,CA,AWP,WE,Towers with Display (VFR),0,20,95,0,115,0,12,770,0,782,0,32,865,0,897,480,0,480,1377
08/10/2003,VNY,CA,AWP,WE,Towers with Display (VFR),0,35,150,0,185,0,9,681,0,690,0,44,831,0,875,460,0,460,1335
08/11/2003,VNY,CA,AWP,WE,Towers with Display (VFR),0,45,146,0,191,0,7,684,0,691,0,52,830,0,882,336,0,336,1218
08/12/2003,VNY,CA,AWP,WE,Towers with Display (VFR),0,26,134,0,160,0,6,737,2,745,0,32,871,2,905,386,0,386,1291
08/13/2003,VNY,CA,AWP,WE,Towers with Display (VFR),0,31,135,1,167,0,4,704,0,708,0,35,839,1,875,378,0,378,1253
08/14/2003,VNY,CA,AWP,WE,Towers with Display (VFR),0,36,151,0,187,0,3,940,0,943,0,39,1091,0,1130,412,0,412,1542
08/15/2003,VNY,CA,AWP,WE,Towers with Display (VFR),0,40,133,0,173,0,0,774,0,774,0,40,907,0,947,452,0,452,1399
08/16/2003,VNY,CA,AWP,WE,Towers with Display (VFR),0,29,100,1,130,0,2,744,0,746,0,31,844,1,876,496,0,496,1372
08/17/2003,VNY,CA,AWP,WE,Towers with Display (VFR),0,35,148,0,183,0,4,769,0,773,0,39,917,0,956,664,0,664,1620
08/18/2003,VNY,CA,AWP,WE,Towers with Display (VFR),0,28,118,1,147,0,0,695,0,695,0,28,813,1,842,314,0,314,1156
08/19/2003,VNY,CA,AWP,WE,Towers with Display (VFR),0,25,117,0,142,0,1,699,1,701,0,26,816,1,843,522,0,522,1365
08/20/2003,VNY,CA,AWP,WE,Towers with Display (VFR),0,35,140,1,176,0,2,913,0,915,0,37,1053,1,1091,440,0,440,1531
08/21/2003,VNY,CA,AWP,WE,Towers with Display (VFR),0,26,140,0,166,0,20,864,2,886,0,46,1004,2,1052,572,0,572,1624
08/22/2003,VNY,CA,AWP,WE,Towers with Display (VFR),0,36,123,0,159,0,18,886,0,904,0,54,1009,0,1063,608,0,608,1671
08/23/2003,VNY,CA,AWP,WE,Towers with Display (VFR),0,19,105,0,124,0,13,766,1,780,0,32,871,1,904,686,0,686,1590
08/24/2003,VNY,CA,AWP,WE,Towers with Display (VFR),0,41,137,0,178,0,2,714,0,716,0,43,851,0,894,462,2,464,1358
08/25/2003,VNY,CA,AWP,WE,Towers with Display (VFR),0,35,155,1,191,0,0,665,0,665,0,35,820,1,856,280,0,280,1136
08/26/2003,VNY,CA,AWP,WE,Towers with Display (VFR),0,35,86,0,121,0,8,684,0,692,0,43,770,0,813,366,0,366,1179
08/27/2003,VNY,CA,AWP,WE,Towers with Display (VFR),0,39,135,1,175,0,1,720,0,721,0,40,855,1,896,386,0,386,1282
08/28/2003,VNY,CA,AWP,WE,Towers with Display (VFR),0,45,181,1,227,0,8,806,0,814,0,53,987,1,1041,388,0,388,1429
08/29/2003,VNY,CA,AWP,WE,Towers with Display (VFR),0,51,129,0,180,0,0,865,0,865,0,51,994,0,1045,558,0,558,1603
08/30/2003,VNY,CA,AWP,WE,Towers with Display (VFR),0,9,88,0,97,0,10,763,0,773,0,19,851,0,870,442,0,442,1312
08/31/2003,VNY,CA,AWP,WE,Towers with Display (VFR),0,26,68,0,94,0,2,473,0,475,0,28,541,0,569,444,0,444,1013
09/01/2003,VNY,CA,AWP,WE,Towers with Display (VFR),0,35,179,0,214,0,5,868,0,873,0,40,1047,0,1087,566,0,566,1653
09/02/2003,VNY,CA,AWP,WE,Towers with Display (VFR),0,37,108,0,145,0,0,666,0,666,0,37,774,0,811,410,0,410,1221
09/03/2003,VNY,CA,AWP,WE,Towers with Display (VFR),0,24,139,0,163,0,11,772,0,783,0,35,911,0,946,476,0,476,1422
09/04/2003,VNY,CA,AWP,WE,Towers with Display (VFR),0,29,138,0,167,0,15,870,0,885,0,44,1008,0,1052,438,0,438,1490
09/05/2003,VNY,CA,AWP,WE,Towers with Display (VFR),0,29,115,0,144,0,12,980,0,992,0,41,1095,0,1136,570,0,570,1706
09/06/2003,VNY,CA,AWP,WE,Towers with Display (VFR),0,18,101,1,120,0,9,761,0,770,0,27,862,1,890,640,0,640,1530
09/07/2003,VNY,CA,AWP,WE,Towers with Display (VFR),0,27,138,1,166,0,3,644,0,647,0,30,782,1,813,506,0,506,1319
09/08/2003,VNY,CA,AWP,WE,Towers with Display (VFR),0,28,78,0,106,0,1,513,0,514,0,29,591,0,620,270,0,270,890
09/09/2003,VNY,CA,AWP,WE,Towers with Display (VFR),0,26,151,0,177,0,13,771,0,784,0,39,922,0,961,550,0,550,1511
09/10/2003,VNY,CA,AWP,WE,Towers with Display (VFR),0,32,164,1,197,0,14,716,0,730,0,46,880,1,927,408,0,408,1335
09/11/2003,VNY,CA,AWP,WE,Towers with Display (VFR),0,18,158,0,176,0,2,889,0,891,0,20,1047,0,1067,760,0,760,1827
09/12/2003,VNY,CA,AWP,WE,Towers with Display (VFR),0,45,188,0,233,0,7,730,1,738,0,52,918,1,971,458,0,458,1429
09/13/2003,VNY,CA,AWP,WE,Towers with Display (VFR),0,31,128,1,160,0,3,641,0,644,0,34,769,1,804,608,0,608,1412
09/14/2003,VNY,CA,AWP,WE,Towers with Display (VFR),0,42,160,0,202,0,0,680,1,681,0,42,840,1,883,674,0,674,1557
09/15/2003,VNY,CA,AWP,WE,Towers with Display (VFR),0,32,160,0,192,0,3,522,0,525,0,35,682,0,717,250,0,250,967
09/16/2003,VNY,CA,AWP,WE,Towers with Display (VFR),0,30,170,2,202,0,3,599,0,602,0,33,769,2,804,350,0,350,1154
09/17/2003,VNY,CA,AWP,WE,Towers with Display (VFR),0,37,165,0,202,0,9,734,0,743,0,46,899,0,945,318,0,318,1263
09/18/2003,VNY,CA,AWP,WE,Towers with Display (VFR),0,37,147,0,184,0,8,707,0,715,0,45,854,0,899,468,0,468,1367
09/19/2003,VNY,CA,AWP,WE,Towers with Display (VFR),0,41,161,0,202,0,0,682,0,682,0,41,843,0,884,566,0,566,1450
09/20/2003,VNY,CA,AWP,WE,Towers with Display (VFR),0,21,126,2,149,0,2,615,2,619,0,23,741,4,768,756,0,756,1524
09/21/2003,VNY,CA,AWP,WE,Towers with Display (VFR),0,47,163,2,212,0,6,586,0,592,0,53,749,2,804,548,0,548,1352
09/22/2003,VNY,CA,AWP,WE,Towers with Display (VFR),0,46,149,0,195,0,0,735,2,737,0,46,884,2,932,482,0,482,1414
09/23/2003,VNY,CA,AWP,WE,Towers with Display (VFR),0,35,137,0,172,0,4,700,0,704,0,39,837,0,876,552,0,552,1428
09/24/2003,VNY,CA,AWP,WE,Towers with Display (VFR),0,35,176,1,212,0,8,526,1,535,0,43,702,2,747,278,0,278,1025
09/25/2003,VNY,CA,AWP,WE,Towers with Display (VFR),0,29,176,0,205,0,7,676,0,683,0,36,852,0,888,486,0,486,1374
09/26/2003,VNY,CA,AWP,WE,Towers with Display (VFR),0,32,160,0,192,0,0,812,0,812,0,32,972,0,1004,520,0,520,1524
09/27/2003,VNY,CA,AWP,WE,Towers with Display (VFR),0,23,99,0,122,0,14,534,0,548,0,37,633,0,670,522,0,522,1192
09/28/2003,VNY,CA,AWP,WE,Towers with Display (VFR),0,32,232,2,266,0,2,396,0,398,0,34,628,2,664,392,0,392,1056
09/29/2003,VNY,CA,AWP,WE,Towers with Display (VFR),0,20,159,0,179,0,3,497,0,500,0,23,656,0,679,240,0,240,919
09/30/2003,VNY,CA,AWP,WE,Towers with Display (VFR),0,33,191,0,224,0,1,473,0,474,0,34,664,0,698,148,0,148,846
10/01/2003,VNY,CA,AWP,WE,Towers with Display (VFR),0,38,178,0,216,0,10,585,0,595,0,48,763,0,811,304,0,304,1115
10/02/2003,VNY,CA,AWP,WE,Towers with Display (VFR),0,48,222,0,270,0,3,491,0,494,0,51,713,0,764,290,0,290,1054
10/03/2003,VNY,CA,AWP,WE,Towers with Display (VFR),0,43,198,0,241,0,9,669,0,678,0,52,867,0,919,526,0,526,1445
10/04/2003,VNY,CA,AWP,WE,Towers with Display (VFR),0,20,111,0,131,0,0,670,0,670,0,20,781,0,801,658,0,658,1459
10/05/2003,VNY,CA,AWP,WE,Towers with Display (VFR),0,40,184,1,225,0,8,449,0,457,0,48,633,1,682,470,0,470,1152
10/06/2003,VNY,CA,AWP,WE,Towers with Display (VFR),0,28,148,0,176,0,0,360,0,360,0,28,508,0,536,164,0,164,700
10/07/2003,VNY,CA,AWP,WE,Towers with Display (VFR),0,37,162,1,200,0,0,401,2,403,0,37,563,3,603,224,0,224,827
10/08/2003,VNY,CA,AWP,WE,Towers with Display (VFR),0,37,162,0,199,0,4,586,0,590,0,41,748,0,789,372,0,372,1161
10/09/2003,VNY,CA,AWP,WE,Towers with Display (VFR),0,38,175,1,214,0,0,583,0,583,0,38,758,1,797,396,0,396,1193
10/10/2003,VNY,CA,AWP,WE,Towers with Display (VFR),0,38,166,0,204,0,6,673,0,679,0,44,839,0,883,394,0,394,1277
10/11/2003,VNY,CA,AWP,WE,Towers with Display (VFR),0,17,86,0,103,0,0,709,0,709,0,17,795,0,812,608,0,608,1420
10/12/2003,VNY,CA,AWP,WE,Towers with Display (VFR),0,31,135,1,167,0,5,730,5,740,0,36,865,6,907,616,0,616,1523
10/13/2003,VNY,CA,AWP,WE,Towers with Display (VFR),0,26,113,0,139,0,19,609,0,628,0,45,722,0,767,328,0,328,1095
10/14/2003,VNY,CA,AWP,WE,Towers with Display (VFR),0,36,160,1,197,0,9,764,2,775,0,45,924,3,972,458,0,458,1430
10/15/2003,VNY,CA,AWP,WE,Towers with Display (VFR),0,35,154,0,189,0,1,657,0,658,0,36,811,0,847,342,0,342,1189
10/16/2003,VNY,CA,AWP,WE,Towers with Display (VFR),0,35,153,0,188,0,2,571,0,573,0,37,724,0,761,360,0,360,1121
10/17/2003,VNY,CA,AWP,WE,Towers with Display (VFR),0,35,156,1,192,0,6,817,2,825,0,41,973,3,1017,425,0,425,1442
10/18/2003,VNY,CA,AWP,WE,Towers with Display (VFR),0,26,115,1,142,0,5,652,2,659,0,31,767,3,801,436,0,436,1237
10/19/2003,VNY,CA,AWP,WE,Towers with Display (VFR),0,37,165,1,203,0,0,506,2,508,0,37,671,3,711,484,0,484,1195
10/20/2003,VNY,CA,AWP,WE,Towers with Display (VFR),0,28,124,1,153,0,2,654,3,659,0,30,778,4,812,372,0,372,1184
10/21/2003,VNY,CA,AWP,WE,Towers with Display (VFR),0,29,130,1,160,0,9,759,1,769,0,38,889,2,929,342,0,342,1271
10/22/2003,VNY,CA,AWP,WE,Towers with Display (VFR),0,38,166,0,204,0,12,783,5,800,0,50,949,5,1004,374,0,374,1378
10/23/2003,VNY,CA,AWP,WE,Towers with Display (VFR),0,37,164,0,201,0,14,761,2,777,0,51,925,2,978,288,0,288,1266
10/24/2003,VNY,CA,AWP,WE,Towers with Display (VFR),0,36,160,0,196,0,5,757,2,764,0,41,917,2,960,542,0,542,1502
10/25/2003,VNY,CA,AWP,WE,Towers with Display (VFR),0,28,122,0,150,0,10,609,0,619,0,38,731,0,769,364,0,364,1133
10/26/2003,VNY,CA,AWP,WE,Towers with Display (VFR),0,28,124,0,152,0,12,564,0,576,0,40,688,0,728,232,0,232,960
10/27/2003,VNY,CA,AWP,WE,Towers with Display (VFR),0,36,158,0,194,0,23,764,1,788,0,59,922,1,982,170,0,170,1152
10/28/2003,VNY,CA,AWP,WE,Towers with Display (VFR),0,29,128,0,157,0,12,617,0,629,0,41,745,0,786,204,0,204,990
10/29/2003,VNY,CA,AWP,WE,Towers with Display (VFR),0,39,175,1,215,0,5,470,3,478,0,44,645,4,693,108,0,108,801
10/30/2003,VNY,CA,AWP,WE,Towers with Display (VFR),0,29,131,0,160,0,6,670,2,678,0,35,801,2,838,438,0,438,1276
10/31/2003,VNY,CA,AWP,WE,Towers with Display (VFR),0,33,147,0,180,0,0,787,3,790,0,33,934,3,970,466,0,466,1436
11/01/2003,VNY,CA,AWP,WE,Towers with Display (VFR),0,20,95,0,115,0,3,467,0,470,0,23,562,0,585,372,0,372,957
11/02/2003,VNY,CA,AWP,WE,Towers with Display (VFR),0,26,125,0,151,0,11,623,0,634,0,37,748,0,785,732,0,732,1517
11/03/2003,VNY,CA,AWP,WE,Towers with Display (VFR),0,29,140,0,169,0,3,442,0,445,0,32,582,0,614,172,0,172,786
11/04/2003,VNY,CA,AWP,WE,Towers with Display (VFR),0,26,124,0,150,0,3,690,0,693,0,29,814,0,843,572,0,572,1415
11/05/2003,VNY,CA,AWP,WE,Towers with Display (VFR),0,33,161,0,194,0,5,816,0,821,0,38,977,0,1015,530,0,530,1545
11/06/2003,VNY,CA,AWP,WE,Towers with Display (VFR),0,30,145,0,175,0,6,646,0,652,0,36,791,0,827,354,0,354,1181
11/07/2003,VNY,CA,AWP,WE,Towers with Display (VFR),0,31,149,0,180,0,10,748,4,762,0,41,897,4,942,322,0,322,1264
11/08/2003,VNY,CA,AWP,WE,Towers with Display (VFR),0,23,112,0,135,0,3,750,0,753,0,26,862,0,888,516,0,516,1404
11/09/2003,VNY,CA,AWP,WE,Towers with Display (VFR),0,36,176,0,212,0,6,520,1,527,0,42,696,1,739,514,0,514,1253
11/10/2003,VNY,CA,AWP,WE,Towers with Display (VFR),0,23,109,0,132,0,3,544,0,547,0,26,653,0,679,284,0,284,963
11/11/2003,VNY,CA,AWP,WE,Towers with Display (VFR),0,23,130,1,154,0,0,554,3,557,0,23,684,4,711,286,0,286,997
11/12/2003,VNY,CA,AWP,WE,Towers with Display (VFR),0,13,127,0,140,0,0,497,0,497,0,13,624,0,637,182,0,182,819
11/13/2003,VNY,CA,AWP,WE,Towers with Display (VFR),0,31,160,0,191,0,0,818,0,818,0,31,978,0,1009,472,0,472,1481
11/14/2003,VNY,CA,AWP,WE,Towers with Display (VFR),0,29,144,0,173,0,24,997,0,1021,0,53,1141,0,1194,644,0,644,1838
11/15/2003,VNY,CA,AWP,WE,Towers with Display (VFR),0,34,167,0,201,0,11,579,0,590,0,45,746,0,791,704,0,704,1495
11/16/2003,VNY,CA,AWP,WE,Towers with Display (VFR),0,25,123,0,148,0,7,655,0,662,0,32,778,0,810,510,0,510,1320
11/17/2003,VNY,CA,AWP,WE,Towers with Display (VFR),0,31,157,0,188,0,6,652,0,658,0,37,809,0,846,426,0,426,1272
11/18/2003,VNY,CA,AWP,WE,Towers with Display (VFR),0,22,114,0,136,0,15,805,0,820,0,37,919,0,956,432,0,432,1388
11/19/2003,VNY,CA,AWP,WE,Towers with Display (VFR),0,31,156,0,187,0,16,844,0,860,0,47,1000,0,1047,372,0,372,1419
11/20/2003,VNY,CA,AWP,WE,Towers with Display (VFR),0,34,173,0,207,0,12,824,1,837,0,46,997,1,1044,368,0,368,1412
11/21/2003,VNY,CA,AWP,WE,Towers with Display (VFR),0,41,213,0,254,0,0,647,1,648,0,41,860,1,902,408,0,408,1310
11/22/2003,VNY,CA,AWP,WE,Towers with Display (VFR),0,19,94,0,113,0,8,399,0,407,0,27,493,0,520,162,0,162,682
11/23/2003,VNY,CA,AWP,WE,Towers with Display (VFR),0,25,129,0,154,0,0,589,0,589,0,25,718,0,743,384,0,384,1127
11/24/2003,VNY,CA,AWP,WE,Towers with Display (VFR),0,20,101,0,121,0,0,737,1,738,0,20,838,1,859,372,0,372,1231
11/25/2003,VNY,CA,AWP,WE,Towers with Display (VFR),0,33,168,0,201,0,3,677,0,680,0,36,845,0,881,356,0,356,1237
11/26/2003,VNY,CA,AWP,WE,Towers with Display (VFR),0,41,207,0,248,0,21,1085,0,1106,0,62,1292,0,1354,558,0,558,1912
11/27/2003,VNY,CA,AWP,WE,Towers with Display (VFR),0,9,49,0,58,0,4,361,0,365,0,13,410,0,423,154,0,154,577
11/28/2003,VNY,CA,AWP,WE,Towers with Display (VFR),0,16,81,0,97,0,21,577,0,598,0,37,658,0,695,350,0,350,1045
11/29/2003,VNY,CA,AWP,WE,Towers with Display (VFR),0,23,117,0,140,0,0,674,0,674,0,23,791,0,814,534,0,534,1348
11/30/2003,VNY,CA,AWP,WE,Towers with Display (VFR),0,44,223,0,267,0,5,828,0,833,0,49,1051,0,1100,528,0,528,1628
12/01/2003,VNY,CA,AWP,WE,Towers with Display (VFR),0,23,102,0,125,0,1,585,0,586,0,24,687,0,711,250,0,250,961
12/02/2003,VNY,CA,AWP,WE,Towers with Display (VFR),0,31,134,1,166,0,2,717,1,720,0,33,851,2,886,370,0,370,1256
12/03/2003,VNY,CA,AWP,WE,Towers with Display (VFR),0,34,149,0,183,0,4,689,0,693,0,38,838,0,876,376,0,376,1252
12/04/2003,VNY,CA,AWP,WE,Towers with Display (VFR),0,34,149,1,184,0,3,646,0,649,0,37,795,1,833,434,0,434,1267
12/05/2003,VNY,CA,AWP,WE,Towers with Display (VFR),0,34,147,1,182,0,2,824,3,829,0,36,971,4,1011,394,0,394,1405
12/06/2003,VNY,CA,AWP,WE,Towers with Display (VFR),0,23,101,0,124,0,7,571,0,578,0,30,672,0,702,580,0,580,1282
12/07/2003,VNY,CA,AWP,WE,Towers with Display (VFR),0,35,157,0,192,0,0,284,0,284,0,35,441,0,476,80,0,80,556
12/08/2003,VNY,CA,AWP,WE,Towers with Display (VFR),0,25,104,0,129,0,11,523,0,534,0,36,627,0,663,222,0,222,885
12/09/2003,VNY,CA,AWP,WE,Towers with Display (VFR),0,35,157,0,192,0,0,747,0,747,0,35,904,0,939,444,0,444,1383
12/10/2003,VNY,CA,AWP,WE,Towers with Display (VFR),0,30,127,0,157,0,1,572,0,573,0,31,699,0,730,378,0,378,1108
12/11/2003,VNY,CA,AWP,WE,Towers with Display (VFR),0,33,136,0,169,0,6,559,0,565,0,39,695,0,734,368,0,368,1102
12/12/2003,VNY,CA,AWP,WE,Towers with Display (VFR),0,29,120,0,149,0,12,754,0,766,0,41,874,0,915,436,0,436,1351
12/13/2003,VNY,CA,AWP,WE,Towers with Display (VFR),0,24,113,0,137,0,0,994,0,994,0,24,1107,0,1131,618,0,618,1749
12/14/2003,VNY,CA,AWP,WE,Towers with Display (VFR),0,32,133,0,165,0,1,280,0,281,0,33,413,0,446,254,0,254,700
12/15/2003,VNY,CA,AWP,WE,Towers with Display (VFR),0,24,102,1,127,0,2,517,5,524,0,26,619,6,651,176,0,176,827
12/16/2003,VNY,CA,AWP,WE,Towers with Display (VFR),0,25,103,1,129,0,1,670,0,671,0,26,773,1,800,280,0,280,1080
12/17/2003,VNY,CA,AWP,WE,Towers with Display (VFR),0,27,115,1,143,0,1,772,1,774,0,28,887,2,917,438,0,438,1355
12/18/2003,VNY,CA,AWP,WE,Towers with Display (VFR),0,36,150,0,186,0,12,817,1,830,0,48,967,1,1016,370,0,370,1386
12/19/2003,VNY,CA,AWP,WE,Towers with Display (VFR),0,32,141,0,173,0,0,888,1,889,0,32,1029,1,1062,482,0,482,1544
12/20/2003,VNY,CA,AWP,WE,Towers with Display (VFR),0,37,154,0,191,0,3,628,0,631,0,40,782,0,822,712,0,712,1534
12/21/2003,VNY,CA,AWP,WE,Towers with Display (VFR),0,40,182,0,222,0,0,461,2,463,0,40,643,2,685,392,0,392,1077
12/22/2003,VNY,CA,AWP,WE,Towers with Display (VFR),0,25,125,0,150,0,0,589,1,590,0,25,714,1,740,262,0,262,1002
12/23/2003,VNY,CA,AWP,WE,Towers with Display (VFR),0,33,138,0,171,0,5,515,0,520,0,38,653,0,691,164,0,164,855
12/24/2003,VNY,CA,AWP,WE,Towers with Display (VFR),0,22,93,0,115,0,5,336,0,341,0,27,429,0,456,230,0,230,686
12/25/2003,VNY,CA,AWP,WE,Towers with Display (VFR),0,14,61,0,75,0,6,25,0,31,0,20,86,0,106,0,0,0,106
12/26/2003,VNY,CA,AWP,WE,Towers with Display (VFR),0,40,166,0,206,0,13,731,0,744,0,53,897,0,950,288,0,288,1238
12/27/2003,VNY,CA,AWP,WE,Towers with Display (VFR),0,32,133,0,165,0,11,698,0,709,0,43,831,0,874,458,0,458,1332
12/28/2003,VNY,CA,AWP,WE,Towers with Display (VFR),0,30,127,0,157,0,12,593,0,605,0,42,720,0,762,392,0,392,1154
12/29/2003,VNY,CA,AWP,WE,Towers with Display (VFR),0,23,96,0,119,0,2,501,0,503,0,25,597,0,622,242,0,242,864
12/30/2003,VNY,CA,AWP,WE,Towers with Display (VFR),0,27,117,0,144,0,15,533,0,548,0,42,650,0,692,148,0,148,840
12/31/2003,VNY,CA,AWP,WE,Towers with Display (VFR),0,24,122,0,146,0,0,644,2,646,0,24,766,2,792,406,0,406,1198
01/01/2004,VNY,CA,AWP,WE,Towers with Display (VFR),0,22,93,0,115,0,15,380,0,395,0,37,473,0,510,136,0,136,646
01/02/2004,VNY,CA,AWP,WE,Towers with Display (VFR),0,40,169,0,209,0,20,53,0,73,0,60,222,0,282,4,0,4,286
01/03/2004,VNY,CA,AWP,WE,Towers with Display (VFR),0,40,169,0,209,0,8,452,0,460,0,48,621,0,669,372,0,372,1041
01/04/2004,VNY,CA,AWP,WE,Towers with Display (VFR),0,37,195,0,232,0,0,820,0,820,0,37,1015,0,1052,478,0,478,1530
01/05/2004,VNY,CA,AWP,WE,Towers with Display (VFR),0,24,103,0,127,0,23,496,0,519,0,47,599,0,646,194,0,194,840
01/06/2004,VNY,CA,AWP,WE,Towers with Display (VFR),0,26,112,0,138,0,5,601,0,606,0,31,713,0,744,194,0,194,938
01/07/2004,VNY,CA,AWP,WE,Towers with Display (VFR),0,32,136,0,168,0,0,734,0,734,0,32,870,0,902,452,0,452,1354
01/08/2004,VNY,CA,AWP,WE,Towers with Display (VFR),0,35,148,0,183,0,5,763,3,771,0,40,911,3,954,310,0,310,1264
01/09/2004,VNY,CA,AWP,WE,Towers with Display (VFR),0,33,140,0,173,0,4,715,0,719,0,37,855,0,892,330,0,330,1222
01/10/2004,VNY,CA,AWP,WE,Towers with Display (VFR),0,21,108,0,129,0,0,682,0,682,0,21,790,0,811,570,0,570,1381
01/11/2004,VNY,CA,AWP,WE,Towers with Display (VFR),0,31,129,0,160,0,19,716,0,735,0,50,845,0,895,558,0,558,1453
01/12/2004,VNY,CA,AWP,WE,Towers with Display (VFR),0,29,125,0,154,0,1,545,0,546,0,30,670,0,700,222,0,222,922
01/13/2004,VNY,CA,AWP,WE,Towers with Display (VFR),0,29,127,0,156,0,0,701,0,701,0,29,828,0,857,326,0,326,1183
01/14/2004,VNY,CA,AWP,WE,Towers with Display (VFR),0,32,141,0,173,0,2,673,0,675,0,34,814,0,848,312,0,312,1160
01/15/2004,VNY,CA,AWP,WE,Towers with Display (VFR),0,35,152,1,188,0,12,775,1,788,0,47,927,2,976,356,0,356,1332
01/16/2004,VNY,CA,AWP,WE,Towers with Display (VFR),0,38,167,0,205,0,1,599,1,601,0,39,766,1,806,296,0,296,1102
01/17/2004,VNY,CA,AWP,WE,Towers with Display (VFR),0,27,117,0,144,0,2,615,0,617,0,29,732,0,761,524,0,524,1285
01/18/2004,VNY,CA,AWP,WE,Towers with Display (VFR),0,37,163,0,200,0,1,278,0,279,0,38,441,0,479,108,0,108,587
01/19/2004,VNY,CA,AWP,WE,Towers with Display (VFR),0,42,186,0,228,0,0,585,0,585,0,42,771,0,813,288,0,288,1101
01/20/2004,VNY,CA,AWP,WE,Towers with Display (VFR),0,28,153,0,181,0,0,545,0,545,0,28,698,0,726,400,0,400,1126
01/21/2004,VNY,CA,AWP,WE,Towers with Display (VFR),0,28,126,0,154,0,14,640,0,654,0,42,766,0,808,198,0,198,1006
01/22/2004,VNY,CA,AWP,WE,Towers with Display (VFR),0,30,134,0,164,0,7,651,0,658,0,37,785,0,822,168,0,168,990
01/23/2004,VNY,CA,AWP,WE,Towers with Display (VFR),0,35,155,0,190,0,7,801,0,808,0,42,956,0,998,504,0,504,1502
01/24/2004,VNY,CA,AWP,WE,Towers with Display (VFR),0,31,136,0,167,0,7,473,0,480,0,38,609,0,647,400,0,400,1047
01/25/2004,VNY,CA,AWP,WE,Towers with Display (VFR),0,30,134,0,164,0,0,768,2,770,0,30,902,2,934,472,0,472,1406
01/26/2004,VNY,CA,AWP,WE,Towers with Display (VFR),0,32,142,0,174,0,10,664,0,674,0,42,806,0,848,428,0,428,1276
01/27/2004,VNY,CA,AWP,WE,Towers with Display (VFR),0,34,148,0,182,0,1,681,0,682,0,35,829,0,864,328,0,328,1192
01/28/2004,VNY,CA,AWP,WE,Towers with Display (VFR),0,31,134,0,165,0,13,858,0,871,0,44,992,0,1036,452,0,452,1488
01/29/2004,VNY,CA,AWP,WE,Towers with Display (VFR),0,38,167,0,205,0,3,790,1,794,0,41,957,1,999,320,0,320,1319
01/30/2004,VNY,CA,AWP,WE,Towers with Display (VFR),0,38,166,0,204,0,1,886,0,887,0,39,1052,0,1091,536,0,536,1627
01/31/2004,VNY,CA,AWP,WE,Towers with Display (VFR),0,25,113,0,138,0,4,437,0,441,0,29,550,0,579,216,0,216,795
02/01/2004,VNY,CA,AWP,WE,Towers with Display (VFR),0,33,141,0,174,0,4,712,0,716,0,37,853,0,890,440,0,440,1330
02/02/2004,VNY,CA,AWP,WE,Towers with Display (VFR),0,32,134,0,166,0,11,445,6,462,0,43,579,6,628,176,0,176,804
02/03/2004,VNY,CA,AWP,WE,Towers with Display (VFR),0,27,129,0,156,0,0,652,2,654,0,27,781,2,810,232,0,232,1042
02/04/2004,VNY,CA,AWP,WE,Towers with Display (VFR),0,26,128,0,154,0,0,814,3,817,0,26,942,3,971,244,0,244,1215
02/05/2004,VNY,CA,AWP,WE,Towers with Display (VFR),0,33,141,0,174,0,13,802,0,815,0,46,943,0,989,326,0,326,1315
02/06/2004,VNY,CA,AWP,WE,Towers with Display (VFR),0,22,114,1,137,0,0,671,0,671,0,22,785,1,808,200,0,200,1008
02/07/2004,VNY,CA,AWP,WE,Towers with Display (VFR),0,23,104,1,128,0,0,568,1,569,0,23,672,2,697,220,0,220,917
02/08/2004,VNY,CA,AWP,WE,Towers with Display (VFR),0,35,150,1,186,0,2,548,2,552,0,37,698,3,738,230,0,230,968
02/09/2004,VNY,CA,AWP,WE,Towers with Display (VFR),0,28,121,0,149,0,0,662,0,662,0,28,783,0,811,232,0,232,1043
02/10/2004,VNY,CA,AWP,WE,Towers with Display (VFR),0,27,115,0,142,0,1,532,0,533,0,28,647,0,675,76,0,76,751
02/11/2004,VNY,CA,AWP,WE,Towers with Display (VFR),0,32,152,1,185,0,0,822,0,822,0,32,974,1,1007,408,0,408,1415
02/12/2004,VNY,CA,AWP,WE,Towers with Display (VFR),0,39,171,0,210,0,16,718,0,734,0,55,889,0,944,274,0,274,1218
02/13/2004,VNY,CA,AWP,WE,Towers with Display (VFR),0,47,202,0,249,0,5,865,0,870,0,52,1067,0,1119,504,0,504,1623
02/14/2004,VNY,CA,AWP,WE,Towers with Display (VFR),0,31,136,0,167,0,13,902,0,915,0,44,1038,0,1082,500,0,500,1582
02/15/2004,VNY,CA,AWP,WE,Towers with Display (VFR),0,31,137,0,168,0,8,703,0,711,0,39,840,0,879,492,0,492,1371
02/16/2004,VNY,CA,AWP,WE,Towers with Display (VFR),0,55,237,0,292,0,19,755,0,774,0,74,992,0,1066,424,0,424,1490
02/17/2004,VNY,CA,AWP,WE,Towers with Display (VFR),0,36,159,0,195,0,0,698,1,699,0,36,857,1,894,312,0,312,1206
02/18/2004,VNY,CA,AWP,WE,Towers with Display (VFR),0,31,137,0,168,0,12,327,0,339,0,43,464,0,507,62,0,62,569
02/19/2004,VNY,CA,AWP,WE,Towers with Display (VFR),0,33,146,0,179,0,13,820,0,833,0,46,966,0,1012,440,0,440,1452
02/20/2004,VNY,CA,AWP,WE,Towers with Display (VFR),0,41,178,0,219,0,6,579,0,585,0,47,757,0,804,272,0,272,1076
02/21/2004,VNY,CA,AWP,WE,Towers with Display (VFR),0,29,128,0,157,0,18,314,0,332,0,47,442,0,489,414,0,414,903
02/22/2004,VNY,CA,AWP,WE,Towers with Display (VFR),0,34,150,0,184,0,18,287,0,305,0,52,437,0,489,100,0,100,589
02/23/2004,VNY,CA,AWP,WE,Towers with Display (VFR),0,31,137,0,168,0,0,528,0,528,0,31,665,0,696,160,0,160,856
02/24/2004,VNY,CA,AWP,WE,Towers with Display (VFR),0,28,183,0,211,0,0,570,0,570,0,28,753,0,781,332,0,332,1113
02/25/2004,VNY,CA,AWP,WE,Towers with Display (VFR),0,33,176,0,209,0,0,471,1,472,0,33,647,1,681,226,0,226,907
02/26/2004,VNY,CA,AWP,WE,Towers with Display (VFR),0,39,172,0,211,0,10,569,1,580,0,49,741,1,791,234,0,234,1025
02/27/2004,VNY,CA,AWP,WE,Towers with Display (VFR),0,41,176,0,217,0,6,632,0,638,0,47,808,0,855,366,0,366,1221
02/28/2004,VNY,CA,AWP,WE,Towers with Display (VFR),0,26,113,0,139,0,2,646,0,648,0,28,759,0,787,374,0,374,1161
02/29/2004,VNY,CA,AWP,WE,Towers with Display (VFR),0,38,165,0,203,0,15,654,0,669,0,53,819,0,872,448,0,448,1320
03/01/2004,VNY,CA,AWP,WE,Towers with Display (VFR),0,36,141,0,177,0,10,492,0,502,0,46,633,0,679,220,0,220,899
03/02/2004,VNY,CA,AWP,WE,Towers with Display (VFR),0,31,117,0,148,0,6,595,0,601,0,37,712,0,749,208,0,208,957
03/03/2004,VNY,CA,AWP,WE,Towers with Display (VFR),0,45,168,1,214,0,19,427,5,451,0,64,595,6,665,172,0,172,837
03/04/2004,VNY,CA,AWP,WE,Towers with Display (VFR),0,47,177,1,225,0,6,724,1,731,0,53,901,2,956,432,0,432,1388
03/05/2004,VNY,CA,AWP,WE,Towers with Display (VFR),0,54,203,0,257,0,8,755,0,763,0,62,958,0,1020,496,0,496,1516
03/06/2004,VNY,CA,AWP,WE,Towers with Display (VFR),0,29,110,0,139,0,1,770,0,771,0,30,880,0,910,592,0,592,1502
03/07/2004,VNY,CA,AWP,WE,Towers with Display (VFR),0,38,143,0,181,0,4,747,0,751,0,42,890,0,932,456,0,456,1388
03/08/2004,VNY,CA,AWP,WE,Towers with Display (VFR),0,33,127,0,160,0,6,635,0,641,0,39,762,0,801,222,0,222,1023
03/09/2004,VNY,CA,AWP,WE,Towers with Display (VFR),0,37,139,1,177,0,5,659,0,664,0,42,798,1,841,306,0,306,1147
03/10/2004,VNY,CA,AWP,WE,Towers with Display (VFR),0,37,154,0,191,0,0,596,0,596,0,37,750,0,787,132,0,132,919
03/11/2004,VNY,CA,AWP,WE,Towers with Display (VFR),0,48,181,0,229,0,20,803,0,823,0,68,984,0,1052,310,0,310,1362
03/12/2004,VNY,CA,AWP,WE,Towers with Display (VFR),0,43,190,0,233,0,0,801,0,801,0,43,991,0,1034,428,0,428,1462
03/13/2004,VNY,CA,AWP,WE,Towers with Display (VFR),0,33,126,1,160,0,6,708,0,714,0,39,834,1,874,458,0,458,1332
03/14/2004,VNY,CA,AWP,WE,Towers with Display (VFR),0,50,190,1,241,0,0,627,0,627,0,50,817,1,868,602,0,602,1470
03/15/2004,VNY,CA,AWP,WE,Towers with Display (VFR),0,41,182,1,224,0,0,555,1,556,0,41,737,2,780,246,0,246,1026
03/16/2004,VNY,CA,AWP,WE,Towers with Display (VFR),0,34,129,0,163,0,9,749,2,760,0,43,878,2,923,444,0,444,1367
03/17/2004,VNY,CA,AWP,WE,Towers with Display (VFR),0,38,162,0,200,0,0,889,1,890,0,38,1051,1,1090,598,0,598,1688
03/18/2004,VNY,CA,AWP,WE,Towers with Display (VFR),0,46,174,0,220,0,10,851,0,861,0,56,1025,0,1081,426,0,426,1507
03/19/2004,VNY,CA,AWP,WE,Towers with Display (VFR),0,50,196,0,246,0,0,750,2,752,0,50,946,2,998,338,0,338,1336
03/20/2004,VNY,CA,AWP,WE,Towers with Display (VFR),0,33,161,0,194,0,0,759,0,759,0,33,920,0,953,378,0,378,1331
03/21/2004,VNY,CA,AWP,WE,Towers with Display (VFR),0,48,180,0,228,0,8,582,0,590,0,56,762,0,818,488,0,488,1306
03/22/2004,VNY,CA,AWP,WE,Towers with Display (VFR),0,36,154,0,190,0,0,715,0,715,0,36,869,0,905,458,0,458,1363
03/23/2004,VNY,CA,AWP,WE,Towers with Display (VFR),0,48,183,0,231,0,0,368,0,368,0,48,551,0,599,130,0,130,729
03/24/2004,VNY,CA,AWP,WE,Towers with Display (VFR),0,41,157,0,198,0,3,743,0,746,0,44,900,0,944,626,0,626,1570
03/25/2004,VNY,CA,AWP,WE,Towers with Display (VFR),0,52,198,0,250,0,3,670,1,674,0,55,868,1,924,346,0,346,1270
03/26/2004,VNY,CA,AWP,WE,Towers with Display (VFR),0,42,160,0,202,0,16,819,0,835,0,58,979,0,1037,428,0,428,1465
03/27/2004,VNY,CA,AWP,WE,Towers with Display (VFR),0,39,147,0,186,0,8,883,0,891,0,47,1030,0,1077,606,0,606,1683
03/28/2004,VNY,CA,AWP,WE,Towers with Display (VFR),0,42,160,0,202,0,1,657,0,658,0,43,817,0,860,484,0,484,1344
03/29/2004,VNY,CA,AWP,WE,Towers with Display (VFR),0,30,113,0,143,0,6,582,0,588,0,36,695,0,731,308,2,310,1041
03/30/2004,VNY,CA,AWP,WE,Towers with Display (VFR),0,33,127,0,160,0,0,782,3,785,0,33,909,3,945,286,0,286,1231
03/31/2004,VNY,CA,AWP,WE,Towers with Display (VFR),0,33,126,0,159,0,7,826,0,833,0,40,952,0,992,356,2,358,1350
04/01/2004,VNY,CA,AWP,WE,Towers with Display (VFR),0,44,197,0,241,0,14,732,2,748,0,58,929,2,989,330,0,330,1319
04/02/2004,VNY,CA,AWP,WE,Towers with Display (VFR),0,42,189,0,231,0,13,788,0,801,0,55,977,0,1032,392,0,392,1424
04/03/2004,VNY,CA,AWP,WE,Towers with Display (VFR),0,38,196,0,234,0,0,477,0,477,0,38,673,0,711,572,4,576,1287
04/04/2004,VNY,CA,AWP,WE,Towers with Display (VFR),0,37,167,0,204,0,11,774,0,785,0,48,941,0,989,652,0,652,1641
04/05/2004,VNY,CA,AWP,WE,Towers with Display (VFR),0,22,97,0,119,0,1,587,0,588,0,23,684,0,707,346,0,346,1053
04/06/2004,VNY,CA,AWP,WE,Towers with Display (VFR),0,29,130,0,159,0,10,604,0,614,0,39,734,0,773,436,0,436,1209
04/07/2004,VNY,CA,AWP,WE,Towers with Display (VFR),0,32,146,0,178,0,9,723,0,732,0,41,869,0,910,502,0,502,1412
04/08/2004,VNY,CA,AWP,WE,Towers with Display (VFR),0,43,195,0,238,0,18,653,0,671,0,61,848,0,909,280,0,280,1189
04/09/2004,VNY,CA,AWP,WE,Towers with Display (VFR),0,37,167,0,204,0,5,696,2,703,0,42,863,2,907,458,0,458,1365
04/10/2004,VNY,CA,AWP,WE,Towers with Display (VFR),0,33,157,0,190,0,0,580,8,588,0,33,737,8,778,456,4,460,1238
04/11/2004,VNY,CA,AWP,WE,Towers with Display (VFR),0,27,145,0,172,0,0,570,0,570,0,27,715,0,742,356,0,356,1098
04/12/2004,VNY,CA,AWP,WE,Towers with Display (VFR),0,27,123,0,150,0,10,742,0,752,0,37,865,0,902,376,0,376,1278
04/13/2004,VNY,CA,AWP,WE,Towers with Display (VFR),0,33,148,0,181,0,11,779,0,790,0,44,927,0,971,464,0,464,1435
04/14/2004,VNY,CA,AWP,WE,Towers with Display (VFR),0,39,177,0,216,0,7,830,0,837,0,46,1007,0,1053,584,0,584,1637
04/15/2004,VNY,CA,AWP,WE,Towers with Display (VFR),0,30,137,0,167,0,9,616,2,627,0,39,753,2,794,316,0,316,1110
04/16/2004,VNY,CA,AWP,WE,Towers with Display (VFR),0,34,169,0,203,0,0,693,0,693,0,34,862,0,896,390,0,390,1286
04/17/2004,VNY,CA,AWP,WE,Towers with Display (VFR),0,23,117,0,140,0,0,428,0,428,0,23,545,0,568,396,0,396,964
04/18/2004,VNY,CA,AWP,WE,Towers with Display (VFR),0,35,163,0,198,0,9,675,0,684,0,44,838,0,882,558,0,558,1440
04/19/2004,VNY,CA,AWP,WE,Towers with Display (VFR),0,29,137,0,166,0,13,695,0,708,0,42,832,0,874,416,0,416,1290
04/20/2004,VNY,CA,AWP,WE,Towers with Display (VFR),0,33,156,0,189,0,21,827,0,848,0,54,983,0,1037,492,0,492,1529
04/21/2004,VNY,CA,AWP,WE,Towers with Display (VFR),0,24,179,0,203,0,0,829,3,832,0,24,1008,3,1035,400,4,404,1439
04/22/2004,VNY,CA,AWP,WE,Towers with Display (VFR),0,29,138,0,167,0,7,764,0,771,0,36,902,0,938,288,0,288,1226
04/23/2004,VNY,CA,AWP,WE,Towers with Display (VFR),0,31,143,0,174,0,6,822,0,828,0,37,965,0,1002,334,0,334,1336
04/24/2004,VNY,CA,AWP,WE,Towers with Display (VFR),0,22,104,0,126,0,22,912,1,935,0,44,1016,1,1061,536,2,538,1599
04/25/2004,VNY,CA,AWP,WE,Towers with Display (VFR),0,35,165,0,200,0,1,682,0,683,0,36,847,0,883,622,0,622,1505
04/26/2004,VNY,CA,AWP,WE,Towers with Display (VFR),0,25,118,0,143,0,7,618,0,625,0,32,736,0,768,318,0,318,1086
04/27/2004,VNY,CA,AWP,WE,Towers with Display (VFR),0,26,137,0,163,0,0,760,4,764,0,26,897,4,927,246,0,246,1173
04/28/2004,VNY,CA,AWP,WE,Towers with Display (VFR),0,33,167,0,200,0,0,859,0,859,0,33,1026,0,1059,518,0,518,1577
04/29/2004,VNY,CA,AWP,WE,Towers with Display (VFR),0,29,156,0,185,0,0,603,0,603,0,29,759,0,788,374,0,374,1162
04/30/2004,VNY,CA,AWP,WE,Towers with Display (VFR),0,34,157,0,191,0,9,918,0,927,0,43,1075,0,1118,530,0,530,1648
05/01/2004,VNY,CA,AWP,WE,Towers with Display (VFR),0,20,80,0,100,0,6,782,0,788,0,26,862,0,888,516,0,516,1404
05/02/2004,VNY,CA,AWP,WE,Towers with Display (VFR),0,32,144,0,176,0,0,763,0,763,0,32,907,0,939,516,0,516,1455
05/03/2004,VNY,CA,AWP,WE,Towers with Display (VFR),0,31,118,0,149,0,1,715,0,716,0,32,833,0,865,318,0,318,1183
05/04/2004,VNY,CA,AWP,WE,Towers with Display (VFR),0,35,135,0,170,0,6,597,0,603,0,41,732,0,773,240,10,250,1023
05/05/2004,VNY,CA,AWP,WE,Towers with Display (VFR),0,38,148,1,187,0,2,828,3,833,0,40,976,4,1020,420,0,420,1440
05/06/2004,VNY,CA,AWP,WE,Towers with Display (VFR),0,36,148,1,185,0,0,847,2,849,0,36,995,3,1034,490,0,490,1524
05/07/2004,VNY,CA,AWP,WE,Towers with Display (VFR),0,33,129,0,162,0,7,769,0,776,0,40,898,0,938,498,0,498,1436
05/08/2004,VNY,CA,AWP,WE,Towers with Display (VFR),0,26,107,1,134,0,0,815,0,815,0,26,922,1,949,620,0,620,1569
05/09/2004,VNY,CA,AWP,WE,Towers with Display (VFR),0,28,109,1,138,0,8,607,0,615,0,36,716,1,753,374,0,374,1127
05/10/2004,VNY,CA,AWP,WE,Towers with Display (VFR),0,33,142,0,175,0,0,655,0,655,0,33,797,0,830,340,0,340,1170
05/11/2004,VNY,CA,AWP,WE,Towers with Display (VFR),0,30,117,0,147,0,8,710,0,718,0,38,827,0,865,340,0,340,1205
05/12/2004,VNY,CA,AWP,WE,Towers with Display (VFR),0,45,172,0,217,0,4,976,0,980,0,49,1148,0,1197,458,0,458,1655
05/13/2004,VNY,CA,AWP,WE,Towers with Display (VFR),0,39,150,0,189,0,1,834,0,835,0,40,984,0,1024,458,4,462,1486
05/14/2004,VNY,CA,AWP,WE,Towers with Display (VFR),0,49,187,0,236,0,6,840,0,846,0,55,1027,0,1082,392,0,392,1474
05/15/2004,VNY,CA,AWP,WE,Towers with Display (VFR),0,22,97,0,119,0,0,694,0,694,0,22,791,0,813,616,0,616,1429
05/16/2004,VNY,CA,AWP,WE,Towers with Display (VFR),0,44,170,0,214,0,6,671,0,677,0,50,841,0,891,468,0,468,1359
05/17/2004,VNY,CA,AWP,WE,Towers with Display (VFR),0,41,159,0,200,0,13,715,0,728,0,54,874,0,928,252,0,252,1180
05/18/2004,VNY,CA,AWP,WE,Towers with Display (VFR),0,26,104,0,130,0,1,765,0,766,0,27,869,0,896,360,0,360,1256
05/19/2004,VNY,CA,AWP,WE,Towers with Display (VFR),0,37,143,0,180,0,3,719,2,724,0,40,862,2,904,420,0,420,1324
05/20/2004,VNY,CA,AWP,WE,Towers with Display (VFR),0,39,154,0,193,0,1,735,6,742,0,40,889,6,935,456,0,456,1391
05/21/2004,VNY,CA,AWP,WE,Towers with Display (VFR),0,51,196,0,247,0,2,782,1,785,0,53,978,1,1032,500,0,500,1532
05/22/2004,VNY,CA,AWP,WE,Towers with Display (VFR),0,26,102,0,128,0,9,919,0,928,0,35,1021,0,1056,712,0,712,1768
05/23/2004,VNY,CA,AWP,WE,Towers with Display (VFR),0,44,188,0,232,0,0,547,2,549,0,44,735,2,781,628,0,628,1409
05/24/2004,VNY,CA,AWP,WE,Towers with Display (VFR),0,37,143,0,180,0,8,625,0,633,0,45,768,0,813,362,0,362,1175
05/25/2004,VNY,CA,AWP,WE,Towers with Display (VFR),0,45,176,0,221,0,8,701,0,709,0,53,877,0,930,278,0,278,1208
05/26/2004,VNY,CA,AWP,WE,Towers with Display (VFR),0,44,170,0,214,0,8,796,0,804,0,52,966,0,1018,372,0,372,1390
05/27/2004,VNY,CA,AWP,WE,Towers with Display (VFR),0,51,196,0,247,0,9,790,0,799,0,60,986,0,1046,418,0,418,1464
05/28/2004,VNY,CA,AWP,WE,Towers with Display (VFR),0,59,272,0,331,0,0,480,0,480,0,59,752,0,811,196,0,196,1007
05/29/2004,VNY,CA,AWP,WE,Towers with Display (VFR),0,19,89,0,108,0,0,644,0,644,0,19,733,0,752,494,0,494,1246
05/30/2004,VNY,CA,AWP,WE,Towers with Display (VFR),0,22,89,0,111,0,6,576,0,582,0,28,665,0,693,324,0,324,1017
05/31/2004,VNY,CA,AWP,WE,Towers with Display (VFR),0,49,190,0,239,0,17,740,0,757,0,66,930,0,996,436,0,436,1432
06/01/2004,VNY,CA,AWP,WE,Towers with Display (VFR),0,29,125,0,154,0,10,714,0,724,0,39,839,0,878,374,0,374,1252
06/02/2004,VNY,CA,AWP,WE,Towers with Display (VFR),0,26,111,0,137,0,12,712,0,724,0,38,823,0,861,470,0,470,1331
06/03/2004,VNY,CA,AWP,WE,Towers with Display (VFR),0,35,154,0,189,0,7,618,0,625,0,42,772,0,814,470,0,470,1284
06/04/2004,VNY,CA,AWP,WE,Towers with Display (VFR),0,25,128,0,153,0,0,758,0,758,0,25,886,0,911,390,0,390,1301
06/05/2004,VNY,CA,AWP,WE,Towers with Display (VFR),0,22,129,0,151,0,0,632,0,632,0,22,761,0,783,548,0,548,1331
06/06/2004,VNY,CA,AWP,WE,Towers with Display (VFR),0,44,192,0,236,0,4,601,0,605,0,48,793,0,841,324,0,324,1165
06/07/2004,VNY,CA,AWP,WE,Towers with Display (VFR),0,39,192,0,231,0,0,571,0,571,0,39,763,0,802,278,0,278,1080
06/08/2004,VNY,CA,AWP,WE,Towers with Display (VFR),0,28,132,0,160,0,0,201,0,201,0,28,333,0,361,6,0,6,367
06/09/2004,VNY,CA,AWP,WE,Towers with Display (VFR),0,35,174,1,210,0,0,616,3,619,0,35,790,4,829,264,0,264,1093
06/10/2004,VNY,CA,AWP,WE,Towers with Display (VFR),0,34,155,0,189,0,14,891,0,905,0,48,1046,0,1094,506,0,506,1600
06/11/2004,VNY,CA,AWP,WE,Towers with Display (VFR),0,34,155,0,189,0,4,670,0,674,0,38,825,0,863,374,0,374,1237
06/12/2004,VNY,CA,AWP,WE,Towers with Display (VFR),0,31,141,1,173,0,9,712,1,722,0,40,853,2,895,406,0,406,1301
06/13/2004,VNY,CA,AWP,WE,Towers with Display (VFR),0,29,133,0,162,0,26,620,0,646,0,55,753,0,808,406,0,406,1214
06/14/2004,VNY,CA,AWP,WE,Towers with Display (VFR),0,36,162,0,198,0,9,704,0,713,0,45,866,0,911,364,0,364,1275
06/15/2004,VNY,CA,AWP,WE,Towers with Display (VFR),0,28,167,0,195,0,0,741,0,741,0,28,908,0,936,270,0,270,1206
06/16/2004,VNY,CA,AWP,WE,Towers with Display (VFR),0,25,192,0,217,0,0,556,2,558,0,25,748,2,775,280,0,280,1055
06/17/2004,VNY,CA,AWP,WE,Towers with Display (VFR),0,23,180,0,203,0,0,637,3,640,0,23,817,3,843,284,0,284,1127
06/18/2004,VNY,CA,AWP,WE,Towers with Display (VFR),0,38,171,0,209,0,0,718,0,718,0,38,889,0,927,436,0,436,1363
06/19/2004,VNY,CA,AWP,WE,Towers with Display (VFR),0,32,153,0,185,0,0,499,0,499,0,32,652,0,684,296,0,296,980
06/20/2004,VNY,CA,AWP,WE,Towers with Display (VFR),0,36,166,0,202,0,17,504,0,521,0,53,670,0,723,278,0,278,1001
06/21/2004,VNY,CA,AWP,WE,Towers with Display (VFR),0,36,162,0,198,0,10,375,0,385,0,46,537,0,583,222,0,222,805
06/22/2004,VNY,CA,AWP,WE,Towers with Display (VFR),0,37,166,0,203,0,4,520,1,525,0,41,686,1,728,392,0,392,1120
06/23/2004,VNY,CA,AWP,WE,Towers with Display (VFR),0,44,202,0,246,0,15,590,1,606,0,59,792,1,852,346,0,346,1198
06/24/2004,VNY,CA,AWP,WE,Towers with Display (VFR),0,34,170,0,204,0,0,730,2,732,0,34,900,2,936,484,0,484,1420
06/25/2004,VNY,CA,AWP,WE,Towers with Display (VFR),0,42,190,0,232,0,9,634,0,643,0,51,824,0,875,452,0,452,1327
06/26/2004,VNY,CA,AWP,WE,Towers with Display (VFR),0,25,113,0,138,0,12,755,1,768,0,37,868,1,906,474,0,474,1380
06/27/2004,VNY,CA,AWP,WE,Towers with Display (VFR),0,36,163,0,199,0,16,548,0,564,0,52,711,0,763,372,0,372,1135
06/28/2004,VNY,CA,AWP,WE,Towers with Display (VFR),0,35,158,0,193,0,4,690,0,694,0,39,848,0,887,350,0,350,1237
06/29/2004,VNY,CA,AWP,WE,Towers with Display (VFR),0,33,153,0,186,0,12,636,1,649,0,45,789,1,835,352,0,352,1187
06/30/2004,VNY,CA,AWP,WE,Towers with Display (VFR),0,36,164,0,200,0,6,602,2,610,0,42,766,2,810,446,0,446,1256
07/01/2004,VNY,CA,AWP,WE,Towers with Display (VFR),0,52,192,0,244,0,10,718,0,728,0,62,910,0,972,456,0,456,1428
07/02/2004,VNY,CA,AWP,WE,Towers with Display (VFR),0,43,152,0,195,0,7,779,0,786,0,50,931,0,981,448,0,448,1429
07/03/2004,VNY,CA,AWP,WE,Towers with Display (VFR),0,28,124,0,152,0,0,514,0,514,0,28,638,0,666,436,0,436,1102
07/04/2004,VNY,CA,AWP,WE,Towers with Display (VFR),0,20,78,0,98,0,0,391,0,391,0,20,469,0,489,228,0,228,717
07/05/2004,VNY,CA,AWP,WE,Towers with Display (VFR),0,44,168,0,212,0,0,637,0,637,0,44,805,0,849,430,0,430,1279
07/06/2004,VNY,CA,AWP,WE,Towers with Display (VFR),0,42,151,0,193,0,9,740,0,749,0,51,891,0,942,430,0,430,1372
07/07/2004,VNY,CA,AWP,WE,Towers with Display (VFR),0,39,144,1,184,0,0,641,4,645,0,39,785,5,829,396,0,396,1225
07/08/2004,VNY,CA,AWP,WE,Towers with Display (VFR),0,28,140,0,168,0,0,654,0,654,0,28,794,0,822,498,0,498,1320
07/09/2004,VNY,CA,AWP,WE,Towers with Display (VFR),0,45,165,0,210,0,0,711,0,711,0,45,876,0,921,444,0,444,1365
07/10/2004,VNY,CA,AWP,WE,Towers with Display (VFR),0,23,97,0,120,0,0,748,0,748,0,23,845,0,868,488,0,488,1356
07/11/2004,VNY,CA,AWP,WE,Towers with Display (VFR),0,47,168,0,215,0,5,701,0,706,0,52,869,0,921,404,0,404,1325
07/12/2004,VNY,CA,AWP,WE,Towers with Display (VFR),0,33,118,0,151,0,16,563,0,579,0,49,681,0,730,362,0,362,1092
07/13/2004,VNY,CA,AWP,WE,Towers with Display (VFR),0,35,125,1,161,0,2,715,0,717,0,37,840,1,878,362,0,362,1240
07/14/2004,VNY,CA,AWP,WE,Towers with Display (VFR),0,45,160,1,206,0,4,806,5,815,0,49,966,6,1021,474,0,474,1495
07/15/2004,VNY,CA,AWP,WE,Towers with Display (VFR),0,35,126,0,161,0,18,675,0,693,0,53,801,0,854,456,0,456,1310
07/16/2004,VNY,CA,AWP,WE,Towers with Display (VFR),0,44,159,0,203,0,16,754,2,772,0,60,913,2,975,366,0,366,1341
07/17/2004,VNY,CA,AWP,WE,Towers with Display (VFR),0,27,98,0,125,0,8,696,0,704,0,35,794,0,829,412,0,412,1241
07/18/2004,VNY,CA,AWP,WE,Towers with Display (VFR),0,38,136,0,174,0,5,783,0,788,0,43,919,0,962,396,0,396,1358
07/19/2004,VNY,CA,AWP,WE,Towers with Display (VFR),0,27,99,0,126,0,14,844,0,858,0,41,943,0,984,352,0,352,1336
07/20/2004,VNY,CA,AWP,WE,Towers with Display (VFR),0,35,125,0,160,0,9,792,0,801,0,44,917,0,961,378,0,378,1339
07/21/2004,VNY,CA,AWP,WE,Towers with Display (VFR),0,46,167,0,213,0,6,856,6,868,0,52,1023,6,1081,420,0,420,1501
07/22/2004,VNY,CA,AWP,WE,Towers with Display (VFR),0,47,176,0,223,0,0,823,0,823,0,47,999,0,1046,536,0,536,1582
07/23/2004,VNY,CA,AWP,WE,Towers with Display (VFR),0,48,180,0,228,0,0,738,1,739,0,48,918,1,967,482,0,482,1449
07/24/2004,VNY,CA,AWP,WE,Towers with Display (VFR),0,24,88,0,112,0,3,723,0,726,0,27,811,0,838,390,0,390,1228
07/25/2004,VNY,CA,AWP,WE,Towers with Display (VFR),0,36,132,0,168,0,3,708,1,712,0,39,840,1,880,442,0,442,1322
07/26/2004,VNY,CA,AWP,WE,Towers with Display (VFR),0,32,115,0,147,0,12,617,0,629,0,44,732,0,776,284,0,284,1060
07/27/2004,VNY,CA,AWP,WE,Towers with Display (VFR),0,33,118,0,151,0,21,751,0,772,0,54,869,0,923,512,0,512,1435
07/28/2004,VNY,CA,AWP,WE,Towers with Display (VFR),0,42,153,0,195,0,12,650,0,662,0,54,803,0,857,414,0,414,1271
07/29/2004,VNY,CA,AWP,WE,Towers with Display (VFR),0,36,131,0,167,0,16,782,2,800,0,52,913,2,967,432,0,432,1399
07/30/2004,VNY,CA,AWP,WE,Towers with Display (VFR),0,42,150,0,192,0,7,830,1,838,0,49,980,1,1030,486,2,488,1518
07/31/2004,VNY,CA,AWP,WE,Towers with Display (VFR),0,29,111,0,140,0,0,690,4,694,0,29,801,4,834,478,0,478,1312
08/01/2004,VNY,CA,AWP,WE,Towers with Display (VFR),0,49,190,0,239,0,0,651,0,651,0,49,841,0,890,400,0,400,1290
08/02/2004,VNY,CA,AWP,WE,Towers with Display (VFR),0,32,125,0,157,0,0,585,0,585,0,32,710,0,742,348,0,348,1090
08/03/2004,VNY,CA,AWP,WE,Towers with Display (VFR),0,36,129,0,165,0,5,535,0,540,0,41,664,0,705,276,0,276,981
08/04/2004,VNY,CA,AWP,WE,Towers with Display (VFR),0,42,150,0,192,0,9,821,0,830,0,51,971,0,1022,400,0,400,1422
08/05/2004,VNY,CA,AWP,WE,Towers with Display (VFR),0,47,169,0,216,0,10,779,0,789,0,57,948,0,1005,374,0,374,1379
08/06/2004,VNY,CA,AWP,WE,Towers with Display (VFR),0,30,122,0,152,0,0,794,1,795,0,30,916,1,947,330,0,330,1277
08/07/2004,VNY,CA,AWP,WE,Towers with Display (VFR),0,25,98,0,123,0,0,751,0,751,0,25,849,0,874,494,0,494,1368
08/08/2004,VNY,CA,AWP,WE,Towers with Display (VFR),0,46,165,0,211,0,6,707,0,713,0,52,872,0,924,502,0,502,1426
08/09/2004,VNY,CA,AWP,WE,Towers with Display (VFR),0,34,122,0,156,0,22,611,0,633,0,56,733,0,789,336,0,336,1125
08/10/2004,VNY,CA,AWP,WE,Towers with Display (VFR),0,30,104,0,134,0,17,647,0,664,0,47,751,0,798,310,0,310,1108
08/11/2004,VNY,CA,AWP,WE,Towers with Display (VFR),0,41,147,1,189,0,8,751,0,759,0,49,898,1,948,398,0,398,1346
08/12/2004,VNY,CA,AWP,WE,Towers with Display (VFR),0,54,195,0,249,0,2,469,0,471,0,56,664,0,720,146,0,146,866
08/13/2004,VNY,CA,AWP,WE,Towers with Display (VFR),0,50,184,1,235,0,5,767,3,775,0,55,951,4,1010,494,0,494,1504
08/14/2004,VNY,CA,AWP,WE,Towers with Display (VFR),0,20,118,0,138,0,0,666,0,666,0,20,784,0,804,556,2,558,1362
08/15/2004,VNY,CA,AWP,WE,Towers with Display (VFR),0,47,172,0,219,0,7,724,0,731,0,54,896,0,950,470,0,470,1420
08/16/2004,VNY,CA,AWP,WE,Towers with Display (VFR),0,37,137,0,174,0,22,730,0,752,0,59,867,0,926,488,0,488,1414
08/17/2004,VNY,CA,AWP,WE,Towers with Display (VFR),0,45,164,0,209,0,25,680,0,705,0,70,844,0,914,492,0,492,1406
08/18/2004,VNY,CA,AWP,WE,Towers with Display (VFR),0,41,153,0,194,0,0,723,0,723,0,41,876,0,917,398,0,398,1315
08/19/2004,VNY,CA,AWP,WE,Towers with Display (VFR),0,49,181,0,230,0,5,624,2,631,0,54,805,2,861,312,0,312,1173
08/20/2004,VNY,CA,AWP,WE,Towers with Display (VFR),0,45,166,0,211,0,28,831,4,863,0,73,997,4,1074,432,4,436,1510
08/21/2004,VNY,CA,AWP,WE,Towers with Display (VFR),0,30,156,0,186,0,0,525,0,525,0,30,681,0,711,302,0,302,1013
08/22/2004,VNY,CA,AWP,WE,Towers with Display (VFR),0,42,163,0,205,0,0,678,0,678,0,42,841,0,883,518,0,518,1401
08/23/2004,VNY,CA,AWP,WE,Towers with Display (VFR),0,32,117,0,149,0,25,734,0,759,0,57,851,0,908,510,0,510,1418
08/24/2004,VNY,CA,AWP,WE,Towers with Display (VFR),0,34,126,0,160,0,22,742,0,764,0,56,868,0,924,360,0,360,1284
08/25/2004,VNY,CA,AWP,WE,Towers with Display (VFR),0,42,153,0,195,0,14,864,0,878,0,56,1017,0,1073,478,0,478,1551
08/26/2004,VNY,CA,AWP,WE,Towers with Display (VFR),0,40,147,0,187,0,5,629,5,639,0,45,776,5,826,312,0,312,1138
08/27/2004,VNY,CA,AWP,WE,Towers with Display (VFR),0,50,181,0,231,0,2,906,0,908,0,52,1087,0,1139,460,0,460,1599
08/28/2004,VNY,CA,AWP,WE,Towers with Display (VFR),0,30,145,0,175,0,0,654,0,654,0,30,799,0,829,488,0,488,1317
08/29/2004,VNY,CA,AWP,WE,Towers with Display (VFR),0,47,193,0,240,0,0,764,4,768,0,47,957,4,1008,468,4,472,1480
08/30/2004,VNY,CA,AWP,WE,Towers with Display (VFR),0,37,137,0,174,0,12,534,0,546,0,49,671,0,720,334,0,334,1054
08/31/2004,VNY,CA,AWP,WE,Towers with Display (VFR),0,36,132,0,168,0,3,693,0,696,0,39,825,0,864,340,0,340,1204
09/01/2004,VNY,CA,AWP,WE,Towers with Display (VFR),0,46,166,0,212,0,18,792,1,811,0,64,958,1,1023,438,0,438,1461
09/02/2004,VNY,CA,AWP,WE,Towers with Display (VFR),0,38,138,0,176,0,8,773,1,782,0,46,911,1,958,352,0,352,1310
09/03/2004,VNY,CA,AWP,WE,Towers with Display (VFR),0,48,174,0,222,0,15,840,0,855,0,63,1014,0,1077,474,0,474,1551
09/04/2004,VNY,CA,AWP,WE,Towers with Display (VFR),0,27,102,0,129,0,9,752,0,761,0,36,854,0,890,412,0,412,1302
09/05/2004,VNY,CA,AWP,WE,Towers with Display (VFR),0,27,103,0,130,0,4,575,0,579,0,31,678,0,709,316,0,316,1025
09/06/2004,VNY,CA,AWP,WE,Towers with Display (VFR),0,47,173,0,220,0,11,669,0,680,0,58,842,0,900,326,0,326,1226
09/07/2004,VNY,CA,AWP,WE,Towers with Display (VFR),0,38,140,0,178,0,9,635,0,644,0,47,775,0,822,304,0,304,1126
09/08/2004,VNY,CA,AWP,WE,Towers with Display (VFR),0,34,125,0,159,0,16,620,0,636,0,50,745,0,795,290,0,290,1085
09/09/2004,VNY,CA,AWP,WE,Towers with Display (VFR),0,34,125,0,159,0,9,694,0,703,0,43,819,0,862,276,0,276,1138
09/10/2004,VNY,CA,AWP,WE,Towers with Display (VFR),0,45,167,0,212,0,5,823,0,828,0,50,990,0,1040,500,0,500,1540
09/11/2004,VNY,CA,AWP,WE,Towers with Display (VFR),0,24,92,0,116,0,1,662,0,663,0,25,754,0,779,394,0,394,1173
09/12/2004,VNY,CA,AWP,WE,Towers with Display (VFR),0,36,137,0,173,0,0,639,0,639,0,36,776,0,812,380,0,380,1192
09/13/2004,VNY,CA,AWP,WE,Towers with Display (VFR),0,32,122,0,154,0,10,616,0,626,0,42,738,0,780,292,0,292,1072
09/14/2004,VNY,CA,AWP,WE,Towers with Display (VFR),0,32,120,0,152,0,16,706,0,722,0,48,826,0,874,340,0,340,1214
09/15/2004,VNY,CA,AWP,WE,Towers with Display (VFR),0,44,163,0,207,0,9,651,2,662,0,53,814,2,869,332,0,332,1201
09/16/2004,VNY,CA,AWP,WE,Towers with Display (VFR),0,30,111,0,141,0,15,782,2,799,0,45,893,2,940,390,0,390,1330
09/17/2004,VNY,CA,AWP,WE,Towers with Display (VFR),0,51,190,0,241,0,2,788,0,790,0,53,978,0,1031,378,0,378,1409
09/18/2004,VNY,CA,AWP,WE,Towers with Display (VFR),0,34,126,0,160,0,4,678,0,682,0,38,804,0,842,426,0,426,1268
09/19/2004,VNY,CA,AWP,WE,Towers with Display (VFR),0,41,160,0,201,0,0,575,1,576,0,41,735,1,777,340,0,340,1117
09/20/2004,VNY,CA,AWP,WE,Towers with Display (VFR),0,43,161,0,204,0,22,672,0,694,0,65,833,0,898,266,0,266,1164
09/21/2004,VNY,CA,AWP,WE,Towers with Display (VFR),0,29,111,0,140,0,15,518,0,533,0,44,629,0,673,212,0,212,885
09/22/2004,VNY,CA,AWP,WE,Towers with Display (VFR),0,36,137,0,173,0,5,750,1,756,0,41,887,1,929,338,0,338,1267
09/23/2004,VNY,CA,AWP,WE,Towers with Display (VFR),0,42,156,0,198,0,19,858,0,877,0,61,1014,0,1075,470,0,470,1545
09/24/2004,VNY,CA,AWP,WE,Towers with Display (VFR),0,36,134,0,170,0,18,864,0,882,0,54,998,0,1052,514,0,514,1566
09/25/2004,VNY,CA,AWP,WE,Towers with Display (VFR),0,28,104,0,132,0,5,762,0,767,0,33,866,0,899,494,0,494,1393
09/26/2004,VNY,CA,AWP,WE,Towers with Display (VFR),0,33,145,0,178,0,0,642,0,642,0,33,787,0,820,488,0,488,1308
09/27/2004,VNY,CA,AWP,WE,Towers with Display (VFR),0,29,108,0,137,0,17,684,0,701,0,46,792,0,838,448,0,448,1286
09/28/2004,VNY,CA,AWP,WE,Towers with Display (VFR),0,40,148,0,188,0,12,605,0,617,0,52,753,0,805,390,0,390,1195
09/29/2004,VNY,CA,AWP,WE,Towers with Display (VFR),0,45,180,0,225,0,0,669,2,671,0,45,849,2,896,444,0,444,1340
09/30/2004,VNY,CA,AWP,WE,Towers with Display (VFR),0,51,192,0,243,0,2,660,1,663,0,53,852,1,906,350,0,350,1256
10/01/2004,VNY,CA,AWP,WE,Towers with Display (VFR),0,57,186,0,243,0,5,870,0,875,0,62,1056,0,1118,498,0,498,1616
10/02/2004,VNY,CA,AWP,WE,Towers with Display (VFR),0,17,131,0,148,0,6,638,0,644,0,23,769,0,792,420,0,420,1212
10/03/2004,VNY,CA,AWP,WE,Towers with Display (VFR),0,54,171,1,226,0,3,640,1,644,0,57,811,2,870,458,0,458,1328
10/04/2004,VNY,CA,AWP,WE,Towers with Display (VFR),0,39,157,0,196,0,12,690,0,702,0,51,847,0,898,336,0,336,1234
10/05/2004,VNY,CA,AWP,WE,Towers with Display (VFR),0,51,113,0,164,0,13,812,0,825,0,64,925,0,989,418,0,418,1407
10/06/2004,VNY,CA,AWP,WE,Towers with Display (VFR),0,63,157,0,220,0,4,693,0,697,0,67,850,0,917,374,0,374,1291
10/07/2004,VNY,CA,AWP,WE,Towers with Display (VFR),0,49,178,0,227,0,0,676,0,676,0,49,854,0,903,316,0,316,1219
10/08/2004,VNY,CA,AWP,WE,Towers with Display (VFR),0,54,185,0,239,0,0,829,0,829,0,54,1014,0,1068,342,0,342,1410
10/09/2004,VNY,CA,AWP,WE,Towers with Display (VFR),0,35,119,0,154,0,12,612,1,625,0,47,731,1,779,402,0,402,1181
10/10/2004,VNY,CA,AWP,WE,Towers with Display (VFR),0,44,176,2,222,0,5,580,0,585,0,49,756,2,807,296,0,296,1103
10/11/2004,VNY,CA,AWP,WE,Towers with Display (VFR),0,36,134,0,170,0,21,704,0,725,0,57,838,0,895,290,0,290,1185
10/12/2004,VNY,CA,AWP,WE,Towers with Display (VFR),0,50,151,0,201,0,13,626,0,639,0,63,777,0,840,404,0,404,1244
10/13/2004,VNY,CA,AWP,WE,Towers with Display (VFR),0,31,167,0,198,0,32,581,0,613,0,63,748,0,811,284,0,284,1095
10/14/2004,VNY,CA,AWP,WE,Towers with Display (VFR),0,37,149,0,186,0,11,690,2,703,0,48,839,2,889,462,0,462,1351
10/15/2004,VNY,CA,AWP,WE,Towers with Display (VFR),0,39,190,0,229,0,0,650,0,650,0,39,840,0,879,298,0,298,1177
10/16/2004,VNY,CA,AWP,WE,Towers with Display (VFR),0,25,165,0,190,0,2,506,0,508,0,27,671,0,698,306,0,306,1004
10/17/2004,VNY,CA,AWP,WE,Towers with Display (VFR),0,42,164,1,207,0,0,372,0,372,0,42,536,1,579,208,0,208,787
10/18/2004,VNY,CA,AWP,WE,Towers with Display (VFR),0,42,163,0,205,0,3,496,1,500,0,45,659,1,705,64,0,64,769
10/19/2004,VNY,CA,AWP,WE,Towers with Display (VFR),0,32,160,0,192,0,17,430,0,447,0,49,590,0,639,150,0,150,789
10/20/2004,VNY,CA,AWP,WE,Towers with Display (VFR),0,48,144,0,192,0,1,436,0,437,0,49,580,0,629,118,0,118,747
10/21/2004,VNY,CA,AWP,WE,Towers with Display (VFR),0,38,142,1,181,0,2,758,0,760,0,40,900,1,941,368,0,368,1309
10/22/2004,VNY,CA,AWP,WE,Towers with Display (VFR),0,49,175,0,224,0,6,874,0,880,0,55,1049,0,1104,474,0,474,1578
10/23/2004,VNY,CA,AWP,WE,Towers with Display (VFR),0,26,138,0,164,0,0,748,0,748,0,26,886,0,912,488,0,488,1400
10/24/2004,VNY,CA,AWP,WE,Towers with Display (VFR),0,48,175,1,224,0,3,670,0,673,0,51,845,1,897,606,0,606,1503
10/25/2004,VNY,CA,AWP,WE,Towers with Display (VFR),0,38,198,0,236,0,6,539,3,548,0,44,737,3,784,206,0,206,990
10/26/2004,VNY,CA,AWP,WE,Towers with Display (VFR),0,50,134,3,187,0,8,420,0,428,0,58,554,3,615,238,0,238,853
10/27/2004,VNY,CA,AWP,WE,Towers with Display (VFR),0,36,143,0,179,0,9,493,0,502,0,45,636,0,681,44,0,44,725
10/28/2004,VNY,CA,AWP,WE,Towers with Display (VFR),0,55,161,0,216,0,0,736,0,736,0,55,897,0,952,474,0,474,1426
10/29/2004,VNY,CA,AWP,WE,Towers with Display (VFR),0,32,125,0,157,0,20,887,0,907,0,52,1012,0,1064,442,0,442,1506
10/30/2004,VNY,CA,AWP,WE,Towers with Display (VFR),0,23,117,0,140,0,10,726,0,736,0,33,843,0,876,356,0,356,1232
10/31/2004,VNY,CA,AWP,WE,Towers with Display (VFR),0,16,102,0,118,0,5,522,0,527,0,21,624,0,645,236,0,236,881
11/01/2004,VNY,CA,AWP,WE,Towers with Radar,0,35,97,2,134,0,22,581,0,603,0,57,678,2,737,246,0,246,983
11/02/2004,VNY,CA,AWP,WE,Towers with Radar,0,38,129,0,167,0,19,754,2,775,0,57,883,2,942,432,0,432,1374
11/03/2004,VNY,CA,AWP,WE,Towers with Radar,0,43,162,0,205,0,0,696,0,696,0,43,858,0,901,350,0,350,1251
11/04/2004,VNY,CA,AWP,WE,Towers with Radar,0,38,160,1,199,0,10,834,0,844,0,48,994,1,1043,484,0,484,1527
11/05/2004,VNY,CA,AWP,WE,Towers with Radar,0,54,150,0,204,0,0,821,0,821,0,54,971,0,1025,420,0,420,1445
11/06/2004,VNY,CA,AWP,WE,Towers with Radar,0,23,98,1,122,0,5,718,1,724,0,28,816,2,846,360,0,360,1206
11/07/2004,VNY,CA,AWP,WE,Towers with Radar,0,58,127,0,185,0,1,520,0,521,0,59,647,0,706,180,0,180,886
11/08/2004,VNY,CA,AWP,WE,Towers with Radar,0,31,129,2,162,0,22,537,0,559,0,53,666,2,721,248,0,248,969
11/09/2004,VNY,CA,AWP,WE,Towers with Radar,0,36,149,0,185,0,29,604,0,633,0,65,753,0,818,450,0,450,1268
11/10/2004,VNY,CA,AWP,WE,Towers with Radar,0,39,131,3,173,0,16,822,0,838,0,55,953,3,1011,492,0,492,1503
11/11/2004,VNY,CA,AWP,WE,Towers with Radar,0,48,132,0,180,0,4,690,0,694,0,52,822,0,874,330,0,330,1204
11/12/2004,VNY,CA,AWP,WE,Towers with Radar,0,45,121,1,167,0,0,858,0,858,0,45,979,1,1025,456,0,456,1481
11/13/2004,VNY,CA,AWP,WE,Towers with Radar,0,33,99,0,132,0,4,618,0,622,0,37,717,0,754,372,0,372,1126
11/14/2004,VNY,CA,AWP,WE,Towers with Radar,0,42,130,0,172,0,3,548,0,551,0,45,678,0,723,260,0,260,983
11/15/2004,VNY,CA,AWP,WE,Towers with Radar,0,49,110,1,160,0,10,601,0,611,0,59,711,1,771,370,0,370,1141
11/16/2004,VNY,CA,AWP,WE,Towers with Radar,0,23,128,2,153,0,27,770,1,798,0,50,898,3,951,412,0,412,1363
11/17/2004,VNY,CA,AWP,WE,Towers with Radar,0,50,191,0,241,0,15,797,0,812,0,65,988,0,1053,408,0,408,1461
11/18/2004,VNY,CA,AWP,WE,Towers with Radar,0,62,140,0,202,0,6,835,0,841,0,68,975,0,1043,526,0,526,1569
11/19/2004,VNY,CA,AWP,WE,Towers with Radar,0,33,184,0,217,0,0,882,0,882,0,33,1066,0,1099,458,0,458,1557
11/20/2004,VNY,CA,AWP,WE,Towers with Radar,0,29,149,0,178,0,6,694,0,700,0,35,843,0,878,502,0,502,1380
11/21/2004,VNY,CA,AWP,WE,Towers with Radar,0,39,106,2,147,0,2,394,0,396,0,41,500,2,543,174,0,174,717
11/22/2004,VNY,CA,AWP,WE,Towers with Radar,0,31,124,0,155,0,16,658,0,674,0,47,782,0,829,282,0,282,1111
11/23/2004,VNY,CA,AWP,WE,Towers with Radar,0,41,181,0,222,0,4,855,0,859,0,45,1036,0,1081,398,0,398,1479
11/24/2004,VNY,CA,AWP,WE,Towers with Radar,0,62,191,0,253,0,20,855,0,875,0,82,1046,0,1128,544,0,544,1672
11/25/2004,VNY,CA,AWP,WE,Towers with Radar,0,21,58,0,79,0,0,318,0,318,0,21,376,0,397,156,0,156,553
11/26/2004,VNY,CA,AWP,WE,Towers with Radar,0,28,99,0,127,0,6,703,0,709,0,34,802,0,836,326,0,326,1162
11/27/2004,VNY,CA,AWP,WE,Towers with Radar,0,41,155,0,196,0,1,168,0,169,0,42,323,0,365,28,0,28,393
11/28/2004,VNY,CA,AWP,WE,Towers with Radar,0,57,201,0,258,0,21,516,0,537,0,78,717,0,795,178,0,178,973
11/29/2004,VNY,CA,AWP,WE,Towers with Radar,0,37,128,0,165,0,4,488,0,492,0,41,616,0,657,168,0,168,825
11/30/2004,VNY,CA,AWP,WE,Towers with Radar,0,25,120,2,147,0,25,660,0,685,0,50,780,2,832,404,0,404,1236
12/01/2004,VNY,CA,AWP,WE,Towers with Radar,0,49,141,0,190,0,5,731,0,736,0,54,872,0,926,408,0,408,1334
12/02/2004,VNY,CA,AWP,WE,Towers with Radar,0,47,135,2,184,0,0,691,1,692,0,47,826,3,876,336,0,336,1212
12/03/2004,VNY,CA,AWP,WE,Towers with Radar,0,49,122,0,171,0,6,706,0,712,0,55,828,0,883,268,0,268,1151
12/04/2004,VNY,CA,AWP,WE,Towers with Radar,0,38,112,0,150,0,6,779,0,785,0,44,891,0,935,650,0,650,1585
12/05/2004,VNY,CA,AWP,WE,Towers with Radar,0,42,100,0,142,0,0,191,0,191,0,42,291,0,333,20,0,20,353
12/06/2004,VNY,CA,AWP,WE,Towers with Radar,0,48,91,0,139,0,20,634,0,654,0,68,725,0,793,390,0,390,1183
12/07/2004,VNY,CA,AWP,WE,Towers with Radar,0,51,137,2,190,0,0,536,1,537,0,51,673,3,727,192,0,192,919
12/08/2004,VNY,CA,AWP,WE,Towers with Radar,0,37,160,1,198,0,7,497,0,504,0,44,657,1,702,268,0,268,970
12/09/2004,VNY,CA,AWP,WE,Towers with Radar,0,30,156,1,187,0,21,949,1,971,0,51,1105,2,1158,488,0,488,1646
12/10/2004,VNY,CA,AWP,WE,Towers with Radar,0,37,142,0,179,0,0,874,0,874,0,37,1016,0,1053,386,0,386,1439
12/11/2004,VNY,CA,AWP,WE,Towers with Radar,0,26,102,2,130,0,7,903,0,910,0,33,1005,2,1040,472,0,472,1512
12/12/2004,VNY,CA,AWP,WE,Towers with Radar,0,36,105,0,141,0,5,529,0,534,0,41,634,0,675,264,0,264,939
12/13/2004,VNY,CA,AWP,WE,Towers with Radar,0,23,135,2,160,0,17,411,0,428,0,40,546,2,588,128,0,128,716
12/14/2004,VNY,CA,AWP,WE,Towers with Radar,0,37,140,3,180,0,20,578,5,603,0,57,718,8,783,256,0,256,1039
12/15/2004,VNY,CA,AWP,WE,Towers with Radar,0,30,154,5,189,0,13,649,0,662,0,43,803,5,851,254,0,254,1105
12/16/2004,VNY,CA,AWP,WE,Towers with Radar,0,27,124,0,151,0,12,513,0,525,0,39,637,0,676,126,0,126,802
12/17/2004,VNY,CA,AWP,WE,Towers with Radar,0,60,149,2,211,0,0,659,0,659,0,60,808,2,870,292,0,292,1162
12/18/2004,VNY,CA,AWP,WE,Towers with Radar,0,51,139,0,190,0,7,686,0,693,0,58,825,0,883,432,0,432,1315
12/19/2004,VNY,CA,AWP,WE,Towers with Radar,0,44,125,0,169,0,10,648,0,658,0,54,773,0,827,358,0,358,1185
12/20/2004,VNY,CA,AWP,WE,Towers with Radar,0,30,125,0,155,0,26,638,2,666,0,56,763,2,821,316,0,316,1137
12/21/2004,VNY,CA,AWP,WE,Towers with Radar,0,52,154,0,206,0,21,850,0,871,0,73,1004,0,1077,444,0,444,1521
12/22/2004,VNY,CA,AWP,WE,Towers with Radar,0,35,134,0,169,0,15,796,0,811,0,50,930,0,980,526,0,526,1506
12/23/2004,VNY,CA,AWP,WE,Towers with Radar,0,37,108,0,145,0,3,585,0,588,0,40,693,0,733,160,0,160,893
12/24/2004,VNY,CA,AWP,WE,Towers with Radar,0,39,58,0,97,0,0,476,0,476,0,39,534,0,573,162,2,164,737
12/25/2004,VNY,CA,AWP,WE,Towers with Radar,0,33,62,0,95,0,1,380,0,381,0,34,442,0,476,180,0,180,656
12/26/2004,VNY,CA,AWP,WE,Towers with Radar,0,53,161,0,214,0,3,435,0,438,0,56,596,0,652,270,0,270,922
12/27/2004,VNY,CA,AWP,WE,Towers with Radar,0,38,131,0,169,0,0,307,0,307,0,38,438,0,476,66,0,66,542
12/28/2004,VNY,CA,AWP,WE,Towers with Radar,0,34,93,0,127,0,7,251,0,258,0,41,344,0,385,20,0,20,405
12/29/2004,VNY,CA,AWP,WE,Towers with Radar,0,30,104,0,134,0,9,469,0,478,0,39,573,0,612,28,0,28,640
12/30/2004,VNY,CA,AWP,WE,Towers with Radar,0,43,155,3,201,0,1,675,3,679,0,44,830,6,880,382,0,382,1262
12/31/2004,VNY,CA,AWP,WE,Towers with Radar,0,32,90,0,122,0,3,369,0,372,0,35,459,0,494,116,0,116,610
01/01/2005,VNY,CA,AWP,WE,Towers with Radar,0,40,174,4,218,0,5,551,1,557,0,45,725,5,775,310,0,310,1085
01/02/2005,VNY,CA,AWP,WE,Towers with Radar,0,55,249,1,305,0,0,341,0,341,0,55,590,1,646,86,0,86,732
01/03/2005,VNY,CA,AWP,WE,Towers with Radar,0,56,120,2,178,0,9,386,4,399,0,65,506,6,577,70,0,70,647
01/04/2005,VNY,CA,AWP,WE,Towers with Radar,0,23,102,2,127,0,16,498,0,514,0,39,600,2,641,180,0,180,821
01/05/2005,VNY,CA,AWP,WE,Towers with Radar,0,47,140,0,187,0,8,674,0,682,0,55,814,0,869,436,0,436,1305
01/06/2005,VNY,CA,AWP,WE,Towers with Radar,0,59,128,0,187,0,0,722,0,722,0,59,850,0,909,306,0,306,1215
01/07/2005,VNY,CA,AWP,WE,Towers with Radar,0,31,106,0,137,0,0,166,0,166,0,31,272,0,303,0,0,0,303
01/08/2005,VNY,CA,AWP,WE,Towers with Radar,0,42,99,0,141,0,0,186,0,186,0,42,285,0,327,50,0,50,377
01/09/2005,VNY,CA,AWP,WE,Towers with Radar,0,30,105,0,135,0,0,75,0,75,0,30,180,0,210,0,0,0,210
01/10/2005,VNY,CA,AWP,WE,Towers with Radar,0,37,134,0,171,0,4,326,0,330,0,41,460,0,501,6,0,6,507
01/11/2005,VNY,CA,AWP,WE,Towers with Radar,0,37,118,1,156,0,4,682,1,687,0,41,800,2,843,196,0,196,1039
01/12/2005,VNY,CA,AWP,WE,Towers with Radar,0,43,134,1,178,0,4,799,0,803,0,47,933,1,981,360,0,360,1341
01/13/2005,VNY,CA,AWP,WE,Towers with Radar,0,41,167,0,208,0,9,716,0,725,0,50,883,0,933,310,0,310,1243
01/14/2005,VNY,CA,AWP,WE,Towers with Radar,0,58,160,0,218,0,5,806,0,811,0,63,966,0,1029,308,0,308,1337
01/15/2005,VNY,CA,AWP,WE,Towers with Radar,0,24,120,0,144,0,0,684,0,684,0,24,804,0,828,394,0,394,1222
01/16/2005,VNY,CA,AWP,WE,Towers with Radar,0,25,127,0,152,0,6,643,0,649,0,31,770,0,801,420,0,420,1221
01/17/2005,VNY,CA,AWP,WE,Towers with Radar,0,65,150,0,215,0,3,631,0,634,0,68,781,0,849,346,0,346,1195
01/18/2005,VNY,CA,AWP,WE,Towers with Radar,0,43,130,0,173,0,6,682,0,688,0,49,812,0,861,236,0,236,1097
01/19/2005,VNY,CA,AWP,WE,Towers with Radar,0,46,124,0,170,0,0,690,0,690,0,46,814,0,860,268,0,268,1128
01/20/2005,VNY,CA,AWP,WE,Towers with Radar,0,52,132,3,187,0,12,741,0,753,0,64,873,3,940,402,0,402,1342
01/21/2005,VNY,CA,AWP,WE,Towers with Radar,0,53,170,0,223,0,0,684,0,684,0,53,854,0,907,350,0,350,1257
01/22/2005,VNY,CA,AWP,WE,Towers with Radar,0,33,125,1,159,0,1,885,2,888,0,34,1010,3,1047,594,0,594,1641
01/23/2005,VNY,CA,AWP,WE,Towers with Radar,0,38,161,3,202,0,6,766,2,774,0,44,927,5,976,440,0,440,1416
01/24/2005,VNY,CA,AWP,WE,Towers with Radar,0,57,103,0,160,0,8,652,0,660,0,65,755,0,820,200,0,200,1020
01/25/2005,VNY,CA,AWP,WE,Towers with Radar,0,46,150,0,196,0,0,555,2,557,0,46,705,2,753,248,0,248,1001
01/26/2005,VNY,CA,AWP,WE,Towers with Radar,0,43,181,0,224,0,21,518,0,539,0,64,699,0,763,174,0,174,937
01/27/2005,VNY,CA,AWP,WE,Towers with Radar,0,73,179,0,252,0,2,702,0,704,0,75,881,0,956,402,0,402,1358
01/28/2005,VNY,CA,AWP,WE,Towers with Radar,0,38,122,0,160,0,12,498,0,510,0,50,620,0,670,94,0,94,764
01/29/2005,VNY,CA,AWP,WE,Towers with Radar,0,22,74,0,96,0,0,565,0,565,0,22,639,0,661,304,0,304,965
01/30/2005,VNY,CA,AWP,WE,Towers with Radar,0,31,161,5,197,0,5,553,0,558,0,36,714,5,755,190,0,190,945
01/31/2005,VNY,CA,AWP,WE,Towers with Radar,0,60,112,0,172,0,0,694,0,694,0,60,806,0,866,184,0,184,1050
02/01/2005,VNY,CA,AWP,WE,Towers with Radar,0,38,101,1,140,0,2,621,1,624,0,40,722,2,764,262,0,262,1026
02/02/2005,VNY,CA,AWP,WE,Towers with Radar,0,44,112,0,156,0,0,584,0,584,0,44,696,0,740,148,0,148,888
02/03/2005,VNY,CA,AWP,WE,Towers with Radar,0,52,110,0,162,0,0,632,0,632,0,52,742,0,794,228,0,228,1022
02/04/2005,VNY,CA,AWP,WE,Towers with Radar,0,39,148,0,187,0,0,802,0,802,0,39,950,0,989,338,0,338,1327
02/05/2005,VNY,CA,AWP,WE,Towers with Radar,0,41,128,0,169,0,0,836,0,836,0,41,964,0,1005,604,0,604,1609
02/06/2005,VNY,CA,AWP,WE,Towers with Radar,0,27,176,4,207,0,5,309,1,315,0,32,485,5,522,194,0,194,716
02/07/2005,VNY,CA,AWP,WE,Towers with Radar,0,63,144,2,209,0,0,689,0,689,0,63,833,2,898,376,0,376,1274
02/08/2005,VNY,CA,AWP,WE,Towers with Radar,0,61,135,3,199,0,0,739,0,739,0,61,874,3,938,416,0,416,1354
02/09/2005,VNY,CA,AWP,WE,Towers with Radar,0,50,156,3,209,0,12,814,1,827,0,62,970,4,1036,496,0,496,1532
02/10/2005,VNY,CA,AWP,WE,Towers with Radar,0,45,160,0,205,0,3,749,0,752,0,48,909,0,957,330,0,330,1287
02/11/2005,VNY,CA,AWP,WE,Towers with Radar,0,65,135,0,200,0,0,340,0,340,0,65,475,0,540,6,0,6,546
02/12/2005,VNY,CA,AWP,WE,Towers with Radar,0,34,140,0,174,0,1,765,0,766,0,35,905,0,940,502,0,502,1442
02/13/2005,VNY,CA,AWP,WE,Towers with Radar,0,38,205,3,246,0,0,594,0,594,0,38,799,3,840,412,0,412,1252
02/14/2005,VNY,CA,AWP,WE,Towers with Radar,0,52,144,0,196,0,1,721,0,722,0,53,865,0,918,314,0,314,1232
02/15/2005,VNY,CA,AWP,WE,Towers with Radar,0,46,173,0,219,0,7,688,0,695,0,53,861,0,914,326,0,326,1240
02/16/2005,VNY,CA,AWP,WE,Towers with Radar,0,55,190,0,245,0,0,695,0,695,0,55,885,0,940,346,0,346,1286
02/17/2005,VNY,CA,AWP,WE,Towers with Radar,0,77,207,0,284,0,0,608,0,608,0,77,815,0,892,214,0,214,1106
02/18/2005,VNY,CA,AWP,WE,Towers with Radar,0,70,180,2,252,0,4,361,0,365,0,74,541,2,617,34,0,34,651
02/19/2005,VNY,CA,AWP,WE,Towers with Radar,0,37,88,0,125,0,0,278,0,278,0,37,366,0,403,42,0,42,445
02/20/2005,VNY,CA,AWP,WE,Towers with Radar,0,34,140,0,174,0,0,223,0,223,0,34,363,0,397,60,0,60,457
02/21/2005,VNY,CA,AWP,WE,Towers with Radar,0,64,136,2,202,0,10,416,0,426,0,74,552,2,628,16,0,16,644
02/22/2005,VNY,CA,AWP,WE,Towers with Radar,0,68,151,0,219,0,1,393,0,394,0,69,544,0,613,88,0,88,701
02/23/2005,VNY,CA,AWP,WE,Towers with Radar,0,52,134,0,186,0,3,669,0,672,0,55,803,0,858,236,0,236,1094
02/24/2005,VNY,CA,AWP,WE,Towers with Radar,0,60,164,0,224,0,0,722,1,723,0,60,886,1,947,450,0,450,1397
02/25/2005,VNY,CA,AWP,WE,Towers with Radar,0,64,218,1,283,0,2,545,0,547,0,66,763,1,830,296,0,296,1126
02/26/2005,VNY,CA,AWP,WE,Towers with Radar,0,36,159,0,195,0,1,705,1,707,0,37,864,1,902,598,0,598,1500
02/27/2005,VNY,CA,AWP,WE,Towers with Radar,0,41,192,0,233,0,2,716,0,718,0,43,908,0,951,358,0,358,1309
02/28/2005,VNY,CA,AWP,WE,Towers with Radar,0,49,141,0,190,0,3,584,0,587,0,52,725,0,777,344,0,344,1121
03/01/2005,VNY,CA,AWP,WE,Towers with Radar,0,52,156,0,208,0,12,672,1,685,0,64,828,1,893,272,0,272,1165
03/02/2005,VNY,CA,AWP,WE,Towers with Radar,0,52,195,0,247,0,4,591,0,595,0,56,786,0,842,416,0,416,1258
03/03/2005,VNY,CA,AWP,WE,Towers with Radar,0,48,190,0,238,0,8,696,0,704,0,56,886,0,942,458,0,458,1400
03/04/2005,VNY,CA,AWP,WE,Towers with Radar,0,50,133,0,183,0,2,386,0,388,0,52,519,0,571,114,0,114,685
03/05/2005,VNY,CA,AWP,WE,Towers with Radar,0,25,101,0,126,0,0,635,0,635,0,25,736,0,761,462,0,462,1223
03/06/2005,VNY,CA,AWP,WE,Towers with Radar,0,36,170,0,206,0,5,645,1,651,0,41,815,1,857,358,0,358,1215
03/07/2005,VNY,CA,AWP,WE,Towers with Radar,0,57,111,0,168,0,0,587,0,587,0,57,698,0,755,264,0,264,1019
03/08/2005,VNY,CA,AWP,WE,Towers with Radar,0,52,166,0,218,0,0,440,0,440,0,52,606,0,658,180,0,180,838
03/09/2005,VNY,CA,AWP,WE,Towers with Radar,0,65,199,0,264,0,1,698,0,699,0,66,897,0,963,340,0,340,1303
03/10/2005,VNY,CA,AWP,WE,Towers with Radar,0,56,175,1,232,0,3,645,0,648,0,59,820,1,880,310,0,310,1190
03/11/2005,VNY,CA,AWP,WE,Towers with Radar,0,60,192,0,252,0,0,629,0,629,0,60,821,0,881,484,0,484,1365
03/12/2005,VNY,CA,AWP,WE,Towers with Radar,0,22,137,0,159,0,1,577,0,578,0,23,714,0,737,432,6,438,1175
03/13/2005,VNY,CA,AWP,WE,Towers with Radar,0,41,230,2,273,0,3,363,0,366,0,44,593,2,639,330,0,330,969
03/14/2005,VNY,CA,AWP,WE,Towers with Radar,0,47,76,0,123,0,2,496,0,498,0,49,572,0,621,108,0,108,729
03/15/2005,VNY,CA,AWP,WE,Towers with Radar,0,31,143,0,174,0,21,744,4,769,0,52,887,4,943,234,0,234,1177
03/16/2005,VNY,CA,AWP,WE,Towers with Radar,0,34,166,0,200,0,3,932,0,935,0,37,1098,0,1135,490,0,490,1625
03/17/2005,VNY,CA,AWP,WE,Towers with Radar,0,66,185,0,251,0,0,1006,0,1006,0,66,1191,0,1257,570,0,570,1827
03/18/2005,VNY,CA,AWP,WE,Towers with Radar,0,56,191,0,247,0,0,559,0,559,0,56,750,0,806,284,0,284,1090
03/19/2005,VNY,CA,AWP,WE,Towers with Radar,0,33,162,0,195,0,0,193,0,193,0,33,355,0,388,18,0,18,406
03/20/2005,VNY,CA,AWP,WE,Towers with Radar,0,48,176,1,225,0,0,815,0,815,0,48,991,1,1040,706,0,706,1746
03/21/2005,VNY,CA,AWP,WE,Towers with Radar,0,39,134,0,173,0,4,759,0,763,0,43,893,0,936,358,0,358,1294
03/22/2005,VNY,CA,AWP,WE,Towers with Radar,0,46,157,1,204,0,0,327,2,329,0,46,484,3,533,208,0,208,741
03/23/2005,VNY,CA,AWP,WE,Towers with Radar,0,33,135,0,168,0,2,579,1,582,0,35,714,1,750,284,0,284,1034
03/24/2005,VNY,CA,AWP,WE,Towers with Radar,0,42,200,2,244,0,9,707,0,716,0,51,907,2,960,276,0,276,1236
03/25/2005,VNY,CA,AWP,WE,Towers with Radar,0,38,163,0,201,0,0,827,0,827,0,38,990,0,1028,508,0,508,1536
03/26/2005,VNY,CA,AWP,WE,Towers with Radar,0,49,115,0,164,0,2,737,0,739,0,51,852,0,903,478,0,478,1381
03/27/2005,VNY,CA,AWP,WE,Towers with Radar,0,36,138,0,174,0,1,527,0,528,0,37,665,0,702,366,0,366,1068
03/28/2005,VNY,CA,AWP,WE,Towers with Radar,0,57,114,0,171,0,2,624,0,626,0,59,738,0,797,244,0,244,1041
03/29/2005,VNY,CA,AWP,WE,Towers with Radar,0,49,95,0,144,0,0,731,0,731,0,49,826,0,875,438,0,438,1313
03/30/2005,VNY,CA,AWP,WE,Towers with Radar,0,44,172,2,218,0,21,770,1,792,0,65,942,3,1010,360,0,360,1370
03/31/2005,VNY,CA,AWP,WE,Towers with Radar,0,41,114,0,155,0,0,575,0,575,0,41,689,0,730,208,0,208,938
04/01/2005,VNY,CA,AWP,WE,Towers with Radar,0,49,151,0,200,0,0,793,0,793,0,49,944,0,993,476,0,476,1469
04/02/2005,VNY,CA,AWP,WE,Towers with Radar,0,29,158,0,187,0,1,796,0,797,0,30,954,0,984,480,0,480,1464
04/03/2005,VNY,CA,AWP,WE,Towers with Radar,0,53,183,1,237,0,9,728,0,737,0,62,911,1,974,486,0,486,1460
04/04/2005,VNY,CA,AWP,WE,Towers with Radar,0,48,100,2,150,0,17,605,0,622,0,65,705,2,772,348,0,348,1120
04/05/2005,VNY,CA,AWP,WE,Towers with Radar,0,31,126,0,157,0,5,831,0,836,0,36,957,0,993,328,0,328,1321
04/06/2005,VNY,CA,AWP,WE,Towers with Radar,0,28,139,1,168,0,19,757,1,777,0,47,896,2,945,430,0,430,1375
04/07/2005,VNY,CA,AWP,WE,Towers with Radar,0,35,158,0,193,0,7,772,0,779,0,42,930,0,972,418,0,418,1390
04/08/2005,VNY,CA,AWP,WE,Towers with Radar,0,36,144,0,180,0,0,639,0,639,0,36,783,0,819,284,0,284,1103
04/09/2005,VNY,CA,AWP,WE,Towers with Radar,0,21,97,0,118,0,0,594,0,594,0,21,691,0,712,438,0,438,1150
04/10/2005,VNY,CA,AWP,WE,Towers with Radar,0,28,160,0,188,0,2,572,0,574,0,30,732,0,762,292,0,292,1054
04/11/2005,VNY,CA,AWP,WE,Towers with Radar,0,31,109,0,140,0,21,687,2,710,0,52,796,2,850,388,0,388,1238
04/12/2005,VNY,CA,AWP,WE,Towers with Radar,0,45,131,0,176,0,0,870,0,870,0,45,1001,0,1046,504,0,504,1550
04/13/2005,VNY,CA,AWP,WE,Towers with Radar,0,37,139,0,176,0,7,796,2,805,0,44,935,2,981,454,0,454,1435
04/14/2005,VNY,CA,AWP,WE,Towers with Radar,0,30,127,0,157,0,0,653,0,653,0,30,780,0,810,320,0,320,1130
04/15/2005,VNY,CA,AWP,WE,Towers with Radar,0,47,132,0,179,0,0,809,0,809,0,47,941,0,988,506,0,506,1494
04/16/2005,VNY,CA,AWP,WE,Towers with Radar,0,26,101,0,127,0,5,761,0,766,0,31,862,0,893,448,0,448,1341
04/17/2005,VNY,CA,AWP,WE,Towers with Radar,0,45,146,0,191,0,6,648,0,654,0,51,794,0,845,454,0,454,1299
04/18/2005,VNY,CA,AWP,WE,Towers with Radar,0,39,157,1,197,0,5,532,0,537,0,44,689,1,734,362,0,362,1096
04/19/2005,VNY,CA,AWP,WE,Towers with Radar,0,26,146,0,172,0,4,706,0,710,0,30,852,0,882,352,0,352,1234
04/20/2005,VNY,CA,AWP,WE,Towers with Radar,0,51,157,2,210,0,0,632,0,632,0,51,789,2,842,332,0,332,1174
04/21/2005,VNY,CA,AWP,WE,Towers with Radar,0,38,164,0,202,0,7,699,0,706,0,45,863,0,908,488,0,488,1396
04/22/2005,VNY,CA,AWP,WE,Towers with Radar,0,43,173,0,216,0,4,656,4,664,0,47,829,4,880,384,0,384,1264
04/23/2005,VNY,CA,AWP,WE,Towers with Radar,0,26,94,0,120,0,1,479,0,480,0,27,573,0,600,396,0,396,996
04/24/2005,VNY,CA,AWP,WE,Towers with Radar,0,33,182,0,215,0,0,409,0,409,0,33,591,0,624,344,0,344,968
04/25/2005,VNY,CA,AWP,WE,Towers with Radar,0,47,143,0,190,0,4,623,0,627,0,51,766,0,817,474,0,474,1291
04/26/2005,VNY,CA,AWP,WE,Towers with Radar,0,41,152,0,193,0,0,673,0,673,0,41,825,0,866,412,0,412,1278
04/27/2005,VNY,CA,AWP,WE,Towers with Radar,0,43,167,0,210,0,0,494,0,494,0,43,661,0,704,268,0,268,972
04/28/2005,VNY,CA,AWP,WE,Towers with Radar,0,47,170,0,217,0,4,552,0,556,0,51,722,0,773,234,0,234,1007
04/29/2005,VNY,CA,AWP,WE,Towers with Radar,0,38,160,0,198,0,1,703,0,704,0,39,863,0,902,330,0,330,1232
04/30/2005,VNY,CA,AWP,WE,Towers with Radar,0,30,127,0,157,0,4,773,0,777,0,34,900,0,934,330,0,330,1264
05/01/2005,VNY,CA,AWP,WE,Towers with Radar,0,48,199,0,247,0,5,591,0,596,0,53,790,0,843,242,0,242,1085
05/02/2005,VNY,CA,AWP,WE,Towers with Radar,0,29,140,0,169,0,7,595,0,602,0,36,735,0,771,392,0,392,1163
05/03/2005,VNY,CA,AWP,WE,Towers with Radar,0,41,134,0,175,0,3,567,0,570,0,44,701,0,745,210,0,210,955
05/04/2005,VNY,CA,AWP,WE,Towers with Radar,0,49,208,0,257,0,0,518,0,518,0,49,726,0,775,280,0,280,1055
05/05/2005,VNY,CA,AWP,WE,Towers with Radar,0,57,173,1,231,0,0,451,0,451,0,57,624,1,682,158,0,158,840
05/06/2005,VNY,CA,AWP,WE,Towers with Radar,0,42,168,0,210,0,0,773,0,773,0,42,941,0,983,546,0,546,1529
05/07/2005,VNY,CA,AWP,WE,Towers with Radar,0,33,147,0,180,0,0,689,0,689,0,33,836,0,869,522,0,522,1391
05/08/2005,VNY,CA,AWP,WE,Towers with Radar,0,34,129,0,163,0,1,572,0,573,0,35,701,0,736,346,0,346,1082
05/09/2005,VNY,CA,AWP,WE,Towers with Radar,0,38,142,0,180,0,6,480,0,486,0,44,622,0,666,132,0,132,798
05/10/2005,VNY,CA,AWP,WE,Towers with Radar,0,32,107,0,139,0,1,752,2,755,0,33,859,2,894,376,0,376,1270
05/11/2005,VNY,CA,AWP,WE,Towers with Radar,0,39,178,0,217,0,1,837,0,838,0,40,1015,0,1055,474,0,474,1529
05/12/2005,VNY,CA,AWP,WE,Towers with Radar,0,32,168,3,203,0,3,1005,0,1008,0,35,1173,3,1211,646,0,646,1857
05/13/2005,VNY,CA,AWP,WE,Towers with Radar,0,50,186,0,236,0,0,770,0,770,0,50,956,0,1006,450,0,450,1456
05/14/2005,VNY,CA,AWP,WE,Towers with Radar,0,29,112,2,143,0,3,729,0,732,0,32,841,2,875,474,0,474,1349
05/15/2005,VNY,CA,AWP,WE,Towers with Radar,0,42,156,0,198,0,6,709,0,715,0,48,865,0,913,312,0,312,1225
05/16/2005,VNY,CA,AWP,WE,Towers with Radar,0,44,168,3,215,0,5,486,0,491,0,49,654,3,706,162,0,162,868
05/17/2005,VNY,CA,AWP,WE,Towers with Radar,0,26,149,1,176,0,6,725,0,731,0,32,874,1,907,516,0,516,1423
05/18/2005,VNY,CA,AWP,WE,Towers with Radar,0,37,163,0,200,0,0,816,0,816,0,37,979,0,1016,436,0,436,1452
05/19/2005,VNY,CA,AWP,WE,Towers with Radar,0,55,170,0,225,0,0,736,3,739,0,55,906,3,964,428,0,428,1392
05/20/2005,VNY,CA,AWP,WE,Towers with Radar,0,46,145,3,194,0,4,807,0,811,0,50,952,3,1005,490,0,490,1495
05/21/2005,VNY,CA,AWP,WE,Towers with Radar,0,18,111,1,130,0,2,869,0,871,0,20,980,1,1001,468,0,468,1469
05/22/2005,VNY,CA,AWP,WE,Towers with Radar,0,29,149,0,178,0,13,685,0,698,0,42,834,0,876,338,0,338,1214
05/23/2005,VNY,CA,AWP,WE,Towers with Radar,0,42,146,1,189,0,7,604,2,613,0,49,750,3,802,314,0,314,1116
05/24/2005,VNY,CA,AWP,WE,Towers with Radar,0,41,205,0,246,0,1,713,0,714,0,42,918,0,960,364,0,364,1324
05/25/2005,VNY,CA,AWP,WE,Towers with Radar,0,42,211,2,255,0,2,764,0,766,0,44,975,2,1021,438,0,438,1459
05/26/2005,VNY,CA,AWP,WE,Towers with Radar,0,50,198,4,252,0,4,616,2,622,0,54,814,6,874,304,0,304,1178
05/27/2005,VNY,CA,AWP,WE,Towers with Radar,0,46,218,1,265,0,0,869,0,869,0,46,1087,1,1134,444,0,444,1578
05/28/2005,VNY,CA,AWP,WE,Towers with Radar,0,17,124,0,141,0,3,685,0,688,0,20,809,0,829,412,0,412,1241
05/29/2005,VNY,CA,AWP,WE,Towers with Radar,0,29,123,2,154,0,0,423,0,423,0,29,546,2,577,310,0,310,887
05/30/2005,VNY,CA,AWP,WE,Towers with Radar,0,51,180,0,231,0,7,803,0,810,0,58,983,0,1041,422,0,422,1463
05/31/2005,VNY,CA,AWP,WE,Towers with Radar,0,36,140,0,176,0,2,684,0,686,0,38,824,0,862,358,0,358,1220
06/01/2005,VNY,CA,AWP,WE,Towers with Radar,0,30,169,2,201,0,2,451,0,453,0,32,620,2,654,210,0,210,864
06/02/2005,VNY,CA,AWP,WE,Towers with Radar,0,52,195,3,250,0,2,558,4,564,0,54,753,7,814,320,0,320,1134
06/03/2005,VNY,CA,AWP,WE,Towers with Radar,0,45,157,2,204,0,6,790,2,798,0,51,947,4,1002,328,0,328,1330
06/04/2005,VNY,CA,AWP,WE,Towers with Radar,0,27,139,0,166,0,1,679,2,682,0,28,818,2,848,428,0,428,1276
06/05/2005,VNY,CA,AWP,WE,Towers with Radar,0,46,168,0,214,0,0,473,0,473,0,46,641,0,687,328,0,328,1015
06/06/2005,VNY,CA,AWP,WE,Towers with Radar,0,41,102,0,143,0,0,717,0,717,0,41,819,0,860,272,0,272,1132
06/07/2005,VNY,CA,AWP,WE,Towers with Radar,0,31,126,0,157,0,0,692,0,692,0,31,818,0,849,300,0,300,1149
06/08/2005,VNY,CA,AWP,WE,Towers with Radar,0,23,126,0,149,0,6,756,0,762,0,29,882,0,911,350,0,350,1261
06/09/2005,VNY,CA,AWP,WE,Towers with Radar,0,38,183,0,221,0,0,666,0,666,0,38,849,0,887,378,0,378,1265
06/10/2005,VNY,CA,AWP,WE,Towers with Radar,0,26,174,0,200,0,0,658,0,658,0,26,832,0,858,320,0,320,1178
06/11/2005,VNY,CA,AWP,WE,Towers with Radar,0,31,160,0,191,0,0,696,0,696,0,31,856,0,887,428,0,428,1315
06/12/2005,VNY,CA,AWP,WE,Towers with Radar,0,39,172,0,211,0,0,528,0,528,0,39,700,0,739,324,0,324,1063
06/13/2005,VNY,CA,AWP,WE,Towers with Radar,0,24,173,2,199,0,9,678,0,687,0,33,851,2,886,444,0,444,1330
06/14/2005,VNY,CA,AWP,WE,Towers with Radar,0,41,175,0,216,0,4,617,0,621,0,45,792,0,837,430,0,430,1267
06/15/2005,VNY,CA,AWP,WE,Towers with Radar,0,31,159,1,191,0,4,611,0,615,0,35,770,1,806,326,0,326,1132
06/16/2005,VNY,CA,AWP,WE,Towers with Radar,0,36,174,0,210,0,0,696,0,696,0,36,870,0,906,328,0,328,1234
06/17/2005,VNY,CA,AWP,WE,Towers with Radar,0,48,197,0,245,0,4,756,0,760,0,52,953,0,1005,392,0,392,1397
06/18/2005,VNY,CA,AWP,WE,Towers with Radar,0,18,127,0,145,0,1,742,0,743,0,19,869,0,888,392,0,392,1280
06/19/2005,VNY,CA,AWP,WE,Towers with Radar,0,26,131,1,158,0,6,712,2,720,0,32,843,3,878,354,0,354,1232
06/20/2005,VNY,CA,AWP,WE,Towers with Radar,0,41,102,0,143,0,2,656,0,658,0,43,758,0,801,410,0,410,1211
06/21/2005,VNY,CA,AWP,WE,Towers with Radar,0,42,120,0,162,0,8,607,0,615,0,50,727,0,777,320,0,320,1097
06/22/2005,VNY,CA,AWP,WE,Towers with Radar,0,38,136,0,174,0,0,664,0,664,0,38,800,0,838,344,2,346,1184
06/23/2005,VNY,CA,AWP,WE,Towers with Radar,0,30,132,0,162,0,2,723,0,725,0,32,855,0,887,390,0,390,1277
06/24/2005,VNY,CA,AWP,WE,Towers with Radar,0,32,156,2,190,0,2,638,0,640,0,34,794,2,830,414,0,414,1244
06/25/2005,VNY,CA,AWP,WE,Towers with Radar,0,29,96,0,125,0,0,844,4,848,0,29,940,4,973,438,0,438,1411
06/26/2005,VNY,CA,AWP,WE,Towers with Radar,0,34,141,0,175,0,0,525,0,525,0,34,666,0,700,308,0,308,1008
06/27/2005,VNY,CA,AWP,WE,Towers with Radar,0,35,117,0,152,0,2,500,0,502,0,37,617,0,654,214,0,214,868
06/28/2005,VNY,CA,AWP,WE,Towers with Radar,0,29,162,0,191,0,4,604,0,608,0,33,766,0,799,320,0,320,1119
06/29/2005,VNY,CA,AWP,WE,Towers with Radar,0,44,179,0,223,0,0,670,0,670,0,44,849,0,893,340,0,340,1233
06/30/2005,VNY,CA,AWP,WE,Towers with Radar,0,64,159,2,225,0,1,637,1,639,0,65,796,3,864,326,0,326,1190
07/01/2005,VNY,CA,AWP,WE,Towers with Radar,0,42,195,1,238,0,0,566,0,566,0,42,761,1,804,314,0,314,1118
07/02/2005,VNY,CA,AWP,WE,Towers with Radar,0,28,116,0,144,0,0,562,0,562,0,28,678,0,706,326,0,326,1032
07/03/2005,VNY,CA,AWP,WE,Towers with Radar,0,17,106,0,123,0,0,353,0,353,0,17,459,0,476,156,0,156,632
07/04/2005,VNY,CA,AWP,WE,Towers with Radar,0,31,76,0,107,0,2,410,0,412,0,33,486,0,519,214,0,214,733
07/05/2005,VNY,CA,AWP,WE,Towers with Radar,0,50,170,2,222,0,6,518,2,526,0,56,688,4,748,260,0,260,1008
07/06/2005,VNY,CA,AWP,WE,Towers with Radar,0,32,137,0,169,0,1,549,0,550,0,33,686,0,719,296,0,296,1015
07/07/2005,VNY,CA,AWP,WE,Towers with Radar,0,29,130,0,159,0,1,558,0,559,0,30,688,0,718,348,0,348,1066
07/08/2005,VNY,CA,AWP,WE,Towers with Radar,0,30,145,0,175,0,0,663,0,663,0,30,808,0,838,380,0,380,1218
07/09/2005,VNY,CA,AWP,WE,Towers with Radar,0,15,140,0,155,0,2,593,0,595,0,17,733,0,750,400,0,400,1150
07/10/2005,VNY,CA,AWP,WE,Towers with Radar,0,26,156,0,182,0,2,553,0,555,0,28,709,0,737,364,0,364,1101
07/11/2005,VNY,CA,AWP,WE,Towers with Radar,0,23,109,0,132,0,10,653,0,663,0,33,762,0,795,378,0,378,1173
07/12/2005,VNY,CA,AWP,WE,Towers with Radar,0,45,148,0,193,0,0,724,0,724,0,45,872,0,917,426,0,426,1343
07/13/2005,VNY,CA,AWP,WE,Towers with Radar,0,50,145,0,195,0,3,692,0,695,0,53,837,0,890,378,0,378,1268
07/14/2005,VNY,CA,AWP,WE,Towers with Radar,0,52,165,0,217,0,0,599,0,599,0,52,764,0,816,368,0,368,1184
07/15/2005,VNY,CA,AWP,WE,Towers with Radar,0,37,139,0,176,0,3,775,2,780,0,40,914,2,956,352,4,356,1312
07/16/2005,VNY,CA,AWP,WE,Towers with Radar,0,25,138,0,163,0,6,745,0,751,0,31,883,0,914,402,0,402,1316
07/17/2005,VNY,CA,AWP,WE,Towers with Radar,0,49,155,0,204,0,0,516,0,516,0,49,671,0,720,320,0,320,1040
07/18/2005,VNY,CA,AWP,WE,Towers with Radar,0,24,143,0,167,0,4,620,0,624,0,28,763,0,791,314,0,314,1105
07/19/2005,VNY,CA,AWP,WE,Towers with Radar,0,42,137,0,179,0,4,646,0,650,0,46,783,0,829,288,0,288,1117
07/20/2005,VNY,CA,AWP,WE,Towers with Radar,0,40,136,0,176,0,2,734,0,736,0,42,870,0,912,460,0,460,1372
07/21/2005,VNY,CA,AWP,WE,Towers with Radar,0,44,150,0,194,0,2,653,0,655,0,46,803,0,849,242,0,242,1091
07/22/2005,VNY,CA,AWP,WE,Towers with Radar,0,39,153,0,192,0,10,643,0,653,0,49,796,0,845,306,0,306,1151
07/23/2005,VNY,CA,AWP,WE,Towers with Radar,0,26,102,0,128,0,0,590,0,590,0,26,692,0,718,356,0,356,1074
07/24/2005,VNY,CA,AWP,WE,Towers with Radar,0,33,156,0,189,0,6,597,2,605,0,39,753,2,794,370,0,370,1164
07/25/2005,VNY,CA,AWP,WE,Towers with Radar,0,32,120,0,152,0,5,585,0,590,0,37,705,0,742,402,0,402,1144
07/26/2005,VNY,CA,AWP,WE,Towers with Radar,0,40,142,0,182,0,3,680,0,683,0,43,822,0,865,414,0,414,1279
07/27/2005,VNY,CA,AWP,WE,Towers with Radar,0,24,132,0,156,0,8,706,0,714,0,32,838,0,870,466,0,466,1336
07/28/2005,VNY,CA,AWP,WE,Towers with Radar,0,38,169,2,209,0,0,728,0,728,0,38,897,2,937,284,0,284,1221
07/29/2005,VNY,CA,AWP,WE,Towers with Radar,0,65,130,0,195,0,0,861,0,861,0,65,991,0,1056,416,0,416,1472
07/30/2005,VNY,CA,AWP,WE,Towers with Radar,0,35,98,0,133,0,1,755,0,756,0,36,853,0,889,674,0,674,1563
07/31/2005,VNY,CA,AWP,WE,Towers with Radar,0,42,181,0,223,0,0,586,2,588,0,42,767,2,811,316,0,316,1127
08/01/2005,VNY,CA,AWP,WE,Towers with Radar,0,44,118,0,162,0,5,588,0,593,0,49,706,0,755,304,0,304,1059
08/02/2005,VNY,CA,AWP,WE,Towers with Radar,0,50,151,0,201,0,1,586,0,587,0,51,737,0,788,332,0,332,1120
08/03/2005,VNY,CA,AWP,WE,Towers with Radar,0,35,135,0,170,0,1,621,0,622,0,36,756,0,792,388,0,388,1180
08/04/2005,VNY,CA,AWP,WE,Towers with Radar,0,46,153,0,199,0,1,647,0,648,0,47,800,0,847,412,0,412,1259
08/05/2005,VNY,CA,AWP,WE,Towers with Radar,0,49,141,0,190,0,0,751,0,751,0,49,892,0,941,370,0,370,1311
08/06/2005,VNY,CA,AWP,WE,Towers with Radar,0,31,115,0,146,0,0,635,0,635,0,31,750,0,781,318,0,318,1099
08/07/2005,VNY,CA,AWP,WE,Towers with Radar,0,26,139,0,165,0,4,613,0,617,0,30,752,0,782,280,0,280,1062
08/08/2005,VNY,CA,AWP,WE,Towers with Radar,0,32,128,0,160,0,0,632,0,632,0,32,760,0,792,346,0,346,1138
08/09/2005,VNY,CA,AWP,WE,Towers with Radar,0,38,152,0,190,0,0,672,0,672,0,38,824,0,862,354,0,354,1216
08/10/2005,VNY,CA,AWP,WE,Towers with Radar,0,22,140,0,162,0,8,634,0,642,0,30,774,0,804,314,0,314,1118
08/11/2005,VNY,CA,AWP,WE,Towers with Radar,0,39,177,0,216,0,1,666,0,667,0,40,843,0,883,336,0,336,1219
08/12/2005,VNY,CA,AWP,WE,Towers with Radar,0,34,209,0,243,0,5,748,0,753,0,39,957,0,996,320,0,320,1316
08/13/2005,VNY,CA,AWP,WE,Towers with Radar,0,30,145,0,175,0,2,530,0,532,0,32,675,0,707,270,0,270,977
08/14/2005,VNY,CA,AWP,WE,Towers with Radar,0,29,201,0,230,0,0,561,0,561,0,29,762,0,791,350,0,350,1141
08/15/2005,VNY,CA,AWP,WE,Towers with Radar,0,32,149,0,181,0,6,533,0,539,0,38,682,0,720,200,0,200,920
08/16/2005,VNY,CA,AWP,WE,Towers with Radar,0,36,167,2,205,0,0,579,0,579,0,36,746,2,784,272,0,272,1056
08/17/2005,VNY,CA,AWP,WE,Towers with Radar,0,30,153,0,183,0,3,687,0,690,0,33,840,0,873,364,0,364,1237
08/18/2005,VNY,CA,AWP,WE,Towers with Radar,0,33,181,0,214,0,0,619,0,619,0,33,800,0,833,310,0,310,1143
08/19/2005,VNY,CA,AWP,WE,Towers with Radar,0,40,176,0,216,0,0,693,0,693,0,40,869,0,909,308,0,308,1217
08/20/2005,VNY,CA,AWP,WE,Towers with Radar,0,27,130,2,159,0,2,733,0,735,0,29,863,2,894,420,0,420,1314
08/21/2005,VNY,CA,AWP,WE,Towers with Radar,0,31,180,0,211,0,8,629,0,637,0,39,809,0,848,288,0,288,1136
08/22/2005,VNY,CA,AWP,WE,Towers with Radar,0,28,133,0,161,0,5,632,0,637,0,33,765,0,798,346,0,346,1144
08/23/2005,VNY,CA,AWP,WE,Towers with Radar,0,41,131,0,172,0,1,579,0,580,0,42,710,0,752,272,0,272,1024
08/24/2005,VNY,CA,AWP,WE,Towers with Radar,0,44,146,0,190,0,0,655,2,657,0,44,801,2,847,342,0,342,1189
08/25/2005,VNY,CA,AWP,WE,Towers with Radar,0,41,112,1,154,0,0,636,0,636,0,41,748,1,790,306,0,306,1096
08/26/2005,VNY,CA,AWP,WE,Towers with Radar,0,41,143,1,185,0,3,761,0,764,0,44,904,1,949,354,0,354,1303
08/27/2005,VNY,CA,AWP,WE,Towers with Radar,0,24,120,0,144,0,0,628,0,628,0,24,748,0,772,290,0,290,1062
08/28/2005,VNY,CA,AWP,WE,Towers with Radar,0,33,144,0,177,0,1,637,0,638,0,34,781,0,815,370,0,370,1185
08/29/2005,VNY,CA,AWP,WE,Towers with Radar,0,32,103,1,136,0,5,618,1,624,0,37,721,2,760,298,0,298,1058
08/30/2005,VNY,CA,AWP,WE,Towers with Radar,0,26,128,0,154,0,1,607,0,608,0,27,735,0,762,290,0,290,1052
08/31/2005,VNY,CA,AWP,WE,Towers with Radar,0,35,166,2,203,0,6,587,0,593,0,41,753,2,796,268,0,268,1064
09/01/2005,VNY,CA,AWP,WE,Towers with Radar,0,26,169,0,195,0,0,705,0,705,0,26,874,0,900,314,0,314,1214
09/02/2005,VNY,CA,AWP,WE,Towers with Radar,0,32,151,0,183,0,1,805,0,806,0,33,956,0,989,402,0,402,1391
09/03/2005,VNY,CA,AWP,WE,Towers with Radar,0,18,70,1,89,0,1,621,2,624,0,19,691,3,713,356,0,356,1069
09/04/2005,VNY,CA,AWP,WE,Towers with Radar,0,17,89,0,106,0,1,478,0,479,0,18,567,0,585,274,0,274,859
09/05/2005,VNY,CA,AWP,WE,Towers with Radar,0,34,157,0,191,0,2,626,0,628,0,36,783,0,819,326,0,326,1145
09/06/2005,VNY,CA,AWP,WE,Towers with Radar,0,33,134,0,167,0,5,613,0,618,0,38,747,0,785,292,0,292,1077
09/07/2005,VNY,CA,AWP,WE,Towers with Radar,0,27,129,0,156,0,6,563,0,569,0,33,692,0,725,294,0,294,1019
09/08/2005,VNY,CA,AWP,WE,Towers with Radar,0,25,149,4,178,0,3,648,0,651,0,28,797,4,829,330,0,330,1159
09/09/2005,VNY,CA,AWP,WE,Towers with Radar,0,28,132,0,160,0,15,603,0,618,0,43,735,0,778,281,0,281,1059
09/10/2005,VNY,CA,AWP,WE,Towers with Radar,0,30,166,0,196,0,0,635,0,635,0,30,801,0,831,348,0,348,1179
09/11/2005,VNY,CA,AWP,WE,Towers with Radar,0,36,149,0,185,0,2,492,0,494,0,38,641,0,679,342,0,342,1021
09/12/2005,VNY,CA,AWP,WE,Towers with Radar,0,25,110,0,135,0,0,631,1,632,0,25,741,1,767,164,0,164,931
09/13/2005,VNY,CA,AWP,WE,Towers with Radar,0,30,128,0,158,0,0,673,0,673,0,30,801,0,831,306,0,306,1137
09/14/2005,VNY,CA,AWP,WE,Towers with Radar,0,51,152,0,203,0,0,669,0,669,0,51,821,0,872,328,0,328,1200
09/15/2005,VNY,CA,AWP,WE,Towers with Radar,0,31,155,0,186,0,1,764,0,765,0,32,919,0,951,244,0,244,1195
09/16/2005,VNY,CA,AWP,WE,Towers with Radar,0,34,151,2,187,0,0,677,0,677,0,34,828,2,864,806,0,806,1670
09/17/2005,VNY,CA,AWP,WE,Towers with Radar,0,23,101,0,124,0,1,623,0,624,0,24,724,0,748,396,0,396,1144
09/18/2005,VNY,CA,AWP,WE,Towers with Radar,0,25,164,2,191,0,1,593,0,594,0,26,757,2,785,314,0,314,1099
09/19/2005,VNY,CA,AWP,WE,Towers with Radar,0,42,141,1,184,0,0,475,0,475,0,42,616,1,659,264,0,264,923
09/20/2005,VNY,CA,AWP,WE,Towers with Radar,0,27,134,0,161,0,5,472,4,481,0,32,606,4,642,160,0,160,802
09/21/2005,VNY,CA,AWP,WE,Towers with Radar,0,37,125,0,162,0,1,659,0,660,0,38,784,0,822,324,0,324,1146
09/22/2005,VNY,CA,AWP,WE,Towers with Radar,0,54,162,1,217,0,0,682,0,682,0,54,844,1,899,256,18,274,1173
09/23/2005,VNY,CA,AWP,WE,Towers with Radar,0,51,182,0,233,0,0,612,0,612,0,51,794,0,845,314,0,314,1159
09/24/2005,VNY,CA,AWP,WE,Towers with Radar,0,26,164,3,193,0,0,586,0,586,0,26,750,3,779,334,0,334,1113
09/25/2005,VNY,CA,AWP,WE,Towers with Radar,0,41,159,0,200,0,2,620,0,622,0,43,779,0,822,400,0,400,1222
09/26/2005,VNY,CA,AWP,WE,Towers with Radar,0,27,107,0,134,0,2,475,0,477,0,29,582,0,611,202,0,202,813
09/27/2005,VNY,CA,AWP,WE,Towers with Radar,0,21,109,0,130,0,3,608,0,611,0,24,717,0,741,244,0,244,985
09/28/2005,VNY,CA,AWP,WE,Towers with Radar,0,26,122,0,148,0,3,773,0,776,0,29,895,0,924,202,0,202,1126
09/29/2005,VNY,CA,AWP,WE,Towers with Radar,0,49,136,0,185,0,1,956,0,957,0,50,1092,0,1142,206,0,206,1348
09/30/2005,VNY,CA,AWP,WE,Towers with Radar,0,33,159,0,192,0,0,873,0,873,0,33,1032,0,1065,167,0,167,1232
10/01/2005,VNY,CA,AWP,WE,Towers with Radar,0,31,104,0,135,0,0,779,0,779,0,31,883,0,914,436,0,436,1350
10/02/2005,VNY,CA,AWP,WE,Towers with Radar,0,43,160,0,203,0,1,512,0,513,0,44,672,0,716,208,0,208,924
10/03/2005,VNY,CA,AWP,WE,Towers with Radar,0,28,127,0,155,0,8,669,0,677,0,36,796,0,832,340,0,340,1172
10/04/2005,VNY,CA,AWP,WE,Towers with Radar,0,21,147,0,168,0,9,510,2,521,0,30,657,2,689,174,0,174,863
10/05/2005,VNY,CA,AWP,WE,Towers with Radar,0,32,109,1,142,0,0,605,0,605,0,32,714,1,747,174,0,174,921
10/06/2005,VNY,CA,AWP,WE,Towers with Radar,0,48,149,0,197,0,0,680,0,680,0,48,829,0,877,310,0,310,1187
10/07/2005,VNY,CA,AWP,WE,Towers with Radar,0,49,145,0,194,0,0,764,0,764,0,49,909,0,958,312,0,312,1270
10/08/2005,VNY,CA,AWP,WE,Towers with Radar,0,29,111,0,140,0,0,491,2,493,0,29,602,2,633,304,0,304,937
10/09/2005,VNY,CA,AWP,WE,Towers with Radar,0,39,126,1,166,0,0,624,1,625,0,39,750,2,791,256,0,256,1047
10/10/2005,VNY,CA,AWP,WE,Towers with Radar,0,36,97,0,133,0,0,609,0,609,0,36,706,0,742,260,0,260,1002
10/11/2005,VNY,CA,AWP,WE,Towers with Radar,0,37,129,0,166,0,0,642,0,642,0,37,771,0,808,274,0,274,1082
10/12/2005,VNY,CA,AWP,WE,Towers with Radar,0,45,140,0,185,0,1,657,0,658,0,46,797,0,843,402,0,402,1245
10/13/2005,VNY,CA,AWP,WE,Towers with Radar,0,35,127,0,162,0,0,613,0,613,0,35,740,0,775,240,0,240,1015
10/14/2005,VNY,CA,AWP,WE,Towers with Radar,0,39,157,0,196,0,0,794,0,794,0,39,951,0,990,392,0,392,1382
10/15/2005,VNY,CA,AWP,WE,Towers with Radar,0,24,109,0,133,0,3,693,0,696,0,27,802,0,829,356,0,356,1185
10/16/2005,VNY,CA,AWP,WE,Towers with Radar,0,60,147,0,207,0,5,513,1,519,0,65,660,1,726,310,0,310,1036
10/17/2005,VNY,CA,AWP,WE,Towers with Radar,0,45,97,0,142,0,0,319,0,319,0,45,416,0,461,8,0,8,469
10/18/2005,VNY,CA,AWP,WE,Towers with Radar,0,34,147,0,181,0,3,404,2,409,0,37,551,2,590,64,0,64,654
10/19/2005,VNY,CA,AWP,WE,Towers with Radar,0,46,151,0,197,0,0,637,2,639,0,46,788,2,836,338,0,338,1174
10/20/2005,VNY,CA,AWP,WE,Towers with Radar,0,43,138,2,183,0,0,528,0,528,0,43,666,2,711,234,2,236,947
10/21/2005,VNY,CA,AWP,WE,Towers with Radar,0,42,151,1,194,0,4,374,2,380,0,46,525,3,574,128,0,128,702
10/22/2005,VNY,CA,AWP,WE,Towers with Radar,0,34,145,0,179,0,0,293,0,293,0,34,438,0,472,54,0,54,526
10/23/2005,VNY,CA,AWP,WE,Towers with Radar,0,41,208,0,249,0,0,379,0,379,0,41,587,0,628,184,0,184,812
10/24/2005,VNY,CA,AWP,WE,Towers with Radar,0,29,168,0,197,0,0,292,0,292,0,29,460,0,489,66,0,66,555
10/25/2005,VNY,CA,AWP,WE,Towers with Radar,0,47,190,0,237,0,7,651,2,660,0,54,841,2,897,444,0,444,1341
10/26/2005,VNY,CA,AWP,WE,Towers with Radar,0,47,206,4,257,0,3,457,0,460,0,50,663,4,717,276,0,276,993
10/27/2005,VNY,CA,AWP,WE,Towers with Radar,0,42,246,0,288,0,2,488,0,490,0,44,734,0,778,204,0,204,982
10/28/2005,VNY,CA,AWP,WE,Towers with Radar,0,33,169,0,202,0,0,526,0,526,0,33,695,0,728,292,0,292,1020
10/29/2005,VNY,CA,AWP,WE,Towers with Radar,0,28,107,0,135,0,0,661,0,661,0,28,768,0,796,428,0,428,1224
10/30/2005,VNY,CA,AWP,WE,Towers with Radar,0,38,122,0,160,0,3,652,0,655,0,41,774,0,815,318,0,318,1133
10/31/2005,VNY,CA,AWP,WE,Towers with Radar,0,32,101,0,133,0,7,630,0,637,0,39,731,0,770,262,0,262,1032
11/01/2005,VNY,CA,AWP,WE,Towers with Radar,0,35,150,0,185,0,4,763,0,767,0,39,913,0,952,396,0,396,1348
11/02/2005,VNY,CA,AWP,WE,Towers with Radar,0,35,158,0,193,0,1,658,0,659,0,36,816,0,852,368,0,368,1220
11/03/2005,VNY,CA,AWP,WE,Towers with Radar,0,49,161,0,210,0,0,559,0,559,0,49,720,0,769,268,0,268,1037
11/04/2005,VNY,CA,AWP,WE,Towers with Radar,0,47,140,1,188,0,0,727,2,729,0,47,867,3,917,260,0,260,1177
11/05/2005,VNY,CA,AWP,WE,Towers with Radar,0,17,103,2,122,0,0,739,0,739,0,17,842,2,861,508,0,508,1369
11/06/2005,VNY,CA,AWP,WE,Towers with Radar,0,49,149,2,200,0,6,714,0,720,0,55,863,2,920,430,0,430,1350
11/07/2005,VNY,CA,AWP,WE,Towers with Radar,0,25,165,0,190,0,4,438,1,443,0,29,603,1,633,196,0,196,829
11/08/2005,VNY,CA,AWP,WE,Towers with Radar,0,26,174,0,200,0,3,604,2,609,0,29,778,2,809,294,0,294,1103
11/09/2005,VNY,CA,AWP,WE,Towers with Radar,0,51,205,1,257,0,0,290,0,290,0,51,495,1,547,20,0,20,567
11/10/2005,VNY,CA,AWP,WE,Towers with Radar,0,34,191,0,225,0,0,501,0,501,0,34,692,0,726,250,0,250,976
11/11/2005,VNY,CA,AWP,WE,Towers with Radar,0,46,166,0,212,0,0,797,0,797,0,46,963,0,1009,424,0,424,1433
11/12/2005,VNY,CA,AWP,WE,Towers with Radar,0,21,91,0,112,0,4,592,0,596,0,25,683,0,708,410,0,410,1118
11/13/2005,VNY,CA,AWP,WE,Towers with Radar,0,37,183,0,220,0,4,711,0,715,0,41,894,0,935,450,0,450,1385
11/14/2005,VNY,CA,AWP,WE,Towers with Radar,0,38,142,0,180,0,2,646,1,649,0,40,788,1,829,234,0,234,1063
11/15/2005,VNY,CA,AWP,WE,Towers with Radar,0,35,115,1,151,0,4,604,1,609,0,39,719,2,760,160,0,160,920
11/16/2005,VNY,CA,AWP,WE,Towers with Radar,0,38,153,0,191,0,8,613,0,621,0,46,766,0,812,256,0,256,1068
11/17/2005,VNY,CA,AWP,WE,Towers with Radar,0,34,161,0,195,0,11,637,0,648,0,45,798,0,843,176,0,176,1019
11/18/2005,VNY,CA,AWP,WE,Towers with Radar,0,54,142,1,197,0,0,808,0,808,0,54,950,1,1005,282,0,282,1287
11/19/2005,VNY,CA,AWP,WE,Towers with Radar,0,40,117,2,159,0,0,779,0,779,0,40,896,2,938,332,0,332,1270
11/20/2005,VNY,CA,AWP,WE,Towers with Radar,0,45,148,0,193,0,1,612,0,613,0,46,760,0,806,290,0,290,1096
11/21/2005,VNY,CA,AWP,WE,Towers with Radar,0,40,119,0,159,0,4,716,0,720,0,44,835,0,879,274,0,274,1153
11/22/2005,VNY,CA,AWP,WE,Towers with Radar,0,46,159,0,205,0,5,750,0,755,0,51,909,0,960,324,0,324,1284
11/23/2005,VNY,CA,AWP,WE,Towers with Radar,0,78,163,0,241,0,0,748,0,748,0,78,911,0,989,346,0,346,1335
11/24/2005,VNY,CA,AWP,WE,Towers with Radar,0,17,62,0,79,0,1,327,0,328,0,18,389,0,407,152,0,152,559
11/25/2005,VNY,CA,AWP,WE,Towers with Radar,0,21,114,0,135,0,0,591,0,591,0,21,705,0,726,298,0,298,1024
11/26/2005,VNY,CA,AWP,WE,Towers with Radar,0,41,70,0,111,0,2,409,0,411,0,43,479,0,522,96,0,96,618
11/27/2005,VNY,CA,AWP,WE,Towers with Radar,0,65,218,0,283,0,5,611,0,616,0,70,829,0,899,190,0,190,1089
11/28/2005,VNY,CA,AWP,WE,Towers with Radar,0,54,111,0,165,0,0,722,0,722,0,54,833,0,887,284,0,284,1171
11/29/2005,VNY,CA,AWP,WE,Towers with Radar,0,39,137,0,176,0,1,700,0,701,0,40,837,0,877,288,0,288,1165
11/30/2005,VNY,CA,AWP,WE,Towers with Radar,0,35,172,0,207,0,3,679,0,682,0,38,851,0,889,380,0,380,1269
12/01/2005,VNY,CA,AWP,WE,Towers with Radar,0,37,171,0,208,0,1,676,0,677,0,38,847,0,885,388,0,388,1273
12/02/2005,VNY,CA,AWP,WE,Towers with Radar,0,37,165,0,202,0,0,271,0,271,0,37,436,0,473,62,0,62,535
12/03/2005,VNY,CA,AWP,WE,Towers with Radar,0,33,97,0,130,0,0,615,0,615,0,33,712,0,745,288,0,288,1033
12/04/2005,VNY,CA,AWP,WE,Towers with Radar,0,31,116,0,147,0,1,341,0,342,0,32,457,0,489,76,0,76,565
12/05/2005,VNY,CA,AWP,WE,Towers with Radar,0,37,65,0,102,0,6,656,0,662,0,43,721,0,764,200,0,200,964
12/06/2005,VNY,CA,AWP,WE,Towers with Radar,0,31,126,0,157,0,9,685,2,696,0,40,811,2,853,278,2,280,1133
12/07/2005,VNY,CA,AWP,WE,Towers with Radar,0,62,148,0,210,0,3,779,0,782,0,65,927,0,992,314,0,314,1306
12/08/2005,VNY,CA,AWP,WE,Towers with Radar,0,42,128,0,170,0,0,709,0,709,0,42,837,0,879,294,0,294,1173
12/09/2005,VNY,CA,AWP,WE,Towers with Radar,0,40,134,0,174,0,0,695,0,695,0,40,829,0,869,242,0,242,1111
12/10/2005,VNY,CA,AWP,WE,Towers with Radar,0,25,0,0,25,0,0,849,0,849,0,25,849,0,874,536,0,536,1410
12/11/2005,VNY,CA,AWP,WE,Towers with Radar,0,40,141,0,181,0,3,741,0,744,0,43,882,0,925,420,0,420,1345
12/12/2005,VNY,CA,AWP,WE,Towers with Radar,0,36,121,0,157,0,5,710,0,715,0,41,831,0,872,394,0,394,1266
12/13/2005,VNY,CA,AWP,WE,Towers with Radar,0,36,145,0,181,0,4,569,0,573,0,40,714,0,754,184,0,184,938
12/14/2005,VNY,CA,AWP,WE,Towers with Radar,0,44,146,0,190,0,1,546,0,547,0,45,692,0,737,264,0,264,1001
12/15/2005,VNY,CA,AWP,WE,Towers with Radar,0,41,144,0,185,0,4,601,0,605,0,45,745,0,790,262,0,262,1052
12/16/2005,VNY,CA,AWP,WE,Towers with Radar,0,44,204,0,248,0,8,594,0,602,0,52,798,0,850,258,0,258,1108
12/17/2005,VNY,CA,AWP,WE,Towers with Radar,0,28,157,0,185,0,0,570,0,570,0,28,727,0,755,458,0,458,1213
12/18/2005,VNY,CA,AWP,WE,Towers with Radar,0,47,151,0,198,0,2,481,1,484,0,49,632,1,682,322,0,322,1004
12/19/2005,VNY,CA,AWP,WE,Towers with Radar,0,46,140,0,186,0,0,558,0,558,0,46,698,0,744,216,0,216,960
12/20/2005,VNY,CA,AWP,WE,Towers with Radar,0,44,127,0,171,0,7,565,1,573,0,51,692,1,744,150,0,150,894
12/21/2005,VNY,CA,AWP,WE,Towers with Radar,0,41,125,1,167,0,1,653,1,655,0,42,778,2,822,256,0,256,1078
12/22/2005,VNY,CA,AWP,WE,Towers with Radar,0,51,162,0,213,0,1,634,0,635,0,52,796,0,848,366,0,366,1214
12/23/2005,VNY,CA,AWP,WE,Towers with Radar,0,31,174,0,205,0,0,512,0,512,0,31,686,0,717,256,0,256,973
12/24/2005,VNY,CA,AWP,WE,Towers with Radar,0,28,63,0,91,0,0,447,0,447,0,28,510,0,538,230,0,230,768
12/25/2005,VNY,CA,AWP,WE,Towers with Radar,0,32,55,0,87,0,0,156,0,156,0,32,211,0,243,64,0,64,307
12/26/2005,VNY,CA,AWP,WE,Towers with Radar,0,57,202,0,259,0,6,263,0,269,0,63,465,0,528,56,0,56,584
12/27/2005,VNY,CA,AWP,WE,Towers with Radar,0,45,144,0,189,0,0,486,0,486,0,45,630,0,675,238,0,238,913
12/28/2005,VNY,CA,AWP,WE,Towers with Radar,0,35,117,0,152,0,1,610,0,611,0,36,727,0,763,294,0,294,1057
12/29/2005,VNY,CA,AWP,WE,Towers with Radar,0,39,96,0,135,0,1,606,0,607,0,40,702,0,742,254,0,254,996
12/30/2005,VNY,CA,AWP,WE,Towers with Radar,0,39,115,0,154,0,0,708,0,708,0,39,823,0,862,316,0,316,1178
12/31/2005,VNY,CA,AWP,WE,Towers with Radar,0,17,29,0,46,0,18,181,0,199,0,35,210,0,245,0,0,0,245
01/01/2006,VNY,CA,AWP,WE,Towers with Radar,0,61,139,0,200,0,3,182,0,185,0,64,321,0,385,0,0,0,385
01/02/2006,VNY,CA,AWP,WE,Towers with Radar,0,73,180,0,253,0,6,165,0,171,0,79,345,0,424,2,0,2,426
01/03/2006,VNY,CA,AWP,WE,Towers with Radar,0,42,174,0,216,0,1,537,0,538,0,43,711,0,754,196,0,196,950
01/04/2006,VNY,CA,AWP,WE,Towers with Radar,0,24,125,0,149,0,2,511,0,513,0,26,636,0,662,240,0,240,902
01/05/2006,VNY,CA,AWP,WE,Towers with Radar,0,48,149,0,197,0,0,474,0,474,0,48,623,0,671,58,0,58,729
01/06/2006,VNY,CA,AWP,WE,Towers with Radar,0,46,137,0,183,0,4,841,0,845,0,50,978,0,1028,354,0,354,1382
01/07/2006,VNY,CA,AWP,WE,Towers with Radar,0,27,109,4,140,0,2,679,0,681,0,29,788,4,821,312,0,312,1133
01/08/2006,VNY,CA,AWP,WE,Towers with Radar,0,43,123,0,166,0,0,575,0,575,0,43,698,0,741,212,0,212,953
01/09/2006,VNY,CA,AWP,WE,Towers with Radar,0,33,98,0,131,0,0,567,0,567,0,33,665,0,698,190,0,190,888
01/10/2006,VNY,CA,AWP,WE,Towers with Radar,0,35,129,0,164,0,0,572,0,572,0,35,701,0,736,174,0,174,910
01/11/2006,VNY,CA,AWP,WE,Towers with Radar,0,37,137,0,174,0,7,570,0,577,0,44,707,0,751,314,0,314,1065
01/12/2006,VNY,CA,AWP,WE,Towers with Radar,0,41,146,0,187,0,4,663,0,667,0,45,809,0,854,350,0,350,1204
01/13/2006,VNY,CA,AWP,WE,Towers with Radar,0,56,142,0,198,0,4,655,0,659,0,60,797,0,857,358,0,358,1215
01/14/2006,VNY,CA,AWP,WE,Towers with Radar,0,27,102,0,129,0,0,188,0,188,0,27,290,0,317,96,0,96,413
01/15/2006,VNY,CA,AWP,WE,Towers with Radar,0,31,102,0,133,0,0,469,0,469,0,31,571,0,602,192,0,192,794
01/16/2006,VNY,CA,AWP,WE,Towers with Radar,0,43,128,0,171,0,10,448,0,458,0,53,576,0,629,122,0,122,751
01/17/2006,VNY,CA,AWP,WE,Towers with Radar,0,31,121,0,152,0,7,603,0,610,0,38,724,0,762,280,0,280,1042
01/18/2006,VNY,CA,AWP,WE,Towers with Radar,0,7,36,0,43,0,32,782,0,814,0,39,818,0,857,278,0,278,1135
01/19/2006,VNY,CA,AWP,WE,Towers with Radar,0,43,173,0,216,0,5,665,0,670,0,48,838,0,886,220,0,220,1106
01/20/2006,VNY,CA,AWP,WE,Towers with Radar,0,50,159,0,209,0,2,674,0,676,0,52,833,0,885,334,0,334,1219
01/21/2006,VNY,CA,AWP,WE,Towers with Radar,0,19,102,0,121,0,0,533,0,533,0,19,635,0,654,232,0,232,886
01/22/2006,VNY,CA,AWP,WE,Towers with Radar,0,41,113,2,156,0,0,468,0,468,0,41,581,2,624,238,0,238,862
01/23/2006,VNY,CA,AWP,WE,Towers with Radar,0,44,112,0,156,0,2,372,0,374,0,46,484,0,530,42,0,42,572
01/24/2006,VNY,CA,AWP,WE,Towers with Radar,0,58,120,1,179,0,6,476,0,482,0,64,596,1,661,102,0,102,763
01/25/2006,VNY,CA,AWP,WE,Towers with Radar,0,28,130,2,160,0,3,649,0,652,0,31,779,2,812,304,14,318,1130
01/26/2006,VNY,CA,AWP,WE,Towers with Radar,0,37,164,0,201,0,2,728,0,730,0,39,892,0,931,436,0,436,1367
01/27/2006,VNY,CA,AWP,WE,Towers with Radar,0,47,137,0,184,0,1,530,0,531,0,48,667,0,715,222,0,222,937
01/28/2006,VNY,CA,AWP,WE,Towers with Radar,0,25,73,0,98,0,1,665,0,666,0,26,738,0,764,360,0,360,1124
01/29/2006,VNY,CA,AWP,WE,Towers with Radar,0,26,150,1,177,0,5,615,0,620,0,31,765,1,797,392,0,392,1189
01/30/2006,VNY,CA,AWP,WE,Towers with Radar,0,41,115,0,156,0,10,620,0,630,0,51,735,0,786,248,0,248,1034
01/31/2006,VNY,CA,AWP,WE,Towers with Radar,0,33,145,0,178,0,2,601,0,603,0,35,746,0,781,224,0,224,1005
02/01/2006,VNY,CA,AWP,WE,Towers with Radar,0,24,130,0,154,0,4,614,0,618,0,28,744,0,772,250,0,250,1022
02/02/2006,VNY,CA,AWP,WE,Towers with Radar,0,50,153,0,203,0,0,631,0,631,0,50,784,0,834,234,0,234,1068
02/03/2006,VNY,CA,AWP,WE,Towers with Radar,0,66,194,0,260,0,1,721,0,722,0,67,915,0,982,136,0,136,1118
02/04/2006,VNY,CA,AWP,WE,Towers with Radar,0,32,130,0,162,0,0,525,0,525,0,32,655,0,687,284,0,284,971
02/05/2006,VNY,CA,AWP,WE,Towers with Radar,0,42,122,0,164,0,0,559,0,559,0,42,681,0,723,236,0,236,959
02/06/2006,VNY,CA,AWP,WE,Towers with Radar,0,45,137,0,182,0,3,577,0,580,0,48,714,0,762,308,0,308,1070
02/07/2006,VNY,CA,AWP,WE,Towers with Radar,0,34,128,0,162,0,10,651,0,661,0,44,779,0,823,292,0,292,1115
02/08/2006,VNY,CA,AWP,WE,Towers with Radar,0,38,128,1,167,0,2,621,0,623,0,40,749,1,790,272,0,272,1062
02/09/2006,VNY,CA,AWP,WE,Towers with Radar,0,42,152,0,194,0,12,754,0,766,0,54,906,0,960,230,0,230,1190
02/10/2006,VNY,CA,AWP,WE,Towers with Radar,0,42,146,0,188,0,7,765,0,772,0,49,911,0,960,320,0,320,1280
02/11/2006,VNY,CA,AWP,WE,Towers with Radar,0,29,132,0,161,0,0,627,0,627,0,29,759,0,788,350,0,350,1138
02/12/2006,VNY,CA,AWP,WE,Towers with Radar,0,45,128,0,173,0,2,636,0,638,0,47,764,0,811,440,0,440,1251
02/13/2006,VNY,CA,AWP,WE,Towers with Radar,0,38,137,0,175,0,4,657,0,661,0,42,794,0,836,258,0,258,1094
02/14/2006,VNY,CA,AWP,WE,Towers with Radar,0,51,140,0,191,0,0,708,0,708,0,51,848,0,899,298,0,298,1197
02/15/2006,VNY,CA,AWP,WE,Towers with Radar,0,40,134,0,174,0,2,616,0,618,0,42,750,0,792,284,0,284,1076
02/16/2006,VNY,CA,AWP,WE,Towers with Radar,0,58,168,0,226,0,5,719,0,724,0,63,887,0,950,280,0,280,1230
02/17/2006,VNY,CA,AWP,WE,Towers with Radar,0,73,186,0,259,0,2,660,0,662,0,75,846,0,921,232,0,232,1153
02/18/2006,VNY,CA,AWP,WE,Towers with Radar,0,21,111,0,132,0,0,353,0,353,0,21,464,0,485,254,0,254,739
02/19/2006,VNY,CA,AWP,WE,Towers with Radar,0,32,106,0,138,0,0,431,0,431,0,32,537,0,569,178,0,178,747
02/20/2006,VNY,CA,AWP,WE,Towers with Radar,0,73,231,0,304,0,1,984,0,985,0,74,1215,0,1289,434,0,434,1723
02/21/2006,VNY,CA,AWP,WE,Towers with Radar,0,44,141,0,185,0,3,723,1,727,0,47,864,1,912,214,0,214,1126
02/22/2006,VNY,CA,AWP,WE,Towers with Radar,0,47,118,0,165,0,2,649,0,651,0,49,767,0,816,370,0,370,1186
02/23/2006,VNY,CA,AWP,WE,Towers with Radar,0,54,144,0,198,0,0,668,0,668,0,54,812,0,866,310,0,310,1176
02/24/2006,VNY,CA,AWP,WE,Towers with Radar,0,60,163,0,223,0,0,854,0,854,0,60,1017,0,1077,380,0,380,1457
02/25/2006,VNY,CA,AWP,WE,Towers with Radar,0,27,89,0,116,0,0,712,0,712,0,27,801,0,828,296,0,296,1124
02/26/2006,VNY,CA,AWP,WE,Towers with Radar,0,54,145,0,199,0,0,686,0,686,0,54,831,0,885,434,0,434,1319
02/27/2006,VNY,CA,AWP,WE,Towers with Radar,0,34,108,0,142,0,5,259,0,264,0,39,367,0,406,26,0,26,432
02/28/2006,VNY,CA,AWP,WE,Towers with Radar,0,57,111,3,171,0,2,490,0,492,0,59,601,3,663,178,0,178,841
03/01/2006,VNY,CA,AWP,WE,Towers with Radar,0,40,138,2,180,0,0,726,0,726,0,40,864,2,906,354,0,354,1260
03/02/2006,VNY,CA,AWP,WE,Towers with Radar,0,47,145,1,193,0,8,606,1,615,0,55,751,2,808,302,0,302,1110
03/03/2006,VNY,CA,AWP,WE,Towers with Radar,0,60,142,1,203,0,4,386,0,390,0,64,528,1,593,224,0,224,817
03/04/2006,VNY,CA,AWP,WE,Towers with Radar,0,28,94,0,122,0,6,642,0,648,0,34,736,0,770,500,0,500,1270
03/05/2006,VNY,CA,AWP,WE,Towers with Radar,0,42,92,1,135,0,0,762,0,762,0,42,854,1,897,472,0,472,1369
03/06/2006,VNY,CA,AWP,WE,Towers with Radar,0,59,153,0,212,0,2,456,0,458,0,61,609,0,670,126,0,126,796
03/07/2006,VNY,CA,AWP,WE,Towers with Radar,0,63,130,0,193,0,3,626,0,629,0,66,756,0,822,248,0,248,1070
03/08/2006,VNY,CA,AWP,WE,Towers with Radar,0,34,119,1,154,0,2,607,0,609,0,36,726,1,763,256,0,256,1019
03/09/2006,VNY,CA,AWP,WE,Towers with Radar,0,49,148,0,197,0,0,626,0,626,0,49,774,0,823,240,0,240,1063
03/10/2006,VNY,CA,AWP,WE,Towers with Radar,0,47,141,0,188,0,0,523,0,523,0,47,664,0,711,216,0,216,927
03/11/2006,VNY,CA,AWP,WE,Towers with Radar,0,26,65,0,91,0,4,147,0,151,0,30,212,0,242,58,0,58,300
03/12/2006,VNY,CA,AWP,WE,Towers with Radar,0,47,125,0,172,0,0,428,0,428,0,47,553,0,600,238,0,238,838
03/13/2006,VNY,CA,AWP,WE,Towers with Radar,0,49,132,0,181,0,9,764,3,776,0,58,896,3,957,284,0,284,1241
03/14/2006,VNY,CA,AWP,WE,Towers with Radar,0,40,126,0,166,0,0,608,0,608,0,40,734,0,774,234,0,234,1008
03/15/2006,VNY,CA,AWP,WE,Towers with Radar,0,36,125,0,161,0,3,721,0,724,0,39,846,0,885,394,0,394,1279
03/16/2006,VNY,CA,AWP,WE,Towers with Radar,0,39,171,0,210,0,2,694,0,696,0,41,865,0,906,278,0,278,1184
03/17/2006,VNY,CA,AWP,WE,Towers with Radar,0,47,174,0,221,0,0,419,0,419,0,47,593,0,640,234,0,234,874
03/18/2006,VNY,CA,AWP,WE,Towers with Radar,0,23,102,0,125,0,3,457,0,460,0,26,559,0,585,240,0,240,825
03/19/2006,VNY,CA,AWP,WE,Towers with Radar,0,34,184,0,218,0,5,673,0,678,0,39,857,0,896,312,0,312,1208
03/20/2006,VNY,CA,AWP,WE,Towers with Radar,0,51,121,0,172,0,4,564,0,568,0,55,685,0,740,164,0,164,904
03/21/2006,VNY,CA,AWP,WE,Towers with Radar,0,39,133,0,172,0,15,579,0,594,0,54,712,0,766,188,0,188,954
03/22/2006,VNY,CA,AWP,WE,Towers with Radar,0,37,118,2,157,0,4,728,0,732,0,41,846,2,889,390,0,390,1279
03/23/2006,VNY,CA,AWP,WE,Towers with Radar,0,49,147,0,196,0,0,715,0,715,0,49,862,0,911,350,0,350,1261
03/24/2006,VNY,CA,AWP,WE,Towers with Radar,0,51,149,0,200,0,0,676,0,676,0,51,825,0,876,364,0,364,1240
03/25/2006,VNY,CA,AWP,WE,Towers with Radar,0,39,118,0,157,0,5,628,0,633,0,44,746,0,790,350,0,350,1140
03/26/2006,VNY,CA,AWP,WE,Towers with Radar,0,48,151,0,199,0,0,721,0,721,0,48,872,0,920,444,0,444,1364
03/27/2006,VNY,CA,AWP,WE,Towers with Radar,0,41,142,0,183,0,4,641,2,647,0,45,783,2,830,308,0,308,1138
03/28/2006,VNY,CA,AWP,WE,Towers with Radar,0,51,121,0,172,0,0,103,0,103,0,51,224,0,275,0,0,0,275
03/29/2006,VNY,CA,AWP,WE,Towers with Radar,0,50,143,2,195,0,0,586,0,586,0,50,729,2,781,344,0,344,1125
03/30/2006,VNY,CA,AWP,WE,Towers with Radar,0,35,157,0,192,0,4,653,1,658,0,39,810,1,850,0,340,340,1190
03/31/2006,VNY,CA,AWP,WE,Towers with Radar,0,43,151,0,194,0,0,561,0,561,0,43,712,0,755,242,0,242,997
04/01/2006,VNY,CA,AWP,WE,Towers with Radar,0,42,119,0,161,0,0,592,0,592,0,42,711,0,753,302,0,302,1055
04/02/2006,VNY,CA,AWP,WE,Towers with Radar,0,49,159,0,208,0,0,627,0,627,0,49,786,0,835,215,0,215,1050
04/03/2006,VNY,CA,AWP,WE,Towers with Radar,0,46,123,0,169,0,0,444,0,444,0,46,567,0,613,232,0,232,845
04/04/2006,VNY,CA,AWP,WE,Towers with Radar,0,50,140,0,190,0,0,123,0,123,0,50,263,0,313,2,0,2,315
04/05/2006,VNY,CA,AWP,WE,Towers with Radar,0,46,109,0,155,0,7,466,0,473,0,53,575,0,628,126,2,128,756
04/06/2006,VNY,CA,AWP,WE,Towers with Radar,0,51,164,0,215,0,0,806,2,808,0,51,970,2,1023,276,16,292,1315
04/07/2006,VNY,CA,AWP,WE,Towers with Radar,0,42,168,3,213,0,5,749,1,755,0,47,917,4,968,356,16,372,1340
04/08/2006,VNY,CA,AWP,WE,Towers with Radar,0,43,127,0,170,0,0,662,0,662,0,43,789,0,832,528,0,528,1360
04/09/2006,VNY,CA,AWP,WE,Towers with Radar,0,44,192,0,236,0,0,443,0,443,0,44,635,0,679,236,0,236,915
04/10/2006,VNY,CA,AWP,WE,Towers with Radar,0,35,132,1,168,0,14,608,0,622,0,49,740,1,790,226,0,226,1016
04/11/2006,VNY,CA,AWP,WE,Towers with Radar,0,28,135,1,164,0,3,567,2,572,0,31,702,3,736,240,0,240,976
04/12/2006,VNY,CA,AWP,WE,Towers with Radar,0,40,132,0,172,0,2,747,0,749,0,42,879,0,921,344,2,346,1267
04/13/2006,VNY,CA,AWP,WE,Towers with Radar,0,39,114,1,154,0,0,774,5,779,0,39,888,6,933,344,0,344,1277
04/14/2006,VNY,CA,AWP,WE,Towers with Radar,0,43,126,2,171,0,0,348,0,348,0,43,474,2,519,126,0,126,645
04/15/2006,VNY,CA,AWP,WE,Towers with Radar,0,17,136,2,155,0,1,791,0,792,0,18,927,2,947,304,0,304,1251
04/16/2006,VNY,CA,AWP,WE,Towers with Radar,0,34,116,0,150,0,0,423,0,423,0,34,539,0,573,320,0,320,893
04/17/2006,VNY,CA,AWP,WE,Towers with Radar,0,32,130,0,162,0,11,598,0,609,0,43,728,0,771,206,0,206,977
04/18/2006,VNY,CA,AWP,WE,Towers with Radar,0,23,111,0,134,0,15,679,2,696,0,38,790,2,830,330,0,330,1160
04/19/2006,VNY,CA,AWP,WE,Towers with Radar,0,41,145,0,186,0,8,822,0,830,0,49,967,0,1016,456,4,460,1476
04/20/2006,VNY,CA,AWP,WE,Towers with Radar,0,55,151,3,209,0,0,658,0,658,0,55,809,3,867,422,2,424,1291
04/21/2006,VNY,CA,AWP,WE,Towers with Radar,0,50,134,2,186,0,0,727,0,727,0,50,861,2,913,396,0,396,1309
04/22/2006,VNY,CA,AWP,WE,Towers with Radar,0,24,208,0,232,0,2,501,0,503,0,26,709,0,735,354,0,354,1089
04/23/2006,VNY,CA,AWP,WE,Towers with Radar,0,35,235,0,270,0,1,545,0,546,0,36,780,0,816,408,0,408,1224
04/24/2006,VNY,CA,AWP,WE,Towers with Radar,0,35,119,0,154,0,2,642,2,646,0,37,761,2,800,248,0,248,1048
04/25/2006,VNY,CA,AWP,WE,Towers with Radar,0,47,185,0,232,0,5,540,0,545,0,52,725,0,777,356,0,356,1133
04/26/2006,VNY,CA,AWP,WE,Towers with Radar,0,61,156,2,219,0,0,551,0,551,0,61,707,2,770,247,0,247,1017
04/27/2006,VNY,CA,AWP,WE,Towers with Radar,0,44,185,0,229,0,2,594,2,598,0,46,779,2,827,276,0,276,1103
04/28/2006,VNY,CA,AWP,WE,Towers with Radar,0,39,212,1,252,0,0,606,0,606,0,39,818,1,858,334,4,338,1196
04/29/2006,VNY,CA,AWP,WE,Towers with Radar,0,26,128,0,154,0,6,560,0,566,0,32,688,0,720,440,0,440,1160
04/30/2006,VNY,CA,AWP,WE,Towers with Radar,0,49,151,0,200,0,0,646,0,646,0,49,797,0,846,508,0,508,1354
05/01/2006,VNY,CA,AWP,WE,Towers with Radar,0,51,159,0,210,0,10,492,0,502,0,61,651,0,712,272,0,272,984
05/02/2006,VNY,CA,AWP,WE,Towers with Radar,0,48,169,0,217,0,0,439,0,439,0,48,608,0,656,164,0,164,820
05/03/2006,VNY,CA,AWP,WE,Towers with Radar,0,61,190,0,251,0,3,465,0,468,0,64,655,0,719,208,0,208,927
05/04/2006,VNY,CA,AWP,WE,Towers with Radar,0,44,152,0,196,0,7,651,0,658,0,51,803,0,854,256,0,256,1110
05/05/2006,VNY,CA,AWP,WE,Towers with Radar,0,39,165,0,204,0,3,653,0,656,0,42,818,0,860,276,0,276,1136
05/06/2006,VNY,CA,AWP,WE,Towers with Radar,0,27,132,0,159,0,6,559,0,565,0,33,691,0,724,458,0,458,1182
05/07/2006,VNY,CA,AWP,WE,Towers with Radar,0,61,167,0,228,0,0,648,0,648,0,61,815,0,876,284,0,284,1160
05/08/2006,VNY,CA,AWP,WE,Towers with Radar,0,43,142,0,185,0,0,426,0,426,0,43,568,0,611,132,0,132,743
05/09/2006,VNY,CA,AWP,WE,Towers with Radar,0,40,151,2,193,0,2,596,2,600,0,42,747,4,793,208,0,208,1001
05/10/2006,VNY,CA,AWP,WE,Towers with Radar,0,55,150,0,205,0,3,670,0,673,0,58,820,0,878,362,0,362,1240
05/11/2006,VNY,CA,AWP,WE,Towers with Radar,0,65,182,3,250,0,4,541,0,545,0,69,723,3,795,312,0,312,1107
05/12/2006,VNY,CA,AWP,WE,Towers with Radar,0,56,198,0,254,0,0,680,0,680,0,56,878,0,934,420,0,420,1354
05/13/2006,VNY,CA,AWP,WE,Towers with Radar,0,35,130,0,165,0,3,642,0,645,0,38,772,0,810,350,0,350,1160
05/14/2006,VNY,CA,AWP,WE,Towers with Radar,0,45,143,0,188,0,0,490,0,490,0,45,633,0,678,238,0,238,916
05/15/2006,VNY,CA,AWP,WE,Towers with Radar,0,32,74,0,106,0,3,611,0,614,0,35,685,0,720,242,0,242,962
05/16/2006,VNY,CA,AWP,WE,Towers with Radar,0,39,136,0,175,0,3,514,2,519,0,42,650,2,694,278,0,278,972
05/17/2006,VNY,CA,AWP,WE,Towers with Radar,0,46,176,0,222,0,5,591,1,597,0,51,767,1,819,380,0,380,1199
05/18/2006,VNY,CA,AWP,WE,Towers with Radar,0,37,174,0,211,0,3,496,2,501,0,40,670,2,712,330,0,330,1042
05/19/2006,VNY,CA,AWP,WE,Towers with Radar,0,47,174,0,221,0,0,634,0,634,0,47,808,0,855,326,0,326,1181
05/20/2006,VNY,CA,AWP,WE,Towers with Radar,0,37,114,0,151,0,2,643,0,645,0,39,757,0,796,388,0,388,1184
05/21/2006,VNY,CA,AWP,WE,Towers with Radar,0,55,152,0,207,0,1,406,0,407,0,56,558,0,614,358,0,358,972
05/22/2006,VNY,CA,AWP,WE,Towers with Radar,0,49,163,0,212,0,3,506,0,509,0,52,669,0,721,206,0,206,927
05/23/2006,VNY,CA,AWP,WE,Towers with Radar,0,49,136,0,185,0,2,737,0,739,0,51,873,0,924,316,0,316,1240
05/24/2006,VNY,CA,AWP,WE,Towers with Radar,0,52,152,2,206,0,11,730,0,741,0,63,882,2,947,362,0,362,1309
05/25/2006,VNY,CA,AWP,WE,Towers with Radar,0,56,181,0,237,0,1,972,0,973,0,57,1153,0,1210,526,0,526,1736
05/26/2006,VNY,CA,AWP,WE,Towers with Radar,0,58,213,0,271,0,0,577,0,577,0,58,790,0,848,496,0,496,1344
05/27/2006,VNY,CA,AWP,WE,Towers with Radar,0,19,82,0,101,0,1,536,0,537,0,20,618,0,638,434,0,434,1072
05/28/2006,VNY,CA,AWP,WE,Towers with Radar,0,21,78,0,99,0,0,547,0,547,0,21,625,0,646,266,0,266,912
05/29/2006,VNY,CA,AWP,WE,Towers with Radar,0,49,185,0,234,0,0,688,0,688,0,49,873,0,922,372,0,372,1294
05/30/2006,VNY,CA,AWP,WE,Towers with Radar,0,34,131,0,165,0,5,635,2,642,0,39,766,2,807,312,0,312,1119
05/31/2006,VNY,CA,AWP,WE,Towers with Radar,0,35,137,0,172,0,1,674,0,675,0,36,811,0,847,326,0,326,1173
06/01/2006,VNY,CA,AWP,WE,Towers with Radar,0,67,134,0,201,0,0,767,0,767,0,67,901,0,968,336,0,336,1304
06/02/2006,VNY,CA,AWP,WE,Towers with Radar,0,32,124,0,156,0,0,633,0,633,0,32,757,0,789,334,0,334,1123
06/03/2006,VNY,CA,AWP,WE,Towers with Radar,0,25,113,0,138,0,5,659,0,664,0,30,772,0,802,358,0,358,1160
06/04/2006,VNY,CA,AWP,WE,Towers with Radar,0,53,136,0,189,0,0,669,2,671,0,53,805,2,860,424,0,424,1284
06/05/2006,VNY,CA,AWP,WE,Towers with Radar,0,31,135,0,166,0,0,556,0,556,0,31,691,0,722,216,0,216,938
06/06/2006,VNY,CA,AWP,WE,Towers with Radar,0,26,137,3,166,0,0,512,0,512,0,26,649,3,678,268,0,268,946
06/07/2006,VNY,CA,AWP,WE,Towers with Radar,0,38,158,0,196,0,1,545,0,546,0,39,703,0,742,260,0,260,1002
06/08/2006,VNY,CA,AWP,WE,Towers with Radar,0,30,158,0,188,0,6,611,0,617,0,36,769,0,805,270,0,270,1075
06/09/2006,VNY,CA,AWP,WE,Towers with Radar,0,36,183,2,221,0,0,633,0,633,0,36,816,2,854,374,0,374,1228
06/10/2006,VNY,CA,AWP,WE,Towers with Radar,0,31,129,1,161,0,0,579,1,580,0,31,708,2,741,564,0,564,1305
06/11/2006,VNY,CA,AWP,WE,Towers with Radar,0,31,142,4,177,0,4,327,5,336,0,35,469,9,513,176,6,182,695
06/12/2006,VNY,CA,AWP,WE,Towers with Radar,0,23,124,1,148,0,7,676,0,683,0,30,800,1,831,426,0,426,1257
06/13/2006,VNY,CA,AWP,WE,Towers with Radar,0,42,111,0,153,0,3,745,0,748,0,45,856,0,901,316,0,316,1217
06/14/2006,VNY,CA,AWP,WE,Towers with Radar,0,46,117,0,163,0,1,691,0,692,0,47,808,0,855,358,0,358,1213
06/15/2006,VNY,CA,AWP,WE,Towers with Radar,0,47,128,0,175,0,3,760,4,767,0,50,888,4,942,370,0,370,1312
06/16/2006,VNY,CA,AWP,WE,Towers with Radar,0,53,114,0,167,0,0,722,0,722,0,53,836,0,889,264,0,264,1153
06/17/2006,VNY,CA,AWP,WE,Towers with Radar,0,36,97,0,133,0,4,649,0,653,0,40,746,0,786,434,0,434,1220
06/18/2006,VNY,CA,AWP,WE,Towers with Radar,0,47,152,0,199,0,0,552,0,552,0,47,704,0,751,404,0,404,1155
06/19/2006,VNY,CA,AWP,WE,Towers with Radar,0,45,117,1,163,0,4,466,1,471,0,49,583,2,634,206,0,206,840
06/20/2006,VNY,CA,AWP,WE,Towers with Radar,0,45,151,2,198,0,4,571,2,577,0,49,722,4,775,406,0,406,1181
06/21/2006,VNY,CA,AWP,WE,Towers with Radar,0,37,124,0,161,0,0,609,2,611,0,37,733,2,772,400,0,400,1172
06/22/2006,VNY,CA,AWP,WE,Towers with Radar,0,51,125,1,177,0,16,679,1,696,0,67,804,2,873,474,0,474,1347
06/23/2006,VNY,CA,AWP,WE,Towers with Radar,0,54,169,2,225,0,0,699,1,700,0,54,868,3,925,332,0,332,1257
06/24/2006,VNY,CA,AWP,WE,Towers with Radar,0,37,142,1,180,0,0,625,2,627,0,37,767,3,807,434,0,434,1241
06/25/2006,VNY,CA,AWP,WE,Towers with Radar,0,59,158,0,217,0,0,622,0,622,0,59,780,0,839,438,0,438,1277
06/26/2006,VNY,CA,AWP,WE,Towers with Radar,0,40,127,0,167,0,5,613,0,618,0,45,740,0,785,382,0,382,1167
06/27/2006,VNY,CA,AWP,WE,Towers with Radar,0,40,114,0,154,0,0,588,0,588,0,40,702,0,742,310,0,310,1052
06/28/2006,VNY,CA,AWP,WE,Towers with Radar,0,42,95,0,137,0,8,663,0,671,0,50,758,0,808,312,0,312,1120
06/29/2006,VNY,CA,AWP,WE,Towers with Radar,0,45,109,1,155,0,15,692,0,707,0,60,801,1,862,308,0,308,1170
06/30/2006,VNY,CA,AWP,WE,Towers with Radar,0,81,150,0,231,0,0,798,0,798,0,81,948,0,1029,284,0,284,1313
07/01/2006,VNY,CA,AWP,WE,Towers with Radar,0,39,124,0,163,0,5,651,2,658,0,44,775,2,821,426,0,426,1247
07/02/2006,VNY,CA,AWP,WE,Towers with Radar,0,39,94,0,133,0,0,542,0,542,0,39,636,0,675,252,0,252,927
07/03/2006,VNY,CA,AWP,WE,Towers with Radar,0,22,86,0,108,0,0,647,0,647,0,22,733,0,755,334,0,334,1089
07/04/2006,VNY,CA,AWP,WE,Towers with Radar,0,19,68,0,87,0,0,465,0,465,0,19,533,0,552,146,0,146,698
07/05/2006,VNY,CA,AWP,WE,Towers with Radar,0,33,126,0,159,0,1,599,2,602,0,34,725,2,761,346,0,346,1107
07/06/2006,VNY,CA,AWP,WE,Towers with Radar,0,43,123,0,166,0,0,697,1,698,0,43,820,1,864,386,0,386,1250
07/07/2006,VNY,CA,AWP,WE,Towers with Radar,0,43,121,0,164,0,0,595,0,595,0,43,716,0,759,372,0,372,1131
07/08/2006,VNY,CA,AWP,WE,Towers with Radar,0,26,95,4,125,0,0,554,0,554,0,26,649,4,679,244,0,244,923
07/09/2006,VNY,CA,AWP,WE,Towers with Radar,0,37,129,0,166,0,0,657,0,657,0,37,786,0,823,362,0,362,1185
07/10/2006,VNY,CA,AWP,WE,Towers with Radar,0,32,105,0,137,0,0,670,4,674,0,32,775,4,811,392,0,392,1203
07/11/2006,VNY,CA,AWP,WE,Towers with Radar,0,48,129,0,177,0,5,595,6,606,0,53,724,6,783,287,0,287,1070
07/12/2006,VNY,CA,AWP,WE,Towers with Radar,0,51,139,0,190,0,4,734,0,738,0,55,873,0,928,335,0,335,1263
07/13/2006,VNY,CA,AWP,WE,Towers with Radar,0,49,123,0,172,0,7,720,0,727,0,56,843,0,899,302,0,302,1201
07/14/2006,VNY,CA,AWP,WE,Towers with Radar,0,54,134,0,188,0,0,761,0,761,0,54,895,0,949,226,0,226,1175
07/15/2006,VNY,CA,AWP,WE,Towers with Radar,0,38,95,0,133,0,1,597,0,598,0,39,692,0,731,388,0,388,1119
07/16/2006,VNY,CA,AWP,WE,Towers with Radar,0,46,144,0,190,0,0,514,0,514,0,46,658,0,704,344,0,344,1048
07/17/2006,VNY,CA,AWP,WE,Towers with Radar,0,50,128,0,178,0,4,649,0,653,0,54,777,0,831,300,0,300,1131
07/18/2006,VNY,CA,AWP,WE,Towers with Radar,0,40,125,1,166,0,5,608,0,613,0,45,733,1,779,366,0,366,1145
07/19/2006,VNY,CA,AWP,WE,Towers with Radar,0,40,159,1,200,0,5,627,0,632,0,45,786,1,832,330,0,330,1162
07/20/2006,VNY,CA,AWP,WE,Towers with Radar,0,40,148,0,188,0,6,693,0,699,0,46,841,0,887,380,0,380,1267
07/21/2006,VNY,CA,AWP,WE,Towers with Radar,0,35,120,0,155,0,0,735,0,735,0,35,855,0,890,400,0,400,1290
07/22/2006,VNY,CA,AWP,WE,Towers with Radar,0,31,74,0,105,0,0,536,0,536,0,31,610,0,641,312,0,312,953
07/23/2006,VNY,CA,AWP,WE,Towers with Radar,0,45,114,0,159,0,1,540,0,541,0,46,654,0,700,354,0,354,1054
07/24/2006,VNY,CA,AWP,WE,Towers with Radar,0,25,124,0,149,0,12,576,0,588,0,37,700,0,737,308,0,308,1045
07/25/2006,VNY,CA,AWP,WE,Towers with Radar,0,36,126,0,162,0,10,653,0,663,0,46,779,0,825,310,0,310,1135
07/26/2006,VNY,CA,AWP,WE,Towers with Radar,0,42,121,0,163,0,0,642,2,644,0,42,763,2,807,498,0,498,1305
07/27/2006,VNY,CA,AWP,WE,Towers with Radar,0,52,139,2,193,0,1,849,0,850,0,53,988,2,1043,360,0,360,1403
07/28/2006,VNY,CA,AWP,WE,Towers with Radar,0,48,146,0,194,0,0,672,0,672,0,48,818,0,866,294,0,294,1160
07/29/2006,VNY,CA,AWP,WE,Towers with Radar,0,22,149,0,171,0,4,533,0,537,0,26,682,0,708,370,0,370,1078
07/30/2006,VNY,CA,AWP,WE,Towers with Radar,0,42,187,0,229,0,3,354,0,357,0,45,541,0,586,322,0,322,908
07/31/2006,VNY,CA,AWP,WE,Towers with Radar,0,33,160,0,193,0,0,515,8,523,0,33,675,8,716,168,0,168,884
08/01/2006,VNY,CA,AWP,WE,Towers with Radar,0,36,108,0,144,0,6,567,0,573,0,42,675,0,717,400,0,400,1117
08/02/2006,VNY,CA,AWP,WE,Towers with Radar,0,34,135,0,169,0,6,582,0,588,0,40,717,0,757,356,0,356,1113
08/03/2006,VNY,CA,AWP,WE,Towers with Radar,0,62,170,0,232,0,1,590,0,591,0,63,760,0,823,386,0,386,1209
08/04/2006,VNY,CA,AWP,WE,Towers with Radar,0,35,149,1,185,0,0,500,1,501,0,35,649,2,686,244,0,244,930
08/05/2006,VNY,CA,AWP,WE,Towers with Radar,0,27,113,1,141,0,0,624,0,624,0,27,737,1,765,484,0,484,1249
08/06/2006,VNY,CA,AWP,WE,Towers with Radar,0,38,127,0,165,0,0,563,0,563,0,38,690,0,728,376,0,376,1104
08/07/2006,VNY,CA,AWP,WE,Towers with Radar,0,49,112,0,161,0,0,610,0,610,0,49,722,0,771,402,0,402,1173
08/08/2006,VNY,CA,AWP,WE,Towers with Radar,0,29,121,0,150,0,0,551,0,551,0,29,672,0,701,290,0,290,991
08/09/2006,VNY,CA,AWP,WE,Towers with Radar,0,47,149,3,199,0,1,629,5,635,0,48,778,8,834,318,0,318,1152
08/10/2006,VNY,CA,AWP,WE,Towers with Radar,0,46,157,0,203,0,5,724,0,729,0,51,881,0,932,360,0,360,1292
08/11/2006,VNY,CA,AWP,WE,Towers with Radar,0,50,174,1,225,0,0,692,0,692,0,50,866,1,917,342,0,342,1259
08/12/2006,VNY,CA,AWP,WE,Towers with Radar,0,40,129,0,169,0,0,707,0,707,0,40,836,0,876,468,0,468,1344
08/13/2006,VNY,CA,AWP,WE,Towers with Radar,0,48,157,1,206,0,0,593,0,593,0,48,750,1,799,350,0,350,1149
08/14/2006,VNY,CA,AWP,WE,Towers with Radar,0,51,133,0,184,0,3,553,0,556,0,54,686,0,740,334,0,334,1074
08/15/2006,VNY,CA,AWP,WE,Towers with Radar,0,46,121,0,167,0,4,581,0,585,0,50,702,0,752,416,0,416,1168
08/16/2006,VNY,CA,AWP,WE,Towers with Radar,0,45,167,1,213,0,7,544,0,551,0,52,711,1,764,454,0,454,1218
08/17/2006,VNY,CA,AWP,WE,Towers with Radar,0,56,150,8,214,0,0,685,6,691,0,56,835,14,905,310,0,310,1215
08/18/2006,VNY,CA,AWP,WE,Towers with Radar,0,69,151,0,220,0,0,871,0,871,0,69,1022,0,1091,422,0,422,1513
08/19/2006,VNY,CA,AWP,WE,Towers with Radar,0,47,126,1,174,0,0,705,0,705,0,47,831,1,879,370,0,370,1249
08/20/2006,VNY,CA,AWP,WE,Towers with Radar,0,58,168,0,226,0,2,607,0,609,0,60,775,0,835,374,0,374,1209
08/21/2006,VNY,CA,AWP,WE,Towers with Radar,0,57,144,0,201,0,1,642,0,643,0,58,786,0,844,258,0,258,1102
08/22/2006,VNY,CA,AWP,WE,Towers with Radar,0,30,116,4,150,0,5,605,0,610,0,35,721,4,760,438,0,438,1198
08/23/2006,VNY,CA,AWP,WE,Towers with Radar,0,58,93,4,155,0,0,709,0,709,0,58,802,4,864,310,0,310,1174
08/24/2006,VNY,CA,AWP,WE,Towers with Radar,0,55,159,0,214,0,2,663,1,666,0,57,822,1,880,434,0,434,1314
08/25/2006,VNY,CA,AWP,WE,Towers with Radar,0,48,125,0,173,0,0,775,0,775,0,48,900,0,948,390,0,390,1338
08/26/2006,VNY,CA,AWP,WE,Towers with Radar,0,27,106,0,133,0,3,642,0,645,0,30,748,0,778,350,0,350,1128
08/27/2006,VNY,CA,AWP,WE,Towers with Radar,0,51,123,0,174,0,0,811,0,811,0,51,934,0,985,390,0,390,1375
08/28/2006,VNY,CA,AWP,WE,Towers with Radar,0,37,111,0,148,0,7,728,0,735,0,44,839,0,883,236,0,236,1119
08/29/2006,VNY,CA,AWP,WE,Towers with Radar,0,41,134,2,177,0,11,580,0,591,0,52,714,2,768,174,0,174,942
08/30/2006,VNY,CA,AWP,WE,Towers with Radar,0,0,0,0,0,0,51,700,0,751,0,51,700,0,751,222,0,222,973
08/31/2006,VNY,CA,AWP,WE,Towers with Radar,0,60,153,0,213,0,2,664,0,666,0,62,817,0,879,348,0,348,1227
09/01/2006,VNY,CA,AWP,WE,Towers with Radar,0,55,144,0,199,0,0,630,0,630,0,55,774,0,829,238,0,238,1067
09/02/2006,VNY,CA,AWP,WE,Towers with Radar,0,27,68,0,95,0,2,740,0,742,0,29,808,0,837,436,0,436,1273
09/03/2006,VNY,CA,AWP,WE,Towers with Radar,0,29,75,0,104,0,0,571,0,571,0,29,646,0,675,330,0,330,1005
09/04/2006,VNY,CA,AWP,WE,Towers with Radar,0,63,144,0,207,0,0,566,0,566,0,63,710,0,773,250,0,250,1023
09/05/2006,VNY,CA,AWP,WE,Towers with Radar,0,47,98,0,145,0,3,628,1,632,0,50,726,1,777,230,0,230,1007
09/06/2006,VNY,CA,AWP,WE,Towers with Radar,0,31,124,1,156,0,3,621,0,624,0,34,745,1,780,232,4,236,1016
09/07/2006,VNY,CA,AWP,WE,Towers with Radar,0,34,143,2,179,0,0,586,0,586,0,34,729,2,765,280,0,280,1045
09/08/2006,VNY,CA,AWP,WE,Towers with Radar,0,36,136,2,174,0,0,538,2,540,0,36,674,4,714,384,0,384,1098
09/09/2006,VNY,CA,AWP,WE,Towers with Radar,0,19,104,0,123,0,1,598,0,599,0,20,702,0,722,438,0,438,1160
09/10/2006,VNY,CA,AWP,WE,Towers with Radar,0,33,134,0,167,0,0,602,0,602,0,33,736,0,769,370,0,370,1139
09/11/2006,VNY,CA,AWP,WE,Towers with Radar,0,35,102,0,137,0,2,722,0,724,0,37,824,0,861,292,0,292,1153
09/12/2006,VNY,CA,AWP,WE,Towers with Radar,0,53,115,2,170,0,1,665,0,666,0,54,780,2,836,368,0,368,1204
09/13/2006,VNY,CA,AWP,WE,Towers with Radar,0,34,128,0,162,0,0,677,0,677,0,34,805,0,839,348,0,348,1187
09/14/2006,VNY,CA,AWP,WE,Towers with Radar,0,41,170,2,213,0,4,428,0,432,0,45,598,2,645,130,0,130,775
09/15/2006,VNY,CA,AWP,WE,Towers with Radar,0,48,138,0,186,0,1,602,2,605,0,49,740,2,791,444,0,444,1235
09/16/2006,VNY,CA,AWP,WE,Towers with Radar,0,31,88,0,119,0,0,680,0,680,0,31,768,0,799,560,0,560,1359
09/17/2006,VNY,CA,AWP,WE,Towers with Radar,0,42,129,0,171,0,0,632,0,632,0,42,761,0,803,422,0,422,1225
09/18/2006,VNY,CA,AWP,WE,Towers with Radar,0,48,121,0,169,0,4,641,0,645,0,52,762,0,814,294,0,294,1108
09/19/2006,VNY,CA,AWP,WE,Towers with Radar,0,43,122,0,165,0,4,674,0,678,0,47,796,0,843,342,0,342,1185
09/20/2006,VNY,CA,AWP,WE,Towers with Radar,0,38,119,0,157,0,6,716,0,722,0,44,835,0,879,342,0,342,1221
09/21/2006,VNY,CA,AWP,WE,Towers with Radar,0,33,101,2,136,0,1,636,0,637,0,34,737,2,773,378,0,378,1151
09/22/2006,VNY,CA,AWP,WE,Towers with Radar,0,42,162,0,204,0,2,587,0,589,0,44,749,0,793,390,0,390,1183
09/23/2006,VNY,CA,AWP,WE,Towers with Radar,0,34,81,0,115,0,0,564,0,564,0,34,645,0,679,452,0,452,1131
09/24/2006,VNY,CA,AWP,WE,Towers with Radar,0,49,146,0,195,0,1,644,0,645,0,50,790,0,840,518,0,518,1358
09/25/2006,VNY,CA,AWP,WE,Towers with Radar,0,29,130,1,160,0,4,559,0,563,0,33,689,1,723,348,0,348,1071
09/26/2006,VNY,CA,AWP,WE,Towers with Radar,0,39,100,1,140,0,0,662,0,662,0,39,762,1,802,390,0,390,1192
09/27/2006,VNY,CA,AWP,WE,Towers with Radar,0,45,138,0,183,0,1,629,0,630,0,46,767,0,813,284,0,284,1097
09/28/2006,VNY,CA,AWP,WE,Towers with Radar,0,41,175,0,216,0,0,567,0,567,0,41,742,0,783,398,0,398,1181
09/29/2006,VNY,CA,AWP,WE,Towers with Radar,0,46,137,1,184,0,0,629,0,629,0,46,766,1,813,444,0,444,1257
09/30/2006,VNY,CA,AWP,WE,Towers with Radar,0,25,135,0,160,0,0,503,0,503,0,25,638,0,663,544,0,544,1207
10/01/2006,VNY,CA,AWP,WE,Towers with Radar,0,45,131,0,176,0,2,527,0,529,0,47,658,0,705,410,0,410,1115
10/02/2006,VNY,CA,AWP,WE,Towers with Radar,0,37,90,1,128,0,0,559,0,559,0,37,649,1,687,214,0,214,901
10/03/2006,VNY,CA,AWP,WE,Towers with Radar,0,26,123,0,149,0,10,466,1,477,0,36,589,1,626,182,0,182,808
10/04/2006,VNY,CA,AWP,WE,Towers with Radar,0,43,128,0,171,0,0,591,0,591,0,43,719,0,762,310,0,310,1072
10/05/2006,VNY,CA,AWP,WE,Towers with Radar,0,49,144,1,194,0,6,602,1,609,0,55,746,2,803,450,0,450,1253
10/06/2006,VNY,CA,AWP,WE,Towers with Radar,0,59,164,0,223,0,0,552,0,552,0,59,716,0,775,276,0,276,1051
10/07/2006,VNY,CA,AWP,WE,Towers with Radar,0,37,97,0,134,0,0,639,0,639,0,37,736,0,773,490,0,490,1263
10/08/2006,VNY,CA,AWP,WE,Towers with Radar,0,49,135,0,184,0,0,584,0,584,0,49,719,0,768,422,0,422,1190
10/09/2006,VNY,CA,AWP,WE,Towers with Radar,0,42,143,0,185,0,8,538,0,546,0,50,681,0,731,286,0,286,1017
10/10/2006,VNY,CA,AWP,WE,Towers with Radar,0,44,132,0,176,0,4,485,0,489,0,48,617,0,665,228,0,228,893
10/11/2006,VNY,CA,AWP,WE,Towers with Radar,0,39,153,0,192,0,3,636,0,639,0,42,789,0,831,302,0,302,1133
10/12/2006,VNY,CA,AWP,WE,Towers with Radar,0,50,115,0,165,0,0,674,0,674,0,50,789,0,839,316,0,316,1155
10/13/2006,VNY,CA,AWP,WE,Towers with Radar,0,40,162,0,202,0,2,512,0,514,0,42,674,0,716,348,0,348,1064
10/14/2006,VNY,CA,AWP,WE,Towers with Radar,0,30,118,0,148,0,3,426,0,429,0,33,544,0,577,384,0,384,961
10/15/2006,VNY,CA,AWP,WE,Towers with Radar,0,48,222,0,270,0,4,459,0,463,0,52,681,0,733,188,0,188,921
10/16/2006,VNY,CA,AWP,WE,Towers with Radar,0,48,145,0,193,0,0,524,2,526,0,48,669,2,719,256,0,256,975
10/17/2006,VNY,CA,AWP,WE,Towers with Radar,0,31,127,0,158,0,0,512,0,512,0,31,639,0,670,238,0,238,908
10/18/2006,VNY,CA,AWP,WE,Towers with Radar,0,28,97,0,125,0,1,619,0,620,0,29,716,0,745,144,0,144,889
10/19/2006,VNY,CA,AWP,WE,Towers with Radar,0,51,815,2,868,0,0,9,0,9,0,51,824,2,877,358,4,362,1239
10/20/2006,VNY,CA,AWP,WE,Towers with Radar,0,61,125,2,188,0,0,772,0,772,0,61,897,2,960,266,0,266,1226
10/21/2006,VNY,CA,AWP,WE,Towers with Radar,0,31,138,0,169,0,2,692,0,694,0,33,830,0,863,504,0,504,1367
10/22/2006,VNY,CA,AWP,WE,Towers with Radar,0,47,196,0,243,0,0,590,1,591,0,47,786,1,834,346,0,346,1180
10/23/2006,VNY,CA,AWP,WE,Towers with Radar,0,32,128,0,160,0,6,619,0,625,0,38,747,0,785,258,0,258,1043
10/24/2006,VNY,CA,AWP,WE,Towers with Radar,0,56,143,0,199,0,0,710,4,714,0,56,853,4,913,460,0,460,1373
10/25/2006,VNY,CA,AWP,WE,Towers with Radar,0,38,177,0,215,0,4,449,0,453,0,42,626,0,668,202,0,202,870
10/26/2006,VNY,CA,AWP,WE,Towers with Radar,0,45,156,0,201,0,2,553,0,555,0,47,709,0,756,216,0,216,972
10/27/2006,VNY,CA,AWP,WE,Towers with Radar,0,42,130,0,172,0,4,501,2,507,0,46,631,2,679,300,0,300,979
10/28/2006,VNY,CA,AWP,WE,Towers with Radar,0,34,97,0,131,0,0,607,0,607,0,34,704,0,738,448,0,448,1186
10/29/2006,VNY,CA,AWP,WE,Towers with Radar,0,51,172,0,223,0,2,707,0,709,0,53,879,0,932,436,0,436,1368
10/30/2006,VNY,CA,AWP,WE,Towers with Radar,0,29,127,0,156,0,3,584,0,587,0,32,711,0,743,264,0,264,1007
10/31/2006,VNY,CA,AWP,WE,Towers with Radar,0,33,133,0,166,0,2,549,0,551,0,35,682,0,717,252,0,252,969
11/01/2006,VNY,CA,AWP,WE,Towers with Radar,0,44,137,0,181,0,1,640,0,641,0,45,777,0,822,230,0,230,1052
11/02/2006,VNY,CA,AWP,WE,Towers with Radar,0,62,134,0,196,0,0,671,0,671,0,62,805,0,867,274,0,274,1141
11/03/2006,VNY,CA,AWP,WE,Towers with Radar,0,57,168,0,225,0,0,678,0,678,0,57,846,0,903,470,0,470,1373
11/04/2006,VNY,CA,AWP,WE,Towers with Radar,0,25,96,0,121,0,0,481,0,481,0,25,577,0,602,272,0,272,874
11/05/2006,VNY,CA,AWP,WE,Towers with Radar,0,34,175,0,209,0,2,672,0,674,0,36,847,0,883,572,0,572,1455
11/06/2006,VNY,CA,AWP,WE,Towers with Radar,0,48,119,2,169,0,0,650,0,650,0,48,769,2,819,312,0,312,1131
11/07/2006,VNY,CA,AWP,WE,Towers with Radar,0,37,148,2,187,0,0,664,0,664,0,37,812,2,851,330,0,330,1181
11/08/2006,VNY,CA,AWP,WE,Towers with Radar,0,36,142,0,178,0,2,758,0,760,0,38,900,0,938,348,0,348,1286
11/09/2006,VNY,CA,AWP,WE,Towers with Radar,0,44,126,1,171,0,0,609,0,609,0,44,735,1,780,244,0,244,1024
11/10/2006,VNY,CA,AWP,WE,Towers with Radar,0,45,122,0,167,0,0,660,0,660,0,45,782,0,827,278,0,278,1105
11/11/2006,VNY,CA,AWP,WE,Towers with Radar,0,29,80,0,109,0,0,548,0,548,0,29,628,0,657,302,0,302,959
11/12/2006,VNY,CA,AWP,WE,Towers with Radar,0,50,122,1,173,0,0,585,0,585,0,50,707,1,758,170,0,170,928
11/13/2006,VNY,CA,AWP,WE,Towers with Radar,0,48,111,0,159,0,4,633,0,637,0,52,744,0,796,208,0,208,1004
11/14/2006,VNY,CA,AWP,WE,Towers with Radar,0,45,117,0,162,0,4,607,2,613,0,49,724,2,775,296,0,296,1071
11/15/2006,VNY,CA,AWP,WE,Towers with Radar,0,54,135,0,189,0,8,687,0,695,0,62,822,0,884,292,0,292,1176
11/16/2006,VNY,CA,AWP,WE,Towers with Radar,0,64,132,0,196,0,2,680,0,682,0,66,812,0,878,278,0,278,1156
11/17/2006,VNY,CA,AWP,WE,Towers with Radar,0,39,188,0,227,0,0,666,6,672,0,39,854,6,899,390,0,390,1289
11/18/2006,VNY,CA,AWP,WE,Towers with Radar,0,31,112,0,143,0,0,758,0,758,0,31,870,0,901,556,0,556,1457
11/19/2006,VNY,CA,AWP,WE,Towers with Radar,0,49,131,0,180,0,0,637,0,637,0,49,768,0,817,488,0,488,1305
11/20/2006,VNY,CA,AWP,WE,Towers with Radar,0,23,103,0,126,0,20,633,0,653,0,43,736,0,779,268,0,268,1047
11/21/2006,VNY,CA,AWP,WE,Towers with Radar,0,52,169,0,221,0,2,732,28,762,0,54,901,28,983,370,0,370,1353
11/22/2006,VNY,CA,AWP,WE,Towers with Radar,0,66,207,2,275,0,11,586,0,597,0,77,793,2,872,318,0,318,1190
11/23/2006,VNY,CA,AWP,WE,Towers with Radar,0,24,64,0,88,0,0,353,0,353,0,24,417,0,441,178,0,178,619
11/24/2006,VNY,CA,AWP,WE,Towers with Radar,0,29,119,0,148,0,3,450,0,453,0,32,569,0,601,270,0,270,871
11/25/2006,VNY,CA,AWP,WE,Towers with Radar,0,35,118,0,153,0,0,573,0,573,0,35,691,0,726,566,0,566,1292
11/26/2006,VNY,CA,AWP,WE,Towers with Radar,0,66,247,0,313,0,0,622,0,622,0,66,869,0,935,556,0,556,1491
11/27/2006,VNY,CA,AWP,WE,Towers with Radar,0,35,133,0,168,0,0,344,0,344,0,35,477,0,512,164,0,164,676
11/28/2006,VNY,CA,AWP,WE,Towers with Radar,0,35,77,0,112,0,0,470,0,470,0,35,547,0,582,260,0,260,842
11/29/2006,VNY,CA,AWP,WE,Towers with Radar,0,39,94,0,133,0,0,425,19,444,0,39,519,19,577,28,0,28,605
11/30/2006,VNY,CA,AWP,WE,Towers with Radar,0,54,105,0,159,0,0,385,0,385,0,54,490,0,544,196,0,196,740
12/01/2006,VNY,CA,AWP,WE,Towers with Radar,0,27,123,0,150,0,0,585,0,585,0,27,708,0,735,268,0,268,1003
12/02/2006,VNY,CA,AWP,WE,Towers with Radar,0,32,86,0,118,0,0,401,6,407,0,32,487,6,525,142,0,142,667
12/03/2006,VNY,CA,AWP,WE,Towers with Radar,0,45,115,0,160,0,0,351,0,351,0,45,466,0,511,68,0,68,579
12/04/2006,VNY,CA,AWP,WE,Towers with Radar,0,40,94,0,134,0,1,510,0,511,0,41,604,0,645,60,0,60,705
12/05/2006,VNY,CA,AWP,WE,Towers with Radar,0,34,124,0,158,0,0,671,0,671,0,34,795,0,829,274,0,274,1103
12/06/2006,VNY,CA,AWP,WE,Towers with Radar,0,37,139,0,176,0,1,641,0,642,0,38,780,0,818,282,0,282,1100
12/07/2006,VNY,CA,AWP,WE,Towers with Radar,0,46,119,0,165,0,11,570,0,581,0,57,689,0,746,314,0,314,1060
12/08/2006,VNY,CA,AWP,WE,Towers with Radar,0,47,141,0,188,0,2,653,8,663,0,49,794,8,851,274,0,274,1125
12/09/2006,VNY,CA,AWP,WE,Towers with Radar,0,29,140,0,169,0,0,454,0,454,0,29,594,0,623,408,0,408,1031
12/10/2006,VNY,CA,AWP,WE,Towers with Radar,0,36,117,0,153,0,0,457,0,457,0,36,574,0,610,292,0,292,902
12/11/2006,VNY,CA,AWP,WE,Towers with Radar,0,28,128,2,158,0,6,643,0,649,0,34,771,2,807,298,0,298,1105
12/12/2006,VNY,CA,AWP,WE,Towers with Radar,0,34,97,0,131,0,3,505,0,508,0,37,602,0,639,162,0,162,801
12/13/2006,VNY,CA,AWP,WE,Towers with Radar,0,33,122,0,155,0,0,559,0,559,0,33,681,0,714,308,0,308,1022
12/14/2006,VNY,CA,AWP,WE,Towers with Radar,0,38,140,0,178,0,0,651,4,655,0,38,791,4,833,332,0,332,1165
12/15/2006,VNY,CA,AWP,WE,Towers with Radar,0,52,184,0,236,0,0,643,2,645,0,52,827,2,881,390,0,390,1271
12/16/2006,VNY,CA,AWP,WE,Towers with Radar,0,38,156,0,194,0,1,272,0,273,0,39,428,0,467,190,0,190,657
12/17/2006,VNY,CA,AWP,WE,Towers with Radar,0,57,138,0,195,0,0,504,0,504,0,57,642,0,699,470,0,470,1169
12/18/2006,VNY,CA,AWP,WE,Towers with Radar,0,42,79,0,121,0,0,557,0,557,0,42,636,0,678,82,0,82,760
12/19/2006,VNY,CA,AWP,WE,Towers with Radar,0,39,141,0,180,0,11,758,0,769,0,50,899,0,949,232,0,232,1181
12/20/2006,VNY,CA,AWP,WE,Towers with Radar,0,50,147,1,198,0,15,706,1,722,0,65,853,2,920,320,0,320,1240
12/21/2006,VNY,CA,AWP,WE,Towers with Radar,0,36,154,0,190,0,7,534,0,541,0,43,688,0,731,338,0,338,1069
12/22/2006,VNY,CA,AWP,WE,Towers with Radar,0,44,129,0,173,0,0,413,0,413,0,44,542,0,586,106,0,106,692
12/23/2006,VNY,CA,AWP,WE,Towers with Radar,0,49,99,0,148,0,0,474,0,474,0,49,573,0,622,212,0,212,834
12/24/2006,VNY,CA,AWP,WE,Towers with Radar,0,19,77,0,96,0,0,378,0,378,0,19,455,0,474,196,0,196,670
12/25/2006,VNY,CA,AWP,WE,Towers with Radar,0,23,50,0,73,0,4,210,0,214,0,27,260,0,287,28,0,28,315
12/26/2006,VNY,CA,AWP,WE,Towers with Radar,0,47,175,0,222,0,2,597,0,599,0,49,772,0,821,284,0,284,1105
12/27/2006,VNY,CA,AWP,WE,Towers with Radar,0,48,111,0,159,0,0,339,0,339,0,48,450,0,498,90,0,90,588
12/28/2006,VNY,CA,AWP,WE,Towers with Radar,0,37,74,0,111,0,3,407,0,410,0,40,481,0,521,74,0,74,595
12/29/2006,VNY,CA,AWP,WE,Towers with Radar,0,44,128,0,172,0,0,545,0,545,0,44,673,0,717,192,0,192,909
12/30/2006,VNY,CA,AWP,WE,Towers with Radar,0,36,117,0,153,0,0,676,0,676,0,36,793,0,829,554,0,554,1383
12/31/2006,VNY,CA,AWP,WE,Towers with Radar,0,39,96,0,135,0,0,511,0,511,0,39,607,0,646,260,0,260,906
01/01/2007,VNY,CA,AWP,WE,Towers with Radar,0,64,164,0,228,0,0,437,0,437,0,64,601,0,665,90,0,90,755
01/02/2007,VNY,CA,AWP,WE,Towers with Radar,0,45,170,0,215,0,8,476,0,484,0,53,646,0,699,92,0,92,791
01/03/2007,VNY,CA,AWP,WE,Towers with Radar,0,32,139,0,171,0,17,675,0,692,0,49,814,0,863,346,0,346,1209
01/04/2007,VNY,CA,AWP,WE,Towers with Radar,0,32,140,0,172,0,0,345,0,345,0,32,485,0,517,50,0,50,567
01/05/2007,VNY,CA,AWP,WE,Towers with Radar,0,42,121,0,163,0,4,331,0,335,0,46,452,0,498,12,0,12,510
01/06/2007,VNY,CA,AWP,WE,Towers with Radar,0,34,70,0,104,0,0,454,0,454,0,34,524,0,558,192,0,192,750
01/07/2007,VNY,CA,AWP,WE,Towers with Radar,0,35,115,0,150,0,0,262,0,262,0,35,377,0,412,36,0,36,448
01/08/2007,VNY,CA,AWP,WE,Towers with Radar,0,40,89,1,130,0,0,455,4,459,0,40,544,5,589,60,0,60,649
01/09/2007,VNY,CA,AWP,WE,Towers with Radar,0,51,113,0,164,0,0,564,0,564,0,51,677,0,728,252,0,252,980
01/10/2007,VNY,CA,AWP,WE,Towers with Radar,0,48,125,0,173,0,1,630,0,631,0,49,755,0,804,288,0,288,1092
01/11/2007,VNY,CA,AWP,WE,Towers with Radar,0,40,135,0,175,0,7,455,0,462,0,47,590,0,637,228,0,228,865
01/12/2007,VNY,CA,AWP,WE,Towers with Radar,0,48,158,0,206,0,0,556,0,556,0,48,714,0,762,136,0,136,898
01/13/2007,VNY,CA,AWP,WE,Towers with Radar,0,23,59,0,82,0,5,335,0,340,0,28,394,0,422,106,0,106,528
01/14/2007,VNY,CA,AWP,WE,Towers with Radar,0,35,109,0,144,0,1,539,0,540,0,36,648,0,684,332,0,332,1016
01/15/2007,VNY,CA,AWP,WE,Towers with Radar,0,46,113,0,159,0,0,371,0,371,0,46,484,0,530,58,0,58,588
01/16/2007,VNY,CA,AWP,WE,Towers with Radar,0,30,83,0,113,0,6,481,2,489,0,36,564,2,602,170,0,170,772
01/17/2007,VNY,CA,AWP,WE,Towers with Radar,0,34,101,0,135,0,0,497,0,497,0,34,598,0,632,158,0,158,790
01/18/2007,VNY,CA,AWP,WE,Towers with Radar,0,56,119,0,175,0,0,558,2,560,0,56,677,2,735,136,0,136,871
01/19/2007,VNY,CA,AWP,WE,Towers with Radar,0,51,110,0,161,0,0,519,0,519,0,51,629,0,680,138,0,138,818
01/20/2007,VNY,CA,AWP,WE,Towers with Radar,0,53,0,0,53,0,0,720,0,720,0,53,720,0,773,390,0,390,1163
01/21/2007,VNY,CA,AWP,WE,Towers with Radar,0,32,105,0,137,0,6,386,0,392,0,38,491,0,529,188,0,188,717
01/22/2007,VNY,CA,AWP,WE,Towers with Radar,0,30,103,0,133,0,0,393,0,393,0,30,496,0,526,106,0,106,632
01/23/2007,VNY,CA,AWP,WE,Towers with Radar,0,42,126,0,168,0,5,624,1,630,0,47,750,1,798,288,0,288,1086
01/24/2007,VNY,CA,AWP,WE,Towers with Radar,0,48,113,1,162,0,2,637,0,639,0,50,750,1,801,352,0,352,1153
01/25/2007,VNY,CA,AWP,WE,Towers with Radar,0,50,126,0,176,0,0,549,0,549,0,50,675,0,725,246,0,246,971
01/26/2007,VNY,CA,AWP,WE,Towers with Radar,0,45,135,1,181,0,0,574,2,576,0,45,709,3,757,366,0,366,1123
01/27/2007,VNY,CA,AWP,WE,Towers with Radar,0,28,116,0,144,0,0,194,0,194,0,28,310,0,338,168,0,168,506
01/28/2007,VNY,CA,AWP,WE,Towers with Radar,0,47,148,0,195,0,3,415,0,418,0,50,563,0,613,322,0,322,935
01/29/2007,VNY,CA,AWP,WE,Towers with Radar,0,32,92,0,124,0,3,467,0,470,0,35,559,0,594,232,0,232,826
01/30/2007,VNY,CA,AWP,WE,Towers with Radar,0,37,120,0,157,0,14,396,0,410,0,51,516,0,567,190,0,190,757
01/31/2007,VNY,CA,AWP,WE,Towers with Radar,0,54,143,2,199,0,6,562,0,568,0,60,705,2,767,306,0,306,1073
02/01/2007,VNY,CA,AWP,WE,Towers with Radar,0,49,153,0,202,0,0,679,0,679,0,49,832,0,881,326,0,326,1207
02/02/2007,VNY,CA,AWP,WE,Towers with Radar,0,42,141,0,183,0,0,733,0,733,0,42,874,0,916,340,0,340,1256
02/03/2007,VNY,CA,AWP,WE,Towers with Radar,0,30,115,0,145,0,0,750,0,750,0,30,865,0,895,442,0,442,1337
02/04/2007,VNY,CA,AWP,WE,Towers with Radar,0,36,115,0,151,0,3,588,0,591,0,39,703,0,742,340,0,340,1082
02/05/2007,VNY,CA,AWP,WE,Towers with Radar,0,51,143,2,196,0,0,683,3,686,0,51,826,5,882,194,0,194,1076
02/06/2007,VNY,CA,AWP,WE,Towers with Radar,0,39,130,0,169,0,9,579,0,588,0,48,709,0,757,268,0,268,1025
02/07/2007,VNY,CA,AWP,WE,Towers with Radar,0,50,141,0,191,0,4,659,0,663,0,54,800,0,854,342,0,342,1196
02/08/2007,VNY,CA,AWP,WE,Towers with Radar,0,41,153,0,194,0,6,570,0,576,0,47,723,0,770,192,0,192,962
02/09/2007,VNY,CA,AWP,WE,Towers with Radar,0,64,175,2,241,0,0,692,0,692,0,64,867,2,933,346,0,346,1279
02/10/2007,VNY,CA,AWP,WE,Towers with Radar,0,29,87,0,116,0,5,530,0,535,0,34,617,0,651,424,0,424,1075
02/11/2007,VNY,CA,AWP,WE,Towers with Radar,0,37,139,0,176,0,0,537,0,537,0,37,676,0,713,278,0,278,991
02/12/2007,VNY,CA,AWP,WE,Towers with Radar,0,54,147,0,201,0,13,565,0,578,0,67,712,0,779,224,0,224,1003
02/13/2007,VNY,CA,AWP,WE,Towers with Radar,0,49,128,0,177,0,3,560,0,563,0,52,688,0,740,280,0,280,1020
02/14/2007,VNY,CA,AWP,WE,Towers with Radar,0,43,115,1,159,0,10,681,0,691,0,53,796,1,850,324,0,324,1174
02/15/2007,VNY,CA,AWP,WE,Towers with Radar,0,67,187,0,254,0,8,640,0,648,0,75,827,0,902,238,0,238,1140
02/16/2007,VNY,CA,AWP,WE,Towers with Radar,0,85,203,4,292,0,0,728,0,728,0,85,931,4,1020,244,0,244,1264
02/17/2007,VNY,CA,AWP,WE,Towers with Radar,0,43,88,0,131,0,0,538,0,538,0,43,626,0,669,282,0,282,951
02/18/2007,VNY,CA,AWP,WE,Towers with Radar,0,45,126,0,171,0,3,572,0,575,0,48,698,0,746,484,0,484,1230
02/19/2007,VNY,CA,AWP,WE,Towers with Radar,0,67,190,0,257,0,0,595,0,595,0,67,785,0,852,218,0,218,1070
02/20/2007,VNY,CA,AWP,WE,Towers with Radar,0,47,154,0,201,0,11,605,0,616,0,58,759,0,817,352,0,352,1169
02/21/2007,VNY,CA,AWP,WE,Towers with Radar,0,50,173,3,226,0,0,706,0,706,0,50,879,3,932,334,0,334,1266
02/22/2007,VNY,CA,AWP,WE,Towers with Radar,0,53,165,0,218,0,0,285,0,285,0,53,450,0,503,80,0,80,583
02/23/2007,VNY,CA,AWP,WE,Towers with Radar,0,40,139,0,179,0,0,568,0,568,0,40,707,0,747,220,0,220,967
02/24/2007,VNY,CA,AWP,WE,Towers with Radar,0,37,100,1,138,0,0,717,0,717,0,37,817,1,855,440,0,440,1295
02/25/2007,VNY,CA,AWP,WE,Towers with Radar,0,55,157,0,212,0,1,532,0,533,0,56,689,0,745,560,0,560,1305
02/26/2007,VNY,CA,AWP,WE,Towers with Radar,0,44,155,0,199,0,5,533,0,538,0,49,688,0,737,184,0,184,921
02/27/2007,VNY,CA,AWP,WE,Towers with Radar,0,48,147,0,195,0,12,536,0,548,0,60,683,0,743,196,0,196,939
02/28/2007,VNY,CA,AWP,WE,Towers with Radar,0,41,144,2,187,0,6,533,2,541,0,47,677,4,728,276,0,276,1004
03/01/2007,VNY,CA,AWP,WE,Towers with Radar,0,56,166,0,222,0,0,635,0,635,0,56,801,0,857,218,0,218,1075
03/02/2007,VNY,CA,AWP,WE,Towers with Radar,0,42,129,4,175,0,0,505,0,505,0,42,634,4,680,156,0,156,836
03/03/2007,VNY,CA,AWP,WE,Towers with Radar,0,15,106,0,121,0,0,468,0,468,0,15,574,0,589,240,0,240,829
03/04/2007,VNY,CA,AWP,WE,Towers with Radar,0,51,146,0,197,0,0,667,0,667,0,51,813,0,864,410,0,410,1274
03/05/2007,VNY,CA,AWP,WE,Towers with Radar,0,31,120,0,151,0,1,560,0,561,0,32,680,0,712,262,0,262,974
03/06/2007,VNY,CA,AWP,WE,Towers with Radar,0,25,130,0,155,0,8,630,0,638,0,33,760,0,793,382,0,382,1175
03/07/2007,VNY,CA,AWP,WE,Towers with Radar,0,46,174,3,223,0,0,678,0,678,0,46,852,3,901,352,2,354,1255
03/08/2007,VNY,CA,AWP,WE,Towers with Radar,0,47,148,0,195,0,0,581,0,581,0,47,729,0,776,358,0,358,1134
03/09/2007,VNY,CA,AWP,WE,Towers with Radar,0,61,152,0,213,0,0,527,0,527,0,61,679,0,740,234,0,234,974
03/10/2007,VNY,CA,AWP,WE,Towers with Radar,0,22,106,0,128,0,0,607,0,607,0,22,713,0,735,422,0,422,1157
03/11/2007,VNY,CA,AWP,WE,Towers with Radar,0,39,116,0,155,0,0,474,0,474,0,39,590,0,629,170,0,170,799
03/12/2007,VNY,CA,AWP,WE,Towers with Radar,0,32,108,0,140,0,5,681,0,686,0,37,789,0,826,202,0,202,1028
03/13/2007,VNY,CA,AWP,WE,Towers with Radar,0,34,116,0,150,0,7,688,0,695,0,41,804,0,845,362,0,362,1207
03/14/2007,VNY,CA,AWP,WE,Towers with Radar,0,55,180,0,235,0,3,550,0,553,0,58,730,0,788,284,0,284,1072
03/15/2007,VNY,CA,AWP,WE,Towers with Radar,0,53,168,0,221,0,3,658,0,661,0,56,826,0,882,326,0,326,1208
03/16/2007,VNY,CA,AWP,WE,Towers with Radar,0,49,159,0,208,0,0,647,0,647,0,49,806,0,855,282,0,282,1137
03/17/2007,VNY,CA,AWP,WE,Towers with Radar,0,30,115,0,145,0,5,516,0,521,0,35,631,0,666,344,0,344,1010
03/18/2007,VNY,CA,AWP,WE,Towers with Radar,0,51,204,0,255,0,1,480,0,481,0,52,684,0,736,272,0,272,1008
03/19/2007,VNY,CA,AWP,WE,Towers with Radar,0,55,156,2,213,0,0,494,0,494,0,55,650,2,707,366,0,366,1073
03/20/2007,VNY,CA,AWP,WE,Towers with Radar,0,22,168,0,190,0,0,283,4,287,0,22,451,4,477,74,0,74,551
03/21/2007,VNY,CA,AWP,WE,Towers with Radar,0,52,144,0,196,0,0,545,0,545,0,52,689,0,741,316,0,316,1057
03/22/2007,VNY,CA,AWP,WE,Towers with Radar,0,54,133,2,189,0,2,617,0,619,0,56,750,2,808,288,0,288,1096
03/23/2007,VNY,CA,AWP,WE,Towers with Radar,0,63,136,1,200,0,0,663,0,663,0,63,799,1,863,464,0,464,1327
03/24/2007,VNY,CA,AWP,WE,Towers with Radar,0,40,139,0,179,0,1,668,0,669,0,41,807,0,848,522,0,522,1370
03/25/2007,VNY,CA,AWP,WE,Towers with Radar,0,55,140,0,195,0,0,625,0,625,0,55,765,0,820,444,0,444,1264
03/26/2007,VNY,CA,AWP,WE,Towers with Radar,0,59,160,0,219,0,4,390,0,394,0,63,550,0,613,120,0,120,733
03/27/2007,VNY,CA,AWP,WE,Towers with Radar,0,43,101,0,144,0,5,407,2,414,0,48,508,2,558,126,0,126,684
03/28/2007,VNY,CA,AWP,WE,Towers with Radar,0,40,113,0,153,0,5,490,0,495,0,45,603,0,648,232,0,232,880
03/29/2007,VNY,CA,AWP,WE,Towers with Radar,0,49,127,3,179,0,0,559,0,559,0,49,686,3,738,184,0,184,922
03/30/2007,VNY,CA,AWP,WE,Towers with Radar,0,44,146,0,190,0,0,677,0,677,0,44,823,0,867,420,0,420,1287
03/31/2007,VNY,CA,AWP,WE,Towers with Radar,0,51,133,0,184,0,0,878,0,878,0,51,1011,0,1062,576,0,576,1638
04/01/2007,VNY,CA,AWP,WE,Towers with Radar,0,33,157,0,190,0,4,617,0,621,0,37,774,0,811,436,0,436,1247
04/02/2007,VNY,CA,AWP,WE,Towers with Radar,0,44,120,0,164,0,0,618,0,618,0,44,738,0,782,356,0,356,1138
04/03/2007,VNY,CA,AWP,WE,Towers with Radar,0,39,151,0,190,0,4,568,2,574,0,43,719,2,764,362,0,362,1126
04/04/2007,VNY,CA,AWP,WE,Towers with Radar,0,42,100,0,142,0,0,390,0,390,0,42,490,0,532,270,0,270,802
04/05/2007,VNY,CA,AWP,WE,Towers with Radar,0,46,160,0,206,0,0,400,0,400,0,46,560,0,606,240,0,240,846
04/06/2007,VNY,CA,AWP,WE,Towers with Radar,0,38,165,1,204,0,0,344,1,345,0,38,509,2,549,134,0,134,683
04/07/2007,VNY,CA,AWP,WE,Towers with Radar,0,33,168,0,201,0,0,304,0,304,0,33,472,0,505,268,0,268,773
04/08/2007,VNY,CA,AWP,WE,Towers with Radar,0,49,177,0,226,0,9,302,0,311,0,58,479,0,537,194,0,194,731
04/09/2007,VNY,CA,AWP,WE,Towers with Radar,0,37,153,0,190,0,13,582,0,595,0,50,735,0,785,338,0,338,1123
04/10/2007,VNY,CA,AWP,WE,Towers with Radar,0,36,127,1,164,0,4,657,0,661,0,40,784,1,825,376,0,376,1201
04/11/2007,VNY,CA,AWP,WE,Towers with Radar,0,41,137,0,178,0,4,573,0,577,0,45,710,0,755,236,0,236,991
04/12/2007,VNY,CA,AWP,WE,Towers with Radar,0,41,99,0,140,0,3,321,2,326,0,44,420,2,466,66,0,66,532
04/13/2007,VNY,CA,AWP,WE,Towers with Radar,0,47,91,0,138,0,0,564,0,564,0,47,655,0,702,222,0,222,924
04/14/2007,VNY,CA,AWP,WE,Towers with Radar,0,20,116,0,136,0,0,610,0,610,0,20,726,0,746,484,0,484,1230
04/15/2007,VNY,CA,AWP,WE,Towers with Radar,0,42,146,0,188,0,5,518,0,523,0,47,664,0,711,394,0,394,1105
04/16/2007,VNY,CA,AWP,WE,Towers with Radar,0,66,97,0,163,0,0,597,2,599,0,66,694,2,762,282,4,286,1048
04/17/2007,VNY,CA,AWP,WE,Towers with Radar,0,29,168,1,198,0,8,447,1,456,0,37,615,2,654,442,0,442,1096
04/18/2007,VNY,CA,AWP,WE,Towers with Radar,0,35,94,0,129,0,1,325,0,326,0,36,419,0,455,42,0,42,497
04/19/2007,VNY,CA,AWP,WE,Towers with Radar,0,51,153,2,206,0,5,710,0,715,0,56,863,2,921,394,0,394,1315
04/20/2007,VNY,CA,AWP,WE,Towers with Radar,0,68,126,1,195,0,0,301,0,301,0,68,427,1,496,58,0,58,554
04/21/2007,VNY,CA,AWP,WE,Towers with Radar,0,26,103,0,129,0,0,653,0,653,0,26,756,0,782,428,0,428,1210
04/22/2007,VNY,CA,AWP,WE,Towers with Radar,0,52,172,1,225,0,1,376,0,377,0,53,548,1,602,364,0,364,966
04/23/2007,VNY,CA,AWP,WE,Towers with Radar,0,49,114,4,167,0,0,612,0,612,0,49,726,4,779,330,0,330,1109
04/24/2007,VNY,CA,AWP,WE,Towers with Radar,0,67,120,1,188,0,0,629,1,630,0,67,749,2,818,364,0,364,1182
04/25/2007,VNY,CA,AWP,WE,Towers with Radar,0,53,150,0,203,0,4,679,0,683,0,57,829,0,886,462,0,462,1348
04/26/2007,VNY,CA,AWP,WE,Towers with Radar,0,34,171,2,207,0,0,698,0,698,0,34,869,2,905,324,0,324,1229
04/27/2007,VNY,CA,AWP,WE,Towers with Radar,0,47,126,3,176,0,0,804,0,804,0,47,930,3,980,352,0,352,1332
04/28/2007,VNY,CA,AWP,WE,Towers with Radar,0,17,95,0,112,0,2,690,0,692,0,19,785,0,804,410,0,410,1214
04/29/2007,VNY,CA,AWP,WE,Towers with Radar,0,60,152,1,213,0,0,524,0,524,0,60,676,1,737,310,0,310,1047
04/30/2007,VNY,CA,AWP,WE,Towers with Radar,0,53,103,0,156,0,0,555,0,555,0,53,658,0,711,238,0,238,949
05/01/2007,VNY,CA,AWP,WE,Towers with Radar,0,40,138,0,178,0,3,462,0,465,0,43,600,0,643,228,0,228,871
05/02/2007,VNY,CA,AWP,WE,Towers with Radar,0,49,124,0,173,0,0,512,0,512,0,49,636,0,685,266,0,266,951
05/03/2007,VNY,CA,AWP,WE,Towers with Radar,0,47,132,0,179,0,5,573,0,578,0,52,705,0,757,212,0,212,969
05/04/2007,VNY,CA,AWP,WE,Towers with Radar,0,61,133,0,194,0,0,682,0,682,0,61,815,0,876,488,0,488,1364
05/05/2007,VNY,CA,AWP,WE,Towers with Radar,0,40,85,0,125,0,13,392,0,405,0,53,477,0,530,170,0,170,700
05/06/2007,VNY,CA,AWP,WE,Towers with Radar,0,68,120,2,190,0,2,469,2,473,0,70,589,4,663,192,0,192,855
05/07/2007,VNY,CA,AWP,WE,Towers with Radar,0,45,109,0,154,0,5,549,0,554,0,50,658,0,708,164,0,164,872
05/08/2007,VNY,CA,AWP,WE,Towers with Radar,0,32,107,0,139,0,13,637,2,652,0,45,744,2,791,376,2,378,1169
05/09/2007,VNY,CA,AWP,WE,Towers with Radar,0,36,140,0,176,0,7,615,0,622,0,43,755,0,798,414,0,414,1212
05/10/2007,VNY,CA,AWP,WE,Towers with Radar,0,31,120,4,155,0,0,618,0,618,0,31,738,4,773,236,0,236,1009
05/11/2007,VNY,CA,AWP,WE,Towers with Radar,0,58,150,0,208,0,0,818,0,818,0,58,968,0,1026,422,0,422,1448
05/12/2007,VNY,CA,AWP,WE,Towers with Radar,0,25,108,0,133,0,4,627,0,631,0,29,735,0,764,426,0,426,1190
05/13/2007,VNY,CA,AWP,WE,Towers with Radar,0,46,146,0,192,0,0,529,0,529,0,46,675,0,721,434,0,434,1155
05/14/2007,VNY,CA,AWP,WE,Towers with Radar,0,34,112,0,146,0,0,564,0,564,0,34,676,0,710,376,0,376,1086
05/15/2007,VNY,CA,AWP,WE,Towers with Radar,0,25,166,2,193,0,1,416,0,417,0,26,582,2,610,318,0,318,928
05/16/2007,VNY,CA,AWP,WE,Towers with Radar,0,49,198,0,247,0,0,476,0,476,0,49,674,0,723,249,0,249,972
05/17/2007,VNY,CA,AWP,WE,Towers with Radar,0,37,197,0,234,0,1,591,0,592,0,38,788,0,826,318,0,318,1144
05/18/2007,VNY,CA,AWP,WE,Towers with Radar,0,40,217,0,257,0,0,421,0,421,0,40,638,0,678,306,0,306,984
05/19/2007,VNY,CA,AWP,WE,Towers with Radar,0,22,113,0,135,0,0,456,0,456,0,22,569,0,591,294,0,294,885
05/20/2007,VNY,CA,AWP,WE,Towers with Radar,0,31,170,1,202,0,2,478,1,481,0,33,648,2,683,324,0,324,1007
05/21/2007,VNY,CA,AWP,WE,Towers with Radar,0,44,173,0,217,0,0,364,0,364,0,44,537,0,581,218,0,218,799
05/22/2007,VNY,CA,AWP,WE,Towers with Radar,0,36,143,0,179,0,2,580,2,584,0,38,723,2,763,298,0,298,1061
05/23/2007,VNY,CA,AWP,WE,Towers with Radar,0,48,133,3,184,0,0,592,0,592,0,48,725,3,776,324,0,324,1100
05/24/2007,VNY,CA,AWP,WE,Towers with Radar,0,49,146,0,195,0,4,647,0,651,0,53,793,0,846,370,0,370,1216
05/25/2007,VNY,CA,AWP,WE,Towers with Radar,0,59,168,0,227,0,0,736,0,736,0,59,904,0,963,392,0,392,1355
05/26/2007,VNY,CA,AWP,WE,Towers with Radar,0,21,105,0,126,0,0,475,0,475,0,21,580,0,601,230,0,230,831
05/27/2007,VNY,CA,AWP,WE,Towers with Radar,0,28,79,0,107,0,2,406,0,408,0,30,485,0,515,398,0,398,913
05/28/2007,VNY,CA,AWP,WE,Towers with Radar,0,42,144,0,186,0,0,599,0,599,0,42,743,0,785,410,0,410,1195
05/29/2007,VNY,CA,AWP,WE,Towers with Radar,0,24,139,0,163,0,0,493,0,493,0,24,632,0,656,444,0,444,1100
05/30/2007,VNY,CA,AWP,WE,Towers with Radar,0,7,20,1,28,0,39,678,1,718,0,46,698,2,746,274,0,274,1020
05/31/2007,VNY,CA,AWP,WE,Towers with Radar,0,38,175,1,214,0,2,512,0,514,0,40,687,1,728,256,0,256,984
06/01/2007,VNY,CA,AWP,WE,Towers with Radar,0,45,156,0,201,0,0,563,0,563,0,45,719,0,764,348,0,348,1112
06/02/2007,VNY,CA,AWP,WE,Towers with Radar,0,24,115,0,139,0,0,517,0,517,0,24,632,0,656,470,0,470,1126
06/03/2007,VNY,CA,AWP,WE,Towers with Radar,0,61,142,0,203,0,0,459,2,461,0,61,601,2,664,412,0,412,1076
06/04/2007,VNY,CA,AWP,WE,Towers with Radar,0,52,129,0,181,0,0,563,0,563,0,52,692,0,744,332,0,332,1076
06/05/2007,VNY,CA,AWP,WE,Towers with Radar,0,31,133,0,164,0,6,427,0,433,0,37,560,0,597,276,0,276,873
06/06/2007,VNY,CA,AWP,WE,Towers with Radar,0,43,119,0,162,0,2,594,0,596,0,45,713,0,758,324,0,324,1082
06/07/2007,VNY,CA,AWP,WE,Towers with Radar,0,51,115,0,166,0,3,619,0,622,0,54,734,0,788,332,0,332,1120
06/08/2007,VNY,CA,AWP,WE,Towers with Radar,0,37,123,1,161,0,0,738,0,738,0,37,861,1,899,424,0,424,1323
06/09/2007,VNY,CA,AWP,WE,Towers with Radar,0,32,99,0,131,0,2,627,0,629,0,34,726,0,760,378,0,378,1138
06/10/2007,VNY,CA,AWP,WE,Towers with Radar,0,53,139,0,192,0,0,503,0,503,0,53,642,0,695,402,0,402,1097
06/11/2007,VNY,CA,AWP,WE,Towers with Radar,0,48,146,0,194,0,0,512,4,516,0,48,658,4,710,306,0,306,1016
06/12/2007,VNY,CA,AWP,WE,Towers with Radar,0,37,141,0,178,0,6,471,0,477,0,43,612,0,655,342,0,342,997
06/13/2007,VNY,CA,AWP,WE,Towers with Radar,0,44,121,0,165,0,8,670,2,680,0,52,791,2,845,344,0,344,1189
06/14/2007,VNY,CA,AWP,WE,Towers with Radar,0,56,146,0,202,0,1,687,0,688,0,57,833,0,890,270,0,270,1160
06/15/2007,VNY,CA,AWP,WE,Towers with Radar,0,47,133,2,182,0,0,629,0,629,0,47,762,2,811,354,0,354,1165
06/16/2007,VNY,CA,AWP,WE,Towers with Radar,0,32,102,0,134,0,1,615,0,616,0,33,717,0,750,538,0,538,1288
06/17/2007,VNY,CA,AWP,WE,Towers with Radar,0,49,148,0,197,0,0,537,0,537,0,49,685,0,734,318,0,318,1052
06/18/2007,VNY,CA,AWP,WE,Towers with Radar,0,50,89,1,140,0,0,541,2,543,0,50,630,3,683,386,0,386,1069
06/19/2007,VNY,CA,AWP,WE,Towers with Radar,0,28,133,0,161,0,12,694,4,710,0,40,827,4,871,626,0,626,1497
06/20/2007,VNY,CA,AWP,WE,Towers with Radar,0,47,116,0,163,0,1,597,11,609,0,48,713,11,772,212,0,212,984
06/21/2007,VNY,CA,AWP,WE,Towers with Radar,0,47,141,0,188,0,1,616,0,617,0,48,757,0,805,458,0,458,1263
06/22/2007,VNY,CA,AWP,WE,Towers with Radar,0,51,131,0,182,0,0,576,0,576,0,51,707,0,758,246,0,246,1004
06/23/2007,VNY,CA,AWP,WE,Towers with Radar,0,30,100,0,130,0,0,489,0,489,0,30,589,0,619,611,1,612,1231
06/24/2007,VNY,CA,AWP,WE,Towers with Radar,0,44,145,0,189,0,0,537,0,537,0,44,682,0,726,438,0,438,1164
06/25/2007,VNY,CA,AWP,WE,Towers with Radar,0,32,128,0,160,0,1,469,0,470,0,33,597,0,630,284,0,284,914
06/26/2007,VNY,CA,AWP,WE,Towers with Radar,0,46,107,2,155,0,7,679,0,686,0,53,786,2,841,426,0,426,1267
06/27/2007,VNY,CA,AWP,WE,Towers with Radar,0,45,121,0,166,0,0,498,0,498,0,45,619,0,664,262,0,262,926
06/28/2007,VNY,CA,AWP,WE,Towers with Radar,0,33,131,0,164,0,17,691,0,708,0,50,822,0,872,398,0,398,1270
06/29/2007,VNY,CA,AWP,WE,Towers with Radar,0,47,138,2,187,0,0,641,1,642,0,47,779,3,829,256,0,256,1085
06/30/2007,VNY,CA,AWP,WE,Towers with Radar,0,25,83,0,108,0,0,548,0,548,0,25,631,0,656,386,0,386,1042
07/01/2007,VNY,CA,AWP,WE,Towers with Radar,0,45,67,4,116,0,0,587,0,587,0,45,654,4,703,408,0,408,1111
07/02/2007,VNY,CA,AWP,WE,Towers with Radar,0,46,76,2,124,0,0,564,4,568,0,46,640,6,692,180,0,180,872
07/03/2007,VNY,CA,AWP,WE,Towers with Radar,0,34,110,0,144,0,4,610,0,614,0,38,720,0,758,316,0,316,1074
07/04/2007,VNY,CA,AWP,WE,Towers with Radar,0,24,60,0,84,0,0,362,0,362,0,24,422,0,446,156,0,156,602
07/05/2007,VNY,CA,AWP,WE,Towers with Radar,0,41,116,0,157,0,2,617,0,619,0,43,733,0,776,318,0,318,1094
07/06/2007,VNY,CA,AWP,WE,Towers with Radar,0,59,91,0,150,0,0,704,0,704,0,59,795,0,854,366,0,366,1220
07/07/2007,VNY,CA,AWP,WE,Towers with Radar,0,32,97,0,129,0,1,470,0,471,0,33,567,0,600,332,0,332,932
07/08/2007,VNY,CA,AWP,WE,Towers with Radar,0,60,165,0,225,0,0,481,0,481,0,60,646,0,706,278,0,278,984
07/09/2007,VNY,CA,AWP,WE,Towers with Radar,0,61,105,0,166,0,0,479,1,480,0,61,584,1,646,277,0,277,923
07/10/2007,VNY,CA,AWP,WE,Towers with Radar,0,57,127,0,184,0,4,466,0,470,0,61,593,0,654,240,0,240,894
07/11/2007,VNY,CA,AWP,WE,Towers with Radar,0,41,119,0,160,0,3,590,0,593,0,44,709,0,753,266,0,266,1019
07/12/2007,VNY,CA,AWP,WE,Towers with Radar,0,52,142,0,194,0,3,697,0,700,0,55,839,0,894,430,0,430,1324
07/13/2007,VNY,CA,AWP,WE,Towers with Radar,0,33,103,0,136,0,2,595,0,597,0,35,698,0,733,270,0,270,1003
07/14/2007,VNY,CA,AWP,WE,Towers with Radar,0,32,87,0,119,0,0,556,0,556,0,32,643,0,675,304,0,304,979
07/15/2007,VNY,CA,AWP,WE,Towers with Radar,0,53,161,0,214,0,0,0,0,0,0,53,161,0,214,510,0,510,724
07/16/2007,VNY,CA,AWP,WE,Towers with Radar,0,34,130,0,164,0,8,516,0,524,0,42,646,0,688,234,0,234,922
07/17/2007,VNY,CA,AWP,WE,Towers with Radar,0,38,121,0,159,0,5,485,1,491,0,43,606,1,650,294,0,294,944
07/18/2007,VNY,CA,AWP,WE,Towers with Radar,0,55,122,0,177,0,5,637,0,642,0,60,759,0,819,328,0,328,1147
07/19/2007,VNY,CA,AWP,WE,Towers with Radar,0,50,128,1,179,0,1,567,0,568,0,51,695,1,747,396,0,396,1143
07/20/2007,VNY,CA,AWP,WE,Towers with Radar,0,49,122,0,171,0,0,639,0,639,0,49,761,0,810,302,0,302,1112
07/21/2007,VNY,CA,AWP,WE,Towers with Radar,0,30,106,0,136,0,5,557,0,562,0,35,663,0,698,394,0,394,1092
07/22/2007,VNY,CA,AWP,WE,Towers with Radar,0,44,150,0,194,0,0,570,0,570,0,44,720,0,764,506,0,506,1270
07/23/2007,VNY,CA,AWP,WE,Towers with Radar,0,52,105,0,157,0,0,574,0,574,0,52,679,0,731,292,0,292,1023
07/24/2007,VNY,CA,AWP,WE,Towers with Radar,0,34,90,0,124,0,0,610,0,610,0,34,700,0,734,340,0,340,1074
07/25/2007,VNY,CA,AWP,WE,Towers with Radar,0,59,160,0,219,0,2,598,0,600,0,61,758,0,819,419,0,419,1238
07/26/2007,VNY,CA,AWP,WE,Towers with Radar,0,61,0,0,61,0,0,852,0,852,0,61,852,0,913,390,0,390,1303
07/27/2007,VNY,CA,AWP,WE,Towers with Radar,0,48,133,0,181,0,0,581,1,582,0,48,714,1,763,337,1,338,1101
07/28/2007,VNY,CA,AWP,WE,Towers with Radar,0,42,87,0,129,0,5,654,0,659,0,47,741,0,788,454,0,454,1242
07/29/2007,VNY,CA,AWP,WE,Towers with Radar,0,56,138,0,194,0,0,580,0,580,0,56,718,0,774,390,0,390,1164
07/30/2007,VNY,CA,AWP,WE,Towers with Radar,0,46,128,0,174,0,0,583,0,583,0,46,711,0,757,326,0,326,1083
07/31/2007,VNY,CA,AWP,WE,Towers with Radar,0,45,121,0,166,0,0,535,2,537,0,45,656,2,703,364,0,364,1067
08/01/2007,VNY,CA,AWP,WE,Towers with Radar,0,43,166,0,209,0,5,455,0,460,0,48,621,0,669,184,0,184,853
08/02/2007,VNY,CA,AWP,WE,Towers with Radar,0,44,116,0,160,0,3,604,0,607,0,47,720,0,767,242,0,242,1009
08/03/2007,VNY,CA,AWP,WE,Towers with Radar,0,54,112,0,166,0,4,814,0,818,0,58,926,0,984,510,0,510,1494
08/04/2007,VNY,CA,AWP,WE,Towers with Radar,0,33,95,0,128,0,0,593,0,593,0,33,688,0,721,476,0,476,1197
08/05/2007,VNY,CA,AWP,WE,Towers with Radar,0,49,139,0,188,0,0,561,0,561,0,49,700,0,749,418,0,418,1167
08/06/2007,VNY,CA,AWP,WE,Towers with Radar,0,52,80,0,132,0,0,603,0,603,0,52,683,0,735,326,0,326,1061
08/07/2007,VNY,CA,AWP,WE,Towers with Radar,0,35,124,0,159,0,0,493,0,493,0,35,617,0,652,228,0,228,880
08/08/2007,VNY,CA,AWP,WE,Towers with Radar,0,32,118,0,150,0,0,581,0,581,0,32,699,0,731,228,0,228,959
08/09/2007,VNY,CA,AWP,WE,Towers with Radar,0,40,108,1,149,0,5,739,0,744,0,45,847,1,893,478,0,478,1371
08/10/2007,VNY,CA,AWP,WE,Towers with Radar,0,35,151,0,186,0,0,587,0,587,0,35,738,0,773,420,0,420,1193
08/11/2007,VNY,CA,AWP,WE,Towers with Radar,0,29,121,1,151,0,0,436,0,436,0,29,557,1,587,280,0,280,867
08/12/2007,VNY,CA,AWP,WE,Towers with Radar,0,33,148,1,182,0,0,575,0,575,0,33,723,1,757,396,0,396,1153
08/13/2007,VNY,CA,AWP,WE,Towers with Radar,0,56,89,0,145,0,0,663,4,667,0,56,752,4,812,214,0,214,1026
08/14/2007,VNY,CA,AWP,WE,Towers with Radar,0,41,128,0,169,0,0,628,0,628,0,41,756,0,797,224,0,224,1021
08/15/2007,VNY,CA,AWP,WE,Towers with Radar,0,44,113,2,159,0,0,548,0,548,0,44,661,2,707,328,0,328,1035
08/16/2007,VNY,CA,AWP,WE,Towers with Radar,0,40,129,1,170,0,0,618,0,618,0,40,747,1,788,338,0,338,1126
08/17/2007,VNY,CA,AWP,WE,Towers with Radar,0,56,139,1,196,0,0,600,0,600,0,56,739,1,796,326,0,326,1122
08/18/2007,VNY,CA,AWP,WE,Towers with Radar,0,33,91,2,126,0,0,509,2,511,0,33,600,4,637,402,0,402,1039
08/19/2007,VNY,CA,AWP,WE,Towers with Radar,0,44,143,0,187,0,0,617,0,617,0,44,760,0,804,422,0,422,1226
08/20/2007,VNY,CA,AWP,WE,Towers with Radar,0,55,119,0,174,0,0,575,0,575,0,55,694,0,749,286,0,286,1035
08/21/2007,VNY,CA,AWP,WE,Towers with Radar,0,33,114,0,147,0,1,653,0,654,0,34,767,0,801,304,0,304,1105
08/22/2007,VNY,CA,AWP,WE,Towers with Radar,0,42,118,4,164,0,0,637,7,644,0,42,755,11,808,290,6,296,1104
08/23/2007,VNY,CA,AWP,WE,Towers with Radar,0,51,148,0,199,0,3,637,0,640,0,54,785,0,839,370,0,370,1209
08/24/2007,VNY,CA,AWP,WE,Towers with Radar,0,35,161,0,196,0,0,591,0,591,0,35,752,0,787,336,0,336,1123
08/25/2007,VNY,CA,AWP,WE,Towers with Radar,0,22,107,0,129,0,0,524,0,524,0,22,631,0,653,296,0,296,949
08/26/2007,VNY,CA,AWP,WE,Towers with Radar,0,58,125,0,183,0,0,573,0,573,0,58,698,0,756,438,0,438,1194
08/27/2007,VNY,CA,AWP,WE,Towers with Radar,0,63,86,2,151,0,0,651,0,651,0,63,737,2,802,354,0,354,1156
08/28/2007,VNY,CA,AWP,WE,Towers with Radar,0,32,106,0,138,0,0,626,0,626,0,32,732,0,764,312,0,312,1076
08/29/2007,VNY,CA,AWP,WE,Towers with Radar,0,42,127,0,169,0,0,593,2,595,0,42,720,2,764,280,0,280,1044
08/30/2007,VNY,CA,AWP,WE,Towers with Radar,0,36,120,0,156,0,7,682,0,689,0,43,802,0,845,480,0,480,1325
08/31/2007,VNY,CA,AWP,WE,Towers with Radar,0,49,145,0,194,0,0,741,0,741,0,49,886,0,935,452,0,452,1387
09/01/2007,VNY,CA,AWP,WE,Towers with Radar,0,27,75,0,102,0,0,562,0,562,0,27,637,0,664,200,0,200,864
09/02/2007,VNY,CA,AWP,WE,Towers with Radar,0,44,74,0,118,0,2,453,0,455,0,46,527,0,573,242,0,242,815
09/03/2007,VNY,CA,AWP,WE,Towers with Radar,0,66,138,0,204,0,0,540,0,540,0,66,678,0,744,236,0,236,980
09/04/2007,VNY,CA,AWP,WE,Towers with Radar,0,36,101,0,137,0,8,581,0,589,0,44,682,0,726,238,0,238,964
09/05/2007,VNY,CA,AWP,WE,Towers with Radar,0,27,120,0,147,0,0,568,0,568,0,27,688,0,715,298,0,298,1013
09/06/2007,VNY,CA,AWP,WE,Towers with Radar,0,47,119,0,166,0,4,637,0,641,0,51,756,0,807,304,0,304,1111
09/07/2007,VNY,CA,AWP,WE,Towers with Radar,0,41,152,0,193,0,0,647,0,647,0,41,799,0,840,348,0,348,1188
09/08/2007,VNY,CA,AWP,WE,Towers with Radar,0,21,98,0,119,0,0,647,0,647,0,21,745,0,766,392,0,392,1158
09/09/2007,VNY,CA,AWP,WE,Towers with Radar,0,45,111,0,156,0,0,624,0,624,0,45,735,0,780,440,0,440,1220
09/10/2007,VNY,CA,AWP,WE,Towers with Radar,0,43,101,0,144,0,0,753,0,753,0,43,854,0,897,410,0,410,1307
09/11/2007,VNY,CA,AWP,WE,Towers with Radar,0,40,112,0,152,0,2,508,0,510,0,42,620,0,662,216,0,216,878
09/12/2007,VNY,CA,AWP,WE,Towers with Radar,0,32,114,0,146,0,4,578,0,582,0,36,692,0,728,318,0,318,1046
09/13/2007,VNY,CA,AWP,WE,Towers with Radar,0,26,102,0,128,0,3,679,0,682,0,29,781,0,810,342,0,342,1152
09/14/2007,VNY,CA,AWP,WE,Towers with Radar,0,28,128,0,156,0,0,556,6,562,0,28,684,6,718,302,0,302,1020
09/15/2007,VNY,CA,AWP,WE,Towers with Radar,0,30,92,0,122,0,0,581,0,581,0,30,673,0,703,508,0,508,1211
09/16/2007,VNY,CA,AWP,WE,Towers with Radar,0,68,142,0,210,0,0,563,0,563,0,68,705,0,773,414,2,416,1189
09/17/2007,VNY,CA,AWP,WE,Towers with Radar,0,59,103,0,162,0,2,550,0,552,0,61,653,0,714,264,0,264,978
09/18/2007,VNY,CA,AWP,WE,Towers with Radar,0,33,94,0,127,0,0,555,6,561,0,33,649,6,688,252,0,252,940
09/19/2007,VNY,CA,AWP,WE,Towers with Radar,0,38,147,0,185,0,0,570,0,570,0,38,717,0,755,296,0,296,1051
09/20/2007,VNY,CA,AWP,WE,Towers with Radar,0,51,129,0,180,0,1,562,0,563,0,52,691,0,743,356,6,362,1105
09/21/2007,VNY,CA,AWP,WE,Towers with Radar,0,42,115,2,159,0,0,563,0,563,0,42,678,2,722,294,0,294,1016
09/22/2007,VNY,CA,AWP,WE,Towers with Radar,0,23,96,0,119,0,0,200,0,200,0,23,296,0,319,118,0,118,437
09/23/2007,VNY,CA,AWP,WE,Towers with Radar,0,34,131,0,165,0,4,592,0,596,0,38,723,0,761,374,0,374,1135
09/24/2007,VNY,CA,AWP,WE,Towers with Radar,0,47,88,0,135,0,0,615,0,615,0,47,703,0,750,288,0,288,1038
09/25/2007,VNY,CA,AWP,WE,Towers with Radar,0,33,104,0,137,0,2,632,0,634,0,35,736,0,771,282,0,282,1053
09/26/2007,VNY,CA,AWP,WE,Towers with Radar,0,33,123,0,156,0,6,570,0,576,0,39,693,0,732,256,0,256,988
09/27/2007,VNY,CA,AWP,WE,Towers with Radar,0,50,123,0,173,0,0,716,0,716,0,50,839,0,889,402,0,402,1291
09/28/2007,VNY,CA,AWP,WE,Towers with Radar,0,41,196,0,237,0,0,380,0,380,0,41,576,0,617,266,0,266,883
09/29/2007,VNY,CA,AWP,WE,Towers with Radar,0,26,94,0,120,0,1,507,0,508,0,27,601,0,628,388,0,388,1016
09/30/2007,VNY,CA,AWP,WE,Towers with Radar,0,41,135,0,176,0,0,622,0,622,0,41,757,0,798,462,0,462,1260
10/01/2007,VNY,CA,AWP,WE,Towers with Radar,0,31,104,0,135,0,4,585,0,589,0,35,689,0,724,364,0,364,1088
10/02/2007,VNY,CA,AWP,WE,Towers with Radar,0,21,111,0,132,0,3,615,0,618,0,24,726,0,750,312,0,312,1062
10/03/2007,VNY,CA,AWP,WE,Towers with Radar,0,41,103,2,146,0,2,600,0,602,0,43,703,2,748,360,0,360,1108
10/04/2007,VNY,CA,AWP,WE,Towers with Radar,0,44,121,0,165,0,0,617,0,617,0,44,738,0,782,400,0,400,1182
10/05/2007,VNY,CA,AWP,WE,Towers with Radar,0,51,123,0,174,0,1,585,0,586,0,52,708,0,760,342,0,342,1102
10/06/2007,VNY,CA,AWP,WE,Towers with Radar,0,20,82,0,102,0,0,492,0,492,0,20,574,0,594,410,0,410,1004
10/07/2007,VNY,CA,AWP,WE,Towers with Radar,0,53,117,0,170,0,5,480,0,485,0,58,597,0,655,194,0,194,849
10/08/2007,VNY,CA,AWP,WE,Towers with Radar,0,26,92,0,118,0,8,589,0,597,0,34,681,0,715,382,0,382,1097
10/09/2007,VNY,CA,AWP,WE,Towers with Radar,0,38,98,0,136,0,0,678,0,678,0,38,776,0,814,442,0,442,1256
10/10/2007,VNY,CA,AWP,WE,Towers with Radar,0,46,91,0,137,0,0,526,0,526,0,46,617,0,663,220,0,220,883
10/11/2007,VNY,CA,AWP,WE,Towers with Radar,0,43,114,0,157,0,2,579,0,581,0,45,693,0,738,324,0,324,1062
10/12/2007,VNY,CA,AWP,WE,Towers with Radar,0,48,179,0,227,0,0,569,0,569,0,48,748,0,796,456,0,456,1252
10/13/2007,VNY,CA,AWP,WE,Towers with Radar,0,33,124,0,157,0,0,404,0,404,0,33,528,0,561,392,0,392,953
10/14/2007,VNY,CA,AWP,WE,Towers with Radar,0,41,147,0,188,0,0,699,0,699,0,41,846,0,887,518,0,518,1405
10/15/2007,VNY,CA,AWP,WE,Towers with Radar,0,27,156,0,183,0,4,148,0,152,0,31,304,0,335,70,0,70,405
10/16/2007,VNY,CA,AWP,WE,Towers with Radar,0,39,114,0,153,0,3,657,4,664,0,42,771,4,817,294,0,294,1111
10/17/2007,VNY,CA,AWP,WE,Towers with Radar,0,37,157,0,194,0,1,507,0,508,0,38,664,0,702,189,0,189,891
10/18/2007,VNY,CA,AWP,WE,Towers with Radar,0,53,134,0,187,0,3,624,0,627,0,56,758,0,814,206,0,206,1020
10/19/2007,VNY,CA,AWP,WE,Towers with Radar,0,52,111,3,166,0,0,758,0,758,0,52,869,3,924,362,0,362,1286
10/20/2007,VNY,CA,AWP,WE,Towers with Radar,0,28,72,0,100,0,0,439,0,439,0,28,511,0,539,163,0,163,702
10/21/2007,VNY,CA,AWP,WE,Towers with Radar,0,39,115,0,154,0,2,478,0,480,0,41,593,0,634,44,0,44,678
10/22/2007,VNY,CA,AWP,WE,Towers with Radar,0,21,93,0,114,0,0,610,0,610,0,21,703,0,724,60,0,60,784
10/23/2007,VNY,CA,AWP,WE,Towers with Radar,0,33,87,0,120,0,0,487,0,487,0,33,574,0,607,120,0,120,727
10/24/2007,VNY,CA,AWP,WE,Towers with Radar,0,38,119,0,157,0,0,563,0,563,0,38,682,0,720,208,0,208,928
10/25/2007,VNY,CA,AWP,WE,Towers with Radar,0,58,117,0,175,0,0,542,0,542,0,58,659,0,717,274,0,274,991
10/26/2007,VNY,CA,AWP,WE,Towers with Radar,0,40,144,1,185,0,0,509,0,509,0,40,653,1,694,310,0,310,1004
10/27/2007,VNY,CA,AWP,WE,Towers with Radar,0,40,108,0,148,0,0,437,0,437,0,40,545,0,585,498,0,498,1083
10/28/2007,VNY,CA,AWP,WE,Towers with Radar,0,33,139,0,172,0,0,546,0,546,0,33,685,0,718,612,0,612,1330
10/29/2007,VNY,CA,AWP,WE,Towers with Radar,0,34,111,1,146,0,5,486,1,492,0,39,597,2,638,260,0,260,898
10/30/2007,VNY,CA,AWP,WE,Towers with Radar,0,30,134,1,165,0,1,588,0,589,0,31,722,1,754,300,0,300,1054
10/31/2007,VNY,CA,AWP,WE,Towers with Radar,0,32,113,0,145,0,0,584,0,584,0,32,697,0,729,256,0,256,985
11/01/2007,VNY,CA,AWP,WE,Towers with Radar,0,66,150,0,216,0,0,632,0,632,0,66,782,0,848,394,0,394,1242
11/02/2007,VNY,CA,AWP,WE,Towers with Radar,0,50,158,0,208,0,0,534,0,534,0,50,692,0,742,228,0,228,970
11/03/2007,VNY,CA,AWP,WE,Towers with Radar,0,30,113,0,143,0,3,558,0,561,0,33,671,0,704,462,0,462,1166
11/04/2007,VNY,CA,AWP,WE,Towers with Radar,0,44,141,0,185,0,2,673,0,675,0,46,814,0,860,476,0,476,1336
11/05/2007,VNY,CA,AWP,WE,Towers with Radar,0,36,99,0,135,0,0,356,0,356,0,36,455,0,491,80,0,80,571
11/06/2007,VNY,CA,AWP,WE,Towers with Radar,0,29,113,0,142,0,2,421,0,423,0,31,534,0,565,164,0,164,729
11/07/2007,VNY,CA,AWP,WE,Towers with Radar,0,35,126,1,162,0,0,476,0,476,0,35,602,1,638,186,0,186,824
11/08/2007,VNY,CA,AWP,WE,Towers with Radar,0,47,193,1,241,0,0,324,0,324,0,47,517,1,565,118,0,118,683
11/09/2007,VNY,CA,AWP,WE,Towers with Radar,0,51,172,0,223,0,0,606,0,606,0,51,778,0,829,364,0,364,1193
11/10/2007,VNY,CA,AWP,WE,Towers with Radar,0,28,99,0,127,0,0,593,0,593,0,28,692,0,720,496,0,496,1216
11/11/2007,VNY,CA,AWP,WE,Towers with Radar,0,62,184,0,246,0,0,331,0,331,0,62,515,0,577,52,0,52,629
11/12/2007,VNY,CA,AWP,WE,Towers with Radar,0,38,119,0,157,0,0,632,0,632,0,38,751,0,789,212,0,212,1001
11/13/2007,VNY,CA,AWP,WE,Towers with Radar,0,34,129,0,163,0,11,653,0,664,0,45,782,0,827,278,0,278,1105
11/14/2007,VNY,CA,AWP,WE,Towers with Radar,0,50,151,2,203,0,11,719,0,730,0,61,870,2,933,256,0,256,1189
11/15/2007,VNY,CA,AWP,WE,Towers with Radar,0,59,183,2,244,0,5,794,0,799,0,64,977,2,1043,242,0,242,1285
11/16/2007,VNY,CA,AWP,WE,Towers with Radar,0,50,165,0,215,0,0,652,0,652,0,50,817,0,867,358,0,358,1225
11/17/2007,VNY,CA,AWP,WE,Towers with Radar,0,35,149,0,184,0,0,598,0,598,0,35,747,0,782,438,0,438,1220
11/18/2007,VNY,CA,AWP,WE,Towers with Radar,0,43,175,0,218,0,0,473,0,473,0,43,648,0,691,356,0,356,1047
11/19/2007,VNY,CA,AWP,WE,Towers with Radar,0,38,137,0,175,0,0,611,0,611,0,38,748,0,786,316,0,316,1102
11/20/2007,VNY,CA,AWP,WE,Towers with Radar,0,66,204,2,272,0,0,608,0,608,0,66,812,2,880,300,0,300,1180
11/21/2007,VNY,CA,AWP,WE,Towers with Radar,0,75,169,0,244,0,0,614,0,614,0,75,783,0,858,184,0,184,1042
11/22/2007,VNY,CA,AWP,WE,Towers with Radar,0,23,51,0,74,0,0,235,0,235,0,23,286,0,309,42,0,42,351
11/23/2007,VNY,CA,AWP,WE,Towers with Radar,0,29,81,0,110,0,0,492,0,492,0,29,573,0,602,200,0,200,802
11/24/2007,VNY,CA,AWP,WE,Towers with Radar,0,32,104,0,136,0,0,636,17,653,0,32,740,17,789,282,0,282,1071
11/25/2007,VNY,CA,AWP,WE,Towers with Radar,0,65,233,0,298,0,0,781,0,781,0,65,1014,0,1079,526,0,526,1605
11/26/2007,VNY,CA,AWP,WE,Towers with Radar,0,38,119,0,157,0,0,668,0,668,0,38,787,0,825,364,0,364,1189
11/27/2007,VNY,CA,AWP,WE,Towers with Radar,0,23,105,0,128,0,0,579,1,580,0,23,684,1,708,250,0,250,958
11/28/2007,VNY,CA,AWP,WE,Towers with Radar,0,34,89,0,123,0,0,522,0,522,0,34,611,0,645,182,0,182,827
11/29/2007,VNY,CA,AWP,WE,Towers with Radar,0,30,121,3,154,0,0,605,0,605,0,30,726,3,759,262,0,262,1021
11/30/2007,VNY,CA,AWP,WE,Towers with Radar,0,36,160,0,196,0,0,388,0,388,0,36,548,0,584,48,0,48,632
12/01/2007,VNY,CA,AWP,WE,Towers with Radar,0,16,102,0,118,0,0,496,0,496,0,16,598,0,614,368,0,368,982
12/02/2007,VNY,CA,AWP,WE,Towers with Radar,0,21,126,0,147,0,13,681,0,694,0,34,807,0,841,448,0,448,1289
12/03/2007,VNY,CA,AWP,WE,Towers with Radar,0,25,126,0,151,0,0,612,0,612,0,25,738,0,763,240,0,240,1003
12/04/2007,VNY,CA,AWP,WE,Towers with Radar,0,32,110,0,142,0,0,526,0,526,0,32,636,0,668,182,0,182,850
12/05/2007,VNY,CA,AWP,WE,Towers with Radar,0,31,126,0,157,0,0,563,0,563,0,31,689,0,720,228,0,228,948
12/06/2007,VNY,CA,AWP,WE,Towers with Radar,0,21,175,0,196,0,0,454,0,454,0,21,629,0,650,202,0,202,852
12/07/2007,VNY,CA,AWP,WE,Towers with Radar,0,32,124,0,156,0,1,456,0,457,0,33,580,0,613,158,0,158,771
12/08/2007,VNY,CA,AWP,WE,Towers with Radar,0,27,93,0,120,0,0,426,0,426,0,27,519,0,546,224,0,224,770
12/09/2007,VNY,CA,AWP,WE,Towers with Radar,0,40,118,0,158,0,1,365,0,366,0,41,483,0,524,110,0,110,634
12/10/2007,VNY,CA,AWP,WE,Towers with Radar,0,32,96,0,128,0,3,532,0,535,0,35,628,0,663,162,0,162,825
12/11/2007,VNY,CA,AWP,WE,Towers with Radar,0,32,103,0,135,0,0,550,0,550,0,32,653,0,685,170,0,170,855
12/12/2007,VNY,CA,AWP,WE,Towers with Radar,0,42,110,0,152,0,0,623,0,623,0,42,733,0,775,348,0,348,1123
12/13/2007,VNY,CA,AWP,WE,Towers with Radar,0,28,115,1,144,0,6,700,4,710,0,34,815,5,854,354,0,354,1208
12/14/2007,VNY,CA,AWP,WE,Towers with Radar,0,51,125,0,176,0,0,622,0,622,0,51,747,0,798,286,0,286,1084
12/15/2007,VNY,CA,AWP,WE,Towers with Radar,0,20,87,0,107,0,2,557,1,560,0,22,644,1,667,424,0,424,1091
12/16/2007,VNY,CA,AWP,WE,Towers with Radar,0,37,92,0,129,0,3,617,0,620,0,40,709,0,749,362,0,362,1111
12/17/2007,VNY,CA,AWP,WE,Towers with Radar,0,33,140,0,173,0,0,578,0,578,0,33,718,0,751,340,0,340,1091
12/18/2007,VNY,CA,AWP,WE,Towers with Radar,0,50,134,0,184,0,0,174,0,174,0,50,308,0,358,20,0,20,378
12/19/2007,VNY,CA,AWP,WE,Towers with Radar,0,47,143,0,190,0,0,488,0,488,0,47,631,0,678,158,0,158,836
12/20/2007,VNY,CA,AWP,WE,Towers with Radar,0,40,176,3,219,0,0,441,3,444,0,40,617,6,663,132,0,132,795
12/21/2007,VNY,CA,AWP,WE,Towers with Radar,0,63,173,0,236,0,0,506,0,506,0,63,679,0,742,184,0,184,926
12/22/2007,VNY,CA,AWP,WE,Towers with Radar,0,59,140,0,199,0,1,505,0,506,0,60,645,0,705,236,0,236,941
12/23/2007,VNY,CA,AWP,WE,Towers with Radar,0,50,94,0,144,0,0,498,0,498,0,50,592,0,642,202,0,202,844
12/24/2007,VNY,CA,AWP,WE,Towers with Radar,0,13,54,0,67,0,0,408,0,408,0,13,462,0,475,158,0,158,633
12/25/2007,VNY,CA,AWP,WE,Towers with Radar,0,43,44,0,87,0,0,200,0,200,0,43,244,0,287,12,0,12,299
12/26/2007,VNY,CA,AWP,WE,Towers with Radar,0,41,138,0,179,0,0,552,0,552,0,41,690,0,731,250,0,250,981
12/27/2007,VNY,CA,AWP,WE,Towers with Radar,0,31,106,0,137,0,0,492,0,492,0,31,598,0,629,134,0,134,763
12/28/2007,VNY,CA,AWP,WE,Towers with Radar,0,43,136,0,179,0,5,608,0,613,0,48,744,0,792,342,0,342,1134
12/29/2007,VNY,CA,AWP,WE,Towers with Radar,0,50,123,0,173,0,0,672,0,672,0,50,795,0,845,340,0,340,1185
12/30/2007,VNY,CA,AWP,WE,Towers with Radar,0,40,114,0,154,0,3,673,0,676,0,43,787,0,830,512,0,512,1342
12/31/2007,VNY,CA,AWP,WE,Towers with Radar,0,29,54,0,83,0,0,440,0,440,0,29,494,0,523,154,0,154,677
01/01/2008,VNY,CA,AWP,WE,Towers with Radar,0,28,124,0,152,0,0,291,0,291,0,28,415,0,443,38,0,38,481
01/02/2008,VNY,CA,AWP,WE,Towers with Radar,0,41,168,0,209,0,0,605,0,605,0,41,773,0,814,226,0,226,1040
01/03/2008,VNY,CA,AWP,WE,Towers with Radar,0,41,134,0,175,0,0,611,0,611,0,41,745,0,786,214,0,214,1000
01/04/2008,VNY,CA,AWP,WE,Towers with Radar,0,49,117,0,166,0,1,222,0,223,0,50,339,0,389,30,0,30,419
01/05/2008,VNY,CA,AWP,WE,Towers with Radar,0,40,141,0,181,0,0,290,0,290,0,40,431,0,471,82,0,82,553
01/06/2008,VNY,CA,AWP,WE,Towers with Radar,0,44,144,0,188,0,3,300,0,303,0,47,444,0,491,178,0,178,669
01/07/2008,VNY,CA,AWP,WE,Towers with Radar,0,43,87,0,130,0,0,597,2,599,0,43,684,2,729,190,0,190,919
01/08/2008,VNY,CA,AWP,WE,Towers with Radar,0,37,125,0,162,0,4,642,0,646,0,41,767,0,808,246,0,246,1054
01/09/2008,VNY,CA,AWP,WE,Towers with Radar,0,38,115,0,153,0,0,528,0,528,0,38,643,0,681,166,0,166,847
01/10/2008,VNY,CA,AWP,WE,Towers with Radar,0,38,125,0,163,0,9,699,0,708,0,47,824,0,871,308,0,308,1179
01/11/2008,VNY,CA,AWP,WE,Towers with Radar,0,42,135,0,177,0,0,560,0,560,0,42,695,0,737,216,0,216,953
01/12/2008,VNY,CA,AWP,WE,Towers with Radar,0,31,90,0,121,0,0,728,0,728,0,31,818,0,849,428,0,428,1277
01/13/2008,VNY,CA,AWP,WE,Towers with Radar,0,46,118,0,164,0,0,703,0,703,0,46,821,0,867,212,0,212,1079
01/14/2008,VNY,CA,AWP,WE,Towers with Radar,0,18,91,0,109,0,2,610,0,612,0,20,701,0,721,224,0,224,945
01/15/2008,VNY,CA,AWP,WE,Towers with Radar,0,30,118,0,148,0,1,781,0,782,0,31,899,0,930,408,0,408,1338
01/16/2008,VNY,CA,AWP,WE,Towers with Radar,0,28,113,0,141,0,0,665,0,665,0,28,778,0,806,352,0,352,1158
01/17/2008,VNY,CA,AWP,WE,Towers with Radar,0,42,122,0,164,0,0,679,0,679,0,42,801,0,843,86,0,86,929
01/18/2008,VNY,CA,AWP,WE,Towers with Radar,0,60,163,1,224,0,0,836,0,836,0,60,999,1,1060,452,0,452,1512
01/19/2008,VNY,CA,AWP,WE,Towers with Radar,0,28,105,0,133,0,0,660,0,660,0,28,765,0,793,522,0,522,1315
01/20/2008,VNY,CA,AWP,WE,Towers with Radar,0,14,117,0,131,0,8,775,0,783,0,22,892,0,914,478,0,478,1392
01/21/2008,VNY,CA,AWP,WE,Towers with Radar,0,45,135,0,180,0,0,530,0,530,0,45,665,0,710,244,0,244,954
01/22/2008,VNY,CA,AWP,WE,Towers with Radar,0,46,126,2,174,0,0,515,0,515,0,46,641,2,689,150,0,150,839
01/23/2008,VNY,CA,AWP,WE,Towers with Radar,0,48,87,0,135,0,0,541,0,541,0,48,628,0,676,142,2,144,820
01/24/2008,VNY,CA,AWP,WE,Towers with Radar,0,43,121,0,164,0,0,426,0,426,0,43,547,0,590,84,0,84,674
01/25/2008,VNY,CA,AWP,WE,Towers with Radar,0,53,136,0,189,0,0,306,0,306,0,53,442,0,495,61,0,61,556
01/26/2008,VNY,CA,AWP,WE,Towers with Radar,0,31,93,0,124,0,0,501,0,501,0,31,594,0,625,305,0,305,930
01/27/2008,VNY,CA,AWP,WE,Towers with Radar,0,43,107,0,150,0,0,180,0,180,0,43,287,0,330,8,0,8,338
01/28/2008,VNY,CA,AWP,WE,Towers with Radar,0,38,99,0,137,0,6,584,0,590,0,44,683,0,727,188,0,188,915
01/29/2008,VNY,CA,AWP,WE,Towers with Radar,0,45,121,0,166,0,1,744,0,745,0,46,865,0,911,260,0,260,1171
01/30/2008,VNY,CA,AWP,WE,Towers with Radar,0,44,74,0,118,0,0,423,0,423,0,44,497,0,541,114,0,114,655
01/31/2008,VNY,CA,AWP,WE,Towers with Radar,0,32,116,8,156,0,0,723,0,723,0,32,839,8,879,316,0,316,1195
02/01/2008,VNY,CA,AWP,WE,Towers with Radar,0,53,194,0,247,0,8,789,0,797,0,61,983,0,1044,440,0,440,1484
02/02/2008,VNY,CA,AWP,WE,Towers with Radar,0,27,106,0,133,0,0,654,0,654,0,27,760,0,787,448,0,448,1235
02/03/2008,VNY,CA,AWP,WE,Towers with Radar,0,65,134,0,199,0,6,164,0,170,0,71,298,0,369,22,0,22,391
02/04/2008,VNY,CA,AWP,WE,Towers with Radar,0,41,110,0,151,0,0,541,0,541,0,41,651,0,692,140,0,140,832
02/05/2008,VNY,CA,AWP,WE,Towers with Radar,0,32,105,0,137,0,4,723,0,727,0,36,828,0,864,354,0,354,1218
02/06/2008,VNY,CA,AWP,WE,Towers with Radar,0,17,128,0,145,0,0,771,0,771,0,17,899,0,916,440,2,442,1358
02/07/2008,VNY,CA,AWP,WE,Towers with Radar,0,38,114,2,154,0,1,781,0,782,0,39,895,2,936,320,0,320,1256
02/08/2008,VNY,CA,AWP,WE,Towers with Radar,0,49,98,0,147,0,1,658,0,659,0,50,756,0,806,296,0,296,1102
02/09/2008,VNY,CA,AWP,WE,Towers with Radar,0,35,88,0,123,0,0,747,0,747,0,35,835,0,870,458,0,458,1328
02/10/2008,VNY,CA,AWP,WE,Towers with Radar,0,44,106,1,151,0,0,817,0,817,0,44,923,1,968,340,0,340,1308
02/11/2008,VNY,CA,AWP,WE,Towers with Radar,0,52,110,0,162,0,1,769,0,770,0,53,879,0,932,338,0,338,1270
02/12/2008,VNY,CA,AWP,WE,Towers with Radar,0,42,118,0,160,0,0,800,1,801,0,42,918,1,961,330,0,330,1291
02/13/2008,VNY,CA,AWP,WE,Towers with Radar,0,42,165,0,207,0,0,644,0,644,0,42,809,0,851,272,0,272,1123
02/14/2008,VNY,CA,AWP,WE,Towers with Radar,0,34,127,0,161,0,6,557,5,568,0,40,684,5,729,68,0,68,797
02/15/2008,VNY,CA,AWP,WE,Towers with Radar,0,57,149,0,206,0,5,629,0,634,0,62,778,0,840,262,0,262,1102
02/16/2008,VNY,CA,AWP,WE,Towers with Radar,0,19,80,0,99,0,0,743,0,743,0,19,823,0,842,498,2,500,1342
02/17/2008,VNY,CA,AWP,WE,Towers with Radar,0,22,114,0,136,0,3,775,0,778,0,25,889,0,914,490,0,490,1404
02/18/2008,VNY,CA,AWP,WE,Towers with Radar,0,56,183,0,239,0,4,752,0,756,0,60,935,0,995,434,0,434,1429
02/19/2008,VNY,CA,AWP,WE,Towers with Radar,0,41,156,0,197,0,10,427,0,437,0,51,583,0,634,132,0,132,766
02/20/2008,VNY,CA,AWP,WE,Towers with Radar,0,36,149,0,185,0,0,251,0,251,0,36,400,0,436,104,6,110,546
02/21/2008,VNY,CA,AWP,WE,Towers with Radar,0,37,144,0,181,0,0,552,0,552,0,37,696,0,733,238,0,238,971
02/22/2008,VNY,CA,AWP,WE,Towers with Radar,0,30,113,0,143,0,13,504,0,517,0,43,617,0,660,176,0,176,836
02/23/2008,VNY,CA,AWP,WE,Towers with Radar,0,33,106,0,139,0,2,639,0,641,0,35,745,0,780,338,0,338,1118
02/24/2008,VNY,CA,AWP,WE,Towers with Radar,0,42,164,4,210,0,0,445,0,445,0,42,609,4,655,166,0,166,821
02/25/2008,VNY,CA,AWP,WE,Towers with Radar,0,30,121,0,151,0,2,724,1,727,0,32,845,1,878,316,0,316,1194
02/26/2008,VNY,CA,AWP,WE,Towers with Radar,0,30,97,0,127,0,4,783,0,787,0,34,880,0,914,278,0,278,1192
02/27/2008,VNY,CA,AWP,WE,Towers with Radar,0,36,119,0,155,0,0,851,0,851,0,36,970,0,1006,396,0,396,1402
02/28/2008,VNY,CA,AWP,WE,Towers with Radar,0,53,133,1,187,0,0,785,0,785,0,53,918,1,972,464,0,464,1436
02/29/2008,VNY,CA,AWP,WE,Towers with Radar,0,39,140,0,179,0,0,472,0,472,0,39,612,0,651,268,0,268,919
03/01/2008,VNY,CA,AWP,WE,Towers with Radar,0,14,165,0,179,0,0,314,0,314,0,14,479,0,493,142,0,142,635
03/02/2008,VNY,CA,AWP,WE,Towers with Radar,0,43,110,0,153,0,3,455,0,458,0,46,565,0,611,142,6,148,759
03/03/2008,VNY,CA,AWP,WE,Towers with Radar,0,33,86,0,119,0,0,607,0,607,0,33,693,0,726,234,0,234,960
03/04/2008,VNY,CA,AWP,WE,Towers with Radar,0,46,106,0,152,0,7,866,5,878,0,53,972,5,1030,441,0,441,1471
03/05/2008,VNY,CA,AWP,WE,Towers with Radar,0,45,127,0,172,0,5,714,0,719,0,50,841,0,891,284,0,284,1175
03/06/2008,VNY,CA,AWP,WE,Towers with Radar,0,50,143,0,193,0,0,742,0,742,0,50,885,0,935,296,0,296,1231
03/07/2008,VNY,CA,AWP,WE,Towers with Radar,0,48,138,0,186,0,0,637,0,637,0,48,775,0,823,395,0,395,1218
03/08/2008,VNY,CA,AWP,WE,Towers with Radar,0,31,97,0,128,0,0,680,0,680,0,31,777,0,808,436,0,436,1244
03/09/2008,VNY,CA,AWP,WE,Towers with Radar,0,61,127,0,188,0,0,638,0,638,0,61,765,0,826,278,0,278,1104
03/10/2008,VNY,CA,AWP,WE,Towers with Radar,0,38,104,0,142,0,3,751,0,754,0,41,855,0,896,278,0,278,1174
03/11/2008,VNY,CA,AWP,WE,Towers with Radar,0,21,108,0,129,0,0,724,0,724,0,21,832,0,853,414,0,414,1267
03/12/2008,VNY,CA,AWP,WE,Towers with Radar,0,31,123,0,154,0,0,654,0,654,0,31,777,0,808,321,0,321,1129
03/13/2008,VNY,CA,AWP,WE,Towers with Radar,0,42,152,0,194,0,0,717,0,717,0,42,869,0,911,294,2,296,1207
03/14/2008,VNY,CA,AWP,WE,Towers with Radar,0,35,135,0,170,0,5,588,0,593,0,40,723,0,763,340,2,342,1105
03/15/2008,VNY,CA,AWP,WE,Towers with Radar,0,23,78,0,101,0,0,419,0,419,0,23,497,0,520,285,0,285,805
03/16/2008,VNY,CA,AWP,WE,Towers with Radar,0,38,139,0,177,0,4,599,0,603,0,42,738,0,780,250,0,250,1030
03/17/2008,VNY,CA,AWP,WE,Towers with Radar,0,46,65,4,115,0,0,752,2,754,0,46,817,6,869,260,1,261,1130
03/18/2008,VNY,CA,AWP,WE,Towers with Radar,0,36,124,2,162,0,2,797,0,799,0,38,921,2,961,336,0,336,1297
03/19/2008,VNY,CA,AWP,WE,Towers with Radar,0,39,120,6,165,0,0,934,0,934,0,39,1054,6,1099,560,0,560,1659
03/20/2008,VNY,CA,AWP,WE,Towers with Radar,0,33,147,0,180,0,4,693,0,697,0,37,840,0,877,270,0,270,1147
03/21/2008,VNY,CA,AWP,WE,Towers with Radar,0,36,121,0,157,0,7,631,0,638,0,43,752,0,795,220,0,220,1015
03/22/2008,VNY,CA,AWP,WE,Towers with Radar,0,21,99,0,120,0,3,680,1,684,0,24,779,1,804,401,0,401,1205
03/23/2008,VNY,CA,AWP,WE,Towers with Radar,0,47,98,0,145,0,3,722,0,725,0,50,820,0,870,310,0,310,1180
03/24/2008,VNY,CA,AWP,WE,Towers with Radar,0,48,109,1,158,0,0,809,0,809,0,48,918,1,967,430,0,430,1397
03/25/2008,VNY,CA,AWP,WE,Towers with Radar,0,37,116,0,153,0,3,698,2,703,0,40,814,2,856,465,0,465,1321
03/26/2008,VNY,CA,AWP,WE,Towers with Radar,0,45,137,0,182,0,0,761,0,761,0,45,898,0,943,344,0,344,1287
03/27/2008,VNY,CA,AWP,WE,Towers with Radar,0,58,126,0,184,0,0,795,0,795,0,58,921,0,979,234,0,234,1213
03/28/2008,VNY,CA,AWP,WE,Towers with Radar,0,36,138,0,174,0,0,854,0,854,0,36,992,0,1028,464,0,464,1492
03/29/2008,VNY,CA,AWP,WE,Towers with Radar,0,35,149,0,184,0,7,479,0,486,0,42,628,0,670,537,0,537,1207
03/30/2008,VNY,CA,AWP,WE,Towers with Radar,0,51,176,0,227,0,4,464,0,468,0,55,640,0,695,240,0,240,935
03/31/2008,VNY,CA,AWP,WE,Towers with Radar,0,42,100,0,142,0,0,782,0,782,0,42,882,0,924,364,0,364,1288
04/01/2008,VNY,CA,AWP,WE,Towers with Radar,0,29,110,0,139,0,1,699,0,700,0,30,809,0,839,418,0,418,1257
04/02/2008,VNY,CA,AWP,WE,Towers with Radar,0,33,124,1,158,0,0,665,0,665,0,33,789,1,823,230,0,230,1053
04/03/2008,VNY,CA,AWP,WE,Towers with Radar,0,24,143,1,168,0,6,728,0,734,0,30,871,1,902,324,0,324,1226
04/04/2008,VNY,CA,AWP,WE,Towers with Radar,0,36,184,0,220,0,11,704,0,715,0,47,888,0,935,476,0,476,1411
04/05/2008,VNY,CA,AWP,WE,Towers with Radar,0,33,136,0,169,0,0,677,0,677,0,33,813,0,846,544,0,544,1390
04/06/2008,VNY,CA,AWP,WE,Towers with Radar,0,41,132,0,173,0,0,713,0,713,0,41,845,0,886,466,0,466,1352
04/07/2008,VNY,CA,AWP,WE,Towers with Radar,0,31,84,0,115,0,0,770,0,770,0,31,854,0,885,438,0,438,1323
04/08/2008,VNY,CA,AWP,WE,Towers with Radar,0,29,119,0,148,0,3,730,2,735,0,32,849,2,883,424,0,424,1307
04/09/2008,VNY,CA,AWP,WE,Towers with Radar,0,16,124,1,141,0,0,695,0,695,0,16,819,1,836,280,0,280,1116
04/10/2008,VNY,CA,AWP,WE,Towers with Radar,0,22,153,0,175,0,7,773,0,780,0,29,926,0,955,370,0,370,1325
04/11/2008,VNY,CA,AWP,WE,Towers with Radar,0,30,138,0,168,0,2,722,0,724,0,32,860,0,892,394,0,394,1286
04/12/2008,VNY,CA,AWP,WE,Towers with Radar,0,17,100,0,117,0,0,650,0,650,0,17,750,0,767,637,0,637,1404
04/13/2008,VNY,CA,AWP,WE,Towers with Radar,0,30,114,0,144,0,3,633,0,636,0,33,747,0,780,474,0,474,1254
04/14/2008,VNY,CA,AWP,WE,Towers with Radar,0,37,90,1,128,0,0,749,1,750,0,37,839,2,878,360,0,360,1238
04/15/2008,VNY,CA,AWP,WE,Towers with Radar,0,0,3,0,3,0,25,127,1,153,0,25,130,1,156,0,0,0,156
04/16/2008,VNY,CA,AWP,WE,Towers with Radar,0,33,109,0,142,0,0,884,0,884,0,33,993,0,1026,500,0,500,1526
04/17/2008,VNY,CA,AWP,WE,Towers with Radar,0,32,135,1,168,0,0,791,0,791,0,32,926,1,959,446,0,446,1405
04/18/2008,VNY,CA,AWP,WE,Towers with Radar,0,45,150,0,195,0,2,727,0,729,0,47,877,0,924,376,0,376,1300
04/19/2008,VNY,CA,AWP,WE,Towers with Radar,0,21,125,2,148,0,0,491,0,491,0,21,616,2,639,370,0,370,1009
04/20/2008,VNY,CA,AWP,WE,Towers with Radar,0,32,136,1,169,0,0,600,0,600,0,32,736,1,769,348,0,348,1117
04/21/2008,VNY,CA,AWP,WE,Towers with Radar,0,40,95,1,136,0,0,652,0,652,0,40,747,1,788,378,0,378,1166
04/22/2008,VNY,CA,AWP,WE,Towers with Radar,0,22,107,0,129,0,4,738,0,742,0,26,845,0,871,350,0,350,1221
04/23/2008,VNY,CA,AWP,WE,Towers with Radar,0,35,124,0,159,0,0,719,0,719,0,35,843,0,878,384,2,386,1264
04/24/2008,VNY,CA,AWP,WE,Towers with Radar,0,41,120,2,163,0,4,761,0,765,0,45,881,2,928,318,0,318,1246
04/25/2008,VNY,CA,AWP,WE,Towers with Radar,0,29,3,0,32,0,0,762,6,768,0,29,765,6,800,306,0,306,1106
04/26/2008,VNY,CA,AWP,WE,Towers with Radar,0,22,86,0,108,0,0,624,0,624,0,22,710,0,732,218,0,218,950
04/27/2008,VNY,CA,AWP,WE,Towers with Radar,0,33,126,0,159,0,2,703,0,705,0,35,829,0,864,348,0,348,1212
04/28/2008,VNY,CA,AWP,WE,Towers with Radar,0,53,90,0,143,0,0,720,0,720,0,53,810,0,863,294,0,294,1157
04/29/2008,VNY,CA,AWP,WE,Towers with Radar,0,25,97,0,122,0,0,723,0,723,0,25,820,0,845,538,0,538,1383
04/30/2008,VNY,CA,AWP,WE,Towers with Radar,0,35,139,0,174,0,2,784,0,786,0,37,923,0,960,390,1,391,1351
05/01/2008,VNY,CA,AWP,WE,Towers with Radar,0,41,171,0,212,0,0,704,0,704,0,41,875,0,916,460,0,460,1376
05/02/2008,VNY,CA,AWP,WE,Towers with Radar,0,36,151,0,187,0,0,737,0,737,0,36,888,0,924,448,0,448,1372
05/03/2008,VNY,CA,AWP,WE,Towers with Radar,0,21,105,0,126,0,0,595,0,595,0,21,700,0,721,460,0,460,1181
05/04/2008,VNY,CA,AWP,WE,Towers with Radar,0,35,167,0,202,0,0,606,0,606,0,35,773,0,808,442,0,442,1250
05/05/2008,VNY,CA,AWP,WE,Towers with Radar,0,42,114,0,156,0,0,667,0,667,0,42,781,0,823,326,0,326,1149
05/06/2008,VNY,CA,AWP,WE,Towers with Radar,0,19,162,0,181,0,0,606,0,606,0,19,768,0,787,300,0,300,1087
05/07/2008,VNY,CA,AWP,WE,Towers with Radar,0,29,177,2,208,0,0,623,1,624,0,29,800,3,832,358,0,358,1190
05/08/2008,VNY,CA,AWP,WE,Towers with Radar,0,40,152,0,192,0,0,741,0,741,0,40,893,0,933,422,0,422,1355
05/09/2008,VNY,CA,AWP,WE,Towers with Radar,0,29,225,0,254,0,8,458,0,466,0,37,683,0,720,180,0,180,900
05/10/2008,VNY,CA,AWP,WE,Towers with Radar,0,18,113,0,131,0,0,545,0,545,0,18,658,0,676,344,0,344,1020
05/11/2008,VNY,CA,AWP,WE,Towers with Radar,0,43,146,0,189,0,3,463,1,467,0,46,609,1,656,224,0,224,880
05/12/2008,VNY,CA,AWP,WE,Towers with Radar,0,32,138,0,170,0,0,484,0,484,0,32,622,0,654,324,0,324,978
05/13/2008,VNY,CA,AWP,WE,Towers with Radar,0,30,107,0,137,0,0,669,0,669,0,30,776,0,806,404,0,404,1210
05/14/2008,VNY,CA,AWP,WE,Towers with Radar,0,28,162,0,190,0,2,686,0,688,0,30,848,0,878,454,0,454,1332
05/15/2008,VNY,CA,AWP,WE,Towers with Radar,0,48,146,0,194,0,0,733,0,733,0,48,879,0,927,276,0,276,1203
05/16/2008,VNY,CA,AWP,WE,Towers with Radar,0,34,148,0,182,0,0,684,0,684,0,34,832,0,866,386,4,390,1256
05/17/2008,VNY,CA,AWP,WE,Towers with Radar,0,24,101,2,127,0,0,731,0,731,0,24,832,2,858,422,0,422,1280
05/18/2008,VNY,CA,AWP,WE,Towers with Radar,0,50,122,2,174,0,4,792,0,796,0,54,914,2,970,524,0,524,1494
05/19/2008,VNY,CA,AWP,WE,Towers with Radar,0,49,104,0,153,0,0,589,4,593,0,49,693,4,746,184,0,184,930
05/20/2008,VNY,CA,AWP,WE,Towers with Radar,0,29,113,0,142,0,0,594,2,596,0,29,707,2,738,404,0,404,1142
05/21/2008,VNY,CA,AWP,WE,Towers with Radar,0,31,119,2,152,0,0,574,3,577,0,31,693,5,729,166,0,166,895
05/22/2008,VNY,CA,AWP,WE,Towers with Radar,0,46,146,0,192,0,7,614,0,621,0,53,760,0,813,298,0,298,1111
05/23/2008,VNY,CA,AWP,WE,Towers with Radar,0,30,155,0,185,0,0,358,0,358,0,30,513,0,543,172,0,172,715
05/24/2008,VNY,CA,AWP,WE,Towers with Radar,0,23,112,0,135,0,6,586,0,592,0,29,698,0,727,466,0,466,1193
05/25/2008,VNY,CA,AWP,WE,Towers with Radar,0,19,75,0,94,0,3,513,4,520,0,22,588,4,614,398,0,398,1012
05/26/2008,VNY,CA,AWP,WE,Towers with Radar,0,40,147,0,187,0,0,804,0,804,0,40,951,0,991,569,0,569,1560
05/27/2008,VNY,CA,AWP,WE,Towers with Radar,0,44,93,0,137,0,0,722,0,722,0,44,815,0,859,298,0,298,1157
05/28/2008,VNY,CA,AWP,WE,Towers with Radar,0,44,105,0,149,0,0,770,6,776,0,44,875,6,925,580,0,580,1505
05/29/2008,VNY,CA,AWP,WE,Towers with Radar,0,33,136,0,169,0,0,745,2,747,0,33,881,2,916,536,0,536,1452
05/30/2008,VNY,CA,AWP,WE,Towers with Radar,0,24,142,0,166,0,0,839,0,839,0,24,981,0,1005,381,0,381,1386
05/31/2008,VNY,CA,AWP,WE,Towers with Radar,0,13,94,0,107,0,0,649,0,649,0,13,743,0,756,436,0,436,1192
06/01/2008,VNY,CA,AWP,WE,Towers with Radar,0,32,110,0,142,0,0,724,0,724,0,32,834,0,866,428,0,428,1294
06/02/2008,VNY,CA,AWP,WE,Towers with Radar,0,25,114,0,139,0,13,701,2,716,0,38,815,2,855,442,0,442,1297
06/03/2008,VNY,CA,AWP,WE,Towers with Radar,0,24,112,0,136,0,0,623,0,623,0,24,735,0,759,358,0,358,1117
06/04/2008,VNY,CA,AWP,WE,Towers with Radar,0,25,130,0,155,0,0,632,0,632,0,25,762,0,787,284,0,284,1071
06/05/2008,VNY,CA,AWP,WE,Towers with Radar,0,28,124,0,152,0,0,640,2,642,0,28,764,2,794,372,0,372,1166
06/06/2008,VNY,CA,AWP,WE,Towers with Radar,0,24,120,0,144,0,0,730,2,732,0,24,850,2,876,354,0,354,1230
06/07/2008,VNY,CA,AWP,WE,Towers with Radar,0,21,88,0,109,0,4,684,0,688,0,25,772,0,797,541,0,541,1338
06/08/2008,VNY,CA,AWP,WE,Towers with Radar,0,24,117,0,141,0,7,615,0,622,0,31,732,0,763,402,0,402,1165
06/09/2008,VNY,CA,AWP,WE,Towers with Radar,0,33,103,2,138,0,0,715,0,715,0,33,818,2,853,438,0,438,1291
06/10/2008,VNY,CA,AWP,WE,Towers with Radar,0,27,127,0,154,0,0,442,0,442,0,27,569,0,596,250,0,250,846
06/11/2008,VNY,CA,AWP,WE,Towers with Radar,0,27,135,0,162,0,16,662,0,678,0,43,797,0,840,424,0,424,1264
06/12/2008,VNY,CA,AWP,WE,Towers with Radar,0,32,152,0,184,0,0,746,0,746,0,32,898,0,930,372,0,372,1302
06/13/2008,VNY,CA,AWP,WE,Towers with Radar,0,26,155,0,181,0,0,741,0,741,0,26,896,0,922,460,0,460,1382
06/14/2008,VNY,CA,AWP,WE,Towers with Radar,0,31,111,0,142,0,0,720,0,720,0,31,831,0,862,542,0,542,1404
06/15/2008,VNY,CA,AWP,WE,Towers with Radar,0,36,134,0,170,0,0,779,0,779,0,36,913,0,949,404,0,404,1353
06/16/2008,VNY,CA,AWP,WE,Towers with Radar,0,20,115,0,135,0,0,591,0,591,0,20,706,0,726,456,0,456,1182
06/17/2008,VNY,CA,AWP,WE,Towers with Radar,0,21,118,0,139,0,0,727,0,727,0,21,845,0,866,324,0,324,1190
06/18/2008,VNY,CA,AWP,WE,Towers with Radar,0,39,111,0,150,0,6,647,0,653,0,45,758,0,803,232,0,232,1035
06/19/2008,VNY,CA,AWP,WE,Towers with Radar,0,26,106,0,132,0,0,576,0,576,0,26,682,0,708,164,0,164,872
06/20/2008,VNY,CA,AWP,WE,Towers with Radar,0,19,111,0,130,0,1,710,8,719,0,20,821,8,849,350,0,350,1199
06/21/2008,VNY,CA,AWP,WE,Towers with Radar,0,13,91,0,104,0,4,567,0,571,0,17,658,0,675,288,0,288,963
06/22/2008,VNY,CA,AWP,WE,Towers with Radar,0,33,131,0,164,0,4,652,0,656,0,37,783,0,820,350,0,350,1170
06/23/2008,VNY,CA,AWP,WE,Towers with Radar,0,24,103,0,127,0,0,638,0,638,0,24,741,0,765,370,0,370,1135
06/24/2008,VNY,CA,AWP,WE,Towers with Radar,0,36,107,0,143,0,0,712,0,712,0,36,819,0,855,510,0,510,1365
06/25/2008,VNY,CA,AWP,WE,Towers with Radar,0,37,128,0,165,0,0,684,0,684,0,37,812,0,849,420,0,420,1269
06/26/2008,VNY,CA,AWP,WE,Towers with Radar,0,30,119,0,149,0,0,637,0,637,0,30,756,0,786,304,0,304,1090
06/27/2008,VNY,CA,AWP,WE,Towers with Radar,0,40,140,0,180,0,0,711,0,711,0,40,851,0,891,526,0,526,1417
06/28/2008,VNY,CA,AWP,WE,Towers with Radar,0,26,97,0,123,0,0,707,0,707,0,26,804,0,830,470,0,470,1300
06/29/2008,VNY,CA,AWP,WE,Towers with Radar,0,36,114,0,150,0,0,754,0,754,0,36,868,0,904,442,0,442,1346
06/30/2008,VNY,CA,AWP,WE,Towers with Radar,0,29,97,0,126,0,0,625,0,625,0,29,722,0,751,235,0,235,986
07/01/2008,VNY,CA,AWP,WE,Towers with Radar,0,24,117,0,141,0,0,591,0,591,0,24,708,0,732,358,0,358,1090
07/02/2008,VNY,CA,AWP,WE,Towers with Radar,0,34,115,0,149,0,0,676,0,676,0,34,791,0,825,398,0,398,1223
07/03/2008,VNY,CA,AWP,WE,Towers with Radar,0,27,108,1,136,0,0,660,0,660,0,27,768,1,796,424,0,424,1220
07/04/2008,VNY,CA,AWP,WE,Towers with Radar,0,16,52,0,68,0,0,398,0,398,0,16,450,0,466,226,0,226,692
07/05/2008,VNY,CA,AWP,WE,Towers with Radar,0,22,64,0,86,0,0,387,0,387,0,22,451,0,473,248,0,248,721
07/06/2008,VNY,CA,AWP,WE,Towers with Radar,0,40,123,0,163,0,0,584,0,584,0,40,707,0,747,350,0,350,1097
07/07/2008,VNY,CA,AWP,WE,Towers with Radar,0,31,99,0,130,0,0,543,0,543,0,31,642,0,673,194,0,194,867
07/08/2008,VNY,CA,AWP,WE,Towers with Radar,0,21,144,2,167,0,0,437,0,437,0,21,581,2,604,220,0,220,824
07/09/2008,VNY,CA,AWP,WE,Towers with Radar,0,29,125,0,154,0,0,432,0,432,0,29,557,0,586,148,0,148,734
07/10/2008,VNY,CA,AWP,WE,Towers with Radar,0,27,126,0,153,0,0,504,0,504,0,27,630,0,657,292,0,292,949
07/11/2008,VNY,CA,AWP,WE,Towers with Radar,0,18,133,0,151,0,0,621,0,621,0,18,754,0,772,440,0,440,1212
07/12/2008,VNY,CA,AWP,WE,Towers with Radar,0,11,90,0,101,0,0,650,0,650,0,11,740,0,751,562,0,562,1313
07/13/2008,VNY,CA,AWP,WE,Towers with Radar,0,29,134,0,163,0,0,538,0,538,0,29,672,0,701,346,0,346,1047
07/14/2008,VNY,CA,AWP,WE,Towers with Radar,0,20,93,0,113,0,0,580,0,580,0,20,673,0,693,424,0,424,1117
07/15/2008,VNY,CA,AWP,WE,Towers with Radar,0,14,106,0,120,0,0,531,0,531,0,14,637,0,651,440,0,440,1091
07/16/2008,VNY,CA,AWP,WE,Towers with Radar,0,28,104,0,132,0,0,622,1,623,0,28,726,1,755,382,0,382,1137
07/17/2008,VNY,CA,AWP,WE,Towers with Radar,0,37,158,1,196,0,0,464,0,464,0,37,622,1,660,302,0,302,962
07/18/2008,VNY,CA,AWP,WE,Towers with Radar,0,31,140,0,171,0,0,625,0,625,0,31,765,0,796,574,0,574,1370
07/19/2008,VNY,CA,AWP,WE,Towers with Radar,0,26,109,1,136,0,0,573,0,573,0,26,682,1,709,536,0,536,1245
07/20/2008,VNY,CA,AWP,WE,Towers with Radar,0,30,154,1,185,0,0,538,0,538,0,30,692,1,723,332,0,332,1055
07/21/2008,VNY,CA,AWP,WE,Towers with Radar,0,24,88,0,112,0,0,376,0,376,0,24,464,0,488,268,0,268,756
07/22/2008,VNY,CA,AWP,WE,Towers with Radar,0,18,112,0,130,0,0,480,0,480,0,18,592,0,610,382,0,382,992
07/23/2008,VNY,CA,AWP,WE,Towers with Radar,0,22,116,0,138,0,0,465,2,467,0,22,581,2,605,466,0,466,1071
07/24/2008,VNY,CA,AWP,WE,Towers with Radar,0,28,140,0,168,0,0,438,0,438,0,28,578,0,606,266,0,266,872
07/25/2008,VNY,CA,AWP,WE,Towers with Radar,0,36,125,0,161,0,0,587,0,587,0,36,712,0,748,482,0,482,1230
07/26/2008,VNY,CA,AWP,WE,Towers with Radar,0,32,113,0,145,0,0,620,0,620,0,32,733,0,765,460,0,460,1225
07/27/2008,VNY,CA,AWP,WE,Towers with Radar,0,30,158,0,188,0,0,479,0,479,0,30,637,0,667,456,0,456,1123
07/28/2008,VNY,CA,AWP,WE,Towers with Radar,0,25,133,0,158,0,0,503,1,504,0,25,636,1,662,238,0,238,900
07/29/2008,VNY,CA,AWP,WE,Towers with Radar,0,29,115,0,144,0,0,512,0,512,0,29,627,0,656,368,0,368,1024
07/30/2008,VNY,CA,AWP,WE,Towers with Radar,0,32,112,0,144,0,0,480,0,480,0,32,592,0,624,198,0,198,822
07/31/2008,VNY,CA,AWP,WE,Towers with Radar,0,25,148,0,173,0,0,397,0,397,0,25,545,0,570,246,0,246,816
08/01/2008,VNY,CA,AWP,WE,Towers with Radar,0,13,108,0,121,0,0,536,0,536,0,13,644,0,657,272,0,272,929
08/02/2008,VNY,CA,AWP,WE,Towers with Radar,0,15,78,0,93,0,0,523,0,523,0,15,601,0,616,404,0,404,1020
08/03/2008,VNY,CA,AWP,WE,Towers with Radar,0,26,110,0,136,0,0,541,0,541,0,26,651,0,677,356,0,356,1033
08/04/2008,VNY,CA,AWP,WE,Towers with Radar,0,20,91,0,111,0,0,542,0,542,0,20,633,0,653,306,0,306,959
08/05/2008,VNY,CA,AWP,WE,Towers with Radar,0,11,105,0,116,0,0,543,0,543,0,11,648,0,659,338,0,338,997
08/06/2008,VNY,CA,AWP,WE,Towers with Radar,0,26,76,2,104,0,0,575,0,575,0,26,651,2,679,302,0,302,981
08/07/2008,VNY,CA,AWP,WE,Towers with Radar,0,18,103,0,121,0,0,464,0,464,0,18,567,0,585,294,0,294,879
08/08/2008,VNY,CA,AWP,WE,Towers with Radar,0,34,146,0,180,0,0,492,0,492,0,34,638,0,672,268,0,268,940
08/09/2008,VNY,CA,AWP,WE,Towers with Radar,0,18,87,0,105,0,0,527,0,527,0,18,614,0,632,366,0,366,998
08/10/2008,VNY,CA,AWP,WE,Towers with Radar,0,43,111,0,154,0,0,504,0,504,0,43,615,0,658,236,0,236,894
08/11/2008,VNY,CA,AWP,WE,Towers with Radar,0,14,95,0,109,0,0,480,0,480,0,14,575,0,589,332,0,332,921
08/12/2008,VNY,CA,AWP,WE,Towers with Radar,0,22,99,1,122,0,0,490,2,492,0,22,589,3,614,272,0,272,886
08/13/2008,VNY,CA,AWP,WE,Towers with Radar,0,26,126,0,152,0,0,636,2,638,0,26,762,2,790,242,0,242,1032
08/14/2008,VNY,CA,AWP,WE,Towers with Radar,0,31,139,0,170,0,0,515,0,515,0,31,654,0,685,296,0,296,981
08/15/2008,VNY,CA,AWP,WE,Towers with Radar,0,28,103,0,131,0,0,578,0,578,0,28,681,0,709,366,0,366,1075
08/16/2008,VNY,CA,AWP,WE,Towers with Radar,0,23,100,0,123,0,0,581,0,581,0,23,681,0,704,402,0,402,1106
08/17/2008,VNY,CA,AWP,WE,Towers with Radar,0,41,137,0,178,0,0,692,0,692,0,41,829,0,870,430,0,430,1300
08/18/2008,VNY,CA,AWP,WE,Towers with Radar,0,21,115,1,137,0,0,578,0,578,0,21,693,1,715,396,0,396,1111
08/19/2008,VNY,CA,AWP,WE,Towers with Radar,0,24,100,0,124,0,0,651,0,651,0,24,751,0,775,468,0,468,1243
08/20/2008,VNY,CA,AWP,WE,Towers with Radar,0,24,119,0,143,0,0,533,0,533,0,24,652,0,676,496,0,496,1172
08/21/2008,VNY,CA,AWP,WE,Towers with Radar,0,43,131,0,174,0,0,582,0,582,0,43,713,0,756,304,0,304,1060
08/22/2008,VNY,CA,AWP,WE,Towers with Radar,0,26,116,0,142,0,0,590,0,590,0,26,706,0,732,312,0,312,1044
08/23/2008,VNY,CA,AWP,WE,Towers with Radar,0,25,113,0,138,0,0,480,0,480,0,25,593,0,618,338,0,338,956
08/24/2008,VNY,CA,AWP,WE,Towers with Radar,0,39,131,0,170,0,0,572,0,572,0,39,703,0,742,374,0,374,1116
08/25/2008,VNY,CA,AWP,WE,Towers with Radar,0,13,123,7,143,0,0,439,0,439,0,13,562,7,582,280,0,280,862
08/26/2008,VNY,CA,AWP,WE,Towers with Radar,0,25,100,0,125,0,0,599,0,599,0,25,699,0,724,302,0,302,1026
08/27/2008,VNY,CA,AWP,WE,Towers with Radar,0,33,131,3,167,0,0,443,0,443,0,33,574,3,610,288,0,288,898
08/28/2008,VNY,CA,AWP,WE,Towers with Radar,0,28,158,2,188,0,0,429,0,429,0,28,587,2,617,210,0,210,827
08/29/2008,VNY,CA,AWP,WE,Towers with Radar,0,22,146,0,168,0,0,526,0,526,0,22,672,0,694,382,0,382,1076
08/30/2008,VNY,CA,AWP,WE,Towers with Radar,0,16,76,0,92,0,0,544,0,544,0,16,620,0,636,450,0,450,1086
08/31/2008,VNY,CA,AWP,WE,Towers with Radar,0,18,88,0,106,0,0,554,0,554,0,18,642,0,660,316,0,316,976
09/01/2008,VNY,CA,AWP,WE,Towers with Radar,0,47,120,0,167,0,0,695,0,695,0,47,815,0,862,482,2,484,1346
09/02/2008,VNY,CA,AWP,WE,Towers with Radar,0,27,101,0,128,0,0,482,0,482,0,27,583,0,610,362,0,362,972
09/03/2008,VNY,CA,AWP,WE,Towers with Radar,0,25,93,0,118,0,0,506,1,507,0,25,599,1,625,198,0,198,823
09/04/2008,VNY,CA,AWP,WE,Towers with Radar,0,20,108,0,128,0,0,590,0,590,0,20,698,0,718,264,0,264,982
09/05/2008,VNY,CA,AWP,WE,Towers with Radar,0,36,109,0,145,0,0,581,0,581,0,36,690,0,726,342,0,342,1068
09/06/2008,VNY,CA,AWP,WE,Towers with Radar,0,16,82,0,98,0,0,524,1,525,0,16,606,1,623,448,8,456,1079
09/07/2008,VNY,CA,AWP,WE,Towers with Radar,0,36,119,0,155,0,0,615,0,615,0,36,734,0,770,452,0,452,1222
09/08/2008,VNY,CA,AWP,WE,Towers with Radar,0,19,99,0,118,0,0,408,0,408,0,19,507,0,526,172,0,172,698
09/09/2008,VNY,CA,AWP,WE,Towers with Radar,0,17,103,0,120,0,0,478,4,482,0,17,581,4,602,234,0,234,836
09/10/2008,VNY,CA,AWP,WE,Towers with Radar,0,25,117,0,142,0,0,457,0,457,0,25,574,0,599,242,2,244,843
09/11/2008,VNY,CA,AWP,WE,Towers with Radar,0,32,132,0,164,0,0,507,0,507,0,32,639,0,671,262,0,262,933
09/12/2008,VNY,CA,AWP,WE,Towers with Radar,0,27,181,0,208,0,0,520,0,520,0,27,701,0,728,306,0,306,1034
09/13/2008,VNY,CA,AWP,WE,Towers with Radar,0,16,139,0,155,0,0,508,0,508,0,16,647,0,663,362,0,362,1025
09/14/2008,VNY,CA,AWP,WE,Towers with Radar,0,36,153,0,189,0,0,375,0,375,0,36,528,0,564,248,0,248,812
09/15/2008,VNY,CA,AWP,WE,Towers with Radar,0,15,106,0,121,0,0,536,0,536,0,15,642,0,657,266,0,266,923
09/16/2008,VNY,CA,AWP,WE,Towers with Radar,0,29,119,0,148,0,0,587,1,588,0,29,706,1,736,432,0,432,1168
09/17/2008,VNY,CA,AWP,WE,Towers with Radar,0,22,124,0,146,0,0,544,0,544,0,22,668,0,690,402,0,402,1092
09/18/2008,VNY,CA,AWP,WE,Towers with Radar,0,36,105,0,141,0,0,519,0,519,0,36,624,0,660,332,0,332,992
09/19/2008,VNY,CA,AWP,WE,Towers with Radar,0,36,138,1,175,0,0,757,0,757,0,36,895,1,932,404,0,404,1336
09/20/2008,VNY,CA,AWP,WE,Towers with Radar,0,12,95,0,107,0,0,564,0,564,0,12,659,0,671,318,0,318,989
09/21/2008,VNY,CA,AWP,WE,Towers with Radar,0,40,143,0,183,0,0,437,0,437,0,40,580,0,620,306,0,306,926
09/22/2008,VNY,CA,AWP,WE,Towers with Radar,0,23,104,0,127,0,0,442,0,442,0,23,546,0,569,158,0,158,727
09/23/2008,VNY,CA,AWP,WE,Towers with Radar,0,24,128,0,152,0,0,522,0,522,0,24,650,0,674,380,0,380,1054
09/24/2008,VNY,CA,AWP,WE,Towers with Radar,0,30,124,0,154,0,0,572,0,572,0,30,696,0,726,346,0,346,1072
09/25/2008,VNY,CA,AWP,WE,Towers with Radar,0,31,111,0,142,0,0,601,0,601,0,31,712,0,743,294,0,294,1037
09/26/2008,VNY,CA,AWP,WE,Towers with Radar,0,31,118,0,149,0,0,778,0,778,0,31,896,0,927,440,0,440,1367
09/27/2008,VNY,CA,AWP,WE,Towers with Radar,0,25,100,0,125,0,0,704,0,704,0,25,804,0,829,404,0,404,1233
09/28/2008,VNY,CA,AWP,WE,Towers with Radar,0,37,96,0,133,0,0,551,0,551,0,37,647,0,684,356,0,356,1040
09/29/2008,VNY,CA,AWP,WE,Towers with Radar,0,10,104,0,114,0,0,498,0,498,0,10,602,0,612,266,0,266,878
09/30/2008,VNY,CA,AWP,WE,Towers with Radar,0,18,74,0,92,0,0,555,0,555,0,18,629,0,647,252,0,252,899
10/01/2008,VNY,CA,AWP,WE,Towers with Radar,0,36,90,0,126,0,0,531,0,531,0,36,621,0,657,252,0,252,909
10/02/2008,VNY,CA,AWP,WE,Towers with Radar,0,24,110,0,134,0,0,494,0,494,0,24,604,0,628,336,0,336,964
10/03/2008,VNY,CA,AWP,WE,Towers with Radar,0,26,123,0,149,0,0,695,0,695,0,26,818,0,844,368,0,368,1212
10/04/2008,VNY,CA,AWP,WE,Towers with Radar,0,24,104,0,128,0,0,194,0,194,0,24,298,0,322,64,0,64,386
10/05/2008,VNY,CA,AWP,WE,Towers with Radar,0,34,122,0,156,0,0,700,0,700,0,34,822,0,856,332,0,332,1188
10/06/2008,VNY,CA,AWP,WE,Towers with Radar,0,18,84,0,102,0,0,559,0,559,0,18,643,0,661,344,0,344,1005
10/07/2008,VNY,CA,AWP,WE,Towers with Radar,0,30,81,0,111,0,0,618,0,618,0,30,699,0,729,244,0,244,973
10/08/2008,VNY,CA,AWP,WE,Towers with Radar,0,31,96,1,128,0,0,562,0,562,0,31,658,1,690,330,0,330,1020
10/09/2008,VNY,CA,AWP,WE,Towers with Radar,0,19,102,0,121,0,0,587,0,587,0,19,689,0,708,368,0,368,1076
10/10/2008,VNY,CA,AWP,WE,Towers with Radar,0,29,105,0,134,0,0,774,0,774,0,29,879,0,908,330,0,330,1238
10/11/2008,VNY,CA,AWP,WE,Towers with Radar,0,31,62,0,93,0,0,478,0,478,0,31,540,0,571,210,0,210,781
10/12/2008,VNY,CA,AWP,WE,Towers with Radar,0,52,93,1,146,0,0,437,1,438,0,52,530,2,584,170,0,170,754
10/13/2008,VNY,CA,AWP,WE,Towers with Radar,0,18,82,3,103,0,0,605,0,605,0,18,687,3,708,128,0,128,836
10/14/2008,VNY,CA,AWP,WE,Towers with Radar,0,21,59,0,80,0,0,577,0,577,0,21,636,0,657,112,0,112,769
10/15/2008,VNY,CA,AWP,WE,Towers with Radar,0,22,77,0,99,0,0,550,0,550,0,22,627,0,649,198,0,198,847
10/16/2008,VNY,CA,AWP,WE,Towers with Radar,0,23,111,0,134,0,0,514,0,514,0,23,625,0,648,250,0,250,898
10/17/2008,VNY,CA,AWP,WE,Towers with Radar,0,27,102,0,129,0,0,638,0,638,0,27,740,0,767,364,0,364,1131
10/18/2008,VNY,CA,AWP,WE,Towers with Radar,0,20,85,0,105,0,0,706,0,706,0,20,791,0,811,310,0,310,1121
10/19/2008,VNY,CA,AWP,WE,Towers with Radar,0,20,129,0,149,0,0,548,0,548,0,20,677,0,697,384,0,384,1081
10/20/2008,VNY,CA,AWP,WE,Towers with Radar,0,22,86,0,108,0,0,454,0,454,0,22,540,0,562,242,0,242,804
10/21/2008,VNY,CA,AWP,WE,Towers with Radar,0,15,100,0,115,0,0,580,0,580,0,15,680,0,695,288,0,288,983
10/22/2008,VNY,CA,AWP,WE,Towers with Radar,0,28,95,0,123,0,0,502,0,502,0,28,597,0,625,242,0,242,867
10/23/2008,VNY,CA,AWP,WE,Towers with Radar,0,20,104,0,124,0,0,715,0,715,0,20,819,0,839,384,0,384,1223
10/24/2008,VNY,CA,AWP,WE,Towers with Radar,0,36,94,2,132,0,0,703,2,705,0,36,797,4,837,384,0,384,1221
10/25/2008,VNY,CA,AWP,WE,Towers with Radar,0,16,72,0,88,0,0,539,0,539,0,16,611,0,627,296,0,296,923
10/26/2008,VNY,CA,AWP,WE,Towers with Radar,0,31,126,0,157,0,0,598,1,599,0,31,724,1,756,374,0,374,1130
10/27/2008,VNY,CA,AWP,WE,Towers with Radar,0,27,70,0,97,0,0,595,0,595,0,27,665,0,692,344,0,344,1036
10/28/2008,VNY,CA,AWP,WE,Towers with Radar,0,22,96,0,118,0,0,605,0,605,0,22,701,0,723,252,0,252,975
10/29/2008,VNY,CA,AWP,WE,Towers with Radar,0,29,103,0,132,0,0,557,0,557,0,29,660,0,689,184,0,184,873
10/30/2008,VNY,CA,AWP,WE,Towers with Radar,0,20,98,0,118,0,0,520,0,520,0,20,618,0,638,278,0,278,916
10/31/2008,VNY,CA,AWP,WE,Towers with Radar,0,17,84,0,101,0,0,578,0,578,0,17,662,0,679,310,0,310,989
11/01/2008,VNY,CA,AWP,WE,Towers with Radar,0,28,63,0,91,0,0,325,0,325,0,28,388,0,416,152,0,152,568
11/02/2008,VNY,CA,AWP,WE,Towers with Radar,0,38,93,0,131,0,0,480,0,480,0,38,573,0,611,322,0,322,933
11/03/2008,VNY,CA,AWP,WE,Towers with Radar,0,14,104,0,118,0,0,517,0,517,0,14,621,0,635,210,0,210,845
11/04/2008,VNY,CA,AWP,WE,Towers with Radar,0,27,112,0,139,0,0,427,2,429,0,27,539,2,568,212,0,212,780
11/05/2008,VNY,CA,AWP,WE,Towers with Radar,0,29,87,1,117,0,0,478,0,478,0,29,565,1,595,202,0,202,797
11/06/2008,VNY,CA,AWP,WE,Towers with Radar,0,23,131,0,154,0,0,468,0,468,0,23,599,0,622,252,0,252,874
11/07/2008,VNY,CA,AWP,WE,Towers with Radar,0,29,109,0,138,0,0,516,4,520,0,29,625,4,658,182,0,182,840
11/08/2008,VNY,CA,AWP,WE,Towers with Radar,0,19,84,0,103,0,0,624,0,624,0,19,708,0,727,408,0,408,1135
11/09/2008,VNY,CA,AWP,WE,Towers with Radar,0,36,106,0,142,0,0,548,0,548,0,36,654,0,690,346,0,346,1036
11/10/2008,VNY,CA,AWP,WE,Towers with Radar,0,23,96,2,121,0,0,532,0,532,0,23,628,2,653,196,0,196,849
11/11/2008,VNY,CA,AWP,WE,Towers with Radar,0,33,91,0,124,0,0,562,0,562,0,33,653,0,686,262,0,262,948
11/12/2008,VNY,CA,AWP,WE,Towers with Radar,0,22,77,0,99,0,0,521,1,522,0,22,598,1,621,166,2,168,789
11/13/2008,VNY,CA,AWP,WE,Towers with Radar,0,28,105,0,133,0,0,551,0,551,0,28,656,0,684,184,0,184,868
11/14/2008,VNY,CA,AWP,WE,Towers with Radar,0,31,84,0,115,0,0,414,4,418,0,31,498,4,533,106,6,112,645
11/15/2008,VNY,CA,AWP,WE,Towers with Radar,0,23,71,0,94,0,0,558,0,558,0,23,629,0,652,96,0,96,748
11/16/2008,VNY,CA,AWP,WE,Towers with Radar,0,23,93,0,116,0,0,575,0,575,0,23,668,0,691,340,0,340,1031
11/17/2008,VNY,CA,AWP,WE,Towers with Radar,0,25,78,0,103,0,0,612,3,615,0,25,690,3,718,276,0,276,994
11/18/2008,VNY,CA,AWP,WE,Towers with Radar,0,35,89,0,124,0,0,609,0,609,0,35,698,0,733,274,0,274,1007
11/19/2008,VNY,CA,AWP,WE,Towers with Radar,0,24,89,0,113,0,0,635,0,635,0,24,724,0,748,378,0,378,1126
11/20/2008,VNY,CA,AWP,WE,Towers with Radar,0,36,112,0,148,0,0,683,0,683,0,36,795,0,831,344,0,344,1175
11/21/2008,VNY,CA,AWP,WE,Towers with Radar,0,29,107,0,136,0,0,774,0,774,0,29,881,0,910,402,0,402,1312
11/22/2008,VNY,CA,AWP,WE,Towers with Radar,0,20,87,0,107,0,0,740,0,740,0,20,827,0,847,530,0,530,1377
11/23/2008,VNY,CA,AWP,WE,Towers with Radar,0,28,120,0,148,0,0,614,1,615,0,28,734,1,763,418,0,418,1181
11/24/2008,VNY,CA,AWP,WE,Towers with Radar,0,18,88,0,106,0,0,566,0,566,0,18,654,0,672,250,0,250,922
11/25/2008,VNY,CA,AWP,WE,Towers with Radar,0,33,112,0,145,0,0,589,0,589,0,33,701,0,734,260,0,260,994
11/26/2008,VNY,CA,AWP,WE,Towers with Radar,0,36,156,0,192,0,0,371,0,371,0,36,527,0,563,120,0,120,683
11/27/2008,VNY,CA,AWP,WE,Towers with Radar,0,17,39,0,56,0,0,265,0,265,0,17,304,0,321,122,0,122,443
11/28/2008,VNY,CA,AWP,WE,Towers with Radar,0,16,75,0,91,0,0,506,0,506,0,16,581,0,597,252,0,252,849
11/29/2008,VNY,CA,AWP,WE,Towers with Radar,0,28,77,0,105,0,0,594,0,594,0,28,671,0,699,334,2,336,1035
11/30/2008,VNY,CA,AWP,WE,Towers with Radar,0,50,176,0,226,0,0,788,0,788,0,50,964,0,1014,608,0,608,1622
12/01/2008,VNY,CA,AWP,WE,Towers with Radar,0,39,133,0,172,0,0,545,4,549,0,39,678,4,721,270,0,270,991
12/02/2008,VNY,CA,AWP,WE,Towers with Radar,0,25,143,0,168,0,0,162,0,162,0,25,305,0,330,46,0,46,376
12/03/2008,VNY,CA,AWP,WE,Towers with Radar,0,21,111,0,132,0,0,560,0,560,0,21,671,0,692,258,0,258,950
12/04/2008,VNY,CA,AWP,WE,Towers with Radar,0,24,112,0,136,0,0,594,0,594,0,24,706,0,730,304,0,304,1034
12/05/2008,VNY,CA,AWP,WE,Towers with Radar,0,28,94,0,122,0,0,805,0,805,0,28,899,0,927,570,2,572,1499
12/06/2008,VNY,CA,AWP,WE,Towers with Radar,0,21,80,0,101,0,0,605,0,605,0,21,685,0,706,322,0,322,1028
12/07/2008,VNY,CA,AWP,WE,Towers with Radar,0,25,103,0,128,0,0,544,0,544,0,25,647,0,672,548,0,548,1220
12/08/2008,VNY,CA,AWP,WE,Towers with Radar,0,20,90,0,110,0,0,426,0,426,0,20,516,0,536,182,0,182,718
12/09/2008,VNY,CA,AWP,WE,Towers with Radar,0,20,93,0,113,0,0,403,0,403,0,20,496,0,516,140,0,140,656
12/10/2008,VNY,CA,AWP,WE,Towers with Radar,0,17,105,0,122,0,0,587,0,587,0,17,692,0,709,274,0,274,983
12/11/2008,VNY,CA,AWP,WE,Towers with Radar,0,20,90,0,110,0,0,573,0,573,0,20,663,0,683,446,0,446,1129
12/12/2008,VNY,CA,AWP,WE,Towers with Radar,0,19,79,0,98,0,0,712,0,712,0,19,791,0,810,410,0,410,1220
12/13/2008,VNY,CA,AWP,WE,Towers with Radar,0,18,89,0,107,0,0,318,0,318,0,18,407,0,425,154,0,154,579
12/14/2008,VNY,CA,AWP,WE,Towers with Radar,0,21,78,0,99,0,0,491,0,491,0,21,569,0,590,382,0,382,972
12/15/2008,VNY,CA,AWP,WE,Towers with Radar,0,23,86,0,109,0,0,210,0,210,0,23,296,0,319,6,0,6,325
12/16/2008,VNY,CA,AWP,WE,Towers with Radar,0,29,103,0,132,0,0,492,0,492,0,29,595,0,624,152,0,152,776
12/17/2008,VNY,CA,AWP,WE,Towers with Radar,0,24,83,0,107,0,0,183,0,183,0,24,266,0,290,42,0,42,332
12/18/2008,VNY,CA,AWP,WE,Towers with Radar,0,20,120,0,140,0,0,556,0,556,0,20,676,0,696,240,0,240,936
12/19/2008,VNY,CA,AWP,WE,Towers with Radar,0,31,147,0,178,0,0,767,0,767,0,31,914,0,945,410,0,410,1355
12/20/2008,VNY,CA,AWP,WE,Towers with Radar,0,37,110,0,147,0,0,606,0,606,0,37,716,0,753,324,0,324,1077
12/21/2008,VNY,CA,AWP,WE,Towers with Radar,0,24,94,0,118,0,0,535,0,535,0,24,629,0,653,445,0,445,1098
12/22/2008,VNY,CA,AWP,WE,Towers with Radar,0,27,117,0,144,0,0,186,0,186,0,27,303,0,330,14,0,14,344
12/23/2008,VNY,CA,AWP,WE,Towers with Radar,0,24,114,0,138,0,0,593,0,593,0,24,707,0,731,398,0,398,1129
12/24/2008,VNY,CA,AWP,WE,Towers with Radar,0,21,58,0,79,0,0,306,0,306,0,21,364,0,385,158,0,158,543
12/25/2008,VNY,CA,AWP,WE,Towers with Radar,0,15,42,0,57,0,0,118,0,118,0,15,160,0,175,0,0,0,175
12/26/2008,VNY,CA,AWP,WE,Towers with Radar,0,29,116,0,145,0,0,382,0,382,0,29,498,0,527,182,0,182,709
12/27/2008,VNY,CA,AWP,WE,Towers with Radar,0,30,147,0,177,0,0,625,0,625,0,30,772,0,802,364,0,364,1166
12/28/2008,VNY,CA,AWP,WE,Towers with Radar,0,22,100,0,122,0,0,547,0,547,0,22,647,0,669,354,0,354,1023
12/29/2008,VNY,CA,AWP,WE,Towers with Radar,0,17,82,0,99,0,0,568,0,568,0,17,650,0,667,324,0,324,991
12/30/2008,VNY,CA,AWP,WE,Towers with Radar,0,27,104,0,131,0,0,680,0,680,0,27,784,0,811,342,0,342,1153
12/31/2008,VNY,CA,AWP,WE,Towers with Radar,0,23,99,0,122,0,0,530,0,530,0,23,629,0,652,268,0,268,920
01/01/2009,VNY,CA,AWP,WE,Towers with Radar,0,29,72,0,101,0,0,326,0,326,0,29,398,0,427,106,0,106,533
01/02/2009,VNY,CA,AWP,WE,Towers with Radar,0,25,166,0,191,0,0,40,0,40,0,25,206,0,231,0,0,0,231
01/03/2009,VNY,CA,AWP,WE,Towers with Radar,0,39,194,0,233,0,0,489,0,489,0,39,683,0,722,236,0,236,958
01/04/2009,VNY,CA,AWP,WE,Towers with Radar,0,30,122,0,152,0,0,399,0,399,0,30,521,0,551,154,0,154,705
01/05/2009,VNY,CA,AWP,WE,Towers with Radar,0,25,80,0,105,0,0,537,1,538,0,25,617,1,643,246,0,246,889
01/06/2009,VNY,CA,AWP,WE,Towers with Radar,0,17,85,0,102,0,0,515,0,515,0,17,600,0,617,194,0,194,811
01/07/2009,VNY,CA,AWP,WE,Towers with Radar,0,21,114,0,135,0,0,563,1,564,0,21,677,1,699,308,0,308,1007
01/08/2009,VNY,CA,AWP,WE,Towers with Radar,0,29,112,0,141,0,0,577,0,577,0,29,689,0,718,304,0,304,1022
01/09/2009,VNY,CA,AWP,WE,Towers with Radar,0,25,99,0,124,0,0,471,0,471,0,25,570,0,595,156,0,156,751
01/10/2009,VNY,CA,AWP,WE,Towers with Radar,0,18,79,0,97,0,0,358,0,358,0,18,437,0,455,194,0,194,649
01/11/2009,VNY,CA,AWP,WE,Towers with Radar,0,20,86,0,106,0,0,377,0,377,0,20,463,0,483,210,0,210,693
01/12/2009,VNY,CA,AWP,WE,Towers with Radar,0,12,64,0,76,0,0,403,3,406,0,12,467,3,482,138,0,138,620
01/13/2009,VNY,CA,AWP,WE,Towers with Radar,0,13,87,0,100,0,0,469,0,469,0,13,556,0,569,168,0,168,737
01/14/2009,VNY,CA,AWP,WE,Towers with Radar,0,19,92,2,113,0,0,460,0,460,0,19,552,2,573,170,0,170,743
01/15/2009,VNY,CA,AWP,WE,Towers with Radar,0,26,109,0,135,0,0,530,0,530,0,26,639,0,665,362,0,362,1027
01/16/2009,VNY,CA,AWP,WE,Towers with Radar,0,27,115,1,143,0,0,623,0,623,0,27,738,1,766,388,0,388,1154
01/17/2009,VNY,CA,AWP,WE,Towers with Radar,0,13,88,0,101,0,0,580,0,580,0,13,668,0,681,436,0,436,1117
01/18/2009,VNY,CA,AWP,WE,Towers with Radar,0,19,90,1,110,0,0,540,0,540,0,19,630,1,650,422,0,422,1072
01/19/2009,VNY,CA,AWP,WE,Towers with Radar,0,40,153,0,193,0,0,580,0,580,0,40,733,0,773,364,0,364,1137
01/20/2009,VNY,CA,AWP,WE,Towers with Radar,0,16,87,1,104,0,0,471,1,472,0,16,558,2,576,252,0,252,828
01/21/2009,VNY,CA,AWP,WE,Towers with Radar,0,26,111,1,138,0,0,533,3,536,0,26,644,4,674,262,0,262,936
01/22/2009,VNY,CA,AWP,WE,Towers with Radar,0,21,128,0,149,0,0,432,0,432,0,21,560,0,581,196,0,196,777
01/23/2009,VNY,CA,AWP,WE,Towers with Radar,0,43,129,0,172,0,0,227,0,227,0,43,356,0,399,58,0,58,457
01/24/2009,VNY,CA,AWP,WE,Towers with Radar,0,19,117,0,136,0,0,305,0,305,0,19,422,0,441,120,0,120,561
01/25/2009,VNY,CA,AWP,WE,Towers with Radar,0,27,101,1,129,0,0,417,0,417,0,27,518,1,546,426,0,426,972
01/26/2009,VNY,CA,AWP,WE,Towers with Radar,0,28,85,0,113,0,0,469,0,469,0,28,554,0,582,156,0,156,738
01/27/2009,VNY,CA,AWP,WE,Towers with Radar,0,22,108,0,130,0,0,475,0,475,0,22,583,0,605,98,0,98,703
01/28/2009,VNY,CA,AWP,WE,Towers with Radar,0,27,97,0,124,0,0,530,1,531,0,27,627,1,655,254,0,254,909
01/29/2009,VNY,CA,AWP,WE,Towers with Radar,0,26,85,0,111,0,0,421,0,421,0,26,506,0,532,98,0,98,630
01/30/2009,VNY,CA,AWP,WE,Towers with Radar,0,24,105,0,129,0,0,562,0,562,0,24,667,0,691,164,0,164,855
01/31/2009,VNY,CA,AWP,WE,Towers with Radar,0,15,79,0,94,0,0,624,0,624,0,15,703,0,718,416,0,416,1134
02/01/2009,VNY,CA,AWP,WE,Towers with Radar,0,29,86,0,115,0,0,628,1,629,0,29,714,1,744,362,0,362,1106
02/02/2009,VNY,CA,AWP,WE,Towers with Radar,0,31,115,0,146,0,0,518,4,522,0,31,633,4,668,236,0,236,904
02/03/2009,VNY,CA,AWP,WE,Towers with Radar,0,14,95,0,109,0,0,520,0,520,0,14,615,0,629,268,0,268,897
02/04/2009,VNY,CA,AWP,WE,Towers with Radar,0,23,91,0,114,0,0,478,1,479,0,23,569,1,593,290,0,290,883
02/05/2009,VNY,CA,AWP,WE,Towers with Radar,0,22,90,0,112,0,0,294,0,294,0,22,384,0,406,168,0,168,574
02/06/2009,VNY,CA,AWP,WE,Towers with Radar,0,24,122,0,146,0,0,205,0,205,0,24,327,0,351,2,0,2,353
02/07/2009,VNY,CA,AWP,WE,Towers with Radar,0,17,65,0,82,0,0,212,0,212,0,17,277,0,294,90,0,90,384
02/08/2009,VNY,CA,AWP,WE,Towers with Radar,0,33,98,0,131,0,0,384,0,384,0,33,482,0,515,258,0,258,773
02/09/2009,VNY,CA,AWP,WE,Towers with Radar,0,28,80,0,108,0,0,326,0,326,0,28,406,0,434,46,0,46,480
02/10/2009,VNY,CA,AWP,WE,Towers with Radar,0,13,80,0,93,0,0,498,0,498,0,13,578,0,591,310,0,310,901
02/11/2009,VNY,CA,AWP,WE,Towers with Radar,0,28,95,0,123,0,0,573,1,574,0,28,668,1,697,298,0,298,995
02/12/2009,VNY,CA,AWP,WE,Towers with Radar,0,32,126,0,158,0,0,511,2,513,0,32,637,2,671,364,0,364,1035
02/13/2009,VNY,CA,AWP,WE,Towers with Radar,0,57,91,0,148,0,0,322,0,322,0,57,413,0,470,140,0,140,610
02/14/2009,VNY,CA,AWP,WE,Towers with Radar,0,17,73,0,90,0,0,514,0,514,0,17,587,0,604,296,0,296,900
02/15/2009,VNY,CA,AWP,WE,Towers with Radar,0,30,82,2,114,0,0,378,0,378,0,30,460,2,492,356,6,362,854
02/16/2009,VNY,CA,AWP,WE,Towers with Radar,0,73,108,2,183,0,0,308,0,308,0,73,416,2,491,68,0,68,559
02/17/2009,VNY,CA,AWP,WE,Towers with Radar,0,31,100,0,131,0,0,419,0,419,0,31,519,0,550,182,0,182,732
02/18/2009,VNY,CA,AWP,WE,Towers with Radar,0,28,108,0,136,0,0,530,0,530,0,28,638,0,666,272,0,272,938
02/19/2009,VNY,CA,AWP,WE,Towers with Radar,0,21,105,0,126,0,0,491,3,494,0,21,596,3,620,228,0,228,848
02/20/2009,VNY,CA,AWP,WE,Towers with Radar,0,37,115,0,152,0,0,619,0,619,0,37,734,0,771,322,0,322,1093
02/21/2009,VNY,CA,AWP,WE,Towers with Radar,0,26,59,0,85,0,0,626,0,626,0,26,685,0,711,420,0,420,1131
02/22/2009,VNY,CA,AWP,WE,Towers with Radar,0,22,115,0,137,0,0,524,0,524,0,22,639,0,661,474,0,474,1135
02/23/2009,VNY,CA,AWP,WE,Towers with Radar,0,20,120,0,140,0,0,494,0,494,0,20,614,0,634,250,0,250,884
02/24/2009,VNY,CA,AWP,WE,Towers with Radar,0,16,95,3,114,0,0,468,2,470,0,16,563,5,584,234,0,234,818
02/25/2009,VNY,CA,AWP,WE,Towers with Radar,0,23,104,0,127,0,0,379,0,379,0,23,483,0,506,298,0,298,804
02/26/2009,VNY,CA,AWP,WE,Towers with Radar,0,17,91,0,108,0,0,575,2,577,0,17,666,2,685,248,0,248,933
02/27/2009,VNY,CA,AWP,WE,Towers with Radar,0,27,112,0,139,0,0,505,0,505,0,27,617,0,644,312,0,312,956
02/28/2009,VNY,CA,AWP,WE,Towers with Radar,0,9,66,0,75,0,0,453,0,453,0,9,519,0,528,236,0,236,764
03/01/2009,VNY,CA,AWP,WE,Towers with Radar,0,33,88,0,121,0,0,602,0,602,0,33,690,0,723,418,0,418,1141
03/02/2009,VNY,CA,AWP,WE,Towers with Radar,0,22,0,0,22,0,0,449,0,449,0,22,449,0,471,202,0,202,673
03/03/2009,VNY,CA,AWP,WE,Towers with Radar,0,16,70,0,86,0,0,435,0,435,0,16,505,0,521,124,0,124,645
03/04/2009,VNY,CA,AWP,WE,Towers with Radar,0,30,116,0,146,0,0,267,0,267,0,30,383,0,413,46,0,46,459
03/05/2009,VNY,CA,AWP,WE,Towers with Radar,0,25,124,0,149,0,0,497,0,497,0,25,621,0,646,344,0,344,990
03/06/2009,VNY,CA,AWP,WE,Towers with Radar,0,21,100,0,121,0,0,496,0,496,0,21,596,0,617,200,0,200,817
03/07/2009,VNY,CA,AWP,WE,Towers with Radar,0,13,85,0,98,0,0,573,0,573,0,13,658,0,671,380,0,380,1051
03/08/2009,VNY,CA,AWP,WE,Towers with Radar,0,30,109,1,140,0,0,586,0,586,0,30,695,1,726,412,0,412,1138
03/09/2009,VNY,CA,AWP,WE,Towers with Radar,0,14,101,0,115,0,0,440,0,440,0,14,541,0,555,266,0,266,821
03/10/2009,VNY,CA,AWP,WE,Towers with Radar,0,30,93,0,123,0,0,426,1,427,0,30,519,1,550,232,0,232,782
03/11/2009,VNY,CA,AWP,WE,Towers with Radar,0,11,123,0,134,0,0,425,0,425,0,11,548,0,559,280,0,280,839
03/12/2009,VNY,CA,AWP,WE,Towers with Radar,0,26,97,0,123,0,0,494,1,495,0,26,591,1,618,250,0,250,868
03/13/2009,VNY,CA,AWP,WE,Towers with Radar,0,27,105,0,132,0,0,539,0,539,0,27,644,0,671,330,0,330,1001
03/14/2009,VNY,CA,AWP,WE,Towers with Radar,0,16,103,0,119,0,0,500,0,500,0,16,603,0,619,420,0,420,1039
03/15/2009,VNY,CA,AWP,WE,Towers with Radar,0,30,178,0,208,0,0,555,0,555,0,30,733,0,763,440,0,440,1203
03/16/2009,VNY,CA,AWP,WE,Towers with Radar,0,22,86,0,108,0,0,590,0,590,0,22,676,0,698,384,0,384,1082
03/17/2009,VNY,CA,AWP,WE,Towers with Radar,0,15,91,0,106,0,0,491,0,491,0,15,582,0,597,298,0,298,895
03/18/2009,VNY,CA,AWP,WE,Towers with Radar,0,23,86,0,109,0,0,364,0,364,0,23,450,0,473,202,0,202,675
03/19/2009,VNY,CA,AWP,WE,Towers with Radar,0,32,85,0,117,0,0,152,0,152,0,32,237,0,269,16,0,16,285
03/20/2009,VNY,CA,AWP,WE,Towers with Radar,0,27,144,0,171,0,0,542,0,542,0,27,686,0,713,270,0,270,983
03/21/2009,VNY,CA,AWP,WE,Towers with Radar,0,26,115,0,141,0,0,419,0,419,0,26,534,0,560,362,0,362,922
03/22/2009,VNY,CA,AWP,WE,Towers with Radar,0,38,117,0,155,0,0,323,0,323,0,38,440,0,478,110,0,110,588
03/23/2009,VNY,CA,AWP,WE,Towers with Radar,0,25,74,0,99,0,0,393,0,393,0,25,467,0,492,160,0,160,652
03/24/2009,VNY,CA,AWP,WE,Towers with Radar,0,16,78,0,94,0,0,481,0,481,0,16,559,0,575,212,0,212,787
03/25/2009,VNY,CA,AWP,WE,Towers with Radar,0,18,116,0,134,0,0,583,0,583,0,18,699,0,717,390,0,390,1107
03/26/2009,VNY,CA,AWP,WE,Towers with Radar,0,19,126,0,145,0,0,408,0,408,0,19,534,0,553,138,0,138,691
03/27/2009,VNY,CA,AWP,WE,Towers with Radar,0,25,100,0,125,0,0,499,1,500,0,25,599,1,625,246,0,246,871
03/28/2009,VNY,CA,AWP,WE,Towers with Radar,0,22,99,0,121,0,0,740,0,740,0,22,839,0,861,494,0,494,1355
03/29/2009,VNY,CA,AWP,WE,Towers with Radar,0,35,126,0,161,0,0,582,0,582,0,35,708,0,743,416,0,416,1159
03/30/2009,VNY,CA,AWP,WE,Towers with Radar,0,19,79,0,98,0,0,526,2,528,0,19,605,2,626,378,0,378,1004
03/31/2009,VNY,CA,AWP,WE,Towers with Radar,0,14,87,0,101,0,0,538,0,538,0,14,625,0,639,304,0,304,943
04/01/2009,VNY,CA,AWP,WE,Towers with Radar,0,20,86,1,107,0,0,508,2,510,0,20,594,3,617,208,0,208,825
04/02/2009,VNY,CA,AWP,WE,Towers with Radar,0,27,152,0,179,0,0,358,0,358,0,27,510,0,537,158,0,158,695
04/03/2009,VNY,CA,AWP,WE,Towers with Radar,0,26,89,0,115,0,0,723,0,723,0,26,812,0,838,440,0,440,1278
04/04/2009,VNY,CA,AWP,WE,Towers with Radar,0,11,103,0,114,0,0,689,0,689,0,11,792,0,803,464,0,464,1267
04/05/2009,VNY,CA,AWP,WE,Towers with Radar,0,29,95,1,125,0,0,706,0,706,0,29,801,1,831,404,0,404,1235
04/06/2009,VNY,CA,AWP,WE,Towers with Radar,0,23,93,0,116,0,0,554,0,554,0,23,647,0,670,386,0,386,1056
04/07/2009,VNY,CA,AWP,WE,Towers with Radar,0,18,75,0,93,0,0,529,0,529,0,18,604,0,622,343,0,343,965
04/08/2009,VNY,CA,AWP,WE,Towers with Radar,0,28,88,0,116,0,0,498,0,498,0,28,586,0,614,322,0,322,936
04/09/2009,VNY,CA,AWP,WE,Towers with Radar,0,12,119,0,131,0,0,484,0,484,0,12,603,0,615,378,0,378,993
04/10/2009,VNY,CA,AWP,WE,Towers with Radar,0,12,76,0,88,0,0,533,0,533,0,12,609,0,621,316,0,316,937
04/11/2009,VNY,CA,AWP,WE,Towers with Radar,0,13,107,0,120,0,0,711,0,711,0,13,818,0,831,524,0,524,1355
04/12/2009,VNY,CA,AWP,WE,Towers with Radar,0,17,92,0,109,0,0,519,0,519,0,17,611,0,628,280,0,280,908
04/13/2009,VNY,CA,AWP,WE,Towers with Radar,0,18,92,1,111,0,0,630,0,630,0,18,722,1,741,328,0,328,1069
04/14/2009,VNY,CA,AWP,WE,Towers with Radar,0,17,66,0,83,0,0,538,0,538,0,17,604,0,621,272,2,274,895
04/15/2009,VNY,CA,AWP,WE,Towers with Radar,0,14,71,0,85,0,0,386,2,388,0,14,457,2,473,202,0,202,675
04/16/2009,VNY,CA,AWP,WE,Towers with Radar,0,20,77,1,98,0,0,529,0,529,0,20,606,1,627,138,0,138,765
04/17/2009,VNY,CA,AWP,WE,Towers with Radar,0,16,83,0,99,0,0,648,0,648,0,16,731,0,747,404,0,404,1151
04/18/2009,VNY,CA,AWP,WE,Towers with Radar,0,17,59,0,76,0,0,679,0,679,0,17,738,0,755,424,0,424,1179
04/19/2009,VNY,CA,AWP,WE,Towers with Radar,0,25,106,0,131,0,0,629,0,629,0,25,735,0,760,372,0,372,1132
04/20/2009,VNY,CA,AWP,WE,Towers with Radar,0,24,93,0,117,0,0,562,0,562,0,24,655,0,679,346,0,346,1025
04/21/2009,VNY,CA,AWP,WE,Towers with Radar,0,12,79,0,91,0,0,540,2,542,0,12,619,2,633,234,0,234,867
04/22/2009,VNY,CA,AWP,WE,Towers with Radar,0,26,90,0,116,0,0,523,0,523,0,26,613,0,639,286,0,286,925
04/23/2009,VNY,CA,AWP,WE,Towers with Radar,0,28,133,1,162,0,0,487,0,487,0,28,620,1,649,260,0,260,909
04/24/2009,VNY,CA,AWP,WE,Towers with Radar,0,25,143,2,170,0,0,413,2,415,0,25,556,4,585,272,0,272,857
04/25/2009,VNY,CA,AWP,WE,Towers with Radar,0,10,69,0,79,0,0,680,0,680,0,10,749,0,759,496,0,496,1255
04/26/2009,VNY,CA,AWP,WE,Towers with Radar,0,19,117,0,136,0,0,783,0,783,0,19,900,0,919,480,0,480,1399
04/27/2009,VNY,CA,AWP,WE,Towers with Radar,0,23,87,0,110,0,0,464,0,464,0,23,551,0,574,264,0,264,838
04/28/2009,VNY,CA,AWP,WE,Towers with Radar,0,32,107,0,139,0,0,446,0,446,0,32,553,0,585,224,0,224,809
04/29/2009,VNY,CA,AWP,WE,Towers with Radar,0,21,104,0,125,0,0,568,0,568,0,21,672,0,693,382,0,382,1075
04/30/2009,VNY,CA,AWP,WE,Towers with Radar,0,14,127,2,143,0,0,582,0,582,0,14,709,2,725,442,0,442,1167
05/01/2009,VNY,CA,AWP,WE,Towers with Radar,0,36,101,0,137,0,0,588,0,588,0,36,689,0,725,308,0,308,1033
05/02/2009,VNY,CA,AWP,WE,Towers with Radar,0,15,89,0,104,0,0,478,0,478,0,15,567,0,582,300,0,300,882
05/03/2009,VNY,CA,AWP,WE,Towers with Radar,0,34,122,0,156,0,0,655,0,655,0,34,777,0,811,344,0,344,1155
05/04/2009,VNY,CA,AWP,WE,Towers with Radar,0,19,91,0,110,0,0,545,0,545,0,19,636,0,655,298,0,298,953
05/05/2009,VNY,CA,AWP,WE,Towers with Radar,0,19,73,0,92,0,0,622,0,622,0,19,695,0,714,314,0,314,1028
05/06/2009,VNY,CA,AWP,WE,Towers with Radar,0,13,100,0,113,0,0,543,0,543,0,13,643,0,656,146,0,146,802
05/07/2009,VNY,CA,AWP,WE,Towers with Radar,0,17,96,0,113,0,0,422,0,422,0,17,518,0,535,166,0,166,701
05/08/2009,VNY,CA,AWP,WE,Towers with Radar,0,16,110,1,127,0,0,595,0,595,0,16,705,1,722,380,0,380,1102
05/09/2009,VNY,CA,AWP,WE,Towers with Radar,0,4,81,0,85,0,0,604,0,604,0,4,685,0,689,480,0,480,1169
05/10/2009,VNY,CA,AWP,WE,Towers with Radar,0,11,108,0,119,0,0,425,0,425,0,11,533,0,544,220,0,220,764
05/11/2009,VNY,CA,AWP,WE,Towers with Radar,0,21,105,0,126,0,0,389,0,389,0,21,494,0,515,194,0,194,709
05/12/2009,VNY,CA,AWP,WE,Towers with Radar,0,29,97,0,126,0,0,609,0,609,0,29,706,0,735,346,0,346,1081
05/13/2009,VNY,CA,AWP,WE,Towers with Radar,0,18,78,1,97,0,0,552,0,552,0,18,630,1,649,318,0,318,967
05/14/2009,VNY,CA,AWP,WE,Towers with Radar,0,9,90,0,99,0,0,599,0,599,0,9,689,0,698,328,0,328,1026
05/15/2009,VNY,CA,AWP,WE,Towers with Radar,0,19,130,0,149,0,0,521,0,521,0,19,651,0,670,332,0,332,1002
05/16/2009,VNY,CA,AWP,WE,Towers with Radar,0,16,82,0,98,0,0,712,0,712,0,16,794,0,810,570,0,570,1380
05/17/2009,VNY,CA,AWP,WE,Towers with Radar,0,27,84,0,111,0,0,583,0,583,0,27,667,0,694,316,0,316,1010
05/18/2009,VNY,CA,AWP,WE,Towers with Radar,0,33,134,1,168,0,0,505,1,506,0,33,639,2,674,318,0,318,992
05/19/2009,VNY,CA,AWP,WE,Towers with Radar,0,18,84,0,102,0,0,677,0,677,0,18,761,0,779,446,0,446,1225
05/20/2009,VNY,CA,AWP,WE,Towers with Radar,0,34,116,0,150,0,0,552,0,552,0,34,668,0,702,416,0,416,1118
05/21/2009,VNY,CA,AWP,WE,Towers with Radar,0,30,125,0,155,0,0,674,0,674,0,30,799,0,829,490,0,490,1319
05/22/2009,VNY,CA,AWP,WE,Towers with Radar,0,29,141,0,170,0,0,714,0,714,0,29,855,0,884,506,0,506,1390
05/23/2009,VNY,CA,AWP,WE,Towers with Radar,0,31,73,0,104,0,0,781,0,781,0,31,854,0,885,444,0,444,1329
05/24/2009,VNY,CA,AWP,WE,Towers with Radar,0,23,72,0,95,0,0,547,0,547,0,23,619,0,642,440,0,440,1082
05/25/2009,VNY,CA,AWP,WE,Towers with Radar,0,25,120,0,145,0,0,590,0,590,0,25,710,0,735,306,0,306,1041
05/26/2009,VNY,CA,AWP,WE,Towers with Radar,0,21,114,0,135,0,0,540,0,540,0,21,654,0,675,436,0,436,1111
05/27/2009,VNY,CA,AWP,WE,Towers with Radar,0,15,74,0,89,0,0,290,0,290,0,15,364,0,379,224,0,224,603
05/28/2009,VNY,CA,AWP,WE,Towers with Radar,0,33,156,0,189,0,0,483,0,483,0,33,639,0,672,218,0,218,890
05/29/2009,VNY,CA,AWP,WE,Towers with Radar,0,21,159,0,180,0,0,417,0,417,0,21,576,0,597,222,0,222,819
05/30/2009,VNY,CA,AWP,WE,Towers with Radar,0,15,114,0,129,0,0,827,0,827,0,15,941,0,956,578,0,578,1534
05/31/2009,VNY,CA,AWP,WE,Towers with Radar,0,27,155,0,182,0,0,470,0,470,0,27,625,0,652,260,0,260,912
06/01/2009,VNY,CA,AWP,WE,Towers with Radar,0,29,101,0,130,0,0,495,0,495,0,29,596,0,625,266,0,266,891
06/02/2009,VNY,CA,AWP,WE,Towers with Radar,0,26,99,0,125,0,0,785,0,785,0,26,884,0,910,554,0,554,1464
06/03/2009,VNY,CA,AWP,WE,Towers with Radar,0,22,81,0,103,0,0,509,0,509,0,22,590,0,612,386,0,386,998
06/04/2009,VNY,CA,AWP,WE,Towers with Radar,0,14,96,0,110,0,0,519,0,519,0,14,615,0,629,488,0,488,1117
06/05/2009,VNY,CA,AWP,WE,Towers with Radar,0,13,119,0,132,0,0,436,0,436,0,13,555,0,568,308,0,308,876
06/06/2009,VNY,CA,AWP,WE,Towers with Radar,0,10,88,0,98,0,0,797,0,797,0,10,885,0,895,574,0,574,1469
06/07/2009,VNY,CA,AWP,WE,Towers with Radar,0,34,111,0,145,0,0,781,0,781,0,34,892,0,926,522,0,522,1448
06/08/2009,VNY,CA,AWP,WE,Towers with Radar,0,23,116,0,139,0,421,0,0,421,0,444,116,0,560,232,0,232,792
06/09/2009,VNY,CA,AWP,WE,Towers with Radar,0,20,120,0,140,0,0,553,0,553,0,20,673,0,693,354,0,354,1047
06/10/2009,VNY,CA,AWP,WE,Towers with Radar,0,12,127,0,139,0,0,428,0,428,0,12,555,0,567,240,0,240,807
06/11/2009,VNY,CA,AWP,WE,Towers with Radar,0,22,147,1,170,0,0,507,0,507,0,22,654,1,677,332,0,332,1009
06/12/2009,VNY,CA,AWP,WE,Towers with Radar,0,27,154,0,181,0,0,448,0,448,0,27,602,0,629,366,0,366,995
06/13/2009,VNY,CA,AWP,WE,Towers with Radar,0,16,138,0,154,0,0,504,0,504,0,16,642,0,658,452,0,452,1110
06/14/2009,VNY,CA,AWP,WE,Towers with Radar,0,24,97,0,121,0,0,716,0,716,0,24,813,0,837,636,0,636,1473
06/15/2009,VNY,CA,AWP,WE,Towers with Radar,0,24,86,0,110,0,0,528,0,528,0,24,614,0,638,256,0,256,894
06/16/2009,VNY,CA,AWP,WE,Towers with Radar,0,18,92,0,110,0,0,554,0,554,0,18,646,0,664,368,0,368,1032
06/17/2009,VNY,CA,AWP,WE,Towers with Radar,0,29,109,0,138,0,0,581,0,581,0,29,690,0,719,304,2,306,1025
06/18/2009,VNY,CA,AWP,WE,Towers with Radar,0,31,124,0,155,0,0,641,0,641,0,31,765,0,796,406,0,406,1202
06/19/2009,VNY,CA,AWP,WE,Towers with Radar,0,23,129,0,152,0,0,631,0,631,0,23,760,0,783,362,0,362,1145
06/20/2009,VNY,CA,AWP,WE,Towers with Radar,0,24,138,0,162,0,0,473,0,473,0,24,611,0,635,306,0,306,941
06/21/2009,VNY,CA,AWP,WE,Towers with Radar,0,40,111,0,151,0,0,636,0,636,0,40,747,0,787,364,0,364,1151
06/22/2009,VNY,CA,AWP,WE,Towers with Radar,0,16,101,0,117,0,0,572,0,572,0,16,673,0,689,326,0,326,1015
06/23/2009,VNY,CA,AWP,WE,Towers with Radar,0,27,117,0,144,0,0,624,2,626,0,27,741,2,770,314,0,314,1084
06/24/2009,VNY,CA,AWP,WE,Towers with Radar,0,20,117,0,137,0,0,547,2,549,0,20,664,2,686,292,0,292,978
06/25/2009,VNY,CA,AWP,WE,Towers with Radar,0,25,117,2,144,0,0,638,0,638,0,25,755,2,782,362,0,362,1144
06/26/2009,VNY,CA,AWP,WE,Towers with Radar,0,24,111,0,135,0,0,553,0,553,0,24,664,0,688,318,0,318,1006
06/27/2009,VNY,CA,AWP,WE,Towers with Radar,0,18,72,0,90,0,0,847,0,847,0,18,919,0,937,538,0,538,1475
06/28/2009,VNY,CA,AWP,WE,Towers with Radar,0,31,139,0,170,0,0,627,0,627,0,31,766,0,797,422,0,422,1219
06/29/2009,VNY,CA,AWP,WE,Towers with Radar,0,31,97,1,129,0,0,597,1,598,0,31,694,2,727,332,0,332,1059
06/30/2009,VNY,CA,AWP,WE,Towers with Radar,0,25,111,0,136,0,0,690,0,690,0,25,801,0,826,422,0,422,1248
07/01/2009,VNY,CA,AWP,WE,Towers with Radar,0,28,115,0,143,0,0,649,0,649,0,28,764,0,792,486,0,486,1278
07/02/2009,VNY,CA,AWP,WE,Towers with Radar,0,29,117,0,146,0,0,710,0,710,0,29,827,0,856,426,0,426,1282
07/03/2009,VNY,CA,AWP,WE,Towers with Radar,0,15,82,0,97,0,0,663,0,663,0,15,745,0,760,438,0,438,1198
07/04/2009,VNY,CA,AWP,WE,Towers with Radar,0,13,35,0,48,0,0,679,0,679,0,13,714,0,727,404,0,404,1131
07/05/2009,VNY,CA,AWP,WE,Towers with Radar,0,21,114,0,135,0,0,606,0,606,0,21,720,0,741,372,0,372,1113
07/06/2009,VNY,CA,AWP,WE,Towers with Radar,0,26,95,0,121,0,0,619,0,619,0,26,714,0,740,336,0,336,1076
07/07/2009,VNY,CA,AWP,WE,Towers with Radar,0,29,84,0,113,0,0,712,0,712,0,29,796,0,825,312,0,312,1137
07/08/2009,VNY,CA,AWP,WE,Towers with Radar,0,24,106,1,131,0,0,562,3,565,0,24,668,4,696,294,0,294,990
07/09/2009,VNY,CA,AWP,WE,Towers with Radar,0,25,117,0,142,0,0,609,0,609,0,25,726,0,751,366,0,366,1117
07/10/2009,VNY,CA,AWP,WE,Towers with Radar,0,24,95,0,119,0,0,596,0,596,0,24,691,0,715,368,0,368,1083
07/11/2009,VNY,CA,AWP,WE,Towers with Radar,0,19,75,0,94,0,0,629,0,629,0,19,704,0,723,400,0,400,1123
07/12/2009,VNY,CA,AWP,WE,Towers with Radar,0,25,98,0,123,0,0,615,0,615,0,25,713,0,738,370,0,370,1108
07/13/2009,VNY,CA,AWP,WE,Towers with Radar,0,22,78,0,100,0,0,664,0,664,0,22,742,0,764,342,0,342,1106
07/14/2009,VNY,CA,AWP,WE,Towers with Radar,0,12,118,0,130,0,0,641,4,645,0,12,759,4,775,388,0,388,1163
07/15/2009,VNY,CA,AWP,WE,Towers with Radar,0,24,79,0,103,0,0,573,0,573,0,24,652,0,676,336,2,338,1014
07/16/2009,VNY,CA,AWP,WE,Towers with Radar,0,24,102,0,126,0,0,569,0,569,0,24,671,0,695,328,0,328,1023
07/17/2009,VNY,CA,AWP,WE,Towers with Radar,0,13,104,2,119,0,0,763,0,763,0,13,867,2,882,456,0,456,1338
07/18/2009,VNY,CA,AWP,WE,Towers with Radar,0,12,69,0,81,0,0,746,0,746,0,12,815,0,827,542,0,542,1369
07/19/2009,VNY,CA,AWP,WE,Towers with Radar,0,21,138,0,159,0,0,673,0,673,0,21,811,0,832,466,0,466,1298
07/20/2009,VNY,CA,AWP,WE,Towers with Radar,0,21,73,0,94,0,0,529,2,531,0,21,602,2,625,294,0,294,919
07/21/2009,VNY,CA,AWP,WE,Towers with Radar,0,18,70,0,88,0,0,787,4,791,0,18,857,4,879,446,0,446,1325
07/22/2009,VNY,CA,AWP,WE,Towers with Radar,0,16,88,0,104,0,0,569,0,569,0,16,657,0,673,260,0,260,933
07/23/2009,VNY,CA,AWP,WE,Towers with Radar,0,21,111,0,132,0,0,667,0,667,0,21,778,0,799,348,0,348,1147
07/24/2009,VNY,CA,AWP,WE,Towers with Radar,0,21,96,0,117,0,0,589,0,589,0,21,685,0,706,390,0,390,1096
07/25/2009,VNY,CA,AWP,WE,Towers with Radar,0,9,63,0,72,0,0,568,0,568,0,9,631,0,640,404,0,404,1044
07/26/2009,VNY,CA,AWP,WE,Towers with Radar,0,25,111,0,136,0,0,634,0,634,0,25,745,0,770,452,0,452,1222
07/27/2009,VNY,CA,AWP,WE,Towers with Radar,0,20,94,0,114,0,0,645,0,645,0,20,739,0,759,450,0,450,1209
07/28/2009,VNY,CA,AWP,WE,Towers with Radar,0,17,96,0,113,0,0,589,0,589,0,17,685,0,702,424,0,424,1126
07/29/2009,VNY,CA,AWP,WE,Towers with Radar,0,17,121,0,138,0,0,479,0,479,0,17,600,0,617,280,0,280,897
07/30/2009,VNY,CA,AWP,WE,Towers with Radar,0,14,132,0,146,0,0,561,0,561,0,14,693,0,707,310,0,310,1017
07/31/2009,VNY,CA,AWP,WE,Towers with Radar,0,27,121,0,148,0,0,689,0,689,0,27,810,0,837,374,0,374,1211
08/01/2009,VNY,CA,AWP,WE,Towers with Radar,0,24,97,0,121,0,0,732,0,732,0,24,829,0,853,542,0,542,1395
08/02/2009,VNY,CA,AWP,WE,Towers with Radar,0,29,122,0,151,0,0,752,0,752,0,29,874,0,903,490,0,490,1393
08/03/2009,VNY,CA,AWP,WE,Towers with Radar,0,29,65,0,94,0,0,670,0,670,0,29,735,0,764,314,0,314,1078
08/04/2009,VNY,CA,AWP,WE,Towers with Radar,0,15,78,1,94,0,0,639,9,648,0,15,717,10,742,394,0,394,1136
08/05/2009,VNY,CA,AWP,WE,Towers with Radar,0,30,82,0,112,0,0,616,0,616,0,30,698,0,728,262,0,262,990
08/06/2009,VNY,CA,AWP,WE,Towers with Radar,0,27,79,0,106,0,0,560,0,560,0,27,639,0,666,380,0,380,1046
08/07/2009,VNY,CA,AWP,WE,Towers with Radar,0,31,103,0,134,0,0,622,0,622,0,31,725,0,756,284,0,284,1040
08/08/2009,VNY,CA,AWP,WE,Towers with Radar,0,20,89,0,109,0,0,865,0,865,0,20,954,0,974,598,0,598,1572
08/09/2009,VNY,CA,AWP,WE,Towers with Radar,0,25,116,1,142,0,0,771,0,771,0,25,887,1,913,480,0,480,1393
08/10/2009,VNY,CA,AWP,WE,Towers with Radar,0,19,94,2,115,0,0,603,0,603,0,19,697,2,718,350,0,350,1068
08/11/2009,VNY,CA,AWP,WE,Towers with Radar,0,24,95,1,120,0,0,693,0,693,0,24,788,1,813,566,0,566,1379
08/12/2009,VNY,CA,AWP,WE,Towers with Radar,0,33,118,7,158,0,0,630,0,630,0,33,748,7,788,584,0,584,1372
08/13/2009,VNY,CA,AWP,WE,Towers with Radar,0,28,130,1,159,0,0,601,0,601,0,28,731,1,760,428,0,428,1188
08/14/2009,VNY,CA,AWP,WE,Towers with Radar,0,27,102,0,129,0,0,586,0,586,0,27,688,0,715,394,0,394,1109
08/15/2009,VNY,CA,AWP,WE,Towers with Radar,0,17,86,1,104,0,0,527,0,527,0,17,613,1,631,414,0,414,1045
08/16/2009,VNY,CA,AWP,WE,Towers with Radar,0,27,112,5,144,0,0,571,5,576,0,27,683,10,720,548,0,548,1268
08/17/2009,VNY,CA,AWP,WE,Towers with Radar,0,27,113,2,142,0,0,493,0,493,0,27,606,2,635,296,0,296,931
08/18/2009,VNY,CA,AWP,WE,Towers with Radar,0,23,99,0,122,0,0,527,0,527,0,23,626,0,649,308,0,308,957
08/19/2009,VNY,CA,AWP,WE,Towers with Radar,0,25,109,0,134,0,0,551,0,551,0,25,660,0,685,312,0,312,997
08/20/2009,VNY,CA,AWP,WE,Towers with Radar,0,30,139,0,169,0,0,547,0,547,0,30,686,0,716,314,0,314,1030
08/21/2009,VNY,CA,AWP,WE,Towers with Radar,0,18,92,0,110,0,0,727,0,727,0,18,819,0,837,378,0,378,1215
08/22/2009,VNY,CA,AWP,WE,Towers with Radar,0,15,78,0,93,0,0,694,0,694,0,15,772,0,787,446,0,446,1233
08/23/2009,VNY,CA,AWP,WE,Towers with Radar,0,31,112,0,143,0,0,526,0,526,0,31,638,0,669,376,0,376,1045
08/24/2009,VNY,CA,AWP,WE,Towers with Radar,0,24,103,1,128,0,0,472,0,472,0,24,575,1,600,260,0,260,860
08/25/2009,VNY,CA,AWP,WE,Towers with Radar,0,24,94,0,118,0,0,536,2,538,0,24,630,2,656,322,0,322,978
08/26/2009,VNY,CA,AWP,WE,Towers with Radar,0,24,103,0,127,0,0,636,0,636,0,24,739,0,763,310,0,310,1073
08/27/2009,VNY,CA,AWP,WE,Towers with Radar,0,19,107,0,126,0,0,569,0,569,0,19,676,0,695,298,0,298,993
08/28/2009,VNY,CA,AWP,WE,Towers with Radar,0,29,115,0,144,0,0,616,0,616,0,29,731,0,760,344,0,344,1104
08/29/2009,VNY,CA,AWP,WE,Towers with Radar,0,12,87,0,99,0,0,567,0,567,0,12,654,0,666,542,0,542,1208
08/30/2009,VNY,CA,AWP,WE,Towers with Radar,0,22,105,0,127,0,0,563,0,563,0,22,668,0,690,334,0,334,1024
08/31/2009,VNY,CA,AWP,WE,Towers with Radar,0,19,96,1,116,0,0,611,0,611,0,19,707,1,727,316,0,316,1043
09/01/2009,VNY,CA,AWP,WE,Towers with Radar,0,24,100,0,124,0,0,426,0,426,0,24,526,0,550,250,0,250,800
09/02/2009,VNY,CA,AWP,WE,Towers with Radar,0,27,97,0,124,0,0,440,4,444,0,27,537,4,568,232,0,232,800
09/03/2009,VNY,CA,AWP,WE,Towers with Radar,0,25,103,1,129,0,0,471,3,474,0,25,574,4,603,254,0,254,857
09/04/2009,VNY,CA,AWP,WE,Towers with Radar,0,22,95,1,118,0,0,640,0,640,0,22,735,1,758,404,0,404,1162
09/05/2009,VNY,CA,AWP,WE,Towers with Radar,0,4,53,0,57,0,0,474,0,474,0,4,527,0,531,352,0,352,883
09/06/2009,VNY,CA,AWP,WE,Towers with Radar,0,20,60,2,82,0,0,535,0,535,0,20,595,2,617,312,0,312,929
09/07/2009,VNY,CA,AWP,WE,Towers with Radar,0,25,145,0,170,0,0,510,0,510,0,25,655,0,680,336,0,336,1016
09/08/2009,VNY,CA,AWP,WE,Towers with Radar,0,25,90,0,115,0,0,493,0,493,0,25,583,0,608,256,0,256,864
09/09/2009,VNY,CA,AWP,WE,Towers with Radar,0,18,91,1,110,0,0,450,0,450,0,18,541,1,560,234,0,234,794
09/10/2009,VNY,CA,AWP,WE,Towers with Radar,0,20,93,0,113,0,0,633,0,633,0,20,726,0,746,246,0,246,992
09/11/2009,VNY,CA,AWP,WE,Towers with Radar,0,14,112,0,126,0,0,617,4,621,0,14,729,4,747,420,0,420,1167
09/12/2009,VNY,CA,AWP,WE,Towers with Radar,0,11,103,0,114,0,0,708,0,708,0,11,811,0,822,554,0,554,1376
09/13/2009,VNY,CA,AWP,WE,Towers with Radar,0,21,115,0,136,0,0,438,0,438,0,21,553,0,574,310,0,310,884
09/14/2009,VNY,CA,AWP,WE,Towers with Radar,0,20,96,0,116,0,0,416,0,416,0,20,512,0,532,270,0,270,802
09/15/2009,VNY,CA,AWP,WE,Towers with Radar,0,29,115,2,146,0,0,539,2,541,0,29,654,4,687,330,0,330,1017
09/16/2009,VNY,CA,AWP,WE,Towers with Radar,0,21,105,0,126,0,0,515,0,515,0,21,620,0,641,246,0,246,887
09/17/2009,VNY,CA,AWP,WE,Towers with Radar,0,24,104,0,128,0,0,536,0,536,0,24,640,0,664,390,0,390,1054
09/18/2009,VNY,CA,AWP,WE,Towers with Radar,0,19,107,0,126,0,0,618,5,623,0,19,725,5,749,366,0,366,1115
09/19/2009,VNY,CA,AWP,WE,Towers with Radar,0,13,103,0,116,0,0,518,0,518,0,13,621,0,634,324,0,324,958
09/20/2009,VNY,CA,AWP,WE,Towers with Radar,0,26,121,0,147,0,0,435,0,435,0,26,556,0,582,324,0,324,906
09/21/2009,VNY,CA,AWP,WE,Towers with Radar,0,29,96,0,125,0,0,623,1,624,0,29,719,1,749,336,0,336,1085
09/22/2009,VNY,CA,AWP,WE,Towers with Radar,0,20,83,3,106,0,0,520,4,524,0,20,603,7,630,288,0,288,918
09/23/2009,VNY,CA,AWP,WE,Towers with Radar,0,27,102,3,132,0,0,520,0,520,0,27,622,3,652,196,0,196,848
09/24/2009,VNY,CA,AWP,WE,Towers with Radar,0,31,107,0,138,0,0,628,0,628,0,31,735,0,766,284,0,284,1050
09/25/2009,VNY,CA,AWP,WE,Towers with Radar,0,29,114,0,143,0,0,612,0,612,0,29,726,0,755,340,0,340,1095
09/26/2009,VNY,CA,AWP,WE,Towers with Radar,0,14,85,0,99,0,0,660,0,660,0,14,745,0,759,392,0,392,1151
09/27/2009,VNY,CA,AWP,WE,Towers with Radar,0,22,106,0,128,0,0,441,0,441,0,22,547,0,569,258,0,258,827
09/28/2009,VNY,CA,AWP,WE,Towers with Radar,0,31,92,0,123,0,0,442,4,446,0,31,534,4,569,256,0,256,825
09/29/2009,VNY,CA,AWP,WE,Towers with Radar,0,30,104,1,135,0,0,522,0,522,0,30,626,1,657,300,0,300,957
09/30/2009,VNY,CA,AWP,WE,Towers with Radar,0,18,87,1,106,0,0,409,0,409,0,18,496,1,515,214,0,214,729
10/01/2009,VNY,CA,AWP,WE,Towers with Radar,0,14,95,0,109,0,0,468,0,468,0,14,563,0,577,232,0,232,809
10/02/2009,VNY,CA,AWP,WE,Towers with Radar,0,17,147,0,164,0,0,602,0,602,0,17,749,0,766,312,0,312,1078
10/03/2009,VNY,CA,AWP,WE,Towers with Radar,0,18,95,0,113,0,0,523,0,523,0,18,618,0,636,324,0,324,960
10/04/2009,VNY,CA,AWP,WE,Towers with Radar,0,26,116,0,142,0,0,586,0,586,0,26,702,0,728,480,0,480,1208
10/05/2009,VNY,CA,AWP,WE,Towers with Radar,0,17,85,0,102,0,0,468,0,468,0,17,553,0,570,256,0,256,826
10/06/2009,VNY,CA,AWP,WE,Towers with Radar,0,12,94,2,108,0,0,470,0,470,0,12,564,2,578,282,0,282,860
10/07/2009,VNY,CA,AWP,WE,Towers with Radar,0,14,90,1,105,0,0,480,0,480,0,14,570,1,585,222,0,222,807
10/08/2009,VNY,CA,AWP,WE,Towers with Radar,0,17,125,0,142,0,0,711,0,711,0,17,836,0,853,430,0,430,1283
10/09/2009,VNY,CA,AWP,WE,Towers with Radar,0,19,137,0,156,0,0,492,0,492,0,19,629,0,648,320,0,320,968
10/10/2009,VNY,CA,AWP,WE,Towers with Radar,0,24,91,0,115,0,0,500,0,500,0,24,591,0,615,352,0,352,967
10/11/2009,VNY,CA,AWP,WE,Towers with Radar,0,32,164,0,196,0,0,393,0,393,0,32,557,0,589,404,0,404,993
10/12/2009,VNY,CA,AWP,WE,Towers with Radar,0,30,103,0,133,0,0,417,1,418,0,30,520,1,551,270,0,270,821
10/13/2009,VNY,CA,AWP,WE,Towers with Radar,0,27,102,0,129,0,0,237,0,237,0,27,339,0,366,58,0,58,424
10/14/2009,VNY,CA,AWP,WE,Towers with Radar,0,26,121,0,147,0,0,66,0,66,0,26,187,0,213,0,0,0,213
10/15/2009,VNY,CA,AWP,WE,Towers with Radar,0,22,107,0,129,0,0,477,2,479,0,22,584,2,608,284,0,284,892
10/16/2009,VNY,CA,AWP,WE,Towers with Radar,0,21,122,0,143,0,0,528,0,528,0,21,650,0,671,300,0,300,971
10/17/2009,VNY,CA,AWP,WE,Towers with Radar,0,11,67,0,78,0,0,503,0,503,0,11,570,0,581,554,0,554,1135
10/18/2009,VNY,CA,AWP,WE,Towers with Radar,0,29,112,0,141,0,0,678,0,678,0,29,790,0,819,846,0,846,1665
10/19/2009,VNY,CA,AWP,WE,Towers with Radar,0,14,115,0,129,0,0,336,0,336,0,14,451,0,465,242,0,242,707
10/20/2009,VNY,CA,AWP,WE,Towers with Radar,0,15,92,1,108,0,0,422,1,423,0,15,514,2,531,290,0,290,821
10/21/2009,VNY,CA,AWP,WE,Towers with Radar,0,14,101,2,117,0,0,608,0,608,0,14,709,2,725,302,0,302,1027
10/22/2009,VNY,CA,AWP,WE,Towers with Radar,0,27,93,1,121,0,0,531,0,531,0,27,624,1,652,374,2,376,1028
10/23/2009,VNY,CA,AWP,WE,Towers with Radar,0,39,137,5,181,0,0,679,0,679,0,39,816,5,860,370,0,370,1230
10/24/2009,VNY,CA,AWP,WE,Towers with Radar,0,23,98,0,121,0,0,546,0,546,0,23,644,0,667,400,0,400,1067
10/25/2009,VNY,CA,AWP,WE,Towers with Radar,0,25,111,0,136,0,0,571,0,571,0,25,682,0,707,406,0,406,1113
10/26/2009,VNY,CA,AWP,WE,Towers with Radar,0,25,90,0,115,0,0,431,0,431,0,25,521,0,546,236,0,236,782
10/27/2009,VNY,CA,AWP,WE,Towers with Radar,0,14,72,0,86,0,0,249,0,249,0,14,321,0,335,68,0,68,403
10/28/2009,VNY,CA,AWP,WE,Towers with Radar,0,28,86,1,115,0,0,400,0,400,0,28,486,1,515,178,0,178,693
10/29/2009,VNY,CA,AWP,WE,Towers with Radar,0,39,87,0,126,0,0,516,0,516,0,39,603,0,642,306,0,306,948
10/30/2009,VNY,CA,AWP,WE,Towers with Radar,0,24,127,1,152,0,0,616,0,616,0,24,743,1,768,400,0,400,1168
10/31/2009,VNY,CA,AWP,WE,Towers with Radar,0,5,57,0,62,0,0,536,0,536,0,5,593,0,598,366,0,366,964
11/01/2009,VNY,CA,AWP,WE,Towers with Radar,0,24,84,0,108,0,0,624,0,624,0,24,708,0,732,566,0,566,1298
11/02/2009,VNY,CA,AWP,WE,Towers with Radar,0,25,63,0,88,0,0,495,0,495,0,25,558,0,583,266,0,266,849
11/03/2009,VNY,CA,AWP,WE,Towers with Radar,0,24,101,0,125,0,0,482,0,482,0,24,583,0,607,246,0,246,853
11/04/2009,VNY,CA,AWP,WE,Towers with Radar,0,26,116,0,142,0,0,499,0,499,0,26,615,0,641,324,0,324,965
11/05/2009,VNY,CA,AWP,WE,Towers with Radar,0,17,166,0,183,0,0,554,0,554,0,17,720,0,737,278,0,278,1015
11/06/2009,VNY,CA,AWP,WE,Towers with Radar,0,23,111,0,134,0,0,528,0,528,0,23,639,0,662,334,0,334,996
11/07/2009,VNY,CA,AWP,WE,Towers with Radar,0,13,88,0,101,0,0,552,0,552,0,13,640,0,653,640,0,640,1293
11/08/2009,VNY,CA,AWP,WE,Towers with Radar,0,20,105,0,125,0,0,552,0,552,0,20,657,0,677,324,8,332,1009
11/09/2009,VNY,CA,AWP,WE,Towers with Radar,0,14,83,1,98,0,0,531,2,533,0,14,614,3,631,388,2,390,1021
11/10/2009,VNY,CA,AWP,WE,Towers with Radar,0,20,100,0,120,0,0,486,0,486,0,20,586,0,606,292,0,292,898
11/11/2009,VNY,CA,AWP,WE,Towers with Radar,0,15,93,0,108,0,0,642,0,642,0,15,735,0,750,312,0,312,1062
11/12/2009,VNY,CA,AWP,WE,Towers with Radar,0,33,114,0,147,0,0,612,0,612,0,33,726,0,759,304,0,304,1063
11/13/2009,VNY,CA,AWP,WE,Towers with Radar,0,35,106,0,141,0,0,606,0,606,0,35,712,0,747,288,0,288,1035
11/14/2009,VNY,CA,AWP,WE,Towers with Radar,0,21,70,1,92,0,0,567,0,567,0,21,637,1,659,446,0,446,1105
11/15/2009,VNY,CA,AWP,WE,Towers with Radar,0,34,114,0,148,0,0,378,0,378,0,34,492,0,526,218,0,218,744
11/16/2009,VNY,CA,AWP,WE,Towers with Radar,0,20,71,0,91,0,0,498,2,500,0,20,569,2,591,224,0,224,815
11/17/2009,VNY,CA,AWP,WE,Towers with Radar,0,13,103,0,116,0,0,551,6,557,0,13,654,6,673,372,0,372,1045
11/18/2009,VNY,CA,AWP,WE,Towers with Radar,0,13,93,0,106,0,0,572,0,572,0,13,665,0,678,190,0,190,868
11/19/2009,VNY,CA,AWP,WE,Towers with Radar,0,36,97,0,133,0,0,503,0,503,0,36,600,0,636,242,0,242,878
11/20/2009,VNY,CA,AWP,WE,Towers with Radar,0,28,128,1,157,0,0,522,0,522,0,28,650,1,679,322,0,322,1001
11/21/2009,VNY,CA,AWP,WE,Towers with Radar,0,15,76,0,91,0,0,530,0,530,0,15,606,0,621,448,0,448,1069
11/22/2009,VNY,CA,AWP,WE,Towers with Radar,0,25,84,1,110,0,0,582,0,582,0,25,666,1,692,388,0,388,1080
11/23/2009,VNY,CA,AWP,WE,Towers with Radar,0,17,88,0,105,0,0,415,0,415,0,17,503,0,520,224,0,224,744
11/24/2009,VNY,CA,AWP,WE,Towers with Radar,0,37,106,0,143,0,0,390,0,390,0,37,496,0,533,178,0,178,711
11/25/2009,VNY,CA,AWP,WE,Towers with Radar,0,48,103,0,151,0,0,606,0,606,0,48,709,0,757,278,0,278,1035
11/26/2009,VNY,CA,AWP,WE,Towers with Radar,0,8,31,0,39,0,0,112,0,112,0,8,143,0,151,60,0,60,211
11/27/2009,VNY,CA,AWP,WE,Towers with Radar,0,20,71,0,91,0,0,532,0,532,0,20,603,0,623,352,0,352,975
11/28/2009,VNY,CA,AWP,WE,Towers with Radar,0,19,93,0,112,0,0,421,0,421,0,19,514,0,533,298,0,298,831
11/29/2009,VNY,CA,AWP,WE,Towers with Radar,0,41,147,0,188,0,0,485,0,485,0,41,632,0,673,238,0,238,911
11/30/2009,VNY,CA,AWP,WE,Towers with Radar,0,17,79,0,96,0,0,457,0,457,0,17,536,0,553,202,0,202,755
12/01/2009,VNY,CA,AWP,WE,Towers with Radar,0,29,79,0,108,0,0,564,0,564,0,29,643,0,672,262,0,262,934
12/02/2009,VNY,CA,AWP,WE,Towers with Radar,0,23,104,0,127,0,0,419,0,419,0,23,523,0,546,218,0,218,764
12/03/2009,VNY,CA,AWP,WE,Towers with Radar,0,22,110,0,132,0,0,527,2,529,0,22,637,2,661,180,2,182,843
12/04/2009,VNY,CA,AWP,WE,Towers with Radar,0,19,95,3,117,0,0,581,0,581,0,19,676,3,698,432,0,432,1130
12/05/2009,VNY,CA,AWP,WE,Towers with Radar,0,11,116,0,127,0,0,499,0,499,0,11,615,0,626,518,0,518,1144
12/06/2009,VNY,CA,AWP,WE,Towers with Radar,0,24,135,0,159,0,0,483,0,483,0,24,618,0,642,322,0,322,964
12/07/2009,VNY,CA,AWP,WE,Towers with Radar,0,6,89,0,95,0,0,207,0,207,0,6,296,0,302,28,0,28,330
12/08/2009,VNY,CA,AWP,WE,Towers with Radar,0,16,77,0,93,0,0,526,0,526,0,16,603,0,619,296,0,296,915
12/09/2009,VNY,CA,AWP,WE,Towers with Radar,0,15,106,0,121,0,0,374,0,374,0,15,480,0,495,232,0,232,727
12/10/2009,VNY,CA,AWP,WE,Towers with Radar,0,18,104,0,122,0,0,443,0,443,0,18,547,0,565,252,0,252,817
12/11/2009,VNY,CA,AWP,WE,Towers with Radar,0,21,135,0,156,0,0,87,0,87,0,21,222,0,243,0,0,0,243
12/12/2009,VNY,CA,AWP,WE,Towers with Radar,0,18,87,0,105,0,0,68,0,68,0,18,155,0,173,0,0,0,173
12/13/2009,VNY,CA,AWP,WE,Towers with Radar,0,18,100,0,118,0,0,386,0,386,0,18,486,0,504,254,0,254,758
12/14/2009,VNY,CA,AWP,WE,Towers with Radar,0,14,71,0,85,0,0,483,0,483,0,14,554,0,568,206,0,206,774
12/15/2009,VNY,CA,AWP,WE,Towers with Radar,0,10,87,0,97,0,0,466,0,466,0,10,553,0,563,246,0,246,809
12/16/2009,VNY,CA,AWP,WE,Towers with Radar,0,17,84,0,101,0,0,412,0,412,0,17,496,0,513,184,0,184,697
12/17/2009,VNY,CA,AWP,WE,Towers with Radar,0,22,111,0,133,0,0,501,0,501,0,22,612,0,634,190,0,190,824
12/18/2009,VNY,CA,AWP,WE,Towers with Radar,0,45,142,0,187,0,0,659,0,659,0,45,801,0,846,330,0,330,1176
12/19/2009,VNY,CA,AWP,WE,Towers with Radar,0,31,132,0,163,0,0,629,0,629,0,31,761,0,792,314,0,314,1106
12/20/2009,VNY,CA,AWP,WE,Towers with Radar,0,12,106,0,118,0,0,466,0,466,0,12,572,0,584,436,0,436,1020
12/21/2009,VNY,CA,AWP,WE,Towers with Radar,0,15,92,0,107,0,0,417,0,417,0,15,509,0,524,162,0,162,686
12/22/2009,VNY,CA,AWP,WE,Towers with Radar,0,29,75,0,104,0,0,249,2,251,0,29,324,2,355,72,0,72,427
12/23/2009,VNY,CA,AWP,WE,Towers with Radar,0,33,98,0,131,0,0,407,0,407,0,33,505,0,538,94,0,94,632
12/24/2009,VNY,CA,AWP,WE,Towers with Radar,0,11,51,0,62,0,0,417,0,417,0,11,468,0,479,138,0,138,617
12/25/2009,VNY,CA,AWP,WE,Towers with Radar,0,10,50,0,60,0,0,260,0,260,0,10,310,0,320,66,0,66,386
12/26/2009,VNY,CA,AWP,WE,Towers with Radar,0,21,149,0,170,0,0,392,0,392,0,21,541,0,562,276,0,276,838
12/27/2009,VNY,CA,AWP,WE,Towers with Radar,0,20,97,0,117,0,0,528,0,528,0,20,625,0,645,276,0,276,921
12/28/2009,VNY,CA,AWP,WE,Towers with Radar,0,18,80,0,98,0,0,420,0,420,0,18,500,0,518,174,0,174,692
12/29/2009,VNY,CA,AWP,WE,Towers with Radar,0,16,70,0,86,0,0,577,0,577,0,16,647,0,663,318,0,318,981
12/30/2009,VNY,CA,AWP,WE,Towers with Radar,0,27,112,0,139,0,0,128,0,128,0,27,240,0,267,10,0,10,277
12/31/2009,VNY,CA,AWP,WE,Towers with Radar,0,15,85,0,100,0,0,473,0,473,0,15,558,0,573,334,0,334,907
01/01/2010,VNY,CA,AWP,WE,Towers with Radar,0,20,74,0,94,0,0,301,0,301,0,20,375,0,395,136,0,136,531
01/02/2010,VNY,CA,AWP,WE,Towers with Radar,0,36,168,0,204,0,0,428,0,428,0,36,596,0,632,184,0,184,816
01/03/2010,VNY,CA,AWP,WE,Towers with Radar,0,32,210,0,242,0,0,583,0,583,0,32,793,0,825,472,0,472,1297
01/04/2010,VNY,CA,AWP,WE,Towers with Radar,0,15,54,0,69,0,0,468,0,468,0,15,522,0,537,174,0,174,711
01/05/2010,VNY,CA,AWP,WE,Towers with Radar,0,12,64,0,76,0,0,400,0,400,0,12,464,0,476,222,0,222,698
01/06/2010,VNY,CA,AWP,WE,Towers with Radar,0,31,99,0,130,0,0,399,6,405,0,31,498,6,535,168,0,168,703
01/07/2010,VNY,CA,AWP,WE,Towers with Radar,0,32,119,0,151,0,0,528,0,528,0,32,647,0,679,266,0,266,945
01/08/2010,VNY,CA,AWP,WE,Towers with Radar,0,31,144,0,175,0,0,525,0,525,0,31,669,0,700,232,0,232,932
01/09/2010,VNY,CA,AWP,WE,Towers with Radar,0,25,89,0,114,0,0,421,0,421,0,25,510,0,535,356,0,356,891
01/10/2010,VNY,CA,AWP,WE,Towers with Radar,0,22,126,0,148,0,0,558,0,558,0,22,684,0,706,344,0,344,1050
01/11/2010,VNY,CA,AWP,WE,Towers with Radar,0,22,70,0,92,0,0,459,0,459,0,22,529,0,551,262,0,262,813
01/12/2010,VNY,CA,AWP,WE,Towers with Radar,0,20,98,0,118,0,0,525,0,525,0,20,623,0,643,368,0,368,1011
01/13/2010,VNY,CA,AWP,WE,Towers with Radar,0,16,110,0,126,0,0,287,0,287,0,16,397,0,413,178,0,178,591
01/14/2010,VNY,CA,AWP,WE,Towers with Radar,0,28,99,0,127,0,0,401,0,401,0,28,500,0,528,92,0,92,620
01/15/2010,VNY,CA,AWP,WE,Towers with Radar,0,24,125,0,149,0,0,517,0,517,0,24,642,0,666,246,2,248,914
01/16/2010,VNY,CA,AWP,WE,Towers with Radar,0,15,67,0,82,0,0,759,0,759,0,15,826,0,841,516,0,516,1357
01/17/2010,VNY,CA,AWP,WE,Towers with Radar,0,15,99,0,114,0,0,272,0,272,0,15,371,0,386,314,0,314,700
01/18/2010,VNY,CA,AWP,WE,Towers with Radar,0,27,115,0,142,0,0,122,0,122,0,27,237,0,264,12,0,12,276
01/19/2010,VNY,CA,AWP,WE,Towers with Radar,0,25,85,0,110,0,0,230,0,230,0,25,315,0,340,26,0,26,366
01/20/2010,VNY,CA,AWP,WE,Towers with Radar,0,27,99,0,126,0,0,140,0,140,0,27,239,0,266,0,0,0,266
01/21/2010,VNY,CA,AWP,WE,Towers with Radar,0,20,90,0,110,0,0,143,0,143,0,20,233,0,253,12,0,12,265
01/22/2010,VNY,CA,AWP,WE,Towers with Radar,0,22,105,0,127,0,0,178,0,178,0,22,283,0,305,48,0,48,353
01/23/2010,VNY,CA,AWP,WE,Towers with Radar,0,27,110,0,137,0,0,585,0,585,0,27,695,0,722,414,0,414,1136
01/24/2010,VNY,CA,AWP,WE,Towers with Radar,0,27,87,0,114,0,0,698,0,698,0,27,785,0,812,416,0,416,1228
01/25/2010,VNY,CA,AWP,WE,Towers with Radar,0,30,110,0,140,0,0,515,0,515,0,30,625,0,655,286,0,286,941
01/26/2010,VNY,CA,AWP,WE,Towers with Radar,0,31,112,0,143,0,0,379,0,379,0,31,491,0,522,94,0,94,616
01/27/2010,VNY,CA,AWP,WE,Towers with Radar,0,27,83,0,110,0,0,370,0,370,0,27,453,0,480,147,0,147,627
01/28/2010,VNY,CA,AWP,WE,Towers with Radar,0,28,105,0,133,0,0,491,0,491,0,28,596,0,624,154,0,154,778
01/29/2010,VNY,CA,AWP,WE,Towers with Radar,0,22,110,0,132,0,0,563,2,565,0,22,673,2,697,286,0,286,983
01/30/2010,VNY,CA,AWP,WE,Towers with Radar,0,9,91,0,100,0,0,477,0,477,0,9,568,0,577,432,0,432,1009
01/31/2010,VNY,CA,AWP,WE,Towers with Radar,0,20,120,0,140,0,0,645,0,645,0,20,765,0,785,428,0,428,1213
02/01/2010,VNY,CA,AWP,WE,Towers with Radar,0,17,91,0,108,0,0,505,0,505,0,17,596,0,613,264,0,264,877
02/02/2010,VNY,CA,AWP,WE,Towers with Radar,0,14,82,0,96,0,0,412,6,418,0,14,494,6,514,254,0,254,768
02/03/2010,VNY,CA,AWP,WE,Towers with Radar,0,18,69,0,87,0,0,390,0,390,0,18,459,0,477,186,0,186,663
02/04/2010,VNY,CA,AWP,WE,Towers with Radar,0,25,118,0,143,0,0,387,0,387,0,25,505,0,530,186,0,186,716
02/05/2010,VNY,CA,AWP,WE,Towers with Radar,0,24,132,0,156,0,0,119,0,119,0,24,251,0,275,22,0,22,297
02/06/2010,VNY,CA,AWP,WE,Towers with Radar,0,19,76,1,96,0,0,204,0,204,0,19,280,1,300,92,2,94,394
02/07/2010,VNY,CA,AWP,WE,Towers with Radar,0,22,99,0,121,0,0,511,1,512,0,22,610,1,633,318,0,318,951
02/08/2010,VNY,CA,AWP,WE,Towers with Radar,0,27,123,0,150,0,0,503,1,504,0,27,626,1,654,240,0,240,894
02/09/2010,VNY,CA,AWP,WE,Towers with Radar,0,21,79,3,103,0,0,258,0,258,0,21,337,3,361,76,0,76,437
02/10/2010,VNY,CA,AWP,WE,Towers with Radar,0,25,88,0,113,0,0,382,0,382,0,25,470,0,495,198,0,198,693
02/11/2010,VNY,CA,AWP,WE,Towers with Radar,0,32,163,0,195,0,0,675,4,679,0,32,838,4,874,344,0,344,1218
02/12/2010,VNY,CA,AWP,WE,Towers with Radar,0,57,175,0,232,0,0,608,0,608,0,57,783,0,840,400,0,400,1240
02/13/2010,VNY,CA,AWP,WE,Towers with Radar,0,20,115,0,135,0,0,596,0,596,0,20,711,0,731,392,0,392,1123
02/14/2010,VNY,CA,AWP,WE,Towers with Radar,0,39,66,0,105,0,0,624,0,624,0,39,690,0,729,391,0,391,1120
02/15/2010,VNY,CA,AWP,WE,Towers with Radar,0,61,188,0,249,0,0,777,0,777,0,61,965,0,1026,358,0,358,1384
02/16/2010,VNY,CA,AWP,WE,Towers with Radar,0,28,112,0,140,0,0,502,0,502,0,28,614,0,642,274,0,274,916
02/17/2010,VNY,CA,AWP,WE,Towers with Radar,0,24,100,0,124,0,0,522,0,522,0,24,622,0,646,318,2,320,966
02/18/2010,VNY,CA,AWP,WE,Towers with Radar,0,15,106,0,121,0,0,521,0,521,0,15,627,0,642,336,0,336,978
02/19/2010,VNY,CA,AWP,WE,Towers with Radar,0,36,104,0,140,0,0,459,0,459,0,36,563,0,599,290,0,290,889
02/20/2010,VNY,CA,AWP,WE,Towers with Radar,0,25,82,0,107,0,0,559,0,559,0,25,641,0,666,422,0,422,1088
02/21/2010,VNY,CA,AWP,WE,Towers with Radar,0,32,108,0,140,0,0,422,0,422,0,32,530,0,562,190,0,190,752
02/22/2010,VNY,CA,AWP,WE,Towers with Radar,0,18,92,0,110,0,0,339,0,339,0,18,431,0,449,114,0,114,563
02/23/2010,VNY,CA,AWP,WE,Towers with Radar,0,11,84,0,95,0,0,545,0,545,0,11,629,0,640,298,0,298,938
02/24/2010,VNY,CA,AWP,WE,Towers with Radar,0,26,134,0,160,0,0,312,0,312,0,26,446,0,472,207,0,207,679
02/25/2010,VNY,CA,AWP,WE,Towers with Radar,0,32,97,0,129,0,0,586,0,586,0,32,683,0,715,244,0,244,959
02/26/2010,VNY,CA,AWP,WE,Towers with Radar,0,24,118,0,142,0,0,516,0,516,0,24,634,0,658,224,0,224,882
02/27/2010,VNY,CA,AWP,WE,Towers with Radar,0,16,69,0,85,0,0,160,0,160,0,16,229,0,245,70,0,70,315
02/28/2010,VNY,CA,AWP,WE,Towers with Radar,0,23,126,0,149,0,0,769,0,769,0,23,895,0,918,476,4,480,1398
03/01/2010,VNY,CA,AWP,WE,Towers with Radar,0,14,93,0,107,0,0,471,6,477,0,14,564,6,584,263,0,263,847
03/02/2010,VNY,CA,AWP,WE,Towers with Radar,0,24,85,0,109,0,0,421,0,421,0,24,506,0,530,276,0,276,806
03/03/2010,VNY,CA,AWP,WE,Towers with Radar,0,18,99,1,118,0,0,480,0,480,0,18,579,1,598,276,0,276,874
03/04/2010,VNY,CA,AWP,WE,Towers with Radar,0,30,115,0,145,0,0,542,0,542,0,30,657,0,687,256,0,256,943
03/05/2010,VNY,CA,AWP,WE,Towers with Radar,0,31,124,2,157,0,0,593,0,593,0,31,717,2,750,420,0,420,1170
03/06/2010,VNY,CA,AWP,WE,Towers with Radar,0,20,78,0,98,0,0,217,0,217,0,20,295,0,315,174,0,174,489
03/07/2010,VNY,CA,AWP,WE,Towers with Radar,0,37,101,0,138,0,0,507,0,507,0,37,608,0,645,396,0,396,1041
03/08/2010,VNY,CA,AWP,WE,Towers with Radar,0,30,120,0,150,0,0,421,0,421,0,30,541,0,571,298,0,298,869
03/09/2010,VNY,CA,AWP,WE,Towers with Radar,0,18,81,0,99,0,0,385,0,385,0,18,466,0,484,140,0,140,624
03/10/2010,VNY,CA,AWP,WE,Towers with Radar,0,19,106,0,125,0,0,419,0,419,0,19,525,0,544,200,0,200,744
03/11/2010,VNY,CA,AWP,WE,Towers with Radar,0,29,148,0,177,0,0,639,0,639,0,29,787,0,816,364,1,365,1181
03/12/2010,VNY,CA,AWP,WE,Towers with Radar,0,28,102,3,133,0,0,731,0,731,0,28,833,3,864,458,0,458,1322
03/13/2010,VNY,CA,AWP,WE,Towers with Radar,0,25,79,0,104,0,0,560,0,560,0,25,639,0,664,390,0,390,1054
03/14/2010,VNY,CA,AWP,WE,Towers with Radar,0,27,108,0,135,0,0,463,0,463,0,27,571,0,598,212,0,212,810
03/15/2010,VNY,CA,AWP,WE,Towers with Radar,0,33,79,1,113,0,0,568,0,568,0,33,647,1,681,414,0,414,1095
03/16/2010,VNY,CA,AWP,WE,Towers with Radar,0,30,78,1,109,0,0,464,0,464,0,30,542,1,573,150,0,150,723
03/17/2010,VNY,CA,AWP,WE,Towers with Radar,0,23,98,0,121,0,0,509,0,509,0,23,607,0,630,342,0,342,972
03/18/2010,VNY,CA,AWP,WE,Towers with Radar,0,41,108,0,149,0,0,538,0,538,0,41,646,0,687,284,0,284,971
03/19/2010,VNY,CA,AWP,WE,Towers with Radar,0,30,112,0,142,0,0,466,0,466,0,30,578,0,608,300,0,300,908
03/20/2010,VNY,CA,AWP,WE,Towers with Radar,0,14,87,0,101,0,0,548,0,548,0,14,635,0,649,426,0,426,1075
03/21/2010,VNY,CA,AWP,WE,Towers with Radar,0,38,144,0,182,0,0,573,0,573,0,38,717,0,755,360,0,360,1115
03/22/2010,VNY,CA,AWP,WE,Towers with Radar,0,21,90,0,111,0,0,455,1,456,0,21,545,1,567,260,0,260,827
03/23/2010,VNY,CA,AWP,WE,Towers with Radar,0,19,85,0,104,0,0,453,0,453,0,19,538,0,557,140,0,140,697
03/24/2010,VNY,CA,AWP,WE,Towers with Radar,0,39,116,0,155,0,0,526,0,526,0,39,642,0,681,250,2,252,933
03/25/2010,VNY,CA,AWP,WE,Towers with Radar,0,25,152,0,177,0,0,454,1,455,0,25,606,1,632,312,0,312,944
03/26/2010,VNY,CA,AWP,WE,Towers with Radar,0,28,113,0,141,0,0,488,0,488,0,28,601,0,629,174,0,174,803
03/27/2010,VNY,CA,AWP,WE,Towers with Radar,0,29,79,0,108,0,0,390,0,390,0,29,469,0,498,220,0,220,718
03/28/2010,VNY,CA,AWP,WE,Towers with Radar,0,22,101,0,123,0,0,546,0,546,0,22,647,0,669,354,0,354,1023
03/29/2010,VNY,CA,AWP,WE,Towers with Radar,0,15,78,0,93,0,0,518,0,518,0,15,596,0,611,392,0,392,1003
03/30/2010,VNY,CA,AWP,WE,Towers with Radar,0,22,121,0,143,0,0,428,1,429,0,22,549,1,572,250,0,250,822
03/31/2010,VNY,CA,AWP,WE,Towers with Radar,0,20,100,0,120,0,0,410,0,410,0,20,510,0,530,226,0,226,756
04/01/2010,VNY,CA,AWP,WE,Towers with Radar,0,17,99,0,116,0,0,441,0,441,0,17,540,0,557,186,0,186,743
04/02/2010,VNY,CA,AWP,WE,Towers with Radar,0,24,90,0,114,0,0,479,0,479,0,24,569,0,593,308,0,308,901
04/03/2010,VNY,CA,AWP,WE,Towers with Radar,0,23,86,0,109,0,0,541,0,541,0,23,627,0,650,410,0,410,1060
04/04/2010,VNY,CA,AWP,WE,Towers with Radar,0,26,95,0,121,0,0,386,0,386,0,26,481,0,507,252,0,252,759
04/05/2010,VNY,CA,AWP,WE,Towers with Radar,0,20,100,1,121,0,0,316,0,316,0,20,416,1,437,110,0,110,547
04/06/2010,VNY,CA,AWP,WE,Towers with Radar,0,24,90,0,114,0,0,558,0,558,0,24,648,0,672,290,0,290,962
04/07/2010,VNY,CA,AWP,WE,Towers with Radar,0,18,87,0,105,0,0,472,0,472,0,18,559,0,577,206,0,206,783
04/08/2010,VNY,CA,AWP,WE,Towers with Radar,0,31,89,1,121,0,0,582,0,582,0,31,671,1,703,298,0,298,1001
04/09/2010,VNY,CA,AWP,WE,Towers with Radar,0,18,115,0,133,0,0,548,1,549,0,18,663,1,682,304,0,304,986
04/10/2010,VNY,CA,AWP,WE,Towers with Radar,0,15,107,0,122,0,0,382,0,382,0,15,489,0,504,412,0,412,916
04/11/2010,VNY,CA,AWP,WE,Towers with Radar,0,37,129,0,166,0,0,377,0,377,0,37,506,0,543,178,0,178,721
04/12/2010,VNY,CA,AWP,WE,Towers with Radar,0,23,101,0,124,0,0,357,2,359,0,23,458,2,483,172,0,172,655
04/13/2010,VNY,CA,AWP,WE,Towers with Radar,0,21,82,0,103,0,0,505,0,505,0,21,587,0,608,276,2,278,886
04/14/2010,VNY,CA,AWP,WE,Towers with Radar,0,23,79,0,102,0,0,558,0,558,0,23,637,0,660,326,0,326,986
04/15/2010,VNY,CA,AWP,WE,Towers with Radar,0,21,95,0,116,0,0,548,0,548,0,21,643,0,664,292,0,292,956
04/16/2010,VNY,CA,AWP,WE,Towers with Radar,0,11,105,0,116,0,0,562,0,562,0,11,667,0,678,436,0,436,1114
04/17/2010,VNY,CA,AWP,WE,Towers with Radar,0,22,87,0,109,0,0,614,0,614,0,22,701,0,723,406,0,406,1129
04/18/2010,VNY,CA,AWP,WE,Towers with Radar,0,30,126,0,156,0,0,695,0,695,0,30,821,0,851,464,0,464,1315
04/19/2010,VNY,CA,AWP,WE,Towers with Radar,0,19,106,0,125,0,0,351,0,351,0,19,457,0,476,195,0,195,671
04/20/2010,VNY,CA,AWP,WE,Towers with Radar,0,23,139,0,162,0,0,338,0,338,0,23,477,0,500,146,0,146,646
04/21/2010,VNY,CA,AWP,WE,Towers with Radar,0,23,118,0,141,0,0,376,3,379,0,23,494,3,520,198,0,198,718
04/22/2010,VNY,CA,AWP,WE,Towers with Radar,0,27,119,0,146,0,0,408,0,408,0,27,527,0,554,204,0,204,758
04/23/2010,VNY,CA,AWP,WE,Towers with Radar,0,28,120,0,148,0,0,579,1,580,0,28,699,1,728,478,0,478,1206
04/24/2010,VNY,CA,AWP,WE,Towers with Radar,0,21,101,0,122,0,0,482,1,483,0,21,583,1,605,358,0,358,963
04/25/2010,VNY,CA,AWP,WE,Towers with Radar,0,33,114,0,147,0,0,594,0,594,0,33,708,0,741,440,0,440,1181
04/26/2010,VNY,CA,AWP,WE,Towers with Radar,0,21,109,0,130,0,0,368,0,368,0,21,477,0,498,262,0,262,760
04/27/2010,VNY,CA,AWP,WE,Towers with Radar,0,26,122,0,148,0,0,313,0,313,0,26,435,0,461,214,0,214,675
04/28/2010,VNY,CA,AWP,WE,Towers with Radar,0,19,138,0,157,0,0,495,0,495,0,19,633,0,652,212,2,214,866
04/29/2010,VNY,CA,AWP,WE,Towers with Radar,0,28,107,1,136,0,0,421,0,421,0,28,528,1,557,98,0,98,655
04/30/2010,VNY,CA,AWP,WE,Towers with Radar,0,32,107,0,139,0,0,471,4,475,0,32,578,4,614,190,0,190,804
05/01/2010,VNY,CA,AWP,WE,Towers with Radar,0,15,84,1,100,0,0,534,3,537,0,15,618,4,637,264,0,264,901
05/02/2010,VNY,CA,AWP,WE,Towers with Radar,0,25,135,0,160,0,0,482,0,482,0,25,617,0,642,290,0,290,932
05/03/2010,VNY,CA,AWP,WE,Towers with Radar,0,22,79,0,101,0,0,541,0,541,0,22,620,0,642,314,0,314,956
05/04/2010,VNY,CA,AWP,WE,Towers with Radar,0,29,84,0,113,0,0,446,0,446,0,29,530,0,559,286,0,286,845
05/05/2010,VNY,CA,AWP,WE,Towers with Radar,0,19,79,0,98,0,0,595,0,595,0,19,674,0,693,336,1,337,1030
05/06/2010,VNY,CA,AWP,WE,Towers with Radar,0,22,82,0,104,0,0,526,0,526,0,22,608,0,630,310,0,310,940
05/07/2010,VNY,CA,AWP,WE,Towers with Radar,0,20,110,0,130,0,0,478,4,482,0,20,588,4,612,340,0,340,952
05/08/2010,VNY,CA,AWP,WE,Towers with Radar,0,29,68,0,97,0,0,574,0,574,0,29,642,0,671,486,0,486,1157
05/09/2010,VNY,CA,AWP,WE,Towers with Radar,0,37,109,0,146,0,0,466,0,466,0,37,575,0,612,346,0,346,958
05/10/2010,VNY,CA,AWP,WE,Towers with Radar,0,28,96,0,124,0,0,510,0,510,0,28,606,0,634,226,0,226,860
05/11/2010,VNY,CA,AWP,WE,Towers with Radar,0,16,85,0,101,0,0,394,0,394,0,16,479,0,495,100,0,100,595
05/12/2010,VNY,CA,AWP,WE,Towers with Radar,0,11,76,0,87,0,0,409,1,410,0,11,485,1,497,260,0,260,757
05/13/2010,VNY,CA,AWP,WE,Towers with Radar,0,12,97,1,110,0,0,553,1,554,0,12,650,2,664,266,0,266,930
05/14/2010,VNY,CA,AWP,WE,Towers with Radar,0,15,117,0,132,0,0,466,3,469,0,15,583,3,601,228,0,228,829
05/15/2010,VNY,CA,AWP,WE,Towers with Radar,0,19,100,0,119,0,0,603,0,603,0,19,703,0,722,502,0,502,1224
05/16/2010,VNY,CA,AWP,WE,Towers with Radar,0,28,167,1,196,0,0,451,0,451,0,28,618,1,647,320,0,320,967
05/17/2010,VNY,CA,AWP,WE,Towers with Radar,0,27,118,0,145,0,0,306,0,306,0,27,424,0,451,42,0,42,493
05/18/2010,VNY,CA,AWP,WE,Towers with Radar,0,14,168,0,182,0,0,227,0,227,0,14,395,0,409,124,0,124,533
05/19/2010,VNY,CA,AWP,WE,Towers with Radar,0,27,119,0,146,0,0,502,0,502,0,27,621,0,648,250,0,250,898
05/20/2010,VNY,CA,AWP,WE,Towers with Radar,0,41,112,0,153,0,0,595,0,595,0,41,707,0,748,188,0,188,936
05/21/2010,VNY,CA,AWP,WE,Towers with Radar,0,25,122,0,147,0,0,599,0,599,0,25,721,0,746,300,0,300,1046
05/22/2010,VNY,CA,AWP,WE,Towers with Radar,0,15,76,0,91,0,0,424,0,424,0,15,500,0,515,206,0,206,721
05/23/2010,VNY,CA,AWP,WE,Towers with Radar,0,26,111,0,137,0,0,465,0,465,0,26,576,0,602,172,0,172,774
05/24/2010,VNY,CA,AWP,WE,Towers with Radar,0,29,88,0,117,0,0,565,0,565,0,29,653,0,682,346,0,346,1028
05/25/2010,VNY,CA,AWP,WE,Towers with Radar,0,23,109,0,132,0,0,557,0,557,0,23,666,0,689,290,0,290,979
05/26/2010,VNY,CA,AWP,WE,Towers with Radar,0,31,101,0,132,0,0,524,0,524,0,31,625,0,656,250,0,250,906
05/27/2010,VNY,CA,AWP,WE,Towers with Radar,0,28,140,0,168,0,0,270,0,270,0,28,410,0,438,162,0,162,600
05/28/2010,VNY,CA,AWP,WE,Towers with Radar,0,30,149,0,179,0,0,662,0,662,0,30,811,0,841,330,0,330,1171
05/29/2010,VNY,CA,AWP,WE,Towers with Radar,0,23,68,0,91,0,0,439,0,439,0,23,507,0,530,260,0,260,790
05/30/2010,VNY,CA,AWP,WE,Towers with Radar,0,21,64,2,87,0,0,536,0,536,0,21,600,2,623,352,0,352,975
05/31/2010,VNY,CA,AWP,WE,Towers with Radar,0,29,122,0,151,0,0,650,0,650,0,29,772,0,801,622,0,622,1423
06/01/2010,VNY,CA,AWP,WE,Towers with Radar,0,24,89,0,113,0,0,389,0,389,0,24,478,0,502,189,0,189,691
06/02/2010,VNY,CA,AWP,WE,Towers with Radar,0,16,110,1,127,0,0,463,0,463,0,16,573,1,590,202,0,202,792
06/03/2010,VNY,CA,AWP,WE,Towers with Radar,0,28,108,0,136,0,0,529,0,529,0,28,637,0,665,242,0,242,907
06/04/2010,VNY,CA,AWP,WE,Towers with Radar,0,24,111,0,135,0,0,475,0,475,0,24,586,0,610,380,0,380,990
06/05/2010,VNY,CA,AWP,WE,Towers with Radar,0,16,79,0,95,0,0,535,0,535,0,16,614,0,630,342,0,342,972
06/06/2010,VNY,CA,AWP,WE,Towers with Radar,0,20,110,1,131,0,0,511,0,511,0,20,621,1,642,332,0,332,974
06/07/2010,VNY,CA,AWP,WE,Towers with Radar,0,27,113,1,141,0,0,471,1,472,0,27,584,2,613,214,0,214,827
06/08/2010,VNY,CA,AWP,WE,Towers with Radar,0,26,120,0,146,0,0,387,0,387,0,26,507,0,533,176,0,176,709
06/09/2010,VNY,CA,AWP,WE,Towers with Radar,0,22,123,0,145,0,0,435,0,435,0,22,558,0,580,298,0,298,878
06/10/2010,VNY,CA,AWP,WE,Towers with Radar,0,27,117,0,144,0,0,528,0,528,0,27,645,0,672,270,0,270,942
06/11/2010,VNY,CA,AWP,WE,Towers with Radar,0,27,129,0,156,0,0,537,0,537,0,27,666,0,693,298,0,298,991
06/12/2010,VNY,CA,AWP,WE,Towers with Radar,0,11,93,0,104,0,0,500,0,500,0,11,593,0,604,378,0,378,982
06/13/2010,VNY,CA,AWP,WE,Towers with Radar,0,33,130,0,163,0,0,585,0,585,0,33,715,0,748,346,0,346,1094
06/14/2010,VNY,CA,AWP,WE,Towers with Radar,0,26,93,0,119,0,0,511,0,511,0,26,604,0,630,334,0,334,964
06/15/2010,VNY,CA,AWP,WE,Towers with Radar,0,21,120,0,141,0,0,551,0,551,0,21,671,0,692,164,0,164,856
06/16/2010,VNY,CA,AWP,WE,Towers with Radar,0,18,107,0,125,0,0,491,0,491,0,18,598,0,616,211,0,211,827
06/17/2010,VNY,CA,AWP,WE,Towers with Radar,0,33,108,0,141,0,0,584,0,584,0,33,692,0,725,284,0,284,1009
06/18/2010,VNY,CA,AWP,WE,Towers with Radar,0,22,133,0,155,0,0,512,0,512,0,22,645,0,667,252,0,252,919
06/19/2010,VNY,CA,AWP,WE,Towers with Radar,0,19,90,1,110,0,0,600,1,601,0,19,690,2,711,364,0,364,1075
06/20/2010,VNY,CA,AWP,WE,Towers with Radar,0,20,107,0,127,0,0,457,0,457,0,20,564,0,584,288,0,288,872
06/21/2010,VNY,CA,AWP,WE,Towers with Radar,0,25,134,0,159,0,0,516,0,516,0,25,650,0,675,324,0,324,999
06/22/2010,VNY,CA,AWP,WE,Towers with Radar,0,20,95,0,115,0,0,405,0,405,0,20,500,0,520,202,0,202,722
06/23/2010,VNY,CA,AWP,WE,Towers with Radar,0,15,114,0,129,0,0,497,0,497,0,15,611,0,626,214,0,214,840
06/24/2010,VNY,CA,AWP,WE,Towers with Radar,0,29,121,0,150,0,0,451,0,451,0,29,572,0,601,246,0,246,847
06/25/2010,VNY,CA,AWP,WE,Towers with Radar,0,20,114,1,135,0,0,478,0,478,0,20,592,1,613,308,0,308,921
06/26/2010,VNY,CA,AWP,WE,Towers with Radar,0,18,94,0,112,0,0,494,0,494,0,18,588,0,606,360,0,360,966
06/27/2010,VNY,CA,AWP,WE,Towers with Radar,0,27,113,1,141,0,0,510,0,510,0,27,623,1,651,354,0,354,1005
06/28/2010,VNY,CA,AWP,WE,Towers with Radar,0,29,117,0,146,0,0,437,0,437,0,29,554,0,583,281,0,281,864
06/29/2010,VNY,CA,AWP,WE,Towers with Radar,0,21,97,0,118,0,0,368,0,368,0,21,465,0,486,106,0,106,592
06/30/2010,VNY,CA,AWP,WE,Towers with Radar,0,31,106,0,137,0,0,487,0,487,0,31,593,0,624,302,0,302,926
07/01/2010,VNY,CA,AWP,WE,Towers with Radar,0,36,128,0,164,0,0,542,0,542,0,36,670,0,706,322,0,322,1028
07/02/2010,VNY,CA,AWP,WE,Towers with Radar,0,25,110,0,135,0,0,580,0,580,0,25,690,0,715,480,0,480,1195
07/03/2010,VNY,CA,AWP,WE,Towers with Radar,0,16,94,0,110,0,0,408,0,408,0,16,502,0,518,229,0,229,747
07/04/2010,VNY,CA,AWP,WE,Towers with Radar,0,15,57,0,72,0,0,398,0,398,0,15,455,0,470,182,0,182,652
07/05/2010,VNY,CA,AWP,WE,Towers with Radar,0,40,128,0,168,0,0,450,0,450,0,40,578,0,618,244,0,244,862
07/06/2010,VNY,CA,AWP,WE,Towers with Radar,0,34,113,0,147,0,0,379,0,379,0,34,492,0,526,172,0,172,698
07/07/2010,VNY,CA,AWP,WE,Towers with Radar,0,27,121,0,148,0,0,372,0,372,0,27,493,0,520,232,18,250,770
07/08/2010,VNY,CA,AWP,WE,Towers with Radar,0,23,123,0,146,0,0,481,0,481,0,23,604,0,627,260,0,260,887
07/09/2010,VNY,CA,AWP,WE,Towers with Radar,0,23,122,0,145,0,0,356,0,356,0,23,478,0,501,166,0,166,667
07/10/2010,VNY,CA,AWP,WE,Towers with Radar,0,28,99,0,127,0,0,545,0,545,0,28,644,0,672,379,0,379,1051
07/11/2010,VNY,CA,AWP,WE,Towers with Radar,0,27,114,0,141,0,0,463,0,463,0,27,577,0,604,242,0,242,846
07/12/2010,VNY,CA,AWP,WE,Towers with Radar,0,24,105,0,129,0,0,405,1,406,0,24,510,1,535,370,0,370,905
07/13/2010,VNY,CA,AWP,WE,Towers with Radar,0,23,94,0,117,0,0,495,0,495,0,23,589,0,612,288,0,288,900
07/14/2010,VNY,CA,AWP,WE,Towers with Radar,0,15,81,0,96,0,0,423,0,423,0,15,504,0,519,294,0,294,813
07/15/2010,VNY,CA,AWP,WE,Towers with Radar,0,20,97,0,117,0,0,510,4,514,0,20,607,4,631,328,0,328,959
07/16/2010,VNY,CA,AWP,WE,Towers with Radar,0,24,93,0,117,0,0,429,0,429,0,24,522,0,546,170,0,170,716
07/17/2010,VNY,CA,AWP,WE,Towers with Radar,0,29,64,0,93,0,0,568,0,568,0,29,632,0,661,363,0,363,1024
07/18/2010,VNY,CA,AWP,WE,Towers with Radar,0,29,125,0,154,0,0,530,0,530,0,29,655,0,684,276,0,276,960
07/19/2010,VNY,CA,AWP,WE,Towers with Radar,0,22,79,1,102,0,0,476,1,477,0,22,555,2,579,386,0,386,965
07/20/2010,VNY,CA,AWP,WE,Towers with Radar,0,20,102,4,126,0,0,507,0,507,0,20,609,4,633,330,0,330,963
07/21/2010,VNY,CA,AWP,WE,Towers with Radar,0,19,118,1,138,0,0,380,0,380,0,19,498,1,518,264,0,264,782
07/22/2010,VNY,CA,AWP,WE,Towers with Radar,0,24,124,0,148,0,0,384,0,384,0,24,508,0,532,214,0,214,746
07/23/2010,VNY,CA,AWP,WE,Towers with Radar,0,51,87,0,138,0,0,588,0,588,0,51,675,0,726,400,0,400,1126
07/24/2010,VNY,CA,AWP,WE,Towers with Radar,0,29,79,0,108,0,0,581,0,581,0,29,660,0,689,424,0,424,1113
07/25/2010,VNY,CA,AWP,WE,Towers with Radar,0,24,128,0,152,0,0,524,0,524,0,24,652,0,676,364,0,364,1040
07/26/2010,VNY,CA,AWP,WE,Towers with Radar,0,26,106,0,132,0,0,399,0,399,0,26,505,0,531,278,0,278,809
07/27/2010,VNY,CA,AWP,WE,Towers with Radar,0,26,118,0,144,0,0,507,18,525,0,26,625,18,669,282,14,296,965
07/28/2010,VNY,CA,AWP,WE,Towers with Radar,0,23,117,0,140,0,0,514,1,515,0,23,631,1,655,328,0,328,983
07/29/2010,VNY,CA,AWP,WE,Towers with Radar,0,22,121,0,143,0,0,558,0,558,0,22,679,0,701,326,0,326,1027
07/30/2010,VNY,CA,AWP,WE,Towers with Radar,0,25,109,0,134,0,0,576,0,576,0,25,685,0,710,440,0,440,1150
07/31/2010,VNY,CA,AWP,WE,Towers with Radar,0,19,106,0,125,0,0,497,0,497,0,19,603,0,622,434,0,434,1056
08/01/2010,VNY,CA,AWP,WE,Towers with Radar,0,21,142,0,163,0,0,507,0,507,0,21,649,0,670,348,0,348,1018
08/02/2010,VNY,CA,AWP,WE,Towers with Radar,0,19,89,0,108,0,0,522,0,522,0,19,611,0,630,266,0,266,896
08/03/2010,VNY,CA,AWP,WE,Towers with Radar,0,25,105,0,130,0,0,568,0,568,0,25,673,0,698,384,0,384,1082
08/04/2010,VNY,CA,AWP,WE,Towers with Radar,0,17,108,0,125,0,0,602,0,602,0,17,710,0,727,460,0,460,1187
08/05/2010,VNY,CA,AWP,WE,Towers with Radar,0,21,139,0,160,0,0,364,2,366,0,21,503,2,526,242,1,243,769
08/06/2010,VNY,CA,AWP,WE,Towers with Radar,0,28,122,0,150,0,0,393,0,393,0,28,515,0,543,158,0,158,701
08/07/2010,VNY,CA,AWP,WE,Towers with Radar,0,30,98,1,129,0,0,564,1,565,0,30,662,2,694,348,0,348,1042
08/08/2010,VNY,CA,AWP,WE,Towers with Radar,0,29,136,0,165,0,0,508,0,508,0,29,644,0,673,446,0,446,1119
08/09/2010,VNY,CA,AWP,WE,Towers with Radar,0,26,98,0,124,0,0,563,0,563,0,26,661,0,687,334,0,334,1021
08/10/2010,VNY,CA,AWP,WE,Towers with Radar,0,15,109,1,125,0,0,431,1,432,0,15,540,2,557,356,0,356,913
08/11/2010,VNY,CA,AWP,WE,Towers with Radar,0,21,103,0,124,0,0,445,0,445,0,21,548,0,569,238,0,238,807
08/12/2010,VNY,CA,AWP,WE,Towers with Radar,0,34,100,0,134,0,0,559,0,559,0,34,659,0,693,318,0,318,1011
08/13/2010,VNY,CA,AWP,WE,Towers with Radar,0,40,112,0,152,0,0,504,0,504,0,40,616,0,656,354,0,354,1010
08/14/2010,VNY,CA,AWP,WE,Towers with Radar,0,17,67,2,86,0,0,517,0,517,0,17,584,2,603,400,0,400,1003
08/15/2010,VNY,CA,AWP,WE,Towers with Radar,0,24,120,0,144,0,0,465,0,465,0,24,585,0,609,330,0,330,939
08/16/2010,VNY,CA,AWP,WE,Towers with Radar,0,21,108,0,129,0,0,390,0,390,0,21,498,0,519,176,0,176,695
08/17/2010,VNY,CA,AWP,WE,Towers with Radar,0,23,102,0,125,0,0,429,4,433,0,23,531,4,558,314,0,314,872
08/18/2010,VNY,CA,AWP,WE,Towers with Radar,0,29,109,0,138,0,0,427,0,427,0,29,536,0,565,248,0,248,813
08/19/2010,VNY,CA,AWP,WE,Towers with Radar,0,21,78,0,99,0,0,510,0,510,0,21,588,0,609,236,0,236,845
08/20/2010,VNY,CA,AWP,WE,Towers with Radar,0,22,104,0,126,0,0,524,0,524,0,22,628,0,650,292,0,292,942
08/21/2010,VNY,CA,AWP,WE,Towers with Radar,0,21,81,0,102,0,0,445,3,448,0,21,526,3,550,288,0,288,838
08/22/2010,VNY,CA,AWP,WE,Towers with Radar,0,29,118,0,147,0,0,607,0,607,0,29,725,0,754,334,0,334,1088
08/23/2010,VNY,CA,AWP,WE,Towers with Radar,0,25,65,0,90,0,0,406,6,412,0,25,471,6,502,282,0,282,784
08/24/2010,VNY,CA,AWP,WE,Towers with Radar,0,7,88,1,96,0,0,442,5,447,0,7,530,6,543,236,0,236,779
08/25/2010,VNY,CA,AWP,WE,Towers with Radar,0,30,95,0,125,0,0,449,1,450,0,30,544,1,575,226,0,226,801
08/26/2010,VNY,CA,AWP,WE,Towers with Radar,0,29,89,0,118,0,0,508,2,510,0,29,597,2,628,374,0,374,1002
08/27/2010,VNY,CA,AWP,WE,Towers with Radar,0,28,98,0,126,0,0,483,0,483,0,28,581,0,609,258,0,258,867
08/28/2010,VNY,CA,AWP,WE,Towers with Radar,0,21,91,0,112,0,0,458,6,464,0,21,549,6,576,416,0,416,992
08/29/2010,VNY,CA,AWP,WE,Towers with Radar,0,19,122,0,141,0,0,519,0,519,0,19,641,0,660,316,0,316,976
08/30/2010,VNY,CA,AWP,WE,Towers with Radar,0,18,76,0,94,0,0,441,3,444,0,18,517,3,538,269,0,269,807
08/31/2010,VNY,CA,AWP,WE,Towers with Radar,0,26,65,1,92,0,0,501,2,503,0,26,566,3,595,356,0,356,951
09/01/2010,VNY,CA,AWP,WE,Towers with Radar,0,19,105,0,124,0,0,555,4,559,0,19,660,4,683,300,0,300,983
09/02/2010,VNY,CA,AWP,WE,Towers with Radar,0,37,100,0,137,0,0,624,2,626,0,37,724,2,763,236,0,236,999
09/03/2010,VNY,CA,AWP,WE,Towers with Radar,0,33,105,0,138,0,0,525,0,525,0,33,630,0,663,308,0,308,971
09/04/2010,VNY,CA,AWP,WE,Towers with Radar,0,18,75,0,93,0,0,493,0,493,0,18,568,0,586,322,0,322,908
09/05/2010,VNY,CA,AWP,WE,Towers with Radar,0,22,89,0,111,0,0,473,0,473,0,22,562,0,584,290,0,290,874
09/06/2010,VNY,CA,AWP,WE,Towers with Radar,0,35,129,0,164,0,0,463,0,463,0,35,592,0,627,312,0,312,939
09/07/2010,VNY,CA,AWP,WE,Towers with Radar,0,28,122,0,150,0,0,235,0,235,0,28,357,0,385,72,0,72,457
09/08/2010,VNY,CA,AWP,WE,Towers with Radar,0,23,112,0,135,0,0,353,0,353,0,23,465,0,488,344,0,344,832
09/09/2010,VNY,CA,AWP,WE,Towers with Radar,0,11,106,0,117,0,0,456,0,456,0,11,562,0,573,326,0,326,899
09/10/2010,VNY,CA,AWP,WE,Towers with Radar,0,17,101,0,118,0,0,524,0,524,0,17,625,0,642,394,0,394,1036
09/11/2010,VNY,CA,AWP,WE,Towers with Radar,0,24,72,0,96,0,0,573,0,573,0,24,645,0,669,456,0,456,1125
09/12/2010,VNY,CA,AWP,WE,Towers with Radar,0,24,85,0,109,0,0,547,0,547,0,24,632,0,656,501,0,501,1157
09/13/2010,VNY,CA,AWP,WE,Towers with Radar,0,29,104,0,133,0,0,573,4,577,0,29,677,4,710,438,0,438,1148
09/14/2010,VNY,CA,AWP,WE,Towers with Radar,0,24,99,0,123,0,0,493,0,493,0,24,592,0,616,282,0,282,898
09/15/2010,VNY,CA,AWP,WE,Towers with Radar,0,16,91,0,107,0,0,559,0,559,0,16,650,0,666,352,0,352,1018
09/16/2010,VNY,CA,AWP,WE,Towers with Radar,0,27,96,0,123,0,0,500,0,500,0,27,596,0,623,288,0,288,911
09/17/2010,VNY,CA,AWP,WE,Towers with Radar,0,24,125,0,149,0,0,563,0,563,0,24,688,0,712,340,0,340,1052
09/18/2010,VNY,CA,AWP,WE,Towers with Radar,0,16,71,1,88,0,0,500,1,501,0,16,571,2,589,310,0,310,899
09/19/2010,VNY,CA,AWP,WE,Towers with Radar,0,37,125,0,162,0,0,610,0,610,0,37,735,0,772,342,0,342,1114
09/20/2010,VNY,CA,AWP,WE,Towers with Radar,0,30,125,0,155,0,0,524,2,526,0,30,649,2,681,432,1,433,1114
09/21/2010,VNY,CA,AWP,WE,Towers with Radar,0,24,152,0,176,0,0,328,0,328,0,24,480,0,504,240,0,240,744
09/22/2010,VNY,CA,AWP,WE,Towers with Radar,0,27,116,0,143,0,0,431,0,431,0,27,547,0,574,254,0,254,828
09/23/2010,VNY,CA,AWP,WE,Towers with Radar,0,30,139,0,169,0,0,599,4,603,0,30,738,4,772,374,0,374,1146
09/24/2010,VNY,CA,AWP,WE,Towers with Radar,0,36,122,0,158,0,0,567,0,567,0,36,689,0,725,492,0,492,1217
09/25/2010,VNY,CA,AWP,WE,Towers with Radar,0,20,88,0,108,0,0,548,0,548,0,20,636,0,656,445,0,445,1101
09/26/2010,VNY,CA,AWP,WE,Towers with Radar,0,37,92,0,129,0,0,670,0,670,0,37,762,0,799,302,0,302,1101
09/27/2010,VNY,CA,AWP,WE,Towers with Radar,0,24,87,0,111,0,0,408,0,408,0,24,495,0,519,172,0,172,691
09/28/2010,VNY,CA,AWP,WE,Towers with Radar,0,16,104,0,120,0,0,496,0,496,0,16,600,0,616,266,0,266,882
09/29/2010,VNY,CA,AWP,WE,Towers with Radar,0,0,17,109,126,0,0,401,0,401,0,0,418,109,527,252,0,252,779
09/30/2010,VNY,CA,AWP,WE,Towers with Radar,0,16,99,0,115,0,0,407,0,407,0,16,506,0,522,264,0,264,786
10/01/2010,VNY,CA,AWP,WE,Towers with Radar,0,16,126,0,142,0,0,331,2,333,0,16,457,2,475,198,2,200,675
10/02/2010,VNY,CA,AWP,WE,Towers with Radar,0,12,65,0,77,0,0,396,0,396,0,12,461,0,473,378,0,378,851
10/03/2010,VNY,CA,AWP,WE,Towers with Radar,0,32,98,0,130,0,0,476,0,476,0,32,574,0,606,388,0,388,994
10/04/2010,VNY,CA,AWP,WE,Towers with Radar,0,40,112,0,152,0,0,77,0,77,0,40,189,0,229,7,0,7,236
10/05/2010,VNY,CA,AWP,WE,Towers with Radar,0,24,95,0,119,0,0,323,0,323,0,24,418,0,442,114,0,114,556
10/06/2010,VNY,CA,AWP,WE,Towers with Radar,0,23,84,0,107,0,0,212,0,212,0,23,296,0,319,13,0,13,332
10/07/2010,VNY,CA,AWP,WE,Towers with Radar,0,29,107,0,136,0,0,577,0,577,0,29,684,0,713,278,0,278,991
10/08/2010,VNY,CA,AWP,WE,Towers with Radar,0,26,144,0,170,0,0,621,0,621,0,26,765,0,791,416,0,416,1207
10/09/2010,VNY,CA,AWP,WE,Towers with Radar,0,26,96,0,122,0,0,539,0,539,0,26,635,0,661,461,0,461,1122
10/10/2010,VNY,CA,AWP,WE,Towers with Radar,0,22,113,0,135,0,0,626,0,626,0,22,739,0,761,254,0,254,1015
10/11/2010,VNY,CA,AWP,WE,Towers with Radar,0,34,99,0,133,0,0,555,0,555,0,34,654,0,688,358,0,358,1046
10/12/2010,VNY,CA,AWP,WE,Towers with Radar,0,25,121,0,146,0,0,517,0,517,0,25,638,0,663,326,0,326,989
10/13/2010,VNY,CA,AWP,WE,Towers with Radar,0,24,83,0,107,0,0,471,0,471,0,24,554,0,578,238,2,240,818
10/14/2010,VNY,CA,AWP,WE,Towers with Radar,0,21,133,0,154,0,0,368,2,370,0,21,501,2,524,246,0,246,770
10/15/2010,VNY,CA,AWP,WE,Towers with Radar,0,29,150,0,179,0,0,282,0,282,0,29,432,0,461,132,0,132,593
10/16/2010,VNY,CA,AWP,WE,Towers with Radar,0,20,119,2,141,0,0,100,0,100,0,20,219,2,241,70,0,70,311
10/17/2010,VNY,CA,AWP,WE,Towers with Radar,0,34,146,1,181,0,0,212,0,212,0,34,358,1,393,56,0,56,449
10/18/2010,VNY,CA,AWP,WE,Towers with Radar,0,35,90,0,125,0,0,227,0,227,0,35,317,0,352,126,0,126,478
10/19/2010,VNY,CA,AWP,WE,Towers with Radar,0,30,93,0,123,0,0,199,0,199,0,30,292,0,322,102,0,102,424
10/20/2010,VNY,CA,AWP,WE,Towers with Radar,0,32,128,0,160,0,0,166,0,166,0,32,294,0,326,32,0,32,358
10/21/2010,VNY,CA,AWP,WE,Towers with Radar,0,23,87,0,110,0,0,196,0,196,0,23,283,0,306,108,0,108,414
10/22/2010,VNY,CA,AWP,WE,Towers with Radar,0,25,118,0,143,0,0,216,1,217,0,25,334,1,360,62,0,62,422
10/23/2010,VNY,CA,AWP,WE,Towers with Radar,0,33,116,1,150,0,0,324,0,324,0,33,440,1,474,400,0,400,874
10/24/2010,VNY,CA,AWP,WE,Towers with Radar,0,37,141,3,181,0,0,418,1,419,0,37,559,4,600,438,0,438,1038
10/25/2010,VNY,CA,AWP,WE,Towers with Radar,0,27,121,0,148,0,0,324,0,324,0,27,445,0,472,136,0,136,608
10/26/2010,VNY,CA,AWP,WE,Towers with Radar,0,33,96,0,129,0,0,448,0,448,0,33,544,0,577,244,0,244,821
10/27/2010,VNY,CA,AWP,WE,Towers with Radar,0,28,88,0,116,0,0,510,0,510,0,28,598,0,626,230,0,230,856
10/28/2010,VNY,CA,AWP,WE,Towers with Radar,0,23,104,0,127,0,0,536,0,536,0,23,640,0,663,296,0,296,959
10/29/2010,VNY,CA,AWP,WE,Towers with Radar,0,17,126,0,143,0,0,576,0,576,0,17,702,0,719,356,0,356,1075
10/30/2010,VNY,CA,AWP,WE,Towers with Radar,0,8,96,0,104,0,0,387,0,387,0,8,483,0,491,436,0,436,927
10/31/2010,VNY,CA,AWP,WE,Towers with Radar,0,29,105,0,134,0,0,599,0,599,0,29,704,0,733,376,0,376,1109
11/01/2010,VNY,CA,AWP,WE,Towers with Radar,0,20,78,0,98,0,0,429,0,429,0,20,507,0,527,216,0,216,743
11/02/2010,VNY,CA,AWP,WE,Towers with Radar,0,18,69,1,88,0,0,440,0,440,0,18,509,1,528,160,0,160,688
11/03/2010,VNY,CA,AWP,WE,Towers with Radar,0,27,95,0,122,0,0,454,0,454,0,27,549,0,576,238,0,238,814
11/04/2010,VNY,CA,AWP,WE,Towers with Radar,0,26,93,0,119,0,0,542,0,542,0,26,635,0,661,178,0,178,839
11/05/2010,VNY,CA,AWP,WE,Towers with Radar,0,31,89,0,120,0,0,398,0,398,0,31,487,0,518,342,0,342,860
11/06/2010,VNY,CA,AWP,WE,Towers with Radar,0,18,85,0,103,0,0,370,0,370,0,18,455,0,473,276,0,276,749
11/07/2010,VNY,CA,AWP,WE,Towers with Radar,0,25,166,0,191,0,0,432,0,432,0,25,598,0,623,380,0,380,1003
11/08/2010,VNY,CA,AWP,WE,Towers with Radar,0,19,101,0,120,0,0,328,0,328,0,19,429,0,448,136,0,136,584
11/09/2010,VNY,CA,AWP,WE,Towers with Radar,0,19,104,0,123,0,0,568,2,570,0,19,672,2,693,298,0,298,991
11/10/2010,VNY,CA,AWP,WE,Towers with Radar,0,15,101,1,117,0,0,448,0,448,0,15,549,1,565,168,0,168,733
11/11/2010,VNY,CA,AWP,WE,Towers with Radar,0,11,91,0,102,0,0,349,0,349,0,11,440,0,451,134,0,134,585
11/12/2010,VNY,CA,AWP,WE,Towers with Radar,0,20,118,1,139,0,0,488,0,488,0,20,606,1,627,284,0,284,911
11/13/2010,VNY,CA,AWP,WE,Towers with Radar,0,20,74,0,94,0,0,447,0,447,0,20,521,0,541,260,0,260,801
11/14/2010,VNY,CA,AWP,WE,Towers with Radar,0,30,91,0,121,0,0,647,0,647,0,30,738,0,768,344,0,344,1112
11/15/2010,VNY,CA,AWP,WE,Towers with Radar,0,18,83,0,101,0,0,523,0,523,0,18,606,0,624,338,0,338,962
11/16/2010,VNY,CA,AWP,WE,Towers with Radar,0,26,78,0,104,0,0,541,0,541,0,26,619,0,645,326,0,326,971
11/17/2010,VNY,CA,AWP,WE,Towers with Radar,0,31,95,0,126,0,0,399,0,399,0,31,494,0,525,228,0,228,753
11/18/2010,VNY,CA,AWP,WE,Towers with Radar,0,33,141,0,174,0,0,616,0,616,0,33,757,0,790,330,0,330,1120
11/19/2010,VNY,CA,AWP,WE,Towers with Radar,0,30,188,0,218,0,0,354,0,354,0,30,542,0,572,204,0,204,776
11/20/2010,VNY,CA,AWP,WE,Towers with Radar,0,29,93,0,122,0,0,152,0,152,0,29,245,0,274,70,0,70,344
11/21/2010,VNY,CA,AWP,WE,Towers with Radar,0,22,101,0,123,0,0,409,1,410,0,22,510,1,533,244,0,244,777
11/22/2010,VNY,CA,AWP,WE,Towers with Radar,0,38,98,0,136,0,0,432,0,432,0,38,530,0,568,356,0,356,924
11/23/2010,VNY,CA,AWP,WE,Towers with Radar,0,36,126,0,162,0,0,369,0,369,0,36,495,0,531,234,0,234,765
11/24/2010,VNY,CA,AWP,WE,Towers with Radar,0,25,134,0,159,0,0,510,0,510,0,25,644,0,669,152,0,152,821
11/25/2010,VNY,CA,AWP,WE,Towers with Radar,0,14,25,0,39,0,0,216,0,216,0,14,241,0,255,56,0,56,311
11/26/2010,VNY,CA,AWP,WE,Towers with Radar,0,24,63,0,87,0,0,361,1,362,0,24,424,1,449,177,0,177,626
11/27/2010,VNY,CA,AWP,WE,Towers with Radar,0,28,73,0,101,0,0,423,0,423,0,28,496,0,524,430,0,430,954
11/28/2010,VNY,CA,AWP,WE,Towers with Radar,0,36,165,0,201,0,0,422,0,422,0,36,587,0,623,116,0,116,739
11/29/2010,VNY,CA,AWP,WE,Towers with Radar,0,25,90,0,115,0,0,296,0,296,0,25,386,0,411,172,0,172,583
11/30/2010,VNY,CA,AWP,WE,Towers with Radar,0,27,110,0,137,0,0,506,0,506,0,27,616,0,643,186,0,186,829
12/01/2010,VNY,CA,AWP,WE,Towers with Radar,0,15,88,0,103,0,0,405,0,405,0,15,493,0,508,156,0,156,664
12/02/2010,VNY,CA,AWP,WE,Towers with Radar,0,17,122,0,139,0,0,492,2,494,0,17,614,2,633,250,0,250,883
12/03/2010,VNY,CA,AWP,WE,Towers with Radar,0,31,92,0,123,0,0,433,0,433,0,31,525,0,556,320,0,320,876
12/04/2010,VNY,CA,AWP,WE,Towers with Radar,0,24,86,0,110,0,0,515,0,515,0,24,601,0,625,493,0,493,1118
12/05/2010,VNY,CA,AWP,WE,Towers with Radar,0,28,96,0,124,0,0,319,0,319,0,28,415,0,443,240,0,240,683
12/06/2010,VNY,CA,AWP,WE,Towers with Radar,0,29,111,0,140,0,0,440,1,441,0,29,551,1,581,240,0,240,821
12/07/2010,VNY,CA,AWP,WE,Towers with Radar,0,30,94,0,124,0,0,468,2,470,0,30,562,2,594,254,0,254,848
12/08/2010,VNY,CA,AWP,WE,Towers with Radar,0,22,90,0,112,0,0,482,2,484,0,22,572,2,596,271,0,271,867
12/09/2010,VNY,CA,AWP,WE,Towers with Radar,0,23,88,0,111,0,0,535,0,535,0,23,623,0,646,316,0,316,962
12/10/2010,VNY,CA,AWP,WE,Towers with Radar,0,31,125,0,156,0,0,547,0,547,0,31,672,0,703,332,0,332,1035
12/11/2010,VNY,CA,AWP,WE,Towers with Radar,0,22,73,0,95,0,0,347,0,347,0,22,420,0,442,186,0,186,628
12/12/2010,VNY,CA,AWP,WE,Towers with Radar,0,21,112,0,133,0,0,453,0,453,0,21,565,0,586,286,0,286,872
12/13/2010,VNY,CA,AWP,WE,Towers with Radar,0,30,76,0,106,0,0,416,0,416,0,30,492,0,522,270,0,270,792
12/14/2010,VNY,CA,AWP,WE,Towers with Radar,0,33,134,3,170,0,0,460,0,460,0,33,594,3,630,276,0,276,906
12/15/2010,VNY,CA,AWP,WE,Towers with Radar,0,35,138,0,173,0,0,150,0,150,0,35,288,0,323,18,0,18,341
12/16/2010,VNY,CA,AWP,WE,Towers with Radar,0,25,125,0,150,0,0,399,0,399,0,25,524,0,549,214,0,214,763
12/17/2010,VNY,CA,AWP,WE,Towers with Radar,0,37,169,0,206,0,0,73,0,73,0,37,242,0,279,2,0,2,281
12/18/2010,VNY,CA,AWP,WE,Towers with Radar,0,43,96,0,139,0,0,41,0,41,0,43,137,0,180,0,0,0,180
12/19/2010,VNY,CA,AWP,WE,Towers with Radar,0,34,120,0,154,0,0,32,0,32,0,34,152,0,186,0,0,0,186
12/20/2010,VNY,CA,AWP,WE,Towers with Radar,0,37,96,0,133,0,0,81,0,81,0,37,177,0,214,4,0,4,218
12/21/2010,VNY,CA,AWP,WE,Towers with Radar,0,24,94,0,118,0,0,161,0,161,0,24,255,0,279,0,0,0,279
12/22/2010,VNY,CA,AWP,WE,Towers with Radar,0,43,92,0,135,0,0,255,0,255,0,43,347,0,390,26,0,26,416
12/23/2010,VNY,CA,AWP,WE,Towers with Radar,0,22,116,0,138,0,0,341,0,341,0,22,457,0,479,322,0,322,801
12/24/2010,VNY,CA,AWP,WE,Towers with Radar,0,18,51,0,69,0,0,325,0,325,0,18,376,0,394,252,0,252,646
12/25/2010,VNY,CA,AWP,WE,Towers with Radar,0,35,54,0,89,0,0,221,0,221,0,35,275,0,310,100,0,100,410
12/26/2010,VNY,CA,AWP,WE,Towers with Radar,0,26,151,0,177,0,0,364,0,364,0,26,515,0,541,138,0,138,679
12/27/2010,VNY,CA,AWP,WE,Towers with Radar,0,29,110,0,139,0,0,400,0,400,0,29,510,0,539,220,0,220,759
12/28/2010,VNY,CA,AWP,WE,Towers with Radar,0,19,82,0,101,0,0,579,0,579,0,19,661,0,680,296,0,296,976
12/29/2010,VNY,CA,AWP,WE,Towers with Radar,0,28,58,0,86,0,0,170,0,170,0,28,228,0,256,0,0,0,256
12/30/2010,VNY,CA,AWP,WE,Towers with Radar,0,34,98,0,132,0,0,326,0,326,0,34,424,0,458,96,0,96,554
12/31/2010,VNY,CA,AWP,WE,Towers with Radar,0,22,100,0,122,0,0,391,0,391,0,22,491,0,513,252,0,252,765
01/01/2011,VNY,CA,AWP,WE,Towers with Radar,0,36,106,0,142,0,0,414,0,414,0,36,520,0,556,228,0,228,784
01/02/2011,VNY,CA,AWP,WE,Towers with Radar,0,53,242,0,295,0,0,233,0,233,0,53,475,0,528,62,0,62,590
01/03/2011,VNY,CA,AWP,WE,Towers with Radar,0,33,128,0,161,0,0,200,0,200,0,33,328,0,361,65,0,65,426
01/04/2011,VNY,CA,AWP,WE,Towers with Radar,0,23,86,0,109,0,0,360,0,360,0,23,446,0,469,221,0,221,690
01/05/2011,VNY,CA,AWP,WE,Towers with Radar,0,15,78,0,93,0,0,375,0,375,0,15,453,0,468,144,0,144,612
01/06/2011,VNY,CA,AWP,WE,Towers with Radar,0,20,108,0,128,0,0,420,0,420,0,20,528,0,548,156,0,156,704
01/07/2011,VNY,CA,AWP,WE,Towers with Radar,0,32,101,0,133,0,0,417,0,417,0,32,518,0,550,288,0,288,838
01/08/2011,VNY,CA,AWP,WE,Towers with Radar,0,21,129,0,150,0,0,449,0,449,0,21,578,0,599,400,0,400,999
01/09/2011,VNY,CA,AWP,WE,Towers with Radar,0,34,139,0,173,0,0,562,0,562,0,34,701,0,735,460,0,460,1195
01/10/2011,VNY,CA,AWP,WE,Towers with Radar,0,18,98,0,116,0,0,388,0,388,0,18,486,0,504,324,0,324,828
01/11/2011,VNY,CA,AWP,WE,Towers with Radar,0,23,120,0,143,0,0,429,0,429,0,23,549,0,572,258,2,260,832
01/12/2011,VNY,CA,AWP,WE,Towers with Radar,0,47,89,0,136,0,0,394,0,394,0,47,483,0,530,134,0,134,664
01/13/2011,VNY,CA,AWP,WE,Towers with Radar,0,29,86,0,115,0,0,364,0,364,0,29,450,0,479,182,1,183,662
01/14/2011,VNY,CA,AWP,WE,Towers with Radar,0,30,110,0,140,0,0,389,0,389,0,30,499,0,529,118,0,118,647
01/15/2011,VNY,CA,AWP,WE,Towers with Radar,0,19,47,0,66,0,0,382,0,382,0,19,429,0,448,194,0,194,642
01/16/2011,VNY,CA,AWP,WE,Towers with Radar,0,23,91,0,114,0,0,562,0,562,0,23,653,0,676,338,0,338,1014
01/17/2011,VNY,CA,AWP,WE,Towers with Radar,0,34,85,0,119,0,0,537,0,537,0,34,622,0,656,378,0,378,1034
01/18/2011,VNY,CA,AWP,WE,Towers with Radar,0,25,87,0,112,0,0,585,0,585,0,25,672,0,697,246,0,246,943
01/19/2011,VNY,CA,AWP,WE,Towers with Radar,0,19,102,0,121,0,0,495,0,495,0,19,597,0,616,178,0,178,794
01/20/2011,VNY,CA,AWP,WE,Towers with Radar,0,17,121,0,138,0,0,347,0,347,0,17,468,0,485,143,0,143,628
01/21/2011,VNY,CA,AWP,WE,Towers with Radar,0,31,103,0,134,0,0,531,0,531,0,31,634,0,665,382,0,382,1047
01/22/2011,VNY,CA,AWP,WE,Towers with Radar,0,25,94,0,119,0,0,632,0,632,0,25,726,0,751,502,0,502,1253
01/23/2011,VNY,CA,AWP,WE,Towers with Radar,0,36,114,2,152,0,0,347,0,347,0,36,461,2,499,122,0,122,621
01/24/2011,VNY,CA,AWP,WE,Towers with Radar,0,20,96,2,118,0,0,400,0,400,0,20,496,2,518,208,0,208,726
01/25/2011,VNY,CA,AWP,WE,Towers with Radar,0,22,78,0,100,0,0,459,1,460,0,22,537,1,560,172,0,172,732
01/26/2011,VNY,CA,AWP,WE,Towers with Radar,0,27,89,0,116,0,0,403,0,403,0,27,492,0,519,82,0,82,601
01/27/2011,VNY,CA,AWP,WE,Towers with Radar,0,35,124,0,159,0,0,519,0,519,0,35,643,0,678,184,0,184,862
01/28/2011,VNY,CA,AWP,WE,Towers with Radar,0,18,81,0,99,0,0,482,0,482,0,18,563,0,581,160,0,160,741
01/29/2011,VNY,CA,AWP,WE,Towers with Radar,0,22,93,0,115,0,0,560,0,560,0,22,653,0,675,214,0,214,889
01/30/2011,VNY,CA,AWP,WE,Towers with Radar,0,25,96,0,121,0,0,224,0,224,0,25,320,0,345,46,0,46,391
01/31/2011,VNY,CA,AWP,WE,Towers with Radar,0,6,83,0,89,0,0,415,0,415,0,6,498,0,504,240,0,240,744
02/01/2011,VNY,CA,AWP,WE,Towers with Radar,0,15,74,0,89,0,0,402,0,402,0,15,476,0,491,186,0,186,677
02/02/2011,VNY,CA,AWP,WE,Towers with Radar,0,17,62,0,79,0,0,267,0,267,0,17,329,0,346,78,0,78,424
02/03/2011,VNY,CA,AWP,WE,Towers with Radar,0,27,106,0,133,0,0,508,0,508,0,27,614,0,641,210,0,210,851
02/04/2011,VNY,CA,AWP,WE,Towers with Radar,0,24,120,0,144,0,0,617,4,621,0,24,737,4,765,180,0,180,945
02/05/2011,VNY,CA,AWP,WE,Towers with Radar,0,29,99,0,128,0,0,543,0,543,0,29,642,0,671,222,0,222,893
02/06/2011,VNY,CA,AWP,WE,Towers with Radar,0,35,99,0,134,0,0,425,3,428,0,35,524,3,562,238,0,238,800
02/07/2011,VNY,CA,AWP,WE,Towers with Radar,0,39,127,0,166,0,0,584,0,584,0,39,711,0,750,227,0,227,977
02/08/2011,VNY,CA,AWP,WE,Towers with Radar,0,31,80,0,111,0,0,419,0,419,0,31,499,0,530,192,0,192,722
02/09/2011,VNY,CA,AWP,WE,Towers with Radar,0,30,84,0,114,0,0,405,0,405,0,30,489,0,519,108,0,108,627
02/10/2011,VNY,CA,AWP,WE,Towers with Radar,0,49,104,0,153,0,0,517,0,517,0,49,621,0,670,142,0,142,812
02/11/2011,VNY,CA,AWP,WE,Towers with Radar,0,29,116,1,146,0,0,645,1,646,0,29,761,2,792,144,0,144,936
02/12/2011,VNY,CA,AWP,WE,Towers with Radar,0,15,61,0,76,0,0,593,0,593,0,15,654,0,669,290,0,290,959
02/13/2011,VNY,CA,AWP,WE,Towers with Radar,0,32,101,2,135,0,0,625,0,625,0,32,726,2,760,192,0,192,952
02/14/2011,VNY,CA,AWP,WE,Towers with Radar,0,31,90,3,124,0,0,519,0,519,0,31,609,3,643,247,0,247,890
02/15/2011,VNY,CA,AWP,WE,Towers with Radar,0,29,142,2,173,0,0,333,0,333,0,29,475,2,506,42,0,42,548
02/16/2011,VNY,CA,AWP,WE,Towers with Radar,0,46,114,0,160,0,0,243,0,243,0,46,357,0,403,92,0,92,495
02/17/2011,VNY,CA,AWP,WE,Towers with Radar,0,30,154,1,185,0,0,547,0,547,0,30,701,1,732,156,0,156,888
02/18/2011,VNY,CA,AWP,WE,Towers with Radar,0,34,136,0,170,0,0,285,0,285,0,34,421,0,455,64,0,64,519
02/19/2011,VNY,CA,AWP,WE,Towers with Radar,0,16,87,0,103,0,0,228,0,228,0,16,315,0,331,187,0,187,518
02/20/2011,VNY,CA,AWP,WE,Towers with Radar,0,19,91,0,110,0,0,550,0,550,0,19,641,0,660,202,0,202,862
02/21/2011,VNY,CA,AWP,WE,Towers with Radar,0,43,188,0,231,0,0,652,0,652,0,43,840,0,883,200,0,200,1083
02/22/2011,VNY,CA,AWP,WE,Towers with Radar,0,37,102,0,139,0,0,481,0,481,0,37,583,0,620,228,0,228,848
02/23/2011,VNY,CA,AWP,WE,Towers with Radar,0,34,122,0,156,0,0,482,0,482,0,34,604,0,638,142,0,142,780
02/24/2011,VNY,CA,AWP,WE,Towers with Radar,0,42,101,0,143,0,0,457,2,459,0,42,558,2,602,172,0,172,774
02/25/2011,VNY,CA,AWP,WE,Towers with Radar,0,46,140,0,186,0,0,305,0,305,0,46,445,0,491,56,0,56,547
02/26/2011,VNY,CA,AWP,WE,Towers with Radar,0,20,62,0,82,0,0,221,0,221,0,20,283,0,303,76,0,76,379
02/27/2011,VNY,CA,AWP,WE,Towers with Radar,0,41,113,0,154,0,0,638,0,638,0,41,751,0,792,304,0,304,1096
02/28/2011,VNY,CA,AWP,WE,Towers with Radar,0,30,112,0,142,0,0,461,2,463,0,30,573,2,605,180,0,180,785
03/01/2011,VNY,CA,AWP,WE,Towers with Radar,0,22,103,0,125,0,0,523,0,523,0,22,626,0,648,218,0,218,866
03/02/2011,VNY,CA,AWP,WE,Towers with Radar,0,21,94,2,117,0,0,426,0,426,0,21,520,2,543,214,0,214,757
03/03/2011,VNY,CA,AWP,WE,Towers with Radar,0,16,110,0,126,0,0,387,0,387,0,16,497,0,513,146,0,146,659
03/04/2011,VNY,CA,AWP,WE,Towers with Radar,0,36,91,0,127,0,0,519,0,519,0,36,610,0,646,206,0,206,852
03/05/2011,VNY,CA,AWP,WE,Towers with Radar,0,29,72,0,101,0,0,616,0,616,0,29,688,0,717,428,0,428,1145
03/06/2011,VNY,CA,AWP,WE,Towers with Radar,0,31,122,1,154,0,0,607,0,607,0,31,729,1,761,508,0,508,1269
03/07/2011,VNY,CA,AWP,WE,Towers with Radar,0,22,0,0,22,0,0,370,0,370,0,22,370,0,392,210,0,210,602
03/08/2011,VNY,CA,AWP,WE,Towers with Radar,0,27,84,0,111,0,0,407,0,407,0,27,491,0,518,202,0,202,720
03/09/2011,VNY,CA,AWP,WE,Towers with Radar,0,25,87,1,113,0,0,533,0,533,0,25,620,1,646,246,0,246,892
03/10/2011,VNY,CA,AWP,WE,Towers with Radar,0,37,80,0,117,0,0,499,0,499,0,37,579,0,616,300,0,300,916
03/11/2011,VNY,CA,AWP,WE,Towers with Radar,0,38,127,0,165,0,0,607,2,609,0,38,734,2,774,210,0,210,984
03/12/2011,VNY,CA,AWP,WE,Towers with Radar,0,35,73,0,108,0,0,576,0,576,0,35,649,0,684,364,0,364,1048
03/13/2011,VNY,CA,AWP,WE,Towers with Radar,0,30,95,0,125,0,0,619,0,619,0,30,714,0,744,400,0,400,1144
03/14/2011,VNY,CA,AWP,WE,Towers with Radar,0,27,84,0,111,0,0,531,0,531,0,27,615,0,642,222,0,222,864
03/15/2011,VNY,CA,AWP,WE,Towers with Radar,0,32,89,0,121,0,0,494,0,494,0,32,583,0,615,210,0,210,825
03/16/2011,VNY,CA,AWP,WE,Towers with Radar,0,29,86,0,115,0,0,526,0,526,0,29,612,0,641,294,0,294,935
03/17/2011,VNY,CA,AWP,WE,Towers with Radar,0,39,102,0,141,0,0,511,2,513,0,39,613,2,654,204,0,204,858
03/18/2011,VNY,CA,AWP,WE,Towers with Radar,0,32,119,1,152,0,0,585,0,585,0,32,704,1,737,346,0,346,1083
03/19/2011,VNY,CA,AWP,WE,Towers with Radar,0,26,83,0,109,0,0,370,0,370,0,26,453,0,479,367,0,367,846
03/20/2011,VNY,CA,AWP,WE,Towers with Radar,0,24,91,1,116,0,0,56,0,56,0,24,147,1,172,0,0,0,172
03/21/2011,VNY,CA,AWP,WE,Towers with Radar,0,37,70,0,107,0,0,266,0,266,0,37,336,0,373,54,2,56,429
03/22/2011,VNY,CA,AWP,WE,Towers with Radar,0,26,96,0,122,0,0,492,0,492,0,26,588,0,614,220,0,220,834
03/23/2011,VNY,CA,AWP,WE,Towers with Radar,0,24,106,0,130,0,0,286,0,286,0,24,392,0,416,180,0,180,596
03/24/2011,VNY,CA,AWP,WE,Towers with Radar,0,32,93,0,125,0,0,398,0,398,0,32,491,0,523,212,0,212,735
03/25/2011,VNY,CA,AWP,WE,Towers with Radar,0,31,116,1,148,0,0,529,0,529,0,31,645,1,677,184,0,184,861
03/26/2011,VNY,CA,AWP,WE,Towers with Radar,0,33,93,0,126,0,0,496,1,497,0,33,589,1,623,378,0,378,1001
03/27/2011,VNY,CA,AWP,WE,Towers with Radar,0,36,132,1,169,0,0,376,0,376,0,36,508,1,545,280,0,280,825
03/28/2011,VNY,CA,AWP,WE,Towers with Radar,0,25,99,1,125,0,0,455,0,455,0,25,554,1,580,306,0,306,886
03/29/2011,VNY,CA,AWP,WE,Towers with Radar,0,19,100,0,119,0,0,466,0,466,0,19,566,0,585,346,2,348,933
03/30/2011,VNY,CA,AWP,WE,Towers with Radar,0,25,93,1,119,0,0,468,0,468,0,25,561,1,587,144,0,144,731
03/31/2011,VNY,CA,AWP,WE,Towers with Radar,0,34,94,0,128,0,0,592,0,592,0,34,686,0,720,334,0,334,1054
04/01/2011,VNY,CA,AWP,WE,Towers with Radar,0,29,87,1,117,0,0,532,1,533,0,29,619,2,650,310,0,310,960
04/02/2011,VNY,CA,AWP,WE,Towers with Radar,0,34,87,0,121,0,0,452,0,452,0,34,539,0,573,270,0,270,843
04/03/2011,VNY,CA,AWP,WE,Towers with Radar,0,31,131,0,162,0,0,473,0,473,0,31,604,0,635,344,0,344,979
04/04/2011,VNY,CA,AWP,WE,Towers with Radar,0,28,96,0,124,0,0,605,0,605,0,28,701,0,729,430,0,430,1159
04/05/2011,VNY,CA,AWP,WE,Towers with Radar,0,24,66,0,90,0,0,475,0,475,0,24,541,0,565,434,0,434,999
04/06/2011,VNY,CA,AWP,WE,Towers with Radar,0,30,104,0,134,0,0,410,0,410,0,30,514,0,544,298,0,298,842
04/07/2011,VNY,CA,AWP,WE,Towers with Radar,0,21,110,0,131,0,0,373,0,373,0,21,483,0,504,160,0,160,664
04/08/2011,VNY,CA,AWP,WE,Towers with Radar,0,30,108,0,138,0,0,401,0,401,0,30,509,0,539,256,0,256,795
04/09/2011,VNY,CA,AWP,WE,Towers with Radar,0,28,87,0,115,0,0,518,0,518,0,28,605,0,633,270,0,270,903
04/10/2011,VNY,CA,AWP,WE,Towers with Radar,0,41,110,0,151,0,0,643,0,643,0,41,753,0,794,438,2,440,1234
04/11/2011,VNY,CA,AWP,WE,Towers with Radar,0,30,82,0,112,0,0,489,0,489,0,30,571,0,601,238,0,238,839
04/12/2011,VNY,CA,AWP,WE,Towers with Radar,0,34,101,0,135,0,0,500,0,500,0,34,601,0,635,312,0,312,947
04/13/2011,VNY,CA,AWP,WE,Towers with Radar,0,25,139,0,164,0,0,469,0,469,0,25,608,0,633,388,0,388,1021
04/14/2011,VNY,CA,AWP,WE,Towers with Radar,0,25,118,0,143,0,0,567,0,567,0,25,685,0,710,344,0,344,1054
04/15/2011,VNY,CA,AWP,WE,Towers with Radar,0,38,119,1,158,0,0,583,3,586,0,38,702,4,744,256,0,256,1000
04/16/2011,VNY,CA,AWP,WE,Towers with Radar,0,22,91,1,114,0,0,617,0,617,0,22,708,1,731,386,0,386,1117
04/17/2011,VNY,CA,AWP,WE,Towers with Radar,0,25,101,0,126,0,0,622,0,622,0,25,723,0,748,438,0,438,1186
04/18/2011,VNY,CA,AWP,WE,Towers with Radar,0,32,122,0,154,0,0,342,0,342,0,32,464,0,496,204,0,204,700
04/19/2011,VNY,CA,AWP,WE,Towers with Radar,0,25,99,1,125,0,0,328,0,328,0,25,427,1,453,228,0,228,681
04/20/2011,VNY,CA,AWP,WE,Towers with Radar,0,19,138,1,158,0,0,326,0,326,0,19,464,1,484,165,0,165,649
04/21/2011,VNY,CA,AWP,WE,Towers with Radar,0,29,157,1,187,0,0,235,0,235,0,29,392,1,422,100,0,100,522
04/22/2011,VNY,CA,AWP,WE,Towers with Radar,0,23,115,0,138,0,0,551,0,551,0,23,666,0,689,327,0,327,1016
04/23/2011,VNY,CA,AWP,WE,Towers with Radar,0,31,102,0,133,0,0,572,0,572,0,31,674,0,705,362,0,362,1067
04/24/2011,VNY,CA,AWP,WE,Towers with Radar,0,28,123,0,151,0,0,397,0,397,0,28,520,0,548,274,0,274,822
04/25/2011,VNY,CA,AWP,WE,Towers with Radar,0,21,80,0,101,0,0,466,0,466,0,21,546,0,567,250,0,250,817
04/26/2011,VNY,CA,AWP,WE,Towers with Radar,0,26,83,0,109,0,0,421,0,421,0,26,504,0,530,110,0,110,640
04/27/2011,VNY,CA,AWP,WE,Towers with Radar,0,34,78,0,112,0,0,536,0,536,0,34,614,0,648,290,0,290,938
04/28/2011,VNY,CA,AWP,WE,Towers with Radar,0,23,112,0,135,0,0,565,0,565,0,23,677,0,700,236,0,236,936
04/29/2011,VNY,CA,AWP,WE,Towers with Radar,0,32,143,0,175,0,0,485,0,485,0,32,628,0,660,254,0,254,914
04/30/2011,VNY,CA,AWP,WE,Towers with Radar,0,29,77,0,106,0,0,437,0,437,0,29,514,0,543,136,0,136,679
05/01/2011,VNY,CA,AWP,WE,Towers with Radar,0,24,141,0,165,0,0,492,0,492,0,24,633,0,657,292,0,292,949
05/02/2011,VNY,CA,AWP,WE,Towers with Radar,0,35,74,0,109,0,0,548,0,548,0,35,622,0,657,278,0,278,935
05/03/2011,VNY,CA,AWP,WE,Towers with Radar,0,29,103,0,132,0,0,569,0,569,0,29,672,0,701,218,0,218,919
05/04/2011,VNY,CA,AWP,WE,Towers with Radar,0,40,76,0,116,0,0,466,0,466,0,40,542,0,582,298,0,298,880
05/05/2011,VNY,CA,AWP,WE,Towers with Radar,0,27,104,0,131,0,0,468,1,469,0,27,572,1,600,238,0,238,838
05/06/2011,VNY,CA,AWP,WE,Towers with Radar,0,23,125,1,149,0,0,533,1,534,0,23,658,2,683,367,0,367,1050
05/07/2011,VNY,CA,AWP,WE,Towers with Radar,0,18,106,0,124,0,0,453,0,453,0,18,559,0,577,619,0,619,1196
05/08/2011,VNY,CA,AWP,WE,Towers with Radar,0,34,125,0,159,0,0,343,0,343,0,34,468,0,502,216,0,216,718
05/09/2011,VNY,CA,AWP,WE,Towers with Radar,0,27,76,0,103,0,0,425,0,425,0,27,501,0,528,218,0,218,746
05/10/2011,VNY,CA,AWP,WE,Towers with Radar,0,36,99,0,135,0,0,547,2,549,0,36,646,2,684,302,0,302,986
05/11/2011,VNY,CA,AWP,WE,Towers with Radar,0,25,100,0,125,0,0,400,0,400,0,25,500,0,525,124,0,124,649
05/12/2011,VNY,CA,AWP,WE,Towers with Radar,0,24,133,0,157,0,0,521,0,521,0,24,654,0,678,266,0,266,944
05/13/2011,VNY,CA,AWP,WE,Towers with Radar,0,28,111,0,139,0,0,570,4,574,0,28,681,4,713,468,0,468,1181
05/14/2011,VNY,CA,AWP,WE,Towers with Radar,0,19,90,0,109,0,0,415,0,415,0,19,505,0,524,393,0,393,917
05/15/2011,VNY,CA,AWP,WE,Towers with Radar,0,33,102,0,135,0,0,383,0,383,0,33,485,0,518,304,0,304,822
05/16/2011,VNY,CA,AWP,WE,Towers with Radar,0,12,90,0,102,0,0,422,0,422,0,12,512,0,524,284,0,284,808
05/17/2011,VNY,CA,AWP,WE,Towers with Radar,0,28,114,2,144,0,0,277,1,278,0,28,391,3,422,90,6,96,518
05/18/2011,VNY,CA,AWP,WE,Towers with Radar,0,25,105,0,130,0,0,325,0,325,0,25,430,0,455,218,0,218,673
05/19/2011,VNY,CA,AWP,WE,Towers with Radar,0,28,104,0,132,0,0,487,2,489,0,28,591,2,621,256,0,256,877
05/20/2011,VNY,CA,AWP,WE,Towers with Radar,0,38,128,0,166,0,0,617,0,617,0,38,745,0,783,374,0,374,1157
05/21/2011,VNY,CA,AWP,WE,Towers with Radar,0,26,88,0,114,0,0,541,0,541,0,26,629,0,655,482,0,482,1137
05/22/2011,VNY,CA,AWP,WE,Towers with Radar,0,45,164,1,210,0,0,491,1,492,0,45,655,2,702,302,0,302,1004
05/23/2011,VNY,CA,AWP,WE,Towers with Radar,0,32,108,0,140,0,0,437,0,437,0,32,545,0,577,270,0,270,847
05/24/2011,VNY,CA,AWP,WE,Towers with Radar,0,33,73,1,107,0,0,474,0,474,0,33,547,1,581,226,0,226,807
05/25/2011,VNY,CA,AWP,WE,Towers with Radar,0,26,108,0,134,0,0,499,0,499,0,26,607,0,633,320,0,320,953
05/26/2011,VNY,CA,AWP,WE,Towers with Radar,0,28,132,0,160,0,0,596,0,596,0,28,728,0,756,402,0,402,1158
05/27/2011,VNY,CA,AWP,WE,Towers with Radar,0,28,123,0,151,0,0,627,0,627,0,28,750,0,778,362,0,362,1140
05/28/2011,VNY,CA,AWP,WE,Towers with Radar,0,18,62,0,80,0,0,521,0,521,0,18,583,0,601,290,0,290,891
05/29/2011,VNY,CA,AWP,WE,Towers with Radar,0,13,74,0,87,0,0,414,0,414,0,13,488,0,501,224,0,224,725
05/30/2011,VNY,CA,AWP,WE,Towers with Radar,0,31,130,0,161,0,0,656,0,656,0,31,786,0,817,370,0,370,1187
05/31/2011,VNY,CA,AWP,WE,Towers with Radar,0,18,93,1,112,0,0,581,0,581,0,18,674,1,693,304,0,304,997
06/01/2011,VNY,CA,AWP,WE,Towers with Radar,0,34,93,0,127,0,0,493,2,495,0,34,586,2,622,310,0,310,932
06/02/2011,VNY,CA,AWP,WE,Towers with Radar,0,26,117,0,143,0,0,450,0,450,0,26,567,0,593,220,0,220,813
06/03/2011,VNY,CA,AWP,WE,Towers with Radar,0,13,91,0,104,0,0,525,0,525,0,13,616,0,629,306,0,306,935
06/04/2011,VNY,CA,AWP,WE,Towers with Radar,0,5,49,0,54,0,0,382,0,382,0,5,431,0,436,310,0,310,746
06/05/2011,VNY,CA,AWP,WE,Towers with Radar,0,16,89,3,108,0,0,509,0,509,0,16,598,3,617,410,0,410,1027
06/06/2011,VNY,CA,AWP,WE,Towers with Radar,0,33,85,0,118,0,0,467,0,467,0,33,552,0,585,326,0,326,911
06/07/2011,VNY,CA,AWP,WE,Towers with Radar,0,36,74,0,110,0,0,536,0,536,0,36,610,0,646,358,5,363,1009
06/08/2011,VNY,CA,AWP,WE,Towers with Radar,0,17,140,2,159,0,0,372,0,372,0,17,512,2,531,295,0,295,826
06/09/2011,VNY,CA,AWP,WE,Towers with Radar,0,27,127,0,154,0,0,303,0,303,0,27,430,0,457,274,0,274,731
06/10/2011,VNY,CA,AWP,WE,Towers with Radar,0,33,156,1,190,0,0,466,0,466,0,33,622,1,656,266,0,266,922
06/11/2011,VNY,CA,AWP,WE,Towers with Radar,0,15,87,0,102,0,0,279,0,279,0,15,366,0,381,214,0,214,595
06/12/2011,VNY,CA,AWP,WE,Towers with Radar,0,14,117,0,131,0,0,359,0,359,0,14,476,0,490,243,0,243,733
06/13/2011,VNY,CA,AWP,WE,Towers with Radar,0,28,111,0,139,0,0,523,0,523,0,28,634,0,662,254,0,254,916
06/14/2011,VNY,CA,AWP,WE,Towers with Radar,0,31,117,0,148,0,0,648,0,648,0,31,765,0,796,386,0,386,1182
06/15/2011,VNY,CA,AWP,WE,Towers with Radar,0,29,119,0,148,0,0,387,0,387,0,29,506,0,535,244,0,244,779
06/16/2011,VNY,CA,AWP,WE,Towers with Radar,0,28,116,0,144,0,0,312,2,314,0,28,428,2,458,237,0,237,695
06/17/2011,VNY,CA,AWP,WE,Towers with Radar,0,38,126,0,164,0,0,365,0,365,0,38,491,0,529,206,0,206,735
06/18/2011,VNY,CA,AWP,WE,Towers with Radar,0,34,89,0,123,0,0,524,0,524,0,34,613,0,647,418,0,418,1065
06/19/2011,VNY,CA,AWP,WE,Towers with Radar,0,42,118,0,160,0,0,478,2,480,0,42,596,2,640,302,0,302,942
06/20/2011,VNY,CA,AWP,WE,Towers with Radar,0,33,119,0,152,0,0,479,0,479,0,33,598,0,631,300,8,308,939
06/21/2011,VNY,CA,AWP,WE,Towers with Radar,0,33,93,0,126,0,0,555,0,555,0,33,648,0,681,276,0,276,957
06/22/2011,VNY,CA,AWP,WE,Towers with Radar,0,27,97,0,124,0,0,472,0,472,0,27,569,0,596,258,0,258,854
06/23/2011,VNY,CA,AWP,WE,Towers with Radar,0,42,98,0,140,0,0,483,0,483,0,42,581,0,623,346,0,346,969
06/24/2011,VNY,CA,AWP,WE,Towers with Radar,0,51,103,0,154,0,0,503,0,503,0,51,606,0,657,378,0,378,1035
06/25/2011,VNY,CA,AWP,WE,Towers with Radar,0,35,95,0,130,0,0,569,0,569,0,35,664,0,699,400,0,400,1099
06/26/2011,VNY,CA,AWP,WE,Towers with Radar,0,36,110,0,146,0,0,564,0,564,0,36,674,0,710,390,0,390,1100
06/27/2011,VNY,CA,AWP,WE,Towers with Radar,0,38,83,0,121,0,0,484,0,484,0,38,567,0,605,320,0,320,925
06/28/2011,VNY,CA,AWP,WE,Towers with Radar,0,28,118,0,146,0,0,518,0,518,0,28,636,0,664,340,0,340,1004
06/29/2011,VNY,CA,AWP,WE,Towers with Radar,0,24,118,1,143,0,0,418,0,418,0,24,536,1,561,217,0,217,778
06/30/2011,VNY,CA,AWP,WE,Towers with Radar,0,35,129,0,164,0,0,683,0,683,0,35,812,0,847,322,0,322,1169
07/01/2011,VNY,CA,AWP,WE,Towers with Radar,0,28,128,0,156,0,0,652,0,652,0,28,780,0,808,506,0,506,1314
07/02/2011,VNY,CA,AWP,WE,Towers with Radar,0,20,79,0,99,0,0,600,0,600,0,20,679,0,699,400,0,400,1099
07/03/2011,VNY,CA,AWP,WE,Towers with Radar,0,12,58,0,70,0,0,518,0,518,0,12,576,0,588,324,0,324,912
07/04/2011,VNY,CA,AWP,WE,Towers with Radar,0,19,53,0,72,0,0,467,0,467,0,19,520,0,539,201,0,201,740
07/05/2011,VNY,CA,AWP,WE,Towers with Radar,0,35,124,0,159,0,0,528,0,528,0,35,652,0,687,286,0,286,973
07/06/2011,VNY,CA,AWP,WE,Towers with Radar,0,32,81,0,113,0,0,427,0,427,0,32,508,0,540,260,0,260,800
07/07/2011,VNY,CA,AWP,WE,Towers with Radar,0,28,67,0,95,0,0,575,0,575,0,28,642,0,670,287,0,287,957
07/08/2011,VNY,CA,AWP,WE,Towers with Radar,0,25,87,0,112,0,0,551,0,551,0,25,638,0,663,346,0,346,1009
07/09/2011,VNY,CA,AWP,WE,Towers with Radar,0,26,63,0,89,0,0,637,0,637,0,26,700,0,726,472,0,472,1198
07/10/2011,VNY,CA,AWP,WE,Towers with Radar,0,41,123,0,164,0,0,619,0,619,0,41,742,0,783,432,0,432,1215
07/11/2011,VNY,CA,AWP,WE,Towers with Radar,0,29,105,0,134,0,0,444,0,444,0,29,549,0,578,236,0,236,814
07/12/2011,VNY,CA,AWP,WE,Towers with Radar,0,32,104,0,136,0,0,500,2,502,0,32,604,2,638,404,0,404,1042
07/13/2011,VNY,CA,AWP,WE,Towers with Radar,0,40,107,1,148,0,0,522,0,522,0,40,629,1,670,410,0,410,1080
07/14/2011,VNY,CA,AWP,WE,Towers with Radar,0,35,139,0,174,0,0,513,0,513,0,35,652,0,687,455,0,455,1142
07/15/2011,VNY,CA,AWP,WE,Towers with Radar,0,36,105,0,141,0,0,897,0,897,0,36,1002,0,1038,462,0,462,1500
07/16/2011,VNY,CA,AWP,WE,Towers with Radar,0,17,72,0,89,0,0,1100,0,1100,0,17,1172,0,1189,596,0,596,1785
07/17/2011,VNY,CA,AWP,WE,Towers with Radar,0,30,71,0,101,0,0,808,0,808,0,30,879,0,909,408,0,408,1317
07/18/2011,VNY,CA,AWP,WE,Towers with Radar,0,21,96,1,118,0,0,508,0,508,0,21,604,1,626,310,0,310,936
07/19/2011,VNY,CA,AWP,WE,Towers with Radar,0,30,100,0,130,0,0,583,0,583,0,30,683,0,713,258,0,258,971
07/20/2011,VNY,CA,AWP,WE,Towers with Radar,0,27,95,0,122,0,0,522,0,522,0,27,617,0,644,408,0,408,1052
07/21/2011,VNY,CA,AWP,WE,Towers with Radar,0,41,142,0,183,0,0,516,0,516,0,41,658,0,699,278,0,278,977
07/22/2011,VNY,CA,AWP,WE,Towers with Radar,0,35,111,0,146,0,0,531,0,531,0,35,642,0,677,334,0,334,1011
07/23/2011,VNY,CA,AWP,WE,Towers with Radar,0,22,84,0,106,0,0,580,0,580,0,22,664,0,686,346,0,346,1032
07/24/2011,VNY,CA,AWP,WE,Towers with Radar,0,31,146,0,177,0,0,565,0,565,0,31,711,0,742,410,0,410,1152
07/25/2011,VNY,CA,AWP,WE,Towers with Radar,0,38,85,0,123,0,0,621,0,621,0,38,706,0,744,324,0,324,1068
07/26/2011,VNY,CA,AWP,WE,Towers with Radar,0,23,96,0,119,0,0,504,0,504,0,23,600,0,623,264,0,264,887
07/27/2011,VNY,CA,AWP,WE,Towers with Radar,0,15,114,0,129,0,0,442,0,442,0,15,556,0,571,272,0,272,843
07/28/2011,VNY,CA,AWP,WE,Towers with Radar,0,21,123,0,144,0,0,483,0,483,0,21,606,0,627,216,0,216,843
07/29/2011,VNY,CA,AWP,WE,Towers with Radar,0,31,109,0,140,0,0,486,0,486,0,31,595,0,626,370,0,370,996
07/30/2011,VNY,CA,AWP,WE,Towers with Radar,0,19,79,0,98,0,0,605,0,605,0,19,684,0,703,360,0,360,1063
07/31/2011,VNY,CA,AWP,WE,Towers with Radar,0,28,84,0,112,0,0,497,0,497,0,28,581,0,609,256,0,256,865
08/01/2011,VNY,CA,AWP,WE,Towers with Radar,0,15,95,2,112,0,1,296,0,297,0,16,391,2,409,168,0,168,577
08/02/2011,VNY,CA,AWP,WE,Towers with Radar,0,22,88,5,115,0,5,405,6,416,0,27,493,11,531,250,0,250,781
08/03/2011,VNY,CA,AWP,WE,Towers with Radar,0,46,98,0,144,0,2,308,0,310,0,48,406,0,454,310,0,310,764
08/04/2011,VNY,CA,AWP,WE,Towers with Radar,4,29,110,2,145,0,0,297,7,304,4,29,407,9,449,326,0,326,775
08/05/2011,VNY,CA,AWP,WE,Towers with Radar,0,25,108,0,133,0,1,323,0,324,0,26,431,0,457,268,0,268,725
08/06/2011,VNY,CA,AWP,WE,Towers with Radar,0,22,98,0,120,0,2,306,0,308,0,24,404,0,428,243,0,243,671
08/07/2011,VNY,CA,AWP,WE,Towers with Radar,0,33,103,0,136,0,1,508,0,509,0,34,611,0,645,396,0,396,1041
08/08/2011,VNY,CA,AWP,WE,Towers with Radar,0,22,100,0,122,0,0,374,3,377,0,22,474,3,499,346,0,346,845
08/09/2011,VNY,CA,AWP,WE,Towers with Radar,0,30,89,0,119,0,0,278,0,278,0,30,367,0,397,214,0,214,611
08/10/2011,VNY,CA,AWP,WE,Towers with Radar,1,43,104,0,148,0,1,289,1,291,1,44,393,1,439,236,0,236,675
08/11/2011,VNY,CA,AWP,WE,Towers with Radar,2,24,145,0,171,0,1,372,0,373,2,25,517,0,544,262,0,262,806
08/12/2011,VNY,CA,AWP,WE,Towers with Radar,0,20,136,0,156,0,2,354,0,356,0,22,490,0,512,264,0,264,776
08/13/2011,VNY,CA,AWP,WE,Towers with Radar,2,22,87,0,111,0,0,462,0,462,2,22,549,0,573,300,0,300,873
08/14/2011,VNY,CA,AWP,WE,Towers with Radar,0,20,123,0,143,0,0,404,3,407,0,20,527,3,550,284,0,284,834
08/15/2011,VNY,CA,AWP,WE,Towers with Radar,0,24,126,2,152,0,5,360,3,368,0,29,486,5,520,289,0,289,809
08/16/2011,VNY,CA,AWP,WE,Towers with Radar,0,18,99,2,119,1,1,346,0,348,1,19,445,2,467,276,0,276,743
08/17/2011,VNY,CA,AWP,WE,Towers with Radar,0,28,117,2,147,0,3,372,1,376,0,31,489,3,523,267,2,269,792
08/18/2011,VNY,CA,AWP,WE,Towers with Radar,0,22,141,0,163,0,1,403,0,404,0,23,544,0,567,218,0,218,785
08/19/2011,VNY,CA,AWP,WE,Towers with Radar,2,35,122,1,160,0,0,357,0,357,2,35,479,1,517,218,0,218,735
08/20/2011,VNY,CA,AWP,WE,Towers with Radar,0,24,94,0,118,0,0,307,0,307,0,24,401,0,425,268,0,268,693
08/21/2011,VNY,CA,AWP,WE,Towers with Radar,0,31,122,0,153,0,0,410,1,411,0,31,532,1,564,426,0,426,990
08/22/2011,VNY,CA,AWP,WE,Towers with Radar,0,29,112,1,142,0,2,369,1,372,0,31,481,2,514,282,0,282,796
08/23/2011,VNY,CA,AWP,WE,Towers with Radar,0,34,85,0,119,0,3,407,0,410,0,37,492,0,529,310,0,310,839
08/24/2011,VNY,CA,AWP,WE,Towers with Radar,0,17,115,0,132,6,2,423,2,433,6,19,538,2,565,282,0,282,847
08/25/2011,VNY,CA,AWP,WE,Towers with Radar,0,19,84,0,103,0,4,348,0,352,0,23,432,0,455,242,0,242,697
08/26/2011,VNY,CA,AWP,WE,Towers with Radar,0,35,84,3,122,0,2,402,0,404,0,37,486,3,526,236,0,236,762
08/27/2011,VNY,CA,AWP,WE,Towers with Radar,0,15,77,1,93,0,2,513,2,517,0,17,590,3,610,334,0,334,944
08/28/2011,VNY,CA,AWP,WE,Towers with Radar,2,22,104,0,128,0,2,367,1,370,2,24,471,1,498,350,0,350,848
08/29/2011,VNY,CA,AWP,WE,Towers with Radar,0,25,76,0,101,0,3,328,0,331,0,28,404,0,432,240,0,240,672
08/30/2011,VNY,CA,AWP,WE,Towers with Radar,0,20,82,0,102,0,3,504,1,508,0,23,586,1,610,464,0,464,1074
08/31/2011,VNY,CA,AWP,WE,Towers with Radar,0,30,100,1,131,0,0,362,1,363,0,30,462,2,494,236,0,236,730
09/01/2011,VNY,CA,AWP,WE,Towers with Radar,0,23,104,0,127,0,2,361,0,363,0,25,465,0,490,246,0,246,736
09/02/2011,VNY,CA,AWP,WE,Towers with Radar,0,42,109,1,152,0,0,484,0,484,0,42,593,1,636,304,0,304,940
09/03/2011,VNY,CA,AWP,WE,Towers with Radar,0,22,63,0,85,0,0,498,0,498,0,22,561,0,583,340,0,340,923
09/04/2011,VNY,CA,AWP,WE,Towers with Radar,1,17,58,0,76,0,2,452,1,455,1,19,510,1,531,358,0,358,889
09/05/2011,VNY,CA,AWP,WE,Towers with Radar,0,37,147,0,184,0,0,400,5,405,0,37,547,5,589,216,0,216,805
09/06/2011,VNY,CA,AWP,WE,Towers with Radar,0,30,90,0,120,0,0,445,2,447,0,30,535,2,567,296,0,296,863
09/07/2011,VNY,CA,AWP,WE,Towers with Radar,0,33,105,0,138,13,1,313,0,327,13,34,418,0,465,262,0,262,727
09/08/2011,VNY,CA,AWP,WE,Towers with Radar,0,24,87,0,111,0,0,392,0,392,0,24,479,0,503,246,0,246,749
09/09/2011,VNY,CA,AWP,WE,Towers with Radar,0,29,140,2,171,39,1,443,4,487,39,30,583,6,658,206,0,206,864
09/10/2011,VNY,CA,AWP,WE,Towers with Radar,0,20,98,0,118,8,0,243,0,251,8,20,341,0,369,168,0,168,537
09/11/2011,VNY,CA,AWP,WE,Towers with Radar,0,25,128,0,153,12,0,375,2,389,12,25,503,2,542,314,0,314,856
09/12/2011,VNY,CA,AWP,WE,Towers with Radar,0,22,91,0,113,3,1,334,1,339,3,23,425,1,452,268,0,268,720
09/13/2011,VNY,CA,AWP,WE,Towers with Radar,3,14,69,0,86,0,1,314,0,315,3,15,383,0,401,260,0,260,661
09/14/2011,VNY,CA,AWP,WE,Towers with Radar,0,20,103,0,123,0,0,336,0,336,0,20,439,0,459,294,0,294,753
09/15/2011,VNY,CA,AWP,WE,Towers with Radar,0,26,121,1,148,31,0,231,1,263,31,26,352,2,411,192,0,192,603
09/16/2011,VNY,CA,AWP,WE,Towers with Radar,0,26,143,0,169,0,0,312,0,312,0,26,455,0,481,138,0,138,619
09/17/2011,VNY,CA,AWP,WE,Towers with Radar,0,19,112,1,132,0,0,431,3,434,0,19,543,4,566,210,0,210,776
09/18/2011,VNY,CA,AWP,WE,Towers with Radar,0,23,109,1,133,0,0,466,1,467,0,23,575,2,600,364,0,364,964
09/19/2011,VNY,CA,AWP,WE,Towers with Radar,0,35,98,0,133,0,0,397,3,400,0,35,495,3,533,242,0,242,775
09/20/2011,VNY,CA,AWP,WE,Towers with Radar,0,23,107,0,130,0,0,382,0,382,0,23,489,0,512,302,0,302,814
09/21/2011,VNY,CA,AWP,WE,Towers with Radar,0,30,107,1,138,17,0,376,0,393,17,30,483,1,531,292,0,292,823
09/22/2011,VNY,CA,AWP,WE,Towers with Radar,0,35,120,0,155,17,1,417,0,435,17,36,537,0,590,238,0,238,828
09/23/2011,VNY,CA,AWP,WE,Towers with Radar,3,27,139,2,171,0,0,349,2,351,3,27,488,4,522,272,0,272,794
09/24/2011,VNY,CA,AWP,WE,Towers with Radar,0,15,109,0,124,18,0,248,0,266,18,15,357,0,390,360,0,360,750
09/25/2011,VNY,CA,AWP,WE,Towers with Radar,0,33,129,0,162,0,0,336,0,336,0,33,465,0,498,446,0,446,944
09/26/2011,VNY,CA,AWP,WE,Towers with Radar,1,37,114,0,152,0,0,211,0,211,1,37,325,0,363,184,0,184,547
09/27/2011,VNY,CA,AWP,WE,Towers with Radar,0,40,119,0,159,0,1,269,2,272,0,41,388,2,431,142,0,142,573
09/28/2011,VNY,CA,AWP,WE,Towers with Radar,0,39,125,1,165,0,1,367,2,370,0,40,492,3,535,276,0,276,811
09/29/2011,VNY,CA,AWP,WE,Towers with Radar,0,29,90,0,119,0,2,307,0,309,0,31,397,0,428,182,0,182,610
09/30/2011,VNY,CA,AWP,WE,Towers with Radar,0,32,150,1,183,11,1,295,1,308,11,33,445,2,491,232,0,232,723
10/01/2011,VNY,CA,AWP,WE,Towers with Radar,0,16,65,0,81,0,1,491,0,492,0,17,556,0,573,378,0,378,951
10/02/2011,VNY,CA,AWP,WE,Towers with Radar,0,31,102,0,133,0,0,505,0,505,0,31,607,0,638,522,0,522,1160
10/03/2011,VNY,CA,AWP,WE,Towers with Radar,0,16,88,0,104,0,1,434,0,435,0,17,522,0,539,280,0,280,819
10/04/2011,VNY,CA,AWP,WE,Towers with Radar,0,22,116,0,138,0,1,291,0,292,0,23,407,0,430,230,0,230,660
10/05/2011,VNY,CA,AWP,WE,Towers with Radar,0,26,123,1,150,0,0,69,0,69,0,26,192,1,219,16,0,16,235
10/06/2011,VNY,CA,AWP,WE,Towers with Radar,0,22,119,0,141,0,2,491,0,493,0,24,610,0,634,342,0,342,976
10/07/2011,VNY,CA,AWP,WE,Towers with Radar,0,14,99,0,113,0,0,366,0,366,0,14,465,0,479,350,0,350,829
10/08/2011,VNY,CA,AWP,WE,Towers with Radar,0,14,66,0,80,0,0,519,1,520,0,14,585,1,600,430,0,430,1030
10/09/2011,VNY,CA,AWP,WE,Towers with Radar,0,30,78,0,108,0,0,491,0,491,0,30,569,0,599,380,0,380,979
10/10/2011,VNY,CA,AWP,WE,Towers with Radar,0,30,96,4,130,0,0,382,3,385,0,30,478,7,515,256,0,256,771
10/11/2011,VNY,CA,AWP,WE,Towers with Radar,1,25,80,0,106,0,0,349,2,351,1,25,429,2,457,266,0,266,723
10/12/2011,VNY,CA,AWP,WE,Towers with Radar,1,29,86,1,117,0,0,343,0,343,1,29,429,1,460,166,0,166,626
10/13/2011,VNY,CA,AWP,WE,Towers with Radar,3,24,139,0,166,0,0,295,0,295,3,24,434,0,461,199,0,199,660
10/14/2011,VNY,CA,AWP,WE,Towers with Radar,0,27,122,1,150,0,2,451,0,453,0,29,573,1,603,278,0,278,881
10/15/2011,VNY,CA,AWP,WE,Towers with Radar,0,35,93,0,128,4,2,416,0,422,4,37,509,0,550,310,0,310,860
10/16/2011,VNY,CA,AWP,WE,Towers with Radar,0,42,105,0,147,0,0,382,0,382,0,42,487,0,529,308,0,308,837
10/17/2011,VNY,CA,AWP,WE,Towers with Radar,3,26,75,2,106,0,2,379,2,383,3,28,454,4,489,194,0,194,683
10/18/2011,VNY,CA,AWP,WE,Towers with Radar,0,43,116,0,159,0,3,390,0,393,0,46,506,0,552,268,0,268,820
10/19/2011,VNY,CA,AWP,WE,Towers with Radar,0,27,121,0,148,0,0,56,0,56,0,27,177,0,204,0,0,0,204
10/20/2011,VNY,CA,AWP,WE,Towers with Radar,4,33,132,1,170,0,0,301,0,301,4,33,433,1,471,198,0,198,669
10/21/2011,VNY,CA,AWP,WE,Towers with Radar,0,30,133,0,163,0,1,371,0,372,0,31,504,0,535,294,0,294,829
10/22/2011,VNY,CA,AWP,WE,Towers with Radar,0,25,90,0,115,0,1,519,0,520,0,26,609,0,635,438,0,438,1073
10/23/2011,VNY,CA,AWP,WE,Towers with Radar,0,54,129,0,183,0,0,505,0,505,0,54,634,0,688,354,0,354,1042
10/24/2011,VNY,CA,AWP,WE,Towers with Radar,0,19,107,0,126,0,0,126,0,126,0,19,233,0,252,70,0,70,322
10/25/2011,VNY,CA,AWP,WE,Towers with Radar,0,20,87,0,107,0,1,162,0,163,0,21,249,0,270,152,0,152,422
10/26/2011,VNY,CA,AWP,WE,Towers with Radar,0,31,117,0,148,0,2,291,3,296,0,33,408,3,444,188,0,188,632
10/27/2011,VNY,CA,AWP,WE,Towers with Radar,0,32,104,1,137,0,1,306,1,308,0,33,410,2,445,150,0,150,595
10/28/2011,VNY,CA,AWP,WE,Towers with Radar,0,36,108,2,146,0,0,420,0,420,0,36,528,2,566,194,0,194,760
10/29/2011,VNY,CA,AWP,WE,Towers with Radar,1,21,69,0,91,0,1,589,1,591,1,22,658,1,682,486,0,486,1168
10/30/2011,VNY,CA,AWP,WE,Towers with Radar,0,33,116,2,151,2,0,504,2,508,2,33,620,4,659,396,0,396,1055
10/31/2011,VNY,CA,AWP,WE,Towers with Radar,0,26,84,2,112,0,0,291,0,291,0,26,375,2,403,262,0,262,665
11/01/2011,VNY,CA,AWP,WE,Towers with Radar,0,33,101,0,134,0,4,340,0,344,0,37,441,0,478,300,0,300,778
11/02/2011,VNY,CA,AWP,WE,Towers with Radar,0,38,77,0,115,0,1,235,2,238,0,39,312,2,353,176,0,176,529
11/03/2011,VNY,CA,AWP,WE,Towers with Radar,0,36,99,1,136,0,0,369,0,369,0,36,468,1,505,258,0,258,763
11/04/2011,VNY,CA,AWP,WE,Towers with Radar,0,22,106,2,130,0,0,225,0,225,0,22,331,2,355,144,0,144,499
11/05/2011,VNY,CA,AWP,WE,Towers with Radar,0,13,67,0,80,0,0,488,0,488,0,13,555,0,568,388,0,388,956
11/06/2011,VNY,CA,AWP,WE,Towers with Radar,0,28,113,0,141,0,0,208,0,208,0,28,321,0,349,213,0,213,562
11/07/2011,VNY,CA,AWP,WE,Towers with Radar,0,22,93,1,116,0,0,368,2,370,0,22,461,3,486,266,0,266,752
11/08/2011,VNY,CA,AWP,WE,Towers with Radar,0,31,76,2,109,0,0,346,0,346,0,31,422,2,455,206,0,206,661
11/09/2011,VNY,CA,AWP,WE,Towers with Radar,0,43,105,1,149,0,1,417,2,420,0,44,522,3,569,384,0,384,953
11/10/2011,VNY,CA,AWP,WE,Towers with Radar,3,37,116,0,156,0,0,379,0,379,3,37,495,0,535,144,0,144,679
11/11/2011,VNY,CA,AWP,WE,Towers with Radar,0,31,127,0,158,0,0,365,2,367,0,31,492,2,525,154,0,154,679
11/12/2011,VNY,CA,AWP,WE,Towers with Radar,0,21,71,0,92,0,2,197,0,199,0,23,268,0,291,238,0,238,529
11/13/2011,VNY,CA,AWP,WE,Towers with Radar,0,35,131,1,167,0,0,469,3,472,0,35,600,4,639,496,0,496,1135
11/14/2011,VNY,CA,AWP,WE,Towers with Radar,0,28,80,0,108,0,2,402,2,406,0,30,482,2,514,202,0,202,716
11/15/2011,VNY,CA,AWP,WE,Towers with Radar,0,36,72,2,110,0,1,284,0,285,0,37,356,2,395,170,0,170,565
11/16/2011,VNY,CA,AWP,WE,Towers with Radar,0,35,104,0,139,0,1,296,0,297,0,36,400,0,436,309,0,309,745
11/17/2011,VNY,CA,AWP,WE,Towers with Radar,0,25,111,0,136,0,1,451,0,452,0,26,562,0,588,268,0,268,856
11/18/2011,VNY,CA,AWP,WE,Towers with Radar,0,45,140,5,190,0,0,160,0,160,0,45,300,5,350,94,0,94,444
11/19/2011,VNY,CA,AWP,WE,Towers with Radar,0,18,117,0,135,0,1,403,0,404,0,19,520,0,539,367,0,367,906
11/20/2011,VNY,CA,AWP,WE,Towers with Radar,0,35,100,0,135,0,2,48,0,50,0,37,148,0,185,2,0,2,187
11/21/2011,VNY,CA,AWP,WE,Towers with Radar,0,24,76,1,101,0,2,378,2,382,0,26,454,3,483,252,0,252,735
11/22/2011,VNY,CA,AWP,WE,Towers with Radar,0,43,113,0,156,0,2,490,1,493,0,45,603,1,649,418,0,418,1067
11/23/2011,VNY,CA,AWP,WE,Towers with Radar,0,50,117,0,167,0,7,426,1,434,0,57,543,1,601,244,0,244,845
11/24/2011,VNY,CA,AWP,WE,Towers with Radar,0,24,36,0,60,0,1,108,0,109,0,25,144,0,169,58,0,58,227
11/25/2011,VNY,CA,AWP,WE,Towers with Radar,0,16,64,0,80,0,0,380,0,380,0,16,444,0,460,252,0,252,712
11/26/2011,VNY,CA,AWP,WE,Towers with Radar,0,34,64,2,100,0,0,115,0,115,0,34,179,2,215,0,0,0,215
11/27/2011,VNY,CA,AWP,WE,Towers with Radar,0,48,141,0,189,0,0,134,0,134,0,48,275,0,323,0,0,0,323
11/28/2011,VNY,CA,AWP,WE,Towers with Radar,0,27,74,0,101,0,1,325,0,326,0,28,399,0,427,185,0,185,612
11/29/2011,VNY,CA,AWP,WE,Towers with Radar,0,27,84,0,111,0,1,302,0,303,0,28,386,0,414,180,0,180,594
11/30/2011,VNY,CA,AWP,WE,Towers with Radar,0,32,75,0,107,0,0,314,0,314,0,32,389,0,421,216,0,216,637
12/01/2011,VNY,CA,AWP,WE,Towers with Radar,0,17,68,0,85,0,1,107,0,108,0,18,175,0,193,32,0,32,225
12/02/2011,VNY,CA,AWP,WE,Towers with Radar,0,12,78,0,90,0,0,280,0,280,0,12,358,0,370,134,0,134,504
12/03/2011,VNY,CA,AWP,WE,Towers with Radar,0,25,40,0,65,0,0,261,0,261,0,25,301,0,326,66,0,66,392
12/04/2011,VNY,CA,AWP,WE,Towers with Radar,0,21,83,0,104,0,0,349,1,350,0,21,432,1,454,262,0,262,716
12/05/2011,VNY,CA,AWP,WE,Towers with Radar,0,21,58,0,79,0,0,228,1,229,0,21,286,1,308,158,0,158,466
12/06/2011,VNY,CA,AWP,WE,Towers with Radar,0,18,100,4,122,0,3,332,1,336,0,21,432,5,458,258,0,258,716
12/07/2011,VNY,CA,AWP,WE,Towers with Radar,0,30,83,0,113,0,1,352,0,353,0,31,435,0,466,214,0,214,680
12/08/2011,VNY,CA,AWP,WE,Towers with Radar,5,29,99,0,133,0,1,333,0,334,5,30,432,0,467,226,0,226,693
12/09/2011,VNY,CA,AWP,WE,Towers with Radar,0,23,87,0,110,0,0,402,0,402,0,23,489,0,512,230,0,230,742
12/10/2011,VNY,CA,AWP,WE,Towers with Radar,0,19,75,1,95,0,1,504,0,505,0,20,579,1,600,446,0,446,1046
12/11/2011,VNY,CA,AWP,WE,Towers with Radar,0,21,122,0,143,0,2,280,2,284,0,23,402,2,427,420,0,420,847
12/12/2011,VNY,CA,AWP,WE,Towers with Radar,0,29,88,0,117,0,0,65,0,65,0,29,153,0,182,20,0,20,202
12/13/2011,VNY,CA,AWP,WE,Towers with Radar,0,25,85,3,113,0,2,229,1,232,0,27,314,4,345,138,0,138,483
12/14/2011,VNY,CA,AWP,WE,Towers with Radar,0,21,98,1,120,0,1,304,0,305,0,22,402,1,425,216,0,216,641
12/15/2011,VNY,CA,AWP,WE,Towers with Radar,0,45,114,0,159,0,1,323,0,324,0,46,437,0,483,168,0,168,651
12/16/2011,VNY,CA,AWP,WE,Towers with Radar,0,42,104,0,146,0,0,249,0,249,0,42,353,0,395,130,0,130,525
12/17/2011,VNY,CA,AWP,WE,Towers with Radar,0,48,98,0,146,0,0,244,0,244,0,48,342,0,390,148,0,148,538
12/18/2011,VNY,CA,AWP,WE,Towers with Radar,0,40,109,3,152,0,0,415,0,415,0,40,524,3,567,306,2,308,875
12/19/2011,VNY,CA,AWP,WE,Towers with Radar,0,32,119,0,151,0,0,218,0,218,0,32,337,0,369,172,0,172,541
12/20/2011,VNY,CA,AWP,WE,Towers with Radar,0,32,91,1,124,0,1,305,0,306,0,33,396,1,430,194,0,194,624
12/21/2011,VNY,CA,AWP,WE,Towers with Radar,0,33,86,0,119,0,1,384,0,385,0,34,470,0,504,332,0,332,836
12/22/2011,VNY,CA,AWP,WE,Towers with Radar,0,25,85,0,110,0,0,162,0,162,0,25,247,0,272,36,0,36,308
12/23/2011,VNY,CA,AWP,WE,Towers with Radar,0,22,67,0,89,0,0,313,1,314,0,22,380,1,403,76,0,76,479
12/24/2011,VNY,CA,AWP,WE,Towers with Radar,0,24,43,0,67,0,0,267,1,268,0,24,310,1,335,178,0,178,513
12/25/2011,VNY,CA,AWP,WE,Towers with Radar,0,27,47,0,74,0,0,167,0,167,0,27,214,0,241,26,0,26,267
12/26/2011,VNY,CA,AWP,WE,Towers with Radar,0,33,137,0,170,0,1,458,0,459,0,34,595,0,629,238,0,238,867
12/27/2011,VNY,CA,AWP,WE,Towers with Radar,0,33,98,0,131,0,0,473,0,473,0,33,571,0,604,262,0,262,866
12/28/2011,VNY,CA,AWP,WE,Towers with Radar,0,29,64,0,93,0,0,336,0,336,0,29,400,0,429,270,0,270,699
12/29/2011,VNY,CA,AWP,WE,Towers with Radar,0,34,99,1,134,0,0,351,1,352,0,34,450,2,486,220,0,220,706
12/30/2011,VNY,CA,AWP,WE,Towers with Radar,0,36,125,0,161,0,2,480,2,484,0,38,605,2,645,247,0,247,892
12/31/2011,VNY,CA,AWP,WE,Towers with Radar,0,27,84,0,111,0,0,416,0,416,0,27,500,0,527,208,0,208,735
01/01/2012,VNY,CA,AWP,WE,Towers with Radar,0,44,134,0,178,0,0,287,0,287,0,44,421,0,465,136,0,136,601
01/02/2012,VNY,CA,AWP,WE,Towers with Radar,0,48,144,0,192,0,1,407,0,408,0,49,551,0,600,294,0,294,894
01/03/2012,VNY,CA,AWP,WE,Towers with Radar,0,42,115,1,158,0,0,330,0,330,0,42,445,1,488,206,0,206,694
01/04/2012,VNY,CA,AWP,WE,Towers with Radar,0,18,80,0,98,0,0,368,0,368,0,18,448,0,466,198,0,198,664
01/05/2012,VNY,CA,AWP,WE,Towers with Radar,0,21,82,0,103,0,1,335,1,337,0,22,417,1,440,257,0,257,697
01/06/2012,VNY,CA,AWP,WE,Towers with Radar,0,20,72,0,92,0,1,351,0,352,0,21,423,0,444,210,0,210,654
01/07/2012,VNY,CA,AWP,WE,Towers with Radar,2,19,85,0,106,0,0,347,0,347,2,19,432,0,453,290,0,290,743
01/08/2012,VNY,CA,AWP,WE,Towers with Radar,0,29,76,0,105,0,0,215,0,215,0,29,291,0,320,138,0,138,458
01/09/2012,VNY,CA,AWP,WE,Towers with Radar,0,26,85,0,111,0,0,344,0,344,0,26,429,0,455,218,0,218,673
01/10/2012,VNY,CA,AWP,WE,Towers with Radar,0,40,106,2,148,0,0,291,1,292,0,40,397,3,440,204,0,204,644
01/11/2012,VNY,CA,AWP,WE,Towers with Radar,0,46,94,0,140,0,1,314,0,315,0,47,408,0,455,192,0,192,647
01/12/2012,VNY,CA,AWP,WE,Towers with Radar,0,44,86,0,130,0,1,325,0,326,0,45,411,0,456,232,0,232,688
01/13/2012,VNY,CA,AWP,WE,Towers with Radar,0,41,107,2,150,0,1,393,0,394,0,42,500,2,544,214,0,214,758
01/14/2012,VNY,CA,AWP,WE,Towers with Radar,0,9,78,0,87,0,0,399,0,399,0,9,477,0,486,338,0,338,824
01/15/2012,VNY,CA,AWP,WE,Towers with Radar,0,20,95,0,115,2,3,283,0,288,2,23,378,0,403,252,0,252,655
01/16/2012,VNY,CA,AWP,WE,Towers with Radar,0,39,114,0,153,0,0,253,1,254,0,39,367,1,407,222,0,222,629
01/17/2012,VNY,CA,AWP,WE,Towers with Radar,5,21,100,5,131,0,0,336,3,339,5,21,436,8,470,190,0,190,660
01/18/2012,VNY,CA,AWP,WE,Towers with Radar,0,21,101,0,122,0,25,348,0,373,0,46,449,0,495,167,0,167,662
01/19/2012,VNY,CA,AWP,WE,Towers with Radar,0,35,116,0,151,0,2,368,1,371,0,37,484,1,522,406,0,406,928
01/20/2012,VNY,CA,AWP,WE,Towers with Radar,0,50,152,1,203,0,1,381,0,382,0,51,533,1,585,276,0,276,861
01/21/2012,VNY,CA,AWP,WE,Towers with Radar,0,13,53,0,66,0,2,193,0,195,0,15,246,0,261,88,0,88,349
01/22/2012,VNY,CA,AWP,WE,Towers with Radar,0,44,101,0,145,0,0,333,0,333,0,44,434,0,478,244,0,244,722
01/23/2012,VNY,CA,AWP,WE,Towers with Radar,0,39,105,0,144,0,0,55,0,55,0,39,160,0,199,0,0,0,199
01/24/2012,VNY,CA,AWP,WE,Towers with Radar,0,41,96,1,138,0,1,252,2,255,0,42,348,3,393,102,0,102,495
01/25/2012,VNY,CA,AWP,WE,Towers with Radar,0,28,76,0,104,0,0,238,0,238,0,28,314,0,342,90,0,90,432
01/26/2012,VNY,CA,AWP,WE,Towers with Radar,0,26,96,0,122,0,4,354,0,358,0,30,450,0,480,222,0,222,702
01/27/2012,VNY,CA,AWP,WE,Towers with Radar,0,31,91,0,122,0,4,324,1,329,0,35,415,1,451,138,0,138,589
01/28/2012,VNY,CA,AWP,WE,Towers with Radar,0,22,67,0,89,0,0,217,1,218,0,22,284,1,307,84,0,84,391
01/29/2012,VNY,CA,AWP,WE,Towers with Radar,0,37,103,0,140,0,4,486,1,491,0,41,589,1,631,402,0,402,1033
01/30/2012,VNY,CA,AWP,WE,Towers with Radar,0,21,86,0,107,0,1,300,1,302,0,22,386,1,409,262,0,262,671
01/31/2012,VNY,CA,AWP,WE,Towers with Radar,0,18,100,1,119,0,0,285,0,285,0,18,385,1,404,262,0,262,666
02/01/2012,VNY,CA,AWP,WE,Towers with Radar,0,21,92,0,113,0,0,350,0,350,0,21,442,0,463,362,0,362,825
02/02/2012,VNY,CA,AWP,WE,Towers with Radar,0,16,99,0,115,0,1,314,0,315,0,17,413,0,430,208,0,208,638
02/03/2012,VNY,CA,AWP,WE,Towers with Radar,0,41,88,0,129,0,0,342,0,342,0,41,430,0,471,196,0,196,667
02/04/2012,VNY,CA,AWP,WE,Towers with Radar,0,27,74,2,103,0,0,387,0,387,0,27,461,2,490,356,0,356,846
02/05/2012,VNY,CA,AWP,WE,Towers with Radar,0,23,75,0,98,0,0,376,0,376,0,23,451,0,474,316,0,316,790
02/06/2012,VNY,CA,AWP,WE,Towers with Radar,0,35,107,0,142,0,1,229,1,231,0,36,336,1,373,134,0,134,507
02/07/2012,VNY,CA,AWP,WE,Towers with Radar,0,14,75,0,89,0,0,181,0,181,0,14,256,0,270,169,0,169,439
02/08/2012,VNY,CA,AWP,WE,Towers with Radar,0,25,72,0,97,0,0,319,0,319,0,25,391,0,416,148,0,148,564
02/09/2012,VNY,CA,AWP,WE,Towers with Radar,0,36,104,0,140,0,0,405,0,405,0,36,509,0,545,354,0,354,899
02/10/2012,VNY,CA,AWP,WE,Towers with Radar,2,49,89,2,142,0,0,416,1,417,2,49,505,3,559,304,0,304,863
02/11/2012,VNY,CA,AWP,WE,Towers with Radar,0,15,90,0,105,0,0,339,0,339,0,15,429,0,444,482,0,482,926
02/12/2012,VNY,CA,AWP,WE,Towers with Radar,0,27,116,1,144,0,0,410,1,411,0,27,526,2,555,384,0,384,939
02/13/2012,VNY,CA,AWP,WE,Towers with Radar,0,41,76,0,117,0,0,282,0,282,0,41,358,0,399,182,0,182,581
02/14/2012,VNY,CA,AWP,WE,Towers with Radar,0,30,93,0,123,0,0,364,0,364,0,30,457,0,487,254,0,254,741
02/15/2012,VNY,CA,AWP,WE,Towers with Radar,0,40,118,1,159,0,0,96,0,96,0,40,214,1,255,38,0,38,293
02/16/2012,VNY,CA,AWP,WE,Towers with Radar,0,46,145,2,193,0,3,206,0,209,0,49,351,2,402,66,0,66,468
02/17/2012,VNY,CA,AWP,WE,Towers with Radar,0,48,120,2,170,0,1,462,2,465,0,49,582,4,635,372,0,372,1007
02/18/2012,VNY,CA,AWP,WE,Towers with Radar,1,28,78,0,107,0,1,472,1,474,1,29,550,1,581,506,0,506,1087
02/19/2012,VNY,CA,AWP,WE,Towers with Radar,0,28,74,0,102,0,1,468,0,469,0,29,542,0,571,515,0,515,1086
02/20/2012,VNY,CA,AWP,WE,Towers with Radar,0,44,160,0,204,0,0,409,1,410,0,44,569,1,614,255,0,255,869
02/21/2012,VNY,CA,AWP,WE,Towers with Radar,0,33,90,1,124,0,1,275,3,279,0,34,365,4,403,156,0,156,559
02/22/2012,VNY,CA,AWP,WE,Towers with Radar,3,51,78,0,132,0,1,362,0,363,3,52,440,0,495,348,0,348,843
02/23/2012,VNY,CA,AWP,WE,Towers with Radar,0,23,86,0,109,0,0,377,0,377,0,23,463,0,486,254,0,254,740
02/24/2012,VNY,CA,AWP,WE,Towers with Radar,0,50,94,3,147,0,3,488,1,492,0,53,582,4,639,418,0,418,1057
02/25/2012,VNY,CA,AWP,WE,Towers with Radar,3,27,87,0,117,0,0,390,2,392,3,27,477,2,509,242,0,242,751
02/26/2012,VNY,CA,AWP,WE,Towers with Radar,4,33,122,0,159,0,0,285,0,285,4,33,407,0,444,284,0,284,728
02/27/2012,VNY,CA,AWP,WE,Towers with Radar,0,30,110,0,140,0,0,233,0,233,0,30,343,0,373,124,0,124,497
02/28/2012,VNY,CA,AWP,WE,Towers with Radar,0,22,89,0,111,0,3,294,0,297,0,25,383,0,408,225,0,225,633
02/29/2012,VNY,CA,AWP,WE,Towers with Radar,5,24,93,1,123,1,0,310,1,312,6,24,403,2,435,412,0,412,847
03/01/2012,VNY,CA,AWP,WE,Towers with Radar,2,20,95,0,117,0,1,334,0,335,2,21,429,0,452,322,0,322,774
03/02/2012,VNY,CA,AWP,WE,Towers with Radar,1,34,69,1,105,0,0,251,0,251,1,34,320,1,356,148,0,148,504
03/03/2012,VNY,CA,AWP,WE,Towers with Radar,0,13,70,0,83,0,0,316,2,318,0,13,386,2,401,292,0,292,693
03/04/2012,VNY,CA,AWP,WE,Towers with Radar,0,31,85,0,116,2,0,446,0,448,2,31,531,0,564,308,0,308,872
03/05/2012,VNY,CA,AWP,WE,Towers with Radar,0,27,82,2,111,0,0,352,0,352,0,27,434,2,463,276,0,276,739
03/06/2012,VNY,CA,AWP,WE,Towers with Radar,0,27,72,1,100,0,1,157,0,158,0,28,229,1,258,108,0,108,366
03/07/2012,VNY,CA,AWP,WE,Towers with Radar,0,19,77,0,96,3,0,276,0,279,3,19,353,0,375,164,0,164,539
03/08/2012,VNY,CA,AWP,WE,Towers with Radar,0,26,101,2,129,0,1,359,2,362,0,27,460,4,491,202,0,202,693
03/09/2012,VNY,CA,AWP,WE,Towers with Radar,0,39,84,0,123,0,0,447,0,447,0,39,531,0,570,236,0,236,806
03/10/2012,VNY,CA,AWP,WE,Towers with Radar,0,31,91,0,122,0,0,554,0,554,0,31,645,0,676,480,0,480,1156
03/11/2012,VNY,CA,AWP,WE,Towers with Radar,0,41,137,0,178,0,1,333,1,335,0,42,470,1,513,322,0,322,835
03/12/2012,VNY,CA,AWP,WE,Towers with Radar,0,30,101,0,131,0,0,305,0,305,0,30,406,0,436,246,0,246,682
03/13/2012,VNY,CA,AWP,WE,Towers with Radar,0,24,94,1,119,0,0,272,1,273,0,24,366,2,392,269,0,269,661
03/14/2012,VNY,CA,AWP,WE,Towers with Radar,0,22,100,0,122,0,3,386,0,389,0,25,486,0,511,360,0,360,871
03/15/2012,VNY,CA,AWP,WE,Towers with Radar,0,25,98,1,124,0,1,315,0,316,0,26,413,1,440,425,0,425,865
03/16/2012,VNY,CA,AWP,WE,Towers with Radar,0,39,134,2,175,0,0,155,0,155,0,39,289,2,330,76,0,76,406
03/17/2012,VNY,CA,AWP,WE,Towers with Radar,0,14,42,0,56,0,0,72,0,72,0,14,114,0,128,2,0,2,130
03/18/2012,VNY,CA,AWP,WE,Towers with Radar,0,21,87,2,110,0,1,246,0,247,0,22,333,2,357,191,0,191,548
03/19/2012,VNY,CA,AWP,WE,Towers with Radar,0,27,77,0,104,0,0,331,1,332,0,27,408,1,436,282,0,282,718
03/20/2012,VNY,CA,AWP,WE,Towers with Radar,0,18,95,2,115,0,0,377,1,378,0,18,472,3,493,310,0,310,803
03/21/2012,VNY,CA,AWP,WE,Towers with Radar,0,19,99,0,118,0,0,472,0,472,0,19,571,0,590,282,0,282,872
03/22/2012,VNY,CA,AWP,WE,Towers with Radar,0,43,127,2,172,0,2,387,0,389,0,45,514,2,561,372,0,372,933
03/23/2012,VNY,CA,AWP,WE,Towers with Radar,0,37,125,1,163,0,0,313,1,314,0,37,438,2,477,264,0,264,741
03/24/2012,VNY,CA,AWP,WE,Towers with Radar,0,36,100,1,137,0,1,290,1,292,0,37,390,2,429,336,0,336,765
03/25/2012,VNY,CA,AWP,WE,Towers with Radar,0,34,109,0,143,0,0,27,0,27,0,34,136,0,170,2,0,2,172
03/26/2012,VNY,CA,AWP,WE,Towers with Radar,0,23,83,0,106,0,1,247,1,249,0,24,330,1,355,180,0,180,535
03/27/2012,VNY,CA,AWP,WE,Towers with Radar,0,27,76,4,107,0,0,332,5,337,0,27,408,9,444,350,0,350,794
03/28/2012,VNY,CA,AWP,WE,Towers with Radar,0,24,107,3,134,0,0,339,1,340,0,24,446,4,474,382,0,382,856
03/29/2012,VNY,CA,AWP,WE,Towers with Radar,0,36,116,0,152,0,2,279,1,282,0,38,395,1,434,286,0,286,720
03/30/2012,VNY,CA,AWP,WE,Towers with Radar,0,41,111,1,153,0,0,309,0,309,0,41,420,1,462,248,0,248,710
03/31/2012,VNY,CA,AWP,WE,Towers with Radar,0,31,121,0,152,0,0,104,0,104,0,31,225,0,256,64,0,64,320
04/01/2012,VNY,CA,AWP,WE,Towers with Radar,0,37,64,0,101,0,2,217,0,219,0,39,281,0,320,72,0,72,392
04/02/2012,VNY,CA,AWP,WE,Towers with Radar,0,28,73,1,102,0,0,281,0,281,0,28,354,1,383,212,0,212,595
04/03/2012,VNY,CA,AWP,WE,Towers with Radar,0,21,76,0,97,0,1,414,0,415,0,22,490,0,512,256,0,256,768
04/04/2012,VNY,CA,AWP,WE,Towers with Radar,17,30,88,0,135,0,1,371,0,372,17,31,459,0,507,304,0,304,811
04/05/2012,VNY,CA,AWP,WE,Towers with Radar,0,27,66,0,93,0,1,342,0,343,0,28,408,0,436,272,0,272,708
04/06/2012,VNY,CA,AWP,WE,Towers with Radar,0,14,93,0,107,7,0,351,0,358,7,14,444,0,465,178,0,178,643
04/07/2012,VNY,CA,AWP,WE,Towers with Radar,0,13,77,0,90,0,1,537,1,539,0,14,614,1,629,348,0,348,977
04/08/2012,VNY,CA,AWP,WE,Towers with Radar,0,25,82,0,107,0,0,426,1,427,0,25,508,1,534,308,0,308,842
04/09/2012,VNY,CA,AWP,WE,Towers with Radar,0,20,98,0,118,0,1,372,1,374,0,21,470,1,492,272,0,272,764
04/10/2012,VNY,CA,AWP,WE,Towers with Radar,0,32,81,4,117,0,0,388,0,388,0,32,469,4,505,358,0,358,863
04/11/2012,VNY,CA,AWP,WE,Towers with Radar,4,22,120,0,146,0,0,149,1,150,4,22,269,1,296,170,0,170,466
04/12/2012,VNY,CA,AWP,WE,Towers with Radar,0,20,160,0,180,0,0,312,0,312,0,20,472,0,492,396,0,396,888
04/13/2012,VNY,CA,AWP,WE,Towers with Radar,0,44,94,0,138,0,0,47,0,47,0,44,141,0,185,16,0,16,201
04/14/2012,VNY,CA,AWP,WE,Towers with Radar,0,27,69,0,96,0,2,361,2,365,0,29,430,2,461,327,0,327,788
04/15/2012,VNY,CA,AWP,WE,Towers with Radar,0,28,141,0,169,0,0,403,0,403,0,28,544,0,572,416,0,416,988
04/16/2012,VNY,CA,AWP,WE,Towers with Radar,0,22,84,0,106,0,1,423,2,426,0,23,507,2,532,336,0,336,868
04/17/2012,VNY,CA,AWP,WE,Towers with Radar,0,24,89,0,113,0,2,440,0,442,0,26,529,0,555,314,0,314,869
04/18/2012,VNY,CA,AWP,WE,Towers with Radar,0,27,93,3,123,0,6,435,0,441,0,33,528,3,564,398,0,398,962
04/19/2012,VNY,CA,AWP,WE,Towers with Radar,0,32,99,0,131,0,1,370,1,372,0,33,469,1,503,358,0,358,861
04/20/2012,VNY,CA,AWP,WE,Towers with Radar,0,30,102,1,133,0,0,491,1,492,0,30,593,2,625,450,0,450,1075
04/21/2012,VNY,CA,AWP,WE,Towers with Radar,0,12,61,0,73,0,0,336,0,336,0,12,397,0,409,238,0,238,647
04/22/2012,VNY,CA,AWP,WE,Towers with Radar,0,26,109,2,137,0,0,437,2,439,0,26,546,4,576,380,0,380,956
04/23/2012,VNY,CA,AWP,WE,Towers with Radar,0,22,103,0,125,0,1,195,0,196,0,23,298,0,321,232,0,232,553
04/24/2012,VNY,CA,AWP,WE,Towers with Radar,34,21,120,1,176,0,0,395,0,395,34,21,515,1,571,425,0,425,996
04/25/2012,VNY,CA,AWP,WE,Towers with Radar,0,29,91,0,120,0,0,259,0,259,0,29,350,0,379,384,2,386,765
04/26/2012,VNY,CA,AWP,WE,Towers with Radar,0,39,123,2,164,0,2,244,0,246,0,41,367,2,410,274,0,274,684
04/27/2012,VNY,CA,AWP,WE,Towers with Radar,0,29,102,2,133,0,3,472,0,475,0,32,574,2,608,556,0,556,1164
04/28/2012,VNY,CA,AWP,WE,Towers with Radar,0,21,63,0,84,0,1,397,0,398,0,22,460,0,482,310,0,310,792
04/29/2012,VNY,CA,AWP,WE,Towers with Radar,0,25,110,0,135,0,2,368,1,371,0,27,478,1,506,430,0,430,936
04/30/2012,VNY,CA,AWP,WE,Towers with Radar,0,19,115,1,135,0,1,257,0,258,0,20,372,1,393,306,0,306,699
05/01/2012,VNY,CA,AWP,WE,Towers with Radar,0,20,132,0,152,0,0,145,0,145,0,20,277,0,297,138,0,138,435
05/02/2012,VNY,CA,AWP,WE,Towers with Radar,1,31,130,3,165,0,1,231,1,233,1,32,361,4,398,309,0,309,707
05/03/2012,VNY,CA,AWP,WE,Towers with Radar,0,32,121,0,153,0,0,351,0,351,0,32,472,0,504,336,0,336,840
05/04/2012,VNY,CA,AWP,WE,Towers with Radar,0,33,127,1,161,0,1,356,10,367,0,34,483,11,528,434,0,434,962
05/05/2012,VNY,CA,AWP,WE,Towers with Radar,0,25,81,0,106,0,3,388,0,391,0,28,469,0,497,252,0,252,749
05/06/2012,VNY,CA,AWP,WE,Towers with Radar,0,36,140,1,177,0,0,381,0,381,0,36,521,1,558,348,0,348,906
05/07/2012,VNY,CA,AWP,WE,Towers with Radar,0,21,92,0,113,0,0,318,0,318,0,21,410,0,431,340,0,340,771
05/08/2012,VNY,CA,AWP,WE,Towers with Radar,0,30,65,0,95,0,0,393,0,393,0,30,458,0,488,256,0,256,744
05/09/2012,VNY,CA,AWP,WE,Towers with Radar,0,15,94,0,109,0,0,408,0,408,0,15,502,0,517,230,0,230,747
05/10/2012,VNY,CA,AWP,WE,Towers with Radar,0,26,126,0,152,0,1,299,0,300,0,27,425,0,452,396,0,396,848
05/11/2012,VNY,CA,AWP,WE,Towers with Radar,0,39,117,0,156,0,1,428,0,429,0,40,545,0,585,402,0,402,987
05/12/2012,VNY,CA,AWP,WE,Towers with Radar,0,17,75,0,92,0,1,414,1,416,0,18,489,1,508,350,0,350,858
05/13/2012,VNY,CA,AWP,WE,Towers with Radar,0,28,87,0,115,0,2,297,0,299,0,30,384,0,414,332,0,332,746
05/14/2012,VNY,CA,AWP,WE,Towers with Radar,0,14,105,0,119,0,2,337,0,339,0,16,442,0,458,270,0,270,728
05/15/2012,VNY,CA,AWP,WE,Towers with Radar,0,19,83,0,102,0,3,349,0,352,0,22,432,0,454,272,0,272,726
05/16/2012,VNY,CA,AWP,WE,Towers with Radar,0,14,105,3,122,0,3,332,3,338,0,17,437,6,460,319,0,319,779
05/17/2012,VNY,CA,AWP,WE,Towers with Radar,0,25,119,0,144,0,0,464,1,465,0,25,583,1,609,260,0,260,869
05/18/2012,VNY,CA,AWP,WE,Towers with Radar,0,37,109,0,146,0,1,438,0,439,0,38,547,0,585,369,0,369,954
05/19/2012,VNY,CA,AWP,WE,Towers with Radar,0,16,91,1,108,0,0,440,0,440,0,16,531,1,548,385,0,385,933
05/20/2012,VNY,CA,AWP,WE,Towers with Radar,0,34,101,0,135,0,0,401,0,401,0,34,502,0,536,238,0,238,774
05/21/2012,VNY,CA,AWP,WE,Towers with Radar,0,25,93,0,118,0,0,376,0,376,0,25,469,0,494,250,0,250,744
05/22/2012,VNY,CA,AWP,WE,Towers with Radar,0,26,113,0,139,0,1,357,0,358,0,27,470,0,497,308,0,308,805
05/23/2012,VNY,CA,AWP,WE,Towers with Radar,0,25,67,1,93,0,0,272,1,273,0,25,339,2,366,220,0,220,586
05/24/2012,VNY,CA,AWP,WE,Towers with Radar,0,31,126,1,158,0,2,408,2,412,0,33,534,3,570,396,0,396,966
05/25/2012,VNY,CA,AWP,WE,Towers with Radar,0,35,128,0,163,0,2,314,0,316,0,37,442,0,479,250,0,250,729
05/26/2012,VNY,CA,AWP,WE,Towers with Radar,0,14,64,0,78,0,1,293,2,296,0,15,357,2,374,262,0,262,636
05/27/2012,VNY,CA,AWP,WE,Towers with Radar,0,27,65,0,92,0,0,323,3,326,0,27,388,3,418,238,0,238,656
05/28/2012,VNY,CA,AWP,WE,Towers with Radar,0,29,104,0,133,0,2,422,2,426,0,31,526,2,559,198,0,198,757
05/29/2012,VNY,CA,AWP,WE,Towers with Radar,0,33,91,0,124,0,1,283,2,286,0,34,374,2,410,224,0,224,634
05/30/2012,VNY,CA,AWP,WE,Towers with Radar,0,25,115,0,140,0,0,379,4,383,0,25,494,4,523,320,0,320,843
05/31/2012,VNY,CA,AWP,WE,Towers with Radar,1,22,124,3,150,0,0,409,5,414,1,22,533,8,564,220,10,230,794
06/01/2012,VNY,CA,AWP,WE,Towers with Radar,0,34,107,0,141,0,0,356,0,356,0,34,463,0,497,260,0,260,757
06/02/2012,VNY,CA,AWP,WE,Towers with Radar,0,25,98,0,123,0,1,286,2,289,0,26,384,2,412,226,0,226,638
06/03/2012,VNY,CA,AWP,WE,Towers with Radar,0,27,136,0,163,0,1,316,0,317,0,28,452,0,480,188,0,188,668
06/04/2012,VNY,CA,AWP,WE,Towers with Radar,0,26,84,0,110,0,0,279,0,279,0,26,363,0,389,226,0,226,615
06/05/2012,VNY,CA,AWP,WE,Towers with Radar,0,23,82,0,105,0,0,306,1,307,0,23,388,1,412,154,0,154,566
06/06/2012,VNY,CA,AWP,WE,Towers with Radar,0,49,140,0,189,0,4,251,0,255,0,53,391,0,444,200,0,200,644
06/07/2012,VNY,CA,AWP,WE,Towers with Radar,0,38,148,1,187,0,0,274,0,274,0,38,422,1,461,286,0,286,747
06/08/2012,VNY,CA,AWP,WE,Towers with Radar,0,29,126,5,160,0,0,377,0,377,0,29,503,5,537,278,0,278,815
06/09/2012,VNY,CA,AWP,WE,Towers with Radar,0,30,93,1,124,0,1,342,2,345,0,31,435,3,469,338,0,338,807
06/10/2012,VNY,CA,AWP,WE,Towers with Radar,0,36,123,0,159,0,3,429,0,432,0,39,552,0,591,320,0,320,911
06/11/2012,VNY,CA,AWP,WE,Towers with Radar,0,20,91,0,111,0,0,351,0,351,0,20,442,0,462,218,0,218,680
06/12/2012,VNY,CA,AWP,WE,Towers with Radar,0,22,95,0,117,0,0,325,0,325,0,22,420,0,442,358,0,358,800
06/13/2012,VNY,CA,AWP,WE,Towers with Radar,0,13,109,0,122,0,1,270,0,271,0,14,379,0,393,355,0,355,748
06/14/2012,VNY,CA,AWP,WE,Towers with Radar,0,25,112,0,137,0,3,278,0,281,0,28,390,0,418,202,0,202,620
06/15/2012,VNY,CA,AWP,WE,Towers with Radar,0,25,134,0,159,0,1,315,1,317,0,26,449,1,476,300,0,300,776
06/16/2012,VNY,CA,AWP,WE,Towers with Radar,0,21,93,0,114,0,1,299,0,300,0,22,392,0,414,304,0,304,718
06/17/2012,VNY,CA,AWP,WE,Towers with Radar,0,38,96,1,135,1,3,409,0,413,1,41,505,1,548,374,0,374,922
06/18/2012,VNY,CA,AWP,WE,Towers with Radar,0,21,101,1,123,0,1,308,3,312,0,22,409,4,435,243,0,243,678
06/19/2012,VNY,CA,AWP,WE,Towers with Radar,0,18,109,0,127,0,0,275,0,275,0,18,384,0,402,234,0,234,636
06/20/2012,VNY,CA,AWP,WE,Towers with Radar,2,21,105,0,128,0,3,360,4,367,2,24,465,4,495,272,0,272,767
06/21/2012,VNY,CA,AWP,WE,Towers with Radar,0,24,115,0,139,0,0,370,8,378,0,24,485,8,517,210,0,210,727
06/22/2012,VNY,CA,AWP,WE,Towers with Radar,0,15,138,0,153,0,2,344,2,348,0,17,482,2,501,338,0,338,839
06/23/2012,VNY,CA,AWP,WE,Towers with Radar,0,21,64,0,85,0,0,342,1,343,0,21,406,1,428,354,0,354,782
06/24/2012,VNY,CA,AWP,WE,Towers with Radar,0,28,107,0,135,0,0,460,1,461,0,28,567,1,596,358,0,358,954
06/25/2012,VNY,CA,AWP,WE,Towers with Radar,0,14,91,2,107,0,3,378,0,381,0,17,469,2,488,324,0,324,812
06/26/2012,VNY,CA,AWP,WE,Towers with Radar,0,16,97,0,113,0,1,396,2,399,0,17,493,2,512,322,0,322,834
06/27/2012,VNY,CA,AWP,WE,Towers with Radar,0,25,101,0,126,0,3,380,2,385,0,28,481,2,511,418,0,418,929
06/28/2012,VNY,CA,AWP,WE,Towers with Radar,0,38,133,0,171,0,3,389,1,393,0,41,522,1,564,329,0,329,893
06/29/2012,VNY,CA,AWP,WE,Towers with Radar,0,38,148,0,186,0,1,409,0,410,0,39,557,0,596,304,0,304,900
06/30/2012,VNY,CA,AWP,WE,Towers with Radar,0,44,89,0,133,0,4,386,1,391,0,48,475,1,524,306,0,306,830
07/01/2012,VNY,CA,AWP,WE,Towers with Radar,0,35,100,0,135,0,2,441,0,443,0,37,541,0,578,330,0,330,908
07/02/2012,VNY,CA,AWP,WE,Towers with Radar,0,28,63,0,91,0,0,275,0,275,0,28,338,0,366,230,0,230,596
07/03/2012,VNY,CA,AWP,WE,Towers with Radar,3,20,120,2,145,1,1,262,1,265,4,21,382,3,410,222,0,222,632
07/04/2012,VNY,CA,AWP,WE,Towers with Radar,0,14,48,0,62,0,0,209,3,212,0,14,257,3,274,162,0,162,436
07/05/2012,VNY,CA,AWP,WE,Towers with Radar,0,17,109,0,126,0,0,342,0,342,0,17,451,0,468,158,0,158,626
07/06/2012,VNY,CA,AWP,WE,Towers with Radar,2,41,95,0,138,0,2,352,0,354,2,43,447,0,492,272,0,272,764
07/07/2012,VNY,CA,AWP,WE,Towers with Radar,0,23,96,0,119,0,1,376,1,378,0,24,472,1,497,363,0,363,860
07/08/2012,VNY,CA,AWP,WE,Towers with Radar,0,35,132,2,169,0,2,377,0,379,0,37,509,2,548,416,0,416,964
07/09/2012,VNY,CA,AWP,WE,Towers with Radar,0,22,107,0,129,0,21,341,0,362,0,43,448,0,491,358,0,358,849
07/10/2012,VNY,CA,AWP,WE,Towers with Radar,0,16,96,0,112,0,0,346,4,350,0,16,442,4,462,248,0,248,710
07/11/2012,VNY,CA,AWP,WE,Towers with Radar,0,36,98,1,135,0,1,382,1,384,0,37,480,2,519,322,0,322,841
07/12/2012,VNY,CA,AWP,WE,Towers with Radar,0,37,119,0,156,0,1,367,0,368,0,38,486,0,524,370,0,370,894
07/13/2012,VNY,CA,AWP,WE,Towers with Radar,0,30,92,0,122,0,0,267,0,267,0,30,359,0,389,178,0,178,567
07/14/2012,VNY,CA,AWP,WE,Towers with Radar,0,16,109,0,125,0,0,423,0,423,0,16,532,0,548,380,0,380,928
07/15/2012,VNY,CA,AWP,WE,Towers with Radar,1,35,128,0,164,3,5,404,0,412,4,40,532,0,576,330,0,330,906
07/16/2012,VNY,CA,AWP,WE,Towers with Radar,0,20,99,1,120,0,2,319,0,321,0,22,418,1,441,282,0,282,723
07/17/2012,VNY,CA,AWP,WE,Towers with Radar,1,24,115,0,140,1,0,257,0,258,2,24,372,0,398,208,0,208,606
07/18/2012,VNY,CA,AWP,WE,Towers with Radar,0,28,93,0,121,1,2,333,0,336,1,30,426,0,457,315,0,315,772
07/19/2012,VNY,CA,AWP,WE,Towers with Radar,0,36,101,0,137,0,1,337,0,338,0,37,438,0,475,304,0,304,779
07/20/2012,VNY,CA,AWP,WE,Towers with Radar,1,36,99,1,137,0,3,315,0,318,1,39,414,1,455,278,0,278,733
07/21/2012,VNY,CA,AWP,WE,Towers with Radar,0,20,61,0,81,0,3,388,0,391,0,23,449,0,472,198,0,198,670
07/22/2012,VNY,CA,AWP,WE,Towers with Radar,2,33,123,1,159,0,3,365,0,368,2,36,488,1,527,324,0,324,851
07/23/2012,VNY,CA,AWP,WE,Towers with Radar,0,25,83,0,108,0,2,303,0,305,0,27,386,0,413,274,0,274,687
07/24/2012,VNY,CA,AWP,WE,Towers with Radar,0,19,110,0,129,0,5,306,1,312,0,24,416,1,441,302,0,302,743
07/25/2012,VNY,CA,AWP,WE,Towers with Radar,0,26,105,0,131,0,0,332,0,332,0,26,437,0,463,352,0,352,815
07/26/2012,VNY,CA,AWP,WE,Towers with Radar,2,23,111,0,136,0,0,354,3,357,2,23,465,3,493,324,0,324,817
07/27/2012,VNY,CA,AWP,WE,Towers with Radar,0,24,84,0,108,1,2,365,1,369,1,26,449,1,477,284,0,284,761
07/28/2012,VNY,CA,AWP,WE,Towers with Radar,0,18,60,0,78,1,4,293,1,299,1,22,353,1,377,402,0,402,779
07/29/2012,VNY,CA,AWP,WE,Towers with Radar,1,36,100,0,137,0,4,354,0,358,1,40,454,0,495,414,0,414,909
07/30/2012,VNY,CA,AWP,WE,Towers with Radar,0,17,70,0,87,0,0,271,0,271,0,17,341,0,358,230,0,230,588
07/31/2012,VNY,CA,AWP,WE,Towers with Radar,0,17,94,0,111,0,4,370,0,374,0,21,464,0,485,398,0,398,883
08/01/2012,VNY,CA,AWP,WE,Towers with Radar,0,28,97,0,125,1,2,351,1,355,1,30,448,1,480,394,0,394,874
08/02/2012,VNY,CA,AWP,WE,Towers with Radar,0,23,91,0,114,0,0,350,0,350,0,23,441,0,464,472,0,472,936
08/03/2012,VNY,CA,AWP,WE,Towers with Radar,0,20,115,0,135,2,4,287,2,295,2,24,402,2,430,256,0,256,686
08/04/2012,VNY,CA,AWP,WE,Towers with Radar,0,23,88,0,111,0,2,309,0,311,0,25,397,0,422,244,0,244,666
08/05/2012,VNY,CA,AWP,WE,Towers with Radar,0,33,109,0,142,4,2,354,0,360,4,35,463,0,502,266,0,266,768
08/06/2012,VNY,CA,AWP,WE,Towers with Radar,0,19,84,0,103,0,0,274,0,274,0,19,358,0,377,174,0,174,551
08/07/2012,VNY,CA,AWP,WE,Towers with Radar,0,17,92,0,109,0,0,249,1,250,0,17,341,1,359,268,0,268,627
08/08/2012,VNY,CA,AWP,WE,Towers with Radar,0,22,94,0,116,0,2,321,1,324,0,24,415,1,440,178,0,178,618
08/09/2012,VNY,CA,AWP,WE,Towers with Radar,1,33,82,0,116,6,4,343,0,353,7,37,425,0,469,235,0,235,704
08/10/2012,VNY,CA,AWP,WE,Towers with Radar,0,38,95,0,133,0,2,273,0,275,0,40,368,0,408,240,0,240,648
08/11/2012,VNY,CA,AWP,WE,Towers with Radar,1,22,75,0,98,0,2,358,0,360,1,24,433,0,458,228,0,228,686
08/12/2012,VNY,CA,AWP,WE,Towers with Radar,0,44,105,0,149,0,0,319,0,319,0,44,424,0,468,206,0,206,674
08/13/2012,VNY,CA,AWP,WE,Towers with Radar,0,31,88,0,119,0,0,323,2,325,0,31,411,2,444,144,0,144,588
08/14/2012,VNY,CA,AWP,WE,Towers with Radar,0,29,108,0,137,0,1,363,3,367,0,30,471,3,504,266,0,266,770
08/15/2012,VNY,CA,AWP,WE,Towers with Radar,1,41,99,0,141,0,4,342,0,346,1,45,441,0,487,300,0,300,787
08/16/2012,VNY,CA,AWP,WE,Towers with Radar,0,35,128,0,163,0,1,437,0,438,0,36,565,0,601,318,0,318,919
08/17/2012,VNY,CA,AWP,WE,Towers with Radar,0,17,93,0,110,0,1,325,0,326,0,18,418,0,436,212,0,212,648
08/18/2012,VNY,CA,AWP,WE,Towers with Radar,0,34,75,2,111,0,0,347,0,347,0,34,422,2,458,154,0,154,612
08/19/2012,VNY,CA,AWP,WE,Towers with Radar,0,41,97,0,138,0,1,316,1,318,0,42,413,1,456,170,0,170,626
08/20/2012,VNY,CA,AWP,WE,Towers with Radar,0,32,87,2,121,0,0,323,2,325,0,32,410,4,446,134,0,134,580
08/21/2012,VNY,CA,AWP,WE,Towers with Radar,0,30,107,0,137,2,0,420,0,422,2,30,527,0,559,210,0,210,769
08/22/2012,VNY,CA,AWP,WE,Towers with Radar,0,34,90,0,124,2,0,345,1,348,2,34,435,1,472,302,0,302,774
08/23/2012,VNY,CA,AWP,WE,Towers with Radar,0,32,120,0,152,0,3,349,2,354,0,35,469,2,506,272,0,272,778
08/24/2012,VNY,CA,AWP,WE,Towers with Radar,0,28,126,0,154,0,0,334,1,335,0,28,460,1,489,318,0,318,807
08/25/2012,VNY,CA,AWP,WE,Towers with Radar,0,21,102,0,123,0,0,323,2,325,0,21,425,2,448,256,0,256,704
08/26/2012,VNY,CA,AWP,WE,Towers with Radar,0,26,113,1,140,0,1,399,1,401,0,27,512,2,541,458,0,458,999
08/27/2012,VNY,CA,AWP,WE,Towers with Radar,1,25,112,0,138,0,1,284,1,286,1,26,396,1,424,238,0,238,662
08/28/2012,VNY,CA,AWP,WE,Towers with Radar,0,13,82,0,95,0,0,428,2,430,0,13,510,2,525,258,0,258,783
08/29/2012,VNY,CA,AWP,WE,Towers with Radar,0,16,81,0,97,22,2,437,0,461,22,18,518,0,558,286,4,290,848
08/30/2012,VNY,CA,AWP,WE,Towers with Radar,0,22,111,0,133,0,1,330,0,331,0,23,441,0,464,270,0,270,734
08/31/2012,VNY,CA,AWP,WE,Towers with Radar,0,38,120,1,159,0,0,376,4,380,0,38,496,5,539,294,0,294,833
09/01/2012,VNY,CA,AWP,WE,Towers with Radar,0,17,76,0,93,0,1,432,3,436,0,18,508,3,529,408,0,408,937
09/02/2012,VNY,CA,AWP,WE,Towers with Radar,0,18,79,0,97,1,2,338,1,342,1,20,417,1,439,300,0,300,739
09/03/2012,VNY,CA,AWP,WE,Towers with Radar,0,29,103,0,132,0,0,460,4,464,0,29,563,4,596,334,0,334,930
09/04/2012,VNY,CA,AWP,WE,Towers with Radar,0,16,89,0,105,0,1,365,0,366,0,17,454,0,471,301,0,301,772
09/05/2012,VNY,CA,AWP,WE,Towers with Radar,0,24,109,0,133,0,0,253,0,253,0,24,362,0,386,271,0,271,657
09/06/2012,VNY,CA,AWP,WE,Towers with Radar,0,18,118,0,136,0,2,322,1,325,0,20,440,1,461,358,0,358,819
09/07/2012,VNY,CA,AWP,WE,Towers with Radar,0,29,86,0,115,0,1,421,2,424,0,30,507,2,539,260,0,260,799
09/08/2012,VNY,CA,AWP,WE,Towers with Radar,0,23,50,0,73,0,0,257,0,257,0,23,307,0,330,164,0,164,494
09/09/2012,VNY,CA,AWP,WE,Towers with Radar,1,42,93,0,136,0,1,129,0,130,1,43,222,0,266,0,0,0,266
09/10/2012,VNY,CA,AWP,WE,Towers with Radar,0,26,99,0,125,0,0,311,0,311,0,26,410,0,436,182,0,182,618
09/11/2012,VNY,CA,AWP,WE,Towers with Radar,0,29,86,0,115,0,1,285,0,286,0,30,371,0,401,292,0,292,693
09/12/2012,VNY,CA,AWP,WE,Towers with Radar,0,24,133,1,158,0,0,273,0,273,0,24,406,1,431,204,0,204,635
09/13/2012,VNY,CA,AWP,WE,Towers with Radar,0,37,95,2,134,26,2,360,0,388,26,39,455,2,522,296,0,296,818
09/14/2012,VNY,CA,AWP,WE,Towers with Radar,0,47,88,1,136,0,1,315,2,318,0,48,403,3,454,258,0,258,712
09/15/2012,VNY,CA,AWP,WE,Towers with Radar,0,8,91,0,99,0,0,326,3,329,0,8,417,3,428,166,0,166,594
09/16/2012,VNY,CA,AWP,WE,Towers with Radar,0,38,78,1,117,0,3,345,0,348,0,41,423,1,465,228,0,228,693
09/17/2012,VNY,CA,AWP,WE,Towers with Radar,0,28,61,0,89,0,0,300,1,301,0,28,361,1,390,122,0,122,512
09/18/2012,VNY,CA,AWP,WE,Towers with Radar,2,25,82,0,109,2,1,321,0,324,4,26,403,0,433,242,0,242,675
09/19/2012,VNY,CA,AWP,WE,Towers with Radar,0,26,90,0,116,0,1,346,1,348,0,27,436,1,464,262,0,262,726
09/20/2012,VNY,CA,AWP,WE,Towers with Radar,0,44,92,0,136,0,1,267,0,268,0,45,359,0,404,207,0,207,611
09/21/2012,VNY,CA,AWP,WE,Towers with Radar,0,32,112,0,144,0,1,314,1,316,0,33,426,1,460,232,0,232,692
09/22/2012,VNY,CA,AWP,WE,Towers with Radar,0,19,67,0,86,0,0,245,2,247,0,19,312,2,333,112,0,112,445
09/23/2012,VNY,CA,AWP,WE,Towers with Radar,0,39,103,0,142,0,1,367,2,370,0,40,470,2,512,248,0,248,760
09/24/2012,VNY,CA,AWP,WE,Towers with Radar,0,33,84,0,117,0,1,377,0,378,0,34,461,0,495,212,0,212,707
09/25/2012,VNY,CA,AWP,WE,Towers with Radar,0,22,76,0,98,0,0,343,0,343,0,22,419,0,441,186,0,186,627
09/26/2012,VNY,CA,AWP,WE,Towers with Radar,0,20,82,4,106,0,2,373,3,378,0,22,455,7,484,236,0,236,720
09/27/2012,VNY,CA,AWP,WE,Towers with Radar,0,35,93,1,129,0,1,377,0,378,0,36,470,1,507,398,0,398,905
09/28/2012,VNY,CA,AWP,WE,Towers with Radar,0,47,115,0,162,0,0,430,1,431,0,47,545,1,593,304,0,304,897
09/29/2012,VNY,CA,AWP,WE,Towers with Radar,0,11,66,0,77,1,0,465,0,466,1,11,531,0,543,264,0,264,807
09/30/2012,VNY,CA,AWP,WE,Towers with Radar,0,31,100,0,131,0,1,396,0,397,0,32,496,0,528,230,0,230,758
10/01/2012,VNY,CA,AWP,WE,Towers with Radar,0,24,86,0,110,0,1,297,1,299,0,25,383,1,409,108,0,108,517
10/02/2012,VNY,CA,AWP,WE,Towers with Radar,0,19,94,1,114,1,2,310,2,315,1,21,404,3,429,206,0,206,635
10/03/2012,VNY,CA,AWP,WE,Towers with Radar,0,27,112,0,139,0,0,319,1,320,0,27,431,1,459,236,0,236,695
10/04/2012,VNY,CA,AWP,WE,Towers with Radar,0,26,108,0,134,0,6,233,0,239,0,32,341,0,373,214,0,214,587
10/05/2012,VNY,CA,AWP,WE,Towers with Radar,0,31,90,0,121,0,1,351,0,352,0,32,441,0,473,242,0,242,715
10/06/2012,VNY,CA,AWP,WE,Towers with Radar,0,17,66,1,84,0,0,357,1,358,0,17,423,2,442,232,0,232,674
10/07/2012,VNY,CA,AWP,WE,Towers with Radar,1,53,151,0,205,0,0,181,0,181,1,53,332,0,386,126,0,126,512
10/08/2012,VNY,CA,AWP,WE,Towers with Radar,0,35,108,2,145,0,0,269,0,269,0,35,377,2,414,166,0,166,580
10/09/2012,VNY,CA,AWP,WE,Towers with Radar,0,18,115,0,133,0,2,251,0,253,0,20,366,0,386,224,0,224,610
10/10/2012,VNY,CA,AWP,WE,Towers with Radar,0,22,109,0,131,0,2,311,1,314,0,24,420,1,445,218,0,218,663
10/11/2012,VNY,CA,AWP,WE,Towers with Radar,0,32,117,0,149,0,0,256,2,258,0,32,373,2,407,96,0,96,503
10/12/2012,VNY,CA,AWP,WE,Towers with Radar,0,25,117,0,142,0,1,317,0,318,0,26,434,0,460,166,0,166,626
10/13/2012,VNY,CA,AWP,WE,Towers with Radar,1,19,69,0,89,0,0,444,1,445,1,19,513,1,534,378,0,378,912
10/14/2012,VNY,CA,AWP,WE,Towers with Radar,0,32,103,0,135,0,2,359,0,361,0,34,462,0,496,214,0,214,710
10/15/2012,VNY,CA,AWP,WE,Towers with Radar,0,19,80,0,99,0,4,331,0,335,0,23,411,0,434,170,0,170,604
10/16/2012,VNY,CA,AWP,WE,Towers with Radar,0,22,82,0,104,0,0,412,0,412,0,22,494,0,516,210,0,210,726
10/17/2012,VNY,CA,AWP,WE,Towers with Radar,0,26,87,0,113,0,2,404,0,406,0,28,491,0,519,236,0,236,755
10/18/2012,VNY,CA,AWP,WE,Towers with Radar,0,36,120,2,158,0,3,296,1,300,0,39,416,3,458,185,0,185,643
10/19/2012,VNY,CA,AWP,WE,Towers with Radar,0,29,103,0,132,0,1,361,0,362,0,30,464,0,494,198,0,198,692
10/20/2012,VNY,CA,AWP,WE,Towers with Radar,0,33,123,0,156,0,0,199,0,199,0,33,322,0,355,134,0,134,489
10/21/2012,VNY,CA,AWP,WE,Towers with Radar,1,38,131,0,170,0,1,292,0,293,1,39,423,0,463,284,0,284,747
10/22/2012,VNY,CA,AWP,WE,Towers with Radar,0,26,110,0,136,0,0,271,0,271,0,26,381,0,407,192,0,192,599
10/23/2012,VNY,CA,AWP,WE,Towers with Radar,0,21,109,0,130,0,2,390,0,392,0,23,499,0,522,336,0,336,858
10/24/2012,VNY,CA,AWP,WE,Towers with Radar,1,32,113,2,148,1,3,312,0,316,2,35,425,2,464,228,0,228,692
10/25/2012,VNY,CA,AWP,WE,Towers with Radar,0,27,87,2,116,0,4,315,2,321,0,31,402,4,437,172,0,172,609
10/26/2012,VNY,CA,AWP,WE,Towers with Radar,0,40,106,0,146,0,0,284,0,284,0,40,390,0,430,166,0,166,596
10/27/2012,VNY,CA,AWP,WE,Towers with Radar,0,21,73,0,94,0,2,379,0,381,0,23,452,0,475,280,0,280,755
10/28/2012,VNY,CA,AWP,WE,Towers with Radar,0,38,103,0,141,0,0,470,0,470,0,38,573,0,611,450,0,450,1061
10/29/2012,VNY,CA,AWP,WE,Towers with Radar,0,17,74,0,91,0,2,269,0,271,0,19,343,0,362,170,0,170,532
10/30/2012,VNY,CA,AWP,WE,Towers with Radar,2,23,88,0,113,0,0,385,0,385,2,23,473,0,498,210,0,210,708
10/31/2012,VNY,CA,AWP,WE,Towers with Radar,0,22,84,0,106,0,1,286,1,288,0,23,370,1,394,244,0,244,638
11/01/2012,VNY,CA,AWP,WE,Towers with Radar,0,33,129,0,162,0,7,424,3,434,0,40,553,3,596,166,0,166,762
11/02/2012,VNY,CA,AWP,WE,Towers with Radar,0,30,119,0,149,0,2,280,0,282,0,32,399,0,431,318,0,318,749
11/03/2012,VNY,CA,AWP,WE,Towers with Radar,0,19,94,0,113,0,1,423,0,424,0,20,517,0,537,348,0,348,885
11/04/2012,VNY,CA,AWP,WE,Towers with Radar,0,32,105,0,137,0,1,355,1,357,0,33,460,1,494,374,0,374,868
11/05/2012,VNY,CA,AWP,WE,Towers with Radar,0,19,100,0,119,0,2,339,0,341,0,21,439,0,460,170,0,170,630
11/06/2012,VNY,CA,AWP,WE,Towers with Radar,0,23,89,0,112,0,0,361,0,361,0,23,450,0,473,194,0,194,667
11/07/2012,VNY,CA,AWP,WE,Towers with Radar,0,23,98,0,121,0,0,222,2,224,0,23,320,2,345,260,0,260,605
11/08/2012,VNY,CA,AWP,WE,Towers with Radar,0,26,145,0,171,4,0,153,0,157,4,26,298,0,328,194,0,194,522
11/09/2012,VNY,CA,AWP,WE,Towers with Radar,0,30,104,1,135,0,0,317,0,317,0,30,421,1,452,336,0,336,788
11/10/2012,VNY,CA,AWP,WE,Towers with Radar,0,13,77,0,90,0,1,413,1,415,0,14,490,1,505,358,0,358,863
11/11/2012,VNY,CA,AWP,WE,Towers with Radar,0,23,113,1,137,0,4,429,0,433,0,27,542,1,570,466,0,466,1036
11/12/2012,VNY,CA,AWP,WE,Towers with Radar,0,21,84,1,106,0,1,307,3,311,0,22,391,4,417,160,0,160,577
11/13/2012,VNY,CA,AWP,WE,Towers with Radar,0,21,85,1,107,0,1,335,0,336,0,22,420,1,443,248,0,248,691
11/14/2012,VNY,CA,AWP,WE,Towers with Radar,0,36,91,0,127,0,3,366,0,369,0,39,457,0,496,254,0,254,750
11/15/2012,VNY,CA,AWP,WE,Towers with Radar,0,34,115,0,149,0,4,390,0,394,0,38,505,0,543,512,0,512,1055
11/16/2012,VNY,CA,AWP,WE,Towers with Radar,0,35,147,0,182,0,3,340,0,343,0,38,487,0,525,266,0,266,791
11/17/2012,VNY,CA,AWP,WE,Towers with Radar,0,29,98,0,127,0,0,33,0,33,0,29,131,0,160,1,0,1,161
11/18/2012,VNY,CA,AWP,WE,Towers with Radar,0,36,144,0,180,0,0,313,0,313,0,36,457,0,493,320,0,320,813
11/19/2012,VNY,CA,AWP,WE,Towers with Radar,0,22,60,0,82,0,2,332,2,336,0,24,392,2,418,272,0,272,690
11/20/2012,VNY,CA,AWP,WE,Towers with Radar,1,32,104,0,137,0,8,336,0,344,1,40,440,0,481,252,0,252,733
11/21/2012,VNY,CA,AWP,WE,Towers with Radar,3,48,129,0,180,17,3,530,0,550,20,51,659,0,730,348,0,348,1078
11/22/2012,VNY,CA,AWP,WE,Towers with Radar,0,9,48,0,57,0,0,212,0,212,0,9,260,0,269,118,0,118,387
11/23/2012,VNY,CA,AWP,WE,Towers with Radar,0,17,70,0,87,0,3,286,1,290,0,20,356,1,377,218,0,218,595
11/24/2012,VNY,CA,AWP,WE,Towers with Radar,0,24,87,0,111,0,2,407,0,409,0,26,494,0,520,306,0,306,826
11/25/2012,VNY,CA,AWP,WE,Towers with Radar,0,46,161,0,207,0,0,407,1,408,0,46,568,1,615,280,0,280,895
11/26/2012,VNY,CA,AWP,WE,Towers with Radar,0,15,127,0,142,0,0,207,2,209,0,15,334,2,351,160,0,160,511
11/27/2012,VNY,CA,AWP,WE,Towers with Radar,0,16,76,0,92,0,0,308,0,308,0,16,384,0,400,171,0,171,571
11/28/2012,VNY,CA,AWP,WE,Towers with Radar,0,21,84,0,105,0,0,179,0,179,0,21,263,0,284,143,0,143,427
11/29/2012,VNY,CA,AWP,WE,Towers with Radar,0,38,103,1,142,0,0,9,0,9,0,38,112,1,151,0,0,0,151
11/30/2012,VNY,CA,AWP,WE,Towers with Radar,1,38,128,0,167,0,2,74,0,76,1,40,202,0,243,9,0,9,252
12/01/2012,VNY,CA,AWP,WE,Towers with Radar,0,33,94,1,128,0,0,69,0,69,0,33,163,1,197,62,0,62,259
12/02/2012,VNY,CA,AWP,WE,Towers with Radar,0,27,103,0,130,0,0,61,0,61,0,27,164,0,191,78,0,78,269
12/03/2012,VNY,CA,AWP,WE,Towers with Radar,0,37,112,2,151,0,1,162,0,163,0,38,274,2,314,124,0,124,438
12/04/2012,VNY,CA,AWP,WE,Towers with Radar,0,31,83,0,114,0,0,299,1,300,0,31,382,1,414,268,0,268,682
12/05/2012,VNY,CA,AWP,WE,Towers with Radar,0,27,97,0,124,0,1,373,2,376,0,28,470,2,500,412,0,412,912
12/06/2012,VNY,CA,AWP,WE,Towers with Radar,0,33,110,0,143,0,0,331,0,331,0,33,441,0,474,268,0,268,742
12/07/2012,VNY,CA,AWP,WE,Towers with Radar,0,19,124,0,143,0,2,369,4,375,0,21,493,4,518,252,0,252,770
12/08/2012,VNY,CA,AWP,WE,Towers with Radar,0,17,77,0,94,0,0,294,2,296,0,17,371,2,390,324,0,324,714
12/09/2012,VNY,CA,AWP,WE,Towers with Radar,0,18,112,0,130,0,2,296,1,299,0,20,408,1,429,198,0,198,627
12/10/2012,VNY,CA,AWP,WE,Towers with Radar,0,24,84,0,108,0,0,80,0,80,0,24,164,0,188,0,0,0,188
12/11/2012,VNY,CA,AWP,WE,Towers with Radar,0,32,74,1,107,0,0,399,0,399,0,32,473,1,506,280,0,280,786
12/12/2012,VNY,CA,AWP,WE,Towers with Radar,0,28,99,0,127,0,0,203,0,203,0,28,302,0,330,96,0,96,426
12/13/2012,VNY,CA,AWP,WE,Towers with Radar,0,24,94,0,118,0,0,235,0,235,0,24,329,0,353,172,0,172,525
12/14/2012,VNY,CA,AWP,WE,Towers with Radar,0,26,88,0,114,0,0,257,0,257,0,26,345,0,371,208,0,208,579
12/15/2012,VNY,CA,AWP,WE,Towers with Radar,0,14,101,0,115,0,1,367,0,368,0,15,468,0,483,214,0,214,697
12/16/2012,VNY,CA,AWP,WE,Towers with Radar,0,27,96,0,123,0,0,44,0,44,0,27,140,0,167,34,0,34,201
12/17/2012,VNY,CA,AWP,WE,Towers with Radar,0,17,81,0,98,16,0,147,0,163,16,17,228,0,261,90,0,90,351
12/18/2012,VNY,CA,AWP,WE,Towers with Radar,0,32,74,0,106,0,1,212,0,213,0,33,286,0,319,130,0,130,449
12/19/2012,VNY,CA,AWP,WE,Towers with Radar,0,32,101,0,133,0,0,372,0,372,0,32,473,0,505,222,0,222,727
12/20/2012,VNY,CA,AWP,WE,Towers with Radar,0,40,108,0,148,0,2,384,0,386,0,42,492,0,534,279,0,279,813
12/21/2012,VNY,CA,AWP,WE,Towers with Radar,0,33,118,0,151,0,0,402,1,403,0,33,520,1,554,292,0,292,846
12/22/2012,VNY,CA,AWP,WE,Towers with Radar,0,48,118,0,166,1,3,288,0,292,1,51,406,0,458,308,0,308,766
12/23/2012,VNY,CA,AWP,WE,Towers with Radar,0,27,93,0,120,0,0,153,0,153,0,27,246,0,273,142,0,142,415
12/24/2012,VNY,CA,AWP,WE,Towers with Radar,0,16,61,0,77,0,1,84,0,85,0,17,145,0,162,38,0,38,200
12/25/2012,VNY,CA,AWP,WE,Towers with Radar,0,22,51,0,73,0,0,163,1,164,0,22,214,1,237,140,0,140,377
12/26/2012,VNY,CA,AWP,WE,Towers with Radar,0,27,111,0,138,0,0,247,0,247,0,27,358,0,385,124,0,124,509
12/27/2012,VNY,CA,AWP,WE,Towers with Radar,0,40,82,2,124,0,1,285,0,286,0,41,367,2,410,180,0,180,590
12/28/2012,VNY,CA,AWP,WE,Towers with Radar,1,27,108,0,136,1,0,455,0,456,2,27,563,0,592,332,0,332,924
12/29/2012,VNY,CA,AWP,WE,Towers with Radar,0,26,81,0,107,0,1,114,0,115,0,27,195,0,222,72,0,72,294
12/30/2012,VNY,CA,AWP,WE,Towers with Radar,0,32,86,0,118,0,0,241,0,241,0,32,327,0,359,170,0,170,529
12/31/2012,VNY,CA,AWP,WE,Towers with Radar,0,25,54,0,79,0,0,270,0,270,0,25,324,0,349,133,0,133,482
01/01/2013,VNY,CA,AWP,WE,Towers with Radar,0,27,92,0,119,0,0,297,0,297,0,27,389,0,416,186,0,186,602
01/02/2013,VNY,CA,AWP,WE,Towers with Radar,0,37,123,0,160,0,2,153,0,155,0,39,276,0,315,116,0,116,431
01/03/2013,VNY,CA,AWP,WE,Towers with Radar,0,32,97,0,129,0,1,181,0,182,0,33,278,0,311,74,0,74,385
01/04/2013,VNY,CA,AWP,WE,Towers with Radar,0,42,115,0,157,0,2,374,0,376,0,44,489,0,533,282,0,282,815
01/05/2013,VNY,CA,AWP,WE,Towers with Radar,0,42,128,0,170,0,0,137,0,137,0,42,265,0,307,0,0,0,307
01/06/2013,VNY,CA,AWP,WE,Towers with Radar,0,30,100,0,130,0,0,176,0,176,0,30,276,0,306,208,0,208,514
01/07/2013,VNY,CA,AWP,WE,Towers with Radar,0,22,63,2,87,0,4,259,0,263,0,26,322,2,350,144,0,144,494
01/08/2013,VNY,CA,AWP,WE,Towers with Radar,0,36,63,2,101,0,0,317,0,317,0,36,380,2,418,181,0,181,599
01/09/2013,VNY,CA,AWP,WE,Towers with Radar,0,33,136,0,169,0,0,305,0,305,0,33,441,0,474,230,0,230,704
01/10/2013,VNY,CA,AWP,WE,Towers with Radar,0,34,80,1,115,0,1,195,2,198,0,35,275,3,313,102,0,102,415
01/11/2013,VNY,CA,AWP,WE,Towers with Radar,0,32,75,1,108,0,0,322,0,322,0,32,397,1,430,198,0,198,628
01/12/2013,VNY,CA,AWP,WE,Towers with Radar,0,20,65,1,86,0,1,432,0,433,0,21,497,1,519,430,0,430,949
01/13/2013,VNY,CA,AWP,WE,Towers with Radar,0,19,86,0,105,0,5,350,0,355,0,24,436,0,460,284,0,284,744
01/14/2013,VNY,CA,AWP,WE,Towers with Radar,0,14,40,0,54,0,1,133,0,134,0,15,173,0,188,37,0,37,225
01/15/2013,VNY,CA,AWP,WE,Towers with Radar,0,23,83,1,107,0,2,268,0,270,0,25,351,1,377,170,0,170,547
01/16/2013,VNY,CA,AWP,WE,Towers with Radar,0,27,90,0,117,0,0,327,0,327,0,27,417,0,444,152,0,152,596
01/17/2013,VNY,CA,AWP,WE,Towers with Radar,0,30,77,2,109,0,0,345,0,345,0,30,422,2,454,146,0,146,600
01/18/2013,VNY,CA,AWP,WE,Towers with Radar,0,46,105,0,151,0,5,378,1,384,0,51,483,1,535,262,0,262,797
01/19/2013,VNY,CA,AWP,WE,Towers with Radar,0,18,68,0,86,1,1,417,0,419,1,19,485,0,505,298,0,298,803
01/20/2013,VNY,CA,AWP,WE,Towers with Radar,0,17,69,0,86,0,1,387,0,388,0,18,456,0,474,268,0,268,742
01/21/2013,VNY,CA,AWP,WE,Towers with Radar,0,47,100,0,147,0,4,395,0,399,0,51,495,0,546,256,0,256,802
01/22/2013,VNY,CA,AWP,WE,Towers with Radar,0,31,85,1,117,0,0,292,0,292,0,31,377,1,409,260,0,260,669
01/23/2013,VNY,CA,AWP,WE,Towers with Radar,0,23,94,0,117,0,0,344,0,344,0,23,438,0,461,260,0,260,721
01/24/2013,VNY,CA,AWP,WE,Towers with Radar,2,27,125,0,154,0,1,205,0,206,2,28,330,0,360,82,0,82,442
01/25/2013,VNY,CA,AWP,WE,Towers with Radar,0,31,119,0,150,1,0,144,2,147,1,31,263,2,297,14,0,14,311
01/26/2013,VNY,CA,AWP,WE,Towers with Radar,0,20,90,0,110,0,0,303,0,303,0,20,393,0,413,230,0,230,643
01/27/2013,VNY,CA,AWP,WE,Towers with Radar,0,23,115,0,138,0,2,177,0,179,0,25,292,0,317,216,0,216,533
01/28/2013,VNY,CA,AWP,WE,Towers with Radar,0,17,75,3,95,0,1,234,1,236,0,18,309,4,331,152,0,152,483
01/29/2013,VNY,CA,AWP,WE,Towers with Radar,0,31,80,0,111,0,2,308,0,310,0,33,388,0,421,214,0,214,635
01/30/2013,VNY,CA,AWP,WE,Towers with Radar,0,39,90,1,130,0,5,414,0,419,0,44,504,1,549,326,0,326,875
01/31/2013,VNY,CA,AWP,WE,Towers with Radar,0,53,110,2,165,0,1,382,1,384,0,54,492,3,549,300,0,300,849
02/01/2013,VNY,CA,AWP,WE,Towers with Radar,0,45,89,1,135,0,2,412,0,414,0,47,501,1,549,376,0,376,925
02/02/2013,VNY,CA,AWP,WE,Towers with Radar,0,25,79,0,104,0,0,376,1,377,0,25,455,1,481,258,0,258,739
02/03/2013,VNY,CA,AWP,WE,Towers with Radar,0,23,82,2,107,0,0,321,0,321,0,23,403,2,428,282,0,282,710
02/04/2013,VNY,CA,AWP,WE,Towers with Radar,0,41,95,1,137,0,1,309,0,310,0,42,404,1,447,236,0,236,683
02/05/2013,VNY,CA,AWP,WE,Towers with Radar,0,33,104,2,139,0,0,83,0,83,0,33,187,2,222,52,0,52,274
02/06/2013,VNY,CA,AWP,WE,Towers with Radar,0,23,100,0,123,1,1,325,0,327,1,24,425,0,450,254,0,254,704
02/07/2013,VNY,CA,AWP,WE,Towers with Radar,0,35,102,0,137,0,1,249,0,250,0,36,351,0,387,230,0,230,617
02/08/2013,VNY,CA,AWP,WE,Towers with Radar,0,46,100,0,146,0,1,187,1,189,0,47,287,1,335,186,0,186,521
02/09/2013,VNY,CA,AWP,WE,Towers with Radar,0,26,88,0,114,0,0,358,0,358,0,26,446,0,472,253,0,253,725
02/10/2013,VNY,CA,AWP,WE,Towers with Radar,0,39,107,0,146,0,1,323,0,324,0,40,430,0,470,310,0,310,780
02/11/2013,VNY,CA,AWP,WE,Towers with Radar,0,24,81,0,105,0,0,256,1,257,0,24,337,1,362,149,0,149,511
02/12/2013,VNY,CA,AWP,WE,Towers with Radar,0,25,75,0,100,0,0,374,1,375,0,25,449,1,475,196,0,196,671
02/13/2013,VNY,CA,AWP,WE,Towers with Radar,0,33,97,0,130,0,4,397,0,401,0,37,494,0,531,331,0,331,862
02/14/2013,VNY,CA,AWP,WE,Towers with Radar,0,55,107,0,162,0,2,497,0,499,0,57,604,0,661,256,0,256,917
02/15/2013,VNY,CA,AWP,WE,Towers with Radar,1,46,116,0,163,1,2,355,0,358,2,48,471,0,521,134,0,134,655
02/16/2013,VNY,CA,AWP,WE,Towers with Radar,0,36,84,0,120,0,1,447,0,448,0,37,531,0,568,308,0,308,876
02/17/2013,VNY,CA,AWP,WE,Towers with Radar,0,28,77,2,107,0,4,354,1,359,0,32,431,3,466,260,0,260,726
02/18/2013,VNY,CA,AWP,WE,Towers with Radar,0,53,171,0,224,5,0,329,0,334,5,53,500,0,558,222,0,222,780
02/19/2013,VNY,CA,AWP,WE,Towers with Radar,0,31,107,0,138,0,0,143,0,143,0,31,250,0,281,78,0,78,359
02/20/2013,VNY,CA,AWP,WE,Towers with Radar,0,20,102,1,123,0,1,295,0,296,0,21,397,1,419,112,0,112,531
02/21/2013,VNY,CA,AWP,WE,Towers with Radar,0,36,129,0,165,0,0,303,0,303,0,36,432,0,468,162,0,162,630
02/22/2013,VNY,CA,AWP,WE,Towers with Radar,0,26,103,1,130,0,0,374,0,374,0,26,477,1,504,252,0,252,756
02/23/2013,VNY,CA,AWP,WE,Towers with Radar,0,30,75,0,105,0,0,423,1,424,0,30,498,1,529,310,0,310,839
02/24/2013,VNY,CA,AWP,WE,Towers with Radar,0,25,76,1,102,0,3,256,0,259,0,28,332,1,361,143,0,143,504
02/25/2013,VNY,CA,AWP,WE,Towers with Radar,0,28,97,0,125,0,2,338,0,340,0,30,435,0,465,240,0,240,705
02/26/2013,VNY,CA,AWP,WE,Towers with Radar,0,15,82,1,98,0,1,311,39,351,0,16,393,40,449,364,0,364,813
02/27/2013,VNY,CA,AWP,WE,Towers with Radar,0,28,79,0,107,0,1,362,0,363,0,29,441,0,470,212,0,212,682
02/28/2013,VNY,CA,AWP,WE,Towers with Radar,0,25,106,0,131,0,1,330,0,331,0,26,436,0,462,200,0,200,662
03/01/2013,VNY,CA,AWP,WE,Towers with Radar,0,30,91,0,121,0,0,439,0,439,0,30,530,0,560,241,0,241,801
03/02/2013,VNY,CA,AWP,WE,Towers with Radar,0,22,67,0,89,0,0,424,0,424,0,22,491,0,513,332,0,332,845
03/03/2013,VNY,CA,AWP,WE,Towers with Radar,0,32,102,1,135,0,0,387,0,387,0,32,489,1,522,314,0,314,836
03/04/2013,VNY,CA,AWP,WE,Towers with Radar,1,30,113,0,144,0,1,304,0,305,1,31,417,0,449,152,0,152,601
03/05/2013,VNY,CA,AWP,WE,Towers with Radar,0,22,124,0,146,0,0,77,0,77,0,22,201,0,223,156,0,156,379
03/06/2013,VNY,CA,AWP,WE,Towers with Radar,2,19,64,0,85,0,2,257,0,259,2,21,321,0,344,256,0,256,600
03/07/2013,VNY,CA,AWP,WE,Towers with Radar,0,27,120,0,147,0,0,180,0,180,0,27,300,0,327,165,0,165,492
03/08/2013,VNY,CA,AWP,WE,Towers with Radar,0,31,79,0,110,0,1,238,0,239,0,32,317,0,349,258,0,258,607
03/09/2013,VNY,CA,AWP,WE,Towers with Radar,0,21,74,0,95,0,0,393,2,395,0,21,467,2,490,228,0,228,718
03/10/2013,VNY,CA,AWP,WE,Towers with Radar,0,28,97,1,126,0,3,380,1,384,0,31,477,2,510,237,0,237,747
03/11/2013,VNY,CA,AWP,WE,Towers with Radar,0,23,82,0,105,0,1,318,2,321,0,24,400,2,426,232,0,232,658
03/12/2013,VNY,CA,AWP,WE,Towers with Radar,0,27,68,0,95,0,1,348,2,351,0,28,416,2,446,254,0,254,700
03/13/2013,VNY,CA,AWP,WE,Towers with Radar,0,29,99,0,128,0,2,375,0,377,0,31,474,0,505,210,0,210,715
03/14/2013,VNY,CA,AWP,WE,Towers with Radar,0,34,104,0,138,0,4,357,0,361,0,38,461,0,499,286,0,286,785
03/15/2013,VNY,CA,AWP,WE,Towers with Radar,0,49,116,0,165,0,2,419,1,422,0,51,535,1,587,350,0,350,937
03/16/2013,VNY,CA,AWP,WE,Towers with Radar,1,29,99,0,129,0,1,355,0,356,1,30,454,0,485,322,0,322,807
03/17/2013,VNY,CA,AWP,WE,Towers with Radar,0,34,113,0,147,0,3,363,1,367,0,37,476,1,514,244,0,244,758
03/18/2013,VNY,CA,AWP,WE,Towers with Radar,0,23,91,0,114,0,0,270,0,270,0,23,361,0,384,200,0,200,584
03/19/2013,VNY,CA,AWP,WE,Towers with Radar,0,22,112,0,134,0,3,262,1,266,0,25,374,1,400,218,0,218,618
03/20/2013,VNY,CA,AWP,WE,Towers with Radar,0,31,123,0,154,0,0,327,0,327,0,31,450,0,481,310,0,310,791
03/21/2013,VNY,CA,AWP,WE,Towers with Radar,0,24,113,1,138,0,2,371,0,373,0,26,484,1,511,280,0,280,791
03/22/2013,VNY,CA,AWP,WE,Towers with Radar,0,49,94,0,143,0,2,428,3,433,0,51,522,3,576,330,0,330,906
03/23/2013,VNY,CA,AWP,WE,Towers with Radar,0,31,84,0,115,0,2,435,0,437,0,33,519,0,552,356,0,356,908
03/24/2013,VNY,CA,AWP,WE,Towers with Radar,0,37,121,0,158,0,5,391,2,398,0,42,512,2,556,262,0,262,818
03/25/2013,VNY,CA,AWP,WE,Towers with Radar,0,25,83,0,108,0,2,309,0,311,0,27,392,0,419,252,0,252,671
03/26/2013,VNY,CA,AWP,WE,Towers with Radar,0,19,107,0,126,0,0,276,1,277,0,19,383,1,403,234,0,234,637
03/27/2013,VNY,CA,AWP,WE,Towers with Radar,0,24,114,0,138,0,2,413,0,415,0,26,527,0,553,173,0,173,726
03/28/2013,VNY,CA,AWP,WE,Towers with Radar,0,28,130,0,158,0,0,309,0,309,0,28,439,0,467,310,0,310,777
03/29/2013,VNY,CA,AWP,WE,Towers with Radar,0,35,104,0,139,0,0,450,0,450,0,35,554,0,589,414,0,414,1003
03/30/2013,VNY,CA,AWP,WE,Towers with Radar,0,29,94,1,124,0,0,148,0,148,0,29,242,1,272,0,0,0,272
03/31/2013,VNY,CA,AWP,WE,Towers with Radar,0,23,102,0,125,0,0,217,0,217,0,23,319,0,342,232,0,232,574
04/01/2013,VNY,CA,AWP,WE,Towers with Radar,0,22,120,2,144,0,0,313,1,314,0,22,433,3,458,218,0,218,676
04/02/2013,VNY,CA,AWP,WE,Towers with Radar,0,20,80,0,100,0,0,344,0,344,0,20,424,0,444,236,0,236,680
04/03/2013,VNY,CA,AWP,WE,Towers with Radar,0,29,76,0,105,0,2,332,0,334,0,31,408,0,439,262,0,262,701
04/04/2013,VNY,CA,AWP,WE,Towers with Radar,0,28,70,1,99,0,4,390,0,394,0,32,460,1,493,320,0,320,813
04/05/2013,VNY,CA,AWP,WE,Towers with Radar,0,29,111,1,141,0,0,403,0,403,0,29,514,1,544,530,0,530,1074
04/06/2013,VNY,CA,AWP,WE,Towers with Radar,0,25,105,0,130,0,0,279,0,279,0,25,384,0,409,295,0,295,704
04/07/2013,VNY,CA,AWP,WE,Towers with Radar,0,35,100,0,135,0,3,241,0,244,0,38,341,0,379,246,0,246,625
04/08/2013,VNY,CA,AWP,WE,Towers with Radar,0,24,60,0,84,0,0,151,0,151,0,24,211,0,235,116,0,116,351
04/09/2013,VNY,CA,AWP,WE,Towers with Radar,0,28,88,0,116,0,2,282,1,285,0,30,370,1,401,128,0,128,529
04/10/2013,VNY,CA,AWP,WE,Towers with Radar,0,31,82,0,113,0,0,326,0,326,0,31,408,0,439,208,0,208,647
04/11/2013,VNY,CA,AWP,WE,Towers with Radar,0,34,101,0,135,0,3,439,2,444,0,37,540,2,579,512,0,512,1091
04/12/2013,VNY,CA,AWP,WE,Towers with Radar,0,48,117,1,166,0,5,365,0,370,0,53,482,1,536,406,0,406,942
04/13/2013,VNY,CA,AWP,WE,Towers with Radar,0,27,130,0,157,0,0,168,0,168,0,27,298,0,325,164,0,164,489
04/14/2013,VNY,CA,AWP,WE,Towers with Radar,0,42,142,0,184,0,0,208,1,209,0,42,350,1,393,256,0,256,649
04/15/2013,VNY,CA,AWP,WE,Towers with Radar,0,25,85,0,110,0,2,169,0,171,0,27,254,0,281,224,0,224,505
04/16/2013,VNY,CA,AWP,WE,Towers with Radar,0,26,71,0,97,0,2,224,0,226,0,28,295,0,323,140,0,140,463
04/17/2013,VNY,CA,AWP,WE,Towers with Radar,0,32,85,0,117,0,3,298,0,301,0,35,383,0,418,210,0,210,628
04/18/2013,VNY,CA,AWP,WE,Towers with Radar,0,17,77,0,94,0,4,340,0,344,0,21,417,0,438,274,0,274,712
04/19/2013,VNY,CA,AWP,WE,Towers with Radar,0,17,97,0,114,0,2,464,0,466,0,19,561,0,580,394,0,394,974
04/20/2013,VNY,CA,AWP,WE,Towers with Radar,2,8,88,0,98,0,0,467,0,467,2,8,555,0,565,441,0,441,1006
04/21/2013,VNY,CA,AWP,WE,Towers with Radar,0,27,105,0,132,0,0,377,0,377,0,27,482,0,509,348,0,348,857
04/22/2013,VNY,CA,AWP,WE,Towers with Radar,0,26,76,0,102,0,0,288,0,288,0,26,364,0,390,268,0,268,658
04/23/2013,VNY,CA,AWP,WE,Towers with Radar,0,15,96,0,111,0,1,325,0,326,0,16,421,0,437,276,0,276,713
04/24/2013,VNY,CA,AWP,WE,Towers with Radar,0,24,115,1,140,0,0,169,0,169,0,24,284,1,309,188,0,188,497
04/25/2013,VNY,CA,AWP,WE,Towers with Radar,0,27,91,4,122,0,0,394,0,394,0,27,485,4,516,386,0,386,902
04/26/2013,VNY,CA,AWP,WE,Towers with Radar,0,32,101,0,133,0,2,398,0,400,0,34,499,0,533,580,0,580,1113
04/27/2013,VNY,CA,AWP,WE,Towers with Radar,0,21,91,1,113,0,9,492,0,501,0,30,583,1,614,526,0,526,1140
04/28/2013,VNY,CA,AWP,WE,Towers with Radar,0,39,143,0,182,0,0,385,1,386,0,39,528,1,568,404,0,404,972
04/29/2013,VNY,CA,AWP,WE,Towers with Radar,0,25,105,1,131,0,2,271,0,273,0,27,376,1,404,480,0,480,884
04/30/2013,VNY,CA,AWP,WE,Towers with Radar,0,13,112,0,125,0,1,327,0,328,0,14,439,0,453,328,0,328,781
05/01/2013,VNY,CA,AWP,WE,Towers with Radar,0,40,115,1,156,0,1,347,0,348,0,41,462,1,504,162,0,162,666
05/02/2013,VNY,CA,AWP,WE,Towers with Radar,1,27,89,0,117,1,5,351,1,358,2,32,440,1,475,260,0,260,735
05/03/2013,VNY,CA,AWP,WE,Towers with Radar,0,46,91,0,137,0,3,368,0,371,0,49,459,0,508,344,0,344,852
05/04/2013,VNY,CA,AWP,WE,Towers with Radar,0,28,63,0,91,0,4,454,2,460,0,32,517,2,551,614,0,614,1165
05/05/2013,VNY,CA,AWP,WE,Towers with Radar,1,51,116,0,168,0,0,230,0,230,1,51,346,0,398,244,0,244,642
05/06/2013,VNY,CA,AWP,WE,Towers with Radar,0,29,72,0,101,0,0,150,0,150,0,29,222,0,251,178,0,178,429
05/07/2013,VNY,CA,AWP,WE,Towers with Radar,0,36,64,0,100,1,1,262,0,264,1,37,326,0,364,252,0,252,616
05/08/2013,VNY,CA,AWP,WE,Towers with Radar,0,37,80,0,117,0,0,287,0,287,0,37,367,0,404,214,0,214,618
05/09/2013,VNY,CA,AWP,WE,Towers with Radar,0,30,85,0,115,0,3,387,0,390,0,33,472,0,505,422,0,422,927
05/10/2013,VNY,CA,AWP,WE,Towers with Radar,0,27,85,0,112,0,3,450,0,453,0,30,535,0,565,438,0,438,1003
05/11/2013,VNY,CA,AWP,WE,Towers with Radar,0,20,64,0,84,0,1,436,0,437,0,21,500,0,521,434,0,434,955
05/12/2013,VNY,CA,AWP,WE,Towers with Radar,0,33,78,0,111,0,3,378,0,381,0,36,456,0,492,344,0,344,836
05/13/2013,VNY,CA,AWP,WE,Towers with Radar,0,21,56,1,78,0,0,254,1,255,0,21,310,2,333,174,0,174,507
05/14/2013,VNY,CA,AWP,WE,Towers with Radar,0,35,80,0,115,0,0,297,1,298,0,35,377,1,413,338,0,338,751
05/15/2013,VNY,CA,AWP,WE,Towers with Radar,0,27,83,0,110,3,3,362,0,368,3,30,445,0,478,258,0,258,736
05/16/2013,VNY,CA,AWP,WE,Towers with Radar,0,38,97,0,135,0,1,331,0,332,0,39,428,0,467,254,0,254,721
05/17/2013,VNY,CA,AWP,WE,Towers with Radar,0,35,92,0,127,0,1,369,0,370,0,36,461,0,497,424,0,424,921
05/18/2013,VNY,CA,AWP,WE,Towers with Radar,0,23,56,0,79,0,2,367,2,371,0,25,423,2,450,438,0,438,888
05/19/2013,VNY,CA,AWP,WE,Towers with Radar,0,37,93,0,130,0,2,307,0,309,0,39,400,0,439,372,0,372,811
05/20/2013,VNY,CA,AWP,WE,Towers with Radar,0,38,67,2,107,0,1,359,2,362,0,39,426,4,469,346,0,346,815
05/21/2013,VNY,CA,AWP,WE,Towers with Radar,0,44,82,0,126,0,3,339,0,342,0,47,421,0,468,210,0,210,678
05/22/2013,VNY,CA,AWP,WE,Towers with Radar,0,45,93,0,138,0,3,398,1,402,0,48,491,1,540,252,0,252,792
05/23/2013,VNY,CA,AWP,WE,Towers with Radar,0,47,96,0,143,0,3,415,0,418,0,50,511,0,561,442,0,442,1003
05/24/2013,VNY,CA,AWP,WE,Towers with Radar,1,52,99,0,152,0,1,413,0,414,1,53,512,0,566,438,0,438,1004
05/25/2013,VNY,CA,AWP,WE,Towers with Radar,0,32,71,0,103,0,3,336,1,340,0,35,407,1,443,358,0,358,801
05/26/2013,VNY,CA,AWP,WE,Towers with Radar,0,32,65,0,97,0,1,304,0,305,0,33,369,0,402,279,0,279,681
05/27/2013,VNY,CA,AWP,WE,Towers with Radar,0,52,90,0,142,0,3,409,3,415,0,55,499,3,557,352,0,352,909
05/28/2013,VNY,CA,AWP,WE,Towers with Radar,0,36,58,1,95,0,3,237,1,241,0,39,295,2,336,162,0,162,498
05/29/2013,VNY,CA,AWP,WE,Towers with Radar,0,29,61,0,90,0,2,248,1,251,0,31,309,1,341,116,0,116,457
05/30/2013,VNY,CA,AWP,WE,Towers with Radar,0,37,88,0,125,0,4,384,0,388,0,41,472,0,513,352,0,352,865
05/31/2013,VNY,CA,AWP,WE,Towers with Radar,0,31,84,0,115,0,4,403,2,409,0,35,487,2,524,400,0,400,924
06/01/2013,VNY,CA,AWP,WE,Towers with Radar,0,29,47,0,76,0,2,376,0,378,0,31,423,0,454,386,0,386,840
06/02/2013,VNY,CA,AWP,WE,Towers with Radar,0,30,72,0,102,0,0,291,0,291,0,30,363,0,393,304,0,304,697
06/03/2013,VNY,CA,AWP,WE,Towers with Radar,0,42,73,0,115,0,2,273,0,275,0,44,346,0,390,346,0,346,736
06/04/2013,VNY,CA,AWP,WE,Towers with Radar,0,39,61,0,100,0,3,280,0,283,0,42,341,0,383,300,0,300,683
06/05/2013,VNY,CA,AWP,WE,Towers with Radar,0,33,115,0,148,0,0,328,0,328,0,33,443,0,476,182,0,182,658
06/06/2013,VNY,CA,AWP,WE,Towers with Radar,0,31,105,0,136,0,1,320,0,321,0,32,425,0,457,264,0,264,721
06/07/2013,VNY,CA,AWP,WE,Towers with Radar,0,40,92,1,133,0,0,228,0,228,0,40,320,1,361,332,0,332,693
06/08/2013,VNY,CA,AWP,WE,Towers with Radar,0,27,85,0,112,0,1,326,0,327,0,28,411,0,439,392,0,392,831
06/09/2013,VNY,CA,AWP,WE,Towers with Radar,0,51,96,0,147,0,0,320,1,321,0,51,416,1,468,364,0,364,832
06/10/2013,VNY,CA,AWP,WE,Towers with Radar,0,29,77,0,106,0,3,329,0,332,0,32,406,0,438,348,0,348,786
06/11/2013,VNY,CA,AWP,WE,Towers with Radar,0,39,73,0,112,0,1,404,0,405,0,40,477,0,517,454,0,454,971
06/12/2013,VNY,CA,AWP,WE,Towers with Radar,0,39,89,0,128,0,1,264,0,265,0,40,353,0,393,310,0,310,703
06/13/2013,VNY,CA,AWP,WE,Towers with Radar,2,30,107,0,139,0,1,387,0,388,2,31,494,0,527,368,0,368,895
06/14/2013,VNY,CA,AWP,WE,Towers with Radar,0,45,90,0,135,0,3,349,0,352,0,48,439,0,487,394,0,394,881
06/15/2013,VNY,CA,AWP,WE,Towers with Radar,1,30,81,0,112,1,0,389,1,391,2,30,470,1,503,400,0,400,903
06/16/2013,VNY,CA,AWP,WE,Towers with Radar,0,28,62,0,90,0,1,362,1,364,0,29,424,1,454,324,0,324,778
06/17/2013,VNY,CA,AWP,WE,Towers with Radar,0,24,70,0,94,0,0,332,0,332,0,24,402,0,426,264,0,264,690
06/18/2013,VNY,CA,AWP,WE,Towers with Radar,0,28,59,0,87,0,0,313,3,316,0,28,372,3,403,324,0,324,727
06/19/2013,VNY,CA,AWP,WE,Towers with Radar,0,32,55,0,87,0,2,340,0,342,0,34,395,0,429,192,0,192,621
06/20/2013,VNY,CA,AWP,WE,Towers with Radar,0,34,78,0,112,0,2,454,0,456,0,36,532,0,568,408,0,408,976
06/21/2013,VNY,CA,AWP,WE,Towers with Radar,0,34,72,1,107,1,1,484,0,486,1,35,556,1,593,446,0,446,1039
06/22/2013,VNY,CA,AWP,WE,Towers with Radar,0,31,61,0,92,0,1,404,0,405,0,32,465,0,497,426,0,426,923
06/23/2013,VNY,CA,AWP,WE,Towers with Radar,0,32,75,0,107,0,0,305,0,305,0,32,380,0,412,295,0,295,707
06/24/2013,VNY,CA,AWP,WE,Towers with Radar,0,31,83,0,114,0,0,216,1,217,0,31,299,1,331,298,0,298,629
06/25/2013,VNY,CA,AWP,WE,Towers with Radar,0,38,83,0,121,0,2,269,0,271,0,40,352,0,392,334,0,334,726
06/26/2013,VNY,CA,AWP,WE,Towers with Radar,0,47,87,0,134,0,0,348,0,348,0,47,435,0,482,168,0,168,650
06/27/2013,VNY,CA,AWP,WE,Towers with Radar,0,38,75,0,113,0,2,452,0,454,0,40,527,0,567,342,0,342,909
06/28/2013,VNY,CA,AWP,WE,Towers with Radar,0,43,95,1,139,0,2,424,1,427,0,45,519,2,566,394,0,394,960
06/29/2013,VNY,CA,AWP,WE,Towers with Radar,0,37,78,0,115,0,0,322,0,322,0,37,400,0,437,290,0,290,727
06/30/2013,VNY,CA,AWP,WE,Towers with Radar,0,42,86,0,128,0,0,300,0,300,0,42,386,0,428,364,0,364,792
07/01/2013,VNY,CA,AWP,WE,Towers with Radar,0,24,59,0,83,0,0,308,0,308,0,24,367,0,391,190,0,190,581
07/02/2013,VNY,CA,AWP,WE,Towers with Radar,0,27,70,0,97,0,0,308,0,308,0,27,378,0,405,262,0,262,667
07/03/2013,VNY,CA,AWP,WE,Towers with Radar,0,42,86,0,128,0,1,407,0,408,0,43,493,0,536,340,0,340,876
07/04/2013,VNY,CA,AWP,WE,Towers with Radar,0,14,29,1,44,0,0,278,5,283,0,14,307,6,327,135,0,135,462
07/05/2013,VNY,CA,AWP,WE,Towers with Radar,0,18,48,0,66,1,1,266,0,268,1,19,314,0,334,284,0,284,618
07/06/2013,VNY,CA,AWP,WE,Towers with Radar,0,28,50,0,78,0,0,243,0,243,0,28,293,0,321,182,0,182,503
07/07/2013,VNY,CA,AWP,WE,Towers with Radar,0,44,100,0,144,0,2,374,0,376,0,46,474,0,520,246,0,246,766
07/08/2013,VNY,CA,AWP,WE,Towers with Radar,0,32,80,0,112,0,0,366,0,366,0,32,446,0,478,306,0,306,784
07/09/2013,VNY,CA,AWP,WE,Towers with Radar,0,22,67,0,89,0,1,335,0,336,0,23,402,0,425,337,0,337,762
07/10/2013,VNY,CA,AWP,WE,Towers with Radar,0,20,46,0,66,1,0,325,0,326,1,20,371,0,392,260,0,260,652
07/11/2013,VNY,CA,AWP,WE,Towers with Radar,3,31,93,0,127,0,0,340,0,340,3,31,433,0,467,252,0,252,719
07/12/2013,VNY,CA,AWP,WE,Towers with Radar,4,35,67,0,106,0,1,356,0,357,4,36,423,0,463,312,0,312,775
07/13/2013,VNY,CA,AWP,WE,Towers with Radar,0,31,75,0,106,0,0,386,0,386,0,31,461,0,492,284,0,284,776
07/14/2013,VNY,CA,AWP,WE,Towers with Radar,0,45,112,0,157,0,3,347,0,350,0,48,459,0,507,310,0,310,817
07/15/2013,VNY,CA,AWP,WE,Towers with Radar,53,18,65,0,136,0,0,295,0,295,53,18,360,0,431,350,0,350,781
07/16/2013,VNY,CA,AWP,WE,Towers with Radar,1,33,75,0,109,0,2,449,2,453,1,35,524,2,562,342,0,342,904
07/17/2013,VNY,CA,AWP,WE,Towers with Radar,1,3,22,0,26,2,0,293,0,295,3,3,315,0,321,142,0,142,463
07/18/2013,VNY,CA,AWP,WE,Towers with Radar,0,5,16,0,21,0,2,399,0,401,0,7,415,0,422,238,0,238,660
07/19/2013,VNY,CA,AWP,WE,Towers with Radar,1,4,27,0,32,1,0,394,0,395,2,4,421,0,427,230,0,230,657
07/20/2013,VNY,CA,AWP,WE,Towers with Radar,0,1,20,0,21,0,2,290,0,292,0,3,310,0,313,282,0,282,595
07/21/2013,VNY,CA,AWP,WE,Towers with Radar,0,4,21,0,25,0,0,324,0,324,0,4,345,0,349,272,0,272,621
07/22/2013,VNY,CA,AWP,WE,Towers with Radar,0,0,25,0,25,0,0,321,3,324,0,0,346,3,349,288,0,288,637
07/23/2013,VNY,CA,AWP,WE,Towers with Radar,0,1,34,0,35,0,0,324,1,325,0,1,358,1,360,256,0,256,616
07/24/2013,VNY,CA,AWP,WE,Towers with Radar,0,0,40,0,40,0,0,323,0,323,0,0,363,0,363,334,0,334,697
07/25/2013,VNY,CA,AWP,WE,Towers with Radar,0,3,23,0,26,3,6,365,0,374,3,9,388,0,400,272,0,272,672
07/26/2013,VNY,CA,AWP,WE,Towers with Radar,0,4,26,0,30,0,0,332,0,332,0,4,358,0,362,274,0,274,636
07/27/2013,VNY,CA,AWP,WE,Towers with Radar,0,13,72,0,85,0,0,412,2,414,0,13,484,2,499,326,0,326,825
07/28/2013,VNY,CA,AWP,WE,Towers with Radar,0,31,80,2,113,0,0,333,0,333,0,31,413,2,446,286,0,286,732
07/29/2013,VNY,CA,AWP,WE,Towers with Radar,1,22,52,0,75,1,1,345,0,347,2,23,397,0,422,290,0,290,712
07/30/2013,VNY,CA,AWP,WE,Towers with Radar,0,22,78,0,100,0,0,347,0,347,0,22,425,0,447,248,0,248,695
07/31/2013,VNY,CA,AWP,WE,Towers with Radar,0,24,83,0,107,0,0,281,0,281,0,24,364,0,388,226,0,226,614
08/01/2013,VNY,CA,AWP,WE,Towers with Radar,0,35,100,0,135,0,2,332,0,334,0,37,432,0,469,343,0,343,812
08/02/2013,VNY,CA,AWP,WE,Towers with Radar,0,24,79,0,103,0,1,349,4,354,0,25,428,4,457,326,0,326,783
08/03/2013,VNY,CA,AWP,WE,Towers with Radar,0,28,85,1,114,0,1,342,0,343,0,29,427,1,457,292,0,292,749
08/04/2013,VNY,CA,AWP,WE,Towers with Radar,0,37,103,0,140,0,0,382,14,396,0,37,485,14,536,368,0,368,904
08/05/2013,VNY,CA,AWP,WE,Towers with Radar,0,48,58,1,107,0,0,323,0,323,0,48,381,1,430,372,0,372,802
08/06/2013,VNY,CA,AWP,WE,Towers with Radar,0,26,60,0,86,0,1,152,12,165,0,27,212,12,251,220,24,244,495
08/07/2013,VNY,CA,AWP,WE,Towers with Radar,3,26,65,0,94,1,1,289,10,301,4,27,354,10,395,270,0,270,665
08/08/2013,VNY,CA,AWP,WE,Towers with Radar,0,44,105,0,149,0,0,450,0,450,0,44,555,0,599,404,0,404,1003
08/09/2013,VNY,CA,AWP,WE,Towers with Radar,0,35,96,0,131,0,2,354,2,358,0,37,450,2,489,332,0,332,821
08/10/2013,VNY,CA,AWP,WE,Towers with Radar,0,35,94,0,129,0,0,323,0,323,0,35,417,0,452,314,0,314,766
08/11/2013,VNY,CA,AWP,WE,Towers with Radar,0,37,109,0,146,0,4,417,0,421,0,41,526,0,567,454,0,454,1021
08/12/2013,VNY,CA,AWP,WE,Towers with Radar,0,42,81,0,123,1,0,355,2,358,1,42,436,2,481,376,0,376,857
08/13/2013,VNY,CA,AWP,WE,Towers with Radar,0,38,106,1,145,0,0,459,0,459,0,38,565,1,604,308,0,308,912
08/14/2013,VNY,CA,AWP,WE,Towers with Radar,0,31,106,0,137,0,0,404,0,404,0,31,510,0,541,293,0,293,834
08/15/2013,VNY,CA,AWP,WE,Towers with Radar,1,47,103,2,153,0,0,491,0,491,1,47,594,2,644,284,0,284,928
08/16/2013,VNY,CA,AWP,WE,Towers with Radar,0,56,97,0,153,0,1,342,2,345,0,57,439,2,498,314,0,314,812
08/17/2013,VNY,CA,AWP,WE,Towers with Radar,0,30,93,1,124,0,1,465,0,466,0,31,558,1,590,314,0,314,904
08/18/2013,VNY,CA,AWP,WE,Towers with Radar,0,51,117,0,168,0,2,433,1,436,0,53,550,1,604,444,0,444,1048
08/19/2013,VNY,CA,AWP,WE,Towers with Radar,0,41,82,0,123,0,2,410,0,412,0,43,492,0,535,405,0,405,940
08/20/2013,VNY,CA,AWP,WE,Towers with Radar,0,46,88,0,134,0,2,363,0,365,0,48,451,0,499,282,0,282,781
08/21/2013,VNY,CA,AWP,WE,Towers with Radar,0,39,87,2,128,0,1,421,0,422,0,40,508,2,550,294,0,294,844
08/22/2013,VNY,CA,AWP,WE,Towers with Radar,0,42,87,0,129,0,1,444,0,445,0,43,531,0,574,478,0,478,1052
08/23/2013,VNY,CA,AWP,WE,Towers with Radar,1,38,95,1,135,0,1,394,0,395,1,39,489,1,530,402,0,402,932
08/24/2013,VNY,CA,AWP,WE,Towers with Radar,0,32,71,5,108,0,0,441,2,443,0,32,512,7,551,386,0,386,937
08/25/2013,VNY,CA,AWP,WE,Towers with Radar,0,45,93,0,138,0,0,401,3,404,0,45,494,3,542,372,0,372,914
08/26/2013,VNY,CA,AWP,WE,Towers with Radar,0,35,67,0,102,0,3,370,0,373,0,38,437,0,475,336,0,336,811
08/27/2013,VNY,CA,AWP,WE,Towers with Radar,0,20,69,0,89,0,3,331,0,334,0,23,400,0,423,350,0,350,773
08/28/2013,VNY,CA,AWP,WE,Towers with Radar,0,30,75,0,105,0,3,370,2,375,0,33,445,2,480,282,0,282,762
08/29/2013,VNY,CA,AWP,WE,Towers with Radar,0,28,106,0,134,0,2,463,5,470,0,30,569,5,604,366,0,366,970
08/30/2013,VNY,CA,AWP,WE,Towers with Radar,0,38,73,1,112,0,0,382,1,383,0,38,455,2,495,312,0,312,807
08/31/2013,VNY,CA,AWP,WE,Towers with Radar,0,31,45,0,76,0,2,425,0,427,0,33,470,0,503,458,0,458,961
09/01/2013,VNY,CA,AWP,WE,Towers with Radar,0,26,72,1,99,0,0,394,0,394,0,26,466,1,493,284,0,284,777
09/02/2013,VNY,CA,AWP,WE,Towers with Radar,1,45,99,0,145,0,0,488,0,488,1,45,587,0,633,344,0,344,977
09/03/2013,VNY,CA,AWP,WE,Towers with Radar,2,26,67,0,95,0,0,323,0,323,2,26,390,0,418,236,0,236,654
09/04/2013,VNY,CA,AWP,WE,Towers with Radar,0,22,62,0,84,0,1,360,0,361,0,23,422,0,445,350,0,350,795
09/05/2013,VNY,CA,AWP,WE,Towers with Radar,0,30,81,0,111,0,0,426,1,427,0,30,507,1,538,380,0,380,918
09/06/2013,VNY,CA,AWP,WE,Towers with Radar,0,31,86,1,118,0,3,358,1,362,0,34,444,2,480,348,0,348,828
09/07/2013,VNY,CA,AWP,WE,Towers with Radar,1,19,51,0,71,1,3,361,0,365,2,22,412,0,436,292,0,292,728
09/08/2013,VNY,CA,AWP,WE,Towers with Radar,0,37,98,0,135,0,0,391,0,391,0,37,489,0,526,295,0,295,821
09/09/2013,VNY,CA,AWP,WE,Towers with Radar,0,24,82,0,106,0,0,434,0,434,0,24,516,0,540,354,0,354,894
09/10/2013,VNY,CA,AWP,WE,Towers with Radar,0,37,79,0,116,0,0,317,2,319,0,37,396,2,435,328,0,328,763
09/11/2013,VNY,CA,AWP,WE,Towers with Radar,0,24,82,0,106,0,0,393,2,395,0,24,475,2,501,282,0,282,783
09/12/2013,VNY,CA,AWP,WE,Towers with Radar,0,22,86,0,108,0,0,348,0,348,0,22,434,0,456,426,0,426,882
09/13/2013,VNY,CA,AWP,WE,Towers with Radar,0,35,76,2,113,0,2,416,0,418,0,37,492,2,531,446,0,446,977
09/14/2013,VNY,CA,AWP,WE,Towers with Radar,0,32,96,0,128,0,1,401,0,402,0,33,497,0,530,350,0,350,880
09/15/2013,VNY,CA,AWP,WE,Towers with Radar,0,45,98,0,143,0,0,323,0,323,0,45,421,0,466,264,0,264,730
09/16/2013,VNY,CA,AWP,WE,Towers with Radar,0,37,76,0,113,0,2,340,1,343,0,39,416,1,456,410,0,410,866
09/17/2013,VNY,CA,AWP,WE,Towers with Radar,0,34,91,0,125,0,1,396,0,397,0,35,487,0,522,324,0,324,846
09/18/2013,VNY,CA,AWP,WE,Towers with Radar,0,30,101,0,131,0,1,349,0,350,0,31,450,0,481,240,0,240,721
09/19/2013,VNY,CA,AWP,WE,Towers with Radar,0,27,96,0,123,1,1,421,1,424,1,28,517,1,547,478,0,478,1025
09/20/2013,VNY,CA,AWP,WE,Towers with Radar,0,54,157,0,211,0,0,210,0,210,0,54,367,0,421,222,0,222,643
09/21/2013,VNY,CA,AWP,WE,Towers with Radar,0,40,84,0,124,0,2,358,2,362,0,42,442,2,486,400,0,400,886
09/22/2013,VNY,CA,AWP,WE,Towers with Radar,0,50,119,0,169,0,1,328,0,329,0,51,447,0,498,264,0,264,762
09/23/2013,VNY,CA,AWP,WE,Towers with Radar,0,34,83,0,117,0,1,365,2,368,0,35,448,2,485,340,0,340,825
09/24/2013,VNY,CA,AWP,WE,Towers with Radar,0,32,89,0,121,1,0,342,2,345,1,32,431,2,466,245,0,245,711
09/25/2013,VNY,CA,AWP,WE,Towers with Radar,2,31,78,0,111,0,0,346,0,346,2,31,424,0,457,262,0,262,719
09/26/2013,VNY,CA,AWP,WE,Towers with Radar,0,37,74,0,111,0,2,351,0,353,0,39,425,0,464,298,0,298,762
09/27/2013,VNY,CA,AWP,WE,Towers with Radar,3,36,94,0,133,0,5,370,3,378,3,41,464,3,511,250,0,250,761
09/28/2013,VNY,CA,AWP,WE,Towers with Radar,0,25,68,0,93,0,0,462,0,462,0,25,530,0,555,350,0,350,905
09/29/2013,VNY,CA,AWP,WE,Towers with Radar,0,42,97,0,139,0,0,430,2,432,0,42,527,2,571,448,0,448,1019
09/30/2013,VNY,CA,AWP,WE,Towers with Radar,0,43,89,0,132,0,0,450,0,450,0,43,539,0,582,300,0,300,882
10/01/2013,VNY,CA,AWP,WE,Towers with Radar,0,20,71,0,91,0,4,351,0,355,0,24,422,0,446,298,0,298,744
10/02/2013,VNY,CA,AWP,WE,Towers with Radar,0,32,109,0,141,0,0,286,0,286,0,32,395,0,427,240,0,240,667
10/03/2013,VNY,CA,AWP,WE,Towers with Radar,0,42,94,1,137,0,1,398,1,400,0,43,492,2,537,488,0,488,1025
10/04/2013,VNY,CA,AWP,WE,Towers with Radar,0,50,68,0,118,0,3,313,0,316,0,53,381,0,434,254,0,254,688
10/05/2013,VNY,CA,AWP,WE,Towers with Radar,0,28,59,0,87,0,0,255,0,255,0,28,314,0,342,168,0,168,510
10/06/2013,VNY,CA,AWP,WE,Towers with Radar,0,48,101,0,149,0,1,415,1,417,0,49,516,1,566,368,0,368,934
10/07/2013,VNY,CA,AWP,WE,Towers with Radar,0,35,55,0,90,0,0,337,0,337,0,35,392,0,427,358,0,358,785
10/08/2013,VNY,CA,AWP,WE,Towers with Radar,0,29,86,0,115,0,0,320,0,320,0,29,406,0,435,296,0,296,731
10/09/2013,VNY,CA,AWP,WE,Towers with Radar,0,50,92,0,142,0,0,185,0,185,0,50,277,0,327,170,0,170,497
10/10/2013,VNY,CA,AWP,WE,Towers with Radar,0,40,81,0,121,0,1,390,2,393,0,41,471,2,514,338,0,338,852
10/11/2013,VNY,CA,AWP,WE,Towers with Radar,0,49,90,0,139,0,2,429,0,431,0,51,519,0,570,332,0,332,902
10/12/2013,VNY,CA,AWP,WE,Towers with Radar,0,16,80,1,97,0,2,456,0,458,0,18,536,1,555,342,0,342,897
10/13/2013,VNY,CA,AWP,WE,Towers with Radar,0,35,103,0,138,0,0,377,0,377,0,35,480,0,515,374,0,374,889
10/14/2013,VNY,CA,AWP,WE,Towers with Radar,1,29,61,1,92,0,0,312,0,312,1,29,373,1,404,284,0,284,688
10/15/2013,VNY,CA,AWP,WE,Towers with Radar,0,21,78,0,99,0,0,335,1,336,0,21,413,1,435,264,0,264,699
10/16/2013,VNY,CA,AWP,WE,Towers with Radar,0,29,77,0,106,0,1,330,0,331,0,30,407,0,437,256,0,256,693
10/17/2013,VNY,CA,AWP,WE,Towers with Radar,0,33,88,0,121,1,0,380,0,381,1,33,468,0,502,420,0,420,922
10/18/2013,VNY,CA,AWP,WE,Towers with Radar,2,42,85,0,129,0,1,428,0,429,2,43,513,0,558,484,0,484,1042
10/19/2013,VNY,CA,AWP,WE,Towers with Radar,0,14,65,0,79,0,0,390,1,391,0,14,455,1,470,358,0,358,828
10/20/2013,VNY,CA,AWP,WE,Towers with Radar,0,52,92,0,144,0,0,399,0,399,0,52,491,0,543,326,0,326,869
10/21/2013,VNY,CA,AWP,WE,Towers with Radar,1,40,78,0,119,0,2,268,0,270,1,42,346,0,389,280,0,280,669
10/22/2013,VNY,CA,AWP,WE,Towers with Radar,0,32,96,0,128,0,0,292,3,295,0,32,388,3,423,288,0,288,711
10/23/2013,VNY,CA,AWP,WE,Towers with Radar,0,37,90,0,127,0,1,292,0,293,0,38,382,0,420,266,0,266,686
10/24/2013,VNY,CA,AWP,WE,Towers with Radar,1,44,126,0,171,0,0,376,1,377,1,44,502,1,548,280,0,280,828
10/25/2013,VNY,CA,AWP,WE,Towers with Radar,0,55,141,0,196,0,3,355,2,360,0,58,496,2,556,306,0,306,862
10/26/2013,VNY,CA,AWP,WE,Towers with Radar,0,35,103,1,139,0,0,382,0,382,0,35,485,1,521,444,0,444,965
10/27/2013,VNY,CA,AWP,WE,Towers with Radar,1,55,98,0,154,0,0,377,0,377,1,55,475,0,531,216,0,216,747
10/28/2013,VNY,CA,AWP,WE,Towers with Radar,0,25,80,0,105,0,0,262,1,263,0,25,342,1,368,238,0,238,606
10/29/2013,VNY,CA,AWP,WE,Towers with Radar,1,17,82,0,100,1,1,369,0,371,2,18,451,0,471,250,0,250,721
10/30/2013,VNY,CA,AWP,WE,Towers with Radar,0,34,67,0,101,0,1,394,1,396,0,35,461,1,497,321,0,321,818
10/31/2013,VNY,CA,AWP,WE,Towers with Radar,1,27,60,0,88,0,0,323,0,323,1,27,383,0,411,201,0,201,612
11/01/2013,VNY,CA,AWP,WE,Towers with Radar,0,57,111,0,168,0,5,399,0,404,0,62,510,0,572,223,0,223,795
11/02/2013,VNY,CA,AWP,WE,Towers with Radar,0,27,86,0,113,0,2,402,0,404,0,29,488,0,517,304,0,304,821
11/03/2013,VNY,CA,AWP,WE,Towers with Radar,1,60,102,0,163,1,0,407,0,408,2,60,509,0,571,280,0,280,851
11/04/2013,VNY,CA,AWP,WE,Towers with Radar,0,29,75,0,104,0,0,316,0,316,0,29,391,0,420,278,0,278,698
11/05/2013,VNY,CA,AWP,WE,Towers with Radar,0,23,74,0,97,0,0,233,0,233,0,23,307,0,330,142,0,142,472
11/06/2013,VNY,CA,AWP,WE,Towers with Radar,2,28,76,0,106,0,0,322,0,322,2,28,398,0,428,210,0,210,638
11/07/2013,VNY,CA,AWP,WE,Towers with Radar,0,41,104,0,145,0,1,415,0,416,0,42,519,0,561,290,0,290,851
11/08/2013,VNY,CA,AWP,WE,Towers with Radar,0,40,110,0,150,0,2,406,1,409,0,42,516,1,559,268,0,268,827
11/09/2013,VNY,CA,AWP,WE,Towers with Radar,0,32,84,0,116,0,1,231,2,234,0,33,315,2,350,60,0,60,410
11/10/2013,VNY,CA,AWP,WE,Towers with Radar,0,47,88,0,135,0,1,515,0,516,0,48,603,0,651,356,0,356,1007
11/11/2013,VNY,CA,AWP,WE,Towers with Radar,0,31,67,0,98,0,1,374,3,378,0,32,441,3,476,346,0,346,822
11/12/2013,VNY,CA,AWP,WE,Towers with Radar,0,32,81,0,113,0,0,344,0,344,0,32,425,0,457,259,0,259,716
11/13/2013,VNY,CA,AWP,WE,Towers with Radar,2,23,116,2,143,0,1,365,1,367,2,24,481,3,510,240,0,240,750
11/14/2013,VNY,CA,AWP,WE,Towers with Radar,0,28,75,0,103,0,0,341,0,341,0,28,416,0,444,236,0,236,680
11/15/2013,VNY,CA,AWP,WE,Towers with Radar,0,39,110,2,151,0,0,324,1,325,0,39,434,3,476,298,0,298,774
11/16/2013,VNY,CA,AWP,WE,Towers with Radar,0,28,92,2,122,0,1,245,3,249,0,29,337,5,371,306,0,306,677
11/17/2013,VNY,CA,AWP,WE,Towers with Radar,0,34,112,0,146,0,2,442,2,446,0,36,554,2,592,354,0,354,946
11/18/2013,VNY,CA,AWP,WE,Towers with Radar,0,24,102,0,126,0,0,379,3,382,0,24,481,3,508,318,0,318,826
11/19/2013,VNY,CA,AWP,WE,Towers with Radar,0,31,88,0,119,0,0,424,1,425,0,31,512,1,544,402,0,402,946
11/20/2013,VNY,CA,AWP,WE,Towers with Radar,0,29,103,0,132,0,0,256,0,256,0,29,359,0,388,206,0,206,594
11/21/2013,VNY,CA,AWP,WE,Towers with Radar,0,32,100,0,132,0,0,165,0,165,0,32,265,0,297,24,0,24,321
11/22/2013,VNY,CA,AWP,WE,Towers with Radar,0,45,102,0,147,0,1,201,1,203,0,46,303,1,350,128,0,128,478
11/23/2013,VNY,CA,AWP,WE,Towers with Radar,0,33,83,0,116,0,0,314,0,314,0,33,397,0,430,184,0,184,614
11/24/2013,VNY,CA,AWP,WE,Towers with Radar,2,45,106,0,153,2,2,383,1,388,4,47,489,1,541,260,0,260,801
11/25/2013,VNY,CA,AWP,WE,Towers with Radar,0,48,109,0,157,0,2,337,0,339,0,50,446,0,496,242,0,242,738
11/26/2013,VNY,CA,AWP,WE,Towers with Radar,0,69,136,0,205,0,1,167,0,168,0,70,303,0,373,44,0,44,417
11/27/2013,VNY,CA,AWP,WE,Towers with Radar,0,42,107,1,150,0,1,395,2,398,0,43,502,3,548,242,0,242,790
11/28/2013,VNY,CA,AWP,WE,Towers with Radar,0,17,35,0,52,0,0,144,0,144,0,17,179,0,196,96,0,96,292
11/29/2013,VNY,CA,AWP,WE,Towers with Radar,0,25,65,0,90,0,0,132,0,132,0,25,197,0,222,80,0,80,302
11/30/2013,VNY,CA,AWP,WE,Towers with Radar,0,41,81,0,122,0,2,394,0,396,0,43,475,0,518,276,0,276,794
12/01/2013,VNY,CA,AWP,WE,Towers with Radar,0,65,154,0,219,0,0,377,0,377,0,65,531,0,596,240,0,240,836
12/02/2013,VNY,CA,AWP,WE,Towers with Radar,1,49,86,0,136,0,1,392,1,394,1,50,478,1,530,306,0,306,836
12/03/2013,VNY,CA,AWP,WE,Towers with Radar,0,32,69,1,102,0,0,232,1,233,0,32,301,2,335,228,0,228,563
12/04/2013,VNY,CA,AWP,WE,Towers with Radar,0,26,58,1,85,0,1,311,2,314,0,27,369,3,399,174,0,174,573
12/05/2013,VNY,CA,AWP,WE,Towers with Radar,1,31,88,0,120,0,0,375,0,375,1,31,463,0,495,216,0,216,711
12/06/2013,VNY,CA,AWP,WE,Towers with Radar,0,30,94,2,126,0,1,366,0,367,0,31,460,2,493,212,0,212,705
12/07/2013,VNY,CA,AWP,WE,Towers with Radar,0,13,71,2,86,0,0,88,2,90,0,13,159,4,176,42,0,42,218
12/08/2013,VNY,CA,AWP,WE,Towers with Radar,0,39,89,0,128,0,0,362,0,362,0,39,451,0,490,262,0,262,752
12/09/2013,VNY,CA,AWP,WE,Towers with Radar,0,27,57,0,84,0,2,219,4,225,0,29,276,4,309,70,0,70,379
12/10/2013,VNY,CA,AWP,WE,Towers with Radar,0,26,81,0,107,0,1,277,0,278,0,27,358,0,385,186,0,186,571
12/11/2013,VNY,CA,AWP,WE,Towers with Radar,0,30,96,0,126,0,2,343,0,345,0,32,439,0,471,285,0,285,756
12/12/2013,VNY,CA,AWP,WE,Towers with Radar,2,37,91,0,130,0,0,307,1,308,2,37,398,1,438,192,0,192,630
12/13/2013,VNY,CA,AWP,WE,Towers with Radar,0,39,85,1,125,0,1,403,1,405,0,40,488,2,530,326,0,326,856
12/14/2013,VNY,CA,AWP,WE,Towers with Radar,0,20,66,0,86,0,0,322,1,323,0,20,388,1,409,172,0,172,581
12/15/2013,VNY,CA,AWP,WE,Towers with Radar,0,37,69,0,106,0,0,366,1,367,0,37,435,1,473,268,0,268,741
12/16/2013,VNY,CA,AWP,WE,Towers with Radar,0,38,66,0,104,0,4,363,1,368,0,42,429,1,472,203,0,203,675
12/17/2013,VNY,CA,AWP,WE,Towers with Radar,0,26,73,0,99,0,0,324,0,324,0,26,397,0,423,204,0,204,627
12/18/2013,VNY,CA,AWP,WE,Towers with Radar,0,35,85,0,120,0,0,310,0,310,0,35,395,0,430,300,0,300,730
12/19/2013,VNY,CA,AWP,WE,Towers with Radar,0,48,78,0,126,0,1,193,2,196,0,49,271,2,322,72,0,72,394
12/20/2013,VNY,CA,AWP,WE,Towers with Radar,0,52,128,0,180,0,0,470,0,470,0,52,598,0,650,224,0,224,874
12/21/2013,VNY,CA,AWP,WE,Towers with Radar,0,44,145,0,189,0,1,401,0,402,0,45,546,0,591,332,0,332,923
12/22/2013,VNY,CA,AWP,WE,Towers with Radar,0,41,93,0,134,0,0,351,1,352,0,41,444,1,486,297,0,297,783
12/23/2013,VNY,CA,AWP,WE,Towers with Radar,0,32,83,0,115,0,0,383,0,383,0,32,466,0,498,338,0,338,836
12/24/2013,VNY,CA,AWP,WE,Towers with Radar,0,28,37,0,65,0,3,234,0,237,0,31,271,0,302,126,0,126,428
12/25/2013,VNY,CA,AWP,WE,Towers with Radar,0,17,52,0,69,0,0,125,0,125,0,17,177,0,194,88,0,88,282
12/26/2013,VNY,CA,AWP,WE,Towers with Radar,0,41,91,1,133,0,0,297,0,297,0,41,388,1,430,166,0,166,596
12/27/2013,VNY,CA,AWP,WE,Towers with Radar,0,44,99,2,145,0,1,441,0,442,0,45,540,2,587,238,0,238,825
12/28/2013,VNY,CA,AWP,WE,Towers with Radar,1,30,94,1,126,0,2,463,3,468,1,32,557,4,594,340,0,340,934
12/29/2013,VNY,CA,AWP,WE,Towers with Radar,0,35,66,0,101,0,0,209,1,210,0,35,275,1,311,144,0,144,455
12/30/2013,VNY,CA,AWP,WE,Towers with Radar,0,51,69,0,120,0,0,406,0,406,0,51,475,0,526,264,0,264,790
12/31/2013,VNY,CA,AWP,WE,Towers with Radar,0,30,52,0,82,0,0,328,0,328,0,30,380,0,410,166,0,166,576
01/01/2014,VNY,CA,AWP,WE,Towers with Radar,0,47,75,2,124,0,1,250,0,251,0,48,325,2,375,88,0,88,463
01/02/2014,VNY,CA,AWP,WE,Towers with Radar,1,66,133,0,200,0,0,358,0,358,1,66,491,0,558,266,0,266,824
01/03/2014,VNY,CA,AWP,WE,Towers with Radar,0,65,144,0,209,0,1,370,2,373,0,66,514,2,582,284,0,284,866
01/04/2014,VNY,CA,AWP,WE,Towers with Radar,0,47,116,0,163,0,1,372,0,373,0,48,488,0,536,224,0,224,760
01/05/2014,VNY,CA,AWP,WE,Towers with Radar,0,50,91,0,141,0,0,326,3,329,0,50,417,3,470,262,0,262,732
01/06/2014,VNY,CA,AWP,WE,Towers with Radar,0,49,74,0,123,0,1,293,0,294,0,50,367,0,417,160,0,160,577
01/07/2014,VNY,CA,AWP,WE,Towers with Radar,0,47,97,1,145,0,3,110,2,115,0,50,207,3,260,0,0,0,260
01/08/2014,VNY,CA,AWP,WE,Towers with Radar,0,19,77,0,96,0,3,130,1,134,0,22,207,1,230,0,0,0,230
01/09/2014,VNY,CA,AWP,WE,Towers with Radar,0,37,94,0,131,0,0,63,0,63,0,37,157,0,194,0,0,0,194
01/10/2014,VNY,CA,AWP,WE,Towers with Radar,0,41,104,0,145,0,1,139,0,140,0,42,243,0,285,0,0,0,285
01/11/2014,VNY,CA,AWP,WE,Towers with Radar,0,23,64,0,87,0,0,400,0,400,0,23,464,0,487,374,0,374,861
01/12/2014,VNY,CA,AWP,WE,Towers with Radar,0,35,76,0,111,0,1,277,1,279,0,36,353,1,390,256,0,256,646
01/13/2014,VNY,CA,AWP,WE,Towers with Radar,0,38,46,0,84,0,1,241,0,242,0,39,287,0,326,200,0,200,526
01/14/2014,VNY,CA,AWP,WE,Towers with Radar,0,35,90,0,125,0,0,222,0,222,0,35,312,0,347,184,0,184,531
01/15/2014,VNY,CA,AWP,WE,Towers with Radar,0,39,52,0,91,0,3,302,0,305,0,42,354,0,396,150,0,150,546
01/16/2014,VNY,CA,AWP,WE,Towers with Radar,0,51,117,0,168,0,2,263,0,265,0,53,380,0,433,128,0,128,561
01/17/2014,VNY,CA,AWP,WE,Towers with Radar,0,53,110,0,163,0,0,404,1,405,0,53,514,1,568,350,0,350,918
01/18/2014,VNY,CA,AWP,WE,Towers with Radar,0,29,98,0,127,0,0,513,2,515,0,29,611,2,642,584,0,584,1226
01/19/2014,VNY,CA,AWP,WE,Towers with Radar,2,38,103,0,143,0,0,362,0,362,2,38,465,0,505,280,0,280,785
01/20/2014,VNY,CA,AWP,WE,Towers with Radar,0,57,115,0,172,0,4,440,0,444,0,61,555,0,616,416,0,416,1032
01/21/2014,VNY,CA,AWP,WE,Towers with Radar,0,27,71,0,98,0,1,367,0,368,0,28,438,0,466,272,0,272,738
01/22/2014,VNY,CA,AWP,WE,Towers with Radar,0,34,70,0,104,0,2,307,0,309,0,36,377,0,413,255,0,255,668
01/23/2014,VNY,CA,AWP,WE,Towers with Radar,0,30,97,0,127,1,4,375,2,382,1,34,472,2,509,320,0,320,829
01/24/2014,VNY,CA,AWP,WE,Towers with Radar,0,37,105,0,142,0,1,317,0,318,0,38,422,0,460,310,0,310,770
01/25/2014,VNY,CA,AWP,WE,Towers with Radar,0,18,79,0,97,0,0,354,0,354,0,18,433,0,451,375,0,375,826
01/26/2014,VNY,CA,AWP,WE,Towers with Radar,0,44,119,0,163,0,1,401,0,402,0,45,520,0,565,438,0,438,1003
01/27/2014,VNY,CA,AWP,WE,Towers with Radar,0,23,111,1,135,0,1,399,1,401,0,24,510,2,536,372,0,372,908
01/28/2014,VNY,CA,AWP,WE,Towers with Radar,0,38,96,0,134,0,1,306,0,307,0,39,402,0,441,180,0,180,621
01/29/2014,VNY,CA,AWP,WE,Towers with Radar,0,47,114,1,162,0,3,381,1,385,0,50,495,2,547,340,0,340,887
01/30/2014,VNY,CA,AWP,WE,Towers with Radar,0,39,119,0,158,0,0,196,0,196,0,39,315,0,354,120,0,120,474
01/31/2014,VNY,CA,AWP,WE,Towers with Radar,0,40,86,0,126,0,0,317,0,317,0,40,403,0,443,246,0,246,689
02/01/2014,VNY,CA,AWP,WE,Towers with Radar,0,23,82,0,105,0,1,324,0,325,0,24,406,0,430,134,0,134,564
02/02/2014,VNY,CA,AWP,WE,Towers with Radar,0,25,61,0,86,0,0,277,0,277,0,25,338,0,363,265,0,265,628
02/03/2014,VNY,CA,AWP,WE,Towers with Radar,0,34,111,0,145,0,1,337,0,338,0,35,448,0,483,254,0,254,737
02/04/2014,VNY,CA,AWP,WE,Towers with Radar,0,29,88,2,119,0,0,305,1,306,0,29,393,3,425,234,0,234,659
02/05/2014,VNY,CA,AWP,WE,Towers with Radar,0,33,113,0,146,0,1,417,0,418,0,34,530,0,564,302,0,302,866
02/06/2014,VNY,CA,AWP,WE,Towers with Radar,0,32,90,0,122,0,3,172,0,175,0,35,262,0,297,160,0,160,457
02/07/2014,VNY,CA,AWP,WE,Towers with Radar,0,36,121,0,157,0,0,308,0,308,0,36,429,0,465,314,0,314,779
02/08/2014,VNY,CA,AWP,WE,Towers with Radar,0,22,88,0,110,0,2,364,1,367,0,24,452,1,477,358,0,358,835
02/09/2014,VNY,CA,AWP,WE,Towers with Radar,0,40,103,0,143,1,0,285,0,286,1,40,388,0,429,332,0,332,761
02/10/2014,VNY,CA,AWP,WE,Towers with Radar,0,30,69,1,100,0,0,283,0,283,0,30,352,1,383,150,0,150,533
02/11/2014,VNY,CA,AWP,WE,Towers with Radar,0,31,78,0,109,0,0,383,0,383,0,31,461,0,492,290,0,290,782
02/12/2014,VNY,CA,AWP,WE,Towers with Radar,0,42,111,0,153,1,0,393,2,396,1,42,504,2,549,414,0,414,963
02/13/2014,VNY,CA,AWP,WE,Towers with Radar,0,37,127,0,164,0,1,442,0,443,0,38,569,0,607,282,0,282,889
02/14/2014,VNY,CA,AWP,WE,Towers with Radar,0,48,113,0,161,0,0,573,2,575,0,48,686,2,736,364,0,364,1100
02/15/2014,VNY,CA,AWP,WE,Towers with Radar,0,33,99,0,132,2,0,433,0,435,2,33,532,0,567,259,0,259,826
02/16/2014,VNY,CA,AWP,WE,Towers with Radar,0,33,105,0,138,0,5,352,0,357,0,38,457,0,495,314,0,314,809
02/17/2014,VNY,CA,AWP,WE,Towers with Radar,0,64,165,0,229,0,3,430,0,433,0,67,595,0,662,404,0,404,1066
02/18/2014,VNY,CA,AWP,WE,Towers with Radar,0,40,92,0,132,0,0,343,0,343,0,40,435,0,475,232,0,232,707
02/19/2014,VNY,CA,AWP,WE,Towers with Radar,0,32,108,0,140,0,2,295,0,297,0,34,403,0,437,205,0,205,642
02/20/2014,VNY,CA,AWP,WE,Towers with Radar,0,36,100,0,136,0,0,288,1,289,0,36,388,1,425,160,0,160,585
02/21/2014,VNY,CA,AWP,WE,Towers with Radar,0,28,78,0,106,0,3,382,0,385,0,31,460,0,491,256,0,256,747
02/22/2014,VNY,CA,AWP,WE,Towers with Radar,0,26,116,0,142,0,1,374,0,375,0,27,490,0,517,288,0,288,805
02/23/2014,VNY,CA,AWP,WE,Towers with Radar,0,43,98,0,141,1,4,472,0,477,1,47,570,0,618,366,0,366,984
02/24/2014,VNY,CA,AWP,WE,Towers with Radar,0,27,93,0,120,0,2,273,2,277,0,29,366,2,397,254,0,254,651
02/25/2014,VNY,CA,AWP,WE,Towers with Radar,0,42,104,1,147,0,0,327,1,328,0,42,431,2,475,308,0,308,783
02/26/2014,VNY,CA,AWP,WE,Towers with Radar,0,40,83,0,123,0,1,239,2,242,0,41,322,2,365,246,0,246,611
02/27/2014,VNY,CA,AWP,WE,Towers with Radar,2,43,105,0,150,0,2,283,0,285,2,45,388,0,435,146,0,146,581
02/28/2014,VNY,CA,AWP,WE,Towers with Radar,0,50,91,0,141,0,0,72,0,72,0,50,163,0,213,2,0,2,215
03/01/2014,VNY,CA,AWP,WE,Towers with Radar,0,28,37,0,65,0,0,52,0,52,0,28,89,0,117,4,0,4,121
03/02/2014,VNY,CA,AWP,WE,Towers with Radar,0,56,121,0,177,0,0,129,0,129,0,56,250,0,306,166,0,166,472
03/03/2014,VNY,CA,AWP,WE,Towers with Radar,0,51,85,0,136,0,1,303,0,304,0,52,388,0,440,250,0,250,690
03/04/2014,VNY,CA,AWP,WE,Towers with Radar,0,26,83,0,109,0,2,318,4,324,0,28,401,4,433,178,0,178,611
03/05/2014,VNY,CA,AWP,WE,Towers with Radar,1,28,102,1,132,0,0,349,6,355,1,28,451,7,487,328,2,330,817
03/06/2014,VNY,CA,AWP,WE,Towers with Radar,0,42,111,0,153,0,2,335,1,338,0,44,446,1,491,251,0,251,742
03/07/2014,VNY,CA,AWP,WE,Towers with Radar,0,40,88,1,129,0,1,360,0,361,0,41,448,1,490,114,0,114,604
03/08/2014,VNY,CA,AWP,WE,Towers with Radar,0,33,68,0,101,0,0,349,2,351,0,33,417,2,452,296,0,296,748
03/09/2014,VNY,CA,AWP,WE,Towers with Radar,1,66,106,0,173,0,0,412,1,413,1,66,518,1,586,340,0,340,926
03/10/2014,VNY,CA,AWP,WE,Towers with Radar,0,33,58,0,91,0,0,388,0,388,0,33,446,0,479,312,0,312,791
03/11/2014,VNY,CA,AWP,WE,Towers with Radar,0,42,96,0,138,0,0,348,0,348,0,42,444,0,486,252,0,252,738
03/12/2014,VNY,CA,AWP,WE,Towers with Radar,0,25,70,0,95,0,1,264,4,269,0,26,334,4,364,162,0,162,526
03/13/2014,VNY,CA,AWP,WE,Towers with Radar,2,38,107,0,147,0,2,413,1,416,2,40,520,1,563,166,0,166,729
03/14/2014,VNY,CA,AWP,WE,Towers with Radar,0,50,99,0,149,0,3,387,0,390,0,53,486,0,539,248,0,248,787
03/15/2014,VNY,CA,AWP,WE,Towers with Radar,1,39,94,0,134,0,0,378,1,379,1,39,472,1,513,292,0,292,805
03/16/2014,VNY,CA,AWP,WE,Towers with Radar,0,46,104,0,150,0,0,438,0,438,0,46,542,0,588,344,0,344,932
03/17/2014,VNY,CA,AWP,WE,Towers with Radar,0,40,76,0,116,0,0,327,0,327,0,40,403,0,443,408,0,408,851
03/18/2014,VNY,CA,AWP,WE,Towers with Radar,0,29,101,0,130,0,1,423,1,425,0,30,524,1,555,336,0,336,891
03/19/2014,VNY,CA,AWP,WE,Towers with Radar,0,39,110,0,149,0,1,468,2,471,0,40,578,2,620,334,0,334,954
03/20/2014,VNY,CA,AWP,WE,Towers with Radar,0,42,127,0,169,0,1,422,1,424,0,43,549,1,593,278,0,278,871
03/21/2014,VNY,CA,AWP,WE,Towers with Radar,0,45,126,1,172,0,2,331,3,336,0,47,457,4,508,250,0,250,758
03/22/2014,VNY,CA,AWP,WE,Towers with Radar,0,21,92,0,113,0,2,360,0,362,0,23,452,0,475,247,0,247,722
03/23/2014,VNY,CA,AWP,WE,Towers with Radar,0,46,117,1,164,0,0,405,0,405,0,46,522,1,569,418,2,420,989
03/24/2014,VNY,CA,AWP,WE,Towers with Radar,0,37,118,0,155,0,1,272,1,274,0,38,390,1,429,186,0,186,615
03/25/2014,VNY,CA,AWP,WE,Towers with Radar,0,30,108,0,138,0,0,258,2,260,0,30,366,2,398,212,0,212,610
03/26/2014,VNY,CA,AWP,WE,Towers with Radar,0,37,75,2,114,0,0,203,3,206,0,37,278,5,320,198,0,198,518
03/27/2014,VNY,CA,AWP,WE,Towers with Radar,0,48,100,0,148,1,0,423,5,429,1,48,523,5,577,314,0,314,891
03/28/2014,VNY,CA,AWP,WE,Towers with Radar,1,29,99,3,132,0,0,391,0,391,1,29,490,3,523,342,0,342,865
03/29/2014,VNY,CA,AWP,WE,Towers with Radar,0,21,64,1,86,0,0,369,0,369,0,21,433,1,455,212,0,212,667
03/30/2014,VNY,CA,AWP,WE,Towers with Radar,1,32,107,0,140,0,0,309,0,309,1,32,416,0,449,254,0,254,703
03/31/2014,VNY,CA,AWP,WE,Towers with Radar,0,39,103,0,142,0,0,322,0,322,0,39,425,0,464,236,0,236,700
04/01/2014,VNY,CA,AWP,WE,Towers with Radar,0,27,76,0,103,0,0,235,1,236,0,27,311,1,339,194,0,194,533
04/02/2014,VNY,CA,AWP,WE,Towers with Radar,0,22,102,0,124,0,0,248,0,248,0,22,350,0,372,134,0,134,506
04/03/2014,VNY,CA,AWP,WE,Towers with Radar,0,31,77,0,108,0,1,397,0,398,0,32,474,0,506,270,0,270,776
04/04/2014,VNY,CA,AWP,WE,Towers with Radar,0,45,90,0,135,0,4,348,1,353,0,49,438,1,488,268,0,268,756
04/05/2014,VNY,CA,AWP,WE,Towers with Radar,1,36,79,0,116,0,0,316,2,318,1,36,395,2,434,219,0,219,653
04/06/2014,VNY,CA,AWP,WE,Towers with Radar,0,35,106,0,141,0,1,336,0,337,0,36,442,0,478,234,0,234,712
04/07/2014,VNY,CA,AWP,WE,Towers with Radar,0,44,93,0,137,0,1,345,0,346,0,45,438,0,483,290,0,290,773
04/08/2014,VNY,CA,AWP,WE,Towers with Radar,0,33,83,0,116,0,1,367,1,369,0,34,450,1,485,302,0,302,787
04/09/2014,VNY,CA,AWP,WE,Towers with Radar,0,19,99,0,118,0,1,410,1,412,0,20,509,1,530,280,0,280,810
04/10/2014,VNY,CA,AWP,WE,Towers with Radar,0,31,98,0,129,0,2,425,1,428,0,33,523,1,557,274,0,274,831
04/11/2014,VNY,CA,AWP,WE,Towers with Radar,4,54,120,0,178,2,3,414,0,419,6,57,534,0,597,354,0,354,951
04/12/2014,VNY,CA,AWP,WE,Towers with Radar,0,41,102,0,143,0,0,257,0,257,0,41,359,0,400,234,0,234,634
04/13/2014,VNY,CA,AWP,WE,Towers with Radar,0,45,95,0,140,0,2,323,2,327,0,47,418,2,467,338,0,338,805
04/14/2014,VNY,CA,AWP,WE,Towers with Radar,0,39,82,0,121,0,0,376,0,376,0,39,458,0,497,354,0,354,851
04/15/2014,VNY,CA,AWP,WE,Towers with Radar,0,33,72,0,105,0,2,443,0,445,0,35,515,0,550,336,0,336,886
04/16/2014,VNY,CA,AWP,WE,Towers with Radar,0,37,113,2,152,0,1,373,3,377,0,38,486,5,529,222,0,222,751
04/17/2014,VNY,CA,AWP,WE,Towers with Radar,0,50,146,0,196,0,2,354,1,357,0,52,500,1,553,224,0,224,777
04/18/2014,VNY,CA,AWP,WE,Towers with Radar,0,37,113,2,152,0,1,372,1,374,0,38,485,3,526,348,0,348,874
04/19/2014,VNY,CA,AWP,WE,Towers with Radar,0,38,81,0,119,0,1,418,0,419,0,39,499,0,538,278,0,278,816
04/20/2014,VNY,CA,AWP,WE,Towers with Radar,1,51,116,0,168,1,4,383,1,389,2,55,499,1,557,240,0,240,797
04/21/2014,VNY,CA,AWP,WE,Towers with Radar,0,30,110,0,140,0,1,370,2,373,0,31,480,2,513,290,0,290,803
04/22/2014,VNY,CA,AWP,WE,Towers with Radar,0,22,111,0,133,0,1,202,2,205,0,23,313,2,338,176,0,176,514
04/23/2014,VNY,CA,AWP,WE,Towers with Radar,1,30,92,0,123,0,1,332,0,333,1,31,424,0,456,230,0,230,686
04/24/2014,VNY,CA,AWP,WE,Towers with Radar,0,24,91,0,115,0,4,309,0,313,0,28,400,0,428,244,0,244,672
04/25/2014,VNY,CA,AWP,WE,Towers with Radar,0,34,130,0,164,0,0,231,0,231,0,34,361,0,395,138,0,138,533
04/26/2014,VNY,CA,AWP,WE,Towers with Radar,0,23,91,0,114,0,2,307,2,311,0,25,398,2,425,132,0,132,557
04/27/2014,VNY,CA,AWP,WE,Towers with Radar,1,48,139,0,188,1,3,358,0,362,2,51,497,0,550,305,0,305,855
04/28/2014,VNY,CA,AWP,WE,Towers with Radar,0,15,109,0,124,0,0,281,1,282,0,15,390,1,406,172,0,172,578
04/29/2014,VNY,CA,AWP,WE,Towers with Radar,0,34,84,0,118,0,0,189,0,189,0,34,273,0,307,73,0,73,380
04/30/2014,VNY,CA,AWP,WE,Towers with Radar,0,27,79,0,106,0,0,144,0,144,0,27,223,0,250,86,0,86,336
05/01/2014,VNY,CA,AWP,WE,Towers with Radar,0,39,137,0,176,0,1,256,1,258,0,40,393,1,434,136,0,136,570
05/02/2014,VNY,CA,AWP,WE,Towers with Radar,0,29,122,0,151,0,1,336,1,338,0,30,458,1,489,168,0,168,657
05/03/2014,VNY,CA,AWP,WE,Towers with Radar,0,31,100,0,131,0,1,312,2,315,0,32,412,2,446,190,0,190,636
05/04/2014,VNY,CA,AWP,WE,Towers with Radar,2,42,153,1,198,0,1,342,0,343,2,43,495,1,541,310,0,310,851
05/05/2014,VNY,CA,AWP,WE,Towers with Radar,0,36,112,0,148,0,0,284,0,284,0,36,396,0,432,284,0,284,716
05/06/2014,VNY,CA,AWP,WE,Towers with Radar,0,36,105,0,141,0,0,288,0,288,0,36,393,0,429,268,0,268,697
05/07/2014,VNY,CA,AWP,WE,Towers with Radar,2,46,97,0,145,0,4,154,0,158,2,50,251,0,303,164,0,164,467
05/08/2014,VNY,CA,AWP,WE,Towers with Radar,0,42,114,0,156,0,1,226,0,227,0,43,340,0,383,98,0,98,481
05/09/2014,VNY,CA,AWP,WE,Towers with Radar,0,45,100,0,145,0,1,319,0,320,0,46,419,0,465,295,0,295,760
05/10/2014,VNY,CA,AWP,WE,Towers with Radar,0,34,94,0,128,0,0,302,0,302,0,34,396,0,430,210,0,210,640
05/11/2014,VNY,CA,AWP,WE,Towers with Radar,0,44,114,0,158,0,3,137,0,140,0,47,251,0,298,44,0,44,342
05/12/2014,VNY,CA,AWP,WE,Towers with Radar,0,27,88,0,115,0,3,241,0,244,0,30,329,0,359,205,0,205,564
05/13/2014,VNY,CA,AWP,WE,Towers with Radar,0,35,71,0,106,1,0,229,0,230,1,35,300,0,336,71,0,71,407
05/14/2014,VNY,CA,AWP,WE,Towers with Radar,0,36,85,0,121,0,1,268,0,269,0,37,353,0,390,81,0,81,471
05/15/2014,VNY,CA,AWP,WE,Towers with Radar,0,35,88,1,124,0,6,305,0,311,0,41,393,1,435,123,0,123,558
05/16/2014,VNY,CA,AWP,WE,Towers with Radar,0,38,91,0,129,0,1,283,0,284,0,39,374,0,413,210,0,210,623
05/17/2014,VNY,CA,AWP,WE,Towers with Radar,0,27,78,0,105,0,0,296,3,299,0,27,374,3,404,217,0,217,621
05/18/2014,VNY,CA,AWP,WE,Towers with Radar,0,51,140,0,191,0,1,265,0,266,0,52,405,0,457,156,0,156,613
05/19/2014,VNY,CA,AWP,WE,Towers with Radar,0,33,108,0,141,0,0,285,2,287,0,33,393,2,428,224,0,224,652
05/20/2014,VNY,CA,AWP,WE,Towers with Radar,0,26,97,0,123,1,1,297,0,299,1,27,394,0,422,227,0,227,649
05/21/2014,VNY,CA,AWP,WE,Towers with Radar,1,31,97,0,129,0,1,269,0,270,1,32,366,0,399,210,0,210,609
05/22/2014,VNY,CA,AWP,WE,Towers with Radar,0,35,119,0,154,0,1,224,0,225,0,36,343,0,379,190,0,190,569
05/23/2014,VNY,CA,AWP,WE,Towers with Radar,2,49,125,0,176,0,0,352,0,352,2,49,477,0,528,309,0,309,837
05/24/2014,VNY,CA,AWP,WE,Towers with Radar,1,21,103,0,125,0,1,137,1,139,1,22,240,1,264,238,0,238,502
05/25/2014,VNY,CA,AWP,WE,Towers with Radar,0,24,58,0,82,0,0,227,0,227,0,24,285,0,309,220,0,220,529
05/26/2014,VNY,CA,AWP,WE,Towers with Radar,0,45,126,0,171,0,2,340,1,343,0,47,466,1,514,221,0,221,735
05/27/2014,VNY,CA,AWP,WE,Towers with Radar,0,32,85,0,117,0,1,288,1,290,0,33,373,1,407,226,0,226,633
05/28/2014,VNY,CA,AWP,WE,Towers with Radar,0,41,93,0,134,0,5,285,1,291,0,46,378,1,425,156,0,156,581
05/29/2014,VNY,CA,AWP,WE,Towers with Radar,0,31,90,0,121,0,6,296,2,304,0,37,386,2,425,253,0,253,678
05/30/2014,VNY,CA,AWP,WE,Towers with Radar,0,38,92,0,130,0,2,306,0,308,0,40,398,0,438,189,0,189,627
05/31/2014,VNY,CA,AWP,WE,Towers with Radar,0,26,72,0,98,0,0,311,2,313,0,26,383,2,411,174,0,174,585
06/01/2014,VNY,CA,AWP,WE,Towers with Radar,0,39,121,0,160,1,0,258,0,259,1,39,379,0,419,211,0,211,630
06/02/2014,VNY,CA,AWP,WE,Towers with Radar,2,33,84,0,119,1,1,257,0,259,3,34,341,0,378,128,0,128,506
06/03/2014,VNY,CA,AWP,WE,Towers with Radar,0,34,84,0,118,0,1,247,1,249,0,35,331,1,367,190,0,190,557
06/04/2014,VNY,CA,AWP,WE,Towers with Radar,0,32,106,0,138,0,1,310,0,311,0,33,416,0,449,187,0,187,636
06/05/2014,VNY,CA,AWP,WE,Towers with Radar,0,33,98,0,131,0,0,324,0,324,0,33,422,0,455,205,0,205,660
06/06/2014,VNY,CA,AWP,WE,Towers with Radar,0,41,100,0,141,2,1,327,1,331,2,42,427,1,472,201,0,201,673
06/07/2014,VNY,CA,AWP,WE,Towers with Radar,0,32,83,2,117,0,1,215,1,217,0,33,298,3,334,192,0,192,526
06/08/2014,VNY,CA,AWP,WE,Towers with Radar,0,45,130,0,175,0,3,256,2,261,0,48,386,2,436,222,0,222,658
06/09/2014,VNY,CA,AWP,WE,Towers with Radar,0,36,101,0,137,0,2,300,0,302,0,38,401,0,439,275,0,275,714
06/10/2014,VNY,CA,AWP,WE,Towers with Radar,0,26,79,0,105,0,5,233,0,238,0,31,312,0,343,136,0,136,479
06/11/2014,VNY,CA,AWP,WE,Towers with Radar,0,34,113,0,147,0,3,310,2,315,0,37,423,2,462,240,0,240,702
06/12/2014,VNY,CA,AWP,WE,Towers with Radar,1,32,96,0,129,1,1,255,2,259,2,33,351,2,388,208,0,208,596
06/13/2014,VNY,CA,AWP,WE,Towers with Radar,0,26,94,0,120,0,1,242,0,243,0,27,336,0,363,234,0,234,597
06/14/2014,VNY,CA,AWP,WE,Towers with Radar,0,40,80,0,120,0,0,317,1,318,0,40,397,1,438,268,0,268,706
06/15/2014,VNY,CA,AWP,WE,Towers with Radar,0,41,95,0,136,0,0,322,2,324,0,41,417,2,460,212,0,212,672
06/16/2014,VNY,CA,AWP,WE,Towers with Radar,0,24,77,0,101,0,0,274,3,277,0,24,351,3,378,299,0,299,677
06/17/2014,VNY,CA,AWP,WE,Towers with Radar,0,25,68,0,93,0,11,236,3,250,0,36,304,3,343,187,0,187,530
06/18/2014,VNY,CA,AWP,WE,Towers with Radar,0,28,75,0,103,0,3,306,1,310,0,31,381,1,413,183,0,183,596
06/19/2014,VNY,CA,AWP,WE,Towers with Radar,2,41,83,0,126,0,1,290,1,292,2,42,373,1,418,167,0,167,585
06/20/2014,VNY,CA,AWP,WE,Towers with Radar,0,49,95,0,144,0,1,329,1,331,0,50,424,1,475,249,0,249,724
06/21/2014,VNY,CA,AWP,WE,Towers with Radar,0,40,78,2,120,0,1,336,1,338,0,41,414,3,458,252,0,252,710
06/22/2014,VNY,CA,AWP,WE,Towers with Radar,1,47,105,0,153,0,1,284,0,285,1,48,389,0,438,303,0,303,741
06/23/2014,VNY,CA,AWP,WE,Towers with Radar,0,31,79,0,110,0,0,252,0,252,0,31,331,0,362,165,0,165,527
06/24/2014,VNY,CA,AWP,WE,Towers with Radar,0,27,78,0,105,0,1,290,0,291,0,28,368,0,396,288,0,288,684
06/25/2014,VNY,CA,AWP,WE,Towers with Radar,0,37,118,4,159,2,0,288,1,291,2,37,406,5,450,153,0,153,603
06/26/2014,VNY,CA,AWP,WE,Towers with Radar,0,48,136,0,184,0,1,315,2,318,0,49,451,2,502,223,0,223,725
06/27/2014,VNY,CA,AWP,WE,Towers with Radar,0,56,95,1,152,0,1,320,0,321,0,57,415,1,473,207,0,207,680
06/28/2014,VNY,CA,AWP,WE,Towers with Radar,0,45,95,0,140,0,0,344,0,344,0,45,439,0,484,200,0,200,684
06/29/2014,VNY,CA,AWP,WE,Towers with Radar,0,49,108,0,157,0,1,275,0,276,0,50,383,0,433,158,0,158,591
06/30/2014,VNY,CA,AWP,WE,Towers with Radar,0,35,91,0,126,0,1,260,0,261,0,36,351,0,387,200,0,200,587
07/01/2014,VNY,CA,AWP,WE,Towers with Radar,0,35,104,0,139,1,0,293,1,295,1,35,397,1,434,226,0,226,660
07/02/2014,VNY,CA,AWP,WE,Towers with Radar,0,45,99,0,144,0,1,284,0,285,0,46,383,0,429,217,0,217,646
07/03/2014,VNY,CA,AWP,WE,Towers with Radar,0,38,106,0,144,0,0,343,0,343,0,38,449,0,487,218,0,218,705
07/04/2014,VNY,CA,AWP,WE,Towers with Radar,0,19,32,0,51,0,0,238,3,241,0,19,270,3,292,108,0,108,400
07/05/2014,VNY,CA,AWP,WE,Towers with Radar,0,44,66,0,110,0,0,237,0,237,0,44,303,0,347,200,0,200,547
07/06/2014,VNY,CA,AWP,WE,Towers with Radar,1,42,155,0,198,1,1,301,0,303,2,43,456,0,501,209,0,209,710
07/07/2014,VNY,CA,AWP,WE,Towers with Radar,0,30,94,0,124,0,0,303,0,303,0,30,397,0,427,227,0,227,654
07/08/2014,VNY,CA,AWP,WE,Towers with Radar,0,34,84,0,118,0,1,370,1,372,0,35,454,1,490,307,0,307,797
07/09/2014,VNY,CA,AWP,WE,Towers with Radar,1,36,82,0,119,2,2,287,0,291,3,38,369,0,410,223,0,223,633
07/10/2014,VNY,CA,AWP,WE,Towers with Radar,0,38,103,1,142,0,3,315,2,320,0,41,418,3,462,231,0,231,693
07/11/2014,VNY,CA,AWP,WE,Towers with Radar,2,28,117,0,147,0,1,235,0,236,2,29,352,0,383,224,0,224,607
07/12/2014,VNY,CA,AWP,WE,Towers with Radar,0,28,77,0,105,0,0,266,0,266,0,28,343,0,371,185,0,185,556
07/13/2014,VNY,CA,AWP,WE,Towers with Radar,0,48,99,1,148,0,0,300,1,301,0,48,399,2,449,222,0,222,671
07/14/2014,VNY,CA,AWP,WE,Towers with Radar,0,27,91,0,118,0,1,246,0,247,0,28,337,0,365,218,0,218,583
07/15/2014,VNY,CA,AWP,WE,Towers with Radar,0,34,88,0,122,0,3,283,2,288,0,37,371,2,410,214,0,214,624
07/16/2014,VNY,CA,AWP,WE,Towers with Radar,0,27,98,0,125,0,0,303,0,303,0,27,401,0,428,207,0,207,635
07/17/2014,VNY,CA,AWP,WE,Towers with Radar,1,44,107,0,152,1,0,302,0,303,2,44,409,0,455,288,0,288,743
07/18/2014,VNY,CA,AWP,WE,Towers with Radar,0,50,84,0,134,0,2,297,3,302,0,52,381,3,436,290,0,290,726
07/19/2014,VNY,CA,AWP,WE,Towers with Radar,0,27,94,0,121,0,1,235,1,237,0,28,329,1,358,205,0,205,563
07/20/2014,VNY,CA,AWP,WE,Towers with Radar,0,53,109,1,163,0,1,225,0,226,0,54,334,1,389,254,0,254,643
07/21/2014,VNY,CA,AWP,WE,Towers with Radar,0,46,93,0,139,0,1,236,1,238,0,47,329,1,377,194,0,194,571
07/22/2014,VNY,CA,AWP,WE,Towers with Radar,0,28,83,0,111,0,2,296,2,300,0,30,379,2,411,252,0,252,663
07/23/2014,VNY,CA,AWP,WE,Towers with Radar,0,50,131,0,181,0,3,154,0,157,0,53,285,0,338,95,1,96,434
07/24/2014,VNY,CA,AWP,WE,Towers with Radar,0,66,140,0,206,0,1,179,1,181,0,67,319,1,387,121,0,121,508
07/25/2014,VNY,CA,AWP,WE,Towers with Radar,0,44,79,0,123,0,1,235,1,237,0,45,314,1,360,133,0,133,493
07/26/2014,VNY,CA,AWP,WE,Towers with Radar,0,43,73,0,116,0,3,300,0,303,0,46,373,0,419,246,0,246,665
07/27/2014,VNY,CA,AWP,WE,Towers with Radar,0,55,117,0,172,0,1,295,1,297,0,56,412,1,469,292,0,292,761
07/28/2014,VNY,CA,AWP,WE,Towers with Radar,0,36,99,0,135,0,2,247,2,251,0,38,346,2,386,229,0,229,615
07/29/2014,VNY,CA,AWP,WE,Towers with Radar,0,40,80,2,122,0,0,336,0,336,0,40,416,2,458,225,0,225,683
07/30/2014,VNY,CA,AWP,WE,Towers with Radar,0,44,84,0,128,0,1,300,0,301,0,45,384,0,429,280,0,280,709
07/31/2014,VNY,CA,AWP,WE,Towers with Radar,0,45,76,1,122,0,4,268,5,277,0,49,344,6,399,195,0,195,594
08/01/2014,VNY,CA,AWP,WE,Towers with Radar,3,51,100,0,154,0,2,304,1,307,3,53,404,1,461,163,0,163,624
08/02/2014,VNY,CA,AWP,WE,Towers with Radar,0,32,71,0,103,0,0,251,0,251,0,32,322,0,354,176,0,176,530
08/03/2014,VNY,CA,AWP,WE,Towers with Radar,0,45,97,0,142,0,0,208,0,208,0,45,305,0,350,82,0,82,432
08/04/2014,VNY,CA,AWP,WE,Towers with Radar,0,26,79,0,105,0,0,324,0,324,0,26,403,0,429,173,0,173,602
08/05/2014,VNY,CA,AWP,WE,Towers with Radar,0,26,93,0,119,0,0,303,0,303,0,26,396,0,422,246,0,246,668
08/06/2014,VNY,CA,AWP,WE,Towers with Radar,0,18,94,0,112,0,3,399,5,407,0,21,493,5,519,239,0,239,758
08/07/2014,VNY,CA,AWP,WE,Towers with Radar,0,30,98,0,128,0,1,294,0,295,0,31,392,0,423,153,0,153,576
08/08/2014,VNY,CA,AWP,WE,Towers with Radar,0,31,91,0,122,0,1,305,1,307,0,32,396,1,429,212,0,212,641
08/09/2014,VNY,CA,AWP,WE,Towers with Radar,1,23,64,0,88,0,0,275,0,275,1,23,339,0,363,280,0,280,643
08/10/2014,VNY,CA,AWP,WE,Towers with Radar,0,40,101,0,141,0,1,322,0,323,0,41,423,0,464,260,0,260,724
08/11/2014,VNY,CA,AWP,WE,Towers with Radar,0,26,92,0,118,0,2,280,0,282,0,28,372,0,400,113,0,113,513
08/12/2014,VNY,CA,AWP,WE,Towers with Radar,0,34,115,0,149,0,0,309,0,309,0,34,424,0,458,228,0,228,686
08/13/2014,VNY,CA,AWP,WE,Towers with Radar,0,25,123,2,150,0,0,329,0,329,0,25,452,2,479,296,0,296,775
08/14/2014,VNY,CA,AWP,WE,Towers with Radar,0,44,106,0,150,0,0,318,3,321,0,44,424,3,471,196,0,196,667
08/15/2014,VNY,CA,AWP,WE,Towers with Radar,0,46,83,0,129,0,0,320,0,320,0,46,403,0,449,163,0,163,612
08/16/2014,VNY,CA,AWP,WE,Towers with Radar,0,44,80,0,124,0,1,357,0,358,0,45,437,0,482,192,0,192,674
08/17/2014,VNY,CA,AWP,WE,Towers with Radar,0,45,134,0,179,0,0,314,0,314,0,45,448,0,493,182,0,182,675
08/18/2014,VNY,CA,AWP,WE,Towers with Radar,0,49,79,2,130,0,0,333,3,336,0,49,412,5,466,127,4,131,597
08/19/2014,VNY,CA,AWP,WE,Towers with Radar,0,41,90,0,131,0,2,246,1,249,0,43,336,1,380,294,0,294,674
08/20/2014,VNY,CA,AWP,WE,Towers with Radar,2,46,76,0,124,0,1,281,0,282,2,47,357,0,406,192,0,192,598
08/21/2014,VNY,CA,AWP,WE,Towers with Radar,0,39,83,0,122,1,4,304,0,309,1,43,387,0,431,178,0,178,609
08/22/2014,VNY,CA,AWP,WE,Towers with Radar,2,49,92,2,145,0,3,326,1,330,2,52,418,3,475,173,0,173,648
08/23/2014,VNY,CA,AWP,WE,Towers with Radar,0,38,68,1,107,1,0,314,0,315,1,38,382,1,422,152,0,152,574
08/24/2014,VNY,CA,AWP,WE,Towers with Radar,0,52,128,0,180,0,2,357,0,359,0,54,485,0,539,294,0,294,833
08/25/2014,VNY,CA,AWP,WE,Towers with Radar,0,30,88,2,120,0,1,341,1,343,0,31,429,3,463,310,0,310,773
08/26/2014,VNY,CA,AWP,WE,Towers with Radar,0,38,99,1,138,0,0,274,2,276,0,38,373,3,414,188,0,188,602
08/27/2014,VNY,CA,AWP,WE,Towers with Radar,0,27,95,0,122,0,1,313,3,317,0,28,408,3,439,224,0,224,663
08/28/2014,VNY,CA,AWP,WE,Towers with Radar,0,48,118,0,166,0,2,324,0,326,0,50,442,0,492,160,0,160,652
08/29/2014,VNY,CA,AWP,WE,Towers with Radar,0,47,111,0,158,0,1,322,2,325,0,48,433,2,483,262,0,262,745
08/30/2014,VNY,CA,AWP,WE,Towers with Radar,0,32,94,0,126,0,1,255,0,256,0,33,349,0,382,110,0,110,492
08/31/2014,VNY,CA,AWP,WE,Towers with Radar,0,34,102,0,136,0,2,298,0,300,0,36,400,0,436,190,0,190,626
09/01/2014,VNY,CA,AWP,WE,Towers with Radar,0,52,116,0,168,0,0,244,0,244,0,52,360,0,412,182,0,182,594
09/02/2014,VNY,CA,AWP,WE,Towers with Radar,0,30,80,0,110,0,1,293,2,296,0,31,373,2,406,298,0,298,704
09/03/2014,VNY,CA,AWP,WE,Towers with Radar,0,36,105,0,141,0,0,300,0,300,0,36,405,0,441,214,0,214,655
09/04/2014,VNY,CA,AWP,WE,Towers with Radar,0,30,109,0,139,0,0,266,0,266,0,30,375,0,405,286,0,286,691
09/05/2014,VNY,CA,AWP,WE,Towers with Radar,0,32,92,2,126,0,0,300,2,302,0,32,392,4,428,176,0,176,604
09/06/2014,VNY,CA,AWP,WE,Towers with Radar,2,27,64,0,93,0,0,302,1,303,2,27,366,1,396,264,0,264,660
09/07/2014,VNY,CA,AWP,WE,Towers with Radar,0,49,78,0,127,1,1,220,0,222,1,50,298,0,349,96,0,96,445
09/08/2014,VNY,CA,AWP,WE,Towers with Radar,0,39,68,0,107,0,0,249,0,249,0,39,317,0,356,161,0,161,517
09/09/2014,VNY,CA,AWP,WE,Towers with Radar,0,52,96,0,148,1,2,309,2,314,1,54,405,2,462,212,0,212,674
09/10/2014,VNY,CA,AWP,WE,Towers with Radar,0,40,101,0,141,0,1,336,1,338,0,41,437,1,479,306,0,306,785
09/11/2014,VNY,CA,AWP,WE,Towers with Radar,3,29,100,0,132,0,0,318,1,319,3,29,418,1,451,250,0,250,701
09/12/2014,VNY,CA,AWP,WE,Towers with Radar,0,41,102,0,143,0,1,307,0,308,0,42,409,0,451,258,0,258,709
09/13/2014,VNY,CA,AWP,WE,Towers with Radar,0,27,77,0,104,0,0,284,0,284,0,27,361,0,388,206,0,206,594
09/14/2014,VNY,CA,AWP,WE,Towers with Radar,0,46,109,0,155,0,0,249,1,250,0,46,358,1,405,91,0,91,496
09/15/2014,VNY,CA,AWP,WE,Towers with Radar,0,47,81,0,128,0,1,182,1,184,0,48,263,1,312,85,0,85,397
09/16/2014,VNY,CA,AWP,WE,Towers with Radar,0,48,65,0,113,0,1,290,0,291,0,49,355,0,404,104,0,104,508
09/17/2014,VNY,CA,AWP,WE,Towers with Radar,0,40,101,0,141,0,2,236,0,238,0,42,337,0,379,116,0,116,495
09/18/2014,VNY,CA,AWP,WE,Towers with Radar,0,37,92,0,129,0,1,264,1,266,0,38,356,1,395,208,0,208,603
09/19/2014,VNY,CA,AWP,WE,Towers with Radar,1,60,130,0,191,1,3,302,0,306,2,63,432,0,497,210,0,210,707
09/20/2014,VNY,CA,AWP,WE,Towers with Radar,1,36,104,1,142,0,1,229,2,232,1,37,333,3,374,202,0,202,576
09/21/2014,VNY,CA,AWP,WE,Towers with Radar,2,35,121,0,158,0,1,215,0,216,2,36,336,0,374,232,0,232,606
09/22/2014,VNY,CA,AWP,WE,Towers with Radar,0,42,76,1,119,0,1,209,1,211,0,43,285,2,330,176,0,176,506
09/23/2014,VNY,CA,AWP,WE,Towers with Radar,0,29,94,0,123,0,4,304,2,310,0,33,398,2,433,256,0,256,689
09/24/2014,VNY,CA,AWP,WE,Towers with Radar,5,33,90,0,128,0,2,354,0,356,5,35,444,0,484,353,0,353,837
09/25/2014,VNY,CA,AWP,WE,Towers with Radar,0,37,91,0,128,0,1,345,0,346,0,38,436,0,474,195,0,195,669
09/26/2014,VNY,CA,AWP,WE,Towers with Radar,0,45,94,1,140,0,0,324,0,324,0,45,418,1,464,233,0,233,697
09/27/2014,VNY,CA,AWP,WE,Towers with Radar,0,29,87,0,116,0,2,272,0,274,0,31,359,0,390,277,0,277,667
09/28/2014,VNY,CA,AWP,WE,Towers with Radar,0,47,103,0,150,0,1,224,0,225,0,48,327,0,375,148,0,148,523
09/29/2014,VNY,CA,AWP,WE,Towers with Radar,0,27,88,1,116,0,2,267,0,269,0,29,355,1,385,215,0,215,600
09/30/2014,VNY,CA,AWP,WE,Towers with Radar,0,30,97,1,128,0,2,262,1,265,0,32,359,2,393,228,0,228,621
10/01/2014,VNY,CA,AWP,WE,Towers with Radar,0,34,92,0,126,1,0,369,2,372,1,34,461,2,498,252,0,252,750
10/02/2014,VNY,CA,AWP,WE,Towers with Radar,0,33,103,0,136,0,2,325,3,330,0,35,428,3,466,202,0,202,668
10/03/2014,VNY,CA,AWP,WE,Towers with Radar,4,38,84,0,126,0,7,281,0,288,4,45,365,0,414,176,0,176,590
10/04/2014,VNY,CA,AWP,WE,Towers with Radar,0,21,67,0,88,0,2,282,0,284,0,23,349,0,372,95,0,95,467
10/05/2014,VNY,CA,AWP,WE,Towers with Radar,0,32,96,0,128,0,1,277,2,280,0,33,373,2,408,191,0,191,599
10/06/2014,VNY,CA,AWP,WE,Towers with Radar,0,44,73,0,117,0,0,229,1,230,0,44,302,1,347,200,0,200,547
10/07/2014,VNY,CA,AWP,WE,Towers with Radar,0,32,79,0,111,0,1,279,0,280,0,33,358,0,391,227,0,227,618
10/08/2014,VNY,CA,AWP,WE,Towers with Radar,1,32,101,1,135,0,1,329,4,334,1,33,430,5,469,215,0,215,684
10/09/2014,VNY,CA,AWP,WE,Towers with Radar,0,70,153,0,223,0,0,158,0,158,0,70,311,0,381,72,0,72,453
10/10/2014,VNY,CA,AWP,WE,Towers with Radar,0,53,142,2,197,0,0,176,1,177,0,53,318,3,374,124,0,124,498
10/11/2014,VNY,CA,AWP,WE,Towers with Radar,0,23,58,0,81,0,1,314,1,316,0,24,372,1,397,269,0,269,666
10/12/2014,VNY,CA,AWP,WE,Towers with Radar,1,48,143,0,192,1,0,233,0,234,2,48,376,0,426,200,0,200,626
10/13/2014,VNY,CA,AWP,WE,Towers with Radar,0,34,90,0,124,0,2,199,0,201,0,36,289,0,325,244,0,244,569
10/14/2014,VNY,CA,AWP,WE,Towers with Radar,1,24,91,0,116,0,1,247,0,248,1,25,338,0,364,276,0,276,640
10/15/2014,VNY,CA,AWP,WE,Towers with Radar,0,17,130,1,148,0,2,263,1,266,0,19,393,2,414,250,0,250,664
10/16/2014,VNY,CA,AWP,WE,Towers with Radar,1,34,112,0,147,0,0,284,0,284,1,34,396,0,431,298,0,298,729
10/17/2014,VNY,CA,AWP,WE,Towers with Radar,0,38,126,0,164,0,1,292,1,294,0,39,418,1,458,166,0,166,624
10/18/2014,VNY,CA,AWP,WE,Towers with Radar,1,24,91,0,116,0,3,320,0,323,1,27,411,0,439,224,0,224,663
10/19/2014,VNY,CA,AWP,WE,Towers with Radar,0,38,120,0,158,0,1,293,1,295,0,39,413,1,453,220,0,220,673
10/20/2014,VNY,CA,AWP,WE,Towers with Radar,0,33,104,0,137,1,0,206,0,207,1,33,310,0,344,260,0,260,604
10/21/2014,VNY,CA,AWP,WE,Towers with Radar,0,30,93,0,123,0,1,264,1,266,0,31,357,1,389,289,0,289,678
10/22/2014,VNY,CA,AWP,WE,Towers with Radar,0,39,107,0,146,0,0,305,1,306,0,39,412,1,452,262,0,262,714
10/23/2014,VNY,CA,AWP,WE,Towers with Radar,0,53,106,0,159,0,0,327,0,327,0,53,433,0,486,271,0,271,757
10/24/2014,VNY,CA,AWP,WE,Towers with Radar,0,53,96,0,149,0,3,384,2,389,0,56,480,2,538,319,0,319,857
10/25/2014,VNY,CA,AWP,WE,Towers with Radar,0,32,81,0,113,0,0,289,0,289,0,32,370,0,402,268,0,268,670
10/26/2014,VNY,CA,AWP,WE,Towers with Radar,0,51,107,0,158,0,0,219,0,219,0,51,326,0,377,183,0,183,560
10/27/2014,VNY,CA,AWP,WE,Towers with Radar,0,42,78,2,122,0,2,318,0,320,0,44,396,2,442,158,6,164,606
10/28/2014,VNY,CA,AWP,WE,Towers with Radar,0,27,90,0,117,0,1,346,0,347,0,28,436,0,464,262,0,262,726
10/29/2014,VNY,CA,AWP,WE,Towers with Radar,0,29,93,0,122,0,1,299,1,301,0,30,392,1,423,237,0,237,660
10/30/2014,VNY,CA,AWP,WE,Towers with Radar,0,40,102,0,142,0,2,289,0,291,0,42,391,0,433,301,0,301,734
10/31/2014,VNY,CA,AWP,WE,Towers with Radar,0,26,112,0,138,0,1,201,0,202,0,27,313,0,340,193,0,193,533
11/01/2014,VNY,CA,AWP,WE,Towers with Radar,0,29,86,0,115,0,0,179,0,179,0,29,265,0,294,260,0,260,554
11/02/2014,VNY,CA,AWP,WE,Towers with Radar,0,51,119,0,170,0,0,300,1,301,0,51,419,1,471,216,0,216,687
11/03/2014,VNY,CA,AWP,WE,Towers with Radar,0,34,106,0,140,0,3,220,0,223,0,37,326,0,363,78,0,78,441
11/04/2014,VNY,CA,AWP,WE,Towers with Radar,0,27,93,0,120,0,1,202,1,204,0,28,295,1,324,141,0,141,465
11/05/2014,VNY,CA,AWP,WE,Towers with Radar,0,30,110,0,140,0,0,344,1,345,0,30,454,1,485,188,0,188,673
11/06/2014,VNY,CA,AWP,WE,Towers with Radar,0,47,83,0,130,0,1,382,1,384,0,48,465,1,514,209,0,209,723
11/07/2014,VNY,CA,AWP,WE,Towers with Radar,0,53,95,0,148,0,0,261,2,263,0,53,356,2,411,228,0,228,639
11/08/2014,VNY,CA,AWP,WE,Towers with Radar,0,30,67,0,97,0,1,259,0,260,0,31,326,0,357,183,0,183,540
11/09/2014,VNY,CA,AWP,WE,Towers with Radar,0,48,142,1,191,2,1,324,2,329,2,49,466,3,520,262,0,262,782
11/10/2014,VNY,CA,AWP,WE,Towers with Radar,0,35,88,0,123,1,0,188,1,190,1,35,276,1,313,182,0,182,495
11/11/2014,VNY,CA,AWP,WE,Towers with Radar,0,24,94,1,119,2,2,257,3,264,2,26,351,4,383,186,0,186,569
11/12/2014,VNY,CA,AWP,WE,Towers with Radar,0,36,127,0,163,0,0,255,3,258,0,36,382,3,421,191,0,191,612
11/13/2014,VNY,CA,AWP,WE,Towers with Radar,0,34,116,0,150,0,3,247,2,252,0,37,363,2,402,175,0,175,577
11/14/2014,VNY,CA,AWP,WE,Towers with Radar,0,48,133,1,182,0,0,226,0,226,0,48,359,1,408,178,0,178,586
11/15/2014,VNY,CA,AWP,WE,Towers with Radar,0,37,94,0,131,0,0,231,0,231,0,37,325,0,362,191,0,191,553
11/16/2014,VNY,CA,AWP,WE,Towers with Radar,0,47,99,1,147,0,1,149,0,150,0,48,248,1,297,39,0,39,336
11/17/2014,VNY,CA,AWP,WE,Towers with Radar,0,38,91,0,129,0,1,230,1,232,0,39,321,1,361,172,0,172,533
11/18/2014,VNY,CA,AWP,WE,Towers with Radar,0,36,79,0,115,0,1,304,2,307,0,37,383,2,422,245,0,245,667
11/19/2014,VNY,CA,AWP,WE,Towers with Radar,0,36,101,2,139,0,1,338,1,340,0,37,439,3,479,358,0,358,837
11/20/2014,VNY,CA,AWP,WE,Towers with Radar,0,41,123,0,164,0,0,297,2,299,0,41,420,2,463,294,0,294,757
11/21/2014,VNY,CA,AWP,WE,Towers with Radar,0,46,117,0,163,0,2,348,0,350,0,48,465,0,513,232,0,232,745
11/22/2014,VNY,CA,AWP,WE,Towers with Radar,0,31,65,0,96,0,3,342,0,345,0,34,407,0,441,258,0,258,699
11/23/2014,VNY,CA,AWP,WE,Towers with Radar,0,26,81,1,108,0,4,196,0,200,0,30,277,1,308,109,0,109,417
11/24/2014,VNY,CA,AWP,WE,Towers with Radar,0,38,68,0,106,0,1,246,0,247,0,39,314,0,353,107,0,107,460
11/25/2014,VNY,CA,AWP,WE,Towers with Radar,0,31,124,0,155,0,0,360,0,360,0,31,484,0,515,176,0,176,691
11/26/2014,VNY,CA,AWP,WE,Towers with Radar,0,53,93,0,146,0,1,358,1,360,0,54,451,1,506,204,0,204,710
11/27/2014,VNY,CA,AWP,WE,Towers with Radar,0,11,41,0,52,0,0,159,0,159,0,11,200,0,211,111,0,111,322
11/28/2014,VNY,CA,AWP,WE,Towers with Radar,0,29,52,0,81,0,0,320,0,320,0,29,372,0,401,141,0,141,542
11/29/2014,VNY,CA,AWP,WE,Towers with Radar,0,45,97,0,142,0,0,272,1,273,0,45,369,1,415,150,0,150,565
11/30/2014,VNY,CA,AWP,WE,Towers with Radar,0,57,160,0,217,0,1,27,0,28,0,58,187,0,245,1,0,1,246
12/01/2014,VNY,CA,AWP,WE,Towers with Radar,0,44,84,0,128,0,1,236,0,237,0,45,320,0,365,124,0,124,489
12/02/2014,VNY,CA,AWP,WE,Towers with Radar,0,37,70,1,108,0,1,23,0,24,0,38,93,1,132,2,0,2,134
12/03/2014,VNY,CA,AWP,WE,Towers with Radar,0,44,99,0,143,0,0,46,0,46,0,44,145,0,189,1,0,1,190
12/04/2014,VNY,CA,AWP,WE,Towers with Radar,0,41,97,4,142,0,1,204,4,209,0,42,301,8,351,183,0,183,534
12/05/2014,VNY,CA,AWP,WE,Towers with Radar,0,43,108,0,151,0,0,211,1,212,0,43,319,1,363,152,0,152,515
12/06/2014,VNY,CA,AWP,WE,Towers with Radar,0,39,87,0,126,0,2,253,3,258,0,41,340,3,384,124,0,124,508
12/07/2014,VNY,CA,AWP,WE,Towers with Radar,0,47,109,0,156,0,1,323,3,327,0,48,432,3,483,202,0,202,685
12/08/2014,VNY,CA,AWP,WE,Towers with Radar,0,23,59,0,82,0,0,217,0,217,0,23,276,0,299,92,0,92,391
12/09/2014,VNY,CA,AWP,WE,Towers with Radar,0,21,79,0,100,0,0,280,0,280,0,21,359,0,380,145,0,145,525
12/10/2014,VNY,CA,AWP,WE,Towers with Radar,0,45,117,0,162,0,1,291,0,292,0,46,408,0,454,275,0,275,729
12/11/2014,VNY,CA,AWP,WE,Towers with Radar,0,38,101,0,139,0,0,119,0,119,0,38,220,0,258,66,0,66,324
12/12/2014,VNY,CA,AWP,WE,Towers with Radar,0,38,88,0,126,6,1,106,1,114,6,39,194,1,240,37,0,37,277
12/13/2014,VNY,CA,AWP,WE,Towers with Radar,0,22,81,0,103,0,1,248,11,260,0,23,329,11,363,130,0,130,493
12/14/2014,VNY,CA,AWP,WE,Towers with Radar,0,46,90,1,137,1,1,348,3,353,1,47,438,4,490,284,0,284,774
12/15/2014,VNY,CA,AWP,WE,Towers with Radar,0,30,79,5,114,1,0,199,1,201,1,30,278,6,315,134,0,134,449
12/16/2014,VNY,CA,AWP,WE,Towers with Radar,0,25,78,2,105,0,2,145,0,147,0,27,223,2,252,28,0,28,280
12/17/2014,VNY,CA,AWP,WE,Towers with Radar,0,31,86,1,118,0,0,191,2,193,0,31,277,3,311,144,0,144,455
12/18/2014,VNY,CA,AWP,WE,Towers with Radar,0,49,100,0,149,0,2,288,0,290,0,51,388,0,439,308,0,308,747
12/19/2014,VNY,CA,AWP,WE,Towers with Radar,0,38,108,0,146,0,1,251,3,255,0,39,359,3,401,209,0,209,610
12/20/2014,VNY,CA,AWP,WE,Towers with Radar,0,58,147,0,205,0,1,280,2,283,0,59,427,2,488,227,0,227,715
12/21/2014,VNY,CA,AWP,WE,Towers with Radar,0,43,88,0,131,0,2,163,0,165,0,45,251,0,296,49,0,49,345
12/22/2014,VNY,CA,AWP,WE,Towers with Radar,0,41,63,0,104,1,1,189,0,191,1,42,252,0,295,73,0,73,368
12/23/2014,VNY,CA,AWP,WE,Towers with Radar,0,34,56,0,90,0,2,247,0,249,0,36,303,0,339,162,0,162,501
12/24/2014,VNY,CA,AWP,WE,Towers with Radar,0,33,41,0,74,0,1,245,0,246,0,34,286,0,320,145,0,145,465
12/25/2014,VNY,CA,AWP,WE,Towers with Radar,0,20,40,0,60,0,1,56,1,58,0,21,96,1,118,22,0,22,140
12/26/2014,VNY,CA,AWP,WE,Towers with Radar,0,46,112,0,158,0,0,148,0,148,0,46,260,0,306,69,0,69,375
12/27/2014,VNY,CA,AWP,WE,Towers with Radar,0,40,117,0,157,0,0,201,0,201,0,40,318,0,358,119,0,119,477
12/28/2014,VNY,CA,AWP,WE,Towers with Radar,0,41,98,0,139,0,2,297,0,299,0,43,395,0,438,163,0,163,601
12/29/2014,VNY,CA,AWP,WE,Towers with Radar,0,32,73,0,105,0,1,255,0,256,0,33,328,0,361,128,0,128,489
12/30/2014,VNY,CA,AWP,WE,Towers with Radar,2,47,110,0,159,0,0,142,1,143,2,47,252,1,302,156,0,156,458
12/31/2014,VNY,CA,AWP,WE,Towers with Radar,0,25,66,0,91,0,5,156,0,161,0,30,222,0,252,24,0,24,276
01/01/2015,VNY,CA,AWP,WE,Towers with Radar,0,47,72,0,119,0,1,190,0,191,0,48,262,0,310,100,0,100,410
01/02/2015,VNY,CA,AWP,WE,Towers with Radar,0,52,128,0,180,0,0,285,0,285,0,52,413,0,465,169,0,169,634
01/03/2015,VNY,CA,AWP,WE,Towers with Radar,1,72,153,0,226,1,1,274,0,276,2,73,427,0,502,167,0,167,669
01/04/2015,VNY,CA,AWP,WE,Towers with Radar,1,45,180,0,226,0,5,289,0,294,1,50,469,0,520,390,0,390,910
01/05/2015,VNY,CA,AWP,WE,Towers with Radar,0,35,93,0,128,0,1,195,0,196,0,36,288,0,324,63,0,63,387
01/06/2015,VNY,CA,AWP,WE,Towers with Radar,0,30,75,2,107,0,1,247,0,248,0,31,322,2,355,135,0,135,490
01/07/2015,VNY,CA,AWP,WE,Towers with Radar,0,33,111,0,144,0,0,308,2,310,0,33,419,2,454,206,0,206,660
01/08/2015,VNY,CA,AWP,WE,Towers with Radar,0,27,99,0,126,0,0,298,1,299,0,27,397,1,425,233,0,233,658
01/09/2015,VNY,CA,AWP,WE,Towers with Radar,0,29,89,0,118,0,1,286,0,287,0,30,375,0,405,239,0,239,644
01/10/2015,VNY,CA,AWP,WE,Towers with Radar,0,26,72,0,98,0,2,62,0,64,0,28,134,0,162,122,0,122,284
01/11/2015,VNY,CA,AWP,WE,Towers with Radar,0,37,115,0,152,0,0,95,0,95,0,37,210,0,247,138,0,138,385
01/12/2015,VNY,CA,AWP,WE,Towers with Radar,0,30,71,6,107,0,2,219,0,221,0,32,290,6,328,105,0,105,433
01/13/2015,VNY,CA,AWP,WE,Towers with Radar,0,32,101,2,135,0,0,224,0,224,0,32,325,2,359,144,0,144,503
01/14/2015,VNY,CA,AWP,WE,Towers with Radar,0,44,83,2,129,0,2,299,1,302,0,46,382,3,431,194,0,194,625
01/15/2015,VNY,CA,AWP,WE,Towers with Radar,1,28,122,2,153,2,1,307,0,310,3,29,429,2,463,141,0,141,604
01/16/2015,VNY,CA,AWP,WE,Towers with Radar,0,70,159,0,229,0,1,318,2,321,0,71,477,2,550,188,0,188,738
01/17/2015,VNY,CA,AWP,WE,Towers with Radar,2,35,97,0,134,1,0,389,1,391,3,35,486,1,525,290,0,290,815
01/18/2015,VNY,CA,AWP,WE,Towers with Radar,0,30,80,0,110,0,1,378,1,380,0,31,458,1,490,263,0,263,753
01/19/2015,VNY,CA,AWP,WE,Towers with Radar,0,53,122,0,175,0,3,302,3,308,0,56,424,3,483,138,0,138,621
01/20/2015,VNY,CA,AWP,WE,Towers with Radar,0,48,108,2,158,1,2,158,3,164,1,50,266,5,322,204,0,204,526
01/21/2015,VNY,CA,AWP,WE,Towers with Radar,0,26,75,0,101,0,0,236,0,236,0,26,311,0,337,82,0,82,419
01/22/2015,VNY,CA,AWP,WE,Towers with Radar,1,41,81,0,123,0,4,262,0,266,1,45,343,0,389,178,0,178,567
01/23/2015,VNY,CA,AWP,WE,Towers with Radar,1,38,106,0,145,0,2,246,1,249,1,40,352,1,394,92,0,92,486
01/24/2015,VNY,CA,AWP,WE,Towers with Radar,0,27,58,0,85,0,0,69,0,69,0,27,127,0,154,21,0,21,175
01/25/2015,VNY,CA,AWP,WE,Towers with Radar,0,41,94,0,135,0,7,315,1,323,0,48,409,1,458,207,0,207,665
01/26/2015,VNY,CA,AWP,WE,Towers with Radar,0,31,74,0,105,0,2,237,0,239,0,33,311,0,344,182,0,182,526
01/27/2015,VNY,CA,AWP,WE,Towers with Radar,0,31,91,0,122,0,0,307,3,310,0,31,398,3,432,270,0,270,702
01/28/2015,VNY,CA,AWP,WE,Towers with Radar,0,42,122,0,164,0,1,265,4,270,0,43,387,4,434,232,0,232,666
01/29/2015,VNY,CA,AWP,WE,Towers with Radar,0,37,114,0,151,0,1,279,4,284,0,38,393,4,435,195,0,195,630
01/30/2015,VNY,CA,AWP,WE,Towers with Radar,0,52,109,0,161,0,0,238,1,239,0,52,347,1,400,145,0,145,545
01/31/2015,VNY,CA,AWP,WE,Towers with Radar,0,36,91,0,127,0,0,310,1,311,0,36,401,1,438,224,0,224,662
02/01/2015,VNY,CA,AWP,WE,Towers with Radar,0,42,135,0,177,0,3,286,4,293,0,45,421,4,470,131,0,131,601
02/02/2015,VNY,CA,AWP,WE,Towers with Radar,0,51,118,1,170,0,1,281,0,282,0,52,399,1,452,218,0,218,670
02/03/2015,VNY,CA,AWP,WE,Towers with Radar,2,26,83,0,111,0,0,250,0,250,2,26,333,0,361,202,0,202,563
02/04/2015,VNY,CA,AWP,WE,Towers with Radar,0,36,105,2,143,0,1,306,2,309,0,37,411,4,452,214,0,214,666
02/05/2015,VNY,CA,AWP,WE,Towers with Radar,0,39,101,0,140,0,0,271,4,275,0,39,372,4,415,176,0,176,591
02/06/2015,VNY,CA,AWP,WE,Towers with Radar,0,47,91,0,138,0,0,264,1,265,0,47,355,1,403,166,0,166,569
02/07/2015,VNY,CA,AWP,WE,Towers with Radar,1,32,81,0,114,0,0,145,1,146,1,32,226,1,260,125,0,125,385
02/08/2015,VNY,CA,AWP,WE,Towers with Radar,0,46,96,0,142,1,3,273,0,277,1,49,369,0,419,283,0,283,702
02/09/2015,VNY,CA,AWP,WE,Towers with Radar,0,50,80,0,130,0,3,253,1,257,0,53,333,1,387,151,0,151,538
02/10/2015,VNY,CA,AWP,WE,Towers with Radar,0,41,85,0,126,0,0,313,0,313,0,41,398,0,439,176,0,176,615
02/11/2015,VNY,CA,AWP,WE,Towers with Radar,0,35,100,0,135,0,0,305,0,305,0,35,405,0,440,132,0,132,572
02/12/2015,VNY,CA,AWP,WE,Towers with Radar,1,62,125,0,188,0,1,323,0,324,1,63,448,0,512,185,0,185,697
02/13/2015,VNY,CA,AWP,WE,Towers with Radar,1,60,143,0,204,0,1,401,0,402,1,61,544,0,606,313,0,313,919
02/14/2015,VNY,CA,AWP,WE,Towers with Radar,0,23,62,0,85,0,3,452,0,455,0,26,514,0,540,275,0,275,815
02/15/2015,VNY,CA,AWP,WE,Towers with Radar,0,37,78,0,115,0,4,391,2,397,0,41,469,2,512,221,0,221,733
02/16/2015,VNY,CA,AWP,WE,Towers with Radar,0,64,141,0,205,0,4,371,3,378,0,68,512,3,583,252,0,252,835
02/17/2015,VNY,CA,AWP,WE,Towers with Radar,0,54,124,0,178,0,1,344,1,346,0,55,468,1,524,288,0,288,812
02/18/2015,VNY,CA,AWP,WE,Towers with Radar,0,46,100,0,146,0,1,276,2,279,0,47,376,2,425,185,0,185,610
02/19/2015,VNY,CA,AWP,WE,Towers with Radar,0,55,124,0,179,0,3,279,2,284,0,58,403,2,463,167,0,167,630
02/20/2015,VNY,CA,AWP,WE,Towers with Radar,0,54,136,0,190,0,0,216,1,217,0,54,352,1,407,138,0,138,545
02/21/2015,VNY,CA,AWP,WE,Towers with Radar,0,33,100,0,133,0,1,310,2,313,0,34,410,2,446,228,0,228,674
02/22/2015,VNY,CA,AWP,WE,Towers with Radar,0,43,148,0,191,0,1,92,0,93,0,44,240,0,284,78,0,78,362
02/23/2015,VNY,CA,AWP,WE,Towers with Radar,0,44,111,0,155,0,1,167,1,169,0,45,278,1,324,187,0,187,511
02/24/2015,VNY,CA,AWP,WE,Towers with Radar,1,30,69,0,100,1,0,303,0,304,2,30,372,0,404,284,0,284,688
02/25/2015,VNY,CA,AWP,WE,Towers with Radar,0,35,125,0,160,1,0,358,2,361,1,35,483,2,521,225,0,225,746
02/26/2015,VNY,CA,AWP,WE,Towers with Radar,0,41,111,0,152,0,1,321,1,323,0,42,432,1,475,229,0,229,704
02/27/2015,VNY,CA,AWP,WE,Towers with Radar,0,35,122,1,158,0,3,186,1,190,0,38,308,2,348,119,0,119,467
02/28/2015,VNY,CA,AWP,WE,Towers with Radar,0,27,84,0,111,0,0,181,1,182,0,27,265,1,293,202,0,202,495
03/01/2015,VNY,CA,AWP,WE,Towers with Radar,0,37,124,0,161,0,0,104,0,104,0,37,228,0,265,104,0,104,369
03/02/2015,VNY,CA,AWP,WE,Towers with Radar,0,37,76,0,113,1,1,102,0,104,1,38,178,0,217,65,0,65,282
03/03/2015,VNY,CA,AWP,WE,Towers with Radar,0,47,78,0,125,0,2,349,0,351,0,49,427,0,476,238,0,238,714
03/04/2015,VNY,CA,AWP,WE,Towers with Radar,0,27,67,0,94,0,1,281,0,282,0,28,348,0,376,193,0,193,569
03/05/2015,VNY,CA,AWP,WE,Towers with Radar,0,28,99,0,127,0,1,245,1,247,0,29,344,1,374,145,0,145,519
03/06/2015,VNY,CA,AWP,WE,Towers with Radar,0,45,84,0,129,11,2,221,0,234,11,47,305,0,363,36,0,36,399
03/07/2015,VNY,CA,AWP,WE,Towers with Radar,0,19,87,0,106,0,1,309,0,310,0,20,396,0,416,121,0,121,537
03/08/2015,VNY,CA,AWP,WE,Towers with Radar,0,55,98,0,153,0,3,281,0,284,0,58,379,0,437,136,0,136,573
03/09/2015,VNY,CA,AWP,WE,Towers with Radar,0,63,95,0,158,0,1,230,1,232,0,64,325,1,390,200,0,200,590
03/10/2015,VNY,CA,AWP,WE,Towers with Radar,0,31,112,0,143,1,1,381,0,383,1,32,493,0,526,335,0,335,861
03/11/2015,VNY,CA,AWP,WE,Towers with Radar,0,34,95,0,129,0,1,347,2,350,0,35,442,2,479,202,0,202,681
03/12/2015,VNY,CA,AWP,WE,Towers with Radar,0,48,79,0,127,0,2,165,0,167,0,50,244,0,294,126,0,126,420
03/13/2015,VNY,CA,AWP,WE,Towers with Radar,0,37,104,0,141,0,1,213,2,216,0,38,317,2,357,60,0,60,417
03/14/2015,VNY,CA,AWP,WE,Towers with Radar,1,33,65,0,99,0,1,327,0,328,1,34,392,0,427,137,0,137,564
03/15/2015,VNY,CA,AWP,WE,Towers with Radar,1,50,101,0,152,0,2,287,1,290,1,52,388,1,442,131,0,131,573
03/16/2015,VNY,CA,AWP,WE,Towers with Radar,0,38,71,0,109,0,1,297,1,299,0,39,368,1,408,178,0,178,586
03/17/2015,VNY,CA,AWP,WE,Towers with Radar,0,37,91,0,128,1,3,365,2,371,1,40,456,2,499,221,0,221,720
03/18/2015,VNY,CA,AWP,WE,Towers with Radar,0,29,132,0,161,0,0,288,2,290,0,29,420,2,451,288,0,288,739
03/19/2015,VNY,CA,AWP,WE,Towers with Radar,0,50,120,0,170,0,4,318,0,322,0,54,438,0,492,281,0,281,773
03/20/2015,VNY,CA,AWP,WE,Towers with Radar,0,46,136,2,184,0,0,314,0,314,0,46,450,2,498,327,0,327,825
03/21/2015,VNY,CA,AWP,WE,Towers with Radar,0,26,90,0,116,0,1,375,1,377,0,27,465,1,493,243,0,243,736
03/22/2015,VNY,CA,AWP,WE,Towers with Radar,0,53,159,0,212,1,0,308,1,310,1,53,467,1,522,273,0,273,795
03/23/2015,VNY,CA,AWP,WE,Towers with Radar,0,36,90,0,126,0,1,271,0,272,0,37,361,0,398,215,0,215,613
03/24/2015,VNY,CA,AWP,WE,Towers with Radar,0,21,81,1,103,0,1,246,4,251,0,22,327,5,354,72,0,72,426
03/25/2015,VNY,CA,AWP,WE,Towers with Radar,0,41,75,1,117,0,3,354,0,357,0,44,429,1,474,162,0,162,636
03/26/2015,VNY,CA,AWP,WE,Towers with Radar,0,46,116,0,162,0,2,308,0,310,0,48,424,0,472,244,0,244,716
03/27/2015,VNY,CA,AWP,WE,Towers with Radar,2,40,109,0,151,0,1,327,0,328,2,41,436,0,479,284,0,284,763
03/28/2015,VNY,CA,AWP,WE,Towers with Radar,0,25,66,0,91,0,0,378,0,378,0,25,444,0,469,196,0,196,665
03/29/2015,VNY,CA,AWP,WE,Towers with Radar,0,35,96,0,131,0,3,386,1,390,0,38,482,1,521,242,0,242,763
03/30/2015,VNY,CA,AWP,WE,Towers with Radar,0,38,68,0,106,0,0,285,5,290,0,38,353,5,396,275,0,275,671
03/31/2015,VNY,CA,AWP,WE,Towers with Radar,0,34,84,0,118,0,1,318,4,323,0,35,402,4,441,289,0,289,730
04/01/2015,VNY,CA,AWP,WE,Towers with Radar,0,29,82,2,113,0,4,292,0,296,0,33,374,2,409,195,0,195,604
04/02/2015,VNY,CA,AWP,WE,Towers with Radar,0,35,90,0,125,0,2,283,1,286,0,37,373,1,411,128,0,128,539
04/03/2015,VNY,CA,AWP,WE,Towers with Radar,0,43,85,0,128,0,3,320,1,324,0,46,405,1,452,272,0,272,724
04/04/2015,VNY,CA,AWP,WE,Towers with Radar,0,21,74,0,95,0,2,372,2,376,0,23,446,2,471,214,0,214,685
04/05/2015,VNY,CA,AWP,WE,Towers with Radar,0,30,97,0,127,0,0,181,0,181,0,30,278,0,308,205,0,205,513
04/06/2015,VNY,CA,AWP,WE,Towers with Radar,0,31,82,0,113,0,2,220,0,222,0,33,302,0,335,188,0,188,523
04/07/2015,VNY,CA,AWP,WE,Towers with Radar,0,21,86,2,109,0,0,136,2,138,0,21,222,4,247,124,0,124,371
04/08/2015,VNY,CA,AWP,WE,Towers with Radar,0,33,73,0,106,0,1,228,0,229,0,34,301,0,335,90,0,90,425
04/09/2015,VNY,CA,AWP,WE,Towers with Radar,0,38,90,0,128,1,3,310,1,315,1,41,400,1,443,147,0,147,590
04/10/2015,VNY,CA,AWP,WE,Towers with Radar,0,43,120,0,163,0,1,305,1,307,0,44,425,1,470,186,0,186,656
04/11/2015,VNY,CA,AWP,WE,Towers with Radar,0,23,74,0,97,0,2,375,0,377,0,25,449,0,474,288,0,288,762
04/12/2015,VNY,CA,AWP,WE,Towers with Radar,0,63,106,0,169,0,0,324,1,325,0,63,430,1,494,181,0,181,675
04/13/2015,VNY,CA,AWP,WE,Towers with Radar,0,39,90,2,131,0,4,261,1,266,0,43,351,3,397,214,0,214,611
04/14/2015,VNY,CA,AWP,WE,Towers with Radar,0,35,93,0,128,0,2,254,0,256,0,37,347,0,384,225,0,225,609
04/15/2015,VNY,CA,AWP,WE,Towers with Radar,0,27,92,0,119,0,1,226,1,228,0,28,318,1,347,62,0,62,409
04/16/2015,VNY,CA,AWP,WE,Towers with Radar,0,40,123,0,163,0,0,295,0,295,0,40,418,0,458,153,0,153,611
04/17/2015,VNY,CA,AWP,WE,Towers with Radar,0,34,128,0,162,0,1,269,4,274,0,35,397,4,436,252,0,252,688
04/18/2015,VNY,CA,AWP,WE,Towers with Radar,0,32,95,0,127,0,0,330,2,332,0,32,425,2,459,229,0,229,688
04/19/2015,VNY,CA,AWP,WE,Towers with Radar,0,46,103,0,149,0,0,272,0,272,0,46,375,0,421,196,0,196,617
04/20/2015,VNY,CA,AWP,WE,Towers with Radar,0,42,114,2,158,0,0,176,1,177,0,42,290,3,335,130,0,130,465
04/21/2015,VNY,CA,AWP,WE,Towers with Radar,0,34,138,0,172,0,2,242,1,245,0,36,380,1,417,268,0,268,685
04/22/2015,VNY,CA,AWP,WE,Towers with Radar,0,26,115,0,141,0,2,232,1,235,0,28,347,1,376,352,0,352,728
04/23/2015,VNY,CA,AWP,WE,Towers with Radar,0,61,135,0,196,0,1,245,3,249,0,62,380,3,445,244,0,244,689
04/24/2015,VNY,CA,AWP,WE,Towers with Radar,0,54,109,0,163,0,0,264,0,264,0,54,373,0,427,182,0,182,609
04/25/2015,VNY,CA,AWP,WE,Towers with Radar,0,41,78,0,119,0,2,211,1,214,0,43,289,1,333,219,0,219,552
04/26/2015,VNY,CA,AWP,WE,Towers with Radar,0,46,106,0,152,0,1,194,0,195,0,47,300,0,347,36,0,36,383
04/27/2015,VNY,CA,AWP,WE,Towers with Radar,0,18,83,0,101,0,0,202,0,202,0,18,285,0,303,116,0,116,419
04/28/2015,VNY,CA,AWP,WE,Towers with Radar,0,30,97,0,127,0,2,333,1,336,0,32,430,1,463,260,0,260,723
04/29/2015,VNY,CA,AWP,WE,Towers with Radar,0,42,121,0,163,0,4,317,1,322,0,46,438,1,485,177,0,177,662
04/30/2015,VNY,CA,AWP,WE,Towers with Radar,0,33,135,0,168,0,3,350,2,355,0,36,485,2,523,207,0,207,730
05/01/2015,VNY,CA,AWP,WE,Towers with Radar,0,70,137,0,207,0,3,335,1,339,0,73,472,1,546,153,0,153,699
05/02/2015,VNY,CA,AWP,WE,Towers with Radar,0,27,79,0,106,0,0,307,0,307,0,27,386,0,413,100,0,100,513
05/03/2015,VNY,CA,AWP,WE,Towers with Radar,0,66,142,0,208,0,2,342,4,348,0,68,484,4,556,129,0,129,685
05/04/2015,VNY,CA,AWP,WE,Towers with Radar,0,41,99,0,140,0,1,255,1,257,0,42,354,1,397,196,0,196,593
05/05/2015,VNY,CA,AWP,WE,Towers with Radar,0,28,113,0,141,0,0,249,0,249,0,28,362,0,390,246,0,246,636
05/06/2015,VNY,CA,AWP,WE,Towers with Radar,0,25,112,0,137,0,1,243,2,246,0,26,355,2,383,284,0,284,667
05/07/2015,VNY,CA,AWP,WE,Towers with Radar,0,30,157,0,187,0,1,215,3,219,0,31,372,3,406,200,0,200,606
05/08/2015,VNY,CA,AWP,WE,Towers with Radar,0,39,85,0,124,0,0,154,0,154,0,39,239,0,278,228,0,228,506
05/09/2015,VNY,CA,AWP,WE,Towers with Radar,0,32,88,0,120,0,1,318,0,319,0,33,406,0,439,196,0,196,635
05/10/2015,VNY,CA,AWP,WE,Towers with Radar,0,26,94,0,120,0,1,308,0,309,0,27,402,0,429,156,0,156,585
05/11/2015,VNY,CA,AWP,WE,Towers with Radar,1,33,78,0,112,0,1,258,1,260,1,34,336,1,372,187,0,187,559
05/12/2015,VNY,CA,AWP,WE,Towers with Radar,0,34,108,0,142,0,2,250,2,254,0,36,358,2,396,203,0,203,599
05/13/2015,VNY,CA,AWP,WE,Towers with Radar,0,30,92,0,122,0,1,270,1,272,0,31,362,1,394,255,0,255,649
05/14/2015,VNY,CA,AWP,WE,Towers with Radar,0,32,130,0,162,0,0,182,0,182,0,32,312,0,344,123,0,123,467
05/15/2015,VNY,CA,AWP,WE,Towers with Radar,0,42,110,0,152,0,0,209,0,209,0,42,319,0,361,107,0,107,468
05/16/2015,VNY,CA,AWP,WE,Towers with Radar,0,27,114,0,141,0,0,189,2,191,0,27,303,2,332,145,0,145,477
05/17/2015,VNY,CA,AWP,WE,Towers with Radar,0,43,124,0,167,0,1,227,3,231,0,44,351,3,398,205,0,205,603
05/18/2015,VNY,CA,AWP,WE,Towers with Radar,0,42,107,0,149,0,0,209,0,209,0,42,316,0,358,162,0,162,520
05/19/2015,VNY,CA,AWP,WE,Towers with Radar,0,25,116,0,141,0,0,348,0,348,0,25,464,0,489,230,0,230,719
05/20/2015,VNY,CA,AWP,WE,Towers with Radar,2,36,111,1,150,0,2,327,1,330,2,38,438,2,480,247,0,247,727
05/21/2015,VNY,CA,AWP,WE,Towers with Radar,0,40,125,0,165,0,1,256,0,257,0,41,381,0,422,201,0,201,623
05/22/2015,VNY,CA,AWP,WE,Towers with Radar,0,40,155,0,195,0,1,283,0,284,0,41,438,0,479,221,0,221,700
05/23/2015,VNY,CA,AWP,WE,Towers with Radar,0,22,89,0,111,0,0,276,2,278,0,22,365,2,389,191,0,191,580
05/24/2015,VNY,CA,AWP,WE,Towers with Radar,0,16,61,0,77,0,0,244,0,244,0,16,305,0,321,143,0,143,464
05/25/2015,VNY,CA,AWP,WE,Towers with Radar,0,49,128,0,177,0,1,216,3,220,0,50,344,3,397,159,0,159,556
05/26/2015,VNY,CA,AWP,WE,Towers with Radar,0,31,84,0,115,0,0,245,0,245,0,31,329,0,360,168,0,168,528
05/27/2015,VNY,CA,AWP,WE,Towers with Radar,0,37,117,0,154,0,0,216,1,217,0,37,333,1,371,171,0,171,542
05/28/2015,VNY,CA,AWP,WE,Towers with Radar,0,34,87,0,121,0,3,261,0,264,0,37,348,0,385,110,0,110,495
05/29/2015,VNY,CA,AWP,WE,Towers with Radar,0,30,113,0,143,0,2,260,0,262,0,32,373,0,405,191,0,191,596
05/30/2015,VNY,CA,AWP,WE,Towers with Radar,0,18,75,0,93,0,2,295,0,297,0,20,370,0,390,163,0,163,553
05/31/2015,VNY,CA,AWP,WE,Towers with Radar,0,45,106,0,151,1,1,216,1,219,1,46,322,1,370,139,0,139,509
06/01/2015,VNY,CA,AWP,WE,Towers with Radar,0,38,77,0,115,0,2,183,4,189,0,40,260,4,304,162,0,162,466
06/02/2015,VNY,CA,AWP,WE,Towers with Radar,0,35,89,0,124,0,1,258,1,260,0,36,347,1,384,190,0,190,574
06/03/2015,VNY,CA,AWP,WE,Towers with Radar,0,43,127,1,171,0,1,151,0,152,0,44,278,1,323,114,0,114,437
06/04/2015,VNY,CA,AWP,WE,Towers with Radar,0,37,139,0,176,0,1,147,0,148,0,38,286,0,324,186,0,186,510
06/05/2015,VNY,CA,AWP,WE,Towers with Radar,1,35,103,0,139,0,1,258,0,259,1,36,361,0,398,177,0,177,575
06/06/2015,VNY,CA,AWP,WE,Towers with Radar,0,35,77,0,112,0,1,274,0,275,0,36,351,0,387,167,0,167,554
06/07/2015,VNY,CA,AWP,WE,Towers with Radar,0,40,137,0,177,0,2,251,0,253,0,42,388,0,430,146,0,146,576
06/08/2015,VNY,CA,AWP,WE,Towers with Radar,0,44,107,0,151,1,0,243,1,245,1,44,350,1,396,101,0,101,497
06/09/2015,VNY,CA,AWP,WE,Towers with Radar,0,40,101,2,143,0,0,180,0,180,0,40,281,2,323,187,0,187,510
06/10/2015,VNY,CA,AWP,WE,Towers with Radar,0,51,158,0,209,0,3,143,0,146,0,54,301,0,355,102,0,102,457
06/11/2015,VNY,CA,AWP,WE,Towers with Radar,0,61,139,0,200,0,1,158,0,159,0,62,297,0,359,175,0,175,534
06/12/2015,VNY,CA,AWP,WE,Towers with Radar,0,34,164,0,198,0,0,186,0,186,0,34,350,0,384,83,0,83,467
06/13/2015,VNY,CA,AWP,WE,Towers with Radar,0,28,95,0,123,0,1,145,0,146,0,29,240,0,269,149,0,149,418
06/14/2015,VNY,CA,AWP,WE,Towers with Radar,0,49,118,0,167,0,1,186,0,187,0,50,304,0,354,139,0,139,493
06/15/2015,VNY,CA,AWP,WE,Towers with Radar,0,39,110,0,149,0,4,250,1,255,0,43,360,1,404,243,0,243,647
06/16/2015,VNY,CA,AWP,WE,Towers with Radar,2,40,117,0,159,0,0,278,0,278,2,40,395,0,437,193,0,193,630
06/17/2015,VNY,CA,AWP,WE,Towers with Radar,0,47,117,0,164,0,0,279,4,283,0,47,396,4,447,261,0,261,708
06/18/2015,VNY,CA,AWP,WE,Towers with Radar,1,50,156,0,207,0,1,156,0,157,1,51,312,0,364,90,0,90,454
06/19/2015,VNY,CA,AWP,WE,Towers with Radar,0,62,127,0,189,0,3,254,2,259,0,65,381,2,448,124,0,124,572
06/20/2015,VNY,CA,AWP,WE,Towers with Radar,0,29,81,0,110,0,0,283,0,283,0,29,364,0,393,127,0,127,520
06/21/2015,VNY,CA,AWP,WE,Towers with Radar,0,43,102,0,145,0,2,265,0,267,0,45,367,0,412,108,0,108,520
06/22/2015,VNY,CA,AWP,WE,Towers with Radar,0,36,101,0,137,0,3,320,0,323,0,39,421,0,460,154,0,154,614
06/23/2015,VNY,CA,AWP,WE,Towers with Radar,0,28,96,0,124,0,1,258,2,261,0,29,354,2,385,237,0,237,622
06/24/2015,VNY,CA,AWP,WE,Towers with Radar,0,32,93,2,127,0,1,318,0,319,0,33,411,2,446,262,0,262,708
06/25/2015,VNY,CA,AWP,WE,Towers with Radar,0,44,125,0,169,0,0,304,1,305,0,44,429,1,474,192,0,192,666
06/26/2015,VNY,CA,AWP,WE,Towers with Radar,1,40,99,1,141,1,1,256,7,265,2,41,355,8,406,243,0,243,649
06/27/2015,VNY,CA,AWP,WE,Towers with Radar,0,27,73,0,100,0,0,271,0,271,0,27,344,0,371,216,0,216,587
06/28/2015,VNY,CA,AWP,WE,Towers with Radar,0,39,96,2,137,0,4,252,2,258,0,43,348,4,395,162,0,162,557
06/29/2015,VNY,CA,AWP,WE,Towers with Radar,0,49,65,2,116,0,1,227,4,232,0,50,292,6,348,161,0,161,509
06/30/2015,VNY,CA,AWP,WE,Towers with Radar,0,39,82,0,121,0,2,233,1,236,0,41,315,1,357,215,0,215,572
07/01/2015,VNY,CA,AWP,WE,Towers with Radar,0,35,101,0,136,0,2,247,2,251,0,37,348,2,387,220,0,220,607
07/02/2015,VNY,CA,AWP,WE,Towers with Radar,0,57,113,0,170,0,0,301,1,302,0,57,414,1,472,234,0,234,706
07/03/2015,VNY,CA,AWP,WE,Towers with Radar,0,30,84,0,114,0,0,270,1,271,0,30,354,1,385,161,0,161,546
07/04/2015,VNY,CA,AWP,WE,Towers with Radar,0,16,29,0,45,0,4,173,4,181,0,20,202,4,226,101,0,101,327
07/05/2015,VNY,CA,AWP,WE,Towers with Radar,1,47,108,0,156,0,1,185,0,186,1,48,293,0,342,105,0,105,447
07/06/2015,VNY,CA,AWP,WE,Towers with Radar,1,45,100,0,146,0,5,194,0,199,1,50,294,0,345,230,0,230,575
07/07/2015,VNY,CA,AWP,WE,Towers with Radar,0,37,109,0,146,0,2,255,0,257,0,39,364,0,403,332,0,332,735
07/08/2015,VNY,CA,AWP,WE,Towers with Radar,0,32,106,0,138,0,0,233,0,233,0,32,339,0,371,412,0,412,783
07/09/2015,VNY,CA,AWP,WE,Towers with Radar,0,31,109,1,141,0,1,267,0,268,0,32,376,1,409,249,0,249,658
07/10/2015,VNY,CA,AWP,WE,Towers with Radar,0,36,100,0,136,0,2,273,0,275,0,38,373,0,411,257,0,257,668
07/11/2015,VNY,CA,AWP,WE,Towers with Radar,0,43,88,0,131,0,0,280,0,280,0,43,368,0,411,266,0,266,677
07/12/2015,VNY,CA,AWP,WE,Towers with Radar,0,37,95,0,132,1,1,267,0,269,1,38,362,0,401,259,0,259,660
07/13/2015,VNY,CA,AWP,WE,Towers with Radar,0,25,108,5,138,0,4,230,2,236,0,29,338,7,374,224,0,224,598
07/14/2015,VNY,CA,AWP,WE,Towers with Radar,0,27,113,0,140,0,2,275,0,277,0,29,388,0,417,227,0,227,644
07/15/2015,VNY,CA,AWP,WE,Towers with Radar,1,34,102,0,137,0,2,232,3,237,1,36,334,3,374,264,0,264,638
07/16/2015,VNY,CA,AWP,WE,Towers with Radar,1,39,128,0,168,1,0,287,0,288,2,39,415,0,456,176,0,176,632
07/17/2015,VNY,CA,AWP,WE,Towers with Radar,0,39,90,0,129,0,2,252,0,254,0,41,342,0,383,135,0,135,518
07/18/2015,VNY,CA,AWP,WE,Towers with Radar,0,33,80,0,113,0,1,88,0,89,0,34,168,0,202,61,0,61,263
07/19/2015,VNY,CA,AWP,WE,Towers with Radar,0,51,122,0,173,1,1,220,0,222,1,52,342,0,395,188,0,188,583
07/20/2015,VNY,CA,AWP,WE,Towers with Radar,1,27,96,0,124,0,3,197,0,200,1,30,293,0,324,245,0,245,569
07/21/2015,VNY,CA,AWP,WE,Towers with Radar,2,35,81,0,118,0,2,202,1,205,2,37,283,1,323,205,0,205,528
07/22/2015,VNY,CA,AWP,WE,Towers with Radar,0,39,117,2,158,0,0,185,2,187,0,39,302,4,345,244,0,244,589
07/23/2015,VNY,CA,AWP,WE,Towers with Radar,0,31,142,0,173,0,2,246,0,248,0,33,388,0,421,172,0,172,593
07/24/2015,VNY,CA,AWP,WE,Towers with Radar,0,48,74,0,122,0,3,330,1,334,0,51,404,1,456,138,0,138,594
07/25/2015,VNY,CA,AWP,WE,Towers with Radar,1,41,85,0,127,0,1,323,0,324,1,42,408,0,451,167,0,167,618
07/26/2015,VNY,CA,AWP,WE,Towers with Radar,0,58,102,0,160,0,0,278,1,279,0,58,380,1,439,226,0,226,665
07/27/2015,VNY,CA,AWP,WE,Towers with Radar,2,44,78,1,125,0,0,294,1,295,2,44,372,2,420,184,0,184,604
07/28/2015,VNY,CA,AWP,WE,Towers with Radar,1,43,88,0,132,0,1,270,2,273,1,44,358,2,405,238,0,238,643
07/29/2015,VNY,CA,AWP,WE,Towers with Radar,1,17,104,0,122,0,3,267,3,273,1,20,371,3,395,210,0,210,605
07/30/2015,VNY,CA,AWP,WE,Towers with Radar,2,39,96,0,137,0,4,234,0,238,2,43,330,0,375,215,0,215,590
07/31/2015,VNY,CA,AWP,WE,Towers with Radar,0,33,102,0,135,0,0,301,0,301,0,33,403,0,436,193,0,193,629
08/01/2015,VNY,CA,AWP,WE,Towers with Radar,0,31,73,0,104,0,1,253,0,254,0,32,326,0,358,126,0,126,484
08/02/2015,VNY,CA,AWP,WE,Towers with Radar,0,42,85,0,127,0,0,266,1,267,0,42,351,1,394,153,0,153,547
08/03/2015,VNY,CA,AWP,WE,Towers with Radar,0,34,87,0,121,0,0,254,0,254,0,34,341,0,375,201,0,201,576
08/04/2015,VNY,CA,AWP,WE,Towers with Radar,0,22,86,0,108,0,1,302,0,303,0,23,388,0,411,281,0,281,692
08/05/2015,VNY,CA,AWP,WE,Towers with Radar,0,29,95,0,124,0,3,287,0,290,0,32,382,0,414,229,0,229,643
08/06/2015,VNY,CA,AWP,WE,Towers with Radar,0,35,112,0,147,0,1,286,0,287,0,36,398,0,434,217,0,217,651
08/07/2015,VNY,CA,AWP,WE,Towers with Radar,0,33,109,0,142,0,3,257,0,260,0,36,366,0,402,221,0,221,623
08/08/2015,VNY,CA,AWP,WE,Towers with Radar,1,33,84,0,118,0,2,268,1,271,1,35,352,1,389,182,0,182,571
08/09/2015,VNY,CA,AWP,WE,Towers with Radar,0,39,102,0,141,0,0,292,1,293,0,39,394,1,434,183,0,183,617
08/10/2015,VNY,CA,AWP,WE,Towers with Radar,0,53,79,0,132,0,0,258,0,258,0,53,337,0,390,267,0,267,657
08/11/2015,VNY,CA,AWP,WE,Towers with Radar,0,31,85,0,116,0,1,234,0,235,0,32,319,0,351,181,0,181,532
08/12/2015,VNY,CA,AWP,WE,Towers with Radar,0,37,95,0,132,0,1,276,0,277,0,38,371,0,409,256,0,256,665
08/13/2015,VNY,CA,AWP,WE,Towers with Radar,0,44,98,0,142,0,0,251,0,251,0,44,349,0,393,203,0,203,596
08/14/2015,VNY,CA,AWP,WE,Towers with Radar,1,34,90,0,125,0,2,274,1,277,1,36,364,1,402,181,0,181,583
08/15/2015,VNY,CA,AWP,WE,Towers with Radar,0,36,97,0,133,0,2,270,2,274,0,38,367,2,407,98,0,98,505
08/16/2015,VNY,CA,AWP,WE,Towers with Radar,0,54,111,0,165,0,1,267,0,268,0,55,378,0,433,205,0,205,638
08/17/2015,VNY,CA,AWP,WE,Towers with Radar,0,36,98,0,134,0,2,283,1,286,0,38,381,1,420,286,0,286,706
08/18/2015,VNY,CA,AWP,WE,Towers with Radar,0,37,91,0,128,0,0,246,2,248,0,37,337,2,376,291,0,291,667
08/19/2015,VNY,CA,AWP,WE,Towers with Radar,0,29,98,1,128,0,1,222,1,224,0,30,320,2,352,332,0,332,684
08/20/2015,VNY,CA,AWP,WE,Towers with Radar,0,30,123,0,153,0,3,236,1,240,0,33,359,1,393,292,0,292,685
08/21/2015,VNY,CA,AWP,WE,Towers with Radar,0,35,123,2,160,0,1,233,0,234,0,36,356,2,394,276,0,276,670
08/22/2015,VNY,CA,AWP,WE,Towers with Radar,2,29,72,0,103,0,1,274,0,275,2,30,346,0,378,307,0,307,685
08/23/2015,VNY,CA,AWP,WE,Towers with Radar,1,38,100,0,139,0,2,291,1,294,1,40,391,1,433,216,0,216,649
08/24/2015,VNY,CA,AWP,WE,Towers with Radar,0,35,66,0,101,0,1,197,1,199,0,36,263,1,300,195,0,195,495
08/25/2015,VNY,CA,AWP,WE,Towers with Radar,0,40,62,0,102,0,0,241,1,242,0,40,303,1,344,214,0,214,558
08/26/2015,VNY,CA,AWP,WE,Towers with Radar,0,44,83,0,127,0,3,269,2,274,0,47,352,2,401,235,0,235,636
08/27/2015,VNY,CA,AWP,WE,Towers with Radar,2,34,96,0,132,0,1,258,1,260,2,35,354,1,392,166,0,166,558
08/28/2015,VNY,CA,AWP,WE,Towers with Radar,1,27,96,0,124,0,6,302,3,311,1,33,398,3,435,115,0,115,550
08/29/2015,VNY,CA,AWP,WE,Towers with Radar,1,31,60,2,94,0,1,346,2,349,1,32,406,4,443,117,0,117,560
08/30/2015,VNY,CA,AWP,WE,Towers with Radar,0,40,108,0,148,0,2,245,1,248,0,42,353,1,396,142,0,142,538
08/31/2015,VNY,CA,AWP,WE,Towers with Radar,0,47,77,2,126,0,1,233,0,234,0,48,310,2,360,202,0,202,562
09/01/2015,VNY,CA,AWP,WE,Towers with Radar,0,39,102,0,141,0,1,278,2,281,0,40,380,2,422,169,0,169,591
09/02/2015,VNY,CA,AWP,WE,Towers with Radar,0,26,95,0,121,0,11,261,1,273,0,37,356,1,394,172,0,172,566
09/03/2015,VNY,CA,AWP,WE,Towers with Radar,0,42,141,0,183,0,1,263,0,264,0,43,404,0,447,202,0,202,649
09/04/2015,VNY,CA,AWP,WE,Towers with Radar,0,37,126,0,163,0,0,247,3,250,0,37,373,3,413,156,0,156,569
09/05/2015,VNY,CA,AWP,WE,Towers with Radar,0,24,69,3,96,0,2,247,0,249,0,26,316,3,345,86,0,86,431
09/06/2015,VNY,CA,AWP,WE,Towers with Radar,0,20,68,0,88,0,1,278,0,279,0,21,346,0,367,240,0,240,607
09/07/2015,VNY,CA,AWP,WE,Towers with Radar,0,43,116,0,159,0,1,267,0,268,0,44,383,0,427,151,0,151,578
09/08/2015,VNY,CA,AWP,WE,Towers with Radar,0,41,93,0,134,0,3,234,3,240,0,44,327,3,374,195,0,195,569
09/09/2015,VNY,CA,AWP,WE,Towers with Radar,0,46,88,0,134,0,4,267,1,272,0,50,355,1,406,83,0,83,489
09/10/2015,VNY,CA,AWP,WE,Towers with Radar,0,44,108,0,152,0,2,320,2,324,0,46,428,2,476,226,0,226,702
09/11/2015,VNY,CA,AWP,WE,Towers with Radar,0,46,119,0,165,0,0,319,0,319,0,46,438,0,484,200,0,200,684
09/12/2015,VNY,CA,AWP,WE,Towers with Radar,0,26,78,0,104,0,3,279,0,282,0,29,357,0,386,186,0,186,572
09/13/2015,VNY,CA,AWP,WE,Towers with Radar,0,49,88,0,137,0,2,243,0,245,0,51,331,0,382,109,0,109,491
09/14/2015,VNY,CA,AWP,WE,Towers with Radar,0,44,79,0,123,0,1,189,0,190,0,45,268,0,313,146,0,146,459
09/15/2015,VNY,CA,AWP,WE,Towers with Radar,0,45,127,0,172,0,0,149,2,151,0,45,276,2,323,103,0,103,426
09/16/2015,VNY,CA,AWP,WE,Towers with Radar,0,37,107,1,145,0,2,263,1,266,0,39,370,2,411,305,0,305,716
09/17/2015,VNY,CA,AWP,WE,Towers with Radar,0,41,129,0,170,0,2,310,0,312,0,43,439,0,482,115,0,115,597
09/18/2015,VNY,CA,AWP,WE,Towers with Radar,0,53,110,0,163,0,1,320,1,322,0,54,430,1,485,166,0,166,651
09/19/2015,VNY,CA,AWP,WE,Towers with Radar,1,30,86,0,117,0,0,366,5,371,1,30,452,5,488,155,0,155,643
09/20/2015,VNY,CA,AWP,WE,Towers with Radar,1,57,99,0,157,0,3,217,5,225,1,60,316,5,382,213,0,213,595
09/21/2015,VNY,CA,AWP,WE,Towers with Radar,0,37,66,0,103,0,2,255,2,259,0,39,321,2,362,178,0,178,540
09/22/2015,VNY,CA,AWP,WE,Towers with Radar,0,36,86,0,122,0,1,256,0,257,0,37,342,0,379,346,0,346,725
09/23/2015,VNY,CA,AWP,WE,Towers with Radar,0,39,69,0,108,0,0,278,0,278,0,39,347,0,386,241,0,241,627
09/24/2015,VNY,CA,AWP,WE,Towers with Radar,0,39,89,0,128,0,3,277,0,280,0,42,366,0,408,202,0,202,610
09/25/2015,VNY,CA,AWP,WE,Towers with Radar,0,43,104,0,147,0,1,283,1,285,0,44,387,1,432,176,0,176,608
09/26/2015,VNY,CA,AWP,WE,Towers with Radar,0,23,84,0,107,0,1,288,1,290,0,24,372,1,397,218,0,218,615
09/27/2015,VNY,CA,AWP,WE,Towers with Radar,0,49,101,0,150,0,2,259,2,263,0,51,360,2,413,212,0,212,625
09/28/2015,VNY,CA,AWP,WE,Towers with Radar,0,40,93,0,133,0,7,244,1,252,0,47,337,1,385,252,0,252,637
09/29/2015,VNY,CA,AWP,WE,Towers with Radar,0,34,90,1,125,0,3,265,2,270,0,37,355,3,395,337,0,337,732
09/30/2015,VNY,CA,AWP,WE,Towers with Radar,0,38,81,0,119,0,2,246,1,249,0,40,327,1,368,214,0,214,582
10/01/2015,VNY,CA,AWP,WE,Towers with Radar,0,47,110,0,157,0,2,221,0,223,0,49,331,0,380,260,0,260,640
10/02/2015,VNY,CA,AWP,WE,Towers with Radar,0,25,112,0,137,0,2,237,0,239,0,27,349,0,376,206,0,206,582
10/03/2015,VNY,CA,AWP,WE,Towers with Radar,0,28,66,0,94,0,0,375,0,375,0,28,441,0,469,266,0,266,735
10/04/2015,VNY,CA,AWP,WE,Towers with Radar,0,68,114,0,182,0,0,130,0,130,0,68,244,0,312,94,0,94,406
10/05/2015,VNY,CA,AWP,WE,Towers with Radar,1,35,73,0,109,0,0,166,0,166,1,35,239,0,275,270,0,270,545
10/06/2015,VNY,CA,AWP,WE,Towers with Radar,1,34,61,0,96,0,1,320,1,322,1,35,381,1,418,219,0,219,637
10/07/2015,VNY,CA,AWP,WE,Towers with Radar,0,34,90,0,124,0,1,319,2,322,0,35,409,2,446,264,0,264,710
10/08/2015,VNY,CA,AWP,WE,Towers with Radar,0,45,92,0,137,0,1,250,0,251,0,46,342,0,388,218,0,218,606
10/09/2015,VNY,CA,AWP,WE,Towers with Radar,0,46,103,0,149,0,5,264,1,270,0,51,367,1,419,146,0,146,565
10/10/2015,VNY,CA,AWP,WE,Towers with Radar,1,29,72,0,102,0,2,116,0,118,1,31,188,0,220,65,0,65,285
10/11/2015,VNY,CA,AWP,WE,Towers with Radar,0,53,102,0,155,0,4,283,0,287,0,57,385,0,442,212,0,212,654
10/12/2015,VNY,CA,AWP,WE,Towers with Radar,1,41,77,0,119,0,0,214,0,214,1,41,291,0,333,236,0,236,569
10/13/2015,VNY,CA,AWP,WE,Towers with Radar,1,36,98,0,135,0,3,206,1,210,1,39,304,1,345,207,0,207,552
10/14/2015,VNY,CA,AWP,WE,Towers with Radar,0,57,113,0,170,0,1,282,1,284,0,58,395,1,454,243,0,243,697
10/15/2015,VNY,CA,AWP,WE,Towers with Radar,0,46,118,0,164,0,1,175,0,176,0,47,293,0,340,200,0,200,540
10/16/2015,VNY,CA,AWP,WE,Towers with Radar,1,47,152,0,200,0,2,196,0,198,1,49,348,0,398,113,0,113,511
10/17/2015,VNY,CA,AWP,WE,Towers with Radar,0,34,79,0,113,0,3,232,0,235,0,37,311,0,348,239,0,239,587
10/18/2015,VNY,CA,AWP,WE,Towers with Radar,0,56,106,0,162,0,0,108,2,110,0,56,214,2,272,144,0,144,416
10/19/2015,VNY,CA,AWP,WE,Towers with Radar,0,38,97,0,135,0,2,172,0,174,0,40,269,0,309,218,0,218,527
10/20/2015,VNY,CA,AWP,WE,Towers with Radar,1,32,65,1,99,0,1,212,1,214,1,33,277,2,313,181,0,181,494
10/21/2015,VNY,CA,AWP,WE,Towers with Radar,1,36,102,0,139,0,1,251,0,252,1,37,353,0,391,183,0,183,574
10/22/2015,VNY,CA,AWP,WE,Towers with Radar,0,45,109,0,154,0,0,293,0,293,0,45,402,0,447,208,0,208,655
10/23/2015,VNY,CA,AWP,WE,Towers with Radar,0,36,106,0,142,0,0,268,0,268,0,36,374,0,410,168,0,168,578
10/24/2015,VNY,CA,AWP,WE,Towers with Radar,0,34,69,0,103,0,1,263,0,264,0,35,332,0,367,197,0,197,564
10/25/2015,VNY,CA,AWP,WE,Towers with Radar,0,51,103,0,154,0,0,243,1,244,0,51,346,1,398,114,0,114,512
10/26/2015,VNY,CA,AWP,WE,Towers with Radar,0,45,81,0,126,0,1,246,0,247,0,46,327,0,373,177,0,177,550
10/27/2015,VNY,CA,AWP,WE,Towers with Radar,0,27,93,2,122,0,5,209,0,214,0,32,302,2,336,188,0,188,524
10/28/2015,VNY,CA,AWP,WE,Towers with Radar,0,34,72,1,107,0,0,274,0,274,0,34,346,1,381,286,0,286,667
10/29/2015,VNY,CA,AWP,WE,Towers with Radar,0,34,103,0,137,0,0,153,0,153,0,34,256,0,290,147,0,147,437
10/30/2015,VNY,CA,AWP,WE,Towers with Radar,0,43,93,0,136,0,0,208,0,208,0,43,301,0,344,65,0,65,409
10/31/2015,VNY,CA,AWP,WE,Towers with Radar,0,24,57,0,81,0,0,257,0,257,0,24,314,0,338,176,0,176,514
11/01/2015,VNY,CA,AWP,WE,Towers with Radar,0,45,109,0,154,0,0,237,0,237,0,45,346,0,391,154,0,154,545
11/02/2015,VNY,CA,AWP,WE,Towers with Radar,0,40,91,2,133,0,0,100,1,101,0,40,191,3,234,193,0,193,427
11/03/2015,VNY,CA,AWP,WE,Towers with Radar,0,46,105,0,151,0,0,241,2,243,0,46,346,2,394,195,0,195,589
11/04/2015,VNY,CA,AWP,WE,Towers with Radar,0,42,88,0,130,0,1,299,1,301,0,43,387,1,431,238,0,238,669
11/05/2015,VNY,CA,AWP,WE,Towers with Radar,0,34,102,0,136,0,1,276,1,278,0,35,378,1,414,304,0,304,718
11/06/2015,VNY,CA,AWP,WE,Towers with Radar,0,44,100,1,145,0,0,230,1,231,0,44,330,2,376,88,0,88,464
11/07/2015,VNY,CA,AWP,WE,Towers with Radar,0,42,74,1,117,0,0,269,0,269,0,42,343,1,386,176,0,176,562
11/08/2015,VNY,CA,AWP,WE,Towers with Radar,0,50,118,3,171,0,1,309,1,311,0,51,427,4,482,293,0,293,775
11/09/2015,VNY,CA,AWP,WE,Towers with Radar,0,23,69,1,93,0,4,174,2,180,0,27,243,3,273,206,0,206,479
11/10/2015,VNY,CA,AWP,WE,Towers with Radar,0,35,81,0,116,0,2,220,1,223,0,37,301,1,339,177,0,177,516
11/11/2015,VNY,CA,AWP,WE,Towers with Radar,0,42,81,0,123,0,1,261,2,264,0,43,342,2,387,109,0,109,496
11/12/2015,VNY,CA,AWP,WE,Towers with Radar,0,42,68,0,110,0,0,233,0,233,0,42,301,0,343,195,0,195,538
11/13/2015,VNY,CA,AWP,WE,Towers with Radar,0,59,80,0,139,0,0,228,0,228,0,59,308,0,367,93,0,93,460
11/14/2015,VNY,CA,AWP,WE,Towers with Radar,0,35,78,0,113,0,0,322,0,322,0,35,400,0,435,248,0,248,683
11/15/2015,VNY,CA,AWP,WE,Towers with Radar,1,47,107,0,155,0,1,128,0,129,1,48,235,0,284,103,0,103,387
11/16/2015,VNY,CA,AWP,WE,Towers with Radar,0,35,84,0,119,0,3,135,1,139,0,38,219,1,258,17,0,17,275
11/17/2015,VNY,CA,AWP,WE,Towers with Radar,0,52,98,0,150,0,2,223,1,226,0,54,321,1,376,113,0,113,489
11/18/2015,VNY,CA,AWP,WE,Towers with Radar,0,27,102,0,129,0,0,284,1,285,0,27,386,1,414,281,0,281,695
11/19/2015,VNY,CA,AWP,WE,Towers with Radar,0,38,155,0,193,0,1,298,0,299,0,39,453,0,492,149,0,149,641
11/20/2015,VNY,CA,AWP,WE,Towers with Radar,0,56,105,0,161,0,2,281,0,283,0,58,386,0,444,259,0,259,703
11/21/2015,VNY,CA,AWP,WE,Towers with Radar,0,34,85,0,119,0,0,263,1,264,0,34,348,1,383,158,0,158,541
11/22/2015,VNY,CA,AWP,WE,Towers with Radar,0,38,66,0,104,0,2,281,0,283,0,40,347,0,387,219,0,219,606
11/23/2015,VNY,CA,AWP,WE,Towers with Radar,1,47,72,0,120,0,2,236,2,240,1,49,308,2,360,235,0,235,595
11/24/2015,VNY,CA,AWP,WE,Towers with Radar,1,41,131,0,173,0,2,229,0,231,1,43,360,0,404,303,0,303,707
11/25/2015,VNY,CA,AWP,WE,Towers with Radar,0,52,87,0,139,0,2,204,0,206,0,54,291,0,345,254,0,254,599
11/26/2015,VNY,CA,AWP,WE,Towers with Radar,0,11,41,0,52,0,1,108,0,109,0,12,149,0,161,132,0,132,293
11/27/2015,VNY,CA,AWP,WE,Towers with Radar,1,27,56,0,84,0,0,186,1,187,1,27,242,1,271,145,0,145,416
11/28/2015,VNY,CA,AWP,WE,Towers with Radar,0,35,68,0,103,0,0,187,0,187,0,35,255,0,290,83,0,83,373
11/29/2015,VNY,CA,AWP,WE,Towers with Radar,0,62,147,0,209,0,5,266,0,271,0,67,413,0,480,92,0,92,572
11/30/2015,VNY,CA,AWP,WE,Towers with Radar,0,44,104,0,148,0,1,211,0,212,0,45,315,0,360,169,0,169,529
12/01/2015,VNY,CA,AWP,WE,Towers with Radar,0,33,76,0,109,0,1,231,0,232,0,34,307,0,341,144,0,144,485
12/02/2015,VNY,CA,AWP,WE,Towers with Radar,0,45,95,0,140,0,0,267,2,269,0,45,362,2,409,208,0,208,617
12/03/2015,VNY,CA,AWP,WE,Towers with Radar,0,29,117,0,146,0,1,220,0,221,0,30,337,0,367,148,0,148,515
12/04/2015,VNY,CA,AWP,WE,Towers with Radar,0,46,103,0,149,0,0,212,0,212,0,46,315,0,361,141,0,141,502
12/05/2015,VNY,CA,AWP,WE,Towers with Radar,0,22,81,0,103,0,0,298,1,299,0,22,379,1,402,138,0,138,540
12/06/2015,VNY,CA,AWP,WE,Towers with Radar,0,53,97,0,150,0,1,245,2,248,0,54,342,2,398,207,0,207,605
12/07/2015,VNY,CA,AWP,WE,Towers with Radar,0,43,83,0,126,0,3,215,3,221,0,46,298,3,347,152,0,152,499
12/08/2015,VNY,CA,AWP,WE,Towers with Radar,0,33,83,0,116,0,1,308,1,310,0,34,391,1,426,169,0,169,595
12/09/2015,VNY,CA,AWP,WE,Towers with Radar,0,41,103,2,146,0,1,237,3,241,0,42,340,5,387,201,0,201,588
12/10/2015,VNY,CA,AWP,WE,Towers with Radar,0,34,141,4,179,0,1,176,1,178,0,35,317,5,357,144,0,144,501
12/11/2015,VNY,CA,AWP,WE,Towers with Radar,0,33,101,0,134,0,1,175,1,177,0,34,276,1,311,71,0,71,382
12/12/2015,VNY,CA,AWP,WE,Towers with Radar,0,29,64,0,93,0,1,204,0,205,0,30,268,0,298,93,0,93,391
12/13/2015,VNY,CA,AWP,WE,Towers with Radar,0,29,67,0,96,0,1,211,0,212,0,30,278,0,308,218,0,218,526
12/14/2015,VNY,CA,AWP,WE,Towers with Radar,0,34,65,0,99,0,1,124,0,125,0,35,189,0,224,32,0,32,256
12/15/2015,VNY,CA,AWP,WE,Towers with Radar,0,49,73,0,122,0,0,225,2,227,0,49,298,2,349,127,0,127,476
12/16/2015,VNY,CA,AWP,WE,Towers with Radar,0,26,84,0,110,0,1,279,1,281,0,27,363,1,391,131,0,131,522
12/17/2015,VNY,CA,AWP,WE,Towers with Radar,0,29,108,0,137,0,1,315,4,320,0,30,423,4,457,146,0,146,603
12/18/2015,VNY,CA,AWP,WE,Towers with Radar,0,49,110,1,160,0,2,294,1,297,0,51,404,2,457,113,0,113,570
12/19/2015,VNY,CA,AWP,WE,Towers with Radar,0,60,120,0,180,0,0,229,0,229,0,60,349,0,409,175,0,175,584
12/20/2015,VNY,CA,AWP,WE,Towers with Radar,1,49,98,0,148,0,0,263,0,263,1,49,361,0,411,185,0,185,596
12/21/2015,VNY,CA,AWP,WE,Towers with Radar,1,40,112,0,153,0,2,181,0,183,1,42,293,0,336,194,0,194,530
12/22/2015,VNY,CA,AWP,WE,Towers with Radar,0,51,112,0,163,0,0,38,0,38,0,51,150,0,201,1,0,1,202
12/23/2015,VNY,CA,AWP,WE,Towers with Radar,0,39,77,0,116,4,2,206,0,212,4,41,283,0,328,125,0,125,453
12/24/2015,VNY,CA,AWP,WE,Towers with Radar,0,12,43,0,55,0,0,196,1,197,0,12,239,1,252,112,0,112,364
12/25/2015,VNY,CA,AWP,WE,Towers with Radar,0,26,51,2,79,0,1,81,0,82,0,27,132,2,161,0,0,0,161
12/26/2015,VNY,CA,AWP,WE,Towers with Radar,0,58,120,0,178,0,2,90,0,92,0,60,210,0,270,8,0,8,278
12/27/2015,VNY,CA,AWP,WE,Towers with Radar,0,35,107,0,142,0,1,203,0,204,0,36,310,0,346,27,0,27,373
12/28/2015,VNY,CA,AWP,WE,Towers with Radar,0,27,74,0,101,0,1,206,0,207,0,28,280,0,308,133,0,133,441
12/29/2015,VNY,CA,AWP,WE,Towers with Radar,0,40,54,0,94,0,3,250,0,253,0,43,304,0,347,180,0,180,527
12/30/2015,VNY,CA,AWP,WE,Towers with Radar,0,44,92,0,136,0,3,212,1,216,0,47,304,1,352,83,0,83,435
12/31/2015,VNY,CA,AWP,WE,Towers with Radar,0,36,59,2,97,0,2,196,0,198,0,38,255,2,295,74,0,74,369
01/01/2016,VNY,CA,AWP,WE,Towers with Radar,0,36,61,0,97,0,0,136,0,136,0,36,197,0,233,25,0,25,258
01/02/2016,VNY,CA,AWP,WE,Towers with Radar,1,66,159,0,226,0,1,235,0,236,1,67,394,0,462,100,0,100,562
01/03/2016,VNY,CA,AWP,WE,Towers with Radar,1,63,133,0,197,0,0,238,0,238,1,63,371,0,435,164,0,164,599
01/04/2016,VNY,CA,AWP,WE,Towers with Radar,0,51,65,1,117,0,0,151,2,153,0,51,216,3,270,70,0,70,340
01/05/2016,VNY,CA,AWP,WE,Towers with Radar,0,44,81,0,125,0,0,90,0,90,0,44,171,0,215,28,0,28,243
01/06/2016,VNY,CA,AWP,WE,Towers with Radar,0,53,83,0,136,0,1,70,1,72,0,54,153,1,208,3,0,3,211
01/07/2016,VNY,CA,AWP,WE,Towers with Radar,0,44,96,1,141,0,1,150,0,151,0,45,246,1,292,117,0,117,409
01/08/2016,VNY,CA,AWP,WE,Towers with Radar,0,41,94,2,137,0,4,281,15,300,0,45,375,17,437,233,0,233,670
01/09/2016,VNY,CA,AWP,WE,Towers with Radar,0,34,85,0,119,0,0,159,0,159,0,34,244,0,278,95,0,95,373
01/10/2016,VNY,CA,AWP,WE,Towers with Radar,0,46,100,0,146,0,0,155,0,155,0,46,255,0,301,343,0,343,644
01/11/2016,VNY,CA,AWP,WE,Towers with Radar,0,36,78,0,114,0,4,217,2,223,0,40,295,2,337,110,0,110,447
01/12/2016,VNY,CA,AWP,WE,Towers with Radar,0,34,95,1,130,0,0,294,2,296,0,34,389,3,426,130,0,130,556
01/13/2016,VNY,CA,AWP,WE,Towers with Radar,0,46,98,0,144,0,3,276,0,279,0,49,374,0,423,197,0,197,620
01/14/2016,VNY,CA,AWP,WE,Towers with Radar,0,42,111,0,153,0,0,201,1,202,0,42,312,1,355,145,0,145,500
01/15/2016,VNY,CA,AWP,WE,Towers with Radar,0,51,144,0,195,0,2,176,1,179,0,53,320,1,374,110,0,110,484
01/16/2016,VNY,CA,AWP,WE,Towers with Radar,0,25,64,0,89,0,2,238,0,240,0,27,302,0,329,196,0,196,525
01/17/2016,VNY,CA,AWP,WE,Towers with Radar,0,39,110,0,149,0,2,215,1,218,0,41,325,1,367,163,0,163,530
01/18/2016,VNY,CA,AWP,WE,Towers with Radar,0,48,156,0,204,0,1,95,0,96,0,49,251,0,300,46,0,46,346
01/19/2016,VNY,CA,AWP,WE,Towers with Radar,0,47,83,0,130,0,1,110,1,112,0,48,193,1,242,92,0,92,334
01/20/2016,VNY,CA,AWP,WE,Towers with Radar,0,36,98,0,134,0,2,249,1,252,0,38,347,1,386,155,0,155,541
01/21/2016,VNY,CA,AWP,WE,Towers with Radar,0,60,114,0,174,0,0,358,0,358,0,60,472,0,532,254,0,254,786
01/22/2016,VNY,CA,AWP,WE,Towers with Radar,0,42,118,0,160,0,1,325,4,330,0,43,443,4,490,253,0,253,743
01/23/2016,VNY,CA,AWP,WE,Towers with Radar,0,28,84,0,112,0,0,189,0,189,0,28,273,0,301,126,0,126,427
01/24/2016,VNY,CA,AWP,WE,Towers with Radar,0,41,126,0,167,0,0,299,3,302,0,41,425,3,469,148,0,148,617
01/25/2016,VNY,CA,AWP,WE,Towers with Radar,0,45,86,0,131,0,1,226,0,227,0,46,312,0,358,102,0,102,460
01/26/2016,VNY,CA,AWP,WE,Towers with Radar,0,38,76,0,114,0,3,256,2,261,0,41,332,2,375,100,0,100,475
01/27/2016,VNY,CA,AWP,WE,Towers with Radar,0,36,112,0,148,0,1,268,1,270,0,37,380,1,418,153,0,153,571
01/28/2016,VNY,CA,AWP,WE,Towers with Radar,0,44,121,0,165,0,2,318,0,320,0,46,439,0,485,238,0,238,723
01/29/2016,VNY,CA,AWP,WE,Towers with Radar,0,45,129,0,174,0,0,309,0,309,0,45,438,0,483,167,0,167,650
01/30/2016,VNY,CA,AWP,WE,Towers with Radar,1,21,81,0,103,0,0,161,1,162,1,21,242,1,265,202,0,202,467
01/31/2016,VNY,CA,AWP,WE,Towers with Radar,0,34,76,0,110,0,0,20,0,20,0,34,96,0,130,0,0,0,130
02/01/2016,VNY,CA,AWP,WE,Towers with Radar,1,31,72,0,104,0,0,134,0,134,1,31,206,0,238,10,0,10,248
02/02/2016,VNY,CA,AWP,WE,Towers with Radar,0,53,82,0,135,0,1,243,0,244,0,54,325,0,379,210,0,210,589
02/03/2016,VNY,CA,AWP,WE,Towers with Radar,1,38,87,2,128,0,1,232,2,235,1,39,319,4,363,163,0,163,526
02/04/2016,VNY,CA,AWP,WE,Towers with Radar,1,42,91,0,134,0,2,254,0,256,1,44,345,0,390,38,0,38,428
02/05/2016,VNY,CA,AWP,WE,Towers with Radar,0,50,128,3,181,0,0,283,0,283,0,50,411,3,464,145,0,145,609
02/06/2016,VNY,CA,AWP,WE,Towers with Radar,0,45,71,0,116,0,0,296,1,297,0,45,367,1,413,131,0,131,544
02/07/2016,VNY,CA,AWP,WE,Towers with Radar,0,70,104,0,174,0,2,129,2,133,0,72,233,2,307,42,0,42,349
02/08/2016,VNY,CA,AWP,WE,Towers with Radar,0,54,105,0,159,0,0,206,1,207,0,54,311,1,366,102,0,102,468
02/09/2016,VNY,CA,AWP,WE,Towers with Radar,0,55,87,0,142,0,1,259,0,260,0,56,346,0,402,132,0,132,534
02/10/2016,VNY,CA,AWP,WE,Towers with Radar,0,40,114,0,154,0,0,264,1,265,0,40,378,1,419,160,0,160,579
02/11/2016,VNY,CA,AWP,WE,Towers with Radar,0,88,178,1,267,0,1,208,1,210,0,89,386,2,477,101,0,101,578
02/12/2016,VNY,CA,AWP,WE,Towers with Radar,0,78,157,0,235,0,2,316,0,318,0,80,473,0,553,149,0,149,702
02/13/2016,VNY,CA,AWP,WE,Towers with Radar,0,46,84,0,130,0,0,412,2,414,0,46,496,2,544,295,0,295,839
02/14/2016,VNY,CA,AWP,WE,Towers with Radar,0,47,76,1,124,0,1,342,1,344,0,48,418,2,468,86,0,86,554
02/15/2016,VNY,CA,AWP,WE,Towers with Radar,0,78,141,0,219,0,1,305,0,306,0,79,446,0,525,58,0,58,583
02/16/2016,VNY,CA,AWP,WE,Towers with Radar,0,50,112,0,162,0,2,277,0,279,0,52,389,0,441,128,0,128,569
02/17/2016,VNY,CA,AWP,WE,Towers with Radar,0,38,112,0,150,0,3,190,0,193,0,41,302,0,343,134,0,134,477
02/18/2016,VNY,CA,AWP,WE,Towers with Radar,0,39,110,0,149,0,0,293,0,293,0,39,403,0,442,187,0,187,629
02/19/2016,VNY,CA,AWP,WE,Towers with Radar,0,41,121,0,162,0,2,331,0,333,0,43,452,0,495,246,0,246,741
02/20/2016,VNY,CA,AWP,WE,Towers with Radar,0,35,95,0,130,0,0,335,1,336,0,35,430,1,466,231,0,231,697
02/21/2016,VNY,CA,AWP,WE,Towers with Radar,0,52,128,0,180,0,1,328,1,330,0,53,456,1,510,265,0,265,775
02/22/2016,VNY,CA,AWP,WE,Towers with Radar,0,36,68,0,104,0,0,178,0,178,0,36,246,0,282,64,0,64,346
02/23/2016,VNY,CA,AWP,WE,Towers with Radar,0,34,88,0,122,0,2,277,0,279,0,36,365,0,401,188,0,188,589
02/24/2016,VNY,CA,AWP,WE,Towers with Radar,0,40,85,1,126,0,0,275,1,276,0,40,360,2,402,106,0,106,508
02/25/2016,VNY,CA,AWP,WE,Towers with Radar,0,47,108,0,155,0,1,321,1,323,0,48,429,1,478,179,0,179,657
02/26/2016,VNY,CA,AWP,WE,Towers with Radar,0,31,110,0,141,0,1,318,1,320,0,32,428,1,461,246,0,246,707
02/27/2016,VNY,CA,AWP,WE,Towers with Radar,0,46,74,0,120,0,1,331,0,332,0,47,405,0,452,204,0,204,656
02/28/2016,VNY,CA,AWP,WE,Towers with Radar,1,52,102,0,155,0,1,242,2,245,1,53,344,2,400,160,0,160,560
02/29/2016,VNY,CA,AWP,WE,Towers with Radar,1,61,121,0,183,0,2,241,1,244,1,63,362,1,427,235,0,235,662
03/01/2016,VNY,CA,AWP,WE,Towers with Radar,0,43,108,0,151,0,1,253,0,254,0,44,361,0,405,193,0,193,598
03/02/2016,VNY,CA,AWP,WE,Towers with Radar,0,47,108,0,155,0,1,273,0,274,0,48,381,0,429,203,0,203,632
03/03/2016,VNY,CA,AWP,WE,Towers with Radar,0,38,109,0,147,0,3,245,0,248,0,41,354,0,395,332,0,332,727
03/04/2016,VNY,CA,AWP,WE,Towers with Radar,0,44,86,0,130,0,0,197,2,199,0,44,283,2,329,193,0,193,522
03/05/2016,VNY,CA,AWP,WE,Towers with Radar,0,31,76,0,107,0,0,101,0,101,0,31,177,0,208,217,0,217,425
03/06/2016,VNY,CA,AWP,WE,Towers with Radar,0,46,113,0,159,0,1,126,1,128,0,47,239,1,287,65,0,65,352
03/07/2016,VNY,CA,AWP,WE,Towers with Radar,0,46,71,0,117,0,0,104,0,104,0,46,175,0,221,61,0,61,282
03/08/2016,VNY,CA,AWP,WE,Towers with Radar,0,23,118,0,141,0,1,222,0,223,0,24,340,0,364,71,0,71,435
03/09/2016,VNY,CA,AWP,WE,Towers with Radar,0,29,85,0,114,0,1,284,0,285,0,30,369,0,399,112,0,112,511
03/10/2016,VNY,CA,AWP,WE,Towers with Radar,0,44,123,1,168,0,1,389,4,394,0,45,512,5,562,137,0,137,699
03/11/2016,VNY,CA,AWP,WE,Towers with Radar,0,41,104,0,145,0,0,100,0,100,0,41,204,0,245,75,0,75,320
03/12/2016,VNY,CA,AWP,WE,Towers with Radar,0,22,67,0,89,0,1,374,0,375,0,23,441,0,464,255,0,255,719
03/13/2016,VNY,CA,AWP,WE,Towers with Radar,0,40,115,0,155,0,2,192,1,195,0,42,307,1,350,194,0,194,544
03/14/2016,VNY,CA,AWP,WE,Towers with Radar,0,30,91,0,121,0,3,161,1,165,0,33,252,1,286,185,0,185,471
03/15/2016,VNY,CA,AWP,WE,Towers with Radar,0,36,100,0,136,0,0,298,1,299,0,36,398,1,435,256,0,256,691
03/16/2016,VNY,CA,AWP,WE,Towers with Radar,0,37,83,0,120,0,2,349,0,351,0,39,432,0,471,187,0,187,658
03/17/2016,VNY,CA,AWP,WE,Towers with Radar,0,30,124,0,154,0,2,330,0,332,0,32,454,0,486,194,0,194,680
03/18/2016,VNY,CA,AWP,WE,Towers with Radar,0,37,109,0,146,0,0,265,2,267,0,37,374,2,413,181,0,181,594
03/19/2016,VNY,CA,AWP,WE,Towers with Radar,0,36,102,1,139,0,1,264,3,268,0,37,366,4,407,169,0,169,576
03/20/2016,VNY,CA,AWP,WE,Towers with Radar,0,46,142,1,189,0,2,203,0,205,0,48,345,1,394,163,0,163,557
03/21/2016,VNY,CA,AWP,WE,Towers with Radar,0,38,93,0,131,0,0,117,0,117,0,38,210,0,248,96,0,96,344
03/22/2016,VNY,CA,AWP,WE,Towers with Radar,0,36,75,0,111,0,2,140,0,142,0,38,215,0,253,27,0,27,280
03/23/2016,VNY,CA,AWP,WE,Towers with Radar,0,39,90,0,129,0,4,265,0,269,0,43,355,0,398,124,0,124,522
03/24/2016,VNY,CA,AWP,WE,Towers with Radar,0,45,119,0,164,0,3,322,0,325,0,48,441,0,489,204,0,204,693
03/25/2016,VNY,CA,AWP,WE,Towers with Radar,0,28,130,1,159,0,3,347,0,350,0,31,477,1,509,205,0,205,714
03/26/2016,VNY,CA,AWP,WE,Towers with Radar,0,46,84,0,130,0,0,349,0,349,0,46,433,0,479,256,0,256,735
03/27/2016,VNY,CA,AWP,WE,Towers with Radar,0,46,120,0,166,0,0,191,0,191,0,46,311,0,357,105,0,105,462
03/28/2016,VNY,CA,AWP,WE,Towers with Radar,0,43,98,0,141,0,3,84,0,87,0,46,182,0,228,120,0,120,348
03/29/2016,VNY,CA,AWP,WE,Towers with Radar,0,45,94,0,139,0,3,205,1,209,0,48,299,1,348,213,0,213,561
03/30/2016,VNY,CA,AWP,WE,Towers with Radar,0,33,100,0,133,0,0,221,0,221,0,33,321,0,354,241,0,241,595
03/31/2016,VNY,CA,AWP,WE,Towers with Radar,1,39,107,1,148,0,0,251,1,252,1,39,358,2,400,161,0,161,561
04/01/2016,VNY,CA,AWP,WE,Towers with Radar,1,48,100,0,149,0,2,410,1,413,1,50,510,1,562,268,0,268,830
04/02/2016,VNY,CA,AWP,WE,Towers with Radar,0,43,88,1,132,0,2,450,0,452,0,45,538,1,584,399,0,399,983
04/03/2016,VNY,CA,AWP,WE,Towers with Radar,0,45,115,1,161,0,4,286,0,290,0,49,401,1,451,146,0,146,597
04/04/2016,VNY,CA,AWP,WE,Towers with Radar,0,35,97,2,134,0,1,209,0,210,0,36,306,2,344,176,0,176,520
04/05/2016,VNY,CA,AWP,WE,Towers with Radar,0,29,91,0,120,0,3,256,0,259,0,32,347,0,379,184,0,184,563
04/06/2016,VNY,CA,AWP,WE,Towers with Radar,0,46,96,0,142,0,1,254,3,258,0,47,350,3,400,159,0,159,559
04/07/2016,VNY,CA,AWP,WE,Towers with Radar,0,76,145,0,221,0,2,179,0,181,0,78,324,0,402,125,0,125,527
04/08/2016,VNY,CA,AWP,WE,Towers with Radar,0,72,186,0,258,0,1,40,0,41,0,73,226,0,299,16,0,16,315
04/09/2016,VNY,CA,AWP,WE,Towers with Radar,0,43,100,0,143,0,0,36,0,36,0,43,136,0,179,8,0,8,187
04/10/2016,VNY,CA,AWP,WE,Towers with Radar,0,63,142,0,205,0,2,195,0,197,0,65,337,0,402,231,0,231,633
04/11/2016,VNY,CA,AWP,WE,Towers with Radar,0,39,91,0,130,0,0,206,0,206,0,39,297,0,336,165,0,165,501
04/12/2016,VNY,CA,AWP,WE,Towers with Radar,0,41,111,0,152,0,0,231,10,241,0,41,342,10,393,106,0,106,499
04/13/2016,VNY,CA,AWP,WE,Towers with Radar,0,31,140,0,171,0,0,267,1,268,0,31,407,1,439,200,0,200,639
04/14/2016,VNY,CA,AWP,WE,Towers with Radar,0,38,107,0,145,0,1,281,2,284,0,39,388,2,429,181,0,181,610
04/15/2016,VNY,CA,AWP,WE,Towers with Radar,0,35,107,0,142,0,2,198,0,200,0,37,305,0,342,64,0,64,406
04/16/2016,VNY,CA,AWP,WE,Towers with Radar,0,27,79,0,106,0,3,215,0,218,0,30,294,0,324,44,0,44,368
04/17/2016,VNY,CA,AWP,WE,Towers with Radar,0,47,106,0,153,0,2,316,0,318,0,49,422,0,471,91,0,91,562
04/18/2016,VNY,CA,AWP,WE,Towers with Radar,0,41,88,0,129,0,0,253,0,253,0,41,341,0,382,148,0,148,530
04/19/2016,VNY,CA,AWP,WE,Towers with Radar,0,46,97,0,143,0,0,248,0,248,0,46,345,0,391,101,0,101,492
04/20/2016,VNY,CA,AWP,WE,Towers with Radar,0,32,113,0,145,0,0,317,1,318,0,32,430,1,463,174,0,174,637
04/21/2016,VNY,CA,AWP,WE,Towers with Radar,0,62,103,0,165,0,2,340,0,342,0,64,443,0,507,128,0,128,635
04/22/2016,VNY,CA,AWP,WE,Towers with Radar,0,53,101,0,154,0,0,310,0,310,0,53,411,0,464,217,0,217,681
04/23/2016,VNY,CA,AWP,WE,Towers with Radar,0,16,53,0,69,0,0,249,0,249,0,16,302,0,318,79,0,79,397
04/24/2016,VNY,CA,AWP,WE,Towers with Radar,0,46,118,0,164,0,1,296,1,298,0,47,414,1,462,147,0,147,609
04/25/2016,VNY,CA,AWP,WE,Towers with Radar,0,41,88,0,129,0,0,199,0,199,0,41,287,0,328,75,0,75,403
04/26/2016,VNY,CA,AWP,WE,Towers with Radar,0,19,79,0,98,0,2,263,0,265,0,21,342,0,363,148,0,148,511
04/27/2016,VNY,CA,AWP,WE,Towers with Radar,1,36,90,0,127,0,1,253,2,256,1,37,343,2,383,191,0,191,574
04/28/2016,VNY,CA,AWP,WE,Towers with Radar,1,61,100,0,162,0,3,283,0,286,1,64,383,0,448,189,0,189,637
04/29/2016,VNY,CA,AWP,WE,Towers with Radar,0,51,130,0,181,0,3,395,1,399,0,54,525,1,580,238,0,238,818
04/30/2016,VNY,CA,AWP,WE,Towers with Radar,0,29,76,1,106,0,0,275,1,276,0,29,351,2,382,253,0,253,635
05/01/2016,VNY,CA,AWP,WE,Towers with Radar,0,60,133,0,193,0,0,266,0,266,0,60,399,0,459,196,0,196,655
05/02/2016,VNY,CA,AWP,WE,Towers with Radar,0,40,93,0,133,0,1,271,0,272,0,41,364,0,405,200,0,200,605
05/03/2016,VNY,CA,AWP,WE,Towers with Radar,0,40,111,0,151,0,2,258,1,261,0,42,369,1,412,182,0,182,594
05/04/2016,VNY,CA,AWP,WE,Towers with Radar,0,57,139,3,199,0,2,187,1,190,0,59,326,4,389,76,0,76,465
05/05/2016,VNY,CA,AWP,WE,Towers with Radar,0,40,122,0,162,0,1,183,1,185,0,41,305,1,347,235,0,235,582
05/06/2016,VNY,CA,AWP,WE,Towers with Radar,0,62,117,0,179,0,4,252,0,256,0,66,369,0,435,240,0,240,675
05/07/2016,VNY,CA,AWP,WE,Towers with Radar,0,23,100,0,123,0,0,186,0,186,0,23,286,0,309,189,0,189,498
05/08/2016,VNY,CA,AWP,WE,Towers with Radar,0,49,123,0,172,0,0,230,2,232,0,49,353,2,404,237,0,237,641
05/09/2016,VNY,CA,AWP,WE,Towers with Radar,0,32,99,0,131,0,0,166,0,166,0,32,265,0,297,163,0,163,460
05/10/2016,VNY,CA,AWP,WE,Towers with Radar,0,33,126,0,159,0,0,242,2,244,0,33,368,2,403,168,0,168,571
05/11/2016,VNY,CA,AWP,WE,Towers with Radar,0,46,122,0,168,0,1,222,1,224,0,47,344,1,392,184,0,184,576
05/12/2016,VNY,CA,AWP,WE,Towers with Radar,0,41,116,0,157,0,0,316,0,316,0,41,432,0,473,133,0,133,606
05/13/2016,VNY,CA,AWP,WE,Towers with Radar,0,50,107,0,157,0,0,240,1,241,0,50,347,1,398,106,0,106,504
05/14/2016,VNY,CA,AWP,WE,Towers with Radar,0,45,96,0,141,0,2,264,0,266,0,47,360,0,407,185,0,185,592
05/15/2016,VNY,CA,AWP,WE,Towers with Radar,0,44,131,1,176,0,2,162,1,165,0,46,293,2,341,210,0,210,551
05/16/2016,VNY,CA,AWP,WE,Towers with Radar,0,41,85,0,126,0,2,197,0,199,0,43,282,0,325,181,0,181,506
05/17/2016,VNY,CA,AWP,WE,Towers with Radar,0,44,86,0,130,0,0,206,0,206,0,44,292,0,336,212,0,212,548
05/18/2016,VNY,CA,AWP,WE,Towers with Radar,0,44,102,0,146,0,0,264,1,265,0,44,366,1,411,195,0,195,606
05/19/2016,VNY,CA,AWP,WE,Towers with Radar,0,42,109,0,151,0,0,166,1,167,0,42,275,1,318,210,0,210,528
05/20/2016,VNY,CA,AWP,WE,Towers with Radar,0,68,139,0,207,0,0,276,0,276,0,68,415,0,483,201,0,201,684
05/21/2016,VNY,CA,AWP,WE,Towers with Radar,0,21,56,0,77,0,0,271,0,271,0,21,327,0,348,227,0,227,575
05/22/2016,VNY,CA,AWP,WE,Towers with Radar,1,53,110,0,164,0,0,322,3,325,1,53,432,3,489,172,0,172,661
05/23/2016,VNY,CA,AWP,WE,Towers with Radar,1,48,99,0,148,0,5,268,1,274,1,53,367,1,422,154,0,154,576
05/24/2016,VNY,CA,AWP,WE,Towers with Radar,0,46,127,0,173,0,1,239,1,241,0,47,366,1,414,219,0,219,633
05/25/2016,VNY,CA,AWP,WE,Towers with Radar,0,45,116,0,161,0,1,335,2,338,0,46,451,2,499,228,0,228,727
05/26/2016,VNY,CA,AWP,WE,Towers with Radar,0,57,136,0,193,0,4,302,0,306,0,61,438,0,499,306,0,306,805
05/27/2016,VNY,CA,AWP,WE,Towers with Radar,0,62,144,0,206,0,3,278,1,282,0,65,422,1,488,267,0,267,755
05/28/2016,VNY,CA,AWP,WE,Towers with Radar,0,37,85,0,122,0,0,291,0,291,0,37,376,0,413,230,0,230,643
05/29/2016,VNY,CA,AWP,WE,Towers with Radar,0,29,62,0,91,0,2,184,0,186,0,31,246,0,277,264,0,264,541
05/30/2016,VNY,CA,AWP,WE,Towers with Radar,0,59,131,0,190,0,1,256,2,259,0,60,387,2,449,229,0,229,678
05/31/2016,VNY,CA,AWP,WE,Towers with Radar,0,47,90,1,138,0,0,135,0,135,0,47,225,1,273,139,0,139,412
06/01/2016,VNY,CA,AWP,WE,Towers with Radar,0,35,108,0,143,0,2,309,1,312,0,37,417,1,455,186,0,186,641
06/02/2016,VNY,CA,AWP,WE,Towers with Radar,0,56,130,2,188,0,0,249,0,249,0,56,379,2,437,138,0,138,575
06/03/2016,VNY,CA,AWP,WE,Towers with Radar,0,43,124,0,167,0,1,320,0,321,0,44,444,0,488,92,0,92,580
06/04/2016,VNY,CA,AWP,WE,Towers with Radar,0,33,86,0,119,0,1,292,0,293,0,34,378,0,412,163,0,163,575
06/05/2016,VNY,CA,AWP,WE,Towers with Radar,0,45,134,0,179,0,1,259,0,260,0,46,393,0,439,170,0,170,609
06/06/2016,VNY,CA,AWP,WE,Towers with Radar,0,39,93,0,132,0,1,182,2,185,0,40,275,2,317,162,0,162,479
06/07/2016,VNY,CA,AWP,WE,Towers with Radar,0,32,132,0,164,0,0,186,1,187,0,32,318,1,351,187,0,187,538
06/08/2016,VNY,CA,AWP,WE,Towers with Radar,0,34,143,0,177,0,2,348,1,351,0,36,491,1,528,224,0,224,752
06/09/2016,VNY,CA,AWP,WE,Towers with Radar,0,56,142,0,198,0,0,321,0,321,0,56,463,0,519,245,0,245,764
06/10/2016,VNY,CA,AWP,WE,Towers with Radar,2,53,161,0,216,0,0,258,0,258,2,53,419,0,474,146,0,146,620
06/11/2016,VNY,CA,AWP,WE,Towers with Radar,0,40,130,0,170,0,4,79,0,83,0,44,209,0,253,89,0,89,342
06/12/2016,VNY,CA,AWP,WE,Towers with Radar,0,50,128,0,178,0,0,167,0,167,0,50,295,0,345,176,0,176,521
06/13/2016,VNY,CA,AWP,WE,Towers with Radar,0,45,111,0,156,0,0,268,2,270,0,45,379,2,426,236,0,236,662
06/14/2016,VNY,CA,AWP,WE,Towers with Radar,0,39,112,0,151,0,1,166,1,168,0,40,278,1,319,125,0,125,444
06/15/2016,VNY,CA,AWP,WE,Towers with Radar,0,44,94,0,138,0,7,223,0,230,0,51,317,0,368,250,0,250,618
06/16/2016,VNY,CA,AWP,WE,Towers with Radar,0,41,112,0,153,0,2,264,0,266,0,43,376,0,419,206,0,206,625
06/17/2016,VNY,CA,AWP,WE,Towers with Radar,0,42,132,0,174,0,3,270,1,274,0,45,402,1,448,170,0,170,618
06/18/2016,VNY,CA,AWP,WE,Towers with Radar,0,31,63,0,94,0,0,296,0,296,0,31,359,0,390,160,0,160,550
06/19/2016,VNY,CA,AWP,WE,Towers with Radar,0,44,91,0,135,0,1,224,0,225,0,45,315,0,360,72,0,72,432
06/20/2016,VNY,CA,AWP,WE,Towers with Radar,0,47,87,0,134,0,0,190,1,191,0,47,277,1,325,108,0,108,433
06/21/2016,VNY,CA,AWP,WE,Towers with Radar,0,43,108,0,151,0,0,206,0,206,0,43,314,0,357,151,0,151,508
06/22/2016,VNY,CA,AWP,WE,Towers with Radar,0,54,98,0,152,11,0,285,4,300,11,54,383,4,452,248,0,248,700
06/23/2016,VNY,CA,AWP,WE,Towers with Radar,0,60,105,0,165,0,1,268,2,271,0,61,373,2,436,194,0,194,630
06/24/2016,VNY,CA,AWP,WE,Towers with Radar,1,42,124,0,167,0,1,305,3,309,1,43,429,3,476,173,0,173,649
06/25/2016,VNY,CA,AWP,WE,Towers with Radar,1,36,85,0,122,0,1,260,0,261,1,37,345,0,383,170,0,170,553
06/26/2016,VNY,CA,AWP,WE,Towers with Radar,1,44,93,0,138,0,4,269,0,273,1,48,362,0,411,149,0,149,560
06/27/2016,VNY,CA,AWP,WE,Towers with Radar,0,48,88,1,137,0,1,272,1,274,0,49,360,2,411,195,0,195,606
06/28/2016,VNY,CA,AWP,WE,Towers with Radar,0,36,88,0,124,0,0,305,1,306,0,36,393,1,430,245,0,245,675
06/29/2016,VNY,CA,AWP,WE,Towers with Radar,0,48,108,0,156,0,0,323,1,324,0,48,431,1,480,290,0,290,770
06/30/2016,VNY,CA,AWP,WE,Towers with Radar,0,45,135,0,180,0,1,344,2,347,0,46,479,2,527,296,0,296,823
07/01/2016,VNY,CA,AWP,WE,Towers with Radar,0,48,125,0,173,0,4,313,0,317,0,52,438,0,490,218,0,218,708
07/02/2016,VNY,CA,AWP,WE,Towers with Radar,0,35,73,1,109,0,2,274,0,276,0,37,347,1,385,176,0,176,561
07/03/2016,VNY,CA,AWP,WE,Towers with Radar,1,12,63,0,76,0,2,201,0,203,1,14,264,0,279,169,0,169,448
07/04/2016,VNY,CA,AWP,WE,Towers with Radar,1,16,53,0,70,0,1,191,1,193,1,17,244,1,263,99,0,99,362
07/05/2016,VNY,CA,AWP,WE,Towers with Radar,0,53,120,0,173,0,1,199,1,201,0,54,319,1,374,168,0,168,542
07/06/2016,VNY,CA,AWP,WE,Towers with Radar,1,33,106,2,142,0,1,265,1,267,1,34,371,3,409,126,0,126,535
07/07/2016,VNY,CA,AWP,WE,Towers with Radar,0,34,106,0,140,0,2,241,1,244,0,36,347,1,384,212,0,212,596
07/08/2016,VNY,CA,AWP,WE,Towers with Radar,0,42,102,0,144,0,1,289,0,290,0,43,391,0,434,200,0,200,634
07/09/2016,VNY,CA,AWP,WE,Towers with Radar,0,27,101,0,128,0,3,324,1,328,0,30,425,1,456,182,0,182,638
07/10/2016,VNY,CA,AWP,WE,Towers with Radar,1,46,105,0,152,0,0,287,0,287,1,46,392,0,439,161,0,161,600
07/11/2016,VNY,CA,AWP,WE,Towers with Radar,0,45,74,0,119,0,0,220,1,221,0,45,294,1,340,181,0,181,521
07/12/2016,VNY,CA,AWP,WE,Towers with Radar,0,27,92,0,119,0,0,267,1,268,0,27,359,1,387,258,0,258,645
07/13/2016,VNY,CA,AWP,WE,Towers with Radar,0,36,94,0,130,0,0,318,0,318,0,36,412,0,448,226,0,226,674
07/14/2016,VNY,CA,AWP,WE,Towers with Radar,0,37,96,0,133,0,1,285,2,288,0,38,381,2,421,194,0,194,615
07/15/2016,VNY,CA,AWP,WE,Towers with Radar,0,54,97,0,151,0,1,306,0,307,0,55,403,0,458,239,0,239,697
07/16/2016,VNY,CA,AWP,WE,Towers with Radar,0,46,85,0,131,0,2,324,0,326,0,48,409,0,457,175,0,175,632
07/17/2016,VNY,CA,AWP,WE,Towers with Radar,0,66,114,0,180,0,1,274,2,277,0,67,388,2,457,116,0,116,573
07/18/2016,VNY,CA,AWP,WE,Towers with Radar,0,46,99,1,146,0,3,225,0,228,0,49,324,1,374,194,0,194,568
07/19/2016,VNY,CA,AWP,WE,Towers with Radar,0,36,81,0,117,0,0,289,2,291,0,36,370,2,408,181,0,181,589
07/20/2016,VNY,CA,AWP,WE,Towers with Radar,0,51,84,0,135,0,0,299,1,300,0,51,383,1,435,235,0,235,670
07/21/2016,VNY,CA,AWP,WE,Towers with Radar,0,66,98,0,164,0,1,304,0,305,0,67,402,0,469,230,0,230,699
07/22/2016,VNY,CA,AWP,WE,Towers with Radar,0,44,110,0,154,0,3,253,2,258,0,47,363,2,412,153,0,153,565
07/23/2016,VNY,CA,AWP,WE,Towers with Radar,0,36,75,0,111,0,1,312,0,313,0,37,387,0,424,215,0,215,639
07/24/2016,VNY,CA,AWP,WE,Towers with Radar,0,59,91,0,150,0,0,231,0,231,0,59,322,0,381,183,0,183,564
07/25/2016,VNY,CA,AWP,WE,Towers with Radar,0,36,72,0,108,0,1,311,2,314,0,37,383,2,422,196,0,196,618
07/26/2016,VNY,CA,AWP,WE,Towers with Radar,0,31,74,0,105,0,1,254,0,255,0,32,328,0,360,194,0,194,554
07/27/2016,VNY,CA,AWP,WE,Towers with Radar,0,37,99,0,136,0,0,307,0,307,0,37,406,0,443,348,0,348,791
07/28/2016,VNY,CA,AWP,WE,Towers with Radar,0,48,116,0,164,0,3,328,0,331,0,51,444,0,495,312,0,312,807
07/29/2016,VNY,CA,AWP,WE,Towers with Radar,0,45,89,0,134,0,0,370,1,371,0,45,459,1,505,219,0,219,724
07/30/2016,VNY,CA,AWP,WE,Towers with Radar,1,25,89,0,115,0,6,241,1,248,1,31,330,1,363,227,0,227,590
07/31/2016,VNY,CA,AWP,WE,Towers with Radar,2,71,111,0,184,0,3,272,0,275,2,74,383,0,459,271,0,271,730
08/01/2016,VNY,CA,AWP,WE,Towers with Radar,0,47,85,0,132,0,4,330,1,335,0,51,415,1,467,212,0,212,679
08/02/2016,VNY,CA,AWP,WE,Towers with Radar,0,20,77,0,97,0,2,312,3,317,0,22,389,3,414,160,0,160,574
08/03/2016,VNY,CA,AWP,WE,Towers with Radar,1,45,76,0,122,0,2,333,1,336,1,47,409,1,458,317,0,317,775
08/04/2016,VNY,CA,AWP,WE,Towers with Radar,0,41,91,0,132,0,0,321,0,321,0,41,412,0,453,321,0,321,774
08/05/2016,VNY,CA,AWP,WE,Towers with Radar,0,41,107,0,148,0,2,254,0,256,0,43,361,0,404,189,0,189,593
08/06/2016,VNY,CA,AWP,WE,Towers with Radar,0,32,77,0,109,0,1,352,1,354,0,33,429,1,463,148,0,148,611
08/07/2016,VNY,CA,AWP,WE,Towers with Radar,0,52,107,0,159,0,1,292,2,295,0,53,399,2,454,216,0,216,670
08/08/2016,VNY,CA,AWP,WE,Towers with Radar,0,32,105,0,137,0,1,252,1,254,0,33,357,1,391,193,0,193,584
08/09/2016,VNY,CA,AWP,WE,Towers with Radar,0,42,100,0,142,0,3,298,1,302,0,45,398,1,444,287,0,287,731
08/10/2016,VNY,CA,AWP,WE,Towers with Radar,0,38,96,0,134,0,3,259,0,262,0,41,355,0,396,278,0,278,674
08/11/2016,VNY,CA,AWP,WE,Towers with Radar,0,52,100,0,152,0,1,238,0,239,0,53,338,0,391,199,0,199,590
08/12/2016,VNY,CA,AWP,WE,Towers with Radar,0,57,90,0,147,0,2,407,0,409,0,59,497,0,556,203,0,203,759
08/13/2016,VNY,CA,AWP,WE,Towers with Radar,0,37,91,0,128,0,1,270,0,271,0,38,361,0,399,195,0,195,594
08/14/2016,VNY,CA,AWP,WE,Towers with Radar,0,60,110,0,170,0,0,239,0,239,0,60,349,0,409,139,0,139,548
08/15/2016,VNY,CA,AWP,WE,Towers with Radar,0,49,73,0,122,0,1,253,0,254,0,50,326,0,376,139,0,139,515
08/16/2016,VNY,CA,AWP,WE,Towers with Radar,0,40,95,0,135,0,3,243,0,246,0,43,338,0,381,242,0,242,623
08/17/2016,VNY,CA,AWP,WE,Towers with Radar,0,51,91,0,142,0,1,321,0,322,0,52,412,0,464,250,0,250,714
08/18/2016,VNY,CA,AWP,WE,Towers with Radar,0,53,115,0,168,0,1,343,0,344,0,54,458,0,512,227,0,227,739
08/19/2016,VNY,CA,AWP,WE,Towers with Radar,0,51,99,0,150,0,3,345,2,350,0,54,444,2,500,291,0,291,791
08/20/2016,VNY,CA,AWP,WE,Towers with Radar,0,47,82,0,129,0,2,323,0,325,0,49,405,0,454,195,0,195,649
08/21/2016,VNY,CA,AWP,WE,Towers with Radar,0,70,153,0,223,0,2,299,1,302,0,72,452,1,525,223,0,223,748
08/22/2016,VNY,CA,AWP,WE,Towers with Radar,0,57,122,0,179,0,3,246,0,249,0,60,368,0,428,195,0,195,623
08/23/2016,VNY,CA,AWP,WE,Towers with Radar,0,32,80,0,112,0,1,218,1,220,0,33,298,1,332,276,0,276,608
08/24/2016,VNY,CA,AWP,WE,Towers with Radar,0,48,91,2,141,0,2,289,2,293,0,50,380,4,434,178,0,178,612
08/25/2016,VNY,CA,AWP,WE,Towers with Radar,0,48,129,0,177,0,14,265,0,279,0,62,394,0,456,219,0,219,675
08/26/2016,VNY,CA,AWP,WE,Towers with Radar,1,41,126,0,168,0,1,252,4,257,1,42,378,4,425,137,0,137,562
08/27/2016,VNY,CA,AWP,WE,Towers with Radar,1,40,90,0,131,0,4,325,1,330,1,44,415,1,461,208,0,208,669
08/28/2016,VNY,CA,AWP,WE,Towers with Radar,0,42,122,0,164,0,2,288,0,290,0,44,410,0,454,275,0,275,729
08/29/2016,VNY,CA,AWP,WE,Towers with Radar,0,55,108,0,163,0,1,242,0,243,0,56,350,0,406,150,0,150,556
08/30/2016,VNY,CA,AWP,WE,Towers with Radar,0,45,99,2,146,0,4,263,0,267,0,49,362,2,413,170,0,170,583
08/31/2016,VNY,CA,AWP,WE,Towers with Radar,0,38,97,0,135,0,4,301,1,306,0,42,398,1,441,247,0,247,688
09/01/2016,VNY,CA,AWP,WE,Towers with Radar,0,49,130,1,180,0,7,329,1,337,0,56,459,2,517,238,0,238,755
09/02/2016,VNY,CA,AWP,WE,Towers with Radar,0,61,138,0,199,0,7,305,1,313,0,68,443,1,512,202,0,202,714
09/03/2016,VNY,CA,AWP,WE,Towers with Radar,0,48,87,1,136,0,4,349,0,353,0,52,436,1,489,180,0,180,669
09/04/2016,VNY,CA,AWP,WE,Towers with Radar,0,38,127,0,165,0,5,256,0,261,0,43,383,0,426,283,0,283,709
09/05/2016,VNY,CA,AWP,WE,Towers with Radar,0,67,150,0,217,0,5,271,2,278,0,72,421,2,495,121,0,121,616
09/06/2016,VNY,CA,AWP,WE,Towers with Radar,0,35,103,0,138,0,8,252,0,260,0,43,355,0,398,226,0,226,624
09/07/2016,VNY,CA,AWP,WE,Towers with Radar,0,36,97,0,133,0,9,249,0,258,0,45,346,0,391,195,0,195,586
09/08/2016,VNY,CA,AWP,WE,Towers with Radar,0,44,110,0,154,0,8,291,0,299,0,52,401,0,453,340,0,340,793
09/09/2016,VNY,CA,AWP,WE,Towers with Radar,0,46,116,0,162,0,3,309,0,312,0,49,425,0,474,263,0,263,737
09/10/2016,VNY,CA,AWP,WE,Towers with Radar,0,32,89,0,121,0,4,390,1,395,0,36,479,1,516,202,0,202,718
09/11/2016,VNY,CA,AWP,WE,Towers with Radar,0,45,99,0,144,0,9,305,1,315,0,54,404,1,459,254,0,254,713
09/12/2016,VNY,CA,AWP,WE,Towers with Radar,0,48,107,1,156,0,5,182,1,188,0,53,289,2,344,221,0,221,565
09/13/2016,VNY,CA,AWP,WE,Towers with Radar,0,47,109,0,156,0,2,184,1,187,0,49,293,1,343,182,0,182,525
09/14/2016,VNY,CA,AWP,WE,Towers with Radar,0,53,94,0,147,0,2,324,4,330,0,55,418,4,477,295,0,295,772
09/15/2016,VNY,CA,AWP,WE,Towers with Radar,0,47,105,0,152,0,8,232,0,240,0,55,337,0,392,177,0,177,569
09/16/2016,VNY,CA,AWP,WE,Towers with Radar,0,47,121,0,168,0,1,274,3,278,0,48,395,3,446,251,0,251,697
09/17/2016,VNY,CA,AWP,WE,Towers with Radar,0,42,99,0,141,0,2,353,0,355,0,44,452,0,496,253,0,253,749
09/18/2016,VNY,CA,AWP,WE,Towers with Radar,0,61,150,1,212,0,2,358,1,361,0,63,508,2,573,162,0,162,735
09/19/2016,VNY,CA,AWP,WE,Towers with Radar,0,40,94,2,136,0,0,204,0,204,0,40,298,2,340,152,0,152,492
09/20/2016,VNY,CA,AWP,WE,Towers with Radar,0,39,82,0,121,0,4,271,2,277,0,43,353,2,398,136,0,136,534
09/21/2016,VNY,CA,AWP,WE,Towers with Radar,0,52,104,0,156,0,1,303,2,306,0,53,407,2,462,319,0,319,781
09/22/2016,VNY,CA,AWP,WE,Towers with Radar,0,58,116,3,177,0,3,246,1,250,0,61,362,4,427,164,0,164,591
09/23/2016,VNY,CA,AWP,WE,Towers with Radar,0,54,107,0,161,0,1,335,0,336,0,55,442,0,497,221,0,221,718
09/24/2016,VNY,CA,AWP,WE,Towers with Radar,0,31,70,0,101,0,2,312,0,314,0,33,382,0,415,227,0,227,642
09/25/2016,VNY,CA,AWP,WE,Towers with Radar,0,63,116,0,179,0,5,222,0,227,0,68,338,0,406,136,0,136,542
09/26/2016,VNY,CA,AWP,WE,Towers with Radar,0,43,72,0,115,0,3,246,2,251,0,46,318,2,366,166,0,166,532
09/27/2016,VNY,CA,AWP,WE,Towers with Radar,1,33,63,0,97,0,0,259,0,259,1,33,322,0,356,219,0,219,575
09/28/2016,VNY,CA,AWP,WE,Towers with Radar,1,42,79,2,124,0,2,307,1,310,1,44,386,3,434,263,0,263,697
09/29/2016,VNY,CA,AWP,WE,Towers with Radar,0,35,86,0,121,0,3,301,0,304,0,38,387,0,425,182,0,182,607
09/30/2016,VNY,CA,AWP,WE,Towers with Radar,0,51,100,0,151,0,2,332,2,336,0,53,432,2,487,215,0,215,702
10/01/2016,VNY,CA,AWP,WE,Towers with Radar,0,39,71,0,110,0,4,327,3,334,0,43,398,3,444,261,0,261,705
10/02/2016,VNY,CA,AWP,WE,Towers with Radar,0,69,105,0,174,0,1,245,1,247,0,70,350,1,421,177,0,177,598
10/03/2016,VNY,CA,AWP,WE,Towers with Radar,0,47,65,0,112,0,7,227,1,235,0,54,292,1,347,204,0,204,551
10/04/2016,VNY,CA,AWP,WE,Towers with Radar,0,37,88,0,125,0,2,283,2,287,0,39,371,2,412,210,0,210,622
10/05/2016,VNY,CA,AWP,WE,Towers with Radar,0,33,98,0,131,0,4,380,1,385,0,37,478,1,516,287,0,287,803
10/06/2016,VNY,CA,AWP,WE,Towers with Radar,1,68,104,0,173,5,2,309,0,316,6,70,413,0,489,173,0,173,662
10/07/2016,VNY,CA,AWP,WE,Towers with Radar,1,60,124,0,185,0,4,401,0,405,1,64,525,0,590,349,0,349,939
10/08/2016,VNY,CA,AWP,WE,Towers with Radar,0,47,79,0,126,0,3,310,1,314,0,50,389,1,440,249,0,249,689
10/09/2016,VNY,CA,AWP,WE,Towers with Radar,0,72,103,0,175,0,0,338,0,338,0,72,441,0,513,286,0,286,799
10/10/2016,VNY,CA,AWP,WE,Towers with Radar,0,57,88,0,145,0,2,318,0,320,0,59,406,0,465,269,0,269,734
10/11/2016,VNY,CA,AWP,WE,Towers with Radar,0,44,106,0,150,0,3,274,1,278,0,47,380,1,428,227,0,227,655
10/12/2016,VNY,CA,AWP,WE,Towers with Radar,0,32,98,0,130,0,2,213,0,215,0,34,311,0,345,188,0,188,533
10/13/2016,VNY,CA,AWP,WE,Towers with Radar,0,47,100,0,147,0,4,258,2,264,0,51,358,2,411,249,0,249,660
10/14/2016,VNY,CA,AWP,WE,Towers with Radar,0,58,124,0,182,0,4,342,1,347,0,62,466,1,529,273,0,273,802
10/15/2016,VNY,CA,AWP,WE,Towers with Radar,0,37,74,0,111,0,1,256,0,257,0,38,330,0,368,283,0,283,651
10/16/2016,VNY,CA,AWP,WE,Towers with Radar,0,54,112,0,166,0,0,163,0,163,0,54,275,0,329,132,0,132,461
10/17/2016,VNY,CA,AWP,WE,Towers with Radar,0,44,103,0,147,0,0,136,0,136,0,44,239,0,283,157,0,157,440
10/18/2016,VNY,CA,AWP,WE,Towers with Radar,0,44,94,0,138,0,3,264,2,269,0,47,358,2,407,258,0,258,665
10/19/2016,VNY,CA,AWP,WE,Towers with Radar,0,63,98,2,163,0,4,302,0,306,0,67,400,2,469,206,0,206,675
10/20/2016,VNY,CA,AWP,WE,Towers with Radar,0,51,123,0,174,0,4,390,0,394,0,55,513,0,568,219,0,219,787
10/21/2016,VNY,CA,AWP,WE,Towers with Radar,0,51,117,2,170,0,2,386,1,389,0,53,503,3,559,211,0,211,770
10/22/2016,VNY,CA,AWP,WE,Towers with Radar,0,32,81,2,115,0,0,283,2,285,0,32,364,4,400,222,0,222,622
10/23/2016,VNY,CA,AWP,WE,Towers with Radar,0,70,137,0,207,0,3,254,1,258,0,73,391,1,465,219,0,219,684
10/24/2016,VNY,CA,AWP,WE,Towers with Radar,0,65,110,0,175,0,5,106,0,111,0,70,216,0,286,66,0,66,352
10/25/2016,VNY,CA,AWP,WE,Towers with Radar,0,75,153,0,228,0,6,214,0,220,0,81,367,0,448,157,0,157,605
10/26/2016,VNY,CA,AWP,WE,Towers with Radar,0,50,99,2,151,0,3,377,0,380,0,53,476,2,531,296,0,296,827
10/27/2016,VNY,CA,AWP,WE,Towers with Radar,0,52,105,2,159,0,6,296,1,303,0,58,401,3,462,322,0,322,784
10/28/2016,VNY,CA,AWP,WE,Towers with Radar,0,45,117,0,162,0,3,194,1,198,0,48,311,1,360,112,0,112,472
10/29/2016,VNY,CA,AWP,WE,Towers with Radar,0,35,90,0,125,0,1,297,0,298,0,36,387,0,423,162,0,162,585
10/30/2016,VNY,CA,AWP,WE,Towers with Radar,0,47,88,0,135,0,1,63,0,64,0,48,151,0,199,158,0,158,357
10/31/2016,VNY,CA,AWP,WE,Towers with Radar,0,48,76,0,124,0,0,253,5,258,0,48,329,5,382,200,0,200,582
11/01/2016,VNY,CA,AWP,WE,Towers with Radar,0,48,89,0,137,0,1,223,1,225,0,49,312,1,362,228,0,228,590
11/02/2016,VNY,CA,AWP,WE,Towers with Radar,0,45,96,0,141,0,4,225,1,230,0,49,321,1,371,142,0,142,513
11/03/2016,VNY,CA,AWP,WE,Towers with Radar,0,55,130,0,185,0,1,264,0,265,0,56,394,0,450,137,0,137,587
11/04/2016,VNY,CA,AWP,WE,Towers with Radar,0,51,93,0,144,0,5,297,2,304,0,56,390,2,448,267,0,267,715
11/05/2016,VNY,CA,AWP,WE,Towers with Radar,0,41,100,0,141,0,0,358,1,359,0,41,458,1,500,234,0,234,734
11/06/2016,VNY,CA,AWP,WE,Towers with Radar,0,78,115,0,193,0,4,350,1,355,0,82,465,1,548,265,0,265,813
11/07/2016,VNY,CA,AWP,WE,Towers with Radar,0,39,77,0,116,0,5,329,1,335,0,44,406,1,451,286,0,286,737
11/08/2016,VNY,CA,AWP,WE,Towers with Radar,0,34,79,0,113,0,2,268,0,270,0,36,347,0,383,232,0,232,615
11/09/2016,VNY,CA,AWP,WE,Towers with Radar,0,61,89,1,151,0,7,310,4,321,0,68,399,5,472,248,0,248,720
11/10/2016,VNY,CA,AWP,WE,Towers with Radar,0,64,115,0,179,0,5,369,0,374,0,69,484,0,553,174,0,174,727
11/11/2016,VNY,CA,AWP,WE,Towers with Radar,0,51,106,0,157,0,1,327,2,330,0,52,433,2,487,166,0,166,653
11/12/2016,VNY,CA,AWP,WE,Towers with Radar,0,30,83,2,115,0,0,382,2,384,0,30,465,4,499,264,0,264,763
11/13/2016,VNY,CA,AWP,WE,Towers with Radar,0,65,131,0,196,0,1,276,0,277,0,66,407,0,473,200,0,200,673
11/14/2016,VNY,CA,AWP,WE,Towers with Radar,0,38,98,0,136,0,2,245,0,247,0,40,343,0,383,134,0,134,517
11/15/2016,VNY,CA,AWP,WE,Towers with Radar,0,28,109,0,137,0,6,288,3,297,0,34,397,3,434,136,0,136,570
11/16/2016,VNY,CA,AWP,WE,Towers with Radar,0,45,101,0,146,0,2,276,1,279,0,47,377,1,425,141,0,141,566
11/17/2016,VNY,CA,AWP,WE,Towers with Radar,1,52,107,2,162,0,2,216,9,227,1,54,323,11,389,166,0,166,555
11/18/2016,VNY,CA,AWP,WE,Towers with Radar,1,83,129,1,214,0,0,358,3,361,1,83,487,4,575,133,4,137,712
11/19/2016,VNY,CA,AWP,WE,Towers with Radar,0,36,89,3,128,0,1,332,0,333,0,37,421,3,461,251,0,251,712
11/20/2016,VNY,CA,AWP,WE,Towers with Radar,0,68,123,0,191,0,0,113,0,113,0,68,236,0,304,76,0,76,380
11/21/2016,VNY,CA,AWP,WE,Towers with Radar,0,43,78,0,121,0,0,196,0,196,0,43,274,0,317,152,0,152,469
11/22/2016,VNY,CA,AWP,WE,Towers with Radar,0,57,145,0,202,0,3,245,0,248,0,60,390,0,450,239,0,239,689
11/23/2016,VNY,CA,AWP,WE,Towers with Radar,0,50,123,0,173,0,4,214,1,219,0,54,337,1,392,88,0,88,480
11/24/2016,VNY,CA,AWP,WE,Towers with Radar,0,17,35,0,52,0,0,91,1,92,0,17,126,1,144,44,0,44,188
11/25/2016,VNY,CA,AWP,WE,Towers with Radar,0,34,71,0,105,0,1,279,2,282,0,35,350,2,387,177,0,177,564
11/26/2016,VNY,CA,AWP,WE,Towers with Radar,0,40,96,0,136,0,0,105,0,105,0,40,201,0,241,175,0,175,416
11/27/2016,VNY,CA,AWP,WE,Towers with Radar,0,87,150,0,237,0,4,81,0,85,0,91,231,0,322,69,0,69,391
11/28/2016,VNY,CA,AWP,WE,Towers with Radar,0,43,59,0,102,0,1,212,2,215,0,44,271,2,317,124,0,124,441
11/29/2016,VNY,CA,AWP,WE,Towers with Radar,1,33,66,1,101,0,2,242,2,246,1,35,308,3,347,250,0,250,597
11/30/2016,VNY,CA,AWP,WE,Towers with Radar,1,37,84,0,122,0,2,263,1,266,1,39,347,1,388,184,0,184,572
12/01/2016,VNY,CA,AWP,WE,Towers with Radar,0,38,92,0,130,0,9,257,1,267,0,47,349,1,397,167,0,167,564
12/02/2016,VNY,CA,AWP,WE,Towers with Radar,0,48,101,0,149,0,1,103,0,104,0,49,204,0,253,11,0,11,264
12/03/2016,VNY,CA,AWP,WE,Towers with Radar,0,32,65,4,101,0,0,211,0,211,0,32,276,4,312,77,0,77,389
12/04/2016,VNY,CA,AWP,WE,Towers with Radar,1,42,107,0,150,0,1,279,2,282,1,43,386,2,432,175,0,175,607
12/05/2016,VNY,CA,AWP,WE,Towers with Radar,1,48,83,0,132,0,3,240,1,244,1,51,323,1,376,186,0,186,562
12/06/2016,VNY,CA,AWP,WE,Towers with Radar,0,34,110,0,144,0,1,208,1,210,0,35,318,1,354,256,0,256,610
12/07/2016,VNY,CA,AWP,WE,Towers with Radar,0,48,122,0,170,0,3,272,1,276,0,51,394,1,446,257,0,257,703
12/08/2016,VNY,CA,AWP,WE,Towers with Radar,0,48,115,0,163,0,1,261,3,265,0,49,376,3,428,276,0,276,704
12/09/2016,VNY,CA,AWP,WE,Towers with Radar,0,52,113,0,165,0,3,247,1,251,0,55,360,1,416,183,0,183,599
12/10/2016,VNY,CA,AWP,WE,Towers with Radar,0,41,106,0,147,0,0,111,0,111,0,41,217,0,258,139,0,139,397
12/11/2016,VNY,CA,AWP,WE,Towers with Radar,0,45,121,0,166,0,0,89,0,89,0,45,210,0,255,142,0,142,397
12/12/2016,VNY,CA,AWP,WE,Towers with Radar,0,55,113,0,168,0,1,163,1,165,0,56,276,1,333,139,0,139,472
12/13/2016,VNY,CA,AWP,WE,Towers with Radar,0,37,93,0,130,0,2,135,2,139,0,39,228,2,269,160,0,160,429
12/14/2016,VNY,CA,AWP,WE,Towers with Radar,0,37,88,0,125,0,2,199,0,201,0,39,287,0,326,146,0,146,472
12/15/2016,VNY,CA,AWP,WE,Towers with Radar,0,39,116,0,155,0,0,87,0,87,0,39,203,0,242,115,0,115,357
12/16/2016,VNY,CA,AWP,WE,Towers with Radar,0,58,111,0,169,0,0,127,0,127,0,58,238,0,296,106,0,106,402
12/17/2016,VNY,CA,AWP,WE,Towers with Radar,0,53,96,0,149,0,1,305,0,306,0,54,401,0,455,262,0,262,717
12/18/2016,VNY,CA,AWP,WE,Towers with Radar,0,50,90,0,140,0,3,180,0,183,0,53,270,0,323,125,0,125,448
12/19/2016,VNY,CA,AWP,WE,Towers with Radar,0,47,66,0,113,0,4,182,0,186,0,51,248,0,299,50,0,50,349
12/20/2016,VNY,CA,AWP,WE,Towers with Radar,0,38,114,1,153,0,2,273,2,277,0,40,387,3,430,157,0,157,587
12/21/2016,VNY,CA,AWP,WE,Towers with Radar,0,57,84,0,141,0,0,226,1,227,0,57,310,1,368,158,0,158,526
12/22/2016,VNY,CA,AWP,WE,Towers with Radar,0,64,102,0,166,0,0,215,0,215,0,64,317,0,381,140,0,140,521
12/23/2016,VNY,CA,AWP,WE,Towers with Radar,0,65,111,0,176,0,0,53,1,54,0,65,164,1,230,51,0,51,281
12/24/2016,VNY,CA,AWP,WE,Towers with Radar,0,43,52,0,95,0,0,82,0,82,0,43,134,0,177,86,0,86,263
12/25/2016,VNY,CA,AWP,WE,Towers with Radar,0,20,36,0,56,0,1,91,2,94,0,21,127,2,150,143,0,143,293
12/26/2016,VNY,CA,AWP,WE,Towers with Radar,0,67,129,0,196,0,1,159,0,160,0,68,288,0,356,130,0,130,486
12/27/2016,VNY,CA,AWP,WE,Towers with Radar,0,48,121,0,169,0,3,176,5,184,0,51,297,5,353,15,0,15,368
12/28/2016,VNY,CA,AWP,WE,Towers with Radar,0,50,82,2,134,0,1,337,2,340,0,51,419,4,474,233,0,233,707
12/29/2016,VNY,CA,AWP,WE,Towers with Radar,0,48,81,0,129,0,0,381,1,382,0,48,462,1,511,277,0,277,788
12/30/2016,VNY,CA,AWP,WE,Towers with Radar,0,67,112,0,179,0,2,148,0,150,0,69,260,0,329,143,0,143,472
12/31/2016,VNY,CA,AWP,WE,Towers with Radar,0,58,84,0,142,0,0,38,0,38,0,58,122,0,180,19,0,19,199
01/01/2017,VNY,CA,AWP,WE,Towers with Radar,0,64,154,0,218,0,3,212,0,215,0,67,366,0,433,143,0,143,576
01/02/2017,VNY,CA,AWP,WE,Towers with Radar,0,97,203,0,300,0,0,154,0,154,0,97,357,0,454,226,0,226,680
01/03/2017,VNY,CA,AWP,WE,Towers with Radar,0,65,127,0,192,0,0,256,2,258,0,65,383,2,450,310,0,310,760
01/04/2017,VNY,CA,AWP,WE,Towers with Radar,0,47,92,2,141,0,2,94,1,97,0,49,186,3,238,142,0,142,380
01/05/2017,VNY,CA,AWP,WE,Towers with Radar,0,85,121,0,206,0,0,44,0,44,0,85,165,0,250,30,0,30,280
01/06/2017,VNY,CA,AWP,WE,Towers with Radar,0,52,121,0,173,0,1,306,1,308,0,53,427,1,481,230,0,230,711
01/07/2017,VNY,CA,AWP,WE,Towers with Radar,0,34,60,0,94,0,0,127,0,127,0,34,187,0,221,182,0,182,403
01/08/2017,VNY,CA,AWP,WE,Towers with Radar,0,48,113,0,161,0,2,285,4,291,0,50,398,4,452,284,0,284,736
01/09/2017,VNY,CA,AWP,WE,Towers with Radar,0,64,78,0,142,0,0,94,0,94,0,64,172,0,236,220,0,220,456
01/10/2017,VNY,CA,AWP,WE,Towers with Radar,1,35,94,0,130,0,2,82,0,84,1,37,176,0,214,2,0,2,216
01/11/2017,VNY,CA,AWP,WE,Towers with Radar,1,48,95,0,144,0,0,191,0,191,1,48,286,0,335,141,0,141,476
01/12/2017,VNY,CA,AWP,WE,Towers with Radar,0,44,119,0,163,0,0,65,0,65,0,44,184,0,228,12,0,12,240
01/13/2017,VNY,CA,AWP,WE,Towers with Radar,0,60,120,0,180,0,1,237,0,238,0,61,357,0,418,180,0,180,598
01/14/2017,VNY,CA,AWP,WE,Towers with Radar,0,40,56,0,96,0,3,259,1,263,0,43,315,1,359,121,0,121,480
01/15/2017,VNY,CA,AWP,WE,Towers with Radar,0,39,101,0,140,0,2,228,0,230,0,41,329,0,370,235,0,235,605
01/16/2017,VNY,CA,AWP,WE,Towers with Radar,0,63,119,0,182,0,1,260,1,262,0,64,379,1,444,333,0,333,777
01/17/2017,VNY,CA,AWP,WE,Towers with Radar,0,35,76,0,111,0,1,284,2,287,0,36,360,2,398,222,0,222,620
01/18/2017,VNY,CA,AWP,WE,Towers with Radar,0,43,86,0,129,0,0,211,0,211,0,43,297,0,340,201,0,201,541
01/19/2017,VNY,CA,AWP,WE,Towers with Radar,0,52,127,4,183,0,2,150,1,153,0,54,277,5,336,132,0,132,468
01/20/2017,VNY,CA,AWP,WE,Towers with Radar,0,41,121,0,162,0,0,67,0,67,0,41,188,0,229,17,0,17,246
01/21/2017,VNY,CA,AWP,WE,Towers with Radar,0,33,89,0,122,0,4,300,0,304,0,37,389,0,426,219,0,219,645
01/22/2017,VNY,CA,AWP,WE,Towers with Radar,0,54,84,0,138,0,0,4,0,4,0,54,88,0,142,0,0,0,142
01/23/2017,VNY,CA,AWP,WE,Towers with Radar,0,60,80,0,140,0,3,70,2,75,0,63,150,2,215,94,0,94,309
01/24/2017,VNY,CA,AWP,WE,Towers with Radar,0,34,114,0,148,0,1,243,1,245,0,35,357,1,393,222,0,222,615
01/25/2017,VNY,CA,AWP,WE,Towers with Radar,0,38,105,0,143,0,0,311,0,311,0,38,416,0,454,242,0,242,696
01/26/2017,VNY,CA,AWP,WE,Towers with Radar,0,50,125,1,176,0,2,308,2,312,0,52,433,3,488,234,0,234,722
01/27/2017,VNY,CA,AWP,WE,Towers with Radar,0,41,95,0,136,0,3,148,0,151,0,44,243,0,287,22,0,22,309
01/28/2017,VNY,CA,AWP,WE,Towers with Radar,0,44,59,0,103,0,1,150,0,151,0,45,209,0,254,76,0,76,330
01/29/2017,VNY,CA,AWP,WE,Towers with Radar,0,61,100,0,161,0,1,182,3,186,0,62,282,3,347,24,0,24,371
01/30/2017,VNY,CA,AWP,WE,Towers with Radar,0,48,69,0,117,0,3,280,2,285,0,51,349,2,402,303,0,303,705
01/31/2017,VNY,CA,AWP,WE,Towers with Radar,0,47,112,0,159,0,1,310,4,315,0,48,422,4,474,264,0,264,738
02/01/2017,VNY,CA,AWP,WE,Towers with Radar,0,51,100,0,151,0,3,283,2,288,0,54,383,2,439,259,0,259,698
02/02/2017,VNY,CA,AWP,WE,Towers with Radar,0,52,127,0,179,0,8,217,0,225,0,60,344,0,404,249,0,249,653
02/03/2017,VNY,CA,AWP,WE,Towers with Radar,0,95,154,2,251,0,0,30,0,30,0,95,184,2,281,0,0,0,281
02/04/2017,VNY,CA,AWP,WE,Towers with Radar,0,44,98,0,142,0,1,275,0,276,0,45,373,0,418,271,0,271,689
02/05/2017,VNY,CA,AWP,WE,Towers with Radar,0,56,107,0,163,0,0,5,0,5,0,56,112,0,168,0,0,0,168
02/06/2017,VNY,CA,AWP,WE,Towers with Radar,0,91,128,0,219,0,1,92,0,93,0,92,220,0,312,0,0,0,312
02/07/2017,VNY,CA,AWP,WE,Towers with Radar,1,41,115,0,157,0,1,69,1,71,1,42,184,1,228,119,0,119,347
02/08/2017,VNY,CA,AWP,WE,Towers with Radar,1,59,115,0,175,0,0,178,0,178,1,59,293,0,353,164,0,164,517
02/09/2017,VNY,CA,AWP,WE,Towers with Radar,0,64,151,0,215,0,1,352,2,355,0,65,503,2,570,259,0,259,829
02/10/2017,VNY,CA,AWP,WE,Towers with Radar,0,75,119,0,194,0,0,141,0,141,0,75,260,0,335,68,0,68,403
02/11/2017,VNY,CA,AWP,WE,Towers with Radar,0,40,79,2,121,0,1,216,3,220,0,41,295,5,341,275,0,275,616
02/12/2017,VNY,CA,AWP,WE,Towers with Radar,0,62,89,0,151,0,1,239,0,240,0,63,328,0,391,124,0,124,515
02/13/2017,VNY,CA,AWP,WE,Towers with Radar,0,42,82,0,124,0,1,269,1,271,0,43,351,1,395,177,0,177,572
02/14/2017,VNY,CA,AWP,WE,Towers with Radar,0,32,86,0,118,0,1,433,2,436,0,33,519,2,554,281,0,281,835
02/15/2017,VNY,CA,AWP,WE,Towers with Radar,0,52,151,0,203,0,3,341,2,346,0,55,492,2,549,282,0,282,831
02/16/2017,VNY,CA,AWP,WE,Towers with Radar,0,61,151,0,212,0,1,305,1,307,0,62,456,1,519,245,0,245,764
02/17/2017,VNY,CA,AWP,WE,Towers with Radar,0,98,152,0,250,0,0,22,0,22,0,98,174,0,272,0,0,0,272
02/18/2017,VNY,CA,AWP,WE,Towers with Radar,0,67,93,1,161,0,3,101,0,104,0,70,194,1,265,146,0,146,411
02/19/2017,VNY,CA,AWP,WE,Towers with Radar,0,54,83,0,137,0,1,135,2,138,0,55,218,2,275,185,0,185,460
02/20/2017,VNY,CA,AWP,WE,Towers with Radar,0,86,180,0,266,0,0,30,0,30,0,86,210,0,296,0,0,0,296
02/21/2017,VNY,CA,AWP,WE,Towers with Radar,0,57,104,0,161,0,1,172,0,173,0,58,276,0,334,116,0,116,450
02/22/2017,VNY,CA,AWP,WE,Towers with Radar,0,57,89,0,146,0,3,247,1,251,0,60,336,1,397,203,0,203,600
02/23/2017,VNY,CA,AWP,WE,Towers with Radar,0,61,97,0,158,0,4,204,1,209,0,65,301,1,367,102,0,102,469
02/24/2017,VNY,CA,AWP,WE,Towers with Radar,0,60,127,0,187,0,4,346,1,351,0,64,473,1,538,223,0,223,761
02/25/2017,VNY,CA,AWP,WE,Towers with Radar,0,41,93,0,134,0,1,347,0,348,0,42,440,0,482,310,0,310,792
02/26/2017,VNY,CA,AWP,WE,Towers with Radar,0,64,123,0,187,0,1,132,0,133,0,65,255,0,320,153,0,153,473
02/27/2017,VNY,CA,AWP,WE,Towers with Radar,0,62,114,0,176,0,1,145,1,147,0,63,259,1,323,122,0,122,445
02/28/2017,VNY,CA,AWP,WE,Towers with Radar,0,54,87,0,141,0,1,238,0,239,0,55,325,0,380,231,0,231,611
03/01/2017,VNY,CA,AWP,WE,Towers with Radar,0,30,105,0,135,0,2,222,2,226,0,32,327,2,361,214,0,214,575
03/02/2017,VNY,CA,AWP,WE,Towers with Radar,0,47,93,0,140,0,4,273,2,279,0,51,366,2,419,102,0,102,521
03/03/2017,VNY,CA,AWP,WE,Towers with Radar,0,42,100,0,142,0,4,302,3,309,0,46,402,3,451,163,0,163,614
03/04/2017,VNY,CA,AWP,WE,Towers with Radar,0,33,73,0,106,0,4,377,2,383,0,37,450,2,489,252,0,252,741
03/05/2017,VNY,CA,AWP,WE,Towers with Radar,0,47,77,0,124,0,0,100,1,101,0,47,177,1,225,60,0,60,285
03/06/2017,VNY,CA,AWP,WE,Towers with Radar,0,40,70,0,110,0,0,248,0,248,0,40,318,0,358,180,0,180,538
03/07/2017,VNY,CA,AWP,WE,Towers with Radar,0,39,74,0,113,0,0,273,1,274,0,39,347,1,387,215,0,215,602
03/08/2017,VNY,CA,AWP,WE,Towers with Radar,0,43,79,0,122,0,2,260,0,262,0,45,339,0,384,154,0,154,538
03/09/2017,VNY,CA,AWP,WE,Towers with Radar,0,55,129,0,184,0,2,294,6,302,0,57,423,6,486,217,0,217,703
03/10/2017,VNY,CA,AWP,WE,Towers with Radar,0,55,128,0,183,0,2,335,2,339,0,57,463,2,522,211,0,211,733
03/11/2017,VNY,CA,AWP,WE,Towers with Radar,0,36,61,0,97,0,3,386,2,391,0,39,447,2,488,201,0,201,689
03/12/2017,VNY,CA,AWP,WE,Towers with Radar,0,54,103,0,157,0,0,281,4,285,0,54,384,4,442,230,0,230,672
03/13/2017,VNY,CA,AWP,WE,Towers with Radar,0,57,113,0,170,0,2,265,0,267,0,59,378,0,437,160,0,160,597
03/14/2017,VNY,CA,AWP,WE,Towers with Radar,0,65,86,0,151,0,4,301,2,307,0,69,387,2,458,210,0,210,668
03/15/2017,VNY,CA,AWP,WE,Towers with Radar,0,50,108,0,158,0,1,270,3,274,0,51,378,3,432,196,0,196,628
03/16/2017,VNY,CA,AWP,WE,Towers with Radar,0,67,118,0,185,0,3,396,3,402,0,70,514,3,587,290,0,290,877
03/17/2017,VNY,CA,AWP,WE,Towers with Radar,0,73,137,0,210,0,0,314,2,316,0,73,451,2,526,312,0,312,838
03/18/2017,VNY,CA,AWP,WE,Towers with Radar,0,50,97,0,147,0,1,289,5,295,0,51,386,5,442,196,0,196,638
03/19/2017,VNY,CA,AWP,WE,Towers with Radar,0,74,119,0,193,0,4,299,4,307,0,78,418,4,500,321,0,321,821
03/20/2017,VNY,CA,AWP,WE,Towers with Radar,0,32,99,0,131,0,1,210,1,212,0,33,309,1,343,259,0,259,602
03/21/2017,VNY,CA,AWP,WE,Towers with Radar,0,40,101,0,141,0,0,66,1,67,0,40,167,1,208,55,0,55,263
03/22/2017,VNY,CA,AWP,WE,Towers with Radar,0,52,106,0,158,0,1,149,1,151,0,53,255,1,309,94,0,94,403
03/23/2017,VNY,CA,AWP,WE,Towers with Radar,0,45,98,0,143,0,0,284,2,286,0,45,382,2,429,140,0,140,569
03/24/2017,VNY,CA,AWP,WE,Towers with Radar,0,69,123,0,192,0,1,362,2,365,0,70,485,2,557,285,0,285,842
03/25/2017,VNY,CA,AWP,WE,Towers with Radar,0,40,85,0,125,0,4,251,1,256,0,44,336,1,381,238,0,238,619
03/26/2017,VNY,CA,AWP,WE,Towers with Radar,0,76,99,0,175,0,0,245,0,245,0,76,344,0,420,266,0,266,686
03/27/2017,VNY,CA,AWP,WE,Towers with Radar,0,50,70,0,120,0,0,158,2,160,0,50,228,2,280,45,0,45,325
03/28/2017,VNY,CA,AWP,WE,Towers with Radar,0,45,80,0,125,0,1,193,4,198,0,46,273,4,323,120,0,120,443
03/29/2017,VNY,CA,AWP,WE,Towers with Radar,0,56,99,0,155,0,1,337,2,340,0,57,436,2,495,315,0,315,810
03/30/2017,VNY,CA,AWP,WE,Towers with Radar,0,74,110,0,184,0,3,217,1,221,0,77,327,1,405,85,0,85,490
03/31/2017,VNY,CA,AWP,WE,Towers with Radar,0,61,100,0,161,0,7,231,2,240,0,68,331,2,401,109,0,109,510
04/01/2017,VNY,CA,AWP,WE,Towers with Radar,0,55,87,0,142,0,1,316,1,318,0,56,403,1,460,244,0,244,704
04/02/2017,VNY,CA,AWP,WE,Towers with Radar,0,71,128,0,199,0,1,309,1,311,0,72,437,1,510,234,0,234,744
04/03/2017,VNY,CA,AWP,WE,Towers with Radar,0,48,103,0,151,0,6,207,0,213,0,54,310,0,364,209,0,209,573
04/04/2017,VNY,CA,AWP,WE,Towers with Radar,0,48,88,0,136,0,1,293,0,294,0,49,381,0,430,182,0,182,612
04/05/2017,VNY,CA,AWP,WE,Towers with Radar,0,47,91,0,138,0,0,319,3,322,0,47,410,3,460,224,0,224,684
04/06/2017,VNY,CA,AWP,WE,Towers with Radar,1,41,94,0,136,0,5,342,2,349,1,46,436,2,485,271,0,271,756
04/07/2017,VNY,CA,AWP,WE,Towers with Radar,0,54,106,0,160,0,1,272,5,278,0,55,378,5,438,232,0,232,670
04/08/2017,VNY,CA,AWP,WE,Towers with Radar,0,43,88,0,131,0,3,133,1,137,0,46,221,1,268,52,0,52,320
04/09/2017,VNY,CA,AWP,WE,Towers with Radar,0,41,103,0,144,0,0,271,0,271,0,41,374,0,415,223,0,223,638
04/10/2017,VNY,CA,AWP,WE,Towers with Radar,0,50,77,0,127,0,2,268,0,270,0,52,345,0,397,250,0,250,647
04/11/2017,VNY,CA,AWP,WE,Towers with Radar,0,42,86,0,128,0,1,312,3,316,0,43,398,3,444,269,0,269,713
04/12/2017,VNY,CA,AWP,WE,Towers with Radar,0,42,108,0,150,0,1,291,2,294,0,43,399,2,444,197,0,197,641
04/13/2017,VNY,CA,AWP,WE,Towers with Radar,0,58,129,0,187,0,0,298,0,298,0,58,427,0,485,188,0,188,673
04/14/2017,VNY,CA,AWP,WE,Towers with Radar,0,49,111,0,160,0,3,325,2,330,0,52,436,2,490,189,0,189,679
04/15/2017,VNY,CA,AWP,WE,Towers with Radar,0,21,67,0,88,0,0,362,2,364,0,21,429,2,452,255,0,255,707
04/16/2017,VNY,CA,AWP,WE,Towers with Radar,0,39,101,0,140,0,1,243,2,246,0,40,344,2,386,321,0,321,707
04/17/2017,VNY,CA,AWP,WE,Towers with Radar,0,69,128,0,197,0,1,222,4,227,0,70,350,4,424,205,0,205,629
04/18/2017,VNY,CA,AWP,WE,Towers with Radar,0,42,84,0,126,0,9,185,2,196,0,51,269,2,322,218,0,218,540
04/19/2017,VNY,CA,AWP,WE,Towers with Radar,1,46,108,0,155,0,34,319,2,355,1,80,427,2,510,213,0,213,723
04/20/2017,VNY,CA,AWP,WE,Towers with Radar,1,53,104,0,158,0,5,182,3,190,1,58,286,3,348,101,0,101,449
04/21/2017,VNY,CA,AWP,WE,Towers with Radar,0,50,105,0,155,0,2,341,5,348,0,52,446,5,503,165,0,165,668
04/22/2017,VNY,CA,AWP,WE,Towers with Radar,0,34,80,0,114,0,0,292,2,294,0,34,372,2,408,235,0,235,643
04/23/2017,VNY,CA,AWP,WE,Towers with Radar,2,75,121,0,198,0,1,260,1,262,2,76,381,1,460,157,0,157,617
04/24/2017,VNY,CA,AWP,WE,Towers with Radar,0,40,79,0,119,0,0,274,0,274,0,40,353,0,393,145,0,145,538
04/25/2017,VNY,CA,AWP,WE,Towers with Radar,0,51,86,0,137,0,1,193,1,195,0,52,279,1,332,86,0,86,418
04/26/2017,VNY,CA,AWP,WE,Towers with Radar,0,46,98,0,144,0,1,234,1,236,0,47,332,1,380,86,0,86,466
04/27/2017,VNY,CA,AWP,WE,Towers with Radar,1,42,118,0,161,0,6,166,0,172,1,48,284,0,333,70,0,70,403
04/28/2017,VNY,CA,AWP,WE,Towers with Radar,1,53,104,0,158,0,3,152,0,155,1,56,256,0,313,17,0,17,330
04/29/2017,VNY,CA,AWP,WE,Towers with Radar,0,35,66,0,101,0,2,159,0,161,0,37,225,0,262,82,0,82,344
04/30/2017,VNY,CA,AWP,WE,Towers with Radar,1,69,127,0,197,0,3,312,0,315,1,72,439,0,512,266,0,266,778
05/01/2017,VNY,CA,AWP,WE,Towers with Radar,0,57,101,0,158,0,2,332,3,337,0,59,433,3,495,188,0,188,683
05/02/2017,VNY,CA,AWP,WE,Towers with Radar,0,48,98,0,146,0,1,332,1,334,0,49,430,1,480,373,0,373,853
05/03/2017,VNY,CA,AWP,WE,Towers with Radar,1,58,112,0,171,0,1,302,1,304,1,59,414,1,475,329,0,329,804
05/04/2017,VNY,CA,AWP,WE,Towers with Radar,0,59,110,0,169,0,1,333,4,338,0,60,443,4,507,243,0,243,750
05/05/2017,VNY,CA,AWP,WE,Towers with Radar,0,73,131,1,205,0,1,254,0,255,0,74,385,1,460,226,0,226,686
05/06/2017,VNY,CA,AWP,WE,Towers with Radar,0,49,91,0,140,0,0,108,3,111,0,49,199,3,251,192,0,192,443
05/07/2017,VNY,CA,AWP,WE,Towers with Radar,0,60,134,0,194,0,2,129,3,134,0,62,263,3,328,150,0,150,478
05/08/2017,VNY,CA,AWP,WE,Towers with Radar,0,44,85,4,133,0,3,277,7,287,0,47,362,11,420,144,0,144,564
05/09/2017,VNY,CA,AWP,WE,Towers with Radar,0,40,130,0,170,0,1,159,0,160,0,41,289,0,330,168,0,168,498
05/10/2017,VNY,CA,AWP,WE,Towers with Radar,0,42,114,0,156,0,0,176,1,177,0,42,290,1,333,223,0,223,556
05/11/2017,VNY,CA,AWP,WE,Towers with Radar,0,50,123,2,175,0,1,349,2,352,0,51,472,4,527,246,0,246,773
05/12/2017,VNY,CA,AWP,WE,Towers with Radar,0,52,121,0,173,0,1,266,1,268,0,53,387,1,441,248,0,248,689
05/13/2017,VNY,CA,AWP,WE,Towers with Radar,0,45,76,0,121,0,1,308,4,313,0,46,384,4,434,129,0,129,563
05/14/2017,VNY,CA,AWP,WE,Towers with Radar,0,53,119,0,172,0,0,199,0,199,0,53,318,0,371,228,0,228,599
05/15/2017,VNY,CA,AWP,WE,Towers with Radar,0,44,120,0,164,0,1,204,1,206,0,45,324,1,370,281,0,281,651
05/16/2017,VNY,CA,AWP,WE,Towers with Radar,0,38,95,0,133,0,1,282,0,283,0,39,377,0,416,168,0,168,584
05/17/2017,VNY,CA,AWP,WE,Towers with Radar,0,61,128,2,191,0,2,218,1,221,0,63,346,3,412,194,0,194,606
05/18/2017,VNY,CA,AWP,WE,Towers with Radar,0,54,116,1,171,0,5,328,4,337,0,59,444,5,508,278,0,278,786
05/19/2017,VNY,CA,AWP,WE,Towers with Radar,0,54,114,0,168,0,2,346,1,349,0,56,460,1,517,217,0,217,734
05/20/2017,VNY,CA,AWP,WE,Towers with Radar,0,47,74,0,121,0,4,353,4,361,0,51,427,4,482,276,0,276,758
05/21/2017,VNY,CA,AWP,WE,Towers with Radar,0,53,140,0,193,0,1,243,1,245,0,54,383,1,438,176,0,176,614
05/22/2017,VNY,CA,AWP,WE,Towers with Radar,0,45,95,1,141,0,7,271,0,278,0,52,366,1,419,265,0,265,684
05/23/2017,VNY,CA,AWP,WE,Towers with Radar,0,46,108,0,154,0,3,239,1,243,0,49,347,1,397,246,0,246,643
05/24/2017,VNY,CA,AWP,WE,Towers with Radar,1,56,107,0,164,0,2,246,0,248,1,58,353,0,412,124,0,124,536
05/25/2017,VNY,CA,AWP,WE,Towers with Radar,0,64,155,0,219,0,1,246,2,249,0,65,401,2,468,294,0,294,762
05/26/2017,VNY,CA,AWP,WE,Towers with Radar,0,79,175,0,254,0,0,266,0,266,0,79,441,0,520,164,0,164,684
05/27/2017,VNY,CA,AWP,WE,Towers with Radar,0,32,60,0,92,0,5,344,1,350,0,37,404,1,442,209,0,209,651
05/28/2017,VNY,CA,AWP,WE,Towers with Radar,0,37,47,0,84,0,3,264,1,268,0,40,311,1,352,162,0,162,514
05/29/2017,VNY,CA,AWP,WE,Towers with Radar,0,57,123,0,180,0,2,227,4,233,0,59,350,4,413,137,0,137,550
05/30/2017,VNY,CA,AWP,WE,Towers with Radar,1,42,110,0,153,0,5,171,1,177,1,47,281,1,330,148,0,148,478
05/31/2017,VNY,CA,AWP,WE,Towers with Radar,1,46,103,0,150,0,0,136,0,136,1,46,239,0,286,151,0,151,437
06/01/2017,VNY,CA,AWP,WE,Towers with Radar,1,71,117,0,189,0,3,277,2,282,1,74,394,2,471,279,0,279,750
06/02/2017,VNY,CA,AWP,WE,Towers with Radar,0,66,105,0,171,0,2,289,3,294,0,68,394,3,465,193,0,193,658
06/03/2017,VNY,CA,AWP,WE,Towers with Radar,0,38,76,0,114,0,2,257,2,261,0,40,333,2,375,223,0,223,598
06/04/2017,VNY,CA,AWP,WE,Towers with Radar,1,54,122,0,177,0,2,229,0,231,1,56,351,0,408,303,0,303,711
06/05/2017,VNY,CA,AWP,WE,Towers with Radar,0,49,102,0,151,0,3,178,1,182,0,52,280,1,333,193,0,193,526
06/06/2017,VNY,CA,AWP,WE,Towers with Radar,0,35,116,2,153,0,2,219,5,226,0,37,335,7,379,114,0,114,493
06/07/2017,VNY,CA,AWP,WE,Towers with Radar,0,67,113,0,180,0,4,245,2,251,0,71,358,2,431,176,0,176,607
06/08/2017,VNY,CA,AWP,WE,Towers with Radar,0,53,124,0,177,0,2,263,4,269,0,55,387,4,446,210,0,210,656
06/09/2017,VNY,CA,AWP,WE,Towers with Radar,0,54,96,0,150,0,3,313,5,321,0,57,409,5,471,149,0,149,620
06/10/2017,VNY,CA,AWP,WE,Towers with Radar,0,32,87,0,119,0,0,182,1,183,0,32,269,1,302,316,0,316,618
06/11/2017,VNY,CA,AWP,WE,Towers with Radar,0,58,142,3,203,0,1,175,2,178,0,59,317,5,381,214,0,214,595
06/12/2017,VNY,CA,AWP,WE,Towers with Radar,0,53,110,0,163,0,2,316,1,319,0,55,426,1,482,150,0,150,632
06/13/2017,VNY,CA,AWP,WE,Towers with Radar,0,39,115,0,154,0,2,318,5,325,0,41,433,5,479,225,0,225,704
06/14/2017,VNY,CA,AWP,WE,Towers with Radar,0,46,102,0,148,0,3,275,2,280,0,49,377,2,428,178,0,178,606
06/15/2017,VNY,CA,AWP,WE,Towers with Radar,0,58,105,0,163,0,5,333,1,339,0,63,438,1,502,258,0,258,760
06/16/2017,VNY,CA,AWP,WE,Towers with Radar,0,74,104,2,180,0,1,287,2,290,0,75,391,4,470,203,0,203,673
06/17/2017,VNY,CA,AWP,WE,Towers with Radar,0,42,72,1,115,0,1,345,0,346,0,43,417,1,461,162,0,162,623
06/18/2017,VNY,CA,AWP,WE,Towers with Radar,0,48,90,0,138,0,1,291,2,294,0,49,381,2,432,168,0,168,600
06/19/2017,VNY,CA,AWP,WE,Towers with Radar,0,65,96,0,161,0,1,219,0,220,0,66,315,0,381,197,0,197,578
06/20/2017,VNY,CA,AWP,WE,Towers with Radar,0,53,79,0,132,0,1,304,7,312,0,54,383,7,444,215,0,215,659
06/21/2017,VNY,CA,AWP,WE,Towers with Radar,0,47,96,0,143,0,1,258,0,259,0,48,354,0,402,171,0,171,573
06/22/2017,VNY,CA,AWP,WE,Towers with Radar,0,59,102,0,161,0,3,261,0,264,0,62,363,0,425,258,0,258,683
06/23/2017,VNY,CA,AWP,WE,Towers with Radar,0,64,103,0,167,0,3,296,0,299,0,67,399,0,466,275,0,275,741
06/24/2017,VNY,CA,AWP,WE,Towers with Radar,0,24,102,0,126,0,1,277,2,280,0,25,379,2,406,185,0,185,591
06/25/2017,VNY,CA,AWP,WE,Towers with Radar,0,55,112,0,167,0,3,304,1,308,0,58,416,1,475,189,0,189,664
06/26/2017,VNY,CA,AWP,WE,Towers with Radar,2,49,89,0,140,0,1,218,0,219,2,50,307,0,359,156,0,156,515
06/27/2017,VNY,CA,AWP,WE,Towers with Radar,0,48,92,0,140,0,1,244,1,246,0,49,336,1,386,221,0,221,607
06/28/2017,VNY,CA,AWP,WE,Towers with Radar,0,53,92,0,145,0,0,323,4,327,0,53,415,4,472,193,0,193,665
06/29/2017,VNY,CA,AWP,WE,Towers with Radar,0,41,121,0,162,0,2,282,3,287,0,43,403,3,449,278,0,278,727
06/30/2017,VNY,CA,AWP,WE,Towers with Radar,0,73,134,0,207,0,5,332,0,337,0,78,466,0,544,223,0,223,767
07/01/2017,VNY,CA,AWP,WE,Towers with Radar,0,42,99,0,141,0,0,233,0,233,0,42,332,0,374,242,0,242,616
07/02/2017,VNY,CA,AWP,WE,Towers with Radar,2,36,65,0,103,0,3,230,0,233,2,39,295,0,336,205,0,205,541
07/03/2017,VNY,CA,AWP,WE,Towers with Radar,0,40,73,0,113,0,2,224,0,226,0,42,297,0,339,104,0,104,443
07/04/2017,VNY,CA,AWP,WE,Towers with Radar,0,32,41,0,73,0,3,234,3,240,0,35,275,3,313,137,3,140,453
07/05/2017,VNY,CA,AWP,WE,Towers with Radar,1,58,128,0,187,0,0,190,1,191,1,58,318,1,378,216,0,216,594
07/06/2017,VNY,CA,AWP,WE,Towers with Radar,1,41,94,0,136,0,2,344,1,347,1,43,438,1,483,158,0,158,641
07/07/2017,VNY,CA,AWP,WE,Towers with Radar,0,39,111,0,150,0,3,289,0,292,0,42,400,0,442,184,0,184,626
07/08/2017,VNY,CA,AWP,WE,Towers with Radar,0,45,100,0,145,0,1,276,0,277,0,46,376,0,422,200,0,200,622
07/09/2017,VNY,CA,AWP,WE,Towers with Radar,0,65,100,0,165,0,2,229,1,232,0,67,329,1,397,180,0,180,577
07/10/2017,VNY,CA,AWP,WE,Towers with Radar,0,57,87,0,144,0,1,245,0,246,0,58,332,0,390,235,0,235,625
07/11/2017,VNY,CA,AWP,WE,Towers with Radar,0,51,89,0,140,0,1,294,1,296,0,52,383,1,436,266,0,266,702
07/12/2017,VNY,CA,AWP,WE,Towers with Radar,0,50,104,0,154,0,0,290,0,290,0,50,394,0,444,215,0,215,659
07/13/2017,VNY,CA,AWP,WE,Towers with Radar,1,50,112,0,163,0,5,352,0,357,1,55,464,0,520,306,0,306,826
07/14/2017,VNY,CA,AWP,WE,Towers with Radar,1,55,101,0,157,0,2,326,0,328,1,57,427,0,485,229,0,229,714
07/15/2017,VNY,CA,AWP,WE,Towers with Radar,0,39,70,0,109,0,1,301,2,304,0,40,371,2,413,223,0,223,636
07/16/2017,VNY,CA,AWP,WE,Towers with Radar,1,65,118,0,184,0,2,228,0,230,1,67,346,0,414,285,0,285,699
07/17/2017,VNY,CA,AWP,WE,Towers with Radar,0,41,85,0,126,0,3,250,0,253,0,44,335,0,379,262,0,262,641
07/18/2017,VNY,CA,AWP,WE,Towers with Radar,0,38,69,2,109,0,1,303,0,304,0,39,372,2,413,263,0,263,676
07/19/2017,VNY,CA,AWP,WE,Towers with Radar,0,43,106,0,149,0,0,336,2,338,0,43,442,2,487,244,0,244,731
07/20/2017,VNY,CA,AWP,WE,Towers with Radar,0,61,148,0,209,0,0,336,1,337,0,61,484,1,546,319,0,319,865
07/21/2017,VNY,CA,AWP,WE,Towers with Radar,0,67,137,2,206,0,2,367,2,371,0,69,504,4,577,347,0,347,924
07/22/2017,VNY,CA,AWP,WE,Towers with Radar,2,25,92,0,119,0,3,353,0,356,2,28,445,0,475,308,0,308,783
07/23/2017,VNY,CA,AWP,WE,Towers with Radar,0,78,132,0,210,0,1,304,0,305,0,79,436,0,515,335,0,335,850
07/24/2017,VNY,CA,AWP,WE,Towers with Radar,0,54,90,1,145,0,2,230,1,233,0,56,320,2,378,244,0,244,622
07/25/2017,VNY,CA,AWP,WE,Towers with Radar,2,39,70,0,111,0,1,286,1,288,2,40,356,1,399,295,0,295,694
07/26/2017,VNY,CA,AWP,WE,Towers with Radar,1,47,91,2,141,0,0,309,6,315,1,47,400,8,456,297,0,297,753
07/27/2017,VNY,CA,AWP,WE,Towers with Radar,2,53,101,0,156,0,6,292,0,298,2,59,393,0,454,251,0,251,705
07/28/2017,VNY,CA,AWP,WE,Towers with Radar,0,47,123,0,170,0,4,310,0,314,0,51,433,0,484,255,0,255,739
07/29/2017,VNY,CA,AWP,WE,Towers with Radar,0,63,81,0,144,0,1,300,0,301,0,64,381,0,445,298,0,298,743
07/30/2017,VNY,CA,AWP,WE,Towers with Radar,0,62,113,0,175,0,1,248,0,249,0,63,361,0,424,221,0,221,645
07/31/2017,VNY,CA,AWP,WE,Towers with Radar,0,48,103,0,151,0,3,259,0,262,0,51,362,0,413,198,0,198,611
08/01/2017,VNY,CA,AWP,WE,Towers with Radar,0,36,80,0,116,0,3,239,2,244,0,39,319,2,360,117,0,117,477
08/02/2017,VNY,CA,AWP,WE,Towers with Radar,0,53,88,0,141,0,0,257,0,257,0,53,345,0,398,206,0,206,604
08/03/2017,VNY,CA,AWP,WE,Towers with Radar,0,35,112,0,147,0,0,301,0,301,0,35,413,0,448,245,0,245,693
08/04/2017,VNY,CA,AWP,WE,Towers with Radar,0,41,96,0,137,0,1,331,0,332,0,42,427,0,469,204,0,204,673
08/05/2017,VNY,CA,AWP,WE,Towers with Radar,1,43,74,0,118,0,0,310,2,312,1,43,384,2,430,223,0,223,653
08/06/2017,VNY,CA,AWP,WE,Towers with Radar,1,47,128,0,176,0,2,210,0,212,1,49,338,0,388,220,0,220,608
08/07/2017,VNY,CA,AWP,WE,Towers with Radar,1,48,99,0,148,0,4,256,1,261,1,52,355,1,409,251,0,251,660
08/08/2017,VNY,CA,AWP,WE,Towers with Radar,2,51,86,0,139,0,0,279,0,279,2,51,365,0,418,259,0,259,677
08/09/2017,VNY,CA,AWP,WE,Towers with Radar,1,50,82,0,133,0,8,277,0,285,1,58,359,0,418,175,0,175,593
08/10/2017,VNY,CA,AWP,WE,Towers with Radar,0,55,105,0,160,0,1,310,2,313,0,56,415,2,473,340,0,340,813
08/11/2017,VNY,CA,AWP,WE,Towers with Radar,0,59,98,1,158,0,2,397,0,399,0,61,495,1,557,264,0,264,821
08/12/2017,VNY,CA,AWP,WE,Towers with Radar,0,44,102,0,146,0,0,285,2,287,0,44,387,2,433,181,0,181,614
08/13/2017,VNY,CA,AWP,WE,Towers with Radar,0,68,116,1,185,0,1,234,2,237,0,69,350,3,422,193,0,193,615
08/14/2017,VNY,CA,AWP,WE,Towers with Radar,0,62,91,2,155,0,2,210,0,212,0,64,301,2,367,290,0,290,657
08/15/2017,VNY,CA,AWP,WE,Towers with Radar,1,47,107,1,156,0,3,248,2,253,1,50,355,3,409,198,0,198,607
08/16/2017,VNY,CA,AWP,WE,Towers with Radar,1,53,103,0,157,0,4,252,0,256,1,57,355,0,413,197,0,197,610
08/17/2017,VNY,CA,AWP,WE,Towers with Radar,0,69,136,0,205,0,0,344,1,345,0,69,480,1,550,282,0,282,832
08/18/2017,VNY,CA,AWP,WE,Towers with Radar,0,78,133,1,212,0,3,361,1,365,0,81,494,2,577,228,0,228,805
08/19/2017,VNY,CA,AWP,WE,Towers with Radar,0,53,112,0,165,0,2,304,0,306,0,55,416,0,471,181,0,181,652
08/20/2017,VNY,CA,AWP,WE,Towers with Radar,1,70,150,0,221,0,0,223,1,224,1,70,373,1,445,165,0,165,610
08/21/2017,VNY,CA,AWP,WE,Towers with Radar,2,73,126,0,201,0,2,196,0,198,2,75,322,0,399,168,0,168,567
08/22/2017,VNY,CA,AWP,WE,Towers with Radar,0,56,124,0,180,0,2,280,1,283,0,58,404,1,463,150,0,150,613
08/23/2017,VNY,CA,AWP,WE,Towers with Radar,1,56,127,0,184,0,0,302,1,303,1,56,429,1,487,262,0,262,749
08/24/2017,VNY,CA,AWP,WE,Towers with Radar,0,69,132,1,202,0,1,255,2,258,0,70,387,3,460,232,0,232,692
08/25/2017,VNY,CA,AWP,WE,Towers with Radar,1,68,145,0,214,0,5,319,1,325,1,73,464,1,539,238,0,238,777
08/26/2017,VNY,CA,AWP,WE,Towers with Radar,1,41,109,0,151,0,6,299,4,309,1,47,408,4,460,218,0,218,678
08/27/2017,VNY,CA,AWP,WE,Towers with Radar,0,76,146,0,222,0,2,255,0,257,0,78,401,0,479,174,0,174,653
08/28/2017,VNY,CA,AWP,WE,Towers with Radar,0,51,98,0,149,0,3,187,1,191,0,54,285,1,340,148,0,148,488
08/29/2017,VNY,CA,AWP,WE,Towers with Radar,0,39,95,2,136,0,1,263,1,265,0,40,358,3,401,95,0,95,496
08/30/2017,VNY,CA,AWP,WE,Towers with Radar,0,47,96,0,143,0,5,279,2,286,0,52,375,2,429,149,0,149,578
08/31/2017,VNY,CA,AWP,WE,Towers with Radar,0,42,98,0,140,0,3,253,2,258,0,45,351,2,398,77,0,77,475
09/01/2017,VNY,CA,AWP,WE,Towers with Radar,0,74,120,0,194,0,5,227,6,238,0,79,347,6,432,79,0,79,511
09/02/2017,VNY,CA,AWP,WE,Towers with Radar,0,52,74,0,126,0,9,289,1,299,0,61,363,1,425,148,0,148,573
09/03/2017,VNY,CA,AWP,WE,Towers with Radar,0,42,80,0,122,0,3,212,2,217,0,45,292,2,339,121,0,121,460
09/04/2017,VNY,CA,AWP,WE,Towers with Radar,0,75,136,0,211,0,0,209,1,210,0,75,345,1,421,135,0,135,556
09/05/2017,VNY,CA,AWP,WE,Towers with Radar,0,53,95,2,150,0,5,227,4,236,0,58,322,6,386,206,0,206,592
09/06/2017,VNY,CA,AWP,WE,Towers with Radar,0,58,92,0,150,0,4,289,2,295,0,62,381,2,445,248,0,248,693
09/07/2017,VNY,CA,AWP,WE,Towers with Radar,0,50,117,0,167,0,4,282,0,286,0,54,399,0,453,248,0,248,701
09/08/2017,VNY,CA,AWP,WE,Towers with Radar,0,50,132,0,182,0,2,287,0,289,0,52,419,0,471,233,0,233,704
09/09/2017,VNY,CA,AWP,WE,Towers with Radar,0,31,62,0,93,0,0,256,0,256,0,31,318,0,349,154,0,154,503
09/10/2017,VNY,CA,AWP,WE,Towers with Radar,0,45,111,0,156,0,2,170,0,172,0,47,281,0,328,111,0,111,439
09/11/2017,VNY,CA,AWP,WE,Towers with Radar,0,41,102,0,143,0,0,238,1,239,0,41,340,1,382,194,0,194,576
09/12/2017,VNY,CA,AWP,WE,Towers with Radar,0,46,89,0,135,0,3,295,0,298,0,49,384,0,433,168,0,168,601
09/13/2017,VNY,CA,AWP,WE,Towers with Radar,0,59,108,2,169,0,0,221,2,223,0,59,329,4,392,206,0,206,598
09/14/2017,VNY,CA,AWP,WE,Towers with Radar,0,60,141,0,201,0,0,216,2,218,0,60,357,2,419,232,0,232,651
09/15/2017,VNY,CA,AWP,WE,Towers with Radar,0,67,135,0,202,0,5,271,1,277,0,72,406,1,479,282,0,282,761
09/16/2017,VNY,CA,AWP,WE,Towers with Radar,0,51,91,0,142,0,2,245,1,248,0,53,336,1,390,219,0,219,609
09/17/2017,VNY,CA,AWP,WE,Towers with Radar,2,87,140,0,229,0,2,186,0,188,2,89,326,0,417,238,0,238,655
09/18/2017,VNY,CA,AWP,WE,Towers with Radar,0,53,99,0,152,0,2,250,1,253,0,55,349,1,405,204,0,204,609
09/19/2017,VNY,CA,AWP,WE,Towers with Radar,0,63,117,0,180,0,0,219,2,221,0,63,336,2,401,229,0,229,630
09/20/2017,VNY,CA,AWP,WE,Towers with Radar,0,43,113,0,156,0,2,242,3,247,0,45,355,3,403,347,0,347,750
09/21/2017,VNY,CA,AWP,WE,Towers with Radar,0,55,117,0,172,0,1,191,0,192,0,56,308,0,364,194,0,194,558
09/22/2017,VNY,CA,AWP,WE,Towers with Radar,0,61,120,0,181,0,1,315,1,317,0,62,435,1,498,248,0,248,746
09/23/2017,VNY,CA,AWP,WE,Towers with Radar,0,41,90,0,131,0,2,294,0,296,0,43,384,0,427,189,0,189,616
09/24/2017,VNY,CA,AWP,WE,Towers with Radar,0,78,110,0,188,0,3,273,2,278,0,81,383,2,466,175,0,175,641
09/25/2017,VNY,CA,AWP,WE,Towers with Radar,0,57,101,0,158,0,4,227,0,231,0,61,328,0,389,127,0,127,516
09/26/2017,VNY,CA,AWP,WE,Towers with Radar,0,40,86,0,126,0,0,346,1,347,0,40,432,1,473,256,0,256,729
09/27/2017,VNY,CA,AWP,WE,Towers with Radar,0,44,81,1,126,0,4,305,1,310,0,48,386,2,436,251,0,251,687
09/28/2017,VNY,CA,AWP,WE,Towers with Radar,0,53,103,0,156,0,0,273,4,277,0,53,376,4,433,196,0,196,629
09/29/2017,VNY,CA,AWP,WE,Towers with Radar,0,54,101,0,155,0,0,305,2,307,0,54,406,2,462,195,0,195,657
09/30/2017,VNY,CA,AWP,WE,Towers with Radar,0,42,69,0,111,0,1,303,0,304,0,43,372,0,415,260,0,260,675
10/01/2017,VNY,CA,AWP,WE,Towers with Radar,2,63,103,0,168,0,4,232,1,237,2,67,335,1,405,323,0,323,728
10/02/2017,VNY,CA,AWP,WE,Towers with Radar,0,47,84,0,131,0,4,222,0,226,0,51,306,0,357,188,0,188,545
10/03/2017,VNY,CA,AWP,WE,Towers with Radar,0,44,115,0,159,0,3,172,0,175,0,47,287,0,334,220,1,221,555
10/04/2017,VNY,CA,AWP,WE,Towers with Radar,0,55,99,0,154,0,4,270,0,274,0,59,369,0,428,256,0,256,684
10/05/2017,VNY,CA,AWP,WE,Towers with Radar,0,48,122,0,170,0,2,331,4,337,0,50,453,4,507,245,0,245,752
10/06/2017,VNY,CA,AWP,WE,Towers with Radar,0,51,98,0,149,0,2,313,0,315,0,53,411,0,464,276,0,276,740
10/07/2017,VNY,CA,AWP,WE,Towers with Radar,1,42,70,0,113,0,3,300,2,305,1,45,370,2,418,268,0,268,686
10/08/2017,VNY,CA,AWP,WE,Towers with Radar,1,70,117,0,188,0,1,212,4,217,1,71,329,4,405,103,0,103,508
10/09/2017,VNY,CA,AWP,WE,Towers with Radar,0,59,91,0,150,0,3,186,1,190,0,62,277,1,340,65,0,65,405
10/10/2017,VNY,CA,AWP,WE,Towers with Radar,0,56,89,1,146,0,0,278,1,279,0,56,367,2,425,162,0,162,587
10/11/2017,VNY,CA,AWP,WE,Towers with Radar,0,51,99,0,150,0,4,297,0,301,0,55,396,0,451,200,0,200,651
10/12/2017,VNY,CA,AWP,WE,Towers with Radar,0,66,135,0,201,0,0,265,4,269,0,66,400,4,470,221,0,221,691
10/13/2017,VNY,CA,AWP,WE,Towers with Radar,0,56,100,0,156,0,2,323,4,329,0,58,423,4,485,274,0,274,759
10/14/2017,VNY,CA,AWP,WE,Towers with Radar,0,37,60,0,97,0,3,304,0,307,0,40,364,0,404,257,0,257,661
10/15/2017,VNY,CA,AWP,WE,Towers with Radar,0,71,111,1,183,0,2,278,1,281,0,73,389,2,464,156,0,156,620
10/16/2017,VNY,CA,AWP,WE,Towers with Radar,0,41,77,0,118,0,0,250,1,251,0,41,327,1,369,148,0,148,517
10/17/2017,VNY,CA,AWP,WE,Towers with Radar,0,47,87,0,134,0,7,285,2,294,0,54,372,2,428,205,0,205,633
10/18/2017,VNY,CA,AWP,WE,Towers with Radar,0,60,120,0,180,0,3,308,5,316,0,63,428,5,496,289,0,289,785
10/19/2017,VNY,CA,AWP,WE,Towers with Radar,0,64,116,0,180,0,3,268,0,271,0,67,384,0,451,173,0,173,624
10/20/2017,VNY,CA,AWP,WE,Towers with Radar,1,55,101,0,157,0,4,220,0,224,1,59,321,0,381,194,0,194,575
10/21/2017,VNY,CA,AWP,WE,Towers with Radar,0,48,54,0,102,0,1,269,0,270,0,49,323,0,372,191,0,191,563
10/22/2017,VNY,CA,AWP,WE,Towers with Radar,0,74,125,0,199,0,4,274,0,278,0,78,399,0,477,187,0,187,664
10/23/2017,VNY,CA,AWP,WE,Towers with Radar,0,53,80,1,134,0,2,226,3,231,0,55,306,4,365,112,0,112,477
10/24/2017,VNY,CA,AWP,WE,Towers with Radar,0,63,92,0,155,0,5,277,3,285,0,68,369,3,440,161,0,161,601
10/25/2017,VNY,CA,AWP,WE,Towers with Radar,1,64,95,2,162,0,2,309,1,312,1,66,404,3,474,183,0,183,657
10/26/2017,VNY,CA,AWP,WE,Towers with Radar,0,52,134,0,186,0,3,303,0,306,0,55,437,0,492,304,0,304,796
10/27/2017,VNY,CA,AWP,WE,Towers with Radar,0,70,110,0,180,0,5,330,1,336,0,75,440,1,516,234,0,234,750
10/28/2017,VNY,CA,AWP,WE,Towers with Radar,0,38,87,0,125,0,2,265,1,268,0,40,352,1,393,261,0,261,654
10/29/2017,VNY,CA,AWP,WE,Towers with Radar,0,57,92,0,149,0,0,134,0,134,0,57,226,0,283,154,0,154,437
10/30/2017,VNY,CA,AWP,WE,Towers with Radar,0,64,121,0,185,0,1,178,0,179,0,65,299,0,364,412,0,412,776
10/31/2017,VNY,CA,AWP,WE,Towers with Radar,0,48,106,2,156,0,0,138,1,139,0,48,244,3,295,170,0,170,465
11/01/2017,VNY,CA,AWP,WE,Towers with Radar,0,55,115,0,170,0,0,218,3,221,0,55,333,3,391,312,0,312,703
11/02/2017,VNY,CA,AWP,WE,Towers with Radar,0,73,109,0,182,0,3,207,1,211,0,76,316,1,393,262,0,262,655
11/03/2017,VNY,CA,AWP,WE,Towers with Radar,0,55,148,1,204,0,5,293,1,299,0,60,441,2,503,313,0,313,816
11/04/2017,VNY,CA,AWP,WE,Towers with Radar,0,57,76,0,133,0,0,316,2,318,0,57,392,2,451,302,0,302,753
11/05/2017,VNY,CA,AWP,WE,Towers with Radar,0,74,141,0,215,0,1,223,3,227,0,75,364,3,442,262,0,262,704
11/06/2017,VNY,CA,AWP,WE,Towers with Radar,0,55,86,0,141,0,2,273,2,277,0,57,359,2,418,211,0,211,629
11/07/2017,VNY,CA,AWP,WE,Towers with Radar,0,54,96,0,150,0,4,301,0,305,0,58,397,0,455,260,0,260,715
11/08/2017,VNY,CA,AWP,WE,Towers with Radar,0,63,84,0,147,0,2,323,1,326,0,65,407,1,473,208,0,208,681
11/09/2017,VNY,CA,AWP,WE,Towers with Radar,0,61,108,0,169,0,0,343,2,345,0,61,451,2,514,234,0,234,748
11/10/2017,VNY,CA,AWP,WE,Towers with Radar,0,53,108,0,161,0,0,281,4,285,0,53,389,4,446,266,0,266,712
11/11/2017,VNY,CA,AWP,WE,Towers with Radar,0,36,88,1,125,0,1,306,1,308,0,37,394,2,433,269,0,269,702
11/12/2017,VNY,CA,AWP,WE,Towers with Radar,0,74,127,1,202,0,2,278,1,281,0,76,405,2,483,308,0,308,791
11/13/2017,VNY,CA,AWP,WE,Towers with Radar,0,59,85,0,144,0,2,278,0,280,0,61,363,0,424,268,0,268,692
11/14/2017,VNY,CA,AWP,WE,Towers with Radar,0,45,96,0,141,0,3,335,0,338,0,48,431,0,479,288,0,288,767
11/15/2017,VNY,CA,AWP,WE,Towers with Radar,0,53,108,0,161,0,1,351,2,354,0,54,459,2,515,334,0,334,849
11/16/2017,VNY,CA,AWP,WE,Towers with Radar,0,64,125,1,190,0,0,317,2,319,0,64,442,3,509,253,0,253,762
11/17/2017,VNY,CA,AWP,WE,Towers with Radar,0,65,125,0,190,0,0,298,0,298,0,65,423,0,488,294,0,294,782
11/18/2017,VNY,CA,AWP,WE,Towers with Radar,0,62,83,2,147,0,2,338,0,340,0,64,421,2,487,289,0,289,776
11/19/2017,VNY,CA,AWP,WE,Towers with Radar,0,84,130,0,214,0,0,298,0,298,0,84,428,0,512,251,0,251,763
11/20/2017,VNY,CA,AWP,WE,Towers with Radar,0,37,77,0,114,0,1,274,0,275,0,38,351,0,389,203,0,203,592
11/21/2017,VNY,CA,AWP,WE,Towers with Radar,0,62,104,0,166,0,0,320,4,324,0,62,424,4,490,190,0,190,680
11/22/2017,VNY,CA,AWP,WE,Towers with Radar,0,77,110,0,187,0,0,293,1,294,0,77,403,1,481,136,0,136,617
11/23/2017,VNY,CA,AWP,WE,Towers with Radar,0,30,39,0,69,0,2,147,1,150,0,32,186,1,219,52,0,52,271
11/24/2017,VNY,CA,AWP,WE,Towers with Radar,0,52,91,0,143,0,1,242,0,243,0,53,333,0,386,260,0,260,646
11/25/2017,VNY,CA,AWP,WE,Towers with Radar,0,48,87,0,135,0,3,296,0,299,0,51,383,0,434,194,0,194,628
11/26/2017,VNY,CA,AWP,WE,Towers with Radar,0,104,180,0,284,0,4,298,0,302,0,108,478,0,586,196,0,196,782
11/27/2017,VNY,CA,AWP,WE,Towers with Radar,0,58,107,0,165,0,4,182,2,188,0,62,289,2,353,146,0,146,499
11/28/2017,VNY,CA,AWP,WE,Towers with Radar,0,53,78,0,131,0,5,268,1,274,0,58,346,1,405,162,0,162,567
11/29/2017,VNY,CA,AWP,WE,Towers with Radar,0,52,67,0,119,0,0,314,1,315,0,52,381,1,434,288,0,288,722
11/30/2017,VNY,CA,AWP,WE,Towers with Radar,0,67,112,3,182,0,1,311,1,313,0,68,423,4,495,220,0,220,715
12/01/2017,VNY,CA,AWP,WE,Towers with Radar,1,64,108,1,174,0,3,380,0,383,1,67,488,1,557,318,0,318,875
12/02/2017,VNY,CA,AWP,WE,Towers with Radar,1,44,68,1,114,0,2,288,0,290,1,46,356,1,404,226,0,226,630
12/03/2017,VNY,CA,AWP,WE,Towers with Radar,0,54,114,0,168,0,2,223,0,225,0,56,337,0,393,219,0,219,612
12/04/2017,VNY,CA,AWP,WE,Towers with Radar,0,49,87,0,136,0,1,137,0,138,0,50,224,0,274,57,0,57,331
12/05/2017,VNY,CA,AWP,WE,Towers with Radar,0,27,67,0,94,0,5,123,1,129,0,32,190,1,223,6,0,6,229
12/06/2017,VNY,CA,AWP,WE,Towers with Radar,0,38,79,0,117,0,7,226,0,233,0,45,305,0,350,21,0,21,371
12/07/2017,VNY,CA,AWP,WE,Towers with Radar,0,38,59,0,97,0,2,129,4,135,0,40,188,4,232,20,0,20,252
12/08/2017,VNY,CA,AWP,WE,Towers with Radar,0,49,90,0,139,0,0,269,1,270,0,49,359,1,409,189,0,189,598
12/09/2017,VNY,CA,AWP,WE,Towers with Radar,0,38,64,0,102,0,4,226,0,230,0,42,290,0,332,113,0,113,445
12/10/2017,VNY,CA,AWP,WE,Towers with Radar,0,44,87,0,131,0,0,176,3,179,0,44,263,3,310,114,0,114,424
12/11/2017,VNY,CA,AWP,WE,Towers with Radar,0,56,86,0,142,0,2,256,0,258,0,58,342,0,400,142,0,142,542
12/12/2017,VNY,CA,AWP,WE,Towers with Radar,0,57,74,0,131,0,3,324,0,327,0,60,398,0,458,243,0,243,701
12/13/2017,VNY,CA,AWP,WE,Towers with Radar,0,55,110,0,165,0,0,358,2,360,0,55,468,2,525,243,0,243,768
12/14/2017,VNY,CA,AWP,WE,Towers with Radar,0,55,101,0,156,0,1,247,1,249,0,56,348,1,405,99,0,99,504
12/15/2017,VNY,CA,AWP,WE,Towers with Radar,0,97,143,0,240,0,1,340,1,342,0,98,483,1,582,253,0,253,835
12/16/2017,VNY,CA,AWP,WE,Towers with Radar,0,69,103,0,172,0,3,282,0,285,0,72,385,0,457,228,0,228,685
12/17/2017,VNY,CA,AWP,WE,Towers with Radar,0,72,106,0,178,0,0,157,0,157,0,72,263,0,335,52,0,52,387
12/18/2017,VNY,CA,AWP,WE,Towers with Radar,0,85,83,2,170,0,2,345,0,347,0,87,428,2,517,249,0,249,766
12/19/2017,VNY,CA,AWP,WE,Towers with Radar,0,77,125,0,202,0,2,306,0,308,0,79,431,0,510,292,0,292,802
12/20/2017,VNY,CA,AWP,WE,Towers with Radar,0,79,136,0,215,0,3,205,0,208,0,82,341,0,423,196,0,196,619
12/21/2017,VNY,CA,AWP,WE,Towers with Radar,0,59,106,0,165,0,3,195,0,198,0,62,301,0,363,17,0,17,380
12/22/2017,VNY,CA,AWP,WE,Towers with Radar,0,93,119,0,212,0,2,314,1,317,0,95,433,1,529,274,0,274,803
12/23/2017,VNY,CA,AWP,WE,Towers with Radar,0,68,93,0,161,0,3,249,0,252,0,71,342,0,413,213,0,213,626
12/24/2017,VNY,CA,AWP,WE,Towers with Radar,0,43,63,0,106,0,1,186,0,187,0,44,249,0,293,69,0,69,362
12/25/2017,VNY,CA,AWP,WE,Towers with Radar,0,33,47,0,80,0,1,111,1,113,0,34,158,1,193,62,0,62,255
12/26/2017,VNY,CA,AWP,WE,Towers with Radar,0,101,169,0,270,0,8,243,0,251,0,109,412,0,521,179,0,179,700
12/27/2017,VNY,CA,AWP,WE,Towers with Radar,0,67,116,0,183,0,2,254,1,257,0,69,370,1,440,204,0,204,644
12/28/2017,VNY,CA,AWP,WE,Towers with Radar,0,57,101,1,159,0,4,334,5,343,0,61,435,6,502,281,0,281,783
12/29/2017,VNY,CA,AWP,WE,Towers with Radar,0,79,95,0,174,0,3,388,0,391,0,82,483,0,565,210,0,210,775
12/30/2017,VNY,CA,AWP,WE,Towers with Radar,0,55,91,1,147,0,1,338,1,340,0,56,429,2,487,193,0,193,680
12/31/2017,VNY,CA,AWP,WE,Towers with Radar,0,61,77,0,138,0,1,250,6,257,0,62,327,6,395,166,0,166,561
01/01/2018,VNY,CA,AWP,WE,Towers with Radar,0,117,149,0,266,0,5,197,0,202,0,122,346,0,468,128,0,128,596
01/02/2018,VNY,CA,AWP,WE,Towers with Radar,0,109,194,0,303,0,0,270,0,270,0,109,464,0,573,249,0,249,822
01/03/2018,VNY,CA,AWP,WE,Towers with Radar,0,73,121,0,194,0,1,222,0,223,0,74,343,0,417,265,0,265,682
01/04/2018,VNY,CA,AWP,WE,Towers with Radar,0,62,101,0,163,0,1,245,0,246,0,63,346,0,409,186,0,186,595
01/05/2018,VNY,CA,AWP,WE,Towers with Radar,0,78,126,2,206,0,5,274,0,279,0,83,400,2,485,198,0,198,683
01/06/2018,VNY,CA,AWP,WE,Towers with Radar,0,77,105,0,182,0,5,244,2,251,0,82,349,2,433,238,0,238,671
01/07/2018,VNY,CA,AWP,WE,Towers with Radar,0,69,108,2,179,0,0,146,0,146,0,69,254,2,325,76,0,76,401
01/08/2018,VNY,CA,AWP,WE,Towers with Radar,0,73,82,0,155,0,0,102,1,103,0,73,184,1,258,99,0,99,357
01/09/2018,VNY,CA,AWP,WE,Towers with Radar,0,56,124,0,180,0,1,78,3,82,0,57,202,3,262,28,0,28,290
01/10/2018,VNY,CA,AWP,WE,Towers with Radar,0,74,110,0,184,0,6,275,5,286,0,80,385,5,470,171,0,171,641
01/11/2018,VNY,CA,AWP,WE,Towers with Radar,0,91,145,0,236,0,5,319,3,327,0,96,464,3,563,266,0,266,829
01/12/2018,VNY,CA,AWP,WE,Towers with Radar,0,100,144,0,244,0,17,331,3,351,0,117,475,3,595,181,0,181,776
01/13/2018,VNY,CA,AWP,WE,Towers with Radar,0,46,81,0,127,0,3,253,0,256,0,49,334,0,383,171,0,171,554
01/14/2018,VNY,CA,AWP,WE,Towers with Radar,0,61,102,0,163,0,2,277,1,280,0,63,379,1,443,131,0,131,574
01/15/2018,VNY,CA,AWP,WE,Towers with Radar,0,81,146,0,227,0,7,267,1,275,0,88,413,1,502,186,0,186,688
01/16/2018,VNY,CA,AWP,WE,Towers with Radar,0,74,82,0,156,0,2,257,0,259,0,76,339,0,415,264,0,264,679
01/17/2018,VNY,CA,AWP,WE,Towers with Radar,0,58,89,0,147,0,4,257,1,262,0,62,346,1,409,207,0,207,616
01/18/2018,VNY,CA,AWP,WE,Towers with Radar,0,65,117,0,182,0,3,313,0,316,0,68,430,0,498,205,0,205,703
01/19/2018,VNY,CA,AWP,WE,Towers with Radar,2,70,171,0,243,0,1,167,0,168,2,71,338,0,411,131,0,131,542
01/20/2018,VNY,CA,AWP,WE,Towers with Radar,0,44,102,0,146,0,1,205,1,207,0,45,307,1,353,73,0,73,426
01/21/2018,VNY,CA,AWP,WE,Towers with Radar,0,80,117,0,197,0,5,278,2,285,0,85,395,2,482,256,0,256,738
01/22/2018,VNY,CA,AWP,WE,Towers with Radar,0,54,95,0,149,0,1,233,5,239,0,55,328,5,388,120,0,120,508
01/23/2018,VNY,CA,AWP,WE,Towers with Radar,0,41,97,2,140,0,1,282,4,287,0,42,379,6,427,175,0,175,602
01/24/2018,VNY,CA,AWP,WE,Towers with Radar,0,89,106,0,195,0,2,291,4,297,0,91,397,4,492,213,0,213,705
01/25/2018,VNY,CA,AWP,WE,Towers with Radar,0,54,106,0,160,0,1,256,3,260,0,55,362,3,420,278,0,278,698
01/26/2018,VNY,CA,AWP,WE,Towers with Radar,0,75,83,1,159,0,1,386,0,387,0,76,469,1,546,259,0,259,805
01/27/2018,VNY,CA,AWP,WE,Towers with Radar,0,44,57,1,102,0,1,168,0,169,0,45,225,1,271,34,0,34,305
01/28/2018,VNY,CA,AWP,WE,Towers with Radar,0,71,105,0,176,0,0,100,0,100,0,71,205,0,276,24,0,24,300
01/29/2018,VNY,CA,AWP,WE,Towers with Radar,0,58,100,0,158,0,2,214,0,216,0,60,314,0,374,119,0,119,493
01/30/2018,VNY,CA,AWP,WE,Towers with Radar,0,57,94,0,151,0,5,286,2,293,0,62,380,2,444,166,0,166,610
01/31/2018,VNY,CA,AWP,WE,Towers with Radar,0,60,113,3,176,0,3,276,3,282,0,63,389,6,458,182,0,182,640
02/01/2018,VNY,CA,AWP,WE,Towers with Radar,0,62,150,0,212,0,4,381,3,388,0,66,531,3,600,249,0,249,849
02/02/2018,VNY,CA,AWP,WE,Towers with Radar,0,79,133,0,212,0,3,369,0,372,0,82,502,0,584,260,0,260,844
02/03/2018,VNY,CA,AWP,WE,Towers with Radar,0,59,77,0,136,0,5,379,2,386,0,64,456,2,522,251,0,251,773
02/04/2018,VNY,CA,AWP,WE,Towers with Radar,0,41,117,0,158,0,2,356,2,360,0,43,473,2,518,299,0,299,817
02/05/2018,VNY,CA,AWP,WE,Towers with Radar,0,101,124,0,225,0,6,205,0,211,0,107,329,0,436,181,0,181,617
02/06/2018,VNY,CA,AWP,WE,Towers with Radar,0,55,85,0,140,0,2,188,1,191,0,57,273,1,331,194,0,194,525
02/07/2018,VNY,CA,AWP,WE,Towers with Radar,0,76,116,0,192,0,3,229,0,232,0,79,345,0,424,161,1,162,586
02/08/2018,VNY,CA,AWP,WE,Towers with Radar,0,73,86,1,160,0,5,312,2,319,0,78,398,3,479,187,0,187,666
02/09/2018,VNY,CA,AWP,WE,Towers with Radar,0,67,134,0,201,0,6,383,1,390,0,73,517,1,591,307,0,307,898
02/10/2018,VNY,CA,AWP,WE,Towers with Radar,0,58,94,1,153,0,0,195,2,197,0,58,289,3,350,325,0,325,675
02/11/2018,VNY,CA,AWP,WE,Towers with Radar,0,87,119,0,206,0,1,303,1,305,0,88,422,1,511,148,0,148,659
02/12/2018,VNY,CA,AWP,WE,Towers with Radar,0,59,116,0,175,0,2,177,1,180,0,61,293,1,355,184,0,184,539
02/13/2018,VNY,CA,AWP,WE,Towers with Radar,0,41,101,0,142,0,2,274,2,278,0,43,375,2,420,237,0,237,657
02/14/2018,VNY,CA,AWP,WE,Towers with Radar,0,78,98,0,176,0,2,321,3,326,0,80,419,3,502,218,0,218,720
02/15/2018,VNY,CA,AWP,WE,Towers with Radar,0,130,160,0,290,0,3,266,1,270,0,133,426,1,560,161,0,161,721
02/16/2018,VNY,CA,AWP,WE,Towers with Radar,2,112,184,0,298,0,3,356,3,362,2,115,540,3,660,309,0,309,969
02/17/2018,VNY,CA,AWP,WE,Towers with Radar,0,52,85,0,137,0,5,380,2,387,0,57,465,2,524,306,0,306,830
02/18/2018,VNY,CA,AWP,WE,Towers with Radar,0,67,102,0,169,0,2,316,0,318,0,69,418,0,487,216,0,216,703
02/19/2018,VNY,CA,AWP,WE,Towers with Radar,0,142,186,1,329,0,6,169,0,175,0,148,355,1,504,53,0,53,557
02/20/2018,VNY,CA,AWP,WE,Towers with Radar,0,100,126,1,227,0,2,253,1,256,0,102,379,2,483,225,0,225,708
02/21/2018,VNY,CA,AWP,WE,Towers with Radar,0,75,122,0,197,0,3,314,1,318,0,78,436,1,515,208,0,208,723
02/22/2018,VNY,CA,AWP,WE,Towers with Radar,1,75,111,0,187,0,6,288,4,298,1,81,399,4,485,177,0,177,662
02/23/2018,VNY,CA,AWP,WE,Towers with Radar,1,77,102,0,180,0,2,220,1,223,1,79,322,1,403,32,0,32,435
02/24/2018,VNY,CA,AWP,WE,Towers with Radar,0,57,105,0,162,0,4,326,3,333,0,61,431,3,495,255,0,255,750
02/25/2018,VNY,CA,AWP,WE,Towers with Radar,1,78,130,0,209,0,1,317,0,318,1,79,447,0,527,303,0,303,830
02/26/2018,VNY,CA,AWP,WE,Towers with Radar,1,73,106,0,180,0,1,264,2,267,1,74,370,2,447,207,0,207,654
02/27/2018,VNY,CA,AWP,WE,Towers with Radar,1,61,97,0,159,0,2,225,1,228,1,63,322,1,387,306,0,306,693
02/28/2018,VNY,CA,AWP,WE,Towers with Radar,1,60,117,0,178,0,2,357,3,362,1,62,474,3,540,351,0,351,891
03/01/2018,VNY,CA,AWP,WE,Towers with Radar,1,66,94,0,161,0,1,258,0,259,1,67,352,0,420,192,0,192,612
03/02/2018,VNY,CA,AWP,WE,Towers with Radar,1,79,96,0,176,0,0,31,1,32,1,79,127,1,208,4,0,4,212
03/03/2018,VNY,CA,AWP,WE,Towers with Radar,0,58,77,0,135,0,0,77,0,77,0,58,154,0,212,110,0,110,322
03/04/2018,VNY,CA,AWP,WE,Towers with Radar,2,81,130,0,213,0,1,227,2,230,2,82,357,2,443,211,0,211,654
03/05/2018,VNY,CA,AWP,WE,Towers with Radar,1,80,104,0,185,0,8,240,1,249,1,88,344,1,434,236,0,236,670
03/06/2018,VNY,CA,AWP,WE,Towers with Radar,0,64,100,0,164,0,0,296,5,301,0,64,396,5,465,295,0,295,760
03/07/2018,VNY,CA,AWP,WE,Towers with Radar,0,79,97,0,176,0,5,366,0,371,0,84,463,0,547,356,0,356,903
03/08/2018,VNY,CA,AWP,WE,Towers with Radar,0,79,105,0,184,0,9,367,3,379,0,88,472,3,563,267,0,267,830
03/09/2018,VNY,CA,AWP,WE,Towers with Radar,0,102,120,0,222,0,1,365,4,370,0,103,485,4,592,352,0,352,944
03/10/2018,VNY,CA,AWP,WE,Towers with Radar,0,52,87,0,139,0,0,2,0,2,0,52,89,0,141,0,0,0,141
03/11/2018,VNY,CA,AWP,WE,Towers with Radar,0,108,170,0,278,0,0,107,0,107,0,108,277,0,385,145,0,145,530
03/12/2018,VNY,CA,AWP,WE,Towers with Radar,0,79,116,0,195,0,3,235,0,238,0,82,351,0,433,228,0,228,661
03/13/2018,VNY,CA,AWP,WE,Towers with Radar,0,55,63,0,118,0,2,22,0,24,0,57,85,0,142,0,0,0,142
03/14/2018,VNY,CA,AWP,WE,Towers with Radar,0,59,116,0,175,0,2,222,0,224,0,61,338,0,399,331,0,331,730
03/15/2018,VNY,CA,AWP,WE,Towers with Radar,1,73,122,0,196,0,1,269,5,275,1,74,391,5,471,217,0,217,688
03/16/2018,VNY,CA,AWP,WE,Towers with Radar,0,86,122,0,208,0,1,169,2,172,0,87,291,2,380,240,0,240,620
03/17/2018,VNY,CA,AWP,WE,Towers with Radar,0,61,109,2,172,0,2,305,12,319,0,63,414,14,491,271,0,271,762
03/18/2018,VNY,CA,AWP,WE,Towers with Radar,0,93,133,0,226,0,7,332,1,340,0,100,465,1,566,311,0,311,877
03/19/2018,VNY,CA,AWP,WE,Towers with Radar,0,63,98,0,161,0,9,332,6,347,0,72,430,6,508,307,0,307,815
03/20/2018,VNY,CA,AWP,WE,Towers with Radar,0,67,132,0,199,0,3,227,1,231,0,70,359,1,430,260,0,260,690
03/21/2018,VNY,CA,AWP,WE,Towers with Radar,0,87,101,2,190,0,1,76,0,77,0,88,177,2,267,10,0,10,277
03/22/2018,VNY,CA,AWP,WE,Towers with Radar,0,96,147,0,243,0,0,53,1,54,0,96,200,1,297,1,0,1,298
03/23/2018,VNY,CA,AWP,WE,Towers with Radar,0,84,120,0,204,0,7,337,0,344,0,91,457,0,548,281,0,281,829
03/24/2018,VNY,CA,AWP,WE,Towers with Radar,0,93,116,0,209,0,1,356,0,357,0,94,472,0,566,521,0,521,1087
03/25/2018,VNY,CA,AWP,WE,Towers with Radar,0,72,135,1,208,0,1,296,3,300,0,73,431,4,508,250,0,250,758
03/26/2018,VNY,CA,AWP,WE,Towers with Radar,0,73,86,0,159,0,1,207,0,208,0,74,293,0,367,116,0,116,483
03/27/2018,VNY,CA,AWP,WE,Towers with Radar,0,55,78,0,133,0,2,259,1,262,0,57,337,1,395,114,0,114,509
03/28/2018,VNY,CA,AWP,WE,Towers with Radar,0,67,111,0,178,0,1,413,2,416,0,68,524,2,594,514,0,514,1108
03/29/2018,VNY,CA,AWP,WE,Towers with Radar,0,84,110,1,195,0,3,396,0,399,0,87,506,1,594,363,0,363,957
03/30/2018,VNY,CA,AWP,WE,Towers with Radar,0,90,93,0,183,0,3,389,2,394,0,93,482,2,577,296,0,296,873
03/31/2018,VNY,CA,AWP,WE,Towers with Radar,0,60,106,0,166,0,2,362,5,369,0,62,468,5,535,271,0,271,806
04/01/2018,VNY,CA,AWP,WE,Towers with Radar,0,77,108,0,185,0,6,212,3,221,0,83,320,3,406,220,0,220,626
04/02/2018,VNY,CA,AWP,WE,Towers with Radar,0,70,122,0,192,0,3,215,2,220,0,73,337,2,412,332,0,332,744
04/03/2018,VNY,CA,AWP,WE,Towers with Radar,0,47,114,0,161,0,3,379,3,385,0,50,493,3,546,295,0,295,841
04/04/2018,VNY,CA,AWP,WE,Towers with Radar,0,57,123,1,181,0,5,305,0,310,0,62,428,1,491,346,0,346,837
04/05/2018,VNY,CA,AWP,WE,Towers with Radar,0,59,123,0,182,0,0,219,2,221,0,59,342,2,403,262,0,262,665
04/06/2018,VNY,CA,AWP,WE,Towers with Radar,0,70,108,0,178,0,8,310,0,318,0,78,418,0,496,355,0,355,851
04/07/2018,VNY,CA,AWP,WE,Towers with Radar,0,82,103,1,186,0,0,183,0,183,0,82,286,1,369,320,0,320,689
04/08/2018,VNY,CA,AWP,WE,Towers with Radar,0,91,119,0,210,0,0,331,0,331,0,91,450,0,541,219,0,219,760
04/09/2018,VNY,CA,AWP,WE,Towers with Radar,0,63,93,0,156,0,2,279,0,281,0,65,372,0,437,230,0,230,667
04/10/2018,VNY,CA,AWP,WE,Towers with Radar,0,62,110,0,172,0,5,345,0,350,0,67,455,0,522,227,0,227,749
04/11/2018,VNY,CA,AWP,WE,Towers with Radar,0,66,124,0,190,0,1,301,1,303,0,67,425,1,493,282,0,282,775
04/12/2018,VNY,CA,AWP,WE,Towers with Radar,0,71,134,0,205,0,6,158,1,165,0,77,292,1,370,53,0,53,423
04/13/2018,VNY,CA,AWP,WE,Towers with Radar,1,76,141,0,218,0,0,300,1,301,1,76,441,1,519,155,0,155,674
04/14/2018,VNY,CA,AWP,WE,Towers with Radar,0,54,82,0,136,0,4,343,4,351,0,58,425,4,487,261,0,261,748
04/15/2018,VNY,CA,AWP,WE,Towers with Radar,1,68,110,1,180,0,1,335,0,336,1,69,445,1,516,309,0,309,825
04/16/2018,VNY,CA,AWP,WE,Towers with Radar,1,69,107,0,177,0,3,234,4,241,1,72,341,4,418,177,0,177,595
04/17/2018,VNY,CA,AWP,WE,Towers with Radar,0,53,103,0,156,0,5,321,2,328,0,58,424,2,484,259,0,259,743
04/18/2018,VNY,CA,AWP,WE,Towers with Radar,0,80,100,0,180,0,5,373,1,379,0,85,473,1,559,360,0,360,919
04/19/2018,VNY,CA,AWP,WE,Towers with Radar,0,69,118,1,188,0,2,214,0,216,0,71,332,1,404,306,0,306,710
04/20/2018,VNY,CA,AWP,WE,Towers with Radar,0,80,127,0,207,0,12,369,1,382,0,92,496,1,589,372,0,372,961
04/21/2018,VNY,CA,AWP,WE,Towers with Radar,0,62,90,0,152,0,1,323,1,325,0,63,413,1,477,326,0,326,803
04/22/2018,VNY,CA,AWP,WE,Towers with Radar,0,69,140,0,209,0,5,345,0,350,0,74,485,0,559,294,0,294,853
04/23/2018,VNY,CA,AWP,WE,Towers with Radar,0,88,110,0,198,0,2,266,2,270,0,90,376,2,468,275,0,275,743
04/24/2018,VNY,CA,AWP,WE,Towers with Radar,0,79,124,0,203,0,4,302,0,306,0,83,426,0,509,319,0,319,828
04/25/2018,VNY,CA,AWP,WE,Towers with Radar,0,77,124,0,201,0,3,282,5,290,0,80,406,5,491,218,0,218,709
04/26/2018,VNY,CA,AWP,WE,Towers with Radar,0,92,128,1,221,0,4,329,0,333,0,96,457,1,554,341,0,341,895
04/27/2018,VNY,CA,AWP,WE,Towers with Radar,0,86,123,3,212,0,5,303,4,312,0,91,426,7,524,281,0,281,805
04/28/2018,VNY,CA,AWP,WE,Towers with Radar,0,62,68,0,130,0,6,324,2,332,0,68,392,2,462,225,0,225,687
04/29/2018,VNY,CA,AWP,WE,Towers with Radar,0,92,134,0,226,0,2,265,1,268,0,94,399,1,494,331,0,331,825
04/30/2018,VNY,CA,AWP,WE,Towers with Radar,0,104,124,0,228,0,7,198,1,206,0,111,322,1,434,297,0,297,731
05/01/2018,VNY,CA,AWP,WE,Towers with Radar,0,65,128,0,193,0,1,127,2,130,0,66,255,2,323,176,0,176,499
05/02/2018,VNY,CA,AWP,WE,Towers with Radar,1,80,131,0,212,0,0,172,1,173,1,80,303,1,385,409,0,409,794
05/03/2018,VNY,CA,AWP,WE,Towers with Radar,0,91,122,0,213,0,3,323,3,329,0,94,445,3,542,172,0,172,714
05/04/2018,VNY,CA,AWP,WE,Towers with Radar,1,94,121,0,216,0,5,360,1,366,1,99,481,1,582,308,0,308,890
05/05/2018,VNY,CA,AWP,WE,Towers with Radar,0,52,88,0,140,0,2,310,2,314,0,54,398,2,454,213,0,213,667
05/06/2018,VNY,CA,AWP,WE,Towers with Radar,0,95,101,0,196,0,3,261,0,264,0,98,362,0,460,274,0,274,734
05/07/2018,VNY,CA,AWP,WE,Towers with Radar,0,59,111,0,170,0,21,262,2,285,0,80,373,2,455,294,0,294,749
05/08/2018,VNY,CA,AWP,WE,Towers with Radar,0,62,110,0,172,0,3,276,4,283,0,65,386,4,455,336,0,336,791
05/09/2018,VNY,CA,AWP,WE,Towers with Radar,0,76,113,0,189,0,1,316,5,322,0,77,429,5,511,260,0,260,771
05/10/2018,VNY,CA,AWP,WE,Towers with Radar,0,71,136,0,207,0,7,287,2,296,0,78,423,2,503,260,0,260,763
05/11/2018,VNY,CA,AWP,WE,Towers with Radar,0,77,148,1,226,0,1,128,1,130,0,78,276,2,356,140,0,140,496
05/12/2018,VNY,CA,AWP,WE,Towers with Radar,0,58,113,0,171,0,1,149,0,150,0,59,262,0,321,191,0,191,512
05/13/2018,VNY,CA,AWP,WE,Towers with Radar,0,78,97,0,175,0,0,219,0,219,0,78,316,0,394,197,0,197,591
05/14/2018,VNY,CA,AWP,WE,Towers with Radar,0,57,93,2,152,0,5,274,0,279,0,62,367,2,431,418,0,418,849
05/15/2018,VNY,CA,AWP,WE,Towers with Radar,0,69,102,0,171,0,3,313,1,317,0,72,415,1,488,257,0,257,745
05/16/2018,VNY,CA,AWP,WE,Towers with Radar,0,57,97,0,154,0,5,359,2,366,0,62,456,2,520,247,0,247,767
05/17/2018,VNY,CA,AWP,WE,Towers with Radar,0,92,128,0,220,15,6,433,5,459,15,98,561,5,679,314,0,314,993
05/18/2018,VNY,CA,AWP,WE,Towers with Radar,0,71,109,0,180,12,2,267,1,282,12,73,376,1,462,360,0,360,822
05/19/2018,VNY,CA,AWP,WE,Towers with Radar,0,44,96,0,140,0,10,232,1,243,0,54,328,1,383,352,0,352,735
05/20/2018,VNY,CA,AWP,WE,Towers with Radar,0,81,170,1,252,0,4,246,0,250,0,85,416,1,502,417,0,417,919
05/21/2018,VNY,CA,AWP,WE,Towers with Radar,0,85,119,0,204,0,0,175,0,175,0,85,294,0,379,346,0,346,725
05/22/2018,VNY,CA,AWP,WE,Towers with Radar,0,70,107,0,177,0,3,242,0,245,0,73,349,0,422,429,0,429,851
05/23/2018,VNY,CA,AWP,WE,Towers with Radar,0,75,119,0,194,0,2,218,1,221,0,77,337,1,415,403,0,403,818
05/24/2018,VNY,CA,AWP,WE,Towers with Radar,0,65,174,0,239,14,1,227,1,243,14,66,401,1,482,249,0,249,731
05/25/2018,VNY,CA,AWP,WE,Towers with Radar,1,106,135,1,243,0,9,398,1,408,1,115,533,2,651,319,0,319,970
05/26/2018,VNY,CA,AWP,WE,Towers with Radar,0,41,87,0,128,24,2,295,1,322,24,43,382,1,450,415,0,415,865
05/27/2018,VNY,CA,AWP,WE,Towers with Radar,0,34,78,1,113,0,1,285,1,287,0,35,363,2,400,235,0,235,635
05/28/2018,VNY,CA,AWP,WE,Towers with Radar,1,115,130,1,247,0,2,299,3,304,1,117,429,4,551,305,0,305,856
05/29/2018,VNY,CA,AWP,WE,Towers with Radar,1,75,125,0,201,0,2,220,3,225,1,77,345,3,426,211,0,211,637
05/30/2018,VNY,CA,AWP,WE,Towers with Radar,0,73,139,0,212,0,3,155,0,158,0,76,294,0,370,134,0,134,504
05/31/2018,VNY,CA,AWP,WE,Towers with Radar,0,65,141,2,208,6,3,303,0,312,6,68,444,2,520,351,0,351,871
06/01/2018,VNY,CA,AWP,WE,Towers with Radar,0,71,98,0,169,0,3,338,1,342,0,74,436,1,511,399,0,399,910
06/02/2018,VNY,CA,AWP,WE,Towers with Radar,0,44,78,1,123,0,2,303,1,306,0,46,381,2,429,293,0,293,722
06/03/2018,VNY,CA,AWP,WE,Towers with Radar,0,75,120,0,195,0,0,293,0,293,0,75,413,0,488,262,0,262,750
06/04/2018,VNY,CA,AWP,WE,Towers with Radar,0,59,76,1,136,0,4,252,2,258,0,63,328,3,394,335,0,335,729
06/05/2018,VNY,CA,AWP,WE,Towers with Radar,0,78,88,0,166,0,1,243,2,246,0,79,331,2,412,224,0,224,636
06/06/2018,VNY,CA,AWP,WE,Towers with Radar,0,69,110,0,179,38,5,222,0,265,38,74,332,0,444,466,0,466,910
06/07/2018,VNY,CA,AWP,WE,Towers with Radar,0,58,121,0,179,0,2,278,0,280,0,60,399,0,459,297,0,297,756
06/08/2018,VNY,CA,AWP,WE,Towers with Radar,0,60,111,0,171,12,5,433,3,453,12,65,544,3,624,361,0,361,985
06/09/2018,VNY,CA,AWP,WE,Towers with Radar,2,63,84,0,149,0,7,317,1,325,2,70,401,1,474,376,0,376,850
06/10/2018,VNY,CA,AWP,WE,Towers with Radar,2,78,122,0,202,0,1,264,0,265,2,79,386,0,467,346,0,346,813
06/11/2018,VNY,CA,AWP,WE,Towers with Radar,0,53,93,0,146,0,3,314,1,318,0,56,407,1,464,292,0,292,756
06/12/2018,VNY,CA,AWP,WE,Towers with Radar,0,61,97,0,158,0,4,322,2,328,0,65,419,2,486,416,0,416,902
06/13/2018,VNY,CA,AWP,WE,Towers with Radar,0,55,116,0,171,0,3,281,0,284,0,58,397,0,455,346,0,346,801
06/14/2018,VNY,CA,AWP,WE,Towers with Radar,0,65,92,0,157,0,4,318,4,326,0,69,410,4,483,296,0,296,779
06/15/2018,VNY,CA,AWP,WE,Towers with Radar,0,95,120,0,215,0,4,330,3,337,0,99,450,3,552,314,0,314,866
06/16/2018,VNY,CA,AWP,WE,Towers with Radar,0,66,87,0,153,0,4,159,0,163,0,70,246,0,316,198,0,198,514
06/17/2018,VNY,CA,AWP,WE,Towers with Radar,0,96,122,0,218,0,0,192,2,194,0,96,314,2,412,403,0,403,815
06/18/2018,VNY,CA,AWP,WE,Towers with Radar,1,74,103,0,178,0,1,242,0,243,1,75,345,0,421,321,0,321,742
06/19/2018,VNY,CA,AWP,WE,Towers with Radar,0,73,104,0,177,0,4,305,2,311,0,77,409,2,488,464,0,464,952
06/20/2018,VNY,CA,AWP,WE,Towers with Radar,0,70,104,0,174,0,6,290,2,298,0,76,394,2,472,345,0,345,817
06/21/2018,VNY,CA,AWP,WE,Towers with Radar,0,85,102,3,190,0,0,289,3,292,0,85,391,6,482,333,0,333,815
06/22/2018,VNY,CA,AWP,WE,Towers with Radar,0,78,97,0,175,0,6,334,5,345,0,84,431,5,520,288,0,288,808
06/23/2018,VNY,CA,AWP,WE,Towers with Radar,0,50,88,2,140,0,0,179,0,179,0,50,267,2,319,151,0,151,470
06/24/2018,VNY,CA,AWP,WE,Towers with Radar,1,81,124,0,206,0,1,212,2,215,1,82,336,2,421,268,0,268,689
06/25/2018,VNY,CA,AWP,WE,Towers with Radar,0,75,115,0,190,0,5,259,0,264,0,80,374,0,454,269,0,269,723
06/26/2018,VNY,CA,AWP,WE,Towers with Radar,0,58,107,0,165,0,5,280,0,285,0,63,387,0,450,311,0,311,761
06/27/2018,VNY,CA,AWP,WE,Towers with Radar,0,84,103,0,187,0,2,331,2,335,0,86,434,2,522,364,0,364,886
06/28/2018,VNY,CA,AWP,WE,Towers with Radar,0,77,142,0,219,0,1,255,0,256,0,78,397,0,475,255,0,255,730
06/29/2018,VNY,CA,AWP,WE,Towers with Radar,0,92,136,0,228,0,5,269,2,276,0,97,405,2,504,295,0,295,799
06/30/2018,VNY,CA,AWP,WE,Towers with Radar,0,65,100,1,166,0,3,291,1,295,0,68,391,2,461,288,0,288,749
07/01/2018,VNY,CA,AWP,WE,Towers with Radar,1,75,105,0,181,0,0,297,2,299,1,75,402,2,480,326,0,326,806
07/02/2018,VNY,CA,AWP,WE,Towers with Radar,0,48,98,0,146,0,3,298,5,306,0,51,396,5,452,194,0,194,646
07/03/2018,VNY,CA,AWP,WE,Towers with Radar,0,42,106,0,148,0,2,298,0,300,0,44,404,0,448,415,0,415,863
07/04/2018,VNY,CA,AWP,WE,Towers with Radar,1,34,38,0,73,0,1,171,1,173,1,35,209,1,246,136,0,136,382
07/05/2018,VNY,CA,AWP,WE,Towers with Radar,0,56,95,0,151,0,2,303,0,305,0,58,398,0,456,376,0,376,832
07/06/2018,VNY,CA,AWP,WE,Towers with Radar,0,52,84,0,136,0,2,215,1,218,0,54,299,1,354,136,0,136,490
07/07/2018,VNY,CA,AWP,WE,Towers with Radar,0,64,78,0,142,0,1,249,1,251,0,65,327,1,393,186,0,186,579
07/08/2018,VNY,CA,AWP,WE,Towers with Radar,0,106,102,0,208,0,3,314,1,318,0,109,416,1,526,232,0,232,758
07/09/2018,VNY,CA,AWP,WE,Towers with Radar,0,63,95,0,158,0,4,301,5,310,0,67,396,5,468,323,0,323,791
07/10/2018,VNY,CA,AWP,WE,Towers with Radar,0,59,109,0,168,0,4,308,1,313,0,63,417,1,481,286,0,286,767
07/11/2018,VNY,CA,AWP,WE,Towers with Radar,0,58,94,0,152,0,4,348,0,352,0,62,442,0,504,299,0,299,803
07/12/2018,VNY,CA,AWP,WE,Towers with Radar,0,73,93,0,166,0,3,333,2,338,0,76,426,2,504,293,0,293,797
07/13/2018,VNY,CA,AWP,WE,Towers with Radar,0,64,102,0,166,0,5,401,1,407,0,69,503,1,573,444,0,444,1017
07/14/2018,VNY,CA,AWP,WE,Towers with Radar,1,51,86,0,138,0,4,326,0,330,1,55,412,0,468,313,0,313,781
07/15/2018,VNY,CA,AWP,WE,Towers with Radar,1,82,111,0,194,0,1,311,1,313,1,83,422,1,507,333,0,333,840
07/16/2018,VNY,CA,AWP,WE,Towers with Radar,0,60,81,0,141,0,1,274,1,276,0,61,355,1,417,245,0,245,662
07/17/2018,VNY,CA,AWP,WE,Towers with Radar,0,57,118,0,175,0,1,216,2,219,0,58,334,2,394,122,0,122,516
07/18/2018,VNY,CA,AWP,WE,Towers with Radar,1,65,96,0,162,0,1,264,1,266,1,66,360,1,428,152,0,152,580
07/19/2018,VNY,CA,AWP,WE,Towers with Radar,0,82,130,2,214,0,4,339,2,345,0,86,469,4,559,344,0,344,903
07/20/2018,VNY,CA,AWP,WE,Towers with Radar,0,67,135,0,202,0,4,439,2,445,0,71,574,2,647,330,0,330,977
07/21/2018,VNY,CA,AWP,WE,Towers with Radar,0,63,85,2,150,0,3,317,1,321,0,66,402,3,471,218,0,218,689
07/22/2018,VNY,CA,AWP,WE,Towers with Radar,0,84,110,0,194,0,2,278,0,280,0,86,388,0,474,184,0,184,658
07/23/2018,VNY,CA,AWP,WE,Towers with Radar,2,77,93,0,172,0,3,242,0,245,2,80,335,0,417,201,0,201,618
07/24/2018,VNY,CA,AWP,WE,Towers with Radar,1,63,96,1,161,0,3,216,4,223,1,66,312,5,384,170,0,170,554
07/25/2018,VNY,CA,AWP,WE,Towers with Radar,0,77,102,0,179,0,2,215,2,219,0,79,317,2,398,237,0,237,635
07/26/2018,VNY,CA,AWP,WE,Towers with Radar,0,81,104,0,185,0,8,289,0,297,0,89,393,0,482,270,0,270,752
07/27/2018,VNY,CA,AWP,WE,Towers with Radar,0,89,103,0,192,0,2,296,0,298,0,91,399,0,490,209,0,209,699
07/28/2018,VNY,CA,AWP,WE,Towers with Radar,0,65,79,1,145,0,3,296,0,299,0,68,375,1,444,175,0,175,619
07/29/2018,VNY,CA,AWP,WE,Towers with Radar,0,90,138,0,228,0,1,346,0,347,0,91,484,0,575,302,0,302,877
07/30/2018,VNY,CA,AWP,WE,Towers with Radar,0,64,104,0,168,0,2,281,0,283,0,66,385,0,451,260,0,260,711
07/31/2018,VNY,CA,AWP,WE,Towers with Radar,0,47,92,0,139,0,6,312,2,320,0,53,404,2,459,278,0,278,737
08/01/2018,VNY,CA,AWP,WE,Towers with Radar,0,49,92,0,141,0,2,294,0,296,0,51,386,0,437,292,0,292,729
08/02/2018,VNY,CA,AWP,WE,Towers with Radar,0,69,101,3,173,0,9,311,2,322,0,78,412,5,495,264,0,264,759
08/03/2018,VNY,CA,AWP,WE,Towers with Radar,0,65,102,1,168,0,8,302,7,317,0,73,404,8,485,330,0,330,815
08/04/2018,VNY,CA,AWP,WE,Towers with Radar,0,49,79,0,128,0,6,294,1,301,0,55,373,1,429,164,0,164,593
08/05/2018,VNY,CA,AWP,WE,Towers with Radar,0,79,95,2,176,0,1,336,4,341,0,80,431,6,517,290,0,290,807
08/06/2018,VNY,CA,AWP,WE,Towers with Radar,0,60,86,2,148,0,7,301,5,313,0,67,387,7,461,245,0,245,706
08/07/2018,VNY,CA,AWP,WE,Towers with Radar,0,78,90,0,168,0,6,300,1,307,0,84,390,1,475,187,0,187,662
08/08/2018,VNY,CA,AWP,WE,Towers with Radar,0,71,92,1,164,0,7,343,2,352,0,78,435,3,516,169,0,169,685
08/09/2018,VNY,CA,AWP,WE,Towers with Radar,0,77,104,1,182,0,4,392,2,398,0,81,496,3,580,320,0,320,900
08/10/2018,VNY,CA,AWP,WE,Towers with Radar,0,81,100,0,181,0,7,348,1,356,0,88,448,1,537,286,0,286,823
08/11/2018,VNY,CA,AWP,WE,Towers with Radar,0,60,81,0,141,0,4,301,3,308,0,64,382,3,449,233,0,233,682
08/12/2018,VNY,CA,AWP,WE,Towers with Radar,0,102,123,0,225,0,3,261,1,265,0,105,384,1,490,239,0,239,729
08/13/2018,VNY,CA,AWP,WE,Towers with Radar,0,93,87,0,180,0,4,250,1,255,0,97,337,1,435,231,0,231,666
08/14/2018,VNY,CA,AWP,WE,Towers with Radar,0,73,102,0,175,0,5,312,1,318,0,78,414,1,493,262,0,262,755
08/15/2018,VNY,CA,AWP,WE,Towers with Radar,0,81,100,0,181,0,10,318,2,330,0,91,418,2,511,275,0,275,786
08/16/2018,VNY,CA,AWP,WE,Towers with Radar,0,87,118,1,206,0,3,315,2,320,0,90,433,3,526,244,0,244,770
08/17/2018,VNY,CA,AWP,WE,Towers with Radar,0,86,98,0,184,0,2,336,1,339,0,88,434,1,523,298,0,298,821
08/18/2018,VNY,CA,AWP,WE,Towers with Radar,0,55,108,0,163,0,4,309,0,313,0,59,417,0,476,220,0,220,696
08/19/2018,VNY,CA,AWP,WE,Towers with Radar,0,102,111,0,213,0,5,303,1,309,0,107,414,1,522,310,0,310,832
08/20/2018,VNY,CA,AWP,WE,Towers with Radar,0,90,104,0,194,0,4,254,1,259,0,94,358,1,453,339,0,339,792
08/21/2018,VNY,CA,AWP,WE,Towers with Radar,0,61,98,0,159,0,4,274,3,281,0,65,372,3,440,395,0,395,835
08/22/2018,VNY,CA,AWP,WE,Towers with Radar,0,88,98,0,186,0,7,270,7,284,0,95,368,7,470,341,0,341,811
08/23/2018,VNY,CA,AWP,WE,Towers with Radar,1,82,111,0,194,0,9,293,3,305,1,91,404,3,499,244,0,244,743
08/24/2018,VNY,CA,AWP,WE,Towers with Radar,1,90,142,1,234,0,4,284,3,291,1,94,426,4,525,326,0,326,851
08/25/2018,VNY,CA,AWP,WE,Towers with Radar,0,48,84,1,133,0,10,283,0,293,0,58,367,1,426,296,0,296,722
08/26/2018,VNY,CA,AWP,WE,Towers with Radar,0,97,126,0,223,0,4,283,1,288,0,101,409,1,511,332,0,332,843
08/27/2018,VNY,CA,AWP,WE,Towers with Radar,0,83,124,0,207,0,2,254,1,257,0,85,378,1,464,290,0,290,754
08/28/2018,VNY,CA,AWP,WE,Towers with Radar,0,48,111,0,159,0,2,248,2,252,0,50,359,2,411,293,0,293,704
08/29/2018,VNY,CA,AWP,WE,Towers with Radar,1,82,119,0,202,0,9,258,2,269,1,91,377,2,471,173,0,173,644
08/30/2018,VNY,CA,AWP,WE,Towers with Radar,0,78,131,0,209,0,2,341,2,345,0,80,472,2,554,244,0,244,798
08/31/2018,VNY,CA,AWP,WE,Towers with Radar,0,81,124,0,205,0,5,380,1,386,0,86,504,1,591,306,0,306,897
09/01/2018,VNY,CA,AWP,WE,Towers with Radar,0,54,80,0,134,0,1,300,1,302,0,55,380,1,436,200,0,200,636
09/02/2018,VNY,CA,AWP,WE,Towers with Radar,0,49,110,0,159,1,3,178,2,184,1,52,288,2,343,225,0,225,568
09/03/2018,VNY,CA,AWP,WE,Towers with Radar,0,104,189,0,293,0,4,236,5,245,0,108,425,5,538,174,0,174,712
09/04/2018,VNY,CA,AWP,WE,Towers with Radar,0,56,103,0,159,0,4,266,3,273,0,60,369,3,432,349,0,349,781
09/05/2018,VNY,CA,AWP,WE,Towers with Radar,0,54,111,0,165,0,6,228,2,236,0,60,339,2,401,310,0,310,711
09/06/2018,VNY,CA,AWP,WE,Towers with Radar,0,71,102,0,173,0,4,307,1,312,0,75,409,1,485,202,0,202,687
09/07/2018,VNY,CA,AWP,WE,Towers with Radar,1,73,119,0,193,0,4,355,2,361,1,77,474,2,554,302,0,302,856
09/08/2018,VNY,CA,AWP,WE,Towers with Radar,0,55,81,0,136,0,5,290,3,298,0,60,371,3,434,170,0,170,604
09/09/2018,VNY,CA,AWP,WE,Towers with Radar,0,73,129,0,202,0,3,318,6,327,0,76,447,6,529,208,0,208,737
09/10/2018,VNY,CA,AWP,WE,Towers with Radar,0,59,99,0,158,0,2,242,4,248,0,61,341,4,406,309,0,309,715
09/11/2018,VNY,CA,AWP,WE,Towers with Radar,0,61,92,0,153,0,7,267,2,276,0,68,359,2,429,328,0,328,757
09/12/2018,VNY,CA,AWP,WE,Towers with Radar,0,61,124,2,187,0,6,219,3,228,0,67,343,5,415,301,0,301,716
09/13/2018,VNY,CA,AWP,WE,Towers with Radar,0,75,111,1,187,0,7,357,4,368,0,82,468,5,555,251,0,251,806
09/14/2018,VNY,CA,AWP,WE,Towers with Radar,0,95,118,1,214,0,3,345,2,350,0,98,463,3,564,221,0,221,785
09/15/2018,VNY,CA,AWP,WE,Towers with Radar,1,71,79,1,152,0,0,302,0,302,1,71,381,1,454,168,0,168,622
09/16/2018,VNY,CA,AWP,WE,Towers with Radar,3,102,147,1,253,0,1,441,1,443,3,103,588,2,696,300,0,300,996
09/17/2018,VNY,CA,AWP,WE,Towers with Radar,1,62,74,0,137,0,8,291,5,304,1,70,365,5,441,196,0,196,637
09/18/2018,VNY,CA,AWP,WE,Towers with Radar,0,65,105,0,170,0,5,327,1,333,0,70,432,1,503,252,0,252,755
09/19/2018,VNY,CA,AWP,WE,Towers with Radar,0,41,72,0,113,0,7,328,2,337,0,48,400,2,450,321,0,321,771
09/20/2018,VNY,CA,AWP,WE,Towers with Radar,0,67,102,1,170,0,4,359,1,364,0,71,461,2,534,337,0,337,871
09/21/2018,VNY,CA,AWP,WE,Towers with Radar,0,93,117,1,211,0,7,290,1,298,0,100,407,2,509,265,0,265,774
09/22/2018,VNY,CA,AWP,WE,Towers with Radar,0,64,91,0,155,0,7,328,2,337,0,71,419,2,492,286,0,286,778
09/23/2018,VNY,CA,AWP,WE,Towers with Radar,0,89,115,1,205,0,2,307,1,310,0,91,422,2,515,202,0,202,717
09/24/2018,VNY,CA,AWP,WE,Towers with Radar,0,70,83,0,153,0,4,207,5,216,0,74,290,5,369,356,0,356,725
09/25/2018,VNY,CA,AWP,WE,Towers with Radar,0,43,125,1,169,0,2,211,0,213,0,45,336,1,382,222,0,222,604
09/26/2018,VNY,CA,AWP,WE,Towers with Radar,0,61,110,0,171,0,5,349,4,358,0,66,459,4,529,348,0,348,877
09/27/2018,VNY,CA,AWP,WE,Towers with Radar,0,76,103,0,179,0,6,257,1,264,0,82,360,1,443,365,0,365,808
09/28/2018,VNY,CA,AWP,WE,Towers with Radar,0,87,127,0,214,0,4,245,0,249,0,91,372,0,463,213,0,213,676
09/29/2018,VNY,CA,AWP,WE,Towers with Radar,0,51,94,0,145,0,3,286,3,292,0,54,380,3,437,194,0,194,631
09/30/2018,VNY,CA,AWP,WE,Towers with Radar,0,100,107,0,207,0,5,322,1,328,0,105,429,1,535,247,0,247,782
10/01/2018,VNY,CA,AWP,WE,Towers with Radar,2,63,65,0,130,0,5,277,2,284,2,68,342,2,414,259,0,259,673
10/02/2018,VNY,CA,AWP,WE,Towers with Radar,0,47,84,0,131,0,2,262,4,268,0,49,346,4,399,377,0,377,776
10/03/2018,VNY,CA,AWP,WE,Towers with Radar,0,73,117,0,190,0,3,163,2,168,0,76,280,2,358,165,0,165,523
10/04/2018,VNY,CA,AWP,WE,Towers with Radar,0,79,98,0,177,0,2,231,1,234,0,81,329,1,411,277,0,277,688
10/05/2018,VNY,CA,AWP,WE,Towers with Radar,0,95,136,0,231,0,22,351,0,373,0,117,487,0,604,370,0,370,974
10/06/2018,VNY,CA,AWP,WE,Towers with Radar,0,68,106,1,175,0,2,230,0,232,0,70,336,1,407,236,0,236,643
10/07/2018,VNY,CA,AWP,WE,Towers with Radar,0,117,139,0,256,0,5,333,2,340,0,122,472,2,596,279,0,279,875
10/08/2018,VNY,CA,AWP,WE,Towers with Radar,1,72,106,0,179,0,4,205,2,211,1,76,311,2,390,193,0,193,583
10/09/2018,VNY,CA,AWP,WE,Towers with Radar,0,67,84,0,151,0,2,244,3,249,0,69,328,3,400,313,0,313,713
10/10/2018,VNY,CA,AWP,WE,Towers with Radar,0,82,119,0,201,0,3,247,1,251,0,85,366,1,452,252,0,252,704
10/11/2018,VNY,CA,AWP,WE,Towers with Radar,0,89,125,0,214,0,4,345,1,350,0,93,470,1,564,363,0,363,927
10/12/2018,VNY,CA,AWP,WE,Towers with Radar,0,83,108,1,192,0,2,297,0,299,0,85,405,1,491,254,0,254,745
10/13/2018,VNY,CA,AWP,WE,Towers with Radar,0,69,95,0,164,0,4,155,0,159,0,73,250,0,323,255,0,255,578
10/14/2018,VNY,CA,AWP,WE,Towers with Radar,0,79,124,0,203,0,3,325,0,328,0,82,449,0,531,272,0,272,803
10/15/2018,VNY,CA,AWP,WE,Towers with Radar,0,62,69,0,131,0,3,135,0,138,0,65,204,0,269,46,0,46,315
10/16/2018,VNY,CA,AWP,WE,Towers with Radar,0,54,96,2,152,0,4,208,5,217,0,58,304,7,369,189,0,189,558
10/17/2018,VNY,CA,AWP,WE,Towers with Radar,0,67,118,1,186,0,5,303,2,310,0,72,421,3,496,350,0,350,846
10/18/2018,VNY,CA,AWP,WE,Towers with Radar,0,79,93,2,174,0,2,303,0,305,0,81,396,2,479,215,0,215,694
10/19/2018,VNY,CA,AWP,WE,Towers with Radar,0,97,122,0,219,0,3,244,3,250,0,100,366,3,469,93,0,93,562
10/20/2018,VNY,CA,AWP,WE,Towers with Radar,0,57,85,0,142,0,2,200,0,202,0,59,285,0,344,135,0,135,479
10/21/2018,VNY,CA,AWP,WE,Towers with Radar,0,105,126,0,231,0,5,336,3,344,0,110,462,3,575,358,0,358,933
10/22/2018,VNY,CA,AWP,WE,Towers with Radar,0,76,108,0,184,0,4,232,0,236,0,80,340,0,420,316,0,316,736
10/23/2018,VNY,CA,AWP,WE,Towers with Radar,0,69,101,0,170,0,2,333,1,336,0,71,434,1,506,228,0,228,734
10/24/2018,VNY,CA,AWP,WE,Towers with Radar,0,72,116,0,188,0,8,274,0,282,0,80,390,0,470,258,0,258,728
10/25/2018,VNY,CA,AWP,WE,Towers with Radar,0,85,96,0,181,0,4,308,5,317,0,89,404,5,498,268,0,268,766
10/26/2018,VNY,CA,AWP,WE,Towers with Radar,0,77,127,0,204,0,5,318,0,323,0,82,445,0,527,260,0,260,787
10/27/2018,VNY,CA,AWP,WE,Towers with Radar,2,52,96,0,150,0,7,273,6,286,2,59,369,6,436,238,0,238,674
10/28/2018,VNY,CA,AWP,WE,Towers with Radar,2,88,129,0,219,0,8,287,5,300,2,96,416,5,519,173,0,173,692
10/29/2018,VNY,CA,AWP,WE,Towers with Radar,0,43,103,0,146,0,3,260,4,267,0,46,363,4,413,186,0,186,599
10/30/2018,VNY,CA,AWP,WE,Towers with Radar,2,51,91,0,144,0,3,230,0,233,2,54,321,0,377,202,0,202,579
10/31/2018,VNY,CA,AWP,WE,Towers with Radar,0,59,75,1,135,0,0,227,1,228,0,59,302,2,363,137,4,141,504
11/01/2018,VNY,CA,AWP,WE,Towers with Radar,0,60,98,0,158,0,4,332,2,338,0,64,430,2,496,203,0,203,699
11/02/2018,VNY,CA,AWP,WE,Towers with Radar,2,68,104,0,174,0,6,307,4,317,2,74,411,4,491,234,0,234,725
11/03/2018,VNY,CA,AWP,WE,Towers with Radar,0,69,80,0,149,0,7,271,2,280,0,76,351,2,429,206,0,206,635
11/04/2018,VNY,CA,AWP,WE,Towers with Radar,0,85,120,0,205,0,5,222,1,228,0,90,342,1,433,129,0,129,562
11/05/2018,VNY,CA,AWP,WE,Towers with Radar,0,53,86,0,139,0,2,239,3,244,0,55,325,3,383,236,0,236,619
11/06/2018,VNY,CA,AWP,WE,Towers with Radar,0,58,92,1,151,0,7,268,0,275,0,65,360,1,426,193,0,193,619
11/07/2018,VNY,CA,AWP,WE,Towers with Radar,0,75,114,0,189,0,0,224,0,224,0,75,338,0,413,272,0,272,685
11/08/2018,VNY,CA,AWP,WE,Towers with Radar,0,76,114,2,192,0,5,217,1,223,0,81,331,3,415,95,0,95,510
11/09/2018,VNY,CA,AWP,WE,Towers with Radar,2,87,111,0,200,0,11,238,2,251,2,98,349,2,451,17,0,17,468
11/10/2018,VNY,CA,AWP,WE,Towers with Radar,1,50,81,0,132,0,4,275,4,283,1,54,356,4,415,127,0,127,542
11/11/2018,VNY,CA,AWP,WE,Towers with Radar,0,77,72,0,149,0,2,185,1,188,0,79,257,1,337,58,0,58,395
11/12/2018,VNY,CA,AWP,WE,Towers with Radar,0,51,70,0,121,0,9,154,2,165,0,60,224,2,286,64,0,64,350
11/13/2018,VNY,CA,AWP,WE,Towers with Radar,0,59,80,0,139,0,3,194,2,199,0,62,274,2,338,92,0,92,430
11/14/2018,VNY,CA,AWP,WE,Towers with Radar,1,76,115,0,192,0,3,231,1,235,1,79,346,1,427,224,0,224,651
11/15/2018,VNY,CA,AWP,WE,Towers with Radar,0,73,102,0,175,0,3,287,2,292,0,76,389,2,467,283,0,283,750
11/16/2018,VNY,CA,AWP,WE,Towers with Radar,0,90,134,0,224,0,5,341,4,350,0,95,475,4,574,282,0,282,856
11/17/2018,VNY,CA,AWP,WE,Towers with Radar,1,88,90,1,180,0,5,209,0,214,1,93,299,1,394,177,0,177,571
11/18/2018,VNY,CA,AWP,WE,Towers with Radar,0,63,108,0,171,0,7,239,1,247,0,70,347,1,418,256,0,256,674
11/19/2018,VNY,CA,AWP,WE,Towers with Radar,0,74,92,2,168,0,5,273,1,279,0,79,365,3,447,321,0,321,768
11/20/2018,VNY,CA,AWP,WE,Towers with Radar,1,79,138,1,219,0,8,327,3,338,1,87,465,4,557,423,0,423,980
11/21/2018,VNY,CA,AWP,WE,Towers with Radar,0,95,127,0,222,0,6,244,0,250,0,101,371,0,472,293,0,293,765
11/22/2018,VNY,CA,AWP,WE,Towers with Radar,0,47,35,0,82,0,0,81,1,82,0,47,116,1,164,64,0,64,228
11/23/2018,VNY,CA,AWP,WE,Towers with Radar,0,72,73,1,146,0,5,211,0,216,0,77,284,1,362,245,0,245,607
11/24/2018,VNY,CA,AWP,WE,Towers with Radar,0,70,100,0,170,0,3,233,2,238,0,73,333,2,408,215,0,215,623
11/25/2018,VNY,CA,AWP,WE,Towers with Radar,1,98,181,1,281,0,7,256,1,264,1,105,437,2,545,282,0,282,827
11/26/2018,VNY,CA,AWP,WE,Towers with Radar,1,51,82,0,134,0,2,179,4,185,1,53,261,4,319,223,0,223,542
11/27/2018,VNY,CA,AWP,WE,Towers with Radar,0,44,81,0,125,0,4,255,3,262,0,48,336,3,387,314,0,314,701
11/28/2018,VNY,CA,AWP,WE,Towers with Radar,0,47,92,1,140,0,0,199,0,199,0,47,291,1,339,254,0,254,593
11/29/2018,VNY,CA,AWP,WE,Towers with Radar,1,66,77,0,144,0,1,92,1,94,1,67,169,1,238,17,0,17,255
11/30/2018,VNY,CA,AWP,WE,Towers with Radar,1,74,147,2,224,0,5,367,2,374,1,79,514,4,598,336,0,336,934
12/01/2018,VNY,CA,AWP,WE,Towers with Radar,1,57,60,1,119,0,1,224,3,228,1,58,284,4,347,141,0,141,488
12/02/2018,VNY,CA,AWP,WE,Towers with Radar,0,58,93,0,151,0,3,264,5,272,0,61,357,5,423,162,0,162,585
12/03/2018,VNY,CA,AWP,WE,Towers with Radar,0,59,84,0,143,0,3,273,2,278,0,62,357,2,421,416,0,416,837
12/04/2018,VNY,CA,AWP,WE,Towers with Radar,0,49,94,1,144,0,6,315,3,324,0,55,409,4,468,383,0,383,851
12/05/2018,VNY,CA,AWP,WE,Towers with Radar,0,46,108,0,154,0,0,104,1,105,0,46,212,1,259,76,0,76,335
12/06/2018,VNY,CA,AWP,WE,Towers with Radar,0,74,95,0,169,0,2,75,0,77,0,76,170,0,246,33,0,33,279
12/07/2018,VNY,CA,AWP,WE,Towers with Radar,0,72,98,0,170,0,6,298,1,305,0,78,396,1,475,186,0,186,661
12/08/2018,VNY,CA,AWP,WE,Towers with Radar,0,54,63,0,117,0,11,272,3,286,0,65,335,3,403,323,0,323,726
12/09/2018,VNY,CA,AWP,WE,Towers with Radar,0,62,96,1,159,0,3,267,2,272,0,65,363,3,431,209,0,209,640
12/10/2018,VNY,CA,AWP,WE,Towers with Radar,1,57,101,0,159,0,2,256,2,260,1,59,357,2,419,288,0,288,707
12/11/2018,VNY,CA,AWP,WE,Towers with Radar,0,57,76,0,133,0,4,265,1,270,0,61,341,1,403,279,0,279,682
12/12/2018,VNY,CA,AWP,WE,Towers with Radar,0,58,101,0,159,0,2,251,2,255,0,60,352,2,414,261,0,261,675
12/13/2018,VNY,CA,AWP,WE,Towers with Radar,0,81,100,0,181,0,4,325,2,331,0,85,425,2,512,284,0,284,796
12/14/2018,VNY,CA,AWP,WE,Towers with Radar,0,74,95,2,171,0,1,256,3,260,0,75,351,5,431,291,0,291,722
12/15/2018,VNY,CA,AWP,WE,Towers with Radar,1,63,71,0,135,0,2,304,1,307,1,65,375,1,442,350,0,350,792
12/16/2018,VNY,CA,AWP,WE,Towers with Radar,0,66,80,0,146,0,4,272,1,277,0,70,352,1,423,293,0,293,716
12/17/2018,VNY,CA,AWP,WE,Towers with Radar,0,77,104,0,181,0,2,193,0,195,0,79,297,0,376,376,0,376,752
12/18/2018,VNY,CA,AWP,WE,Towers with Radar,0,62,103,0,165,0,7,261,0,268,0,69,364,0,433,234,0,234,667
12/19/2018,VNY,CA,AWP,WE,Towers with Radar,0,58,85,0,143,0,4,284,4,292,0,62,369,4,435,226,0,226,661
12/20/2018,VNY,CA,AWP,WE,Towers with Radar,1,90,84,2,177,0,1,306,1,308,1,91,390,3,485,306,0,306,791
12/21/2018,VNY,CA,AWP,WE,Towers with Radar,0,113,146,0,259,0,7,343,1,351,0,120,489,1,610,278,0,278,888
12/22/2018,VNY,CA,AWP,WE,Towers with Radar,1,88,132,1,222,0,2,253,1,256,1,90,385,2,478,383,0,383,861
12/23/2018,VNY,CA,AWP,WE,Towers with Radar,1,87,93,0,181,0,1,200,0,201,1,88,293,0,382,273,0,273,655
12/24/2018,VNY,CA,AWP,WE,Towers with Radar,0,36,51,0,87,0,0,169,2,171,0,36,220,2,258,160,0,160,418
12/25/2018,VNY,CA,AWP,WE,Towers with Radar,0,55,43,0,98,0,0,82,1,83,0,55,125,1,181,0,0,0,181
12/26/2018,VNY,CA,AWP,WE,Towers with Radar,0,88,112,0,200,0,3,259,0,262,0,91,371,0,462,130,0,130,592
12/27/2018,VNY,CA,AWP,WE,Towers with Radar,0,93,106,0,199,0,2,170,3,175,0,95,276,3,374,87,0,87,461
12/28/2018,VNY,CA,AWP,WE,Towers with Radar,0,65,102,0,167,0,3,176,0,179,0,68,278,0,346,103,0,103,449
12/29/2018,VNY,CA,AWP,WE,Towers with Radar,0,79,97,0,176,0,6,219,1,226,0,85,316,1,402,117,0,117,519
12/30/2018,VNY,CA,AWP,WE,Towers with Radar,0,82,74,0,156,0,0,233,0,233,0,82,307,0,389,308,0,308,697
12/31/2018,VNY,CA,AWP,WE,Towers with Radar,0,56,52,0,108,0,1,145,0,146,0,57,197,0,254,110,0,110,364
01/01/2019,VNY,CA,AWP,WE,Towers with Radar,0,78,99,0,177,0,2,77,0,79,0,80,176,0,256,15,0,15,271
01/02/2019,VNY,CA,AWP,WE,Towers with Radar,0,110,167,0,277,0,2,266,0,268,0,112,433,0,545,127,0,127,672
01/03/2019,VNY,CA,AWP,WE,Towers with Radar,0,105,130,0,235,0,2,260,3,265,0,107,390,3,500,171,0,171,671
01/04/2019,VNY,CA,AWP,WE,Towers with Radar,0,78,119,0,197,0,4,307,0,311,0,82,426,0,508,379,0,379,887
01/05/2019,VNY,CA,AWP,WE,Towers with Radar,0,74,140,0,214,0,0,184,2,186,0,74,324,2,400,141,0,141,541
01/06/2019,VNY,CA,AWP,WE,Towers with Radar,0,75,124,0,199,0,0,172,0,172,0,75,296,0,371,210,0,210,581
01/07/2019,VNY,CA,AWP,WE,Towers with Radar,0,101,119,0,220,0,0,53,0,53,0,101,172,0,273,90,0,90,363
01/08/2019,VNY,CA,AWP,WE,Towers with Radar,0,63,92,2,157,0,4,262,1,267,0,67,354,3,424,237,0,237,661
01/09/2019,VNY,CA,AWP,WE,Towers with Radar,1,66,106,0,173,0,3,342,3,348,1,69,448,3,521,360,0,360,881
01/10/2019,VNY,CA,AWP,WE,Towers with Radar,0,101,112,0,213,0,8,323,0,331,0,109,435,0,544,317,0,317,861
01/11/2019,VNY,CA,AWP,WE,Towers with Radar,3,88,129,0,220,0,1,190,0,191,3,89,319,0,411,183,0,183,594
01/12/2019,VNY,CA,AWP,WE,Towers with Radar,0,51,109,0,160,0,0,103,1,104,0,51,212,1,264,155,0,155,419
01/13/2019,VNY,CA,AWP,WE,Towers with Radar,1,83,116,0,200,0,4,234,2,240,1,87,350,2,440,249,0,249,689
01/14/2019,VNY,CA,AWP,WE,Towers with Radar,0,66,90,0,156,0,0,39,1,40,0,66,129,1,196,9,0,9,205
01/15/2019,VNY,CA,AWP,WE,Towers with Radar,0,74,98,0,172,0,1,143,2,146,0,75,241,2,318,68,0,68,386
01/16/2019,VNY,CA,AWP,WE,Towers with Radar,0,71,115,0,186,0,0,22,0,22,0,71,137,0,208,0,0,0,208
01/17/2019,VNY,CA,AWP,WE,Towers with Radar,0,93,118,0,211,0,0,81,2,83,0,93,199,2,294,48,0,48,342
01/18/2019,VNY,CA,AWP,WE,Towers with Radar,0,124,153,0,277,0,5,319,1,325,0,129,472,1,602,338,0,338,940
01/19/2019,VNY,CA,AWP,WE,Towers with Radar,0,62,108,0,170,0,5,299,0,304,0,67,407,0,474,214,0,214,688
01/20/2019,VNY,CA,AWP,WE,Towers with Radar,0,56,99,0,155,0,1,218,0,219,0,57,317,0,374,243,0,243,617
01/21/2019,VNY,CA,AWP,WE,Towers with Radar,0,96,126,0,222,0,1,153,2,156,0,97,279,2,378,7,0,7,385
01/22/2019,VNY,CA,AWP,WE,Towers with Radar,0,80,80,0,160,0,3,157,0,160,0,83,237,0,320,24,0,24,344
01/23/2019,VNY,CA,AWP,WE,Towers with Radar,0,67,104,0,171,0,7,292,0,299,0,74,396,0,470,79,0,79,549
01/24/2019,VNY,CA,AWP,WE,Towers with Radar,0,86,102,0,188,0,1,266,2,269,0,87,368,2,457,24,0,24,481
01/25/2019,VNY,CA,AWP,WE,Towers with Radar,0,88,116,0,204,0,2,272,1,275,0,90,388,1,479,23,0,23,502
01/26/2019,VNY,CA,AWP,WE,Towers with Radar,0,50,79,0,129,0,0,191,3,194,0,50,270,3,323,30,0,30,353
01/27/2019,VNY,CA,AWP,WE,Towers with Radar,0,116,142,0,258,0,2,336,0,338,0,118,478,0,596,63,0,63,659
01/28/2019,VNY,CA,AWP,WE,Towers with Radar,0,66,110,0,176,0,11,323,0,334,0,77,433,0,510,92,0,92,602
01/29/2019,VNY,CA,AWP,WE,Towers with Radar,0,69,111,0,180,0,2,323,0,325,0,71,434,0,505,45,0,45,550
01/30/2019,VNY,CA,AWP,WE,Towers with Radar,0,70,147,1,218,0,5,350,1,356,0,75,497,2,574,76,0,76,650
01/31/2019,VNY,CA,AWP,WE,Towers with Radar,0,74,114,0,188,0,1,101,0,102,0,75,215,0,290,14,0,14,304
02/01/2019,VNY,CA,AWP,WE,Towers with Radar,0,88,134,0,222,0,2,232,0,234,0,90,366,0,456,115,0,115,571
02/02/2019,VNY,CA,AWP,WE,Towers with Radar,0,46,69,0,115,0,0,35,0,35,0,46,104,0,150,0,0,0,150
02/03/2019,VNY,CA,AWP,WE,Towers with Radar,0,69,88,0,157,0,0,36,1,37,0,69,124,1,194,0,0,0,194
02/04/2019,VNY,CA,AWP,WE,Towers with Radar,0,68,154,0,222,0,0,42,1,43,0,68,196,1,265,51,0,51,316
02/05/2019,VNY,CA,AWP,WE,Towers with Radar,0,65,91,0,156,0,2,160,2,164,0,67,251,2,320,68,0,68,388
02/06/2019,VNY,CA,AWP,WE,Towers with Radar,0,75,102,0,177,0,1,273,0,274,0,76,375,0,451,95,0,95,546
02/07/2019,VNY,CA,AWP,WE,Towers with Radar,0,89,110,0,199,0,1,324,2,327,0,90,434,2,526,75,0,75,601
02/08/2019,VNY,CA,AWP,WE,Towers with Radar,0,74,110,1,185,0,0,285,2,287,0,74,395,3,472,66,0,66,538
02/09/2019,VNY,CA,AWP,WE,Towers with Radar,0,55,69,1,125,0,0,213,0,213,0,55,282,1,338,105,0,105,443
02/10/2019,VNY,CA,AWP,WE,Towers with Radar,0,92,109,0,201,0,0,71,0,71,0,92,180,0,272,129,0,129,401
02/11/2019,VNY,CA,AWP,WE,Towers with Radar,0,82,98,0,180,0,0,296,0,296,0,82,394,0,476,158,0,158,634
02/12/2019,VNY,CA,AWP,WE,Towers with Radar,1,56,95,2,154,0,1,321,1,323,1,57,416,3,477,89,0,89,566
02/13/2019,VNY,CA,AWP,WE,Towers with Radar,0,96,86,0,182,0,2,48,1,51,0,98,134,1,233,9,0,9,242
02/14/2019,VNY,CA,AWP,WE,Towers with Radar,0,130,135,0,265,0,0,105,0,105,0,130,240,0,370,18,0,18,388
02/15/2019,VNY,CA,AWP,WE,Towers with Radar,0,124,148,0,272,0,1,73,2,76,0,125,221,2,348,51,0,51,399
02/16/2019,VNY,CA,AWP,WE,Towers with Radar,0,48,88,0,136,0,8,281,0,289,0,56,369,0,425,156,0,156,581
02/17/2019,VNY,CA,AWP,WE,Towers with Radar,0,68,97,0,165,0,1,112,1,114,0,69,209,1,279,43,0,43,322
02/18/2019,VNY,CA,AWP,WE,Towers with Radar,0,97,156,0,253,0,4,210,1,215,0,101,366,1,468,15,0,15,483
02/19/2019,VNY,CA,AWP,WE,Towers with Radar,0,72,90,0,162,0,2,230,0,232,0,74,320,0,394,62,0,62,456
02/20/2019,VNY,CA,AWP,WE,Towers with Radar,1,67,101,0,169,0,1,193,3,197,1,68,294,3,366,129,0,129,495
02/21/2019,VNY,CA,AWP,WE,Towers with Radar,0,67,128,0,195,0,0,184,0,184,0,67,312,0,379,76,0,76,455
02/22/2019,VNY,CA,AWP,WE,Towers with Radar,0,94,101,0,195,0,3,368,1,372,0,97,469,1,567,104,0,104,671
02/23/2019,VNY,CA,AWP,WE,Towers with Radar,0,61,77,0,138,0,3,364,0,367,0,64,441,0,505,165,0,165,670
02/24/2019,VNY,CA,AWP,WE,Towers with Radar,0,105,133,0,238,0,5,273,0,278,0,110,406,0,516,90,0,90,606
02/25/2019,VNY,CA,AWP,WE,Towers with Radar,0,79,95,0,174,0,5,265,1,271,0,84,360,1,445,48,0,48,493
02/26/2019,VNY,CA,AWP,WE,Towers with Radar,0,70,82,0,152,0,4,252,0,256,0,74,334,0,408,104,0,104,512
02/27/2019,VNY,CA,AWP,WE,Towers with Radar,0,75,129,0,204,0,1,195,1,197,0,76,324,1,401,85,0,85,486
02/28/2019,VNY,CA,AWP,WE,Towers with Radar,0,73,124,2,199,0,1,143,0,144,0,74,267,2,343,82,0,82,425
03/01/2019,VNY,CA,AWP,WE,Towers with Radar,0,92,137,0,229,0,2,142,1,145,0,94,279,1,374,52,0,52,426
03/02/2019,VNY,CA,AWP,WE,Towers with Radar,0,61,65,0,126,0,0,21,0,21,0,61,86,0,147,0,0,0,147
03/03/2019,VNY,CA,AWP,WE,Towers with Radar,0,92,111,0,203,0,0,80,0,80,0,92,191,0,283,202,0,202,485
03/04/2019,VNY,CA,AWP,WE,Towers with Radar,0,84,101,0,185,0,2,283,4,289,0,86,384,4,474,93,0,93,567
03/05/2019,VNY,CA,AWP,WE,Towers with Radar,0,57,114,0,171,0,0,215,2,217,0,57,329,2,388,178,0,178,566
03/06/2019,VNY,CA,AWP,WE,Towers with Radar,0,57,114,0,171,0,1,44,6,51,0,58,158,6,222,20,0,20,242
03/07/2019,VNY,CA,AWP,WE,Towers with Radar,0,74,105,0,179,0,0,224,1,225,0,74,329,1,404,184,0,184,588
03/08/2019,VNY,CA,AWP,WE,Towers with Radar,0,80,119,1,200,0,4,270,1,275,0,84,389,2,475,64,0,64,539
03/09/2019,VNY,CA,AWP,WE,Towers with Radar,1,53,83,0,137,0,3,268,1,272,1,56,351,1,409,203,0,203,612
03/10/2019,VNY,CA,AWP,WE,Towers with Radar,0,79,125,0,204,0,0,157,2,159,0,79,282,2,363,96,0,96,459
03/11/2019,VNY,CA,AWP,WE,Towers with Radar,0,91,88,0,179,0,2,203,1,206,0,93,291,1,385,57,0,57,442
03/12/2019,VNY,CA,AWP,WE,Towers with Radar,0,63,99,0,162,0,2,214,3,219,0,65,313,3,381,96,0,96,477
03/13/2019,VNY,CA,AWP,WE,Towers with Radar,0,54,68,0,122,0,3,211,2,216,0,57,279,2,338,42,0,42,380
03/14/2019,VNY,CA,AWP,WE,Towers with Radar,0,80,114,0,194,0,2,209,0,211,0,82,323,0,405,53,0,53,458
03/15/2019,VNY,CA,AWP,WE,Towers with Radar,0,78,126,0,204,0,3,235,1,239,0,81,361,1,443,46,0,46,489
03/16/2019,VNY,CA,AWP,WE,Towers with Radar,0,44,72,0,116,0,0,194,2,196,0,44,266,2,312,61,0,61,373
03/17/2019,VNY,CA,AWP,WE,Towers with Radar,0,81,134,0,215,0,3,309,2,314,0,84,443,2,529,70,0,70,599
03/18/2019,VNY,CA,AWP,WE,Towers with Radar,0,71,106,0,177,0,4,295,1,300,0,75,401,1,477,143,0,143,620
03/19/2019,VNY,CA,AWP,WE,Towers with Radar,0,58,112,0,170,0,0,279,1,280,0,58,391,1,450,243,0,243,693
03/20/2019,VNY,CA,AWP,WE,Towers with Radar,0,75,129,0,204,0,0,143,2,145,0,75,272,2,349,100,0,100,449
03/21/2019,VNY,CA,AWP,WE,Towers with Radar,0,68,133,0,201,0,0,159,0,159,0,68,292,0,360,143,0,143,503
03/22/2019,VNY,CA,AWP,WE,Towers with Radar,1,111,123,0,235,0,2,337,2,341,1,113,460,2,576,103,0,103,679
03/23/2019,VNY,CA,AWP,WE,Towers with Radar,1,68,121,0,190,0,1,186,0,187,1,69,307,0,377,78,0,78,455
03/24/2019,VNY,CA,AWP,WE,Towers with Radar,0,101,138,0,239,0,6,301,0,307,0,107,439,0,546,159,0,159,705
03/25/2019,VNY,CA,AWP,WE,Towers with Radar,0,90,106,0,196,0,3,314,0,317,0,93,420,0,513,73,0,73,586
03/26/2019,VNY,CA,AWP,WE,Towers with Radar,0,74,109,0,183,0,5,300,2,307,0,79,409,2,490,134,0,134,624
03/27/2019,VNY,CA,AWP,WE,Towers with Radar,1,59,122,0,182,0,8,206,0,214,1,67,328,0,396,171,0,171,567
03/28/2019,VNY,CA,AWP,WE,Towers with Radar,0,70,96,0,166,0,4,242,6,252,0,74,338,6,418,133,0,133,551
03/29/2019,VNY,CA,AWP,WE,Towers with Radar,0,76,120,0,196,0,5,314,1,320,0,81,434,1,516,81,0,81,597
03/30/2019,VNY,CA,AWP,WE,Towers with Radar,0,64,80,0,144,0,2,282,0,284,0,66,362,0,428,132,0,132,560
03/31/2019,VNY,CA,AWP,WE,Towers with Radar,0,86,125,0,211,17,2,286,0,305,17,88,411,0,516,224,0,224,740
04/01/2019,VNY,CA,AWP,WE,Towers with Radar,0,66,84,0,150,0,4,318,3,325,0,70,402,3,475,289,0,289,764
04/02/2019,VNY,CA,AWP,WE,Towers with Radar,0,71,114,0,185,0,2,263,1,266,0,73,377,1,451,249,0,249,700
04/03/2019,VNY,CA,AWP,WE,Towers with Radar,0,57,137,0,194,0,3,282,0,285,0,60,419,0,479,249,0,249,728
04/04/2019,VNY,CA,AWP,WE,Towers with Radar,0,93,151,0,244,0,1,184,1,186,0,94,335,1,430,191,0,191,621
04/05/2019,VNY,CA,AWP,WE,Towers with Radar,0,105,106,0,211,0,0,121,0,121,0,105,227,0,332,159,0,159,491
04/06/2019,VNY,CA,AWP,WE,Towers with Radar,0,70,95,0,165,0,7,285,1,293,0,77,380,1,458,216,0,216,674
04/07/2019,VNY,CA,AWP,WE,Towers with Radar,0,97,129,1,227,0,2,284,1,287,0,99,413,2,514,230,0,230,744
04/08/2019,VNY,CA,AWP,WE,Towers with Radar,0,59,100,0,159,0,8,253,6,267,0,67,353,6,426,295,0,295,721
04/09/2019,VNY,CA,AWP,WE,Towers with Radar,1,62,86,0,149,0,1,129,2,132,1,63,215,2,281,32,0,32,313
04/10/2019,VNY,CA,AWP,WE,Towers with Radar,0,59,94,0,153,0,0,171,1,172,0,59,265,1,325,32,0,32,357
04/11/2019,VNY,CA,AWP,WE,Towers with Radar,0,87,94,0,181,0,2,245,2,249,0,89,339,2,430,151,0,151,581
04/12/2019,VNY,CA,AWP,WE,Towers with Radar,0,87,121,2,210,0,4,239,1,244,0,91,360,3,454,42,0,42,496
04/13/2019,VNY,CA,AWP,WE,Towers with Radar,0,62,66,0,128,0,4,301,2,307,0,66,367,2,435,167,0,167,602
04/14/2019,VNY,CA,AWP,WE,Towers with Radar,0,97,103,0,200,0,4,260,0,264,0,101,363,0,464,276,0,276,740
04/15/2019,VNY,CA,AWP,WE,Towers with Radar,0,68,111,0,179,0,8,295,1,304,0,76,406,1,483,306,0,306,789
04/16/2019,VNY,CA,AWP,WE,Towers with Radar,0,70,105,1,176,0,2,195,0,197,0,72,300,1,373,247,0,247,620
04/17/2019,VNY,CA,AWP,WE,Towers with Radar,0,77,90,0,167,0,9,325,0,334,0,86,415,0,501,321,0,321,822
04/18/2019,VNY,CA,AWP,WE,Towers with Radar,2,70,127,0,199,0,3,351,1,355,2,73,478,1,554,252,0,252,806
04/19/2019,VNY,CA,AWP,WE,Towers with Radar,0,68,93,0,161,0,4,314,0,318,0,72,407,0,479,255,0,255,734
04/20/2019,VNY,CA,AWP,WE,Towers with Radar,0,57,106,0,163,0,0,141,2,143,0,57,247,2,306,158,0,158,464
04/21/2019,VNY,CA,AWP,WE,Towers with Radar,1,80,92,0,173,0,1,239,0,240,1,81,331,0,413,181,0,181,594
04/22/2019,VNY,CA,AWP,WE,Towers with Radar,2,67,107,0,176,0,3,326,1,330,2,70,433,1,506,246,0,246,752
04/23/2019,VNY,CA,AWP,WE,Towers with Radar,1,76,77,0,154,0,1,286,0,287,1,77,363,0,441,188,0,188,629
04/24/2019,VNY,CA,AWP,WE,Towers with Radar,0,56,104,0,160,0,3,314,3,320,0,59,418,3,480,269,0,269,749
04/25/2019,VNY,CA,AWP,WE,Towers with Radar,0,78,107,0,185,0,1,279,3,283,0,79,386,3,468,238,0,238,706
04/26/2019,VNY,CA,AWP,WE,Towers with Radar,0,85,107,0,192,0,5,282,0,287,0,90,389,0,479,273,0,273,752
04/27/2019,VNY,CA,AWP,WE,Towers with Radar,0,51,118,0,169,0,3,128,3,134,0,54,246,3,303,158,0,158,461
04/28/2019,VNY,CA,AWP,WE,Towers with Radar,0,94,148,0,242,0,0,136,1,137,0,94,284,1,379,159,0,159,538
04/29/2019,VNY,CA,AWP,WE,Towers with Radar,0,68,129,0,197,0,0,170,1,171,0,68,299,1,368,247,0,247,615
04/30/2019,VNY,CA,AWP,WE,Towers with Radar,0,80,153,0,233,0,1,205,0,206,0,81,358,0,439,291,0,291,730
05/01/2019,VNY,CA,AWP,WE,Towers with Radar,0,85,127,0,212,0,3,297,3,303,0,88,424,3,515,297,0,297,812
05/02/2019,VNY,CA,AWP,WE,Towers with Radar,1,92,103,0,196,0,4,265,1,270,1,96,368,1,466,249,0,249,715
05/03/2019,VNY,CA,AWP,WE,Towers with Radar,0,81,115,0,196,0,6,267,1,274,0,87,382,1,470,189,0,189,659
05/04/2019,VNY,CA,AWP,WE,Towers with Radar,0,44,87,0,131,0,1,232,2,235,0,45,319,2,366,241,0,241,607
05/05/2019,VNY,CA,AWP,WE,Towers with Radar,0,91,139,0,230,0,1,215,4,220,0,92,354,4,450,233,0,233,683
05/06/2019,VNY,CA,AWP,WE,Towers with Radar,0,65,84,0,149,0,2,209,2,213,0,67,293,2,362,301,0,301,663
05/07/2019,VNY,CA,AWP,WE,Towers with Radar,0,53,129,0,182,0,0,254,2,256,0,53,383,2,438,430,0,430,868
05/08/2019,VNY,CA,AWP,WE,Towers with Radar,1,65,135,0,201,0,14,137,2,153,1,79,272,2,354,357,0,357,711
05/09/2019,VNY,CA,AWP,WE,Towers with Radar,0,71,139,0,210,0,4,137,0,141,0,75,276,0,351,186,0,186,537
05/10/2019,VNY,CA,AWP,WE,Towers with Radar,0,88,110,0,198,0,2,141,0,143,0,90,251,0,341,95,0,95,436
05/11/2019,VNY,CA,AWP,WE,Towers with Radar,3,63,70,0,136,0,1,205,1,207,3,64,275,1,343,271,0,271,614
05/12/2019,VNY,CA,AWP,WE,Towers with Radar,0,85,92,0,177,0,6,218,0,224,0,91,310,0,401,195,0,195,596
05/13/2019,VNY,CA,AWP,WE,Towers with Radar,1,65,121,0,187,0,1,134,2,137,1,66,255,2,324,99,0,99,423
05/14/2019,VNY,CA,AWP,WE,Towers with Radar,0,60,101,0,161,0,4,237,0,241,0,64,338,0,402,200,0,200,602
05/15/2019,VNY,CA,AWP,WE,Towers with Radar,0,57,126,0,183,0,1,145,1,147,0,58,271,1,330,199,0,199,529
05/16/2019,VNY,CA,AWP,WE,Towers with Radar,0,73,112,0,185,0,0,137,3,140,0,73,249,3,325,54,0,54,379
05/17/2019,VNY,CA,AWP,WE,Towers with Radar,0,54,112,0,166,0,6,320,1,327,0,60,432,1,493,189,0,189,682
05/18/2019,VNY,CA,AWP,WE,Towers with Radar,0,46,61,0,107,0,7,316,3,326,0,53,377,3,433,254,0,254,687
05/19/2019,VNY,CA,AWP,WE,Towers with Radar,0,54,96,0,150,0,0,67,1,68,0,54,163,1,218,26,0,26,244
05/20/2019,VNY,CA,AWP,WE,Towers with Radar,0,56,123,0,179,0,5,260,1,266,0,61,383,1,445,194,0,194,639
05/21/2019,VNY,CA,AWP,WE,Towers with Radar,0,64,91,0,155,0,1,250,0,251,0,65,341,0,406,364,0,364,770
05/22/2019,VNY,CA,AWP,WE,Towers with Radar,0,62,86,0,148,0,7,243,0,250,0,69,329,0,398,116,0,116,514
05/23/2019,VNY,CA,AWP,WE,Towers with Radar,0,92,131,0,223,0,1,129,3,133,0,93,260,3,356,245,0,245,601
05/24/2019,VNY,CA,AWP,WE,Towers with Radar,0,100,125,0,225,0,0,386,1,387,0,100,511,1,612,330,0,330,942
05/25/2019,VNY,CA,AWP,WE,Towers with Radar,0,40,73,0,113,0,5,219,1,225,0,45,292,1,338,197,0,197,535
05/26/2019,VNY,CA,AWP,WE,Towers with Radar,0,46,56,0,102,0,0,39,0,39,0,46,95,0,141,39,0,39,180
05/27/2019,VNY,CA,AWP,WE,Towers with Radar,0,74,130,0,204,0,3,304,8,315,0,77,434,8,519,368,0,368,887
05/28/2019,VNY,CA,AWP,WE,Towers with Radar,3,36,95,0,134,0,1,327,0,328,3,37,422,0,462,324,0,324,786
05/29/2019,VNY,CA,AWP,WE,Towers with Radar,0,43,63,0,106,0,5,314,4,323,0,48,377,4,429,230,0,230,659
05/30/2019,VNY,CA,AWP,WE,Towers with Radar,1,57,110,0,168,0,2,302,1,305,1,59,412,1,473,419,0,419,892
05/31/2019,VNY,CA,AWP,WE,Towers with Radar,0,57,110,0,167,0,6,235,0,241,0,63,345,0,408,172,0,172,580
06/01/2019,VNY,CA,AWP,WE,Towers with Radar,0,52,84,0,136,0,1,68,0,69,0,53,152,0,205,115,0,115,320
06/02/2019,VNY,CA,AWP,WE,Towers with Radar,0,69,124,0,193,0,0,146,0,146,0,69,270,0,339,326,0,326,665
06/03/2019,VNY,CA,AWP,WE,Towers with Radar,0,51,107,0,158,0,1,167,1,169,0,52,274,1,327,293,0,293,620
06/04/2019,VNY,CA,AWP,WE,Towers with Radar,0,44,91,0,135,0,3,206,0,209,0,47,297,0,344,148,0,148,492
06/05/2019,VNY,CA,AWP,WE,Towers with Radar,0,74,124,0,198,0,0,171,2,173,0,74,295,2,371,167,0,167,538
06/06/2019,VNY,CA,AWP,WE,Towers with Radar,0,75,92,0,167,0,4,242,5,251,0,79,334,5,418,102,0,102,520
06/07/2019,VNY,CA,AWP,WE,Towers with Radar,0,81,125,0,206,0,3,235,4,242,0,84,360,4,448,233,0,233,681
06/08/2019,VNY,CA,AWP,WE,Towers with Radar,0,56,72,0,128,0,1,269,4,274,0,57,341,4,402,255,0,255,657
06/09/2019,VNY,CA,AWP,WE,Towers with Radar,0,82,122,0,204,0,1,203,1,205,0,83,325,1,409,191,0,191,600
06/10/2019,VNY,CA,AWP,WE,Towers with Radar,0,79,72,0,151,0,2,322,0,324,0,81,394,0,475,238,0,238,713
06/11/2019,VNY,CA,AWP,WE,Towers with Radar,0,58,82,0,140,0,1,297,1,299,0,59,379,1,439,220,0,220,659
06/12/2019,VNY,CA,AWP,WE,Towers with Radar,0,67,103,0,170,0,1,289,3,293,0,68,392,3,463,183,0,183,646
06/13/2019,VNY,CA,AWP,WE,Towers with Radar,0,96,147,0,243,0,6,190,0,196,0,102,337,0,439,176,0,176,615
06/14/2019,VNY,CA,AWP,WE,Towers with Radar,0,70,107,0,177,0,3,228,0,231,0,73,335,0,408,325,0,325,733
06/15/2019,VNY,CA,AWP,WE,Towers with Radar,0,73,113,0,186,0,3,229,2,234,0,76,342,2,420,301,0,301,721
06/16/2019,VNY,CA,AWP,WE,Towers with Radar,0,94,117,0,211,0,0,166,3,169,0,94,283,3,380,182,0,182,562
06/17/2019,VNY,CA,AWP,WE,Towers with Radar,0,72,134,0,206,0,0,195,1,196,0,72,329,1,402,278,0,278,680
06/18/2019,VNY,CA,AWP,WE,Towers with Radar,0,60,87,0,147,0,3,227,0,230,0,63,314,0,377,249,0,249,626
06/19/2019,VNY,CA,AWP,WE,Towers with Radar,1,76,121,0,198,0,6,285,0,291,1,82,406,0,489,176,0,176,665
06/20/2019,VNY,CA,AWP,WE,Towers with Radar,0,80,131,0,211,0,4,230,5,239,0,84,361,5,450,161,0,161,611
06/21/2019,VNY,CA,AWP,WE,Towers with Radar,0,94,111,0,205,0,1,207,1,209,0,95,318,1,414,248,0,248,662
06/22/2019,VNY,CA,AWP,WE,Towers with Radar,1,78,91,0,170,0,2,243,3,248,1,80,334,3,418,133,0,133,551
06/23/2019,VNY,CA,AWP,WE,Towers with Radar,0,82,127,0,209,0,4,250,0,254,0,86,377,0,463,116,0,116,579
06/24/2019,VNY,CA,AWP,WE,Towers with Radar,0,77,111,0,188,0,1,206,4,211,0,78,317,4,399,134,0,134,533
06/25/2019,VNY,CA,AWP,WE,Towers with Radar,0,64,134,0,198,0,7,176,1,184,0,71,310,1,382,152,0,152,534
06/26/2019,VNY,CA,AWP,WE,Towers with Radar,0,64,113,0,177,0,4,265,2,271,0,68,378,2,448,165,0,165,613
06/27/2019,VNY,CA,AWP,WE,Towers with Radar,0,63,110,0,173,0,1,261,3,265,0,64,371,3,438,103,0,103,541
06/28/2019,VNY,CA,AWP,WE,Towers with Radar,0,79,103,0,182,0,5,283,0,288,0,84,386,0,470,182,0,182,652
06/29/2019,VNY,CA,AWP,WE,Towers with Radar,0,75,79,0,154,0,3,324,0,327,0,78,403,0,481,134,0,134,615
06/30/2019,VNY,CA,AWP,WE,Towers with Radar,0,82,92,0,174,0,2,271,1,274,0,84,363,1,448,154,0,154,602
07/01/2019,VNY,CA,AWP,WE,Towers with Radar,0,59,82,0,141,0,1,267,1,269,0,60,349,1,410,169,0,169,579
07/02/2019,VNY,CA,AWP,WE,Towers with Radar,1,68,79,1,149,0,7,324,1,332,1,75,403,2,481,229,0,229,710
07/03/2019,VNY,CA,AWP,WE,Towers with Radar,0,70,104,0,174,0,2,295,0,297,0,72,399,0,471,189,0,189,660
07/04/2019,VNY,CA,AWP,WE,Towers with Radar,0,34,50,0,84,0,1,172,1,174,0,35,222,1,258,134,0,134,392
07/05/2019,VNY,CA,AWP,WE,Towers with Radar,0,53,86,0,139,0,2,227,1,230,0,55,313,1,369,135,0,135,504
07/06/2019,VNY,CA,AWP,WE,Towers with Radar,0,54,81,0,135,0,2,198,1,201,0,56,279,1,336,141,0,141,477
07/07/2019,VNY,CA,AWP,WE,Towers with Radar,0,112,152,2,266,0,0,170,1,171,0,112,322,3,437,72,0,72,509
07/08/2019,VNY,CA,AWP,WE,Towers with Radar,0,67,117,0,184,0,2,180,0,182,0,69,297,0,366,278,0,278,644
07/09/2019,VNY,CA,AWP,WE,Towers with Radar,0,63,91,1,155,0,1,203,0,204,0,64,294,1,359,128,0,128,487
07/10/2019,VNY,CA,AWP,WE,Towers with Radar,2,62,110,0,174,0,2,285,0,287,2,64,395,0,461,97,0,97,558
07/11/2019,VNY,CA,AWP,WE,Towers with Radar,1,75,136,0,212,0,1,322,0,323,1,76,458,0,535,192,0,192,727
07/12/2019,VNY,CA,AWP,WE,Towers with Radar,0,59,114,1,174,0,0,303,1,304,0,59,417,2,478,171,0,171,649
07/13/2019,VNY,CA,AWP,WE,Towers with Radar,0,44,94,1,139,0,15,250,1,266,0,59,344,2,405,101,0,101,506
07/14/2019,VNY,CA,AWP,WE,Towers with Radar,0,76,95,0,171,0,5,239,1,245,0,81,334,1,416,100,0,100,516
07/15/2019,VNY,CA,AWP,WE,Towers with Radar,0,68,93,0,161,0,5,299,0,304,0,73,392,0,465,208,0,208,673
07/16/2019,VNY,CA,AWP,WE,Towers with Radar,0,66,84,0,150,0,3,327,1,331,0,69,411,1,481,270,0,270,751
07/17/2019,VNY,CA,AWP,WE,Towers with Radar,0,74,98,0,172,0,8,262,1,271,0,82,360,1,443,202,0,202,645
07/18/2019,VNY,CA,AWP,WE,Towers with Radar,0,69,113,0,182,0,3,266,1,270,0,72,379,1,452,158,0,158,610
07/19/2019,VNY,CA,AWP,WE,Towers with Radar,0,83,111,0,194,0,3,320,1,324,0,86,431,1,518,197,0,197,715
07/20/2019,VNY,CA,AWP,WE,Towers with Radar,0,64,84,0,148,0,2,250,3,255,0,66,334,3,403,114,0,114,517
07/21/2019,VNY,CA,AWP,WE,Towers with Radar,1,91,118,0,210,0,3,269,2,274,1,94,387,2,484,110,0,110,594
07/22/2019,VNY,CA,AWP,WE,Towers with Radar,0,73,67,1,141,0,0,242,2,244,0,73,309,3,385,173,0,173,558
07/23/2019,VNY,CA,AWP,WE,Towers with Radar,0,72,79,0,151,0,3,294,0,297,0,75,373,0,448,222,0,222,670
07/24/2019,VNY,CA,AWP,WE,Towers with Radar,0,75,74,0,149,0,6,285,1,292,0,81,359,1,441,164,0,164,605
07/25/2019,VNY,CA,AWP,WE,Towers with Radar,0,78,113,0,191,0,1,369,0,370,0,79,482,0,561,233,0,233,794
07/26/2019,VNY,CA,AWP,WE,Towers with Radar,0,76,95,0,171,0,0,303,0,303,0,76,398,0,474,171,0,171,645
07/27/2019,VNY,CA,AWP,WE,Towers with Radar,0,68,72,0,140,0,6,242,1,249,0,74,314,1,389,160,0,160,549
07/28/2019,VNY,CA,AWP,WE,Towers with Radar,1,112,92,0,205,0,3,216,1,220,1,115,308,1,425,93,0,93,518
07/29/2019,VNY,CA,AWP,WE,Towers with Radar,0,85,84,0,169,0,2,233,0,235,0,87,317,0,404,240,0,240,644
07/30/2019,VNY,CA,AWP,WE,Towers with Radar,0,72,123,0,195,0,1,316,1,318,0,73,439,1,513,193,0,193,706
07/31/2019,VNY,CA,AWP,WE,Towers with Radar,0,65,103,0,168,0,1,373,0,374,0,66,476,0,542,311,0,311,853
08/01/2019,VNY,CA,AWP,WE,Towers with Radar,0,78,104,0,182,0,1,331,0,332,0,79,435,0,514,239,0,239,753
08/02/2019,VNY,CA,AWP,WE,Towers with Radar,1,97,110,0,208,0,4,342,1,347,1,101,452,1,555,185,0,185,740
08/03/2019,VNY,CA,AWP,WE,Towers with Radar,0,75,79,0,154,0,3,368,3,374,0,78,447,3,528,254,0,254,782
08/04/2019,VNY,CA,AWP,WE,Towers with Radar,0,76,116,0,192,0,3,256,0,259,0,79,372,0,451,240,0,240,691
08/05/2019,VNY,CA,AWP,WE,Towers with Radar,0,69,88,3,160,0,6,234,1,241,0,75,322,4,401,221,0,221,622
08/06/2019,VNY,CA,AWP,WE,Towers with Radar,3,51,87,1,142,0,3,317,0,320,3,54,404,1,462,242,0,242,704
08/07/2019,VNY,CA,AWP,WE,Towers with Radar,0,68,92,0,160,0,1,357,1,359,0,69,449,1,519,253,0,253,772
08/08/2019,VNY,CA,AWP,WE,Towers with Radar,0,67,108,1,176,0,5,299,0,304,0,72,407,1,480,228,0,228,708
08/09/2019,VNY,CA,AWP,WE,Towers with Radar,0,64,101,0,165,0,3,355,0,358,0,67,456,0,523,220,0,220,743
08/10/2019,VNY,CA,AWP,WE,Towers with Radar,0,56,86,1,143,0,3,319,3,325,0,59,405,4,468,214,0,214,682
08/11/2019,VNY,CA,AWP,WE,Towers with Radar,0,103,115,0,218,0,1,250,0,251,0,104,365,0,469,90,0,90,559
08/12/2019,VNY,CA,AWP,WE,Towers with Radar,0,69,82,0,151,0,0,254,1,255,0,69,336,1,406,137,0,137,543
08/13/2019,VNY,CA,AWP,WE,Towers with Radar,2,67,83,1,153,0,0,262,0,262,2,67,345,1,415,217,0,217,632
08/14/2019,VNY,CA,AWP,WE,Towers with Radar,0,89,100,0,189,0,4,289,2,295,0,93,389,2,484,244,0,244,728
08/15/2019,VNY,CA,AWP,WE,Towers with Radar,1,71,112,0,184,0,1,293,0,294,1,72,405,0,478,218,0,218,696
08/16/2019,VNY,CA,AWP,WE,Towers with Radar,0,96,94,0,190,0,2,236,2,240,0,98,330,2,430,138,0,138,568
08/17/2019,VNY,CA,AWP,WE,Towers with Radar,0,67,96,0,163,0,3,262,0,265,0,70,358,0,428,158,0,158,586
08/18/2019,VNY,CA,AWP,WE,Towers with Radar,0,99,129,0,228,0,1,233,1,235,0,100,362,1,463,84,0,84,547
08/19/2019,VNY,CA,AWP,WE,Towers with Radar,0,70,96,0,166,0,6,261,0,267,0,76,357,0,433,287,0,287,720
08/20/2019,VNY,CA,AWP,WE,Towers with Radar,1,78,73,0,152,0,2,312,1,315,1,80,385,1,467,221,0,221,688
08/21/2019,VNY,CA,AWP,WE,Towers with Radar,0,75,104,0,179,0,0,264,0,264,0,75,368,0,443,236,0,236,679
08/22/2019,VNY,CA,AWP,WE,Towers with Radar,0,80,107,0,187,0,4,351,2,357,0,84,458,2,544,212,0,212,756
08/23/2019,VNY,CA,AWP,WE,Towers with Radar,0,85,123,0,208,0,4,258,1,263,0,89,381,1,471,239,0,239,710
08/24/2019,VNY,CA,AWP,WE,Towers with Radar,0,62,76,0,138,0,2,270,0,272,0,64,346,0,410,247,0,247,657
08/25/2019,VNY,CA,AWP,WE,Towers with Radar,0,96,116,0,212,0,1,333,1,335,0,97,449,1,547,154,0,154,701
08/26/2019,VNY,CA,AWP,WE,Towers with Radar,0,50,89,0,139,0,2,290,2,294,0,52,379,2,433,208,0,208,641
08/27/2019,VNY,CA,AWP,WE,Towers with Radar,0,61,83,0,144,0,2,291,0,293,0,63,374,0,437,192,0,192,629
08/28/2019,VNY,CA,AWP,WE,Towers with Radar,0,82,107,0,189,0,3,256,1,260,0,85,363,1,449,254,0,254,703
08/29/2019,VNY,CA,AWP,WE,Towers with Radar,0,77,115,0,192,0,1,333,2,336,0,78,448,2,528,171,0,171,699
08/30/2019,VNY,CA,AWP,WE,Towers with Radar,1,93,144,0,238,0,2,327,0,329,1,95,471,0,567,200,0,200,767
08/31/2019,VNY,CA,AWP,WE,Towers with Radar,0,52,82,0,134,0,1,281,2,284,0,53,363,2,418,218,0,218,636
09/01/2019,VNY,CA,AWP,WE,Towers with Radar,0,59,97,0,156,0,1,197,12,210,0,60,294,12,366,142,4,146,512
09/02/2019,VNY,CA,AWP,WE,Towers with Radar,0,96,121,0,217,0,4,240,2,246,0,100,361,2,463,138,0,138,601
09/03/2019,VNY,CA,AWP,WE,Towers with Radar,0,66,71,0,137,0,2,274,1,277,0,68,345,1,414,169,0,169,583
09/04/2019,VNY,CA,AWP,WE,Towers with Radar,0,58,85,0,143,0,5,271,2,278,0,63,356,2,421,204,0,204,625
09/05/2019,VNY,CA,AWP,WE,Towers with Radar,0,56,106,0,162,0,4,286,4,294,0,60,392,4,456,267,0,267,723
09/06/2019,VNY,CA,AWP,WE,Towers with Radar,0,73,104,0,177,0,1,321,0,322,0,74,425,0,499,220,0,220,719
09/07/2019,VNY,CA,AWP,WE,Towers with Radar,0,49,65,0,114,0,0,259,0,259,0,49,324,0,373,251,0,251,624
09/08/2019,VNY,CA,AWP,WE,Towers with Radar,0,69,85,0,154,0,2,251,0,253,0,71,336,0,407,199,0,199,606
09/09/2019,VNY,CA,AWP,WE,Towers with Radar,0,83,88,2,173,0,1,221,0,222,0,84,309,2,395,128,0,128,523
09/10/2019,VNY,CA,AWP,WE,Towers with Radar,0,60,126,1,187,0,1,173,0,174,0,61,299,1,361,277,0,277,638
09/11/2019,VNY,CA,AWP,WE,Towers with Radar,0,87,114,0,201,0,1,273,0,274,0,88,387,0,475,263,0,263,738
09/12/2019,VNY,CA,AWP,WE,Towers with Radar,0,80,129,0,209,0,1,304,1,306,0,81,433,1,515,204,0,204,719
09/13/2019,VNY,CA,AWP,WE,Towers with Radar,2,96,84,0,182,0,8,298,0,306,2,104,382,0,488,210,0,210,698
09/14/2019,VNY,CA,AWP,WE,Towers with Radar,0,67,65,0,132,0,1,284,4,289,0,68,349,4,421,159,0,159,580
09/15/2019,VNY,CA,AWP,WE,Towers with Radar,0,97,119,0,216,0,1,257,0,258,0,98,376,0,474,186,0,186,660
09/16/2019,VNY,CA,AWP,WE,Towers with Radar,0,56,95,0,151,0,2,315,0,317,0,58,410,0,468,191,0,191,659
09/17/2019,VNY,CA,AWP,WE,Towers with Radar,0,75,114,0,189,0,3,139,0,142,0,78,253,0,331,68,0,68,399
09/18/2019,VNY,CA,AWP,WE,Towers with Radar,0,108,135,0,243,0,13,189,0,202,0,121,324,0,445,131,0,131,576
09/19/2019,VNY,CA,AWP,WE,Towers with Radar,0,67,129,0,196,3,2,284,1,290,3,69,413,1,486,179,0,179,665
09/20/2019,VNY,CA,AWP,WE,Towers with Radar,0,94,118,0,212,0,3,249,3,255,0,97,367,3,467,164,0,164,631
09/21/2019,VNY,CA,AWP,WE,Towers with Radar,0,88,78,0,166,0,4,259,0,263,0,92,337,0,429,190,0,190,619
09/22/2019,VNY,CA,AWP,WE,Towers with Radar,0,105,131,0,236,0,4,358,0,362,0,109,489,0,598,230,0,230,828
09/23/2019,VNY,CA,AWP,WE,Towers with Radar,0,58,89,0,147,0,3,243,0,246,0,61,332,0,393,134,0,134,527
09/24/2019,VNY,CA,AWP,WE,Towers with Radar,1,74,88,0,163,0,0,215,0,215,1,74,303,0,378,90,0,90,468
09/25/2019,VNY,CA,AWP,WE,Towers with Radar,0,85,110,0,195,0,7,322,3,332,0,92,432,3,527,196,0,196,723
09/26/2019,VNY,CA,AWP,WE,Towers with Radar,0,85,112,0,197,0,0,189,1,190,0,85,301,1,387,201,0,201,588
09/27/2019,VNY,CA,AWP,WE,Towers with Radar,0,79,149,1,229,0,1,222,4,227,0,80,371,5,456,222,0,222,678
09/28/2019,VNY,CA,AWP,WE,Towers with Radar,0,60,95,0,155,0,1,109,0,110,0,61,204,0,265,236,0,236,501
09/29/2019,VNY,CA,AWP,WE,Towers with Radar,0,69,105,0,174,0,5,260,0,265,0,74,365,0,439,207,0,207,646
09/30/2019,VNY,CA,AWP,WE,Towers with Radar,0,60,89,0,149,0,2,284,3,289,0,62,373,3,438,140,0,140,578
10/01/2019,VNY,CA,AWP,WE,Towers with Radar,0,55,107,0,162,0,1,270,0,271,0,56,377,0,433,195,0,195,628
10/02/2019,VNY,CA,AWP,WE,Towers with Radar,0,59,114,0,173,0,1,299,1,301,0,60,413,1,474,221,0,221,695
10/03/2019,VNY,CA,AWP,WE,Towers with Radar,0,77,120,0,197,0,5,323,0,328,0,82,443,0,525,163,0,163,688
10/04/2019,VNY,CA,AWP,WE,Towers with Radar,0,73,100,0,173,0,2,347,0,349,0,75,447,0,522,174,0,174,696
10/05/2019,VNY,CA,AWP,WE,Towers with Radar,1,48,69,0,118,0,8,310,1,319,1,56,379,1,437,189,0,189,626
10/06/2019,VNY,CA,AWP,WE,Towers with Radar,0,90,121,0,211,0,1,253,0,254,0,91,374,0,465,77,0,77,542
10/07/2019,VNY,CA,AWP,WE,Towers with Radar,2,67,99,0,168,0,3,237,0,240,2,70,336,0,408,179,0,179,587
10/08/2019,VNY,CA,AWP,WE,Towers with Radar,1,54,86,1,142,0,2,260,6,268,1,56,346,7,410,193,0,193,603
10/09/2019,VNY,CA,AWP,WE,Towers with Radar,3,62,96,0,161,0,0,209,4,213,3,62,305,4,374,214,0,214,588
10/10/2019,VNY,CA,AWP,WE,Towers with Radar,0,75,101,1,177,0,7,163,0,170,0,82,264,1,347,67,0,67,414
10/11/2019,VNY,CA,AWP,WE,Towers with Radar,0,75,98,0,173,0,1,240,5,246,0,76,338,5,419,17,0,17,436
10/12/2019,VNY,CA,AWP,WE,Towers with Radar,0,48,61,1,110,0,2,241,2,245,0,50,302,3,355,0,0,0,355
10/13/2019,VNY,CA,AWP,WE,Towers with Radar,2,100,71,0,173,0,8,247,5,260,2,108,318,5,433,11,0,11,444
10/14/2019,VNY,CA,AWP,WE,Towers with Radar,0,44,129,0,173,0,1,229,5,235,0,45,358,5,408,6,0,6,414
10/15/2019,VNY,CA,AWP,WE,Towers with Radar,1,66,85,0,152,0,1,303,3,307,1,67,388,3,459,6,0,6,465
10/16/2019,VNY,CA,AWP,WE,Towers with Radar,0,66,96,0,162,0,2,315,1,318,0,68,411,1,480,29,0,29,509
10/17/2019,VNY,CA,AWP,WE,Towers with Radar,1,76,126,0,203,0,1,328,0,329,1,77,454,0,532,20,0,20,552
10/18/2019,VNY,CA,AWP,WE,Towers with Radar,0,65,119,1,185,0,0,278,0,278,0,65,397,1,463,34,0,34,497
10/19/2019,VNY,CA,AWP,WE,Towers with Radar,0,49,93,0,142,0,0,329,3,332,0,49,422,3,474,80,0,80,554
10/20/2019,VNY,CA,AWP,WE,Towers with Radar,1,83,114,0,198,0,1,191,1,193,1,84,305,1,391,9,0,9,400
10/21/2019,VNY,CA,AWP,WE,Towers with Radar,0,66,87,2,155,0,7,314,0,321,0,73,401,2,476,99,0,99,575
10/22/2019,VNY,CA,AWP,WE,Towers with Radar,2,74,91,1,168,0,2,282,2,286,2,76,373,3,454,155,0,155,609
10/23/2019,VNY,CA,AWP,WE,Towers with Radar,0,65,136,0,201,0,2,332,0,334,0,67,468,0,535,160,0,160,695
10/24/2019,VNY,CA,AWP,WE,Towers with Radar,1,83,110,0,194,0,2,213,1,216,1,85,323,1,410,64,0,64,474
10/25/2019,VNY,CA,AWP,WE,Towers with Radar,2,80,124,0,206,0,3,226,9,238,2,83,350,9,444,88,0,88,532
10/26/2019,VNY,CA,AWP,WE,Towers with Radar,0,49,76,0,125,0,0,317,1,318,0,49,393,1,443,164,0,164,607
10/27/2019,VNY,CA,AWP,WE,Towers with Radar,0,99,116,1,216,0,2,177,0,179,0,101,293,1,395,174,0,174,569
10/28/2019,VNY,CA,AWP,WE,Towers with Radar,0,33,37,0,70,0,16,283,4,303,0,49,320,4,373,48,0,48,421
10/29/2019,VNY,CA,AWP,WE,Towers with Radar,4,46,56,0,106,0,8,357,2,367,4,54,413,2,473,26,0,26,499
10/30/2019,VNY,CA,AWP,WE,Towers with Radar,0,41,62,0,103,0,3,126,0,129,0,44,188,0,232,1,0,1,233
10/31/2019,VNY,CA,AWP,WE,Towers with Radar,1,55,83,0,139,0,6,187,0,193,1,61,270,0,332,129,0,129,461
11/01/2019,VNY,CA,AWP,WE,Towers with Radar,2,90,111,0,203,0,1,288,1,290,2,91,399,1,493,113,0,113,606
11/02/2019,VNY,CA,AWP,WE,Towers with Radar,1,59,68,0,128,0,2,301,2,305,1,61,369,2,433,245,0,245,678
11/03/2019,VNY,CA,AWP,WE,Towers with Radar,0,93,139,0,232,0,3,290,0,293,0,96,429,0,525,136,0,136,661
11/04/2019,VNY,CA,AWP,WE,Towers with Radar,0,66,87,0,153,0,4,233,1,238,0,70,320,1,391,103,0,103,494
11/05/2019,VNY,CA,AWP,WE,Towers with Radar,0,57,94,0,151,0,4,282,0,286,0,61,376,0,437,216,0,216,653
11/06/2019,VNY,CA,AWP,WE,Towers with Radar,0,84,92,0,176,0,1,322,2,325,0,85,414,2,501,240,0,240,741
11/07/2019,VNY,CA,AWP,WE,Towers with Radar,0,76,127,0,203,0,3,320,1,324,0,79,447,1,527,144,0,144,671
11/08/2019,VNY,CA,AWP,WE,Towers with Radar,0,69,127,0,196,0,4,326,2,332,0,73,453,2,528,199,0,199,727
11/09/2019,VNY,CA,AWP,WE,Towers with Radar,0,57,75,0,132,0,2,319,5,326,0,59,394,5,458,179,0,179,637
11/10/2019,VNY,CA,AWP,WE,Towers with Radar,0,97,114,0,211,0,0,260,3,263,0,97,374,3,474,158,0,158,632
11/11/2019,VNY,CA,AWP,WE,Towers with Radar,0,62,91,0,153,0,2,280,3,285,0,64,371,3,438,157,0,157,595
11/12/2019,VNY,CA,AWP,WE,Towers with Radar,0,52,81,1,134,0,2,248,2,252,0,54,329,3,386,172,0,172,558
11/13/2019,VNY,CA,AWP,WE,Towers with Radar,0,64,85,1,150,0,6,254,0,260,0,70,339,1,410,207,0,207,617
11/14/2019,VNY,CA,AWP,WE,Towers with Radar,0,74,121,0,195,5,0,266,1,272,5,74,387,1,467,103,0,103,570
11/15/2019,VNY,CA,AWP,WE,Towers with Radar,2,72,101,0,175,0,2,295,0,297,2,74,396,0,472,322,0,322,794
11/16/2019,VNY,CA,AWP,WE,Towers with Radar,0,50,67,0,117,0,5,309,1,315,0,55,376,1,432,177,0,177,609
11/17/2019,VNY,CA,AWP,WE,Towers with Radar,2,92,82,0,176,0,1,194,3,198,2,93,276,3,374,76,0,76,450
11/18/2019,VNY,CA,AWP,WE,Towers with Radar,0,66,107,0,173,0,3,271,0,274,0,69,378,0,447,201,0,201,648
11/19/2019,VNY,CA,AWP,WE,Towers with Radar,0,69,94,0,163,0,2,277,1,280,0,71,371,1,443,190,0,190,633
11/20/2019,VNY,CA,AWP,WE,Towers with Radar,0,60,114,0,174,0,1,98,2,101,0,61,212,2,275,110,0,110,385
11/21/2019,VNY,CA,AWP,WE,Towers with Radar,2,80,114,0,196,0,5,259,2,266,2,85,373,2,462,164,0,164,626
11/22/2019,VNY,CA,AWP,WE,Towers with Radar,0,91,132,0,223,0,0,307,1,308,0,91,439,1,531,237,0,237,768
11/23/2019,VNY,CA,AWP,WE,Towers with Radar,2,82,71,0,155,0,1,326,1,328,2,83,397,1,483,129,0,129,612
11/24/2019,VNY,CA,AWP,WE,Towers with Radar,0,109,99,0,208,0,3,243,4,250,0,112,342,4,458,198,0,198,656
11/25/2019,VNY,CA,AWP,WE,Towers with Radar,0,64,73,0,137,0,3,270,1,274,0,67,343,1,411,220,0,220,631
11/26/2019,VNY,CA,AWP,WE,Towers with Radar,0,103,122,0,225,0,2,227,1,230,0,105,349,1,455,161,0,161,616
11/27/2019,VNY,CA,AWP,WE,Towers with Radar,0,91,84,0,175,0,0,115,1,116,0,91,199,1,291,50,0,50,341
11/28/2019,VNY,CA,AWP,WE,Towers with Radar,0,36,38,0,74,0,0,21,0,21,0,36,59,0,95,7,0,7,102
11/29/2019,VNY,CA,AWP,WE,Towers with Radar,0,49,66,0,115,0,0,170,0,170,0,49,236,0,285,219,0,219,504
11/30/2019,VNY,CA,AWP,WE,Towers with Radar,2,87,92,0,181,0,0,144,0,144,2,87,236,0,325,136,0,136,461
12/01/2019,VNY,CA,AWP,WE,Towers with Radar,1,141,156,0,298,0,2,190,0,192,1,143,346,0,490,75,0,75,565
12/02/2019,VNY,CA,AWP,WE,Towers with Radar,0,96,96,0,192,0,0,249,0,249,0,96,345,0,441,155,0,155,596
12/03/2019,VNY,CA,AWP,WE,Towers with Radar,1,58,101,1,161,0,0,246,0,246,1,58,347,1,407,201,0,201,608
12/04/2019,VNY,CA,AWP,WE,Towers with Radar,1,68,96,0,165,0,0,75,1,76,1,68,171,1,241,40,0,40,281
12/05/2019,VNY,CA,AWP,WE,Towers with Radar,1,66,102,0,169,0,3,253,0,256,1,69,355,0,425,240,0,240,665
12/06/2019,VNY,CA,AWP,WE,Towers with Radar,0,78,128,2,208,0,3,217,0,220,0,81,345,2,428,193,0,193,621
12/07/2019,VNY,CA,AWP,WE,Towers with Radar,0,60,80,2,142,0,0,67,0,67,0,60,147,2,209,42,0,42,251
12/08/2019,VNY,CA,AWP,WE,Towers with Radar,0,76,124,0,200,0,0,75,1,76,0,76,199,1,276,58,0,58,334
12/09/2019,VNY,CA,AWP,WE,Towers with Radar,0,77,82,0,159,0,1,291,0,292,0,78,373,0,451,174,0,174,625
12/10/2019,VNY,CA,AWP,WE,Towers with Radar,2,67,95,0,164,0,0,238,1,239,2,67,333,1,403,209,0,209,612
12/11/2019,VNY,CA,AWP,WE,Towers with Radar,0,60,93,0,153,0,2,310,0,312,0,62,403,0,465,212,0,212,677
12/12/2019,VNY,CA,AWP,WE,Towers with Radar,0,73,99,0,172,0,4,332,1,337,0,77,431,1,509,196,0,196,705
12/13/2019,VNY,CA,AWP,WE,Towers with Radar,0,68,97,0,165,0,2,293,0,295,0,70,390,0,460,278,0,278,738
12/14/2019,VNY,CA,AWP,WE,Towers with Radar,0,53,106,0,159,0,0,106,0,106,0,53,212,0,265,175,0,175,440
12/15/2019,VNY,CA,AWP,WE,Towers with Radar,0,74,91,0,165,0,0,148,2,150,0,74,239,2,315,41,0,41,356
12/16/2019,VNY,CA,AWP,WE,Towers with Radar,0,67,76,0,143,0,1,164,1,166,0,68,240,1,309,78,0,78,387
12/17/2019,VNY,CA,AWP,WE,Towers with Radar,1,69,91,0,161,0,4,207,3,214,1,73,298,3,375,196,0,196,571
12/18/2019,VNY,CA,AWP,WE,Towers with Radar,0,82,100,0,182,0,3,264,6,273,0,85,364,6,455,198,0,198,653
12/19/2019,VNY,CA,AWP,WE,Towers with Radar,0,79,109,0,188,0,7,282,1,290,0,86,391,1,478,220,0,220,698
12/20/2019,VNY,CA,AWP,WE,Towers with Radar,0,112,153,0,265,0,5,298,0,303,0,117,451,0,568,149,0,149,717
12/21/2019,VNY,CA,AWP,WE,Towers with Radar,2,113,141,0,256,0,3,248,2,253,2,116,389,2,509,218,0,218,727
12/22/2019,VNY,CA,AWP,WE,Towers with Radar,0,92,90,0,182,0,1,144,2,147,0,93,234,2,329,228,0,228,557
12/23/2019,VNY,CA,AWP,WE,Towers with Radar,2,93,78,0,173,0,0,126,0,126,2,93,204,0,299,205,0,205,504
12/24/2019,VNY,CA,AWP,WE,Towers with Radar,0,61,52,0,113,0,1,138,2,141,0,62,190,2,254,145,0,145,399
12/25/2019,VNY,CA,AWP,WE,Towers with Radar,0,70,33,0,103,0,0,44,1,45,0,70,77,1,148,60,0,60,208
12/26/2019,VNY,CA,AWP,WE,Towers with Radar,0,101,104,0,205,0,2,109,0,111,0,103,213,0,316,91,0,91,407
12/27/2019,VNY,CA,AWP,WE,Towers with Radar,0,90,107,0,197,0,2,250,0,252,0,92,357,0,449,189,0,189,638
12/28/2019,VNY,CA,AWP,WE,Towers with Radar,2,75,136,0,213,0,1,251,0,252,2,76,387,0,465,256,0,256,721
12/29/2019,VNY,CA,AWP,WE,Towers with Radar,1,84,89,0,174,0,3,175,1,179,1,87,264,1,353,212,0,212,565
12/30/2019,VNY,CA,AWP,WE,Towers with Radar,2,86,84,0,172,0,1,103,1,105,2,87,187,1,277,16,0,16,293
12/31/2019,VNY,CA,AWP,WE,Towers with Radar,3,65,46,0,114,0,2,146,0,148,3,67,192,0,262,31,0,31,293
01/01/2020,VNY,CA,AWP,WE,Towers with Radar,1,91,92,0,184,0,0,198,0,198,1,91,290,0,382,183,0,183,565
01/02/2020,VNY,CA,AWP,WE,Towers with Radar,0,116,105,0,221,0,2,233,1,236,0,118,338,1,457,193,0,193,650
01/03/2020,VNY,CA,AWP,WE,Towers with Radar,0,114,125,0,239,0,1,292,0,293,0,115,417,0,532,254,0,254,786
01/04/2020,VNY,CA,AWP,WE,Towers with Radar,0,113,125,0,238,0,1,284,0,285,0,114,409,0,523,238,0,238,761
01/05/2020,VNY,CA,AWP,WE,Towers with Radar,2,102,104,0,208,0,5,178,1,184,2,107,282,1,392,93,0,93,485
01/06/2020,VNY,CA,AWP,WE,Towers with Radar,0,94,82,0,176,0,2,157,1,160,0,96,239,1,336,142,0,142,478
01/07/2020,VNY,CA,AWP,WE,Towers with Radar,2,64,77,0,143,0,1,263,4,268,2,65,340,4,411,242,0,242,653
01/08/2020,VNY,CA,AWP,WE,Towers with Radar,0,66,95,0,161,0,0,245,0,245,0,66,340,0,406,285,0,285,691
01/09/2020,VNY,CA,AWP,WE,Towers with Radar,0,91,84,0,175,0,0,206,4,210,0,91,290,4,385,288,0,288,673
01/10/2020,VNY,CA,AWP,WE,Towers with Radar,0,43,111,0,154,0,4,296,0,300,0,47,407,0,454,236,0,236,690
01/11/2020,VNY,CA,AWP,WE,Towers with Radar,0,59,76,0,135,0,5,277,0,282,0,64,353,0,417,389,0,389,806
01/12/2020,VNY,CA,AWP,WE,Towers with Radar,0,92,108,0,200,0,2,311,1,314,0,94,419,1,514,275,0,275,789
01/13/2020,VNY,CA,AWP,WE,Towers with Radar,0,53,89,0,142,0,4,215,0,219,0,57,304,0,361,278,0,278,639
01/14/2020,VNY,CA,AWP,WE,Towers with Radar,0,71,100,0,171,0,3,286,0,289,0,74,386,0,460,278,0,278,738
01/15/2020,VNY,CA,AWP,WE,Towers with Radar,0,56,79,0,135,0,2,259,1,262,0,58,338,1,397,335,0,335,732
01/16/2020,VNY,CA,AWP,WE,Towers with Radar,0,98,126,0,224,0,2,174,1,177,0,100,300,1,401,234,0,234,635
01/17/2020,VNY,CA,AWP,WE,Towers with Radar,0,117,156,0,273,0,1,286,3,290,0,118,442,3,563,295,0,295,858
01/18/2020,VNY,CA,AWP,WE,Towers with Radar,0,70,74,0,144,0,3,297,3,303,0,73,371,3,447,146,0,146,593
01/19/2020,VNY,CA,AWP,WE,Towers with Radar,0,78,87,0,165,0,4,279,0,283,0,82,366,0,448,187,0,187,635
01/20/2020,VNY,CA,AWP,WE,Towers with Radar,0,90,157,0,247,0,1,254,0,255,0,91,411,0,502,316,0,316,818
01/21/2020,VNY,CA,AWP,WE,Towers with Radar,2,68,141,0,211,0,0,212,1,213,2,68,353,1,424,345,0,345,769
01/22/2020,VNY,CA,AWP,WE,Towers with Radar,0,60,109,0,169,0,0,312,1,313,0,60,421,1,482,341,0,341,823
01/23/2020,VNY,CA,AWP,WE,Towers with Radar,2,81,112,0,195,0,2,271,0,273,2,83,383,0,468,308,0,308,776
01/24/2020,VNY,CA,AWP,WE,Towers with Radar,0,76,107,0,183,0,2,346,0,348,0,78,453,0,531,304,0,304,835
01/25/2020,VNY,CA,AWP,WE,Towers with Radar,2,51,70,0,123,0,1,266,0,267,2,52,336,0,390,288,0,288,678
01/26/2020,VNY,CA,AWP,WE,Towers with Radar,0,91,144,1,236,0,5,112,0,117,0,96,256,1,353,69,0,69,422
01/27/2020,VNY,CA,AWP,WE,Towers with Radar,0,85,87,1,173,0,2,213,0,215,0,87,300,1,388,216,0,216,604
01/28/2020,VNY,CA,AWP,WE,Towers with Radar,0,68,110,0,178,0,3,232,0,235,0,71,342,0,413,223,0,223,636
01/29/2020,VNY,CA,AWP,WE,Towers with Radar,1,65,82,0,148,0,4,118,0,122,1,69,200,0,270,11,0,11,281
01/30/2020,VNY,CA,AWP,WE,Towers with Radar,0,87,114,2,203,0,0,301,5,306,0,87,415,7,509,305,0,305,814
01/31/2020,VNY,CA,AWP,WE,Towers with Radar,0,84,96,0,180,0,2,254,1,257,0,86,350,1,437,272,0,272,709
02/01/2020,VNY,CA,AWP,WE,Towers with Radar,0,54,72,0,126,0,8,276,0,284,0,62,348,0,410,252,0,252,662
02/02/2020,VNY,CA,AWP,WE,Towers with Radar,2,69,72,0,143,0,2,262,0,264,2,71,334,0,407,244,0,244,651
02/03/2020,VNY,CA,AWP,WE,Towers with Radar,0,81,104,0,185,0,3,109,0,112,0,84,213,0,297,14,0,14,311
02/04/2020,VNY,CA,AWP,WE,Towers with Radar,0,84,76,0,160,0,2,110,0,112,0,86,186,0,272,11,0,11,283
02/05/2020,VNY,CA,AWP,WE,Towers with Radar,0,68,101,0,169,0,2,281,1,284,0,70,382,1,453,407,0,407,860
02/06/2020,VNY,CA,AWP,WE,Towers with Radar,2,80,108,0,190,0,3,354,2,359,2,83,462,2,549,354,0,354,903
02/07/2020,VNY,CA,AWP,WE,Towers with Radar,0,64,127,1,192,0,4,346,1,351,0,68,473,2,543,337,0,337,880
02/08/2020,VNY,CA,AWP,WE,Towers with Radar,0,57,78,0,135,0,3,275,1,279,0,60,353,1,414,228,0,228,642
02/09/2020,VNY,CA,AWP,WE,Towers with Radar,0,100,110,0,210,0,0,74,0,74,0,100,184,0,284,36,0,36,320
02/10/2020,VNY,CA,AWP,WE,Towers with Radar,0,91,105,0,196,0,1,95,2,98,0,92,200,2,294,51,0,51,345
02/11/2020,VNY,CA,AWP,WE,Towers with Radar,1,67,88,0,156,0,2,143,0,145,1,69,231,0,301,49,0,49,350
02/12/2020,VNY,CA,AWP,WE,Towers with Radar,1,83,116,0,200,0,1,296,0,297,1,84,412,0,497,374,0,374,871
02/13/2020,VNY,CA,AWP,WE,Towers with Radar,0,120,153,0,273,0,2,363,0,365,0,122,516,0,638,342,0,342,980
02/14/2020,VNY,CA,AWP,WE,Towers with Radar,0,120,150,0,270,0,1,327,0,328,0,121,477,0,598,308,0,308,906
02/15/2020,VNY,CA,AWP,WE,Towers with Radar,0,70,92,0,162,0,3,264,0,267,0,73,356,0,429,242,0,242,671
02/16/2020,VNY,CA,AWP,WE,Towers with Radar,0,70,75,0,145,0,1,302,0,303,0,71,377,0,448,251,0,251,699
02/17/2020,VNY,CA,AWP,WE,Towers with Radar,2,145,171,0,318,0,2,264,2,268,2,147,435,2,586,369,0,369,955
02/18/2020,VNY,CA,AWP,WE,Towers with Radar,0,105,142,0,247,0,9,132,1,142,0,114,274,1,389,150,0,150,539
02/19/2020,VNY,CA,AWP,WE,Towers with Radar,0,68,105,0,173,0,2,225,1,228,0,70,330,1,401,384,0,384,785
02/20/2020,VNY,CA,AWP,WE,Towers with Radar,0,84,119,0,203,0,0,324,0,324,0,84,443,0,527,382,0,382,909
02/21/2020,VNY,CA,AWP,WE,Towers with Radar,0,71,89,0,160,0,4,283,0,287,0,75,372,0,447,295,0,295,742
02/22/2020,VNY,CA,AWP,WE,Towers with Radar,2,71,99,0,172,0,1,86,0,87,2,72,185,0,259,117,0,117,376
02/23/2020,VNY,CA,AWP,WE,Towers with Radar,1,103,115,0,219,0,3,276,1,280,1,106,391,1,499,276,0,276,775
02/24/2020,VNY,CA,AWP,WE,Towers with Radar,0,57,99,2,158,0,0,217,1,218,0,57,316,3,376,313,0,313,689
02/25/2020,VNY,CA,AWP,WE,Towers with Radar,0,59,61,0,120,0,0,188,0,188,0,59,249,0,308,119,0,119,427
02/26/2020,VNY,CA,AWP,WE,Towers with Radar,0,70,104,0,174,0,1,282,0,283,0,71,386,0,457,141,0,141,598
02/27/2020,VNY,CA,AWP,WE,Towers with Radar,0,95,82,0,177,0,0,286,0,286,0,95,368,0,463,405,0,405,868
02/28/2020,VNY,CA,AWP,WE,Towers with Radar,2,84,113,0,199,0,2,304,0,306,2,86,417,0,505,330,0,330,835
02/29/2020,VNY,CA,AWP,WE,Towers with Radar,0,56,67,0,123,0,0,335,1,336,0,56,402,1,459,312,0,312,771
03/01/2020,VNY,CA,AWP,WE,Towers with Radar,0,103,111,0,214,0,0,85,0,85,0,103,196,0,299,123,0,123,422
03/02/2020,VNY,CA,AWP,WE,Towers with Radar,2,86,73,0,161,0,4,115,3,122,2,90,188,3,283,136,0,136,419
03/03/2020,VNY,CA,AWP,WE,Towers with Radar,0,67,69,0,136,0,0,216,0,216,0,67,285,0,352,249,0,249,601
03/04/2020,VNY,CA,AWP,WE,Towers with Radar,0,86,103,0,189,0,3,294,1,298,0,89,397,1,487,238,0,238,725
03/05/2020,VNY,CA,AWP,WE,Towers with Radar,0,95,113,0,208,0,3,296,0,299,0,98,409,0,507,247,0,247,754
03/06/2020,VNY,CA,AWP,WE,Towers with Radar,0,85,128,0,213,0,7,334,1,342,0,92,462,1,555,391,0,391,946
03/07/2020,VNY,CA,AWP,WE,Towers with Radar,0,58,71,0,129,0,2,168,2,172,0,60,239,2,301,359,0,359,660
03/08/2020,VNY,CA,AWP,WE,Towers with Radar,0,91,149,0,240,0,1,166,0,167,0,92,315,0,407,474,0,474,881
03/09/2020,VNY,CA,AWP,WE,Towers with Radar,0,60,114,0,174,0,1,199,0,200,0,61,313,0,374,365,0,365,739
03/10/2020,VNY,CA,AWP,WE,Towers with Radar,0,68,102,1,171,0,0,29,0,29,0,68,131,1,200,14,0,14,214
03/11/2020,VNY,CA,AWP,WE,Towers with Radar,0,97,95,0,192,0,1,147,3,151,0,98,242,3,343,245,0,245,588
03/12/2020,VNY,CA,AWP,WE,Towers with Radar,0,106,112,0,218,0,0,93,1,94,0,106,205,1,312,242,0,242,554
03/13/2020,VNY,CA,AWP,WE,Towers with Radar,0,84,123,0,207,0,0,24,0,24,0,84,147,0,231,0,0,0,231
03/14/2020,VNY,CA,AWP,WE,Towers with Radar,0,63,103,0,166,0,0,26,0,26,0,63,129,0,192,42,0,42,234
03/15/2020,VNY,CA,AWP,WE,Towers with Radar,0,94,104,0,198,0,0,134,0,134,0,94,238,0,332,296,0,296,628
03/16/2020,VNY,CA,AWP,WE,Towers with Radar,0,59,89,0,148,0,0,50,1,51,0,59,139,1,199,42,0,42,241
03/17/2020,VNY,CA,AWP,WE,Towers with Radar,0,57,67,0,124,0,0,150,0,150,0,57,217,0,274,195,0,195,469
03/18/2020,VNY,CA,AWP,WE,Towers with Radar,0,52,61,0,113,0,0,227,0,227,0,52,288,0,340,298,0,298,638
03/19/2020,VNY,CA,AWP,WE,Towers with Radar,0,36,46,0,82,0,0,118,2,120,0,36,164,2,202,203,0,203,405
03/20/2020,VNY,CA,AWP,WE,Towers with Radar,0,58,45,0,103,0,0,178,0,178,0,58,223,0,281,204,0,204,485
03/21/2020,VNY,CA,AWP,WE,Towers with Radar,0,43,50,0,93,0,0,169,0,169,0,43,219,0,262,191,0,191,453
03/22/2020,VNY,CA,AWP,WE,Towers with Radar,0,36,38,0,74,0,0,76,0,76,0,36,114,0,150,137,0,137,287
03/23/2020,VNY,CA,AWP,WE,Towers with Radar,0,31,19,0,50,5,0,99,1,105,5,31,118,1,155,323,0,323,478
03/24/2020,VNY,CA,AWP,WE,Towers with Radar,0,24,23,0,47,0,0,102,0,102,0,24,125,0,149,214,0,214,363
03/25/2020,VNY,CA,AWP,WE,Towers with Radar,0,26,26,0,52,0,1,157,0,158,0,27,183,0,210,198,0,198,408
03/26/2020,VNY,CA,AWP,WE,Towers with Radar,0,20,27,0,47,0,1,187,0,188,0,21,214,0,235,179,0,179,414
03/27/2020,VNY,CA,AWP,WE,Towers with Radar,0,17,42,0,59,0,0,150,0,150,0,17,192,0,209,101,0,101,310
03/28/2020,VNY,CA,AWP,WE,Towers with Radar,0,27,33,0,60,0,4,202,0,206,0,31,235,0,266,214,0,214,480
03/29/2020,VNY,CA,AWP,WE,Towers with Radar,0,28,28,0,56,0,3,110,2,115,0,31,138,2,171,114,0,114,285
03/30/2020,VNY,CA,AWP,WE,Towers with Radar,0,11,34,0,45,0,0,200,2,202,0,11,234,2,247,253,0,253,500
03/31/2020,VNY,CA,AWP,WE,Towers with Radar,0,8,18,0,26,0,0,169,3,172,0,8,187,3,198,178,0,178,376
04/01/2020,VNY,CA,AWP,WE,Towers with Radar,0,14,22,0,36,0,4,147,1,152,0,18,169,1,188,116,0,116,304
04/02/2020,VNY,CA,AWP,WE,Towers with Radar,0,23,22,0,45,0,2,129,0,131,0,25,151,0,176,126,0,126,302
04/03/2020,VNY,CA,AWP,WE,Towers with Radar,0,21,35,0,56,0,0,214,0,214,0,21,249,0,270,110,0,110,380
04/04/2020,VNY,CA,AWP,WE,Towers with Radar,0,10,34,0,44,0,0,132,0,132,0,10,166,0,176,159,0,159,335
04/05/2020,VNY,CA,AWP,WE,Towers with Radar,0,18,19,0,37,0,0,66,0,66,0,18,85,0,103,138,0,138,241
04/06/2020,VNY,CA,AWP,WE,Towers with Radar,0,15,13,0,28,0,1,67,0,68,0,16,80,0,96,49,0,49,145
04/07/2020,VNY,CA,AWP,WE,Towers with Radar,0,19,22,0,41,0,2,86,0,88,0,21,108,0,129,78,0,78,207
04/08/2020,VNY,CA,AWP,WE,Towers with Radar,0,16,19,0,35,0,0,76,0,76,0,16,95,0,111,18,0,18,129
04/09/2020,VNY,CA,AWP,WE,Towers with Radar,0,22,8,0,30,0,0,47,1,48,0,22,55,1,78,4,0,4,82
04/10/2020,VNY,CA,AWP,WE,Towers with Radar,0,23,32,0,55,0,0,69,0,69,0,23,101,0,124,89,0,89,213
04/11/2020,VNY,CA,AWP,WE,Towers with Radar,0,16,31,0,47,0,1,216,0,217,0,17,247,0,264,270,0,270,534
04/12/2020,VNY,CA,AWP,WE,Towers with Radar,0,12,19,0,31,0,0,19,0,19,0,12,38,0,50,94,0,94,144
04/13/2020,VNY,CA,AWP,WE,Towers with Radar,0,13,30,0,43,0,0,85,0,85,0,13,115,0,128,135,0,135,263
04/14/2020,VNY,CA,AWP,WE,Towers with Radar,0,8,21,0,29,0,0,174,1,175,0,8,195,1,204,109,18,127,331
04/15/2020,VNY,CA,AWP,WE,Towers with Radar,0,12,37,0,49,0,0,189,1,190,0,12,226,1,239,87,0,87,326
04/16/2020,VNY,CA,AWP,WE,Towers with Radar,0,13,26,0,39,0,0,198,0,198,0,13,224,0,237,120,0,120,357
04/17/2020,VNY,CA,AWP,WE,Towers with Radar,0,14,27,0,41,0,8,131,1,140,0,22,158,1,181,137,0,137,318
04/18/2020,VNY,CA,AWP,WE,Towers with Radar,0,13,23,0,36,0,0,123,0,123,0,13,146,0,159,304,0,304,463
04/19/2020,VNY,CA,AWP,WE,Towers with Radar,0,19,32,0,51,0,0,133,0,133,0,19,165,0,184,185,0,185,369
04/20/2020,VNY,CA,AWP,WE,Towers with Radar,0,9,32,0,41,0,1,129,0,130,0,10,161,0,171,325,0,325,496
04/21/2020,VNY,CA,AWP,WE,Towers with Radar,0,24,30,0,54,0,1,228,0,229,0,25,258,0,283,146,0,146,429
04/22/2020,VNY,CA,AWP,WE,Towers with Radar,0,18,37,0,55,0,1,277,0,278,0,19,314,0,333,169,0,169,502
04/23/2020,VNY,CA,AWP,WE,Towers with Radar,0,24,22,0,46,0,1,151,0,152,0,25,173,0,198,56,0,56,254
04/24/2020,VNY,CA,AWP,WE,Towers with Radar,0,27,26,0,53,0,2,197,0,199,0,29,223,0,252,123,0,123,375
04/25/2020,VNY,CA,AWP,WE,Towers with Radar,0,15,26,0,41,0,3,209,0,212,0,18,235,0,253,191,0,191,444
04/26/2020,VNY,CA,AWP,WE,Towers with Radar,0,22,34,0,56,0,3,176,0,179,0,25,210,0,235,207,0,207,442
04/27/2020,VNY,CA,AWP,WE,Towers with Radar,0,21,28,0,49,0,1,198,0,199,0,22,226,0,248,245,0,245,493
04/28/2020,VNY,CA,AWP,WE,Towers with Radar,0,20,36,0,56,0,2,211,0,213,0,22,247,0,269,163,0,163,432
04/29/2020,VNY,CA,AWP,WE,Towers with Radar,0,30,31,0,61,0,1,159,1,161,0,31,190,1,222,243,0,243,465
04/30/2020,VNY,CA,AWP,WE,Towers with Radar,0,21,37,0,58,0,0,146,1,147,0,21,183,1,205,148,0,148,353
05/01/2020,VNY,CA,AWP,WE,Towers with Radar,0,16,44,0,60,0,2,207,1,210,0,18,251,1,270,83,0,83,353
05/02/2020,VNY,CA,AWP,WE,Towers with Radar,1,11,29,0,41,0,1,200,0,201,1,12,229,0,242,137,0,137,379
05/03/2020,VNY,CA,AWP,WE,Towers with Radar,0,21,33,0,54,0,0,193,0,193,0,21,226,0,247,226,0,226,473
05/04/2020,VNY,CA,AWP,WE,Towers with Radar,0,23,34,0,57,0,0,245,0,245,0,23,279,0,302,166,0,166,468
05/05/2020,VNY,CA,AWP,WE,Towers with Radar,0,27,27,0,54,0,0,258,0,258,0,27,285,0,312,176,0,176,488
05/06/2020,VNY,CA,AWP,WE,Towers with Radar,0,26,23,0,49,0,5,218,0,223,0,31,241,0,272,181,0,181,453
05/07/2020,VNY,CA,AWP,WE,Towers with Radar,0,32,33,0,65,0,2,235,0,237,0,34,268,0,302,185,0,185,487
05/08/2020,VNY,CA,AWP,WE,Towers with Radar,0,27,40,0,67,0,1,211,0,212,0,28,251,0,279,107,0,107,386
05/09/2020,VNY,CA,AWP,WE,Towers with Radar,0,34,51,0,85,0,0,215,0,215,0,34,266,0,300,198,0,198,498
05/10/2020,VNY,CA,AWP,WE,Towers with Radar,0,20,35,0,55,0,0,111,0,111,0,20,146,0,166,165,0,165,331
05/11/2020,VNY,CA,AWP,WE,Towers with Radar,0,20,46,0,66,0,1,154,2,157,0,21,200,2,223,198,0,198,421
05/12/2020,VNY,CA,AWP,WE,Towers with Radar,0,14,59,0,73,0,2,146,1,149,0,16,205,1,222,280,0,280,502
05/13/2020,VNY,CA,AWP,WE,Towers with Radar,0,25,35,0,60,0,0,220,2,222,0,25,255,2,282,213,0,213,495
05/14/2020,VNY,CA,AWP,WE,Towers with Radar,0,37,58,0,95,0,2,172,3,177,0,39,230,3,272,175,0,175,447
05/15/2020,VNY,CA,AWP,WE,Towers with Radar,0,43,42,0,85,0,2,214,0,216,0,45,256,0,301,224,0,224,525
05/16/2020,VNY,CA,AWP,WE,Towers with Radar,1,39,47,0,87,0,3,231,3,237,1,42,278,3,324,233,0,233,557
05/17/2020,VNY,CA,AWP,WE,Towers with Radar,1,37,30,0,68,0,3,142,2,147,1,40,172,2,215,233,0,233,448
05/18/2020,VNY,CA,AWP,WE,Towers with Radar,0,33,53,0,86,0,0,56,0,56,0,33,109,0,142,85,0,85,227
05/19/2020,VNY,CA,AWP,WE,Towers with Radar,0,22,45,0,67,0,0,191,0,191,0,22,236,0,258,183,0,183,441
05/20/2020,VNY,CA,AWP,WE,Towers with Radar,0,43,47,0,90,0,0,273,0,273,0,43,320,0,363,309,0,309,672
05/21/2020,VNY,CA,AWP,WE,Towers with Radar,0,43,72,0,115,0,0,270,0,270,0,43,342,0,385,184,0,184,569
05/22/2020,VNY,CA,AWP,WE,Towers with Radar,0,41,59,0,100,0,1,285,2,288,0,42,344,2,388,263,0,263,651
05/23/2020,VNY,CA,AWP,WE,Towers with Radar,0,47,55,0,102,0,5,206,1,212,0,52,261,1,314,139,0,139,453
05/24/2020,VNY,CA,AWP,WE,Towers with Radar,0,25,38,0,63,0,2,261,1,264,0,27,299,1,327,238,0,238,565
05/25/2020,VNY,CA,AWP,WE,Towers with Radar,0,50,38,0,88,0,0,257,1,258,0,50,295,1,346,252,0,252,598
05/26/2020,VNY,CA,AWP,WE,Towers with Radar,0,32,66,0,98,0,0,233,1,234,0,32,299,1,332,273,0,273,605
05/27/2020,VNY,CA,AWP,WE,Towers with Radar,0,51,61,0,112,0,3,242,1,246,0,54,303,1,358,199,0,199,557
05/28/2020,VNY,CA,AWP,WE,Towers with Radar,2,53,66,0,121,0,0,196,0,196,2,53,262,0,317,230,0,230,547
05/29/2020,VNY,CA,AWP,WE,Towers with Radar,0,49,71,0,120,0,0,147,1,148,0,49,218,1,268,210,0,210,478
05/30/2020,VNY,CA,AWP,WE,Towers with Radar,0,40,58,0,98,0,2,232,1,235,0,42,290,1,333,365,0,365,698
05/31/2020,VNY,CA,AWP,WE,Towers with Radar,0,45,52,0,97,0,0,225,0,225,0,45,277,0,322,246,0,246,568
06/01/2020,VNY,CA,AWP,WE,Towers with Radar,0,41,57,0,98,0,2,235,1,238,0,43,292,1,336,193,0,193,529
06/02/2020,VNY,CA,AWP,WE,Towers with Radar,0,42,46,0,88,0,1,254,4,259,0,43,300,4,347,238,0,238,585
06/03/2020,VNY,CA,AWP,WE,Towers with Radar,1,51,62,0,114,0,3,231,0,234,1,54,293,0,348,289,0,289,637
06/04/2020,VNY,CA,AWP,WE,Towers with Radar,1,41,73,0,115,0,1,223,4,228,1,42,296,4,343,237,0,237,580
06/05/2020,VNY,CA,AWP,WE,Towers with Radar,0,61,83,0,144,0,0,138,0,138,0,61,221,0,282,268,0,268,550
06/06/2020,VNY,CA,AWP,WE,Towers with Radar,0,39,76,0,115,0,3,207,1,211,0,42,283,1,326,293,0,293,619
06/07/2020,VNY,CA,AWP,WE,Towers with Radar,0,47,56,0,103,0,3,208,1,212,0,50,264,1,315,174,0,174,489
06/08/2020,VNY,CA,AWP,WE,Towers with Radar,0,44,72,0,116,0,0,122,2,124,0,44,194,2,240,95,0,95,335
06/09/2020,VNY,CA,AWP,WE,Towers with Radar,0,40,60,0,100,0,4,257,0,261,0,44,317,0,361,274,0,274,635
06/10/2020,VNY,CA,AWP,WE,Towers with Radar,0,71,77,0,148,0,2,294,0,296,0,73,371,0,444,273,0,273,717
06/11/2020,VNY,CA,AWP,WE,Towers with Radar,0,57,84,0,141,0,2,301,2,305,0,59,385,2,446,252,0,252,698
06/12/2020,VNY,CA,AWP,WE,Towers with Radar,1,53,85,0,139,0,5,233,1,239,1,58,318,1,378,266,0,266,644
06/13/2020,VNY,CA,AWP,WE,Towers with Radar,0,63,54,0,117,0,2,236,2,240,0,65,290,2,357,289,0,289,646
06/14/2020,VNY,CA,AWP,WE,Towers with Radar,0,68,86,0,154,0,2,237,0,239,0,70,323,0,393,248,0,248,641
06/15/2020,VNY,CA,AWP,WE,Towers with Radar,0,56,62,0,118,0,2,190,1,193,0,58,252,1,311,215,0,215,526
06/16/2020,VNY,CA,AWP,WE,Towers with Radar,0,56,60,0,116,0,1,221,0,222,0,57,281,0,338,318,0,318,656
06/17/2020,VNY,CA,AWP,WE,Towers with Radar,0,71,97,0,168,0,1,217,1,219,0,72,314,1,387,474,0,474,861
06/18/2020,VNY,CA,AWP,WE,Towers with Radar,0,68,109,0,177,0,2,150,0,152,0,70,259,0,329,258,0,258,587
06/19/2020,VNY,CA,AWP,WE,Towers with Radar,0,55,74,0,129,0,3,237,0,240,0,58,311,0,369,225,0,225,594
06/20/2020,VNY,CA,AWP,WE,Towers with Radar,0,83,69,0,152,0,0,181,2,183,0,83,250,2,335,372,0,372,707
06/21/2020,VNY,CA,AWP,WE,Towers with Radar,0,79,78,0,157,0,1,181,0,182,0,80,259,0,339,198,0,198,537
06/22/2020,VNY,CA,AWP,WE,Towers with Radar,0,58,74,0,132,0,4,182,0,186,0,62,256,0,318,132,0,132,450
06/23/2020,VNY,CA,AWP,WE,Towers with Radar,0,48,71,0,119,0,0,255,3,258,0,48,326,3,377,201,0,201,578
06/24/2020,VNY,CA,AWP,WE,Towers with Radar,1,58,111,0,170,0,1,228,2,231,1,59,339,2,401,223,0,223,624
06/25/2020,VNY,CA,AWP,WE,Towers with Radar,1,81,106,0,188,0,3,189,1,193,1,84,295,1,381,173,0,173,554
06/26/2020,VNY,CA,AWP,WE,Towers with Radar,1,76,105,0,182,0,2,262,0,264,1,78,367,0,446,262,0,262,708
06/27/2020,VNY,CA,AWP,WE,Towers with Radar,0,60,88,0,148,0,9,225,0,234,0,69,313,0,382,252,0,252,634
06/28/2020,VNY,CA,AWP,WE,Towers with Radar,0,86,102,1,189,0,0,99,0,99,0,86,201,1,288,366,0,366,654
06/29/2020,VNY,CA,AWP,WE,Towers with Radar,0,75,92,0,167,0,0,207,0,207,0,75,299,0,374,420,0,420,794
06/30/2020,VNY,CA,AWP,WE,Towers with Radar,0,68,71,0,139,0,1,276,1,278,0,69,347,1,417,339,0,339,756
07/01/2020,VNY,CA,AWP,WE,Towers with Radar,0,84,123,1,208,0,2,202,1,205,0,86,325,2,413,320,0,320,733
07/02/2020,VNY,CA,AWP,WE,Towers with Radar,0,65,100,0,165,0,1,237,1,239,0,66,337,1,404,332,0,332,736
07/03/2020,VNY,CA,AWP,WE,Towers with Radar,1,73,79,0,153,0,3,212,2,217,1,76,291,2,370,200,0,200,570
07/04/2020,VNY,CA,AWP,WE,Towers with Radar,0,25,40,0,65,0,2,190,2,194,0,27,230,2,259,106,0,106,365
07/05/2020,VNY,CA,AWP,WE,Towers with Radar,0,79,81,0,160,0,0,148,0,148,0,79,229,0,308,114,0,114,422
07/06/2020,VNY,CA,AWP,WE,Towers with Radar,0,74,104,0,178,0,1,264,0,265,0,75,368,0,443,205,0,205,648
07/07/2020,VNY,CA,AWP,WE,Towers with Radar,0,59,78,0,137,0,0,285,2,287,0,59,363,2,424,348,0,348,772
07/08/2020,VNY,CA,AWP,WE,Towers with Radar,2,49,64,0,115,0,2,276,1,279,2,51,340,1,394,306,0,306,700
07/09/2020,VNY,CA,AWP,WE,Towers with Radar,0,60,81,0,141,0,2,247,0,249,0,62,328,0,390,360,0,360,750
07/10/2020,VNY,CA,AWP,WE,Towers with Radar,1,72,75,0,148,0,2,244,0,246,1,74,319,0,394,380,0,380,774
07/11/2020,VNY,CA,AWP,WE,Towers with Radar,0,68,55,0,123,0,2,210,0,212,0,70,265,0,335,308,0,308,643
07/12/2020,VNY,CA,AWP,WE,Towers with Radar,0,76,87,0,163,0,0,190,0,190,0,76,277,0,353,183,0,183,536
07/13/2020,VNY,CA,AWP,WE,Towers with Radar,0,56,69,0,125,0,2,219,1,222,0,58,288,1,347,192,0,192,539
07/14/2020,VNY,CA,AWP,WE,Towers with Radar,0,56,78,0,134,0,0,280,0,280,0,56,358,0,414,316,0,316,730
07/15/2020,VNY,CA,AWP,WE,Towers with Radar,0,65,63,0,128,0,0,283,0,283,0,65,346,0,411,276,0,276,687
07/16/2020,VNY,CA,AWP,WE,Towers with Radar,0,60,116,0,176,0,1,254,0,255,0,61,370,0,431,212,0,212,643
07/17/2020,VNY,CA,AWP,WE,Towers with Radar,0,53,73,0,126,0,1,281,1,283,0,54,354,1,409,326,0,326,735
07/18/2020,VNY,CA,AWP,WE,Towers with Radar,0,81,65,0,146,0,1,399,1,401,0,82,464,1,547,272,0,272,819
07/19/2020,VNY,CA,AWP,WE,Towers with Radar,1,78,96,0,175,0,0,258,2,260,1,78,354,2,435,316,0,316,751
07/20/2020,VNY,CA,AWP,WE,Towers with Radar,0,59,69,0,128,0,1,237,0,238,0,60,306,0,366,258,0,258,624
07/21/2020,VNY,CA,AWP,WE,Towers with Radar,0,53,83,0,136,0,2,370,0,372,0,55,453,0,508,419,0,419,927
07/22/2020,VNY,CA,AWP,WE,Towers with Radar,1,60,99,0,160,0,0,335,0,335,1,60,434,0,495,278,0,278,773
07/23/2020,VNY,CA,AWP,WE,Towers with Radar,0,55,109,0,164,0,1,245,0,246,0,56,354,0,410,156,0,156,566
07/24/2020,VNY,CA,AWP,WE,Towers with Radar,0,78,110,0,188,0,0,247,0,247,0,78,357,0,435,408,0,408,843
07/25/2020,VNY,CA,AWP,WE,Towers with Radar,0,76,70,0,146,0,10,240,1,251,0,86,310,1,397,194,0,194,591
07/26/2020,VNY,CA,AWP,WE,Towers with Radar,0,95,107,0,202,0,2,301,0,303,0,97,408,0,505,198,0,198,703
07/27/2020,VNY,CA,AWP,WE,Towers with Radar,0,72,88,0,160,0,2,273,2,277,0,74,361,2,437,326,0,326,763
07/28/2020,VNY,CA,AWP,WE,Towers with Radar,0,46,81,0,127,0,2,275,0,277,0,48,356,0,404,467,0,467,871
07/29/2020,VNY,CA,AWP,WE,Towers with Radar,0,51,85,0,136,0,0,315,0,315,0,51,400,0,451,454,0,454,905
07/30/2020,VNY,CA,AWP,WE,Towers with Radar,0,72,95,0,167,0,3,280,0,283,0,75,375,0,450,464,0,464,914
07/31/2020,VNY,CA,AWP,WE,Towers with Radar,0,88,103,0,191,0,3,272,0,275,0,91,375,0,466,324,0,324,790
08/01/2020,VNY,CA,AWP,WE,Towers with Radar,0,94,88,0,182,0,2,255,0,257,0,96,343,0,439,229,0,229,668
08/02/2020,VNY,CA,AWP,WE,Towers with Radar,0,71,91,0,162,0,1,214,0,215,0,72,305,0,377,236,0,236,613
08/03/2020,VNY,CA,AWP,WE,Towers with Radar,1,69,93,0,163,0,0,250,1,251,1,69,343,1,414,312,0,312,726
08/04/2020,VNY,CA,AWP,WE,Towers with Radar,0,63,69,1,133,0,1,260,0,261,0,64,329,1,394,318,0,318,712
08/05/2020,VNY,CA,AWP,WE,Towers with Radar,0,73,89,0,162,0,1,273,0,274,0,74,362,0,436,277,0,277,713
08/06/2020,VNY,CA,AWP,WE,Towers with Radar,0,63,99,0,162,0,1,240,2,243,0,64,339,2,405,338,0,338,743
08/07/2020,VNY,CA,AWP,WE,Towers with Radar,1,80,91,0,172,0,2,282,0,284,1,82,373,0,456,455,0,455,911
08/08/2020,VNY,CA,AWP,WE,Towers with Radar,0,82,78,0,160,0,1,226,0,227,0,83,304,0,387,294,0,294,681
08/09/2020,VNY,CA,AWP,WE,Towers with Radar,0,93,116,0,209,0,1,231,0,232,0,94,347,0,441,238,0,238,679
08/10/2020,VNY,CA,AWP,WE,Towers with Radar,0,90,87,0,177,0,1,214,3,218,0,91,301,3,395,324,0,324,719
08/11/2020,VNY,CA,AWP,WE,Towers with Radar,0,65,73,0,138,0,2,334,0,336,0,67,407,0,474,319,0,319,793
08/12/2020,VNY,CA,AWP,WE,Towers with Radar,0,91,91,1,183,0,0,282,0,282,0,91,373,1,465,307,0,307,772
08/13/2020,VNY,CA,AWP,WE,Towers with Radar,1,71,108,0,180,0,4,299,0,303,1,75,407,0,483,234,0,234,717
08/14/2020,VNY,CA,AWP,WE,Towers with Radar,0,75,103,0,178,0,1,253,0,254,0,76,356,0,432,170,0,170,602
08/15/2020,VNY,CA,AWP,WE,Towers with Radar,0,83,79,0,162,0,0,217,1,218,0,83,296,1,380,184,0,184,564
08/16/2020,VNY,CA,AWP,WE,Towers with Radar,0,80,117,0,197,0,0,242,1,243,0,80,359,1,440,241,0,241,681
08/17/2020,VNY,CA,AWP,WE,Towers with Radar,0,76,84,1,161,0,1,229,0,230,0,77,313,1,391,371,0,371,762
08/18/2020,VNY,CA,AWP,WE,Towers with Radar,0,69,70,0,139,0,1,155,1,157,0,70,225,1,296,204,0,204,500
08/19/2020,VNY,CA,AWP,WE,Towers with Radar,0,65,72,0,137,0,2,228,0,230,0,67,300,0,367,293,0,293,660
08/20/2020,VNY,CA,AWP,WE,Towers with Radar,2,80,93,0,175,0,6,211,0,217,2,86,304,0,392,286,0,286,678
08/21/2020,VNY,CA,AWP,WE,Towers with Radar,0,89,99,0,188,0,1,258,0,259,0,90,357,0,447,310,0,310,757
08/22/2020,VNY,CA,AWP,WE,Towers with Radar,3,83,92,0,178,0,0,277,2,279,3,83,369,2,457,278,0,278,735
08/23/2020,VNY,CA,AWP,WE,Towers with Radar,0,85,115,1,201,0,1,304,1,306,0,86,419,2,507,371,0,371,878
08/24/2020,VNY,CA,AWP,WE,Towers with Radar,0,76,90,0,166,0,0,226,0,226,0,76,316,0,392,296,0,296,688
08/25/2020,VNY,CA,AWP,WE,Towers with Radar,0,68,63,0,131,0,2,300,0,302,0,70,363,0,433,238,0,238,671
08/26/2020,VNY,CA,AWP,WE,Towers with Radar,1,76,94,2,173,0,2,240,0,242,1,78,334,2,415,408,0,408,823
08/27/2020,VNY,CA,AWP,WE,Towers with Radar,3,86,84,1,174,0,5,235,2,242,3,91,319,3,416,260,0,260,676
08/28/2020,VNY,CA,AWP,WE,Towers with Radar,2,72,101,0,175,0,2,312,1,315,2,74,413,1,490,396,0,396,886
08/29/2020,VNY,CA,AWP,WE,Towers with Radar,2,65,71,0,138,0,2,268,0,270,2,67,339,0,408,335,0,335,743
08/30/2020,VNY,CA,AWP,WE,Towers with Radar,0,88,109,1,198,0,2,230,0,232,0,90,339,1,430,248,0,248,678
08/31/2020,VNY,CA,AWP,WE,Towers with Radar,1,76,76,0,153,0,2,228,0,230,1,78,304,0,383,192,0,192,575
09/01/2020,VNY,CA,AWP,WE,Towers with Radar,1,84,87,0,172,0,1,226,0,227,1,85,313,0,399,291,0,291,690
09/02/2020,VNY,CA,AWP,WE,Towers with Radar,1,83,72,0,156,0,3,284,1,288,1,86,356,1,444,352,0,352,796
09/03/2020,VNY,CA,AWP,WE,Towers with Radar,0,84,110,0,194,0,6,305,0,311,0,90,415,0,505,310,0,310,815
09/04/2020,VNY,CA,AWP,WE,Towers with Radar,0,94,127,0,221,0,3,319,0,322,0,97,446,0,543,272,0,272,815
09/05/2020,VNY,CA,AWP,WE,Towers with Radar,0,55,58,1,114,0,0,191,1,192,0,55,249,2,306,139,0,139,445
09/06/2020,VNY,CA,AWP,WE,Towers with Radar,0,70,51,0,121,0,2,245,1,248,0,72,296,1,369,74,0,74,443
09/07/2020,VNY,CA,AWP,WE,Towers with Radar,0,100,132,1,233,0,3,192,2,197,0,103,324,3,430,417,0,417,847
09/08/2020,VNY,CA,AWP,WE,Towers with Radar,0,58,84,0,142,0,1,151,0,152,0,59,235,0,294,487,0,487,781
09/09/2020,VNY,CA,AWP,WE,Towers with Radar,2,76,83,0,161,0,4,238,1,243,2,80,321,1,404,398,0,398,802
09/10/2020,VNY,CA,AWP,WE,Towers with Radar,0,78,104,1,183,0,0,243,0,243,0,78,347,1,426,414,0,414,840
09/11/2020,VNY,CA,AWP,WE,Towers with Radar,0,75,97,0,172,0,10,206,0,216,0,85,303,0,388,352,0,352,740
09/12/2020,VNY,CA,AWP,WE,Towers with Radar,0,80,82,0,162,0,0,75,0,75,0,80,157,0,237,161,0,161,398
09/13/2020,VNY,CA,AWP,WE,Towers with Radar,2,80,90,0,172,0,2,130,0,132,2,82,220,0,304,125,0,125,429
09/14/2020,VNY,CA,AWP,WE,Towers with Radar,0,69,89,0,158,0,1,199,0,200,0,70,288,0,358,435,0,435,793
09/15/2020,VNY,CA,AWP,WE,Towers with Radar,0,55,96,0,151,0,0,164,1,165,0,55,260,1,316,186,0,186,502
09/16/2020,VNY,CA,AWP,WE,Towers with Radar,0,83,97,0,180,0,4,265,0,269,0,87,362,0,449,300,0,300,749
09/17/2020,VNY,CA,AWP,WE,Towers with Radar,0,71,105,1,177,0,0,298,0,298,0,71,403,1,475,373,0,373,848
09/18/2020,VNY,CA,AWP,WE,Towers with Radar,0,85,115,0,200,0,3,276,0,279,0,88,391,0,479,285,0,285,764
09/19/2020,VNY,CA,AWP,WE,Towers with Radar,0,65,65,0,130,0,2,249,4,255,0,67,314,4,385,192,0,192,577
09/20/2020,VNY,CA,AWP,WE,Towers with Radar,0,110,118,0,228,0,1,274,3,278,0,111,392,3,506,348,0,348,854
09/21/2020,VNY,CA,AWP,WE,Towers with Radar,0,83,80,0,163,0,1,192,0,193,0,84,272,0,356,261,0,261,617
09/22/2020,VNY,CA,AWP,WE,Towers with Radar,0,56,80,0,136,0,2,314,0,316,0,58,394,0,452,345,0,345,797
09/23/2020,VNY,CA,AWP,WE,Towers with Radar,0,83,97,1,181,0,2,305,1,308,0,85,402,2,489,406,0,406,895
09/24/2020,VNY,CA,AWP,WE,Towers with Radar,0,86,111,0,197,0,4,255,0,259,0,90,366,0,456,256,0,256,712
09/25/2020,VNY,CA,AWP,WE,Towers with Radar,0,89,80,1,170,0,3,293,0,296,0,92,373,1,466,373,0,373,839
09/26/2020,VNY,CA,AWP,WE,Towers with Radar,0,65,82,1,148,0,0,237,0,237,0,65,319,1,385,297,0,297,682
09/27/2020,VNY,CA,AWP,WE,Towers with Radar,0,103,79,0,182,0,3,214,0,217,0,106,293,0,399,310,0,310,709
09/28/2020,VNY,CA,AWP,WE,Towers with Radar,2,76,88,0,166,0,6,208,0,214,2,82,296,0,380,219,0,219,599
09/29/2020,VNY,CA,AWP,WE,Towers with Radar,0,67,74,0,141,0,2,262,0,264,0,69,336,0,405,236,0,236,641
09/30/2020,VNY,CA,AWP,WE,Towers with Radar,0,72,92,0,164,0,1,242,0,243,0,73,334,0,407,185,0,185,592
10/01/2020,VNY,CA,AWP,WE,Towers with Radar,2,113,97,0,212,0,0,286,0,286,2,113,383,0,498,268,0,268,766
10/02/2020,VNY,CA,AWP,WE,Towers with Radar,0,77,91,0,168,0,1,295,0,296,0,78,386,0,464,294,0,294,758
10/03/2020,VNY,CA,AWP,WE,Towers with Radar,0,100,72,0,172,0,1,305,0,306,0,101,377,0,478,343,0,343,821
10/04/2020,VNY,CA,AWP,WE,Towers with Radar,2,97,107,0,206,0,1,249,0,250,2,98,356,0,456,228,0,228,684
10/05/2020,VNY,CA,AWP,WE,Towers with Radar,2,71,83,1,157,0,2,222,0,224,2,73,305,1,381,458,0,458,839
10/06/2020,VNY,CA,AWP,WE,Towers with Radar,0,77,95,0,172,0,4,266,0,270,0,81,361,0,442,291,0,291,733
10/07/2020,VNY,CA,AWP,WE,Towers with Radar,0,61,100,0,161,0,0,252,0,252,0,61,352,0,413,370,0,370,783
10/08/2020,VNY,CA,AWP,WE,Towers with Radar,2,88,118,0,208,0,1,176,0,177,2,89,294,0,385,566,0,566,951
10/09/2020,VNY,CA,AWP,WE,Towers with Radar,0,70,118,0,188,0,3,173,1,177,0,73,291,1,365,379,0,379,744
10/10/2020,VNY,CA,AWP,WE,Towers with Radar,0,83,79,0,162,0,0,214,1,215,0,83,293,1,377,310,0,310,687
10/11/2020,VNY,CA,AWP,WE,Towers with Radar,0,101,84,0,185,0,0,331,0,331,0,101,415,0,516,224,0,224,740
10/12/2020,VNY,CA,AWP,WE,Towers with Radar,0,85,103,1,189,0,1,285,1,287,0,86,388,2,476,309,0,309,785
10/13/2020,VNY,CA,AWP,WE,Towers with Radar,0,68,84,0,152,0,1,279,0,280,0,69,363,0,432,242,0,242,674
10/14/2020,VNY,CA,AWP,WE,Towers with Radar,0,83,94,0,177,0,5,318,0,323,0,88,412,0,500,389,0,389,889
10/15/2020,VNY,CA,AWP,WE,Towers with Radar,0,94,118,1,213,0,0,294,2,296,0,94,412,3,509,291,0,291,800
10/16/2020,VNY,CA,AWP,WE,Towers with Radar,0,87,104,0,191,0,0,273,2,275,0,87,377,2,466,119,0,119,585
10/17/2020,VNY,CA,AWP,WE,Towers with Radar,0,63,87,0,150,0,1,296,0,297,0,64,383,0,447,331,0,331,778
10/18/2020,VNY,CA,AWP,WE,Towers with Radar,0,107,115,1,223,0,2,235,0,237,0,109,350,1,460,413,0,413,873
10/19/2020,VNY,CA,AWP,WE,Towers with Radar,0,89,77,0,166,0,1,164,0,165,0,90,241,0,331,201,0,201,532
10/20/2020,VNY,CA,AWP,WE,Towers with Radar,0,49,74,0,123,0,0,231,0,231,0,49,305,0,354,355,0,355,709
10/21/2020,VNY,CA,AWP,WE,Towers with Radar,0,86,99,0,185,0,2,214,0,216,0,88,313,0,401,238,0,238,639
10/22/2020,VNY,CA,AWP,WE,Towers with Radar,0,108,129,0,237,0,1,194,0,195,0,109,323,0,432,427,0,427,859
10/23/2020,VNY,CA,AWP,WE,Towers with Radar,0,99,123,0,222,0,5,216,1,222,0,104,339,1,444,376,0,376,820
10/24/2020,VNY,CA,AWP,WE,Towers with Radar,0,88,87,0,175,0,1,185,1,187,0,89,272,1,362,370,0,370,732
10/25/2020,VNY,CA,AWP,WE,Towers with Radar,0,105,101,0,206,0,2,141,0,143,0,107,242,0,349,318,0,318,667
10/26/2020,VNY,CA,AWP,WE,Towers with Radar,0,70,67,1,138,0,1,85,0,86,0,71,152,1,224,31,0,31,255
10/27/2020,VNY,CA,AWP,WE,Towers with Radar,0,76,96,0,172,0,3,166,0,169,0,79,262,0,341,113,0,113,454
10/28/2020,VNY,CA,AWP,WE,Towers with Radar,0,70,103,0,173,0,2,323,1,326,0,72,426,1,499,331,0,331,830
10/29/2020,VNY,CA,AWP,WE,Towers with Radar,0,77,86,0,163,0,0,298,0,298,0,77,384,0,461,457,0,457,918
10/30/2020,VNY,CA,AWP,WE,Towers with Radar,0,99,90,2,191,2,2,266,0,270,2,101,356,2,461,197,0,197,658
10/31/2020,VNY,CA,AWP,WE,Towers with Radar,1,64,75,0,140,0,4,340,0,344,1,68,415,0,484,258,0,258,742
11/01/2020,VNY,CA,AWP,WE,Towers with Radar,1,95,86,0,182,0,2,235,0,237,1,97,321,0,419,225,0,225,644
11/02/2020,VNY,CA,AWP,WE,Towers with Radar,0,90,98,0,188,0,1,244,2,247,0,91,342,2,435,270,0,270,705
11/03/2020,VNY,CA,AWP,WE,Towers with Radar,0,56,87,0,143,0,1,221,1,223,0,57,308,1,366,292,0,292,658
11/04/2020,VNY,CA,AWP,WE,Towers with Radar,0,71,72,0,143,0,0,245,0,245,0,71,317,0,388,377,0,377,765
11/05/2020,VNY,CA,AWP,WE,Towers with Radar,0,73,101,0,174,0,2,224,0,226,0,75,325,0,400,369,0,369,769
11/06/2020,VNY,CA,AWP,WE,Towers with Radar,0,78,97,0,175,0,1,214,0,215,0,79,311,0,390,278,0,278,668
11/07/2020,VNY,CA,AWP,WE,Towers with Radar,0,43,65,0,108,0,1,58,0,59,0,44,123,0,167,48,0,48,215
11/08/2020,VNY,CA,AWP,WE,Towers with Radar,1,97,87,0,185,0,4,76,0,80,1,101,163,0,265,72,0,72,337
11/09/2020,VNY,CA,AWP,WE,Towers with Radar,0,64,70,1,135,0,1,229,0,230,0,65,299,1,365,279,0,279,644
11/10/2020,VNY,CA,AWP,WE,Towers with Radar,0,58,85,0,143,0,2,282,0,284,0,60,367,0,427,309,0,309,736
11/11/2020,VNY,CA,AWP,WE,Towers with Radar,0,64,84,0,148,0,1,311,1,313,0,65,395,1,461,405,0,405,866
11/12/2020,VNY,CA,AWP,WE,Towers with Radar,0,72,60,0,132,0,0,262,0,262,0,72,322,0,394,362,0,362,756
11/13/2020,VNY,CA,AWP,WE,Towers with Radar,0,61,111,1,173,0,0,278,2,280,0,61,389,3,453,306,0,306,759
11/14/2020,VNY,CA,AWP,WE,Towers with Radar,0,64,70,0,134,0,0,249,0,249,0,64,319,0,383,246,0,246,629
11/15/2020,VNY,CA,AWP,WE,Towers with Radar,0,82,90,0,172,0,1,218,0,219,0,83,308,0,391,195,0,195,586
11/16/2020,VNY,CA,AWP,WE,Towers with Radar,0,73,72,0,145,0,2,213,0,215,0,75,285,0,360,169,0,169,529
11/17/2020,VNY,CA,AWP,WE,Towers with Radar,0,82,98,0,180,0,4,271,0,275,0,86,369,0,455,407,0,407,862
11/18/2020,VNY,CA,AWP,WE,Towers with Radar,2,94,104,0,200,0,2,204,0,206,2,96,308,0,406,373,0,373,779
11/19/2020,VNY,CA,AWP,WE,Towers with Radar,0,72,104,0,176,0,1,256,1,258,0,73,360,1,434,283,0,283,717
11/20/2020,VNY,CA,AWP,WE,Towers with Radar,2,123,99,0,224,0,1,304,1,306,2,124,403,1,530,334,0,334,864
11/21/2020,VNY,CA,AWP,WE,Towers with Radar,2,87,79,0,168,0,1,253,0,254,2,88,332,0,422,179,0,179,601
11/22/2020,VNY,CA,AWP,WE,Towers with Radar,1,103,114,0,218,0,2,284,0,286,1,105,398,0,504,342,0,342,846
11/23/2020,VNY,CA,AWP,WE,Towers with Radar,0,91,102,0,193,0,3,221,0,224,0,94,323,0,417,265,0,265,682
11/24/2020,VNY,CA,AWP,WE,Towers with Radar,0,89,115,0,204,0,2,273,2,277,0,91,388,2,481,445,0,445,926
11/25/2020,VNY,CA,AWP,WE,Towers with Radar,0,83,96,0,179,0,2,223,3,228,0,85,319,3,407,241,0,241,648
11/26/2020,VNY,CA,AWP,WE,Towers with Radar,0,49,29,0,78,0,3,77,1,81,0,52,106,1,159,10,0,10,169
11/27/2020,VNY,CA,AWP,WE,Towers with Radar,0,64,62,0,126,0,3,139,0,142,0,67,201,0,268,251,0,251,519
11/28/2020,VNY,CA,AWP,WE,Towers with Radar,1,105,85,0,191,0,1,249,2,252,1,106,334,2,443,226,0,226,669
11/29/2020,VNY,CA,AWP,WE,Towers with Radar,0,118,165,0,283,0,5,205,0,210,0,123,370,0,493,245,0,245,738
11/30/2020,VNY,CA,AWP,WE,Towers with Radar,1,92,88,0,181,0,3,235,1,239,1,95,323,1,420,228,0,228,648
12/01/2020,VNY,CA,AWP,WE,Towers with Radar,0,82,75,0,157,0,2,254,0,256,0,84,329,0,413,283,0,283,696
12/02/2020,VNY,CA,AWP,WE,Towers with Radar,0,70,62,0,132,0,1,221,0,222,0,71,283,0,354,397,0,397,751
12/03/2020,VNY,CA,AWP,WE,Towers with Radar,0,62,65,0,127,0,1,123,0,124,0,63,188,0,251,48,0,48,299
12/04/2020,VNY,CA,AWP,WE,Towers with Radar,0,68,81,0,149,0,0,279,1,280,0,68,360,1,429,283,0,283,712
12/05/2020,VNY,CA,AWP,WE,Towers with Radar,0,61,68,0,129,0,5,262,1,268,0,66,330,1,397,360,0,360,757
12/06/2020,VNY,CA,AWP,WE,Towers with Radar,0,67,65,0,132,0,2,216,0,218,0,69,281,0,350,332,0,332,682
12/07/2020,VNY,CA,AWP,WE,Towers with Radar,0,40,63,0,103,0,0,91,0,91,0,40,154,0,194,80,0,80,274
12/08/2020,VNY,CA,AWP,WE,Towers with Radar,1,63,54,1,119,0,3,184,1,188,1,66,238,2,307,295,0,295,602
12/09/2020,VNY,CA,AWP,WE,Towers with Radar,0,73,76,0,149,0,1,340,1,342,0,74,416,1,491,427,0,427,918
12/10/2020,VNY,CA,AWP,WE,Towers with Radar,1,66,80,0,147,0,0,268,0,268,1,66,348,0,415,342,0,342,757
12/11/2020,VNY,CA,AWP,WE,Towers with Radar,0,70,98,0,168,0,1,177,0,178,0,71,275,0,346,374,0,374,720
12/12/2020,VNY,CA,AWP,WE,Towers with Radar,0,77,65,0,142,0,3,176,1,180,0,80,241,1,322,352,0,352,674
12/13/2020,VNY,CA,AWP,WE,Towers with Radar,0,69,96,0,165,0,2,257,1,260,0,71,353,1,425,266,0,266,691
12/14/2020,VNY,CA,AWP,WE,Towers with Radar,0,62,61,0,123,0,4,118,0,122,0,66,179,0,245,17,0,17,262
12/15/2020,VNY,CA,AWP,WE,Towers with Radar,0,76,78,0,154,0,1,174,0,175,0,77,252,0,329,76,0,76,405
12/16/2020,VNY,CA,AWP,WE,Towers with Radar,0,72,92,0,164,0,2,322,0,324,0,74,414,0,488,315,0,315,803
12/17/2020,VNY,CA,AWP,WE,Towers with Radar,2,80,104,0,186,0,0,264,2,266,2,80,368,2,452,448,0,448,900
12/18/2020,VNY,CA,AWP,WE,Towers with Radar,0,121,110,1,232,0,2,236,0,238,0,123,346,1,470,193,0,193,663
12/19/2020,VNY,CA,AWP,WE,Towers with Radar,0,114,118,0,232,0,0,264,0,264,0,114,382,0,496,206,0,206,702
12/20/2020,VNY,CA,AWP,WE,Towers with Radar,0,103,110,0,213,0,2,282,1,285,0,105,392,1,498,291,0,291,789
12/21/2020,VNY,CA,AWP,WE,Towers with Radar,0,98,79,0,177,0,1,215,1,217,0,99,294,1,394,335,0,335,729
12/22/2020,VNY,CA,AWP,WE,Towers with Radar,0,84,89,0,173,0,0,261,0,261,0,84,350,0,434,313,0,313,747
12/23/2020,VNY,CA,AWP,WE,Towers with Radar,0,92,98,0,190,0,4,155,0,159,0,96,253,0,349,166,0,166,515
12/24/2020,VNY,CA,AWP,WE,Towers with Radar,0,52,49,0,101,0,1,144,0,145,0,53,193,0,246,86,0,86,332
12/25/2020,VNY,CA,AWP,WE,Towers with Radar,0,52,34,0,86,0,1,144,0,145,0,53,178,0,231,117,0,117,348
12/26/2020,VNY,CA,AWP,WE,Towers with Radar,0,91,138,0,229,0,2,208,1,211,0,93,346,1,440,253,0,253,693
12/27/2020,VNY,CA,AWP,WE,Towers with Radar,3,98,113,0,214,0,2,155,0,157,3,100,268,0,371,210,0,210,581
12/28/2020,VNY,CA,AWP,WE,Towers with Radar,0,81,91,0,172,0,0,34,0,34,0,81,125,0,206,27,0,27,233
12/29/2020,VNY,CA,AWP,WE,Towers with Radar,0,89,86,0,175,0,1,170,1,172,0,90,256,1,347,171,0,171,518
12/30/2020,VNY,CA,AWP,WE,Towers with Radar,0,92,73,0,165,0,1,232,1,234,0,93,305,1,399,207,0,207,606
12/31/2020,VNY,CA,AWP,WE,Towers with Radar,0,69,65,0,134,0,1,130,0,131,0,70,195,0,265,79,0,79,344
01/01/2021,VNY,CA,AWP,WE,Towers with Radar,0,59,50,0,109,0,3,115,0,118,0,62,165,0,227,38,0,38,265
01/02/2021,VNY,CA,AWP,WE,Towers with Radar,0,106,133,0,239,0,0,293,0,293,0,106,426,0,532,253,0,253,785
01/03/2021,VNY,CA,AWP,WE,Towers with Radar,0,132,151,0,283,0,2,210,2,214,0,134,361,2,497,302,0,302,799
01/04/2021,VNY,CA,AWP,WE,Towers with Radar,1,93,122,0,216,0,5,204,0,209,1,98,326,0,425,309,0,309,734
01/05/2021,VNY,CA,AWP,WE,Towers with Radar,0,71,79,0,150,0,1,188,0,189,0,72,267,0,339,199,0,199,538
01/06/2021,VNY,CA,AWP,WE,Towers with Radar,0,63,73,0,136,0,0,309,0,309,0,63,382,0,445,435,0,435,880
01/07/2021,VNY,CA,AWP,WE,Towers with Radar,0,60,106,0,166,0,2,270,0,272,0,62,376,0,438,400,0,400,838
01/08/2021,VNY,CA,AWP,WE,Towers with Radar,0,68,96,1,165,0,1,245,2,248,0,69,341,3,413,298,0,298,711
01/09/2021,VNY,CA,AWP,WE,Towers with Radar,0,79,77,0,156,0,3,120,0,123,0,82,197,0,279,79,0,79,358
01/10/2021,VNY,CA,AWP,WE,Towers with Radar,0,79,97,0,176,0,1,268,0,269,0,80,365,0,445,291,0,291,736
01/11/2021,VNY,CA,AWP,WE,Towers with Radar,0,63,74,1,138,0,1,222,0,223,0,64,296,1,361,247,0,247,608
01/12/2021,VNY,CA,AWP,WE,Towers with Radar,0,57,64,0,121,0,1,282,0,283,0,58,346,0,404,341,0,341,745
01/13/2021,VNY,CA,AWP,WE,Towers with Radar,0,73,79,0,152,0,3,226,0,229,0,76,305,0,381,343,0,343,724
01/14/2021,VNY,CA,AWP,WE,Towers with Radar,0,91,86,0,177,0,1,169,0,170,0,92,255,0,347,98,0,98,445
01/15/2021,VNY,CA,AWP,WE,Towers with Radar,0,74,89,0,163,0,1,141,0,142,0,75,230,0,305,25,0,25,330
01/16/2021,VNY,CA,AWP,WE,Towers with Radar,2,82,69,0,153,0,1,181,0,182,2,83,250,0,335,104,0,104,439
01/17/2021,VNY,CA,AWP,WE,Towers with Radar,0,78,73,0,151,0,0,305,1,306,0,78,378,1,457,304,0,304,761
01/18/2021,VNY,CA,AWP,WE,Towers with Radar,1,98,64,1,164,0,0,212,1,213,1,98,276,2,377,331,0,331,708
01/19/2021,VNY,CA,AWP,WE,Towers with Radar,0,52,54,0,106,0,0,73,0,73,0,52,127,0,179,6,0,6,185
01/20/2021,VNY,CA,AWP,WE,Towers with Radar,0,72,64,0,136,0,1,143,0,144,0,73,207,0,280,36,0,36,316
01/21/2021,VNY,CA,AWP,WE,Towers with Radar,0,57,83,0,140,0,1,346,4,351,0,58,429,4,491,379,0,379,870
01/22/2021,VNY,CA,AWP,WE,Towers with Radar,0,73,114,1,188,0,0,155,0,155,0,73,269,1,343,359,0,359,702
01/23/2021,VNY,CA,AWP,WE,Towers with Radar,0,83,74,0,157,0,0,70,0,70,0,83,144,0,227,302,0,302,529
01/24/2021,VNY,CA,AWP,WE,Towers with Radar,0,67,102,1,170,1,1,291,0,293,1,68,393,1,463,387,0,387,850
01/25/2021,VNY,CA,AWP,WE,Towers with Radar,0,52,64,0,116,0,1,69,0,70,0,53,133,0,186,124,0,124,310
01/26/2021,VNY,CA,AWP,WE,Towers with Radar,0,57,57,0,114,0,1,283,1,285,0,58,340,1,399,373,0,373,772
01/27/2021,VNY,CA,AWP,WE,Towers with Radar,1,70,64,0,135,0,0,165,0,165,1,70,229,0,300,235,0,235,535
01/28/2021,VNY,CA,AWP,WE,Towers with Radar,1,52,87,0,140,0,0,132,0,132,1,52,219,0,272,306,0,306,578
01/29/2021,VNY,CA,AWP,WE,Towers with Radar,0,62,89,0,151,0,2,85,0,87,0,64,174,0,238,161,0,161,399
01/30/2021,VNY,CA,AWP,WE,Towers with Radar,1,71,69,0,141,0,0,337,0,337,1,71,406,0,478,400,0,400,878
01/31/2021,VNY,CA,AWP,WE,Towers with Radar,0,74,86,0,160,0,3,295,0,298,0,77,381,0,458,313,0,313,771
02/01/2021,VNY,CA,AWP,WE,Towers with Radar,0,60,62,0,122,0,3,254,0,257,0,63,316,0,379,479,0,479,858
02/02/2021,VNY,CA,AWP,WE,Towers with Radar,0,48,85,0,133,0,3,249,0,252,0,51,334,0,385,506,0,506,891
02/03/2021,VNY,CA,AWP,WE,Towers with Radar,0,72,108,0,180,0,3,255,0,258,0,75,363,0,438,423,0,423,861
02/04/2021,VNY,CA,AWP,WE,Towers with Radar,0,66,114,0,180,0,3,278,0,281,0,69,392,0,461,315,0,315,776
02/05/2021,VNY,CA,AWP,WE,Towers with Radar,0,73,104,0,177,0,1,315,0,316,0,74,419,0,493,548,0,548,1041
02/06/2021,VNY,CA,AWP,WE,Towers with Radar,0,62,60,1,123,0,2,350,0,352,0,64,410,1,475,354,0,354,829
02/07/2021,VNY,CA,AWP,WE,Towers with Radar,0,62,91,0,153,0,2,240,2,244,0,64,331,2,397,463,0,463,860
02/08/2021,VNY,CA,AWP,WE,Towers with Radar,0,75,103,2,180,0,0,155,0,155,0,75,258,2,335,384,0,384,719
02/09/2021,VNY,CA,AWP,WE,Towers with Radar,0,71,77,1,149,0,0,159,1,160,0,71,236,2,309,383,0,383,692
02/10/2021,VNY,CA,AWP,WE,Towers with Radar,0,73,113,0,186,0,0,287,0,287,0,73,400,0,473,498,0,498,971
02/11/2021,VNY,CA,AWP,WE,Towers with Radar,0,91,135,0,226,0,2,285,0,287,0,93,420,0,513,595,0,595,1108
02/12/2021,VNY,CA,AWP,WE,Towers with Radar,0,91,122,1,214,0,0,170,1,171,0,91,292,2,385,76,0,76,461
02/13/2021,VNY,CA,AWP,WE,Towers with Radar,0,73,58,0,131,0,0,248,0,248,0,73,306,0,379,298,0,298,677
02/14/2021,VNY,CA,AWP,WE,Towers with Radar,0,74,78,0,152,0,0,203,0,203,0,74,281,0,355,80,0,80,435
02/15/2021,VNY,CA,AWP,WE,Towers with Radar,0,102,152,0,254,0,4,273,0,277,0,106,425,0,531,301,0,301,832
02/16/2021,VNY,CA,AWP,WE,Towers with Radar,0,85,94,0,179,0,1,156,1,158,0,86,250,1,337,33,0,33,370
02/17/2021,VNY,CA,AWP,WE,Towers with Radar,0,89,85,0,174,0,0,143,0,143,0,89,228,0,317,47,0,47,364
02/18/2021,VNY,CA,AWP,WE,Towers with Radar,1,80,109,0,190,0,2,237,1,240,1,82,346,1,430,97,0,97,527
02/19/2021,VNY,CA,AWP,WE,Towers with Radar,0,88,116,0,204,0,6,480,0,486,0,94,596,0,690,555,0,555,1245
02/20/2021,VNY,CA,AWP,WE,Towers with Radar,1,81,62,0,144,0,1,77,0,78,1,82,139,0,222,8,0,8,230
02/21/2021,VNY,CA,AWP,WE,Towers with Radar,0,100,101,0,201,0,0,205,0,205,0,100,306,0,406,122,0,122,528
02/22/2021,VNY,CA,AWP,WE,Towers with Radar,0,84,90,0,174,0,4,233,0,237,0,88,323,0,411,397,0,397,808
02/23/2021,VNY,CA,AWP,WE,Towers with Radar,1,82,90,0,173,0,0,293,0,293,1,82,383,0,466,526,0,526,992
02/24/2021,VNY,CA,AWP,WE,Towers with Radar,0,78,106,1,185,0,2,350,0,352,0,80,456,1,537,464,0,464,1001
02/25/2021,VNY,CA,AWP,WE,Towers with Radar,0,94,90,0,184,0,4,133,0,137,0,98,223,0,321,82,0,82,403
02/26/2021,VNY,CA,AWP,WE,Towers with Radar,0,95,104,0,199,0,4,387,0,391,0,99,491,0,590,451,0,451,1041
02/27/2021,VNY,CA,AWP,WE,Towers with Radar,0,93,67,0,160,0,1,115,0,116,0,94,182,0,276,18,0,18,294
02/28/2021,VNY,CA,AWP,WE,Towers with Radar,0,91,108,0,199,0,2,97,0,99,0,93,205,0,298,26,0,26,324
03/01/2021,VNY,CA,AWP,WE,Towers with Radar,0,76,77,1,154,0,2,264,0,266,0,78,341,1,420,417,0,417,837
03/02/2021,VNY,CA,AWP,WE,Towers with Radar,0,69,66,0,135,0,2,266,0,268,0,71,332,0,403,444,0,444,847
03/03/2021,VNY,CA,AWP,WE,Towers with Radar,0,90,109,0,199,0,1,147,0,148,0,91,256,0,347,207,0,207,554
03/04/2021,VNY,CA,AWP,WE,Towers with Radar,0,98,121,0,219,0,4,379,0,383,0,102,500,0,602,511,0,511,1113
03/05/2021,VNY,CA,AWP,WE,Towers with Radar,0,100,101,0,201,0,2,366,0,368,0,102,467,0,569,545,0,545,1114
03/06/2021,VNY,CA,AWP,WE,Towers with Radar,0,66,78,0,144,0,3,345,1,349,0,69,423,1,493,427,0,427,920
03/07/2021,VNY,CA,AWP,WE,Towers with Radar,0,114,114,0,228,0,2,194,0,196,0,116,308,0,424,427,0,427,851
03/08/2021,VNY,CA,AWP,WE,Towers with Radar,0,89,112,0,201,0,2,218,0,220,0,91,330,0,421,454,0,454,875
03/09/2021,VNY,CA,AWP,WE,Towers with Radar,2,74,76,0,152,0,0,193,2,195,2,74,269,2,347,261,0,261,608
03/10/2021,VNY,CA,AWP,WE,Towers with Radar,0,84,104,0,188,0,1,88,0,89,0,85,192,0,277,54,0,54,331
03/11/2021,VNY,CA,AWP,WE,Towers with Radar,0,83,86,0,169,0,1,137,0,138,0,84,223,0,307,271,0,271,578
03/12/2021,VNY,CA,AWP,WE,Towers with Radar,0,101,133,0,234,0,3,233,0,236,0,104,366,0,470,364,0,364,834
03/13/2021,VNY,CA,AWP,WE,Towers with Radar,0,80,92,0,172,0,3,267,0,270,0,83,359,0,442,429,0,429,871
03/14/2021,VNY,CA,AWP,WE,Towers with Radar,0,102,139,0,241,0,0,234,0,234,0,102,373,0,475,617,0,617,1092
03/15/2021,VNY,CA,AWP,WE,Towers with Radar,0,105,94,0,199,0,0,52,0,52,0,105,146,0,251,36,0,36,287
03/16/2021,VNY,CA,AWP,WE,Towers with Radar,0,96,76,0,172,0,1,315,0,316,0,97,391,0,488,519,0,519,1007
03/17/2021,VNY,CA,AWP,WE,Towers with Radar,0,111,114,1,226,0,2,319,0,321,0,113,433,1,547,431,0,431,978
03/18/2021,VNY,CA,AWP,WE,Towers with Radar,0,89,139,0,228,0,2,313,0,315,0,91,452,0,543,458,0,458,1001
03/19/2021,VNY,CA,AWP,WE,Towers with Radar,0,120,120,0,240,0,3,383,2,388,0,123,503,2,628,576,0,576,1204
03/20/2021,VNY,CA,AWP,WE,Towers with Radar,0,87,121,0,208,0,0,224,1,225,0,87,345,1,433,271,0,271,704
03/21/2021,VNY,CA,AWP,WE,Towers with Radar,0,101,132,0,233,0,0,240,1,241,0,101,372,1,474,139,0,139,613
03/22/2021,VNY,CA,AWP,WE,Towers with Radar,0,78,90,0,168,0,3,240,1,244,0,81,330,1,412,493,0,493,905
03/23/2021,VNY,CA,AWP,WE,Towers with Radar,0,63,83,0,146,0,0,166,0,166,0,63,249,0,312,150,0,150,462
03/24/2021,VNY,CA,AWP,WE,Towers with Radar,0,102,117,0,219,0,0,241,0,241,0,102,358,0,460,118,0,118,578
03/25/2021,VNY,CA,AWP,WE,Towers with Radar,0,91,142,1,234,0,1,182,0,183,0,92,324,1,417,469,0,469,886
03/26/2021,VNY,CA,AWP,WE,Towers with Radar,0,129,152,0,281,0,3,319,0,322,0,132,471,0,603,408,0,408,1011
03/27/2021,VNY,CA,AWP,WE,Towers with Radar,0,108,115,0,223,0,3,299,0,302,0,111,414,0,525,379,0,379,904
03/28/2021,VNY,CA,AWP,WE,Towers with Radar,0,122,145,0,267,0,2,340,0,342,0,124,485,0,609,387,0,387,996
03/29/2021,VNY,CA,AWP,WE,Towers with Radar,0,81,110,1,192,0,5,292,0,297,0,86,402,1,489,436,0,436,925
03/30/2021,VNY,CA,AWP,WE,Towers with Radar,0,87,96,0,183,0,2,246,0,248,0,89,342,0,431,362,0,362,793
03/31/2021,VNY,CA,AWP,WE,Towers with Radar,0,114,108,1,223,0,2,227,3,232,0,116,335,4,455,210,0,210,665
04/01/2021,VNY,CA,AWP,WE,Towers with Radar,0,113,130,0,243,0,1,286,1,288,0,114,416,1,531,240,0,240,771
04/02/2021,VNY,CA,AWP,WE,Towers with Radar,0,130,128,1,259,0,2,327,0,329,0,132,455,1,588,497,0,497,1085
04/03/2021,VNY,CA,AWP,WE,Towers with Radar,0,98,114,0,212,0,2,289,0,291,0,100,403,0,503,403,0,403,906
04/04/2021,VNY,CA,AWP,WE,Towers with Radar,0,110,102,0,212,0,2,262,0,264,0,112,364,0,476,281,0,281,757
04/05/2021,VNY,CA,AWP,WE,Towers with Radar,0,99,124,0,223,0,2,224,0,226,0,101,348,0,449,285,0,285,734
04/06/2021,VNY,CA,AWP,WE,Towers with Radar,0,90,109,0,199,0,0,230,0,230,0,90,339,0,429,493,0,493,922
04/07/2021,VNY,CA,AWP,WE,Towers with Radar,0,75,120,2,197,0,1,249,0,250,0,76,369,2,447,368,0,368,815
04/08/2021,VNY,CA,AWP,WE,Towers with Radar,0,84,131,0,215,0,1,252,0,253,0,85,383,0,468,286,0,286,754
04/09/2021,VNY,CA,AWP,WE,Towers with Radar,0,103,103,0,206,0,1,308,3,312,0,104,411,3,518,300,0,300,818
04/10/2021,VNY,CA,AWP,WE,Towers with Radar,0,102,88,0,190,0,0,341,1,342,0,102,429,1,532,365,0,365,897
04/11/2021,VNY,CA,AWP,WE,Towers with Radar,2,130,144,0,276,0,1,315,0,316,2,131,459,0,592,513,0,513,1105
04/12/2021,VNY,CA,AWP,WE,Towers with Radar,0,91,119,0,210,0,1,241,1,243,0,92,360,1,453,557,0,557,1010
04/13/2021,VNY,CA,AWP,WE,Towers with Radar,0,90,96,0,186,0,0,103,0,103,0,90,199,0,289,306,0,306,595
04/14/2021,VNY,CA,AWP,WE,Towers with Radar,0,82,120,0,202,0,1,213,0,214,0,83,333,0,416,463,0,463,879
04/15/2021,VNY,CA,AWP,WE,Towers with Radar,0,102,114,0,216,0,2,339,0,341,0,104,453,0,557,450,0,450,1007
04/16/2021,VNY,CA,AWP,WE,Towers with Radar,0,96,118,1,215,0,5,376,0,381,0,101,494,1,596,453,0,453,1049
04/17/2021,VNY,CA,AWP,WE,Towers with Radar,0,68,91,0,159,0,1,279,0,280,0,69,370,0,439,346,0,346,785
04/18/2021,VNY,CA,AWP,WE,Towers with Radar,0,108,119,0,227,0,1,158,1,160,0,109,277,1,387,62,0,62,449
04/19/2021,VNY,CA,AWP,WE,Towers with Radar,0,82,106,0,188,0,2,288,0,290,0,84,394,0,478,312,0,312,790
04/20/2021,VNY,CA,AWP,WE,Towers with Radar,0,82,86,0,168,0,1,283,0,284,0,83,369,0,452,369,0,369,821
04/21/2021,VNY,CA,AWP,WE,Towers with Radar,1,78,145,0,224,0,0,252,0,252,1,78,397,0,476,582,0,582,1058
04/22/2021,VNY,CA,AWP,WE,Towers with Radar,0,116,128,0,244,0,0,168,0,168,0,116,296,0,412,473,0,473,885
04/23/2021,VNY,CA,AWP,WE,Towers with Radar,1,84,131,0,216,0,1,179,0,180,1,85,310,0,396,528,0,528,924
04/24/2021,VNY,CA,AWP,WE,Towers with Radar,0,82,82,0,164,0,1,230,0,231,0,83,312,0,395,513,0,513,908
04/25/2021,VNY,CA,AWP,WE,Towers with Radar,1,90,140,0,231,0,0,156,1,157,1,90,296,1,388,292,0,292,680
04/26/2021,VNY,CA,AWP,WE,Towers with Radar,0,51,105,0,156,0,0,179,2,181,0,51,284,2,337,572,0,572,909
04/27/2021,VNY,CA,AWP,WE,Towers with Radar,0,67,88,0,155,0,7,227,2,236,0,74,315,2,391,347,0,347,738
04/28/2021,VNY,CA,AWP,WE,Towers with Radar,2,69,118,2,191,0,4,278,0,282,2,73,396,2,473,117,0,117,590
04/29/2021,VNY,CA,AWP,WE,Towers with Radar,0,101,132,0,233,0,3,339,0,342,0,104,471,0,575,328,0,328,903
04/30/2021,VNY,CA,AWP,WE,Towers with Radar,0,87,113,0,200,0,4,342,4,350,0,91,455,4,550,372,0,372,922
05/01/2021,VNY,CA,AWP,WE,Towers with Radar,0,86,93,0,179,0,3,336,6,345,0,89,429,6,524,331,0,331,855
05/02/2021,VNY,CA,AWP,WE,Towers with Radar,0,123,125,0,248,0,2,315,2,319,0,125,440,2,567,486,0,486,1053
05/03/2021,VNY,CA,AWP,WE,Towers with Radar,0,75,127,1,203,0,1,262,1,264,0,76,389,2,467,287,0,287,754
05/04/2021,VNY,CA,AWP,WE,Towers with Radar,0,83,88,1,172,0,1,298,1,300,0,84,386,2,472,391,0,391,863
05/05/2021,VNY,CA,AWP,WE,Towers with Radar,0,90,102,0,192,0,2,336,0,338,0,92,438,0,530,379,0,379,909
05/06/2021,VNY,CA,AWP,WE,Towers with Radar,0,101,126,0,227,0,2,319,0,321,0,103,445,0,548,332,0,332,880
05/07/2021,VNY,CA,AWP,WE,Towers with Radar,0,94,122,0,216,0,3,355,0,358,0,97,477,0,574,487,0,487,1061
05/08/2021,VNY,CA,AWP,WE,Towers with Radar,0,94,109,0,203,0,3,255,2,260,0,97,364,2,463,257,0,257,720
05/09/2021,VNY,CA,AWP,WE,Towers with Radar,0,78,110,0,188,0,1,228,0,229,0,79,338,0,417,308,0,308,725
05/10/2021,VNY,CA,AWP,WE,Towers with Radar,0,89,123,0,212,0,2,179,2,183,0,91,302,2,395,767,0,767,1162
05/11/2021,VNY,CA,AWP,WE,Towers with Radar,1,78,123,0,202,0,2,244,1,247,1,80,367,1,449,525,0,525,974
05/12/2021,VNY,CA,AWP,WE,Towers with Radar,0,83,129,2,214,0,4,289,1,294,0,87,418,3,508,615,0,615,1123
05/13/2021,VNY,CA,AWP,WE,Towers with Radar,1,96,144,0,241,0,0,208,1,209,1,96,352,1,450,503,0,503,953
05/14/2021,VNY,CA,AWP,WE,Towers with Radar,1,110,141,1,253,0,3,288,0,291,1,113,429,1,544,341,0,341,885
05/15/2021,VNY,CA,AWP,WE,Towers with Radar,0,100,100,0,200,0,2,209,4,215,0,102,309,4,415,320,0,320,735
05/16/2021,VNY,CA,AWP,WE,Towers with Radar,0,113,155,0,268,0,1,234,0,235,0,114,389,0,503,317,0,317,820
05/17/2021,VNY,CA,AWP,WE,Towers with Radar,0,77,122,0,199,0,1,203,4,208,0,78,325,4,407,353,0,353,760
05/18/2021,VNY,CA,AWP,WE,Towers with Radar,0,100,87,0,187,0,3,363,0,366,0,103,450,0,553,509,0,509,1062
05/19/2021,VNY,CA,AWP,WE,Towers with Radar,0,87,117,0,204,0,1,280,0,281,0,88,397,0,485,369,0,369,854
05/20/2021,VNY,CA,AWP,WE,Towers with Radar,0,98,106,0,204,0,1,295,0,296,0,99,401,0,500,511,0,511,1011
05/21/2021,VNY,CA,AWP,WE,Towers with Radar,1,110,111,0,222,0,6,307,0,313,1,116,418,0,535,376,0,376,911
05/22/2021,VNY,CA,AWP,WE,Towers with Radar,0,70,88,0,158,0,1,347,2,350,0,71,435,2,508,304,0,304,812
05/23/2021,VNY,CA,AWP,WE,Towers with Radar,0,123,133,0,256,0,2,357,0,359,0,125,490,0,615,268,0,268,883
05/24/2021,VNY,CA,AWP,WE,Towers with Radar,0,73,104,2,179,0,3,302,0,305,0,76,406,2,484,490,0,490,974
05/25/2021,VNY,CA,AWP,WE,Towers with Radar,0,87,105,0,192,0,1,315,0,316,0,88,420,0,508,381,0,381,889
05/26/2021,VNY,CA,AWP,WE,Towers with Radar,0,101,129,0,230,0,2,322,2,326,0,103,451,2,556,372,0,372,928
05/27/2021,VNY,CA,AWP,WE,Towers with Radar,0,102,148,0,250,0,1,323,2,326,0,103,471,2,576,465,2,467,1043
05/28/2021,VNY,CA,AWP,WE,Towers with Radar,1,122,147,0,270,0,3,364,1,368,1,125,511,1,638,585,0,585,1223
05/29/2021,VNY,CA,AWP,WE,Towers with Radar,1,88,96,0,185,0,0,255,4,259,1,88,351,4,444,229,0,229,673
05/30/2021,VNY,CA,AWP,WE,Towers with Radar,0,80,82,1,163,0,1,249,0,250,0,81,331,1,413,367,0,367,780
05/31/2021,VNY,CA,AWP,WE,Towers with Radar,0,135,151,0,286,0,5,298,3,306,0,140,449,3,592,392,0,392,984
06/01/2021,VNY,CA,AWP,WE,Towers with Radar,0,110,113,0,223,0,6,255,0,261,0,116,368,0,484,372,0,372,856
06/02/2021,VNY,CA,AWP,WE,Towers with Radar,0,71,110,0,181,0,3,244,0,247,0,74,354,0,428,388,0,388,816
06/03/2021,VNY,CA,AWP,WE,Towers with Radar,0,93,131,2,226,0,1,317,1,319,0,94,448,3,545,333,0,333,878
06/04/2021,VNY,CA,AWP,WE,Towers with Radar,1,91,116,0,208,0,2,306,0,308,1,93,422,0,516,504,0,504,1020
06/05/2021,VNY,CA,AWP,WE,Towers with Radar,2,71,108,0,181,0,1,330,0,331,2,72,438,0,512,276,0,276,788
06/06/2021,VNY,CA,AWP,WE,Towers with Radar,0,108,141,0,249,0,0,235,3,238,0,108,376,3,487,330,0,330,817
06/07/2021,VNY,CA,AWP,WE,Towers with Radar,0,102,129,1,232,0,4,103,0,107,0,106,232,1,339,283,0,283,622
06/08/2021,VNY,CA,AWP,WE,Towers with Radar,0,75,108,0,183,0,9,301,0,310,0,84,409,0,493,596,0,596,1089
06/09/2021,VNY,CA,AWP,WE,Towers with Radar,0,79,123,1,203,0,1,253,0,254,0,80,376,1,457,392,0,392,849
06/10/2021,VNY,CA,AWP,WE,Towers with Radar,0,105,148,0,253,0,5,294,3,302,0,110,442,3,555,419,0,419,974
06/11/2021,VNY,CA,AWP,WE,Towers with Radar,0,124,147,2,273,0,1,322,1,324,0,125,469,3,597,512,0,512,1109
06/12/2021,VNY,CA,AWP,WE,Towers with Radar,1,107,146,0,254,0,4,336,2,342,1,111,482,2,596,472,0,472,1068
06/13/2021,VNY,CA,AWP,WE,Towers with Radar,0,118,136,0,254,0,2,303,1,306,0,120,439,1,560,490,0,490,1050
06/14/2021,VNY,CA,AWP,WE,Towers with Radar,2,93,113,0,208,0,2,313,0,315,2,95,426,0,523,366,0,366,889
06/15/2021,VNY,CA,AWP,WE,Towers with Radar,0,100,86,0,186,0,0,228,1,229,0,100,314,1,415,408,0,408,823
06/16/2021,VNY,CA,AWP,WE,Towers with Radar,0,96,123,0,219,0,0,346,1,347,0,96,469,1,566,409,0,409,975
06/17/2021,VNY,CA,AWP,WE,Towers with Radar,0,121,143,0,264,0,3,319,0,322,0,124,462,0,586,538,0,538,1124
06/18/2021,VNY,CA,AWP,WE,Towers with Radar,2,122,169,0,293,0,3,573,0,576,2,125,742,0,869,494,0,494,1363
06/19/2021,VNY,CA,AWP,WE,Towers with Radar,1,87,95,1,184,0,4,135,5,144,1,91,230,6,328,0,0,0,328
06/20/2021,VNY,CA,AWP,WE,Towers with Radar,0,98,131,1,230,0,2,213,0,215,0,100,344,1,445,313,0,313,758
06/21/2021,VNY,CA,AWP,WE,Towers with Radar,0,121,109,0,230,0,1,258,1,260,0,122,367,1,490,454,0,454,944
06/22/2021,VNY,CA,AWP,WE,Towers with Radar,0,81,108,0,189,0,3,301,1,305,0,84,409,1,494,455,0,455,949
06/23/2021,VNY,CA,AWP,WE,Towers with Radar,0,118,115,0,233,0,1,354,0,355,0,119,469,0,588,388,0,388,976
06/24/2021,VNY,CA,AWP,WE,Towers with Radar,1,133,138,1,273,0,0,318,2,320,1,133,456,3,593,462,0,462,1055
06/25/2021,VNY,CA,AWP,WE,Towers with Radar,2,130,144,0,276,0,1,359,0,360,2,131,503,0,636,454,0,454,1090
06/26/2021,VNY,CA,AWP,WE,Towers with Radar,0,82,104,1,187,0,4,333,0,337,0,86,437,1,524,187,0,187,711
06/27/2021,VNY,CA,AWP,WE,Towers with Radar,0,114,156,0,270,0,2,260,0,262,0,116,416,0,532,352,0,352,884
06/28/2021,VNY,CA,AWP,WE,Towers with Radar,1,82,113,1,197,0,1,228,0,229,1,83,341,1,426,377,0,377,803
06/29/2021,VNY,CA,AWP,WE,Towers with Radar,1,79,115,0,195,0,1,244,0,245,1,80,359,0,440,391,0,391,831
06/30/2021,VNY,CA,AWP,WE,Towers with Radar,1,105,132,1,239,0,19,309,0,328,1,124,441,1,567,296,0,296,863
07/01/2021,VNY,CA,AWP,WE,Towers with Radar,0,142,160,1,303,0,8,307,0,315,0,150,467,1,618,313,0,313,931
07/02/2021,VNY,CA,AWP,WE,Towers with Radar,0,112,162,0,274,0,2,249,1,252,0,114,411,1,526,348,0,348,874
07/03/2021,VNY,CA,AWP,WE,Towers with Radar,1,88,105,0,194,0,5,232,0,237,1,93,337,0,431,245,0,245,676
07/04/2021,VNY,CA,AWP,WE,Towers with Radar,0,63,53,0,116,0,3,224,9,236,0,66,277,9,352,168,0,168,520
07/05/2021,VNY,CA,AWP,WE,Towers with Radar,2,117,158,0,277,0,2,209,0,211,2,119,367,0,488,305,0,305,793
07/06/2021,VNY,CA,AWP,WE,Towers with Radar,0,84,130,0,214,0,4,253,4,261,0,88,383,4,475,304,0,304,779
07/07/2021,VNY,CA,AWP,WE,Towers with Radar,1,93,120,0,214,0,2,319,3,324,1,95,439,3,538,381,0,381,919
07/08/2021,VNY,CA,AWP,WE,Towers with Radar,0,97,112,1,210,0,1,262,3,266,0,98,374,4,476,383,0,383,859
07/09/2021,VNY,CA,AWP,WE,Towers with Radar,0,129,158,0,287,0,5,306,0,311,0,134,464,0,598,185,0,185,783
07/10/2021,VNY,CA,AWP,WE,Towers with Radar,2,96,117,1,216,0,1,261,0,262,2,97,378,1,478,359,0,359,837
07/11/2021,VNY,CA,AWP,WE,Towers with Radar,0,140,185,0,325,0,0,260,2,262,0,140,445,2,587,317,0,317,904
07/12/2021,VNY,CA,AWP,WE,Towers with Radar,2,88,124,0,214,0,0,202,1,203,2,88,326,1,417,362,0,362,779
07/13/2021,VNY,CA,AWP,WE,Towers with Radar,0,87,74,0,161,0,2,250,2,254,0,89,324,2,415,450,0,450,865
07/14/2021,VNY,CA,AWP,WE,Towers with Radar,0,92,122,0,214,0,1,293,0,294,0,93,415,0,508,468,0,468,976
07/15/2021,VNY,CA,AWP,WE,Towers with Radar,0,104,115,0,219,0,2,267,2,271,0,106,382,2,490,383,0,383,873
07/16/2021,VNY,CA,AWP,WE,Towers with Radar,2,94,101,0,197,0,2,297,1,300,2,96,398,1,497,374,0,374,871
07/17/2021,VNY,CA,AWP,WE,Towers with Radar,0,86,97,1,184,0,2,245,0,247,0,88,342,1,431,256,0,256,687
07/18/2021,VNY,CA,AWP,WE,Towers with Radar,0,116,129,1,246,0,2,241,0,243,0,118,370,1,489,406,0,406,895
07/19/2021,VNY,CA,AWP,WE,Towers with Radar,0,118,101,0,219,0,0,233,1,234,0,118,334,1,453,319,0,319,772
07/20/2021,VNY,CA,AWP,WE,Towers with Radar,0,73,115,1,189,0,4,280,0,284,0,77,395,1,473,406,0,406,879
07/21/2021,VNY,CA,AWP,WE,Towers with Radar,0,90,118,0,208,0,2,327,3,332,0,92,445,3,540,508,0,508,1048
07/22/2021,VNY,CA,AWP,WE,Towers with Radar,0,106,109,0,215,0,0,322,0,322,0,106,431,0,537,299,0,299,836
07/23/2021,VNY,CA,AWP,WE,Towers with Radar,0,116,129,0,245,0,1,314,2,317,0,117,443,2,562,496,0,496,1058
07/24/2021,VNY,CA,AWP,WE,Towers with Radar,3,76,103,0,182,0,0,258,0,258,3,76,361,0,440,210,0,210,650
07/25/2021,VNY,CA,AWP,WE,Towers with Radar,0,128,147,1,276,0,4,280,0,284,0,132,427,1,560,395,0,395,955
07/26/2021,VNY,CA,AWP,WE,Towers with Radar,2,91,150,0,243,0,1,172,0,173,2,92,322,0,416,389,0,389,805
07/27/2021,VNY,CA,AWP,WE,Towers with Radar,0,93,125,0,218,0,1,304,1,306,0,94,429,1,524,548,0,548,1072
07/28/2021,VNY,CA,AWP,WE,Towers with Radar,2,83,110,1,196,0,2,269,1,272,2,85,379,2,468,250,0,250,718
07/29/2021,VNY,CA,AWP,WE,Towers with Radar,0,120,117,0,237,0,3,294,0,297,0,123,411,0,534,322,0,322,856
07/30/2021,VNY,CA,AWP,WE,Towers with Radar,2,100,108,2,212,0,1,295,3,299,2,101,403,5,511,261,0,261,772
07/31/2021,VNY,CA,AWP,WE,Towers with Radar,3,94,93,0,190,0,0,258,1,259,3,94,351,1,449,286,0,286,735
08/01/2021,VNY,CA,AWP,WE,Towers with Radar,0,123,136,0,259,0,1,285,1,287,0,124,421,1,546,152,0,152,698
08/02/2021,VNY,CA,AWP,WE,Towers with Radar,0,94,77,2,173,0,0,272,3,275,0,94,349,5,448,256,0,256,704
08/03/2021,VNY,CA,AWP,WE,Towers with Radar,0,94,79,0,173,0,0,268,3,271,0,94,347,3,444,330,0,330,774
08/04/2021,VNY,CA,AWP,WE,Towers with Radar,0,100,128,0,228,0,2,312,3,317,0,102,440,3,545,278,0,278,823
08/05/2021,VNY,CA,AWP,WE,Towers with Radar,0,101,127,0,228,0,3,326,0,329,0,104,453,0,557,387,0,387,944
08/06/2021,VNY,CA,AWP,WE,Towers with Radar,0,91,133,0,224,0,2,385,0,387,0,93,518,0,611,344,0,344,955
08/07/2021,VNY,CA,AWP,WE,Towers with Radar,0,108,110,0,218,0,0,286,1,287,0,108,396,1,505,357,0,357,862
08/08/2021,VNY,CA,AWP,WE,Towers with Radar,0,127,149,0,276,0,0,241,1,242,0,127,390,1,518,294,0,294,812
08/09/2021,VNY,CA,AWP,WE,Towers with Radar,0,108,133,0,241,0,1,289,2,292,0,109,422,2,533,433,0,433,966
08/10/2021,VNY,CA,AWP,WE,Towers with Radar,0,105,122,0,227,0,2,323,1,326,0,107,445,1,553,481,0,481,1034
08/11/2021,VNY,CA,AWP,WE,Towers with Radar,0,106,171,2,279,0,2,284,3,289,0,108,455,5,568,365,0,365,933
08/12/2021,VNY,CA,AWP,WE,Towers with Radar,0,109,152,0,261,0,0,322,0,322,0,109,474,0,583,494,0,494,1077
08/13/2021,VNY,CA,AWP,WE,Towers with Radar,1,117,142,0,260,0,2,287,0,289,1,119,429,0,549,292,0,292,841
08/14/2021,VNY,CA,AWP,WE,Towers with Radar,1,87,112,0,200,0,1,273,0,274,1,88,385,0,474,304,0,304,778
08/15/2021,VNY,CA,AWP,WE,Towers with Radar,0,128,173,0,301,0,0,307,0,307,0,128,480,0,608,358,0,358,966
08/16/2021,VNY,CA,AWP,WE,Towers with Radar,0,105,118,0,223,0,1,212,0,213,0,106,330,0,436,307,0,307,743
08/17/2021,VNY,CA,AWP,WE,Towers with Radar,0,93,126,1,220,0,1,249,0,250,0,94,375,1,470,348,0,348,818
08/18/2021,VNY,CA,AWP,WE,Towers with Radar,1,115,126,1,243,0,1,103,1,105,1,116,229,2,348,240,0,240,588
08/19/2021,VNY,CA,AWP,WE,Towers with Radar,1,97,123,0,221,0,2,249,0,251,1,99,372,0,472,542,0,542,1014
08/20/2021,VNY,CA,AWP,WE,Towers with Radar,0,121,148,0,269,0,1,251,0,252,0,122,399,0,521,369,0,369,890
08/21/2021,VNY,CA,AWP,WE,Towers with Radar,0,90,117,0,207,0,0,182,0,182,0,90,299,0,389,276,0,276,665
08/22/2021,VNY,CA,AWP,WE,Towers with Radar,1,148,145,0,294,0,0,206,2,208,1,148,351,2,502,438,0,438,940
08/23/2021,VNY,CA,AWP,WE,Towers with Radar,0,132,135,0,267,0,2,249,2,253,0,134,384,2,520,577,0,577,1097
08/24/2021,VNY,CA,AWP,WE,Towers with Radar,0,84,118,2,204,0,1,312,0,313,0,85,430,2,517,437,0,437,954
08/25/2021,VNY,CA,AWP,WE,Towers with Radar,0,80,110,0,190,0,0,249,0,249,0,80,359,0,439,429,0,429,868
08/26/2021,VNY,CA,AWP,WE,Towers with Radar,0,129,117,0,246,0,0,291,0,291,0,129,408,0,537,326,0,326,863
08/27/2021,VNY,CA,AWP,WE,Towers with Radar,0,123,130,0,253,0,2,296,0,298,0,125,426,0,551,441,0,441,992
08/28/2021,VNY,CA,AWP,WE,Towers with Radar,0,78,99,0,177,0,0,287,3,290,0,78,386,3,467,313,0,313,780
08/29/2021,VNY,CA,AWP,WE,Towers with Radar,0,115,145,1,261,0,2,272,0,274,0,117,417,1,535,304,0,304,839
08/30/2021,VNY,CA,AWP,WE,Towers with Radar,0,83,111,0,194,0,2,262,3,267,0,85,373,3,461,396,0,396,857
08/31/2021,VNY,CA,AWP,WE,Towers with Radar,0,91,82,0,173,0,4,213,2,219,0,95,295,2,392,467,0,467,859
09/01/2021,VNY,CA,AWP,WE,Towers with Radar,0,95,98,0,193,0,6,200,1,207,0,101,298,1,400,422,0,422,822
09/02/2021,VNY,CA,AWP,WE,Towers with Radar,0,88,145,0,233,0,2,229,0,231,0,90,374,0,464,359,0,359,823
09/03/2021,VNY,CA,AWP,WE,Towers with Radar,1,121,171,0,293,0,2,324,0,326,1,123,495,0,619,498,0,498,1117
09/04/2021,VNY,CA,AWP,WE,Towers with Radar,0,83,94,0,177,0,1,246,1,248,0,84,340,1,425,276,0,276,701
09/05/2021,VNY,CA,AWP,WE,Towers with Radar,0,98,101,0,199,0,0,210,1,211,0,98,311,1,410,247,0,247,657
09/06/2021,VNY,CA,AWP,WE,Towers with Radar,0,111,148,0,259,0,2,258,1,261,0,113,406,1,520,480,0,480,1000
09/07/2021,VNY,CA,AWP,WE,Towers with Radar,0,126,148,2,276,0,2,266,2,270,0,128,414,4,546,336,0,336,882
09/08/2021,VNY,CA,AWP,WE,Towers with Radar,0,100,135,0,235,0,2,323,0,325,0,102,458,0,560,334,0,334,894
09/09/2021,VNY,CA,AWP,WE,Towers with Radar,0,123,95,1,219,0,2,263,0,265,0,125,358,1,484,324,0,324,808
09/10/2021,VNY,CA,AWP,WE,Towers with Radar,0,120,125,0,245,0,2,263,0,265,0,122,388,0,510,309,0,309,819
09/11/2021,VNY,CA,AWP,WE,Towers with Radar,0,74,99,1,174,0,3,278,1,282,0,77,377,2,456,264,0,264,720
09/12/2021,VNY,CA,AWP,WE,Towers with Radar,1,111,146,0,258,0,1,181,0,182,1,112,327,0,440,392,0,392,832
09/13/2021,VNY,CA,AWP,WE,Towers with Radar,1,85,119,0,205,0,4,180,0,184,1,89,299,0,389,252,0,252,641
09/14/2021,VNY,CA,AWP,WE,Towers with Radar,0,82,115,0,197,0,0,212,2,214,0,82,327,2,411,255,0,255,666
09/15/2021,VNY,CA,AWP,WE,Towers with Radar,1,89,121,0,211,0,0,296,0,296,1,89,417,0,507,460,0,460,967
09/16/2021,VNY,CA,AWP,WE,Towers with Radar,0,100,133,0,233,0,2,297,0,299,0,102,430,0,532,510,0,510,1042
09/17/2021,VNY,CA,AWP,WE,Towers with Radar,1,107,166,0,274,0,2,261,1,264,1,109,427,1,538,360,0,360,898
09/18/2021,VNY,CA,AWP,WE,Towers with Radar,0,82,106,0,188,0,2,158,0,160,0,84,264,0,348,0,0,0,348
09/19/2021,VNY,CA,AWP,WE,Towers with Radar,0,119,173,0,292,0,2,298,0,300,0,121,471,0,592,374,0,374,966
09/20/2021,VNY,CA,AWP,WE,Towers with Radar,0,74,116,0,190,0,1,216,1,218,0,75,332,1,408,356,0,356,764
09/21/2021,VNY,CA,AWP,WE,Towers with Radar,0,78,115,0,193,0,5,238,2,245,0,83,353,2,438,385,0,385,823
09/22/2021,VNY,CA,AWP,WE,Towers with Radar,0,86,118,0,204,0,5,318,0,323,0,91,436,0,527,270,0,270,797
09/23/2021,VNY,CA,AWP,WE,Towers with Radar,0,109,154,0,263,0,2,271,0,273,0,111,425,0,536,384,0,384,920
09/24/2021,VNY,CA,AWP,WE,Towers with Radar,0,126,144,0,270,0,0,268,3,271,0,126,412,3,541,335,0,335,876
09/25/2021,VNY,CA,AWP,WE,Towers with Radar,0,72,94,0,166,0,0,291,0,291,0,72,385,0,457,401,0,401,858
09/26/2021,VNY,CA,AWP,WE,Towers with Radar,1,147,208,0,356,0,2,160,0,162,1,149,368,0,518,297,0,297,815
09/27/2021,VNY,CA,AWP,WE,Towers with Radar,2,124,135,0,261,0,3,82,0,85,2,127,217,0,346,190,0,190,536
09/28/2021,VNY,CA,AWP,WE,Towers with Radar,0,89,112,0,201,0,2,139,0,141,0,91,251,0,342,325,0,325,667
09/29/2021,VNY,CA,AWP,WE,Towers with Radar,0,98,114,0,212,0,0,269,0,269,0,98,383,0,481,345,0,345,826
09/30/2021,VNY,CA,AWP,WE,Towers with Radar,1,102,142,0,245,1,2,269,2,274,2,104,411,2,519,310,0,310,829
10/01/2021,VNY,CA,AWP,WE,Towers with Radar,0,119,133,0,252,0,0,318,2,320,0,119,451,2,572,407,0,407,979
10/02/2021,VNY,CA,AWP,WE,Towers with Radar,1,90,96,0,187,0,2,324,0,326,1,92,420,0,513,497,0,497,1010
10/03/2021,VNY,CA,AWP,WE,Towers with Radar,0,124,162,0,286,0,6,282,2,290,0,130,444,2,576,335,0,335,911
10/04/2021,VNY,CA,AWP,WE,Towers with Radar,1,84,121,0,206,0,3,235,3,241,1,87,356,3,447,256,0,256,703
10/05/2021,VNY,CA,AWP,WE,Towers with Radar,0,81,115,0,196,0,0,313,0,313,0,81,428,0,509,330,0,330,839
10/06/2021,VNY,CA,AWP,WE,Towers with Radar,2,95,126,0,223,0,1,213,0,214,2,96,339,0,437,399,0,399,836
10/07/2021,VNY,CA,AWP,WE,Towers with Radar,0,135,148,0,283,0,1,130,0,131,0,136,278,0,414,412,0,412,826
10/08/2021,VNY,CA,AWP,WE,Towers with Radar,0,117,166,0,283,0,0,190,0,190,0,117,356,0,473,411,0,411,884
10/09/2021,VNY,CA,AWP,WE,Towers with Radar,0,76,123,0,199,0,5,325,0,330,0,81,448,0,529,302,0,302,831
10/10/2021,VNY,CA,AWP,WE,Towers with Radar,0,137,147,0,284,0,3,329,0,332,0,140,476,0,616,390,0,390,1006
10/11/2021,VNY,CA,AWP,WE,Towers with Radar,0,107,115,0,222,0,0,145,0,145,0,107,260,0,367,134,0,134,501
10/12/2021,VNY,CA,AWP,WE,Towers with Radar,0,92,131,1,224,0,0,186,0,186,0,92,317,1,410,252,0,252,662
10/13/2021,VNY,CA,AWP,WE,Towers with Radar,1,93,130,2,226,0,3,371,1,375,1,96,501,3,601,451,0,451,1052
10/14/2021,VNY,CA,AWP,WE,Towers with Radar,1,118,146,1,266,0,5,345,0,350,1,123,491,1,616,442,0,442,1058
10/15/2021,VNY,CA,AWP,WE,Towers with Radar,0,86,155,0,241,0,2,247,0,249,0,88,402,0,490,228,0,228,718
10/16/2021,VNY,CA,AWP,WE,Towers with Radar,0,64,106,0,170,0,1,313,0,314,0,65,419,0,484,345,0,345,829
10/17/2021,VNY,CA,AWP,WE,Towers with Radar,0,112,185,0,297,0,2,311,0,313,0,114,496,0,610,344,0,344,954
10/18/2021,VNY,CA,AWP,WE,Towers with Radar,0,104,148,0,252,0,0,197,1,198,0,104,345,1,450,397,0,397,847
10/19/2021,VNY,CA,AWP,WE,Towers with Radar,2,85,130,0,217,0,1,265,1,267,2,86,395,1,484,554,0,554,1038
10/20/2021,VNY,CA,AWP,WE,Towers with Radar,2,110,155,0,267,0,1,311,0,312,2,111,466,0,579,348,0,348,927
10/21/2021,VNY,CA,AWP,WE,Towers with Radar,2,126,185,0,313,0,2,294,1,297,2,128,479,1,610,433,0,433,1043
10/22/2021,VNY,CA,AWP,WE,Towers with Radar,3,137,162,0,302,0,3,326,0,329,3,140,488,0,631,495,0,495,1126
10/23/2021,VNY,CA,AWP,WE,Towers with Radar,0,85,113,0,198,0,1,190,1,192,0,86,303,1,390,264,0,264,654
10/24/2021,VNY,CA,AWP,WE,Towers with Radar,0,134,174,0,308,0,3,156,0,159,0,137,330,0,467,462,0,462,929
10/25/2021,VNY,CA,AWP,WE,Towers with Radar,0,108,131,0,239,0,0,57,0,57,0,108,188,0,296,142,0,142,438
10/26/2021,VNY,CA,AWP,WE,Towers with Radar,0,83,114,0,197,0,0,233,0,233,0,83,347,0,430,269,0,269,699
10/27/2021,VNY,CA,AWP,WE,Towers with Radar,0,98,109,0,207,0,5,323,0,328,0,103,432,0,535,306,0,306,841
10/28/2021,VNY,CA,AWP,WE,Towers with Radar,0,102,152,2,256,0,3,358,4,365,0,105,510,6,621,367,0,367,988
10/29/2021,VNY,CA,AWP,WE,Towers with Radar,2,90,128,1,221,0,0,345,0,345,2,90,473,1,566,377,0,377,943
10/30/2021,VNY,CA,AWP,WE,Towers with Radar,0,100,105,0,205,0,2,232,0,234,0,102,337,0,439,278,0,278,717
10/31/2021,VNY,CA,AWP,WE,Towers with Radar,1,79,128,1,209,0,3,143,0,146,1,82,271,1,355,332,0,332,687
11/01/2021,VNY,CA,AWP,WE,Towers with Radar,0,71,156,0,227,0,1,188,0,189,0,72,344,0,416,553,0,553,969
11/02/2021,VNY,CA,AWP,WE,Towers with Radar,0,66,108,0,174,0,1,227,0,228,0,67,335,0,402,517,0,517,919
11/03/2021,VNY,CA,AWP,WE,Towers with Radar,0,104,145,0,249,0,3,307,0,310,0,107,452,0,559,384,0,384,943
11/04/2021,VNY,CA,AWP,WE,Towers with Radar,0,100,145,0,245,0,2,267,0,269,0,102,412,0,514,352,0,352,866
11/05/2021,VNY,CA,AWP,WE,Towers with Radar,0,107,163,0,270,0,4,374,0,378,0,111,537,0,648,390,0,390,1038
11/06/2021,VNY,CA,AWP,WE,Towers with Radar,0,79,127,1,207,0,1,234,1,236,0,80,361,2,443,289,0,289,732
11/07/2021,VNY,CA,AWP,WE,Towers with Radar,1,118,181,0,300,0,2,218,1,221,1,120,399,1,521,312,0,312,833
11/08/2021,VNY,CA,AWP,WE,Towers with Radar,0,102,128,1,231,0,0,235,1,236,0,102,363,2,467,398,0,398,865
11/09/2021,VNY,CA,AWP,WE,Towers with Radar,0,83,136,0,219,0,0,218,1,219,0,83,354,1,438,544,0,544,982
11/10/2021,VNY,CA,AWP,WE,Towers with Radar,0,100,140,0,240,0,3,306,0,309,0,103,446,0,549,415,0,415,964
11/11/2021,VNY,CA,AWP,WE,Towers with Radar,0,118,140,0,258,0,6,220,1,227,0,124,360,1,485,247,0,247,732
11/12/2021,VNY,CA,AWP,WE,Towers with Radar,0,90,125,0,215,0,2,240,2,244,0,92,365,2,459,191,0,191,650
11/13/2021,VNY,CA,AWP,WE,Towers with Radar,0,73,111,0,184,0,3,337,1,341,0,76,448,1,525,353,0,353,878
11/14/2021,VNY,CA,AWP,WE,Towers with Radar,0,133,163,0,296,0,3,327,1,331,0,136,490,1,627,414,0,414,1041
11/15/2021,VNY,CA,AWP,WE,Towers with Radar,0,97,175,0,272,0,1,295,0,296,0,98,470,0,568,417,0,417,985
11/16/2021,VNY,CA,AWP,WE,Towers with Radar,0,87,154,0,241,0,1,297,0,298,0,88,451,0,539,445,0,445,984
11/17/2021,VNY,CA,AWP,WE,Towers with Radar,0,90,145,0,235,0,6,287,2,295,0,96,432,2,530,349,0,349,879
11/18/2021,VNY,CA,AWP,WE,Towers with Radar,0,109,139,0,248,0,2,262,0,264,0,111,401,0,512,463,0,463,975
11/19/2021,VNY,CA,AWP,WE,Towers with Radar,0,114,165,1,280,0,1,155,0,156,0,115,320,1,436,280,0,280,716
11/20/2021,VNY,CA,AWP,WE,Towers with Radar,0,111,163,0,274,0,3,205,0,208,0,114,368,0,482,268,0,268,750
11/21/2021,VNY,CA,AWP,WE,Towers with Radar,0,109,127,0,236,0,3,161,1,165,0,112,288,1,401,121,0,121,522
11/22/2021,VNY,CA,AWP,WE,Towers with Radar,0,114,116,1,231,0,1,246,0,247,0,115,362,1,478,298,0,298,776
11/23/2021,VNY,CA,AWP,WE,Towers with Radar,0,114,154,0,268,0,1,388,0,389,0,115,542,0,657,382,0,382,1039
11/24/2021,VNY,CA,AWP,WE,Towers with Radar,0,96,123,0,219,0,3,274,0,277,0,99,397,0,496,198,0,198,694
11/25/2021,VNY,CA,AWP,WE,Towers with Radar,0,48,42,0,90,0,0,57,0,57,0,48,99,0,147,0,0,0,147
11/26/2021,VNY,CA,AWP,WE,Towers with Radar,0,79,87,0,166,0,1,265,1,267,0,80,352,1,433,150,0,150,583
11/27/2021,VNY,CA,AWP,WE,Towers with Radar,0,119,131,0,250,0,6,301,0,307,0,125,432,0,557,294,0,294,851
11/28/2021,VNY,CA,AWP,WE,Towers with Radar,0,156,195,0,351,0,3,240,2,245,0,159,435,2,596,251,0,251,847
11/29/2021,VNY,CA,AWP,WE,Towers with Radar,0,108,110,0,218,0,2,263,1,266,0,110,373,1,484,407,0,407,891
11/30/2021,VNY,CA,AWP,WE,Towers with Radar,0,101,108,1,210,0,0,263,1,264,0,101,371,2,474,387,0,387,861
12/01/2021,VNY,CA,AWP,WE,Towers with Radar,0,103,158,0,261,0,1,317,0,318,0,104,475,0,579,386,0,386,965
12/02/2021,VNY,CA,AWP,WE,Towers with Radar,1,116,143,0,260,0,2,254,0,256,1,118,397,0,516,302,0,302,818
12/03/2021,VNY,CA,AWP,WE,Towers with Radar,0,110,141,4,255,0,3,107,0,110,0,113,248,4,365,86,0,86,451
12/04/2021,VNY,CA,AWP,WE,Towers with Radar,1,76,100,4,181,0,2,190,0,192,1,78,290,4,373,354,0,354,727
12/05/2021,VNY,CA,AWP,WE,Towers with Radar,0,121,142,0,263,0,2,201,4,207,0,123,343,4,470,152,0,152,622
12/06/2021,VNY,CA,AWP,WE,Towers with Radar,0,86,134,0,220,0,0,233,0,233,0,86,367,0,453,421,0,421,874
12/07/2021,VNY,CA,AWP,WE,Towers with Radar,0,81,154,0,235,0,2,168,1,171,0,83,322,1,406,445,0,445,851
12/08/2021,VNY,CA,AWP,WE,Towers with Radar,0,83,147,0,230,0,0,326,0,326,0,83,473,0,556,298,0,298,854
12/09/2021,VNY,CA,AWP,WE,Towers with Radar,0,99,115,0,214,0,0,61,0,61,0,99,176,0,275,63,0,63,338
12/10/2021,VNY,CA,AWP,WE,Towers with Radar,1,105,119,0,225,0,4,293,0,297,1,109,412,0,522,325,0,325,847
12/11/2021,VNY,CA,AWP,WE,Towers with Radar,0,83,100,0,183,0,1,348,0,349,0,84,448,0,532,359,0,359,891
12/12/2021,VNY,CA,AWP,WE,Towers with Radar,0,117,133,0,250,0,0,314,1,315,0,117,447,1,565,408,0,408,973
12/13/2021,VNY,CA,AWP,WE,Towers with Radar,0,82,149,0,231,0,1,152,0,153,0,83,301,0,384,296,0,296,680
12/14/2021,VNY,CA,AWP,WE,Towers with Radar,0,67,92,0,159,0,3,72,0,75,0,70,164,0,234,0,0,0,234
12/15/2021,VNY,CA,AWP,WE,Towers with Radar,0,76,153,2,231,0,5,373,0,378,0,81,526,2,609,545,0,545,1154
12/16/2021,VNY,CA,AWP,WE,Towers with Radar,0,116,182,0,298,0,0,103,1,104,0,116,285,1,402,234,0,234,636
12/17/2021,VNY,CA,AWP,WE,Towers with Radar,2,122,158,0,282,0,6,263,0,269,2,128,421,0,551,265,0,265,816
12/18/2021,VNY,CA,AWP,WE,Towers with Radar,0,146,143,0,289,0,0,251,0,251,0,146,394,0,540,210,0,210,750
12/19/2021,VNY,CA,AWP,WE,Towers with Radar,0,149,172,0,321,0,0,301,0,301,0,149,473,0,622,497,0,497,1119
12/20/2021,VNY,CA,AWP,WE,Towers with Radar,0,122,136,0,258,0,5,283,1,289,0,127,419,1,547,349,0,349,896
12/21/2021,VNY,CA,AWP,WE,Towers with Radar,0,100,103,1,204,0,2,260,3,265,0,102,363,4,469,304,0,304,773
12/22/2021,VNY,CA,AWP,WE,Towers with Radar,0,127,133,0,260,0,1,294,1,296,0,128,427,1,556,437,0,437,993
12/23/2021,VNY,CA,AWP,WE,Towers with Radar,0,122,138,1,261,0,0,11,0,11,0,122,149,1,272,0,0,0,272
12/24/2021,VNY,CA,AWP,WE,Towers with Radar,0,74,69,0,143,0,1,57,0,58,0,75,126,0,201,66,0,66,267
12/25/2021,VNY,CA,AWP,WE,Towers with Radar,0,80,54,0,134,4,0,26,0,30,4,80,80,0,164,0,0,0,164
12/26/2021,VNY,CA,AWP,WE,Towers with Radar,0,94,148,0,242,0,1,220,0,221,0,95,368,0,463,431,0,431,894
12/27/2021,VNY,CA,AWP,WE,Towers with Radar,0,81,144,0,225,0,1,72,0,73,0,82,216,0,298,148,0,148,446
12/28/2021,VNY,CA,AWP,WE,Towers with Radar,0,96,141,0,237,0,1,244,0,245,0,97,385,0,482,278,0,278,760
12/29/2021,VNY,CA,AWP,WE,Towers with Radar,0,114,136,0,250,0,0,53,0,53,0,114,189,0,303,26,0,26,329
12/30/2021,VNY,CA,AWP,WE,Towers with Radar,0,99,117,0,216,0,0,28,0,28,0,99,145,0,244,0,0,0,244
12/31/2021,VNY,CA,AWP,WE,Towers with Radar,0,82,100,0,182,0,1,237,0,238,0,83,337,0,420,202,0,202,622
01/01/2022,VNY,CA,AWP,WE,Towers with Radar,0,99,130,0,229,0,3,146,0,149,0,102,276,0,378,37,0,37,415
01/02/2022,VNY,CA,AWP,WE,Towers with Radar,1,117,195,0,313,0,1,248,0,249,1,118,443,0,562,129,0,129,691
01/03/2022,VNY,CA,AWP,WE,Towers with Radar,1,110,145,0,256,0,0,257,0,257,1,110,402,0,513,314,0,314,827
01/04/2022,VNY,CA,AWP,WE,Towers with Radar,0,109,97,1,207,0,1,301,0,302,0,110,398,1,509,405,0,405,914
01/05/2022,VNY,CA,AWP,WE,Towers with Radar,2,82,83,0,167,0,1,210,2,213,2,83,293,2,380,199,0,199,579
01/06/2022,VNY,CA,AWP,WE,Towers with Radar,0,93,110,0,203,0,3,325,0,328,0,96,435,0,531,480,0,480,1011
01/07/2022,VNY,CA,AWP,WE,Towers with Radar,0,89,119,1,209,0,0,249,0,249,0,89,368,1,458,466,0,466,924
01/08/2022,VNY,CA,AWP,WE,Towers with Radar,0,99,94,0,193,0,1,296,0,297,0,100,390,0,490,424,0,424,914
01/09/2022,VNY,CA,AWP,WE,Towers with Radar,0,117,117,1,235,0,2,253,0,255,0,119,370,1,490,325,0,325,815
01/10/2022,VNY,CA,AWP,WE,Towers with Radar,0,84,96,0,180,0,0,181,0,181,0,84,277,0,361,129,0,129,490
01/11/2022,VNY,CA,AWP,WE,Towers with Radar,0,76,77,1,154,0,2,215,0,217,0,78,292,1,371,290,0,290,661
01/12/2022,VNY,CA,AWP,WE,Towers with Radar,1,69,102,0,172,0,0,279,2,281,1,69,381,2,453,352,0,352,805
01/13/2022,VNY,CA,AWP,WE,Towers with Radar,0,84,91,1,176,0,7,250,1,258,0,91,341,2,434,410,0,410,844
01/14/2022,VNY,CA,AWP,WE,Towers with Radar,0,132,135,1,268,0,3,277,0,280,0,135,412,1,548,378,0,378,926
01/15/2022,VNY,CA,AWP,WE,Towers with Radar,0,64,101,1,166,0,4,213,1,218,0,68,314,2,384,471,0,471,855
01/16/2022,VNY,CA,AWP,WE,Towers with Radar,0,83,102,0,185,0,0,343,0,343,0,83,445,0,528,458,0,458,986
01/17/2022,VNY,CA,AWP,WE,Towers with Radar,0,136,145,0,281,0,1,157,0,158,0,137,302,0,439,224,0,224,663
01/18/2022,VNY,CA,AWP,WE,Towers with Radar,0,85,139,0,224,0,1,207,0,208,0,86,346,0,432,346,0,346,778
01/19/2022,VNY,CA,AWP,WE,Towers with Radar,0,89,123,2,214,0,1,229,0,230,0,90,352,2,444,257,0,257,701
01/20/2022,VNY,CA,AWP,WE,Towers with Radar,0,96,127,0,223,0,0,261,1,262,0,96,388,1,485,180,0,180,665
01/21/2022,VNY,CA,AWP,WE,Towers with Radar,0,90,112,0,202,0,2,223,0,225,0,92,335,0,427,205,0,205,632
01/22/2022,VNY,CA,AWP,WE,Towers with Radar,0,81,77,0,158,0,4,62,0,66,0,85,139,0,224,0,0,0,224
01/23/2022,VNY,CA,AWP,WE,Towers with Radar,0,113,141,0,254,0,1,233,0,234,0,114,374,0,488,266,0,266,754
01/24/2022,VNY,CA,AWP,WE,Towers with Radar,0,84,103,0,187,0,1,315,0,316,0,85,418,0,503,426,0,426,929
01/25/2022,VNY,CA,AWP,WE,Towers with Radar,0,64,78,0,142,0,3,254,1,258,0,67,332,1,400,511,0,511,911
01/26/2022,VNY,CA,AWP,WE,Towers with Radar,0,94,99,0,193,0,2,293,1,296,0,96,392,1,489,334,0,334,823
01/27/2022,VNY,CA,AWP,WE,Towers with Radar,0,109,126,0,235,0,1,301,0,302,0,110,427,0,537,360,0,360,897
01/28/2022,VNY,CA,AWP,WE,Towers with Radar,0,98,112,0,210,0,4,282,0,286,0,102,394,0,496,245,0,245,741
01/29/2022,VNY,CA,AWP,WE,Towers with Radar,1,71,79,2,153,0,3,308,0,311,1,74,387,2,464,361,0,361,825
01/30/2022,VNY,CA,AWP,WE,Towers with Radar,0,144,119,0,263,0,4,260,0,264,0,148,379,0,527,314,0,314,841
01/31/2022,VNY,CA,AWP,WE,Towers with Radar,0,83,121,0,204,0,5,243,2,250,0,88,364,2,454,371,0,371,825
02/01/2022,VNY,CA,AWP,WE,Towers with Radar,0,72,95,0,167,0,1,186,0,187,0,73,281,0,354,365,0,365,719
02/02/2022,VNY,CA,AWP,WE,Towers with Radar,0,83,91,0,174,0,2,97,1,100,0,85,188,1,274,51,0,51,325
02/03/2022,VNY,CA,AWP,WE,Towers with Radar,0,101,95,1,197,0,1,262,2,265,0,102,357,3,462,231,0,231,693
02/04/2022,VNY,CA,AWP,WE,Towers with Radar,0,100,128,0,228,0,1,148,0,149,0,101,276,0,377,116,0,116,493
02/05/2022,VNY,CA,AWP,WE,Towers with Radar,0,63,74,0,137,0,0,317,0,317,0,63,391,0,454,471,0,471,925
02/06/2022,VNY,CA,AWP,WE,Towers with Radar,0,113,131,1,245,0,1,190,0,191,0,114,321,1,436,215,0,215,651
02/07/2022,VNY,CA,AWP,WE,Towers with Radar,0,114,105,0,219,0,3,238,0,241,0,117,343,0,460,289,0,289,749
02/08/2022,VNY,CA,AWP,WE,Towers with Radar,0,89,119,0,208,0,1,248,0,249,0,90,367,0,457,283,0,283,740
02/09/2022,VNY,CA,AWP,WE,Towers with Radar,0,93,77,0,170,0,1,218,1,220,0,94,295,1,390,133,0,133,523
02/10/2022,VNY,CA,AWP,WE,Towers with Radar,1,114,93,0,208,0,1,135,0,136,1,115,228,0,344,27,0,27,371
02/11/2022,VNY,CA,AWP,WE,Towers with Radar,0,132,107,0,239,0,2,318,1,321,0,134,425,1,560,426,0,426,986
02/12/2022,VNY,CA,AWP,WE,Towers with Radar,1,86,77,0,164,0,0,263,0,263,1,86,340,0,427,314,0,314,741
02/13/2022,VNY,CA,AWP,WE,Towers with Radar,3,108,86,0,197,0,0,140,0,140,3,108,226,0,337,146,0,146,483
02/14/2022,VNY,CA,AWP,WE,Towers with Radar,0,137,141,0,278,0,0,327,0,327,0,137,468,0,605,215,0,215,820
02/15/2022,VNY,CA,AWP,WE,Towers with Radar,2,96,131,0,229,0,3,126,0,129,2,99,257,0,358,363,0,363,721
02/16/2022,VNY,CA,AWP,WE,Towers with Radar,1,115,133,0,249,0,2,356,0,358,1,117,489,0,607,477,0,477,1084
02/17/2022,VNY,CA,AWP,WE,Towers with Radar,2,160,186,1,349,0,2,234,0,236,2,162,420,1,585,254,0,254,839
02/18/2022,VNY,CA,AWP,WE,Towers with Radar,0,136,196,0,332,0,2,267,1,270,0,138,463,1,602,479,0,479,1081
02/19/2022,VNY,CA,AWP,WE,Towers with Radar,0,102,101,0,203,0,5,330,0,335,0,107,431,0,538,368,0,368,906
02/20/2022,VNY,CA,AWP,WE,Towers with Radar,0,113,142,0,255,0,0,288,1,289,0,113,430,1,544,286,0,286,830
02/21/2022,VNY,CA,AWP,WE,Towers with Radar,1,123,190,1,315,0,3,209,0,212,1,126,399,1,527,386,0,386,913
02/22/2022,VNY,CA,AWP,WE,Towers with Radar,0,98,118,1,217,0,2,161,0,163,0,100,279,1,380,110,0,110,490
02/23/2022,VNY,CA,AWP,WE,Towers with Radar,0,124,124,0,248,0,0,248,0,248,0,124,372,0,496,78,0,78,574
02/24/2022,VNY,CA,AWP,WE,Towers with Radar,1,113,146,0,260,0,7,327,1,335,1,120,473,1,595,98,0,98,693
02/25/2022,VNY,CA,AWP,WE,Towers with Radar,0,125,163,2,290,0,3,349,0,352,0,128,512,2,642,47,0,47,689
02/26/2022,VNY,CA,AWP,WE,Towers with Radar,0,105,98,2,205,0,2,328,0,330,0,107,426,2,535,85,0,85,620
02/27/2022,VNY,CA,AWP,WE,Towers with Radar,0,139,155,0,294,0,4,256,0,260,0,143,411,0,554,128,0,128,682
02/28/2022,VNY,CA,AWP,WE,Towers with Radar,0,97,104,0,201,0,2,184,1,187,0,99,288,1,388,12,0,12,400
03/01/2022,VNY,CA,AWP,WE,Towers with Radar,0,80,111,0,191,0,1,258,1,260,0,81,369,1,451,91,0,91,542
03/02/2022,VNY,CA,AWP,WE,Towers with Radar,0,80,122,0,202,0,1,311,0,312,0,81,433,0,514,132,0,132,646
03/03/2022,VNY,CA,AWP,WE,Towers with Radar,3,111,121,0,235,0,1,283,0,284,3,112,404,0,519,129,0,129,648
03/04/2022,VNY,CA,AWP,WE,Towers with Radar,1,88,168,0,257,0,1,203,0,204,1,89,371,0,461,168,0,168,629
03/05/2022,VNY,CA,AWP,WE,Towers with Radar,0,84,84,0,168,0,1,211,1,213,0,85,295,1,381,81,0,81,462
03/06/2022,VNY,CA,AWP,WE,Towers with Radar,2,115,133,0,250,0,2,296,0,298,2,117,429,0,548,137,0,137,685
03/07/2022,VNY,CA,AWP,WE,Towers with Radar,0,98,99,0,197,0,2,250,0,252,0,100,349,0,449,205,0,205,654
03/08/2022,VNY,CA,AWP,WE,Towers with Radar,0,94,112,0,206,0,0,294,0,294,0,94,406,0,500,184,0,184,684
03/09/2022,VNY,CA,AWP,WE,Towers with Radar,0,95,146,0,241,0,0,410,1,411,0,95,556,1,652,176,0,176,828
03/10/2022,VNY,CA,AWP,WE,Towers with Radar,1,114,118,0,233,0,1,267,0,268,1,115,385,0,501,91,0,91,592
03/11/2022,VNY,CA,AWP,WE,Towers with Radar,0,135,120,0,255,0,3,267,0,270,0,138,387,0,525,70,0,70,595
03/12/2022,VNY,CA,AWP,WE,Towers with Radar,0,109,107,0,216,0,2,342,0,344,0,111,449,0,560,217,0,217,777
03/13/2022,VNY,CA,AWP,WE,Towers with Radar,1,114,136,0,251,0,2,327,1,330,1,116,463,1,581,183,0,183,764
03/14/2022,VNY,CA,AWP,WE,Towers with Radar,1,92,105,0,198,0,0,361,0,361,1,92,466,0,559,264,0,264,823
03/15/2022,VNY,CA,AWP,WE,Towers with Radar,0,88,114,0,202,0,0,349,1,350,0,88,463,1,552,288,0,288,840
03/16/2022,VNY,CA,AWP,WE,Towers with Radar,0,95,112,0,207,0,3,261,0,264,0,98,373,0,471,166,0,166,637
03/17/2022,VNY,CA,AWP,WE,Towers with Radar,1,83,123,0,207,0,3,351,1,355,1,86,474,1,562,115,0,115,677
03/18/2022,VNY,CA,AWP,WE,Towers with Radar,0,93,124,0,217,0,5,359,2,366,0,98,483,2,583,149,0,149,732
03/19/2022,VNY,CA,AWP,WE,Towers with Radar,1,87,97,2,187,0,2,258,2,262,1,89,355,4,449,85,0,85,534
03/20/2022,VNY,CA,AWP,WE,Towers with Radar,0,94,167,1,262,0,4,214,0,218,0,98,381,1,480,61,0,61,541
03/21/2022,VNY,CA,AWP,WE,Towers with Radar,1,116,119,0,236,0,4,232,1,237,1,120,351,1,473,89,0,89,562
03/22/2022,VNY,CA,AWP,WE,Towers with Radar,1,85,136,1,223,0,3,298,0,301,1,88,434,1,524,264,0,264,788
03/23/2022,VNY,CA,AWP,WE,Towers with Radar,0,89,101,0,190,0,2,350,0,352,0,91,451,0,542,136,0,136,678
03/24/2022,VNY,CA,AWP,WE,Towers with Radar,0,116,157,2,275,0,1,331,0,332,0,117,488,2,607,90,0,90,697
03/25/2022,VNY,CA,AWP,WE,Towers with Radar,0,92,139,0,231,0,1,366,1,368,0,93,505,1,599,210,0,210,809
03/26/2022,VNY,CA,AWP,WE,Towers with Radar,0,75,129,0,204,0,1,346,3,350,0,76,475,3,554,220,0,220,774
03/27/2022,VNY,CA,AWP,WE,Towers with Radar,0,100,186,0,286,0,2,219,1,222,0,102,405,1,508,192,0,192,700
03/28/2022,VNY,CA,AWP,WE,Towers with Radar,0,106,137,0,243,0,0,52,3,55,0,106,189,3,298,14,0,14,312
03/29/2022,VNY,CA,AWP,WE,Towers with Radar,1,100,123,0,224,0,4,308,2,314,1,104,431,2,538,110,0,110,648
03/30/2022,VNY,CA,AWP,WE,Towers with Radar,1,96,115,0,212,0,1,291,1,293,1,97,406,1,505,188,0,188,693
03/31/2022,VNY,CA,AWP,WE,Towers with Radar,1,108,154,4,267,0,0,235,1,236,1,108,389,5,503,231,0,231,734
04/01/2022,VNY,CA,AWP,WE,Towers with Radar,0,111,143,0,254,0,2,312,2,316,0,113,455,2,570,164,0,164,734
04/02/2022,VNY,CA,AWP,WE,Towers with Radar,2,105,138,1,246,0,0,96,1,97,2,105,234,2,343,82,0,82,425
04/03/2022,VNY,CA,AWP,WE,Towers with Radar,0,109,158,0,267,0,3,201,0,204,0,112,359,0,471,201,0,201,672
04/04/2022,VNY,CA,AWP,WE,Towers with Radar,1,82,151,0,234,0,1,213,2,216,1,83,364,2,450,105,0,105,555
04/05/2022,VNY,CA,AWP,WE,Towers with Radar,0,77,118,0,195,0,0,193,0,193,0,77,311,0,388,46,0,46,434
04/06/2022,VNY,CA,AWP,WE,Towers with Radar,0,109,119,0,228,0,4,323,1,328,0,113,442,1,556,111,0,111,667
04/07/2022,VNY,CA,AWP,WE,Towers with Radar,0,116,130,0,246,0,1,266,1,268,0,117,396,1,514,183,0,183,697
04/08/2022,VNY,CA,AWP,WE,Towers with Radar,0,89,134,0,223,0,2,331,2,335,0,91,465,2,558,70,0,70,628
04/09/2022,VNY,CA,AWP,WE,Towers with Radar,1,105,108,1,215,0,2,323,4,329,1,107,431,5,544,96,0,96,640
04/10/2022,VNY,CA,AWP,WE,Towers with Radar,0,129,142,0,271,0,1,269,0,270,0,130,411,0,541,87,0,87,628
04/11/2022,VNY,CA,AWP,WE,Towers with Radar,1,109,118,0,228,0,1,170,1,172,1,110,288,1,400,201,0,201,601
04/12/2022,VNY,CA,AWP,WE,Towers with Radar,0,96,80,0,176,0,0,135,1,136,0,96,215,1,312,50,0,50,362
04/13/2022,VNY,CA,AWP,WE,Towers with Radar,0,79,105,0,184,0,0,302,0,302,0,79,407,0,486,146,0,146,632
04/14/2022,VNY,CA,AWP,WE,Towers with Radar,1,103,149,0,253,0,1,371,0,372,1,104,520,0,625,208,0,208,833
04/15/2022,VNY,CA,AWP,WE,Towers with Radar,0,120,136,0,256,0,2,356,0,358,0,122,492,0,614,162,0,162,776
04/16/2022,VNY,CA,AWP,WE,Towers with Radar,0,88,98,0,186,0,2,209,1,212,0,90,307,1,398,241,0,241,639
04/17/2022,VNY,CA,AWP,WE,Towers with Radar,1,110,92,0,203,0,1,218,0,219,1,111,310,0,422,204,0,204,626
04/18/2022,VNY,CA,AWP,WE,Towers with Radar,0,103,168,0,271,0,4,348,0,352,0,107,516,0,623,143,0,143,766
04/19/2022,VNY,CA,AWP,WE,Towers with Radar,2,108,121,0,231,0,1,278,1,280,2,109,399,1,511,200,0,200,711
04/20/2022,VNY,CA,AWP,WE,Towers with Radar,0,85,143,0,228,0,0,290,1,291,0,85,433,1,519,148,0,148,667
04/21/2022,VNY,CA,AWP,WE,Towers with Radar,0,112,125,2,239,0,5,277,1,283,0,117,402,3,522,215,0,215,737
04/22/2022,VNY,CA,AWP,WE,Towers with Radar,1,94,139,0,234,0,2,233,2,237,1,96,372,2,471,209,0,209,680
04/23/2022,VNY,CA,AWP,WE,Towers with Radar,0,85,93,0,178,0,2,283,3,288,0,87,376,3,466,96,0,96,562
04/24/2022,VNY,CA,AWP,WE,Towers with Radar,0,115,147,0,262,0,1,231,7,239,0,116,378,7,501,85,0,85,586
04/25/2022,VNY,CA,AWP,WE,Towers with Radar,0,82,133,1,216,0,3,275,0,278,0,85,408,1,494,84,0,84,578
04/26/2022,VNY,CA,AWP,WE,Towers with Radar,2,76,124,0,202,0,0,388,1,389,2,76,512,1,591,205,0,205,796
04/27/2022,VNY,CA,AWP,WE,Towers with Radar,0,102,155,0,257,0,0,344,2,346,0,102,499,2,603,150,0,150,753
04/28/2022,VNY,CA,AWP,WE,Towers with Radar,0,100,184,1,285,0,1,234,1,236,0,101,418,2,521,110,0,110,631
04/29/2022,VNY,CA,AWP,WE,Towers with Radar,0,103,153,0,256,0,1,325,4,330,0,104,478,4,586,210,0,210,796
04/30/2022,VNY,CA,AWP,WE,Towers with Radar,0,85,101,0,186,0,2,281,0,283,0,87,382,0,469,143,0,143,612
05/01/2022,VNY,CA,AWP,WE,Towers with Radar,0,142,163,0,305,0,2,286,0,288,0,144,449,0,593,63,0,63,656
05/02/2022,VNY,CA,AWP,WE,Towers with Radar,0,120,133,0,253,0,2,224,0,226,0,122,357,0,479,218,0,218,697
05/03/2022,VNY,CA,AWP,WE,Towers with Radar,1,103,111,0,215,0,0,273,0,273,1,103,384,0,488,207,0,207,695
05/04/2022,VNY,CA,AWP,WE,Towers with Radar,0,126,132,0,258,0,0,300,0,300,0,126,432,0,558,108,0,108,666
05/05/2022,VNY,CA,AWP,WE,Towers with Radar,1,112,134,0,247,0,0,327,1,328,1,112,461,1,575,158,0,158,733
05/06/2022,VNY,CA,AWP,WE,Towers with Radar,0,84,100,0,184,0,3,389,0,392,0,87,489,0,576,202,0,202,778
05/07/2022,VNY,CA,AWP,WE,Towers with Radar,0,70,77,0,147,0,1,305,1,307,0,71,382,1,454,151,0,151,605
05/08/2022,VNY,CA,AWP,WE,Towers with Radar,0,85,99,0,184,0,1,190,0,191,0,86,289,0,375,193,0,193,568
05/09/2022,VNY,CA,AWP,WE,Towers with Radar,0,91,114,0,205,0,1,258,1,260,0,92,372,1,465,201,0,201,666
05/10/2022,VNY,CA,AWP,WE,Towers with Radar,0,94,104,0,198,0,3,332,0,335,0,97,436,0,533,201,0,201,734
05/11/2022,VNY,CA,AWP,WE,Towers with Radar,0,87,102,0,189,0,1,192,1,194,0,88,294,1,383,74,0,74,457
05/12/2022,VNY,CA,AWP,WE,Towers with Radar,0,101,135,0,236,0,3,329,0,332,0,104,464,0,568,88,0,88,656
05/13/2022,VNY,CA,AWP,WE,Towers with Radar,0,91,115,0,206,0,5,334,3,342,0,96,449,3,548,181,0,181,729
05/14/2022,VNY,CA,AWP,WE,Towers with Radar,1,71,102,0,174,0,0,344,0,344,1,71,446,0,518,291,0,291,809
05/15/2022,VNY,CA,AWP,WE,Towers with Radar,0,131,168,0,299,0,2,260,1,263,0,133,428,1,562,78,0,78,640
05/16/2022,VNY,CA,AWP,WE,Towers with Radar,0,88,123,0,211,0,1,250,0,251,0,89,373,0,462,148,0,148,610
05/17/2022,VNY,CA,AWP,WE,Towers with Radar,0,97,120,0,217,0,2,269,0,271,0,99,389,0,488,243,0,243,731
05/18/2022,VNY,CA,AWP,WE,Towers with Radar,1,103,120,0,224,0,2,250,3,255,1,105,370,3,479,99,0,99,578
05/19/2022,VNY,CA,AWP,WE,Towers with Radar,0,125,139,1,265,0,0,187,0,187,0,125,326,1,452,116,0,116,568
05/20/2022,VNY,CA,AWP,WE,Towers with Radar,1,108,163,0,272,0,1,155,1,157,1,109,318,1,429,194,0,194,623
05/21/2022,VNY,CA,AWP,WE,Towers with Radar,0,63,89,0,152,0,1,250,1,252,0,64,339,1,404,234,0,234,638
05/22/2022,VNY,CA,AWP,WE,Towers with Radar,0,115,134,0,249,0,2,270,1,273,0,117,404,1,522,131,0,131,653
05/23/2022,VNY,CA,AWP,WE,Towers with Radar,0,96,119,0,215,0,1,238,2,241,0,97,357,2,456,187,0,187,643
05/24/2022,VNY,CA,AWP,WE,Towers with Radar,0,83,130,0,213,0,5,302,0,307,0,88,432,0,520,208,0,208,728
05/25/2022,VNY,CA,AWP,WE,Towers with Radar,0,85,120,0,205,0,1,284,3,288,0,86,404,3,493,159,0,159,652
05/26/2022,VNY,CA,AWP,WE,Towers with Radar,0,111,131,0,242,0,1,312,1,314,0,112,443,1,556,93,0,93,649
05/27/2022,VNY,CA,AWP,WE,Towers with Radar,0,106,142,0,248,0,2,283,0,285,0,108,425,0,533,158,0,158,691
05/28/2022,VNY,CA,AWP,WE,Towers with Radar,0,57,80,0,137,0,0,186,2,188,0,57,266,2,325,260,0,260,585
05/29/2022,VNY,CA,AWP,WE,Towers with Radar,0,61,79,0,140,0,3,235,0,238,0,64,314,0,378,80,0,80,458
05/30/2022,VNY,CA,AWP,WE,Towers with Radar,1,105,143,0,249,0,1,216,3,220,1,106,359,3,469,161,0,161,630
05/31/2022,VNY,CA,AWP,WE,Towers with Radar,0,94,107,1,202,0,1,297,0,298,0,95,404,1,500,208,0,208,708
06/01/2022,VNY,CA,AWP,WE,Towers with Radar,0,85,89,0,174,0,2,292,0,294,0,87,381,0,468,207,0,207,675
06/02/2022,VNY,CA,AWP,WE,Towers with Radar,1,83,120,0,204,0,5,316,0,321,1,88,436,0,525,205,0,205,730
06/03/2022,VNY,CA,AWP,WE,Towers with Radar,0,102,112,0,214,0,3,232,0,235,0,105,344,0,449,166,0,166,615
06/04/2022,VNY,CA,AWP,WE,Towers with Radar,0,60,87,0,147,0,2,174,0,176,0,62,261,0,323,175,0,175,498
06/05/2022,VNY,CA,AWP,WE,Towers with Radar,1,112,105,0,218,0,4,244,1,249,1,116,349,1,467,181,0,181,648
06/06/2022,VNY,CA,AWP,WE,Towers with Radar,0,88,117,2,207,0,3,251,0,254,0,91,368,2,461,145,0,145,606
06/07/2022,VNY,CA,AWP,WE,Towers with Radar,0,90,126,0,216,0,8,261,6,275,0,98,387,6,491,168,0,168,659
06/08/2022,VNY,CA,AWP,WE,Towers with Radar,0,109,160,0,269,0,1,93,0,94,0,110,253,0,363,38,0,38,401
06/09/2022,VNY,CA,AWP,WE,Towers with Radar,0,139,153,0,292,0,3,74,1,78,0,142,227,1,370,2,0,2,372
06/10/2022,VNY,CA,AWP,WE,Towers with Radar,0,95,119,0,214,0,5,78,0,83,0,100,197,0,297,0,0,0,297
06/11/2022,VNY,CA,AWP,WE,Towers with Radar,0,80,126,0,206,0,4,251,0,255,0,84,377,0,461,94,0,94,555
06/12/2022,VNY,CA,AWP,WE,Towers with Radar,0,121,163,0,284,0,5,323,0,328,0,126,486,0,612,195,0,195,807
06/13/2022,VNY,CA,AWP,WE,Towers with Radar,2,103,131,0,236,0,0,319,0,319,2,103,450,0,555,204,0,204,759
06/14/2022,VNY,CA,AWP,WE,Towers with Radar,0,75,111,0,186,0,4,395,0,399,0,79,506,0,585,242,0,242,827
06/15/2022,VNY,CA,AWP,WE,Towers with Radar,0,108,118,1,227,0,5,335,4,344,0,113,453,5,571,191,0,191,762
06/16/2022,VNY,CA,AWP,WE,Towers with Radar,0,115,123,0,238,0,2,308,0,310,0,117,431,0,548,127,0,127,675
06/17/2022,VNY,CA,AWP,WE,Towers with Radar,1,106,131,0,238,0,1,268,1,270,1,107,399,1,508,142,0,142,650
06/18/2022,VNY,CA,AWP,WE,Towers with Radar,0,60,101,0,161,0,2,339,1,342,0,62,440,1,503,190,0,190,693
06/19/2022,VNY,CA,AWP,WE,Towers with Radar,0,99,103,0,202,0,2,296,0,298,0,101,399,0,500,160,0,160,660
06/20/2022,VNY,CA,AWP,WE,Towers with Radar,0,97,109,0,206,0,0,357,0,357,0,97,466,0,563,275,0,275,838
06/21/2022,VNY,CA,AWP,WE,Towers with Radar,0,81,96,0,177,0,2,332,1,335,0,83,428,1,512,384,0,384,896
06/22/2022,VNY,CA,AWP,WE,Towers with Radar,1,89,95,0,185,0,1,178,0,179,1,90,273,0,364,330,0,330,694
06/23/2022,VNY,CA,AWP,WE,Towers with Radar,2,107,109,0,218,0,2,361,0,363,2,109,470,0,581,255,0,255,836
06/24/2022,VNY,CA,AWP,WE,Towers with Radar,0,96,124,1,221,0,2,382,2,386,0,98,506,3,607,194,0,194,801
06/25/2022,VNY,CA,AWP,WE,Towers with Radar,0,64,81,0,145,0,0,358,0,358,0,64,439,0,503,298,0,298,801
06/26/2022,VNY,CA,AWP,WE,Towers with Radar,0,113,139,1,253,0,3,301,1,305,0,116,440,2,558,239,0,239,797
06/27/2022,VNY,CA,AWP,WE,Towers with Radar,1,81,99,0,181,0,2,322,0,324,1,83,421,0,505,180,0,180,685
06/28/2022,VNY,CA,AWP,WE,Towers with Radar,0,73,83,0,156,0,0,323,0,323,0,73,406,0,479,321,0,321,800
06/29/2022,VNY,CA,AWP,WE,Towers with Radar,1,95,103,0,199,0,1,372,2,375,1,96,475,2,574,330,0,330,904
06/30/2022,VNY,CA,AWP,WE,Towers with Radar,0,119,110,0,229,0,2,323,0,325,0,121,433,0,554,273,0,273,827
07/01/2022,VNY,CA,AWP,WE,Towers with Radar,1,113,137,0,251,0,0,314,0,314,1,113,451,0,565,242,0,242,807
07/02/2022,VNY,CA,AWP,WE,Towers with Radar,0,84,79,0,163,0,0,329,5,334,0,84,408,5,497,267,0,267,764
07/03/2022,VNY,CA,AWP,WE,Towers with Radar,0,75,86,0,161,0,2,237,3,242,0,77,323,3,403,386,0,386,789
07/04/2022,VNY,CA,AWP,WE,Towers with Radar,0,64,54,0,118,0,7,270,11,288,0,71,324,11,406,344,0,344,750
07/05/2022,VNY,CA,AWP,WE,Towers with Radar,0,113,124,0,237,0,1,295,4,300,0,114,419,4,537,239,0,239,776
07/06/2022,VNY,CA,AWP,WE,Towers with Radar,0,84,99,0,183,0,4,286,2,292,0,88,385,2,475,343,0,343,818
07/07/2022,VNY,CA,AWP,WE,Towers with Radar,1,78,89,0,168,0,3,289,1,293,1,81,378,1,461,196,0,196,657
07/08/2022,VNY,CA,AWP,WE,Towers with Radar,0,83,121,0,204,0,2,359,2,363,0,85,480,2,567,231,0,231,798
07/09/2022,VNY,CA,AWP,WE,Towers with Radar,0,93,90,1,184,0,3,323,3,329,0,96,413,4,513,272,0,272,785
07/10/2022,VNY,CA,AWP,WE,Towers with Radar,0,104,99,0,203,0,0,306,2,308,0,104,405,2,511,269,0,269,780
07/11/2022,VNY,CA,AWP,WE,Towers with Radar,0,96,102,0,198,0,1,280,0,281,0,97,382,0,479,337,0,337,816
07/12/2022,VNY,CA,AWP,WE,Towers with Radar,0,71,82,0,153,0,4,275,0,279,0,75,357,0,432,274,0,274,706
07/13/2022,VNY,CA,AWP,WE,Towers with Radar,0,91,96,0,187,0,0,293,0,293,0,91,389,0,480,209,0,209,689
07/14/2022,VNY,CA,AWP,WE,Towers with Radar,0,102,135,0,237,0,4,406,0,410,0,106,541,0,647,244,0,244,891
07/15/2022,VNY,CA,AWP,WE,Towers with Radar,0,77,127,0,204,0,3,404,0,407,0,80,531,0,611,202,0,202,813
07/16/2022,VNY,CA,AWP,WE,Towers with Radar,0,70,85,0,155,0,1,334,0,335,0,71,419,0,490,225,0,225,715
07/17/2022,VNY,CA,AWP,WE,Towers with Radar,0,107,141,0,248,0,10,299,0,309,0,117,440,0,557,333,0,333,890
07/18/2022,VNY,CA,AWP,WE,Towers with Radar,0,79,87,0,166,0,1,307,1,309,0,80,394,1,475,343,0,343,818
07/19/2022,VNY,CA,AWP,WE,Towers with Radar,0,65,89,0,154,0,2,364,1,367,0,67,453,1,521,352,0,352,873
07/20/2022,VNY,CA,AWP,WE,Towers with Radar,0,93,112,0,205,0,3,380,2,385,0,96,492,2,590,239,0,239,829
07/21/2022,VNY,CA,AWP,WE,Towers with Radar,0,96,125,0,221,0,0,322,2,324,0,96,447,2,545,273,0,273,818
07/22/2022,VNY,CA,AWP,WE,Towers with Radar,0,100,105,1,206,0,1,351,2,354,0,101,456,3,560,324,0,324,884
07/23/2022,VNY,CA,AWP,WE,Towers with Radar,0,73,96,0,169,0,2,281,2,285,0,75,377,2,454,215,0,215,669
07/24/2022,VNY,CA,AWP,WE,Towers with Radar,1,123,138,0,262,0,1,233,0,234,1,124,371,0,496,254,0,254,750
07/25/2022,VNY,CA,AWP,WE,Towers with Radar,0,111,104,1,216,0,1,260,1,262,0,112,364,2,478,204,0,204,682
07/26/2022,VNY,CA,AWP,WE,Towers with Radar,21,83,147,0,251,0,2,344,0,346,21,85,491,0,597,317,0,317,914
07/27/2022,VNY,CA,AWP,WE,Towers with Radar,0,85,106,0,191,0,2,347,0,349,0,87,453,0,540,301,0,301,841
07/28/2022,VNY,CA,AWP,WE,Towers with Radar,0,105,109,0,214,0,3,371,1,375,0,108,480,1,589,208,0,208,797
07/29/2022,VNY,CA,AWP,WE,Towers with Radar,0,88,94,0,182,0,3,348,2,353,0,91,442,2,535,231,0,231,766
07/30/2022,VNY,CA,AWP,WE,Towers with Radar,0,77,75,0,152,0,1,305,0,306,0,78,380,0,458,188,0,188,646
07/31/2022,VNY,CA,AWP,WE,Towers with Radar,1,126,125,0,252,0,4,267,1,272,1,130,392,1,524,270,0,270,794
08/01/2022,VNY,CA,AWP,WE,Towers with Radar,0,85,114,0,199,0,1,261,0,262,0,86,375,0,461,329,0,329,790
08/02/2022,VNY,CA,AWP,WE,Towers with Radar,0,69,91,1,161,0,2,366,1,369,0,71,457,2,530,328,0,328,858
08/03/2022,VNY,CA,AWP,WE,Towers with Radar,0,71,105,0,176,0,1,383,1,385,0,72,488,1,561,361,0,361,922
08/04/2022,VNY,CA,AWP,WE,Towers with Radar,0,103,112,1,216,0,2,368,1,371,0,105,480,2,587,276,0,276,863
08/05/2022,VNY,CA,AWP,WE,Towers with Radar,1,96,129,2,228,0,2,322,0,324,1,98,451,2,552,212,0,212,764
08/06/2022,VNY,CA,AWP,WE,Towers with Radar,0,108,73,0,181,0,0,268,0,268,0,108,341,0,449,359,0,359,808
08/07/2022,VNY,CA,AWP,WE,Towers with Radar,1,101,130,0,232,0,3,277,0,280,1,104,407,0,512,466,0,466,978
08/08/2022,VNY,CA,AWP,WE,Towers with Radar,0,83,110,0,193,0,1,274,3,278,0,84,384,3,471,607,0,607,1078
08/09/2022,VNY,CA,AWP,WE,Towers with Radar,0,76,114,0,190,0,1,327,2,330,0,77,441,2,520,613,0,613,1133
08/10/2022,VNY,CA,AWP,WE,Towers with Radar,0,77,114,3,194,0,4,314,2,320,0,81,428,5,514,534,0,534,1048
08/11/2022,VNY,CA,AWP,WE,Towers with Radar,0,116,105,0,221,0,0,308,0,308,0,116,413,0,529,578,0,578,1107
08/12/2022,VNY,CA,AWP,WE,Towers with Radar,1,100,80,1,182,0,2,329,0,331,1,102,409,1,513,438,0,438,951
08/13/2022,VNY,CA,AWP,WE,Towers with Radar,2,93,78,0,173,0,1,346,0,347,2,94,424,0,520,377,0,377,897
08/14/2022,VNY,CA,AWP,WE,Towers with Radar,0,160,143,0,303,0,2,337,2,341,0,162,480,2,644,454,0,454,1098
08/15/2022,VNY,CA,AWP,WE,Towers with Radar,0,109,110,1,220,0,3,295,0,298,0,112,405,1,518,485,0,485,1003
08/16/2022,VNY,CA,AWP,WE,Towers with Radar,0,86,96,0,182,0,3,332,1,336,0,89,428,1,518,438,0,438,956
08/17/2022,VNY,CA,AWP,WE,Towers with Radar,0,108,109,1,218,0,0,322,0,322,0,108,431,1,540,552,0,552,1092
08/18/2022,VNY,CA,AWP,WE,Towers with Radar,0,108,106,1,215,0,0,324,2,326,0,108,430,3,541,411,0,411,952
08/19/2022,VNY,CA,AWP,WE,Towers with Radar,0,111,113,1,225,0,6,272,1,279,0,117,385,2,504,403,0,403,907
08/20/2022,VNY,CA,AWP,WE,Towers with Radar,0,81,83,1,165,0,2,325,2,329,0,83,408,3,494,486,0,486,980
08/21/2022,VNY,CA,AWP,WE,Towers with Radar,2,149,150,1,302,0,5,236,1,242,2,154,386,2,544,427,0,427,971
08/22/2022,VNY,CA,AWP,WE,Towers with Radar,0,97,114,0,211,0,1,252,0,253,0,98,366,0,464,485,0,485,949
08/23/2022,VNY,CA,AWP,WE,Towers with Radar,1,7,18,0,26,0,0,332,1,333,1,7,350,1,359,513,0,513,872
08/24/2022,VNY,CA,AWP,WE,Towers with Radar,0,6,8,0,14,0,1,311,2,314,0,7,319,2,328,534,0,534,862
08/25/2022,VNY,CA,AWP,WE,Towers with Radar,0,110,113,0,223,0,0,313,3,316,0,110,426,3,539,518,0,518,1057
08/26/2022,VNY,CA,AWP,WE,Towers with Radar,0,87,81,0,168,0,2,398,0,400,0,89,479,0,568,539,0,539,1107
08/27/2022,VNY,CA,AWP,WE,Towers with Radar,0,59,68,0,127,0,3,313,1,317,0,62,381,1,444,582,0,582,1026
08/28/2022,VNY,CA,AWP,WE,Towers with Radar,0,80,130,0,210,0,0,273,1,274,0,80,403,1,484,314,0,314,798
08/29/2022,VNY,CA,AWP,WE,Towers with Radar,0,82,102,2,186,0,1,333,3,337,0,83,435,5,523,391,0,391,914
08/30/2022,VNY,CA,AWP,WE,Towers with Radar,0,3,14,0,17,0,1,311,2,314,0,4,325,2,331,415,0,415,746
08/31/2022,VNY,CA,AWP,WE,Towers with Radar,0,3,16,0,19,0,3,376,0,379,0,6,392,0,398,291,0,291,689
09/01/2022,VNY,CA,AWP,WE,Towers with Radar,0,108,91,0,199,0,10,290,4,304,0,118,381,4,503,246,0,246,749
09/02/2022,VNY,CA,AWP,WE,Towers with Radar,0,88,123,4,215,0,0,295,2,297,0,88,418,6,512,368,0,368,880
09/03/2022,VNY,CA,AWP,WE,Towers with Radar,0,47,54,1,102,0,2,257,1,260,0,49,311,2,362,278,0,278,640
09/04/2022,VNY,CA,AWP,WE,Towers with Radar,0,62,71,0,133,0,0,192,0,192,0,62,263,0,325,286,0,286,611
09/05/2022,VNY,CA,AWP,WE,Towers with Radar,0,112,109,0,221,0,6,248,0,254,0,118,357,0,475,411,0,411,886
09/06/2022,VNY,CA,AWP,WE,Towers with Radar,0,71,114,0,185,0,1,241,2,244,0,72,355,2,429,359,0,359,788
09/07/2022,VNY,CA,AWP,WE,Towers with Radar,0,83,104,2,189,0,1,291,0,292,0,84,395,2,481,483,0,483,964
09/08/2022,VNY,CA,AWP,WE,Towers with Radar,0,97,126,0,223,0,5,284,2,291,0,102,410,2,514,547,0,547,1061
09/09/2022,VNY,CA,AWP,WE,Towers with Radar,1,107,122,2,232,0,4,198,1,203,1,111,320,3,435,174,0,174,609
09/10/2022,VNY,CA,AWP,WE,Towers with Radar,1,81,97,0,179,0,1,155,0,156,1,82,252,0,335,294,0,294,629
09/11/2022,VNY,CA,AWP,WE,Towers with Radar,0,123,145,0,268,0,0,248,1,249,0,123,393,1,517,357,0,357,874
09/12/2022,VNY,CA,AWP,WE,Towers with Radar,1,94,97,0,192,0,1,277,0,278,1,95,374,0,470,501,0,501,971
09/13/2022,VNY,CA,AWP,WE,Towers with Radar,0,93,94,0,187,0,3,384,3,390,0,96,478,3,577,515,0,515,1092
09/14/2022,VNY,CA,AWP,WE,Towers with Radar,0,87,116,0,203,0,0,250,1,251,0,87,366,1,454,508,0,508,962
09/15/2022,VNY,CA,AWP,WE,Towers with Radar,0,89,124,0,213,0,2,306,1,309,0,91,430,1,522,637,0,637,1159
09/16/2022,VNY,CA,AWP,WE,Towers with Radar,0,107,102,0,209,0,1,384,0,385,0,108,486,0,594,343,0,343,937
09/17/2022,VNY,CA,AWP,WE,Towers with Radar,0,94,91,0,185,0,0,295,0,295,0,94,386,0,480,603,0,603,1083
09/18/2022,VNY,CA,AWP,WE,Towers with Radar,1,133,151,0,285,0,2,294,0,296,1,135,445,0,581,579,0,579,1160
09/19/2022,VNY,CA,AWP,WE,Towers with Radar,0,95,101,0,196,0,2,254,2,258,0,97,355,2,454,301,0,301,755
09/20/2022,VNY,CA,AWP,WE,Towers with Radar,0,82,126,0,208,0,2,292,0,294,0,84,418,0,502,611,0,611,1113
09/21/2022,VNY,CA,AWP,WE,Towers with Radar,0,83,99,2,184,0,0,284,1,285,0,83,383,3,469,484,0,484,953
09/22/2022,VNY,CA,AWP,WE,Towers with Radar,0,110,146,1,257,0,1,352,0,353,0,111,498,1,610,554,0,554,1164
09/23/2022,VNY,CA,AWP,WE,Towers with Radar,0,115,124,0,239,0,2,405,0,407,0,117,529,0,646,402,0,402,1048
09/24/2022,VNY,CA,AWP,WE,Towers with Radar,0,107,75,0,182,0,2,363,0,365,0,109,438,0,547,554,0,554,1101
09/25/2022,VNY,CA,AWP,WE,Towers with Radar,1,102,98,2,203,0,1,288,0,289,1,103,386,2,492,366,0,366,858
09/26/2022,VNY,CA,AWP,WE,Towers with Radar,0,84,98,0,182,0,2,310,0,312,0,86,408,0,494,430,0,430,924
09/27/2022,VNY,CA,AWP,WE,Towers with Radar,0,94,84,0,178,0,3,321,1,325,0,97,405,1,503,448,0,448,951
09/28/2022,VNY,CA,AWP,WE,Towers with Radar,0,90,95,0,185,0,1,330,0,331,0,91,425,0,516,475,0,475,991
09/29/2022,VNY,CA,AWP,WE,Towers with Radar,1,91,126,0,218,0,0,316,3,319,1,91,442,3,537,558,0,558,1095
09/30/2022,VNY,CA,AWP,WE,Towers with Radar,0,111,116,0,227,0,4,288,1,293,0,115,404,1,520,433,0,433,953
10/01/2022,VNY,CA,AWP,WE,Towers with Radar,0,94,102,0,196,0,2,287,0,289,0,96,389,0,485,545,0,545,1030
10/02/2022,VNY,CA,AWP,WE,Towers with Radar,0,112,134,0,246,0,0,279,1,280,0,112,413,1,526,358,0,358,884
10/03/2022,VNY,CA,AWP,WE,Towers with Radar,0,71,86,0,157,0,0,301,2,303,0,71,387,2,460,621,0,621,1081
10/04/2022,VNY,CA,AWP,WE,Towers with Radar,0,70,95,0,165,0,2,401,2,405,0,72,496,2,570,543,0,543,1113
10/05/2022,VNY,CA,AWP,WE,Towers with Radar,0,75,76,0,151,0,1,276,2,279,0,76,352,2,430,564,0,564,994
10/06/2022,VNY,CA,AWP,WE,Towers with Radar,0,100,110,1,211,0,3,248,1,252,0,103,358,2,463,388,0,388,851
10/07/2022,VNY,CA,AWP,WE,Towers with Radar,0,99,118,0,217,0,3,307,3,313,0,102,425,3,530,454,0,454,984
10/08/2022,VNY,CA,AWP,WE,Towers with Radar,0,58,62,1,121,0,0,294,0,294,0,58,356,1,415,476,0,476,891
10/09/2022,VNY,CA,AWP,WE,Towers with Radar,2,112,121,0,235,0,0,256,2,258,2,112,377,2,493,359,0,359,852
10/10/2022,VNY,CA,AWP,WE,Towers with Radar,0,77,122,0,199,0,3,215,0,218,0,80,337,0,417,383,0,383,800
10/11/2022,VNY,CA,AWP,WE,Towers with Radar,0,95,100,1,196,0,3,242,0,245,0,98,342,1,441,428,0,428,869
10/12/2022,VNY,CA,AWP,WE,Towers with Radar,0,105,120,0,225,0,2,98,0,100,0,107,218,0,325,118,0,118,443
10/13/2022,VNY,CA,AWP,WE,Towers with Radar,0,119,126,1,246,0,3,57,1,61,0,122,183,2,307,0,0,0,307
10/14/2022,VNY,CA,AWP,WE,Towers with Radar,0,114,135,0,249,0,3,130,0,133,0,117,265,0,382,220,0,220,602
10/15/2022,VNY,CA,AWP,WE,Towers with Radar,0,66,81,0,147,0,0,144,0,144,0,66,225,0,291,262,0,262,553
10/16/2022,VNY,CA,AWP,WE,Towers with Radar,1,118,146,0,265,0,1,216,2,219,1,119,362,2,484,387,0,387,871
10/17/2022,VNY,CA,AWP,WE,Towers with Radar,0,87,98,0,185,0,2,250,0,252,0,89,348,0,437,403,0,403,840
10/18/2022,VNY,CA,AWP,WE,Towers with Radar,1,85,106,0,192,0,0,317,2,319,1,85,423,2,511,451,0,451,962
10/19/2022,VNY,CA,AWP,WE,Towers with Radar,0,104,117,0,221,0,2,308,4,314,0,106,425,4,535,404,0,404,939
10/20/2022,VNY,CA,AWP,WE,Towers with Radar,0,115,125,0,240,0,7,339,1,347,0,122,464,1,587,471,0,471,1058
10/21/2022,VNY,CA,AWP,WE,Towers with Radar,0,83,113,0,196,0,0,311,2,313,0,83,424,2,509,501,0,501,1010
10/22/2022,VNY,CA,AWP,WE,Towers with Radar,0,73,100,0,173,0,0,169,2,171,0,73,269,2,344,408,0,408,752
10/23/2022,VNY,CA,AWP,WE,Towers with Radar,1,131,108,0,240,0,1,296,1,298,1,132,404,1,538,340,0,340,878
10/24/2022,VNY,CA,AWP,WE,Towers with Radar,1,89,95,0,185,0,0,297,0,297,1,89,392,0,482,332,0,332,814
10/25/2022,VNY,CA,AWP,WE,Towers with Radar,0,84,80,0,164,0,3,343,0,346,0,87,423,0,510,406,0,406,916
10/26/2022,VNY,CA,AWP,WE,Towers with Radar,3,88,95,0,186,0,4,406,1,411,3,92,501,1,597,571,0,571,1168
10/27/2022,VNY,CA,AWP,WE,Towers with Radar,1,111,127,0,239,0,0,346,1,347,1,111,473,1,586,498,0,498,1084
10/28/2022,VNY,CA,AWP,WE,Towers with Radar,0,85,111,2,198,0,1,401,2,404,0,86,512,4,602,342,0,342,944
10/29/2022,VNY,CA,AWP,WE,Towers with Radar,2,73,59,0,134,0,6,340,2,348,2,79,399,2,482,301,0,301,783
10/30/2022,VNY,CA,AWP,WE,Towers with Radar,0,77,102,0,179,0,3,301,0,304,0,80,403,0,483,187,0,187,670
10/31/2022,VNY,CA,AWP,WE,Towers with Radar,0,57,84,0,141,0,0,236,0,236,0,57,320,0,377,394,0,394,771
11/01/2022,VNY,CA,AWP,WE,Towers with Radar,1,99,123,0,223,0,0,215,1,216,1,99,338,1,439,502,0,502,941
11/02/2022,VNY,CA,AWP,WE,Towers with Radar,2,67,113,0,182,0,3,224,0,227,2,70,337,0,409,389,0,389,798
11/03/2022,VNY,CA,AWP,WE,Towers with Radar,1,119,132,0,252,0,6,245,0,251,1,125,377,0,503,247,0,247,750
11/04/2022,VNY,CA,AWP,WE,Towers with Radar,1,119,117,2,239,0,2,305,0,307,1,121,422,2,546,316,0,316,862
11/05/2022,VNY,CA,AWP,WE,Towers with Radar,0,86,76,0,162,0,2,342,4,348,0,88,418,4,510,483,0,483,993
11/06/2022,VNY,CA,AWP,WE,Towers with Radar,2,128,143,1,274,0,1,288,0,289,2,129,431,1,563,354,0,354,917
11/07/2022,VNY,CA,AWP,WE,Towers with Radar,1,82,86,0,169,0,0,25,0,25,1,82,111,0,194,8,0,8,202
11/08/2022,VNY,CA,AWP,WE,Towers with Radar,1,83,98,0,182,0,0,48,0,48,1,83,146,0,230,6,0,6,236
11/09/2022,VNY,CA,AWP,WE,Towers with Radar,0,79,84,0,163,0,2,328,0,330,0,81,412,0,493,539,0,539,1032
11/10/2022,VNY,CA,AWP,WE,Towers with Radar,5,117,111,0,233,0,0,304,2,306,5,117,415,2,539,333,0,333,872
11/11/2022,VNY,CA,AWP,WE,Towers with Radar,1,90,129,0,220,0,3,279,2,284,1,93,408,2,504,328,0,328,832
11/12/2022,VNY,CA,AWP,WE,Towers with Radar,1,86,61,0,148,0,6,336,1,343,1,92,397,1,491,404,0,404,895
11/13/2022,VNY,CA,AWP,WE,Towers with Radar,0,118,115,0,233,0,1,196,2,199,0,119,311,2,432,243,0,243,675
11/14/2022,VNY,CA,AWP,WE,Towers with Radar,0,97,95,0,192,0,2,311,2,315,0,99,406,2,507,408,0,408,915
11/15/2022,VNY,CA,AWP,WE,Towers with Radar,0,92,89,0,181,0,1,253,2,256,0,93,342,2,437,260,0,260,697
11/16/2022,VNY,CA,AWP,WE,Towers with Radar,0,84,98,0,182,0,2,119,2,123,0,86,217,2,305,36,0,36,341
11/17/2022,VNY,CA,AWP,WE,Towers with Radar,0,112,111,0,223,0,2,309,0,311,0,114,420,0,534,432,0,432,966
11/18/2022,VNY,CA,AWP,WE,Towers with Radar,0,133,139,0,272,0,8,314,0,322,0,141,453,0,594,458,0,458,1052
11/19/2022,VNY,CA,AWP,WE,Towers with Radar,0,95,114,0,209,0,0,130,0,130,0,95,244,0,339,108,0,108,447
11/20/2022,VNY,CA,AWP,WE,Towers with Radar,0,104,119,0,223,0,1,237,0,238,0,105,356,0,461,222,0,222,683
11/21/2022,VNY,CA,AWP,WE,Towers with Radar,0,101,95,3,199,0,1,272,2,275,0,102,367,5,474,342,0,342,816
11/22/2022,VNY,CA,AWP,WE,Towers with Radar,0,71,81,2,154,0,5,292,1,298,0,76,373,3,452,284,0,284,736
11/23/2022,VNY,CA,AWP,WE,Towers with Radar,0,96,117,0,213,0,3,299,1,303,0,99,416,1,516,491,0,491,1007
11/24/2022,VNY,CA,AWP,WE,Towers with Radar,0,29,18,1,48,0,0,52,0,52,0,29,70,1,100,6,0,6,106
11/25/2022,VNY,CA,AWP,WE,Towers with Radar,0,71,58,0,129,0,1,252,0,253,0,72,310,0,382,302,0,302,684
11/26/2022,VNY,CA,AWP,WE,Towers with Radar,0,99,102,0,201,0,2,273,0,275,0,101,375,0,476,382,0,382,858
11/27/2022,VNY,CA,AWP,WE,Towers with Radar,0,111,178,0,289,0,7,269,2,278,0,118,447,2,567,367,0,367,934
11/28/2022,VNY,CA,AWP,WE,Towers with Radar,0,106,105,0,211,0,8,147,0,155,0,114,252,0,366,494,0,494,860
11/29/2022,VNY,CA,AWP,WE,Towers with Radar,0,78,95,0,173,0,2,265,1,268,0,80,360,1,441,489,0,489,930
11/30/2022,VNY,CA,AWP,WE,Towers with Radar,0,75,106,1,182,0,0,147,0,147,0,75,253,1,329,324,0,324,653
12/01/2022,VNY,CA,AWP,WE,Towers with Radar,0,92,94,2,188,0,1,110,0,111,0,93,204,2,299,335,0,335,634
12/02/2022,VNY,CA,AWP,WE,Towers with Radar,2,87,126,2,217,0,0,30,0,30,2,87,156,2,247,26,0,26,273
12/03/2022,VNY,CA,AWP,WE,Towers with Radar,1,65,102,4,172,0,2,265,0,267,1,67,367,4,439,496,0,496,935
12/04/2022,VNY,CA,AWP,WE,Towers with Radar,0,106,117,1,224,0,0,24,0,24,0,106,141,1,248,64,0,64,312
12/05/2022,VNY,CA,AWP,WE,Towers with Radar,0,76,130,0,206,0,1,208,1,210,0,77,338,1,416,371,0,371,787
12/06/2022,VNY,CA,AWP,WE,Towers with Radar,1,78,95,0,174,0,1,205,0,206,1,79,300,0,380,572,0,572,952
12/07/2022,VNY,CA,AWP,WE,Towers with Radar,0,62,113,0,175,0,3,315,0,318,0,65,428,0,493,461,0,461,954
12/08/2022,VNY,CA,AWP,WE,Towers with Radar,0,80,130,0,210,0,3,322,0,325,0,83,452,0,535,408,0,408,943
12/09/2022,VNY,CA,AWP,WE,Towers with Radar,0,93,146,0,239,0,7,320,0,327,0,100,466,0,566,316,0,316,882
12/10/2022,VNY,CA,AWP,WE,Towers with Radar,0,49,67,0,116,0,0,69,0,69,0,49,136,0,185,398,0,398,583
12/11/2022,VNY,CA,AWP,WE,Towers with Radar,0,97,83,0,180,0,0,42,0,42,0,97,125,0,222,62,0,62,284
12/12/2022,VNY,CA,AWP,WE,Towers with Radar,0,75,86,1,162,0,4,122,9,135,0,79,208,10,297,265,60,325,622
12/13/2022,VNY,CA,AWP,WE,Towers with Radar,0,80,95,0,175,0,2,291,1,294,0,82,386,1,469,510,0,510,979
12/14/2022,VNY,CA,AWP,WE,Towers with Radar,0,77,98,0,175,0,1,278,1,280,0,78,376,1,455,451,0,451,906
12/15/2022,VNY,CA,AWP,WE,Towers with Radar,0,94,98,0,192,0,3,313,1,317,0,97,411,1,509,423,0,423,932
12/16/2022,VNY,CA,AWP,WE,Towers with Radar,0,130,136,0,266,0,1,224,0,225,0,131,360,0,491,225,0,225,716
12/17/2022,VNY,CA,AWP,WE,Towers with Radar,0,111,127,0,238,0,1,243,0,244,0,112,370,0,482,220,0,220,702
12/18/2022,VNY,CA,AWP,WE,Towers with Radar,2,112,129,0,243,0,1,271,0,272,2,113,400,0,515,408,0,408,923
12/19/2022,VNY,CA,AWP,WE,Towers with Radar,0,100,113,0,213,0,3,266,0,269,0,103,379,0,482,413,0,413,895
12/20/2022,VNY,CA,AWP,WE,Towers with Radar,0,95,74,0,169,0,0,332,0,332,0,95,406,0,501,471,0,471,972
12/21/2022,VNY,CA,AWP,WE,Towers with Radar,0,97,86,0,183,0,0,286,0,286,0,97,372,0,469,334,0,334,803
12/22/2022,VNY,CA,AWP,WE,Towers with Radar,3,88,124,0,215,0,4,350,1,355,3,92,474,1,570,416,0,416,986
12/23/2022,VNY,CA,AWP,WE,Towers with Radar,1,101,95,0,197,0,4,256,0,260,1,105,351,0,457,303,0,303,760
12/24/2022,VNY,CA,AWP,WE,Towers with Radar,0,75,56,0,131,0,3,159,2,164,0,78,215,2,295,44,0,44,339
12/25/2022,VNY,CA,AWP,WE,Towers with Radar,0,60,52,0,112,0,0,95,0,95,0,60,147,0,207,50,0,50,257
12/26/2022,VNY,CA,AWP,WE,Towers with Radar,0,135,161,0,296,0,6,284,2,292,0,141,445,2,588,338,0,338,926
12/27/2022,VNY,CA,AWP,WE,Towers with Radar,0,80,145,0,225,0,0,219,1,220,0,80,364,1,445,410,0,410,855
12/28/2022,VNY,CA,AWP,WE,Towers with Radar,0,102,123,0,225,0,2,285,1,288,0,104,408,1,513,677,0,677,1190
12/29/2022,VNY,CA,AWP,WE,Towers with Radar,0,77,100,0,177,0,3,80,1,84,0,80,180,1,261,114,0,114,375
12/30/2022,VNY,CA,AWP,WE,Towers with Radar,0,75,109,0,184,0,1,49,0,50,0,76,158,0,234,12,0,12,246
12/31/2022,VNY,CA,AWP,WE,Towers with Radar,0,53,54,0,107,0,0,1,0,1,0,53,55,0,108,0,0,0,108
01/01/2023,VNY,CA,AWP,WE,Towers with Radar,0,118,120,1,239,0,1,150,0,151,0,119,270,1,390,176,0,176,566
01/02/2023,VNY,CA,AWP,WE,Towers with Radar,0,95,169,0,264,0,1,231,0,232,0,96,400,0,496,551,0,551,1047
01/03/2023,VNY,CA,AWP,WE,Towers with Radar,0,83,138,0,221,0,3,18,0,21,0,86,156,0,242,0,0,0,242
01/04/2023,VNY,CA,AWP,WE,Towers with Radar,0,106,87,1,194,0,0,3,0,3,0,106,90,1,197,0,0,0,197
01/05/2023,VNY,CA,AWP,WE,Towers with Radar,0,93,82,1,176,0,0,17,0,17,0,93,99,1,193,6,0,6,199
01/06/2023,VNY,CA,AWP,WE,Towers with Radar,0,107,115,0,222,0,2,329,0,331,0,109,444,0,553,419,0,419,972
01/07/2023,VNY,CA,AWP,WE,Towers with Radar,0,108,103,0,211,0,3,301,0,304,0,111,404,0,515,433,0,433,948
01/08/2023,VNY,CA,AWP,WE,Towers with Radar,1,119,139,0,259,0,1,182,0,183,1,120,321,0,442,442,0,442,884
01/09/2023,VNY,CA,AWP,WE,Towers with Radar,1,85,90,1,177,0,0,4,0,4,1,85,94,1,181,0,0,0,181
01/10/2023,VNY,CA,AWP,WE,Towers with Radar,0,145,141,0,286,0,0,47,0,47,0,145,188,0,333,12,0,12,345
01/11/2023,VNY,CA,AWP,WE,Towers with Radar,0,105,105,1,211,0,3,300,2,305,0,108,405,3,516,367,0,367,883
01/12/2023,VNY,CA,AWP,WE,Towers with Radar,0,117,120,0,237,0,5,258,0,263,0,122,378,0,500,313,0,313,813
01/13/2023,VNY,CA,AWP,WE,Towers with Radar,1,133,98,0,232,0,1,297,0,298,1,134,395,0,530,412,0,412,942
01/14/2023,VNY,CA,AWP,WE,Towers with Radar,0,69,46,1,116,0,0,11,0,11,0,69,57,1,127,8,0,8,135
01/15/2023,VNY,CA,AWP,WE,Towers with Radar,1,84,71,0,156,0,0,86,0,86,1,84,157,0,242,188,0,188,430
01/16/2023,VNY,CA,AWP,WE,Towers with Radar,1,107,107,0,215,0,0,93,0,93,1,107,200,0,308,107,0,107,415
01/17/2023,VNY,CA,AWP,WE,Towers with Radar,1,65,85,0,151,0,1,310,0,311,1,66,395,0,462,231,0,231,693
01/18/2023,VNY,CA,AWP,WE,Towers with Radar,0,61,90,0,151,0,4,381,1,386,0,65,471,1,537,392,0,392,929
01/19/2023,VNY,CA,AWP,WE,Towers with Radar,0,103,93,0,196,0,5,272,2,279,0,108,365,2,475,463,0,463,938
01/20/2023,VNY,CA,AWP,WE,Towers with Radar,0,103,94,0,197,0,7,351,0,358,0,110,445,0,555,456,0,456,1011
01/21/2023,VNY,CA,AWP,WE,Towers with Radar,0,79,77,1,157,0,0,324,2,326,0,79,401,3,483,320,0,320,803
01/22/2023,VNY,CA,AWP,WE,Towers with Radar,0,101,88,0,189,0,1,259,0,260,0,102,347,0,449,255,0,255,704
01/23/2023,VNY,CA,AWP,WE,Towers with Radar,0,81,91,0,172,0,1,123,0,124,0,82,214,0,296,118,0,118,414
01/24/2023,VNY,CA,AWP,WE,Towers with Radar,0,72,83,0,155,0,4,280,0,284,0,76,363,0,439,314,0,314,753
01/25/2023,VNY,CA,AWP,WE,Towers with Radar,0,87,95,0,182,0,0,259,1,260,0,87,354,1,442,189,0,189,631
01/26/2023,VNY,CA,AWP,WE,Towers with Radar,0,104,74,0,178,0,2,121,0,123,0,106,195,0,301,22,0,22,323
01/27/2023,VNY,CA,AWP,WE,Towers with Radar,0,90,104,1,195,0,1,382,0,383,0,91,486,1,578,573,0,573,1151
01/28/2023,VNY,CA,AWP,WE,Towers with Radar,0,66,82,0,148,0,0,355,3,358,0,66,437,3,506,518,0,518,1024
01/29/2023,VNY,CA,AWP,WE,Towers with Radar,0,89,115,0,204,0,0,108,0,108,0,89,223,0,312,370,0,370,682
01/30/2023,VNY,CA,AWP,WE,Towers with Radar,1,88,109,0,198,0,1,175,0,176,1,89,284,0,374,321,0,321,695
01/31/2023,VNY,CA,AWP,WE,Towers with Radar,0,81,98,0,179,0,2,148,1,151,0,83,246,1,330,17,0,17,347
02/01/2023,VNY,CA,AWP,WE,Towers with Radar,0,80,92,0,172,0,4,263,2,269,0,84,355,2,441,274,0,274,715
02/02/2023,VNY,CA,AWP,WE,Towers with Radar,0,93,123,2,218,0,2,329,0,331,0,95,452,2,549,487,0,487,1036
02/03/2023,VNY,CA,AWP,WE,Towers with Radar,0,109,110,0,219,0,2,447,2,451,0,111,557,2,670,613,0,613,1283
02/04/2023,VNY,CA,AWP,WE,Towers with Radar,0,82,73,1,156,0,0,395,1,396,0,82,468,2,552,539,0,539,1091
02/05/2023,VNY,CA,AWP,WE,Towers with Radar,1,76,133,1,211,0,1,193,0,194,1,77,326,1,405,293,0,293,698
02/06/2023,VNY,CA,AWP,WE,Towers with Radar,1,93,92,1,187,0,5,212,1,218,1,98,304,2,405,198,0,198,603
02/07/2023,VNY,CA,AWP,WE,Towers with Radar,0,89,83,1,173,0,2,313,0,315,0,91,396,1,488,360,0,360,848
02/08/2023,VNY,CA,AWP,WE,Towers with Radar,0,103,79,0,182,0,2,381,0,383,0,105,460,0,565,516,0,516,1081
02/09/2023,VNY,CA,AWP,WE,Towers with Radar,0,113,134,1,248,0,6,237,1,244,0,119,371,2,492,134,0,134,626
02/10/2023,VNY,CA,AWP,WE,Towers with Radar,0,110,153,0,263,0,1,284,9,294,0,111,437,9,557,400,0,400,957
02/11/2023,VNY,CA,AWP,WE,Towers with Radar,0,91,91,0,182,0,1,323,0,324,0,92,414,0,506,406,0,406,912
02/12/2023,VNY,CA,AWP,WE,Towers with Radar,0,112,117,0,229,0,0,296,0,296,0,112,413,0,525,287,0,287,812
02/13/2023,VNY,CA,AWP,WE,Towers with Radar,2,119,153,0,274,0,2,275,0,277,2,121,428,0,551,619,0,619,1170
02/14/2023,VNY,CA,AWP,WE,Towers with Radar,3,62,87,0,152,0,1,234,0,235,3,63,321,0,387,318,0,318,705
02/15/2023,VNY,CA,AWP,WE,Towers with Radar,1,98,115,0,214,0,5,263,0,268,1,103,378,0,482,192,0,192,674
02/16/2023,VNY,CA,AWP,WE,Towers with Radar,1,154,128,0,283,0,3,339,2,344,1,157,467,2,627,587,0,587,1214
02/17/2023,VNY,CA,AWP,WE,Towers with Radar,0,140,140,0,280,0,0,275,3,278,0,140,415,3,558,294,0,294,852
02/18/2023,VNY,CA,AWP,WE,Towers with Radar,1,112,89,0,202,0,1,363,0,364,1,113,452,0,566,540,0,540,1106
02/19/2023,VNY,CA,AWP,WE,Towers with Radar,0,100,95,0,195,0,5,294,2,301,0,105,389,2,496,494,0,494,990
02/20/2023,VNY,CA,AWP,WE,Towers with Radar,0,170,120,0,290,0,0,452,0,452,0,170,572,0,742,520,0,520,1262
02/21/2023,VNY,CA,AWP,WE,Towers with Radar,4,102,93,0,199,0,5,264,0,269,4,107,357,0,468,636,0,636,1104
02/22/2023,VNY,CA,AWP,WE,Towers with Radar,0,86,87,0,173,0,4,126,0,130,0,90,213,0,303,258,0,258,561
02/23/2023,VNY,CA,AWP,WE,Towers with Radar,0,107,83,0,190,0,0,95,0,95,0,107,178,0,285,245,0,245,530
02/24/2023,VNY,CA,AWP,WE,Towers with Radar,2,78,74,0,154,0,0,10,0,10,2,78,84,0,164,0,0,0,164
02/25/2023,VNY,CA,AWP,WE,Towers with Radar,0,94,57,1,152,0,0,56,1,57,0,94,113,2,209,12,0,12,221
02/26/2023,VNY,CA,AWP,WE,Towers with Radar,1,105,120,0,226,0,2,240,0,242,1,107,360,0,468,551,0,551,1019
02/27/2023,VNY,CA,AWP,WE,Towers with Radar,0,86,68,0,154,0,2,42,0,44,0,88,110,0,198,6,0,6,204
02/28/2023,VNY,CA,AWP,WE,Towers with Radar,0,64,80,0,144,0,1,181,0,182,0,65,261,0,326,358,0,358,684
03/01/2023,VNY,CA,AWP,WE,Towers with Radar,0,85,66,2,153,0,1,102,0,103,0,86,168,2,256,90,0,90,346
03/02/2023,VNY,CA,AWP,WE,Towers with Radar,0,102,107,0,209,0,1,368,3,372,0,103,475,3,581,423,0,423,1004
03/03/2023,VNY,CA,AWP,WE,Towers with Radar,0,106,100,0,206,0,4,338,3,345,0,110,438,3,551,550,0,550,1101
03/04/2023,VNY,CA,AWP,WE,Towers with Radar,0,67,86,0,153,0,1,192,1,194,0,68,278,1,347,613,0,613,960
03/05/2023,VNY,CA,AWP,WE,Towers with Radar,0,123,126,0,249,0,0,89,0,89,0,123,215,0,338,146,0,146,484
03/06/2023,VNY,CA,AWP,WE,Towers with Radar,1,92,75,0,168,0,0,251,0,251,1,92,326,0,419,588,0,588,1007
03/07/2023,VNY,CA,AWP,WE,Towers with Radar,0,94,131,0,225,0,2,350,0,352,0,96,481,0,577,578,0,578,1155
03/08/2023,VNY,CA,AWP,WE,Towers with Radar,1,97,126,0,224,0,0,249,1,250,1,97,375,1,474,533,0,533,1007
03/09/2023,VNY,CA,AWP,WE,Towers with Radar,0,104,119,1,224,0,0,349,0,349,0,104,468,1,573,528,0,528,1101
03/10/2023,VNY,CA,AWP,WE,Towers with Radar,0,105,120,0,225,0,0,0,0,0,0,105,120,0,225,0,0,0,225
03/11/2023,VNY,CA,AWP,WE,Towers with Radar,0,80,90,1,171,0,0,29,0,29,0,80,119,1,200,12,0,12,212
03/12/2023,VNY,CA,AWP,WE,Towers with Radar,1,110,130,0,241,0,1,262,0,263,1,111,392,0,504,746,0,746,1250
03/13/2023,VNY,CA,AWP,WE,Towers with Radar,0,102,136,4,242,0,4,223,0,227,0,106,359,4,469,449,0,449,918
03/14/2023,VNY,CA,AWP,WE,Towers with Radar,0,82,110,0,192,0,1,8,0,9,0,83,118,0,201,0,0,0,201
03/15/2023,VNY,CA,AWP,WE,Towers with Radar,1,100,125,0,226,0,1,59,0,60,1,101,184,0,286,47,0,47,333
03/16/2023,VNY,CA,AWP,WE,Towers with Radar,1,104,131,0,236,0,1,205,3,209,1,105,336,3,445,669,0,669,1114
03/17/2023,VNY,CA,AWP,WE,Towers with Radar,0,108,108,0,216,0,5,261,3,269,0,113,369,3,485,549,0,549,1034
03/18/2023,VNY,CA,AWP,WE,Towers with Radar,0,75,90,0,165,0,5,404,1,410,0,80,494,1,575,515,0,515,1090
03/19/2023,VNY,CA,AWP,WE,Towers with Radar,2,117,140,0,259,0,5,105,0,110,2,122,245,0,369,282,0,282,651
03/20/2023,VNY,CA,AWP,WE,Towers with Radar,0,65,99,2,166,0,2,183,1,186,0,67,282,3,352,402,0,402,754
03/21/2023,VNY,CA,AWP,WE,Towers with Radar,0,73,68,0,141,0,0,33,0,33,0,73,101,0,174,15,0,15,189
03/22/2023,VNY,CA,AWP,WE,Towers with Radar,0,86,111,0,197,0,0,52,0,52,0,86,163,0,249,54,0,54,303
03/23/2023,VNY,CA,AWP,WE,Towers with Radar,0,88,138,0,226,0,3,222,0,225,0,91,360,0,451,801,0,801,1252
03/24/2023,VNY,CA,AWP,WE,Towers with Radar,0,106,120,0,226,0,5,244,3,252,0,111,364,3,478,96,0,96,574
03/25/2023,VNY,CA,AWP,WE,Towers with Radar,0,86,77,0,163,0,3,332,0,335,0,89,409,0,498,344,0,344,842
03/26/2023,VNY,CA,AWP,WE,Towers with Radar,0,108,133,1,242,0,1,216,1,218,0,109,349,2,460,140,0,140,600
03/27/2023,VNY,CA,AWP,WE,Towers with Radar,0,81,74,2,157,0,4,257,2,263,0,85,331,4,420,456,0,456,876
03/28/2023,VNY,CA,AWP,WE,Towers with Radar,1,71,90,0,162,0,1,340,2,343,1,72,430,2,505,604,0,604,1109
03/29/2023,VNY,CA,AWP,WE,Towers with Radar,1,72,104,0,177,0,2,127,2,131,1,74,231,2,308,196,0,196,504
03/30/2023,VNY,CA,AWP,WE,Towers with Radar,0,95,114,0,209,0,1,151,3,155,0,96,265,3,364,279,0,279,643
03/31/2023,VNY,CA,AWP,WE,Towers with Radar,0,100,110,0,210,0,1,355,4,360,0,101,465,4,570,464,0,464,1034
04/01/2023,VNY,CA,AWP,WE,Towers with Radar,0,84,82,0,166,0,1,405,2,408,0,85,487,2,574,625,0,625,1199
04/02/2023,VNY,CA,AWP,WE,Towers with Radar,0,124,124,0,248,0,3,341,0,344,0,127,465,0,592,541,0,541,1133
04/03/2023,VNY,CA,AWP,WE,Towers with Radar,0,99,96,1,196,0,2,112,0,114,0,101,208,1,310,148,0,148,458
04/04/2023,VNY,CA,AWP,WE,Towers with Radar,0,90,85,0,175,0,3,228,4,235,0,93,313,4,410,156,0,156,566
04/05/2023,VNY,CA,AWP,WE,Towers with Radar,0,87,84,0,171,0,0,387,2,389,0,87,471,2,560,619,0,619,1179
04/06/2023,VNY,CA,AWP,WE,Towers with Radar,0,90,97,0,187,0,1,314,0,315,0,91,411,0,502,514,0,514,1016
04/07/2023,VNY,CA,AWP,WE,Towers with Radar,0,111,89,0,200,0,4,406,1,411,0,115,495,1,611,576,0,576,1187
04/08/2023,VNY,CA,AWP,WE,Towers with Radar,0,73,81,0,154,0,1,378,2,381,0,74,459,2,535,502,0,502,1037
04/09/2023,VNY,CA,AWP,WE,Towers with Radar,0,103,83,0,186,0,1,276,0,277,0,104,359,0,463,519,0,519,982
04/10/2023,VNY,CA,AWP,WE,Towers with Radar,0,91,104,0,195,0,5,313,0,318,0,96,417,0,513,408,0,408,921
04/11/2023,VNY,CA,AWP,WE,Towers with Radar,0,60,89,0,149,0,1,239,0,240,0,61,328,0,389,558,0,558,947
04/12/2023,VNY,CA,AWP,WE,Towers with Radar,2,95,122,1,220,0,2,54,0,56,2,97,176,1,276,130,0,130,406
04/13/2023,VNY,CA,AWP,WE,Towers with Radar,0,110,159,0,269,0,0,126,1,127,0,110,285,1,396,767,0,767,1163
04/14/2023,VNY,CA,AWP,WE,Towers with Radar,0,129,132,0,261,0,0,285,5,290,0,129,417,5,551,772,0,772,1323
04/15/2023,VNY,CA,AWP,WE,Towers with Radar,1,78,88,0,167,0,2,324,3,329,1,80,412,3,496,478,0,478,974
04/16/2023,VNY,CA,AWP,WE,Towers with Radar,2,99,118,0,219,0,2,261,0,263,2,101,379,0,482,477,0,477,959
04/17/2023,VNY,CA,AWP,WE,Towers with Radar,1,113,145,0,259,0,3,162,0,165,1,116,307,0,424,556,0,556,980
04/18/2023,VNY,CA,AWP,WE,Towers with Radar,1,81,110,0,192,0,3,302,1,306,1,84,412,1,498,604,0,604,1102
04/19/2023,VNY,CA,AWP,WE,Towers with Radar,0,101,83,0,184,0,3,282,1,286,0,104,365,1,470,336,0,336,806
04/20/2023,VNY,CA,AWP,WE,Towers with Radar,1,99,116,0,216,0,3,323,3,329,1,102,439,3,545,598,0,598,1143
04/21/2023,VNY,CA,AWP,WE,Towers with Radar,1,96,103,0,200,0,3,352,1,356,1,99,455,1,556,399,0,399,955
04/22/2023,VNY,CA,AWP,WE,Towers with Radar,0,75,95,0,170,0,0,344,0,344,0,75,439,0,514,430,0,430,944
04/23/2023,VNY,CA,AWP,WE,Towers with Radar,0,121,133,0,254,0,2,327,0,329,0,123,460,0,583,390,0,390,973
04/24/2023,VNY,CA,AWP,WE,Towers with Radar,0,91,114,1,206,0,5,288,2,295,0,96,402,3,501,536,0,536,1037
04/25/2023,VNY,CA,AWP,WE,Towers with Radar,0,86,101,0,187,0,2,275,0,277,0,88,376,0,464,649,0,649,1113
04/26/2023,VNY,CA,AWP,WE,Towers with Radar,2,83,104,0,189,0,1,288,4,293,2,84,392,4,482,630,0,630,1112
04/27/2023,VNY,CA,AWP,WE,Towers with Radar,0,113,142,0,255,0,1,280,4,285,0,114,422,4,540,477,0,477,1017
04/28/2023,VNY,CA,AWP,WE,Towers with Radar,0,110,110,0,220,0,1,325,5,331,0,111,435,5,551,397,0,397,948
04/29/2023,VNY,CA,AWP,WE,Towers with Radar,0,83,100,0,183,0,6,266,0,272,0,89,366,0,455,530,0,530,985
04/30/2023,VNY,CA,AWP,WE,Towers with Radar,0,139,128,0,267,0,1,189,1,191,0,140,317,1,458,314,0,314,772
05/01/2023,VNY,CA,AWP,WE,Towers with Radar,0,105,108,1,214,0,2,172,0,174,0,107,280,1,388,378,0,378,766
05/02/2023,VNY,CA,AWP,WE,Towers with Radar,0,109,116,0,225,0,2,249,0,251,0,111,365,0,476,389,0,389,865
05/03/2023,VNY,CA,AWP,WE,Towers with Radar,0,111,125,0,236,0,6,213,2,221,0,117,338,2,457,450,0,450,907
05/04/2023,VNY,CA,AWP,WE,Towers with Radar,0,98,134,0,232,0,1,120,2,123,0,99,254,2,355,317,0,317,672
05/05/2023,VNY,CA,AWP,WE,Towers with Radar,0,104,143,0,247,0,4,263,1,268,0,108,406,1,515,641,0,641,1156
05/06/2023,VNY,CA,AWP,WE,Towers with Radar,0,64,83,0,147,0,4,325,0,329,0,68,408,0,476,424,0,424,900
05/07/2023,VNY,CA,AWP,WE,Towers with Radar,1,105,136,0,242,0,3,281,1,285,1,108,417,1,527,357,0,357,884
05/08/2023,VNY,CA,AWP,WE,Towers with Radar,0,99,94,0,193,0,2,307,2,311,0,101,401,2,504,543,0,543,1047
05/09/2023,VNY,CA,AWP,WE,Towers with Radar,0,72,94,0,166,0,8,141,0,149,0,80,235,0,315,480,0,480,795
05/10/2023,VNY,CA,AWP,WE,Towers with Radar,0,82,153,0,235,0,0,278,3,281,0,82,431,3,516,437,0,437,953
05/11/2023,VNY,CA,AWP,WE,Towers with Radar,0,92,112,0,204,0,1,321,0,322,0,93,433,0,526,520,0,520,1046
05/12/2023,VNY,CA,AWP,WE,Towers with Radar,0,106,82,0,188,0,3,325,0,328,0,109,407,0,516,336,0,336,852
05/13/2023,VNY,CA,AWP,WE,Towers with Radar,0,77,65,0,142,0,0,274,0,274,0,77,339,0,416,624,0,624,1040
05/14/2023,VNY,CA,AWP,WE,Towers with Radar,0,84,98,0,182,0,2,227,1,230,0,86,325,1,412,292,0,292,704
05/15/2023,VNY,CA,AWP,WE,Towers with Radar,0,86,107,0,193,0,0,229,0,229,0,86,336,0,422,469,0,469,891
05/16/2023,VNY,CA,AWP,WE,Towers with Radar,0,63,85,2,150,0,0,302,0,302,0,63,387,2,452,565,0,565,1017
05/17/2023,VNY,CA,AWP,WE,Towers with Radar,0,100,99,0,199,0,4,296,0,300,0,104,395,0,499,576,0,576,1075
05/18/2023,VNY,CA,AWP,WE,Towers with Radar,0,83,118,2,203,0,2,300,0,302,0,85,418,2,505,455,0,455,960
05/19/2023,VNY,CA,AWP,WE,Towers with Radar,1,101,131,1,234,0,3,187,0,190,1,104,318,1,424,456,0,456,880
05/20/2023,VNY,CA,AWP,WE,Towers with Radar,0,87,90,0,177,0,2,232,2,236,0,89,322,2,413,542,0,542,955
05/21/2023,VNY,CA,AWP,WE,Towers with Radar,0,117,103,0,220,0,3,213,2,218,0,120,316,2,438,356,0,356,794
05/22/2023,VNY,CA,AWP,WE,Towers with Radar,0,94,118,1,213,0,4,147,0,151,0,98,265,1,364,416,0,416,780
05/23/2023,VNY,CA,AWP,WE,Towers with Radar,0,64,119,1,184,0,2,100,0,102,0,66,219,1,286,756,0,756,1042
05/24/2023,VNY,CA,AWP,WE,Towers with Radar,0,94,136,0,230,0,2,194,0,196,0,96,330,0,426,646,0,646,1072
05/25/2023,VNY,CA,AWP,WE,Towers with Radar,0,90,136,0,226,0,0,193,0,193,0,90,329,0,419,778,0,778,1197
05/26/2023,VNY,CA,AWP,WE,Towers with Radar,0,119,152,0,271,0,3,289,1,293,0,122,441,1,564,696,0,696,1260
05/27/2023,VNY,CA,AWP,WE,Towers with Radar,0,64,83,0,147,0,4,252,1,257,0,68,335,1,404,478,0,478,882
05/28/2023,VNY,CA,AWP,WE,Towers with Radar,0,69,90,0,159,0,2,83,0,85,0,71,173,0,244,335,0,335,579
05/29/2023,VNY,CA,AWP,WE,Towers with Radar,1,125,135,0,261,0,2,213,3,218,1,127,348,3,479,554,0,554,1033
05/30/2023,VNY,CA,AWP,WE,Towers with Radar,0,79,96,2,177,0,0,210,0,210,0,79,306,2,387,634,0,634,1021
05/31/2023,VNY,CA,AWP,WE,Towers with Radar,0,73,115,0,188,0,7,191,0,198,0,80,306,0,386,696,0,696,1082
06/01/2023,VNY,CA,AWP,WE,Towers with Radar,0,82,140,0,222,0,1,170,1,172,0,83,310,1,394,789,0,789,1183
06/02/2023,VNY,CA,AWP,WE,Towers with Radar,0,81,99,0,180,0,3,405,0,408,0,84,504,0,588,561,0,561,1149
06/03/2023,VNY,CA,AWP,WE,Towers with Radar,0,66,68,0,134,0,0,361,0,361,0,66,429,0,495,462,0,462,957
06/04/2023,VNY,CA,AWP,WE,Towers with Radar,0,84,121,0,205,0,0,237,2,239,0,84,358,2,444,414,0,414,858
06/05/2023,VNY,CA,AWP,WE,Towers with Radar,1,86,103,0,190,0,3,120,0,123,1,89,223,0,313,564,0,564,877
06/06/2023,VNY,CA,AWP,WE,Towers with Radar,0,68,91,2,161,0,3,261,0,264,0,71,352,2,425,702,3,705,1130
06/07/2023,VNY,CA,AWP,WE,Towers with Radar,0,64,121,0,185,0,0,228,0,228,0,64,349,0,413,749,0,749,1162
06/08/2023,VNY,CA,AWP,WE,Towers with Radar,0,90,103,0,193,0,1,314,0,315,0,91,417,0,508,617,0,617,1125
06/09/2023,VNY,CA,AWP,WE,Towers with Radar,0,92,106,0,198,0,0,153,2,155,0,92,259,2,353,543,0,543,896
06/10/2023,VNY,CA,AWP,WE,Towers with Radar,0,82,102,1,185,0,1,138,0,139,0,83,240,1,324,606,0,606,930
06/11/2023,VNY,CA,AWP,WE,Towers with Radar,1,113,106,0,220,0,2,122,0,124,1,115,228,0,344,552,0,552,896
06/12/2023,VNY,CA,AWP,WE,Towers with Radar,0,79,105,1,185,0,1,217,0,218,0,80,322,1,403,891,0,891,1294
06/13/2023,VNY,CA,AWP,WE,Towers with Radar,0,97,125,0,222,0,1,332,2,335,0,98,457,2,557,715,0,715,1272
06/14/2023,VNY,CA,AWP,WE,Towers with Radar,0,82,144,0,226,0,2,111,1,114,0,84,255,1,340,452,0,452,792
06/15/2023,VNY,CA,AWP,WE,Towers with Radar,0,115,135,0,250,0,0,107,0,107,0,115,242,0,357,604,0,604,961
06/16/2023,VNY,CA,AWP,WE,Towers with Radar,0,105,141,0,246,0,0,281,2,283,0,105,422,2,529,511,0,511,1040
06/17/2023,VNY,CA,AWP,WE,Towers with Radar,0,103,102,0,205,0,2,343,0,345,0,105,445,0,550,511,0,511,1061
06/18/2023,VNY,CA,AWP,WE,Towers with Radar,0,121,123,0,244,0,1,185,1,187,0,122,308,1,431,498,0,498,929
06/19/2023,VNY,CA,AWP,WE,Towers with Radar,0,118,122,0,240,0,3,253,0,256,0,121,375,0,496,673,0,673,1169
06/20/2023,VNY,CA,AWP,WE,Towers with Radar,0,72,84,0,156,0,3,373,0,376,0,75,457,0,532,576,0,576,1108
06/21/2023,VNY,CA,AWP,WE,Towers with Radar,0,91,101,0,192,0,0,352,3,355,0,91,453,3,547,535,0,535,1082
06/22/2023,VNY,CA,AWP,WE,Towers with Radar,0,89,110,0,199,0,1,242,4,247,0,90,352,4,446,591,0,591,1037
06/23/2023,VNY,CA,AWP,WE,Towers with Radar,0,94,100,0,194,0,2,350,4,356,0,96,450,4,550,539,0,539,1089
06/24/2023,VNY,CA,AWP,WE,Towers with Radar,0,81,77,0,158,0,2,367,1,370,0,83,444,1,528,571,0,571,1099
06/25/2023,VNY,CA,AWP,WE,Towers with Radar,0,106,117,0,223,0,0,289,0,289,0,106,406,0,512,567,0,567,1079
06/26/2023,VNY,CA,AWP,WE,Towers with Radar,0,77,99,0,176,0,2,360,0,362,0,79,459,0,538,605,0,605,1143
06/27/2023,VNY,CA,AWP,WE,Towers with Radar,0,61,97,0,158,0,0,351,3,354,0,61,448,3,512,586,0,586,1098
06/28/2023,VNY,CA,AWP,WE,Towers with Radar,0,99,116,2,217,0,2,258,0,260,0,101,374,2,477,520,0,520,997
06/29/2023,VNY,CA,AWP,WE,Towers with Radar,0,98,108,2,208,0,6,321,1,328,0,104,429,3,536,487,0,487,1023
06/30/2023,VNY,CA,AWP,WE,Towers with Radar,0,129,141,0,270,0,3,412,1,416,0,132,553,1,686,116,0,116,802
07/01/2023,VNY,CA,AWP,WE,Towers with Radar,0,77,89,0,166,0,1,266,1,268,0,78,355,1,434,280,0,280,714
07/02/2023,VNY,CA,AWP,WE,Towers with Radar,0,91,80,0,171,0,2,268,0,270,0,93,348,0,441,373,0,373,814
07/03/2023,VNY,CA,AWP,WE,Towers with Radar,1,59,60,1,121,0,3,293,1,297,1,62,353,2,418,559,0,559,977
07/04/2023,VNY,CA,AWP,WE,Towers with Radar,0,52,42,0,94,0,1,305,2,308,0,53,347,2,402,484,0,484,886
07/05/2023,VNY,CA,AWP,WE,Towers with Radar,0,82,83,0,165,0,1,324,2,327,0,83,407,2,492,445,0,445,937
07/06/2023,VNY,CA,AWP,WE,Towers with Radar,0,73,98,0,171,0,3,314,1,318,0,76,412,1,489,537,0,537,1026
07/07/2023,VNY,CA,AWP,WE,Towers with Radar,0,91,102,0,193,0,3,321,0,324,0,94,423,0,517,524,0,524,1041
07/08/2023,VNY,CA,AWP,WE,Towers with Radar,0,83,87,0,170,0,0,357,0,357,0,83,444,0,527,495,0,495,1022
07/09/2023,VNY,CA,AWP,WE,Towers with Radar,0,108,101,0,209,0,1,318,0,319,0,109,419,0,528,431,0,431,959
07/10/2023,VNY,CA,AWP,WE,Towers with Radar,1,100,94,0,195,0,2,375,1,378,1,102,469,1,573,558,0,558,1131
07/11/2023,VNY,CA,AWP,WE,Towers with Radar,0,88,85,0,173,0,3,368,0,371,0,91,453,0,544,530,0,530,1074
07/12/2023,VNY,CA,AWP,WE,Towers with Radar,0,86,87,0,173,0,3,262,2,267,0,89,349,2,440,515,0,515,955
07/13/2023,VNY,CA,AWP,WE,Towers with Radar,0,99,91,0,190,0,2,312,2,316,0,101,403,2,506,488,0,488,994
07/14/2023,VNY,CA,AWP,WE,Towers with Radar,0,88,96,0,184,0,2,400,3,405,0,90,496,3,589,587,0,587,1176
07/15/2023,VNY,CA,AWP,WE,Towers with Radar,0,83,77,0,160,0,0,325,4,329,0,83,402,4,489,588,0,588,1077
07/16/2023,VNY,CA,AWP,WE,Towers with Radar,0,79,103,0,182,0,2,248,1,251,0,81,351,1,433,565,0,565,998
07/17/2023,VNY,CA,AWP,WE,Towers with Radar,0,88,87,0,175,0,1,305,0,306,0,89,392,0,481,387,0,387,868
07/18/2023,VNY,CA,AWP,WE,Towers with Radar,0,71,82,0,153,0,2,316,0,318,0,73,398,0,471,479,0,479,950
07/19/2023,VNY,CA,AWP,WE,Towers with Radar,0,95,102,0,197,0,2,301,0,303,0,97,403,0,500,647,0,647,1147
07/20/2023,VNY,CA,AWP,WE,Towers with Radar,0,101,102,0,203,0,3,326,1,330,0,104,428,1,533,450,0,450,983
07/21/2023,VNY,CA,AWP,WE,Towers with Radar,0,85,94,0,179,0,2,353,3,358,0,87,447,3,537,562,0,562,1099
07/22/2023,VNY,CA,AWP,WE,Towers with Radar,0,78,62,0,140,0,0,285,0,285,0,78,347,0,425,666,0,666,1091
07/23/2023,VNY,CA,AWP,WE,Towers with Radar,0,118,94,0,212,0,0,329,0,329,0,118,423,0,541,660,0,660,1201
07/24/2023,VNY,CA,AWP,WE,Towers with Radar,0,97,78,1,176,0,1,296,1,298,0,98,374,2,474,576,0,576,1050
07/25/2023,VNY,CA,AWP,WE,Towers with Radar,0,78,80,0,158,0,1,353,11,365,0,79,433,11,523,456,0,456,979
07/26/2023,VNY,CA,AWP,WE,Towers with Radar,0,81,92,0,173,0,3,317,3,323,0,84,409,3,496,413,0,413,909
07/27/2023,VNY,CA,AWP,WE,Towers with Radar,0,91,101,1,193,0,0,311,2,313,0,91,412,3,506,506,0,506,1012
07/28/2023,VNY,CA,AWP,WE,Towers with Radar,0,92,100,1,193,0,3,326,3,332,0,95,426,4,525,531,0,531,1056
07/29/2023,VNY,CA,AWP,WE,Towers with Radar,0,83,83,0,166,0,2,290,0,292,0,85,373,0,458,487,0,487,945
07/30/2023,VNY,CA,AWP,WE,Towers with Radar,0,123,95,0,218,0,0,254,0,254,0,123,349,0,472,368,0,368,840
07/31/2023,VNY,CA,AWP,WE,Towers with Radar,0,83,89,1,173,0,1,264,0,265,0,84,353,1,438,598,0,598,1036
08/01/2023,VNY,CA,AWP,WE,Towers with Radar,0,98,93,2,193,0,4,309,0,313,0,102,402,2,506,458,0,458,964
08/02/2023,VNY,CA,AWP,WE,Towers with Radar,0,74,82,1,157,0,3,264,4,271,0,77,346,5,428,297,0,297,725
08/03/2023,VNY,CA,AWP,WE,Towers with Radar,0,86,94,0,180,0,1,320,3,324,0,87,414,3,504,529,0,529,1033
08/04/2023,VNY,CA,AWP,WE,Towers with Radar,0,103,88,1,192,0,2,300,0,302,0,105,388,1,494,374,0,374,868
08/05/2023,VNY,CA,AWP,WE,Towers with Radar,0,85,78,1,164,0,6,348,0,354,0,91,426,1,518,487,0,487,1005
08/06/2023,VNY,CA,AWP,WE,Towers with Radar,0,93,114,1,208,0,2,306,0,308,0,95,420,1,516,398,0,398,914
08/07/2023,VNY,CA,AWP,WE,Towers with Radar,0,89,102,0,191,0,2,342,1,345,0,91,444,1,536,414,0,414,950
08/08/2023,VNY,CA,AWP,WE,Towers with Radar,0,71,101,0,172,0,5,346,2,353,0,76,447,2,525,485,0,485,1010
08/09/2023,VNY,CA,AWP,WE,Towers with Radar,0,84,93,0,177,0,1,271,0,272,0,85,364,0,449,507,0,507,956
08/10/2023,VNY,CA,AWP,WE,Towers with Radar,0,80,105,0,185,0,1,225,1,227,0,81,330,1,412,388,0,388,800
08/11/2023,VNY,CA,AWP,WE,Towers with Radar,0,99,118,2,219,0,1,282,1,284,0,100,400,3,503,438,0,438,941
08/12/2023,VNY,CA,AWP,WE,Towers with Radar,0,81,87,0,168,0,5,347,1,353,0,86,434,1,521,542,0,542,1063
08/13/2023,VNY,CA,AWP,WE,Towers with Radar,1,125,106,0,232,0,1,306,1,308,1,126,412,1,540,539,0,539,1079
08/14/2023,VNY,CA,AWP,WE,Towers with Radar,0,79,94,1,174,0,4,338,1,343,0,83,432,2,517,595,0,595,1112
08/15/2023,VNY,CA,AWP,WE,Towers with Radar,0,88,85,0,173,0,4,325,1,330,0,92,410,1,503,576,0,576,1079
08/16/2023,VNY,CA,AWP,WE,Towers with Radar,1,81,105,0,187,0,2,309,4,315,1,83,414,4,502,598,0,598,1100
08/17/2023,VNY,CA,AWP,WE,Towers with Radar,0,91,109,0,200,0,9,366,4,379,0,100,475,4,579,612,0,612,1191
08/18/2023,VNY,CA,AWP,WE,Towers with Radar,0,106,123,0,229,0,4,364,3,371,0,110,487,3,600,606,0,606,1206
08/19/2023,VNY,CA,AWP,WE,Towers with Radar,0,83,129,0,212,0,3,281,1,285,0,86,410,1,497,472,0,472,969
08/20/2023,VNY,CA,AWP,WE,Towers with Radar,0,67,59,0,126,0,0,29,0,29,0,67,88,0,155,0,0,0,155
08/21/2023,VNY,CA,AWP,WE,Towers with Radar,0,76,82,0,158,0,3,144,0,147,0,79,226,0,305,232,0,232,537
08/22/2023,VNY,CA,AWP,WE,Towers with Radar,0,70,87,0,157,0,0,335,2,337,0,70,422,2,494,468,0,468,962
08/23/2023,VNY,CA,AWP,WE,Towers with Radar,0,86,98,0,184,0,0,313,5,318,0,86,411,5,502,665,0,665,1167
08/24/2023,VNY,CA,AWP,WE,Towers with Radar,0,96,87,0,183,0,2,317,0,319,0,98,404,0,502,614,0,614,1116
08/25/2023,VNY,CA,AWP,WE,Towers with Radar,0,62,86,2,150,0,1,331,4,336,0,63,417,6,486,445,0,445,931
08/26/2023,VNY,CA,AWP,WE,Towers with Radar,0,78,79,0,157,0,2,313,0,315,0,80,392,0,472,426,0,426,898
08/27/2023,VNY,CA,AWP,WE,Towers with Radar,0,102,98,1,201,0,3,275,0,278,0,105,373,1,479,427,0,427,906
08/28/2023,VNY,CA,AWP,WE,Towers with Radar,2,80,79,0,161,0,4,245,0,249,2,84,324,0,410,476,0,476,886
08/29/2023,VNY,CA,AWP,WE,Towers with Radar,0,76,86,0,162,0,3,288,0,291,0,79,374,0,453,313,0,313,766
08/30/2023,VNY,CA,AWP,WE,Towers with Radar,0,86,100,0,186,0,3,272,3,278,0,89,372,3,464,471,0,471,935
08/31/2023,VNY,CA,AWP,WE,Towers with Radar,2,123,107,0,232,0,2,331,2,335,2,125,438,2,567,501,0,501,1068
