04/01/2002,VQQ,FL,ASO,ES,Federal Contract Tower,0,0,1,2,3,0,0,18,15,33,0,0,19,17,36,4,56,60,96
04/02/2002,VQQ,FL,ASO,ES,Federal Contract Tower,0,0,5,6,11,0,0,21,13,34,0,0,26,19,45,18,32,50,95
04/03/2002,VQQ,FL,ASO,ES,Federal Contract Tower,0,0,3,3,6,0,0,13,19,32,0,0,16,22,38,6,98,104,142
04/04/2002,VQQ,FL,ASO,ES,Federal Contract Tower,0,0,3,3,6,0,0,18,20,38,0,0,21,23,44,70,168,238,282
04/05/2002,VQQ,FL,ASO,ES,Federal Contract Tower,0,0,2,2,4,0,0,29,15,44,0,0,31,17,48,32,200,232,280
04/06/2002,VQQ,FL,ASO,ES,Federal Contract Tower,0,0,3,3,6,0,0,39,7,46,0,0,42,10,52,54,66,120,172
04/07/2002,VQQ,FL,ASO,ES,Federal Contract Tower,0,0,1,1,2,0,0,35,2,37,0,0,36,3,39,58,0,58,97
04/08/2002,VQQ,FL,ASO,ES,Federal Contract Tower,0,0,3,4,7,0,0,14,15,29,0,0,17,19,36,8,198,206,242
04/09/2002,VQQ,FL,ASO,ES,Federal Contract Tower,0,0,4,6,10,0,0,28,21,49,0,0,32,27,59,30,324,354,413
04/10/2002,VQQ,FL,ASO,ES,Federal Contract Tower,0,0,2,2,4,0,0,13,20,33,0,0,15,22,37,50,242,292,329
04/11/2002,VQQ,FL,ASO,ES,Federal Contract Tower,0,0,3,4,7,0,0,5,9,14,0,0,8,13,21,0,94,94,115
04/12/2002,VQQ,FL,ASO,ES,Federal Contract Tower,0,0,2,1,3,0,0,7,8,15,0,0,9,9,18,0,71,71,89
04/13/2002,VQQ,FL,ASO,ES,Federal Contract Tower,0,0,2,1,3,0,0,13,1,14,0,0,15,2,17,34,6,40,57
04/14/2002,VQQ,FL,ASO,ES,Federal Contract Tower,0,0,0,0,0,0,0,22,0,22,0,0,22,0,22,12,0,12,34
04/15/2002,VQQ,FL,ASO,ES,Federal Contract Tower,0,0,4,8,12,0,0,22,11,33,0,0,26,19,45,30,78,108,153
04/16/2002,VQQ,FL,ASO,ES,Federal Contract Tower,0,0,1,2,3,0,0,19,35,54,0,0,20,37,57,36,374,410,467
04/17/2002,VQQ,FL,ASO,ES,Federal Contract Tower,0,0,2,5,7,0,0,33,25,58,0,0,35,30,65,62,494,556,621
04/18/2002,VQQ,FL,ASO,ES,Federal Contract Tower,0,0,2,4,6,0,0,21,23,44,0,0,23,27,50,28,278,306,356
04/19/2002,VQQ,FL,ASO,ES,Federal Contract Tower,0,0,1,4,5,0,0,41,19,60,0,0,42,23,65,60,164,224,289
04/20/2002,VQQ,FL,ASO,ES,Federal Contract Tower,0,0,0,2,2,0,0,28,0,28,0,0,28,2,30,54,12,66,96
04/21/2002,VQQ,FL,ASO,ES,Federal Contract Tower,0,0,1,2,3,0,0,29,0,29,0,0,30,2,32,38,2,40,72
04/22/2002,VQQ,FL,ASO,ES,Federal Contract Tower,0,0,1,2,3,0,0,12,13,25,0,0,13,15,28,15,148,163,191
04/23/2002,VQQ,FL,ASO,ES,Federal Contract Tower,0,0,3,6,9,0,0,23,12,35,0,0,26,18,44,26,281,307,351
04/24/2002,VQQ,FL,ASO,ES,Federal Contract Tower,0,0,1,4,5,0,0,20,19,39,0,0,21,23,44,2,296,298,342
04/25/2002,VQQ,FL,ASO,ES,Federal Contract Tower,0,0,8,15,23,0,0,4,13,17,0,0,12,28,40,10,284,294,334
04/26/2002,VQQ,FL,ASO,ES,Federal Contract Tower,0,0,3,5,8,1,0,21,19,41,1,0,24,24,49,42,246,288,337
04/27/2002,VQQ,FL,ASO,ES,Federal Contract Tower,0,0,0,2,2,0,0,32,0,32,0,0,32,2,34,24,0,24,58
04/28/2002,VQQ,FL,ASO,ES,Federal Contract Tower,0,0,0,1,1,0,0,15,0,15,0,0,15,1,16,0,0,0,16
04/29/2002,VQQ,FL,ASO,ES,Federal Contract Tower,0,0,3,5,8,0,0,29,26,55,0,0,32,31,63,52,197,249,312
04/30/2002,VQQ,FL,ASO,ES,Federal Contract Tower,0,0,2,4,6,0,0,29,8,37,0,0,31,12,43,18,128,146,189
05/01/2002,VQQ,FL,ASO,ES,Federal Contract Tower,0,0,2,7,9,0,0,20,13,33,0,0,22,20,42,12,149,161,203
05/02/2002,VQQ,FL,ASO,ES,Federal Contract Tower,0,0,0,0,0,0,2,32,13,47,0,2,32,13,47,0,76,76,123
05/03/2002,VQQ,FL,ASO,ES,Federal Contract Tower,0,0,0,0,0,0,4,23,17,44,0,4,23,17,44,16,55,71,115
05/04/2002,VQQ,FL,ASO,ES,Federal Contract Tower,0,0,1,2,3,0,0,25,0,25,0,0,26,2,28,26,0,26,54
05/05/2002,VQQ,FL,ASO,ES,Federal Contract Tower,0,0,5,20,25,0,0,1,8,9,0,0,6,28,34,0,0,0,34
05/06/2002,VQQ,FL,ASO,ES,Federal Contract Tower,0,0,2,4,6,0,0,30,88,118,0,0,32,92,124,22,116,138,262
05/07/2002,VQQ,FL,ASO,ES,Federal Contract Tower,0,0,2,6,8,0,0,36,135,171,0,0,38,141,179,20,138,158,337
05/08/2002,VQQ,FL,ASO,ES,Federal Contract Tower,0,0,2,7,9,0,1,27,190,218,0,1,29,197,227,28,176,204,431
05/09/2002,VQQ,FL,ASO,ES,Federal Contract Tower,0,0,0,0,0,0,0,35,138,173,0,0,35,138,173,24,210,234,407
05/10/2002,VQQ,FL,ASO,ES,Federal Contract Tower,0,0,0,0,0,0,3,21,146,170,0,3,21,146,170,43,189,232,402
05/11/2002,VQQ,FL,ASO,ES,Federal Contract Tower,0,0,5,16,21,0,0,44,114,158,0,0,49,130,179,18,4,22,201
05/12/2002,VQQ,FL,ASO,ES,Federal Contract Tower,0,0,5,17,22,0,0,27,105,132,0,0,32,122,154,20,0,20,174
05/13/2002,VQQ,FL,ASO,ES,Federal Contract Tower,0,0,9,33,42,0,0,19,77,96,0,0,28,110,138,22,48,70,208
05/14/2002,VQQ,FL,ASO,ES,Federal Contract Tower,0,0,7,24,31,0,0,28,28,56,0,0,35,52,87,60,262,322,409
05/15/2002,VQQ,FL,ASO,ES,Federal Contract Tower,0,0,1,3,4,0,0,39,24,63,0,0,40,27,67,74,257,331,398
05/16/2002,VQQ,FL,ASO,ES,Federal Contract Tower,0,0,0,0,0,0,3,23,30,56,0,3,23,30,56,14,243,257,313
05/17/2002,VQQ,FL,ASO,ES,Federal Contract Tower,0,0,0,0,0,0,1,13,20,34,0,1,13,20,34,20,46,66,100
05/18/2002,VQQ,FL,ASO,ES,Federal Contract Tower,0,0,0,0,0,0,0,52,1,53,0,0,52,1,53,22,22,44,97
05/19/2002,VQQ,FL,ASO,ES,Federal Contract Tower,0,0,1,0,1,0,0,1,0,1,0,0,2,0,2,0,0,0,2
05/20/2002,VQQ,FL,ASO,ES,Federal Contract Tower,0,0,1,7,8,0,0,37,24,61,0,0,38,31,69,94,194,288,357
05/21/2002,VQQ,FL,ASO,ES,Federal Contract Tower,0,0,1,8,9,0,1,41,26,68,0,1,42,34,77,92,128,220,297
05/22/2002,VQQ,FL,ASO,ES,Federal Contract Tower,0,0,2,12,14,0,5,14,26,45,0,5,16,38,59,50,227,277,336
05/23/2002,VQQ,FL,ASO,ES,Federal Contract Tower,0,0,1,5,6,0,0,39,32,71,0,0,40,37,77,24,64,88,165
05/24/2002,VQQ,FL,ASO,ES,Federal Contract Tower,0,0,0,4,4,0,4,42,18,64,0,4,42,22,68,58,42,100,168
05/25/2002,VQQ,FL,ASO,ES,Federal Contract Tower,0,0,0,3,3,0,0,39,3,42,0,0,39,6,45,28,0,28,73
05/26/2002,VQQ,FL,ASO,ES,Federal Contract Tower,0,0,0,0,0,0,3,31,4,38,0,3,31,4,38,20,0,20,58
05/27/2002,VQQ,FL,ASO,ES,Federal Contract Tower,0,0,0,0,0,0,2,11,0,13,0,2,11,0,13,6,0,6,19
05/28/2002,VQQ,FL,ASO,ES,Federal Contract Tower,0,0,0,1,1,0,0,36,3,39,0,0,36,4,40,70,22,92,132
05/29/2002,VQQ,FL,ASO,ES,Federal Contract Tower,0,0,2,13,15,0,4,17,16,37,0,4,19,29,52,14,228,242,294
05/30/2002,VQQ,FL,ASO,ES,Federal Contract Tower,0,0,1,5,6,0,3,21,29,53,0,3,22,34,59,25,253,278,337
05/31/2002,VQQ,FL,ASO,ES,Federal Contract Tower,0,0,0,3,3,0,4,16,13,33,0,4,16,16,36,69,98,167,203
06/01/2002,VQQ,FL,ASO,ES,Federal Contract Tower,0,0,0,0,0,0,0,56,0,56,0,0,56,0,56,60,0,60,116
06/02/2002,VQQ,FL,ASO,ES,Federal Contract Tower,0,0,0,0,0,0,1,32,0,33,0,1,32,0,33,44,0,44,77
06/03/2002,VQQ,FL,ASO,ES,Federal Contract Tower,0,0,2,5,7,0,0,27,40,67,0,0,29,45,74,24,500,524,598
06/04/2002,VQQ,FL,ASO,ES,Federal Contract Tower,0,0,1,4,5,0,0,33,8,41,0,0,34,12,46,28,258,286,332
06/05/2002,VQQ,FL,ASO,ES,Federal Contract Tower,0,0,3,13,16,0,1,14,19,34,0,1,17,32,50,42,308,350,400
06/06/2002,VQQ,FL,ASO,ES,Federal Contract Tower,0,0,2,9,11,0,1,6,18,25,0,1,8,27,36,24,251,275,311
06/07/2002,VQQ,FL,ASO,ES,Federal Contract Tower,0,0,2,9,11,0,6,24,10,40,0,6,26,19,51,34,230,264,315
06/08/2002,VQQ,FL,ASO,ES,Federal Contract Tower,0,0,0,0,0,0,2,64,6,72,0,2,64,6,72,13,47,60,132
06/09/2002,VQQ,FL,ASO,ES,Federal Contract Tower,0,0,0,0,0,0,0,18,0,18,0,0,18,0,18,16,0,16,34
06/10/2002,VQQ,FL,ASO,ES,Federal Contract Tower,0,0,1,1,2,0,2,13,10,25,0,2,14,11,27,24,80,104,131
06/11/2002,VQQ,FL,ASO,ES,Federal Contract Tower,0,0,1,4,5,0,0,20,32,52,0,0,21,36,57,12,142,154,211
06/12/2002,VQQ,FL,ASO,ES,Federal Contract Tower,0,0,2,8,10,0,2,37,9,48,0,2,39,17,58,0,154,154,212
06/13/2002,VQQ,FL,ASO,ES,Federal Contract Tower,0,0,2,8,10,0,0,18,54,72,0,0,20,62,82,34,406,440,522
06/14/2002,VQQ,FL,ASO,ES,Federal Contract Tower,0,0,2,4,6,0,3,29,26,58,0,3,31,30,64,50,294,344,408
06/15/2002,VQQ,FL,ASO,ES,Federal Contract Tower,0,0,0,0,0,0,3,64,1,68,0,3,64,1,68,56,0,56,124
06/16/2002,VQQ,FL,ASO,ES,Federal Contract Tower,0,0,1,1,2,0,2,30,1,33,0,2,31,2,35,8,0,8,43
06/17/2002,VQQ,FL,ASO,ES,Federal Contract Tower,0,0,1,1,2,0,0,15,12,27,0,0,16,13,29,10,113,123,152
06/18/2002,VQQ,FL,ASO,ES,Federal Contract Tower,0,0,1,6,7,0,0,12,10,22,0,0,13,16,29,20,220,240,269
06/19/2002,VQQ,FL,ASO,ES,Federal Contract Tower,0,0,0,5,5,0,0,15,10,25,0,0,15,15,30,32,75,107,137
06/20/2002,VQQ,FL,ASO,ES,Federal Contract Tower,0,0,1,5,6,0,8,11,18,37,0,8,12,23,43,0,154,154,197
06/21/2002,VQQ,FL,ASO,ES,Federal Contract Tower,0,0,0,4,4,0,0,4,7,11,0,0,4,11,15,0,0,0,15
06/22/2002,VQQ,FL,ASO,ES,Federal Contract Tower,0,0,0,0,0,0,0,0,7,7,0,0,0,7,7,0,36,36,43
06/23/2002,VQQ,FL,ASO,ES,Federal Contract Tower,0,0,0,3,3,0,0,34,0,34,0,0,34,3,37,33,0,33,70
06/24/2002,VQQ,FL,ASO,ES,Federal Contract Tower,0,0,0,1,1,0,0,21,21,42,0,0,21,22,43,18,108,126,169
06/25/2002,VQQ,FL,ASO,ES,Federal Contract Tower,0,0,1,5,6,0,0,18,38,56,0,0,19,43,62,51,116,167,229
06/26/2002,VQQ,FL,ASO,ES,Federal Contract Tower,0,0,3,18,21,0,2,5,146,153,0,2,8,164,174,20,38,58,232
06/27/2002,VQQ,FL,ASO,ES,Federal Contract Tower,0,0,4,23,27,0,6,21,110,137,0,6,25,133,164,48,114,162,326
06/28/2002,VQQ,FL,ASO,ES,Federal Contract Tower,0,0,4,23,27,0,3,25,77,105,0,3,29,100,132,73,127,200,332
06/29/2002,VQQ,FL,ASO,ES,Federal Contract Tower,0,0,4,25,29,0,0,75,85,160,0,0,79,110,189,60,18,78,267
06/30/2002,VQQ,FL,ASO,ES,Federal Contract Tower,0,0,6,32,38,0,2,25,15,42,0,2,31,47,80,0,0,0,80
07/01/2002,VQQ,FL,ASO,ES,Federal Contract Tower,0,0,3,9,12,0,2,28,16,46,0,2,31,25,58,46,52,98,156
07/02/2002,VQQ,FL,ASO,ES,Federal Contract Tower,0,0,2,4,6,0,0,24,16,40,0,0,26,20,46,30,178,208,254
07/03/2002,VQQ,FL,ASO,ES,Federal Contract Tower,0,0,2,4,6,0,0,26,24,50,0,0,28,28,56,38,100,138,194
07/04/2002,VQQ,FL,ASO,ES,Federal Contract Tower,0,0,0,0,0,0,0,14,0,14,0,0,14,0,14,28,0,28,42
07/05/2002,VQQ,FL,ASO,ES,Federal Contract Tower,0,0,1,1,2,0,0,19,1,20,0,0,20,2,22,22,0,22,44
07/06/2002,VQQ,FL,ASO,ES,Federal Contract Tower,0,0,0,0,0,0,0,26,0,26,0,0,26,0,26,44,0,44,70
07/07/2002,VQQ,FL,ASO,ES,Federal Contract Tower,0,0,1,0,1,0,0,33,2,35,0,0,34,2,36,44,0,44,80
07/08/2002,VQQ,FL,ASO,ES,Federal Contract Tower,0,0,1,3,4,0,0,21,0,21,0,0,22,3,25,40,16,56,81
07/09/2002,VQQ,FL,ASO,ES,Federal Contract Tower,0,0,3,8,11,0,0,20,12,32,0,0,23,20,43,47,211,258,301
07/10/2002,VQQ,FL,ASO,ES,Federal Contract Tower,0,0,1,1,2,0,0,27,16,43,0,0,28,17,45,54,164,218,263
07/11/2002,VQQ,FL,ASO,ES,Federal Contract Tower,0,0,2,5,7,0,0,30,20,50,0,0,32,25,57,56,228,284,341
07/12/2002,VQQ,FL,ASO,ES,Federal Contract Tower,0,0,2,7,9,0,0,21,13,34,0,0,23,20,43,40,136,176,219
07/13/2002,VQQ,FL,ASO,ES,Federal Contract Tower,0,0,0,0,0,0,0,9,5,14,0,0,9,5,14,26,0,26,40
07/14/2002,VQQ,FL,ASO,ES,Federal Contract Tower,0,0,1,2,3,0,0,10,1,11,0,0,11,3,14,11,0,11,25
07/15/2002,VQQ,FL,ASO,ES,Federal Contract Tower,0,0,1,1,2,0,5,28,19,52,0,5,29,20,54,20,164,184,238
07/16/2002,VQQ,FL,ASO,ES,Federal Contract Tower,0,0,2,9,11,0,0,21,15,36,0,0,23,24,47,0,242,242,289
07/17/2002,VQQ,FL,ASO,ES,Federal Contract Tower,0,0,0,3,3,0,0,34,4,38,0,0,34,7,41,50,86,136,177
07/18/2002,VQQ,FL,ASO,ES,Federal Contract Tower,0,0,1,7,8,0,1,22,19,42,0,1,23,26,50,8,198,206,256
07/19/2002,VQQ,FL,ASO,ES,Federal Contract Tower,0,0,1,8,9,0,0,24,3,27,0,0,25,11,36,34,26,60,96
07/20/2002,VQQ,FL,ASO,ES,Federal Contract Tower,0,0,0,0,0,0,3,9,0,12,0,3,9,0,12,2,0,2,14
07/21/2002,VQQ,FL,ASO,ES,Federal Contract Tower,0,0,0,2,2,0,3,15,17,35,0,3,15,19,37,32,0,32,69
07/22/2002,VQQ,FL,ASO,ES,Federal Contract Tower,0,0,1,4,5,0,2,15,92,109,0,2,16,96,114,10,32,42,156
07/23/2002,VQQ,FL,ASO,ES,Federal Contract Tower,0,0,4,19,23,0,0,20,58,78,0,0,24,77,101,18,134,152,253
07/24/2002,VQQ,FL,ASO,ES,Federal Contract Tower,0,0,4,19,23,0,0,24,104,128,0,0,28,123,151,16,60,76,227
07/25/2002,VQQ,FL,ASO,ES,Federal Contract Tower,0,0,7,32,39,0,0,25,102,127,0,0,32,134,166,26,114,140,306
07/26/2002,VQQ,FL,ASO,ES,Federal Contract Tower,0,0,4,17,21,0,0,16,13,29,0,0,20,30,50,14,80,94,144
07/27/2002,VQQ,FL,ASO,ES,Federal Contract Tower,0,0,0,3,3,0,3,38,0,41,0,3,38,3,44,10,0,10,54
07/28/2002,VQQ,FL,ASO,ES,Federal Contract Tower,0,0,0,1,1,0,0,23,0,23,0,0,23,1,24,38,0,38,62
07/29/2002,VQQ,FL,ASO,ES,Federal Contract Tower,0,0,0,3,3,0,0,27,22,49,0,0,27,25,52,4,34,38,90
07/30/2002,VQQ,FL,ASO,ES,Federal Contract Tower,0,0,1,4,5,0,4,24,19,47,0,4,25,23,52,16,74,90,142
07/31/2002,VQQ,FL,ASO,ES,Federal Contract Tower,0,0,1,5,6,0,0,28,14,42,0,0,29,19,48,34,214,248,296
08/01/2002,VQQ,FL,ASO,ES,Federal Contract Tower,0,0,2,2,4,0,0,15,11,26,0,0,17,13,30,70,152,222,252
08/02/2002,VQQ,FL,ASO,ES,Federal Contract Tower,0,0,1,1,2,0,0,22,28,50,0,0,23,29,52,22,138,160,212
08/03/2002,VQQ,FL,ASO,ES,Federal Contract Tower,0,1,0,0,1,0,3,16,1,20,0,4,16,1,21,14,0,14,35
08/04/2002,VQQ,FL,ASO,ES,Federal Contract Tower,0,1,0,0,1,0,1,10,1,12,0,2,10,1,13,2,0,2,15
08/05/2002,VQQ,FL,ASO,ES,Federal Contract Tower,0,0,1,1,2,0,0,15,20,35,0,0,16,21,37,10,48,58,95
08/06/2002,VQQ,FL,ASO,ES,Federal Contract Tower,0,0,3,3,6,0,1,35,21,57,0,1,38,24,63,61,340,401,464
08/07/2002,VQQ,FL,ASO,ES,Federal Contract Tower,0,0,4,4,8,0,0,6,16,22,0,0,10,20,30,24,200,224,254
08/08/2002,VQQ,FL,ASO,ES,Federal Contract Tower,0,0,3,3,6,0,0,20,41,61,0,0,23,44,67,46,392,438,505
08/09/2002,VQQ,FL,ASO,ES,Federal Contract Tower,0,0,2,2,4,0,0,29,12,41,0,0,31,14,45,70,34,104,149
08/10/2002,VQQ,FL,ASO,ES,Federal Contract Tower,0,0,1,2,3,0,0,35,7,42,0,0,36,9,45,0,16,16,61
08/11/2002,VQQ,FL,ASO,ES,Federal Contract Tower,0,0,1,2,3,0,0,45,0,45,0,0,46,2,48,34,0,34,82
08/12/2002,VQQ,FL,ASO,ES,Federal Contract Tower,0,0,1,2,3,0,0,26,15,41,0,0,27,17,44,40,68,108,152
08/13/2002,VQQ,FL,ASO,ES,Federal Contract Tower,0,0,5,5,10,0,2,18,31,51,0,2,23,36,61,8,160,168,229
08/14/2002,VQQ,FL,ASO,ES,Federal Contract Tower,0,0,7,8,15,0,0,48,13,61,0,0,55,21,76,95,239,334,410
08/15/2002,VQQ,FL,ASO,ES,Federal Contract Tower,0,0,1,2,3,0,3,22,21,46,0,3,23,23,49,12,144,156,205
08/16/2002,VQQ,FL,ASO,ES,Federal Contract Tower,0,0,3,3,6,0,9,39,49,97,0,9,42,52,103,42,244,286,389
08/17/2002,VQQ,FL,ASO,ES,Federal Contract Tower,0,0,1,1,2,0,3,38,5,46,0,3,39,6,48,38,42,80,128
08/18/2002,VQQ,FL,ASO,ES,Federal Contract Tower,0,0,1,1,2,0,6,37,0,43,0,6,38,1,45,92,0,92,137
08/19/2002,VQQ,FL,ASO,ES,Federal Contract Tower,0,0,2,2,4,0,2,17,23,42,0,2,19,25,46,44,192,236,282
08/20/2002,VQQ,FL,ASO,ES,Federal Contract Tower,0,0,3,3,6,0,2,7,21,30,0,2,10,24,36,27,104,131,167
08/21/2002,VQQ,FL,ASO,ES,Federal Contract Tower,0,0,6,6,12,0,3,38,27,68,0,3,44,33,80,28,298,326,406
08/22/2002,VQQ,FL,ASO,ES,Federal Contract Tower,0,0,5,5,10,0,0,37,47,84,0,0,42,52,94,58,425,483,577
08/23/2002,VQQ,FL,ASO,ES,Federal Contract Tower,0,0,2,2,4,0,4,39,11,54,0,4,41,13,58,50,132,182,240
08/24/2002,VQQ,FL,ASO,ES,Federal Contract Tower,0,0,1,2,3,0,2,51,2,55,0,2,52,4,58,146,12,158,216
08/25/2002,VQQ,FL,ASO,ES,Federal Contract Tower,0,0,2,1,3,0,4,30,1,35,0,4,32,2,38,64,24,88,126
08/26/2002,VQQ,FL,ASO,ES,Federal Contract Tower,0,0,4,2,6,0,1,23,27,51,0,1,27,29,57,40,217,257,314
08/27/2002,VQQ,FL,ASO,ES,Federal Contract Tower,0,0,4,2,6,0,2,30,14,46,0,2,34,16,52,68,214,282,334
08/28/2002,VQQ,FL,ASO,ES,Federal Contract Tower,0,0,10,8,18,0,5,16,13,34,0,5,26,21,52,28,192,220,272
08/29/2002,VQQ,FL,ASO,ES,Federal Contract Tower,0,0,6,4,10,0,0,2,26,28,0,0,8,30,38,6,166,172,210
08/30/2002,VQQ,FL,ASO,ES,Federal Contract Tower,0,0,3,1,4,0,0,17,13,30,0,0,20,14,34,22,106,128,162
08/31/2002,VQQ,FL,ASO,ES,Federal Contract Tower,0,0,2,0,2,0,0,9,1,10,0,0,11,1,12,2,0,2,14
09/01/2002,VQQ,FL,ASO,ES,Federal Contract Tower,0,0,0,0,0,0,2,14,2,18,0,2,14,2,18,6,0,6,24
09/02/2002,VQQ,FL,ASO,ES,Federal Contract Tower,0,0,0,0,0,0,4,3,0,7,0,4,3,0,7,0,0,0,7
09/03/2002,VQQ,FL,ASO,ES,Federal Contract Tower,0,0,1,2,3,0,0,18,10,28,0,0,19,12,31,8,144,152,183
09/04/2002,VQQ,FL,ASO,ES,Federal Contract Tower,0,0,5,9,14,0,2,13,13,28,0,2,18,22,42,0,144,144,186
09/05/2002,VQQ,FL,ASO,ES,Federal Contract Tower,0,0,6,10,16,0,0,19,25,44,0,0,25,35,60,32,405,437,497
09/06/2002,VQQ,FL,ASO,ES,Federal Contract Tower,0,0,2,4,6,0,0,38,25,63,0,0,40,29,69,65,192,257,326
09/07/2002,VQQ,FL,ASO,ES,Federal Contract Tower,0,0,2,0,2,0,2,40,0,42,0,2,42,0,44,88,0,88,132
09/08/2002,VQQ,FL,ASO,ES,Federal Contract Tower,0,0,2,2,4,0,3,38,0,41,0,3,40,2,45,40,0,40,85
09/09/2002,VQQ,FL,ASO,ES,Federal Contract Tower,0,0,1,1,2,0,3,29,14,46,0,3,30,15,48,64,51,115,163
09/10/2002,VQQ,FL,ASO,ES,Federal Contract Tower,0,0,3,4,7,0,4,40,32,76,0,4,43,36,83,22,454,476,559
09/11/2002,VQQ,FL,ASO,ES,Federal Contract Tower,0,0,3,4,7,0,2,34,41,77,0,2,37,45,84,34,442,476,560
09/12/2002,VQQ,FL,ASO,ES,Federal Contract Tower,0,0,3,4,7,0,0,20,28,48,0,0,23,32,55,22,251,273,328
09/13/2002,VQQ,FL,ASO,ES,Federal Contract Tower,0,0,4,7,11,0,4,6,0,10,0,4,10,7,21,26,41,67,88
09/14/2002,VQQ,FL,ASO,ES,Federal Contract Tower,0,0,1,0,1,0,0,14,1,15,0,0,15,1,16,24,0,24,40
09/15/2002,VQQ,FL,ASO,ES,Federal Contract Tower,0,0,0,0,0,0,0,37,3,40,0,0,37,3,40,42,2,44,84
09/16/2002,VQQ,FL,ASO,ES,Federal Contract Tower,0,0,0,2,2,0,2,39,13,54,0,2,39,15,56,64,92,156,212
09/17/2002,VQQ,FL,ASO,ES,Federal Contract Tower,0,0,0,1,1,0,1,44,47,92,0,1,44,48,93,92,374,466,559
09/18/2002,VQQ,FL,ASO,ES,Federal Contract Tower,0,0,0,1,1,0,4,19,24,47,0,4,19,25,48,26,174,200,248
09/19/2002,VQQ,FL,ASO,ES,Federal Contract Tower,0,0,3,8,11,0,2,44,20,66,0,2,47,28,77,84,304,388,465
09/20/2002,VQQ,FL,ASO,ES,Federal Contract Tower,0,0,0,2,2,0,0,23,13,36,0,0,23,15,38,18,174,192,230
09/21/2002,VQQ,FL,ASO,ES,Federal Contract Tower,0,0,1,1,2,0,2,42,0,44,0,2,43,1,46,74,8,82,128
09/22/2002,VQQ,FL,ASO,ES,Federal Contract Tower,0,0,3,1,4,0,1,43,0,44,0,1,46,1,48,36,0,36,84
09/23/2002,VQQ,FL,ASO,ES,Federal Contract Tower,0,0,0,0,0,0,0,34,33,67,0,0,34,33,67,52,182,234,301
09/24/2002,VQQ,FL,ASO,ES,Federal Contract Tower,0,0,2,5,7,0,2,0,28,30,0,2,2,33,37,0,185,185,222
09/25/2002,VQQ,FL,ASO,ES,Federal Contract Tower,0,0,1,4,5,0,1,22,24,47,0,1,23,28,52,68,252,320,372
09/26/2002,VQQ,FL,ASO,ES,Federal Contract Tower,0,0,1,4,5,0,0,18,16,34,0,0,19,20,39,37,248,285,324
09/27/2002,VQQ,FL,ASO,ES,Federal Contract Tower,0,0,1,5,6,0,1,13,78,92,0,1,14,83,98,12,86,98,196
09/28/2002,VQQ,FL,ASO,ES,Federal Contract Tower,0,0,7,16,23,0,0,33,80,113,0,0,40,96,136,42,2,44,180
09/29/2002,VQQ,FL,ASO,ES,Federal Contract Tower,0,0,8,20,28,0,2,40,90,132,0,2,48,110,160,60,18,78,238
09/30/2002,VQQ,FL,ASO,ES,Federal Contract Tower,0,0,6,14,20,0,1,9,67,77,0,1,15,81,97,32,186,218,315
10/01/2002,VQQ,FL,ASO,ES,Federal Contract Tower,0,0,8,9,17,0,1,8,36,45,0,1,16,45,62,29,129,158,220
10/02/2002,VQQ,FL,ASO,ES,Federal Contract Tower,0,0,3,2,5,0,1,41,31,73,0,1,44,33,78,140,225,365,443
10/03/2002,VQQ,FL,ASO,ES,Federal Contract Tower,0,0,5,7,12,0,3,46,32,81,0,3,51,39,93,118,168,286,379
10/04/2002,VQQ,FL,ASO,ES,Federal Contract Tower,0,0,4,4,8,0,0,51,29,80,0,0,55,33,88,30,176,206,294
10/05/2002,VQQ,FL,ASO,ES,Federal Contract Tower,0,0,0,0,0,0,0,45,0,45,0,0,45,0,45,36,0,36,81
10/06/2002,VQQ,FL,ASO,ES,Federal Contract Tower,0,0,1,1,2,0,1,28,2,31,0,1,29,3,33,46,10,56,89
10/07/2002,VQQ,FL,ASO,ES,Federal Contract Tower,0,0,2,1,3,0,1,15,26,42,0,1,17,27,45,58,115,173,218
10/08/2002,VQQ,FL,ASO,ES,Federal Contract Tower,0,0,2,2,4,0,0,3,28,31,0,0,5,30,35,2,356,358,393
10/09/2002,VQQ,FL,ASO,ES,Federal Contract Tower,0,0,3,4,7,1,0,20,23,44,1,0,23,27,51,18,120,138,189
10/10/2002,VQQ,FL,ASO,ES,Federal Contract Tower,0,0,5,7,12,0,0,13,32,45,0,0,18,39,57,42,248,290,347
10/11/2002,VQQ,FL,ASO,ES,Federal Contract Tower,0,0,3,2,5,0,0,22,7,29,0,0,25,9,34,18,10,28,62
10/12/2002,VQQ,FL,ASO,ES,Federal Contract Tower,0,0,3,4,7,0,0,49,0,49,0,0,52,4,56,48,0,48,104
10/13/2002,VQQ,FL,ASO,ES,Federal Contract Tower,0,0,0,0,0,0,2,27,1,30,0,2,27,1,30,12,0,12,42
10/14/2002,VQQ,FL,ASO,ES,Federal Contract Tower,0,0,5,0,5,0,0,17,0,17,0,0,22,0,22,14,0,14,36
10/15/2002,VQQ,FL,ASO,ES,Federal Contract Tower,0,0,6,7,13,0,0,8,2,10,0,0,14,9,23,0,24,24,47
10/16/2002,VQQ,FL,ASO,ES,Federal Contract Tower,0,0,3,6,9,0,0,4,39,43,0,0,7,45,52,0,294,294,346
10/17/2002,VQQ,FL,ASO,ES,Federal Contract Tower,0,0,7,10,17,0,10,38,29,77,0,10,45,39,94,44,352,396,490
10/18/2002,VQQ,FL,ASO,ES,Federal Contract Tower,0,0,4,7,11,0,1,54,14,69,0,1,58,21,80,105,224,329,409
10/19/2002,VQQ,FL,ASO,ES,Federal Contract Tower,0,0,2,0,2,0,1,56,0,57,0,1,58,0,59,62,0,62,121
10/20/2002,VQQ,FL,ASO,ES,Federal Contract Tower,0,0,0,0,0,0,3,30,5,38,0,3,30,5,38,24,20,44,82
10/21/2002,VQQ,FL,ASO,ES,Federal Contract Tower,0,0,3,5,8,0,0,29,16,45,0,0,32,21,53,68,155,223,276
10/22/2002,VQQ,FL,ASO,ES,Federal Contract Tower,0,0,3,5,8,0,4,27,40,71,0,4,30,45,79,50,344,394,473
10/23/2002,VQQ,FL,ASO,ES,Federal Contract Tower,0,0,4,6,10,0,2,16,39,57,0,2,20,45,67,10,265,275,342
10/24/2002,VQQ,FL,ASO,ES,Federal Contract Tower,0,0,1,2,3,0,0,18,16,34,0,0,19,18,37,34,92,126,163
10/25/2002,VQQ,FL,ASO,ES,Federal Contract Tower,0,0,2,4,6,0,0,3,12,15,0,0,5,16,21,0,48,48,69
10/26/2002,VQQ,FL,ASO,ES,Federal Contract Tower,0,0,0,2,2,0,0,19,4,23,0,0,19,6,25,52,6,58,83
10/27/2002,VQQ,FL,ASO,ES,Federal Contract Tower,0,0,1,1,2,0,0,45,0,45,0,0,46,1,47,80,0,80,127
10/28/2002,VQQ,FL,ASO,ES,Federal Contract Tower,0,0,2,3,5,0,0,37,15,52,0,0,39,18,57,58,49,107,164
10/29/2002,VQQ,FL,ASO,ES,Federal Contract Tower,0,0,1,2,3,0,0,20,28,48,0,0,21,30,51,28,203,231,282
10/30/2002,VQQ,FL,ASO,ES,Federal Contract Tower,0,0,5,9,14,0,6,18,31,55,0,6,23,40,69,52,114,166,235
10/31/2002,VQQ,FL,ASO,ES,Federal Contract Tower,0,0,5,8,13,0,0,29,14,43,0,0,34,22,56,4,56,60,116
11/01/2002,VQQ,FL,ASO,ES,Federal Contract Tower,0,0,5,9,14,0,0,26,60,86,0,0,31,69,100,8,4,12,112
11/02/2002,VQQ,FL,ASO,ES,Federal Contract Tower,0,0,4,9,13,0,0,31,46,77,0,0,35,55,90,10,2,12,102
11/03/2002,VQQ,FL,ASO,ES,Federal Contract Tower,0,0,8,14,22,0,0,11,79,90,0,0,19,93,112,38,11,49,161
11/04/2002,VQQ,FL,ASO,ES,Federal Contract Tower,0,2,12,23,37,0,2,20,88,110,0,4,32,111,147,42,42,84,231
11/05/2002,VQQ,FL,ASO,ES,Federal Contract Tower,0,0,4,7,11,0,0,30,21,51,0,0,34,28,62,52,158,210,272
11/06/2002,VQQ,FL,ASO,ES,Federal Contract Tower,0,2,10,20,32,0,0,0,37,37,0,2,10,57,69,0,74,74,143
11/07/2002,VQQ,FL,ASO,ES,Federal Contract Tower,0,0,2,3,5,0,0,22,30,52,0,0,24,33,57,38,209,247,304
11/08/2002,VQQ,FL,ASO,ES,Federal Contract Tower,0,1,3,6,10,0,3,39,11,53,0,4,42,17,63,50,92,142,205
11/09/2002,VQQ,FL,ASO,ES,Federal Contract Tower,0,0,1,0,1,0,0,52,0,52,0,0,53,0,53,80,0,80,133
11/10/2002,VQQ,FL,ASO,ES,Federal Contract Tower,0,0,0,0,0,0,0,25,0,25,0,0,25,0,25,34,0,34,59
11/11/2002,VQQ,FL,ASO,ES,Federal Contract Tower,0,0,1,1,2,0,0,16,0,16,0,0,17,1,18,14,0,14,32
11/12/2002,VQQ,FL,ASO,ES,Federal Contract Tower,0,0,0,0,0,0,0,2,0,2,0,0,2,0,2,0,0,0,2
11/13/2002,VQQ,FL,ASO,ES,Federal Contract Tower,0,0,3,5,8,0,5,32,27,64,0,5,35,32,72,32,241,273,345
11/14/2002,VQQ,FL,ASO,ES,Federal Contract Tower,0,0,7,12,19,0,2,36,18,56,0,2,43,30,75,63,256,319,394
11/15/2002,VQQ,FL,ASO,ES,Federal Contract Tower,0,0,5,9,14,0,0,38,26,64,0,0,43,35,78,52,323,375,453
11/16/2002,VQQ,FL,ASO,ES,Federal Contract Tower,0,0,0,0,0,0,0,0,6,6,0,0,0,6,6,0,12,12,18
11/17/2002,VQQ,FL,ASO,ES,Federal Contract Tower,0,0,2,2,4,0,2,1,3,6,0,2,3,5,10,0,4,4,14
11/18/2002,VQQ,FL,ASO,ES,Federal Contract Tower,0,0,1,2,3,0,0,23,34,57,0,0,24,36,60,94,314,408,468
11/19/2002,VQQ,FL,ASO,ES,Federal Contract Tower,0,0,3,8,11,0,0,33,18,51,0,0,36,26,62,22,158,180,242
11/20/2002,VQQ,FL,ASO,ES,Federal Contract Tower,0,0,4,9,13,0,0,24,27,51,0,0,28,36,64,36,322,358,422
11/21/2002,VQQ,FL,ASO,ES,Federal Contract Tower,0,0,3,6,9,0,0,20,21,41,0,0,23,27,50,72,50,122,172
11/22/2002,VQQ,FL,ASO,ES,Federal Contract Tower,0,0,4,9,13,0,2,28,15,45,0,2,32,24,58,134,270,404,462
11/23/2002,VQQ,FL,ASO,ES,Federal Contract Tower,0,0,1,2,3,0,2,62,0,64,0,2,63,2,67,98,6,104,171
11/24/2002,VQQ,FL,ASO,ES,Federal Contract Tower,0,0,1,2,3,0,0,49,0,49,0,0,50,2,52,44,2,46,98
11/25/2002,VQQ,FL,ASO,ES,Federal Contract Tower,0,0,2,6,8,0,0,27,16,43,0,0,29,22,51,32,194,226,277
11/26/2002,VQQ,FL,ASO,ES,Federal Contract Tower,0,0,2,5,7,0,0,37,15,52,0,0,39,20,59,56,240,296,355
11/27/2002,VQQ,FL,ASO,ES,Federal Contract Tower,0,0,1,3,4,0,1,33,22,56,0,1,34,25,60,48,24,72,132
11/28/2002,VQQ,FL,ASO,ES,Federal Contract Tower,0,0,0,0,0,0,0,22,0,22,0,0,22,0,22,2,0,2,24
11/29/2002,VQQ,FL,ASO,ES,Federal Contract Tower,0,0,1,1,2,0,8,30,0,38,0,8,31,1,40,24,0,24,64
11/30/2002,VQQ,FL,ASO,ES,Federal Contract Tower,0,0,0,1,1,0,3,39,0,42,0,3,39,1,43,44,0,44,87
12/01/2002,VQQ,FL,ASO,ES,Federal Contract Tower,0,1,1,0,2,0,1,40,0,41,0,2,41,0,43,58,0,58,101
12/02/2002,VQQ,FL,ASO,ES,Federal Contract Tower,0,1,3,8,12,0,0,24,22,46,0,1,27,30,58,70,145,215,273
12/03/2002,VQQ,FL,ASO,ES,Federal Contract Tower,0,0,6,15,21,0,0,23,24,47,0,0,29,39,68,54,281,335,403
12/04/2002,VQQ,FL,ASO,ES,Federal Contract Tower,0,0,4,11,15,0,0,36,119,155,0,0,40,130,170,68,147,215,385
12/05/2002,VQQ,FL,ASO,ES,Federal Contract Tower,0,0,6,11,17,0,0,4,0,4,0,0,10,11,21,20,0,20,41
12/06/2002,VQQ,FL,ASO,ES,Federal Contract Tower,0,0,13,39,52,0,1,0,34,35,0,1,13,73,87,2,207,209,296
12/07/2002,VQQ,FL,ASO,ES,Federal Contract Tower,0,0,0,0,0,0,1,57,179,237,0,1,57,179,237,66,0,66,303
12/08/2002,VQQ,FL,ASO,ES,Federal Contract Tower,0,0,3,5,8,0,0,46,127,173,0,0,49,132,181,66,8,74,255
12/09/2002,VQQ,FL,ASO,ES,Federal Contract Tower,0,0,19,45,64,0,1,8,20,29,0,1,27,65,93,16,0,16,109
12/10/2002,VQQ,FL,ASO,ES,Federal Contract Tower,0,0,7,42,49,0,0,0,30,30,0,0,7,72,79,0,2,2,81
12/11/2002,VQQ,FL,ASO,ES,Federal Contract Tower,0,0,12,85,97,0,3,0,88,91,0,3,12,173,188,0,38,38,226
12/12/2002,VQQ,FL,ASO,ES,Federal Contract Tower,0,0,15,37,52,0,3,13,81,97,0,3,28,118,149,34,157,191,340
12/13/2002,VQQ,FL,ASO,ES,Federal Contract Tower,0,0,11,25,36,0,2,0,43,45,0,2,11,68,81,2,126,128,209
12/14/2002,VQQ,FL,ASO,ES,Federal Contract Tower,0,0,2,5,7,0,0,27,18,45,0,0,29,23,52,42,50,92,144
12/15/2002,VQQ,FL,ASO,ES,Federal Contract Tower,0,0,3,2,5,0,0,46,0,46,0,0,49,2,51,18,0,18,69
12/16/2002,VQQ,FL,ASO,ES,Federal Contract Tower,0,0,10,23,33,0,1,47,18,66,0,1,57,41,99,44,106,150,249
12/17/2002,VQQ,FL,ASO,ES,Federal Contract Tower,0,0,3,9,12,0,1,48,13,62,0,1,51,22,74,30,118,148,222
12/18/2002,VQQ,FL,ASO,ES,Federal Contract Tower,0,0,8,18,26,0,0,15,0,15,0,0,23,18,41,46,108,154,195
12/19/2002,VQQ,FL,ASO,ES,Federal Contract Tower,0,0,3,10,13,0,1,28,31,60,0,1,31,41,73,90,208,298,371
12/20/2002,VQQ,FL,ASO,ES,Federal Contract Tower,0,0,6,18,24,0,0,33,10,43,0,0,39,28,67,16,50,66,133
12/21/2002,VQQ,FL,ASO,ES,Federal Contract Tower,0,0,2,2,4,0,0,57,0,57,0,0,59,2,61,58,2,60,121
12/22/2002,VQQ,FL,ASO,ES,Federal Contract Tower,0,0,1,0,1,0,2,37,0,39,0,2,38,0,40,10,0,10,50
12/23/2002,VQQ,FL,ASO,ES,Federal Contract Tower,0,0,3,8,11,0,0,13,16,29,0,0,16,24,40,42,68,110,150
12/24/2002,VQQ,FL,ASO,ES,Federal Contract Tower,0,0,0,0,0,0,0,2,0,2,0,0,2,0,2,0,0,0,2
12/25/2002,VQQ,FL,ASO,ES,Federal Contract Tower,0,0,0,0,0,0,0,3,1,4,0,0,3,1,4,0,0,0,4
12/26/2002,VQQ,FL,ASO,ES,Federal Contract Tower,0,0,1,5,6,0,2,39,3,44,0,2,40,8,50,42,55,97,147
12/27/2002,VQQ,FL,ASO,ES,Federal Contract Tower,0,0,0,3,3,0,2,34,13,49,0,2,34,16,52,10,164,174,226
12/28/2002,VQQ,FL,ASO,ES,Federal Contract Tower,0,0,0,2,2,0,4,36,2,42,0,4,36,4,44,2,0,2,46
12/29/2002,VQQ,FL,ASO,ES,Federal Contract Tower,0,0,1,2,3,0,2,34,0,36,0,2,35,2,39,46,0,46,85
12/30/2002,VQQ,FL,ASO,ES,Federal Contract Tower,0,0,6,18,24,0,2,29,20,51,0,2,35,38,75,20,80,100,175
12/31/2002,VQQ,FL,ASO,ES,Federal Contract Tower,0,0,0,0,0,0,0,7,4,11,0,0,7,4,11,10,40,50,61
01/01/2003,VQQ,FL,ASO,ES,Federal Contract Tower,0,0,1,0,1,0,0,13,0,13,0,0,14,0,14,0,0,0,14
01/02/2003,VQQ,FL,ASO,ES,Federal Contract Tower,0,1,3,3,7,0,4,22,10,36,0,5,25,13,43,48,68,116,159
01/03/2003,VQQ,FL,ASO,ES,Federal Contract Tower,0,1,5,5,11,0,2,13,17,32,0,3,18,22,43,36,194,230,273
01/04/2003,VQQ,FL,ASO,ES,Federal Contract Tower,0,1,7,2,10,0,0,41,0,41,0,1,48,2,51,98,16,114,165
01/05/2003,VQQ,FL,ASO,ES,Federal Contract Tower,0,0,5,0,5,0,0,33,0,33,0,0,38,0,38,36,0,36,74
01/06/2003,VQQ,FL,ASO,ES,Federal Contract Tower,0,1,6,7,14,0,9,39,3,51,0,10,45,10,65,64,68,132,197
01/07/2003,VQQ,FL,ASO,ES,Federal Contract Tower,0,1,3,4,8,0,2,23,22,47,0,3,26,26,55,14,220,234,289
01/08/2003,VQQ,FL,ASO,ES,Federal Contract Tower,0,1,6,7,14,0,1,22,25,48,0,2,28,32,62,16,230,246,308
01/09/2003,VQQ,FL,ASO,ES,Federal Contract Tower,0,2,11,12,25,0,7,25,22,54,0,9,36,34,79,24,142,166,245
01/10/2003,VQQ,FL,ASO,ES,Federal Contract Tower,0,0,6,6,12,0,0,16,38,54,0,0,22,44,66,46,182,228,294
01/11/2003,VQQ,FL,ASO,ES,Federal Contract Tower,0,1,9,10,20,0,0,95,21,116,0,1,104,31,136,101,7,108,244
01/12/2003,VQQ,FL,ASO,ES,Federal Contract Tower,0,0,4,4,8,0,0,33,0,33,0,0,37,4,41,20,0,20,61
01/13/2003,VQQ,FL,ASO,ES,Federal Contract Tower,0,1,8,9,18,0,1,17,21,39,0,2,25,30,57,52,180,232,289
01/14/2003,VQQ,FL,ASO,ES,Federal Contract Tower,0,0,3,3,6,0,0,32,29,61,0,0,35,32,67,58,240,298,365
01/15/2003,VQQ,FL,ASO,ES,Federal Contract Tower,0,1,8,9,18,0,1,24,44,69,0,2,32,53,87,25,390,415,502
01/16/2003,VQQ,FL,ASO,ES,Federal Contract Tower,0,1,6,7,14,0,8,30,28,66,0,9,36,35,80,46,128,174,254
01/17/2003,VQQ,FL,ASO,ES,Federal Contract Tower,0,0,6,5,11,0,0,27,16,43,0,0,33,21,54,63,202,265,319
01/18/2003,VQQ,FL,ASO,ES,Federal Contract Tower,0,0,4,3,7,0,2,64,4,70,0,2,68,7,77,136,0,136,213
01/19/2003,VQQ,FL,ASO,ES,Federal Contract Tower,0,0,1,1,2,0,1,33,2,36,0,1,34,3,38,56,6,62,100
01/20/2003,VQQ,FL,ASO,ES,Federal Contract Tower,0,0,6,4,10,0,2,33,0,35,0,2,39,4,45,52,4,56,101
01/21/2003,VQQ,FL,ASO,ES,Federal Contract Tower,0,0,9,9,18,0,0,22,24,46,0,0,31,33,64,20,77,97,161
01/22/2003,VQQ,FL,ASO,ES,Federal Contract Tower,0,0,3,10,13,0,2,0,24,26,0,2,3,34,39,2,163,165,204
01/23/2003,VQQ,FL,ASO,ES,Federal Contract Tower,0,0,4,5,9,0,0,4,47,51,0,0,8,52,60,40,137,177,237
01/24/2003,VQQ,FL,ASO,ES,Federal Contract Tower,0,0,8,10,18,0,3,22,51,76,0,3,30,61,94,22,241,263,357
01/25/2003,VQQ,FL,ASO,ES,Federal Contract Tower,0,0,8,11,19,0,0,61,53,114,0,0,69,64,133,94,14,108,241
01/26/2003,VQQ,FL,ASO,ES,Federal Contract Tower,0,0,4,5,9,0,2,33,18,53,0,2,37,23,62,49,78,127,189
01/27/2003,VQQ,FL,ASO,ES,Federal Contract Tower,0,0,8,11,19,0,0,22,65,87,0,0,30,76,106,32,83,115,221
01/28/2003,VQQ,FL,ASO,ES,Federal Contract Tower,0,1,11,13,25,0,1,28,128,157,0,2,39,141,182,50,331,381,563
01/29/2003,VQQ,FL,ASO,ES,Federal Contract Tower,0,0,15,17,32,0,0,17,89,106,0,0,32,106,138,54,105,159,297
01/30/2003,VQQ,FL,ASO,ES,Federal Contract Tower,0,1,11,14,26,0,1,9,86,96,0,2,20,100,122,52,238,290,412
01/31/2003,VQQ,FL,ASO,ES,Federal Contract Tower,0,2,29,40,71,0,0,0,77,77,0,2,29,117,148,20,174,194,342
02/01/2003,VQQ,FL,ASO,ES,Federal Contract Tower,0,0,6,4,10,0,1,28,7,36,0,1,34,11,46,38,38,76,122
02/02/2003,VQQ,FL,ASO,ES,Federal Contract Tower,0,0,11,2,13,0,5,66,0,71,0,5,77,2,84,70,10,80,164
02/03/2003,VQQ,FL,ASO,ES,Federal Contract Tower,0,1,12,7,20,0,3,13,24,40,0,4,25,31,60,18,235,253,313
02/04/2003,VQQ,FL,ASO,ES,Federal Contract Tower,0,0,9,6,15,0,0,8,14,22,0,0,17,20,37,28,58,86,123
02/05/2003,VQQ,FL,ASO,ES,Federal Contract Tower,0,0,10,6,16,0,0,52,41,93,0,0,62,47,109,86,180,266,375
02/06/2003,VQQ,FL,ASO,ES,Federal Contract Tower,0,1,11,7,19,0,1,18,24,43,0,2,29,31,62,44,204,248,310
02/07/2003,VQQ,FL,ASO,ES,Federal Contract Tower,0,0,7,4,11,0,0,5,16,21,0,0,12,20,32,16,72,88,120
02/08/2003,VQQ,FL,ASO,ES,Federal Contract Tower,0,1,5,3,9,0,0,42,34,76,0,1,47,37,85,136,24,160,245
02/09/2003,VQQ,FL,ASO,ES,Federal Contract Tower,0,0,11,3,14,0,0,4,0,4,0,0,15,3,18,0,0,0,18
02/10/2003,VQQ,FL,ASO,ES,Federal Contract Tower,0,1,1,1,3,0,1,15,13,29,0,2,16,14,32,26,184,210,242
02/11/2003,VQQ,FL,ASO,ES,Federal Contract Tower,0,1,8,5,14,0,3,17,17,37,0,4,25,22,51,58,327,385,436
02/12/2003,VQQ,FL,ASO,ES,Federal Contract Tower,0,0,14,9,23,0,0,57,25,82,0,0,71,34,105,110,105,215,320
02/13/2003,VQQ,FL,ASO,ES,Federal Contract Tower,0,0,14,9,23,0,0,24,27,51,0,0,38,36,74,49,341,390,464
02/14/2003,VQQ,FL,ASO,ES,Federal Contract Tower,0,1,6,3,10,2,2,21,2,27,2,3,27,5,37,53,10,63,100
02/15/2003,VQQ,FL,ASO,ES,Federal Contract Tower,0,1,6,2,9,0,3,43,1,47,0,4,49,3,56,88,0,88,144
02/16/2003,VQQ,FL,ASO,ES,Federal Contract Tower,0,0,1,0,1,0,0,0,0,0,0,0,1,0,1,0,0,0,1
02/17/2003,VQQ,FL,ASO,ES,Federal Contract Tower,0,1,8,1,10,0,2,17,0,19,0,3,25,1,29,12,0,12,41
02/18/2003,VQQ,FL,ASO,ES,Federal Contract Tower,0,1,12,5,18,0,3,23,25,51,0,4,35,30,69,38,108,146,215
02/19/2003,VQQ,FL,ASO,ES,Federal Contract Tower,0,1,17,9,27,0,1,41,33,75,0,2,58,42,102,63,231,294,396
02/20/2003,VQQ,FL,ASO,ES,Federal Contract Tower,0,0,12,6,18,0,0,16,38,54,0,0,28,44,72,44,174,218,290
02/21/2003,VQQ,FL,ASO,ES,Federal Contract Tower,0,0,12,9,21,0,2,0,5,7,0,2,12,14,28,34,117,151,179
02/22/2003,VQQ,FL,ASO,ES,Federal Contract Tower,0,0,0,0,0,0,0,5,7,12,0,0,5,7,12,0,0,0,12
02/23/2003,VQQ,FL,ASO,ES,Federal Contract Tower,0,0,12,6,18,0,4,61,9,74,0,4,73,15,92,96,24,120,212
02/24/2003,VQQ,FL,ASO,ES,Federal Contract Tower,0,0,13,7,20,0,0,37,63,100,0,0,50,70,120,64,324,388,508
02/25/2003,VQQ,FL,ASO,ES,Federal Contract Tower,0,0,22,12,34,0,0,20,59,79,0,0,42,71,113,56,353,409,522
02/26/2003,VQQ,FL,ASO,ES,Federal Contract Tower,0,0,10,5,15,0,0,42,51,93,0,0,52,56,108,70,297,367,475
02/27/2003,VQQ,FL,ASO,ES,Federal Contract Tower,0,0,4,1,5,0,4,9,23,36,0,4,13,24,41,4,158,162,203
02/28/2003,VQQ,FL,ASO,ES,Federal Contract Tower,0,0,13,8,21,0,0,1,29,30,0,0,14,37,51,8,38,46,97
03/01/2003,VQQ,FL,ASO,ES,Federal Contract Tower,0,0,2,1,3,0,0,2,1,3,0,0,4,2,6,0,0,0,6
03/02/2003,VQQ,FL,ASO,ES,Federal Contract Tower,0,0,0,0,0,0,3,14,5,22,0,3,14,5,22,28,0,28,50
03/03/2003,VQQ,FL,ASO,ES,Federal Contract Tower,0,1,1,1,3,0,0,24,42,66,0,1,25,43,69,26,324,350,419
03/04/2003,VQQ,FL,ASO,ES,Federal Contract Tower,0,0,4,2,6,0,0,0,0,0,0,0,4,2,6,4,0,4,10
03/05/2003,VQQ,FL,ASO,ES,Federal Contract Tower,0,1,3,2,6,0,0,22,43,65,0,1,25,45,71,35,330,365,436
03/06/2003,VQQ,FL,ASO,ES,Federal Contract Tower,0,0,2,1,3,0,0,14,34,48,0,0,16,35,51,36,326,362,413
03/07/2003,VQQ,FL,ASO,ES,Federal Contract Tower,0,0,9,6,15,0,0,5,15,20,0,0,14,21,35,36,44,80,115
03/08/2003,VQQ,FL,ASO,ES,Federal Contract Tower,0,0,3,3,6,0,0,18,0,18,0,0,21,3,24,30,0,30,54
03/09/2003,VQQ,FL,ASO,ES,Federal Contract Tower,0,0,1,1,2,0,1,1,0,2,0,1,2,1,4,0,0,0,4
03/10/2003,VQQ,FL,ASO,ES,Federal Contract Tower,0,0,7,6,13,0,0,27,30,57,0,0,34,36,70,131,209,340,410
03/11/2003,VQQ,FL,ASO,ES,Federal Contract Tower,0,0,12,9,21,0,2,43,19,64,0,2,55,28,85,59,141,200,285
03/12/2003,VQQ,FL,ASO,ES,Federal Contract Tower,0,0,11,9,20,0,8,51,29,88,0,8,62,38,108,136,268,404,512
03/13/2003,VQQ,FL,ASO,ES,Federal Contract Tower,0,0,2,3,5,0,1,21,30,52,0,1,23,33,57,6,140,146,203
03/14/2003,VQQ,FL,ASO,ES,Federal Contract Tower,0,0,28,19,47,0,5,1,31,37,0,5,29,50,84,24,212,236,320
03/15/2003,VQQ,FL,ASO,ES,Federal Contract Tower,0,0,1,1,2,0,0,2,7,9,0,0,3,8,11,2,0,2,13
03/16/2003,VQQ,FL,ASO,ES,Federal Contract Tower,0,0,13,4,17,0,5,16,0,21,0,5,29,4,38,0,0,0,38
03/17/2003,VQQ,FL,ASO,ES,Federal Contract Tower,0,0,1,0,1,0,0,2,24,26,0,0,3,24,27,68,86,154,181
03/18/2003,VQQ,FL,ASO,ES,Federal Contract Tower,0,0,17,10,27,0,6,24,16,46,0,6,41,26,73,62,214,276,349
03/19/2003,VQQ,FL,ASO,ES,Federal Contract Tower,0,0,10,6,16,0,0,20,32,52,0,0,30,38,68,24,342,366,434
03/20/2003,VQQ,FL,ASO,ES,Federal Contract Tower,0,0,2,1,3,0,0,4,37,41,0,0,6,38,44,0,213,213,257
03/21/2003,VQQ,FL,ASO,ES,Federal Contract Tower,0,0,12,7,19,0,1,55,47,103,0,1,67,54,122,142,138,280,402
03/22/2003,VQQ,FL,ASO,ES,Federal Contract Tower,0,0,11,1,12,0,2,86,0,88,0,2,97,1,100,156,0,156,256
03/23/2003,VQQ,FL,ASO,ES,Federal Contract Tower,0,0,6,4,10,0,0,20,1,21,0,0,26,5,31,63,0,63,94
03/24/2003,VQQ,FL,ASO,ES,Federal Contract Tower,0,0,14,9,23,0,2,38,19,59,0,2,52,28,82,82,106,188,270
03/25/2003,VQQ,FL,ASO,ES,Federal Contract Tower,0,0,13,8,21,0,1,10,28,39,0,1,23,36,60,46,176,222,282
03/26/2003,VQQ,FL,ASO,ES,Federal Contract Tower,0,0,2,1,3,0,0,41,49,90,0,0,43,50,93,30,182,212,305
03/27/2003,VQQ,FL,ASO,ES,Federal Contract Tower,0,0,8,8,16,0,0,0,22,22,0,0,8,30,38,0,156,156,194
03/28/2003,VQQ,FL,ASO,ES,Federal Contract Tower,0,0,16,10,26,0,0,16,24,40,0,0,32,34,66,20,59,79,145
03/29/2003,VQQ,FL,ASO,ES,Federal Contract Tower,0,0,12,6,18,0,4,22,0,26,0,4,34,6,44,78,2,80,124
03/30/2003,VQQ,FL,ASO,ES,Federal Contract Tower,0,0,2,0,2,0,3,8,0,11,0,3,10,0,13,10,0,10,23
03/31/2003,VQQ,FL,ASO,ES,Federal Contract Tower,0,0,8,4,12,0,2,16,9,27,0,2,24,13,39,74,157,231,270
04/01/2003,VQQ,FL,ASO,ES,Federal Contract Tower,0,0,39,3,42,0,0,34,58,92,0,0,73,61,134,83,204,287,421
04/02/2003,VQQ,FL,ASO,ES,Federal Contract Tower,0,0,28,16,44,0,0,41,47,88,0,0,69,63,132,68,279,347,479
04/03/2003,VQQ,FL,ASO,ES,Federal Contract Tower,0,0,2,7,9,0,3,52,18,73,0,3,54,25,82,28,214,242,324
04/04/2003,VQQ,FL,ASO,ES,Federal Contract Tower,0,0,9,5,14,0,1,49,12,62,0,1,58,17,76,70,76,146,222
04/05/2003,VQQ,FL,ASO,ES,Federal Contract Tower,0,0,2,0,2,0,3,29,9,41,0,3,31,9,43,118,0,118,161
04/06/2003,VQQ,FL,ASO,ES,Federal Contract Tower,0,0,23,2,25,0,5,26,4,35,0,5,49,6,60,25,0,25,85
04/07/2003,VQQ,FL,ASO,ES,Federal Contract Tower,0,0,1,3,4,0,0,15,41,56,0,0,16,44,60,4,316,320,380
04/08/2003,VQQ,FL,ASO,ES,Federal Contract Tower,0,0,5,5,10,0,2,2,9,13,0,2,7,14,23,0,78,78,101
04/09/2003,VQQ,FL,ASO,ES,Federal Contract Tower,0,0,17,17,34,0,0,0,29,29,0,0,17,46,63,64,123,187,250
04/10/2003,VQQ,FL,ASO,ES,Federal Contract Tower,0,0,11,9,20,0,2,11,28,41,0,2,22,37,61,6,404,410,471
04/11/2003,VQQ,FL,ASO,ES,Federal Contract Tower,0,0,19,4,23,0,0,21,21,42,0,0,40,25,65,32,127,159,224
04/12/2003,VQQ,FL,ASO,ES,Federal Contract Tower,0,0,11,0,11,0,0,47,1,48,0,0,58,1,59,92,26,118,177
04/13/2003,VQQ,FL,ASO,ES,Federal Contract Tower,0,0,6,0,6,0,3,37,2,42,0,3,43,2,48,88,0,88,136
04/14/2003,VQQ,FL,ASO,ES,Federal Contract Tower,0,0,5,6,11,0,5,24,12,41,0,5,29,18,52,46,194,240,292
04/15/2003,VQQ,FL,ASO,ES,Federal Contract Tower,0,0,5,8,13,0,1,35,32,68,0,1,40,40,81,50,286,336,417
04/16/2003,VQQ,FL,ASO,ES,Federal Contract Tower,0,0,10,7,17,0,1,40,30,71,0,1,50,37,88,58,112,170,258
04/17/2003,VQQ,FL,ASO,ES,Federal Contract Tower,0,0,12,7,19,0,1,24,25,50,0,1,36,32,69,29,213,242,311
04/18/2003,VQQ,FL,ASO,ES,Federal Contract Tower,0,0,10,10,20,0,2,41,22,65,0,2,51,32,85,40,174,214,299
04/19/2003,VQQ,FL,ASO,ES,Federal Contract Tower,0,0,8,0,8,0,0,39,0,39,0,0,47,0,47,88,0,88,135
04/20/2003,VQQ,FL,ASO,ES,Federal Contract Tower,0,0,9,0,9,0,0,25,0,25,0,0,34,0,34,52,0,52,86
04/21/2003,VQQ,FL,ASO,ES,Federal Contract Tower,0,0,14,14,28,0,4,29,26,59,0,4,43,40,87,56,112,168,255
04/22/2003,VQQ,FL,ASO,ES,Federal Contract Tower,0,0,5,10,15,0,3,17,27,47,0,3,22,37,62,28,210,238,300
04/23/2003,VQQ,FL,ASO,ES,Federal Contract Tower,0,0,4,21,25,0,3,33,20,56,0,3,37,41,81,52,299,351,432
04/24/2003,VQQ,FL,ASO,ES,Federal Contract Tower,0,0,13,10,23,0,4,40,39,83,0,4,53,49,106,80,200,280,386
04/25/2003,VQQ,FL,ASO,ES,Federal Contract Tower,0,0,5,3,8,0,0,10,35,45,0,0,15,38,53,22,252,274,327
04/26/2003,VQQ,FL,ASO,ES,Federal Contract Tower,0,0,12,2,14,0,0,27,17,44,0,0,39,19,58,34,20,54,112
04/27/2003,VQQ,FL,ASO,ES,Federal Contract Tower,0,0,12,3,15,0,0,28,3,31,0,0,40,6,46,62,8,70,116
04/28/2003,VQQ,FL,ASO,ES,Federal Contract Tower,0,7,9,3,19,0,0,25,16,41,0,7,34,19,60,60,157,217,277
04/29/2003,VQQ,FL,ASO,ES,Federal Contract Tower,0,0,1,7,8,0,1,24,24,49,0,1,25,31,57,10,345,355,412
04/30/2003,VQQ,FL,ASO,ES,Federal Contract Tower,0,0,24,5,29,0,0,10,36,46,0,0,34,41,75,6,149,155,230
05/01/2003,VQQ,FL,ASO,ES,Federal Contract Tower,0,0,47,9,56,0,0,14,30,44,0,0,61,39,100,34,212,246,346
05/02/2003,VQQ,FL,ASO,ES,Federal Contract Tower,0,0,30,7,37,0,1,16,17,34,0,1,46,24,71,48,150,198,269
05/03/2003,VQQ,FL,ASO,ES,Federal Contract Tower,0,0,12,2,14,0,0,58,4,62,0,0,70,6,76,118,10,128,204
05/04/2003,VQQ,FL,ASO,ES,Federal Contract Tower,0,0,7,4,11,0,0,27,1,28,0,0,34,5,39,51,0,51,90
05/05/2003,VQQ,FL,ASO,ES,Federal Contract Tower,0,0,17,4,21,0,0,17,22,39,0,0,34,26,60,10,254,264,324
05/06/2003,VQQ,FL,ASO,ES,Federal Contract Tower,0,0,17,4,21,0,4,28,36,68,0,4,45,40,89,20,370,390,479
05/07/2003,VQQ,FL,ASO,ES,Federal Contract Tower,0,0,8,10,18,0,0,37,42,79,0,0,45,52,97,70,354,424,521
05/08/2003,VQQ,FL,ASO,ES,Federal Contract Tower,0,0,21,4,25,0,3,31,52,86,0,3,52,56,111,40,222,262,373
05/09/2003,VQQ,FL,ASO,ES,Federal Contract Tower,0,0,14,2,16,0,0,41,25,66,0,0,55,27,82,52,10,62,144
05/10/2003,VQQ,FL,ASO,ES,Federal Contract Tower,0,0,8,0,8,0,0,63,2,65,0,0,71,2,73,82,0,82,155
05/11/2003,VQQ,FL,ASO,ES,Federal Contract Tower,0,0,5,0,5,0,0,15,0,15,0,0,20,0,20,56,0,56,76
05/12/2003,VQQ,FL,ASO,ES,Federal Contract Tower,0,0,18,0,18,0,1,27,18,46,0,1,45,18,64,58,169,227,291
05/13/2003,VQQ,FL,ASO,ES,Federal Contract Tower,0,0,18,6,24,0,7,30,16,53,0,7,48,22,77,124,318,442,519
05/14/2003,VQQ,FL,ASO,ES,Federal Contract Tower,0,0,10,5,15,0,0,39,32,71,0,0,49,37,86,52,202,254,340
05/15/2003,VQQ,FL,ASO,ES,Federal Contract Tower,0,0,8,9,17,0,0,31,40,71,0,0,39,49,88,92,242,334,422
05/16/2003,VQQ,FL,ASO,ES,Federal Contract Tower,0,2,15,11,28,0,4,46,37,87,0,6,61,48,115,98,260,358,473
05/17/2003,VQQ,FL,ASO,ES,Federal Contract Tower,0,0,23,0,23,0,0,34,35,69,0,0,57,35,92,82,0,82,174
05/18/2003,VQQ,FL,ASO,ES,Federal Contract Tower,0,4,12,2,18,0,3,12,17,32,0,7,24,19,50,68,12,80,130
05/19/2003,VQQ,FL,ASO,ES,Federal Contract Tower,0,2,5,4,11,0,0,11,10,21,0,2,16,14,32,14,47,61,93
05/20/2003,VQQ,FL,ASO,ES,Federal Contract Tower,0,0,5,4,9,0,3,14,26,43,0,3,19,30,52,38,152,190,242
05/21/2003,VQQ,FL,ASO,ES,Federal Contract Tower,0,1,5,11,17,0,4,39,31,74,0,5,44,42,91,96,380,476,567
05/22/2003,VQQ,FL,ASO,ES,Federal Contract Tower,0,0,8,2,10,0,2,15,55,72,0,2,23,57,82,8,480,488,570
05/23/2003,VQQ,FL,ASO,ES,Federal Contract Tower,0,0,19,5,24,0,0,20,8,28,0,0,39,13,52,19,64,83,135
05/24/2003,VQQ,FL,ASO,ES,Federal Contract Tower,0,0,27,0,27,0,0,40,0,40,0,0,67,0,67,92,0,92,159
05/25/2003,VQQ,FL,ASO,ES,Federal Contract Tower,0,0,9,0,9,0,3,24,0,27,0,3,33,0,36,38,0,38,74
05/26/2003,VQQ,FL,ASO,ES,Federal Contract Tower,0,0,12,0,12,0,1,35,0,36,0,1,47,0,48,58,0,58,106
05/27/2003,VQQ,FL,ASO,ES,Federal Contract Tower,0,0,9,0,9,0,2,17,25,44,0,2,26,25,53,42,119,161,214
05/28/2003,VQQ,FL,ASO,ES,Federal Contract Tower,0,0,23,7,30,0,2,55,35,92,0,2,78,42,122,131,297,428,550
05/29/2003,VQQ,FL,ASO,ES,Federal Contract Tower,0,0,11,9,20,0,2,49,41,92,0,2,60,50,112,114,158,272,384
05/30/2003,VQQ,FL,ASO,ES,Federal Contract Tower,0,0,19,2,21,0,0,30,15,45,0,0,49,17,66,32,94,126,192
05/31/2003,VQQ,FL,ASO,ES,Federal Contract Tower,0,0,9,0,9,0,0,42,1,43,0,0,51,1,52,44,0,44,96
06/01/2003,VQQ,FL,ASO,ES,Federal Contract Tower,0,0,0,0,0,0,0,9,0,9,0,0,9,0,9,0,0,0,9
06/02/2003,VQQ,FL,ASO,ES,Federal Contract Tower,0,0,6,7,13,0,0,23,30,53,0,0,29,37,66,0,316,316,382
06/03/2003,VQQ,FL,ASO,ES,Federal Contract Tower,0,0,5,2,7,0,0,12,32,44,0,0,17,34,51,22,241,263,314
06/04/2003,VQQ,FL,ASO,ES,Federal Contract Tower,0,0,4,3,7,0,0,11,25,36,0,0,15,28,43,16,191,207,250
06/05/2003,VQQ,FL,ASO,ES,Federal Contract Tower,0,0,5,2,7,0,2,14,30,46,0,2,19,32,53,14,289,303,356
06/06/2003,VQQ,FL,ASO,ES,Federal Contract Tower,0,0,15,3,18,0,1,47,22,70,0,1,62,25,88,46,60,106,194
06/07/2003,VQQ,FL,ASO,ES,Federal Contract Tower,0,0,4,0,4,0,3,15,1,19,0,3,19,1,23,26,0,26,49
06/08/2003,VQQ,FL,ASO,ES,Federal Contract Tower,0,0,1,0,1,0,1,13,1,15,0,1,14,1,16,4,0,4,20
06/09/2003,VQQ,FL,ASO,ES,Federal Contract Tower,0,0,8,5,13,0,0,18,22,40,0,0,26,27,53,46,118,164,217
06/10/2003,VQQ,FL,ASO,ES,Federal Contract Tower,0,0,7,8,15,0,1,14,18,33,0,1,21,26,48,47,294,341,389
06/11/2003,VQQ,FL,ASO,ES,Federal Contract Tower,0,0,6,3,9,0,1,25,28,54,0,1,31,31,63,46,207,253,316
06/12/2003,VQQ,FL,ASO,ES,Federal Contract Tower,0,0,5,11,16,0,4,34,26,64,0,4,39,37,80,54,56,110,190
06/13/2003,VQQ,FL,ASO,ES,Federal Contract Tower,0,0,23,0,23,0,0,16,17,33,0,0,39,17,56,36,70,106,162
06/14/2003,VQQ,FL,ASO,ES,Federal Contract Tower,0,0,6,0,6,0,5,146,4,155,0,5,152,4,161,46,0,46,207
06/15/2003,VQQ,FL,ASO,ES,Federal Contract Tower,0,0,2,1,3,0,3,36,12,51,0,3,38,13,54,76,10,86,140
06/16/2003,VQQ,FL,ASO,ES,Federal Contract Tower,0,0,9,5,14,0,0,30,21,51,0,0,39,26,65,24,70,94,159
06/17/2003,VQQ,FL,ASO,ES,Federal Contract Tower,0,0,3,7,10,0,0,21,35,56,0,0,24,42,66,28,287,315,381
06/18/2003,VQQ,FL,ASO,ES,Federal Contract Tower,0,0,6,8,14,0,0,14,19,33,0,0,20,27,47,27,201,228,275
06/19/2003,VQQ,FL,ASO,ES,Federal Contract Tower,0,0,20,9,29,0,2,0,45,47,0,2,20,54,76,24,266,290,366
06/20/2003,VQQ,FL,ASO,ES,Federal Contract Tower,0,0,8,3,11,0,1,0,23,24,0,1,8,26,35,10,62,72,107
06/21/2003,VQQ,FL,ASO,ES,Federal Contract Tower,0,0,2,1,3,0,0,47,2,49,0,0,49,3,52,34,2,36,88
06/22/2003,VQQ,FL,ASO,ES,Federal Contract Tower,0,0,13,0,13,0,2,25,22,49,0,2,38,22,62,0,0,0,62
06/23/2003,VQQ,FL,ASO,ES,Federal Contract Tower,0,0,8,9,17,0,0,38,47,85,0,0,46,56,102,48,160,208,310
06/24/2003,VQQ,FL,ASO,ES,Federal Contract Tower,0,0,12,13,25,0,3,39,44,86,0,3,51,57,111,26,373,399,510
06/25/2003,VQQ,FL,ASO,ES,Federal Contract Tower,0,0,13,4,17,0,2,46,32,80,0,2,59,36,97,70,299,369,466
06/26/2003,VQQ,FL,ASO,ES,Federal Contract Tower,0,0,12,1,13,0,0,26,32,58,0,0,38,33,71,28,100,128,199
06/27/2003,VQQ,FL,ASO,ES,Federal Contract Tower,0,2,15,7,24,0,0,26,42,68,0,2,41,49,92,60,100,160,252
06/28/2003,VQQ,FL,ASO,ES,Federal Contract Tower,0,0,2,0,2,0,0,20,0,20,0,0,22,0,22,22,0,22,44
06/29/2003,VQQ,FL,ASO,ES,Federal Contract Tower,0,0,14,0,14,0,0,5,0,5,0,0,19,0,19,16,0,16,35
06/30/2003,VQQ,FL,ASO,ES,Federal Contract Tower,0,0,13,3,16,0,0,17,8,25,0,0,30,11,41,30,130,160,201
07/01/2003,VQQ,FL,ASO,ES,Federal Contract Tower,0,0,21,5,26,0,0,23,8,31,0,0,44,13,57,61,154,215,272
07/02/2003,VQQ,FL,ASO,ES,Federal Contract Tower,0,0,7,6,13,0,1,10,12,23,0,1,17,18,36,18,235,253,289
07/03/2003,VQQ,FL,ASO,ES,Federal Contract Tower,0,1,5,1,7,0,0,16,15,31,0,1,21,16,38,12,58,70,108
07/04/2003,VQQ,FL,ASO,ES,Federal Contract Tower,0,0,15,0,15,0,0,21,5,26,0,0,36,5,41,34,16,50,91
07/05/2003,VQQ,FL,ASO,ES,Federal Contract Tower,0,0,6,0,6,0,2,27,0,29,0,2,33,0,35,28,0,28,63
07/06/2003,VQQ,FL,ASO,ES,Federal Contract Tower,0,0,8,1,9,0,5,37,2,44,0,5,45,3,53,21,0,21,74
07/07/2003,VQQ,FL,ASO,ES,Federal Contract Tower,0,2,13,8,23,0,1,14,23,38,0,3,27,31,61,56,64,120,181
07/08/2003,VQQ,FL,ASO,ES,Federal Contract Tower,0,0,12,5,17,0,2,19,22,43,0,2,31,27,60,59,483,542,602
07/09/2003,VQQ,FL,ASO,ES,Federal Contract Tower,0,0,8,21,29,0,2,44,45,91,0,2,52,66,120,72,244,316,436
07/10/2003,VQQ,FL,ASO,ES,Federal Contract Tower,0,0,9,20,29,0,4,26,8,38,0,4,35,28,67,16,160,176,243
07/11/2003,VQQ,FL,ASO,ES,Federal Contract Tower,0,0,14,4,18,0,2,19,36,57,0,2,33,40,75,12,218,230,305
07/12/2003,VQQ,FL,ASO,ES,Federal Contract Tower,0,0,1,3,4,0,1,44,13,58,0,1,45,16,62,30,0,30,92
07/13/2003,VQQ,FL,ASO,ES,Federal Contract Tower,0,0,4,0,4,0,1,13,14,28,0,1,17,14,32,26,0,26,58
07/14/2003,VQQ,FL,ASO,ES,Federal Contract Tower,0,0,7,8,15,0,0,12,20,32,0,0,19,28,47,16,148,164,211
07/15/2003,VQQ,FL,ASO,ES,Federal Contract Tower,0,0,12,31,43,0,0,13,118,131,0,0,25,149,174,12,115,127,301
07/16/2003,VQQ,FL,ASO,ES,Federal Contract Tower,0,0,2,28,30,0,0,45,81,126,0,0,47,109,156,48,261,309,465
07/17/2003,VQQ,FL,ASO,ES,Federal Contract Tower,0,0,8,29,37,0,3,33,95,131,0,3,41,124,168,30,149,179,347
07/18/2003,VQQ,FL,ASO,ES,Federal Contract Tower,0,0,3,31,34,0,2,28,108,138,0,2,31,139,172,46,53,99,271
07/19/2003,VQQ,FL,ASO,ES,Federal Contract Tower,0,0,3,19,22,0,2,40,19,61,0,2,43,38,83,64,0,64,147
07/20/2003,VQQ,FL,ASO,ES,Federal Contract Tower,0,0,9,14,23,0,5,28,17,50,0,5,37,31,73,56,2,58,131
07/21/2003,VQQ,FL,ASO,ES,Federal Contract Tower,0,0,5,3,8,0,2,27,22,51,0,2,32,25,59,38,118,156,215
07/22/2003,VQQ,FL,ASO,ES,Federal Contract Tower,0,0,4,12,16,0,0,17,42,59,0,0,21,54,75,0,249,249,324
07/23/2003,VQQ,FL,ASO,ES,Federal Contract Tower,0,1,3,9,13,0,1,38,15,54,0,2,41,24,67,12,232,244,311
07/24/2003,VQQ,FL,ASO,ES,Federal Contract Tower,0,0,2,4,6,0,0,22,28,50,0,0,24,32,56,4,166,170,226
07/25/2003,VQQ,FL,ASO,ES,Federal Contract Tower,0,0,9,9,18,0,1,10,15,26,0,1,19,24,44,4,121,125,169
07/26/2003,VQQ,FL,ASO,ES,Federal Contract Tower,0,0,9,0,9,0,1,53,2,56,0,1,62,2,65,64,0,64,129
07/27/2003,VQQ,FL,ASO,ES,Federal Contract Tower,0,0,19,0,19,0,3,36,6,45,0,3,55,6,64,56,0,56,120
07/28/2003,VQQ,FL,ASO,ES,Federal Contract Tower,0,0,9,4,13,0,0,33,46,79,0,0,42,50,92,34,152,186,278
07/29/2003,VQQ,FL,ASO,ES,Federal Contract Tower,0,0,10,9,19,0,0,34,21,55,0,0,44,30,74,44,219,263,337
07/30/2003,VQQ,FL,ASO,ES,Federal Contract Tower,0,0,7,11,18,0,0,35,29,64,0,0,42,40,82,26,94,120,202
07/31/2003,VQQ,FL,ASO,ES,Federal Contract Tower,0,2,11,12,25,0,0,27,25,52,0,2,38,37,77,28,217,245,322
08/01/2003,VQQ,FL,ASO,ES,Federal Contract Tower,0,0,20,9,29,0,2,5,25,32,0,2,25,34,61,26,110,136,197
08/02/2003,VQQ,FL,ASO,ES,Federal Contract Tower,0,0,10,0,10,0,2,15,6,23,0,2,25,6,33,4,0,4,37
08/03/2003,VQQ,FL,ASO,ES,Federal Contract Tower,0,0,7,1,8,0,0,12,2,14,0,0,19,3,22,12,0,12,34
08/04/2003,VQQ,FL,ASO,ES,Federal Contract Tower,0,0,15,5,20,0,1,20,27,48,0,1,35,32,68,55,275,330,398
08/05/2003,VQQ,FL,ASO,ES,Federal Contract Tower,0,0,15,1,16,0,0,29,28,57,0,0,44,29,73,16,114,130,203
08/06/2003,VQQ,FL,ASO,ES,Federal Contract Tower,0,0,19,13,32,0,8,22,33,63,0,8,41,46,95,40,151,191,286
08/07/2003,VQQ,FL,ASO,ES,Federal Contract Tower,0,0,0,4,4,0,2,13,17,32,0,2,13,21,36,14,54,68,104
08/08/2003,VQQ,FL,ASO,ES,Federal Contract Tower,0,0,15,9,24,0,3,11,9,23,0,3,26,18,47,52,225,277,324
08/09/2003,VQQ,FL,ASO,ES,Federal Contract Tower,0,0,17,8,25,0,8,0,6,14,0,8,17,14,39,28,96,124,163
08/10/2003,VQQ,FL,ASO,ES,Federal Contract Tower,0,0,3,7,10,0,1,13,0,14,0,1,16,7,24,12,32,44,68
08/11/2003,VQQ,FL,ASO,ES,Federal Contract Tower,0,0,12,10,22,0,0,14,28,42,0,0,26,38,64,22,166,188,252
08/12/2003,VQQ,FL,ASO,ES,Federal Contract Tower,0,0,9,3,12,0,0,28,45,73,0,0,37,48,85,4,346,350,435
08/13/2003,VQQ,FL,ASO,ES,Federal Contract Tower,0,0,5,19,24,0,0,47,68,115,0,0,52,87,139,32,156,188,327
08/14/2003,VQQ,FL,ASO,ES,Federal Contract Tower,0,0,11,9,20,0,1,14,51,66,0,1,25,60,86,3,174,177,263
08/15/2003,VQQ,FL,ASO,ES,Federal Contract Tower,0,0,11,6,17,0,0,10,95,105,0,0,21,101,122,12,205,217,339
08/16/2003,VQQ,FL,ASO,ES,Federal Contract Tower,0,0,10,1,11,0,0,36,72,108,0,0,46,73,119,44,24,68,187
08/17/2003,VQQ,FL,ASO,ES,Federal Contract Tower,0,0,7,23,30,0,7,39,76,122,0,7,46,99,152,26,0,26,178
08/18/2003,VQQ,FL,ASO,ES,Federal Contract Tower,0,0,2,32,34,0,0,34,125,159,0,0,36,157,193,40,167,207,400
08/19/2003,VQQ,FL,ASO,ES,Federal Contract Tower,0,0,2,37,39,0,0,30,43,73,0,0,32,80,112,32,132,164,276
08/20/2003,VQQ,FL,ASO,ES,Federal Contract Tower,0,1,10,20,31,0,2,31,41,74,0,3,41,61,105,28,250,278,383
08/21/2003,VQQ,FL,ASO,ES,Federal Contract Tower,0,0,4,13,17,0,0,21,11,32,0,0,25,24,49,8,92,100,149
08/22/2003,VQQ,FL,ASO,ES,Federal Contract Tower,0,4,8,4,16,0,3,17,23,43,0,7,25,27,59,48,77,125,184
08/23/2003,VQQ,FL,ASO,ES,Federal Contract Tower,0,0,1,0,1,0,0,28,3,31,0,0,29,3,32,65,0,65,97
08/24/2003,VQQ,FL,ASO,ES,Federal Contract Tower,0,0,33,0,33,0,2,15,0,17,0,2,48,0,50,124,0,124,174
08/25/2003,VQQ,FL,ASO,ES,Federal Contract Tower,0,0,24,4,28,0,2,7,51,60,0,2,31,55,88,18,124,142,230
08/26/2003,VQQ,FL,ASO,ES,Federal Contract Tower,0,0,17,8,25,0,0,23,49,72,0,0,40,57,97,22,254,276,373
08/27/2003,VQQ,FL,ASO,ES,Federal Contract Tower,0,0,9,14,23,0,0,26,31,57,0,0,35,45,80,12,316,328,408
08/28/2003,VQQ,FL,ASO,ES,Federal Contract Tower,0,1,3,6,10,0,5,38,34,77,0,6,41,40,87,40,180,220,307
08/29/2003,VQQ,FL,ASO,ES,Federal Contract Tower,0,0,5,1,6,0,3,22,7,32,0,3,27,8,38,14,0,14,52
08/30/2003,VQQ,FL,ASO,ES,Federal Contract Tower,0,0,30,0,30,0,3,35,7,45,0,3,65,7,75,44,0,44,119
08/31/2003,VQQ,FL,ASO,ES,Federal Contract Tower,0,0,5,0,5,0,2,30,5,37,0,2,35,5,42,4,0,4,46
09/01/2003,VQQ,FL,ASO,ES,Federal Contract Tower,0,0,2,0,2,0,2,22,0,24,0,2,24,0,26,8,0,8,34
09/02/2003,VQQ,FL,ASO,ES,Federal Contract Tower,0,0,16,5,21,0,0,16,33,49,0,0,32,38,70,30,188,218,288
09/03/2003,VQQ,FL,ASO,ES,Federal Contract Tower,0,0,5,5,10,0,0,28,24,52,0,0,33,29,62,10,178,188,250
09/04/2003,VQQ,FL,ASO,ES,Federal Contract Tower,0,0,8,3,11,0,0,26,44,70,0,0,34,47,81,50,154,204,285
09/05/2003,VQQ,FL,ASO,ES,Federal Contract Tower,0,0,8,4,12,0,1,6,22,29,0,1,14,26,41,16,232,248,289
09/06/2003,VQQ,FL,ASO,ES,Federal Contract Tower,0,1,1,2,4,0,1,8,26,35,0,2,9,28,39,0,58,58,97
09/07/2003,VQQ,FL,ASO,ES,Federal Contract Tower,0,0,14,0,14,0,0,0,8,8,0,0,14,8,22,18,10,28,50
09/08/2003,VQQ,FL,ASO,ES,Federal Contract Tower,0,0,31,8,39,0,2,6,18,26,0,2,37,26,65,40,122,162,227
09/09/2003,VQQ,FL,ASO,ES,Federal Contract Tower,0,0,13,7,20,0,2,21,43,66,0,2,34,50,86,32,114,146,232
09/10/2003,VQQ,FL,ASO,ES,Federal Contract Tower,0,0,13,19,32,0,2,46,28,76,0,2,59,47,108,63,254,317,425
09/11/2003,VQQ,FL,ASO,ES,Federal Contract Tower,0,0,7,8,15,0,0,25,22,47,0,0,32,30,62,14,166,180,242
09/12/2003,VQQ,FL,ASO,ES,Federal Contract Tower,0,0,13,4,17,0,3,30,31,64,0,3,43,35,81,52,166,218,299
09/13/2003,VQQ,FL,ASO,ES,Federal Contract Tower,0,0,11,2,13,0,2,37,10,49,0,2,48,12,62,68,64,132,194
09/14/2003,VQQ,FL,ASO,ES,Federal Contract Tower,0,0,0,2,2,0,0,18,0,18,0,0,18,2,20,20,2,22,42
09/15/2003,VQQ,FL,ASO,ES,Federal Contract Tower,0,0,19,6,25,0,2,20,26,48,0,2,39,32,73,28,122,150,223
09/16/2003,VQQ,FL,ASO,ES,Federal Contract Tower,0,0,7,0,7,0,0,32,36,68,0,0,39,36,75,38,50,88,163
09/17/2003,VQQ,FL,ASO,ES,Federal Contract Tower,0,0,4,21,25,0,1,18,43,62,0,1,22,64,87,6,207,213,300
09/18/2003,VQQ,FL,ASO,ES,Federal Contract Tower,0,0,4,0,4,0,1,27,44,72,0,1,31,44,76,34,37,71,147
09/19/2003,VQQ,FL,ASO,ES,Federal Contract Tower,0,0,4,4,8,0,6,38,21,65,0,6,42,25,73,76,114,190,263
09/20/2003,VQQ,FL,ASO,ES,Federal Contract Tower,0,0,9,0,9,0,0,32,1,33,0,0,41,1,42,36,0,36,78
09/21/2003,VQQ,FL,ASO,ES,Federal Contract Tower,0,0,2,0,2,0,0,20,2,22,0,0,22,2,24,14,0,14,38
09/22/2003,VQQ,FL,ASO,ES,Federal Contract Tower,0,0,12,8,20,0,3,22,25,50,0,3,34,33,70,10,164,174,244
09/23/2003,VQQ,FL,ASO,ES,Federal Contract Tower,0,0,32,4,36,0,0,33,56,89,0,0,65,60,125,38,206,244,369
09/24/2003,VQQ,FL,ASO,ES,Federal Contract Tower,0,0,13,5,18,0,4,23,29,56,0,4,36,34,74,26,98,124,198
09/25/2003,VQQ,FL,ASO,ES,Federal Contract Tower,0,1,5,4,10,0,0,18,31,49,0,1,23,35,59,6,94,100,159
09/26/2003,VQQ,FL,ASO,ES,Federal Contract Tower,0,1,4,1,6,0,2,21,16,39,0,3,25,17,45,32,20,52,97
09/27/2003,VQQ,FL,ASO,ES,Federal Contract Tower,0,0,11,0,11,1,2,21,6,30,1,2,32,6,41,20,14,34,75
09/28/2003,VQQ,FL,ASO,ES,Federal Contract Tower,0,2,17,1,20,0,2,32,6,40,0,4,49,7,60,84,6,90,150
09/29/2003,VQQ,FL,ASO,ES,Federal Contract Tower,0,0,31,1,32,0,2,16,20,38,0,2,47,21,70,48,80,128,198
09/30/2003,VQQ,FL,ASO,ES,Federal Contract Tower,0,0,19,0,19,0,0,31,31,62,0,0,50,31,81,22,26,48,129
10/01/2003,VQQ,FL,ASO,ES,Federal Contract Tower,0,0,7,4,11,0,0,12,39,51,0,0,19,43,62,20,241,261,323
10/02/2003,VQQ,FL,ASO,ES,Federal Contract Tower,0,1,21,12,34,0,1,38,33,72,0,2,59,45,106,85,296,381,487
10/03/2003,VQQ,FL,ASO,ES,Federal Contract Tower,0,1,16,9,26,0,1,27,16,44,0,2,43,25,70,18,135,153,223
10/04/2003,VQQ,FL,ASO,ES,Federal Contract Tower,0,0,1,0,1,0,0,59,12,71,0,0,60,12,72,50,40,90,162
10/05/2003,VQQ,FL,ASO,ES,Federal Contract Tower,0,1,1,0,2,0,1,29,1,31,0,2,30,1,33,52,0,52,85
10/06/2003,VQQ,FL,ASO,ES,Federal Contract Tower,0,0,9,5,14,0,0,54,16,70,0,0,63,21,84,106,142,248,332
10/07/2003,VQQ,FL,ASO,ES,Federal Contract Tower,0,1,7,6,14,0,2,0,14,16,0,3,7,20,30,4,178,182,212
10/08/2003,VQQ,FL,ASO,ES,Federal Contract Tower,0,0,13,7,20,0,0,9,18,27,0,0,22,25,47,23,95,118,165
10/09/2003,VQQ,FL,ASO,ES,Federal Contract Tower,0,1,11,6,18,0,0,7,33,40,0,1,18,39,58,12,188,200,258
10/10/2003,VQQ,FL,ASO,ES,Federal Contract Tower,0,1,10,6,17,0,1,22,32,55,0,2,32,38,72,74,48,122,194
10/11/2003,VQQ,FL,ASO,ES,Federal Contract Tower,0,0,6,1,7,0,0,12,0,12,0,0,18,1,19,0,0,0,19
10/12/2003,VQQ,FL,ASO,ES,Federal Contract Tower,0,1,5,1,7,0,1,14,0,15,0,2,19,1,22,0,0,0,22
10/13/2003,VQQ,FL,ASO,ES,Federal Contract Tower,0,0,10,1,11,0,1,5,0,6,0,1,15,1,17,16,0,16,33
10/14/2003,VQQ,FL,ASO,ES,Federal Contract Tower,0,0,11,8,19,0,2,10,50,62,0,2,21,58,81,99,83,182,263
10/15/2003,VQQ,FL,ASO,ES,Federal Contract Tower,0,0,13,8,21,0,5,46,40,91,0,5,59,48,112,106,272,378,490
10/16/2003,VQQ,FL,ASO,ES,Federal Contract Tower,0,0,11,8,19,0,0,45,36,81,0,0,56,44,100,100,308,408,508
10/17/2003,VQQ,FL,ASO,ES,Federal Contract Tower,0,0,11,6,17,0,2,47,30,79,0,2,58,36,96,66,264,330,426
10/18/2003,VQQ,FL,ASO,ES,Federal Contract Tower,0,0,14,7,21,0,1,37,1,39,0,1,51,8,60,159,2,161,221
10/19/2003,VQQ,FL,ASO,ES,Federal Contract Tower,0,0,10,2,12,0,3,22,0,25,0,3,32,2,37,122,0,122,159
10/20/2003,VQQ,FL,ASO,ES,Federal Contract Tower,0,0,7,4,11,0,0,11,20,31,0,0,18,24,42,28,82,110,152
10/21/2003,VQQ,FL,ASO,ES,Federal Contract Tower,0,0,5,2,7,0,1,18,51,70,0,1,23,53,77,28,253,281,358
10/22/2003,VQQ,FL,ASO,ES,Federal Contract Tower,0,0,11,6,17,0,0,39,44,83,0,0,50,50,100,92,188,280,380
10/23/2003,VQQ,FL,ASO,ES,Federal Contract Tower,0,0,15,8,23,0,0,31,36,67,0,0,46,44,90,84,253,337,427
10/24/2003,VQQ,FL,ASO,ES,Federal Contract Tower,0,0,14,8,22,0,1,49,32,82,0,1,63,40,104,194,112,306,410
10/25/2003,VQQ,FL,ASO,ES,Federal Contract Tower,0,0,12,7,19,1,4,55,7,67,1,4,67,14,86,112,8,120,206
10/26/2003,VQQ,FL,ASO,ES,Federal Contract Tower,0,0,6,2,8,0,2,21,0,23,0,2,27,2,31,96,0,96,127
10/27/2003,VQQ,FL,ASO,ES,Federal Contract Tower,0,0,10,5,15,0,0,17,19,36,0,0,27,24,51,87,175,262,313
10/28/2003,VQQ,FL,ASO,ES,Federal Contract Tower,0,0,9,5,14,0,2,7,22,31,0,2,16,27,45,32,128,160,205
10/29/2003,VQQ,FL,ASO,ES,Federal Contract Tower,0,0,9,4,13,0,1,32,48,81,0,1,41,52,94,82,252,334,428
10/30/2003,VQQ,FL,ASO,ES,Federal Contract Tower,0,0,8,4,12,0,2,24,29,55,0,2,32,33,67,127,197,324,391
10/31/2003,VQQ,FL,ASO,ES,Federal Contract Tower,0,0,9,4,13,0,6,30,29,65,0,6,39,33,78,46,135,181,259
11/01/2003,VQQ,FL,ASO,ES,Federal Contract Tower,0,0,3,2,5,0,3,31,3,37,0,3,34,5,42,68,0,68,110
11/02/2003,VQQ,FL,ASO,ES,Federal Contract Tower,0,0,10,5,15,0,4,24,3,31,0,4,34,8,46,84,4,88,134
11/03/2003,VQQ,FL,ASO,ES,Federal Contract Tower,0,0,10,5,15,0,1,16,33,50,0,1,26,38,65,26,213,239,304
11/04/2003,VQQ,FL,ASO,ES,Federal Contract Tower,0,0,21,11,32,0,0,25,29,54,0,0,46,40,86,24,249,273,359
11/05/2003,VQQ,FL,ASO,ES,Federal Contract Tower,0,0,9,4,13,0,0,34,41,75,0,0,43,45,88,24,214,238,326
11/06/2003,VQQ,FL,ASO,ES,Federal Contract Tower,0,0,18,9,27,0,0,17,28,45,0,0,35,37,72,71,209,280,352
11/07/2003,VQQ,FL,ASO,ES,Federal Contract Tower,0,0,14,8,22,0,0,32,1,33,0,0,46,9,55,109,88,197,252
11/08/2003,VQQ,FL,ASO,ES,Federal Contract Tower,0,0,2,1,3,0,0,39,6,45,0,0,41,7,48,78,12,90,138
11/09/2003,VQQ,FL,ASO,ES,Federal Contract Tower,0,0,11,6,17,0,0,7,7,14,0,0,18,13,31,2,18,20,51
11/10/2003,VQQ,FL,ASO,ES,Federal Contract Tower,0,0,12,6,18,0,0,8,24,32,0,0,20,30,50,8,112,120,170
11/11/2003,VQQ,FL,ASO,ES,Federal Contract Tower,0,1,11,6,18,0,0,66,1,67,0,1,77,7,85,158,0,158,243
11/12/2003,VQQ,FL,ASO,ES,Federal Contract Tower,0,0,7,5,12,0,2,68,14,84,0,2,75,19,96,136,99,235,331
11/13/2003,VQQ,FL,ASO,ES,Federal Contract Tower,0,0,22,13,35,0,1,36,31,68,0,1,58,44,103,150,302,452,555
11/14/2003,VQQ,FL,ASO,ES,Federal Contract Tower,0,0,13,8,21,0,3,50,19,72,0,3,63,27,93,91,165,256,349
11/15/2003,VQQ,FL,ASO,ES,Federal Contract Tower,0,0,2,0,2,0,2,216,0,218,0,2,218,0,220,88,0,88,308
11/16/2003,VQQ,FL,ASO,ES,Federal Contract Tower,0,0,8,4,12,0,2,42,4,48,0,2,50,8,60,35,10,45,105
11/17/2003,VQQ,FL,ASO,ES,Federal Contract Tower,0,0,6,2,8,0,4,18,21,43,0,4,24,23,51,26,133,159,210
11/18/2003,VQQ,FL,ASO,ES,Federal Contract Tower,0,0,15,8,23,0,5,25,26,56,0,5,40,34,79,82,218,300,379
11/19/2003,VQQ,FL,ASO,ES,Federal Contract Tower,0,0,14,7,21,0,6,21,16,43,0,6,35,23,64,50,56,106,170
11/20/2003,VQQ,FL,ASO,ES,Federal Contract Tower,0,0,12,5,17,0,3,50,37,90,0,3,62,42,107,80,345,425,532
11/21/2003,VQQ,FL,ASO,ES,Federal Contract Tower,0,0,14,7,21,0,1,42,24,67,0,1,56,31,88,64,183,247,335
11/22/2003,VQQ,FL,ASO,ES,Federal Contract Tower,0,0,13,7,20,0,1,61,5,67,0,1,74,12,87,138,2,140,227
11/23/2003,VQQ,FL,ASO,ES,Federal Contract Tower,0,0,20,2,22,1,1,59,0,61,1,1,79,2,83,154,0,154,237
11/24/2003,VQQ,FL,ASO,ES,Federal Contract Tower,0,0,8,3,11,0,0,31,13,44,0,0,39,16,55,76,305,381,436
11/25/2003,VQQ,FL,ASO,ES,Federal Contract Tower,0,0,18,9,27,0,3,18,46,67,0,3,36,55,94,40,201,241,335
11/26/2003,VQQ,FL,ASO,ES,Federal Contract Tower,0,0,13,6,19,2,0,31,3,36,2,0,44,9,55,31,62,93,148
11/27/2003,VQQ,FL,ASO,ES,Federal Contract Tower,0,0,3,1,4,0,0,7,3,10,0,0,10,4,14,0,0,0,14
11/28/2003,VQQ,FL,ASO,ES,Federal Contract Tower,0,0,4,2,6,0,0,7,4,11,0,0,11,6,17,8,0,8,25
11/29/2003,VQQ,FL,ASO,ES,Federal Contract Tower,0,0,4,2,6,0,0,29,1,30,0,0,33,3,36,12,2,14,50
11/30/2003,VQQ,FL,ASO,ES,Federal Contract Tower,0,0,6,1,7,0,0,44,0,44,0,0,50,1,51,107,0,107,158
12/01/2003,VQQ,FL,ASO,ES,Federal Contract Tower,0,0,11,10,21,0,0,23,5,28,0,0,34,15,49,78,181,259,308
12/02/2003,VQQ,FL,ASO,ES,Federal Contract Tower,0,0,8,8,16,0,0,28,24,52,0,0,36,32,68,40,206,246,314
12/03/2003,VQQ,FL,ASO,ES,Federal Contract Tower,1,0,13,13,27,0,4,24,16,44,1,4,37,29,71,80,411,491,562
12/04/2003,VQQ,FL,ASO,ES,Federal Contract Tower,0,0,8,7,15,0,2,27,0,29,0,2,35,7,44,14,63,77,121
12/05/2003,VQQ,FL,ASO,ES,Federal Contract Tower,0,0,7,21,28,0,1,0,23,24,0,1,7,44,52,4,11,15,67
12/06/2003,VQQ,FL,ASO,ES,Federal Contract Tower,0,0,10,10,20,0,0,50,60,110,0,0,60,70,130,133,4,137,267
12/07/2003,VQQ,FL,ASO,ES,Federal Contract Tower,2,0,19,18,39,2,3,25,105,135,4,3,44,123,174,92,0,92,266
12/08/2003,VQQ,FL,ASO,ES,Federal Contract Tower,0,0,21,20,41,0,2,29,64,95,0,2,50,84,136,120,263,383,519
12/09/2003,VQQ,FL,ASO,ES,Federal Contract Tower,0,0,14,14,28,0,2,27,89,118,0,2,41,103,146,38,356,394,540
12/10/2003,VQQ,FL,ASO,ES,Federal Contract Tower,1,0,11,10,22,0,0,5,85,90,1,0,16,95,112,0,174,174,286
12/11/2003,VQQ,FL,ASO,ES,Federal Contract Tower,0,0,14,14,28,2,0,45,69,116,2,0,59,83,144,44,84,128,272
12/12/2003,VQQ,FL,ASO,ES,Federal Contract Tower,1,1,21,20,43,0,1,23,81,105,1,2,44,101,148,16,26,42,190
12/13/2003,VQQ,FL,ASO,ES,Federal Contract Tower,0,0,11,11,22,0,0,26,3,29,0,0,37,14,51,48,9,57,108
12/14/2003,VQQ,FL,ASO,ES,Federal Contract Tower,0,0,6,5,11,0,0,5,0,5,0,0,11,5,16,18,0,18,34
12/15/2003,VQQ,FL,ASO,ES,Federal Contract Tower,0,1,8,7,16,2,1,38,29,70,2,2,46,36,86,86,187,273,359
12/16/2003,VQQ,FL,ASO,ES,Federal Contract Tower,0,0,8,7,15,2,0,41,25,68,2,0,49,32,83,59,209,268,351
12/17/2003,VQQ,FL,ASO,ES,Federal Contract Tower,0,0,9,10,19,2,3,5,28,38,2,3,14,38,57,14,164,178,235
12/18/2003,VQQ,FL,ASO,ES,Federal Contract Tower,0,0,8,6,14,4,1,38,29,72,4,1,46,35,86,60,153,213,299
12/19/2003,VQQ,FL,ASO,ES,Federal Contract Tower,0,0,8,6,14,3,6,23,8,40,3,6,31,14,54,8,10,18,72
12/20/2003,VQQ,FL,ASO,ES,Federal Contract Tower,0,0,3,0,3,0,5,48,0,53,0,5,51,0,56,16,0,16,72
12/21/2003,VQQ,FL,ASO,ES,Federal Contract Tower,0,0,2,1,3,0,0,44,2,46,0,0,46,3,49,18,8,26,75
12/22/2003,VQQ,FL,ASO,ES,Federal Contract Tower,0,0,5,4,9,0,0,25,10,35,0,0,30,14,44,28,52,80,124
12/23/2003,VQQ,FL,ASO,ES,Federal Contract Tower,0,0,3,2,5,0,2,25,14,41,0,2,28,16,46,40,74,114,160
12/24/2003,VQQ,FL,ASO,ES,Federal Contract Tower,0,0,3,2,5,0,2,20,7,29,0,2,23,9,34,0,4,4,38
12/25/2003,VQQ,FL,ASO,ES,Federal Contract Tower,0,0,1,0,1,0,0,5,1,6,0,0,6,1,7,0,0,0,7
12/26/2003,VQQ,FL,ASO,ES,Federal Contract Tower,0,0,1,0,1,0,2,37,0,39,0,2,38,0,40,20,0,20,60
12/27/2003,VQQ,FL,ASO,ES,Federal Contract Tower,0,0,3,1,4,0,0,36,1,37,0,0,39,2,41,30,0,30,71
12/28/2003,VQQ,FL,ASO,ES,Federal Contract Tower,0,0,4,0,4,0,5,43,0,48,0,5,47,0,52,12,0,12,64
12/29/2003,VQQ,FL,ASO,ES,Federal Contract Tower,0,0,1,0,1,0,0,33,22,55,0,0,34,22,56,32,44,76,132
12/30/2003,VQQ,FL,ASO,ES,Federal Contract Tower,0,0,5,4,9,0,0,21,7,28,0,0,26,11,37,43,14,57,94
12/31/2003,VQQ,FL,ASO,ES,Federal Contract Tower,0,0,13,9,22,0,8,35,0,43,0,8,48,9,65,44,6,50,115
01/01/2004,VQQ,FL,ASO,ES,Federal Contract Tower,0,0,2,0,2,0,2,34,0,36,0,2,36,0,38,24,0,24,62
01/02/2004,VQQ,FL,ASO,ES,Federal Contract Tower,0,0,5,5,10,0,1,46,0,47,0,1,51,5,57,62,0,62,119
01/03/2004,VQQ,FL,ASO,ES,Federal Contract Tower,0,0,3,1,4,0,2,61,0,63,0,2,64,1,67,90,0,90,157
01/04/2004,VQQ,FL,ASO,ES,Federal Contract Tower,0,0,11,0,11,0,0,58,0,58,0,0,69,0,69,66,0,66,135
01/05/2004,VQQ,FL,ASO,ES,Federal Contract Tower,0,0,3,2,5,0,6,32,5,43,0,6,35,7,48,30,81,111,159
01/06/2004,VQQ,FL,ASO,ES,Federal Contract Tower,0,0,2,2,4,0,2,14,15,31,0,2,16,17,35,15,103,118,153
01/07/2004,VQQ,FL,ASO,ES,Federal Contract Tower,0,0,6,6,12,0,0,18,20,38,0,0,24,26,50,50,257,307,357
01/08/2004,VQQ,FL,ASO,ES,Federal Contract Tower,0,0,13,12,25,0,1,29,39,69,0,1,42,51,94,102,136,238,332
01/09/2004,VQQ,FL,ASO,ES,Federal Contract Tower,0,0,13,12,25,0,4,23,26,53,0,4,36,38,78,60,64,124,202
01/10/2004,VQQ,FL,ASO,ES,Federal Contract Tower,0,0,7,6,13,0,0,3,0,3,0,0,10,6,16,0,28,28,44
01/11/2004,VQQ,FL,ASO,ES,Federal Contract Tower,0,0,18,8,26,0,0,29,0,29,0,0,47,8,55,116,39,155,210
01/12/2004,VQQ,FL,ASO,ES,Federal Contract Tower,0,0,6,5,11,0,4,21,36,61,0,4,27,41,72,84,257,341,413
01/13/2004,VQQ,FL,ASO,ES,Federal Contract Tower,0,1,9,9,19,0,1,32,25,58,0,2,41,34,77,83,172,255,332
01/14/2004,VQQ,FL,ASO,ES,Federal Contract Tower,1,1,11,10,23,0,2,41,40,83,1,3,52,50,106,97,324,421,527
01/15/2004,VQQ,FL,ASO,ES,Federal Contract Tower,0,1,6,5,12,0,0,56,16,72,0,1,62,21,84,100,100,200,284
01/16/2004,VQQ,FL,ASO,ES,Federal Contract Tower,0,1,11,10,22,2,1,29,27,59,2,2,40,37,81,102,90,192,273
01/17/2004,VQQ,FL,ASO,ES,Federal Contract Tower,0,1,5,4,10,1,1,48,16,66,1,2,53,20,76,40,48,88,164
01/18/2004,VQQ,FL,ASO,ES,Federal Contract Tower,0,1,2,1,4,0,3,10,0,13,0,4,12,1,17,48,0,48,65
01/19/2004,VQQ,FL,ASO,ES,Federal Contract Tower,0,0,9,2,11,1,0,5,0,6,1,0,14,2,17,37,0,37,54
01/20/2004,VQQ,FL,ASO,ES,Federal Contract Tower,0,0,12,8,20,1,0,36,22,59,1,0,48,30,79,104,45,149,228
01/21/2004,VQQ,FL,ASO,ES,Federal Contract Tower,0,1,17,13,31,0,2,35,26,63,0,3,52,39,94,102,134,236,330
01/22/2004,VQQ,FL,ASO,ES,Federal Contract Tower,0,1,14,11,26,0,2,47,61,110,0,3,61,72,136,118,128,246,382
01/23/2004,VQQ,FL,ASO,ES,Federal Contract Tower,1,0,12,9,22,0,0,34,36,70,1,0,46,45,92,128,168,296,388
01/24/2004,VQQ,FL,ASO,ES,Federal Contract Tower,0,1,12,8,21,3,5,50,14,72,3,6,62,22,93,136,22,158,251
01/25/2004,VQQ,FL,ASO,ES,Federal Contract Tower,0,0,10,5,15,4,0,39,0,43,4,0,49,5,58,128,34,162,220
01/26/2004,VQQ,FL,ASO,ES,Federal Contract Tower,2,1,20,16,39,0,0,28,18,46,2,1,48,34,85,133,52,185,270
01/27/2004,VQQ,FL,ASO,ES,Federal Contract Tower,0,0,10,9,19,0,6,15,27,48,0,6,25,36,67,62,148,210,277
01/28/2004,VQQ,FL,ASO,ES,Federal Contract Tower,1,0,18,15,34,0,0,11,45,56,1,0,29,60,90,87,94,181,271
01/29/2004,VQQ,FL,ASO,ES,Federal Contract Tower,2,1,25,20,48,1,4,32,60,97,3,5,57,80,145,204,76,280,425
01/30/2004,VQQ,FL,ASO,ES,Federal Contract Tower,2,0,22,18,42,2,7,10,48,67,4,7,32,66,109,86,90,176,285
01/31/2004,VQQ,FL,ASO,ES,Federal Contract Tower,0,0,20,17,37,0,1,56,22,79,0,1,76,39,116,174,20,194,310
02/01/2004,VQQ,FL,ASO,ES,Federal Contract Tower,0,0,0,0,0,0,0,5,0,5,0,0,5,0,5,0,0,0,5
02/02/2004,VQQ,FL,ASO,ES,Federal Contract Tower,2,0,9,25,36,0,0,0,0,0,2,0,9,25,36,4,0,4,40
02/03/2004,VQQ,FL,ASO,ES,Federal Contract Tower,2,0,16,28,46,0,0,2,26,28,2,0,18,54,74,12,155,167,241
02/04/2004,VQQ,FL,ASO,ES,Federal Contract Tower,1,0,11,22,34,0,5,12,67,84,1,5,23,89,118,73,333,406,524
02/05/2004,VQQ,FL,ASO,ES,Federal Contract Tower,0,0,14,26,40,0,2,31,54,87,0,2,45,80,127,83,238,321,448
02/06/2004,VQQ,FL,ASO,ES,Federal Contract Tower,0,0,8,12,20,0,3,16,40,59,0,3,24,52,79,68,168,236,315
02/07/2004,VQQ,FL,ASO,ES,Federal Contract Tower,0,0,7,12,19,0,11,45,5,61,0,11,52,17,80,96,52,148,228
02/08/2004,VQQ,FL,ASO,ES,Federal Contract Tower,1,0,5,9,15,0,3,54,2,59,1,3,59,11,74,78,62,140,214
02/09/2004,VQQ,FL,ASO,ES,Federal Contract Tower,0,0,12,19,31,0,1,51,67,119,0,1,63,86,150,88,139,227,377
02/10/2004,VQQ,FL,ASO,ES,Federal Contract Tower,2,0,17,29,48,2,0,4,41,47,4,0,21,70,95,35,363,398,493
02/11/2004,VQQ,FL,ASO,ES,Federal Contract Tower,0,0,21,34,55,0,0,1,3,4,0,0,22,37,59,0,0,0,59
02/12/2004,VQQ,FL,ASO,ES,Federal Contract Tower,0,0,5,8,13,0,2,9,43,54,0,2,14,51,67,26,43,69,136
02/13/2004,VQQ,FL,ASO,ES,Federal Contract Tower,0,0,15,39,54,0,2,0,0,2,0,2,15,39,56,2,8,10,66
02/14/2004,VQQ,FL,ASO,ES,Federal Contract Tower,0,0,2,2,4,0,0,2,0,2,0,0,4,2,6,0,0,0,6
02/15/2004,VQQ,FL,ASO,ES,Federal Contract Tower,0,1,3,3,7,0,3,23,0,26,0,4,26,3,33,28,0,28,61
02/16/2004,VQQ,FL,ASO,ES,Federal Contract Tower,0,0,10,17,27,0,0,55,26,81,0,0,65,43,108,38,12,50,158
02/17/2004,VQQ,FL,ASO,ES,Federal Contract Tower,0,0,11,18,29,0,0,5,6,11,0,0,16,24,40,2,0,2,42
02/18/2004,VQQ,FL,ASO,ES,Federal Contract Tower,0,1,8,12,21,0,1,24,79,104,0,2,32,91,125,58,320,378,503
02/19/2004,VQQ,FL,ASO,ES,Federal Contract Tower,0,1,9,13,23,0,1,28,55,84,0,2,37,68,107,58,185,243,350
02/20/2004,VQQ,FL,ASO,ES,Federal Contract Tower,0,1,9,15,25,1,1,52,28,82,1,2,61,43,107,166,127,293,400
02/21/2004,VQQ,FL,ASO,ES,Federal Contract Tower,0,0,6,11,17,0,1,40,9,50,0,1,46,20,67,82,22,104,171
02/22/2004,VQQ,FL,ASO,ES,Federal Contract Tower,0,0,7,8,15,0,1,66,0,67,0,1,73,8,82,94,10,104,186
02/23/2004,VQQ,FL,ASO,ES,Federal Contract Tower,1,0,20,33,54,3,1,75,46,125,4,1,95,79,179,131,143,274,453
02/24/2004,VQQ,FL,ASO,ES,Federal Contract Tower,1,0,7,20,28,0,2,0,0,2,1,2,7,20,30,0,35,35,65
02/25/2004,VQQ,FL,ASO,ES,Federal Contract Tower,0,0,7,12,19,0,0,6,15,21,0,0,13,27,40,6,54,60,100
02/26/2004,VQQ,FL,ASO,ES,Federal Contract Tower,1,0,11,19,31,1,0,1,26,28,2,0,12,45,59,4,165,169,228
02/27/2004,VQQ,FL,ASO,ES,Federal Contract Tower,1,0,12,23,36,3,1,0,46,50,4,1,12,69,86,12,116,128,214
02/28/2004,VQQ,FL,ASO,ES,Federal Contract Tower,0,0,5,9,14,2,0,40,47,89,2,0,45,56,103,139,2,141,244
02/29/2004,VQQ,FL,ASO,ES,Federal Contract Tower,0,0,5,8,13,1,2,60,122,185,1,2,65,130,198,87,0,87,285
03/01/2004,VQQ,FL,ASO,ES,Federal Contract Tower,1,0,8,14,23,3,1,45,182,231,4,1,53,196,254,32,90,122,376
03/02/2004,VQQ,FL,ASO,ES,Federal Contract Tower,1,0,14,22,37,0,0,43,109,152,1,0,57,131,189,86,305,391,580
03/03/2004,VQQ,FL,ASO,ES,Federal Contract Tower,2,0,17,25,44,0,2,18,113,133,2,2,35,138,177,78,139,217,394
03/04/2004,VQQ,FL,ASO,ES,Federal Contract Tower,2,0,18,27,47,0,1,30,106,137,2,1,48,133,184,60,116,176,360
03/05/2004,VQQ,FL,ASO,ES,Federal Contract Tower,0,0,18,28,46,0,19,26,52,97,0,19,44,80,143,30,144,174,317
03/06/2004,VQQ,FL,ASO,ES,Federal Contract Tower,1,0,3,6,10,0,1,19,25,45,1,1,22,31,55,28,46,74,129
03/07/2004,VQQ,FL,ASO,ES,Federal Contract Tower,1,0,7,3,11,1,3,62,0,66,2,3,69,3,77,124,2,126,203
03/08/2004,VQQ,FL,ASO,ES,Federal Contract Tower,1,0,7,11,19,1,1,35,54,91,2,1,42,65,110,44,104,148,258
03/09/2004,VQQ,FL,ASO,ES,Federal Contract Tower,0,0,8,10,18,0,0,54,53,107,0,0,62,63,125,58,249,307,432
03/10/2004,VQQ,FL,ASO,ES,Federal Contract Tower,2,0,13,18,33,0,2,29,42,73,2,2,42,60,106,64,289,353,459
03/11/2004,VQQ,FL,ASO,ES,Federal Contract Tower,1,0,7,9,17,1,4,59,33,97,2,4,66,42,114,86,56,142,256
03/12/2004,VQQ,FL,ASO,ES,Federal Contract Tower,1,0,8,10,19,1,14,52,16,83,2,14,60,26,102,111,28,139,241
03/13/2004,VQQ,FL,ASO,ES,Federal Contract Tower,1,0,5,7,13,1,11,60,18,90,2,11,65,25,103,197,0,197,300
03/14/2004,VQQ,FL,ASO,ES,Federal Contract Tower,1,0,9,10,20,2,3,65,0,70,3,3,74,10,90,130,0,130,220
03/15/2004,VQQ,FL,ASO,ES,Federal Contract Tower,1,0,10,14,25,0,2,39,60,101,1,2,49,74,126,26,267,293,419
03/16/2004,VQQ,FL,ASO,ES,Federal Contract Tower,0,0,12,17,29,0,0,13,27,40,0,0,25,44,69,34,92,126,195
03/17/2004,VQQ,FL,ASO,ES,Federal Contract Tower,0,0,13,18,31,0,2,47,43,92,0,2,60,61,123,74,214,288,411
03/18/2004,VQQ,FL,ASO,ES,Federal Contract Tower,0,1,10,14,25,0,1,30,61,92,0,2,40,75,117,96,82,178,295
03/19/2004,VQQ,FL,ASO,ES,Federal Contract Tower,0,0,9,12,21,0,0,40,31,71,0,0,49,43,92,161,57,218,310
03/20/2004,VQQ,FL,ASO,ES,Federal Contract Tower,0,1,5,6,12,0,2,41,24,67,0,3,46,30,79,76,10,86,165
03/21/2004,VQQ,FL,ASO,ES,Federal Contract Tower,0,1,3,2,6,0,2,31,0,33,0,3,34,2,39,0,108,108,147
03/22/2004,VQQ,FL,ASO,ES,Federal Contract Tower,0,1,13,18,32,0,1,45,55,101,0,2,58,73,133,162,172,334,467
03/23/2004,VQQ,FL,ASO,ES,Federal Contract Tower,0,1,10,13,24,0,2,43,62,107,0,3,53,75,131,98,207,305,436
03/24/2004,VQQ,FL,ASO,ES,Federal Contract Tower,0,0,8,11,19,0,0,44,28,72,0,0,52,39,91,32,60,92,183
03/25/2004,VQQ,FL,ASO,ES,Federal Contract Tower,0,0,6,9,15,0,0,29,33,62,0,0,35,42,77,28,203,231,308
03/26/2004,VQQ,FL,ASO,ES,Federal Contract Tower,0,0,11,15,26,0,8,24,32,64,0,8,35,47,90,97,120,217,307
03/27/2004,VQQ,FL,ASO,ES,Federal Contract Tower,0,0,5,8,13,0,0,42,17,59,0,0,47,25,72,126,0,126,198
03/28/2004,VQQ,FL,ASO,ES,Federal Contract Tower,0,0,6,4,10,0,2,34,0,36,0,2,40,4,46,92,0,92,138
03/29/2004,VQQ,FL,ASO,ES,Federal Contract Tower,0,0,12,17,29,0,0,49,58,107,0,0,61,75,136,142,178,320,456
03/30/2004,VQQ,FL,ASO,ES,Federal Contract Tower,0,0,11,16,27,0,1,46,68,115,0,1,57,84,142,112,212,324,466
03/31/2004,VQQ,FL,ASO,ES,Federal Contract Tower,0,0,10,15,25,0,0,25,70,95,0,0,35,85,120,72,112,184,304
04/01/2004,VQQ,FL,ASO,ES,Federal Contract Tower,0,0,3,4,7,0,2,54,60,116,0,2,57,64,123,58,224,282,405
04/02/2004,VQQ,FL,ASO,ES,Federal Contract Tower,0,0,7,7,14,0,6,39,9,54,0,6,46,16,68,62,123,185,253
04/03/2004,VQQ,FL,ASO,ES,Federal Contract Tower,0,0,2,3,5,0,2,44,1,47,0,2,46,4,52,153,8,161,213
04/04/2004,VQQ,FL,ASO,ES,Federal Contract Tower,0,0,3,0,3,0,2,52,0,54,0,2,55,0,57,90,0,90,147
04/05/2004,VQQ,FL,ASO,ES,Federal Contract Tower,0,0,5,5,10,0,3,62,42,107,0,3,67,47,117,158,256,414,531
04/06/2004,VQQ,FL,ASO,ES,Federal Contract Tower,0,0,11,12,23,0,4,58,33,95,0,4,69,45,118,164,132,296,414
04/07/2004,VQQ,FL,ASO,ES,Federal Contract Tower,0,0,7,7,14,0,2,47,24,73,0,2,54,31,87,56,154,210,297
04/08/2004,VQQ,FL,ASO,ES,Federal Contract Tower,0,0,1,2,3,0,3,20,7,30,0,3,21,9,33,8,50,58,91
04/09/2004,VQQ,FL,ASO,ES,Federal Contract Tower,0,0,5,5,10,0,2,44,13,59,0,2,49,18,69,70,68,138,207
04/10/2004,VQQ,FL,ASO,ES,Federal Contract Tower,0,0,2,1,3,0,0,49,0,49,0,0,51,1,52,92,0,92,144
04/11/2004,VQQ,FL,ASO,ES,Federal Contract Tower,1,0,1,0,2,0,0,26,0,26,1,0,27,0,28,58,0,58,86
04/12/2004,VQQ,FL,ASO,ES,Federal Contract Tower,0,0,7,6,13,0,0,29,11,40,0,0,36,17,53,54,120,174,227
04/13/2004,VQQ,FL,ASO,ES,Federal Contract Tower,0,1,10,8,19,2,0,19,15,36,2,1,29,23,55,26,139,165,220
04/14/2004,VQQ,FL,ASO,ES,Federal Contract Tower,0,1,6,5,12,0,4,32,71,107,0,5,38,76,119,10,364,374,493
04/15/2004,VQQ,FL,ASO,ES,Federal Contract Tower,0,1,12,10,23,0,1,59,116,176,0,2,71,126,199,149,64,213,412
04/16/2004,VQQ,FL,ASO,ES,Federal Contract Tower,0,1,11,10,22,0,3,68,98,169,0,4,79,108,191,92,90,182,373
04/17/2004,VQQ,FL,ASO,ES,Federal Contract Tower,0,0,19,16,35,0,0,36,91,127,0,0,55,107,162,54,6,60,222
04/18/2004,VQQ,FL,ASO,ES,Federal Contract Tower,0,1,10,9,20,0,3,37,59,99,0,4,47,68,119,88,0,88,207
04/19/2004,VQQ,FL,ASO,ES,Federal Contract Tower,0,0,21,19,40,0,0,36,84,120,0,0,57,103,160,76,63,139,299
04/20/2004,VQQ,FL,ASO,ES,Federal Contract Tower,0,0,17,15,32,0,1,34,82,117,0,1,51,97,149,85,136,221,370
04/21/2004,VQQ,FL,ASO,ES,Federal Contract Tower,0,0,18,16,34,0,0,42,23,65,0,0,60,39,99,78,82,160,259
04/22/2004,VQQ,FL,ASO,ES,Federal Contract Tower,0,0,5,5,10,1,0,48,37,86,1,0,53,42,96,69,218,287,383
04/23/2004,VQQ,FL,ASO,ES,Federal Contract Tower,0,0,10,10,20,1,5,62,21,89,1,5,72,31,109,114,78,192,301
04/24/2004,VQQ,FL,ASO,ES,Federal Contract Tower,0,0,6,2,8,3,1,75,0,79,3,1,81,2,87,102,0,102,189
04/25/2004,VQQ,FL,ASO,ES,Federal Contract Tower,0,0,4,0,4,2,4,47,0,53,2,4,51,0,57,110,0,110,167
04/26/2004,VQQ,FL,ASO,ES,Federal Contract Tower,0,0,6,5,11,1,1,26,13,41,1,1,32,18,52,30,173,203,255
04/27/2004,VQQ,FL,ASO,ES,Federal Contract Tower,0,0,2,1,3,0,2,40,26,68,0,2,42,27,71,66,92,158,229
04/28/2004,VQQ,FL,ASO,ES,Federal Contract Tower,0,0,8,7,15,0,2,33,29,64,0,2,41,36,79,85,94,179,258
04/29/2004,VQQ,FL,ASO,ES,Federal Contract Tower,0,0,5,4,9,0,6,43,25,74,0,6,48,29,83,66,68,134,217
04/30/2004,VQQ,FL,ASO,ES,Federal Contract Tower,0,0,3,2,5,0,3,3,3,9,0,3,6,5,14,0,70,70,84
05/01/2004,VQQ,FL,ASO,ES,Federal Contract Tower,0,0,2,0,2,0,2,12,3,17,0,2,14,3,19,6,0,6,25
05/02/2004,VQQ,FL,ASO,ES,Federal Contract Tower,0,0,7,2,9,0,4,11,3,18,0,4,18,5,27,0,0,0,27
05/03/2004,VQQ,FL,ASO,ES,Federal Contract Tower,0,0,10,3,13,0,2,27,2,31,0,2,37,5,44,84,0,84,128
05/04/2004,VQQ,FL,ASO,ES,Federal Contract Tower,0,0,9,3,12,0,4,39,31,74,0,4,48,34,86,18,80,98,184
05/05/2004,VQQ,FL,ASO,ES,Federal Contract Tower,0,0,12,5,17,0,0,61,18,79,0,0,73,23,96,112,112,224,320
05/06/2004,VQQ,FL,ASO,ES,Federal Contract Tower,0,0,5,2,7,0,0,68,20,88,0,0,73,22,95,103,132,235,330
05/07/2004,VQQ,FL,ASO,ES,Federal Contract Tower,0,0,25,9,34,0,1,43,19,63,0,1,68,28,97,64,2,66,163
05/08/2004,VQQ,FL,ASO,ES,Federal Contract Tower,0,0,7,1,8,0,0,40,0,40,0,0,47,1,48,54,0,54,102
05/09/2004,VQQ,FL,ASO,ES,Federal Contract Tower,0,0,2,0,2,0,5,45,2,52,0,5,47,2,54,44,0,44,98
05/10/2004,VQQ,FL,ASO,ES,Federal Contract Tower,0,0,5,1,6,0,1,35,14,50,0,1,40,15,56,46,66,112,168
05/11/2004,VQQ,FL,ASO,ES,Federal Contract Tower,0,0,9,3,12,0,2,24,35,61,0,2,33,38,73,76,219,295,368
05/12/2004,VQQ,FL,ASO,ES,Federal Contract Tower,0,1,21,8,30,0,4,38,28,70,0,5,59,36,100,78,153,231,331
05/13/2004,VQQ,FL,ASO,ES,Federal Contract Tower,0,1,16,6,23,0,2,47,52,101,0,3,63,58,124,66,273,339,463
05/14/2004,VQQ,FL,ASO,ES,Federal Contract Tower,0,0,8,3,11,0,0,56,18,74,0,0,64,21,85,89,40,129,214
05/15/2004,VQQ,FL,ASO,ES,Federal Contract Tower,0,1,8,3,12,0,0,67,4,71,0,1,75,7,83,70,4,74,157
05/16/2004,VQQ,FL,ASO,ES,Federal Contract Tower,0,0,4,2,6,0,2,48,3,53,0,2,52,5,59,46,0,46,105
05/17/2004,VQQ,FL,ASO,ES,Federal Contract Tower,0,0,10,4,14,2,4,10,25,41,2,4,20,29,55,38,42,80,135
05/18/2004,VQQ,FL,ASO,ES,Federal Contract Tower,0,0,24,10,34,4,6,28,39,77,4,6,52,49,111,110,174,284,395
05/19/2004,VQQ,FL,ASO,ES,Federal Contract Tower,0,0,11,5,16,4,2,46,9,61,4,2,57,14,77,62,82,144,221
05/20/2004,VQQ,FL,ASO,ES,Federal Contract Tower,0,0,16,6,22,0,4,45,20,69,0,4,61,26,91,49,88,137,228
05/21/2004,VQQ,FL,ASO,ES,Federal Contract Tower,0,0,11,3,14,0,0,65,17,82,0,0,76,20,96,43,130,173,269
05/22/2004,VQQ,FL,ASO,ES,Federal Contract Tower,0,0,2,0,2,0,0,34,0,34,0,0,36,0,36,56,0,56,92
05/23/2004,VQQ,FL,ASO,ES,Federal Contract Tower,0,0,6,1,7,2,0,59,0,61,2,0,65,1,68,122,2,124,192
05/24/2004,VQQ,FL,ASO,ES,Federal Contract Tower,0,0,16,6,22,2,1,36,18,57,2,1,52,24,79,86,165,251,330
05/25/2004,VQQ,FL,ASO,ES,Federal Contract Tower,0,0,16,5,21,0,0,40,31,71,0,0,56,36,92,38,114,152,244
05/26/2004,VQQ,FL,ASO,ES,Federal Contract Tower,0,0,16,6,22,0,1,43,20,64,0,1,59,26,86,84,86,170,256
05/27/2004,VQQ,FL,ASO,ES,Federal Contract Tower,0,0,15,5,20,0,0,84,18,102,0,0,99,23,122,76,28,104,226
05/28/2004,VQQ,FL,ASO,ES,Federal Contract Tower,0,0,9,3,12,0,0,75,10,85,0,0,84,13,97,38,20,58,155
05/29/2004,VQQ,FL,ASO,ES,Federal Contract Tower,0,0,7,0,7,0,4,57,0,61,0,4,64,0,68,60,0,60,128
05/30/2004,VQQ,FL,ASO,ES,Federal Contract Tower,0,0,6,0,6,0,6,33,0,39,0,6,39,0,45,86,0,86,131
05/31/2004,VQQ,FL,ASO,ES,Federal Contract Tower,0,0,1,0,1,0,0,32,0,32,0,0,33,0,33,22,0,22,55
06/01/2004,VQQ,FL,ASO,ES,Federal Contract Tower,0,1,12,3,16,0,3,20,6,29,0,4,32,9,45,48,16,64,109
06/02/2004,VQQ,FL,ASO,ES,Federal Contract Tower,0,1,15,4,20,0,1,35,23,59,0,2,50,27,79,88,46,134,213
06/03/2004,VQQ,FL,ASO,ES,Federal Contract Tower,0,0,17,5,22,0,0,60,19,79,0,0,77,24,101,114,28,142,243
06/04/2004,VQQ,FL,ASO,ES,Federal Contract Tower,0,0,6,2,8,0,0,64,13,77,0,0,70,15,85,138,16,154,239
06/05/2004,VQQ,FL,ASO,ES,Federal Contract Tower,0,1,7,2,10,0,2,72,0,74,0,3,79,2,84,168,0,168,252
06/06/2004,VQQ,FL,ASO,ES,Federal Contract Tower,0,0,0,0,0,0,0,44,5,49,0,0,44,5,49,42,28,70,119
06/07/2004,VQQ,FL,ASO,ES,Federal Contract Tower,0,1,13,3,17,0,0,35,13,48,0,1,48,16,65,128,65,193,258
06/08/2004,VQQ,FL,ASO,ES,Federal Contract Tower,0,0,11,4,15,0,11,53,10,74,0,11,64,14,89,80,38,118,207
06/09/2004,VQQ,FL,ASO,ES,Federal Contract Tower,0,0,16,6,22,0,2,41,15,58,0,2,57,21,80,46,30,76,156
06/10/2004,VQQ,FL,ASO,ES,Federal Contract Tower,0,0,20,6,26,0,0,89,20,109,0,0,109,26,135,92,40,132,267
06/11/2004,VQQ,FL,ASO,ES,Federal Contract Tower,0,0,9,3,12,0,0,82,14,96,0,0,91,17,108,111,16,127,235
06/12/2004,VQQ,FL,ASO,ES,Federal Contract Tower,0,0,8,1,9,0,0,67,0,67,0,0,75,1,76,74,22,96,172
06/13/2004,VQQ,FL,ASO,ES,Federal Contract Tower,0,0,10,3,13,0,0,52,0,52,0,0,62,3,65,52,4,56,121
06/14/2004,VQQ,FL,ASO,ES,Federal Contract Tower,0,0,14,5,19,0,0,19,5,24,0,0,33,10,43,52,53,105,148
06/15/2004,VQQ,FL,ASO,ES,Federal Contract Tower,0,0,16,5,21,0,2,16,9,27,0,2,32,14,48,59,144,203,251
06/16/2004,VQQ,FL,ASO,ES,Federal Contract Tower,0,0,26,9,35,0,5,69,13,87,0,5,95,22,122,120,101,221,343
06/17/2004,VQQ,FL,ASO,ES,Federal Contract Tower,0,0,22,7,29,0,2,78,30,110,0,2,100,37,139,76,76,152,291
06/18/2004,VQQ,FL,ASO,ES,Federal Contract Tower,0,0,10,2,12,0,2,65,21,88,0,2,75,23,100,70,50,120,220
06/19/2004,VQQ,FL,ASO,ES,Federal Contract Tower,0,0,5,0,5,0,0,61,0,61,0,0,66,0,66,36,0,36,102
06/20/2004,VQQ,FL,ASO,ES,Federal Contract Tower,0,0,7,0,7,0,2,30,0,32,0,2,37,0,39,24,0,24,63
06/21/2004,VQQ,FL,ASO,ES,Federal Contract Tower,0,0,16,4,20,0,1,34,2,37,0,1,50,6,57,32,0,32,89
06/22/2004,VQQ,FL,ASO,ES,Federal Contract Tower,0,0,11,2,13,0,2,24,28,54,0,2,35,30,67,45,104,149,216
06/23/2004,VQQ,FL,ASO,ES,Federal Contract Tower,0,0,17,4,21,0,2,29,10,41,0,2,46,14,62,109,74,183,245
06/24/2004,VQQ,FL,ASO,ES,Federal Contract Tower,0,0,23,6,29,0,0,45,31,76,0,0,68,37,105,38,138,176,281
06/25/2004,VQQ,FL,ASO,ES,Federal Contract Tower,0,0,17,4,21,0,2,71,15,88,0,2,88,19,109,94,54,148,257
06/26/2004,VQQ,FL,ASO,ES,Federal Contract Tower,0,0,11,2,13,0,2,44,2,48,0,2,55,4,61,42,16,58,119
06/27/2004,VQQ,FL,ASO,ES,Federal Contract Tower,0,0,9,2,11,0,4,70,6,80,0,4,79,8,91,30,0,30,121
06/28/2004,VQQ,FL,ASO,ES,Federal Contract Tower,0,0,17,5,22,0,5,72,13,90,0,5,89,18,112,114,6,120,232
06/29/2004,VQQ,FL,ASO,ES,Federal Contract Tower,0,0,12,3,15,0,3,55,24,82,0,3,67,27,97,130,53,183,280
06/30/2004,VQQ,FL,ASO,ES,Federal Contract Tower,0,0,11,2,13,0,4,41,27,72,0,4,52,29,85,78,132,210,295
07/01/2004,VQQ,FL,ASO,ES,Federal Contract Tower,0,1,9,5,15,0,2,60,32,94,0,3,69,37,109,80,240,320,429
07/02/2004,VQQ,FL,ASO,ES,Federal Contract Tower,0,1,6,4,11,0,1,86,9,96,0,2,92,13,107,148,34,182,289
07/03/2004,VQQ,FL,ASO,ES,Federal Contract Tower,0,1,0,0,1,0,2,51,1,54,0,3,51,1,55,110,0,110,165
07/04/2004,VQQ,FL,ASO,ES,Federal Contract Tower,0,0,0,0,0,0,2,23,0,25,0,2,23,0,25,46,0,46,71
07/05/2004,VQQ,FL,ASO,ES,Federal Contract Tower,0,0,0,0,0,0,0,27,0,27,0,0,27,0,27,34,0,34,61
07/06/2004,VQQ,FL,ASO,ES,Federal Contract Tower,0,0,8,5,13,0,0,23,38,61,0,0,31,43,74,69,97,166,240
07/07/2004,VQQ,FL,ASO,ES,Federal Contract Tower,0,0,14,9,23,0,2,30,31,63,0,2,44,40,86,68,116,184,270
07/08/2004,VQQ,FL,ASO,ES,Federal Contract Tower,0,0,15,9,24,0,3,32,33,68,0,3,47,42,92,94,82,176,268
07/09/2004,VQQ,FL,ASO,ES,Federal Contract Tower,0,0,22,14,36,0,0,60,4,64,0,0,82,18,100,112,58,170,270
07/10/2004,VQQ,FL,ASO,ES,Federal Contract Tower,0,0,10,7,17,0,3,43,8,54,0,3,53,15,71,54,10,64,135
07/11/2004,VQQ,FL,ASO,ES,Federal Contract Tower,0,0,6,4,10,0,0,41,4,45,0,0,47,8,55,18,0,18,73
07/12/2004,VQQ,FL,ASO,ES,Federal Contract Tower,0,0,5,4,9,0,0,42,21,63,0,0,47,25,72,40,16,56,128
07/13/2004,VQQ,FL,ASO,ES,Federal Contract Tower,0,0,6,5,11,0,1,27,14,42,0,1,33,19,53,106,136,242,295
07/14/2004,VQQ,FL,ASO,ES,Federal Contract Tower,0,0,12,8,20,0,1,29,24,54,0,1,41,32,74,74,116,190,264
07/15/2004,VQQ,FL,ASO,ES,Federal Contract Tower,0,0,6,5,11,0,0,45,4,49,0,0,51,9,60,34,18,52,112
07/16/2004,VQQ,FL,ASO,ES,Federal Contract Tower,0,0,25,15,40,0,2,33,32,67,0,2,58,47,107,70,86,156,263
07/17/2004,VQQ,FL,ASO,ES,Federal Contract Tower,0,0,3,2,5,0,2,35,3,40,0,2,38,5,45,44,10,54,99
07/18/2004,VQQ,FL,ASO,ES,Federal Contract Tower,0,0,6,1,7,0,0,21,0,21,0,0,27,1,28,22,0,22,50
07/19/2004,VQQ,FL,ASO,ES,Federal Contract Tower,0,0,9,4,13,0,1,30,27,58,0,1,39,31,71,36,81,117,188
07/20/2004,VQQ,FL,ASO,ES,Federal Contract Tower,0,0,23,12,35,0,1,23,23,47,0,1,46,35,82,34,172,206,288
07/21/2004,VQQ,FL,ASO,ES,Federal Contract Tower,0,0,13,6,19,0,0,44,13,57,0,0,57,19,76,76,120,196,272
07/22/2004,VQQ,FL,ASO,ES,Federal Contract Tower,0,0,24,13,37,0,0,66,24,90,0,0,90,37,127,140,120,260,387
07/23/2004,VQQ,FL,ASO,ES,Federal Contract Tower,0,0,19,10,29,0,2,30,19,51,0,2,49,29,80,148,66,214,294
07/24/2004,VQQ,FL,ASO,ES,Federal Contract Tower,0,0,6,2,8,0,1,20,1,22,0,1,26,3,30,36,0,36,66
07/25/2004,VQQ,FL,ASO,ES,Federal Contract Tower,0,0,4,1,5,0,0,42,2,44,0,0,46,3,49,76,0,76,125
07/26/2004,VQQ,FL,ASO,ES,Federal Contract Tower,0,0,8,4,12,0,3,47,23,73,0,3,55,27,85,168,94,262,347
07/27/2004,VQQ,FL,ASO,ES,Federal Contract Tower,0,0,9,4,13,0,1,37,4,42,0,1,46,8,55,59,43,102,157
07/28/2004,VQQ,FL,ASO,ES,Federal Contract Tower,0,0,16,8,24,0,3,24,5,32,0,3,40,13,56,66,108,174,230
07/29/2004,VQQ,FL,ASO,ES,Federal Contract Tower,0,0,20,11,31,0,5,49,22,76,0,5,69,33,107,109,169,278,385
07/30/2004,VQQ,FL,ASO,ES,Federal Contract Tower,0,0,11,6,17,0,0,38,9,47,0,0,49,15,64,42,44,86,150
07/31/2004,VQQ,FL,ASO,ES,Federal Contract Tower,0,0,4,1,5,0,0,52,2,54,0,0,56,3,59,120,0,120,179
08/01/2004,VQQ,FL,ASO,ES,Federal Contract Tower,0,0,4,0,4,0,0,40,0,40,0,0,44,0,44,32,0,32,76
08/02/2004,VQQ,FL,ASO,ES,Federal Contract Tower,0,0,5,2,7,0,0,26,21,47,0,0,31,23,54,31,77,108,162
08/03/2004,VQQ,FL,ASO,ES,Federal Contract Tower,0,0,8,1,9,0,1,16,15,32,0,1,24,16,41,40,131,171,212
08/04/2004,VQQ,FL,ASO,ES,Federal Contract Tower,0,0,8,0,8,0,0,60,10,70,0,0,68,10,78,99,72,171,249
08/05/2004,VQQ,FL,ASO,ES,Federal Contract Tower,0,0,14,10,24,0,0,48,7,55,0,0,62,17,79,86,63,149,228
08/06/2004,VQQ,FL,ASO,ES,Federal Contract Tower,0,0,14,13,27,0,1,31,11,43,0,1,45,24,70,56,64,120,190
08/07/2004,VQQ,FL,ASO,ES,Federal Contract Tower,0,0,3,1,4,0,1,34,7,42,0,1,37,8,46,26,44,70,116
08/08/2004,VQQ,FL,ASO,ES,Federal Contract Tower,0,0,4,5,9,0,1,28,3,32,0,1,32,8,41,84,62,146,187
08/09/2004,VQQ,FL,ASO,ES,Federal Contract Tower,0,0,13,9,22,0,0,49,13,62,0,0,62,22,84,78,103,181,265
08/10/2004,VQQ,FL,ASO,ES,Federal Contract Tower,0,0,6,3,9,0,0,39,19,58,0,0,45,22,67,38,147,185,252
08/11/2004,VQQ,FL,ASO,ES,Federal Contract Tower,0,0,8,7,15,0,0,34,24,58,0,0,42,31,73,59,354,413,486
08/12/2004,VQQ,FL,ASO,ES,Federal Contract Tower,0,0,14,1,15,0,1,9,6,16,0,1,23,7,31,94,88,182,213
08/13/2004,VQQ,FL,ASO,ES,Federal Contract Tower,0,0,5,0,5,0,0,0,2,2,0,0,5,2,7,0,0,0,7
08/14/2004,VQQ,FL,ASO,ES,Federal Contract Tower,0,0,5,0,5,0,2,16,8,26,0,2,21,8,31,20,4,24,55
08/15/2004,VQQ,FL,ASO,ES,Federal Contract Tower,0,0,6,0,6,0,0,52,4,56,0,0,58,4,62,76,0,76,138
08/16/2004,VQQ,FL,ASO,ES,Federal Contract Tower,0,0,7,3,10,0,0,48,7,55,0,0,55,10,65,60,56,116,181
08/17/2004,VQQ,FL,ASO,ES,Federal Contract Tower,0,0,19,3,22,0,0,22,14,36,0,0,41,17,58,28,148,176,234
08/18/2004,VQQ,FL,ASO,ES,Federal Contract Tower,0,0,18,19,37,0,0,49,10,59,0,0,67,29,96,178,81,259,355
08/19/2004,VQQ,FL,ASO,ES,Federal Contract Tower,0,0,11,6,17,0,1,45,28,74,0,1,56,34,91,73,213,286,377
08/20/2004,VQQ,FL,ASO,ES,Federal Contract Tower,0,0,11,11,22,0,4,56,0,60,0,4,67,11,82,112,46,158,240
08/21/2004,VQQ,FL,ASO,ES,Federal Contract Tower,0,0,42,0,42,0,0,13,4,17,0,0,55,4,59,114,28,142,201
08/22/2004,VQQ,FL,ASO,ES,Federal Contract Tower,0,0,9,0,9,0,2,41,1,44,0,2,50,1,53,96,0,96,149
08/23/2004,VQQ,FL,ASO,ES,Federal Contract Tower,0,2,19,8,29,0,0,38,16,54,0,2,57,24,83,78,58,136,219
08/24/2004,VQQ,FL,ASO,ES,Federal Contract Tower,0,0,17,14,31,0,3,22,14,39,0,3,39,28,70,28,85,113,183
08/25/2004,VQQ,FL,ASO,ES,Federal Contract Tower,0,0,6,1,7,0,2,31,20,53,0,2,37,21,60,22,52,74,134
08/26/2004,VQQ,FL,ASO,ES,Federal Contract Tower,0,0,26,7,33,0,0,31,22,53,0,0,57,29,86,108,116,224,310
08/27/2004,VQQ,FL,ASO,ES,Federal Contract Tower,0,4,12,7,23,0,4,43,9,56,0,8,55,16,79,40,116,156,235
08/28/2004,VQQ,FL,ASO,ES,Federal Contract Tower,0,0,0,0,0,0,3,56,0,59,0,3,56,0,59,36,0,36,95
08/29/2004,VQQ,FL,ASO,ES,Federal Contract Tower,0,0,19,0,19,0,3,53,0,56,0,3,72,0,75,50,0,50,125
08/30/2004,VQQ,FL,ASO,ES,Federal Contract Tower,0,0,2,4,6,0,0,34,13,47,0,0,36,17,53,88,135,223,276
08/31/2004,VQQ,FL,ASO,ES,Federal Contract Tower,0,0,3,10,13,0,0,22,6,28,0,0,25,16,41,69,85,154,195
09/01/2004,VQQ,FL,ASO,ES,Federal Contract Tower,0,0,9,15,24,0,0,38,5,43,0,0,47,20,67,46,59,105,172
09/02/2004,VQQ,FL,ASO,ES,Federal Contract Tower,0,0,3,6,9,0,0,22,9,31,0,0,25,15,40,36,0,36,76
09/03/2004,VQQ,FL,ASO,ES,Federal Contract Tower,0,0,1,0,1,0,2,9,5,16,0,2,10,5,17,10,0,10,27
09/04/2004,VQQ,FL,ASO,ES,Federal Contract Tower,0,0,0,0,0,0,0,5,1,6,0,0,5,1,6,0,0,0,6
09/05/2004,VQQ,FL,ASO,ES,Federal Contract Tower,0,0,0,0,0,0,0,0,0,0,0,0,0,0,0,0,0,0,0
09/06/2004,VQQ,FL,ASO,ES,Federal Contract Tower,0,0,0,0,0,0,0,0,3,3,0,0,0,3,3,0,0,0,3
09/07/2004,VQQ,FL,ASO,ES,Federal Contract Tower,0,0,2,3,5,0,0,3,15,18,0,0,5,18,23,0,0,0,23
09/08/2004,VQQ,FL,ASO,ES,Federal Contract Tower,0,0,2,1,3,0,0,4,6,10,0,0,6,7,13,0,0,0,13
09/09/2004,VQQ,FL,ASO,ES,Federal Contract Tower,0,0,4,5,9,0,2,13,10,25,0,2,17,15,34,26,144,170,204
09/10/2004,VQQ,FL,ASO,ES,Federal Contract Tower,0,0,4,6,10,0,1,22,7,30,0,1,26,13,40,30,74,104,144
09/11/2004,VQQ,FL,ASO,ES,Federal Contract Tower,0,0,3,3,6,0,1,40,7,48,0,1,43,10,54,48,0,48,102
09/12/2004,VQQ,FL,ASO,ES,Federal Contract Tower,0,0,2,3,5,0,4,11,2,17,0,4,13,5,22,30,0,30,52
09/13/2004,VQQ,FL,ASO,ES,Federal Contract Tower,0,0,6,7,13,0,1,12,28,41,0,1,18,35,54,32,70,102,156
09/14/2004,VQQ,FL,ASO,ES,Federal Contract Tower,0,0,10,13,23,0,0,17,37,54,0,0,27,50,77,0,74,74,151
09/15/2004,VQQ,FL,ASO,ES,Federal Contract Tower,0,0,6,12,18,0,2,0,77,79,0,2,6,89,97,14,119,133,230
09/16/2004,VQQ,FL,ASO,ES,Federal Contract Tower,0,0,6,8,14,0,2,14,67,83,0,2,20,75,97,70,239,309,406
09/17/2004,VQQ,FL,ASO,ES,Federal Contract Tower,0,0,10,14,24,0,5,10,79,94,0,5,20,93,118,36,71,107,225
09/18/2004,VQQ,FL,ASO,ES,Federal Contract Tower,0,0,8,13,21,0,0,36,65,101,0,0,44,78,122,104,4,108,230
09/19/2004,VQQ,FL,ASO,ES,Federal Contract Tower,0,0,14,22,36,0,2,43,29,74,0,2,57,51,110,36,0,36,146
09/20/2004,VQQ,FL,ASO,ES,Federal Contract Tower,0,0,11,17,28,0,0,24,3,27,0,0,35,20,55,0,124,124,179
09/21/2004,VQQ,FL,ASO,ES,Federal Contract Tower,0,0,9,15,24,0,0,15,24,39,0,0,24,39,63,16,44,60,123
09/22/2004,VQQ,FL,ASO,ES,Federal Contract Tower,0,0,4,7,11,0,2,24,6,32,0,2,28,13,43,66,141,207,250
09/23/2004,VQQ,FL,ASO,ES,Federal Contract Tower,0,0,9,15,24,0,1,30,28,59,0,1,39,43,83,90,229,319,402
09/24/2004,VQQ,FL,ASO,ES,Federal Contract Tower,0,0,7,11,18,0,0,47,8,55,0,0,54,19,73,48,120,168,241
09/25/2004,VQQ,FL,ASO,ES,Federal Contract Tower,0,0,2,5,7,0,0,12,5,17,0,0,14,10,24,4,0,4,28
09/26/2004,VQQ,FL,ASO,ES,Federal Contract Tower,0,0,0,0,0,0,0,0,0,0,0,0,0,0,0,0,0,0,0
09/27/2004,VQQ,FL,ASO,ES,Federal Contract Tower,0,0,1,2,3,0,0,2,0,2,0,0,3,2,5,0,0,0,5
09/28/2004,VQQ,FL,ASO,ES,Federal Contract Tower,0,0,5,8,13,0,0,42,8,50,0,0,47,16,63,56,6,62,125
09/29/2004,VQQ,FL,ASO,ES,Federal Contract Tower,0,0,3,5,8,0,1,25,7,33,0,1,28,12,41,58,53,111,152
09/30/2004,VQQ,FL,ASO,ES,Federal Contract Tower,0,0,5,9,14,0,0,61,15,76,0,0,66,24,90,60,130,190,280
10/01/2004,VQQ,FL,ASO,ES,Federal Contract Tower,0,1,14,8,23,0,3,14,15,32,0,4,28,23,55,36,18,54,109
10/02/2004,VQQ,FL,ASO,ES,Federal Contract Tower,0,0,7,0,7,0,2,49,4,55,0,2,56,4,62,116,0,116,178
10/03/2004,VQQ,FL,ASO,ES,Federal Contract Tower,0,3,6,0,9,0,11,21,2,34,0,14,27,2,43,26,0,26,69
10/04/2004,VQQ,FL,ASO,ES,Federal Contract Tower,0,1,7,17,25,0,2,33,19,54,0,3,40,36,79,26,118,144,223
10/05/2004,VQQ,FL,ASO,ES,Federal Contract Tower,0,0,6,18,24,0,0,30,34,64,0,0,36,52,88,59,172,231,319
10/06/2004,VQQ,FL,ASO,ES,Federal Contract Tower,0,0,14,1,15,0,0,51,22,73,0,0,65,23,88,100,169,269,357
10/07/2004,VQQ,FL,ASO,ES,Federal Contract Tower,0,0,4,7,11,0,1,28,38,67,0,1,32,45,78,140,185,325,403
10/08/2004,VQQ,FL,ASO,ES,Federal Contract Tower,0,2,10,9,21,0,3,22,11,36,0,5,32,20,57,132,147,279,336
10/09/2004,VQQ,FL,ASO,ES,Federal Contract Tower,0,0,19,14,33,0,0,43,3,46,0,0,62,17,79,154,12,166,245
10/10/2004,VQQ,FL,ASO,ES,Federal Contract Tower,0,2,13,0,15,0,1,49,1,51,0,3,62,1,66,110,0,110,176
10/11/2004,VQQ,FL,ASO,ES,Federal Contract Tower,0,0,12,0,12,0,0,59,6,65,0,0,71,6,77,140,0,140,217
10/12/2004,VQQ,FL,ASO,ES,Federal Contract Tower,0,0,10,6,16,0,0,32,25,57,0,0,42,31,73,49,74,123,196
10/13/2004,VQQ,FL,ASO,ES,Federal Contract Tower,0,0,14,5,19,0,0,47,35,82,0,0,61,40,101,48,240,288,389
10/14/2004,VQQ,FL,ASO,ES,Federal Contract Tower,0,0,2,5,7,0,2,38,12,52,0,2,40,17,59,69,32,101,160
10/15/2004,VQQ,FL,ASO,ES,Federal Contract Tower,0,0,15,4,19,0,0,15,8,23,0,0,30,12,42,46,26,72,114
10/16/2004,VQQ,FL,ASO,ES,Federal Contract Tower,0,0,7,1,8,0,1,56,4,61,0,1,63,5,69,118,20,138,207
10/17/2004,VQQ,FL,ASO,ES,Federal Contract Tower,0,0,6,4,10,0,0,69,2,71,0,0,75,6,81,68,16,84,165
10/18/2004,VQQ,FL,ASO,ES,Federal Contract Tower,0,0,16,10,26,0,2,55,22,79,0,2,71,32,105,44,192,236,341
10/19/2004,VQQ,FL,ASO,ES,Federal Contract Tower,0,0,13,5,18,0,1,29,37,67,0,1,42,42,85,48,234,282,367
10/20/2004,VQQ,FL,ASO,ES,Federal Contract Tower,0,0,6,2,8,0,0,47,12,59,0,0,53,14,67,62,138,200,267
10/21/2004,VQQ,FL,ASO,ES,Federal Contract Tower,0,2,11,0,13,0,1,20,21,42,0,3,31,21,55,58,68,126,181
10/22/2004,VQQ,FL,ASO,ES,Federal Contract Tower,0,0,9,1,10,0,0,21,9,30,0,0,30,10,40,2,6,8,48
10/23/2004,VQQ,FL,ASO,ES,Federal Contract Tower,0,0,6,3,9,0,0,36,2,38,0,0,42,5,47,52,0,52,99
10/24/2004,VQQ,FL,ASO,ES,Federal Contract Tower,0,0,4,2,6,0,1,62,0,63,0,1,66,2,69,114,6,120,189
10/25/2004,VQQ,FL,ASO,ES,Federal Contract Tower,0,0,18,10,28,0,2,73,5,80,0,2,91,15,108,98,76,174,282
10/26/2004,VQQ,FL,ASO,ES,Federal Contract Tower,0,0,9,2,11,0,2,70,36,108,0,2,79,38,119,36,134,170,289
10/27/2004,VQQ,FL,ASO,ES,Federal Contract Tower,0,0,7,2,9,0,0,46,13,59,0,0,53,15,68,68,60,128,196
10/28/2004,VQQ,FL,ASO,ES,Federal Contract Tower,0,0,33,8,41,0,0,27,12,39,0,0,60,20,80,4,76,80,160
10/29/2004,VQQ,FL,ASO,ES,Federal Contract Tower,0,0,19,8,27,0,0,17,3,20,0,0,36,11,47,20,0,20,67
10/30/2004,VQQ,FL,ASO,ES,Federal Contract Tower,0,0,1,2,3,0,0,15,2,17,0,0,16,4,20,8,0,8,28
10/31/2004,VQQ,FL,ASO,ES,Federal Contract Tower,0,0,3,2,5,0,0,12,0,12,0,0,15,2,17,16,0,16,33
11/01/2004,VQQ,FL,ASO,ES,Federal Contract Tower,0,0,5,6,11,0,4,34,43,81,0,4,39,49,92,28,300,328,420
11/02/2004,VQQ,FL,ASO,ES,Federal Contract Tower,0,0,17,2,19,0,2,47,21,70,0,2,64,23,89,94,158,252,341
11/03/2004,VQQ,FL,ASO,ES,Federal Contract Tower,0,2,3,1,6,0,2,43,21,66,0,4,46,22,72,85,315,400,472
11/04/2004,VQQ,FL,ASO,ES,Federal Contract Tower,0,0,8,0,8,0,0,35,20,55,0,0,43,20,63,14,344,358,421
11/05/2004,VQQ,FL,ASO,ES,Federal Contract Tower,0,0,5,6,11,0,0,42,18,60,0,0,47,24,71,145,267,412,483
11/06/2004,VQQ,FL,ASO,ES,Federal Contract Tower,0,0,3,4,7,0,2,119,1,122,0,2,122,5,129,116,16,132,261
11/07/2004,VQQ,FL,ASO,ES,Federal Contract Tower,0,0,6,10,16,0,0,73,45,118,0,0,79,55,134,150,36,186,320
11/08/2004,VQQ,FL,ASO,ES,Federal Contract Tower,0,0,11,11,22,0,0,25,121,146,0,0,36,132,168,110,206,316,484
11/09/2004,VQQ,FL,ASO,ES,Federal Contract Tower,0,0,23,21,44,0,2,32,87,121,0,2,55,108,165,66,258,324,489
11/10/2004,VQQ,FL,ASO,ES,Federal Contract Tower,0,0,9,24,33,0,0,53,97,150,0,0,62,121,183,132,229,361,544
11/11/2004,VQQ,FL,ASO,ES,Federal Contract Tower,0,0,7,24,31,0,0,31,98,129,0,0,38,122,160,64,42,106,266
11/12/2004,VQQ,FL,ASO,ES,Federal Contract Tower,0,0,1,20,21,0,0,40,52,92,0,0,41,72,113,95,116,211,324
11/13/2004,VQQ,FL,ASO,ES,Federal Contract Tower,0,0,6,36,42,0,6,22,13,41,0,6,28,49,83,16,4,20,103
11/14/2004,VQQ,FL,ASO,ES,Federal Contract Tower,0,0,10,45,55,0,0,0,16,16,0,0,10,61,71,32,4,36,107
11/15/2004,VQQ,FL,ASO,ES,Federal Contract Tower,0,0,7,7,14,0,0,28,34,62,0,0,35,41,76,118,254,372,448
11/16/2004,VQQ,FL,ASO,ES,Federal Contract Tower,0,0,5,5,10,0,0,73,45,118,0,0,78,50,128,66,289,355,483
11/17/2004,VQQ,FL,ASO,ES,Federal Contract Tower,0,0,10,6,16,0,0,81,42,123,0,0,91,48,139,132,270,402,541
11/18/2004,VQQ,FL,ASO,ES,Federal Contract Tower,0,0,30,4,34,0,1,40,16,57,0,1,70,20,91,110,82,192,283
11/19/2004,VQQ,FL,ASO,ES,Federal Contract Tower,0,2,8,10,20,0,0,44,13,57,0,2,52,23,77,108,70,178,255
11/20/2004,VQQ,FL,ASO,ES,Federal Contract Tower,0,0,4,1,5,0,0,43,0,43,0,0,47,1,48,56,0,56,104
11/21/2004,VQQ,FL,ASO,ES,Federal Contract Tower,0,0,7,4,11,0,1,35,3,39,0,1,42,7,50,24,4,28,78
11/22/2004,VQQ,FL,ASO,ES,Federal Contract Tower,0,0,8,2,10,0,0,32,23,55,0,0,40,25,65,36,120,156,221
11/23/2004,VQQ,FL,ASO,ES,Federal Contract Tower,0,0,17,8,25,0,4,63,52,119,0,4,80,60,144,66,200,266,410
11/24/2004,VQQ,FL,ASO,ES,Federal Contract Tower,0,0,7,1,8,0,1,32,14,47,0,1,39,15,55,26,8,34,89
11/25/2004,VQQ,FL,ASO,ES,Federal Contract Tower,0,0,1,0,1,0,0,7,0,7,0,0,8,0,8,8,0,8,16
11/26/2004,VQQ,FL,ASO,ES,Federal Contract Tower,0,1,12,0,13,0,1,43,0,44,0,2,55,0,57,34,0,34,91
11/27/2004,VQQ,FL,ASO,ES,Federal Contract Tower,0,0,3,0,3,0,1,22,0,23,0,1,25,0,26,36,0,36,62
11/28/2004,VQQ,FL,ASO,ES,Federal Contract Tower,0,0,8,0,8,0,0,17,0,17,0,0,25,0,25,8,0,8,33
11/29/2004,VQQ,FL,ASO,ES,Federal Contract Tower,0,0,10,3,13,0,2,24,18,44,0,2,34,21,57,70,86,156,213
11/30/2004,VQQ,FL,ASO,ES,Federal Contract Tower,0,0,16,0,16,0,1,47,31,79,0,1,63,31,95,40,260,300,395
12/01/2004,VQQ,FL,ASO,ES,Federal Contract Tower,0,2,35,3,40,0,1,36,26,63,0,3,71,29,103,76,126,202,305
12/02/2004,VQQ,FL,ASO,ES,Federal Contract Tower,0,0,13,5,18,0,0,52,28,80,0,0,65,33,98,94,190,284,382
12/03/2004,VQQ,FL,ASO,ES,Federal Contract Tower,0,0,10,16,26,0,0,32,8,40,0,0,42,24,66,112,36,148,214
12/04/2004,VQQ,FL,ASO,ES,Federal Contract Tower,0,0,2,1,3,0,4,36,3,43,0,4,38,4,46,52,0,52,98
12/05/2004,VQQ,FL,ASO,ES,Federal Contract Tower,0,0,8,4,12,0,1,84,0,85,0,1,92,4,97,128,0,128,225
12/06/2004,VQQ,FL,ASO,ES,Federal Contract Tower,0,0,3,7,10,0,2,39,25,66,0,2,42,32,76,109,370,479,555
12/07/2004,VQQ,FL,ASO,ES,Federal Contract Tower,0,0,8,9,17,0,3,33,40,76,0,3,41,49,93,72,360,432,525
12/08/2004,VQQ,FL,ASO,ES,Federal Contract Tower,0,0,30,8,38,0,1,74,45,120,0,1,104,53,158,58,156,214,372
12/09/2004,VQQ,FL,ASO,ES,Federal Contract Tower,0,0,17,12,29,0,0,50,20,70,0,0,67,32,99,52,88,140,239
12/10/2004,VQQ,FL,ASO,ES,Federal Contract Tower,0,0,11,5,16,0,0,36,9,45,0,0,47,14,61,64,44,108,169
12/11/2004,VQQ,FL,ASO,ES,Federal Contract Tower,0,0,10,0,10,0,0,45,5,50,0,0,55,5,60,110,0,110,170
12/12/2004,VQQ,FL,ASO,ES,Federal Contract Tower,0,0,3,0,3,0,0,67,7,74,0,0,70,7,77,152,84,236,313
12/13/2004,VQQ,FL,ASO,ES,Federal Contract Tower,0,0,2,4,6,0,0,33,24,57,0,0,35,28,63,96,200,296,359
12/14/2004,VQQ,FL,ASO,ES,Federal Contract Tower,0,2,5,7,14,0,6,57,15,78,0,8,62,22,92,130,240,370,462
12/15/2004,VQQ,FL,ASO,ES,Federal Contract Tower,0,0,13,6,19,0,0,71,19,90,0,0,84,25,109,74,194,268,377
12/16/2004,VQQ,FL,ASO,ES,Federal Contract Tower,0,0,14,7,21,0,0,54,34,88,0,0,68,41,109,96,192,288,397
12/17/2004,VQQ,FL,ASO,ES,Federal Contract Tower,0,0,15,11,26,0,0,50,9,59,0,0,65,20,85,114,94,208,293
12/18/2004,VQQ,FL,ASO,ES,Federal Contract Tower,0,0,6,3,9,0,1,79,1,81,0,1,85,4,90,120,0,120,210
12/19/2004,VQQ,FL,ASO,ES,Federal Contract Tower,0,0,7,1,8,0,2,45,0,47,0,2,52,1,55,56,0,56,111
12/20/2004,VQQ,FL,ASO,ES,Federal Contract Tower,0,0,10,8,18,0,0,20,29,49,0,0,30,37,67,28,194,222,289
12/21/2004,VQQ,FL,ASO,ES,Federal Contract Tower,0,0,15,16,31,0,5,42,6,53,0,5,57,22,84,122,46,168,252
12/22/2004,VQQ,FL,ASO,ES,Federal Contract Tower,2,0,16,1,19,1,1,25,36,63,3,1,41,37,82,40,24,64,146
12/23/2004,VQQ,FL,ASO,ES,Federal Contract Tower,0,0,7,4,11,0,0,13,6,19,0,0,20,10,30,14,24,38,68
12/24/2004,VQQ,FL,ASO,ES,Federal Contract Tower,0,0,2,0,2,0,1,13,1,15,0,1,15,1,17,12,0,12,29
12/25/2004,VQQ,FL,ASO,ES,Federal Contract Tower,0,0,2,0,2,0,0,1,0,1,0,0,3,0,3,0,0,0,3
12/26/2004,VQQ,FL,ASO,ES,Federal Contract Tower,0,0,3,0,3,0,2,2,0,4,0,2,5,0,7,2,0,2,9
12/27/2004,VQQ,FL,ASO,ES,Federal Contract Tower,0,0,9,0,9,0,0,32,16,48,0,0,41,16,57,34,38,72,129
12/28/2004,VQQ,FL,ASO,ES,Federal Contract Tower,0,0,5,0,5,0,1,45,14,60,0,1,50,14,65,24,8,32,97
12/29/2004,VQQ,FL,ASO,ES,Federal Contract Tower,0,0,10,2,12,0,2,46,25,73,0,2,56,27,85,18,122,140,225
12/30/2004,VQQ,FL,ASO,ES,Federal Contract Tower,0,0,3,2,5,0,2,39,15,56,0,2,42,17,61,56,86,142,203
12/31/2004,VQQ,FL,ASO,ES,Federal Contract Tower,2,2,5,0,9,0,0,54,0,54,2,2,59,0,63,56,0,56,119
01/01/2005,VQQ,FL,ASO,ES,Federal Contract Tower,0,0,9,0,9,0,1,35,0,36,0,1,44,0,45,16,0,16,61
01/02/2005,VQQ,FL,ASO,ES,Federal Contract Tower,0,0,7,0,7,0,4,26,0,30,0,4,33,0,37,24,0,24,61
01/03/2005,VQQ,FL,ASO,ES,Federal Contract Tower,0,0,3,4,7,0,2,18,11,31,0,2,21,15,38,28,172,200,238
01/04/2005,VQQ,FL,ASO,ES,Federal Contract Tower,0,0,14,11,25,0,0,44,25,69,0,0,58,36,94,46,316,362,456
01/05/2005,VQQ,FL,ASO,ES,Federal Contract Tower,0,0,11,12,23,0,4,36,34,74,0,4,47,46,97,60,270,330,427
01/06/2005,VQQ,FL,ASO,ES,Federal Contract Tower,0,0,2,8,10,0,2,57,26,85,0,2,59,34,95,90,120,210,305
01/07/2005,VQQ,FL,ASO,ES,Federal Contract Tower,0,0,16,3,19,0,0,38,29,67,0,0,54,32,86,96,78,174,260
01/08/2005,VQQ,FL,ASO,ES,Federal Contract Tower,0,0,13,0,13,0,2,43,0,45,0,2,56,0,58,46,0,46,104
01/09/2005,VQQ,FL,ASO,ES,Federal Contract Tower,0,0,15,1,16,0,2,63,3,68,0,2,78,4,84,68,14,82,166
01/10/2005,VQQ,FL,ASO,ES,Federal Contract Tower,0,0,18,5,23,0,0,25,20,45,0,0,43,25,68,10,72,82,150
01/11/2005,VQQ,FL,ASO,ES,Federal Contract Tower,0,0,14,9,23,0,7,37,25,69,0,7,51,34,92,40,228,268,360
01/12/2005,VQQ,FL,ASO,ES,Federal Contract Tower,0,0,41,14,55,0,2,40,37,79,0,2,81,51,134,86,160,246,380
01/13/2005,VQQ,FL,ASO,ES,Federal Contract Tower,1,1,27,5,34,3,3,21,52,79,4,4,48,57,113,50,248,298,411
01/14/2005,VQQ,FL,ASO,ES,Federal Contract Tower,0,2,20,9,31,0,0,25,3,28,0,2,45,12,59,18,0,18,77
01/15/2005,VQQ,FL,ASO,ES,Federal Contract Tower,0,0,30,0,30,0,0,0,1,1,0,0,30,1,31,6,0,6,37
01/16/2005,VQQ,FL,ASO,ES,Federal Contract Tower,0,0,32,0,32,0,0,23,0,23,0,0,55,0,55,95,0,95,150
01/17/2005,VQQ,FL,ASO,ES,Federal Contract Tower,0,0,40,4,44,0,0,6,0,6,0,0,46,4,50,142,14,156,206
01/18/2005,VQQ,FL,ASO,ES,Federal Contract Tower,0,0,17,15,32,1,4,19,17,41,1,4,36,32,73,44,245,289,362
01/19/2005,VQQ,FL,ASO,ES,Federal Contract Tower,0,0,21,11,32,0,2,50,30,82,0,2,71,41,114,114,200,314,428
01/20/2005,VQQ,FL,ASO,ES,Federal Contract Tower,0,0,10,9,19,0,0,45,40,85,0,0,55,49,104,122,266,388,492
01/21/2005,VQQ,FL,ASO,ES,Federal Contract Tower,0,2,9,22,33,0,2,65,3,70,0,4,74,25,103,58,126,184,287
01/22/2005,VQQ,FL,ASO,ES,Federal Contract Tower,0,0,21,4,25,0,0,41,1,42,0,0,62,5,67,68,0,68,135
01/23/2005,VQQ,FL,ASO,ES,Federal Contract Tower,0,0,7,2,9,0,0,32,0,32,0,0,39,2,41,120,0,120,161
01/24/2005,VQQ,FL,ASO,ES,Federal Contract Tower,0,0,14,5,19,0,0,51,18,69,0,0,65,23,88,187,222,409,497
01/25/2005,VQQ,FL,ASO,ES,Federal Contract Tower,0,0,22,8,30,0,2,56,26,84,0,2,78,34,114,98,297,395,509
01/26/2005,VQQ,FL,ASO,ES,Federal Contract Tower,0,0,13,4,17,0,0,20,38,58,0,0,33,42,75,103,398,501,576
01/27/2005,VQQ,FL,ASO,ES,Federal Contract Tower,0,0,36,15,51,0,2,35,25,62,0,2,71,40,113,36,238,274,387
01/28/2005,VQQ,FL,ASO,ES,Federal Contract Tower,0,0,22,22,44,0,2,11,13,26,0,2,33,35,70,4,0,4,74
01/29/2005,VQQ,FL,ASO,ES,Federal Contract Tower,0,0,13,1,14,0,0,17,1,18,0,0,30,2,32,8,2,10,42
01/30/2005,VQQ,FL,ASO,ES,Federal Contract Tower,4,0,15,2,21,0,1,26,2,29,4,1,41,4,50,2,0,2,52
01/31/2005,VQQ,FL,ASO,ES,Federal Contract Tower,0,0,22,4,26,0,1,11,27,39,0,1,33,31,65,20,317,337,402
02/01/2005,VQQ,FL,ASO,ES,Federal Contract Tower,0,0,19,7,26,1,0,17,41,59,1,0,36,48,85,24,493,517,602
02/02/2005,VQQ,FL,ASO,ES,Federal Contract Tower,0,1,12,3,16,0,0,0,6,6,0,1,12,9,22,2,0,2,24
02/03/2005,VQQ,FL,ASO,ES,Federal Contract Tower,0,21,37,0,58,0,0,5,0,5,0,21,42,0,63,0,0,0,63
02/04/2005,VQQ,FL,ASO,ES,Federal Contract Tower,0,30,69,4,103,0,0,30,3,33,0,30,99,7,136,0,83,83,219
02/05/2005,VQQ,FL,ASO,ES,Federal Contract Tower,0,54,51,0,105,0,0,40,1,41,0,54,91,1,146,2,0,2,148
02/06/2005,VQQ,FL,ASO,ES,Federal Contract Tower,0,180,290,0,470,0,0,0,0,0,0,180,290,0,470,0,0,0,470
02/07/2005,VQQ,FL,ASO,ES,Federal Contract Tower,0,61,140,7,208,0,2,11,27,40,0,63,151,34,248,22,56,78,326
02/08/2005,VQQ,FL,ASO,ES,Federal Contract Tower,0,4,13,12,29,0,6,33,29,68,0,10,46,41,97,98,178,276,373
02/09/2005,VQQ,FL,ASO,ES,Federal Contract Tower,0,0,12,10,22,0,4,54,36,94,0,4,66,46,116,156,305,461,577
02/10/2005,VQQ,FL,ASO,ES,Federal Contract Tower,0,2,23,6,31,0,2,30,34,66,0,4,53,40,97,72,170,242,339
02/11/2005,VQQ,FL,ASO,ES,Federal Contract Tower,0,0,41,13,54,0,2,46,8,56,0,2,87,21,110,74,100,174,284
02/12/2005,VQQ,FL,ASO,ES,Federal Contract Tower,0,0,6,0,6,0,0,65,1,66,0,0,71,1,72,84,0,84,156
02/13/2005,VQQ,FL,ASO,ES,Federal Contract Tower,0,0,6,0,6,0,0,63,2,65,0,0,69,2,71,64,0,64,135
02/14/2005,VQQ,FL,ASO,ES,Federal Contract Tower,0,0,6,12,18,0,1,27,19,47,0,1,33,31,65,68,254,322,387
02/15/2005,VQQ,FL,ASO,ES,Federal Contract Tower,0,2,18,4,24,0,5,27,32,64,0,7,45,36,88,46,106,152,240
02/16/2005,VQQ,FL,ASO,ES,Federal Contract Tower,0,0,29,6,35,0,2,50,35,87,0,2,79,41,122,134,82,216,338
02/17/2005,VQQ,FL,ASO,ES,Federal Contract Tower,0,0,39,4,43,0,0,37,33,70,0,0,76,37,113,62,210,272,385
02/18/2005,VQQ,FL,ASO,ES,Federal Contract Tower,0,0,36,20,56,0,2,66,19,87,0,2,102,39,143,168,148,316,459
02/19/2005,VQQ,FL,ASO,ES,Federal Contract Tower,0,0,18,0,18,0,0,92,0,92,0,0,110,0,110,104,0,104,214
02/20/2005,VQQ,FL,ASO,ES,Federal Contract Tower,0,3,19,1,23,0,0,62,3,65,0,3,81,4,88,62,0,62,150
02/21/2005,VQQ,FL,ASO,ES,Federal Contract Tower,0,4,4,1,9,0,0,52,1,53,0,4,56,2,62,138,0,138,200
02/22/2005,VQQ,FL,ASO,ES,Federal Contract Tower,0,0,24,3,27,0,2,29,23,54,0,2,53,26,81,32,140,172,253
02/23/2005,VQQ,FL,ASO,ES,Federal Contract Tower,0,0,28,7,35,0,1,15,21,37,0,1,43,28,72,118,234,352,424
02/24/2005,VQQ,FL,ASO,ES,Federal Contract Tower,0,0,25,3,28,0,2,8,25,35,0,2,33,28,63,70,164,234,297
02/25/2005,VQQ,FL,ASO,ES,Federal Contract Tower,0,0,18,0,18,0,0,0,0,0,0,0,18,0,18,0,0,0,18
02/26/2005,VQQ,FL,ASO,ES,Federal Contract Tower,0,0,14,1,15,0,0,17,14,31,0,0,31,15,46,20,22,42,88
02/27/2005,VQQ,FL,ASO,ES,Federal Contract Tower,0,0,1,0,1,0,0,0,0,0,0,0,1,0,1,0,0,0,1
02/28/2005,VQQ,FL,ASO,ES,Federal Contract Tower,0,0,7,3,10,0,2,48,10,60,0,2,55,13,70,92,170,262,332
03/01/2005,VQQ,FL,ASO,ES,Federal Contract Tower,0,2,16,7,25,0,2,30,28,60,0,4,46,35,85,104,226,330,415
03/02/2005,VQQ,FL,ASO,ES,Federal Contract Tower,0,0,15,8,23,0,2,57,42,101,0,2,72,50,124,240,170,410,534
03/03/2005,VQQ,FL,ASO,ES,Federal Contract Tower,0,0,27,4,31,0,3,19,22,44,0,3,46,26,75,158,82,240,315
03/04/2005,VQQ,FL,ASO,ES,Federal Contract Tower,0,4,32,26,62,0,1,50,28,79,0,5,82,54,141,113,46,159,300
03/05/2005,VQQ,FL,ASO,ES,Federal Contract Tower,0,0,9,0,9,0,0,41,4,45,0,0,50,4,54,44,14,58,112
03/06/2005,VQQ,FL,ASO,ES,Federal Contract Tower,0,0,7,1,8,0,2,63,131,196,0,2,70,132,204,124,0,124,328
03/07/2005,VQQ,FL,ASO,ES,Federal Contract Tower,0,4,8,46,58,0,0,52,112,164,0,4,60,158,222,181,98,279,501
03/08/2005,VQQ,FL,ASO,ES,Federal Contract Tower,0,4,3,13,20,0,0,15,38,53,0,4,18,51,73,20,154,174,247
03/09/2005,VQQ,FL,ASO,ES,Federal Contract Tower,0,5,29,26,60,0,0,15,140,155,0,5,44,166,215,73,260,333,548
03/10/2005,VQQ,FL,ASO,ES,Federal Contract Tower,0,4,14,30,48,0,1,26,99,126,0,5,40,129,174,64,186,250,424
03/11/2005,VQQ,FL,ASO,ES,Federal Contract Tower,0,4,11,44,59,0,4,34,64,102,0,8,45,108,161,40,94,134,295
03/12/2005,VQQ,FL,ASO,ES,Federal Contract Tower,0,0,12,12,24,0,1,43,7,51,0,1,55,19,75,84,0,84,159
03/13/2005,VQQ,FL,ASO,ES,Federal Contract Tower,0,0,7,0,7,0,0,42,0,42,0,0,49,0,49,86,0,86,135
03/14/2005,VQQ,FL,ASO,ES,Federal Contract Tower,0,0,8,4,12,0,0,13,13,26,0,0,21,17,38,36,156,192,230
03/15/2005,VQQ,FL,ASO,ES,Federal Contract Tower,0,0,26,0,26,0,0,3,7,10,0,0,29,7,36,20,154,174,210
03/16/2005,VQQ,FL,ASO,ES,Federal Contract Tower,0,0,18,0,18,0,0,22,0,22,0,0,40,0,40,18,0,18,58
03/17/2005,VQQ,FL,ASO,ES,Federal Contract Tower,0,1,19,7,27,0,2,0,0,2,0,3,19,7,29,24,14,38,67
03/18/2005,VQQ,FL,ASO,ES,Federal Contract Tower,0,1,33,7,41,0,0,26,12,38,0,1,59,19,79,22,4,26,105
03/19/2005,VQQ,FL,ASO,ES,Federal Contract Tower,0,0,17,0,17,0,2,84,4,90,0,2,101,4,107,120,0,120,227
03/20/2005,VQQ,FL,ASO,ES,Federal Contract Tower,0,0,5,2,7,0,0,58,3,61,0,0,63,5,68,92,0,92,160
03/21/2005,VQQ,FL,ASO,ES,Federal Contract Tower,0,0,8,1,9,0,0,24,21,45,0,0,32,22,54,165,159,324,378
03/22/2005,VQQ,FL,ASO,ES,Federal Contract Tower,0,0,4,0,4,0,0,3,4,7,0,0,7,4,11,11,86,97,108
03/23/2005,VQQ,FL,ASO,ES,Federal Contract Tower,0,0,10,7,17,0,0,23,27,50,0,0,33,34,67,36,142,178,245
03/24/2005,VQQ,FL,ASO,ES,Federal Contract Tower,0,0,17,15,32,0,2,51,38,91,0,2,68,53,123,94,78,172,295
03/25/2005,VQQ,FL,ASO,ES,Federal Contract Tower,0,0,1,0,1,0,0,10,0,10,0,0,11,0,11,18,0,18,29
03/26/2005,VQQ,FL,ASO,ES,Federal Contract Tower,0,0,6,0,6,0,4,4,0,8,0,4,10,0,14,0,0,0,14
03/27/2005,VQQ,FL,ASO,ES,Federal Contract Tower,0,0,2,0,2,0,0,5,0,5,0,0,7,0,7,0,0,0,7
03/28/2005,VQQ,FL,ASO,ES,Federal Contract Tower,0,0,3,3,6,0,0,15,22,37,0,0,18,25,43,34,210,244,287
03/29/2005,VQQ,FL,ASO,ES,Federal Contract Tower,0,0,27,15,42,0,4,38,13,55,0,4,65,28,97,168,164,332,429
03/30/2005,VQQ,FL,ASO,ES,Federal Contract Tower,0,1,18,9,28,0,2,68,23,93,0,3,86,32,121,142,158,300,421
03/31/2005,VQQ,FL,ASO,ES,Federal Contract Tower,0,2,14,2,18,0,1,29,17,47,0,3,43,19,65,115,199,314,379
04/01/2005,VQQ,FL,ASO,ES,Federal Contract Tower,0,1,18,3,22,0,0,12,12,24,0,1,30,15,46,30,64,94,140
04/02/2005,VQQ,FL,ASO,ES,Federal Contract Tower,0,0,4,0,4,0,2,21,4,27,0,2,25,4,31,54,0,54,85
04/03/2005,VQQ,FL,ASO,ES,Federal Contract Tower,0,0,7,1,8,0,1,84,4,89,0,1,91,5,97,108,0,108,205
04/04/2005,VQQ,FL,ASO,ES,Federal Contract Tower,0,0,10,6,16,0,0,77,19,96,0,0,87,25,112,122,50,172,284
04/05/2005,VQQ,FL,ASO,ES,Federal Contract Tower,0,0,15,17,32,0,3,68,23,94,0,3,83,40,126,126,77,203,329
04/06/2005,VQQ,FL,ASO,ES,Federal Contract Tower,0,0,11,6,17,0,0,36,10,46,0,0,47,16,63,138,93,231,294
04/07/2005,VQQ,FL,ASO,ES,Federal Contract Tower,0,0,1,1,2,0,0,10,6,16,0,0,11,7,18,14,62,76,94
04/08/2005,VQQ,FL,ASO,ES,Federal Contract Tower,0,0,28,4,32,0,2,27,18,47,0,2,55,22,79,64,96,160,239
04/09/2005,VQQ,FL,ASO,ES,Federal Contract Tower,0,0,24,1,25,0,0,69,8,77,0,0,93,9,102,118,0,118,220
04/10/2005,VQQ,FL,ASO,ES,Federal Contract Tower,0,0,17,4,21,0,0,65,3,68,0,0,82,7,89,128,0,128,217
04/11/2005,VQQ,FL,ASO,ES,Federal Contract Tower,0,0,24,8,32,0,1,54,32,87,0,1,78,40,119,121,112,233,352
04/12/2005,VQQ,FL,ASO,ES,Federal Contract Tower,0,0,29,4,33,0,0,50,13,63,0,0,79,17,96,215,106,321,417
04/13/2005,VQQ,FL,ASO,ES,Federal Contract Tower,0,0,9,5,14,0,2,59,23,84,0,2,68,28,98,30,186,216,314
04/14/2005,VQQ,FL,ASO,ES,Federal Contract Tower,0,0,31,19,50,0,1,17,33,51,0,1,48,52,101,44,144,188,289
04/15/2005,VQQ,FL,ASO,ES,Federal Contract Tower,0,0,6,21,27,0,1,48,23,72,0,1,54,44,99,78,72,150,249
04/16/2005,VQQ,FL,ASO,ES,Federal Contract Tower,2,0,6,4,12,0,0,47,52,99,2,0,53,56,111,134,2,136,247
04/17/2005,VQQ,FL,ASO,ES,Federal Contract Tower,0,0,8,18,26,0,3,81,58,142,0,3,89,76,168,100,48,148,316
04/18/2005,VQQ,FL,ASO,ES,Federal Contract Tower,0,2,16,48,66,0,4,60,75,139,0,6,76,123,205,136,130,266,471
04/19/2005,VQQ,FL,ASO,ES,Federal Contract Tower,0,0,3,28,31,0,0,71,72,143,0,0,74,100,174,200,46,246,420
04/20/2005,VQQ,FL,ASO,ES,Federal Contract Tower,0,0,15,28,43,0,0,69,20,89,0,0,84,48,132,152,34,186,318
04/21/2005,VQQ,FL,ASO,ES,Federal Contract Tower,0,2,20,13,35,0,1,42,31,74,0,3,62,44,109,101,192,293,402
04/22/2005,VQQ,FL,ASO,ES,Federal Contract Tower,0,2,6,12,20,0,2,43,4,49,0,4,49,16,69,90,49,139,208
04/23/2005,VQQ,FL,ASO,ES,Federal Contract Tower,0,2,0,0,2,0,1,22,10,33,0,3,22,10,35,4,0,4,39
04/24/2005,VQQ,FL,ASO,ES,Federal Contract Tower,0,0,10,0,10,0,3,26,3,32,0,3,36,3,42,40,0,40,82
04/25/2005,VQQ,FL,ASO,ES,Federal Contract Tower,0,0,12,18,30,0,1,42,32,75,0,1,54,50,105,94,172,266,371
04/26/2005,VQQ,FL,ASO,ES,Federal Contract Tower,0,0,5,6,11,0,0,31,6,37,0,0,36,12,48,96,14,110,158
04/27/2005,VQQ,FL,ASO,ES,Federal Contract Tower,0,0,20,9,29,0,1,41,19,61,0,1,61,28,90,120,212,332,422
04/28/2005,VQQ,FL,ASO,ES,Federal Contract Tower,0,0,16,6,22,0,2,51,15,68,0,2,67,21,90,140,182,322,412
04/29/2005,VQQ,FL,ASO,ES,Federal Contract Tower,0,0,11,9,20,0,2,53,22,77,0,2,64,31,97,66,10,76,173
04/30/2005,VQQ,FL,ASO,ES,Federal Contract Tower,0,0,6,1,7,0,1,22,1,24,0,1,28,2,31,60,0,60,91
05/01/2005,VQQ,FL,ASO,ES,Federal Contract Tower,0,0,4,7,11,0,0,27,3,30,0,0,31,10,41,28,0,28,69
05/02/2005,VQQ,FL,ASO,ES,Federal Contract Tower,0,0,8,12,20,0,0,42,14,56,0,0,50,26,76,78,128,206,282
05/03/2005,VQQ,FL,ASO,ES,Federal Contract Tower,0,0,8,15,23,0,0,46,18,64,0,0,54,33,87,79,264,343,430
05/04/2005,VQQ,FL,ASO,ES,Federal Contract Tower,0,0,14,7,21,0,0,13,22,35,0,0,27,29,56,60,158,218,274
05/05/2005,VQQ,FL,ASO,ES,Federal Contract Tower,0,0,10,4,14,0,0,8,10,18,0,0,18,14,32,0,4,4,36
05/06/2005,VQQ,FL,ASO,ES,Federal Contract Tower,0,0,10,6,16,1,2,25,7,35,1,2,35,13,51,20,10,30,81
05/07/2005,VQQ,FL,ASO,ES,Federal Contract Tower,0,2,4,0,6,0,0,51,3,54,0,2,55,3,60,134,0,134,194
05/08/2005,VQQ,FL,ASO,ES,Federal Contract Tower,0,0,4,0,4,0,0,53,0,53,0,0,57,0,57,68,0,68,125
05/09/2005,VQQ,FL,ASO,ES,Federal Contract Tower,2,0,8,6,16,0,2,52,29,83,2,2,60,35,99,38,174,212,311
05/10/2005,VQQ,FL,ASO,ES,Federal Contract Tower,0,0,17,4,21,0,0,64,25,89,0,0,81,29,110,116,271,387,497
05/11/2005,VQQ,FL,ASO,ES,Federal Contract Tower,0,0,13,2,15,0,4,35,14,53,0,4,48,16,68,60,84,144,212
05/12/2005,VQQ,FL,ASO,ES,Federal Contract Tower,0,0,12,8,20,0,6,39,17,62,0,6,51,25,82,58,82,140,222
05/13/2005,VQQ,FL,ASO,ES,Federal Contract Tower,0,0,17,4,21,0,1,55,12,68,0,1,72,16,89,76,64,140,229
05/14/2005,VQQ,FL,ASO,ES,Federal Contract Tower,0,0,13,1,14,0,1,41,5,47,0,1,54,6,61,128,0,128,189
05/15/2005,VQQ,FL,ASO,ES,Federal Contract Tower,0,0,4,0,4,0,0,54,9,63,0,0,58,9,67,116,8,124,191
05/16/2005,VQQ,FL,ASO,ES,Federal Contract Tower,0,0,11,4,15,0,0,38,24,62,0,0,49,28,77,30,76,106,183
05/17/2005,VQQ,FL,ASO,ES,Federal Contract Tower,0,2,11,11,24,0,0,46,32,78,0,2,57,43,102,56,168,224,326
05/18/2005,VQQ,FL,ASO,ES,Federal Contract Tower,0,0,8,16,24,0,0,30,5,35,0,0,38,21,59,90,113,203,262
05/19/2005,VQQ,FL,ASO,ES,Federal Contract Tower,0,0,10,6,16,0,0,25,10,35,0,0,35,16,51,76,54,130,181
05/20/2005,VQQ,FL,ASO,ES,Federal Contract Tower,0,0,4,3,7,0,2,36,11,49,0,2,40,14,56,74,10,84,140
05/21/2005,VQQ,FL,ASO,ES,Federal Contract Tower,0,0,6,0,6,0,5,30,2,37,0,5,36,2,43,44,8,52,95
05/22/2005,VQQ,FL,ASO,ES,Federal Contract Tower,0,0,27,1,28,0,0,38,7,45,0,0,65,8,73,84,0,84,157
05/23/2005,VQQ,FL,ASO,ES,Federal Contract Tower,0,0,8,2,10,0,2,36,25,63,0,2,44,27,73,46,132,178,251
05/24/2005,VQQ,FL,ASO,ES,Federal Contract Tower,0,0,20,10,30,0,0,31,30,61,0,0,51,40,91,81,97,178,269
05/25/2005,VQQ,FL,ASO,ES,Federal Contract Tower,0,0,10,5,15,0,1,74,21,96,0,1,84,26,111,114,115,229,340
05/26/2005,VQQ,FL,ASO,ES,Federal Contract Tower,0,0,9,16,25,0,2,63,25,90,0,2,72,41,115,84,36,120,235
05/27/2005,VQQ,FL,ASO,ES,Federal Contract Tower,0,2,10,1,13,0,6,42,20,68,0,8,52,21,81,63,30,93,174
05/28/2005,VQQ,FL,ASO,ES,Federal Contract Tower,0,0,1,0,1,1,0,54,2,57,1,0,55,2,58,135,0,135,193
05/29/2005,VQQ,FL,ASO,ES,Federal Contract Tower,0,0,6,0,6,0,0,21,2,23,0,0,27,2,29,50,0,50,79
05/30/2005,VQQ,FL,ASO,ES,Federal Contract Tower,0,2,6,0,8,0,2,32,2,36,0,4,38,2,44,34,0,34,78
05/31/2005,VQQ,FL,ASO,ES,Federal Contract Tower,0,0,3,4,7,0,0,6,8,14,0,0,9,12,21,0,70,70,91
06/01/2005,VQQ,FL,ASO,ES,Federal Contract Tower,0,0,5,7,12,0,0,21,18,39,0,0,26,25,51,58,134,192,243
06/02/2005,VQQ,FL,ASO,ES,Federal Contract Tower,0,0,5,16,21,0,0,14,10,24,0,0,19,26,45,30,142,172,217
06/03/2005,VQQ,FL,ASO,ES,Federal Contract Tower,0,0,9,3,12,0,0,39,10,49,0,0,48,13,61,75,12,87,148
06/04/2005,VQQ,FL,ASO,ES,Federal Contract Tower,0,0,3,5,8,0,2,50,8,60,0,2,53,13,68,78,16,94,162
06/05/2005,VQQ,FL,ASO,ES,Federal Contract Tower,0,0,7,0,7,0,2,44,5,51,0,2,51,5,58,106,16,122,180
06/06/2005,VQQ,FL,ASO,ES,Federal Contract Tower,0,1,13,8,22,0,2,40,31,73,0,3,53,39,95,50,192,242,337
06/07/2005,VQQ,FL,ASO,ES,Federal Contract Tower,0,0,15,6,21,0,1,34,40,75,0,1,49,46,96,70,136,206,302
06/08/2005,VQQ,FL,ASO,ES,Federal Contract Tower,0,0,5,3,8,0,0,27,24,51,0,0,32,27,59,38,82,120,179
06/09/2005,VQQ,FL,ASO,ES,Federal Contract Tower,0,0,20,3,23,0,0,54,30,84,0,0,74,33,107,44,148,192,299
06/10/2005,VQQ,FL,ASO,ES,Federal Contract Tower,0,0,9,3,12,0,1,21,8,30,0,1,30,11,42,8,26,34,76
06/11/2005,VQQ,FL,ASO,ES,Federal Contract Tower,0,0,1,0,1,1,1,1,0,3,1,1,2,0,4,0,0,0,4
06/12/2005,VQQ,FL,ASO,ES,Federal Contract Tower,0,0,3,0,3,0,0,5,6,11,0,0,8,6,14,2,0,2,16
06/13/2005,VQQ,FL,ASO,ES,Federal Contract Tower,0,0,7,0,7,0,1,15,12,28,0,1,22,12,35,0,58,58,93
06/14/2005,VQQ,FL,ASO,ES,Federal Contract Tower,0,0,14,1,15,0,2,32,32,66,0,2,46,33,81,66,204,270,351
06/15/2005,VQQ,FL,ASO,ES,Federal Contract Tower,0,2,9,1,12,0,4,49,22,75,0,6,58,23,87,64,200,264,351
06/16/2005,VQQ,FL,ASO,ES,Federal Contract Tower,0,0,20,5,25,0,0,41,10,51,0,0,61,15,76,71,286,357,433
06/17/2005,VQQ,FL,ASO,ES,Federal Contract Tower,0,0,13,0,13,0,0,46,18,64,0,0,59,18,77,27,49,76,153
06/18/2005,VQQ,FL,ASO,ES,Federal Contract Tower,0,0,8,0,8,0,0,25,1,26,0,0,33,1,34,46,0,46,80
06/19/2005,VQQ,FL,ASO,ES,Federal Contract Tower,0,0,11,0,11,0,2,32,2,36,0,2,43,2,47,52,0,52,99
06/20/2005,VQQ,FL,ASO,ES,Federal Contract Tower,0,3,19,4,26,0,0,19,21,40,0,3,38,25,66,46,112,158,224
06/21/2005,VQQ,FL,ASO,ES,Federal Contract Tower,0,0,14,1,15,0,5,29,33,67,0,5,43,34,82,58,172,230,312
06/22/2005,VQQ,FL,ASO,ES,Federal Contract Tower,0,0,12,6,18,0,2,53,39,94,0,2,65,45,112,91,145,236,348
06/23/2005,VQQ,FL,ASO,ES,Federal Contract Tower,0,0,16,13,29,0,3,71,39,113,0,3,87,52,142,144,120,264,406
06/24/2005,VQQ,FL,ASO,ES,Federal Contract Tower,0,1,12,29,42,0,0,34,106,140,0,1,46,135,182,34,142,176,358
06/25/2005,VQQ,FL,ASO,ES,Federal Contract Tower,1,0,3,108,112,0,0,0,0,0,1,0,3,108,112,8,0,8,120
06/26/2005,VQQ,FL,ASO,ES,Federal Contract Tower,1,2,12,39,54,0,0,3,46,49,1,2,15,85,103,42,26,68,171
06/27/2005,VQQ,FL,ASO,ES,Federal Contract Tower,0,0,9,55,64,0,0,14,33,47,0,0,23,88,111,71,24,95,206
06/28/2005,VQQ,FL,ASO,ES,Federal Contract Tower,0,0,24,47,71,1,4,10,28,43,1,4,34,75,114,14,66,80,194
06/29/2005,VQQ,FL,ASO,ES,Federal Contract Tower,0,3,22,2,27,0,0,28,25,53,0,3,50,27,80,34,118,152,232
06/30/2005,VQQ,FL,ASO,ES,Federal Contract Tower,1,1,23,7,32,0,0,16,18,34,1,1,39,25,66,20,96,116,182
07/01/2005,VQQ,FL,ASO,ES,Federal Contract Tower,2,1,8,12,23,0,1,36,2,39,2,2,44,14,62,60,46,106,168
07/02/2005,VQQ,FL,ASO,ES,Federal Contract Tower,0,0,6,0,6,0,0,29,0,29,0,0,35,0,35,68,0,68,103
07/03/2005,VQQ,FL,ASO,ES,Federal Contract Tower,0,0,9,1,10,0,0,9,5,14,0,0,18,6,24,12,0,12,36
07/04/2005,VQQ,FL,ASO,ES,Federal Contract Tower,0,0,2,0,2,0,0,26,0,26,0,0,28,0,28,37,0,37,65
07/05/2005,VQQ,FL,ASO,ES,Federal Contract Tower,1,1,5,8,15,0,0,30,8,38,1,1,35,16,53,40,68,108,161
07/06/2005,VQQ,FL,ASO,ES,Federal Contract Tower,0,2,21,4,27,0,0,33,28,61,0,2,54,32,88,104,116,220,308
07/07/2005,VQQ,FL,ASO,ES,Federal Contract Tower,0,0,6,6,12,0,0,34,25,59,0,0,40,31,71,90,196,286,357
07/08/2005,VQQ,FL,ASO,ES,Federal Contract Tower,0,0,1,5,6,0,0,31,27,58,0,0,32,32,64,28,48,76,140
07/09/2005,VQQ,FL,ASO,ES,Federal Contract Tower,0,0,2,0,2,0,0,7,4,11,0,0,9,4,13,2,2,4,17
07/10/2005,VQQ,FL,ASO,ES,Federal Contract Tower,0,0,0,3,3,0,0,0,6,6,0,0,0,9,9,0,18,18,27
07/11/2005,VQQ,FL,ASO,ES,Federal Contract Tower,0,0,14,6,20,0,0,22,18,40,0,0,36,24,60,74,83,157,217
07/12/2005,VQQ,FL,ASO,ES,Federal Contract Tower,0,0,27,2,29,0,1,44,38,83,0,1,71,40,112,78,126,204,316
07/13/2005,VQQ,FL,ASO,ES,Federal Contract Tower,0,0,32,6,38,0,3,27,25,55,0,3,59,31,93,86,128,214,307
07/14/2005,VQQ,FL,ASO,ES,Federal Contract Tower,0,0,9,1,10,0,2,73,30,105,0,2,82,31,115,118,179,297,412
07/15/2005,VQQ,FL,ASO,ES,Federal Contract Tower,0,5,3,3,11,0,0,29,7,36,0,5,32,10,47,34,61,95,142
07/16/2005,VQQ,FL,ASO,ES,Federal Contract Tower,0,0,6,7,13,1,1,42,0,44,1,1,48,7,57,66,12,78,135
07/17/2005,VQQ,FL,ASO,ES,Federal Contract Tower,1,2,9,9,21,0,0,36,10,46,1,2,45,19,67,78,12,90,157
07/18/2005,VQQ,FL,ASO,ES,Federal Contract Tower,1,0,15,13,29,0,4,28,23,55,1,4,43,36,84,32,178,210,294
07/19/2005,VQQ,FL,ASO,ES,Federal Contract Tower,0,0,25,6,31,0,2,42,38,82,0,2,67,44,113,76,244,320,433
07/20/2005,VQQ,FL,ASO,ES,Federal Contract Tower,0,0,15,4,19,0,0,51,28,79,0,0,66,32,98,156,126,282,380
07/21/2005,VQQ,FL,ASO,ES,Federal Contract Tower,0,0,9,4,13,0,0,46,39,85,0,0,55,43,98,116,330,446,544
07/22/2005,VQQ,FL,ASO,ES,Federal Contract Tower,0,0,6,2,8,0,3,60,13,76,0,3,66,15,84,76,4,80,164
07/23/2005,VQQ,FL,ASO,ES,Federal Contract Tower,4,0,4,4,12,0,0,29,5,34,4,0,33,9,46,64,8,72,118
07/24/2005,VQQ,FL,ASO,ES,Federal Contract Tower,2,0,14,0,16,0,2,26,2,30,2,2,40,2,46,54,0,54,100
07/25/2005,VQQ,FL,ASO,ES,Federal Contract Tower,0,0,20,6,26,0,3,28,17,48,0,3,48,23,74,20,98,118,192
07/26/2005,VQQ,FL,ASO,ES,Federal Contract Tower,3,1,29,15,48,0,1,51,30,82,3,2,80,45,130,58,60,118,248
07/27/2005,VQQ,FL,ASO,ES,Federal Contract Tower,0,0,11,22,33,0,0,49,112,161,0,0,60,134,194,54,184,238,432
07/28/2005,VQQ,FL,ASO,ES,Federal Contract Tower,0,0,6,26,32,0,0,34,84,118,0,0,40,110,150,12,84,96,246
07/29/2005,VQQ,FL,ASO,ES,Federal Contract Tower,0,2,0,15,17,0,1,24,51,76,0,3,24,66,93,18,36,54,147
07/30/2005,VQQ,FL,ASO,ES,Federal Contract Tower,0,0,3,14,17,0,1,31,34,66,0,1,34,48,83,58,2,60,143
07/31/2005,VQQ,FL,ASO,ES,Federal Contract Tower,2,0,5,27,34,0,0,16,39,55,2,0,21,66,89,26,0,26,115
08/01/2005,VQQ,FL,ASO,ES,Federal Contract Tower,1,0,5,34,40,0,2,24,14,40,1,2,29,48,80,43,149,192,272
08/02/2005,VQQ,FL,ASO,ES,Federal Contract Tower,1,0,22,0,23,0,7,33,24,64,1,7,55,24,87,24,196,220,307
08/03/2005,VQQ,FL,ASO,ES,Federal Contract Tower,0,0,12,4,16,0,0,16,32,48,0,0,28,36,64,2,218,220,284
08/04/2005,VQQ,FL,ASO,ES,Federal Contract Tower,0,0,9,9,18,0,1,32,46,79,0,1,41,55,97,14,144,158,255
08/05/2005,VQQ,FL,ASO,ES,Federal Contract Tower,0,3,2,0,5,0,4,34,11,49,0,7,36,11,54,12,36,48,102
08/06/2005,VQQ,FL,ASO,ES,Federal Contract Tower,1,0,4,0,5,0,0,30,5,35,1,0,34,5,40,42,0,42,82
08/07/2005,VQQ,FL,ASO,ES,Federal Contract Tower,4,0,10,2,16,0,0,27,8,35,4,0,37,10,51,82,0,82,133
08/08/2005,VQQ,FL,ASO,ES,Federal Contract Tower,2,0,8,1,11,0,0,12,5,17,2,0,20,6,28,46,43,89,117
08/09/2005,VQQ,FL,ASO,ES,Federal Contract Tower,0,3,26,2,31,0,3,28,27,58,0,6,54,29,89,68,17,85,174
08/10/2005,VQQ,FL,ASO,ES,Federal Contract Tower,2,0,9,6,17,0,3,34,20,57,2,3,43,26,74,50,72,122,196
08/11/2005,VQQ,FL,ASO,ES,Federal Contract Tower,0,0,30,3,33,0,0,19,15,34,0,0,49,18,67,51,68,119,186
08/12/2005,VQQ,FL,ASO,ES,Federal Contract Tower,6,0,2,5,13,0,4,52,14,70,6,4,54,19,83,80,30,110,193
08/13/2005,VQQ,FL,ASO,ES,Federal Contract Tower,0,0,1,0,1,0,4,48,2,54,0,4,49,2,55,55,0,55,110
08/14/2005,VQQ,FL,ASO,ES,Federal Contract Tower,0,0,15,2,17,0,1,52,3,56,0,1,67,5,73,48,0,48,121
08/15/2005,VQQ,FL,ASO,ES,Federal Contract Tower,1,0,8,1,10,0,0,41,5,46,1,0,49,6,56,80,74,154,210
08/16/2005,VQQ,FL,ASO,ES,Federal Contract Tower,0,0,8,5,13,0,2,37,24,63,0,2,45,29,76,60,126,186,262
08/17/2005,VQQ,FL,ASO,ES,Federal Contract Tower,0,0,7,3,10,0,1,29,9,39,0,1,36,12,49,46,102,148,197
08/18/2005,VQQ,FL,ASO,ES,Federal Contract Tower,0,0,4,6,10,0,0,35,12,47,0,0,39,18,57,42,97,139,196
08/19/2005,VQQ,FL,ASO,ES,Federal Contract Tower,0,6,2,14,22,0,2,29,12,43,0,8,31,26,65,68,63,131,196
08/20/2005,VQQ,FL,ASO,ES,Federal Contract Tower,0,0,14,1,15,0,1,29,1,31,0,1,43,2,46,52,16,68,114
08/21/2005,VQQ,FL,ASO,ES,Federal Contract Tower,1,1,1,2,5,0,1,21,8,30,1,2,22,10,35,30,20,50,85
08/22/2005,VQQ,FL,ASO,ES,Federal Contract Tower,1,0,12,4,17,0,3,28,15,46,1,3,40,19,63,44,214,258,321
08/23/2005,VQQ,FL,ASO,ES,Federal Contract Tower,0,0,7,11,18,0,0,27,34,61,0,0,34,45,79,42,234,276,355
08/24/2005,VQQ,FL,ASO,ES,Federal Contract Tower,0,0,8,2,10,0,0,34,43,77,0,0,42,45,87,70,233,303,390
08/25/2005,VQQ,FL,ASO,ES,Federal Contract Tower,0,1,16,7,24,0,1,20,39,60,0,2,36,46,84,12,198,210,294
08/26/2005,VQQ,FL,ASO,ES,Federal Contract Tower,0,0,4,7,11,0,0,18,18,36,0,0,22,25,47,4,72,76,123
08/27/2005,VQQ,FL,ASO,ES,Federal Contract Tower,1,0,8,3,12,0,0,24,16,40,1,0,32,19,52,88,10,98,150
08/28/2005,VQQ,FL,ASO,ES,Federal Contract Tower,0,0,2,7,9,0,2,20,7,29,0,2,22,14,38,50,0,50,88
08/29/2005,VQQ,FL,ASO,ES,Federal Contract Tower,4,0,12,10,26,4,3,40,23,70,8,3,52,33,96,28,79,107,203
08/30/2005,VQQ,FL,ASO,ES,Federal Contract Tower,1,0,6,6,13,0,0,13,24,37,1,0,19,30,50,20,58,78,128
08/31/2005,VQQ,FL,ASO,ES,Federal Contract Tower,2,0,12,2,16,0,0,10,19,29,2,0,22,21,45,6,109,115,160
09/01/2005,VQQ,FL,ASO,ES,Federal Contract Tower,3,0,15,8,26,0,0,15,18,33,3,0,30,26,59,18,156,174,233
09/02/2005,VQQ,FL,ASO,ES,Federal Contract Tower,2,0,13,10,25,0,0,35,17,52,2,0,48,27,77,60,29,89,166
09/03/2005,VQQ,FL,ASO,ES,Federal Contract Tower,1,0,6,0,7,1,0,48,3,52,2,0,54,3,59,84,0,84,143
09/04/2005,VQQ,FL,ASO,ES,Federal Contract Tower,0,0,4,0,4,0,6,19,3,28,0,6,23,3,32,48,0,48,80
09/05/2005,VQQ,FL,ASO,ES,Federal Contract Tower,0,2,5,0,7,0,1,23,2,26,0,3,28,2,33,62,0,62,95
09/06/2005,VQQ,FL,ASO,ES,Federal Contract Tower,1,0,3,7,11,0,0,13,8,21,1,0,16,15,32,2,46,48,80
09/07/2005,VQQ,FL,ASO,ES,Federal Contract Tower,0,0,3,13,16,0,0,10,3,13,0,0,13,16,29,0,8,8,37
09/08/2005,VQQ,FL,ASO,ES,Federal Contract Tower,0,0,13,0,13,0,5,8,10,23,0,5,21,10,36,0,18,18,54
09/09/2005,VQQ,FL,ASO,ES,Federal Contract Tower,0,0,13,2,15,0,0,17,8,25,0,0,30,10,40,8,80,88,128
09/10/2005,VQQ,FL,ASO,ES,Federal Contract Tower,2,0,5,3,10,0,1,30,4,35,2,1,35,7,45,80,2,82,127
09/11/2005,VQQ,FL,ASO,ES,Federal Contract Tower,0,0,1,0,1,0,3,48,4,55,0,3,49,4,56,34,0,34,90
09/12/2005,VQQ,FL,ASO,ES,Federal Contract Tower,0,3,14,1,18,0,1,27,20,48,0,4,41,21,66,106,77,183,249
09/13/2005,VQQ,FL,ASO,ES,Federal Contract Tower,1,0,14,8,23,0,1,45,19,65,1,1,59,27,88,73,88,161,249
09/14/2005,VQQ,FL,ASO,ES,Federal Contract Tower,1,0,11,6,18,0,2,29,11,42,1,2,40,17,60,66,142,208,268
09/15/2005,VQQ,FL,ASO,ES,Federal Contract Tower,1,0,10,3,14,0,8,34,26,68,1,8,44,29,82,65,156,221,303
09/16/2005,VQQ,FL,ASO,ES,Federal Contract Tower,1,1,11,8,21,0,8,42,20,70,1,9,53,28,91,146,36,182,273
09/17/2005,VQQ,FL,ASO,ES,Federal Contract Tower,1,0,3,0,4,0,0,23,0,23,1,0,26,0,27,54,0,54,81
09/18/2005,VQQ,FL,ASO,ES,Federal Contract Tower,0,0,13,0,13,0,3,16,0,19,0,3,29,0,32,20,0,20,52
09/19/2005,VQQ,FL,ASO,ES,Federal Contract Tower,0,0,17,4,21,0,1,38,22,61,0,1,55,26,82,24,250,274,356
09/20/2005,VQQ,FL,ASO,ES,Federal Contract Tower,0,0,12,5,17,0,1,27,28,56,0,1,39,33,73,24,92,116,189
09/21/2005,VQQ,FL,ASO,ES,Federal Contract Tower,1,3,7,4,15,0,1,17,18,36,1,4,24,22,51,8,18,26,77
09/22/2005,VQQ,FL,ASO,ES,Federal Contract Tower,0,0,12,21,33,1,0,19,20,40,1,0,31,41,73,4,94,98,171
09/23/2005,VQQ,FL,ASO,ES,Federal Contract Tower,0,0,4,17,21,0,0,14,35,49,0,0,18,52,70,24,34,58,128
09/24/2005,VQQ,FL,ASO,ES,Federal Contract Tower,0,0,5,10,15,0,3,47,124,174,0,3,52,134,189,44,16,60,249
09/25/2005,VQQ,FL,ASO,ES,Federal Contract Tower,0,0,9,19,28,0,0,39,44,83,0,0,48,63,111,32,0,32,143
09/26/2005,VQQ,FL,ASO,ES,Federal Contract Tower,0,0,6,27,33,0,0,29,75,104,0,0,35,102,137,98,136,234,371
09/27/2005,VQQ,FL,ASO,ES,Federal Contract Tower,0,2,13,34,49,0,0,39,48,87,0,2,52,82,136,64,36,100,236
09/28/2005,VQQ,FL,ASO,ES,Federal Contract Tower,0,0,14,6,20,0,1,37,14,52,0,1,51,20,72,56,152,208,280
09/29/2005,VQQ,FL,ASO,ES,Federal Contract Tower,3,0,3,4,10,0,0,53,38,91,3,0,56,42,101,92,94,186,287
09/30/2005,VQQ,FL,ASO,ES,Federal Contract Tower,3,0,3,3,9,0,1,44,35,80,3,1,47,38,89,30,80,110,199
10/01/2005,VQQ,FL,ASO,ES,Federal Contract Tower,0,0,5,1,6,0,1,35,1,37,0,1,40,2,43,32,0,32,75
10/02/2005,VQQ,FL,ASO,ES,Federal Contract Tower,3,0,11,0,14,0,4,32,1,37,3,4,43,1,51,16,0,16,67
10/03/2005,VQQ,FL,ASO,ES,Federal Contract Tower,1,0,7,0,8,0,2,15,11,28,1,2,22,11,36,40,36,76,112
10/04/2005,VQQ,FL,ASO,ES,Federal Contract Tower,0,0,5,0,5,0,0,10,8,18,0,0,15,8,23,0,8,8,31
10/05/2005,VQQ,FL,ASO,ES,Federal Contract Tower,3,0,2,0,5,0,3,0,0,3,3,3,2,0,8,0,0,0,8
10/06/2005,VQQ,FL,ASO,ES,Federal Contract Tower,2,0,5,5,12,0,1,6,20,27,2,1,11,25,39,2,54,56,95
10/07/2005,VQQ,FL,ASO,ES,Federal Contract Tower,4,0,12,8,24,1,1,10,12,24,5,1,22,20,48,14,30,44,92
10/08/2005,VQQ,FL,ASO,ES,Federal Contract Tower,4,0,1,0,5,0,3,22,1,26,4,3,23,1,31,6,0,6,37
10/09/2005,VQQ,FL,ASO,ES,Federal Contract Tower,0,0,3,0,3,1,0,6,1,8,1,0,9,1,11,2,0,2,13
10/10/2005,VQQ,FL,ASO,ES,Federal Contract Tower,0,0,8,0,8,0,0,28,2,30,0,0,36,2,38,26,0,26,64
10/11/2005,VQQ,FL,ASO,ES,Federal Contract Tower,5,0,13,5,23,0,0,19,51,70,5,0,32,56,93,28,148,176,269
10/12/2005,VQQ,FL,ASO,ES,Federal Contract Tower,3,0,10,7,20,0,2,12,31,45,3,2,22,38,65,18,116,134,199
10/13/2005,VQQ,FL,ASO,ES,Federal Contract Tower,0,0,15,2,17,0,1,7,46,54,0,1,22,48,71,14,134,148,219
10/14/2005,VQQ,FL,ASO,ES,Federal Contract Tower,0,0,16,38,54,0,0,53,34,87,0,0,69,72,141,126,76,202,343
10/15/2005,VQQ,FL,ASO,ES,Federal Contract Tower,1,0,5,6,12,0,2,58,14,74,1,2,63,20,86,60,38,98,184
10/16/2005,VQQ,FL,ASO,ES,Federal Contract Tower,0,0,3,2,5,0,1,71,6,78,0,1,74,8,83,82,20,102,185
10/17/2005,VQQ,FL,ASO,ES,Federal Contract Tower,2,0,13,11,26,0,3,78,35,116,2,3,91,46,142,122,171,293,435
10/18/2005,VQQ,FL,ASO,ES,Federal Contract Tower,0,0,2,13,15,0,2,52,38,92,0,2,54,51,107,143,253,396,503
10/19/2005,VQQ,FL,ASO,ES,Federal Contract Tower,0,0,24,1,25,0,0,49,31,80,0,0,73,32,105,45,142,187,292
10/20/2005,VQQ,FL,ASO,ES,Federal Contract Tower,1,0,7,4,12,0,7,39,66,112,1,7,46,70,124,86,186,272,396
10/21/2005,VQQ,FL,ASO,ES,Federal Contract Tower,0,0,11,3,14,0,0,33,17,50,0,0,44,20,64,86,72,158,222
10/22/2005,VQQ,FL,ASO,ES,Federal Contract Tower,1,0,27,1,29,1,3,65,3,72,2,3,92,4,101,78,2,80,181
10/23/2005,VQQ,FL,ASO,ES,Federal Contract Tower,1,0,5,8,14,1,2,11,8,22,2,2,16,16,36,8,0,8,44
10/24/2005,VQQ,FL,ASO,ES,Federal Contract Tower,0,1,8,16,25,0,0,9,83,92,0,1,17,99,117,8,113,121,238
10/25/2005,VQQ,FL,ASO,ES,Federal Contract Tower,1,0,15,12,28,0,1,66,129,196,1,1,81,141,224,76,136,212,436
10/26/2005,VQQ,FL,ASO,ES,Federal Contract Tower,2,0,13,20,35,0,2,58,88,148,2,2,71,108,183,90,48,138,321
10/27/2005,VQQ,FL,ASO,ES,Federal Contract Tower,2,0,13,18,33,0,7,55,65,127,2,7,68,83,160,64,142,206,366
10/28/2005,VQQ,FL,ASO,ES,Federal Contract Tower,0,0,3,38,41,0,6,67,57,130,0,6,70,95,171,170,10,180,351
10/29/2005,VQQ,FL,ASO,ES,Federal Contract Tower,2,0,12,5,19,0,0,48,8,56,2,0,60,13,75,48,5,53,128
10/30/2005,VQQ,FL,ASO,ES,Federal Contract Tower,0,0,8,10,18,0,2,58,23,83,0,2,66,33,101,80,0,80,181
10/31/2005,VQQ,FL,ASO,ES,Federal Contract Tower,1,1,8,25,35,0,0,42,54,96,1,1,50,79,131,27,169,196,327
11/01/2005,VQQ,FL,ASO,ES,Federal Contract Tower,0,0,12,14,26,0,4,38,53,95,0,4,50,67,121,19,92,111,232
11/02/2005,VQQ,FL,ASO,ES,Federal Contract Tower,1,0,7,30,38,0,0,30,48,78,1,0,37,78,116,34,163,197,313
11/03/2005,VQQ,FL,ASO,ES,Federal Contract Tower,0,0,1,27,28,0,2,53,51,106,0,2,54,78,134,84,146,230,364
11/04/2005,VQQ,FL,ASO,ES,Federal Contract Tower,1,0,3,19,23,0,4,44,31,79,1,4,47,50,102,28,60,88,190
11/05/2005,VQQ,FL,ASO,ES,Federal Contract Tower,1,1,23,9,34,0,3,79,21,103,1,4,102,30,137,192,0,192,329
11/06/2005,VQQ,FL,ASO,ES,Federal Contract Tower,0,0,5,19,24,0,1,59,30,90,0,1,64,49,114,84,24,108,222
11/07/2005,VQQ,FL,ASO,ES,Federal Contract Tower,10,1,10,26,47,0,2,75,75,152,10,3,85,101,199,169,128,297,496
11/08/2005,VQQ,FL,ASO,ES,Federal Contract Tower,2,0,9,20,31,0,1,91,50,142,2,1,100,70,173,451,68,519,692
11/09/2005,VQQ,FL,ASO,ES,Federal Contract Tower,10,1,8,21,40,0,1,69,51,121,10,2,77,72,161,671,69,740,901
11/10/2005,VQQ,FL,ASO,ES,Federal Contract Tower,0,0,9,16,25,0,0,102,52,154,0,0,111,68,179,228,62,290,469
11/11/2005,VQQ,FL,ASO,ES,Federal Contract Tower,3,0,7,0,10,0,3,87,6,96,3,3,94,6,106,44,0,44,150
11/12/2005,VQQ,FL,ASO,ES,Federal Contract Tower,2,0,7,20,29,0,0,72,51,123,2,0,79,71,152,110,14,124,276
11/13/2005,VQQ,FL,ASO,ES,Federal Contract Tower,0,0,10,15,25,0,0,75,38,113,0,0,85,53,138,68,14,82,220
11/14/2005,VQQ,FL,ASO,ES,Federal Contract Tower,1,0,5,25,31,0,0,39,64,103,1,0,44,89,134,28,135,163,297
11/15/2005,VQQ,FL,ASO,ES,Federal Contract Tower,1,0,6,24,31,0,0,49,49,98,1,0,55,73,129,48,93,141,270
11/16/2005,VQQ,FL,ASO,ES,Federal Contract Tower,2,1,6,24,33,0,5,44,60,109,2,6,50,84,142,41,103,144,286
11/17/2005,VQQ,FL,ASO,ES,Federal Contract Tower,3,0,6,26,35,0,2,46,49,97,3,2,52,75,132,71,168,239,371
11/18/2005,VQQ,FL,ASO,ES,Federal Contract Tower,5,0,8,13,26,0,0,41,20,61,5,0,49,33,87,82,30,112,199
11/19/2005,VQQ,FL,ASO,ES,Federal Contract Tower,5,0,21,9,35,0,4,47,5,56,5,4,68,14,91,54,6,60,151
11/20/2005,VQQ,FL,ASO,ES,Federal Contract Tower,3,0,6,1,10,0,0,7,4,11,3,0,13,5,21,0,0,0,21
11/21/2005,VQQ,FL,ASO,ES,Federal Contract Tower,2,2,4,2,10,0,0,18,31,49,2,2,22,33,59,46,98,144,203
11/22/2005,VQQ,FL,ASO,ES,Federal Contract Tower,0,0,7,5,12,0,2,45,16,63,0,2,52,21,75,72,86,158,233
11/23/2005,VQQ,FL,ASO,ES,Federal Contract Tower,2,2,5,4,13,0,2,45,28,75,2,4,50,32,88,17,4,21,109
11/24/2005,VQQ,FL,ASO,ES,Federal Contract Tower,0,0,1,0,1,0,2,26,0,28,0,2,27,0,29,22,0,22,51
11/25/2005,VQQ,FL,ASO,ES,Federal Contract Tower,1,0,2,1,4,0,4,35,0,39,1,4,37,1,43,26,0,26,69
11/26/2005,VQQ,FL,ASO,ES,Federal Contract Tower,1,2,12,0,15,1,0,33,0,34,2,2,45,0,49,36,0,36,85
11/27/2005,VQQ,FL,ASO,ES,Federal Contract Tower,0,0,5,0,5,0,0,62,0,62,0,0,67,0,67,58,0,58,125
11/28/2005,VQQ,FL,ASO,ES,Federal Contract Tower,0,0,3,2,5,0,0,11,17,28,0,0,14,19,33,26,64,90,123
11/29/2005,VQQ,FL,ASO,ES,Federal Contract Tower,0,0,5,10,15,0,4,25,21,50,0,4,30,31,65,4,86,90,155
11/30/2005,VQQ,FL,ASO,ES,Federal Contract Tower,0,0,9,12,21,0,3,53,45,101,0,3,62,57,122,100,190,290,412
12/01/2005,VQQ,FL,ASO,ES,Federal Contract Tower,0,0,19,5,24,0,0,51,45,96,0,0,70,50,120,94,56,150,270
12/02/2005,VQQ,FL,ASO,ES,Federal Contract Tower,0,0,10,4,14,1,1,33,21,56,1,1,43,25,70,43,62,105,175
12/03/2005,VQQ,FL,ASO,ES,Federal Contract Tower,0,5,15,0,20,0,1,76,10,87,0,6,91,10,107,70,6,76,183
12/04/2005,VQQ,FL,ASO,ES,Federal Contract Tower,0,0,5,7,12,0,1,73,10,84,0,1,78,17,96,90,0,90,186
12/05/2005,VQQ,FL,ASO,ES,Federal Contract Tower,4,0,2,13,19,0,1,25,14,40,4,1,27,27,59,44,148,192,251
12/06/2005,VQQ,FL,ASO,ES,Federal Contract Tower,0,2,13,10,25,0,0,57,27,84,0,2,70,37,109,63,110,173,282
12/07/2005,VQQ,FL,ASO,ES,Federal Contract Tower,2,3,13,10,28,0,5,23,39,67,2,8,36,49,95,24,182,206,301
12/08/2005,VQQ,FL,ASO,ES,Federal Contract Tower,0,0,14,2,16,0,0,4,6,10,0,0,18,8,26,18,0,18,44
12/09/2005,VQQ,FL,ASO,ES,Federal Contract Tower,6,0,11,42,59,0,2,29,28,59,6,2,40,70,118,62,92,154,272
12/10/2005,VQQ,FL,ASO,ES,Federal Contract Tower,2,0,17,18,37,0,0,58,79,137,2,0,75,97,174,132,106,238,412
12/11/2005,VQQ,FL,ASO,ES,Federal Contract Tower,4,5,11,12,32,0,0,34,57,91,4,5,45,69,123,72,0,72,195
12/12/2005,VQQ,FL,ASO,ES,Federal Contract Tower,2,3,12,29,46,0,5,31,66,102,2,8,43,95,148,84,206,290,438
12/13/2005,VQQ,FL,ASO,ES,Federal Contract Tower,1,0,5,25,31,0,0,51,57,108,1,0,56,82,139,66,163,229,368
12/14/2005,VQQ,FL,ASO,ES,Federal Contract Tower,3,0,10,15,28,1,1,40,18,60,4,1,50,33,88,56,168,224,312
12/15/2005,VQQ,FL,ASO,ES,Federal Contract Tower,0,0,6,6,12,1,0,22,11,34,1,0,28,17,46,4,70,74,120
12/16/2005,VQQ,FL,ASO,ES,Federal Contract Tower,3,1,10,8,22,0,1,51,20,72,3,2,61,28,94,104,8,112,206
12/17/2005,VQQ,FL,ASO,ES,Federal Contract Tower,3,3,7,1,14,0,0,18,3,21,3,3,25,4,35,0,0,0,35
12/18/2005,VQQ,FL,ASO,ES,Federal Contract Tower,2,0,10,6,18,0,0,9,2,11,2,0,19,8,29,4,10,14,43
12/19/2005,VQQ,FL,ASO,ES,Federal Contract Tower,2,0,9,6,17,1,0,12,12,25,3,0,21,18,42,10,60,70,112
12/20/2005,VQQ,FL,ASO,ES,Federal Contract Tower,1,0,8,8,17,0,0,53,21,74,1,0,61,29,91,96,28,124,215
12/21/2005,VQQ,FL,ASO,ES,Federal Contract Tower,2,3,2,6,13,0,7,38,26,71,2,10,40,32,84,44,118,162,246
12/22/2005,VQQ,FL,ASO,ES,Federal Contract Tower,0,0,5,6,11,0,3,33,24,60,0,3,38,30,71,78,106,184,255
12/23/2005,VQQ,FL,ASO,ES,Federal Contract Tower,1,0,5,0,6,0,1,34,8,43,1,1,39,8,49,42,18,60,109
12/24/2005,VQQ,FL,ASO,ES,Federal Contract Tower,0,0,1,0,1,0,1,20,0,21,0,1,21,0,22,8,0,8,30
12/25/2005,VQQ,FL,ASO,ES,Federal Contract Tower,0,0,0,0,0,0,2,7,0,9,0,2,7,0,9,0,0,0,9
12/26/2005,VQQ,FL,ASO,ES,Federal Contract Tower,0,0,10,0,10,0,0,23,0,23,0,0,33,0,33,4,0,4,37
12/27/2005,VQQ,FL,ASO,ES,Federal Contract Tower,0,0,2,0,2,0,0,37,10,47,0,0,39,10,49,20,76,96,145
12/28/2005,VQQ,FL,ASO,ES,Federal Contract Tower,6,0,5,3,14,5,0,18,4,27,11,0,23,7,41,38,52,90,131
12/29/2005,VQQ,FL,ASO,ES,Federal Contract Tower,0,0,1,2,3,0,1,15,15,31,0,1,16,17,34,0,54,54,88
12/30/2005,VQQ,FL,ASO,ES,Federal Contract Tower,1,0,3,0,4,0,2,35,7,44,1,2,38,7,48,2,22,24,72
12/31/2005,VQQ,FL,ASO,ES,Federal Contract Tower,0,0,4,0,4,0,1,20,0,21,0,1,24,0,25,12,0,12,37
01/01/2006,VQQ,FL,ASO,ES,Federal Contract Tower,0,0,2,0,2,0,3,6,0,9,0,3,8,0,11,0,0,0,11
01/02/2006,VQQ,FL,ASO,ES,Federal Contract Tower,0,1,1,0,2,0,0,17,0,17,0,1,18,0,19,6,0,6,25
01/03/2006,VQQ,FL,ASO,ES,Federal Contract Tower,2,0,7,0,9,0,0,27,10,37,2,0,34,10,46,24,80,104,150
01/04/2006,VQQ,FL,ASO,ES,Federal Contract Tower,14,2,14,10,40,11,2,51,31,95,25,4,65,41,135,84,160,244,379
01/05/2006,VQQ,FL,ASO,ES,Federal Contract Tower,7,0,12,13,32,0,1,37,32,70,7,1,49,45,102,36,94,130,232
01/06/2006,VQQ,FL,ASO,ES,Federal Contract Tower,1,0,11,3,15,0,1,33,17,51,1,1,44,20,66,14,50,64,130
01/07/2006,VQQ,FL,ASO,ES,Federal Contract Tower,1,0,1,0,2,0,5,36,3,44,1,5,37,3,46,18,44,62,108
01/08/2006,VQQ,FL,ASO,ES,Federal Contract Tower,0,0,11,2,13,0,0,47,2,49,0,0,58,4,62,68,0,68,130
01/09/2006,VQQ,FL,ASO,ES,Federal Contract Tower,1,0,19,8,28,0,1,34,53,88,1,1,53,61,116,90,90,180,296
01/10/2006,VQQ,FL,ASO,ES,Federal Contract Tower,0,0,4,3,7,0,1,36,45,82,0,1,40,48,89,72,160,232,321
01/11/2006,VQQ,FL,ASO,ES,Federal Contract Tower,0,0,8,14,22,0,1,40,27,68,0,1,48,41,90,32,102,134,224
01/12/2006,VQQ,FL,ASO,ES,Federal Contract Tower,1,0,15,1,17,0,0,68,26,94,1,0,83,27,111,54,132,186,297
01/13/2006,VQQ,FL,ASO,ES,Federal Contract Tower,3,0,3,3,9,0,0,14,19,33,3,0,17,22,42,31,104,135,177
01/14/2006,VQQ,FL,ASO,ES,Federal Contract Tower,2,0,1,2,5,0,0,5,8,13,2,0,6,10,18,0,0,0,18
01/15/2006,VQQ,FL,ASO,ES,Federal Contract Tower,2,0,4,4,10,0,4,79,8,91,2,4,83,12,101,112,0,112,213
01/16/2006,VQQ,FL,ASO,ES,Federal Contract Tower,0,5,9,3,17,0,1,90,3,94,0,6,99,6,111,138,22,160,271
01/17/2006,VQQ,FL,ASO,ES,Federal Contract Tower,1,3,11,8,23,0,1,30,44,75,1,4,41,52,98,55,279,334,432
01/18/2006,VQQ,FL,ASO,ES,Federal Contract Tower,1,0,14,7,22,0,3,37,53,93,1,3,51,60,115,71,70,141,256
01/19/2006,VQQ,FL,ASO,ES,Federal Contract Tower,0,0,8,7,15,0,0,40,46,86,0,0,48,53,101,119,224,343,444
01/20/2006,VQQ,FL,ASO,ES,Federal Contract Tower,2,2,14,2,20,0,1,75,21,97,2,3,89,23,117,45,111,156,273
01/21/2006,VQQ,FL,ASO,ES,Federal Contract Tower,1,3,12,5,21,0,2,58,0,60,1,5,70,5,81,62,6,68,149
01/22/2006,VQQ,FL,ASO,ES,Federal Contract Tower,0,3,12,2,17,0,1,27,39,67,0,4,39,41,84,22,24,46,130
01/23/2006,VQQ,FL,ASO,ES,Federal Contract Tower,1,1,12,14,28,0,1,28,91,120,1,2,40,105,148,48,48,96,244
01/24/2006,VQQ,FL,ASO,ES,Federal Contract Tower,1,0,6,9,16,0,1,19,48,68,1,1,25,57,84,32,236,268,352
01/25/2006,VQQ,FL,ASO,ES,Federal Contract Tower,2,0,9,9,20,0,4,65,23,92,2,4,74,32,112,78,70,148,260
01/26/2006,VQQ,FL,ASO,ES,Federal Contract Tower,0,7,20,12,39,0,1,52,50,103,0,8,72,62,142,84,132,216,358
01/27/2006,VQQ,FL,ASO,ES,Federal Contract Tower,1,0,13,12,26,0,0,54,25,79,1,0,67,37,105,82,28,110,215
01/28/2006,VQQ,FL,ASO,ES,Federal Contract Tower,1,0,15,2,18,0,0,50,5,55,1,0,65,7,73,79,36,115,188
01/29/2006,VQQ,FL,ASO,ES,Federal Contract Tower,0,0,8,3,11,0,0,20,19,39,0,0,28,22,50,22,71,93,143
01/30/2006,VQQ,FL,ASO,ES,Federal Contract Tower,1,0,18,2,21,0,0,13,23,36,1,0,31,25,57,30,161,191,248
01/31/2006,VQQ,FL,ASO,ES,Federal Contract Tower,6,0,10,9,25,0,0,44,60,104,6,0,54,69,129,101,324,425,554
02/01/2006,VQQ,FL,ASO,ES,Federal Contract Tower,2,2,3,10,17,0,1,74,21,96,2,3,77,31,113,106,78,184,297
02/02/2006,VQQ,FL,ASO,ES,Federal Contract Tower,3,0,25,9,37,0,0,20,26,46,3,0,45,35,83,8,62,70,153
02/03/2006,VQQ,FL,ASO,ES,Federal Contract Tower,4,0,9,5,18,0,0,17,6,23,4,0,26,11,41,0,0,0,41
02/04/2006,VQQ,FL,ASO,ES,Federal Contract Tower,1,0,9,2,12,0,1,25,4,30,1,1,34,6,42,8,0,8,50
02/05/2006,VQQ,FL,ASO,ES,Federal Contract Tower,1,0,11,0,12,0,3,35,1,39,1,3,46,1,51,34,0,34,85
02/06/2006,VQQ,FL,ASO,ES,Federal Contract Tower,2,0,9,7,18,0,4,49,23,76,2,4,58,30,94,97,119,216,310
02/07/2006,VQQ,FL,ASO,ES,Federal Contract Tower,1,0,6,16,23,0,0,10,27,37,1,0,16,43,60,2,54,56,116
02/08/2006,VQQ,FL,ASO,ES,Federal Contract Tower,1,0,10,8,19,0,3,49,40,92,1,3,59,48,111,48,180,228,339
02/09/2006,VQQ,FL,ASO,ES,Federal Contract Tower,0,0,1,11,12,0,0,47,50,97,0,0,48,61,109,38,202,240,349
02/10/2006,VQQ,FL,ASO,ES,Federal Contract Tower,1,0,12,13,26,1,0,64,22,87,2,0,76,35,113,75,42,117,230
02/11/2006,VQQ,FL,ASO,ES,Federal Contract Tower,2,0,10,2,14,0,0,9,14,23,2,0,19,16,37,24,20,44,81
02/12/2006,VQQ,FL,ASO,ES,Federal Contract Tower,0,0,5,10,15,0,0,26,23,49,0,0,31,33,64,30,52,82,146
02/13/2006,VQQ,FL,ASO,ES,Federal Contract Tower,2,0,1,15,18,0,6,43,37,86,2,6,44,52,104,26,124,150,254
02/14/2006,VQQ,FL,ASO,ES,Federal Contract Tower,5,0,3,1,9,1,4,30,22,57,6,4,33,23,66,62,162,224,290
02/15/2006,VQQ,FL,ASO,ES,Federal Contract Tower,1,1,9,5,16,0,3,63,30,96,1,4,72,35,112,79,35,114,226
02/16/2006,VQQ,FL,ASO,ES,Federal Contract Tower,1,0,19,4,24,0,1,74,24,99,1,1,93,28,123,39,141,180,303
02/17/2006,VQQ,FL,ASO,ES,Federal Contract Tower,1,0,11,4,16,0,0,45,35,80,1,0,56,39,96,10,46,56,152
02/18/2006,VQQ,FL,ASO,ES,Federal Contract Tower,0,0,15,0,15,0,0,57,0,57,0,0,72,0,72,30,0,30,102
02/19/2006,VQQ,FL,ASO,ES,Federal Contract Tower,0,0,14,0,14,0,3,20,0,23,0,3,34,0,37,0,0,0,37
02/20/2006,VQQ,FL,ASO,ES,Federal Contract Tower,1,0,13,0,14,0,0,28,0,28,1,0,41,0,42,4,0,4,46
02/21/2006,VQQ,FL,ASO,ES,Federal Contract Tower,0,0,11,1,12,0,1,27,53,81,0,1,38,54,93,46,132,178,271
02/22/2006,VQQ,FL,ASO,ES,Federal Contract Tower,0,0,19,5,24,0,0,40,33,73,0,0,59,38,97,14,121,135,232
02/23/2006,VQQ,FL,ASO,ES,Federal Contract Tower,2,0,9,9,20,0,0,8,2,10,2,0,17,11,30,2,10,12,42
02/24/2006,VQQ,FL,ASO,ES,Federal Contract Tower,0,3,22,4,29,2,0,0,0,2,2,3,22,4,31,36,0,36,67
02/25/2006,VQQ,FL,ASO,ES,Federal Contract Tower,5,0,17,0,22,0,0,30,3,33,5,0,47,3,55,16,0,16,71
02/26/2006,VQQ,FL,ASO,ES,Federal Contract Tower,3,1,8,5,17,0,2,18,4,24,3,3,26,9,41,32,60,92,133
02/27/2006,VQQ,FL,ASO,ES,Federal Contract Tower,4,0,5,7,16,0,3,72,26,101,4,3,77,33,117,64,98,162,279
02/28/2006,VQQ,FL,ASO,ES,Federal Contract Tower,3,1,13,10,27,0,2,65,47,114,3,3,78,57,141,113,190,303,444
03/01/2006,VQQ,FL,ASO,ES,Federal Contract Tower,0,1,16,7,24,0,3,64,37,104,0,4,80,44,128,40,165,205,333
03/02/2006,VQQ,FL,ASO,ES,Federal Contract Tower,2,0,12,0,14,0,0,58,44,102,2,0,70,44,116,24,228,252,368
03/03/2006,VQQ,FL,ASO,ES,Federal Contract Tower,3,0,13,14,30,0,0,64,33,97,3,0,77,47,127,86,102,188,315
03/04/2006,VQQ,FL,ASO,ES,Federal Contract Tower,2,0,13,5,20,0,1,55,9,65,2,1,68,14,85,20,24,44,129
03/05/2006,VQQ,FL,ASO,ES,Federal Contract Tower,1,0,12,6,19,0,0,42,34,76,1,0,54,40,95,32,4,36,131
03/06/2006,VQQ,FL,ASO,ES,Federal Contract Tower,3,0,2,15,20,0,0,52,64,116,3,0,54,79,136,60,107,167,303
03/07/2006,VQQ,FL,ASO,ES,Federal Contract Tower,3,0,10,24,37,0,0,36,76,112,3,0,46,100,149,50,156,206,355
03/08/2006,VQQ,FL,ASO,ES,Federal Contract Tower,2,0,9,19,30,0,1,64,78,143,2,1,73,97,173,40,264,304,477
03/09/2006,VQQ,FL,ASO,ES,Federal Contract Tower,2,0,17,13,32,0,6,51,80,137,2,6,68,93,169,47,122,169,338
03/10/2006,VQQ,FL,ASO,ES,Federal Contract Tower,2,0,5,22,29,0,0,34,27,61,2,0,39,49,90,18,23,41,131
03/11/2006,VQQ,FL,ASO,ES,Federal Contract Tower,1,0,3,16,20,0,10,69,21,100,1,10,72,37,120,40,2,42,162
03/12/2006,VQQ,FL,ASO,ES,Federal Contract Tower,0,1,9,15,25,0,1,50,11,62,0,2,59,26,87,16,18,34,121
03/13/2006,VQQ,FL,ASO,ES,Federal Contract Tower,2,0,6,9,17,0,0,44,10,54,2,0,50,19,71,22,70,92,163
03/14/2006,VQQ,FL,ASO,ES,Federal Contract Tower,1,0,8,5,14,0,0,8,11,19,1,0,16,16,33,2,49,51,84
03/15/2006,VQQ,FL,ASO,ES,Federal Contract Tower,1,2,8,10,21,0,6,60,50,116,1,8,68,60,137,114,305,419,556
03/16/2006,VQQ,FL,ASO,ES,Federal Contract Tower,0,0,5,8,13,0,3,69,37,109,0,3,74,45,122,74,206,280,402
03/17/2006,VQQ,FL,ASO,ES,Federal Contract Tower,2,0,4,0,6,0,2,48,39,89,2,2,52,39,95,28,76,104,199
03/18/2006,VQQ,FL,ASO,ES,Federal Contract Tower,2,0,8,3,13,1,3,43,12,59,3,3,51,15,72,50,44,94,166
03/19/2006,VQQ,FL,ASO,ES,Federal Contract Tower,0,0,5,3,8,0,2,54,11,67,0,2,59,14,75,40,0,40,115
03/20/2006,VQQ,FL,ASO,ES,Federal Contract Tower,3,0,0,13,16,0,0,43,23,66,3,0,43,36,82,33,242,275,357
03/21/2006,VQQ,FL,ASO,ES,Federal Contract Tower,2,0,7,0,9,0,3,17,11,31,2,3,24,11,40,24,97,121,161
03/22/2006,VQQ,FL,ASO,ES,Federal Contract Tower,1,0,6,12,19,0,2,58,22,82,1,2,64,34,101,64,165,229,330
03/23/2006,VQQ,FL,ASO,ES,Federal Contract Tower,0,2,24,11,37,0,1,26,24,51,0,3,50,35,88,22,56,78,166
03/24/2006,VQQ,FL,ASO,ES,Federal Contract Tower,1,0,17,5,23,0,6,63,17,86,1,6,80,22,109,69,69,138,247
03/25/2006,VQQ,FL,ASO,ES,Federal Contract Tower,1,0,10,0,11,0,4,42,2,48,1,4,52,2,59,16,0,16,75
03/26/2006,VQQ,FL,ASO,ES,Federal Contract Tower,0,0,3,3,6,0,1,46,7,54,0,1,49,10,60,44,0,44,104
03/27/2006,VQQ,FL,ASO,ES,Federal Contract Tower,1,1,7,7,16,0,1,81,42,124,1,2,88,49,140,107,178,285,425
03/28/2006,VQQ,FL,ASO,ES,Federal Contract Tower,1,0,23,14,38,1,1,63,54,119,2,1,86,68,157,67,163,230,387
03/29/2006,VQQ,FL,ASO,ES,Federal Contract Tower,0,2,11,10,23,0,6,72,28,106,0,8,83,38,129,126,132,258,387
03/30/2006,VQQ,FL,ASO,ES,Federal Contract Tower,0,0,12,9,21,0,5,58,41,104,0,5,70,50,125,34,4,38,163
03/31/2006,VQQ,FL,ASO,ES,Federal Contract Tower,1,2,16,1,20,1,10,74,11,96,2,12,90,12,116,63,2,65,181
04/01/2006,VQQ,FL,ASO,ES,Federal Contract Tower,1,0,10,0,11,0,0,61,23,84,1,0,71,23,95,108,18,126,221
04/02/2006,VQQ,FL,ASO,ES,Federal Contract Tower,0,0,4,0,4,0,0,42,6,48,0,0,46,6,52,42,0,42,94
04/03/2006,VQQ,FL,ASO,ES,Federal Contract Tower,1,0,7,8,16,0,2,28,12,42,1,2,35,20,58,8,42,50,108
04/04/2006,VQQ,FL,ASO,ES,Federal Contract Tower,2,0,14,7,23,0,5,41,39,85,2,5,55,46,108,80,190,270,378
04/05/2006,VQQ,FL,ASO,ES,Federal Contract Tower,0,0,6,4,10,0,1,79,13,93,0,1,85,17,103,156,126,282,385
04/06/2006,VQQ,FL,ASO,ES,Federal Contract Tower,1,0,10,3,14,0,4,76,22,102,1,4,86,25,116,108,118,226,342
04/07/2006,VQQ,FL,ASO,ES,Federal Contract Tower,1,0,8,3,12,0,1,67,22,90,1,1,75,25,102,41,90,131,233
04/08/2006,VQQ,FL,ASO,ES,Federal Contract Tower,3,0,2,1,6,0,2,36,10,48,3,2,38,11,54,26,4,30,84
04/09/2006,VQQ,FL,ASO,ES,Federal Contract Tower,0,0,5,0,5,0,0,11,7,18,0,0,16,7,23,8,0,8,31
04/10/2006,VQQ,FL,ASO,ES,Federal Contract Tower,1,0,7,2,10,0,0,33,20,53,1,0,40,22,63,36,116,152,215
04/11/2006,VQQ,FL,ASO,ES,Federal Contract Tower,4,0,4,10,18,0,0,49,39,88,4,0,53,49,106,36,124,160,266
04/12/2006,VQQ,FL,ASO,ES,Federal Contract Tower,1,0,13,9,23,0,1,45,41,87,1,1,58,50,110,64,180,244,354
04/13/2006,VQQ,FL,ASO,ES,Federal Contract Tower,0,0,7,8,15,0,0,60,61,121,0,0,67,69,136,101,60,161,297
04/14/2006,VQQ,FL,ASO,ES,Federal Contract Tower,1,0,12,6,19,0,5,64,12,81,1,5,76,18,100,44,32,76,176
04/15/2006,VQQ,FL,ASO,ES,Federal Contract Tower,1,0,7,0,8,0,1,63,1,65,1,1,70,1,73,72,0,72,145
04/16/2006,VQQ,FL,ASO,ES,Federal Contract Tower,0,0,3,0,3,0,0,29,0,29,0,0,32,0,32,0,0,0,32
04/17/2006,VQQ,FL,ASO,ES,Federal Contract Tower,6,0,9,9,24,2,0,48,10,60,8,0,57,19,84,34,32,66,150
04/18/2006,VQQ,FL,ASO,ES,Federal Contract Tower,3,0,13,9,25,2,0,17,28,47,5,0,30,37,72,40,34,74,146
04/19/2006,VQQ,FL,ASO,ES,Federal Contract Tower,0,0,8,14,22,0,2,57,40,99,0,2,65,54,121,51,141,192,313
04/20/2006,VQQ,FL,ASO,ES,Federal Contract Tower,0,0,5,16,21,0,1,53,34,88,0,1,58,50,109,106,80,186,295
04/21/2006,VQQ,FL,ASO,ES,Federal Contract Tower,3,0,13,10,26,0,3,35,43,81,3,3,48,53,107,52,82,134,241
04/22/2006,VQQ,FL,ASO,ES,Federal Contract Tower,0,0,10,0,10,0,3,29,14,46,0,3,39,14,56,26,6,32,88
04/23/2006,VQQ,FL,ASO,ES,Federal Contract Tower,1,2,10,0,13,0,0,0,0,0,1,2,10,0,13,38,36,74,87
04/24/2006,VQQ,FL,ASO,ES,Federal Contract Tower,4,0,1,5,10,2,2,76,25,105,6,2,77,30,115,106,46,152,267
04/25/2006,VQQ,FL,ASO,ES,Federal Contract Tower,4,0,3,13,20,0,0,50,60,110,4,0,53,73,130,124,135,259,389
04/26/2006,VQQ,FL,ASO,ES,Federal Contract Tower,17,0,12,22,51,12,0,38,139,189,29,0,50,161,240,56,162,218,458
04/27/2006,VQQ,FL,ASO,ES,Federal Contract Tower,4,0,11,23,38,0,2,25,80,107,4,2,36,103,145,40,34,74,219
04/28/2006,VQQ,FL,ASO,ES,Federal Contract Tower,4,2,4,16,26,0,2,57,80,139,4,4,61,96,165,34,54,88,253
04/29/2006,VQQ,FL,ASO,ES,Federal Contract Tower,3,2,0,15,20,0,5,45,54,104,3,7,45,69,124,92,10,102,226
04/30/2006,VQQ,FL,ASO,ES,Federal Contract Tower,0,0,4,27,31,0,0,38,42,80,0,0,42,69,111,0,6,6,117
05/01/2006,VQQ,FL,ASO,ES,Federal Contract Tower,0,0,2,20,22,0,0,58,41,99,0,0,60,61,121,24,28,52,173
05/02/2006,VQQ,FL,ASO,ES,Federal Contract Tower,1,1,7,14,23,0,10,60,70,140,1,11,67,84,163,109,117,226,389
05/03/2006,VQQ,FL,ASO,ES,Federal Contract Tower,1,1,10,14,26,0,8,79,39,126,1,9,89,53,152,70,42,112,264
05/04/2006,VQQ,FL,ASO,ES,Federal Contract Tower,0,0,22,9,31,0,8,43,33,84,0,8,65,42,115,70,70,140,255
05/05/2006,VQQ,FL,ASO,ES,Federal Contract Tower,3,0,24,16,43,5,2,51,21,79,8,2,75,37,122,26,32,58,180
05/06/2006,VQQ,FL,ASO,ES,Federal Contract Tower,2,0,11,6,19,0,0,49,17,66,2,0,60,23,85,22,8,30,115
05/07/2006,VQQ,FL,ASO,ES,Federal Contract Tower,1,0,6,9,16,0,3,43,10,56,1,3,49,19,72,42,0,42,114
05/08/2006,VQQ,FL,ASO,ES,Federal Contract Tower,4,0,12,0,16,0,1,36,0,37,4,1,48,0,53,28,2,30,83
05/09/2006,VQQ,FL,ASO,ES,Federal Contract Tower,1,0,15,3,19,0,0,15,30,45,1,0,30,33,64,34,32,66,130
05/10/2006,VQQ,FL,ASO,ES,Federal Contract Tower,1,0,13,2,16,0,0,41,57,98,1,0,54,59,114,58,154,212,326
05/11/2006,VQQ,FL,ASO,ES,Federal Contract Tower,0,0,9,6,15,0,6,33,46,85,0,6,42,52,100,38,86,124,224
05/12/2006,VQQ,FL,ASO,ES,Federal Contract Tower,0,0,15,9,24,0,7,58,28,93,0,7,73,37,117,157,88,245,362
05/13/2006,VQQ,FL,ASO,ES,Federal Contract Tower,0,0,6,0,6,0,0,69,4,73,0,0,75,4,79,86,0,86,165
05/14/2006,VQQ,FL,ASO,ES,Federal Contract Tower,0,1,10,2,13,0,1,57,2,60,0,2,67,4,73,0,0,0,73
05/15/2006,VQQ,FL,ASO,ES,Federal Contract Tower,1,1,8,5,15,0,0,45,30,75,1,1,53,35,90,76,167,243,333
05/16/2006,VQQ,FL,ASO,ES,Federal Contract Tower,0,0,11,9,20,0,0,48,31,79,0,0,59,40,99,105,144,249,348
05/17/2006,VQQ,FL,ASO,ES,Federal Contract Tower,0,0,8,14,22,0,0,51,38,89,0,0,59,52,111,94,240,334,445
05/18/2006,VQQ,FL,ASO,ES,Federal Contract Tower,0,0,15,5,20,0,9,58,26,93,0,9,73,31,113,57,90,147,260
05/19/2006,VQQ,FL,ASO,ES,Federal Contract Tower,1,0,12,8,21,0,3,79,34,116,1,3,91,42,137,104,64,168,305
05/20/2006,VQQ,FL,ASO,ES,Federal Contract Tower,0,0,3,2,5,0,1,63,12,76,0,1,66,14,81,67,4,71,152
05/21/2006,VQQ,FL,ASO,ES,Federal Contract Tower,0,0,2,2,4,0,2,47,12,61,0,2,49,14,65,42,0,42,107
05/22/2006,VQQ,FL,ASO,ES,Federal Contract Tower,0,0,5,2,7,0,0,75,12,87,0,0,80,14,94,156,46,202,296
05/23/2006,VQQ,FL,ASO,ES,Federal Contract Tower,1,0,6,12,19,0,0,51,38,89,1,0,57,50,108,101,66,167,275
05/24/2006,VQQ,FL,ASO,ES,Federal Contract Tower,0,3,7,6,16,0,2,37,23,62,0,5,44,29,78,54,12,66,144
05/25/2006,VQQ,FL,ASO,ES,Federal Contract Tower,1,0,6,2,9,0,3,52,28,83,1,3,58,30,92,68,116,184,276
05/26/2006,VQQ,FL,ASO,ES,Federal Contract Tower,0,0,14,4,18,0,2,81,14,97,0,2,95,18,115,80,38,118,233
05/27/2006,VQQ,FL,ASO,ES,Federal Contract Tower,0,1,3,1,5,0,3,51,2,56,0,4,54,3,61,24,0,24,85
05/28/2006,VQQ,FL,ASO,ES,Federal Contract Tower,0,0,2,1,3,0,0,21,0,21,0,0,23,1,24,8,0,8,32
05/29/2006,VQQ,FL,ASO,ES,Federal Contract Tower,3,2,5,2,12,0,0,11,18,29,3,2,16,20,41,8,0,8,49
05/30/2006,VQQ,FL,ASO,ES,Federal Contract Tower,0,1,9,6,16,0,5,41,22,68,0,6,50,28,84,50,18,68,152
05/31/2006,VQQ,FL,ASO,ES,Federal Contract Tower,1,0,3,3,7,0,2,43,22,67,1,2,46,25,74,28,88,116,190
06/01/2006,VQQ,FL,ASO,ES,Federal Contract Tower,0,1,13,4,18,0,2,51,38,91,0,3,64,42,109,32,166,198,307
06/02/2006,VQQ,FL,ASO,ES,Federal Contract Tower,3,0,2,2,7,1,0,39,28,68,4,0,41,30,75,58,126,184,259
06/03/2006,VQQ,FL,ASO,ES,Federal Contract Tower,0,0,4,2,6,0,0,37,6,43,0,0,41,8,49,4,16,20,69
06/04/2006,VQQ,FL,ASO,ES,Federal Contract Tower,0,0,8,6,14,0,0,55,10,65,0,0,63,16,79,42,32,74,153
06/05/2006,VQQ,FL,ASO,ES,Federal Contract Tower,0,2,7,11,20,0,0,40,61,101,0,2,47,72,121,42,234,276,397
06/06/2006,VQQ,FL,ASO,ES,Federal Contract Tower,2,0,9,14,25,0,2,69,42,113,2,2,78,56,138,40,123,163,301
06/07/2006,VQQ,FL,ASO,ES,Federal Contract Tower,0,0,9,2,11,0,1,54,12,67,0,1,63,14,78,60,83,143,221
06/08/2006,VQQ,FL,ASO,ES,Federal Contract Tower,0,0,16,7,23,0,10,62,37,109,0,10,78,44,132,40,96,136,268
06/09/2006,VQQ,FL,ASO,ES,Federal Contract Tower,0,0,2,4,6,0,1,41,16,58,0,1,43,20,64,39,12,51,115
06/10/2006,VQQ,FL,ASO,ES,Federal Contract Tower,1,0,4,1,6,0,2,50,2,54,1,2,54,3,60,90,0,90,150
06/11/2006,VQQ,FL,ASO,ES,Federal Contract Tower,0,0,9,6,15,0,0,31,5,36,0,0,40,11,51,24,10,34,85
06/12/2006,VQQ,FL,ASO,ES,Federal Contract Tower,0,0,9,4,13,0,0,13,1,14,0,0,22,5,27,14,15,29,56
06/13/2006,VQQ,FL,ASO,ES,Federal Contract Tower,0,0,2,0,2,0,0,0,0,0,0,0,2,0,2,0,0,0,2
06/14/2006,VQQ,FL,ASO,ES,Federal Contract Tower,1,1,12,4,18,0,0,30,38,68,1,1,42,42,86,28,20,48,134
06/15/2006,VQQ,FL,ASO,ES,Federal Contract Tower,1,0,12,31,44,0,0,80,80,160,1,0,92,111,204,50,4,54,258
06/16/2006,VQQ,FL,ASO,ES,Federal Contract Tower,0,0,3,25,28,0,0,50,75,125,0,0,53,100,153,27,8,35,188
06/17/2006,VQQ,FL,ASO,ES,Federal Contract Tower,0,0,5,28,33,0,0,51,44,95,0,0,56,72,128,32,18,50,178
06/18/2006,VQQ,FL,ASO,ES,Federal Contract Tower,0,0,0,13,13,0,0,26,9,35,0,0,26,22,48,38,4,42,90
06/19/2006,VQQ,FL,ASO,ES,Federal Contract Tower,0,0,2,8,10,0,0,37,32,69,0,0,39,40,79,8,145,153,232
06/20/2006,VQQ,FL,ASO,ES,Federal Contract Tower,4,0,11,13,28,0,0,62,50,112,4,0,73,63,140,37,58,95,235
06/21/2006,VQQ,FL,ASO,ES,Federal Contract Tower,3,0,12,4,19,0,1,57,41,99,3,1,69,45,118,28,156,184,302
06/22/2006,VQQ,FL,ASO,ES,Federal Contract Tower,2,0,6,5,13,0,5,39,39,83,2,5,45,44,96,27,135,162,258
06/23/2006,VQQ,FL,ASO,ES,Federal Contract Tower,2,0,18,2,22,0,0,55,27,82,2,0,73,29,104,50,52,102,206
06/24/2006,VQQ,FL,ASO,ES,Federal Contract Tower,4,0,7,1,12,0,2,59,13,74,4,2,66,14,86,14,19,33,119
06/25/2006,VQQ,FL,ASO,ES,Federal Contract Tower,4,0,4,1,9,0,2,20,13,35,4,2,24,14,44,8,46,54,98
06/26/2006,VQQ,FL,ASO,ES,Federal Contract Tower,3,0,4,0,7,1,0,15,47,63,4,0,19,47,70,14,30,44,114
06/27/2006,VQQ,FL,ASO,ES,Federal Contract Tower,1,0,3,0,4,0,0,57,37,94,1,0,60,37,98,18,6,24,122
06/28/2006,VQQ,FL,ASO,ES,Federal Contract Tower,1,2,8,8,19,0,1,39,30,70,1,3,47,38,89,4,10,14,103
06/29/2006,VQQ,FL,ASO,ES,Federal Contract Tower,0,0,20,13,33,0,2,71,46,119,0,2,91,59,152,78,87,165,317
06/30/2006,VQQ,FL,ASO,ES,Federal Contract Tower,2,3,16,12,33,0,0,44,17,61,2,3,60,29,94,38,30,68,162
07/01/2006,VQQ,FL,ASO,ES,Federal Contract Tower,0,0,9,3,12,1,0,68,12,81,1,0,77,15,93,94,0,94,187
07/02/2006,VQQ,FL,ASO,ES,Federal Contract Tower,0,0,13,1,14,0,0,45,0,45,0,0,58,1,59,8,0,8,67
07/03/2006,VQQ,FL,ASO,ES,Federal Contract Tower,2,0,15,1,18,0,0,43,1,44,2,0,58,2,62,72,0,72,134
07/04/2006,VQQ,FL,ASO,ES,Federal Contract Tower,0,0,2,0,2,0,0,32,0,32,0,0,34,0,34,16,0,16,50
07/05/2006,VQQ,FL,ASO,ES,Federal Contract Tower,0,0,9,3,12,0,2,44,39,85,0,2,53,42,97,24,70,94,191
07/06/2006,VQQ,FL,ASO,ES,Federal Contract Tower,0,0,9,3,12,1,0,68,12,81,1,0,77,15,93,94,0,94,187
07/07/2006,VQQ,FL,ASO,ES,Federal Contract Tower,0,0,14,5,19,0,0,16,12,28,0,0,30,17,47,12,0,12,59
07/08/2006,VQQ,FL,ASO,ES,Federal Contract Tower,0,0,3,2,5,2,3,43,9,57,2,3,46,11,62,86,0,86,148
07/09/2006,VQQ,FL,ASO,ES,Federal Contract Tower,0,0,8,2,10,0,0,45,6,51,0,0,53,8,61,4,0,4,65
07/10/2006,VQQ,FL,ASO,ES,Federal Contract Tower,0,0,17,13,30,0,1,65,36,102,0,1,82,49,132,76,100,176,308
07/11/2006,VQQ,FL,ASO,ES,Federal Contract Tower,1,0,18,7,26,0,0,58,44,102,1,0,76,51,128,46,84,130,258
07/12/2006,VQQ,FL,ASO,ES,Federal Contract Tower,0,0,3,10,13,0,0,59,49,108,0,0,62,59,121,59,203,262,383
07/13/2006,VQQ,FL,ASO,ES,Federal Contract Tower,0,0,11,16,27,0,0,38,80,118,0,0,49,96,145,65,317,382,527
07/14/2006,VQQ,FL,ASO,ES,Federal Contract Tower,0,0,12,9,21,0,0,51,81,132,0,0,63,90,153,13,116,129,282
07/15/2006,VQQ,FL,ASO,ES,Federal Contract Tower,0,0,7,3,10,0,2,66,13,81,0,2,73,16,91,58,28,86,177
07/16/2006,VQQ,FL,ASO,ES,Federal Contract Tower,0,0,6,19,25,0,0,18,55,73,0,0,24,74,98,28,0,28,126
07/17/2006,VQQ,FL,ASO,ES,Federal Contract Tower,0,0,17,14,31,1,2,36,63,102,1,2,53,77,133,20,172,192,325
07/18/2006,VQQ,FL,ASO,ES,Federal Contract Tower,0,0,7,25,32,0,0,45,68,113,0,0,52,93,145,63,22,85,230
07/19/2006,VQQ,FL,ASO,ES,Federal Contract Tower,0,0,19,22,41,0,6,49,17,72,0,6,68,39,113,77,50,127,240
07/20/2006,VQQ,FL,ASO,ES,Federal Contract Tower,0,0,16,4,20,0,0,84,22,106,0,0,100,26,126,59,88,147,273
07/21/2006,VQQ,FL,ASO,ES,Federal Contract Tower,0,0,14,3,17,0,0,45,29,74,0,0,59,32,91,32,26,58,149
07/22/2006,VQQ,FL,ASO,ES,Federal Contract Tower,0,0,3,0,3,0,0,53,7,60,0,0,56,7,63,40,24,64,127
07/23/2006,VQQ,FL,ASO,ES,Federal Contract Tower,0,0,7,0,7,0,1,33,7,41,0,1,40,7,48,18,28,46,94
07/24/2006,VQQ,FL,ASO,ES,Federal Contract Tower,2,0,21,4,27,0,2,27,12,41,2,2,48,16,68,8,55,63,131
07/25/2006,VQQ,FL,ASO,ES,Federal Contract Tower,0,0,1,1,2,0,2,26,20,48,0,2,27,21,50,38,66,104,154
07/26/2006,VQQ,FL,ASO,ES,Federal Contract Tower,2,0,10,2,14,0,2,65,21,88,2,2,75,23,102,56,44,100,202
07/27/2006,VQQ,FL,ASO,ES,Federal Contract Tower,0,0,13,11,24,0,4,64,36,104,0,4,77,47,128,62,40,102,230
07/28/2006,VQQ,FL,ASO,ES,Federal Contract Tower,1,0,9,3,13,0,1,44,26,71,1,1,53,29,84,16,42,58,142
07/29/2006,VQQ,FL,ASO,ES,Federal Contract Tower,1,0,5,2,8,1,3,46,1,51,2,3,51,3,59,0,0,0,59
07/30/2006,VQQ,FL,ASO,ES,Federal Contract Tower,1,0,2,4,7,0,0,44,6,50,1,0,46,10,57,8,0,8,65
07/31/2006,VQQ,FL,ASO,ES,Federal Contract Tower,0,0,3,4,7,0,0,22,11,33,0,0,25,15,40,24,92,116,156
08/01/2006,VQQ,FL,ASO,ES,Federal Contract Tower,4,0,11,8,23,0,1,42,57,100,4,1,53,65,123,40,130,170,293
08/02/2006,VQQ,FL,ASO,ES,Federal Contract Tower,2,0,11,3,16,0,0,62,25,87,2,0,73,28,103,20,52,72,175
08/03/2006,VQQ,FL,ASO,ES,Federal Contract Tower,1,0,16,4,21,0,1,46,26,73,1,1,62,30,94,30,92,122,216
08/04/2006,VQQ,FL,ASO,ES,Federal Contract Tower,1,0,11,3,15,0,0,35,31,66,1,0,46,34,81,6,163,169,250
08/05/2006,VQQ,FL,ASO,ES,Federal Contract Tower,0,0,3,1,4,0,0,37,1,38,0,0,40,2,42,12,2,14,56
08/06/2006,VQQ,FL,ASO,ES,Federal Contract Tower,0,0,6,0,6,0,0,56,2,58,0,0,62,2,64,22,0,22,86
08/07/2006,VQQ,FL,ASO,ES,Federal Contract Tower,1,0,6,14,21,2,0,50,60,112,3,0,56,74,133,84,91,175,308
08/08/2006,VQQ,FL,ASO,ES,Federal Contract Tower,2,0,18,7,27,0,0,56,43,99,2,0,74,50,126,64,88,152,278
08/09/2006,VQQ,FL,ASO,ES,Federal Contract Tower,0,2,1,1,4,0,3,39,26,68,0,5,40,27,72,40,72,112,184
08/10/2006,VQQ,FL,ASO,ES,Federal Contract Tower,0,0,4,2,6,0,2,56,27,85,0,2,60,29,91,71,185,256,347
08/11/2006,VQQ,FL,ASO,ES,Federal Contract Tower,6,0,3,7,16,0,1,54,21,76,6,1,57,28,92,34,94,128,220
08/12/2006,VQQ,FL,ASO,ES,Federal Contract Tower,0,0,5,4,9,0,3,34,12,49,0,3,39,16,58,22,0,22,80
08/13/2006,VQQ,FL,ASO,ES,Federal Contract Tower,0,0,15,0,15,0,5,15,7,27,0,5,30,7,42,30,0,30,72
08/14/2006,VQQ,FL,ASO,ES,Federal Contract Tower,1,0,8,6,15,0,1,23,38,62,1,1,31,44,77,32,118,150,227
08/15/2006,VQQ,FL,ASO,ES,Federal Contract Tower,0,0,6,6,12,0,2,45,42,89,0,2,51,48,101,46,130,176,277
08/16/2006,VQQ,FL,ASO,ES,Federal Contract Tower,0,0,10,5,15,1,2,48,62,113,1,2,58,67,128,28,160,188,316
08/17/2006,VQQ,FL,ASO,ES,Federal Contract Tower,0,0,19,4,23,0,2,51,51,104,0,2,70,55,127,51,47,98,225
08/18/2006,VQQ,FL,ASO,ES,Federal Contract Tower,0,0,4,8,12,0,3,56,34,93,0,3,60,42,105,54,98,152,257
08/19/2006,VQQ,FL,ASO,ES,Federal Contract Tower,0,1,6,0,7,0,1,39,6,46,0,2,45,6,53,12,0,12,65
08/20/2006,VQQ,FL,ASO,ES,Federal Contract Tower,0,0,4,1,5,0,2,42,5,49,0,2,46,6,54,62,4,66,120
08/21/2006,VQQ,FL,ASO,ES,Federal Contract Tower,0,0,5,3,8,0,2,42,27,71,0,2,47,30,79,18,122,140,219
08/22/2006,VQQ,FL,ASO,ES,Federal Contract Tower,0,0,6,13,19,0,0,37,39,76,0,0,43,52,95,18,208,226,321
08/23/2006,VQQ,FL,ASO,ES,Federal Contract Tower,0,0,4,6,10,0,0,30,28,58,0,0,34,34,68,16,146,162,230
08/24/2006,VQQ,FL,ASO,ES,Federal Contract Tower,0,0,15,7,22,0,9,31,45,85,0,9,46,52,107,20,106,126,233
08/25/2006,VQQ,FL,ASO,ES,Federal Contract Tower,1,0,8,3,12,0,0,3,6,9,1,0,11,9,21,0,0,0,21
08/26/2006,VQQ,FL,ASO,ES,Federal Contract Tower,0,0,4,0,4,0,3,56,3,62,0,3,60,3,66,66,0,66,132
08/27/2006,VQQ,FL,ASO,ES,Federal Contract Tower,0,0,9,0,9,0,1,16,5,22,0,1,25,5,31,8,0,8,39
08/28/2006,VQQ,FL,ASO,ES,Federal Contract Tower,0,0,15,10,25,0,0,48,42,90,0,0,63,52,115,52,120,172,287
08/29/2006,VQQ,FL,ASO,ES,Federal Contract Tower,3,0,8,4,15,1,2,47,53,103,4,2,55,57,118,59,130,189,307
08/30/2006,VQQ,FL,ASO,ES,Federal Contract Tower,0,0,10,1,11,0,0,24,49,73,0,0,34,50,84,10,104,114,198
08/31/2006,VQQ,FL,ASO,ES,Federal Contract Tower,0,0,6,4,10,0,1,32,20,53,0,1,38,24,63,4,44,48,111
09/01/2006,VQQ,FL,ASO,ES,Federal Contract Tower,0,0,15,9,24,0,0,42,9,51,0,0,57,18,75,30,30,60,135
09/02/2006,VQQ,FL,ASO,ES,Federal Contract Tower,2,0,5,1,8,0,1,68,0,69,2,1,73,1,77,36,0,36,113
09/03/2006,VQQ,FL,ASO,ES,Federal Contract Tower,0,0,7,0,7,0,4,47,4,55,0,4,54,4,62,28,0,28,90
09/04/2006,VQQ,FL,ASO,ES,Federal Contract Tower,0,0,7,0,7,0,0,43,0,43,0,0,50,0,50,20,4,24,74
09/05/2006,VQQ,FL,ASO,ES,Federal Contract Tower,1,0,5,7,13,0,2,40,27,69,1,2,45,34,82,56,58,114,196
09/06/2006,VQQ,FL,ASO,ES,Federal Contract Tower,0,2,4,7,13,0,0,34,47,81,0,2,38,54,94,49,164,213,307
09/07/2006,VQQ,FL,ASO,ES,Federal Contract Tower,1,0,13,2,16,0,0,20,53,73,1,0,33,55,89,6,48,54,143
09/08/2006,VQQ,FL,ASO,ES,Federal Contract Tower,0,2,8,6,16,0,0,26,28,54,0,2,34,34,70,18,130,148,218
09/09/2006,VQQ,FL,ASO,ES,Federal Contract Tower,6,0,13,1,20,0,1,58,6,65,6,1,71,7,85,52,18,70,155
09/10/2006,VQQ,FL,ASO,ES,Federal Contract Tower,0,0,19,0,19,0,0,43,8,51,0,0,62,8,70,0,0,0,70
09/11/2006,VQQ,FL,ASO,ES,Federal Contract Tower,0,0,10,4,14,0,0,52,47,99,0,0,62,51,113,42,140,182,295
09/12/2006,VQQ,FL,ASO,ES,Federal Contract Tower,0,0,14,12,26,2,1,30,56,89,2,1,44,68,115,36,223,259,374
09/13/2006,VQQ,FL,ASO,ES,Federal Contract Tower,1,2,7,6,16,0,4,24,43,71,1,6,31,49,87,36,172,208,295
09/14/2006,VQQ,FL,ASO,ES,Federal Contract Tower,0,2,29,13,44,0,1,57,48,106,0,3,86,61,150,64,202,266,416
09/15/2006,VQQ,FL,ASO,ES,Federal Contract Tower,2,2,6,2,12,0,1,61,17,79,2,3,67,19,91,70,6,76,167
09/16/2006,VQQ,FL,ASO,ES,Federal Contract Tower,0,0,0,5,5,1,1,76,13,91,1,1,76,18,96,52,0,52,148
09/17/2006,VQQ,FL,ASO,ES,Federal Contract Tower,0,0,4,0,4,0,0,47,9,56,0,0,51,9,60,21,20,41,101
09/18/2006,VQQ,FL,ASO,ES,Federal Contract Tower,1,0,7,1,9,0,0,39,34,73,1,0,46,35,82,44,112,156,238
09/19/2006,VQQ,FL,ASO,ES,Federal Contract Tower,0,0,14,10,24,0,0,30,43,73,0,0,44,53,97,40,152,192,289
09/20/2006,VQQ,FL,ASO,ES,Federal Contract Tower,1,0,10,0,11,0,0,42,55,97,1,0,52,55,108,52,132,184,292
09/21/2006,VQQ,FL,ASO,ES,Federal Contract Tower,2,0,8,36,46,0,4,45,116,165,2,4,53,152,211,18,84,102,313
09/22/2006,VQQ,FL,ASO,ES,Federal Contract Tower,0,0,14,17,31,0,0,75,79,154,0,0,89,96,185,89,51,140,325
09/23/2006,VQQ,FL,ASO,ES,Federal Contract Tower,4,0,10,19,33,0,0,45,43,88,4,0,55,62,121,38,0,38,159
09/24/2006,VQQ,FL,ASO,ES,Federal Contract Tower,3,0,22,10,35,0,1,27,45,73,3,1,49,55,108,64,0,64,172
09/25/2006,VQQ,FL,ASO,ES,Federal Contract Tower,0,0,7,32,39,0,0,31,43,74,0,0,38,75,113,38,110,148,261
09/26/2006,VQQ,FL,ASO,ES,Federal Contract Tower,1,0,25,10,36,0,0,47,35,82,1,0,72,45,118,44,28,72,190
09/27/2006,VQQ,FL,ASO,ES,Federal Contract Tower,0,0,6,2,8,0,0,39,37,76,0,0,45,39,84,28,50,78,162
09/28/2006,VQQ,FL,ASO,ES,Federal Contract Tower,1,4,7,4,16,0,1,38,27,66,1,5,45,31,82,70,72,142,224
09/29/2006,VQQ,FL,ASO,ES,Federal Contract Tower,1,1,6,6,14,0,0,59,9,68,1,1,65,15,82,48,52,100,182
09/30/2006,VQQ,FL,ASO,ES,Federal Contract Tower,1,0,7,1,9,0,0,21,1,22,1,0,28,2,31,18,0,18,49
10/01/2006,VQQ,FL,ASO,ES,Federal Contract Tower,1,0,8,2,11,0,3,61,1,65,1,3,69,3,76,53,0,53,129
10/02/2006,VQQ,FL,ASO,ES,Federal Contract Tower,1,0,13,15,29,0,0,40,55,95,1,0,53,70,124,30,114,144,268
10/03/2006,VQQ,FL,ASO,ES,Federal Contract Tower,1,0,11,17,29,0,0,24,33,57,1,0,35,50,86,24,154,178,264
10/04/2006,VQQ,FL,ASO,ES,Federal Contract Tower,0,0,15,7,22,0,2,28,34,64,0,2,43,41,86,34,90,124,210
10/05/2006,VQQ,FL,ASO,ES,Federal Contract Tower,0,0,14,24,38,0,3,37,62,102,0,3,51,86,140,34,132,166,306
10/06/2006,VQQ,FL,ASO,ES,Federal Contract Tower,0,0,11,11,22,0,0,41,29,70,0,0,52,40,92,48,62,110,202
10/07/2006,VQQ,FL,ASO,ES,Federal Contract Tower,1,0,10,6,17,1,2,47,2,52,2,2,57,8,69,24,0,24,93
10/08/2006,VQQ,FL,ASO,ES,Federal Contract Tower,0,0,6,2,8,0,0,48,2,50,0,0,54,4,58,82,0,82,140
10/09/2006,VQQ,FL,ASO,ES,Federal Contract Tower,3,0,6,3,12,0,0,31,2,33,3,0,37,5,45,29,0,29,74
10/10/2006,VQQ,FL,ASO,ES,Federal Contract Tower,0,0,21,10,31,0,0,37,28,65,0,0,58,38,96,45,212,257,353
10/11/2006,VQQ,FL,ASO,ES,Federal Contract Tower,0,0,26,9,35,0,3,48,53,104,0,3,74,62,139,78,146,224,363
10/12/2006,VQQ,FL,ASO,ES,Federal Contract Tower,0,1,8,13,22,0,1,28,34,63,0,2,36,47,85,38,180,218,303
10/13/2006,VQQ,FL,ASO,ES,Federal Contract Tower,1,0,11,5,17,0,0,38,24,62,1,0,49,29,79,16,156,172,251
10/14/2006,VQQ,FL,ASO,ES,Federal Contract Tower,1,0,3,6,10,1,0,55,26,82,2,0,58,32,92,20,0,20,112
10/15/2006,VQQ,FL,ASO,ES,Federal Contract Tower,0,0,12,1,13,1,0,56,6,63,1,0,68,7,76,40,0,40,116
10/16/2006,VQQ,FL,ASO,ES,Federal Contract Tower,0,2,5,14,21,0,1,54,39,94,0,3,59,53,115,38,79,117,232
10/17/2006,VQQ,FL,ASO,ES,Federal Contract Tower,0,2,9,20,31,0,0,30,49,79,0,2,39,69,110,88,99,187,297
10/18/2006,VQQ,FL,ASO,ES,Federal Contract Tower,0,2,3,14,19,0,2,26,60,88,0,4,29,74,107,14,98,112,219
10/19/2006,VQQ,FL,ASO,ES,Federal Contract Tower,0,2,18,4,24,0,1,35,55,91,0,3,53,59,115,8,74,82,197
10/20/2006,VQQ,FL,ASO,ES,Federal Contract Tower,3,0,30,1,34,3,0,47,14,64,6,0,77,15,98,16,2,18,116
10/21/2006,VQQ,FL,ASO,ES,Federal Contract Tower,2,0,19,1,22,0,2,45,5,52,2,2,64,6,74,50,0,50,124
10/22/2006,VQQ,FL,ASO,ES,Federal Contract Tower,0,0,14,3,17,0,0,63,5,68,0,0,77,8,85,12,6,18,103
10/23/2006,VQQ,FL,ASO,ES,Federal Contract Tower,0,2,32,6,40,0,1,53,30,84,0,3,85,36,124,62,78,140,264
10/24/2006,VQQ,FL,ASO,ES,Federal Contract Tower,0,0,25,8,33,0,1,72,21,94,0,1,97,29,127,81,111,192,319
10/25/2006,VQQ,FL,ASO,ES,Federal Contract Tower,0,0,16,9,25,0,4,53,48,105,0,4,69,57,130,51,138,189,319
10/26/2006,VQQ,FL,ASO,ES,Federal Contract Tower,7,2,6,24,39,7,0,23,75,105,14,2,29,99,144,30,368,398,542
10/27/2006,VQQ,FL,ASO,ES,Federal Contract Tower,2,0,9,6,17,1,1,53,10,65,3,1,62,16,82,94,0,94,176
10/28/2006,VQQ,FL,ASO,ES,Federal Contract Tower,5,0,11,7,23,1,1,45,0,47,6,1,56,7,70,4,0,4,74
10/29/2006,VQQ,FL,ASO,ES,Federal Contract Tower,2,1,3,6,12,0,2,46,4,52,2,3,49,10,64,4,0,4,68
10/30/2006,VQQ,FL,ASO,ES,Federal Contract Tower,1,0,15,9,25,0,0,60,42,102,1,0,75,51,127,26,260,286,413
10/31/2006,VQQ,FL,ASO,ES,Federal Contract Tower,2,1,24,7,34,1,0,38,34,73,3,1,62,41,107,64,107,171,278
11/01/2006,VQQ,FL,ASO,ES,Federal Contract Tower,1,2,19,5,27,0,1,53,73,127,1,3,72,78,154,80,192,272,426
11/02/2006,VQQ,FL,ASO,ES,Federal Contract Tower,1,0,17,1,19,0,0,54,47,101,1,0,71,48,120,86,123,209,329
11/03/2006,VQQ,FL,ASO,ES,Federal Contract Tower,7,1,21,5,34,0,1,45,35,81,7,2,66,40,115,6,124,130,245
11/04/2006,VQQ,FL,ASO,ES,Federal Contract Tower,7,0,7,1,15,6,0,30,22,58,13,0,37,23,73,0,6,6,79
11/05/2006,VQQ,FL,ASO,ES,Federal Contract Tower,1,0,6,0,7,0,0,16,10,26,1,0,22,10,33,0,6,6,39
11/06/2006,VQQ,FL,ASO,ES,Federal Contract Tower,2,0,22,2,26,0,1,55,31,87,2,1,77,33,113,30,156,186,299
11/07/2006,VQQ,FL,ASO,ES,Federal Contract Tower,0,0,1,5,6,0,0,3,29,32,0,0,4,34,38,2,125,127,165
11/08/2006,VQQ,FL,ASO,ES,Federal Contract Tower,2,0,29,4,35,0,4,40,20,64,2,4,69,24,99,33,182,215,314
11/09/2006,VQQ,FL,ASO,ES,Federal Contract Tower,0,0,28,1,29,0,3,69,36,108,0,3,97,37,137,85,124,209,346
11/10/2006,VQQ,FL,ASO,ES,Federal Contract Tower,2,0,26,0,28,0,0,66,0,66,2,0,92,0,94,50,0,50,144
11/11/2006,VQQ,FL,ASO,ES,Federal Contract Tower,0,0,19,2,21,0,4,51,11,66,0,4,70,13,87,56,0,56,143
11/12/2006,VQQ,FL,ASO,ES,Federal Contract Tower,0,0,17,0,17,0,0,85,0,85,0,0,102,0,102,40,0,40,142
11/13/2006,VQQ,FL,ASO,ES,Federal Contract Tower,0,0,13,7,20,0,3,40,52,95,0,3,53,59,115,109,120,229,344
11/14/2006,VQQ,FL,ASO,ES,Federal Contract Tower,0,0,4,7,11,0,2,45,41,88,0,2,49,48,99,161,86,247,346
11/15/2006,VQQ,FL,ASO,ES,Federal Contract Tower,0,0,5,8,13,0,2,33,43,78,0,2,38,51,91,43,422,465,556
11/16/2006,VQQ,FL,ASO,ES,Federal Contract Tower,0,0,3,8,11,1,1,12,36,50,1,1,15,44,61,0,92,92,153
11/17/2006,VQQ,FL,ASO,ES,Federal Contract Tower,1,0,15,15,31,0,0,71,8,79,1,0,86,23,110,68,50,118,228
11/18/2006,VQQ,FL,ASO,ES,Federal Contract Tower,0,0,7,3,10,0,0,63,10,73,0,0,70,13,83,24,0,24,107
11/19/2006,VQQ,FL,ASO,ES,Federal Contract Tower,1,0,2,9,12,1,0,83,14,98,2,0,85,23,110,78,18,96,206
11/20/2006,VQQ,FL,ASO,ES,Federal Contract Tower,1,0,5,15,21,0,0,37,27,64,1,0,42,42,85,44,143,187,272
11/21/2006,VQQ,FL,ASO,ES,Federal Contract Tower,0,0,10,3,13,0,0,19,21,40,0,0,29,24,53,12,160,172,225
11/22/2006,VQQ,FL,ASO,ES,Federal Contract Tower,0,0,11,0,11,0,4,38,9,51,0,4,49,9,62,20,0,20,82
11/23/2006,VQQ,FL,ASO,ES,Federal Contract Tower,2,0,4,0,6,0,0,22,0,22,2,0,26,0,28,2,0,2,30
11/24/2006,VQQ,FL,ASO,ES,Federal Contract Tower,0,0,5,0,5,0,0,56,0,56,0,0,61,0,61,76,0,76,137
11/25/2006,VQQ,FL,ASO,ES,Federal Contract Tower,1,0,6,0,7,1,2,66,0,69,2,2,72,0,76,52,0,52,128
11/26/2006,VQQ,FL,ASO,ES,Federal Contract Tower,0,2,11,0,13,0,0,69,0,69,0,2,80,0,82,36,0,36,118
11/27/2006,VQQ,FL,ASO,ES,Federal Contract Tower,0,0,33,14,47,0,0,27,53,80,0,0,60,67,127,40,50,90,217
11/28/2006,VQQ,FL,ASO,ES,Federal Contract Tower,0,0,6,6,12,0,1,44,58,103,0,1,50,64,115,52,102,154,269
11/29/2006,VQQ,FL,ASO,ES,Federal Contract Tower,0,2,21,6,29,0,0,37,53,90,0,2,58,59,119,32,78,110,229
11/30/2006,VQQ,FL,ASO,ES,Federal Contract Tower,0,0,32,6,38,0,0,43,51,94,0,0,75,57,132,15,188,203,335
12/01/2006,VQQ,FL,ASO,ES,Federal Contract Tower,2,0,15,6,23,0,0,24,38,62,2,0,39,44,85,0,114,114,199
12/02/2006,VQQ,FL,ASO,ES,Federal Contract Tower,3,0,28,1,32,0,1,10,8,19,3,1,38,9,51,3,0,3,54
12/03/2006,VQQ,FL,ASO,ES,Federal Contract Tower,4,0,13,7,24,2,0,32,23,57,6,0,45,30,81,58,50,108,189
12/04/2006,VQQ,FL,ASO,ES,Federal Contract Tower,1,0,16,9,26,0,0,43,52,95,1,0,59,61,121,50,169,219,340
12/05/2006,VQQ,FL,ASO,ES,Federal Contract Tower,1,0,17,9,27,0,0,58,54,112,1,0,75,63,139,18,134,152,291
12/06/2006,VQQ,FL,ASO,ES,Federal Contract Tower,2,3,9,15,29,0,3,47,29,79,2,6,56,44,108,42,10,52,160
12/07/2006,VQQ,FL,ASO,ES,Federal Contract Tower,0,0,17,4,21,0,0,44,29,73,0,0,61,33,94,91,50,141,235
12/08/2006,VQQ,FL,ASO,ES,Federal Contract Tower,0,0,12,2,14,0,2,31,39,72,0,2,43,41,86,37,72,109,195
12/09/2006,VQQ,FL,ASO,ES,Federal Contract Tower,0,0,24,3,27,1,1,71,44,117,1,1,95,47,144,12,18,30,174
12/10/2006,VQQ,FL,ASO,ES,Federal Contract Tower,1,0,15,6,22,0,2,32,58,92,1,2,47,64,114,0,0,0,114
12/11/2006,VQQ,FL,ASO,ES,Federal Contract Tower,0,0,23,28,51,0,2,44,84,130,0,2,67,112,181,66,117,183,364
12/12/2006,VQQ,FL,ASO,ES,Federal Contract Tower,0,0,34,39,73,0,1,60,110,171,0,1,94,149,244,52,168,220,464
12/13/2006,VQQ,FL,ASO,ES,Federal Contract Tower,0,0,34,27,61,0,1,41,78,120,0,1,75,105,181,14,76,90,271
12/14/2006,VQQ,FL,ASO,ES,Federal Contract Tower,1,1,16,26,44,0,3,18,49,70,1,4,34,75,114,6,102,108,222
12/15/2006,VQQ,FL,ASO,ES,Federal Contract Tower,1,0,10,38,49,0,0,24,11,35,1,0,34,49,84,20,26,46,130
12/16/2006,VQQ,FL,ASO,ES,Federal Contract Tower,3,1,20,4,28,1,2,75,7,85,4,3,95,11,113,42,5,47,160
12/17/2006,VQQ,FL,ASO,ES,Federal Contract Tower,0,0,20,0,20,0,0,74,3,77,0,0,94,3,97,104,0,104,201
12/18/2006,VQQ,FL,ASO,ES,Federal Contract Tower,1,0,10,6,17,0,0,60,9,69,1,0,70,15,86,21,14,35,121
12/19/2006,VQQ,FL,ASO,ES,Federal Contract Tower,1,0,37,7,45,0,2,44,18,64,1,2,81,25,109,48,118,166,275
12/20/2006,VQQ,FL,ASO,ES,Federal Contract Tower,1,0,15,20,36,0,2,45,53,100,1,2,60,73,136,20,129,149,285
12/21/2006,VQQ,FL,ASO,ES,Federal Contract Tower,0,0,6,4,10,0,0,43,40,83,0,0,49,44,93,8,94,102,195
12/22/2006,VQQ,FL,ASO,ES,Federal Contract Tower,2,0,5,1,8,0,0,32,12,44,2,0,37,13,52,67,30,97,149
12/23/2006,VQQ,FL,ASO,ES,Federal Contract Tower,0,0,10,0,10,0,0,25,1,26,0,0,35,1,36,0,0,0,36
12/24/2006,VQQ,FL,ASO,ES,Federal Contract Tower,0,0,4,0,4,0,0,5,0,5,0,0,9,0,9,0,0,0,9
12/25/2006,VQQ,FL,ASO,ES,Federal Contract Tower,0,0,0,0,0,0,0,0,0,0,0,0,0,0,0,0,0,0,0
12/26/2006,VQQ,FL,ASO,ES,Federal Contract Tower,0,0,8,4,12,0,1,16,5,22,0,1,24,9,34,0,0,0,34
12/27/2006,VQQ,FL,ASO,ES,Federal Contract Tower,3,0,8,0,11,0,0,32,20,52,3,0,40,20,63,12,51,63,126
12/28/2006,VQQ,FL,ASO,ES,Federal Contract Tower,0,0,9,3,12,0,2,46,21,69,0,2,55,24,81,72,17,89,170
12/29/2006,VQQ,FL,ASO,ES,Federal Contract Tower,1,2,4,7,14,0,6,49,21,76,1,8,53,28,90,58,54,112,202
12/30/2006,VQQ,FL,ASO,ES,Federal Contract Tower,1,0,10,0,11,1,2,22,1,26,2,2,32,1,37,8,0,8,45
12/31/2006,VQQ,FL,ASO,ES,Federal Contract Tower,0,0,7,0,7,0,0,20,0,20,0,0,27,0,27,4,0,4,31
01/01/2007,VQQ,FL,ASO,ES,Federal Contract Tower,0,0,6,12,18,0,0,12,1,13,0,0,18,13,31,0,10,10,41
01/02/2007,VQQ,FL,ASO,ES,Federal Contract Tower,0,0,6,0,6,1,1,56,2,60,1,1,62,2,66,66,0,66,132
01/03/2007,VQQ,FL,ASO,ES,Federal Contract Tower,0,0,23,8,31,0,0,17,12,29,0,0,40,20,60,0,36,36,96
01/04/2007,VQQ,FL,ASO,ES,Federal Contract Tower,0,0,4,18,22,0,3,35,28,66,0,3,39,46,88,14,98,112,200
01/05/2007,VQQ,FL,ASO,ES,Federal Contract Tower,1,0,7,13,21,0,0,8,26,34,1,0,15,39,55,12,158,170,225
01/06/2007,VQQ,FL,ASO,ES,Federal Contract Tower,1,0,8,4,13,0,3,52,13,68,1,3,60,17,81,38,8,46,127
01/07/2007,VQQ,FL,ASO,ES,Federal Contract Tower,0,0,14,4,18,0,3,47,4,54,0,3,61,8,72,24,10,34,106
01/08/2007,VQQ,FL,ASO,ES,Federal Contract Tower,0,0,9,14,23,0,0,23,21,44,0,0,32,35,67,4,36,40,107
01/09/2007,VQQ,FL,ASO,ES,Federal Contract Tower,0,0,8,13,21,0,0,44,30,74,0,0,52,43,95,82,184,266,361
01/10/2007,VQQ,FL,ASO,ES,Federal Contract Tower,0,0,30,12,42,0,1,41,40,82,0,1,71,52,124,82,206,288,412
01/11/2007,VQQ,FL,ASO,ES,Federal Contract Tower,0,0,8,12,20,0,1,41,55,97,0,1,49,67,117,30,230,260,377
01/12/2007,VQQ,FL,ASO,ES,Federal Contract Tower,0,0,4,8,12,0,0,36,33,69,0,0,40,41,81,72,163,235,316
01/13/2007,VQQ,FL,ASO,ES,Federal Contract Tower,2,0,20,21,43,0,4,55,10,69,2,4,75,31,112,80,0,80,192
01/14/2007,VQQ,FL,ASO,ES,Federal Contract Tower,0,0,13,4,17,0,1,44,0,45,0,1,57,4,62,38,0,38,100
01/15/2007,VQQ,FL,ASO,ES,Federal Contract Tower,1,0,8,12,21,0,3,54,12,69,1,3,62,24,90,32,28,60,150
01/16/2007,VQQ,FL,ASO,ES,Federal Contract Tower,1,0,10,4,15,0,2,50,51,103,1,2,60,55,118,67,176,243,361
01/17/2007,VQQ,FL,ASO,ES,Federal Contract Tower,3,2,7,10,22,0,1,1,60,62,3,3,8,70,84,0,174,174,258
01/18/2007,VQQ,FL,ASO,ES,Federal Contract Tower,1,0,3,5,9,0,0,8,8,16,1,0,11,13,25,0,50,50,75
01/19/2007,VQQ,FL,ASO,ES,Federal Contract Tower,1,0,4,9,14,0,1,46,25,72,1,1,50,34,86,18,53,71,157
01/20/2007,VQQ,FL,ASO,ES,Federal Contract Tower,0,0,6,0,6,0,0,53,18,71,0,0,59,18,77,38,20,58,135
01/21/2007,VQQ,FL,ASO,ES,Federal Contract Tower,0,0,10,3,13,0,0,46,14,60,0,0,56,17,73,14,8,22,95
01/22/2007,VQQ,FL,ASO,ES,Federal Contract Tower,0,0,16,15,31,0,0,14,30,44,0,0,30,45,75,6,125,131,206
01/23/2007,VQQ,FL,ASO,ES,Federal Contract Tower,0,0,15,11,26,0,0,44,37,81,0,0,59,48,107,65,124,189,296
01/24/2007,VQQ,FL,ASO,ES,Federal Contract Tower,0,0,6,32,38,0,0,33,47,80,0,0,39,79,118,14,273,287,405
01/25/2007,VQQ,FL,ASO,ES,Federal Contract Tower,1,0,6,10,17,0,1,39,30,70,1,1,45,40,87,44,148,192,279
01/26/2007,VQQ,FL,ASO,ES,Federal Contract Tower,1,0,15,4,20,0,0,57,22,79,1,0,72,26,99,32,219,251,350
01/27/2007,VQQ,FL,ASO,ES,Federal Contract Tower,2,2,7,4,15,3,3,71,10,87,5,5,78,14,102,46,18,64,166
01/28/2007,VQQ,FL,ASO,ES,Federal Contract Tower,0,0,36,8,44,4,3,55,5,67,4,3,91,13,111,36,4,40,151
01/29/2007,VQQ,FL,ASO,ES,Federal Contract Tower,1,0,23,8,32,0,6,53,50,109,1,6,76,58,141,6,108,114,255
01/30/2007,VQQ,FL,ASO,ES,Federal Contract Tower,3,0,12,18,33,2,0,44,30,76,5,0,56,48,109,10,162,172,281
01/31/2007,VQQ,FL,ASO,ES,Federal Contract Tower,4,1,25,26,56,0,4,36,53,93,4,5,61,79,149,56,137,193,342
02/01/2007,VQQ,FL,ASO,ES,Federal Contract Tower,0,0,7,8,15,0,0,20,40,60,0,0,27,48,75,14,86,100,175
02/02/2007,VQQ,FL,ASO,ES,Federal Contract Tower,3,2,10,10,25,0,0,20,11,31,3,2,30,21,56,32,48,80,136
02/03/2007,VQQ,FL,ASO,ES,Federal Contract Tower,3,0,21,4,28,2,0,35,4,41,5,0,56,8,69,78,0,78,147
02/04/2007,VQQ,FL,ASO,ES,Federal Contract Tower,0,0,3,5,8,0,0,40,2,42,0,0,43,7,50,32,0,32,82
02/05/2007,VQQ,FL,ASO,ES,Federal Contract Tower,0,0,11,9,20,0,2,31,17,50,0,2,42,26,70,12,66,78,148
02/06/2007,VQQ,FL,ASO,ES,Federal Contract Tower,0,0,34,8,42,0,1,40,52,93,0,1,74,60,135,69,248,317,452
02/07/2007,VQQ,FL,ASO,ES,Federal Contract Tower,1,0,15,8,24,0,0,75,19,94,1,0,90,27,118,62,94,156,274
02/08/2007,VQQ,FL,ASO,ES,Federal Contract Tower,0,0,30,21,51,0,0,49,33,82,0,0,79,54,133,38,223,261,394
02/09/2007,VQQ,FL,ASO,ES,Federal Contract Tower,1,0,14,6,21,0,3,32,14,49,1,3,46,20,70,20,98,118,188
02/10/2007,VQQ,FL,ASO,ES,Federal Contract Tower,1,0,18,11,30,0,1,56,23,80,1,1,74,34,110,12,34,46,156
02/11/2007,VQQ,FL,ASO,ES,Federal Contract Tower,0,0,24,0,24,0,0,58,6,64,0,0,82,6,88,66,6,72,160
02/12/2007,VQQ,FL,ASO,ES,Federal Contract Tower,1,0,4,6,11,0,0,42,55,97,1,0,46,61,108,14,102,116,224
02/13/2007,VQQ,FL,ASO,ES,Federal Contract Tower,0,0,3,3,6,1,0,15,77,93,1,0,18,80,99,4,225,229,328
02/14/2007,VQQ,FL,ASO,ES,Federal Contract Tower,0,0,18,23,41,0,0,44,36,80,0,0,62,59,121,6,183,189,310
02/15/2007,VQQ,FL,ASO,ES,Federal Contract Tower,0,3,17,16,36,0,4,52,31,87,0,7,69,47,123,26,92,118,241
02/16/2007,VQQ,FL,ASO,ES,Federal Contract Tower,0,5,11,11,27,0,0,50,19,69,0,5,61,30,96,14,69,83,179
02/17/2007,VQQ,FL,ASO,ES,Federal Contract Tower,1,0,13,0,14,0,1,58,13,72,1,1,71,13,86,58,60,118,204
02/18/2007,VQQ,FL,ASO,ES,Federal Contract Tower,0,0,6,0,6,0,1,17,0,18,0,1,23,0,24,26,0,26,50
02/19/2007,VQQ,FL,ASO,ES,Federal Contract Tower,1,0,17,2,20,0,1,57,19,77,1,1,74,21,97,80,58,138,235
02/20/2007,VQQ,FL,ASO,ES,Federal Contract Tower,0,0,32,19,51,0,0,49,36,85,0,0,81,55,136,46,196,242,378
02/21/2007,VQQ,FL,ASO,ES,Federal Contract Tower,0,0,33,13,46,0,0,38,33,71,0,0,71,46,117,74,169,243,360
02/22/2007,VQQ,FL,ASO,ES,Federal Contract Tower,0,0,13,25,38,0,0,44,24,68,0,0,57,49,106,20,58,78,184
02/23/2007,VQQ,FL,ASO,ES,Federal Contract Tower,1,2,20,10,33,0,2,65,56,123,1,4,85,66,156,22,89,111,267
02/24/2007,VQQ,FL,ASO,ES,Federal Contract Tower,0,0,29,10,39,1,3,35,17,56,1,3,64,27,95,30,10,40,135
02/25/2007,VQQ,FL,ASO,ES,Federal Contract Tower,2,3,6,0,11,0,3,14,1,18,2,6,20,1,29,38,0,38,67
02/26/2007,VQQ,FL,ASO,ES,Federal Contract Tower,3,0,25,10,38,0,4,51,35,90,3,4,76,45,128,84,202,286,414
02/27/2007,VQQ,FL,ASO,ES,Federal Contract Tower,2,0,15,7,24,0,0,39,42,81,2,0,54,49,105,58,288,346,451
02/28/2007,VQQ,FL,ASO,ES,Federal Contract Tower,3,0,33,0,36,0,1,53,32,86,3,1,86,32,122,104,208,312,434
03/01/2007,VQQ,FL,ASO,ES,Federal Contract Tower,0,0,12,3,15,0,1,21,55,77,0,1,33,58,92,2,384,386,478
03/02/2007,VQQ,FL,ASO,ES,Federal Contract Tower,0,0,18,2,20,0,0,29,7,36,0,0,47,9,56,8,59,67,123
03/03/2007,VQQ,FL,ASO,ES,Federal Contract Tower,2,0,17,2,21,0,1,24,18,43,2,1,41,20,64,10,1,11,75
03/04/2007,VQQ,FL,ASO,ES,Federal Contract Tower,2,0,7,0,9,0,1,52,6,59,2,1,59,6,68,32,0,32,100
03/05/2007,VQQ,FL,ASO,ES,Federal Contract Tower,1,0,16,15,32,0,0,56,54,110,1,0,72,69,142,12,128,140,282
03/06/2007,VQQ,FL,ASO,ES,Federal Contract Tower,2,0,10,4,16,0,0,51,44,95,2,0,61,48,111,28,112,140,251
03/07/2007,VQQ,FL,ASO,ES,Federal Contract Tower,0,3,25,3,31,0,0,63,50,113,0,3,88,53,144,50,92,142,286
03/08/2007,VQQ,FL,ASO,ES,Federal Contract Tower,0,0,13,6,19,0,2,52,59,113,0,2,65,65,132,23,154,177,309
03/09/2007,VQQ,FL,ASO,ES,Federal Contract Tower,1,1,13,5,20,0,2,33,23,58,1,3,46,28,78,2,50,52,130
03/10/2007,VQQ,FL,ASO,ES,Federal Contract Tower,2,0,18,3,23,0,4,66,5,75,2,4,84,8,98,23,2,25,123
03/11/2007,VQQ,FL,ASO,ES,Federal Contract Tower,0,0,11,1,12,0,1,52,9,62,0,1,63,10,74,40,4,44,118
03/12/2007,VQQ,FL,ASO,ES,Federal Contract Tower,1,0,10,13,24,0,1,49,52,102,1,1,59,65,126,43,110,153,279
03/13/2007,VQQ,FL,ASO,ES,Federal Contract Tower,0,0,19,17,36,0,3,65,44,112,0,3,84,61,148,68,98,166,314
03/14/2007,VQQ,FL,ASO,ES,Federal Contract Tower,0,0,10,8,18,0,1,54,44,99,0,1,64,52,117,42,228,270,387
03/15/2007,VQQ,FL,ASO,ES,Federal Contract Tower,1,1,14,2,18,0,0,58,52,110,1,1,72,54,128,48,160,208,336
03/16/2007,VQQ,FL,ASO,ES,Federal Contract Tower,1,0,3,9,13,0,4,32,20,56,1,4,35,29,69,40,28,68,137
03/17/2007,VQQ,FL,ASO,ES,Federal Contract Tower,0,0,7,9,16,0,4,48,0,52,0,4,55,9,68,42,14,56,124
03/18/2007,VQQ,FL,ASO,ES,Federal Contract Tower,0,0,10,4,14,0,7,73,10,90,0,7,83,14,104,46,8,54,158
03/19/2007,VQQ,FL,ASO,ES,Federal Contract Tower,3,2,13,10,28,0,7,57,60,124,3,9,70,70,152,81,82,163,315
03/20/2007,VQQ,FL,ASO,ES,Federal Contract Tower,1,1,11,5,18,0,0,56,66,122,1,1,67,71,140,50,188,238,378
03/21/2007,VQQ,FL,ASO,ES,Federal Contract Tower,4,0,13,7,24,1,1,41,92,135,5,1,54,99,159,34,153,187,346
03/22/2007,VQQ,FL,ASO,ES,Federal Contract Tower,0,2,6,11,19,0,0,51,81,132,0,2,57,92,151,62,168,230,381
03/23/2007,VQQ,FL,ASO,ES,Federal Contract Tower,3,0,4,12,19,0,3,50,37,90,3,3,54,49,109,60,91,151,260
03/24/2007,VQQ,FL,ASO,ES,Federal Contract Tower,2,0,12,3,17,1,3,37,1,42,3,3,49,4,59,22,0,22,81
03/25/2007,VQQ,FL,ASO,ES,Federal Contract Tower,2,0,3,1,6,0,2,52,33,87,2,2,55,34,93,29,0,29,122
03/26/2007,VQQ,FL,ASO,ES,Federal Contract Tower,3,0,10,14,27,0,2,58,56,116,3,2,68,70,143,44,96,140,283
03/27/2007,VQQ,FL,ASO,ES,Federal Contract Tower,0,0,13,33,46,0,17,50,76,143,0,17,63,109,189,40,90,130,319
03/28/2007,VQQ,FL,ASO,ES,Federal Contract Tower,0,0,25,20,45,0,3,79,100,182,0,3,104,120,227,60,114,174,401
03/29/2007,VQQ,FL,ASO,ES,Federal Contract Tower,0,0,10,22,32,0,0,48,64,112,0,0,58,86,144,38,69,107,251
03/30/2007,VQQ,FL,ASO,ES,Federal Contract Tower,0,0,16,47,63,0,0,29,26,55,0,0,45,73,118,36,112,148,266
03/31/2007,VQQ,FL,ASO,ES,Federal Contract Tower,1,0,6,9,16,0,3,44,8,55,1,3,50,17,71,24,6,30,101
04/01/2007,VQQ,FL,ASO,ES,Federal Contract Tower,0,0,8,5,13,0,4,59,4,67,0,4,67,9,80,72,0,72,152
04/02/2007,VQQ,FL,ASO,ES,Federal Contract Tower,1,4,15,7,27,0,0,35,49,84,1,4,50,56,111,28,184,212,323
04/03/2007,VQQ,FL,ASO,ES,Federal Contract Tower,0,0,23,11,34,0,10,39,34,83,0,10,62,45,117,40,64,104,221
04/04/2007,VQQ,FL,ASO,ES,Federal Contract Tower,1,2,14,0,17,0,2,46,28,76,1,4,60,28,93,52,38,90,183
04/05/2007,VQQ,FL,ASO,ES,Federal Contract Tower,0,0,15,3,18,0,1,51,24,76,0,1,66,27,94,64,45,109,203
04/06/2007,VQQ,FL,ASO,ES,Federal Contract Tower,2,2,12,3,19,0,0,71,5,76,2,2,83,8,95,41,0,41,136
04/07/2007,VQQ,FL,ASO,ES,Federal Contract Tower,3,0,6,0,9,0,0,48,4,52,3,0,54,4,61,22,0,22,83
04/08/2007,VQQ,FL,ASO,ES,Federal Contract Tower,1,0,12,0,13,0,0,44,3,47,1,0,56,3,60,56,0,56,116
04/09/2007,VQQ,FL,ASO,ES,Federal Contract Tower,0,0,14,1,15,0,0,25,15,40,0,0,39,16,55,12,121,133,188
04/10/2007,VQQ,FL,ASO,ES,Federal Contract Tower,0,0,7,5,12,0,0,18,67,85,0,0,25,72,97,25,180,205,302
04/11/2007,VQQ,FL,ASO,ES,Federal Contract Tower,0,2,5,3,10,0,0,39,33,72,0,2,44,36,82,16,108,124,206
04/12/2007,VQQ,FL,ASO,ES,Federal Contract Tower,0,0,27,2,29,0,0,39,14,53,0,0,66,16,82,24,44,68,150
04/13/2007,VQQ,FL,ASO,ES,Federal Contract Tower,2,3,6,10,21,0,0,62,6,68,2,3,68,16,89,25,4,29,118
04/14/2007,VQQ,FL,ASO,ES,Federal Contract Tower,2,0,12,0,14,0,0,59,16,75,2,0,71,16,89,20,0,20,109
04/15/2007,VQQ,FL,ASO,ES,Federal Contract Tower,3,0,5,2,10,1,0,13,1,15,4,0,18,3,25,12,0,12,37
04/16/2007,VQQ,FL,ASO,ES,Federal Contract Tower,2,0,9,8,19,0,3,34,36,73,2,3,43,44,92,4,241,245,337
04/17/2007,VQQ,FL,ASO,ES,Federal Contract Tower,0,0,2,5,7,0,3,51,39,93,0,3,53,44,100,30,218,248,348
04/18/2007,VQQ,FL,ASO,ES,Federal Contract Tower,1,0,16,4,21,0,0,30,24,54,1,0,46,28,75,4,28,32,107
04/19/2007,VQQ,FL,ASO,ES,Federal Contract Tower,0,0,5,4,9,0,0,65,49,114,0,0,70,53,123,16,259,275,398
04/20/2007,VQQ,FL,ASO,ES,Federal Contract Tower,0,0,16,3,19,0,5,51,35,91,0,5,67,38,110,20,103,123,233
04/21/2007,VQQ,FL,ASO,ES,Federal Contract Tower,1,0,7,0,8,0,0,82,4,86,1,0,89,4,94,64,0,64,158
04/22/2007,VQQ,FL,ASO,ES,Federal Contract Tower,1,0,3,9,13,1,3,72,22,98,2,3,75,31,111,2,58,60,171
04/23/2007,VQQ,FL,ASO,ES,Federal Contract Tower,1,0,12,6,19,0,4,58,57,119,1,4,70,63,138,61,99,160,298
04/24/2007,VQQ,FL,ASO,ES,Federal Contract Tower,0,0,18,2,20,0,1,51,39,91,0,1,69,41,111,72,197,269,380
04/25/2007,VQQ,FL,ASO,ES,Federal Contract Tower,0,0,14,5,19,0,2,67,91,160,0,2,81,96,179,72,241,313,492
04/26/2007,VQQ,FL,ASO,ES,Federal Contract Tower,1,0,14,3,18,1,0,60,44,105,2,0,74,47,123,56,140,196,319
04/27/2007,VQQ,FL,ASO,ES,Federal Contract Tower,1,0,16,2,19,0,2,48,11,61,1,2,64,13,80,10,82,92,172
04/28/2007,VQQ,FL,ASO,ES,Federal Contract Tower,1,0,28,2,31,0,0,52,2,54,1,0,80,4,85,24,38,62,147
04/29/2007,VQQ,FL,ASO,ES,Federal Contract Tower,0,0,12,2,14,0,0,25,0,25,0,0,37,2,39,2,0,2,41
04/30/2007,VQQ,FL,ASO,ES,Federal Contract Tower,0,0,23,6,29,0,2,31,20,53,0,2,54,26,82,22,131,153,235
05/01/2007,VQQ,FL,ASO,ES,Federal Contract Tower,1,0,10,1,12,0,4,38,65,107,1,4,48,66,119,5,145,150,269
05/02/2007,VQQ,FL,ASO,ES,Federal Contract Tower,0,0,24,2,26,0,0,24,31,55,0,0,48,33,81,14,113,127,208
05/03/2007,VQQ,FL,ASO,ES,Federal Contract Tower,1,0,15,2,18,0,2,18,19,39,1,2,33,21,57,34,54,88,145
05/04/2007,VQQ,FL,ASO,ES,Federal Contract Tower,0,0,15,13,28,1,0,30,19,50,1,0,45,32,78,6,0,6,84
05/05/2007,VQQ,FL,ASO,ES,Federal Contract Tower,3,0,7,2,12,0,1,43,12,56,3,1,50,14,68,26,0,26,94
05/06/2007,VQQ,FL,ASO,ES,Federal Contract Tower,4,0,4,31,39,1,0,22,43,66,5,0,26,74,105,0,0,0,105
05/07/2007,VQQ,FL,ASO,ES,Federal Contract Tower,1,0,8,4,13,0,1,28,44,73,1,1,36,48,86,48,234,282,368
05/08/2007,VQQ,FL,ASO,ES,Federal Contract Tower,2,2,6,4,14,0,3,22,28,53,2,5,28,32,67,18,265,283,350
05/09/2007,VQQ,FL,ASO,ES,Federal Contract Tower,2,0,11,4,17,0,0,7,2,9,2,0,18,6,26,8,0,8,34
05/10/2007,VQQ,FL,ASO,ES,Federal Contract Tower,2,0,16,5,23,0,0,21,44,65,2,0,37,49,88,4,124,128,216
05/11/2007,VQQ,FL,ASO,ES,Federal Contract Tower,4,2,10,2,18,0,0,36,12,48,4,2,46,14,66,26,13,39,105
05/12/2007,VQQ,FL,ASO,ES,Federal Contract Tower,2,0,15,0,17,0,0,23,3,26,2,0,38,3,43,12,0,12,55
05/13/2007,VQQ,FL,ASO,ES,Federal Contract Tower,4,2,11,0,17,0,0,43,0,43,4,2,54,0,60,36,0,36,96
05/14/2007,VQQ,FL,ASO,ES,Federal Contract Tower,1,1,13,9,24,0,2,38,56,96,1,3,51,65,120,7,93,100,220
05/15/2007,VQQ,FL,ASO,ES,Federal Contract Tower,2,0,16,7,25,24,0,50,55,129,26,0,66,62,154,123,102,225,379
05/16/2007,VQQ,FL,ASO,ES,Federal Contract Tower,2,0,13,4,19,1,2,70,71,144,3,2,83,75,163,79,146,225,388
05/17/2007,VQQ,FL,ASO,ES,Federal Contract Tower,0,4,9,8,21,0,1,14,9,24,0,5,23,17,45,10,0,10,55
05/18/2007,VQQ,FL,ASO,ES,Federal Contract Tower,4,1,21,1,27,0,0,52,33,85,4,1,73,34,112,35,5,40,152
05/19/2007,VQQ,FL,ASO,ES,Federal Contract Tower,5,1,11,0,17,0,1,275,17,293,5,2,286,17,310,42,0,42,352
05/20/2007,VQQ,FL,ASO,ES,Federal Contract Tower,6,0,17,0,23,0,0,65,7,72,6,0,82,7,95,28,0,28,123
05/21/2007,VQQ,FL,ASO,ES,Federal Contract Tower,2,2,10,5,19,1,2,52,21,76,3,4,62,26,95,72,77,149,244
05/22/2007,VQQ,FL,ASO,ES,Federal Contract Tower,2,0,16,14,32,1,4,53,41,99,3,4,69,55,131,52,142,194,325
05/23/2007,VQQ,FL,ASO,ES,Federal Contract Tower,2,0,15,3,20,1,0,29,19,49,3,0,44,22,69,32,43,75,144
05/24/2007,VQQ,FL,ASO,ES,Federal Contract Tower,2,0,11,14,27,0,0,39,47,86,2,0,50,61,113,2,60,62,175
05/25/2007,VQQ,FL,ASO,ES,Federal Contract Tower,1,0,16,6,23,23,0,43,55,121,24,0,59,61,144,30,33,63,207
05/26/2007,VQQ,FL,ASO,ES,Federal Contract Tower,2,0,8,4,14,2,0,50,21,73,4,0,58,25,87,2,2,4,91
05/27/2007,VQQ,FL,ASO,ES,Federal Contract Tower,0,0,12,1,13,0,0,38,9,47,0,0,50,10,60,8,0,8,68
05/28/2007,VQQ,FL,ASO,ES,Federal Contract Tower,0,0,9,0,9,0,2,49,11,62,0,2,58,11,71,10,0,10,81
05/29/2007,VQQ,FL,ASO,ES,Federal Contract Tower,2,4,25,5,36,0,3,31,36,70,2,7,56,41,106,32,142,174,280
05/30/2007,VQQ,FL,ASO,ES,Federal Contract Tower,2,0,6,14,22,0,1,33,48,82,2,1,39,62,104,26,198,224,328
05/31/2007,VQQ,FL,ASO,ES,Federal Contract Tower,0,0,15,6,21,1,0,33,47,81,1,0,48,53,102,24,124,148,250
06/01/2007,VQQ,FL,ASO,ES,Federal Contract Tower,1,0,13,8,22,0,4,34,54,92,1,4,47,62,114,35,98,133,247
06/02/2007,VQQ,FL,ASO,ES,Federal Contract Tower,0,0,2,1,3,0,0,2,0,2,0,0,4,1,5,0,0,0,5
06/03/2007,VQQ,FL,ASO,ES,Federal Contract Tower,0,0,5,1,6,0,0,13,5,18,0,0,18,6,24,0,18,18,42
06/04/2007,VQQ,FL,ASO,ES,Federal Contract Tower,0,0,7,3,10,0,2,22,17,41,0,2,29,20,51,6,41,47,98
06/05/2007,VQQ,FL,ASO,ES,Federal Contract Tower,0,0,5,1,6,0,5,22,18,45,0,5,27,19,51,4,46,50,101
06/06/2007,VQQ,FL,ASO,ES,Federal Contract Tower,0,3,6,12,21,0,2,34,36,72,0,5,40,48,93,20,101,121,214
06/07/2007,VQQ,FL,ASO,ES,Federal Contract Tower,0,0,14,5,19,1,1,49,62,113,1,1,63,67,132,36,124,160,292
06/08/2007,VQQ,FL,ASO,ES,Federal Contract Tower,1,0,10,29,40,0,2,29,121,152,1,2,39,150,192,46,105,151,343
06/09/2007,VQQ,FL,ASO,ES,Federal Contract Tower,1,0,10,17,28,2,1,50,95,148,3,1,60,112,176,24,0,24,200
06/10/2007,VQQ,FL,ASO,ES,Federal Contract Tower,0,0,7,14,21,0,3,28,68,99,0,3,35,82,120,14,8,22,142
06/11/2007,VQQ,FL,ASO,ES,Federal Contract Tower,0,0,22,39,61,0,4,39,82,125,0,4,61,121,186,32,44,76,262
06/12/2007,VQQ,FL,ASO,ES,Federal Contract Tower,0,0,11,10,21,0,1,14,16,31,0,1,25,26,52,12,44,56,108
06/13/2007,VQQ,FL,ASO,ES,Federal Contract Tower,1,2,12,4,19,0,0,36,22,58,1,2,48,26,77,28,0,28,105
06/14/2007,VQQ,FL,ASO,ES,Federal Contract Tower,0,0,36,10,46,0,4,63,37,104,0,4,99,47,150,90,118,208,358
06/15/2007,VQQ,FL,ASO,ES,Federal Contract Tower,0,0,13,2,15,0,4,51,25,80,0,4,64,27,95,28,10,38,133
06/16/2007,VQQ,FL,ASO,ES,Federal Contract Tower,0,0,11,2,13,0,0,37,0,37,0,0,48,2,50,54,0,54,104
06/17/2007,VQQ,FL,ASO,ES,Federal Contract Tower,0,0,3,2,5,0,0,35,3,38,0,0,38,5,43,16,0,16,59
06/18/2007,VQQ,FL,ASO,ES,Federal Contract Tower,0,0,11,5,16,0,0,54,24,78,0,0,65,29,94,26,82,108,202
06/19/2007,VQQ,FL,ASO,ES,Federal Contract Tower,0,0,8,2,10,1,0,11,23,35,1,0,19,25,45,20,138,158,203
06/20/2007,VQQ,FL,ASO,ES,Federal Contract Tower,2,1,6,5,14,0,0,24,21,45,2,1,30,26,59,4,72,76,135
06/21/2007,VQQ,FL,ASO,ES,Federal Contract Tower,1,0,21,3,25,2,0,21,59,82,3,0,42,62,107,14,78,92,199
06/22/2007,VQQ,FL,ASO,ES,Federal Contract Tower,7,0,8,4,19,3,3,23,16,45,10,3,31,20,64,18,10,28,92
06/23/2007,VQQ,FL,ASO,ES,Federal Contract Tower,3,0,15,1,19,0,1,29,17,47,3,1,44,18,66,53,0,53,119
06/24/2007,VQQ,FL,ASO,ES,Federal Contract Tower,2,0,12,9,23,0,0,51,6,57,2,0,63,15,80,26,10,36,116
06/25/2007,VQQ,FL,ASO,ES,Federal Contract Tower,2,0,14,1,17,0,0,16,30,46,2,0,30,31,63,4,144,148,211
06/26/2007,VQQ,FL,ASO,ES,Federal Contract Tower,2,0,11,3,16,0,0,30,37,67,2,0,41,40,83,18,132,150,233
06/27/2007,VQQ,FL,ASO,ES,Federal Contract Tower,6,0,21,2,29,0,0,22,35,57,6,0,43,37,86,37,162,199,285
06/28/2007,VQQ,FL,ASO,ES,Federal Contract Tower,2,0,22,2,26,0,1,45,32,78,2,1,67,34,104,36,10,46,150
06/29/2007,VQQ,FL,ASO,ES,Federal Contract Tower,0,0,10,7,17,0,7,30,46,83,0,7,40,53,100,25,124,149,249
06/30/2007,VQQ,FL,ASO,ES,Federal Contract Tower,4,0,12,0,16,1,7,59,5,72,5,7,71,5,88,70,0,70,158
07/01/2007,VQQ,FL,ASO,ES,Federal Contract Tower,0,0,3,0,3,0,0,37,3,40,0,0,40,3,43,66,0,66,109
07/02/2007,VQQ,FL,ASO,ES,Federal Contract Tower,0,0,10,8,18,0,0,20,20,40,0,0,30,28,58,40,137,177,235
07/03/2007,VQQ,FL,ASO,ES,Federal Contract Tower,3,0,16,2,21,0,0,15,19,34,3,0,31,21,55,12,0,12,67
07/04/2007,VQQ,FL,ASO,ES,Federal Contract Tower,7,2,7,0,16,0,0,16,3,19,7,2,23,3,35,18,0,18,53
07/05/2007,VQQ,FL,ASO,ES,Federal Contract Tower,4,0,9,10,23,0,1,29,34,64,4,1,38,44,87,16,64,80,167
07/06/2007,VQQ,FL,ASO,ES,Federal Contract Tower,3,1,23,3,30,0,4,47,14,65,3,5,70,17,95,52,30,82,177
07/07/2007,VQQ,FL,ASO,ES,Federal Contract Tower,0,0,17,0,17,0,2,37,8,47,0,2,54,8,64,30,6,36,100
07/08/2007,VQQ,FL,ASO,ES,Federal Contract Tower,0,0,41,0,41,0,7,42,5,54,0,7,83,5,95,42,0,42,137
07/09/2007,VQQ,FL,ASO,ES,Federal Contract Tower,0,0,29,12,41,0,5,45,14,64,0,5,74,26,105,98,129,227,332
07/10/2007,VQQ,FL,ASO,ES,Federal Contract Tower,0,0,6,11,17,0,1,50,27,78,0,1,56,38,95,24,186,210,305
07/11/2007,VQQ,FL,ASO,ES,Federal Contract Tower,0,0,18,2,20,0,3,28,21,52,0,3,46,23,72,74,132,206,278
07/12/2007,VQQ,FL,ASO,ES,Federal Contract Tower,0,1,7,1,9,0,1,30,18,49,0,2,37,19,58,26,92,118,176
07/13/2007,VQQ,FL,ASO,ES,Federal Contract Tower,0,0,13,5,18,1,0,25,31,57,1,0,38,36,75,38,144,182,257
07/14/2007,VQQ,FL,ASO,ES,Federal Contract Tower,4,2,7,0,13,10,0,30,16,56,14,2,37,16,69,52,10,62,131
07/15/2007,VQQ,FL,ASO,ES,Federal Contract Tower,0,0,18,1,19,0,0,43,17,60,0,0,61,18,79,74,0,74,153
07/16/2007,VQQ,FL,ASO,ES,Federal Contract Tower,3,0,6,7,16,0,2,30,43,75,3,2,36,50,91,30,117,147,238
07/17/2007,VQQ,FL,ASO,ES,Federal Contract Tower,2,0,16,3,21,1,7,50,63,121,3,7,66,66,142,50,289,339,481
07/18/2007,VQQ,FL,ASO,ES,Federal Contract Tower,0,2,31,1,34,0,2,48,72,122,0,4,79,73,156,54,176,230,386
07/19/2007,VQQ,FL,ASO,ES,Federal Contract Tower,2,4,12,8,26,0,4,51,25,80,2,8,63,33,106,40,142,182,288
07/20/2007,VQQ,FL,ASO,ES,Federal Contract Tower,6,0,11,10,27,2,2,54,18,76,8,2,65,28,103,30,62,92,195
07/21/2007,VQQ,FL,ASO,ES,Federal Contract Tower,2,0,11,2,15,0,4,33,17,54,2,4,44,19,69,2,10,12,81
07/22/2007,VQQ,FL,ASO,ES,Federal Contract Tower,2,0,22,0,24,0,1,41,22,64,2,1,63,22,88,32,0,32,120
07/23/2007,VQQ,FL,ASO,ES,Federal Contract Tower,5,2,6,2,15,0,0,61,53,114,5,2,67,55,129,68,209,277,406
07/24/2007,VQQ,FL,ASO,ES,Federal Contract Tower,4,0,8,2,14,0,0,30,43,73,4,0,38,45,87,24,73,97,184
07/25/2007,VQQ,FL,ASO,ES,Federal Contract Tower,0,1,19,6,26,0,3,52,38,93,0,4,71,44,119,24,150,174,293
07/26/2007,VQQ,FL,ASO,ES,Federal Contract Tower,1,1,17,3,22,0,5,46,41,92,1,6,63,44,114,74,357,431,545
07/27/2007,VQQ,FL,ASO,ES,Federal Contract Tower,0,0,25,5,30,0,3,36,31,70,0,3,61,36,100,32,6,38,138
07/28/2007,VQQ,FL,ASO,ES,Federal Contract Tower,4,0,10,1,15,0,0,26,0,26,4,0,36,1,41,20,0,20,61
07/29/2007,VQQ,FL,ASO,ES,Federal Contract Tower,2,0,7,0,9,0,0,44,2,46,2,0,51,2,55,50,0,50,105
07/30/2007,VQQ,FL,ASO,ES,Federal Contract Tower,1,0,15,0,16,0,2,36,26,64,1,2,51,26,80,20,4,24,104
07/31/2007,VQQ,FL,ASO,ES,Federal Contract Tower,0,2,3,1,6,0,2,14,37,53,0,4,17,38,59,8,114,122,181
08/01/2007,VQQ,FL,ASO,ES,Federal Contract Tower,0,1,11,3,15,0,3,32,55,90,0,4,43,58,105,12,165,177,282
08/02/2007,VQQ,FL,ASO,ES,Federal Contract Tower,4,1,11,2,18,3,4,12,46,65,7,5,23,48,83,2,126,128,211
08/03/2007,VQQ,FL,ASO,ES,Federal Contract Tower,0,2,9,1,12,0,1,22,11,34,0,3,31,12,46,20,6,26,72
08/04/2007,VQQ,FL,ASO,ES,Federal Contract Tower,22,0,12,0,34,0,1,44,4,49,22,1,56,4,83,24,0,24,107
08/05/2007,VQQ,FL,ASO,ES,Federal Contract Tower,1,0,15,1,17,0,4,52,5,61,1,4,67,6,78,32,2,34,112
08/06/2007,VQQ,FL,ASO,ES,Federal Contract Tower,1,1,15,7,24,0,4,38,18,60,1,5,53,25,84,54,93,147,231
08/07/2007,VQQ,FL,ASO,ES,Federal Contract Tower,0,0,20,2,22,0,1,44,32,77,0,1,64,34,99,38,48,86,185
08/08/2007,VQQ,FL,ASO,ES,Federal Contract Tower,0,3,29,3,35,0,2,52,47,101,0,5,81,50,136,26,80,106,242
08/09/2007,VQQ,FL,ASO,ES,Federal Contract Tower,0,0,13,5,18,0,2,37,38,77,0,2,50,43,95,44,69,113,208
08/10/2007,VQQ,FL,ASO,ES,Federal Contract Tower,4,0,8,9,21,3,3,77,11,94,7,3,85,20,115,48,54,102,217
08/11/2007,VQQ,FL,ASO,ES,Federal Contract Tower,0,0,7,0,7,0,2,27,0,29,0,2,34,0,36,12,0,12,48
08/12/2007,VQQ,FL,ASO,ES,Federal Contract Tower,0,2,11,0,13,0,0,37,1,38,0,2,48,1,51,12,0,12,63
08/13/2007,VQQ,FL,ASO,ES,Federal Contract Tower,0,0,14,3,17,0,1,39,48,88,0,1,53,51,105,28,179,207,312
08/14/2007,VQQ,FL,ASO,ES,Federal Contract Tower,0,4,13,2,19,0,0,65,15,80,0,4,78,17,99,40,29,69,168
08/15/2007,VQQ,FL,ASO,ES,Federal Contract Tower,2,0,14,6,22,0,4,45,52,101,2,4,59,58,123,26,160,186,309
08/16/2007,VQQ,FL,ASO,ES,Federal Contract Tower,0,0,13,6,19,0,8,46,48,102,0,8,59,54,121,10,102,112,233
08/17/2007,VQQ,FL,ASO,ES,Federal Contract Tower,1,1,9,19,30,0,7,47,89,143,1,8,56,108,173,24,0,24,197
08/18/2007,VQQ,FL,ASO,ES,Federal Contract Tower,4,1,13,16,34,1,1,61,68,131,5,2,74,84,165,18,20,38,203
08/19/2007,VQQ,FL,ASO,ES,Federal Contract Tower,2,2,4,15,23,0,1,37,49,87,2,3,41,64,110,34,0,34,144
08/20/2007,VQQ,FL,ASO,ES,Federal Contract Tower,0,0,1,29,30,0,0,60,82,142,0,0,61,111,172,14,60,74,246
08/21/2007,VQQ,FL,ASO,ES,Federal Contract Tower,1,5,19,12,37,0,3,33,22,58,1,8,52,34,95,16,102,118,213
08/22/2007,VQQ,FL,ASO,ES,Federal Contract Tower,0,5,7,3,15,0,0,37,29,66,0,5,44,32,81,10,108,118,199
08/23/2007,VQQ,FL,ASO,ES,Federal Contract Tower,0,1,5,0,6,0,0,61,59,120,0,1,66,59,126,74,202,276,402
08/24/2007,VQQ,FL,ASO,ES,Federal Contract Tower,0,1,14,2,17,2,0,39,36,77,2,1,53,38,94,35,90,125,219
08/25/2007,VQQ,FL,ASO,ES,Federal Contract Tower,0,0,4,8,12,0,0,15,8,23,0,0,19,16,35,0,0,0,35
08/26/2007,VQQ,FL,ASO,ES,Federal Contract Tower,0,0,9,0,9,0,0,24,0,24,0,0,33,0,33,8,0,8,41
08/27/2007,VQQ,FL,ASO,ES,Federal Contract Tower,1,0,20,10,31,0,0,46,38,84,1,0,66,48,115,20,110,130,245
08/28/2007,VQQ,FL,ASO,ES,Federal Contract Tower,1,1,20,7,29,1,0,49,46,96,2,1,69,53,125,60,114,174,299
08/29/2007,VQQ,FL,ASO,ES,Federal Contract Tower,1,2,10,3,16,0,0,54,47,101,1,2,64,50,117,22,132,154,271
08/30/2007,VQQ,FL,ASO,ES,Federal Contract Tower,1,0,9,1,11,0,0,49,25,74,1,0,58,26,85,8,36,44,129
08/31/2007,VQQ,FL,ASO,ES,Federal Contract Tower,1,0,4,6,11,0,0,39,11,50,1,0,43,17,61,30,10,40,101
09/01/2007,VQQ,FL,ASO,ES,Federal Contract Tower,0,2,8,0,10,2,0,19,4,25,2,2,27,4,35,0,0,0,35
09/02/2007,VQQ,FL,ASO,ES,Federal Contract Tower,0,0,4,0,4,0,0,4,1,5,0,0,8,1,9,0,0,0,9
09/03/2007,VQQ,FL,ASO,ES,Federal Contract Tower,0,0,17,0,17,0,2,34,1,37,0,2,51,1,54,52,0,52,106
09/04/2007,VQQ,FL,ASO,ES,Federal Contract Tower,0,0,15,2,17,0,2,63,62,127,0,2,78,64,144,63,216,279,423
09/05/2007,VQQ,FL,ASO,ES,Federal Contract Tower,0,0,7,5,12,0,8,51,40,99,0,8,58,45,111,22,95,117,228
09/06/2007,VQQ,FL,ASO,ES,Federal Contract Tower,1,1,21,3,26,0,0,44,44,88,1,1,65,47,114,14,154,168,282
09/07/2007,VQQ,FL,ASO,ES,Federal Contract Tower,2,1,30,0,33,0,0,56,15,71,2,1,86,15,104,50,0,50,154
09/08/2007,VQQ,FL,ASO,ES,Federal Contract Tower,1,1,21,0,23,1,0,55,4,60,2,1,76,4,83,10,0,10,93
09/09/2007,VQQ,FL,ASO,ES,Federal Contract Tower,6,3,11,0,20,1,4,55,5,65,7,7,66,5,85,36,0,36,121
09/10/2007,VQQ,FL,ASO,ES,Federal Contract Tower,1,0,17,6,24,0,0,57,58,115,1,0,74,64,139,52,96,148,287
09/11/2007,VQQ,FL,ASO,ES,Federal Contract Tower,6,0,9,0,15,0,5,51,18,74,6,5,60,18,89,54,46,100,189
09/12/2007,VQQ,FL,ASO,ES,Federal Contract Tower,3,4,10,16,33,0,17,53,57,127,3,21,63,73,160,38,158,196,356
09/13/2007,VQQ,FL,ASO,ES,Federal Contract Tower,0,0,15,1,16,0,0,44,43,87,0,0,59,44,103,28,156,184,287
09/14/2007,VQQ,FL,ASO,ES,Federal Contract Tower,0,0,10,1,11,0,0,68,22,90,0,0,78,23,101,61,161,222,323
09/15/2007,VQQ,FL,ASO,ES,Federal Contract Tower,0,0,13,2,15,0,0,51,21,72,0,0,64,23,87,30,86,116,203
09/16/2007,VQQ,FL,ASO,ES,Federal Contract Tower,0,0,6,0,6,0,1,37,20,58,0,1,43,20,64,34,8,42,106
09/17/2007,VQQ,FL,ASO,ES,Federal Contract Tower,1,1,5,0,7,0,2,17,23,42,1,3,22,23,49,0,32,32,81
09/18/2007,VQQ,FL,ASO,ES,Federal Contract Tower,0,1,8,3,12,0,0,21,78,99,0,1,29,81,111,32,223,255,366
09/19/2007,VQQ,FL,ASO,ES,Federal Contract Tower,8,0,3,9,20,0,0,13,14,27,8,0,16,23,47,0,22,22,69
09/20/2007,VQQ,FL,ASO,ES,Federal Contract Tower,1,0,11,16,28,0,0,31,73,104,1,0,42,89,132,30,128,158,290
09/21/2007,VQQ,FL,ASO,ES,Federal Contract Tower,2,6,8,37,53,1,2,60,118,181,3,8,68,155,234,22,147,169,403
09/22/2007,VQQ,FL,ASO,ES,Federal Contract Tower,1,0,15,18,34,1,2,47,60,110,2,2,62,78,144,36,8,44,188
09/23/2007,VQQ,FL,ASO,ES,Federal Contract Tower,0,2,3,25,30,0,4,30,28,62,0,6,33,53,92,28,0,28,120
09/24/2007,VQQ,FL,ASO,ES,Federal Contract Tower,3,0,11,54,68,0,0,32,53,85,3,0,43,107,153,16,34,50,203
09/25/2007,VQQ,FL,ASO,ES,Federal Contract Tower,1,0,16,4,21,0,3,56,76,135,1,3,72,80,156,24,141,165,321
09/26/2007,VQQ,FL,ASO,ES,Federal Contract Tower,0,0,21,2,23,0,0,55,48,103,0,0,76,50,126,52,75,127,253
09/27/2007,VQQ,FL,ASO,ES,Federal Contract Tower,0,0,14,2,16,0,0,43,55,98,0,0,57,57,114,38,76,114,228
09/28/2007,VQQ,FL,ASO,ES,Federal Contract Tower,0,1,11,4,16,0,0,39,21,60,0,1,50,25,76,10,59,69,145
09/29/2007,VQQ,FL,ASO,ES,Federal Contract Tower,2,3,11,2,18,1,0,34,1,36,3,3,45,3,54,2,0,2,56
09/30/2007,VQQ,FL,ASO,ES,Federal Contract Tower,3,1,4,1,9,0,2,25,2,29,3,3,29,3,38,10,0,10,48
10/01/2007,VQQ,FL,ASO,ES,Federal Contract Tower,3,4,10,6,23,0,2,16,31,49,3,6,26,37,72,6,96,102,174
10/02/2007,VQQ,FL,ASO,ES,Federal Contract Tower,0,0,4,0,4,0,0,4,26,30,0,0,8,26,34,0,0,0,34
10/03/2007,VQQ,FL,ASO,ES,Federal Contract Tower,3,0,18,4,25,0,1,27,45,73,3,1,45,49,98,34,42,76,174
10/04/2007,VQQ,FL,ASO,ES,Federal Contract Tower,0,0,10,3,13,0,0,21,39,60,0,0,31,42,73,12,32,44,117
10/05/2007,VQQ,FL,ASO,ES,Federal Contract Tower,0,0,3,2,5,0,0,3,22,25,0,0,6,24,30,0,0,0,30
10/06/2007,VQQ,FL,ASO,ES,Federal Contract Tower,0,0,20,1,21,0,2,12,4,18,0,2,32,5,39,2,0,2,41
10/07/2007,VQQ,FL,ASO,ES,Federal Contract Tower,2,0,18,0,20,0,1,38,1,40,2,1,56,1,60,28,0,28,88
10/08/2007,VQQ,FL,ASO,ES,Federal Contract Tower,1,0,42,0,43,0,0,74,3,77,1,0,116,3,120,78,0,78,198
10/09/2007,VQQ,FL,ASO,ES,Federal Contract Tower,2,0,8,4,14,0,0,72,41,113,2,0,80,45,127,60,155,215,342
10/10/2007,VQQ,FL,ASO,ES,Federal Contract Tower,2,0,16,1,19,0,1,70,29,100,2,1,86,30,119,54,117,171,290
10/11/2007,VQQ,FL,ASO,ES,Federal Contract Tower,0,2,26,5,33,0,2,62,34,98,0,4,88,39,131,127,233,360,491
10/12/2007,VQQ,FL,ASO,ES,Federal Contract Tower,0,1,9,9,19,0,7,56,43,106,0,8,65,52,125,108,51,159,284
10/13/2007,VQQ,FL,ASO,ES,Federal Contract Tower,0,0,4,2,6,0,4,56,7,67,0,4,60,9,73,48,2,50,123
10/14/2007,VQQ,FL,ASO,ES,Federal Contract Tower,1,0,6,3,10,0,2,43,1,46,1,2,49,4,56,50,0,50,106
10/15/2007,VQQ,FL,ASO,ES,Federal Contract Tower,0,0,30,2,32,0,2,43,32,77,0,2,73,34,109,84,40,124,233
10/16/2007,VQQ,FL,ASO,ES,Federal Contract Tower,1,0,27,1,29,0,0,51,72,123,1,0,78,73,152,66,178,244,396
10/17/2007,VQQ,FL,ASO,ES,Federal Contract Tower,0,0,21,6,27,0,2,44,48,94,0,2,65,54,121,87,194,281,402
10/18/2007,VQQ,FL,ASO,ES,Federal Contract Tower,1,0,22,4,27,1,0,68,35,104,2,0,90,39,131,22,184,206,337
10/19/2007,VQQ,FL,ASO,ES,Federal Contract Tower,1,0,10,5,16,0,1,51,28,80,1,1,61,33,96,42,116,158,254
10/20/2007,VQQ,FL,ASO,ES,Federal Contract Tower,0,0,29,1,30,0,2,155,0,157,0,2,184,1,187,42,0,42,229
10/21/2007,VQQ,FL,ASO,ES,Federal Contract Tower,1,0,9,0,10,1,3,44,3,51,2,3,53,3,61,58,0,58,119
10/22/2007,VQQ,FL,ASO,ES,Federal Contract Tower,0,1,8,9,18,0,2,17,33,52,0,3,25,42,70,4,96,100,170
10/23/2007,VQQ,FL,ASO,ES,Federal Contract Tower,0,2,11,7,20,0,2,43,43,88,0,4,54,50,108,28,127,155,263
10/24/2007,VQQ,FL,ASO,ES,Federal Contract Tower,2,1,15,3,21,0,0,8,5,13,2,1,23,8,34,0,14,14,48
10/25/2007,VQQ,FL,ASO,ES,Federal Contract Tower,0,2,9,6,17,0,0,68,69,137,0,2,77,75,154,80,186,266,420
10/26/2007,VQQ,FL,ASO,ES,Federal Contract Tower,0,0,14,14,28,0,0,19,59,78,0,0,33,73,106,20,22,42,148
10/27/2007,VQQ,FL,ASO,ES,Federal Contract Tower,0,0,13,18,31,2,0,26,45,73,2,0,39,63,104,0,22,22,126
10/28/2007,VQQ,FL,ASO,ES,Federal Contract Tower,1,1,22,70,94,0,0,15,22,37,1,1,37,92,131,8,14,22,153
10/29/2007,VQQ,FL,ASO,ES,Federal Contract Tower,4,3,6,32,45,0,0,12,42,54,4,3,18,74,99,2,36,38,137
10/30/2007,VQQ,FL,ASO,ES,Federal Contract Tower,1,1,15,17,34,0,7,32,93,132,1,8,47,110,166,22,183,205,371
10/31/2007,VQQ,FL,ASO,ES,Federal Contract Tower,1,3,14,9,27,0,3,19,50,72,1,6,33,59,99,18,155,173,272
11/01/2007,VQQ,FL,ASO,ES,Federal Contract Tower,4,0,20,3,27,20,2,25,59,106,24,2,45,62,133,2,122,124,257
11/02/2007,VQQ,FL,ASO,ES,Federal Contract Tower,0,4,17,13,34,1,2,43,18,64,1,6,60,31,98,36,97,133,231
11/03/2007,VQQ,FL,ASO,ES,Federal Contract Tower,1,0,20,0,21,0,0,74,10,84,1,0,94,10,105,42,0,42,147
11/04/2007,VQQ,FL,ASO,ES,Federal Contract Tower,2,0,13,2,17,0,1,71,4,76,2,1,84,6,93,34,26,60,153
11/05/2007,VQQ,FL,ASO,ES,Federal Contract Tower,0,0,10,3,13,0,1,44,46,91,0,1,54,49,104,71,189,260,364
11/06/2007,VQQ,FL,ASO,ES,Federal Contract Tower,2,0,22,2,26,2,3,61,59,125,4,3,83,61,151,44,326,370,521
11/07/2007,VQQ,FL,ASO,ES,Federal Contract Tower,0,0,20,9,29,0,0,34,49,83,0,0,54,58,112,14,178,192,304
11/08/2007,VQQ,FL,ASO,ES,Federal Contract Tower,8,7,13,18,46,0,1,62,52,115,8,8,75,70,161,30,314,344,505
11/09/2007,VQQ,FL,ASO,ES,Federal Contract Tower,2,2,7,9,20,0,2,55,24,81,2,4,62,33,101,41,119,160,261
11/10/2007,VQQ,FL,ASO,ES,Federal Contract Tower,5,0,33,2,40,4,0,46,12,62,9,0,79,14,102,79,49,128,230
11/11/2007,VQQ,FL,ASO,ES,Federal Contract Tower,3,1,18,1,23,0,7,53,12,72,3,8,71,13,95,74,12,86,181
11/12/2007,VQQ,FL,ASO,ES,Federal Contract Tower,4,1,12,2,19,0,10,52,14,76,4,11,64,16,95,70,34,104,199
11/13/2007,VQQ,FL,ASO,ES,Federal Contract Tower,2,2,14,3,21,0,3,58,33,94,2,5,72,36,115,80,117,197,312
11/14/2007,VQQ,FL,ASO,ES,Federal Contract Tower,3,5,15,13,36,0,4,65,103,172,3,9,80,116,208,52,344,396,604
11/15/2007,VQQ,FL,ASO,ES,Federal Contract Tower,0,2,6,13,21,0,1,33,27,61,0,3,39,40,82,24,141,165,247
11/16/2007,VQQ,FL,ASO,ES,Federal Contract Tower,0,0,15,7,22,0,1,34,34,69,0,1,49,41,91,58,75,133,224
11/17/2007,VQQ,FL,ASO,ES,Federal Contract Tower,26,0,2,0,28,0,3,62,15,80,26,3,64,15,108,30,0,30,138
11/18/2007,VQQ,FL,ASO,ES,Federal Contract Tower,0,0,14,5,19,0,3,69,18,90,0,3,83,23,109,30,0,30,139
11/19/2007,VQQ,FL,ASO,ES,Federal Contract Tower,0,0,6,5,11,0,7,42,68,117,0,7,48,73,128,34,88,122,250
11/20/2007,VQQ,FL,ASO,ES,Federal Contract Tower,6,0,8,10,24,2,4,47,41,94,8,4,55,51,118,36,153,189,307
11/21/2007,VQQ,FL,ASO,ES,Federal Contract Tower,3,0,6,4,13,0,0,0,0,0,3,0,6,4,13,22,62,84,97
11/22/2007,VQQ,FL,ASO,ES,Federal Contract Tower,0,0,0,0,0,1,2,12,0,15,1,2,12,0,15,4,0,4,19
11/23/2007,VQQ,FL,ASO,ES,Federal Contract Tower,2,0,5,3,10,0,0,53,6,59,2,0,58,9,69,40,4,44,113
11/24/2007,VQQ,FL,ASO,ES,Federal Contract Tower,2,0,13,1,16,0,0,49,0,49,2,0,62,1,65,18,0,18,83
11/25/2007,VQQ,FL,ASO,ES,Federal Contract Tower,0,0,10,2,12,0,0,16,3,19,0,0,26,5,31,0,0,0,31
11/26/2007,VQQ,FL,ASO,ES,Federal Contract Tower,0,0,10,4,14,0,4,39,27,70,0,4,49,31,84,32,126,158,242
11/27/2007,VQQ,FL,ASO,ES,Federal Contract Tower,0,2,16,10,28,0,13,26,21,60,0,15,42,31,88,64,36,100,188
11/28/2007,VQQ,FL,ASO,ES,Federal Contract Tower,1,4,12,22,39,0,12,39,53,104,1,16,51,75,143,46,156,202,345
11/29/2007,VQQ,FL,ASO,ES,Federal Contract Tower,2,0,15,15,32,0,1,32,53,86,2,1,47,68,118,22,62,84,202
11/30/2007,VQQ,FL,ASO,ES,Federal Contract Tower,0,0,13,11,24,0,0,43,22,65,0,0,56,33,89,4,10,14,103
12/01/2007,VQQ,FL,ASO,ES,Federal Contract Tower,1,0,18,7,26,0,7,62,30,99,1,7,80,37,125,24,0,24,149
12/02/2007,VQQ,FL,ASO,ES,Federal Contract Tower,0,1,11,1,13,1,1,55,1,58,1,2,66,2,71,96,0,96,167
12/03/2007,VQQ,FL,ASO,ES,Federal Contract Tower,0,4,14,2,20,0,0,22,15,37,0,4,36,17,57,23,106,129,186
12/04/2007,VQQ,FL,ASO,ES,Federal Contract Tower,0,0,17,4,21,0,3,52,28,83,0,3,69,32,104,54,114,168,272
12/05/2007,VQQ,FL,ASO,ES,Federal Contract Tower,0,0,15,14,29,0,4,28,29,61,0,4,43,43,90,24,130,154,244
12/06/2007,VQQ,FL,ASO,ES,Federal Contract Tower,1,4,26,12,43,0,4,60,84,148,1,8,86,96,191,50,166,216,407
12/07/2007,VQQ,FL,ASO,ES,Federal Contract Tower,1,6,36,46,89,0,2,29,56,87,1,8,65,102,176,20,18,38,214
12/08/2007,VQQ,FL,ASO,ES,Federal Contract Tower,20,0,11,17,48,14,0,57,71,142,34,0,68,88,190,48,16,64,254
12/09/2007,VQQ,FL,ASO,ES,Federal Contract Tower,3,0,17,17,37,0,0,34,35,69,3,0,51,52,106,64,58,122,228
12/10/2007,VQQ,FL,ASO,ES,Federal Contract Tower,1,0,21,35,57,0,3,50,64,117,1,3,71,99,174,67,70,137,311
12/11/2007,VQQ,FL,ASO,ES,Federal Contract Tower,1,0,13,42,56,0,3,35,74,112,1,3,48,116,168,37,236,273,441
12/12/2007,VQQ,FL,ASO,ES,Federal Contract Tower,0,0,18,3,21,0,5,31,75,111,0,5,49,78,132,28,184,212,344
12/13/2007,VQQ,FL,ASO,ES,Federal Contract Tower,1,1,10,7,19,4,0,51,70,125,5,1,61,77,144,38,68,106,250
12/14/2007,VQQ,FL,ASO,ES,Federal Contract Tower,0,0,27,8,35,0,2,79,67,148,0,2,106,75,183,69,113,182,365
12/15/2007,VQQ,FL,ASO,ES,Federal Contract Tower,3,0,11,2,16,0,1,18,26,45,3,1,29,28,61,12,0,12,73
12/16/2007,VQQ,FL,ASO,ES,Federal Contract Tower,0,0,9,1,10,0,0,14,2,16,0,0,23,3,26,16,0,16,42
12/17/2007,VQQ,FL,ASO,ES,Federal Contract Tower,2,0,3,4,9,0,5,49,36,90,2,5,52,40,99,15,150,165,264
12/18/2007,VQQ,FL,ASO,ES,Federal Contract Tower,0,1,10,6,17,0,4,45,51,100,0,5,55,57,117,126,94,220,337
12/19/2007,VQQ,FL,ASO,ES,Federal Contract Tower,0,0,19,16,35,0,0,47,57,104,0,0,66,73,139,80,216,296,435
12/20/2007,VQQ,FL,ASO,ES,Federal Contract Tower,4,5,13,16,38,19,2,53,56,130,23,7,66,72,168,18,198,216,384
12/21/2007,VQQ,FL,ASO,ES,Federal Contract Tower,0,0,14,5,19,0,2,14,0,16,0,2,28,5,35,28,3,31,66
12/22/2007,VQQ,FL,ASO,ES,Federal Contract Tower,2,0,14,0,16,0,0,2,0,2,2,0,16,0,18,2,0,2,20
12/23/2007,VQQ,FL,ASO,ES,Federal Contract Tower,2,0,5,0,7,0,2,15,2,19,2,2,20,2,26,0,0,0,26
12/24/2007,VQQ,FL,ASO,ES,Federal Contract Tower,2,0,2,3,7,0,4,35,1,40,2,4,37,4,47,20,22,42,89
12/25/2007,VQQ,FL,ASO,ES,Federal Contract Tower,0,0,2,0,2,0,1,5,0,6,0,1,7,0,8,0,0,0,8
12/26/2007,VQQ,FL,ASO,ES,Federal Contract Tower,1,2,16,0,19,0,2,24,0,26,1,4,40,0,45,2,0,2,47
12/27/2007,VQQ,FL,ASO,ES,Federal Contract Tower,1,0,11,3,15,0,0,35,13,48,1,0,46,16,63,20,56,76,139
12/28/2007,VQQ,FL,ASO,ES,Federal Contract Tower,6,2,5,0,13,1,0,30,34,65,7,2,35,34,78,22,82,104,182
12/29/2007,VQQ,FL,ASO,ES,Federal Contract Tower,1,1,2,0,4,0,0,46,0,46,1,1,48,0,50,28,0,28,78
12/30/2007,VQQ,FL,ASO,ES,Federal Contract Tower,2,0,21,1,24,0,1,10,0,11,2,1,31,1,35,0,0,0,35
12/31/2007,VQQ,FL,ASO,ES,Federal Contract Tower,5,0,4,3,12,0,4,28,2,34,5,4,32,5,46,22,24,46,92
01/01/2008,VQQ,FL,ASO,ES,Federal Contract Tower,0,2,1,0,3,0,0,22,0,22,0,2,23,0,25,0,0,0,25
01/02/2008,VQQ,FL,ASO,ES,Federal Contract Tower,2,0,12,10,24,0,6,17,14,37,2,6,29,24,61,10,36,46,107
01/03/2008,VQQ,FL,ASO,ES,Federal Contract Tower,2,0,12,5,19,0,3,41,45,89,2,3,53,50,108,58,146,204,312
01/04/2008,VQQ,FL,ASO,ES,Federal Contract Tower,0,0,24,4,28,0,0,71,54,125,0,0,95,58,153,54,150,204,357
01/05/2008,VQQ,FL,ASO,ES,Federal Contract Tower,2,0,9,1,12,2,4,62,7,75,4,4,71,8,87,6,0,6,93
01/06/2008,VQQ,FL,ASO,ES,Federal Contract Tower,0,0,12,6,18,0,0,27,7,34,0,0,39,13,52,22,12,34,86
01/07/2008,VQQ,FL,ASO,ES,Federal Contract Tower,0,0,19,4,23,0,2,53,37,92,0,2,72,41,115,51,34,85,200
01/08/2008,VQQ,FL,ASO,ES,Federal Contract Tower,2,1,8,4,15,0,1,37,51,89,2,2,45,55,104,16,354,370,474
01/09/2008,VQQ,FL,ASO,ES,Federal Contract Tower,1,1,17,10,29,0,4,59,40,103,1,5,76,50,132,80,203,283,415
01/10/2008,VQQ,FL,ASO,ES,Federal Contract Tower,0,1,19,8,28,0,0,47,90,137,0,1,66,98,165,58,178,236,401
01/11/2008,VQQ,FL,ASO,ES,Federal Contract Tower,3,3,16,4,26,1,3,29,21,54,4,6,45,25,80,72,28,100,180
01/12/2008,VQQ,FL,ASO,ES,Federal Contract Tower,0,0,7,1,8,0,1,11,20,32,0,1,18,21,40,0,46,46,86
01/13/2008,VQQ,FL,ASO,ES,Federal Contract Tower,0,0,16,0,16,0,0,10,0,10,0,0,26,0,26,18,0,18,44
01/14/2008,VQQ,FL,ASO,ES,Federal Contract Tower,0,1,9,12,22,0,0,56,25,81,0,1,65,37,103,82,122,204,307
01/15/2008,VQQ,FL,ASO,ES,Federal Contract Tower,0,2,7,4,13,0,2,52,43,97,0,4,59,47,110,73,182,255,365
01/16/2008,VQQ,FL,ASO,ES,Federal Contract Tower,0,6,11,1,18,0,2,29,78,109,0,8,40,79,127,20,95,115,242
01/17/2008,VQQ,FL,ASO,ES,Federal Contract Tower,0,0,23,4,27,0,2,25,40,67,0,2,48,44,94,46,186,232,326
01/18/2008,VQQ,FL,ASO,ES,Federal Contract Tower,1,2,22,13,38,0,0,20,20,40,1,2,42,33,78,0,0,0,78
01/19/2008,VQQ,FL,ASO,ES,Federal Contract Tower,2,0,8,9,19,0,2,6,4,12,2,2,14,13,31,0,0,0,31
01/20/2008,VQQ,FL,ASO,ES,Federal Contract Tower,0,0,14,7,21,0,0,69,9,78,0,0,83,16,99,44,36,80,179
01/21/2008,VQQ,FL,ASO,ES,Federal Contract Tower,0,0,12,10,22,0,4,21,3,28,0,4,33,13,50,10,10,20,70
01/22/2008,VQQ,FL,ASO,ES,Federal Contract Tower,0,0,2,9,11,0,2,41,63,106,0,2,43,72,117,45,113,158,275
01/23/2008,VQQ,FL,ASO,ES,Federal Contract Tower,1,2,12,4,19,0,2,28,52,82,1,4,40,56,101,8,182,190,291
01/24/2008,VQQ,FL,ASO,ES,Federal Contract Tower,0,0,7,24,31,0,6,31,67,104,0,6,38,91,135,34,202,236,371
01/25/2008,VQQ,FL,ASO,ES,Federal Contract Tower,0,4,10,13,27,0,14,54,49,117,0,18,64,62,144,81,116,197,341
01/26/2008,VQQ,FL,ASO,ES,Federal Contract Tower,0,0,30,1,31,0,2,8,9,19,0,2,38,10,50,0,0,0,50
01/27/2008,VQQ,FL,ASO,ES,Federal Contract Tower,0,0,38,13,51,0,3,83,9,95,0,3,121,22,146,68,36,104,250
01/28/2008,VQQ,FL,ASO,ES,Federal Contract Tower,1,1,11,4,17,0,0,60,26,86,1,1,71,30,103,74,109,183,286
01/29/2008,VQQ,FL,ASO,ES,Federal Contract Tower,0,2,11,0,13,0,1,46,37,84,0,3,57,37,97,95,130,225,322
01/30/2008,VQQ,FL,ASO,ES,Federal Contract Tower,0,2,24,3,29,0,3,28,36,67,0,5,52,39,96,60,175,235,331
01/31/2008,VQQ,FL,ASO,ES,Federal Contract Tower,2,0,26,16,44,0,0,31,52,83,2,0,57,68,127,44,252,296,423
02/01/2008,VQQ,FL,ASO,ES,Federal Contract Tower,1,0,10,0,11,0,5,33,11,49,1,5,43,11,60,32,86,118,178
02/02/2008,VQQ,FL,ASO,ES,Federal Contract Tower,1,0,16,8,25,0,3,69,15,87,1,3,85,23,112,22,4,26,138
02/03/2008,VQQ,FL,ASO,ES,Federal Contract Tower,0,0,8,0,8,0,4,45,7,56,0,4,53,7,64,62,0,62,126
02/04/2008,VQQ,FL,ASO,ES,Federal Contract Tower,0,1,11,9,21,0,2,39,29,70,0,3,50,38,91,56,69,125,216
02/05/2008,VQQ,FL,ASO,ES,Federal Contract Tower,2,0,38,2,42,5,2,15,33,55,7,2,53,35,97,75,231,306,403
02/06/2008,VQQ,FL,ASO,ES,Federal Contract Tower,2,2,7,3,14,0,3,18,56,77,2,5,25,59,91,10,198,208,299
02/07/2008,VQQ,FL,ASO,ES,Federal Contract Tower,4,0,28,5,37,3,1,39,52,95,7,1,67,57,132,68,76,144,276
02/08/2008,VQQ,FL,ASO,ES,Federal Contract Tower,0,0,24,4,28,0,1,68,40,109,0,1,92,44,137,102,94,196,333
02/09/2008,VQQ,FL,ASO,ES,Federal Contract Tower,0,0,13,2,15,0,6,73,14,93,0,6,86,16,108,86,24,110,218
02/10/2008,VQQ,FL,ASO,ES,Federal Contract Tower,5,0,22,4,31,0,0,66,22,88,5,0,88,26,119,80,18,98,217
02/11/2008,VQQ,FL,ASO,ES,Federal Contract Tower,1,0,12,3,16,0,2,51,35,88,1,2,63,38,104,50,52,102,206
02/12/2008,VQQ,FL,ASO,ES,Federal Contract Tower,1,0,15,3,19,1,1,29,34,65,2,1,44,37,84,64,136,200,284
02/13/2008,VQQ,FL,ASO,ES,Federal Contract Tower,1,2,5,5,13,0,4,10,20,34,1,6,15,25,47,8,202,210,257
02/14/2008,VQQ,FL,ASO,ES,Federal Contract Tower,10,0,20,5,35,3,5,38,61,107,13,5,58,66,142,36,124,160,302
02/15/2008,VQQ,FL,ASO,ES,Federal Contract Tower,2,2,16,4,24,0,2,58,20,80,2,4,74,24,104,82,8,90,194
02/16/2008,VQQ,FL,ASO,ES,Federal Contract Tower,1,1,12,4,18,0,13,89,0,102,1,14,101,4,120,90,0,90,210
02/17/2008,VQQ,FL,ASO,ES,Federal Contract Tower,2,2,8,0,12,0,4,48,1,53,2,6,56,1,65,114,0,114,179
02/18/2008,VQQ,FL,ASO,ES,Federal Contract Tower,4,0,12,0,16,0,1,17,3,21,4,1,29,3,37,10,0,10,47
02/19/2008,VQQ,FL,ASO,ES,Federal Contract Tower,1,2,33,17,53,0,0,63,41,104,1,2,96,58,157,32,90,122,279
02/20/2008,VQQ,FL,ASO,ES,Federal Contract Tower,1,0,12,4,17,0,1,50,39,90,1,1,62,43,107,103,284,387,494
02/21/2008,VQQ,FL,ASO,ES,Federal Contract Tower,0,0,10,7,17,0,2,22,70,94,0,2,32,77,111,73,136,209,320
02/22/2008,VQQ,FL,ASO,ES,Federal Contract Tower,2,0,12,7,21,0,2,17,26,45,2,2,29,33,66,14,78,92,158
02/23/2008,VQQ,FL,ASO,ES,Federal Contract Tower,4,0,17,6,27,0,2,18,20,40,4,2,35,26,67,24,6,30,97
02/24/2008,VQQ,FL,ASO,ES,Federal Contract Tower,1,0,15,5,21,0,2,69,23,94,1,2,84,28,115,122,64,186,301
02/25/2008,VQQ,FL,ASO,ES,Federal Contract Tower,2,0,25,8,35,0,1,47,17,65,2,1,72,25,100,132,30,162,262
02/26/2008,VQQ,FL,ASO,ES,Federal Contract Tower,0,0,7,1,8,0,1,10,10,21,0,1,17,11,29,0,46,46,75
02/27/2008,VQQ,FL,ASO,ES,Federal Contract Tower,0,0,20,9,29,0,1,25,18,44,0,1,45,27,73,12,97,109,182
02/28/2008,VQQ,FL,ASO,ES,Federal Contract Tower,0,0,7,4,11,0,2,38,35,75,0,2,45,39,86,58,136,194,280
02/29/2008,VQQ,FL,ASO,ES,Federal Contract Tower,0,2,14,13,29,0,0,55,39,94,0,2,69,52,123,103,84,187,310
03/01/2008,VQQ,FL,ASO,ES,Federal Contract Tower,2,0,11,1,14,0,0,58,19,77,2,0,69,20,91,40,0,40,131
03/02/2008,VQQ,FL,ASO,ES,Federal Contract Tower,14,3,16,5,38,0,2,72,12,86,14,5,88,17,124,64,44,108,232
03/03/2008,VQQ,FL,ASO,ES,Federal Contract Tower,2,0,15,10,27,0,1,47,68,116,2,1,62,78,143,60,102,162,305
03/04/2008,VQQ,FL,ASO,ES,Federal Contract Tower,0,0,0,7,7,0,0,2,42,44,0,0,2,49,51,0,172,172,223
03/05/2008,VQQ,FL,ASO,ES,Federal Contract Tower,0,0,23,15,38,0,3,50,83,136,0,3,73,98,174,64,123,187,361
03/06/2008,VQQ,FL,ASO,ES,Federal Contract Tower,0,2,26,36,64,0,6,30,102,138,0,8,56,138,202,13,196,209,411
03/07/2008,VQQ,FL,ASO,ES,Federal Contract Tower,3,2,3,4,12,0,0,3,1,4,3,2,6,5,16,0,0,0,16
03/08/2008,VQQ,FL,ASO,ES,Federal Contract Tower,2,2,1,9,14,0,3,5,84,92,2,5,6,93,106,0,0,0,106
03/09/2008,VQQ,FL,ASO,ES,Federal Contract Tower,14,0,12,32,58,2,0,87,75,164,16,0,99,107,222,114,2,116,338
03/10/2008,VQQ,FL,ASO,ES,Federal Contract Tower,1,2,46,42,91,0,10,73,63,146,1,12,119,105,237,36,124,160,397
03/11/2008,VQQ,FL,ASO,ES,Federal Contract Tower,1,0,23,36,60,0,4,53,18,75,1,4,76,54,135,40,42,82,217
03/12/2008,VQQ,FL,ASO,ES,Federal Contract Tower,6,3,11,11,31,0,4,51,32,87,6,7,62,43,118,63,84,147,265
03/13/2008,VQQ,FL,ASO,ES,Federal Contract Tower,3,2,9,0,14,0,3,44,30,77,3,5,53,30,91,86,110,196,287
03/14/2008,VQQ,FL,ASO,ES,Federal Contract Tower,0,1,8,9,18,0,2,28,26,56,0,3,36,35,74,40,30,70,144
03/15/2008,VQQ,FL,ASO,ES,Federal Contract Tower,0,0,8,0,8,0,0,18,20,38,0,0,26,20,46,0,0,0,46
03/16/2008,VQQ,FL,ASO,ES,Federal Contract Tower,0,0,11,4,15,0,4,45,13,62,0,4,56,17,77,38,50,88,165
03/17/2008,VQQ,FL,ASO,ES,Federal Contract Tower,0,0,15,11,26,7,1,37,39,84,7,1,52,50,110,100,146,246,356
03/18/2008,VQQ,FL,ASO,ES,Federal Contract Tower,0,0,12,8,20,0,1,27,7,35,0,1,39,15,55,32,24,56,111
03/19/2008,VQQ,FL,ASO,ES,Federal Contract Tower,0,0,12,4,16,0,0,25,62,87,0,0,37,66,103,22,227,249,352
03/20/2008,VQQ,FL,ASO,ES,Federal Contract Tower,0,0,6,4,10,0,3,44,25,72,0,3,50,29,82,44,46,90,172
03/21/2008,VQQ,FL,ASO,ES,Federal Contract Tower,2,0,8,11,21,0,0,80,53,133,2,0,88,64,154,55,39,94,248
03/22/2008,VQQ,FL,ASO,ES,Federal Contract Tower,0,0,13,2,15,0,2,32,9,43,0,2,45,11,58,66,6,72,130
03/23/2008,VQQ,FL,ASO,ES,Federal Contract Tower,2,0,8,5,15,0,2,42,4,48,2,2,50,9,63,2,20,22,85
03/24/2008,VQQ,FL,ASO,ES,Federal Contract Tower,3,0,14,9,26,0,1,32,28,61,3,1,46,37,87,14,158,172,259
03/25/2008,VQQ,FL,ASO,ES,Federal Contract Tower,2,2,18,7,29,0,4,33,50,87,2,6,51,57,116,21,154,175,291
03/26/2008,VQQ,FL,ASO,ES,Federal Contract Tower,3,0,14,9,26,0,2,71,34,107,3,2,85,43,133,76,138,214,347
03/27/2008,VQQ,FL,ASO,ES,Federal Contract Tower,1,1,11,4,17,0,2,44,28,74,1,3,55,32,91,59,70,129,220
03/28/2008,VQQ,FL,ASO,ES,Federal Contract Tower,1,0,22,2,25,0,5,56,22,83,1,5,78,24,108,50,77,127,235
03/29/2008,VQQ,FL,ASO,ES,Federal Contract Tower,2,0,7,8,17,0,0,46,30,76,2,0,53,38,93,68,22,90,183
03/30/2008,VQQ,FL,ASO,ES,Federal Contract Tower,0,0,10,2,12,0,0,13,22,35,0,0,23,24,47,4,0,4,51
03/31/2008,VQQ,FL,ASO,ES,Federal Contract Tower,0,0,23,2,25,0,1,17,29,47,0,1,40,31,72,24,20,44,116
04/01/2008,VQQ,FL,ASO,ES,Federal Contract Tower,3,0,11,5,19,1,0,45,67,113,4,0,56,72,132,72,131,203,335
04/02/2008,VQQ,FL,ASO,ES,Federal Contract Tower,3,0,9,3,15,4,0,70,57,131,7,0,79,60,146,51,196,247,393
04/03/2008,VQQ,FL,ASO,ES,Federal Contract Tower,0,0,16,4,20,0,0,14,32,46,0,0,30,36,66,0,34,34,100
04/04/2008,VQQ,FL,ASO,ES,Federal Contract Tower,1,0,10,5,16,1,5,40,33,79,2,5,50,38,95,42,137,179,274
04/05/2008,VQQ,FL,ASO,ES,Federal Contract Tower,0,0,3,0,3,4,2,28,18,52,4,2,31,18,55,16,10,26,81
04/06/2008,VQQ,FL,ASO,ES,Federal Contract Tower,0,0,5,0,5,1,2,17,10,30,1,2,22,10,35,14,2,16,51
04/07/2008,VQQ,FL,ASO,ES,Federal Contract Tower,7,0,13,5,25,0,3,22,68,93,7,3,35,73,118,18,97,115,233
04/08/2008,VQQ,FL,ASO,ES,Federal Contract Tower,0,0,12,5,17,1,1,31,73,106,1,1,43,78,123,22,138,160,283
04/09/2008,VQQ,FL,ASO,ES,Federal Contract Tower,0,0,24,1,25,0,1,46,58,105,0,1,70,59,130,44,152,196,326
04/10/2008,VQQ,FL,ASO,ES,Federal Contract Tower,2,2,16,7,27,0,4,54,46,104,2,6,70,53,131,64,282,346,477
04/11/2008,VQQ,FL,ASO,ES,Federal Contract Tower,0,1,8,2,11,0,1,35,26,62,0,2,43,28,73,53,59,112,185
04/12/2008,VQQ,FL,ASO,ES,Federal Contract Tower,1,2,6,4,13,0,2,55,16,73,1,4,61,20,86,2,18,20,106
04/13/2008,VQQ,FL,ASO,ES,Federal Contract Tower,5,0,7,3,15,1,2,31,8,42,6,2,38,11,57,20,4,24,81
04/14/2008,VQQ,FL,ASO,ES,Federal Contract Tower,4,0,21,2,27,0,1,38,18,57,4,1,59,20,84,40,16,56,140
04/15/2008,VQQ,FL,ASO,ES,Federal Contract Tower,1,0,7,10,18,0,0,54,36,90,1,0,61,46,108,96,287,383,491
04/16/2008,VQQ,FL,ASO,ES,Federal Contract Tower,1,0,26,4,31,0,0,40,35,75,1,0,66,39,106,48,106,154,260
04/17/2008,VQQ,FL,ASO,ES,Federal Contract Tower,0,4,12,1,17,0,0,67,28,95,0,4,79,29,112,43,73,116,228
04/18/2008,VQQ,FL,ASO,ES,Federal Contract Tower,1,2,8,6,17,0,1,70,20,91,1,3,78,26,108,64,42,106,214
04/19/2008,VQQ,FL,ASO,ES,Federal Contract Tower,0,0,5,7,12,0,0,29,14,43,0,0,34,21,55,20,12,32,87
04/20/2008,VQQ,FL,ASO,ES,Federal Contract Tower,0,4,7,0,11,0,2,62,2,66,0,6,69,2,77,64,0,64,141
04/21/2008,VQQ,FL,ASO,ES,Federal Contract Tower,0,0,11,8,19,0,2,48,33,83,0,2,59,41,102,67,111,178,280
04/22/2008,VQQ,FL,ASO,ES,Federal Contract Tower,6,2,18,9,35,0,1,71,54,126,6,3,89,63,161,54,256,310,471
04/23/2008,VQQ,FL,ASO,ES,Federal Contract Tower,2,0,20,11,33,0,0,60,31,91,2,0,80,42,124,66,175,241,365
04/24/2008,VQQ,FL,ASO,ES,Federal Contract Tower,1,1,9,9,20,0,1,39,37,77,1,2,48,46,97,75,118,193,290
04/25/2008,VQQ,FL,ASO,ES,Federal Contract Tower,0,0,8,10,18,0,3,58,39,100,0,3,66,49,118,40,31,71,189
04/26/2008,VQQ,FL,ASO,ES,Federal Contract Tower,2,0,12,2,16,0,0,52,8,60,2,0,64,10,76,40,10,50,126
04/27/2008,VQQ,FL,ASO,ES,Federal Contract Tower,1,0,17,3,21,0,3,38,11,52,1,3,55,14,73,12,6,18,91
04/28/2008,VQQ,FL,ASO,ES,Federal Contract Tower,2,0,8,3,13,0,2,4,11,17,2,2,12,14,30,0,44,44,74
04/29/2008,VQQ,FL,ASO,ES,Federal Contract Tower,1,1,26,6,34,0,3,58,36,97,1,4,84,42,131,74,52,126,257
04/30/2008,VQQ,FL,ASO,ES,Federal Contract Tower,2,0,33,4,39,0,0,72,37,109,2,0,105,41,148,66,154,220,368
05/01/2008,VQQ,FL,ASO,ES,Federal Contract Tower,1,0,22,21,44,0,3,44,17,64,1,3,66,38,108,82,88,170,278
05/02/2008,VQQ,FL,ASO,ES,Federal Contract Tower,2,0,10,2,14,0,4,64,23,91,2,4,74,25,105,82,76,158,263
05/03/2008,VQQ,FL,ASO,ES,Federal Contract Tower,2,0,3,2,7,0,4,244,8,256,2,4,247,10,263,184,8,192,455
05/04/2008,VQQ,FL,ASO,ES,Federal Contract Tower,3,1,11,4,19,0,5,34,2,41,3,6,45,6,60,10,2,12,72
05/05/2008,VQQ,FL,ASO,ES,Federal Contract Tower,3,1,10,7,21,0,2,57,31,90,3,3,67,38,111,58,229,287,398
05/06/2008,VQQ,FL,ASO,ES,Federal Contract Tower,7,0,11,8,26,8,3,57,44,112,15,3,68,52,138,72,190,262,400
05/07/2008,VQQ,FL,ASO,ES,Federal Contract Tower,5,0,12,3,20,0,0,22,42,64,5,0,34,45,84,30,118,148,232
05/08/2008,VQQ,FL,ASO,ES,Federal Contract Tower,2,0,18,5,25,0,2,43,30,75,2,2,61,35,100,18,67,85,185
05/09/2008,VQQ,FL,ASO,ES,Federal Contract Tower,2,0,7,3,12,0,3,38,18,59,2,3,45,21,71,22,42,64,135
05/10/2008,VQQ,FL,ASO,ES,Federal Contract Tower,6,3,18,2,29,0,0,28,6,34,6,3,46,8,63,0,0,0,63
05/11/2008,VQQ,FL,ASO,ES,Federal Contract Tower,4,0,0,0,4,0,4,8,0,12,4,4,8,0,16,0,0,0,16
05/12/2008,VQQ,FL,ASO,ES,Federal Contract Tower,4,1,9,2,16,0,6,38,25,69,4,7,47,27,85,35,122,157,242
05/13/2008,VQQ,FL,ASO,ES,Federal Contract Tower,1,0,10,6,17,0,1,38,60,99,1,1,48,66,116,53,217,270,386
05/14/2008,VQQ,FL,ASO,ES,Federal Contract Tower,0,0,11,3,14,0,0,43,21,64,0,0,54,24,78,42,81,123,201
05/15/2008,VQQ,FL,ASO,ES,Federal Contract Tower,3,0,7,2,12,0,3,52,57,112,3,3,59,59,124,84,223,307,431
05/16/2008,VQQ,FL,ASO,ES,Federal Contract Tower,0,0,12,0,12,0,0,22,5,27,0,0,34,5,39,10,6,16,55
05/17/2008,VQQ,FL,ASO,ES,Federal Contract Tower,0,0,11,0,11,0,2,51,7,60,0,2,62,7,71,50,12,62,133
05/18/2008,VQQ,FL,ASO,ES,Federal Contract Tower,5,0,5,0,10,0,0,23,5,28,5,0,28,5,38,2,6,8,46
05/19/2008,VQQ,FL,ASO,ES,Federal Contract Tower,2,0,9,10,21,0,2,33,33,68,2,2,42,43,89,54,181,235,324
05/20/2008,VQQ,FL,ASO,ES,Federal Contract Tower,1,0,13,5,19,0,6,42,39,87,1,6,55,44,106,54,198,252,358
05/21/2008,VQQ,FL,ASO,ES,Federal Contract Tower,3,1,25,3,32,0,3,31,23,57,3,4,56,26,89,12,102,114,203
05/22/2008,VQQ,FL,ASO,ES,Federal Contract Tower,0,3,4,9,16,0,1,40,35,76,0,4,44,44,92,21,159,180,272
05/23/2008,VQQ,FL,ASO,ES,Federal Contract Tower,2,0,11,1,14,0,4,23,8,35,2,4,34,9,49,9,0,9,58
05/24/2008,VQQ,FL,ASO,ES,Federal Contract Tower,2,0,6,2,10,0,2,44,0,46,2,2,50,2,56,60,0,60,116
05/25/2008,VQQ,FL,ASO,ES,Federal Contract Tower,3,0,16,0,19,0,3,35,0,38,3,3,51,0,57,28,0,28,85
05/26/2008,VQQ,FL,ASO,ES,Federal Contract Tower,0,0,16,0,16,0,2,57,0,59,0,2,73,0,75,84,0,84,159
05/27/2008,VQQ,FL,ASO,ES,Federal Contract Tower,0,2,15,3,20,0,0,40,44,84,0,2,55,47,104,59,72,131,235
05/28/2008,VQQ,FL,ASO,ES,Federal Contract Tower,0,4,20,10,34,0,4,51,69,124,0,8,71,79,158,28,174,202,360
05/29/2008,VQQ,FL,ASO,ES,Federal Contract Tower,0,0,33,5,38,0,4,46,62,112,0,4,79,67,150,38,50,88,238
05/30/2008,VQQ,FL,ASO,ES,Federal Contract Tower,1,0,17,7,25,0,1,43,47,91,1,1,60,54,116,11,74,85,201
05/31/2008,VQQ,FL,ASO,ES,Federal Contract Tower,0,0,10,0,10,0,0,54,20,74,0,0,64,20,84,20,6,26,110
06/01/2008,VQQ,FL,ASO,ES,Federal Contract Tower,0,0,6,0,6,0,0,29,27,56,0,0,35,27,62,24,31,55,117
06/02/2008,VQQ,FL,ASO,ES,Federal Contract Tower,0,0,3,2,5,0,2,19,24,45,0,2,22,26,50,12,16,28,78
06/03/2008,VQQ,FL,ASO,ES,Federal Contract Tower,0,0,12,0,12,1,4,38,36,79,1,4,50,36,91,54,171,225,316
06/04/2008,VQQ,FL,ASO,ES,Federal Contract Tower,2,0,5,6,13,0,3,38,77,118,2,3,43,83,131,8,204,212,343
06/05/2008,VQQ,FL,ASO,ES,Federal Contract Tower,0,2,16,13,31,0,0,48,97,145,0,2,64,110,176,36,155,191,367
06/06/2008,VQQ,FL,ASO,ES,Federal Contract Tower,2,0,25,2,29,0,0,58,32,90,2,0,83,34,119,74,64,138,257
06/07/2008,VQQ,FL,ASO,ES,Federal Contract Tower,8,0,4,4,16,0,1,62,37,100,8,1,66,41,116,56,0,56,172
06/08/2008,VQQ,FL,ASO,ES,Federal Contract Tower,3,0,14,1,18,0,0,23,35,58,3,0,37,36,76,36,0,36,112
06/09/2008,VQQ,FL,ASO,ES,Federal Contract Tower,0,1,15,9,25,0,2,44,110,156,0,3,59,119,181,34,208,242,423
06/10/2008,VQQ,FL,ASO,ES,Federal Contract Tower,4,0,14,12,30,3,6,29,51,89,7,6,43,63,119,56,108,164,283
06/11/2008,VQQ,FL,ASO,ES,Federal Contract Tower,8,1,15,19,43,13,1,37,52,103,21,2,52,71,146,30,66,96,242
06/12/2008,VQQ,FL,ASO,ES,Federal Contract Tower,2,0,11,35,48,12,0,35,98,145,14,0,46,133,193,16,88,104,297
06/13/2008,VQQ,FL,ASO,ES,Federal Contract Tower,6,0,16,34,56,5,2,44,102,153,11,2,60,136,209,12,53,65,274
06/14/2008,VQQ,FL,ASO,ES,Federal Contract Tower,1,2,12,21,36,0,1,46,2,49,1,3,58,23,85,36,6,42,127
06/15/2008,VQQ,FL,ASO,ES,Federal Contract Tower,1,0,6,1,8,0,0,39,0,39,1,0,45,1,47,10,0,10,57
06/16/2008,VQQ,FL,ASO,ES,Federal Contract Tower,1,0,11,3,15,0,4,28,28,60,1,4,39,31,75,34,284,318,393
06/17/2008,VQQ,FL,ASO,ES,Federal Contract Tower,1,1,21,10,33,0,2,63,38,103,1,3,84,48,136,82,163,245,381
06/18/2008,VQQ,FL,ASO,ES,Federal Contract Tower,0,0,4,7,11,0,0,33,30,63,0,0,37,37,74,20,108,128,202
06/19/2008,VQQ,FL,ASO,ES,Federal Contract Tower,2,0,20,15,37,21,0,79,31,131,23,0,99,46,168,54,148,202,370
06/20/2008,VQQ,FL,ASO,ES,Federal Contract Tower,0,0,26,17,43,0,4,58,27,89,0,4,84,44,132,32,28,60,192
06/21/2008,VQQ,FL,ASO,ES,Federal Contract Tower,0,0,16,5,21,0,0,63,2,65,0,0,79,7,86,36,0,36,122
06/22/2008,VQQ,FL,ASO,ES,Federal Contract Tower,0,0,14,0,14,0,1,19,2,22,0,1,33,2,36,6,0,6,42
06/23/2008,VQQ,FL,ASO,ES,Federal Contract Tower,0,0,14,4,18,0,1,34,20,55,0,1,48,24,73,20,96,116,189
06/24/2008,VQQ,FL,ASO,ES,Federal Contract Tower,0,0,10,8,18,0,5,54,49,108,0,5,64,57,126,26,323,349,475
06/25/2008,VQQ,FL,ASO,ES,Federal Contract Tower,0,0,15,5,20,0,3,33,46,82,0,3,48,51,102,30,169,199,301
06/26/2008,VQQ,FL,ASO,ES,Federal Contract Tower,1,1,12,7,21,0,2,33,27,62,1,3,45,34,83,8,176,184,267
06/27/2008,VQQ,FL,ASO,ES,Federal Contract Tower,0,2,23,11,36,1,0,53,21,75,1,2,76,32,111,50,86,136,247
06/28/2008,VQQ,FL,ASO,ES,Federal Contract Tower,0,0,21,0,21,0,1,26,8,35,0,1,47,8,56,20,20,40,96
06/29/2008,VQQ,FL,ASO,ES,Federal Contract Tower,0,3,10,0,13,0,1,21,0,22,0,4,31,0,35,36,0,36,71
06/30/2008,VQQ,FL,ASO,ES,Federal Contract Tower,0,1,4,6,11,0,0,18,31,49,0,1,22,37,60,10,83,93,153
07/01/2008,VQQ,FL,ASO,ES,Federal Contract Tower,2,0,14,1,17,2,2,57,41,102,4,2,71,42,119,65,247,312,431
07/02/2008,VQQ,FL,ASO,ES,Federal Contract Tower,1,0,11,2,14,1,5,58,66,130,2,5,69,68,144,37,131,168,312
07/03/2008,VQQ,FL,ASO,ES,Federal Contract Tower,0,1,6,0,7,0,1,67,23,91,0,2,73,23,98,67,154,221,319
07/04/2008,VQQ,FL,ASO,ES,Federal Contract Tower,0,0,10,0,10,0,0,23,0,23,0,0,33,0,33,26,0,26,59
07/05/2008,VQQ,FL,ASO,ES,Federal Contract Tower,1,0,13,0,14,2,0,40,0,42,3,0,53,0,56,24,0,24,80
07/06/2008,VQQ,FL,ASO,ES,Federal Contract Tower,1,0,2,1,4,1,0,18,1,20,2,0,20,2,24,16,0,16,40
07/07/2008,VQQ,FL,ASO,ES,Federal Contract Tower,0,0,5,1,6,0,0,7,12,19,0,0,12,13,25,0,64,64,89
07/08/2008,VQQ,FL,ASO,ES,Federal Contract Tower,2,0,6,1,9,1,4,21,19,45,3,4,27,20,54,8,106,114,168
07/09/2008,VQQ,FL,ASO,ES,Federal Contract Tower,0,0,10,7,17,0,0,11,34,45,0,0,21,41,62,49,162,211,273
07/10/2008,VQQ,FL,ASO,ES,Federal Contract Tower,0,0,15,9,24,0,0,7,57,64,0,0,22,66,88,30,116,146,234
07/11/2008,VQQ,FL,ASO,ES,Federal Contract Tower,1,0,16,8,25,0,0,39,20,59,1,0,55,28,84,65,13,78,162
07/12/2008,VQQ,FL,ASO,ES,Federal Contract Tower,0,0,22,4,26,0,0,16,2,18,0,0,38,6,44,34,0,34,78
07/13/2008,VQQ,FL,ASO,ES,Federal Contract Tower,0,4,9,4,17,0,0,14,2,16,0,4,23,6,33,8,0,8,41
07/14/2008,VQQ,FL,ASO,ES,Federal Contract Tower,0,3,11,2,16,0,0,27,11,38,0,3,38,13,54,12,20,32,86
07/15/2008,VQQ,FL,ASO,ES,Federal Contract Tower,0,0,5,25,30,0,0,18,85,103,0,0,23,110,133,22,190,212,345
07/16/2008,VQQ,FL,ASO,ES,Federal Contract Tower,2,0,8,61,71,0,1,20,47,68,2,1,28,108,139,8,58,66,205
07/17/2008,VQQ,FL,ASO,ES,Federal Contract Tower,0,2,13,62,77,0,0,20,37,57,0,2,33,99,134,22,100,122,256
07/18/2008,VQQ,FL,ASO,ES,Federal Contract Tower,9,0,17,42,68,0,0,7,30,37,9,0,24,72,105,3,44,47,152
07/19/2008,VQQ,FL,ASO,ES,Federal Contract Tower,3,0,23,27,53,0,0,56,17,73,3,0,79,44,126,56,0,56,182
07/20/2008,VQQ,FL,ASO,ES,Federal Contract Tower,4,0,24,1,29,0,0,28,0,28,4,0,52,1,57,49,0,49,106
07/21/2008,VQQ,FL,ASO,ES,Federal Contract Tower,3,0,13,1,17,0,0,22,30,52,3,0,35,31,69,8,105,113,182
07/22/2008,VQQ,FL,ASO,ES,Federal Contract Tower,3,0,14,4,21,0,0,23,17,40,3,0,37,21,61,57,114,171,232
07/23/2008,VQQ,FL,ASO,ES,Federal Contract Tower,0,5,17,9,31,0,0,16,16,32,0,5,33,25,63,56,56,112,175
07/24/2008,VQQ,FL,ASO,ES,Federal Contract Tower,11,0,24,14,49,0,1,23,26,50,11,1,47,40,99,50,52,102,201
07/25/2008,VQQ,FL,ASO,ES,Federal Contract Tower,2,0,1,4,7,0,0,37,44,81,2,0,38,48,88,37,179,216,304
07/26/2008,VQQ,FL,ASO,ES,Federal Contract Tower,1,2,11,2,16,0,0,16,16,32,1,2,27,18,48,14,10,24,72
07/27/2008,VQQ,FL,ASO,ES,Federal Contract Tower,0,1,4,1,6,0,0,9,10,19,0,1,13,11,25,20,16,36,61
07/28/2008,VQQ,FL,ASO,ES,Federal Contract Tower,2,0,6,3,11,0,0,31,32,63,2,0,37,35,74,22,92,114,188
07/29/2008,VQQ,FL,ASO,ES,Federal Contract Tower,2,2,20,8,32,0,0,32,27,59,2,2,52,35,91,54,94,148,239
07/30/2008,VQQ,FL,ASO,ES,Federal Contract Tower,6,1,6,3,16,0,0,40,40,80,6,1,46,43,96,16,90,106,202
07/31/2008,VQQ,FL,ASO,ES,Federal Contract Tower,1,2,23,6,32,0,0,13,28,41,1,2,36,34,73,8,112,120,193
08/01/2008,VQQ,FL,ASO,ES,Federal Contract Tower,2,0,14,1,17,0,2,25,10,37,2,2,39,11,54,26,59,85,139
08/02/2008,VQQ,FL,ASO,ES,Federal Contract Tower,2,0,11,0,13,0,1,24,1,26,2,1,35,1,39,14,0,14,53
08/03/2008,VQQ,FL,ASO,ES,Federal Contract Tower,0,0,5,0,5,0,0,28,0,28,0,0,33,0,33,66,0,66,99
08/04/2008,VQQ,FL,ASO,ES,Federal Contract Tower,0,0,9,3,12,0,0,26,15,41,0,0,35,18,53,38,38,76,129
08/05/2008,VQQ,FL,ASO,ES,Federal Contract Tower,0,0,2,5,7,0,0,26,31,57,0,0,28,36,64,50,64,114,178
08/06/2008,VQQ,FL,ASO,ES,Federal Contract Tower,1,2,4,7,14,0,0,17,30,47,1,2,21,37,61,13,213,226,287
08/07/2008,VQQ,FL,ASO,ES,Federal Contract Tower,0,0,21,8,29,0,0,18,31,49,0,0,39,39,78,2,84,86,164
08/08/2008,VQQ,FL,ASO,ES,Federal Contract Tower,0,1,3,8,12,0,0,3,17,20,0,1,6,25,32,8,0,8,40
08/09/2008,VQQ,FL,ASO,ES,Federal Contract Tower,0,1,12,1,14,0,0,9,1,10,0,1,21,2,24,30,0,30,54
08/10/2008,VQQ,FL,ASO,ES,Federal Contract Tower,0,0,4,0,4,0,0,17,0,17,0,0,21,0,21,28,0,28,49
08/11/2008,VQQ,FL,ASO,ES,Federal Contract Tower,0,0,12,6,18,0,0,20,13,33,0,0,32,19,51,26,152,178,229
08/12/2008,VQQ,FL,ASO,ES,Federal Contract Tower,0,0,10,14,24,0,0,4,17,21,0,0,14,31,45,26,40,66,111
08/13/2008,VQQ,FL,ASO,ES,Federal Contract Tower,5,0,14,4,23,0,0,2,7,9,5,0,16,11,32,0,0,0,32
08/14/2008,VQQ,FL,ASO,ES,Federal Contract Tower,3,0,4,13,20,4,0,11,29,44,7,0,15,42,64,2,98,100,164
08/15/2008,VQQ,FL,ASO,ES,Federal Contract Tower,4,1,28,8,41,0,0,27,17,44,4,1,55,25,85,38,119,157,242
08/16/2008,VQQ,FL,ASO,ES,Federal Contract Tower,0,0,11,0,11,0,0,9,6,15,0,0,20,6,26,44,0,44,70
08/17/2008,VQQ,FL,ASO,ES,Federal Contract Tower,0,0,2,1,3,0,0,4,2,6,0,0,6,3,9,0,0,0,9
08/18/2008,VQQ,FL,ASO,ES,Federal Contract Tower,0,0,20,13,33,0,0,1,9,10,0,0,21,22,43,0,18,18,61
08/19/2008,VQQ,FL,ASO,ES,Federal Contract Tower,1,0,3,2,6,0,2,5,2,9,1,2,8,4,15,10,44,54,69
08/20/2008,VQQ,FL,ASO,ES,Federal Contract Tower,0,2,0,0,2,0,0,0,0,0,0,2,0,0,2,0,0,0,2
08/21/2008,VQQ,FL,ASO,ES,Federal Contract Tower,1,2,0,0,3,0,0,0,0,0,1,2,0,0,3,0,0,0,3
08/22/2008,VQQ,FL,ASO,ES,Federal Contract Tower,0,0,0,0,0,0,0,0,0,0,0,0,0,0,0,0,0,0,0
08/23/2008,VQQ,FL,ASO,ES,Federal Contract Tower,1,0,0,3,4,0,0,0,7,7,1,0,0,10,11,0,12,12,23
08/24/2008,VQQ,FL,ASO,ES,Federal Contract Tower,0,0,3,0,3,0,0,7,1,8,0,0,10,1,11,2,0,2,13
08/25/2008,VQQ,FL,ASO,ES,Federal Contract Tower,1,2,23,9,35,0,0,17,12,29,1,2,40,21,64,24,128,152,216
08/26/2008,VQQ,FL,ASO,ES,Federal Contract Tower,0,0,20,8,28,0,0,18,34,52,0,0,38,42,80,66,204,270,350
08/27/2008,VQQ,FL,ASO,ES,Federal Contract Tower,3,0,15,2,20,0,0,20,27,47,3,0,35,29,67,72,208,280,347
08/28/2008,VQQ,FL,ASO,ES,Federal Contract Tower,2,1,12,8,23,0,0,28,46,74,2,1,40,54,97,38,161,199,296
08/29/2008,VQQ,FL,ASO,ES,Federal Contract Tower,2,1,12,1,16,0,1,36,17,54,2,2,48,18,70,98,74,172,242
08/30/2008,VQQ,FL,ASO,ES,Federal Contract Tower,0,0,4,0,4,0,0,6,0,6,0,0,10,0,10,10,0,10,20
08/31/2008,VQQ,FL,ASO,ES,Federal Contract Tower,0,0,1,6,7,0,0,10,11,21,0,0,11,17,28,28,38,66,94
09/01/2008,VQQ,FL,ASO,ES,Federal Contract Tower,0,0,5,0,5,0,0,6,0,6,0,0,11,0,11,10,0,10,21
09/02/2008,VQQ,FL,ASO,ES,Federal Contract Tower,0,1,11,1,13,0,0,10,20,30,0,1,21,21,43,18,143,161,204
09/03/2008,VQQ,FL,ASO,ES,Federal Contract Tower,0,0,8,7,15,0,0,26,24,50,0,0,34,31,65,14,158,172,237
09/04/2008,VQQ,FL,ASO,ES,Federal Contract Tower,0,0,3,3,6,0,0,14,58,72,0,0,17,61,78,20,222,242,320
09/05/2008,VQQ,FL,ASO,ES,Federal Contract Tower,0,2,7,1,10,0,0,8,13,21,0,2,15,14,31,2,88,90,121
09/06/2008,VQQ,FL,ASO,ES,Federal Contract Tower,0,1,17,0,18,0,0,34,3,37,0,1,51,3,55,84,2,86,141
09/07/2008,VQQ,FL,ASO,ES,Federal Contract Tower,0,0,20,0,20,0,0,33,0,33,0,0,53,0,53,26,0,26,79
09/08/2008,VQQ,FL,ASO,ES,Federal Contract Tower,0,0,11,4,15,0,0,26,30,56,0,0,37,34,71,28,140,168,239
09/09/2008,VQQ,FL,ASO,ES,Federal Contract Tower,0,2,17,3,22,0,0,23,33,56,0,2,40,36,78,48,177,225,303
09/10/2008,VQQ,FL,ASO,ES,Federal Contract Tower,0,0,22,8,30,0,0,14,36,50,0,0,36,44,80,24,170,194,274
09/11/2008,VQQ,FL,ASO,ES,Federal Contract Tower,2,2,18,3,25,0,0,26,24,50,2,2,44,27,75,46,144,190,265
09/12/2008,VQQ,FL,ASO,ES,Federal Contract Tower,0,3,22,4,29,0,0,35,34,69,0,3,57,38,98,58,85,143,241
09/13/2008,VQQ,FL,ASO,ES,Federal Contract Tower,0,0,27,5,32,0,1,24,18,43,0,1,51,23,75,134,66,200,275
09/14/2008,VQQ,FL,ASO,ES,Federal Contract Tower,0,0,5,4,9,0,0,11,3,14,0,0,16,7,23,18,0,18,41
09/15/2008,VQQ,FL,ASO,ES,Federal Contract Tower,2,0,28,8,38,0,0,35,5,40,2,0,63,13,78,84,49,133,211
09/16/2008,VQQ,FL,ASO,ES,Federal Contract Tower,2,0,16,3,21,0,0,41,18,59,2,0,57,21,80,38,74,112,192
09/17/2008,VQQ,FL,ASO,ES,Federal Contract Tower,6,0,18,8,32,0,0,35,42,77,6,0,53,50,109,64,80,144,253
09/18/2008,VQQ,FL,ASO,ES,Federal Contract Tower,2,0,13,3,18,0,1,23,25,49,2,1,36,28,67,68,94,162,229
09/19/2008,VQQ,FL,ASO,ES,Federal Contract Tower,5,0,25,5,35,4,0,49,22,75,9,0,74,27,110,56,104,160,270
09/20/2008,VQQ,FL,ASO,ES,Federal Contract Tower,6,0,8,2,16,5,0,12,6,23,11,0,20,8,39,30,0,30,69
09/21/2008,VQQ,FL,ASO,ES,Federal Contract Tower,7,0,6,0,13,1,0,11,6,18,8,0,17,6,31,19,50,69,100
09/22/2008,VQQ,FL,ASO,ES,Federal Contract Tower,9,0,12,2,23,0,0,4,0,4,9,0,16,2,27,2,0,2,29
09/23/2008,VQQ,FL,ASO,ES,Federal Contract Tower,6,2,29,4,41,6,1,30,25,62,12,3,59,29,103,14,102,116,219
09/24/2008,VQQ,FL,ASO,ES,Federal Contract Tower,3,0,18,7,28,0,0,25,35,60,3,0,43,42,88,50,142,192,280
09/25/2008,VQQ,FL,ASO,ES,Federal Contract Tower,2,0,22,10,34,0,1,25,51,77,2,1,47,61,111,46,158,204,315
09/26/2008,VQQ,FL,ASO,ES,Federal Contract Tower,0,1,6,8,15,0,0,28,27,55,0,1,34,35,70,59,137,196,266
09/27/2008,VQQ,FL,ASO,ES,Federal Contract Tower,3,0,9,3,15,0,0,51,1,52,3,0,60,4,67,66,0,66,133
09/28/2008,VQQ,FL,ASO,ES,Federal Contract Tower,1,0,15,2,18,0,0,21,4,25,1,0,36,6,43,54,0,54,97
09/29/2008,VQQ,FL,ASO,ES,Federal Contract Tower,3,0,12,8,23,0,0,17,30,47,3,0,29,38,70,46,139,185,255
09/30/2008,VQQ,FL,ASO,ES,Federal Contract Tower,2,0,10,6,18,0,0,22,31,53,2,0,32,37,71,68,160,228,299
10/01/2008,VQQ,FL,ASO,ES,Federal Contract Tower,1,0,17,3,21,0,0,15,42,57,1,0,32,45,78,30,156,186,264
10/02/2008,VQQ,FL,ASO,ES,Federal Contract Tower,1,0,26,7,34,0,0,17,32,49,1,0,43,39,83,53,294,347,430
10/03/2008,VQQ,FL,ASO,ES,Federal Contract Tower,1,0,10,6,17,0,0,33,37,70,1,0,43,43,87,67,63,130,217
10/04/2008,VQQ,FL,ASO,ES,Federal Contract Tower,0,2,12,4,18,0,0,22,3,25,0,2,34,7,43,48,2,50,93
10/05/2008,VQQ,FL,ASO,ES,Federal Contract Tower,0,0,16,0,16,0,0,23,5,28,0,0,39,5,44,60,24,84,128
10/06/2008,VQQ,FL,ASO,ES,Federal Contract Tower,0,2,12,0,14,0,0,17,21,38,0,2,29,21,52,20,66,86,138
10/07/2008,VQQ,FL,ASO,ES,Federal Contract Tower,2,0,22,5,29,0,0,11,44,55,2,0,33,49,84,22,176,198,282
10/08/2008,VQQ,FL,ASO,ES,Federal Contract Tower,2,0,19,2,23,0,0,12,33,45,2,0,31,35,68,24,94,118,186
10/09/2008,VQQ,FL,ASO,ES,Federal Contract Tower,0,0,19,19,38,0,0,17,17,34,0,0,36,36,72,32,80,112,184
10/10/2008,VQQ,FL,ASO,ES,Federal Contract Tower,1,0,7,5,13,0,0,18,12,30,1,0,25,17,43,65,107,172,215
10/11/2008,VQQ,FL,ASO,ES,Federal Contract Tower,0,0,8,0,8,0,0,17,1,18,0,0,25,1,26,22,0,22,48
10/12/2008,VQQ,FL,ASO,ES,Federal Contract Tower,0,0,7,0,7,0,0,5,0,5,0,0,12,0,12,0,0,0,12
10/13/2008,VQQ,FL,ASO,ES,Federal Contract Tower,0,0,11,2,13,0,0,11,0,11,0,0,22,2,24,36,0,36,60
10/14/2008,VQQ,FL,ASO,ES,Federal Contract Tower,0,0,11,8,19,0,0,32,42,74,0,0,43,50,93,38,151,189,282
10/15/2008,VQQ,FL,ASO,ES,Federal Contract Tower,0,0,9,7,16,0,0,22,32,54,0,0,31,39,70,24,132,156,226
10/16/2008,VQQ,FL,ASO,ES,Federal Contract Tower,0,2,14,6,22,0,2,27,24,53,0,4,41,30,75,38,76,114,189
10/17/2008,VQQ,FL,ASO,ES,Federal Contract Tower,2,0,8,2,12,0,1,26,27,54,2,1,34,29,66,23,7,30,96
10/18/2008,VQQ,FL,ASO,ES,Federal Contract Tower,2,0,9,0,11,0,0,19,4,23,2,0,28,4,34,24,12,36,70
10/19/2008,VQQ,FL,ASO,ES,Federal Contract Tower,0,0,10,14,24,0,0,17,0,17,0,0,27,14,41,48,0,48,89
10/20/2008,VQQ,FL,ASO,ES,Federal Contract Tower,0,0,22,3,25,0,0,31,24,55,0,0,53,27,80,24,272,296,376
10/21/2008,VQQ,FL,ASO,ES,Federal Contract Tower,0,0,20,13,33,0,0,16,38,54,0,0,36,51,87,48,152,200,287
10/22/2008,VQQ,FL,ASO,ES,Federal Contract Tower,0,0,23,21,44,0,0,24,52,76,0,0,47,73,120,36,231,267,387
10/23/2008,VQQ,FL,ASO,ES,Federal Contract Tower,0,0,40,18,58,0,0,11,58,69,0,0,51,76,127,38,233,271,398
10/24/2008,VQQ,FL,ASO,ES,Federal Contract Tower,2,0,7,42,51,0,0,1,57,58,2,0,8,99,109,0,128,128,237
10/25/2008,VQQ,FL,ASO,ES,Federal Contract Tower,0,0,6,68,74,0,0,7,38,45,0,0,13,106,119,0,32,32,151
10/26/2008,VQQ,FL,ASO,ES,Federal Contract Tower,0,0,4,14,18,0,0,31,57,88,0,0,35,71,106,6,0,6,112
10/27/2008,VQQ,FL,ASO,ES,Federal Contract Tower,2,0,12,32,46,0,0,42,59,101,2,0,54,91,147,101,114,215,362
10/28/2008,VQQ,FL,ASO,ES,Federal Contract Tower,3,1,11,42,57,5,3,21,39,68,8,4,32,81,125,40,108,148,273
10/29/2008,VQQ,FL,ASO,ES,Federal Contract Tower,5,2,25,20,52,0,0,22,33,55,5,2,47,53,107,40,71,111,218
10/30/2008,VQQ,FL,ASO,ES,Federal Contract Tower,8,0,6,12,26,0,2,29,40,71,8,2,35,52,97,34,204,238,335
10/31/2008,VQQ,FL,ASO,ES,Federal Contract Tower,11,0,13,9,33,0,1,31,30,62,11,1,44,39,95,43,63,106,201
11/01/2008,VQQ,FL,ASO,ES,Federal Contract Tower,11,0,10,3,24,10,0,24,5,39,21,0,34,8,63,24,4,28,91
11/02/2008,VQQ,FL,ASO,ES,Federal Contract Tower,3,0,16,1,20,0,0,22,1,23,3,0,38,2,43,44,0,44,87
11/03/2008,VQQ,FL,ASO,ES,Federal Contract Tower,1,0,14,4,19,0,0,10,19,29,1,0,24,23,48,16,61,77,125
11/04/2008,VQQ,FL,ASO,ES,Federal Contract Tower,4,0,13,2,19,0,0,8,36,44,4,0,21,38,63,52,134,186,249
11/05/2008,VQQ,FL,ASO,ES,Federal Contract Tower,3,0,21,8,32,0,0,19,40,59,3,0,40,48,91,24,56,80,171
11/06/2008,VQQ,FL,ASO,ES,Federal Contract Tower,5,1,41,20,67,0,0,25,37,62,5,1,66,57,129,52,128,180,309
11/07/2008,VQQ,FL,ASO,ES,Federal Contract Tower,0,0,29,9,38,0,0,29,16,45,0,0,58,25,83,75,99,174,257
11/08/2008,VQQ,FL,ASO,ES,Federal Contract Tower,1,0,19,5,25,0,0,42,9,51,1,0,61,14,76,18,24,42,118
11/09/2008,VQQ,FL,ASO,ES,Federal Contract Tower,1,0,16,1,18,2,1,24,6,33,3,1,40,7,51,34,0,34,85
11/10/2008,VQQ,FL,ASO,ES,Federal Contract Tower,7,0,6,9,22,6,0,28,26,60,13,0,34,35,82,44,242,286,368
11/11/2008,VQQ,FL,ASO,ES,Federal Contract Tower,5,0,21,2,28,0,0,33,3,36,5,0,54,5,64,36,4,40,104
11/12/2008,VQQ,FL,ASO,ES,Federal Contract Tower,0,0,12,7,19,0,0,3,23,26,0,0,15,30,45,2,112,114,159
11/13/2008,VQQ,FL,ASO,ES,Federal Contract Tower,0,0,8,1,9,0,4,0,16,20,0,4,8,17,29,16,85,101,130
11/14/2008,VQQ,FL,ASO,ES,Federal Contract Tower,0,0,22,10,32,0,0,4,32,36,0,0,26,42,68,12,184,196,264
11/15/2008,VQQ,FL,ASO,ES,Federal Contract Tower,0,0,12,0,12,0,0,4,0,4,0,0,16,0,16,10,0,10,26
11/16/2008,VQQ,FL,ASO,ES,Federal Contract Tower,0,0,15,1,16,0,0,26,2,28,0,0,41,3,44,74,0,74,118
11/17/2008,VQQ,FL,ASO,ES,Federal Contract Tower,1,2,17,18,38,1,0,23,32,56,2,2,40,50,94,58,208,266,360
11/18/2008,VQQ,FL,ASO,ES,Federal Contract Tower,2,0,23,7,32,0,0,22,56,78,2,0,45,63,110,34,384,418,528
11/19/2008,VQQ,FL,ASO,ES,Federal Contract Tower,4,0,25,5,34,0,0,33,42,75,4,0,58,47,109,80,158,238,347
11/20/2008,VQQ,FL,ASO,ES,Federal Contract Tower,0,0,23,0,23,0,0,20,35,55,0,0,43,35,78,38,180,218,296
11/21/2008,VQQ,FL,ASO,ES,Federal Contract Tower,1,0,22,16,39,0,0,21,18,39,1,0,43,34,78,56,235,291,369
11/22/2008,VQQ,FL,ASO,ES,Federal Contract Tower,0,0,23,1,24,0,0,23,0,23,0,0,46,1,47,60,0,60,107
11/23/2008,VQQ,FL,ASO,ES,Federal Contract Tower,0,2,12,0,14,0,0,32,8,40,0,2,44,8,54,50,44,94,148
11/24/2008,VQQ,FL,ASO,ES,Federal Contract Tower,1,0,8,23,32,0,0,15,45,60,1,0,23,68,92,38,257,295,387
11/25/2008,VQQ,FL,ASO,ES,Federal Contract Tower,0,2,18,3,23,0,0,24,28,52,0,2,42,31,75,54,249,303,378
11/26/2008,VQQ,FL,ASO,ES,Federal Contract Tower,2,0,16,0,18,0,0,20,10,30,2,0,36,10,48,26,104,130,178
11/27/2008,VQQ,FL,ASO,ES,Federal Contract Tower,1,0,7,0,8,0,0,7,0,7,1,0,14,0,15,6,0,6,21
11/28/2008,VQQ,FL,ASO,ES,Federal Contract Tower,0,0,14,0,14,0,0,26,0,26,0,0,40,0,40,48,0,48,88
11/29/2008,VQQ,FL,ASO,ES,Federal Contract Tower,0,0,9,0,9,0,0,23,0,23,0,0,32,0,32,21,0,21,53
11/30/2008,VQQ,FL,ASO,ES,Federal Contract Tower,0,0,3,0,3,0,0,4,0,4,0,0,7,0,7,8,0,8,15
12/01/2008,VQQ,FL,ASO,ES,Federal Contract Tower,1,0,10,11,22,0,0,31,28,59,1,0,41,39,81,86,124,210,291
12/02/2008,VQQ,FL,ASO,ES,Federal Contract Tower,0,0,23,3,26,0,0,26,60,86,0,0,49,63,112,54,319,373,485
12/03/2008,VQQ,FL,ASO,ES,Federal Contract Tower,0,0,5,18,23,0,0,36,38,74,0,0,41,56,97,63,214,277,374
12/04/2008,VQQ,FL,ASO,ES,Federal Contract Tower,2,0,24,8,34,0,0,42,32,74,2,0,66,40,108,90,284,374,482
12/05/2008,VQQ,FL,ASO,ES,Federal Contract Tower,0,0,11,7,18,0,0,15,11,26,0,0,26,18,44,65,98,163,207
12/06/2008,VQQ,FL,ASO,ES,Federal Contract Tower,10,0,16,1,27,0,0,10,6,16,10,0,26,7,43,51,4,55,98
12/07/2008,VQQ,FL,ASO,ES,Federal Contract Tower,2,0,10,0,12,2,0,18,3,23,4,0,28,3,35,92,0,92,127
12/08/2008,VQQ,FL,ASO,ES,Federal Contract Tower,6,0,7,10,23,6,0,35,32,73,12,0,42,42,96,117,91,208,304
12/09/2008,VQQ,FL,ASO,ES,Federal Contract Tower,2,0,20,15,37,0,0,24,49,73,2,0,44,64,110,64,280,344,454
12/10/2008,VQQ,FL,ASO,ES,Federal Contract Tower,8,1,12,26,47,0,0,20,47,67,8,1,32,73,114,62,288,350,464
12/11/2008,VQQ,FL,ASO,ES,Federal Contract Tower,4,0,9,1,14,0,0,8,17,25,4,0,17,18,39,22,124,146,185
12/12/2008,VQQ,FL,ASO,ES,Federal Contract Tower,0,1,18,8,27,0,0,16,26,42,0,1,34,34,69,38,37,75,144
12/13/2008,VQQ,FL,ASO,ES,Federal Contract Tower,4,0,10,1,15,0,0,19,1,20,4,0,29,2,35,52,0,52,87
12/14/2008,VQQ,FL,ASO,ES,Federal Contract Tower,0,0,18,0,18,0,0,10,0,10,0,0,28,0,28,28,0,28,56
12/15/2008,VQQ,FL,ASO,ES,Federal Contract Tower,0,0,5,4,9,0,0,31,35,66,0,0,36,39,75,82,150,232,307
12/16/2008,VQQ,FL,ASO,ES,Federal Contract Tower,0,4,7,17,28,0,0,22,46,68,0,4,29,63,96,38,202,240,336
12/17/2008,VQQ,FL,ASO,ES,Federal Contract Tower,0,0,12,3,15,0,0,8,47,55,0,0,20,50,70,62,124,186,256
12/18/2008,VQQ,FL,ASO,ES,Federal Contract Tower,0,3,14,20,37,0,0,28,22,50,0,3,42,42,87,98,209,307,394
12/19/2008,VQQ,FL,ASO,ES,Federal Contract Tower,2,0,10,3,15,0,0,13,3,16,2,0,23,6,31,31,27,58,89
12/20/2008,VQQ,FL,ASO,ES,Federal Contract Tower,0,0,6,8,14,0,0,2,0,2,0,0,8,8,16,32,0,32,48
12/21/2008,VQQ,FL,ASO,ES,Federal Contract Tower,0,6,5,0,11,0,0,1,0,1,0,6,6,0,12,14,0,14,26
12/22/2008,VQQ,FL,ASO,ES,Federal Contract Tower,0,0,11,14,25,0,0,21,48,69,0,0,32,62,94,50,173,223,317
12/23/2008,VQQ,FL,ASO,ES,Federal Contract Tower,0,0,3,4,7,0,0,22,15,37,0,0,25,19,44,33,94,127,171
12/24/2008,VQQ,FL,ASO,ES,Federal Contract Tower,0,2,10,0,12,0,0,8,6,14,0,2,18,6,26,14,36,50,76
12/25/2008,VQQ,FL,ASO,ES,Federal Contract Tower,0,2,0,0,2,0,0,0,0,0,0,2,0,0,2,0,0,0,2
12/26/2008,VQQ,FL,ASO,ES,Federal Contract Tower,0,0,11,0,11,0,0,14,0,14,0,0,25,0,25,12,0,12,37
12/27/2008,VQQ,FL,ASO,ES,Federal Contract Tower,0,0,2,0,2,0,0,11,0,11,0,0,13,0,13,24,0,24,37
12/28/2008,VQQ,FL,ASO,ES,Federal Contract Tower,0,0,6,0,6,0,0,7,2,9,0,0,13,2,15,26,6,32,47
12/29/2008,VQQ,FL,ASO,ES,Federal Contract Tower,0,0,2,2,4,0,0,21,16,37,0,0,23,18,41,39,45,84,125
12/30/2008,VQQ,FL,ASO,ES,Federal Contract Tower,0,3,8,2,13,0,0,24,30,54,0,3,32,32,67,39,80,119,186
12/31/2008,VQQ,FL,ASO,ES,Federal Contract Tower,0,0,5,1,6,0,0,17,11,28,0,0,22,12,34,34,8,42,76
01/01/2009,VQQ,FL,ASO,ES,Federal Contract Tower,0,0,3,0,3,0,0,4,0,4,0,0,7,0,7,10,0,10,17
01/02/2009,VQQ,FL,ASO,ES,Federal Contract Tower,4,0,27,12,43,0,0,26,13,39,4,0,53,25,82,73,46,119,201
01/03/2009,VQQ,FL,ASO,ES,Federal Contract Tower,0,0,16,1,17,0,0,0,1,1,0,0,16,2,18,4,0,4,22
01/04/2009,VQQ,FL,ASO,ES,Federal Contract Tower,0,0,4,1,5,0,0,10,0,10,0,0,14,1,15,31,0,31,46
01/05/2009,VQQ,FL,ASO,ES,Federal Contract Tower,0,0,2,2,4,0,0,10,3,13,0,0,12,5,17,13,75,88,105
01/06/2009,VQQ,FL,ASO,ES,Federal Contract Tower,0,1,7,11,19,0,0,16,17,33,0,1,23,28,52,66,147,213,265
01/07/2009,VQQ,FL,ASO,ES,Federal Contract Tower,2,0,3,7,12,0,0,4,14,18,2,0,7,21,30,12,126,138,168
01/08/2009,VQQ,FL,ASO,ES,Federal Contract Tower,2,0,10,18,30,0,0,20,28,48,2,0,30,46,78,36,250,286,364
01/09/2009,VQQ,FL,ASO,ES,Federal Contract Tower,2,0,11,29,42,4,0,20,15,39,6,0,31,44,81,100,126,226,307
01/10/2009,VQQ,FL,ASO,ES,Federal Contract Tower,2,0,21,15,38,0,0,17,8,25,2,0,38,23,63,212,44,256,319
01/11/2009,VQQ,FL,ASO,ES,Federal Contract Tower,0,0,4,0,4,0,0,2,4,6,0,0,6,4,10,2,16,18,28
01/12/2009,VQQ,FL,ASO,ES,Federal Contract Tower,2,0,19,14,35,0,0,18,38,56,2,0,37,52,91,51,177,228,319
01/13/2009,VQQ,FL,ASO,ES,Federal Contract Tower,2,0,8,1,11,0,0,0,0,0,2,0,8,1,11,0,0,0,11
01/14/2009,VQQ,FL,ASO,ES,Federal Contract Tower,10,0,28,32,70,0,1,50,66,117,10,1,78,98,187,128,204,332,519
01/15/2009,VQQ,FL,ASO,ES,Federal Contract Tower,6,0,18,14,38,0,0,59,39,98,6,0,77,53,136,116,198,314,450
01/16/2009,VQQ,FL,ASO,ES,Federal Contract Tower,6,0,22,12,40,2,0,32,49,83,8,0,54,61,123,82,326,408,531
01/17/2009,VQQ,FL,ASO,ES,Federal Contract Tower,3,1,14,5,23,0,0,17,9,26,3,1,31,14,49,44,11,55,104
01/18/2009,VQQ,FL,ASO,ES,Federal Contract Tower,3,1,2,3,9,0,0,15,4,19,3,1,17,7,28,38,0,38,66
01/19/2009,VQQ,FL,ASO,ES,Federal Contract Tower,2,0,12,7,21,0,0,20,3,23,2,0,32,10,44,48,0,48,92
01/20/2009,VQQ,FL,ASO,ES,Federal Contract Tower,1,1,6,3,11,0,0,26,46,72,1,1,32,49,83,79,272,351,434
01/21/2009,VQQ,FL,ASO,ES,Federal Contract Tower,0,1,14,18,33,0,1,31,39,71,0,2,45,57,104,30,285,315,419
01/22/2009,VQQ,FL,ASO,ES,Federal Contract Tower,0,2,8,4,14,0,2,50,31,83,0,4,58,35,97,72,188,260,357
01/23/2009,VQQ,FL,ASO,ES,Federal Contract Tower,2,1,21,5,29,0,0,39,30,69,2,1,60,35,98,145,142,287,385
01/24/2009,VQQ,FL,ASO,ES,Federal Contract Tower,0,1,20,4,25,0,0,31,16,47,0,1,51,20,72,36,8,44,116
01/25/2009,VQQ,FL,ASO,ES,Federal Contract Tower,0,3,5,5,13,0,0,7,5,12,0,3,12,10,25,0,0,0,25
01/26/2009,VQQ,FL,ASO,ES,Federal Contract Tower,1,0,5,8,14,0,0,10,17,27,1,0,15,25,41,38,167,205,246
01/27/2009,VQQ,FL,ASO,ES,Federal Contract Tower,0,3,16,11,30,0,0,13,15,28,0,3,29,26,58,61,132,193,251
01/28/2009,VQQ,FL,ASO,ES,Federal Contract Tower,0,1,22,6,29,0,1,15,32,48,0,2,37,38,77,12,103,115,192
01/29/2009,VQQ,FL,ASO,ES,Federal Contract Tower,4,0,15,2,21,0,0,0,2,2,4,0,15,4,23,0,34,34,57
01/30/2009,VQQ,FL,ASO,ES,Federal Contract Tower,0,2,10,8,20,0,0,18,56,74,0,2,28,64,94,28,153,181,275
01/31/2009,VQQ,FL,ASO,ES,Federal Contract Tower,1,0,5,1,7,0,0,16,6,22,1,0,21,7,29,52,4,56,85
02/01/2009,VQQ,FL,ASO,ES,Federal Contract Tower,0,0,5,0,5,0,2,20,0,22,0,2,25,0,27,48,0,48,75
02/02/2009,VQQ,FL,ASO,ES,Federal Contract Tower,0,0,17,6,23,0,0,11,11,22,0,0,28,17,45,33,76,109,154
02/03/2009,VQQ,FL,ASO,ES,Federal Contract Tower,2,0,9,9,20,0,0,10,31,41,2,0,19,40,61,77,247,324,385
02/04/2009,VQQ,FL,ASO,ES,Federal Contract Tower,0,1,19,14,34,0,0,24,47,71,0,1,43,61,105,26,129,155,260
02/05/2009,VQQ,FL,ASO,ES,Federal Contract Tower,2,0,10,8,20,2,0,23,44,69,4,0,33,52,89,64,197,261,350
02/06/2009,VQQ,FL,ASO,ES,Federal Contract Tower,2,2,17,7,28,2,1,49,39,91,4,3,66,46,119,104,152,256,375
02/07/2009,VQQ,FL,ASO,ES,Federal Contract Tower,4,1,16,3,24,0,0,34,24,58,4,1,50,27,82,78,64,142,224
02/08/2009,VQQ,FL,ASO,ES,Federal Contract Tower,7,0,7,4,18,8,0,26,6,40,15,0,33,10,58,54,8,62,120
02/09/2009,VQQ,FL,ASO,ES,Federal Contract Tower,4,0,19,15,38,0,0,22,24,46,4,0,41,39,84,103,158,261,345
02/10/2009,VQQ,FL,ASO,ES,Federal Contract Tower,2,3,26,13,44,0,2,23,31,56,2,5,49,44,100,40,128,168,268
02/11/2009,VQQ,FL,ASO,ES,Federal Contract Tower,3,0,16,18,37,0,1,39,38,78,3,1,55,56,115,82,173,255,370
02/12/2009,VQQ,FL,ASO,ES,Federal Contract Tower,2,1,15,9,27,0,1,16,29,46,2,2,31,38,73,28,158,186,259
02/13/2009,VQQ,FL,ASO,ES,Federal Contract Tower,0,1,31,18,50,0,0,25,31,56,0,1,56,49,106,76,146,222,328
02/14/2009,VQQ,FL,ASO,ES,Federal Contract Tower,0,0,8,0,8,0,0,10,3,13,0,0,18,3,21,18,2,20,41
02/15/2009,VQQ,FL,ASO,ES,Federal Contract Tower,0,1,13,2,16,0,0,0,0,0,0,1,13,2,16,8,0,8,24
02/16/2009,VQQ,FL,ASO,ES,Federal Contract Tower,3,0,19,2,24,0,0,21,0,21,3,0,40,2,45,106,0,106,151
02/17/2009,VQQ,FL,ASO,ES,Federal Contract Tower,13,1,15,5,34,0,0,28,15,43,13,1,43,20,77,68,292,360,437
02/18/2009,VQQ,FL,ASO,ES,Federal Contract Tower,2,0,6,10,18,0,1,15,45,61,2,1,21,55,79,53,182,235,314
02/19/2009,VQQ,FL,ASO,ES,Federal Contract Tower,3,2,42,6,53,0,0,6,31,37,3,2,48,37,90,8,87,95,185
02/20/2009,VQQ,FL,ASO,ES,Federal Contract Tower,2,0,26,8,36,0,0,50,34,84,2,0,76,42,120,78,124,202,322
02/21/2009,VQQ,FL,ASO,ES,Federal Contract Tower,1,0,21,28,50,0,0,28,26,54,1,0,49,54,104,70,44,114,218
02/22/2009,VQQ,FL,ASO,ES,Federal Contract Tower,2,0,4,5,11,0,0,7,9,16,2,0,11,14,27,0,0,0,27
02/23/2009,VQQ,FL,ASO,ES,Federal Contract Tower,1,0,11,3,15,0,1,14,26,41,1,1,25,29,56,68,143,211,267
02/24/2009,VQQ,FL,ASO,ES,Federal Contract Tower,1,0,25,10,36,0,2,22,43,67,1,2,47,53,103,17,194,211,314
02/25/2009,VQQ,FL,ASO,ES,Federal Contract Tower,1,2,45,5,53,0,2,11,35,48,1,4,56,40,101,72,213,285,386
02/26/2009,VQQ,FL,ASO,ES,Federal Contract Tower,0,0,22,16,38,0,1,43,57,101,0,1,65,73,139,46,184,230,369
02/27/2009,VQQ,FL,ASO,ES,Federal Contract Tower,0,0,23,11,34,0,0,28,33,61,0,0,51,44,95,32,251,283,378
02/28/2009,VQQ,FL,ASO,ES,Federal Contract Tower,0,0,1,1,2,0,0,16,0,16,0,0,17,1,18,36,0,36,54
03/01/2009,VQQ,FL,ASO,ES,Federal Contract Tower,0,0,1,0,1,0,0,4,0,4,0,0,5,0,5,0,0,0,5
03/02/2009,VQQ,FL,ASO,ES,Federal Contract Tower,1,0,9,8,18,0,0,10,20,30,1,0,19,28,48,39,176,215,263
03/03/2009,VQQ,FL,ASO,ES,Federal Contract Tower,0,0,16,4,20,0,0,17,39,56,0,0,33,43,76,58,202,260,336
03/04/2009,VQQ,FL,ASO,ES,Federal Contract Tower,0,0,2,12,14,0,2,19,31,52,0,2,21,43,66,34,269,303,369
03/05/2009,VQQ,FL,ASO,ES,Federal Contract Tower,0,0,23,6,29,0,0,33,35,68,0,0,56,41,97,95,201,296,393
03/06/2009,VQQ,FL,ASO,ES,Federal Contract Tower,0,0,50,21,71,0,0,34,29,63,0,0,84,50,134,54,168,222,356
03/07/2009,VQQ,FL,ASO,ES,Federal Contract Tower,0,0,16,13,29,0,0,47,32,79,0,0,63,45,108,158,102,260,368
03/08/2009,VQQ,FL,ASO,ES,Federal Contract Tower,0,0,13,13,26,0,0,12,13,25,0,0,25,26,51,80,20,100,151
03/09/2009,VQQ,FL,ASO,ES,Federal Contract Tower,2,0,4,19,25,0,0,28,7,35,2,0,32,26,60,68,96,164,224
03/10/2009,VQQ,FL,ASO,ES,Federal Contract Tower,0,0,13,6,19,0,0,32,35,67,0,0,45,41,86,50,257,307,393
03/11/2009,VQQ,FL,ASO,ES,Federal Contract Tower,0,0,18,11,29,0,0,38,48,86,0,0,56,59,115,68,305,373,488
03/12/2009,VQQ,FL,ASO,ES,Federal Contract Tower,2,0,25,12,39,0,0,33,26,59,2,0,58,38,98,120,157,277,375
03/13/2009,VQQ,FL,ASO,ES,Federal Contract Tower,2,0,11,29,42,0,0,18,58,76,2,0,29,87,118,38,8,46,164
03/14/2009,VQQ,FL,ASO,ES,Federal Contract Tower,3,0,6,16,25,0,0,13,42,55,3,0,19,58,80,26,42,68,148
03/15/2009,VQQ,FL,ASO,ES,Federal Contract Tower,2,0,0,16,18,0,0,4,109,113,2,0,4,125,131,30,0,30,161
03/16/2009,VQQ,FL,ASO,ES,Federal Contract Tower,2,1,10,29,42,0,0,5,49,54,2,1,15,78,96,25,120,145,241
03/17/2009,VQQ,FL,ASO,ES,Federal Contract Tower,2,2,23,56,83,0,0,9,66,75,2,2,32,122,158,12,172,184,342
03/18/2009,VQQ,FL,ASO,ES,Federal Contract Tower,2,0,19,29,50,1,0,14,31,46,3,0,33,60,96,46,142,188,284
03/19/2009,VQQ,FL,ASO,ES,Federal Contract Tower,2,0,14,20,36,8,1,24,39,72,10,1,38,59,108,50,161,211,319
03/20/2009,VQQ,FL,ASO,ES,Federal Contract Tower,0,0,9,11,20,0,0,24,21,45,0,0,33,32,65,42,142,184,249
03/21/2009,VQQ,FL,ASO,ES,Federal Contract Tower,7,0,16,3,26,0,0,15,19,34,7,0,31,22,60,28,10,38,98
03/22/2009,VQQ,FL,ASO,ES,Federal Contract Tower,4,0,13,7,24,0,0,27,2,29,4,0,40,9,53,48,0,48,101
03/23/2009,VQQ,FL,ASO,ES,Federal Contract Tower,5,0,25,12,42,0,0,0,21,21,5,0,25,33,63,20,28,48,111
03/24/2009,VQQ,FL,ASO,ES,Federal Contract Tower,2,0,14,15,31,0,0,27,47,74,2,0,41,62,105,64,263,327,432
03/25/2009,VQQ,FL,ASO,ES,Federal Contract Tower,0,0,13,7,20,0,2,28,19,49,0,2,41,26,69,100,258,358,427
03/26/2009,VQQ,FL,ASO,ES,Federal Contract Tower,0,1,24,11,36,0,2,19,38,59,0,3,43,49,95,44,219,263,358
03/27/2009,VQQ,FL,ASO,ES,Federal Contract Tower,3,0,17,9,29,0,0,20,40,60,3,0,37,49,89,14,160,174,263
03/28/2009,VQQ,FL,ASO,ES,Federal Contract Tower,1,0,8,1,10,0,0,10,6,16,1,0,18,7,26,14,0,14,40
03/29/2009,VQQ,FL,ASO,ES,Federal Contract Tower,0,0,5,2,7,0,0,5,10,15,0,0,10,12,22,4,16,20,42
03/30/2009,VQQ,FL,ASO,ES,Federal Contract Tower,0,0,43,6,49,0,0,25,15,40,0,0,68,21,89,48,27,75,164
03/31/2009,VQQ,FL,ASO,ES,Federal Contract Tower,0,0,19,5,24,0,0,12,19,31,0,0,31,24,55,72,60,132,187
04/01/2009,VQQ,FL,ASO,ES,Federal Contract Tower,0,0,4,0,4,0,0,0,0,0,0,0,4,0,4,0,0,0,4
04/02/2009,VQQ,FL,ASO,ES,Federal Contract Tower,0,0,5,1,6,0,0,2,21,23,0,0,7,22,29,2,82,84,113
04/03/2009,VQQ,FL,ASO,ES,Federal Contract Tower,0,0,16,4,20,0,0,25,5,30,0,0,41,9,50,28,4,32,82
04/04/2009,VQQ,FL,ASO,ES,Federal Contract Tower,0,0,23,2,25,0,0,44,4,48,0,0,67,6,73,45,0,45,118
04/05/2009,VQQ,FL,ASO,ES,Federal Contract Tower,0,0,22,0,22,0,0,10,0,10,0,0,32,0,32,10,0,10,42
04/06/2009,VQQ,FL,ASO,ES,Federal Contract Tower,0,0,13,4,17,0,0,6,15,21,0,0,19,19,38,10,92,102,140
04/07/2009,VQQ,FL,ASO,ES,Federal Contract Tower,0,0,2,12,14,0,0,4,32,36,0,0,6,44,50,22,212,234,284
04/08/2009,VQQ,FL,ASO,ES,Federal Contract Tower,0,1,17,1,19,0,1,25,36,62,0,2,42,37,81,108,293,401,482
04/09/2009,VQQ,FL,ASO,ES,Federal Contract Tower,2,0,5,6,13,0,0,27,36,63,2,0,32,42,76,106,217,323,399
04/10/2009,VQQ,FL,ASO,ES,Federal Contract Tower,4,0,0,1,5,0,0,26,14,40,4,0,26,15,45,42,88,130,175
04/11/2009,VQQ,FL,ASO,ES,Federal Contract Tower,1,0,6,1,8,0,0,2,0,2,1,0,8,1,10,0,0,0,10
04/12/2009,VQQ,FL,ASO,ES,Federal Contract Tower,0,0,4,3,7,0,0,5,3,8,0,0,9,6,15,0,10,10,25
04/13/2009,VQQ,FL,ASO,ES,Federal Contract Tower,0,0,3,7,10,0,0,5,14,19,0,0,8,21,29,12,139,151,180
04/14/2009,VQQ,FL,ASO,ES,Federal Contract Tower,0,0,3,1,4,0,0,3,21,24,0,0,6,22,28,22,118,140,168
04/15/2009,VQQ,FL,ASO,ES,Federal Contract Tower,0,0,7,10,17,0,0,35,15,50,0,0,42,25,67,55,121,176,243
04/16/2009,VQQ,FL,ASO,ES,Federal Contract Tower,2,2,10,9,23,0,0,55,28,83,2,2,65,37,106,48,213,261,367
04/17/2009,VQQ,FL,ASO,ES,Federal Contract Tower,1,0,9,5,15,0,0,96,31,127,1,0,105,36,142,158,74,232,374
04/18/2009,VQQ,FL,ASO,ES,Federal Contract Tower,0,0,14,0,14,0,0,114,0,114,0,0,128,0,128,185,70,255,383
04/19/2009,VQQ,FL,ASO,ES,Federal Contract Tower,1,0,2,2,5,0,0,138,7,145,1,0,140,9,150,208,63,271,421
04/20/2009,VQQ,FL,ASO,ES,Federal Contract Tower,0,0,11,7,18,0,0,18,40,58,0,0,29,47,76,16,148,164,240
04/21/2009,VQQ,FL,ASO,ES,Federal Contract Tower,0,0,6,6,12,0,0,19,27,46,0,0,25,33,58,65,314,379,437
04/22/2009,VQQ,FL,ASO,ES,Federal Contract Tower,0,0,9,5,14,0,1,25,43,69,0,1,34,48,83,79,280,359,442
04/23/2009,VQQ,FL,ASO,ES,Federal Contract Tower,2,2,6,2,12,0,1,46,19,66,2,3,52,21,78,46,116,162,240
04/24/2009,VQQ,FL,ASO,ES,Federal Contract Tower,0,1,4,5,10,0,0,26,32,58,0,1,30,37,68,49,48,97,165
04/25/2009,VQQ,FL,ASO,ES,Federal Contract Tower,0,0,10,6,16,0,0,8,31,39,0,0,18,37,55,4,32,36,91
04/26/2009,VQQ,FL,ASO,ES,Federal Contract Tower,1,0,11,0,12,0,0,10,17,27,1,0,21,17,39,8,14,22,61
04/27/2009,VQQ,FL,ASO,ES,Federal Contract Tower,0,1,9,0,10,0,0,17,19,36,0,1,26,19,46,16,68,84,130
04/28/2009,VQQ,FL,ASO,ES,Federal Contract Tower,3,0,32,4,39,0,0,22,32,54,3,0,54,36,93,41,191,232,325
04/29/2009,VQQ,FL,ASO,ES,Federal Contract Tower,5,0,21,13,39,0,1,20,32,53,5,1,41,45,92,28,256,284,376
04/30/2009,VQQ,FL,ASO,ES,Federal Contract Tower,8,0,10,3,21,0,1,27,23,51,8,1,37,26,72,95,157,252,324
05/01/2009,VQQ,FL,ASO,ES,Federal Contract Tower,6,0,16,13,35,0,0,18,15,33,6,0,34,28,68,37,85,122,190
05/02/2009,VQQ,FL,ASO,ES,Federal Contract Tower,3,0,5,3,11,0,0,15,11,26,3,0,20,14,37,30,0,30,67
05/03/2009,VQQ,FL,ASO,ES,Federal Contract Tower,0,1,8,9,18,0,0,8,7,15,0,1,16,16,33,12,8,20,53
05/04/2009,VQQ,FL,ASO,ES,Federal Contract Tower,2,1,3,2,8,0,0,20,36,56,2,1,23,38,64,49,149,198,262
05/05/2009,VQQ,FL,ASO,ES,Federal Contract Tower,1,0,17,7,25,0,0,16,29,45,1,0,33,36,70,52,122,174,244
05/06/2009,VQQ,FL,ASO,ES,Federal Contract Tower,3,1,16,5,25,0,0,22,35,57,3,1,38,40,82,72,261,333,415
05/07/2009,VQQ,FL,ASO,ES,Federal Contract Tower,2,3,29,9,43,0,0,16,21,37,2,3,45,30,80,30,243,273,353
05/08/2009,VQQ,FL,ASO,ES,Federal Contract Tower,4,0,1,3,8,0,0,10,21,31,4,0,11,24,39,23,45,68,107
05/09/2009,VQQ,FL,ASO,ES,Federal Contract Tower,2,0,6,0,8,0,0,9,1,10,2,0,15,1,18,48,0,48,66
05/10/2009,VQQ,FL,ASO,ES,Federal Contract Tower,0,0,2,0,2,0,0,13,0,13,0,0,15,0,15,10,0,10,25
05/11/2009,VQQ,FL,ASO,ES,Federal Contract Tower,2,0,5,2,9,0,0,31,30,61,2,0,36,32,70,89,99,188,258
05/12/2009,VQQ,FL,ASO,ES,Federal Contract Tower,0,0,12,5,17,0,0,8,30,38,0,0,20,35,55,30,148,178,233
05/13/2009,VQQ,FL,ASO,ES,Federal Contract Tower,1,0,13,27,41,0,3,14,39,56,1,3,27,66,97,36,124,160,257
05/14/2009,VQQ,FL,ASO,ES,Federal Contract Tower,0,0,1,6,7,0,3,7,19,29,0,3,8,25,36,40,87,127,163
05/15/2009,VQQ,FL,ASO,ES,Federal Contract Tower,3,0,16,14,33,0,0,19,6,25,3,0,35,20,58,16,16,32,90
05/16/2009,VQQ,FL,ASO,ES,Federal Contract Tower,5,0,4,5,14,0,0,8,11,19,5,0,12,16,33,18,54,72,105
05/17/2009,VQQ,FL,ASO,ES,Federal Contract Tower,2,0,11,0,13,0,0,3,1,4,2,0,14,1,17,0,0,0,17
05/18/2009,VQQ,FL,ASO,ES,Federal Contract Tower,2,2,2,16,22,0,0,0,0,0,2,2,2,16,22,0,0,0,22
05/19/2009,VQQ,FL,ASO,ES,Federal Contract Tower,0,0,7,31,38,0,0,0,4,4,0,0,7,35,42,0,33,33,75
05/20/2009,VQQ,FL,ASO,ES,Federal Contract Tower,0,2,6,0,8,0,0,0,0,0,0,2,6,0,8,0,0,0,8
05/21/2009,VQQ,FL,ASO,ES,Federal Contract Tower,3,0,7,0,10,0,0,0,16,16,3,0,7,16,26,2,44,46,72
05/22/2009,VQQ,FL,ASO,ES,Federal Contract Tower,0,2,9,8,19,0,0,3,10,13,0,2,12,18,32,6,129,135,167
05/23/2009,VQQ,FL,ASO,ES,Federal Contract Tower,0,0,4,1,5,0,0,1,0,1,0,0,5,1,6,0,0,0,6
05/24/2009,VQQ,FL,ASO,ES,Federal Contract Tower,1,0,8,0,9,0,0,0,0,0,1,0,8,0,9,2,0,2,11
05/25/2009,VQQ,FL,ASO,ES,Federal Contract Tower,0,0,7,0,7,0,0,7,3,10,0,0,14,3,17,22,0,22,39
05/26/2009,VQQ,FL,ASO,ES,Federal Contract Tower,0,0,14,11,25,0,0,37,19,56,0,0,51,30,81,82,104,186,267
05/27/2009,VQQ,FL,ASO,ES,Federal Contract Tower,0,0,16,6,22,0,1,11,35,47,0,1,27,41,69,40,177,217,286
05/28/2009,VQQ,FL,ASO,ES,Federal Contract Tower,0,0,20,1,21,0,0,10,40,50,0,0,30,41,71,16,120,136,207
05/29/2009,VQQ,FL,ASO,ES,Federal Contract Tower,0,0,10,8,18,0,0,14,13,27,0,0,24,21,45,46,139,185,230
05/30/2009,VQQ,FL,ASO,ES,Federal Contract Tower,0,0,6,1,7,0,0,20,12,32,0,0,26,13,39,22,2,24,63
05/31/2009,VQQ,FL,ASO,ES,Federal Contract Tower,0,0,14,5,19,0,0,16,11,27,0,0,30,16,46,70,6,76,122
06/01/2009,VQQ,FL,ASO,ES,Federal Contract Tower,1,0,15,8,24,0,0,27,28,55,1,0,42,36,79,55,194,249,328
06/02/2009,VQQ,FL,ASO,ES,Federal Contract Tower,0,0,15,9,24,0,0,28,42,70,0,0,43,51,94,80,167,247,341
06/03/2009,VQQ,FL,ASO,ES,Federal Contract Tower,0,0,8,1,9,0,0,15,40,55,0,0,23,41,64,36,147,183,247
06/04/2009,VQQ,FL,ASO,ES,Federal Contract Tower,0,0,8,9,17,0,0,10,41,51,0,0,18,50,68,40,93,133,201
06/05/2009,VQQ,FL,ASO,ES,Federal Contract Tower,0,0,10,6,16,0,0,2,36,38,0,0,12,42,54,18,32,50,104
06/06/2009,VQQ,FL,ASO,ES,Federal Contract Tower,3,2,3,6,14,0,0,2,7,9,3,2,5,13,23,2,63,65,88
06/07/2009,VQQ,FL,ASO,ES,Federal Contract Tower,14,4,10,18,46,0,0,2,26,28,14,4,12,44,74,8,2,10,84
06/08/2009,VQQ,FL,ASO,ES,Federal Contract Tower,4,0,5,36,45,0,0,19,46,65,4,0,24,82,110,43,99,142,252
06/09/2009,VQQ,FL,ASO,ES,Federal Contract Tower,2,0,11,41,54,0,0,18,51,69,2,0,29,92,123,6,140,146,269
06/10/2009,VQQ,FL,ASO,ES,Federal Contract Tower,2,0,8,33,43,0,0,13,73,86,2,0,21,106,129,10,87,97,226
06/11/2009,VQQ,FL,ASO,ES,Federal Contract Tower,0,0,11,18,29,0,0,17,88,105,0,0,28,106,134,2,88,90,224
06/12/2009,VQQ,FL,ASO,ES,Federal Contract Tower,1,4,5,34,44,0,0,6,27,33,1,4,11,61,77,56,37,93,170
06/13/2009,VQQ,FL,ASO,ES,Federal Contract Tower,1,0,3,11,15,0,0,20,0,20,1,0,23,11,35,34,0,34,69
06/14/2009,VQQ,FL,ASO,ES,Federal Contract Tower,1,0,8,0,9,0,0,23,0,23,1,0,31,0,32,38,12,50,82
06/15/2009,VQQ,FL,ASO,ES,Federal Contract Tower,0,0,4,3,7,0,0,14,36,50,0,0,18,39,57,19,196,215,272
06/16/2009,VQQ,FL,ASO,ES,Federal Contract Tower,0,9,10,2,21,1,0,25,23,49,1,9,35,25,70,70,58,128,198
06/17/2009,VQQ,FL,ASO,ES,Federal Contract Tower,1,0,19,4,24,0,0,17,26,43,1,0,36,30,67,6,108,114,181
06/18/2009,VQQ,FL,ASO,ES,Federal Contract Tower,8,0,1,4,13,0,0,2,3,5,8,0,3,7,18,16,4,20,38
06/19/2009,VQQ,FL,ASO,ES,Federal Contract Tower,2,0,11,6,19,0,0,20,9,29,2,0,31,15,48,50,29,79,127
06/20/2009,VQQ,FL,ASO,ES,Federal Contract Tower,2,0,9,14,25,0,0,18,0,18,2,0,27,14,43,10,0,10,53
06/21/2009,VQQ,FL,ASO,ES,Federal Contract Tower,0,0,3,10,13,0,0,13,7,20,0,0,16,17,33,24,22,46,79
06/22/2009,VQQ,FL,ASO,ES,Federal Contract Tower,0,0,8,10,18,0,0,19,41,60,0,0,27,51,78,66,266,332,410
06/23/2009,VQQ,FL,ASO,ES,Federal Contract Tower,0,0,17,10,27,0,0,29,33,62,0,0,46,43,89,50,259,309,398
06/24/2009,VQQ,FL,ASO,ES,Federal Contract Tower,11,0,16,6,33,0,0,19,34,53,11,0,35,40,86,18,205,223,309
06/25/2009,VQQ,FL,ASO,ES,Federal Contract Tower,2,0,14,11,27,0,0,18,28,46,2,0,32,39,73,26,151,177,250
06/26/2009,VQQ,FL,ASO,ES,Federal Contract Tower,0,0,20,3,23,0,0,18,3,21,0,0,38,6,44,9,14,23,67
06/27/2009,VQQ,FL,ASO,ES,Federal Contract Tower,0,0,23,0,23,0,0,10,3,13,0,0,33,3,36,48,0,48,84
06/28/2009,VQQ,FL,ASO,ES,Federal Contract Tower,1,0,5,0,6,0,0,10,0,10,1,0,15,0,16,28,0,28,44
06/29/2009,VQQ,FL,ASO,ES,Federal Contract Tower,1,2,1,7,11,0,0,24,18,42,1,2,25,25,53,72,8,80,133
06/30/2009,VQQ,FL,ASO,ES,Federal Contract Tower,0,0,14,11,25,0,0,14,17,31,0,0,28,28,56,32,55,87,143
07/01/2009,VQQ,FL,ASO,ES,Federal Contract Tower,0,0,13,10,23,0,0,7,17,24,0,0,20,27,47,40,99,139,186
07/02/2009,VQQ,FL,ASO,ES,Federal Contract Tower,1,0,23,0,24,0,0,9,7,16,1,0,32,7,40,16,10,26,66
07/03/2009,VQQ,FL,ASO,ES,Federal Contract Tower,0,0,11,2,13,0,0,6,2,8,0,0,17,4,21,33,16,49,70
07/04/2009,VQQ,FL,ASO,ES,Federal Contract Tower,0,0,10,0,10,0,2,9,0,11,0,2,19,0,21,64,0,64,85
07/05/2009,VQQ,FL,ASO,ES,Federal Contract Tower,0,0,11,0,11,0,0,9,2,11,0,0,20,2,22,10,0,10,32
07/06/2009,VQQ,FL,ASO,ES,Federal Contract Tower,6,0,10,6,22,0,0,4,17,21,6,0,14,23,43,1,34,35,78
07/07/2009,VQQ,FL,ASO,ES,Federal Contract Tower,0,0,2,1,3,0,0,10,13,23,0,0,12,14,26,26,90,116,142
07/08/2009,VQQ,FL,ASO,ES,Federal Contract Tower,0,0,6,4,10,0,0,4,7,11,0,0,10,11,21,24,7,31,52
07/09/2009,VQQ,FL,ASO,ES,Federal Contract Tower,0,0,8,4,12,0,0,8,26,34,0,0,16,30,46,10,116,126,172
07/10/2009,VQQ,FL,ASO,ES,Federal Contract Tower,0,2,19,12,33,0,0,6,11,17,0,2,25,23,50,22,54,76,126
07/11/2009,VQQ,FL,ASO,ES,Federal Contract Tower,13,0,15,1,29,8,0,5,0,13,21,0,20,1,42,8,0,8,50
07/12/2009,VQQ,FL,ASO,ES,Federal Contract Tower,1,0,19,1,21,0,0,13,1,14,1,0,32,2,35,26,14,40,75
07/13/2009,VQQ,FL,ASO,ES,Federal Contract Tower,1,0,10,6,17,0,0,8,14,22,1,0,18,20,39,40,65,105,144
07/14/2009,VQQ,FL,ASO,ES,Federal Contract Tower,1,0,15,4,20,0,0,14,21,35,1,0,29,25,55,66,90,156,211
07/15/2009,VQQ,FL,ASO,ES,Federal Contract Tower,4,0,18,5,27,0,0,10,40,50,4,0,28,45,77,28,109,137,214
07/16/2009,VQQ,FL,ASO,ES,Federal Contract Tower,0,0,16,10,26,0,2,11,29,42,0,2,27,39,68,36,58,94,162
07/17/2009,VQQ,FL,ASO,ES,Federal Contract Tower,4,0,11,13,28,0,0,21,29,50,4,0,32,42,78,36,66,102,180
07/18/2009,VQQ,FL,ASO,ES,Federal Contract Tower,3,0,7,6,16,0,0,11,2,13,3,0,18,8,29,10,0,10,39
07/19/2009,VQQ,FL,ASO,ES,Federal Contract Tower,0,0,8,1,9,0,0,10,0,10,0,0,18,1,19,54,0,54,73
07/20/2009,VQQ,FL,ASO,ES,Federal Contract Tower,0,0,9,1,10,0,0,3,8,11,0,0,12,9,21,22,85,107,128
07/21/2009,VQQ,FL,ASO,ES,Federal Contract Tower,0,8,4,5,17,0,0,18,55,73,0,8,22,60,90,79,308,387,477
07/22/2009,VQQ,FL,ASO,ES,Federal Contract Tower,0,0,25,1,26,0,0,17,45,62,0,0,42,46,88,50,264,314,402
07/23/2009,VQQ,FL,ASO,ES,Federal Contract Tower,0,0,12,6,18,0,0,7,23,30,0,0,19,29,48,32,264,296,344
07/24/2009,VQQ,FL,ASO,ES,Federal Contract Tower,12,0,9,12,33,0,0,26,17,43,12,0,35,29,76,70,66,136,212
07/25/2009,VQQ,FL,ASO,ES,Federal Contract Tower,6,0,8,2,16,0,0,4,2,6,6,0,12,4,22,15,2,17,39
07/26/2009,VQQ,FL,ASO,ES,Federal Contract Tower,2,2,16,0,20,0,0,6,0,6,2,2,22,0,26,32,16,48,74
07/27/2009,VQQ,FL,ASO,ES,Federal Contract Tower,8,1,4,15,28,0,2,17,38,57,8,3,21,53,85,82,264,346,431
07/28/2009,VQQ,FL,ASO,ES,Federal Contract Tower,2,0,14,23,39,0,1,24,38,63,2,1,38,61,102,84,88,172,274
07/29/2009,VQQ,FL,ASO,ES,Federal Contract Tower,0,0,8,39,47,0,0,17,47,64,0,0,25,86,111,51,92,143,254
07/30/2009,VQQ,FL,ASO,ES,Federal Contract Tower,0,2,7,33,42,0,1,22,59,82,0,3,29,92,124,10,136,146,270
07/31/2009,VQQ,FL,ASO,ES,Federal Contract Tower,0,2,5,25,32,0,0,6,34,40,0,2,11,59,72,18,26,44,116
08/01/2009,VQQ,FL,ASO,ES,Federal Contract Tower,0,0,0,29,29,0,0,22,17,39,0,0,22,46,68,62,12,74,142
08/02/2009,VQQ,FL,ASO,ES,Federal Contract Tower,1,0,5,9,15,0,0,11,13,24,1,0,16,22,39,34,10,44,83
08/03/2009,VQQ,FL,ASO,ES,Federal Contract Tower,0,0,6,2,8,0,0,4,3,7,0,0,10,5,15,14,82,96,111
08/04/2009,VQQ,FL,ASO,ES,Federal Contract Tower,0,0,18,10,28,0,0,22,37,59,0,0,40,47,87,40,192,232,319
08/05/2009,VQQ,FL,ASO,ES,Federal Contract Tower,1,0,27,13,41,0,0,13,43,56,1,0,40,56,97,34,225,259,356
08/06/2009,VQQ,FL,ASO,ES,Federal Contract Tower,0,0,11,3,14,0,0,27,23,50,0,0,38,26,64,64,124,188,252
08/07/2009,VQQ,FL,ASO,ES,Federal Contract Tower,0,0,14,12,26,0,0,35,14,49,0,0,49,26,75,52,210,262,337
08/08/2009,VQQ,FL,ASO,ES,Federal Contract Tower,0,0,13,0,13,0,0,26,0,26,0,0,39,0,39,46,0,46,85
08/09/2009,VQQ,FL,ASO,ES,Federal Contract Tower,0,0,4,1,5,0,0,10,14,24,0,0,14,15,29,50,32,82,111
08/10/2009,VQQ,FL,ASO,ES,Federal Contract Tower,0,0,6,6,12,0,0,5,23,28,0,0,11,29,40,10,124,134,174
08/11/2009,VQQ,FL,ASO,ES,Federal Contract Tower,0,0,8,6,14,0,1,24,26,51,0,1,32,32,65,30,169,199,264
08/12/2009,VQQ,FL,ASO,ES,Federal Contract Tower,2,0,15,6,23,0,0,14,53,67,2,0,29,59,90,32,246,278,368
08/13/2009,VQQ,FL,ASO,ES,Federal Contract Tower,5,1,12,10,28,0,0,20,28,48,5,1,32,38,76,38,146,184,260
08/14/2009,VQQ,FL,ASO,ES,Federal Contract Tower,1,0,10,33,44,0,0,5,14,19,1,0,15,47,63,24,127,151,214
08/15/2009,VQQ,FL,ASO,ES,Federal Contract Tower,4,0,14,0,18,0,0,0,3,3,4,0,14,3,21,8,38,46,67
08/16/2009,VQQ,FL,ASO,ES,Federal Contract Tower,4,2,23,15,44,0,0,18,0,18,4,2,41,15,62,36,0,36,98
08/17/2009,VQQ,FL,ASO,ES,Federal Contract Tower,1,0,11,2,14,0,0,2,12,14,1,0,13,14,28,4,84,88,116
08/18/2009,VQQ,FL,ASO,ES,Federal Contract Tower,0,0,13,7,20,0,0,5,26,31,0,0,18,33,51,10,256,266,317
08/19/2009,VQQ,FL,ASO,ES,Federal Contract Tower,0,0,21,6,27,0,0,13,57,70,0,0,34,63,97,30,235,265,362
08/20/2009,VQQ,FL,ASO,ES,Federal Contract Tower,0,0,14,14,28,0,0,7,46,53,0,0,21,60,81,42,190,232,313
08/21/2009,VQQ,FL,ASO,ES,Federal Contract Tower,0,0,26,22,48,0,0,14,30,44,0,0,40,52,92,58,58,116,208
08/22/2009,VQQ,FL,ASO,ES,Federal Contract Tower,0,0,8,16,24,0,0,5,37,42,0,0,13,53,66,14,0,14,80
08/23/2009,VQQ,FL,ASO,ES,Federal Contract Tower,0,0,10,19,29,0,0,15,51,66,0,0,25,70,95,50,8,58,153
08/24/2009,VQQ,FL,ASO,ES,Federal Contract Tower,0,0,2,37,39,0,0,18,56,74,0,0,20,93,113,62,32,94,207
08/25/2009,VQQ,FL,ASO,ES,Federal Contract Tower,1,1,5,32,39,0,0,5,51,56,1,1,10,83,95,20,63,83,178
08/26/2009,VQQ,FL,ASO,ES,Federal Contract Tower,0,1,7,23,31,0,0,6,26,32,0,1,13,49,63,18,6,24,87
08/27/2009,VQQ,FL,ASO,ES,Federal Contract Tower,1,0,15,22,38,0,0,14,24,38,1,0,29,46,76,26,60,86,162
08/28/2009,VQQ,FL,ASO,ES,Federal Contract Tower,0,0,10,5,15,0,0,15,31,46,0,0,25,36,61,30,52,82,143
08/29/2009,VQQ,FL,ASO,ES,Federal Contract Tower,0,0,6,2,8,0,0,11,0,11,0,0,17,2,19,56,0,56,75
08/30/2009,VQQ,FL,ASO,ES,Federal Contract Tower,0,0,14,0,14,0,0,9,0,9,0,0,23,0,23,9,0,9,32
08/31/2009,VQQ,FL,ASO,ES,Federal Contract Tower,1,0,2,8,11,0,0,24,24,48,1,0,26,32,59,68,201,269,328
09/01/2009,VQQ,FL,ASO,ES,Federal Contract Tower,0,0,8,6,14,0,0,10,15,25,0,0,18,21,39,34,137,171,210
09/02/2009,VQQ,FL,ASO,ES,Federal Contract Tower,0,0,1,13,14,0,0,3,42,45,0,0,4,55,59,0,192,192,251
09/03/2009,VQQ,FL,ASO,ES,Federal Contract Tower,0,0,25,10,35,0,0,14,31,45,0,0,39,41,80,52,125,177,257
09/04/2009,VQQ,FL,ASO,ES,Federal Contract Tower,0,0,13,0,13,0,0,26,14,40,0,0,39,14,53,93,80,173,226
09/05/2009,VQQ,FL,ASO,ES,Federal Contract Tower,0,0,7,1,8,0,0,18,0,18,0,0,25,1,26,44,0,44,70
09/06/2009,VQQ,FL,ASO,ES,Federal Contract Tower,0,0,7,1,8,0,0,15,1,16,0,0,22,2,24,34,14,48,72
09/07/2009,VQQ,FL,ASO,ES,Federal Contract Tower,0,0,11,0,11,0,0,23,0,23,0,0,34,0,34,87,0,87,121
09/08/2009,VQQ,FL,ASO,ES,Federal Contract Tower,0,0,4,0,4,0,0,21,19,40,0,0,25,19,44,32,289,321,365
09/09/2009,VQQ,FL,ASO,ES,Federal Contract Tower,0,2,15,3,20,1,0,22,49,72,1,2,37,52,92,66,528,594,686
09/10/2009,VQQ,FL,ASO,ES,Federal Contract Tower,3,0,11,6,20,0,0,22,62,84,3,0,33,68,104,26,353,379,483
09/11/2009,VQQ,FL,ASO,ES,Federal Contract Tower,2,0,21,3,26,0,0,34,11,45,2,0,55,14,71,80,48,128,199
09/12/2009,VQQ,FL,ASO,ES,Federal Contract Tower,2,0,2,15,19,0,0,14,2,16,2,0,16,17,35,30,16,46,81
09/13/2009,VQQ,FL,ASO,ES,Federal Contract Tower,0,0,12,0,12,0,0,10,0,10,0,0,22,0,22,8,0,8,30
09/14/2009,VQQ,FL,ASO,ES,Federal Contract Tower,0,2,11,15,28,0,0,11,15,26,0,2,22,30,54,9,209,218,272
09/15/2009,VQQ,FL,ASO,ES,Federal Contract Tower,0,3,2,9,14,0,1,6,28,35,0,4,8,37,49,19,366,385,434
09/16/2009,VQQ,FL,ASO,ES,Federal Contract Tower,1,0,22,4,27,0,0,19,32,51,1,0,41,36,78,66,198,264,342
09/17/2009,VQQ,FL,ASO,ES,Federal Contract Tower,1,0,19,14,34,0,0,22,57,79,1,0,41,71,113,52,246,298,411
09/18/2009,VQQ,FL,ASO,ES,Federal Contract Tower,0,0,10,9,19,0,0,9,40,49,0,0,19,49,68,17,243,260,328
09/19/2009,VQQ,FL,ASO,ES,Federal Contract Tower,0,0,10,1,11,0,0,25,2,27,0,0,35,3,38,64,0,64,102
09/20/2009,VQQ,FL,ASO,ES,Federal Contract Tower,0,2,7,6,15,0,0,16,13,29,0,2,23,19,44,34,18,52,96
09/21/2009,VQQ,FL,ASO,ES,Federal Contract Tower,0,2,6,0,8,0,0,4,23,27,0,2,10,23,35,16,86,102,137
09/22/2009,VQQ,FL,ASO,ES,Federal Contract Tower,0,2,9,2,13,0,1,2,19,22,0,3,11,21,35,8,174,182,217
09/23/2009,VQQ,FL,ASO,ES,Federal Contract Tower,0,0,4,0,4,0,0,5,14,19,0,0,9,14,23,2,68,70,93
09/24/2009,VQQ,FL,ASO,ES,Federal Contract Tower,0,0,1,9,10,0,0,22,25,47,0,0,23,34,57,46,57,103,160
09/25/2009,VQQ,FL,ASO,ES,Federal Contract Tower,0,0,8,7,15,0,0,23,35,58,0,0,31,42,73,46,176,222,295
09/26/2009,VQQ,FL,ASO,ES,Federal Contract Tower,0,0,6,0,6,0,0,14,24,38,0,0,20,24,44,36,0,36,80
09/27/2009,VQQ,FL,ASO,ES,Federal Contract Tower,2,0,14,2,18,0,0,15,64,79,2,0,29,66,97,40,0,40,137
09/28/2009,VQQ,FL,ASO,ES,Federal Contract Tower,0,0,4,25,29,0,0,17,97,114,0,0,21,122,143,32,116,148,291
09/29/2009,VQQ,FL,ASO,ES,Federal Contract Tower,2,0,13,32,47,0,0,17,75,92,2,0,30,107,139,28,171,199,338
09/30/2009,VQQ,FL,ASO,ES,Federal Contract Tower,0,0,21,16,37,0,1,26,69,96,0,1,47,85,133,60,57,117,250
10/01/2009,VQQ,FL,ASO,ES,Federal Contract Tower,1,0,14,36,51,0,1,26,42,69,1,1,40,78,120,20,30,50,170
10/02/2009,VQQ,FL,ASO,ES,Federal Contract Tower,0,1,13,11,25,0,0,27,51,78,0,1,40,62,103,26,140,166,269
10/03/2009,VQQ,FL,ASO,ES,Federal Contract Tower,0,0,12,4,16,0,0,16,21,37,0,0,28,25,53,28,40,68,121
10/04/2009,VQQ,FL,ASO,ES,Federal Contract Tower,0,0,7,2,9,0,0,17,21,38,0,0,24,23,47,40,56,96,143
10/05/2009,VQQ,FL,ASO,ES,Federal Contract Tower,0,0,7,5,12,0,0,9,41,50,0,0,16,46,62,23,227,250,312
10/06/2009,VQQ,FL,ASO,ES,Federal Contract Tower,0,0,8,4,12,0,0,9,27,36,0,0,17,31,48,18,232,250,298
10/07/2009,VQQ,FL,ASO,ES,Federal Contract Tower,0,0,17,8,25,0,0,19,36,55,0,0,36,44,80,40,194,234,314
10/08/2009,VQQ,FL,ASO,ES,Federal Contract Tower,0,0,7,5,12,0,1,24,49,74,0,1,31,54,86,30,218,248,334
10/09/2009,VQQ,FL,ASO,ES,Federal Contract Tower,0,2,9,9,20,0,1,25,37,63,0,3,34,46,83,54,26,80,163
10/10/2009,VQQ,FL,ASO,ES,Federal Contract Tower,0,0,4,2,6,0,0,14,4,18,0,0,18,6,24,24,30,54,78
10/11/2009,VQQ,FL,ASO,ES,Federal Contract Tower,4,2,4,3,13,1,0,12,1,14,5,2,16,4,27,26,0,26,53
10/12/2009,VQQ,FL,ASO,ES,Federal Contract Tower,10,1,19,0,30,1,0,17,0,18,11,1,36,0,48,98,0,98,146
10/13/2009,VQQ,FL,ASO,ES,Federal Contract Tower,17,2,20,34,73,0,0,0,2,2,17,2,20,36,75,0,4,4,79
10/14/2009,VQQ,FL,ASO,ES,Federal Contract Tower,2,2,12,2,18,0,0,7,52,59,2,2,19,54,77,82,256,338,415
10/15/2009,VQQ,FL,ASO,ES,Federal Contract Tower,0,0,14,13,27,0,0,11,26,37,0,0,25,39,64,24,153,177,241
10/16/2009,VQQ,FL,ASO,ES,Federal Contract Tower,0,0,15,4,19,0,2,6,34,42,0,2,21,38,61,24,164,188,249
10/17/2009,VQQ,FL,ASO,ES,Federal Contract Tower,0,0,7,4,11,0,0,24,9,33,0,0,31,13,44,60,38,98,142
10/18/2009,VQQ,FL,ASO,ES,Federal Contract Tower,0,0,4,3,7,0,0,19,2,21,0,0,23,5,28,52,0,52,80
10/19/2009,VQQ,FL,ASO,ES,Federal Contract Tower,1,0,5,5,11,0,0,11,10,21,1,0,16,15,32,99,143,242,274
10/20/2009,VQQ,FL,ASO,ES,Federal Contract Tower,3,2,12,1,18,0,0,4,18,22,3,2,16,19,40,58,132,190,230
10/21/2009,VQQ,FL,ASO,ES,Federal Contract Tower,0,0,24,8,32,0,0,13,38,51,0,0,37,46,83,40,291,331,414
10/22/2009,VQQ,FL,ASO,ES,Federal Contract Tower,0,2,5,8,15,0,4,10,31,45,0,6,15,39,60,22,230,252,312
10/23/2009,VQQ,FL,ASO,ES,Federal Contract Tower,0,2,6,8,16,0,0,11,30,41,0,2,17,38,57,21,118,139,196
10/24/2009,VQQ,FL,ASO,ES,Federal Contract Tower,0,4,4,3,11,0,0,20,11,31,0,4,24,14,42,67,2,69,111
10/25/2009,VQQ,FL,ASO,ES,Federal Contract Tower,0,0,15,3,18,0,0,25,6,31,0,0,40,9,49,32,10,42,91
10/26/2009,VQQ,FL,ASO,ES,Federal Contract Tower,0,1,7,11,19,0,0,0,8,8,0,1,7,19,27,0,2,2,29
10/27/2009,VQQ,FL,ASO,ES,Federal Contract Tower,0,5,12,14,31,0,1,0,21,22,0,6,12,35,53,2,266,268,321
10/28/2009,VQQ,FL,ASO,ES,Federal Contract Tower,0,0,12,23,35,0,2,2,34,38,0,2,14,57,73,12,160,172,245
10/29/2009,VQQ,FL,ASO,ES,Federal Contract Tower,0,2,15,23,40,0,0,15,27,42,0,2,30,50,82,14,107,121,203
10/30/2009,VQQ,FL,ASO,ES,Federal Contract Tower,0,0,11,4,15,0,0,26,43,69,0,0,37,47,84,45,90,135,219
10/31/2009,VQQ,FL,ASO,ES,Federal Contract Tower,0,0,8,2,10,0,0,25,0,25,0,0,33,2,35,96,0,96,131
11/01/2009,VQQ,FL,ASO,ES,Federal Contract Tower,10,0,14,1,25,2,0,14,0,16,12,0,28,1,41,18,0,18,59
11/02/2009,VQQ,FL,ASO,ES,Federal Contract Tower,4,0,16,1,21,0,0,10,24,34,4,0,26,25,55,57,163,220,275
11/03/2009,VQQ,FL,ASO,ES,Federal Contract Tower,1,0,14,18,33,0,0,8,29,37,1,0,22,47,70,118,370,488,558
11/04/2009,VQQ,FL,ASO,ES,Federal Contract Tower,0,0,16,3,19,0,0,16,32,48,0,0,32,35,67,82,160,242,309
11/05/2009,VQQ,FL,ASO,ES,Federal Contract Tower,0,0,10,9,19,0,2,15,36,53,0,2,25,45,72,126,350,476,548
11/06/2009,VQQ,FL,ASO,ES,Federal Contract Tower,0,0,27,13,40,0,0,37,74,111,0,0,64,87,151,92,202,294,445
11/07/2009,VQQ,FL,ASO,ES,Federal Contract Tower,0,0,10,10,20,0,0,36,49,85,0,0,46,59,105,67,24,91,196
11/08/2009,VQQ,FL,ASO,ES,Federal Contract Tower,0,0,10,15,25,0,0,27,61,88,0,0,37,76,113,219,62,281,394
11/09/2009,VQQ,FL,ASO,ES,Federal Contract Tower,0,0,6,29,35,0,0,53,102,155,0,0,59,131,190,310,226,536,726
11/10/2009,VQQ,FL,ASO,ES,Federal Contract Tower,1,1,8,18,28,0,0,59,67,126,1,1,67,85,154,306,232,538,692
11/11/2009,VQQ,FL,ASO,ES,Federal Contract Tower,0,4,22,18,44,0,0,61,4,65,0,4,83,22,109,0,0,0,109
11/12/2009,VQQ,FL,ASO,ES,Federal Contract Tower,3,0,9,21,33,0,0,57,46,103,3,0,66,67,136,289,288,577,713
11/13/2009,VQQ,FL,ASO,ES,Federal Contract Tower,0,0,24,20,44,0,0,68,54,122,0,0,92,74,166,78,128,206,372
11/14/2009,VQQ,FL,ASO,ES,Federal Contract Tower,4,1,11,4,20,10,0,20,11,41,14,1,31,15,61,86,88,174,235
11/15/2009,VQQ,FL,ASO,ES,Federal Contract Tower,2,0,8,4,14,0,0,22,1,23,2,0,30,5,37,10,6,16,53
11/16/2009,VQQ,FL,ASO,ES,Federal Contract Tower,1,0,9,3,13,0,0,24,42,66,1,0,33,45,79,47,208,255,334
11/17/2009,VQQ,FL,ASO,ES,Federal Contract Tower,0,2,17,2,21,0,0,13,39,52,0,2,30,41,73,46,169,215,288
11/18/2009,VQQ,FL,ASO,ES,Federal Contract Tower,2,2,18,17,39,0,0,15,43,58,2,2,33,60,97,39,400,439,536
11/19/2009,VQQ,FL,ASO,ES,Federal Contract Tower,4,0,20,12,36,0,0,12,46,58,4,0,32,58,94,34,370,404,498
11/20/2009,VQQ,FL,ASO,ES,Federal Contract Tower,15,0,16,9,40,0,0,24,19,43,15,0,40,28,83,39,88,127,210
11/21/2009,VQQ,FL,ASO,ES,Federal Contract Tower,4,0,17,6,27,0,0,13,6,19,4,0,30,12,46,42,36,78,124
11/22/2009,VQQ,FL,ASO,ES,Federal Contract Tower,0,0,4,0,4,0,0,9,5,14,0,0,13,5,18,28,83,111,129
11/23/2009,VQQ,FL,ASO,ES,Federal Contract Tower,0,0,13,10,23,0,0,9,25,34,0,0,22,35,57,24,64,88,145
11/24/2009,VQQ,FL,ASO,ES,Federal Contract Tower,0,0,16,11,27,0,0,1,8,9,0,0,17,19,36,0,50,50,86
11/25/2009,VQQ,FL,ASO,ES,Federal Contract Tower,0,2,11,0,13,0,0,0,11,11,0,2,11,11,24,0,16,16,40
11/26/2009,VQQ,FL,ASO,ES,Federal Contract Tower,0,0,1,0,1,0,0,0,0,0,0,0,1,0,1,0,0,0,1
11/27/2009,VQQ,FL,ASO,ES,Federal Contract Tower,0,0,5,0,5,0,0,19,1,20,0,0,24,1,25,60,6,66,91
11/28/2009,VQQ,FL,ASO,ES,Federal Contract Tower,0,2,0,0,2,0,0,10,2,12,0,2,10,2,14,22,0,22,36
11/29/2009,VQQ,FL,ASO,ES,Federal Contract Tower,0,0,9,0,9,0,0,16,0,16,0,0,25,0,25,20,0,20,45
11/30/2009,VQQ,FL,ASO,ES,Federal Contract Tower,0,3,41,12,56,0,1,29,37,67,0,4,70,49,123,36,140,176,299
12/01/2009,VQQ,FL,ASO,ES,Federal Contract Tower,0,2,16,10,28,0,0,6,21,27,0,2,22,31,55,10,140,150,205
12/02/2009,VQQ,FL,ASO,ES,Federal Contract Tower,0,2,5,3,10,0,0,1,29,30,0,2,6,32,40,14,194,208,248
12/03/2009,VQQ,FL,ASO,ES,Federal Contract Tower,0,2,19,6,27,0,0,15,47,62,0,2,34,53,89,26,202,228,317
12/04/2009,VQQ,FL,ASO,ES,Federal Contract Tower,3,1,14,9,27,0,0,10,14,24,3,1,24,23,51,50,147,197,248
12/05/2009,VQQ,FL,ASO,ES,Federal Contract Tower,1,0,5,7,13,0,0,8,16,24,1,0,13,23,37,10,10,20,57
12/06/2009,VQQ,FL,ASO,ES,Federal Contract Tower,0,0,5,9,14,0,0,7,6,13,0,0,12,15,27,20,59,79,106
12/07/2009,VQQ,FL,ASO,ES,Federal Contract Tower,0,2,10,13,25,0,0,12,29,41,0,2,22,42,66,10,104,114,180
12/08/2009,VQQ,FL,ASO,ES,Federal Contract Tower,0,0,18,27,45,0,0,5,48,53,0,0,23,75,98,20,276,296,394
12/09/2009,VQQ,FL,ASO,ES,Federal Contract Tower,0,1,13,21,35,0,0,6,26,32,0,1,19,47,67,12,169,181,248
12/10/2009,VQQ,FL,ASO,ES,Federal Contract Tower,0,2,12,25,39,0,0,2,76,78,0,2,14,101,117,30,218,248,365
12/11/2009,VQQ,FL,ASO,ES,Federal Contract Tower,0,1,24,20,45,0,1,11,62,74,0,2,35,82,119,37,111,148,267
12/12/2009,VQQ,FL,ASO,ES,Federal Contract Tower,0,0,12,5,17,0,0,0,0,0,0,0,12,5,17,0,0,0,17
12/13/2009,VQQ,FL,ASO,ES,Federal Contract Tower,2,2,1,41,46,0,0,5,87,92,2,2,6,128,138,12,0,12,150
12/14/2009,VQQ,FL,ASO,ES,Federal Contract Tower,0,2,11,13,26,0,0,13,41,54,0,2,24,54,80,48,104,152,232
12/15/2009,VQQ,FL,ASO,ES,Federal Contract Tower,0,0,13,47,60,0,0,15,58,73,0,0,28,105,133,23,256,279,412
12/16/2009,VQQ,FL,ASO,ES,Federal Contract Tower,2,1,29,45,77,0,1,10,43,54,2,2,39,88,131,37,246,283,414
12/17/2009,VQQ,FL,ASO,ES,Federal Contract Tower,2,2,17,9,30,0,0,23,48,71,2,2,40,57,101,56,210,266,367
12/18/2009,VQQ,FL,ASO,ES,Federal Contract Tower,3,2,12,4,21,1,0,0,0,1,4,2,12,4,22,0,0,0,22
12/19/2009,VQQ,FL,ASO,ES,Federal Contract Tower,2,0,5,0,7,7,0,2,0,9,9,0,7,0,16,4,0,4,20
12/20/2009,VQQ,FL,ASO,ES,Federal Contract Tower,6,0,2,0,8,0,0,14,0,14,6,0,16,0,22,48,0,48,70
12/21/2009,VQQ,FL,ASO,ES,Federal Contract Tower,0,1,15,3,19,0,1,20,21,42,0,2,35,24,61,41,32,73,134
12/22/2009,VQQ,FL,ASO,ES,Federal Contract Tower,0,1,9,16,26,0,0,24,30,54,0,1,33,46,80,12,85,97,177
12/23/2009,VQQ,FL,ASO,ES,Federal Contract Tower,0,4,4,11,19,0,0,7,24,31,0,4,11,35,50,13,107,120,170
12/24/2009,VQQ,FL,ASO,ES,Federal Contract Tower,0,0,5,0,5,0,0,5,11,16,0,0,10,11,21,36,0,36,57
12/25/2009,VQQ,FL,ASO,ES,Federal Contract Tower,0,0,0,0,0,0,0,0,0,0,0,0,0,0,0,0,0,0,0
12/26/2009,VQQ,FL,ASO,ES,Federal Contract Tower,0,0,2,0,2,0,0,8,0,8,0,0,10,0,10,10,2,12,22
12/27/2009,VQQ,FL,ASO,ES,Federal Contract Tower,1,1,6,0,8,0,0,6,0,6,1,1,12,0,14,2,0,2,16
12/28/2009,VQQ,FL,ASO,ES,Federal Contract Tower,0,3,9,0,12,0,0,24,14,38,0,3,33,14,50,73,50,123,173
12/29/2009,VQQ,FL,ASO,ES,Federal Contract Tower,2,2,13,13,30,0,0,29,17,46,2,2,42,30,76,44,53,97,173
12/30/2009,VQQ,FL,ASO,ES,Federal Contract Tower,1,6,9,2,18,0,0,17,30,47,1,6,26,32,65,40,216,256,321
12/31/2009,VQQ,FL,ASO,ES,Federal Contract Tower,0,4,21,2,27,0,8,5,10,23,0,12,26,12,50,24,0,24,74
01/01/2010,VQQ,FL,ASO,ES,Federal Contract Tower,0,0,8,1,9,0,0,0,0,0,0,0,8,1,9,18,0,18,27
01/02/2010,VQQ,FL,ASO,ES,Federal Contract Tower,1,0,8,0,9,0,0,11,0,11,1,0,19,0,20,8,0,8,28
01/03/2010,VQQ,FL,ASO,ES,Federal Contract Tower,0,0,0,0,0,0,0,9,0,9,0,0,9,0,9,28,0,28,37
01/04/2010,VQQ,FL,ASO,ES,Federal Contract Tower,1,1,1,8,11,0,1,15,8,24,1,2,16,16,35,38,24,62,97
01/05/2010,VQQ,FL,ASO,ES,Federal Contract Tower,0,1,9,11,21,0,1,8,34,43,0,2,17,45,64,15,125,140,204
01/06/2010,VQQ,FL,ASO,ES,Federal Contract Tower,0,0,24,12,36,0,2,17,45,64,0,2,41,57,100,56,154,210,310
01/07/2010,VQQ,FL,ASO,ES,Federal Contract Tower,0,5,7,6,18,0,0,9,31,40,0,5,16,37,58,79,210,289,347
01/08/2010,VQQ,FL,ASO,ES,Federal Contract Tower,0,0,6,9,15,0,2,0,41,43,0,2,6,50,58,14,190,204,262
01/09/2010,VQQ,FL,ASO,ES,Federal Contract Tower,10,0,0,11,21,0,0,17,34,51,10,0,17,45,72,59,167,226,298
01/10/2010,VQQ,FL,ASO,ES,Federal Contract Tower,1,0,11,0,12,0,0,6,7,13,1,0,17,7,25,34,10,44,69
01/11/2010,VQQ,FL,ASO,ES,Federal Contract Tower,2,1,7,6,16,8,0,25,64,97,10,1,32,70,113,81,322,403,516
01/12/2010,VQQ,FL,ASO,ES,Federal Contract Tower,2,0,26,20,48,0,0,19,55,74,2,0,45,75,122,42,230,272,394
01/13/2010,VQQ,FL,ASO,ES,Federal Contract Tower,0,2,20,13,35,0,0,22,59,81,0,2,42,72,116,92,345,437,553
01/14/2010,VQQ,FL,ASO,ES,Federal Contract Tower,0,2,9,16,27,0,2,13,46,61,0,4,22,62,88,66,347,413,501
01/15/2010,VQQ,FL,ASO,ES,Federal Contract Tower,0,2,14,7,23,0,2,15,29,46,0,4,29,36,69,148,352,500,569
01/16/2010,VQQ,FL,ASO,ES,Federal Contract Tower,0,2,9,9,20,0,0,0,4,4,0,2,9,13,24,0,36,36,60
01/17/2010,VQQ,FL,ASO,ES,Federal Contract Tower,1,0,4,0,5,0,0,9,4,13,1,0,13,4,18,10,30,40,58
01/18/2010,VQQ,FL,ASO,ES,Federal Contract Tower,0,2,16,2,20,0,0,15,4,19,0,2,31,6,39,28,8,36,75
01/19/2010,VQQ,FL,ASO,ES,Federal Contract Tower,0,1,14,5,20,0,2,25,51,78,0,3,39,56,98,70,303,373,471
01/20/2010,VQQ,FL,ASO,ES,Federal Contract Tower,0,4,15,8,27,0,0,14,54,68,0,4,29,62,95,35,304,339,434
01/21/2010,VQQ,FL,ASO,ES,Federal Contract Tower,0,2,9,8,19,0,0,0,10,10,0,2,9,18,29,0,114,114,143
01/22/2010,VQQ,FL,ASO,ES,Federal Contract Tower,3,2,13,4,22,0,0,24,24,48,3,2,37,28,70,24,222,246,316
01/23/2010,VQQ,FL,ASO,ES,Federal Contract Tower,1,0,14,0,15,0,0,10,9,19,1,0,24,9,34,36,26,62,96
01/24/2010,VQQ,FL,ASO,ES,Federal Contract Tower,1,0,15,0,16,0,0,8,0,8,1,0,23,0,24,24,0,24,48
01/25/2010,VQQ,FL,ASO,ES,Federal Contract Tower,2,0,12,1,15,0,0,17,25,42,2,0,29,26,57,32,117,149,206
01/26/2010,VQQ,FL,ASO,ES,Federal Contract Tower,0,0,32,8,40,0,0,21,56,77,0,0,53,64,117,30,218,248,365
01/27/2010,VQQ,FL,ASO,ES,Federal Contract Tower,2,0,16,15,33,0,0,51,36,87,2,0,67,51,120,50,202,252,372
01/28/2010,VQQ,FL,ASO,ES,Federal Contract Tower,2,4,22,7,35,0,2,32,50,84,2,6,54,57,119,164,61,225,344
01/29/2010,VQQ,FL,ASO,ES,Federal Contract Tower,5,5,14,28,52,0,0,14,30,44,5,5,28,58,96,37,122,159,255
01/30/2010,VQQ,FL,ASO,ES,Federal Contract Tower,0,0,8,0,8,0,0,1,3,4,0,0,9,3,12,0,18,18,30
01/31/2010,VQQ,FL,ASO,ES,Federal Contract Tower,6,3,14,1,24,0,0,7,0,7,6,3,21,1,31,30,2,32,63
02/01/2010,VQQ,FL,ASO,ES,Federal Contract Tower,2,0,21,4,27,0,0,16,9,25,2,0,37,13,52,78,219,297,349
02/02/2010,VQQ,FL,ASO,ES,Federal Contract Tower,6,4,9,3,22,6,4,9,3,22,12,8,18,6,44,6,34,40,84
02/03/2010,VQQ,FL,ASO,ES,Federal Contract Tower,2,2,23,13,40,0,0,39,45,84,2,2,62,58,124,98,205,303,427
02/04/2010,VQQ,FL,ASO,ES,Federal Contract Tower,2,1,16,12,31,0,0,16,50,66,2,1,32,62,97,16,149,165,262
02/05/2010,VQQ,FL,ASO,ES,Federal Contract Tower,2,0,8,7,17,0,0,0,29,29,2,0,8,36,46,0,183,183,229
02/06/2010,VQQ,FL,ASO,ES,Federal Contract Tower,0,0,7,1,8,0,0,8,3,11,0,0,15,4,19,36,10,46,65
02/07/2010,VQQ,FL,ASO,ES,Federal Contract Tower,1,0,4,19,24,0,0,10,2,12,1,0,14,21,36,28,0,28,64
02/08/2010,VQQ,FL,ASO,ES,Federal Contract Tower,1,0,6,7,14,0,0,12,24,36,1,0,18,31,50,62,171,233,283
02/09/2010,VQQ,FL,ASO,ES,Federal Contract Tower,0,0,6,10,16,0,0,9,20,29,0,0,15,30,45,33,148,181,226
02/10/2010,VQQ,FL,ASO,ES,Federal Contract Tower,1,0,15,9,25,0,0,21,47,68,1,0,36,56,93,6,397,403,496
02/11/2010,VQQ,FL,ASO,ES,Federal Contract Tower,0,0,10,8,18,0,0,16,30,46,0,0,26,38,64,52,224,276,340
02/12/2010,VQQ,FL,ASO,ES,Federal Contract Tower,2,4,2,0,8,0,0,0,0,0,2,4,2,0,8,0,0,0,8
02/13/2010,VQQ,FL,ASO,ES,Federal Contract Tower,5,0,2,0,7,1,0,2,2,5,6,0,4,2,12,14,0,14,26
02/14/2010,VQQ,FL,ASO,ES,Federal Contract Tower,14,0,1,13,28,0,0,10,0,10,14,0,11,13,38,49,8,57,95
02/15/2010,VQQ,FL,ASO,ES,Federal Contract Tower,2,0,14,1,17,0,0,8,0,8,2,0,22,1,25,16,0,16,41
02/16/2010,VQQ,FL,ASO,ES,Federal Contract Tower,1,0,11,16,28,0,0,26,33,59,1,0,37,49,87,60,130,190,277
02/17/2010,VQQ,FL,ASO,ES,Federal Contract Tower,0,0,13,6,19,0,0,23,61,84,0,0,36,67,103,78,263,341,444
02/18/2010,VQQ,FL,ASO,ES,Federal Contract Tower,0,3,15,4,22,0,6,18,71,95,0,9,33,75,117,44,394,438,555
02/19/2010,VQQ,FL,ASO,ES,Federal Contract Tower,0,0,21,9,30,0,1,26,51,78,0,1,47,60,108,69,92,161,269
02/20/2010,VQQ,FL,ASO,ES,Federal Contract Tower,0,0,15,3,18,0,0,18,13,31,0,0,33,16,49,18,46,64,113
02/21/2010,VQQ,FL,ASO,ES,Federal Contract Tower,0,1,13,5,19,0,0,24,14,38,0,1,37,19,57,72,50,122,179
02/22/2010,VQQ,FL,ASO,ES,Federal Contract Tower,0,0,13,2,15,0,0,7,26,33,0,0,20,28,48,2,211,213,261
02/23/2010,VQQ,FL,ASO,ES,Federal Contract Tower,0,4,9,2,15,0,0,14,34,48,0,4,23,36,63,24,193,217,280
02/24/2010,VQQ,FL,ASO,ES,Federal Contract Tower,1,0,11,2,14,0,0,16,74,90,1,0,27,76,104,60,403,463,567
02/25/2010,VQQ,FL,ASO,ES,Federal Contract Tower,4,0,13,8,25,0,0,9,67,76,4,0,22,75,101,31,238,269,370
02/26/2010,VQQ,FL,ASO,ES,Federal Contract Tower,5,0,29,14,48,0,0,19,32,51,5,0,48,46,99,12,161,173,272
02/27/2010,VQQ,FL,ASO,ES,Federal Contract Tower,2,0,4,0,6,0,0,0,0,0,2,0,4,0,6,30,38,68,74
02/28/2010,VQQ,FL,ASO,ES,Federal Contract Tower,1,0,20,3,24,0,0,18,2,20,1,0,38,5,44,48,42,90,134
03/01/2010,VQQ,FL,ASO,ES,Federal Contract Tower,3,0,16,0,19,9,0,31,33,73,12,0,47,33,92,24,125,149,241
03/02/2010,VQQ,FL,ASO,ES,Federal Contract Tower,2,2,7,14,25,0,0,3,75,78,2,2,10,89,103,2,455,457,560
03/03/2010,VQQ,FL,ASO,ES,Federal Contract Tower,0,1,13,4,18,0,0,11,43,54,0,1,24,47,72,8,212,220,292
03/04/2010,VQQ,FL,ASO,ES,Federal Contract Tower,0,0,10,10,20,0,2,17,69,88,0,2,27,79,108,50,216,266,374
03/05/2010,VQQ,FL,ASO,ES,Federal Contract Tower,1,0,19,11,31,0,0,32,57,89,1,0,51,68,120,38,139,177,297
03/06/2010,VQQ,FL,ASO,ES,Federal Contract Tower,0,0,20,21,41,0,0,14,14,28,0,0,34,35,69,40,68,108,177
03/07/2010,VQQ,FL,ASO,ES,Federal Contract Tower,0,0,11,27,38,0,0,25,62,87,0,0,36,89,125,48,0,48,173
03/08/2010,VQQ,FL,ASO,ES,Federal Contract Tower,2,0,18,35,55,0,0,15,67,82,2,0,33,102,137,8,244,252,389
03/09/2010,VQQ,FL,ASO,ES,Federal Contract Tower,7,0,16,36,59,2,0,22,95,119,9,0,38,131,178,62,142,204,382
03/10/2010,VQQ,FL,ASO,ES,Federal Contract Tower,3,0,10,23,36,0,1,27,56,84,3,1,37,79,120,14,248,262,382
03/11/2010,VQQ,FL,ASO,ES,Federal Contract Tower,0,2,6,7,15,0,0,2,16,18,0,2,8,23,33,0,6,6,39
03/12/2010,VQQ,FL,ASO,ES,Federal Contract Tower,8,0,15,9,32,6,0,2,31,39,14,0,17,40,71,6,40,46,117
03/13/2010,VQQ,FL,ASO,ES,Federal Contract Tower,2,1,11,6,20,0,0,13,18,31,2,1,24,24,51,22,44,66,117
03/14/2010,VQQ,FL,ASO,ES,Federal Contract Tower,0,0,16,0,16,0,0,22,6,28,0,0,38,6,44,28,10,38,82
03/15/2010,VQQ,FL,ASO,ES,Federal Contract Tower,0,0,18,4,22,0,0,30,14,44,0,0,48,18,66,35,77,112,178
03/16/2010,VQQ,FL,ASO,ES,Federal Contract Tower,0,0,14,13,27,0,0,29,43,72,0,0,43,56,99,30,165,195,294
03/17/2010,VQQ,FL,ASO,ES,Federal Contract Tower,1,0,20,6,27,0,0,6,46,52,1,0,26,52,79,24,137,161,240
03/18/2010,VQQ,FL,ASO,ES,Federal Contract Tower,0,10,15,4,29,0,0,9,21,30,0,10,24,25,59,11,225,236,295
03/19/2010,VQQ,FL,ASO,ES,Federal Contract Tower,1,0,26,1,28,0,0,43,36,79,1,0,69,37,107,74,60,134,241
03/20/2010,VQQ,FL,ASO,ES,Federal Contract Tower,0,0,7,0,7,0,0,21,0,21,0,0,28,0,28,65,0,65,93
03/21/2010,VQQ,FL,ASO,ES,Federal Contract Tower,0,0,0,0,0,0,0,7,0,7,0,0,7,0,7,8,0,8,15
03/22/2010,VQQ,FL,ASO,ES,Federal Contract Tower,1,0,16,4,21,0,0,8,38,46,1,0,24,42,67,18,74,92,159
03/23/2010,VQQ,FL,ASO,ES,Federal Contract Tower,0,0,27,6,33,0,1,23,54,78,0,1,50,60,111,38,111,149,260
03/24/2010,VQQ,FL,ASO,ES,Federal Contract Tower,0,0,25,6,31,0,0,25,86,111,0,0,50,92,142,42,243,285,427
03/25/2010,VQQ,FL,ASO,ES,Federal Contract Tower,2,0,26,16,44,0,0,16,53,69,2,0,42,69,113,44,289,333,446
03/26/2010,VQQ,FL,ASO,ES,Federal Contract Tower,1,0,19,4,24,0,0,15,45,60,1,0,34,49,84,68,106,174,258
03/27/2010,VQQ,FL,ASO,ES,Federal Contract Tower,1,0,9,2,12,2,0,12,2,16,3,0,21,4,28,12,0,12,40
03/28/2010,VQQ,FL,ASO,ES,Federal Contract Tower,2,0,7,2,11,0,0,9,1,10,2,0,16,3,21,14,0,14,35
03/29/2010,VQQ,FL,ASO,ES,Federal Contract Tower,1,0,10,0,11,0,0,14,24,38,1,0,24,24,49,86,50,136,185
03/30/2010,VQQ,FL,ASO,ES,Federal Contract Tower,0,0,8,9,17,0,1,27,41,69,0,1,35,50,86,55,143,198,284
03/31/2010,VQQ,FL,ASO,ES,Federal Contract Tower,0,0,33,23,56,0,0,24,34,58,0,0,57,57,114,34,57,91,205
04/01/2010,VQQ,FL,ASO,ES,Federal Contract Tower,0,0,4,3,7,0,1,21,29,51,0,1,25,32,58,62,78,140,198
04/02/2010,VQQ,FL,ASO,ES,Federal Contract Tower,0,0,12,2,14,0,0,47,27,74,0,0,59,29,88,44,106,150,238
04/03/2010,VQQ,FL,ASO,ES,Federal Contract Tower,0,0,9,0,9,0,0,30,1,31,0,0,39,1,40,82,10,92,132
04/04/2010,VQQ,FL,ASO,ES,Federal Contract Tower,1,2,4,1,8,0,0,22,0,22,1,2,26,1,30,0,0,0,30
04/05/2010,VQQ,FL,ASO,ES,Federal Contract Tower,0,0,12,1,13,0,0,34,24,58,0,0,46,25,71,88,93,181,252
04/06/2010,VQQ,FL,ASO,ES,Federal Contract Tower,0,1,12,5,18,0,0,25,41,66,0,1,37,46,84,62,164,226,310
04/07/2010,VQQ,FL,ASO,ES,Federal Contract Tower,1,2,17,3,23,0,0,38,45,83,1,2,55,48,106,56,155,211,317
04/08/2010,VQQ,FL,ASO,ES,Federal Contract Tower,0,0,17,0,17,0,0,30,20,50,0,0,47,20,67,61,139,200,267
04/09/2010,VQQ,FL,ASO,ES,Federal Contract Tower,0,0,13,9,22,0,0,26,18,44,0,0,39,27,66,86,105,191,257
04/10/2010,VQQ,FL,ASO,ES,Federal Contract Tower,0,0,9,0,9,0,0,30,1,31,0,0,39,1,40,20,0,20,60
04/11/2010,VQQ,FL,ASO,ES,Federal Contract Tower,8,1,9,1,19,1,2,17,0,20,9,3,26,1,39,26,0,26,65
04/12/2010,VQQ,FL,ASO,ES,Federal Contract Tower,2,0,13,12,27,0,2,7,29,38,2,2,20,41,65,32,132,164,229
04/13/2010,VQQ,FL,ASO,ES,Federal Contract Tower,4,0,10,7,21,0,0,24,55,79,4,0,34,62,100,70,262,332,432
04/14/2010,VQQ,FL,ASO,ES,Federal Contract Tower,2,0,7,8,17,0,0,19,64,83,2,0,26,72,100,34,334,368,468
04/15/2010,VQQ,FL,ASO,ES,Federal Contract Tower,1,0,6,3,10,0,0,13,37,50,1,0,19,40,60,21,233,254,314
04/16/2010,VQQ,FL,ASO,ES,Federal Contract Tower,0,0,7,8,15,0,0,17,30,47,0,0,24,38,62,40,139,179,241
04/17/2010,VQQ,FL,ASO,ES,Federal Contract Tower,0,0,2,0,2,0,0,23,2,25,0,0,25,2,27,34,12,46,73
04/18/2010,VQQ,FL,ASO,ES,Federal Contract Tower,0,0,8,0,8,0,0,14,0,14,0,0,22,0,22,20,0,20,42
04/19/2010,VQQ,FL,ASO,ES,Federal Contract Tower,0,0,16,7,23,0,0,6,35,41,0,0,22,42,64,10,164,174,238
04/20/2010,VQQ,FL,ASO,ES,Federal Contract Tower,10,0,13,7,30,0,0,22,15,37,10,0,35,22,67,16,247,263,330
04/21/2010,VQQ,FL,ASO,ES,Federal Contract Tower,2,0,11,6,19,0,0,14,52,66,2,0,25,58,85,26,252,278,363
04/22/2010,VQQ,FL,ASO,ES,Federal Contract Tower,4,0,5,10,19,0,0,17,36,53,4,0,22,46,72,20,74,94,166
04/23/2010,VQQ,FL,ASO,ES,Federal Contract Tower,5,0,9,34,48,0,0,23,43,66,5,0,32,77,114,52,191,243,357
04/24/2010,VQQ,FL,ASO,ES,Federal Contract Tower,0,0,6,45,51,0,0,8,28,36,0,0,14,73,87,12,34,46,133
04/25/2010,VQQ,FL,ASO,ES,Federal Contract Tower,0,0,5,1,6,0,0,5,18,23,0,0,10,19,29,0,48,48,77
04/26/2010,VQQ,FL,ASO,ES,Federal Contract Tower,1,3,19,35,58,0,0,14,62,76,1,3,33,97,134,18,60,78,212
04/27/2010,VQQ,FL,ASO,ES,Federal Contract Tower,1,0,8,42,51,0,0,40,56,96,1,0,48,98,147,24,116,140,287
04/28/2010,VQQ,FL,ASO,ES,Federal Contract Tower,0,0,20,12,32,0,2,18,30,50,0,2,38,42,82,47,165,212,294
04/29/2010,VQQ,FL,ASO,ES,Federal Contract Tower,2,0,6,6,14,0,0,32,39,71,2,0,38,45,85,38,139,177,262
04/30/2010,VQQ,FL,ASO,ES,Federal Contract Tower,3,0,18,6,27,0,0,12,30,42,3,0,30,36,69,51,120,171,240
05/01/2010,VQQ,FL,ASO,ES,Federal Contract Tower,1,0,6,2,9,0,0,28,0,28,1,0,34,2,37,75,2,77,114
05/02/2010,VQQ,FL,ASO,ES,Federal Contract Tower,1,0,3,0,4,0,0,11,11,22,1,0,14,11,26,24,40,64,90
05/03/2010,VQQ,FL,ASO,ES,Federal Contract Tower,0,0,14,7,21,0,0,11,26,37,0,0,25,33,58,32,160,192,250
05/04/2010,VQQ,FL,ASO,ES,Federal Contract Tower,0,0,14,6,20,0,0,1,23,24,0,0,15,29,44,10,226,236,280
05/05/2010,VQQ,FL,ASO,ES,Federal Contract Tower,0,0,7,8,15,0,0,7,42,49,0,0,14,50,64,18,241,259,323
05/06/2010,VQQ,FL,ASO,ES,Federal Contract Tower,0,0,17,1,18,1,0,12,47,60,1,0,29,48,78,18,156,174,252
05/07/2010,VQQ,FL,ASO,ES,Federal Contract Tower,2,0,13,2,17,0,0,24,9,33,2,0,37,11,50,58,44,102,152
05/08/2010,VQQ,FL,ASO,ES,Federal Contract Tower,2,1,4,2,9,0,0,17,0,17,2,1,21,2,26,38,0,38,64
05/09/2010,VQQ,FL,ASO,ES,Federal Contract Tower,1,0,4,0,5,0,0,17,0,17,1,0,21,0,22,38,0,38,60
05/10/2010,VQQ,FL,ASO,ES,Federal Contract Tower,1,4,25,25,55,0,0,31,27,58,1,4,56,52,113,43,128,171,284
05/11/2010,VQQ,FL,ASO,ES,Federal Contract Tower,0,2,16,8,26,0,2,15,26,43,0,4,31,34,69,18,81,99,168
05/12/2010,VQQ,FL,ASO,ES,Federal Contract Tower,0,0,28,8,36,0,1,25,28,54,0,1,53,36,90,36,194,230,320
05/13/2010,VQQ,FL,ASO,ES,Federal Contract Tower,0,1,15,15,31,0,1,34,31,66,0,2,49,46,97,45,233,278,375
05/14/2010,VQQ,FL,ASO,ES,Federal Contract Tower,0,0,7,2,9,0,0,28,16,44,0,0,35,18,53,32,79,111,164
05/15/2010,VQQ,FL,ASO,ES,Federal Contract Tower,0,0,13,0,13,0,0,12,3,15,0,0,25,3,28,10,22,32,60
05/16/2010,VQQ,FL,ASO,ES,Federal Contract Tower,0,0,15,8,23,0,0,11,26,37,0,0,26,34,60,16,48,64,124
05/17/2010,VQQ,FL,ASO,ES,Federal Contract Tower,0,0,5,0,5,0,0,1,14,15,0,0,6,14,20,4,28,32,52
05/18/2010,VQQ,FL,ASO,ES,Federal Contract Tower,0,0,21,7,28,0,0,31,43,74,0,0,52,50,102,49,187,236,338
05/19/2010,VQQ,FL,ASO,ES,Federal Contract Tower,0,0,26,10,36,0,0,39,47,86,0,0,65,57,122,42,262,304,426
05/20/2010,VQQ,FL,ASO,ES,Federal Contract Tower,0,0,26,7,33,0,0,32,33,65,0,0,58,40,98,68,109,177,275
05/21/2010,VQQ,FL,ASO,ES,Federal Contract Tower,1,0,19,5,25,0,0,23,25,48,1,0,42,30,73,40,22,62,135
05/22/2010,VQQ,FL,ASO,ES,Federal Contract Tower,0,0,16,2,18,0,0,13,0,13,0,0,29,2,31,8,0,8,39
05/23/2010,VQQ,FL,ASO,ES,Federal Contract Tower,0,0,4,3,7,0,0,22,2,24,0,0,26,5,31,48,6,54,85
05/24/2010,VQQ,FL,ASO,ES,Federal Contract Tower,0,0,27,6,33,0,0,20,26,46,0,0,47,32,79,2,102,104,183
05/25/2010,VQQ,FL,ASO,ES,Federal Contract Tower,2,0,6,7,15,3,0,5,35,43,5,0,11,42,58,51,215,266,324
05/26/2010,VQQ,FL,ASO,ES,Federal Contract Tower,5,0,7,5,17,2,0,32,26,60,7,0,39,31,77,40,118,158,235
05/27/2010,VQQ,FL,ASO,ES,Federal Contract Tower,2,2,7,11,22,0,0,30,35,65,2,2,37,46,87,18,106,124,211
05/28/2010,VQQ,FL,ASO,ES,Federal Contract Tower,1,0,10,9,20,0,0,25,17,42,1,0,35,26,62,38,101,139,201
05/29/2010,VQQ,FL,ASO,ES,Federal Contract Tower,0,0,8,2,10,0,0,5,0,5,0,0,13,2,15,0,0,0,15
05/30/2010,VQQ,FL,ASO,ES,Federal Contract Tower,0,0,3,3,6,0,0,4,0,4,0,0,7,3,10,20,0,20,30
05/31/2010,VQQ,FL,ASO,ES,Federal Contract Tower,0,0,16,0,16,0,0,8,1,9,0,0,24,1,25,4,0,4,29
06/01/2010,VQQ,FL,ASO,ES,Federal Contract Tower,0,0,23,6,29,0,1,16,24,41,0,1,39,30,70,20,151,171,241
06/02/2010,VQQ,FL,ASO,ES,Federal Contract Tower,0,1,19,4,24,0,1,21,50,72,0,2,40,54,96,72,97,169,265
06/03/2010,VQQ,FL,ASO,ES,Federal Contract Tower,0,0,17,2,19,0,0,14,29,43,0,0,31,31,62,28,132,160,222
06/04/2010,VQQ,FL,ASO,ES,Federal Contract Tower,0,2,14,27,43,0,0,9,12,21,0,2,23,39,64,12,106,118,182
06/05/2010,VQQ,FL,ASO,ES,Federal Contract Tower,0,0,9,0,9,0,0,13,0,13,0,0,22,0,22,14,0,14,36
06/06/2010,VQQ,FL,ASO,ES,Federal Contract Tower,0,2,10,0,12,0,0,10,4,14,0,2,20,4,26,16,14,30,56
06/07/2010,VQQ,FL,ASO,ES,Federal Contract Tower,0,0,6,4,10,0,0,5,25,30,0,0,11,29,40,10,138,148,188
06/08/2010,VQQ,FL,ASO,ES,Federal Contract Tower,0,1,8,7,16,0,2,50,29,81,0,3,58,36,97,124,164,288,385
06/09/2010,VQQ,FL,ASO,ES,Federal Contract Tower,0,0,8,10,18,0,0,18,74,92,0,0,26,84,110,20,237,257,367
06/10/2010,VQQ,FL,ASO,ES,Federal Contract Tower,0,0,8,16,24,0,5,22,68,95,0,5,30,84,119,30,218,248,367
06/11/2010,VQQ,FL,ASO,ES,Federal Contract Tower,1,0,18,30,49,2,0,30,44,76,3,0,48,74,125,40,10,50,175
06/12/2010,VQQ,FL,ASO,ES,Federal Contract Tower,5,0,50,25,80,0,0,6,64,70,5,0,56,89,150,15,2,17,167
06/13/2010,VQQ,FL,ASO,ES,Federal Contract Tower,1,0,8,19,28,0,0,15,57,72,1,0,23,76,100,2,18,20,120
06/14/2010,VQQ,FL,ASO,ES,Federal Contract Tower,0,0,13,39,52,0,0,13,10,23,0,0,26,49,75,32,48,80,155
06/15/2010,VQQ,FL,ASO,ES,Federal Contract Tower,1,0,15,6,22,0,1,17,21,39,1,1,32,27,61,54,167,221,282
06/16/2010,VQQ,FL,ASO,ES,Federal Contract Tower,2,1,16,14,33,0,1,26,38,65,2,2,42,52,98,26,128,154,252
06/17/2010,VQQ,FL,ASO,ES,Federal Contract Tower,4,0,15,2,21,0,3,14,27,44,4,3,29,29,65,48,151,199,264
06/18/2010,VQQ,FL,ASO,ES,Federal Contract Tower,9,2,14,13,38,0,1,11,17,29,9,3,25,30,67,16,8,24,91
06/19/2010,VQQ,FL,ASO,ES,Federal Contract Tower,2,0,5,3,10,0,0,21,3,24,2,0,26,6,34,24,14,38,72
06/20/2010,VQQ,FL,ASO,ES,Federal Contract Tower,0,2,10,3,15,0,2,13,0,15,0,4,23,3,30,21,0,21,51
06/21/2010,VQQ,FL,ASO,ES,Federal Contract Tower,1,0,9,10,20,0,0,10,10,20,1,0,19,20,40,56,0,56,96
06/22/2010,VQQ,FL,ASO,ES,Federal Contract Tower,0,0,26,8,34,0,0,7,37,44,0,0,33,45,78,2,147,149,227
06/23/2010,VQQ,FL,ASO,ES,Federal Contract Tower,0,0,17,12,29,0,1,39,27,67,0,1,56,39,96,71,165,236,332
06/24/2010,VQQ,FL,ASO,ES,Federal Contract Tower,1,0,9,6,16,0,0,43,34,77,1,0,52,40,93,77,62,139,232
06/25/2010,VQQ,FL,ASO,ES,Federal Contract Tower,8,0,26,8,42,0,2,24,33,59,8,2,50,41,101,48,47,95,196
06/26/2010,VQQ,FL,ASO,ES,Federal Contract Tower,5,0,8,2,15,0,0,17,19,36,5,0,25,21,51,32,2,34,85
06/27/2010,VQQ,FL,ASO,ES,Federal Contract Tower,6,0,20,4,30,0,0,13,7,20,6,0,33,11,50,57,0,57,107
06/28/2010,VQQ,FL,ASO,ES,Federal Contract Tower,0,0,1,3,4,0,0,13,27,40,0,0,14,30,44,35,68,103,147
06/29/2010,VQQ,FL,ASO,ES,Federal Contract Tower,2,0,12,4,18,0,1,4,31,36,2,1,16,35,54,17,68,85,139
06/30/2010,VQQ,FL,ASO,ES,Federal Contract Tower,0,0,15,4,19,0,0,0,25,25,0,0,15,29,44,0,50,50,94
07/01/2010,VQQ,FL,ASO,ES,Federal Contract Tower,0,0,12,31,43,0,0,7,49,56,0,0,19,80,99,14,152,166,265
07/02/2010,VQQ,FL,ASO,ES,Federal Contract Tower,0,0,11,12,23,0,0,8,6,14,0,0,19,18,37,32,6,38,75
07/03/2010,VQQ,FL,ASO,ES,Federal Contract Tower,0,0,11,7,18,0,0,8,0,8,0,0,19,7,26,14,0,14,40
07/04/2010,VQQ,FL,ASO,ES,Federal Contract Tower,0,0,11,2,13,0,1,5,0,6,0,1,16,2,19,6,0,6,25
07/05/2010,VQQ,FL,ASO,ES,Federal Contract Tower,0,0,26,0,26,0,0,19,0,19,0,0,45,0,45,30,0,30,75
07/06/2010,VQQ,FL,ASO,ES,Federal Contract Tower,0,0,20,0,20,0,1,35,18,54,0,1,55,18,74,68,60,128,202
07/07/2010,VQQ,FL,ASO,ES,Federal Contract Tower,0,0,32,9,41,0,0,25,31,56,0,0,57,40,97,35,22,57,154
07/08/2010,VQQ,FL,ASO,ES,Federal Contract Tower,0,0,28,6,34,0,2,29,28,59,0,2,57,34,93,44,241,285,378
07/09/2010,VQQ,FL,ASO,ES,Federal Contract Tower,0,0,6,3,9,0,2,23,19,44,0,2,29,22,53,56,98,154,207
07/10/2010,VQQ,FL,ASO,ES,Federal Contract Tower,0,0,4,2,6,0,0,34,13,47,0,0,38,15,53,68,40,108,161
07/11/2010,VQQ,FL,ASO,ES,Federal Contract Tower,0,0,5,4,9,0,0,10,5,15,0,0,15,9,24,34,24,58,82
07/12/2010,VQQ,FL,ASO,ES,Federal Contract Tower,0,0,6,4,10,0,0,9,18,27,0,0,15,22,37,8,26,34,71
07/13/2010,VQQ,FL,ASO,ES,Federal Contract Tower,0,0,6,2,8,0,0,28,20,48,0,0,34,22,56,109,110,219,275
07/14/2010,VQQ,FL,ASO,ES,Federal Contract Tower,0,0,4,3,7,0,0,9,14,23,0,0,13,17,30,17,121,138,168
07/15/2010,VQQ,FL,ASO,ES,Federal Contract Tower,2,0,3,5,10,0,0,16,17,33,2,0,19,22,43,46,108,154,197
07/16/2010,VQQ,FL,ASO,ES,Federal Contract Tower,2,0,7,20,29,0,0,14,92,106,2,0,21,112,135,30,167,197,332
07/17/2010,VQQ,FL,ASO,ES,Federal Contract Tower,4,0,9,20,33,0,0,23,61,84,4,0,32,81,117,52,2,54,171
07/18/2010,VQQ,FL,ASO,ES,Federal Contract Tower,4,0,10,14,28,0,0,17,53,70,4,0,27,67,98,46,0,46,144
07/19/2010,VQQ,FL,ASO,ES,Federal Contract Tower,0,0,5,37,42,0,0,12,83,95,0,0,17,120,137,48,112,160,297
07/20/2010,VQQ,FL,ASO,ES,Federal Contract Tower,3,2,11,37,53,0,1,17,26,44,3,3,28,63,97,86,187,273,370
07/21/2010,VQQ,FL,ASO,ES,Federal Contract Tower,1,0,21,2,24,0,1,6,32,39,1,1,27,34,63,2,76,78,141
07/22/2010,VQQ,FL,ASO,ES,Federal Contract Tower,1,0,6,2,9,0,1,12,46,59,1,1,18,48,68,8,287,295,363
07/23/2010,VQQ,FL,ASO,ES,Federal Contract Tower,0,0,6,2,8,0,0,25,14,39,0,0,31,16,47,40,46,86,133
07/24/2010,VQQ,FL,ASO,ES,Federal Contract Tower,0,0,5,1,6,0,0,7,11,18,0,0,12,12,24,20,100,120,144
07/25/2010,VQQ,FL,ASO,ES,Federal Contract Tower,0,0,0,0,0,0,0,8,6,14,0,0,8,6,14,36,6,42,56
07/26/2010,VQQ,FL,ASO,ES,Federal Contract Tower,0,0,8,2,10,0,1,20,18,39,0,1,28,20,49,34,60,94,143
07/27/2010,VQQ,FL,ASO,ES,Federal Contract Tower,1,0,2,31,34,0,0,26,39,65,1,0,28,70,99,36,201,237,336
07/28/2010,VQQ,FL,ASO,ES,Federal Contract Tower,2,2,2,3,9,0,2,19,22,43,2,4,21,25,52,34,76,110,162
07/29/2010,VQQ,FL,ASO,ES,Federal Contract Tower,2,3,2,1,8,0,5,20,28,53,2,8,22,29,61,70,148,218,279
07/30/2010,VQQ,FL,ASO,ES,Federal Contract Tower,2,0,16,5,23,0,0,17,32,49,2,0,33,37,72,34,100,134,206
07/31/2010,VQQ,FL,ASO,ES,Federal Contract Tower,0,1,6,0,7,0,0,21,0,21,0,1,27,0,28,52,0,52,80
08/01/2010,VQQ,FL,ASO,ES,Federal Contract Tower,2,2,7,2,13,0,0,8,2,10,2,2,15,4,23,8,0,8,31
08/02/2010,VQQ,FL,ASO,ES,Federal Contract Tower,2,0,11,3,16,0,0,21,36,57,2,0,32,39,73,56,264,320,393
08/03/2010,VQQ,FL,ASO,ES,Federal Contract Tower,2,0,13,3,18,0,0,10,45,55,2,0,23,48,73,28,165,193,266
08/04/2010,VQQ,FL,ASO,ES,Federal Contract Tower,2,0,15,4,21,0,0,23,25,48,2,0,38,29,69,52,86,138,207
08/05/2010,VQQ,FL,ASO,ES,Federal Contract Tower,0,0,17,5,22,0,1,17,26,44,0,1,34,31,66,14,114,128,194
08/06/2010,VQQ,FL,ASO,ES,Federal Contract Tower,0,0,13,7,20,0,0,14,28,42,0,0,27,35,62,36,122,158,220
08/07/2010,VQQ,FL,ASO,ES,Federal Contract Tower,0,0,9,3,12,0,0,10,6,16,0,0,19,9,28,39,15,54,82
08/08/2010,VQQ,FL,ASO,ES,Federal Contract Tower,0,2,13,7,22,0,0,10,18,28,0,2,23,25,50,20,60,80,130
08/09/2010,VQQ,FL,ASO,ES,Federal Contract Tower,0,0,11,4,15,0,0,15,33,48,0,0,26,37,63,41,75,116,179
08/10/2010,VQQ,FL,ASO,ES,Federal Contract Tower,1,0,8,8,17,0,0,22,37,59,1,0,30,45,76,54,287,341,417
08/11/2010,VQQ,FL,ASO,ES,Federal Contract Tower,0,0,21,2,23,0,0,11,49,60,0,0,32,51,83,48,136,184,267
08/12/2010,VQQ,FL,ASO,ES,Federal Contract Tower,0,0,21,0,21,0,0,12,32,44,0,0,33,32,65,20,144,164,229
08/13/2010,VQQ,FL,ASO,ES,Federal Contract Tower,0,0,10,2,12,0,0,5,19,24,0,0,15,21,36,32,34,66,102
08/14/2010,VQQ,FL,ASO,ES,Federal Contract Tower,0,0,8,3,11,0,1,19,9,29,0,1,27,12,40,12,8,20,60
08/15/2010,VQQ,FL,ASO,ES,Federal Contract Tower,12,0,22,2,36,0,0,8,5,13,12,0,30,7,49,6,79,85,134
08/16/2010,VQQ,FL,ASO,ES,Federal Contract Tower,3,0,16,4,23,0,0,12,34,46,3,0,28,38,69,30,186,216,285
08/17/2010,VQQ,FL,ASO,ES,Federal Contract Tower,1,0,19,7,27,0,0,15,30,45,1,0,34,37,72,56,287,343,415
08/18/2010,VQQ,FL,ASO,ES,Federal Contract Tower,0,0,28,12,40,0,0,25,49,74,0,0,53,61,114,58,257,315,429
08/19/2010,VQQ,FL,ASO,ES,Federal Contract Tower,0,0,9,4,13,0,0,15,35,50,0,0,24,39,63,112,269,381,444
08/20/2010,VQQ,FL,ASO,ES,Federal Contract Tower,1,0,7,5,13,0,0,22,13,35,1,0,29,18,48,44,61,105,153
08/21/2010,VQQ,FL,ASO,ES,Federal Contract Tower,0,0,4,0,4,0,0,4,0,4,0,0,8,0,8,12,0,12,20
08/22/2010,VQQ,FL,ASO,ES,Federal Contract Tower,0,0,4,2,6,0,0,13,0,13,0,0,17,2,19,12,0,12,31
08/23/2010,VQQ,FL,ASO,ES,Federal Contract Tower,1,1,19,21,42,0,0,3,36,39,1,1,22,57,81,12,100,112,193
08/24/2010,VQQ,FL,ASO,ES,Federal Contract Tower,0,0,11,27,38,0,0,6,60,66,0,0,17,87,104,14,206,220,324
08/25/2010,VQQ,FL,ASO,ES,Federal Contract Tower,0,0,33,37,70,0,1,7,83,91,0,1,40,120,161,46,274,320,481
08/26/2010,VQQ,FL,ASO,ES,Federal Contract Tower,1,1,12,25,39,0,0,20,87,107,1,1,32,112,146,48,370,418,564
08/27/2010,VQQ,FL,ASO,ES,Federal Contract Tower,3,1,13,46,63,0,0,8,53,61,3,1,21,99,124,8,169,177,301
08/28/2010,VQQ,FL,ASO,ES,Federal Contract Tower,2,0,9,10,21,0,0,2,3,5,2,0,11,13,26,6,10,16,42
08/29/2010,VQQ,FL,ASO,ES,Federal Contract Tower,2,0,4,4,10,0,1,4,2,7,2,1,8,6,17,18,4,22,39
08/30/2010,VQQ,FL,ASO,ES,Federal Contract Tower,19,0,20,2,41,0,0,14,35,49,19,0,34,37,90,18,149,167,257
08/31/2010,VQQ,FL,ASO,ES,Federal Contract Tower,2,0,18,2,22,0,0,16,24,40,2,0,34,26,62,97,258,355,417
09/01/2010,VQQ,FL,ASO,ES,Federal Contract Tower,2,0,17,11,30,0,0,30,29,59,2,0,47,40,89,41,174,215,304
09/02/2010,VQQ,FL,ASO,ES,Federal Contract Tower,1,1,22,16,40,0,0,17,52,69,1,1,39,68,109,38,198,236,345
09/03/2010,VQQ,FL,ASO,ES,Federal Contract Tower,6,0,3,3,12,0,0,22,28,50,6,0,25,31,62,54,82,136,198
09/04/2010,VQQ,FL,ASO,ES,Federal Contract Tower,4,0,9,1,14,8,0,7,0,15,12,0,16,1,29,26,0,26,55
09/05/2010,VQQ,FL,ASO,ES,Federal Contract Tower,1,0,5,0,6,0,0,15,0,15,1,0,20,0,21,4,0,4,25
09/06/2010,VQQ,FL,ASO,ES,Federal Contract Tower,0,0,0,0,0,0,0,16,0,16,0,0,16,0,16,34,0,34,50
09/07/2010,VQQ,FL,ASO,ES,Federal Contract Tower,1,0,4,4,9,0,0,5,31,36,1,0,9,35,45,26,187,213,258
09/08/2010,VQQ,FL,ASO,ES,Federal Contract Tower,0,0,8,21,29,0,1,8,47,56,0,1,16,68,85,32,192,224,309
09/09/2010,VQQ,FL,ASO,ES,Federal Contract Tower,0,1,10,9,20,0,0,20,59,79,0,1,30,68,99,120,306,426,525
09/10/2010,VQQ,FL,ASO,ES,Federal Contract Tower,1,0,8,4,13,0,0,13,11,24,1,0,21,15,37,52,142,194,231
09/11/2010,VQQ,FL,ASO,ES,Federal Contract Tower,2,0,9,2,13,0,0,19,2,21,2,0,28,4,34,144,0,144,178
09/12/2010,VQQ,FL,ASO,ES,Federal Contract Tower,0,1,4,0,5,0,0,2,0,2,0,1,6,0,7,16,0,16,23
09/13/2010,VQQ,FL,ASO,ES,Federal Contract Tower,1,2,13,3,19,0,1,22,18,41,1,3,35,21,60,38,110,148,208
09/14/2010,VQQ,FL,ASO,ES,Federal Contract Tower,0,0,15,16,31,0,1,35,58,94,0,1,50,74,125,48,344,392,517
09/15/2010,VQQ,FL,ASO,ES,Federal Contract Tower,0,0,30,2,32,0,1,22,31,54,0,1,52,33,86,36,274,310,396
09/16/2010,VQQ,FL,ASO,ES,Federal Contract Tower,2,0,10,11,23,0,0,20,30,50,2,0,30,41,73,62,102,164,237
09/17/2010,VQQ,FL,ASO,ES,Federal Contract Tower,0,0,6,21,27,0,0,23,33,56,0,0,29,54,83,30,25,55,138
09/18/2010,VQQ,FL,ASO,ES,Federal Contract Tower,0,0,10,0,10,0,0,18,9,27,0,0,28,9,37,53,10,63,100
09/19/2010,VQQ,FL,ASO,ES,Federal Contract Tower,1,0,4,4,9,0,0,10,2,12,1,0,14,6,21,0,0,0,21
09/20/2010,VQQ,FL,ASO,ES,Federal Contract Tower,0,0,11,1,12,0,1,16,22,39,0,1,27,23,51,38,64,102,153
09/21/2010,VQQ,FL,ASO,ES,Federal Contract Tower,3,1,12,2,18,0,0,22,42,64,3,1,34,44,82,85,180,265,347
09/22/2010,VQQ,FL,ASO,ES,Federal Contract Tower,5,0,21,9,35,0,1,14,24,39,5,1,35,33,74,49,223,272,346
09/23/2010,VQQ,FL,ASO,ES,Federal Contract Tower,0,2,15,9,26,0,0,17,33,50,0,2,32,42,76,52,206,258,334
09/24/2010,VQQ,FL,ASO,ES,Federal Contract Tower,8,0,7,33,48,0,0,0,54,54,8,0,7,87,102,2,97,99,201
09/25/2010,VQQ,FL,ASO,ES,Federal Contract Tower,2,0,15,4,21,1,0,9,0,10,3,0,24,4,31,14,0,14,45
09/26/2010,VQQ,FL,ASO,ES,Federal Contract Tower,0,0,3,28,31,0,0,20,68,88,0,0,23,96,119,106,0,106,225
09/27/2010,VQQ,FL,ASO,ES,Federal Contract Tower,3,0,3,25,31,0,0,11,43,54,3,0,14,68,85,5,31,36,121
09/28/2010,VQQ,FL,ASO,ES,Federal Contract Tower,2,0,28,42,72,0,0,27,70,97,2,0,55,112,169,32,164,196,365
09/29/2010,VQQ,FL,ASO,ES,Federal Contract Tower,1,0,37,7,45,0,0,4,14,18,1,0,41,21,63,24,46,70,133
09/30/2010,VQQ,FL,ASO,ES,Federal Contract Tower,0,0,10,3,13,0,0,22,32,54,0,0,32,35,67,66,58,124,191
10/01/2010,VQQ,FL,ASO,ES,Federal Contract Tower,0,1,22,8,31,0,0,25,41,66,0,1,47,49,97,90,115,205,302
10/02/2010,VQQ,FL,ASO,ES,Federal Contract Tower,2,0,22,5,29,0,0,12,5,17,2,0,34,10,46,46,18,64,110
10/03/2010,VQQ,FL,ASO,ES,Federal Contract Tower,3,1,14,0,18,0,0,6,0,6,3,1,20,0,24,21,0,21,45
10/04/2010,VQQ,FL,ASO,ES,Federal Contract Tower,2,0,21,1,24,2,2,21,15,40,4,2,42,16,64,92,97,189,253
10/05/2010,VQQ,FL,ASO,ES,Federal Contract Tower,4,0,16,12,32,6,0,16,48,70,10,0,32,60,102,80,258,338,440
10/06/2010,VQQ,FL,ASO,ES,Federal Contract Tower,2,0,7,6,15,0,0,20,40,60,2,0,27,46,75,104,152,256,331
10/07/2010,VQQ,FL,ASO,ES,Federal Contract Tower,0,0,9,2,11,0,0,26,40,66,0,0,35,42,77,62,192,254,331
10/08/2010,VQQ,FL,ASO,ES,Federal Contract Tower,0,2,8,7,17,0,0,18,10,28,0,2,26,17,45,72,118,190,235
10/09/2010,VQQ,FL,ASO,ES,Federal Contract Tower,0,0,18,6,24,0,2,17,1,20,0,2,35,7,44,69,1,70,114
10/10/2010,VQQ,FL,ASO,ES,Federal Contract Tower,0,2,6,2,10,0,0,6,0,6,0,2,12,2,16,2,0,2,18
10/11/2010,VQQ,FL,ASO,ES,Federal Contract Tower,0,0,22,1,23,0,0,19,0,19,0,0,41,1,42,8,0,8,50
10/12/2010,VQQ,FL,ASO,ES,Federal Contract Tower,0,0,7,10,17,0,0,22,43,65,0,0,29,53,82,52,318,370,452
10/13/2010,VQQ,FL,ASO,ES,Federal Contract Tower,0,1,14,8,23,0,2,29,39,70,0,3,43,47,93,36,155,191,284
10/14/2010,VQQ,FL,ASO,ES,Federal Contract Tower,0,4,5,4,13,0,0,5,41,46,0,4,10,45,59,40,341,381,440
10/15/2010,VQQ,FL,ASO,ES,Federal Contract Tower,1,0,8,5,14,0,0,15,37,52,1,0,23,42,66,48,184,232,298
10/16/2010,VQQ,FL,ASO,ES,Federal Contract Tower,0,0,22,0,22,0,0,12,20,32,0,0,34,20,54,10,10,20,74
10/17/2010,VQQ,FL,ASO,ES,Federal Contract Tower,0,0,25,10,35,0,0,9,8,17,0,0,34,18,52,38,21,59,111
10/18/2010,VQQ,FL,ASO,ES,Federal Contract Tower,0,0,3,7,10,0,0,11,27,38,0,0,14,34,48,29,168,197,245
10/19/2010,VQQ,FL,ASO,ES,Federal Contract Tower,2,1,27,29,59,0,0,42,46,88,2,1,69,75,147,91,214,305,452
10/20/2010,VQQ,FL,ASO,ES,Federal Contract Tower,0,0,9,25,34,0,0,31,80,111,0,0,40,105,145,16,369,385,530
10/21/2010,VQQ,FL,ASO,ES,Federal Contract Tower,4,0,14,23,41,0,0,17,41,58,4,0,31,64,99,32,107,139,238
10/22/2010,VQQ,FL,ASO,ES,Federal Contract Tower,5,0,30,22,57,0,0,27,35,62,5,0,57,57,119,42,160,202,321
10/23/2010,VQQ,FL,ASO,ES,Federal Contract Tower,0,0,36,23,59,0,0,22,5,27,0,0,58,28,86,14,2,16,102
10/24/2010,VQQ,FL,ASO,ES,Federal Contract Tower,2,0,37,1,40,0,0,18,6,24,2,0,55,7,64,22,6,28,92
10/25/2010,VQQ,FL,ASO,ES,Federal Contract Tower,1,0,13,7,21,0,0,19,58,77,1,0,32,65,98,28,383,411,509
10/26/2010,VQQ,FL,ASO,ES,Federal Contract Tower,1,0,7,6,14,0,0,18,37,55,1,0,25,43,69,66,252,318,387
10/27/2010,VQQ,FL,ASO,ES,Federal Contract Tower,0,0,14,23,37,0,0,24,50,74,0,0,38,73,111,51,183,234,345
10/28/2010,VQQ,FL,ASO,ES,Federal Contract Tower,0,3,24,5,32,0,0,9,47,56,0,3,33,52,88,42,146,188,276
10/29/2010,VQQ,FL,ASO,ES,Federal Contract Tower,2,0,9,12,23,0,0,26,31,57,2,0,35,43,80,59,263,322,402
10/30/2010,VQQ,FL,ASO,ES,Federal Contract Tower,1,3,9,1,14,0,0,20,0,20,1,3,29,1,34,38,0,38,72
10/31/2010,VQQ,FL,ASO,ES,Federal Contract Tower,0,0,5,8,13,0,0,19,0,19,0,0,24,8,32,110,0,110,142
11/01/2010,VQQ,FL,ASO,ES,Federal Contract Tower,1,0,11,4,16,0,0,18,28,46,1,0,29,32,62,21,94,115,177
11/02/2010,VQQ,FL,ASO,ES,Federal Contract Tower,0,0,6,65,71,0,1,14,19,34,0,1,20,84,105,22,180,202,307
11/03/2010,VQQ,FL,ASO,ES,Federal Contract Tower,7,0,17,3,27,0,0,2,27,29,7,0,19,30,56,0,189,189,245
11/04/2010,VQQ,FL,ASO,ES,Federal Contract Tower,0,0,14,0,14,0,0,6,36,42,0,0,20,36,56,4,266,270,326
11/05/2010,VQQ,FL,ASO,ES,Federal Contract Tower,3,0,11,11,25,0,0,25,39,64,3,0,36,50,89,57,134,191,280
11/06/2010,VQQ,FL,ASO,ES,Federal Contract Tower,2,0,4,0,6,0,0,29,17,46,2,0,33,17,52,48,20,68,120
11/07/2010,VQQ,FL,ASO,ES,Federal Contract Tower,2,0,3,0,5,0,0,32,6,38,2,0,35,6,43,82,18,100,143
11/08/2010,VQQ,FL,ASO,ES,Federal Contract Tower,4,0,10,14,28,2,0,29,48,79,6,0,39,62,107,31,370,401,508
11/09/2010,VQQ,FL,ASO,ES,Federal Contract Tower,2,0,9,3,14,0,2,26,56,84,2,2,35,59,98,56,512,568,666
11/10/2010,VQQ,FL,ASO,ES,Federal Contract Tower,2,0,41,9,52,0,0,46,38,84,2,0,87,47,136,58,317,375,511
11/11/2010,VQQ,FL,ASO,ES,Federal Contract Tower,0,1,15,0,16,0,0,26,3,29,0,1,41,3,45,87,0,87,132
11/12/2010,VQQ,FL,ASO,ES,Federal Contract Tower,8,1,12,14,35,0,2,17,14,33,8,3,29,28,68,70,174,244,312
11/13/2010,VQQ,FL,ASO,ES,Federal Contract Tower,2,0,5,2,9,0,0,19,1,20,2,0,24,3,29,90,0,90,119
11/14/2010,VQQ,FL,ASO,ES,Federal Contract Tower,0,1,9,9,19,0,0,8,1,9,0,1,17,10,28,2,0,2,30
11/15/2010,VQQ,FL,ASO,ES,Federal Contract Tower,2,3,9,4,18,0,0,12,31,43,2,3,21,35,61,29,297,326,387
11/16/2010,VQQ,FL,ASO,ES,Federal Contract Tower,2,0,10,8,20,0,0,3,43,46,2,0,13,51,66,22,308,330,396
11/17/2010,VQQ,FL,ASO,ES,Federal Contract Tower,0,0,20,3,23,0,0,24,75,99,0,0,44,78,122,38,307,345,467
11/18/2010,VQQ,FL,ASO,ES,Federal Contract Tower,0,0,10,9,19,0,0,18,75,93,0,0,28,84,112,39,322,361,473
11/19/2010,VQQ,FL,ASO,ES,Federal Contract Tower,2,0,20,23,45,0,0,13,64,77,2,0,33,87,122,74,186,260,382
11/20/2010,VQQ,FL,ASO,ES,Federal Contract Tower,0,1,7,0,8,0,0,30,16,46,0,1,37,16,54,116,48,164,218
11/21/2010,VQQ,FL,ASO,ES,Federal Contract Tower,0,1,7,4,12,0,0,19,9,28,0,1,26,13,40,76,72,148,188
11/22/2010,VQQ,FL,ASO,ES,Federal Contract Tower,0,0,22,12,34,0,0,23,36,59,0,0,45,48,93,70,238,308,401
11/23/2010,VQQ,FL,ASO,ES,Federal Contract Tower,2,0,21,7,30,0,0,19,39,58,2,0,40,46,88,42,125,167,255
11/24/2010,VQQ,FL,ASO,ES,Federal Contract Tower,1,2,26,14,43,0,1,25,29,55,1,3,51,43,98,54,46,100,198
11/25/2010,VQQ,FL,ASO,ES,Federal Contract Tower,0,0,2,0,2,0,0,2,0,2,0,0,4,0,4,2,0,2,6
11/26/2010,VQQ,FL,ASO,ES,Federal Contract Tower,0,0,6,2,8,0,0,4,0,4,0,0,10,2,12,10,0,10,22
11/27/2010,VQQ,FL,ASO,ES,Federal Contract Tower,1,1,5,2,9,0,0,8,4,12,1,1,13,6,21,16,0,16,37
11/28/2010,VQQ,FL,ASO,ES,Federal Contract Tower,1,0,6,1,8,0,0,14,0,14,1,0,20,1,22,32,0,32,54
11/29/2010,VQQ,FL,ASO,ES,Federal Contract Tower,0,0,9,9,18,0,0,8,26,34,0,0,17,35,52,39,184,223,275
11/30/2010,VQQ,FL,ASO,ES,Federal Contract Tower,0,2,10,23,35,0,0,27,39,66,0,2,37,62,101,38,331,369,470
12/01/2010,VQQ,FL,ASO,ES,Federal Contract Tower,0,0,10,3,13,0,0,23,63,86,0,0,33,66,99,26,214,240,339
12/02/2010,VQQ,FL,ASO,ES,Federal Contract Tower,0,0,4,37,41,0,0,21,71,92,0,0,25,108,133,60,430,490,623
12/03/2010,VQQ,FL,ASO,ES,Federal Contract Tower,1,0,11,6,18,0,0,26,32,58,1,0,37,38,76,71,196,267,343
12/04/2010,VQQ,FL,ASO,ES,Federal Contract Tower,0,0,28,1,29,0,0,4,4,8,0,0,32,5,37,20,6,26,63
12/05/2010,VQQ,FL,ASO,ES,Federal Contract Tower,1,0,3,2,6,0,0,7,20,27,1,0,10,22,33,58,14,72,105
12/06/2010,VQQ,FL,ASO,ES,Federal Contract Tower,0,0,16,20,36,0,0,8,41,49,0,0,24,61,85,13,205,218,303
12/07/2010,VQQ,FL,ASO,ES,Federal Contract Tower,3,0,16,13,32,0,0,20,34,54,3,0,36,47,86,28,169,197,283
12/08/2010,VQQ,FL,ASO,ES,Federal Contract Tower,0,0,5,16,21,0,2,12,67,81,0,2,17,83,102,30,422,452,554
12/09/2010,VQQ,FL,ASO,ES,Federal Contract Tower,6,0,20,55,81,0,0,27,64,91,6,0,47,119,172,30,240,270,442
12/10/2010,VQQ,FL,ASO,ES,Federal Contract Tower,4,0,11,66,81,0,0,18,26,44,4,0,29,92,125,18,44,62,187
12/11/2010,VQQ,FL,ASO,ES,Federal Contract Tower,2,0,9,23,34,0,0,9,36,45,2,0,18,59,79,32,12,44,123
12/12/2010,VQQ,FL,ASO,ES,Federal Contract Tower,4,0,3,40,47,0,0,0,3,3,4,0,3,43,50,0,0,0,50
12/13/2010,VQQ,FL,ASO,ES,Federal Contract Tower,4,0,21,23,48,0,0,14,19,33,4,0,35,42,81,34,83,117,198
12/14/2010,VQQ,FL,ASO,ES,Federal Contract Tower,6,0,22,21,49,0,0,20,20,40,6,0,42,41,89,65,222,287,376
12/15/2010,VQQ,FL,ASO,ES,Federal Contract Tower,1,0,25,20,46,0,0,6,36,42,1,0,31,56,88,28,221,249,337
12/16/2010,VQQ,FL,ASO,ES,Federal Contract Tower,0,0,6,7,13,0,0,19,37,56,0,0,25,44,69,37,151,188,257
12/17/2010,VQQ,FL,ASO,ES,Federal Contract Tower,3,0,8,10,21,0,3,15,11,29,3,3,23,21,50,46,12,58,108
12/18/2010,VQQ,FL,ASO,ES,Federal Contract Tower,2,0,8,0,10,0,6,2,1,9,2,6,10,1,19,20,0,20,39
12/19/2010,VQQ,FL,ASO,ES,Federal Contract Tower,3,0,9,0,12,0,0,0,0,0,3,0,9,0,12,0,0,0,12
12/20/2010,VQQ,FL,ASO,ES,Federal Contract Tower,12,2,8,5,27,0,0,4,23,27,12,2,12,28,54,10,8,18,72
12/21/2010,VQQ,FL,ASO,ES,Federal Contract Tower,5,1,14,7,27,0,0,13,15,28,5,1,27,22,55,72,229,301,356
12/22/2010,VQQ,FL,ASO,ES,Federal Contract Tower,5,0,12,26,43,0,0,9,23,32,5,0,21,49,75,0,196,196,271
12/23/2010,VQQ,FL,ASO,ES,Federal Contract Tower,0,0,6,5,11,0,0,12,9,21,0,0,18,14,32,26,50,76,108
12/24/2010,VQQ,FL,ASO,ES,Federal Contract Tower,0,0,10,0,10,0,0,9,0,9,0,0,19,0,19,26,10,36,55
12/25/2010,VQQ,FL,ASO,ES,Federal Contract Tower,0,6,0,0,6,0,0,0,0,0,0,6,0,0,6,0,0,0,6
12/26/2010,VQQ,FL,ASO,ES,Federal Contract Tower,0,0,6,0,6,0,0,0,1,1,0,0,6,1,7,0,0,0,7
12/27/2010,VQQ,FL,ASO,ES,Federal Contract Tower,0,0,8,2,10,0,0,2,5,7,0,0,10,7,17,20,14,34,51
12/28/2010,VQQ,FL,ASO,ES,Federal Contract Tower,2,0,6,17,25,0,1,8,9,18,2,1,14,26,43,55,115,170,213
12/29/2010,VQQ,FL,ASO,ES,Federal Contract Tower,0,2,6,8,16,0,0,22,8,30,0,2,28,16,46,67,55,122,168
12/30/2010,VQQ,FL,ASO,ES,Federal Contract Tower,2,2,3,3,10,0,0,24,11,35,2,2,27,14,45,52,14,66,111
12/31/2010,VQQ,FL,ASO,ES,Federal Contract Tower,0,16,19,0,35,0,1,0,0,1,0,17,19,0,36,0,0,0,36
01/01/2011,VQQ,FL,ASO,ES,Federal Contract Tower,0,0,5,0,5,0,0,2,0,2,0,0,7,0,7,50,0,50,57
01/02/2011,VQQ,FL,ASO,ES,Federal Contract Tower,0,0,7,0,7,0,0,4,0,4,0,0,11,0,11,34,0,34,45
01/03/2011,VQQ,FL,ASO,ES,Federal Contract Tower,2,0,5,1,8,0,0,8,20,28,2,0,13,21,36,10,62,72,108
01/04/2011,VQQ,FL,ASO,ES,Federal Contract Tower,1,2,7,1,11,0,0,14,21,35,1,2,21,22,46,18,138,156,202
01/05/2011,VQQ,FL,ASO,ES,Federal Contract Tower,3,0,13,7,23,0,0,5,13,18,3,0,18,20,41,4,176,180,221
01/06/2011,VQQ,FL,ASO,ES,Federal Contract Tower,2,0,7,8,17,0,0,6,42,48,2,0,13,50,65,18,173,191,256
01/07/2011,VQQ,FL,ASO,ES,Federal Contract Tower,0,0,3,3,6,0,0,13,38,51,0,0,16,41,57,68,175,243,300
01/08/2011,VQQ,FL,ASO,ES,Federal Contract Tower,0,0,1,0,1,0,0,14,3,17,0,0,15,3,18,54,52,106,124
01/09/2011,VQQ,FL,ASO,ES,Federal Contract Tower,2,0,10,0,12,0,0,3,0,3,2,0,13,0,15,26,0,26,41
01/10/2011,VQQ,FL,ASO,ES,Federal Contract Tower,0,0,4,0,4,0,0,0,0,0,0,0,4,0,4,0,0,0,4
01/11/2011,VQQ,FL,ASO,ES,Federal Contract Tower,2,0,7,5,14,0,0,1,1,2,2,0,8,6,16,0,0,0,16
01/12/2011,VQQ,FL,ASO,ES,Federal Contract Tower,5,0,13,13,31,0,1,27,45,73,5,1,40,58,104,94,316,410,514
01/13/2011,VQQ,FL,ASO,ES,Federal Contract Tower,0,0,12,16,28,0,4,18,56,78,0,4,30,72,106,74,129,203,309
01/14/2011,VQQ,FL,ASO,ES,Federal Contract Tower,4,0,9,2,15,0,0,16,41,57,4,0,25,43,72,57,160,217,289
01/15/2011,VQQ,FL,ASO,ES,Federal Contract Tower,0,0,4,4,8,0,0,3,47,50,0,0,7,51,58,22,46,68,126
01/16/2011,VQQ,FL,ASO,ES,Federal Contract Tower,0,0,0,0,0,0,0,19,4,23,0,0,19,4,23,38,24,62,85
01/17/2011,VQQ,FL,ASO,ES,Federal Contract Tower,0,0,4,0,4,0,0,0,0,0,0,0,4,0,4,0,0,0,4
01/18/2011,VQQ,FL,ASO,ES,Federal Contract Tower,4,0,12,2,18,0,0,5,19,24,4,0,17,21,42,68,96,164,206
01/19/2011,VQQ,FL,ASO,ES,Federal Contract Tower,3,0,10,3,16,0,0,0,34,34,3,0,10,37,50,40,187,227,277
01/20/2011,VQQ,FL,ASO,ES,Federal Contract Tower,5,0,1,2,8,0,0,20,40,60,5,0,21,42,68,52,124,176,244
01/21/2011,VQQ,FL,ASO,ES,Federal Contract Tower,1,0,5,37,43,0,0,3,19,22,1,0,8,56,65,2,34,36,101
01/22/2011,VQQ,FL,ASO,ES,Federal Contract Tower,3,0,4,4,11,0,0,14,14,28,3,0,18,18,39,50,8,58,97
01/23/2011,VQQ,FL,ASO,ES,Federal Contract Tower,2,0,1,0,3,0,0,9,10,19,2,0,10,10,22,42,72,114,136
01/24/2011,VQQ,FL,ASO,ES,Federal Contract Tower,1,0,27,15,43,0,0,14,53,67,1,0,41,68,110,56,181,237,347
01/25/2011,VQQ,FL,ASO,ES,Federal Contract Tower,0,0,9,19,28,0,0,3,8,11,0,0,12,27,39,16,8,24,63
01/26/2011,VQQ,FL,ASO,ES,Federal Contract Tower,3,0,22,6,31,0,0,18,33,51,3,0,40,39,82,48,391,439,521
01/27/2011,VQQ,FL,ASO,ES,Federal Contract Tower,2,0,6,15,23,0,0,25,54,79,2,0,31,69,102,58,269,327,429
01/28/2011,VQQ,FL,ASO,ES,Federal Contract Tower,0,0,14,25,39,0,4,26,17,47,0,4,40,42,86,62,103,165,251
01/29/2011,VQQ,FL,ASO,ES,Federal Contract Tower,0,2,16,7,25,0,0,53,16,69,0,2,69,23,94,112,12,124,218
01/30/2011,VQQ,FL,ASO,ES,Federal Contract Tower,0,0,19,2,21,0,0,13,0,13,0,0,32,2,34,36,0,36,70
01/31/2011,VQQ,FL,ASO,ES,Federal Contract Tower,0,0,32,4,36,0,0,28,26,54,0,0,60,30,90,70,285,355,445
02/01/2011,VQQ,FL,ASO,ES,Federal Contract Tower,1,2,13,4,20,0,0,4,20,24,1,2,17,24,44,36,124,160,204
02/02/2011,VQQ,FL,ASO,ES,Federal Contract Tower,1,0,13,3,17,0,0,1,11,12,1,0,14,14,29,10,159,169,198
02/03/2011,VQQ,FL,ASO,ES,Federal Contract Tower,0,0,14,20,34,0,0,0,0,0,0,0,14,20,34,0,0,0,34
02/04/2011,VQQ,FL,ASO,ES,Federal Contract Tower,0,0,6,0,6,0,0,0,0,0,0,0,6,0,6,0,0,0,6
02/05/2011,VQQ,FL,ASO,ES,Federal Contract Tower,3,0,31,0,34,0,0,28,0,28,3,0,59,0,62,42,0,42,104
02/06/2011,VQQ,FL,ASO,ES,Federal Contract Tower,2,0,31,1,34,0,2,8,5,15,2,2,39,6,49,54,42,96,145
02/07/2011,VQQ,FL,ASO,ES,Federal Contract Tower,0,0,0,0,0,0,0,0,0,0,0,0,0,0,0,0,0,0,0
02/08/2011,VQQ,FL,ASO,ES,Federal Contract Tower,4,0,10,7,21,0,0,15,46,61,4,0,25,53,82,76,262,338,420
02/09/2011,VQQ,FL,ASO,ES,Federal Contract Tower,2,0,34,3,39,0,0,22,41,63,2,0,56,44,102,56,290,346,448
02/10/2011,VQQ,FL,ASO,ES,Federal Contract Tower,2,1,37,0,40,0,0,0,26,26,2,1,37,26,66,0,69,69,135
02/11/2011,VQQ,FL,ASO,ES,Federal Contract Tower,6,0,16,3,25,0,0,6,29,35,6,0,22,32,60,64,86,150,210
02/12/2011,VQQ,FL,ASO,ES,Federal Contract Tower,3,0,6,1,10,0,0,25,24,49,3,0,31,25,59,80,22,102,161
02/13/2011,VQQ,FL,ASO,ES,Federal Contract Tower,0,1,8,1,10,0,0,30,3,33,0,1,38,4,43,80,24,104,147
02/14/2011,VQQ,FL,ASO,ES,Federal Contract Tower,0,0,1,9,10,0,1,25,18,44,0,1,26,27,54,30,125,155,209
02/15/2011,VQQ,FL,ASO,ES,Federal Contract Tower,3,0,9,4,16,0,0,17,46,63,3,0,26,50,79,98,223,321,400
02/16/2011,VQQ,FL,ASO,ES,Federal Contract Tower,0,2,20,3,25,0,0,7,45,52,0,2,27,48,77,33,297,330,407
02/17/2011,VQQ,FL,ASO,ES,Federal Contract Tower,0,1,17,5,23,0,0,4,31,35,0,1,21,36,58,44,249,293,351
02/18/2011,VQQ,FL,ASO,ES,Federal Contract Tower,3,0,9,16,28,0,3,12,20,35,3,3,21,36,63,40,20,60,123
02/19/2011,VQQ,FL,ASO,ES,Federal Contract Tower,0,0,7,18,25,0,0,23,4,27,0,0,30,22,52,34,4,38,90
02/20/2011,VQQ,FL,ASO,ES,Federal Contract Tower,1,0,44,0,45,0,0,25,0,25,1,0,69,0,70,84,0,84,154
02/21/2011,VQQ,FL,ASO,ES,Federal Contract Tower,2,0,9,15,26,0,0,33,2,35,2,0,42,17,61,34,17,51,112
02/22/2011,VQQ,FL,ASO,ES,Federal Contract Tower,4,0,6,3,13,0,0,5,33,38,4,0,11,36,51,8,107,115,166
02/23/2011,VQQ,FL,ASO,ES,Federal Contract Tower,4,0,5,13,22,0,0,7,43,50,4,0,12,56,72,6,297,303,375
02/24/2011,VQQ,FL,ASO,ES,Federal Contract Tower,2,0,8,3,13,0,0,15,27,42,2,0,23,30,55,40,163,203,258
02/25/2011,VQQ,FL,ASO,ES,Federal Contract Tower,10,0,10,3,23,0,0,21,28,49,10,0,31,31,72,36,137,173,245
02/26/2011,VQQ,FL,ASO,ES,Federal Contract Tower,1,0,8,2,11,0,0,27,4,31,1,0,35,6,42,66,0,66,108
02/27/2011,VQQ,FL,ASO,ES,Federal Contract Tower,0,0,4,2,6,0,0,34,2,36,0,0,38,4,42,82,6,88,130
02/28/2011,VQQ,FL,ASO,ES,Federal Contract Tower,2,0,10,7,19,0,0,10,28,38,2,0,20,35,57,5,65,70,127
03/01/2011,VQQ,FL,ASO,ES,Federal Contract Tower,2,2,17,2,23,0,0,15,28,43,2,2,32,30,66,106,164,270,336
03/02/2011,VQQ,FL,ASO,ES,Federal Contract Tower,3,1,6,0,10,0,0,14,17,31,3,1,20,17,41,118,178,296,337
03/03/2011,VQQ,FL,ASO,ES,Federal Contract Tower,2,0,8,4,14,0,1,16,25,42,2,1,24,29,56,56,286,342,398
03/04/2011,VQQ,FL,ASO,ES,Federal Contract Tower,2,0,13,4,19,0,0,8,9,17,2,0,21,13,36,14,103,117,153
03/05/2011,VQQ,FL,ASO,ES,Federal Contract Tower,2,0,24,0,26,0,0,22,16,38,2,0,46,16,64,60,6,66,130
03/06/2011,VQQ,FL,ASO,ES,Federal Contract Tower,0,0,2,0,2,0,0,10,2,12,0,0,12,2,14,22,0,22,36
03/07/2011,VQQ,FL,ASO,ES,Federal Contract Tower,0,0,6,1,7,0,0,14,15,29,0,0,20,16,36,25,50,75,111
03/08/2011,VQQ,FL,ASO,ES,Federal Contract Tower,4,0,5,4,13,0,0,15,47,62,4,0,20,51,75,76,244,320,395
03/09/2011,VQQ,FL,ASO,ES,Federal Contract Tower,1,0,3,5,9,0,6,16,45,67,1,6,19,50,76,24,134,158,234
03/10/2011,VQQ,FL,ASO,ES,Federal Contract Tower,1,0,17,3,21,0,0,14,36,50,1,0,31,39,71,61,202,263,334
03/11/2011,VQQ,FL,ASO,ES,Federal Contract Tower,1,2,12,8,23,0,1,27,42,70,1,3,39,50,93,44,60,104,197
03/12/2011,VQQ,FL,ASO,ES,Federal Contract Tower,0,0,6,3,9,0,0,36,0,36,0,0,42,3,45,36,0,36,81
03/13/2011,VQQ,FL,ASO,ES,Federal Contract Tower,1,0,3,1,5,0,0,42,1,43,1,0,45,2,48,75,0,75,123
03/14/2011,VQQ,FL,ASO,ES,Federal Contract Tower,1,0,10,8,19,0,0,27,38,65,1,0,37,46,84,56,163,219,303
03/15/2011,VQQ,FL,ASO,ES,Federal Contract Tower,3,4,12,15,34,0,0,20,20,40,3,4,32,35,74,110,190,300,374
03/16/2011,VQQ,FL,ASO,ES,Federal Contract Tower,0,0,5,3,8,0,0,10,12,22,0,0,15,15,30,90,193,283,313
03/17/2011,VQQ,FL,ASO,ES,Federal Contract Tower,11,0,13,3,27,0,1,30,38,69,11,1,43,41,96,88,283,371,467
03/18/2011,VQQ,FL,ASO,ES,Federal Contract Tower,10,0,7,1,18,0,0,31,0,31,10,0,38,1,49,50,43,93,142
03/19/2011,VQQ,FL,ASO,ES,Federal Contract Tower,5,0,14,3,22,2,0,15,2,19,7,0,29,5,41,20,4,24,65
03/20/2011,VQQ,FL,ASO,ES,Federal Contract Tower,2,0,4,4,10,3,0,18,0,21,5,0,22,4,31,6,0,6,37
03/21/2011,VQQ,FL,ASO,ES,Federal Contract Tower,2,0,1,4,7,2,0,20,22,44,4,0,21,26,51,32,96,128,179
03/22/2011,VQQ,FL,ASO,ES,Federal Contract Tower,4,0,11,3,18,0,0,15,46,61,4,0,26,49,79,28,221,249,328
03/23/2011,VQQ,FL,ASO,ES,Federal Contract Tower,3,0,14,4,21,0,0,28,52,80,3,0,42,56,101,60,306,366,467
03/24/2011,VQQ,FL,ASO,ES,Federal Contract Tower,4,0,8,6,18,0,0,10,36,46,4,0,18,42,64,18,156,174,238
03/25/2011,VQQ,FL,ASO,ES,Federal Contract Tower,3,0,4,3,10,0,2,20,26,48,3,2,24,29,58,80,116,196,254
03/26/2011,VQQ,FL,ASO,ES,Federal Contract Tower,2,2,6,5,15,0,0,27,6,33,2,2,33,11,48,72,8,80,128
03/27/2011,VQQ,FL,ASO,ES,Federal Contract Tower,0,0,8,1,9,0,0,1,1,2,0,0,9,2,11,12,0,12,23
03/28/2011,VQQ,FL,ASO,ES,Federal Contract Tower,3,0,6,9,18,0,0,4,15,19,3,0,10,24,37,4,16,20,57
03/29/2011,VQQ,FL,ASO,ES,Federal Contract Tower,4,0,33,5,42,0,0,1,5,6,4,0,34,10,48,0,42,42,90
03/30/2011,VQQ,FL,ASO,ES,Federal Contract Tower,4,2,2,0,8,0,0,3,6,9,4,2,5,6,17,6,2,8,25
03/31/2011,VQQ,FL,ASO,ES,Federal Contract Tower,3,0,6,4,13,0,0,0,13,13,3,0,6,17,26,0,171,171,197
04/01/2011,VQQ,FL,ASO,ES,Federal Contract Tower,6,0,5,14,25,0,0,9,24,33,6,0,14,38,58,88,106,194,252
04/02/2011,VQQ,FL,ASO,ES,Federal Contract Tower,7,0,8,0,15,0,0,1,0,1,7,0,9,0,16,62,0,62,78
04/03/2011,VQQ,FL,ASO,ES,Federal Contract Tower,0,0,10,1,11,0,0,30,3,33,0,0,40,4,44,38,28,66,110
04/04/2011,VQQ,FL,ASO,ES,Federal Contract Tower,0,0,3,8,11,0,0,31,30,61,0,0,34,38,72,97,57,154,226
04/05/2011,VQQ,FL,ASO,ES,Federal Contract Tower,6,0,8,1,15,0,0,9,31,40,6,0,17,32,55,22,92,114,169
04/06/2011,VQQ,FL,ASO,ES,Federal Contract Tower,2,0,22,38,62,0,0,40,49,89,2,0,62,87,151,46,204,250,401
04/07/2011,VQQ,FL,ASO,ES,Federal Contract Tower,2,0,9,7,18,0,0,14,33,47,2,0,23,40,65,55,224,279,344
04/08/2011,VQQ,FL,ASO,ES,Federal Contract Tower,4,0,21,18,43,0,0,27,13,40,4,0,48,31,83,37,16,53,136
04/09/2011,VQQ,FL,ASO,ES,Federal Contract Tower,3,0,9,1,13,0,0,25,0,25,3,0,34,1,38,126,0,126,164
04/10/2011,VQQ,FL,ASO,ES,Federal Contract Tower,0,0,4,1,5,0,0,33,1,34,0,0,37,2,39,78,0,78,117
04/11/2011,VQQ,FL,ASO,ES,Federal Contract Tower,0,0,5,1,6,0,2,29,25,56,0,2,34,26,62,152,146,298,360
04/12/2011,VQQ,FL,ASO,ES,Federal Contract Tower,2,0,6,0,8,0,0,9,54,63,2,0,15,54,71,24,313,337,408
04/13/2011,VQQ,FL,ASO,ES,Federal Contract Tower,5,0,6,4,15,0,0,28,45,73,5,0,34,49,88,94,282,376,464
04/14/2011,VQQ,FL,ASO,ES,Federal Contract Tower,0,0,17,6,23,0,0,36,33,69,0,0,53,39,92,74,154,228,320
04/15/2011,VQQ,FL,ASO,ES,Federal Contract Tower,0,3,16,2,21,0,0,1,14,15,0,3,17,16,36,50,185,235,271
04/16/2011,VQQ,FL,ASO,ES,Federal Contract Tower,3,1,5,0,9,0,0,1,2,3,3,1,6,2,12,0,7,7,19
04/17/2011,VQQ,FL,ASO,ES,Federal Contract Tower,0,0,9,1,10,0,0,24,2,26,0,0,33,3,36,62,10,72,108
04/18/2011,VQQ,FL,ASO,ES,Federal Contract Tower,0,0,17,1,18,0,2,26,13,41,0,2,43,14,59,82,159,241,300
04/19/2011,VQQ,FL,ASO,ES,Federal Contract Tower,1,0,5,8,14,0,0,22,30,52,1,0,27,38,66,64,162,226,292
04/20/2011,VQQ,FL,ASO,ES,Federal Contract Tower,2,0,15,3,20,0,1,8,35,44,2,1,23,38,64,12,184,196,260
04/21/2011,VQQ,FL,ASO,ES,Federal Contract Tower,0,0,16,12,28,1,2,32,27,62,1,2,48,39,90,84,302,386,476
04/22/2011,VQQ,FL,ASO,ES,Federal Contract Tower,2,0,24,15,41,0,2,23,32,57,2,2,47,47,98,98,146,244,342
04/23/2011,VQQ,FL,ASO,ES,Federal Contract Tower,1,2,4,0,7,0,0,26,0,26,1,2,30,0,33,93,0,93,126
04/24/2011,VQQ,FL,ASO,ES,Federal Contract Tower,0,0,0,0,0,0,0,1,0,1,0,0,1,0,1,0,0,0,1
04/25/2011,VQQ,FL,ASO,ES,Federal Contract Tower,0,0,15,3,18,0,2,16,18,36,0,2,31,21,54,30,32,62,116
04/26/2011,VQQ,FL,ASO,ES,Federal Contract Tower,4,0,19,10,33,0,0,18,31,49,4,0,37,41,82,86,228,314,396
04/27/2011,VQQ,FL,ASO,ES,Federal Contract Tower,0,0,17,10,27,0,0,25,30,55,0,0,42,40,82,48,212,260,342
04/28/2011,VQQ,FL,ASO,ES,Federal Contract Tower,2,2,6,5,15,0,0,12,31,43,2,2,18,36,58,30,128,158,216
04/29/2011,VQQ,FL,ASO,ES,Federal Contract Tower,5,1,3,19,28,0,0,15,43,58,5,1,18,62,86,68,228,296,382
04/30/2011,VQQ,FL,ASO,ES,Federal Contract Tower,10,0,6,6,22,0,0,32,5,37,10,0,38,11,59,85,18,103,162
05/01/2011,VQQ,FL,ASO,ES,Federal Contract Tower,4,0,11,3,18,0,0,8,10,18,4,0,19,13,36,6,54,60,96
05/02/2011,VQQ,FL,ASO,ES,Federal Contract Tower,1,0,17,7,25,0,0,28,30,58,1,0,45,37,83,112,139,251,334
05/03/2011,VQQ,FL,ASO,ES,Federal Contract Tower,2,2,13,3,20,0,0,20,44,64,2,2,33,47,84,53,271,324,408
05/04/2011,VQQ,FL,ASO,ES,Federal Contract Tower,0,2,25,9,36,0,0,21,27,48,0,2,46,36,84,78,259,337,421
05/05/2011,VQQ,FL,ASO,ES,Federal Contract Tower,0,3,12,5,20,0,0,40,49,89,0,3,52,54,109,88,334,422,531
05/06/2011,VQQ,FL,ASO,ES,Federal Contract Tower,0,0,18,3,21,0,0,16,18,34,0,0,34,21,55,66,143,209,264
05/07/2011,VQQ,FL,ASO,ES,Federal Contract Tower,2,0,11,0,13,0,0,21,9,30,2,0,32,9,43,84,0,84,127
05/08/2011,VQQ,FL,ASO,ES,Federal Contract Tower,0,0,9,0,9,0,0,20,1,21,0,0,29,1,30,47,0,47,77
05/09/2011,VQQ,FL,ASO,ES,Federal Contract Tower,0,0,5,9,14,0,4,6,12,22,0,4,11,21,36,32,72,104,140
05/10/2011,VQQ,FL,ASO,ES,Federal Contract Tower,1,0,11,3,15,0,0,7,30,37,1,0,18,33,52,34,141,175,227
05/11/2011,VQQ,FL,ASO,ES,Federal Contract Tower,1,0,11,5,17,0,1,13,34,48,1,1,24,39,65,16,210,226,291
05/12/2011,VQQ,FL,ASO,ES,Federal Contract Tower,0,0,6,12,18,0,2,11,33,46,0,2,17,45,64,58,324,382,446
05/13/2011,VQQ,FL,ASO,ES,Federal Contract Tower,0,2,13,8,23,0,0,24,8,32,0,2,37,16,55,64,127,191,246
05/14/2011,VQQ,FL,ASO,ES,Federal Contract Tower,0,0,2,0,2,0,0,2,0,2,0,0,4,0,4,14,0,14,18
05/15/2011,VQQ,FL,ASO,ES,Federal Contract Tower,2,0,8,8,18,0,1,12,14,27,2,1,20,22,45,84,54,138,183
05/16/2011,VQQ,FL,ASO,ES,Federal Contract Tower,2,1,8,5,16,0,2,31,24,57,2,3,39,29,73,112,116,228,301
05/17/2011,VQQ,FL,ASO,ES,Federal Contract Tower,2,0,23,6,31,0,3,26,30,59,2,3,49,36,90,75,153,228,318
05/18/2011,VQQ,FL,ASO,ES,Federal Contract Tower,0,0,16,11,27,0,4,27,24,55,0,4,43,35,82,174,102,276,358
05/19/2011,VQQ,FL,ASO,ES,Federal Contract Tower,0,0,19,3,22,0,1,22,38,61,0,1,41,41,83,44,191,235,318
05/20/2011,VQQ,FL,ASO,ES,Federal Contract Tower,0,0,12,11,23,0,0,5,38,43,0,0,17,49,66,36,132,168,234
05/21/2011,VQQ,FL,ASO,ES,Federal Contract Tower,1,0,3,12,16,0,0,9,14,23,1,0,12,26,39,18,14,32,71
05/22/2011,VQQ,FL,ASO,ES,Federal Contract Tower,2,0,14,2,18,0,0,10,1,11,2,0,24,3,29,40,0,40,69
05/23/2011,VQQ,FL,ASO,ES,Federal Contract Tower,3,0,12,2,17,0,2,8,17,27,3,2,20,19,44,48,150,198,242
05/24/2011,VQQ,FL,ASO,ES,Federal Contract Tower,1,0,4,4,9,0,2,7,23,32,1,2,11,27,41,24,171,195,236
05/25/2011,VQQ,FL,ASO,ES,Federal Contract Tower,1,0,10,5,16,0,0,24,35,59,1,0,34,40,75,72,146,218,293
05/26/2011,VQQ,FL,ASO,ES,Federal Contract Tower,0,4,12,3,19,0,2,8,12,22,0,6,20,15,41,48,36,84,125
05/27/2011,VQQ,FL,ASO,ES,Federal Contract Tower,7,0,2,0,9,0,1,10,1,12,7,1,12,1,21,24,0,24,45
05/28/2011,VQQ,FL,ASO,ES,Federal Contract Tower,4,0,16,0,20,0,0,5,0,5,4,0,21,0,25,12,0,12,37
05/29/2011,VQQ,FL,ASO,ES,Federal Contract Tower,2,2,13,2,19,0,1,19,0,20,2,3,32,2,39,8,0,8,47
05/30/2011,VQQ,FL,ASO,ES,Federal Contract Tower,0,0,13,2,15,0,0,19,4,23,0,0,32,6,38,32,6,38,76
05/31/2011,VQQ,FL,ASO,ES,Federal Contract Tower,2,0,21,4,27,0,2,7,18,27,2,2,28,22,54,31,111,142,196
06/01/2011,VQQ,FL,ASO,ES,Federal Contract Tower,0,0,17,4,21,0,1,11,22,34,0,1,28,26,55,46,216,262,317
06/02/2011,VQQ,FL,ASO,ES,Federal Contract Tower,0,0,7,28,35,0,2,14,36,52,0,2,21,64,87,24,101,125,212
06/03/2011,VQQ,FL,ASO,ES,Federal Contract Tower,2,0,15,2,19,0,3,16,37,56,2,3,31,39,75,26,80,106,181
06/04/2011,VQQ,FL,ASO,ES,Federal Contract Tower,2,0,16,23,41,0,0,19,20,39,2,0,35,43,80,39,4,43,123
06/05/2011,VQQ,FL,ASO,ES,Federal Contract Tower,8,0,27,8,43,0,0,8,17,25,8,0,35,25,68,12,88,100,168
06/06/2011,VQQ,FL,ASO,ES,Federal Contract Tower,0,0,4,6,10,0,0,2,20,22,0,0,6,26,32,14,71,85,117
06/07/2011,VQQ,FL,ASO,ES,Federal Contract Tower,2,0,15,3,20,0,3,4,17,24,2,3,19,20,44,48,154,202,246
06/08/2011,VQQ,FL,ASO,ES,Federal Contract Tower,0,0,4,2,6,0,2,18,16,36,0,2,22,18,42,53,107,160,202
06/09/2011,VQQ,FL,ASO,ES,Federal Contract Tower,0,0,11,1,12,0,4,6,33,43,0,4,17,34,55,10,32,42,97
06/10/2011,VQQ,FL,ASO,ES,Federal Contract Tower,1,2,8,2,13,0,1,16,20,37,1,3,24,22,50,24,159,183,233
06/11/2011,VQQ,FL,ASO,ES,Federal Contract Tower,3,0,4,1,8,0,0,13,0,13,3,0,17,1,21,10,0,10,31
06/12/2011,VQQ,FL,ASO,ES,Federal Contract Tower,2,0,2,0,4,0,2,7,0,9,2,2,9,0,13,16,0,16,29
06/13/2011,VQQ,FL,ASO,ES,Federal Contract Tower,1,0,5,2,8,0,2,5,20,27,1,2,10,22,35,22,109,131,166
06/14/2011,VQQ,FL,ASO,ES,Federal Contract Tower,1,0,14,3,18,0,4,2,25,31,1,4,16,28,49,0,117,117,166
06/15/2011,VQQ,FL,ASO,ES,Federal Contract Tower,0,2,12,1,15,0,0,2,1,3,0,2,14,2,18,18,12,30,48
06/16/2011,VQQ,FL,ASO,ES,Federal Contract Tower,0,0,7,3,10,0,5,15,20,40,0,5,22,23,50,61,160,221,271
06/17/2011,VQQ,FL,ASO,ES,Federal Contract Tower,3,4,27,16,50,0,0,1,4,5,3,4,28,20,55,6,0,6,61
06/18/2011,VQQ,FL,ASO,ES,Federal Contract Tower,0,1,9,2,12,0,0,18,0,18,0,1,27,2,30,70,0,70,100
06/19/2011,VQQ,FL,ASO,ES,Federal Contract Tower,0,4,11,0,15,0,3,13,0,16,0,7,24,0,31,8,0,8,39
06/20/2011,VQQ,FL,ASO,ES,Federal Contract Tower,7,0,6,2,15,0,2,18,25,45,7,2,24,27,60,46,202,248,308
06/21/2011,VQQ,FL,ASO,ES,Federal Contract Tower,5,0,10,1,16,0,0,10,15,25,5,0,20,16,41,24,89,113,154
06/22/2011,VQQ,FL,ASO,ES,Federal Contract Tower,3,1,23,14,41,0,1,22,40,63,3,2,45,54,104,76,383,459,563
06/23/2011,VQQ,FL,ASO,ES,Federal Contract Tower,1,0,12,1,14,0,0,29,37,66,1,0,41,38,80,54,306,360,440
06/24/2011,VQQ,FL,ASO,ES,Federal Contract Tower,2,1,4,5,12,0,8,27,16,51,2,9,31,21,63,74,142,216,279
06/25/2011,VQQ,FL,ASO,ES,Federal Contract Tower,0,0,27,0,27,0,1,55,0,56,0,1,82,0,83,68,0,68,151
06/26/2011,VQQ,FL,ASO,ES,Federal Contract Tower,1,0,0,0,1,0,0,12,0,12,1,0,12,0,13,38,0,38,51
06/27/2011,VQQ,FL,ASO,ES,Federal Contract Tower,0,0,2,0,2,0,3,18,10,31,0,3,20,10,33,38,18,56,89
06/28/2011,VQQ,FL,ASO,ES,Federal Contract Tower,0,2,4,5,11,0,2,11,40,53,0,4,15,45,64,54,240,294,358
06/29/2011,VQQ,FL,ASO,ES,Federal Contract Tower,0,0,13,6,19,0,2,10,30,42,0,2,23,36,61,46,92,138,199
06/30/2011,VQQ,FL,ASO,ES,Federal Contract Tower,0,0,27,0,27,0,1,12,6,19,0,1,39,6,46,52,5,57,103
07/01/2011,VQQ,FL,ASO,ES,Federal Contract Tower,0,0,14,19,33,0,0,6,11,17,0,0,20,30,50,12,36,48,98
07/02/2011,VQQ,FL,ASO,ES,Federal Contract Tower,0,0,5,15,20,0,0,12,0,12,0,0,17,15,32,30,16,46,78
07/03/2011,VQQ,FL,ASO,ES,Federal Contract Tower,0,0,7,4,11,0,0,3,1,4,0,0,10,5,15,3,0,3,18
07/04/2011,VQQ,FL,ASO,ES,Federal Contract Tower,1,0,1,0,2,0,2,6,0,8,1,2,7,0,10,0,0,0,10
07/05/2011,VQQ,FL,ASO,ES,Federal Contract Tower,0,0,12,0,12,2,1,18,16,37,2,1,30,16,49,78,105,183,232
07/06/2011,VQQ,FL,ASO,ES,Federal Contract Tower,0,0,14,4,18,0,1,15,40,56,0,1,29,44,74,32,192,224,298
07/07/2011,VQQ,FL,ASO,ES,Federal Contract Tower,0,0,10,5,15,0,1,20,14,35,0,1,30,19,50,6,134,140,190
07/08/2011,VQQ,FL,ASO,ES,Federal Contract Tower,8,0,11,19,38,0,0,2,4,6,8,0,13,23,44,0,16,16,60
07/09/2011,VQQ,FL,ASO,ES,Federal Contract Tower,6,0,12,0,18,0,0,7,0,7,6,0,19,0,25,14,0,14,39
07/10/2011,VQQ,FL,ASO,ES,Federal Contract Tower,8,0,4,4,16,0,1,7,0,8,8,1,11,4,24,20,0,20,44
07/11/2011,VQQ,FL,ASO,ES,Federal Contract Tower,2,0,9,4,15,0,1,13,35,49,2,1,22,39,64,40,166,206,270
07/12/2011,VQQ,FL,ASO,ES,Federal Contract Tower,0,2,6,4,12,0,1,13,30,44,0,3,19,34,56,42,230,272,328
07/13/2011,VQQ,FL,ASO,ES,Federal Contract Tower,0,0,9,1,10,0,2,18,39,59,0,2,27,40,69,81,207,288,357
07/14/2011,VQQ,FL,ASO,ES,Federal Contract Tower,0,0,10,8,18,0,0,13,28,41,0,0,23,36,59,32,159,191,250
07/15/2011,VQQ,FL,ASO,ES,Federal Contract Tower,0,0,8,0,8,0,0,9,9,18,0,0,17,9,26,20,76,96,122
07/16/2011,VQQ,FL,ASO,ES,Federal Contract Tower,2,0,3,3,8,0,0,0,3,3,2,0,3,6,11,0,18,18,29
07/17/2011,VQQ,FL,ASO,ES,Federal Contract Tower,4,0,8,6,18,0,1,20,15,36,4,1,28,21,54,44,52,96,150
07/18/2011,VQQ,FL,ASO,ES,Federal Contract Tower,1,0,5,0,6,0,2,12,28,42,1,2,17,28,48,70,75,145,193
07/19/2011,VQQ,FL,ASO,ES,Federal Contract Tower,0,0,15,8,23,0,0,33,24,57,0,0,48,32,80,101,123,224,304
07/20/2011,VQQ,FL,ASO,ES,Federal Contract Tower,0,0,4,2,6,0,2,28,20,50,0,2,32,22,56,71,92,163,219
07/21/2011,VQQ,FL,ASO,ES,Federal Contract Tower,1,0,9,4,14,0,2,10,19,31,1,2,19,23,45,6,245,251,296
07/22/2011,VQQ,FL,ASO,ES,Federal Contract Tower,0,0,11,2,13,0,0,24,16,40,0,0,35,18,53,17,58,75,128
07/23/2011,VQQ,FL,ASO,ES,Federal Contract Tower,0,0,2,4,6,0,0,18,2,20,0,0,20,6,26,56,6,62,88
07/24/2011,VQQ,FL,ASO,ES,Federal Contract Tower,0,0,0,0,0,0,0,14,13,27,0,0,14,13,27,48,10,58,85
07/25/2011,VQQ,FL,ASO,ES,Federal Contract Tower,0,0,3,3,6,0,0,9,22,31,0,0,12,25,37,64,120,184,221
07/26/2011,VQQ,FL,ASO,ES,Federal Contract Tower,0,0,17,12,29,0,1,10,59,70,0,1,27,71,99,74,70,144,243
07/27/2011,VQQ,FL,ASO,ES,Federal Contract Tower,0,0,13,6,19,0,0,6,94,100,0,0,19,100,119,30,81,111,230
07/28/2011,VQQ,FL,ASO,ES,Federal Contract Tower,1,0,11,22,34,0,0,22,73,95,1,0,33,95,129,54,111,165,294
07/29/2011,VQQ,FL,ASO,ES,Federal Contract Tower,4,0,11,30,45,0,0,22,67,89,4,0,33,97,134,12,97,109,243
07/30/2011,VQQ,FL,ASO,ES,Federal Contract Tower,9,0,9,46,64,0,0,13,61,74,9,0,22,107,138,35,26,61,199
07/31/2011,VQQ,FL,ASO,ES,Federal Contract Tower,1,0,9,23,33,0,0,8,33,41,1,0,17,56,74,10,36,46,120
08/01/2011,VQQ,FL,ASO,ES,Federal Contract Tower,0,0,4,51,55,0,0,2,40,42,0,0,6,91,97,11,44,55,152
08/02/2011,VQQ,FL,ASO,ES,Federal Contract Tower,9,0,9,24,42,0,1,9,31,41,9,1,18,55,83,32,223,255,338
08/03/2011,VQQ,FL,ASO,ES,Federal Contract Tower,1,0,14,5,20,0,0,10,24,34,1,0,24,29,54,32,104,136,190
08/04/2011,VQQ,FL,ASO,ES,Federal Contract Tower,2,0,18,7,27,0,2,24,43,69,2,2,42,50,96,48,143,191,287
08/05/2011,VQQ,FL,ASO,ES,Federal Contract Tower,0,0,7,0,7,0,0,23,4,27,0,0,30,4,34,26,0,26,60
08/06/2011,VQQ,FL,ASO,ES,Federal Contract Tower,2,0,8,0,10,0,0,9,0,9,2,0,17,0,19,18,0,18,37
08/07/2011,VQQ,FL,ASO,ES,Federal Contract Tower,2,0,13,0,15,0,2,13,1,16,2,2,26,1,31,58,0,58,89
08/08/2011,VQQ,FL,ASO,ES,Federal Contract Tower,2,0,10,3,15,0,2,12,31,45,2,2,22,34,60,16,158,174,234
08/09/2011,VQQ,FL,ASO,ES,Federal Contract Tower,0,0,3,2,5,0,2,7,24,33,0,2,10,26,38,16,182,198,236
08/10/2011,VQQ,FL,ASO,ES,Federal Contract Tower,1,0,8,1,10,0,1,15,20,36,1,1,23,21,46,62,175,237,283
08/11/2011,VQQ,FL,ASO,ES,Federal Contract Tower,2,0,4,2,8,2,0,14,27,43,4,0,18,29,51,56,296,352,403
08/12/2011,VQQ,FL,ASO,ES,Federal Contract Tower,3,1,13,9,26,0,1,12,19,32,3,2,25,28,58,40,80,120,178
08/13/2011,VQQ,FL,ASO,ES,Federal Contract Tower,1,0,10,2,13,0,0,9,10,19,1,0,19,12,32,22,18,40,72
08/14/2011,VQQ,FL,ASO,ES,Federal Contract Tower,3,0,2,0,5,0,2,6,0,8,3,2,8,0,13,24,0,24,37
08/15/2011,VQQ,FL,ASO,ES,Federal Contract Tower,1,0,12,12,25,0,1,3,27,31,1,1,15,39,56,2,185,187,243
08/16/2011,VQQ,FL,ASO,ES,Federal Contract Tower,0,0,7,10,17,0,1,15,29,45,0,1,22,39,62,70,180,250,312
08/17/2011,VQQ,FL,ASO,ES,Federal Contract Tower,0,0,10,2,12,0,0,21,22,43,0,0,31,24,55,30,192,222,277
08/18/2011,VQQ,FL,ASO,ES,Federal Contract Tower,0,0,3,10,13,0,0,6,21,27,0,0,9,31,40,25,160,185,225
08/19/2011,VQQ,FL,ASO,ES,Federal Contract Tower,0,0,18,7,25,0,0,23,15,38,0,0,41,22,63,64,135,199,262
08/20/2011,VQQ,FL,ASO,ES,Federal Contract Tower,0,0,18,0,18,0,1,68,0,69,0,1,86,0,87,97,0,97,184
08/21/2011,VQQ,FL,ASO,ES,Federal Contract Tower,0,0,9,2,11,0,0,6,8,14,0,0,15,10,25,8,24,32,57
08/22/2011,VQQ,FL,ASO,ES,Federal Contract Tower,0,0,5,1,6,0,1,11,35,47,0,1,16,36,53,26,149,175,228
08/23/2011,VQQ,FL,ASO,ES,Federal Contract Tower,4,0,8,6,18,8,1,20,28,57,12,1,28,34,75,14,228,242,317
08/24/2011,VQQ,FL,ASO,ES,Federal Contract Tower,9,2,17,5,33,0,2,18,30,50,9,4,35,35,83,67,201,268,351
08/25/2011,VQQ,FL,ASO,ES,Federal Contract Tower,6,0,19,3,28,2,0,7,27,36,8,0,26,30,64,10,331,341,405
08/26/2011,VQQ,FL,ASO,ES,Federal Contract Tower,8,0,5,3,16,0,1,9,19,29,8,1,14,22,45,32,64,96,141
08/27/2011,VQQ,FL,ASO,ES,Federal Contract Tower,5,0,6,2,13,0,2,18,1,21,5,2,24,3,34,18,0,18,52
08/28/2011,VQQ,FL,ASO,ES,Federal Contract Tower,4,0,23,0,27,0,1,4,0,5,4,1,27,0,32,13,0,13,45
08/29/2011,VQQ,FL,ASO,ES,Federal Contract Tower,0,0,8,4,12,0,5,7,17,29,0,5,15,21,41,40,96,136,177
08/30/2011,VQQ,FL,ASO,ES,Federal Contract Tower,0,2,18,7,27,0,2,9,42,53,0,4,27,49,80,52,92,144,224
08/31/2011,VQQ,FL,ASO,ES,Federal Contract Tower,2,1,21,4,28,0,0,12,12,24,2,1,33,16,52,0,108,108,160
09/01/2011,VQQ,FL,ASO,ES,Federal Contract Tower,0,0,8,5,13,0,0,8,28,36,0,0,16,33,49,35,185,220,269
09/02/2011,VQQ,FL,ASO,ES,Federal Contract Tower,1,0,11,0,12,0,0,11,17,28,1,0,22,17,40,30,22,52,92
09/03/2011,VQQ,FL,ASO,ES,Federal Contract Tower,1,0,6,0,7,0,0,16,0,16,1,0,22,0,23,74,0,74,97
09/04/2011,VQQ,FL,ASO,ES,Federal Contract Tower,0,0,21,2,23,0,0,18,0,18,0,0,39,2,41,40,0,40,81
09/05/2011,VQQ,FL,ASO,ES,Federal Contract Tower,0,0,13,0,13,0,0,17,0,17,0,0,30,0,30,57,0,57,87
09/06/2011,VQQ,FL,ASO,ES,Federal Contract Tower,0,0,2,1,3,0,0,0,15,15,0,0,2,16,18,0,44,44,62
09/07/2011,VQQ,FL,ASO,ES,Federal Contract Tower,1,0,21,3,25,0,0,25,36,61,1,0,46,39,86,49,217,266,352
09/08/2011,VQQ,FL,ASO,ES,Federal Contract Tower,1,0,16,2,19,0,0,21,27,48,1,0,37,29,67,86,190,276,343
09/09/2011,VQQ,FL,ASO,ES,Federal Contract Tower,0,0,24,13,37,0,1,12,2,15,0,1,36,15,52,17,31,48,100
09/10/2011,VQQ,FL,ASO,ES,Federal Contract Tower,0,0,9,3,12,0,0,16,1,17,0,0,25,4,29,62,10,72,101
09/11/2011,VQQ,FL,ASO,ES,Federal Contract Tower,0,0,2,3,5,0,0,12,1,13,0,0,14,4,18,7,14,21,39
09/12/2011,VQQ,FL,ASO,ES,Federal Contract Tower,0,0,8,9,17,0,1,23,28,52,0,1,31,37,69,52,167,219,288
09/13/2011,VQQ,FL,ASO,ES,Federal Contract Tower,0,0,12,1,13,0,2,6,13,21,0,2,18,14,34,36,98,134,168
09/14/2011,VQQ,FL,ASO,ES,Federal Contract Tower,1,0,8,2,11,0,0,36,36,72,1,0,44,38,83,72,233,305,388
09/15/2011,VQQ,FL,ASO,ES,Federal Contract Tower,0,2,19,2,23,0,1,32,26,59,0,3,51,28,82,71,164,235,317
09/16/2011,VQQ,FL,ASO,ES,Federal Contract Tower,0,0,9,16,25,0,2,20,66,88,0,2,29,82,113,21,209,230,343
09/17/2011,VQQ,FL,ASO,ES,Federal Contract Tower,0,0,12,9,21,0,0,1,3,4,0,0,13,12,25,0,0,0,25
09/18/2011,VQQ,FL,ASO,ES,Federal Contract Tower,0,0,7,19,26,0,0,3,55,58,0,0,10,74,84,4,0,4,88
09/19/2011,VQQ,FL,ASO,ES,Federal Contract Tower,0,6,14,40,60,0,0,6,84,90,0,6,20,124,150,16,278,294,444
09/20/2011,VQQ,FL,ASO,ES,Federal Contract Tower,0,0,9,33,42,0,1,20,48,69,0,1,29,81,111,74,125,199,310
09/21/2011,VQQ,FL,ASO,ES,Federal Contract Tower,11,0,8,43,62,0,0,23,38,61,11,0,31,81,123,40,36,76,199
09/22/2011,VQQ,FL,ASO,ES,Federal Contract Tower,14,0,2,29,45,0,0,5,38,43,14,0,7,67,88,14,110,124,212
09/23/2011,VQQ,FL,ASO,ES,Federal Contract Tower,3,0,14,23,40,0,0,12,30,42,3,0,26,53,82,78,172,250,332
09/24/2011,VQQ,FL,ASO,ES,Federal Contract Tower,0,0,12,0,12,0,2,12,1,15,0,2,24,1,27,36,0,36,63
09/25/2011,VQQ,FL,ASO,ES,Federal Contract Tower,0,0,9,0,9,1,0,21,0,22,1,0,30,0,31,51,0,51,82
09/26/2011,VQQ,FL,ASO,ES,Federal Contract Tower,0,1,21,10,32,0,1,11,14,26,0,2,32,24,58,20,34,54,112
09/27/2011,VQQ,FL,ASO,ES,Federal Contract Tower,0,0,16,5,21,0,2,32,28,62,0,2,48,33,83,52,100,152,235
09/28/2011,VQQ,FL,ASO,ES,Federal Contract Tower,3,0,19,17,39,0,2,33,27,62,3,2,52,44,101,58,121,179,280
09/29/2011,VQQ,FL,ASO,ES,Federal Contract Tower,2,0,16,3,21,0,0,45,2,47,2,0,61,5,68,69,112,181,249
09/30/2011,VQQ,FL,ASO,ES,Federal Contract Tower,5,0,10,4,19,0,0,30,0,30,5,0,40,4,49,40,0,40,89
10/01/2011,VQQ,FL,ASO,ES,Federal Contract Tower,2,2,22,0,26,2,0,19,0,21,4,2,41,0,47,57,0,57,104
10/02/2011,VQQ,FL,ASO,ES,Federal Contract Tower,0,0,12,0,12,0,0,11,0,11,0,0,23,0,23,23,0,23,46
10/03/2011,VQQ,FL,ASO,ES,Federal Contract Tower,0,0,16,6,22,0,0,31,13,44,0,0,47,19,66,68,96,164,230
10/04/2011,VQQ,FL,ASO,ES,Federal Contract Tower,2,0,26,5,33,0,0,39,36,75,2,0,65,41,108,46,207,253,361
10/05/2011,VQQ,FL,ASO,ES,Federal Contract Tower,0,0,10,3,13,0,0,38,39,77,0,0,48,42,90,122,260,382,472
10/06/2011,VQQ,FL,ASO,ES,Federal Contract Tower,8,0,9,2,19,0,2,15,20,37,8,2,24,22,56,40,207,247,303
10/07/2011,VQQ,FL,ASO,ES,Federal Contract Tower,7,0,9,0,16,0,0,16,4,20,7,0,25,4,36,107,22,129,165
10/08/2011,VQQ,FL,ASO,ES,Federal Contract Tower,2,0,8,2,12,0,0,7,2,9,2,0,15,4,21,6,0,6,27
10/09/2011,VQQ,FL,ASO,ES,Federal Contract Tower,3,0,25,0,28,0,0,2,0,2,3,0,27,0,30,4,0,4,34
10/10/2011,VQQ,FL,ASO,ES,Federal Contract Tower,4,0,22,0,26,0,0,7,0,7,4,0,29,0,33,32,0,32,65
10/11/2011,VQQ,FL,ASO,ES,Federal Contract Tower,3,1,13,2,19,0,0,17,13,30,3,1,30,15,49,81,148,229,278
10/12/2011,VQQ,FL,ASO,ES,Federal Contract Tower,1,0,16,3,20,0,0,24,47,71,1,0,40,50,91,143,198,341,432
10/13/2011,VQQ,FL,ASO,ES,Federal Contract Tower,4,2,27,6,39,0,0,29,23,52,4,2,56,29,91,83,110,193,284
10/14/2011,VQQ,FL,ASO,ES,Federal Contract Tower,1,0,10,3,14,0,0,25,30,55,1,0,35,33,69,66,231,297,366
10/15/2011,VQQ,FL,ASO,ES,Federal Contract Tower,10,0,16,2,28,0,0,24,1,25,10,0,40,3,53,102,0,102,155
10/16/2011,VQQ,FL,ASO,ES,Federal Contract Tower,2,0,12,0,14,0,0,20,0,20,2,0,32,0,34,28,0,28,62
10/17/2011,VQQ,FL,ASO,ES,Federal Contract Tower,2,0,11,8,21,0,0,55,27,82,2,0,66,35,103,149,156,305,408
10/18/2011,VQQ,FL,ASO,ES,Federal Contract Tower,1,0,17,10,28,0,0,13,16,29,1,0,30,26,57,22,206,228,285
10/19/2011,VQQ,FL,ASO,ES,Federal Contract Tower,2,0,6,4,12,3,0,28,15,46,5,0,34,19,58,92,88,180,238
10/20/2011,VQQ,FL,ASO,ES,Federal Contract Tower,2,0,8,6,16,0,0,27,54,81,2,0,35,60,97,115,349,464,561
10/21/2011,VQQ,FL,ASO,ES,Federal Contract Tower,1,0,15,31,47,0,1,24,29,54,1,1,39,60,101,64,190,254,355
10/22/2011,VQQ,FL,ASO,ES,Federal Contract Tower,1,0,8,6,15,0,0,32,4,36,1,0,40,10,51,73,20,93,144
10/23/2011,VQQ,FL,ASO,ES,Federal Contract Tower,1,0,17,2,20,0,0,24,6,30,1,0,41,8,50,32,42,74,124
10/24/2011,VQQ,FL,ASO,ES,Federal Contract Tower,0,0,18,8,26,0,0,26,32,58,0,0,44,40,84,57,90,147,231
10/25/2011,VQQ,FL,ASO,ES,Federal Contract Tower,1,0,9,5,15,0,1,29,43,73,1,1,38,48,88,74,330,404,492
10/26/2011,VQQ,FL,ASO,ES,Federal Contract Tower,0,0,7,2,9,1,0,47,41,89,1,0,54,43,98,110,282,392,490
10/27/2011,VQQ,FL,ASO,ES,Federal Contract Tower,5,0,11,2,18,0,0,44,44,88,5,0,55,46,106,134,284,418,524
10/28/2011,VQQ,FL,ASO,ES,Federal Contract Tower,1,0,31,4,36,0,0,44,27,71,1,0,75,31,107,82,126,208,315
10/29/2011,VQQ,FL,ASO,ES,Federal Contract Tower,1,0,18,4,23,0,0,4,2,6,1,0,22,6,29,0,10,10,39
10/30/2011,VQQ,FL,ASO,ES,Federal Contract Tower,0,0,11,0,11,0,0,14,0,14,0,0,25,0,25,55,0,55,80
10/31/2011,VQQ,FL,ASO,ES,Federal Contract Tower,0,1,21,2,24,0,0,10,16,26,0,1,31,18,50,78,28,106,156
11/01/2011,VQQ,FL,ASO,ES,Federal Contract Tower,0,0,10,25,35,0,0,35,70,105,0,0,45,95,140,72,452,524,664
11/02/2011,VQQ,FL,ASO,ES,Federal Contract Tower,1,0,22,22,45,0,0,33,27,60,1,0,55,49,105,46,258,304,409
11/03/2011,VQQ,FL,ASO,ES,Federal Contract Tower,0,0,26,13,39,0,0,45,42,87,0,0,71,55,126,124,275,399,525
11/04/2011,VQQ,FL,ASO,ES,Federal Contract Tower,1,0,8,9,18,4,0,21,22,47,5,0,29,31,65,56,190,246,311
11/05/2011,VQQ,FL,ASO,ES,Federal Contract Tower,0,0,8,16,24,0,1,17,2,20,0,1,25,18,44,47,10,57,101
11/06/2011,VQQ,FL,ASO,ES,Federal Contract Tower,0,1,6,2,9,0,0,4,0,4,0,1,10,2,13,14,0,14,27
11/07/2011,VQQ,FL,ASO,ES,Federal Contract Tower,7,1,20,19,47,0,0,7,10,17,7,1,27,29,64,10,140,150,214
11/08/2011,VQQ,FL,ASO,ES,Federal Contract Tower,4,0,17,9,30,0,0,13,35,48,4,0,30,44,78,32,236,268,346
11/09/2011,VQQ,FL,ASO,ES,Federal Contract Tower,3,0,10,8,21,0,2,28,38,68,3,2,38,46,89,85,271,356,445
11/10/2011,VQQ,FL,ASO,ES,Federal Contract Tower,2,0,14,5,21,0,0,23,34,57,2,0,37,39,78,100,268,368,446
11/11/2011,VQQ,FL,ASO,ES,Federal Contract Tower,2,1,35,2,40,0,0,31,0,31,2,1,66,2,71,70,0,70,141
11/12/2011,VQQ,FL,ASO,ES,Federal Contract Tower,1,0,23,1,25,0,0,37,2,39,1,0,60,3,64,119,24,143,207
11/13/2011,VQQ,FL,ASO,ES,Federal Contract Tower,2,0,10,8,20,1,0,36,0,37,3,0,46,8,57,94,0,94,151
11/14/2011,VQQ,FL,ASO,ES,Federal Contract Tower,7,0,22,9,38,0,0,32,22,54,7,0,54,31,92,112,116,228,320
11/15/2011,VQQ,FL,ASO,ES,Federal Contract Tower,1,0,45,11,57,0,0,44,39,83,1,0,89,50,140,72,205,277,417
11/16/2011,VQQ,FL,ASO,ES,Federal Contract Tower,2,2,32,5,41,2,16,23,31,72,4,18,55,36,113,104,160,264,377
11/17/2011,VQQ,FL,ASO,ES,Federal Contract Tower,2,0,11,8,21,0,0,36,27,63,2,0,47,35,84,152,181,333,417
11/18/2011,VQQ,FL,ASO,ES,Federal Contract Tower,1,1,15,4,21,0,0,43,21,64,1,1,58,25,85,157,220,377,462
11/19/2011,VQQ,FL,ASO,ES,Federal Contract Tower,0,0,28,0,28,0,0,22,0,22,0,0,50,0,50,84,0,84,134
11/20/2011,VQQ,FL,ASO,ES,Federal Contract Tower,8,0,22,0,30,0,0,22,0,22,8,0,44,0,52,122,0,122,174
11/21/2011,VQQ,FL,ASO,ES,Federal Contract Tower,3,0,27,4,34,0,2,34,26,62,3,2,61,30,96,97,210,307,403
11/22/2011,VQQ,FL,ASO,ES,Federal Contract Tower,3,1,8,13,25,0,0,22,29,51,3,1,30,42,76,66,120,186,262
11/23/2011,VQQ,FL,ASO,ES,Federal Contract Tower,2,0,13,2,17,0,0,19,25,44,2,0,32,27,61,22,22,44,105
11/24/2011,VQQ,FL,ASO,ES,Federal Contract Tower,0,2,2,0,4,0,0,1,0,1,0,2,3,0,5,0,0,0,5
11/25/2011,VQQ,FL,ASO,ES,Federal Contract Tower,1,0,21,0,22,0,0,22,0,22,1,0,43,0,44,77,0,77,121
11/26/2011,VQQ,FL,ASO,ES,Federal Contract Tower,0,0,30,1,31,0,0,30,0,30,0,0,60,1,61,40,0,40,101
11/27/2011,VQQ,FL,ASO,ES,Federal Contract Tower,1,0,11,0,12,0,0,27,0,27,1,0,38,0,39,44,0,44,83
11/28/2011,VQQ,FL,ASO,ES,Federal Contract Tower,0,0,7,6,13,0,0,7,55,62,0,0,14,61,75,12,187,199,274
11/29/2011,VQQ,FL,ASO,ES,Federal Contract Tower,0,0,14,5,19,0,0,25,50,75,0,0,39,55,94,49,385,434,528
11/30/2011,VQQ,FL,ASO,ES,Federal Contract Tower,0,0,17,1,18,0,0,29,36,65,0,0,46,37,83,74,318,392,475
12/01/2011,VQQ,FL,ASO,ES,Federal Contract Tower,1,0,53,0,54,0,1,38,21,60,1,1,91,21,114,136,44,180,294
12/02/2011,VQQ,FL,ASO,ES,Federal Contract Tower,0,0,17,5,22,0,1,27,37,65,0,1,44,42,87,68,226,294,381
12/03/2011,VQQ,FL,ASO,ES,Federal Contract Tower,0,0,30,4,34,0,0,38,15,53,0,0,68,19,87,84,32,116,203
12/04/2011,VQQ,FL,ASO,ES,Federal Contract Tower,1,0,17,0,18,0,0,30,1,31,1,0,47,1,49,37,0,37,86
12/05/2011,VQQ,FL,ASO,ES,Federal Contract Tower,0,0,26,10,36,0,1,22,18,41,0,1,48,28,77,52,140,192,269
12/06/2011,VQQ,FL,ASO,ES,Federal Contract Tower,2,1,26,8,37,0,1,24,47,72,2,2,50,55,109,77,171,248,357
12/07/2011,VQQ,FL,ASO,ES,Federal Contract Tower,0,1,8,8,17,0,0,21,44,65,0,1,29,52,82,93,164,257,339
12/08/2011,VQQ,FL,ASO,ES,Federal Contract Tower,1,0,16,12,29,0,0,51,56,107,1,0,67,68,136,105,340,445,581
12/09/2011,VQQ,FL,ASO,ES,Federal Contract Tower,0,0,6,3,9,0,0,30,18,48,0,0,36,21,57,84,38,122,179
12/10/2011,VQQ,FL,ASO,ES,Federal Contract Tower,0,0,17,7,24,0,0,23,0,23,0,0,40,7,47,60,0,60,107
12/11/2011,VQQ,FL,ASO,ES,Federal Contract Tower,0,0,1,3,4,0,0,1,3,4,0,0,2,6,8,2,0,2,10
12/12/2011,VQQ,FL,ASO,ES,Federal Contract Tower,0,2,9,4,15,0,0,4,7,11,0,2,13,11,26,16,14,30,56
12/13/2011,VQQ,FL,ASO,ES,Federal Contract Tower,4,0,14,2,20,0,0,13,28,41,4,0,27,30,61,52,110,162,223
12/14/2011,VQQ,FL,ASO,ES,Federal Contract Tower,0,0,17,4,21,0,4,33,46,83,0,4,50,50,104,80,314,394,498
12/15/2011,VQQ,FL,ASO,ES,Federal Contract Tower,2,0,26,9,37,2,0,56,31,89,4,0,82,40,126,124,158,282,408
12/16/2011,VQQ,FL,ASO,ES,Federal Contract Tower,1,0,20,9,30,0,0,24,11,35,1,0,44,20,65,62,132,194,259
12/17/2011,VQQ,FL,ASO,ES,Federal Contract Tower,1,0,8,1,10,0,0,22,0,22,1,0,30,1,32,23,0,23,55
12/18/2011,VQQ,FL,ASO,ES,Federal Contract Tower,0,0,13,5,18,0,0,22,0,22,0,0,35,5,40,23,0,23,63
12/19/2011,VQQ,FL,ASO,ES,Federal Contract Tower,0,0,19,4,23,0,0,32,18,50,0,0,51,22,73,76,202,278,351
12/20/2011,VQQ,FL,ASO,ES,Federal Contract Tower,2,1,13,1,17,0,4,26,37,67,2,5,39,38,84,74,213,287,371
12/21/2011,VQQ,FL,ASO,ES,Federal Contract Tower,5,0,30,9,44,0,0,25,32,57,5,0,55,41,101,108,176,284,385
12/22/2011,VQQ,FL,ASO,ES,Federal Contract Tower,1,2,17,5,25,1,0,27,27,55,2,2,44,32,80,48,178,226,306
12/23/2011,VQQ,FL,ASO,ES,Federal Contract Tower,0,0,14,1,15,0,0,7,13,20,0,0,21,14,35,12,5,17,52
12/24/2011,VQQ,FL,ASO,ES,Federal Contract Tower,1,0,4,0,5,0,0,6,0,6,1,0,10,0,11,16,0,16,27
12/25/2011,VQQ,FL,ASO,ES,Federal Contract Tower,0,0,3,0,3,0,0,2,0,2,0,0,5,0,5,0,0,0,5
12/26/2011,VQQ,FL,ASO,ES,Federal Contract Tower,0,0,4,0,4,0,0,22,1,23,0,0,26,1,27,50,2,52,79
12/27/2011,VQQ,FL,ASO,ES,Federal Contract Tower,0,0,4,1,5,0,0,5,10,15,0,0,9,11,20,8,86,94,114
12/28/2011,VQQ,FL,ASO,ES,Federal Contract Tower,1,0,17,2,20,0,0,45,2,47,1,0,62,4,67,126,16,142,209
12/29/2011,VQQ,FL,ASO,ES,Federal Contract Tower,0,2,11,3,16,0,0,34,5,39,0,2,45,8,55,114,14,128,183
12/30/2011,VQQ,FL,ASO,ES,Federal Contract Tower,0,0,10,0,10,0,0,24,14,38,0,0,34,14,48,51,0,51,99
12/31/2011,VQQ,FL,ASO,ES,Federal Contract Tower,0,0,2,0,2,0,0,21,0,21,0,0,23,0,23,64,0,64,87
01/01/2012,VQQ,FL,ASO,ES,Federal Contract Tower,0,0,0,0,0,0,0,2,0,2,0,0,2,0,2,24,0,24,26
01/02/2012,VQQ,FL,ASO,ES,Federal Contract Tower,1,0,3,0,4,0,0,13,0,13,1,0,16,0,17,70,0,70,87
01/03/2012,VQQ,FL,ASO,ES,Federal Contract Tower,1,0,8,0,9,0,0,16,18,34,1,0,24,18,43,24,187,211,254
01/04/2012,VQQ,FL,ASO,ES,Federal Contract Tower,0,0,8,7,15,0,0,23,38,61,0,0,31,45,76,40,366,406,482
01/05/2012,VQQ,FL,ASO,ES,Federal Contract Tower,0,0,14,2,16,0,0,29,40,69,0,0,43,42,85,85,286,371,456
01/06/2012,VQQ,FL,ASO,ES,Federal Contract Tower,0,2,12,5,19,0,0,32,28,60,0,2,44,33,79,142,168,310,389
01/07/2012,VQQ,FL,ASO,ES,Federal Contract Tower,0,0,3,19,22,0,0,11,7,18,0,0,14,26,40,56,4,60,100
01/08/2012,VQQ,FL,ASO,ES,Federal Contract Tower,0,0,6,21,27,0,0,18,2,20,0,0,24,23,47,35,34,69,116
01/09/2012,VQQ,FL,ASO,ES,Federal Contract Tower,0,0,14,8,22,0,2,24,20,46,0,2,38,28,68,72,88,160,228
01/10/2012,VQQ,FL,ASO,ES,Federal Contract Tower,5,3,14,4,26,0,0,49,36,85,5,3,63,40,111,161,225,386,497
01/11/2012,VQQ,FL,ASO,ES,Federal Contract Tower,1,2,5,2,10,0,0,11,29,40,1,2,16,31,50,60,166,226,276
01/12/2012,VQQ,FL,ASO,ES,Federal Contract Tower,3,0,26,8,37,0,0,29,27,56,3,0,55,35,93,80,173,253,346
01/13/2012,VQQ,FL,ASO,ES,Federal Contract Tower,0,0,26,13,39,4,0,42,25,71,4,0,68,38,110,169,266,435,545
01/14/2012,VQQ,FL,ASO,ES,Federal Contract Tower,8,1,15,9,33,0,0,43,12,55,8,1,58,21,88,127,0,127,215
01/15/2012,VQQ,FL,ASO,ES,Federal Contract Tower,1,2,9,9,21,0,0,15,0,15,1,2,24,9,36,8,0,8,44
01/16/2012,VQQ,FL,ASO,ES,Federal Contract Tower,1,0,40,0,41,0,0,36,0,36,1,0,76,0,77,121,0,121,198
01/17/2012,VQQ,FL,ASO,ES,Federal Contract Tower,0,3,18,9,30,0,1,51,44,96,0,4,69,53,126,76,290,366,492
01/18/2012,VQQ,FL,ASO,ES,Federal Contract Tower,2,0,27,12,41,0,0,0,24,24,2,0,27,36,65,10,304,314,379
01/19/2012,VQQ,FL,ASO,ES,Federal Contract Tower,3,4,9,10,26,0,0,41,41,82,3,4,50,51,108,109,370,479,587
01/20/2012,VQQ,FL,ASO,ES,Federal Contract Tower,2,1,15,14,32,0,0,44,25,69,2,1,59,39,101,85,138,223,324
01/21/2012,VQQ,FL,ASO,ES,Federal Contract Tower,3,0,13,7,23,0,1,35,3,39,3,1,48,10,62,64,0,64,126
01/22/2012,VQQ,FL,ASO,ES,Federal Contract Tower,4,0,3,1,8,0,0,8,0,8,4,0,11,1,16,18,0,18,34
01/23/2012,VQQ,FL,ASO,ES,Federal Contract Tower,0,0,13,4,17,0,0,26,12,38,0,0,39,16,55,92,84,176,231
01/24/2012,VQQ,FL,ASO,ES,Federal Contract Tower,0,0,6,4,10,0,0,44,42,86,0,0,50,46,96,124,282,406,502
01/25/2012,VQQ,FL,ASO,ES,Federal Contract Tower,0,0,23,9,32,0,0,16,26,42,0,0,39,35,74,82,454,536,610
01/26/2012,VQQ,FL,ASO,ES,Federal Contract Tower,1,1,31,8,41,0,0,28,39,67,1,1,59,47,108,74,437,511,619
01/27/2012,VQQ,FL,ASO,ES,Federal Contract Tower,8,0,9,9,26,0,0,16,17,33,8,0,25,26,59,51,102,153,212
01/28/2012,VQQ,FL,ASO,ES,Federal Contract Tower,7,2,31,5,45,0,0,40,13,53,7,2,71,18,98,123,8,131,229
01/29/2012,VQQ,FL,ASO,ES,Federal Contract Tower,0,1,19,6,26,0,2,31,2,35,0,3,50,8,61,58,0,58,119
01/30/2012,VQQ,FL,ASO,ES,Federal Contract Tower,1,0,15,13,29,0,0,11,14,25,1,0,26,27,54,54,47,101,155
01/31/2012,VQQ,FL,ASO,ES,Federal Contract Tower,3,1,22,2,28,0,1,43,33,77,3,2,65,35,105,93,299,392,497
02/01/2012,VQQ,FL,ASO,ES,Federal Contract Tower,1,0,26,4,31,0,0,28,54,82,1,0,54,58,113,62,203,265,378
02/02/2012,VQQ,FL,ASO,ES,Federal Contract Tower,1,0,11,12,24,0,0,42,32,74,1,0,53,44,98,114,171,285,383
02/03/2012,VQQ,FL,ASO,ES,Federal Contract Tower,1,0,14,6,21,0,0,25,29,54,1,0,39,35,75,45,27,72,147
02/04/2012,VQQ,FL,ASO,ES,Federal Contract Tower,1,0,9,7,17,0,0,35,11,46,1,0,44,18,63,80,74,154,217
02/05/2012,VQQ,FL,ASO,ES,Federal Contract Tower,0,0,1,1,2,0,0,15,5,20,0,0,16,6,22,36,0,36,58
02/06/2012,VQQ,FL,ASO,ES,Federal Contract Tower,3,0,19,17,39,0,0,1,18,19,3,0,20,35,58,0,147,147,205
02/07/2012,VQQ,FL,ASO,ES,Federal Contract Tower,3,0,15,0,18,0,0,29,32,61,3,0,44,32,79,95,98,193,272
02/08/2012,VQQ,FL,ASO,ES,Federal Contract Tower,8,0,9,2,19,2,4,36,40,82,10,4,45,42,101,104,164,268,369
02/09/2012,VQQ,FL,ASO,ES,Federal Contract Tower,1,1,28,3,33,0,0,29,32,61,1,1,57,35,94,28,187,215,309
02/10/2012,VQQ,FL,ASO,ES,Federal Contract Tower,2,1,25,3,31,0,3,23,32,58,2,4,48,35,89,67,81,148,237
02/11/2012,VQQ,FL,ASO,ES,Federal Contract Tower,0,1,7,22,30,0,0,28,12,40,0,1,35,34,70,83,16,99,169
02/12/2012,VQQ,FL,ASO,ES,Federal Contract Tower,2,1,12,9,24,1,0,17,9,27,3,1,29,18,51,74,71,145,196
02/13/2012,VQQ,FL,ASO,ES,Federal Contract Tower,1,1,7,1,10,0,0,42,22,64,1,1,49,23,74,150,106,256,330
02/14/2012,VQQ,FL,ASO,ES,Federal Contract Tower,2,1,13,1,17,0,0,33,22,55,2,1,46,23,72,84,141,225,297
02/15/2012,VQQ,FL,ASO,ES,Federal Contract Tower,2,5,28,19,54,0,0,8,10,18,2,5,36,29,72,32,74,106,178
02/16/2012,VQQ,FL,ASO,ES,Federal Contract Tower,3,2,31,9,45,0,0,43,47,90,3,2,74,56,135,134,233,367,502
02/17/2012,VQQ,FL,ASO,ES,Federal Contract Tower,1,6,27,7,41,0,0,0,0,0,1,6,27,7,41,0,0,0,41
02/18/2012,VQQ,FL,ASO,ES,Federal Contract Tower,1,2,24,9,36,0,0,28,5,33,1,2,52,14,69,31,12,43,112
02/19/2012,VQQ,FL,ASO,ES,Federal Contract Tower,2,0,5,6,13,0,0,7,0,7,2,0,12,6,20,10,0,10,30
02/20/2012,VQQ,FL,ASO,ES,Federal Contract Tower,0,0,24,2,26,0,0,40,0,40,0,0,64,2,66,89,0,89,155
02/21/2012,VQQ,FL,ASO,ES,Federal Contract Tower,0,0,17,3,20,0,0,31,26,57,0,0,48,29,77,134,178,312,389
02/22/2012,VQQ,FL,ASO,ES,Federal Contract Tower,0,1,23,6,30,0,1,39,21,61,0,2,62,27,91,110,214,324,415
02/23/2012,VQQ,FL,ASO,ES,Federal Contract Tower,0,2,13,0,15,0,9,17,27,53,0,11,30,27,68,67,257,324,392
02/24/2012,VQQ,FL,ASO,ES,Federal Contract Tower,0,1,18,21,40,0,1,5,30,36,0,2,23,51,76,28,164,192,268
02/25/2012,VQQ,FL,ASO,ES,Federal Contract Tower,1,0,13,16,30,0,0,38,14,52,1,0,51,30,82,74,8,82,164
02/26/2012,VQQ,FL,ASO,ES,Federal Contract Tower,11,0,19,6,36,1,0,8,3,12,12,0,27,9,48,4,0,4,52
02/27/2012,VQQ,FL,ASO,ES,Federal Contract Tower,2,0,9,6,17,0,0,4,12,16,2,0,13,18,33,0,52,52,85
02/28/2012,VQQ,FL,ASO,ES,Federal Contract Tower,3,1,11,11,26,0,0,12,19,31,3,1,23,30,57,79,159,238,295
02/29/2012,VQQ,FL,ASO,ES,Federal Contract Tower,1,3,30,5,39,0,0,41,19,60,1,3,71,24,99,144,216,360,459
03/01/2012,VQQ,FL,ASO,ES,Federal Contract Tower,0,1,28,8,37,1,0,23,32,56,1,1,51,40,93,91,284,375,468
03/02/2012,VQQ,FL,ASO,ES,Federal Contract Tower,0,2,21,9,32,0,0,29,26,55,0,2,50,35,87,109,17,126,213
03/03/2012,VQQ,FL,ASO,ES,Federal Contract Tower,1,2,0,0,3,0,0,5,0,5,1,2,5,0,8,22,0,22,30
03/04/2012,VQQ,FL,ASO,ES,Federal Contract Tower,1,0,8,5,14,0,0,7,8,15,1,0,15,13,29,17,0,17,46
03/05/2012,VQQ,FL,ASO,ES,Federal Contract Tower,1,0,9,3,13,0,0,36,17,53,1,0,45,20,66,67,146,213,279
03/06/2012,VQQ,FL,ASO,ES,Federal Contract Tower,1,1,6,11,19,0,0,43,23,66,1,1,49,34,85,107,148,255,340
03/07/2012,VQQ,FL,ASO,ES,Federal Contract Tower,0,2,29,7,38,0,0,23,12,35,0,2,52,19,73,148,218,366,439
03/08/2012,VQQ,FL,ASO,ES,Federal Contract Tower,2,0,17,3,22,0,0,40,29,69,2,0,57,32,91,112,389,501,592
03/09/2012,VQQ,FL,ASO,ES,Federal Contract Tower,2,0,25,3,30,3,0,47,9,59,5,0,72,12,89,116,94,210,299
03/10/2012,VQQ,FL,ASO,ES,Federal Contract Tower,3,0,4,4,11,0,0,23,5,28,3,0,27,9,39,72,22,94,133
03/11/2012,VQQ,FL,ASO,ES,Federal Contract Tower,0,0,2,0,2,0,0,10,2,12,0,0,12,2,14,29,52,81,95
03/12/2012,VQQ,FL,ASO,ES,Federal Contract Tower,0,2,12,6,20,0,0,45,33,78,0,2,57,39,98,161,138,299,397
03/13/2012,VQQ,FL,ASO,ES,Federal Contract Tower,0,0,17,1,18,0,0,57,22,79,0,0,74,23,97,158,234,392,489
03/14/2012,VQQ,FL,ASO,ES,Federal Contract Tower,1,5,21,6,33,0,3,45,41,89,1,8,66,47,122,126,355,481,603
03/15/2012,VQQ,FL,ASO,ES,Federal Contract Tower,1,2,21,4,28,0,5,31,25,61,1,7,52,29,89,64,131,195,284
03/16/2012,VQQ,FL,ASO,ES,Federal Contract Tower,0,7,28,13,48,0,2,42,17,61,0,9,70,30,109,130,72,202,311
03/17/2012,VQQ,FL,ASO,ES,Federal Contract Tower,0,0,13,0,13,0,0,26,1,27,0,0,39,1,40,60,0,60,100
03/18/2012,VQQ,FL,ASO,ES,Federal Contract Tower,1,0,14,0,15,0,0,25,0,25,1,0,39,0,40,39,0,39,79
03/19/2012,VQQ,FL,ASO,ES,Federal Contract Tower,1,0,8,3,12,0,1,42,19,62,1,1,50,22,74,82,68,150,224
03/20/2012,VQQ,FL,ASO,ES,Federal Contract Tower,0,8,11,5,24,0,1,48,22,71,0,9,59,27,95,115,74,189,284
03/21/2012,VQQ,FL,ASO,ES,Federal Contract Tower,0,0,41,31,72,0,0,42,28,70,0,0,83,59,142,85,108,193,335
03/22/2012,VQQ,FL,ASO,ES,Federal Contract Tower,1,0,12,20,33,0,0,52,42,94,1,0,64,62,127,152,126,278,405
03/23/2012,VQQ,FL,ASO,ES,Federal Contract Tower,1,1,5,48,55,0,2,31,59,92,1,3,36,107,147,60,8,68,215
03/24/2012,VQQ,FL,ASO,ES,Federal Contract Tower,1,0,0,50,51,0,0,19,8,27,1,0,19,58,78,34,28,62,140
03/25/2012,VQQ,FL,ASO,ES,Federal Contract Tower,0,4,5,51,60,0,0,21,3,24,0,4,26,54,84,45,0,45,129
03/26/2012,VQQ,FL,ASO,ES,Federal Contract Tower,1,0,18,17,36,0,0,47,14,61,1,0,65,31,97,86,224,310,407
03/27/2012,VQQ,FL,ASO,ES,Federal Contract Tower,3,2,11,13,29,0,0,31,14,45,3,2,42,27,74,72,60,132,206
03/28/2012,VQQ,FL,ASO,ES,Federal Contract Tower,7,2,21,6,36,0,0,45,28,73,7,2,66,34,109,189,207,396,505
03/29/2012,VQQ,FL,ASO,ES,Federal Contract Tower,5,2,11,6,24,3,1,49,22,75,8,3,60,28,99,79,103,182,281
03/30/2012,VQQ,FL,ASO,ES,Federal Contract Tower,1,0,27,8,36,0,0,21,4,25,1,0,48,12,61,58,0,58,119
03/31/2012,VQQ,FL,ASO,ES,Federal Contract Tower,3,0,1,3,7,0,0,4,0,4,3,0,5,3,11,0,0,0,11
04/01/2012,VQQ,FL,ASO,ES,Federal Contract Tower,0,0,10,13,23,0,1,24,2,27,0,1,34,15,50,25,0,25,75
04/02/2012,VQQ,FL,ASO,ES,Federal Contract Tower,0,1,17,13,31,0,1,24,11,36,0,2,41,24,67,47,44,91,158
04/03/2012,VQQ,FL,ASO,ES,Federal Contract Tower,0,0,19,18,37,0,0,37,28,65,0,0,56,46,102,88,256,344,446
04/04/2012,VQQ,FL,ASO,ES,Federal Contract Tower,1,1,24,10,36,0,1,34,23,58,1,2,58,33,94,96,198,294,388
04/05/2012,VQQ,FL,ASO,ES,Federal Contract Tower,1,2,20,16,39,0,0,31,37,68,1,2,51,53,107,68,279,347,454
04/06/2012,VQQ,FL,ASO,ES,Federal Contract Tower,3,0,14,2,19,0,0,18,14,32,3,0,32,16,51,48,58,106,157
04/07/2012,VQQ,FL,ASO,ES,Federal Contract Tower,0,0,21,0,21,0,0,37,0,37,0,0,58,0,58,111,0,111,169
04/08/2012,VQQ,FL,ASO,ES,Federal Contract Tower,0,0,6,0,6,0,0,12,0,12,0,0,18,0,18,28,0,28,46
04/09/2012,VQQ,FL,ASO,ES,Federal Contract Tower,1,2,17,11,31,0,0,5,5,10,1,2,22,16,41,30,11,41,82
04/10/2012,VQQ,FL,ASO,ES,Federal Contract Tower,0,2,7,5,14,0,0,39,32,71,0,2,46,37,85,123,280,403,488
04/11/2012,VQQ,FL,ASO,ES,Federal Contract Tower,3,3,14,7,27,0,1,9,8,18,3,4,23,15,45,20,6,26,71
04/12/2012,VQQ,FL,ASO,ES,Federal Contract Tower,0,0,6,4,10,0,2,46,37,85,0,2,52,41,95,97,175,272,367
04/13/2012,VQQ,FL,ASO,ES,Federal Contract Tower,1,0,10,11,22,0,1,29,23,53,1,1,39,34,75,73,145,218,293
04/14/2012,VQQ,FL,ASO,ES,Federal Contract Tower,2,0,7,9,18,0,2,31,0,33,2,2,38,9,51,45,2,47,98
04/15/2012,VQQ,FL,ASO,ES,Federal Contract Tower,1,1,3,3,8,0,2,26,5,33,1,3,29,8,41,112,0,112,153
04/16/2012,VQQ,FL,ASO,ES,Federal Contract Tower,4,0,19,12,35,0,0,36,23,59,4,0,55,35,94,39,314,353,447
04/17/2012,VQQ,FL,ASO,ES,Federal Contract Tower,1,0,15,6,22,0,0,46,31,77,1,0,61,37,99,81,252,333,432
04/18/2012,VQQ,FL,ASO,ES,Federal Contract Tower,0,2,11,5,18,0,0,47,43,90,0,2,58,48,108,132,295,427,535
04/19/2012,VQQ,FL,ASO,ES,Federal Contract Tower,1,0,10,31,42,0,0,31,25,56,1,0,41,56,98,78,204,282,380
04/20/2012,VQQ,FL,ASO,ES,Federal Contract Tower,0,4,8,15,27,0,0,43,25,68,0,4,51,40,95,115,126,241,336
04/21/2012,VQQ,FL,ASO,ES,Federal Contract Tower,1,0,2,0,3,0,0,15,1,16,1,0,17,1,19,50,0,50,69
04/22/2012,VQQ,FL,ASO,ES,Federal Contract Tower,0,0,7,2,9,0,0,6,2,8,0,0,13,4,17,21,8,29,46
04/23/2012,VQQ,FL,ASO,ES,Federal Contract Tower,1,1,7,18,27,0,1,23,49,73,1,2,30,67,100,35,300,335,435
04/24/2012,VQQ,FL,ASO,ES,Federal Contract Tower,0,0,8,32,40,0,0,27,27,54,0,0,35,59,94,118,111,229,323
04/25/2012,VQQ,FL,ASO,ES,Federal Contract Tower,1,0,13,16,30,0,1,54,55,110,1,1,67,71,140,97,62,159,299
04/26/2012,VQQ,FL,ASO,ES,Federal Contract Tower,0,0,14,38,52,0,0,52,52,104,0,0,66,90,156,124,216,340,496
04/27/2012,VQQ,FL,ASO,ES,Federal Contract Tower,1,1,12,60,74,0,0,31,36,67,1,1,43,96,141,90,116,206,347
04/28/2012,VQQ,FL,ASO,ES,Federal Contract Tower,0,2,4,38,44,0,0,34,17,51,0,2,38,55,95,104,0,104,199
04/29/2012,VQQ,FL,ASO,ES,Federal Contract Tower,0,0,4,3,7,0,0,20,5,25,0,0,24,8,32,84,0,84,116
04/30/2012,VQQ,FL,ASO,ES,Federal Contract Tower,3,0,36,12,51,0,0,23,20,43,3,0,59,32,94,65,87,152,246
05/01/2012,VQQ,FL,ASO,ES,Federal Contract Tower,1,0,16,21,38,0,1,31,23,55,1,1,47,44,93,78,93,171,264
05/02/2012,VQQ,FL,ASO,ES,Federal Contract Tower,3,0,12,15,30,0,0,43,29,72,3,0,55,44,102,56,250,306,408
05/03/2012,VQQ,FL,ASO,ES,Federal Contract Tower,5,1,14,11,31,0,0,35,20,55,5,1,49,31,86,146,142,288,374
05/04/2012,VQQ,FL,ASO,ES,Federal Contract Tower,3,0,39,20,62,0,0,34,8,42,3,0,73,28,104,74,33,107,211
05/05/2012,VQQ,FL,ASO,ES,Federal Contract Tower,3,0,8,3,14,0,4,35,9,48,3,4,43,12,62,45,46,91,153
05/06/2012,VQQ,FL,ASO,ES,Federal Contract Tower,2,0,5,5,12,0,2,25,0,27,2,2,30,5,39,70,0,70,109
05/07/2012,VQQ,FL,ASO,ES,Federal Contract Tower,3,1,7,5,16,0,2,10,11,23,3,3,17,16,39,50,42,92,131
05/08/2012,VQQ,FL,ASO,ES,Federal Contract Tower,0,0,28,5,33,0,1,18,14,33,0,1,46,19,66,47,45,92,158
05/09/2012,VQQ,FL,ASO,ES,Federal Contract Tower,3,0,31,19,53,0,0,49,14,63,3,0,80,33,116,84,68,152,268
05/10/2012,VQQ,FL,ASO,ES,Federal Contract Tower,1,5,25,11,42,0,0,28,22,50,1,5,53,33,92,90,79,169,261
05/11/2012,VQQ,FL,ASO,ES,Federal Contract Tower,2,1,9,15,27,0,0,36,17,53,2,1,45,32,80,78,64,142,222
05/12/2012,VQQ,FL,ASO,ES,Federal Contract Tower,1,0,6,16,23,0,2,12,2,16,1,2,18,18,39,20,10,30,69
05/13/2012,VQQ,FL,ASO,ES,Federal Contract Tower,0,2,4,29,35,0,2,7,5,14,0,4,11,34,49,31,0,31,80
05/14/2012,VQQ,FL,ASO,ES,Federal Contract Tower,1,2,10,4,17,0,0,21,25,46,1,2,31,29,63,50,197,247,310
05/15/2012,VQQ,FL,ASO,ES,Federal Contract Tower,2,2,20,4,28,0,3,26,32,61,2,5,46,36,89,105,162,267,356
05/16/2012,VQQ,FL,ASO,ES,Federal Contract Tower,0,0,36,7,43,0,0,25,24,49,0,0,61,31,92,42,137,179,271
05/17/2012,VQQ,FL,ASO,ES,Federal Contract Tower,1,0,24,3,28,0,0,26,21,47,1,0,50,24,75,50,106,156,231
05/18/2012,VQQ,FL,ASO,ES,Federal Contract Tower,0,0,12,8,20,0,2,15,17,34,0,2,27,25,54,41,38,79,133
05/19/2012,VQQ,FL,ASO,ES,Federal Contract Tower,0,0,18,10,28,0,2,37,23,62,0,2,55,33,90,72,16,88,178
05/20/2012,VQQ,FL,ASO,ES,Federal Contract Tower,1,0,3,0,4,0,2,24,0,26,1,2,27,0,30,16,0,16,46
05/21/2012,VQQ,FL,ASO,ES,Federal Contract Tower,0,0,23,2,25,1,2,47,14,64,1,2,70,16,89,89,72,161,250
05/22/2012,VQQ,FL,ASO,ES,Federal Contract Tower,3,0,15,9,27,2,2,55,15,74,5,2,70,24,101,69,108,177,278
05/23/2012,VQQ,FL,ASO,ES,Federal Contract Tower,0,0,10,6,16,0,1,31,24,56,0,1,41,30,72,59,300,359,431
05/24/2012,VQQ,FL,ASO,ES,Federal Contract Tower,0,0,20,8,28,0,0,40,17,57,0,0,60,25,85,149,88,237,322
05/25/2012,VQQ,FL,ASO,ES,Federal Contract Tower,0,0,7,0,7,0,0,13,0,13,0,0,20,0,20,21,0,21,41
05/26/2012,VQQ,FL,ASO,ES,Federal Contract Tower,3,0,6,0,9,0,0,31,0,31,3,0,37,0,40,43,0,43,83
05/27/2012,VQQ,FL,ASO,ES,Federal Contract Tower,0,0,0,2,2,0,0,2,0,2,0,0,2,2,4,0,0,0,4
05/28/2012,VQQ,FL,ASO,ES,Federal Contract Tower,0,1,0,0,1,0,0,0,0,0,0,1,0,0,1,0,0,0,1
05/29/2012,VQQ,FL,ASO,ES,Federal Contract Tower,0,2,2,0,4,0,0,0,9,9,0,2,2,9,13,0,40,40,53
05/30/2012,VQQ,FL,ASO,ES,Federal Contract Tower,1,0,23,4,28,0,2,18,31,51,1,2,41,35,79,39,364,403,482
05/31/2012,VQQ,FL,ASO,ES,Federal Contract Tower,1,0,27,5,33,0,0,18,22,40,1,0,45,27,73,62,266,328,401
06/01/2012,VQQ,FL,ASO,ES,Federal Contract Tower,0,0,16,2,18,0,0,17,10,27,0,0,33,12,45,85,31,116,161
06/02/2012,VQQ,FL,ASO,ES,Federal Contract Tower,0,0,0,0,0,0,0,25,0,25,0,0,25,0,25,34,0,34,59
06/03/2012,VQQ,FL,ASO,ES,Federal Contract Tower,0,0,8,0,8,0,0,18,0,18,0,0,26,0,26,15,8,23,49
06/04/2012,VQQ,FL,ASO,ES,Federal Contract Tower,2,0,14,6,22,0,2,27,13,42,2,2,41,19,64,74,52,126,190
06/05/2012,VQQ,FL,ASO,ES,Federal Contract Tower,2,0,8,5,15,0,1,21,46,68,2,1,29,51,83,64,277,341,424
06/06/2012,VQQ,FL,ASO,ES,Federal Contract Tower,4,0,12,11,27,0,2,8,28,38,4,2,20,39,65,23,169,192,257
06/07/2012,VQQ,FL,ASO,ES,Federal Contract Tower,3,2,16,7,28,0,0,1,4,5,3,2,17,11,33,7,30,37,70
06/08/2012,VQQ,FL,ASO,ES,Federal Contract Tower,2,0,27,4,33,0,0,2,3,5,2,0,29,7,38,3,24,27,65
06/09/2012,VQQ,FL,ASO,ES,Federal Contract Tower,0,0,10,2,12,0,0,5,1,6,0,0,15,3,18,0,18,18,36
06/10/2012,VQQ,FL,ASO,ES,Federal Contract Tower,1,0,11,2,14,0,0,0,0,0,1,0,11,2,14,0,0,0,14
06/11/2012,VQQ,FL,ASO,ES,Federal Contract Tower,1,0,16,0,17,0,0,27,26,53,1,0,43,26,70,57,192,249,319
06/12/2012,VQQ,FL,ASO,ES,Federal Contract Tower,0,0,6,8,14,0,0,22,16,38,0,0,28,24,52,96,131,227,279
06/13/2012,VQQ,FL,ASO,ES,Federal Contract Tower,0,0,16,19,35,0,0,24,22,46,0,0,40,41,81,72,113,185,266
06/14/2012,VQQ,FL,ASO,ES,Federal Contract Tower,2,0,11,10,23,0,0,22,12,34,2,0,33,22,57,73,152,225,282
06/15/2012,VQQ,FL,ASO,ES,Federal Contract Tower,5,0,12,14,31,0,0,21,16,37,5,0,33,30,68,84,82,166,234
06/16/2012,VQQ,FL,ASO,ES,Federal Contract Tower,6,0,4,16,26,0,0,30,3,33,6,0,34,19,59,95,0,95,154
06/17/2012,VQQ,FL,ASO,ES,Federal Contract Tower,3,0,9,14,26,0,0,14,0,14,3,0,23,14,40,52,0,52,92
06/18/2012,VQQ,FL,ASO,ES,Federal Contract Tower,2,0,15,4,21,0,0,34,6,40,2,0,49,10,61,120,105,225,286
06/19/2012,VQQ,FL,ASO,ES,Federal Contract Tower,1,0,21,23,45,0,0,27,37,64,1,0,48,60,109,55,182,237,346
06/20/2012,VQQ,FL,ASO,ES,Federal Contract Tower,5,0,20,10,35,0,0,34,57,91,5,0,54,67,126,98,140,238,364
06/21/2012,VQQ,FL,ASO,ES,Federal Contract Tower,1,2,23,27,53,0,0,46,43,89,1,2,69,70,142,118,130,248,390
06/22/2012,VQQ,FL,ASO,ES,Federal Contract Tower,0,1,18,15,34,0,0,39,40,79,0,1,57,55,113,83,26,109,222
06/23/2012,VQQ,FL,ASO,ES,Federal Contract Tower,0,0,5,50,55,0,0,24,23,47,0,0,29,73,102,29,0,29,131
06/24/2012,VQQ,FL,ASO,ES,Federal Contract Tower,2,0,2,9,13,0,0,1,24,25,2,0,3,33,38,0,0,0,38
06/25/2012,VQQ,FL,ASO,ES,Federal Contract Tower,1,0,3,2,6,0,0,3,66,69,1,0,6,68,75,28,32,60,135
06/26/2012,VQQ,FL,ASO,ES,Federal Contract Tower,0,2,3,5,10,0,0,5,14,19,0,2,8,19,29,49,22,71,100
06/27/2012,VQQ,FL,ASO,ES,Federal Contract Tower,1,2,21,16,40,2,0,9,42,53,3,2,30,58,93,22,233,255,348
06/28/2012,VQQ,FL,ASO,ES,Federal Contract Tower,0,0,18,9,27,0,1,42,28,71,0,1,60,37,98,38,90,128,226
06/29/2012,VQQ,FL,ASO,ES,Federal Contract Tower,3,0,9,14,26,0,0,20,13,33,3,0,29,27,59,26,10,36,95
06/30/2012,VQQ,FL,ASO,ES,Federal Contract Tower,0,0,9,0,9,0,0,46,3,49,0,0,55,3,58,40,0,40,98
07/01/2012,VQQ,FL,ASO,ES,Federal Contract Tower,4,0,4,0,8,2,0,29,1,32,6,0,33,1,40,20,0,20,60
07/02/2012,VQQ,FL,ASO,ES,Federal Contract Tower,3,0,1,11,15,0,0,27,24,51,3,0,28,35,66,73,124,197,263
07/03/2012,VQQ,FL,ASO,ES,Federal Contract Tower,1,1,14,22,38,0,2,25,24,51,1,3,39,46,89,37,50,87,176
07/04/2012,VQQ,FL,ASO,ES,Federal Contract Tower,2,0,12,0,14,0,0,10,0,10,2,0,22,0,24,14,0,14,38
07/05/2012,VQQ,FL,ASO,ES,Federal Contract Tower,4,0,11,4,19,0,1,26,23,50,4,1,37,27,69,31,85,116,185
07/06/2012,VQQ,FL,ASO,ES,Federal Contract Tower,3,0,18,7,28,0,0,28,14,42,3,0,46,21,70,75,141,216,286
07/07/2012,VQQ,FL,ASO,ES,Federal Contract Tower,0,0,6,2,8,0,0,28,6,34,0,0,34,8,42,44,8,52,94
07/08/2012,VQQ,FL,ASO,ES,Federal Contract Tower,5,0,7,6,18,0,0,18,1,19,5,0,25,7,37,47,0,47,84
07/09/2012,VQQ,FL,ASO,ES,Federal Contract Tower,3,0,17,2,22,0,0,35,24,59,3,0,52,26,81,92,154,246,327
07/10/2012,VQQ,FL,ASO,ES,Federal Contract Tower,3,4,7,7,21,0,6,22,32,60,3,10,29,39,81,74,191,265,346
07/11/2012,VQQ,FL,ASO,ES,Federal Contract Tower,0,4,13,17,34,0,2,22,22,46,0,6,35,39,80,111,153,264,344
07/12/2012,VQQ,FL,ASO,ES,Federal Contract Tower,1,0,18,4,23,0,0,19,31,50,1,0,37,35,73,27,182,209,282
07/13/2012,VQQ,FL,ASO,ES,Federal Contract Tower,2,0,9,4,15,0,0,27,15,42,2,0,36,19,57,63,21,84,141
07/14/2012,VQQ,FL,ASO,ES,Federal Contract Tower,1,0,0,1,2,0,0,24,2,26,1,0,24,3,28,33,18,51,79
07/15/2012,VQQ,FL,ASO,ES,Federal Contract Tower,0,0,4,3,7,0,0,2,3,5,0,0,6,6,12,5,0,5,17
07/16/2012,VQQ,FL,ASO,ES,Federal Contract Tower,1,0,31,8,40,0,0,20,21,41,1,0,51,29,81,36,194,230,311
07/17/2012,VQQ,FL,ASO,ES,Federal Contract Tower,0,0,8,16,24,0,0,33,28,61,0,0,41,44,85,90,119,209,294
07/18/2012,VQQ,FL,ASO,ES,Federal Contract Tower,1,1,15,7,24,0,1,8,21,30,1,2,23,28,54,17,75,92,146
07/19/2012,VQQ,FL,ASO,ES,Federal Contract Tower,2,0,29,4,35,0,0,16,16,32,2,0,45,20,67,82,104,186,253
07/20/2012,VQQ,FL,ASO,ES,Federal Contract Tower,1,0,17,16,34,0,1,30,19,50,1,1,47,35,84,71,101,172,256
07/21/2012,VQQ,FL,ASO,ES,Federal Contract Tower,1,11,18,2,32,0,0,25,3,28,1,11,43,5,60,34,14,48,108
07/22/2012,VQQ,FL,ASO,ES,Federal Contract Tower,1,0,15,2,18,8,0,9,1,18,9,0,24,3,36,26,0,26,62
07/23/2012,VQQ,FL,ASO,ES,Federal Contract Tower,2,1,11,6,20,0,0,25,29,54,2,1,36,35,74,113,287,400,474
07/24/2012,VQQ,FL,ASO,ES,Federal Contract Tower,1,0,18,2,21,0,0,19,24,43,1,0,37,26,64,88,209,297,361
07/25/2012,VQQ,FL,ASO,ES,Federal Contract Tower,2,6,10,2,20,0,1,21,30,52,2,7,31,32,72,92,260,352,424
07/26/2012,VQQ,FL,ASO,ES,Federal Contract Tower,4,0,41,3,48,0,0,22,30,52,4,0,63,33,100,45,229,274,374
07/27/2012,VQQ,FL,ASO,ES,Federal Contract Tower,3,0,18,2,23,0,0,21,21,42,3,0,39,23,65,91,50,141,206
07/28/2012,VQQ,FL,ASO,ES,Federal Contract Tower,0,0,10,3,13,0,0,27,3,30,0,0,37,6,43,80,34,114,157
07/29/2012,VQQ,FL,ASO,ES,Federal Contract Tower,0,0,14,3,17,0,0,9,1,10,0,0,23,4,27,43,49,92,119
07/30/2012,VQQ,FL,ASO,ES,Federal Contract Tower,0,1,4,2,7,0,1,17,6,24,0,2,21,8,31,8,28,36,67
07/31/2012,VQQ,FL,ASO,ES,Federal Contract Tower,1,0,17,10,28,0,1,24,37,62,1,1,41,47,90,18,380,398,488
08/01/2012,VQQ,FL,ASO,ES,Federal Contract Tower,1,1,23,35,60,0,0,26,24,50,1,1,49,59,110,130,239,369,479
08/02/2012,VQQ,FL,ASO,ES,Federal Contract Tower,0,0,20,29,49,0,0,19,55,74,0,0,39,84,123,54,227,281,404
08/03/2012,VQQ,FL,ASO,ES,Federal Contract Tower,1,0,16,62,79,0,1,39,19,59,1,1,55,81,138,162,60,222,360
08/04/2012,VQQ,FL,ASO,ES,Federal Contract Tower,0,0,6,56,62,0,0,12,16,28,0,0,18,72,90,28,4,32,122
08/05/2012,VQQ,FL,ASO,ES,Federal Contract Tower,0,0,4,33,37,0,0,6,2,8,0,0,10,35,45,12,0,12,57
08/06/2012,VQQ,FL,ASO,ES,Federal Contract Tower,0,0,9,40,49,0,0,12,20,32,0,0,21,60,81,14,123,137,218
08/07/2012,VQQ,FL,ASO,ES,Federal Contract Tower,1,0,11,45,57,0,0,24,21,45,1,0,35,66,102,88,181,269,371
08/08/2012,VQQ,FL,ASO,ES,Federal Contract Tower,0,0,10,11,21,0,0,27,10,37,0,0,37,21,58,79,180,259,317
08/09/2012,VQQ,FL,ASO,ES,Federal Contract Tower,0,1,7,5,13,0,0,18,4,22,0,1,25,9,35,61,40,101,136
08/10/2012,VQQ,FL,ASO,ES,Federal Contract Tower,1,0,9,22,32,0,0,31,11,42,1,0,40,33,74,73,55,128,202
08/11/2012,VQQ,FL,ASO,ES,Federal Contract Tower,12,0,4,0,16,0,0,37,13,50,12,0,41,13,66,51,12,63,129
08/12/2012,VQQ,FL,ASO,ES,Federal Contract Tower,2,0,8,4,14,0,0,30,8,38,2,0,38,12,52,54,0,54,106
08/13/2012,VQQ,FL,ASO,ES,Federal Contract Tower,2,0,3,6,11,0,0,18,37,55,2,0,21,43,66,33,225,258,324
08/14/2012,VQQ,FL,ASO,ES,Federal Contract Tower,1,0,9,9,19,0,0,20,27,47,1,0,29,36,66,37,228,265,331
08/15/2012,VQQ,FL,ASO,ES,Federal Contract Tower,2,0,33,3,38,0,0,23,23,46,2,0,56,26,84,93,150,243,327
08/16/2012,VQQ,FL,ASO,ES,Federal Contract Tower,2,0,28,32,62,0,2,17,27,46,2,2,45,59,108,101,249,350,458
08/17/2012,VQQ,FL,ASO,ES,Federal Contract Tower,0,0,4,5,9,0,0,22,10,32,0,0,26,15,41,70,25,95,136
08/18/2012,VQQ,FL,ASO,ES,Federal Contract Tower,6,0,14,4,24,0,0,11,11,22,6,0,25,15,46,32,0,32,78
08/19/2012,VQQ,FL,ASO,ES,Federal Contract Tower,1,0,3,3,7,0,0,9,0,9,1,0,12,3,16,7,0,7,23
08/20/2012,VQQ,FL,ASO,ES,Federal Contract Tower,0,0,3,0,3,0,0,12,11,23,0,0,15,11,26,12,18,30,56
08/21/2012,VQQ,FL,ASO,ES,Federal Contract Tower,1,0,6,1,8,0,0,4,7,11,1,0,10,8,19,44,56,100,119
08/22/2012,VQQ,FL,ASO,ES,Federal Contract Tower,0,0,6,17,23,0,0,23,34,57,0,0,29,51,80,49,295,344,424
08/23/2012,VQQ,FL,ASO,ES,Federal Contract Tower,0,2,8,10,20,0,0,16,21,37,0,2,24,31,57,40,226,266,323
08/24/2012,VQQ,FL,ASO,ES,Federal Contract Tower,1,0,11,16,28,0,2,38,54,94,1,2,49,70,122,69,148,217,339
08/25/2012,VQQ,FL,ASO,ES,Federal Contract Tower,1,0,22,15,38,0,0,30,16,46,1,0,52,31,84,64,20,84,168
08/26/2012,VQQ,FL,ASO,ES,Federal Contract Tower,9,0,15,4,28,0,0,28,27,55,9,0,43,31,83,28,5,33,116
08/27/2012,VQQ,FL,ASO,ES,Federal Contract Tower,3,0,17,7,27,0,0,1,17,18,3,0,18,24,45,0,133,133,178
08/28/2012,VQQ,FL,ASO,ES,Federal Contract Tower,3,1,6,20,30,0,0,15,41,56,3,1,21,61,86,97,328,425,511
08/29/2012,VQQ,FL,ASO,ES,Federal Contract Tower,0,0,9,17,26,0,2,18,33,53,0,2,27,50,79,42,238,280,359
08/30/2012,VQQ,FL,ASO,ES,Federal Contract Tower,1,0,16,10,27,0,0,26,19,45,1,0,42,29,72,60,52,112,184
08/31/2012,VQQ,FL,ASO,ES,Federal Contract Tower,2,3,40,10,55,0,0,12,14,26,2,3,52,24,81,13,2,15,96
09/01/2012,VQQ,FL,ASO,ES,Federal Contract Tower,1,0,14,2,17,0,0,9,0,9,1,0,23,2,26,29,0,29,55
09/02/2012,VQQ,FL,ASO,ES,Federal Contract Tower,0,0,9,1,10,0,0,24,0,24,0,0,33,1,34,28,0,28,62
09/03/2012,VQQ,FL,ASO,ES,Federal Contract Tower,1,0,5,30,36,0,0,23,11,34,1,0,28,41,70,35,0,35,105
09/04/2012,VQQ,FL,ASO,ES,Federal Contract Tower,10,6,15,23,54,0,0,32,32,64,10,6,47,55,118,108,254,362,480
09/05/2012,VQQ,FL,ASO,ES,Federal Contract Tower,0,0,16,61,77,0,0,22,38,60,0,0,38,99,137,75,360,435,572
09/06/2012,VQQ,FL,ASO,ES,Federal Contract Tower,1,0,13,61,75,0,0,24,50,74,1,0,37,111,149,81,156,237,386
09/07/2012,VQQ,FL,ASO,ES,Federal Contract Tower,6,0,20,45,71,0,0,37,49,86,6,0,57,94,157,83,101,184,341
09/08/2012,VQQ,FL,ASO,ES,Federal Contract Tower,2,0,7,30,39,0,0,17,6,23,2,0,24,36,62,21,7,28,90
09/09/2012,VQQ,FL,ASO,ES,Federal Contract Tower,1,0,8,17,26,0,0,0,0,0,1,0,8,17,26,0,0,0,26
09/10/2012,VQQ,FL,ASO,ES,Federal Contract Tower,0,0,7,20,27,0,0,21,12,33,0,0,28,32,60,110,123,233,293
09/11/2012,VQQ,FL,ASO,ES,Federal Contract Tower,0,0,23,9,32,0,0,29,48,77,0,0,52,57,109,38,308,346,455
09/12/2012,VQQ,FL,ASO,ES,Federal Contract Tower,2,0,32,29,63,0,0,23,42,65,2,0,55,71,128,60,282,342,470
09/13/2012,VQQ,FL,ASO,ES,Federal Contract Tower,1,3,22,3,29,0,0,31,20,51,1,3,53,23,80,46,139,185,265
09/14/2012,VQQ,FL,ASO,ES,Federal Contract Tower,0,0,19,10,29,0,0,19,23,42,0,0,38,33,71,39,58,97,168
09/15/2012,VQQ,FL,ASO,ES,Federal Contract Tower,1,2,17,16,36,0,0,23,15,38,1,2,40,31,74,68,7,75,149
09/16/2012,VQQ,FL,ASO,ES,Federal Contract Tower,2,4,7,2,15,0,0,18,1,19,2,4,25,3,34,34,1,35,69
09/17/2012,VQQ,FL,ASO,ES,Federal Contract Tower,0,0,7,8,15,0,0,20,23,43,0,0,27,31,58,66,124,190,248
09/18/2012,VQQ,FL,ASO,ES,Federal Contract Tower,3,0,8,2,13,0,0,3,6,9,3,0,11,8,22,0,0,0,22
09/19/2012,VQQ,FL,ASO,ES,Federal Contract Tower,2,2,21,3,28,0,0,24,26,50,2,2,45,29,78,84,161,245,323
09/20/2012,VQQ,FL,ASO,ES,Federal Contract Tower,0,2,28,5,35,0,0,24,19,43,0,2,52,24,78,64,97,161,239
09/21/2012,VQQ,FL,ASO,ES,Federal Contract Tower,4,1,43,11,59,0,0,25,8,33,4,1,68,19,92,62,111,173,265
09/22/2012,VQQ,FL,ASO,ES,Federal Contract Tower,2,0,25,24,51,0,0,22,0,22,2,0,47,24,73,88,12,100,173
09/23/2012,VQQ,FL,ASO,ES,Federal Contract Tower,0,0,11,0,11,0,0,45,0,45,0,0,56,0,56,58,0,58,114
09/24/2012,VQQ,FL,ASO,ES,Federal Contract Tower,3,0,22,1,26,0,0,39,35,74,3,0,61,36,100,72,187,259,359
09/25/2012,VQQ,FL,ASO,ES,Federal Contract Tower,1,0,24,7,32,0,1,26,40,67,1,1,50,47,99,112,222,334,433
09/26/2012,VQQ,FL,ASO,ES,Federal Contract Tower,2,2,37,3,44,0,1,37,35,73,2,3,74,38,117,192,184,376,493
09/27/2012,VQQ,FL,ASO,ES,Federal Contract Tower,1,0,36,6,43,0,0,39,18,57,1,0,75,24,100,168,6,174,274
09/28/2012,VQQ,FL,ASO,ES,Federal Contract Tower,2,0,29,5,36,0,0,37,4,41,2,0,66,9,77,106,22,128,205
09/29/2012,VQQ,FL,ASO,ES,Federal Contract Tower,0,1,18,5,24,0,0,20,1,21,0,1,38,6,45,60,0,60,105
09/30/2012,VQQ,FL,ASO,ES,Federal Contract Tower,0,0,17,0,17,0,0,18,5,23,0,0,35,5,40,56,0,56,96
10/01/2012,VQQ,FL,ASO,ES,Federal Contract Tower,1,0,21,4,26,0,0,22,24,46,1,0,43,28,72,62,192,254,326
10/02/2012,VQQ,FL,ASO,ES,Federal Contract Tower,0,0,27,3,30,0,0,23,22,45,0,0,50,25,75,97,103,200,275
10/03/2012,VQQ,FL,ASO,ES,Federal Contract Tower,0,0,56,2,58,0,0,10,8,18,0,0,66,10,76,36,74,110,186
10/04/2012,VQQ,FL,ASO,ES,Federal Contract Tower,2,2,16,4,24,2,0,13,15,30,4,2,29,19,54,24,70,94,148
10/05/2012,VQQ,FL,ASO,ES,Federal Contract Tower,4,2,34,22,62,0,0,6,10,16,4,2,40,32,78,47,38,85,163
10/06/2012,VQQ,FL,ASO,ES,Federal Contract Tower,0,0,11,0,11,0,0,20,0,20,0,0,31,0,31,88,0,88,119
10/07/2012,VQQ,FL,ASO,ES,Federal Contract Tower,2,0,10,4,16,0,0,43,4,47,2,0,53,8,63,72,4,76,139
10/08/2012,VQQ,FL,ASO,ES,Federal Contract Tower,0,1,46,1,48,4,0,28,0,32,4,1,74,1,80,76,0,76,156
10/09/2012,VQQ,FL,ASO,ES,Federal Contract Tower,2,5,35,12,54,0,0,4,9,13,2,5,39,21,67,0,113,113,180
10/10/2012,VQQ,FL,ASO,ES,Federal Contract Tower,2,0,29,50,81,0,0,31,20,51,2,0,60,70,132,122,178,300,432
10/11/2012,VQQ,FL,ASO,ES,Federal Contract Tower,0,0,15,7,22,0,2,31,40,73,0,2,46,47,95,140,257,397,492
10/12/2012,VQQ,FL,ASO,ES,Federal Contract Tower,0,0,38,25,63,0,1,28,9,38,0,1,66,34,101,114,154,268,369
10/13/2012,VQQ,FL,ASO,ES,Federal Contract Tower,0,0,10,4,14,0,0,18,5,23,0,0,28,9,37,48,0,48,85
10/14/2012,VQQ,FL,ASO,ES,Federal Contract Tower,0,0,11,8,19,0,0,34,0,34,0,0,45,8,53,48,0,48,101
10/15/2012,VQQ,FL,ASO,ES,Federal Contract Tower,1,1,12,47,61,0,0,23,19,42,1,1,35,66,103,54,84,138,241
10/16/2012,VQQ,FL,ASO,ES,Federal Contract Tower,6,0,30,23,59,0,0,18,39,57,6,0,48,62,116,105,276,381,497
10/17/2012,VQQ,FL,ASO,ES,Federal Contract Tower,0,0,28,12,40,0,0,29,22,51,0,0,57,34,91,75,74,149,240
10/18/2012,VQQ,FL,ASO,ES,Federal Contract Tower,2,0,44,10,56,1,1,22,31,55,3,1,66,41,111,112,80,192,303
10/19/2012,VQQ,FL,ASO,ES,Federal Contract Tower,4,5,21,6,36,0,0,17,22,39,4,5,38,28,75,81,48,129,204
10/20/2012,VQQ,FL,ASO,ES,Federal Contract Tower,1,0,2,0,3,1,0,24,0,25,2,0,26,0,28,113,0,113,141
10/21/2012,VQQ,FL,ASO,ES,Federal Contract Tower,0,0,24,4,28,0,0,44,2,46,0,0,68,6,74,86,4,90,164
10/22/2012,VQQ,FL,ASO,ES,Federal Contract Tower,2,0,25,4,31,0,0,49,29,78,2,0,74,33,109,200,159,359,468
10/23/2012,VQQ,FL,ASO,ES,Federal Contract Tower,2,2,18,15,37,0,0,21,41,62,2,2,39,56,99,182,337,519,618
10/24/2012,VQQ,FL,ASO,ES,Federal Contract Tower,0,2,25,5,32,0,0,23,27,50,0,2,48,32,82,112,148,260,342
10/25/2012,VQQ,FL,ASO,ES,Federal Contract Tower,9,4,13,9,35,0,0,14,33,47,9,4,27,42,82,58,288,346,428
10/26/2012,VQQ,FL,ASO,ES,Federal Contract Tower,1,0,14,10,25,0,0,0,15,15,1,0,14,25,40,0,166,166,206
10/27/2012,VQQ,FL,ASO,ES,Federal Contract Tower,1,0,9,2,12,0,0,2,0,2,1,0,11,2,14,0,0,0,14
10/28/2012,VQQ,FL,ASO,ES,Federal Contract Tower,4,0,16,2,22,0,0,21,0,21,4,0,37,2,43,42,0,42,85
10/29/2012,VQQ,FL,ASO,ES,Federal Contract Tower,1,3,21,4,29,0,1,23,12,36,1,4,44,16,65,62,93,155,220
10/30/2012,VQQ,FL,ASO,ES,Federal Contract Tower,0,0,4,33,37,0,0,22,21,43,0,0,26,54,80,55,133,188,268
10/31/2012,VQQ,FL,ASO,ES,Federal Contract Tower,1,1,30,5,37,0,0,34,24,58,1,1,64,29,95,91,118,209,304
11/01/2012,VQQ,FL,ASO,ES,Federal Contract Tower,10,0,20,8,38,6,1,31,37,75,16,1,51,45,113,48,144,192,305
11/02/2012,VQQ,FL,ASO,ES,Federal Contract Tower,2,2,21,35,60,0,0,48,13,61,2,2,69,48,121,91,112,203,324
11/03/2012,VQQ,FL,ASO,ES,Federal Contract Tower,1,1,16,28,46,0,0,30,8,38,1,1,46,36,84,34,13,47,131
11/04/2012,VQQ,FL,ASO,ES,Federal Contract Tower,0,1,12,41,54,0,3,41,33,77,0,4,53,74,131,87,14,101,232
11/05/2012,VQQ,FL,ASO,ES,Federal Contract Tower,2,0,17,36,55,6,0,25,30,61,8,0,42,66,116,68,67,135,251
11/06/2012,VQQ,FL,ASO,ES,Federal Contract Tower,2,0,16,56,74,0,0,18,43,61,2,0,34,99,135,118,344,462,597
11/07/2012,VQQ,FL,ASO,ES,Federal Contract Tower,4,0,27,49,80,0,0,51,41,92,4,0,78,90,172,222,297,519,691
11/08/2012,VQQ,FL,ASO,ES,Federal Contract Tower,0,2,17,24,43,0,0,26,38,64,0,2,43,62,107,93,305,398,505
11/09/2012,VQQ,FL,ASO,ES,Federal Contract Tower,5,0,6,6,17,0,0,44,19,63,5,0,50,25,80,175,32,207,287
11/10/2012,VQQ,FL,ASO,ES,Federal Contract Tower,0,0,16,0,16,0,0,28,0,28,0,0,44,0,44,100,0,100,144
11/11/2012,VQQ,FL,ASO,ES,Federal Contract Tower,0,0,13,6,19,0,0,36,3,39,0,0,49,9,58,123,62,185,243
11/12/2012,VQQ,FL,ASO,ES,Federal Contract Tower,2,0,10,4,16,0,0,27,2,29,2,0,37,6,45,40,4,44,89
11/13/2012,VQQ,FL,ASO,ES,Federal Contract Tower,1,0,18,10,29,0,0,18,52,70,1,0,36,62,99,32,474,506,605
11/14/2012,VQQ,FL,ASO,ES,Federal Contract Tower,1,2,23,23,49,0,0,0,0,0,1,2,23,23,49,0,0,0,49
11/15/2012,VQQ,FL,ASO,ES,Federal Contract Tower,0,3,16,2,21,0,0,0,20,20,0,3,16,22,41,0,138,138,179
11/16/2012,VQQ,FL,ASO,ES,Federal Contract Tower,0,3,33,109,145,0,0,0,2,2,0,3,33,111,147,0,52,52,199
11/17/2012,VQQ,FL,ASO,ES,Federal Contract Tower,7,1,24,6,38,0,0,2,3,5,7,1,26,9,43,8,6,14,57
11/18/2012,VQQ,FL,ASO,ES,Federal Contract Tower,5,1,15,1,22,0,0,19,14,33,5,1,34,15,55,64,63,127,182
11/19/2012,VQQ,FL,ASO,ES,Federal Contract Tower,3,0,24,23,50,0,0,7,30,37,3,0,31,53,87,27,290,317,404
11/20/2012,VQQ,FL,ASO,ES,Federal Contract Tower,3,0,17,19,39,0,1,57,33,91,3,1,74,52,130,137,131,268,398
11/21/2012,VQQ,FL,ASO,ES,Federal Contract Tower,0,1,20,1,22,0,0,33,1,34,0,1,53,2,56,100,0,100,156
11/22/2012,VQQ,FL,ASO,ES,Federal Contract Tower,0,0,0,0,0,0,0,2,0,2,0,0,2,0,2,0,0,0,2
11/23/2012,VQQ,FL,ASO,ES,Federal Contract Tower,0,0,9,0,9,0,0,29,0,29,0,0,38,0,38,40,0,40,78
11/24/2012,VQQ,FL,ASO,ES,Federal Contract Tower,2,1,9,0,12,0,0,23,0,23,2,1,32,0,35,21,0,21,56
11/25/2012,VQQ,FL,ASO,ES,Federal Contract Tower,0,4,17,0,21,0,0,29,0,29,0,4,46,0,50,78,0,78,128
11/26/2012,VQQ,FL,ASO,ES,Federal Contract Tower,3,3,22,8,36,0,0,22,22,44,3,3,44,30,80,55,133,188,268
11/27/2012,VQQ,FL,ASO,ES,Federal Contract Tower,5,0,18,15,38,0,1,29,60,90,5,1,47,75,128,76,306,382,510
11/28/2012,VQQ,FL,ASO,ES,Federal Contract Tower,1,0,32,49,82,0,0,3,6,9,1,0,35,55,91,0,138,138,229
11/29/2012,VQQ,FL,ASO,ES,Federal Contract Tower,4,0,12,18,34,0,0,28,59,87,4,0,40,77,121,90,331,421,542
11/30/2012,VQQ,FL,ASO,ES,Federal Contract Tower,2,2,13,13,30,0,20,44,47,111,2,22,57,60,141,167,302,469,610
12/01/2012,VQQ,FL,ASO,ES,Federal Contract Tower,0,2,13,12,27,0,0,15,2,17,0,2,28,14,44,45,26,71,115
12/02/2012,VQQ,FL,ASO,ES,Federal Contract Tower,0,0,13,0,13,0,1,22,7,30,0,1,35,7,43,90,44,134,177
12/03/2012,VQQ,FL,ASO,ES,Federal Contract Tower,2,0,29,8,39,0,0,9,14,23,2,0,38,22,62,68,102,170,232
12/04/2012,VQQ,FL,ASO,ES,Federal Contract Tower,1,4,22,22,49,0,2,49,34,85,1,6,71,56,134,166,186,352,486
12/05/2012,VQQ,FL,ASO,ES,Federal Contract Tower,3,0,18,16,37,0,0,47,56,103,3,0,65,72,140,141,285,426,566
12/06/2012,VQQ,FL,ASO,ES,Federal Contract Tower,3,0,9,17,29,0,0,37,30,67,3,0,46,47,96,60,113,173,269
12/07/2012,VQQ,FL,ASO,ES,Federal Contract Tower,3,0,31,7,41,0,0,1,12,13,3,0,32,19,54,0,30,30,84
12/08/2012,VQQ,FL,ASO,ES,Federal Contract Tower,2,2,20,3,27,0,0,2,0,2,2,2,22,3,29,8,0,8,37
12/09/2012,VQQ,FL,ASO,ES,Federal Contract Tower,4,1,6,26,37,0,0,5,1,6,4,1,11,27,43,23,11,34,77
12/10/2012,VQQ,FL,ASO,ES,Federal Contract Tower,1,3,10,14,28,0,0,15,23,38,1,3,25,37,66,54,116,170,236
12/11/2012,VQQ,FL,ASO,ES,Federal Contract Tower,1,0,18,56,75,0,0,21,42,63,1,0,39,98,138,58,136,194,332
12/12/2012,VQQ,FL,ASO,ES,Federal Contract Tower,2,0,12,2,16,0,0,0,3,3,2,0,12,5,19,0,12,12,31
12/13/2012,VQQ,FL,ASO,ES,Federal Contract Tower,1,1,29,56,87,0,0,0,0,0,1,1,29,56,87,0,4,4,91
12/14/2012,VQQ,FL,ASO,ES,Federal Contract Tower,2,0,26,27,55,0,0,9,62,71,2,0,35,89,126,22,62,84,210
12/15/2012,VQQ,FL,ASO,ES,Federal Contract Tower,0,0,13,61,74,0,0,29,37,66,0,0,42,98,140,109,12,121,261
12/16/2012,VQQ,FL,ASO,ES,Federal Contract Tower,1,0,10,37,48,0,0,39,7,46,1,0,49,44,94,102,66,168,262
12/17/2012,VQQ,FL,ASO,ES,Federal Contract Tower,1,2,31,51,85,0,0,28,21,49,1,2,59,72,134,143,252,395,529
12/18/2012,VQQ,FL,ASO,ES,Federal Contract Tower,1,0,15,35,51,0,2,27,28,57,1,2,42,63,108,41,102,143,251
12/19/2012,VQQ,FL,ASO,ES,Federal Contract Tower,0,0,22,11,33,0,0,42,30,72,0,0,64,41,105,113,189,302,407
12/20/2012,VQQ,FL,ASO,ES,Federal Contract Tower,5,2,11,25,43,0,0,24,26,50,5,2,35,51,93,107,96,203,296
12/21/2012,VQQ,FL,ASO,ES,Federal Contract Tower,3,0,17,57,77,0,0,34,22,56,3,0,51,79,133,36,57,93,226
12/22/2012,VQQ,FL,ASO,ES,Federal Contract Tower,1,1,9,0,11,0,0,28,0,28,1,1,37,0,39,97,0,97,136
12/23/2012,VQQ,FL,ASO,ES,Federal Contract Tower,0,1,28,0,29,0,0,9,0,9,0,1,37,0,38,20,0,20,58
12/24/2012,VQQ,FL,ASO,ES,Federal Contract Tower,0,0,3,0,3,0,0,13,0,13,0,0,16,0,16,57,0,57,73
12/25/2012,VQQ,FL,ASO,ES,Federal Contract Tower,0,0,0,0,0,0,0,0,0,0,0,0,0,0,0,0,0,0,0
12/26/2012,VQQ,FL,ASO,ES,Federal Contract Tower,0,0,8,0,8,0,0,28,4,32,0,0,36,4,40,11,7,18,58
12/27/2012,VQQ,FL,ASO,ES,Federal Contract Tower,0,2,7,9,18,0,0,28,6,34,0,2,35,15,52,42,38,80,132
12/28/2012,VQQ,FL,ASO,ES,Federal Contract Tower,0,0,22,5,27,0,0,31,4,35,0,0,53,9,62,105,22,127,189
12/29/2012,VQQ,FL,ASO,ES,Federal Contract Tower,0,1,15,0,16,0,0,2,0,2,0,1,17,0,18,2,0,2,20
12/30/2012,VQQ,FL,ASO,ES,Federal Contract Tower,0,1,14,4,19,0,0,30,0,30,0,1,44,4,49,56,0,56,105
12/31/2012,VQQ,FL,ASO,ES,Federal Contract Tower,0,1,5,0,6,0,0,41,0,41,0,1,46,0,47,145,0,145,192
01/01/2013,VQQ,FL,ASO,ES,Federal Contract Tower,0,0,2,0,2,0,0,11,0,11,0,0,13,0,13,22,0,22,35
01/02/2013,VQQ,FL,ASO,ES,Federal Contract Tower,1,2,14,10,27,0,1,13,14,28,1,3,27,24,55,19,74,93,148
01/03/2013,VQQ,FL,ASO,ES,Federal Contract Tower,0,2,18,1,21,0,0,2,11,13,0,2,20,12,34,4,20,24,58
01/04/2013,VQQ,FL,ASO,ES,Federal Contract Tower,0,1,25,3,29,0,0,0,4,4,0,1,25,7,33,0,50,50,83
01/05/2013,VQQ,FL,ASO,ES,Federal Contract Tower,1,0,20,0,21,0,0,37,2,39,1,0,57,2,60,75,0,75,135
01/06/2013,VQQ,FL,ASO,ES,Federal Contract Tower,0,0,17,5,22,0,0,3,0,3,0,0,20,5,25,14,0,14,39
01/07/2013,VQQ,FL,ASO,ES,Federal Contract Tower,1,2,26,6,35,0,1,23,7,31,1,3,49,13,66,40,120,160,226
01/08/2013,VQQ,FL,ASO,ES,Federal Contract Tower,1,0,23,15,39,0,0,11,29,40,1,0,34,44,79,25,157,182,261
01/09/2013,VQQ,FL,ASO,ES,Federal Contract Tower,0,0,22,19,41,0,0,0,33,33,0,0,22,52,74,21,182,203,277
01/10/2013,VQQ,FL,ASO,ES,Federal Contract Tower,2,1,23,18,44,0,0,8,32,40,2,1,31,50,84,32,438,470,554
01/11/2013,VQQ,FL,ASO,ES,Federal Contract Tower,3,4,2,6,15,0,0,43,42,85,3,4,45,48,100,121,193,314,414
01/12/2013,VQQ,FL,ASO,ES,Federal Contract Tower,2,2,29,5,38,0,1,37,17,55,2,3,66,22,93,86,60,146,239
01/13/2013,VQQ,FL,ASO,ES,Federal Contract Tower,7,0,11,3,21,2,0,23,19,44,9,0,34,22,65,157,60,217,282
01/14/2013,VQQ,FL,ASO,ES,Federal Contract Tower,1,1,8,24,34,0,0,36,17,53,1,1,44,41,87,128,157,285,372
01/15/2013,VQQ,FL,ASO,ES,Federal Contract Tower,1,2,32,11,46,0,0,25,39,64,1,2,57,50,110,68,132,200,310
01/16/2013,VQQ,FL,ASO,ES,Federal Contract Tower,0,2,8,3,13,0,0,29,34,63,0,2,37,37,76,53,261,314,390
01/17/2013,VQQ,FL,ASO,ES,Federal Contract Tower,1,6,18,12,37,0,0,12,19,31,1,6,30,31,68,29,237,266,334
01/18/2013,VQQ,FL,ASO,ES,Federal Contract Tower,0,0,25,13,38,0,0,29,12,41,0,0,54,25,79,26,67,93,172
01/19/2013,VQQ,FL,ASO,ES,Federal Contract Tower,0,0,31,1,32,0,0,33,15,48,0,0,64,16,80,92,35,127,207
01/20/2013,VQQ,FL,ASO,ES,Federal Contract Tower,3,0,29,2,34,0,0,26,0,26,3,0,55,2,60,86,0,86,146
01/21/2013,VQQ,FL,ASO,ES,Federal Contract Tower,1,2,24,1,28,0,0,30,0,30,1,2,54,1,58,40,0,40,98
01/22/2013,VQQ,FL,ASO,ES,Federal Contract Tower,2,0,15,12,29,0,1,23,29,53,2,1,38,41,82,66,279,345,427
01/23/2013,VQQ,FL,ASO,ES,Federal Contract Tower,0,1,50,15,66,0,0,40,42,82,0,1,90,57,148,84,160,244,392
01/24/2013,VQQ,FL,ASO,ES,Federal Contract Tower,0,4,18,8,30,0,1,39,43,83,0,5,57,51,113,82,221,303,416
01/25/2013,VQQ,FL,ASO,ES,Federal Contract Tower,1,1,35,19,56,0,0,31,37,68,1,1,66,56,124,99,214,313,437
01/26/2013,VQQ,FL,ASO,ES,Federal Contract Tower,2,1,14,12,29,0,0,25,8,33,2,1,39,20,62,78,4,82,144
01/27/2013,VQQ,FL,ASO,ES,Federal Contract Tower,1,3,9,14,27,0,0,27,2,29,1,3,36,16,56,104,0,104,160
01/28/2013,VQQ,FL,ASO,ES,Federal Contract Tower,5,1,20,13,39,0,2,28,22,52,5,3,48,35,91,187,148,335,426
01/29/2013,VQQ,FL,ASO,ES,Federal Contract Tower,0,0,30,13,43,0,1,26,46,73,0,1,56,59,116,91,262,353,469
01/30/2013,VQQ,FL,ASO,ES,Federal Contract Tower,2,0,16,10,28,0,0,29,45,74,2,0,45,55,102,53,263,316,418
01/31/2013,VQQ,FL,ASO,ES,Federal Contract Tower,0,2,21,24,47,0,0,41,54,95,0,2,62,78,142,79,207,286,428
02/01/2013,VQQ,FL,ASO,ES,Federal Contract Tower,2,0,14,14,30,0,0,42,24,66,2,0,56,38,96,86,45,131,227
02/02/2013,VQQ,FL,ASO,ES,Federal Contract Tower,1,0,19,5,25,0,0,39,9,48,1,0,58,14,73,166,27,193,266
02/03/2013,VQQ,FL,ASO,ES,Federal Contract Tower,2,0,13,3,18,0,0,28,0,28,2,0,41,3,46,44,0,44,90
02/04/2013,VQQ,FL,ASO,ES,Federal Contract Tower,2,1,22,5,30,0,0,47,22,69,2,1,69,27,99,178,116,294,393
02/05/2013,VQQ,FL,ASO,ES,Federal Contract Tower,8,3,10,1,22,0,0,32,17,49,8,3,42,18,71,121,172,293,364
02/06/2013,VQQ,FL,ASO,ES,Federal Contract Tower,3,2,12,5,22,0,0,28,35,63,3,2,40,40,85,83,133,216,301
02/07/2013,VQQ,FL,ASO,ES,Federal Contract Tower,2,0,3,13,18,0,0,20,45,65,2,0,23,58,83,42,533,575,658
02/08/2013,VQQ,FL,ASO,ES,Federal Contract Tower,2,2,16,15,35,0,0,37,16,53,2,2,53,31,88,116,279,395,483
02/09/2013,VQQ,FL,ASO,ES,Federal Contract Tower,0,0,11,6,17,0,0,33,26,59,0,0,44,32,76,120,118,238,314
02/10/2013,VQQ,FL,ASO,ES,Federal Contract Tower,0,0,11,3,14,0,0,10,4,14,0,0,21,7,28,12,0,12,40
02/11/2013,VQQ,FL,ASO,ES,Federal Contract Tower,1,0,9,22,32,0,0,31,17,48,1,0,40,39,80,60,129,189,269
02/12/2013,VQQ,FL,ASO,ES,Federal Contract Tower,2,0,5,11,18,0,0,19,25,44,2,0,24,36,62,52,210,262,324
02/13/2013,VQQ,FL,ASO,ES,Federal Contract Tower,1,0,6,5,12,4,0,2,17,23,5,0,8,22,35,30,162,192,227
02/14/2013,VQQ,FL,ASO,ES,Federal Contract Tower,0,0,15,23,38,0,0,10,12,22,0,0,25,35,60,54,2,56,116
02/15/2013,VQQ,FL,ASO,ES,Federal Contract Tower,1,0,14,6,21,0,0,48,23,71,1,0,62,29,92,170,0,170,262
02/16/2013,VQQ,FL,ASO,ES,Federal Contract Tower,2,0,20,2,24,0,0,20,0,20,2,0,40,2,44,32,0,32,76
02/17/2013,VQQ,FL,ASO,ES,Federal Contract Tower,9,0,13,4,26,0,0,28,2,30,9,0,41,6,56,68,0,68,124
02/18/2013,VQQ,FL,ASO,ES,Federal Contract Tower,1,0,16,0,17,0,0,27,1,28,1,0,43,1,45,106,0,106,151
02/19/2013,VQQ,FL,ASO,ES,Federal Contract Tower,2,0,18,9,29,0,4,35,44,83,2,4,53,53,112,96,460,556,668
02/20/2013,VQQ,FL,ASO,ES,Federal Contract Tower,9,1,23,35,68,0,1,48,45,94,9,2,71,80,162,196,193,389,551
02/21/2013,VQQ,FL,ASO,ES,Federal Contract Tower,2,0,21,35,58,1,2,32,41,76,3,2,53,76,134,125,162,287,421
02/22/2013,VQQ,FL,ASO,ES,Federal Contract Tower,1,0,7,10,18,0,0,19,37,56,1,0,26,47,74,134,136,270,344
02/23/2013,VQQ,FL,ASO,ES,Federal Contract Tower,0,2,6,1,9,0,0,20,1,21,0,2,26,2,30,62,24,86,116
02/24/2013,VQQ,FL,ASO,ES,Federal Contract Tower,0,2,11,4,17,0,0,12,0,12,0,2,23,4,29,42,0,42,71
02/25/2013,VQQ,FL,ASO,ES,Federal Contract Tower,0,0,0,0,0,0,0,0,3,3,0,0,0,3,3,0,0,0,3
02/26/2013,VQQ,FL,ASO,ES,Federal Contract Tower,1,0,2,3,6,0,0,9,25,34,1,0,11,28,40,70,162,232,272
02/27/2013,VQQ,FL,ASO,ES,Federal Contract Tower,0,2,24,15,41,0,1,31,52,84,0,3,55,67,125,166,308,474,599
02/28/2013,VQQ,FL,ASO,ES,Federal Contract Tower,1,0,13,12,26,0,1,38,28,67,1,1,51,40,93,89,99,188,281
03/01/2013,VQQ,FL,ASO,ES,Federal Contract Tower,0,3,21,12,36,0,0,37,21,58,0,3,58,33,94,135,100,235,329
03/02/2013,VQQ,FL,ASO,ES,Federal Contract Tower,0,0,32,2,34,0,0,19,11,30,0,0,51,13,64,42,40,82,146
03/03/2013,VQQ,FL,ASO,ES,Federal Contract Tower,0,0,5,3,8,0,3,16,27,46,0,3,21,30,54,57,92,149,203
03/04/2013,VQQ,FL,ASO,ES,Federal Contract Tower,2,1,26,11,40,0,0,41,35,76,2,1,67,46,116,91,180,271,387
03/05/2013,VQQ,FL,ASO,ES,Federal Contract Tower,2,1,12,10,25,0,0,47,54,101,2,1,59,64,126,187,322,509,635
03/06/2013,VQQ,FL,ASO,ES,Federal Contract Tower,2,1,18,15,36,0,0,6,52,58,2,1,24,67,94,13,315,328,422
03/07/2013,VQQ,FL,ASO,ES,Federal Contract Tower,2,0,27,14,43,0,1,47,52,100,2,1,74,66,143,185,362,547,690
03/08/2013,VQQ,FL,ASO,ES,Federal Contract Tower,2,0,12,39,53,0,0,37,38,75,2,0,49,77,128,108,118,226,354
03/09/2013,VQQ,FL,ASO,ES,Federal Contract Tower,2,0,12,20,34,0,0,38,3,41,2,0,50,23,75,63,4,67,142
03/10/2013,VQQ,FL,ASO,ES,Federal Contract Tower,0,1,20,48,69,0,0,22,13,35,0,1,42,61,104,64,12,76,180
03/11/2013,VQQ,FL,ASO,ES,Federal Contract Tower,0,0,9,43,52,0,0,31,44,75,0,0,40,87,127,140,171,311,438
03/12/2013,VQQ,FL,ASO,ES,Federal Contract Tower,0,0,11,54,65,0,0,2,47,49,0,0,13,101,114,0,44,44,158
03/13/2013,VQQ,FL,ASO,ES,Federal Contract Tower,0,0,21,42,63,0,2,40,42,84,0,2,61,84,147,122,230,352,499
03/14/2013,VQQ,FL,ASO,ES,Federal Contract Tower,3,0,34,48,85,0,2,51,40,93,3,2,85,88,178,144,164,308,486
03/15/2013,VQQ,FL,ASO,ES,Federal Contract Tower,2,0,18,18,38,0,0,37,41,78,2,0,55,59,116,115,234,349,465
03/16/2013,VQQ,FL,ASO,ES,Federal Contract Tower,0,0,11,6,17,0,0,29,2,31,0,0,40,8,48,63,4,67,115
03/17/2013,VQQ,FL,ASO,ES,Federal Contract Tower,0,0,15,0,15,0,0,30,0,30,0,0,45,0,45,114,0,114,159
03/18/2013,VQQ,FL,ASO,ES,Federal Contract Tower,0,0,13,6,19,0,0,34,29,63,0,0,47,35,82,68,186,254,336
03/19/2013,VQQ,FL,ASO,ES,Federal Contract Tower,1,0,16,4,21,0,0,36,36,72,1,0,52,40,93,80,306,386,479
03/20/2013,VQQ,FL,ASO,ES,Federal Contract Tower,1,1,23,15,40,0,0,21,40,61,1,1,44,55,101,90,293,383,484
03/21/2013,VQQ,FL,ASO,ES,Federal Contract Tower,2,0,34,31,67,0,0,44,37,81,2,0,78,68,148,166,264,430,578
03/22/2013,VQQ,FL,ASO,ES,Federal Contract Tower,2,0,19,6,27,0,0,27,16,43,2,0,46,22,70,82,16,98,168
03/23/2013,VQQ,FL,ASO,ES,Federal Contract Tower,1,0,1,1,3,0,0,3,0,3,1,0,4,1,6,4,0,4,10
03/24/2013,VQQ,FL,ASO,ES,Federal Contract Tower,0,2,0,0,2,0,0,3,0,3,0,2,3,0,5,8,0,8,13
03/25/2013,VQQ,FL,ASO,ES,Federal Contract Tower,3,0,3,11,17,0,0,30,23,53,3,0,33,34,70,47,96,143,213
03/26/2013,VQQ,FL,ASO,ES,Federal Contract Tower,1,0,12,27,40,0,0,38,27,65,1,0,50,54,105,153,128,281,386
03/27/2013,VQQ,FL,ASO,ES,Federal Contract Tower,2,0,26,4,32,0,0,47,34,81,2,0,73,38,113,94,138,232,345
03/28/2013,VQQ,FL,ASO,ES,Federal Contract Tower,2,0,11,22,35,0,0,43,23,66,2,0,54,45,101,141,203,344,445
03/29/2013,VQQ,FL,ASO,ES,Federal Contract Tower,2,0,37,8,47,0,2,44,6,52,2,2,81,14,99,108,2,110,209
03/30/2013,VQQ,FL,ASO,ES,Federal Contract Tower,1,0,14,2,17,0,0,27,0,27,1,0,41,2,44,53,0,53,97
03/31/2013,VQQ,FL,ASO,ES,Federal Contract Tower,1,0,15,1,17,0,0,9,0,9,1,0,24,1,26,22,0,22,48
04/01/2013,VQQ,FL,ASO,ES,Federal Contract Tower,0,2,23,2,27,0,0,17,17,34,0,2,40,19,61,76,177,253,314
04/02/2013,VQQ,FL,ASO,ES,Federal Contract Tower,0,0,15,5,20,0,1,32,16,49,0,1,47,21,69,128,32,160,229
04/03/2013,VQQ,FL,ASO,ES,Federal Contract Tower,0,2,15,3,20,0,0,22,27,49,0,2,37,30,69,74,162,236,305
04/04/2013,VQQ,FL,ASO,ES,Federal Contract Tower,1,0,26,1,28,0,0,0,11,11,1,0,26,12,39,7,90,97,136
04/05/2013,VQQ,FL,ASO,ES,Federal Contract Tower,1,6,15,8,30,0,0,0,6,6,1,6,15,14,36,0,84,84,120
04/06/2013,VQQ,FL,ASO,ES,Federal Contract Tower,1,0,25,4,30,0,0,17,12,29,1,0,42,16,59,43,27,70,129
04/07/2013,VQQ,FL,ASO,ES,Federal Contract Tower,3,1,8,9,21,0,0,27,11,38,3,1,35,20,59,64,32,96,155
04/08/2013,VQQ,FL,ASO,ES,Federal Contract Tower,3,2,16,18,39,0,1,45,24,70,3,3,61,42,109,125,140,265,374
04/09/2013,VQQ,FL,ASO,ES,Federal Contract Tower,3,0,23,2,28,0,0,54,35,89,3,0,77,37,117,143,325,468,585
04/10/2013,VQQ,FL,ASO,ES,Federal Contract Tower,3,0,15,25,43,0,2,19,52,73,3,2,34,77,116,42,254,296,412
04/11/2013,VQQ,FL,ASO,ES,Federal Contract Tower,2,0,11,5,18,0,0,15,58,73,2,0,26,63,91,92,180,272,363
04/12/2013,VQQ,FL,ASO,ES,Federal Contract Tower,3,2,17,12,34,0,0,9,25,34,3,2,26,37,68,24,125,149,217
04/13/2013,VQQ,FL,ASO,ES,Federal Contract Tower,0,0,20,3,23,0,0,27,7,34,0,0,47,10,57,69,15,84,141
04/14/2013,VQQ,FL,ASO,ES,Federal Contract Tower,3,0,8,0,11,0,0,12,3,15,3,0,20,3,26,13,47,60,86
04/15/2013,VQQ,FL,ASO,ES,Federal Contract Tower,9,0,22,8,39,0,0,33,22,55,9,0,55,30,94,140,94,234,328
04/16/2013,VQQ,FL,ASO,ES,Federal Contract Tower,3,0,24,5,32,0,0,38,58,96,3,0,62,63,128,108,347,455,583
04/17/2013,VQQ,FL,ASO,ES,Federal Contract Tower,0,0,23,4,27,0,2,28,37,67,0,2,51,41,94,92,223,315,409
04/18/2013,VQQ,FL,ASO,ES,Federal Contract Tower,0,0,34,8,42,0,0,45,52,97,0,0,79,60,139,141,262,403,542
04/19/2013,VQQ,FL,ASO,ES,Federal Contract Tower,0,0,7,14,21,0,0,11,18,29,0,0,18,32,50,40,52,92,142
04/20/2013,VQQ,FL,ASO,ES,Federal Contract Tower,0,0,18,0,18,0,0,3,0,3,0,0,21,0,21,16,0,16,37
04/21/2013,VQQ,FL,ASO,ES,Federal Contract Tower,0,2,17,1,20,0,0,14,0,14,0,2,31,1,34,14,0,14,48
04/22/2013,VQQ,FL,ASO,ES,Federal Contract Tower,1,0,5,55,61,0,0,0,23,23,1,0,5,78,84,0,98,98,182
04/23/2013,VQQ,FL,ASO,ES,Federal Contract Tower,1,1,15,36,53,0,0,34,35,69,1,1,49,71,122,158,469,627,749
04/24/2013,VQQ,FL,ASO,ES,Federal Contract Tower,0,2,28,55,85,0,0,52,99,151,0,2,80,154,236,104,253,357,593
04/25/2013,VQQ,FL,ASO,ES,Federal Contract Tower,17,0,17,67,101,0,1,37,105,143,17,1,54,172,244,104,256,360,604
04/26/2013,VQQ,FL,ASO,ES,Federal Contract Tower,2,0,17,87,106,0,0,20,13,33,2,0,37,100,139,36,76,112,251
04/27/2013,VQQ,FL,ASO,ES,Federal Contract Tower,2,0,33,56,91,0,0,48,2,50,2,0,81,58,141,80,14,94,235
04/28/2013,VQQ,FL,ASO,ES,Federal Contract Tower,3,5,14,9,31,0,0,12,1,13,3,5,26,10,44,0,0,0,44
04/29/2013,VQQ,FL,ASO,ES,Federal Contract Tower,2,0,18,43,63,0,0,12,12,24,2,0,30,55,87,3,107,110,197
04/30/2013,VQQ,FL,ASO,ES,Federal Contract Tower,0,0,7,10,17,0,0,20,30,50,0,0,27,40,67,41,320,361,428
05/01/2013,VQQ,FL,ASO,ES,Federal Contract Tower,2,2,11,12,27,0,0,5,29,34,2,2,16,41,61,36,161,197,258
05/02/2013,VQQ,FL,ASO,ES,Federal Contract Tower,2,2,13,2,19,0,0,0,0,0,2,2,13,2,19,0,0,0,19
05/03/2013,VQQ,FL,ASO,ES,Federal Contract Tower,1,0,1,0,2,0,0,0,1,1,1,0,1,1,3,0,30,30,33
05/04/2013,VQQ,FL,ASO,ES,Federal Contract Tower,1,0,3,0,4,0,0,4,0,4,1,0,7,0,8,0,0,0,8
05/05/2013,VQQ,FL,ASO,ES,Federal Contract Tower,0,0,12,22,34,0,1,15,5,21,0,1,27,27,55,22,10,32,87
05/06/2013,VQQ,FL,ASO,ES,Federal Contract Tower,0,0,12,6,18,0,0,43,25,68,0,0,55,31,86,123,235,358,444
05/07/2013,VQQ,FL,ASO,ES,Federal Contract Tower,2,2,14,14,32,0,0,36,32,68,2,2,50,46,100,119,368,487,587
05/08/2013,VQQ,FL,ASO,ES,Federal Contract Tower,2,0,17,10,29,0,0,46,33,79,2,0,63,43,108,124,253,377,485
05/09/2013,VQQ,FL,ASO,ES,Federal Contract Tower,3,0,6,8,17,0,0,39,40,79,3,0,45,48,96,91,213,304,400
05/10/2013,VQQ,FL,ASO,ES,Federal Contract Tower,0,0,5,5,10,0,0,34,18,52,0,0,39,23,62,96,104,200,262
05/11/2013,VQQ,FL,ASO,ES,Federal Contract Tower,1,0,1,6,8,0,0,7,0,7,1,0,8,6,15,6,0,6,21
05/12/2013,VQQ,FL,ASO,ES,Federal Contract Tower,0,2,5,7,14,0,0,3,0,3,0,2,8,7,17,2,0,2,19
05/13/2013,VQQ,FL,ASO,ES,Federal Contract Tower,2,0,6,8,16,0,0,41,28,69,2,0,47,36,85,117,215,332,417
05/14/2013,VQQ,FL,ASO,ES,Federal Contract Tower,1,0,11,9,21,0,0,31,27,58,1,0,42,36,79,78,146,224,303
05/15/2013,VQQ,FL,ASO,ES,Federal Contract Tower,2,0,8,12,22,0,0,34,32,66,2,0,42,44,88,66,186,252,340
05/16/2013,VQQ,FL,ASO,ES,Federal Contract Tower,1,0,14,10,25,0,0,37,47,84,1,0,51,57,109,42,251,293,402
05/17/2013,VQQ,FL,ASO,ES,Federal Contract Tower,0,0,8,8,16,0,0,42,20,62,0,0,50,28,78,64,64,128,206
05/18/2013,VQQ,FL,ASO,ES,Federal Contract Tower,0,0,6,1,7,0,0,18,1,19,0,0,24,2,26,18,18,36,62
05/19/2013,VQQ,FL,ASO,ES,Federal Contract Tower,0,0,7,12,19,0,0,8,2,10,0,0,15,14,29,8,0,8,37
05/20/2013,VQQ,FL,ASO,ES,Federal Contract Tower,3,0,11,11,25,0,0,13,13,26,3,0,24,24,51,68,82,150,201
05/21/2013,VQQ,FL,ASO,ES,Federal Contract Tower,0,0,7,10,17,0,0,14,28,42,0,0,21,38,59,13,260,273,332
05/22/2013,VQQ,FL,ASO,ES,Federal Contract Tower,5,0,13,15,33,0,1,21,31,53,5,1,34,46,86,24,243,267,353
05/23/2013,VQQ,FL,ASO,ES,Federal Contract Tower,5,0,12,19,36,0,0,27,31,58,5,0,39,50,94,78,170,248,342
05/24/2013,VQQ,FL,ASO,ES,Federal Contract Tower,4,0,12,3,19,0,0,30,7,37,4,0,42,10,56,56,0,56,112
05/25/2013,VQQ,FL,ASO,ES,Federal Contract Tower,1,0,3,2,6,0,0,28,0,28,1,0,31,2,34,87,0,87,121
05/26/2013,VQQ,FL,ASO,ES,Federal Contract Tower,4,0,3,2,9,0,0,15,0,15,4,0,18,2,24,25,0,25,49
05/27/2013,VQQ,FL,ASO,ES,Federal Contract Tower,0,0,27,0,27,0,0,18,0,18,0,0,45,0,45,64,0,64,109
05/28/2013,VQQ,FL,ASO,ES,Federal Contract Tower,0,0,12,8,20,0,0,39,24,63,0,0,51,32,83,50,133,183,266
05/29/2013,VQQ,FL,ASO,ES,Federal Contract Tower,0,0,14,29,43,0,0,35,32,67,0,0,49,61,110,50,235,285,395
05/30/2013,VQQ,FL,ASO,ES,Federal Contract Tower,2,0,21,22,45,0,0,23,40,63,2,0,44,62,108,56,308,364,472
05/31/2013,VQQ,FL,ASO,ES,Federal Contract Tower,3,0,20,19,42,0,0,28,36,64,3,0,48,55,106,81,51,132,238
06/01/2013,VQQ,FL,ASO,ES,Federal Contract Tower,5,2,20,18,45,0,2,21,11,34,5,4,41,29,79,48,8,56,135
06/02/2013,VQQ,FL,ASO,ES,Federal Contract Tower,1,0,6,6,13,0,0,8,10,18,1,0,14,16,31,8,48,56,87
06/03/2013,VQQ,FL,ASO,ES,Federal Contract Tower,3,0,6,2,11,0,0,21,14,35,3,0,27,16,46,39,41,80,126
06/04/2013,VQQ,FL,ASO,ES,Federal Contract Tower,3,5,5,9,22,0,0,1,34,35,3,5,6,43,57,20,150,170,227
06/05/2013,VQQ,FL,ASO,ES,Federal Contract Tower,0,2,22,10,34,0,0,17,20,37,0,2,39,30,71,80,90,170,241
06/06/2013,VQQ,FL,ASO,ES,Federal Contract Tower,0,0,2,2,4,0,0,0,0,0,0,0,2,2,4,0,0,0,4
06/07/2013,VQQ,FL,ASO,ES,Federal Contract Tower,2,0,6,46,54,0,0,34,18,52,2,0,40,64,106,40,68,108,214
06/08/2013,VQQ,FL,ASO,ES,Federal Contract Tower,1,0,8,52,61,0,0,24,25,49,1,0,32,77,110,11,46,57,167
06/09/2013,VQQ,FL,ASO,ES,Federal Contract Tower,2,1,2,52,57,0,0,23,19,42,2,1,25,71,99,73,24,97,196
06/10/2013,VQQ,FL,ASO,ES,Federal Contract Tower,1,0,11,63,75,0,0,20,21,41,1,0,31,84,116,48,73,121,237
06/11/2013,VQQ,FL,ASO,ES,Federal Contract Tower,2,0,12,52,66,0,0,42,42,84,2,0,54,94,150,120,148,268,418
06/12/2013,VQQ,FL,ASO,ES,Federal Contract Tower,13,0,8,30,51,4,0,36,35,75,17,0,44,65,126,94,109,203,329
06/13/2013,VQQ,FL,ASO,ES,Federal Contract Tower,6,0,37,19,62,0,0,38,36,74,6,0,75,55,136,86,297,383,519
06/14/2013,VQQ,FL,ASO,ES,Federal Contract Tower,4,2,34,5,45,0,0,13,8,21,4,2,47,13,66,16,8,24,90
06/15/2013,VQQ,FL,ASO,ES,Federal Contract Tower,4,0,24,21,49,0,0,20,0,20,4,0,44,21,69,50,4,54,123
06/16/2013,VQQ,FL,ASO,ES,Federal Contract Tower,3,0,10,8,21,0,0,24,1,25,3,0,34,9,46,94,60,154,200
06/17/2013,VQQ,FL,ASO,ES,Federal Contract Tower,3,0,20,16,39,0,0,27,13,40,3,0,47,29,79,56,93,149,228
06/18/2013,VQQ,FL,ASO,ES,Federal Contract Tower,11,0,17,20,48,0,0,24,33,57,11,0,41,53,105,30,246,276,381
06/19/2013,VQQ,FL,ASO,ES,Federal Contract Tower,6,0,7,14,27,0,0,28,29,57,6,0,35,43,84,83,290,373,457
06/20/2013,VQQ,FL,ASO,ES,Federal Contract Tower,0,0,17,16,33,0,1,21,38,60,0,1,38,54,93,20,340,360,453
06/21/2013,VQQ,FL,ASO,ES,Federal Contract Tower,4,0,10,32,46,0,0,26,13,39,4,0,36,45,85,94,168,262,347
06/22/2013,VQQ,FL,ASO,ES,Federal Contract Tower,0,0,23,0,23,0,0,15,0,15,0,0,38,0,38,57,0,57,95
06/23/2013,VQQ,FL,ASO,ES,Federal Contract Tower,0,0,12,2,14,0,0,14,0,14,0,0,26,2,28,20,0,20,48
06/24/2013,VQQ,FL,ASO,ES,Federal Contract Tower,0,0,13,6,19,0,0,23,11,34,0,0,36,17,53,74,61,135,188
06/25/2013,VQQ,FL,ASO,ES,Federal Contract Tower,0,0,14,13,27,0,0,17,27,44,0,0,31,40,71,23,255,278,349
06/26/2013,VQQ,FL,ASO,ES,Federal Contract Tower,0,0,18,11,29,0,0,21,39,60,0,0,39,50,89,24,210,234,323
06/27/2013,VQQ,FL,ASO,ES,Federal Contract Tower,6,1,19,20,46,0,1,25,49,75,6,2,44,69,121,64,241,305,426
06/28/2013,VQQ,FL,ASO,ES,Federal Contract Tower,2,0,13,13,28,0,0,23,10,33,2,0,36,23,61,66,37,103,164
06/29/2013,VQQ,FL,ASO,ES,Federal Contract Tower,9,0,15,0,24,0,0,19,2,21,9,0,34,2,45,44,0,44,89
06/30/2013,VQQ,FL,ASO,ES,Federal Contract Tower,0,2,17,0,19,0,0,13,2,15,0,2,30,2,34,60,0,60,94
07/01/2013,VQQ,FL,ASO,ES,Federal Contract Tower,3,0,4,15,22,0,0,4,17,21,3,0,8,32,43,22,159,181,224
07/02/2013,VQQ,FL,ASO,ES,Federal Contract Tower,1,0,18,22,41,0,0,7,9,16,1,0,25,31,57,21,102,123,180
07/03/2013,VQQ,FL,ASO,ES,Federal Contract Tower,0,0,19,5,24,0,1,13,15,29,0,1,32,20,53,15,79,94,147
07/04/2013,VQQ,FL,ASO,ES,Federal Contract Tower,0,0,14,2,16,0,0,8,3,11,0,0,22,5,27,32,12,44,71
07/05/2013,VQQ,FL,ASO,ES,Federal Contract Tower,0,0,16,8,24,0,0,10,2,12,0,0,26,10,36,52,22,74,110
07/06/2013,VQQ,FL,ASO,ES,Federal Contract Tower,2,1,32,0,35,0,0,19,0,19,2,1,51,0,54,70,0,70,124
07/07/2013,VQQ,FL,ASO,ES,Federal Contract Tower,0,0,6,3,9,0,0,16,0,16,0,0,22,3,25,51,0,51,76
07/08/2013,VQQ,FL,ASO,ES,Federal Contract Tower,0,0,7,6,13,0,1,28,12,41,0,1,35,18,54,84,111,195,249
07/09/2013,VQQ,FL,ASO,ES,Federal Contract Tower,1,0,16,4,21,0,0,36,24,60,1,0,52,28,81,44,183,227,308
07/10/2013,VQQ,FL,ASO,ES,Federal Contract Tower,0,0,12,17,29,0,0,55,47,102,0,0,67,64,131,86,384,470,601
07/11/2013,VQQ,FL,ASO,ES,Federal Contract Tower,1,0,10,44,55,0,2,24,29,55,1,2,34,73,110,78,267,345,455
07/12/2013,VQQ,FL,ASO,ES,Federal Contract Tower,2,0,6,12,20,0,0,10,27,37,2,0,16,39,57,34,138,172,229
07/13/2013,VQQ,FL,ASO,ES,Federal Contract Tower,2,0,10,0,12,0,0,5,5,10,2,0,15,5,22,14,0,14,36
07/14/2013,VQQ,FL,ASO,ES,Federal Contract Tower,0,0,6,6,12,0,0,10,19,29,0,0,16,25,41,50,56,106,147
07/15/2013,VQQ,FL,ASO,ES,Federal Contract Tower,4,0,6,3,13,0,0,15,24,39,4,0,21,27,52,53,192,245,297
07/16/2013,VQQ,FL,ASO,ES,Federal Contract Tower,2,0,16,29,47,12,0,25,36,73,14,0,41,65,120,86,178,264,384
07/17/2013,VQQ,FL,ASO,ES,Federal Contract Tower,6,0,17,17,40,0,1,29,37,67,6,1,46,54,107,14,155,169,276
07/18/2013,VQQ,FL,ASO,ES,Federal Contract Tower,7,0,36,16,59,4,0,26,40,70,11,0,62,56,129,38,434,472,601
07/19/2013,VQQ,FL,ASO,ES,Federal Contract Tower,4,1,26,11,42,0,1,19,27,47,4,2,45,38,89,64,173,237,326
07/20/2013,VQQ,FL,ASO,ES,Federal Contract Tower,0,0,20,11,31,0,0,23,1,24,0,0,43,12,55,42,0,42,97
07/21/2013,VQQ,FL,ASO,ES,Federal Contract Tower,1,0,16,7,24,0,0,15,3,18,1,0,31,10,42,38,0,38,80
07/22/2013,VQQ,FL,ASO,ES,Federal Contract Tower,0,2,4,18,24,0,0,8,31,39,0,2,12,49,63,10,267,277,340
07/23/2013,VQQ,FL,ASO,ES,Federal Contract Tower,0,0,7,8,15,0,0,8,22,30,0,0,15,30,45,36,220,256,301
07/24/2013,VQQ,FL,ASO,ES,Federal Contract Tower,0,0,18,12,30,0,0,8,24,32,0,0,26,36,62,12,112,124,186
07/25/2013,VQQ,FL,ASO,ES,Federal Contract Tower,2,1,10,13,26,0,0,15,32,47,2,1,25,45,73,34,187,221,294
07/26/2013,VQQ,FL,ASO,ES,Federal Contract Tower,2,2,19,18,41,0,2,28,16,46,2,4,47,34,87,98,64,162,249
07/27/2013,VQQ,FL,ASO,ES,Federal Contract Tower,3,0,14,4,21,0,0,26,4,30,3,0,40,8,51,48,7,55,106
07/28/2013,VQQ,FL,ASO,ES,Federal Contract Tower,2,1,10,0,13,4,0,10,0,14,6,1,20,0,27,2,0,2,29
07/29/2013,VQQ,FL,ASO,ES,Federal Contract Tower,1,3,11,8,23,0,0,17,36,53,1,3,28,44,76,52,387,439,515
07/30/2013,VQQ,FL,ASO,ES,Federal Contract Tower,3,0,10,10,23,0,0,13,32,45,3,0,23,42,68,31,283,314,382
07/31/2013,VQQ,FL,ASO,ES,Federal Contract Tower,1,0,26,8,35,0,2,13,24,39,1,2,39,32,74,30,168,198,272
08/01/2013,VQQ,FL,ASO,ES,Federal Contract Tower,0,2,5,2,9,0,0,30,40,70,0,2,35,42,79,33,147,180,259
08/02/2013,VQQ,FL,ASO,ES,Federal Contract Tower,1,0,14,15,30,0,0,22,22,44,1,0,36,37,74,37,126,163,237
08/03/2013,VQQ,FL,ASO,ES,Federal Contract Tower,0,0,14,10,24,0,0,37,0,37,0,0,51,10,61,82,0,82,143
08/04/2013,VQQ,FL,ASO,ES,Federal Contract Tower,0,2,10,7,19,0,0,3,0,3,0,2,13,7,22,6,0,6,28
08/05/2013,VQQ,FL,ASO,ES,Federal Contract Tower,0,0,19,0,19,0,0,17,12,29,0,0,36,12,48,28,133,161,209
08/06/2013,VQQ,FL,ASO,ES,Federal Contract Tower,4,0,12,27,43,4,0,9,26,39,8,0,21,53,82,9,363,372,454
08/07/2013,VQQ,FL,ASO,ES,Federal Contract Tower,5,1,13,41,60,0,2,10,34,46,5,3,23,75,106,52,256,308,414
08/08/2013,VQQ,FL,ASO,ES,Federal Contract Tower,3,0,12,15,30,0,0,25,26,51,3,0,37,41,81,56,205,261,342
08/09/2013,VQQ,FL,ASO,ES,Federal Contract Tower,6,0,12,17,35,0,0,23,24,47,6,0,35,41,82,39,183,222,304
08/10/2013,VQQ,FL,ASO,ES,Federal Contract Tower,1,0,22,4,27,0,0,25,10,35,1,0,47,14,62,52,62,114,176
08/11/2013,VQQ,FL,ASO,ES,Federal Contract Tower,0,0,25,0,25,0,0,29,12,41,0,0,54,12,66,38,22,60,126
08/12/2013,VQQ,FL,ASO,ES,Federal Contract Tower,0,0,17,26,43,0,1,27,22,50,0,1,44,48,93,14,198,212,305
08/13/2013,VQQ,FL,ASO,ES,Federal Contract Tower,0,0,14,19,33,0,2,29,18,49,0,2,43,37,82,104,158,262,344
08/14/2013,VQQ,FL,ASO,ES,Federal Contract Tower,1,0,22,4,27,0,0,27,55,82,1,0,49,59,109,58,200,258,367
08/15/2013,VQQ,FL,ASO,ES,Federal Contract Tower,1,0,28,14,43,0,0,46,37,83,1,0,74,51,126,116,151,267,393
08/16/2013,VQQ,FL,ASO,ES,Federal Contract Tower,1,0,20,3,24,0,0,19,7,26,1,0,39,10,50,34,34,68,118
08/17/2013,VQQ,FL,ASO,ES,Federal Contract Tower,1,0,16,0,17,0,0,16,0,16,1,0,32,0,33,44,0,44,77
08/18/2013,VQQ,FL,ASO,ES,Federal Contract Tower,15,0,9,5,29,0,0,10,0,10,15,0,19,5,39,28,0,28,67
08/19/2013,VQQ,FL,ASO,ES,Federal Contract Tower,5,0,9,15,29,0,0,46,30,76,5,0,55,45,105,56,405,461,566
08/20/2013,VQQ,FL,ASO,ES,Federal Contract Tower,4,0,16,14,34,0,0,30,43,73,4,0,46,57,107,53,314,367,474
08/21/2013,VQQ,FL,ASO,ES,Federal Contract Tower,2,0,13,25,40,0,0,29,36,65,2,0,42,61,105,74,412,486,591
08/22/2013,VQQ,FL,ASO,ES,Federal Contract Tower,1,0,10,3,14,0,0,10,22,32,1,0,20,25,46,18,122,140,186
08/23/2013,VQQ,FL,ASO,ES,Federal Contract Tower,0,1,25,16,42,0,0,8,29,37,0,1,33,45,79,48,169,217,296
08/24/2013,VQQ,FL,ASO,ES,Federal Contract Tower,0,0,12,1,13,0,0,14,0,14,0,0,26,1,27,37,0,37,64
08/25/2013,VQQ,FL,ASO,ES,Federal Contract Tower,8,1,4,1,14,0,0,10,0,10,8,1,14,1,24,29,0,29,53
08/26/2013,VQQ,FL,ASO,ES,Federal Contract Tower,5,0,12,12,29,0,0,24,27,51,5,0,36,39,80,96,210,306,386
08/27/2013,VQQ,FL,ASO,ES,Federal Contract Tower,1,0,23,24,48,0,0,22,35,57,1,0,45,59,105,96,278,374,479
08/28/2013,VQQ,FL,ASO,ES,Federal Contract Tower,6,0,16,24,46,0,0,33,44,77,6,0,49,68,123,42,415,457,580
08/29/2013,VQQ,FL,ASO,ES,Federal Contract Tower,2,2,20,24,48,0,0,24,31,55,2,2,44,55,103,30,125,155,258
08/30/2013,VQQ,FL,ASO,ES,Federal Contract Tower,1,0,13,1,15,0,0,24,18,42,1,0,37,19,57,76,164,240,297
08/31/2013,VQQ,FL,ASO,ES,Federal Contract Tower,3,0,17,0,20,0,0,16,0,16,3,0,33,0,36,75,0,75,111
09/01/2013,VQQ,FL,ASO,ES,Federal Contract Tower,0,0,11,0,11,0,0,14,0,14,0,0,25,0,25,20,0,20,45
09/02/2013,VQQ,FL,ASO,ES,Federal Contract Tower,0,0,10,0,10,0,0,28,1,29,0,0,38,1,39,62,0,62,101
09/03/2013,VQQ,FL,ASO,ES,Federal Contract Tower,0,0,19,56,75,0,1,36,37,74,0,1,55,93,149,65,282,347,496
09/04/2013,VQQ,FL,ASO,ES,Federal Contract Tower,0,0,8,18,26,0,0,32,26,58,0,0,40,44,84,88,254,342,426
09/05/2013,VQQ,FL,ASO,ES,Federal Contract Tower,0,0,17,25,42,0,1,28,29,58,0,1,45,54,100,64,114,178,278
09/06/2013,VQQ,FL,ASO,ES,Federal Contract Tower,4,2,7,7,20,0,0,17,16,33,4,2,24,23,53,19,138,157,210
09/07/2013,VQQ,FL,ASO,ES,Federal Contract Tower,0,2,22,16,40,0,0,23,24,47,0,2,45,40,87,69,194,263,350
09/08/2013,VQQ,FL,ASO,ES,Federal Contract Tower,1,3,13,4,21,0,0,29,9,38,1,3,42,13,59,2,42,44,103
09/09/2013,VQQ,FL,ASO,ES,Federal Contract Tower,2,2,7,10,21,0,0,33,33,66,2,2,40,43,87,56,239,295,382
09/10/2013,VQQ,FL,ASO,ES,Federal Contract Tower,2,0,25,20,47,1,0,37,18,56,3,0,62,38,103,96,213,309,412
09/11/2013,VQQ,FL,ASO,ES,Federal Contract Tower,0,0,25,17,42,0,0,31,29,60,0,0,56,46,102,88,54,142,244
09/12/2013,VQQ,FL,ASO,ES,Federal Contract Tower,4,0,16,27,47,0,2,37,34,73,4,2,53,61,120,79,259,338,458
09/13/2013,VQQ,FL,ASO,ES,Federal Contract Tower,7,0,13,22,42,0,0,37,15,52,7,0,50,37,94,26,92,118,212
09/14/2013,VQQ,FL,ASO,ES,Federal Contract Tower,1,0,3,0,4,0,0,38,12,50,1,0,41,12,54,108,8,116,170
09/15/2013,VQQ,FL,ASO,ES,Federal Contract Tower,0,0,10,3,13,0,0,18,9,27,0,0,28,12,40,23,12,35,75
09/16/2013,VQQ,FL,ASO,ES,Federal Contract Tower,1,6,20,33,60,0,0,20,32,52,1,6,40,65,112,26,190,216,328
09/17/2013,VQQ,FL,ASO,ES,Federal Contract Tower,1,0,10,18,29,0,0,45,23,68,1,0,55,41,97,171,318,489,586
09/18/2013,VQQ,FL,ASO,ES,Federal Contract Tower,3,0,11,6,20,0,0,11,17,28,3,0,22,23,48,41,70,111,159
09/19/2013,VQQ,FL,ASO,ES,Federal Contract Tower,0,0,35,29,64,0,0,32,34,66,0,0,67,63,130,88,115,203,333
09/20/2013,VQQ,FL,ASO,ES,Federal Contract Tower,0,1,14,7,22,0,0,57,17,74,0,1,71,24,96,139,88,227,323
09/21/2013,VQQ,FL,ASO,ES,Federal Contract Tower,4,0,8,12,24,0,0,36,2,38,4,0,44,14,62,94,14,108,170
09/22/2013,VQQ,FL,ASO,ES,Federal Contract Tower,0,0,14,6,20,0,0,4,0,4,0,0,18,6,24,20,0,20,44
09/23/2013,VQQ,FL,ASO,ES,Federal Contract Tower,11,0,21,15,47,0,0,10,21,31,11,0,31,36,78,29,100,129,207
09/24/2013,VQQ,FL,ASO,ES,Federal Contract Tower,1,0,3,6,10,0,0,2,26,28,1,0,5,32,38,8,104,112,150
09/25/2013,VQQ,FL,ASO,ES,Federal Contract Tower,0,0,17,7,24,0,0,12,32,44,0,0,29,39,68,82,46,128,196
09/26/2013,VQQ,FL,ASO,ES,Federal Contract Tower,4,1,24,18,47,0,0,2,16,18,4,1,26,34,65,23,73,96,161
09/27/2013,VQQ,FL,ASO,ES,Federal Contract Tower,3,3,35,7,48,1,1,36,19,57,4,4,71,26,105,88,134,222,327
09/28/2013,VQQ,FL,ASO,ES,Federal Contract Tower,0,0,20,8,28,0,0,31,0,31,0,0,51,8,59,54,0,54,113
09/29/2013,VQQ,FL,ASO,ES,Federal Contract Tower,1,0,20,0,21,0,0,21,0,21,1,0,41,0,42,34,0,34,76
09/30/2013,VQQ,FL,ASO,ES,Federal Contract Tower,10,0,13,1,24,0,0,46,23,69,10,0,59,24,93,88,179,267,360
10/01/2013,VQQ,FL,ASO,ES,Federal Contract Tower,0,0,9,2,11,0,0,47,47,94,0,0,56,49,105,162,232,394,499
10/02/2013,VQQ,FL,ASO,ES,Federal Contract Tower,6,0,22,23,51,0,0,58,32,90,6,0,80,55,141,189,249,438,579
10/03/2013,VQQ,FL,ASO,ES,Federal Contract Tower,4,6,14,5,29,0,0,29,11,40,4,6,43,16,69,58,196,254,323
10/04/2013,VQQ,FL,ASO,ES,Federal Contract Tower,4,0,25,6,35,0,1,35,12,48,4,1,60,18,83,45,0,45,128
10/05/2013,VQQ,FL,ASO,ES,Federal Contract Tower,0,2,5,0,7,0,0,31,0,31,0,2,36,0,38,78,0,78,116
10/06/2013,VQQ,FL,ASO,ES,Federal Contract Tower,0,0,10,0,10,0,0,34,0,34,0,0,44,0,44,82,0,82,126
10/07/2013,VQQ,FL,ASO,ES,Federal Contract Tower,0,0,20,20,40,0,0,26,33,59,0,0,46,53,99,111,180,291,390
10/08/2013,VQQ,FL,ASO,ES,Federal Contract Tower,1,0,25,35,61,0,0,4,8,12,1,0,29,43,73,29,97,126,199
10/09/2013,VQQ,FL,ASO,ES,Federal Contract Tower,12,0,33,11,56,0,0,10,6,16,12,0,43,17,72,37,0,37,109
10/10/2013,VQQ,FL,ASO,ES,Federal Contract Tower,3,0,19,39,61,0,0,39,24,63,3,0,58,63,124,78,158,236,360
10/11/2013,VQQ,FL,ASO,ES,Federal Contract Tower,0,0,19,8,27,0,0,42,11,53,0,0,61,19,80,68,16,84,164
10/12/2013,VQQ,FL,ASO,ES,Federal Contract Tower,0,0,5,1,6,0,0,20,0,20,0,0,25,1,26,50,0,50,76
10/13/2013,VQQ,FL,ASO,ES,Federal Contract Tower,0,0,19,0,19,0,0,12,0,12,0,0,31,0,31,18,0,18,49
10/14/2013,VQQ,FL,ASO,ES,Federal Contract Tower,0,0,39,0,39,0,0,18,0,18,0,0,57,0,57,78,0,78,135
10/15/2013,VQQ,FL,ASO,ES,Federal Contract Tower,0,1,19,11,31,0,0,0,7,7,0,1,19,18,38,0,98,98,136
10/16/2013,VQQ,FL,ASO,ES,Federal Contract Tower,0,0,28,19,47,0,0,45,25,70,0,0,73,44,117,100,204,304,421
10/17/2013,VQQ,FL,ASO,ES,Federal Contract Tower,0,0,24,10,34,0,0,36,51,87,0,0,60,61,121,113,354,467,588
10/18/2013,VQQ,FL,ASO,ES,Federal Contract Tower,1,0,20,48,69,0,0,28,26,54,1,0,48,74,123,58,176,234,357
10/19/2013,VQQ,FL,ASO,ES,Federal Contract Tower,3,1,14,11,29,0,0,22,0,22,3,1,36,11,51,52,0,52,103
10/20/2013,VQQ,FL,ASO,ES,Federal Contract Tower,2,4,9,1,16,0,0,10,0,10,2,4,19,1,26,53,0,53,79
10/21/2013,VQQ,FL,ASO,ES,Federal Contract Tower,7,3,17,15,42,0,0,31,30,61,7,3,48,45,103,86,145,231,334
10/22/2013,VQQ,FL,ASO,ES,Federal Contract Tower,6,4,2,31,43,0,0,0,6,6,6,4,2,37,49,0,60,60,109
10/23/2013,VQQ,FL,ASO,ES,Federal Contract Tower,3,0,25,28,56,0,0,24,62,86,3,0,49,90,142,96,304,400,542
10/24/2013,VQQ,FL,ASO,ES,Federal Contract Tower,4,0,28,14,46,2,0,30,46,78,6,0,58,60,124,121,338,459,583
10/25/2013,VQQ,FL,ASO,ES,Federal Contract Tower,4,0,10,22,36,0,0,36,31,67,4,0,46,53,103,125,68,193,296
10/26/2013,VQQ,FL,ASO,ES,Federal Contract Tower,0,0,16,0,16,0,0,30,0,30,0,0,46,0,46,87,0,87,133
10/27/2013,VQQ,FL,ASO,ES,Federal Contract Tower,1,0,6,10,17,0,0,34,0,34,1,0,40,10,51,58,0,58,109
10/28/2013,VQQ,FL,ASO,ES,Federal Contract Tower,4,0,8,16,28,0,0,47,37,84,4,0,55,53,112,112,220,332,444
10/29/2013,VQQ,FL,ASO,ES,Federal Contract Tower,0,0,19,49,68,0,0,40,41,81,0,0,59,90,149,99,291,390,539
10/30/2013,VQQ,FL,ASO,ES,Federal Contract Tower,0,4,23,79,106,0,0,36,55,91,0,4,59,134,197,133,322,455,652
10/31/2013,VQQ,FL,ASO,ES,Federal Contract Tower,1,0,18,59,78,0,0,45,38,83,1,0,63,97,161,116,180,296,457
11/01/2013,VQQ,FL,ASO,ES,Federal Contract Tower,6,1,16,61,84,0,1,26,13,40,6,2,42,74,124,113,44,157,281
11/02/2013,VQQ,FL,ASO,ES,Federal Contract Tower,3,3,16,3,25,0,0,19,4,23,3,3,35,7,48,44,36,80,128
11/03/2013,VQQ,FL,ASO,ES,Federal Contract Tower,0,0,10,9,19,0,0,45,28,73,0,0,55,37,92,71,4,75,167
11/04/2013,VQQ,FL,ASO,ES,Federal Contract Tower,5,3,14,21,43,0,0,26,16,42,5,3,40,37,85,52,82,134,219
11/05/2013,VQQ,FL,ASO,ES,Federal Contract Tower,5,1,15,13,34,0,0,0,12,12,5,1,15,25,46,0,4,4,50
11/06/2013,VQQ,FL,ASO,ES,Federal Contract Tower,1,2,22,25,50,0,0,11,26,37,1,2,33,51,87,38,152,190,277
11/07/2013,VQQ,FL,ASO,ES,Federal Contract Tower,7,1,9,18,35,0,0,29,44,73,7,1,38,62,108,107,181,288,396
11/08/2013,VQQ,FL,ASO,ES,Federal Contract Tower,1,6,14,18,39,0,0,32,35,67,1,6,46,53,106,105,224,329,435
11/09/2013,VQQ,FL,ASO,ES,Federal Contract Tower,0,0,13,0,13,0,0,24,0,24,0,0,37,0,37,102,0,102,139
11/10/2013,VQQ,FL,ASO,ES,Federal Contract Tower,2,0,16,0,18,0,0,86,0,86,2,0,102,0,104,69,0,69,173
11/11/2013,VQQ,FL,ASO,ES,Federal Contract Tower,3,0,31,0,34,0,0,44,0,44,3,0,75,0,78,101,0,101,179
11/12/2013,VQQ,FL,ASO,ES,Federal Contract Tower,4,0,30,10,44,0,0,27,37,64,4,0,57,47,108,68,159,227,335
11/13/2013,VQQ,FL,ASO,ES,Federal Contract Tower,2,2,18,16,38,0,0,9,45,54,2,2,27,61,92,50,303,353,445
11/14/2013,VQQ,FL,ASO,ES,Federal Contract Tower,2,2,18,41,63,0,1,32,45,78,2,3,50,86,141,56,130,186,327
11/15/2013,VQQ,FL,ASO,ES,Federal Contract Tower,4,0,23,19,46,0,0,22,17,39,4,0,45,36,85,70,58,128,213
11/16/2013,VQQ,FL,ASO,ES,Federal Contract Tower,0,2,27,17,46,0,0,10,2,12,0,2,37,19,58,53,37,90,148
11/17/2013,VQQ,FL,ASO,ES,Federal Contract Tower,1,1,11,6,19,0,0,21,0,21,1,1,32,6,40,13,0,13,53
11/18/2013,VQQ,FL,ASO,ES,Federal Contract Tower,1,0,7,12,20,0,0,0,7,7,1,0,7,19,27,0,6,6,33
11/19/2013,VQQ,FL,ASO,ES,Federal Contract Tower,4,2,16,29,51,0,1,40,44,85,4,3,56,73,136,138,149,287,423
11/20/2013,VQQ,FL,ASO,ES,Federal Contract Tower,3,2,33,4,42,0,0,19,27,46,3,2,52,31,88,80,203,283,371
11/21/2013,VQQ,FL,ASO,ES,Federal Contract Tower,1,2,37,33,73,0,0,22,30,52,1,2,59,63,125,40,230,270,395
11/22/2013,VQQ,FL,ASO,ES,Federal Contract Tower,5,0,19,17,41,0,0,39,22,61,5,0,58,39,102,85,34,119,221
11/23/2013,VQQ,FL,ASO,ES,Federal Contract Tower,0,0,24,27,51,0,0,35,0,35,0,0,59,27,86,64,0,64,150
11/24/2013,VQQ,FL,ASO,ES,Federal Contract Tower,2,0,11,5,18,0,0,12,1,13,2,0,23,6,31,18,0,18,49
11/25/2013,VQQ,FL,ASO,ES,Federal Contract Tower,2,0,40,21,63,0,0,46,17,63,2,0,86,38,126,108,170,278,404
11/26/2013,VQQ,FL,ASO,ES,Federal Contract Tower,5,0,8,10,23,0,0,0,17,17,5,0,8,27,40,0,84,84,124
11/27/2013,VQQ,FL,ASO,ES,Federal Contract Tower,1,0,17,2,20,0,0,25,2,27,1,0,42,4,47,18,4,22,69
11/28/2013,VQQ,FL,ASO,ES,Federal Contract Tower,1,0,10,1,12,0,0,3,0,3,1,0,13,1,15,0,0,0,15
11/29/2013,VQQ,FL,ASO,ES,Federal Contract Tower,0,0,16,6,22,0,0,19,1,20,0,0,35,7,42,11,0,11,53
11/30/2013,VQQ,FL,ASO,ES,Federal Contract Tower,0,0,11,2,13,0,0,1,0,1,0,0,12,2,14,0,0,0,14
12/01/2013,VQQ,FL,ASO,ES,Federal Contract Tower,3,0,29,0,32,0,0,9,0,9,3,0,38,0,41,59,0,59,100
12/02/2013,VQQ,FL,ASO,ES,Federal Contract Tower,0,0,24,27,51,0,0,32,20,52,0,0,56,47,103,158,207,365,468
12/03/2013,VQQ,FL,ASO,ES,Federal Contract Tower,2,2,15,13,32,0,0,39,37,76,2,2,54,50,108,190,330,520,628
12/04/2013,VQQ,FL,ASO,ES,Federal Contract Tower,2,3,24,15,44,0,3,33,39,75,2,6,57,54,119,155,154,309,428
12/05/2013,VQQ,FL,ASO,ES,Federal Contract Tower,10,1,32,33,76,0,0,38,48,86,10,1,70,81,162,165,196,361,523
12/06/2013,VQQ,FL,ASO,ES,Federal Contract Tower,2,0,37,16,55,0,1,40,36,77,2,1,77,52,132,98,117,215,347
12/07/2013,VQQ,FL,ASO,ES,Federal Contract Tower,0,0,20,21,41,0,0,31,21,52,0,0,51,42,93,97,18,115,208
12/08/2013,VQQ,FL,ASO,ES,Federal Contract Tower,1,0,16,17,34,0,0,1,0,1,1,0,17,17,35,2,0,2,37
12/09/2013,VQQ,FL,ASO,ES,Federal Contract Tower,3,0,17,18,38,0,0,42,33,75,3,0,59,51,113,92,114,206,319
12/10/2013,VQQ,FL,ASO,ES,Federal Contract Tower,1,0,13,10,24,0,0,13,14,27,1,0,26,24,51,23,41,64,115
12/11/2013,VQQ,FL,ASO,ES,Federal Contract Tower,0,0,34,17,51,0,1,13,40,54,0,1,47,57,105,44,212,256,361
12/12/2013,VQQ,FL,ASO,ES,Federal Contract Tower,0,0,28,16,44,0,0,40,39,79,0,0,68,55,123,126,204,330,453
12/13/2013,VQQ,FL,ASO,ES,Federal Contract Tower,1,0,31,11,43,0,0,50,20,70,1,0,81,31,113,132,107,239,352
12/14/2013,VQQ,FL,ASO,ES,Federal Contract Tower,0,0,15,6,21,0,0,14,2,16,0,0,29,8,37,68,0,68,105
12/15/2013,VQQ,FL,ASO,ES,Federal Contract Tower,1,0,29,4,34,0,0,14,0,14,1,0,43,4,48,48,0,48,96
12/16/2013,VQQ,FL,ASO,ES,Federal Contract Tower,4,1,13,12,30,0,0,35,32,67,4,1,48,44,97,27,68,95,192
12/17/2013,VQQ,FL,ASO,ES,Federal Contract Tower,1,0,21,14,36,0,0,35,30,65,1,0,56,44,101,126,242,368,469
12/18/2013,VQQ,FL,ASO,ES,Federal Contract Tower,1,0,13,13,27,0,0,41,30,71,1,0,54,43,98,68,205,273,371
12/19/2013,VQQ,FL,ASO,ES,Federal Contract Tower,2,0,23,11,36,0,0,32,37,69,2,0,55,48,105,54,210,264,369
12/20/2013,VQQ,FL,ASO,ES,Federal Contract Tower,1,2,19,8,30,0,0,30,7,37,1,2,49,15,67,59,10,69,136
12/21/2013,VQQ,FL,ASO,ES,Federal Contract Tower,2,0,3,2,7,0,0,16,0,16,2,0,19,2,23,8,0,8,31
12/22/2013,VQQ,FL,ASO,ES,Federal Contract Tower,3,0,11,0,14,0,0,7,0,7,3,0,18,0,21,0,0,0,21
12/23/2013,VQQ,FL,ASO,ES,Federal Contract Tower,2,0,16,0,18,0,0,6,15,21,2,0,22,15,39,6,37,43,82
12/24/2013,VQQ,FL,ASO,ES,Federal Contract Tower,2,0,7,0,9,0,0,18,0,18,2,0,25,0,27,12,0,12,39
12/25/2013,VQQ,FL,ASO,ES,Federal Contract Tower,0,0,0,0,0,0,0,0,0,0,0,0,0,0,0,0,0,0,0
12/26/2013,VQQ,FL,ASO,ES,Federal Contract Tower,2,0,15,0,17,0,0,20,5,25,2,0,35,5,42,38,0,38,80
12/27/2013,VQQ,FL,ASO,ES,Federal Contract Tower,0,4,10,10,24,0,0,2,2,4,0,4,12,12,28,5,4,9,37
12/28/2013,VQQ,FL,ASO,ES,Federal Contract Tower,2,0,9,2,13,0,1,0,0,1,2,1,9,2,14,0,0,0,14
12/29/2013,VQQ,FL,ASO,ES,Federal Contract Tower,0,0,6,1,7,0,1,2,0,3,0,1,8,1,10,0,0,0,10
12/30/2013,VQQ,FL,ASO,ES,Federal Contract Tower,4,0,28,7,39,0,0,34,14,48,4,0,62,21,87,80,65,145,232
12/31/2013,VQQ,FL,ASO,ES,Federal Contract Tower,2,0,10,4,16,0,0,19,0,19,2,0,29,4,35,36,16,52,87
01/01/2014,VQQ,FL,ASO,ES,Federal Contract Tower,0,0,1,0,1,0,0,2,1,3,0,0,3,1,4,3,0,3,7
01/02/2014,VQQ,FL,ASO,ES,Federal Contract Tower,2,2,6,1,11,0,0,0,0,0,2,2,6,1,11,0,0,0,11
01/03/2014,VQQ,FL,ASO,ES,Federal Contract Tower,0,0,7,24,31,0,4,30,16,50,0,4,37,40,81,60,50,110,191
01/04/2014,VQQ,FL,ASO,ES,Federal Contract Tower,0,0,26,0,26,0,0,4,0,4,0,0,30,0,30,0,0,0,30
01/05/2014,VQQ,FL,ASO,ES,Federal Contract Tower,1,2,15,0,18,0,0,10,0,10,1,2,25,0,28,16,0,16,44
01/06/2014,VQQ,FL,ASO,ES,Federal Contract Tower,1,2,3,7,13,0,0,6,2,8,1,2,9,9,21,26,0,26,47
01/07/2014,VQQ,FL,ASO,ES,Federal Contract Tower,3,1,6,18,28,0,0,16,23,39,3,1,22,41,67,12,203,215,282
01/08/2014,VQQ,FL,ASO,ES,Federal Contract Tower,1,1,6,12,20,0,0,31,32,63,1,1,37,44,83,93,300,393,476
01/09/2014,VQQ,FL,ASO,ES,Federal Contract Tower,3,2,28,18,51,0,0,0,13,13,3,2,28,31,64,0,210,210,274
01/10/2014,VQQ,FL,ASO,ES,Federal Contract Tower,2,0,10,36,48,0,2,13,20,35,2,2,23,56,83,32,218,250,333
01/11/2014,VQQ,FL,ASO,ES,Federal Contract Tower,0,1,12,2,15,0,0,2,4,6,0,1,14,6,21,0,78,78,99
01/12/2014,VQQ,FL,ASO,ES,Federal Contract Tower,0,1,22,17,40,0,1,26,19,46,0,2,48,36,86,61,68,129,215
01/13/2014,VQQ,FL,ASO,ES,Federal Contract Tower,2,0,15,35,52,0,1,32,25,58,2,1,47,60,110,57,164,221,331
01/14/2014,VQQ,FL,ASO,ES,Federal Contract Tower,5,0,39,18,62,0,0,13,33,46,5,0,52,51,108,34,274,308,416
01/15/2014,VQQ,FL,ASO,ES,Federal Contract Tower,2,0,29,24,55,0,0,53,61,114,2,0,82,85,169,139,356,495,664
01/16/2014,VQQ,FL,ASO,ES,Federal Contract Tower,2,0,35,8,45,0,0,35,54,89,2,0,70,62,134,92,300,392,526
01/17/2014,VQQ,FL,ASO,ES,Federal Contract Tower,1,0,37,7,45,0,0,41,16,57,1,0,78,23,102,132,125,257,359
01/18/2014,VQQ,FL,ASO,ES,Federal Contract Tower,1,0,15,1,17,0,0,36,0,36,1,0,51,1,53,90,0,90,143
01/19/2014,VQQ,FL,ASO,ES,Federal Contract Tower,0,0,6,11,17,0,0,15,4,19,0,0,21,15,36,18,0,18,54
01/20/2014,VQQ,FL,ASO,ES,Federal Contract Tower,5,1,33,1,40,0,0,37,0,37,5,1,70,1,77,50,0,50,127
01/21/2014,VQQ,FL,ASO,ES,Federal Contract Tower,4,0,13,5,22,0,2,18,26,46,4,2,31,31,68,48,235,283,351
01/22/2014,VQQ,FL,ASO,ES,Federal Contract Tower,0,0,24,3,27,0,0,51,45,96,0,0,75,48,123,168,400,568,691
01/23/2014,VQQ,FL,ASO,ES,Federal Contract Tower,1,0,15,12,28,0,0,45,49,94,1,0,60,61,122,162,302,464,586
01/24/2014,VQQ,FL,ASO,ES,Federal Contract Tower,0,0,26,14,40,0,0,24,18,42,0,0,50,32,82,41,235,276,358
01/25/2014,VQQ,FL,ASO,ES,Federal Contract Tower,0,0,37,23,60,0,1,35,8,44,0,1,72,31,104,72,10,82,186
01/26/2014,VQQ,FL,ASO,ES,Federal Contract Tower,0,0,14,0,14,0,0,14,0,14,0,0,28,0,28,62,0,62,90
01/27/2014,VQQ,FL,ASO,ES,Federal Contract Tower,1,0,22,3,26,0,0,20,15,35,1,0,42,18,61,62,234,296,357
01/28/2014,VQQ,FL,ASO,ES,Federal Contract Tower,0,4,7,6,17,0,0,0,0,0,0,4,7,6,17,0,0,0,17
01/29/2014,VQQ,FL,ASO,ES,Federal Contract Tower,0,2,0,3,5,0,0,0,6,6,0,2,0,9,11,0,14,14,25
01/30/2014,VQQ,FL,ASO,ES,Federal Contract Tower,0,2,21,2,25,0,0,4,37,41,0,2,25,39,66,10,338,348,414
01/31/2014,VQQ,FL,ASO,ES,Federal Contract Tower,8,0,34,4,46,0,0,22,16,38,8,0,56,20,84,146,74,220,304
02/01/2014,VQQ,FL,ASO,ES,Federal Contract Tower,9,0,19,3,31,0,0,0,1,1,9,0,19,4,32,0,0,0,32
02/02/2014,VQQ,FL,ASO,ES,Federal Contract Tower,2,0,12,3,17,0,0,6,3,9,2,0,18,6,26,21,0,21,47
02/03/2014,VQQ,FL,ASO,ES,Federal Contract Tower,2,0,16,35,53,0,0,40,12,52,2,0,56,47,105,125,22,147,252
02/04/2014,VQQ,FL,ASO,ES,Federal Contract Tower,1,2,39,29,71,0,0,23,25,48,1,2,62,54,119,154,110,264,383
02/05/2014,VQQ,FL,ASO,ES,Federal Contract Tower,0,0,32,35,67,0,0,2,27,29,0,0,34,62,96,2,120,122,218
02/06/2014,VQQ,FL,ASO,ES,Federal Contract Tower,1,0,25,3,29,0,0,30,26,56,1,0,55,29,85,95,183,278,363
02/07/2014,VQQ,FL,ASO,ES,Federal Contract Tower,0,2,12,27,41,0,0,5,11,16,0,2,17,38,57,32,68,100,157
02/08/2014,VQQ,FL,ASO,ES,Federal Contract Tower,0,0,28,25,53,0,0,15,16,31,0,0,43,41,84,84,12,96,180
02/09/2014,VQQ,FL,ASO,ES,Federal Contract Tower,2,0,13,21,36,0,2,44,11,57,2,2,57,32,93,134,60,194,287
02/10/2014,VQQ,FL,ASO,ES,Federal Contract Tower,2,0,29,1,32,0,1,47,25,73,2,1,76,26,105,112,44,156,261
02/11/2014,VQQ,FL,ASO,ES,Federal Contract Tower,0,2,10,14,26,0,0,33,12,45,0,2,43,26,71,95,110,205,276
02/12/2014,VQQ,FL,ASO,ES,Federal Contract Tower,1,2,6,6,15,0,0,0,0,0,1,2,6,6,15,0,0,0,15
02/13/2014,VQQ,FL,ASO,ES,Federal Contract Tower,5,0,18,5,28,0,1,11,27,39,5,1,29,32,67,32,172,204,271
02/14/2014,VQQ,FL,ASO,ES,Federal Contract Tower,3,1,19,21,44,0,1,46,22,69,3,2,65,43,113,105,108,213,326
02/15/2014,VQQ,FL,ASO,ES,Federal Contract Tower,2,0,19,2,23,0,0,48,0,48,2,0,67,2,71,106,0,106,177
02/16/2014,VQQ,FL,ASO,ES,Federal Contract Tower,1,0,29,9,39,0,0,52,14,66,1,0,81,23,105,68,40,108,213
02/17/2014,VQQ,FL,ASO,ES,Federal Contract Tower,1,0,29,6,36,0,0,41,8,49,1,0,70,14,85,125,29,154,239
02/18/2014,VQQ,FL,ASO,ES,Federal Contract Tower,2,1,27,20,50,0,0,21,31,52,2,1,48,51,102,48,235,283,385
02/19/2014,VQQ,FL,ASO,ES,Federal Contract Tower,0,0,20,27,47,0,1,60,53,114,0,1,80,80,161,101,245,346,507
02/20/2014,VQQ,FL,ASO,ES,Federal Contract Tower,1,0,21,20,42,0,0,57,35,92,1,0,78,55,134,187,203,390,524
02/21/2014,VQQ,FL,ASO,ES,Federal Contract Tower,0,0,6,9,15,0,0,0,6,6,0,0,6,15,21,0,15,15,36
02/22/2014,VQQ,FL,ASO,ES,Federal Contract Tower,4,0,11,0,15,0,0,33,0,33,4,0,44,0,48,148,0,148,196
02/23/2014,VQQ,FL,ASO,ES,Federal Contract Tower,7,0,6,2,15,0,0,0,0,0,7,0,6,2,15,0,0,0,15
02/24/2014,VQQ,FL,ASO,ES,Federal Contract Tower,3,1,24,6,34,0,0,5,12,17,3,1,29,18,51,37,43,80,131
02/25/2014,VQQ,FL,ASO,ES,Federal Contract Tower,2,0,25,14,41,0,0,52,36,88,2,0,77,50,129,98,187,285,414
02/26/2014,VQQ,FL,ASO,ES,Federal Contract Tower,10,2,6,5,23,0,0,2,0,2,10,2,8,5,25,6,0,6,31
02/27/2014,VQQ,FL,ASO,ES,Federal Contract Tower,0,0,29,12,41,0,0,48,51,99,0,0,77,63,140,82,245,327,467
02/28/2014,VQQ,FL,ASO,ES,Federal Contract Tower,3,0,16,18,37,0,0,46,20,66,3,0,62,38,103,110,122,232,335
03/01/2014,VQQ,FL,ASO,ES,Federal Contract Tower,0,2,19,4,25,0,0,19,0,19,0,2,38,4,44,34,0,34,78
03/02/2014,VQQ,FL,ASO,ES,Federal Contract Tower,0,1,30,1,32,0,0,48,0,48,0,1,78,1,80,76,6,82,162
03/03/2014,VQQ,FL,ASO,ES,Federal Contract Tower,2,0,19,22,43,0,0,41,19,60,2,0,60,41,103,78,164,242,345
03/04/2014,VQQ,FL,ASO,ES,Federal Contract Tower,1,5,28,83,117,0,0,0,0,0,1,5,28,83,117,0,10,10,127
03/05/2014,VQQ,FL,ASO,ES,Federal Contract Tower,1,3,17,5,26,0,0,0,0,0,1,3,17,5,26,0,0,0,26
03/06/2014,VQQ,FL,ASO,ES,Federal Contract Tower,4,2,6,4,16,0,0,0,0,0,4,2,6,4,16,0,0,0,16
03/07/2014,VQQ,FL,ASO,ES,Federal Contract Tower,2,1,15,10,28,0,0,4,23,27,2,1,19,33,55,25,115,140,195
03/08/2014,VQQ,FL,ASO,ES,Federal Contract Tower,2,0,33,23,58,0,0,45,7,52,2,0,78,30,110,90,22,112,222
03/09/2014,VQQ,FL,ASO,ES,Federal Contract Tower,1,0,35,23,59,0,0,44,0,44,1,0,79,23,103,84,0,84,187
03/10/2014,VQQ,FL,ASO,ES,Federal Contract Tower,0,4,21,7,32,0,0,33,17,50,0,4,54,24,82,124,174,298,380
03/11/2014,VQQ,FL,ASO,ES,Federal Contract Tower,0,0,17,10,27,0,1,51,38,90,0,1,68,48,117,89,355,444,561
03/12/2014,VQQ,FL,ASO,ES,Federal Contract Tower,0,0,11,25,36,0,0,16,40,56,0,0,27,65,92,128,274,402,494
03/13/2014,VQQ,FL,ASO,ES,Federal Contract Tower,0,4,6,23,33,0,0,40,46,86,0,4,46,69,119,152,314,466,585
03/14/2014,VQQ,FL,ASO,ES,Federal Contract Tower,9,0,28,16,53,0,0,51,23,74,9,0,79,39,127,142,125,267,394
03/15/2014,VQQ,FL,ASO,ES,Federal Contract Tower,1,0,18,12,31,0,0,32,9,41,1,0,50,21,72,135,89,224,296
03/16/2014,VQQ,FL,ASO,ES,Federal Contract Tower,2,0,16,5,23,0,0,16,4,20,2,0,32,9,43,32,22,54,97
03/17/2014,VQQ,FL,ASO,ES,Federal Contract Tower,0,0,3,4,7,0,0,0,0,0,0,0,3,4,7,0,0,0,7
03/18/2014,VQQ,FL,ASO,ES,Federal Contract Tower,1,2,17,24,44,0,0,3,7,10,1,2,20,31,54,3,55,58,112
03/19/2014,VQQ,FL,ASO,ES,Federal Contract Tower,1,1,33,12,47,0,0,4,10,14,1,1,37,22,61,46,84,130,191
03/20/2014,VQQ,FL,ASO,ES,Federal Contract Tower,1,0,20,10,31,0,0,44,45,89,1,0,64,55,120,237,234,471,591
03/21/2014,VQQ,FL,ASO,ES,Federal Contract Tower,1,2,12,7,22,0,0,70,29,99,1,2,82,36,121,186,176,362,483
03/22/2014,VQQ,FL,ASO,ES,Federal Contract Tower,14,0,22,3,39,0,2,20,10,32,14,2,42,13,71,60,3,63,134
03/23/2014,VQQ,FL,ASO,ES,Federal Contract Tower,5,1,27,7,40,0,0,30,9,39,5,1,57,16,79,120,0,120,199
03/24/2014,VQQ,FL,ASO,ES,Federal Contract Tower,13,0,17,8,38,0,0,16,27,43,13,0,33,35,81,64,116,180,261
03/25/2014,VQQ,FL,ASO,ES,Federal Contract Tower,2,4,12,7,25,0,0,32,20,52,2,4,44,27,77,46,166,212,289
03/26/2014,VQQ,FL,ASO,ES,Federal Contract Tower,2,1,44,33,80,0,1,44,28,73,2,2,88,61,153,72,157,229,382
03/27/2014,VQQ,FL,ASO,ES,Federal Contract Tower,2,6,19,6,33,0,2,42,34,78,2,8,61,40,111,74,89,163,274
03/28/2014,VQQ,FL,ASO,ES,Federal Contract Tower,4,6,11,23,44,0,0,26,9,35,4,6,37,32,79,72,20,92,171
03/29/2014,VQQ,FL,ASO,ES,Federal Contract Tower,5,1,7,1,14,0,0,5,0,5,5,1,12,1,19,4,0,4,23
03/30/2014,VQQ,FL,ASO,ES,Federal Contract Tower,0,0,29,0,29,0,0,63,0,63,0,0,92,0,92,88,0,88,180
03/31/2014,VQQ,FL,ASO,ES,Federal Contract Tower,1,0,16,12,29,0,0,48,29,77,1,0,64,41,106,66,190,256,362
04/01/2014,VQQ,FL,ASO,ES,Federal Contract Tower,10,0,22,7,39,0,0,75,24,99,10,0,97,31,138,197,168,365,503
04/02/2014,VQQ,FL,ASO,ES,Federal Contract Tower,1,0,15,13,29,0,0,46,30,76,1,0,61,43,105,150,195,345,450
04/03/2014,VQQ,FL,ASO,ES,Federal Contract Tower,0,2,24,26,52,0,0,52,30,82,0,2,76,56,134,181,253,434,568
04/04/2014,VQQ,FL,ASO,ES,Federal Contract Tower,2,0,14,9,25,0,0,53,10,63,2,0,67,19,88,79,76,155,243
04/05/2014,VQQ,FL,ASO,ES,Federal Contract Tower,0,0,11,3,14,0,0,22,16,38,0,0,33,19,52,37,62,99,151
04/06/2014,VQQ,FL,ASO,ES,Federal Contract Tower,2,0,12,19,33,0,0,24,13,37,2,0,36,32,70,73,32,105,175
04/07/2014,VQQ,FL,ASO,ES,Federal Contract Tower,2,2,26,39,69,0,0,22,26,48,2,2,48,65,117,69,138,207,324
04/08/2014,VQQ,FL,ASO,ES,Federal Contract Tower,0,0,26,10,36,0,2,27,26,55,0,2,53,36,91,116,224,340,431
04/09/2014,VQQ,FL,ASO,ES,Federal Contract Tower,0,0,35,15,50,0,0,56,57,113,0,0,91,72,163,109,286,395,558
04/10/2014,VQQ,FL,ASO,ES,Federal Contract Tower,0,0,25,5,30,0,0,53,27,80,0,0,78,32,110,123,213,336,446
04/11/2014,VQQ,FL,ASO,ES,Federal Contract Tower,1,0,19,4,24,0,0,46,18,64,1,0,65,22,88,110,73,183,271
04/12/2014,VQQ,FL,ASO,ES,Federal Contract Tower,0,0,26,8,34,0,0,45,9,54,0,0,71,17,88,124,42,166,254
04/13/2014,VQQ,FL,ASO,ES,Federal Contract Tower,2,0,15,4,21,0,0,34,2,36,2,0,49,6,57,147,18,165,222
04/14/2014,VQQ,FL,ASO,ES,Federal Contract Tower,0,0,30,13,43,0,1,45,19,65,0,1,75,32,108,98,32,130,238
04/15/2014,VQQ,FL,ASO,ES,Federal Contract Tower,1,0,10,0,11,0,0,0,8,8,1,0,10,8,19,0,13,13,32
04/16/2014,VQQ,FL,ASO,ES,Federal Contract Tower,12,0,12,40,64,0,0,29,30,59,12,0,41,70,123,104,172,276,399
04/17/2014,VQQ,FL,ASO,ES,Federal Contract Tower,0,2,23,18,43,0,0,3,17,20,0,2,26,35,63,40,164,204,267
04/18/2014,VQQ,FL,ASO,ES,Federal Contract Tower,4,0,23,0,27,0,0,4,0,4,4,0,27,0,31,10,0,10,41
04/19/2014,VQQ,FL,ASO,ES,Federal Contract Tower,8,3,26,0,37,0,0,12,0,12,8,3,38,0,49,34,0,34,83
04/20/2014,VQQ,FL,ASO,ES,Federal Contract Tower,0,0,3,0,3,0,0,4,0,4,0,0,7,0,7,0,0,0,7
04/21/2014,VQQ,FL,ASO,ES,Federal Contract Tower,0,2,31,2,35,0,0,37,1,38,0,2,68,3,73,161,14,175,248
04/22/2014,VQQ,FL,ASO,ES,Federal Contract Tower,3,6,9,6,24,0,0,49,30,79,3,6,58,36,103,159,139,298,401
04/23/2014,VQQ,FL,ASO,ES,Federal Contract Tower,0,3,35,10,48,0,4,65,33,102,0,7,100,43,150,94,162,256,406
04/24/2014,VQQ,FL,ASO,ES,Federal Contract Tower,9,2,17,7,35,0,0,41,24,65,9,2,58,31,100,136,80,216,316
04/25/2014,VQQ,FL,ASO,ES,Federal Contract Tower,4,7,18,14,43,0,0,43,16,59,4,7,61,30,102,128,36,164,266
04/26/2014,VQQ,FL,ASO,ES,Federal Contract Tower,2,0,33,32,67,0,0,25,8,33,2,0,58,40,100,76,44,120,220
04/27/2014,VQQ,FL,ASO,ES,Federal Contract Tower,1,0,19,6,26,0,0,24,5,29,1,0,43,11,55,42,8,50,105
04/28/2014,VQQ,FL,ASO,ES,Federal Contract Tower,4,0,13,33,50,0,1,54,37,92,4,1,67,70,142,165,149,314,456
04/29/2014,VQQ,FL,ASO,ES,Federal Contract Tower,0,0,14,19,33,0,0,33,21,54,0,0,47,40,87,144,102,246,333
04/30/2014,VQQ,FL,ASO,ES,Federal Contract Tower,0,0,11,11,22,0,0,32,23,55,0,0,43,34,77,148,333,481,558
05/01/2014,VQQ,FL,ASO,ES,Federal Contract Tower,2,0,27,18,47,0,0,13,31,44,2,0,40,49,91,46,225,271,362
05/02/2014,VQQ,FL,ASO,ES,Federal Contract Tower,2,2,24,4,32,0,0,4,4,8,2,2,28,8,40,10,40,50,90
05/03/2014,VQQ,FL,ASO,ES,Federal Contract Tower,0,0,20,2,22,0,0,12,3,15,0,0,32,5,37,4,0,4,41
05/04/2014,VQQ,FL,ASO,ES,Federal Contract Tower,0,0,23,8,31,0,0,42,13,55,0,0,65,21,86,53,4,57,143
05/05/2014,VQQ,FL,ASO,ES,Federal Contract Tower,2,0,19,15,36,0,0,78,17,95,2,0,97,32,131,132,100,232,363
05/06/2014,VQQ,FL,ASO,ES,Federal Contract Tower,7,0,11,15,33,0,2,44,21,67,7,2,55,36,100,88,128,216,316
05/07/2014,VQQ,FL,ASO,ES,Federal Contract Tower,1,0,5,16,22,0,1,59,17,77,1,1,64,33,99,118,162,280,379
05/08/2014,VQQ,FL,ASO,ES,Federal Contract Tower,1,0,9,6,16,0,0,45,30,75,1,0,54,36,91,128,157,285,376
05/09/2014,VQQ,FL,ASO,ES,Federal Contract Tower,3,0,14,17,34,0,4,22,19,45,3,4,36,36,79,56,110,166,245
05/10/2014,VQQ,FL,ASO,ES,Federal Contract Tower,0,0,16,17,33,0,0,36,4,40,0,0,52,21,73,29,40,69,142
05/11/2014,VQQ,FL,ASO,ES,Federal Contract Tower,4,0,11,0,15,0,0,14,1,15,4,0,25,1,30,20,0,20,50
05/12/2014,VQQ,FL,ASO,ES,Federal Contract Tower,3,1,8,8,20,0,0,46,18,64,3,1,54,26,84,103,95,198,282
05/13/2014,VQQ,FL,ASO,ES,Federal Contract Tower,0,4,24,11,39,0,0,36,26,62,0,4,60,37,101,156,100,256,357
05/14/2014,VQQ,FL,ASO,ES,Federal Contract Tower,0,4,17,3,24,0,4,16,18,38,0,8,33,21,62,52,132,184,246
05/15/2014,VQQ,FL,ASO,ES,Federal Contract Tower,4,0,6,2,12,0,0,0,13,13,4,0,6,15,25,0,76,76,101
05/16/2014,VQQ,FL,ASO,ES,Federal Contract Tower,2,6,10,12,30,0,0,32,15,47,2,6,42,27,77,72,61,133,210
05/17/2014,VQQ,FL,ASO,ES,Federal Contract Tower,0,0,7,8,15,0,0,28,0,28,0,0,35,8,43,48,0,48,91
05/18/2014,VQQ,FL,ASO,ES,Federal Contract Tower,0,2,13,0,15,0,0,26,0,26,0,2,39,0,41,92,0,92,133
05/19/2014,VQQ,FL,ASO,ES,Federal Contract Tower,0,0,29,6,35,0,0,48,21,69,0,0,77,27,104,98,142,240,344
05/20/2014,VQQ,FL,ASO,ES,Federal Contract Tower,0,0,18,6,24,0,0,66,29,95,0,0,84,35,119,162,134,296,415
05/21/2014,VQQ,FL,ASO,ES,Federal Contract Tower,1,0,10,13,24,0,6,56,31,93,1,6,66,44,117,188,90,278,395
05/22/2014,VQQ,FL,ASO,ES,Federal Contract Tower,2,0,13,8,23,0,1,52,15,68,2,1,65,23,91,120,60,180,271
05/23/2014,VQQ,FL,ASO,ES,Federal Contract Tower,3,1,12,26,42,0,1,36,9,46,3,2,48,35,88,63,48,111,199
05/24/2014,VQQ,FL,ASO,ES,Federal Contract Tower,3,0,15,0,18,0,0,28,0,28,3,0,43,0,46,59,0,59,105
05/25/2014,VQQ,FL,ASO,ES,Federal Contract Tower,2,0,14,1,17,0,0,9,0,9,2,0,23,1,26,27,0,27,53
05/26/2014,VQQ,FL,ASO,ES,Federal Contract Tower,0,1,9,1,11,0,1,29,1,31,0,2,38,2,42,30,0,30,72
05/27/2014,VQQ,FL,ASO,ES,Federal Contract Tower,4,0,4,16,24,0,0,35,11,46,4,0,39,27,70,106,68,174,244
05/28/2014,VQQ,FL,ASO,ES,Federal Contract Tower,2,2,4,8,16,0,1,31,23,55,2,3,35,31,71,58,132,190,261
05/29/2014,VQQ,FL,ASO,ES,Federal Contract Tower,3,0,12,2,17,0,0,38,12,50,3,0,50,14,67,86,6,92,159
05/30/2014,VQQ,FL,ASO,ES,Federal Contract Tower,4,0,12,19,35,0,0,34,13,47,4,0,46,32,82,95,6,101,183
05/31/2014,VQQ,FL,ASO,ES,Federal Contract Tower,2,2,16,30,50,0,0,18,0,18,2,2,34,30,68,91,0,91,159
06/01/2014,VQQ,FL,ASO,ES,Federal Contract Tower,3,0,4,10,17,0,0,2,0,2,3,0,6,10,19,5,0,5,24
06/02/2014,VQQ,FL,ASO,ES,Federal Contract Tower,4,3,9,27,43,0,0,49,17,66,4,3,58,44,109,192,126,318,427
06/03/2014,VQQ,FL,ASO,ES,Federal Contract Tower,4,2,15,18,39,0,0,41,41,82,4,2,56,59,121,105,247,352,473
06/04/2014,VQQ,FL,ASO,ES,Federal Contract Tower,3,0,31,31,65,0,0,53,29,82,3,0,84,60,147,116,198,314,461
06/05/2014,VQQ,FL,ASO,ES,Federal Contract Tower,0,2,20,36,58,0,0,26,42,68,0,2,46,78,126,27,87,114,240
06/06/2014,VQQ,FL,ASO,ES,Federal Contract Tower,0,1,7,16,24,0,0,33,25,58,0,1,40,41,82,113,115,228,310
06/07/2014,VQQ,FL,ASO,ES,Federal Contract Tower,1,1,11,62,75,0,0,11,52,63,1,1,22,114,138,31,39,70,208
06/08/2014,VQQ,FL,ASO,ES,Federal Contract Tower,0,1,14,54,69,0,0,3,12,15,0,1,17,66,84,14,8,22,106
06/09/2014,VQQ,FL,ASO,ES,Federal Contract Tower,4,6,7,50,67,0,0,32,27,59,4,6,39,77,126,116,50,166,292
06/10/2014,VQQ,FL,ASO,ES,Federal Contract Tower,1,0,13,41,55,0,0,32,28,60,1,0,45,69,115,69,172,241,356
06/11/2014,VQQ,FL,ASO,ES,Federal Contract Tower,7,0,24,60,91,0,0,33,39,72,7,0,57,99,163,116,278,394,557
06/12/2014,VQQ,FL,ASO,ES,Federal Contract Tower,7,0,18,10,35,0,1,9,38,48,7,1,27,48,83,2,208,210,293
06/13/2014,VQQ,FL,ASO,ES,Federal Contract Tower,0,0,17,15,32,0,4,12,16,32,0,4,29,31,64,18,42,60,124
06/14/2014,VQQ,FL,ASO,ES,Federal Contract Tower,1,0,8,1,10,0,5,6,2,13,1,5,14,3,23,26,0,26,49
06/15/2014,VQQ,FL,ASO,ES,Federal Contract Tower,0,2,10,2,14,0,0,17,0,17,0,2,27,2,31,14,0,14,45
06/16/2014,VQQ,FL,ASO,ES,Federal Contract Tower,0,0,23,7,30,0,1,45,12,58,0,1,68,19,88,104,69,173,261
06/17/2014,VQQ,FL,ASO,ES,Federal Contract Tower,0,2,23,28,53,0,0,48,29,77,0,2,71,57,130,116,172,288,418
06/18/2014,VQQ,FL,ASO,ES,Federal Contract Tower,0,0,16,8,24,0,0,36,29,65,0,0,52,37,89,132,92,224,313
06/19/2014,VQQ,FL,ASO,ES,Federal Contract Tower,1,0,32,19,52,0,1,55,28,84,1,1,87,47,136,141,206,347,483
06/20/2014,VQQ,FL,ASO,ES,Federal Contract Tower,6,0,26,10,42,0,0,28,23,51,6,0,54,33,93,30,48,78,171
06/21/2014,VQQ,FL,ASO,ES,Federal Contract Tower,0,0,5,8,13,0,0,15,1,16,0,0,20,9,29,52,31,83,112
06/22/2014,VQQ,FL,ASO,ES,Federal Contract Tower,1,0,8,3,12,0,2,3,6,11,1,2,11,9,23,4,0,4,27
06/23/2014,VQQ,FL,ASO,ES,Federal Contract Tower,10,0,13,4,27,0,1,33,7,41,10,1,46,11,68,106,50,156,224
06/24/2014,VQQ,FL,ASO,ES,Federal Contract Tower,3,1,10,12,26,0,0,35,22,57,3,1,45,34,83,120,136,256,339
06/25/2014,VQQ,FL,ASO,ES,Federal Contract Tower,0,0,21,9,30,0,2,38,9,49,0,2,59,18,79,68,160,228,307
06/26/2014,VQQ,FL,ASO,ES,Federal Contract Tower,1,0,9,12,22,0,2,38,16,56,1,2,47,28,78,90,96,186,264
06/27/2014,VQQ,FL,ASO,ES,Federal Contract Tower,0,1,14,26,41,0,1,34,17,52,0,2,48,43,93,42,92,134,227
06/28/2014,VQQ,FL,ASO,ES,Federal Contract Tower,3,0,27,15,45,0,0,23,4,27,3,0,50,19,72,60,31,91,163
06/29/2014,VQQ,FL,ASO,ES,Federal Contract Tower,0,0,6,1,7,0,0,8,4,12,0,0,14,5,19,24,0,24,43
06/30/2014,VQQ,FL,ASO,ES,Federal Contract Tower,0,1,6,8,15,0,1,42,19,62,0,2,48,27,77,71,61,132,209
07/01/2014,VQQ,FL,ASO,ES,Federal Contract Tower,3,0,21,22,46,0,2,47,38,87,3,2,68,60,133,122,235,357,490
07/02/2014,VQQ,FL,ASO,ES,Federal Contract Tower,4,0,33,17,54,0,1,20,33,54,4,1,53,50,108,122,224,346,454
07/03/2014,VQQ,FL,ASO,ES,Federal Contract Tower,3,0,10,2,15,0,0,30,0,30,3,0,40,2,45,82,0,82,127
07/04/2014,VQQ,FL,ASO,ES,Federal Contract Tower,2,0,16,2,20,0,0,14,0,14,2,0,30,2,34,20,0,20,54
07/05/2014,VQQ,FL,ASO,ES,Federal Contract Tower,2,0,9,0,11,0,0,21,0,21,2,0,30,0,32,36,0,36,68
07/06/2014,VQQ,FL,ASO,ES,Federal Contract Tower,3,0,12,0,15,0,0,16,0,16,3,0,28,0,31,60,0,60,91
07/07/2014,VQQ,FL,ASO,ES,Federal Contract Tower,0,0,15,5,20,0,0,48,26,74,0,0,63,31,94,135,113,248,342
07/08/2014,VQQ,FL,ASO,ES,Federal Contract Tower,0,0,24,42,66,0,0,54,23,77,0,0,78,65,143,172,164,336,479
07/09/2014,VQQ,FL,ASO,ES,Federal Contract Tower,2,6,11,18,37,0,1,45,56,102,2,7,56,74,139,134,162,296,435
07/10/2014,VQQ,FL,ASO,ES,Federal Contract Tower,4,7,12,98,121,0,1,24,29,54,4,8,36,127,175,48,124,172,347
07/11/2014,VQQ,FL,ASO,ES,Federal Contract Tower,2,0,4,84,90,0,0,33,24,57,2,0,37,108,147,132,154,286,433
07/12/2014,VQQ,FL,ASO,ES,Federal Contract Tower,0,0,3,36,39,0,0,15,0,15,0,0,18,36,54,38,4,42,96
07/13/2014,VQQ,FL,ASO,ES,Federal Contract Tower,0,0,29,40,69,0,0,8,1,9,0,0,37,41,78,24,0,24,102
07/14/2014,VQQ,FL,ASO,ES,Federal Contract Tower,8,0,12,12,32,0,0,15,16,31,8,0,27,28,63,61,41,102,165
07/15/2014,VQQ,FL,ASO,ES,Federal Contract Tower,4,2,3,10,19,0,0,37,26,63,4,2,40,36,82,112,107,219,301
07/16/2014,VQQ,FL,ASO,ES,Federal Contract Tower,0,0,12,8,20,0,0,12,23,35,0,0,24,31,55,35,74,109,164
07/17/2014,VQQ,FL,ASO,ES,Federal Contract Tower,1,0,15,28,44,0,1,44,43,88,1,1,59,71,132,68,124,192,324
07/18/2014,VQQ,FL,ASO,ES,Federal Contract Tower,0,0,23,24,47,0,0,48,32,80,0,0,71,56,127,137,90,227,354
07/19/2014,VQQ,FL,ASO,ES,Federal Contract Tower,0,0,13,18,31,0,0,31,10,41,0,0,44,28,72,104,14,118,190
07/20/2014,VQQ,FL,ASO,ES,Federal Contract Tower,0,0,0,4,4,0,0,27,7,34,0,0,27,11,38,100,22,122,160
07/21/2014,VQQ,FL,ASO,ES,Federal Contract Tower,1,0,8,3,12,0,0,18,21,39,1,0,26,24,51,48,163,211,262
07/22/2014,VQQ,FL,ASO,ES,Federal Contract Tower,1,1,7,27,36,0,2,43,29,74,1,3,50,56,110,158,134,292,402
07/23/2014,VQQ,FL,ASO,ES,Federal Contract Tower,2,0,18,13,33,0,2,43,23,68,2,2,61,36,101,88,122,210,311
07/24/2014,VQQ,FL,ASO,ES,Federal Contract Tower,1,0,12,19,32,0,0,72,25,97,1,0,84,44,129,200,259,459,588
07/25/2014,VQQ,FL,ASO,ES,Federal Contract Tower,2,0,12,11,25,0,0,42,25,67,2,0,54,36,92,90,116,206,298
07/26/2014,VQQ,FL,ASO,ES,Federal Contract Tower,0,0,10,23,33,0,0,31,6,37,0,0,41,29,70,74,18,92,162
07/27/2014,VQQ,FL,ASO,ES,Federal Contract Tower,2,0,5,4,11,0,0,42,3,45,2,0,47,7,56,117,24,141,197
07/28/2014,VQQ,FL,ASO,ES,Federal Contract Tower,0,0,7,32,39,0,1,21,11,33,0,1,28,43,72,95,82,177,249
07/29/2014,VQQ,FL,ASO,ES,Federal Contract Tower,2,0,10,18,30,0,1,37,35,73,2,1,47,53,103,117,327,444,547
07/30/2014,VQQ,FL,ASO,ES,Federal Contract Tower,0,0,21,4,25,0,0,64,25,89,0,0,85,29,114,188,211,399,513
07/31/2014,VQQ,FL,ASO,ES,Federal Contract Tower,3,0,14,4,21,0,1,39,38,78,3,1,53,42,99,82,174,256,355
08/01/2014,VQQ,FL,ASO,ES,Federal Contract Tower,0,0,4,36,40,0,0,28,25,53,0,0,32,61,93,116,96,212,305
08/02/2014,VQQ,FL,ASO,ES,Federal Contract Tower,0,0,12,1,13,0,0,22,2,24,0,0,34,3,37,64,12,76,113
08/03/2014,VQQ,FL,ASO,ES,Federal Contract Tower,0,0,7,0,7,0,0,12,0,12,0,0,19,0,19,38,0,38,57
08/04/2014,VQQ,FL,ASO,ES,Federal Contract Tower,0,0,13,4,17,0,0,3,5,8,0,0,16,9,25,29,126,155,180
08/05/2014,VQQ,FL,ASO,ES,Federal Contract Tower,6,1,9,9,25,0,1,28,23,52,6,2,37,32,77,83,157,240,317
08/06/2014,VQQ,FL,ASO,ES,Federal Contract Tower,0,0,12,20,32,0,0,53,17,70,0,0,65,37,102,152,130,282,384
08/07/2014,VQQ,FL,ASO,ES,Federal Contract Tower,2,4,26,8,40,0,0,33,14,47,2,4,59,22,87,100,102,202,289
08/08/2014,VQQ,FL,ASO,ES,Federal Contract Tower,0,0,4,12,16,0,1,29,12,42,0,1,33,24,58,44,42,86,144
08/09/2014,VQQ,FL,ASO,ES,Federal Contract Tower,12,1,5,8,26,0,0,24,0,24,12,1,29,8,50,46,0,46,96
08/10/2014,VQQ,FL,ASO,ES,Federal Contract Tower,0,0,8,0,8,0,0,14,2,16,0,0,22,2,24,52,32,84,108
08/11/2014,VQQ,FL,ASO,ES,Federal Contract Tower,0,0,17,11,28,0,0,17,8,25,0,0,34,19,53,54,54,108,161
08/12/2014,VQQ,FL,ASO,ES,Federal Contract Tower,3,0,15,5,23,0,1,22,20,43,3,1,37,25,66,104,123,227,293
08/13/2014,VQQ,FL,ASO,ES,Federal Contract Tower,1,1,16,3,21,0,0,9,7,16,1,1,25,10,37,8,78,86,123
08/14/2014,VQQ,FL,ASO,ES,Federal Contract Tower,0,1,4,12,17,0,1,23,22,46,0,2,27,34,63,80,76,156,219
08/15/2014,VQQ,FL,ASO,ES,Federal Contract Tower,0,2,9,18,29,0,0,21,8,29,0,2,30,26,58,59,14,73,131
08/16/2014,VQQ,FL,ASO,ES,Federal Contract Tower,0,0,21,20,41,0,0,24,2,26,0,0,45,22,67,108,0,108,175
08/17/2014,VQQ,FL,ASO,ES,Federal Contract Tower,0,1,10,3,14,0,0,29,1,30,0,1,39,4,44,82,0,82,126
08/18/2014,VQQ,FL,ASO,ES,Federal Contract Tower,0,1,7,28,36,0,2,10,12,24,0,3,17,40,60,23,131,154,214
08/19/2014,VQQ,FL,ASO,ES,Federal Contract Tower,2,0,17,36,55,0,1,33,30,64,2,1,50,66,119,52,162,214,333
08/20/2014,VQQ,FL,ASO,ES,Federal Contract Tower,1,2,13,25,41,0,0,34,48,82,1,2,47,73,123,78,288,366,489
08/21/2014,VQQ,FL,ASO,ES,Federal Contract Tower,4,0,12,62,78,0,0,32,52,84,4,0,44,114,162,58,262,320,482
08/22/2014,VQQ,FL,ASO,ES,Federal Contract Tower,0,0,15,76,91,0,0,33,29,62,0,0,48,105,153,52,158,210,363
08/23/2014,VQQ,FL,ASO,ES,Federal Contract Tower,0,0,1,15,16,0,0,5,18,23,0,0,6,33,39,0,24,24,63
08/24/2014,VQQ,FL,ASO,ES,Federal Contract Tower,0,0,3,25,28,0,0,22,5,27,0,0,25,30,55,53,8,61,116
08/25/2014,VQQ,FL,ASO,ES,Federal Contract Tower,6,0,16,15,37,0,0,3,23,26,6,0,19,38,63,8,384,392,455
08/26/2014,VQQ,FL,ASO,ES,Federal Contract Tower,2,0,10,24,36,0,0,7,39,46,2,0,17,63,82,14,227,241,323
08/27/2014,VQQ,FL,ASO,ES,Federal Contract Tower,5,1,14,15,35,0,0,42,51,93,5,1,56,66,128,108,364,472,600
08/28/2014,VQQ,FL,ASO,ES,Federal Contract Tower,8,0,10,7,25,0,0,38,16,54,8,0,48,23,79,94,70,164,243
08/29/2014,VQQ,FL,ASO,ES,Federal Contract Tower,6,0,8,0,14,0,0,31,20,51,6,0,39,20,65,58,24,82,147
08/30/2014,VQQ,FL,ASO,ES,Federal Contract Tower,11,1,14,0,26,0,0,16,0,16,11,1,30,0,42,38,0,38,80
08/31/2014,VQQ,FL,ASO,ES,Federal Contract Tower,1,0,17,0,18,0,0,27,0,27,1,0,44,0,45,42,0,42,87
09/01/2014,VQQ,FL,ASO,ES,Federal Contract Tower,0,0,15,1,16,0,0,29,0,29,0,0,44,1,45,38,0,38,83
09/02/2014,VQQ,FL,ASO,ES,Federal Contract Tower,6,1,8,24,39,0,1,26,12,39,6,2,34,36,78,72,100,172,250
09/03/2014,VQQ,FL,ASO,ES,Federal Contract Tower,3,0,6,17,26,2,0,37,33,72,5,0,43,50,98,164,296,460,558
09/04/2014,VQQ,FL,ASO,ES,Federal Contract Tower,0,0,5,5,10,0,0,30,36,66,0,0,35,41,76,74,200,274,350
09/05/2014,VQQ,FL,ASO,ES,Federal Contract Tower,1,2,12,9,24,0,0,31,14,45,1,2,43,23,69,66,176,242,311
09/06/2014,VQQ,FL,ASO,ES,Federal Contract Tower,0,0,13,6,19,0,0,12,0,12,0,0,25,6,31,72,14,86,117
09/07/2014,VQQ,FL,ASO,ES,Federal Contract Tower,0,1,3,2,6,0,0,3,0,3,0,1,6,2,9,18,0,18,27
09/08/2014,VQQ,FL,ASO,ES,Federal Contract Tower,0,1,11,7,19,0,0,40,18,58,0,1,51,25,77,76,110,186,263
09/09/2014,VQQ,FL,ASO,ES,Federal Contract Tower,1,0,9,6,16,0,0,17,27,44,1,0,26,33,60,44,62,106,166
09/10/2014,VQQ,FL,ASO,ES,Federal Contract Tower,5,0,12,27,44,0,0,47,51,98,5,0,59,78,142,136,309,445,587
09/11/2014,VQQ,FL,ASO,ES,Federal Contract Tower,3,1,27,35,66,0,0,35,42,77,3,1,62,77,143,82,236,318,461
09/12/2014,VQQ,FL,ASO,ES,Federal Contract Tower,8,1,25,35,69,0,1,43,22,66,8,2,68,57,135,120,272,392,527
09/13/2014,VQQ,FL,ASO,ES,Federal Contract Tower,1,0,6,24,31,0,0,39,6,45,1,0,45,30,76,127,7,134,210
09/14/2014,VQQ,FL,ASO,ES,Federal Contract Tower,2,7,12,9,30,0,0,32,2,34,2,7,44,11,64,176,16,192,256
09/15/2014,VQQ,FL,ASO,ES,Federal Contract Tower,0,0,25,3,28,0,0,36,19,55,0,0,61,22,83,114,186,300,383
09/16/2014,VQQ,FL,ASO,ES,Federal Contract Tower,0,0,7,14,21,0,0,21,26,47,0,0,28,40,68,84,240,324,392
09/17/2014,VQQ,FL,ASO,ES,Federal Contract Tower,2,0,17,15,34,0,0,48,31,79,2,0,65,46,113,84,139,223,336
09/18/2014,VQQ,FL,ASO,ES,Federal Contract Tower,3,1,27,10,41,0,0,39,38,77,3,1,66,48,118,187,273,460,578
09/19/2014,VQQ,FL,ASO,ES,Federal Contract Tower,1,0,8,9,18,0,0,20,10,30,1,0,28,19,48,8,28,36,84
09/20/2014,VQQ,FL,ASO,ES,Federal Contract Tower,3,0,6,15,24,0,0,1,0,1,3,0,7,15,25,0,0,0,25
09/21/2014,VQQ,FL,ASO,ES,Federal Contract Tower,1,0,14,0,15,0,0,27,0,27,1,0,41,0,42,80,0,80,122
09/22/2014,VQQ,FL,ASO,ES,Federal Contract Tower,0,0,5,51,56,0,0,56,24,80,0,0,61,75,136,178,254,432,568
09/23/2014,VQQ,FL,ASO,ES,Federal Contract Tower,2,2,10,14,28,0,0,0,19,19,2,2,10,33,47,12,38,50,97
09/24/2014,VQQ,FL,ASO,ES,Federal Contract Tower,5,0,13,14,32,0,0,1,20,21,5,0,14,34,53,8,104,112,165
09/25/2014,VQQ,FL,ASO,ES,Federal Contract Tower,4,2,24,25,55,0,0,21,13,34,4,2,45,38,89,138,96,234,323
09/26/2014,VQQ,FL,ASO,ES,Federal Contract Tower,1,0,10,85,96,0,0,3,14,17,1,0,13,99,113,20,158,178,291
09/27/2014,VQQ,FL,ASO,ES,Federal Contract Tower,0,0,27,25,52,0,0,10,11,21,0,0,37,36,73,86,12,98,171
09/28/2014,VQQ,FL,ASO,ES,Federal Contract Tower,6,0,30,65,101,0,0,21,10,31,6,0,51,75,132,28,0,28,160
09/29/2014,VQQ,FL,ASO,ES,Federal Contract Tower,3,0,15,30,48,0,0,7,0,7,3,0,22,30,55,26,0,26,81
09/30/2014,VQQ,FL,ASO,ES,Federal Contract Tower,1,0,15,50,66,0,0,0,15,15,1,0,15,65,81,0,14,14,95
10/01/2014,VQQ,FL,ASO,ES,Federal Contract Tower,2,0,26,71,99,0,0,49,46,95,2,0,75,117,194,154,162,316,510
10/02/2014,VQQ,FL,ASO,ES,Federal Contract Tower,3,0,28,33,64,0,0,69,38,107,3,0,97,71,171,222,162,384,555
10/03/2014,VQQ,FL,ASO,ES,Federal Contract Tower,0,0,8,21,29,0,0,41,27,68,0,0,49,48,97,115,270,385,482
10/04/2014,VQQ,FL,ASO,ES,Federal Contract Tower,0,0,10,2,12,0,0,38,0,38,0,0,48,2,50,84,0,84,134
10/05/2014,VQQ,FL,ASO,ES,Federal Contract Tower,2,0,12,2,16,0,0,44,2,46,2,0,56,4,62,111,38,149,211
10/06/2014,VQQ,FL,ASO,ES,Federal Contract Tower,0,0,12,18,30,0,0,56,22,78,0,0,68,40,108,214,271,485,593
10/07/2014,VQQ,FL,ASO,ES,Federal Contract Tower,2,0,14,42,58,1,0,57,34,92,3,0,71,76,150,176,191,367,517
10/08/2014,VQQ,FL,ASO,ES,Federal Contract Tower,3,0,25,17,45,0,0,33,37,70,3,0,58,54,115,135,179,314,429
10/09/2014,VQQ,FL,ASO,ES,Federal Contract Tower,2,0,20,14,36,0,0,57,35,92,2,0,77,49,128,168,342,510,638
10/10/2014,VQQ,FL,ASO,ES,Federal Contract Tower,1,0,12,31,44,0,1,34,11,46,1,1,46,42,90,111,51,162,252
10/11/2014,VQQ,FL,ASO,ES,Federal Contract Tower,0,0,7,2,9,0,0,30,0,30,0,0,37,2,39,90,0,90,129
10/12/2014,VQQ,FL,ASO,ES,Federal Contract Tower,6,0,12,0,18,0,0,42,0,42,6,0,54,0,60,128,0,128,188
10/13/2014,VQQ,FL,ASO,ES,Federal Contract Tower,2,0,9,11,22,0,0,33,0,33,2,0,42,11,55,139,0,139,194
10/14/2014,VQQ,FL,ASO,ES,Federal Contract Tower,0,0,5,2,7,0,0,22,24,46,0,0,27,26,53,52,290,342,395
10/15/2014,VQQ,FL,ASO,ES,Federal Contract Tower,12,0,8,26,46,0,0,30,67,97,12,0,38,93,143,98,255,353,496
10/16/2014,VQQ,FL,ASO,ES,Federal Contract Tower,4,0,23,9,36,0,0,54,26,80,4,0,77,35,116,140,242,382,498
10/17/2014,VQQ,FL,ASO,ES,Federal Contract Tower,2,0,27,13,42,0,0,49,39,88,2,0,76,52,130,240,104,344,474
10/18/2014,VQQ,FL,ASO,ES,Federal Contract Tower,0,0,13,2,15,0,0,43,24,67,0,0,56,26,82,116,36,152,234
10/19/2014,VQQ,FL,ASO,ES,Federal Contract Tower,2,0,6,7,15,0,0,42,15,57,2,0,48,22,72,162,0,162,234
10/20/2014,VQQ,FL,ASO,ES,Federal Contract Tower,5,0,35,32,72,0,0,51,64,115,5,0,86,96,187,233,472,705,892
10/21/2014,VQQ,FL,ASO,ES,Federal Contract Tower,1,0,14,55,70,0,0,47,46,93,1,0,61,101,163,186,459,645,808
10/22/2014,VQQ,FL,ASO,ES,Federal Contract Tower,0,0,13,72,85,0,1,51,47,99,0,1,64,119,184,239,395,634,818
10/23/2014,VQQ,FL,ASO,ES,Federal Contract Tower,9,0,12,43,64,0,2,44,18,64,9,2,56,61,128,269,279,548,676
10/24/2014,VQQ,FL,ASO,ES,Federal Contract Tower,1,0,21,46,68,0,0,42,28,70,1,0,63,74,138,118,140,258,396
10/25/2014,VQQ,FL,ASO,ES,Federal Contract Tower,2,0,4,9,15,0,0,34,16,50,2,0,38,25,65,34,76,110,175
10/26/2014,VQQ,FL,ASO,ES,Federal Contract Tower,5,0,13,19,37,0,0,17,8,25,5,0,30,27,62,34,26,60,122
10/27/2014,VQQ,FL,ASO,ES,Federal Contract Tower,1,0,24,15,40,0,0,46,54,100,1,0,70,69,140,136,347,483,623
10/28/2014,VQQ,FL,ASO,ES,Federal Contract Tower,4,0,19,15,38,0,0,34,39,73,4,0,53,54,111,146,210,356,467
10/29/2014,VQQ,FL,ASO,ES,Federal Contract Tower,5,0,17,24,46,0,0,22,45,67,5,0,39,69,113,121,338,459,572
10/30/2014,VQQ,FL,ASO,ES,Federal Contract Tower,0,0,5,28,33,0,0,29,43,72,0,0,34,71,105,105,475,580,685
10/31/2014,VQQ,FL,ASO,ES,Federal Contract Tower,0,1,9,19,29,0,0,40,26,66,0,1,49,45,95,136,102,238,333
11/01/2014,VQQ,FL,ASO,ES,Federal Contract Tower,1,2,8,11,22,0,0,11,1,12,1,2,19,12,34,22,0,22,56
11/02/2014,VQQ,FL,ASO,ES,Federal Contract Tower,2,2,11,5,20,0,0,76,0,76,2,2,87,5,96,538,0,538,634
11/03/2014,VQQ,FL,ASO,ES,Federal Contract Tower,0,0,18,18,36,0,0,100,31,131,0,0,118,49,167,702,220,922,1089
11/04/2014,VQQ,FL,ASO,ES,Federal Contract Tower,0,0,15,48,63,0,1,83,47,131,0,1,98,95,194,620,300,920,1114
11/05/2014,VQQ,FL,ASO,ES,Federal Contract Tower,1,0,28,42,71,0,0,66,40,106,1,0,94,82,177,170,198,368,545
11/06/2014,VQQ,FL,ASO,ES,Federal Contract Tower,2,0,19,51,72,0,0,73,57,130,2,0,92,108,202,330,101,431,633
11/07/2014,VQQ,FL,ASO,ES,Federal Contract Tower,0,0,17,62,79,0,0,60,22,82,0,0,77,84,161,250,104,354,515
11/08/2014,VQQ,FL,ASO,ES,Federal Contract Tower,1,0,16,62,79,0,0,37,1,38,1,0,53,63,117,88,0,88,205
11/09/2014,VQQ,FL,ASO,ES,Federal Contract Tower,4,0,21,33,58,0,0,42,4,46,4,0,63,37,104,82,0,82,186
11/10/2014,VQQ,FL,ASO,ES,Federal Contract Tower,10,0,21,2,33,0,2,44,7,53,10,2,65,9,86,204,18,222,308
11/11/2014,VQQ,FL,ASO,ES,Federal Contract Tower,3,0,53,2,58,0,1,58,1,60,3,1,111,3,118,213,4,217,335
11/12/2014,VQQ,FL,ASO,ES,Federal Contract Tower,0,1,24,10,35,0,0,48,38,86,0,1,72,48,121,153,150,303,424
11/13/2014,VQQ,FL,ASO,ES,Federal Contract Tower,0,2,17,13,32,0,0,36,58,94,0,2,53,71,126,154,444,598,724
11/14/2014,VQQ,FL,ASO,ES,Federal Contract Tower,3,3,26,32,64,0,0,38,57,95,3,3,64,89,159,127,261,388,547
11/15/2014,VQQ,FL,ASO,ES,Federal Contract Tower,1,0,21,33,55,0,0,25,8,33,1,0,46,41,88,120,76,196,284
11/16/2014,VQQ,FL,ASO,ES,Federal Contract Tower,2,0,21,15,38,0,0,40,20,60,2,0,61,35,98,174,156,330,428
11/17/2014,VQQ,FL,ASO,ES,Federal Contract Tower,2,1,4,44,51,0,0,2,23,25,2,1,6,67,76,42,186,228,304
11/18/2014,VQQ,FL,ASO,ES,Federal Contract Tower,6,0,40,31,77,0,0,47,41,88,6,0,87,72,165,158,280,438,603
11/19/2014,VQQ,FL,ASO,ES,Federal Contract Tower,1,0,13,20,34,0,0,36,40,76,1,0,49,60,110,122,312,434,544
11/20/2014,VQQ,FL,ASO,ES,Federal Contract Tower,3,6,18,30,57,0,0,38,44,82,3,6,56,74,139,118,331,449,588
11/21/2014,VQQ,FL,ASO,ES,Federal Contract Tower,4,0,6,43,53,0,0,47,14,61,4,0,53,57,114,111,166,277,391
11/22/2014,VQQ,FL,ASO,ES,Federal Contract Tower,2,0,17,1,20,0,0,14,0,14,2,0,31,1,34,41,0,41,75
11/23/2014,VQQ,FL,ASO,ES,Federal Contract Tower,0,0,3,2,5,0,0,2,0,2,0,0,5,2,7,20,0,20,27
11/24/2014,VQQ,FL,ASO,ES,Federal Contract Tower,0,0,13,35,48,0,0,8,29,37,0,0,21,64,85,32,228,260,345
11/25/2014,VQQ,FL,ASO,ES,Federal Contract Tower,0,0,3,58,61,0,0,2,12,14,0,0,5,70,75,0,64,64,139
11/26/2014,VQQ,FL,ASO,ES,Federal Contract Tower,1,0,20,1,22,0,0,14,2,16,1,0,34,3,38,22,48,70,108
11/27/2014,VQQ,FL,ASO,ES,Federal Contract Tower,0,0,3,0,3,0,1,5,0,6,0,1,8,0,9,8,0,8,17
11/28/2014,VQQ,FL,ASO,ES,Federal Contract Tower,1,0,13,0,14,0,0,39,0,39,1,0,52,0,53,88,0,88,141
11/29/2014,VQQ,FL,ASO,ES,Federal Contract Tower,0,0,20,0,20,0,0,33,0,33,0,0,53,0,53,75,0,75,128
11/30/2014,VQQ,FL,ASO,ES,Federal Contract Tower,1,0,25,2,28,0,0,31,0,31,1,0,56,2,59,88,0,88,147
12/01/2014,VQQ,FL,ASO,ES,Federal Contract Tower,0,0,18,22,40,0,0,29,23,52,0,0,47,45,92,115,210,325,417
12/02/2014,VQQ,FL,ASO,ES,Federal Contract Tower,4,21,0,24,49,0,0,48,50,98,4,21,48,74,147,149,448,597,744
12/03/2014,VQQ,FL,ASO,ES,Federal Contract Tower,0,2,17,21,40,0,0,17,30,47,0,2,34,51,87,94,340,434,521
12/04/2014,VQQ,FL,ASO,ES,Federal Contract Tower,0,0,13,28,41,0,0,50,56,106,0,0,63,84,147,111,290,401,548
12/05/2014,VQQ,FL,ASO,ES,Federal Contract Tower,3,1,16,4,24,0,0,3,3,6,3,1,19,7,30,8,56,64,94
12/06/2014,VQQ,FL,ASO,ES,Federal Contract Tower,0,0,10,10,20,0,0,11,0,11,0,0,21,10,31,35,4,39,70
12/07/2014,VQQ,FL,ASO,ES,Federal Contract Tower,0,1,32,11,44,0,0,9,2,11,0,1,41,13,55,66,9,75,130
12/08/2014,VQQ,FL,ASO,ES,Federal Contract Tower,0,2,35,26,63,0,0,16,32,48,0,2,51,58,111,128,350,478,589
12/09/2014,VQQ,FL,ASO,ES,Federal Contract Tower,0,0,10,27,37,0,0,40,56,96,0,0,50,83,133,124,298,422,555
12/10/2014,VQQ,FL,ASO,ES,Federal Contract Tower,0,0,37,16,53,0,0,74,42,116,0,0,111,58,169,140,316,456,625
12/11/2014,VQQ,FL,ASO,ES,Federal Contract Tower,0,0,22,19,41,0,0,41,39,80,0,0,63,58,121,172,250,422,543
12/12/2014,VQQ,FL,ASO,ES,Federal Contract Tower,4,2,12,19,37,0,0,44,12,56,4,2,56,31,93,94,131,225,318
12/13/2014,VQQ,FL,ASO,ES,Federal Contract Tower,8,0,12,8,28,0,0,37,2,39,8,0,49,10,67,93,4,97,164
12/14/2014,VQQ,FL,ASO,ES,Federal Contract Tower,2,0,16,18,36,0,0,40,6,46,2,0,56,24,82,102,0,102,184
12/15/2014,VQQ,FL,ASO,ES,Federal Contract Tower,6,0,29,22,57,0,0,34,21,55,6,0,63,43,112,120,240,360,472
12/16/2014,VQQ,FL,ASO,ES,Federal Contract Tower,5,0,10,16,31,0,0,33,36,69,5,0,43,52,100,81,219,300,400
12/17/2014,VQQ,FL,ASO,ES,Federal Contract Tower,0,0,21,14,35,0,0,49,53,102,0,0,70,67,137,179,320,499,636
12/18/2014,VQQ,FL,ASO,ES,Federal Contract Tower,0,0,22,28,50,0,0,62,33,95,0,0,84,61,145,105,297,402,547
12/19/2014,VQQ,FL,ASO,ES,Federal Contract Tower,3,2,19,14,38,0,0,29,12,41,3,2,48,26,79,78,78,156,235
12/20/2014,VQQ,FL,ASO,ES,Federal Contract Tower,0,0,25,0,25,0,0,25,0,25,0,0,50,0,50,91,0,91,141
12/21/2014,VQQ,FL,ASO,ES,Federal Contract Tower,2,0,4,0,6,0,0,0,0,0,2,0,4,0,6,0,0,0,6
12/22/2014,VQQ,FL,ASO,ES,Federal Contract Tower,1,0,11,14,26,0,0,0,3,3,1,0,11,17,29,0,48,48,77
12/23/2014,VQQ,FL,ASO,ES,Federal Contract Tower,0,1,7,68,76,0,0,5,6,11,0,1,12,74,87,4,50,54,141
12/24/2014,VQQ,FL,ASO,ES,Federal Contract Tower,3,0,3,2,8,0,0,0,0,0,3,0,3,2,8,0,0,0,8
12/25/2014,VQQ,FL,ASO,ES,Federal Contract Tower,0,0,2,0,2,0,0,0,0,0,0,0,2,0,2,0,0,0,2
12/26/2014,VQQ,FL,ASO,ES,Federal Contract Tower,6,5,6,0,17,0,0,34,0,34,6,5,40,0,51,140,0,140,191
12/27/2014,VQQ,FL,ASO,ES,Federal Contract Tower,4,0,9,1,14,0,0,24,0,24,4,0,33,1,38,40,0,40,78
12/28/2014,VQQ,FL,ASO,ES,Federal Contract Tower,1,0,7,1,9,0,0,30,0,30,1,0,37,1,39,34,0,34,73
12/29/2014,VQQ,FL,ASO,ES,Federal Contract Tower,2,0,13,11,26,0,0,14,5,19,2,0,27,16,45,46,45,91,136
12/30/2014,VQQ,FL,ASO,ES,Federal Contract Tower,2,0,11,81,94,0,0,12,15,27,2,0,23,96,121,32,64,96,217
12/31/2014,VQQ,FL,ASO,ES,Federal Contract Tower,1,0,4,9,14,0,0,0,0,0,1,0,4,9,14,0,0,0,14
01/01/2015,VQQ,FL,ASO,ES,Federal Contract Tower,0,0,0,0,0,0,0,4,0,4,0,0,4,0,4,10,0,10,14
01/02/2015,VQQ,FL,ASO,ES,Federal Contract Tower,0,1,17,50,68,0,0,6,1,7,0,1,23,51,75,4,16,20,95
01/03/2015,VQQ,FL,ASO,ES,Federal Contract Tower,0,0,13,6,19,0,0,12,0,12,0,0,25,6,31,17,4,21,52
01/04/2015,VQQ,FL,ASO,ES,Federal Contract Tower,0,0,4,3,7,0,0,5,0,5,0,0,9,3,12,27,0,27,39
01/05/2015,VQQ,FL,ASO,ES,Federal Contract Tower,4,0,12,8,24,0,0,38,11,49,4,0,50,19,73,54,114,168,241
01/06/2015,VQQ,FL,ASO,ES,Federal Contract Tower,3,1,20,31,55,0,2,38,36,76,3,3,58,67,131,112,239,351,482
01/07/2015,VQQ,FL,ASO,ES,Federal Contract Tower,2,0,28,18,48,0,0,56,26,82,2,0,84,44,130,122,168,290,420
01/08/2015,VQQ,FL,ASO,ES,Federal Contract Tower,1,0,12,18,31,0,0,18,54,72,1,0,30,72,103,38,254,292,395
01/09/2015,VQQ,FL,ASO,ES,Federal Contract Tower,1,0,26,36,63,0,0,25,38,63,1,0,51,74,126,65,211,276,402
01/10/2015,VQQ,FL,ASO,ES,Federal Contract Tower,0,0,11,17,28,0,0,47,5,52,0,0,58,22,80,44,26,70,150
01/11/2015,VQQ,FL,ASO,ES,Federal Contract Tower,2,0,16,3,21,0,0,12,1,13,2,0,28,4,34,10,30,40,74
01/12/2015,VQQ,FL,ASO,ES,Federal Contract Tower,2,0,4,21,27,0,0,0,0,0,2,0,4,21,27,0,0,0,27
01/13/2015,VQQ,FL,ASO,ES,Federal Contract Tower,2,2,10,50,64,0,0,0,0,0,2,2,10,50,64,0,0,0,64
01/14/2015,VQQ,FL,ASO,ES,Federal Contract Tower,1,2,8,62,73,0,0,0,2,2,1,2,8,64,75,0,14,14,89
01/15/2015,VQQ,FL,ASO,ES,Federal Contract Tower,2,0,18,102,122,0,0,0,0,0,2,0,18,102,122,0,0,0,122
01/16/2015,VQQ,FL,ASO,ES,Federal Contract Tower,0,0,23,21,44,0,0,45,27,72,0,0,68,48,116,172,218,390,506
01/17/2015,VQQ,FL,ASO,ES,Federal Contract Tower,5,1,10,3,19,0,0,62,4,66,5,1,72,7,85,132,0,132,217
01/18/2015,VQQ,FL,ASO,ES,Federal Contract Tower,0,0,17,5,22,0,0,28,1,29,0,0,45,6,51,57,1,58,109
01/19/2015,VQQ,FL,ASO,ES,Federal Contract Tower,3,0,37,7,47,0,0,63,2,65,3,0,100,9,112,161,10,171,283
01/20/2015,VQQ,FL,ASO,ES,Federal Contract Tower,4,0,19,35,58,0,1,80,41,122,4,1,99,76,180,194,128,322,502
01/21/2015,VQQ,FL,ASO,ES,Federal Contract Tower,2,16,19,20,57,0,0,65,60,125,2,16,84,80,182,202,416,618,800
01/22/2015,VQQ,FL,ASO,ES,Federal Contract Tower,8,0,12,23,43,0,0,43,26,69,8,0,55,49,112,134,132,266,378
01/23/2015,VQQ,FL,ASO,ES,Federal Contract Tower,1,2,12,6,21,0,0,8,20,28,1,2,20,26,49,12,196,208,257
01/24/2015,VQQ,FL,ASO,ES,Federal Contract Tower,0,0,2,3,5,0,0,0,18,18,0,0,2,21,23,0,24,24,47
01/25/2015,VQQ,FL,ASO,ES,Federal Contract Tower,0,0,13,6,19,0,46,6,0,52,0,46,19,6,71,117,62,179,250
01/26/2015,VQQ,FL,ASO,ES,Federal Contract Tower,3,0,6,15,24,0,1,29,27,57,3,1,35,42,81,44,262,306,387
01/27/2015,VQQ,FL,ASO,ES,Federal Contract Tower,6,2,23,37,68,8,0,50,49,107,14,2,73,86,175,186,458,644,819
01/28/2015,VQQ,FL,ASO,ES,Federal Contract Tower,6,0,24,41,71,0,0,65,64,129,6,0,89,105,200,166,446,612,812
01/29/2015,VQQ,FL,ASO,ES,Federal Contract Tower,0,0,21,16,37,0,0,38,38,76,0,0,59,54,113,152,296,448,561
01/30/2015,VQQ,FL,ASO,ES,Federal Contract Tower,1,0,11,7,19,0,0,37,13,50,1,0,48,20,69,66,78,144,213
01/31/2015,VQQ,FL,ASO,ES,Federal Contract Tower,1,0,33,6,40,0,0,32,2,34,1,0,65,8,74,65,8,73,147
02/01/2015,VQQ,FL,ASO,ES,Federal Contract Tower,0,0,12,3,15,0,0,22,0,22,0,0,34,3,37,86,0,86,123
02/02/2015,VQQ,FL,ASO,ES,Federal Contract Tower,5,0,15,4,24,0,0,2,18,20,5,0,17,22,44,0,46,46,90
02/03/2015,VQQ,FL,ASO,ES,Federal Contract Tower,3,0,15,12,30,4,0,68,40,112,7,0,83,52,142,231,194,425,567
02/04/2015,VQQ,FL,ASO,ES,Federal Contract Tower,4,2,14,31,51,0,0,18,12,30,4,2,32,43,81,62,84,146,227
02/05/2015,VQQ,FL,ASO,ES,Federal Contract Tower,0,0,19,19,38,0,0,41,36,77,0,0,60,55,115,70,206,276,391
02/06/2015,VQQ,FL,ASO,ES,Federal Contract Tower,0,0,9,41,50,0,0,60,33,93,0,0,69,74,143,174,204,378,521
02/07/2015,VQQ,FL,ASO,ES,Federal Contract Tower,8,0,8,18,34,0,45,19,0,64,8,45,27,18,98,139,48,187,285
02/08/2015,VQQ,FL,ASO,ES,Federal Contract Tower,0,0,3,6,9,0,0,34,15,49,0,0,37,21,58,70,24,94,152
02/09/2015,VQQ,FL,ASO,ES,Federal Contract Tower,5,0,15,4,24,0,0,27,15,42,5,0,42,19,66,62,145,207,273
02/10/2015,VQQ,FL,ASO,ES,Federal Contract Tower,2,0,12,17,31,0,0,3,41,44,2,0,15,58,75,6,236,242,317
02/11/2015,VQQ,FL,ASO,ES,Federal Contract Tower,6,0,42,25,73,0,0,72,46,118,6,0,114,71,191,354,350,704,895
02/12/2015,VQQ,FL,ASO,ES,Federal Contract Tower,3,0,12,13,28,0,0,38,49,87,3,0,50,62,115,64,220,284,399
02/13/2015,VQQ,FL,ASO,ES,Federal Contract Tower,2,0,6,26,34,0,0,49,6,55,2,0,55,32,89,132,37,169,258
02/14/2015,VQQ,FL,ASO,ES,Federal Contract Tower,3,0,12,12,27,0,0,54,2,56,3,0,66,14,83,200,0,200,283
02/15/2015,VQQ,FL,ASO,ES,Federal Contract Tower,8,0,21,6,35,0,0,35,3,38,8,0,56,9,73,153,0,153,226
02/16/2015,VQQ,FL,ASO,ES,Federal Contract Tower,0,0,12,2,14,0,0,55,2,57,0,0,67,4,71,164,0,164,235
02/17/2015,VQQ,FL,ASO,ES,Federal Contract Tower,0,0,14,27,41,0,0,0,0,0,0,0,14,27,41,0,0,0,41
02/18/2015,VQQ,FL,ASO,ES,Federal Contract Tower,0,0,23,30,53,0,0,58,34,92,0,0,81,64,145,154,278,432,577
02/19/2015,VQQ,FL,ASO,ES,Federal Contract Tower,0,0,27,15,42,0,0,32,42,74,0,0,59,57,116,128,173,301,417
02/20/2015,VQQ,FL,ASO,ES,Federal Contract Tower,2,0,4,40,46,0,0,48,36,84,2,0,52,76,130,134,156,290,420
02/21/2015,VQQ,FL,ASO,ES,Federal Contract Tower,4,0,11,14,29,0,0,32,4,36,4,0,43,18,65,150,8,158,223
02/22/2015,VQQ,FL,ASO,ES,Federal Contract Tower,11,0,8,6,25,0,0,25,6,31,11,0,33,12,56,108,20,128,184
02/23/2015,VQQ,FL,ASO,ES,Federal Contract Tower,7,0,18,19,44,0,0,22,18,40,7,0,40,37,84,82,198,280,364
02/24/2015,VQQ,FL,ASO,ES,Federal Contract Tower,3,2,20,22,47,0,0,0,2,2,3,2,20,24,49,0,42,42,91
02/25/2015,VQQ,FL,ASO,ES,Federal Contract Tower,2,0,14,49,65,0,0,0,16,16,2,0,14,65,81,0,106,106,187
02/26/2015,VQQ,FL,ASO,ES,Federal Contract Tower,0,0,34,57,91,0,0,24,42,66,0,0,58,99,157,150,286,436,593
02/27/2015,VQQ,FL,ASO,ES,Federal Contract Tower,0,0,16,46,62,0,0,48,22,70,0,0,64,68,132,224,128,352,484
02/28/2015,VQQ,FL,ASO,ES,Federal Contract Tower,0,0,13,9,22,0,0,0,0,0,0,0,13,9,22,0,0,0,22
03/01/2015,VQQ,FL,ASO,ES,Federal Contract Tower,1,0,8,3,12,0,0,0,0,0,1,0,8,3,12,0,0,0,12
03/02/2015,VQQ,FL,ASO,ES,Federal Contract Tower,5,0,17,24,46,0,0,50,18,68,5,0,67,42,114,164,125,289,403
03/03/2015,VQQ,FL,ASO,ES,Federal Contract Tower,2,0,18,25,45,0,0,39,27,66,2,0,57,52,111,128,315,443,554
03/04/2015,VQQ,FL,ASO,ES,Federal Contract Tower,0,0,2,32,34,0,0,58,45,103,0,0,60,77,137,186,238,424,561
03/05/2015,VQQ,FL,ASO,ES,Federal Contract Tower,2,0,14,28,44,0,0,33,37,70,2,0,47,65,114,101,166,267,381
03/06/2015,VQQ,FL,ASO,ES,Federal Contract Tower,2,0,19,19,40,0,0,0,0,0,2,0,19,19,40,0,0,0,40
03/07/2015,VQQ,FL,ASO,ES,Federal Contract Tower,0,0,31,23,54,0,0,30,7,37,0,0,61,30,91,142,50,192,283
03/08/2015,VQQ,FL,ASO,ES,Federal Contract Tower,6,0,8,11,25,0,0,31,7,38,6,0,39,18,63,116,30,146,209
03/09/2015,VQQ,FL,ASO,ES,Federal Contract Tower,4,0,7,27,38,0,0,57,21,78,4,0,64,48,116,149,90,239,355
03/10/2015,VQQ,FL,ASO,ES,Federal Contract Tower,2,0,19,20,41,0,0,39,29,68,2,0,58,49,109,110,126,236,345
03/11/2015,VQQ,FL,ASO,ES,Federal Contract Tower,2,0,21,64,87,0,0,28,45,73,2,0,49,109,160,112,352,464,624
03/12/2015,VQQ,FL,ASO,ES,Federal Contract Tower,4,2,18,51,75,0,0,3,42,45,4,2,21,93,120,6,242,248,368
03/13/2015,VQQ,FL,ASO,ES,Federal Contract Tower,2,1,16,14,33,0,0,3,20,23,2,1,19,34,56,20,76,96,152
03/14/2015,VQQ,FL,ASO,ES,Federal Contract Tower,7,0,14,0,21,0,0,25,12,37,7,0,39,12,58,138,52,190,248
03/15/2015,VQQ,FL,ASO,ES,Federal Contract Tower,2,2,11,1,16,0,0,37,11,48,2,2,48,12,64,158,70,228,292
03/16/2015,VQQ,FL,ASO,ES,Federal Contract Tower,5,0,6,4,15,0,0,62,14,76,5,0,68,18,91,181,118,299,390
03/17/2015,VQQ,FL,ASO,ES,Federal Contract Tower,0,0,7,11,18,0,0,45,10,55,0,0,52,21,73,117,75,192,265
03/18/2015,VQQ,FL,ASO,ES,Federal Contract Tower,3,0,10,21,34,0,0,51,34,85,3,0,61,55,119,95,202,297,416
03/19/2015,VQQ,FL,ASO,ES,Federal Contract Tower,2,0,13,9,24,0,0,10,34,44,2,0,23,43,68,46,181,227,295
03/20/2015,VQQ,FL,ASO,ES,Federal Contract Tower,3,0,5,25,33,0,0,13,12,25,3,0,18,37,58,74,46,120,178
03/21/2015,VQQ,FL,ASO,ES,Federal Contract Tower,1,0,7,6,14,0,0,16,3,19,1,0,23,9,33,24,8,32,65
03/22/2015,VQQ,FL,ASO,ES,Federal Contract Tower,2,1,4,0,7,0,0,2,0,2,2,1,6,0,9,0,0,0,9
03/23/2015,VQQ,FL,ASO,ES,Federal Contract Tower,2,2,5,5,14,0,0,0,1,1,2,2,5,6,15,0,0,0,15
03/24/2015,VQQ,FL,ASO,ES,Federal Contract Tower,0,2,17,8,27,0,0,7,6,13,0,2,24,14,40,34,94,128,168
03/25/2015,VQQ,FL,ASO,ES,Federal Contract Tower,2,0,19,22,43,0,0,15,30,45,2,0,34,52,88,94,244,338,426
03/26/2015,VQQ,FL,ASO,ES,Federal Contract Tower,2,2,14,6,24,0,0,18,11,29,2,2,32,17,53,54,62,116,169
03/27/2015,VQQ,FL,ASO,ES,Federal Contract Tower,0,0,8,11,19,0,0,5,19,24,0,0,13,30,43,16,118,134,177
03/28/2015,VQQ,FL,ASO,ES,Federal Contract Tower,0,1,12,0,13,0,0,57,0,57,0,1,69,0,70,110,0,110,180
03/29/2015,VQQ,FL,ASO,ES,Federal Contract Tower,1,0,18,0,19,0,0,47,4,51,1,0,65,4,70,98,2,100,170
03/30/2015,VQQ,FL,ASO,ES,Federal Contract Tower,3,2,14,18,37,0,0,50,26,76,3,2,64,44,113,181,276,457,570
03/31/2015,VQQ,FL,ASO,ES,Federal Contract Tower,2,3,16,6,27,0,0,51,30,81,2,3,67,36,108,126,55,181,289
04/01/2015,VQQ,FL,ASO,ES,Federal Contract Tower,1,0,6,43,50,0,0,67,26,93,1,0,73,69,143,170,188,358,501
04/02/2015,VQQ,FL,ASO,ES,Federal Contract Tower,1,0,40,27,68,0,0,50,45,95,1,0,90,72,163,136,369,505,668
04/03/2015,VQQ,FL,ASO,ES,Federal Contract Tower,0,0,8,9,17,0,0,62,13,75,0,0,70,22,92,234,60,294,386
04/04/2015,VQQ,FL,ASO,ES,Federal Contract Tower,1,0,9,0,10,0,0,14,0,14,1,0,23,0,24,68,0,68,92
04/05/2015,VQQ,FL,ASO,ES,Federal Contract Tower,0,0,3,0,3,0,0,8,0,8,0,0,11,0,11,64,0,64,75
04/06/2015,VQQ,FL,ASO,ES,Federal Contract Tower,3,0,18,7,28,0,0,26,15,41,3,0,44,22,69,84,72,156,225
04/07/2015,VQQ,FL,ASO,ES,Federal Contract Tower,0,0,14,40,54,0,0,63,40,103,0,0,77,80,157,197,201,398,555
04/08/2015,VQQ,FL,ASO,ES,Federal Contract Tower,0,0,17,59,76,0,0,69,65,134,0,0,86,124,210,157,275,432,642
04/09/2015,VQQ,FL,ASO,ES,Federal Contract Tower,3,0,10,55,68,0,0,46,30,76,3,0,56,85,144,178,210,388,532
04/10/2015,VQQ,FL,ASO,ES,Federal Contract Tower,1,0,11,78,90,0,0,42,33,75,1,0,53,111,165,156,221,377,542
04/11/2015,VQQ,FL,ASO,ES,Federal Contract Tower,11,0,15,26,52,0,0,31,2,33,11,0,46,28,85,115,12,127,212
04/12/2015,VQQ,FL,ASO,ES,Federal Contract Tower,0,0,15,1,16,0,0,19,2,21,0,0,34,3,37,38,0,38,75
04/13/2015,VQQ,FL,ASO,ES,Federal Contract Tower,2,0,2,7,11,0,0,17,8,25,2,0,19,15,36,86,54,140,176
04/14/2015,VQQ,FL,ASO,ES,Federal Contract Tower,0,0,8,22,30,0,0,31,28,59,0,0,39,50,89,155,240,395,484
04/15/2015,VQQ,FL,ASO,ES,Federal Contract Tower,0,0,8,39,47,0,0,24,25,49,0,0,32,64,96,68,98,166,262
04/16/2015,VQQ,FL,ASO,ES,Federal Contract Tower,1,5,41,54,101,0,0,0,11,11,1,5,41,65,112,0,76,76,188
04/17/2015,VQQ,FL,ASO,ES,Federal Contract Tower,6,2,15,45,68,0,0,1,22,23,6,2,16,67,91,0,26,26,117
04/18/2015,VQQ,FL,ASO,ES,Federal Contract Tower,4,0,13,0,17,0,0,9,14,23,4,0,22,14,40,44,66,110,150
04/19/2015,VQQ,FL,ASO,ES,Federal Contract Tower,2,0,5,7,14,0,0,22,16,38,2,0,27,23,52,20,24,44,96
04/20/2015,VQQ,FL,ASO,ES,Federal Contract Tower,0,0,3,4,7,0,0,32,12,44,0,0,35,16,51,125,89,214,265
04/21/2015,VQQ,FL,ASO,ES,Federal Contract Tower,1,0,28,28,57,0,0,30,25,55,1,0,58,53,112,95,141,236,348
04/22/2015,VQQ,FL,ASO,ES,Federal Contract Tower,0,0,21,28,49,0,0,50,35,85,0,0,71,63,134,171,264,435,569
04/23/2015,VQQ,FL,ASO,ES,Federal Contract Tower,2,1,23,20,46,0,0,45,35,80,2,1,68,55,126,68,250,318,444
04/24/2015,VQQ,FL,ASO,ES,Federal Contract Tower,0,0,30,11,41,0,0,43,11,54,0,0,73,22,95,110,0,110,205
04/25/2015,VQQ,FL,ASO,ES,Federal Contract Tower,0,0,0,7,7,0,0,9,2,11,0,0,9,9,18,43,2,45,63
04/26/2015,VQQ,FL,ASO,ES,Federal Contract Tower,1,0,18,3,22,0,0,18,8,26,1,0,36,11,48,32,0,32,80
04/27/2015,VQQ,FL,ASO,ES,Federal Contract Tower,2,0,25,6,33,0,0,20,20,40,2,0,45,26,73,138,150,288,361
04/28/2015,VQQ,FL,ASO,ES,Federal Contract Tower,4,3,9,24,40,0,0,13,23,36,4,3,22,47,76,107,213,320,396
04/29/2015,VQQ,FL,ASO,ES,Federal Contract Tower,1,0,34,31,66,0,0,13,10,23,1,0,47,41,89,28,112,140,229
04/30/2015,VQQ,FL,ASO,ES,Federal Contract Tower,0,0,25,15,40,0,0,41,43,84,0,0,66,58,124,146,162,308,432
05/01/2015,VQQ,FL,ASO,ES,Federal Contract Tower,1,2,9,11,23,0,0,22,19,41,1,2,31,30,64,42,120,162,226
05/02/2015,VQQ,FL,ASO,ES,Federal Contract Tower,2,2,31,5,40,0,0,32,1,33,2,2,63,6,73,82,0,82,155
05/03/2015,VQQ,FL,ASO,ES,Federal Contract Tower,0,2,11,1,14,0,0,33,9,42,0,2,44,10,56,62,6,68,124
05/04/2015,VQQ,FL,ASO,ES,Federal Contract Tower,0,0,31,11,42,0,0,29,25,54,0,0,60,36,96,100,250,350,446
05/05/2015,VQQ,FL,ASO,ES,Federal Contract Tower,0,0,25,21,46,0,0,22,30,52,0,0,47,51,98,36,207,243,341
05/06/2015,VQQ,FL,ASO,ES,Federal Contract Tower,10,0,20,9,39,0,0,11,26,37,10,0,31,35,76,55,168,223,299
05/07/2015,VQQ,FL,ASO,ES,Federal Contract Tower,2,0,23,31,56,0,0,40,26,66,2,0,63,57,122,91,279,370,492
05/08/2015,VQQ,FL,ASO,ES,Federal Contract Tower,9,0,11,21,41,0,0,53,23,76,9,0,64,44,117,115,108,223,340
05/09/2015,VQQ,FL,ASO,ES,Federal Contract Tower,7,0,2,0,9,2,0,47,0,49,9,0,49,0,58,74,0,74,132
05/10/2015,VQQ,FL,ASO,ES,Federal Contract Tower,1,0,9,4,14,0,0,40,8,48,1,0,49,12,62,42,26,68,130
05/11/2015,VQQ,FL,ASO,ES,Federal Contract Tower,1,0,10,6,17,0,0,68,25,93,1,0,78,31,110,106,81,187,297
05/12/2015,VQQ,FL,ASO,ES,Federal Contract Tower,3,0,8,7,18,0,0,31,15,46,3,0,39,22,64,101,144,245,309
05/13/2015,VQQ,FL,ASO,ES,Federal Contract Tower,5,0,13,20,38,0,0,32,22,54,5,0,45,42,92,68,54,122,214
05/14/2015,VQQ,FL,ASO,ES,Federal Contract Tower,2,0,10,15,27,0,0,40,18,58,2,0,50,33,85,134,90,224,309
05/15/2015,VQQ,FL,ASO,ES,Federal Contract Tower,0,0,23,18,41,0,1,21,19,41,0,1,44,37,82,98,45,143,225
05/16/2015,VQQ,FL,ASO,ES,Federal Contract Tower,4,0,22,10,36,0,0,33,7,40,4,0,55,17,76,88,6,94,170
05/17/2015,VQQ,FL,ASO,ES,Federal Contract Tower,2,0,9,0,11,0,0,42,4,46,2,0,51,4,57,86,38,124,181
05/18/2015,VQQ,FL,ASO,ES,Federal Contract Tower,7,0,16,24,47,0,0,60,41,101,7,0,76,65,148,113,252,365,513
05/19/2015,VQQ,FL,ASO,ES,Federal Contract Tower,0,0,8,54,62,0,0,41,28,69,0,0,49,82,131,70,212,282,413
05/20/2015,VQQ,FL,ASO,ES,Federal Contract Tower,1,0,23,60,84,2,1,36,32,71,3,1,59,92,155,104,218,322,477
05/21/2015,VQQ,FL,ASO,ES,Federal Contract Tower,0,5,18,40,63,0,0,62,52,114,0,5,80,92,177,150,228,378,555
05/22/2015,VQQ,FL,ASO,ES,Federal Contract Tower,4,0,17,7,28,0,1,52,8,61,4,1,69,15,89,76,2,78,167
05/23/2015,VQQ,FL,ASO,ES,Federal Contract Tower,7,2,4,0,13,0,5,39,0,44,7,7,43,0,57,82,0,82,139
05/24/2015,VQQ,FL,ASO,ES,Federal Contract Tower,2,0,16,4,22,0,0,43,0,43,2,0,59,4,65,20,0,20,85
05/25/2015,VQQ,FL,ASO,ES,Federal Contract Tower,1,0,16,1,18,0,0,15,4,19,1,0,31,5,37,50,0,50,87
05/26/2015,VQQ,FL,ASO,ES,Federal Contract Tower,2,0,20,43,65,0,0,48,15,63,2,0,68,58,128,120,166,286,414
05/27/2015,VQQ,FL,ASO,ES,Federal Contract Tower,4,0,15,50,69,0,2,33,44,79,4,2,48,94,148,114,225,339,487
05/28/2015,VQQ,FL,ASO,ES,Federal Contract Tower,2,0,18,35,55,2,0,55,36,93,4,0,73,71,148,75,210,285,433
05/29/2015,VQQ,FL,ASO,ES,Federal Contract Tower,2,0,9,33,44,0,0,41,12,53,2,0,50,45,97,59,38,97,194
05/30/2015,VQQ,FL,ASO,ES,Federal Contract Tower,0,0,11,4,15,0,0,15,0,15,0,0,26,4,30,52,0,52,82
05/31/2015,VQQ,FL,ASO,ES,Federal Contract Tower,1,0,12,4,17,0,0,26,6,32,1,0,38,10,49,62,0,62,111
06/01/2015,VQQ,FL,ASO,ES,Federal Contract Tower,2,0,7,40,49,6,0,31,26,63,8,0,38,66,112,144,142,286,398
06/02/2015,VQQ,FL,ASO,ES,Federal Contract Tower,2,0,8,40,50,0,0,42,19,61,2,0,50,59,111,139,215,354,465
06/03/2015,VQQ,FL,ASO,ES,Federal Contract Tower,2,2,15,54,73,0,0,27,38,65,2,2,42,92,138,55,304,359,497
06/04/2015,VQQ,FL,ASO,ES,Federal Contract Tower,5,0,13,10,28,0,0,26,20,46,5,0,39,30,74,81,46,127,201
06/05/2015,VQQ,FL,ASO,ES,Federal Contract Tower,0,0,4,53,57,0,1,23,20,44,0,1,27,73,101,41,97,138,239
06/06/2015,VQQ,FL,ASO,ES,Federal Contract Tower,0,0,5,1,6,0,0,41,5,46,0,0,46,6,52,83,0,83,135
06/07/2015,VQQ,FL,ASO,ES,Federal Contract Tower,5,2,21,14,42,0,0,33,10,43,5,2,54,24,85,38,28,66,151
06/08/2015,VQQ,FL,ASO,ES,Federal Contract Tower,6,2,2,42,52,0,0,45,15,60,6,2,47,57,112,103,62,165,277
06/09/2015,VQQ,FL,ASO,ES,Federal Contract Tower,3,0,16,66,85,0,0,24,39,63,3,0,40,105,148,63,138,201,349
06/10/2015,VQQ,FL,ASO,ES,Federal Contract Tower,0,0,10,42,52,0,0,25,30,55,0,0,35,72,107,62,149,211,318
06/11/2015,VQQ,FL,ASO,ES,Federal Contract Tower,0,0,18,52,70,0,0,28,29,57,0,0,46,81,127,50,240,290,417
06/12/2015,VQQ,FL,ASO,ES,Federal Contract Tower,6,0,21,24,51,0,0,57,13,70,6,0,78,37,121,91,39,130,251
06/13/2015,VQQ,FL,ASO,ES,Federal Contract Tower,5,0,12,12,29,0,0,32,1,33,5,0,44,13,62,72,2,74,136
06/14/2015,VQQ,FL,ASO,ES,Federal Contract Tower,0,0,7,8,15,0,0,13,4,17,0,0,20,12,32,57,9,66,98
06/15/2015,VQQ,FL,ASO,ES,Federal Contract Tower,2,0,16,33,51,0,1,33,25,59,2,1,49,58,110,116,101,217,327
06/16/2015,VQQ,FL,ASO,ES,Federal Contract Tower,0,0,11,32,43,0,0,23,25,48,0,0,34,57,91,107,127,234,325
06/17/2015,VQQ,FL,ASO,ES,Federal Contract Tower,0,0,12,98,110,0,0,27,33,60,0,0,39,131,170,76,122,198,368
06/18/2015,VQQ,FL,ASO,ES,Federal Contract Tower,0,0,17,39,56,0,0,21,14,35,0,0,38,53,91,18,118,136,227
06/19/2015,VQQ,FL,ASO,ES,Federal Contract Tower,7,0,20,25,52,0,1,21,3,25,7,1,41,28,77,54,4,58,135
06/20/2015,VQQ,FL,ASO,ES,Federal Contract Tower,8,0,10,2,20,2,1,50,2,55,10,1,60,4,75,50,87,137,212
06/21/2015,VQQ,FL,ASO,ES,Federal Contract Tower,0,0,4,4,8,0,0,14,1,15,0,0,18,5,23,44,1,45,68
06/22/2015,VQQ,FL,ASO,ES,Federal Contract Tower,5,0,17,52,74,0,0,25,36,61,5,0,42,88,135,44,210,254,389
06/23/2015,VQQ,FL,ASO,ES,Federal Contract Tower,10,1,17,45,73,0,0,20,29,49,10,1,37,74,122,32,182,214,336
06/24/2015,VQQ,FL,ASO,ES,Federal Contract Tower,0,0,26,45,71,0,0,29,30,59,0,0,55,75,130,102,182,284,414
06/25/2015,VQQ,FL,ASO,ES,Federal Contract Tower,6,0,18,39,63,0,0,29,25,54,6,0,47,64,117,62,164,226,343
06/26/2015,VQQ,FL,ASO,ES,Federal Contract Tower,7,0,12,40,59,0,0,14,19,33,7,0,26,59,92,63,88,151,243
06/27/2015,VQQ,FL,ASO,ES,Federal Contract Tower,1,0,7,9,17,0,0,15,2,17,1,0,22,11,34,36,0,36,70
06/28/2015,VQQ,FL,ASO,ES,Federal Contract Tower,0,0,15,11,26,0,0,5,3,8,0,0,20,14,34,14,6,20,54
06/29/2015,VQQ,FL,ASO,ES,Federal Contract Tower,0,0,20,54,74,0,0,6,27,33,0,0,26,81,107,16,125,141,248
06/30/2015,VQQ,FL,ASO,ES,Federal Contract Tower,3,0,11,53,67,0,0,19,27,46,3,0,30,80,113,44,119,163,276
07/01/2015,VQQ,FL,ASO,ES,Federal Contract Tower,1,2,16,36,55,0,0,45,33,78,1,2,61,69,133,159,296,455,588
07/02/2015,VQQ,FL,ASO,ES,Federal Contract Tower,8,0,13,6,27,0,0,32,22,54,8,0,45,28,81,98,127,225,306
07/03/2015,VQQ,FL,ASO,ES,Federal Contract Tower,0,0,15,0,15,0,0,40,2,42,0,0,55,2,57,90,0,90,147
07/04/2015,VQQ,FL,ASO,ES,Federal Contract Tower,1,0,0,0,1,0,0,10,0,10,1,0,10,0,11,30,0,30,41
07/05/2015,VQQ,FL,ASO,ES,Federal Contract Tower,2,0,17,3,22,0,2,10,0,12,2,2,27,3,34,10,0,10,44
07/06/2015,VQQ,FL,ASO,ES,Federal Contract Tower,1,0,19,27,47,0,0,32,12,44,1,0,51,39,91,78,191,269,360
07/07/2015,VQQ,FL,ASO,ES,Federal Contract Tower,4,0,15,36,55,0,1,47,30,78,4,1,62,66,133,135,145,280,413
07/08/2015,VQQ,FL,ASO,ES,Federal Contract Tower,0,0,14,71,85,0,0,43,58,101,0,0,57,129,186,107,173,280,466
07/09/2015,VQQ,FL,ASO,ES,Federal Contract Tower,1,2,18,64,85,0,0,58,57,115,1,2,76,121,200,129,253,382,582
07/10/2015,VQQ,FL,ASO,ES,Federal Contract Tower,7,0,17,56,80,0,0,42,29,71,7,0,59,85,151,81,76,157,308
07/11/2015,VQQ,FL,ASO,ES,Federal Contract Tower,2,0,16,10,28,0,0,21,19,40,2,0,37,29,68,48,34,82,150
07/12/2015,VQQ,FL,ASO,ES,Federal Contract Tower,2,0,6,6,14,0,0,21,15,36,2,0,27,21,50,54,54,108,158
07/13/2015,VQQ,FL,ASO,ES,Federal Contract Tower,4,0,9,61,74,0,0,32,24,56,4,0,41,85,130,37,96,133,263
07/14/2015,VQQ,FL,ASO,ES,Federal Contract Tower,6,0,17,76,99,6,0,34,69,109,12,0,51,145,208,145,260,405,613
07/15/2015,VQQ,FL,ASO,ES,Federal Contract Tower,3,0,8,45,56,0,0,15,31,46,3,0,23,76,102,54,318,372,474
07/16/2015,VQQ,FL,ASO,ES,Federal Contract Tower,2,0,25,26,53,0,0,22,25,47,2,0,47,51,100,92,165,257,357
07/17/2015,VQQ,FL,ASO,ES,Federal Contract Tower,7,0,25,32,64,0,0,12,12,24,7,0,37,44,88,36,117,153,241
07/18/2015,VQQ,FL,ASO,ES,Federal Contract Tower,2,0,3,9,14,0,0,11,2,13,2,0,14,11,27,15,0,15,42
07/19/2015,VQQ,FL,ASO,ES,Federal Contract Tower,1,0,13,6,20,0,0,12,4,16,1,0,25,10,36,45,0,45,81
07/20/2015,VQQ,FL,ASO,ES,Federal Contract Tower,2,0,13,27,42,0,0,20,10,30,2,0,33,37,72,117,156,273,345
07/21/2015,VQQ,FL,ASO,ES,Federal Contract Tower,4,2,12,38,56,0,0,17,26,43,4,2,29,64,99,57,200,257,356
07/22/2015,VQQ,FL,ASO,ES,Federal Contract Tower,0,0,16,28,44,0,0,33,42,75,0,0,49,70,119,94,196,290,409
07/23/2015,VQQ,FL,ASO,ES,Federal Contract Tower,0,0,20,62,82,0,0,24,54,78,0,0,44,116,160,34,237,271,431
07/24/2015,VQQ,FL,ASO,ES,Federal Contract Tower,5,0,13,16,34,0,0,22,14,36,5,0,35,30,70,53,0,53,123
07/25/2015,VQQ,FL,ASO,ES,Federal Contract Tower,0,0,5,13,18,0,0,5,0,5,0,0,10,13,23,24,30,54,77
07/26/2015,VQQ,FL,ASO,ES,Federal Contract Tower,0,0,13,15,28,0,0,0,1,1,0,0,13,16,29,0,32,32,61
07/27/2015,VQQ,FL,ASO,ES,Federal Contract Tower,4,0,7,31,42,0,0,12,18,30,4,0,19,49,72,0,76,76,148
07/28/2015,VQQ,FL,ASO,ES,Federal Contract Tower,0,2,18,54,74,0,1,13,33,47,0,3,31,87,121,26,200,226,347
07/29/2015,VQQ,FL,ASO,ES,Federal Contract Tower,3,2,12,53,70,0,0,15,32,47,3,2,27,85,117,33,232,265,382
07/30/2015,VQQ,FL,ASO,ES,Federal Contract Tower,0,2,16,64,82,0,0,9,36,45,0,2,25,100,127,38,225,263,390
07/31/2015,VQQ,FL,ASO,ES,Federal Contract Tower,9,0,2,26,37,0,0,10,20,30,9,0,12,46,67,27,112,139,206
08/01/2015,VQQ,FL,ASO,ES,Federal Contract Tower,4,0,6,5,15,0,0,3,2,5,4,0,9,7,20,0,0,0,20
08/02/2015,VQQ,FL,ASO,ES,Federal Contract Tower,0,0,11,10,21,0,0,6,0,6,0,0,17,10,27,22,0,22,49
08/03/2015,VQQ,FL,ASO,ES,Federal Contract Tower,1,0,11,33,45,0,0,1,0,1,1,0,12,33,46,0,0,0,46
08/04/2015,VQQ,FL,ASO,ES,Federal Contract Tower,4,0,8,47,59,0,0,11,12,23,4,0,19,59,82,12,120,132,214
08/05/2015,VQQ,FL,ASO,ES,Federal Contract Tower,0,0,28,47,75,0,0,16,46,62,0,0,44,93,137,10,250,260,397
08/06/2015,VQQ,FL,ASO,ES,Federal Contract Tower,5,0,27,41,73,0,0,23,42,65,5,0,50,83,138,84,248,332,470
08/07/2015,VQQ,FL,ASO,ES,Federal Contract Tower,9,0,1,28,38,0,0,9,17,26,9,0,10,45,64,21,54,75,139
08/08/2015,VQQ,FL,ASO,ES,Federal Contract Tower,3,0,13,2,18,0,0,8,0,8,3,0,21,2,26,56,0,56,82
08/09/2015,VQQ,FL,ASO,ES,Federal Contract Tower,8,0,8,3,19,0,0,16,1,17,8,0,24,4,36,26,2,28,64
08/10/2015,VQQ,FL,ASO,ES,Federal Contract Tower,0,0,14,86,100,0,0,43,47,90,0,0,57,133,190,106,332,438,628
08/11/2015,VQQ,FL,ASO,ES,Federal Contract Tower,1,0,9,93,103,0,0,22,28,50,1,0,31,121,153,22,225,247,400
08/12/2015,VQQ,FL,ASO,ES,Federal Contract Tower,1,1,2,71,75,0,0,8,29,37,1,1,10,100,112,26,176,202,314
08/13/2015,VQQ,FL,ASO,ES,Federal Contract Tower,0,0,20,61,81,0,0,8,32,40,0,0,28,93,121,27,273,300,421
08/14/2015,VQQ,FL,ASO,ES,Federal Contract Tower,4,0,19,46,69,0,0,24,17,41,4,0,43,63,110,64,109,173,283
08/15/2015,VQQ,FL,ASO,ES,Federal Contract Tower,0,0,16,2,18,0,0,5,0,5,0,0,21,2,23,20,0,20,43
08/16/2015,VQQ,FL,ASO,ES,Federal Contract Tower,0,0,19,4,23,0,0,13,0,13,0,0,32,4,36,24,0,24,60
08/17/2015,VQQ,FL,ASO,ES,Federal Contract Tower,0,0,15,44,59,0,0,13,19,32,0,0,28,63,91,21,58,79,170
08/18/2015,VQQ,FL,ASO,ES,Federal Contract Tower,7,2,14,55,78,0,0,16,26,42,7,2,30,81,120,28,341,369,489
08/19/2015,VQQ,FL,ASO,ES,Federal Contract Tower,2,0,10,40,52,0,0,27,28,55,2,0,37,68,107,52,106,158,265
08/20/2015,VQQ,FL,ASO,ES,Federal Contract Tower,1,4,18,51,74,0,0,22,23,45,1,4,40,74,119,122,22,144,263
08/21/2015,VQQ,FL,ASO,ES,Federal Contract Tower,4,0,17,58,79,0,0,16,24,40,4,0,33,82,119,38,129,167,286
08/22/2015,VQQ,FL,ASO,ES,Federal Contract Tower,2,0,0,19,21,0,0,12,24,36,2,0,12,43,57,42,53,95,152
08/23/2015,VQQ,FL,ASO,ES,Federal Contract Tower,0,1,4,12,17,0,0,15,23,38,0,1,19,35,55,72,60,132,187
08/24/2015,VQQ,FL,ASO,ES,Federal Contract Tower,0,0,21,62,83,0,0,24,10,34,0,0,45,72,117,20,29,49,166
08/25/2015,VQQ,FL,ASO,ES,Federal Contract Tower,0,4,6,35,45,0,0,18,24,42,0,4,24,59,87,28,124,152,239
08/26/2015,VQQ,FL,ASO,ES,Federal Contract Tower,0,0,5,61,66,0,0,20,7,27,0,0,25,68,93,30,32,62,155
08/27/2015,VQQ,FL,ASO,ES,Federal Contract Tower,0,2,12,38,52,0,0,13,21,34,0,2,25,59,86,26,135,161,247
08/28/2015,VQQ,FL,ASO,ES,Federal Contract Tower,6,2,6,28,42,0,0,16,12,28,6,2,22,40,70,45,39,84,154
08/29/2015,VQQ,FL,ASO,ES,Federal Contract Tower,7,0,12,4,23,0,0,11,0,11,7,0,23,4,34,32,0,32,66
08/30/2015,VQQ,FL,ASO,ES,Federal Contract Tower,0,0,2,13,15,0,0,5,0,5,0,0,7,13,20,9,4,13,33
08/31/2015,VQQ,FL,ASO,ES,Federal Contract Tower,14,2,14,69,99,0,0,1,22,23,14,2,15,91,122,0,152,152,274
09/01/2015,VQQ,FL,ASO,ES,Federal Contract Tower,4,0,19,68,91,0,0,5,31,36,4,0,24,99,127,4,254,258,385
09/02/2015,VQQ,FL,ASO,ES,Federal Contract Tower,3,0,18,57,78,2,0,15,21,38,5,0,33,78,116,51,227,278,394
09/03/2015,VQQ,FL,ASO,ES,Federal Contract Tower,0,2,27,53,82,0,0,26,45,71,0,2,53,98,153,100,260,360,513
09/04/2015,VQQ,FL,ASO,ES,Federal Contract Tower,7,1,7,15,30,0,2,29,13,44,7,3,36,28,74,57,34,91,165
09/05/2015,VQQ,FL,ASO,ES,Federal Contract Tower,14,0,7,7,28,0,0,3,0,3,14,0,10,7,31,0,0,0,31
09/06/2015,VQQ,FL,ASO,ES,Federal Contract Tower,5,0,1,12,18,0,0,8,2,10,5,0,9,14,28,18,0,18,46
09/07/2015,VQQ,FL,ASO,ES,Federal Contract Tower,1,0,13,10,24,2,0,7,0,9,3,0,20,10,33,0,0,0,33
09/08/2015,VQQ,FL,ASO,ES,Federal Contract Tower,6,4,8,43,61,0,0,3,25,28,6,4,11,68,89,4,183,187,276
09/09/2015,VQQ,FL,ASO,ES,Federal Contract Tower,3,2,10,59,74,0,0,10,42,52,3,2,20,101,126,43,183,226,352
09/10/2015,VQQ,FL,ASO,ES,Federal Contract Tower,7,0,28,70,105,4,0,13,43,60,11,0,41,113,165,37,290,327,492
09/11/2015,VQQ,FL,ASO,ES,Federal Contract Tower,9,0,14,47,70,0,0,15,20,35,9,0,29,67,105,68,128,196,301
09/12/2015,VQQ,FL,ASO,ES,Federal Contract Tower,1,0,3,20,24,0,0,4,4,8,1,0,7,24,32,8,0,8,40
09/13/2015,VQQ,FL,ASO,ES,Federal Contract Tower,2,1,12,31,46,0,0,28,7,35,2,1,40,38,81,90,2,92,173
09/14/2015,VQQ,FL,ASO,ES,Federal Contract Tower,3,1,18,55,77,0,0,37,49,86,3,1,55,104,163,52,256,308,471
09/15/2015,VQQ,FL,ASO,ES,Federal Contract Tower,8,0,4,103,115,0,0,13,22,35,8,0,17,125,150,46,160,206,356
09/16/2015,VQQ,FL,ASO,ES,Federal Contract Tower,18,0,10,85,113,0,0,21,5,26,18,0,31,90,139,6,142,148,287
09/17/2015,VQQ,FL,ASO,ES,Federal Contract Tower,1,0,21,116,138,0,0,4,16,20,1,0,25,132,158,8,56,64,222
09/18/2015,VQQ,FL,ASO,ES,Federal Contract Tower,4,0,15,58,77,0,0,1,11,12,4,0,16,69,89,0,20,20,109
09/19/2015,VQQ,FL,ASO,ES,Federal Contract Tower,0,1,2,35,38,0,0,6,22,28,0,1,8,57,66,24,16,40,106
09/20/2015,VQQ,FL,ASO,ES,Federal Contract Tower,1,3,12,45,61,0,0,14,31,45,1,3,26,76,106,35,7,42,148
09/21/2015,VQQ,FL,ASO,ES,Federal Contract Tower,0,0,2,70,72,0,2,33,31,66,0,2,35,101,138,58,104,162,300
09/22/2015,VQQ,FL,ASO,ES,Federal Contract Tower,3,0,12,59,74,14,0,11,41,66,17,0,23,100,140,14,128,142,282
09/23/2015,VQQ,FL,ASO,ES,Federal Contract Tower,1,0,22,72,95,0,0,16,31,47,1,0,38,103,142,22,103,125,267
09/24/2015,VQQ,FL,ASO,ES,Federal Contract Tower,3,1,30,64,98,0,0,10,32,42,3,1,40,96,140,38,366,404,544
09/25/2015,VQQ,FL,ASO,ES,Federal Contract Tower,7,0,3,59,69,0,0,13,12,25,7,0,16,71,94,37,40,77,171
09/26/2015,VQQ,FL,ASO,ES,Federal Contract Tower,3,1,10,17,31,0,0,13,1,14,3,1,23,18,45,31,7,38,83
09/27/2015,VQQ,FL,ASO,ES,Federal Contract Tower,0,0,16,18,34,0,0,0,0,0,0,0,16,18,34,0,0,0,34
09/28/2015,VQQ,FL,ASO,ES,Federal Contract Tower,1,0,14,54,69,0,0,19,17,36,1,0,33,71,105,10,50,60,165
09/29/2015,VQQ,FL,ASO,ES,Federal Contract Tower,7,1,8,75,91,0,0,4,28,32,7,1,12,103,123,40,297,337,460
09/30/2015,VQQ,FL,ASO,ES,Federal Contract Tower,0,0,10,43,53,0,0,15,34,49,0,0,25,77,102,58,198,256,358
10/01/2015,VQQ,FL,ASO,ES,Federal Contract Tower,3,0,17,50,70,0,0,1,43,44,3,0,18,93,114,16,148,164,278
10/02/2015,VQQ,FL,ASO,ES,Federal Contract Tower,2,6,8,54,70,0,0,2,9,11,2,6,10,63,81,16,4,20,101
10/03/2015,VQQ,FL,ASO,ES,Federal Contract Tower,1,0,16,8,25,0,0,2,3,5,1,0,18,11,30,28,6,34,64
10/04/2015,VQQ,FL,ASO,ES,Federal Contract Tower,4,1,4,15,24,0,0,10,3,13,4,1,14,18,37,46,0,46,83
10/05/2015,VQQ,FL,ASO,ES,Federal Contract Tower,9,5,17,41,72,0,0,5,15,20,9,5,22,56,92,16,80,96,188
10/06/2015,VQQ,FL,ASO,ES,Federal Contract Tower,3,1,31,52,87,0,0,17,42,59,3,1,48,94,146,49,337,386,532
10/07/2015,VQQ,FL,ASO,ES,Federal Contract Tower,6,0,16,87,109,0,0,27,63,90,6,0,43,150,199,82,485,567,766
10/08/2015,VQQ,FL,ASO,ES,Federal Contract Tower,4,1,6,56,67,0,0,7,23,30,4,1,13,79,97,54,141,195,292
10/09/2015,VQQ,FL,ASO,ES,Federal Contract Tower,4,2,6,37,49,0,0,30,18,48,4,2,36,55,97,42,30,72,169
10/10/2015,VQQ,FL,ASO,ES,Federal Contract Tower,3,0,2,6,11,0,0,12,0,12,3,0,14,6,23,30,4,34,57
10/11/2015,VQQ,FL,ASO,ES,Federal Contract Tower,0,1,9,2,12,0,0,13,0,13,0,1,22,2,25,48,0,48,73
10/12/2015,VQQ,FL,ASO,ES,Federal Contract Tower,1,0,10,0,11,0,0,19,0,19,1,0,29,0,30,70,0,70,100
10/13/2015,VQQ,FL,ASO,ES,Federal Contract Tower,6,2,6,57,71,0,0,13,27,40,6,2,19,84,111,42,113,155,266
10/14/2015,VQQ,FL,ASO,ES,Federal Contract Tower,6,1,19,38,64,0,0,17,46,63,6,1,36,84,127,82,190,272,399
10/15/2015,VQQ,FL,ASO,ES,Federal Contract Tower,11,2,7,77,97,0,0,36,45,81,11,2,43,122,178,90,198,288,466
10/16/2015,VQQ,FL,ASO,ES,Federal Contract Tower,10,0,5,43,58,0,0,35,25,60,10,0,40,68,118,42,70,112,230
10/17/2015,VQQ,FL,ASO,ES,Federal Contract Tower,2,0,9,11,22,0,0,44,11,55,2,0,53,22,77,104,24,128,205
10/18/2015,VQQ,FL,ASO,ES,Federal Contract Tower,0,2,3,6,11,0,0,28,8,36,0,2,31,14,47,42,10,52,99
10/19/2015,VQQ,FL,ASO,ES,Federal Contract Tower,1,0,8,70,79,0,0,28,26,54,1,0,36,96,133,66,124,190,323
10/20/2015,VQQ,FL,ASO,ES,Federal Contract Tower,0,0,17,76,93,0,0,20,43,63,0,0,37,119,156,53,426,479,635
10/21/2015,VQQ,FL,ASO,ES,Federal Contract Tower,12,0,23,101,136,0,0,9,25,34,12,0,32,126,170,24,238,262,432
10/22/2015,VQQ,FL,ASO,ES,Federal Contract Tower,0,0,27,89,116,0,0,31,50,81,0,0,58,139,197,36,251,287,484
10/23/2015,VQQ,FL,ASO,ES,Federal Contract Tower,8,0,26,55,89,0,0,12,18,30,8,0,38,73,119,44,142,186,305
10/24/2015,VQQ,FL,ASO,ES,Federal Contract Tower,1,0,8,6,15,0,0,5,4,9,1,0,13,10,24,14,0,14,38
10/25/2015,VQQ,FL,ASO,ES,Federal Contract Tower,0,0,14,6,20,0,0,19,4,23,0,0,33,10,43,56,2,58,101
10/26/2015,VQQ,FL,ASO,ES,Federal Contract Tower,1,2,18,68,89,0,0,19,25,44,1,2,37,93,133,56,201,257,390
10/27/2015,VQQ,FL,ASO,ES,Federal Contract Tower,4,2,6,77,89,0,0,6,21,27,4,2,12,98,116,16,80,96,212
10/28/2015,VQQ,FL,ASO,ES,Federal Contract Tower,0,2,26,76,104,0,0,16,29,45,0,2,42,105,149,50,336,386,535
10/29/2015,VQQ,FL,ASO,ES,Federal Contract Tower,0,1,10,65,76,0,0,14,45,59,0,1,24,110,135,55,301,356,491
10/30/2015,VQQ,FL,ASO,ES,Federal Contract Tower,6,2,6,35,49,0,0,19,18,37,6,2,25,53,86,16,112,128,214
10/31/2015,VQQ,FL,ASO,ES,Federal Contract Tower,2,1,4,9,16,0,0,11,0,11,2,1,15,9,27,30,0,30,57
11/01/2015,VQQ,FL,ASO,ES,Federal Contract Tower,1,2,11,24,38,0,0,11,2,13,1,2,22,26,51,60,0,60,111
11/02/2015,VQQ,FL,ASO,ES,Federal Contract Tower,2,3,9,56,70,0,0,16,25,41,2,3,25,81,111,52,109,161,272
11/03/2015,VQQ,FL,ASO,ES,Federal Contract Tower,0,2,9,75,86,0,0,18,31,49,0,2,27,106,135,54,213,267,402
11/04/2015,VQQ,FL,ASO,ES,Federal Contract Tower,2,4,20,105,131,0,0,18,45,63,2,4,38,150,194,58,320,378,572
11/05/2015,VQQ,FL,ASO,ES,Federal Contract Tower,0,2,34,106,142,0,0,17,32,49,0,2,51,138,191,52,404,456,647
11/06/2015,VQQ,FL,ASO,ES,Federal Contract Tower,8,2,15,101,126,0,1,13,32,46,8,3,28,133,172,34,110,144,316
11/07/2015,VQQ,FL,ASO,ES,Federal Contract Tower,3,1,15,41,60,0,0,17,12,29,3,1,32,53,89,86,28,114,203
11/08/2015,VQQ,FL,ASO,ES,Federal Contract Tower,0,0,6,43,49,0,0,2,0,2,0,0,8,43,51,0,0,0,51
11/09/2015,VQQ,FL,ASO,ES,Federal Contract Tower,0,3,10,116,129,0,0,2,25,27,0,3,12,141,156,0,139,139,295
11/10/2015,VQQ,FL,ASO,ES,Federal Contract Tower,4,1,10,92,107,0,0,11,11,22,4,1,21,103,129,12,49,61,190
11/11/2015,VQQ,FL,ASO,ES,Federal Contract Tower,3,2,15,64,84,0,0,8,2,10,3,2,23,66,94,12,0,12,106
11/12/2015,VQQ,FL,ASO,ES,Federal Contract Tower,0,0,11,74,85,0,0,21,49,70,0,0,32,123,155,54,217,271,426
11/13/2015,VQQ,FL,ASO,ES,Federal Contract Tower,8,4,33,37,82,0,0,18,15,33,8,4,51,52,115,38,69,107,222
11/14/2015,VQQ,FL,ASO,ES,Federal Contract Tower,0,0,4,21,25,0,0,25,7,32,0,0,29,28,57,44,0,44,101
11/15/2015,VQQ,FL,ASO,ES,Federal Contract Tower,0,0,21,7,28,0,0,10,0,10,0,0,31,7,38,40,0,40,78
11/16/2015,VQQ,FL,ASO,ES,Federal Contract Tower,1,2,28,43,74,0,0,31,39,70,1,2,59,82,144,44,224,268,412
11/17/2015,VQQ,FL,ASO,ES,Federal Contract Tower,6,3,12,80,101,0,0,15,13,28,6,3,27,93,129,55,149,204,333
11/18/2015,VQQ,FL,ASO,ES,Federal Contract Tower,4,5,16,70,95,0,0,7,29,36,4,5,23,99,131,18,170,188,319
11/19/2015,VQQ,FL,ASO,ES,Federal Contract Tower,2,5,16,142,165,0,0,0,42,42,2,5,16,184,207,10,352,362,569
11/20/2015,VQQ,FL,ASO,ES,Federal Contract Tower,5,3,14,83,105,0,0,26,40,66,5,3,40,123,171,30,168,198,369
11/21/2015,VQQ,FL,ASO,ES,Federal Contract Tower,2,0,10,8,20,0,0,13,2,15,2,0,23,10,35,44,0,44,79
11/22/2015,VQQ,FL,ASO,ES,Federal Contract Tower,2,0,14,0,16,0,0,2,0,2,2,0,16,0,18,30,0,30,48
11/23/2015,VQQ,FL,ASO,ES,Federal Contract Tower,1,2,13,72,88,0,0,29,47,76,1,2,42,119,164,72,176,248,412
11/24/2015,VQQ,FL,ASO,ES,Federal Contract Tower,4,2,14,38,58,0,0,18,22,40,4,2,32,60,98,55,134,189,287
11/25/2015,VQQ,FL,ASO,ES,Federal Contract Tower,0,4,8,7,19,0,0,17,6,23,0,4,25,13,42,34,14,48,90
11/26/2015,VQQ,FL,ASO,ES,Federal Contract Tower,0,0,3,0,3,0,0,5,0,5,0,0,8,0,8,0,0,0,8
11/27/2015,VQQ,FL,ASO,ES,Federal Contract Tower,4,0,17,1,22,0,0,6,0,6,4,0,23,1,28,6,0,6,34
11/28/2015,VQQ,FL,ASO,ES,Federal Contract Tower,0,0,12,3,15,0,0,10,0,10,0,0,22,3,25,22,0,22,47
11/29/2015,VQQ,FL,ASO,ES,Federal Contract Tower,2,1,22,5,30,0,0,23,0,23,2,1,45,5,53,44,0,44,97
11/30/2015,VQQ,FL,ASO,ES,Federal Contract Tower,9,2,24,105,140,0,0,34,27,61,9,2,58,132,201,61,159,220,421
12/01/2015,VQQ,FL,ASO,ES,Federal Contract Tower,0,2,16,61,79,0,0,26,34,60,0,2,42,95,139,77,212,289,428
12/02/2015,VQQ,FL,ASO,ES,Federal Contract Tower,2,2,17,110,131,0,0,7,39,46,2,2,24,149,177,0,397,397,574
12/03/2015,VQQ,FL,ASO,ES,Federal Contract Tower,3,2,22,108,135,0,0,53,70,123,3,2,75,178,258,152,364,516,774
12/04/2015,VQQ,FL,ASO,ES,Federal Contract Tower,4,4,13,46,67,0,1,8,34,43,4,5,21,80,110,26,127,153,263
12/05/2015,VQQ,FL,ASO,ES,Federal Contract Tower,4,0,11,5,20,0,0,2,2,4,4,0,13,7,24,2,0,2,26
12/06/2015,VQQ,FL,ASO,ES,Federal Contract Tower,2,0,24,15,41,0,0,3,4,7,2,0,27,19,48,8,2,10,58
12/07/2015,VQQ,FL,ASO,ES,Federal Contract Tower,0,5,33,67,105,0,0,7,19,26,0,5,40,86,131,12,144,156,287
12/08/2015,VQQ,FL,ASO,ES,Federal Contract Tower,11,2,8,90,111,0,0,34,33,67,11,2,42,123,178,90,217,307,485
12/09/2015,VQQ,FL,ASO,ES,Federal Contract Tower,2,4,18,94,118,0,0,16,42,58,2,4,34,136,176,80,423,503,679
12/10/2015,VQQ,FL,ASO,ES,Federal Contract Tower,17,2,8,118,145,0,0,23,63,86,17,2,31,181,231,44,404,448,679
12/11/2015,VQQ,FL,ASO,ES,Federal Contract Tower,9,2,22,74,107,0,0,12,18,30,9,2,34,92,137,102,140,242,379
12/12/2015,VQQ,FL,ASO,ES,Federal Contract Tower,7,0,17,3,27,0,0,21,4,25,7,0,38,7,52,22,53,75,127
12/13/2015,VQQ,FL,ASO,ES,Federal Contract Tower,4,0,13,5,22,0,0,20,14,34,4,0,33,19,56,16,14,30,86
12/14/2015,VQQ,FL,ASO,ES,Federal Contract Tower,1,2,5,63,71,0,0,17,26,43,1,2,22,89,114,56,131,187,301
12/15/2015,VQQ,FL,ASO,ES,Federal Contract Tower,6,2,20,104,132,0,0,0,0,0,6,2,20,104,132,0,0,0,132
12/16/2015,VQQ,FL,ASO,ES,Federal Contract Tower,2,2,26,99,129,0,0,27,41,68,2,2,53,140,197,54,198,252,449
12/17/2015,VQQ,FL,ASO,ES,Federal Contract Tower,6,3,10,76,95,0,0,17,38,55,6,3,27,114,150,12,395,407,557
12/18/2015,VQQ,FL,ASO,ES,Federal Contract Tower,5,5,37,18,65,0,0,18,20,38,5,5,55,38,103,108,166,274,377
12/19/2015,VQQ,FL,ASO,ES,Federal Contract Tower,1,2,16,9,28,0,0,22,2,24,1,2,38,11,52,48,0,48,100
12/20/2015,VQQ,FL,ASO,ES,Federal Contract Tower,2,0,14,1,17,0,0,23,1,24,2,0,37,2,41,16,0,16,57
12/21/2015,VQQ,FL,ASO,ES,Federal Contract Tower,6,9,25,57,97,0,0,21,24,45,6,9,46,81,142,10,140,150,292
12/22/2015,VQQ,FL,ASO,ES,Federal Contract Tower,4,2,7,61,74,0,0,4,21,25,4,2,11,82,99,68,206,274,373
12/23/2015,VQQ,FL,ASO,ES,Federal Contract Tower,0,2,9,63,74,0,0,2,13,15,0,2,11,76,89,0,180,180,269
12/24/2015,VQQ,FL,ASO,ES,Federal Contract Tower,0,2,5,0,7,0,0,0,0,0,0,2,5,0,7,0,0,0,7
12/25/2015,VQQ,FL,ASO,ES,Federal Contract Tower,0,0,9,0,9,0,0,1,0,1,0,0,10,0,10,0,0,0,10
12/26/2015,VQQ,FL,ASO,ES,Federal Contract Tower,0,0,8,0,8,0,0,2,0,2,0,0,10,0,10,2,0,2,12
12/27/2015,VQQ,FL,ASO,ES,Federal Contract Tower,0,1,11,0,12,0,0,11,0,11,0,1,22,0,23,14,0,14,37
12/28/2015,VQQ,FL,ASO,ES,Federal Contract Tower,1,4,8,61,74,0,0,15,11,26,1,4,23,72,100,76,72,148,248
12/29/2015,VQQ,FL,ASO,ES,Federal Contract Tower,5,2,9,29,45,0,0,13,10,23,5,2,22,39,68,73,109,182,250
12/30/2015,VQQ,FL,ASO,ES,Federal Contract Tower,2,2,10,29,43,0,0,17,17,34,2,2,27,46,77,10,32,42,119
12/31/2015,VQQ,FL,ASO,ES,Federal Contract Tower,1,2,11,5,19,0,0,12,0,12,1,2,23,5,31,40,0,40,71
01/01/2016,VQQ,FL,ASO,ES,Federal Contract Tower,0,0,0,1,1,0,0,0,0,0,0,0,0,1,1,0,0,0,1
01/02/2016,VQQ,FL,ASO,ES,Federal Contract Tower,2,0,11,1,14,0,1,1,0,2,2,1,12,1,16,0,0,0,16
01/03/2016,VQQ,FL,ASO,ES,Federal Contract Tower,1,0,9,1,11,0,0,3,0,3,1,0,12,1,14,26,0,26,40
01/04/2016,VQQ,FL,ASO,ES,Federal Contract Tower,5,2,2,63,72,0,2,25,8,35,5,4,27,71,107,70,48,118,225
01/05/2016,VQQ,FL,ASO,ES,Federal Contract Tower,9,2,10,43,64,0,0,15,29,44,9,2,25,72,108,2,280,282,390
01/06/2016,VQQ,FL,ASO,ES,Federal Contract Tower,4,7,12,70,93,0,1,6,20,27,4,8,18,90,120,6,293,299,419
01/07/2016,VQQ,FL,ASO,ES,Federal Contract Tower,0,2,10,53,65,0,0,0,3,3,0,2,10,56,68,0,4,4,72
01/08/2016,VQQ,FL,ASO,ES,Federal Contract Tower,6,2,15,105,128,0,0,0,12,12,6,2,15,117,140,0,100,100,240
01/09/2016,VQQ,FL,ASO,ES,Federal Contract Tower,0,2,12,0,14,0,0,0,0,0,0,2,12,0,14,0,0,0,14
01/10/2016,VQQ,FL,ASO,ES,Federal Contract Tower,0,0,10,15,25,0,0,21,16,37,0,0,31,31,62,22,20,42,104
01/11/2016,VQQ,FL,ASO,ES,Federal Contract Tower,0,2,18,92,112,0,0,28,28,56,0,2,46,120,168,64,365,429,597
01/12/2016,VQQ,FL,ASO,ES,Federal Contract Tower,0,2,21,104,127,0,0,13,57,70,0,2,34,161,197,32,291,323,520
01/13/2016,VQQ,FL,ASO,ES,Federal Contract Tower,0,4,18,70,92,0,0,25,39,64,0,4,43,109,156,48,274,322,478
01/14/2016,VQQ,FL,ASO,ES,Federal Contract Tower,2,2,12,66,82,8,0,26,65,99,10,2,38,131,181,33,110,143,324
01/15/2016,VQQ,FL,ASO,ES,Federal Contract Tower,4,2,2,44,52,0,0,0,21,21,4,2,2,65,73,0,26,26,99
01/16/2016,VQQ,FL,ASO,ES,Federal Contract Tower,1,0,6,7,14,0,0,6,3,9,1,0,12,10,23,8,0,8,31
01/17/2016,VQQ,FL,ASO,ES,Federal Contract Tower,2,0,7,1,10,0,0,1,1,2,2,0,8,2,12,0,0,0,12
01/18/2016,VQQ,FL,ASO,ES,Federal Contract Tower,3,4,25,3,35,0,0,24,2,26,3,4,49,5,61,24,12,36,97
01/19/2016,VQQ,FL,ASO,ES,Federal Contract Tower,5,2,15,87,109,0,0,16,43,59,5,2,31,130,168,36,318,354,522
01/20/2016,VQQ,FL,ASO,ES,Federal Contract Tower,0,2,6,80,88,0,0,24,44,68,0,2,30,124,156,38,253,291,447
01/21/2016,VQQ,FL,ASO,ES,Federal Contract Tower,0,2,13,98,113,0,0,16,63,79,0,2,29,161,192,82,388,470,662
01/22/2016,VQQ,FL,ASO,ES,Federal Contract Tower,4,2,13,55,74,0,0,1,18,19,4,2,14,73,93,0,76,76,169
01/23/2016,VQQ,FL,ASO,ES,Federal Contract Tower,2,1,1,16,20,0,0,0,1,1,2,1,1,17,21,0,4,4,25
01/24/2016,VQQ,FL,ASO,ES,Federal Contract Tower,0,0,12,16,28,0,0,20,3,23,0,0,32,19,51,30,15,45,96
01/25/2016,VQQ,FL,ASO,ES,Federal Contract Tower,1,4,10,81,96,0,0,17,45,62,1,4,27,126,158,2,355,357,515
01/26/2016,VQQ,FL,ASO,ES,Federal Contract Tower,0,3,22,79,104,0,1,23,55,79,0,4,45,134,183,44,303,347,530
01/27/2016,VQQ,FL,ASO,ES,Federal Contract Tower,4,2,12,80,98,0,0,11,34,45,4,2,23,114,143,28,229,257,400
01/28/2016,VQQ,FL,ASO,ES,Federal Contract Tower,1,4,10,68,83,0,0,0,0,0,1,4,10,68,83,0,2,2,85
01/29/2016,VQQ,FL,ASO,ES,Federal Contract Tower,8,2,28,66,104,0,0,27,31,58,8,2,55,97,162,38,182,220,382
01/30/2016,VQQ,FL,ASO,ES,Federal Contract Tower,0,3,19,2,24,0,0,18,3,21,0,3,37,5,45,88,0,88,133
01/31/2016,VQQ,FL,ASO,ES,Federal Contract Tower,3,2,19,3,27,0,0,13,0,13,3,2,32,3,40,28,24,52,92
02/01/2016,VQQ,FL,ASO,ES,Federal Contract Tower,2,2,15,77,96,0,0,17,38,55,2,2,32,115,151,90,303,393,544
02/02/2016,VQQ,FL,ASO,ES,Federal Contract Tower,8,2,7,66,83,0,0,10,42,52,8,2,17,108,135,58,300,358,493
02/03/2016,VQQ,FL,ASO,ES,Federal Contract Tower,4,2,6,109,121,0,0,10,41,51,4,2,16,150,172,4,247,251,423
02/04/2016,VQQ,FL,ASO,ES,Federal Contract Tower,0,2,4,49,55,0,0,0,0,0,0,2,4,49,55,0,0,0,55
02/05/2016,VQQ,FL,ASO,ES,Federal Contract Tower,6,4,20,42,72,0,0,32,52,84,6,4,52,94,156,46,226,272,428
02/06/2016,VQQ,FL,ASO,ES,Federal Contract Tower,1,2,5,7,15,0,0,4,0,4,1,2,9,7,19,13,0,13,32
02/07/2016,VQQ,FL,ASO,ES,Federal Contract Tower,0,0,6,18,24,0,0,2,2,4,0,0,8,20,28,0,5,5,33
02/08/2016,VQQ,FL,ASO,ES,Federal Contract Tower,0,2,18,36,56,0,0,7,32,39,0,2,25,68,95,12,133,145,240
02/09/2016,VQQ,FL,ASO,ES,Federal Contract Tower,0,2,9,115,126,0,0,0,52,52,0,2,9,167,178,0,228,228,406
02/10/2016,VQQ,FL,ASO,ES,Federal Contract Tower,2,2,27,91,122,0,0,13,51,64,2,2,40,142,186,2,262,264,450
02/11/2016,VQQ,FL,ASO,ES,Federal Contract Tower,1,3,30,76,110,0,0,20,51,71,1,3,50,127,181,6,322,328,509
02/12/2016,VQQ,FL,ASO,ES,Federal Contract Tower,4,5,10,59,78,0,0,13,41,54,4,5,23,100,132,14,206,220,352
02/13/2016,VQQ,FL,ASO,ES,Federal Contract Tower,1,0,8,11,20,0,0,14,0,14,1,0,22,11,34,66,0,66,100
02/14/2016,VQQ,FL,ASO,ES,Federal Contract Tower,3,0,18,4,25,0,0,4,0,4,3,0,22,4,29,0,0,0,29
02/15/2016,VQQ,FL,ASO,ES,Federal Contract Tower,0,2,8,2,12,0,0,17,0,17,0,2,25,2,29,64,0,64,93
02/16/2016,VQQ,FL,ASO,ES,Federal Contract Tower,4,2,21,88,115,0,0,16,61,77,4,2,37,149,192,40,402,442,634
02/17/2016,VQQ,FL,ASO,ES,Federal Contract Tower,2,2,11,90,105,0,0,17,68,85,2,2,28,158,190,38,472,510,700
02/18/2016,VQQ,FL,ASO,ES,Federal Contract Tower,8,4,32,103,147,0,0,39,57,96,8,4,71,160,243,52,238,290,533
02/19/2016,VQQ,FL,ASO,ES,Federal Contract Tower,14,2,17,20,53,0,0,29,44,73,14,2,46,64,126,55,179,234,360
02/20/2016,VQQ,FL,ASO,ES,Federal Contract Tower,3,0,19,14,36,2,0,17,9,28,5,0,36,23,64,18,32,50,114
02/21/2016,VQQ,FL,ASO,ES,Federal Contract Tower,3,0,24,10,37,0,2,10,13,25,3,2,34,23,62,24,28,52,114
02/22/2016,VQQ,FL,ASO,ES,Federal Contract Tower,4,2,15,79,100,0,1,33,48,82,4,3,48,127,182,90,154,244,426
02/23/2016,VQQ,FL,ASO,ES,Federal Contract Tower,2,3,14,55,74,0,1,8,40,49,2,4,22,95,123,62,280,342,465
02/24/2016,VQQ,FL,ASO,ES,Federal Contract Tower,1,2,5,59,67,0,0,0,43,43,1,2,5,102,110,0,387,387,497
02/25/2016,VQQ,FL,ASO,ES,Federal Contract Tower,3,2,12,70,87,0,0,24,48,72,3,2,36,118,159,6,272,278,437
02/26/2016,VQQ,FL,ASO,ES,Federal Contract Tower,1,4,9,16,30,0,2,7,22,31,1,6,16,38,61,22,36,58,119
02/27/2016,VQQ,FL,ASO,ES,Federal Contract Tower,2,0,25,6,33,0,0,27,1,28,2,0,52,7,61,29,0,29,90
02/28/2016,VQQ,FL,ASO,ES,Federal Contract Tower,0,0,16,13,29,0,0,7,8,15,0,0,23,21,44,10,2,12,56
02/29/2016,VQQ,FL,ASO,ES,Federal Contract Tower,0,3,16,62,81,0,0,15,29,44,0,3,31,91,125,46,166,212,337
03/01/2016,VQQ,FL,ASO,ES,Federal Contract Tower,6,2,17,84,109,0,0,10,52,62,6,2,27,136,171,16,310,326,497
03/02/2016,VQQ,FL,ASO,ES,Federal Contract Tower,4,2,28,66,100,0,0,30,39,69,4,2,58,105,169,24,229,253,422
03/03/2016,VQQ,FL,ASO,ES,Federal Contract Tower,1,4,18,61,84,0,0,10,42,52,1,4,28,103,136,36,95,131,267
03/04/2016,VQQ,FL,ASO,ES,Federal Contract Tower,5,2,22,71,100,0,0,6,43,49,5,2,28,114,149,22,142,164,313
03/05/2016,VQQ,FL,ASO,ES,Federal Contract Tower,1,0,11,23,35,0,0,12,6,18,1,0,23,29,53,48,20,68,121
03/06/2016,VQQ,FL,ASO,ES,Federal Contract Tower,1,0,11,15,27,0,0,14,2,16,1,0,25,17,43,42,4,46,89
03/07/2016,VQQ,FL,ASO,ES,Federal Contract Tower,0,2,23,45,70,0,1,10,45,56,0,3,33,90,126,48,345,393,519
03/08/2016,VQQ,FL,ASO,ES,Federal Contract Tower,4,2,7,70,83,0,0,19,35,54,4,2,26,105,137,52,301,353,490
03/09/2016,VQQ,FL,ASO,ES,Federal Contract Tower,1,2,14,60,77,0,0,9,37,46,1,2,23,97,123,10,272,282,405
03/10/2016,VQQ,FL,ASO,ES,Federal Contract Tower,1,4,22,62,89,0,0,11,47,58,1,4,33,109,147,29,188,217,364
03/11/2016,VQQ,FL,ASO,ES,Federal Contract Tower,4,2,9,69,84,0,0,20,31,51,4,2,29,100,135,84,140,224,359
03/12/2016,VQQ,FL,ASO,ES,Federal Contract Tower,3,0,15,1,19,0,0,20,1,21,3,0,35,2,40,60,0,60,100
03/13/2016,VQQ,FL,ASO,ES,Federal Contract Tower,3,0,4,10,17,0,0,2,0,2,3,0,6,10,19,14,0,14,33
03/14/2016,VQQ,FL,ASO,ES,Federal Contract Tower,0,2,4,107,113,0,0,4,33,37,0,2,8,140,150,0,77,77,227
03/15/2016,VQQ,FL,ASO,ES,Federal Contract Tower,3,4,6,86,99,0,0,9,66,75,3,4,15,152,174,10,301,311,485
03/16/2016,VQQ,FL,ASO,ES,Federal Contract Tower,4,2,23,126,155,0,0,9,21,30,4,2,32,147,185,22,176,198,383
03/17/2016,VQQ,FL,ASO,ES,Federal Contract Tower,1,2,18,50,71,0,0,2,12,14,1,2,20,62,85,3,121,124,209
03/18/2016,VQQ,FL,ASO,ES,Federal Contract Tower,4,2,20,83,109,0,0,7,15,22,4,2,27,98,131,30,118,148,279
03/19/2016,VQQ,FL,ASO,ES,Federal Contract Tower,1,0,0,18,19,0,0,0,2,2,1,0,0,20,21,0,10,10,31
03/20/2016,VQQ,FL,ASO,ES,Federal Contract Tower,4,0,31,22,57,0,0,11,8,19,4,0,42,30,76,20,10,30,106
03/21/2016,VQQ,FL,ASO,ES,Federal Contract Tower,1,2,13,64,80,0,0,13,29,42,1,2,26,93,122,38,219,257,379
03/22/2016,VQQ,FL,ASO,ES,Federal Contract Tower,0,4,15,44,63,0,0,24,43,67,0,4,39,87,130,44,269,313,443
03/23/2016,VQQ,FL,ASO,ES,Federal Contract Tower,1,2,24,68,95,0,0,24,32,56,1,2,48,100,151,71,250,321,472
03/24/2016,VQQ,FL,ASO,ES,Federal Contract Tower,1,4,8,59,72,0,2,16,48,66,1,6,24,107,138,37,279,316,454
03/25/2016,VQQ,FL,ASO,ES,Federal Contract Tower,5,0,2,39,46,0,0,17,13,30,5,0,19,52,76,48,18,66,142
03/26/2016,VQQ,FL,ASO,ES,Federal Contract Tower,5,0,8,24,37,0,0,8,3,11,5,0,16,27,48,64,0,64,112
03/27/2016,VQQ,FL,ASO,ES,Federal Contract Tower,0,0,2,21,23,0,0,0,1,1,0,0,2,22,24,0,0,0,24
03/28/2016,VQQ,FL,ASO,ES,Federal Contract Tower,0,2,13,26,41,0,1,18,8,27,0,3,31,34,68,90,30,120,188
03/29/2016,VQQ,FL,ASO,ES,Federal Contract Tower,4,2,17,107,130,0,0,13,41,54,4,2,30,148,184,30,244,274,458
03/30/2016,VQQ,FL,ASO,ES,Federal Contract Tower,0,3,25,68,96,0,0,20,38,58,0,3,45,106,154,18,266,284,438
03/31/2016,VQQ,FL,ASO,ES,Federal Contract Tower,2,6,17,69,94,0,0,11,56,67,2,6,28,125,161,24,330,354,515
04/01/2016,VQQ,FL,ASO,ES,Federal Contract Tower,4,2,10,90,106,0,0,12,31,43,4,2,22,121,149,16,83,99,248
04/02/2016,VQQ,FL,ASO,ES,Federal Contract Tower,0,0,5,31,36,0,0,0,3,3,0,0,5,34,39,0,7,7,46
04/03/2016,VQQ,FL,ASO,ES,Federal Contract Tower,5,0,8,15,28,0,0,22,2,24,5,0,30,17,52,32,0,32,84
04/04/2016,VQQ,FL,ASO,ES,Federal Contract Tower,2,2,15,40,59,0,0,27,29,56,2,2,42,69,115,54,206,260,375
04/05/2016,VQQ,FL,ASO,ES,Federal Contract Tower,2,2,15,62,81,0,0,18,39,57,2,2,33,101,138,54,299,353,491
04/06/2016,VQQ,FL,ASO,ES,Federal Contract Tower,2,4,13,73,92,0,0,26,44,70,2,4,39,117,162,16,373,389,551
04/07/2016,VQQ,FL,ASO,ES,Federal Contract Tower,0,2,19,72,93,0,0,10,34,44,0,2,29,106,137,30,181,211,348
04/08/2016,VQQ,FL,ASO,ES,Federal Contract Tower,4,2,4,71,81,0,0,19,20,39,4,2,23,91,120,46,100,146,266
04/09/2016,VQQ,FL,ASO,ES,Federal Contract Tower,1,0,8,10,19,0,0,16,1,17,1,0,24,11,36,18,2,20,56
04/10/2016,VQQ,FL,ASO,ES,Federal Contract Tower,1,0,15,17,33,0,0,7,8,15,1,0,22,25,48,14,7,21,69
04/11/2016,VQQ,FL,ASO,ES,Federal Contract Tower,0,2,11,60,73,0,0,17,20,37,0,2,28,80,110,67,262,329,439
04/12/2016,VQQ,FL,ASO,ES,Federal Contract Tower,7,5,13,57,82,0,0,25,45,70,7,5,38,102,152,64,214,278,430
04/13/2016,VQQ,FL,ASO,ES,Federal Contract Tower,0,2,35,10,47,0,0,3,16,19,0,2,38,26,66,0,90,90,156
04/14/2016,VQQ,FL,ASO,ES,Federal Contract Tower,1,4,11,23,39,0,0,0,10,10,1,4,11,33,49,0,33,33,82
04/15/2016,VQQ,FL,ASO,ES,Federal Contract Tower,8,2,13,53,76,0,0,3,13,16,8,2,16,66,92,12,17,29,121
04/16/2016,VQQ,FL,ASO,ES,Federal Contract Tower,0,0,10,7,17,0,0,4,14,18,0,0,14,21,35,0,21,21,56
04/17/2016,VQQ,FL,ASO,ES,Federal Contract Tower,1,1,22,9,33,0,0,11,10,21,1,1,33,19,54,2,36,38,92
04/18/2016,VQQ,FL,ASO,ES,Federal Contract Tower,1,5,23,80,109,0,0,44,35,79,1,5,67,115,188,88,248,336,524
04/19/2016,VQQ,FL,ASO,ES,Federal Contract Tower,0,2,4,65,71,0,0,33,36,69,0,2,37,101,140,44,285,329,469
04/20/2016,VQQ,FL,ASO,ES,Federal Contract Tower,1,1,24,70,96,0,0,25,32,57,1,1,49,102,153,61,290,351,504
04/21/2016,VQQ,FL,ASO,ES,Federal Contract Tower,0,2,13,69,84,0,0,29,45,74,0,2,42,114,158,6,347,353,511
04/22/2016,VQQ,FL,ASO,ES,Federal Contract Tower,6,4,10,66,86,0,0,6,30,36,6,4,16,96,122,22,126,148,270
04/23/2016,VQQ,FL,ASO,ES,Federal Contract Tower,5,0,2,29,36,0,0,4,21,25,5,0,6,50,61,36,24,60,121
04/24/2016,VQQ,FL,ASO,ES,Federal Contract Tower,1,0,12,44,57,0,0,11,14,25,1,0,23,58,82,18,3,21,103
04/25/2016,VQQ,FL,ASO,ES,Federal Contract Tower,5,2,7,45,59,0,2,18,27,47,5,4,25,72,106,58,71,129,235
04/26/2016,VQQ,FL,ASO,ES,Federal Contract Tower,8,2,4,79,93,0,0,18,21,39,8,2,22,100,132,80,228,308,440
04/27/2016,VQQ,FL,ASO,ES,Federal Contract Tower,3,4,7,69,83,0,0,19,56,75,3,4,26,125,158,32,378,410,568
04/28/2016,VQQ,FL,ASO,ES,Federal Contract Tower,3,2,15,37,57,0,0,20,26,46,3,2,35,63,103,54,108,162,265
04/29/2016,VQQ,FL,ASO,ES,Federal Contract Tower,4,2,18,19,43,0,0,15,17,32,4,2,33,36,75,48,138,186,261
04/30/2016,VQQ,FL,ASO,ES,Federal Contract Tower,0,0,15,4,19,0,0,12,12,24,0,0,27,16,43,56,0,56,99
05/01/2016,VQQ,FL,ASO,ES,Federal Contract Tower,0,0,13,13,26,0,0,5,2,7,0,0,18,15,33,8,0,8,41
05/02/2016,VQQ,FL,ASO,ES,Federal Contract Tower,1,2,12,46,61,0,0,15,27,42,1,2,27,73,103,52,133,185,288
05/03/2016,VQQ,FL,ASO,ES,Federal Contract Tower,7,4,12,58,81,0,0,14,32,46,7,4,26,90,127,42,278,320,447
05/04/2016,VQQ,FL,ASO,ES,Federal Contract Tower,0,3,15,51,69,0,0,14,30,44,0,3,29,81,113,44,344,388,501
05/05/2016,VQQ,FL,ASO,ES,Federal Contract Tower,0,2,22,63,87,0,0,11,45,56,0,2,33,108,143,44,282,326,469
05/06/2016,VQQ,FL,ASO,ES,Federal Contract Tower,6,2,13,67,88,0,0,23,19,42,6,2,36,86,130,106,100,206,336
05/07/2016,VQQ,FL,ASO,ES,Federal Contract Tower,0,0,4,3,7,0,0,15,0,15,0,0,19,3,22,46,2,48,70
05/08/2016,VQQ,FL,ASO,ES,Federal Contract Tower,7,0,20,8,35,2,0,0,0,2,9,0,20,8,37,14,0,14,51
05/09/2016,VQQ,FL,ASO,ES,Federal Contract Tower,2,2,11,49,64,0,0,19,18,37,2,2,30,67,101,74,150,224,325
05/10/2016,VQQ,FL,ASO,ES,Federal Contract Tower,7,2,18,73,100,0,0,10,44,54,7,2,28,117,154,2,327,329,483
05/11/2016,VQQ,FL,ASO,ES,Federal Contract Tower,7,3,13,54,77,0,0,57,37,94,7,3,70,91,171,60,82,142,313
05/12/2016,VQQ,FL,ASO,ES,Federal Contract Tower,0,6,11,65,82,0,0,21,42,63,0,6,32,107,145,80,349,429,574
05/13/2016,VQQ,FL,ASO,ES,Federal Contract Tower,6,2,11,55,74,0,0,16,49,65,6,2,27,104,139,34,202,236,375
05/14/2016,VQQ,FL,ASO,ES,Federal Contract Tower,3,0,1,2,6,0,0,22,0,22,3,0,23,2,28,38,1,39,67
05/15/2016,VQQ,FL,ASO,ES,Federal Contract Tower,6,2,8,9,25,0,0,14,6,20,6,2,22,15,45,4,0,4,49
05/16/2016,VQQ,FL,ASO,ES,Federal Contract Tower,5,2,21,56,84,0,0,16,48,64,5,2,37,104,148,26,209,235,383
05/17/2016,VQQ,FL,ASO,ES,Federal Contract Tower,7,3,4,57,71,0,0,3,42,45,7,3,7,99,116,18,206,224,340
05/18/2016,VQQ,FL,ASO,ES,Federal Contract Tower,0,2,18,79,99,0,2,14,28,44,0,4,32,107,143,22,52,74,217
05/19/2016,VQQ,FL,ASO,ES,Federal Contract Tower,2,2,13,81,98,0,2,2,43,47,2,4,15,124,145,6,97,103,248
05/20/2016,VQQ,FL,ASO,ES,Federal Contract Tower,4,2,9,72,87,0,0,4,12,16,4,2,13,84,103,0,95,95,198
05/21/2016,VQQ,FL,ASO,ES,Federal Contract Tower,0,0,8,46,54,0,0,9,32,41,0,0,17,78,95,12,56,68,163
05/22/2016,VQQ,FL,ASO,ES,Federal Contract Tower,2,0,17,56,75,0,0,18,6,24,2,0,35,62,99,20,55,75,174
05/23/2016,VQQ,FL,ASO,ES,Federal Contract Tower,0,3,18,77,98,0,0,20,14,34,0,3,38,91,132,53,271,324,456
05/24/2016,VQQ,FL,ASO,ES,Federal Contract Tower,4,2,9,50,65,0,0,26,35,61,4,2,35,85,126,34,188,222,348
05/25/2016,VQQ,FL,ASO,ES,Federal Contract Tower,0,6,13,47,66,0,0,11,46,57,0,6,24,93,123,58,314,372,495
05/26/2016,VQQ,FL,ASO,ES,Federal Contract Tower,6,5,20,46,77,0,0,20,40,60,6,5,40,86,137,30,162,192,329
05/27/2016,VQQ,FL,ASO,ES,Federal Contract Tower,4,3,28,14,49,0,0,11,13,24,4,3,39,27,73,26,28,54,127
05/28/2016,VQQ,FL,ASO,ES,Federal Contract Tower,6,2,9,4,21,0,0,2,0,2,6,2,11,4,23,6,0,6,29
05/29/2016,VQQ,FL,ASO,ES,Federal Contract Tower,2,0,10,4,16,0,0,2,0,2,2,0,12,4,18,2,0,2,20
05/30/2016,VQQ,FL,ASO,ES,Federal Contract Tower,0,0,13,7,20,0,0,15,7,22,0,0,28,14,42,32,6,38,80
05/31/2016,VQQ,FL,ASO,ES,Federal Contract Tower,2,7,11,53,73,0,0,12,30,42,2,7,23,83,115,4,313,317,432
06/01/2016,VQQ,FL,ASO,ES,Federal Contract Tower,1,2,16,105,124,0,0,15,45,60,1,2,31,150,184,34,89,123,307
06/02/2016,VQQ,FL,ASO,ES,Federal Contract Tower,0,2,25,74,101,0,0,19,46,65,0,2,44,120,166,67,150,217,383
06/03/2016,VQQ,FL,ASO,ES,Federal Contract Tower,5,2,8,43,58,0,0,14,63,77,5,2,22,106,135,34,122,156,291
06/04/2016,VQQ,FL,ASO,ES,Federal Contract Tower,1,0,8,9,18,0,0,11,11,22,1,0,19,20,40,4,46,50,90
06/05/2016,VQQ,FL,ASO,ES,Federal Contract Tower,0,0,8,7,15,0,0,16,16,32,0,0,24,23,47,56,0,56,103
06/06/2016,VQQ,FL,ASO,ES,Federal Contract Tower,0,3,3,6,12,0,0,0,11,11,0,3,3,17,23,16,41,57,80
06/07/2016,VQQ,FL,ASO,ES,Federal Contract Tower,0,2,16,66,84,0,0,5,51,56,0,2,21,117,140,16,200,216,356
06/08/2016,VQQ,FL,ASO,ES,Federal Contract Tower,8,2,15,95,120,0,0,13,47,60,8,2,28,142,180,74,210,284,464
06/09/2016,VQQ,FL,ASO,ES,Federal Contract Tower,2,2,15,79,98,0,1,10,52,63,2,3,25,131,161,38,202,240,401
06/10/2016,VQQ,FL,ASO,ES,Federal Contract Tower,6,2,4,57,69,4,0,10,28,42,10,2,14,85,111,0,66,66,177
06/11/2016,VQQ,FL,ASO,ES,Federal Contract Tower,1,0,12,37,50,2,0,18,14,34,3,0,30,51,84,38,16,54,138
06/12/2016,VQQ,FL,ASO,ES,Federal Contract Tower,2,2,5,25,34,0,0,6,1,7,2,2,11,26,41,30,0,30,71
06/13/2016,VQQ,FL,ASO,ES,Federal Contract Tower,0,3,10,52,65,0,2,38,16,56,0,5,48,68,121,22,15,37,158
06/14/2016,VQQ,FL,ASO,ES,Federal Contract Tower,0,2,6,56,64,0,0,25,33,58,0,2,31,89,122,49,197,246,368
06/15/2016,VQQ,FL,ASO,ES,Federal Contract Tower,0,3,30,73,106,0,0,25,22,47,0,3,55,95,153,79,115,194,347
06/16/2016,VQQ,FL,ASO,ES,Federal Contract Tower,2,3,16,49,70,0,0,6,13,19,2,3,22,62,89,27,60,87,176
06/17/2016,VQQ,FL,ASO,ES,Federal Contract Tower,6,2,17,53,78,0,0,22,18,40,6,2,39,71,118,10,86,96,214
06/18/2016,VQQ,FL,ASO,ES,Federal Contract Tower,0,0,12,5,17,0,0,10,2,12,0,0,22,7,29,28,0,28,57
06/19/2016,VQQ,FL,ASO,ES,Federal Contract Tower,4,0,6,10,20,0,0,7,4,11,4,0,13,14,31,8,0,8,39
06/20/2016,VQQ,FL,ASO,ES,Federal Contract Tower,2,2,12,39,55,0,0,8,23,31,2,2,20,62,86,34,62,96,182
06/21/2016,VQQ,FL,ASO,ES,Federal Contract Tower,6,2,11,47,66,0,0,20,27,47,6,2,31,74,113,44,68,112,225
06/22/2016,VQQ,FL,ASO,ES,Federal Contract Tower,2,2,32,58,94,0,0,22,37,59,2,2,54,95,153,96,225,321,474
06/23/2016,VQQ,FL,ASO,ES,Federal Contract Tower,2,2,21,46,71,0,0,36,14,50,2,2,57,60,121,90,38,128,249
06/24/2016,VQQ,FL,ASO,ES,Federal Contract Tower,4,2,6,33,45,0,0,11,21,32,4,2,17,54,77,68,80,148,225
06/25/2016,VQQ,FL,ASO,ES,Federal Contract Tower,8,0,8,11,27,0,0,13,1,14,8,0,21,12,41,94,8,102,143
06/26/2016,VQQ,FL,ASO,ES,Federal Contract Tower,2,0,2,9,13,0,0,2,1,3,2,0,4,10,16,0,0,0,16
06/27/2016,VQQ,FL,ASO,ES,Federal Contract Tower,0,2,16,28,46,0,0,18,39,57,0,2,34,67,103,71,123,194,297
06/28/2016,VQQ,FL,ASO,ES,Federal Contract Tower,4,2,11,11,28,0,0,23,21,44,4,2,34,32,72,91,94,185,257
06/29/2016,VQQ,FL,ASO,ES,Federal Contract Tower,2,2,14,16,34,0,0,25,14,39,2,2,39,30,73,66,28,94,167
06/30/2016,VQQ,FL,ASO,ES,Federal Contract Tower,1,2,17,12,32,0,0,8,17,25,1,2,25,29,57,60,21,81,138
07/01/2016,VQQ,FL,ASO,ES,Federal Contract Tower,0,4,2,1,7,0,0,23,8,31,0,4,25,9,38,120,58,178,216
07/02/2016,VQQ,FL,ASO,ES,Federal Contract Tower,1,2,5,0,8,0,0,15,1,16,1,2,20,1,24,16,0,16,40
07/03/2016,VQQ,FL,ASO,ES,Federal Contract Tower,0,0,9,0,9,0,2,2,1,5,0,2,11,1,14,0,0,0,14
07/04/2016,VQQ,FL,ASO,ES,Federal Contract Tower,0,0,0,0,0,0,0,11,0,11,0,0,11,0,11,56,0,56,67
07/05/2016,VQQ,FL,ASO,ES,Federal Contract Tower,2,2,21,0,25,0,0,27,8,35,2,2,48,8,60,85,10,95,155
07/06/2016,VQQ,FL,ASO,ES,Federal Contract Tower,1,2,26,21,50,0,0,27,22,49,1,2,53,43,99,158,76,234,333
07/07/2016,VQQ,FL,ASO,ES,Federal Contract Tower,3,2,11,22,38,0,0,38,14,52,3,2,49,36,90,86,40,126,216
07/08/2016,VQQ,FL,ASO,ES,Federal Contract Tower,0,2,14,43,59,0,0,24,38,62,0,2,38,81,121,70,182,252,373
07/09/2016,VQQ,FL,ASO,ES,Federal Contract Tower,1,0,12,9,22,0,0,22,32,54,1,0,34,41,76,44,22,66,142
07/10/2016,VQQ,FL,ASO,ES,Federal Contract Tower,1,0,6,3,10,0,0,12,55,67,1,0,18,58,77,24,24,48,125
07/11/2016,VQQ,FL,ASO,ES,Federal Contract Tower,0,2,12,30,44,0,0,32,42,74,0,2,44,72,118,114,194,308,426
07/12/2016,VQQ,FL,ASO,ES,Federal Contract Tower,0,2,11,57,70,0,0,15,9,24,0,2,26,66,94,51,125,176,270
07/13/2016,VQQ,FL,ASO,ES,Federal Contract Tower,2,2,17,52,73,0,0,29,23,52,2,2,46,75,125,58,108,166,291
07/14/2016,VQQ,FL,ASO,ES,Federal Contract Tower,0,3,8,66,77,0,0,21,36,57,0,3,29,102,134,36,128,164,298
07/15/2016,VQQ,FL,ASO,ES,Federal Contract Tower,2,2,19,37,60,0,0,17,14,31,2,2,36,51,91,30,99,129,220
07/16/2016,VQQ,FL,ASO,ES,Federal Contract Tower,3,2,8,27,40,0,0,41,7,48,3,2,49,34,88,56,0,56,144
07/17/2016,VQQ,FL,ASO,ES,Federal Contract Tower,5,0,13,20,38,0,0,15,5,20,5,0,28,25,58,16,0,16,74
07/18/2016,VQQ,FL,ASO,ES,Federal Contract Tower,0,2,13,18,33,0,0,22,16,38,0,2,35,34,71,60,52,112,183
07/19/2016,VQQ,FL,ASO,ES,Federal Contract Tower,3,4,12,13,32,0,0,29,25,54,3,4,41,38,86,22,72,94,180
07/20/2016,VQQ,FL,ASO,ES,Federal Contract Tower,1,2,7,9,19,0,0,46,23,69,1,2,53,32,88,72,196,268,356
07/21/2016,VQQ,FL,ASO,ES,Federal Contract Tower,1,2,14,5,22,0,0,31,23,54,1,2,45,28,76,42,142,184,260
07/22/2016,VQQ,FL,ASO,ES,Federal Contract Tower,0,2,9,14,25,0,0,32,24,56,0,2,41,38,81,32,52,84,165
07/23/2016,VQQ,FL,ASO,ES,Federal Contract Tower,0,0,10,0,10,0,0,20,0,20,0,0,30,0,30,24,0,24,54
07/24/2016,VQQ,FL,ASO,ES,Federal Contract Tower,0,0,4,11,15,0,0,11,3,14,0,0,15,14,29,16,26,42,71
07/25/2016,VQQ,FL,ASO,ES,Federal Contract Tower,0,3,10,5,18,0,0,22,17,39,0,3,32,22,57,20,116,136,193
07/26/2016,VQQ,FL,ASO,ES,Federal Contract Tower,0,2,6,5,13,0,0,23,32,55,0,2,29,37,68,26,300,326,394
07/27/2016,VQQ,FL,ASO,ES,Federal Contract Tower,0,2,14,16,32,0,0,20,38,58,0,2,34,54,90,28,224,252,342
07/28/2016,VQQ,FL,ASO,ES,Federal Contract Tower,3,2,20,33,58,0,0,17,38,55,3,2,37,71,113,4,318,322,435
07/29/2016,VQQ,FL,ASO,ES,Federal Contract Tower,1,4,4,29,38,0,0,39,4,43,1,4,43,33,81,43,24,67,148
07/30/2016,VQQ,FL,ASO,ES,Federal Contract Tower,1,1,8,7,17,0,0,15,0,15,1,1,23,7,32,12,0,12,44
07/31/2016,VQQ,FL,ASO,ES,Federal Contract Tower,1,1,4,7,13,0,0,14,2,16,1,1,18,9,29,8,10,18,47
08/01/2016,VQQ,FL,ASO,ES,Federal Contract Tower,0,3,10,14,27,0,0,16,13,29,0,3,26,27,56,22,56,78,134
08/02/2016,VQQ,FL,ASO,ES,Federal Contract Tower,0,2,14,8,24,0,0,35,19,54,0,2,49,27,78,64,114,178,256
08/03/2016,VQQ,FL,ASO,ES,Federal Contract Tower,0,2,16,5,23,0,0,16,29,45,0,2,32,34,68,64,116,180,248
08/04/2016,VQQ,FL,ASO,ES,Federal Contract Tower,0,2,10,2,14,0,0,25,10,35,0,2,35,12,49,62,252,314,363
08/05/2016,VQQ,FL,ASO,ES,Federal Contract Tower,0,2,8,28,38,0,0,7,7,14,0,2,15,35,52,29,113,142,194
08/06/2016,VQQ,FL,ASO,ES,Federal Contract Tower,2,0,0,12,14,0,0,8,3,11,2,0,8,15,25,16,64,80,105
08/07/2016,VQQ,FL,ASO,ES,Federal Contract Tower,4,1,2,12,19,0,0,6,1,7,4,1,8,13,26,4,0,4,30
08/08/2016,VQQ,FL,ASO,ES,Federal Contract Tower,0,2,16,12,30,0,0,18,26,44,0,2,34,38,74,60,86,146,220
08/09/2016,VQQ,FL,ASO,ES,Federal Contract Tower,2,6,8,43,59,0,0,15,41,56,2,6,23,84,115,40,284,324,439
08/10/2016,VQQ,FL,ASO,ES,Federal Contract Tower,6,2,9,10,27,0,0,49,25,74,6,2,58,35,101,64,298,362,463
08/11/2016,VQQ,FL,ASO,ES,Federal Contract Tower,1,2,12,7,22,0,0,35,13,48,1,2,47,20,70,22,94,116,186
08/12/2016,VQQ,FL,ASO,ES,Federal Contract Tower,3,2,8,6,19,0,0,33,15,48,3,2,41,21,67,96,12,108,175
08/13/2016,VQQ,FL,ASO,ES,Federal Contract Tower,0,0,5,6,11,0,0,25,0,25,0,0,30,6,36,65,0,65,101
08/14/2016,VQQ,FL,ASO,ES,Federal Contract Tower,2,0,8,0,10,0,0,32,2,34,2,0,40,2,44,14,0,14,58
08/15/2016,VQQ,FL,ASO,ES,Federal Contract Tower,0,2,4,10,16,0,0,13,22,35,0,2,17,32,51,52,76,128,179
08/16/2016,VQQ,FL,ASO,ES,Federal Contract Tower,2,2,7,7,18,0,0,10,32,42,2,2,17,39,60,6,212,218,278
08/17/2016,VQQ,FL,ASO,ES,Federal Contract Tower,1,2,13,20,36,0,1,20,22,43,1,3,33,42,79,58,133,191,270
08/18/2016,VQQ,FL,ASO,ES,Federal Contract Tower,0,2,16,9,27,0,0,25,38,63,0,2,41,47,90,42,312,354,444
08/19/2016,VQQ,FL,ASO,ES,Federal Contract Tower,1,3,3,13,20,0,0,19,35,54,1,3,22,48,74,24,178,202,276
08/20/2016,VQQ,FL,ASO,ES,Federal Contract Tower,0,0,3,0,3,0,0,14,0,14,0,0,17,0,17,8,0,8,25
08/21/2016,VQQ,FL,ASO,ES,Federal Contract Tower,0,0,14,10,24,0,0,7,0,7,0,0,21,10,31,8,0,8,39
08/22/2016,VQQ,FL,ASO,ES,Federal Contract Tower,0,2,6,8,16,0,0,9,18,27,0,2,15,26,43,54,110,164,207
08/23/2016,VQQ,FL,ASO,ES,Federal Contract Tower,1,2,16,6,25,0,0,16,22,38,1,2,32,28,63,26,106,132,195
08/24/2016,VQQ,FL,ASO,ES,Federal Contract Tower,0,2,10,17,29,0,0,16,35,51,0,2,26,52,80,26,185,211,291
08/25/2016,VQQ,FL,ASO,ES,Federal Contract Tower,0,2,16,13,31,0,0,15,37,52,0,2,31,50,83,20,284,304,387
08/26/2016,VQQ,FL,ASO,ES,Federal Contract Tower,1,2,17,39,59,0,0,21,46,67,1,2,38,85,126,12,104,116,242
08/27/2016,VQQ,FL,ASO,ES,Federal Contract Tower,2,0,6,7,15,0,0,27,26,53,2,0,33,33,68,30,0,30,98
08/28/2016,VQQ,FL,ASO,ES,Federal Contract Tower,1,0,5,41,47,0,0,11,29,40,1,0,16,70,87,56,0,56,143
08/29/2016,VQQ,FL,ASO,ES,Federal Contract Tower,3,3,3,36,45,0,0,11,18,29,3,3,14,54,74,10,72,82,156
08/30/2016,VQQ,FL,ASO,ES,Federal Contract Tower,1,2,10,42,55,0,0,7,28,35,1,2,17,70,90,38,122,160,250
08/31/2016,VQQ,FL,ASO,ES,Federal Contract Tower,3,2,21,49,75,0,0,2,15,17,3,2,23,64,92,24,140,164,256
09/01/2016,VQQ,FL,ASO,ES,Federal Contract Tower,0,2,3,9,14,0,0,1,0,1,0,2,4,9,15,0,0,0,15
09/02/2016,VQQ,FL,ASO,ES,Federal Contract Tower,2,2,0,0,4,0,0,0,2,2,2,2,0,2,6,0,0,0,6
09/03/2016,VQQ,FL,ASO,ES,Federal Contract Tower,2,0,23,6,31,0,0,7,1,8,2,0,30,7,39,18,0,18,57
09/04/2016,VQQ,FL,ASO,ES,Federal Contract Tower,1,0,12,4,17,0,0,4,0,4,1,0,16,4,21,12,0,12,33
09/05/2016,VQQ,FL,ASO,ES,Federal Contract Tower,0,0,8,0,8,0,0,26,0,26,0,0,34,0,34,54,0,54,88
09/06/2016,VQQ,FL,ASO,ES,Federal Contract Tower,2,2,4,6,14,0,0,37,16,53,2,2,41,22,67,90,70,160,227
09/07/2016,VQQ,FL,ASO,ES,Federal Contract Tower,2,3,9,17,31,0,1,81,36,118,2,4,90,53,149,44,152,196,345
09/08/2016,VQQ,FL,ASO,ES,Federal Contract Tower,1,4,9,14,28,0,0,25,36,61,1,4,34,50,89,80,248,328,417
09/09/2016,VQQ,FL,ASO,ES,Federal Contract Tower,2,2,6,37,47,0,0,29,23,52,2,2,35,60,99,28,64,92,191
09/10/2016,VQQ,FL,ASO,ES,Federal Contract Tower,2,0,21,9,32,0,0,18,2,20,2,0,39,11,52,37,0,37,89
09/11/2016,VQQ,FL,ASO,ES,Federal Contract Tower,2,0,22,1,25,0,0,13,8,21,2,0,35,9,46,38,0,38,84
09/12/2016,VQQ,FL,ASO,ES,Federal Contract Tower,2,2,12,30,46,0,0,38,28,66,2,2,50,58,112,98,160,258,370
09/13/2016,VQQ,FL,ASO,ES,Federal Contract Tower,2,3,14,4,23,0,0,1,7,8,2,3,15,11,31,0,12,12,43
09/14/2016,VQQ,FL,ASO,ES,Federal Contract Tower,2,2,17,12,33,0,0,4,21,25,2,2,21,33,58,10,164,174,232
09/15/2016,VQQ,FL,ASO,ES,Federal Contract Tower,0,2,23,55,80,0,0,16,30,46,0,2,39,85,126,18,154,172,298
09/16/2016,VQQ,FL,ASO,ES,Federal Contract Tower,3,4,18,32,57,0,0,13,10,23,3,4,31,42,80,67,28,95,175
09/17/2016,VQQ,FL,ASO,ES,Federal Contract Tower,4,0,9,9,22,0,0,49,3,52,4,0,58,12,74,8,0,8,82
09/18/2016,VQQ,FL,ASO,ES,Federal Contract Tower,0,0,10,10,20,0,0,14,1,15,0,0,24,11,35,16,0,16,51
09/19/2016,VQQ,FL,ASO,ES,Federal Contract Tower,2,2,13,6,23,0,0,26,2,28,2,2,39,8,51,74,4,78,129
09/20/2016,VQQ,FL,ASO,ES,Federal Contract Tower,1,2,20,28,51,0,0,16,15,31,1,2,36,43,82,82,86,168,250
09/21/2016,VQQ,FL,ASO,ES,Federal Contract Tower,1,3,27,11,42,0,0,47,49,96,1,3,74,60,138,66,82,148,286
09/22/2016,VQQ,FL,ASO,ES,Federal Contract Tower,3,2,24,13,42,0,0,16,26,42,3,2,40,39,84,38,20,58,142
09/23/2016,VQQ,FL,ASO,ES,Federal Contract Tower,2,2,14,21,39,0,0,28,15,43,2,2,42,36,82,46,62,108,190
09/24/2016,VQQ,FL,ASO,ES,Federal Contract Tower,4,0,8,3,15,0,0,13,3,16,4,0,21,6,31,56,0,56,87
09/25/2016,VQQ,FL,ASO,ES,Federal Contract Tower,0,0,15,2,17,0,0,10,0,10,0,0,25,2,27,16,0,16,43
09/26/2016,VQQ,FL,ASO,ES,Federal Contract Tower,1,2,11,5,19,0,0,9,25,34,1,2,20,30,53,12,156,168,221
09/27/2016,VQQ,FL,ASO,ES,Federal Contract Tower,0,6,15,12,33,0,0,15,15,30,0,6,30,27,63,12,30,42,105
09/28/2016,VQQ,FL,ASO,ES,Federal Contract Tower,1,2,21,44,68,0,0,10,31,41,1,2,31,75,109,38,116,154,263
09/29/2016,VQQ,FL,ASO,ES,Federal Contract Tower,2,3,4,22,31,0,0,9,18,27,2,3,13,40,58,22,50,72,130
09/30/2016,VQQ,FL,ASO,ES,Federal Contract Tower,2,4,13,33,52,0,0,21,10,31,2,4,34,43,83,110,44,154,237
10/01/2016,VQQ,FL,ASO,ES,Federal Contract Tower,4,0,8,8,20,0,0,36,0,36,4,0,44,8,56,70,0,70,126
10/02/2016,VQQ,FL,ASO,ES,Federal Contract Tower,0,0,7,1,8,0,0,8,0,8,0,0,15,1,16,80,0,80,96
10/03/2016,VQQ,FL,ASO,ES,Federal Contract Tower,0,2,18,14,34,0,0,25,22,47,0,2,43,36,81,72,42,114,195
10/04/2016,VQQ,FL,ASO,ES,Federal Contract Tower,0,2,18,5,25,0,0,32,12,44,0,2,50,17,69,32,30,62,131
10/05/2016,VQQ,FL,ASO,ES,Federal Contract Tower,0,4,15,10,29,0,0,0,2,2,0,4,15,12,31,0,2,2,33
10/06/2016,VQQ,FL,ASO,ES,Federal Contract Tower,2,0,2,0,4,0,0,0,0,0,2,0,2,0,4,0,0,0,4
10/07/2016,VQQ,FL,ASO,ES,Federal Contract Tower,0,0,0,0,0,0,0,0,0,0,0,0,0,0,0,0,0,0,0
10/08/2016,VQQ,FL,ASO,ES,Federal Contract Tower,0,0,0,2,2,0,0,2,20,22,0,0,2,22,24,0,0,0,24
10/09/2016,VQQ,FL,ASO,ES,Federal Contract Tower,1,0,14,0,15,0,0,7,2,9,1,0,21,2,24,4,0,4,28
10/10/2016,VQQ,FL,ASO,ES,Federal Contract Tower,2,2,9,1,14,0,0,19,3,22,2,2,28,4,36,25,8,33,69
10/11/2016,VQQ,FL,ASO,ES,Federal Contract Tower,0,4,14,14,32,0,0,22,36,58,0,4,36,50,90,40,156,196,286
10/12/2016,VQQ,FL,ASO,ES,Federal Contract Tower,0,5,27,9,41,0,0,22,30,52,0,5,49,39,93,68,198,266,359
10/13/2016,VQQ,FL,ASO,ES,Federal Contract Tower,0,5,8,24,37,0,0,32,33,65,0,5,40,57,102,100,282,382,484
10/14/2016,VQQ,FL,ASO,ES,Federal Contract Tower,0,4,4,21,29,0,0,35,15,50,0,4,39,36,79,99,47,146,225
10/15/2016,VQQ,FL,ASO,ES,Federal Contract Tower,2,0,7,5,14,0,0,12,1,13,2,0,19,6,27,32,0,32,59
10/16/2016,VQQ,FL,ASO,ES,Federal Contract Tower,7,0,17,1,25,0,0,11,8,19,7,0,28,9,44,6,0,6,50
10/17/2016,VQQ,FL,ASO,ES,Federal Contract Tower,4,5,14,35,58,0,0,50,15,65,4,5,64,50,123,157,60,217,340
10/18/2016,VQQ,FL,ASO,ES,Federal Contract Tower,6,3,11,10,30,0,0,41,36,77,6,3,52,46,107,108,206,314,421
10/19/2016,VQQ,FL,ASO,ES,Federal Contract Tower,0,4,16,47,67,0,0,36,35,71,0,4,52,82,138,80,206,286,424
10/20/2016,VQQ,FL,ASO,ES,Federal Contract Tower,6,7,23,4,40,0,0,54,14,68,6,7,77,18,108,113,52,165,273
10/21/2016,VQQ,FL,ASO,ES,Federal Contract Tower,2,3,33,6,44,0,0,24,26,50,2,3,57,32,94,17,29,46,140
10/22/2016,VQQ,FL,ASO,ES,Federal Contract Tower,3,0,22,3,28,0,0,19,0,19,3,0,41,3,47,54,0,54,101
10/23/2016,VQQ,FL,ASO,ES,Federal Contract Tower,0,2,15,1,18,0,0,15,0,15,0,2,30,1,33,34,0,34,67
10/24/2016,VQQ,FL,ASO,ES,Federal Contract Tower,2,4,17,6,29,0,0,50,32,82,2,4,67,38,111,62,126,188,299
10/25/2016,VQQ,FL,ASO,ES,Federal Contract Tower,0,3,21,27,51,0,0,28,33,61,0,3,49,60,112,164,98,262,374
10/26/2016,VQQ,FL,ASO,ES,Federal Contract Tower,0,4,15,4,23,0,0,32,37,69,0,4,47,41,92,122,254,376,468
10/27/2016,VQQ,FL,ASO,ES,Federal Contract Tower,2,12,21,17,52,0,0,55,33,88,2,12,76,50,140,122,154,276,416
10/28/2016,VQQ,FL,ASO,ES,Federal Contract Tower,3,2,10,19,34,0,0,35,18,53,3,2,45,37,87,78,46,124,211
10/29/2016,VQQ,FL,ASO,ES,Federal Contract Tower,4,0,5,0,9,0,0,30,0,30,4,0,35,0,39,46,0,46,85
10/30/2016,VQQ,FL,ASO,ES,Federal Contract Tower,0,0,14,2,16,0,0,13,1,14,0,0,27,3,30,20,0,20,50
10/31/2016,VQQ,FL,ASO,ES,Federal Contract Tower,2,4,30,2,38,0,0,36,15,51,2,4,66,17,89,82,80,162,251
11/01/2016,VQQ,FL,ASO,ES,Federal Contract Tower,2,2,24,24,52,0,0,18,23,41,2,2,42,47,93,84,230,314,407
11/02/2016,VQQ,FL,ASO,ES,Federal Contract Tower,2,2,23,12,39,0,0,34,19,53,2,2,57,31,92,36,134,170,262
11/03/2016,VQQ,FL,ASO,ES,Federal Contract Tower,1,8,30,17,56,0,0,21,27,48,1,8,51,44,104,44,242,286,390
11/04/2016,VQQ,FL,ASO,ES,Federal Contract Tower,1,2,16,30,49,0,0,27,29,56,1,2,43,59,105,108,56,164,269
11/05/2016,VQQ,FL,ASO,ES,Federal Contract Tower,0,1,7,27,35,0,0,14,7,21,0,1,21,34,56,28,2,30,86
11/06/2016,VQQ,FL,ASO,ES,Federal Contract Tower,1,2,15,24,42,0,0,2,4,6,1,2,17,28,48,10,0,10,58
11/07/2016,VQQ,FL,ASO,ES,Federal Contract Tower,0,4,25,35,64,0,0,21,25,46,0,4,46,60,110,125,261,386,496
11/08/2016,VQQ,FL,ASO,ES,Federal Contract Tower,2,3,12,38,55,6,0,25,38,69,8,3,37,76,124,130,278,408,532
11/09/2016,VQQ,FL,ASO,ES,Federal Contract Tower,6,2,13,28,49,0,0,14,40,54,6,2,27,68,103,46,180,226,329
11/10/2016,VQQ,FL,ASO,ES,Federal Contract Tower,6,6,20,48,80,0,0,23,60,83,6,6,43,108,163,36,172,208,371
11/11/2016,VQQ,FL,ASO,ES,Federal Contract Tower,3,2,11,13,29,0,0,28,6,34,3,2,39,19,63,46,0,46,109
11/12/2016,VQQ,FL,ASO,ES,Federal Contract Tower,2,0,9,14,25,0,0,7,1,8,2,0,16,15,33,46,6,52,85
11/13/2016,VQQ,FL,ASO,ES,Federal Contract Tower,2,4,3,1,10,0,0,10,5,15,2,4,13,6,25,0,0,0,25
11/14/2016,VQQ,FL,ASO,ES,Federal Contract Tower,0,5,12,21,38,0,0,30,34,64,0,5,42,55,102,48,148,196,298
11/15/2016,VQQ,FL,ASO,ES,Federal Contract Tower,0,3,19,22,44,0,0,28,27,55,0,3,47,49,99,40,178,218,317
11/16/2016,VQQ,FL,ASO,ES,Federal Contract Tower,1,2,24,37,64,0,0,21,29,50,1,2,45,66,114,36,216,252,366
11/17/2016,VQQ,FL,ASO,ES,Federal Contract Tower,0,2,12,5,19,0,0,20,29,49,0,2,32,34,68,62,96,158,226
11/18/2016,VQQ,FL,ASO,ES,Federal Contract Tower,2,3,23,14,42,0,0,18,22,40,2,3,41,36,82,53,134,187,269
11/19/2016,VQQ,FL,ASO,ES,Federal Contract Tower,0,0,9,5,14,0,0,32,4,36,0,0,41,9,50,34,30,64,114
11/20/2016,VQQ,FL,ASO,ES,Federal Contract Tower,0,0,8,1,9,0,0,3,2,5,0,0,11,3,14,4,0,4,18
11/21/2016,VQQ,FL,ASO,ES,Federal Contract Tower,9,6,28,11,54,0,0,33,20,53,9,6,61,31,107,136,140,276,383
11/22/2016,VQQ,FL,ASO,ES,Federal Contract Tower,2,5,35,29,71,2,0,41,31,74,4,5,76,60,145,112,170,282,427
11/23/2016,VQQ,FL,ASO,ES,Federal Contract Tower,1,12,11,8,32,0,0,18,13,31,1,12,29,21,63,48,54,102,165
11/24/2016,VQQ,FL,ASO,ES,Federal Contract Tower,0,0,4,0,4,0,0,2,0,2,0,0,6,0,6,0,0,0,6
11/25/2016,VQQ,FL,ASO,ES,Federal Contract Tower,4,6,9,2,21,0,0,12,0,12,4,6,21,2,33,38,4,42,75
11/26/2016,VQQ,FL,ASO,ES,Federal Contract Tower,1,1,11,0,13,0,0,21,0,21,1,1,32,0,34,25,0,25,59
11/27/2016,VQQ,FL,ASO,ES,Federal Contract Tower,1,0,12,0,13,0,0,14,0,14,1,0,26,0,27,40,0,40,67
11/28/2016,VQQ,FL,ASO,ES,Federal Contract Tower,2,2,4,7,15,0,0,25,18,43,2,2,29,25,58,68,78,146,204
11/29/2016,VQQ,FL,ASO,ES,Federal Contract Tower,0,4,8,49,61,0,0,42,20,62,0,4,50,69,123,122,134,256,379
11/30/2016,VQQ,FL,ASO,ES,Federal Contract Tower,4,2,21,20,47,0,0,11,31,42,4,2,32,51,89,14,94,108,197
12/01/2016,VQQ,FL,ASO,ES,Federal Contract Tower,4,2,13,29,48,2,0,15,24,41,6,2,28,53,89,28,38,66,155
12/02/2016,VQQ,FL,ASO,ES,Federal Contract Tower,2,2,9,11,24,0,0,26,27,53,2,2,35,38,77,29,54,83,160
12/03/2016,VQQ,FL,ASO,ES,Federal Contract Tower,0,0,3,2,5,0,0,25,2,27,0,0,28,4,32,67,2,69,101
12/04/2016,VQQ,FL,ASO,ES,Federal Contract Tower,0,0,10,8,18,0,0,6,1,7,0,0,16,9,25,0,0,0,25
12/05/2016,VQQ,FL,ASO,ES,Federal Contract Tower,1,2,40,42,85,0,0,14,22,36,1,2,54,64,121,98,79,177,298
12/06/2016,VQQ,FL,ASO,ES,Federal Contract Tower,2,2,17,8,29,0,0,3,21,24,2,2,20,29,53,0,82,82,135
12/07/2016,VQQ,FL,ASO,ES,Federal Contract Tower,3,1,6,46,56,0,0,32,28,60,3,1,38,74,116,84,142,226,342
12/08/2016,VQQ,FL,ASO,ES,Federal Contract Tower,3,5,9,14,31,0,0,18,27,45,3,5,27,41,76,48,52,100,176
12/09/2016,VQQ,FL,ASO,ES,Federal Contract Tower,3,2,11,31,47,0,0,26,19,45,3,2,37,50,92,89,74,163,255
12/10/2016,VQQ,FL,ASO,ES,Federal Contract Tower,3,0,7,3,13,0,0,5,0,5,3,0,12,3,18,30,0,30,48
12/11/2016,VQQ,FL,ASO,ES,Federal Contract Tower,1,3,16,6,26,0,0,14,1,15,1,3,30,7,41,10,0,10,51
12/12/2016,VQQ,FL,ASO,ES,Federal Contract Tower,1,2,20,27,50,0,0,15,14,29,1,2,35,41,79,40,100,140,219
12/13/2016,VQQ,FL,ASO,ES,Federal Contract Tower,0,2,38,62,102,0,0,32,25,57,0,2,70,87,159,77,83,160,319
12/14/2016,VQQ,FL,ASO,ES,Federal Contract Tower,0,2,15,33,50,0,0,28,22,50,0,2,43,55,100,74,100,174,274
12/15/2016,VQQ,FL,ASO,ES,Federal Contract Tower,1,2,30,12,45,0,0,21,21,42,1,2,51,33,87,110,114,224,311
12/16/2016,VQQ,FL,ASO,ES,Federal Contract Tower,0,2,18,15,35,0,0,22,8,30,0,2,40,23,65,76,36,112,177
12/17/2016,VQQ,FL,ASO,ES,Federal Contract Tower,0,0,15,8,23,0,0,22,3,25,0,0,37,11,48,46,0,46,94
12/18/2016,VQQ,FL,ASO,ES,Federal Contract Tower,0,0,8,7,15,0,0,0,0,0,0,0,8,7,15,0,0,0,15
12/19/2016,VQQ,FL,ASO,ES,Federal Contract Tower,0,2,14,6,22,0,0,0,0,0,0,2,14,6,22,0,0,0,22
12/20/2016,VQQ,FL,ASO,ES,Federal Contract Tower,2,2,5,8,17,0,0,0,2,2,2,2,5,10,19,0,2,2,21
12/21/2016,VQQ,FL,ASO,ES,Federal Contract Tower,2,4,13,15,34,0,0,4,2,6,2,4,17,17,40,15,8,23,63
12/22/2016,VQQ,FL,ASO,ES,Federal Contract Tower,0,2,24,41,67,0,0,26,10,36,0,2,50,51,103,56,62,118,221
12/23/2016,VQQ,FL,ASO,ES,Federal Contract Tower,0,2,18,0,20,0,0,23,3,26,0,2,41,3,46,30,0,30,76
12/24/2016,VQQ,FL,ASO,ES,Federal Contract Tower,0,2,12,0,14,0,0,16,0,16,0,2,28,0,30,7,0,7,37
12/25/2016,VQQ,FL,ASO,ES,Federal Contract Tower,0,0,2,0,2,0,0,0,0,0,0,0,2,0,2,0,0,0,2
12/26/2016,VQQ,FL,ASO,ES,Federal Contract Tower,1,0,11,0,12,0,0,0,0,0,1,0,11,0,12,0,0,0,12
12/27/2016,VQQ,FL,ASO,ES,Federal Contract Tower,0,4,7,12,23,0,0,1,6,7,0,4,8,18,30,0,92,92,122
12/28/2016,VQQ,FL,ASO,ES,Federal Contract Tower,0,2,22,6,30,0,0,22,11,33,0,2,44,17,63,18,82,100,163
12/29/2016,VQQ,FL,ASO,ES,Federal Contract Tower,0,2,8,32,42,0,0,7,11,18,0,2,15,43,60,8,96,104,164
12/30/2016,VQQ,FL,ASO,ES,Federal Contract Tower,2,3,7,0,12,0,0,28,5,33,2,3,35,5,45,14,2,16,61
12/31/2016,VQQ,FL,ASO,ES,Federal Contract Tower,0,1,3,0,4,0,0,13,0,13,0,1,16,0,17,26,0,26,43
01/01/2017,VQQ,FL,ASO,ES,Federal Contract Tower,0,0,4,0,4,0,0,4,0,4,0,0,8,0,8,2,0,2,10
01/02/2017,VQQ,FL,ASO,ES,Federal Contract Tower,3,0,7,0,10,0,0,19,0,19,3,0,26,0,29,58,0,58,87
01/03/2017,VQQ,FL,ASO,ES,Federal Contract Tower,0,2,6,28,36,0,0,3,6,9,0,2,9,34,45,0,44,44,89
01/04/2017,VQQ,FL,ASO,ES,Federal Contract Tower,0,2,13,24,39,0,0,45,38,83,0,2,58,62,122,72,168,240,362
01/05/2017,VQQ,FL,ASO,ES,Federal Contract Tower,2,2,17,35,56,0,0,30,36,66,2,2,47,71,122,50,226,276,398
01/06/2017,VQQ,FL,ASO,ES,Federal Contract Tower,4,2,15,36,57,0,0,10,29,39,4,2,25,65,96,30,126,156,252
01/07/2017,VQQ,FL,ASO,ES,Federal Contract Tower,1,0,2,11,14,0,0,1,0,1,1,0,3,11,15,0,0,0,15
01/08/2017,VQQ,FL,ASO,ES,Federal Contract Tower,0,0,12,4,16,0,0,12,1,13,0,0,24,5,29,26,0,26,55
01/09/2017,VQQ,FL,ASO,ES,Federal Contract Tower,2,2,17,14,35,0,0,28,25,53,2,2,45,39,88,54,329,383,471
01/10/2017,VQQ,FL,ASO,ES,Federal Contract Tower,0,2,10,21,33,0,0,33,35,68,0,2,43,56,101,30,570,600,701
01/11/2017,VQQ,FL,ASO,ES,Federal Contract Tower,0,3,11,16,30,0,0,17,36,53,0,3,28,52,83,39,391,430,513
01/12/2017,VQQ,FL,ASO,ES,Federal Contract Tower,4,3,9,19,35,0,0,17,28,45,4,3,26,47,80,54,148,202,282
01/13/2017,VQQ,FL,ASO,ES,Federal Contract Tower,0,2,19,45,66,0,0,39,35,74,0,2,58,80,140,68,148,216,356
01/14/2017,VQQ,FL,ASO,ES,Federal Contract Tower,1,1,19,1,22,0,0,11,0,11,1,1,30,1,33,22,2,24,57
01/15/2017,VQQ,FL,ASO,ES,Federal Contract Tower,0,0,4,7,11,0,0,14,0,14,0,0,18,7,25,24,0,24,49
01/16/2017,VQQ,FL,ASO,ES,Federal Contract Tower,2,2,8,4,16,0,0,30,2,32,2,2,38,6,48,60,10,70,118
01/17/2017,VQQ,FL,ASO,ES,Federal Contract Tower,4,3,11,18,36,0,0,33,35,68,4,3,44,53,104,70,222,292,396
01/18/2017,VQQ,FL,ASO,ES,Federal Contract Tower,1,2,10,37,50,0,0,28,32,60,1,2,38,69,110,42,124,166,276
01/19/2017,VQQ,FL,ASO,ES,Federal Contract Tower,0,5,16,30,51,0,0,33,38,71,0,5,49,68,122,56,80,136,258
01/20/2017,VQQ,FL,ASO,ES,Federal Contract Tower,2,5,1,8,16,0,0,22,26,48,2,5,23,34,64,34,402,436,500
01/21/2017,VQQ,FL,ASO,ES,Federal Contract Tower,1,0,18,6,25,0,0,7,1,8,1,0,25,7,33,11,0,11,44
01/22/2017,VQQ,FL,ASO,ES,Federal Contract Tower,2,0,5,0,7,0,0,0,5,5,2,0,5,5,12,0,38,38,50
01/23/2017,VQQ,FL,ASO,ES,Federal Contract Tower,3,2,12,6,23,0,0,6,25,31,3,2,18,31,54,4,206,210,264
01/24/2017,VQQ,FL,ASO,ES,Federal Contract Tower,0,2,10,26,38,0,0,36,39,75,0,2,46,65,113,48,301,349,462
01/25/2017,VQQ,FL,ASO,ES,Federal Contract Tower,0,2,20,27,49,0,0,32,40,72,0,2,52,67,121,67,318,385,506
01/26/2017,VQQ,FL,ASO,ES,Federal Contract Tower,2,2,10,18,32,0,0,8,21,29,2,2,18,39,61,44,27,71,132
01/27/2017,VQQ,FL,ASO,ES,Federal Contract Tower,7,2,16,22,47,0,0,34,27,61,7,2,50,49,108,79,55,134,242
01/28/2017,VQQ,FL,ASO,ES,Federal Contract Tower,0,3,22,0,25,0,0,26,0,26,0,3,48,0,51,63,0,63,114
01/29/2017,VQQ,FL,ASO,ES,Federal Contract Tower,2,0,11,4,17,0,0,13,5,18,2,0,24,9,35,38,0,38,73
01/30/2017,VQQ,FL,ASO,ES,Federal Contract Tower,2,2,13,8,25,0,0,38,28,66,2,2,51,36,91,68,174,242,333
01/31/2017,VQQ,FL,ASO,ES,Federal Contract Tower,1,2,15,25,43,0,0,27,28,55,1,2,42,53,98,66,182,248,346
02/01/2017,VQQ,FL,ASO,ES,Federal Contract Tower,3,2,10,36,51,0,0,27,24,51,3,2,37,60,102,64,190,254,356
02/02/2017,VQQ,FL,ASO,ES,Federal Contract Tower,0,2,19,39,60,0,0,34,20,54,0,2,53,59,114,68,160,228,342
02/03/2017,VQQ,FL,ASO,ES,Federal Contract Tower,6,2,13,27,48,0,0,24,12,36,6,2,37,39,84,60,144,204,288
02/04/2017,VQQ,FL,ASO,ES,Federal Contract Tower,0,0,7,7,14,0,0,2,0,2,0,0,9,7,16,4,0,4,20
02/05/2017,VQQ,FL,ASO,ES,Federal Contract Tower,5,0,13,0,18,0,0,4,2,6,5,0,17,2,24,16,0,16,40
02/06/2017,VQQ,FL,ASO,ES,Federal Contract Tower,5,2,17,15,39,0,0,30,19,49,5,2,47,34,88,122,84,206,294
02/07/2017,VQQ,FL,ASO,ES,Federal Contract Tower,1,2,14,9,26,0,0,61,20,81,1,2,75,29,107,70,146,216,323
02/08/2017,VQQ,FL,ASO,ES,Federal Contract Tower,3,4,22,27,56,0,0,49,32,81,3,4,71,59,137,38,152,190,327
02/09/2017,VQQ,FL,ASO,ES,Federal Contract Tower,0,2,15,21,38,0,0,18,28,46,0,2,33,49,84,22,146,168,252
02/10/2017,VQQ,FL,ASO,ES,Federal Contract Tower,0,2,11,25,38,0,0,29,30,59,0,2,40,55,97,94,139,233,330
02/11/2017,VQQ,FL,ASO,ES,Federal Contract Tower,0,0,7,4,11,0,0,40,2,42,0,0,47,6,53,64,4,68,121
02/12/2017,VQQ,FL,ASO,ES,Federal Contract Tower,4,0,17,5,26,0,0,7,1,8,4,0,24,6,34,0,0,0,34
02/13/2017,VQQ,FL,ASO,ES,Federal Contract Tower,0,2,17,19,38,0,0,52,19,71,0,2,69,38,109,130,88,218,327
02/14/2017,VQQ,FL,ASO,ES,Federal Contract Tower,5,2,6,12,25,0,0,25,40,65,5,2,31,52,90,30,266,296,386
02/15/2017,VQQ,FL,ASO,ES,Federal Contract Tower,0,7,15,23,45,0,0,0,36,36,0,7,15,59,81,0,262,262,343
02/16/2017,VQQ,FL,ASO,ES,Federal Contract Tower,1,2,24,23,50,0,0,23,28,51,1,2,47,51,101,52,196,248,349
02/17/2017,VQQ,FL,ASO,ES,Federal Contract Tower,0,2,21,21,44,0,0,35,17,52,0,2,56,38,96,114,56,170,266
02/18/2017,VQQ,FL,ASO,ES,Federal Contract Tower,4,0,14,0,18,0,0,16,2,18,4,0,30,2,36,29,0,29,65
02/19/2017,VQQ,FL,ASO,ES,Federal Contract Tower,0,0,13,2,15,0,0,15,0,15,0,0,28,2,30,28,0,28,58
02/20/2017,VQQ,FL,ASO,ES,Federal Contract Tower,2,2,34,1,39,0,0,28,5,33,2,2,62,6,72,65,8,73,145
02/21/2017,VQQ,FL,ASO,ES,Federal Contract Tower,0,2,28,21,51,0,0,29,18,47,0,2,57,39,98,51,52,103,201
02/22/2017,VQQ,FL,ASO,ES,Federal Contract Tower,0,2,15,10,27,0,0,47,24,71,0,2,62,34,98,69,136,205,303
02/23/2017,VQQ,FL,ASO,ES,Federal Contract Tower,0,3,11,16,30,0,0,2,34,36,0,3,13,50,66,14,98,112,178
02/24/2017,VQQ,FL,ASO,ES,Federal Contract Tower,2,3,33,15,53,0,0,28,15,43,2,3,61,30,96,82,70,152,248
02/25/2017,VQQ,FL,ASO,ES,Federal Contract Tower,3,0,21,2,26,0,0,38,0,38,3,0,59,2,64,42,0,42,106
02/26/2017,VQQ,FL,ASO,ES,Federal Contract Tower,1,0,20,7,28,0,0,55,4,59,1,0,75,11,87,46,0,46,133
02/27/2017,VQQ,FL,ASO,ES,Federal Contract Tower,0,2,27,28,57,0,0,24,15,39,0,2,51,43,96,83,104,187,283
02/28/2017,VQQ,FL,ASO,ES,Federal Contract Tower,10,2,19,19,50,1,0,24,33,58,11,2,43,52,108,71,181,252,360
03/01/2017,VQQ,FL,ASO,ES,Federal Contract Tower,0,2,23,14,39,0,0,30,33,63,0,2,53,47,102,46,172,218,320
03/02/2017,VQQ,FL,ASO,ES,Federal Contract Tower,3,2,16,29,50,0,0,4,19,23,3,2,20,48,73,8,116,124,197
03/03/2017,VQQ,FL,ASO,ES,Federal Contract Tower,1,2,24,14,41,0,0,23,25,48,1,2,47,39,89,65,84,149,238
03/04/2017,VQQ,FL,ASO,ES,Federal Contract Tower,4,0,10,4,18,0,0,13,5,18,4,0,23,9,36,50,18,68,104
03/05/2017,VQQ,FL,ASO,ES,Federal Contract Tower,1,0,12,2,15,0,0,31,0,31,1,0,43,2,46,12,0,12,58
03/06/2017,VQQ,FL,ASO,ES,Federal Contract Tower,0,2,6,7,15,0,0,35,22,57,0,2,41,29,72,188,12,200,272
03/07/2017,VQQ,FL,ASO,ES,Federal Contract Tower,0,3,6,34,43,0,0,24,26,50,0,3,30,60,93,113,76,189,282
03/08/2017,VQQ,FL,ASO,ES,Federal Contract Tower,3,3,23,8,37,0,0,31,22,53,3,3,54,30,90,46,187,233,323
03/09/2017,VQQ,FL,ASO,ES,Federal Contract Tower,1,4,16,19,40,0,0,79,37,116,1,4,95,56,156,102,84,186,342
03/10/2017,VQQ,FL,ASO,ES,Federal Contract Tower,0,2,16,15,33,0,0,41,4,45,0,2,57,19,78,95,30,125,203
03/11/2017,VQQ,FL,ASO,ES,Federal Contract Tower,0,0,11,0,11,0,0,6,2,8,0,0,17,2,19,10,22,32,51
03/12/2017,VQQ,FL,ASO,ES,Federal Contract Tower,0,0,9,3,12,0,0,6,2,8,0,0,15,5,20,0,12,12,32
03/13/2017,VQQ,FL,ASO,ES,Federal Contract Tower,0,2,8,14,24,0,0,0,0,0,0,2,8,14,24,0,0,0,24
03/14/2017,VQQ,FL,ASO,ES,Federal Contract Tower,4,4,18,4,30,0,0,17,33,50,4,4,35,37,80,60,160,220,300
03/15/2017,VQQ,FL,ASO,ES,Federal Contract Tower,0,2,25,13,40,0,0,23,31,54,0,2,48,44,94,56,208,264,358
03/16/2017,VQQ,FL,ASO,ES,Federal Contract Tower,0,2,24,12,38,0,0,36,37,73,0,2,60,49,111,52,178,230,341
03/17/2017,VQQ,FL,ASO,ES,Federal Contract Tower,0,2,23,35,60,0,0,80,0,80,0,2,103,35,140,134,2,136,276
03/18/2017,VQQ,FL,ASO,ES,Federal Contract Tower,0,0,8,6,14,0,0,23,40,63,0,0,31,46,77,30,0,30,107
03/19/2017,VQQ,FL,ASO,ES,Federal Contract Tower,1,0,5,40,46,0,0,12,10,22,1,0,17,50,68,6,22,28,96
03/20/2017,VQQ,FL,ASO,ES,Federal Contract Tower,0,2,15,68,85,0,0,36,17,53,0,2,51,85,138,60,113,173,311
03/21/2017,VQQ,FL,ASO,ES,Federal Contract Tower,0,2,11,64,77,0,0,46,28,74,0,2,57,92,151,122,180,302,453
03/22/2017,VQQ,FL,ASO,ES,Federal Contract Tower,0,2,14,83,99,0,0,37,16,53,0,2,51,99,152,58,130,188,340
03/23/2017,VQQ,FL,ASO,ES,Federal Contract Tower,0,2,14,15,31,0,0,5,10,15,0,2,19,25,46,22,34,56,102
03/24/2017,VQQ,FL,ASO,ES,Federal Contract Tower,3,2,11,10,26,0,0,14,16,30,3,2,25,26,56,17,28,45,101
03/25/2017,VQQ,FL,ASO,ES,Federal Contract Tower,2,0,13,2,17,0,0,21,1,22,2,0,34,3,39,26,0,26,65
03/26/2017,VQQ,FL,ASO,ES,Federal Contract Tower,0,0,5,6,11,0,0,8,0,8,0,0,13,6,19,26,0,26,45
03/27/2017,VQQ,FL,ASO,ES,Federal Contract Tower,1,2,22,9,34,0,0,27,22,49,1,2,49,31,83,40,48,88,171
03/28/2017,VQQ,FL,ASO,ES,Federal Contract Tower,2,2,30,15,49,0,0,44,14,58,2,2,74,29,107,148,18,166,273
03/29/2017,VQQ,FL,ASO,ES,Federal Contract Tower,0,2,16,12,30,0,0,62,31,93,0,2,78,43,123,115,58,173,296
03/30/2017,VQQ,FL,ASO,ES,Federal Contract Tower,2,2,9,2,15,0,0,24,10,34,2,2,33,12,49,52,34,86,135
03/31/2017,VQQ,FL,ASO,ES,Federal Contract Tower,0,2,18,3,23,0,0,13,14,27,0,2,31,17,50,16,18,34,84
04/01/2017,VQQ,FL,ASO,ES,Federal Contract Tower,1,0,8,1,10,0,0,27,3,30,1,0,35,4,40,77,0,77,117
04/02/2017,VQQ,FL,ASO,ES,Federal Contract Tower,0,0,20,2,22,0,0,12,0,12,0,0,32,2,34,28,0,28,62
04/03/2017,VQQ,FL,ASO,ES,Federal Contract Tower,0,2,8,7,17,0,0,23,21,44,0,2,31,28,61,31,106,137,198
04/04/2017,VQQ,FL,ASO,ES,Federal Contract Tower,0,2,12,12,26,0,0,12,38,50,0,2,24,50,76,8,142,150,226
04/05/2017,VQQ,FL,ASO,ES,Federal Contract Tower,0,2,18,41,61,0,0,25,34,59,0,2,43,75,120,50,150,200,320
04/06/2017,VQQ,FL,ASO,ES,Federal Contract Tower,0,5,23,19,47,0,0,12,24,36,0,5,35,43,83,16,22,38,121
04/07/2017,VQQ,FL,ASO,ES,Federal Contract Tower,0,2,21,13,36,0,0,33,9,42,0,2,54,22,78,96,12,108,186
04/08/2017,VQQ,FL,ASO,ES,Federal Contract Tower,1,0,14,3,18,0,0,39,4,43,1,0,53,7,61,44,8,52,113
04/09/2017,VQQ,FL,ASO,ES,Federal Contract Tower,4,0,7,6,17,0,0,15,5,20,4,0,22,11,37,64,20,84,121
04/10/2017,VQQ,FL,ASO,ES,Federal Contract Tower,5,2,22,11,40,0,2,24,13,39,5,4,46,24,79,60,8,68,147
04/11/2017,VQQ,FL,ASO,ES,Federal Contract Tower,1,2,17,26,46,0,0,36,37,73,1,2,53,63,119,88,158,246,365
04/12/2017,VQQ,FL,ASO,ES,Federal Contract Tower,0,4,28,27,59,0,0,33,29,62,0,4,61,56,121,86,138,224,345
04/13/2017,VQQ,FL,ASO,ES,Federal Contract Tower,0,5,18,18,41,0,0,20,24,44,0,5,38,42,85,34,108,142,227
04/14/2017,VQQ,FL,ASO,ES,Federal Contract Tower,0,2,19,13,34,0,0,32,10,42,0,2,51,23,76,84,44,128,204
04/15/2017,VQQ,FL,ASO,ES,Federal Contract Tower,2,0,19,1,22,0,0,25,2,27,2,0,44,3,49,20,0,20,69
04/16/2017,VQQ,FL,ASO,ES,Federal Contract Tower,0,0,10,0,10,0,0,13,0,13,0,0,23,0,23,12,0,12,35
04/17/2017,VQQ,FL,ASO,ES,Federal Contract Tower,1,2,20,16,39,0,0,51,12,63,1,2,71,28,102,110,6,116,218
04/18/2017,VQQ,FL,ASO,ES,Federal Contract Tower,1,2,16,12,31,0,0,37,23,60,1,2,53,35,91,92,186,278,369
04/19/2017,VQQ,FL,ASO,ES,Federal Contract Tower,2,3,17,1,23,4,0,40,22,66,6,3,57,23,89,82,72,154,243
04/20/2017,VQQ,FL,ASO,ES,Federal Contract Tower,5,2,21,6,34,10,0,59,21,90,15,2,80,27,124,34,120,154,278
04/21/2017,VQQ,FL,ASO,ES,Federal Contract Tower,3,2,27,53,85,0,2,47,28,77,3,4,74,81,162,116,46,162,324
04/22/2017,VQQ,FL,ASO,ES,Federal Contract Tower,1,0,21,0,22,0,0,18,10,28,1,0,39,10,50,34,0,34,84
04/23/2017,VQQ,FL,ASO,ES,Federal Contract Tower,0,0,7,9,16,0,0,4,6,10,0,0,11,15,26,18,6,24,50
04/24/2017,VQQ,FL,ASO,ES,Federal Contract Tower,2,2,28,10,42,0,0,27,29,56,2,2,55,39,98,68,160,228,326
04/25/2017,VQQ,FL,ASO,ES,Federal Contract Tower,2,2,6,8,18,0,0,35,23,58,2,2,41,31,76,94,156,250,326
04/26/2017,VQQ,FL,ASO,ES,Federal Contract Tower,0,2,15,19,36,0,0,51,41,92,0,2,66,60,128,146,184,330,458
04/27/2017,VQQ,FL,ASO,ES,Federal Contract Tower,3,4,23,15,45,0,0,34,28,62,3,4,57,43,107,46,146,192,299
04/28/2017,VQQ,FL,ASO,ES,Federal Contract Tower,2,2,23,10,37,0,0,22,7,29,2,2,45,17,66,85,9,94,160
04/29/2017,VQQ,FL,ASO,ES,Federal Contract Tower,0,3,23,0,26,0,2,9,3,14,0,5,32,3,40,38,0,38,78
04/30/2017,VQQ,FL,ASO,ES,Federal Contract Tower,0,0,6,0,6,0,0,2,0,2,0,0,8,0,8,0,0,0,8
05/01/2017,VQQ,FL,ASO,ES,Federal Contract Tower,2,2,5,35,44,0,0,11,14,25,2,2,16,49,69,8,122,130,199
05/02/2017,VQQ,FL,ASO,ES,Federal Contract Tower,0,2,20,56,78,0,0,36,36,72,0,2,56,92,150,90,167,257,407
05/03/2017,VQQ,FL,ASO,ES,Federal Contract Tower,2,2,26,30,60,0,0,42,36,78,2,2,68,66,138,96,314,410,548
05/04/2017,VQQ,FL,ASO,ES,Federal Contract Tower,0,3,14,10,27,0,0,17,30,47,0,3,31,40,74,80,130,210,284
05/05/2017,VQQ,FL,ASO,ES,Federal Contract Tower,34,2,16,15,67,0,0,21,38,59,34,2,37,53,126,12,118,130,256
05/06/2017,VQQ,FL,ASO,ES,Federal Contract Tower,7,0,6,2,15,2,0,25,16,43,9,0,31,18,58,28,8,36,94
05/07/2017,VQQ,FL,ASO,ES,Federal Contract Tower,3,0,19,5,27,0,0,15,8,23,3,0,34,13,50,10,0,10,60
05/08/2017,VQQ,FL,ASO,ES,Federal Contract Tower,0,2,27,20,49,0,0,37,34,71,0,2,64,54,120,113,106,219,339
05/09/2017,VQQ,FL,ASO,ES,Federal Contract Tower,0,2,14,16,32,0,0,33,53,86,0,2,47,69,118,159,28,187,305
05/10/2017,VQQ,FL,ASO,ES,Federal Contract Tower,0,2,10,24,36,0,0,54,59,113,0,2,64,83,149,126,259,385,534
05/11/2017,VQQ,FL,ASO,ES,Federal Contract Tower,2,2,10,16,30,0,0,31,44,75,2,2,41,60,105,80,32,112,217
05/12/2017,VQQ,FL,ASO,ES,Federal Contract Tower,0,2,15,27,44,0,0,31,35,66,0,2,46,62,110,86,24,110,220
05/13/2017,VQQ,FL,ASO,ES,Federal Contract Tower,2,0,8,1,11,4,0,7,7,18,6,0,15,8,29,28,0,28,57
05/14/2017,VQQ,FL,ASO,ES,Federal Contract Tower,1,0,13,2,16,0,0,2,10,12,1,0,15,12,28,0,0,0,28
05/15/2017,VQQ,FL,ASO,ES,Federal Contract Tower,0,2,14,25,41,0,0,31,42,73,0,2,45,67,114,100,96,196,310
05/16/2017,VQQ,FL,ASO,ES,Federal Contract Tower,2,2,12,22,38,0,0,41,37,78,2,2,53,59,116,134,20,154,270
05/17/2017,VQQ,FL,ASO,ES,Federal Contract Tower,0,2,11,6,19,0,0,30,38,68,0,2,41,44,87,80,166,246,333
05/18/2017,VQQ,FL,ASO,ES,Federal Contract Tower,2,2,30,20,54,0,0,20,28,48,2,2,50,48,102,32,116,148,250
05/19/2017,VQQ,FL,ASO,ES,Federal Contract Tower,0,2,14,27,43,0,0,6,15,21,0,2,20,42,64,26,20,46,110
05/20/2017,VQQ,FL,ASO,ES,Federal Contract Tower,2,0,12,7,21,0,0,11,3,14,2,0,23,10,35,10,4,14,49
05/21/2017,VQQ,FL,ASO,ES,Federal Contract Tower,2,0,7,5,14,0,0,7,2,9,2,0,14,7,23,22,0,22,45
05/22/2017,VQQ,FL,ASO,ES,Federal Contract Tower,2,2,13,41,58,0,0,24,17,41,2,2,37,58,99,105,48,153,252
05/23/2017,VQQ,FL,ASO,ES,Federal Contract Tower,2,2,12,21,37,0,0,5,35,40,2,2,17,56,77,2,169,171,248
05/24/2017,VQQ,FL,ASO,ES,Federal Contract Tower,0,3,6,2,11,0,0,2,13,15,0,3,8,15,26,10,68,78,104
05/25/2017,VQQ,FL,ASO,ES,Federal Contract Tower,2,3,12,26,43,0,4,21,13,38,2,7,33,39,81,58,12,70,151
05/26/2017,VQQ,FL,ASO,ES,Federal Contract Tower,0,8,26,9,43,0,0,24,4,28,0,8,50,13,71,50,0,50,121
05/27/2017,VQQ,FL,ASO,ES,Federal Contract Tower,3,4,11,0,18,0,0,7,0,7,3,4,18,0,25,30,0,30,55
05/28/2017,VQQ,FL,ASO,ES,Federal Contract Tower,2,1,3,0,6,0,0,6,0,6,2,1,9,0,12,14,0,14,26
05/29/2017,VQQ,FL,ASO,ES,Federal Contract Tower,0,4,13,5,22,0,1,25,0,26,0,5,38,5,48,68,0,68,116
05/30/2017,VQQ,FL,ASO,ES,Federal Contract Tower,2,2,12,19,35,0,0,20,32,52,2,2,32,51,87,66,70,136,223
05/31/2017,VQQ,FL,ASO,ES,Federal Contract Tower,1,5,19,22,47,0,0,38,48,86,1,5,57,70,133,74,183,257,390
06/01/2017,VQQ,FL,ASO,ES,Federal Contract Tower,0,2,9,8,19,0,1,48,26,75,0,3,57,34,94,70,78,148,242
06/02/2017,VQQ,FL,ASO,ES,Federal Contract Tower,1,4,18,12,35,0,0,52,23,75,1,4,70,35,110,20,56,76,186
06/03/2017,VQQ,FL,ASO,ES,Federal Contract Tower,2,0,14,18,34,0,0,23,0,23,2,0,37,18,57,28,20,48,105
06/04/2017,VQQ,FL,ASO,ES,Federal Contract Tower,0,0,7,6,13,0,0,9,0,9,0,0,16,6,22,7,0,7,29
06/05/2017,VQQ,FL,ASO,ES,Federal Contract Tower,2,2,20,15,39,0,0,12,26,38,2,2,32,41,77,44,204,248,325
06/06/2017,VQQ,FL,ASO,ES,Federal Contract Tower,1,2,5,0,8,0,0,0,8,8,1,2,5,8,16,0,42,42,58
06/07/2017,VQQ,FL,ASO,ES,Federal Contract Tower,2,2,8,5,17,0,0,0,19,19,2,2,8,24,36,0,60,60,96
06/08/2017,VQQ,FL,ASO,ES,Federal Contract Tower,5,2,15,10,32,0,1,10,20,31,5,3,25,30,63,32,114,146,209
06/09/2017,VQQ,FL,ASO,ES,Federal Contract Tower,2,5,16,21,44,0,0,41,9,50,2,5,57,30,94,132,40,172,266
06/10/2017,VQQ,FL,ASO,ES,Federal Contract Tower,1,0,12,16,29,0,0,9,3,12,1,0,21,19,41,6,32,38,79
06/11/2017,VQQ,FL,ASO,ES,Federal Contract Tower,0,1,3,0,4,0,0,2,8,10,0,1,5,8,14,2,16,18,32
06/12/2017,VQQ,FL,ASO,ES,Federal Contract Tower,0,4,11,35,50,0,0,8,24,32,0,4,19,59,82,16,96,112,194
06/13/2017,VQQ,FL,ASO,ES,Federal Contract Tower,3,2,26,7,38,0,0,20,19,39,3,2,46,26,77,30,64,94,171
06/14/2017,VQQ,FL,ASO,ES,Federal Contract Tower,2,0,9,10,21,0,0,22,10,32,2,0,31,20,53,48,86,134,187
06/15/2017,VQQ,FL,ASO,ES,Federal Contract Tower,0,4,30,3,37,0,0,15,10,25,0,4,45,13,62,36,52,88,150
06/16/2017,VQQ,FL,ASO,ES,Federal Contract Tower,0,2,13,6,21,0,0,2,3,5,0,2,15,9,26,2,0,2,28
06/17/2017,VQQ,FL,ASO,ES,Federal Contract Tower,0,0,9,2,11,0,1,11,2,14,0,1,20,4,25,32,39,71,96
06/18/2017,VQQ,FL,ASO,ES,Federal Contract Tower,0,0,4,3,7,0,0,6,4,10,0,0,10,7,17,32,16,48,65
06/19/2017,VQQ,FL,ASO,ES,Federal Contract Tower,0,4,19,1,24,0,0,6,12,18,0,4,25,13,42,16,52,68,110
06/20/2017,VQQ,FL,ASO,ES,Federal Contract Tower,0,6,14,68,88,0,0,4,32,36,0,6,18,100,124,18,140,158,282
06/21/2017,VQQ,FL,ASO,ES,Federal Contract Tower,1,3,16,23,43,0,0,8,15,23,1,3,24,38,66,70,28,98,164
06/22/2017,VQQ,FL,ASO,ES,Federal Contract Tower,0,2,22,34,58,0,0,16,42,58,0,2,38,76,116,44,194,238,354
06/23/2017,VQQ,FL,ASO,ES,Federal Contract Tower,2,2,13,8,25,0,0,24,22,46,2,2,37,30,71,80,73,153,224
06/24/2017,VQQ,FL,ASO,ES,Federal Contract Tower,4,2,12,0,18,0,0,13,0,13,4,2,25,0,31,44,0,44,75
06/25/2017,VQQ,FL,ASO,ES,Federal Contract Tower,0,0,7,7,14,0,0,8,4,12,0,0,15,11,26,0,8,8,34
06/26/2017,VQQ,FL,ASO,ES,Federal Contract Tower,1,3,16,7,27,0,0,12,24,36,1,3,28,31,63,33,147,180,243
06/27/2017,VQQ,FL,ASO,ES,Federal Contract Tower,0,2,28,28,58,0,0,4,20,24,0,2,32,48,82,28,200,228,310
06/28/2017,VQQ,FL,ASO,ES,Federal Contract Tower,0,3,25,9,37,0,0,6,39,45,0,3,31,48,82,4,136,140,222
06/29/2017,VQQ,FL,ASO,ES,Federal Contract Tower,1,2,20,20,43,0,0,19,56,75,1,2,39,76,118,84,216,300,418
06/30/2017,VQQ,FL,ASO,ES,Federal Contract Tower,0,2,20,6,28,0,0,15,14,29,0,2,35,20,57,38,116,154,211
07/01/2017,VQQ,FL,ASO,ES,Federal Contract Tower,0,0,14,0,14,0,0,14,2,16,0,0,28,2,30,26,0,26,56
07/02/2017,VQQ,FL,ASO,ES,Federal Contract Tower,0,0,4,0,4,0,0,2,1,3,0,0,6,1,7,0,0,0,7
07/03/2017,VQQ,FL,ASO,ES,Federal Contract Tower,0,2,12,4,18,0,0,11,1,12,0,2,23,5,30,26,10,36,66
07/04/2017,VQQ,FL,ASO,ES,Federal Contract Tower,0,0,7,0,7,0,0,8,0,8,0,0,15,0,15,14,0,14,29
07/05/2017,VQQ,FL,ASO,ES,Federal Contract Tower,2,2,7,14,25,0,0,19,27,46,2,2,26,41,71,70,166,236,307
07/06/2017,VQQ,FL,ASO,ES,Federal Contract Tower,2,7,8,23,40,0,1,32,25,58,2,8,40,48,98,56,78,134,232
07/07/2017,VQQ,FL,ASO,ES,Federal Contract Tower,3,3,20,10,36,0,0,25,25,50,3,3,45,35,86,90,80,170,256
07/08/2017,VQQ,FL,ASO,ES,Federal Contract Tower,6,1,13,0,20,0,0,13,0,13,6,1,26,0,33,50,0,50,83
07/09/2017,VQQ,FL,ASO,ES,Federal Contract Tower,0,0,4,4,8,0,0,6,0,6,0,0,10,4,14,6,7,13,27
07/10/2017,VQQ,FL,ASO,ES,Federal Contract Tower,1,2,6,5,14,0,0,15,22,37,1,2,21,27,51,35,73,108,159
07/11/2017,VQQ,FL,ASO,ES,Federal Contract Tower,0,2,5,11,18,0,0,18,24,42,0,2,23,35,60,70,81,151,211
07/12/2017,VQQ,FL,ASO,ES,Federal Contract Tower,0,2,15,20,37,0,0,25,38,63,0,2,40,58,100,60,218,278,378
07/13/2017,VQQ,FL,ASO,ES,Federal Contract Tower,3,2,10,15,30,0,0,12,25,37,3,2,22,40,67,52,124,176,243
07/14/2017,VQQ,FL,ASO,ES,Federal Contract Tower,4,4,14,8,30,0,0,22,13,35,4,4,36,21,65,28,19,47,112
07/15/2017,VQQ,FL,ASO,ES,Federal Contract Tower,2,0,10,6,18,0,2,13,1,16,2,2,23,7,34,24,0,24,58
07/16/2017,VQQ,FL,ASO,ES,Federal Contract Tower,4,0,0,0,4,0,0,5,0,5,4,0,5,0,9,20,0,20,29
07/17/2017,VQQ,FL,ASO,ES,Federal Contract Tower,0,4,14,30,48,0,0,11,13,24,0,4,25,43,72,23,62,85,157
07/18/2017,VQQ,FL,ASO,ES,Federal Contract Tower,2,2,3,25,32,0,0,14,12,26,2,2,17,37,58,74,38,112,170
07/19/2017,VQQ,FL,ASO,ES,Federal Contract Tower,4,4,7,7,22,0,0,44,25,69,4,4,51,32,91,120,48,168,259
07/20/2017,VQQ,FL,ASO,ES,Federal Contract Tower,3,2,12,18,35,0,0,19,41,60,3,2,31,59,95,70,199,269,364
07/21/2017,VQQ,FL,ASO,ES,Federal Contract Tower,3,2,16,15,36,0,4,17,23,44,3,6,33,38,80,114,84,198,278
07/22/2017,VQQ,FL,ASO,ES,Federal Contract Tower,0,1,9,2,12,0,0,40,1,41,0,1,49,3,53,46,0,46,99
07/23/2017,VQQ,FL,ASO,ES,Federal Contract Tower,0,0,8,2,10,0,0,4,0,4,0,0,12,2,14,12,0,12,26
07/24/2017,VQQ,FL,ASO,ES,Federal Contract Tower,0,5,11,12,28,0,0,10,19,29,0,5,21,31,57,65,90,155,212
07/25/2017,VQQ,FL,ASO,ES,Federal Contract Tower,1,4,6,7,18,0,0,19,21,40,1,4,25,28,58,90,173,263,321
07/26/2017,VQQ,FL,ASO,ES,Federal Contract Tower,0,2,13,13,28,0,0,36,33,69,0,2,49,46,97,130,148,278,375
07/27/2017,VQQ,FL,ASO,ES,Federal Contract Tower,0,2,15,12,29,0,0,10,29,39,0,2,25,41,68,52,176,228,296
07/28/2017,VQQ,FL,ASO,ES,Federal Contract Tower,0,5,14,23,42,0,0,30,19,49,0,5,44,42,91,126,28,154,245
07/29/2017,VQQ,FL,ASO,ES,Federal Contract Tower,4,2,8,20,34,0,2,5,1,8,4,4,13,21,42,54,0,54,96
07/30/2017,VQQ,FL,ASO,ES,Federal Contract Tower,2,1,13,4,20,0,0,5,0,5,2,1,18,4,25,0,0,0,25
07/31/2017,VQQ,FL,ASO,ES,Federal Contract Tower,3,2,12,1,18,0,0,17,12,29,3,2,29,13,47,45,12,57,104
08/01/2017,VQQ,FL,ASO,ES,Federal Contract Tower,2,2,17,23,44,0,0,13,32,45,2,2,30,55,89,42,232,274,363
08/02/2017,VQQ,FL,ASO,ES,Federal Contract Tower,0,3,12,13,28,0,0,17,15,32,0,3,29,28,60,30,128,158,218
08/03/2017,VQQ,FL,ASO,ES,Federal Contract Tower,0,2,21,22,45,0,0,1,10,11,0,2,22,32,56,2,77,79,135
08/04/2017,VQQ,FL,ASO,ES,Federal Contract Tower,4,2,9,6,21,0,2,14,7,23,4,4,23,13,44,62,48,110,154
08/05/2017,VQQ,FL,ASO,ES,Federal Contract Tower,0,0,6,2,8,0,0,15,0,15,0,0,21,2,23,70,0,70,93
08/06/2017,VQQ,FL,ASO,ES,Federal Contract Tower,0,0,0,10,10,0,0,16,7,23,0,0,16,17,33,20,20,40,73
08/07/2017,VQQ,FL,ASO,ES,Federal Contract Tower,0,2,15,12,29,0,1,10,17,28,0,3,25,29,57,14,72,86,143
08/08/2017,VQQ,FL,ASO,ES,Federal Contract Tower,0,2,15,33,50,0,0,9,21,30,0,2,24,54,80,26,140,166,246
08/09/2017,VQQ,FL,ASO,ES,Federal Contract Tower,3,5,8,4,20,0,0,21,18,39,3,5,29,22,59,48,49,97,156
08/10/2017,VQQ,FL,ASO,ES,Federal Contract Tower,0,3,17,8,28,0,0,24,34,58,0,3,41,42,86,40,155,195,281
08/11/2017,VQQ,FL,ASO,ES,Federal Contract Tower,2,4,12,6,24,0,0,28,11,39,2,4,40,17,63,58,16,74,137
08/12/2017,VQQ,FL,ASO,ES,Federal Contract Tower,0,2,9,5,16,0,0,16,0,16,0,2,25,5,32,62,0,62,94
08/13/2017,VQQ,FL,ASO,ES,Federal Contract Tower,0,0,0,5,5,0,0,8,0,8,0,0,8,5,13,26,0,26,39
08/14/2017,VQQ,FL,ASO,ES,Federal Contract Tower,0,2,5,1,8,0,0,10,17,27,0,2,15,18,35,48,78,126,161
08/15/2017,VQQ,FL,ASO,ES,Federal Contract Tower,5,2,21,18,46,0,0,22,33,55,5,2,43,51,101,41,153,194,295
08/16/2017,VQQ,FL,ASO,ES,Federal Contract Tower,0,8,16,43,67,0,0,32,28,60,0,8,48,71,127,59,116,175,302
08/17/2017,VQQ,FL,ASO,ES,Federal Contract Tower,2,2,43,12,59,0,26,17,26,69,2,28,60,38,128,32,102,134,262
08/18/2017,VQQ,FL,ASO,ES,Federal Contract Tower,2,2,11,18,33,0,4,16,9,29,2,6,27,27,62,31,48,79,141
08/19/2017,VQQ,FL,ASO,ES,Federal Contract Tower,2,0,12,5,19,0,0,6,0,6,2,0,18,5,25,6,0,6,31
08/20/2017,VQQ,FL,ASO,ES,Federal Contract Tower,0,0,21,9,30,0,0,7,4,11,0,0,28,13,41,6,0,6,47
08/21/2017,VQQ,FL,ASO,ES,Federal Contract Tower,1,2,9,3,15,0,0,30,12,42,1,2,39,15,57,50,95,145,202
08/22/2017,VQQ,FL,ASO,ES,Federal Contract Tower,1,3,10,7,21,0,0,44,23,67,1,3,54,30,88,4,112,116,204
08/23/2017,VQQ,FL,ASO,ES,Federal Contract Tower,4,2,11,21,38,0,0,19,21,40,4,2,30,42,78,38,80,118,196
08/24/2017,VQQ,FL,ASO,ES,Federal Contract Tower,6,3,14,20,43,0,0,18,18,36,6,3,32,38,79,58,122,180,259
08/25/2017,VQQ,FL,ASO,ES,Federal Contract Tower,1,2,17,18,38,0,0,21,10,31,1,2,38,28,69,42,26,68,137
08/26/2017,VQQ,FL,ASO,ES,Federal Contract Tower,0,1,9,3,13,0,0,1,0,1,0,1,10,3,14,6,0,6,20
08/27/2017,VQQ,FL,ASO,ES,Federal Contract Tower,0,0,2,3,5,0,0,2,2,4,0,0,4,5,9,6,0,6,15
08/28/2017,VQQ,FL,ASO,ES,Federal Contract Tower,0,0,9,4,13,0,0,0,0,0,0,0,9,4,13,0,0,0,13
08/29/2017,VQQ,FL,ASO,ES,Federal Contract Tower,0,2,20,19,41,0,0,19,19,38,0,2,39,38,79,68,204,272,351
08/30/2017,VQQ,FL,ASO,ES,Federal Contract Tower,0,2,15,36,53,0,0,6,26,32,0,2,21,62,85,28,116,144,229
08/31/2017,VQQ,FL,ASO,ES,Federal Contract Tower,4,2,12,3,21,0,0,20,23,43,4,2,32,26,64,34,167,201,265
09/01/2017,VQQ,FL,ASO,ES,Federal Contract Tower,1,2,7,6,16,0,0,11,13,24,1,2,18,19,40,26,8,34,74
09/02/2017,VQQ,FL,ASO,ES,Federal Contract Tower,0,0,11,2,13,0,0,15,0,15,0,0,26,2,28,16,0,16,44
09/03/2017,VQQ,FL,ASO,ES,Federal Contract Tower,2,0,7,2,11,0,0,15,0,15,2,0,22,2,26,58,0,58,84
09/04/2017,VQQ,FL,ASO,ES,Federal Contract Tower,0,0,13,0,13,0,0,6,0,6,0,0,19,0,19,12,0,12,31
09/05/2017,VQQ,FL,ASO,ES,Federal Contract Tower,3,2,22,0,27,0,0,18,22,40,3,2,40,22,67,130,48,178,245
09/06/2017,VQQ,FL,ASO,ES,Federal Contract Tower,0,2,13,11,26,0,0,10,31,41,0,2,23,42,67,0,84,84,151
09/07/2017,VQQ,FL,ASO,ES,Federal Contract Tower,1,6,35,2,44,0,0,19,22,41,1,6,54,24,85,4,25,29,114
09/08/2017,VQQ,FL,ASO,ES,Federal Contract Tower,2,2,7,8,19,0,3,5,3,11,2,5,12,11,30,0,0,0,30
09/09/2017,VQQ,FL,ASO,ES,Federal Contract Tower,0,0,5,0,5,0,0,2,0,2,0,0,7,0,7,0,0,0,7
09/10/2017,VQQ,FL,ASO,ES,Federal Contract Tower,0,0,0,0,0,0,0,0,0,0,0,0,0,0,0,0,0,0,0
09/11/2017,VQQ,FL,ASO,ES,Federal Contract Tower,0,0,0,0,0,0,0,0,0,0,0,0,0,0,0,0,0,0,0
09/12/2017,VQQ,FL,ASO,ES,Federal Contract Tower,0,0,25,14,39,0,0,25,41,66,0,0,50,55,105,0,14,14,119
09/13/2017,VQQ,FL,ASO,ES,Federal Contract Tower,1,3,19,16,39,0,1,36,35,72,1,4,55,51,111,4,46,50,161
09/14/2017,VQQ,FL,ASO,ES,Federal Contract Tower,1,2,12,24,39,0,0,16,21,37,1,2,28,45,76,8,54,62,138
09/15/2017,VQQ,FL,ASO,ES,Federal Contract Tower,2,3,9,19,33,0,0,15,5,20,2,3,24,24,53,62,72,134,187
09/16/2017,VQQ,FL,ASO,ES,Federal Contract Tower,2,0,20,7,29,1,0,7,12,20,3,0,27,19,49,23,0,23,72
09/17/2017,VQQ,FL,ASO,ES,Federal Contract Tower,0,0,9,8,17,0,0,10,0,10,0,0,19,8,27,48,0,48,75
09/18/2017,VQQ,FL,ASO,ES,Federal Contract Tower,0,2,9,16,27,0,0,18,19,37,0,2,27,35,64,50,98,148,212
09/19/2017,VQQ,FL,ASO,ES,Federal Contract Tower,2,2,13,57,74,0,0,25,56,81,2,2,38,113,155,18,328,346,501
09/20/2017,VQQ,FL,ASO,ES,Federal Contract Tower,1,2,13,23,39,0,0,22,42,64,1,2,35,65,103,42,170,212,315
09/21/2017,VQQ,FL,ASO,ES,Federal Contract Tower,0,2,20,17,39,0,0,23,48,71,0,2,43,65,110,48,161,209,319
09/22/2017,VQQ,FL,ASO,ES,Federal Contract Tower,0,5,17,9,31,0,0,18,26,44,0,5,35,35,75,22,84,106,181
09/23/2017,VQQ,FL,ASO,ES,Federal Contract Tower,6,0,4,0,10,0,0,6,0,6,6,0,10,0,16,0,0,0,16
09/24/2017,VQQ,FL,ASO,ES,Federal Contract Tower,2,0,6,3,11,0,0,6,2,8,2,0,12,5,19,14,0,14,33
09/25/2017,VQQ,FL,ASO,ES,Federal Contract Tower,1,2,16,4,23,0,0,19,9,28,1,2,35,13,51,20,50,70,121
09/26/2017,VQQ,FL,ASO,ES,Federal Contract Tower,1,3,16,25,45,0,0,38,38,76,1,3,54,63,121,88,328,416,537
09/27/2017,VQQ,FL,ASO,ES,Federal Contract Tower,4,2,11,23,40,0,0,36,41,77,4,2,47,64,117,46,304,350,467
09/28/2017,VQQ,FL,ASO,ES,Federal Contract Tower,4,2,14,72,92,0,0,18,35,53,4,2,32,107,145,53,164,217,362
09/29/2017,VQQ,FL,ASO,ES,Federal Contract Tower,6,2,9,13,30,0,0,43,17,60,6,2,52,30,90,42,62,104,194
09/30/2017,VQQ,FL,ASO,ES,Federal Contract Tower,1,0,13,2,16,0,0,3,1,4,1,0,16,3,20,2,0,2,22
10/01/2017,VQQ,FL,ASO,ES,Federal Contract Tower,5,0,9,1,15,0,0,0,0,0,5,0,9,1,15,0,0,0,15
10/02/2017,VQQ,FL,ASO,ES,Federal Contract Tower,1,5,14,5,25,0,0,20,14,34,1,5,34,19,59,32,27,59,118
10/03/2017,VQQ,FL,ASO,ES,Federal Contract Tower,2,2,15,2,21,0,0,18,22,40,2,2,33,24,61,14,136,150,211
10/04/2017,VQQ,FL,ASO,ES,Federal Contract Tower,0,4,28,11,43,0,0,10,57,67,0,4,38,68,110,8,255,263,373
10/05/2017,VQQ,FL,ASO,ES,Federal Contract Tower,0,2,8,11,21,0,0,16,23,39,0,2,24,34,60,26,22,48,108
10/06/2017,VQQ,FL,ASO,ES,Federal Contract Tower,0,2,12,11,25,0,0,15,19,34,0,2,27,30,59,14,89,103,162
10/07/2017,VQQ,FL,ASO,ES,Federal Contract Tower,0,0,6,0,6,0,0,9,0,9,0,0,15,0,15,24,0,24,39
10/08/2017,VQQ,FL,ASO,ES,Federal Contract Tower,2,0,7,2,11,0,0,4,0,4,2,0,11,2,15,18,0,18,33
10/09/2017,VQQ,FL,ASO,ES,Federal Contract Tower,0,2,7,0,9,0,0,16,0,16,0,2,23,0,25,34,0,34,59
10/10/2017,VQQ,FL,ASO,ES,Federal Contract Tower,0,2,8,29,39,0,0,17,29,46,0,2,25,58,85,22,192,214,299
10/11/2017,VQQ,FL,ASO,ES,Federal Contract Tower,2,2,26,15,45,0,0,20,34,54,2,2,46,49,99,72,140,212,311
10/12/2017,VQQ,FL,ASO,ES,Federal Contract Tower,1,2,17,5,25,0,0,28,33,61,1,2,45,38,86,66,108,174,260
10/13/2017,VQQ,FL,ASO,ES,Federal Contract Tower,0,2,24,23,49,0,0,18,20,38,0,2,42,43,87,26,132,158,245
10/14/2017,VQQ,FL,ASO,ES,Federal Contract Tower,3,0,11,8,22,0,0,12,9,21,3,0,23,17,43,16,26,42,85
10/15/2017,VQQ,FL,ASO,ES,Federal Contract Tower,3,0,17,1,21,0,0,12,0,12,3,0,29,1,33,34,0,34,67
10/16/2017,VQQ,FL,ASO,ES,Federal Contract Tower,0,2,19,37,58,0,0,23,32,55,0,2,42,69,113,58,82,140,253
10/17/2017,VQQ,FL,ASO,ES,Federal Contract Tower,0,2,29,12,43,0,0,9,31,40,0,2,38,43,83,24,28,52,135
10/18/2017,VQQ,FL,ASO,ES,Federal Contract Tower,0,2,21,28,51,0,0,25,35,60,0,2,46,63,111,17,70,87,198
10/19/2017,VQQ,FL,ASO,ES,Federal Contract Tower,0,2,18,22,42,0,0,19,36,55,0,2,37,58,97,34,101,135,232
10/20/2017,VQQ,FL,ASO,ES,Federal Contract Tower,1,2,11,27,41,0,0,31,15,46,1,2,42,42,87,46,30,76,163
10/21/2017,VQQ,FL,ASO,ES,Federal Contract Tower,3,0,11,4,18,0,0,18,0,18,3,0,29,4,36,32,0,32,68
10/22/2017,VQQ,FL,ASO,ES,Federal Contract Tower,4,0,16,1,21,0,0,10,1,11,4,0,26,2,32,14,0,14,46
10/23/2017,VQQ,FL,ASO,ES,Federal Contract Tower,4,2,19,15,40,0,0,3,13,16,4,2,22,28,56,18,44,62,118
10/24/2017,VQQ,FL,ASO,ES,Federal Contract Tower,1,2,27,11,41,0,0,35,15,50,1,2,62,26,91,80,64,144,235
10/25/2017,VQQ,FL,ASO,ES,Federal Contract Tower,4,2,8,16,30,0,0,29,25,54,4,2,37,41,84,42,78,120,204
10/26/2017,VQQ,FL,ASO,ES,Federal Contract Tower,10,3,20,15,48,0,0,26,26,52,10,3,46,41,100,94,94,188,288
10/27/2017,VQQ,FL,ASO,ES,Federal Contract Tower,9,3,30,29,71,0,0,30,29,59,9,3,60,58,130,72,62,134,264
10/28/2017,VQQ,FL,ASO,ES,Federal Contract Tower,5,3,4,0,12,0,0,30,2,32,5,3,34,2,44,56,30,86,130
10/29/2017,VQQ,FL,ASO,ES,Federal Contract Tower,5,0,8,1,14,0,0,1,4,5,5,0,9,5,19,2,16,18,37
10/30/2017,VQQ,FL,ASO,ES,Federal Contract Tower,6,4,22,9,41,0,0,29,24,53,6,4,51,33,94,88,30,118,212
10/31/2017,VQQ,FL,ASO,ES,Federal Contract Tower,7,2,19,26,54,0,0,43,20,63,7,2,62,46,117,91,76,167,284
11/01/2017,VQQ,FL,ASO,ES,Federal Contract Tower,6,2,7,46,61,0,0,32,21,53,6,2,39,67,114,90,86,176,290
11/02/2017,VQQ,FL,ASO,ES,Federal Contract Tower,8,3,17,21,49,0,0,45,18,63,8,3,62,39,112,130,68,198,310
11/03/2017,VQQ,FL,ASO,ES,Federal Contract Tower,11,3,4,9,27,0,0,47,16,63,11,3,51,25,90,128,46,174,264
11/04/2017,VQQ,FL,ASO,ES,Federal Contract Tower,10,0,9,0,19,0,0,41,6,47,10,0,50,6,66,36,40,76,142
11/05/2017,VQQ,FL,ASO,ES,Federal Contract Tower,4,2,15,1,22,0,0,11,2,13,4,2,26,3,35,2,0,2,37
11/06/2017,VQQ,FL,ASO,ES,Federal Contract Tower,3,4,15,14,36,2,0,19,32,53,5,4,34,46,89,34,48,82,171
11/07/2017,VQQ,FL,ASO,ES,Federal Contract Tower,3,2,21,51,77,0,0,54,34,88,3,2,75,85,165,94,246,340,505
11/08/2017,VQQ,FL,ASO,ES,Federal Contract Tower,5,2,31,29,67,0,0,59,69,128,5,2,90,98,195,116,202,318,513
11/09/2017,VQQ,FL,ASO,ES,Federal Contract Tower,2,2,11,31,46,0,0,27,30,57,2,2,38,61,103,48,172,220,323
11/10/2017,VQQ,FL,ASO,ES,Federal Contract Tower,6,2,43,17,68,0,0,10,1,11,6,2,53,18,79,4,20,24,103
11/11/2017,VQQ,FL,ASO,ES,Federal Contract Tower,9,1,10,0,20,0,0,0,4,4,9,1,10,4,24,0,0,0,24
11/12/2017,VQQ,FL,ASO,ES,Federal Contract Tower,5,2,17,1,25,0,1,6,1,8,5,3,23,2,33,10,0,10,43
11/13/2017,VQQ,FL,ASO,ES,Federal Contract Tower,4,4,10,24,42,0,0,39,30,69,4,4,49,54,111,76,88,164,275
11/14/2017,VQQ,FL,ASO,ES,Federal Contract Tower,2,2,27,6,37,0,0,34,35,69,2,2,61,41,106,129,208,337,443
11/15/2017,VQQ,FL,ASO,ES,Federal Contract Tower,2,4,36,9,51,0,0,18,53,71,2,4,54,62,122,52,306,358,480
11/16/2017,VQQ,FL,ASO,ES,Federal Contract Tower,3,2,26,5,36,0,0,28,40,68,3,2,54,45,104,117,258,375,479
11/17/2017,VQQ,FL,ASO,ES,Federal Contract Tower,1,2,12,16,31,0,0,25,22,47,1,2,37,38,78,80,43,123,201
11/18/2017,VQQ,FL,ASO,ES,Federal Contract Tower,3,0,14,1,18,1,0,20,2,23,4,0,34,3,41,50,12,62,103
11/19/2017,VQQ,FL,ASO,ES,Federal Contract Tower,6,0,4,3,13,0,0,0,0,0,6,0,4,3,13,4,0,4,17
11/20/2017,VQQ,FL,ASO,ES,Federal Contract Tower,0,2,17,20,39,0,0,26,26,52,0,2,43,46,91,46,66,112,203
11/21/2017,VQQ,FL,ASO,ES,Federal Contract Tower,4,2,20,16,42,0,0,17,39,56,4,2,37,55,98,34,246,280,378
11/22/2017,VQQ,FL,ASO,ES,Federal Contract Tower,0,13,18,20,51,0,0,29,10,39,0,13,47,30,90,162,113,275,365
11/23/2017,VQQ,FL,ASO,ES,Federal Contract Tower,0,0,0,0,0,0,0,0,0,0,0,0,0,0,0,0,0,0,0
11/24/2017,VQQ,FL,ASO,ES,Federal Contract Tower,1,2,5,1,9,0,0,11,8,19,1,2,16,9,28,24,4,28,56
11/25/2017,VQQ,FL,ASO,ES,Federal Contract Tower,1,0,5,0,6,0,0,15,0,15,1,0,20,0,21,50,0,50,71
11/26/2017,VQQ,FL,ASO,ES,Federal Contract Tower,0,0,5,0,5,0,0,8,0,8,0,0,13,0,13,26,0,26,39
11/27/2017,VQQ,FL,ASO,ES,Federal Contract Tower,1,2,21,40,64,0,0,22,23,45,1,2,43,63,109,64,180,244,353
11/28/2017,VQQ,FL,ASO,ES,Federal Contract Tower,2,2,20,34,58,0,0,34,50,84,2,2,54,84,142,180,186,366,508
11/29/2017,VQQ,FL,ASO,ES,Federal Contract Tower,6,3,24,42,75,8,0,37,47,92,14,3,61,89,167,18,230,248,415
11/30/2017,VQQ,FL,ASO,ES,Federal Contract Tower,5,3,13,35,56,0,0,52,28,80,5,3,65,63,136,74,184,258,394
12/01/2017,VQQ,FL,ASO,ES,Federal Contract Tower,0,2,29,7,38,0,0,37,29,66,0,2,66,36,104,94,124,218,322
12/02/2017,VQQ,FL,ASO,ES,Federal Contract Tower,3,0,12,5,20,4,0,28,3,35,7,0,40,8,55,52,0,52,107
12/03/2017,VQQ,FL,ASO,ES,Federal Contract Tower,4,0,27,0,31,0,0,3,0,3,4,0,30,0,34,0,0,0,34
12/04/2017,VQQ,FL,ASO,ES,Federal Contract Tower,3,4,18,52,77,0,0,30,12,42,3,4,48,64,119,90,106,196,315
12/05/2017,VQQ,FL,ASO,ES,Federal Contract Tower,8,2,18,41,69,0,0,37,31,68,8,2,55,72,137,64,260,324,461
12/06/2017,VQQ,FL,ASO,ES,Federal Contract Tower,3,2,36,38,79,0,0,23,21,44,3,2,59,59,123,30,142,172,295
12/07/2017,VQQ,FL,ASO,ES,Federal Contract Tower,3,2,6,43,54,0,0,0,0,0,3,2,6,43,54,0,4,4,58
12/08/2017,VQQ,FL,ASO,ES,Federal Contract Tower,0,2,7,1,10,0,0,0,0,0,0,2,7,1,10,0,0,0,10
12/09/2017,VQQ,FL,ASO,ES,Federal Contract Tower,0,0,13,4,17,0,0,2,0,2,0,0,15,4,19,8,0,8,27
12/10/2017,VQQ,FL,ASO,ES,Federal Contract Tower,0,0,1,8,9,0,0,7,2,9,0,0,8,10,18,22,20,42,60
12/11/2017,VQQ,FL,ASO,ES,Federal Contract Tower,1,2,24,32,59,0,0,26,19,45,1,2,50,51,104,53,49,102,206
12/12/2017,VQQ,FL,ASO,ES,Federal Contract Tower,0,3,5,5,13,0,0,15,36,51,0,3,20,41,64,8,108,116,180
12/13/2017,VQQ,FL,ASO,ES,Federal Contract Tower,2,2,28,26,58,0,0,36,33,69,2,2,64,59,127,104,309,413,540
12/14/2017,VQQ,FL,ASO,ES,Federal Contract Tower,1,3,16,8,28,0,0,23,26,49,1,3,39,34,77,68,274,342,419
12/15/2017,VQQ,FL,ASO,ES,Federal Contract Tower,2,3,21,6,32,0,0,9,12,21,2,3,30,18,53,16,2,18,71
12/16/2017,VQQ,FL,ASO,ES,Federal Contract Tower,0,0,7,1,8,0,0,17,0,17,0,0,24,1,25,84,0,84,109
12/17/2017,VQQ,FL,ASO,ES,Federal Contract Tower,0,0,5,5,10,0,0,15,0,15,0,0,20,5,25,0,0,0,25
12/18/2017,VQQ,FL,ASO,ES,Federal Contract Tower,2,2,18,19,41,0,0,25,15,40,2,2,43,34,81,64,76,140,221
12/19/2017,VQQ,FL,ASO,ES,Federal Contract Tower,1,2,22,13,38,0,0,31,20,51,1,2,53,33,89,44,76,120,209
12/20/2017,VQQ,FL,ASO,ES,Federal Contract Tower,0,2,12,20,34,0,0,13,23,36,0,2,25,43,70,21,148,169,239
12/21/2017,VQQ,FL,ASO,ES,Federal Contract Tower,0,2,8,19,29,0,0,24,19,43,0,2,32,38,72,40,104,144,216
12/22/2017,VQQ,FL,ASO,ES,Federal Contract Tower,1,2,16,1,20,0,0,12,5,17,1,2,28,6,37,20,14,34,71
12/23/2017,VQQ,FL,ASO,ES,Federal Contract Tower,2,0,7,0,9,0,0,11,1,12,2,0,18,1,21,40,0,40,61
12/24/2017,VQQ,FL,ASO,ES,Federal Contract Tower,0,0,6,0,6,0,0,4,0,4,0,0,10,0,10,4,0,4,14
12/25/2017,VQQ,FL,ASO,ES,Federal Contract Tower,0,0,0,0,0,0,0,8,0,8,0,0,8,0,8,0,0,0,8
12/26/2017,VQQ,FL,ASO,ES,Federal Contract Tower,3,2,9,2,16,0,0,17,0,17,3,2,26,2,33,30,0,30,63
12/27/2017,VQQ,FL,ASO,ES,Federal Contract Tower,0,4,13,14,31,0,0,18,16,34,0,4,31,30,65,28,86,114,179
12/28/2017,VQQ,FL,ASO,ES,Federal Contract Tower,1,2,5,6,14,0,0,0,0,0,1,2,5,6,14,0,0,0,14
12/29/2017,VQQ,FL,ASO,ES,Federal Contract Tower,4,2,10,0,16,0,0,0,0,0,4,2,10,0,16,0,0,0,16
12/30/2017,VQQ,FL,ASO,ES,Federal Contract Tower,3,2,15,0,20,0,0,1,0,1,3,2,16,0,21,0,0,0,21
12/31/2017,VQQ,FL,ASO,ES,Federal Contract Tower,2,0,8,0,10,3,0,8,2,13,5,0,16,2,23,36,0,36,59
01/01/2018,VQQ,FL,ASO,ES,Federal Contract Tower,0,0,3,0,3,0,0,0,0,0,0,0,3,0,3,0,0,0,3
01/02/2018,VQQ,FL,ASO,ES,Federal Contract Tower,2,2,15,0,19,0,0,10,12,22,2,2,25,12,41,40,30,70,111
01/03/2018,VQQ,FL,ASO,ES,Federal Contract Tower,1,2,2,1,6,0,0,0,0,0,1,2,2,1,6,0,0,0,6
01/04/2018,VQQ,FL,ASO,ES,Federal Contract Tower,1,2,14,10,27,0,0,18,27,45,1,2,32,37,72,20,100,120,192
01/05/2018,VQQ,FL,ASO,ES,Federal Contract Tower,2,3,23,25,53,0,0,15,13,28,2,3,38,38,81,26,22,48,129
01/06/2018,VQQ,FL,ASO,ES,Federal Contract Tower,0,1,11,27,39,0,0,16,7,23,0,1,27,34,62,50,49,99,161
01/07/2018,VQQ,FL,ASO,ES,Federal Contract Tower,0,0,5,0,5,0,0,11,0,11,0,0,16,0,16,14,0,14,30
01/08/2018,VQQ,FL,ASO,ES,Federal Contract Tower,1,2,15,31,49,0,0,38,9,47,1,2,53,40,96,52,88,140,236
01/09/2018,VQQ,FL,ASO,ES,Federal Contract Tower,0,2,11,18,31,0,0,6,28,34,0,2,17,46,65,24,104,128,193
01/10/2018,VQQ,FL,ASO,ES,Federal Contract Tower,0,2,9,10,21,0,0,0,18,18,0,2,9,28,39,0,40,40,79
01/11/2018,VQQ,FL,ASO,ES,Federal Contract Tower,0,2,15,45,62,0,0,5,31,36,0,2,20,76,98,8,102,110,208
01/12/2018,VQQ,FL,ASO,ES,Federal Contract Tower,0,4,4,22,30,0,0,2,26,28,0,4,6,48,58,24,86,110,168
01/13/2018,VQQ,FL,ASO,ES,Federal Contract Tower,1,0,21,9,31,0,0,30,3,33,1,0,51,12,64,48,0,48,112
01/14/2018,VQQ,FL,ASO,ES,Federal Contract Tower,0,0,10,0,10,0,0,10,0,10,0,0,20,0,20,44,0,44,64
01/15/2018,VQQ,FL,ASO,ES,Federal Contract Tower,2,2,34,4,42,0,0,27,1,28,2,2,61,5,70,42,0,42,112
01/16/2018,VQQ,FL,ASO,ES,Federal Contract Tower,5,2,14,28,49,4,0,38,17,59,9,2,52,45,108,68,156,224,332
01/17/2018,VQQ,FL,ASO,ES,Federal Contract Tower,3,2,24,31,60,0,0,39,32,71,3,2,63,63,131,114,148,262,393
01/18/2018,VQQ,FL,ASO,ES,Federal Contract Tower,5,2,24,23,54,0,0,42,42,84,5,2,66,65,138,70,182,252,390
01/19/2018,VQQ,FL,ASO,ES,Federal Contract Tower,0,2,21,38,61,0,0,40,34,74,0,2,61,72,135,108,244,352,487
01/20/2018,VQQ,FL,ASO,ES,Federal Contract Tower,0,0,12,0,12,0,0,35,4,39,0,0,47,4,51,94,30,124,175
01/21/2018,VQQ,FL,ASO,ES,Federal Contract Tower,0,0,23,0,23,0,0,23,4,27,0,0,46,4,50,40,0,40,90
01/22/2018,VQQ,FL,ASO,ES,Federal Contract Tower,0,2,8,29,39,0,0,37,20,57,0,2,45,49,96,65,95,160,256
01/23/2018,VQQ,FL,ASO,ES,Federal Contract Tower,2,2,19,3,26,0,0,6,34,40,2,2,25,37,66,30,254,284,350
01/24/2018,VQQ,FL,ASO,ES,Federal Contract Tower,0,2,38,47,87,0,0,31,34,65,0,2,69,81,152,120,310,430,582
01/25/2018,VQQ,FL,ASO,ES,Federal Contract Tower,0,2,17,5,24,0,0,25,42,67,0,2,42,47,91,52,182,234,325
01/26/2018,VQQ,FL,ASO,ES,Federal Contract Tower,2,2,26,10,40,0,0,23,21,44,2,2,49,31,84,63,14,77,161
01/27/2018,VQQ,FL,ASO,ES,Federal Contract Tower,1,0,30,6,37,0,0,18,3,21,1,0,48,9,58,38,0,38,96
01/28/2018,VQQ,FL,ASO,ES,Federal Contract Tower,0,0,1,2,3,0,0,4,0,4,0,0,5,2,7,20,0,20,27
01/29/2018,VQQ,FL,ASO,ES,Federal Contract Tower,0,2,26,5,33,0,0,8,20,28,0,2,34,25,61,0,133,133,194
01/30/2018,VQQ,FL,ASO,ES,Federal Contract Tower,0,2,22,15,39,0,0,25,41,66,0,2,47,56,105,122,298,420,525
01/31/2018,VQQ,FL,ASO,ES,Federal Contract Tower,1,2,22,4,29,0,0,50,29,79,1,2,72,33,108,82,198,280,388
02/01/2018,VQQ,FL,ASO,ES,Federal Contract Tower,7,2,20,10,39,1,0,41,55,97,8,2,61,65,136,84,158,242,378
02/02/2018,VQQ,FL,ASO,ES,Federal Contract Tower,5,4,34,9,52,0,0,20,27,47,5,4,54,36,99,116,118,234,333
02/03/2018,VQQ,FL,ASO,ES,Federal Contract Tower,0,0,13,3,16,0,0,8,1,9,0,0,21,4,25,18,0,18,43
02/04/2018,VQQ,FL,ASO,ES,Federal Contract Tower,0,1,3,5,9,0,0,0,3,3,0,1,3,8,12,0,0,0,12
02/05/2018,VQQ,FL,ASO,ES,Federal Contract Tower,0,2,19,8,29,0,0,31,7,38,0,2,50,15,67,102,20,122,189
02/06/2018,VQQ,FL,ASO,ES,Federal Contract Tower,2,2,50,21,75,0,0,43,36,79,2,2,93,57,154,87,170,257,411
02/07/2018,VQQ,FL,ASO,ES,Federal Contract Tower,2,2,17,42,63,0,0,23,38,61,2,2,40,80,124,87,313,400,524
02/08/2018,VQQ,FL,ASO,ES,Federal Contract Tower,6,4,23,29,62,0,0,8,25,33,6,4,31,54,95,14,208,222,317
02/09/2018,VQQ,FL,ASO,ES,Federal Contract Tower,1,2,10,43,56,0,0,11,28,39,1,2,21,71,95,46,120,166,261
02/11/2018,VQQ,FL,ASO,ES,Federal Contract Tower,0,0,6,9,15,0,0,8,3,11,0,0,14,12,26,36,34,70,96
02/12/2018,VQQ,FL,ASO,ES,Federal Contract Tower,2,4,7,12,25,0,0,2,4,6,2,4,9,16,31,6,78,84,115
02/13/2018,VQQ,FL,ASO,ES,Federal Contract Tower,0,2,16,12,30,0,0,0,0,0,0,2,16,12,30,0,0,0,30
02/14/2018,VQQ,FL,ASO,ES,Federal Contract Tower,2,2,16,2,22,0,0,2,23,25,2,2,18,25,47,2,178,180,227
02/15/2018,VQQ,FL,ASO,ES,Federal Contract Tower,5,2,25,19,51,0,0,31,29,60,5,2,56,48,111,92,205,297,408
02/16/2018,VQQ,FL,ASO,ES,Federal Contract Tower,5,4,7,10,26,0,0,24,17,41,5,4,31,27,67,76,46,122,189
02/17/2018,VQQ,FL,ASO,ES,Federal Contract Tower,0,0,3,2,5,0,0,7,10,17,0,0,10,12,22,6,30,36,58
02/18/2018,VQQ,FL,ASO,ES,Federal Contract Tower,0,1,20,3,24,0,0,7,0,7,0,1,27,3,31,14,0,14,45
02/19/2018,VQQ,FL,ASO,ES,Federal Contract Tower,0,3,18,3,24,0,2,36,0,38,0,5,54,3,62,80,0,80,142
02/20/2018,VQQ,FL,ASO,ES,Federal Contract Tower,1,2,26,9,38,0,0,40,30,70,1,2,66,39,108,98,234,332,440
02/21/2018,VQQ,FL,ASO,ES,Federal Contract Tower,2,2,17,24,45,0,0,32,30,62,2,2,49,54,107,89,291,380,487
02/22/2018,VQQ,FL,ASO,ES,Federal Contract Tower,0,2,21,7,30,0,0,34,53,87,0,2,55,60,117,162,236,398,515
02/23/2018,VQQ,FL,ASO,ES,Federal Contract Tower,0,2,8,10,20,0,0,26,15,41,0,2,34,25,61,72,39,111,172
02/24/2018,VQQ,FL,ASO,ES,Federal Contract Tower,2,0,8,7,17,0,0,44,1,45,2,0,52,8,62,67,2,69,131
02/25/2018,VQQ,FL,ASO,ES,Federal Contract Tower,1,0,11,17,29,0,0,40,10,50,1,0,51,27,79,68,46,114,193
02/26/2018,VQQ,FL,ASO,ES,Federal Contract Tower,3,5,21,22,51,6,0,31,31,68,9,5,52,53,119,116,288,404,523
02/27/2018,VQQ,FL,ASO,ES,Federal Contract Tower,5,3,34,23,65,0,0,28,31,59,5,3,62,54,124,102,222,324,448
02/28/2018,VQQ,FL,ASO,ES,Federal Contract Tower,3,4,32,14,53,0,0,29,35,64,3,4,61,49,117,146,156,302,419
03/01/2018,VQQ,FL,ASO,ES,Federal Contract Tower,2,4,6,7,19,0,0,18,37,55,2,4,24,44,74,38,221,259,333
03/02/2018,VQQ,FL,ASO,ES,Federal Contract Tower,0,2,24,22,48,0,0,35,36,71,0,2,59,58,119,44,98,142,261
03/03/2018,VQQ,FL,ASO,ES,Federal Contract Tower,2,0,14,12,28,0,0,26,0,26,2,0,40,12,54,32,0,32,86
03/04/2018,VQQ,FL,ASO,ES,Federal Contract Tower,0,0,24,18,42,0,0,11,12,23,0,0,35,30,65,27,22,49,114
03/05/2018,VQQ,FL,ASO,ES,Federal Contract Tower,0,3,9,24,36,0,0,37,29,66,0,3,46,53,102,70,176,246,348
03/06/2018,VQQ,FL,ASO,ES,Federal Contract Tower,0,4,12,51,67,0,0,31,25,56,0,4,43,76,123,46,238,284,407
03/07/2018,VQQ,FL,ASO,ES,Federal Contract Tower,0,2,14,5,21,0,0,30,45,75,0,2,44,50,96,58,210,268,364
03/08/2018,VQQ,FL,ASO,ES,Federal Contract Tower,4,2,6,23,35,0,0,15,38,53,4,2,21,61,88,42,153,195,283
03/09/2018,VQQ,FL,ASO,ES,Federal Contract Tower,4,2,12,17,35,0,0,48,26,74,4,2,60,43,109,173,100,273,382
03/10/2018,VQQ,FL,ASO,ES,Federal Contract Tower,4,1,6,8,19,0,0,15,14,29,4,1,21,22,48,39,142,181,229
03/11/2018,VQQ,FL,ASO,ES,Federal Contract Tower,0,0,10,3,13,0,0,16,2,18,0,0,26,5,31,64,0,64,95
03/12/2018,VQQ,FL,ASO,ES,Federal Contract Tower,1,5,14,20,40,0,0,11,32,43,1,5,25,52,83,32,142,174,257
03/13/2018,VQQ,FL,ASO,ES,Federal Contract Tower,3,2,11,35,51,0,0,26,33,59,3,2,37,68,110,77,274,351,461
03/14/2018,VQQ,FL,ASO,ES,Federal Contract Tower,1,2,9,9,21,0,6,22,25,53,1,8,31,34,74,85,205,290,364
03/15/2018,VQQ,FL,ASO,ES,Federal Contract Tower,2,2,5,25,34,0,0,24,34,58,2,2,29,59,92,61,170,231,323
03/16/2018,VQQ,FL,ASO,ES,Federal Contract Tower,0,2,11,37,50,0,0,35,24,59,0,2,46,61,109,111,92,203,312
03/17/2018,VQQ,FL,ASO,ES,Federal Contract Tower,5,0,11,4,20,0,0,18,4,22,5,0,29,8,42,55,0,55,97
03/18/2018,VQQ,FL,ASO,ES,Federal Contract Tower,1,0,15,8,24,0,0,4,3,7,1,0,19,11,31,4,7,11,42
03/19/2018,VQQ,FL,ASO,ES,Federal Contract Tower,0,3,10,29,42,0,0,9,14,23,0,3,19,43,65,28,122,150,215
03/20/2018,VQQ,FL,ASO,ES,Federal Contract Tower,0,2,9,0,11,0,0,5,20,25,0,2,14,20,36,30,58,88,124
03/21/2018,VQQ,FL,ASO,ES,Federal Contract Tower,0,2,7,17,26,0,0,11,47,58,0,2,18,64,84,0,260,260,344
03/22/2018,VQQ,FL,ASO,ES,Federal Contract Tower,0,2,11,28,41,0,0,34,56,90,0,2,45,84,131,68,235,303,434
03/23/2018,VQQ,FL,ASO,ES,Federal Contract Tower,0,2,24,12,38,0,0,33,28,61,0,2,57,40,99,116,114,230,329
03/24/2018,VQQ,FL,ASO,ES,Federal Contract Tower,3,0,14,1,18,0,0,16,4,20,3,0,30,5,38,65,2,67,105
03/25/2018,VQQ,FL,ASO,ES,Federal Contract Tower,0,0,7,1,8,0,0,7,0,7,0,0,14,1,15,8,0,8,23
03/26/2018,VQQ,FL,ASO,ES,Federal Contract Tower,1,2,11,9,23,0,0,0,4,4,1,2,11,13,27,8,6,14,41
03/27/2018,VQQ,FL,ASO,ES,Federal Contract Tower,0,2,25,51,78,0,0,19,73,92,0,2,44,124,170,12,196,208,378
03/28/2018,VQQ,FL,ASO,ES,Federal Contract Tower,5,2,16,33,56,0,0,29,76,105,5,2,45,109,161,88,208,296,457
03/29/2018,VQQ,FL,ASO,ES,Federal Contract Tower,3,2,10,79,94,0,0,19,42,61,3,2,29,121,155,46,102,148,303
03/30/2018,VQQ,FL,ASO,ES,Federal Contract Tower,2,2,11,59,74,0,0,8,0,8,2,2,19,59,82,54,1,55,137
03/31/2018,VQQ,FL,ASO,ES,Federal Contract Tower,0,0,4,59,63,0,0,7,0,7,0,0,11,59,70,68,6,74,144
04/01/2018,VQQ,FL,ASO,ES,Federal Contract Tower,1,0,11,9,21,0,0,1,0,1,1,0,12,9,22,0,0,0,22
04/02/2018,VQQ,FL,ASO,ES,Federal Contract Tower,0,3,15,10,28,0,0,34,7,41,0,3,49,17,69,40,10,50,119
04/03/2018,VQQ,FL,ASO,ES,Federal Contract Tower,0,3,12,17,32,0,0,43,22,65,0,3,55,39,97,188,194,382,479
04/04/2018,VQQ,FL,ASO,ES,Federal Contract Tower,0,3,26,6,35,0,0,13,40,53,0,3,39,46,88,32,184,216,304
04/05/2018,VQQ,FL,ASO,ES,Federal Contract Tower,4,4,20,3,31,0,0,42,19,61,4,4,62,22,92,74,58,132,224
04/06/2018,VQQ,FL,ASO,ES,Federal Contract Tower,2,3,9,32,46,0,0,33,31,64,2,3,42,63,110,139,190,329,439
04/07/2018,VQQ,FL,ASO,ES,Federal Contract Tower,0,0,7,3,10,0,0,0,0,0,0,0,7,3,10,18,0,18,28
04/08/2018,VQQ,FL,ASO,ES,Federal Contract Tower,3,0,8,3,14,0,0,3,4,7,3,0,11,7,21,14,0,14,35
04/09/2018,VQQ,FL,ASO,ES,Federal Contract Tower,0,2,24,2,28,0,0,12,12,24,0,2,36,14,52,14,80,94,146
04/10/2018,VQQ,FL,ASO,ES,Federal Contract Tower,1,2,9,5,17,0,0,0,0,0,1,2,9,5,17,0,0,0,17
04/11/2018,VQQ,FL,ASO,ES,Federal Contract Tower,2,2,17,15,36,0,0,36,29,65,2,2,53,44,101,126,96,222,323
04/12/2018,VQQ,FL,ASO,ES,Federal Contract Tower,9,2,11,35,57,1,0,36,47,84,10,2,47,82,141,157,122,279,420
04/13/2018,VQQ,FL,ASO,ES,Federal Contract Tower,4,2,5,25,36,0,0,30,27,57,4,2,35,52,93,126,95,221,314
04/14/2018,VQQ,FL,ASO,ES,Federal Contract Tower,10,0,10,6,26,0,0,15,0,15,10,0,25,6,41,42,2,44,85
04/15/2018,VQQ,FL,ASO,ES,Federal Contract Tower,6,0,2,3,11,0,0,0,0,0,6,0,2,3,11,0,0,0,11
04/16/2018,VQQ,FL,ASO,ES,Federal Contract Tower,4,2,20,14,40,0,0,12,36,48,4,2,32,50,88,0,36,36,124
04/17/2018,VQQ,FL,ASO,ES,Federal Contract Tower,4,2,15,16,37,0,0,37,30,67,4,2,52,46,104,85,144,229,333
04/18/2018,VQQ,FL,ASO,ES,Federal Contract Tower,4,2,20,34,60,0,0,50,39,89,4,2,70,73,149,86,242,328,477
04/19/2018,VQQ,FL,ASO,ES,Federal Contract Tower,6,2,18,12,38,2,2,23,38,65,8,4,41,50,103,52,64,116,219
04/20/2018,VQQ,FL,ASO,ES,Federal Contract Tower,1,2,7,16,26,0,0,14,34,48,1,2,21,50,74,35,116,151,225
04/21/2018,VQQ,FL,ASO,ES,Federal Contract Tower,1,0,3,2,6,0,0,0,0,0,1,0,3,2,6,0,0,0,6
04/22/2018,VQQ,FL,ASO,ES,Federal Contract Tower,0,0,16,3,19,0,0,5,9,14,0,0,21,12,33,26,77,103,136
04/23/2018,VQQ,FL,ASO,ES,Federal Contract Tower,0,2,6,6,14,0,0,2,20,22,0,2,8,26,36,0,46,46,82
04/24/2018,VQQ,FL,ASO,ES,Federal Contract Tower,1,2,17,5,25,0,0,39,50,89,1,2,56,55,114,126,204,330,444
04/25/2018,VQQ,FL,ASO,ES,Federal Contract Tower,0,2,20,10,32,0,0,47,32,79,0,2,67,42,111,118,54,172,283
04/26/2018,VQQ,FL,ASO,ES,Federal Contract Tower,0,4,12,14,30,0,0,44,28,72,0,4,56,42,102,164,74,238,340
04/27/2018,VQQ,FL,ASO,ES,Federal Contract Tower,4,4,19,12,39,0,10,33,0,43,4,14,52,12,82,89,0,89,171
04/28/2018,VQQ,FL,ASO,ES,Federal Contract Tower,1,0,16,7,24,0,0,22,0,22,1,0,38,7,46,94,2,96,142
04/29/2018,VQQ,FL,ASO,ES,Federal Contract Tower,0,0,12,2,14,0,0,19,0,19,0,0,31,2,33,28,0,28,61
04/30/2018,VQQ,FL,ASO,ES,Federal Contract Tower,0,2,15,2,19,0,0,34,42,76,0,2,49,44,95,126,51,177,272
05/01/2018,VQQ,FL,ASO,ES,Federal Contract Tower,3,2,13,13,31,0,0,43,37,80,3,2,56,50,111,79,142,221,332
05/02/2018,VQQ,FL,ASO,ES,Federal Contract Tower,0,2,18,42,62,0,0,55,35,90,0,2,73,77,152,142,91,233,385
05/03/2018,VQQ,FL,ASO,ES,Federal Contract Tower,0,2,20,19,41,0,0,36,67,103,0,2,56,86,144,72,160,232,376
05/04/2018,VQQ,FL,ASO,ES,Federal Contract Tower,0,2,10,55,67,0,0,36,21,57,0,2,46,76,124,82,70,152,276
05/05/2018,VQQ,FL,ASO,ES,Federal Contract Tower,2,0,13,45,60,0,0,17,0,17,2,0,30,45,77,50,0,50,127
05/06/2018,VQQ,FL,ASO,ES,Federal Contract Tower,0,0,4,32,36,0,0,9,4,13,0,0,13,36,49,16,14,30,79
05/07/2018,VQQ,FL,ASO,ES,Federal Contract Tower,0,2,20,33,55,0,0,27,28,55,0,2,47,61,110,91,139,230,340
05/08/2018,VQQ,FL,ASO,ES,Federal Contract Tower,4,3,20,27,54,0,0,37,40,77,4,3,57,67,131,146,170,316,447
05/09/2018,VQQ,FL,ASO,ES,Federal Contract Tower,0,3,40,4,47,0,0,33,49,82,0,3,73,53,129,90,206,296,425
05/10/2018,VQQ,FL,ASO,ES,Federal Contract Tower,2,4,10,24,40,0,0,24,46,70,2,4,34,70,110,120,318,438,548
05/11/2018,VQQ,FL,ASO,ES,Federal Contract Tower,0,2,15,24,41,0,0,23,7,30,0,2,38,31,71,68,20,88,159
05/12/2018,VQQ,FL,ASO,ES,Federal Contract Tower,0,0,15,0,15,0,0,22,0,22,0,0,37,0,37,92,0,92,129
05/13/2018,VQQ,FL,ASO,ES,Federal Contract Tower,0,1,10,5,16,0,5,8,6,19,0,6,18,11,35,30,0,30,65
05/14/2018,VQQ,FL,ASO,ES,Federal Contract Tower,0,2,12,40,54,0,0,6,1,7,0,2,18,41,61,24,0,24,85
05/15/2018,VQQ,FL,ASO,ES,Federal Contract Tower,0,3,8,7,18,0,0,2,26,28,0,3,10,33,46,4,62,66,112
05/16/2018,VQQ,FL,ASO,ES,Federal Contract Tower,1,2,7,15,25,0,0,14,30,44,1,2,21,45,69,61,138,199,268
05/17/2018,VQQ,FL,ASO,ES,Federal Contract Tower,2,3,5,1,11,0,0,5,29,34,2,3,10,30,45,14,37,51,96
05/18/2018,VQQ,FL,ASO,ES,Federal Contract Tower,4,2,23,11,40,0,0,5,29,34,4,2,28,40,74,30,89,119,193
05/19/2018,VQQ,FL,ASO,ES,Federal Contract Tower,1,0,11,0,12,0,0,6,4,10,1,0,17,4,22,28,0,28,50
05/20/2018,VQQ,FL,ASO,ES,Federal Contract Tower,0,0,3,1,4,0,0,5,0,5,0,0,8,1,9,19,2,21,30
05/21/2018,VQQ,FL,ASO,ES,Federal Contract Tower,0,2,3,4,9,0,0,13,22,35,0,2,16,26,44,42,120,162,206
05/22/2018,VQQ,FL,ASO,ES,Federal Contract Tower,0,4,16,14,34,0,0,20,36,56,0,4,36,50,90,91,122,213,303
05/23/2018,VQQ,FL,ASO,ES,Federal Contract Tower,0,2,11,29,42,0,0,41,43,84,0,2,52,72,126,122,285,407,533
05/24/2018,VQQ,FL,ASO,ES,Federal Contract Tower,3,2,6,18,29,0,0,34,45,79,3,2,40,63,108,84,153,237,345
05/25/2018,VQQ,FL,ASO,ES,Federal Contract Tower,1,3,22,7,33,0,0,24,7,31,1,3,46,14,64,86,16,102,166
05/26/2018,VQQ,FL,ASO,ES,Federal Contract Tower,1,1,8,0,10,0,0,10,0,10,1,1,18,0,20,20,0,20,40
05/27/2018,VQQ,FL,ASO,ES,Federal Contract Tower,1,1,2,0,4,0,0,0,0,0,1,1,2,0,4,0,0,0,4
05/28/2018,VQQ,FL,ASO,ES,Federal Contract Tower,0,1,19,0,20,0,0,7,0,7,0,1,26,0,27,35,0,35,62
05/29/2018,VQQ,FL,ASO,ES,Federal Contract Tower,0,2,18,11,31,0,0,21,20,41,0,2,39,31,72,36,82,118,190
05/30/2018,VQQ,FL,ASO,ES,Federal Contract Tower,2,2,14,7,25,0,0,3,10,13,2,2,17,17,38,0,88,88,126
05/31/2018,VQQ,FL,ASO,ES,Federal Contract Tower,0,2,18,13,33,0,0,15,27,42,0,2,33,40,75,32,224,256,331
06/01/2018,VQQ,FL,ASO,ES,Federal Contract Tower,0,2,6,47,55,0,0,25,21,46,0,2,31,68,101,152,63,215,316
06/02/2018,VQQ,FL,ASO,ES,Federal Contract Tower,0,0,11,4,15,0,0,7,5,12,0,0,18,9,27,28,4,32,59
06/03/2018,VQQ,FL,ASO,ES,Federal Contract Tower,0,0,23,11,34,0,0,3,2,5,0,0,26,13,39,2,8,10,49
06/04/2018,VQQ,FL,ASO,ES,Federal Contract Tower,4,2,19,1,26,0,0,74,12,86,4,2,93,13,112,181,92,273,385
06/05/2018,VQQ,FL,ASO,ES,Federal Contract Tower,1,2,12,15,30,0,0,42,28,70,1,2,54,43,100,97,244,341,441
06/06/2018,VQQ,FL,ASO,ES,Federal Contract Tower,0,2,24,23,49,0,0,23,35,58,0,2,47,58,107,126,124,250,357
06/07/2018,VQQ,FL,ASO,ES,Federal Contract Tower,11,2,12,7,32,0,0,30,30,60,11,2,42,37,92,31,140,171,263
06/08/2018,VQQ,FL,ASO,ES,Federal Contract Tower,5,4,17,4,30,0,0,22,14,36,5,4,39,18,66,52,40,92,158
06/09/2018,VQQ,FL,ASO,ES,Federal Contract Tower,1,0,12,3,16,0,0,9,0,9,1,0,21,3,25,16,0,16,41
06/10/2018,VQQ,FL,ASO,ES,Federal Contract Tower,2,1,7,2,12,0,0,5,0,5,2,1,12,2,17,12,0,12,29
06/11/2018,VQQ,FL,ASO,ES,Federal Contract Tower,2,4,12,44,62,0,0,21,22,43,2,4,33,66,105,88,150,238,343
06/12/2018,VQQ,FL,ASO,ES,Federal Contract Tower,1,2,17,28,48,0,0,26,29,55,1,2,43,57,103,72,136,208,311
06/13/2018,VQQ,FL,ASO,ES,Federal Contract Tower,0,2,16,33,51,0,0,37,43,80,0,2,53,76,131,92,154,246,377
06/14/2018,VQQ,FL,ASO,ES,Federal Contract Tower,2,5,23,27,57,0,0,28,31,59,2,5,51,58,116,88,146,234,350
06/15/2018,VQQ,FL,ASO,ES,Federal Contract Tower,2,3,3,7,15,0,0,21,27,48,2,3,24,34,63,87,70,157,220
06/16/2018,VQQ,FL,ASO,ES,Federal Contract Tower,0,1,15,3,19,0,0,11,0,11,0,1,26,3,30,26,0,26,56
06/17/2018,VQQ,FL,ASO,ES,Federal Contract Tower,0,3,9,0,12,0,0,1,0,1,0,3,10,0,13,30,0,30,43
06/18/2018,VQQ,FL,ASO,ES,Federal Contract Tower,0,3,12,2,17,0,0,26,19,45,0,3,38,21,62,74,34,108,170
06/19/2018,VQQ,FL,ASO,ES,Federal Contract Tower,5,2,8,3,18,0,0,46,28,74,5,2,54,31,92,48,92,140,232
06/20/2018,VQQ,FL,ASO,ES,Federal Contract Tower,0,2,15,24,41,0,0,21,30,51,0,2,36,54,92,106,132,238,330
06/21/2018,VQQ,FL,ASO,ES,Federal Contract Tower,0,4,28,42,74,0,0,31,40,71,0,4,59,82,145,66,44,110,255
06/22/2018,VQQ,FL,ASO,ES,Federal Contract Tower,2,2,9,18,31,0,0,24,109,133,2,2,33,127,164,109,54,163,327
06/23/2018,VQQ,FL,ASO,ES,Federal Contract Tower,1,1,5,10,17,0,0,10,63,73,1,1,15,73,90,40,0,40,130
06/24/2018,VQQ,FL,ASO,ES,Federal Contract Tower,4,1,8,41,54,0,0,11,7,18,4,1,19,48,72,40,0,40,112
06/25/2018,VQQ,FL,ASO,ES,Federal Contract Tower,2,2,13,63,80,0,0,18,27,45,2,2,31,90,125,92,103,195,320
06/26/2018,VQQ,FL,ASO,ES,Federal Contract Tower,3,2,4,51,60,0,0,25,21,46,3,2,29,72,106,47,128,175,281
06/27/2018,VQQ,FL,ASO,ES,Federal Contract Tower,0,2,23,69,94,0,0,33,30,63,0,2,56,99,157,176,122,298,455
06/28/2018,VQQ,FL,ASO,ES,Federal Contract Tower,4,3,26,21,54,0,0,32,17,49,4,3,58,38,103,74,72,146,249
06/29/2018,VQQ,FL,ASO,ES,Federal Contract Tower,4,3,21,17,45,0,0,13,22,35,4,3,34,39,80,38,88,126,206
06/30/2018,VQQ,FL,ASO,ES,Federal Contract Tower,0,0,17,0,17,0,0,5,3,8,0,0,22,3,25,8,18,26,51
07/01/2018,VQQ,FL,ASO,ES,Federal Contract Tower,2,0,8,2,12,0,0,7,5,12,2,0,15,7,24,32,42,74,98
07/02/2018,VQQ,FL,ASO,ES,Federal Contract Tower,0,2,25,0,27,0,0,23,1,24,0,2,48,1,51,94,0,94,145
07/03/2018,VQQ,FL,ASO,ES,Federal Contract Tower,2,2,13,3,20,0,0,16,2,18,2,2,29,5,38,106,6,112,150
07/04/2018,VQQ,FL,ASO,ES,Federal Contract Tower,1,0,2,0,3,0,0,16,0,16,1,0,18,0,19,52,0,52,71
07/05/2018,VQQ,FL,ASO,ES,Federal Contract Tower,4,2,10,3,19,2,0,18,23,43,6,2,28,26,62,68,108,176,238
07/06/2018,VQQ,FL,ASO,ES,Federal Contract Tower,3,2,13,17,35,0,0,13,21,34,3,2,26,38,69,101,46,147,216
07/07/2018,VQQ,FL,ASO,ES,Federal Contract Tower,0,0,5,6,11,0,0,8,0,8,0,0,13,6,19,34,0,34,53
07/08/2018,VQQ,FL,ASO,ES,Federal Contract Tower,0,0,6,0,6,0,0,0,0,0,0,0,6,0,6,14,0,14,20
07/09/2018,VQQ,FL,ASO,ES,Federal Contract Tower,2,3,25,14,44,0,0,10,24,34,2,3,35,38,78,80,158,238,316
07/10/2018,VQQ,FL,ASO,ES,Federal Contract Tower,0,2,18,7,27,0,0,31,28,59,0,2,49,35,86,136,171,307,393
07/11/2018,VQQ,FL,ASO,ES,Federal Contract Tower,3,2,27,17,49,0,0,28,31,59,3,2,55,48,108,89,174,263,371
07/12/2018,VQQ,FL,ASO,ES,Federal Contract Tower,1,2,9,6,18,0,0,33,30,63,1,2,42,36,81,110,220,330,411
07/13/2018,VQQ,FL,ASO,ES,Federal Contract Tower,0,2,22,47,71,0,0,34,17,51,0,2,56,64,122,95,140,235,357
07/14/2018,VQQ,FL,ASO,ES,Federal Contract Tower,0,3,3,2,8,0,0,18,5,23,0,3,21,7,31,36,56,92,123
07/15/2018,VQQ,FL,ASO,ES,Federal Contract Tower,0,0,1,4,5,0,0,6,6,12,0,0,7,10,17,24,1,25,42
07/16/2018,VQQ,FL,ASO,ES,Federal Contract Tower,0,3,7,7,17,0,0,18,10,28,0,3,25,17,45,90,78,168,213
07/17/2018,VQQ,FL,ASO,ES,Federal Contract Tower,0,2,12,10,24,0,0,10,26,36,0,2,22,36,60,12,98,110,170
07/18/2018,VQQ,FL,ASO,ES,Federal Contract Tower,3,2,9,4,18,0,0,16,17,33,3,2,25,21,51,40,66,106,157
07/19/2018,VQQ,FL,ASO,ES,Federal Contract Tower,2,4,6,5,17,1,0,9,16,26,3,4,15,21,43,44,64,108,151
07/20/2018,VQQ,FL,ASO,ES,Federal Contract Tower,3,2,7,7,19,0,0,2,17,19,3,2,9,24,38,4,134,138,176
07/21/2018,VQQ,FL,ASO,ES,Federal Contract Tower,1,2,9,0,12,0,0,6,0,6,1,2,15,0,18,30,0,30,48
07/22/2018,VQQ,FL,ASO,ES,Federal Contract Tower,0,0,8,2,10,0,0,2,0,2,0,0,10,2,12,0,0,0,12
07/23/2018,VQQ,FL,ASO,ES,Federal Contract Tower,0,2,34,1,37,0,0,17,30,47,0,2,51,31,84,22,162,184,268
07/24/2018,VQQ,FL,ASO,ES,Federal Contract Tower,0,2,30,10,42,0,0,15,39,54,0,2,45,49,96,32,274,306,402
07/25/2018,VQQ,FL,ASO,ES,Federal Contract Tower,1,2,17,16,36,0,0,19,18,37,1,2,36,34,73,43,90,133,206
07/26/2018,VQQ,FL,ASO,ES,Federal Contract Tower,2,2,14,20,38,0,0,29,30,59,2,2,43,50,97,50,52,102,199
07/27/2018,VQQ,FL,ASO,ES,Federal Contract Tower,0,2,7,40,49,0,0,27,16,43,0,2,34,56,92,36,58,94,186
07/28/2018,VQQ,FL,ASO,ES,Federal Contract Tower,2,0,7,6,15,0,0,12,0,12,2,0,19,6,27,46,0,46,73
07/29/2018,VQQ,FL,ASO,ES,Federal Contract Tower,2,0,5,1,8,0,0,6,0,6,2,0,11,1,14,18,0,18,32
07/30/2018,VQQ,FL,ASO,ES,Federal Contract Tower,0,3,8,12,23,0,0,14,10,24,0,3,22,22,47,88,212,300,347
07/31/2018,VQQ,FL,ASO,ES,Federal Contract Tower,1,4,8,7,20,0,0,20,22,42,1,4,28,29,62,83,206,289,351
08/01/2018,VQQ,FL,ASO,ES,Federal Contract Tower,2,2,21,41,66,0,0,21,41,62,2,2,42,82,128,139,349,488,616
08/02/2018,VQQ,FL,ASO,ES,Federal Contract Tower,0,2,21,6,29,0,0,63,13,76,0,2,84,19,105,77,58,135,240
08/03/2018,VQQ,FL,ASO,ES,Federal Contract Tower,0,2,11,10,23,0,0,31,8,39,0,2,42,18,62,82,28,110,172
08/04/2018,VQQ,FL,ASO,ES,Federal Contract Tower,2,0,8,9,19,0,0,19,2,21,2,0,27,11,40,74,36,110,150
08/05/2018,VQQ,FL,ASO,ES,Federal Contract Tower,2,0,13,27,42,0,0,8,0,8,2,0,21,27,50,34,0,34,84
08/06/2018,VQQ,FL,ASO,ES,Federal Contract Tower,4,2,14,40,60,10,0,38,91,139,14,2,52,131,199,81,105,186,385
08/07/2018,VQQ,FL,ASO,ES,Federal Contract Tower,1,2,7,50,60,0,2,43,55,100,1,4,50,105,160,32,220,252,412
08/08/2018,VQQ,FL,ASO,ES,Federal Contract Tower,0,2,12,47,61,0,0,55,34,89,0,2,67,81,150,60,212,272,422
08/09/2018,VQQ,FL,ASO,ES,Federal Contract Tower,0,2,13,42,57,0,0,47,42,89,0,2,60,84,146,62,152,214,360
08/10/2018,VQQ,FL,ASO,ES,Federal Contract Tower,0,2,26,45,73,0,0,36,19,55,0,2,62,64,128,54,51,105,233
08/11/2018,VQQ,FL,ASO,ES,Federal Contract Tower,0,0,8,12,20,0,0,44,2,46,0,0,52,14,66,46,0,46,112
08/12/2018,VQQ,FL,ASO,ES,Federal Contract Tower,0,0,5,6,11,0,0,10,0,10,0,0,15,6,21,22,0,22,43
08/13/2018,VQQ,FL,ASO,ES,Federal Contract Tower,0,2,8,12,22,0,0,30,20,50,0,2,38,32,72,65,52,117,189
08/14/2018,VQQ,FL,ASO,ES,Federal Contract Tower,0,2,6,39,47,0,0,35,40,75,0,2,41,79,122,38,172,210,332
08/15/2018,VQQ,FL,ASO,ES,Federal Contract Tower,1,2,14,18,35,0,0,29,19,48,1,2,43,37,83,38,64,102,185
08/16/2018,VQQ,FL,ASO,ES,Federal Contract Tower,1,2,4,11,18,0,0,45,49,94,1,2,49,60,112,144,218,362,474
08/17/2018,VQQ,FL,ASO,ES,Federal Contract Tower,2,2,13,6,23,0,0,21,17,38,2,2,34,23,61,40,90,130,191
08/18/2018,VQQ,FL,ASO,ES,Federal Contract Tower,5,0,4,5,14,0,0,17,4,21,5,0,21,9,35,56,0,56,91
08/19/2018,VQQ,FL,ASO,ES,Federal Contract Tower,4,0,7,7,18,0,0,6,1,7,4,0,13,8,25,8,0,8,33
08/20/2018,VQQ,FL,ASO,ES,Federal Contract Tower,6,2,17,2,27,0,0,23,19,42,6,2,40,21,69,78,78,156,225
08/21/2018,VQQ,FL,ASO,ES,Federal Contract Tower,5,2,10,5,22,0,0,27,36,63,5,2,37,41,85,81,162,243,328
08/22/2018,VQQ,FL,ASO,ES,Federal Contract Tower,3,2,24,8,37,0,0,14,20,34,3,2,38,28,71,75,90,165,236
08/23/2018,VQQ,FL,ASO,ES,Federal Contract Tower,2,6,16,13,37,0,0,33,31,64,2,6,49,44,101,100,233,333,434
08/24/2018,VQQ,FL,ASO,ES,Federal Contract Tower,2,7,20,1,30,0,0,19,35,54,2,7,39,36,84,26,14,40,124
08/25/2018,VQQ,FL,ASO,ES,Federal Contract Tower,2,0,22,2,26,0,0,8,0,8,2,0,30,2,34,62,0,62,96
08/26/2018,VQQ,FL,ASO,ES,Federal Contract Tower,4,0,21,3,28,0,0,5,0,5,4,0,26,3,33,28,0,28,61
08/27/2018,VQQ,FL,ASO,ES,Federal Contract Tower,0,4,10,4,18,0,0,26,22,48,0,4,36,26,66,57,116,173,239
08/28/2018,VQQ,FL,ASO,ES,Federal Contract Tower,2,2,16,19,39,0,0,22,33,55,2,2,38,52,94,66,104,170,264
08/29/2018,VQQ,FL,ASO,ES,Federal Contract Tower,0,2,12,12,26,0,0,17,32,49,0,2,29,44,75,56,196,252,327
08/30/2018,VQQ,FL,ASO,ES,Federal Contract Tower,4,2,14,21,41,0,0,21,39,60,4,2,35,60,101,64,78,142,243
08/31/2018,VQQ,FL,ASO,ES,Federal Contract Tower,2,2,9,4,17,0,0,16,13,29,2,2,25,17,46,50,34,84,130
09/01/2018,VQQ,FL,ASO,ES,Federal Contract Tower,2,0,12,2,16,0,0,11,0,11,2,0,23,2,27,34,0,34,61
09/02/2018,VQQ,FL,ASO,ES,Federal Contract Tower,2,2,2,2,8,0,0,4,0,4,2,2,6,2,12,12,0,12,24
09/03/2018,VQQ,FL,ASO,ES,Federal Contract Tower,6,0,1,2,9,0,0,10,0,10,6,0,11,2,19,69,0,69,88
09/04/2018,VQQ,FL,ASO,ES,Federal Contract Tower,6,3,12,16,37,0,0,11,7,18,6,3,23,23,55,12,24,36,91
09/05/2018,VQQ,FL,ASO,ES,Federal Contract Tower,6,2,20,9,37,0,0,17,25,42,6,2,37,34,79,36,148,184,263
09/06/2018,VQQ,FL,ASO,ES,Federal Contract Tower,0,2,16,3,21,0,0,8,24,32,0,2,24,27,53,28,74,102,155
09/07/2018,VQQ,FL,ASO,ES,Federal Contract Tower,0,3,8,37,48,0,0,15,22,37,0,3,23,59,85,50,77,127,212
09/08/2018,VQQ,FL,ASO,ES,Federal Contract Tower,1,0,12,3,16,0,0,9,2,11,1,0,21,5,27,26,16,42,69
09/09/2018,VQQ,FL,ASO,ES,Federal Contract Tower,1,0,7,1,9,0,0,9,1,10,1,0,16,2,19,28,0,28,47
09/10/2018,VQQ,FL,ASO,ES,Federal Contract Tower,2,3,11,14,30,0,0,19,17,36,2,3,30,31,66,32,160,192,258
09/11/2018,VQQ,FL,ASO,ES,Federal Contract Tower,0,3,14,23,40,0,0,26,34,60,0,3,40,57,100,67,124,191,291
09/12/2018,VQQ,FL,ASO,ES,Federal Contract Tower,7,2,8,40,57,0,0,42,41,83,7,2,50,81,140,84,190,274,414
09/13/2018,VQQ,FL,ASO,ES,Federal Contract Tower,2,2,6,3,13,0,0,33,27,60,2,2,39,30,73,46,161,207,280
09/14/2018,VQQ,FL,ASO,ES,Federal Contract Tower,3,2,16,12,33,0,0,43,20,63,3,2,59,32,96,75,130,205,301
09/15/2018,VQQ,FL,ASO,ES,Federal Contract Tower,0,0,2,1,3,0,0,22,10,32,0,0,24,11,35,48,2,50,85
09/16/2018,VQQ,FL,ASO,ES,Federal Contract Tower,2,0,9,1,12,0,0,13,3,16,2,0,22,4,28,83,0,83,111
09/17/2018,VQQ,FL,ASO,ES,Federal Contract Tower,1,2,9,24,36,0,0,23,19,42,1,2,32,43,78,79,87,166,244
09/18/2018,VQQ,FL,ASO,ES,Federal Contract Tower,2,2,23,9,36,0,0,22,36,58,2,2,45,45,94,133,322,455,549
09/19/2018,VQQ,FL,ASO,ES,Federal Contract Tower,1,2,25,47,75,0,0,22,27,49,1,2,47,74,124,58,146,204,328
09/20/2018,VQQ,FL,ASO,ES,Federal Contract Tower,0,2,11,52,65,0,0,29,37,66,0,2,40,89,131,65,218,283,414
09/21/2018,VQQ,FL,ASO,ES,Federal Contract Tower,2,2,22,42,68,0,0,22,73,95,2,2,44,115,163,59,48,107,270
09/22/2018,VQQ,FL,ASO,ES,Federal Contract Tower,1,0,20,15,36,0,0,23,57,80,1,0,43,72,116,24,0,24,140
09/23/2018,VQQ,FL,ASO,ES,Federal Contract Tower,1,0,4,23,28,0,0,33,50,83,1,0,37,73,111,106,0,106,217
09/24/2018,VQQ,FL,ASO,ES,Federal Contract Tower,0,2,10,52,64,0,5,12,7,24,0,7,22,59,88,100,67,167,255
09/25/2018,VQQ,FL,ASO,ES,Federal Contract Tower,2,2,12,71,87,0,0,35,41,76,2,2,47,112,163,158,182,340,503
09/26/2018,VQQ,FL,ASO,ES,Federal Contract Tower,1,4,16,63,84,0,0,36,18,54,1,4,52,81,138,172,26,198,336
09/27/2018,VQQ,FL,ASO,ES,Federal Contract Tower,1,3,8,71,83,0,1,23,15,39,1,4,31,86,122,52,52,104,226
09/28/2018,VQQ,FL,ASO,ES,Federal Contract Tower,0,2,12,33,47,0,0,28,11,39,0,2,40,44,86,104,82,186,272
09/29/2018,VQQ,FL,ASO,ES,Federal Contract Tower,2,0,3,3,8,0,0,13,0,13,2,0,16,3,21,28,0,28,49
09/30/2018,VQQ,FL,ASO,ES,Federal Contract Tower,1,6,0,1,8,0,0,6,0,6,1,6,6,1,14,8,0,8,22
10/01/2018,VQQ,FL,ASO,ES,Federal Contract Tower,3,2,6,0,11,0,0,10,2,12,3,2,16,2,23,22,0,22,45
10/02/2018,VQQ,FL,ASO,ES,Federal Contract Tower,2,2,9,17,30,0,0,15,39,54,2,2,24,56,84,86,214,300,384
10/03/2018,VQQ,FL,ASO,ES,Federal Contract Tower,0,2,17,32,51,0,0,37,32,69,0,2,54,64,120,123,130,253,373
10/04/2018,VQQ,FL,ASO,ES,Federal Contract Tower,3,4,11,3,21,0,0,28,29,57,3,4,39,32,78,36,140,176,254
10/05/2018,VQQ,FL,ASO,ES,Federal Contract Tower,3,2,15,0,20,0,0,43,24,67,3,2,58,24,87,80,6,86,173
10/06/2018,VQQ,FL,ASO,ES,Federal Contract Tower,0,4,2,0,6,0,0,9,1,10,0,4,11,1,16,38,0,38,54
10/07/2018,VQQ,FL,ASO,ES,Federal Contract Tower,0,3,5,0,8,0,0,13,0,13,0,3,18,0,21,2,0,2,23
10/08/2018,VQQ,FL,ASO,ES,Federal Contract Tower,2,4,7,0,13,0,0,19,0,19,2,4,26,0,32,68,0,68,100
10/09/2018,VQQ,FL,ASO,ES,Federal Contract Tower,4,4,3,9,20,1,0,0,25,26,5,4,3,34,46,0,148,148,194
10/10/2018,VQQ,FL,ASO,ES,Federal Contract Tower,2,2,0,7,11,0,0,0,7,7,2,2,0,14,18,0,82,82,100
10/11/2018,VQQ,FL,ASO,ES,Federal Contract Tower,4,2,2,9,17,0,0,13,32,45,4,2,15,41,62,14,155,169,231
10/12/2018,VQQ,FL,ASO,ES,Federal Contract Tower,0,4,4,16,24,0,0,30,40,70,0,4,34,56,94,71,91,162,256
10/13/2018,VQQ,FL,ASO,ES,Federal Contract Tower,0,0,1,1,2,0,0,42,10,52,0,0,43,11,54,69,20,89,143
10/14/2018,VQQ,FL,ASO,ES,Federal Contract Tower,6,0,19,0,25,0,0,29,1,30,6,0,48,1,55,36,0,36,91
10/15/2018,VQQ,FL,ASO,ES,Federal Contract Tower,6,6,15,3,30,0,0,25,21,46,6,6,40,24,76,80,102,182,258
10/16/2018,VQQ,FL,ASO,ES,Federal Contract Tower,5,2,14,12,33,0,0,29,42,71,5,2,43,54,104,97,302,399,503
10/17/2018,VQQ,FL,ASO,ES,Federal Contract Tower,1,2,11,15,29,0,0,48,36,84,1,2,59,51,113,114,108,222,335
10/18/2018,VQQ,FL,ASO,ES,Federal Contract Tower,0,2,21,5,28,0,0,7,34,41,0,2,28,39,69,52,126,178,247
10/19/2018,VQQ,FL,ASO,ES,Federal Contract Tower,4,3,12,16,35,0,0,28,27,55,4,3,40,43,90,64,82,146,236
10/20/2018,VQQ,FL,ASO,ES,Federal Contract Tower,1,0,5,5,11,0,0,22,2,24,1,0,27,7,35,40,0,40,75
10/21/2018,VQQ,FL,ASO,ES,Federal Contract Tower,1,6,12,7,26,0,0,17,0,17,1,6,29,7,43,52,0,52,95
10/22/2018,VQQ,FL,ASO,ES,Federal Contract Tower,6,2,21,12,41,0,0,41,18,59,6,2,62,30,100,54,50,104,204
10/23/2018,VQQ,FL,ASO,ES,Federal Contract Tower,3,3,12,17,35,0,0,19,27,46,3,3,31,44,81,46,60,106,187
10/24/2018,VQQ,FL,ASO,ES,Federal Contract Tower,1,2,23,32,58,0,0,35,40,75,1,2,58,72,133,174,144,318,451
10/25/2018,VQQ,FL,ASO,ES,Federal Contract Tower,2,5,13,12,32,0,0,14,33,47,2,5,27,45,79,64,144,208,287
10/26/2018,VQQ,FL,ASO,ES,Federal Contract Tower,1,3,15,34,53,0,0,0,17,17,1,3,15,51,70,2,20,22,92
10/27/2018,VQQ,FL,ASO,ES,Federal Contract Tower,0,0,11,7,18,0,0,16,5,21,0,0,27,12,39,42,26,68,107
10/28/2018,VQQ,FL,ASO,ES,Federal Contract Tower,3,0,9,8,20,0,0,16,0,16,3,0,25,8,36,26,0,26,62
10/29/2018,VQQ,FL,ASO,ES,Federal Contract Tower,5,2,13,24,44,5,0,26,36,67,10,2,39,60,111,71,268,339,450
10/30/2018,VQQ,FL,ASO,ES,Federal Contract Tower,0,2,19,17,38,0,0,31,40,71,0,2,50,57,109,102,136,238,347
10/31/2018,VQQ,FL,ASO,ES,Federal Contract Tower,2,2,13,21,38,0,0,38,44,82,2,2,51,65,120,122,158,280,400
11/01/2018,VQQ,FL,ASO,ES,Federal Contract Tower,1,2,11,42,56,0,0,43,34,77,1,2,54,76,133,132,106,238,371
11/02/2018,VQQ,FL,ASO,ES,Federal Contract Tower,0,2,11,18,31,0,0,10,12,22,0,2,21,30,53,34,102,136,189
11/03/2018,VQQ,FL,ASO,ES,Federal Contract Tower,0,0,16,13,29,0,0,39,7,46,0,0,55,20,75,120,14,134,209
11/04/2018,VQQ,FL,ASO,ES,Federal Contract Tower,0,0,13,6,19,0,0,19,2,21,0,0,32,8,40,56,0,56,96
11/05/2018,VQQ,FL,ASO,ES,Federal Contract Tower,1,2,10,57,70,0,0,10,7,17,1,2,20,64,87,44,66,110,197
11/06/2018,VQQ,FL,ASO,ES,Federal Contract Tower,7,2,8,29,46,0,0,44,132,176,7,2,52,161,222,152,164,316,538
11/07/2018,VQQ,FL,ASO,ES,Federal Contract Tower,1,2,16,65,84,0,0,27,33,60,1,2,43,98,144,90,112,202,346
11/08/2018,VQQ,FL,ASO,ES,Federal Contract Tower,0,2,19,75,96,0,0,8,36,44,0,2,27,111,140,26,228,254,394
11/09/2018,VQQ,FL,ASO,ES,Federal Contract Tower,1,2,6,45,54,0,0,15,32,47,1,2,21,77,101,50,90,140,241
11/10/2018,VQQ,FL,ASO,ES,Federal Contract Tower,0,0,12,48,60,0,0,10,0,10,0,0,22,48,70,28,0,28,98
11/11/2018,VQQ,FL,ASO,ES,Federal Contract Tower,2,0,12,13,27,0,0,11,2,13,2,0,23,15,40,60,0,60,100
11/12/2018,VQQ,FL,ASO,ES,Federal Contract Tower,0,5,12,0,17,0,0,18,0,18,0,5,30,0,35,56,0,56,91
11/13/2018,VQQ,FL,ASO,ES,Federal Contract Tower,3,4,8,31,46,0,0,21,33,54,3,4,29,64,100,102,222,324,424
11/14/2018,VQQ,FL,ASO,ES,Federal Contract Tower,6,2,14,77,99,0,0,0,5,5,6,2,14,82,104,0,52,52,156
11/15/2018,VQQ,FL,ASO,ES,Federal Contract Tower,5,2,29,15,51,0,0,3,34,37,5,2,32,49,88,2,104,106,194
11/16/2018,VQQ,FL,ASO,ES,Federal Contract Tower,0,2,30,22,54,0,0,39,33,72,0,2,69,55,126,93,89,182,308
11/17/2018,VQQ,FL,ASO,ES,Federal Contract Tower,3,0,0,5,8,0,0,13,0,13,3,0,13,5,21,66,0,66,87
11/18/2018,VQQ,FL,ASO,ES,Federal Contract Tower,1,0,16,4,21,0,0,19,0,19,1,0,35,4,40,83,0,83,123
11/19/2018,VQQ,FL,ASO,ES,Federal Contract Tower,9,2,12,4,27,0,0,10,21,31,9,2,22,25,58,10,100,110,168
11/20/2018,VQQ,FL,ASO,ES,Federal Contract Tower,6,4,13,64,87,0,0,27,57,84,6,4,40,121,171,120,308,428,599
11/21/2018,VQQ,FL,ASO,ES,Federal Contract Tower,1,2,16,10,29,0,0,37,1,38,1,2,53,11,67,88,0,88,155
11/22/2018,VQQ,FL,ASO,ES,Federal Contract Tower,0,0,2,0,2,0,0,4,0,4,0,0,6,0,6,0,0,0,6
11/23/2018,VQQ,FL,ASO,ES,Federal Contract Tower,0,2,5,0,7,0,0,9,0,9,0,2,14,0,16,44,0,44,60
11/24/2018,VQQ,FL,ASO,ES,Federal Contract Tower,2,0,18,0,20,0,0,10,0,10,2,0,28,0,30,28,0,28,58
11/25/2018,VQQ,FL,ASO,ES,Federal Contract Tower,1,0,19,0,20,0,0,0,0,0,1,0,19,0,20,2,0,2,22
11/26/2018,VQQ,FL,ASO,ES,Federal Contract Tower,1,2,2,11,16,0,0,0,11,11,1,2,2,22,27,0,54,54,81
11/27/2018,VQQ,FL,ASO,ES,Federal Contract Tower,2,2,7,38,49,0,0,31,42,73,2,2,38,80,122,86,152,238,360
11/28/2018,VQQ,FL,ASO,ES,Federal Contract Tower,2,2,24,21,49,0,0,34,28,62,2,2,58,49,111,124,142,266,377
11/29/2018,VQQ,FL,ASO,ES,Federal Contract Tower,2,2,14,39,57,0,0,18,31,49,2,2,32,70,106,58,208,266,372
11/30/2018,VQQ,FL,ASO,ES,Federal Contract Tower,3,4,15,9,31,0,0,36,16,52,3,4,51,25,83,135,36,171,254
12/01/2018,VQQ,FL,ASO,ES,Federal Contract Tower,4,0,10,0,14,0,0,6,6,12,4,0,16,6,26,48,0,48,74
12/02/2018,VQQ,FL,ASO,ES,Federal Contract Tower,1,2,6,3,12,0,0,2,0,2,1,2,8,3,14,0,0,0,14
12/03/2018,VQQ,FL,ASO,ES,Federal Contract Tower,1,2,9,7,19,0,0,4,6,10,1,2,13,13,29,16,92,108,137
12/04/2018,VQQ,FL,ASO,ES,Federal Contract Tower,0,2,32,12,46,0,0,31,31,62,0,2,63,43,108,182,330,512,620
12/05/2018,VQQ,FL,ASO,ES,Federal Contract Tower,1,2,29,3,35,0,0,51,0,51,1,2,80,3,86,88,2,90,176
12/06/2018,VQQ,FL,ASO,ES,Federal Contract Tower,1,6,24,28,59,0,0,39,36,75,1,6,63,64,134,166,88,254,388
12/07/2018,VQQ,FL,ASO,ES,Federal Contract Tower,1,8,24,63,96,0,1,37,30,68,1,9,61,93,164,130,142,272,436
12/08/2018,VQQ,FL,ASO,ES,Federal Contract Tower,2,0,13,8,23,0,0,15,1,16,2,0,28,9,39,66,0,66,105
12/09/2018,VQQ,FL,ASO,ES,Federal Contract Tower,5,0,2,1,8,0,0,0,0,0,5,0,2,1,8,0,0,0,8
12/10/2018,VQQ,FL,ASO,ES,Federal Contract Tower,2,2,25,56,85,0,0,16,22,38,2,2,41,78,123,78,173,251,374
12/11/2018,VQQ,FL,ASO,ES,Federal Contract Tower,0,2,15,59,76,0,0,26,51,77,0,2,41,110,153,60,234,294,447
12/12/2018,VQQ,FL,ASO,ES,Federal Contract Tower,0,2,18,74,94,0,0,49,72,121,0,2,67,146,215,104,236,340,555
12/13/2018,VQQ,FL,ASO,ES,Federal Contract Tower,3,3,20,89,115,0,0,31,82,113,3,3,51,171,228,103,130,233,461
12/14/2018,VQQ,FL,ASO,ES,Federal Contract Tower,2,2,2,4,10,0,0,0,0,0,2,2,2,4,10,0,0,0,10
12/15/2018,VQQ,FL,ASO,ES,Federal Contract Tower,0,0,7,56,63,0,0,4,25,29,0,0,11,81,92,14,12,26,118
12/16/2018,VQQ,FL,ASO,ES,Federal Contract Tower,3,0,21,33,57,0,4,4,38,46,3,4,25,71,103,40,42,82,185
12/17/2018,VQQ,FL,ASO,ES,Federal Contract Tower,0,2,13,75,90,0,0,30,56,86,0,2,43,131,176,72,157,229,405
12/18/2018,VQQ,FL,ASO,ES,Federal Contract Tower,0,6,16,56,78,0,2,44,64,110,0,8,60,120,188,116,208,324,512
12/19/2018,VQQ,FL,ASO,ES,Federal Contract Tower,0,2,12,29,43,0,0,43,28,71,0,2,55,57,114,106,144,250,364
12/20/2018,VQQ,FL,ASO,ES,Federal Contract Tower,2,2,0,2,6,0,0,0,14,14,2,2,0,16,20,0,132,132,152
12/21/2018,VQQ,FL,ASO,ES,Federal Contract Tower,1,0,3,3,7,0,0,5,10,15,1,0,8,13,22,4,99,103,125
12/22/2018,VQQ,FL,ASO,ES,Federal Contract Tower,0,0,7,1,8,0,0,11,2,13,0,0,18,3,21,46,0,46,67
12/23/2018,VQQ,FL,ASO,ES,Federal Contract Tower,1,0,6,0,7,0,0,21,3,24,1,0,27,3,31,52,19,71,102
12/24/2018,VQQ,FL,ASO,ES,Federal Contract Tower,0,2,3,0,5,0,0,15,0,15,0,2,18,0,20,44,0,44,64
12/25/2018,VQQ,FL,ASO,ES,Federal Contract Tower,0,2,0,0,2,0,0,0,0,0,0,2,0,0,2,0,0,0,2
12/26/2018,VQQ,FL,ASO,ES,Federal Contract Tower,1,2,10,2,15,0,0,19,8,27,1,2,29,10,42,66,20,86,128
12/27/2018,VQQ,FL,ASO,ES,Federal Contract Tower,3,2,19,15,39,0,0,28,19,47,3,2,47,34,86,76,182,258,344
12/28/2018,VQQ,FL,ASO,ES,Federal Contract Tower,2,2,4,2,10,0,0,6,12,18,2,2,10,14,28,8,18,26,54
12/29/2018,VQQ,FL,ASO,ES,Federal Contract Tower,1,0,11,0,12,0,0,4,0,4,1,0,15,0,16,32,0,32,48
12/30/2018,VQQ,FL,ASO,ES,Federal Contract Tower,0,0,8,0,8,0,0,20,2,22,0,0,28,2,30,44,0,44,74
12/31/2018,VQQ,FL,ASO,ES,Federal Contract Tower,0,2,6,0,8,0,0,12,2,14,0,2,18,2,22,76,0,76,98
01/01/2019,VQQ,FL,ASO,ES,Federal Contract Tower,0,0,10,0,10,0,0,8,0,8,0,0,18,0,18,32,0,32,50
01/02/2019,VQQ,FL,ASO,ES,Federal Contract Tower,2,6,12,1,21,0,0,42,17,59,2,6,54,18,80,172,118,290,370
01/03/2019,VQQ,FL,ASO,ES,Federal Contract Tower,0,2,20,9,31,0,0,28,29,57,0,2,48,38,88,114,344,458,546
01/04/2019,VQQ,FL,ASO,ES,Federal Contract Tower,2,2,14,2,20,1,0,12,0,13,3,2,26,2,33,26,6,32,65
01/05/2019,VQQ,FL,ASO,ES,Federal Contract Tower,13,6,6,8,33,0,0,17,14,31,13,6,23,22,64,32,32,64,128
01/06/2019,VQQ,FL,ASO,ES,Federal Contract Tower,0,1,13,10,24,0,0,22,3,25,0,1,35,13,49,78,16,94,143
01/07/2019,VQQ,FL,ASO,ES,Federal Contract Tower,0,2,6,3,11,0,0,25,10,35,0,2,31,13,46,64,106,170,216
01/08/2019,VQQ,FL,ASO,ES,Federal Contract Tower,1,3,21,60,85,0,0,32,38,70,1,3,53,98,155,144,200,344,499
01/09/2019,VQQ,FL,ASO,ES,Federal Contract Tower,0,3,16,27,46,0,0,23,43,66,0,3,39,70,112,69,321,390,502
01/10/2019,VQQ,FL,ASO,ES,Federal Contract Tower,0,2,23,17,42,0,0,23,33,56,0,2,46,50,98,93,200,293,391
01/11/2019,VQQ,FL,ASO,ES,Federal Contract Tower,3,2,13,40,58,0,0,26,30,56,3,2,39,70,114,56,168,224,338
01/12/2019,VQQ,FL,ASO,ES,Federal Contract Tower,0,0,20,12,32,0,0,23,3,26,0,0,43,15,58,56,10,66,124
01/13/2019,VQQ,FL,ASO,ES,Federal Contract Tower,0,1,5,15,21,0,0,17,2,19,0,1,22,17,40,46,18,64,104
01/14/2019,VQQ,FL,ASO,ES,Federal Contract Tower,1,2,22,42,67,0,0,22,33,55,1,2,44,75,122,66,211,277,399
01/15/2019,VQQ,FL,ASO,ES,Federal Contract Tower,1,2,18,18,39,0,0,26,26,52,1,2,44,44,91,104,76,180,271
01/16/2019,VQQ,FL,ASO,ES,Federal Contract Tower,1,6,19,44,70,0,0,44,39,83,1,6,63,83,153,166,179,345,498
01/17/2019,VQQ,FL,ASO,ES,Federal Contract Tower,1,2,10,9,22,0,0,32,32,64,1,2,42,41,86,52,162,214,300
01/18/2019,VQQ,FL,ASO,ES,Federal Contract Tower,2,2,14,43,61,0,0,48,6,54,2,2,62,49,115,94,60,154,269
01/19/2019,VQQ,FL,ASO,ES,Federal Contract Tower,2,0,11,3,16,0,0,21,16,37,2,0,32,19,53,84,0,84,137
01/20/2019,VQQ,FL,ASO,ES,Federal Contract Tower,2,0,1,6,9,0,0,3,16,19,2,0,4,22,28,0,0,0,28
01/21/2019,VQQ,FL,ASO,ES,Federal Contract Tower,2,2,20,1,25,0,0,18,0,18,2,2,38,1,43,90,0,90,133
01/22/2019,VQQ,FL,ASO,ES,Federal Contract Tower,1,2,22,37,62,0,0,32,28,60,1,2,54,65,122,16,178,194,316
01/23/2019,VQQ,FL,ASO,ES,Federal Contract Tower,6,4,15,51,76,0,0,28,43,71,6,4,43,94,147,78,368,446,593
01/24/2019,VQQ,FL,ASO,ES,Federal Contract Tower,4,5,6,5,20,2,0,8,39,49,6,5,14,44,69,52,108,160,229
01/25/2019,VQQ,FL,ASO,ES,Federal Contract Tower,2,2,17,12,33,0,0,32,24,56,2,2,49,36,89,54,40,94,183
01/26/2019,VQQ,FL,ASO,ES,Federal Contract Tower,2,0,17,3,22,0,2,29,16,47,2,2,46,19,69,74,6,80,149
01/27/2019,VQQ,FL,ASO,ES,Federal Contract Tower,0,3,10,12,25,0,5,1,2,8,0,8,11,14,33,0,0,0,33
01/28/2019,VQQ,FL,ASO,ES,Federal Contract Tower,0,2,15,10,27,0,0,34,12,46,0,2,49,22,73,94,203,297,370
01/29/2019,VQQ,FL,ASO,ES,Federal Contract Tower,1,2,7,51,61,0,0,41,36,77,1,2,48,87,138,120,376,496,634
01/30/2019,VQQ,FL,ASO,ES,Federal Contract Tower,0,2,21,24,47,0,0,23,23,46,0,2,44,47,93,70,152,222,315
01/31/2019,VQQ,FL,ASO,ES,Federal Contract Tower,1,4,13,15,33,0,0,28,38,66,1,4,41,53,99,74,178,252,351
02/01/2019,VQQ,FL,ASO,ES,Federal Contract Tower,0,2,13,15,30,0,0,11,15,26,0,2,24,30,56,40,174,214,270
02/02/2019,VQQ,FL,ASO,ES,Federal Contract Tower,0,0,12,8,20,0,0,0,2,2,0,0,12,10,22,0,0,0,22
02/03/2019,VQQ,FL,ASO,ES,Federal Contract Tower,2,2,3,1,8,0,0,0,0,0,2,2,3,1,8,0,0,0,8
02/04/2019,VQQ,FL,ASO,ES,Federal Contract Tower,3,4,30,14,51,0,0,5,4,9,3,4,35,18,60,16,0,16,76
02/05/2019,VQQ,FL,ASO,ES,Federal Contract Tower,4,2,39,20,65,0,0,43,33,76,4,2,82,53,141,117,454,571,712
02/06/2019,VQQ,FL,ASO,ES,Federal Contract Tower,2,2,24,36,64,0,0,24,52,76,2,2,48,88,140,66,376,442,582
02/07/2019,VQQ,FL,ASO,ES,Federal Contract Tower,1,3,22,22,48,0,0,36,44,80,1,3,58,66,128,106,96,202,330
02/08/2019,VQQ,FL,ASO,ES,Federal Contract Tower,6,2,25,27,60,0,0,32,17,49,6,2,57,44,109,85,85,170,279
02/09/2019,VQQ,FL,ASO,ES,Federal Contract Tower,6,0,3,6,15,2,0,6,13,21,8,0,9,19,36,6,84,90,126
02/10/2019,VQQ,FL,ASO,ES,Federal Contract Tower,7,0,4,9,20,0,0,4,1,5,7,0,8,10,25,13,23,36,61
02/11/2019,VQQ,FL,ASO,ES,Federal Contract Tower,0,2,21,9,32,0,0,13,19,32,0,2,34,28,64,30,44,74,138
02/12/2019,VQQ,FL,ASO,ES,Federal Contract Tower,1,2,17,58,78,0,0,2,47,49,1,2,19,105,127,2,266,268,395
02/13/2019,VQQ,FL,ASO,ES,Federal Contract Tower,0,4,23,39,66,0,0,33,45,78,0,4,56,84,144,64,272,336,480
02/14/2019,VQQ,FL,ASO,ES,Federal Contract Tower,0,2,28,30,60,0,0,33,18,51,0,2,61,48,111,74,74,148,259
02/15/2019,VQQ,FL,ASO,ES,Federal Contract Tower,1,2,31,4,38,0,0,26,36,62,1,2,57,40,100,52,34,86,186
02/16/2019,VQQ,FL,ASO,ES,Federal Contract Tower,0,0,12,0,12,0,0,9,0,9,0,0,21,0,21,28,0,28,49
02/17/2019,VQQ,FL,ASO,ES,Federal Contract Tower,0,0,12,4,16,0,0,8,1,9,0,0,20,5,25,8,2,10,35
02/18/2019,VQQ,FL,ASO,ES,Federal Contract Tower,2,2,27,0,31,0,0,20,0,20,2,2,47,0,51,54,0,54,105
02/19/2019,VQQ,FL,ASO,ES,Federal Contract Tower,0,2,17,40,59,0,0,9,10,19,0,2,26,50,78,44,156,200,278
02/20/2019,VQQ,FL,ASO,ES,Federal Contract Tower,2,2,25,70,99,0,0,9,43,52,2,2,34,113,151,10,304,314,465
02/21/2019,VQQ,FL,ASO,ES,Federal Contract Tower,1,2,34,24,61,0,0,30,39,69,1,2,64,63,130,120,166,286,416
02/22/2019,VQQ,FL,ASO,ES,Federal Contract Tower,2,2,20,42,66,0,0,26,49,75,2,2,46,91,141,104,244,348,489
02/23/2019,VQQ,FL,ASO,ES,Federal Contract Tower,4,0,9,9,22,0,0,18,13,31,4,0,27,22,53,26,6,32,85
02/24/2019,VQQ,FL,ASO,ES,Federal Contract Tower,1,0,15,3,19,0,0,8,3,11,1,0,23,6,30,4,34,38,68
02/25/2019,VQQ,FL,ASO,ES,Federal Contract Tower,0,2,40,21,63,0,0,32,21,53,0,2,72,42,116,39,130,169,285
02/26/2019,VQQ,FL,ASO,ES,Federal Contract Tower,4,2,46,28,80,0,0,28,44,72,4,2,74,72,152,70,355,425,577
02/27/2019,VQQ,FL,ASO,ES,Federal Contract Tower,1,2,20,24,47,0,0,37,31,68,1,2,57,55,115,140,230,370,485
02/28/2019,VQQ,FL,ASO,ES,Federal Contract Tower,8,2,42,30,82,0,0,16,43,59,8,2,58,73,141,42,274,316,457
03/01/2019,VQQ,FL,ASO,ES,Federal Contract Tower,1,2,7,13,23,0,0,14,25,39,1,2,21,38,62,53,86,139,201
03/02/2019,VQQ,FL,ASO,ES,Federal Contract Tower,1,0,8,0,9,0,0,4,0,4,1,0,12,0,13,22,0,22,35
03/03/2019,VQQ,FL,ASO,ES,Federal Contract Tower,1,0,14,1,16,0,0,7,0,7,1,0,21,1,23,22,0,22,45
03/04/2019,VQQ,FL,ASO,ES,Federal Contract Tower,1,2,31,9,43,0,0,7,6,13,1,2,38,15,56,30,72,102,158
03/05/2019,VQQ,FL,ASO,ES,Federal Contract Tower,5,2,40,21,68,0,0,19,23,42,5,2,59,44,110,76,152,228,338
03/06/2019,VQQ,FL,ASO,ES,Federal Contract Tower,0,2,50,42,94,0,0,53,41,94,0,2,103,83,188,164,199,363,551
03/07/2019,VQQ,FL,ASO,ES,Federal Contract Tower,0,2,43,29,74,0,0,67,56,123,0,2,110,85,197,116,264,380,577
03/08/2019,VQQ,FL,ASO,ES,Federal Contract Tower,1,2,23,45,71,0,0,30,30,60,1,2,53,75,131,82,102,184,315
03/09/2019,VQQ,FL,ASO,ES,Federal Contract Tower,1,0,18,5,24,0,0,17,0,17,1,0,35,5,41,56,0,56,97
03/10/2019,VQQ,FL,ASO,ES,Federal Contract Tower,3,0,29,6,38,0,0,19,0,19,3,0,48,6,57,84,0,84,141
03/11/2019,VQQ,FL,ASO,ES,Federal Contract Tower,0,4,38,52,94,0,0,30,44,74,0,4,68,96,168,70,266,336,504
03/12/2019,VQQ,FL,ASO,ES,Federal Contract Tower,1,2,31,19,53,0,0,34,47,81,1,2,65,66,134,70,440,510,644
03/13/2019,VQQ,FL,ASO,ES,Federal Contract Tower,0,2,34,43,79,0,0,32,32,64,0,2,66,75,143,56,156,212,355
03/14/2019,VQQ,FL,ASO,ES,Federal Contract Tower,0,2,25,32,59,0,0,37,43,80,0,2,62,75,139,62,216,278,417
03/15/2019,VQQ,FL,ASO,ES,Federal Contract Tower,0,7,33,29,69,0,0,49,37,86,0,7,82,66,155,74,169,243,398
03/16/2019,VQQ,FL,ASO,ES,Federal Contract Tower,1,0,43,0,44,0,0,26,24,50,1,0,69,24,94,36,60,96,190
03/17/2019,VQQ,FL,ASO,ES,Federal Contract Tower,2,0,19,2,23,0,0,2,2,4,2,0,21,4,27,0,18,18,45
03/18/2019,VQQ,FL,ASO,ES,Federal Contract Tower,1,2,19,35,57,0,0,31,27,58,1,2,50,62,115,110,204,314,429
03/19/2019,VQQ,FL,ASO,ES,Federal Contract Tower,3,2,37,41,83,0,0,14,36,50,3,2,51,77,133,22,242,264,397
03/20/2019,VQQ,FL,ASO,ES,Federal Contract Tower,0,2,38,13,53,0,0,36,20,56,0,2,74,33,109,108,164,272,381
03/21/2019,VQQ,FL,ASO,ES,Federal Contract Tower,2,2,24,24,52,0,0,35,27,62,2,2,59,51,114,66,122,188,302
03/22/2019,VQQ,FL,ASO,ES,Federal Contract Tower,1,4,15,30,50,0,0,37,16,53,1,4,52,46,103,40,63,103,206
03/23/2019,VQQ,FL,ASO,ES,Federal Contract Tower,0,0,24,9,33,0,0,33,5,38,0,0,57,14,71,100,6,106,177
03/24/2019,VQQ,FL,ASO,ES,Federal Contract Tower,0,0,9,12,21,0,0,30,2,32,0,0,39,14,53,56,0,56,109
03/25/2019,VQQ,FL,ASO,ES,Federal Contract Tower,6,2,21,14,43,0,0,31,31,62,6,2,52,45,105,128,132,260,365
03/26/2019,VQQ,FL,ASO,ES,Federal Contract Tower,5,2,35,29,71,0,0,20,35,55,5,2,55,64,126,64,208,272,398
03/27/2019,VQQ,FL,ASO,ES,Federal Contract Tower,2,4,4,13,23,0,0,4,38,42,2,4,8,51,65,8,212,220,285
03/28/2019,VQQ,FL,ASO,ES,Federal Contract Tower,0,2,43,27,72,0,2,19,28,49,0,4,62,55,121,60,128,188,309
03/29/2019,VQQ,FL,ASO,ES,Federal Contract Tower,1,3,70,29,103,0,0,51,28,79,1,3,121,57,182,95,30,125,307
03/30/2019,VQQ,FL,ASO,ES,Federal Contract Tower,1,0,11,0,12,0,0,33,0,33,1,0,44,0,45,60,0,60,105
03/31/2019,VQQ,FL,ASO,ES,Federal Contract Tower,0,0,7,0,7,0,0,9,0,9,0,0,16,0,16,20,0,20,36
04/01/2019,VQQ,FL,ASO,ES,Federal Contract Tower,1,2,12,40,55,0,0,0,21,21,1,2,12,61,76,0,10,10,86
04/02/2019,VQQ,FL,ASO,ES,Federal Contract Tower,0,4,42,16,62,0,0,15,26,41,0,4,57,42,103,36,220,256,359
04/03/2019,VQQ,FL,ASO,ES,Federal Contract Tower,0,4,44,10,58,0,0,56,38,94,0,4,100,48,152,218,122,340,492
04/04/2019,VQQ,FL,ASO,ES,Federal Contract Tower,0,2,25,9,36,0,0,32,38,70,0,2,57,47,106,118,74,192,298
04/05/2019,VQQ,FL,ASO,ES,Federal Contract Tower,0,2,15,41,58,0,0,12,13,25,0,2,27,54,83,70,73,143,226
04/06/2019,VQQ,FL,ASO,ES,Federal Contract Tower,3,0,15,6,24,0,0,38,25,63,3,0,53,31,87,90,6,96,183
04/07/2019,VQQ,FL,ASO,ES,Federal Contract Tower,1,0,2,26,29,0,0,27,13,40,1,0,29,39,69,50,4,54,123
04/08/2019,VQQ,FL,ASO,ES,Federal Contract Tower,1,2,11,20,34,0,0,30,26,56,1,2,41,46,90,37,46,83,173
04/09/2019,VQQ,FL,ASO,ES,Federal Contract Tower,2,2,16,14,34,0,0,12,27,39,2,2,28,41,73,30,21,51,124
04/10/2019,VQQ,FL,ASO,ES,Federal Contract Tower,0,4,52,26,82,0,0,39,53,92,0,4,91,79,174,96,124,220,394
04/11/2019,VQQ,FL,ASO,ES,Federal Contract Tower,4,2,44,6,56,0,0,35,42,77,4,2,79,48,133,90,80,170,303
04/12/2019,VQQ,FL,ASO,ES,Federal Contract Tower,0,2,18,17,37,0,0,26,14,40,0,2,44,31,77,46,118,164,241
04/13/2019,VQQ,FL,ASO,ES,Federal Contract Tower,2,0,22,13,37,0,0,27,19,46,2,0,49,32,83,108,112,220,303
04/14/2019,VQQ,FL,ASO,ES,Federal Contract Tower,2,0,13,10,25,0,0,14,2,16,2,0,27,12,41,42,18,60,101
04/15/2019,VQQ,FL,ASO,ES,Federal Contract Tower,10,2,43,26,81,0,0,24,24,48,10,2,67,50,129,112,152,264,393
04/16/2019,VQQ,FL,ASO,ES,Federal Contract Tower,3,2,24,22,51,0,0,87,30,117,3,2,111,52,168,274,118,392,560
04/17/2019,VQQ,FL,ASO,ES,Federal Contract Tower,0,2,32,12,46,0,0,64,47,111,0,2,96,59,157,180,346,526,683
04/18/2019,VQQ,FL,ASO,ES,Federal Contract Tower,3,2,36,13,54,0,2,58,34,94,3,4,94,47,148,180,214,394,542
04/19/2019,VQQ,FL,ASO,ES,Federal Contract Tower,6,2,2,0,10,0,0,0,12,12,6,2,2,12,22,0,6,6,28
04/20/2019,VQQ,FL,ASO,ES,Federal Contract Tower,2,0,19,4,25,0,0,23,0,23,2,0,42,4,48,52,0,52,100
04/21/2019,VQQ,FL,ASO,ES,Federal Contract Tower,0,0,9,4,13,0,0,17,0,17,0,0,26,4,30,41,0,41,71
04/22/2019,VQQ,FL,ASO,ES,Federal Contract Tower,2,2,52,3,59,0,0,58,13,71,2,2,110,16,130,220,22,242,372
04/23/2019,VQQ,FL,ASO,ES,Federal Contract Tower,1,2,42,7,52,0,0,79,21,100,1,2,121,28,152,302,94,396,548
04/24/2019,VQQ,FL,ASO,ES,Federal Contract Tower,0,2,63,22,87,0,0,66,34,100,0,2,129,56,187,236,338,574,761
04/25/2019,VQQ,FL,ASO,ES,Federal Contract Tower,3,2,29,17,51,0,0,47,44,91,3,2,76,61,142,200,142,342,484
04/26/2019,VQQ,FL,ASO,ES,Federal Contract Tower,2,2,31,16,51,0,0,13,13,26,2,2,44,29,77,49,70,119,196
04/27/2019,VQQ,FL,ASO,ES,Federal Contract Tower,5,0,29,0,34,0,0,53,1,54,5,0,82,1,88,172,0,172,260
04/28/2019,VQQ,FL,ASO,ES,Federal Contract Tower,6,0,26,10,42,0,0,36,0,36,6,0,62,10,78,110,2,112,190
04/29/2019,VQQ,FL,ASO,ES,Federal Contract Tower,8,2,56,9,75,0,0,42,29,71,8,2,98,38,146,112,42,154,300
04/30/2019,VQQ,FL,ASO,ES,Federal Contract Tower,2,4,52,31,89,6,0,23,35,64,8,4,75,66,153,175,159,334,487
05/01/2019,VQQ,FL,ASO,ES,Federal Contract Tower,2,2,32,25,61,0,0,43,102,145,2,2,75,127,206,178,84,262,468
05/02/2019,VQQ,FL,ASO,ES,Federal Contract Tower,2,2,17,63,84,0,0,9,67,76,2,2,26,130,160,47,102,149,309
05/03/2019,VQQ,FL,ASO,ES,Federal Contract Tower,2,4,16,50,72,0,0,8,30,38,2,4,24,80,110,41,114,155,265
05/04/2019,VQQ,FL,ASO,ES,Federal Contract Tower,2,0,12,52,66,0,0,10,26,36,2,0,22,78,102,64,34,98,200
05/05/2019,VQQ,FL,ASO,ES,Federal Contract Tower,0,0,12,30,42,0,0,2,6,8,0,0,14,36,50,2,6,8,58
05/06/2019,VQQ,FL,ASO,ES,Federal Contract Tower,0,2,30,68,100,0,0,25,7,32,0,2,55,75,132,80,52,132,264
05/07/2019,VQQ,FL,ASO,ES,Federal Contract Tower,0,2,37,64,103,0,0,42,17,59,0,2,79,81,162,88,84,172,334
05/08/2019,VQQ,FL,ASO,ES,Federal Contract Tower,3,2,29,69,103,0,0,54,33,87,3,2,83,102,190,142,129,271,461
05/09/2019,VQQ,FL,ASO,ES,Federal Contract Tower,0,2,27,23,52,0,0,26,28,54,0,2,53,51,106,136,164,300,406
05/10/2019,VQQ,FL,ASO,ES,Federal Contract Tower,2,3,16,17,38,0,0,27,3,30,2,3,43,20,68,150,66,216,284
05/11/2019,VQQ,FL,ASO,ES,Federal Contract Tower,3,0,17,1,21,0,0,22,0,22,3,0,39,1,43,110,0,110,153
05/12/2019,VQQ,FL,ASO,ES,Federal Contract Tower,1,0,7,2,10,0,0,6,0,6,1,0,13,2,16,16,0,16,32
05/13/2019,VQQ,FL,ASO,ES,Federal Contract Tower,0,2,16,16,34,0,0,0,10,10,0,2,16,26,44,0,6,6,50
05/14/2019,VQQ,FL,ASO,ES,Federal Contract Tower,3,2,66,30,101,0,0,42,49,91,3,2,108,79,192,185,156,341,533
05/15/2019,VQQ,FL,ASO,ES,Federal Contract Tower,0,2,29,29,60,0,0,49,35,84,0,2,78,64,144,238,140,378,522
05/16/2019,VQQ,FL,ASO,ES,Federal Contract Tower,0,2,42,17,61,0,2,49,30,81,0,4,91,47,142,136,132,268,410
05/17/2019,VQQ,FL,ASO,ES,Federal Contract Tower,0,2,36,21,59,0,0,41,12,53,0,2,77,33,112,163,38,201,313
05/18/2019,VQQ,FL,ASO,ES,Federal Contract Tower,0,0,26,3,29,0,0,30,1,31,0,0,56,4,60,162,0,162,222
05/19/2019,VQQ,FL,ASO,ES,Federal Contract Tower,0,0,18,25,43,0,0,21,4,25,0,0,39,29,68,30,18,48,116
05/20/2019,VQQ,FL,ASO,ES,Federal Contract Tower,0,2,20,3,25,0,0,20,13,33,0,2,40,16,58,104,8,112,170
05/21/2019,VQQ,FL,ASO,ES,Federal Contract Tower,0,2,27,2,31,0,0,63,19,82,0,2,90,21,113,258,60,318,431
05/22/2019,VQQ,FL,ASO,ES,Federal Contract Tower,2,3,22,11,38,0,0,48,22,70,2,3,70,33,108,136,154,290,398
05/23/2019,VQQ,FL,ASO,ES,Federal Contract Tower,0,2,30,7,39,0,0,31,20,51,0,2,61,27,90,97,146,243,333
05/24/2019,VQQ,FL,ASO,ES,Federal Contract Tower,0,2,14,6,22,0,0,42,19,61,0,2,56,25,83,112,62,174,257
05/25/2019,VQQ,FL,ASO,ES,Federal Contract Tower,3,0,5,2,10,0,0,15,1,16,3,0,20,3,26,68,0,68,94
05/26/2019,VQQ,FL,ASO,ES,Federal Contract Tower,2,0,10,0,12,0,0,18,2,20,2,0,28,2,32,49,0,49,81
05/27/2019,VQQ,FL,ASO,ES,Federal Contract Tower,1,0,19,2,22,0,0,36,2,38,1,0,55,4,60,94,0,94,154
05/28/2019,VQQ,FL,ASO,ES,Federal Contract Tower,0,2,17,9,28,0,0,37,15,52,0,2,54,24,80,218,18,236,316
05/29/2019,VQQ,FL,ASO,ES,Federal Contract Tower,0,2,9,31,42,0,0,42,26,68,0,2,51,57,110,232,182,414,524
05/30/2019,VQQ,FL,ASO,ES,Federal Contract Tower,0,2,18,20,40,0,0,37,37,74,0,2,55,57,114,238,126,364,478
05/31/2019,VQQ,FL,ASO,ES,Federal Contract Tower,1,2,29,28,60,0,0,18,27,45,1,2,47,55,105,87,230,317,422
06/01/2019,VQQ,FL,ASO,ES,Federal Contract Tower,0,0,19,8,27,0,0,11,2,13,0,0,30,10,40,38,2,40,80
06/02/2019,VQQ,FL,ASO,ES,Federal Contract Tower,2,1,6,14,23,0,0,10,1,11,2,1,16,15,34,24,18,42,76
06/03/2019,VQQ,FL,ASO,ES,Federal Contract Tower,2,2,30,29,63,0,0,52,3,55,2,2,82,32,118,131,102,233,351
06/04/2019,VQQ,FL,ASO,ES,Federal Contract Tower,1,2,13,17,33,0,0,37,35,72,1,2,50,52,105,127,263,390,495
06/05/2019,VQQ,FL,ASO,ES,Federal Contract Tower,2,2,40,30,74,0,0,26,49,75,2,2,66,79,149,56,196,252,401
06/06/2019,VQQ,FL,ASO,ES,Federal Contract Tower,6,2,23,25,56,0,0,27,36,63,6,2,50,61,119,110,125,235,354
06/07/2019,VQQ,FL,ASO,ES,Federal Contract Tower,6,2,14,15,37,0,0,33,32,65,6,2,47,47,102,118,109,227,329
06/08/2019,VQQ,FL,ASO,ES,Federal Contract Tower,3,0,2,10,15,0,0,12,7,19,3,0,14,17,34,46,54,100,134
06/09/2019,VQQ,FL,ASO,ES,Federal Contract Tower,1,1,3,15,20,0,0,1,0,1,1,1,4,15,21,0,0,0,21
06/10/2019,VQQ,FL,ASO,ES,Federal Contract Tower,1,4,14,29,48,0,0,31,81,112,1,4,45,110,160,73,269,342,502
06/11/2019,VQQ,FL,ASO,ES,Federal Contract Tower,2,2,10,23,37,0,0,9,63,72,2,2,19,86,109,44,28,72,181
06/12/2019,VQQ,FL,ASO,ES,Federal Contract Tower,0,4,4,1,9,0,0,2,40,42,0,4,6,41,51,14,162,176,227
06/13/2019,VQQ,FL,ASO,ES,Federal Contract Tower,2,4,19,50,75,0,0,20,61,81,2,4,39,111,156,86,66,152,308
06/14/2019,VQQ,FL,ASO,ES,Federal Contract Tower,0,2,30,54,86,0,1,49,6,56,0,3,79,60,142,157,65,222,364
06/15/2019,VQQ,FL,ASO,ES,Federal Contract Tower,0,0,15,47,62,0,2,40,1,43,0,2,55,48,105,108,0,108,213
06/16/2019,VQQ,FL,ASO,ES,Federal Contract Tower,0,0,5,31,36,0,0,9,1,10,0,0,14,32,46,52,0,52,98
06/17/2019,VQQ,FL,ASO,ES,Federal Contract Tower,0,2,11,4,17,0,0,24,15,39,0,2,35,19,56,146,34,180,236
06/18/2019,VQQ,FL,ASO,ES,Federal Contract Tower,5,2,26,45,78,0,0,6,39,45,5,2,32,84,123,2,184,186,309
06/19/2019,VQQ,FL,ASO,ES,Federal Contract Tower,0,2,14,17,33,0,0,10,20,30,0,2,24,37,63,38,72,110,173
06/20/2019,VQQ,FL,ASO,ES,Federal Contract Tower,2,2,10,5,19,0,0,6,19,25,2,2,16,24,44,12,74,86,130
06/21/2019,VQQ,FL,ASO,ES,Federal Contract Tower,1,2,22,27,52,0,0,23,28,51,1,2,45,55,103,92,220,312,415
06/22/2019,VQQ,FL,ASO,ES,Federal Contract Tower,0,0,18,6,24,0,0,27,1,28,0,0,45,7,52,64,2,66,118
06/23/2019,VQQ,FL,ASO,ES,Federal Contract Tower,0,0,14,18,32,0,0,21,6,27,0,0,35,24,59,116,42,158,217
06/24/2019,VQQ,FL,ASO,ES,Federal Contract Tower,0,2,35,18,55,0,0,29,22,51,0,2,64,40,106,76,113,189,295
06/25/2019,VQQ,FL,ASO,ES,Federal Contract Tower,1,2,32,17,52,0,2,28,32,62,1,4,60,49,114,126,190,316,430
06/26/2019,VQQ,FL,ASO,ES,Federal Contract Tower,0,2,21,11,34,0,0,97,32,129,0,2,118,43,163,214,108,322,485
06/27/2019,VQQ,FL,ASO,ES,Federal Contract Tower,3,2,31,5,41,0,0,46,26,72,3,2,77,31,113,86,214,300,413
06/28/2019,VQQ,FL,ASO,ES,Federal Contract Tower,3,2,14,23,42,0,0,11,20,31,3,2,25,43,73,51,85,136,209
06/29/2019,VQQ,FL,ASO,ES,Federal Contract Tower,2,0,12,15,29,0,0,19,2,21,2,0,31,17,50,50,14,64,114
06/30/2019,VQQ,FL,ASO,ES,Federal Contract Tower,1,1,11,4,17,0,0,11,0,11,1,1,22,4,28,38,0,38,66
07/01/2019,VQQ,FL,ASO,ES,Federal Contract Tower,1,3,25,20,49,0,0,48,13,61,1,3,73,33,110,158,75,233,343
07/02/2019,VQQ,FL,ASO,ES,Federal Contract Tower,0,2,36,11,49,0,0,31,27,58,0,2,67,38,107,89,158,247,354
07/03/2019,VQQ,FL,ASO,ES,Federal Contract Tower,0,2,21,10,33,0,0,39,16,55,0,2,60,26,88,216,58,274,362
07/04/2019,VQQ,FL,ASO,ES,Federal Contract Tower,0,0,14,0,14,0,0,17,0,17,0,0,31,0,31,46,0,46,77
07/05/2019,VQQ,FL,ASO,ES,Federal Contract Tower,0,2,16,0,18,0,0,9,0,9,0,2,25,0,27,48,0,48,75
07/06/2019,VQQ,FL,ASO,ES,Federal Contract Tower,0,0,12,2,14,0,0,18,1,19,0,0,30,3,33,44,0,44,77
07/07/2019,VQQ,FL,ASO,ES,Federal Contract Tower,2,0,15,4,21,0,0,2,0,2,2,0,17,4,23,4,0,4,27
07/08/2019,VQQ,FL,ASO,ES,Federal Contract Tower,2,6,35,8,51,3,0,10,25,38,5,6,45,33,89,21,102,123,212
07/09/2019,VQQ,FL,ASO,ES,Federal Contract Tower,0,2,13,23,38,0,0,19,24,43,0,2,32,47,81,46,132,178,259
07/10/2019,VQQ,FL,ASO,ES,Federal Contract Tower,0,2,21,11,34,0,0,22,43,65,0,2,43,54,99,116,168,284,383
07/11/2019,VQQ,FL,ASO,ES,Federal Contract Tower,2,2,23,29,56,0,0,36,44,80,2,2,59,73,136,106,196,302,438
07/12/2019,VQQ,FL,ASO,ES,Federal Contract Tower,0,2,21,17,40,0,0,36,14,50,0,2,57,31,90,64,36,100,190
07/13/2019,VQQ,FL,ASO,ES,Federal Contract Tower,0,0,4,16,20,0,0,21,18,39,0,0,25,34,59,58,152,210,269
07/14/2019,VQQ,FL,ASO,ES,Federal Contract Tower,0,0,10,5,15,0,0,24,8,32,0,0,34,13,47,52,70,122,169
07/15/2019,VQQ,FL,ASO,ES,Federal Contract Tower,1,2,30,4,37,0,0,29,17,46,1,2,59,21,83,84,34,118,201
07/16/2019,VQQ,FL,ASO,ES,Federal Contract Tower,0,2,27,64,93,0,0,42,28,70,0,2,69,92,163,106,182,288,451
07/17/2019,VQQ,FL,ASO,ES,Federal Contract Tower,2,2,11,18,33,0,0,30,31,61,2,2,41,49,94,92,170,262,356
07/18/2019,VQQ,FL,ASO,ES,Federal Contract Tower,1,3,18,9,31,0,0,20,34,54,1,3,38,43,85,124,134,258,343
07/19/2019,VQQ,FL,ASO,ES,Federal Contract Tower,2,2,13,9,26,0,0,19,12,31,2,2,32,21,57,88,34,122,179
07/20/2019,VQQ,FL,ASO,ES,Federal Contract Tower,2,0,19,6,27,0,0,30,4,34,2,0,49,10,61,74,20,94,155
07/21/2019,VQQ,FL,ASO,ES,Federal Contract Tower,1,0,4,14,19,0,0,18,4,22,1,0,22,18,41,45,26,71,112
07/22/2019,VQQ,FL,ASO,ES,Federal Contract Tower,0,2,24,10,36,0,0,18,25,43,0,2,42,35,79,114,120,234,313
07/23/2019,VQQ,FL,ASO,ES,Federal Contract Tower,2,2,13,22,39,0,0,24,30,54,2,2,37,52,93,108,112,220,313
07/24/2019,VQQ,FL,ASO,ES,Federal Contract Tower,0,2,5,14,21,0,0,4,21,25,0,2,9,35,46,4,62,66,112
07/25/2019,VQQ,FL,ASO,ES,Federal Contract Tower,0,2,20,24,46,0,0,18,39,57,0,2,38,63,103,92,128,220,323
07/26/2019,VQQ,FL,ASO,ES,Federal Contract Tower,0,2,10,17,29,0,0,21,20,41,0,2,31,37,70,54,72,126,196
07/27/2019,VQQ,FL,ASO,ES,Federal Contract Tower,1,0,20,2,23,0,0,17,1,18,1,0,37,3,41,10,8,18,59
07/28/2019,VQQ,FL,ASO,ES,Federal Contract Tower,1,0,18,1,20,0,0,7,0,7,1,0,25,1,27,39,0,39,66
07/29/2019,VQQ,FL,ASO,ES,Federal Contract Tower,0,2,36,6,44,0,0,42,37,79,0,2,78,43,123,164,142,306,429
07/30/2019,VQQ,FL,ASO,ES,Federal Contract Tower,3,2,41,17,63,0,0,35,39,74,3,2,76,56,137,190,138,328,465
07/31/2019,VQQ,FL,ASO,ES,Federal Contract Tower,6,2,25,25,58,0,0,31,33,64,6,2,56,58,122,114,130,244,366
08/01/2019,VQQ,FL,ASO,ES,Federal Contract Tower,6,2,26,10,44,0,0,25,38,63,6,2,51,48,107,116,306,422,529
08/02/2019,VQQ,FL,ASO,ES,Federal Contract Tower,2,2,16,2,22,0,0,16,2,18,2,2,32,4,40,63,36,99,139
08/03/2019,VQQ,FL,ASO,ES,Federal Contract Tower,2,0,11,8,21,0,0,17,5,22,2,0,28,13,43,88,26,114,157
08/04/2019,VQQ,FL,ASO,ES,Federal Contract Tower,2,0,12,6,20,0,0,14,6,20,2,0,26,12,40,50,8,58,98
08/05/2019,VQQ,FL,ASO,ES,Federal Contract Tower,3,2,29,16,50,0,0,28,13,41,3,2,57,29,91,93,84,177,268
08/06/2019,VQQ,FL,ASO,ES,Federal Contract Tower,0,2,14,4,20,0,0,22,30,52,0,2,36,34,72,98,160,258,330
08/07/2019,VQQ,FL,ASO,ES,Federal Contract Tower,3,2,30,28,63,0,0,17,33,50,3,2,47,61,113,50,210,260,373
08/08/2019,VQQ,FL,ASO,ES,Federal Contract Tower,2,2,28,25,57,0,0,16,34,50,2,2,44,59,107,36,122,158,265
08/09/2019,VQQ,FL,ASO,ES,Federal Contract Tower,0,4,31,30,65,0,0,29,21,50,0,4,60,51,115,150,56,206,321
08/10/2019,VQQ,FL,ASO,ES,Federal Contract Tower,0,0,9,6,15,0,0,28,5,33,0,0,37,11,48,68,20,88,136
08/11/2019,VQQ,FL,ASO,ES,Federal Contract Tower,0,0,5,8,13,0,0,17,6,23,0,0,22,14,36,52,16,68,104
08/12/2019,VQQ,FL,ASO,ES,Federal Contract Tower,0,2,41,11,54,0,0,50,30,80,0,2,91,41,134,224,128,352,486
08/13/2019,VQQ,FL,ASO,ES,Federal Contract Tower,0,2,16,12,30,0,0,49,30,79,0,2,65,42,109,164,166,330,439
08/14/2019,VQQ,FL,ASO,ES,Federal Contract Tower,0,3,21,23,47,0,0,35,57,92,0,3,56,80,139,158,211,369,508
08/15/2019,VQQ,FL,ASO,ES,Federal Contract Tower,5,2,15,33,55,0,0,17,32,49,5,2,32,65,104,76,174,250,354
08/16/2019,VQQ,FL,ASO,ES,Federal Contract Tower,0,4,25,4,33,0,0,1,11,12,0,4,26,15,45,8,100,108,153
08/17/2019,VQQ,FL,ASO,ES,Federal Contract Tower,0,0,4,4,8,0,0,2,0,2,0,0,6,4,10,10,0,10,20
08/18/2019,VQQ,FL,ASO,ES,Federal Contract Tower,0,0,12,6,18,0,0,17,4,21,0,0,29,10,39,58,22,80,119
08/19/2019,VQQ,FL,ASO,ES,Federal Contract Tower,1,2,24,16,43,0,0,35,37,72,1,2,59,53,115,96,334,430,545
08/20/2019,VQQ,FL,ASO,ES,Federal Contract Tower,7,2,22,20,51,0,0,27,30,57,7,2,49,50,108,146,66,212,320
08/21/2019,VQQ,FL,ASO,ES,Federal Contract Tower,3,3,21,27,54,0,0,45,37,82,3,3,66,64,136,158,72,230,366
08/22/2019,VQQ,FL,ASO,ES,Federal Contract Tower,5,2,25,22,54,0,0,35,93,128,5,2,60,115,182,82,154,236,418
08/23/2019,VQQ,FL,ASO,ES,Federal Contract Tower,2,2,21,43,68,0,0,43,50,93,2,2,64,93,161,128,44,172,333
08/24/2019,VQQ,FL,ASO,ES,Federal Contract Tower,0,0,13,47,60,0,0,28,9,37,0,0,41,56,97,98,10,108,205
08/25/2019,VQQ,FL,ASO,ES,Federal Contract Tower,1,0,5,43,49,0,0,5,5,10,1,0,10,48,59,24,2,26,85
08/26/2019,VQQ,FL,ASO,ES,Federal Contract Tower,0,2,29,62,93,0,0,22,19,41,0,2,51,81,134,96,136,232,366
08/27/2019,VQQ,FL,ASO,ES,Federal Contract Tower,2,2,10,23,37,0,0,28,36,64,2,2,38,59,101,180,100,280,381
08/28/2019,VQQ,FL,ASO,ES,Federal Contract Tower,0,2,20,23,45,0,0,8,28,36,0,2,28,51,81,42,276,318,399
08/29/2019,VQQ,FL,ASO,ES,Federal Contract Tower,0,2,25,14,41,0,0,34,18,52,0,2,59,32,93,162,78,240,333
08/30/2019,VQQ,FL,ASO,ES,Federal Contract Tower,1,2,18,4,25,0,0,16,2,18,1,2,34,6,43,41,2,43,86
08/31/2019,VQQ,FL,ASO,ES,Federal Contract Tower,1,0,13,2,16,0,0,9,4,13,1,0,22,6,29,26,2,28,57
09/01/2019,VQQ,FL,ASO,ES,Federal Contract Tower,2,0,1,0,3,0,0,3,10,13,2,0,4,10,16,6,0,6,22
09/02/2019,VQQ,FL,ASO,ES,Federal Contract Tower,1,0,7,1,9,0,0,4,7,11,1,0,11,8,20,2,0,2,22
09/03/2019,VQQ,FL,ASO,ES,Federal Contract Tower,0,0,1,1,2,0,0,1,2,3,0,0,2,3,5,0,0,0,5
09/04/2019,VQQ,FL,ASO,ES,Federal Contract Tower,0,0,0,0,0,0,0,0,0,0,0,0,0,0,0,0,0,0,0
09/05/2019,VQQ,FL,ASO,ES,Federal Contract Tower,2,2,14,14,32,0,0,5,8,13,2,2,19,22,45,0,12,12,57
09/06/2019,VQQ,FL,ASO,ES,Federal Contract Tower,1,2,18,14,35,0,0,24,16,40,1,2,42,30,75,63,52,115,190
09/07/2019,VQQ,FL,ASO,ES,Federal Contract Tower,2,0,13,0,15,0,0,19,2,21,2,0,32,2,36,54,0,54,90
09/08/2019,VQQ,FL,ASO,ES,Federal Contract Tower,1,0,14,0,15,0,0,14,5,19,1,0,28,5,34,20,0,20,54
09/09/2019,VQQ,FL,ASO,ES,Federal Contract Tower,0,2,22,1,25,0,0,26,2,28,0,2,48,3,53,110,12,122,175
09/10/2019,VQQ,FL,ASO,ES,Federal Contract Tower,3,2,28,38,71,0,0,39,41,80,3,2,67,79,151,156,229,385,536
09/11/2019,VQQ,FL,ASO,ES,Federal Contract Tower,6,2,23,11,42,0,0,28,29,57,6,2,51,40,99,78,184,262,361
09/12/2019,VQQ,FL,ASO,ES,Federal Contract Tower,8,2,35,11,56,0,0,32,32,64,8,2,67,43,120,134,72,206,326
09/13/2019,VQQ,FL,ASO,ES,Federal Contract Tower,3,2,35,16,56,0,0,20,20,40,3,2,55,36,96,70,30,100,196
09/14/2019,VQQ,FL,ASO,ES,Federal Contract Tower,4,0,4,2,10,0,0,8,0,8,4,0,12,2,18,16,0,16,34
09/15/2019,VQQ,FL,ASO,ES,Federal Contract Tower,1,0,5,2,8,0,0,3,1,4,1,0,8,3,12,8,30,38,50
09/16/2019,VQQ,FL,ASO,ES,Federal Contract Tower,1,2,32,26,61,0,0,22,27,49,1,2,54,53,110,50,104,154,264
09/17/2019,VQQ,FL,ASO,ES,Federal Contract Tower,1,2,41,21,65,0,0,41,21,62,1,2,82,42,127,70,127,197,324
09/18/2019,VQQ,FL,ASO,ES,Federal Contract Tower,3,2,24,6,35,0,0,35,20,55,3,2,59,26,90,62,62,124,214
09/19/2019,VQQ,FL,ASO,ES,Federal Contract Tower,2,2,16,36,56,0,0,33,25,58,2,2,49,61,114,102,48,150,264
09/20/2019,VQQ,FL,ASO,ES,Federal Contract Tower,4,2,19,27,52,0,0,30,20,50,4,2,49,47,102,72,12,84,186
09/21/2019,VQQ,FL,ASO,ES,Federal Contract Tower,2,0,8,4,14,0,0,16,1,17,2,0,24,5,31,14,0,14,45
09/22/2019,VQQ,FL,ASO,ES,Federal Contract Tower,0,0,15,9,24,0,0,24,6,30,0,0,39,15,54,58,8,66,120
09/23/2019,VQQ,FL,ASO,ES,Federal Contract Tower,0,2,27,27,56,0,0,59,22,81,0,2,86,49,137,106,76,182,319
09/24/2019,VQQ,FL,ASO,ES,Federal Contract Tower,7,2,58,15,82,0,0,47,20,67,7,2,105,35,149,42,130,172,321
09/25/2019,VQQ,FL,ASO,ES,Federal Contract Tower,3,2,32,20,57,2,0,27,30,59,5,2,59,50,116,82,160,242,358
09/26/2019,VQQ,FL,ASO,ES,Federal Contract Tower,3,2,20,8,33,0,0,37,30,67,3,2,57,38,100,70,134,204,304
09/27/2019,VQQ,FL,ASO,ES,Federal Contract Tower,2,2,18,6,28,0,0,25,16,41,2,2,43,22,69,115,78,193,262
09/28/2019,VQQ,FL,ASO,ES,Federal Contract Tower,2,0,12,4,18,0,0,16,3,19,2,0,28,7,37,68,0,68,105
09/29/2019,VQQ,FL,ASO,ES,Federal Contract Tower,1,0,14,4,19,0,0,30,5,35,1,0,44,9,54,72,70,142,196
09/30/2019,VQQ,FL,ASO,ES,Federal Contract Tower,0,2,19,10,31,0,0,31,27,58,0,2,50,37,89,24,40,64,153
10/01/2019,VQQ,FL,ASO,ES,Federal Contract Tower,2,2,24,29,57,0,0,25,22,47,2,2,49,51,104,48,38,86,190
10/02/2019,VQQ,FL,ASO,ES,Federal Contract Tower,1,2,37,15,55,0,0,52,27,79,1,2,89,42,134,89,106,195,329
10/03/2019,VQQ,FL,ASO,ES,Federal Contract Tower,1,2,14,37,54,0,0,26,29,55,1,2,40,66,109,168,101,269,378
10/04/2019,VQQ,FL,ASO,ES,Federal Contract Tower,3,3,33,22,61,0,0,40,32,72,3,3,73,54,133,150,128,278,411
10/05/2019,VQQ,FL,ASO,ES,Federal Contract Tower,4,0,16,4,24,0,0,20,0,20,4,0,36,4,44,98,0,98,142
10/06/2019,VQQ,FL,ASO,ES,Federal Contract Tower,1,1,10,4,16,0,0,8,0,8,1,1,18,4,24,8,0,8,32
10/07/2019,VQQ,FL,ASO,ES,Federal Contract Tower,0,4,8,0,12,0,0,0,0,0,0,4,8,0,12,0,0,0,12
10/08/2019,VQQ,FL,ASO,ES,Federal Contract Tower,11,4,41,8,64,0,0,16,31,47,11,4,57,39,111,22,94,116,227
10/09/2019,VQQ,FL,ASO,ES,Federal Contract Tower,1,2,23,23,49,0,0,18,39,57,1,2,41,62,106,92,126,218,324
10/10/2019,VQQ,FL,ASO,ES,Federal Contract Tower,6,2,15,19,42,0,0,42,35,77,6,2,57,54,119,126,92,218,337
10/11/2019,VQQ,FL,ASO,ES,Federal Contract Tower,2,2,26,10,40,0,1,41,11,53,2,3,67,21,93,156,28,184,277
10/12/2019,VQQ,FL,ASO,ES,Federal Contract Tower,0,0,42,2,44,0,0,32,1,33,0,0,74,3,77,48,0,48,125
10/13/2019,VQQ,FL,ASO,ES,Federal Contract Tower,1,3,18,6,28,0,0,19,2,21,1,3,37,8,49,39,0,39,88
10/14/2019,VQQ,FL,ASO,ES,Federal Contract Tower,2,3,39,1,45,0,0,62,0,62,2,3,101,1,107,200,0,200,307
10/15/2019,VQQ,FL,ASO,ES,Federal Contract Tower,4,3,29,11,47,0,0,21,24,45,4,3,50,35,92,144,122,266,358
10/16/2019,VQQ,FL,ASO,ES,Federal Contract Tower,2,2,9,11,24,0,0,12,37,49,2,2,21,48,73,20,136,156,229
10/17/2019,VQQ,FL,ASO,ES,Federal Contract Tower,2,2,54,33,91,0,0,54,28,82,2,2,108,61,173,107,208,315,488
10/18/2019,VQQ,FL,ASO,ES,Federal Contract Tower,0,2,38,19,59,0,0,32,12,44,0,2,70,31,103,88,16,104,207
10/19/2019,VQQ,FL,ASO,ES,Federal Contract Tower,0,0,8,0,8,0,0,0,4,4,0,0,8,4,12,38,0,38,50
10/20/2019,VQQ,FL,ASO,ES,Federal Contract Tower,0,0,26,0,26,0,0,16,0,16,0,0,42,0,42,42,0,42,84
10/21/2019,VQQ,FL,ASO,ES,Federal Contract Tower,0,2,36,6,44,0,0,30,18,48,0,2,66,24,92,76,102,178,270
10/22/2019,VQQ,FL,ASO,ES,Federal Contract Tower,0,2,17,4,23,0,0,7,26,33,0,2,24,30,56,2,52,54,110
10/23/2019,VQQ,FL,ASO,ES,Federal Contract Tower,4,4,26,37,71,0,0,61,35,96,4,4,87,72,167,186,90,276,443
10/24/2019,VQQ,FL,ASO,ES,Federal Contract Tower,0,2,52,43,97,0,0,28,29,57,0,2,80,72,154,200,184,384,538
10/25/2019,VQQ,FL,ASO,ES,Federal Contract Tower,5,7,25,17,54,0,0,56,25,81,5,7,81,42,135,180,130,310,445
10/26/2019,VQQ,FL,ASO,ES,Federal Contract Tower,0,1,14,9,24,0,0,12,9,21,0,1,26,18,45,52,6,58,103
10/27/2019,VQQ,FL,ASO,ES,Federal Contract Tower,1,0,9,0,10,0,0,0,4,4,1,0,9,4,14,0,0,0,14
10/28/2019,VQQ,FL,ASO,ES,Federal Contract Tower,4,2,46,28,80,5,0,44,17,66,9,2,90,45,146,153,108,261,407
10/29/2019,VQQ,FL,ASO,ES,Federal Contract Tower,0,2,17,43,62,0,0,11,45,56,0,2,28,88,118,26,328,354,472
10/30/2019,VQQ,FL,ASO,ES,Federal Contract Tower,0,4,45,37,86,0,0,15,30,45,0,4,60,67,131,74,156,230,361
10/31/2019,VQQ,FL,ASO,ES,Federal Contract Tower,2,4,21,22,49,0,0,39,14,53,2,4,60,36,102,108,90,198,300
11/01/2019,VQQ,FL,ASO,ES,Federal Contract Tower,2,2,31,23,58,0,0,36,6,42,2,2,67,29,100,156,36,192,292
11/02/2019,VQQ,FL,ASO,ES,Federal Contract Tower,1,0,19,0,20,0,0,8,2,10,1,0,27,2,30,20,0,20,50
11/03/2019,VQQ,FL,ASO,ES,Federal Contract Tower,8,2,33,4,47,3,0,35,5,43,11,2,68,9,90,56,42,98,188
11/04/2019,VQQ,FL,ASO,ES,Federal Contract Tower,6,2,27,24,59,0,0,37,28,65,6,2,64,52,124,110,88,198,322
11/05/2019,VQQ,FL,ASO,ES,Federal Contract Tower,1,2,38,51,92,0,0,3,34,37,1,2,41,85,129,12,258,270,399
11/06/2019,VQQ,FL,ASO,ES,Federal Contract Tower,0,2,33,47,82,0,0,24,33,57,0,2,57,80,139,102,92,194,333
11/07/2019,VQQ,FL,ASO,ES,Federal Contract Tower,1,4,55,33,93,0,0,14,23,37,1,4,69,56,130,38,162,200,330
11/08/2019,VQQ,FL,ASO,ES,Federal Contract Tower,0,2,33,28,63,0,0,1,7,8,0,2,34,35,71,3,0,3,74
11/09/2019,VQQ,FL,ASO,ES,Federal Contract Tower,2,0,43,0,45,0,0,16,0,16,2,0,59,0,61,54,0,54,115
11/10/2019,VQQ,FL,ASO,ES,Federal Contract Tower,0,0,41,2,43,0,0,30,0,30,0,0,71,2,73,110,0,110,183
11/11/2019,VQQ,FL,ASO,ES,Federal Contract Tower,0,2,24,2,28,0,0,45,0,45,0,2,69,2,73,142,4,146,219
11/12/2019,VQQ,FL,ASO,ES,Federal Contract Tower,0,2,42,52,96,0,0,20,20,40,0,2,62,72,136,56,118,174,310
11/13/2019,VQQ,FL,ASO,ES,Federal Contract Tower,0,2,39,37,78,0,0,36,49,85,0,2,75,86,163,106,124,230,393
11/14/2019,VQQ,FL,ASO,ES,Federal Contract Tower,0,2,31,44,77,0,0,0,12,12,0,2,31,56,89,0,20,20,109
11/15/2019,VQQ,FL,ASO,ES,Federal Contract Tower,1,2,17,7,27,0,0,0,0,0,1,2,17,7,27,0,0,0,27
11/16/2019,VQQ,FL,ASO,ES,Federal Contract Tower,1,0,19,4,24,0,0,0,2,2,1,0,19,6,26,0,0,0,26
11/17/2019,VQQ,FL,ASO,ES,Federal Contract Tower,0,0,22,7,29,0,0,14,4,18,0,0,36,11,47,36,22,58,105
11/18/2019,VQQ,FL,ASO,ES,Federal Contract Tower,1,2,31,13,47,0,0,49,20,69,1,2,80,33,116,194,106,300,416
11/19/2019,VQQ,FL,ASO,ES,Federal Contract Tower,0,2,26,7,35,0,0,45,36,81,0,2,71,43,116,160,136,296,412
11/20/2019,VQQ,FL,ASO,ES,Federal Contract Tower,2,2,52,25,81,0,0,57,51,108,2,2,109,76,189,270,280,550,739
11/21/2019,VQQ,FL,ASO,ES,Federal Contract Tower,0,2,39,16,57,0,0,49,34,83,0,2,88,50,140,196,144,340,480
11/22/2019,VQQ,FL,ASO,ES,Federal Contract Tower,0,2,38,34,74,0,0,51,27,78,0,2,89,61,152,144,158,302,454
11/23/2019,VQQ,FL,ASO,ES,Federal Contract Tower,3,0,12,6,21,0,0,19,3,22,3,0,31,9,43,58,10,68,111
11/24/2019,VQQ,FL,ASO,ES,Federal Contract Tower,0,0,21,7,28,0,0,19,5,24,0,0,40,12,52,58,32,90,142
11/25/2019,VQQ,FL,ASO,ES,Federal Contract Tower,1,8,38,11,58,0,0,33,28,61,1,8,71,39,119,122,72,194,313
11/26/2019,VQQ,FL,ASO,ES,Federal Contract Tower,1,2,31,27,61,0,0,37,36,73,1,2,68,63,134,162,148,310,444
11/27/2019,VQQ,FL,ASO,ES,Federal Contract Tower,0,2,27,13,42,0,0,40,0,40,0,2,67,13,82,102,0,102,184
11/28/2019,VQQ,FL,ASO,ES,Federal Contract Tower,0,0,2,0,2,0,0,0,0,0,0,0,2,0,2,0,0,0,2
11/29/2019,VQQ,FL,ASO,ES,Federal Contract Tower,0,4,26,0,30,0,0,26,0,26,0,4,52,0,56,86,0,86,142
11/30/2019,VQQ,FL,ASO,ES,Federal Contract Tower,5,1,12,0,18,0,0,36,0,36,5,1,48,0,54,98,0,98,152
12/01/2019,VQQ,FL,ASO,ES,Federal Contract Tower,3,1,7,0,11,0,0,3,0,3,3,1,10,0,14,0,0,0,14
12/02/2019,VQQ,FL,ASO,ES,Federal Contract Tower,2,2,17,24,45,0,0,26,10,36,2,2,43,34,81,122,36,158,239
12/03/2019,VQQ,FL,ASO,ES,Federal Contract Tower,0,2,17,22,41,0,0,30,36,66,0,2,47,58,107,142,176,318,425
12/04/2019,VQQ,FL,ASO,ES,Federal Contract Tower,0,4,17,16,37,0,0,38,32,70,0,4,55,48,107,108,148,256,363
12/05/2019,VQQ,FL,ASO,ES,Federal Contract Tower,4,4,29,39,76,0,0,42,47,89,4,4,71,86,165,240,194,434,599
12/06/2019,VQQ,FL,ASO,ES,Federal Contract Tower,6,2,26,31,65,0,0,32,33,65,6,2,58,64,130,109,170,279,409
12/07/2019,VQQ,FL,ASO,ES,Federal Contract Tower,0,0,25,36,61,0,0,21,19,40,0,0,46,55,101,72,14,86,187
12/08/2019,VQQ,FL,ASO,ES,Federal Contract Tower,0,2,37,19,58,0,0,1,60,61,0,2,38,79,119,4,8,12,131
12/09/2019,VQQ,FL,ASO,ES,Federal Contract Tower,0,3,33,50,86,0,0,19,62,81,0,3,52,112,167,42,230,272,439
12/10/2019,VQQ,FL,ASO,ES,Federal Contract Tower,1,3,32,78,114,0,0,29,64,93,1,3,61,142,207,78,424,502,709
12/11/2019,VQQ,FL,ASO,ES,Federal Contract Tower,0,2,31,12,45,0,0,0,23,23,0,2,31,35,68,0,28,28,96
12/12/2019,VQQ,FL,ASO,ES,Federal Contract Tower,0,6,26,43,75,0,0,0,20,20,0,6,26,63,95,0,42,42,137
12/13/2019,VQQ,FL,ASO,ES,Federal Contract Tower,2,2,9,31,44,0,0,0,0,0,2,2,9,31,44,0,0,0,44
12/14/2019,VQQ,FL,ASO,ES,Federal Contract Tower,0,0,17,34,51,0,0,1,1,2,0,0,18,35,53,12,0,12,65
12/15/2019,VQQ,FL,ASO,ES,Federal Contract Tower,0,0,22,12,34,0,0,29,2,31,0,0,51,14,65,64,2,66,131
12/16/2019,VQQ,FL,ASO,ES,Federal Contract Tower,1,2,28,48,79,0,0,42,11,53,1,2,70,59,132,176,60,236,368
12/17/2019,VQQ,FL,ASO,ES,Federal Contract Tower,0,2,18,13,33,0,0,0,15,15,0,2,18,28,48,0,154,154,202
12/18/2019,VQQ,FL,ASO,ES,Federal Contract Tower,0,2,41,61,104,0,0,49,35,84,0,2,90,96,188,160,234,394,582
12/19/2019,VQQ,FL,ASO,ES,Federal Contract Tower,0,2,37,46,85,0,0,48,41,89,0,2,85,87,174,201,224,425,599
12/20/2019,VQQ,FL,ASO,ES,Federal Contract Tower,0,2,29,8,39,0,0,17,16,33,0,2,46,24,72,48,90,138,210
12/21/2019,VQQ,FL,ASO,ES,Federal Contract Tower,1,0,20,2,23,0,0,14,0,14,1,0,34,2,37,46,0,46,83
12/22/2019,VQQ,FL,ASO,ES,Federal Contract Tower,4,0,11,1,16,0,0,0,1,1,4,0,11,2,17,0,0,0,17
12/23/2019,VQQ,FL,ASO,ES,Federal Contract Tower,9,2,8,0,19,7,0,13,16,36,16,2,21,16,55,74,58,132,187
12/24/2019,VQQ,FL,ASO,ES,Federal Contract Tower,2,2,3,0,7,0,0,2,0,2,2,2,5,0,9,0,0,0,9
12/25/2019,VQQ,FL,ASO,ES,Federal Contract Tower,0,0,3,0,3,0,0,1,0,1,0,0,4,0,4,0,0,0,4
12/26/2019,VQQ,FL,ASO,ES,Federal Contract Tower,2,3,13,10,28,0,0,8,7,15,2,3,21,17,43,56,22,78,121
12/27/2019,VQQ,FL,ASO,ES,Federal Contract Tower,1,3,29,9,42,0,0,28,7,35,1,3,57,16,77,105,26,131,208
12/28/2019,VQQ,FL,ASO,ES,Federal Contract Tower,0,0,8,0,8,0,0,1,0,1,0,0,9,0,9,0,0,0,9
12/29/2019,VQQ,FL,ASO,ES,Federal Contract Tower,0,0,11,0,11,0,0,2,4,6,0,0,13,4,17,10,2,12,29
12/30/2019,VQQ,FL,ASO,ES,Federal Contract Tower,1,2,15,0,18,0,0,10,15,25,1,2,25,15,43,18,82,100,143
12/31/2019,VQQ,FL,ASO,ES,Federal Contract Tower,0,2,17,1,20,0,0,23,0,23,0,2,40,1,43,54,0,54,97
01/01/2020,VQQ,FL,ASO,ES,Federal Contract Tower,0,0,11,0,11,0,0,17,0,17,0,0,28,0,28,70,0,70,98
01/02/2020,VQQ,FL,ASO,ES,Federal Contract Tower,0,2,26,8,36,0,0,40,10,50,0,2,66,18,86,124,38,162,248
01/03/2020,VQQ,FL,ASO,ES,Federal Contract Tower,0,2,10,28,40,0,0,18,14,32,0,2,28,42,72,82,92,174,246
01/04/2020,VQQ,FL,ASO,ES,Federal Contract Tower,0,0,6,9,15,0,0,2,2,4,0,0,8,11,19,4,0,4,23
01/05/2020,VQQ,FL,ASO,ES,Federal Contract Tower,0,0,23,1,24,0,0,20,0,20,0,0,43,1,44,42,0,42,86
01/06/2020,VQQ,FL,ASO,ES,Federal Contract Tower,6,2,24,32,64,0,0,14,8,22,6,2,38,40,86,78,50,128,214
01/07/2020,VQQ,FL,ASO,ES,Federal Contract Tower,4,3,30,34,71,0,0,21,20,41,4,3,51,54,112,120,174,294,406
01/08/2020,VQQ,FL,ASO,ES,Federal Contract Tower,3,2,41,18,64,0,0,26,93,119,3,2,67,111,183,56,142,198,381
01/09/2020,VQQ,FL,ASO,ES,Federal Contract Tower,3,2,36,33,74,0,0,27,50,77,3,2,63,83,151,172,201,373,524
01/10/2020,VQQ,FL,ASO,ES,Federal Contract Tower,2,2,19,56,79,0,0,36,37,73,2,2,55,93,152,60,119,179,331
01/11/2020,VQQ,FL,ASO,ES,Federal Contract Tower,2,1,6,10,19,0,0,6,11,17,2,1,12,21,36,10,96,106,142
01/12/2020,VQQ,FL,ASO,ES,Federal Contract Tower,0,0,13,25,38,0,0,11,3,14,0,0,24,28,52,48,12,60,112
01/13/2020,VQQ,FL,ASO,ES,Federal Contract Tower,0,2,15,48,65,0,0,26,28,54,0,2,41,76,119,74,104,178,297
01/14/2020,VQQ,FL,ASO,ES,Federal Contract Tower,0,3,40,33,76,0,0,28,39,67,0,3,68,72,143,118,176,294,437
01/15/2020,VQQ,FL,ASO,ES,Federal Contract Tower,0,2,40,73,115,0,0,28,35,63,0,2,68,108,178,192,202,394,572
01/16/2020,VQQ,FL,ASO,ES,Federal Contract Tower,1,2,41,16,60,0,0,11,28,39,1,2,52,44,99,8,108,116,215
01/17/2020,VQQ,FL,ASO,ES,Federal Contract Tower,0,2,6,17,25,0,0,16,21,37,0,2,22,38,62,23,67,90,152
01/18/2020,VQQ,FL,ASO,ES,Federal Contract Tower,2,0,8,17,27,0,0,20,4,24,2,0,28,21,51,84,44,128,179
01/19/2020,VQQ,FL,ASO,ES,Federal Contract Tower,2,0,2,2,6,0,0,0,0,0,2,0,2,2,6,0,0,0,6
01/20/2020,VQQ,FL,ASO,ES,Federal Contract Tower,0,2,44,2,48,0,0,54,0,54,0,2,98,2,102,218,0,218,320
01/21/2020,VQQ,FL,ASO,ES,Federal Contract Tower,1,2,36,54,93,0,0,35,29,64,1,2,71,83,157,170,190,360,517
01/22/2020,VQQ,FL,ASO,ES,Federal Contract Tower,0,2,29,26,57,0,0,18,24,42,0,2,47,50,99,82,262,344,443
01/23/2020,VQQ,FL,ASO,ES,Federal Contract Tower,0,2,31,20,53,0,0,9,17,26,0,2,40,37,79,28,64,92,171
01/24/2020,VQQ,FL,ASO,ES,Federal Contract Tower,3,4,41,23,71,0,0,13,39,52,3,4,54,62,123,70,100,170,293
01/25/2020,VQQ,FL,ASO,ES,Federal Contract Tower,0,0,33,15,48,0,0,37,4,41,0,0,70,19,89,144,30,174,263
01/26/2020,VQQ,FL,ASO,ES,Federal Contract Tower,0,2,20,17,39,0,0,43,3,46,0,2,63,20,85,138,8,146,231
01/27/2020,VQQ,FL,ASO,ES,Federal Contract Tower,0,6,43,14,63,0,0,37,12,49,0,6,80,26,112,238,42,280,392
01/28/2020,VQQ,FL,ASO,ES,Federal Contract Tower,0,2,49,33,84,0,0,44,39,83,0,2,93,72,167,171,217,388,555
01/29/2020,VQQ,FL,ASO,ES,Federal Contract Tower,3,2,27,43,75,0,0,13,24,37,3,2,40,67,112,72,170,242,354
01/30/2020,VQQ,FL,ASO,ES,Federal Contract Tower,1,4,33,49,87,0,0,1,22,23,1,4,34,71,110,38,204,242,352
01/31/2020,VQQ,FL,ASO,ES,Federal Contract Tower,1,2,25,11,39,0,0,6,20,26,1,2,31,31,65,22,36,58,123
02/01/2020,VQQ,FL,ASO,ES,Federal Contract Tower,0,0,33,5,38,0,0,2,4,6,0,0,35,9,44,4,0,4,48
02/02/2020,VQQ,FL,ASO,ES,Federal Contract Tower,1,0,21,6,28,0,0,37,5,42,1,0,58,11,70,112,2,114,184
02/03/2020,VQQ,FL,ASO,ES,Federal Contract Tower,0,2,22,4,28,0,0,36,6,42,0,2,58,10,70,148,38,186,256
02/04/2020,VQQ,FL,ASO,ES,Federal Contract Tower,4,2,21,44,71,0,0,36,26,62,4,2,57,70,133,168,262,430,563
02/05/2020,VQQ,FL,ASO,ES,Federal Contract Tower,0,2,15,40,57,0,0,31,34,65,0,2,46,74,122,166,224,390,512
02/06/2020,VQQ,FL,ASO,ES,Federal Contract Tower,0,2,6,23,31,0,0,4,27,31,0,2,10,50,62,60,234,294,356
02/07/2020,VQQ,FL,ASO,ES,Federal Contract Tower,3,3,6,13,25,0,0,10,22,32,3,3,16,35,57,32,34,66,123
02/08/2020,VQQ,FL,ASO,ES,Federal Contract Tower,0,1,21,6,28,0,0,26,0,26,0,1,47,6,54,58,0,58,112
02/09/2020,VQQ,FL,ASO,ES,Federal Contract Tower,2,0,8,5,15,0,0,28,3,31,2,0,36,8,46,122,40,162,208
02/10/2020,VQQ,FL,ASO,ES,Federal Contract Tower,2,2,12,1,17,0,0,38,7,45,2,2,50,8,62,152,64,216,278
02/11/2020,VQQ,FL,ASO,ES,Federal Contract Tower,3,2,12,31,48,0,0,28,33,61,3,2,40,64,109,54,134,188,297
02/12/2020,VQQ,FL,ASO,ES,Federal Contract Tower,1,2,17,42,62,0,0,19,45,64,1,2,36,87,126,174,250,424,550
02/13/2020,VQQ,FL,ASO,ES,Federal Contract Tower,2,2,13,30,47,0,0,1,31,32,2,2,14,61,79,0,178,178,257
02/14/2020,VQQ,FL,ASO,ES,Federal Contract Tower,2,2,17,6,27,0,0,2,20,22,2,2,19,26,49,14,86,100,149
02/15/2020,VQQ,FL,ASO,ES,Federal Contract Tower,0,0,8,1,9,0,0,40,0,40,0,0,48,1,49,150,0,150,199
02/16/2020,VQQ,FL,ASO,ES,Federal Contract Tower,0,0,5,4,9,0,0,18,1,19,0,0,23,5,28,52,0,52,80
02/17/2020,VQQ,FL,ASO,ES,Federal Contract Tower,0,2,3,0,5,0,0,1,0,1,0,2,4,0,6,0,0,0,6
02/18/2020,VQQ,FL,ASO,ES,Federal Contract Tower,1,3,13,11,28,0,0,19,25,44,1,3,32,36,72,72,102,174,246
02/19/2020,VQQ,FL,ASO,ES,Federal Contract Tower,0,2,22,16,40,0,0,16,43,59,0,2,38,59,99,36,186,222,321
02/20/2020,VQQ,FL,ASO,ES,Federal Contract Tower,1,2,24,23,50,0,0,2,10,12,1,2,26,33,62,12,62,74,136
02/21/2020,VQQ,FL,ASO,ES,Federal Contract Tower,0,2,8,13,23,0,0,5,19,24,0,2,13,32,47,18,44,62,109
02/22/2020,VQQ,FL,ASO,ES,Federal Contract Tower,3,0,33,13,49,0,0,32,19,51,3,0,65,32,100,76,0,76,176
02/23/2020,VQQ,FL,ASO,ES,Federal Contract Tower,0,0,15,9,24,0,5,32,0,37,0,5,47,9,61,112,0,112,173
02/24/2020,VQQ,FL,ASO,ES,Federal Contract Tower,0,2,23,18,43,0,0,55,21,76,0,2,78,39,119,206,60,266,385
02/25/2020,VQQ,FL,ASO,ES,Federal Contract Tower,1,2,17,4,24,0,0,6,8,14,1,2,23,12,38,22,14,36,74
02/26/2020,VQQ,FL,ASO,ES,Federal Contract Tower,1,2,21,4,28,0,0,13,22,35,1,2,34,26,63,58,106,164,227
02/27/2020,VQQ,FL,ASO,ES,Federal Contract Tower,2,4,20,12,38,0,0,31,45,76,2,4,51,57,114,242,78,320,434
02/28/2020,VQQ,FL,ASO,ES,Federal Contract Tower,3,2,24,2,31,0,0,71,34,105,3,2,95,36,136,184,104,288,424
02/29/2020,VQQ,FL,ASO,ES,Federal Contract Tower,3,0,9,0,12,0,0,9,1,10,3,0,18,1,22,18,2,20,42
03/01/2020,VQQ,FL,ASO,ES,Federal Contract Tower,2,0,18,4,24,0,0,48,1,49,2,0,66,5,73,184,0,184,257
03/02/2020,VQQ,FL,ASO,ES,Federal Contract Tower,0,2,23,4,29,0,0,41,9,50,0,2,64,13,79,200,56,256,335
03/03/2020,VQQ,FL,ASO,ES,Federal Contract Tower,9,2,33,20,64,0,0,29,23,52,9,2,62,43,116,80,86,166,282
03/04/2020,VQQ,FL,ASO,ES,Federal Contract Tower,6,2,34,14,56,0,0,23,34,57,6,2,57,48,113,74,210,284,397
03/05/2020,VQQ,FL,ASO,ES,Federal Contract Tower,3,2,9,13,27,0,0,0,29,29,3,2,9,42,56,0,120,120,176
03/06/2020,VQQ,FL,ASO,ES,Federal Contract Tower,2,2,15,12,31,0,0,28,26,54,2,2,43,38,85,34,25,59,144
03/07/2020,VQQ,FL,ASO,ES,Federal Contract Tower,4,0,14,2,20,0,0,27,1,28,4,0,41,3,48,118,2,120,168
03/08/2020,VQQ,FL,ASO,ES,Federal Contract Tower,1,0,16,2,19,0,0,34,0,34,1,0,50,2,53,116,2,118,171
03/09/2020,VQQ,FL,ASO,ES,Federal Contract Tower,0,2,29,8,39,0,0,34,26,60,0,2,63,34,99,152,62,214,313
03/10/2020,VQQ,FL,ASO,ES,Federal Contract Tower,3,2,17,28,50,0,0,25,30,55,3,2,42,58,105,158,162,320,425
03/11/2020,VQQ,FL,ASO,ES,Federal Contract Tower,3,2,40,11,56,0,0,57,48,105,3,2,97,59,161,184,262,446,607
03/12/2020,VQQ,FL,ASO,ES,Federal Contract Tower,1,4,23,19,47,0,0,41,46,87,1,4,64,65,134,178,174,352,486
03/13/2020,VQQ,FL,ASO,ES,Federal Contract Tower,1,2,23,9,35,0,0,46,28,74,1,2,69,37,109,132,70,202,311
03/14/2020,VQQ,FL,ASO,ES,Federal Contract Tower,1,0,16,0,17,0,0,30,1,31,1,0,46,1,48,122,0,122,170
03/15/2020,VQQ,FL,ASO,ES,Federal Contract Tower,1,0,11,0,12,0,0,20,0,20,1,0,31,0,32,92,0,92,124
03/16/2020,VQQ,FL,ASO,ES,Federal Contract Tower,0,2,17,8,27,0,0,3,27,30,0,2,20,35,57,48,70,118,175
03/17/2020,VQQ,FL,ASO,ES,Federal Contract Tower,3,2,16,16,37,0,0,13,29,42,3,2,29,45,79,74,84,158,237
03/18/2020,VQQ,FL,ASO,ES,Federal Contract Tower,3,2,28,13,46,0,0,38,41,79,3,2,66,54,125,146,144,290,415
03/19/2020,VQQ,FL,ASO,ES,Federal Contract Tower,0,2,18,8,28,0,0,33,39,72,0,2,51,47,100,140,137,277,377
03/20/2020,VQQ,FL,ASO,ES,Federal Contract Tower,0,2,19,1,22,0,1,33,9,43,0,3,52,10,65,64,3,67,132
03/21/2020,VQQ,FL,ASO,ES,Federal Contract Tower,2,0,4,0,6,0,0,22,0,22,2,0,26,0,28,50,0,50,78
03/22/2020,VQQ,FL,ASO,ES,Federal Contract Tower,0,0,5,0,5,0,0,16,0,16,0,0,21,0,21,66,0,66,87
03/23/2020,VQQ,FL,ASO,ES,Federal Contract Tower,0,2,11,3,16,0,0,28,16,44,0,2,39,19,60,114,8,122,182
03/24/2020,VQQ,FL,ASO,ES,Federal Contract Tower,0,2,21,14,37,0,0,22,28,50,0,2,43,42,87,68,114,182,269
03/25/2020,VQQ,FL,ASO,ES,Federal Contract Tower,0,2,20,12,34,0,0,21,14,35,0,2,41,26,69,131,88,219,288
03/26/2020,VQQ,FL,ASO,ES,Federal Contract Tower,1,2,18,10,31,0,0,36,14,50,1,2,54,24,81,110,122,232,313
03/27/2020,VQQ,FL,ASO,ES,Federal Contract Tower,1,2,19,9,31,0,0,37,16,53,1,2,56,25,84,156,34,190,274
03/28/2020,VQQ,FL,ASO,ES,Federal Contract Tower,0,0,10,4,14,0,0,28,0,28,0,0,38,4,42,76,0,76,118
03/29/2020,VQQ,FL,ASO,ES,Federal Contract Tower,0,0,7,1,8,0,0,18,0,18,0,0,25,1,26,66,0,66,92
03/30/2020,VQQ,FL,ASO,ES,Federal Contract Tower,3,2,7,5,17,0,0,37,8,45,3,2,44,13,62,146,14,160,222
03/31/2020,VQQ,FL,ASO,ES,Federal Contract Tower,0,3,12,7,22,0,0,5,10,15,0,3,17,17,37,28,4,32,69
04/01/2020,VQQ,FL,ASO,ES,Federal Contract Tower,0,2,14,8,24,0,0,29,16,45,0,2,43,24,69,142,114,256,325
04/02/2020,VQQ,FL,ASO,ES,Federal Contract Tower,1,2,8,3,14,0,0,41,24,65,1,2,49,27,79,176,104,280,359
04/03/2020,VQQ,FL,ASO,ES,Federal Contract Tower,1,2,5,15,23,0,0,16,21,37,1,2,21,36,60,58,35,93,153
04/04/2020,VQQ,FL,ASO,ES,Federal Contract Tower,0,0,14,6,20,0,0,12,41,53,0,0,26,47,73,40,0,40,113
04/05/2020,VQQ,FL,ASO,ES,Federal Contract Tower,0,0,9,2,11,0,0,5,16,21,0,0,14,18,32,14,0,14,46
04/06/2020,VQQ,FL,ASO,ES,Federal Contract Tower,5,2,7,8,22,0,0,10,68,78,5,2,17,76,100,36,0,36,136
04/07/2020,VQQ,FL,ASO,ES,Federal Contract Tower,1,2,8,23,34,0,0,18,46,64,1,2,26,69,98,88,222,310,408
04/08/2020,VQQ,FL,ASO,ES,Federal Contract Tower,3,2,9,51,65,0,2,18,21,41,3,4,27,72,106,6,64,70,176
04/09/2020,VQQ,FL,ASO,ES,Federal Contract Tower,0,2,17,65,84,0,0,6,44,50,0,2,23,109,134,34,201,235,369
04/10/2020,VQQ,FL,ASO,ES,Federal Contract Tower,1,2,11,61,75,0,0,2,24,26,1,2,13,85,101,10,110,120,221
04/11/2020,VQQ,FL,ASO,ES,Federal Contract Tower,0,0,12,31,43,0,0,11,6,17,0,0,23,37,60,34,14,48,108
04/12/2020,VQQ,FL,ASO,ES,Federal Contract Tower,0,0,0,10,10,0,0,0,0,0,0,0,0,10,10,0,0,0,10
04/13/2020,VQQ,FL,ASO,ES,Federal Contract Tower,1,2,1,17,21,0,0,0,22,22,1,2,1,39,43,0,94,94,137
04/14/2020,VQQ,FL,ASO,ES,Federal Contract Tower,3,2,0,3,8,0,0,0,16,16,3,2,0,19,24,0,12,12,36
04/15/2020,VQQ,FL,ASO,ES,Federal Contract Tower,0,5,3,7,15,0,0,0,13,13,0,5,3,20,28,0,92,92,120
04/16/2020,VQQ,FL,ASO,ES,Federal Contract Tower,2,3,7,13,25,0,0,6,57,63,2,3,13,70,88,20,222,242,330
04/17/2020,VQQ,FL,ASO,ES,Federal Contract Tower,4,2,17,2,25,0,0,5,21,26,4,2,22,23,51,0,43,43,94
04/18/2020,VQQ,FL,ASO,ES,Federal Contract Tower,0,0,2,9,11,0,0,0,0,0,0,0,2,9,11,0,0,0,11
04/19/2020,VQQ,FL,ASO,ES,Federal Contract Tower,0,0,4,3,7,0,0,2,0,2,0,0,6,3,9,0,0,0,9
04/20/2020,VQQ,FL,ASO,ES,Federal Contract Tower,0,2,5,8,15,0,0,5,18,23,0,2,10,26,38,28,72,100,138
04/21/2020,VQQ,FL,ASO,ES,Federal Contract Tower,0,2,15,8,25,0,0,35,27,62,0,2,50,35,87,158,42,200,287
04/22/2020,VQQ,FL,ASO,ES,Federal Contract Tower,0,2,5,5,12,0,0,21,40,61,0,2,26,45,73,82,150,232,305
04/23/2020,VQQ,FL,ASO,ES,Federal Contract Tower,0,2,2,10,14,0,0,13,36,49,0,2,15,46,63,22,163,185,248
04/24/2020,VQQ,FL,ASO,ES,Federal Contract Tower,2,2,9,8,21,0,0,4,30,34,2,2,13,38,55,0,66,66,121
04/25/2020,VQQ,FL,ASO,ES,Federal Contract Tower,1,0,16,1,18,0,0,21,2,23,1,0,37,3,41,56,30,86,127
04/26/2020,VQQ,FL,ASO,ES,Federal Contract Tower,5,0,11,0,16,0,0,18,0,18,5,0,29,0,34,32,0,32,66
04/27/2020,VQQ,FL,ASO,ES,Federal Contract Tower,0,2,14,6,22,0,0,23,11,34,0,2,37,17,56,46,116,162,218
04/28/2020,VQQ,FL,ASO,ES,Federal Contract Tower,0,2,11,17,30,0,0,16,37,53,0,2,27,54,83,96,270,366,449
04/29/2020,VQQ,FL,ASO,ES,Federal Contract Tower,0,2,10,12,24,0,0,18,31,49,0,2,28,43,73,50,200,250,323
04/30/2020,VQQ,FL,ASO,ES,Federal Contract Tower,0,4,10,15,29,0,0,4,56,60,0,4,14,71,89,0,98,98,187
05/01/2020,VQQ,FL,ASO,ES,Federal Contract Tower,0,2,4,4,10,0,0,21,28,49,0,2,25,32,59,32,87,119,178
05/02/2020,VQQ,FL,ASO,ES,Federal Contract Tower,0,0,5,0,5,0,0,35,0,35,0,0,40,0,40,66,0,66,106
05/03/2020,VQQ,FL,ASO,ES,Federal Contract Tower,0,1,2,0,3,0,0,20,1,21,0,1,22,1,24,67,0,67,91
05/04/2020,VQQ,FL,ASO,ES,Federal Contract Tower,1,4,13,8,26,0,0,16,31,47,1,4,29,39,73,58,130,188,261
05/05/2020,VQQ,FL,ASO,ES,Federal Contract Tower,0,2,10,14,26,0,0,32,35,67,0,2,42,49,93,106,28,134,227
05/06/2020,VQQ,FL,ASO,ES,Federal Contract Tower,0,2,21,7,30,0,0,7,58,65,0,2,28,65,95,26,162,188,283
05/07/2020,VQQ,FL,ASO,ES,Federal Contract Tower,0,2,4,7,13,0,0,16,43,59,0,2,20,50,72,46,66,112,184
05/08/2020,VQQ,FL,ASO,ES,Federal Contract Tower,2,2,15,3,22,0,0,46,27,73,2,2,61,30,95,178,68,246,341
05/09/2020,VQQ,FL,ASO,ES,Federal Contract Tower,0,0,7,0,7,0,0,12,0,12,0,0,19,0,19,66,0,66,85
05/10/2020,VQQ,FL,ASO,ES,Federal Contract Tower,2,0,0,0,2,0,0,2,0,2,2,0,2,0,4,20,0,20,24
05/11/2020,VQQ,FL,ASO,ES,Federal Contract Tower,0,2,14,7,23,0,0,26,17,43,0,2,40,24,66,114,32,146,212
05/12/2020,VQQ,FL,ASO,ES,Federal Contract Tower,2,2,9,7,20,0,0,36,29,65,2,2,45,36,85,68,86,154,239
05/13/2020,VQQ,FL,ASO,ES,Federal Contract Tower,2,2,20,28,52,0,0,27,41,68,2,2,47,69,120,58,168,226,346
05/14/2020,VQQ,FL,ASO,ES,Federal Contract Tower,0,3,14,21,38,0,0,21,36,57,0,3,35,57,95,34,92,126,221
05/15/2020,VQQ,FL,ASO,ES,Federal Contract Tower,1,2,8,4,15,0,0,22,35,57,1,2,30,39,72,36,54,90,162
05/16/2020,VQQ,FL,ASO,ES,Federal Contract Tower,2,0,8,15,25,0,0,7,22,29,2,0,15,37,54,6,0,6,60
05/17/2020,VQQ,FL,ASO,ES,Federal Contract Tower,1,0,7,20,28,0,0,4,53,57,1,0,11,73,85,12,0,12,97
05/18/2020,VQQ,FL,ASO,ES,Federal Contract Tower,2,2,1,49,54,0,1,16,2,19,2,3,17,51,73,60,16,76,149
05/19/2020,VQQ,FL,ASO,ES,Federal Contract Tower,7,2,18,48,75,0,0,31,29,60,7,2,49,77,135,80,118,198,333
05/20/2020,VQQ,FL,ASO,ES,Federal Contract Tower,0,2,6,45,53,0,0,27,27,54,0,2,33,72,107,100,98,198,305
05/21/2020,VQQ,FL,ASO,ES,Federal Contract Tower,0,2,18,45,65,0,0,29,46,75,0,2,47,91,140,86,152,238,378
05/22/2020,VQQ,FL,ASO,ES,Federal Contract Tower,1,4,6,12,23,0,0,16,12,28,1,4,22,24,51,124,14,138,189
05/23/2020,VQQ,FL,ASO,ES,Federal Contract Tower,0,0,7,8,15,0,0,18,1,19,0,0,25,9,34,52,0,52,86
05/24/2020,VQQ,FL,ASO,ES,Federal Contract Tower,0,0,10,0,10,0,0,22,1,23,0,0,32,1,33,62,0,62,95
05/25/2020,VQQ,FL,ASO,ES,Federal Contract Tower,0,0,16,5,21,0,0,4,0,4,0,0,20,5,25,14,0,14,39
05/26/2020,VQQ,FL,ASO,ES,Federal Contract Tower,2,2,13,14,31,0,0,0,0,0,2,2,13,14,31,0,0,0,31
05/27/2020,VQQ,FL,ASO,ES,Federal Contract Tower,0,2,15,9,26,0,0,1,30,31,0,2,16,39,57,18,186,204,261
05/28/2020,VQQ,FL,ASO,ES,Federal Contract Tower,0,4,17,14,35,0,0,14,20,34,0,4,31,34,69,58,81,139,208
05/29/2020,VQQ,FL,ASO,ES,Federal Contract Tower,1,2,17,21,41,0,0,13,8,21,1,2,30,29,62,40,78,118,180
05/30/2020,VQQ,FL,ASO,ES,Federal Contract Tower,1,0,14,7,22,0,0,7,0,7,1,0,21,7,29,32,0,32,61
05/31/2020,VQQ,FL,ASO,ES,Federal Contract Tower,0,0,4,4,8,0,0,24,0,24,0,0,28,4,32,42,0,42,74
06/01/2020,VQQ,FL,ASO,ES,Federal Contract Tower,0,4,12,6,22,0,0,12,22,34,0,4,24,28,56,30,84,114,170
06/02/2020,VQQ,FL,ASO,ES,Federal Contract Tower,2,6,26,11,45,2,0,26,19,47,4,6,52,30,92,104,62,166,258
06/03/2020,VQQ,FL,ASO,ES,Federal Contract Tower,0,2,25,19,46,0,0,25,46,71,0,2,50,65,117,120,142,262,379
06/04/2020,VQQ,FL,ASO,ES,Federal Contract Tower,1,2,7,18,28,0,0,0,19,19,1,2,7,37,47,0,57,57,104
06/05/2020,VQQ,FL,ASO,ES,Federal Contract Tower,2,2,14,7,25,0,0,11,13,24,2,2,25,20,49,54,34,88,137
06/06/2020,VQQ,FL,ASO,ES,Federal Contract Tower,3,0,3,2,8,0,0,8,0,8,3,0,11,2,16,16,0,16,32
06/07/2020,VQQ,FL,ASO,ES,Federal Contract Tower,0,0,2,1,3,0,0,0,0,0,0,0,2,1,3,0,0,0,3
06/08/2020,VQQ,FL,ASO,ES,Federal Contract Tower,0,2,17,13,32,0,0,3,5,8,0,2,20,18,40,1,10,11,51
06/09/2020,VQQ,FL,ASO,ES,Federal Contract Tower,0,2,21,25,48,0,0,6,20,26,0,2,27,45,74,0,150,150,224
06/10/2020,VQQ,FL,ASO,ES,Federal Contract Tower,0,2,12,14,28,0,0,13,19,32,0,2,25,33,60,60,56,116,176
06/11/2020,VQQ,FL,ASO,ES,Federal Contract Tower,0,2,15,19,36,0,0,39,34,73,0,2,54,53,109,92,246,338,447
06/12/2020,VQQ,FL,ASO,ES,Federal Contract Tower,0,4,17,4,25,0,0,26,18,44,0,4,43,22,69,68,24,92,161
06/13/2020,VQQ,FL,ASO,ES,Federal Contract Tower,0,0,7,4,11,0,0,3,2,5,0,0,10,6,16,12,0,12,28
06/14/2020,VQQ,FL,ASO,ES,Federal Contract Tower,0,0,6,4,10,0,0,16,2,18,0,0,22,6,28,44,0,44,72
06/15/2020,VQQ,FL,ASO,ES,Federal Contract Tower,0,5,20,6,31,0,0,9,22,31,0,5,29,28,62,22,18,40,102
06/16/2020,VQQ,FL,ASO,ES,Federal Contract Tower,0,2,24,26,52,0,0,25,41,66,0,2,49,67,118,116,228,344,462
06/17/2020,VQQ,FL,ASO,ES,Federal Contract Tower,0,2,22,18,42,0,0,18,37,55,0,2,40,55,97,68,228,296,393
06/18/2020,VQQ,FL,ASO,ES,Federal Contract Tower,0,2,13,12,27,0,0,20,52,72,0,2,33,64,99,46,166,212,311
06/19/2020,VQQ,FL,ASO,ES,Federal Contract Tower,0,2,7,7,16,0,0,8,17,25,0,2,15,24,41,0,70,70,111
06/20/2020,VQQ,FL,ASO,ES,Federal Contract Tower,0,0,21,0,21,0,0,8,0,8,0,0,29,0,29,16,0,16,45
06/21/2020,VQQ,FL,ASO,ES,Federal Contract Tower,2,0,15,2,19,0,0,14,0,14,2,0,29,2,33,44,0,44,77
06/22/2020,VQQ,FL,ASO,ES,Federal Contract Tower,0,2,21,11,34,0,0,21,22,43,0,2,42,33,77,81,27,108,185
06/23/2020,VQQ,FL,ASO,ES,Federal Contract Tower,3,2,16,14,35,0,0,20,37,57,3,2,36,51,92,60,128,188,280
06/24/2020,VQQ,FL,ASO,ES,Federal Contract Tower,3,2,18,6,29,0,0,18,32,50,3,2,36,38,79,64,210,274,353
06/25/2020,VQQ,FL,ASO,ES,Federal Contract Tower,2,2,27,33,64,0,0,13,50,63,2,2,40,83,127,44,260,304,431
06/26/2020,VQQ,FL,ASO,ES,Federal Contract Tower,4,8,14,11,37,0,0,20,14,34,4,8,34,25,71,98,72,170,241
06/27/2020,VQQ,FL,ASO,ES,Federal Contract Tower,0,0,10,7,17,0,0,11,1,12,0,0,21,8,29,60,0,60,89
06/28/2020,VQQ,FL,ASO,ES,Federal Contract Tower,1,0,16,2,19,0,0,9,1,10,1,0,25,3,29,6,0,6,35
06/29/2020,VQQ,FL,ASO,ES,Federal Contract Tower,1,2,12,2,17,0,0,11,19,30,1,2,23,21,47,32,0,32,79
06/30/2020,VQQ,FL,ASO,ES,Federal Contract Tower,0,2,17,18,37,0,0,12,42,54,0,2,29,60,91,18,174,192,283
07/01/2020,VQQ,FL,ASO,ES,Federal Contract Tower,0,2,15,23,40,0,0,33,44,77,0,2,48,67,117,94,302,396,513
07/02/2020,VQQ,FL,ASO,ES,Federal Contract Tower,1,2,17,16,36,0,0,32,44,76,1,2,49,60,112,48,238,286,398
07/03/2020,VQQ,FL,ASO,ES,Federal Contract Tower,5,2,15,0,22,0,0,23,0,23,5,2,38,0,45,93,0,93,138
07/04/2020,VQQ,FL,ASO,ES,Federal Contract Tower,0,0,1,0,1,0,0,8,0,8,0,0,9,0,9,2,0,2,11
07/05/2020,VQQ,FL,ASO,ES,Federal Contract Tower,0,0,10,2,12,0,0,4,1,5,0,0,14,3,17,8,0,8,25
07/06/2020,VQQ,FL,ASO,ES,Federal Contract Tower,3,2,2,6,13,0,0,12,6,18,3,2,14,12,31,61,20,81,112
07/07/2020,VQQ,FL,ASO,ES,Federal Contract Tower,0,2,13,2,17,0,0,23,26,49,0,2,36,28,66,120,26,146,212
07/08/2020,VQQ,FL,ASO,ES,Federal Contract Tower,0,2,21,21,44,0,0,9,34,43,0,2,30,55,87,36,102,138,225
07/09/2020,VQQ,FL,ASO,ES,Federal Contract Tower,2,6,24,22,54,0,0,29,44,73,2,6,53,66,127,54,68,122,249
07/10/2020,VQQ,FL,ASO,ES,Federal Contract Tower,0,2,25,15,42,0,0,20,29,49,0,2,45,44,91,52,98,150,241
07/11/2020,VQQ,FL,ASO,ES,Federal Contract Tower,0,0,4,6,10,0,0,10,1,11,0,0,14,7,21,36,0,36,57
07/12/2020,VQQ,FL,ASO,ES,Federal Contract Tower,0,0,12,6,18,0,0,26,6,32,0,0,38,12,50,100,18,118,168
07/13/2020,VQQ,FL,ASO,ES,Federal Contract Tower,0,2,15,10,27,0,0,28,6,34,0,2,43,16,61,96,0,96,157
07/14/2020,VQQ,FL,ASO,ES,Federal Contract Tower,0,2,14,14,30,0,0,26,19,45,0,2,40,33,75,78,116,194,269
07/15/2020,VQQ,FL,ASO,ES,Federal Contract Tower,0,0,22,31,53,0,0,26,47,73,0,0,48,78,126,110,136,246,372
07/16/2020,VQQ,FL,ASO,ES,Federal Contract Tower,2,2,17,21,42,0,0,37,33,70,2,2,54,54,112,124,89,213,325
07/17/2020,VQQ,FL,ASO,ES,Federal Contract Tower,4,5,23,14,46,0,0,22,26,48,4,5,45,40,94,80,36,116,210
07/18/2020,VQQ,FL,ASO,ES,Federal Contract Tower,2,0,31,1,34,0,0,25,2,27,2,0,56,3,61,56,0,56,117
07/19/2020,VQQ,FL,ASO,ES,Federal Contract Tower,0,0,29,1,30,0,0,12,2,14,0,0,41,3,44,40,6,46,90
07/20/2020,VQQ,FL,ASO,ES,Federal Contract Tower,0,2,26,19,47,0,0,29,31,60,0,2,55,50,107,110,16,126,233
07/21/2020,VQQ,FL,ASO,ES,Federal Contract Tower,0,2,15,12,29,0,0,18,48,66,0,2,33,60,95,114,238,352,447
07/22/2020,VQQ,FL,ASO,ES,Federal Contract Tower,0,2,20,22,44,0,0,17,55,72,0,2,37,77,116,42,198,240,356
07/23/2020,VQQ,FL,ASO,ES,Federal Contract Tower,0,2,7,13,22,0,0,19,36,55,0,2,26,49,77,78,117,195,272
07/24/2020,VQQ,FL,ASO,ES,Federal Contract Tower,1,2,35,12,50,0,0,30,30,60,1,2,65,42,110,61,39,100,210
07/25/2020,VQQ,FL,ASO,ES,Federal Contract Tower,3,0,20,4,27,0,0,19,4,23,3,0,39,8,50,36,0,36,86
07/26/2020,VQQ,FL,ASO,ES,Federal Contract Tower,1,2,10,0,13,0,0,13,2,15,1,2,23,2,28,92,0,92,120
07/27/2020,VQQ,FL,ASO,ES,Federal Contract Tower,2,0,28,5,35,0,0,22,25,47,2,0,50,30,82,49,26,75,157
07/28/2020,VQQ,FL,ASO,ES,Federal Contract Tower,0,0,27,16,43,0,0,33,37,70,0,0,60,53,113,160,138,298,411
07/29/2020,VQQ,FL,ASO,ES,Federal Contract Tower,0,0,11,14,25,0,0,34,40,74,0,0,45,54,99,62,226,288,387
07/30/2020,VQQ,FL,ASO,ES,Federal Contract Tower,0,0,21,15,36,0,0,22,39,61,0,0,43,54,97,78,234,312,409
07/31/2020,VQQ,FL,ASO,ES,Federal Contract Tower,2,0,28,10,40,0,0,28,32,60,2,0,56,42,100,78,56,134,234
08/01/2020,VQQ,FL,ASO,ES,Federal Contract Tower,0,0,8,0,8,0,0,14,0,14,0,0,22,0,22,22,0,22,44
08/02/2020,VQQ,FL,ASO,ES,Federal Contract Tower,0,0,1,0,1,0,0,10,0,10,0,0,11,0,11,30,0,30,41
08/03/2020,VQQ,FL,ASO,ES,Federal Contract Tower,0,0,4,2,6,0,0,5,2,7,0,0,9,4,13,26,8,34,47
08/04/2020,VQQ,FL,ASO,ES,Federal Contract Tower,0,0,22,4,26,0,0,43,11,54,0,0,65,15,80,100,76,176,256
08/05/2020,VQQ,FL,ASO,ES,Federal Contract Tower,0,0,26,15,41,0,0,26,39,65,0,0,52,54,106,38,200,238,344
08/06/2020,VQQ,FL,ASO,ES,Federal Contract Tower,0,0,19,15,34,0,0,22,19,41,0,0,41,34,75,112,104,216,291
08/07/2020,VQQ,FL,ASO,ES,Federal Contract Tower,2,0,22,31,55,0,0,22,10,32,2,0,44,41,87,85,56,141,228
08/08/2020,VQQ,FL,ASO,ES,Federal Contract Tower,5,0,13,2,20,2,0,15,1,18,7,0,28,3,38,62,0,62,100
08/09/2020,VQQ,FL,ASO,ES,Federal Contract Tower,0,0,22,0,22,0,0,17,0,17,0,0,39,0,39,42,0,42,81
08/10/2020,VQQ,FL,ASO,ES,Federal Contract Tower,5,0,17,0,22,0,0,25,12,37,5,0,42,12,59,154,40,194,253
08/11/2020,VQQ,FL,ASO,ES,Federal Contract Tower,1,0,22,6,29,0,0,26,31,57,1,0,48,37,86,100,199,299,385
08/12/2020,VQQ,FL,ASO,ES,Federal Contract Tower,1,4,21,20,46,0,0,35,28,63,1,4,56,48,109,158,214,372,481
08/13/2020,VQQ,FL,ASO,ES,Federal Contract Tower,0,0,22,17,39,0,0,36,27,63,0,0,58,44,102,90,177,267,369
08/14/2020,VQQ,FL,ASO,ES,Federal Contract Tower,0,1,10,27,38,0,0,19,14,33,0,1,29,41,71,59,34,93,164
08/15/2020,VQQ,FL,ASO,ES,Federal Contract Tower,0,0,10,0,10,0,0,2,0,2,0,0,12,0,12,2,0,2,14
08/16/2020,VQQ,FL,ASO,ES,Federal Contract Tower,1,0,13,2,16,0,0,16,0,16,1,0,29,2,32,60,0,60,92
08/17/2020,VQQ,FL,ASO,ES,Federal Contract Tower,2,0,12,34,48,0,0,24,16,40,2,0,36,50,88,68,86,154,242
08/18/2020,VQQ,FL,ASO,ES,Federal Contract Tower,0,0,22,14,36,0,0,16,28,44,0,0,38,42,80,18,238,256,336
08/19/2020,VQQ,FL,ASO,ES,Federal Contract Tower,0,0,10,25,35,0,0,41,24,65,0,0,51,49,100,144,188,332,432
08/20/2020,VQQ,FL,ASO,ES,Federal Contract Tower,0,1,20,68,89,0,0,12,44,56,0,1,32,112,145,38,261,299,444
08/21/2020,VQQ,FL,ASO,ES,Federal Contract Tower,0,4,33,11,48,0,1,15,15,31,0,5,48,26,79,72,22,94,173
08/22/2020,VQQ,FL,ASO,ES,Federal Contract Tower,3,0,18,10,31,0,0,16,5,21,3,0,34,15,52,40,12,52,104
08/23/2020,VQQ,FL,ASO,ES,Federal Contract Tower,0,0,10,4,14,0,0,6,1,7,0,0,16,5,21,36,0,36,57
08/24/2020,VQQ,FL,ASO,ES,Federal Contract Tower,0,0,42,9,51,0,0,18,6,24,0,0,60,15,75,120,30,150,225
08/25/2020,VQQ,FL,ASO,ES,Federal Contract Tower,0,0,35,24,59,0,0,24,23,47,0,0,59,47,106,50,160,210,316
08/26/2020,VQQ,FL,ASO,ES,Federal Contract Tower,3,0,31,18,52,0,0,36,30,66,3,0,67,48,118,128,239,367,485
08/27/2020,VQQ,FL,ASO,ES,Federal Contract Tower,0,0,19,19,38,0,0,18,33,51,0,0,37,52,89,82,204,286,375
08/28/2020,VQQ,FL,ASO,ES,Federal Contract Tower,0,0,36,16,52,0,0,29,23,52,0,0,65,39,104,54,72,126,230
08/29/2020,VQQ,FL,ASO,ES,Federal Contract Tower,4,0,14,2,20,0,0,4,2,6,4,0,18,4,26,20,0,20,46
08/30/2020,VQQ,FL,ASO,ES,Federal Contract Tower,0,0,3,0,3,0,0,0,2,2,0,0,3,2,5,0,0,0,5
08/31/2020,VQQ,FL,ASO,ES,Federal Contract Tower,0,0,6,11,17,0,0,7,17,24,0,0,13,28,41,33,109,142,183
09/01/2020,VQQ,FL,ASO,ES,Federal Contract Tower,5,0,29,26,60,2,0,6,47,55,7,0,35,73,115,6,292,298,413
09/02/2020,VQQ,FL,ASO,ES,Federal Contract Tower,4,0,41,30,75,0,0,32,25,57,4,0,73,55,132,80,124,204,336
09/03/2020,VQQ,FL,ASO,ES,Federal Contract Tower,0,0,31,38,69,0,0,27,35,62,0,0,58,73,131,88,222,310,441
09/04/2020,VQQ,FL,ASO,ES,Federal Contract Tower,2,0,25,17,44,0,0,40,17,57,2,0,65,34,101,84,30,114,215
09/05/2020,VQQ,FL,ASO,ES,Federal Contract Tower,1,0,23,2,26,0,0,2,0,2,1,0,25,2,28,4,0,4,32
09/06/2020,VQQ,FL,ASO,ES,Federal Contract Tower,1,0,2,1,4,0,0,5,0,5,1,0,7,1,9,5,0,5,14
09/07/2020,VQQ,FL,ASO,ES,Federal Contract Tower,0,0,31,4,35,0,0,19,0,19,0,0,50,4,54,89,0,89,143
09/08/2020,VQQ,FL,ASO,ES,Federal Contract Tower,3,0,13,32,48,0,0,11,26,37,3,0,24,58,85,62,140,202,287
09/09/2020,VQQ,FL,ASO,ES,Federal Contract Tower,3,0,21,44,68,0,0,12,62,74,3,0,33,106,142,18,254,272,414
09/10/2020,VQQ,FL,ASO,ES,Federal Contract Tower,0,0,24,40,64,0,0,23,76,99,0,0,47,116,163,82,249,331,494
09/11/2020,VQQ,FL,ASO,ES,Federal Contract Tower,0,0,23,57,80,0,2,8,35,45,0,2,31,92,125,60,113,173,298
09/12/2020,VQQ,FL,ASO,ES,Federal Contract Tower,0,0,3,47,50,0,0,15,4,19,0,0,18,51,69,42,26,68,137
09/13/2020,VQQ,FL,ASO,ES,Federal Contract Tower,0,0,4,42,46,0,0,1,0,1,0,0,5,42,47,0,0,0,47
09/14/2020,VQQ,FL,ASO,ES,Federal Contract Tower,2,0,27,57,86,0,0,20,20,40,2,0,47,77,126,50,172,222,348
09/15/2020,VQQ,FL,ASO,ES,Federal Contract Tower,2,0,26,21,49,0,0,19,24,43,2,0,45,45,92,76,90,166,258
09/16/2020,VQQ,FL,ASO,ES,Federal Contract Tower,4,0,18,13,35,0,0,28,37,65,4,0,46,50,100,132,206,338,438
09/17/2020,VQQ,FL,ASO,ES,Federal Contract Tower,5,0,21,7,33,0,0,5,37,42,5,0,26,44,75,11,176,187,262
09/18/2020,VQQ,FL,ASO,ES,Federal Contract Tower,1,3,15,10,29,0,0,11,33,44,1,3,26,43,73,60,52,112,185
09/19/2020,VQQ,FL,ASO,ES,Federal Contract Tower,0,1,9,1,11,0,0,0,0,0,0,1,9,1,11,0,0,0,11
09/20/2020,VQQ,FL,ASO,ES,Federal Contract Tower,0,0,0,0,0,0,0,0,0,0,0,0,0,0,0,0,0,0,0
09/21/2020,VQQ,FL,ASO,ES,Federal Contract Tower,1,0,17,8,26,0,1,8,29,38,1,1,25,37,64,34,131,165,229
09/22/2020,VQQ,FL,ASO,ES,Federal Contract Tower,0,0,59,11,70,0,0,58,49,107,0,0,117,60,177,170,202,372,549
09/23/2020,VQQ,FL,ASO,ES,Federal Contract Tower,7,0,12,22,41,1,0,39,26,66,8,0,51,48,107,126,56,182,289
09/24/2020,VQQ,FL,ASO,ES,Federal Contract Tower,3,2,22,20,47,0,0,19,11,30,3,2,41,31,77,80,102,182,259
09/25/2020,VQQ,FL,ASO,ES,Federal Contract Tower,3,0,57,35,95,0,0,28,23,51,3,0,85,58,146,159,74,233,379
09/26/2020,VQQ,FL,ASO,ES,Federal Contract Tower,0,0,45,11,56,0,0,10,0,10,0,0,55,11,66,44,0,44,110
09/27/2020,VQQ,FL,ASO,ES,Federal Contract Tower,0,0,11,0,11,0,0,6,0,6,0,0,17,0,17,6,0,6,23
09/28/2020,VQQ,FL,ASO,ES,Federal Contract Tower,0,0,31,12,43,0,0,12,19,31,0,0,43,31,74,24,42,66,140
09/29/2020,VQQ,FL,ASO,ES,Federal Contract Tower,0,0,16,25,41,0,0,2,22,24,0,0,18,47,65,16,106,122,187
09/30/2020,VQQ,FL,ASO,ES,Federal Contract Tower,0,0,20,27,47,0,0,61,25,86,0,0,81,52,133,206,124,330,463
10/01/2020,VQQ,FL,ASO,ES,Federal Contract Tower,0,0,26,32,58,0,0,57,36,93,0,0,83,68,151,150,268,418,569
10/02/2020,VQQ,FL,ASO,ES,Federal Contract Tower,0,0,31,15,46,0,0,48,31,79,0,0,79,46,125,206,58,264,389
10/03/2020,VQQ,FL,ASO,ES,Federal Contract Tower,4,0,13,0,17,0,0,18,0,18,4,0,31,0,35,64,0,64,99
10/04/2020,VQQ,FL,ASO,ES,Federal Contract Tower,6,0,3,7,16,0,0,2,3,5,6,0,5,10,21,22,0,22,43
10/05/2020,VQQ,FL,ASO,ES,Federal Contract Tower,1,1,4,18,24,0,0,0,0,0,1,1,4,18,24,0,0,0,24
10/06/2020,VQQ,FL,ASO,ES,Federal Contract Tower,1,1,21,17,40,0,0,10,32,42,1,1,31,49,82,74,144,218,300
10/07/2020,VQQ,FL,ASO,ES,Federal Contract Tower,3,0,20,92,115,0,0,5,34,39,3,0,25,126,154,40,120,160,314
10/08/2020,VQQ,FL,ASO,ES,Federal Contract Tower,3,0,29,26,58,0,0,30,40,70,3,0,59,66,128,190,258,448,576
10/09/2020,VQQ,FL,ASO,ES,Federal Contract Tower,0,0,20,8,28,0,0,14,30,44,0,0,34,38,72,64,35,99,171
10/10/2020,VQQ,FL,ASO,ES,Federal Contract Tower,0,0,14,0,14,0,0,35,1,36,0,0,49,1,50,100,0,100,150
10/11/2020,VQQ,FL,ASO,ES,Federal Contract Tower,0,0,0,64,64,0,0,2,0,2,0,0,2,64,66,6,0,6,72
10/12/2020,VQQ,FL,ASO,ES,Federal Contract Tower,1,0,56,0,57,0,0,34,0,34,1,0,90,0,91,127,0,127,218
10/13/2020,VQQ,FL,ASO,ES,Federal Contract Tower,0,0,38,47,85,0,0,48,32,80,0,0,86,79,165,194,136,330,495
10/14/2020,VQQ,FL,ASO,ES,Federal Contract Tower,0,0,33,26,59,0,0,49,26,75,0,0,82,52,134,142,78,220,354
10/15/2020,VQQ,FL,ASO,ES,Federal Contract Tower,1,0,40,33,74,0,0,28,44,72,1,0,68,77,146,103,196,299,445
10/16/2020,VQQ,FL,ASO,ES,Federal Contract Tower,2,1,24,28,55,0,0,50,23,73,2,1,74,51,128,108,80,188,316
10/17/2020,VQQ,FL,ASO,ES,Federal Contract Tower,0,1,19,18,38,0,0,27,10,37,0,1,46,28,75,30,158,188,263
10/18/2020,VQQ,FL,ASO,ES,Federal Contract Tower,0,0,25,5,30,0,0,6,6,12,0,0,31,11,42,20,44,64,106
10/19/2020,VQQ,FL,ASO,ES,Federal Contract Tower,1,0,26,8,35,0,0,19,12,31,1,0,45,20,66,138,70,208,274
10/20/2020,VQQ,FL,ASO,ES,Federal Contract Tower,1,0,23,32,56,0,0,2,23,25,1,0,25,55,81,0,92,92,173
10/21/2020,VQQ,FL,ASO,ES,Federal Contract Tower,0,0,12,41,53,0,0,7,45,52,0,0,19,86,105,54,108,162,267
10/22/2020,VQQ,FL,ASO,ES,Federal Contract Tower,1,0,9,11,21,0,0,15,33,48,1,0,24,44,69,28,107,135,204
10/23/2020,VQQ,FL,ASO,ES,Federal Contract Tower,0,0,21,5,26,0,0,26,16,42,0,0,47,21,68,35,31,66,134
10/24/2020,VQQ,FL,ASO,ES,Federal Contract Tower,0,0,22,21,43,0,0,26,9,35,0,0,48,30,78,93,50,143,221
10/25/2020,VQQ,FL,ASO,ES,Federal Contract Tower,0,0,9,0,9,0,1,17,10,28,0,1,26,10,37,49,0,49,86
10/26/2020,VQQ,FL,ASO,ES,Federal Contract Tower,0,0,27,1,28,0,0,22,34,56,0,0,49,35,84,110,42,152,236
10/27/2020,VQQ,FL,ASO,ES,Federal Contract Tower,0,0,19,41,60,0,0,7,41,48,0,0,26,82,108,18,196,214,322
10/28/2020,VQQ,FL,ASO,ES,Federal Contract Tower,1,4,30,15,50,0,0,31,48,79,1,4,61,63,129,104,172,276,405
10/29/2020,VQQ,FL,ASO,ES,Federal Contract Tower,1,3,12,11,27,0,0,5,17,22,1,3,17,28,49,38,72,110,159
10/30/2020,VQQ,FL,ASO,ES,Federal Contract Tower,1,2,14,10,27,0,0,38,21,59,1,2,52,31,86,202,28,230,316
10/31/2020,VQQ,FL,ASO,ES,Federal Contract Tower,2,0,14,0,16,0,0,16,0,16,2,0,30,0,32,40,0,40,72
11/01/2020,VQQ,FL,ASO,ES,Federal Contract Tower,0,0,6,1,7,0,0,7,0,7,0,0,13,1,14,26,0,26,40
11/02/2020,VQQ,FL,ASO,ES,Federal Contract Tower,0,0,14,9,23,0,0,32,2,34,0,0,46,11,57,104,38,142,199
11/03/2020,VQQ,FL,ASO,ES,Federal Contract Tower,4,0,19,24,47,0,0,59,33,92,4,0,78,57,139,228,220,448,587
11/04/2020,VQQ,FL,ASO,ES,Federal Contract Tower,3,0,26,18,47,0,0,40,30,70,3,0,66,48,117,144,90,234,351
11/05/2020,VQQ,FL,ASO,ES,Federal Contract Tower,0,0,29,22,51,0,0,40,34,74,0,0,69,56,125,146,160,306,431
11/06/2020,VQQ,FL,ASO,ES,Federal Contract Tower,2,0,19,40,61,0,0,2,18,20,2,0,21,58,81,12,68,80,161
11/07/2020,VQQ,FL,ASO,ES,Federal Contract Tower,6,0,7,5,18,0,0,7,6,13,6,0,14,11,31,18,42,60,91
11/08/2020,VQQ,FL,ASO,ES,Federal Contract Tower,0,1,15,1,17,0,0,4,0,4,0,1,19,1,21,36,0,36,57
11/09/2020,VQQ,FL,ASO,ES,Federal Contract Tower,0,1,4,20,25,0,0,3,31,34,0,1,7,51,59,6,124,130,189
11/10/2020,VQQ,FL,ASO,ES,Federal Contract Tower,2,0,6,38,46,0,0,4,31,35,2,0,10,69,81,24,112,136,217
11/11/2020,VQQ,FL,ASO,ES,Federal Contract Tower,0,0,25,0,25,0,0,5,0,5,0,0,30,0,30,22,0,22,52
11/12/2020,VQQ,FL,ASO,ES,Federal Contract Tower,0,0,1,19,20,0,0,0,12,12,0,0,1,31,32,10,84,94,126
11/13/2020,VQQ,FL,ASO,ES,Federal Contract Tower,4,0,36,18,58,0,0,15,24,39,4,0,51,42,97,88,54,142,239
11/14/2020,VQQ,FL,ASO,ES,Federal Contract Tower,4,0,18,3,25,0,0,36,12,48,4,0,54,15,73,160,68,228,301
11/15/2020,VQQ,FL,ASO,ES,Federal Contract Tower,2,0,13,2,17,0,0,33,4,37,2,0,46,6,54,100,0,100,154
11/16/2020,VQQ,FL,ASO,ES,Federal Contract Tower,0,0,34,11,45,0,0,41,22,63,0,0,75,33,108,176,116,292,400
11/17/2020,VQQ,FL,ASO,ES,Federal Contract Tower,3,0,62,6,71,0,0,41,39,80,3,0,103,45,151,218,128,346,497
11/18/2020,VQQ,FL,ASO,ES,Federal Contract Tower,0,0,21,22,43,0,0,51,55,106,0,0,72,77,149,60,164,224,373
11/19/2020,VQQ,FL,ASO,ES,Federal Contract Tower,0,2,46,28,76,0,0,27,55,82,0,2,73,83,158,148,224,372,530
11/20/2020,VQQ,FL,ASO,ES,Federal Contract Tower,1,0,34,4,39,0,0,27,14,41,1,0,61,18,80,96,26,122,202
11/21/2020,VQQ,FL,ASO,ES,Federal Contract Tower,0,0,20,12,32,0,0,13,3,16,0,0,33,15,48,48,0,48,96
11/22/2020,VQQ,FL,ASO,ES,Federal Contract Tower,0,0,7,9,16,0,0,0,0,0,0,0,7,9,16,4,0,4,20
11/23/2020,VQQ,FL,ASO,ES,Federal Contract Tower,0,2,22,16,40,0,0,36,31,67,0,2,58,47,107,264,42,306,413
11/24/2020,VQQ,FL,ASO,ES,Federal Contract Tower,0,0,20,20,40,0,0,50,25,75,0,0,70,45,115,82,0,82,197
11/25/2020,VQQ,FL,ASO,ES,Federal Contract Tower,0,0,22,20,42,0,0,35,6,41,0,0,57,26,83,140,2,142,225
11/26/2020,VQQ,FL,ASO,ES,Federal Contract Tower,0,0,3,0,3,0,0,3,0,3,0,0,6,0,6,8,0,8,14
11/27/2020,VQQ,FL,ASO,ES,Federal Contract Tower,1,0,9,0,10,0,0,15,0,15,1,0,24,0,25,60,0,60,85
11/28/2020,VQQ,FL,ASO,ES,Federal Contract Tower,0,0,2,2,4,0,0,10,0,10,0,0,12,2,14,46,0,46,60
11/29/2020,VQQ,FL,ASO,ES,Federal Contract Tower,0,0,7,2,9,0,0,5,2,7,0,0,12,4,16,26,0,26,42
11/30/2020,VQQ,FL,ASO,ES,Federal Contract Tower,3,0,7,13,23,0,0,20,28,48,3,0,27,41,71,30,96,126,197
12/01/2020,VQQ,FL,ASO,ES,Federal Contract Tower,0,0,25,7,32,0,0,35,25,60,0,0,60,32,92,138,128,266,358
12/02/2020,VQQ,FL,ASO,ES,Federal Contract Tower,0,6,39,13,58,0,0,45,41,86,0,6,84,54,144,192,252,444,588
12/03/2020,VQQ,FL,ASO,ES,Federal Contract Tower,1,1,32,21,55,0,2,34,42,78,1,3,66,63,133,137,224,361,494
12/04/2020,VQQ,FL,ASO,ES,Federal Contract Tower,2,0,17,10,29,0,0,30,21,51,2,0,47,31,80,83,108,191,271
12/05/2020,VQQ,FL,ASO,ES,Federal Contract Tower,1,0,14,5,20,0,0,31,6,37,1,0,45,11,57,72,26,98,155
12/06/2020,VQQ,FL,ASO,ES,Federal Contract Tower,0,0,17,50,67,0,0,8,3,11,0,0,25,53,78,50,8,58,136
12/07/2020,VQQ,FL,ASO,ES,Federal Contract Tower,0,0,15,33,48,0,0,33,5,38,0,0,48,38,86,135,59,194,280
12/08/2020,VQQ,FL,ASO,ES,Federal Contract Tower,0,2,21,24,47,0,0,54,69,123,0,2,75,93,170,86,110,196,366
12/09/2020,VQQ,FL,ASO,ES,Federal Contract Tower,0,0,14,53,67,0,0,27,94,121,0,0,41,147,188,102,388,490,678
12/10/2020,VQQ,FL,ASO,ES,Federal Contract Tower,0,0,14,58,72,0,0,34,49,83,0,0,48,107,155,138,176,314,469
12/11/2020,VQQ,FL,ASO,ES,Federal Contract Tower,4,4,9,52,69,0,0,42,26,68,4,4,51,78,137,130,58,188,325
12/12/2020,VQQ,FL,ASO,ES,Federal Contract Tower,1,0,3,57,61,0,0,11,3,14,1,0,14,60,75,20,0,20,95
12/13/2020,VQQ,FL,ASO,ES,Federal Contract Tower,1,0,13,51,65,0,0,11,0,11,1,0,24,51,76,40,0,40,116
12/14/2020,VQQ,FL,ASO,ES,Federal Contract Tower,0,0,11,25,36,0,0,12,25,37,0,0,23,50,73,46,37,83,156
12/15/2020,VQQ,FL,ASO,ES,Federal Contract Tower,0,0,49,25,74,0,0,16,42,58,0,0,65,67,132,162,198,360,492
12/16/2020,VQQ,FL,ASO,ES,Federal Contract Tower,1,0,2,1,4,0,0,0,0,0,1,0,2,1,4,0,28,28,32
12/17/2020,VQQ,FL,ASO,ES,Federal Contract Tower,0,0,31,20,51,0,0,21,33,54,0,0,52,53,105,111,204,315,420
12/18/2020,VQQ,FL,ASO,ES,Federal Contract Tower,0,0,27,6,33,0,0,44,16,60,0,0,71,22,93,166,84,250,343
12/19/2020,VQQ,FL,ASO,ES,Federal Contract Tower,1,0,9,2,12,0,0,6,0,6,1,0,15,2,18,18,0,18,36
12/20/2020,VQQ,FL,ASO,ES,Federal Contract Tower,0,0,6,3,9,0,0,4,2,6,0,0,10,5,15,8,2,10,25
12/21/2020,VQQ,FL,ASO,ES,Federal Contract Tower,0,0,11,7,18,0,0,18,19,37,0,0,29,26,55,48,56,104,159
12/22/2020,VQQ,FL,ASO,ES,Federal Contract Tower,6,0,6,8,20,0,0,43,20,63,6,0,49,28,83,72,94,166,249
12/23/2020,VQQ,FL,ASO,ES,Federal Contract Tower,2,0,5,1,8,0,0,28,17,45,2,0,33,18,53,171,72,243,296
12/24/2020,VQQ,FL,ASO,ES,Federal Contract Tower,0,0,0,0,0,0,0,7,0,7,0,0,7,0,7,18,0,18,25
12/25/2020,VQQ,FL,ASO,ES,Federal Contract Tower,0,0,2,0,2,0,0,1,0,1,0,0,3,0,3,0,0,0,3
12/26/2020,VQQ,FL,ASO,ES,Federal Contract Tower,1,0,4,0,5,0,0,24,4,28,1,0,28,4,33,74,4,78,111
12/27/2020,VQQ,FL,ASO,ES,Federal Contract Tower,2,0,5,0,7,0,0,15,0,15,2,0,20,0,22,24,0,24,46
12/28/2020,VQQ,FL,ASO,ES,Federal Contract Tower,0,0,4,2,6,0,0,29,7,36,0,0,33,9,42,136,0,136,178
12/29/2020,VQQ,FL,ASO,ES,Federal Contract Tower,6,0,4,4,14,0,0,28,15,43,6,0,32,19,57,48,66,114,171
12/30/2020,VQQ,FL,ASO,ES,Federal Contract Tower,2,0,7,7,16,0,0,28,10,38,2,0,35,17,54,108,42,150,204
12/31/2020,VQQ,FL,ASO,ES,Federal Contract Tower,2,0,8,0,10,0,0,12,0,12,2,0,20,0,22,40,0,40,62
01/01/2021,VQQ,FL,ASO,ES,Federal Contract Tower,0,0,5,1,6,0,0,10,1,11,0,0,15,2,17,12,0,12,29
01/02/2021,VQQ,FL,ASO,ES,Federal Contract Tower,2,0,3,1,6,0,0,8,8,16,2,0,11,9,22,24,80,104,126
01/03/2021,VQQ,FL,ASO,ES,Federal Contract Tower,3,0,15,3,21,0,0,15,5,20,3,0,30,8,41,12,84,96,137
01/04/2021,VQQ,FL,ASO,ES,Federal Contract Tower,1,0,19,5,25,0,0,26,11,37,1,0,45,16,62,122,40,162,224
01/05/2021,VQQ,FL,ASO,ES,Federal Contract Tower,1,0,24,26,51,0,0,38,12,50,1,0,62,38,101,220,84,304,405
01/06/2021,VQQ,FL,ASO,ES,Federal Contract Tower,0,0,9,12,21,0,0,45,27,72,0,0,54,39,93,144,126,270,363
01/07/2021,VQQ,FL,ASO,ES,Federal Contract Tower,0,2,14,7,23,0,1,41,21,63,0,3,55,28,86,82,112,194,280
01/08/2021,VQQ,FL,ASO,ES,Federal Contract Tower,0,0,19,17,36,0,0,16,23,39,0,0,35,40,75,140,120,260,335
01/09/2021,VQQ,FL,ASO,ES,Federal Contract Tower,1,0,3,3,7,0,0,10,5,15,1,0,13,8,22,40,10,50,72
01/10/2021,VQQ,FL,ASO,ES,Federal Contract Tower,0,2,2,18,22,0,0,27,1,28,0,2,29,19,50,104,0,104,154
01/11/2021,VQQ,FL,ASO,ES,Federal Contract Tower,0,0,19,11,30,0,0,28,6,34,0,0,47,17,64,158,44,202,266
01/12/2021,VQQ,FL,ASO,ES,Federal Contract Tower,2,0,31,12,45,0,0,8,29,37,2,0,39,41,82,26,196,222,304
01/13/2021,VQQ,FL,ASO,ES,Federal Contract Tower,0,0,37,9,46,0,0,10,47,57,0,0,47,56,103,128,478,606,709
01/14/2021,VQQ,FL,ASO,ES,Federal Contract Tower,0,0,36,12,48,0,0,20,30,50,0,0,56,42,98,122,172,294,392
01/15/2021,VQQ,FL,ASO,ES,Federal Contract Tower,3,0,15,25,43,0,0,14,6,20,3,0,29,31,63,78,46,124,187
01/16/2021,VQQ,FL,ASO,ES,Federal Contract Tower,0,0,6,4,10,0,0,10,0,10,0,0,16,4,20,26,0,26,46
01/17/2021,VQQ,FL,ASO,ES,Federal Contract Tower,0,2,7,10,19,0,0,11,0,11,0,2,18,10,30,32,0,32,62
01/18/2021,VQQ,FL,ASO,ES,Federal Contract Tower,1,0,23,2,26,0,0,28,0,28,1,0,51,2,54,72,0,72,126
01/19/2021,VQQ,FL,ASO,ES,Federal Contract Tower,0,0,27,28,55,0,0,42,34,76,0,0,69,62,131,228,194,422,553
01/20/2021,VQQ,FL,ASO,ES,Federal Contract Tower,4,0,29,36,69,0,0,28,46,74,4,0,57,82,143,152,288,440,583
01/21/2021,VQQ,FL,ASO,ES,Federal Contract Tower,2,0,26,41,69,0,0,31,55,86,2,0,57,96,155,188,225,413,568
01/22/2021,VQQ,FL,ASO,ES,Federal Contract Tower,2,0,19,11,32,0,0,0,5,5,2,0,19,16,37,0,102,102,139
01/23/2021,VQQ,FL,ASO,ES,Federal Contract Tower,3,6,9,2,20,0,0,6,7,13,3,6,15,9,33,8,40,48,81
01/24/2021,VQQ,FL,ASO,ES,Federal Contract Tower,4,2,6,11,23,0,0,9,10,19,4,2,15,21,42,20,120,140,182
01/25/2021,VQQ,FL,ASO,ES,Federal Contract Tower,4,1,11,21,37,0,0,13,33,46,4,1,24,54,83,65,120,185,268
01/26/2021,VQQ,FL,ASO,ES,Federal Contract Tower,2,0,17,19,38,0,0,44,39,83,2,0,61,58,121,192,208,400,521
01/27/2021,VQQ,FL,ASO,ES,Federal Contract Tower,1,0,17,13,31,0,0,9,13,22,1,0,26,26,53,16,68,84,137
01/28/2021,VQQ,FL,ASO,ES,Federal Contract Tower,0,0,22,16,38,0,0,32,54,86,0,0,54,70,124,98,369,467,591
01/29/2021,VQQ,FL,ASO,ES,Federal Contract Tower,4,0,26,10,40,0,2,44,0,46,4,2,70,10,86,260,66,326,412
01/30/2021,VQQ,FL,ASO,ES,Federal Contract Tower,2,0,12,3,17,0,0,34,0,34,2,0,46,3,51,74,0,74,125
01/31/2021,VQQ,FL,ASO,ES,Federal Contract Tower,0,0,5,6,11,0,0,9,1,10,0,0,14,7,21,22,0,22,43
02/01/2021,VQQ,FL,ASO,ES,Federal Contract Tower,2,0,13,15,30,0,0,0,12,12,2,0,13,27,42,22,64,86,128
02/02/2021,VQQ,FL,ASO,ES,Federal Contract Tower,2,0,10,22,34,0,0,24,32,56,2,0,34,54,90,94,92,186,276
02/03/2021,VQQ,FL,ASO,ES,Federal Contract Tower,0,0,16,17,33,0,0,40,23,63,0,0,56,40,96,210,90,300,396
02/04/2021,VQQ,FL,ASO,ES,Federal Contract Tower,0,0,32,8,40,0,0,49,31,80,0,0,81,39,120,188,70,258,378
02/05/2021,VQQ,FL,ASO,ES,Federal Contract Tower,0,0,20,29,49,0,0,5,23,28,0,0,25,52,77,5,48,53,130
02/06/2021,VQQ,FL,ASO,ES,Federal Contract Tower,0,2,12,1,15,0,0,0,0,0,0,2,12,1,15,0,0,0,15
02/07/2021,VQQ,FL,ASO,ES,Federal Contract Tower,7,0,18,4,29,0,0,4,1,5,7,0,22,5,34,38,0,38,72
02/08/2021,VQQ,FL,ASO,ES,Federal Contract Tower,2,0,22,8,32,0,0,35,24,59,2,0,57,32,91,158,30,188,279
02/09/2021,VQQ,FL,ASO,ES,Federal Contract Tower,0,0,10,7,17,0,0,0,14,14,0,0,10,21,31,0,58,58,89
02/10/2021,VQQ,FL,ASO,ES,Federal Contract Tower,0,2,32,24,58,0,0,18,25,43,0,2,50,49,101,68,188,256,357
02/11/2021,VQQ,FL,ASO,ES,Federal Contract Tower,0,1,36,25,62,0,0,29,58,87,0,1,65,83,149,164,182,346,495
02/12/2021,VQQ,FL,ASO,ES,Federal Contract Tower,0,0,12,16,28,0,0,2,1,3,0,0,14,17,31,14,18,32,63
02/13/2021,VQQ,FL,ASO,ES,Federal Contract Tower,0,0,4,0,4,0,0,0,4,4,0,0,4,4,8,0,0,0,8
02/14/2021,VQQ,FL,ASO,ES,Federal Contract Tower,0,0,1,9,10,0,0,0,0,0,0,0,1,9,10,0,0,0,10
02/15/2021,VQQ,FL,ASO,ES,Federal Contract Tower,0,0,5,2,7,0,0,0,0,0,0,0,5,2,7,0,0,0,7
02/16/2021,VQQ,FL,ASO,ES,Federal Contract Tower,5,0,31,11,47,0,0,38,40,78,5,0,69,51,125,182,188,370,495
02/17/2021,VQQ,FL,ASO,ES,Federal Contract Tower,0,0,43,9,52,0,0,25,31,56,0,0,68,40,108,220,206,426,534
02/18/2021,VQQ,FL,ASO,ES,Federal Contract Tower,0,2,27,31,60,0,0,14,25,39,0,2,41,56,99,52,102,154,253
02/19/2021,VQQ,FL,ASO,ES,Federal Contract Tower,0,0,9,20,29,0,0,0,2,2,0,0,9,22,31,0,12,12,43
02/20/2021,VQQ,FL,ASO,ES,Federal Contract Tower,2,2,30,3,37,0,0,98,6,104,2,2,128,9,141,116,50,166,307
02/21/2021,VQQ,FL,ASO,ES,Federal Contract Tower,0,0,9,4,13,0,0,18,12,30,0,0,27,16,43,66,34,100,143
02/22/2021,VQQ,FL,ASO,ES,Federal Contract Tower,0,3,18,20,41,0,0,33,34,67,0,3,51,54,108,118,160,278,386
02/23/2021,VQQ,FL,ASO,ES,Federal Contract Tower,5,1,37,14,57,0,0,42,35,77,5,1,79,49,134,124,154,278,412
02/24/2021,VQQ,FL,ASO,ES,Federal Contract Tower,1,0,40,34,75,0,0,51,45,96,1,0,91,79,171,262,226,488,659
02/25/2021,VQQ,FL,ASO,ES,Federal Contract Tower,0,0,45,31,76,0,0,50,33,83,0,0,95,64,159,130,168,298,457
02/26/2021,VQQ,FL,ASO,ES,Federal Contract Tower,1,0,19,20,40,0,0,20,18,38,1,0,39,38,78,80,28,108,186
02/27/2021,VQQ,FL,ASO,ES,Federal Contract Tower,0,1,18,7,26,0,0,20,0,20,0,1,38,7,46,34,0,34,80
02/28/2021,VQQ,FL,ASO,ES,Federal Contract Tower,0,3,12,18,33,0,0,14,5,19,0,3,26,23,52,48,2,50,102
03/01/2021,VQQ,FL,ASO,ES,Federal Contract Tower,0,0,40,22,62,0,0,18,11,29,0,0,58,33,91,106,84,190,281
03/02/2021,VQQ,FL,ASO,ES,Federal Contract Tower,0,2,29,28,59,0,0,4,0,4,0,2,33,28,63,0,0,0,63
03/03/2021,VQQ,FL,ASO,ES,Federal Contract Tower,1,0,27,17,45,0,0,2,24,26,1,0,29,41,71,0,32,32,103
03/04/2021,VQQ,FL,ASO,ES,Federal Contract Tower,2,2,40,16,60,0,0,51,53,104,2,2,91,69,164,252,224,476,640
03/05/2021,VQQ,FL,ASO,ES,Federal Contract Tower,1,0,26,29,56,0,0,39,20,59,1,0,65,49,115,170,52,222,337
03/06/2021,VQQ,FL,ASO,ES,Federal Contract Tower,0,0,5,5,10,0,0,0,1,1,0,0,5,6,11,0,0,0,11
03/07/2021,VQQ,FL,ASO,ES,Federal Contract Tower,3,0,9,24,36,0,0,36,3,39,3,0,45,27,75,132,0,132,207
03/08/2021,VQQ,FL,ASO,ES,Federal Contract Tower,0,0,22,10,32,0,0,42,22,64,0,0,64,32,96,140,60,200,296
03/09/2021,VQQ,FL,ASO,ES,Federal Contract Tower,0,0,22,38,60,0,0,38,31,69,0,0,60,69,129,138,120,258,387
03/10/2021,VQQ,FL,ASO,ES,Federal Contract Tower,0,0,55,12,67,0,0,40,45,85,0,0,95,57,152,176,218,394,546
03/11/2021,VQQ,FL,ASO,ES,Federal Contract Tower,3,0,26,21,50,0,0,28,38,66,3,0,54,59,116,106,152,258,374
03/12/2021,VQQ,FL,ASO,ES,Federal Contract Tower,0,0,11,35,46,0,0,41,20,61,0,0,52,55,107,177,34,211,318
03/13/2021,VQQ,FL,ASO,ES,Federal Contract Tower,1,0,16,12,29,0,0,19,61,80,1,0,35,73,109,46,0,46,155
03/14/2021,VQQ,FL,ASO,ES,Federal Contract Tower,0,0,17,53,70,0,0,27,3,30,0,0,44,56,100,66,2,68,168
03/15/2021,VQQ,FL,ASO,ES,Federal Contract Tower,1,0,41,96,138,0,0,25,28,53,1,0,66,124,191,86,156,242,433
03/16/2021,VQQ,FL,ASO,ES,Federal Contract Tower,3,0,27,84,114,0,0,45,32,77,3,0,72,116,191,169,100,269,460
03/17/2021,VQQ,FL,ASO,ES,Federal Contract Tower,0,0,33,39,72,0,0,31,19,50,0,0,64,58,122,100,188,288,410
03/18/2021,VQQ,FL,ASO,ES,Federal Contract Tower,2,0,6,21,29,0,0,8,16,24,2,0,14,37,53,56,140,196,249
03/19/2021,VQQ,FL,ASO,ES,Federal Contract Tower,1,0,30,32,63,0,0,33,14,47,1,0,63,46,110,184,60,244,354
03/20/2021,VQQ,FL,ASO,ES,Federal Contract Tower,0,0,5,10,15,0,0,3,4,7,0,0,8,14,22,2,12,14,36
03/21/2021,VQQ,FL,ASO,ES,Federal Contract Tower,0,0,8,15,23,0,0,0,0,0,0,0,8,15,23,0,0,0,23
03/22/2021,VQQ,FL,ASO,ES,Federal Contract Tower,7,0,9,11,27,0,0,8,12,20,7,0,17,23,47,48,48,96,143
03/23/2021,VQQ,FL,ASO,ES,Federal Contract Tower,0,2,69,10,81,0,0,43,36,79,0,2,112,46,160,132,130,262,422
03/24/2021,VQQ,FL,ASO,ES,Federal Contract Tower,3,1,35,41,80,0,0,30,36,66,3,1,65,77,146,148,144,292,438
03/25/2021,VQQ,FL,ASO,ES,Federal Contract Tower,5,0,24,29,58,0,0,23,35,58,5,0,47,64,116,74,186,260,376
03/26/2021,VQQ,FL,ASO,ES,Federal Contract Tower,0,0,44,43,87,0,2,37,19,58,0,2,81,62,145,190,106,296,441
03/27/2021,VQQ,FL,ASO,ES,Federal Contract Tower,1,0,19,8,28,0,0,17,4,21,1,0,36,12,49,86,6,92,141
03/28/2021,VQQ,FL,ASO,ES,Federal Contract Tower,0,2,13,26,41,0,0,9,5,14,0,2,22,31,55,28,20,48,103
03/29/2021,VQQ,FL,ASO,ES,Federal Contract Tower,1,0,36,11,48,0,0,27,8,35,1,0,63,19,83,130,54,184,267
03/30/2021,VQQ,FL,ASO,ES,Federal Contract Tower,0,0,18,9,27,0,0,3,22,25,0,0,21,31,52,0,98,98,150
03/31/2021,VQQ,FL,ASO,ES,Federal Contract Tower,2,0,24,23,49,0,0,18,44,62,2,0,42,67,111,118,152,270,381
04/01/2021,VQQ,FL,ASO,ES,Federal Contract Tower,1,0,34,23,58,0,0,13,27,40,1,0,47,50,98,100,130,230,328
04/02/2021,VQQ,FL,ASO,ES,Federal Contract Tower,0,0,25,19,44,0,0,32,11,43,0,0,57,30,87,110,20,130,217
04/03/2021,VQQ,FL,ASO,ES,Federal Contract Tower,0,1,16,3,20,0,0,26,2,28,0,1,42,5,48,58,2,60,108
04/04/2021,VQQ,FL,ASO,ES,Federal Contract Tower,5,0,14,5,24,0,0,16,0,16,5,0,30,5,40,34,0,34,74
04/05/2021,VQQ,FL,ASO,ES,Federal Contract Tower,3,0,27,16,46,0,0,26,6,32,3,0,53,22,78,92,8,100,178
04/06/2021,VQQ,FL,ASO,ES,Federal Contract Tower,0,2,42,61,105,0,0,35,50,85,0,2,77,111,190,82,232,314,504
04/07/2021,VQQ,FL,ASO,ES,Federal Contract Tower,0,0,36,18,54,0,0,21,58,79,0,0,57,76,133,64,240,304,437
04/08/2021,VQQ,FL,ASO,ES,Federal Contract Tower,0,0,27,13,40,0,0,29,29,58,0,0,56,42,98,112,102,214,312
04/09/2021,VQQ,FL,ASO,ES,Federal Contract Tower,1,0,42,29,72,0,0,27,21,48,1,0,69,50,120,141,35,176,296
04/10/2021,VQQ,FL,ASO,ES,Federal Contract Tower,0,0,6,2,8,0,0,7,6,13,0,0,13,8,21,26,2,28,49
04/11/2021,VQQ,FL,ASO,ES,Federal Contract Tower,0,0,0,3,3,0,0,1,1,2,0,0,1,4,5,0,0,0,5
04/12/2021,VQQ,FL,ASO,ES,Federal Contract Tower,0,0,16,8,24,0,0,32,35,67,0,0,48,43,91,164,51,215,306
04/13/2021,VQQ,FL,ASO,ES,Federal Contract Tower,2,0,26,9,37,0,0,32,38,70,2,0,58,47,107,148,270,418,525
04/14/2021,VQQ,FL,ASO,ES,Federal Contract Tower,1,0,24,15,40,0,0,31,41,72,1,0,55,56,112,152,166,318,430
04/15/2021,VQQ,FL,ASO,ES,Federal Contract Tower,2,0,26,25,53,0,0,24,57,81,2,0,50,82,134,100,296,396,530
04/16/2021,VQQ,FL,ASO,ES,Federal Contract Tower,2,0,15,18,35,0,0,23,22,45,2,0,38,40,80,66,47,113,193
04/17/2021,VQQ,FL,ASO,ES,Federal Contract Tower,2,0,6,0,8,0,0,0,2,2,2,0,6,2,10,0,10,10,20
04/18/2021,VQQ,FL,ASO,ES,Federal Contract Tower,0,0,5,1,6,0,0,3,0,3,0,0,8,1,9,0,0,0,9
04/19/2021,VQQ,FL,ASO,ES,Federal Contract Tower,0,0,34,8,42,0,0,36,11,47,0,0,70,19,89,124,40,164,253
04/20/2021,VQQ,FL,ASO,ES,Federal Contract Tower,0,0,23,22,45,0,0,25,28,53,0,0,48,50,98,140,208,348,446
04/21/2021,VQQ,FL,ASO,ES,Federal Contract Tower,2,0,28,24,54,0,0,22,34,56,2,0,50,58,110,70,146,216,326
04/22/2021,VQQ,FL,ASO,ES,Federal Contract Tower,0,0,37,27,64,0,0,36,43,79,0,0,73,70,143,166,212,378,521
04/23/2021,VQQ,FL,ASO,ES,Federal Contract Tower,7,0,20,9,36,0,0,38,9,47,7,0,58,18,83,97,42,139,222
04/24/2021,VQQ,FL,ASO,ES,Federal Contract Tower,0,0,8,7,15,0,0,3,2,5,0,0,11,9,20,10,0,10,30
04/25/2021,VQQ,FL,ASO,ES,Federal Contract Tower,3,0,21,7,31,0,0,31,0,31,3,0,52,7,62,74,0,74,136
04/26/2021,VQQ,FL,ASO,ES,Federal Contract Tower,0,0,16,2,18,0,0,22,23,45,0,0,38,25,63,78,32,110,173
04/27/2021,VQQ,FL,ASO,ES,Federal Contract Tower,0,0,37,7,44,0,0,33,38,71,0,0,70,45,115,254,234,488,603
04/28/2021,VQQ,FL,ASO,ES,Federal Contract Tower,4,0,28,12,44,0,0,30,38,68,4,0,58,50,112,122,104,226,338
04/29/2021,VQQ,FL,ASO,ES,Federal Contract Tower,0,0,33,24,57,0,0,51,39,90,0,0,84,63,147,194,197,391,538
04/30/2021,VQQ,FL,ASO,ES,Federal Contract Tower,1,0,20,6,27,0,0,10,16,26,1,0,30,22,53,58,50,108,161
05/01/2021,VQQ,FL,ASO,ES,Federal Contract Tower,2,0,15,0,17,0,0,13,0,13,2,0,28,0,30,62,0,62,92
05/02/2021,VQQ,FL,ASO,ES,Federal Contract Tower,0,0,15,6,21,0,0,8,0,8,0,0,23,6,29,8,0,8,37
05/03/2021,VQQ,FL,ASO,ES,Federal Contract Tower,0,2,19,16,37,0,0,37,9,46,0,2,56,25,83,160,94,254,337
05/04/2021,VQQ,FL,ASO,ES,Federal Contract Tower,0,0,27,23,50,0,0,32,39,71,0,0,59,62,121,108,296,404,525
05/05/2021,VQQ,FL,ASO,ES,Federal Contract Tower,0,0,28,40,68,0,0,34,47,81,0,0,62,87,149,88,248,336,485
05/06/2021,VQQ,FL,ASO,ES,Federal Contract Tower,0,0,7,8,15,0,0,10,34,44,0,0,17,42,59,82,230,312,371
05/07/2021,VQQ,FL,ASO,ES,Federal Contract Tower,0,2,34,18,54,0,0,32,22,54,0,2,66,40,108,94,28,122,230
05/08/2021,VQQ,FL,ASO,ES,Federal Contract Tower,1,0,20,12,33,0,0,27,3,30,1,0,47,15,63,48,22,70,133
05/09/2021,VQQ,FL,ASO,ES,Federal Contract Tower,0,0,13,4,17,0,0,13,0,13,0,0,26,4,30,52,0,52,82
05/10/2021,VQQ,FL,ASO,ES,Federal Contract Tower,2,1,28,6,37,0,0,9,31,40,2,1,37,37,77,68,92,160,237
05/11/2021,VQQ,FL,ASO,ES,Federal Contract Tower,3,1,24,15,43,0,0,36,35,71,3,1,60,50,114,126,184,310,424
05/12/2021,VQQ,FL,ASO,ES,Federal Contract Tower,1,1,27,18,47,0,0,44,23,67,1,1,71,41,114,198,116,314,428
05/13/2021,VQQ,FL,ASO,ES,Federal Contract Tower,0,3,34,10,47,0,0,0,15,15,0,3,34,25,62,0,98,98,160
05/14/2021,VQQ,FL,ASO,ES,Federal Contract Tower,0,0,33,37,70,0,0,27,21,48,0,0,60,58,118,126,66,192,310
05/15/2021,VQQ,FL,ASO,ES,Federal Contract Tower,0,0,9,3,12,0,0,19,2,21,0,0,28,5,33,54,0,54,87
05/16/2021,VQQ,FL,ASO,ES,Federal Contract Tower,0,0,24,3,27,0,0,18,3,21,0,0,42,6,48,46,34,80,128
05/17/2021,VQQ,FL,ASO,ES,Federal Contract Tower,0,0,52,19,71,0,0,47,26,73,0,0,99,45,144,106,86,192,336
05/18/2021,VQQ,FL,ASO,ES,Federal Contract Tower,0,0,57,41,98,0,0,26,44,70,0,0,83,85,168,160,188,348,516
05/19/2021,VQQ,FL,ASO,ES,Federal Contract Tower,6,4,33,22,65,0,0,25,45,70,6,4,58,67,135,104,258,362,497
05/20/2021,VQQ,FL,ASO,ES,Federal Contract Tower,0,0,42,33,75,0,0,38,37,75,0,0,80,70,150,126,180,306,456
05/21/2021,VQQ,FL,ASO,ES,Federal Contract Tower,1,1,41,46,89,0,0,17,21,38,1,1,58,67,127,88,20,108,235
05/22/2021,VQQ,FL,ASO,ES,Federal Contract Tower,0,1,14,10,25,0,0,21,2,23,0,1,35,12,48,38,8,46,94
05/23/2021,VQQ,FL,ASO,ES,Federal Contract Tower,0,0,18,5,23,0,0,20,2,22,0,0,38,7,45,44,0,44,89
05/24/2021,VQQ,FL,ASO,ES,Federal Contract Tower,2,0,36,21,59,0,0,31,22,53,2,0,67,43,112,106,82,188,300
05/25/2021,VQQ,FL,ASO,ES,Federal Contract Tower,0,0,23,15,38,0,0,42,49,91,0,0,65,64,129,114,216,330,459
05/26/2021,VQQ,FL,ASO,ES,Federal Contract Tower,0,2,21,13,36,0,2,38,26,66,0,4,59,39,102,60,116,176,278
05/27/2021,VQQ,FL,ASO,ES,Federal Contract Tower,1,0,19,5,25,0,0,30,13,43,1,0,49,18,68,94,30,124,192
05/28/2021,VQQ,FL,ASO,ES,Federal Contract Tower,1,0,22,8,31,0,0,35,10,45,1,0,57,18,76,55,12,67,143
05/29/2021,VQQ,FL,ASO,ES,Federal Contract Tower,0,0,10,1,11,0,0,18,0,18,0,0,28,1,29,46,0,46,75
05/30/2021,VQQ,FL,ASO,ES,Federal Contract Tower,4,0,6,3,13,0,0,6,0,6,4,0,12,3,19,10,0,10,29
05/31/2021,VQQ,FL,ASO,ES,Federal Contract Tower,0,0,19,2,21,0,0,30,0,30,0,0,49,2,51,84,0,84,135
06/01/2021,VQQ,FL,ASO,ES,Federal Contract Tower,2,0,33,7,42,0,0,38,18,56,2,0,71,25,98,164,104,268,366
06/02/2021,VQQ,FL,ASO,ES,Federal Contract Tower,2,0,26,2,30,0,0,15,18,33,2,0,41,20,63,50,60,110,173
06/03/2021,VQQ,FL,ASO,ES,Federal Contract Tower,1,0,18,13,32,0,0,14,12,26,1,0,32,25,58,154,146,300,358
06/04/2021,VQQ,FL,ASO,ES,Federal Contract Tower,2,1,37,16,56,0,0,22,15,37,2,1,59,31,93,16,60,76,169
06/05/2021,VQQ,FL,ASO,ES,Federal Contract Tower,3,0,5,1,9,0,0,8,3,11,3,0,13,4,20,62,18,80,100
06/06/2021,VQQ,FL,ASO,ES,Federal Contract Tower,2,0,10,1,13,0,0,16,4,20,2,0,26,5,33,56,28,84,117
06/07/2021,VQQ,FL,ASO,ES,Federal Contract Tower,2,0,14,10,26,0,0,12,12,24,2,0,26,22,50,94,62,156,206
06/08/2021,VQQ,FL,ASO,ES,Federal Contract Tower,0,0,33,18,51,0,0,28,34,62,0,0,61,52,113,122,368,490,603
06/09/2021,VQQ,FL,ASO,ES,Federal Contract Tower,1,0,17,13,31,0,0,21,31,52,1,0,38,44,83,80,104,184,267
06/10/2021,VQQ,FL,ASO,ES,Federal Contract Tower,2,0,36,9,47,0,0,26,30,56,2,0,62,39,103,58,166,224,327
06/11/2021,VQQ,FL,ASO,ES,Federal Contract Tower,2,0,21,8,31,0,0,36,20,56,2,0,57,28,87,122,38,160,247
06/12/2021,VQQ,FL,ASO,ES,Federal Contract Tower,0,0,4,6,10,0,0,13,4,17,0,0,17,10,27,20,2,22,49
06/13/2021,VQQ,FL,ASO,ES,Federal Contract Tower,0,0,14,3,17,0,0,5,9,14,0,0,19,12,31,6,12,18,49
06/14/2021,VQQ,FL,ASO,ES,Federal Contract Tower,1,0,9,24,34,0,0,5,6,11,1,0,14,30,45,0,8,8,53
06/15/2021,VQQ,FL,ASO,ES,Federal Contract Tower,0,0,41,10,51,0,0,20,23,43,0,0,61,33,94,42,100,142,236
06/16/2021,VQQ,FL,ASO,ES,Federal Contract Tower,0,2,18,5,25,0,0,22,11,33,0,2,40,16,58,40,26,66,124
06/17/2021,VQQ,FL,ASO,ES,Federal Contract Tower,2,0,44,10,56,0,0,31,23,54,2,0,75,33,110,138,78,216,326
06/18/2021,VQQ,FL,ASO,ES,Federal Contract Tower,1,0,37,7,45,0,0,28,3,31,1,0,65,10,76,112,0,112,188
06/19/2021,VQQ,FL,ASO,ES,Federal Contract Tower,0,0,7,4,11,0,1,11,0,12,0,1,18,4,23,18,0,18,41
06/20/2021,VQQ,FL,ASO,ES,Federal Contract Tower,0,0,7,4,11,0,0,2,0,2,0,0,9,4,13,0,0,0,13
06/21/2021,VQQ,FL,ASO,ES,Federal Contract Tower,1,0,10,2,13,0,0,20,0,20,1,0,30,2,33,70,0,70,103
06/22/2021,VQQ,FL,ASO,ES,Federal Contract Tower,0,0,15,20,35,0,0,21,29,50,0,0,36,49,85,70,176,246,331
06/23/2021,VQQ,FL,ASO,ES,Federal Contract Tower,3,1,19,9,32,0,0,3,20,23,3,1,22,29,55,16,58,74,129
06/24/2021,VQQ,FL,ASO,ES,Federal Contract Tower,0,5,14,16,35,0,0,3,23,26,0,5,17,39,61,20,124,144,205
06/25/2021,VQQ,FL,ASO,ES,Federal Contract Tower,2,2,8,2,14,0,0,12,10,22,2,2,20,12,36,46,22,68,104
06/26/2021,VQQ,FL,ASO,ES,Federal Contract Tower,0,0,11,2,13,0,0,2,0,2,0,0,13,2,15,4,0,4,19
06/27/2021,VQQ,FL,ASO,ES,Federal Contract Tower,0,0,14,11,25,0,0,12,0,12,0,0,26,11,37,30,0,30,67
06/28/2021,VQQ,FL,ASO,ES,Federal Contract Tower,1,0,31,18,50,0,0,38,13,51,1,0,69,31,101,136,26,162,263
06/29/2021,VQQ,FL,ASO,ES,Federal Contract Tower,3,0,36,32,71,0,0,29,21,50,3,0,65,53,121,124,134,258,379
06/30/2021,VQQ,FL,ASO,ES,Federal Contract Tower,1,0,10,23,34,0,0,23,33,56,1,0,33,56,90,86,144,230,320
07/01/2021,VQQ,FL,ASO,ES,Federal Contract Tower,0,0,16,14,30,0,0,11,17,28,0,0,27,31,58,68,106,174,232
07/02/2021,VQQ,FL,ASO,ES,Federal Contract Tower,0,0,12,8,20,0,0,4,0,4,0,0,16,8,24,12,0,12,36
07/03/2021,VQQ,FL,ASO,ES,Federal Contract Tower,0,3,7,0,10,0,0,13,0,13,0,3,20,0,23,40,0,40,63
07/04/2021,VQQ,FL,ASO,ES,Federal Contract Tower,0,2,0,0,2,0,0,9,1,10,0,2,9,1,12,18,0,18,30
07/05/2021,VQQ,FL,ASO,ES,Federal Contract Tower,2,0,40,1,43,0,0,27,0,27,2,0,67,1,70,84,0,84,154
07/06/2021,VQQ,FL,ASO,ES,Federal Contract Tower,2,0,34,12,48,0,0,12,28,40,2,0,46,40,88,138,24,162,250
07/07/2021,VQQ,FL,ASO,ES,Federal Contract Tower,1,0,2,0,3,0,0,0,0,0,1,0,2,0,3,0,0,0,3
07/08/2021,VQQ,FL,ASO,ES,Federal Contract Tower,2,0,16,21,39,0,0,21,54,75,2,0,37,75,114,146,280,426,540
07/09/2021,VQQ,FL,ASO,ES,Federal Contract Tower,1,0,19,29,49,0,4,12,25,41,1,4,31,54,90,66,122,188,278
07/10/2021,VQQ,FL,ASO,ES,Federal Contract Tower,0,0,15,0,15,0,0,13,0,13,0,0,28,0,28,36,0,36,64
07/11/2021,VQQ,FL,ASO,ES,Federal Contract Tower,9,0,5,2,16,0,0,16,0,16,9,0,21,2,32,58,0,58,90
07/12/2021,VQQ,FL,ASO,ES,Federal Contract Tower,0,4,17,28,49,0,0,30,18,48,0,4,47,46,97,202,108,310,407
07/13/2021,VQQ,FL,ASO,ES,Federal Contract Tower,0,2,31,10,43,0,0,43,27,70,0,2,74,37,113,128,112,240,353
07/14/2021,VQQ,FL,ASO,ES,Federal Contract Tower,2,0,49,24,75,0,0,32,38,70,2,0,81,62,145,102,246,348,493
07/15/2021,VQQ,FL,ASO,ES,Federal Contract Tower,0,0,40,18,58,0,2,37,28,67,0,2,77,46,125,86,180,266,391
07/16/2021,VQQ,FL,ASO,ES,Federal Contract Tower,0,0,19,77,96,0,0,26,36,62,0,0,45,113,158,92,48,140,298
07/17/2021,VQQ,FL,ASO,ES,Federal Contract Tower,1,0,7,6,14,0,0,15,8,23,1,0,22,14,37,38,32,70,107
07/18/2021,VQQ,FL,ASO,ES,Federal Contract Tower,0,1,9,8,18,0,1,13,7,21,0,2,22,15,39,31,0,31,70
07/19/2021,VQQ,FL,ASO,ES,Federal Contract Tower,3,0,14,1,18,0,0,40,18,58,3,0,54,19,76,134,50,184,260
07/20/2021,VQQ,FL,ASO,ES,Federal Contract Tower,1,0,30,18,49,0,0,28,35,63,1,0,58,53,112,144,208,352,464
07/21/2021,VQQ,FL,ASO,ES,Federal Contract Tower,0,0,28,9,37,0,0,40,38,78,0,0,68,47,115,88,170,258,373
07/22/2021,VQQ,FL,ASO,ES,Federal Contract Tower,0,3,41,6,50,0,0,37,24,61,0,3,78,30,111,142,42,184,295
07/23/2021,VQQ,FL,ASO,ES,Federal Contract Tower,0,3,22,28,53,0,0,17,17,34,0,3,39,45,87,70,74,144,231
07/24/2021,VQQ,FL,ASO,ES,Federal Contract Tower,0,0,4,6,10,0,3,15,0,18,0,3,19,6,28,42,0,42,70
07/25/2021,VQQ,FL,ASO,ES,Federal Contract Tower,2,0,5,9,16,0,0,14,0,14,2,0,19,9,30,46,0,46,76
07/26/2021,VQQ,FL,ASO,ES,Federal Contract Tower,4,0,16,29,49,0,0,2,10,12,4,0,18,39,61,10,12,22,83
07/27/2021,VQQ,FL,ASO,ES,Federal Contract Tower,2,2,20,15,39,0,0,20,29,49,2,2,40,44,88,52,132,184,272
07/28/2021,VQQ,FL,ASO,ES,Federal Contract Tower,5,2,35,22,64,0,0,29,30,59,5,2,64,52,123,106,240,346,469
07/29/2021,VQQ,FL,ASO,ES,Federal Contract Tower,1,2,31,6,40,0,2,29,40,71,1,4,60,46,111,126,136,262,373
07/30/2021,VQQ,FL,ASO,ES,Federal Contract Tower,2,0,30,20,52,0,0,24,27,51,2,0,54,47,103,44,22,66,169
07/31/2021,VQQ,FL,ASO,ES,Federal Contract Tower,0,0,6,3,9,0,0,16,29,45,0,0,22,32,54,50,32,82,136
08/01/2021,VQQ,FL,ASO,ES,Federal Contract Tower,0,2,10,7,19,0,0,15,9,24,0,2,25,16,43,46,24,70,113
08/02/2021,VQQ,FL,ASO,ES,Federal Contract Tower,1,1,29,5,36,0,0,27,0,27,1,1,56,5,63,122,20,142,205
08/03/2021,VQQ,FL,ASO,ES,Federal Contract Tower,0,0,21,19,40,0,0,6,6,12,0,0,27,25,52,16,42,58,110
08/04/2021,VQQ,FL,ASO,ES,Federal Contract Tower,5,0,40,25,70,0,0,8,11,19,5,0,48,36,89,60,120,180,269
08/05/2021,VQQ,FL,ASO,ES,Federal Contract Tower,2,0,29,6,37,0,0,8,11,19,2,0,37,17,56,36,50,86,142
08/06/2021,VQQ,FL,ASO,ES,Federal Contract Tower,1,1,12,8,22,0,0,27,5,32,1,1,39,13,54,159,48,207,261
08/07/2021,VQQ,FL,ASO,ES,Federal Contract Tower,0,3,5,4,12,0,2,16,0,18,0,5,21,4,30,62,0,62,92
08/08/2021,VQQ,FL,ASO,ES,Federal Contract Tower,4,1,21,3,29,0,0,11,2,13,4,1,32,5,42,35,20,55,97
08/09/2021,VQQ,FL,ASO,ES,Federal Contract Tower,0,3,22,13,38,0,0,36,11,47,0,3,58,24,85,140,42,182,267
08/10/2021,VQQ,FL,ASO,ES,Federal Contract Tower,1,0,21,24,46,0,0,20,19,39,1,0,41,43,85,189,140,329,414
08/11/2021,VQQ,FL,ASO,ES,Federal Contract Tower,0,0,22,26,48,0,0,41,31,72,0,0,63,57,120,221,212,433,553
08/12/2021,VQQ,FL,ASO,ES,Federal Contract Tower,2,0,30,18,50,0,1,42,22,65,2,1,72,40,115,227,235,462,577
08/13/2021,VQQ,FL,ASO,ES,Federal Contract Tower,0,1,22,9,32,0,0,35,11,46,0,1,57,20,78,93,46,139,217
08/14/2021,VQQ,FL,ASO,ES,Federal Contract Tower,1,0,9,1,11,0,0,13,0,13,1,0,22,1,24,58,0,58,82
08/15/2021,VQQ,FL,ASO,ES,Federal Contract Tower,0,4,9,0,13,0,0,20,0,20,0,4,29,0,33,58,0,58,91
08/16/2021,VQQ,FL,ASO,ES,Federal Contract Tower,0,0,13,3,16,0,0,8,20,28,0,0,21,23,44,44,18,62,106
08/17/2021,VQQ,FL,ASO,ES,Federal Contract Tower,1,0,23,16,40,0,0,13,44,57,1,0,36,60,97,52,194,246,343
08/18/2021,VQQ,FL,ASO,ES,Federal Contract Tower,2,0,19,13,34,0,0,32,35,67,2,0,51,48,101,162,162,324,425
08/19/2021,VQQ,FL,ASO,ES,Federal Contract Tower,1,0,37,16,54,0,0,35,41,76,1,0,72,57,130,140,270,410,540
08/20/2021,VQQ,FL,ASO,ES,Federal Contract Tower,0,0,9,10,19,0,0,33,28,61,0,0,42,38,80,114,56,170,250
08/21/2021,VQQ,FL,ASO,ES,Federal Contract Tower,3,0,5,9,17,0,0,23,5,28,3,0,28,14,45,74,10,84,129
08/22/2021,VQQ,FL,ASO,ES,Federal Contract Tower,1,2,12,2,17,0,0,13,0,13,1,2,25,2,30,16,0,16,46
08/23/2021,VQQ,FL,ASO,ES,Federal Contract Tower,4,0,16,35,55,0,0,18,17,35,4,0,34,52,90,56,26,82,172
08/24/2021,VQQ,FL,ASO,ES,Federal Contract Tower,0,2,24,33,59,0,0,12,18,30,0,2,36,51,89,104,152,256,345
08/25/2021,VQQ,FL,ASO,ES,Federal Contract Tower,1,0,14,34,49,0,0,19,45,64,1,0,33,79,113,74,276,350,463
08/26/2021,VQQ,FL,ASO,ES,Federal Contract Tower,2,2,18,12,34,0,0,12,40,52,2,2,30,52,86,12,292,304,390
08/27/2021,VQQ,FL,ASO,ES,Federal Contract Tower,0,2,36,41,79,0,0,20,15,35,0,2,56,56,114,66,30,96,210
08/28/2021,VQQ,FL,ASO,ES,Federal Contract Tower,1,0,20,0,21,0,0,13,0,13,1,0,33,0,34,44,0,44,78
08/29/2021,VQQ,FL,ASO,ES,Federal Contract Tower,0,0,18,14,32,0,0,10,3,13,0,0,28,17,45,80,0,80,125
08/30/2021,VQQ,FL,ASO,ES,Federal Contract Tower,0,2,21,4,27,0,1,22,14,37,0,3,43,18,64,56,12,68,132
08/31/2021,VQQ,FL,ASO,ES,Federal Contract Tower,2,0,22,43,67,0,0,17,32,49,2,0,39,75,116,104,210,314,430
09/01/2021,VQQ,FL,ASO,ES,Federal Contract Tower,1,0,22,21,44,0,0,4,26,30,1,0,26,47,74,16,150,166,240
09/02/2021,VQQ,FL,ASO,ES,Federal Contract Tower,0,0,43,6,49,0,0,18,31,49,0,0,61,37,98,62,86,148,246
09/03/2021,VQQ,FL,ASO,ES,Federal Contract Tower,0,0,16,6,22,0,2,25,8,35,0,2,41,14,57,103,18,121,178
09/04/2021,VQQ,FL,ASO,ES,Federal Contract Tower,1,0,17,6,24,0,0,25,0,25,1,0,42,6,49,102,0,102,151
09/05/2021,VQQ,FL,ASO,ES,Federal Contract Tower,2,0,13,9,24,0,0,13,0,13,2,0,26,9,37,68,0,68,105
09/06/2021,VQQ,FL,ASO,ES,Federal Contract Tower,0,0,29,4,33,0,0,19,0,19,0,0,48,4,52,114,0,114,166
09/07/2021,VQQ,FL,ASO,ES,Federal Contract Tower,6,0,20,4,30,0,0,20,25,45,6,0,40,29,75,108,72,180,255
09/08/2021,VQQ,FL,ASO,ES,Federal Contract Tower,0,0,22,5,27,0,0,22,40,62,0,0,44,45,89,116,122,238,327
09/09/2021,VQQ,FL,ASO,ES,Federal Contract Tower,0,0,32,9,41,0,0,19,29,48,0,0,51,38,89,28,116,144,233
09/10/2021,VQQ,FL,ASO,ES,Federal Contract Tower,0,0,26,13,39,0,0,19,23,42,0,0,45,36,81,70,52,122,203
09/11/2021,VQQ,FL,ASO,ES,Federal Contract Tower,0,0,23,12,35,0,0,35,0,35,0,0,58,12,70,100,10,110,180
09/12/2021,VQQ,FL,ASO,ES,Federal Contract Tower,0,0,16,9,25,0,0,18,1,19,0,0,34,10,44,102,0,102,146
09/13/2021,VQQ,FL,ASO,ES,Federal Contract Tower,4,0,32,75,111,0,0,24,30,54,4,0,56,105,165,60,146,206,371
09/14/2021,VQQ,FL,ASO,ES,Federal Contract Tower,0,3,12,33,48,0,0,27,35,62,0,3,39,68,110,104,234,338,448
09/15/2021,VQQ,FL,ASO,ES,Federal Contract Tower,3,4,20,33,60,0,1,22,41,64,3,5,42,74,124,112,176,288,412
09/16/2021,VQQ,FL,ASO,ES,Federal Contract Tower,1,2,33,21,57,0,0,27,46,73,1,2,60,67,130,114,414,528,658
09/17/2021,VQQ,FL,ASO,ES,Federal Contract Tower,2,3,10,38,53,0,0,14,21,35,2,3,24,59,88,18,58,76,164
09/18/2021,VQQ,FL,ASO,ES,Federal Contract Tower,2,2,16,5,25,0,0,8,54,62,2,2,24,59,87,48,0,48,135
09/19/2021,VQQ,FL,ASO,ES,Federal Contract Tower,1,2,13,40,56,0,0,2,2,4,1,2,15,42,60,8,0,8,68
09/20/2021,VQQ,FL,ASO,ES,Federal Contract Tower,1,0,17,31,49,0,0,13,9,22,1,0,30,40,71,12,48,60,131
09/21/2021,VQQ,FL,ASO,ES,Federal Contract Tower,0,2,15,85,102,0,0,17,31,48,0,2,32,116,150,106,230,336,486
09/22/2021,VQQ,FL,ASO,ES,Federal Contract Tower,1,2,29,33,65,0,0,22,43,65,1,2,51,76,130,58,208,266,396
09/23/2021,VQQ,FL,ASO,ES,Federal Contract Tower,1,0,40,26,67,0,0,52,35,87,1,0,92,61,154,90,186,276,430
09/24/2021,VQQ,FL,ASO,ES,Federal Contract Tower,1,0,55,2,58,0,0,57,21,78,1,0,112,23,136,97,36,133,269
09/25/2021,VQQ,FL,ASO,ES,Federal Contract Tower,0,0,25,12,37,0,0,41,0,41,0,0,66,12,78,128,0,128,206
09/26/2021,VQQ,FL,ASO,ES,Federal Contract Tower,2,0,18,0,20,0,0,40,0,40,2,0,58,0,60,166,0,166,226
09/27/2021,VQQ,FL,ASO,ES,Federal Contract Tower,1,0,30,11,42,0,0,56,25,81,1,0,86,36,123,234,82,316,439
09/28/2021,VQQ,FL,ASO,ES,Federal Contract Tower,2,0,25,11,38,0,0,57,29,86,2,0,82,40,124,182,168,350,474
09/29/2021,VQQ,FL,ASO,ES,Federal Contract Tower,0,0,44,18,62,0,0,50,39,89,0,0,94,57,151,110,110,220,371
09/30/2021,VQQ,FL,ASO,ES,Federal Contract Tower,0,0,30,23,53,0,0,42,40,82,0,0,72,63,135,110,116,226,361
10/01/2021,VQQ,FL,ASO,ES,Federal Contract Tower,0,0,46,18,64,0,3,64,22,89,0,3,110,40,153,206,34,240,393
10/02/2021,VQQ,FL,ASO,ES,Federal Contract Tower,4,1,18,3,26,0,0,21,0,21,4,1,39,3,47,96,0,96,143
10/03/2021,VQQ,FL,ASO,ES,Federal Contract Tower,0,1,18,7,26,0,0,24,2,26,0,1,42,9,52,110,0,110,162
10/04/2021,VQQ,FL,ASO,ES,Federal Contract Tower,0,2,25,1,28,0,0,37,0,37,0,2,62,1,65,142,0,142,207
10/05/2021,VQQ,FL,ASO,ES,Federal Contract Tower,1,2,35,28,66,0,0,39,35,74,1,2,74,63,140,130,108,238,378
10/06/2021,VQQ,FL,ASO,ES,Federal Contract Tower,3,4,24,16,47,0,0,25,41,66,3,4,49,57,113,28,244,272,385
10/07/2021,VQQ,FL,ASO,ES,Federal Contract Tower,0,7,57,27,91,0,0,36,53,89,0,7,93,80,180,96,234,330,510
10/08/2021,VQQ,FL,ASO,ES,Federal Contract Tower,1,2,32,12,47,0,0,14,0,14,1,2,46,12,61,54,0,54,115
10/09/2021,VQQ,FL,ASO,ES,Federal Contract Tower,1,0,28,2,31,0,0,20,0,20,1,0,48,2,51,54,0,54,105
10/10/2021,VQQ,FL,ASO,ES,Federal Contract Tower,0,4,10,8,22,0,0,20,0,20,0,4,30,8,42,108,0,108,150
10/11/2021,VQQ,FL,ASO,ES,Federal Contract Tower,0,0,34,4,38,0,0,56,0,56,0,0,90,4,94,260,0,260,354
10/12/2021,VQQ,FL,ASO,ES,Federal Contract Tower,2,0,36,27,65,0,0,21,34,55,2,0,57,61,120,118,146,264,384
10/13/2021,VQQ,FL,ASO,ES,Federal Contract Tower,0,0,39,19,58,0,0,55,40,95,0,0,94,59,153,176,106,282,435
10/14/2021,VQQ,FL,ASO,ES,Federal Contract Tower,1,2,66,41,110,0,0,47,40,87,1,2,113,81,197,220,169,389,586
10/15/2021,VQQ,FL,ASO,ES,Federal Contract Tower,2,0,28,10,40,0,0,51,37,88,2,0,79,47,128,199,48,247,375
10/16/2021,VQQ,FL,ASO,ES,Federal Contract Tower,4,0,19,2,25,0,0,31,15,46,4,0,50,17,71,134,22,156,227
10/17/2021,VQQ,FL,ASO,ES,Federal Contract Tower,0,0,24,5,29,0,0,35,3,38,0,0,59,8,67,170,70,240,307
10/18/2021,VQQ,FL,ASO,ES,Federal Contract Tower,0,0,25,12,37,0,0,33,26,59,0,0,58,38,96,132,110,242,338
10/19/2021,VQQ,FL,ASO,ES,Federal Contract Tower,0,0,21,15,36,0,0,53,51,104,0,0,74,66,140,210,88,298,438
10/20/2021,VQQ,FL,ASO,ES,Federal Contract Tower,1,2,40,27,70,0,0,52,44,96,1,2,92,71,166,182,90,272,438
10/21/2021,VQQ,FL,ASO,ES,Federal Contract Tower,5,0,40,10,55,0,0,27,37,64,5,0,67,47,119,112,160,272,391
10/22/2021,VQQ,FL,ASO,ES,Federal Contract Tower,1,0,24,20,45,0,0,36,16,52,1,0,60,36,97,146,8,154,251
10/23/2021,VQQ,FL,ASO,ES,Federal Contract Tower,1,0,9,0,10,0,0,23,8,31,1,0,32,8,41,64,0,64,105
10/24/2021,VQQ,FL,ASO,ES,Federal Contract Tower,1,1,21,4,27,0,0,25,23,48,1,1,46,27,75,114,98,212,287
10/25/2021,VQQ,FL,ASO,ES,Federal Contract Tower,4,1,18,25,48,0,0,5,16,21,4,1,23,41,69,54,72,126,195
10/26/2021,VQQ,FL,ASO,ES,Federal Contract Tower,9,4,40,13,66,0,1,37,25,63,9,5,77,38,129,188,154,342,471
10/27/2021,VQQ,FL,ASO,ES,Federal Contract Tower,0,4,37,35,76,0,0,81,45,126,0,4,118,80,202,196,102,298,500
10/28/2021,VQQ,FL,ASO,ES,Federal Contract Tower,3,1,12,21,37,0,0,0,19,19,3,1,12,40,56,0,108,108,164
10/29/2021,VQQ,FL,ASO,ES,Federal Contract Tower,4,2,27,39,72,0,0,34,22,56,4,2,61,61,128,156,36,192,320
10/30/2021,VQQ,FL,ASO,ES,Federal Contract Tower,0,0,30,6,36,0,0,34,6,40,0,0,64,12,76,86,0,86,162
10/31/2021,VQQ,FL,ASO,ES,Federal Contract Tower,0,2,19,44,65,0,0,18,0,18,0,2,37,44,83,94,0,94,177
11/01/2021,VQQ,FL,ASO,ES,Federal Contract Tower,2,2,28,45,77,0,0,44,3,47,2,2,72,48,124,138,28,166,290
11/02/2021,VQQ,FL,ASO,ES,Federal Contract Tower,0,0,51,24,75,0,0,48,22,70,0,0,99,46,145,186,52,238,383
11/03/2021,VQQ,FL,ASO,ES,Federal Contract Tower,0,0,25,28,53,0,0,38,44,82,0,0,63,72,135,148,202,350,485
11/04/2021,VQQ,FL,ASO,ES,Federal Contract Tower,4,2,28,13,47,0,0,6,42,48,4,2,34,55,95,34,124,158,253
11/05/2021,VQQ,FL,ASO,ES,Federal Contract Tower,1,1,7,24,33,0,0,0,3,3,1,1,7,27,36,0,4,4,40
11/06/2021,VQQ,FL,ASO,ES,Federal Contract Tower,2,1,4,0,7,0,0,0,2,2,2,1,4,2,9,0,8,8,17
11/07/2021,VQQ,FL,ASO,ES,Federal Contract Tower,0,0,19,12,31,0,0,8,1,9,0,0,27,13,40,18,0,18,58
11/08/2021,VQQ,FL,ASO,ES,Federal Contract Tower,0,0,28,19,47,0,0,23,22,45,0,0,51,41,92,104,116,220,312
11/09/2021,VQQ,FL,ASO,ES,Federal Contract Tower,0,2,43,13,58,0,0,49,60,109,0,2,92,73,167,180,294,474,641
11/10/2021,VQQ,FL,ASO,ES,Federal Contract Tower,0,0,38,18,56,0,0,59,46,105,0,0,97,64,161,160,70,230,391
11/11/2021,VQQ,FL,ASO,ES,Federal Contract Tower,0,2,43,0,45,0,0,17,0,17,0,2,60,0,62,50,0,50,112
11/12/2021,VQQ,FL,ASO,ES,Federal Contract Tower,0,3,32,6,41,0,0,34,0,34,0,3,66,6,75,80,0,80,155
11/13/2021,VQQ,FL,ASO,ES,Federal Contract Tower,0,0,24,0,24,0,0,18,0,18,0,0,42,0,42,58,0,58,100
11/14/2021,VQQ,FL,ASO,ES,Federal Contract Tower,2,0,7,1,10,0,0,31,2,33,2,0,38,3,43,56,0,56,99
11/15/2021,VQQ,FL,ASO,ES,Federal Contract Tower,4,0,39,15,58,0,0,34,20,54,4,0,73,35,112,92,116,208,320
11/16/2021,VQQ,FL,ASO,ES,Federal Contract Tower,0,0,28,32,60,0,0,43,38,81,0,0,71,70,141,232,156,388,529
11/17/2021,VQQ,FL,ASO,ES,Federal Contract Tower,0,5,50,15,70,0,1,44,42,87,0,6,94,57,157,124,232,356,513
11/18/2021,VQQ,FL,ASO,ES,Federal Contract Tower,0,0,36,32,68,0,0,40,42,82,0,0,76,74,150,172,264,436,586
11/19/2021,VQQ,FL,ASO,ES,Federal Contract Tower,0,0,45,13,58,0,0,30,19,49,0,0,75,32,107,134,42,176,283
11/20/2021,VQQ,FL,ASO,ES,Federal Contract Tower,8,0,22,5,35,0,0,4,0,4,8,0,26,5,39,4,8,12,51
11/21/2021,VQQ,FL,ASO,ES,Federal Contract Tower,2,0,21,16,39,0,0,12,0,12,2,0,33,16,51,26,0,26,77
11/22/2021,VQQ,FL,ASO,ES,Federal Contract Tower,5,0,33,18,56,0,0,35,16,51,5,0,68,34,107,32,61,93,200
11/23/2021,VQQ,FL,ASO,ES,Federal Contract Tower,1,0,51,39,91,0,0,61,43,104,1,0,112,82,195,168,230,398,593
11/24/2021,VQQ,FL,ASO,ES,Federal Contract Tower,0,0,44,3,47,0,0,40,8,48,0,0,84,11,95,78,0,78,173
11/25/2021,VQQ,FL,ASO,ES,Federal Contract Tower,0,0,9,1,10,0,0,0,0,0,0,0,9,1,10,0,0,0,10
11/26/2021,VQQ,FL,ASO,ES,Federal Contract Tower,2,2,19,2,25,0,0,8,0,8,2,2,27,2,33,12,0,12,45
11/27/2021,VQQ,FL,ASO,ES,Federal Contract Tower,3,2,33,0,38,0,0,22,0,22,3,2,55,0,60,80,0,80,140
11/28/2021,VQQ,FL,ASO,ES,Federal Contract Tower,0,0,20,9,29,0,0,13,1,14,0,0,33,10,43,42,6,48,91
11/29/2021,VQQ,FL,ASO,ES,Federal Contract Tower,2,0,34,8,44,0,0,76,17,93,2,0,110,25,137,180,62,242,379
11/30/2021,VQQ,FL,ASO,ES,Federal Contract Tower,1,5,53,18,77,0,0,24,46,70,1,5,77,64,147,138,138,276,423
12/01/2021,VQQ,FL,ASO,ES,Federal Contract Tower,1,0,36,21,58,0,0,42,40,82,1,0,78,61,140,74,100,174,314
12/02/2021,VQQ,FL,ASO,ES,Federal Contract Tower,0,0,41,8,49,0,0,40,38,78,0,0,81,46,127,100,180,280,407
12/03/2021,VQQ,FL,ASO,ES,Federal Contract Tower,1,0,38,16,55,0,0,47,29,76,1,0,85,45,131,139,69,208,339
12/04/2021,VQQ,FL,ASO,ES,Federal Contract Tower,1,0,14,2,17,0,0,22,4,26,1,0,36,6,43,82,8,90,133
12/05/2021,VQQ,FL,ASO,ES,Federal Contract Tower,0,0,16,1,17,0,0,13,6,19,0,0,29,7,36,40,36,76,112
12/06/2021,VQQ,FL,ASO,ES,Federal Contract Tower,2,2,50,33,87,0,0,16,31,47,2,2,66,64,134,64,136,200,334
12/07/2021,VQQ,FL,ASO,ES,Federal Contract Tower,1,7,46,18,72,0,0,18,29,47,1,7,64,47,119,57,157,214,333
12/08/2021,VQQ,FL,ASO,ES,Federal Contract Tower,0,3,28,9,40,0,0,4,28,32,0,3,32,37,72,8,88,96,168
12/09/2021,VQQ,FL,ASO,ES,Federal Contract Tower,0,2,39,35,76,0,0,8,46,54,0,2,47,81,130,50,236,286,416
12/10/2021,VQQ,FL,ASO,ES,Federal Contract Tower,1,4,21,19,45,0,0,38,33,71,1,4,59,52,116,168,58,226,342
12/11/2021,VQQ,FL,ASO,ES,Federal Contract Tower,1,0,15,2,18,0,2,25,0,27,1,2,40,2,45,52,0,52,97
12/12/2021,VQQ,FL,ASO,ES,Federal Contract Tower,0,7,7,5,19,0,0,0,3,3,0,7,7,8,22,0,0,0,22
12/13/2021,VQQ,FL,ASO,ES,Federal Contract Tower,0,0,48,36,84,0,1,16,24,41,0,1,64,60,125,110,58,168,293
12/14/2021,VQQ,FL,ASO,ES,Federal Contract Tower,0,0,45,47,92,0,0,11,22,33,0,0,56,69,125,128,56,184,309
12/15/2021,VQQ,FL,ASO,ES,Federal Contract Tower,4,0,40,44,88,0,0,17,81,98,4,0,57,125,186,58,78,136,322
12/16/2021,VQQ,FL,ASO,ES,Federal Contract Tower,2,0,42,38,82,0,0,45,27,72,2,0,87,65,154,112,66,178,332
12/17/2021,VQQ,FL,ASO,ES,Federal Contract Tower,1,1,32,68,102,0,0,51,15,66,1,1,83,83,168,92,36,128,296
12/18/2021,VQQ,FL,ASO,ES,Federal Contract Tower,1,0,12,35,48,0,0,29,6,35,1,0,41,41,83,98,0,98,181
12/19/2021,VQQ,FL,ASO,ES,Federal Contract Tower,1,0,10,30,41,0,0,9,3,12,1,0,19,33,53,24,2,26,79
12/20/2021,VQQ,FL,ASO,ES,Federal Contract Tower,0,2,11,25,38,0,0,0,2,2,0,2,11,27,40,0,4,4,44
12/21/2021,VQQ,FL,ASO,ES,Federal Contract Tower,0,1,10,0,11,0,0,0,0,0,0,1,10,0,11,0,0,0,11
12/22/2021,VQQ,FL,ASO,ES,Federal Contract Tower,2,1,29,27,59,0,0,22,31,53,2,1,51,58,112,34,132,166,278
12/23/2021,VQQ,FL,ASO,ES,Federal Contract Tower,5,2,38,1,46,0,0,30,8,38,5,2,68,9,84,108,0,108,192
12/24/2021,VQQ,FL,ASO,ES,Federal Contract Tower,0,0,14,0,14,0,0,11,0,11,0,0,25,0,25,43,0,43,68
12/25/2021,VQQ,FL,ASO,ES,Federal Contract Tower,0,0,3,0,3,0,0,0,0,0,0,0,3,0,3,0,0,0,3
12/26/2021,VQQ,FL,ASO,ES,Federal Contract Tower,0,0,6,0,6,0,0,6,0,6,0,0,12,0,12,22,0,22,34
12/27/2021,VQQ,FL,ASO,ES,Federal Contract Tower,1,0,13,1,15,0,0,12,0,12,1,0,25,1,27,34,6,40,67
12/28/2021,VQQ,FL,ASO,ES,Federal Contract Tower,0,0,18,4,22,0,0,13,8,21,0,0,31,12,43,54,14,68,111
12/29/2021,VQQ,FL,ASO,ES,Federal Contract Tower,1,1,20,11,33,0,2,20,11,33,1,3,40,22,66,42,76,118,184
12/30/2021,VQQ,FL,ASO,ES,Federal Contract Tower,0,0,19,2,21,0,2,13,8,23,0,2,32,10,44,40,2,42,86
12/31/2021,VQQ,FL,ASO,ES,Federal Contract Tower,4,0,10,0,14,0,0,10,0,10,4,0,20,0,24,28,0,28,52
01/01/2022,VQQ,FL,ASO,ES,Federal Contract Tower,0,0,6,1,7,0,0,8,0,8,0,0,14,1,15,34,0,34,49
01/02/2022,VQQ,FL,ASO,ES,Federal Contract Tower,2,0,4,0,6,0,0,5,0,5,2,0,9,0,11,4,0,4,15
01/03/2022,VQQ,FL,ASO,ES,Federal Contract Tower,1,0,9,0,10,0,0,16,10,26,1,0,25,10,36,80,14,94,130
01/04/2022,VQQ,FL,ASO,ES,Federal Contract Tower,1,0,17,7,25,0,0,27,15,42,1,0,44,22,67,116,112,228,295
01/05/2022,VQQ,FL,ASO,ES,Federal Contract Tower,1,2,25,18,46,0,0,2,13,15,1,2,27,31,61,4,88,92,153
01/06/2022,VQQ,FL,ASO,ES,Federal Contract Tower,0,2,23,21,46,0,0,25,22,47,0,2,48,43,93,106,110,216,309
01/07/2022,VQQ,FL,ASO,ES,Federal Contract Tower,0,1,14,15,30,0,0,28,9,37,0,1,42,24,67,82,22,104,171
01/08/2022,VQQ,FL,ASO,ES,Federal Contract Tower,0,6,19,0,25,0,0,30,0,30,0,6,49,0,55,96,0,96,151
01/09/2022,VQQ,FL,ASO,ES,Federal Contract Tower,0,1,12,4,17,0,0,17,3,20,0,1,29,7,37,82,0,82,119
01/10/2022,VQQ,FL,ASO,ES,Federal Contract Tower,2,0,11,19,32,0,0,12,15,27,2,0,23,34,59,44,58,102,161
01/11/2022,VQQ,FL,ASO,ES,Federal Contract Tower,1,1,32,24,58,0,0,32,31,63,1,1,64,55,121,148,98,246,367
01/12/2022,VQQ,FL,ASO,ES,Federal Contract Tower,2,0,28,15,45,0,0,44,50,94,2,0,72,65,139,170,202,372,511
01/13/2022,VQQ,FL,ASO,ES,Federal Contract Tower,4,1,27,16,48,0,0,41,52,93,4,1,68,68,141,152,122,274,415
01/14/2022,VQQ,FL,ASO,ES,Federal Contract Tower,0,1,42,13,56,0,0,45,14,59,0,1,87,27,115,130,32,162,277
01/15/2022,VQQ,FL,ASO,ES,Federal Contract Tower,0,0,11,2,13,0,0,17,5,22,0,0,28,7,35,42,10,52,87
01/16/2022,VQQ,FL,ASO,ES,Federal Contract Tower,0,0,1,1,2,0,0,1,1,2,0,0,2,2,4,0,0,0,4
01/17/2022,VQQ,FL,ASO,ES,Federal Contract Tower,4,3,11,0,18,0,0,13,0,13,4,3,24,0,31,44,0,44,75
01/18/2022,VQQ,FL,ASO,ES,Federal Contract Tower,0,1,43,12,56,0,0,28,12,40,0,1,71,24,96,54,78,132,228
01/19/2022,VQQ,FL,ASO,ES,Federal Contract Tower,0,1,32,49,82,0,2,32,36,70,0,3,64,85,152,146,184,330,482
01/20/2022,VQQ,FL,ASO,ES,Federal Contract Tower,3,1,13,25,42,0,2,31,37,70,3,3,44,62,112,128,144,272,384
01/21/2022,VQQ,FL,ASO,ES,Federal Contract Tower,2,2,12,12,28,0,0,0,0,0,2,2,12,12,28,0,0,0,28
01/22/2022,VQQ,FL,ASO,ES,Federal Contract Tower,1,0,2,2,5,0,0,0,0,0,1,0,2,2,5,0,0,0,5
01/23/2022,VQQ,FL,ASO,ES,Federal Contract Tower,0,3,5,6,14,0,0,18,2,20,0,3,23,8,34,40,0,40,74
01/24/2022,VQQ,FL,ASO,ES,Federal Contract Tower,0,0,41,28,69,0,0,56,22,78,0,0,97,50,147,186,50,236,383
01/25/2022,VQQ,FL,ASO,ES,Federal Contract Tower,4,0,50,34,88,0,0,25,51,76,4,0,75,85,164,122,260,382,546
01/26/2022,VQQ,FL,ASO,ES,Federal Contract Tower,1,0,31,12,44,0,0,39,22,61,1,0,70,34,105,146,78,224,329
01/27/2022,VQQ,FL,ASO,ES,Federal Contract Tower,0,1,13,22,36,0,0,9,19,28,0,1,22,41,64,52,88,140,204
01/28/2022,VQQ,FL,ASO,ES,Federal Contract Tower,1,1,23,11,36,0,2,41,21,64,1,3,64,32,100,146,62,208,308
01/29/2022,VQQ,FL,ASO,ES,Federal Contract Tower,0,0,7,15,22,0,0,9,7,16,0,0,16,22,38,12,38,50,88
01/30/2022,VQQ,FL,ASO,ES,Federal Contract Tower,2,0,8,3,13,0,0,31,27,58,2,0,39,30,71,142,10,152,223
01/31/2022,VQQ,FL,ASO,ES,Federal Contract Tower,6,0,42,10,58,0,0,57,14,71,6,0,99,24,129,118,30,148,277
02/01/2022,VQQ,FL,ASO,ES,Federal Contract Tower,5,0,24,33,62,0,0,46,34,80,5,0,70,67,142,70,106,176,318
02/02/2022,VQQ,FL,ASO,ES,Federal Contract Tower,1,0,19,13,33,0,0,46,27,73,1,0,65,40,106,116,36,152,258
02/03/2022,VQQ,FL,ASO,ES,Federal Contract Tower,4,0,21,36,61,0,0,39,42,81,4,0,60,78,142,140,151,291,433
02/04/2022,VQQ,FL,ASO,ES,Federal Contract Tower,3,0,28,29,60,0,0,17,10,27,3,0,45,39,87,47,42,89,176
02/05/2022,VQQ,FL,ASO,ES,Federal Contract Tower,2,2,12,4,20,0,0,15,6,21,2,2,27,10,41,44,0,44,85
02/06/2022,VQQ,FL,ASO,ES,Federal Contract Tower,0,0,12,3,15,0,0,0,0,0,0,0,12,3,15,0,0,0,15
02/07/2022,VQQ,FL,ASO,ES,Federal Contract Tower,2,5,21,10,38,0,0,0,2,2,2,5,21,12,40,0,6,6,46
02/08/2022,VQQ,FL,ASO,ES,Federal Contract Tower,0,0,14,6,20,0,0,13,10,23,0,0,27,16,43,52,60,112,155
02/09/2022,VQQ,FL,ASO,ES,Federal Contract Tower,2,2,22,14,40,0,0,50,23,73,2,2,72,37,113,196,76,272,385
02/10/2022,VQQ,FL,ASO,ES,Federal Contract Tower,5,0,22,9,36,0,0,42,34,76,5,0,64,43,112,130,80,210,322
02/11/2022,VQQ,FL,ASO,ES,Federal Contract Tower,0,2,22,20,44,0,1,46,16,63,0,3,68,36,107,176,74,250,357
02/12/2022,VQQ,FL,ASO,ES,Federal Contract Tower,1,1,9,7,18,0,0,14,0,14,1,1,23,7,32,58,0,58,90
02/13/2022,VQQ,FL,ASO,ES,Federal Contract Tower,0,0,2,7,9,0,0,8,0,8,0,0,10,7,17,16,0,16,33
02/14/2022,VQQ,FL,ASO,ES,Federal Contract Tower,1,4,21,4,30,0,0,34,25,59,1,4,55,29,89,124,2,126,215
02/15/2022,VQQ,FL,ASO,ES,Federal Contract Tower,0,0,12,13,25,0,0,32,26,58,0,0,44,39,83,100,88,188,271
02/16/2022,VQQ,FL,ASO,ES,Federal Contract Tower,2,0,27,6,35,0,0,38,40,78,2,0,65,46,113,88,204,292,405
02/17/2022,VQQ,FL,ASO,ES,Federal Contract Tower,0,0,23,20,43,0,0,33,40,73,0,0,56,60,116,144,134,278,394
02/18/2022,VQQ,FL,ASO,ES,Federal Contract Tower,0,2,21,18,41,0,0,0,6,6,0,2,21,24,47,0,2,2,49
02/19/2022,VQQ,FL,ASO,ES,Federal Contract Tower,1,0,33,9,43,0,2,37,0,39,1,2,70,9,82,134,12,146,228
02/20/2022,VQQ,FL,ASO,ES,Federal Contract Tower,4,0,4,4,12,0,0,22,2,24,4,0,26,6,36,66,2,68,104
02/21/2022,VQQ,FL,ASO,ES,Federal Contract Tower,3,6,21,1,31,0,0,42,0,42,3,6,63,1,73,130,0,130,203
02/22/2022,VQQ,FL,ASO,ES,Federal Contract Tower,3,1,18,4,26,4,0,28,33,65,7,1,46,37,91,124,64,188,279
02/23/2022,VQQ,FL,ASO,ES,Federal Contract Tower,0,2,35,4,41,0,0,29,21,50,0,2,64,25,91,72,150,222,313
02/24/2022,VQQ,FL,ASO,ES,Federal Contract Tower,3,1,24,6,34,0,0,24,39,63,3,1,48,45,97,105,44,149,246
02/25/2022,VQQ,FL,ASO,ES,Federal Contract Tower,0,0,17,19,36,0,0,17,23,40,0,0,34,42,76,48,40,88,164
02/26/2022,VQQ,FL,ASO,ES,Federal Contract Tower,0,4,16,0,20,0,1,9,14,24,0,5,25,14,44,26,44,70,114
02/27/2022,VQQ,FL,ASO,ES,Federal Contract Tower,0,2,24,2,28,0,0,9,10,19,0,2,33,12,47,18,10,28,75
02/28/2022,VQQ,FL,ASO,ES,Federal Contract Tower,0,2,7,1,10,0,0,0,5,5,0,2,7,6,15,0,48,48,63
03/01/2022,VQQ,FL,ASO,ES,Federal Contract Tower,6,0,18,6,30,0,0,48,28,76,6,0,66,34,106,172,142,314,420
03/02/2022,VQQ,FL,ASO,ES,Federal Contract Tower,1,0,22,3,26,0,0,45,35,80,1,0,67,38,106,170,78,248,354
03/03/2022,VQQ,FL,ASO,ES,Federal Contract Tower,1,0,22,1,24,2,0,42,29,73,3,0,64,30,97,174,84,258,355
03/04/2022,VQQ,FL,ASO,ES,Federal Contract Tower,3,4,25,51,83,0,1,23,11,35,3,5,48,62,118,78,8,86,204
03/05/2022,VQQ,FL,ASO,ES,Federal Contract Tower,1,0,22,23,46,0,0,24,7,31,1,0,46,30,77,80,20,100,177
03/06/2022,VQQ,FL,ASO,ES,Federal Contract Tower,0,0,13,8,21,0,0,18,2,20,0,0,31,10,41,28,0,28,69
03/07/2022,VQQ,FL,ASO,ES,Federal Contract Tower,5,0,30,9,44,0,0,30,8,38,5,0,60,17,82,114,38,152,234
03/08/2022,VQQ,FL,ASO,ES,Federal Contract Tower,1,0,25,7,33,0,0,6,32,38,1,0,31,39,71,14,94,108,179
03/09/2022,VQQ,FL,ASO,ES,Federal Contract Tower,2,0,33,17,52,1,0,2,18,21,3,0,35,35,73,0,40,40,113
03/10/2022,VQQ,FL,ASO,ES,Federal Contract Tower,2,2,21,9,34,0,0,0,9,9,2,2,21,18,43,0,32,32,75
03/11/2022,VQQ,FL,ASO,ES,Federal Contract Tower,2,1,0,1,4,0,0,0,0,0,2,1,0,1,4,0,0,0,4
03/12/2022,VQQ,FL,ASO,ES,Federal Contract Tower,0,0,15,3,18,0,0,6,2,8,0,0,21,5,26,6,0,6,32
03/13/2022,VQQ,FL,ASO,ES,Federal Contract Tower,1,0,18,0,19,0,0,54,0,54,1,0,72,0,73,142,0,142,215
03/14/2022,VQQ,FL,ASO,ES,Federal Contract Tower,0,1,39,15,55,0,0,33,29,62,0,1,72,44,117,62,138,200,317
03/15/2022,VQQ,FL,ASO,ES,Federal Contract Tower,3,0,29,30,62,0,0,12,25,37,3,0,41,55,99,34,112,146,245
03/16/2022,VQQ,FL,ASO,ES,Federal Contract Tower,0,0,35,9,44,0,0,15,37,52,0,0,50,46,96,30,164,194,290
03/17/2022,VQQ,FL,ASO,ES,Federal Contract Tower,0,0,37,17,54,0,0,45,51,96,0,0,82,68,150,154,243,397,547
03/18/2022,VQQ,FL,ASO,ES,Federal Contract Tower,0,4,28,18,50,0,0,24,42,66,0,4,52,60,116,44,66,110,226
03/19/2022,VQQ,FL,ASO,ES,Federal Contract Tower,0,0,37,1,38,0,0,19,1,20,0,0,56,2,58,46,0,46,104
03/20/2022,VQQ,FL,ASO,ES,Federal Contract Tower,0,1,15,3,19,0,0,24,19,43,0,1,39,22,62,48,20,68,130
03/21/2022,VQQ,FL,ASO,ES,Federal Contract Tower,0,2,75,14,91,0,0,58,32,90,0,2,133,46,181,210,126,336,517
03/22/2022,VQQ,FL,ASO,ES,Federal Contract Tower,0,3,32,18,53,0,0,28,36,64,0,3,60,54,117,92,176,268,385
03/23/2022,VQQ,FL,ASO,ES,Federal Contract Tower,5,1,19,16,41,0,0,9,11,20,5,1,28,27,61,18,98,116,177
03/24/2022,VQQ,FL,ASO,ES,Federal Contract Tower,1,0,11,10,22,0,0,0,24,24,1,0,11,34,46,0,58,58,104
03/25/2022,VQQ,FL,ASO,ES,Federal Contract Tower,7,1,45,22,75,0,0,49,39,88,7,1,94,61,163,155,105,260,423
03/26/2022,VQQ,FL,ASO,ES,Federal Contract Tower,1,0,24,6,31,0,0,30,6,36,1,0,54,12,67,106,6,112,179
03/27/2022,VQQ,FL,ASO,ES,Federal Contract Tower,1,4,17,5,27,0,0,16,29,45,1,4,33,34,72,118,4,122,194
03/28/2022,VQQ,FL,ASO,ES,Federal Contract Tower,0,0,55,14,69,0,0,49,33,82,0,0,104,47,151,162,58,220,371
03/29/2022,VQQ,FL,ASO,ES,Federal Contract Tower,1,0,57,32,90,0,0,44,36,80,1,0,101,68,170,92,120,212,382
03/30/2022,VQQ,FL,ASO,ES,Federal Contract Tower,0,0,27,14,41,0,0,28,33,61,0,0,55,47,102,116,82,198,300
03/31/2022,VQQ,FL,ASO,ES,Federal Contract Tower,1,2,9,10,22,0,0,1,29,30,1,2,10,39,52,24,158,182,234
04/01/2022,VQQ,FL,ASO,ES,Federal Contract Tower,0,0,47,22,69,0,0,48,18,66,0,0,95,40,135,121,53,174,309
04/02/2022,VQQ,FL,ASO,ES,Federal Contract Tower,0,1,8,0,9,0,0,0,0,0,0,1,8,0,9,0,0,0,9
04/03/2022,VQQ,FL,ASO,ES,Federal Contract Tower,0,1,21,14,36,0,0,28,5,33,0,1,49,19,69,118,0,118,187
04/04/2022,VQQ,FL,ASO,ES,Federal Contract Tower,0,1,71,8,80,0,0,47,8,55,0,1,118,16,135,178,46,224,359
04/05/2022,VQQ,FL,ASO,ES,Federal Contract Tower,0,0,29,15,44,0,0,27,48,75,0,0,56,63,119,78,178,256,375
04/06/2022,VQQ,FL,ASO,ES,Federal Contract Tower,0,2,23,5,30,0,0,24,32,56,0,2,47,37,86,124,102,226,312
04/07/2022,VQQ,FL,ASO,ES,Federal Contract Tower,2,0,13,5,20,0,0,5,35,40,2,0,18,40,60,2,76,78,138
04/08/2022,VQQ,FL,ASO,ES,Federal Contract Tower,0,0,15,60,75,0,0,36,31,67,0,0,51,91,142,102,76,178,320
04/09/2022,VQQ,FL,ASO,ES,Federal Contract Tower,5,0,12,1,18,0,0,11,15,26,5,0,23,16,44,50,6,56,100
04/10/2022,VQQ,FL,ASO,ES,Federal Contract Tower,0,0,12,1,13,0,0,27,9,36,0,0,39,10,49,80,4,84,133
04/11/2022,VQQ,FL,ASO,ES,Federal Contract Tower,1,1,72,9,83,0,0,51,13,64,1,1,123,22,147,120,14,134,281
04/12/2022,VQQ,FL,ASO,ES,Federal Contract Tower,0,0,38,22,60,0,0,35,37,72,0,0,73,59,132,154,78,232,364
04/13/2022,VQQ,FL,ASO,ES,Federal Contract Tower,2,1,32,19,54,0,0,55,28,83,2,1,87,47,137,200,78,278,415
04/14/2022,VQQ,FL,ASO,ES,Federal Contract Tower,0,1,53,12,66,0,0,46,57,103,0,1,99,69,169,204,142,346,515
04/15/2022,VQQ,FL,ASO,ES,Federal Contract Tower,1,0,39,4,44,0,0,42,14,56,1,0,81,18,100,204,88,292,392
04/16/2022,VQQ,FL,ASO,ES,Federal Contract Tower,1,0,35,1,37,0,0,19,0,19,1,0,54,1,56,56,0,56,112
04/17/2022,VQQ,FL,ASO,ES,Federal Contract Tower,1,0,12,0,13,0,0,9,0,9,1,0,21,0,22,20,0,20,42
04/18/2022,VQQ,FL,ASO,ES,Federal Contract Tower,9,0,31,7,47,0,0,26,17,43,9,0,57,24,90,50,10,60,150
04/19/2022,VQQ,FL,ASO,ES,Federal Contract Tower,3,0,42,21,66,0,0,31,40,71,3,0,73,61,137,108,84,192,329
04/20/2022,VQQ,FL,ASO,ES,Federal Contract Tower,0,0,54,13,67,0,0,41,48,89,0,0,95,61,156,148,80,228,384
04/21/2022,VQQ,FL,ASO,ES,Federal Contract Tower,0,0,58,16,74,0,0,30,40,70,0,0,88,56,144,74,90,164,308
04/22/2022,VQQ,FL,ASO,ES,Federal Contract Tower,4,6,35,16,61,0,0,19,3,22,4,6,54,19,83,80,16,96,179
04/23/2022,VQQ,FL,ASO,ES,Federal Contract Tower,0,2,18,4,24,0,0,29,0,29,0,2,47,4,53,84,0,84,137
04/24/2022,VQQ,FL,ASO,ES,Federal Contract Tower,0,0,7,4,11,0,0,30,0,30,0,0,37,4,41,66,0,66,107
04/25/2022,VQQ,FL,ASO,ES,Federal Contract Tower,0,7,37,7,51,0,0,46,27,73,0,7,83,34,124,153,92,245,369
04/26/2022,VQQ,FL,ASO,ES,Federal Contract Tower,7,5,31,9,52,0,0,39,29,68,7,5,70,38,120,68,72,140,260
04/27/2022,VQQ,FL,ASO,ES,Federal Contract Tower,4,1,54,8,67,0,0,31,43,74,4,1,85,51,141,172,92,264,405
04/28/2022,VQQ,FL,ASO,ES,Federal Contract Tower,1,3,32,11,47,0,0,36,53,89,1,3,68,64,136,116,62,178,314
04/29/2022,VQQ,FL,ASO,ES,Federal Contract Tower,0,2,34,30,66,0,0,24,26,50,0,2,58,56,116,106,28,134,250
04/30/2022,VQQ,FL,ASO,ES,Federal Contract Tower,0,0,19,5,24,0,0,22,0,22,0,0,41,5,46,72,0,72,118
05/01/2022,VQQ,FL,ASO,ES,Federal Contract Tower,2,0,13,8,23,0,0,5,8,13,2,0,18,16,36,16,0,16,52
05/02/2022,VQQ,FL,ASO,ES,Federal Contract Tower,7,1,29,6,43,0,0,34,6,40,7,1,63,12,83,66,36,102,185
05/03/2022,VQQ,FL,ASO,ES,Federal Contract Tower,0,3,37,4,44,0,0,30,23,53,0,3,67,27,97,160,50,210,307
05/04/2022,VQQ,FL,ASO,ES,Federal Contract Tower,0,4,36,18,58,0,0,46,51,97,0,4,82,69,155,134,178,312,467
05/05/2022,VQQ,FL,ASO,ES,Federal Contract Tower,0,0,46,20,66,0,0,43,33,76,0,0,89,53,142,176,136,312,454
05/06/2022,VQQ,FL,ASO,ES,Federal Contract Tower,0,0,41,26,67,0,0,25,4,29,0,0,66,30,96,80,14,94,190
05/07/2022,VQQ,FL,ASO,ES,Federal Contract Tower,2,0,17,0,19,0,0,11,1,12,2,0,28,1,31,20,0,20,51
05/08/2022,VQQ,FL,ASO,ES,Federal Contract Tower,5,0,4,4,13,0,0,17,0,17,5,0,21,4,30,42,0,42,72
05/09/2022,VQQ,FL,ASO,ES,Federal Contract Tower,2,0,31,12,45,0,0,52,17,69,2,0,83,29,114,144,20,164,278
05/10/2022,VQQ,FL,ASO,ES,Federal Contract Tower,0,0,34,19,53,0,0,48,36,84,0,0,82,55,137,180,108,288,425
05/11/2022,VQQ,FL,ASO,ES,Federal Contract Tower,0,1,40,30,71,0,0,39,40,79,0,1,79,70,150,170,122,292,442
05/12/2022,VQQ,FL,ASO,ES,Federal Contract Tower,12,0,46,35,93,0,0,37,47,84,12,0,83,82,177,122,66,188,365
05/13/2022,VQQ,FL,ASO,ES,Federal Contract Tower,1,1,16,26,44,0,0,19,21,40,1,1,35,47,84,36,36,72,156
05/14/2022,VQQ,FL,ASO,ES,Federal Contract Tower,2,0,9,5,16,0,0,12,19,31,2,0,21,24,47,52,92,144,191
05/15/2022,VQQ,FL,ASO,ES,Federal Contract Tower,0,1,13,6,20,0,0,11,5,16,0,1,24,11,36,44,6,50,86
05/16/2022,VQQ,FL,ASO,ES,Federal Contract Tower,0,1,33,12,46,0,0,42,29,71,0,1,75,41,117,154,59,213,330
05/17/2022,VQQ,FL,ASO,ES,Federal Contract Tower,0,0,24,17,41,0,0,34,17,51,0,0,58,34,92,126,102,228,320
05/18/2022,VQQ,FL,ASO,ES,Federal Contract Tower,0,0,45,25,70,0,0,35,34,69,0,0,80,59,139,98,180,278,417
05/19/2022,VQQ,FL,ASO,ES,Federal Contract Tower,1,0,35,24,60,0,0,25,59,84,1,0,60,83,144,60,150,210,354
05/20/2022,VQQ,FL,ASO,ES,Federal Contract Tower,0,0,30,42,72,0,0,27,15,42,0,0,57,57,114,61,46,107,221
05/21/2022,VQQ,FL,ASO,ES,Federal Contract Tower,0,0,15,5,20,0,0,15,0,15,0,0,30,5,35,32,0,32,67
05/22/2022,VQQ,FL,ASO,ES,Federal Contract Tower,0,0,13,15,28,0,0,12,4,16,0,0,25,19,44,58,0,58,102
05/23/2022,VQQ,FL,ASO,ES,Federal Contract Tower,0,0,40,56,96,0,0,24,23,47,0,0,64,79,143,84,112,196,339
05/24/2022,VQQ,FL,ASO,ES,Federal Contract Tower,0,0,19,23,42,4,0,50,36,90,4,0,69,59,132,188,174,362,494
05/25/2022,VQQ,FL,ASO,ES,Federal Contract Tower,1,0,51,8,60,0,0,22,44,66,1,0,73,52,126,48,160,208,334
05/26/2022,VQQ,FL,ASO,ES,Federal Contract Tower,1,4,27,10,42,0,0,32,11,43,1,4,59,21,85,118,92,210,295
05/27/2022,VQQ,FL,ASO,ES,Federal Contract Tower,1,1,10,2,14,0,0,11,0,11,1,1,21,2,25,30,0,30,55
05/28/2022,VQQ,FL,ASO,ES,Federal Contract Tower,0,0,26,0,26,0,0,15,2,17,0,0,41,2,43,52,0,52,95
05/29/2022,VQQ,FL,ASO,ES,Federal Contract Tower,0,0,5,2,7,0,2,15,0,17,0,2,20,2,24,12,0,12,36
05/30/2022,VQQ,FL,ASO,ES,Federal Contract Tower,0,0,17,2,19,0,0,26,1,27,0,0,43,3,46,98,0,98,144
05/31/2022,VQQ,FL,ASO,ES,Federal Contract Tower,10,0,35,10,55,0,0,26,37,63,10,0,61,47,118,126,54,180,298
06/01/2022,VQQ,FL,ASO,ES,Federal Contract Tower,9,0,37,27,73,0,0,39,48,87,9,0,76,75,160,144,140,284,444
06/02/2022,VQQ,FL,ASO,ES,Federal Contract Tower,0,2,33,25,60,0,2,37,44,83,0,4,70,69,143,138,150,288,431
06/03/2022,VQQ,FL,ASO,ES,Federal Contract Tower,1,0,13,11,25,0,0,33,20,53,1,0,46,31,78,84,38,122,200
06/04/2022,VQQ,FL,ASO,ES,Federal Contract Tower,2,0,23,3,28,0,2,11,4,17,2,2,34,7,45,32,0,32,77
06/05/2022,VQQ,FL,ASO,ES,Federal Contract Tower,0,4,19,2,25,0,0,3,2,5,0,4,22,4,30,8,0,8,38
06/06/2022,VQQ,FL,ASO,ES,Federal Contract Tower,3,0,28,20,51,0,0,11,6,17,3,0,39,26,68,16,46,62,130
06/07/2022,VQQ,FL,ASO,ES,Federal Contract Tower,3,2,51,27,83,0,0,27,27,54,3,2,78,54,137,114,102,216,353
06/08/2022,VQQ,FL,ASO,ES,Federal Contract Tower,2,0,27,17,46,0,0,35,29,64,2,0,62,46,110,90,158,248,358
06/09/2022,VQQ,FL,ASO,ES,Federal Contract Tower,0,0,23,13,36,0,0,28,33,61,0,0,51,46,97,44,144,188,285
06/10/2022,VQQ,FL,ASO,ES,Federal Contract Tower,0,0,20,20,40,0,0,31,20,51,0,0,51,40,91,74,30,104,195
06/11/2022,VQQ,FL,ASO,ES,Federal Contract Tower,0,0,12,3,15,0,0,7,0,7,0,0,19,3,22,12,0,12,34
06/12/2022,VQQ,FL,ASO,ES,Federal Contract Tower,0,0,12,4,16,0,0,7,1,8,0,0,19,5,24,58,2,60,84
06/13/2022,VQQ,FL,ASO,ES,Federal Contract Tower,0,2,22,3,27,0,0,18,10,28,0,2,40,13,55,62,8,70,125
06/14/2022,VQQ,FL,ASO,ES,Federal Contract Tower,1,0,25,24,50,0,0,18,25,43,1,0,43,49,93,60,76,136,229
06/15/2022,VQQ,FL,ASO,ES,Federal Contract Tower,0,0,46,52,98,0,0,51,26,77,0,0,97,78,175,166,106,272,447
06/16/2022,VQQ,FL,ASO,ES,Federal Contract Tower,6,3,40,37,86,0,0,42,88,130,6,3,82,125,216,178,56,234,450
06/17/2022,VQQ,FL,ASO,ES,Federal Contract Tower,0,0,45,89,134,0,0,28,14,42,0,0,73,103,176,86,80,166,342
06/18/2022,VQQ,FL,ASO,ES,Federal Contract Tower,0,0,13,39,52,0,0,9,0,9,0,0,22,39,61,49,0,49,110
06/19/2022,VQQ,FL,ASO,ES,Federal Contract Tower,0,0,14,63,77,0,0,14,0,14,0,0,28,63,91,56,0,56,147
06/20/2022,VQQ,FL,ASO,ES,Federal Contract Tower,1,0,30,21,52,0,2,23,1,26,1,2,53,22,78,54,0,54,132
06/21/2022,VQQ,FL,ASO,ES,Federal Contract Tower,11,0,28,21,60,0,0,40,19,59,11,0,68,40,119,156,2,158,277
06/22/2022,VQQ,FL,ASO,ES,Federal Contract Tower,0,0,24,21,45,0,1,32,56,89,0,1,56,77,134,112,200,312,446
06/23/2022,VQQ,FL,ASO,ES,Federal Contract Tower,10,0,32,20,62,0,0,38,48,86,10,0,70,68,148,90,114,204,352
06/24/2022,VQQ,FL,ASO,ES,Federal Contract Tower,3,2,41,19,65,0,0,23,43,66,3,2,64,62,131,38,124,162,293
06/25/2022,VQQ,FL,ASO,ES,Federal Contract Tower,0,0,14,1,15,0,1,16,7,24,0,1,30,8,39,26,0,26,65
06/26/2022,VQQ,FL,ASO,ES,Federal Contract Tower,0,0,6,0,6,0,0,17,10,27,0,0,23,10,33,54,8,62,95
06/27/2022,VQQ,FL,ASO,ES,Federal Contract Tower,0,2,24,9,35,0,0,31,25,56,0,2,55,34,91,63,88,151,242
06/28/2022,VQQ,FL,ASO,ES,Federal Contract Tower,1,0,21,5,27,0,0,18,26,44,1,0,39,31,71,66,60,126,197
06/29/2022,VQQ,FL,ASO,ES,Federal Contract Tower,2,4,30,45,81,0,0,42,53,95,2,4,72,98,176,150,361,511,687
06/30/2022,VQQ,FL,ASO,ES,Federal Contract Tower,3,0,52,4,59,0,0,18,31,49,3,0,70,35,108,46,144,190,298
07/01/2022,VQQ,FL,ASO,ES,Federal Contract Tower,0,0,15,1,16,0,0,21,1,22,0,0,36,2,38,24,0,24,62
07/02/2022,VQQ,FL,ASO,ES,Federal Contract Tower,0,0,18,0,18,0,0,20,0,20,0,0,38,0,38,78,0,78,116
07/03/2022,VQQ,FL,ASO,ES,Federal Contract Tower,0,0,5,0,5,0,0,15,4,19,0,0,20,4,24,26,0,26,50
07/04/2022,VQQ,FL,ASO,ES,Federal Contract Tower,0,0,12,0,12,0,0,10,0,10,0,0,22,0,22,30,0,30,52
07/05/2022,VQQ,FL,ASO,ES,Federal Contract Tower,11,0,25,2,38,0,0,20,12,32,11,0,45,14,70,34,16,50,120
07/06/2022,VQQ,FL,ASO,ES,Federal Contract Tower,0,0,30,12,42,0,0,49,44,93,0,0,79,56,135,208,112,320,455
07/07/2022,VQQ,FL,ASO,ES,Federal Contract Tower,0,0,39,14,53,0,0,30,33,63,0,0,69,47,116,138,118,256,372
07/08/2022,VQQ,FL,ASO,ES,Federal Contract Tower,0,0,17,48,65,0,0,36,32,68,0,0,53,80,133,85,127,212,345
07/09/2022,VQQ,FL,ASO,ES,Federal Contract Tower,1,0,11,0,12,0,0,12,0,12,1,0,23,0,24,22,0,22,46
07/10/2022,VQQ,FL,ASO,ES,Federal Contract Tower,7,0,4,3,14,0,0,10,0,10,7,0,14,3,24,52,0,52,76
07/11/2022,VQQ,FL,ASO,ES,Federal Contract Tower,0,4,22,5,31,0,0,22,3,25,0,4,44,8,56,40,2,42,98
07/12/2022,VQQ,FL,ASO,ES,Federal Contract Tower,0,0,25,31,56,0,0,25,53,78,0,0,50,84,134,64,318,382,516
07/13/2022,VQQ,FL,ASO,ES,Federal Contract Tower,3,2,26,28,59,0,0,34,47,81,3,2,60,75,140,98,300,398,538
07/14/2022,VQQ,FL,ASO,ES,Federal Contract Tower,0,2,19,15,36,0,0,34,60,94,0,2,53,75,130,80,298,378,508
07/15/2022,VQQ,FL,ASO,ES,Federal Contract Tower,0,0,31,19,50,0,0,23,23,46,0,0,54,42,96,72,118,190,286
07/16/2022,VQQ,FL,ASO,ES,Federal Contract Tower,0,0,6,1,7,0,0,8,0,8,0,0,14,1,15,6,0,6,21
07/17/2022,VQQ,FL,ASO,ES,Federal Contract Tower,1,0,16,1,18,0,0,18,5,23,1,0,34,6,41,34,24,58,99
07/18/2022,VQQ,FL,ASO,ES,Federal Contract Tower,3,0,15,5,23,0,0,15,34,49,3,0,30,39,72,58,222,280,352
07/19/2022,VQQ,FL,ASO,ES,Federal Contract Tower,0,0,22,6,28,0,0,24,48,72,0,0,46,54,100,50,144,194,294
07/20/2022,VQQ,FL,ASO,ES,Federal Contract Tower,6,0,4,10,20,0,0,9,39,48,6,0,13,49,68,46,188,234,302
07/21/2022,VQQ,FL,ASO,ES,Federal Contract Tower,0,0,45,10,55,0,0,43,54,97,0,0,88,64,152,132,162,294,446
07/22/2022,VQQ,FL,ASO,ES,Federal Contract Tower,0,0,41,23,64,0,0,37,23,60,0,0,78,46,124,107,90,197,321
07/23/2022,VQQ,FL,ASO,ES,Federal Contract Tower,0,0,24,2,26,0,0,16,0,16,0,0,40,2,42,54,0,54,96
07/24/2022,VQQ,FL,ASO,ES,Federal Contract Tower,0,2,14,2,18,0,1,17,0,18,0,3,31,2,36,42,0,42,78
07/25/2022,VQQ,FL,ASO,ES,Federal Contract Tower,0,0,35,11,46,0,0,32,31,63,0,0,67,42,109,142,122,264,373
07/26/2022,VQQ,FL,ASO,ES,Federal Contract Tower,0,0,23,22,45,0,0,31,35,66,0,0,54,57,111,108,142,250,361
07/27/2022,VQQ,FL,ASO,ES,Federal Contract Tower,0,0,22,7,29,0,0,31,39,70,0,0,53,46,99,94,220,314,413
07/28/2022,VQQ,FL,ASO,ES,Federal Contract Tower,3,0,50,34,87,0,0,35,50,85,3,0,85,84,172,76,188,264,436
07/29/2022,VQQ,FL,ASO,ES,Federal Contract Tower,4,0,37,10,51,0,0,34,19,53,4,0,71,29,104,87,69,156,260
07/30/2022,VQQ,FL,ASO,ES,Federal Contract Tower,0,0,13,3,16,0,0,30,0,30,0,0,43,3,46,100,0,100,146
07/31/2022,VQQ,FL,ASO,ES,Federal Contract Tower,0,3,10,4,17,0,0,19,0,19,0,3,29,4,36,32,0,32,68
08/01/2022,VQQ,FL,ASO,ES,Federal Contract Tower,2,1,21,11,35,0,0,33,26,59,2,1,54,37,94,86,38,124,218
08/02/2022,VQQ,FL,ASO,ES,Federal Contract Tower,7,0,30,17,54,0,0,22,44,66,7,0,52,61,120,46,252,298,418
08/03/2022,VQQ,FL,ASO,ES,Federal Contract Tower,2,2,24,27,55,0,0,25,19,44,2,2,49,46,99,54,92,146,245
08/04/2022,VQQ,FL,ASO,ES,Federal Contract Tower,7,1,46,15,69,0,1,31,19,51,7,2,77,34,120,112,134,246,366
08/05/2022,VQQ,FL,ASO,ES,Federal Contract Tower,3,1,24,13,41,0,0,24,5,29,3,1,48,18,70,70,8,78,148
08/06/2022,VQQ,FL,ASO,ES,Federal Contract Tower,0,1,8,0,9,0,0,18,0,18,0,1,26,0,27,86,0,86,113
08/07/2022,VQQ,FL,ASO,ES,Federal Contract Tower,0,2,14,3,19,0,0,10,2,12,0,2,24,5,31,4,4,8,39
08/08/2022,VQQ,FL,ASO,ES,Federal Contract Tower,1,0,18,10,29,0,0,20,31,51,1,0,38,41,80,86,108,194,274
08/09/2022,VQQ,FL,ASO,ES,Federal Contract Tower,6,0,31,10,47,0,0,16,23,39,6,0,47,33,86,32,76,108,194
08/10/2022,VQQ,FL,ASO,ES,Federal Contract Tower,2,0,29,14,45,0,0,36,45,81,2,0,65,59,126,86,174,260,386
08/11/2022,VQQ,FL,ASO,ES,Federal Contract Tower,4,0,14,11,29,0,0,28,31,59,4,0,42,42,88,70,124,194,282
08/12/2022,VQQ,FL,ASO,ES,Federal Contract Tower,0,2,22,18,42,0,0,36,25,61,0,2,58,43,103,142,54,196,299
08/13/2022,VQQ,FL,ASO,ES,Federal Contract Tower,1,0,14,2,17,0,0,15,0,15,1,0,29,2,32,28,0,28,60
08/14/2022,VQQ,FL,ASO,ES,Federal Contract Tower,0,0,32,4,36,0,0,25,1,26,0,0,57,5,62,66,0,66,128
08/15/2022,VQQ,FL,ASO,ES,Federal Contract Tower,1,0,41,1,43,0,0,56,23,79,1,0,97,24,122,132,88,220,342
08/16/2022,VQQ,FL,ASO,ES,Federal Contract Tower,5,0,14,18,37,0,0,35,40,75,5,0,49,58,112,70,192,262,374
08/17/2022,VQQ,FL,ASO,ES,Federal Contract Tower,2,0,39,3,44,0,0,27,37,64,2,0,66,40,108,70,172,242,350
08/18/2022,VQQ,FL,ASO,ES,Federal Contract Tower,2,0,21,18,41,0,0,22,23,45,2,0,43,41,86,70,100,170,256
08/19/2022,VQQ,FL,ASO,ES,Federal Contract Tower,2,0,23,13,38,4,0,8,20,32,6,0,31,33,70,38,98,136,206
08/20/2022,VQQ,FL,ASO,ES,Federal Contract Tower,4,0,17,0,21,0,0,11,2,13,4,0,28,2,34,58,0,58,92
08/21/2022,VQQ,FL,ASO,ES,Federal Contract Tower,0,0,6,4,10,0,0,10,7,17,0,0,16,11,27,38,0,38,65
08/22/2022,VQQ,FL,ASO,ES,Federal Contract Tower,0,0,29,16,45,0,0,24,3,27,0,0,53,19,72,42,26,68,140
08/23/2022,VQQ,FL,ASO,ES,Federal Contract Tower,0,1,21,5,27,0,0,30,31,61,0,1,51,36,88,102,142,244,332
08/24/2022,VQQ,FL,ASO,ES,Federal Contract Tower,1,2,38,11,52,0,0,20,36,56,1,2,58,47,108,62,98,160,268
08/25/2022,VQQ,FL,ASO,ES,Federal Contract Tower,3,0,21,8,32,0,0,4,41,45,3,0,25,49,77,20,266,286,363
08/26/2022,VQQ,FL,ASO,ES,Federal Contract Tower,2,0,26,21,49,0,0,5,5,10,2,0,31,26,59,14,14,28,87
08/27/2022,VQQ,FL,ASO,ES,Federal Contract Tower,1,0,16,0,17,0,0,2,0,2,1,0,18,0,19,6,0,6,25
08/28/2022,VQQ,FL,ASO,ES,Federal Contract Tower,0,0,7,0,7,0,0,8,0,8,0,0,15,0,15,22,0,22,37
08/29/2022,VQQ,FL,ASO,ES,Federal Contract Tower,1,0,28,11,40,0,0,13,18,31,1,0,41,29,71,18,98,116,187
08/30/2022,VQQ,FL,ASO,ES,Federal Contract Tower,7,0,30,14,51,0,0,24,27,51,7,0,54,41,102,88,178,266,368
08/31/2022,VQQ,FL,ASO,ES,Federal Contract Tower,0,0,24,22,46,0,0,22,13,35,0,0,46,35,81,50,48,98,179
09/01/2022,VQQ,FL,ASO,ES,Federal Contract Tower,4,2,12,0,18,0,0,25,18,43,4,2,37,18,61,94,44,138,199
09/02/2022,VQQ,FL,ASO,ES,Federal Contract Tower,0,0,51,0,51,0,0,19,0,19,0,0,70,0,70,81,0,81,151
09/03/2022,VQQ,FL,ASO,ES,Federal Contract Tower,1,0,39,0,40,0,0,11,0,11,1,0,50,0,51,26,0,26,77
09/04/2022,VQQ,FL,ASO,ES,Federal Contract Tower,1,0,6,2,9,0,4,24,0,28,1,4,30,2,37,18,0,18,55
09/05/2022,VQQ,FL,ASO,ES,Federal Contract Tower,0,0,32,0,32,0,0,23,0,23,0,0,55,0,55,162,0,162,217
09/06/2022,VQQ,FL,ASO,ES,Federal Contract Tower,0,2,33,32,67,0,0,40,31,71,0,2,73,63,138,96,84,180,318
09/07/2022,VQQ,FL,ASO,ES,Federal Contract Tower,0,0,32,17,49,0,0,40,40,80,0,0,72,57,129,154,118,272,401
09/08/2022,VQQ,FL,ASO,ES,Federal Contract Tower,0,0,33,5,38,0,0,20,19,39,0,0,53,24,77,96,116,212,289
09/09/2022,VQQ,FL,ASO,ES,Federal Contract Tower,0,0,20,6,26,0,0,16,25,41,0,0,36,31,67,36,128,164,231
09/10/2022,VQQ,FL,ASO,ES,Federal Contract Tower,1,0,14,1,16,0,0,12,0,12,1,0,26,1,28,24,0,24,52
09/11/2022,VQQ,FL,ASO,ES,Federal Contract Tower,0,0,19,1,20,0,0,12,0,12,0,0,31,1,32,44,0,44,76
09/12/2022,VQQ,FL,ASO,ES,Federal Contract Tower,6,0,13,19,38,0,0,11,26,37,6,0,24,45,75,41,114,155,230
09/13/2022,VQQ,FL,ASO,ES,Federal Contract Tower,0,0,40,8,48,0,0,8,21,29,0,0,48,29,77,24,114,138,215
09/14/2022,VQQ,FL,ASO,ES,Federal Contract Tower,2,0,32,26,60,0,0,53,43,96,2,0,85,69,156,150,212,362,518
09/15/2022,VQQ,FL,ASO,ES,Federal Contract Tower,2,0,25,17,44,0,0,34,48,82,2,0,59,65,126,128,106,234,360
09/16/2022,VQQ,FL,ASO,ES,Federal Contract Tower,1,2,33,23,59,0,0,28,40,68,1,2,61,63,127,80,104,184,311
09/17/2022,VQQ,FL,ASO,ES,Federal Contract Tower,0,0,17,4,21,0,0,13,7,20,0,0,30,11,41,44,2,46,87
09/18/2022,VQQ,FL,ASO,ES,Federal Contract Tower,0,0,7,0,7,0,0,2,0,2,0,0,9,0,9,8,0,8,17
09/19/2022,VQQ,FL,ASO,ES,Federal Contract Tower,1,2,39,11,53,0,0,7,4,11,1,2,46,15,64,4,6,10,74
09/20/2022,VQQ,FL,ASO,ES,Federal Contract Tower,1,0,33,29,63,0,0,37,23,60,1,0,70,52,123,146,196,342,465
09/21/2022,VQQ,FL,ASO,ES,Federal Contract Tower,1,0,40,13,54,0,0,28,52,80,1,0,68,65,134,124,168,292,426
09/22/2022,VQQ,FL,ASO,ES,Federal Contract Tower,2,3,35,13,53,0,0,32,45,77,2,3,67,58,130,74,150,224,354
09/23/2022,VQQ,FL,ASO,ES,Federal Contract Tower,1,0,61,4,66,0,0,18,11,29,1,0,79,15,95,86,32,118,213
09/24/2022,VQQ,FL,ASO,ES,Federal Contract Tower,0,0,17,10,27,0,2,33,4,39,0,2,50,14,66,148,14,162,228
09/25/2022,VQQ,FL,ASO,ES,Federal Contract Tower,0,4,26,15,45,0,0,26,1,27,0,4,52,16,72,100,0,100,172
09/26/2022,VQQ,FL,ASO,ES,Federal Contract Tower,0,2,57,18,77,0,0,40,7,47,0,2,97,25,124,178,22,200,324
09/27/2022,VQQ,FL,ASO,ES,Federal Contract Tower,1,3,27,9,40,0,0,19,27,46,1,3,46,36,86,32,2,34,120
09/28/2022,VQQ,FL,ASO,ES,Federal Contract Tower,1,0,2,2,5,0,0,0,0,0,1,0,2,2,5,0,0,0,5
09/29/2022,VQQ,FL,ASO,ES,Federal Contract Tower,0,0,0,0,0,0,0,0,0,0,0,0,0,0,0,0,0,0,0
09/30/2022,VQQ,FL,ASO,ES,Federal Contract Tower,0,0,2,2,4,0,5,2,11,18,0,5,4,13,22,0,0,0,22
10/01/2022,VQQ,FL,ASO,ES,Federal Contract Tower,0,0,13,7,20,0,0,14,4,18,0,0,27,11,38,14,0,14,52
10/02/2022,VQQ,FL,ASO,ES,Federal Contract Tower,1,0,14,0,15,0,0,26,1,27,1,0,40,1,42,104,0,104,146
10/03/2022,VQQ,FL,ASO,ES,Federal Contract Tower,1,0,35,9,45,0,0,29,25,54,1,0,64,34,99,126,40,166,265
10/04/2022,VQQ,FL,ASO,ES,Federal Contract Tower,5,2,38,35,80,2,0,46,35,83,7,2,84,70,163,214,188,402,565
10/05/2022,VQQ,FL,ASO,ES,Federal Contract Tower,1,2,48,19,70,0,0,48,38,86,1,2,96,57,156,204,100,304,460
10/06/2022,VQQ,FL,ASO,ES,Federal Contract Tower,1,2,47,22,72,0,0,60,38,98,1,2,107,60,170,296,68,364,534
10/07/2022,VQQ,FL,ASO,ES,Federal Contract Tower,0,1,24,18,43,0,0,50,12,62,0,1,74,30,105,236,34,270,375
10/08/2022,VQQ,FL,ASO,ES,Federal Contract Tower,0,0,32,2,34,0,2,25,1,28,0,2,57,3,62,92,0,92,154
10/09/2022,VQQ,FL,ASO,ES,Federal Contract Tower,1,0,16,14,31,1,0,31,4,36,2,0,47,18,67,142,0,142,209
10/10/2022,VQQ,FL,ASO,ES,Federal Contract Tower,0,2,56,6,64,0,0,28,1,29,0,2,84,7,93,132,0,132,225
10/11/2022,VQQ,FL,ASO,ES,Federal Contract Tower,2,0,52,19,73,0,0,21,25,46,2,0,73,44,119,136,72,208,327
10/12/2022,VQQ,FL,ASO,ES,Federal Contract Tower,2,3,85,16,106,0,0,15,45,60,2,3,100,61,166,50,226,276,442
10/13/2022,VQQ,FL,ASO,ES,Federal Contract Tower,14,0,66,20,100,0,0,31,29,60,14,0,97,49,160,134,118,252,412
10/14/2022,VQQ,FL,ASO,ES,Federal Contract Tower,1,1,48,13,63,0,0,70,32,102,1,1,118,45,165,262,138,400,565
10/15/2022,VQQ,FL,ASO,ES,Federal Contract Tower,0,1,32,6,39,0,0,43,2,45,0,1,75,8,84,274,4,278,362
10/16/2022,VQQ,FL,ASO,ES,Federal Contract Tower,2,0,16,1,19,0,0,50,5,55,2,0,66,6,74,136,0,136,210
10/17/2022,VQQ,FL,ASO,ES,Federal Contract Tower,1,2,24,13,40,0,0,35,16,51,1,2,59,29,91,72,132,204,295
10/18/2022,VQQ,FL,ASO,ES,Federal Contract Tower,0,2,37,55,94,0,0,60,34,94,0,2,97,89,188,176,164,340,528
10/19/2022,VQQ,FL,ASO,ES,Federal Contract Tower,0,0,55,26,81,0,0,57,38,95,0,0,112,64,176,224,172,396,572
10/20/2022,VQQ,FL,ASO,ES,Federal Contract Tower,0,0,58,15,73,0,0,56,34,90,0,0,114,49,163,168,58,226,389
10/21/2022,VQQ,FL,ASO,ES,Federal Contract Tower,2,5,58,33,98,0,0,60,26,86,2,5,118,59,184,198,64,262,446
10/22/2022,VQQ,FL,ASO,ES,Federal Contract Tower,1,1,50,2,54,0,0,30,2,32,1,1,80,4,86,156,0,156,242
10/23/2022,VQQ,FL,ASO,ES,Federal Contract Tower,3,0,22,11,36,0,0,20,7,27,3,0,42,18,63,78,0,78,141
10/24/2022,VQQ,FL,ASO,ES,Federal Contract Tower,0,0,27,15,42,0,0,33,25,58,0,0,60,40,100,117,86,203,303
10/25/2022,VQQ,FL,ASO,ES,Federal Contract Tower,1,0,42,14,57,0,0,50,36,86,1,0,92,50,143,246,120,366,509
10/26/2022,VQQ,FL,ASO,ES,Federal Contract Tower,2,0,52,19,73,0,0,42,33,75,2,0,94,52,148,190,124,314,462
10/27/2022,VQQ,FL,ASO,ES,Federal Contract Tower,1,0,64,32,97,0,0,60,41,101,1,0,124,73,198,302,92,394,592
10/28/2022,VQQ,FL,ASO,ES,Federal Contract Tower,1,0,66,26,93,0,0,3,8,11,1,0,69,34,104,8,48,56,160
10/29/2022,VQQ,FL,ASO,ES,Federal Contract Tower,0,0,12,0,12,0,0,0,0,0,0,0,12,0,12,0,0,0,12
10/30/2022,VQQ,FL,ASO,ES,Federal Contract Tower,1,0,21,7,29,0,0,2,1,3,1,0,23,8,32,0,0,0,32
10/31/2022,VQQ,FL,ASO,ES,Federal Contract Tower,1,0,29,19,49,0,0,30,18,48,1,0,59,37,97,120,58,178,275
11/01/2022,VQQ,FL,ASO,ES,Federal Contract Tower,4,1,43,19,67,0,0,56,38,94,4,1,99,57,161,296,118,414,575
11/02/2022,VQQ,FL,ASO,ES,Federal Contract Tower,2,0,52,25,79,0,0,55,48,103,2,0,107,73,182,190,148,338,520
11/03/2022,VQQ,FL,ASO,ES,Federal Contract Tower,0,0,86,30,116,0,0,36,44,80,0,0,122,74,196,144,200,344,540
11/04/2022,VQQ,FL,ASO,ES,Federal Contract Tower,0,4,49,14,67,0,0,26,26,52,0,4,75,40,119,110,66,176,295
11/05/2022,VQQ,FL,ASO,ES,Federal Contract Tower,0,2,28,9,39,0,0,26,0,26,0,2,54,9,65,162,0,162,227
11/06/2022,VQQ,FL,ASO,ES,Federal Contract Tower,0,0,17,0,17,0,0,19,0,19,0,0,36,0,36,120,0,120,156
11/07/2022,VQQ,FL,ASO,ES,Federal Contract Tower,0,0,29,23,52,0,0,39,10,49,0,0,68,33,101,172,42,214,315
11/08/2022,VQQ,FL,ASO,ES,Federal Contract Tower,0,1,16,22,39,0,0,17,18,35,0,1,33,40,74,32,117,149,223
11/09/2022,VQQ,FL,ASO,ES,Federal Contract Tower,2,1,10,6,19,0,0,2,11,13,2,1,12,17,32,0,26,26,58
11/10/2022,VQQ,FL,ASO,ES,Federal Contract Tower,1,1,1,0,3,0,0,0,0,0,1,1,1,0,3,0,0,0,3
11/11/2022,VQQ,FL,ASO,ES,Federal Contract Tower,0,0,12,3,15,0,0,2,0,2,0,0,14,3,17,0,0,0,17
11/12/2022,VQQ,FL,ASO,ES,Federal Contract Tower,2,0,51,2,55,0,0,12,4,16,2,0,63,6,71,46,26,72,143
11/13/2022,VQQ,FL,ASO,ES,Federal Contract Tower,0,0,44,0,44,0,0,9,0,9,0,0,53,0,53,26,0,26,79
11/14/2022,VQQ,FL,ASO,ES,Federal Contract Tower,0,2,78,27,107,0,0,37,8,45,0,2,115,35,152,236,34,270,422
11/15/2022,VQQ,FL,ASO,ES,Federal Contract Tower,1,0,52,10,63,0,0,21,34,55,1,0,73,44,118,126,218,344,462
11/16/2022,VQQ,FL,ASO,ES,Federal Contract Tower,2,2,67,20,91,0,0,23,42,65,2,2,90,62,156,100,148,248,404
11/17/2022,VQQ,FL,ASO,ES,Federal Contract Tower,3,2,56,33,94,0,0,55,65,120,3,2,111,98,214,202,294,496,710
11/18/2022,VQQ,FL,ASO,ES,Federal Contract Tower,3,2,72,20,97,0,2,57,31,90,3,4,129,51,187,238,172,410,597
11/19/2022,VQQ,FL,ASO,ES,Federal Contract Tower,0,0,29,2,31,0,0,41,10,51,0,0,70,12,82,196,48,244,326
11/20/2022,VQQ,FL,ASO,ES,Federal Contract Tower,0,2,24,10,36,0,2,17,1,20,0,4,41,11,56,44,0,44,100
11/21/2022,VQQ,FL,ASO,ES,Federal Contract Tower,0,5,48,13,66,0,0,29,28,57,0,5,77,41,123,108,98,206,329
11/22/2022,VQQ,FL,ASO,ES,Federal Contract Tower,1,6,18,10,35,0,0,0,20,20,1,6,18,30,55,0,72,72,127
11/23/2022,VQQ,FL,ASO,ES,Federal Contract Tower,0,0,46,14,60,0,0,0,0,0,0,0,46,14,60,0,0,0,60
11/24/2022,VQQ,FL,ASO,ES,Federal Contract Tower,0,0,0,0,0,0,0,0,0,0,0,0,0,0,0,0,0,0,0
11/25/2022,VQQ,FL,ASO,ES,Federal Contract Tower,1,0,11,4,16,0,0,8,0,8,1,0,19,4,24,32,0,32,56
11/26/2022,VQQ,FL,ASO,ES,Federal Contract Tower,0,0,23,3,26,0,0,3,1,4,0,0,26,4,30,26,0,26,56
11/27/2022,VQQ,FL,ASO,ES,Federal Contract Tower,0,0,14,1,15,0,0,5,2,7,0,0,19,3,22,14,0,14,36
11/28/2022,VQQ,FL,ASO,ES,Federal Contract Tower,0,0,50,18,68,0,0,55,21,76,0,0,105,39,144,160,68,228,372
11/29/2022,VQQ,FL,ASO,ES,Federal Contract Tower,0,3,52,33,88,0,0,67,44,111,0,3,119,77,199,266,162,428,627
11/30/2022,VQQ,FL,ASO,ES,Federal Contract Tower,3,0,43,8,54,0,0,19,27,46,3,0,62,35,100,62,130,192,292
12/01/2022,VQQ,FL,ASO,ES,Federal Contract Tower,2,3,38,20,63,0,2,49,44,95,2,5,87,64,158,140,116,256,414
12/02/2022,VQQ,FL,ASO,ES,Federal Contract Tower,2,0,84,31,117,0,0,59,36,95,2,0,143,67,212,302,58,360,572
12/03/2022,VQQ,FL,ASO,ES,Federal Contract Tower,0,0,43,12,55,0,0,28,7,35,0,0,71,19,90,158,0,158,248
12/04/2022,VQQ,FL,ASO,ES,Federal Contract Tower,0,0,27,13,40,0,0,19,5,24,0,0,46,18,64,134,4,138,202
12/05/2022,VQQ,FL,ASO,ES,Federal Contract Tower,0,1,47,37,85,0,0,32,29,61,0,1,79,66,146,188,166,354,500
12/06/2022,VQQ,FL,ASO,ES,Federal Contract Tower,1,0,62,19,82,0,0,39,26,65,1,0,101,45,147,166,76,242,389
12/07/2022,VQQ,FL,ASO,ES,Federal Contract Tower,0,2,67,31,100,0,0,54,41,95,0,2,121,72,195,174,164,338,533
12/08/2022,VQQ,FL,ASO,ES,Federal Contract Tower,2,0,65,12,79,0,0,48,41,89,2,0,113,53,168,220,228,448,616
12/09/2022,VQQ,FL,ASO,ES,Federal Contract Tower,2,0,76,11,89,2,0,51,32,85,4,0,127,43,174,216,40,256,430
12/10/2022,VQQ,FL,ASO,ES,Federal Contract Tower,0,1,19,18,38,0,0,0,0,0,0,1,19,18,38,0,0,0,38
12/11/2022,VQQ,FL,ASO,ES,Federal Contract Tower,0,2,33,17,52,0,0,14,0,14,0,2,47,17,66,0,0,0,66
12/12/2022,VQQ,FL,ASO,ES,Federal Contract Tower,0,4,58,16,78,0,0,36,29,65,0,4,94,45,143,186,128,314,457
12/13/2022,VQQ,FL,ASO,ES,Federal Contract Tower,4,8,48,30,90,0,2,31,46,79,4,10,79,76,169,240,140,380,549
12/14/2022,VQQ,FL,ASO,ES,Federal Contract Tower,0,0,44,27,71,0,0,43,33,76,0,0,87,60,147,226,170,396,543
12/15/2022,VQQ,FL,ASO,ES,Federal Contract Tower,0,8,40,5,53,0,0,3,20,23,0,8,43,25,76,0,124,124,200
12/16/2022,VQQ,FL,ASO,ES,Federal Contract Tower,0,1,64,17,82,0,0,68,7,75,0,1,132,24,157,320,20,340,497
12/17/2022,VQQ,FL,ASO,ES,Federal Contract Tower,1,0,45,1,47,0,0,28,0,28,1,0,73,1,75,142,0,142,217
12/18/2022,VQQ,FL,ASO,ES,Federal Contract Tower,0,3,17,7,27,0,0,34,4,38,0,3,51,11,65,108,0,108,173
12/19/2022,VQQ,FL,ASO,ES,Federal Contract Tower,1,5,32,12,50,2,0,54,14,70,3,5,86,26,120,178,28,206,326
12/20/2022,VQQ,FL,ASO,ES,Federal Contract Tower,1,2,21,20,44,0,0,0,0,0,1,2,21,20,44,0,2,2,46
12/21/2022,VQQ,FL,ASO,ES,Federal Contract Tower,1,2,16,8,27,0,0,0,0,0,1,2,16,8,27,0,0,0,27
12/22/2022,VQQ,FL,ASO,ES,Federal Contract Tower,2,2,33,2,39,0,0,5,16,21,2,2,38,18,60,8,42,50,110
12/23/2022,VQQ,FL,ASO,ES,Federal Contract Tower,0,2,18,1,21,0,0,7,8,15,0,2,25,9,36,10,16,26,62
12/24/2022,VQQ,FL,ASO,ES,Federal Contract Tower,1,0,2,0,3,0,0,4,0,4,1,0,6,0,7,4,0,4,11
12/25/2022,VQQ,FL,ASO,ES,Federal Contract Tower,0,0,4,0,4,0,0,2,0,2,0,0,6,0,6,0,0,0,6
12/26/2022,VQQ,FL,ASO,ES,Federal Contract Tower,0,0,12,0,12,0,0,17,2,19,0,0,29,2,31,47,8,55,86
12/27/2022,VQQ,FL,ASO,ES,Federal Contract Tower,1,1,26,14,42,0,0,34,21,55,1,1,60,35,97,102,80,182,279
12/28/2022,VQQ,FL,ASO,ES,Federal Contract Tower,1,0,38,32,71,0,0,41,27,68,1,0,79,59,139,138,144,282,421
12/29/2022,VQQ,FL,ASO,ES,Federal Contract Tower,0,1,22,38,61,0,0,22,35,57,0,1,44,73,118,64,144,208,326
12/30/2022,VQQ,FL,ASO,ES,Federal Contract Tower,0,1,17,2,20,0,0,34,8,42,0,1,51,10,62,102,44,146,208
12/31/2022,VQQ,FL,ASO,ES,Federal Contract Tower,0,0,5,0,5,0,0,0,0,0,0,0,5,0,5,0,0,0,5
01/01/2023,VQQ,FL,ASO,ES,Federal Contract Tower,0,2,8,0,10,0,0,0,0,0,0,2,8,0,10,0,0,0,10
01/02/2023,VQQ,FL,ASO,ES,Federal Contract Tower,0,0,12,0,12,0,0,13,0,13,0,0,25,0,25,40,0,40,65
01/03/2023,VQQ,FL,ASO,ES,Federal Contract Tower,3,0,30,18,51,0,0,49,15,64,3,0,79,33,115,160,4,164,279
01/04/2023,VQQ,FL,ASO,ES,Federal Contract Tower,3,2,25,33,63,0,0,4,23,27,3,2,29,56,90,2,52,54,144
01/05/2023,VQQ,FL,ASO,ES,Federal Contract Tower,12,0,45,16,73,0,0,41,28,69,12,0,86,44,142,232,46,278,420
01/06/2023,VQQ,FL,ASO,ES,Federal Contract Tower,1,0,46,23,70,0,2,56,10,68,1,2,102,33,138,294,18,312,450
01/07/2023,VQQ,FL,ASO,ES,Federal Contract Tower,1,0,33,5,39,0,0,43,18,61,1,0,76,23,100,150,0,150,250
01/08/2023,VQQ,FL,ASO,ES,Federal Contract Tower,1,0,37,13,51,0,0,12,1,13,1,0,49,14,64,68,0,68,132
01/09/2023,VQQ,FL,ASO,ES,Federal Contract Tower,0,0,39,22,61,0,0,45,29,74,0,0,84,51,135,160,56,216,351
01/10/2023,VQQ,FL,ASO,ES,Federal Contract Tower,0,0,51,25,76,0,0,59,42,101,0,0,110,67,177,156,96,252,429
01/11/2023,VQQ,FL,ASO,ES,Federal Contract Tower,1,0,27,50,78,0,0,45,56,101,1,0,72,106,179,222,170,392,571
01/12/2023,VQQ,FL,ASO,ES,Federal Contract Tower,0,2,48,38,88,0,0,47,47,94,0,2,95,85,182,192,80,272,454
01/13/2023,VQQ,FL,ASO,ES,Federal Contract Tower,0,0,48,19,67,0,0,15,22,37,0,0,63,41,104,104,44,148,252
01/14/2023,VQQ,FL,ASO,ES,Federal Contract Tower,1,0,31,6,38,0,0,10,3,13,1,0,41,9,51,46,2,48,99
01/15/2023,VQQ,FL,ASO,ES,Federal Contract Tower,0,0,38,3,41,0,0,33,2,35,0,0,71,5,76,132,0,132,208
01/16/2023,VQQ,FL,ASO,ES,Federal Contract Tower,0,1,56,0,57,0,0,45,1,46,0,1,101,1,103,166,0,166,269
01/17/2023,VQQ,FL,ASO,ES,Federal Contract Tower,1,0,45,18,64,0,0,36,33,69,1,0,81,51,133,256,98,354,487
01/18/2023,VQQ,FL,ASO,ES,Federal Contract Tower,4,3,55,31,93,0,0,50,52,102,4,3,105,83,195,300,248,548,743
01/19/2023,VQQ,FL,ASO,ES,Federal Contract Tower,0,0,32,12,44,0,0,39,33,72,0,0,71,45,116,164,88,252,368
01/20/2023,VQQ,FL,ASO,ES,Federal Contract Tower,5,1,25,9,40,0,0,54,30,84,5,1,79,39,124,238,58,296,420
01/21/2023,VQQ,FL,ASO,ES,Federal Contract Tower,0,0,56,6,62,0,0,17,13,30,0,0,73,19,92,46,60,106,198
01/22/2023,VQQ,FL,ASO,ES,Federal Contract Tower,0,0,8,2,10,0,0,8,2,10,0,0,16,4,20,16,0,16,36
01/23/2023,VQQ,FL,ASO,ES,Federal Contract Tower,0,0,53,24,77,0,0,54,16,70,0,0,107,40,147,248,58,306,453
01/24/2023,VQQ,FL,ASO,ES,Federal Contract Tower,0,0,59,4,63,0,0,75,26,101,0,0,134,30,164,346,164,510,674
01/25/2023,VQQ,FL,ASO,ES,Federal Contract Tower,0,0,8,29,37,0,0,2,25,27,0,0,10,54,64,2,108,110,174
01/26/2023,VQQ,FL,ASO,ES,Federal Contract Tower,0,0,54,22,76,0,1,42,24,67,0,1,96,46,143,176,92,268,411
01/27/2023,VQQ,FL,ASO,ES,Federal Contract Tower,7,0,62,38,107,0,0,62,19,81,7,0,124,57,188,330,96,426,614
01/28/2023,VQQ,FL,ASO,ES,Federal Contract Tower,0,0,28,5,33,0,0,39,3,42,0,0,67,8,75,246,4,250,325
01/29/2023,VQQ,FL,ASO,ES,Federal Contract Tower,2,0,24,5,31,0,0,25,0,25,2,0,49,5,56,176,4,180,236
01/30/2023,VQQ,FL,ASO,ES,Federal Contract Tower,0,1,38,35,74,0,0,49,12,61,0,1,87,47,135,260,100,360,495
01/31/2023,VQQ,FL,ASO,ES,Federal Contract Tower,0,0,26,42,68,0,0,27,4,31,0,0,53,46,99,187,124,311,410
02/01/2023,VQQ,FL,ASO,ES,Federal Contract Tower,1,1,37,25,64,0,2,26,67,95,1,3,63,92,159,154,50,204,363
02/02/2023,VQQ,FL,ASO,ES,Federal Contract Tower,1,0,61,51,113,0,2,33,45,80,1,2,94,96,193,138,138,276,469
02/03/2023,VQQ,FL,ASO,ES,Federal Contract Tower,1,0,52,44,97,0,0,0,16,16,1,0,52,60,113,0,4,4,117
02/04/2023,VQQ,FL,ASO,ES,Federal Contract Tower,2,1,40,32,75,0,0,26,5,31,2,1,66,37,106,92,24,116,222
02/05/2023,VQQ,FL,ASO,ES,Federal Contract Tower,3,0,36,49,88,0,0,18,2,20,3,0,54,51,108,102,0,102,210
02/06/2023,VQQ,FL,ASO,ES,Federal Contract Tower,1,0,61,16,78,0,0,86,18,104,1,0,147,34,182,320,34,354,536
02/07/2023,VQQ,FL,ASO,ES,Federal Contract Tower,0,0,54,39,93,0,0,54,21,75,0,0,108,60,168,296,34,330,498
02/08/2023,VQQ,FL,ASO,ES,Federal Contract Tower,3,0,62,21,86,0,0,55,23,78,3,0,117,44,164,330,48,378,542
02/09/2023,VQQ,FL,ASO,ES,Federal Contract Tower,0,4,68,3,75,0,3,53,17,73,0,7,121,20,148,158,54,212,360
02/10/2023,VQQ,FL,ASO,ES,Federal Contract Tower,0,10,24,0,34,0,0,4,4,8,0,10,28,4,42,6,0,6,48
02/11/2023,VQQ,FL,ASO,ES,Federal Contract Tower,0,0,15,0,15,0,0,0,0,0,0,0,15,0,15,0,0,0,15
02/12/2023,VQQ,FL,ASO,ES,Federal Contract Tower,0,0,4,0,4,0,0,0,2,2,0,0,4,2,6,0,0,0,6
02/13/2023,VQQ,FL,ASO,ES,Federal Contract Tower,0,0,37,6,43,0,0,36,10,46,0,0,73,16,89,131,68,199,288
02/14/2023,VQQ,FL,ASO,ES,Federal Contract Tower,0,0,61,14,75,0,0,39,28,67,0,0,100,42,142,239,121,360,502
02/15/2023,VQQ,FL,ASO,ES,Federal Contract Tower,1,2,37,8,48,0,1,66,61,128,1,3,103,69,176,360,178,538,714
02/16/2023,VQQ,FL,ASO,ES,Federal Contract Tower,5,3,49,16,73,0,0,60,30,90,5,3,109,46,163,300,136,436,599
02/17/2023,VQQ,FL,ASO,ES,Federal Contract Tower,1,2,31,24,58,0,0,25,19,44,1,2,56,43,102,56,86,142,244
02/18/2023,VQQ,FL,ASO,ES,Federal Contract Tower,1,0,40,6,47,0,2,83,9,94,1,2,123,15,141,82,16,98,239
02/19/2023,VQQ,FL,ASO,ES,Federal Contract Tower,0,0,20,3,23,0,0,18,0,18,0,0,38,3,41,68,0,68,109
02/20/2023,VQQ,FL,ASO,ES,Federal Contract Tower,0,3,33,2,38,0,2,37,2,41,0,5,70,4,79,150,8,158,237
02/21/2023,VQQ,FL,ASO,ES,Federal Contract Tower,0,2,51,11,64,0,0,17,19,36,0,2,68,30,100,44,36,80,180
02/22/2023,VQQ,FL,ASO,ES,Federal Contract Tower,0,0,57,43,100,0,0,25,51,76,0,0,82,94,176,96,178,274,450
02/23/2023,VQQ,FL,ASO,ES,Federal Contract Tower,1,0,44,26,71,0,0,40,48,88,1,0,84,74,159,176,230,406,565
02/24/2023,VQQ,FL,ASO,ES,Federal Contract Tower,7,0,78,30,115,0,0,21,34,55,7,0,99,64,170,106,26,132,302
02/25/2023,VQQ,FL,ASO,ES,Federal Contract Tower,0,1,41,8,50,0,0,36,5,41,0,1,77,13,91,234,18,252,343
02/26/2023,VQQ,FL,ASO,ES,Federal Contract Tower,3,3,9,11,26,0,0,15,2,17,3,3,24,13,43,22,12,34,77
02/27/2023,VQQ,FL,ASO,ES,Federal Contract Tower,2,1,30,25,58,0,2,37,26,65,2,3,67,51,123,84,144,228,351
02/28/2023,VQQ,FL,ASO,ES,Federal Contract Tower,1,3,46,9,59,0,0,24,43,67,1,3,70,52,126,132,146,278,404
03/01/2023,VQQ,FL,ASO,ES,Federal Contract Tower,4,3,24,32,63,0,2,57,64,123,4,5,81,96,186,371,87,458,644
03/02/2023,VQQ,FL,ASO,ES,Federal Contract Tower,0,0,37,13,50,0,0,54,68,122,0,0,91,81,172,170,90,260,432
03/03/2023,VQQ,FL,ASO,ES,Federal Contract Tower,0,2,19,34,55,0,0,23,62,85,0,2,42,96,140,172,40,212,352
03/04/2023,VQQ,FL,ASO,ES,Federal Contract Tower,0,0,12,1,13,0,0,3,0,3,0,0,15,1,16,10,0,10,26
03/05/2023,VQQ,FL,ASO,ES,Federal Contract Tower,0,0,16,2,18,0,0,32,4,36,0,0,48,6,54,112,0,112,166
03/06/2023,VQQ,FL,ASO,ES,Federal Contract Tower,0,0,41,11,52,0,0,32,48,80,0,0,73,59,132,186,82,268,400
03/07/2023,VQQ,FL,ASO,ES,Federal Contract Tower,5,0,28,9,42,0,0,21,82,103,5,0,49,91,145,104,72,176,321
03/08/2023,VQQ,FL,ASO,ES,Federal Contract Tower,0,1,39,9,49,0,0,31,51,82,0,1,70,60,131,64,84,148,279
03/09/2023,VQQ,FL,ASO,ES,Federal Contract Tower,2,0,59,32,93,0,0,96,41,137,2,0,155,73,230,374,64,438,668
03/10/2023,VQQ,FL,ASO,ES,Federal Contract Tower,2,0,40,12,54,0,0,48,19,67,2,0,88,31,121,166,48,214,335
03/11/2023,VQQ,FL,ASO,ES,Federal Contract Tower,1,0,27,7,35,0,0,42,2,44,1,0,69,9,79,164,0,164,243
03/12/2023,VQQ,FL,ASO,ES,Federal Contract Tower,0,0,26,7,33,0,0,13,0,13,0,0,39,7,46,34,0,34,80
03/13/2023,VQQ,FL,ASO,ES,Federal Contract Tower,0,0,15,3,18,0,0,1,9,10,0,0,16,12,28,0,60,60,88
03/14/2023,VQQ,FL,ASO,ES,Federal Contract Tower,1,2,40,29,72,0,0,54,33,87,1,2,94,62,159,222,166,388,547
03/15/2023,VQQ,FL,ASO,ES,Federal Contract Tower,0,0,23,14,37,0,0,47,27,74,0,0,70,41,111,206,134,340,451
03/16/2023,VQQ,FL,ASO,ES,Federal Contract Tower,0,0,34,22,56,0,0,96,11,107,0,0,130,33,163,368,36,404,567
03/17/2023,VQQ,FL,ASO,ES,Federal Contract Tower,6,0,46,28,80,0,0,33,14,47,6,0,79,42,127,142,52,194,321
03/18/2023,VQQ,FL,ASO,ES,Federal Contract Tower,2,0,2,4,8,0,0,0,14,14,2,0,2,18,22,0,0,0,22
03/19/2023,VQQ,FL,ASO,ES,Federal Contract Tower,2,0,19,4,25,0,0,40,0,40,2,0,59,4,65,174,0,174,239
03/20/2023,VQQ,FL,ASO,ES,Federal Contract Tower,2,0,73,37,112,0,0,66,49,115,2,0,139,86,227,182,4,186,413
03/21/2023,VQQ,FL,ASO,ES,Federal Contract Tower,2,0,53,49,104,0,0,43,60,103,2,0,96,109,207,277,153,430,637
03/22/2023,VQQ,FL,ASO,ES,Federal Contract Tower,5,0,59,36,100,0,1,31,59,91,5,1,90,95,191,164,102,266,457
03/23/2023,VQQ,FL,ASO,ES,Federal Contract Tower,0,6,41,36,83,0,0,58,70,128,0,6,99,106,211,284,52,336,547
03/24/2023,VQQ,FL,ASO,ES,Federal Contract Tower,2,0,59,21,82,0,0,51,47,98,2,0,110,68,180,226,10,236,416
03/25/2023,VQQ,FL,ASO,ES,Federal Contract Tower,2,0,53,19,74,0,0,18,26,44,2,0,71,45,118,76,70,146,264
03/26/2023,VQQ,FL,ASO,ES,Federal Contract Tower,0,0,25,2,27,0,0,17,5,22,0,0,42,7,49,44,0,44,93
03/27/2023,VQQ,FL,ASO,ES,Federal Contract Tower,6,0,48,32,86,0,0,19,44,63,6,0,67,76,149,93,51,144,293
03/28/2023,VQQ,FL,ASO,ES,Federal Contract Tower,0,2,38,28,68,0,0,6,17,23,0,2,44,45,91,14,54,68,159
03/29/2023,VQQ,FL,ASO,ES,Federal Contract Tower,0,1,74,44,119,0,0,44,65,109,0,1,118,109,228,210,118,328,556
03/30/2023,VQQ,FL,ASO,ES,Federal Contract Tower,0,0,81,17,98,0,0,58,53,111,0,0,139,70,209,260,110,370,579
03/31/2023,VQQ,FL,ASO,ES,Federal Contract Tower,2,0,65,15,82,0,0,46,42,88,2,0,111,57,170,336,30,366,536
04/01/2023,VQQ,FL,ASO,ES,Federal Contract Tower,0,0,32,6,38,0,0,17,7,24,0,0,49,13,62,56,24,80,142
04/02/2023,VQQ,FL,ASO,ES,Federal Contract Tower,4,0,24,6,34,0,0,17,0,17,4,0,41,6,51,52,0,52,103
04/03/2023,VQQ,FL,ASO,ES,Federal Contract Tower,0,1,25,4,30,0,0,27,4,31,0,1,52,8,61,200,60,260,321
04/04/2023,VQQ,FL,ASO,ES,Federal Contract Tower,2,0,63,11,76,0,0,14,33,47,2,0,77,44,123,45,167,212,335
04/05/2023,VQQ,FL,ASO,ES,Federal Contract Tower,2,1,53,8,64,0,0,48,33,81,2,1,101,41,145,276,86,362,507
04/06/2023,VQQ,FL,ASO,ES,Federal Contract Tower,3,2,55,10,70,0,0,30,28,58,3,2,85,38,128,202,114,316,444
04/07/2023,VQQ,FL,ASO,ES,Federal Contract Tower,0,0,52,10,62,0,0,38,22,60,0,0,90,32,122,148,26,174,296
04/09/2023,VQQ,FL,ASO,ES,Federal Contract Tower,0,1,4,3,8,0,0,0,0,0,0,1,4,3,8,0,0,0,8
04/10/2023,VQQ,FL,ASO,ES,Federal Contract Tower,2,0,12,30,44,0,0,4,13,17,2,0,16,43,61,30,78,108,169
04/11/2023,VQQ,FL,ASO,ES,Federal Contract Tower,2,0,31,10,43,0,0,8,35,43,2,0,39,45,86,27,30,57,143
04/12/2023,VQQ,FL,ASO,ES,Federal Contract Tower,0,0,42,10,52,0,0,45,30,75,0,0,87,40,127,151,86,237,364
04/13/2023,VQQ,FL,ASO,ES,Federal Contract Tower,0,4,25,38,67,0,0,11,20,31,0,4,36,58,98,60,136,196,294
04/14/2023,VQQ,FL,ASO,ES,Federal Contract Tower,2,2,58,27,89,0,0,38,29,67,2,2,96,56,156,242,94,336,492
04/15/2023,VQQ,FL,ASO,ES,Federal Contract Tower,0,0,23,4,27,0,0,37,2,39,0,0,60,6,66,268,0,268,334
04/16/2023,VQQ,FL,ASO,ES,Federal Contract Tower,0,0,29,0,29,0,0,2,2,4,0,0,31,2,33,34,0,34,67
04/17/2023,VQQ,FL,ASO,ES,Federal Contract Tower,1,0,69,10,80,0,0,40,14,54,1,0,109,24,134,230,18,248,382
04/18/2023,VQQ,FL,ASO,ES,Federal Contract Tower,0,4,78,14,96,0,0,60,42,102,0,4,138,56,198,194,156,350,548
04/19/2023,VQQ,FL,ASO,ES,Federal Contract Tower,1,0,61,16,78,0,0,62,41,103,1,0,123,57,181,312,128,440,621
04/20/2023,VQQ,FL,ASO,ES,Federal Contract Tower,4,1,45,13,63,0,0,48,21,69,4,1,93,34,132,162,28,190,322
04/21/2023,VQQ,FL,ASO,ES,Federal Contract Tower,0,4,55,40,99,0,0,52,16,68,0,4,107,56,167,150,80,230,397
04/22/2023,VQQ,FL,ASO,ES,Federal Contract Tower,0,0,31,5,36,0,0,32,3,35,0,0,63,8,71,120,0,120,191
04/23/2023,VQQ,FL,ASO,ES,Federal Contract Tower,4,0,12,9,25,0,0,22,1,23,4,0,34,10,48,52,0,52,100
04/24/2023,VQQ,FL,ASO,ES,Federal Contract Tower,1,3,60,19,83,0,0,53,15,68,1,3,113,34,151,252,44,296,447
04/25/2023,VQQ,FL,ASO,ES,Federal Contract Tower,2,7,44,20,73,0,0,39,27,66,2,7,83,47,139,166,114,280,419
04/26/2023,VQQ,FL,ASO,ES,Federal Contract Tower,0,1,42,20,63,0,0,42,23,65,0,1,84,43,128,164,70,234,362
04/27/2023,VQQ,FL,ASO,ES,Federal Contract Tower,2,1,42,14,59,0,0,19,15,34,2,1,61,29,93,102,60,162,255
04/28/2023,VQQ,FL,ASO,ES,Federal Contract Tower,2,2,41,5,50,0,0,23,19,42,2,2,64,24,92,48,38,86,178
04/29/2023,VQQ,FL,ASO,ES,Federal Contract Tower,0,0,11,3,14,0,0,8,2,10,0,0,19,5,24,42,12,54,78
04/30/2023,VQQ,FL,ASO,ES,Federal Contract Tower,2,0,13,3,18,0,0,3,0,3,2,0,16,3,21,0,0,0,21
05/01/2023,VQQ,FL,ASO,ES,Federal Contract Tower,0,2,27,9,38,0,0,15,11,26,0,2,42,20,64,32,20,52,116
05/02/2023,VQQ,FL,ASO,ES,Federal Contract Tower,3,0,64,31,98,0,0,39,15,54,3,0,103,46,152,238,78,316,468
05/03/2023,VQQ,FL,ASO,ES,Federal Contract Tower,2,0,59,13,74,3,0,33,28,64,5,0,92,41,138,94,284,378,516
05/04/2023,VQQ,FL,ASO,ES,Federal Contract Tower,0,0,48,34,82,0,0,62,25,87,0,0,110,59,169,276,68,344,513
05/05/2023,VQQ,FL,ASO,ES,Federal Contract Tower,2,0,56,7,65,0,0,54,24,78,2,0,110,31,143,234,80,314,457
05/06/2023,VQQ,FL,ASO,ES,Federal Contract Tower,0,0,33,6,39,0,0,3,7,10,0,0,36,13,49,2,56,58,107
05/07/2023,VQQ,FL,ASO,ES,Federal Contract Tower,0,0,12,2,14,0,0,20,1,21,0,0,32,3,35,100,0,100,135
05/08/2023,VQQ,FL,ASO,ES,Federal Contract Tower,4,0,54,12,70,0,0,50,17,67,4,0,104,29,137,172,70,242,379
05/09/2023,VQQ,FL,ASO,ES,Federal Contract Tower,6,0,44,12,62,0,0,49,41,90,6,0,93,53,152,230,283,513,665
05/10/2023,VQQ,FL,ASO,ES,Federal Contract Tower,6,0,36,26,68,0,0,29,10,39,6,0,65,36,107,156,56,212,319
05/11/2023,VQQ,FL,ASO,ES,Federal Contract Tower,1,0,81,22,104,0,0,38,22,60,1,0,119,44,164,222,86,308,472
05/12/2023,VQQ,FL,ASO,ES,Federal Contract Tower,0,4,35,27,66,0,0,17,17,34,0,4,52,44,100,54,88,142,242
05/13/2023,VQQ,FL,ASO,ES,Federal Contract Tower,0,0,16,1,17,0,0,18,0,18,0,0,34,1,35,52,0,52,87
05/14/2023,VQQ,FL,ASO,ES,Federal Contract Tower,2,0,19,0,21,0,0,16,0,16,2,0,35,0,37,42,0,42,79
05/15/2023,VQQ,FL,ASO,ES,Federal Contract Tower,0,0,61,33,94,0,0,65,13,78,0,0,126,46,172,262,182,444,616
05/16/2023,VQQ,FL,ASO,ES,Federal Contract Tower,1,0,32,15,48,0,0,37,35,72,1,0,69,50,120,239,112,351,471
05/17/2023,VQQ,FL,ASO,ES,Federal Contract Tower,2,0,19,12,33,0,0,11,33,44,2,0,30,45,77,32,86,118,195
05/18/2023,VQQ,FL,ASO,ES,Federal Contract Tower,0,0,61,18,79,0,0,27,34,61,0,0,88,52,140,76,220,296,436
05/19/2023,VQQ,FL,ASO,ES,Federal Contract Tower,0,0,57,16,73,0,0,5,16,21,0,0,62,32,94,8,34,42,136
05/20/2023,VQQ,FL,ASO,ES,Federal Contract Tower,2,0,31,2,35,0,0,39,4,43,2,0,70,6,78,164,0,164,242
05/21/2023,VQQ,FL,ASO,ES,Federal Contract Tower,0,4,20,2,26,0,0,31,0,31,0,4,51,2,57,156,0,156,213
05/22/2023,VQQ,FL,ASO,ES,Federal Contract Tower,0,0,16,2,18,0,0,2,6,8,0,0,18,8,26,4,50,54,80
05/23/2023,VQQ,FL,ASO,ES,Federal Contract Tower,0,0,26,16,42,0,0,25,27,52,0,0,51,43,94,52,146,198,292
05/24/2023,VQQ,FL,ASO,ES,Federal Contract Tower,1,4,32,10,47,0,0,8,35,43,1,4,40,45,90,60,136,196,286
05/25/2023,VQQ,FL,ASO,ES,Federal Contract Tower,0,0,100,3,103,0,0,51,27,78,0,0,151,30,181,248,130,378,559
05/26/2023,VQQ,FL,ASO,ES,Federal Contract Tower,1,2,24,0,27,0,0,4,0,4,1,2,28,0,31,24,0,24,55
05/27/2023,VQQ,FL,ASO,ES,Federal Contract Tower,2,0,23,4,29,0,0,13,1,14,2,0,36,5,43,66,0,66,109
05/28/2023,VQQ,FL,ASO,ES,Federal Contract Tower,0,0,34,3,37,0,0,23,0,23,0,0,57,3,60,88,0,88,148
05/29/2023,VQQ,FL,ASO,ES,Federal Contract Tower,0,0,54,0,54,0,0,41,5,46,0,0,95,5,100,134,0,134,234
05/30/2023,VQQ,FL,ASO,ES,Federal Contract Tower,1,0,76,22,99,0,0,46,23,69,1,0,122,45,168,227,11,238,406
05/31/2023,VQQ,FL,ASO,ES,Federal Contract Tower,0,0,56,16,72,0,0,52,50,102,0,0,108,66,174,254,238,492,666
06/01/2023,VQQ,FL,ASO,ES,Federal Contract Tower,3,0,84,30,117,0,0,22,35,57,3,0,106,65,174,90,272,362,536
06/02/2023,VQQ,FL,ASO,ES,Federal Contract Tower,0,0,65,9,74,0,0,31,18,49,0,0,96,27,123,120,130,250,373
06/03/2023,VQQ,FL,ASO,ES,Federal Contract Tower,2,0,27,0,29,0,0,5,0,5,2,0,32,0,34,20,0,20,54
06/04/2023,VQQ,FL,ASO,ES,Federal Contract Tower,1,0,17,0,18,0,0,0,0,0,1,0,17,0,18,0,0,0,18
06/05/2023,VQQ,FL,ASO,ES,Federal Contract Tower,0,4,43,6,53,0,0,71,9,80,0,4,114,15,133,282,48,330,463
06/06/2023,VQQ,FL,ASO,ES,Federal Contract Tower,0,0,38,5,43,0,0,65,43,108,0,0,103,48,151,314,260,574,725
06/07/2023,VQQ,FL,ASO,ES,Federal Contract Tower,1,0,48,21,70,0,0,43,36,79,1,0,91,57,149,256,128,384,533
06/08/2023,VQQ,FL,ASO,ES,Federal Contract Tower,0,0,32,9,41,0,0,60,43,103,0,0,92,52,144,204,148,352,496
06/09/2023,VQQ,FL,ASO,ES,Federal Contract Tower,0,0,43,8,51,0,0,35,15,50,0,0,78,23,101,100,52,152,253
06/10/2023,VQQ,FL,ASO,ES,Federal Contract Tower,0,0,17,9,26,0,0,7,1,8,0,0,24,10,34,10,4,14,48
06/11/2023,VQQ,FL,ASO,ES,Federal Contract Tower,0,0,28,3,31,0,0,26,0,26,0,0,54,3,57,112,2,114,171
06/12/2023,VQQ,FL,ASO,ES,Federal Contract Tower,0,0,23,5,28,0,0,45,26,71,0,0,68,31,99,206,48,254,353
06/13/2023,VQQ,FL,ASO,ES,Federal Contract Tower,0,0,29,20,49,0,0,15,20,35,0,0,44,40,84,54,46,100,184
06/14/2023,VQQ,FL,ASO,ES,Federal Contract Tower,1,0,42,14,57,0,0,23,30,53,1,0,65,44,110,126,198,324,434
06/15/2023,VQQ,FL,ASO,ES,Federal Contract Tower,0,0,12,5,17,0,0,27,6,33,0,0,39,11,50,148,24,172,222
06/16/2023,VQQ,FL,ASO,ES,Federal Contract Tower,3,1,22,5,31,0,0,17,8,25,3,1,39,13,56,46,38,84,140
06/17/2023,VQQ,FL,ASO,ES,Federal Contract Tower,0,0,6,0,6,0,0,9,0,9,0,0,15,0,15,20,0,20,35
06/18/2023,VQQ,FL,ASO,ES,Federal Contract Tower,2,0,19,0,21,0,0,24,0,24,2,0,43,0,45,128,0,128,173
06/19/2023,VQQ,FL,ASO,ES,Federal Contract Tower,0,0,21,0,21,0,0,51,0,51,0,0,72,0,72,116,0,116,188
06/20/2023,VQQ,FL,ASO,ES,Federal Contract Tower,0,2,20,8,30,0,2,19,17,38,0,4,39,25,68,62,70,132,200
06/21/2023,VQQ,FL,ASO,ES,Federal Contract Tower,0,0,18,11,29,0,0,11,29,40,0,0,29,40,69,80,160,240,309
06/22/2023,VQQ,FL,ASO,ES,Federal Contract Tower,5,0,21,21,47,2,0,12,30,44,7,0,33,51,91,50,80,130,221
06/23/2023,VQQ,FL,ASO,ES,Federal Contract Tower,0,0,17,8,25,0,0,22,20,42,0,0,39,28,67,34,60,94,161
06/24/2023,VQQ,FL,ASO,ES,Federal Contract Tower,1,0,20,0,21,0,0,23,6,29,1,0,43,6,50,54,6,60,110
06/25/2023,VQQ,FL,ASO,ES,Federal Contract Tower,1,0,14,5,20,0,0,30,2,32,1,0,44,7,52,108,6,114,166
06/26/2023,VQQ,FL,ASO,ES,Federal Contract Tower,1,0,45,13,59,0,0,40,17,57,1,0,85,30,116,170,80,250,366
06/27/2023,VQQ,FL,ASO,ES,Federal Contract Tower,2,0,29,21,52,2,0,17,27,46,4,0,46,48,98,112,102,214,312
06/28/2023,VQQ,FL,ASO,ES,Federal Contract Tower,1,0,47,14,62,0,0,35,31,66,1,0,82,45,128,106,132,238,366
06/29/2023,VQQ,FL,ASO,ES,Federal Contract Tower,0,2,75,24,101,0,0,73,24,97,0,2,148,48,198,218,40,258,456
06/30/2023,VQQ,FL,ASO,ES,Federal Contract Tower,0,0,32,2,34,0,0,24,11,35,0,0,56,13,69,88,38,126,195
07/01/2023,VQQ,FL,ASO,ES,Federal Contract Tower,0,0,33,4,37,0,0,34,0,34,0,0,67,4,71,98,0,98,169
07/02/2023,VQQ,FL,ASO,ES,Federal Contract Tower,0,2,6,0,8,0,0,33,0,33,0,2,39,0,41,84,0,84,125
07/03/2023,VQQ,FL,ASO,ES,Federal Contract Tower,0,0,33,0,33,0,0,36,0,36,0,0,69,0,69,134,0,134,203
07/04/2023,VQQ,FL,ASO,ES,Federal Contract Tower,0,0,8,2,10,0,0,26,1,27,0,0,34,3,37,60,2,62,99
07/05/2023,VQQ,FL,ASO,ES,Federal Contract Tower,0,0,36,13,49,0,0,27,32,59,0,0,63,45,108,130,80,210,318
07/06/2023,VQQ,FL,ASO,ES,Federal Contract Tower,0,0,21,27,48,0,0,40,17,57,0,0,61,44,105,118,138,256,361
07/07/2023,VQQ,FL,ASO,ES,Federal Contract Tower,0,0,27,21,48,0,0,34,19,53,0,0,61,40,101,166,84,250,351
07/08/2023,VQQ,FL,ASO,ES,Federal Contract Tower,2,0,14,1,17,0,0,30,0,30,2,0,44,1,47,112,0,112,159
07/09/2023,VQQ,FL,ASO,ES,Federal Contract Tower,0,0,6,1,7,0,0,13,0,13,0,0,19,1,20,58,0,58,78
07/10/2023,VQQ,FL,ASO,ES,Federal Contract Tower,0,0,17,1,18,0,0,16,20,36,0,0,33,21,54,40,58,98,152
07/11/2023,VQQ,FL,ASO,ES,Federal Contract Tower,0,0,29,7,36,0,0,16,32,48,0,0,45,39,84,57,52,109,193
07/12/2023,VQQ,FL,ASO,ES,Federal Contract Tower,0,1,32,16,49,0,0,52,16,68,0,1,84,32,117,174,88,262,379
07/13/2023,VQQ,FL,ASO,ES,Federal Contract Tower,0,0,22,9,31,0,0,36,8,44,0,0,58,17,75,180,6,186,261
07/14/2023,VQQ,FL,ASO,ES,Federal Contract Tower,0,0,42,11,53,0,0,39,4,43,0,0,81,15,96,204,0,204,300
07/15/2023,VQQ,FL,ASO,ES,Federal Contract Tower,1,2,2,6,11,0,0,26,0,26,1,2,28,6,37,80,0,80,117
07/16/2023,VQQ,FL,ASO,ES,Federal Contract Tower,0,0,26,0,26,0,0,3,1,4,0,0,29,1,30,6,0,6,36
07/17/2023,VQQ,FL,ASO,ES,Federal Contract Tower,0,0,17,14,31,0,0,18,14,32,0,0,35,28,63,78,60,138,201
07/18/2023,VQQ,FL,ASO,ES,Federal Contract Tower,3,4,44,16,67,0,0,31,28,59,3,4,75,44,126,102,124,226,352
07/19/2023,VQQ,FL,ASO,ES,Federal Contract Tower,0,2,60,9,71,0,0,58,20,78,0,2,118,29,149,242,128,370,519
07/20/2023,VQQ,FL,ASO,ES,Federal Contract Tower,0,0,16,26,42,0,0,67,30,97,0,0,83,56,139,342,88,430,569
07/21/2023,VQQ,FL,ASO,ES,Federal Contract Tower,1,0,66,24,91,0,0,49,26,75,1,0,115,50,166,222,52,274,440
07/22/2023,VQQ,FL,ASO,ES,Federal Contract Tower,2,1,16,5,24,0,0,21,1,22,2,1,37,6,46,72,0,72,118
07/23/2023,VQQ,FL,ASO,ES,Federal Contract Tower,0,0,7,0,7,0,0,11,0,11,0,0,18,0,18,30,0,30,48
07/24/2023,VQQ,FL,ASO,ES,Federal Contract Tower,0,0,15,1,16,0,0,33,16,49,0,0,48,17,65,174,56,230,295
07/25/2023,VQQ,FL,ASO,ES,Federal Contract Tower,2,0,16,9,27,0,0,19,56,75,2,0,35,65,102,62,230,292,394
07/26/2023,VQQ,FL,ASO,ES,Federal Contract Tower,0,0,58,28,86,0,0,79,36,115,0,0,137,64,201,310,142,452,653
07/27/2023,VQQ,FL,ASO,ES,Federal Contract Tower,0,0,62,15,77,0,0,50,30,80,0,0,112,45,157,122,140,262,419
07/28/2023,VQQ,FL,ASO,ES,Federal Contract Tower,0,0,24,13,37,0,0,4,24,28,0,0,28,37,65,2,70,72,137
07/29/2023,VQQ,FL,ASO,ES,Federal Contract Tower,0,2,15,2,19,0,0,16,5,21,0,2,31,7,40,36,0,36,76
07/30/2023,VQQ,FL,ASO,ES,Federal Contract Tower,0,0,23,3,26,0,0,21,2,23,0,0,44,5,49,50,0,50,99
07/31/2023,VQQ,FL,ASO,ES,Federal Contract Tower,2,0,39,3,44,0,0,28,15,43,2,0,67,18,87,122,60,182,269
08/01/2023,VQQ,FL,ASO,ES,Federal Contract Tower,6,0,60,6,72,0,0,43,25,68,6,0,103,31,140,121,94,215,355
08/02/2023,VQQ,FL,ASO,ES,Federal Contract Tower,2,0,18,8,28,0,0,59,42,101,2,0,77,50,129,202,138,340,469
08/03/2023,VQQ,FL,ASO,ES,Federal Contract Tower,3,0,47,16,66,0,2,53,31,86,3,2,100,47,152,170,48,218,370
08/04/2023,VQQ,FL,ASO,ES,Federal Contract Tower,0,0,24,8,32,0,0,28,4,32,0,0,52,12,64,66,10,76,140
08/05/2023,VQQ,FL,ASO,ES,Federal Contract Tower,0,2,32,14,48,0,0,21,3,24,0,2,53,17,72,72,0,72,144
08/06/2023,VQQ,FL,ASO,ES,Federal Contract Tower,0,0,27,18,45,0,0,25,14,39,0,0,52,32,84,68,2,70,154
08/07/2023,VQQ,FL,ASO,ES,Federal Contract Tower,0,2,24,14,40,0,0,52,45,97,0,2,76,59,137,168,24,192,329
08/08/2023,VQQ,FL,ASO,ES,Federal Contract Tower,1,0,48,40,89,0,0,30,28,58,1,0,78,68,147,86,164,250,397
08/09/2023,VQQ,FL,ASO,ES,Federal Contract Tower,0,0,41,49,90,0,0,68,32,100,0,0,109,81,190,274,124,398,588
08/10/2023,VQQ,FL,ASO,ES,Federal Contract Tower,0,0,44,54,98,0,0,29,29,58,0,0,73,83,156,142,86,228,384
08/11/2023,VQQ,FL,ASO,ES,Federal Contract Tower,0,0,39,37,76,0,0,49,21,70,0,0,88,58,146,170,50,220,366
08/12/2023,VQQ,FL,ASO,ES,Federal Contract Tower,0,0,45,2,47,0,0,10,0,10,0,0,55,2,57,16,0,16,73
08/13/2023,VQQ,FL,ASO,ES,Federal Contract Tower,0,0,24,4,28,0,0,37,2,39,0,0,61,6,67,120,0,120,187
08/14/2023,VQQ,FL,ASO,ES,Federal Contract Tower,0,4,16,11,31,0,0,34,16,50,0,4,50,27,81,158,62,220,301
08/15/2023,VQQ,FL,ASO,ES,Federal Contract Tower,2,0,25,3,30,0,0,30,13,43,2,0,55,16,73,104,82,186,259
08/16/2023,VQQ,FL,ASO,ES,Federal Contract Tower,0,0,37,11,48,0,0,39,31,70,0,0,76,42,118,178,130,308,426
08/17/2023,VQQ,FL,ASO,ES,Federal Contract Tower,0,0,29,10,39,0,0,22,20,42,0,0,51,30,81,96,98,194,275
08/18/2023,VQQ,FL,ASO,ES,Federal Contract Tower,0,0,43,16,59,0,0,62,20,82,0,0,105,36,141,308,30,338,479
08/19/2023,VQQ,FL,ASO,ES,Federal Contract Tower,0,0,29,1,30,0,0,37,4,41,0,0,66,5,71,136,0,136,207
08/20/2023,VQQ,FL,ASO,ES,Federal Contract Tower,0,0,14,1,15,0,0,0,3,3,0,0,14,4,18,0,0,0,18
08/21/2023,VQQ,FL,ASO,ES,Federal Contract Tower,3,0,31,6,40,2,0,36,28,66,5,0,67,34,106,134,78,212,318
08/22/2023,VQQ,FL,ASO,ES,Federal Contract Tower,0,2,32,15,49,0,2,31,37,70,0,4,63,52,119,104,188,292,411
08/23/2023,VQQ,FL,ASO,ES,Federal Contract Tower,0,0,33,33,66,0,0,39,28,67,0,0,72,61,133,140,102,242,375
08/24/2023,VQQ,FL,ASO,ES,Federal Contract Tower,4,0,26,12,42,0,0,48,40,88,4,0,74,52,130,230,198,428,558
08/25/2023,VQQ,FL,ASO,ES,Federal Contract Tower,0,0,48,25,73,0,2,32,21,55,0,2,80,46,128,206,68,274,402
08/26/2023,VQQ,FL,ASO,ES,Federal Contract Tower,0,0,5,0,5,0,0,27,11,38,0,0,32,11,43,78,4,82,125
08/27/2023,VQQ,FL,ASO,ES,Federal Contract Tower,0,0,8,15,23,0,0,39,4,43,0,0,47,19,66,92,22,114,180
08/28/2023,VQQ,FL,ASO,ES,Federal Contract Tower,1,0,17,1,19,0,0,24,25,49,1,0,41,26,68,150,56,206,274
08/29/2023,VQQ,FL,ASO,ES,Federal Contract Tower,1,0,22,23,46,0,0,39,10,49,1,0,61,33,95,114,4,118,213
08/30/2023,VQQ,FL,ASO,ES,Federal Contract Tower,0,0,0,0,0,0,0,0,0,0,0,0,0,0,0,0,0,0,0
08/31/2023,VQQ,FL,ASO,ES,Federal Contract Tower,0,0,32,5,37,0,0,36,14,50,0,0,68,19,87,142,10,152,239
